0,0.247792042791843,0.108765236288309,0,0.128318667411804,0,0,0,0.152225304958788,0.26321117579937,0,0,0,0,0.168654989789833,0,0.291798130824016,0,0.300616311530272,0,0,0,0,0,0,0,0,0,0,0,0,0,0,0,0,0,0.402429491281509,0,0,0,0.368876611305909,0.269927336661904,0.269313873704707,0,0,0,0.362484025030301,0,0.146021697912123,0.285482260088126,0,0,0,0,0.188321199919896,0,0.233118396033259,0,0.189448572695255,0,0.171866325350081,0,0,0.353746627767881,0,0,0.29360032081604,0.20535571873188,0,0,0,0,0,0.321198850870132,0,0,0,0,0.287943571805954,0.390941239387617,0,0,0.282777272495959,0,0.26949341002331,0,0.21464721302488
0.247792042791843,0,0,0.20453149102854,0,0.126819500759725,0,0,0.245660558342934,0.193505564685799,0,0,0,0,0,0.201417914845727,0.2686368227005,0.35505111515522,0.363323217346555,0.385324150323868,0,0,0,0,0,0,0,0,0,0,0,0,0,0,0,0.375120282173157,0,0.299211658537388,0,0.336177223402521,0,0.302795007211533,0.270159874111414,0,0,0.332735312933272,0,0,0.306267589330673,0.172511980083643,0,0,0,0,0.217507317662239,0.188548325320178,0.257521450519562,0.363755477625027,0,0,0,0.194506188788835,0.395118539662738,0,0,0,0.181437201797962,0,0,0,0,0,0.37111610155075,0,0,0,0,0,0.399525835408249,0,0.416281113257775,0,0.284308738030133,0.226806658506393,0.312393953414777,0.268681213259697,0
0.108765236288309,0,0,0,0.141367385163903,0,0,0,0.14943757946374,0,0,0,0,0,0,0,0.231265702843666,0.227589577436447,0.232227416201071,0,0,0,0,0,0,0,0,0,0,0,0,0,0,0,0,0.226182237267494,0.214737383218912,0,0,0.227522224187851,0.240918442606926,0.241281017661095,0.298247058682565,0,0,0.208144913117091,0.241614190936089,0,0.206842844560742,0,0.154898307135491,0,0,0,0.141075402758012,0,0.165985785148762,0,0.159270544137274,0,0.133041679859161,0,0,0.277287950118383,0,0,0,0,0,0,0,0,0,0.293316769599915,0,0,0,0,0,0.230777142079253,0,0,0.172133716444174,0.223226296050208,0.201630595152847,0,0.283988819457591
0,0.20453149102854,0,0,0,0.134204514996439,0,0,0,0.14770120382309,0,0,0,0,0,0,0,0.242360425846917,0.232913291454315,0,0,0,0,0,0,0,0,0,0,0,0,0,0,0,0,0.223067108541727,0,0,0,0.228049213799198,0.231226846575737,0.281445243908591,0.271339406569799,0,0,0.243388276961115,0,0,0,0.210747149942273,0,0.149575119935019,0,0,0,0.156957171222036,0,0.246138327616326,0,0.154379408587428,0,0.146350050164807,0.22359047755599,0,0,0,0,0.236434012651443,0,0,0,0,0.306304386028877,0,0,0,0,0,0.231892053119458,0.247299974163373,0.309736639261246,0,0.215710118550945,0.245296370238066,0.237050696574679,0.234705307904412,0
0.128318667411804,0,0.141367385163903,0,0,0,0,0,0,0,0,0,0,0,0,0,0,0,0,0,0.162156745269732,0,0,0,0,0,0,0,0,0,0,0,0,0,0,0.206293374300003,0.101964943110943,0,0,0,0.352564752101898,0,0.229460565881296,0,0,0,0.202653378248215,0,0.22834358115991,0,0.198755481741344,0,0,0,0.165115302304427,0,0.253455959260464,0,0.15184186398983,0,0.165632431121433,0,0,0.133307675310111,0,0,0,0,0,0,0,0,0,0.240833277503649,0,0,0,0,0,0,0,0,0.137382919209011,0.159325994551182,0.164371784625015,0,0.206806593537331
0,0.126819500759725,0,0.134204514996439,0,0,0,0.166206317761588,0,0.125634629693296,0,0.157063354531096,0,0,0,0,0.227504730224609,0.240233078598976,0.202834337949753,0.14904725831002,0,0,0,0,0,0,0,0,0,0,0,0,0,0,0,0.189873442053795,0,0,0,0.216876619241454,0,0.230315731040069,0,0,0,0,0,0,0,0.208123398323854,0,0.168662800329427,0,0.155919173359871,0,0,0,0.231447344024976,0,0,0,0.186828419566154,0.145324269245411,0,0,0,0,0,0,0,0,0,0.263884349593094,0,0,0,0,0,0.227143203670328,0.225222021341324,0,0,0.157650110177282,0.197049661686546,0.20601069427688,0.185725157459577,0
0,0,0,0,0,0,0,0,0,0,0,0,0,0,0,0,0,0,0,0,0.113246831117542,0,0,0,0,0,0,0,0,0,0,0,0,0,0,0,0,0,0,0,0,0,0,0,0,0,0,0,0,0,0,0,0.173824103041129,0,0,0,0.1612778455019,0,0,0,0,0,0,0.129881370067596,0,0,0,0,0,0,0,0,0,0,0,0,0,0,0,0,0,0,0.165751518309116,0,0,0,0
0,0,0,0,0,0.166206317761588,0,0,0,0,0,0.147629743441939,0,0,0,0,0,0,0,0.135561211034656,0,0,0,0,0,0,0,0,0,0,0,0,0,0,0,0,0,0,0,0,0,0,0,0,0,0,0,0,0,0,0,0.166540212929249,0,0.151292881369591,0,0,0,0.154009875655174,0,0,0,0,0.136744067871145,0,0,0,0,0,0,0,0,0,0,0,0,0,0,0,0,0,0,0,0.163752278425003,0.186290071622745,0,0,0
0.152225304958788,0.245660558342934,0.14943757946374,0,0,0,0,0,0,0.228454318642616,0,0,0,0,0.19474763283506,0,0.320928037166595,0,0.263565301895142,0,0,0,0,0,0.222261264920235,0,0.200275054344764,0,0,0,0,0,0,0,0,0,0,0.520109415054321,0.273520476197543,0,0.333367684712777,0.281147047877312,0.239353181358142,0,0,0,0.362754234245845,0.343649208545685,0.131583275763612,0.288989065214992,0,0,0,0,0.226017183455137,0.282554656267166,0,0,0,0,0.189417336118447,0,0,0.342164941132069,0,0,0,0.239899806678295,0,0.202684702617782,0,0,0,0.294640839099884,0,0,0,0,0,0.364656266084937,0,0.224951941519976,0.186568110189812,0.174518127127417,0.249480297751136,0,0.212090382421458
0.26321117579937,0.193505564685799,0,0.14770120382309,0,0.125634629693296,0,0,0.228454318642616,0,0,0,0,0,0,0.20942834380326,0,0,0.203067913651466,0,0,0,0,0.2562565356493,0,0.185863166463141,0,0,0,0,0,0,0,0.231925500726158,0,0,0,0.232999625323463,0,0,0,0.229014325483901,0.284739039838314,0,0,0,0,0.196089215576649,0.287179104983807,0.170541306090827,0,0,0,0,0.244124419987202,0.226959413529,0,0.262281000614166,0,0,0,0.188387427465958,0,0,0,0,0.237385617160216,0.397991061210632,0.187628191295892,0,0,0,0.287927505042818,0,0,0,0.229305095473925,0,0.228254474699497,0,0.263062097862655,0,0.177271699397237,0.198710079296775,0.217122866749941,0.216482803225517,0
0,0,0,0,0,0,0,0,0,0,0,0,0.210241951420903,0,0,0,0,0,0,0,0.163892165227712,0,0,0,0,0,0,0,0.191367934147517,0,0.20614230632782,0,0,0,0,0,0.180835293494165,0,0.2030436694105,0,0,0,0,0,0,0,0,0,0,0,0.179385032504797,0,0.147229567170143,0,0,0,0.190316689827625,0,0.195941641305884,0,0,0,0,0.167282501848914,0,0,0,0,0,0,0,0,0,0.213261798024178,0,0,0,0,0,0.175468204454297,0,0.216027212886005,0.193455952414469,0.211230889747017,0.200172632932663,0,0
0,0,0,0,0,0.157063354531096,0,0.147629743441939,0,0,0,0,0,0.222009099345458,0,0,0,0,0,0.158916903531583,0,0,0,0,0,0,0,0.225614722093774,0,0.185384194267557,0,0,0,0,0,0.17411536517504,0,0.173091998030692,0,0,0,0,0.273820400238037,0,0,0,0,0,0,0,0,0.198787716007972,0,0.134084911005838,0,0,0,0.166936367929928,0,0.2018076851964,0,0,0.15178756565586,0,0,0,0,0,0,0,0.117680914700031,0,0.179187456057185,0,0,0,0,0,0.164674421287563,0,0.187521437803904,0,0.164095183492765,0.169130750000477,0.253397560433338,0,0
0,0,0,0,0,0,0,0,0,0,0.210241951420903,0,0,0,0.167270510147015,0,0,0,0,0,0,0,0,0,0,0,0,0,0.209940555691719,0,0,0,0,0,0,0,0,0,0,0,0,0,0,0,0,0,0,0,0,0,0,0,0,0,0,0,0.177387184153001,0,0.222176373625795,0,0,0,0,0,0,0,0,0,0,0,0,0,0,0,0,0,0,0,0,0,0,0,0.174974910257494,0.2293540238558,0,0,0
0,0,0,0,0,0,0,0,0,0,0,0.222009099345458,0,0,0,0.166196990125584,0,0,0,0,0,0,0,0,0,0,0,0.181507580810123,0,0,0,0,0,0,0,0,0,0,0,0,0,0,0,0,0,0,0,0,0,0,0,0,0,0,0,0.179514850179354,0,0,0,0.206573104687896,0,0,0,0,0,0,0,0,0,0,0,0,0,0,0,0,0,0,0,0,0,0,0.168643876316323,0.223729374994867,0,0,0
0.168654989789833,0,0,0,0,0,0,0,0.19474763283506,0,0,0,0.167270510147015,0,0,0,0.178766993707732,0,0,0,0,0,0,0,0,0,0.203591094130561,0,0.187472328543663,0,0,0,0,0,0,0,0,0,0,0,0,0,0,0,0,0,0,0,0,0,0,0,0,0,0.169493070741495,0,0,0,0.167639181017876,0,0.130382021889091,0,0,0,0,0,0,0,0,0,0,0,0,0,0,0,0,0,0,0,0,0,0.197522717363694,0.171627644449472,0,0,0
0,0.201417914845727,0,0,0,0,0,0,0,0.20942834380326,0,0,0,0.166196990125584,0,0,0,0.155660163415106,0,0,0,0,0,0.314000914494197,0,0,0,0,0,0,0,0,0,0,0,0,0,0.284349938233693,0,0,0,0.275794766843319,0,0,0,0,0,0,0.322706878185272,0,0,0,0,0,0,0.245773911436346,0,0,0,0,0,0.167496049776673,0,0,0,0,0.293571382761002,0,0,0,0,0,0,0,0,0,0,0,0,0,0.31618344783783,0,0.169166604125941,0.19065360724926,0.282509001592795,0,0
0.291798130824016,0.2686368227005,0.231265702843666,0,0,0.227504730224609,0,0,0.320928037166595,0,0,0,0,0,0.178766993707732,0,0,0.137351202243015,0.235746214322145,0,0,0,0.225131357935342,0,0.197205796837807,0,0.176709683269871,0,0,0,0,0,0,0,0,0,0,0,0,0.259846686183111,0.293498522474792,0.223601702051085,0.217066829019709,0.230669289827347,0,0.258912476943806,0.263460537678079,0,0.262226951618989,0,0,0,0,0,0,0,0.327850716809432,0.216388881206512,0,0,0.180142268538475,0,0.262977321942647,0.278380120009707,0,0,0,0,0,0.160519848976816,0,0,0.285792898138364,0.309720663861795,0,0,0,0,0.265587831649816,0.301704726404453,0.312636315822601,0.460258275270462,0.222223578407992,0.14225376069381,0.285084392223269,0.212984044104815,0.236842900514603
0,0.35505111515522,0.227589577436447,0.242360425846917,0,0.240233078598976,0,0,0,0,0,0,0,0,0,0.155660163415106,0.137351202243015,0,0.231865217643462,0.333730757236481,0,0,0,0,0,0.160554845213953,0,0,0,0,0,0,0,0,0,0,0,0,0,0.267236782007274,0.261223582407603,0.231270452861464,0.209563961418548,0.214571598172188,0,0.264733887976035,0.257150842808187,0,0,0.244945347309113,0,0,0,0,0,0,0.253183551132679,0.377513386986472,0,0,0,0,0.314016848415523,0.26202492415905,0,0,0,0,0.176463887095451,0,0,0,0.340430578414132,0.252519775182009,0,0,0,0,0.280413458360179,0.292458922184747,0.385528203248978,0,0.200228414016056,0.124992041119867,0.282273466592272,0.229248651862144,0.211301482085026
0.300616311530272,0.363323217346555,0.232227416201071,0.232913291454315,0,0.202834337949753,0,0,0.263565301895142,0.203067913651466,0,0,0,0,0,0,0.235746214322145,0.231865217643462,0,0.356394574046135,0,0,0,0,0,0,0,0,0,0,0,0,0,0,0,0.349455952644348,0,0.325870156288147,0,0.288462987814688,0.295341372339918,0.193713931890228,0.19173008039908,0.18528401106596,0,0.301155671914419,0.297802407738812,0,0.229045182466507,0.212804975608985,0,0,0,0,0,0,0.267794265769995,0.329196696660735,0,0,0,0,0.325451672489193,0.303127292798807,0,0,0,0,0,0,0,0,0.312557668812507,0.280469947347516,0,0,0,0,0.313096970029681,0.333715117084451,0.362379236086722,0.429236054420471,0.229739004265857,0.218081865566117,0.279020862215441,0.19657611310482,0.192326433052217
0,0.385324150323868,0,0,0,0.14904725831002,0,0.135561211034656,0,0,0,0.158916903531583,0,0,0,0,0,0.333730757236481,0.356394574046135,0,0,0,0,0,0,0,0,0,0,0.194416096806526,0,0,0,0,0,0.178766154962103,0,0.196799058136013,0,0,0,0.258671551942825,0,0,0,0.290267799948824,0,0,0,0,0,0.140038505196571,0,0.139230391010642,0,0,0,0.171541364945642,0,0,0,0,0.215063874184112,0,0,0,0,0,0,0,0,0,0.317213609814644,0,0,0,0,0,0.201794014632035,0,0.215450039681266,0,0.167582749975234,0,0.215748744028987,0,0
0,0,0,0,0.162156745269732,0,0.113246831117542,0,0,0,0.163892165227712,0,0,0,0,0,0,0,0,0,0,0,0,0,0,0,0,0,0,0,0,0,0,0,0,0.200556993484497,0.171977895306337,0,0.204570512988351,0,0,0,0.216932728886604,0,0,0,0.233043437933221,0,0.190447822213173,0,0.252327073631542,0,0,0,0,0,0.165929414905035,0,0,0,0,0,0,0.180198293267971,0,0,0,0,0,0,0,0,0,0,0,0,0,0,0,0.201638005235616,0,0.214647507760674,0.152021961406483,0.139859375459227,0.197976665054598,0,0
0,0,0,0,0,0,0,0,0,0,0,0,0,0,0,0,0,0,0,0,0,0,0.145281113332508,0.149510123786774,0,0,0,0.212744608708897,0,0,0,0,0,0,0,0,0,0.181903754112114,0.155404728267874,0,0,0.281508159637451,0,0,0,0,0,0,0,0.188054414382621,0,0,0,0,0,0,0,0,0,0,0,0,0,0,0.174307580601228,0.146264999133323,0.165400386245838,0,0.215768404230475,0,0.194169145895214,0,0,0,0,0,0.208212765554587,0,0,0,0.182499259742519,0.156250702450052,0.167600328333222,0.196422612100192,0.269257456064224,0,0
0,0,0,0,0,0,0,0,0,0,0,0,0,0,0,0,0.225131357935342,0,0,0,0,0.145281113332508,0,0,0.176010983202281,0,0.180966547557286,0,0.184467134050658,0,0,0,0,0,0,0,0,0.213615284066334,0.296892002090678,0,0,0,0,0,0,0,0,0,0.267789841925963,0,0,0,0,0,0,0,0,0,0,0,0,0,0,0,0.149763588745404,0.189434175300811,0,0.209174011891538,0,0.211033735570945,0,0.21941087110269,0,0,0,0,0,0,0,0,0,0.274499970612055,0.171815353832852,0.182650686449306,0.247324930503964,0,0
0,0,0,0,0,0,0,0,0,0.2562565356493,0,0,0,0,0,0.314000914494197,0,0,0,0,0,0.149510123786774,0,0,0,0.195162081768393,0,0,0,0,0,0,0,0.243132500350475,0,0,0,0.200631936244423,0,0,0,0.306503653526306,0.36360876262188,0,0,0,0,0,0,0.197246638879384,0,0,0,0,0,0.285761924300875,0,0,0,0,0,0.179252773523331,0,0,0.154246203388487,0,0.220772989680183,0,0.196223442043577,0,0,0,0,0,0,0,0.230409074361835,0,0,0,0.2277309161838,0,0.172133736958613,0.147494415893699,0.256297006056859,0,0
0,0,0,0,0,0,0,0,0.222261264920235,0,0,0,0,0,0,0,0.197205796837807,0,0,0,0,0,0.176010983202281,0,0,0,0.178376680026289,0,0.149223171174526,0,0,0,0,0,0,0,0,0,0.186885701750029,0,0,0.301626682281494,0.305452671019655,0,0,0,0,0.418606281280518,0.203652717611369,0.264701038599014,0,0,0,0,0.191224176968847,0,0,0,0,0,0,0,0,0,0,0.160560991168022,0,0.169026264079979,0,0.175803194966233,0,0.157699935493015,0,0,0,0,0,0,0,0,0,0.202225354455766,0.190935511854503,0,0.353461011228236,0,0
0,0,0,0,0,0,0,0,0,0.185863166463141,0,0,0,0,0,0,0,0.160554845213953,0,0,0,0,0,0.195162081768393,0,0,0,0.189969830897473,0,0,0,0,0,0,0,0,0,0,0,0,0,0,0,0,0,0,0,0,0,0,0,0,0,0,0,0.164459302144892,0,0,0,0,0,0,0,0,0,0,0.194662404281122,0,0.175798954547576,0,0,0,0,0,0,0,0,0,0,0,0,0,0.181485071340028,0,0,0,0
0,0,0,0,0,0,0,0,0.200275054344764,0,0,0,0,0,0.203591094130561,0,0.176709683269871,0,0,0,0,0,0.180966547557286,0,0.178376680026289,0,0,0,0.17732859402895,0,0,0,0,0,0,0,0,0,0,0,0,0,0,0,0,0,0,0,0,0,0,0,0,0,0.190974961016692,0,0,0,0,0,0,0,0,0,0,0,0,0.18831708268108,0,0.171068403804511,0,0.167210002740224,0,0,0,0,0,0,0,0,0,0,0.175913640947053,0,0,0,0
0,0,0,0,0,0,0,0,0,0,0,0.225614722093774,0,0.181507580810123,0,0,0,0,0,0,0,0.212744608708897,0,0,0,0.189969830897473,0,0,0,0.191247394575715,0,0,0,0,0,0,0,0.163914487254424,0,0,0,0,0,0,0,0,0,0,0,0,0,0,0,0,0,0,0,0.207202231575703,0,0.187528924819301,0,0,0,0,0.20360521475474,0,0,0,0.195271642064059,0,0.196455301129982,0,0.177282565313837,0,0,0,0,0,0,0,0.148003841636748,0,0.185383433082574,0.178662261746537,0,0,0
0,0,0,0,0,0,0,0,0,0,0.191367934147517,0,0.209940555691719,0,0.187472328543663,0,0,0,0,0,0,0,0.184467134050658,0,0.149223171174526,0,0.17732859402895,0,0,0,0.191904007496997,0,0,0,0,0,0,0,0.191427647376692,0,0,0,0,0,0,0,0,0,0.220516567428907,0,0,0,0,0,0,0,0.186920791864395,0,0,0,0,0,0,0,0,0.165288120508194,0,0.144600878159205,0,0.172253713011742,0,0.194273720812727,0,0.192480740407391,0,0,0,0,0,0,0,0.205512600663666,0.172146854199925,0.160279806364666,0,0,0
0,0,0,0,0,0,0,0,0,0,0,0.185384194267557,0,0,0,0,0,0,0,0.194416096806526,0,0,0,0,0,0,0,0.191247394575715,0,0,0,0,0,0,0,0,0,0.200589064625238,0,0,0,0,0,0,0,0,0,0,0,0,0,0,0,0,0,0,0,0.139268329022107,0,0,0,0,0.183897823095322,0,0,0,0,0,0,0,0.20375753098026,0,0.173034310964734,0,0,0,0,0,0,0,0.207063872197812,0,0.180454293366804,0.160423084717206,0,0,0
0,0,0,0,0,0,0,0,0,0,0.20614230632782,0,0,0,0,0,0,0,0,0,0,0,0,0,0,0,0,0,0.191904007496997,0,0,0,0,0,0,0,0,0,0.194948827664983,0,0,0,0,0,0,0,0,0,0,0,0,0,0,0,0,0,0.199566513299942,0,0,0,0,0,0,0,0,0,0,0,0,0,0,0.186276228437501,0,0.183533724082204,0,0,0,0,0,0,0,0.191440487750853,0.18622803936402,0,0,0,0
0,0,0,0,0,0,0,0,0,0,0,0,0,0,0,0,0,0,0,0,0,0,0,0,0,0,0,0,0,0,0,0,0.293948714987253,0.18621931124979,0.244112176895142,0.164581032341006,0.235346011797745,0,0,0,0,0,0,0,0,0,0,0.397923017915479,0,0.461126185953617,0,0,0,0,0,0,0,0,0,0,0,0,0,0,0,0,0,0,0,0,0,0,0,0,0.17693408992122,0.270178326534424,0.208972381608827,0.183813959360123,0.167888326373278,0.530662460579086,0,0,0.1506652003702,0,0,0,0
0,0,0,0,0,0,0,0,0,0,0,0,0,0,0,0,0,0,0,0,0,0,0,0,0,0,0,0,0,0,0,0.293948714987253,0,0.203017779522472,0.348416639275329,0.39297110354955,0.172381264636409,0,0,0.324698254466057,0,0,0,0,0,0,0,0.412715457472645,0.250823140144348,0.419270384770173,0,0,0,0,0,0,0,0,0,0,0,0,0,0,0,0,0,0,0,0,0,0,0,0,0.191096159146983,0.249490732423037,0,0.28424457517954,0.398407284225542,0.198810127108617,0,0,0.158997136369055,0,0,0,0
0,0,0,0,0,0,0,0,0,0.231925500726158,0,0,0,0,0,0,0,0,0,0,0,0,0,0.243132500350475,0,0,0,0,0,0,0,0.18621931124979,0.203017779522472,0,0.209317182828977,0.189290606671837,0.185853732483728,0.268666612007087,0.22061997922984,0,0,0.274341978132725,0,0,0,0,0,0.242849386986194,0.418633937835693,0.310032018593379,0,0,0,0,0,0.240543287443487,0,0,0,0,0,0,0,0,0,0,0.253842052756524,0,0,0,0,0,0,0,0.247371475729677,0.180474653840065,0.198384359290857,0.203614283228257,0.190521941244977,0,0.215236262903989,0.221196683613878,0.249543008024696,0.236115505749529,0.248469188809395,0,0
0,0,0,0,0,0,0,0,0,0,0,0,0,0,0,0,0,0,0,0,0,0,0,0,0,0,0,0,0,0,0,0.244112176895142,0.348416639275329,0.209317182828977,0,0,0.200214467942715,0,0.212283405390653,0,0,0,0,0,0,0,0,0.225131325219941,0,0.310436932835728,0,0,0,0,0,0,0,0,0,0,0,0,0,0,0,0,0,0,0,0,0,0,0,0,0,0.248597832253346,0.198641569083018,0.194626695136204,0,0.158434433738391,0.219647794961929,0.287623608813566,0.247480706444808,0.216716141536318,0.412346720695496,0,0
0,0.375120282173157,0.226182237267494,0.223067108541727,0.206293374300003,0.189873442053795,0,0,0,0,0,0.17411536517504,0,0,0,0,0,0,0.349455952644348,0.178766154962103,0.200556993484497,0,0,0,0,0,0,0,0,0,0,0.164581032341006,0.39297110354955,0.189290606671837,0,0,0.208580647331442,0.152239871710435,0,0.188491430329649,0.239827287693818,0.28096866607666,0.265443414449692,0,0,0.245558237376278,0.175092898309231,0.412572285727314,0,0.267660493652026,0.202783927321434,0,0,0,0,0,0,0.174262976814662,0,0,0,0,0.201919636766562,0.214121124148369,0,0,0,0,0,0,0,0,0.270498394966125,0,0.173166925708453,0.444687350288681,0.196671289175448,0,0.19512436759469,0.415663183919599,0.17929863477151,0,0.166835903501605,0.194354787976636,0.207056667696346,0,0
0.402429491281509,0,0.214737383218912,0,0.101964943110943,0,0,0,0,0,0.180835293494165,0,0,0,0,0,0,0,0,0,0.171977895306337,0,0,0,0,0,0,0,0,0,0,0.235346011797745,0.172381264636409,0.185853732483728,0.200214467942715,0.208580647331442,0,0.123292755207111,0.187105182823822,0,0.224794563651085,0,0.244891127943993,0,0,0,0.206908055826237,0.368735405503824,0.205260320566595,0,0,0,0,0,0,0,0.183057281374931,0,0,0,0,0,0,0.173685894970293,0,0,0,0,0,0,0,0,0,0.278120458126068,0.211603569361982,0.249525752892167,0,0.178159293860172,0.25036966546061,0.197161113971338,0,0.211573192904913,0.165538867936395,0.220075689136663,0.211027611218736,0,0.235374030470848
0,0.299211658537388,0,0,0,0,0,0,0.520109415054321,0.232999625323463,0,0.173091998030692,0,0,0,0.284349938233693,0,0,0.325870156288147,0.196799058136013,0,0.181903754112114,0.213615284066334,0.200631936244423,0,0,0,0.163914487254424,0,0.200589064625238,0,0,0,0.268666612007087,0,0.152239871710435,0.123292755207111,0,0.175985115943319,0.218021074930827,0,0.357742184566127,0.494676624353115,0,0,0.304302240195482,0,0.442161736281022,0.471845219532649,0.369305112857702,0,0,0,0,0,0.269043963285362,0,0.191293020525341,0,0,0,0,0.249197506911732,0,0.16705569825825,0.203129844864209,0.266160987437882,0.495939473311106,0,0,0.176664119181426,0,0.196391313233309,0,0,0,0.241263250361628,0.204644774920062,0.183740544847943,0.137967020273209,0.204767564809745,0.197279473199793,0.228905748516396,0.494133387174871,0.339003929673106,0,0
0,0,0,0,0,0,0,0,0.273520476197543,0,0.2030436694105,0,0,0,0,0,0,0,0,0,0.204570512988351,0.155404728267874,0.296892002090678,0,0.186885701750029,0,0,0,0.191427647376692,0,0.194948827664983,0,0,0.22061997922984,0.212283405390653,0,0.187105182823822,0.175985115943319,0,0,0,0.421039417386055,0.349205874465406,0,0,0,0.217189356684685,0.522339828742238,0.337513781459856,0.548123757044474,0,0,0,0,0.226186461981974,0,0.206348140493202,0,0,0,0,0,0,0.182695789469613,0.149939380913645,0.295438345109929,0,0.231385273910226,0,0,0,0.181927824894396,0,0.204554731249809,0,0,0.167795926332474,0.208556409668986,0,0.223278977320447,0.16271165615091,0.197129745579027,0.194842981208225,0.237255764504274,0.31734847868311,0,0
0,0.336177223402521,0.227522224187851,0.228049213799198,0,0.216876619241454,0,0,0,0,0,0,0,0,0,0,0.259846686183111,0.267236782007274,0.288462987814688,0,0,0,0,0,0,0,0,0,0,0,0,0,0.324698254466057,0,0,0.188491430329649,0,0.218021074930827,0,0,0.239716034544551,0.253585398282895,0.237773193156018,0.251753624724714,0,0.281130635767527,0.238015207377347,0.288798874840004,0.309626581484363,0.223090595496235,0,0.226349636912346,0,0,0,0.195640690624714,0.223028769095739,0.268443938111886,0,0,0,0,0.238562675300708,0.221987502915519,0,0,0,0,0,0,0,0,0.292294743515196,0,0,0,0,0,0.203709198629678,0.264651317770282,0.275762411144872,0,0.288969075913731,0.255557739308902,0.280370160356066,0.225642276306947,0.207901444286108
0.368876611305909,0,0.240918442606926,0.231226846575737,0.352564752101898,0,0,0,0.333367684712777,0,0,0,0,0,0,0,0.293498522474792,0.261223582407603,0.295341372339918,0,0,0,0,0,0,0,0,0,0,0,0,0,0,0,0,0.239827287693818,0.224794563651085,0,0,0.239716034544551,0,0.235547504698237,0.241373243949499,0,0,0.232333010062575,0.21496402512682,0.140455704901302,0.226794562635187,0.280636313691068,0,0,0,0,0,0,0.248669049956582,0.27689254283905,0,0,0,0,0.235026755928993,0.245485054170436,0,0,0,0,0,0,0,0,0.287413865327835,0.249598756432533,0,0,0,0,0.272588143746058,0.225516472833612,0,0.315686623255412,0.315402500683836,0.23645050565199,0.262531550087811,0,0.230804721091656
0.269927336661904,0.302795007211533,0.241281017661095,0.281445243908591,0,0.230315731040069,0,0,0.281147047877312,0.229014325483901,0,0,0,0,0,0.275794766843319,0.223601702051085,0.231270452861464,0.193713931890228,0.258671551942825,0,0.281508159637451,0,0.306503653526306,0.301626682281494,0,0,0,0,0,0,0,0,0.274341978132725,0,0.28096866607666,0,0.357742184566127,0.421039417386055,0.253585398282895,0.235547504698237,0,0.295544793508564,0.167961962986737,0,0.237211737794222,0.22798536469539,0.55649578484936,0.395402136544387,0.337695725953809,0,0.215661533176899,0,0,0.293917453198722,0.259824132007328,0.247604823538235,0.273723164936165,0,0,0.285558328032494,0.255020672082901,0.266538880743589,0.235311072319746,0,0,0.317520729369587,0.325942999124527,0,0,0,0,0.275848158586524,0.24372310936451,0,0,0,0,0.239525783357296,0.247339881383456,0.290662960807482,0,0.286305997840421,0.30510199878567,0.27697543156101,0.195898254395559,0.200431492179632
0.269313873704707,0.270159874111414,0.298247058682565,0.271339406569799,0.229460565881296,0,0,0,0.239353181358142,0.284739039838314,0,0.273820400238037,0,0,0,0,0.217066829019709,0.209563961418548,0.19173008039908,0,0.216932728886604,0,0,0.36360876262188,0.305452671019655,0,0,0,0,0,0,0,0,0,0,0.265443414449692,0.244891127943993,0.494676624353115,0.349205874465406,0.237773193156018,0.241373243949499,0.295544793508564,0,0.201326355338097,0,0.217365093529224,0.239495406395819,0.49406187819398,0.354045600124216,0.386238248926578,0,0,0,0,0.265704267527446,0.286496046930552,0.281720559811688,0.219010785222054,0,0,0.207236085016772,0,0.267320615549882,0.271554399587928,0,0,0.402339166402817,0.315884848741385,0,0,0,0,0.231426651863491,0.277484130374221,0,0,0,0,0.24748355233007,0.254265429457492,0.316157568246126,0.33106480869982,0.296046723229126,0.253590829165029,0.28350129097271,0.178670331835747,0.19094216177679
0,0,0,0,0,0,0,0,0,0,0,0,0,0,0,0,0.230669289827347,0.214571598172188,0.18528401106596,0,0,0,0,0,0,0,0,0,0,0,0,0,0,0,0,0,0,0,0,0.251753624724714,0,0.167961962986737,0.201326355338097,0,0,0,0,0,0,0,0,0,0,0,0,0,0,0,0,0,0,0,0.281836122274399,0,0,0,0,0,0,0,0,0,0.236998721957207,0,0,0,0,0,0.25503428792581,0.286738216876984,0.231306672096252,0,0.20775539069264,0,0.223512214340576,0.157941740006208,0
0,0,0,0,0,0,0,0,0,0,0,0,0,0,0,0,0,0,0,0,0,0,0,0,0,0,0,0,0,0,0,0,0,0,0,0,0,0,0,0,0,0,0,0,0,0,0,0,0,0,0,0,0,0,0,0,0,0,0,0,0,0,0,0,0,0,0,0,0,0,0,0,0,0,0,0,0,0,0,0,0,0,0,0,0,0,0
0,0.332735312933272,0.208144913117091,0.243388276961115,0,0,0,0,0,0,0,0,0,0,0,0,0.258912476943806,0.264733887976035,0.301155671914419,0.290267799948824,0,0,0,0,0,0,0,0,0,0,0,0,0,0,0,0.245558237376278,0,0.304302240195482,0,0.281130635767527,0.232333010062575,0.237211737794222,0.217365093529224,0,0,0,0.222848185896873,0,0,0.268749421123754,0,0,0,0,0,0,0.239631667733192,0.269983622431755,0,0,0,0,0.257056339904553,0.220095385398184,0,0,0,0,0,0,0,0,0.301660108647318,0,0,0,0,0,0.298990535770746,0.254888095534765,0.317067608286364,0,0.286898070571317,0.250942555069923,0.275604610144272,0.222420483827591,0.241552397608757
0.362484025030301,0,0.241614190936089,0,0.202653378248215,0,0,0,0.362754234245845,0,0,0,0,0,0,0,0.263460537678079,0.257150842808187,0.297802407738812,0,0.233043437933221,0,0,0,0,0,0,0,0,0,0,0,0,0,0,0.175092898309231,0.206908055826237,0,0.217189356684685,0.238015207377347,0.21496402512682,0.22798536469539,0.239495406395819,0,0,0.222848185896873,0,0,0.24948613907931,0,0,0,0,0,0,0,0.250612046908249,0,0,0,0,0,0.233349364250898,0.217950084380729,0,0,0,0,0,0,0,0,0.238333329558372,0.278235224160281,0,0,0,0,0.264464113116264,0.290362406542245,0,0.283700950167797,0.31868594099106,0.248428694420047,0.301048056713779,0,0.229528379440308
0,0,0,0,0,0,0,0,0.343649208545685,0.196089215576649,0,0,0,0,0,0,0,0,0,0,0,0,0,0,0.418606281280518,0,0,0,0,0,0,0.397923017915479,0.412715457472645,0.242849386986194,0.225131325219941,0.412572285727314,0.368735405503824,0.442161736281022,0.522339828742238,0.288798874840004,0.140455704901302,0.55649578484936,0.49406187819398,0,0,0,0,0,0.303797999765955,0.393720250064155,0,0,0,0,0,0,0,0,0,0,0,0,0,0.134183794260025,0,0,0.212943479418755,0.520602703094482,0,0,0,0,0,0,0.294470984650695,0.376458208350574,0.212558593633956,0.215366562455893,0.331076526129118,0.495198246533588,0.295714068412781,0.645125369230906,0.55588108783223,0.632701009705469,0.623085063966838,0,0
0.146021697912123,0.306267589330673,0.206842844560742,0,0.22834358115991,0,0,0,0.131583275763612,0.287179104983807,0,0,0,0,0,0.322706878185272,0.262226951618989,0,0.229045182466507,0,0.190447822213173,0,0.267789841925963,0,0.203652717611369,0,0,0,0.220516567428907,0,0,0,0.250823140144348,0.418633937835693,0,0,0.205260320566595,0.471845219532649,0.337513781459856,0.309626581484363,0.226794562635187,0.395402136544387,0.354045600124216,0,0,0,0.24948613907931,0.303797999765955,0,0.355994782861892,0,0,0,0,0.141073893591054,0.341057290633519,0.284360037909614,0,0,0,0.243563674390316,0,0,0.241131094992161,0,0.279139585878657,0,0.229350283337028,0,0,0,0.251610480395018,0,0.290365402276317,0,0,0,0,0,0.249728132909449,0.37364150583744,0.314319176341127,0.473427313776345,0.491626736190584,0.32394399258638,0,0.222953373735601
0.285482260088126,0.172511980083643,0,0.210747149942273,0,0.208123398323854,0,0,0.288989065214992,0.170541306090827,0,0,0,0,0,0,0,0.244945347309113,0.212804975608985,0,0,0.188054414382621,0,0.197246638879384,0.264701038599014,0,0,0,0,0,0,0.461126185953617,0.419270384770173,0.310032018593379,0.310436932835728,0.267660493652026,0,0.369305112857702,0.548123757044474,0.223090595496235,0.280636313691068,0.337695725953809,0.386238248926578,0,0,0.268749421123754,0,0.393720250064155,0.355994782861892,0,0,0,0,0,0.309306706701006,0.158081882275068,0.26859974861145,0.280827648392538,0,0,0.316374450922012,0.13487822668893,0.291012532331727,0,0.226208016139232,0,0.217905666328332,0.467164605855942,0.299993291497231,0,0.262976890459525,0,0.287353813318552,0,0.429824158549309,0.343567848205566,0,0,0.297147711418617,0,0.332570884627006,0,0.46827886509622,0.445396888443804,0.301275618009845,0.27618724356095,0
0,0,0.154898307135491,0,0.198755481741344,0,0,0,0,0,0.179385032504797,0,0,0,0,0,0,0,0,0,0.252327073631542,0,0,0,0,0,0,0,0,0,0,0,0,0,0,0.202783927321434,0,0,0,0,0,0,0,0,0,0,0,0,0,0,0,0,0.167950237790744,0,0,0,0.183397393881904,0,0.149341687560081,0,0.183529342710972,0,0,0.264630794525146,0,0,0,0,0,0,0,0,0,0,0,0,0,0,0,0,0,0,0.15374536386558,0,0.193327870152213,0,0
0,0,0,0.149575119935019,0,0.168662800329427,0,0.166540212929249,0,0,0,0.198787716007972,0,0,0,0,0,0,0,0.140038505196571,0,0,0,0,0,0,0,0,0,0,0,0,0,0,0,0,0,0,0,0.226349636912346,0,0.215661533176899,0,0,0,0,0,0,0,0,0,0,0,0,0,0,0,0.211017076656515,0,0,0,0,0.145044833421707,0,0,0,0,0,0,0,0,0,0,0,0,0,0,0,0.215282276272774,0,0,0,0.188863807197275,0,0.216206364906751,0,0
0,0,0,0,0,0,0.173824103041129,0,0,0,0.147229567170143,0,0,0,0,0,0,0,0,0,0,0,0,0,0,0,0,0,0,0,0,0,0,0,0,0,0,0,0,0,0,0,0,0,0,0,0,0,0,0,0.167950237790744,0,0,0,0,0,0.18182997213256,0,0.117229255537192,0,0,0,0,0,0,0,0,0,0,0,0,0,0,0,0,0,0,0,0,0,0,0,0.173263669013977,0,0,0,0
0,0,0,0,0,0.155919173359871,0,0.151292881369591,0,0,0,0.134084911005838,0,0,0,0,0,0,0,0.139230391010642,0,0,0,0,0,0,0,0,0,0,0,0,0,0,0,0,0,0,0,0,0,0,0,0,0,0,0,0,0,0,0,0,0,0,0,0,0,0.185429234093833,0,0,0,0,0.144236624240875,0,0,0,0,0,0,0,0,0,0,0,0,0,0,0,0,0,0,0,0.182008418298903,0,0,0,0
0.188321199919896,0.217507317662239,0.141075402758012,0,0.165115302304427,0,0,0,0.226017183455137,0.244124419987202,0,0,0,0,0.169493070741495,0,0,0,0,0,0,0,0,0,0.191224176968847,0,0.190974961016692,0,0,0,0,0,0,0,0,0,0,0,0.226186461981974,0,0,0.293917453198722,0.265704267527446,0,0,0,0,0,0.141073893591054,0.309306706701006,0,0,0,0,0,0,0.155521869659424,0,0.145287830250483,0,0.180821139007807,0,0,0,0,0,0,0.174520067870617,0,0.19926054229339,0,0,0,0,0,0,0,0,0,0,0,0.195106413089827,0.191457273652319,0.327863752841949,0.266465286331319,0,0.213713258504868
0,0.188548325320178,0,0.156957171222036,0,0,0,0,0.282554656267166,0.226959413529,0,0,0,0.179514850179354,0,0.245773911436346,0,0,0,0,0,0,0,0.285761924300875,0,0.164459302144892,0,0,0,0,0,0,0,0.240543287443487,0,0,0,0.269043963285362,0,0.195640690624714,0,0.259824132007328,0.286496046930552,0,0,0,0,0,0.341057290633519,0.158081882275068,0,0,0,0,0,0,0,0.256046712398529,0,0.17812014122804,0,0.208635625608552,0.189307004213333,0,0,0,0.284285909952001,0,0.175581865509351,0,0,0,0,0,0,0,0.249079080564635,0,0.200859874486923,0,0.303045255824541,0,0.211803992022896,0.196797577871217,0.254427235928001,0.254043072462082,0
0.233118396033259,0.257521450519562,0.165985785148762,0,0.253455959260464,0,0.1612778455019,0,0,0,0.190316689827625,0,0.177387184153001,0,0,0,0.327850716809432,0.253183551132679,0.267794265769995,0,0.165929414905035,0,0,0,0,0,0,0,0.186920791864395,0,0.199566513299942,0,0,0,0,0,0.183057281374931,0,0.206348140493202,0.223028769095739,0.248669049956582,0.247604823538235,0.281720559811688,0,0,0.239631667733192,0.250612046908249,0,0.284360037909614,0.26859974861145,0.183397393881904,0,0.18182997213256,0,0.155521869659424,0,0,0,0.175699058092303,0,0.224996760487556,0,0,0.221965139808734,0,0,0,0,0,0,0,0,0.260826200246811,0.365643603337189,0,0,0,0,0.231730207800865,0.259528807565278,0.278897106647491,0.209175647322433,0.241096472101552,0.23904212936759,0.313023817784964,0,0.280869639000377
0,0.363755477625027,0,0.246138327616326,0,0.231447344024976,0,0.154009875655174,0,0.262281000614166,0,0.166936367929928,0,0,0,0,0.216388881206512,0.377513386986472,0.329196696660735,0.171541364945642,0,0,0,0,0,0,0,0.207202231575703,0,0.139268329022107,0,0,0,0,0,0.174262976814662,0,0.191293020525341,0,0.268443938111886,0.27689254283905,0.273723164936165,0.219010785222054,0,0,0.269983622431755,0,0,0,0.280827648392538,0,0.211017076656515,0,0.185429234093833,0,0.256046712398529,0,0,0,0.180688935976762,0,0,0.321578015747547,0.251384645700455,0,0,0,0,0,0,0.246498744934797,0,0.341883139100263,0,0,0,0,0,0.274010562503985,0,0.208712182939053,0,0.251384700668733,0.214715595046679,0.338698854323552,0.285852617025375,0
0.189448572695255,0,0.159270544137274,0,0.15184186398983,0,0,0,0,0,0.195941641305884,0,0.222176373625795,0,0.167639181017876,0,0,0,0,0,0,0,0,0,0,0,0,0,0,0,0,0,0,0,0,0,0,0,0,0,0,0,0,0,0,0,0,0,0,0,0.149341687560081,0,0.117229255537192,0,0.145287830250483,0,0.175699058092303,0,0,0,0.204636748414487,0,0,0,0,0,0,0,0,0,0,0,0,0,0,0,0,0,0,0,0,0,0.199958011507988,0.191017232835293,0.175422236323357,0,0
0,0,0,0.154379408587428,0,0,0,0,0,0,0,0.2018076851964,0,0.206573104687896,0,0,0,0,0,0,0,0,0,0,0,0,0,0.187528924819301,0,0,0,0,0,0,0,0,0,0,0,0,0,0,0,0,0,0,0,0,0,0,0,0,0,0,0,0.17812014122804,0,0.180688935976762,0,0,0,0,0,0,0,0,0,0,0,0,0.171759031713009,0,0,0,0,0,0,0,0,0,0,0,0.172293337122087,0.201968092207957,0,0,0
0.171866325350081,0,0.133041679859161,0,0.165632431121433,0,0,0,0.189417336118447,0,0,0,0,0,0.130382021889091,0,0.180142268538475,0,0,0,0,0,0,0,0,0,0,0,0,0,0,0,0,0,0,0,0,0,0,0,0,0.285558328032494,0.207236085016772,0,0,0,0,0,0.243563674390316,0.316374450922012,0.183529342710972,0,0,0,0.180821139007807,0,0.224996760487556,0,0.204636748414487,0,0,0,0,0,0,0,0,0,0,0,0,0,0,0,0,0,0,0,0,0,0,0,0.256805893778801,0,0.189566068639413,0,0
0,0.194506188788835,0,0.146350050164807,0,0.186828419566154,0,0,0,0.188387427465958,0,0,0,0,0,0.167496049776673,0,0,0,0,0,0,0,0.179252773523331,0,0,0,0,0,0,0,0,0,0,0,0,0,0,0,0,0,0.255020672082901,0,0,0,0,0,0,0,0.13487822668893,0,0,0,0,0,0.208635625608552,0,0,0,0,0,0,0,0,0,0,0.198777559128675,0,0.183089107275009,0,0,0,0,0,0,0,0,0,0,0,0,0,0.172547650006082,0,0.193984151631594,0.22538235783577,0
0,0.395118539662738,0,0.22359047755599,0,0.145324269245411,0,0.136744067871145,0,0,0,0.15178756565586,0,0,0,0,0.262977321942647,0.314016848415523,0.325451672489193,0.215063874184112,0,0,0,0,0,0,0,0,0,0.183897823095322,0,0,0,0,0,0.201919636766562,0,0.249197506911732,0,0.238562675300708,0.235026755928993,0.266538880743589,0.267320615549882,0.281836122274399,0,0.257056339904553,0.233349364250898,0,0,0.291012532331727,0,0.145044833421707,0,0.144236624240875,0,0.189307004213333,0,0.321578015747547,0,0,0,0,0,0.216333990295728,0,0,0,0,0,0,0,0,0.370164650233824,0,0,0,0,0,0.250332198497666,0.226608899923471,0.291648997237329,0,0.230069255952243,0.273122549057007,0.297482871336363,0.261158669988314,0.308503448963165
0.353746627767881,0,0.277287950118383,0,0.133307675310111,0,0.129881370067596,0,0.342164941132069,0,0.167282501848914,0,0,0,0,0,0.278380120009707,0.26202492415905,0.303127292798807,0,0.180198293267971,0,0,0,0,0,0,0,0,0,0,0,0,0,0,0.214121124148369,0.173685894970293,0,0.182695789469613,0.221987502915519,0.245485054170436,0.235311072319746,0.271554399587928,0,0,0.220095385398184,0.217950084380729,0.134183794260025,0.241131094992161,0,0.264630794525146,0,0,0,0,0,0.221965139808734,0.251384645700455,0,0,0,0,0.216333990295728,0,0,0,0,0,0,0,0,0,0,0.396928965261108,0,0,0,0,0.270375343660514,0.242399952838905,0,0.21606487929821,0.238875267065542,0.278453252381749,0.286408080165992,0,0.267430201172829
0,0,0,0,0,0,0,0,0,0,0,0,0,0,0,0,0,0,0,0,0,0.174307580601228,0.149763588745404,0.154246203388487,0,0,0,0.20360521475474,0,0,0,0,0,0,0,0,0,0.16705569825825,0.149939380913645,0,0,0,0,0,0,0,0,0,0,0.226208016139232,0,0,0,0,0,0,0,0,0,0,0,0,0,0,0,0.170307051573022,0.189748217802375,0,0.233640538255374,0,0.261327805293498,0,0,0,0,0,0.198433101177216,0,0,0,0.168863144920808,0.1513114294023,0.153890265041395,0.191511851142753,0,0,0
0,0,0,0,0,0,0,0,0,0,0,0,0,0,0,0,0,0,0,0,0,0.146264999133323,0.189434175300811,0,0.160560991168022,0,0,0,0.165288120508194,0,0,0,0,0,0,0,0,0.203129844864209,0.295438345109929,0,0,0,0,0,0,0,0,0,0.279139585878657,0,0,0,0,0,0,0,0,0,0,0,0,0,0,0,0.170307051573022,0,0,0.239543272324068,0,0.234429341176866,0,0.229239618436235,0,0,0,0,0,0,0,0,0,0.264454495774901,0.170055178191839,0.179112586492335,0.285659890621901,0,0
0.29360032081604,0.181437201797962,0,0,0,0,0,0,0,0.237385617160216,0,0,0,0,0,0.293571382761002,0,0,0,0,0,0.165400386245838,0,0.220772989680183,0,0.194662404281122,0,0,0,0,0,0,0,0.253842052756524,0,0,0,0.266160987437882,0,0,0,0.317520729369587,0.402339166402817,0,0,0,0,0.212943479418755,0,0.217905666328332,0,0,0,0,0,0.284285909952001,0,0,0,0,0,0.198777559128675,0,0,0.189748217802375,0,0,0,0.220534909764926,0,0,0,0,0,0,0,0.247328066732734,0,0,0,0.282799436103505,0,0.221008543465887,0.163727028126066,0.341819134172128,0,0
0.20535571873188,0,0,0.236434012651443,0,0,0,0,0.239899806678295,0.397991061210632,0,0,0,0,0,0,0,0,0,0,0,0,0.209174011891538,0,0.169026264079979,0,0.18831708268108,0,0.144600878159205,0,0,0,0,0,0,0,0,0.495939473311106,0.231385273910226,0,0,0.325942999124527,0.315884848741385,0,0,0,0,0.520602703094482,0.229350283337028,0.467164605855942,0,0,0,0,0.174520067870617,0,0,0,0,0,0,0,0,0,0,0.239543272324068,0,0,0,0.169150094191233,0,0.156495332717896,0,0,0,0,0,0,0,0,0,0.228049408446113,0.222207723983697,0.518474698066711,0.367307508178055,0,0
0,0,0,0,0,0,0,0,0,0.187628191295892,0,0,0,0,0,0,0,0.176463887095451,0,0,0,0.215768404230475,0,0.196223442043577,0,0.175798954547576,0,0.195271642064059,0,0,0,0,0,0,0,0,0,0,0,0,0,0,0,0,0,0,0,0,0,0.299993291497231,0,0,0,0,0,0.175581865509351,0,0,0,0,0,0.183089107275009,0,0,0.233640538255374,0,0.220534909764926,0,0,0,0.303882184021312,0,0,0,0,0,0,0,0,0,0,0,0.173061602895981,0,0.151581309735775,0,0
0,0,0,0,0,0,0,0,0.202684702617782,0,0,0,0,0,0,0,0.160519848976816,0,0,0,0,0,0.211033735570945,0,0.175803194966233,0,0.171068403804511,0,0.172253713011742,0,0,0,0,0,0,0,0,0,0,0,0,0,0,0,0,0,0,0,0,0,0,0,0,0,0.19926054229339,0,0,0,0,0,0,0,0,0,0,0.234429341176866,0,0.169150094191233,0,0,0,0,0,0,0,0,0,0,0,0,0,0,0.17932220186819,0,0,0,0
0,0,0,0,0,0,0,0,0,0,0,0.117680914700031,0,0,0,0,0,0,0,0,0,0.194169145895214,0,0,0,0,0,0.196455301129982,0,0.20375753098026,0,0,0,0,0,0,0,0.176664119181426,0,0,0,0,0,0,0,0,0,0,0,0.262976890459525,0,0,0,0,0,0,0,0.246498744934797,0,0.171759031713009,0,0,0,0,0.261327805293498,0,0,0,0.303882184021312,0,0,0,0.26868024935024,0,0,0,0,0,0,0,0.213815925647686,0,0.180827263803095,0.168578516096194,0,0,0
0,0,0,0,0,0,0,0,0,0,0,0,0,0,0,0,0,0,0,0,0,0,0.21941087110269,0,0.157699935493015,0,0.167210002740224,0,0.194273720812727,0,0.186276228437501,0,0,0,0,0,0,0,0.181927824894396,0,0,0,0,0,0,0,0,0,0.251610480395018,0,0,0,0,0,0,0,0,0,0,0,0,0,0,0,0,0.229239618436235,0,0.156495332717896,0,0,0,0,0,0.191949579984911,0,0,0,0,0,0,0,0.231923204826695,0.184253745514494,0.179348051548004,0,0,0
0,0.37111610155075,0,0.306304386028877,0,0.263884349593094,0,0,0,0.287927505042818,0,0.179187456057185,0,0,0,0,0.285792898138364,0.340430578414132,0.312557668812507,0.317213609814644,0,0,0,0,0,0,0,0.177282565313837,0,0.173034310964734,0,0,0,0,0,0.270498394966125,0,0.196391313233309,0,0.292294743515196,0.287413865327835,0.275848158586524,0.231426651863491,0.236998721957207,0,0.301660108647318,0.238333329558372,0,0,0.287353813318552,0,0,0,0,0,0,0.260826200246811,0.341883139100263,0,0,0,0,0.370164650233824,0,0,0,0,0,0,0,0.26868024935024,0,0,0,0,0,0,0,0.307894907449478,0.283481031656265,0.262207639241672,0,0.314997962037266,0.175074849207446,0.372870115635673,0.296468725065132,0.261235588363239
0.321198850870132,0,0.293316769599915,0,0.240833277503649,0,0,0,0.294640839099884,0,0.213261798024178,0,0,0,0,0,0.309720663861795,0.252519775182009,0.280469947347516,0,0,0,0,0,0,0,0,0,0.192480740407391,0,0.183533724082204,0,0,0,0,0,0.278120458126068,0,0.204554731249809,0,0.249598756432533,0.24372310936451,0.277484130374221,0,0,0,0.278235224160281,0,0.290365402276317,0,0,0,0,0,0,0,0.365643603337189,0,0,0,0,0,0,0.396928965261108,0,0,0,0,0,0,0,0.191949579984911,0,0,0,0,0,0,0,0.279465378820896,0,0.213619757605636,0.270923150437219,0.304208844900131,0.321360878665626,0,0.300157331056514
0,0,0,0,0,0,0,0,0,0,0,0,0,0,0,0,0,0,0,0,0,0,0,0,0,0,0,0,0,0,0,0.17693408992122,0.191096159146983,0.247371475729677,0,0.173166925708453,0.211603569361982,0,0,0,0,0,0,0,0,0,0,0.294470984650695,0,0.429824158549309,0,0,0,0,0,0,0,0,0,0,0,0,0,0,0,0,0,0,0,0,0,0,0,0,0,0.216962692080712,0.277194742496977,0,0.245157772355485,0.478965440655456,0.249835373724208,0,0.143770805724403,0,0,0,0
0,0,0,0,0,0,0,0,0,0,0,0,0,0,0,0,0,0,0,0,0,0,0,0,0,0,0,0,0,0,0,0.270178326534424,0.249490732423037,0.180474653840065,0.248597832253346,0.444687350288681,0.249525752892167,0,0,0,0,0,0,0,0,0,0,0.376458208350574,0,0.343567848205566,0,0,0,0,0,0,0,0,0,0,0,0,0,0,0,0,0,0,0,0,0,0,0,0,0.216962692080712,0,0,0.253473252195649,0.577425695317132,0.267989361315098,0,0,0.138749385252595,0,0,0,0
