0,0,0.00708773971047734,0,0,0,0,0,0.0625292994247184,0,0,0,0,0,0,0,0,0,0,0,0,0,0,0,0.000789408156328265,0,0,0,0,0,0,0,0,0,0,0,0,0,3.0673712121967e-06,0,0,0,0.00499753552673045,0,0,0,0,0.000252085528840488,0.0133891332798313,0,0,0,0,0,0.0210527626069193,0,0,0,0,0,0.0186836734437995,0,0,0,0,0,0,0.000691032890342098,0,0.000188749587362423,0,0,0,0,0,0,0,0,0,0,0,0,0.000313947465823935,0,0.0119452306387163,0,9.47520924381422e-05
0,0,0,0.0845405460564738,0,0.00249289623389081,0,0,0,0.126714807634098,0,0,0,0,0,0,0,0,0,0,0,0,0,0,0,0,0,0,0,0,0,0,0,0,0,0,0,0,0,0,0,0.0104901718820104,0,0,0,6.79681496854878e-05,0,0,0,0.0145749985107314,0,0.00425200021604992,0,0,0,0.135604832444881,0,0.00454032389024557,0,0.00054539715275484,0,0.00535182729557215,0,0,0,0,0.00119198157113921,0,0,0,0,0,0,0,0,0,0,0,0,0,0,0,0.00144472686438565,0,0.0196018539152362,0.00593430876777744,0
0.00708773971047734,0,0,0,0.0900264009845374,0,0,0,0.0591001191304162,0,0,0,0,0,0,0,0,0,0,0,0,0,0,0,0,0,0,0,0,0,0,0,0,0,0,0,0,0,0,0,0,0,0,0,0,0,0.000162696742771412,0,0.0162673315431321,0,0.0175229321244579,0,0,0,0.0266750337411405,0,0.00547067184402356,0,0.00352453259165729,0,0.0247422379628151,0,0,0,0,0,0,0,0,0,0,6.44115591568924e-05,0,0.000615558590456305,0,0,0,0,0,3.90068691109819e-06,0,0,0,0,0.011237498250818,0,0
0,0.0845405460564738,0,0,0,0.100051798268447,0,0,0,0.118299577397501,0,0,0,0,0,0,0,0,0,0,0,0,0,0,0,0,0,0,0,0,0,0,0,0,0,0,0,0,0,0,0,0.00119093333725112,0,0,0,0.0037426083999447,0,0,0,0.00353199200657052,0,0.0538322438911598,0,0,0,0.00362611486444231,0,0.00014127178954691,0,0.00442870104904956,0,0.00505253729090118,0.000207776739194945,0,0,0,0,0,0,0,0,0,0,0,0,0,0,0,3.31583483912642e-06,0,0,0,0.00133743342383312,0,0.03358715125096,0.00515579710315088,0
0,0,0.0900264009845374,0,0,0,0.000686636369209737,0,0.0255668907595047,0,0,0,0,0,0,0,0,0,0,0,0.00308791646197085,0,0,0,0,0,0,0,0,0,0,0,0,0,0,0,0,0,1.16537960317823e-05,0,0.000219718859708231,0,2.66026032011219e-05,0,0,0,0.00048911695293154,0,0.000105323758145255,0,0.0957311471408906,0,0,0,0.00752581601772453,0,0.00456529097656551,0,0,0,0.00610013505596899,0,0,0.000417627770967096,0,0,0,0,0,0,0,0.000232384430064905,0,0.000579289909670082,0,0,0,0,0,2.82912900853301e-06,0,6.00858922442903e-05,0.000279489378358658,0,0.00851722332363231,0,0.000320865304623615
0,0.00249289623389081,0,0.100051798268447,0,0,0,0.0353035652885801,0,0.033171911086213,0,0.00119998105113557,0,0.000739928624532277,0,0,0,0,0,0.000351008058638982,0,0,0,0,0,0,0,0,0,0,0,0,0,0,0,0.000119665320005009,0,0,0,0,0,0,0,0,0,0.00754614427277688,0,0,1.85303941792813e-05,0,0,0.152523519383525,0,0.0334029505533056,0,0.000441267595210334,0,0.00559480807784599,0,0.00597782351145013,0,0,0.0024565721432823,0,0,0,0,0,0,0,1.10267006414534e-05,0,0.000136430745726196,0,0,0,0,0,0.000710437540360411,0,0,0,0.00294067731164055,0,0.0215218849671863,0,0
0,0,0,0,0.000686636369209737,0,0,0,0,0,0,0,0,0,0,0,0,0,0,0,0,0,0,0,0,0,0,0,0,0,0,0,0,0,0,0,0,0,0,0,0,0,0,0,0,0,0,0,0,0,0.000209907637326978,0,0.00509316940270987,0,0,0,0,0,0.00685565402717267,0,0,0,0,0,0,0,0,0,0,0,0,0,0,0,0,0,0,0,0,0,0,0,0.00025902084330161,0,0,0,0
0,0,0,0,0,0.0353035652885801,0,0,0,0,0,0.00619948173621348,0,0.00623116926111065,0,0,0,0,0,0.00238760570232165,0,0,0,0,0,0,0,0,0,0,0,0,0,0,0,0,0,0,0,0,0,0,0,0,0,0,0,0,0,0,0,0.0208229665124026,0,0.0816327139017119,0,0,0,0.00325801123747686,0,0.00172972483322588,0,0,0,0,0,0,0,0,0,0,0,0,0,0,0,0,0,0,0,0,0,0,0.000241186063984233,0,0,0,0
0.0625292994247184,0,0.0591001191304162,0,0.0255668907595047,0,0,0,0,0,0,0,0,0,0.0143836901820374,0,0.000293843740799638,0,0,0,0,0,0,0,0.00474951455985393,0,0,0,0,0,0,0,0,0,0,0,0,0,0.000678634378019806,0,0,0,4.98020405158262e-05,0,0,0,0,0,0.00167264137739714,0,0.00514877828634457,0,0,0,0.361566108969621,0,0.000216494791381206,0,0.000227256999293752,0,0.0233000653651125,0,0,0,0,0,0,0.0262279009597091,0,0.000237977376096983,0,8.16602068281486e-05,0,6.97230056841691e-05,0,0,0,0,0,0,0,0.00115789721916393,0.000245981725825896,0,0.00632365666098932,0,0
0,0.126714807634098,0,0.118299577397501,0,0.033171911086213,0,0,0,0,0,0,0,0,0,0.0554554250774759,0,0.00660558730468285,8.44852072537801e-05,0,0,0,0,0.0165561721695377,0,0.000201805266661286,0,0,0,0,0,0,0,0,0,0,0,0.000208538819036821,0,0,0,0.000177667069064575,0,0,0,0.000401075491139569,0,0,0,0.000744349872871204,0,0.0148991022217555,0,0,0,0.157818155071114,0,0,0,0,0,0.0114015494168018,0,0,0,0,0.0199187368076794,0,0,0,0,0,0,0,0,0,0,0,0,0,0.000416439889655972,0,0.00339643947490285,0,0.0153508896420831,0.000261649153643152,0
0,0,0,0,0,0,0,0,0,0,0,0,0,0,0,0,0,0,0,0,0.0055218845241004,0,0,0,0,0,0,0,0,0,0.000882620806542112,0,0,0,0,0,4.10037114331571e-05,0,0.00715155965117638,0,0,0,0,0,0,0,0,0,0,0,0,0,0.000492364747591433,0,0,0,0.0448813590509605,0,0,0,0,0,0,0.000101618501977913,0,0,0,0,0,0,0,0,0,0.000114444594473104,0,0,0,0,0,0,0,0.00202479709611612,0.00205143981856976,0,0,0,0
0,0,0,0,0,0.00119998105113557,0,0.00619948173621348,0,0,0,0,0,0.00547437913711934,0,0,0,0,0,0.0236943520198689,0,0,0,0,0,0,0,7.35699868528172e-05,0,0,0,0,0,0,0,0.00306493919868909,0,0.0121069591961356,0,2.78857637225245e-05,0,0,0,0,0,0.000741587413297031,0,0,0,0,0,0,0,0.00432870344603985,0,0,0,0.155341067510462,0,0.000200977798890784,0,0,0.00221502075413571,0,0,0,0,0,0,0,0,0,0.00490861603904807,0,0,0,0,0,0.00141130348301439,0,0.00555246461074977,0,0.00130155701206079,0,0.00283654855735498,0,0
0,0,0,0,0,0,0,0,0,0,0,0,0,0,0.0041049350354894,0,0,0,0,0,0,0,0,0,0,0,0,0,0,0,0,0,0,0,0,0,0,0,0,0,0,0,0,0,0,0,0,0,0,0,0.000131543472659385,0,0,0,0,0,0,0,0.0327538059212577,0,0,0,0,0,0,0,0,0,0,0,0,0,0,0,0,0,0,0,0,0,0,0,1.17771196269613e-05,0,0,0,0
0,0,0,0,0,0.000739928624532277,0,0.00623116926111065,0,0,0,0.00547437913711934,0,0,0,0.0654605543394193,0,0,0,0,0,0,0,0,0,0.00261935267948664,0,0,0,0,0,0,0,0,0,0,0,0,0,0,0,0,0,0,0,0,0,0,0,0,0,0.00301892311579847,0,0.00929908727764398,0,0,0,0.0103292527729945,0,0.0348503401155029,0,0.0144751085263409,0,0,0,0,0,0,0,0,0.000109325761724663,0,0,0,0,0,0,0,0,0,0,0,0.000293695629063395,0.000122113846372538,0,0,0
0,0,0,0,0,0,0,0,0.0143836901820374,0,0,0,0.0041049350354894,0,0,0,0,0,0,0,0,0,0,0,0,0,0,0,0,0,0,0,0,0,0,0,0,0,0,0,0,0,0,0,0,0,0,0,0,0,0,0,0,0,0.0197475852451785,0,6.61694288617096e-05,0,0.0171889841913009,0,0.0279033883142509,0,0,0,0,0,0,0,0,0,0,0,0,0,0,0,0,0,0,0,0,0,4.71444582217373e-06,0,0,0,0
0,0,0,0,0,0,0,0,0,0.0554554250774759,0,0,0,0.0654605543394193,0,0,0,0.00386219163429272,4.46602235578989e-05,0,0,0,0,0,0,0.00836635564154205,0,0,0,0,0,0,0,0,0,0,0,0,0,0,0,0,0,0,0,0,0,0,0,0,0,0.00172418329268301,0,0.000838453787150001,0,0.00991370731329514,0,0,0,0.0174799633249698,0,0.0221306111574192,0,0,0,0,0,0,0,0,0,0,0,0,0,0,0,0,0,1.13608848987581e-05,0,0,0.000637225819472536,0,0,0,0
0,0,0,0,0,0,0,0,0.000293843740799638,0,0,0,0,0,0,0,0,0.215927740211382,0.065737186953897,0,0,0,0.00160113214267361,0,0,0,0,0,0,0,0,0,0,0,0,1.72871073906673e-05,2.98515934155057e-05,0,3.96676534438736e-05,0.00130384133559593,0.000123993175113118,0.000360548495976998,0.000245343740036888,0.000160795893699956,0,0.00076364124692796,0.00089325177334678,4.86342379292873e-05,0,7.51631903737387e-05,0,0,0,0,0,0,0,2.6989370102877e-05,0,0,0,0,0,9.61635056344924e-05,0,0.00186056710470078,0,0,0,0,0,1.15809328273056e-05,3.94777853524367e-05,0.000177435896390237,0,0,0,0,0.000251720375395004,0.00042228666564077,0.000100163028179844,0.00033751118189251,0.0107468858434422,9.19900789365317e-06,0.000759830682068001,0,0.000422465027647772
0,0,0,0,0,0,0,0,0,0.00660558730468285,0,0,0,0,0,0.00386219163429272,0.215927740211382,0,0.0747562842925235,0,0,0,0,5.32793419552036e-05,0,0.00216759964739852,0,0,0,0,0,0,0,0,0,1.35332018073774e-05,5.63331870193333e-05,1.22355731642661e-05,1.87456230189924e-05,0.000415207595106448,8.7538386191956e-05,0.000173265123888417,0.000157790770337057,5.25040345711204e-05,0,0.000184281743318515,0.000775688247622221,0,0,1.45906154677892e-05,0,0,0,0,0,0,0,0,0,0,0,0,0,0.000450465106399949,7.69743946875678e-05,0,0,0,0.000339678333701395,0,0,0,0,7.7393133330142e-05,0,0,0,0,0.00015438193551219,0.00065455443438035,5.15533042999374e-05,0.000346233295919045,0.0191087787657492,2.73527196862101e-06,0.000230945944889512,0,6.57127741287157e-05
0,0,0,0,0,0,0,0,0,8.44852072537801e-05,0,0,0,0,0,4.46602235578989e-05,0.065737186953897,0.0747562842925235,0,1.62593645852088e-05,0.000119294158154761,0,0,0,0,0,0,0,0,0,0,0,0,0,0,0.000879725369227461,0.00184115387275614,2.76328355880226e-05,0.00080500845775975,0.0367598374439845,0.00537688587866171,0.0330059622534263,0.0181254968940287,0.006243052184816,0.000349047604999298,0.00912262351198786,0.0210512394624396,0.000186820351278832,0,0.00522828888190013,0,0,0,0,0,0,6.48734072622968e-06,0.00025271535376331,0,0,0,0,8.01243913519356e-05,0.00977633649715098,0,0,0,0,0,0,1.06425427174916e-05,9.06197693584001e-05,0.00141073732535386,0.00302111056703742,0,0,0,0,0.00849163917667303,0.0122167006127107,0.00347488357112938,0.0139394885844168,0.00572769703685766,1.40932148413544e-05,0.0197894510295928,0.00366085657944832,0.00587486448641578
0,0,0,0,0,0.000351008058638982,0,0.00238760570232165,0,0,0,0.0236943520198689,0,0,0,0,0,0,1.62593645852088e-05,0,0,0,0,0,0,0,0,0,0,0,0,0,0,0,0,0.0148403829741749,0,0.000953147837001051,0,0.000220011781988482,0,7.70770551898755e-06,0,0,0,0.00871402274244559,0,0,0,0,0,0,0,0,0,0,0,0.00152029607222566,0,0,0,0,0.190409880852127,0,0,0,0,0,0,0,0,0,0.00401640591494681,0,0,0,0,0,0.00866564364937434,0,0.00324520057637939,0,0.00213292979479519,0,0.00790743614756267,0,0
0,0,0,0,0.00308791646197085,0,0,0,0,0,0.0055218845241004,0,0,0,0,0,0,0,0.000119294158154761,0,0,0,0,0,0,0,0,0,0,0,0,0,0,0,0,8.92890150800669e-07,0.00962567960582604,0,0.00355656488982569,0,0.000156189970659148,0,4.07810485669027e-05,0,0,5.82466487283916e-06,0.00248392923898458,0,0.000115994811756132,0,0.0232475675662609,0,0.00617463178058045,0,0,0,0.0383583498701421,0,0.000172401756036505,0,0,0,0,0.0744754780909175,0,0,0,0,0,0,0,0.000604749668340037,0,0.00736833235625137,0,0,0,0,0,0.00487116439904387,0,0.00470084700281411,0.00102755844333574,0,0.00231139960577697,0,0
0,0,0,0,0,0,0,0,0,0,0,0,0,0,0,0,0,0,0,0,0,0,0.0037358534932208,0.00526451018843884,0,0.00223800932142792,0,0.00113868524771675,0,0,0,0,0,0,0,0,0,0.00657222932331084,0,0,0,0,0,0,0,0,0,0,0,0.00107356496548956,0,0,0,0,0,0,0,1.08050796055218e-05,0,0,0,0,0,0,0.0875563989801727,0.00230986032934236,0.00619509418472224,0,0.00335761705149068,0,0.00140736497988333,0,0,0,0,0,0,0,0,0,0.00317142193940902,0,0.00213081635162329,0.000135165997145861,1.66712461393031e-05,0,0
0,0,0,0,0,0,0,0,0,0,0,0,0,0,0,0,0.00160113214267361,0,0,0,0,0.0037358534932208,0,0,0.00514530346653732,0,0.00406867578539768,0,1.41816817631479e-05,0,0,0,0,0,0,0,0,0,0.00496022915098862,0,0,0,0,0,0,0,0,0,0.000720205701791476,0,0,0,0,0,0,0,0,0,0,0,0,0,0,0,0,0.0987089119767098,0,0.00400287331348356,0,0.00132102500824214,0,3.57087247681704e-05,0,0,0,0,0,0,0,0,0,0.00106178976543085,0.00280024567859822,0.000176254852531718,0.000151032213171452,0,0
0,0,0,0,0,0,0,0,0,0.0165561721695377,0,0,0,0,0,0,0,5.32793419552036e-05,0,0,0,0.00526451018843884,0,0,0,0.0492736255490969,0,0,0,0,0,0,0,0,0,0,0,0.0048773862244602,0,0,0,0,0,0,0,0,0,0,0,0.00440477996238584,0,0,0,0,0,0.0355377599271752,0,9.79924817616014e-05,0,0,0,0,0,0,0.00223646612540366,0,0.183879822999855,0,0.00838966020523919,0,0.000198531308643926,0,2.31379087969178e-05,0,0,0,0,0,0,0,0.00219336414066959,0,0.000573237448205613,0,0.00143180928607873,0,0
0.000789408156328265,0,0,0,0,0,0,0,0.00474951455985393,0,0,0,0,0,0,0,0,0,0,0,0,0,0.00514530346653732,0,0,0,0.0330084668972669,0,0,0,0,0,0,0,0,0,0,0,0.00433384180641913,0,0,0,0,0,0,0,0,0,0.000242957893321007,0,0,0,0,0,0.0147537030865226,0,0,0,0,0,0,0,0,0,0,0.0033582907577654,0,0.18417781719253,0,0.0405421319036439,0,0,0,0,0,0,0,0,0,0,0,0.00230895214629927,5.66471788216796e-05,0,0.000810397081094841,0,0
0,0,0,0,0,0,0,0,0,0.000201805266661286,0,0,0,0.00261935267948664,0,0.00836635564154205,0,0.00216759964739852,0,0,0,0.00223800932142792,0,0.0492736255490969,0,0,0,0.000644019587335894,0,0,0,0,0,0,0,0,0,0,0,0,0,0,0,0,0,0,0,0,0,0,0,0,0,0,0,0,0,0,0,0,0,0,0,0,0.000967353594424351,0,0.00016520734061487,0,0.0647353794576592,0,0.00196258386905108,0,0,0,0,0,0,0,0,0,0,0,0.000388844206397182,2.97250172091091e-05,0,0,0
0,0,0,0,0,0,0,0,0,0,0,0,0,0,0,0,0,0,0,0,0,0,0.00406867578539768,0,0.0330084668972669,0,0,0,4.3339761759853e-05,0,0,0,0,0,0,0,0,0,0,0,0,0,0,0,0,0,0,0,0,0,0,0,0,0,0.00161175637489732,0,0,0,0,0,0,0,0,0,0,0.00301509011193788,0,0.0227880340417396,0,0.0218108363252278,0,0,0,0,0,0,0,0,0,0,0,0,5.05697436767902e-05,0,0,0,0
0,0,0,0,0,0,0,0,0,0,0,7.35699868528172e-05,0,0,0,0,0,0,0,0,0,0.00113868524771675,0,0,0,0.000644019587335894,0,0,0,0.00209586410980245,0,0,0,0,0,0,0,6.63239988679042e-05,0,0,0,0,0,0,0,0,0,0,0,0,0,0,0,0,0,0,0,0.000162979267770424,0,0,0,0,0,0,9.45692178445467e-06,0,0,0,0.000732254560330834,0,0.0183184967723332,0,0.000725382331742442,0,0,0,0,0,0,0,0,0,0,0,0,0,0
0,0,0,0,0,0,0,0,0,0,0,0,0,0,0,0,0,0,0,0,0,0,1.41816817631479e-05,0,0,0,4.3339761759853e-05,0,0,0,0.0106201567441884,0,0,0,0,0,0,0,0.000110773541897716,0,0,0,0,0,0,0,0,0,0,0,0,0,0,0,0,0,0,0,0,0,0,0,0,0,0,0.000774019417994706,0,0,0,0.000131613582198042,0,0.00962214548556698,0,0,0,0,0,0,0,0,0,0,2.1085565650508e-05,0,0,0,0
0,0,0,0,0,0,0,0,0,0,0,0,0,0,0,0,0,0,0,0,0,0,0,0,0,0,0,0.00209586410980245,0,0,0,0,0,0,0,0,0,0.000175502526095883,0,0,0,0,0,0,0,0,0,0,0,0,0,0,0,0,0,0,0,0.00131943462032897,0,0,0,0,0,0,0,0,0,0,0,0,0.000176931755856331,0,0.0473266329583031,0,0,0,0,0,0,0,0.000509593061878864,0,0,0,0,0,0
0,0,0,0,0,0,0,0,0,0,0.000882620806542112,0,0,0,0,0,0,0,0,0,0,0,0,0,0,0,0,0,0.0106201567441884,0,0,0,0,0,0,0,0,0,0.00684893908746275,0,0,0,0,0,0,0,0,0,0,0,0,0,0,0,0,0,0.00772610124468621,0,0,0,0,0,0,5.37502496228792e-05,0,0,0,0,0,0,0,0.0153161159868786,0,0.0236956618134412,0,0,0,0,0,0,0,0,0.000410473134516368,0,0,0,0
0,0,0,0,0,0,0,0,0,0,0,0,0,0,0,0,0,0,0,0,0,0,0,0,0,0,0,0,0,0,0,0,0.0194849423390629,0.0119671563161229,0.00230624274914233,0.00675753497668634,0,0,0,0,0,0,0,0,0,0,0,0.00249984950931953,0,0,0,0,0,0,0,0,0,0,0,0,0,0,0,0,0,0,0,0,0,0,0,0,0,0,0.0375756178260734,0.0179653885513231,0.00574816077965685,0,0.00508655034828751,2.15383169267134e-05,0,0,0.00451461182484548,0,0,0,0
0,0,0,0,0,0,0,0,0,0,0,0,0,0,0,0,0,0,0,0,0,0,0,0,0,0,0,0,0,0,0,0.0194849423390629,0,0.000247627009636797,0.00319618663450278,0.000834256466979643,0.00307175655971472,0,0,0,0,0,0,0,0,0,0,0.044678265197545,0.00138157680884425,0,0,0,0,0,0,0,0,0,0,0,0,0,0,0,0,0,0,0,0,0,0,0,0,0,0.000466508598894738,0.13239058961418,0,0.00394361527606273,0,0.0109497485022741,0,0,0.00242156812172869,0,0,0,0
0,0,0,0,0,0,0,0,0,0,0,0,0,0,0,0,0,0,0,0,0,0,0,0,0,0,0,0,0,0,0,0.0119671563161229,0.000247627009636797,0,0.0944594856026452,0.0220528446086528,0,0.00297053482630135,0,0,0,0,0,0,0,0,0,0.125728473559311,0.00010553548233954,0,0,0,0,0,0,0,0,0,0,0,0,0,0,0,0,0,0,0,0,0,0,0,0,0,0.000560611399064855,0,0.106186318121826,0.013099410659177,0.00396159004723129,0,0,0,0.00282526154969009,3.48423006583146e-05,0,0,0
0,0,0,0,0,0,0,0,0,0,0,0,0,0,0,0,0,0,0,0,0,0,0,0,0,0,0,0,0,0,0,0.00230624274914233,0.00319618663450278,0.0944594856026452,0,0,0.00594444483523596,0,0.00343065441817213,0,0,0,0,0,0,0,0,0.0150405325447308,0.000578068006195346,0,0,0,0,0,0,0,0,0,0,0,0,0,0,0,0,0,0,0,0,0,0,0,0,0,0,0.0046726853563559,0.00282812865731327,0.121975530572819,0,0.0104081393934913,0,0.00643706619439961,0.000240213849241541,0,0,0,0
0,0,0,0,0,0.000119665320005009,0,0,0,0,0,0.00306493919868909,0,0,0,0,1.72871073906673e-05,1.35332018073774e-05,0.000879725369227461,0.0148403829741749,8.92890150800669e-07,0,0,0,0,0,0,0,0,0,0,0.00675753497668634,0.000834256466979643,0.0220528446086528,0,0,0.0028390260929585,0.0207889001658307,2.65628250986725e-05,0.000661654316856526,1.79774620418735e-05,0.00103468230334944,0.000235058301109412,0.00101790021089758,0,0.00192157199390055,6.17251531037646e-05,0.00102941963824826,0.00040588090959084,0.000589666673487109,0,0,0,0,0,0,0,2.26003750658518e-05,0,0,0,0,0.0121978157843478,2.14299686982355e-05,0,0,0,0,0,0,0,0,8.14175662066551e-05,4.40628040187828e-06,0.00175845421037831,0,0.0113568586502607,0,0.12057012783543,0.00010569912101496,0.00214382635974184,4.90964302748695e-05,0.0158772584766091,0.000433828579622121,0.00241079829974747,2.25358184519586e-05,2.88776048980653e-05
0,0,0,0,0,0,0,0,0,0,4.10037114331571e-05,0,0,0,0,0,2.98515934155057e-05,5.63331870193333e-05,0.00184115387275614,0,0.00962567960582604,0,0,0,0,0,0,0,0,0,0,0,0.00307175655971472,0,0.00594444483523596,0.0028390260929585,0,0.000306240022448717,0.0205424939842898,0.00017845835267551,0.00110874635442095,0.000126743888654011,0.00100362688034264,1.46025139845943e-05,3.3961301899989e-05,9.74390676456157e-05,0.00329874269346923,0.000170759696849466,0.000483072648519114,9.98767426414824e-06,6.42041959426005e-05,0,0,0,0,0,0.000151010535483307,0,0,0,0,0,0,0.00969408362487463,0,0,0,0,0,0,0,0.000138972654940316,1.17136602110625e-06,0.000487858500640916,0,0.00275043559031072,0,0.000497303640148124,0.000229700682300331,0.0805781425513607,4.39823988095587e-05,0.0212956698389883,0.0154368889676986,0.000533513201290856,0.00220536092059532,0,0.000162566804784531
0,0,0,0,0,0,0,0,0,0.000208538819036821,0,0.0121069591961356,0,0,0,0,0,1.22355731642661e-05,2.76328355880226e-05,0.000953147837001051,0,0.00657222932331084,0,0.0048773862244602,0,0,0,6.63239988679042e-05,0,0.000175502526095883,0,0,0,0.00297053482630135,0,0.0207889001658307,0.000306240022448717,0,0.00014930656746409,1.74029320867868e-05,1.58362001941338e-05,0.000309192468297304,2.11927654681981e-05,4.98672354746327e-05,0,0.00010377396874878,2.35974110768228e-06,0.000139313747808612,0,0.00226940911055464,0,0,0,0,0,0.000199976719080259,0,0.000766820388373124,0,0,0,0,0.00123241300640403,4.9007103724622e-06,0.001861621389814,0,0.00185055429736426,0,6.56828973609865e-06,0,0,0,0.000659980728674194,0,0,0,0.00104372361828145,0,0.00955374526393125,9.84228117851166e-06,0.076683291776115,8.27934381596412e-07,0.00861622142572903,0.0011807575836296,0.00538818551373695,0,0
3.0673712121967e-06,0,0,0,1.16537960317823e-05,0,0,0,0.000678634378019806,0,0.00715155965117638,0,0,0,0,0,3.96676534438736e-05,1.87456230189924e-05,0.00080500845775975,0,0.00355656488982569,0,0.00496022915098862,0,0.00433384180641913,0,0,0,0.000110773541897716,0,0.00684893908746275,0,0,0,0.00343065441817213,2.65628250986725e-05,0.0205424939842898,0.00014930656746409,0,7.03016197732638e-05,0.000106494292979817,5.05387124282544e-05,0.00117652057337914,1.5458988758481e-05,1.80757609207997e-05,1.79079550859725e-05,0.00190501611289758,0.000667519800033281,0.00205200855468662,3.80579314075873e-06,0,0,0,0,0.000431535086713197,0,0.00383887003484906,0,0,0,0,0,0,0.00377030834790888,0,0.00422951026674735,0,0.00613063956588056,0,0,0,0,0,0.00601827481335898,0,0,0,0.00084642056263687,3.69957669572812e-05,0.00523153980320686,3.55049380141594e-06,0.0911472293647131,0.00558206650715197,0.000455941500427518,0.00179316664702493,0,0.00122216412157942
0,0,0,0,0,0,0,0,0,0,0,2.78857637225245e-05,0,0,0,0,0.00130384133559593,0.000415207595106448,0.0367598374439845,0.000220011781988482,0,0,0,0,0,0,0,0,0,0,0,0,0,0,0,0.000661654316856526,0.00017845835267551,1.74029320867868e-05,7.03016197732638e-05,0,0.000819540569480862,0.129114156306698,0.0199029162750603,0.0425880952238481,0.000196162175230137,0.181266565565164,0.00560957970809043,0.00791589232437863,0.000462873738253697,0.129532022509914,0,0,0,0,0,0,1.06062563657664e-05,0.00111644495160006,0,0,0,0,0.0212235951343485,0.00169316251191646,0,0,0,0,0,0,7.10054675848922e-05,7.93233486153229e-05,0.00651980600996043,0.00111169852833778,5.36556994145245e-05,0,0,0,0.0182173912887896,0.00155393308903032,0.00295973208950798,0.000793024186596369,0.00210581003133146,0,0.070977770223468,0.0125523589701623,0.00166971830796181
0,0,0,0,0.000219718859708231,0,0,0,0,0,0,0,0,0,0,0,0.000123993175113118,8.7538386191956e-05,0.00537688587866171,0,0.000156189970659148,0,0,0,0,0,0,0,0,0,0,0,0,0,0,1.79774620418735e-05,0.00110874635442095,1.58362001941338e-05,0.000106494292979817,0.000819540569480862,0,0.000464075241389596,0.0354626820642508,1.76080903452865e-05,0.000859721697284766,0.000288167286042634,0.0309458761508026,0.00312995011616897,0.0095590212106646,9.24909967346002e-05,0.0006508773695077,0,0,0,1.70010417590754e-05,0,0.000174565991721987,5.58489130279695e-05,3.33630845085423e-05,0,0,0,0,0.0095465145103306,0,0,0,0,0,0,0,0.000543267650964884,4.95523686867691e-05,0.00284030773389384,0,0,0,0,0.000167779948069792,0.0056656557297701,6.29743672020833e-05,0.00128243833643578,6.76263855240141e-05,0,0.0204750801437042,0,0.00541770414951224
0,0.0104901718820104,0,0.00119093333725112,0,0,0,0,0,0.000177667069064575,0,0,0,0,0,0,0.000360548495976998,0.000173265123888417,0.0330059622534263,7.70770551898755e-06,0,0,0,0,0,0,0,0,0,0,0,0,0,0,0,0.00103468230334944,0.000126743888654011,0.000309192468297304,5.05387124282544e-05,0.129114156306698,0.000464075241389596,0,0.0333550277760383,0.00702627058602002,6.80626929710658e-05,0.0104415161909548,0.00188026896675883,0.00254806892362472,3.29912425355431e-05,0.0476631633447163,0,0,0,0,0,2.43186613556701e-05,0,0.00560396864568601,0,0,0,0,0.00433284872771641,0.000745076424293316,0,0,8.99885950644769e-05,0,0,0,0.00035225309648483,4.52978455635898e-06,0.0551293862025107,0.000233064645393524,0.000111789474111828,0,0,0,0.0146708073317309,0.00120031837324086,0.0118949580259122,0.000730430478400431,0.0020395625004139,5.61767580554821e-06,0.0912159798042999,0.0800153992808486,0.000799619758510482
0.00499753552673045,0,0,0,2.66026032011219e-05,0,0,0,4.98020405158262e-05,0,0,0,0,0,0,0,0.000245343740036888,0.000157790770337057,0.0181254968940287,0,4.07810485669027e-05,0,0,0,0,0,0,0,0,0,0,0,0,0,0,0.000235058301109412,0.00100362688034264,2.11927654681981e-05,0.00117652057337914,0.0199029162750603,0.0354626820642508,0.0333550277760383,0,0.000342288536841551,0.00341477607311821,0.00228104345576548,0.0866892321460156,0.000417485430485451,0.00329820408971206,0.00310901893957668,0,0,0,0,1.67906914176619e-05,0,0.000443843361990134,5.45796895718489e-06,0,0,0,0,7.54447229196622e-05,0.037885824500244,0,0,0,0,0,0,0,0.0104256957326055,0.000248198836422277,0.0289942668885017,1.4461687768355e-05,0,0,0,0.00289091835939759,0.0188346559171494,0.000633764158815114,0.0114507748610971,0.0028317961434872,0,0.0953980334489754,0.00146989784063753,0.079298741537933
0,0,0,0,0,0,0,0,0,0,0,0,0,0,0,0,0.000160795893699956,5.25040345711204e-05,0.006243052184816,0,0,0,0,0,0,0,0,0,0,0,0,0,0,0,0,0.00101790021089758,1.46025139845943e-05,4.98672354746327e-05,1.5458988758481e-05,0.0425880952238481,1.76080903452865e-05,0.00702627058602002,0.000342288536841551,0,0.00023248253971974,0.0166552087623497,0.000509754098522391,0.000680019321652385,0,0.0032017084076749,0,0,0,0,0,0,0,0.000627371945823855,0,0,0,0,5.5128009307298e-05,0.000310670310288266,0,0,0,0,0,0,0,0,0.00899881632731087,0.000144498185378019,9.94540679220123e-05,0,0,0,0.0113231030215485,0.000139118293442083,0.0041582267603736,9.88985727198356e-05,0.000142275223420979,3.57339890628858e-06,0.0168582306772541,0.000910990309808722,5.56935974047271e-05
0,0,0,0,0,0,0,0,0,0,0,0,0,0,0,0,0,0,0.000349047604999298,0,0,0,0,0,0,0,0,0,0,0,0,0,0,0,0,0,3.3961301899989e-05,0,1.80757609207997e-05,0.000196162175230137,0.000859721697284766,6.80626929710658e-05,0.00341477607311821,0.00023248253971974,0,0,0.00184597399432071,1.52139382462303e-05,0,1.70259799538741e-05,0,0,0,0,0,0,0,0,0,0,0,0,0,0.00152354371501179,0,0,0,0,0,0,0,0,0,3.79688773096377e-05,0,0,0,0,2.61434250829131e-05,0.000482362897680294,1.32063482130968e-05,8.28979808021782e-05,4.19238512327257e-05,0,0.00135421192952393,0,0.000433834220996514
0,6.79681496854878e-05,0,0.0037426083999447,0,0.00754614427277688,0,0,0,0.000401075491139569,0,0.000741587413297031,0,0,0,0,0.00076364124692796,0.000184281743318515,0.00912262351198786,0.00871402274244559,5.82466487283916e-06,0,0,0,0,0,0,0,0,0,0,0,0,0,0,0.00192157199390055,9.74390676456157e-05,0.00010377396874878,1.79079550859725e-05,0.181266565565164,0.000288167286042634,0.0104415161909548,0.00228104345576548,0.0166552087623497,0,0,0.0018522526127721,0.00414502562703016,0.00198228071064529,0.00945637975682067,0,0,0,0,0,0,6.20663765446301e-06,0.0113009465634234,0,0,0,0,0.0802519256744809,0.000940638245023444,0,0,0,0,0,0,0.000258291826045422,2.00909345484353e-05,0.0461967676511836,0.000228172660972854,0.000297779075883169,0,0,0,0.0366653939287411,0.000712182054970079,0.0127572639063149,0.000479427380254426,0.00105161793562737,1.78260103959044e-06,0.0989234647527876,0.000961710800992753,9.4595520157018e-05
0,0,0.000162696742771412,0,0.00048911695293154,0,0,0,0,0,0,0,0,0,0,0,0.00089325177334678,0.000775688247622221,0.0210512394624396,0,0.00248392923898458,0,0,0,0,0,0,0,0,0,0,0,0,0,0,6.17251531037646e-05,0.00329874269346923,2.35974110768228e-06,0.00190501611289758,0.00560957970809043,0.0309458761508026,0.00188026896675883,0.0866892321460156,0.000509754098522391,0.00184597399432071,0.0018522526127721,0,0.000136636060615662,0.00941211970587174,0.000453817348426714,0.000214404148751591,0,0,0,0,0,0.00118574043550953,3.34331452568898e-05,0,0,0,0,0,0.0838230120526463,0,0,0,0,0,0,0,0.00200910212530094,0.000141829373346122,0.0217811609332732,0,0,0,0,0.000503012477151204,0.0211573142717861,7.65099616105456e-05,0.0140532677986214,0.000666336316761535,0,0.0468363185006411,0,0.00224742335613266
0.000252085528840488,0,0,0,0,0,0,0,0,0,0,0,0,0,0,0,4.86342379292873e-05,0,0.000186820351278832,0,0,0,0,0,0,0,0,0,0,0,0,0.00249984950931953,0.044678265197545,0.125728473559311,0.0150405325447308,0.00102941963824826,0.000170759696849466,0.000139313747808612,0.000667519800033281,0.00791589232437863,0.00312995011616897,0.00254806892362472,0.000417485430485451,0.000680019321652385,1.52139382462303e-05,0.00414502562703016,0.000136636060615662,0,0.107752301180667,0.0126925699870879,0,0,0,0,0,0,0,5.90718936965787e-05,0,0,0,0,3.09593333456405e-05,0,0,1.90736169178828e-05,0,0,0,0,8.82458532687713e-06,0,0.000291805733651987,0,0.0560615726155531,0.0198284585737256,0.0359270707794945,0.0388682469250646,0.0107436489687843,0.01099457710187,4.60661114570829e-05,0.00374990242284897,0.00270944322955116,0.000203642805319791,0.00708158042557464,0.000122833858746473,1.29948100962617e-05
0.0133891332798313,0,0.0162673315431321,0,0.000105323758145255,1.85303941792813e-05,0,0,0.00167264137739714,0,0,0,0,0,0,0,0,0,0,0,0.000115994811756132,0,0.000720205701791476,0,0.000242957893321007,0,0,0,0,0,0,0,0.00138157680884425,0.00010553548233954,0.000578068006195346,0.00040588090959084,0.000483072648519114,0,0.00205200855468662,0.000462873738253697,0.0095590212106646,3.29912425355431e-05,0.00329820408971206,0,0,0.00198228071064529,0.00941211970587174,0.107752301180667,0,4.18546306104502e-05,8.80555652103877e-05,0,0,0,0.00480186859345267,0,0.000408461927713743,7.39736194005219e-05,0,0,0.00246234665541539,0,0,0.00122033149479002,0,0.00103943519781373,0,0.00238177822365489,0,0.000292062933471042,0,0.000458011292654362,0.000224550239516925,0.00146785366841008,0,0.000643404712971911,0.000372381914443887,0.00715857267615949,0.000789442547018141,0.00692179353996007,8.60723813399863e-06,0.00580654579597568,0.000769195044447847,0,0.0181148710244679,0,9.89388683635584e-05
0,0.0145749985107314,0,0.00353199200657052,0,0,0,0,0,0.000744349872871204,0,0,0,0,0,0,7.51631903737387e-05,1.45906154677892e-05,0.00522828888190013,0,0,0.00107356496548956,0,0.00440477996238584,0,0,0,0,0,0,0,0,0,0,0,0.000589666673487109,9.98767426414824e-06,0.00226940911055464,3.80579314075873e-06,0.129532022509914,9.24909967346002e-05,0.0476631633447163,0.00310901893957668,0.0032017084076749,1.70259799538741e-05,0.00945637975682067,0.000453817348426714,0.0126925699870879,4.18546306104502e-05,0,0,0,0,0,0,0.00136350499943244,0,0.00727298858957176,0,0,0,0.000336991298038949,0.000917047621817757,0.000246790951124018,0.00475179839294125,0,0.00498642534940366,0,0.00499154351758917,0,0.00465456725901473,0,0.0098566131743464,1.7254677862409e-05,0.00076036382873137,0,0,0,0.00697662343112676,0.000234215211556736,0.00508884228480606,9.01644991258101e-05,0.00139668833537067,0,0.0422772148762193,0.00464334180096214,5.97457393133535e-05
0,0,0.0175229321244579,0,0.0957311471408906,0,0.000209907637326978,0,0.00514877828634457,0,0,0,0.000131543472659385,0,0,0,0,0,0,0,0.0232475675662609,0,0,0,0,0,0,0,0,0,0,0,0,0,0,0,6.42041959426005e-05,0,0,0,0.0006508773695077,0,0,0,0,0,0.000214404148751591,0,8.80555652103877e-05,0,0,0,0.000637450197245926,0,0.0247436164660811,0,0.00410695259550664,0,0.00179040395217726,0,0.0233497561302304,0,0,0.0176278878626642,0,0,0,0,0,0,0,5.761514112392e-05,0,5.5594645053416e-05,0,0,0,0,0,0.000584484476593656,0,0,5.2184836955535e-05,0,0.0105193226210647,0,0
0,0.00425200021604992,0,0.0538322438911598,0,0.152523519383525,0,0.0208229665124026,0,0.0148991022217555,0,0,0,0.00301892311579847,0,0.00172418329268301,0,0,0,0,0,0,0,0,0,0,0,0,0,0,0,0,0,0,0,0,0,0,0,0,0,0,0,0,0,0,0,0,0,0,0,0,0,0.0163889294109972,0,0.00216069347108718,0,0.0157585855304201,0,0.00527348833177449,0,0.00492020371502276,0,0,0,0,0,0,0,0,0,0,0,0,0,0,0,0,0,0,0,0,1.97159192299305e-05,0,0.00101745290664672,0,0
0,0,0,0,0,0,0.00509316940270987,0,0,0,0.000492364747591433,0,0,0,0,0,0,0,0,0,0.00617463178058045,0,0,0,0,0,0,0,0,0,0,0,0,0,0,0,0,0,0,0,0,0,0,0,0,0,0,0,0,0,0.000637450197245926,0,0,0,0,0,0.00607818331869944,0,0,0,0,0,0,0,0,0,0,0,0,0,0,0,0,0,0,0,0,0,0,8.78436189017426e-06,0,0,2.92441062865292e-05,0,1.9401616856668e-05,0,0
0,0,0,0,0,0.0334029505533056,0,0.0816327139017119,0,0,0,0.00432870344603985,0,0.00929908727764398,0,0.000838453787150001,0,0,0,0,0,0,0,0,0,0,0,0,0,0,0,0,0,0,0,0,0,0,0,0,0,0,0,0,0,0,0,0,0,0,0,0.0163889294109972,0,0,0,0,0,0.0066251094067021,0,0.00345705229411575,0,0,0,0,0,0,0,0,0,0,0,0,0,0,0,0,0,0,0,0,0,0,0.000356601393717885,0,0,0,0
0.0210527626069193,0,0.0266750337411405,0,0.00752581601772453,0,0,0,0.361566108969621,0,0,0,0,0,0.0197475852451785,0,0,0,0,0,0,0,0,0,0.0147537030865226,0,0.00161175637489732,0,0,0,0,0,0,0,0,0,0,0,0.000431535086713197,0,1.70010417590754e-05,0,1.67906914176619e-05,0,0,0,0,0,0.00480186859345267,0,0.0247436164660811,0,0,0,0,0,0.00266586136101887,0,0.000515806407079767,0,0.0995801816223646,0,0,0,0,0,0,0.155727720339984,0,0.0113773817339196,0,2.76909678290386e-05,0,0,0,0,0,0,0,0,0,0.00139171496148084,0.000217100890707646,0,0.00429859743318814,0,0
0,0.135604832444881,0,0.00362611486444231,0,0.000441267595210334,0,0,0,0.157818155071114,0,0,0,0,0,0.00991370731329514,0,0,0,0,0,0,0,0.0355377599271752,0,0,0,0,0,0,0,0,0,0,0,0,0,0.000199976719080259,0,0,0,2.43186613556701e-05,0,0,0,0,0,0,0,0.00136350499943244,0,0.00216069347108718,0,0,0,0,0,0,0,0,0,0.0246315421976495,0,0,0,0,0.0706690460165604,0,0,0,0,0,0,0,0,0,0,0,0,0,0.00071250268059092,0,0.000103898306450542,0,0.0009090724641879,0,0
0,0,0.00547067184402356,0,0.00456529097656551,0,0,0,0.000216494791381206,0,0.0448813590509605,0,0,0,6.61694288617096e-05,0,0,0,6.48734072622968e-06,0,0.0383583498701421,0,0,0,0,0,0,0,0,0,0.00772610124468621,0,0,0,0,0,0.000151010535483307,0,0.00383887003484906,1.06062563657664e-05,0.000174565991721987,0,0.000443843361990134,0,0,6.20663765446301e-06,0.00118574043550953,0,0.000408461927713743,0,0.00410695259550664,0,0.00607818331869944,0,0.00266586136101887,0,0,0,0.00312619408976564,0,0.00370487393106065,0,0,0.0729803220842288,0,0,0,0,0,0,0,0.00720305454184346,0,0.0328293446386028,0,0,0,0,0,0.000271360039950626,0,0.00248768877590059,0.000996600693130862,0,0.0147364602587757,0,0.000563626402554333
0,0.00454032389024557,0,0.00014127178954691,0,0.00559480807784599,0,0.00325801123747686,0,0,0,0.155341067510462,0,0.0103292527729945,0,0,2.6989370102877e-05,0,0.00025271535376331,0.00152029607222566,0,1.08050796055218e-05,0,9.79924817616014e-05,0,0,0,0.000162979267770424,0,0.00131943462032897,0,0,0,0,0,2.26003750658518e-05,0,0.000766820388373124,0,0.00111644495160006,5.58489130279695e-05,0.00560396864568601,5.45796895718489e-06,0.000627371945823855,0,0.0113009465634234,3.34331452568898e-05,5.90718936965787e-05,7.39736194005219e-05,0.00727298858957176,0,0.0157585855304201,0,0.0066251094067021,0,0,0,0,0,0.00638294340433841,0,0.000742208962456485,0.014448910416218,0,0.000253977929594735,0,5.11441468181197e-05,0,0.00153653434937857,0,0.00440037140669162,0,0.0276532514086111,0,0,0,0,0,0.000147557604375636,2.89867585673172e-05,0.000363715510985516,0,9.54016358436724e-05,0,0.0132092127279122,0.00255915040393445,0
0,0,0.00352453259165729,0,0,0,0.00685565402717267,0,0.000227256999293752,0,0,0,0.0327538059212577,0,0.0171889841913009,0,0,0,0,0,0.000172401756036505,0,0,0,0,0,0,0,0,0,0,0,0,0,0,0,0,0,0,0,3.33630845085423e-05,0,0,0,0,0,0,0,0,0,0.00179040395217726,0,0,0,0.000515806407079767,0,0.00312619408976564,0,0,0,0.00235662253696512,0,0,0.000746688516675935,0,0,0,0,0,0,0,0,0,0,0,0,0,0,0,1.8520606799267e-05,0,0,3.87570453225205e-05,0,0.0053169072804501,0,0
0,0.00054539715275484,0,0.00442870104904956,0,0.00597782351145013,0,0.00172972483322588,0,0,0,0.000200977798890784,0,0.0348503401155029,0,0.0174799633249698,0,0,0,0,0,0,0,0,0,0,0,0,0,0,0,0,0,0,0,0,0,0,0,0,0,0,0,0,0,0,0,0,0,0,0,0.00527348833177449,0,0.00345705229411575,0,0,0,0.00638294340433841,0,0,0,0.00113117677229382,0,0,0,0,0,0,0,0,0.00202931005492644,0,0,0,0,0,0,0,0,0,0,0,0.000283027407799817,9.55437625226365e-05,6.98236819984333e-05,0,0
0.0186836734437995,0,0.0247422379628151,0,0.00610013505596899,0,0,0,0.0233000653651125,0,0,0,0,0,0.0279033883142509,0,0,0,0,0,0,0,0,0,0,0,0,0,0,0,0,0,0,0,0,0,0,0,0,0,0,0,0,0,0,0,0,0,0.00246234665541539,0,0.0233497561302304,0,0,0,0.0995801816223646,0,0.00370487393106065,0,0.00235662253696512,0,0,0,0,0,0,0,0,0,0,0,0,0.00150606329470022,0,0,0,0,0,0,0,0,0,0,9.58360729041814e-06,0,0.0019981777261108,0,0
0,0.00535182729557215,0,0.00505253729090118,0,0,0,0,0,0.0114015494168018,0,0,0,0.0144751085263409,0,0.0221306111574192,0,0,0,0,0,0,0,0,0,0,0,0,0,0,0,0,0,0,0,0,0,0,0,0,0,0,0,0,0,0,0,0,0,0.000336991298038949,0,0.00492020371502276,0,0,0,0.0246315421976495,0,0.000742208962456485,0,0.00113117677229382,0,0,0,0,0,0,0,0,0,0,0,0,0,0,0,0,0,0,0,0,0,0,3.51611177173759e-05,0,0,0,0
0,0,0,0.000207776739194945,0,0.0024565721432823,0,0,0,0,0,0.00221502075413571,0,0,0,0,0,0,8.01243913519356e-05,0.190409880852127,0,0,0,0,0,0,0,0,0,0,0,0,0,0,0,0.0121978157843478,0,0.00123241300640403,0,0.0212235951343485,0,0.00433284872771641,7.54447229196622e-05,5.5128009307298e-05,0,0.0802519256744809,0,3.09593333456405e-05,0,0.000917047621817757,0,0,0,0,0,0,0,0.014448910416218,0,0,0,0,0,0,2.48426230732004e-05,0,0,0,2.32714658893727e-05,0,0.00100216704073965,0,0.0045273826185521,0,0,0,0,0,0.0442020760312909,7.11015155871689e-07,0.00210176477159472,0,0.000356335390696989,0,0.0258451980772642,0.000314536980120465,0
0,0,0,0,0.000417627770967096,0,0,0,0,0,0.000101618501977913,0,0,0,0,0,9.61635056344924e-05,0.000450465106399949,0.00977633649715098,0,0.0744754780909175,0,0,0,0,0,0,0,0,0,5.37502496228792e-05,0,0,0,0,2.14299686982355e-05,0.00969408362487463,4.9007103724622e-06,0.00377030834790888,0.00169316251191646,0.0095465145103306,0.000745076424293316,0.037885824500244,0.000310670310288266,0.00152354371501179,0.000940638245023444,0.0838230120526463,0,0.00122033149479002,0.000246790951124018,0.0176278878626642,0,0,0,0,0,0.0729803220842288,0,0.000746688516675935,0,0,0,0,0,0,0,0,0,0,2.8761270576408e-05,0,0.0101517784828497,3.93666221362721e-05,0.0397766051236621,0,0,0,0,0.000244463410217298,0.0201624235520643,6.79061333505357e-05,0.0117704595233616,0.000309190068913281,0,0.0260104407624865,2.56313472072171e-05,0.00146396323971891
0,0,0,0,0,0,0,0,0,0,0,0,0,0,0,0,0,7.69743946875678e-05,0,0,0,0.0875563989801727,0,0.00223646612540366,0,0.000967353594424351,0,9.45692178445467e-06,0,0,0,0,0,0,0,0,0,0.001861621389814,0,0,0,0,0,0,0,0,0,0,0,0.00475179839294125,0,0,0,0,0,0,0,0.000253977929594735,0,0,0,0,2.48426230732004e-05,0,0,0,0.0147685963648767,0,0.00648923774451325,0,0.0236616716415243,0,7.20812145452729e-06,0,0,0,0,0,0,0,0.00537615528243563,0,0.000471785206999007,0,8.87289801608117e-05,0,0
0,0,0,0,0,0,0,0,0,0,0,0,0,0,0,0,0.00186056710470078,0,0,0,0,0.00230986032934236,0.0987089119767098,0,0.0033582907577654,0,0.00301509011193788,0,0.000774019417994706,0,0,0,0,0,0,0,0,0,0.00422951026674735,0,0,0,0,0,0,0,0,1.90736169178828e-05,0.00103943519781373,0,0,0,0,0,0,0,0,0,0,0,0,0,0,0,0,0,0,0.00995807058424108,0,0.0192395773963775,0,0.00136070362329349,0,0,0,0,0,0,0,0,0,0.00217487560694177,0.000563971245645379,0.000689555391889692,0.00036195993934846,0,0
0,0.00119198157113921,0,0,0,0,0,0,0,0.0199187368076794,0,0,0,0,0,0,0,0,0,0,0,0.00619509418472224,0,0.183879822999855,0,0.00016520734061487,0,0,0,0,0,0,0,0,0,0,0,0.00185055429736426,0,0,0,8.99885950644769e-05,0,0,0,0,0,0,0,0.00498642534940366,0,0,0,0,0,0.0706690460165604,0,5.11441468181197e-05,0,0,0,0,0,0,0.0147685963648767,0,0,0,0.00221503253575126,0,0.000338933273689027,0,0,0,0,0,0,0,0,0,0.00625652210346441,0,0.000324739051602239,0,0.00641320833805961,0,0
0.000691032890342098,0,0,0,0,0,0,0,0.0262279009597091,0,0,0,0,0,0,0,0,0,0,0,0,0,0.00400287331348356,0,0.18417781719253,0,0.0227880340417396,0,0,0,0,0,0,0,0,0,0,0,0.00613063956588056,0,0,0,0,0,0,0,0,0,0.00238177822365489,0,0,0,0,0,0.155727720339984,0,0,0,0,0,0,0,0,0,0,0.00995807058424108,0,0,0,0.066369052725081,0,0.000439208137500473,0,0,0,0,0,0,0,0,0,0.0130251713015222,0.000104172528244433,0,0.0109437699573771,0,0
0,0,0,0,0,0,0,0,0,0,0,0,0,0,0,0,0,0.000339678333701395,0,0,0,0.00335761705149068,0,0.00838966020523919,0,0.0647353794576592,0,0.000732254560330834,0,0,0,0,0,0,0,0,0,6.56828973609865e-06,0,0,0,0,0,0,0,0,0,0,0,0.00499154351758917,0,0,0,0,0,0,0,0.00153653434937857,0,0,0,0,2.32714658893727e-05,0,0.00648923774451325,0,0.00221503253575126,0,0,0,0.00140883918271128,0,0,0,0,0,0,0,0,0,0,0,0.00027893415062118,1.47059652862531e-05,0.000357946174733006,0,0
0.000188749587362423,0,0,0,0,0,0,0,0.000237977376096983,0,0,0,0,0,0,0,0,0,0,0,0,0,0.00132102500824214,0,0.0405421319036439,0,0.0218108363252278,0,0.000131613582198042,0,0,0,0,0,0,0,0,0,0,0,0,0,0,0,0,0,0,0,0.000292062933471042,0,0,0,0,0,0.0113773817339196,0,0,0,0,0,0,0,0,2.8761270576408e-05,0,0.0192395773963775,0,0.066369052725081,0,0,0,0.0137562556812266,0,0,0,0,0,0,0,0,0,0,8.22937968763737e-05,0,0.000104747055401691,0,0
0,0,0,0,0,1.10267006414534e-05,0,0,0,0,0,0,0,0.000109325761724663,0,0,0,0,1.06425427174916e-05,0,0,0.00140736497988333,0,0.000198531308643926,0,0.00196258386905108,0,0.0183184967723332,0,0.000176931755856331,0,0,0,0,0,0,0,0,0,7.10054675848922e-05,0,0.00035225309648483,0,0,0,0.000258291826045422,0,8.82458532687713e-06,0,0.00465456725901473,0,0,0,0,0,0,0,0.00440037140669162,0,0.00202931005492644,0,0,0.00100216704073965,0,0.0236616716415243,0,0.000338933273689027,0,0.00140883918271128,0,0,0,0.00297751438872745,0,0,0,0,0,6.47174482194693e-06,0,1.23708831940333e-05,0,2.39537042397304e-06,0,0.00437542215764181,0,0
0,0,6.44115591568924e-05,0,0.000232384430064905,0,0,0,8.16602068281486e-05,0,0,0,0,0,0,0,1.15809328273056e-05,0,9.06197693584001e-05,0,0.000604749668340037,0,3.57087247681704e-05,0,0,0,0,0,0.00962214548556698,0,0.0153161159868786,0,0,0,0,0,0.000138972654940316,0,0,7.93233486153229e-05,0.000543267650964884,4.52978455635898e-06,0.0104256957326055,0,0,2.00909345484353e-05,0.00200910212530094,0,0.000458011292654362,0,5.761514112392e-05,0,0,0,2.76909678290386e-05,0,0.00720305454184346,0,0,0,0.00150606329470022,0,0,0.0101517784828497,0,0.00136070362329349,0,0.000439208137500473,0,0.0137562556812266,0,0,0,0.0248163632644386,0,0,0,0,2.41911093882766e-06,0.000220282110716636,3.7512301630507e-06,0.00139917000567499,4.83646593204668e-05,0,0.0151061332223289,0,0.00976986578432821
