0,0,6.81691768605222,0,0,0,0,0,3.46817396871196,0,0,0,0,0,0,0,0,0,3.91250877380371,0,0,0,0,0,0,0,0,0,0,0,0,0,0,0,0,0,0,0,0,0,0,0,21.5669978141785,0,5.76484743754069,0,0,30.880473030938,19.9530692550371,51.9097423553467,0,0,0,0,4.2094036050745,0,0,0,0,0,0,0,0,0,0,0,0,0,0,0,0,0,0,0,0,0,0,0,0,37.3283971150716,0,0,16.3268314803519,0,8.88188767651899,0,0
0,0,0,3.98971383653838,0,0,0,0,0,3.47897617022196,0,0,0,0,0,0,0,0,0,0,0,0,0,5.16232120990753,0,0,0,0,0,0,0,0,0,0,46.0721244812012,52.9185256958008,0,0,0,0,0,23.5310044569128,0,0,0,15.3324139912923,0,31.1543204443795,57.7069263458252,12.2813703317286,0,0,0,0,0,4.75587993272593,0,0,0,0,0,4.80872980493014,0,0,0,0,4.52386879920959,0,4.62208741241031,0,0,0,16.9448942144712,0,0,0,0,0,35.0241516960992,0,32.8394737243652,52.181884765625,12.5759803626848,0,8.82490686227468,0,0
6.81691768605222,0,0,0,4.8330913511912,0,0,0,6.25219365119934,0,0,0,0,0,0,0,61.733434677124,0,66.8460640907288,0,7.44554167527419,0,0,0,0,0,0,0,0,0,0,0,0,0,51.2328987121582,0,16.5835627024291,0,0,0,38.527190459402,0,37.3677431889717,0,0,0,15.6023303464402,49.3519579569499,35.4214162655219,42.3341674804688,4.28551489215786,0,0,0,7.69274723529816,0,26.5577614307404,0,0,0,0,0,114.851875305176,9.23730459991766,0,0,0,0,0,0,0,0,0,34.4905659512776,0,0,0,0,0,18.7090059814453,0,40.7988243604961,21.1324000333616,0,13.27471477383,0,22.6799165407817
0,3.98971383653838,0,0,0,0,0,0,0,3.5954065322876,0,0,0,0,0,0,66.5070419311523,83.6415252685547,46.6010208129883,8.58025148510933,0,0,0,0,0,0,0,0,0,0,0,0,0,0,0,16.1502880520291,0,0,0,47.3928467785871,0,41.3149251743239,0,0,0,25.1883194843928,0,48.2345542907715,0,9.03943180251908,0,3.16168975830078,0,0,0,0,0,3.39912472762071,0,2.96027681634233,0,2.98066730757017,15.7809003069997,0,0,0,0,0,0,0,0,0,41.7890071868896,0,0,0,0,0,35.2302625243728,0,41.5923997817501,0,14.0062832992349,0,12.6964838730946,80.2851206461589,0
0,0,4.8330913511912,0,0,0,0,0,4.56924871986893,0,0,0,0,0,4.09058165550232,0,0,0,0,0,4.59337128072545,0,0,0,0,0,0,0,0,0,0,0,0,0,0,0,18.6304933374578,0,0,0,0,0,0,0,0,0,15.3901767730713,0,0,0,3.05935824749082,0,0,0,2.85799515247345,0,3.38339948654175,0,3.10796168872288,0,0,0,0,5.62337146927329,0,0,0,0,0,0,0,0,0,0,0,0,0,0,0,14.4854145050049,0,0,4.15606122267874,0,9.62515545913151,0,0
0,0,0,0,0,0,0,0,0,2.88633545239766,0,0,0,2.97605853676796,0,3.56887785593669,0,0,0,0,0,0,0,0,0,0,0,0,0,0,0,0,0,0,0,0,0,0,0,0,0,0,0,0,0,0,0,0,0,0,0,3.09589086499131,0,2.95643346959894,0,3.15693793513558,0,3.0577073097229,0,3.38633293680625,0,4.44327604448473,0,0,0,0,0,0,0,0,0,0,0,0,0,0,0,0,0,0,0,0,2.74758148193359,0,0,0,0
0,0,0,0,0,0,0,0,0,0,0,0,0,0,0,0,0,0,0,0,0,0,0,0,0,0,0,0,0,0,0,0,0,0,0,0,0,0,0,0,0,0,0,0,0,0,0,0,0,0,0,0,2.81135082244873,0,0,0,0,0,0,0,0,0,0,0,0,0,0,0,0,0,0,0,0,0,0,0,0,0,0,0,0,0,0,0,0,0,0
0,0,0,0,0,0,0,0,0,0,0,0,0,0,0,0,0,0,0,0,0,0,0,0,0,0,0,0,0,0,0,0,0,0,0,0,0,0,0,0,0,0,0,0,0,0,0,0,0,0,0,0,0,2.8021904097663,0,0,0,0,0,3.47969101196112,0,0,0,0,0,0,0,0,0,0,0,0,0,0,0,0,0,0,0,0,0,0,0,0,0,0,0
3.46817396871196,0,6.25219365119934,0,4.56924871986893,0,0,0,0,0,0,0,0,0,0,0,26.5933532714844,0,0,0,0,0,0,0,3.48646477460861,0,0,0,0,0,0,0,0,0,0,0,0,0,0,0,43.3415667215983,0,23.5188428560893,0,0,0,16.276013247172,27.5767478942871,23.2496576905251,0,0,0,0,0,5.34670119170094,0,0,0,0,0,0,0,0,0,0,0,0,2.99100136756897,0,0,0,0,0,38.187801361084,0,0,0,0,0,0,0,0,5.8614075924411,0,6.2682306380364,0,0
0,3.47897617022196,0,3.5954065322876,0,2.88633545239766,0,0,0,0,0,0,0,0,0,3.25114819407463,0,0,0,0,0,0,42.7842674255371,8.07230489070599,0,0,0,0,0,0,0,0,0,17.8280984333583,0,0,0,8.06748343487816,0,0,0,0,0,0,0,0,0,0,0,8.89382469243017,0,0,0,0,0,6.55059533758747,0,0,0,0,0,5.09015167843212,0,0,0,0,12.4524717571759,0,18.2741068431309,0,0,0,0,0,0,0,17.4361705780029,0,0,0,10.3072072390852,0,6.519737509208,0,7.26593862235091,0,0
0,0,0,0,0,0,0,0,0,0,0,0,0,0,0,0,0,0,0,0,4.24019031952589,0,0,0,0,0,0,0,0,0,5.77217408860793,0,0,0,0,0,2.74143600463867,0,4.2088441948096,0,0,0,0,0,0,0,10.2972574234009,0,0,0,0,0,0,0,0,0,5.3232399279283,0,0,0,0,0,0,5.82822272843785,0,0,0,0,0,0,0,0,0,5.42499293898144,0,0,0,0,0,4.55180497964223,0,5.192736937205,5.16588773609193,0,4.79585253397624,0,0
0,0,0,0,0,0,0,0,0,0,0,0,0,2.93025715100138,0,0,0,0,0,3.15301958681864,0,0,0,0,0,0,0,2.96245074272156,0,3.12817758605594,0,0,0,0,0,2.98806903487758,0,3.87674472294748,0,0,0,0,0,0,0,0,0,0,0,0,0,0,0,0,0,0,0,6.66043397548161,0,2.84874045848846,0,0,4.81023758015734,0,0,0,0,0,0,0,2.7476224899292,0,9.25266575813293,0,0,0,0,0,0,0,4.77244406852169,0,2.88424782111095,0,0,0,0
0,0,0,0,0,0,0,0,0,0,0,0,0,0,0,0,0,0,0,0,0,0,0,0,0,0,0,0,0,0,0,0,0,0,0,0,0,0,0,0,0,0,0,0,0,0,0,0,0,0,0,0,0,0,0,0,0,0,3.34799592835563,0,9.09748268127441,0,0,0,0,0,0,0,0,0,0,0,0,0,0,0,0,0,0,0,0,0,0,0,0,0,0
0,0,0,0,0,2.97605853676796,0,0,0,0,0,2.93025715100138,0,0,0,3.16541223526001,0,2.82092849413554,0,0,0,0,0,0,0,0,0,0,0,0,0,0,0,0,0,0,0,0,0,0,0,0,0,0,0,0,0,0,0,0,0,0,0,0,0,0,0,0,0,3.71622931835603,0,4.60273679421872,0,0,0,0,0,0,0,0,11.8568887710571,0,0,0,0,0,0,0,0,0,0,0,0,0,0,0,0
0,0,0,0,4.09058165550232,0,0,0,0,0,0,0,0,0,0,0,6.56060628890991,26.7614688873291,0,0,0,0,24.2808880805969,0,22.0550861358643,0,9.24419689178467,0,0,0,0,0,0,0,0,0,0,0,0,0,0,0,0,0,0,0,0,0,0,0,0,0,0,0,0,0,0,0,0,0,0,0,0,0,0,21.7367916107178,0,0,0,3.41814961433411,0,0,0,0,0,0,0,0,0,0,0,0,14.8360611051321,0,0,0,0
0,0,0,0,0,3.56887785593669,0,0,0,3.25114819407463,0,0,0,3.16541223526001,0,0,0,0,0,0,0,0,0,0,0,0,0,0,0,0,0,0,0,0,0,0,0,0,0,0,0,0,0,0,0,0,0,0,0,0,0,0,0,0,0,5.89736863970757,0,0,0,2.73535712560018,0,3.15006492514359,0,0,0,0,0,0,0,0,0,0,0,0,0,0,0,0,0,0,0,0,3.48176046304925,0,0,0,0
0,0,61.733434677124,66.5070419311523,0,0,0,0,26.5933532714844,0,0,0,0,0,6.56060628890991,0,0,21.1462977555446,22.958071302618,0,0,29.8103581297782,15.5922224559027,37.8920974458967,18.3251152012589,43.9747694333394,7.25106340289346,0,0,0,0,0,0,0,60.8603477478027,98.3874099731445,86.8434604845549,0,0,74.1642474006204,61.8212286420343,58.9050032266756,50.8989920504099,50.687526067098,75.2442016601562,71.5139328776926,62.9051525049042,69.9532749469464,69.3984656082956,82.7873687744141,0,0,0,0,0,0,0,0,0,0,3.37190341949463,0,80.7716114835919,71.1500960962096,56.2802581787109,14.6116775838067,44.0205106735229,17.3740698623657,48.9915373802185,8.91693046066787,0,0,0,74.2920504978725,0,0,0,72.0457000732422,77.4996407261601,64.2596998209135,73.723211071708,58.923453476118,20.2150102879422,11.7865433792273,54.8984719799683,54.5486693382263,51.1923576552292
0,0,0,83.6415252685547,0,0,0,0,0,0,0,0,0,2.82092849413554,26.7614688873291,0,21.1462977555446,0,22.8230201430932,0,0,20.5296478764705,42.333016677443,22.7861827723682,37.0294877202887,9.01908096768598,43.3350788184575,3.87900094985962,0,0,0,0,0,0,0,76.7308438889524,90.5314799717494,0,0,64.9655825432311,72.2245238488462,47.34397561955,60.2465324825711,41.5699392954508,0,60.9739328712855,63.4989681243896,69.3740234375,61.2279396057129,69.9692779541016,0,0,0,0,0,0,0,0,0,0,0,0,68.6859248324138,72.651799422044,23.1904710365247,44.1186575094859,18.0952485084534,0,8.1449079041041,45.2216430664063,3.70416208317405,0,75.9090054829915,91.4873644510905,0,0,0,0,61.3326669611535,75.2233612982781,56.3230297615712,71.0944996883995,20.5988939489342,13.6477080395347,54.6899525812801,39.8889911670496,82.0544551213582
3.91250877380371,0,66.8460640907288,46.6010208129883,0,0,0,0,0,0,0,0,0,0,0,0,22.958071302618,22.8230201430932,0,0,0,49.560218435819,41.6723688527157,41.7522473865085,40.2266715880363,46.3044372558594,30.6560290943493,0,0,0,0,0,0,0,51.1935386657715,62.0760233111498,64.4774845991984,61.6594785054525,47.0315017700195,58.2214206802511,40.361313100026,37.8897554256871,39.9566697926554,18.9099237835198,5.37742398899688,38.8234289994251,26.7610798465336,50.9110301091121,60.3985876267956,70.9465268452962,0,0,0,0,0,0,0,102.009887695312,0,0,0,0,44.729942970917,43.4109584779988,41.3556213378906,37.266824798584,40.9226228169032,0,38.6401952107747,0,0,0,50.0206866794162,52.3142336677102,0,0,0,0,48.0614731479303,49.1354299890095,54.4575550454376,48.3449946214955,24.5658393805893,49.9766464233398,22.8498556584531,39.9923208350435,39.2617111876607
0,0,0,8.58025148510933,0,0,0,0,0,0,0,3.15301958681864,0,0,0,0,0,0,0,0,0,0,0,0,0,0,0,0,0,0,0,0,0,0,0,4.57822910590803,0,6.7934282376216,0,0,0,0,0,0,0,19.9759330749512,0,0,0,0,0,0,0,0,0,0,0,6.31125378328211,0,0,0,0,5.10619365144521,0,0,0,0,0,0,0,0,0,13.2452453231812,0,0,0,0,0,7.37022165293048,0,15.2951154186485,0,5.14035025596619,0,5.24322261980602,0,0
0,0,7.44554167527419,0,4.59337128072545,0,0,0,0,0,4.24019031952589,0,0,0,0,0,0,0,0,0,0,0,0,0,0,0,0,0,0,0,10.0518808364868,0,0,0,0,0,3.06174452937379,0,3.86971421802745,0,0,0,0,0,0,0,8.69084542939643,0,0,0,5.97002235580893,0,0,0,0,0,3.32198718935251,0,0,0,0,0,0,4.47452025244286,0,0,0,0,0,0,0,0,0,8.58723791590277,0,0,0,0,0,6.6324360363433,0,8.13609732190768,3.19336792336235,0,4.664365969364,0,0
0,0,0,0,0,0,0,0,0,0,0,0,0,0,0,0,29.8103581297782,20.5296478764705,49.560218435819,0,0,0,7.65275219873506,7.7077262388588,35.7894123077393,10.1579509636601,31.5925126075745,0,0,0,0,0,0,21.8195266723633,0,0,0,8.68185290694237,0,0,93.5863215128581,91.5857467651367,83.8053817749023,0,0,80.6624794006348,86.163444519043,0,0,8.82029348746278,0,0,0,0,0,0,0,20.0751094818115,0,0,0,0,35.4247512817383,85.2881164550781,5.01353097805126,23.1287424299452,9.57341277258737,0,15.0200249903823,0,12.9701272249222,0,0,0,0,0,0,0,84.4649028778076,77.4039077758789,9.88275183374232,82.6199747721354,8.64178028729659,4.54604041576385,85.0109481811523,0,0
0,0,0,0,0,0,0,0,0,42.7842674255371,0,0,0,0,24.2808880805969,0,15.5922224559027,42.333016677443,41.6723688527157,0,0,7.65275219873506,0,28.5983963012695,10.6995437041573,37.5100898742676,9.92036139965057,0,2.85185718536377,0,0,0,0,0,0,0,0,0,11.1908697873275,0,84.1017818450928,90.633861541748,59.831485748291,0,0,82.4230461120605,0,34.4253940582275,9.65959858591017,0,0,0,0,0,0,0,0,0,0,0,0,0,0,129.252685546875,0,4.54399356726863,0,9.11350518465042,0,9.87349205091596,0,4.71120966153543,91.4528656005859,12.8921674092611,0,0,0,0,97.9370727539062,84.6329002380371,73.9616088867188,8.76365788935354,10.3623990281236,5.2741552771944,96.4988861083984,0,0
0,5.16232120990753,0,0,0,0,0,0,0,8.07230489070599,0,0,0,0,0,0,37.8920974458967,22.7861827723682,41.7522473865085,0,0,7.7077262388588,28.5983963012695,0,35.6995468139648,16.2890665829182,0,0,0,0,0,0,0,16.1985296938154,0,0,0,6.48429699176181,0,77.8903045654297,74.0857162475586,0,100.100189208984,0,0,0,0,0,0,7.88768511037946,0,0,0,0,0,5.12993576386396,0,0,0,0,0,0,71.9420394897461,0,5.00219779401212,0,4.28024376630783,0,15.871669822269,0,0,0,0,0,0,0,15.4410898208618,0,70.1266174316406,93.030766805013,11.3074459135532,0,17.7328802386731,0,5.13452337671827,0,0
0,0,0,0,0,0,0,0,3.48646477460861,0,0,0,0,0,22.0550861358643,0,18.3251152012589,37.0294877202887,40.2266715880363,0,0,35.7894123077393,10.6995437041573,35.6995468139648,0,42.3621234893799,6.27679687187451,0,0,0,0,0,0,0,0,0,0,0,4.64701414582741,0,0,55.3313980102539,81.5492630004883,0,0,0,0,0,6.2228930646074,0,0,0,0,0,3.99402404458899,0,0,0,0,0,0,0,0,0,0,12.3854364517123,0,7.06767052755906,0,3.92424875966619,0,0,0,0,0,0,0,0,0,68.0994853973389,112.591201782227,4.85910051696155,11.6504707648028,0,4.79094023129036,111.278053283691,0
0,0,0,0,0,0,0,0,0,0,0,0,0,0,0,0,43.9747694333394,9.01908096768598,46.3044372558594,0,0,10.1579509636601,37.5100898742676,16.2890665829182,42.3621234893799,0,0,5.00526809692383,0,0,0,0,0,0,0,0,0,0,0,0,0,0,0,0,0,0,0,0,0,0,0,0,0,0,0,0,0,0,0,0,0,0,0,0,10.1576321541684,0,5.18662689129512,0,5.21249901738941,0,0,0,0,0,0,0,0,0,0,0,75.9245681762695,0,13.8799231564808,0,0,0,0
0,0,0,0,0,0,0,0,0,0,0,0,0,0,9.24419689178467,0,7.25106340289346,43.3350788184575,30.6560290943493,0,0,31.5925126075745,9.92036139965057,0,6.27679687187451,0,0,0,0,0,0,0,0,0,0,0,0,0,0,0,0,0,165.815933227539,0,0,0,0,0,0,0,0,0,0,0,0,0,0,0,0,0,0,0,0,0,0,9.45918580363779,41.9257507324219,11.5895938873291,47.0078239440918,4.43676847836067,0,0,0,0,0,0,0,0,0,0,85.236946105957,0,16.0358576510481,26.0375328063965,0,0,0
0,0,0,0,0,0,0,0,0,0,0,2.96245074272156,0,0,0,0,0,3.87900094985962,0,0,0,0,0,0,0,5.00526809692383,0,0,0,3.03692294209046,0,0,0,0,0,0,0,0,0,0,0,0,0,0,0,0,0,0,0,0,0,0,0,0,0,0,0,0,0,0,0,0,0,0,2.9545636177063,0,0,0,0,0,3.61409915818108,0,3.36759424209595,0,0,0,0,0,0,0,0,0,4.24545118885656,0,0,0,0
0,0,0,0,0,0,0,0,0,0,0,0,0,0,0,0,0,0,0,0,0,0,2.85185718536377,0,0,0,0,0,0,0,0,0,0,0,0,0,0,0,2.80070477724075,0,0,0,0,0,0,0,0,0,6.31565278768539,0,0,0,0,0,0,0,0,0,0,0,0,0,0,0,0,0,0,0,0,0,0,4.46025383628612,0,3.59575223922729,0,0,0,0,0,0,0,4.27930092811584,0,0,0,0,0
0,0,0,0,0,0,0,0,0,0,0,3.12817758605594,0,0,0,0,0,0,0,0,0,0,0,0,0,0,0,3.03692294209046,0,0,0,0,0,0,0,0,0,3.2495272064209,0,0,0,0,0,0,0,0,0,0,0,0,0,0,0,0,0,0,0,0,0,0,0,0,0,0,0,0,0,0,0,0,2.74360027909279,0,7.2885886648832,0,0,0,0,0,0,0,3.56058457162645,0,3.14134316444397,0,0,0,0
0,0,0,0,0,0,0,0,0,0,5.77217408860793,0,0,0,0,0,0,0,0,0,10.0518808364868,0,0,0,0,0,0,0,0,0,0,0,0,0,0,0,0,0,3.86764394891435,0,45.3899383544922,0,64.443962097168,0,0,0,18.9011270523071,0,50.9937591552734,0,0,0,0,0,0,0,4.31198246806276,0,0,0,0,0,0,13.5196022669474,0,0,0,0,0,0,0,0,0,4.22150592247394,0,0,0,0,0,0,0,3.3828127524432,2.96637447675069,0,20.4504427115122,0,0
0,0,0,0,0,0,0,0,0,0,0,0,0,0,0,0,0,0,0,0,0,0,0,0,0,0,0,0,0,0,0,0,10.6338166997239,9.58518472739628,15.1655015945435,3.04394808837346,14.5907287597656,0,0,0,0,0,0,0,0,0,0,4.72746738535432,0,0,0,0,0,0,0,0,0,0,0,0,0,0,0,0,0,0,0,0,0,0,0,0,0,0,5.28917822770193,13.244618875009,24.5134311163867,17.7556383609772,5.78876041111193,16.187111227853,0,0,4.67390901308793,0,0,0,0
0,0,0,0,0,0,0,0,0,0,0,0,0,0,0,0,0,0,0,0,0,0,0,0,0,0,0,0,0,0,0,10.6338166997239,0,0,22.6243244974237,13.721332804362,22.3816138705471,0,0,0,0,0,0,0,0,0,0,5.77004365901132,0,0,0,0,0,0,0,0,0,0,0,0,0,0,0,0,0,0,0,0,0,0,0,0,0,0,13.2849845952458,7.75383440856413,4.66181251737807,25.8796446256045,17.4248194925993,19.1288886053977,0,0,3.86253865559896,0,0,0,0
0,0,0,0,0,0,0,0,0,17.8280984333583,0,0,0,0,0,0,0,0,0,0,0,21.8195266723633,0,16.1985296938154,0,0,0,0,0,0,0,9.58518472739628,0,0,8.82681636868435,3.76649117977061,20.0642347335815,6.18800515886666,16.7985112116887,0,0,40.6512069702148,44.0173225402832,0,0,0,0,8.91299557277261,23.0539571380615,13.8371316998504,0,0,0,0,0,18.2429215113322,0,0,0,0,0,0,0,0,29.7713359594345,0,16.6684616942738,0,0,0,0,0,0,0,36.3414164649116,0,7.49373917403663,10.8532209386723,12.4714736645339,0,10.1463928432614,20.551663623767,4.92527456559128,5.05868690154132,27.3480411226099,49.5113372802734,0
0,46.0721244812012,51.2328987121582,0,0,0,0,0,0,0,0,0,0,0,0,0,60.8603477478027,0,51.1935386657715,0,0,0,0,0,0,0,0,0,0,0,0,15.1655015945435,22.6243244974237,8.82681636868435,0,0,5.71276209189457,17.8286751031876,3.78276620354763,35.8437881469727,0,54.3335647583008,18.1529690424601,0,0,0,44.4854456583659,7.8641432535091,8.79714661836624,22.3456187166017,0,0,0,0,0,0,0,0,0,0,0,0,0,0,44.8388252258301,0,0,0,0,0,0,0,35.0283241271973,54.5223197937012,0,17.8712565035842,13.6394093407443,5.99382370225636,21.1120275497437,21.1380510706651,19.5417254072411,7.97980002299357,8.05031392745629,0,23.6277547972543,0,0
0,52.9185256958008,0,16.1502880520291,0,0,0,0,0,0,0,2.98806903487758,0,0,0,0,98.3874099731445,76.7308438889524,62.0760233111498,4.57822910590803,0,0,0,0,0,0,0,0,0,0,0,3.04394808837346,13.721332804362,3.76649117977061,0,0,5.1720527468281,4.83120579658737,0,15.7677909869414,127.466804504395,59.3757684906917,74.7015953063965,46.3585268656413,0,44.3053186681696,0,5.52101874686124,21.5760917663574,21.3616244040037,0,0,0,0,0,0,0,10.3952926901671,0,0,0,0,14.1247889389742,0,0,103.741222381592,0,0,0,0,0,0,0,0,0,13.0787743479013,4.04052157402039,48.4728775024414,8.44439704903155,10.5740339526108,7.54893842472137,0,6.1260443047064,4.06328012545903,43.8724000400372,42.3076537450155,0
0,0,16.5835627024291,0,18.6304933374578,0,0,0,0,0,2.74143600463867,0,0,0,0,0,86.8434604845549,90.5314799717494,64.4774845991984,0,3.06174452937379,0,0,0,0,0,0,0,0,0,0,14.5907287597656,22.3816138705471,20.0642347335815,5.71276209189457,5.1720527468281,0,0,6.44405083171914,5.48660337924957,77.3029597490683,0,61.4705407987765,0,47.5451421141624,172.321029663086,42.3921688625528,5.87701680571102,27.0137828191121,17.0020770345415,18.9985879489354,0,0,0,0,0,0,0,0,0,0,0,0,11.6251912195548,0,0,0,0,0,0,0,0,0,71.4433168683733,0,17.630749941482,0,22.5430958399902,6.37821695348846,7.36766110071071,122.793296813965,12.9391884307067,8.15641140455841,5.38978890577952,30.6174415570286,0,42.782886505127
0,0,0,0,0,0,0,0,0,8.06748343487816,0,3.87674472294748,0,0,0,0,0,0,61.6594785054525,6.7934282376216,0,8.68185290694237,0,6.48429699176181,0,0,0,0,0,3.2495272064209,0,0,0,6.18800515886666,17.8286751031876,4.83120579658737,0,0,6.09791027833968,0,0,14.7712156772614,0,42.4235649108887,0,43.4720723187482,0,9.65046652387626,25.0933755238851,7.08123509806135,0,0,0,0,0,11.5923970846549,0,4.57228459993998,0,0,0,0,8.1885733325477,0,11.2243629407616,0,10.4491468441511,0,0,0,15.9757652282715,0,2.94175934791565,0,0,0,6.90497543595054,23.7578859329224,8.85439183538828,0,5.8658572598272,9.74861574172974,7.43595065512878,7.43041598796844,6.69640210638901,0,0
0,0,0,0,0,0,0,0,0,0,4.2088441948096,0,0,0,0,0,0,0,47.0315017700195,0,3.86971421802745,0,11.1908697873275,0,4.64701414582741,0,0,0,2.80070477724075,0,3.86764394891435,0,0,16.7985112116887,3.78276620354763,0,6.44405083171914,6.09791027833968,0,0,76.3580932617188,0,30.1340808868408,0,0,0,32.6352943762755,6.7973091817473,5.98189420917288,24.513450895037,0,0,0,0,0,0,4.69329351107279,0,0,0,0,0,0,8.67920780181885,0,17.5685161181859,0,5.6849232192512,0,0,0,6.7174954255422,0,4.42308030305085,0,0,23.6858386993408,3.17151366463003,0,11.2027259339641,24.542010307312,5.78784710619306,5.42097415147347,2.95989179611206,6.69108058634588,0,0
0,0,0,47.3928467785871,0,0,0,0,0,0,0,0,0,0,0,0,74.1642474006204,64.9655825432311,58.2214206802511,0,0,0,0,77.8903045654297,0,0,0,0,0,0,0,0,0,0,35.8437881469727,15.7677909869414,5.48660337924957,0,0,0,0,26.4056665680625,61.3168235778809,26.5731335367475,0,19.8103613891179,0,5.95090443354387,0,12.5730902056315,0,0,0,0,0,0,0,46.5935461521149,0,33.9129524230957,0,0,9.80623262835006,0,0,0,0,0,0,0,71.092601776123,0,52.1447459629604,101.635360717773,0,0,42.1212215423584,0,11.3182980115664,88.34055519104,38.4038505478909,79.3377532958984,26.9299377901539,6.51410341262817,20.1809940456316,47.0128484188932,88.1326675415039
0,0,38.527190459402,0,0,0,0,0,43.3415667215983,0,0,0,0,0,0,0,61.8212286420343,72.2245238488462,40.361313100026,0,0,93.5863215128581,84.1017818450928,74.0857162475586,0,0,0,0,0,0,45.3899383544922,0,0,0,0,127.466804504395,77.3029597490683,0,76.3580932617188,0,0,73.4417131597345,27.8344372619065,0,32.422137928009,90.188351557805,18.5450383021308,43.5353426252093,17.0360612329186,0,0,0,0,0,0,0,38.6228981018066,0,0,0,0,0,113.579898834229,9.30076865802121,0,81.9194946289062,0,0,0,0,0,0,0,44.328615801675,0,0,0,0,88.8098515101841,34.3149450219409,94.3399319118924,42.866586570482,48.559060437826,0,20.9432840379123,79.9281721115112,46.097999902205
0,23.5310044569128,0,41.3149251743239,0,0,0,0,0,0,0,0,0,0,0,0,58.9050032266756,47.34397561955,37.8897554256871,0,0,91.5857467651367,90.633861541748,0,55.3313980102539,0,0,0,0,0,0,0,0,40.6512069702148,54.3335647583008,59.3757684906917,0,14.7712156772614,0,26.4056665680625,73.4417131597345,0,18.554570001799,24.4637627089584,0,30.9172200451895,52.4791615804036,17.1519477853497,31.1847399075826,19.4003021066091,0,0,0,0,0,0,0,22.0093053514777,0,0,0,28.9437284469604,31.9908204154575,67.6969833374023,35.4288973808289,0,0,0,0,65.6930541992188,28.9564101341927,0,19.4533088038312,47.319881439209,0,0,40.6785494486491,0,32.9604134803552,68.2989965626891,28.715874266276,62.5219858997273,24.649941858397,0,23.9165989200596,16.7524553976461,43.1506749933416
21.5669978141785,0,37.3677431889717,0,0,0,0,0,23.5188428560893,0,0,0,0,0,0,0,50.8989920504099,60.2465324825711,39.9566697926554,0,0,83.8053817749023,59.831485748291,100.100189208984,81.5492630004883,0,165.815933227539,0,0,0,64.443962097168,0,0,44.0173225402832,18.1529690424601,74.7015953063965,61.4705407987765,0,30.1340808868408,61.3168235778809,27.8344372619065,18.554570001799,0,0,13.7479088523171,68.3737856547038,37.2877150664836,15.7735250126963,17.1069417554716,49.9660148620605,0,0,0,0,0,0,25.5559253131642,0,0,0,0,0,67.952752494812,34.25147806078,0,0,0,0,0,61.9582748413086,0,0,0,23.5568293984669,0,0,0,32.0842711130778,71.4725673993429,33.1288907123991,62.4156174597802,27.8876216092999,22.5938749746843,0,19.098958251516,33.336672599499,19.9027941576025
0,0,0,0,0,0,0,0,0,0,0,0,0,0,0,0,50.687526067098,41.5699392954508,18.9099237835198,0,0,0,0,0,0,0,0,0,0,0,0,0,0,0,0,46.3585268656413,0,42.4235649108887,0,26.5731335367475,0,24.4637627089584,0,0,0,25.0522543589274,0,30.9519824981689,0,32.9642889316265,0,0,0,0,0,0,0,0,0,0,0,0,32.306839466095,94.748779296875,0,0,0,0,0,0,0,0,0,66.1802139282227,0,0,0,0,34.058925336721,78.2451477050781,50.6005062103271,84.5774078369141,20.70059633255,0,11.2946563707079,55.3264547983805,0
5.76484743754069,0,0,0,0,0,0,0,0,0,0,0,0,0,0,0,75.2442016601562,0,5.37742398899688,0,0,0,0,0,0,0,0,0,0,0,0,0,0,0,0,0,47.5451421141624,0,0,0,32.422137928009,0,13.7479088523171,0,0,0,13.0621569784064,0,47.6308059692383,0,0,0,0,0,0,0,0,0,0,0,0,0,0,43.0417025429862,0,0,0,0,0,0,0,0,0,24.7260338919503,0,0,0,0,0,34.2255531067544,0,28.3773074926332,56.9347292582194,0,6.62313967222696,0,2.7302770614624
0,15.3324139912923,0,25.1883194843928,0,0,0,0,0,0,0,0,0,0,0,0,71.5139328776926,60.9739328712855,38.8234289994251,19.9759330749512,0,80.6624794006348,82.4230461120605,0,0,0,0,0,0,0,0,0,0,0,0,44.3053186681696,172.321029663086,43.4720723187482,0,19.8103613891179,90.188351557805,30.9172200451895,68.3737856547038,25.0522543589274,0,0,74.7208366394043,43.8516172262338,0,44.0960577392578,0,0,0,0,0,0,0,31.9525366262956,0,0,0,0,13.1236234392439,79.3687973022461,0,135.669937133789,0,0,0,0,36.2577304840088,0,48.0797797441483,0,0,0,0,0,29.6669420763225,99.6721071515765,33.7240611178309,87.0658760070801,51.7505257734612,0,22.947212438259,53.036528423579,0
0,0,15.6023303464402,0,15.3901767730713,0,0,0,16.276013247172,0,10.2972574234009,0,0,0,0,0,62.9051525049042,63.4989681243896,26.7610798465336,0,8.69084542939643,86.163444519043,0,0,0,0,0,0,0,0,18.9011270523071,0,0,0,44.4854456583659,0,42.3921688625528,0,32.6352943762755,0,18.5450383021308,52.4791615804036,37.2877150664836,0,13.0621569784064,74.7208366394043,0,39.2489947150735,37.233899689763,56.9244728088379,13.0560245513916,0,0,0,16.6394991874695,0,14.4252204569903,0,0,0,0,0,101.684364318848,9.36923663631839,0,0,0,0,0,0,0,0,0,23.774618102055,0,0,0,43.3237857818604,97.0688613891602,25.474311253047,0,25.1326872805332,40.6912774517588,0,15.4602727600499,102.636070251465,55.6276795523507
30.880473030938,31.1543204443795,49.3519579569499,48.2345542907715,0,0,0,0,27.5767478942871,0,0,0,0,0,0,0,69.9532749469464,69.3740234375,50.9110301091121,0,0,0,34.4253940582275,0,0,0,0,0,0,0,0,4.72746738535432,5.77004365901132,8.91299557277261,7.8641432535091,5.52101874686124,5.87701680571102,9.65046652387626,6.7973091817473,5.95090443354387,43.5353426252093,17.1519477853497,15.7735250126963,30.9519824981689,0,43.8516172262338,39.2489947150735,0,9.85574959066179,11.7310431639611,0,0,0,0,0,0,0,0,0,0,0,0,0,0,31.2315926022,27.8773365020752,0,0,0,0,0,0,30.8634548187256,45.8376793180193,7.55330350760845,6.357450160434,15.6973924198631,12.8077350389078,6.76818327093833,6.6472931375775,19.122374840457,15.3383425470828,12.4878589517891,3.58670687675476,14.1357850066426,34.4599910736084,36.3774719238281
19.9530692550371,57.7069263458252,35.4214162655219,0,0,0,0,0,23.2496576905251,0,0,0,0,0,0,0,69.3984656082956,61.2279396057129,60.3985876267956,0,0,0,9.65959858591017,0,6.2228930646074,0,0,0,6.31565278768539,0,50.9937591552734,0,0,23.0539571380615,8.79714661836624,21.5760917663574,27.0137828191121,25.0933755238851,5.98189420917288,0,17.0360612329186,31.1847399075826,17.1069417554716,0,47.6308059692383,0,37.233899689763,9.85574959066179,0,19.3805834530803,0,0,0,0,2.94769012928009,0,5.67697777497141,0,6.32267191784441,0,4.61445816489291,0,0,44.9796663585462,52.5385780334473,5.65860753589206,0,8.2319593026938,0,0,0,4.30350773124134,0,47.254664182663,0,0,24.4081336127387,0,0,25.0659315114534,28.1930114642994,11.8752701882083,22.6329764724722,0,19.7646472440494,0,35.1781217326289
51.9097423553467,12.2813703317286,42.3341674804688,9.03943180251908,0,0,0,0,0,8.89382469243017,0,0,0,0,0,0,82.7873687744141,69.9692779541016,70.9465268452962,0,0,8.82029348746278,0,7.88768511037946,0,0,0,0,0,0,0,0,0,13.8371316998504,22.3456187166017,21.3616244040037,17.0020770345415,7.08123509806135,24.513450895037,12.5730902056315,0,19.4003021066091,49.9660148620605,32.9642889316265,0,44.0960577392578,56.9244728088379,11.7310431639611,19.3805834530803,0,0,0,0,0,45.1551971435547,11.7611141096462,0,15.8132221782627,0,16.2881073474884,0,8.21500205993652,47.0713316599528,0,5.27469242612521,0,8.69674907198974,0,6.67949386796201,0,6.8721547912724,0,20.4245920911431,0,0,0,24.8837734369131,24.6158812978993,34.7386566813723,34.436728477478,7.70007030199387,33.506079852581,26.8331889325175,32.0758857727051,19.0209745499671,24.6110711495082,0
0,0,4.28551489215786,0,3.05935824749082,0,0,0,0,0,0,0,0,0,0,0,0,0,0,0,5.97002235580893,0,0,0,0,0,0,0,0,0,0,0,0,0,0,0,18.9985879489354,0,0,0,0,0,0,0,0,0,13.0560245513916,0,0,0,0,0,3.27294437090556,0,0,0,0,0,3.23091040551662,0,0,0,0,6.47015375693639,0,0,0,0,0,0,0,0,0,0,0,0,0,0,0,15.9442558288574,0,0,5.10351207039573,0,7.20346243788556,0,0
0,0,0,3.16168975830078,0,3.09589086499131,0,0,0,0,0,0,0,0,0,0,0,0,0,0,0,0,0,0,0,0,0,0,0,0,0,0,0,0,0,0,0,0,0,0,0,0,0,0,0,0,0,0,0,0,0,0,0,0,0,0,0,0,0,3.10002460199244,0,0,0,0,0,0,0,0,0,0,0,0,0,0,0,0,0,0,0,0,0,0,0,0,2.74994516372681,0,0
0,0,0,0,0,0,2.81135082244873,0,0,0,0,0,0,0,0,0,0,0,0,0,0,0,0,0,0,0,0,0,0,0,0,0,0,0,0,0,0,0,0,0,0,0,0,0,0,0,0,0,0,0,3.27294437090556,0,0,0,0,0,0,0,0,0,0,0,0,0,0,0,0,0,0,0,0,0,0,0,0,0,0,0,0,0,0,0,0,0,0,0,0
0,0,0,0,0,2.95643346959894,0,2.8021904097663,0,0,0,0,0,0,0,0,0,0,0,0,0,0,0,0,0,0,0,0,0,0,0,0,0,0,0,0,0,0,0,0,0,0,0,0,0,0,0,0,0,0,0,0,0,0,0,0,0,0,0,3.05932749311129,0,0,0,0,0,0,0,0,0,0,0,0,0,0,0,0,0,0,0,0,0,0,3.02213247797706,0,0,0,0
4.2094036050745,0,7.69274723529816,0,2.85799515247345,0,0,0,5.34670119170094,0,0,0,0,0,0,0,0,0,0,0,0,0,0,0,3.99402404458899,0,0,0,0,0,0,0,0,0,0,0,0,0,0,0,0,0,0,0,0,0,16.6394991874695,0,2.94769012928009,45.1551971435547,0,0,0,0,0,0,0,0,0,0,0,0,0,0,0,0,0,3.60153551999053,0,0,0,0,0,0,0,0,0,0,0,0,0,0,12.853798866272,0,8.12088821916019,0,0
0,4.75587993272593,0,0,0,3.15693793513558,0,0,0,6.55059533758747,0,0,0,0,0,5.89736863970757,0,0,0,0,0,0,0,5.12993576386396,0,0,0,0,0,0,0,0,0,18.2429215113322,0,0,0,11.5923970846549,0,0,0,0,0,0,0,0,0,0,0,11.7611141096462,0,0,0,0,0,0,0,0,0,0,0,6.44759996479473,0,0,0,0,6.22757927179337,0,6.73625003695488,0,0,0,0,0,0,0,17.7940635681152,0,0,0,10.6026081874453,0,6.71429682731628,0,9.91413795300152,0,0
0,0,26.5577614307404,0,3.38339948654175,0,0,0,0,0,5.3232399279283,0,0,0,0,0,0,0,0,0,3.32198718935251,0,0,0,0,0,0,0,0,0,4.31198246806276,0,0,0,0,0,0,0,4.69329351107279,0,38.6228981018066,0,25.5559253131642,0,0,0,14.4252204569903,0,5.67697777497141,0,0,0,0,0,0,0,0,0,3.81910273006984,0,7.63867532038221,0,0,6.69256657585103,0,0,0,0,0,0,0,0,0,5.05702026426571,0,0,0,0,0,45.1162986755371,0,6.59992102725965,0,0,9.13094948956287,0,0
0,0,0,3.39912472762071,0,3.0577073097229,0,0,0,0,0,6.66043397548161,0,0,0,0,0,0,102.009887695312,6.31125378328211,0,20.0751094818115,0,0,0,0,0,0,0,0,0,0,0,0,0,10.3952926901671,0,4.57228459993998,0,46.5935461521149,0,22.0093053514777,0,0,0,31.9525366262956,0,0,0,15.8132221782627,0,0,0,0,0,0,0,0,0,3.77738830076682,0,0,10.0241081745594,0,26.4282851011857,0,0,0,0,0,14.8335911171877,0,11.0861545609617,0,0,0,0,0,26.3079393174913,0,12.2056408104431,0,4.25545914707288,0,7.75234752845854,24.8147394180298,0
0,0,0,0,3.10796168872288,0,0,0,0,0,0,0,3.34799592835563,0,0,0,0,0,0,0,0,0,0,0,0,0,0,0,0,0,0,0,0,0,0,0,0,0,0,0,0,0,0,0,0,0,0,0,6.32267191784441,0,3.23091040551662,0,0,0,0,0,3.81910273006984,0,0,0,5.52695001627352,0,0,0,0,0,0,0,0,13.2802286148071,0,0,0,0,0,0,0,0,0,0,0,0,0,0,0,0,0
0,0,0,2.96027681634233,0,3.38633293680625,0,3.47969101196112,0,0,0,2.84874045848846,0,3.71622931835603,0,2.73535712560018,0,0,0,0,0,0,0,0,0,0,0,0,0,0,0,0,0,0,0,0,0,0,0,33.9129524230957,0,0,0,0,0,0,0,0,0,16.2881073474884,0,3.10002460199244,0,3.05932749311129,0,0,0,3.77738830076682,0,0,0,3.88292249967886,15.5480217933655,0,0,0,0,0,0,0,7.51909142991771,0,0,0,0,0,0,0,0,0,0,0,16.4202728271484,0,7.76204703070901,0,0
0,0,0,0,0,0,0,0,0,0,0,0,9.09748268127441,0,0,0,3.37190341949463,0,0,0,0,0,0,0,0,0,0,0,0,0,0,0,0,0,0,0,0,0,0,0,0,0,0,0,0,0,0,0,4.61445816489291,0,0,0,0,0,0,0,7.63867532038221,0,5.52695001627352,0,0,0,0,0,0,0,0,0,0,5.8575599193573,0,0,0,0,0,0,0,0,0,0,0,0,3.99513006210327,0,0,0,0
0,4.80872980493014,0,2.98066730757017,0,4.44327604448473,0,0,0,5.09015167843212,0,0,0,4.60273679421872,0,3.15006492514359,0,0,0,0,0,0,0,0,0,0,0,0,0,0,0,0,0,0,0,0,0,0,0,0,0,28.9437284469604,0,0,0,0,0,0,0,8.21500205993652,0,0,0,0,0,6.44759996479473,0,0,0,3.88292249967886,0,0,0,0,24.5484762191772,0,0,0,7.42879382751448,0,6.43454918990264,0,0,0,0,0,0,0,0,0,0,0,28.2179245948792,0,8.9372200012207,0,0
0,0,114.851875305176,15.7809003069997,0,0,0,0,0,0,0,4.81023758015734,0,0,0,0,80.7716114835919,68.6859248324138,44.729942970917,5.10619365144521,0,35.4247512817383,0,71.9420394897461,0,0,0,0,0,0,0,0,0,0,0,14.1247889389742,0,8.1885733325477,0,9.80623262835006,113.579898834229,31.9908204154575,67.952752494812,32.306839466095,0,13.1236234392439,101.684364318848,0,0,47.0713316599528,0,0,0,0,0,0,0,10.0241081745594,0,15.5480217933655,0,0,0,0,35.0974567277091,0,0,0,0,0,26.4816146076408,0,19.0463033311681,0,0,0,31.9092473983765,0,24.4333748688998,89.7622672186957,19.3415048761221,115.328182220459,57.3051311537623,0,18.8139741433817,51.7761328143458,58.5289192199707
0,0,9.23730459991766,0,5.62337146927329,0,0,0,0,0,5.82822272843785,0,0,0,0,0,71.1500960962096,72.651799422044,43.4109584779988,0,4.47452025244286,85.2881164550781,129.252685546875,0,0,0,0,0,0,0,13.5196022669474,0,0,0,0,0,11.6251912195548,0,8.67920780181885,0,9.30076865802121,67.6969833374023,34.25147806078,94.748779296875,43.0417025429862,79.3687973022461,9.36923663631839,0,44.9796663585462,0,6.47015375693639,0,0,0,0,0,6.69256657585103,0,0,0,0,0,0,0,0,0,0,0,0,0,0,0,96.6390228271484,13.9292163021815,0,0,0,0,83.5531692504883,10.8795945124506,94.9731292724609,15.5011644032266,36.6081292744606,0,16.1775943178415,0,55.3782470226288
0,0,0,0,0,0,0,0,0,0,0,0,0,0,0,0,56.2802581787109,23.1904710365247,41.3556213378906,0,0,5.01353097805126,0,5.00219779401212,0,10.1576321541684,0,2.9545636177063,0,0,0,0,0,29.7713359594345,44.8388252258301,0,0,11.2243629407616,0,0,0,35.4288973808289,0,0,0,0,0,31.2315926022,52.5385780334473,5.27469242612521,0,0,0,0,0,0,0,26.4282851011857,0,0,0,24.5484762191772,35.0974567277091,0,0,0,9.01554287804498,0,4.94151972223829,0,10.1156486586712,0,16.0473906154364,0,0,0,20.7692846570696,43.376953125,0,0,11.0754886240598,0,7.27551905632019,0,35.8974860055106,33.5583639144897,0
0,0,0,0,0,0,0,0,0,0,0,0,0,0,21.7367916107178,0,14.6116775838067,44.1186575094859,37.266824798584,0,0,23.1287424299452,4.54399356726863,0,12.3854364517123,0,9.45918580363779,0,0,0,0,0,0,0,0,103.741222381592,0,0,17.5685161181859,0,81.9194946289062,0,0,0,0,135.669937133789,0,27.8773365020752,5.65860753589206,0,0,0,0,0,0,0,0,0,0,0,0,0,0,0,0,0,59.2576904296875,0,0,12.9237177371979,0,4.19849129130779,0,12.0988448460897,0,0,0,0,96.8363723754883,74.9390970865885,0,5.50246115100961,9.29555269227411,0,135.623107910156,0,0
0,4.52386879920959,0,0,0,0,0,0,0,12.4524717571759,0,0,0,0,0,0,44.0205106735229,18.0952485084534,40.9226228169032,0,0,9.57341277258737,0,4.28024376630783,0,5.18662689129512,41.9257507324219,0,0,0,0,0,0,16.6684616942738,0,0,0,10.4491468441511,0,0,0,0,0,0,0,0,0,0,0,8.69674907198974,0,0,0,0,0,6.22757927179337,0,0,0,0,0,0,0,0,9.01554287804498,59.2576904296875,0,0,3.95487512907006,56.0431442260742,0,0,0,0,0,0,16.1355033550622,0,86.1845550537109,83.153678894043,8.65676340056716,0,23.0342032666109,0,6.46285727397114,45.085620880127,0
0,0,0,0,0,0,0,0,2.99100136756897,0,0,0,0,0,0,0,17.3740698623657,0,0,0,0,0,9.11350518465042,0,7.06767052755906,0,11.5895938873291,0,0,0,0,0,0,0,0,0,0,0,5.6849232192512,0,0,0,0,0,0,0,0,0,8.2319593026938,0,0,0,0,0,3.60153551999053,0,0,0,0,0,0,0,0,0,0,0,0,0,0,4.6287088394165,0,0,0,0,0,0,0,0,0,0,0,3.9614951312542,5.90550647702133,0,4.47836570419482,0,0
0,4.62208741241031,0,0,0,0,0,0,0,18.2741068431309,0,0,0,0,0,0,48.9915373802185,8.1449079041041,38.6401952107747,0,0,15.0200249903823,0,15.871669822269,0,5.21249901738941,47.0078239440918,0,0,0,0,0,0,0,0,0,0,0,0,0,0,0,0,0,0,0,0,0,0,6.67949386796201,0,0,0,0,0,6.73625003695488,0,0,0,0,0,7.42879382751448,0,0,4.94151972223829,0,3.95487512907006,0,0,0,8.47332348568099,0,0,0,0,0,0,0,0,0,0,0,18.892697962319,0,6.15339663636095,0,0
0,0,0,0,0,0,0,0,0,0,0,0,0,0,3.41814961433411,0,8.91693046066787,45.2216430664063,0,0,0,0,9.87349205091596,0,3.92424875966619,0,4.43676847836067,0,0,0,0,0,0,0,0,0,0,0,0,0,0,65.6930541992188,61.9582748413086,0,0,0,0,0,0,0,0,0,0,0,0,0,0,0,13.2802286148071,0,5.8575599193573,0,0,0,0,12.9237177371979,56.0431442260742,4.6287088394165,0,0,0,0,0,0,0,0,0,0,0,0,0,0,12.164725710134,0,0,0,0
0,0,0,0,0,0,0,0,0,0,0,2.7476224899292,0,11.8568887710571,0,0,0,3.70416208317405,0,0,0,12.9701272249222,0,0,0,0,0,3.61409915818108,0,2.74360027909279,0,0,0,0,0,0,0,15.9757652282715,0,71.092601776123,0,28.9564101341927,0,0,0,36.2577304840088,0,0,0,6.8721547912724,0,0,0,0,0,0,0,14.8335911171877,0,7.51909142991771,0,6.43454918990264,26.4816146076408,0,10.1156486586712,0,0,0,8.47332348568099,0,0,0,7.87109025869524,0,0,0,0,0,64.9983451843262,0,5.51452533868824,0,0,0,30.3188054118536,26.0260371504159,0
0,0,0,0,0,0,0,0,0,0,0,0,0,0,0,0,0,0,0,0,0,0,4.71120966153543,0,0,0,0,0,4.46025383628612,0,0,0,0,0,0,0,0,0,6.7174954255422,0,0,0,0,0,0,0,0,0,4.30350773124134,0,0,0,0,0,0,0,0,0,0,0,0,0,0,0,0,4.19849129130779,0,0,0,0,0,0,0,6.27315351637927,0,0,0,0,0,0,0,4.43458135385771,0,0,0,0,0
0,16.9448942144712,0,41.7890071868896,0,0,0,0,0,0,0,9.25266575813293,0,0,0,0,0,75.9090054829915,50.0206866794162,13.2452453231812,0,0,91.4528656005859,0,0,0,0,3.36759424209595,0,7.2885886648832,0,0,0,0,35.0283241271973,0,0,2.94175934791565,0,52.1447459629604,0,19.4533088038312,0,0,0,48.0797797441483,0,30.8634548187256,0,20.4245920911431,0,0,0,0,0,0,0,11.0861545609617,0,0,0,0,19.0463033311681,96.6390228271484,16.0473906154364,0,0,0,0,0,7.87109025869524,0,0,0,0,0,15.6441740989685,0,52.6010518957067,0,6.22870661023343,80.1495246887207,7.11171177717356,0,20.0128425456202,19.0198431514558,0
0,0,34.4905659512776,0,0,0,0,0,38.187801361084,0,5.42499293898144,0,0,0,0,0,74.2920504978725,91.4873644510905,52.3142336677102,0,8.58723791590277,0,12.8921674092611,0,0,0,0,0,3.59575223922729,0,4.22150592247394,0,0,0,54.5223197937012,0,71.4433168683733,0,4.42308030305085,101.635360717773,44.328615801675,47.319881439209,23.5568293984669,66.1802139282227,24.7260338919503,0,23.774618102055,45.8376793180193,47.254664182663,0,0,0,0,0,0,0,5.05702026426571,0,0,0,0,0,0,13.9292163021815,0,12.0988448460897,0,0,0,0,0,6.27315351637927,0,0,0,0,37.7693367004395,17.9450219472249,114.417665481567,50.2942269796348,72.2304077148438,7.80979501419937,52.5409972402785,0,16.2370640142612,0,21.4093952100785
0,0,0,0,0,0,0,0,0,0,0,0,0,0,0,0,0,0,0,0,0,0,0,0,0,0,0,0,0,0,0,5.28917822770193,13.2849845952458,36.3414164649116,0,0,0,0,0,0,0,0,0,0,0,0,0,7.55330350760845,0,0,0,0,0,0,0,0,0,0,0,0,0,0,0,0,0,0,0,0,0,0,0,0,0,0,0,16.0566727059786,15.0025536176617,25.7043120066325,17.0391597827571,21.9446040066806,0,0,9.25223172666654,0,0,0,0
0,0,0,0,0,0,0,0,0,0,0,0,0,0,0,0,0,0,0,0,0,0,0,0,0,0,0,0,0,0,0,13.244618875009,7.75383440856413,0,17.8712565035842,13.0787743479013,17.630749941482,0,0,0,0,0,0,0,0,0,0,6.357450160434,0,0,0,0,0,0,0,0,0,0,0,0,0,0,0,0,0,0,0,0,0,0,0,0,0,0,16.0566727059786,0,35.3759288787842,17.2889348430906,17.1719820758571,17.1554481088445,0,0,6.18089903915356,0,0,0,0
0,0,0,0,0,0,0,0,0,17.4361705780029,0,0,0,0,0,0,0,0,0,0,0,0,0,15.4410898208618,0,0,0,0,0,0,0,24.5134311163867,4.66181251737807,7.49373917403663,13.6394093407443,4.04052157402039,0,6.90497543595054,23.6858386993408,42.1212215423584,0,40.6785494486491,0,0,0,0,0,15.6973924198631,24.4081336127387,24.8837734369131,0,0,0,0,0,17.7940635681152,0,0,0,0,0,0,31.9092473983765,0,20.7692846570696,0,16.1355033550622,0,0,0,0,0,15.6441740989685,37.7693367004395,15.0025536176617,35.3759288787842,0,19.3558219721663,35.6838004322844,30.9902324676514,5.44651217177763,25.1764730001993,10.2018680033746,0,30.9680725546444,0,0
0,0,0,0,0,0,0,0,0,0,0,0,0,0,0,0,72.0457000732422,0,0,0,0,0,0,0,0,0,0,0,0,0,0,17.7556383609772,25.8796446256045,10.8532209386723,5.99382370225636,48.4728775024414,22.5430958399902,23.7578859329224,3.17151366463003,0,0,0,32.0842711130778,0,0,0,43.3237857818604,12.8077350389078,0,24.6158812978993,0,0,0,0,0,0,0,0,0,0,0,0,0,0,43.376953125,0,0,0,0,0,0,0,0,17.9450219472249,25.7043120066325,17.2889348430906,19.3558219721663,0,24.3538041867708,13.7241617973496,22.3056106758664,4.51800250818563,7.81942279196261,0,29.0920304570879,0,0
0,35.0241516960992,0,35.2302625243728,0,0,0,0,0,0,0,0,0,0,0,0,77.4996407261601,61.3326669611535,48.0614731479303,7.37022165293048,0,84.4649028778076,97.9370727539062,70.1266174316406,0,0,0,0,0,0,0,5.78876041111193,17.4248194925993,12.4714736645339,21.1120275497437,8.44439704903155,6.37821695348846,8.85439183538828,0,11.3182980115664,88.8098515101841,32.9604134803552,71.4725673993429,34.058925336721,0,29.6669420763225,97.0688613891602,6.76818327093833,0,34.7386566813723,0,0,0,0,0,0,0,26.3079393174913,0,0,0,0,24.4333748688998,83.5531692504883,0,96.8363723754883,86.1845550537109,0,0,0,64.9983451843262,0,52.6010518957067,114.417665481567,17.0391597827571,17.1719820758571,35.6838004322844,24.3538041867708,0,27.8248560733705,14.5289613786731,97.813157081604,34.0146286921336,7.14265240563287,33.2359535229038,30.8460377291195,100.472938537598
37.3283971150716,0,18.7090059814453,0,14.4854145050049,0,0,0,0,0,4.55180497964223,0,0,0,0,0,64.2596998209135,75.2233612982781,49.1354299890095,0,6.6324360363433,77.4039077758789,84.6329002380371,93.030766805013,68.0994853973389,0,0,0,0,0,0,16.187111227853,19.1288886053977,0,21.1380510706651,10.5740339526108,7.36766110071071,0,11.2027259339641,88.34055519104,34.3149450219409,68.2989965626891,33.1288907123991,78.2451477050781,34.2255531067544,99.6721071515765,25.474311253047,6.6472931375775,25.0659315114534,34.436728477478,15.9442558288574,0,0,0,0,0,45.1162986755371,0,0,0,0,0,89.7622672186957,10.8795945124506,0,74.9390970865885,83.153678894043,0,0,0,0,0,0,50.2942269796348,21.9446040066806,17.1554481088445,30.9902324676514,13.7241617973496,27.8248560733705,0,100.97255637429,32.5157054053976,35.9261976534951,0,25.9970678117509,89.2438955307007,31.8707191932715
0,32.8394737243652,0,41.5923997817501,0,0,0,0,0,10.3072072390852,0,4.77244406852169,0,0,0,0,73.723211071708,56.3230297615712,54.4575550454376,15.2951154186485,0,9.88275183374232,73.9616088867188,11.3074459135532,112.591201782227,75.9245681762695,85.236946105957,0,0,3.56058457162645,0,0,0,10.1463928432614,19.5417254072411,7.54893842472137,122.793296813965,5.8658572598272,24.542010307312,38.4038505478909,94.3399319118924,28.715874266276,62.4156174597802,50.6005062103271,0,33.7240611178309,0,19.122374840457,28.1930114642994,7.70007030199387,0,0,0,0,0,10.6026081874453,0,12.2056408104431,0,0,0,0,19.3415048761221,94.9731292724609,11.0754886240598,0,8.65676340056716,0,0,0,5.51452533868824,0,6.22870661023343,72.2304077148438,0,0,5.44651217177763,22.3056106758664,14.5289613786731,100.97255637429,0,44.8487728850482,19.5193114445778,43.2043013572693,29.1609610377744,24.8863621813186,63.235658009847
