0,0,23.6537379920483,0,0,0,0,0,37.8658746778965,0,0,0,0,0,0,0,1.12027077376842,0,74.2040331661701,0,0,0,0,0,0,0,0,0,0,0,0,0,0,0,0,0,0,0,0,0,0.196354016661644,0.533179298043251,105.131579317153,0,0,0,0.360450655221939,1.54775176942348,73.0607470721006,0,0,0,0,0,29.6207789480686,0,2.6478409320116,0,0,0,1.73804557323456,0,0,0,0,0,0,7.08878362178802,0,0,0,0,0.379643499851227,0.460475161671638,0,0,0,0,0.228734254837036,2.4350349009037,0,1.54440420866013,113.349900797009,0,65.1388628780842,0,0.353495121002197
0,0,0,41.3166592717171,0,0,0,0,0,50.5909874737263,0,0,0,0,0,5.76336848735809,0.471344649791718,0,13.9513437002897,0,0,0,0,0,0,0,0,0,0,0,0,0,0,0,0,0.232450678944588,0,0,0,1.06670391559601,0,81.85380885005,0,0,0,3.81577542424202,0,0.501860499382019,0,305.085149630904,0,0,0,0,0,4.47941362857819,0,3.91223391890526,0,1.29332613945007,0,66.5955750346184,0.905177861452103,0,0,0,0,0,0,0,0,0,1.0905404239893,0,0,0,0,0,39.8352804258466,0,6.01693756878376,0,93.3019533157349,0,530.461370974779,11.0161442160606,0
23.6537379920483,0,0,0,17.0572682619095,0,0,0,143.133222430944,0,0,0,0,0,0,0,1.20162610709667,1.65735805034637,6.71613826602697,0,4.88319560885429,0,0,0,0,0,0,0,0,0,0,0,0,0,1.19672890007496,0.320420861244202,0,0,0,0,2.64673236757517,0,68.7918399572372,0,0,0,0.690570384263992,2.28160009533167,231.832036375999,0.33816334605217,106.890969797969,0,0,0,66.1263718307018,0,19.225708886981,0.121313102543354,109.449793249369,0,0.824871838092804,0,0,2.26229119300842,0,0,0,0,0,0,0,0,0,2.03867655992508,0,0.287660211324692,0,0,0,5.85967761278152,0,2.01831372827291,56.2093943580985,0,278.886478759348,0,17.6267061531544
0,41.3166592717171,0,0,0,16.6780304014683,0,0,0,6.08885124325752,0,0.443115085363388,0,0,0,0,0,0,14.335068911314,12.0765562057495,0,0,0,0,0,0,0,0,0,0,0,0,0,0,0,0.96234118938446,0,0,0,11.6088271737099,0,172.313134714961,0,0,0,1.76858080923557,0,0,0,224.557266995311,0,62.4952712655067,0,0,0,72.5000454187393,0,17.0371905714273,0,65.9907490611076,0,127.63560834527,1.20009554922581,0,0,0,0,0,0,0,0,0,35.9060202762485,0,0,0,0,0,16.755130931735,0,2.06645341217518,0.426789522171021,196.641258269548,1.10411843657494,415.662209518254,5.89139774441719,0
0,0,17.0572682619095,0,0,0,0,0,3.62747186422348,0,0,0,0,0,0,0,0,0,0,0,172.567277133465,0,0,0,0,0,0,0,0,0,0,0,0,0,0,0,6.54009968042374,0,0,0,0.126664355397224,0,5.97693793475628,0,0,0,0,0.323722213506699,3.96668156981468,0,557.543742224574,0,0,0,0,0,0.969989895820618,0,0.439737528562546,0,19.0930278152227,0,0,38.1175477206707,0,0,0,0,0,0,0,0,0,0,0,0,0,0,0,3.36915971338749,0,0,330.982063323259,0,44.0691074132919,0,0.387499451637268
0,0,0,16.6780304014683,0,0,0,0,0,39.8729762732983,0,0,0,0,0,62.2233307659626,0,0,0,1.06309938430786,0,0,0,0,0,0,0,0,0,0,0,0,0,0,0,19.6413259506226,0,0,0,0,0,0,0,0,0,0,0,0,0,0.97427898645401,0,139.848411411047,0,0,0,22.9194392859936,0,4.8235781788826,0,2.48092019557953,0,7.88549116253853,0,0,0,0,0,0,0,0,0,0,1.16045892238617,0,0,0,0,0,0,0,0,0,89.2257849872112,0,14.1094845831394,0,0
0,0,0,0,0,0,0,0,0,0,3.3739178776741,0,0,0,0,0,0,0,0,0,0,0,0,0,0,0,0,0,0,0,0,0,0,0,0,0,0,0,0,0,0,0,0,0,0,0,0,0,0,0,0,0,184.911588400602,0,0,0,1.11994338035583,0,0,0,0,0,0,0,0,0,0,0,0,0,0,0,0,0,0,0,0,0,0,0,0,0,8.30817782878876,0,0,0,0
0,0,0,0,0,0,0,0,0,0,0,0,0,0,0,0,0,0,0,0,0,0,0,0,0,0,0,0,0,0,0,0,0,0,0,0,0,0,0,0,0,0,0,0,0,0,0,0,0,0,0,3,0,379.432224392891,0,0,0,17.6608519256115,0,34.2614036500454,0,9.93634462356567,0,0,0,0,0,0,0,0,0,0,0,0,0,0,0,0,0,0,0,0,65.5602813959122,0,0,0,0
37.8658746778965,0,143.133222430944,0,3.62747186422348,0,0,0,0,0,0,0,0,0,13.1441466808319,0,143.475376963615,32.1284205317497,3.3886221498251,0,2.66592156887054,0,0,0,5.34185546636581,0,25.6089160740376,0,0,0,0,0,0,0,0,0,0,0,5.57015711069107,0,0,0,8.58470386266708,0,0,0,0,0,9.59326416254044,0,6.90103274583817,0,0,0,583.064201235771,0,1.00581178069115,0,0,0,11.1932629048824,0,0,5.34981048107147,0,0,0,17.5395227223635,0,7.86445820331573,0,0,0,0.184641048312187,0,0,0,0,0,0,0,1.65366768836975,266.987489312887,0.371383130550385,29.5642012804747,0,3.04878993332386
0,50.5909874737263,0,6.08885124325752,0,39.8729762732983,0,0,0,0,0,0,0,0,0,97.7771335542202,0,0,0,0,0,0,0,75.0838684439659,0,0,0,0,0,0,0,0,0,0,0,0,0,53.5029852986336,0,0,0,0,0,0,0,0,0,0,0,0,0,0,0,0,0,495.746053114533,0,0,0,0,0,7.18258598446846,0,0,0,0,3.89678826928139,0,0,0,0,0,0,0,0,0,0,0,0,0,7.98348139226437,0,740.227818965912,220.518535584211,3.06842893362045,0,0
0,0,0,0,0,0,3.3739178776741,0,0,0,0,0,328.61177778244,0,0,0,0,0,0,0,336.357836842537,0,0,0,0,0,0,0,13.1927266120911,0,110.39702065289,0,0,0,0,0,23.8998435139656,0,997.730019181967,0,0,0,0,0,0,0,0,0,0,0,0,0,0,0,0,0,1835.98930928111,0,80.8204799890518,0,0,0,0,278.593193739653,0,0,0,0,0,0,0,0,0,15.1812360882759,0,0,0,0,0,188.453014463186,0,512.844434574246,85.2151563763618,0,4.08065181970596,0,0
0,0,0,0.443115085363388,0,0,0,0,0,0,0,0,0,121.209052667022,0,0,0,0,0,504.188539236784,0,0,0,0,0,0,0,0,0,34.5581537187099,0,0,0,0,0,141.86389362812,0,375.42687407136,0,0,0,0,0,0,0,0,0,0,0,0,0,0,0,0,0,0,0,2374.14727564156,0,1326.68361134827,0,0,43.8647773861885,0,0,0,0,0,0,0,71.2273698151112,0,168.906627252698,0,0,0,0,0,31.3068059980869,0,115.854623198509,0,55.8573088943958,0,7.63006162643433,0,0
0,0,0,0,0,0,0,0,0,0,328.61177778244,0,0,0,51.9347304105759,0,0,0,0,0,0,0,0,0,0,0,0,0,0,0,0,0,0,0,0,0,0,0,0,0,0,0,0,0,0,0,0,0,0,0,0,0,0,0,0,0,149.871305987239,0,276.694548398256,0,30.2978490591049,0,0,0,0,0,0,0,0,0,0,0,0,0,0,0,0,0,0,0,0,0,91.7336384057999,0,0,0,0
0,0,0,0,0,0,0,0,0,0,0,121.209052667022,0,0,0,112.168866068125,0,0,0,0,0,0,0,0,0,0,0,72.0802558064461,0,0,0,0,0,0,0,0,0,0,0,0,0,0,0,0,0,0,0,0,0,0,0,0,0,0,0,0,0,1.04790982604027,0,739.013739019632,0,18.2022838294506,0,0,0,0,0,0,0,0,24.4838432967663,0,0,0,0,0,0,0,0,0,0,0,260.997054934502,117.229266643524,0,0,0
0,0,0,0,0,0,0,0,13.1441466808319,0,0,0,51.9347304105759,0,0,0,97.1470105648041,2.24381810426712,0.422422885894775,0,0,0,0,0,2.53496623039246,0,71.1312454938889,0,0,0,0,0,0,0,0,0,0,0,0,0,0,0,0,0,0,0,0,0,0,0,0,0,0,0,0,0,0,0,26.968119263649,0,0,0,0,0,0,0,0,0,0,1.82952886819839,0,0,0,0,0,0,0,0,0,0,0,0,104.697121739388,0,0,0,0
0,5.76336848735809,0,0,0,62.2233307659626,0,0,0,97.7771335542202,0,0,0,112.168866068125,0,0,0,0,0,0,0,0,0,33.1592190563679,0,25.7912139892578,0,0,0,0,0,0,0,0,0,0,0,0.212249308824539,0,0,0,0,0,0,0,0,0,0,0,0,0,1.17269659042358,0,0,0,63.3989123255014,0,0,0,1.58074456453323,0,116.331516161561,0,0,0,0,0,0,52.8143775463104,0,0,0,0,0,0,0,0,0,0,0,0,0,102.755072832108,0,0,0,0
1.12027077376842,0.471344649791718,1.20162610709667,0,0,0,0,0,143.475376963615,0,0,0,0,0,97.1470105648041,0,0,11951.7319077849,3447.37625551224,0,0,9.54711079597473,403.949199318886,112.013071835041,45.71620413661,0,706.536662429571,0,5,0,0,0,0,0,0,0.652468919754028,3.73026302456856,0,0,11.8267499729991,44.1179426312447,22.9579990804195,15.1569212824106,0,0,15.6909837126732,26.4167659729719,0,0,0.157794713973999,0.16555155813694,0,0,0,0,0,7.23995873332024,0.170232176780701,0,0,0,0,9.62485301494598,11.7762860953808,25.1955658793449,0.790259182453156,0,0,0,18.3519214093685,0,0,14.5281063690782,6.45341494679451,0,0,0,0,62.1906279027462,113.470544472337,9.22204729914665,26.7938261777163,5602.59538330138,406.866416424513,133.925848729908,0.230987519025803,6.12825101613998
0,0,1.65735805034637,0,0,0,0,0,32.1284205317497,0,0,0,0,0,2.24381810426712,0,11951.7319077849,0,3254.82552318275,0,0,330.405010670424,4.92849349975586,301.903680950403,0,1087.86860474944,23.3403914570808,0,0,0,0,0,0,0,0,0.67246675491333,0.868234574794769,0,0.381382316350937,15.5661932528019,19.5273849517107,29.6573504880071,16.4072240442038,0,0,10.9191428646445,8.34735970199108,0,0,0,0,0,0,0,0,0,1.24893209338188,0.165174648165703,0,0,0,0,14.5657173842192,3.19619631767273,165.133076250553,0,8.38123275339603,0,148.415876254439,1.39110064506531,0,0,5.13641782104969,2.3775617480278,0,0,0,0,64.2155768871307,53.3233925402164,6.96061342954636,12.885467082262,6730.46009737253,431.636822938919,54.8520787358284,2.19620345532894,4.32219839096069
74.2040331661701,13.9513437002897,6.71613826602697,14.335068911314,0,0,0,0,3.3886221498251,0,0,0,0,0,0.422422885894775,0,3447.37625551224,3254.82552318275,0,0,0,3.11268711090088,0,13.921391248703,0,0,1.31700718402863,0,0,0,0,0,0,0,0,7.87126381695271,31.2466798201203,1.33367565274239,2.11304387450218,456.545273154974,529.689017377794,601.030633501709,337.747690677643,0,0,323.268986977637,293.831645853817,0,3.93787531554699,38.6508879512548,2.0232635140419,0,0,0,2.04798090457916,0,72.3478927910328,44.3742432519794,0.24639767408371,0,0,0,251.404694102705,144.980041824281,1.02418231964111,0,0,0,0,0,0,0,373.964845404029,121.613244920969,0,0,0,0,1418.90109366924,1442.51982152462,458.327941834927,354.97768098861,3266.19855818152,9.49009969830513,2210.25545396656,62.0317005366087,185.145362623036
0,0,0,12.0765562057495,0,1.06309938430786,0,0,0,0,0,504.188539236784,0,0,0,0,0,0,0,0,0,0,0,0,0,0,0,0,0,0,0,0,0,0,0,582.510040864348,0,312.48218074441,0,0,0,0,0,0,0,1.79250171780586,0,0,0,4.8263139128685,0,5.05645516514778,0,0,0,0,0,301.435252040625,0,0,0,0.938782870769501,459.602468624711,0,0,0,0,0,0,0,0,0,0,0,0,0,0,0,225.352650702,0,90.4628698527813,0,59.4055912047625,0,11.295335650444,0,0
0,0,4.88319560885429,0,172.567277133465,0,0,0,2.66592156887054,0,336.357836842537,0,0,0,0,0,0,0,0,0,0,0,0,0,0,0,0,0,0,0,0,0,0,0,0.228726610541344,0,409.421727746725,0,49.0061541795731,0,0,0,2.21537455916405,0,0,0,0,0.576486393809319,1.84041307866573,2.23471105098724,41.7551012933254,0,0,0,3.57303521037102,0,26.4929981529713,0,0,0,0,0,0,473.282169982791,0,0,0,0,0,0,0,0,0,3.75641095638275,0,0,0,0,0,165.039069004357,0,69.5315779298544,79.7112852632999,0,29.0149413645267,0,0
0,0,0,0,0,0,0,0,0,0,0,0,0,0,0,0,9.54711079597473,330.405010670424,3.11268711090088,0,0,0,527.790087908506,127.25441236794,0,126.560998439789,0,261.407464981079,0,0,0,0,0,0,0,0,0,1189.59852838516,7.47864353656769,0,0,0,0,0,0,0,0,0.366202294826508,0,18.1991663277149,0,0,0,0,0,0,0,0,0,0,0,0,0,0,8842.15875707567,8.47899687290192,146.047528132796,0,35.1126650571823,0,79.0640187859535,0,0,0,0,0,0,0,0,0,535.368289321661,0,2108.13796384633,300.595996037126,0,0,0
0,0,0,0,0,0,0,0,0,0,0,0,0,0,0,0,403.949199318886,4.92849349975586,0,0,0,527.790087908506,0,0,139.925446361303,0,47.9397731721401,0,88.714439868927,0,0,0,0,0,0,0,0,0,1245.41898341477,0,0,0,2.00977465510368,0,0,0,0,5.09880283474922,41.9529539346695,0,0,0,0,0,0,0,0,0,0,0,0,0,0,0,10.5796468406916,8249.71408684552,0,119.243509292603,0,50.2566686868668,0,21.3907889723778,0,0,0,0,0,0,0,0,0,251.762443467975,1008.26390630007,305.497341528535,7.47804948687553,0,0
0,0,0,0,0,0,0,0,0,75.0838684439659,0,0,0,0,0,33.1592190563679,112.013071835041,301.903680950403,13.921391248703,0,0,127.25441236794,0,0,0,500.77016222477,0,0,0,0,0,0,0,0,0,0,0,322.771602809429,0,0,0,4.26721954345703,0,0,0,0,0,0,0,2.17499220371246,0,0,0,0,0,330.270054534078,0,0,0,0,0,1.96933460235596,0,0,67.5243678539991,0,545.252225935459,0,346.221690371633,0,0,0,0,0,0,0,0,0,0,0,92.7068269401789,0,212.709653586149,0,0,0,0
0,0,0,0,0,0,0,0,5.34185546636581,0,0,0,0,0,2.53496623039246,0,45.71620413661,0,0,0,0,0,139.925446361303,0,0,0,233.80283626914,0,0,0,0,0,0,0,0,0,0,0,379.095142707229,0,0,0,0.227454245090485,0,0,0,0,0.704329162836075,3.51890766620636,0,0,0,0,0,14.4171174168587,0,0,0,0,0,4.1605763733387,0,0,0,0,109.54774749279,0,419.777689725161,0,935.704816803336,0,0,0,0,0,0,0,0,0,0,0,99.4004676640034,297.921757698059,2.06434988975525,5.24198137223721,0,0
0,0,0,0,0,0,0,0,0,0,0,0,0,0,0,25.7912139892578,0,1087.86860474944,0,0,0,126.560998439789,0,500.77016222477,0,0,0,21.9827886521816,0,0,0,0,0,0,0,0,0,0,0,0,0,0,0,0,0,0,0,0,0,0,0,0,0,0,0,0,0,0,0,0,0,0.947173118591309,0,0,83.7621960043907,0,185.742130801082,0,429.378751978278,0,2.28096461296082,0,0,0,0,0,0,0,0,0,0,0,148.980573713779,0,0,0,0
0,0,0,0,0,0,0,0,25.6089160740376,0,0,0,0,0,71.1312454938889,0,706.536662429571,23.3403914570808,1.31700718402863,0,0,0,47.9397731721401,0,233.80283626914,0,0,0,160.383453369141,0,0,0,0,0,0,0,0,0,0,0,0,0.644480764865875,0,0,0,0,0,0,0,0,0,0,0,0,0,0,0,0,0,0,7.46565771102905,0,0,0,0,1.44118940830231,0,0,0,683.40426030755,0,52.1621162891388,0,0,0,0,0,0,0,0,0,0,155.884943440557,1.10045182704926,0,0,0
0,0,0,0,0,0,0,0,0,0,0,0,0,72.0802558064461,0,0,0,0,0,0,0,261.407464981079,0,0,0,21.9827886521816,0,0,0,100.71669024229,0,0,0,0,0,0,0,82.9645818918943,0,0,0,0,0,0,0,0,0,0,0,0,0,0,0,0,0,0,0,0,0,65.5669572353363,0,0,0,0,49.2075638920069,0,0,0,11.1687694191933,0,3449.62889301777,0,0.545893847942352,0,0,0,0,0,0,0,45.107627376914,0,136.97335639596,5,0,0,0
0,0,0,0,0,0,0,0,0,0,13.1927266120911,0,0,0,0,0,5,0,0,0,0,0,88.714439868927,0,0,0,160.383453369141,0,0,0,419.384911417961,0,0,0,0,0,0,0,4.00543215870857,0,0,0,0,0,0,0,0,0,0,0,0,0,0,0,0,0,18.3427095413208,0,3.42615032196045,0,28.9740008115768,0,0,0,0,34.5683919787407,0,0,0,106.867812156677,0,827.652921721339,0,43.6980033516884,0,0,0,0,0,0,0,47.1562877893448,106.653975337744,44.3218785971403,0,0,0
0,0,0,0,0,0,0,0,0,0,0,34.5581537187099,0,0,0,0,0,0,0,0,0,0,0,0,0,0,0,100.71669024229,0,0,0,0,0,0,0,0,0,520.519470304251,0,0,0,0,0,0,0,0,0,0,0,0,0,0,0,0,0,0,0,7.90445578098297,0,0,0,0,0,0,0,0,0,0,0,0,605.56651109457,0,1381.12417337298,0,0,0,0,0,0,0,178.093133285642,0,55.5946508347988,0,0,0,0
0,0,0,0,0,0,0,0,0,0,110.39702065289,0,0,0,0,0,0,0,0,0,0,0,0,0,0,0,0,0,419.384911417961,0,0,0,0,0,0,0,0,0,359.266429975629,0,0,0,0,0,0,0,0,0,0,0,0,0,0,0,0,0,136.040278956294,0,0,0,0,0,0,0,0,0,0,0,0,0,0,203.909929320216,0,797.072354137897,0,0,0,0,0,0,0,165.058730959892,432.841463208199,0,0,0,0
0,0,0,0,0,0,0,0,0,0,0,0,0,0,0,0,0,0,0,0,0,0,0,0,0,0,0,0,0,0,0,0,416.591835260391,7.36281384527683,5.36873513460159,298.108048543334,0,0,0,0,0,0,0,0,0,0,0,176.31611122191,0,0,0,0,0,0,0,0,0,0,0,0,0,0,0,0,0,0,0,0,0,0,0,0,0,0,1543.39892973006,40.964771270752,10.762442111969,0,47.7939757555723,0,0,0,17.9283163547516,0,0,0,0
0,0,0,0,0,0,0,0,0,0,0,0,0,0,0,0,0,0,0,0,0,0,0,0,0,0,0,0,0,0,0,416.591835260391,0,0,114.518012583256,0,391.407126784325,0,0,0,0,0,0,0,0,0,0.431357949972153,2316.94327825308,9.37748575210571,34.4627300202847,0,0,0,0,0,0,0,0,0,0,0,0,0,0,0,0,0,0,0,0,0,0,0,0,0,550.53755761683,0,39.0241704285145,0,170.3178409338,0,0,76.0732856988907,0,1.51693046092987,0,0
0,0,0,0,0,0,0,0,0,0,0,0,0,0,0,0,0,0,0,0,0,0,0,0,0,0,0,0,0,0,0,7.36281384527683,0,0,114.213559120893,27.8642167448997,0,263.659010916948,0,0,0,0,0,0,0,0,0,1785.31560611725,0,0,0,0,0,0,0,0,0,0,0,0,0,0,0,0,0,0,0,0,0,0,0,0,0,0,12.0634121745825,0,1670.14275041223,120.011272877455,42.931061014533,0,467.397289246321,0,209.052676528692,0,0,0,0
0,0,1.19672890007496,0,0,0,0,0,0,0,0,0,0,0,0,0,0,0,0,0,0.228726610541344,0,0,0,0,0,0,0,0,0,0,5.36873513460159,114.518012583256,114.213559120893,0,0,554.790596157312,0,143.03479206562,0,0,0,143.356749415398,0,0,0,1.43894951045513,3108.71830016375,47.1755714416504,14.4221377670765,0.707658097147942,0,0,0,0,0,0.63437856733799,0,0,0,0,0,0,0.203095629811287,0,0,0,0,0,0,0,0,0,0,0,90.8333716839552,68.8302807807922,1942.18122784793,0,32.9356678426266,0,45.995197981596,392.799754261971,0,48.0020064115524,0,0
0,0.232450678944588,0.320420861244202,0.96234118938446,0,19.6413259506226,0,0,0,0,0,141.86389362812,0,0,0,0,0.652468919754028,0.67246675491333,7.87126381695271,582.510040864348,0,0,0,0,0,0,0,0,0,0,0,298.108048543334,0,27.8642167448997,0,0,229.260390251875,2170.87026039511,0,3.16741740703583,0,3.24453049898148,0,0,0,10.371840596199,2.19004505872726,69.4742691367865,0,14.8056573867798,0.212575688958168,0,0,0,0.989151298999786,0,2.07169312238693,0.752296946942806,0,0,0,0,885.935029685497,1.31643664836884,0,0,0,0,0,0,0,0,0.870783261954784,0,303.711110442877,0,17.8667368590832,0,18436.4106637836,129.189152866602,2305.16536619514,0,2381.55012144148,318.948200166225,164.412341289222,0,0
0,0,0,0,6.54009968042374,0,0,0,0,0,23.8998435139656,0,0,0,0,0,3.73026302456856,0.868234574794769,31.2466798201203,0,409.421727746725,0,0,0,0,0,0,0,0,0,0,0,391.407126784325,0,554.790596157312,229.260390251875,0,0,1267.28077501059,1.01316452026367,4.39302191138268,0.231310218572617,19.0926275849342,0,0,0,10.4462946876884,51.9725439846516,2.38554069399834,0,37.3752523958683,0,0,0,0,0,2.23141851276159,0,0,0,0,0,0,720.535448215902,0,0,0,0,0,0,0,0,0.17820131778717,2.20162372291088,0,562.92086187005,0,192.819873005152,652.867145359516,16921.9787329063,0,446.816977337003,1345.21283433586,74.3556051254272,93.4106882885098,0,1.33721135556698
0,0,0,0,0,0,0,0,0,53.5029852986336,0,375.42687407136,0,0,0,0.212249308824539,0,0,1.33367565274239,312.48218074441,0,1189.59852838516,0,322.771602809429,0,0,0,82.9645818918943,0,520.519470304251,0,0,0,263.659010916948,0,2170.87026039511,0,0,189.517752498388,0,0,17.925061583519,0.619849503040314,0,0,5.07794316112995,0,1693.67718452215,0,207.197730615735,0,0,0,0,0,40.4079266935587,0,261.375003010035,0,0,0,0,179.532680958509,0,719.542795360088,0,499.21545432508,0,0,0,2.62295114994049,0,734.557108938694,0,0,0,123.853584617376,0,484.840169243515,0,17502.9704413041,355.830013930798,1971.79170848429,87.6199724376202,135.298586413264,0,0
0,0,0,0,0,0,0,0,5.57015711069107,0,997.730019181967,0,0,0,0,0,0,0.381382316350937,2.11304387450218,0,49.0061541795731,7.47864353656769,1245.41898341477,0,379.095142707229,0,0,0,4.00543215870857,0,359.266429975629,0,0,0,143.03479206562,0,1267.28077501059,189.517752498388,0,0,1.96381317079067,0,94.3190159648657,0,0,0,0.867347568273544,1535.24482029676,175.507097139955,0,0,0,0,0,43.2186277359724,0,502.740204945207,0,0,0,0,0,0,50.984433144331,0,836.344938054681,0,861.329314142466,0,1.37078128755093,0,107.690746888518,0,297.350826561451,0,0,0,210.516913950443,0,1201.4006241411,92.1470552682877,12796.7619258761,1939.32561653852,90.8549043536186,75.6487765163183,0,0
0,1.06670391559601,0,11.6088271737099,0,0,0,0,0,0,0,0,0,0,0,0,11.8267499729991,15.5661932528019,456.545273154974,0,0,0,0,0,0,0,0,0,0,0,0,0,0,0,0,3.16741740703583,1.01316452026367,0,0,0,3.32502985745668,872.922449722886,1.76752316951752,0,0,91.9269718900323,2.48982443660498,0,0,162.175088427961,0,0,0,0,0,0,1.00479483604431,7.97365014255047,0,0,0,0,288.104121021926,0.633021026849747,0,0,0,0,0,0,0.195548206567764,0,26.7066573947668,0,0,0,0,0,437.640949562192,12.6396253556013,38.5945220887661,3.87799081206322,162.457933872938,0,985.268895596266,44.819491237402,0.229962781071663
0.196354016661644,0,2.64673236757517,0,0.126664355397224,0,0,0,0,0,0,0,0,0,0,0,44.1179426312447,19.5273849517107,529.689017377794,0,0,0,0,0,0,0,0,0,0,0,0,0,0,0,0,0,4.39302191138268,0,1.96381317079067,3.32502985745668,0,7.14183861017227,861.910888262093,0,1.09712493419647,8.36145068705082,267.728430725634,14.3369872272015,126.728438064456,0.584805548191071,0.485100343823433,0,0,0,0.222947500646114,0,37.397890843451,0,0,0,0,0,1.71539352834225,221.373294986784,0,0,0,0,0,0,0,1.31402671337128,1.93078447878361,33.3518141508102,0,0,0,0,18.2101516202092,906.165568761528,4.05792510509491,62.7777914479375,154.925249069929,0,1022.70633441955,0.44451878964901,111.930160798132
0.533179298043251,81.85380885005,0,172.313134714961,0,0,0,0,0,0,0,0,0,0,0,0,22.9579990804195,29.6573504880071,601.030633501709,0,0,0,0,4.26721954345703,0,0,0.644480764865875,0,0,0,0,0,0,0,0,3.24453049898148,0.231310218572617,17.925061583519,0,872.922449722886,7.14183861017227,0,190.037161312997,0,0,252.498658470809,3.18716879934072,18.1870394945145,1.76369777321815,1028.3278061673,0,0,0,0,0,5.4152422696352,0.669038876891136,188.262614920735,0,2.65063667297363,0,1.13915812969208,187.238830186427,2.27707043290138,0,0,0,0,0,0,5.73409587144852,0,623.057856142521,3.02561580389738,0,0,0,0,814.422326438129,24.7783257812262,274.029239974916,4.33966217935085,1782.57851499319,4.35587295889854,3756.47780510783,202.021089449525,0
105.131579317153,0,68.7918399572372,0,5.97693793475628,0,0,0,8.58470386266708,0,0,0,0,0,0,0,15.1569212824106,16.4072240442038,337.747690677643,0,2.21537455916405,0,2.00977465510368,0,0.227454245090485,0,0,0,0,0,0,0,0,0,143.356749415398,0,19.0926275849342,0.619849503040314,94.3190159648657,1.76752316951752,861.910888262093,190.037161312997,0,0,0.165425077080727,0.752196654677391,216.664070226252,949.7993529737,603.535883761942,4.34754750132561,8.82667391747236,0,0,0,32.2643748298287,0,1269.62014625221,0.212116077542305,4.81174701452255,0,0,0,1.16936539113522,73.8638855516911,0,0.960807904601097,0,5.98146441578865,0,0.237378910183907,0,14.8107314258814,2.36329650878906,467.59814196825,0,0,0,6.42008496820927,4.85545549541712,1187.79549472779,2.36851596832275,367.65052755177,1136.14269878715,3.77466353774071,3276.82707449794,0,553.193981029093
0,0,0,0,0,0,0,0,0,0,0,0,0,0,0,0,0,0,0,0,0,0,0,0,0,0,0,0,0,0,0,0,0,0,0,0,0,0,0,0,0,0,0,0,0,0,0,0,0,0,0,0,0,0,0,0,0,0,0,0,0,0,0,0,0,0,0,0,0,0,0,0,0,0,0,0,0,0,0,0,0,0,0,0,0,0,0
0,0,0,0,0,0,0,0,0,0,0,0,0,0,0,0,0,0,0,0,0,0,0,0,0,0,0,0,0,0,0,0,0,0,0,0,0,0,0,0,1.09712493419647,0,0.165425077080727,0,0,0,0.149278819561005,0,0,0,0,0,0,0,0,0,0,0,0,0,0,0,0,0.170915350317955,0,0,0,0,0,0,0,0,0,0,0,0,0,0,0,0.113145358860493,0,0,1.58180630207062,0,9.21674220263958,0,0
0,3.81577542424202,0,1.76858080923557,0,0,0,0,0,0,0,0,0,0,0,0,15.6909837126732,10.9191428646445,323.268986977637,1.79250171780586,0,0,0,0,0,0,0,0,0,0,0,0,0,0,0,10.371840596199,0,5.07794316112995,0,91.9269718900323,8.36145068705082,252.498658470809,0.752196654677391,0,0,0,0.604767575860023,0,0,19.4224430471659,0,0,0,0,0,0,0,22.3579678684473,0,0,0,0,1134.83678364754,1.22816184163094,0,0,0,0,0,0,0,0,116.241683583707,0.226399809122086,0,0,0,0,547.351274862885,7.41190475225449,322.316559888422,0.780105888843536,112.842283688486,0.70149040222168,425.910869427025,1.56671166419983,0.101753003895283
0.360450655221939,0,0.690570384263992,0,0,0,0,0,0,0,0,0,0,0,0,0,26.4167659729719,8.34735970199108,293.831645853817,0,0,0,0,0,0,0,0,0,0,0,0,0,0.431357949972153,0,1.43894951045513,2.19004505872726,10.4462946876884,0,0.867347568273544,2.48982443660498,267.728430725634,3.18716879934072,216.664070226252,0,0.149278819561005,0.604767575860023,0,11.2068513408303,20.9968681782484,5.73938593268394,0,0,0,0,0.988943755626678,0,46.3651310652494,0,0.410044103860855,0,0,0,5.12569905817509,336.678346559405,0,0,0,0,0,0,0,0,0.442723333835602,38.1027704104781,0,0,0,0.201067358255386,9.03049349784851,334.298372350633,2.66337931156158,328.843665324152,91.4141843095422,0,502.9478764534,0,5.17541595548391
1.54775176942348,0.501860499382019,2.28160009533167,0,0.323722213506699,0,0,0,0,0,0,0,0,0,0,0,0,0,0,0,0.576486393809319,0.366202294826508,5.09880283474922,0,0.704329162836075,0,0,0,0,0,0,176.31611122191,2316.94327825308,1785.31560611725,3108.71830016375,69.4742691367865,51.9725439846516,1693.67718452215,1535.24482029676,0,14.3369872272015,18.1870394945145,949.7993529737,0,0,0,11.2068513408303,0,617.319291293621,2837.56358066201,10.9881345629692,0,0,0,2.54237063229084,0,3.80185933411121,0,0,0,0,0,0,26.6926494389772,0.603618025779724,1.30535082519054,0.398681789636612,2.6073441952467,0,0,0,3.64555679261684,0,0.235011070966721,1990.1140986979,4126.97376677394,225.074086010456,574.484126657248,1187.1326675117,909.996704682708,8.9662289917469,171.729317396879,1084.94012475014,51.327216476202,346.872021973133,0,0.416569143533707
73.0607470721006,0,231.832036375999,0,3.96668156981468,0,0,0,9.59326416254044,0,0,0,0,0,0,0,0,0,3.93787531554699,0,1.84041307866573,0,41.9529539346695,0,3.51890766620636,0,0,0,0,0,0,0,9.37748575210571,0,47.1755714416504,0,2.38554069399834,0,175.507097139955,0,126.728438064456,1.76369777321815,603.535883761942,0,0,0,20.9968681782484,617.319291293621,0,132.932799965143,7.24417467415333,0,0,0,14.1738562434912,0,110.937854081392,0,3.15007615089417,0,3.48303617537022,0,0,6.98490257561207,0,154.482592910528,0,179.095790550113,0,28.7977772802114,0,74.9553263783455,0,95.8442485779524,0,15.886280477047,0,36.3519718199968,0,262.364258155227,0,295.635593786836,370.609791323543,0.487846404314041,615.689333334565,0,8.67075715959072
0,305.085149630904,0.33816334605217,224.557266995311,0,0.97427898645401,0,0,0,0,0,0,0,0,0,0,0.157794713973999,0,38.6508879512548,4.8263139128685,2.23471105098724,18.1991663277149,0,2.17499220371246,0,0,0,0,0,0,0,0,34.4627300202847,0,14.4221377670765,14.8056573867798,0,207.197730615735,0,162.175088427961,0.584805548191071,1028.3278061673,4.34754750132561,0,0,19.4224430471659,5.73938593268394,2837.56358066201,132.932799965143,0,2.93208658695221,3.14199429750443,0,0,0,6.96588368713856,0.839245542883873,196.765517413616,0.234643310308456,53.2919573783875,0,68.5074729323387,8.39191509783268,3.37412923574448,18.9180680513382,0,16.1719458550215,0,104.620815098286,0,34.9069181829691,0,77.2396796047688,0,5.84440809488297,14.8594056069851,0,7.41960063576698,483.589716389775,1.33341713249683,61.85957185179,1.70279443264008,646.037969402969,5.5115277916193,1832.29723699391,130.321605265141,0
0,0,106.890969797969,0,557.543742224574,0,0,0,6.90103274583817,0,0,0,0,0,0,0,0.16555155813694,0,2.0232635140419,0,41.7551012933254,0,0,0,0,0,0,0,0,0,0,0,0,0,0.707658097147942,0.212575688958168,37.3752523958683,0,0,0,0.485100343823433,0,8.82667391747236,0,0,0,0,10.9881345629692,7.24417467415333,2.93208658695221,0,0,0,0,20.9582757800817,0,63.3283560425043,0,3.33874882757664,0,199.815168336034,0,0,88.2592542916536,0,0,0,0,0,0,0,0,0,0,0,0,0,0,0,31.2540538981557,0,0,519.091780021787,0,210.441271007061,0,0
0,0,0,62.4952712655067,0,139.848411411047,0,3,0,0,0,0,0,0,0,1.17269659042358,0,0,0,5.05645516514778,0,0,0,0,0,0,0,0,0,0,0,0,0,0,0,0,0,0,0,0,0,0,0,0,0,0,0,0,0,3.14199429750443,0,0,0,65.8939726352692,0,0,0,123.442507237196,0,0,0,6.82876110076904,0,0,0,0,0,0,0,0,0,0,0,0,0,0,0,0,0,0,0,0,71.8351769000292,0,21.7688055336475,0,0
0,0,0,0,0,0,184.911588400602,0,0,0,0,0,0,0,0,0,0,0,0,0,0,0,0,0,0,0,0,0,0,0,0,0,0,0,0,0,0,0,0,0,0,0,0,0,0,0,0,0,0,0,0,0,0,0,0,0,0,0,0,0,0,0,0,0,0,0,0,0,0,0,0,0,0,0,0,0,0,0,0,0,0,0,36.4805990457535,0,0,0,0
0,0,0,0,0,0,0,379.432224392891,0,0,0,0,0,0,0,0,0,0,0,0,0,0,0,0,0,0,0,0,0,0,0,0,0,0,0,0,0,0,0,0,0,0,0,0,0,0,0,0,0,0,0,65.8939726352692,0,0,0,0,0,71.8368462324142,0,53.7172644734383,0,0,0,0,0,0,0,0,0,0,0,0,0,0,0,0,0,0,0,0,0,0,20.8095757365227,0,0,0,0
29.6207789480686,0,66.1263718307018,0,0,0,0,0,583.064201235771,0,0,0,0,0,0,0,0,0,2.04798090457916,0,3.57303521037102,0,0,0,14.4171174168587,0,0,0,0,0,0,0,0,0,0,0.989151298999786,0,0,43.2186277359724,0,0.222947500646114,0,32.2643748298287,0,0,0,0.988943755626678,2.54237063229084,14.1738562434912,0,20.9582757800817,0,0,0,0,0,1.9319740831852,0,0.432957470417023,0,268.325413137674,0,0,9.03775128722191,0,0.223278969526291,0,351.147340908647,0,2.14500704407692,0,0,0,0,0,0,0,0,0.142809480428696,0.9637316390872,0,317.888123512268,28.4269037991762,0,80.7398105636239,0,0.453997626900673
0,4.47941362857819,0,72.5000454187393,0,22.9194392859936,0,0,0,495.746053114533,0,0,0,0,0,63.3989123255014,0,0,0,0,0,0,0,330.270054534078,0,0,0,0,0,0,0,0,0,0,0,0,0,40.4079266935587,0,0,0,5.4152422696352,0,0,0,0,0,0,0,6.96588368713856,0,0,0,0,0,0,0,2.64886523783207,0,0,0,60.1287028342485,0,0,0,0,297.255171194673,0,0,0,0,0,4.22928287088871,0,0,0,0,0,0,0,14.703332439065,0,24.4635178297758,0,28.7875315248966,0,0
2.6478409320116,0,19.225708886981,0,0.969989895820618,0,1.11994338035583,0,1.00581178069115,0,1835.98930928111,0,149.871305987239,0,0,0,7.23995873332024,1.24893209338188,72.3478927910328,0,26.4929981529713,0,0,0,0,0,0,0,18.3427095413208,0,136.040278956294,0,0,0,0.63437856733799,2.07169312238693,2.23141851276159,0,502.740204945207,1.00479483604431,37.397890843451,0.669038876891136,1269.62014625221,0,0,0,46.3651310652494,3.80185933411121,110.937854081392,0.839245542883873,63.3283560425043,0,0,0,1.9319740831852,0,0,0,225.104407310486,0,0,0,1.58321276307106,1053.62812849879,0,0,0,0,0,0,0,171.754730284214,0,515.756717085838,0,0,0,0,3.66090603172779,127.008170492947,1.53178384900093,174.199145704508,257.867458119988,1.02882468700409,1476.75370775908,0,287.376403495669
0,3.91223391890526,0.121313102543354,17.0371905714273,0,4.8235781788826,0,17.6608519256115,0,0,0,2374.14727564156,0,1.04790982604027,0,0,0.170232176780701,0.165174648165703,44.3742432519794,301.435252040625,0,0,0,0,0,0,0,0,0,7.90445578098297,0,0,0,0,0,0.752296946942806,0,261.375003010035,0,7.97365014255047,0,188.262614920735,0.212116077542305,0,0,22.3579678684473,0,0,0,196.765517413616,0,123.442507237196,0,71.8368462324142,0,2.64886523783207,0,0,0,165.510877847672,0,23.3167495727539,197.721433065832,0,0,0,0,0,0,0,61.680134922266,0,358.110096141696,0,0,0,0,0,19.6619903966784,0,16.2245553135872,0,111.672494456172,0,529.809015206993,12.8936866223812,0
0,0,109.449793249369,0,0.439737528562546,0,0,0,0,0,80.8204799890518,0,276.694548398256,0,26.968119263649,0,0,0,0.24639767408371,0,0,0,0,0,0,0,0,0,3.42615032196045,0,0,0,0,0,0,0,0,0,0,0,0,0,4.81174701452255,0,0,0,0.410044103860855,0,3.15007615089417,0.234643310308456,3.33874882757664,0,0,0,0.432957470417023,0,225.104407310486,0,0,0,106.791628882289,0,0,1.90309949219227,0,0,0,0,0,0,0,119.05730342865,0,0,0,0,0,0,0,1.5445808172226,0,0,55.8797587901354,0,55.8327280730009,0,0
0,1.29332613945007,0,65.9907490611076,0,2.48092019557953,0,34.2614036500454,0,0,0,1326.68361134827,0,739.013739019632,0,1.58074456453323,0,0,0,0,0,0,0,0,0,0,0,65.5669572353363,0,0,0,0,0,0,0,0,0,0,0,0,0,2.65063667297363,0,0,0,0,0,0,0,53.2919573783875,0,0,0,53.7172644734383,0,0,0,165.510877847672,0,0,0,113.308034360409,0,0,0,0,0,0,10.7524719238281,0,289.500525712967,0,0.806073665618896,0,0,0,0,0,0,0,0,0,184.366666331887,9.91135549545288,22.379674166441,0,0
1.73804557323456,0,0.824871838092804,0,19.0930278152227,0,0,0,11.1932629048824,0,0,0,30.2978490591049,0,0,0,0,0,0,0,0,0,0,0,4.1605763733387,0,7.46565771102905,0,28.9740008115768,0,0,0,0,0,0,0,0,0,0,0,0,0,0,0,0,0,0,0,3.48303617537022,0,199.815168336034,0,0,0,268.325413137674,0,0,0,106.791628882289,0,0,0,0,0,0,0,0,113.965024963021,0,20.1957972049713,0,5.4736425280571,0,0,0,0,0,0,0,0,0,0,0,0,0.185871332883835,0,0
0,66.5955750346184,0,127.63560834527,0,7.88549116253853,0,9.93634462356567,0,7.18258598446846,0,0,0,18.2022838294506,0,116.331516161561,0,0,0,0.938782870769501,0,0,0,1.96933460235596,0,0.947173118591309,0,0,0,0,0,0,0,0,0,0,0,0,0,0,0,1.13915812969208,0,0,0,0,0,0,0,68.5074729323387,0,6.82876110076904,0,0,0,60.1287028342485,0,23.3167495727539,0,113.308034360409,0,0,0,0,0,0,0,0,71.3818867206573,0,11.8593520522118,0,0,0,0,0,0,0,0,0,0,0,70.8147553503513,0,2.56118029356003,0,0
0,0.905177861452103,0,1.20009554922581,0,0,0,0,0,0,0,43.8647773861885,0,0,0,0,9.62485301494598,14.5657173842192,251.404694102705,459.602468624711,0,0,0,0,0,0,0,0,0,0,0,0,0,0,0,885.935029685497,0,179.532680958509,0,288.104121021926,1.71539352834225,187.238830186427,1.16936539113522,0,0,1134.83678364754,5.12569905817509,0,0,8.39191509783268,0,0,0,0,0,0,1.58321276307106,197.721433065832,0,0,0,0,0,1.21897637844086,0,0,0,0,0,0,0,0,158.82426623255,1.23100426793098,0,0,0,0,1089.83649423718,8.315738260746,644.936617821455,0.213258683681488,390.548474855721,0.249876022338867,769.534067682922,0.5687395632267,0.420418590307236
0,0,2.26229119300842,0,38.1175477206707,0,0,0,5.34981048107147,0,278.593193739653,0,0,0,0,0,11.7762860953808,3.19619631767273,144.980041824281,0,473.282169982791,0,0,0,0,0,0,0,0,0,0,0,0,0,0.203095629811287,1.31643664836884,720.535448215902,0,50.984433144331,0.633021026849747,221.373294986784,2.27707043290138,73.8638855516911,0,0.170915350317955,1.22816184163094,336.678346559405,26.6926494389772,6.98490257561207,3.37412923574448,88.2592542916536,0,0,0,9.03775128722191,0,1053.62812849879,0,1.90309949219227,0,0,0,1.21897637844086,0,0,0,0,0,0,0,0,0,0,314.098773613572,0,0,0,0,0.631901308894157,2579.58158580959,0,750.176885902882,66.7640710994601,0,743.623826272786,0,2.70654933154583
0,0,0,0,0,0,0,0,0,0,0,0,0,0,0,0,25.1955658793449,165.133076250553,1.02418231964111,0,0,8842.15875707567,10.5796468406916,67.5243678539991,0,83.7621960043907,0,49.2075638920069,0,0,0,0,0,0,0,0,0,719.542795360088,0,0,0,0,0,0,0,0,0,0.603618025779724,0,18.9180680513382,0,0,0,0,0,0,0,0,0,0,0,0,0,0,0,0,218.402428641915,0,264.349601775408,0,146.536566436291,0,0,0,0,0,0,0,0,0,507.723555639386,0,996.091643378139,122.470726594329,0.873211622238159,0,0
0,0,0,0,0,0,0,0,0,0,0,0,0,0,0,0,0.790259182453156,0,0,0,0,8.47899687290192,8249.71408684552,0,109.54774749279,0,1.44118940830231,0,34.5683919787407,0,0,0,0,0,0,0,0,0,836.344938054681,0,0,0,0.960807904601097,0,0,0,0,1.30535082519054,154.482592910528,0,0,0,0,0,0.223278969526291,0,0,0,0,0,0,0,0,0,0,0,0,163.184152454138,0,88.0609372854233,0,276.719097495079,0,0,0,0,0,0,0,0,0,256.418103352189,359.951549768448,138.723426833749,2.44528892636299,0,0
0,0,0,0,0,0,0,0,0,3.89678826928139,0,0,0,0,0,0,0,8.38123275339603,0,0,0,146.047528132796,0,545.252225935459,0,185.742130801082,0,0,0,0,0,0,0,0,0,0,0,499.21545432508,0,0,0,0,0,0,0,0,0,0.398681789636612,0,16.1719458550215,0,0,0,0,0,297.255171194673,0,0,0,0,0,0,0,0,218.402428641915,0,0,0,511.357248470187,0,0.244197249412537,0,0,0,0,0,0,0,0,0,402.017725616693,0,95.8604497760534,0,12.3733130991459,0,0
7.08878362178802,0,0,0,0,0,0,0,17.5395227223635,0,0,0,0,0,0,0,0,0,0,0,0,0,119.243509292603,0,419.777689725161,0,0,0,0,0,0,0,0,0,0,0,0,0,861.329314142466,0,0,0,5.98146441578865,0,0,0,0,2.6073441952467,179.095790550113,0,0,0,0,0,351.147340908647,0,0,0,0,0,113.965024963021,0,0,0,0,163.184152454138,0,0,0,399.067559063435,0,11.131252899766,0,0,0,0,0,0,0,0,0,536.835195839405,113.155803695321,13.2250019907951,60.2109017521143,0,0
0,0,0,0,0,0,0,0,0,0,0,0,0,0,0,52.8143775463104,0,148.415876254439,0,0,0,35.1126650571823,0,346.221690371633,0,429.378751978278,0,11.1687694191933,0,0,0,0,0,0,0,0,0,0,0,0,0,0,0,0,0,0,0,0,0,104.620815098286,0,0,0,0,0,0,0,0,0,10.7524719238281,0,71.3818867206573,0,0,264.349601775408,0,511.357248470187,0,0,0,26.7978164702654,0,0,0,0,0,0,0,0,0,0,0,67.1293093562126,0,0,0,0
0,0,0,0,0,0,0,0,7.86445820331573,0,0,0,0,0,1.82952886819839,0,18.3519214093685,1.39110064506531,0,0,0,0,50.2566686868668,0,935.704816803336,0,683.40426030755,0,106.867812156677,0,0,0,0,0,0,0,0,0,1.37078128755093,0,0,0,0.237378910183907,0,0,0,0,0,28.7977772802114,0,0,0,0,0,2.14500704407692,0,0,0,0,0,20.1957972049713,0,0,0,0,88.0609372854233,0,399.067559063435,0,0,0,194.188754051924,0,0,0,0,0,0,0,0,0,0,64.1381931900978,52.3544556498528,1.71557864546776,0,0
0,0,0,0,0,0,0,0,0,0,0,71.2273698151112,0,24.4838432967663,0,0,0,0,0,0,0,79.0640187859535,0,0,0,2.28096461296082,0,3449.62889301777,0,605.56651109457,0,0,0,0,0,0,0,2.62295114994049,0,0.195548206567764,0,5.73409587144852,0,0,0,0,0,0,0,34.9069181829691,0,0,0,0,0,0,0,61.680134922266,0,289.500525712967,0,11.8593520522118,0,0,146.536566436291,0,0.244197249412537,0,26.7978164702654,0,0,0,145.384884774685,0,0,0,0,0,0,0,367.661781542003,0,120.129611328244,0,6.68812648952007,0,0
0,0,0,0,0,0,0,0,0,0,0,0,0,0,0,0,0,0,0,0,0,0,21.3907889723778,0,0,0,52.1621162891388,0,827.652921721339,0,203.909929320216,0,0,0,0,0,0,0,107.690746888518,0,1.31402671337128,0,14.8107314258814,0,0,0,0,3.64555679261684,74.9553263783455,0,0,0,0,0,0,0,171.754730284214,0,119.05730342865,0,5.4736425280571,0,0,0,0,276.719097495079,0,11.131252899766,0,194.188754051924,0,0,0,62.988134726882,0,0,0,0,0,0,0,189.4893194139,84.9497804641724,58.6338022351265,17.1247007697821,0,1.00460869073868
0.379643499851227,1.0905404239893,0,35.9060202762485,0,1.16045892238617,0,0,0,0,0,168.906627252698,0,0,0,0,14.5281063690782,5.13641782104969,373.964845404029,0,0,0,0,0,0,0,0,0.545893847942352,0,1381.12417337298,0,0,0,0,0,0.870783261954784,0.17820131778717,734.557108938694,0,26.7066573947668,1.93078447878361,623.057856142521,2.36329650878906,0,0,116.241683583707,0.442723333835602,0,0,77.2396796047688,0,0,0,0,0,4.22928287088871,0,358.110096141696,0,0.806073665618896,0,0,158.82426623255,0,0,0,0,0,0,0,145.384884774685,0,0,0,0,0,0,0,107.914132989943,2.5076979547739,33.4639937579632,0,685.109718449414,0.15106888115406,629.246677815914,74.421747609973,0.118941344320774
0.460475161671638,0,2.03867655992508,0,0,0,0,0,0.184641048312187,0,15.1812360882759,0,0,0,0,0,6.45341494679451,2.3775617480278,121.613244920969,0,3.75641095638275,0,0,0,0,0,0,0,43.6980033516884,0,797.072354137897,0,0,0,0,0,2.20162372291088,0,297.350826561451,0,33.3518141508102,3.02561580389738,467.59814196825,0,0,0.226399809122086,38.1027704104781,0.235011070966721,95.8442485779524,0,0,0,0,0,0,0,515.756717085838,0,0,0,0,0,1.23100426793098,314.098773613572,0,0,0,0,0,0,0,62.988134726882,0,0,0,0,0,0,6.27335776388645,102.730376809835,1.24968242645264,860.266612917185,506.89637478441,0,448.469964019954,0,161.386542513967
0,0,0,0,0,0,0,0,0,0,0,0,0,0,0,0,0,0,0,0,0,0,0,0,0,0,0,0,0,0,0,1543.39892973006,0,12.0634121745825,0,303.711110442877,0,0,0,0,0,0,0,0,0,0,0,1990.1140986979,0,5.84440809488297,0,0,0,0,0,0,0,0,0,0,0,0,0,0,0,0,0,0,0,0,0,0,0,0,0,0.68738329410553,3.61473000049591,0,346.606228619814,0,0,0,5.16498464345932,0,0,0,0
0,0,0.287660211324692,0,0,0,0,0,0,0,0,0,0,0,0,0,0,0,0,0,0,0,0,0,0,0,0,0,0,0,0,40.964771270752,550.53755761683,0,90.8333716839552,0,562.92086187005,0,0,0,0,0,0,0,0,0,0,4126.97376677394,15.886280477047,14.8594056069851,0,0,0,0,0,0,0,0,0,0,0,0,0,0,0,0,0,0,0,0,0,0,0,0,0.68738329410553,0,0,440.24967212975,0,289.048522442579,0,0,239.146121919155,0,0,0,0
0,0,0,0,0,0,0,0,0,0,0,0,0,0,0,0,0,0,0,0,0,0,0,0,0,0,0,0,0,0,0,10.762442111969,0,1670.14275041223,68.8302807807922,17.8667368590832,0,123.853584617376,0,0,0,0,0,0,0,0,0,225.074086010456,0,0,0,0,0,0,0,0,0,0,0,0,0,0,0,0,0,0,0,0,0,0,0,0,0,0,3.61473000049591,0,0,0,333.068322211504,0,787.930338189006,0,124.525305062532,0,0,0,0
0,0,0,0,0,0,0,0,0,0,0,0,0,0,0,0,0,0,0,0,0,0,0,0,0,0,0,0,0,0,0,0,39.0241704285145,120.011272877455,1942.18122784793,0,192.819873005152,0,210.516913950443,0,0,0,6.42008496820927,0,0,0,0.201067358255386,574.484126657248,36.3519718199968,7.41960063576698,0,0,0,0,0,0,0,0,0,0,0,0,0,0,0,0,0,0,0,0,0,0,0,0,0,440.24967212975,0,0,0,67.5573016107082,0,238.03336969018,347.788896486163,47.6221657693386,18.61860640347,0,0
0.228734254837036,39.8352804258466,0,16.755130931735,0,0,0,0,0,0,0,31.3068059980869,0,0,0,0,62.1906279027462,64.2155768871307,1418.90109366924,225.352650702,0,0,0,0,0,0,0,0,0,0,0,47.7939757555723,0,42.931061014533,0,18436.4106637836,652.867145359516,484.840169243515,0,437.640949562192,18.2101516202092,814.422326438129,4.85545549541712,0,0,547.351274862885,9.03049349784851,1187.1326675117,0,483.589716389775,0,0,0,0,0.142809480428696,0,3.66090603172779,19.6619903966784,0,0,0,0,1089.83649423718,0.631901308894157,0,0,0,0,0,0,0,0,107.914132989943,6.27335776388645,346.606228619814,0,333.068322211504,0,0,237.564309298992,2675.0380088836,13.5736999213696,2475.74085540324,190.945595353842,1195.75672820956,33.9596579223871,3.25062328577042
2.4350349009037,0,5.85967761278152,0,3.36915971338749,0,0,0,0,0,188.453014463186,0,0,0,0,0,113.470544472337,53.3233925402164,1442.51982152462,0,165.039069004357,0,0,0,0,0,0,0,0,0,0,0,170.3178409338,0,32.9356678426266,129.189152866602,16921.9787329063,0,1201.4006241411,12.6396253556013,906.165568761528,24.7783257812262,1187.79549472779,0,0.113145358860493,7.41190475225449,334.298372350633,909.996704682708,262.364258155227,1.33341713249683,31.2540538981557,0,0,0,0.9637316390872,0,127.008170492947,0,1.5445808172226,0,0,0,8.315738260746,2579.58158580959,0,0,0,0,0,0,0,0,2.5076979547739,102.730376809835,0,289.048522442579,0,67.5573016107082,237.564309298992,0,4.577024102211,2650.94816794991,3277.30516748875,263.051028370857,1447.24235740304,1.19340270757675,89.8161095902324
