0,0,64.0776277631521,0,0,0,0,0,375.953385323286,0,0,0,8.26730704307556,0,31.499531775713,0,0,0,35.9203812479973,0,0,0,0,0,0,0,0,0,0,0,0,0,0,0,0,0,0,0,0,0,0,0,44.479280218482,0,0,0,1.83747932314873,0,430.30387377739,0,13.5195100307465,0,0,0,99.5772849842906,0,0,0,42.9768226742744,0,69.790961548686,0,0,0,0,0,0,0,0,0,0,0,0,0,0,0,0,0,0,0,0,0,499.747433125973,0,197.73508104682,0,6.8146794885397
0,0,0,146.888084709644,0,0,0,0,0,324.192401885986,0,0,0,1.55253541469574,0,43.1864808797836,0,0,74.6751010268927,0,0,0,0,4.19528180360794,0,0,0,0,0,0,0,0,0,0,0,0,0,14.2856437414885,0,0,0,133.411224365234,0,0,0,0,0,0.639209091663361,0,509.229060336947,0,0,0,0,0,258.973176136613,0,5.61117869615555,0,6.05129508674145,0,98.8178139179945,0,0,0,0,23.1432977616787,0,0,0,0,0,0,0,0,0,0,0,0,0,51.8405648320913,0,407.613871768117,0,382.403560757637,13.5787660479546,0
64.0776277631521,0,0,0,0.632746905088425,0,0,0,9.6929604113102,0,0,0,0,0,0,0,0,0,0,0,0,0,0,0,0,0,0,0,0,0,0,0,0,0,0,0,0,0,0,0,0,0,0,0,0,0,1.67527195811272,0,174.619040027261,0,92.9578832089901,0,0,0,277.480249896646,0,0,0,1.33526909351349,0,132.853324025869,0,0,0,0,0,0,0,0,0,0,0,0,0,0,0,0,0,0,0,0,0,0,0,666.04301160574,0,0
0,146.888084709644,0,0,0,44.613371476531,0,0,0,1.21368929743767,0,13.541691750288,0,0,0,0,0,0,0,0,0,0,0,0,0,0,0,0,0,0,0,0,0,0,0,4.189317882061,0,0,0,0,0,3.73413895070553,0,0,0,0,0,0,0,31.4049135446548,0,3.61882305145264,0,0,0,0,0,67.3881099373102,0,59.9356772601604,0,51.180473446846,0,0,0,0,0,0,0,0,0,0,0,0,0,0,0,0,0,0,0,0,21.4657362103462,0,845.074889585376,0,0
0,0,0.632746905088425,0,0,0,16.4370605945587,0,0,0,0,0,0,0,50.4081206321716,0,0,0,0,0,0,0,0,0,0,0,0,0,0,0,0,0,0,0,0,0,0,0,0,0,0,0,0,0,0,0,0,0,0,0,309.886622279882,0,0,0,0,0,0,0,41.4324725270271,0,12.7325686514378,0,0,0,0,0,0,0,0,0,0,0,0,0,0,0,0,0,0,0,0,0,75.6933625936508,0,44.5097609758377,0,0
0,0,0,44.613371476531,0,0,0,0,0,0,0,3.05957102775574,0,0,0,0,0,0,0,0,0,0,0,0,0,0,0,0,0,0,0,0,0,0,0,0,0,0,0,0,0,0,0,0,0,0,0,0,0,0,0,527.026047855616,0,0,0,0,0,0.353504031896591,0,3.24426978826523,0,0,0,0,0,0,0,0,0,0,0,0,0,0,0,0,0,0,0,0,0,0,87.4005334377289,0,184.594685286283,0,0
0,0,0,0,16.4370605945587,0,0,0,0,0,0,0,98.1915372908115,0,0,0,0,0,0,0,32.3589313030243,0,0,0,0,0,0,0,0,0,0,0,0,0,0,0,0,0,0,0,0,0,0,0,0,0,0,0,0,0,43.0426762104034,0,111.025614261627,0,0,0,4.97704017162323,0,31.1599242687225,0,0,0,0,0,0,0,0,0,0,0,0,0,0,0,0,0,0,0,0,0,0,0,279.386879622936,65.0144786834717,0,0,0
0,0,0,0,0,0,0,0,0,0,0,6.61316871643066,0,155.92672586441,0,0,0,0,0,145.060054540634,0,0,0,0,0,0,0,0,0,0,0,0,0,0,0,0,0,0,0,0,0,0,0,0,0,0,0,0,0,0,0,11.2544159889221,0,98.7017170488834,0,0,0,18.6294622421265,0,14.9655397236347,0,0,21.7661693096161,0,0,0,0,0,0,0,0,0,0,0,0,0,0,0,0,0,0,0,225.460276782513,7.53846669197083,0,0,0
375.953385323286,0,9.6929604113102,0,0,0,0,0,0,0,0,0,13.3085158467293,0,431.247957453132,0,7.79230970144272,0,18.5657403320074,0,0,0,0,0,4.91842487454414,0,41.8139573335648,0,0,0,0,0,0,0,0.232246711850166,0,0,0,231.82938939333,0,0,0,12.3706505596638,0,0,0,0,6.46576923131943,15.7106617987156,0,0,0,0,0,563.318665370345,0,0,0,0.645229518413544,0,140.999669969082,0,0,0,0,0,0,0,0,11.3422282934189,0,0,0,0,0,0,0,0.486828997731209,0,0,0,23.93529099226,878.151413485408,28.1740347445011,26.4267601668835,0,0.217362463474274
0,324.192401885986,0,1.21368929743767,0,0,0,0,0,0,0,0,0,0,0,120.072002887726,0,18.2624465078115,7.06355227530003,0,0,0,0,44.8869231343269,0,35.4530198872089,0,0,0,0,0,0,0,0.890505850315094,0,0,0,189.779952719808,0,0,0,54.7307076901197,0,0,0,0,0,7.66586580872536,0.531722664833069,14.3622800707817,0,0,0,0,0,339.519947841763,0,0,0,3.97698563337326,0,110.62967069447,0,0,0,0,16.7278010547161,0,114.339343726635,0,0,0,0,0,0,0,0,0,0,0,74.7931546270847,0,526.64307975769,29.0883193016052,169.336504563689,0.999609932303429,0
0,0,0,0,0,0,0,0,0,0,0,0,45.2328781485558,0,0,0,0,0,0,0,60.7017186880112,0,0,0,0,0,0,0,145.138560175896,0,25.0567534565926,0,0,0,0,0,93.7071975469589,0,551.095081955194,0,0,0,0,0,0,0,0,0,0,0,0,0,0,0,0,0,1597.89373613894,0,10.1657672822475,0,0,0,0,138.66503238678,0,0,0,0,0,0,0,11.7683510780334,0,1.87670797109604,0,0,0,0,0,93.7515824437141,0,512.129570782185,514.344862908125,14.3508173376322,1.61320143938065,0,0
0,0,0,13.541691750288,0,3.05957102775574,0,6.61316871643066,0,0,0,0,0,123.357152223587,0,0,0,0,0,234.565689012408,0,0,0,0,0,0,0,31.3894705474377,0,89.3305844068527,0,0,0,0,0,313.097837001085,0,382.615072906017,0,0,0,0,0,0,0,0,0,0,0,0,0,17.5632035136223,0,43.7641642689705,0,0,0,2116.95643419027,0,6.82582473754883,0,0,88.9327061027288,0,0,0,0,0,0,0,0,0,83.9880975484848,0,0,0,0,0,183.720987528563,0,396.398674622178,0,811.972954660654,85.0535385608673,17.2163922637701,0,0
8.26730704307556,0,0,0,0,0,98.1915372908115,0,13.3085158467293,0,45.2328781485558,0,0,0,390.886269837618,0,0,0,0,0,0,0,0,0,0,0,0,0,138.982095122337,0,0,0,0,0,0,0,0,0,0,0,0,0,0,0,0,0,0,0,0,0,5.65826272964478,0,0,0,20.7158325016499,0,338.756663531065,0,1110.88718551397,0,227.412355482578,0,0,0,0,0,0,0,0,0,0,112.066054344177,0,0,0,0,0,0,0,0,0,0,550.483867675066,359.471979930997,0,0,0
0,1.55253541469574,0,0,0,0,0,155.92672586441,0,0,0,123.357152223587,0,0,0,206.800022423267,0,0,0,0,0,0,0,0,0,0,0,1,0,0,0,0,0,0,0,0,0,0,0,0,0,0,0,0,0,0,0,0,0,0,0,0,0,5.62379837036133,0,0,0,671.770271733403,0,1506.90095260739,0,288.442773103714,0,0,0,0,0,0,0,0,0,0,0,0,0,0,0,0,0,0,0,0,849.017744362354,35.8336815834045,0,0,0
31.499531775713,0,0,0,50.4081206321716,0,0,0,431.247957453132,0,0,0,390.886269837618,0,0,0,12.8252281248569,0,0,0,0,0,0,0,0,0,1.29823660850525,0,0,0,0,0,0,0,0,0,0,0,0,0,0,0,0,0,0,0,0,0,0,0,8.37696385383606,0,0,0,1030.71486352384,0,0,0,181.351593211293,0,430.936035424471,0,0,0,0,0,0,0,0,0,0,0,0,0,0,0,0,0,0,0,0,0,180.716601848602,17.6854140758514,0,0,0
0,43.1864808797836,0,0,0,0,0,0,0,120.072002887726,0,0,0,206.800022423267,0,0,0,11.7651849985123,0,0,0,0,0,0,0,80.4302911758423,0,0,0,0,0,0,0,0,0,0,0,0,0,0,0,0.167909517884254,0,0,0,0,0,0,0,0.372246861457825,0,0,0,0,0,323.161265730858,0,0,0,316.316709458828,0,137.949923202395,0,0,0,0,0,0,1.86973497271538,0,0,0,0,0,0,0,0,0,0,0,0,0,160.899793833494,2.83287650346756,0,0,0
0,0,0,0,0,0,0,0,7.79230970144272,0,0,0,0,0,12.8252281248569,0,0,6991.35521329194,4992.5191359818,0,0,32.3225623965263,149.575614690781,0,15.9659875035286,0.180631652474403,295.315185293555,0,14.9003688097,0,0,0,0,0,0,0,0,0,0,0,0,0.531480610370636,24.7208931595087,0,5.95846104621887,0,0,0,0,0,0,0,0,0,0,0,0,0,0,0,0,0,0,0,0,3.89060401916504,0,44.5630909204483,0.659146890044212,470.432142078876,0,3.77493834495544,0,0,0,0,0,0,0,0,0,0,5162.53781709075,648.840674996376,11.1088261157274,0,6.46798856556416
0,0,0,0,0,0,0,0,0,18.2624465078115,0,0,0,0,0,11.7651849985123,6991.35521329194,0,3745.14476458728,0,0,35.4746358692646,0,25.4311350286007,0,154.578220590949,0,0.672987341880798,0,0,0,0,0,0,0,0,0,0,0,0,0,14.9995415210724,0,0,3.77784916758537,0,0,0,0,0,0,0,0,0,0,0,0,0,0,0,0,6.3615688085556,0,0,2.88501524925232,0,39.2123336791992,0,373.68339112401,0,0,0,0,0,0,0,0,0,0,0,0,0,6177.88026697189,1146.04154525697,115.156436927617,2.77873286604881,0
35.9203812479973,74.6751010268927,0,0,0,0,0,0,18.5657403320074,7.06355227530003,0,0,0,0,0,0,4992.5191359818,3745.14476458728,0,0,0,0,0,0,0,0,0,0,0,0,0,0,0,0,0,0,0,0,0,0,0,983.427537828684,1377.86578173935,933.38267275691,859.782704219222,128.403316795826,193.900635957718,0,0,0,0,0,0,0,0,1.50673478841782,0,0,0,0,0,0,0,0,0,0,0,0,0,0.269918262958527,0,0,0,0,0,0,0,0,0,0,0,0,7742.9476660341,27.1518363654613,3589.89180906117,91.8454037159681,362.527938961983
0,0,0,0,0,0,0,145.060054540634,0,0,0,234.565689012408,0,0,0,0,0,0,0,0,0,0,0,0,0,0,0,0,0,0,0,0,0,0,0,1378.80283424258,0,0,0,0,0,0,0,0,0,0,0,0,0,0,0,0,0,0,0,0,0,1.29612585902214,0,0,0,0,782.974796414375,0,0,0,0,0,0,0,0,0,0,0,0,0,0,0,1635.71649627388,0,0,0,243.466782450676,3.05159044265747,0,0,0
0,0,0,0,0,0,32.3589313030243,0,0,0,60.7017186880112,0,0,0,0,0,0,0,0,0,0,0,0,0,0,0,0,0,0,0,0,0,0,0,0,0,1295.53138113022,0,0,0,0,0,0,0,0,0,0,0,0,0,0,0,0,0,0,0,1.07220450043678,0,0,0,0,0,0,243.536479622126,0,0,0,0,0,0,0,0,0,0,0,0,0,0,0,1475.73488363624,0,13.0746123194695,350.430723011494,0,0,0,0
0,0,0,0,0,0,0,0,0,0,0,0,0,0,0,0,32.3225623965263,35.4746358692646,0,0,0,0,1463.05253867805,168.744974836707,0,63.2178811430931,13.477609872818,200.644121825695,0,0,0,0,0,0,0,0,0,526.840966120362,330.668563067913,0,0,0,0,0,0,0,0,0,0,44.811404466629,0,0,0,0,0,0,0,0,0,0,0,0,0,0,5317.90186159313,627.821535930037,216.052917227149,3.59839105606079,357.339528650045,0,38.9701328277588,0,0,0,0,0,0,0,0,0,1140.57471449673,226.952788829803,1245.4311670959,95.179221957922,0,0,0
0,0,0,0,0,0,0,0,0,0,0,0,0,0,0,0,149.575614690781,0,0,0,0,1463.05253867805,0,0,31.4636218547821,0,117.29586160183,0,479.383931219578,0,0,0,0,0,0,0,0,4.73021912574768,288.39634385705,0,0,0,0,0,0,0,0,0,0,0,0,0,0,0,0,0,0,0,0,0,0,0,0,0,357.625526189804,3354.98178513348,0,139.709749758244,0,9.73621881008148,0,1180.12383577228,0,0,0,0,0,0,0,0,0,249.023989707232,418.57830914855,71.3660531044006,0,0,0
0,4.19528180360794,0,0,0,0,0,0,0,44.8869231343269,0,0,0,0,0,0,0,25.4311350286007,0,0,0,168.744974836707,0,0,0,277.442343086004,0,0,0,0,0,0,0,0,0,0,0,496.630361229181,0,0,0,0,0,0,0,0,0,0,0,288.384423673153,0,0,0,0,0,179.962590649724,0,0,0,0,0,0,0,0,31.0869058519602,0,550.693862646818,0,261.449366569519,0,0,0,0,0,0,0,0,0,0,0,1350.92063941061,0,352.801958054304,0,55.7137876749039,0,0
0,0,0,0,0,0,0,0,4.91842487454414,0,0,0,0,0,0,0,15.9659875035286,0,0,0,0,0,31.4636218547821,0,0,0,66.6097136735916,0,0,0,0,0,0,0,1.87058083713055,0,0,0,461.7807880193,0,0,0,0,0,0,0,0,1.37251573801041,8.21057599782944,0,0,0,0,0,6.52896526455879,0,0,0,0,0,0,0,0,0,0,9.67397591471672,0,807.356147944927,0,0,0,0,0,0,0,0,0,2.69699947535992,0,0,0,264.666185393929,320.031987264752,0,10.1927914619446,0,0
0,0,0,0,0,0,0,0,0,35.4530198872089,0,0,0,0,0,80.4302911758423,0.180631652474403,154.578220590949,0,0,0,63.2178811430931,0,277.442343086004,0,0,0,144.098711699247,0,0,0,0,0,0,0,0,0,0,0,0,0,0,0,0,0,0,0,0,0,0,0,0,0,0,0,44.055993527174,0,0,0,0,0,2.19738534092903,0,0,70.7836019992828,0,351.666317790747,0,784.633143216372,0,46.3272282481194,0,0,0,0,0,0,0,0,0,0,0,296.825159341097,0,0,0,0
0,0,0,0,0,0,0,0,41.8139573335648,0,0,0,0,0,1.29823660850525,0,295.315185293555,0,0,0,0,13.477609872818,117.29586160183,0,66.6097136735916,0,0,0,1,0,0,0,0,0,0,0,0,0,0,0,0,0,0,0,0,0,0,0,0,0,0,0,0,0,12.8377586603165,0,0,0,0,0,0,0,0,0,0,92.5779410600662,0,236.14925891161,0,169.75845682621,0,0,0,0,0,0,0,0,0,0,0,0,309.806043460965,0,0,0,0
0,0,0,0,0,0,0,0,0,0,0,31.3894705474377,0,1,0,0,0,0.672987341880798,0,0,0,200.644121825695,0,0,0,144.098711699247,0,0,0,103.987853050232,0,0,0,0,0,0,0,54.3499897420406,0,0,0,0,0,0,0,0,0,0,0,0,0,0,0,0,0,0,0,306.431497871876,0,0,0,0,0,0,68.9039816260338,0,0,0,327.486470341682,0,4101.73205143213,0,230.947799533606,0,0,0,0,0,0,0,20.2735850214958,0,622.072887778282,209.869819253683,0,0,0
0,0,0,0,0,0,0,0,0,0,145.138560175896,0,138.982095122337,0,0,0,14.9003688097,0,0,0,0,0,479.383931219578,0,0,0,1,0,0,0,369.512719333172,0,0,0,0,0,0,0,48.2245432138443,0,0,0,0,0,0,0,0,0,0,0,0,0,0,0,0,0,319.933693230152,0,80.6087631583214,0,0,0,0,0,0,269.646911770105,0,0,0,322.954989731312,0,5784.2557214871,0,1031.9774762243,0,0,0,0,0,0,0,116.053839027882,195.109509944916,12.1774829626083,0,0,0
0,0,0,0,0,0,0,0,0,0,0,89.3305844068527,0,0,0,0,0,0,0,0,0,0,0,0,0,0,0,103.987853050232,0,0,0,0,0,0,0,0,0,2.16643571853638,0,0,0,0,0,0,0,0,0,0,0,0,0,0,0,0,0,0,0,187.05424502492,0,0,0,0,0,0,0,0,0,0,0,0,6.29841661453247,0,1570.66163697839,0,0,0,0,0,0,0,242.088155850768,0,73.5230236053467,8.78769111633301,0,0,0
0,0,0,0,0,0,0,0,0,0,25.0567534565926,0,0,0,0,0,0,0,0,0,0,0,0,0,0,0,0,0,369.512719333172,0,0,0,0,0,0,0,0,0,94.0504681766033,0,0,0,0,0,0,0,0,0,0,0,0,0,0,0,0,0,74.1270462274551,0,0,0,0,0,0,0,0,0,0,0,0,0,0,189.503364935517,0,584.847684398293,0,0,0,0,0,0,0,85.6943168342113,51.4591447114944,0,0,0,0
0,0,0,0,0,0,0,0,0,0,0,0,0,0,0,0,0,0,0,0,0,0,0,0,0,0,0,0,0,0,0,0,1602.93553261459,109.991053275764,13.0744796395302,524.689093694091,195.295937508345,0,0,0,0,0.116134487092495,0,0,0,0,0,1044.66073763371,1.01740109920502,1.24109138548374,0,0,0,0,0,0,0,0,0,0,0,0,0,0,0,0,0,0,0,0,0,0,0,0,561.112860649824,2112.90126995742,143.195249967277,18.3140208125114,1194.48114812374,231.772794350982,0.12173580378294,1.12696155160666,239.102203145623,0,0,0,0
0,0,0,0,0,0,0,0,0,0,0,0,0,0,0,0,0,0,0,0,0,0,0,0,0,0,0,0,0,0,0,1602.93553261459,0,20.9251681566238,59.7713414877653,775.73468606174,480.547667130828,0,0,0,0,12.1267625764012,0,0,0,17.8294826671481,0,318.259849637747,0,4.79645043611526,0,0,0,0,0,0,0,0,0,0,0,0,1.7875647470355,0,0,0,0,0,0,0,0,0,0,0,1033.70361329615,2172.57308001816,37.9365500509739,159.424396760762,553.060374818742,1227.06546457857,0,16.2859122976661,301.772699341178,0,1.31824378669262,0,0
0,0,0,0,0,0,0,0,0,0.890505850315094,0,0,0,0,0,0,0,0,0,0,0,0,0,0,0,0,0,0,0,0,0,109.991053275764,20.9251681566238,0,575.878347828984,51.7134077697992,148.448190018535,278.629125714302,110.625553026795,0,0,0,0,0,0,0.112413264811039,0,1338.77437852323,5.37133429944515,0,0,0,0,0,0,0,0,0,0,0,0,0,0,0,0,0,0,0,0,0,0,0,0,0,156.476198859513,28.2527251392603,1240.44459596276,446.969264030457,65.2245725989342,95.0683704912663,258.4015545398,34.1764654964209,170.547116503119,1,0,0,0
0,0,0,0,0,0,0,0,0.232246711850166,0,0,0,0,0,0,0,0,0,0,0,0,0,0,0,1.87058083713055,0,0,0,0,0,0,13.0744796395302,59.7713414877653,575.878347828984,0,19.0299654603004,161.116246238351,14.9359607100487,181.220438092947,0,0,5.26456569135189,0,0,0,11.1701897457242,0,1598.6366860196,2.926803201437,6.86290816962719,0,0,0,0,0.604226589202881,0,0,0,0,0,0,0,0.118367560207844,0,0,0.14739653468132,0,1.03597384691238,0,0,0,0.536574959754944,0,0,19.6879122331738,160.004820503294,1152.29858867079,1388.17599778622,146.417060025036,73.8478842899203,37.5888675153255,251.276444509625,307.72350949049,0,0.816168248653412,0.820349156856537,0
0,0,0,4.189317882061,0,0,0,0,0,0,0,313.097837001085,0,0,0,0,0,0,0,1378.80283424258,0,0,0,0,0,0,0,0,0,0,0,524.689093694091,775.73468606174,51.7134077697992,19.0299654603004,0,6930.21881240606,213.303802266717,126.507452666759,4.81354415416718,0,0,0,0,0,14.3851738199592,0,607.441687226295,0,0.321184009313583,0,0,0,0,0,0,0,0,0,0,0,0,281.871293626726,0,0,0,0,0,0,0,0,0,0,0,184.118197031319,497.767949327826,24.9682738110423,0.738755121827126,20652.1130604595,5068.4528426379,41.2129463106394,0,5825.09079978615,1166.83588325977,61.3467528969049,0.252425968647003,0
0,0,0,0,0,0,0,0,0,0,93.7071975469589,0,0,0,0,0,0,0,0,0,1295.53138113022,0,0,0,0,0,0,0,0,0,0,195.295937508345,480.547667130828,148.448190018535,161.116246238351,6930.21881240606,0,69.9257859587669,875.796637639403,0,12.5909458547831,0,0,0,0,0,1.69405829906464,128.581149488688,0.246480658650398,0,0,0,0,0,0,0,31.3774418830872,0,0,0,0,0,0,256.466574668884,0,0,0,0,0,0,0,0,0,0,56.6801247894764,251.447080120444,21.5520621240139,111.717542394996,986.023467093706,11075.3438031748,0,29.918360888958,4487.46071580052,2807.54270139337,54.6900144815445,0,0
0,14.2856437414885,0,0,0,0,0,0,0,189.779952719808,0,382.615072906017,0,0,0,0,0,0,0,0,0,526.840966120362,4.73021912574768,496.630361229181,0,0,0,54.3499897420406,0,2.16643571853638,0,0,0,278.629125714302,14.9359607100487,213.303802266717,69.9257859587669,0,917.297578021884,0,0,0,0,0,0,0,0,635.32607114315,1.74710673093796,538.623854249716,0,0,0,0,0,115.017610341311,0,37.8401899337769,0,0,0,0,0,0,344.077903196216,0,144.888528287411,0.217391669750214,0,0,162.663493931293,0,9.36171755194664,0,0,0,78.1121788322926,4.23907205462456,245.714959569275,15.9877369999886,13933.2344105542,686.451593652368,3437.63704831153,1306.99759292603,89.7065550535917,0,0
0,0,0,0,0,0,0,0,231.82938939333,0,551.095081955194,0,0,0,0,0,0,0,0,0,0,330.668563067913,288.39634385705,0,461.7807880193,0,0,0,48.2245432138443,0,94.0504681766033,0,0,110.625553026795,181.220438092947,126.507452666759,875.796637639403,917.297578021884,0,0,0,0,0,0,0,0,0,597.436130672693,91.8566812574863,2.91189576685429,0,0,0,0,145.460232406855,0,54.4979472756386,0,0,0,0,0,0,3.39869657158852,529.84337964654,155.110761880875,0,494.404126644135,0,0,0,19.3729014396667,0,112.911262512207,0,0,8.8673323392868,213.381797328591,34.596486389637,899.896946989,206.055831611156,8819.96316723526,2492.56698958576,450.592356383801,195.792542308569,0,0
0,0,0,0,0,0,0,0,0,0,0,0,0,0,0,0,0,0,0,0,0,0,0,0,0,0,0,0,0,0,0,0,0,0,0,4.81354415416718,0,0,0,0,0,634.385668821633,0,0.548770099878311,0,1314.76381040365,0,68.8805307596922,0.178424343466759,1105.88788583875,0,0,0,0,0,0,0,1.31248508393764,0,0,0,0,91.1594746857882,0,0,0,0,0,0,0,0,0,0,0,2.35186505317688,0,0.650716178119183,0,315.585159957409,0.520393386483192,199.130831167102,0,19.215149924159,0,1447.13005790859,27.1142068952322,0
0,0,0,0,0,0,0,0,0,0,0,0,0,0,0,0,0,0,0,0,0,0,0,0,0,0,0,0,0,0,0,0,0,0,0,0,12.5909458547831,0,0,0,0,0,602.649529486895,0,0,2.4283075928688,1883.30996090919,7.49948799610138,804.107312403619,0,0,0,0,0,0,0,0,0,0,0,0,0,0,477.533407747746,0,0,0,0,0,0,0,0,0,0,0,0,0,0,0,527.283768631518,0,93.9636494517326,8.96147738397121,0,1333.40785835683,0,85.5843648016453
0,133.411224365234,0,3.73413895070553,0,0,0,0,0,54.7307076901197,0,0,0,0,0,0.167909517884254,0.531480610370636,14.9995415210724,983.427537828684,0,0,0,0,0,0,0,0,0,0,0,0,0.116134487092495,12.1267625764012,0,5.26456569135189,0,0,0,0,634.385668821633,0,0,315.321771264076,369.577018082142,4.67228449881077,990.675160370767,0,88.4372393041849,11.9668543189764,492.296710804105,0,0,0,0,0,3.92019337415695,0,311.912739105523,0,0,0,0.935645774006844,518.573526121676,0,0,0,0,0,0,0,0,0,0.937571167945862,0,3.40745104849339,9.32058112323284,0,25.8878128826618,1674.36916909367,86.5977410897613,178.123560369015,0,655.031492486596,5.69097143411636,4722.40646001697,1280.08230474591,0.434503048658371
44.479280218482,0,0,0,0,0,0,0,12.3706505596638,0,0,0,0,0,0,0,24.7208931595087,0,1377.86578173935,0,0,0,0,0,0,0,0,0,0,0,0,0,0,0,0,0,0,0,0,0,602.649529486895,315.321771264076,0,13.5348542705178,382.237700402737,1.90304118394852,1427.294775635,4.14334554970264,334.190939478576,20.4841305911541,0,0,0,0,0,0,103.967872872949,0,0,0,0,0,0,8.2041584700346,0,0,0,0,0,0,0,0,0,55.8209429383278,0,0,0,0,0,1405.28009553999,0,26.0186073184013,701.67001850903,10.4682204276323,4150.08068542928,0,309.645297929645
0,0,0,0,0,0,0,0,0,0,0,0,0,0,0,0,0,0,933.38267275691,0,0,0,0,0,0,0,0,0,0,0,0,0,0,0,0,0,0,0,0,0.548770099878311,0,369.577018082142,13.5348542705178,0,2.5841304063797,109.27794021368,0,0,0.211963593959808,2.78038874268532,0,0,0,0,0,0,0,0,0,0,0,0,0,0,0,0,0,0,0,0,0,0,0,0,0,0,0,0,0.153191477060318,0,0,0,90.7229892611504,4.55918574333191,1234.39727304131,16.7560611069202,0
0,0,0,0,0,0,0,0,0,0,0,0,0,0,0,0,5.95846104621887,3.77784916758537,859.782704219222,0,0,0,0,0,0,0,0,0,0,0,0,0,0,0,0,0,0,0,0,0,0,4.67228449881077,382.237700402737,2.5841304063797,0,0,224.382131278515,0,0.33541713654995,0,0,0,0,0,0,0,0.225340768694878,0,0,0,0,0,0,0,0,0,0,0,0,0,0,0,0,0,0,0,0,0,0,0,0,0,170.32560788095,4.25459982454777,1310.19454818964,0,18.0906738340855
0,0,0,0,0,0,0,0,0,0,0,0,0,0,0,0,0,0,128.403316795826,0,0,0,0,0,0,0,0,0,0,0,0,0,17.8294826671481,0.112413264811039,11.1701897457242,14.3851738199592,0,0,0,1314.76381040365,2.4283075928688,990.675160370767,1.90304118394852,109.27794021368,0,0,0.395978301763535,64.4305142760277,3.17849895358086,114.750381954014,0,0,0,0,0,0,0,0.377419859170914,0,0,0,0,867.772577777505,0,0,0,0,0,0,0,0,0,0,0,0.310984134674072,9.80908630788326,0,23.0148861557245,2359.04952960461,91.3443076387048,163.845335535705,0,22.0576757192612,0,2247.67917408049,15.2663245275617,0
1.83747932314873,0,1.67527195811272,0,0,0,0,0,0,0,0,0,0,0,0,0,0,0,193.900635957718,0,0,0,0,0,0,0,0,0,0,0,0,0,0,0,0,0,1.69405829906464,0,0,0,1883.30996090919,0,1427.294775635,0,224.382131278515,0.395978301763535,0,0,154.592359870672,0,0,0,0,0,0.214849174022675,0,0,0,0.248908147215843,0,0.231168836355209,0,0,788.305196464062,0,0,0,0,0,0,0,0,0,0,0,0,0,0,0.736233294010162,2804.39678368345,0,567.816246412694,18.3648009002209,0,1896.86208516359,0,1.00873351097107
0,0.639209091663361,0,0,0,0,0,0,6.46576923131943,7.66586580872536,0,0,0,0,0,0,0,0,0,0,0,0,0,0,1.37251573801041,0,0,0,0,0,0,1044.66073763371,318.259849637747,1338.77437852323,1598.6366860196,607.441687226295,128.581149488688,635.32607114315,597.436130672693,68.8805307596922,7.49948799610138,88.4372393041849,4.14334554970264,0,0,64.4305142760277,0,0,462.532420277596,1322.43674118072,0,0,0,0,1.92017698287964,1.92064456641674,0,0,0,0,0,0,4.23709947615862,0,0,3.7580336779356,0.752318739891052,12.7226779013872,0,0,0,0,0,0,819.428279042244,702.557045131922,1790.1590333432,1463.43802595884,1660.95567186922,1910.24487540126,319.113406203687,1247.73065049946,623.575532481074,0.17695514857769,608.790510877967,12.220163166523,0
430.30387377739,0,174.619040027261,0,0,0,0,0,15.7106617987156,0.531722664833069,0,0,0,0,0,0,0,0,0,0,0,0,0,0,8.21057599782944,0,0,0,0,0,0,1.01740109920502,0,5.37133429944515,2.926803201437,0,0.246480658650398,1.74710673093796,91.8566812574863,0.178424343466759,804.107312403619,11.9668543189764,334.190939478576,0.211963593959808,0.33541713654995,3.17849895358086,154.592359870672,462.532420277596,0,71.9606648385525,23.209700345993,0,0,0,48.8917424976826,0,69.4695435315371,0,181.808465734124,0,75.2239739745855,0,2.76985281705856,0.128870978951454,0,87.8171329200268,0,86.5541136562824,0,24.1976020336151,0,617.440159246325,0,19.9665365815163,0,25.6999359279871,1.64592933654785,9.65163800120354,39.157044172287,196.281125828624,0.35179790854454,981.893334381282,322.626472912729,0.587122015655041,1274.07559240609,0,0
0,509.229060336947,0,31.4049135446548,0,0,0,0,0,14.3622800707817,0,0,0,0,0,0.372246861457825,0,0,0,0,0,44.811404466629,0,288.384423673153,0,0,0,0,0,0,0,1.24109138548374,4.79645043611526,0,6.86290816962719,0.321184009313583,0,538.623854249716,2.91189576685429,1105.88788583875,0,492.296710804105,20.4841305911541,2.78038874268532,0,114.750381954014,0,1322.43674118072,71.9606648385525,0,0,0,0,0,0,38.4245838075876,0,139.624332606792,0,90.9126619398594,0,25.5738552808762,0.540239199995995,0,144.716781832278,0,146.955424621701,0.160829648375511,105.850036531687,0,594.244980961084,0,38.9076655656099,0,17.2820502519608,0,9.45367545634508,10.7589076012373,96.3316273540258,40.0601672977209,935.666068345308,5.47104041278362,534.003567181528,2.10098300874233,1481.10310184211,24.5927741378546,0
13.5195100307465,0,92.9578832089901,0,309.886622279882,0,43.0426762104034,0,0,0,0,0,5.65826272964478,0,8.37696385383606,0,0,0,0,0,0,0,0,0,0,0,0,0,0,0,0,0,0,0,0,0,0,0,0,0,0,0,0,0,0,0,0,0,23.209700345993,0,0,0,0,0,2.35717105865479,0,50.8034489303827,0,35.6464573591948,0,107.974337130785,0,0,1.24084804952145,0,0,0,0,0,0,0,0,0,0,0,0,0,0,0,0,0,0,756.555030226707,0,688.680337995291,0,0
0,0,0,3.61882305145264,0,527.026047855616,0,11.2544159889221,0,0,0,17.5632035136223,0,0,0,0,0,0,0,0,0,0,0,0,0,0,0,0,0,0,0,0,0,0,0,0,0,0,0,0,0,0,0,0,0,0,0,0,0,0,0,0,0,0,0,0,0,107.613885551691,0,5.55323499441147,0,2.14702177047729,0,0,0,0,0,0,0,0,0,0,0,0,0,0,0,0,0,0,0,0,714.390350162983,0,119.604974895716,0,0
0,0,0,0,0,0,111.025614261627,0,0,0,0,0,0,0,0,0,0,0,0,0,0,0,0,0,0,0,0,0,0,0,0,0,0,0,0,0,0,0,0,0,0,0,0,0,0,0,0,0,0,0,0,0,0,0,0,0,0,0,0,0,0,0,0,0,0,0,0,0,0,0,0,0,0,0,0,0,0,0,0,0,0,0,393.204726219177,19.4268417358398,0,0,0
0,0,0,0,0,0,0,98.7017170488834,0,0,0,43.7641642689705,0,5.62379837036133,0,0,0,0,0,0,0,0,0,0,0,0,0,0,0,0,0,0,0,0,0,0,0,0,0,0,0,0,0,0,0,0,0,0,0,0,0,0,0,0,0,0,0,87.0735148787498,0,94.4387198090553,0,0,0,0,0,0,0,0,0,0,0,0,0,0,0,0,0,0,0,0,0,0,1159.30741810799,43.0410244464874,0,0,0
99.5772849842906,0,277.480249896646,0,0,0,0,0,563.318665370345,0,0,0,20.7158325016499,0,1030.71486352384,0,0,0,0,0,0,0,0,0,6.52896526455879,0,12.8377586603165,0,0,0,0,0,0,0,0.604226589202881,0,0,0,145.460232406855,0,0,0,0,0,0,0,0.214849174022675,1.92017698287964,48.8917424976826,0,2.35717105865479,0,0,0,0,0,0.286694496870041,0,5.35300329327583,0,416.591005295515,0,0,0,0,0,0,3.52296431362629,0,0,0,0,0,0,0,0,0,0.53837126493454,0,0,0,21.2533930838108,215.115348801017,0,26.8380755484104,0,0
0,258.973176136613,0,0,0,0,0,0,0,339.519947841763,0,0,0,0,0,323.161265730858,0,0,1.50673478841782,0,0,0,0,179.962590649724,0,44.055993527174,0,0,0,0,0,0,0,0,0,0,0,115.017610341311,0,0,0,3.92019337415695,0,0,0,0,0,1.92064456641674,0,38.4245838075876,0,0,0,0,0,0,0,0,0,0.420234218239784,0,401.117038547993,0,0,0,0,162.712834715843,0,110.885196268559,0,0,0,0,0,0,0,0,0,0,0,114.717030540109,0,72.3926918655634,7.77146497368813,60.8634835928679,0.27887561917305,0
0,0,0,0,0,0,4.97704017162323,0,0,0,1597.89373613894,0,338.756663531065,0,0,0,0,0,0,0,1.07220450043678,0,0,0,0,0,0,0,319.933693230152,0,74.1270462274551,0,0,0,0,0,31.3774418830872,0,54.4979472756386,0,0,0,103.967872872949,0,0.225340768694878,0,0,0,69.4695435315371,0,50.8034489303827,0,0,0,0.286694496870041,0,0,0,246.526402369142,0,8.21451324224472,0,0,324.42835085094,0,0,0,0,0,0,0,61.7485067248344,0,512.576903641224,0,0,0,0,0,1.37880831956863,0,16.7121624648571,1555.78705993295,167.168996378779,772.240842729807,0,0
0,5.61117869615555,0,67.3881099373102,0,0.353504031896591,0,18.6294622421265,0,0,0,2116.95643419027,0,671.770271733403,0,0,0,0,0,1.29612585902214,0,0,0,0,0,0,0,306.431497871876,0,187.05424502492,0,0,0,0,0,0,0,37.8401899337769,0,1.31248508393764,0,311.912739105523,0,0,0,0.377419859170914,0,0,0,139.624332606792,0,107.613885551691,0,87.0735148787498,0,0,0,0,0,417.867468029261,0,60.8199352324009,538.001682341099,0,0,0,0,0,0,0,89.1172839403152,0,545.919171631336,0,0,0,0,0,0.521261505782604,0,23.0176177918911,0,1455.57550957799,470.735147416592,1021.35440601408,3.1889408826828,0
42.9768226742744,0,1.33526909351349,0,41.4324725270271,0,31.1599242687225,0,0.645229518413544,0,10.1657672822475,0,1110.88718551397,0,181.351593211293,0,0,0,0,0,0,0,0,0,0,0,0,0,80.6087631583214,0,0,0,0,0,0,0,0,0,0,0,0,0,0,0,0,0,0.248908147215843,0,181.808465734124,0,35.6464573591948,0,0,0,5.35300329327583,0,246.526402369142,0,0,0,320.556067317724,0,0,0.924721375107765,0,0,0,0,0,61.2964924573898,0,22.6683854460716,0,0,0,0,0,0,0,0,0,0,1432.65813916922,674.514221549034,88.9089162349701,0,0
0,6.05129508674145,0,59.9356772601604,0,3.24426978826523,0,14.9655397236347,0,3.97698563337326,0,6.82582473754883,0,1506.90095260739,0,316.316709458828,0,0,0,0,0,0,0,0,0,0,0,0,0,0,0,0,0,0,0,0,0,0,0,0,0,0,0,0,0,0,0,0,0,90.9126619398594,0,5.55323499441147,0,94.4387198090553,0,0.420234218239784,0,417.867468029261,0,0,0,219.205462604761,6.33205778896809,0,0,0,0,0,0,0,50.2122433185577,0,0,0,0,0,0,0,0,0,0,0,998.20276632905,30.9095104932785,9.10440191626549,0,0
69.790961548686,0,132.853324025869,0,12.7325686514378,0,0,0,140.999669969082,0,0,0,227.412355482578,0,430.936035424471,0,0,0,0,0,0,0,0,0,0,0,0,0,0,0,0,0,0,0,0,0,0,0,0,0,0,0,0,0,0,0,0.231168836355209,0,75.2239739745855,0,107.974337130785,0,0,0,416.591005295515,0,8.21451324224472,0,320.556067317724,0,0,0,0,0,0,0,0,0,0,98.9589113891125,0,0,0,0,0,0,0,0,0,0,0,0,228.611793041229,51.0168060064316,51.2371101677418,0,0
0,98.8178139179945,0,51.180473446846,0,0,0,0,0,110.62967069447,0,0,0,288.442773103714,0,137.949923202395,0,6.3615688085556,0,0,0,0,0,0,0,2.19738534092903,0,0,0,0,0,0,0,0,0,0,0,0,0,0,0,0.935645774006844,0,0,0,0,0,0,0,25.5738552808762,0,2.14702177047729,0,0,0,401.117038547993,0,60.8199352324009,0,219.205462604761,0,0,0,0,0,0,0.226729869842529,0,6.53601789474487,0,0,0,0,0,0,0,0,0,0,0,0,0,253.268040060997,5.98088085651398,3.07191671431065,0,0
0,0,0,0,0,0,0,21.7661693096161,0,0,0,88.9327061027288,0,0,0,0,0,0,0,782.974796414375,0,0,0,0,0,0,0,0,0,0,0,0,1.7875647470355,0,0.118367560207844,281.871293626726,0,0,0,91.1594746857882,0,518.573526121676,0,0,0,867.772577777505,0,4.23709947615862,2.76985281705856,0.540239199995995,0,0,0,0,0,0,0,538.001682341099,0,6.33205778896809,0,0,0,0,0,0,0,0,0,0,0,0,0,0,0,2.09297062456608,0,2.56854513287544,1167.37790863961,9.88086904585361,341.510122418404,0,341.288347244263,0,1732.5173163265,41.6700106561184,0
0,0,0,0,0,0,0,0,0,0,138.66503238678,0,0,0,0,0,0,0,0,0,243.536479622126,0,0,0,0,0,0,0,0,0,0,0,0,0,0,0,256.466574668884,0,3.39869657158852,0,477.533407747746,0,8.2041584700346,0,0,0,788.305196464062,0,0.128870978951454,0,1.24084804952145,0,0,0,0,0,324.42835085094,0,0.924721375107765,0,0,0,0,0,0,0,0,0,0,0,0,0,0,0.453383892774582,0,0,0,0,0,1328.40192963928,0,529.312479808927,207.660058319569,0,766.785101726651,0,0
0,0,0,0,0,0,0,0,0,0,0,0,0,0,0,0,0,2.88501524925232,0,0,0,5317.90186159313,357.625526189804,31.0869058519602,0,70.7836019992828,0,68.9039816260338,0,0,0,0,0,0,0,0,0,344.077903196216,529.84337964654,0,0,0,0,0,0,0,0,0,0,144.716781832278,0,0,0,0,0,0,0,0,0,0,0,0,0,0,0,75.2401541769505,27.916148006916,0,133.242354333401,0,583.568307675421,0,0.569391250610352,0,0,0,0,0,0,0,1527.3774529025,181.440416410565,1024.34098210931,12.3026361465454,0,0,0
0,0,0,0,0,0,0,0,0,0,0,0,0,0,0,0,3.89060401916504,0,0,0,0,627.821535930037,3354.98178513348,0,9.67397591471672,0,92.5779410600662,0,269.646911770105,0,0,0,0,0,0.14739653468132,0,0,0,155.110761880875,0,0,0,0,0,0,0,0,3.7580336779356,87.8171329200268,0,0,0,0,0,0,0,0,0,0,0,0,0,0,0,75.2401541769505,0,0,86.7056849300861,0,3.0617516040802,0,396.984484776855,0,0,0,0,0,0,0,0,0,1517.1945291087,384.431649655104,0,0.180938929319382,0,0
0,23.1432977616787,0,0,0,0,0,0,0,16.7278010547161,0,0,0,0,0,0,0,39.2123336791992,0,0,0,216.052917227149,0,550.693862646818,0,351.666317790747,0,0,0,0,0,0,0,0,0,0,0,144.888528287411,0,0,0,0,0,0,0,0,0,0.752318739891052,0,146.955424621701,0,0,0,0,0,162.712834715843,0,0,0,0,0,0.226729869842529,0,0,27.916148006916,0,0,0,427.112540394068,0,168.011518582702,0,0,0,0,0,0,0,0,0,369.299319595098,0,305.196634918451,0,36.3281757831573,0,0
0,0,0,0,0,0,0,0,0,0,0,0,0,0,0,0,44.5630909204483,0,0,0,0,3.59839105606079,139.709749758244,0,807.356147944927,0,236.14925891161,0,0,0,0,0,0,0,1.03597384691238,0,0,0.217391669750214,494.404126644135,0,0,0,0,0,0,0,0,12.7226779013872,86.5541136562824,0.160829648375511,0,0,0,0,3.52296431362629,0,0,0,0,0,0,0,0,0,0,86.7056849300861,0,0,0,0,0,0,0,0,0,0,0,2.28789228200912,0,0,0,280.611042514443,415.559173122048,0,16.1580565720797,0,0
0,0,0,0,0,0,0,0,0,114.339343726635,0,0,0,0,0,1.86973497271538,0.659146890044212,373.68339112401,0,0,0,357.339528650045,0,261.449366569519,0,784.633143216372,0,327.486470341682,0,0,0,0,0,0,0,0,0,0,0,0,0,0,0,0,0,0,0,0,0,105.850036531687,0,0,0,0,0,110.885196268559,0,0,0,0,0,6.53601789474487,0,0,133.242354333401,0,427.112540394068,0,0,0,303.101707324386,0,0,0,0,0,0,0,0,0,0,0,1078.19927842915,0,0,0,0
0,0,0,0,0,0,0,0,11.3422282934189,0,0,0,0,0,0,0,470.432142078876,0,0.269918262958527,0,0,0,9.73621881008148,0,0,0,169.75845682621,0,322.954989731312,0,0,0,0,0,0,0,0,0,0,0,0,0,0,0,0,0,0,0,24.1976020336151,0,0,0,0,0,0,0,0,0,61.2964924573898,0,98.9589113891125,0,0,0,0,3.0617516040802,0,0,0,0,0,521.138230726123,0,0,0,0,0,0,0,0,0,0,175.942818284035,0,0,0,0
0,0,0,0,0,0,0,0,0,0,0,0,0,0,0,0,0,0,0,0,0,38.9701328277588,0,0,0,46.3272282481194,0,4101.73205143213,0,6.29841661453247,0,0,0,0,0,0,0,162.663493931293,0,0,0,0,0,0,0,0,0,0,0,594.244980961084,0,0,0,0,0,0,0,89.1172839403152,0,50.2122433185577,0,0,0,0,583.568307675421,0,168.011518582702,0,303.101707324386,0,0,0,210.897378236055,0,0,0,0,0,0,0,170.797048121691,0,1280.1927909255,688.235730275512,0,0,0
0,0,0,0,0,0,0,0,0,0,11.7683510780334,0,112.066054344177,0,0,0,3.77493834495544,0,0,0,0,0,1180.12383577228,0,0,0,0,0,5784.2557214871,0,189.503364935517,0,0,0,0.536574959754944,0,0,0,19.3729014396667,0,0,0,0,0,0,0,0,0,617.440159246325,0,0,0,0,0,0,0,61.7485067248344,0,22.6683854460716,0,0,0,0,0,0,396.984484776855,0,0,0,521.138230726123,0,0,0,623.209900319576,0,0,0,0,0,0,0,320.137110337615,1032.0752979815,465.383667141199,0,0,0
0,0,0,0,0,0,0,0,0,0,0,83.9880975484848,0,0,0,0,0,0,0,0,0,0,0,0,0,0,0,230.947799533606,0,1570.66163697839,0,0,0,0,0,0,0,9.36171755194664,0,0,0,0.937571167945862,0,0,0,0,0,0,0,38.9076655656099,0,0,0,0,0,0,0,545.919171631336,0,0,0,0,0,0,0.569391250610352,0,0,0,0,0,210.897378236055,0,0,0,0,0,0,0,0,0,1631.40606306493,0,34.7982592880726,0,22.9514865279198,0,0
0,0,0,0,0,0,0,0,0,0,1.87670797109604,0,0,0,0,0,0,0,0,0,0,0,0,0,0,0,0,0,1031.9774762243,0,584.847684398293,0,0,0,0,0,0,0,112.911262512207,0,0,0,55.8209429383278,0,0,0,0,0,19.9665365815163,0,0,0,0,0,0,0,512.576903641224,0,0,0,0,0,0,0.453383892774582,0,0,0,0,0,0,0,623.209900319576,0,0,0,0,0,0,0,0,0,553.418263763189,13.7203269004822,0,199.02799628675,0,0
0,0,0,0,0,0,0,0,0,0,0,0,0,0,0,0,0,0,0,0,0,0,0,0,0,0,0,0,0,0,0,561.112860649824,1033.70361329615,156.476198859513,19.6879122331738,184.118197031319,56.6801247894764,0,0,2.35186505317688,0,3.40745104849339,0,0,0,0.310984134674072,0,819.428279042244,0,17.2820502519608,0,0,0,0,0,0,0,0,0,0,0,0,0,0,0,0,0,0,0,0,0,0,0,0,0,311.409801125526,681.13874450326,28.4675460159779,769.709196947515,98.6468617022038,3.68788775801659,0.492578931152821,78.3829007148743,0,0.459214836359024,1.45340088009834,0
0,0,0,0,0,0,0,0,0,0,0,0,0,0,0,0,0,0,0,0,0,0,0,0,0,0,0,0,0,0,0,2112.90126995742,2172.57308001816,28.2527251392603,160.004820503294,497.767949327826,251.447080120444,0,0,0,0,9.32058112323284,0,0,0,9.80908630788326,0,702.557045131922,25.6999359279871,0,0,0,0,0,0,0,0,0,0,0,0,0,2.09297062456608,0,0,0,0,0,0,0,0,0,0,0,311.409801125526,0,53.7618311569095,601.177439965308,570.110189579427,1540.7405622229,0.448669761419296,17.0332390516996,285.302902787924,0,0,0,0
0,0,0,0,0,0,0,0,0,0,0,0,0,0,0,0,0,0,0,0,0,0,0,0,0,0,0,0,0,0,0,143.195249967277,37.9365500509739,1240.44459596276,1152.29858867079,24.9682738110423,21.5520621240139,78.1121788322926,8.8673323392868,0.650716178119183,0,0,0,0,0,0,0,1790.1590333432,1.64592933654785,9.45367545634508,0,0,0,0,0,0,0,0,0,0,0,0,0,0,0,0,0,0,0,0,0,0,0,0,681.13874450326,53.7618311569095,0,1519.05707037449,182.285043515265,57.5922055691481,338.358371689916,60.3659779056907,114.222903713584,10.030114710331,0,0,0
0,0,0,0,0,0,0,0,0.486828997731209,0,0,0,0,0,0,0,0,0,0,0,0,0,0,0,2.69699947535992,0,0,0,0,0,0,18.3140208125114,159.424396760762,446.969264030457,1388.17599778622,0.738755121827126,111.717542394996,4.23907205462456,213.381797328591,0,0,25.8878128826618,0,0,0,23.0148861557245,0,1463.43802595884,9.65163800120354,10.7589076012373,0,0,0,0,0.53837126493454,0,0,0,0,0,0,0,2.56854513287544,0,0,0,0,2.28789228200912,0,0,0,0,0,0,28.4675460159779,601.177439965308,1519.05707037449,0,622.808164983988,302.124289222062,86.5208050608635,389.905397087336,237.751240111887,0,7.01403887569904,0.680395007133484,0
0,0,0,0,0,0,0,0,0,0,0,183.720987528563,0,0,0,0,0,0,0,1635.71649627388,0,0,0,0,0,0,0,0,0,0,0,1194.48114812374,553.060374818742,65.2245725989342,146.417060025036,20652.1130604595,986.023467093706,245.714959569275,34.596486389637,315.585159957409,0,1674.36916909367,0,0.153191477060318,0,2359.04952960461,0.736233294010162,1660.95567186922,39.157044172287,96.3316273540258,0,0,0,0,0,0,0,0.521261505782604,0,0,0,0,1167.37790863961,0,0,0,0,0,0,0,0,0,0,0,769.709196947515,570.110189579427,182.285043515265,622.808164983988,0,3319.09105800837,776.174454905093,0.493481382727623,6116.04975959659,1508.70419794321,1466.14237377048,247.201841212809,0
0,0,0,0,0,0,0,0,0,0,93.7515824437141,0,0,0,0,0,0,0,0,0,1475.73488363624,0,0,0,0,0,0,0,0,0,0,231.772794350982,1227.06546457857,95.0683704912663,73.8478842899203,5068.4528426379,11075.3438031748,15.9877369999886,899.896946989,0.520393386483192,527.283768631518,86.5977410897613,1405.28009553999,0,0,91.3443076387048,2804.39678368345,1910.24487540126,196.281125828624,40.0601672977209,0,0,0,0,0,0,1.37880831956863,0,0,0,0,0,9.88086904585361,1328.40192963928,0,0,0,0,0,0,0,0,0,0,98.6468617022038,1540.7405622229,57.5922055691481,302.124289222062,3319.09105800837,0,6.40395936369896,579.366464786232,6924.90698645264,1934.36027008295,1418.12079901993,4.57648402452469,250.008138455451
0,51.8405648320913,0,0,0,0,0,0,0,74.7931546270847,0,396.398674622178,0,0,0,0,0,0,0,0,0,1140.57471449673,0,1350.92063941061,0,0,0,20.2735850214958,0,242.088155850768,0,0.12173580378294,0,258.4015545398,37.5888675153255,41.2129463106394,0,13933.2344105542,206.055831611156,199.130831167102,0,178.123560369015,0,0,0,163.845335535705,0,319.113406203687,0.35179790854454,935.666068345308,0,0,0,0,0,114.717030540109,0,23.0176177918911,0,0,0,0,341.510122418404,0,1527.3774529025,0,369.299319595098,0,0,0,170.797048121691,0,1631.40606306493,0,3.68788775801659,0.448669761419296,338.358371689916,86.5208050608635,776.174454905093,6.40395936369896,0,421.697480872273,2394.4821934253,1384.24214066565,891.813184052706,172.72987408936,0
0,0,0,0,0,0,0,0,23.93529099226,0,512.129570782185,0,0,0,0,0,0,0,0,0,13.0746123194695,226.952788829803,249.023989707232,0,264.666185393929,0,0,0,116.053839027882,0,85.6943168342113,1.12696155160666,16.2859122976661,34.1764654964209,251.276444509625,0,29.918360888958,686.451593652368,8819.96316723526,0,93.9636494517326,0,26.0186073184013,0,0,0,567.816246412694,1247.73065049946,981.893334381282,5.47104041278362,0,0,0,0,21.2533930838108,0,16.7121624648571,0,0,0,0,0,0,529.312479808927,181.440416410565,1517.1945291087,0,280.611042514443,0,0,0,320.137110337615,0,553.418263763189,0.492578931152821,17.0332390516996,60.3659779056907,389.905397087336,0.493481382727623,579.366464786232,421.697480872273,0,1377.25670985878,362.857067346573,1031.66366738081,0,101.796951159835
499.747433125973,407.613871768117,0,21.4657362103462,75.6933625936508,87.4005334377289,279.386879622936,225.460276782513,878.151413485408,526.64307975769,514.344862908125,811.972954660654,550.483867675066,849.017744362354,180.716601848602,160.899793833494,5162.53781709075,6177.88026697189,7742.9476660341,243.466782450676,350.430723011494,1245.4311670959,418.57830914855,352.801958054304,320.031987264752,296.825159341097,309.806043460965,622.072887778282,195.109509944916,73.5230236053467,51.4591447114944,239.102203145623,301.772699341178,170.547116503119,307.72350949049,5825.09079978615,4487.46071580052,3437.63704831153,2492.56698958576,19.215149924159,8.96147738397121,655.031492486596,701.67001850903,90.7229892611504,170.32560788095,22.0576757192612,18.3648009002209,623.575532481074,322.626472912729,534.003567181528,756.555030226707,714.390350162983,393.204726219177,1159.30741810799,215.115348801017,72.3926918655634,1555.78705993295,1455.57550957799,1432.65813916922,998.20276632905,228.611793041229,253.268040060997,341.288347244263,207.660058319569,1024.34098210931,384.431649655104,305.196634918451,415.559173122048,1078.19927842915,175.942818284035,1280.1927909255,1032.0752979815,34.7982592880726,13.7203269004822,78.3829007148743,285.302902787924,114.222903713584,237.751240111887,6116.04975959659,6924.90698645264,2394.4821934253,1377.25670985878,0,4440.90796596557,3747.65912082791,52.1777066290379,22.8876742571592
0,0,0,0,0,0,65.0144786834717,7.53846669197083,28.1740347445011,29.0883193016052,14.3508173376322,85.0535385608673,359.471979930997,35.8336815834045,17.6854140758514,2.83287650346756,648.840674996376,1146.04154525697,27.1518363654613,3.05159044265747,0,95.179221957922,71.3660531044006,0,0,0,0,209.869819253683,12.1774829626083,8.78769111633301,0,0,0,1,0,1166.83588325977,2807.54270139337,1306.99759292603,450.592356383801,0,0,5.69097143411636,10.4682204276323,4.55918574333191,4.25459982454777,0,0,0.17695514857769,0.587122015655041,2.10098300874233,0,0,19.4268417358398,43.0410244464874,0,7.77146497368813,167.168996378779,470.735147416592,674.514221549034,30.9095104932785,51.0168060064316,5.98088085651398,0,0,12.3026361465454,0,0,0,0,0,688.235730275512,465.383667141199,0,0,0,0,10.030114710331,0,1508.70419794321,1934.36027008295,1384.24214066565,362.857067346573,4440.90796596557,0,98.7896875813603,0,0
