0,0,0.104943053176006,0,0,0,0,0,0.16632524677893,0,0,0,0,0,0,0,0.256808454791705,0,0.236128772930665,0,0,0,0,0,0,0,0,0,0,0,0,0,0,0,0,0,0,0,0,0,0,0,0.390285614349625,0,0,0,0,0,0.166587832791265,0,0,0,0,0,0.183875938753287,0,0.325179785490036,0,0.243097990751266,0,0.239450034499168,0,0,0,0,0,0,0,0,0,0,0,0,0,0,0,0,0,0,0,0,0,0.211118236482143,0,0.300488030473329,0,0.365124329924583
0,0,0.295214354991913,0.235866487026215,0,0,0,0,0,0.326762080032338,0,0,0,0.289504906535149,0,0.238984992981634,0,0,0.269673473559893,0,0,0,0,0.344014334181945,0,0,0,0,0,0,0,0,0,0,0,0,0,0.324002609559984,0,0,0,0.417653568220535,0,0.286193698644638,0,0.274652445141007,0,0,0,0.341403339529717,0,0,0,0,0,0.145685433740577,0,0.364648942720322,0,0.299535192502952,0,0.220935591900966,0.406666934490204,0,0,0,0,0,0,0,0,0,0.389431051909924,0,0,0,0,0,0.4616459608078,0,0,0,0.303010692703538,0.36250913143158,0.333955997608641,0.286450237035751,0
0.104943053176006,0.295214354991913,0,0.250522931416829,0.211473353207111,0,0,0,0.111243547146557,0,0,0,0,0,0,0,0,0,0.286311164498329,0,0,0,0,0,0,0,0,0,0,0,0,0,0,0,0,0,0.276397198438644,0,0,0,0.308933993180593,0,0.294265485760673,0,0,0.273874369263649,0.287583382593261,0,0.156561197474217,0.264550688366095,0.23628449857235,0,0,0,0.14465017914772,0,0.285356873477047,0,0.263256993558672,0,0.258194953203201,0.230451241135597,0,0.366003215312958,0,0,0,0,0,0,0,0,0,0,0,0,0,0,0,0.319445185363293,0,0,0.258174823345365,0,0.252137942676664,0,0.258059214110728
0,0.235866487026215,0.250522931416829,0,0.223794668912888,0.185355241361417,0,0,0,0.2297287940979,0,0,0,0,0,0,0.252436548471451,0,0.265591929356257,0.191368103027344,0,0,0,0.285997782434736,0,0,0,0,0,0,0,0,0,0,0,0.265875862217417,0,0.268169651925564,0,0.237703977418797,0.249298006296158,0.311479814802877,0.258130365610123,0.291567626453581,0,0.261748064710887,0.264823530614376,0,0,0.256373156544188,0.246026697258155,0.18997623026371,0,0,0,0.196910516211861,0.260041181530271,0.306837953130404,0.2583674877882,0,0,0.209317713975906,0.2508807250609,0.27686420083046,0,0,0,0,0,0,0,0,0.351557958615969,0,0,0,0,0,0.275187208205461,0.320932015776634,0,0,0.263712623244838,0.263944182307162,0.288326153495073,0.277766508981586,0
0,0,0.211473353207111,0.223794668912888,0,0,0,0,0,0,0,0,0,0,0.213770255446434,0,0,0,0.289042949676514,0,0.183804433260645,0,0,0,0,0,0,0,0,0,0,0,0,0,0,0,0.201033771038055,0,0,0,0,0,0.297372500363149,0,0,0,0.222734972834587,0,0.243801434834798,0.235338594764471,0.201844733088247,0,0,0,0,0,0.229770908460898,0,0.245614239946008,0,0.242555107921362,0,0,0,0,0,0,0,0,0,0,0,0,0,0,0,0,0,0,0.20977421104908,0,0,0.233126454732635,0,0.188325441888804,0,0
0,0,0,0.185355241361417,0,0,0,0,0,0.203793146461248,0,0,0,0,0,0.223282768902644,0.281032800674438,0,0.261207282543182,0.231833319697115,0,0,0,0,0,0,0,0,0,0,0,0,0,0,0,0.256162655850251,0,0,0,0.232244156301022,0,0.281336396932602,0,0.281581789255142,0,0.246608580506983,0,0,0,0.225874344850409,0.264828532934189,0.20337300747633,0,0,0,0.185639047622681,0.247674882411957,0.247354558110237,0,0.23497121415355,0.259009450674057,0.227782807566903,0.281182885169983,0,0,0,0,0,0,0,0,0,0.33960834145546,0,0,0,0,0,0.305049695074558,0,0,0,0.183933614465323,0.217028617858887,0.252447800218374,0.28737536072731,0.258668333292007
0,0,0,0,0,0,0,0,0,0,0,0,0,0,0,0,0,0,0,0,0,0,0,0,0,0,0,0,0,0,0,0,0,0,0,0,0,0,0,0,0,0,0,0,0,0,0,0,0,0,0,0,0.159460212104023,0,0,0,0.190152227878571,0,0,0,0,0,0,0,0,0,0,0,0,0,0,0,0,0,0,0,0,0,0,0,0,0,0.120768651366234,0,0,0,0
0,0,0,0,0,0,0,0,0,0,0,0,0,0,0,0,0,0,0,0,0,0,0,0,0,0,0,0,0,0,0,0,0,0,0,0,0,0,0,0,0,0,0,0,0,0,0,0,0,0,0,0,0,0,0,0,0,0,0,0,0,0,0,0,0,0,0,0,0,0,0,0,0,0,0,0,0,0,0,0,0,0,0,0,0,0,0
0.16632524677893,0,0.111243547146557,0,0,0,0,0,0,0,0,0,0,0,0.1300311800787,0,0.168369344302586,0.177698791027069,0,0,0,0,0,0,0.238067737704999,0,0,0,0,0,0,0,0,0,0,0,0,0,0.214740311294528,0,0,0,0.199048854500414,0,0,0,0,0.244149739543597,0.151126705787399,0,0,0,0,0,0.264793295858578,0,0.25869807600975,0,0,0,0.136583322234321,0,0,0,0,0,0,0.208770946732589,0,0,0,0,0,0,0,0,0,0,0,0,0,0.235160966371668,0.21028664982392,0,0.169304126971646,0,0.221669211983681
0,0.326762080032338,0,0.2297287940979,0,0.203793146461248,0,0,0,0,0,0,0,0,0,0.21852337409343,0,0.186757812212253,0.268895625283844,0,0,0,0,0.258620004762303,0,0,0,0,0,0,0,0,0,0,0,0,0,0.184479588421725,0,0,0,0.261524186146503,0,0.331893080472946,0,0.320519869526227,0,0,0,0.303842196152324,0,0.147662786500795,0,0,0,0.275423804364291,0,0.31533408164978,0,0,0,0.217157219137464,0,0,0,0,0.307218615334113,0,0,0,0,0,0.336574375629425,0,0,0,0,0,0,0,0.206798968946233,0,0.250552473655422,0.298185806678629,0.25865025950648,0,0
0,0,0,0,0,0,0,0,0,0,0,0,0,0,0,0,0,0,0,0,0.192168511450291,0,0,0,0,0,0,0,0,0,0.235408142209053,0,0,0,0,0,0,0,0.157972074984658,0,0.282784849405289,0,0,0,0,0,0.273423673290955,0,0,0,0,0,0,0,0,0,0.221864890247847,0,0,0,0,0,0,0.239903487509391,0,0,0,0,0,0,0,0,0,0.31298037370046,0,0,0,0,0,0.257792726159096,0,0.168772208193938,0.181574463166974,0,0.314992524683475,0,0
0,0,0,0,0,0,0,0,0,0,0,0,0,0.184905257827092,0,0,0,0,0,0.143478048560412,0,0,0,0,0,0,0,0,0,0,0,0,0,0,0,0.22978916993508,0,0.188027112441168,0,0,0,0,0,0,0,0,0,0,0,0.191390231251717,0,0,0,0.166267931461334,0,0,0,0.232773651188452,0,0.174904639438047,0,0,0.115496665239334,0,0,0,0,0,0,0,0,0,0.167770502706097,0,0,0,0,0,0.259172609448433,0,0.192738283563543,0,0.166923572343809,0.152125656604767,0.243813887238503,0,0
0,0,0,0,0,0,0,0,0,0,0,0,0,0,0,0,0,0,0,0,0,0,0,0,0,0,0,0,0,0,0,0,0,0,0,0,0,0,0,0,0,0,0,0,0,0,0,0,0,0,0,0,0,0,0,0,0,0,0.179857128089474,0,0,0,0,0,0,0,0,0,0,0,0,0,0,0,0,0,0,0,0,0,0,0,0,0,0,0,0
0,0.289504906535149,0,0,0,0,0,0,0,0,0,0.184905257827092,0,0,0,0.249957319937254,0,0,0,0,0,0,0,0,0,0,0,0.153539717197418,0,0,0,0,0,0,0,0,0,0,0,0,0,0,0,0,0,0,0,0,0,0.27405112523299,0,0,0,0.221858705083529,0,0,0,0.198587412635485,0,0.216618840844886,0,0.246293254774706,0,0,0,0,0,0,0,0,0.181193247437477,0,0,0,0,0,0,0,0,0,0,0,0.184580384389214,0,0.30658878882726,0,0
0,0,0,0,0.213770255446434,0,0,0,0.1300311800787,0,0,0,0,0,0,0,0.141730701694122,0.142883447500376,0.179424554109573,0,0,0,0.140915036201477,0,0,0,0,0,0,0,0,0,0,0,0,0,0,0,0,0,0,0,0,0,0,0,0,0,0,0,0.223171503798476,0,0,0,0,0,0,0,0.259549379348755,0,0.234234663573178,0,0,0,0,0,0,0,0,0,0,0,0,0,0,0,0,0,0,0,0,0,0.148937452584505,0,0.27246667444706,0,0
0,0.238984992981634,0,0,0,0.223282768902644,0,0,0,0.21852337409343,0,0,0,0.249957319937254,0,0,0,0.161351040005684,0,0,0,0,0,0.19286535680294,0,0.204759310398783,0,0,0,0,0,0,0,0,0,0,0,0,0,0.190812215209007,0,0,0,0,0,0,0,0,0,0.288750872015953,0,0,0,0,0,0,0,0,0,0.238978008429209,0,0.234196703343355,0,0,0,0,0.215271636843681,0,0.213396809782301,0,0,0,0,0,0,0,0,0,0,0,0,0,0.220512473775494,0,0.225563064217567,0,0
0.256808454791705,0,0,0.252436548471451,0,0.281032800674438,0,0,0.168369344302586,0,0,0,0,0,0.141730701694122,0,0,0.172946332565531,0.298371408529331,0,0,0,0.145649513568391,0,0.165883005817155,0,0.1433541024163,0,0.145273817437036,0,0,0,0,0,0,0.341254599392414,0,0,0,0.305852174758911,0.343307551802421,0.294968116062659,0.300051834159003,0.290934617320697,0.258181162178516,0.342142761927662,0.310997866315417,0,0.33304488658905,0,0.254892408847809,0,0,0,0,0,0.338285332752599,0,0.281583517789841,0,0,0,0,0.332660253231342,0,0,0,0.164167214614841,0,0.171185044261316,0,0,0.330914795398712,0,0,0,0,0,0.372289453744888,0.348118719355813,0,0,0.215739992905802,0.164541322657914,0.372633794450934,0.267248420843056,0.295928760983382
0,0,0,0,0,0,0,0,0.177698791027069,0.186757812212253,0,0,0,0,0.142883447500376,0.161351040005684,0.172946332565531,0,0.298848518191368,0,0,0.138444632291794,0.149638140279996,0.174860079060583,0.165392702865985,0.146643579006195,0.144127388795217,0,0,0,0,0,0,0,0,0,0,0,0,0,0.320206594963868,0.285043120384216,0.238419813414415,0.24782432615757,0.167263343930244,0.296151556074619,0.299715163676362,0,0,0,0,0,0,0,0,0.243578786651293,0.275518476963043,0,0,0,0,0,0.30947008728981,0,0,0,0.293641194701195,0.176138868289334,0,0.150590553879738,0,0,0,0,0,0,0,0,0.314676403999329,0.326931816525757,0,0,0.198209905868496,0.182112236168824,0.309486374258995,0.247725968559583,0.213040122762322
0.236128772930665,0.269673473559893,0.286311164498329,0.265591929356257,0.289042949676514,0.261207282543182,0,0,0,0.268895625283844,0,0,0,0,0.179424554109573,0,0.298371408529331,0.298848518191368,0,0.341453433036804,0,0,0,0.285244771025398,0.248952670022845,0,0.212368570268154,0,0,0,0,0,0,0,0,0.349839378148317,0.381393278638522,0.277883319184184,0,0.36594495999402,0.367754754055752,0.265315306684188,0.255427984695985,0.296471740164194,0.247328523213301,0.345432828478916,0.330000887705634,0,0.270543144084513,0.283360007960918,0.271070894869891,0.25066477060318,0,0,0.28852567076683,0.266482618947824,0.327307275073095,0.333825232126774,0.299502126375834,0,0.289139181375504,0.262654645368457,0.398083398009048,0.337256493667762,0,0,0,0.259077727794647,0,0,0,0,0.393845018090271,0,0,0,0,0,0.378619329669836,0.381813070052081,0.404138547182083,0.36041808873415,0.254592484751886,0.256790256925992,0.379092472678647,0.265055263153596,0.274007547120473
0,0,0,0.191368103027344,0,0.231833319697115,0,0,0,0,0,0.143478048560412,0,0,0,0,0,0,0.341453433036804,0,0,0,0,0,0,0,0,0,0,0,0,0,0,0,0,0.225552706648418,0,0,0,0,0,0,0,0,0,0.309899572472451,0,0,0,0.195381283760071,0,0,0,0,0,0,0,0.162147441909787,0,0,0,0,0.247594471487075,0,0,0,0,0,0,0,0,0,0,0,0,0,0,0,0.239373893029504,0,0.306414932012558,0,0.217600933848855,0.169430643320084,0.263570377684158,0,0
0,0,0,0,0.183804433260645,0,0,0,0,0,0.192168511450291,0,0,0,0,0,0,0,0,0,0,0,0,0,0,0,0,0,0,0,0,0,0,0,0,0,0.153406544357327,0,0.170488445684801,0,0,0,0,0,0,0,0.288884584108988,0,0.226946130394936,0,0.185583116846126,0,0,0,0,0,0.284536685794592,0,0,0,0,0,0,0.208986035049564,0,0,0,0,0,0,0,0,0,0,0,0,0,0,0,0.207669079334402,0,0,0.170737734436989,0,0.224733627929881,0,0
0,0,0,0,0,0,0,0,0,0,0,0,0,0,0,0,0,0.138444632291794,0,0,0,0,0.105106416647717,0,0,0.228309461226066,0,0.115451619029045,0,0,0,0,0,0,0,0,0,0.260496854497886,0,0,0,0,0,0,0,0,0,0,0,0.355227569435361,0,0,0,0,0,0,0,0,0,0,0,0,0,0,0.254701221405258,0.119310038100029,0.266235759016126,0,0.249511612539596,0,0,0,0,0,0,0,0,0,0,0,0.296641116627896,0,0.158422423559906,0,0,0,0
0,0,0,0,0,0,0,0,0,0,0,0,0,0,0.140915036201477,0,0.145649513568391,0.149638140279996,0,0,0,0.105106416647717,0,0,0,0,0.0893636768062909,0,0,0,0,0,0,0,0,0,0,0,0.286433522148109,0,0,0,0,0,0,0,0,0,0.32066496541786,0,0,0,0,0,0,0,0,0,0,0,0,0,0,0,0,0.235380378577885,0,0,0,0,0,0,0,0,0,0,0,0,0,0,0,0.215711469159407,0.1359548119433,0.13821405172348,0,0,0
0,0.344014334181945,0,0.285997782434736,0,0,0,0,0,0.258620004762303,0,0,0,0,0,0.19286535680294,0,0.174860079060583,0.285244771025398,0,0,0,0,0,0,0.173189601447019,0,0,0,0,0,0,0,0,0,0.343192845582962,0,0.179979985184742,0,0,0,0.264258250594139,0,0.29163470864296,0,0.269260913133621,0,0,0,0.30693491101265,0,0,0,0,0,0.207755162390796,0,0,0,0,0,0,0,0,0,0,0.253761634969984,0,0.218009172760426,0,0,0,0,0,0,0,0.280670429269473,0,0,0,0.262124734628998,0,0.197208012662717,0.247189475844304,0.216259350876013,0,0
0,0,0,0,0,0,0,0,0.238067737704999,0,0,0,0,0,0,0,0.165883005817155,0.165392702865985,0.248952670022845,0,0,0,0,0,0,0,0.142426299421411,0,0,0,0,0,0,0,0,0,0,0,0.144355838713439,0,0.277413934469223,0,0.370316177606583,0,0,0,0,0,0.233474128456278,0,0,0,0,0,0.253365378055347,0,0,0,0,0,0,0,0,0,0,0.190041609108448,0,0.308819329738617,0,0,0,0,0,0,0,0,0,0,0,0,0,0.182335843465158,0.165490064521631,0,0.221545147853838,0,0
0,0,0,0,0,0,0,0,0,0,0,0,0,0,0,0.204759310398783,0,0.146643579006195,0,0,0,0.228309461226066,0,0.173189601447019,0,0,0,0.215587760720934,0,0,0,0,0,0,0,0,0,0,0,0,0,0,0,0,0,0,0,0,0,0,0,0,0,0,0,0,0,0,0,0,0,0.226033543901784,0,0,0.217363555461932,0,0.199129084015594,0,0.259817316592519,0,0,0,0,0,0,0,0,0,0,0,0,0,0.192593308963946,0.188504293560982,0,0,0
0,0,0,0,0,0,0,0,0,0,0,0,0,0,0,0,0.1433541024163,0.144127388795217,0.212368570268154,0,0,0,0.0893636768062909,0,0.142426299421411,0,0,0,0.155483669042587,0,0,0,0,0,0,0,0,0,0,0,0,0,0,0,0,0,0,0,0,0,0,0,0,0,0,0,0,0,0,0,0,0,0,0,0,0,0,0,0,0.167555674910545,0,0,0,0,0,0,0,0,0,0,0,0,0.121031322565518,0.140559926629066,0,0,0
0,0,0,0,0,0,0,0,0,0,0,0,0,0.153539717197418,0,0,0,0,0,0,0,0.115451619029045,0,0,0,0.215587760720934,0,0,0,0.17113258689642,0,0,0,0,0,0,0,0.174985219692362,0,0,0,0,0,0,0,0,0,0,0,0,0,0,0,0,0,0,0,0,0,0.172103274613619,0,0,0,0,0,0,0,0,0.22653154283762,0,0.246164067440939,0,0,0,0,0,0,0,0,0,0,0,0.172981074568137,0.167494855143807,0,0,0
0,0,0,0,0,0,0,0,0,0,0,0,0,0,0,0,0.145273817437036,0,0,0,0,0,0,0,0,0,0.155483669042587,0,0,0,0,0,0,0,0,0,0,0,0,0,0,0,0,0,0,0,0,0,0,0,0,0,0,0,0,0,0,0,0,0,0,0,0,0,0,0,0,0,0,0,0,0.174175561829047,0,0.216090242329397,0,0,0,0,0,0,0,0,0.125953428839382,0.15922487527132,0,0,0
0,0,0,0,0,0,0,0,0,0,0,0,0,0,0,0,0,0,0,0,0,0,0,0,0,0,0,0.17113258689642,0,0,0,0,0,0,0,0,0,0.157257446511225,0,0,0,0,0,0,0,0,0,0,0,0,0,0,0,0,0,0,0,0.247889041900635,0,0,0,0,0,0,0,0,0,0,0,0,0.220292798110417,0,0.230975094306537,0,0,0,0,0,0,0,0.136775903403759,0,0.163923773786117,0,0,0,0
0,0,0,0,0,0,0,0,0,0,0.235408142209053,0,0,0,0,0,0,0,0,0,0,0,0,0,0,0,0,0,0,0,0,0,0,0,0,0,0,0,0.155668693848632,0,0,0,0,0,0,0,0,0,0,0,0,0,0,0,0,0,0.288300055596564,0,0,0,0,0,0,0,0,0,0,0,0,0,0,0,0,0.265336335580421,0,0,0,0,0,0,0,0.303636420389702,0.189178581039111,0,0,0,0
0,0,0,0,0,0,0,0,0,0,0,0,0,0,0,0,0,0,0,0,0,0,0,0,0,0,0,0,0,0,0,0,0.133179073600651,0.277813738046666,0,0.185914605855942,0,0,0,0.307074002921581,0,0,0,0,0,0,0,0.252710899815487,0,0.315141597916098,0,0,0,0,0,0,0,0,0,0,0,0,0,0,0,0,0,0,0,0,0,0,0,0,0.261701094634013,0,0.279086283863859,0,0.304718105758812,0,0,0,0.152230407421788,0,0,0,0
0,0,0,0,0,0,0,0,0,0,0,0,0,0,0,0,0,0,0,0,0,0,0,0,0,0,0,0,0,0,0,0.133179073600651,0,0,0.291035986908777,0,0.298123424782446,0,0,0,0,0,0,0,0,0,0,0.33404520974483,0,0.384204844633738,0,0,0,0,0,0,0,0,0,0,0,0,0,0,0,0,0,0,0,0,0,0,0,0,0.126920763591323,0.289941429801811,0,0.317418474846214,0,0.306412451941034,0,0,0.128897831464807,0,0,0,0
0,0,0,0,0,0,0,0,0,0,0,0,0,0,0,0,0,0,0,0,0,0,0,0,0,0,0,0,0,0,0,0.277813738046666,0,0,0.153753256138701,0.126931512695072,0,0.292312251493574,0.130774706602097,0,0,0.486766040325165,0,0,0,0,0,0.347216759514629,0,0.32046747803688,0,0,0,0,0,0,0,0,0,0,0,0,0,0,0,0,0.269415676593781,0,0,0,0,0,0,0,0.337072009679279,0,0.288677961438,0.155756281488217,0.179894922337224,0,0.34273823087553,0,0.275465443419913,0,0,0,0
0,0,0,0,0,0,0,0,0,0,0,0,0,0,0,0,0,0,0,0,0,0,0,0,0,0,0,0,0,0,0,0,0.291035986908777,0.153753256138701,0,0,0.149057632443351,0.136659522851308,0.310873952927068,0,0,0.464979261159897,0.392788191636403,0,0,0,0,0.297289266387319,0.492291681468487,0.269074648618698,0,0,0,0,0.251442670822144,0,0,0,0,0,0,0,0,0,0,0,0,0,0,0,0,0,0,0,0,0.324168887414388,0.160656405933972,0.252520349408899,0,0.297516373964736,0,0.363005830327125,0.185773770306625,0,0,0,0
0,0,0,0.265875862217417,0,0.256162655850251,0,0,0,0,0,0.22978916993508,0,0,0,0,0.341254599392414,0,0.349839378148317,0.225552706648418,0,0,0,0.343192845582962,0,0,0,0,0,0,0,0.185914605855942,0,0.126931512695072,0,0,0.397230108794959,0.18423851384216,0,0.277395382523537,0,0.30438661804566,0.286613523960114,0.36878913640976,0,0.28336747808044,0.374779671430588,0.442235957987669,0,0.271713250213199,0,0.260267898440361,0,0,0,0.235249295830727,0.270167924463749,0.270748155812422,0,0,0,0.225549429655075,0.246642740154939,0,0,0,0,0,0,0,0,0,0,0,0.165003448724747,0,0.130530726164579,0,0.251978570307351,0.312665735660442,0.193148361514657,0,0.194526098143302,0.197442389253912,0.290294619879328,0.30080059543252,0
0,0,0.276397198438644,0,0.201033771038055,0,0,0,0,0,0,0,0,0,0,0,0,0,0.381393278638522,0,0.153406544357327,0,0,0,0,0,0,0,0,0,0,0,0.298123424782446,0,0.149057632443351,0.397230108794959,0,0,0.227864017909825,0,0.334645246466001,0,0.319221511483192,0,0.364602833986282,0.402510657906532,0.293906403042502,0.58525695751785,0.257174124320348,0.221887490712106,0.235307862361272,0,0,0,0,0,0.289414520649349,0,0.285342156887054,0,0,0,0,0.227760460878175,0,0,0,0,0,0,0,0,0,0,0,0.297240047638578,0,0.186028018416393,0.498504396029345,0.246407830282049,0,0.203740240359233,0.182443950322047,0.554385087490082,0.238273462003216,0,0.283109158277512
0,0.324002609559984,0,0.268169651925564,0,0,0,0,0,0.184479588421725,0,0.188027112441168,0,0,0,0,0,0,0.277883319184184,0,0,0.260496854497886,0,0.179979985184742,0,0,0,0.174985219692362,0,0.157257446511225,0,0,0,0.292312251493574,0.136659522851308,0.18423851384216,0,0,0.158305834137624,0,0,0.26558684806029,0,0.319678723812103,0,0.302203635374705,0.268292456865311,0.414421870720153,0,0.387674311195549,0,0,0,0,0,0.168688695179299,0,0.225711949169636,0,0,0,0,0,0,0.288183663078413,0,0.184111822968122,0,0,0,0,0,0.151033246268829,0,0,0,0.272656417318753,0,0.246945409378114,0,0.258120510839773,0.123736007139087,0.286299965669249,0.290042696254594,0.310115575917404,0,0
0,0,0,0,0,0,0,0,0.214740311294528,0,0.157972074984658,0,0,0,0,0,0,0,0,0,0.170488445684801,0,0.286433522148109,0,0.144355838713439,0,0,0,0,0,0.155668693848632,0,0,0.130774706602097,0.310873952927068,0,0.227864017909825,0.158305834137624,0,0,0,0,0.464593689708874,0,0,0,0.287215371217046,0.420306012361401,0.460667990809431,0,0,0,0,0,0.288926805279873,0,0.18160230854545,0,0,0,0,0,0,0.252897210610219,0,0.37658706120616,0,0.33896932261996,0,0,0,0.302498653531075,0,0,0,0,0,0.26677098440612,0,0.209815028781692,0,0.245399917618448,0.20503847141822,0.2655440733621,0.362026674119202,0,0
0,0,0,0.237703977418797,0,0.232244156301022,0,0,0,0,0,0,0,0,0,0.190812215209007,0.305852174758911,0,0.36594495999402,0,0,0,0,0,0,0,0,0,0,0,0,0.307074002921581,0,0,0,0.277395382523537,0,0,0,0,0,0.303383627931277,0,0.395171772688627,0,0.252532429297765,0,0.344151631611863,0.505051719046187,0.396625686098229,0.241541743278503,0,0,0,0,0,0.273527860641479,0.234455347061157,0,0,0,0.204702568054199,0.290869474411011,0,0,0,0,0,0,0,0,0,0.357996463775635,0,0.312968164682388,0,0,0,0.350377345764565,0,0,0,0.315819496554988,0,0.249658583674465,0.324641816318035,0
0,0,0.308933993180593,0.249298006296158,0,0,0,0,0,0,0.282784849405289,0,0,0,0,0,0.343307551802421,0.320206594963868,0.367754754055752,0,0,0,0,0,0.277413934469223,0,0,0,0,0,0,0,0,0,0,0,0.334645246466001,0,0,0,0,0.349591245253881,0.315142627036205,0.315484966550555,0.338974723596605,0.396544870734215,0.334698516075675,0,0.197035331855405,0.320976267258326,0.272343572378159,0,0,0,0,0,0.287482516921085,0.228292226791382,0.288050015767415,0,0.309382323707853,0,0,0.277572322232896,0,0,0,0,0,0,0,0,0.39446559548378,0.281610971689224,0,0,0,0,0.402554252317974,0.316333532576163,0,0.279066205024719,0.329220838791558,0,0.309522664852033,0.342139512300491,0.418642584421781
0,0.417653568220535,0,0.311479814802877,0,0.281336396932602,0,0,0,0.261524186146503,0,0,0,0,0,0,0.294968116062659,0.285043120384216,0.265315306684188,0,0,0,0,0.264258250594139,0,0,0,0,0,0,0,0,0,0.486766040325165,0.464979261159897,0.30438661804566,0,0.26558684806029,0,0.303383627931277,0.349591245253881,0,0.385385578858251,0.24953268324308,0.307050198316574,0.316076245922936,0.312876629141661,0.45506846036498,0.449555858969688,0.374779336338251,0,0,0,0,0,0.307318056065045,0,0.368472566156043,0.315877795219421,0,0,0.311310427529471,0.361555508925365,0,0,0,0.243958428502083,0,0,0,0,0,0.344931385527223,0,0,0,0,0,0.333663222425609,0.360856801271439,0.480168849229813,0,0.357135903122589,0.368866429671528,0.341897472764094,0.233258681438596,0
0.390285614349625,0,0.294265485760673,0.258130365610123,0.297372500363149,0,0,0,0.199048854500414,0,0,0,0,0,0,0,0.300051834159003,0.238419813414415,0.255427984695985,0,0,0,0,0,0.370316177606583,0,0,0,0,0,0,0,0,0,0.392788191636403,0.286613523960114,0.319221511483192,0,0.464593689708874,0,0.315142627036205,0.385385578858251,0,0.371150314807892,0.258447254992372,0.322565466165543,0.295921942574051,0.665445050442631,0.369537618915848,0.414279095000691,0.280802330563939,0,0,0,0.262961416372231,0,0.346159352870856,0,0.331652289972856,0,0.325009289171015,0,0,0.307641954376147,0,0,0,0.359537145329846,0,0,0,0,0,0.299685306408826,0,0,0,0,0.433102488517761,0.32698791620585,0,0.458869008332726,0.401644477005485,0.482725412949272,0.3484039206065,0.241455644369125,0.297807012745576
0,0.286193698644638,0,0.291567626453581,0,0.281581789255142,0,0,0,0.331893080472946,0,0,0,0,0,0,0.290934617320697,0.24782432615757,0.296471740164194,0,0,0,0,0.29163470864296,0,0,0,0,0,0,0,0,0,0,0,0.36878913640976,0,0.319678723812103,0,0.395171772688627,0.315484966550555,0.24953268324308,0.371150314807892,0,0,0.353256630847644,0.338487842253276,0,0,0.294528715989806,0,0.246031820774078,0,0,0,0.283410623669624,0,0.3525398511153,0,0,0,0.278509000937144,0.419530148307482,0,0,0,0,0,0,0,0,0,0.377992779016495,0,0,0,0,0,0.40264333466783,0.483149290084839,0.508861243724823,0,0.292153830033668,0.251334095994631,0.388000280412928,0.268604710077246,0
0,0,0,0,0,0,0,0,0,0,0,0,0,0,0,0,0.258181162178516,0.167263343930244,0.247328523213301,0,0,0,0,0,0,0,0,0,0,0,0,0,0,0,0,0,0.364602833986282,0,0,0,0.338974723596605,0.307050198316574,0.258447254992372,0,0,0.276795268058777,0.34446242544004,0,0.274678888916969,0,0.280116629600525,0,0,0,0,0,0.31049241622289,0,0.269267981251081,0,0,0,0,0.318049339687123,0,0,0,0,0,0,0,0,0,0,0,0,0,0,0,0.344357661766197,0,0,0.258495871757352,0,0.272538755435843,0,0.287350638673223
0,0.274652445141007,0.273874369263649,0.261748064710887,0,0.246608580506983,0,0,0,0.320519869526227,0,0,0,0,0,0,0.342142761927662,0.296151556074619,0.345432828478916,0.309899572472451,0,0,0,0.269260913133621,0,0,0,0,0,0,0,0,0,0,0,0.28336747808044,0.402510657906532,0.302203635374705,0,0.252532429297765,0.396544870734215,0.316076245922936,0.322565466165543,0.353256630847644,0.276795268058777,0,0.362967027533323,0,0,0.268049117299202,0.253881463849986,0.264136452760015,0,0,0,0.254930724700292,0.288003409703573,0.298532620953222,0.280613954250629,0,0.309096485376358,0.254315587190481,0.278010505883555,0.370291968186696,0,0,0,0,0,0,0,0,0.354525868610669,0,0,0,0,0,0.288472327108567,0.376885951646874,0.339492899128946,0,0.318052493237858,0.327888858623994,0.312185986083606,0.305337317253268,0.312671648338437
0,0,0.287583382593261,0.264823530614376,0.222734972834587,0,0,0,0,0,0.273423673290955,0,0,0,0,0,0.310997866315417,0.299715163676362,0.330000887705634,0,0.288884584108988,0,0,0,0,0,0,0,0,0,0,0,0,0,0,0.374779671430588,0.293906403042502,0.268292456865311,0.287215371217046,0,0.334698516075675,0.312876629141661,0.295921942574051,0.338487842253276,0.34446242544004,0.362967027533323,0,0,0.272691525022189,0.260105933745702,0.251649513542652,0,0,0,0,0,0.284974485752082,0,0.286439513554797,0,0.262357102412927,0.242148004472256,0,0.264849237819393,0,0,0,0,0,0,0,0,0,0.287833377718925,0,0,0,0,0.374149866756939,0.294964244895262,0,0.316424568869033,0.303009692465121,0,0.310117966655679,0.27740755038602,0.310121666285254
0,0,0,0,0,0,0,0,0.244149739543597,0,0,0,0,0,0,0,0,0,0,0,0,0,0,0,0,0,0,0,0,0,0,0.252710899815487,0.33404520974483,0.347216759514629,0.297289266387319,0.442235957987669,0.58525695751785,0.414421870720153,0.420306012361401,0.344151631611863,0,0.45506846036498,0.665445050442631,0,0,0,0,0,0.511941431732164,0.428706318779598,0,0,0,0,0,0,0,0,0,0,0,0,0,0,0,0,0,0.338494852185249,0,0,0,0,0,0,0.302247565389428,0.358748624574494,0.393575326442533,0.315158072796813,0.36270627650761,0.441264498771286,0.393773451434404,0.415790564368797,0.605196164236141,0.49810112339835,0.390037503362891,0,0
0.166587832791265,0,0.156561197474217,0,0.243801434834798,0,0,0,0.151126705787399,0,0,0,0,0,0,0,0.33304488658905,0,0.270543144084513,0,0.226946130394936,0,0.32066496541786,0,0.233474128456278,0,0,0,0,0,0,0,0,0,0.492291681468487,0,0.257174124320348,0,0.460667990809431,0.505051719046187,0.197035331855405,0.449555858969688,0.369537618915848,0,0.274678888916969,0,0.272691525022189,0.511941431732164,0,0.436174020987208,0.240849506461395,0,0,0,0.201825473577745,0,0.319160449352886,0,0.266415235413101,0,0.247373247462692,0,0,0.244054287672043,0,0.288889038709793,0,0.254413267561598,0,0.254668036980374,0,0.302581917618254,0,0.327107083446839,0,0,0,0.406408715993166,0.426355585455894,0.375232701211475,0,0.361050009499632,0.324705948700776,0.354907731215159,0.338497182793748,0,0.299625959247351
0,0.341403339529717,0.264550688366095,0.256373156544188,0.235338594764471,0.225874344850409,0,0,0,0.303842196152324,0,0.191390231251717,0,0.27405112523299,0,0.288750872015953,0,0,0.283360007960918,0.195381283760071,0,0.355227569435361,0,0.30693491101265,0,0,0,0,0,0,0,0.315141597916098,0.384204844633738,0.32046747803688,0.269074648618698,0.271713250213199,0.221887490712106,0.387674311195549,0,0.396625686098229,0.320976267258326,0.374779336338251,0.414279095000691,0.294528715989806,0,0.268049117299202,0.260105933745702,0.428706318779598,0.436174020987208,0,0.250865470152348,0.266117513179779,0,0,0,0.204142323562077,0.263425605282897,0.332072003899763,0.279221159406006,0.261174294520906,0.269535949826241,0.305019063675928,0.251513255100984,0,0.324687388924817,0,0.329414224624634,0,0.272469048825454,0,0.321587709098217,0,0.374862522938672,0,0.311444814130664,0,0.322572273015976,0,0.33578489744001,0.25792616357406,0.316801063548087,0,0.385923706922339,0.264456488192081,0.354286664245836,0.304761236906052,0
0,0,0.23628449857235,0.246026697258155,0.201844733088247,0.264828532934189,0,0,0,0,0,0,0,0,0.223171503798476,0,0.254892408847809,0,0.271070894869891,0,0.185583116846126,0,0,0,0,0,0,0,0,0,0,0,0,0,0,0,0.235307862361272,0,0,0.241541743278503,0.272343572378159,0,0.280802330563939,0,0.280116629600525,0.253881463849986,0.251649513542652,0,0.240849506461395,0.250865470152348,0,0.25858947634697,0.199609987437725,0,0,0,0.250464716776093,0.246428653597832,0.234046878665686,0,0.231368924121885,0.243300184607506,0,0.211682766675949,0,0,0,0,0,0,0,0,0.327908486127853,0,0,0,0,0,0,0.26078429302344,0,0,0.213509675720309,0,0.240097971503125,0,0.277151349931955
0,0,0,0.18997623026371,0,0.20337300747633,0,0,0,0.147662786500795,0,0,0,0,0,0,0,0,0.25066477060318,0,0,0,0,0,0,0,0,0,0,0,0,0,0,0,0,0.260267898440361,0,0,0,0,0,0,0,0.246031820774078,0,0.264136452760015,0,0,0,0.266117513179779,0.25858947634697,0,0,0,0,0.138368330895901,0.270393759012222,0.219000667333603,0,0.193551170701235,0,0.224424208903537,0,0,0,0,0,0,0,0,0,0,0,0,0,0,0,0,0,0,0,0,0.249769712487857,0.248725786805153,0.246573997171302,0,0
0,0,0,0,0,0,0.159460212104023,0,0,0,0,0,0,0,0,0,0,0,0,0,0,0,0,0,0,0,0,0,0,0,0,0,0,0,0,0,0,0,0,0,0,0,0,0,0,0,0,0,0,0,0.199609987437725,0,0,0,0,0,0.218149698442883,0,0,0,0,0,0,0,0,0,0,0,0,0,0,0,0,0,0,0,0,0,0,0,0,0,0,0,0,0,0
0,0,0,0,0,0,0,0,0,0,0,0.166267931461334,0,0.221858705083529,0,0,0,0,0,0,0,0,0,0,0,0,0,0,0,0,0,0,0,0,0,0,0,0,0,0,0,0,0,0,0,0,0,0,0,0,0,0,0,0,0,0,0,0,0,0,0,0,0,0,0,0,0,0,0,0,0,0,0,0,0,0,0,0,0,0,0,0,0,0,0,0,0
0.183875938753287,0,0.14465017914772,0,0,0,0,0,0.264793295858578,0,0,0,0,0,0,0,0,0,0.28852567076683,0,0,0,0,0,0.253365378055347,0,0,0,0,0,0,0,0,0,0.251442670822144,0,0,0,0.288926805279873,0,0,0,0.262961416372231,0,0,0,0,0,0.201825473577745,0,0,0,0,0,0,0,0.266502652317286,0,0.233327925205231,0,0.229026914545984,0,0,0,0,0,0,0.248666384624412,0,0,0,0,0,0,0,0,0,0,0,0,0,0.255675432756543,0.267286689128987,0,0.210592223028111,0,0.252483076519436
0,0.145685433740577,0,0.196910516211861,0,0.185639047622681,0,0,0,0.275423804364291,0,0,0,0,0,0,0,0.243578786651293,0.266482618947824,0,0,0,0,0.207755162390796,0,0,0,0,0,0,0,0,0,0,0,0.235249295830727,0,0.168688695179299,0,0,0,0.307318056065045,0,0.283410623669624,0,0.254930724700292,0,0,0,0.204142323562077,0,0.138368330895901,0,0,0,0,0,0.287010341882706,0,0,0,0,0,0,0,0,0.281350222039075,0,0,0,0,0,0.330832173426946,0,0,0,0,0,0,0,0.191909341969424,0,0.263825757185478,0.358873962060265,0.236089389906688,0,0
0.325179785490036,0,0.285356873477047,0.260041181530271,0.229770908460898,0.247674882411957,0.190152227878571,0,0.25869807600975,0,0.221864890247847,0,0,0,0,0,0.338285332752599,0.275518476963043,0.327307275073095,0,0.284536685794592,0,0,0,0,0,0,0,0,0,0.288300055596564,0,0,0,0,0.270167924463749,0.289414520649349,0,0.18160230854545,0.273527860641479,0.287482516921085,0,0.346159352870856,0,0.31049241622289,0.288003409703573,0.284974485752082,0,0.319160449352886,0.263425605282897,0.250464716776093,0.270393759012222,0.218149698442883,0,0.266502652317286,0,0,0.264039109150569,0.278855210396251,0,0.292842232204717,0,0,0.286157625678921,0,0,0,0,0,0,0,0.390551288403934,0,0.349222064220299,0,0,0,0,0,0.301204128210707,0,0.313002634872781,0.262735466862565,0,0.318845881308412,0,0.341504507462184
0,0.364648942720322,0,0.306837953130404,0,0.247354558110237,0,0,0,0.31533408164978,0,0.232773651188452,0,0.198587412635485,0,0,0,0,0.333825232126774,0.162147441909787,0,0,0,0,0,0,0,0,0,0.247889041900635,0,0,0,0,0,0.270748155812422,0,0.225711949169636,0,0.234455347061157,0.228292226791382,0.368472566156043,0,0.3525398511153,0,0.298532620953222,0,0,0,0.332072003899763,0.246428653597832,0.219000667333603,0,0,0,0.287010341882706,0.264039109150569,0,0.254711218178272,0.251508297817694,0,0.32749307486746,0.267027090978006,0,0,0,0,0,0,0,0.321626919046856,0,0.276562860106753,0,0,0,0,0,0.288188516570811,0.252551048994064,0.293989777565002,0,0.276255854331287,0.30984072737834,0.375427340041457,0.307720921933651,0
0.243097990751266,0,0.263256993558672,0.2583674877882,0.245614239946008,0,0,0,0,0,0,0,0.179857128089474,0,0.259549379348755,0,0.281583517789841,0,0.299502126375834,0,0,0,0,0,0,0,0,0,0,0,0,0,0,0,0,0,0.285342156887054,0,0,0,0.288050015767415,0.315877795219421,0.331652289972856,0,0.269267981251081,0.280613954250629,0.286439513554797,0,0.266415235413101,0.279221159406006,0.234046878665686,0,0,0,0.233327925205231,0,0.278855210396251,0.254711218178272,0,0,0.26780974396087,0,0,0,0,0,0,0,0,0.297914513519832,0,0.284638051874936,0,0.324321622198278,0,0,0,0,0,0.282529165347417,0,0,0.258600397583316,0,0.288446449685709,0,0.332719147205353
0,0.299535192502952,0,0,0,0.23497121415355,0,0,0,0,0,0.174904639438047,0,0.216618840844886,0,0.238978008429209,0,0,0,0,0,0,0,0,0,0,0,0.172103274613619,0,0,0,0,0,0,0,0,0,0,0,0,0,0,0,0,0,0,0,0,0,0.261174294520906,0,0.193551170701235,0,0,0,0,0,0.251508297817694,0,0,0,0.28319137163854,0.242857934988063,0,0,0,0,0,0,0,0.305778923014758,0,0,0,0,0,0,0,0,0,0,0,0.224309380104144,0,0.300388787355688,0,0
0.239450034499168,0,0.258194953203201,0,0.242555107921362,0.259009450674057,0,0,0.136583322234321,0,0,0,0,0,0.234234663573178,0,0,0,0.289139181375504,0,0,0,0,0,0,0,0,0,0,0,0,0,0,0,0,0,0,0,0,0,0.309382323707853,0,0.325009289171015,0,0,0.309096485376358,0.262357102412927,0,0.247373247462692,0.269535949826241,0.231368924121885,0,0,0,0.229026914545984,0,0.292842232204717,0,0.26780974396087,0,0,0,0,0.318791508674622,0,0,0,0,0,0.216899365186691,0,0.279459225634734,0,0.317199282921278,0,0,0,0,0,0.261715058237314,0,0,0.278952380021413,0.276873469352722,0.282969263479181,0,0.324483167041432
0,0.220935591900966,0.230451241135597,0.209317713975906,0,0.227782807566903,0,0,0,0.217157219137464,0,0,0,0.246293254774706,0,0.234196703343355,0,0,0.262654645368457,0,0,0,0,0,0,0.226033543901784,0,0,0,0,0,0,0,0,0,0.225549429655075,0,0,0,0.204702568054199,0,0.311310427529471,0,0.278509000937144,0,0.254315587190481,0.242148004472256,0,0,0.305019063675928,0.243300184607506,0.224424208903537,0,0,0,0,0,0.32749307486746,0,0.28319137163854,0,0,0.252538740634918,0,0,0,0.216252788901329,0,0.229915866098906,0,0.3146124680837,0,0.334118291735649,0,0,0,0,0,0.26455885384764,0,0,0,0.217112398314699,0.25012913842996,0.254568474130197,0,0
0,0.406666934490204,0,0.2508807250609,0,0.281182885169983,0,0,0,0,0,0.115496665239334,0,0,0,0,0,0.30947008728981,0.398083398009048,0.247594471487075,0,0,0,0,0,0,0,0,0,0,0,0,0,0,0,0.246642740154939,0,0,0,0.290869474411011,0,0.361555508925365,0,0.419530148307482,0,0.278010505883555,0,0,0,0.251513255100984,0,0,0,0,0,0,0,0.267027090978006,0,0.242857934988063,0,0.252538740634918,0,0,0,0,0,0,0,0,0,0,0.400127660969029,0,0,0,0,0,0.269560489865805,0,0.33299895375967,0,0.371124450313418,0.362775564193726,0.273611497668336,0.314279764890671,0
0,0,0.366003215312958,0.27686420083046,0,0,0,0,0,0,0.239903487509391,0,0,0,0,0,0.332660253231342,0,0.337256493667762,0,0.208986035049564,0,0,0,0,0,0,0,0,0,0,0,0,0,0,0,0.227760460878175,0,0.252897210610219,0,0.277572322232896,0,0.307641954376147,0,0.318049339687123,0.370291968186696,0.264849237819393,0,0.244054287672043,0,0.211682766675949,0,0,0,0,0,0.286157625678921,0,0,0,0.318791508674622,0,0,0,0,0,0,0.298266589641571,0,0,0,0,0,0.299819186329842,0,0,0,0,0,0.269794338897504,0,0.273742004111409,0.212275379709899,0,0.293066459235032,0,0.346994409958522
0,0,0,0,0,0,0,0,0,0,0,0,0,0,0,0,0,0,0,0,0,0.254701221405258,0,0,0,0.217363555461932,0,0,0,0,0,0,0,0,0,0,0,0.288183663078413,0,0,0,0,0,0,0,0,0,0,0,0.324687388924817,0,0,0,0,0,0,0,0,0,0,0,0,0,0,0,0,0.274958434725,0,0.259713914363008,0,0.290824816970343,0,0,0,0,0,0,0,0,0,0.287833393987655,0,0.171832616945714,0,0,0,0
0,0,0,0,0,0,0,0,0,0,0,0,0,0,0,0,0,0,0,0,0,0.119310038100029,0.235380378577885,0,0.190041609108448,0,0,0,0,0,0,0,0,0,0,0,0,0,0.37658706120616,0,0,0,0,0,0,0,0,0,0.288889038709793,0,0,0,0,0,0,0,0,0,0,0,0,0,0,0,0,0,0,0.247468487670024,0,0.282962799176713,0,0.336342707547275,0,0,0,0,0,0,0,0,0,0.314559401073864,0.141320442872458,0,0,0,0
0,0,0,0,0,0,0,0,0,0.307218615334113,0,0,0,0,0,0.215271636843681,0,0.293641194701195,0,0,0,0.266235759016126,0,0.253761634969984,0,0.199129084015594,0,0,0,0,0,0,0,0.269415676593781,0,0,0,0.184111822968122,0,0,0,0.243958428502083,0,0,0,0,0,0,0,0.329414224624634,0,0,0,0,0,0.281350222039075,0,0,0,0,0,0.216252788901329,0,0,0.274958434725,0,0,0,0.272288523372111,0,0.348632512348039,0,0,0,0,0,0.276408384243647,0,0,0,0.328582437296979,0,0.309502565390185,0.279576867818832,0.214880206755229,0,0
0,0,0,0,0,0,0,0,0.208770946732589,0,0,0,0,0,0,0,0.164167214614841,0.176138868289334,0.259077727794647,0,0,0,0,0,0.308819329738617,0,0,0,0,0,0,0,0,0,0,0,0,0,0.33896932261996,0,0,0,0.359537145329846,0,0,0,0,0.338494852185249,0.254413267561598,0,0,0,0,0,0.248666384624412,0,0,0,0,0,0,0,0,0.298266589641571,0,0.247468487670024,0,0,0,0.213771245019002,0,0,0,0,0,0,0,0,0,0,0,0.32748607775223,0.240690796664267,0,0.294074117980505,0,0
0,0,0,0,0,0,0,0,0,0,0,0,0,0,0,0.213396809782301,0,0,0,0,0,0.249511612539596,0,0.218009172760426,0,0.259817316592519,0,0.22653154283762,0,0,0,0,0,0,0,0,0,0,0,0,0,0,0,0,0,0,0,0,0,0.272469048825454,0,0,0,0,0,0,0,0,0,0,0,0.229915866098906,0,0,0.259713914363008,0,0.272288523372111,0,0,0,0.332371352880429,0,0,0,0,0,0,0,0,0,0,0,0.157693968287536,0.15509410119719,0,0,0
0,0,0,0,0,0,0,0,0,0,0,0,0,0,0,0,0.171185044261316,0.150590553879738,0,0,0,0,0,0,0,0,0.167555674910545,0,0,0,0,0,0,0,0,0,0,0,0,0,0,0,0,0,0,0,0,0,0.254668036980374,0,0,0,0,0,0,0,0,0,0.297914513519832,0,0.216899365186691,0,0,0,0,0.282962799176713,0,0.213771245019002,0,0,0,0.357092802359172,0,0,0,0,0,0,0,0,0,0,0.168013819517233,0,0.216571792960167,0,0
0,0,0,0,0,0,0,0,0,0,0,0,0,0.181193247437477,0,0,0,0,0,0,0,0,0,0,0,0,0,0.246164067440939,0,0.220292798110417,0,0,0,0,0,0,0,0,0,0,0,0,0,0,0,0,0,0,0,0.321587709098217,0,0,0,0,0,0,0,0.321626919046856,0,0.305778923014758,0,0.3146124680837,0,0,0.290824816970343,0,0.348632512348039,0,0.332371352880429,0,0,0,0.291686359710164,0,0,0,0,0,0,0,0.264892667531967,0,0.14380253603061,0.138105437159538,0.446482479572296,0,0
0,0,0,0,0,0,0,0,0,0,0,0,0,0,0,0,0,0,0,0,0,0,0,0,0,0,0,0,0.174175561829047,0,0,0,0,0,0,0,0,0,0.302498653531075,0,0,0,0,0,0,0,0,0,0.302581917618254,0,0,0,0,0,0,0,0.390551288403934,0,0.284638051874936,0,0.279459225634734,0,0,0,0,0.336342707547275,0,0,0,0.357092802359172,0,0,0,0.394686893338249,0,0,0,0,0,0,0,0.2493311679789,0.167818173766136,0,0.38252365197006,0,0
0,0.389431051909924,0,0.351557958615969,0,0.33960834145546,0,0,0,0.336574375629425,0,0.167770502706097,0,0,0,0,0.330914795398712,0,0.393845018090271,0,0,0,0,0,0,0,0,0,0,0.230975094306537,0,0,0,0,0,0,0,0.151033246268829,0,0.357996463775635,0.39446559548378,0.344931385527223,0,0.377992779016495,0,0.354525868610669,0,0,0,0.374862522938672,0.327908486127853,0,0,0,0,0.330832173426946,0,0.276562860106753,0,0,0,0.334118291735649,0.400127660969029,0,0,0,0,0,0,0,0.291686359710164,0,0,0,0,0,0,0,0.37453564008077,0,0.174190444291615,0,0.405604958321367,0.345734238624573,0.46659843104857,0.350426137447357,0
0,0,0,0,0,0,0,0,0,0,0.31298037370046,0,0,0,0,0,0,0,0,0,0,0,0,0,0,0,0,0,0.216090242329397,0,0.265336335580421,0,0,0,0,0,0,0,0,0,0.281610971689224,0,0.299685306408826,0,0,0,0.287833377718925,0,0.327107083446839,0,0,0,0,0,0,0,0.349222064220299,0,0.324321622198278,0,0.317199282921278,0,0,0.299819186329842,0,0,0,0,0,0,0,0.394686893338249,0,0,0,0,0,0,0,0.281260818243027,0,0.30797506191761,0,0,0.332420001412235,0,0
0,0,0,0,0,0,0,0,0,0,0,0,0,0,0,0,0,0,0,0,0,0,0,0,0,0,0,0,0,0,0,0.261701094634013,0.126920763591323,0.337072009679279,0,0.165003448724747,0,0,0,0.312968164682388,0,0,0,0,0,0,0,0.302247565389428,0,0.311444814130664,0,0,0,0,0,0,0,0,0,0,0,0,0,0,0,0,0,0,0,0,0,0,0,0,0,0,0.29411942444337,0,0.263682440094564,0,0,0,0.126941082705008,0,0,0,0
0,0,0,0,0,0,0,0,0,0,0,0,0,0,0,0,0,0,0,0,0,0,0,0,0,0,0,0,0,0,0,0,0.289941429801811,0,0.324168887414388,0,0.297240047638578,0,0,0,0,0,0,0,0,0,0,0.358748624574494,0,0,0,0,0,0,0,0,0,0,0,0,0,0,0,0,0,0,0,0,0,0,0,0,0,0,0,0,0,0.309308530853829,0,0.267707704653141,0,0,0.136433247476816,0,0,0,0
0,0,0,0,0,0,0,0,0,0,0,0,0,0,0,0,0,0,0,0,0,0,0,0.280670429269473,0,0,0,0,0,0,0,0.279086283863859,0,0.288677961438,0.160656405933972,0.130530726164579,0,0.272656417318753,0,0,0,0,0,0,0,0,0,0.393575326442533,0,0.322572273015976,0,0,0,0,0,0,0,0,0,0,0,0,0,0,0,0,0.276408384243647,0,0,0,0,0,0,0,0.29411942444337,0,0,0.162753089158623,0.248408662126614,0,0.315552501446378,0,0.239068226719444,0,0,0,0
0,0,0,0,0,0,0,0,0,0,0,0,0,0,0,0,0,0,0,0,0,0,0,0,0,0,0,0,0,0,0,0,0.317418474846214,0.155756281488217,0.252520349408899,0,0.186028018416393,0,0.26677098440612,0,0,0,0,0,0,0,0,0.315158072796813,0.406408715993166,0,0,0,0,0,0,0,0,0,0,0,0,0,0,0,0,0,0,0,0,0,0,0,0,0,0,0.309308530853829,0.162753089158623,0,0,0.227648071182722,0,0.282128355818873,0.17673943206972,0,0,0,0
0,0.4616459608078,0,0.275187208205461,0,0.305049695074558,0,0,0,0,0,0.259172609448433,0,0,0,0,0.372289453744888,0.314676403999329,0.378619329669836,0.239373893029504,0,0,0,0,0,0,0,0,0,0,0,0.304718105758812,0,0.179894922337224,0,0.251978570307351,0.498504396029345,0.246945409378114,0,0.350377345764565,0.402554252317974,0.333663222425609,0.433102488517761,0.40264333466783,0,0.288472327108567,0.374149866756939,0.36270627650761,0.426355585455894,0.33578489744001,0,0,0,0,0,0,0,0.288188516570811,0,0,0,0.26455885384764,0.269560489865805,0,0,0,0,0,0,0,0,0,0.37453564008077,0,0.263682440094564,0,0.248408662126614,0,0,0.409667526445692,0.272698683062396,0,0.306875481339096,0.409998146387247,0.319241270757351,0.329029475267117,0.375993773341179
0,0,0.319445185363293,0.320932015776634,0.20977421104908,0,0,0,0,0,0.257792726159096,0,0,0,0,0,0.348118719355813,0.326931816525757,0.381813070052081,0,0.207669079334402,0,0,0,0,0,0,0,0,0,0,0,0.306412451941034,0,0.297516373964736,0.312665735660442,0.246407830282049,0,0.209815028781692,0,0.316333532576163,0.360856801271439,0.32698791620585,0.483149290084839,0.344357661766197,0.376885951646874,0.294964244895262,0.441264498771286,0.375232701211475,0.25792616357406,0.26078429302344,0,0,0,0,0,0.301204128210707,0.252551048994064,0.282529165347417,0,0.261715058237314,0,0,0.269794338897504,0,0,0,0,0,0,0,0,0,0.281260818243027,0,0.267707704653141,0,0.227648071182722,0.409667526445692,0,0,0.226928648820945,0.286907504297592,0.405426500650013,0.316043623517348,0.324168086051941,0.380786410804036
