0,0.372814267873764,75.4153956025839,0,1.02608278393745,0,0,0,264.629706248641,0,0,0,0,0,12.5687719583511,0,0.877618432044983,0,92.842689409852,0,0,0,0,0,0,0,0,0,0,0,0,0,0,0,0,0,4.9786736369133,0,7.31924444437027,0,1.28424146771431,3.66022789478302,363.530951052904,0,0.803712785243988,0,8.211789496243,0,410.969264090061,0,0,0,0,0,173.100499331951,0,32.8833809494972,0,75.990740224719,0,170.6734354496,0,0.482408434152603,0.922216594219208,0,0,0,0.477515935897827,0,0,0,8.3310526907444,0,5.22798278927803,0,0,0,0,0,24.8611110672355,0,80.4271550774574,233.373507797718,4.89906318485737,435.625474542379,0.19147290289402,0
0.372814267873764,0,0,53.1432918161154,0,46.9745528995991,0,0,0,291.691561549902,0,0,0,0,0,0,0.269217967987061,0,31.4257803410292,0,0,0,0,25.5140375643969,0,0,0,0,0,0,0,0,0,0,0,0.913326740264893,0,62.0848877727985,0,13.3437507897615,0,311.747746855021,1.1657762825489,0,0,34.831125870347,0,0,0.8045534491539,197.523450836539,0,0,0,0,0,211.615504056215,0,4.49235251545906,0,0.679408729076385,0,51.7861925214529,5.76926730573177,0,0,0,40.9665516167879,0,0,0,0,0,5.65488857030869,0,0,0,0,0,96.1051672771573,0.320044904947281,56.969717875123,0,215.802409350872,3.81847085058689,219.911561191082,0.553709983825684,0
75.4153956025839,0,0,0,86.5865457952023,0,0,0,302.492370247841,0,0,0,0,0,0,0,0,0,6.42411398887634,0,0,0,0,0,0,0,0,0,0,0,0,0,0,0,0,0,6.69214740395546,0,0,0,0.218159526586533,0.56277023255825,50.655471637845,0,0.149280309677124,0,19.0040132030845,0,83.269034832716,0,78.7978506535292,0,0,0,130.711268275976,0,3.39034059643745,0,15.3659347295761,0,0,0,0.0875861048698425,0,0,0.877285003662109,0,0,0,0.908585280179977,0,41.8684785813093,0,14.1650789678097,0,0,0,0,0,2.95870721340179,0,3.41535000503063,159.121243909001,2.98258057236671,153.683327354491,0,0.533129662275314
0,53.1432918161154,0,0,0,322.291322603822,0,0,0,242.698151513934,0,0,0,0,0,0,0,0,26.7710957303643,0.812541306018829,0,0,0,2.52611894905567,0,0,0,0,0,0,0,0,0,0,0,6.5558734536171,0.130008101463318,6.34948721528053,0,77.2224287614226,0,133.176183201373,0.877074845135212,0,0.0926050096750259,79.6250311583281,0.517850920557976,0,1.64292931556702,203.467930525541,0,147.108736470342,0,0,0,177.803536728024,0,40.0891881510615,0,23.2649363726377,0,59.4667449295521,5.97531190514565,0,0,0,8.68188525736332,0,0,0,3.18323814868927,0,32.3987515643239,0,0,0,0,0,43.6473467573524,0.363868117332458,13.0485047101974,0,551.167292095721,0.479748465120792,506.981706306338,5.6788864582777,0
1.02608278393745,0,86.5865457952023,0,0,0,0,0,115.511404037476,0,0,0,0,0,0,0,0,0.646031856536865,2.96138444542885,0,3.84372013807297,0,0,0,0,0,0,0,0,0,0,0,0,0,0,0,0.718902200460434,0,0,0,2.05520749092102,0,48.7629052102566,0,0,0,13.8653249740601,0,6.83230885863304,0,658.090982541442,0,77.4198351204395,0,5.10295307636261,0,27.3049767315388,0,0.811356008052826,0,9.07077869772911,0,0,0,0,0,0,0,0,0,0,4.2544304728508,0,8.66970576345921,0,0,0,0,0,14.2321326732635,0,0,472.808673515916,2.764429718256,253.114689126611,0,1.16418993473053
0,46.9745528995991,0,322.291322603822,0,0,0,36.2484554052353,0,142.735790461302,0,0.38151079416275,0,0,0,28.3833811283112,0,0,0,6.27435350418091,0,0,0,0,0,0,0,0,0,0,0,0,0,0,0,114.676979333162,0,0,0,1.93925507366657,0,11.3705994039774,0,0,0,1.01439526677132,0,0,0,14.2593707889318,0,551.594198614359,0,40.0666009783745,0,35.8130941987038,0,2.83053396642208,0,2.24071276187897,0,20.0596099495888,0.511341094970703,0,0,0,0,0,0,0,0.269018679857254,0,3.82603651285172,0,0,0,0,0,18.9718814343214,0,0.156912922859192,0,1728.4782088995,239.607073783875,439.9252063483,0,0
0,0,0,0,0,0,0,0,0,0,18.0948593020439,0,0,0,0,0,0,0,0,0,0,0,0,0,0,0,0,0,0,0,0,0,0,0,0,0,0,0,0,0,0,0,0,0,0,0,0,0,0,0,1.74988220632076,0,186.144376695156,0,0,0,56.2873396277428,0,0,0,0,0,0,0,0,0,0,0,0,0,0,0,0,0,0,0,0,0,0,0,0,0,128.417998790741,0,0,0,0
0,0,0,0,0,36.2484554052353,0,0,0,0,0,0,0,0,0,0,0,0,0,0,0,0,0,0,0,0,0,0,0,0,0,0,0,0,0,0,0,0,0,0,0,0,0,0,0,0,0,0,0,0,0,212.825254619122,0,90.6207785606384,0,0,0,0,0,0,0,0,0,0,0,0,0,0,0,0,0,0,0,0,0,0,0,0,0,0,0,0,195.135907530785,53.2240840196609,0,0,0
264.629706248641,0,302.492370247841,0,115.511404037476,0,0,0,0,0,0,0,0,0,243.251176536083,0,66.7728265225887,0.523314297199249,3.35322488844395,0,0,0,0,0,111.330350071192,0,0,0,0,0,0,0,0,0,0,0,0.352637410163879,0,44.3825280666351,0,0.223794221878052,0,117.465526744723,0,0,0,2.15738248080015,0,115.359508037567,0,1.42061933875084,0,0,0,733.617366462946,0,42.9204733371735,0,69.8470080941916,0,189.422825783491,0,0,1.50746890902519,0,1.94239991903305,0,16.8939009606838,0,9.20291659235954,0,46.8064124286175,0,3.0208261013031,0,0,0,0,0,2.31287914514542,0,53.4727837741375,1368.83119519055,2.00986157357693,55.9956548959017,0,1.77057498693466
0,291.691561549902,0,242.698151513934,0,142.735790461302,0,0,0,0,0,0,0,0,0,136.988286554813,0,82.5063628852367,13.4302903413773,0,0,0,0,72.0215036123991,0,0.491333216428757,0,0,0,0,0,0,0,0,0,0,0,15.6597711741924,0,1.60355266928673,0,25.6320209801197,0.168722957372665,0,0,0,0,0,0,72.8092223852873,0,1.76458731293678,0,0,0,771.770813241601,0,3.68246845901012,0,0.296779751777649,0,300.866812109947,0.733668178319931,0,0,0,47.7439511567354,0,3.82379969954491,0,0.653402149677277,0,6.59980916976929,0,0,0,0,0,1.64862483739853,0,6.68625319004059,0,510.799515023828,20.6265703439713,51.5162056535482,2.16691422462463,0
0,0,0,0,0,0,18.0948593020439,0,0,0,0,0,0.967637777328491,0,0,0,0,0,0,0,360.083739638329,0,0,0,0,0,0,0,102.028775826097,0,8.6089506149292,0,0,0,0,0,10.7706120014191,0,356.155305609107,0,0,0,0,0,0,0,0,0,0,0,0,0,7.09906262159348,0,0,0,2459.54256080091,0,177.422752380371,0,0,0,0,32.555215716362,0,0,0,0,0,0,0,0,0,49.9548901021481,0,0,0,0,0,8.64783483743668,0,0,146.180147707462,0,0,0,0
0,0,0,0,0,0.38151079416275,0,0,0,0,0,0,0,18.290642619133,0,0,0,0,0,499.474556326866,0,0,0,0,0,0,0,60.0643122792244,0,105.771348968148,0,0,0,0,0,1,0,256.907791793346,0,0,0,0,0,0,0,0,0,0,0,0,0,0.739090979099274,0,0,0,0,0,1881.90892992914,0,0,0,0,95.3229119777679,0,0,0,0,0,0,0,0,0,55.3109074681997,0,0,0,0,0,0,0,13.3520916998386,0,45.3734949082136,0,4.90429037809372,0,0
0,0,0,0,0,0,0,0,0,0,0.967637777328491,0,0,0,212.119827210903,0,0,0,0,0,0,0,0,0,0,0,15.2530056834221,0,41.5394229590893,0,0,0,0,0,0,0,0,0,0,0,0,0,0,0,0,0,0,0,0.385285258293152,0,0,0,0,0,0,0,13.2872537374496,0,1076.61123195291,0,4.06017524003983,0,0,0,0,0,0,0,0,11.8197287321091,0,0.778481334447861,0,0,0,0,0,0,0,0,0,0,54.7272603809834,118.376209676266,0.276804447174072,0,0
0,0,0,0,0,0,0,0,0,0,0,18.290642619133,0,0,0,142.042104423046,0,0,0,0,0,0,0,0,0,54.6497947573662,0,28.3087672293186,0,0,0,0,0,0,0,0,0,0,0,0,0,1.67308962345123,0,0,0,0,0,0,0,1.25349155068398,0,0,0,0,0,0,0,31.8886664956808,0,483.096003174782,0,34.5743081271648,1.39884221553802,0,0.462114572525024,0,0,0,59.9489397406578,0,15.7391720563173,0,0,0,0,0,0,0,0,0,0,0,115.566776394844,2.3445188999176,4.27972990274429,0,0
12.5687719583511,0,0,0,0,0,0,0,243.251176536083,0,0,0,212.119827210903,0,0,0,0,0,0,0,0,0,0,0,0,0,6.61292380094528,0,0.669821083545685,0,0,0,0,0,0,0,0,0,0,0,0,0,2.47511181235313,0,0,0,0,0,27.5764360129833,0,2.82331776618958,0,0,0,352.53553622961,0,5.30051839351654,0,273.289656788111,0,129.455587625504,0,0,0,0,0,0,0,0,36.0386332273483,0,0,0,0,0,0,0,0,0,0,0,0,70.907913684845,0,17.7647161781788,0,0
0,0,0,0,0,28.3833811283112,0,0,0,136.988286554813,0,0,0,142.042104423046,0,0,0,27.3364604711533,0,0,0,0,0,4.74568796157837,0,22.9037651866674,0,0,0,0,0,0,0,0,0,0,0,0,0,0,0,0,0,0,0,0,0,0,0,6.29567533731461,0,49.9102113246918,0,0,0,125.83862760663,0,16.9869335889816,0,239.493154883385,0,344.921493679285,0.31438010931015,0,0,0,0,0,52.9682978391647,0,0.391604274511337,0,0,0,0,0,0,0,0,0,0,0,42.8378219306469,76.2482616007328,0.630771338939667,0,0
0.877618432044983,0.269217967987061,0,0,0,0,0,0,66.7728265225887,0,0,0,0,0,0,0,0,8070.91704344749,4231.71873249114,0,0,0,172.084248498082,0,23.1093237400055,0,234.326611369848,0,0,0,0,0,0,0,0,0.366923928260803,13.0682686567307,0,1.51919192075729,15.362604752183,2.02271747589111,12.365232899785,38.0484246462584,0,0.919278502464294,14.6094262599945,39.8560962378979,0,5.89215207099915,0.153130456805229,0,0,0,0,0,0,0,0,0,0,0,0,6.66472993046045,1.79788191616535,0,103.846522346139,0,0,0,311.26250320673,0,0.888826280832291,2.26761621236801,3.91715557873249,0,0,0,0,21.8814816474915,58.6013434827328,3.47926089167595,20.9399625509977,20280.1670182943,7727.2546569705,55.3293353170156,1.95138037204742,7.97740291059017
0,0,0,0,0.646031856536865,0,0,0,0.523314297199249,82.5063628852367,0,0,0,0,0,27.3364604711533,8070.91704344749,0,3516.29244209826,0,0,180.618370503187,0,19.4897813498974,0,799.074114143848,0,18.3756065964699,0,0,0,0,0,0,0,0.126362934708595,0.796786591410637,0,0,30.9750743880868,0.854925349354744,13.6795018911362,7.75680762529373,2.79767915606499,2.39201927185059,15.9290411621332,19.9818960353732,0,0.425941973924637,0.40311573445797,0,0,0,0,0,60.5716851949692,0,0,2.36996507644653,0,0,8.33793789148331,2.80240517109632,0,33.9268842935562,0,0.509277045726776,0,121.047891184688,0,27.9213979840279,0,2.04969906806946,1.07984554767609,0,0,0,0,49.2248805090785,11.9541059881449,6.44132695347071,4.82007250189781,16418.8655468225,13786.8122968823,24.4168895035982,13.1840932220221,5.29018916189671
92.842689409852,31.4257803410292,6.42411398887634,26.7710957303643,2.96138444542885,0,0,0,3.35322488844395,13.4302903413773,0,0,0,0,0,0,4231.71873249114,3516.29244209826,0,0,0,0,0,0,0,0,0,0,0,0,0,0,0,0,0,16.179000094533,256.475273214281,3.49940319359303,19.9528853148222,843.325170911849,70.8876961991191,841.757277876139,927.222716242075,16.4172913059592,83.4650166705251,682.152740851045,745.139516636729,0,176.726663559675,109.79253667593,0.799669817090034,0,0,0,0,0,0.557860016822815,102.480457864702,2.85194808244705,3.7657585144043,0,0.822654485702515,118.582628391683,45.5895156264305,0,2.009272351861,0,0,0.607689559459686,1.63611823320389,22.4914135336876,58.5484782010317,412.715019062161,197.045301117003,0,0,0,0,1469.10729219764,1210.75919996202,373.470690600574,360.833114422858,8778.85502779484,700.324327558279,2071.11794199049,384.124466858804,216.560690373182
0,0,0,0.812541306018829,0,6.27435350418091,0,0,0,0,0,499.474556326866,0,0,0,0,0,0,0,0,0,0,0,0,0,0,0,0,0,0,0,0,0,0,0,546.578681573272,0,5.1550215780735,0,0,0,0,0,0,0,35.476195037365,0,0,0,0,0,3.80724883079529,0,5.50973200798035,0,0,0,58.8818542957306,0,0,0,0,1318.19179230928,0,0,0,0,0,0,0,0,0,0,0,0,0,0,0,152.147506594658,0,4.14318759739399,0,246.657856598496,0,18.4940332472324,0,0
0,0,0,0,3.84372013807297,0,0,0,0,0,360.083739638329,0,0,0,0,0,0,0,0,0,0,0,0,0,0,0,0,0,0,0,0,0,0,0,0,0,219.279291063547,0,193.124351531267,0,0,0,0,0,0,0,0,0,0.355736702680588,0,2.00492414832115,0,0,0,0,0,90.1403453946114,0,0,0,0,0,0,751.323566824198,0,0,0,0,0,0,0,0,0,0,0,0,0,0,0,181.915181584656,0,45.1562436372042,87.1582884192467,0,52.8893489837646,0,0
0,0,0,0,0,0,0,0,0,0,0,0,0,0,0,0,0,180.618370503187,0,0,0,0,53.8269076943398,105.921560391784,0,211.511091142893,0,39.108785033226,0,0,0,0,0,0,0,0,0,314.356497645378,0,0,0,5.22788199782372,0,0,0,0,0,0,0,67.3598441630602,0,0,0,0,0,0,0,0.453986495733261,0,0.20964540541172,0,0,0,0,8084.58151125908,0,69.9605757296085,0,124.295163318515,0,38.8421766161919,0,0,0,0,0,0,0,0,0,130.383265063167,0,1540.77396194637,532.166892647743,2.1365011036396,0,0
0,0,0,0,0,0,0,0,0,0,0,0,0,0,0,0,172.084248498082,0,0,0,0,53.8269076943398,0,0,284.931848794222,0,82.7455190420151,0,95.9279621392488,0,0,0,0,0,0,0,0,0,271.729039281607,0,0,0,0.941070973873138,0,0,0,0,0,308.128193572164,0,0,0,0,0,0,0,1.04262864589691,0,0.348655611276627,0,0,0,0,0,0,5910.11638337374,0,49.6388798058033,0,248.195920646191,0,33.4919221997261,0,0,0,0,0,0,0,0,0,154.640554651618,784.097127616405,422.490360066295,0.688037633895874,0,0
0,25.5140375643969,0,2.52611894905567,0,0,0,0,0,72.0215036123991,0,0,0,0,0,4.74568796157837,0,19.4897813498974,0,0,0,105.921560391784,0,0,0,396.864965707064,0,0,0,0,0,0,0,0,0,0,0,305.51463958621,0,0,0,0.770763576030731,0,0,0,0,0,0,0,105.870476186275,0,0,0,0,0,76.6501366496086,0,0,0,0.233849957585335,0,2.37045222520828,0,0,46.1961200237274,0,1005.28267908096,0,257.266683116555,0,0.979104071855545,0,0,0,0,0,0,0,0,0,168.349615037441,0,111.078763201833,0.17912320792675,91.8641656637192,0.126323416829109,0
0,0,0,0,0,0,0,0,111.330350071192,0,0,0,0,0,0,0,23.1093237400055,0,0,0,0,0,284.931848794222,0,0,0,101.173893451691,0,0,0,0,0,0,0,0,0,0,0,176.934798792005,0,0,0,0.978559195995331,0,0,0,0,0,2.20714783668518,0,0,0,0,0,123.71346321702,0,0,0,0,0,0,0,0,0,0,104.929554268718,0,553.959660485387,0,83.6509662866592,0,0,0,0,0,0,0,0,0,0,0,146.355785414577,166.546059221029,0,0.390026688575745,0,0
0,0,0,0,0,0,0,0,0,0.491333216428757,0,0,0,54.6497947573662,0,22.9037651866674,0,799.074114143848,0,0,0,211.511091142893,0,396.864965707064,0,0,0,45.3328649699688,0,0,0,0,0,0,0,0,0,8.00364369153976,0,0,0,0.584504961967468,0,0,0,0,0,0,0,9.85799653828144,0,0,0,0,0,0,0,5.79315918684006,0,42.6705368459225,0,87.88796043396,0,0,117.644235730171,0,44.3643775880337,0,1146.76944255829,0,214.366043075919,0,0,0,0,0,0,0,0,0,1.17922693490982,0,42.0487695634365,0,3.08195528388023,0,0
0,0,0,0,0,0,0,0,0,0,0,0,15.2530056834221,0,6.61292380094528,0,234.326611369848,0,0,0,0,0,82.7455190420151,0,101.173893451691,0,0,0,19.4669334888458,0,0,0,0,0,0,0,0,0,0,0,0,0,0,0,0,0,0,0,0,0,0,0,0,0,0,0,0,0,7.72691828012466,0,0,0,0,0,0,72.1594292223454,0,0.268920660018921,0,462.689896196127,0,28.2338327765465,0,0,0,0,0,0,0,0,0,0,98.0693103373051,1.18837961554527,0,0,0
0,0,0,0,0,0,0,0,0,0,0,60.0643122792244,0,28.3087672293186,0,0,0,18.3756065964699,0,0,0,39.108785033226,0,0,0,45.3328649699688,0,0,0,11.696584045887,0,0,0,0,0,0,0,40.6893819868565,0,0,0,0,0,0,0,0,0,0,0,2.04256165027618,0,0,0,0,0,0,0,1.62507355213165,0,18.3526671826839,0,0,0,0,31.7979934513569,0,0,0,55.5161993652582,0,1238.24194267392,0,0,0,0,0,0,0,0,0,1.07869872450829,0,117.742362380028,170.424527168274,0,0,0
0,0,0,0,0,0,0,0,0,0,102.028775826097,0,41.5394229590893,0,0.669821083545685,0,0,0,0,0,0,0,95.9279621392488,0,0,0,19.4669334888458,0,0,0,72.3489409685135,0,0,0,0,0,0,0,2,0,0,0,0,0,0,0,0,0,0,0,0,0,0,0,0,0,140.246555268764,0,2.30723834037781,0,0,0,0,0,0,25.9995705485344,0,0,0,29.3554656803608,0,1128.39878644049,0,10.0763065963984,0,0,0,0,0,0,0,0,193.672696471214,0.307707160711288,0.752964973449707,0,0
0,0,0,0,0,0,0,0,0,0,0,105.771348968148,0,0,0,0,0,0,0,0,0,0,0,0,0,0,0,11.696584045887,0,0,0,0,0,0,0,0,0,306.735113918781,0,0,0,0,0,0,0,0,0,0,0,0,0,0,0,0,0,0,0,40.2229374796152,0,0,0,0,0,0,0,0,0,0,0,0,31.6868757009506,0,292.188268855214,0,0,0,0,0,0,0,7.32851374149323,0,2.86491823196411,0,0,0,0
0,0,0,0,0,0,0,0,0,0,8.6089506149292,0,0,0,0,0,0,0,0,0,0,0,0,0,0,0,0,0,72.3489409685135,0,0,0,0,0,0,0,0,0,81.6457115113735,0,0,0,0,0,0,0,0,0,0,0,0,0,0,0,0,0,5.2067494392395,0,0,0,0,0,0,0,0,0,0,0,0,0,0,0,0,119.921924740076,0,0,0,0,0,0,0,2.02997678518295,11.8796451687813,0,0,0,0
0,0,0,0,0,0,0,0,0,0,0,0,0,0,0,0,0,0,0,0,0,0,0,0,0,0,0,0,0,0,0,0,179.70722964406,0,3.20055845379829,209.779348611832,91.2124750614166,0,0,0,0,0,0,0,0,0,0,1307.3463037312,5.44949460029602,22.4817854464054,0,0,0,0,0,0,0,0,0,0,0,0,0,0,0,0,0,0,0,0,0,0,0,0,734.914431929588,254.849339008331,18.4262084960938,1.32978677749634,172.230297967792,67.4085810184479,0,0,57.8833802342415,0,0,0,0
0,0,0,0,0,0,0,0,0,0,0,0,0,0,0,0,0,0,0,0,0,0,0,0,0,0,0,0,0,0,0,179.70722964406,0,0,68.4585434496403,30.328617721796,352.854023486376,0,0,0,0,0,0,0,0,0,0,374.283862382174,2.64006674289703,0,0,0,0,0,0,0,0,0,0,0,0,0,0,0,0,0,0,0,0,0,0,0,0,0,23.3495351374149,773.403961181641,0,61.6911885738373,11.9027689546347,155.411521777511,0,0,49.6659190356731,0,0,0,0
0,0,0,0,0,0,0,0,0,0,0,0,0,0,0,0,0,0,0,0,0,0,0,0,0,0,0,0,0,0,0,0,0,0,904.700774610043,24.0064893960953,0,47.7805025577545,0,0,0,0,0,0,0,0,0,566.115038633347,0,33.6130997240543,0,0,0,0,0,0,0,0,0,0,0,0,0,0,0,0,0,0,0,0,0,0,0,0,13.4607417583466,0,2316.79956737161,54.9279606342316,47.8156535625458,0,388.48048967123,0,240.379861742258,0,0,0,0
0,0,0,0,0,0,0,0,0,0,0,0,0,0,0,0,0,0,0,0,0,0,0,0,0,0,0,0,0,0,0,3.20055845379829,68.4585434496403,904.700774610043,0,0,152.929874256253,0,162.363302662969,0,0,0,0,0,0,0,0,1156.83409583569,407.85431343317,0,0,0,0,0,0,0,0,0,0,0,0,0,0,0,0,0,0,0,0,0,0,0,0,0,0,25.6957333087921,68.2929607629776,955.95679345727,0,12.8637249469757,0,123.979067847133,256.983323782682,8.48330855369568,0,0,0
0,0.913326740264893,0,6.5558734536171,0,114.676979333162,0,0,0,0,0,1,0,0,0,0,0.366923928260803,0.126362934708595,16.179000094533,546.578681573272,0,0,0,0,0,0,0,0,0,0,0,209.779348611832,30.328617721796,24.0064893960953,0,0,903.371222823858,695.66680008173,3.67358875274658,27.4943192824721,0,12.4956903755665,0,0.197023183107376,0,41.279451161623,0,266.147753372788,0,51.3061802536249,0,37.0232222080231,0,0,0,0,0,0.122261315584183,0,0,0,0,1183.78017455339,0,0,0,0,0,0,0,0,0,0,0,421.948445260525,60.809714064002,50.5733286142349,0,17887.2238861024,674.913176439703,1669.48498569429,0,2220.12154667079,301.038617193699,197.609624400735,6.32843892276287,0
4.9786736369133,0,6.69214740395546,0.130008101463318,0.718902200460434,0,0,0,0.352637410163879,0,10.7706120014191,0,0,0,0,0,13.0682686567307,0.796786591410637,256.475273214281,0,219.279291063547,0,0,0,0,0,0,0,0,0,0,91.2124750614166,352.854023486376,0,152.929874256253,903.371222823858,0,10.1489386558533,1458.45421490073,0.969201296567917,20.2673736512661,0.864428266882896,119.165923260152,0.160557255148888,47.0360708609223,3.91596307605505,100.28782068938,419.169359326363,1124.45204404742,1.38993000984192,3.68338131904602,0,0,0,0,0,36.1619663238525,0,3.72896140813828,0,0,0,0.322038680315018,260.539002880454,0,0,0,0,0,0,0,0.343001693487167,0.44822970032692,5.10117685049772,4.84423950314522,851.162213459611,0,39.7178362905979,347.842678695917,18840.5665040538,0,1542.88209113479,1838.31468987465,1523.05671173334,255.272753916681,0.671679332852364,24.1827597469091
0,62.0848877727985,0,6.34948721528053,0,0,0,0,0,15.6597711741924,0,256.907791793346,0,0,0,0,0,0,3.49940319359303,5.1550215780735,0,314.356497645378,0,305.51463958621,0,8.00364369153976,0,40.6893819868565,0,306.735113918781,0,0,0,47.7805025577545,0,695.66680008173,10.1489386558533,0,0,0,0,110.152327150106,0,0,0,4.03909483551979,0,220.049854338169,0,219.391618818045,0,0,0,0,0,53.2380940765142,0,119.656643182039,0,0,0,0,38.6172596663237,0,221.692079246044,0,428.442224234343,0,32.6793912798166,0,29.595093101263,0,135.655303791165,0,0,0,19.278210401535,0,441.937266781926,0,10441.0052164048,20.4796636104584,2332.19810305536,97.9227245599031,268.245874300599,2.61068800091743,0
7.31924444437027,0,0,0,0,0,0,0,44.3825280666351,0,356.155305609107,0,0,0,0,0,1.51919192075729,0,19.9528853148222,0,193.124351531267,0,271.729039281607,0,176.934798792005,0,0,0,2,0,81.6457115113735,0,0,0,162.363302662969,3.67358875274658,1458.45421490073,0,0,0,0,5.58000640571117,598.352968424559,0,1.23562124371529,0.126288786530495,50.1288067400455,1009.97192196548,381.227778181434,0,0,0,0,0,30.4881800711155,0,48.9793092608452,0,0.29953396320343,0,0,0,0,427.507689684629,0,107.978523701429,0,291.71356280148,0,0,0,0,0,0.856770575046539,0,0,0,78.4621782898903,0.141970992088318,663.66416567564,0,11782.2571888864,2767.88909024745,66.9661115705967,162.606420092285,1.38888138532639,2.84447532892227
0,13.3437507897615,0,77.2224287614226,0,1.93925507366657,0,0,0,1.60355266928673,0,0,0,0,0,0,15.362604752183,30.9750743880868,843.325170911849,0,0,0,0,0,0,0,0,0,0,0,0,0,0,0,0,27.4943192824721,0.969201296567917,0,0,0,0,1834.33902521431,7.13039411604404,37.9080341905355,3.07893414795399,331.976373791695,4.90166669338942,68.382352411747,0.686044603586197,311.410077124834,0,0.24845427274704,0,0,0,0,0,9.6543557420373,0,0,0,0,233.125899970531,0.919639348983765,0,0,0,0,0,0,4.05800553411245,0,26.4466516673565,0.319510512053967,0,0,0,0,556.185261875391,5.25460911542177,25.5901985988021,2.79423795640469,649.936839446425,33.8383807092905,1170.29847256839,101.979372322559,4.56559164077044
1.28424146771431,0,0.218159526586533,0,2.05520749092102,0,0,0,0.223794221878052,0,0,0,0,0,0,0,2.02271747589111,0.854925349354744,70.8876961991191,0,0,0,0,0,0,0,0,0,0,0,0,0,0,0,0,0,20.2673736512661,0,0,0,0,0.137117132544518,365.540504388511,0,25.3045265972614,1.18669754266739,334.459453225136,1.33735859394073,279.759061455727,0,6.87630069255829,0,0,0,0,0,1.40606932342052,0,2.63203348219395,0,0,0,0,12.4388755708933,0,0,0,0,0,0,0,3.9797485023737,0,2.12214574217796,0,0,0,0,0.279124714434147,575.487655363977,0,2.30537091195583,52.6112014278769,2.63787044584751,256.228538222611,0.194123297929764,20.9864843785763
3.66022789478302,311.747746855021,0.56277023255825,133.176183201373,0,11.3705994039774,0,0,0,25.6320209801197,0,0,0,1.67308962345123,0,0,12.365232899785,13.6795018911362,841.757277876139,0,0,5.22788199782372,0,0.770763576030731,0,0.584504961967468,0,0,0,0,0,0,0,0,0,12.4956903755665,0.864428266882896,110.152327150106,5.58000640571117,1834.33902521431,0.137117132544518,0,384.680137127638,34.353611946106,0.463322564959526,253.373611010611,6.73278366029263,62.7843977063894,3.60510042309761,844.948789298534,0,1.08424524962902,0,0,0.198824539780617,0.415298372507095,0,363.570613242686,0,65.6092755645514,0,19.862426429987,162.03702005744,0,0.485444575548172,0,11.5865791290998,0.674612998962402,21.5520939677954,0,141.931401178241,0,116.348272286355,1.65764826536179,0,0,0,0,806.064321361482,2.27634890377522,119.781584993005,1.48817823827267,2191.29888438433,168.724958516657,2312.16815684736,216.565439246595,1.00011935830116
363.530951052904,1.1657762825489,50.655471637845,0.877074845135212,48.7629052102566,0,0,0,117.465526744723,0.168722957372665,0,0,0,0,2.47511181235313,0,38.0484246462584,7.75680762529373,927.222716242075,0,0,0,0.941070973873138,0,0.978559195995331,0,0,0,0,0,0,0,0,0,0,0,119.165923260152,0,598.352968424559,7.13039411604404,365.540504388511,384.680137127638,0,1.02022002637386,74.1282277107239,7.23162081837654,992.132234111428,105.331529170275,789.581925623119,2.56527253985405,52.8040950298309,0,0,0,27.2786145657301,0,65.6889709234238,0.146588653326035,141.220916762948,0,23.6626509428024,0,0.613483786582947,136.639355130494,0,10.0798622071743,0,13.345516294241,0,25.3295401632786,0,212.202095195651,0.79334981739521,96.6674427464604,0,0,0,0,9.83462816476822,923.805039219558,0.498553946614265,124.61489021033,2384.9046947211,114.886035002768,2301.86028596759,5.61729408800602,146.757633909583
0,0,0,0,0,0,0,0,0,0,0,0,0,0,0,0,0,2.79767915606499,16.4172913059592,0,0,0,0,0,0,0,0,0,0,0,0,0,0,0,0,0.197023183107376,0.160557255148888,0,0,37.9080341905355,0,34.353611946106,1.02022002637386,0,0,1.35358978062868,0,0,0.420543760061264,0,0,0,0,0,0,0,0,0,0,0,0,0,0.827652394771576,0,0,0,0,0,0,0,0,0,0.258295148611069,0,0,0,0,0,62.2956489101052,0.399303674697876,5.27972893416882,0,7.8572581410408,0,20.5398237854242,27.2365755289793,0
0.803712785243988,0,0.149280309677124,0.0926050096750259,0,0,0,0,0,0,0,0,0,0,0,0,0.919278502464294,2.39201927185059,83.4650166705251,0,0,0,0,0,0,0,0,0,0,0,0,0,0,0,0,0,47.0360708609223,0,1.23562124371529,3.07893414795399,25.3045265972614,0.463322564959526,74.1282277107239,0,0,3.58332208544016,67.3753996193409,0,0.197289183735847,0,0,0,0,0,0,0,0.155896812677383,0,0,0,0,0,1.09482156485319,9.15783662348986,0,0,0,0,0,0,0,2.90011249482632,0,0,0,0,0,0,2.10630111396313,208.523942761123,0.225739099085331,32.4177826941013,45.7465197518468,3.37522768974304,96.6727885380387,0,15.7449890226126
0,34.831125870347,0,79.6250311583281,0,1.01439526677132,0,0,0,0,0,0,0,0,0,0,14.6094262599945,15.9290411621332,682.152740851045,35.476195037365,0,0,0,0,0,0,0,0,0,0,0,0,0,0,0,41.279451161623,3.91596307605505,4.03909483551979,0.126288786530495,331.976373791695,1.18669754266739,253.373611010611,7.23162081837654,1.35358978062868,3.58332208544016,0,10.0190909802914,0,0,12.8403798341751,0,0,0,0,0,0,0,15.5811261832714,0,0.818755283951759,0,0.230834782123566,2269.02373850346,0.97055184841156,0,0,0,0,0.393296241760254,0,1.37538324296474,0,66.7280283719301,0.312626644968987,0,0,0,0,846.147899195552,17.0105987787247,229.552782557905,3.79488471150398,470.762750320137,13.9992324560881,1030.44353657216,12.6404999420047,1.83172414451838
8.211789496243,0,19.0040132030845,0.517850920557976,13.8653249740601,0,0,0,2.15738248080015,0,0,0,0,0,0,0,39.8560962378979,19.9818960353732,745.139516636729,0,0,0,0,0,0,0,0,0,0,0,0,0,0,0,0,0,100.28782068938,0,50.1288067400455,4.90166669338942,334.459453225136,6.73278366029263,992.132234111428,0,67.3753996193409,10.0190909802914,0,0,50.5425071418285,0.115224547684193,26.477751776576,0,0,0,0,0,6.07724778354168,0.138451591134071,27.3973916098475,0,0.193198621273041,0.214511156082153,1.55029049515724,613.377302899957,0,0.469714254140854,0,0,0,0.189466312527657,0,26.8702959790826,0.147329166531563,64.004442833364,0,0,0,0,8.62915121763945,1571.45853756368,0.39949831366539,262.131287544966,783.482488781214,72.6127444133162,911.008194059134,1.20363637804985,45.4840485751629
0,0,0,0,0,0,0,0,0,0,0,0,0,0,0,0,0,0,0,0,0,0,0,0,0,0,0,0,0,0,0,1307.3463037312,374.283862382174,566.115038633347,1156.83409583569,266.147753372788,419.169359326363,220.049854338169,1009.97192196548,68.382352411747,1.33735859394073,62.7843977063894,105.331529170275,0,0,0,0,0,2337.58916079998,1441.63837835193,0,0,0,0,0,0,0,0,0,0,0,0,0,0,0,0,0,0,0,0,0,0,0,0,596.080046847463,353.917808502913,183.519225731492,68.735094845295,1455.02776400745,2199.62177571654,14.290662586689,62.2217539101839,3479.15851865709,4.52926331758499,938.678680598736,0.205375134944916,0
410.969264090061,0.8045534491539,83.269034832716,1.64292931556702,6.83230885863304,0,0,0,115.359508037567,0,0,0,0.385285258293152,0,27.5764360129833,0,5.89215207099915,0.425941973924637,176.726663559675,0,0.355736702680588,0,308.128193572164,0,2.20714783668518,0,0,0,0,0,0,5.44949460029602,2.64006674289703,0,407.85431343317,0,1124.45204404742,0,381.227778181434,0.686044603586197,279.759061455727,3.60510042309761,789.581925623119,0.420543760061264,0.197289183735847,0,50.5425071418285,2337.58916079998,0,31.2477462440729,21.0516459941864,0,0,0,41.7344576716423,0,38.6854144334793,0,81.070161819458,0,52.2336347997189,0,0,81.700536057353,0,195.902684003115,0,5.65270572900772,0,4.78032097220421,0,191.895491838455,0,129.320842370391,4.17714929580688,16.8351930081844,0,37.383452296257,0.651027478277683,1121.28104299307,0,670.983529433608,1655.11880663037,8.91567614674568,1420.11163276434,0,45.2028299868107
0,197.523450836539,0,203.467930525541,0,14.2593707889318,0,0,0,72.8092223852873,0,0,0,1.25349155068398,0,6.29567533731461,0.153130456805229,0.40311573445797,109.79253667593,0,0,67.3598441630602,0,105.870476186275,0,9.85799653828144,0,2.04256165027618,0,0,0,22.4817854464054,0,33.6130997240543,0,51.3061802536249,1.38993000984192,219.391618818045,0,311.410077124834,0,844.948789298534,2.56527253985405,0,0,12.8403798341751,0.115224547684193,1441.63837835193,31.2477462440729,0,0,0,0,0,0,38.7157333046198,0,76.2512244731188,0,34.1448628306389,0,146.354217976332,12.3345704227686,0,27.841377183795,0,29.0274189561605,0,57.4131979048252,0,163.787793204188,0,76.794025734067,0,4.68406414985657,0,25.5842060446739,0,480.055895157158,0.124832063913345,180.727999806404,0.107478193938732,1314.62417538464,1.03233647346497,1262.14499033242,64.914136826992,0
0,0,78.7978506535292,0,658.090982541442,0,1.74988220632076,0,1.42061933875084,0,0,0,0,0,2.82331776618958,0,0,0,0.799669817090034,0,2.00492414832115,0,0,0,0,0,0,0,0,0,0,0,0,0,0,0,3.68338131904602,0,0,0,6.87630069255829,0,52.8040950298309,0,0,0,26.477751776576,0,21.0516459941864,0,0,0,13.1580995619297,0,0,0,154.262759193778,0,31.965797290206,0,24.7043198347092,0,0,5.95277094841003,0,1.41740715503693,0,0,0,0,0,6.99822983145714,0,12.1158089637756,0,0,0,0,0,4.81853415071964,0,0,387.115886241198,2.84399256110191,433.134692072868,0,0.195256143808365
0,0,0,147.108736470342,0,551.594198614359,0,212.825254619122,0,1.76458731293678,0,0.739090979099274,0,0,0,49.9102113246918,0,0,0,3.80724883079529,0,0,0,0,0,0,0,0,0,0,0,0,0,0,0,37.0232222080231,0,0,0,0.24845427274704,0,1.08424524962902,0,0,0,0,0,0,0,0,0,0,0,81.7881013154984,0,1.92635178565979,0,0.489638239145279,0,0,0,11.994663476944,9.03993248939514,0,0,0,0,0,0,0,0,0,1.35420981049538,0,0,0,0,0,0.330344647169113,0,0,0,900.356548473239,115.401814162731,76.9910618960857,0,0
0,0,0,0,77.4198351204395,0,186.144376695156,0,0,0,7.09906262159348,0,0,0,0,0,0,0,0,0,0,0,0,0,0,0,0,0,0,0,0,0,0,0,0,0,0,0,0,0,0,0,0,0,0,0,0,0,0,0,13.1580995619297,0,0,0,0,0,98.6959118247032,0,0,0,0,0,0,0,0,0,0,0,0,0,0,0,0,0,0,0,0,0,0,0,0,0,74.1361720561981,3.28443789482117,0.922327816486359,0,0
0,0,0,0,0,40.0666009783745,0,90.6207785606384,0,0,0,0,0,0,0,0,0,0,0,5.50973200798035,0,0,0,0,0,0,0,0,0,0,0,0,0,0,0,0,0,0,0,0,0,0,0,0,0,0,0,0,0,0,0,81.7881013154984,0,0,0,0,0,4,0,0,0,0,21.6690112352371,0,0,0,0,0,0,0,0,0,0,0,0,0,0,0,0,0,0,0,109.169677734375,29.8469494581223,0,0,0
173.100499331951,0,130.711268275976,0,5.10295307636261,0,0,0,733.617366462946,0,0,0,0,0,352.53553622961,0,0,0,0,0,0,0,0,0,123.71346321702,0,0,0,0,0,0,0,0,0,0,0,0,0,30.4881800711155,0,0,0.198824539780617,27.2786145657301,0,0,0,0,0,41.7344576716423,0,0,0,0,0,0,0,1.81468990445137,0,0.873632967472076,0,199.332960516214,0,0,0,0,0,0,125.985395669937,0,0,0,1.06280732154846,0,0.786360204219818,0,0,0,0,0,0,0,29.2021775394678,35.8095279484987,0,14.7425792813301,0,0
0,211.615504056215,0,177.803536728024,0,35.8130941987038,0,0,0,771.770813241601,0,0,0,0,0,125.83862760663,0,60.5716851949692,0,0,0,0,0,76.6501366496086,0,0,0,0,0,0,0,0,0,0,0,0,0,53.2380940765142,0,0,0,0.415298372507095,0,0,0,0,0,0,0,38.7157333046198,0,1.92635178565979,0,0,0,0,0,0,0,0,0,73.8571515679359,0.689535319805145,0,0,0,239.855341941118,0,0,0,0,0,2.22360609471798,0,0,0,0,0,0,0,94.8573760390282,0,73.1020796597004,0.158916756510735,10.9360369443893,3.5746745467186,0
32.8833809494972,0,3.39034059643745,0,27.3049767315388,0,56.2873396277428,0,42.9204733371735,0,2459.54256080091,0,13.2872537374496,0,5.30051839351654,0,0,0,0.557860016822815,0,90.1403453946114,0,1.04262864589691,0,0,0,0,0,140.246555268764,0,5.2067494392395,0,0,0,0,0,36.1619663238525,0,48.9793092608452,0,1.40606932342052,0,65.6889709234238,0,0.155896812677383,0,6.07724778354168,0,38.6854144334793,0,154.262759193778,0,98.6959118247032,0,1.81468990445137,0,0,0,505.219440251589,0,5.40827758610249,0,0,96.077832788229,0,5.36516299843788,0,0,0,11.7389158606529,0,406.219075724483,0,359.80889415741,0,0,0,0,0,2.78100138902664,0,0,302.905237048864,0.776967450976372,324.076077610254,0,1.48162662982941
0,4.49235251545906,0,40.0891881510615,0,2.83053396642208,0,0,0,3.68246845901012,0,1881.90892992914,0,31.8886664956808,0,16.9869335889816,0,0,102.480457864702,58.8818542957306,0,0.453986495733261,0,0,0,5.79315918684006,0,1.62507355213165,0,40.2229374796152,0,0,0,0,0,0.122261315584183,0,119.656643182039,0,9.6543557420373,0,363.570613242686,0.146588653326035,0,0,15.5811261832714,0.138451591134071,0,0,76.2512244731188,0,0.489638239145279,0,4,0,0,0,0,0,520.176399752498,0,33.4141141474247,296.888813212514,0,0,0,0,0,36.7031587213278,0,184.620546728373,0,462.452109247446,0,0,0,0,0,5.00913745164871,0.135387673974037,1.7129930332303,0,232.254546947777,1.78041356801987,709.322461910546,50.8378706946969,0
75.990740224719,0,15.3659347295761,0,0.811356008052826,0,0,0,69.8470080941916,0,177.422752380371,0,1076.61123195291,0,273.289656788111,0,0,2.36996507644653,2.85194808244705,0,0,0,0.348655611276627,0,0,0,7.72691828012466,0,2.30723834037781,0,0,0,0,0,0,0,3.72896140813828,0,0.29953396320343,0,2.63203348219395,0,141.220916762948,0,0,0,27.3973916098475,0,81.070161819458,0,31.965797290206,0,0,0,0.873632967472076,0,505.219440251589,0,0,0,62.5877184420824,0,0,8.8442261070013,0,7.4712421298027,0,0,0,145.749091893435,0,187.988862082362,0,17.6903864890337,0,0,0,0,0,6.32636562734842,0,1.15626426041126,188.964175224304,19.4604999497533,425.412842623889,0,1.72277161478996
0,0.679408729076385,0,23.2649363726377,0,2.24071276187897,0,0,0,0.296779751777649,0,0,0,483.096003174782,0,239.493154883385,0,0,3.7657585144043,0,0,0.20964540541172,0,0.233849957585335,0,42.6705368459225,0,18.3526671826839,0,0,0,0,0,0,0,0,0,0,0,0,0,65.6092755645514,0,0,0,0.818755283951759,0,0,0,34.1448628306389,0,0,0,0,0,0,0,520.176399752498,0,0,0,212.122726708651,19.6250242590904,0,2.08887261152267,0,0,0,234.786026984453,0,211.10142454505,0,5.22592088580132,0,0,0,0,0,0.594287633895874,0,0,0,89.5648792088032,0,58.2390197068453,5.34678763151169,0
170.6734354496,0,0,0,9.07077869772911,0,0,0,189.422825783491,0,0,0,4.06017524003983,0,129.455587625504,0,0,0,0,0,0,0,0,0,0,0,0,0,0,0,0,0,0,0,0,0,0,0,0,0,0,0,23.6626509428024,0,0,0,0.193198621273041,0,52.2336347997189,0,24.7043198347092,0,0,0,199.332960516214,0,5.40827758610249,0,62.5877184420824,0,0,0,0,0.330424547195435,0,0,0,0,0,40.2252296209335,0,3.04225867986679,0,0,0,0,0,0,0,0,0,0,7.87537881731987,0,92.0282284915447,0,0
0,51.7861925214529,0,59.4667449295521,0,20.0596099495888,0,0,0,300.866812109947,0,0,0,34.5743081271648,0,344.921493679285,0,8.33793789148331,0.822654485702515,0,0,0,0,2.37045222520828,0,87.88796043396,0,0,0,0,0,0,0,0,0,0,0,0,0,0,0,19.862426429987,0,0,0,0.230834782123566,0.214511156082153,0,0,146.354217976332,0,11.994663476944,0,0,0,73.8571515679359,0,33.4141141474247,0,212.122726708651,0,0,0.831876903772354,0,0.421696543693542,0,0,0,125.826411485672,0,20.3038296401501,0,0,0,0,0,0,0,0.144915223121643,0,0,0,84.7707132995129,11.0455830097198,37.7757943421602,2.64815130829811,0
0.482408434152603,5.76926730573177,0.0875861048698425,5.97531190514565,0,0.511341094970703,0,0,0,0.733668178319931,0,95.3229119777679,0,1.39884221553802,0,0.31438010931015,6.66472993046045,2.80240517109632,118.582628391683,1318.19179230928,0,0,0,0,0,0,0,0,0,0,0,0,0,0,0,1183.78017455339,0.322038680315018,38.6172596663237,0,233.125899970531,0,162.03702005744,0.613483786582947,0.827652394771576,1.09482156485319,2269.02373850346,1.55029049515724,0,0,12.3345704227686,0,9.03993248939514,0,21.6690112352371,0,0.689535319805145,0,296.888813212514,0,19.6250242590904,0,0.831876903772354,0,0,0,0,0,0,3.89519728720188,0,24.8999674916267,0,186.793651618063,0,0,0,0,0,1220.10625754297,0.255361542105675,204.201322183013,0.866252854466438,208.294024810195,12.8939348682761,721.775006592274,4.25748351216316,0.338999778032303
0.922216594219208,0,0,0,0,0,0,0,1.50746890902519,0,32.555215716362,0,0,0,0,0,1.79788191616535,0,45.5895156264305,0,751.323566824198,0,0,0,0,0,0,0,0,0,0,0,0,0,0,0,260.539002880454,0,427.507689684629,0.919639348983765,12.4388755708933,0,136.639355130494,0,9.15783662348986,0.97055184841156,613.377302899957,0,81.700536057353,0,5.95277094841003,0,0,0,0,0,96.077832788229,0,8.8442261070013,0,0.330424547195435,0,0,0,0,0.673529535531998,0,0,0,0.774501442909241,0,41.9952686578035,0.125312447547913,192.288031361997,0,0,0,0,0.804850727319717,2305.53322266042,0,611.115162186325,125.427876055241,5.19699773937464,864.472538150847,0,0.866031557321548
0,0,0,0,0,0,0,0,0,0,0,0,0,0.462114572525024,0,0,0,33.9268842935562,0,0,0,8084.58151125908,0,46.1961200237274,0,117.644235730171,0,31.7979934513569,0,0,0,0,0,0,0,0,0,221.692079246044,0,0,0,0.485444575548172,0,0,0,0,0,0,0,27.841377183795,0,0,0,0,0,0,0,0,0,2.08887261152267,0,0.421696543693542,0,0,0,0,32.0979122370481,0,106.993808060884,0,146.702127993107,0,0,0,0,0,0,0,0,0,117.449034407735,0,523.797422274947,46.9390247017145,1.16210947930813,0,0
0,0,0.877285003662109,0,0,0,0,0,1.94239991903305,0,0,0,0,0,0,0,103.846522346139,0,2.009272351861,0,0,0,5910.11638337374,0,104.929554268718,0,72.1594292223454,0,25.9995705485344,0,0,0,0,0,0,0,0,0,107.978523701429,0,0,0,10.0798622071743,0,0,0,0.469714254140854,0,195.902684003115,0,1.41740715503693,0,0,0,0,0,5.36516299843788,0,7.4712421298027,0,0,0,0,0.673529535531998,0,0,0,27.0729914456606,0,307.199255079031,0,280.291009813547,0,0,0,0,0,0,0,0,0,153.666564926505,575.219267934561,144.134834185243,10.352682352066,0,0
0,40.9665516167879,0,8.68188525736332,0,0,0,0,0,47.7439511567354,0,0,0,0,0,0,0,0.509277045726776,0,0,0,69.9605757296085,0,1005.28267908096,0,44.3643775880337,0,0,0,0,0,0,0,0,0,0,0,428.442224234343,0,0,0,11.5865791290998,0,0,0,0,0,0,0,29.0274189561605,0,0,0,0,0,239.855341941118,0,0,0,0,0,0,0,0,32.0979122370481,0,0,0,10.3814755380154,0,1.24202618002892,0,0,0,0,0,0,0,0,0,461.11013302207,0,76.8191735744476,0,188.975287079811,0.264408379793167,0
0.477515935897827,0,0,0,0,0,0,0,16.8939009606838,0,0,0,0,0,0,0,0,0,0,0,0,0,49.6388798058033,0,553.959660485387,0,0.268920660018921,0,0,0,0,0,0,0,0,0,0,0,291.71356280148,0,0,0.674612998962402,13.345516294241,0,0,0,0,0,5.65270572900772,0,0,0,0,0,125.985395669937,0,0,0,0,0,0,0,0,0,0,27.0729914456606,0,0,0,0,0,0,0,0,0,0,0,0,0,0,0,181.140898793936,55.0023484677076,0,15.4781074523926,0,0
0,0,0,0,0,0,0,0,0,3.82379969954491,0,0,0,59.9489397406578,0,52.9682978391647,0,121.047891184688,0.607689559459686,0,0,124.295163318515,0,257.266683116555,0,1146.76944255829,0,55.5161993652582,0,0,0,0,0,0,0,0,0,32.6793912798166,0,0,0,21.5520939677954,0,0,0,0.393296241760254,0,0,0,57.4131979048252,0,0,0,0,0,0,0,36.7031587213278,0,234.786026984453,0,125.826411485672,3.89519728720188,0,106.993808060884,0,10.3814755380154,0,0,0,502.894217684865,0,0,0,0,0,0,0,0.520528510212898,0,5.73059031367302,0,52.1834827810526,0,15.2470600455999,4.34305000305176,0
0,0,0.908585280179977,0,0,0,0,0,9.20291659235954,0,0,0,11.8197287321091,0,36.0386332273483,0,311.26250320673,0,1.63611823320389,0,0,0,248.195920646191,0,83.6509662866592,0,462.689896196127,0,29.3554656803608,0,0,0,0,0,0,0,0,0,0,0,0,0,25.3295401632786,0,0,0,0.189466312527657,0,4.78032097220421,0,0,0,0,0,0,0,11.7389158606529,0,145.749091893435,0,40.2252296209335,0,0,0.774501442909241,0,307.199255079031,0,0,0,0,0,475.553696334362,0,0,0,0,0,0,0,0,0,0,28.197380065918,0.185541346669197,31.9000284075737,0,0
0,0,0,3.18323814868927,0,0.269018679857254,0,0,0,0.653402149677277,0,0,0,15.7391720563173,0,0.391604274511337,0,27.9213979840279,22.4914135336876,0,0,38.8421766161919,0,0.979104071855545,0,214.366043075919,0,1238.24194267392,0,31.6868757009506,0,0,0,0,0,0,0,29.595093101263,0,4.05800553411245,0,141.931401178241,0,0,0,1.37538324296474,0,0,0,163.787793204188,0,0,0,0,0,0,0,184.620546728373,0,211.10142454505,0,20.3038296401501,24.8999674916267,0,146.702127993107,0,1.24202618002892,0,502.894217684865,0,0,0,4.50874933600426,0,0,0,0,0,1.75394614040852,0,195.732683524489,0.69457471370697,147.925448477268,19.9017139077187,116.798228934407,9.36648187041283,0
8.3310526907444,0,41.8684785813093,0,4.2544304728508,0,0,0,46.8064124286175,0,0,0,0.778481334447861,0,0,0,0.888826280832291,0,58.5484782010317,0,0,0,33.4919221997261,0,0,0,28.2338327765465,0,1128.39878644049,0,0,0,0,0,0,0,0.343001693487167,0,0,0,3.9797485023737,0,212.202095195651,0,2.90011249482632,0,26.8702959790826,0,191.895491838455,0,6.99822983145714,0,0,0,1.06280732154846,0,406.219075724483,0,187.988862082362,0,3.04225867986679,0,0,41.9952686578035,0,280.291009813547,0,0,0,475.553696334362,0,0,0,200.835817426443,0,0,0,0,0.32319512963295,23.4593340232968,0,0,481.343924432993,2.44493791460991,370.970097139478,0,8.57662805914879
0,5.65488857030869,0,32.3987515643239,0,3.82603651285172,0,0,0,6.59980916976929,0,55.3109074681997,0,0,0,0,2.26761621236801,2.04969906806946,412.715019062161,0,0,0,0,0,0,0,0,0,0,292.188268855214,0,0,0,0,0,0,0.44822970032692,135.655303791165,0,26.4466516673565,0,116.348272286355,0.79334981739521,0.258295148611069,0,66.7280283719301,0.147329166531563,0,0,76.794025734067,0,1.35420981049538,0,0,0,2.22360609471798,0,462.452109247446,0,5.22592088580132,0,0,186.793651618063,0.125312447547913,0,0,0,0,0,0,4.50874933600426,0,0,0,0,0,0,0,18.43012303859,0.855104029178619,9.36464528739452,0,279.09104514122,2.31230682134628,1061.70183204859,38.8796480596066,0
