0,0,8.72243365874657,0,0,0,0,0,7.6877463573236,0,0,0,0,0,0,0,31.7496297142722,46.8807563781738,11.1705745368972,0,0,0,0,0,0,0,0,0,0,0,0,0,0,0,0,0,0,0,0,0,48.8888530731201,0,20.4791538970551,0,0,0,0,0,11.9113930006285,0,0,0,0,0,9.56134955252313,0,16.854341506958,0,0,0,5.57860487346121,0,0,0,0,0,0,0,0,0,0,0,0,0,0,0,0,0,62.0343894958496,43.2499675750732,0,0,7.20256036846199,26.0630168914795,12.7991406908592,0,4.17644718715123
0,0,0,5.6440368867388,0,0,0,0,0,7.25154226779938,0,0,0,0,0,3.16661292314529,41.9096755981445,0,10.9551789987655,0,0,0,0,12.2650832176208,0,0,0,0,0,0,0,0,0,0,0,0,0,19.7534891475331,0,0,0,19.6186531710848,0,0,0,0,0,30.1726818084717,0,7.11734560734964,0,0,0,0,0,4.52872504189957,0,23.7300415039062,0,0,0,3.54012864701291,32.7459983825684,0,0,0,7.00046966804398,0,0,0,0,0,31.4659271240234,0,0,0,0,0,43.5440517001682,0,0,0,22.692385894551,29.8438339233398,10.5718031448584,0,0
8.72243365874657,0,0,55.3524695176345,12.896028856313,66.6493034362793,0,0,6.31443544259438,0,0,0,0,0,0,0,0,84.4737396240234,43.2013033137602,0,0,0,0,0,0,0,0,0,0,0,0,0,0,0,0,0,16.083869153803,0,0,45.128148651123,45.4150314331055,51.3257102966309,37.173120953773,0,0,64.5027770996094,22.4689960479736,0,20.8481163740158,41.2654609680176,7.47497043657542,0,0,0,6.46024569168987,0,23.1690177122752,58.8516941070557,3.56682403087616,0,6.50752241412799,0,54.6210578918457,45.1364165941874,0,0,0,0,0,0,0,0,73.9852142333984,39.0593495368958,0,0,0,0,0,40.361556489127,0,33.5292453765869,14.4702396062618,25.0871531859688,16.7449872156142,0,19.9911531101574
0,5.6440368867388,55.3524695176345,0,0,9.36613059917212,0,0,0,10.4941798936953,0,0,0,0,0,0,0,45.9751815795898,47.1836258570353,0,0,0,0,0,0,0,0,0,0,0,0,0,0,0,0,15.3073198407195,0,31.7600746154785,0,46.5537263696844,45.2020427158901,38.9874774823283,51.1877595728094,0,0,16.0116287399741,64.533427589818,0,41.7820510864258,17.5947586915842,64.4013519287109,9.62057992935181,0,0,0,7.62162547901364,69.8066013881138,17.3720705581434,0,5.43802282621535,79.5037536621094,5.85977240032379,32.4197305097418,65.2487629481724,0,0,0,0,0,0,0,0,31.405341733966,75.063720703125,0,0,0,0,42.54407138503,72.4237260818481,39.5567610263824,0,19.474639667735,39.7280015945435,20.3972673850142,19.7620665325838,0
0,0,12.896028856313,0,0,0,0,0,5.03841533911856,0,0,0,0,0,0,0,0,0,48.353084564209,0,0,0,0,0,0,0,0,0,0,0,0,0,0,0,0,0,20.7897319528792,0,0,0,0,0,48.6748376259437,0,0,0,34.8486557006836,0,49.3563701084682,0,5.66115385936926,0,0,0,4.71570291519165,0,11.3193744931902,0,0,0,0,0,0,21.7107435862223,0,0,0,0,0,0,0,0,0,0,0,0,0,0,88.3292083740234,22.6679563204447,0,0,12.7943977117538,37.0650596618652,13.7877701458413,0,0
0,0,66.6493034362793,9.36613059917212,0,0,0,0,0,4.30308850451214,0,4.98567183812459,0,2.95014381408691,0,3.4959735693755,0,0,112.345153808594,0,0,0,0,0,0,0,0,0,0,0,0,0,0,0,0,20.0122686954255,0,0,0,57.7438961909368,0,51.5029302215576,0,0,0,31.0786892175674,0,0,0,51.1944737752279,0,3.91927437989608,0,0,0,4.82459191083908,0,19.2604666144349,0,7.16806602478027,0,24.3938732147217,26.5270404020945,0,0,0,0,0,0,0,0,0,39.569896697998,0,0,0,0,0,44.6657072703044,0,47.6865266164144,0,11.605165837128,0,21.0768115457552,0,0
0,0,0,0,0,0,0,0,0,0,0,0,0,0,0,0,0,0,0,0,3.35639225301288,0,0,0,0,0,0,0,0,0,0,0,0,0,0,0,0,0,0,0,0,0,0,0,0,0,0,0,0,0,0,0,3.1026623947867,0,0,0,0,0,0,0,0,0,0,0,0,0,0,0,0,0,0,0,0,0,0,0,0,0,0,0,0,0,0,0,0,0,0
0,0,0,0,0,0,0,0,0,0,0,0,0,3.71587342023849,0,0,0,0,0,0,0,0,0,0,0,0,0,0,0,0,0,0,0,0,0,0,0,0,0,0,0,0,0,0,0,0,0,0,0,0,0,0,0,3.272799179703,0,0,0,0,0,3.53869586820188,0,0,0,0,0,0,0,0,0,0,0,0,0,0,0,0,0,0,0,0,0,0,3.33005462701504,3.48335486650467,0,0,0
7.6877463573236,0,6.31443544259438,0,5.03841533911856,0,0,0,0,0,0,0,0,0,4.91097290210235,0,15.1980489216282,42.2170193481445,16.9617231149931,0,0,36.4833717346191,0,0,3.92254603683174,0,0,0,0,0,0,0,0,0,0,0,0,0,5.92315103610357,56.9598197937012,0,0,33.9527816772461,0,0,0,27.9924659729004,0,9.93668158510898,0,4.39054591376502,0,0,0,8.53102043867899,0,0,0,0,0,9.00580169522032,0,57.1933135986328,0,0,0,0,5.49381369666049,0,13.2469192743301,0,0,0,0,0,0,0,0,55.3190180460612,0,0,8.12420045052256,6.18189252614975,0,10.6826877188175,0,0
0,7.25154226779938,0,10.4941798936953,0,4.30308850451214,0,0,0,0,0,0,0,0,0,4.20466298116765,56.4975083669027,17.7449953496456,39.793737411499,0,0,0,0,4.66177767865798,0,0,0,0,0,0,0,0,0,0,0,0,0,12.6295118331909,0,0,0,34.1999999890562,0,0,0,0,0,45.9114227294922,0,15.4369815964209,0,3.80579900741577,0,0,0,4.80816891572995,0,31.2171933310372,0,0,0,5.67907549326236,0,0,0,0,4.0093731880188,0,0,0,0,0,35.7809410095215,0,0,0,0,0,49.3545303344727,83.0164413452148,43.9683952331543,0,6.18221939164539,0,11.4673077388655,0,0
0,0,0,0,0,0,0,0,0,0,0,0,2.74381295839945,0,0,0,0,0,0,0,3.55126541911966,0,0,0,0,0,0,0,0,0,6.07387971878052,0,0,0,0,0,2.97963232105061,0,3.70633429581402,0,0,0,0,0,0,0,14.7102451324463,0,0,0,0,0,0,0,0,0,4.90445581271281,0,2.84701856374741,0,0,0,0,8.07628367163918,0,0,0,0,0,0,0,0,0,6.35626316070557,0,0,0,0,0,2.74580025672913,0,5.09703859686852,3.16249871253967,0,22.3292617797852,0,0
0,0,0,0,0,4.98567183812459,0,0,0,0,0,0,0,3.00026520324308,0,0,0,0,0,2.90852692259683,0,0,0,0,0,0,0,3.3023544549942,0,3.17885112762451,0,0,0,0,0,3.29969744181355,0,3.51507685919228,0,0,0,0,0,0,0,0,0,0,0,0,0,4.96738944334142,0,0,0,0,0,3.20075526827814,0,3.80152401899771,0,0,4.20458188182429,0,0,0,0,0,0,0,0,0,2.95689392089844,0,0,0,0,0,0,0,6.55843839412782,0,3.27810619283931,0,0,0,0
0,0,0,0,0,0,0,0,0,0,2.74381295839945,0,0,0,4.25348631125777,0,0,0,0,0,0,0,0,0,0,0,0,0,0,0,0,0,0,0,0,0,0,0,0,0,0,0,0,0,0,0,0,0,0,0,0,0,0,0,0,0,0,0,4.39949401308981,0,4.87363754312197,0,0,0,0,0,0,0,0,0,0,0,0,0,0,0,0,0,0,0,0,0,2.85010588169098,2.8897060862294,0,0,0
0,0,0,0,0,2.95014381408691,0,3.71587342023849,0,0,0,3.00026520324308,0,0,0,3.40468736410141,0,0,0,0,0,0,0,0,0,0,0,0,0,0,0,0,0,0,0,0,0,0,0,0,0,0,0,0,0,0,0,0,0,0,0,0,0,0,0,0,0,0,0,3.23390080908622,0,0,0,0,0,0,0,0,0,0,2.84992039771307,0,0,0,0,0,0,0,0,0,0,0,3.30787456532319,3.15640856898748,0,0,0
0,0,0,0,0,0,0,0,4.91097290210235,0,0,0,4.25348631125777,0,0,0,5.24693933048764,0,0,0,0,0,0,0,0,0,0,0,0,0,0,0,0,0,0,0,0,0,0,0,0,0,0,0,0,0,0,0,0,0,0,0,0,0,10.4148785761737,0,0,0,4.40776040879163,0,4.82186262426354,0,0,0,0,0,0,0,0,3.34167753566395,0,0,0,0,0,0,0,0,0,0,0,0,3.3982160782814,0,0,0,0
0,3.16661292314529,0,0,0,3.4959735693755,0,0,0,4.20466298116765,0,0,0,3.40468736410141,0,0,0,6.51285886764526,0,0,0,0,0,0,0,0,0,0,0,0,0,0,0,0,0,0,0,0,0,0,0,0,0,0,0,0,0,0,0,0,0,3.26132090886434,0,0,0,3.52829402143305,0,0,0,0,0,3.40420975049337,0,0,0,0,0,0,3.58957123756409,0,0,0,0,0,0,0,0,0,0,0,0,0,3.946751269855,3.19117147581918,31.0460357666016,0,0
31.7496297142722,41.9096755981445,0,0,0,0,0,0,15.1980489216282,56.4975083669027,0,0,0,0,5.24693933048764,0,0,23.7427654253762,23.8287630378496,0,0,27.4677748326902,3.00882436918176,0,22.5582728819414,39.0627841949463,6.35199180499036,0,0,0,0,0,0,0,0,0,0,0,0,75.4539845525002,68.9289420307546,69.5617800066548,50.5295616496693,52.821662902832,0,54.3970542907715,57.7492421468099,0,50.0087151527405,0,0,0,0,0,0,30.7697410583496,73.962516784668,90.9674758911133,0,0,4.09378641843796,45.3385353088379,74.1543135489187,73.0359806333269,0,0,0,0,29.5392538706462,3.62933702468872,0,0,60.6185836791992,71.2075576782227,0,0,0,0,76.4932993570963,73.6356823092601,80.0722183227539,68.9466599684495,14.6203971525819,5.62645744266526,59.4325209162129,48.0733127593994,0
46.8807563781738,0,84.4737396240234,45.9751815795898,0,0,0,0,42.2170193481445,17.7449953496456,0,0,0,0,0,6.51285886764526,23.7427654253762,0,19.3409819196885,0,0,6.615531712034,0,3.28256196445889,26.7986475467682,5.27359237484258,47.4697351455688,0,0,0,0,0,0,0,0,0,0,0,0,68.3959196137219,71.9976535665578,56.8843320664905,61.9653964996338,44.5305709838867,0,52.533784866333,63.9118398030599,0,0,0,0,0,0,0,0,17.7880323273795,66.7693023681641,59.8371037074498,0,0,0,6.56247779094812,68.2654058994391,76.7849456562715,3.81784312226879,0,3.16477166978936,0,5.05234038059528,0,0,0,61.5323572158813,78.564811706543,0,0,0,0,74.4524289220572,78.3625635096901,69.6842375861274,79.1314452035086,13.7009398535445,6.52757838354725,60.9716253407796,36.8126163482666,0
11.1705745368972,10.9551789987655,43.2013033137602,47.1836258570353,48.353084564209,112.345153808594,0,0,16.9617231149931,39.793737411499,0,0,0,0,0,0,23.8287630378496,19.3409819196885,0,0,61.8147157033285,37.1485967636108,0,0,38.9332523345947,35.8563356399536,0,0,0,0,0,0,0,0,0,74.0139656066895,0,0,78.5806045532227,51.7516188045283,48.9684128425491,35.9713240621784,36.936825533156,22.6414642333984,0,50.3578284581502,53.3587187220541,0,13.8755094286907,50.4940657615662,0,0,0,0,0,0,67.9737781656199,49.3798032624381,0,0,0,0,56.0170961613394,56.619782668909,0,0,0,0,23.8066965738932,0,0,0,44.3143540097956,71.9284203847249,0,0,0,0,54.1134683505161,55.4306811465721,47.0399042699072,49.5118432988457,14.3074026219634,14.6609623620676,37.0932391883031,18.8638385546492,32.5592868593004
0,0,0,0,0,0,0,0,0,0,0,2.90852692259683,0,0,0,0,0,0,0,0,0,0,0,0,0,0,0,0,0,0,0,0,0,0,0,4.06574532660571,0,4.29048079536075,0,0,0,0,0,0,0,0,0,0,0,0,0,0,0,0,0,0,0,4.08321289486355,0,0,0,0,3.9532884143317,0,0,0,0,0,0,0,0,0,0,0,0,0,0,0,13.7565201702764,0,3.71259391307831,0,2.9067657550176,0,3.57065331935883,0,0
0,0,0,0,0,0,3.35639225301288,0,0,0,3.55126541911966,0,0,0,0,0,0,0,61.8147157033285,0,0,0,0,0,0,0,0,0,0,0,0,0,0,0,0,0,3.67582928025195,0,5.79777885862618,68.2249488830566,0,0,49.9922297795614,0,0,0,17.0854594111443,0,60.079288482666,0,0,0,7.02750611305237,0,0,0,4.6728937589761,0,0,0,0,0,0,9.10671283978894,0,0,0,0,0,0,0,0,0,17.5665655136108,0,0,0,0,0,5.34467480670322,0,8.12847367922465,3.91795245107714,51.6137962341309,23.1223357200623,0,0
0,0,0,0,0,0,0,0,36.4833717346191,0,0,0,0,0,0,0,27.4677748326902,6.615531712034,37.1485967636108,0,0,0,3.52749398086139,6.93312663160345,0,3.43451246776079,0,2.8912325555628,0,0,0,0,0,0,0,0,0,5.00170250472548,4.19182698270108,0,0,0,0,0,0,0,0,0,0,0,0,0,0,0,0,0,0,0,0,0,0,0,0,0,4.23968290763779,4.10096983491136,4.02006571215968,0,4.24104335784912,0,3.03712938208329,0,0,0,0,0,0,0,0,94.1425628662109,3.8741762481752,4.67151785438711,4.1136756118436,4.31460562839465,0,0,0
0,0,0,0,0,0,0,0,0,0,0,0,0,0,0,0,3.00882436918176,0,0,0,0,3.52749398086139,0,0,6.12631054275914,0,2.9251187304233,0,2.90444011688232,0,0,0,0,0,0,0,0,14.3521604537964,4.81916683841319,0,0,0,0,0,0,0,0,0,4.96066321645464,0,0,0,0,0,0,0,0,0,0,0,0,0,0,0,4.55670723580478,4.5539125219568,0,6.87078238367201,0,8.03822306527032,0,2.81124492486318,0,0,0,0,0,0,0,0,0,5.40691004093442,5.26097012505295,4.44342986494303,0,0,0
0,12.2650832176208,0,0,0,0,0,0,0,4.66177767865798,0,0,0,0,0,0,0,3.28256196445889,0,0,0,6.93312663160345,0,0,0,3.95744419457325,0,0,0,0,0,0,0,19.0755800519671,0,0,0,5.76892296105055,0,0,0,0,0,0,0,0,0,0,0,6.76185917854309,0,0,0,0,0,4.33233851276032,0,0,0,0,0,2.72958469390869,0,0,6.32266044248011,0,4.61073322866108,0,4.16116444199486,0,0,0,0,0,0,0,0,0,0,0,7.60029973665873,0,4.33084443187326,6.08974967002869,6.89906365156174,0,0
0,0,0,0,0,0,0,0,3.92254603683174,0,0,0,0,0,0,0,22.5582728819414,26.7986475467682,38.9332523345947,0,0,0,6.12631054275914,0,0,0,5.92120196622446,0,0,0,0,0,0,0,0,0,0,0,4.05706486036611,0,0,0,0,0,0,0,0,0,0,0,0,0,0,0,4.98958509663741,0,0,0,0,0,17.4093389511108,0,0,0,0,8.92604235791566,0,5.47751771368354,0,3.82052643035913,0,0,0,0,0,0,0,0,0,0,0,4.94429416315896,6.76920229428774,0,4.68567485809326,0,0
0,0,0,0,0,0,0,0,0,0,0,0,0,0,0,0,39.0627841949463,5.27359237484258,35.8563356399536,0,0,3.43451246776079,0,3.95744419457325,0,0,0,3.71059832572937,0,0,0,0,0,0,0,0,0,0,0,0,0,0,0,0,0,0,0,0,0,0,0,0,0,0,0,0,0,0,0,0,0,0,0,0,4.35321550567945,0,3.07758243878682,0,3.11420511814856,0,2.94725799560547,0,0,0,0,0,0,0,0,0,0,0,4.21429522141166,2.95260858535767,0,0,0
0,0,0,0,0,0,0,0,0,0,0,0,0,0,0,0,6.35199180499036,47.4697351455688,0,0,0,0,2.9251187304233,0,5.92120196622446,0,0,0,2.94459596433138,0,0,0,0,0,0,0,0,0,0,0,0,0,0,0,0,0,0,0,0,0,0,0,0,0,0,0,0,0,0,0,0,0,0,0,0,3.16485857963562,0,6.27849228041513,0,3.0283797863991,0,0,0,0,0,0,0,0,0,0,0,0,3.55237020590366,0,0,0,0
0,0,0,0,0,0,0,0,0,0,0,3.3023544549942,0,0,0,0,0,0,0,0,0,2.8912325555628,0,0,0,3.71059832572937,0,0,0,3.00386501345499,0,0,0,0,0,0,0,3.91167099224894,0,0,0,0,0,0,0,0,0,0,0,0,0,0,0,0,0,0,0,0,0,3.05642229318619,0,0,0,0,3.32861987749735,0,0,0,3.16184437274933,0,3.47599107892681,0,3.08278437664634,0,0,0,0,0,0,0,5.92130545207432,0,2.94924730449528,3.23768074592848,0,0,0
0,0,0,0,0,0,0,0,0,0,0,0,0,0,0,0,0,0,0,0,0,0,2.90444011688232,0,0,0,2.94459596433138,0,0,0,3.13835440945736,0,0,0,0,0,0,0,2.96224024851028,0,0,0,0,0,0,0,0,0,0,0,0,0,0,0,0,0,0,0,0,0,0,0,0,0,0,0,0,0,0,0,0,3.11915015714049,0,0,0,0,0,0,0,0,0,0,3.07848888340563,3.95974093608642,0,0,0
0,0,0,0,0,0,0,0,0,0,0,3.17885112762451,0,0,0,0,0,0,0,0,0,0,0,0,0,0,0,3.00386501345499,0,0,0,0,0,0,0,0,0,3.13641983722416,0,0,0,0,0,0,0,0,0,0,0,0,0,0,0,0,0,0,0,2.97787538028899,0,0,0,0,0,0,0,0,0,0,0,0,3.62954750630893,0,3.05517638188142,0,0,0,0,0,0,0,3.26557894375013,0,2.86109944752284,0,0,0,0
0,0,0,0,0,0,0,0,0,0,6.07387971878052,0,0,0,0,0,0,0,0,0,0,0,0,0,0,0,0,0,3.13835440945736,0,0,0,0,0,0,0,0,0,3.01300941419996,0,0,0,0,0,0,0,0,0,0,0,0,0,0,0,0,0,6.77677043279012,0,0,0,0,0,0,0,0,0,0,0,0,0,0,3.1805028947624,0,3.44151445067659,0,0,0,0,0,0,0,0,3.13026557402177,0,0,0,0
0,0,0,0,0,0,0,0,0,0,0,0,0,0,0,0,0,0,0,0,0,0,0,0,0,0,0,0,0,0,0,0,3.3998200486718,22.7677978662344,5.67890962889028,3.64260307699442,3.16497166951497,0,0,0,0,0,0,0,0,0,0,5.90463011187746,17.2837473551432,7.37830573036557,0,0,0,0,0,0,0,0,0,0,0,0,0,0,0,0,0,0,0,0,0,0,0,0,7.51989625875974,3.8357288909995,7.74100647653852,5.21422255039215,6.85966064977241,3.51141060315646,0,0,3.8949567430433,0,0,0,0
0,0,0,0,0,0,0,0,0,0,0,0,0,0,0,0,0,0,0,0,0,0,0,0,0,0,0,0,0,0,0,3.3998200486718,0,8.88491758229076,5.4253790027955,2.74545121192932,3.02216833128649,0,0,0,0,0,0,0,0,0,0,8.40530121165854,5.8762354850769,11.8447443644206,0,0,0,0,0,0,0,0,0,0,0,0,0,0,0,0,0,0,0,0,0,0,0,0,6.22384235232767,10.1073120871549,0,2.778783172369,0,8.88063152269884,0,0,3.08920135085038,0,0,0,0
0,0,0,0,0,0,0,0,0,0,0,0,0,0,0,0,0,0,0,0,0,0,0,19.0755800519671,0,0,0,0,0,0,0,22.7677978662344,8.88491758229076,0,4.71525956377835,5.84613303937735,0,5.00070500849945,3.59197235107422,0,0,0,0,0,0,0,0,6.98135512658363,14.8581526218316,7.38553234247061,0,0,0,0,0,0,0,0,0,0,0,0,0,0,0,0,19.1627661387126,0,0,0,0,0,0,0,22.5406742033206,9.01641520857811,3.86621025503504,4.66423154685029,10.9977470772336,0,5.24430996523368,20.7063961029053,4.3974766879694,0,0,0,0
0,0,0,0,0,0,0,0,0,0,0,0,0,0,0,0,0,0,0,0,0,0,0,0,0,0,0,0,0,0,0,5.67890962889028,5.4253790027955,4.71525956377835,0,0,3.49154569038609,2.78223104476929,3.83942527343065,0,0,0,0,0,0,0,0,6.97705788742412,5.48358678817749,13.0575097501278,0,0,0,0,0,0,0,0,0,0,0,0,0,0,0,0,0,0,0,0,0,0,0,0,12.7192497253418,15.6734852313995,4.73653524108137,4.40917024269434,2.95873832702637,7.23400193127719,7.07786162694295,4.29662295194773,3.25868326505025,0,0,0,0
0,0,0,15.3073198407195,0,20.0122686954255,0,0,0,0,0,3.29969744181355,0,0,0,0,0,0,74.0139656066895,4.06574532660571,0,0,0,0,0,0,0,0,0,0,0,3.64260307699442,2.74545121192932,5.84613303937735,0,0,3.42169570016582,4.69497301550566,2.73633774121602,3.09373848438263,0,36.3427429199219,0,0,0,21.8642926718059,0,2.94104468822479,0,0,0,15.5616666248866,0,0,0,20.4771213531494,0,5.42909124638704,0,20.6204395294189,0,19.4724998474121,6.17164611448738,0,0,0,0,0,0,0,0,0,0,0,3.85329454916495,0,4.52742670511795,0,5.24522749531584,3.83400313346395,7.41378495873523,0,3.4596463535687,5.42466195424398,14.0013346389488,0,0
0,0,16.083869153803,0,20.7897319528792,0,0,0,0,0,2.97963232105061,0,0,0,0,0,0,0,0,0,3.67582928025195,0,0,0,0,0,0,0,0,0,0,3.16497166951497,3.02216833128649,0,3.49154569038609,3.42169570016582,0,4.01606833017789,3.97429935626052,0,30.8698024749756,0,28.0145914554596,0,0,0,27.6083353928157,4.02949249744415,26.9781492569867,0,22.4321130116781,0,0,0,24.9622831344604,0,9.07696759954412,0,19.3401336669922,0,0,0,0,5.93961722748254,0,0,0,0,0,0,0,0,0,37.5289821624756,6.9385486708747,4.16563772445385,0,4.7766473837653,3.82402854977232,5.88335199607024,0,4.48742275238037,4.30759816145717,4.83755176945737,18.0014662391643,0,0
0,19.7534891475331,0,31.7600746154785,0,0,0,0,0,12.6295118331909,0,3.51507685919228,0,0,0,0,0,0,0,4.29048079536075,0,5.00170250472548,14.3521604537964,5.76892296105055,0,0,0,3.91167099224894,0,3.13641983722416,0,0,0,5.00070500849945,2.78223104476929,4.69497301550566,4.01606833017789,0,3.55828985564367,0,0,0,0,0,0,0,0,5.42171752685076,0,5.76626512063177,0,0,0,0,0,0,0,4.37304021436048,0,0,0,0,7.29289059979575,0,4.44517457152743,0,7.13127879806645,0,0,0,3.01336691379547,0,2.93440082198695,0,0,0,3.39639979998271,3.20013568839248,7.788393846946,0,5.99505387632918,3.57306519307588,4.88186793250422,0,6.11041232073529,0,0
0,0,0,0,0,0,0,0,5.92315103610357,0,3.70633429581402,0,0,0,0,0,0,0,78.5806045532227,0,5.79777885862618,4.19182698270108,4.81916683841319,0,4.05706486036611,0,0,0,2.96224024851028,0,3.01300941419996,0,0,3.59197235107422,3.83942527343065,2.73633774121602,3.97429935626052,3.55828985564367,0,0,0,0,43.6218481063843,0,0,0,27.895879427592,7.78588024293533,9.92245471879629,0,0,0,0,0,6.47112449010213,0,4.66054541591114,0,0,0,0,0,0,14.8091193562657,5.09171708252119,4.96112972357402,0,5.71412788956699,0,0,0,3.35574487958636,0,3.07517634319658,0,0,0,8.1842360126162,106.657081604004,7.2283162083973,4.83408642776301,6.3528744468388,5.11890473486592,0,5.05302177073036,0,0
0,0,45.128148651123,46.5537263696844,0,57.7438961909368,0,0,56.9598197937012,0,0,0,0,0,0,0,75.4539845525002,68.3959196137219,51.7516188045283,0,68.2249488830566,0,0,0,0,0,0,0,0,0,0,0,0,0,0,3.09373848438263,0,0,0,0,59.5582311630249,27.7681269783625,59.1801254749298,37.0824394226074,0,26.8590578474897,64.7915767033895,2.73228621482849,0,10.2079294126555,0,55.0508480072021,0,0,0,0,58.6974232991536,55.4483127078495,0,0,0,66.0018043518066,28.6903222713681,75.1420123938358,0,0,0,0,0,0,0,0,60.0747548562509,62.0169525146484,0,0,0,0,29.9985612340169,84.9337529659271,57.3828145066897,74.1935119628906,43.561431751554,67.0621192932129,35.4188646576772,29.7140528139861,0
48.8888530731201,0,45.4150314331055,45.2020427158901,0,0,0,0,0,0,0,0,0,0,0,0,68.9289420307546,71.9976535665578,48.9684128425491,0,0,0,0,0,0,0,0,0,0,0,0,0,0,0,0,0,30.8698024749756,0,0,59.5582311630249,0,56.7439111982073,30.7897447195572,0,0,48.1847561427525,19.6928605478863,0,9.42003959436633,30.3571365356445,83.4940338134766,0,0,0,0,50.5422248840332,56.7947317759196,53.592351766733,0,0,0,0,73.4335567156474,34.8006832268064,0,0,0,0,0,0,0,0,113.664413452148,18.7446865023989,0,0,0,0,92.0541891149572,20.0101925702055,0,13.7025751915586,55.0957546043396,61.3138437271118,30.2319359627934,56.2028617858887,29.6274306926321
0,19.6186531710848,51.3257102966309,38.9874774823283,0,51.5029302215576,0,0,0,34.1999999890562,0,0,0,0,0,0,69.5617800066548,56.8843320664905,35.9713240621784,0,0,0,0,0,0,0,0,0,0,0,0,0,0,0,0,36.3427429199219,0,0,0,27.7681269783625,56.7439111982073,0,22.5618431537579,33.7060585021973,0,38.5111379623413,64.2465577806745,14.9055267969767,33.1125494639079,20.4829538110518,87.0460052490234,51.8128178914388,0,0,0,38.787861410177,62.6292896270752,20.3192229508187,0,48.2357955932617,0,34.4594955649427,33.6011580522148,75.3291959454936,0,0,0,0,0,0,0,0,18.7346186930514,112.710563659668,0,0,0,0,36.391117238401,77.0070408665857,45.1277458544859,83.6272001266479,19.8721533256881,30.2057177225749,21.8456523990516,14.0831192207886,52.3745994567871
20.4791538970551,0,37.173120953773,51.1877595728094,48.6748376259437,0,0,0,33.9527816772461,0,0,0,0,0,0,0,50.5295616496693,61.9653964996338,36.936825533156,0,49.9922297795614,0,0,0,0,0,0,0,0,0,0,0,0,0,0,0,28.0145914554596,0,43.6218481063843,59.1801254749298,30.7897447195572,22.5618431537579,0,0,0,64.6248693466187,47.9236657532603,10.3356538748741,19.4136902505123,39.8394738435745,48.3177156950298,0,0,0,39.027261428833,0,39.561580299888,52.0206576756069,30.1872474268863,0,32.745375610167,57.3027153015137,62.6136013377796,36.3110902838576,0,0,0,0,0,0,0,0,61.9277896881104,58.1982716151646,0,0,0,0,74.5457221666972,35.6915051026336,57.9806480407715,43.4383684046128,16.1666965027395,33.6240988511306,21.0246643040867,0,10.4897011562249
0,0,0,0,0,0,0,0,0,0,0,0,0,0,0,0,52.821662902832,44.5305709838867,22.6414642333984,0,0,0,0,0,0,0,0,0,0,0,0,0,0,0,0,0,0,0,0,37.0824394226074,0,33.7060585021973,0,0,0,0,0,0,0,0,0,0,0,0,0,0,0,0,0,0,0,0,45.7370635986328,73.3244094848633,0,0,0,0,0,0,0,0,0,0,0,0,0,0,38.5930098840746,56.5697021484375,29.1875419616699,0,25.5794248580933,0,37.1578925739635,0,0
0,0,0,0,0,0,0,0,0,0,0,0,0,0,0,0,0,0,0,0,0,0,0,0,0,0,0,0,0,0,0,0,0,0,0,0,0,0,0,0,0,0,0,0,0,0,0,0,0,0,0,0,0,0,0,0,0,0,0,0,0,0,0,0,0,0,0,0,0,0,0,0,0,0,0,0,0,0,0,0,0,0,0,0,6.09771156311035,0,0
0,0,64.5027770996094,16.0116287399741,0,31.0786892175674,0,0,0,0,0,0,0,0,0,0,54.3970542907715,52.533784866333,50.3578284581502,0,0,0,0,0,0,0,0,0,0,0,0,0,0,0,0,21.8642926718059,0,0,0,26.8590578474897,48.1847561427525,38.5111379623413,64.6248693466187,0,0,0,0,0,0,44.7293128967285,66.867561340332,32.6282424926758,0,0,0,20.2104415893555,70.6393154144287,13.2381123654983,71.9226226806641,0,0,28.2912496839251,16.8881266817917,68.2410068511963,0,0,0,0,0,0,0,0,20.059250869751,79.3238754272461,0,0,0,0,22.4038650643713,69.9504976272583,13.2587437145294,0,27.3411485065113,0,11.4564406662272,24.3650779724121,0
0,0,22.4689960479736,64.533427589818,34.8486557006836,0,0,0,27.9924659729004,0,14.7102451324463,0,0,0,0,0,57.7492421468099,63.9118398030599,53.3587187220541,0,17.0854594111443,0,0,0,0,0,0,0,0,0,0,0,0,0,0,0,27.6083353928157,0,27.895879427592,64.7915767033895,19.6928605478863,64.2465577806745,47.9236657532603,0,0,0,0,51.1175174713135,55.5308050579495,52.2441757202148,0,0,0,0,0,0,38.3311953709043,72.6828221638997,0,70.2313537597656,0,0,69.8405033747355,14.6509684687569,0,0,0,0,0,0,0,0,0,41.0300197869959,0,0,0,0,78.288791179657,15.5975553741031,0,15.7796168062422,30.984124016908,39.380433400472,29.7744593190994,0,80.7196502685547
0,30.1726818084717,0,0,0,0,0,0,0,45.9114227294922,0,0,0,0,0,0,0,0,0,0,0,0,0,0,0,0,0,0,0,0,0,5.90463011187746,8.40530121165854,6.98135512658363,6.97705788742412,2.94104468822479,4.02949249744415,5.42171752685076,7.78588024293533,2.73228621482849,0,14.9055267969767,10.3356538748741,0,0,0,51.1175174713135,0,7.79196125590756,7.95497558186228,0,0,0,0,0,0,0,0,0,0,0,0,0,0,0,20.1930541992188,0,0,0,0,0,0,0,0,7.13196529416043,7.76310739731367,5.02533789873123,8.01862796715328,5.01829225384147,6.67801790587074,7.48377912291466,10.2692989126113,7.69169849310357,0,6.78627006742689,0,0
11.9113930006285,0,20.8481163740158,41.7820510864258,49.3563701084682,0,0,0,9.93668158510898,0,0,0,0,0,0,0,50.0087151527405,0,13.8755094286907,0,60.079288482666,0,4.96066321645464,0,0,0,0,0,0,0,0,17.2837473551432,5.8762354850769,14.8581526218316,5.48358678817749,0,26.9781492569867,0,9.92245471879629,0,9.42003959436633,33.1125494639079,19.4136902505123,0,0,0,55.5308050579495,7.79196125590756,0,15.2699358486548,50.9481525421143,0,0,0,8.98799153681724,0,28.2845190420918,62.5360260009766,4.16473807394505,0,5.78690008683638,0,0,49.5300244258,0,5.00062767323506,0,7.09316721591321,0,3.39996188770641,0,5.06107454242245,0,29.1719369490941,0,9.22234964370728,15.1716203689575,0,59.9801197052002,22.2928893664016,0,7.49819664868558,9.22408183617201,31.176167337518,15.4489468167911,0,34.8487626711527
0,7.11734560734964,41.2654609680176,17.5947586915842,0,51.1944737752279,0,0,0,15.4369815964209,0,0,0,0,0,0,0,0,50.4940657615662,0,0,0,0,6.76185917854309,0,0,0,0,0,0,0,7.37830573036557,11.8447443644206,7.38553234247061,13.0575097501278,0,0,5.76626512063177,0,10.2079294126555,30.3571365356445,20.4829538110518,39.8394738435745,0,0,44.7293128967285,52.2441757202148,7.95497558186228,15.2699358486548,0,0,12.4492311477661,0,0,0,12.3948454320431,56.3373311360677,52.2655344009399,0,0,0,6.40057304700216,50.0944906870524,0,6.59400503258956,0,3.83205576818817,0,0,0,0,0,50.487017250061,63.0797843933105,9.6301121711731,12.7485670089722,4.31177651882172,0,15.0985276087288,66.3413686752319,5.82063151468145,0,12.3644568814385,27.4103253682454,11.9747092317474,18.9923659960429,55.8853073120117
0,0,7.47497043657542,64.4013519287109,5.66115385936926,0,0,0,4.39054591376502,0,0,0,0,0,0,0,0,0,0,0,0,0,0,0,0,0,0,0,0,0,0,0,0,0,0,0,22.4321130116781,0,0,0,83.4940338134766,87.0460052490234,48.3177156950298,0,0,66.867561340332,0,0,50.9481525421143,0,0,0,0,0,4.07925952275594,0,5.529863464314,0,3.22805715018305,0,2.73577205340068,0,0,19.7897453308105,0,0,0,0,0,0,0,0,0,0,0,0,0,0,0,31.6293992996216,0,0,9.09175451933327,37.0062484741211,9.71056253429495,0,0
0,0,0,9.62057992935181,0,3.91927437989608,0,0,0,3.80579900741577,0,4.96738944334142,0,0,0,3.26132090886434,0,0,0,0,0,0,0,0,0,0,0,0,0,0,0,0,0,0,0,15.5616666248866,0,0,0,55.0508480072021,0,51.8128178914388,0,0,0,32.6282424926758,0,0,0,12.4492311477661,0,0,0,0,0,0,0,4.18520452880859,0,0,0,0,15.5515689849854,65.4831771850586,0,0,0,0,0,0,0,0,0,0,0,0,0,0,24.6417220768176,0,0,0,14.8766077359517,0,10.1646311484592,0,0
0,0,0,0,0,0,3.1026623947867,0,0,0,0,0,0,0,0,0,0,0,0,0,7.02750611305237,0,0,0,0,0,0,0,0,0,0,0,0,0,0,0,0,0,0,0,0,0,0,0,0,0,0,0,0,0,0,0,0,0,0,0,0,0,0,0,0,0,0,0,0,0,0,0,0,0,0,0,0,0,0,0,0,0,0,0,0,0,2.96385192871094,0,0,0,0
0,0,0,0,0,0,0,3.272799179703,0,0,0,0,0,0,0,0,0,0,0,0,0,0,0,0,0,0,0,0,0,0,0,0,0,0,0,0,0,0,0,0,0,0,0,0,0,0,0,0,0,0,0,0,0,0,0,0,0,0,0,0,0,0,0,0,0,0,0,0,0,0,0,0,0,0,0,0,0,0,0,0,0,0,3.16012406349182,0,0,0,0
9.56134955252313,0,6.46024569168987,0,4.71570291519165,0,0,0,8.53102043867899,0,0,0,0,0,10.4148785761737,0,0,0,0,0,0,0,0,0,4.98958509663741,0,0,0,0,0,0,0,0,0,0,0,24.9622831344604,0,6.47112449010213,0,0,0,39.027261428833,0,0,0,0,0,8.98799153681724,0,4.07925952275594,0,0,0,0,0,8.39301872253418,0,5.90915632247925,0,6.86347080428025,0,0,44.2351875305176,0,0,0,5.1334314925456,0,9.39350120226542,0,0,0,0,0,0,0,0,0,0,0,8.79441931744161,9.68966438787447,40.8279056549072,21.2967251589318,0,25.7414722442627
0,4.52872504189957,0,7.62162547901364,0,4.82459191083908,0,0,0,4.80816891572995,0,0,0,0,0,3.52829402143305,30.7697410583496,17.7880323273795,0,0,0,0,0,4.33233851276032,0,0,0,0,0,0,0,0,0,0,0,20.4771213531494,0,0,0,0,50.5422248840332,38.787861410177,0,0,0,20.2104415893555,0,0,0,12.3948454320431,0,0,0,0,0,0,0,23.9068944454193,0,0,0,3.88893905046986,87.0146865844727,0,0,0,6.11136436142872,0,5.48595285415649,0,0,0,36.579418182373,0,0,0,0,0,47.8519039154053,0,23.2410793304443,0,20.6160032525659,0,13.2499089915797,0,0
16.854341506958,0,23.1690177122752,69.8066013881138,11.3193744931902,0,0,0,0,0,4.90445581271281,0,0,0,0,0,73.962516784668,66.7693023681641,67.9737781656199,0,4.6728937589761,0,0,0,0,0,0,0,0,0,6.77677043279012,0,0,0,0,0,9.07696759954412,0,4.66054541591114,58.6974232991536,56.7947317759196,62.6292896270752,39.561580299888,0,0,70.6393154144287,38.3311953709043,0,28.2845190420918,56.3373311360677,5.529863464314,0,0,0,8.39301872253418,0,0,73.1968955993652,3.65555503176547,0,3.16109299659729,0,66.2491474151611,14.4736318086323,0,0,0,0,0,0,0,0,0,4.35629286785088,0,0,0,0,97.3408474392361,36.967205331815,0,5.12873450238654,21.6929624347687,33.351749420166,21.6169825042148,0,17.0492002313787
0,23.7300415039062,58.8516941070557,17.3720705581434,0,19.2604666144349,0,0,0,31.2171933310372,0,3.20075526827814,0,0,0,0,90.9674758911133,59.8371037074498,49.3798032624381,4.08321289486355,0,0,0,0,0,0,0,0,0,2.97787538028899,0,0,0,0,0,5.42909124638704,0,4.37304021436048,0,55.4483127078495,53.592351766733,20.3192229508187,52.0206576756069,0,0,13.2381123654983,72.6828221638997,0,62.5360260009766,52.2655344009399,0,4.18520452880859,0,0,0,23.9068944454193,73.1968955993652,0,0,3.50938091278076,0,6.83382096290588,8.78656132233737,78.6927053278143,0,0,0,0,0,0,0,0,4.87511881922112,79.6772384643555,0,0,0,0,42.9371112077133,82.5028742009943,6.96245358563677,78.2405281066895,19.9267371601715,0,10.4071342897398,15.6790632274416,0
0,0,3.56682403087616,0,0,0,0,0,0,0,2.84701856374741,0,4.39949401308981,0,4.40776040879163,0,0,0,0,0,0,0,0,0,0,0,0,0,0,0,0,0,0,0,0,0,19.3401336669922,0,0,0,0,0,30.1872474268863,0,0,71.9226226806641,0,0,4.16473807394505,0,3.22805715018305,0,0,0,5.90915632247925,0,3.65555503176547,0,0,0,5.07987747521236,0,0,0,0,0,0,0,0,0,0,0,0,66.7757949829102,0,0,0,0,0,0,0,0,19.2353229522705,2.96548628807068,19.0314342105199,0,0
0,0,0,5.43802282621535,0,7.16806602478027,0,3.53869586820188,0,0,0,3.80152401899771,0,3.23390080908622,0,0,0,0,0,0,0,0,0,0,0,0,0,3.05642229318619,0,0,0,0,0,0,0,20.6204395294189,0,0,0,0,0,48.2357955932617,0,0,0,0,70.2313537597656,0,0,0,0,0,0,0,0,0,0,3.50938091278076,0,0,0,3.2721095085144,0,0,0,0,0,0,0,0,0,0,0,0,0,0,0,0,23.9105281829834,0,0,0,4.63142060133127,3.02140627409282,12.568311608356,0,0
5.57860487346121,0,6.50752241412799,79.5037536621094,0,0,0,0,9.00580169522032,0,0,0,4.87363754312197,0,4.82186262426354,0,4.09378641843796,0,0,0,0,0,0,0,17.4093389511108,0,0,0,0,0,0,0,0,0,0,0,0,0,0,0,0,0,32.745375610167,0,0,0,0,0,5.78690008683638,0,2.73577205340068,0,0,0,6.86347080428025,0,3.16109299659729,0,5.07987747521236,0,0,0,0,0,0,0,0,8.77398177349206,0,13.3708159923553,0,0,0,0,0,0,0,0,0,0,0,0,5.60823504821114,0,21.758923215564,0,22.6739908854167
0,3.54012864701291,0,5.85977240032379,0,24.3938732147217,0,0,0,5.67907549326236,0,0,0,0,0,3.40420975049337,45.3385353088379,6.56247779094812,0,0,0,0,0,2.72958469390869,0,0,0,0,0,0,0,0,0,0,0,19.4724998474121,0,0,0,66.0018043518066,0,34.4594955649427,57.3027153015137,0,0,28.2912496839251,0,0,0,6.40057304700216,0,0,0,0,0,3.88893905046986,0,6.83382096290588,0,3.2721095085144,0,0,62.904125213623,0,0,0,7.07948495531982,0,2.74399161338806,0,0,0,0,0,0,0,0,0,53.7025833129883,0,0,0,7.17091219719142,3.26849985122681,18.1892494770788,0,0
0,32.7459983825684,54.6210578918457,32.4197305097418,0,26.5270404020945,0,0,57.1933135986328,0,0,4.20458188182429,0,0,0,0,74.1543135489187,68.2654058994391,56.0170961613394,3.9532884143317,0,0,0,0,0,0,0,0,0,0,0,0,0,0,0,6.17164611448738,0,7.29289059979575,0,28.6903222713681,73.4335567156474,33.6011580522148,62.6136013377796,45.7370635986328,0,16.8881266817917,69.8405033747355,0,0,50.0944906870524,0,15.5515689849854,0,0,0,87.0146865844727,66.2491474151611,8.78656132233737,0,0,0,62.904125213623,0,84.3671724070673,0,0,0,0,0,0,0,0,19.389902637555,79.7258148193359,0,0,0,0,18.4318706546488,88.7051010858445,15.0928248278506,87.2780303955078,29.6037682428896,72.0503091812134,14.7159107986308,53.9335279464722,0
0,0,45.1364165941874,65.2487629481724,21.7107435862223,0,0,0,0,0,8.07628367163918,0,0,0,0,0,73.0359806333269,76.7849456562715,56.619782668909,0,9.10671283978894,0,0,0,0,0,0,0,0,0,0,0,0,0,0,0,5.93961722748254,0,14.8091193562657,75.1420123938358,34.8006832268064,75.3291959454936,36.3110902838576,73.3244094848633,0,68.2410068511963,14.6509684687569,0,49.5300244258,0,19.7897453308105,65.4831771850586,0,0,44.2351875305176,0,14.4736318086323,78.6927053278143,0,0,0,0,84.3671724070673,0,0,0,0,0,0,0,0,0,86.0754508972168,19.5143606928325,0,0,0,0,94.3522494724819,14.3982454242834,102.36368560791,17.2184549254463,33.9295985303867,52.9588618808322,23.6885028378593,0,36.7160804054954
0,0,0,0,0,0,0,0,0,0,0,0,0,0,0,0,0,3.81784312226879,0,0,0,4.23968290763779,4.55670723580478,6.32266044248011,0,4.35321550567945,0,3.32861987749735,0,0,0,0,0,0,0,0,0,4.44517457152743,5.09171708252119,0,0,0,0,0,0,0,0,0,0,6.59400503258956,0,0,0,0,0,0,0,0,0,0,0,0,0,0,0,0,6.60815161951319,0,7.6403058911112,0,4.68003945407413,0,0,0,0,0,0,0,0,0,8.18732404873289,4.95637613534927,4.21847099315078,4.90135181760325,0,0,0
0,0,0,0,0,0,0,0,0,0,0,0,0,0,0,0,0,0,0,0,0,4.10096983491136,4.5539125219568,0,8.92604235791566,0,3.16485857963562,0,0,0,0,0,0,0,0,0,0,0,4.96112972357402,0,0,0,0,0,0,0,0,20.1930541992188,5.00062767323506,0,0,0,0,0,0,0,0,0,0,0,0,0,0,0,0,0,0,6.02731513828811,0,8.57852917882239,0,2.89190902709961,0,0,0,0,0,0,0,0,0,6.31870074892332,5.5621546080083,0,0,0,0
0,7.00046966804398,0,0,0,0,0,0,0,4.0093731880188,0,0,0,0,0,0,0,3.16477166978936,0,0,0,4.02006571215968,0,4.61073322866108,0,3.07758243878682,0,0,0,0,0,0,0,19.1627661387126,0,0,0,7.13127879806645,0,0,0,0,0,0,0,0,0,0,0,3.83205576818817,0,0,0,0,0,6.11136436142872,0,0,0,0,0,7.07948495531982,0,0,6.60815161951319,0,0,0,6.64042933781942,0,0,0,0,0,0,0,0,0,0,0,8.05731784429071,0,4.44187365167884,0,6.54065739610401,0,0
0,0,0,0,0,0,0,0,5.49381369666049,0,0,0,0,0,0,0,0,0,0,0,0,0,6.87078238367201,0,5.47751771368354,0,6.27849228041513,0,0,0,0,0,0,0,0,0,0,0,5.71412788956699,0,0,0,0,0,0,0,0,0,7.09316721591321,0,0,0,0,0,5.1334314925456,0,0,0,0,0,8.77398177349206,0,0,0,0,6.02731513828811,0,0,0,4.52235790721157,0,0,0,0,0,0,0,0,0,0,0,5.38028359566695,7.09925914158786,0,6.62053426833657,0,0
0,0,0,0,0,0,0,0,0,0,0,0,0,0,0,3.58957123756409,29.5392538706462,5.05234038059528,23.8066965738932,0,0,4.24104335784912,0,4.16116444199486,0,3.11420511814856,0,3.16184437274933,0,0,0,0,0,0,0,0,0,0,0,0,0,0,0,0,0,0,0,0,0,0,0,0,0,0,0,5.48595285415649,0,0,0,0,0,2.74399161338806,0,0,7.6403058911112,0,6.64042933781942,0,0,0,4.59382280847606,0,0,0,0,0,0,0,0,0,0,0,3.74723276921681,0,4.60439682006836,0,0
0,0,0,0,0,0,0,0,13.2469192743301,0,0,0,0,0,3.34167753566395,0,3.62933702468872,0,0,0,0,0,8.03822306527032,0,3.82052643035913,0,3.0283797863991,0,0,0,0,0,0,0,0,0,0,0,0,0,0,0,0,0,0,0,0,0,3.39996188770641,0,0,0,0,0,9.39350120226542,0,0,0,0,0,13.3708159923553,0,0,0,0,8.57852917882239,0,4.52235790721157,0,0,0,0,0,0,0,0,0,0,0,0,0,0,3.97589581662958,0,0,0,0
0,0,0,0,0,0,0,0,0,0,0,0,0,2.84992039771307,0,0,0,0,0,0,0,3.03712938208329,0,0,0,2.94725799560547,0,3.47599107892681,0,3.62954750630893,0,0,0,0,0,0,0,3.01336691379547,0,0,0,0,0,0,0,0,0,0,0,0,0,0,0,0,0,0,0,0,0,0,0,0,0,0,4.68003945407413,0,0,0,4.59382280847606,0,0,0,2.74971842765808,0,0,0,0,0,0,0,4.33992811386302,0,3.13756076494853,3.28507333993912,0,0,0
0,0,0,0,0,0,0,0,0,0,0,0,0,0,0,0,0,0,0,0,0,0,2.81124492486318,0,0,0,0,0,3.11915015714049,0,3.1805028947624,0,0,0,0,0,0,0,3.35574487958636,0,0,0,0,0,0,0,0,0,5.06107454242245,0,0,0,0,0,0,0,0,0,0,0,0,0,0,0,0,2.89190902709961,0,0,0,0,0,0,0,0,0,0,0,0,0,0,0,3.58420121669769,3.78828237273476,0,0,0,0
0,31.4659271240234,73.9852142333984,31.405341733966,0,39.569896697998,0,0,0,35.7809410095215,0,2.95689392089844,0,0,0,0,60.6185836791992,61.5323572158813,44.3143540097956,0,0,0,0,0,0,0,0,3.08278437664634,0,3.05517638188142,0,0,0,0,0,0,0,2.93440082198695,0,60.0747548562509,113.664413452148,18.7346186930514,61.9277896881104,0,0,20.059250869751,0,0,0,50.487017250061,0,0,0,0,0,36.579418182373,0,4.87511881922112,0,0,0,0,19.389902637555,86.0754508972168,0,0,0,0,0,0,2.74971842765808,0,0,0,0,0,0,0,62.6033554077148,86.946533203125,4.47113100453919,0,29.1695529682136,0,21.4037466530973,18.9973040572528,0
0,0,39.0593495368958,75.063720703125,0,0,0,0,0,0,6.35626316070557,0,0,0,0,0,71.2075576782227,78.564811706543,71.9284203847249,0,17.5665655136108,0,0,0,0,0,0,0,0,0,3.44151445067659,0,0,0,0,0,37.5289821624756,0,3.07517634319658,62.0169525146484,18.7446865023989,112.710563659668,58.1982716151646,0,0,79.3238754272461,41.0300197869959,0,29.1719369490941,63.0797843933105,0,0,0,0,0,0,4.35629286785088,79.6772384643555,66.7757949829102,0,0,0,79.7258148193359,19.5143606928325,0,0,0,0,0,0,0,0,0,0,0,0,0,0,103.993354797363,40.1642242356351,0,5.87779156498562,17.7590155926618,0,15.3423128432075,0,25.8946628570557
0,0,0,0,0,0,0,0,0,0,0,0,0,0,0,0,0,0,0,0,0,0,0,0,0,0,0,0,0,0,0,7.51989625875974,6.22384235232767,22.5406742033206,12.7192497253418,3.85329454916495,6.9385486708747,0,0,0,0,0,0,0,0,0,0,7.13196529416043,0,9.6301121711731,0,0,0,0,0,0,0,0,0,0,0,0,0,0,0,0,0,0,0,0,0,0,0,0,0,13.2905644448865,0,0,12.4760397578686,7.64334853490194,0,0,4.46152891930501,0,0,0,0
0,0,0,0,0,0,0,0,0,0,0,0,0,0,0,0,0,0,0,0,0,0,0,0,0,0,0,0,0,0,0,3.8357288909995,10.1073120871549,9.01641520857811,15.6734852313995,0,4.16563772445385,0,0,0,0,0,0,0,0,0,0,7.76310739731367,9.22234964370728,12.7485670089722,0,0,0,0,0,0,0,0,0,0,0,0,0,0,0,0,0,0,0,0,0,0,0,0,13.2905644448865,0,0,3.83731464408405,0,5.28909314637897,0,0,3.18674782147774,0,0,0,0
0,0,0,0,0,0,0,0,0,0,0,0,0,0,0,0,0,0,0,0,0,0,0,0,0,0,0,0,0,0,0,7.74100647653852,0,3.86621025503504,4.73653524108137,4.52742670511795,0,3.39639979998271,0,0,0,0,0,0,0,0,0,5.02533789873123,15.1716203689575,4.31177651882172,0,0,0,0,0,0,0,0,0,0,0,0,0,0,0,0,0,0,0,0,0,0,0,0,0,0,0,5.20715128066223,4.81701024396525,0,3.62515552668648,0,3.76595305271868,0,0,0,0
0,0,0,0,0,0,0,0,0,0,0,0,0,0,0,0,0,0,0,0,0,0,0,0,0,0,0,0,0,0,0,5.21422255039215,2.778783172369,4.66423154685029,4.40917024269434,0,4.7766473837653,3.20013568839248,8.1842360126162,0,0,0,0,0,0,0,0,8.01862796715328,0,0,0,0,0,0,0,0,0,0,0,0,0,0,0,0,0,0,0,0,0,0,0,0,0,0,0,3.83731464408405,5.20715128066223,0,0,5.48634011938283,7.60475158691406,6.06253668080981,4.38620929650857,0,0,0,0
62.0343894958496,43.5440517001682,0,42.54407138503,88.3292083740234,44.6657072703044,0,0,55.3190180460612,49.3545303344727,0,0,0,0,0,0,76.4932993570963,74.4524289220572,54.1134683505161,13.7565201702764,0,0,0,0,0,0,0,0,0,0,0,6.85966064977241,0,10.9977470772336,2.95873832702637,5.24522749531584,3.82402854977232,7.788393846946,106.657081604004,29.9985612340169,92.0541891149572,36.391117238401,74.5457221666972,38.5930098840746,0,22.4038650643713,78.288791179657,5.01829225384147,59.9801197052002,15.0985276087288,0,24.6417220768176,0,0,0,47.8519039154053,97.3408474392361,42.9371112077133,0,23.9105281829834,0,53.7025833129883,18.4318706546488,94.3522494724819,0,0,0,0,0,0,0,0,62.6033554077148,103.993354797363,12.4760397578686,0,4.81701024396525,0,0,94.7273955414261,8.7386205781605,85.7324493408203,42.4862800441939,52.0144513845444,39.8175931264658,38.2382606478298,0
43.2499675750732,0,40.361556489127,72.4237260818481,22.6679563204447,0,0,0,0,83.0164413452148,2.74580025672913,0,0,0,0,0,73.6356823092601,78.3625635096901,55.4306811465721,0,5.34467480670322,94.1425628662109,0,0,0,0,0,0,0,0,0,3.51141060315646,8.88063152269884,0,7.23400193127719,3.83400313346395,5.88335199607024,0,7.2283162083973,84.9337529659271,20.0101925702055,77.0070408665857,35.6915051026336,56.5697021484375,0,69.9504976272583,15.5975553741031,6.67801790587074,22.2928893664016,66.3413686752319,31.6293992996216,0,0,0,0,0,36.967205331815,82.5028742009943,0,0,0,0,88.7051010858445,14.3982454242834,0,0,0,0,0,0,0,0,86.946533203125,40.1642242356351,7.64334853490194,5.28909314637897,0,5.48634011938283,94.7273955414261,0,96.5864028930664,8.62675746025049,30.5998477236848,46.7603817383448,37.1080458000369,64.2275390625,42.2652523692061
0,0,0,39.5567610263824,0,47.6865266164144,0,0,0,43.9683952331543,0,6.55843839412782,0,0,0,0,80.0722183227539,69.6842375861274,47.0399042699072,3.71259391307831,0,3.8741762481752,0,7.60029973665873,0,0,0,5.92130545207432,0,3.26557894375013,0,0,0,5.24430996523368,7.07786162694295,7.41378495873523,0,5.99505387632918,4.83408642776301,57.3828145066897,0,45.1277458544859,57.9806480407715,29.1875419616699,0,13.2587437145294,0,7.48377912291466,0,5.82063151468145,0,0,0,0,0,23.2410793304443,0,6.96245358563677,0,0,0,0,15.0928248278506,102.36368560791,8.18732404873289,0,8.05731784429071,0,0,0,4.33992811386302,0,4.47113100453919,0,0,0,3.62515552668648,7.60475158691406,8.7386205781605,96.5864028930664,0,5.48835045950753,7.57051276537459,0,11.5243928583045,28.2864870548248,0
0,0,33.5292453765869,0,0,0,0,0,8.12420045052256,0,5.09703859686852,0,0,0,0,0,68.9466599684495,79.1314452035086,49.5118432988457,0,8.12847367922465,4.67151785438711,5.40691004093442,0,4.94429416315896,0,0,0,0,0,0,0,0,20.7063961029053,4.29662295194773,0,4.48742275238037,3.57306519307588,6.3528744468388,74.1935119628906,13.7025751915586,83.6272001266479,43.4383684046128,0,0,0,15.7796168062422,10.2692989126113,7.49819664868558,0,0,0,0,0,8.79441931744161,0,5.12873450238654,78.2405281066895,0,0,0,0,87.2780303955078,17.2184549254463,4.95637613534927,6.31870074892332,0,5.38028359566695,0,0,0,3.58420121669769,0,5.87779156498562,0,0,0,6.06253668080981,85.7324493408203,8.62675746025049,5.48835045950753,0,10.5075045400196,52.1672096252441,19.3031688331414,0,26.1037211069247
