0,0,8.55602743012838,36.4796180725098,12.2488256903256,38.0353145599365,0,0,8.4806763692857,0,0,39.7706298828125,0,0,0,0,44.0647763984148,53.3917870521545,29.4786431357617,0,0,0,0,0,10.733249851734,0,0,0,0,0,0,0,0,0,0,0,22.5221385574341,50.4036293029785,12.6157129366104,0,39.2562694549561,32.414032181104,23.3850898174018,18.0974663893382,18.5806545085044,30.603022182689,15.4982597900159,0,14.6245422967419,40.0226147969564,0,41.5218620300293,0,0,10.1462391772598,0,0,37.802787399292,0,0,3.37596489853329,41.8813247680664,46.3502873011998,0,0,0,0,9.78196020126343,0,0,52.3620719909668,0,63.8148498535156,0,0,0,0,0,0,0,0,11.4346281588078,17.9249145122401,15.3233674852936,17.0960829499195,0,39.3300505744086
0,0,0,11.0104115580724,0,18.5783538818359,0,0,0,5.58115042400065,0,0,0,0,0,6.77478781609552,46.753173828125,12.6338608529833,24.736625289917,0,0,0,0,18.1428546905518,0,0,0,0,0,0,0,0,0,0,0,0,0,18.096974545055,0,39.8306135030893,0,19.8080967044604,0,30.4422660827637,0,18.1532528993314,0,0,0,10.262984476044,0,16.4545269012451,0,0,0,6.33572499918156,0,11.6936320267714,0,10.0963794596055,0,6.50721947899348,13.0773721279637,0,0,0,14.6671019608412,0,0,0,21.1596544857683,0,20.8583341836929,0,0,0,0,0,0,0,17.3434414571645,0,9.13956279595693,0,15.270176605642,6.67683780193329,0
8.55602743012838,0,0,0,5.78088792766176,0,0,0,6.16597612543278,0,0,0,0,0,0,0,42.9487056732178,0,29.4580400466919,0,0,0,0,0,23.9103883107503,0,0,0,0,0,0,0,0,0,0,0,18.947269348388,0,29.0965399060931,0,0,0,24.4143832262825,0,11.1943354606628,0,8.70446608066559,0,6.05635328749393,0,3.07016182194153,0,0,0,8.07311381620264,0,3.64283432722092,0,2.93613673631962,0,3.1846764502318,0,0,8.91244657834371,0,0,0,24.0647659301758,0,0,0,0,0,0,0,0,0,0,0,0,0,26.4109497070312,10.2564705011608,8.5425298505641,11.7359527858044,0,0
36.4796180725098,11.0104115580724,0,0,0,4.51551235363048,0,0,40.8251037597656,4.01388614981837,0,5.14254327615102,0,0,0,0,0,46.9627532958984,31.1280693478054,0,0,0,0,0,0,0,0,0,0,0,0,0,0,0,0,26.1331272125244,0,23.9043199157715,0,54.1629943847656,0,28.7262385253507,38.5602860450745,18.2188107507271,0,22.9452119939467,0,0,49.7092742919922,21.4361062902488,0,8.39854999495224,0,0,0,16.7490745024248,0,5.42643929836227,0,5.18834341317415,0,0,32.4746751785278,0,0,0,21.4636265510737,0,0,0,24.6379303179289,0,26.0180430412292,0,0,0,0,0,0,0,23.5391194479806,0,9.09350354494486,42.4042720794678,18.2558391793464,0,0
12.2488256903256,0,5.78088792766176,0,0,0,0,0,16.1461668014526,0,0,0,4.89339035749435,0,4.5982471534184,0,0,0,0,0,2.90546530485153,0,0,0,0,0,0,0,0,0,0,0,0,0,0,0,0,0,0,0,0,0,0,0,0,0,0,0,10.5105454126994,0,2.83611191296187,0,0,0,2.74878633022308,0,3.46949636936188,0,4.31186246871948,0,3.14288921978163,0,0,2.7480034828186,0,0,0,0,0,0,0,0,0,0,0,0,0,0,0,0,0,0,4.44488766449133,7.62225034832954,9.74289131164551,0,0
38.0353145599365,18.5783538818359,0,4.51551235363048,0,0,0,10.202353365281,0,2.72647738456726,0,0,0,0,0,0,0,0,0,0,0,0,0,0,0,0,0,0,0,0,0,0,0,0,0,0,0,0,0,0,0,32.4129477606879,0,23.1708889007568,0,0,0,0,0,0,0,3.24683715535708,0,0,0,0,0,3.69112443625927,0,3.15328869819641,0,0,0,0,0,0,0,0,0,0,0,0,31.4256229400635,0,0,0,0,0,0,0,0,0,6.89235113847764,4.20015325645606,19.8435547351837,0,0
0,0,0,0,0,0,0,0,0,0,2.95639586448669,0,0,0,0,0,0,0,0,0,2.73919081687927,0,0,0,0,0,0,0,0,0,0,0,0,0,0,0,0,0,0,0,0,0,0,0,0,0,0,0,0,0,0,0,0,0,0,0,0,0,0,0,0,0,0,0,0,0,0,0,0,0,0,0,0,0,0,0,0,0,0,0,0,0,3.77598202362489,0,0,0,0
0,0,0,0,0,10.202353365281,0,0,0,0,0,0,0,0,0,0,0,0,0,0,0,0,0,0,0,0,0,0,0,0,0,0,0,0,0,0,0,0,0,0,0,0,0,0,0,0,0,0,0,0,0,0,0,0,0,0,0,2.95760500431061,0,2.94783655079928,0,0,0,0,0,0,0,0,0,0,0,0,0,0,0,0,0,0,0,0,0,0,7.09306799501613,0,0,0,0
8.4806763692857,0,6.16597612543278,40.8251037597656,16.1461668014526,0,0,0,0,0,0,0,0,0,5.67742981009769,0,25.3644812829567,51.1289310455322,10.6446223383056,0,0,0,0,0,10.0467363503926,0,8.74673960041581,0,0,0,0,0,0,0,0,0,28.017361831665,42.5461807250977,17.4032241939443,0,36.3555112566267,31.0382690429688,19.2373293777258,23.0875377655029,20.2142488479614,47.371603012085,27.7797656435716,26.1150135803223,11.4488413615414,0,0,0,0,0,6.1932043730617,0,0,0,0,0,6.48152481868703,0,53.7147979736328,0,0,0,47.598949432373,11.3418620389191,0,8.07897055878931,0,0,0,0,0,0,0,0,0,0,0,12.6709045886993,8.78708365834696,11.334478015485,15.0684508234923,0,11.8192988194917
0,5.58115042400065,0,4.01388614981837,0,2.72647738456726,0,0,0,0,0,0,0,0,0,3.93755888527837,34.3124771118164,13.5118520327977,16.6000792185466,0,0,0,0,8.0212348522024,0,6.82874355316162,0,0,0,0,0,0,0,0,0,0,0,10.6657347679138,0,26.3737129211426,0,14.016412386322,0,12.0080212184361,0,17.5440069458089,0,0,0,9.3734875854693,0,5.05595016479492,0,0,0,5.11840162315522,0,0,0,0,0,4.09321089585622,18.3552484194438,0,0,0,6.30285567598245,0,0,0,19.9404423205883,0,19.5255729430312,0,0,0,0,0,0,0,16.9855921798282,0,4.28603285913589,5.69817227855805,16.5518849349278,10.1906607151031,0
0,0,0,0,0,0,2.95639586448669,0,0,0,0,0,0,0,0,0,0,0,0,0,3.43779179374164,0,0,0,0,0,0,0,0,0,0,0,0,0,0,0,0,0,0,0,0,0,0,0,0,0,9.43341890970866,0,0,0,0,0,0,0,0,0,3.08651081096447,0,0,0,0,0,0,3.53639527419945,0,0,0,0,0,0,0,2.83367864005769,0,3.16588354110718,0,0,0,0,0,0,0,0,4.5684015750885,0,3.69619961995185,0,0
39.7706298828125,0,0,5.14254327615102,0,0,0,0,0,0,0,0,0,2.79758415903364,0,0,0,0,0,3.75775329882385,0,0,0,0,0,0,0,2.91525283612703,0,2.83175448810353,0,0,0,0,0,0,0,2.81216744422913,0,0,0,4.47785609109061,0,0,0,0,0,0,0,0,0,5.55857350031535,0,0,0,0,0,3.80673635565995,0,6.47885169374182,0,0,2.74381852149963,0,0,0,0,0,0,0,0,0,3.35192875779433,0,0,0,0,0,0,0,0,0,2.8022202650706,0,4.49436813267795,0,0
0,0,0,0,4.89339035749435,0,0,0,0,0,0,0,0,0,0,0,0,0,0,0,0,0,0,0,0,0,0,0,0,0,0,0,0,0,0,0,0,0,0,0,0,0,0,0,0,0,0,0,0,0,5.32186901569366,0,0,0,0,0,2.90198576450348,0,3.13196519302995,0,0,0,0,0,0,0,0,0,0,0,0,2.83645498752594,0,0,0,0,0,0,0,0,0,0,3.37195734156678,3.14283593769731,0,0,0
0,0,0,0,0,0,0,0,0,0,0,2.79758415903364,0,0,0,0,0,0,0,0,0,0,0,0,0,0,0,3.85738149483999,0,0,0,0,0,0,0,0,0,0,0,0,0,0,0,0,0,0,0,0,0,0,0,0,0,0,0,0,0,0,0,3.25512279945166,0,0,0,0,0,0,0,0,0,0,5.25650835037231,0,0,0,0,0,0,0,0,0,0,0,3.2336479028066,3.18308033514023,0,0,0
0,0,0,0,4.5982471534184,0,0,0,5.67742981009769,0,0,0,0,0,0,0,2.9530428647995,0,0,0,0,0,0,0,8.55270634311261,0,6.10138944670451,0,0,0,0,0,0,0,0,0,0,33.9822463989258,18.3974823156993,0,0,0,17.7032844424248,0,0,0,0,24.4141731262207,12.3790210896385,0,0,0,0,0,2.84252619743347,0,0,0,0,0,3.6673454105854,0,0,0,0,0,0,10.7358511121649,0,5.91865628119204,0,0,0,0,0,0,0,0,0,0,0,15.5562612093412,5.27833166239145,9.19664669036865,14.3012263398421,0,0
0,6.77478781609552,0,0,0,0,0,0,0,3.93755888527837,0,0,0,0,0,0,0,3.16983008384705,0,0,0,0,0,12.0342953452647,0,5.68117704787778,0,0,0,0,0,0,0,0,0,0,0,18.1939006132238,0,0,0,35.6421269503507,0,55.6340408325195,0,0,0,27.4402008056641,0,27.6289693287441,0,0,0,0,0,5.4012881434241,0,7.59494762420654,0,0,0,4.95189027786255,0,0,0,0,11.7516082698152,0,0,0,0,0,0,0,0,0,0,0,0,0,20.3125122294706,0,5.23716423222644,6.78608833312988,22.4203238487244,0,0
44.0647763984148,46.753173828125,42.9487056732178,0,0,0,0,0,25.3644812829567,34.3124771118164,0,0,0,0,2.9530428647995,0,0,13.7543037325585,8.54445310987445,0,0,0,2.87432040658387,38.6217432022095,9.21088303219188,0,3.55727969972711,0,0,0,0,0,0,0,0,0,0,34.7508622446368,21.2926434570888,44.5711455572219,42.5430157914454,37.3350763989895,30.8357887787859,31.3034298236553,24.1310551654209,43.5083807292737,37.8307107022583,24.9818204382192,27.3877873002437,40.2181375291612,0,0,0,0,9.45096205883339,34.9230461120605,0,0,0,0,0,0,48.5465717315674,0,0,2.97529843648275,43.8562589372907,9.82318970354013,0,0,52.2624740600586,0,47.3719681826505,0,0,0,0,0,0,0,37.819452863751,27.3312195997972,7.7679902075125,8.26067408195598,35.3520151021961,33.9468258510936,27.7316559695741
53.3917870521545,12.6338608529833,0,46.9627532958984,0,0,0,0,51.1289310455322,13.5118520327977,0,0,0,0,0,3.16983008384705,13.7543037325585,0,14.0034499366153,0,0,3.26146558614878,0,12.0085201263428,0,3.18251917545612,0,0,0,0,0,0,0,0,0,0,0,0,55.4347229003906,43.0942421647691,44.9596881866455,34.9490426754733,37.8452705560729,33.1103102281132,36.1740576426188,36.1747457267871,43.3826492549058,0,41.6803154945374,63.9750246320452,0,0,0,0,0,18.0404590271615,0,72.0096774631076,0,93.2706604003906,0,0,40.1354109446208,0,0,0,49.1056814193726,0,0,0,38.0341275680897,0,36.3324808215348,0,0,0,0,0,0,0,39.5582606227522,0,10.1577502359243,7.46552118103273,36.1299828709444,33.4355620162128,34.1926259274753
29.4786431357617,24.736625289917,29.4580400466919,31.1280693478054,0,0,0,0,10.6446223383056,16.6000792185466,0,0,0,0,0,0,8.54445310987445,14.0034499366153,0,0,0,0,0,0,21.0621653142965,0,0,0,0,0,0,0,0,0,0,0,0,36.5653123855591,25.7464778811433,30.1961523159597,31.4402014927046,25.4122558619999,24.2051629890469,18.0719548541634,17.3471265489692,22.8982037480699,26.2183337031586,0,21.1777729016763,44.3326371002197,0,48.8775482177734,0,0,12.9926494250146,24.0974945492215,0,53.4837758200509,0,68.2601165771484,0,0,33.1890011540166,0,0,0,37.5656979084015,21.1510020396749,0,0,34.7588028113047,0,36.0515084090056,0,0,0,0,0,0,25.2440166473389,29.6193579068551,26.6250733048169,13.6113508414008,21.9128533130851,27.3033435099986,17.2301893772617,23.997301257494
0,0,0,0,0,0,0,0,0,0,0,3.75775329882385,0,0,0,0,0,0,0,0,0,0,0,0,0,0,0,0,0,0,0,0,0,0,0,3.0571548640728,0,4.66556787490845,0,0,0,0,0,0,0,0,0,0,0,0,0,0,0,0,0,0,0,5.06476922090663,0,0,0,0,3.59589766505855,0,0,0,0,0,0,0,0,0,0,0,0,0,0,0,0,0,0,0,3.94537936825706,0,6.64754226415054,0,0
0,0,0,0,2.90546530485153,0,2.73919081687927,0,0,0,3.43779179374164,0,0,0,0,0,0,0,0,0,0,0,0,0,0,0,0,0,0,0,0,0,0,0,0,0,3.00770235791498,0,0,0,0,0,0,0,0,0,4.87761998061118,0,0,0,0,0,0,0,0,0,3.3686354377053,0,0,0,0,0,0,3.87076225940217,0,0,0,0,0,0,0,0,0,0,0,0,0,0,0,0,0,0,4.6336218660528,0,4.04312481713849,0,0
0,0,0,0,0,0,0,0,0,0,0,0,0,0,0,0,0,3.26146558614878,0,0,0,0,3.20688604824434,7.76400490601857,0,0,0,0,0,0,0,0,0,9.98324989645105,15.5838747024536,0,0,5.69954572542749,9.6768102645874,0,0,0,0,0,0,0,0,0,0,4.4916494132542,0,0,0,0,0,0,0,0,0,0,0,0,0,0,3.99943088210975,3.2709319293499,0,0,0,0,0,0,0,0,0,0,7.16526973247528,0,0,0,0,10.8645968437195,3.28909310989508,3.09360110098851,0,0,0
0,0,0,0,0,0,0,0,0,0,0,0,0,0,0,0,2.87432040658387,0,0,0,0,3.20688604824434,0,29.3838704427083,6.53821355449267,0,0,0,0,0,0,0,0,22.2038408915202,17.6516017913818,0,0,27.7793067844435,6.41366424638515,0,0,0,0,0,0,0,0,19.1178972263529,5.29359292984009,33.7441247463226,0,0,0,0,0,0,0,0,0,0,0,0,0,0,3.57345512280097,5.26326298054124,35.3055409749349,5.78530269622803,0,0,0,0,0,0,0,0,0,0,0,0,27.9433525440305,6.78696566865368,4.2816944417545,3.68342123049523,0,0,0
0,18.1428546905518,0,0,0,0,0,0,0,8.0212348522024,0,0,0,0,0,12.0342953452647,38.6217432022095,12.0085201263428,0,0,0,7.76400490601857,29.3838704427083,0,27.9861005147298,5.34768944978714,0,0,0,0,0,0,0,10.5572684452098,0,0,0,4.46450652725889,20.6385903358459,0,0,9.25753593444824,0,0,0,0,0,15.3897724151611,0,7.26538346734498,0,0,0,0,0,3.95454674959183,0,0,0,0,0,15.270406961441,0,0,6.80811820532146,29.6058956782023,4.69406061631988,25.2164649963379,0,0,0,0,22.0683460235596,0,0,0,0,0,0,0,6.24731314672183,15.1480400085449,11.1613801776219,17.4341714293868,8.59808223387774,0,0
10.733249851734,0,23.9103883107503,0,0,0,0,0,10.0467363503926,0,0,0,0,0,8.55270634311261,0,9.21088303219188,0,21.0621653142965,0,0,0,6.53821355449267,27.9861005147298,0,0,4.00231968272816,0,0,0,0,0,0,18.6751289367676,0,0,33.2763671875,22.9720976087782,6.29181979048965,0,47.9835643768311,0,18.9477539483681,0,26.7050476074219,0,30.9972684648302,11.9453847975958,10.1096574262931,28.2066729760939,0,0,0,0,11.3491817434257,0,0,0,0,0,6.98533552412003,0,0,0,0,7.07879024421053,30.21009926174,4.16152047189344,0,4.26918068461948,0,0,0,0,0,0,0,0,0,0,22.5070653348356,6.12444843802341,8.21357480844139,11.9472382779447,13.9767240655254,0,0
0,0,0,0,0,0,0,0,0,6.82874355316162,0,0,0,0,0,5.68117704787778,0,3.18251917545612,0,0,0,0,0,5.34768944978714,0,0,0,0,0,0,0,0,0,0,0,0,0,11.8501651287079,0,0,0,0,0,0,0,0,0,0,0,0,0,0,0,0,0,0,0,0,0,12.2322311401367,0,7.20207286603523,0,0,0,0,3.89029798788183,0,0,0,0,0,0,0,0,0,0,0,0,0,13.2444744110107,0,7.47282438006944,15.3232940673828,0,0,0
0,0,0,0,0,0,0,0,8.74673960041581,0,0,0,0,0,6.10138944670451,0,3.55727969972711,0,0,0,0,0,0,0,4.00231968272816,0,0,0,0,0,0,0,0,0,0,0,0,0,11.331413269043,0,0,0,15.932463829334,0,0,0,0,0,10.5521780587489,0,0,0,0,0,10.0264984888908,0,0,0,0,0,5.23679169228202,0,0,0,0,0,0,8.83322143554688,0,3.57916140556335,0,0,0,0,0,0,0,0,0,0,0,9.24417781829834,8.7107859641096,0,11.6566042649119,0,0
0,0,0,0,0,0,0,0,0,0,0,2.91525283612703,0,3.85738149483999,0,0,0,0,0,0,0,0,0,0,0,0,0,0,0,3.08113770484924,0,0,0,0,0,0,0,3.79456940220623,0,0,0,0,0,0,0,0,0,0,0,0,0,0,0,0,0,0,0,0,0,0,0,0,0,0,0,0,0,0,0,0,3.53539077991987,0,0,0,0,0,0,0,0,0,0,0,3.09865394463906,3.08901968730821,0,0,0
0,0,0,0,0,0,0,0,0,0,0,0,0,0,0,0,0,0,0,0,0,0,0,0,0,0,0,0,0,0,2.82596004671521,0,0,0,0,0,0,0,0,0,0,0,0,0,0,0,0,0,0,0,0,0,0,0,0,0,0,0,2.76355072855949,0,0,0,0,0,0,0,0,0,0,0,0,3.93338867553089,0,4.14535002603215,0,0,0,0,0,0,0,2.933189868927,3.04752750521742,3.53825427827915,0,0,0
0,0,0,0,0,0,0,0,0,0,0,2.83175448810353,0,0,0,0,0,0,0,0,0,0,0,0,0,0,0,3.08113770484924,0,0,0,0,0,0,0,0,0,3.05605298876762,0,0,0,0,0,0,0,0,0,0,0,0,0,0,0,0,0,0,0,3.09755363464355,0,0,0,0,0,0,0,0,0,0,0,0,0,0,3.10432891832053,0,0,0,0,0,0,0,0,0,2.97288935258985,2.86766043305397,0,0,0
0,0,0,0,0,0,0,0,0,0,0,0,0,0,0,0,0,0,0,0,0,0,0,0,0,0,0,0,2.82596004671521,0,0,0,0,0,0,0,0,0,0,0,0,0,0,0,0,0,0,0,0,0,0,0,0,0,0,0,2.73428344726562,0,0,0,0,0,0,0,0,0,0,0,0,0,0,3.06957415346698,0,3.93037815655478,0,0,0,0,0,0,0,0,2.93688631057739,0,0,0,0
0,0,0,0,0,0,0,0,0,0,0,0,0,0,0,0,0,0,0,0,0,0,0,0,0,0,0,0,0,0,0,0,3.67193453584977,0,14.4661254592058,9.16397318448106,4.21596332338818,0,0,0,0,0,0,0,0,0,0,4.71713266874615,12.8686180114746,0,0,0,0,0,0,0,0,0,0,0,0,0,0,0,0,0,0,0,0,0,0,0,0,0,3.26930826832812,4.11744768917561,0,0,8.92148028942118,4.15321234139529,0,0,3.64178276062012,0,0,0,0
0,0,0,0,0,0,0,0,0,0,0,0,0,0,0,0,0,0,0,0,0,0,0,0,0,0,0,0,0,0,0,3.67193453584977,0,0,12.0712432861328,4.53169742508938,11.9235344954899,0,0,0,0,0,0,0,0,0,0,5.99192407131195,11.181022644043,3.4799679517746,0,0,0,0,0,0,0,0,0,0,0,0,0,0,0,0,0,0,0,0,0,0,0,0,4.30405618374546,3.25089294767855,0,0,4.57239407300949,19.1262772488144,0,0,2.91418932132903,0,0,0,0
0,0,0,0,0,0,0,0,0,0,0,0,0,0,0,0,0,0,0,0,0,9.98324989645105,22.2038408915202,10.5572684452098,18.6751289367676,0,0,0,0,0,0,0,0,0,7.31765190183312,0,0,5.45520463094607,9.75784746152625,0,0,0,0,0,0,0,0,5.9732994933403,13.8551216125488,6.63476808865865,0,0,0,0,0,0,0,0,0,0,0,0,0,0,12.3262278238932,21.1251249313354,11.9838756864721,21.4021587371826,0,0,0,0,0,0,5.46346807479858,0,3.88178102075805,3.96658222396652,0,0,6.56408037900925,13.342978114603,8.40800784184382,6.17166148729561,0,0,0
0,0,0,0,0,0,0,0,0,0,0,0,0,0,0,0,0,0,0,0,0,15.5838747024536,17.6516017913818,0,0,0,0,0,0,0,0,14.4661254592058,12.0712432861328,7.31765190183312,0,0,2.84144580364227,10.7567045110645,3.8413640602001,0,0,0,15.7529964447021,0,0,0,0,8.3800993236487,22.0541820526123,11.1155974007899,0,0,0,0,0,0,0,0,0,0,0,0,0,0,0,0,12.8685541152954,0,0,0,0,0,0,0,13.480081681852,0,5.2972119214528,3.26778026670218,0,2.81869548559189,11.3982907360747,3.45037234268306,5.63534989674225,3.67199425470261,0,0,0
0,0,0,26.1331272125244,0,0,0,0,0,0,0,0,0,0,0,0,0,0,0,3.0571548640728,0,0,0,0,0,0,0,0,0,0,0,9.16397318448106,4.53169742508938,0,0,0,3.98203756883043,2.80433287987342,0,4.18576576549615,6.26224965152174,22.4929275512695,0,0,0,17.9698199033737,0,6.96606666285817,5.40210541900323,6.26519831877488,0,0,0,0,0,0,0,0,0,0,0,0,3.84140435965745,0,0,0,0,0,0,0,0,0,0,0,6.83390665054321,5.96151436591635,0,0,3.85868660308816,4.64431328936579,3.43234006487953,0,5.24507478238168,3.89548985823869,3.67610981905902,0,0
22.5221385574341,0,18.947269348388,0,0,0,0,0,28.017361831665,0,0,0,0,0,0,0,0,0,0,0,3.00770235791498,0,0,0,33.2763671875,0,0,0,0,0,0,4.21596332338818,11.9235344954899,0,2.84144580364227,3.98203756883043,0,0,3.43841734933264,8.62259197235107,3.06182193756104,0,27.6293891906738,0,0,0,4.29920949094436,9.08418134958046,23.5490463256836,10.5114307403564,0,0,0,0,29.327761332194,0,0,0,0,0,0,0,0,0,0,0,0,0,0,0,0,0,0,0,0,8.7590250499913,0,0,4.58486194841676,4.37189398822545,0,4.24711926778158,4.1757089558134,3.51523799132914,7.08243982067192,0,0
50.4036293029785,18.096974545055,0,23.9043199157715,0,0,0,0,42.5461807250977,10.6657347679138,0,2.81216744422913,0,0,33.9822463989258,18.1939006132238,34.7508622446368,0,36.5653123855591,4.66556787490845,0,5.69954572542749,27.7793067844435,4.46450652725889,22.9720976087782,11.8501651287079,0,3.79456940220623,0,3.05605298876762,0,0,0,5.45520463094607,10.7567045110645,2.80433287987342,0,0,10.0761337257866,0,0,41.1241841620587,47.7616004943848,34.2998638153076,0,34.7395166669573,0,7.51760487930447,0,6.21789252465703,0,0,0,0,0,18.1472991761707,0,13.6626698830548,0,24.388783416748,0,21.701212570884,16.4293775558472,0,7.0759082822764,27.43221011204,6.01828574103055,26.1318614535862,14.7579123179118,0,12.8005665540695,0,3.93730210182362,0,0,0,0,12.7092287063599,2.9878380091294,0,3.96183898385168,9.90672415274161,5.57838239261036,3.36326712143761,14.6171165236193,0,0
12.6157129366104,0,29.0965399060931,0,0,0,0,0,17.4032241939443,0,0,0,0,0,18.3974823156993,0,21.2926434570888,55.4347229003906,25.7464778811433,0,0,9.6768102645874,6.41366424638515,20.6385903358459,6.29181979048965,0,11.331413269043,0,0,0,0,0,0,9.75784746152625,3.8413640602001,0,3.43841734933264,10.0761337257866,0,0,0,0,40.3526542663574,0,31.3349800109863,0,30.7782726287842,8.63788394071945,9.25865459442139,25.7088054011043,0,0,0,0,16.6555288927055,33.0887794494629,0,0,0,0,14.2653007507324,0,0,0,0,7.19605904356456,26.7290584052481,7.81985458596186,0,0,0,2.75251317024231,0,3.01772854328156,0,0,6.26789979934692,4.71301293373108,0,2.90574992199739,15.2045982360028,3.2164523016875,6.01308928854683,5.38114045286316,35.5397551059723,0,0
0,39.8306135030893,0,54.1629943847656,0,0,0,0,0,26.3737129211426,0,0,0,0,0,0,44.5711455572219,43.0942421647691,30.1961523159597,0,0,0,0,0,0,0,0,0,0,0,0,0,0,0,0,4.18576576549615,8.62259197235107,0,0,0,13.2298614534281,12.0025768671658,65.0623016357422,13.4257437320466,62.3143787384033,4.27399820097341,70.9033699035645,5.10410140110896,12.3467456626892,10.5737650643224,0,0,0,0,0,28.0183537801107,0,35.7222797911046,0,51.4749164581299,0,55.9635162353516,39.7126989364624,0,0,0,36.5261568069458,0,0,0,45.133975982666,0,19.9801926612854,0,0,0,0,0,3.95228834517977,14.6452779769897,46.2874984741211,0,20.5669854072475,50.3450646465772,9.83949880708863,22.7794118294349,0
39.2562694549561,0,0,0,0,0,0,0,36.3555112566267,0,0,0,0,0,0,0,42.5430157914454,44.9596881866455,31.4402014927046,0,0,0,0,0,47.9835643768311,0,0,0,0,0,0,0,0,0,0,6.26224965152174,3.06182193756104,0,0,13.2298614534281,0,65.5173122406006,11.9070021521041,0,14.7502587550395,73.8755353291829,6.63661991393013,7.46534510792756,4.19068343505841,10.0545869779348,0,0,0,0,47.1004791259766,0,0,0,0,0,0,0,0,0,0,0,0,25.8527545928955,0,0,0,0,66.7545166015625,0,0,0,0,0,10.6446408630588,5.02677527645178,65.3476028442383,46.7105903625488,32.8287365838015,51.1082188415527,7.26446877817983,0,18.7621678452433
32.414032181104,19.8080967044604,0,28.7262385253507,0,32.4129477606879,0,0,31.0382690429688,14.016412386322,0,4.47785609109061,0,0,0,35.6421269503507,37.3350763989895,34.9490426754733,25.4122558619999,0,0,0,0,9.25753593444824,0,0,0,0,0,0,0,0,0,0,0,22.4929275512695,0,41.1241841620587,0,12.0025768671658,65.5173122406006,0,25.8982301488067,11.8562893722471,50.6992029462542,17.8105659976668,63.0879956758939,0,28.9742420514425,17.6546316307165,0,35.685540093316,0,0,0,14.1095320791929,0,27.6210908277535,0,29.2746223545074,0,29.8523005001129,27.2655504055089,0,0,0,37.0055917988162,0,0,0,21.0899461819209,0,9.98889612975546,0,0,0,0,0,5.66332817077637,0,24.394001440732,64.04736328125,23.3794886601102,44.3320734704291,17.819542857347,6.92905558401338,49.7085803985596
23.3850898174018,0,24.4143832262825,38.5602860450745,0,0,0,0,19.2373293777258,0,0,0,0,0,17.7032844424248,0,30.8357887787859,37.8452705560729,24.2051629890469,0,0,0,0,0,18.9477539483681,0,15.932463829334,0,0,0,0,0,0,0,15.7529964447021,0,27.6293891906738,47.7616004943848,40.3526542663574,65.0623016357422,11.9070021521041,25.8982301488067,0,25.0055325868967,11.7715881907014,60.2111357813296,18.222959813691,11.3373052286796,9.08181454901898,6.23381791519843,0,0,0,0,19.3513166649397,0,0,39.2934093475342,0,0,18.1789449850718,0,57.0260009765625,6.12095928192139,0,0,47.6814975738525,17.0124390478487,0,15.6998071506106,61.5730133056641,0,54.1733273400201,2.95629940032959,0,0,0,0,0,6.68591451644897,55.6813235812717,32.4427423548343,20.7626907775438,41.139050435643,13.6082888139283,17.6151158108431,10.1322575892161
18.0974663893382,30.4422660827637,0,18.2188107507271,0,23.1708889007568,0,0,23.0875377655029,12.0080212184361,0,0,0,0,0,55.6340408325195,31.3034298236553,33.1103102281132,18.0719548541634,0,0,0,0,0,0,0,0,0,0,0,0,0,0,0,0,0,0,34.2998638153076,0,13.4257437320466,0,11.8562893722471,25.0055325868967,0,0,11.328189314409,56.585385799408,0,34.1108245849609,25.9988703551116,0,26.951286315918,0,0,0,20.8264142445156,0,32.9128315789359,0,50.947566986084,0,51.5357494354248,27.8985803538355,0,0,0,28.332857131958,0,0,0,33.1932665017935,0,33.4898541768392,0,0,0,0,0,0,0,30.1119091727517,32.0917663574219,20.4578457266944,38.058845883324,20.3702268955966,17.7584819793701,50.9149449666341
18.5806545085044,0,11.1943354606628,0,0,0,0,0,20.2142488479614,0,0,0,0,0,0,0,24.1310551654209,36.1740576426188,17.3471265489692,0,0,0,0,0,26.7050476074219,0,0,0,0,0,0,0,0,0,0,0,0,0,31.3349800109863,62.3143787384033,14.7502587550395,50.6992029462542,11.7715881907014,0,0,57.6317383902414,9.79882764995179,0,32.1009563446045,0,0,0,0,0,0,0,0,0,0,0,0,0,52.3918037414551,0,0,0,0,0,0,0,0,0,0,0,0,0,0,0,0,0,0,30.2678623199463,26.9821571424896,40.6519256591797,14.1104566736536,0,20.5341452889972
30.603022182689,18.1532528993314,0,22.9452119939467,0,0,0,0,47.371603012085,17.5440069458089,0,0,0,0,0,0,43.5083807292737,36.1747457267871,22.8982037480699,0,0,0,0,0,0,0,0,0,0,0,0,0,0,0,0,17.9698199033737,0,34.7395166669573,0,4.27399820097341,73.8755353291829,17.8105659976668,60.2111357813296,11.328189314409,57.6317383902414,0,66.8132630348206,0,61.8260555267334,27.3232476481685,0,28.7297191619873,0,0,0,18.5566847422766,0,29.6667199172373,0,22.2213859558105,0,41.931178410848,23.0632390169362,0,0,0,33.0578300302679,0,0,0,38.25315284729,0,31.9137149590712,0,0,0,0,0,3.29661806006181,0,31.4610637996508,0,21.8916123505681,45.89492433807,17.6278110946488,29.8528079032898,51.3926277160645
15.4982597900159,0,8.70446608066559,0,0,0,0,0,27.7797656435716,0,9.43341890970866,0,0,0,0,0,37.8307107022583,43.3826492549058,26.2183337031586,0,4.87761998061118,0,0,0,30.9972684648302,0,0,0,0,0,0,0,0,0,0,0,4.29920949094436,0,30.7782726287842,70.9033699035645,6.63661991393013,63.0879956758939,18.222959813691,56.585385799408,9.79882764995179,66.8132630348206,0,0,31.1346347148602,0,0,0,0,0,30.5357107015756,0,11.6143751525879,44.2130241394043,0,0,0,0,77.712028503418,4.92573099458949,0,0,0,28.871244430542,0,0,73.1033134460449,0,61.3349304199219,0,0,0,0,0,0,3.15283918380737,66.4861488342285,33.5465629577637,29.5207807437246,49.1130290948428,12.8946996888311,58.4221725463867,23.5792746285412
0,0,0,0,0,0,0,0,26.1150135803223,0,0,0,0,0,24.4141731262207,27.4402008056641,24.9818204382192,0,0,0,0,0,19.1178972263529,15.3897724151611,11.9453847975958,0,0,0,0,0,0,4.71713266874615,5.99192407131195,5.9732994933403,8.3800993236487,6.96606666285817,9.08418134958046,7.51760487930447,8.63788394071945,5.10410140110896,7.46534510792756,0,11.3373052286796,0,0,0,0,0,6.13132074435598,7.28726375227939,0,0,0,0,26.9411879948207,0,0,0,0,0,0,22.5807189941406,0,0,0,17.0983235605301,14.1038376944406,14.017732994897,0,0,0,0,0,0,4.96845953742032,4.48271251680975,6.6534933814158,9.39797456844433,6.76731321362918,11.0162463536908,8.66597633997599,10.9849029821707,5.4588677318451,34.3236846923828,3.36353535652161,0,0
14.6245422967419,0,6.05635328749393,49.7092742919922,10.5105454126994,0,0,0,11.4488413615414,0,0,0,0,0,12.3790210896385,0,27.3877873002437,41.6803154945374,21.1777729016763,0,0,0,5.29359292984009,0,10.1096574262931,0,10.5521780587489,0,0,0,0,12.8686180114746,11.181022644043,13.8551216125488,22.0541820526123,5.40210541900323,23.5490463256836,0,9.25865459442139,12.3467456626892,4.19068343505841,28.9742420514425,9.08181454901898,34.1108245849609,32.1009563446045,61.8260555267334,31.1346347148602,6.13132074435598,0,7.32130023156381,0,0,0,0,11.8749015119341,0,0,51.2577953338623,0,0,10.9645790091162,0,0,0,0,5.48062027201933,0,10.3027291752699,0,7.27067685271706,0,3.10203424367038,0,0,0,11.6996318101883,12.3726320266724,0,10.2029031430437,10.2475661183364,14.5413522720337,5.91559263706207,9.68379900969273,13.2960012526739,5.26220563544315,0,13.5472604751587
40.0226147969564,10.262984476044,0,21.4361062902488,0,0,0,0,0,9.3734875854693,0,0,0,0,0,27.6289693287441,40.2181375291612,63.9750246320452,44.3326371002197,0,0,4.4916494132542,33.7441247463226,7.26538346734498,28.2066729760939,0,0,0,0,0,0,0,3.4799679517746,6.63476808865865,11.1155974007899,6.26519831877488,10.5114307403564,6.21789252465703,25.7088054011043,10.5737650643224,10.0545869779348,17.6546316307165,6.23381791519843,25.9988703551116,0,27.3232476481685,0,7.28726375227939,7.32130023156381,0,0,40.272958278656,0,0,0,9.14896190400217,0,13.1647569865529,0,12.8026161343105,0,16.4513001349665,19.6935508345056,0,3.81310766388253,32.308293429288,11.1718137472175,31.3607250560414,5.31645898385481,0,8.32798288293587,0,8.52908045094779,0,0,0,0,0,3.98489969739547,11.9625606591517,5.57265848156471,24.2231386237674,4.95367995658693,25.097757935524,13.4257724981,0,0
0,0,3.07016182194153,0,2.83611191296187,0,0,0,0,0,0,0,5.32186901569366,0,0,0,0,0,0,0,0,0,0,0,0,0,0,0,0,0,0,0,0,0,0,0,0,0,0,0,0,0,0,0,0,0,0,0,0,0,0,0,0,0,0,0,2.97334101452805,0,3.26602953672409,0,3.79068577289581,0,0,0,0,0,0,0,0,0,0,0,0,0,0,0,0,0,0,0,0,0,3.46373929505078,10.6704352498055,0,0,0
41.5218620300293,16.4545269012451,0,8.39854999495224,0,3.24683715535708,0,0,0,5.05595016479492,0,5.55857350031535,0,0,0,0,0,0,48.8775482177734,0,0,0,0,0,0,0,0,0,0,0,0,0,0,0,0,0,0,0,0,0,0,35.685540093316,0,26.951286315918,0,28.7297191619873,0,0,0,40.272958278656,0,0,0,0,0,0,0,5.06795691876184,0,3.94581206639608,0,0,0,0,0,0,23.5241107940674,0,0,0,27.8833198547363,0,29.3044090270996,0,0,0,0,0,0,0,0,0,3.44946775803199,0,12.2711687088013,0,0
0,0,0,0,0,0,0,0,0,0,0,0,0,0,0,0,0,0,0,0,0,0,0,0,0,0,0,0,0,0,0,0,0,0,0,0,0,0,0,0,0,0,0,0,0,0,0,0,0,0,0,0,0,0,0,0,0,0,2.81426175435384,0,0,0,0,0,0,0,0,0,0,0,0,0,0,0,0,0,0,0,0,0,0,0,0,0,0,0,0
0,0,0,0,0,0,0,0,0,0,0,0,0,0,0,0,0,0,0,0,0,0,0,0,0,0,0,0,0,0,0,0,0,0,0,0,0,0,0,0,0,0,0,0,0,0,0,0,0,0,0,0,0,0,0,0,0,0,0,0,0,0,0,0,0,0,0,0,0,0,0,0,0,0,0,0,0,0,0,0,0,0,0,0,0,0,0
10.1462391772598,0,8.07311381620264,0,2.74878633022308,0,0,0,6.1932043730617,0,0,0,0,0,2.84252619743347,0,9.45096205883339,0,12.9926494250146,0,0,0,0,0,11.3491817434257,0,10.0264984888908,0,0,0,0,0,0,0,0,0,29.327761332194,0,16.6555288927055,0,47.1004791259766,0,19.3513166649397,0,0,0,30.5357107015756,26.9411879948207,11.8749015119341,0,0,0,0,0,0,0,0,0,0,0,4.83356285095215,0,0,0,0,0,0,12.1614477571688,0,3.04964303970337,0,0,0,0,0,0,0,0,0,0,0,12.8994296665849,9.82370074756245,9.78346301487514,16.8885466438645,0,40.0593681335449
0,6.33572499918156,0,16.7490745024248,0,0,0,0,0,5.11840162315522,0,0,0,0,0,5.4012881434241,34.9230461120605,18.0404590271615,24.0974945492215,0,0,0,0,3.95454674959183,0,0,0,0,0,0,0,0,0,0,0,0,0,18.1472991761707,33.0887794494629,28.0183537801107,0,14.1095320791929,0,20.8264142445156,0,18.5566847422766,0,0,0,9.14896190400217,0,0,0,0,0,0,0,30.3026854197184,0,18.811562538147,0,4.72190101672027,19.16344334529,0,0,0,12.8884687312814,0,0,0,18.5928557443281,0,18.9832227917999,0,0,0,0,0,0,0,17.8971541404724,0,8.40650163609931,0,17.1553998730047,8.80265402793884,0
0,0,3.64283432722092,0,3.46949636936188,0,0,0,0,0,3.08651081096447,0,2.90198576450348,0,0,0,0,0,0,0,3.3686354377053,0,0,0,0,0,0,0,0,0,2.73428344726562,0,0,0,0,0,0,0,0,0,0,0,0,0,0,0,11.6143751525879,0,0,0,2.97334101452805,0,0,0,0,0,0,0,3.61568664974636,0,5.83587705172025,0,0,5.07132334790146,0,0,0,0,0,0,0,2.80541769663493,0,3.8387591115066,0,0,0,0,0,0,0,0,0,0,3.98176090340164,0,0
37.802787399292,11.6936320267714,0,5.42643929836227,0,3.69112443625927,0,2.95760500431061,0,0,0,3.80673635565995,0,0,0,7.59494762420654,0,72.0096774631076,53.4837758200509,5.06476922090663,0,0,0,0,0,0,0,0,0,3.09755363464355,0,0,0,0,0,0,0,13.6626698830548,0,35.7222797911046,0,27.6210908277535,39.2934093475342,32.9128315789359,0,29.6667199172373,44.2130241394043,0,51.2577953338623,13.1647569865529,0,5.06795691876184,0,0,0,30.3026854197184,0,0,0,4.68208022113276,0,6.10852720222039,10.4177677525675,0,0,0,20.6417315581749,0,0,0,7.03917255627629,0,10.057468049171,0,0,0,0,0,0,0,22.6175749097552,0,45.5348706245422,86.9577865600586,19.8080583806788,0,45.0304527282715
0,0,2.93613673631962,0,4.31186246871948,0,0,0,0,0,0,0,3.13196519302995,0,0,0,0,0,0,0,0,0,0,0,0,0,0,0,2.76355072855949,0,0,0,0,0,0,0,0,0,0,0,0,0,0,0,0,0,0,0,0,0,3.26602953672409,0,2.81426175435384,0,0,0,3.61568664974636,0,0,0,0,0,0,8.60605545477434,0,0,0,0,0,0,0,3.15471528797615,0,0,0,0,0,0,0,0,0,0,3.49902675742491,3.52376277213229,3.90528053707547,0,0
0,10.0963794596055,0,5.18834341317415,0,3.15328869819641,0,2.94783655079928,0,0,0,6.47885169374182,0,3.25512279945166,0,0,0,93.2706604003906,68.2601165771484,0,0,0,0,0,0,12.2322311401367,0,0,0,0,0,0,0,0,0,0,0,24.388783416748,0,51.4749164581299,0,29.2746223545074,0,50.947566986084,0,22.2213859558105,0,0,0,12.8026161343105,0,3.94581206639608,0,0,0,18.811562538147,0,4.68208022113276,0,0,0,4.11600893168222,6.87914946040169,0,0,0,22.2724221685658,0,10.116698375115,0,6.38683018988561,0,23.7150938245985,0,0,0,0,0,0,0,24.0502055975107,0,19.4646854400635,2.74527425765991,14.0627291389134,0,0
3.37596489853329,0,3.1846764502318,0,3.14288921978163,0,0,0,6.48152481868703,0,0,0,0,0,3.6673454105854,0,0,0,0,0,0,0,0,0,6.98533552412003,0,5.23679169228202,0,0,0,0,0,0,0,0,0,0,0,14.2653007507324,0,0,0,18.1789449850718,0,0,0,0,0,10.9645790091162,0,3.79068577289581,0,0,0,4.83356285095215,0,5.83587705172025,0,0,0,0,0,0,10.9713801542918,0,0,0,8.57515619896554,0,4.15601824142121,0,0,0,0,0,0,0,0,0,0,0,0,5.08238728710862,9.57995557785034,6.91322063496619,0,0
41.8813247680664,6.50721947899348,0,0,0,0,0,0,0,4.09321089585622,0,0,0,0,0,4.95189027786255,0,0,0,0,0,0,0,15.270406961441,0,7.20207286603523,0,0,0,0,0,0,0,0,0,0,0,21.701212570884,0,55.9635162353516,0,29.8523005001129,0,51.5357494354248,0,41.931178410848,0,22.5807189941406,0,16.4513001349665,0,0,0,0,0,4.72190101672027,0,6.10852720222039,0,4.11600893168222,0,0,6.51301574707031,0,0,0,21.7722897991057,0,0,0,25.0089521408081,0,26.8831859588623,0,0,0,0,0,0,0,18.850243780348,0,12.2518185206822,0,18.6553675728244,0,0
46.3502873011998,13.0773721279637,0,32.4746751785278,0,0,0,0,53.7147979736328,18.3552484194438,0,2.74381852149963,0,0,0,0,48.5465717315674,40.1354109446208,33.1890011540166,3.59589766505855,0,0,0,0,0,0,0,0,0,0,0,0,0,0,0,3.84140435965745,0,16.4293775558472,0,39.7126989364624,0,27.2655504055089,57.0260009765625,27.8985803538355,52.3918037414551,23.0632390169362,77.712028503418,0,0,19.6935508345056,0,0,0,0,0,19.16344334529,0,10.4177677525675,0,6.87914946040169,0,6.51301574707031,0,0,0,0,20.4647216796875,0,0,0,17.4555206298828,0,17.4245929718018,0,0,0,0,0,0,0,11.5848939235394,0,4.51784169228342,49.8736936395819,9.02903140309083,0,54.2122917175293
0,0,8.91244657834371,0,2.7480034828186,0,0,0,0,0,3.53639527419945,0,0,0,0,0,0,0,0,0,3.87076225940217,0,0,0,0,0,0,0,0,0,0,0,0,0,0,0,0,0,0,0,0,0,6.12095928192139,0,0,0,4.92573099458949,0,0,0,0,0,0,0,0,0,5.07132334790146,0,8.60605545477434,0,10.9713801542918,0,0,0,0,0,0,0,0,0,0,0,0,0,0,0,0,0,0,0,0,0,0,0,4.64712140681202,0,0
0,0,0,0,0,0,0,0,0,0,0,0,0,0,0,0,0,0,0,0,0,3.99943088210975,3.57345512280097,6.80811820532146,0,0,0,0,0,0,0,0,0,12.3262278238932,0,0,0,7.0759082822764,0,0,0,0,0,0,0,0,0,0,0,3.81310766388253,0,0,0,0,0,0,0,0,0,0,0,0,0,0,0,0,2.83065091239081,0,0,0,0,0,0,0,0,0,0,0,0,0,2.72874712944031,0,4.67468556978298,3.24755108451843,0,0,0
0,0,0,0,0,0,0,0,0,0,0,0,0,0,0,0,2.97529843648275,0,0,0,0,3.2709319293499,5.26326298054124,29.6058956782023,7.07879024421053,0,0,0,0,0,0,0,0,21.1251249313354,0,0,0,27.43221011204,7.19605904356456,0,0,0,0,0,0,0,0,17.0983235605301,5.48062027201933,32.308293429288,0,0,0,0,0,0,0,0,0,0,0,0,0,0,0,0,33.9703147888184,5.8454221252919,0,0,0,0,0,0,0,0,0,0,0,0,27.192213845079,8.39795775496202,5.94043128889829,5.20578031695407,0,0,0
0,14.6671019608412,0,21.4636265510737,0,0,0,0,47.598949432373,6.30285567598245,0,0,0,0,0,11.7516082698152,43.8562589372907,49.1056814193726,37.5656979084015,0,0,0,35.3055409749349,4.69406061631988,30.21009926174,3.89029798788183,0,0,0,0,0,0,0,11.9838756864721,12.8685541152954,0,0,6.01828574103055,26.7290584052481,36.5261568069458,0,37.0055917988162,47.6814975738525,28.332857131958,0,33.0578300302679,0,14.1038376944406,0,11.1718137472175,0,23.5241107940674,0,0,0,12.8884687312814,0,20.6417315581749,0,22.2724221685658,0,21.7722897991057,20.4647216796875,0,2.83065091239081,33.9703147888184,0,32.1814942359924,0,0,14.8641818026279,0,15.6001253384416,0,0,0,0,0,0,0,7.76562515571054,25.9588831795586,11.2759853782575,24.2977842224969,14.7704254023664,36.9067001342773,0
9.78196020126343,0,24.0647659301758,0,0,0,0,0,11.3418620389191,0,0,0,0,0,10.7358511121649,0,9.82318970354013,0,21.1510020396749,0,0,0,5.78530269622803,25.2164649963379,4.16152047189344,0,8.83322143554688,0,0,0,0,0,0,21.4021587371826,0,0,0,26.1318614535862,7.81985458596186,0,25.8527545928955,0,17.0124390478487,0,0,0,28.871244430542,14.017732994897,10.3027291752699,31.3607250560414,0,0,0,0,12.1614477571688,0,0,0,0,0,8.57515619896554,0,0,0,0,5.8454221252919,32.1814942359924,0,0,4.04894875563108,0,0,0,0,0,0,0,0,0,0,25.9293591090611,5.4967309501436,11.4913509668306,17.2060794787364,11.1694142192602,0,0
0,0,0,0,0,0,0,0,0,0,0,0,0,0,0,0,0,0,0,0,0,0,0,0,0,0,0,0,0,0,0,0,0,0,0,0,0,14.7579123179118,0,0,0,0,0,0,0,0,0,0,0,5.31645898385481,0,0,0,0,0,0,0,0,0,10.116698375115,0,0,0,0,0,0,0,0,0,0,2.80437112847964,0,0,0,0,0,0,0,0,0,11.0291353861491,0,8.84097766876221,0,10.4436100323995,0,0
0,0,0,0,0,0,0,0,8.07897055878931,0,0,0,0,0,5.91865628119204,0,0,0,0,0,0,0,0,0,4.26918068461948,0,3.57916140556335,0,0,0,0,0,0,0,0,0,0,0,0,0,0,0,15.6998071506106,0,0,0,0,0,7.27067685271706,0,0,0,0,0,3.04964303970337,0,0,0,0,0,4.15601824142121,0,0,0,0,0,0,4.04894875563108,0,0,0,0,0,0,0,0,0,0,0,0,0,0,9.9971095211101,0,12.1606316285975,0,0
52.3620719909668,21.1596544857683,0,24.6379303179289,0,0,0,0,0,19.9404423205883,0,0,0,5.25650835037231,0,0,52.2624740600586,38.0341275680897,34.7588028113047,0,0,0,0,0,0,0,0,3.53539077991987,0,0,0,0,0,0,0,0,0,12.8005665540695,0,45.133975982666,0,21.0899461819209,61.5730133056641,33.1932665017935,0,38.25315284729,73.1033134460449,0,0,8.32798288293587,0,27.8833198547363,0,0,0,18.5928557443281,0,7.03917255627629,0,6.38683018988561,0,25.0089521408081,17.4555206298828,0,0,0,14.8641818026279,0,2.80437112847964,0,0,0,3.95774229662759,0,0,0,0,0,0,0,6.05265194347927,0,12.6136314113935,3.36760960593218,9.4339268564892,0,0
0,0,0,0,0,0,0,0,0,0,2.83367864005769,0,2.83645498752594,0,0,0,0,0,0,0,0,0,0,0,0,0,0,0,3.93338867553089,0,3.06957415346698,0,0,0,0,0,0,0,2.75251317024231,0,0,0,0,0,0,0,0,0,3.10203424367038,0,0,0,0,0,0,0,2.80541769663493,0,3.15471528797615,0,0,0,0,0,0,0,0,0,0,0,0,0,0,4.63291234751932,0,0,0,0,0,0,0,0,2.93875463493168,3.34089053837599,0,0,0
63.8148498535156,20.8583341836929,0,26.0180430412292,0,31.4256229400635,0,0,0,19.5255729430312,0,3.35192875779433,0,0,0,0,47.3719681826505,36.3324808215348,36.0515084090056,0,0,0,0,22.0683460235596,0,0,0,0,0,3.10432891832053,0,0,0,0,0,0,0,3.93730210182362,0,19.9801926612854,66.7545166015625,9.98889612975546,54.1733273400201,33.4898541768392,0,31.9137149590712,61.3349304199219,0,0,8.52908045094779,0,29.3044090270996,0,0,0,18.9832227917999,0,10.057468049171,0,23.7150938245985,0,26.8831859588623,17.4245929718018,0,0,0,15.6001253384416,0,0,0,3.95774229662759,0,0,0,0,0,0,0,0,0,5.41076004277369,0,12.5292792452917,23.6007388591766,9.39654910049321,11.1297135353088,50.4489498138428
0,0,0,0,0,0,0,0,0,0,3.16588354110718,0,0,0,0,0,0,0,0,0,0,0,0,0,0,0,0,0,4.14535002603215,0,3.93037815655478,0,0,0,0,0,0,0,3.01772854328156,0,0,0,2.95629940032959,0,0,0,0,0,0,0,0,0,0,0,0,0,3.8387591115066,0,0,0,0,0,0,0,0,0,0,0,0,0,0,4.63291234751932,0,0,0,0,0,0,0,0,0,0,0,0,4.50366462979998,0,0
0,0,0,0,0,0,0,0,0,0,0,0,0,0,0,0,0,0,0,0,0,0,0,0,0,0,0,0,0,0,0,3.26930826832812,4.30405618374546,5.46346807479858,13.480081681852,6.83390665054321,0,0,0,0,0,0,0,0,0,0,0,4.96845953742032,0,0,0,0,0,0,0,0,0,0,0,0,0,0,0,0,0,0,0,0,0,0,0,0,0,0,0,4.2734823743981,3.49798607826233,0,0,0,0,0,3.24422914406349,0,0,0,0
0,0,0,0,0,0,0,0,0,0,0,0,0,0,0,0,0,0,0,0,0,0,0,0,0,0,0,0,0,0,0,4.11744768917561,3.25089294767855,0,0,5.96151436591635,8.7590250499913,0,0,0,0,0,0,0,0,0,0,4.48271251680975,11.6996318101883,0,0,0,0,0,0,0,0,0,0,0,0,0,0,0,0,0,0,0,0,0,0,0,0,0,4.2734823743981,0,0,0,15.5936689376831,13.233977622456,0,0,3.25961040010639,0,0,0,0
0,0,0,0,0,0,0,0,0,0,0,0,0,0,0,0,0,0,0,0,0,7.16526973247528,0,0,0,0,0,0,0,0,0,0,0,3.88178102075805,5.2972119214528,0,0,0,6.26789979934692,0,0,0,0,0,0,0,0,6.6534933814158,12.3726320266724,0,0,0,0,0,0,0,0,0,0,0,0,0,0,0,0,0,0,0,0,0,0,0,0,0,3.49798607826233,0,0,3.17368688315989,0,0,2.74601936340332,8.39003294706345,6.95498514175415,3.60368511374568,0,0,0
0,0,0,0,0,0,0,0,0,0,0,0,0,0,0,0,0,0,0,0,0,0,0,0,0,0,0,0,0,0,0,0,0,3.96658222396652,3.26778026670218,0,0,12.7092287063599,4.71301293373108,0,0,0,0,0,0,0,0,9.39797456844433,0,0,0,0,0,0,0,0,0,0,0,0,0,0,0,0,0,0,0,0,0,0,0,0,0,0,0,0,3.17368688315989,0,0,0,14.4083544413249,2.93746614456177,5.30658305486043,0,0,0,0
0,0,0,0,0,0,0,0,0,0,0,0,0,0,0,0,0,0,0,0,0,0,0,0,0,0,0,0,0,0,0,8.92148028942118,4.57239407300949,0,0,3.85868660308816,4.58486194841676,2.9878380091294,0,3.95228834517977,10.6446408630588,5.66332817077637,0,0,0,3.29661806006181,0,6.76731321362918,10.2029031430437,3.98489969739547,0,0,0,0,0,0,0,0,0,0,0,0,0,0,0,0,0,0,0,0,0,0,0,0,0,15.5936689376831,0,0,0,5.7888813858638,0,0,3.32962710129484,7.06677310717733,4.04533064365387,0,0
0,0,0,0,0,0,0,0,0,0,0,0,0,0,0,0,0,0,25.2440166473389,0,0,0,0,0,0,0,0,0,0,0,0,4.15321234139529,19.1262772488144,0,2.81869548559189,4.64431328936579,4.37189398822545,0,2.90574992199739,14.6452779769897,5.02677527645178,0,6.68591451644897,0,0,0,3.15283918380737,11.0162463536908,10.2475661183364,11.9625606591517,0,0,0,0,0,0,0,0,0,0,0,0,0,0,0,0,0,0,0,0,0,0,0,0,0,13.233977622456,0,0,5.7888813858638,0,0,4.29701197942098,3.44936637578909,6.27226555347443,6.85640417039394,0,10.4866342544556
0,17.3434414571645,0,23.5391194479806,0,0,0,0,0,16.9855921798282,0,0,0,0,0,20.3125122294706,37.819452863751,39.5582606227522,29.6193579068551,0,0,0,27.9433525440305,6.24731314672183,22.5070653348356,13.2444744110107,0,0,0,0,0,0,0,6.56408037900925,11.3982907360747,3.43234006487953,0,3.96183898385168,15.2045982360028,46.2874984741211,65.3476028442383,24.394001440732,55.6813235812717,30.1119091727517,0,31.4610637996508,66.4861488342285,8.66597633997599,14.5413522720337,5.57265848156471,0,0,0,0,0,17.8971541404724,0,22.6175749097552,0,24.0502055975107,0,18.850243780348,11.5848939235394,0,2.72874712944031,27.192213845079,7.76562515571054,25.9293591090611,11.0291353861491,0,6.05265194347927,0,5.41076004277369,0,0,0,2.74601936340332,14.4083544413249,0,0,0,15.3937596139237,6.5906782904459,4.52184729182772,8.50334968712552,13.8049211502075,0
