0,0,0.232428058750271,0,0,0,0,0,0.16762250296485,0,0,0,0,0,0,0,0,0,0.176038801670074,0,0,0,0,0,0,0,0,0,0,0,0,0,0,0,0,0,0,0,0,0,0,0,0.244678786978489,0,0,0,0,0,0.268515295557567,0,0,0,0,0,0.184235769882798,0,0,0,0,0,0,0,0,0,0,0,0,0,0,0,0,0,0,0,0,0,0,0,0,0,0,0,0.250732425840632,0,0.274307682923305,0,0.252616872621137
0,0,0,0.239194690374134,0,0.231515740354856,0,0,0,0.225157897753321,0,0,0,0,0,0,0,0,0.275832951068878,0,0,0,0,0,0,0,0,0,0,0,0,0,0,0,0,0,0,0,0,0,0,0.26755290709331,0,0,0,0,0.29097980260849,0,0,0.215765621277447,0,0.221644893288612,0,0,0,0.199379278719425,0,0,0,0,0,0.185675619928925,0,0,0,0,0,0,0,0,0,0,0,0,0,0,0,0,0,0,0,0,0.232508573767751,0,0.189823920910175,0.196158508785435,0
0.232428058750271,0,0,0,0.20411209622398,0,0,0,0.141351505889928,0,0,0,0,0,0,0,0,0,0,0,0.267884775996208,0,0,0,0,0,0,0,0,0,0,0,0,0,0,0,0,0,0,0,0,0,0.332682864232497,0,0.163458924740553,0,0.179511875203296,0.360662892460823,0.257286946607541,0,0.133439511060715,0,0,0,0.159856036305428,0,0,0,0,0,0,0,0,0,0,0,0,0,0,0,0,0,0,0,0,0,0,0,0,0,0,0,0.152076432947069,0,0.167854230931442,0,0.28476819396019
0,0.239194690374134,0,0,0,0.181391596794128,0,0,0,0.194754745438695,0,0,0,0,0,0,0,0,0,0,0,0,0,0,0,0,0,0,0,0,0,0,0,0,0,0.295632481575012,0,0,0,0,0,0.296769777211276,0,0,0,0.170133447053989,0,0.33754950761795,0,0.12579050369379,0,0.16303025077029,0,0,0,0.165227405153788,0,0.29381695886453,0,0.148225445832525,0,0.166340024934875,0,0,0,0,0,0,0,0,0,0,0.322202503681183,0,0,0,0,0,0,0,0.320742964744568,0,0.123586878180504,0,0.16005706603381,0.272913940250874,0
0,0,0.20411209622398,0,0,0,0.193838367859522,0,0.158422991060294,0,0,0,0,0,0,0,0,0,0,0,0.258582588699129,0,0,0,0,0,0,0,0,0,0,0,0,0,0,0,0,0,0,0,0,0,0,0,0,0,0.186127195755641,0.272950232028961,0,0,0.199831363988352,0,0.188008942774364,0,0.112662669271231,0,0,0,0.22987625002861,0,0.397296021382014,0,0,0,0,0,0,0,0,0,0,0,0,0,0,0,0,0,0,0,0,0,0.184833984693577,0,0.217027808048508,0,0
0,0.231515740354856,0,0.181391596794128,0,0,0,0.168880853801966,0,0.168597922959459,0,0.279825866222382,0,0,0,0,0,0,0,0.224988845300504,0,0,0,0,0,0,0,0,0,0,0,0.264576196670532,0,0.298244655132294,0,0.176738997985577,0,0.291242470343908,0,0.299916087388992,0,0.28345712646842,0,0,0,0.213525495587326,0,0.295939938529678,0,0.290324680805206,0,0.216083360985465,0,0.159696904942393,0,0.184085433681806,0,0.269528892305162,0,0.213819273389303,0,0.149651676416397,0.215188285111023,0,0,0,0,0,0,0,0,0,0.305693047121167,0,0,0,0.317292511463165,0,0.27744181578358,0,0.317651496692137,0,0.199581356017853,0,0.209709997826624,0,0
0,0,0,0,0.193838367859522,0,0,0,0,0,0,0,0,0,0,0,0,0,0,0,0,0,0,0,0,0,0,0,0,0,0,0,0,0,0,0,0.157043511668841,0,0,0,0,0,0,0,0,0,0,0,0,0,0.199894790882117,0,0.150182889493484,0,0,0,0.139504076469512,0,0.165385639667511,0,0,0,0,0,0,0,0,0,0,0,0,0,0,0,0,0,0,0,0,0,0,0,0.164636911863976,0.178617306881481,0,0,0
0,0,0,0,0,0.168880853801966,0,0,0,0,0,0.231706283115721,0,0.164782577753067,0,0,0,0,0,0,0,0,0,0,0,0,0,0,0,0,0,0,0,0,0,0,0,0,0,0,0,0,0,0,0,0,0,0,0,0,0,0.174472735540287,0,0.204110062483033,0,0,0,0.229170595606168,0,0.206913519682003,0,0,0,0,0,0,0,0,0,0,0,0,0,0,0,0,0,0,0,0,0,0,0.18927926434712,0,0,0,0
0.16762250296485,0,0.141351505889928,0,0.158422991060294,0,0,0,0,0.159226410664045,0,0,0,0,0.141599655065728,0,0.297480235786121,0.165242477764491,0.221483351334993,0,0,0.152894859512647,0.148623870313168,0.157174977389249,0.170515585783448,0.152511462569237,0.161001432605706,0,0,0,0,0,0,0,0,0,0,0.152657202311925,0.171835087239742,0.249753773212433,0.385011821985245,0.268618047237396,0.25440127402544,0,0.325434029102325,0,0,0,0.17426151234024,0,0,0,0,0,0.16995360001387,0.156173116394452,0,0,0,0,0.148346537232399,0,0,0,0.143231064081192,0.165618762373924,0.152229160070419,0.178645113200852,0.175235740840435,0.156911499539147,0,0,0,0,0,0,0,0,0.306422257423401,0.323513415242944,0,0,0.193584522572975,0.159830981963559,0.160754005114237,0,0
0,0.225157897753321,0,0.194754745438695,0,0.168597922959459,0,0,0.159226410664045,0,0,0,0,0,0.148959110180537,0.171184306399206,0.16952810575807,0.200920706389236,0.231488213427668,0,0,0.160719999495675,0,0.167117472648045,0.144440216012299,0.161164182309921,0.155751472711563,0.164781048893929,0,0,0,0,0,0,0,0,0,0.158430707241808,0,0.317949891090393,0.233304843306541,0.241456579949175,0,0,0.343894451856613,0,0.378613829612732,0,0.259147077798843,0.193246104396307,0,0.149187691509724,0,0,0.159099900722504,0.146841356530786,0,0,0,0,0.151232101023197,0.146965796394008,0,0,0.159434422850609,0,0.174771568604878,0.162604004144669,0.172061829827726,0.152513671666384,0,0,0,0,0,0,0,0,0.278044308225314,0.338658422231674,0,0,0.208993195026529,0.148546747863293,0.248052291572094,0.244670661432402,0
0,0,0,0,0,0,0,0,0,0,0,0,0,0,0,0,0,0,0.273680299520493,0,0.273308109295996,0,0,0,0,0,0,0,0,0,0.197758696973324,0,0,0,0,0,0.165543459821492,0,0.18935626805903,0,0.285290867090225,0,0.342114353574902,0,0.403740033507347,0,0.347462122413245,0.341254413127899,0.308397014935811,0,0,0,0,0,0,0,0.211190449243242,0,0.189996287226677,0,0,0,0,0.316674452275038,0,0,0,0,0,0,0,0,0,0.14900593851742,0,0,0,0,0,0.280541119830949,0,0.183533882101377,0.177918058017205,0,0.362646367866546,0,0.3649926818147
0,0,0,0,0,0.279825866222382,0,0.231706283115721,0,0,0,0,0,0.195705810271074,0,0,0,0.334875762462616,0.307831297318141,0.236039596116718,0,0,0,0,0,0,0,0.413051216138734,0,0.277287289011674,0,0,0,0,0,0.251823068285982,0,0.20435140634377,0,0.324332572519779,0.353639870882034,0.359530374407768,0,0.491031989455223,0,0.340838514982838,0,0.327431097626686,0,0.323323976248503,0,0.26664062863902,0,0.214793225074862,0,0,0,0.27227532665583,0,0.169816650982414,0,0,0.289738772224033,0,0,0,0,0,0,0,0.409100773868027,0,0.392863322612193,0,0,0,0,0,0.311569116678503,0,0.330073211732365,0,0.204035731146253,0,0.39189724624157,0.410671018362045,0
0,0,0,0,0,0,0,0,0,0,0,0,0,0,0.136482015252113,0,0.156503418087959,0,0,0,0,0,0,0,0,0,0,0,0.138149365782738,0,0,0,0,0,0,0,0,0,0,0,0,0,0,0,0,0,0,0,0,0,0.229186167009175,0,0,0,0,0,0,0,0.200656034304934,0,0,0,0,0,0,0,0,0,0,0,0,0.127616465091705,0,0,0,0,0,0,0,0,0,0,0.146272222201029,0,0,0,0
0,0,0,0,0,0,0,0.164782577753067,0,0,0,0.195705810271074,0,0,0,0.162763623402843,0,0.172012727616764,0,0,0,0,0,0,0,0.195623699914325,0,0.168456456859907,0,0,0,0,0,0,0,0,0,0,0,0,0,0,0,0,0,0,0,0,0,0,0,0.154355931282043,0,0.185222012656076,0,0,0,0,0,0.210212289674588,0,0.134961124975234,0,0,0,0,0,0,0.235385662743023,0,0.166974339273668,0,0,0,0,0,0,0,0,0,0,0,0.182500375341146,0.221864074468613,0,0,0
0,0,0,0,0,0,0,0,0.141599655065728,0.148959110180537,0,0,0.136482015252113,0,0,0,0.14640591724013,0.154513789280768,0.183681478812581,0,0,0,0.141784156560898,0,0.144990477293003,0.133513927459717,0.148236354354952,0,0.136708825826645,0,0,0,0,0,0,0.305935114622116,0,0.126972571015358,0,0,0,0,0,0,0,0,0,0,0,0,0,0,0,0,0.134708196899307,0.157856742540995,0,0,0.227418541908264,0,0.152158589487254,0,0,0,0,0.141549497842789,0.16891685128212,0.163466142060665,0,0.156511298016362,0,0.13262315868747,0,0,0,0,0,0,0.297377556562424,0.332090437412262,0,0,0.143808791241852,0.14999832212925,0,0,0
0,0,0,0,0,0,0,0,0,0.171184306399206,0,0,0,0.162763623402843,0,0,0.1554162557735,0.151853156018143,0.189842569828033,0,0,0.155017976090312,0,0.157148212462932,0.142865260442098,0.156094345160063,0.137095138430595,0.220724567770958,0,0,0,0,0,0,0,0,0,0.148433351268371,0,0,0,0,0,0,0,0,0,0,0,0.125112768262625,0,0,0,0,0.15131301432848,0.15742825598202,0,0.177723728120327,0,0.16496691649965,0.144147396087646,0.186540850996971,0,0,0.150552207773382,0,0.162369207257316,0.134666830301285,0.15948208415648,0,0.200150656203429,0,0,0,0,0,0,0,0.288858711719513,0,0,0,0.160489107903866,0.136186316609383,0,0,0
0,0,0,0,0,0,0,0,0.297480235786121,0.16952810575807,0,0,0.156503418087959,0,0.14640591724013,0.1554162557735,0,0.168582320433047,0.238443588875183,0.30992417037487,0.317317285471492,0.164773949554988,0.161864694010104,0.157018216533793,0.15865678532256,0.159707808680832,0.143810707535038,0,0.182324758805763,0,0,0,0,0,0.292382091283798,0.314320232186999,0.338010156696493,0.149217733711589,0.157018778845668,0.274423456192017,0.312322828363865,0.264748500251189,0.269662388220981,0.292859243658873,0.331355090253055,0.285195884960038,0.310547585487366,0.273582971344392,0.277760511747113,0.274401257817562,0,0,0,0,0.17184825453319,0.158492675302802,0,0.341691911220551,0,0,0.146062099555535,0.150860297679901,0.27097550034523,0.303902205611978,0.173951039711634,0.132480271837928,0.180474555492401,0.16383483622653,0.154406417323195,0.132536452803733,0.174307480454445,0,0,0,0,0,0,0,0.306317643165588,0.327488503296761,0.31390044093132,0,0.194422366694744,0.13987280261766,0.290039242431521,0.292479366064072,0.417978674173355
0,0,0,0,0,0,0,0,0.165242477764491,0.200920706389236,0,0.334875762462616,0,0.172012727616764,0.154513789280768,0.151853156018143,0.168582320433047,0,0.23078953201562,0.286211296916008,0.326031655073166,0.132373197915706,0.301877021789551,0.151943116709428,0.173959060593746,0.14494031207717,0.157197066415579,0.182933618426323,0,0,0,0,0.388486534357071,0,0,0.302856728434563,0.351678003867467,0.149886461379735,0.162371441721916,0.27326708137989,0.295382898300886,0.267830352967894,0.278297191692723,0.296400354802609,0.312364810705185,0.330501180428725,0.315731120109558,0.305366019407908,0.262511785541262,0.261726474220102,0,0,0,0,0.163953711390495,0.163600023819341,0,0.336699247360229,0,0.20784967392683,0.149055410176516,0.152798020604836,0.285502576828003,0.290741361677647,0.129355289743227,0.181511342525482,0.167148272693157,0.174770174890148,0.15932126183413,0.165960753434583,0.193522023577844,0,0.3411465883255,0,0,0,0,0,0.31587030230598,0.329729811828813,0.320822039246559,0,0.192077172664864,0.199284048462418,0.289955607530746,0.274845562875271,0
0.176038801670074,0.275832951068878,0,0,0,0,0,0,0.221483351334993,0.231488213427668,0.273680299520493,0.307831297318141,0,0,0.183681478812581,0.189842569828033,0.238443588875183,0.23078953201562,0,0.297233198176731,0.323915098394666,0.191787678748369,0.158444091677666,0.202351487444756,0.198955852241238,0.186259620863458,0.18752542266558,0,0,0.319052830338478,0,0,0,0,0.274309247732162,0.330389165856932,0.366813196271074,0.200030106306076,0,0.280132589378843,0.339804851818223,0.231288675529528,0.2364837343437,0.342623164564107,0.390852479725821,0.351299723467002,0.389632716093391,0.242553857569065,0.255512568647059,0.239244359967291,0,0,0,0,0.194843895733356,0.192961450393607,0,0.322232087976054,0,0,0.178795502583186,0,0.268052724691538,0.299412586987019,0.179365118344625,0,0.185345066445214,0.206981894119005,0.182280513975355,0.192865474302261,0.296762824058533,0,0.33849412533972,0,0,0.292718415458997,0,0.260901562869549,0.32817536915342,0.348623606188121,0.334836377203464,0.364351221493312,0.225670992539366,0.172546367706924,0.306621543792276,0.263479072254958,0.266064532101154
0,0,0,0,0,0.224988845300504,0,0,0,0,0,0.236039596116718,0,0,0,0,0.30992417037487,0.286211296916008,0.297233198176731,0,0,0,0,0,0,0,0,0.396757003935901,0,0.363529857360955,0,0,0,0.301437854766846,0,0.220954259350193,0,0.225292158353178,0,0.302885096620869,0,0.364772356935401,0,0.488807370265325,0,0.305725046904177,0,0.274420534571012,0,0.281204553884129,0,0.278420935658848,0,0,0,0,0,0.368499511312093,0,0,0,0,0.240443576097783,0,0,0,0,0,0,0,0.396556991514038,0,0.413983147907055,0,0,0,0.284999185800552,0,0.277891845834984,0,0.310789068214229,0,0.185841636180326,0.257401173313459,0.330884213897992,0.388582452680125,0
0,0,0.267884775996208,0,0.258582588699129,0,0,0,0,0,0.273308109295996,0,0,0,0,0,0.317317285471492,0.326031655073166,0.323915098394666,0,0,0,0,0,0,0,0,0,0,0,0,0,0.286722551286221,0,0.291516125202179,0.290974795818329,0.207492144342625,0,0.206636037511431,0,0.287244478097329,0,0.339855412049884,0,0.455137825092754,0,0.333152373179301,0.29751140119568,0.291243328215325,0.291838333010674,0,0,0,0,0,0,0.307692144176748,0.367938697338104,0,0,0,0,0,0.266704780750905,0,0,0,0,0,0,0,0,0,0.275286488234997,0,0.294139670828978,0,0.291859696308772,0.292526766657829,0.267924490523408,0,0.195066538772413,0.228258777847312,0.265415797742565,0.34569646469569,0,0.367198513988679
0,0,0,0,0,0,0,0,0.152894859512647,0.160719999495675,0,0,0,0,0,0.155017976090312,0.164773949554988,0.132373197915706,0.191787678748369,0,0,0,0.10263716250658,0.164552568383964,0.134588122367859,0.144767209371447,0,0,0,0,0,0,0,0,0,0.291758328676224,0,0.200226429744031,0,0,0,0,0,0,0,0,0,0,0,0.252099605605883,0,0,0,0,0,0.159473480284214,0,0,0,0,0,0.163330407937368,0,0,0.196897367534999,0,0.153314494389169,0.127429932355881,0.153468658300963,0,0.217515355662296,0,0.200136721134186,0,0,0,0,0,0.271217887600263,0,0.259620988526384,0,0.23002312474444,0.16775385538737,0.256659209728241,0,0
0,0,0,0,0,0,0,0,0.148623870313168,0,0,0,0,0,0.141784156560898,0,0.161864694010104,0.301877021789551,0.158444091677666,0,0,0.10263716250658,0,0,0.162706405405075,0,0.155170681880661,0,0.233799644674246,0,0,0,0,0,0,0,0,0,0.23472355467625,0,0,0,0,0,0,0,0,0,0.358231862877315,0,0,0,0,0,0.186065584421158,0,0,0,0,0,0.142859148030931,0,0,0,0,0.186517358843893,0,0.174302354454994,0,0.161186250416856,0,0.324674096185521,0,0.287238851189613,0,0,0,0,0,0,0,0.251282822671675,0.173703373275373,0.17125025569503,0,0,0
0,0,0,0,0,0,0,0,0.157174977389249,0.167117472648045,0,0,0,0,0,0.157148212462932,0.157018216533793,0.151943116709428,0.202351487444756,0,0,0.164552568383964,0,0,0.15692126005888,0.150286324749327,0.140345081686974,0.154999956488609,0,0,0,0,0,0,0,0,0,0.138395025134087,0.238338157534599,0,0,0.274415791034698,0.261058032512665,0,0.27896374464035,0,0,0,0.277517795562744,0.208231787801835,0,0,0,0,0,0.168762981413385,0,0,0,0,0.155051976442337,0.157800855381148,0,0,0.173697294988509,0,0.19571888488981,0.149485329786936,0.150477470959177,0.13263376057148,0,0,0,0,0,0,0,0,0.319420462846756,0.316823393106461,0.210833646357059,0,0.153859725271268,0.120019838213921,0.229342439770699,0,0
0,0,0,0,0,0,0,0,0.170515585783448,0.144440216012299,0,0,0,0,0.144990477293003,0.142865260442098,0.15865678532256,0.173959060593746,0.198955852241238,0,0,0.134588122367859,0.162706405405075,0.15692126005888,0,0.149696037173271,0.148643211823357,0,0,0,0,0,0,0,0,0,0,0.107550594955683,0.177907186024117,0.262227267026901,0,0,0,0,0,0,0,0,0,0,0,0,0,0,0.178459669733947,0.144034986694654,0,0,0,0,0.150388047891728,0,0,0.295518577098846,0.127766668796539,0.172334522008896,0.142422556877136,0.177753517168984,0.160906717181206,0.155104515057499,0,0,0,0,0,0,0,0,0.29345029592514,0.310465425252914,0,0,0.153573493051422,0.126391067036561,0.250121057033539,0,0
0,0,0,0,0,0,0,0,0.152511462569237,0.161164182309921,0,0,0,0.195623699914325,0.133513927459717,0.156094345160063,0.159707808680832,0.14494031207717,0.186259620863458,0,0,0.144767209371447,0,0.150286324749327,0.149696037173271,0,0.136172696948051,0.140663693084362,0,0,0,0,0,0,0,0,0,0.149123887930598,0,0,0,0,0,0,0,0,0,0,0,0,0,0,0,0,0.15734227001667,0.165286930277944,0,0,0,0.206365346908569,0,0.153631366789341,0,0,0.137053770252637,0,0.156144954618954,0.133332639932632,0.140733806943962,0.132947236299515,0.134264941016833,0,0,0,0,0,0,0,0.260622560977936,0,0,0,0.147791064331562,0.135059669613838,0,0,0
0,0,0,0,0,0,0,0,0.161001432605706,0.155751472711563,0,0,0,0,0.148236354354952,0.137095138430595,0.143810707535038,0.157197066415579,0.18752542266558,0,0,0,0.155170681880661,0.140345081686974,0.148643211823357,0.136172696948051,0,0,0.159368831664324,0,0,0,0,0,0,0,0,0.136326804757118,0,0,0,0,0,0,0,0,0,0,0.271530777215958,0.226351320743561,0,0,0,0,0.166016038451622,0.147733122110367,0,0,0,0,0.146069646066073,0,0,0,0,0.143266521549473,0,0.15561952279145,0,0.144796111573771,0,0.137395325761575,0,0,0,0,0,0,0.25113520026207,0.281932413578033,0,0,0.144282650778503,0.14887910336256,0.212531447410583,0,0
0,0,0,0,0,0,0,0,0,0.164781048893929,0,0.413051216138734,0,0.168456456859907,0,0.220724567770958,0,0.182933618426323,0,0.396757003935901,0,0,0,0.154999956488609,0,0.140663693084362,0,0,0,0.22682157211444,0,0,0,0,0,0,0,0.151000539461772,0,0,0,0.390991128981113,0,0,0,0.369424213965734,0,0,0,0,0,0,0,0,0,0,0,0.429280633727709,0,0.142949147013629,0,0,0.39439482887586,0,0,0,0,0,0.11670757830143,0,0.180170921964037,0,0.213032230734825,0,0,0,0,0,0,0,0.149184920825064,0,0.157027109393052,0,0.416613817214966,0,0
0,0,0,0,0,0,0,0,0,0,0,0,0.138149365782738,0,0.136708825826645,0,0.182324758805763,0,0,0,0,0,0.233799644674246,0,0,0,0.159368831664324,0,0,0,0.133733635717029,0,0,0,0,0,0,0,0.124020200921223,0,0,0,0,0,0,0,0,0,0,0,0,0,0,0,0,0,0,0,0,0,0.196050815284252,0,0,0,0,0,0,0,0,0.16726046303908,0,0.176263510330811,0,0.141005391027869,0,0,0,0,0,0,0,0.148434477547805,0,0,0,0,0
0,0,0,0,0,0,0,0,0,0,0,0.277287289011674,0,0,0,0,0,0,0.319052830338478,0.363529857360955,0,0,0,0,0,0,0,0.22682157211444,0,0,0,0,0,0,0,0.269132971763611,0,0.202774052230413,0,0.358808904886246,0,0.400645211338997,0,0.507356762886047,0,0.38053782922881,0,0,0,0,0,0,0,0,0,0,0,0.213312734503391,0,0,0,0,0.365219591392411,0,0,0,0,0,0,0,0.246312260880309,0,0.15670114495989,0,0,0,0,0,0.327044572149004,0.345061331987381,0.234056751965444,0,0.191874972798608,0,0.403086134365627,0.412876054644585,0
0,0,0,0,0,0,0,0,0,0,0.197758696973324,0,0,0,0,0,0,0,0,0,0,0,0,0,0,0,0,0,0.133733635717029,0,0,0,0,0,0,0,0,0,0.194989155418741,0,0,0,0,0,0,0,0,0,0,0,0,0,0,0,0,0,0,0,0,0,0,0,0,0,0,0,0,0,0,0,0,0.167863027751446,0,0.160798467695713,0,0,0,0,0,0,0,0.209004728166202,0.206327072854312,0,0,0,0
0,0,0,0,0,0.264576196670532,0,0,0,0,0,0,0,0,0,0,0,0,0,0,0,0,0,0,0,0,0,0,0,0,0,0,0.375629163590247,0.385977733288966,0.467486130871943,0.260322569623026,0.419827308143135,0.318021774291992,0,0.298658279702067,0,0.404395919779073,0,0,0,0.241399294008379,0,0.44016652295464,0,0.355466124337556,0,0,0,0,0,0,0,0,0,0,0,0,0.249026317839269,0,0,0,0,0,0,0,0,0,0.393860677878062,0,0.401290586221006,0.420339208101036,0.413149737059047,0.447887887319405,0.389007565223443,0.430134344100952,0.466940920977365,0,0.251952659257137,0,0.357059610635042,0,0
0,0,0,0,0,0,0,0,0,0,0,0,0,0,0,0,0,0.388486534357071,0,0,0.286722551286221,0,0,0,0,0,0,0,0,0,0,0.375629163590247,0,0.357976246963848,0.307796266503059,0.252564425269763,0.311929147561321,0,0,0,0.25426940433681,0,0.333767211862973,0,0,0,0.251805408369927,0.282161902442168,0.301809395065054,0,0,0,0,0,0,0,0,0,0,0,0,0,0,0.264557591778167,0,0,0,0,0,0,0,0,0,0,0.312530455832384,0.3806735968614,0.292988906769703,0.356178254612441,0.361622446015769,0.294192614707222,0,0,0.348410714726824,0,0.284543800133246,0,0
0,0,0,0,0,0.298244655132294,0,0,0,0,0,0,0,0,0,0,0,0,0,0.301437854766846,0,0,0,0,0,0,0,0,0,0,0,0.385977733288966,0.357976246963848,0,0.373937287398693,0.2898325049506,0.145907029509544,0.239543340096511,0,0.329620909690857,0,0.316749229033788,0.406071587155263,0.450798660516739,0,0.295993711799383,0,0.458144240980365,0.429546881629073,0.419006795019788,0,0,0,0,0,0,0,0.332448363304138,0,0,0,0,0.315461168331759,0.413176447153091,0,0,0,0,0,0,0.311501026153564,0,0.400753773989216,0,0.434342804763998,0.407714903354645,0.370960589726325,0.389671593944356,0.368032532360192,0,0.446283349766575,0,0.27789145651525,0,0.342658902181161,0.441470712423325,0
0,0,0,0,0,0,0,0,0,0,0,0,0,0,0,0,0.292382091283798,0,0.274309247732162,0,0.291516125202179,0,0,0,0,0,0,0,0,0,0,0.467486130871943,0.307796266503059,0.373937287398693,0,0.276428692042828,0.238678974254875,0,0.179550047530684,0,0.29955181479454,0.45495065053304,0.352053007238532,0,0,0,0.352010160684586,0.570232648406943,0.404211926450025,0.452398606773579,0,0,0,0,0,0,0,0,0,0,0,0,0,0.358744832376639,0,0,0,0,0,0,0,0,0.428276121616364,0,0.283195291371907,0.289047774341371,0.349124058288561,0.396475573667743,0.439916082968314,0.296059846215778,0.613517546382817,0.451613711306545,0.26560038689411,0,0.355617902707309,0,0
0,0,0,0.295632481575012,0,0.176738997985577,0,0,0,0,0,0.251823068285982,0,0,0.305935114622116,0,0.314320232186999,0.302856728434563,0.330389165856932,0.220954259350193,0.290974795818329,0.291758328676224,0,0,0,0,0,0,0,0.269132971763611,0,0.260322569623026,0.252564425269763,0.2898325049506,0.276428692042828,0,0.163928446756012,0.231926933505782,0,0.290847128730709,0.275106289557048,0.293159415050106,0.268732143566012,0.40443391373588,0,0.332548218779266,0.342752867593215,0.297553755156385,0.299069739965832,0.29532546877861,0,0.303528845310211,0,0,0,0,0,0.302769364030273,0,0,0,0,0.227013934323687,0.291044797409664,0,0,0,0.354294806718826,0,0,0.292082170645396,0,0.307748396739815,0,0.27938908916176,0.274253052473068,0.322661233755449,0.291074670851231,0.228689858852806,0.302245117302211,0.239989202751054,0,0.214818235442774,0.180066443642257,0.307800570801909,0.352771707895127,0
0,0,0,0,0,0,0.157043511668841,0,0,0,0.165543459821492,0,0,0,0,0,0.338010156696493,0.351678003867467,0.366813196271074,0,0.207492144342625,0,0,0,0,0,0,0,0,0,0,0.419827308143135,0.311929147561321,0.145907029509544,0.238678974254875,0.163928446756012,0,0,0.207907278827472,0,0.300060819834471,0,0.309724584966898,0,0.452979325396674,0,0.343478423834083,0.341812603320781,0.299663440921368,0.262595146894455,0,0,0,0,0,0,0,0,0,0,0,0,0,0.239945312030613,0,0,0,0,0,0,0,0,0,0,0,0.365157338021242,0,0.262895944472906,0.214624304663051,0.219829310876487,0,0.16918933061482,0.213178607265043,0.174840161659811,0.303175055470906,0.341616421937943,0.343548834323883
0,0,0,0,0,0.291242470343908,0,0,0.152657202311925,0.158430707241808,0,0.20435140634377,0,0,0.126972571015358,0.148433351268371,0.149217733711589,0.149886461379735,0.200030106306076,0.225292158353178,0,0.200226429744031,0,0.138395025134087,0.107550594955683,0.149123887930598,0.136326804757118,0.151000539461772,0,0.202774052230413,0,0.318021774291992,0,0.239543340096511,0,0.231926933505782,0,0,0.142878200201427,0.304583611232894,0,0.304313729536484,0,0.504476726055145,0,0.355917209740913,0,0.322824118507875,0,0.243644078412364,0,0,0,0,0,0.155354312776277,0,0.267827124893665,0,0,0,0.173948854207993,0.290666059702298,0,0.221365785912464,0,0.166790090501308,0.164041861891747,0.149984143674374,0,0.182562274777371,0,0.237490076106042,0,0,0,0.223100115726062,0,0.239746899529068,0.330385655164719,0.211267395501506,0,0.181305415323597,0.135796100167292,0.286044480341314,0.422094839811325,0
0,0,0,0,0,0,0,0,0.171835087239742,0,0.18935626805903,0,0,0,0,0,0.157018778845668,0.162371441721916,0,0,0.206636037511431,0,0.23472355467625,0.238338157534599,0.177907186024117,0,0,0,0.124020200921223,0,0.194989155418741,0,0,0,0.179550047530684,0,0.207907278827472,0.142878200201427,0,0,0,0,0.257610628008842,0,0,0,0,0.164675915105776,0.237306796526181,0,0,0,0,0,0,0,0.22744264154453,0,0,0,0,0,0,0.223568566143513,0,0.181777195824731,0,0.173373593017459,0,0.151583790779114,0,0.276139958566704,0,0.219700879819299,0,0,0,0.321217310271765,0,0.172052248269724,0,0.199574688264712,0.18518901334796,0.144684897905046,0.195929559654203,0,0
0,0,0,0,0,0.299916087388992,0,0,0.249753773212433,0.317949891090393,0,0.324332572519779,0,0,0,0,0.274423456192017,0.27326708137989,0.280132589378843,0.302885096620869,0,0,0,0,0.262227267026901,0,0,0,0,0.358808904886246,0,0.298658279702067,0,0.329620909690857,0,0.290847128730709,0,0.304583611232894,0,0,0,0.264358233400556,0.258936375379562,0.486018827328315,0,0.281006039900554,0,0.275491643987649,0,0.257408100081872,0,0.305673489967982,0,0,0,0,0,0.32927484278168,0,0,0,0,0.282632688991725,0.333993583917618,0,0,0,0,0,0,0,0,0.347261373813336,0,0.259501458704472,0,0.290145477423301,0,0.280372546217723,0.340700094188963,0.30886756674743,0,0.278217683546245,0,0.306990161961854,0.349393024001011,0
0,0,0,0,0,0,0,0,0.385011821985245,0.233304843306541,0.285290867090225,0.353639870882034,0,0,0,0,0.312322828363865,0.295382898300886,0.339804851818223,0,0.287244478097329,0,0,0,0,0,0,0,0,0,0,0,0.25426940433681,0,0.29955181479454,0.275106289557048,0.300060819834471,0,0,0,0,0.316409653052688,0.35018022112794,0.336611986160278,0.509580605669527,0.355102024972439,0.315204285265043,0.303492726663412,0.295294022532525,0.235369376838207,0,0,0,0,0.263926595449448,0,0,0.386422395706177,0,0,0,0,0,0.264969307257935,0,0,0,0,0,0,0,0,0,0,0,0.265111879810043,0,0.280450094242891,0.353399357199669,0.31207075793661,0.354890644550323,0.310648675602261,0.321120095488272,0.317161306738853,0.382315468475903,0,0.409317403295894
0,0.26755290709331,0,0.296769777211276,0,0.28345712646842,0,0,0.268618047237396,0.241456579949175,0,0.359530374407768,0,0,0,0,0.264748500251189,0.267830352967894,0.231288675529528,0.364772356935401,0,0,0,0.274415791034698,0,0,0,0.390991128981113,0,0.400645211338997,0,0.404395919779073,0,0.316749229033788,0.45495065053304,0.293159415050106,0,0.304313729536484,0,0.264358233400556,0.316409653052688,0,0.244490351053801,0.371680448452632,0,0.337638866621317,0.288105815649033,0.27691031804133,0.296503898501396,0.244565600162138,0,0,0,0,0,0,0,0.377979183536407,0,0,0,0,0.379628627159731,0.310274362564087,0,0,0.272534847259521,0.24670722335577,0,0.215811595320702,0.381033481870379,0,0.383962324766789,0,0.288098245859146,0,0.343086481702571,0,0.31970686628346,0.310954102930033,0.395928447461763,0.603220224380493,0.28932798407762,0.25805242061615,0.27509016591729,0.247177720653148,0.188525021076202
0.244678786978489,0,0.332682864232497,0,0,0,0,0,0.25440127402544,0,0.342114353574902,0,0,0,0,0,0.269662388220981,0.278297191692723,0.2364837343437,0,0.339855412049884,0,0,0.261058032512665,0,0,0,0,0,0,0,0,0.333767211862973,0.406071587155263,0.352053007238532,0.268732143566012,0.309724584966898,0,0.257610628008842,0.258936375379562,0.35018022112794,0.244490351053801,0,0,0.38296665582392,0.244186088442802,0.336859766802265,0.28015937537176,0.242772532751064,0.456765211680356,0,0,0,0,0,0.249944090843201,0.301213965717568,0,0,0,0,0,0,0.385023797966297,0,0,0,0,0,0,0,0,0,0.379927724599838,0,0.27084413987975,0.547070036331813,0.298255576774841,0.294258553248185,0.300397871072392,0.464144960045815,0.318541282379046,0.258739304753284,0.298803066213926,0.27063287531033,0,0.218386743462022
0,0,0,0,0,0,0,0,0,0,0,0.491031989455223,0,0,0,0,0.292859243658873,0.296400354802609,0.342623164564107,0.488807370265325,0,0,0,0,0,0,0,0,0,0.507356762886047,0,0,0,0.450798660516739,0,0.40443391373588,0,0.504476726055145,0,0.486018827328315,0.336611986160278,0.371680448452632,0,0,0.36102731525898,0.473564734061559,0.370231822133064,0,0,0.359060217936834,0,0,0,0,0,0.257371112704277,0,0.486447751522064,0,0,0,0,0.536571234464645,0,0,0,0,0,0,0,0,0,0.463541740179062,0,0,0,0,0,0.477177502112484,0.361035156995058,0.512986913837236,0,0.294659343750581,0,0.487243754755367,0.383024401962757,0
0,0,0.163458924740553,0,0,0,0,0,0.325434029102325,0.343894451856613,0.403740033507347,0,0,0,0,0,0.331355090253055,0.312364810705185,0.390852479725821,0,0.455137825092754,0,0,0.27896374464035,0,0,0,0,0,0,0,0,0,0,0,0,0.452979325396674,0,0,0,0.509580605669527,0,0.38296665582392,0.36102731525898,0,0.362223535776138,0.423953853547573,0,0,0.360633432865143,0,0,0,0,0,0,0,0,0,0,0.372671276330948,0,0,0.483884767450467,0,0,0,0,0,0,0,0,0,0,0,0.450315028429031,0,0,0.351719187365638,0.500593196593865,0,0.493531405925751,0.356066599488258,0,0.325226275612844,0,0.351564526557922
0,0,0,0.170133447053989,0,0.213525495587326,0,0,0,0,0,0.340838514982838,0,0,0,0,0.285195884960038,0.330501180428725,0.351299723467002,0.305725046904177,0,0,0,0,0,0,0,0.369424213965734,0,0.38053782922881,0,0.241399294008379,0,0.295993711799383,0,0.332548218779266,0,0.355917209740913,0,0.281006039900554,0.355102024972439,0.337638866621317,0.244186088442802,0.473564734061559,0.362223535776138,0,0.331797520319621,0.275238692667335,0.31090239683787,0.266426633847387,0,0.264357075095177,0,0,0,0.258622407913208,0,0.352833094709072,0,0,0,0,0.26627373647412,0.29909685254097,0,0,0,0,0,0,0.36449761401143,0,0.373952422436182,0,0.316558837890625,0,0.303490325808525,0,0.346214094091297,0.366309211509568,0.370024406927005,0,0.312700048089027,0,0.28906658936594,0.291552820526962,0
0,0.29097980260849,0.179511875203296,0,0.186127195755641,0,0,0,0,0.378613829612732,0.347462122413245,0,0,0,0,0,0.310547585487366,0.315731120109558,0.389632716093391,0,0.333152373179301,0,0,0,0,0,0,0,0,0,0,0,0.251805408369927,0,0.352010160684586,0.342752867593215,0.343478423834083,0,0,0,0.315204285265043,0.288105815649033,0.336859766802265,0.370231822133064,0.423953853547573,0.331797520319621,0,0.294963991727351,0.257168863500868,0.248417421723857,0,0,0,0,0,0,0.344833417071236,0,0,0,0,0,0.329542517662048,0.316336536784344,0,0,0,0,0.273054152727127,0,0,0,0,0,0,0.286165874140958,0,0.286459719433504,0.385026293992996,0.314168352197484,0,0.382651742961672,0.301994045099891,0.35055139202338,0.288800747762518,0,0.312495346866794
0,0,0.360662892460823,0.33754950761795,0.272950232028961,0.295939938529678,0,0,0,0,0.341254413127899,0.327431097626686,0,0,0,0,0.273582971344392,0.305366019407908,0.242553857569065,0.274420534571012,0.29751140119568,0,0,0,0,0,0,0,0,0,0,0.44016652295464,0.282161902442168,0.458144240980365,0.570232648406943,0.297553755156385,0.341812603320781,0.322824118507875,0.164675915105776,0.275491643987649,0.303492726663412,0.27691031804133,0.28015937537176,0,0,0.275238692667335,0.294963991727351,0,0.421902821529543,0.409311987358749,0,0,0,0,0,0,0,0.329043007709763,0,0,0,0,0.275724070560601,0.297715633289843,0,0,0,0,0,0,0.343486845493317,0,0.380840224591461,0,0.294357258116915,0.244321157335193,0.486445615534994,0.385454498891182,0.29369092852879,0.306193743473509,0.537888198765932,0.569299825796199,0.410619005430499,0.30086812376976,0.334009887538957,0.313824892044067,0.296234898269176
0.268515295557567,0,0.257286946607541,0,0,0,0,0,0.17426151234024,0.259147077798843,0.308397014935811,0,0,0,0,0,0.277760511747113,0.262511785541262,0.255512568647059,0,0.291243328215325,0,0.358231862877315,0.277517795562744,0,0,0.271530777215958,0,0,0,0,0,0.301809395065054,0.429546881629073,0.404211926450025,0.299069739965832,0.299663440921368,0,0.237306796526181,0,0.295294022532525,0.296503898501396,0.242772532751064,0,0,0.31090239683787,0.257168863500868,0.421902821529543,0,0.487788055749501,0,0,0,0,0.202756740937107,0,0.287684738636017,0,0,0,0,0,0.257753476500511,0.273351195268333,0,0.144458601676058,0,0,0,0.148241363465786,0,0.273025194238318,0,0.232048029190601,0,0.262037057917156,0.391219533979893,0.334093545097858,0.315726435184479,0.294132192879816,0.5491235665977,0.377486502292699,0.312170929448987,0.301584792633851,0.28424550201116,0,0.246635204671245
0,0.215765621277447,0,0.12579050369379,0,0.290324680805206,0,0,0,0.193246104396307,0,0.323323976248503,0,0,0,0.125112768262625,0.274401257817562,0.261726474220102,0.239244359967291,0.281204553884129,0.291838333010674,0.252099605605883,0,0.208231787801835,0,0,0.226351320743561,0,0,0,0,0.355466124337556,0,0.419006795019788,0.452398606773579,0.29532546877861,0.262595146894455,0.243644078412364,0,0.257408100081872,0.235369376838207,0.244565600162138,0.456765211680356,0.359060217936834,0.360633432865143,0.266426633847387,0.248417421723857,0.409311987358749,0.487788055749501,0,0,0.150157198309898,0,0,0.25459349155426,0,0,0.313726528158671,0,0.150411903858185,0,0.155792281031609,0.271623053267354,0.26528241833051,0.221527294069529,0,0.186765887034245,0,0,0,0.226212412532833,0,0.251232737279314,0,0.289551000917951,0,0.333657300995506,0.426612919569015,0.2839741315636,0.281587721779943,0.304435549098578,0,0.41184577662481,0,0.274909235441844,0.220510641932487,0
0,0,0.133439511060715,0,0.199831363988352,0,0.199894790882117,0,0,0,0,0,0.229186167009175,0,0,0,0,0,0,0,0,0,0,0,0,0,0,0,0,0,0,0,0,0,0,0,0,0,0,0,0,0,0,0,0,0,0,0,0,0,0,0,0.19068340744291,0,0,0,0.170808047056198,0,0.227168562094661,0,0.303375096483664,0,0,0,0,0,0,0,0,0,0,0,0,0,0,0,0,0,0,0,0,0,0.277115255594254,0,0,0,0
0,0.221644893288612,0,0.16303025077029,0,0.216083360985465,0,0.174472735540287,0,0.149187691509724,0,0.26664062863902,0,0.154355931282043,0,0,0,0,0,0.278420935658848,0,0,0,0,0,0,0,0,0,0,0,0,0,0,0,0.303528845310211,0,0,0,0.305673489967982,0,0,0,0,0,0.264357075095177,0,0,0,0.150157198309898,0,0,0,0.159405107144266,0,0.16153903901577,0,0.253311129907767,0,0.211354372326774,0,0.196307951211929,0.281341110987048,0,0,0,0,0,0,0,0,0,0,0,0,0,0,0,0.30399015545845,0,0,0,0,0,0.258394346900389,0,0
0,0,0,0,0.188008942774364,0,0.150182889493484,0,0,0,0,0,0,0,0,0,0,0,0,0,0,0,0,0,0,0,0,0,0,0,0,0,0,0,0,0,0,0,0,0,0,0,0,0,0,0,0,0,0,0,0.19068340744291,0,0,0,0,0,0.114129982211373,0,0.167451840028705,0,0,0,0,0,0,0,0,0,0,0,0,0,0,0,0,0,0,0,0,0,0,0,0.134907944237485,0,0,0,0
0,0,0,0,0,0.159696904942393,0,0.204110062483033,0,0,0,0.214793225074862,0,0.185222012656076,0,0,0,0,0,0,0,0,0,0,0,0,0,0,0,0,0,0,0,0,0,0,0,0,0,0,0,0,0,0,0,0,0,0,0,0,0,0.159405107144266,0,0,0,0,0,0.228998111278722,0,0.180687303189188,0,0,0,0,0,0,0,0,0,0,0,0,0,0,0,0,0,0,0,0,0,0,0,0,0,0,0
0.184235769882798,0,0.159856036305428,0,0.112662669271231,0,0,0,0.16995360001387,0.159099900722504,0,0,0,0,0.134708196899307,0.15131301432848,0.17184825453319,0.163953711390495,0.194843895733356,0,0,0,0.186065584421158,0,0.178459669733947,0.15734227001667,0.166016038451622,0,0,0,0,0,0,0,0,0,0,0,0,0,0.263926595449448,0,0,0,0,0,0,0,0.202756740937107,0.25459349155426,0,0,0,0,0,0.153536081314087,0,0,0,0,0.142165290812651,0,0.240409567952156,0,0,0,0,0.189556476070685,0,0.155832775525357,0,0,0,0,0,0,0,0,0.288249559700489,0,0,0,0.169692296298739,0.171499289572239,0,0,0
0,0.199379278719425,0,0.165227405153788,0,0.184085433681806,0,0,0.156173116394452,0.146841356530786,0,0,0,0,0.157856742540995,0.15742825598202,0.158492675302802,0.163600023819341,0.192961450393607,0,0,0.159473480284214,0,0.168762981413385,0.144034986694654,0.165286930277944,0.147733122110367,0,0,0,0,0,0,0,0,0,0,0.155354312776277,0,0,0,0,0.249944090843201,0.257371112704277,0,0.258622407913208,0,0,0,0,0,0.16153903901577,0,0,0.153536081314087,0,0,0,0,0,0.148170582950115,0,0,0,0,0,0.171153539156213,0.147368620548929,0.164893781766295,0,0,0,0,0,0,0,0,0,0.252514339983463,0.204592511057854,0,0,0.15974590386092,0.141632288694382,0.164648190140724,0,0
0,0,0,0,0,0,0.139504076469512,0,0,0,0.211190449243242,0,0,0,0,0,0,0,0,0,0.307692144176748,0,0,0,0,0,0,0,0,0,0,0,0,0,0,0,0,0,0.22744264154453,0,0,0,0.301213965717568,0,0,0,0.344833417071236,0,0.287684738636017,0,0.170808047056198,0,0.114129982211373,0,0,0,0,0,0.217282455991691,0,0,0,0,0.349475620048387,0,0,0,0,0,0,0,0,0,0.322752649133856,0,0,0,0,0,0.285572111606598,0,0.314822467565537,0.169855548663342,0,0.328661735842724,0,0.328312397003174
0,0,0,0.29381695886453,0,0.269528892305162,0,0.229170595606168,0,0,0,0.27227532665583,0,0,0,0.177723728120327,0.341691911220551,0.336699247360229,0.322232087976054,0.368499511312093,0.367938697338104,0,0,0,0,0,0,0.429280633727709,0,0.213312734503391,0,0,0,0.332448363304138,0,0.302769364030273,0,0.267827124893665,0,0.32927484278168,0.386422395706177,0.377979183536407,0,0.486447751522064,0,0.352833094709072,0,0.329043007709763,0,0.313726528158671,0,0.253311129907767,0,0.228998111278722,0,0,0,0,0,0.171355603317034,0,0.160274386405945,0.337784619394591,0,0,0,0,0,0,0,0.407788679329586,0,0.40969336296329,0,0.299328962961833,0,0,0,0.320787915331977,0.317832246422768,0.330241008520126,0,0.24419273691518,0,0.330272528593754,0.38970868225303,0
0,0,0,0,0.22987625002861,0,0.165385639667511,0,0,0,0.189996287226677,0,0.200656034304934,0,0.227418541908264,0,0,0,0,0,0,0,0,0,0,0,0,0,0,0,0,0,0,0,0,0,0,0,0,0,0,0,0,0,0,0,0,0,0,0,0.227168562094661,0,0.167451840028705,0,0,0,0.217282455991691,0,0,0,0.220989401523884,0,0,0,0,0,0,0,0,0,0,0,0,0,0,0,0,0,0,0,0,0,0.264184268081889,0,0,0,0
0,0,0,0.148225445832525,0,0.213819273389303,0,0.206913519682003,0,0,0,0.169816650982414,0,0.210212289674588,0,0.16496691649965,0,0.20784967392683,0,0,0,0,0,0,0,0.206365346908569,0,0.142949147013629,0,0,0,0,0,0,0,0,0,0,0,0,0,0,0,0,0,0,0,0,0,0.150411903858185,0,0.211354372326774,0,0.180687303189188,0,0,0,0.171355603317034,0,0,0,0.173975403819765,0,0,0,0,0,0,0.233258054536932,0,0.173000271553579,0,0,0,0,0,0,0,0,0,0,0,0.193384247628149,0.133245252072811,0,0,0
0,0,0,0,0.397296021382014,0,0,0,0.148346537232399,0.151232101023197,0,0,0,0,0.152158589487254,0.144147396087646,0.146062099555535,0.149055410176516,0.178795502583186,0,0,0,0.142859148030931,0.155051976442337,0.150388047891728,0,0.146069646066073,0,0.196050815284252,0,0,0,0,0,0,0,0,0,0,0,0,0,0,0,0.372671276330948,0,0,0,0,0,0.303375096483664,0,0,0,0.142165290812651,0.148170582950115,0,0,0.220989401523884,0,0,0,0,0,0,0.140454038977623,0,0.166101545938906,0,0.155389532979046,0,0.159301563324752,0,0,0,0,0,0,0,0,0,0,0.14653352602404,0,0.121564425528049,0,0
0,0.185675619928925,0,0.166340024934875,0,0.149651676416397,0,0,0,0.146965796394008,0,0,0,0.134961124975234,0,0.186540850996971,0.150860297679901,0.152798020604836,0,0,0,0.163330407937368,0,0.157800855381148,0,0.153631366789341,0,0,0,0,0,0,0,0,0,0,0,0.173948854207993,0,0,0,0,0,0,0,0,0,0,0,0.155792281031609,0,0.196307951211929,0,0,0,0,0,0.160274386405945,0,0.173975403819765,0,0,0,0,0,0,0.157090971867243,0,0.153649402133534,0.141429826617241,0,0,0,0,0,0,0,0,0,0,0,0,0.170853769779205,0,0,0,0
0,0,0,0,0,0.215188285111023,0,0,0,0,0,0.289738772224033,0,0,0,0,0.27097550034523,0.285502576828003,0.268052724691538,0.240443576097783,0,0,0,0,0,0,0,0.39439482887586,0,0.365219591392411,0,0.249026317839269,0,0.315461168331759,0,0.227013934323687,0,0.290666059702298,0,0.282632688991725,0,0.379628627159731,0,0.536571234464645,0,0.26627373647412,0.329542517662048,0.275724070560601,0.257753476500511,0.271623053267354,0,0.281341110987048,0,0,0.240409567952156,0,0,0.337784619394591,0,0,0,0,0,0.297821879386902,0,0,0,0,0,0,0.390618083062093,0,0.37291653186186,0,0,0,0.302276150268667,0,0.27998136115093,0.356033593416214,0.344590623069693,0,0.204506534499576,0.275029554963112,0.28032415165026,0.32264477556402,0
0,0,0,0,0,0,0,0,0,0,0.316674452275038,0,0,0,0,0,0.303902205611978,0.290741361677647,0.299412586987019,0,0.266704780750905,0,0,0,0.295518577098846,0,0,0,0,0,0,0,0.264557591778167,0.413176447153091,0.358744832376639,0.291044797409664,0.239945312030613,0,0.223568566143513,0.333993583917618,0.264969307257935,0.310274362564087,0.385023797966297,0,0.483884767450467,0.29909685254097,0.316336536784344,0.297715633289843,0.273351195268333,0.26528241833051,0,0,0,0,0,0,0.349475620048387,0,0,0,0,0,0.297821879386902,0,0,0,0,0,0,0,0,0,0,0.269886389374733,0,0.280068676496289,0,0.281626512606939,0.356654033064842,0.259067990947488,0,0.313909687101841,0.214515266940896,0.272407134565023,0.338263599157099,0,0.393211078957508
0,0,0,0,0,0,0,0,0.143231064081192,0.159434422850609,0,0,0,0,0,0.150552207773382,0.173951039711634,0.129355289743227,0.179365118344625,0,0,0.196897367534999,0,0.173697294988509,0.127766668796539,0.137053770252637,0,0,0,0,0,0,0,0,0,0,0,0.221365785912464,0,0,0,0,0,0,0,0,0,0,0,0.221527294069529,0,0,0,0,0,0,0,0,0,0,0,0,0,0,0,0,0.154266392191251,0,0.156861707394899,0,0.220238709201415,0,0,0,0,0,0,0,0,0,0.301943629078937,0,0.164073994826703,0,0,0,0
0,0,0,0,0,0,0,0,0.165618762373924,0,0,0,0,0,0.141549497842789,0,0.132480271837928,0.181511342525482,0,0,0,0,0.186517358843893,0,0.172334522008896,0,0.143266521549473,0,0,0,0,0,0,0,0,0,0,0,0.181777195824731,0,0,0,0,0,0,0,0,0,0.144458601676058,0,0,0,0,0,0,0,0,0,0,0,0.140454038977623,0,0,0,0,0,0,0,0,0.154179348548253,0,0.286964470047062,0,0,0,0,0,0,0,0,0,0.292078963833107,0.182434157441985,0,0,0,0
0,0,0,0,0,0,0,0,0.152229160070419,0.174771568604878,0,0,0,0,0.16891685128212,0.162369207257316,0.180474555492401,0.167148272693157,0.185345066445214,0,0,0.153314494389169,0,0.19571888488981,0.142422556877136,0.156144954618954,0,0,0,0,0,0,0,0,0,0,0,0.166790090501308,0,0,0,0.272534847259521,0,0,0,0,0,0,0,0.186765887034245,0,0,0,0,0,0.171153539156213,0,0,0,0,0,0.157090971867243,0,0,0.154266392191251,0,0,0,0.171890139579773,0,0.186652049422264,0,0,0,0,0,0,0,0,0,0,0,0.17008428633213,0,0,0,0
