0,0,0.00155188246147697,0,0,0,0,0,0.00667718306777579,0,0,0,0,0,0,0,0,0,0.000376024349062179,0,0,0,0,0,0,0,0,0,0,0,0,0,0,0,0,0,3.7471322850563e-06,0,1.78766888131012e-06,0,8.50013256485623e-05,0,0.000262620324294142,0,0,0,0,0,0.000392844631677795,0,0,0,0,0,0.0223087149258319,0,0.000101018171989525,0,0,0,0.000818804436517797,0,0,0,0,0,0,0,0,0,0,0,0,0.00119692320375294,0,0,0,0,0,0.000954547217369321,0,0.000704442653599338,0.000812955297432572,0,0.00305882490502697,0,5.62287685398248e-05
0,0,0,0.00126504600144231,0,0,0,0,0,0.012083940093559,0,0,0,0,0,0,0,0,0,0,0,0,0,0,0,0,0,0,0,0,0,0,0,0,0,0,0,0,0,0,0,0.00113055966655124,0,0,0,2.28380321342335e-05,0,0,0,0.00931381721974054,0,0,0,0,0,0.0129841865471765,0,0.00445293904852256,0,3.22349265840126e-05,0,0.000355908110278084,9.95907469871058e-05,0,0,0,0,0,0,0,0,0,0,0,0,0,0,0,0,0,0,0,0.000536712595274471,0,0.0043216351392873,0.000136901695912419,0
0.00155188246147697,0,0,0,0,0,0,0,0.00457770378458774,0,0,0,0,0,0,0,6.43366725470973e-05,1.20944945207143e-05,0.000117344991273075,0,0,0,0,0,0,0,0,0,0,0,0,0,0,0,0,0,1.59271486575984e-05,0,2.99347544224728e-06,0,0.000789362964952604,7.56001867354989e-05,0.0031878307707349,0,0,0,0.000229193047547511,0,0.0012153504570177,0,0.010697921699073,0,0,0,0.00297448793574475,0,0.00412685483461138,0,0.00348009546852055,0,0.00130389656582815,0,0,4.38222643833779e-05,0,0,0,0,0,0,0,0,0,0.00145292746039748,0,0,0,0,0,0.000110379312287797,0,0.000314912911925017,0.000547369632179568,0,0.00648334025914722,0,0.00186850062432034
0,0.00126504600144231,0,0,0,0.05916985959513,0,0,0,0.023195747068569,0,0,0,0,0,0,1.72932543250863e-05,2.13819547675648e-05,0.000263732655434779,0,0,0,0,0,0,0,0,0,0,0,0,0,0,0,0,1.422623220398e-05,0,0,0,0.000101450145636473,0,0.00434062587997114,0,0,0,0.00340259387099185,0,0.000519370381587763,3.89557230994582e-05,0.00430377774496901,0,0.03527284618572,0,0,0,0.0980098153371856,0,0.00646071357740817,0,0.000930697118296191,0,0.0162581173820695,2.4076149719018e-05,0,0,0,0,0,0,0,0,0,0.00264178871992538,0,0,0,0,0,8.9580242645511e-05,0,0.000193005905465046,0,0.000616442141087382,7.71323368692985e-07,0.0145778547792041,0.00347175259641338,0
0,0,0,0,0,0,0.0155348043373064,0,0.018086538379771,0,0,0,0,0,0,0,2.32302055524906e-05,0,7.2987735128667e-06,0,0.0124714912651054,0,0,0,0,0,0,0,0,0,0,0,0,0,0,0,3.64386146092859e-05,0,0,2.97736081299876e-05,0.0010978494900317,0,0.00123394064311574,0,0,0,0.00127316703233726,0.000113938069974423,0.00721383843020379,0,0.0172609711798045,0,0.00388081613515246,0,0.00303849279054984,0,6.20560169437229e-05,0,0.00478260840672276,0,0,0,0,0.0165464847144883,0,0,0,0,0,0,0,0,0,3.05005642962958e-05,0,0,0,0,0,0.000381870075120987,0,6.74655873844796e-05,0.00164919432071066,0.00037292274251825,0.00896659397209033,0,0
0,0,0,0.05916985959513,0,0,0,0.00502358219307707,0,0.000562183963641994,0,0,0,0,0,0,6.15125254886466e-06,1.32515296191113e-05,0.000113308740347099,0.000149715328513374,0,0,0,0,0,0,0,0,0,0,0,0,0,0,0,9.72782340693996e-05,0,0,0,0.000147155339213318,0,0.000452435251856,0,0,0,0.00186789543406047,0,0.000833199121023345,0.000291915319818849,0.0029704279380183,0,0.0512317182372198,0,0.000924108307397004,0,0.000417807500889433,0,0,0,0,0,0,0,0,0,0,0,0,0,0,0,0,0.000138754441444695,0,0,0,0,0,2.15826070353762e-05,0,6.02668838251481e-06,0,0.00206431240556181,0.000940352432777999,0.0178030730294772,0,0
0,0,0,0,0.0155348043373064,0,0,0,0,0,0.00300333839897019,0,0,0,0,0,0,0,0,0,0.000734404623322246,0,0,0,0,0,0,0,0,0,0,0,0,0,0,0,0,0,0,0,0,0,0,0,0,0,0,0,0,0,0,0,0.0162178513853253,0,0,0,0.000635234198802108,0,0.000723470888980726,0,0,0,0,0,0,0,0,0,0,0,0,0,0,0,0,0,0,0,0,0,0,0,0.000183746568894172,0.000115964833279909,0,0,0
0,0,0,0,0,0.00502358219307707,0,0,0,0,0,0,0,0.000501242845320882,0,0,0,0,0,0,0,0,0,0,0,0,0,0,0,0,0,0,0,0,0,0,0,0,0,0,0,0,0,0,0,0,0,0,0,0,0,0.00199136306377572,0,0.0575974003013226,0,0,0,0,0,0,0,0,0,0,0,0,0,0,0,0,0,0,0,0,0,0,0,0,0,0,0,0,0.00150590858686902,0.00028532884693708,0,0,0
0.00667718306777579,0,0.00457770378458774,0,0.018086538379771,0,0,0,0,0,0,0,0,0,0.00213187031203121,0,0.000616549580415804,0,0,0,0,0,0,0,0.000952034707732127,0,0,0,0,0,0,0,0,0,0,0,0,0,0.000429778940819917,0,0,0,0.00363778747686627,0,0,0,0,0,0,0,0,0,0,0,0.0655226976320487,0,0,0,0,0,0,0,0,0,0,0,0,0.00982052705528408,0,0,0,0,0,0,0,0,0,0,0,0,0,0.000204430601206622,0.000272960453457177,0,0.00458270361475244,0,0.000816614416296389
0,0.012083940093559,0,0.023195747068569,0,0.000562183963641994,0,0,0,0,0,0,0,0,0,0.0085543477263029,6.65092633349265e-05,0.00117240287159352,0.000547007665450511,0,0,0,0,0.0114107235750848,0,0,0,0,0,0,0,0,0,0,0,0,0,0.000848188220583671,0,0,0,5.12858146968753e-05,0,0,0,0,0,0,0,0,0,0.000391414971090853,0,0,0,0.0251795350266612,0,0,0,0,0,0.00343656172924332,0,0,0,0,0.0269556728346515,0,0,0,0,0,0,0,0,0,0,0,0,0,0.000404814788425196,0,0.000928757100498529,2.44485577531885e-06,0.000278230480517273,0,0
0,0,0,0,0,0,0.00300333839897019,0,0,0,0,0,0,0,0,0,0,0,0,0,0.0083688625412187,0,0,0,0,0,0,0,0,0,0.00815935869822586,0,0,0,0,0,0.0018177446389788,0,0.00726767187074763,0,0,0,6.59929328894812e-06,0,0,0,2.38021840499072e-05,0,0,0,0,0,0.00237253143472925,0,0,0,0.0531729198718111,0,0.000173712891410105,0,0,0,0,0.00353875536249892,0,0,0,0,0,0,0,0,0,0.000507215066618275,0,0,0,0,0,0.000535453582070656,0,0.000621609413193686,0.00100428537725231,0,4.9810275931961e-05,0,0
0,0,0,0,0,0,0,0,0,0,0,0,0,0.0024939305773789,0,0,0,0,0,0.0204399070279733,0,0,0,0,0,0,0,0.000697639357359786,0,0.00894514591444736,0,0,0,0,0,0.00304888813890886,0,0.00405599490871205,0,0,0,0,0,0,0,5.57845602865495e-05,0,0,0,0,0,0,0,0,0,0,0,0.112145594672679,0,0,0,0,0.0261760414123102,0,0,0,0,0,0,0,0,0,0.00798501774717522,0,0,0,0,0,0.000258587959100367,0,0.00290816421575291,0,0.00248820644929542,0,0.000924914224568692,0,0
0,0,0,0,0,0,0,0,0,0,0,0,0,0,0,0,0,0,0,0,0,0,0,0,0,0,0,0,0,0,0,0,0,0,0,0,0,0,0,0,0,0,0,0,0,0,0,0,0,0,0,0,0,0,0,0,0,0,0,0,0,0,0,0,0,0,0,0,0,0,0,0,0,0,0,0,0,0,0,0,0,0,1.52759714284811e-05,1.44262852314761e-05,0,0,0
0,0,0,0,0,0,0,0.000501242845320882,0,0,0,0.0024939305773789,0,0,0,0.000310469021818638,0,9.73713704154478e-06,0,0,0,0,0,0,0,0.000256541503011444,0,0.0015792697553598,0,0,0,0,0,0,0,0,0,0,0,0,0,0,0,0,0,0,0,0,0,0,0,0.000871746690771988,0,0,0,0,0,0.000376277760859856,0,0.0288782679166672,0,0.00481635057141288,0,0,0,0,0,0,0,0,0.000976513359124185,0,0,0,0,0,0,0,0,0,0,0,0.000590362473402563,0.00106944624499225,0,0,0
0,0,0,0,0,0,0,0,0.00213187031203121,0,0,0,0,0,0,0,0,0,0,0,0,0,0,0,0.000333250034600496,0,0,0,0,0,0,0,0,0,0,0,0,0,0,0,0,0,0,0,0,0,0,0,0,0,0,0,0,0,0.00154517047622149,0,0,0,0,0,0.000165782490512356,0,0,0,0,0,0,0,0,0,0,0,0,0,0,0,0,0,0,0,0,0,7.31988075131085e-06,0,0,0,0
0,0,0,0,0,0,0,0,0,0.0085543477263029,0,0,0,0.000310469021818638,0,0,0.000370871641396649,0.00494190879473142,0.000382821361164001,0,0,0,0,0,0,0.000145556872737762,0,0,0,0,0,0,0,0,0,0,0,0,0,0,0,2.34592295035973e-05,0,0,0,0,0,0,0,0,0,0,0,0,0,0.0168900998695886,0,0.00450746378677269,0,0.000244768074480817,0,0.0372238125279834,0,0,0,0,0,0,0,0,0,0,0,0,0,0,0,0,0,1.2638925620405e-05,0,0,0.000668385993304856,0.000117450827632074,0,0,0
0,0,6.43366725470973e-05,1.72932543250863e-05,2.32302055524906e-05,6.15125254886466e-06,0,0,0.000616549580415804,6.65092633349265e-05,0,0,0,0,0,0.000370871641396649,0,0.126200884004749,0.0687472880622454,0,0,0,0.00113172257639161,0,0,2.98865764530431e-05,0.0020927556408613,0,0,0,0,0,0,0,0,0,1.53764198939219e-05,0,1.44704302445198e-05,0.000444409110101212,0.000507443233064755,0.000375646231310884,0.000706011889800059,0.000214458171033139,0,0.000442205147241635,0.000362303759719111,2.53350931325583e-06,0,0,0,0,0,0,0,0,0,0,0,0,0,0,0,0.000160691968145525,0,0,0,0,0,0,0,0,4.22743725842929e-05,8.33332900901287e-05,0,0,0,0,0.000245229038841603,0.00077865692263501,7.11659447550425e-05,0.000482950219315892,0.0467112425366074,0.00749955819921256,0.000907420179299447,5.27227851616398e-05,0.000178106893959841
0,0,1.20944945207143e-05,2.13819547675648e-05,0,1.32515296191113e-05,0,0,0,0.00117240287159352,0,0,0,9.73713704154478e-06,0,0.00494190879473142,0.126200884004749,0,0.0617304644446871,0,0,0.000849197900078633,0,0.00247424307415228,0,0.00718945025977204,0,0.00112967670402555,0,0,0,0,0,0,0,4.94984075198731e-06,0,1.22396926952495e-06,1.11814824461922e-05,0.00133088169597734,0.000310113902286755,0.00147661737172606,0.000227749763286497,0.00028178755194103,0,0.000556172421687012,0.000292768324564499,2.10133171957267e-05,0,4.07022086232962e-05,0,0,0,0,0,0,1.26626429619043e-05,3.31654855600981e-06,0,0,0,0.000419483732746449,0,3.77329428001068e-05,0,0,7.79148231745302e-05,0,0,0,0,0,5.5000616715227e-05,3.76587495874027e-05,0,0,0,0,0.00108322415301604,0.000360476420666289,0.000414565492261074,0.000172234448965362,0.0499327889371003,0.0202077880963274,0.00119619456671924,0.000300083702115116,8.73718048104827e-05
0.000376024349062179,0,0.000117344991273075,0.000263732655434779,7.2987735128667e-06,0.000113308740347099,0,0,0,0.000547007665450511,0,0,0,0,0,0.000382821361164001,0.0687472880622454,0.0617304644446871,0,0,0,0,0,0,0,0.000275108704191646,0,0,0,0,0,0,0,0,0,4.82997605702092e-05,8.03379951188883e-05,6.56012486140297e-06,0.000256853170242386,0.0139190353001507,0.00882666292688307,0.0162105209603885,0.010284481620949,0.00347709557216425,5.72366188418745e-06,0.00851690847272119,0.00623100046371513,0.000102605859148509,0,0.000473876840410267,7.83531729866916e-05,0,0,0,0,0,0.000903056788566663,0.000297366130172287,0,0,0,0,0.000205389446535394,0.00265876715946968,0,0,0,0,0,0,0,0,0.00388317281491525,0.00486119888973051,0,0,0,0,0.0078104770011294,0.0113309980486105,0.00438706987918197,0.00821421105506739,0.0321659190584422,0.00189067105063208,0.0286502215703529,0.00547702447228113,0.00472440562180262
0,0,0,0,0,0.000149715328513374,0,0,0,0,0,0.0204399070279733,0,0,0,0,0,0,0,0,0,0,0,0,0,0,0,0,0,0,0,0,0,0,0,0.00373636780723939,0,0.00216243488217427,0,0,0,0,0,0,0,0.00601458817873028,0,0,0,0.00033280254085393,0,0,0,0,0,0,0,0.00487245302781254,0,0,0,0,0.0404510467944535,0,0,0,0,0,0,0,0,0,0.00466012900118246,0,0,0,0,0,0.00277430573622268,0,0.000965213112287776,0,0.00167581695433392,0,0.00126513082748375,0,0
0,0,0,0,0.0124714912651054,0,0.000734404623322246,0,0,0,0.0083688625412187,0,0,0,0,0,0,0,0,0,0,0,0,0,0,0,0,0,0,0,0.00277512194607877,0,0,0,0,0,0.00832871409739051,0,0.00364705525296166,0,0.000609847893303883,0,3.51089428571232e-05,0,0,0,0.00471008551386153,1.69248565565404e-05,0.000287249526791672,0,0.0066138498791586,0,0,0,0,0,0.00377518302829841,0,0,0,0,0,0,0.0801589759843838,0,0,0,0,0,0,0,0,0,0.00339654345672201,0,0,0,0,0,0.00879285665849082,0,0.00425074356502949,0.000531158435528793,0,0.00167563717953315,0,0
0,0,0,0,0,0,0,0,0,0,0,0,0,0,0,0,0,0.000849197900078633,0,0,0,0,0.000309917222036169,0.00521836709104286,0,0.000803169981105512,0,0.000651603111506905,0,0,0,0,0,0,0,0,0,0.00876069703730535,0,0,0,0,0,0,0,0,0,0,0,0.00163936334347839,0,0,0,0,0,0,0,0,0,0,0,0,0,0,0.0365674542920726,0,0.00707399790890774,0,0.000846529436134448,0,0.000232978653598451,0,0,0,0,0,0,0,0,0,0.00366559252448781,0,0.00210800018615958,0.00084381251096577,0.00010247692637871,0,0
0,0,0,0,0,0,0,0,0,0,0,0,0,0,0,0,0.00113172257639161,0,0,0,0,0.000309917222036169,0,0,0.00246875033129434,0,0.000656469572083492,0,0.001538127863549,0,0,0,0,0,0,0,0,0,0.00397645588570349,0,0,0,0,0,0,0,0,0,0.00117470025000132,0,0,0,0,0,0,0,0,0,0,0,0,0,0,0,3.53530098154895e-05,0.0469382670819205,0,0.0056988715839915,0,0.00121200765274935,0,0,0,0,0,0,0,0,0,0,0,4.72925330761943e-05,0.00327239065227883,0.00058699741975949,0.000412290729281285,0,0
0,0,0,0,0,0,0,0,0,0.0114107235750848,0,0,0,0,0,0,0,0.00247424307415228,0,0,0,0.00521836709104286,0,0,0,0.0224606928545391,0,0,0,0,0,0,0,0,0,0,0,0.00738012002438687,0,0,0,0,0,0,0,0,0,0,0,0.000365251395137546,0,0,0,0,0,0.00232581538242416,0,0.000168010718759535,0,0,0,0,0,0,0.0023461236271179,0,0.11418494324841,0,0.0146913477337299,0,0.00215957184951281,0,0,0,0,0,0,0,0,0,0.0025499793332053,0,0.00259099408072219,0,0.0047353434529338,0,0
0,0,0,0,0,0,0,0,0.000952034707732127,0,0,0,0,0,0.000333250034600496,0,0,0,0,0,0,0,0.00246875033129434,0,0,0,0.00398711579472119,0,0,0,0,0,0,0,0,0,0,0,0.00274717675488598,0,0,0,2.85004137536332e-05,0,0,0,0,0,0.000222552702876798,0,0,0,0,0,0.00136214327008095,0,0,0,0,0,0,0,0,0,0,0.000361354630994987,0,0.264652385621805,0,0,0,0,0,0,0,0,0,0,0,0,0,0.000529192698912862,0.00268034444058075,0,0.00106605857660733,0,0
0,0,0,0,0,0,0,0,0,0,0,0,0,0.000256541503011444,0,0.000145556872737762,2.98865764530431e-05,0.00718945025977204,0.000275108704191646,0,0,0.000803169981105512,0,0.0224606928545391,0,0,0,0.000369809274848689,0,0,0,0,0,0,0,0,0,0,0,0,0,0,0,0,0,0,0,0,0,0,0,0,0,0,0,0,0,3.60146912167715e-05,0,0,0,0,0,0,0.000232378310536565,0,0.00129606805085959,0,0.0296746812916155,0,0.00118394407182654,0,0,0,0,0,0,0,0,0,0,0,0.000166151981562264,6.03421420503976e-05,0,0,0
0,0,0,0,0,0,0,0,0,0,0,0,0,0,0,0,0.0020927556408613,0,0,0,0,0,0.000656469572083492,0,0.00398711579472119,0,0,0,0,0,0,0,0,0,0,0,0,0,0,0,0,0,0,0,0,0,0,0,0,0,0,0,0,0,0,0,0,0,0,0,0,0,0,0,0,0,0,0,0,0.00259733772609362,0,0,0,0,0,0,0,0,0,0,0,0,0.000244074176858644,0,0,0,0
0,0,0,0,0,0,0,0,0,0,0,0.000697639357359786,0,0.0015792697553598,0,0,0,0.00112967670402555,0,0,0,0.000651603111506905,0,0,0,0.000369809274848689,0,0,0,0.00726921559939854,0,0,0,0,0,0,0,0,0,0,0,0,0,0,0,0,0,0,0,0,0,0,0,0,0,0,0,0.00288323657012476,0,0.00106348263306045,0,0,0,0,5.13901246068896e-05,0,0,0,0.00170701664109127,0,0.0105214355824866,0,0.016158431974218,0,0,0,0,0,0,0,8.58991509252328e-06,0,0.000276935610393551,1.91175384642609e-05,0,0,0
0,0,0,0,0,0,0,0,0,0,0,0,0,0,0,0,0,0,0,0,0,0,0.001538127863549,0,0,0,0,0,0,0,0.0183765862251652,0,0,0,0,0,0,0,0.000286137333223582,0,0,0,0,0,0,0,0,0,0,0,0,0,0,0,0,0,0,0,0.00256501622427151,0,0,0,0,0,0,0,0,0,0,0,0,0.00982708544215585,0,0,0,0,0,0,0,0,0,1.906740145424e-05,4.54220573939439e-05,0.000166684999495141,0,0,0
0,0,0,0,0,0,0,0,0,0,0,0.00894514591444736,0,0,0,0,0,0,0,0,0,0,0,0,0,0,0,0.00726921559939854,0,0,0,0,0,0,0,0,0,0.000676200268164702,0,0,0,0,0,0,0,0,0,0,0,0,0,0,0,0,0,0,0,0.00501751327131451,0,0,0,0,0,0,0,0,0,0,0,0,4.60622825629855e-05,0,0.0481047735323274,0,0,0,0,0,0,0,0.000591316915018916,0,0.000211843853190159,0,0,0,0
0,0,0,0,0,0,0,0,0,0,0.00815935869822586,0,0,0,0,0,0,0,0,0,0.00277512194607877,0,0,0,0,0,0,0,0.0183765862251652,0,0,0,0,0,0,0,0,0,0.00192911921934012,0,0,0,0,0,0,0,6.65836512956218e-05,0,0,0,0,0,0,0,0,0,0.00149621948160434,0,0,0,0,0,0,0.0135168611489632,0,0,0,0,0,0,0,0.0100727735974797,0,0.000237925298279151,0,0,0,0,0,6.53470038032354e-06,0,1.40858132320767e-05,3.65257803852415e-05,0,0.000423354647898015,0,0
0,0,0,0,0,0,0,0,0,0,0,0,0,0,0,0,0,0,0,0,0,0,0,0,0,0,0,0,0,0,0,0,0.106119001507909,0.00811222455986457,8.81989763001911e-05,0.00638517547891521,1.54475042536541e-05,0,0,0,0,0,0,0,0,0,0,0.0618234861493301,0.000527048086043984,0,0,0,0,0,0,0,0,0,0,0,0,0,0,0,0,0,0,0,0,0,0,0,0,0,0.351073779333004,0.0283601851989113,0.0305389532509195,0,0.0135718234674161,0.000433399576042475,0,0,0.00593587545228098,0,0,0,0
0,0,0,0,0,0,0,0,0,0,0,0,0,0,0,0,0,0,0,0,0,0,0,0,0,0,0,0,0,0,0,0.106119001507909,0,3.67918482133357e-05,0.0306464675260673,6.27605315747256e-06,0.00720143287758208,0,0,0,0,0,0,0,0,0,0,0.0412551648797897,0,0,0,0,0,0,0,0,0,0,0,0,0,0,0,0,0,0,0,0,0,0,0,0,0,0,0.0645283633795824,0.444756122901193,0.000214059699478464,0.00994529801506121,0.000442957811856063,0.00896779054822652,0,0,0.000958324694553658,0,0,0,0
0,0,0,0,0,0,0,0,0,0,0,0,0,0,0,0,0,0,0,0,0,0,0,0,0,0,0,0,0,0,0,0.00811222455986457,3.67918482133357e-05,0,0.0723549735777167,0.00171624508000723,0,0.00104651650563132,0,0,0,0,5.19486816319123e-05,0,0,1.1115479529518e-05,0,0.194802187489836,0.00102857921401996,0.000153241181893293,0,0,0,0,0,0,0,0,0,0,0,0,0,0,0,0,0,0,0,0,0,0,0,0,0.000561374622266421,0,0.128774559850352,0.0179371803168551,0.00172495398260744,3.07413087346275e-05,0.000663016499905781,0,0.00394649901647307,0,0.000156229672597602,0,0
0,0,0,0,0,0,0,0,0,0,0,0,0,0,0,0,0,0,0,0,0,0,0,0,0,0,0,0,0,0,0,8.81989763001911e-05,0.0306464675260673,0.0723549735777167,0,0,0.00361652717841134,1.23105530207316e-05,0.00176425371289056,0,0,0,0,0,0,0,0,0.09892707677651,0.00624829979386623,0,0,0,0,0,0,0,0,0,0,0,0,0,0,0,0,0,0,0,0,0,0,0,0,0,0.000374626074112403,0.00150553841338369,0.0175647459393094,0.333760146390973,0,0.00377610368084346,0,0.000172482596851333,0.000396544407925101,0,0,0,0
0,0,0,1.422623220398e-05,0,9.72782340693996e-05,0,0,0,0,0,0.00304888813890886,0,0,0,0,0,4.94984075198731e-06,4.82997605702092e-05,0.00373636780723939,0,0,0,0,0,0,0,0,0,0,0,0.00638517547891521,6.27605315747256e-06,0.00171624508000723,0,0,0.0041261347866243,0.0139750724513914,0,4.75686190149216e-05,0,5.49823355006904e-05,1.77867079140594e-06,1.69232666179852e-06,0,0.000534607548753575,0,0.00514523991618815,0.000415942256736301,0.000267706262851846,0,2.1380178620445e-06,0,0,0,0,0,0.000712219381832933,0,0,0,0,0.00142318445503585,0,0,0,0,0,0,0,0,0,2.62969683005205e-06,0,0.00206998913936114,0,0.00115192307084799,0,0.0953989065914073,5.06376273221821e-05,0.00957594212537109,1.79749371404203e-06,0.0121669583366454,0.00207082603531521,0.00150888179405034,4.14939653942021e-06,0
3.7471322850563e-06,0,1.59271486575984e-05,0,3.64386146092859e-05,0,0,0,0,0,0.0018177446389788,0,0,0,0,0,1.53764198939219e-05,0,8.03379951188883e-05,0,0.00832871409739051,0,0,0,0,0,0,0,0,0,0,1.54475042536541e-05,0.00720143287758208,0,0.00361652717841134,0.0041261347866243,0,0,0.0102659941727537,0,0.000137669271213836,0,0.000245536650578794,0,0,5.70305366287072e-06,0.000254643615892427,0.00220979577341453,0.00138995081668048,0,3.29099026179447e-05,0,0,0,0,0,0.0013532833350634,0,0,0,0,0,0,0.00331817377236984,0,0,0,0,0,0,0,0,0,1.20398831683181e-05,2.55692940765028e-05,0.000738057802900996,0,0.000823690723086868,0.00010944250443321,0.0793938047099452,0,0.0135402011107691,0.00746862795005784,0.00272450091778794,0.00108752803458912,0,5.45896771792226e-05
0,0,0,0,0,0,0,0,0,0.000848188220583671,0,0.00405599490871205,0,0,0,0,0,1.22396926952495e-06,6.56012486140297e-06,0.00216243488217427,0,0.00876069703730535,0,0.00738012002438687,0,0,0,0,0,0.000676200268164702,0,0,0,0.00104651650563132,1.23105530207316e-05,0.0139750724513914,0,0,0.000337937993854554,0,0,0.000264336646576486,8.66022391317488e-05,4.39265631449774e-06,0,9.56014479194239e-05,0,0.00703124056631295,0.000209379488563388,0.00508128116902842,0,0,0,0,0,0.000427610431696906,0,0.00286312526853025,0,0,0,0,0.000137080753349412,0,0.00422677472685868,0,0.00659072156834272,0,0,0,0,0,1.29895817035305e-05,0,0,0,8.47879935539152e-05,0,0.0088076569163458,0,0.067354234418486,0,0.00228929170631239,0.000746868649991457,0.00221612997182683,1.16679148204641e-05,0
1.78766888131012e-06,0,2.99347544224728e-06,0,0,0,0,0,0.000429778940819917,0,0.00726767187074763,0,0,0,0,0,1.44704302445198e-05,1.11814824461922e-05,0.000256853170242386,0,0.00364705525296166,0,0.00397645588570349,0,0.00274717675488598,0,0,0,0.000286137333223582,0,0.00192911921934012,0,0,0,0.00176425371289056,0,0.0102659941727537,0.000337937993854554,0,1.95851404161196e-05,1.63395745589724e-06,1.57029917661566e-06,0.00120691213033922,0,0,1.17342170071769e-06,0.000487941622967288,0.0150689216794805,0.00156363313386076,8.49142646032345e-05,0,0,0,0,0.000255325987345149,0,0.0013076556937091,0,0,0,0,0,0,0.00305032861794002,0,0.00199512712639865,0,0.00380777662235245,0,3.01024533803054e-05,0,0.00100484280438963,0,0.00195713410545214,0,0,0,0.000887149151505911,0,0.00639173770569139,0,0.0701881346086284,0.00252609658433114,0.000150860519804968,0.00282921715505885,0,8.51527867267689e-05
0,0,0,0.000101450145636473,2.97736081299876e-05,0.000147155339213318,0,0,0,0,0,0,0,0,0,0,0.000444409110101212,0.00133088169597734,0.0139190353001507,0,0,0,0,0,0,0,0,0,0,0,0,0,0,0,0,4.75686190149216e-05,0,0,1.95851404161196e-05,0,0.000325675073348057,0.0443466037247529,0.000131216589229101,0.00339130937830841,0,0.0201680920529403,0.000414664503986913,0.00357211410298265,0.000241236236669967,0.0267621158840363,2.04179918811283e-05,0,0,0,0,0,0,1.75229018240103e-05,0,0,0,0,0.000282542489768939,2.8512636686283e-05,0,0,0,0,0,0,0,0,0.00127535389030507,0,0,0,0,0,0.00834828536197983,9.08966359268694e-05,0.000504735177470343,6.18613053122667e-05,0.00176776741157382,4.47667410348921e-05,0.0342848106040109,0.00355801227814293,0
8.50013256485623e-05,0,0.000789362964952604,0,0.0010978494900317,0,0,0,0,0,0,0,0,0,0,0,0.000507443233064755,0.000310113902286755,0.00882666292688307,0,0.000609847893303883,0,0,0,0,0,0,0,0,0,0,0,0,0,0,0,0.000137669271213836,0,1.63395745589724e-06,0.000325675073348057,0,0.000214428814401969,0.0308558257605048,0,0,8.54509452558048e-05,0.0266503842087038,0.0013092071258023,0.0225902460846577,0,0.00127848826009064,0,0,0,0,0,0.000223657793569656,0,0,0,0,0,0,0.00908733936350369,0,0,0,0,0,0,0,0,0,0.0011568422240829,0,0,0,0,4.04304257870536e-05,0.00952880635917562,3.47699487882091e-05,0.00108407150585495,0.000876108865649864,1.13730364419758e-05,0.0318247205570438,0,0.00152013790033678
0,0.00113055966655124,7.56001867354989e-05,0.00434062587997114,0,0.000452435251856,0,0,0,5.12858146968753e-05,0,0,0,0,0,2.34592295035973e-05,0.000375646231310884,0.00147661737172606,0.0162105209603885,0,0,0,0,0,0,0,0,0,0,0,0,0,0,0,0,5.49823355006904e-05,0,0.000264336646576486,1.57029917661566e-06,0.0443466037247529,0.000214428814401969,0,0.00716047953654203,0.00154529996617692,0,0.01168213762913,0.000514949556898542,0.000842344467369316,3.79765713386104e-05,0.00844219923091953,0,0,0,0,0,0,0.000109446162244127,0.00214920029644186,0,0,0,6.15588987331981e-05,0.0144508916851825,0,0,0,0,0,0,0,7.9043226445292e-05,0,0.0167573655033354,8.36493853226879e-06,0,0,0,0,0.0104198474490785,0.000132346703581882,0.00350271844501814,0.00012070869770114,0.00449669368197155,6.33578276540924e-05,0.0916785665596488,0.0571458065045419,0.000162418246876916
0.000262620324294142,0,0.0031878307707349,0,0.00123394064311574,0,0,0,0.00363778747686627,0,6.59929328894812e-06,0,0,0,0,0,0.000706011889800059,0.000227749763286497,0.010284481620949,0,3.51089428571232e-05,0,0,0,2.85004137536332e-05,0,0,0,0,0,0,0,0,5.19486816319123e-05,0,1.77867079140594e-06,0.000245536650578794,8.66022391317488e-05,0.00120691213033922,0.000131216589229101,0.0308558257605048,0.00716047953654203,0,0,0,3.96175424661402e-05,0.00523167466536551,0.00596827678333226,0.0118175578455025,9.85117752422789e-05,0.000983677209231102,0,0,0,0,0,0.033015504412282,0,0,0,0,0,0,0.0165863461474338,0,0,0,0,0,0,0,0.000352690068068933,0,0.0197643938112737,0,0,0,0,7.11227634047104e-05,0.0116816777221822,5.0727702001197e-05,0.00733847856498696,0.00478457285520175,5.99672437240515e-06,0.110585240046344,4.11933864441884e-05,0.0418308543415502
0,0,0,0,0,0,0,0,0,0,0,0,0,0,0,0,0.000214458171033139,0.00028178755194103,0.00347709557216425,0,0,0,0,0,0,0,0,0,0,0,0,0,0,0,0,1.69232666179852e-06,0,4.39265631449774e-06,0,0.00339130937830841,0,0.00154529996617692,0,0,0,0.00628853984010196,2.37015397240165e-05,0,0,0.00010701249990788,0,0,0,0,0,0,0,0.000344674648555176,0,0,0,0,0,0,0,0,0,0,0,0,0,0,0.0057692230832379,0,0,0,0,0,0.00275087399204613,3.62254104651147e-06,0.00251822540392821,4.26466684380196e-06,0.00013993762534606,3.09739239494877e-05,0.00474906813738188,0.0026369483779332,0
0,0,0,0,0,0,0,0,0,0,0,0,0,0,0,0,0,0,5.72366188418745e-06,0,0,0,0,0,0,0,0,0,0,0,0,0,0,0,0,0,0,0,0,0,0,0,0,0,0,0,0,0,0,0,0,0,0,0,0,0,0,0,0,0,0,0,0,0,0,0,0,0,0,0,0,0,0,0,0,0,0,0,0,4.69570876993574e-06,0,0,0,0,2.77770190593318e-05,0,0
0,2.28380321342335e-05,0,0.00340259387099185,0,0.00186789543406047,0,0,0,0,0,5.57845602865495e-05,0,0,0,0,0.000442205147241635,0.000556172421687012,0.00851690847272119,0.00601458817873028,0,0,0,0,0,0,0,0,0,0,0,0,0,1.1115479529518e-05,0,0.000534607548753575,5.70305366287072e-06,9.56014479194239e-05,1.17342170071769e-06,0.0201680920529403,8.54509452558048e-05,0.01168213762913,3.96175424661402e-05,0.00628853984010196,0,0,0,0.00268131119359759,0.000692076057835642,0.00571447387108506,0,0,0,0,0,0,0,0.00286333660214227,0,0,0,0,0.0584288354308592,1.29840756635583e-05,0,0,0,0,0,0,0,0,0.0198864017209327,0,0,0,2.15560075753512e-05,0,0.0331779379862935,8.69515714859465e-05,0.0118717219119686,5.33081325907017e-05,0.00151239207464063,9.60358685404049e-05,0.0433086420668709,0.00886030218827248,0.000286479932273598
0,0,0.000229193047547511,0,0.00127316703233726,0,0,0,0,0,2.38021840499072e-05,0,0,0,0,0,0.000362303759719111,0.000292768324564499,0.00623100046371513,0,0.00471008551386153,0,0,0,0,0,0,0,0,0,6.65836512956218e-05,0,0,0,0,0,0.000254643615892427,0,0.000487941622967288,0.000414664503986913,0.0266503842087038,0.000514949556898542,0.00523167466536551,2.37015397240165e-05,0,0,0,7.79735152521143e-05,0.00328751692695688,8.34587792566959e-05,0.000252201223421015,0,0,0,0,0,0.000954045440135701,0,0,0,0,0,0,0.0224712620407058,0,0,0,0,0,0,0,0,0,0.00303523505375028,0,0,0,0,0.000101307141133545,0.0178849929522631,2.04061379999507e-06,0.00920667306528537,0.000933120364193038,3.82950713563312e-06,0.0100396408147862,9.49020015955291e-06,0.000302134793842669
0,0,0,0.000519370381587763,0.000113938069974423,0.000833199121023345,0,0,0,0,0,0,0,0,0,0,2.53350931325583e-06,2.10133171957267e-05,0.000102605859148509,0,1.69248565565404e-05,0,0,0,0,0,0,0,0,0,0,0.0618234861493301,0.0412551648797897,0.194802187489836,0.09892707677651,0.00514523991618815,0.00220979577341453,0.00703124056631295,0.0150689216794805,0.00357211410298265,0.0013092071258023,0.000842344467369316,0.00596827678333226,0,0,0.00268131119359759,7.79735152521143e-05,0,0.164969873187621,0.0552075491720082,0,2.39824960392154e-05,0,0,0,0,0,1.11981328953245e-05,0,0,0,0,0,0,0,0,0,0,0,0,0,0,0.000154457027684195,9.958790534888e-05,0.0500901301707043,0.0322023593482993,0.0944528774153652,0.0426819846057938,0.0093766903662851,0.0108628377670477,0.000402103090553276,0.000346671634972887,0.00876137257757787,7.16635070274438e-06,0.0270917515861844,0.000107453340110089,0
0.000392844631677795,0,0.0012153504570177,3.89557230994582e-05,0.00721383843020379,0.000291915319818849,0,0,0,0,0,0,0,0,0,0,0,0,0,0,0.000287249526791672,0,0.00117470025000132,0,0.000222552702876798,0,0,0,0,0,0,0.000527048086043984,0,0.00102857921401996,0.00624829979386623,0.000415942256736301,0.00138995081668048,0.000209379488563388,0.00156363313386076,0.000241236236669967,0.0225902460846577,3.79765713386104e-05,0.0118175578455025,0,0,0.000692076057835642,0.00328751692695688,0.164969873187621,0,0.00119821100349774,0.00277600266285297,0,0,0,0,0,0.00119539696051488,0,0,0,0.00717099410210814,0,0,0.000506052351119836,0,0.00630825651052539,0,0.000597966727135638,0,0.00122141335833967,0,0.000761675724392728,0,0.00567912702634117,0.000587323583383816,0.000253088652518718,0.000208474265494885,0.000353400423238115,0.000161314054658149,0.00567281510662589,0,0.00160340628151759,0.00293725914018998,0,0.0341323302463334,0,0.00038851631964503
0,0.00931381721974054,0,0.00430377774496901,0,0.0029704279380183,0,0,0,0,0,0,0,0,0,0,0,4.07022086232962e-05,0.000473876840410267,0.00033280254085393,0,0.00163936334347839,0,0.000365251395137546,0,0,0,0,0,0,0,0,0,0.000153241181893293,0,0.000267706262851846,0,0.00508128116902842,8.49142646032345e-05,0.0267621158840363,0,0.00844219923091953,9.85117752422789e-05,0.00010701249990788,0,0.00571447387108506,8.34587792566959e-05,0.0552075491720082,0.00119821100349774,0,0,2.21025294498404e-05,0,0,0,0.00175144164314522,0,0.00851211362425304,0,0.000673220499975525,0,0.00604113727105765,0.00031866980662428,0,0.00585163487092744,0,0.00361379278224083,0,0.00203436443790423,0,0.00824174417063919,0,0.0148194216572699,0,7.0091346145473e-05,0,0.000100949665848998,0,0.000625220219628271,1.60026379178275e-05,0.00320334333752357,0,0.00176244705169386,1.93314025093551e-06,0.0196008851795729,0.000905251078727587,3.72070990554723e-05
0,0,0.010697921699073,0,0.0172609711798045,0,0,0,0,0,0,0,0,0,0,0,0,0,7.83531729866916e-05,0,0.0066138498791586,0,0,0,0,0,0,0,0,0,0,0,0,0,0,0,3.29099026179447e-05,0,0,2.04179918811283e-05,0.00127848826009064,0,0.000983677209231102,0,0,0,0.000252201223421015,0,0.00277600266285297,0,0,0,0,0,0,0,0.0108548879946567,0,0.00272360656975592,0,0,0,0,0.0164507933972204,0,0,0,0,0,0,0,0,0,0.000349636322210856,0,0,0,0,0,0.000205052852379336,0,0.000138267722086304,1.62951630338138e-05,0,0.0083063687546695,0,0.000205286722565151
0,0,0,0.03527284618572,0,0.0512317182372198,0,0.00199136306377572,0,0.000391414971090853,0,0,0,0.000871746690771988,0,0,0,0,0,0,0,0,0,0,0,0,0,0,0,0,0,0,0,0,0,2.1380178620445e-06,0,0,0,0,0,0,0,0,0,0,0,2.39824960392154e-05,0,2.21025294498404e-05,0,0,0,0,0,0.000170532061019912,0,0.00441159899502911,0,3.70202826989099e-05,0,0.00022524079244466,0,0,0,0,0,0,0,0,0,0,2.78492992927017e-05,0,0,0,0,0,2.01074924600323e-06,0,5.7122605634884e-06,0,1.75465109835113e-06,0,0.00218085813589709,0,0
0,0,0,0,0.00388081613515246,0,0.0162178513853253,0,0,0,0.00237253143472925,0,0,0,0,0,0,0,0,0,0,0,0,0,0,0,0,0,0,0,0,0,0,0,0,0,0,0,0,0,0,0,0,0,0,0,0,0,0,0,0,0,0,0,0,0,0.00041112534319369,0,0.000279149482467838,0,0,0,0,0,0,0,0,0,0,0,0,0,0,0,0,0,0,0,0,0,0,0,0,0,0,0,0
0,0,0,0,0,0.000924108307397004,0,0.0575974003013226,0,0,0,0,0,0,0,0,0,0,0,0,0,0,0,0,0,0,0,0,0,0,0,0,0,0,0,0,0,0,0,0,0,0,0,0,0,0,0,0,0,0,0,0,0,0,0,0,0,0,0,0,0,0,0,0,0,0,0,0,0,0,0,0,0,0,0,0,0,0,0,0,0,0,0.000720692531064065,6.58603915602909e-05,0,0,0
0.0223087149258319,0,0.00297448793574475,0,0.00303849279054984,0,0,0,0.0655226976320487,0,0,0,0,0,0.00154517047622149,0,0,0,0,0,0,0,0,0,0.00136214327008095,0,0,0,0,0,0,0,0,0,0,0,0,0,0.000255325987345149,0,0,0,0,0,0,0,0,0,0,0,0,0,0,0,0,0,0,0,0,0,0,0,0,0,0,0,0,0.0132938674091794,0,0,0,0,0,0,0,0,0,0,0,0,0,0.000683286928727538,0,0,0,0,0
0,0.0129841865471765,0,0.0980098153371856,0,0.000417807500889433,0,0,0,0.0251795350266612,0,0,0,0,0,0.0168900998695886,0,0,0,0,0,0,0,0.00232581538242416,0,0,0,0,0,0,0,0,0,0,0,0,0,0.000427610431696906,0,0,0,0,0,0,0,0,0,0,0,0.00175144164314522,0,0.000170532061019912,0,0,0,0,0,0,0,0,0,0.0138184064560114,0,0,0,0,0.0370883208773955,0,0,0,0,0,0,0,0,0,0,0,0,0,0.000480132197584103,0,0,0,0.000625304776421127,0,0
0.000101018171989525,0,0.00412685483461138,0,6.20560169437229e-05,0,0.000635234198802108,0,0,0,0.0531729198718111,0,0,0,0,0,0,1.26626429619043e-05,0.000903056788566663,0,0.00377518302829841,0,0,0,0,0,0,0,0,0,0.00149621948160434,0,0,0,0,0,0.0013532833350634,0,0.0013076556937091,0,0.000223657793569656,0.000109446162244127,0.033015504412282,0,0,0,0.000954045440135701,0,0.00119539696051488,0,0.0108548879946567,0,0.00041112534319369,0,0,0,0,0,0.00587769276645102,0,0,0,0,0.0221841281040645,0,0,0,0,0,0,0,0.0216512071925182,0,0.0115190937835646,0,0,0,0,7.95381342174679e-06,0.000325338323898245,0,0.000291535955278648,0.000776023256446767,0,0.0204158992700877,0,0.0100091240186395
0,0.00445293904852256,0,0.00646071357740817,0,0,0,0,0,0,0,0.112145594672679,0,0.000376277760859856,0,0.00450746378677269,0,3.31654855600981e-06,0.000297366130172287,0.00487245302781254,0,0,0,0.000168010718759535,0,3.60146912167715e-05,0,0.00288323657012476,0,0.00501751327131451,0,0,0,0,0,0.000712219381832933,0,0.00286312526853025,0,1.75229018240103e-05,0,0.00214920029644186,0,0.000344674648555176,0,0.00286333660214227,0,1.11981328953245e-05,0,0.00851211362425304,0,0.00441159899502911,0,0,0,0,0,0,0,0.00360038392805352,0,0.0023443481798753,0.0433476281957514,0,0,0,0.000551219580392108,0,0.000286598439444815,0,0.0361776473976765,0,0.0469069058548476,0,0,0,0,0,8.89836580053795e-05,4.10202156734066e-06,0.000873297240978504,1.55121129329326e-06,0.000653001782429733,0,0.00983731647677744,0.00100769888502237,0
0,0,0.00348009546852055,0,0.00478260840672276,0,0.000723470888980726,0,0,0,0.000173712891410105,0,0,0,0,0,0,0,0,0,0,0,0,0,0,0,0,0,0.00256501622427151,0,0,0,0,0,0,0,0,0,0,0,0,0,0,0,0,0,0,0,0,0,0.00272360656975592,0,0.000279149482467838,0,0,0,0.00587769276645102,0,0,0,0.000222345333056276,0,0,0,0,0,0,0,0,0,0,0.000715616361050901,0,1.27977298533314e-05,0,0,0,0,0,0,0,0,0,0,0.000257361645534011,0,0
0,3.22349265840126e-05,0,0.000930697118296191,0,0,0,0,0,0,0,0,0,0.0288782679166672,0,0.000244768074480817,0,0,0,0,0,0,0,0,0,0,0,0.00106348263306045,0,0,0,0,0,0,0,0,0,0,0,0,0,0,0,0,0,0,0,0,0,0.000673220499975525,0,3.70202826989099e-05,0,0,0,0,0,0.00360038392805352,0,0,0,0.0152184284160238,0,0,0,0,0,0,0.000356098641779608,0,0.00348828113186569,0,0,0,0,0,0,0,0,0,0,0,0.000208433666084863,0,6.27272992031193e-05,0,0
0.000818804436517797,0,0.00130389656582815,0,0,0,0,0,0,0,0,0,0,0,0.000165782490512356,0,0,0,0,0,0,0,0,0,0,0,0,0,0,0,0,0,0,0,0,0,0,0,0,0,0,0,0,0,0,0,0,0,0.00717099410210814,0,0,0,0,0,0,0,0,0,0.000222345333056276,0,0,0,0,0,0,0,0,0,0,0,0,0,0,0,0,0,0,0,0,0,0,0,0,0,0,0,0
0,0.000355908110278084,0,0.0162581173820695,0,0,0,0,0,0.00343656172924332,0,0,0,0.00481635057141288,0,0.0372238125279834,0,0.000419483732746449,0,0,0,0,0,0,0,0,0,0,0,0,0,0,0,0,0,0,0,0,0,0,0,6.15588987331981e-05,0,0,0,0,0,0,0,0.00604113727105765,0,0.00022524079244466,0,0,0,0.0138184064560114,0,0.0023443481798753,0,0.0152184284160238,0,0,0,0,0,0,0.00207951543956518,0,0.000927374870688096,0,6.83563572115885e-05,0,0,0,0,0,0,0,0,0,0,0,4.63645343277197e-05,6.28275156260279e-06,0.00180345045744399,0,0
0,9.95907469871058e-05,0,2.4076149719018e-05,0,0,0,0,0,0,0,0.0261760414123102,0,0,0,0,0,0,0.000205389446535394,0.0404510467944535,0,0,0,0,0,0,0,0,0,0,0,0,0,0,0,0.00142318445503585,0,0.000137080753349412,0,0.000282542489768939,0,0.0144508916851825,0,0,0,0.0584288354308592,0,0,0,0.00031866980662428,0,0,0,0,0,0,0,0.0433476281957514,0,0,0,0,0,0,0,0,0,0,0,0,0.000146854921888805,0,0.0195161914998915,0,0,0,0,0,0.0183728304888278,0,0.00576374288042064,0,0.000443025662930593,0,0.029745845101311,0.00298484562328671,0
0,0,4.38222643833779e-05,0,0.0165464847144883,0,0,0,0,0,0.00353875536249892,0,0,0,0,0,0.000160691968145525,3.77329428001068e-05,0.00265876715946968,0,0.0801589759843838,0,0,0,0,0,0,0,0,0,0.0135168611489632,0,0,0,0,0,0.00331817377236984,0,0.00305032861794002,2.8512636686283e-05,0.00908733936350369,0,0.0165863461474338,0,0,1.29840756635583e-05,0.0224712620407058,0,0.000506052351119836,0,0.0164507933972204,0,0,0,0,0,0.0221841281040645,0,0,0,0,0,0,0,0,0,0,0,0,0,0,0.000246467080958573,0,0.0434942500308193,0,0,0,0,5.26574627946299e-05,0.0168119475581736,2.15039837839972e-05,0.00975123002765585,0.000684507523130956,0,0.0224626193173212,0,0.00704070598038928
0,0,0,0,0,0,0,0,0,0,0,0,0,0,0,0,0,0,0,0,0,0.0365674542920726,3.53530098154895e-05,0.0023461236271179,0,0.000232378310536565,0,5.13901246068896e-05,0,0,0,0,0,0,0,0,0,0.00422677472685868,0,0,0,0,0,0,0,0,0,0,0,0.00585163487092744,0,0,0,0,0,0,0,0,0,0,0,0,0,0,0,0,0.0120147186038189,0,0.00106023469641427,0,0.000200196334537969,0,0,0,0,0,0,0,0,0,0.00192057322591776,0,0.000661933917215753,0.000122288499060205,0.00214883103444119,0,0
0,0,0,0,0,0,0,0,0,0,0,0,0,0,0,0,0,0,0,0,0,0,0.0469382670819205,0,0.000361354630994987,0,0,0,0,0,0,0,0,0,0,0,0,0,0.00199512712639865,0,0,0,0,0,0,0,0,0,0.00630825651052539,0,0,0,0,0,0,0,0,0,0,0,0,0,0,0,0,0,0,0.00762055752129094,0,0.000622554842652044,0,1.06121034116309e-05,0,0,0,0,0,0,0,0,0,0.000152691365138014,0.000994441278455168,1.5006352339789e-05,6.03531369665204e-05,0,0
0,0,0,0,0,0,0,0,0,0.0269556728346515,0,0,0,0,0,0,0,7.79148231745302e-05,0,0,0,0.00707399790890774,0,0.11418494324841,0,0.00129606805085959,0,0,0,0,0,0,0,0,0,0,0,0.00659072156834272,0,0,0,0,0,0,0,0,0,0,0,0.00361379278224083,0,0,0,0,0,0.0370883208773955,0,0.000551219580392108,0,0,0,0.00207951543956518,0,0,0.0120147186038189,0,0,0,0.0226499207473155,0,0.00700003336090831,0,0,0,0,0,0,0,0,0,0.00308828201171627,0,0.001287324930284,1.68004641025936e-05,0.0126901209685901,0,0
0,0,0,0,0,0,0,0,0.00982052705528408,0,0,0,0,0,0,0,0,0,0,0,0,0,0.0056988715839915,0,0.264652385621805,0,0,0,0,0,0,0,0,0,0,0,0,0,0.00380777662235245,0,0,0,0,0,0,0,0,0,0.000597966727135638,0,0,0,0,0,0.0132938674091794,0,0,0,0,0,0,0,0,0,0,0.00762055752129094,0,0,0,0.000566781535167443,0,0,0,0,0,0,0,0,0,0,0,0.0017526663607481,0.00200210450182629,0,0.0132157326563987,0,0
0,0,0,0,0,0,0,0,0,0,0,0,0,0,0,0,0,0,0,0,0,0.000846529436134448,0,0.0146913477337299,0,0.0296746812916155,0,0.00170701664109127,0,0,0,0,0,0,0,0,0,0,0,0,0,0,0,0,0,0,0,0,0,0.00203436443790423,0,0,0,0,0,0,0,0.000286598439444815,0,0.000356098641779608,0,0.000927374870688096,0,0,0.00106023469641427,0,0.0226499207473155,0,0,0,0.0236937011821973,0,0,0,0,0,0,0,0,0,0,0,0.00018179943561297,0,0.000874299171822808,0,0
0,0,0,0,0,0,0,0,0,0,0,0,0,0,0,0,0,0,0,0,0,0,0.00121200765274935,0,0,0,0.00259733772609362,0,0,0,0,0,0,0,0,0,0,0,3.01024533803054e-05,0,0,0,0,0,0,0,0,0,0.00122141335833967,0,0,0,0,0,0,0,0,0,0,0,0,0,0,0,0,0.000622554842652044,0,0.000566781535167443,0,0,0,0.00392008234920417,0,0,0,0,0,0,0,0,0,0,0,0,0,0,0
0,0,0,0,0,0,0,0,0,0,0,0,0,0.000976513359124185,0,0,0,0,0,0,0,0.000232978653598451,0,0.00215957184951281,0,0.00118394407182654,0,0.0105214355824866,0,4.60622825629855e-05,0,0,0,0,0,0,0,0,0,0,0,7.9043226445292e-05,0,0,0,0,0,0,0,0.00824174417063919,0,0,0,0,0,0,0,0.0361776473976765,0,0.00348828113186569,0,6.83563572115885e-05,0.000146854921888805,0,0.000200196334537969,0,0.00700003336090831,0,0.0236937011821973,0,0,0,0.0123482009375926,0,0,0,0,0,0,0,0.00130733595458414,0,0,0,0.00162747272958898,0,0
0,0,0,0,0,0,0,0,0,0,0,0,0,0,0,0,0,0,0,0,0,0,0,0,0,0,0,0,0.00982708544215585,0,0.0100727735974797,0,0,0,0,0,0,0,0.00100484280438963,0,0,0,0.000352690068068933,0,0,0,0,0,0.000761675724392728,0,0,0,0,0,0,0,0.0216512071925182,0,0.000715616361050901,0,0,0,0,0.000246467080958573,0,1.06121034116309e-05,0,0,0,0.00392008234920417,0,0,0,0.00715899734394876,0,0,0,0,0,7.67190989955555e-06,0,0.000124189201957717,4.18190644059155e-06,0,0.000521413605608677,0,7.23771358879972e-05
0,0,0,0.00264178871992538,0,0.000138754441444695,0,0,0,0,0,0.00798501774717522,0,0,0,0,4.22743725842929e-05,5.5000616715227e-05,0.00388317281491525,0.00466012900118246,0,0,0,0,0,0,0,0.016158431974218,0,0.0481047735323274,0,0,0,0,0,2.62969683005205e-06,0,1.29895817035305e-05,0,0.00127535389030507,0,0.0167573655033354,0,0.0057692230832379,0,0.0198864017209327,0,0.000154457027684195,0,0.0148194216572699,0,2.78492992927017e-05,0,0,0,0,0,0.0469069058548476,0,0,0,0,0.0195161914998915,0,0,0,0,0,0,0,0.0123482009375926,0,0,0,0,0,0,0,0.00055847119687638,1.80689005887251e-05,0.00386560967007836,0,7.36327452370516e-05,1.0263117680529e-05,0.0290687882184853,0.0259857258250808,0
0.00119692320375294,0,0.00145292746039748,0,3.05005642962958e-05,0,0,0,0,0,0.000507215066618275,0,0,0,0,0,8.33332900901287e-05,3.76587495874027e-05,0.00486119888973051,0,0.00339654345672201,0,0,0,0,0,0,0,0,0,0.000237925298279151,0,0,0,0,0,1.20398831683181e-05,0,0.00195713410545214,0,0.0011568422240829,8.36493853226879e-06,0.0197643938112737,0,0,0,0.00303523505375028,9.958790534888e-05,0.00567912702634117,0,0.000349636322210856,0,0,0,0,0,0.0115190937835646,0,1.27977298533314e-05,0,0,0,0,0.0434942500308193,0,0,0,0,0,0,0,0.00715899734394876,0,0,0,0,0,0,0,0.000967989873851939,2.74572402629122e-05,0.00229206812043469,0.000212436511817699,3.35124896390073e-06,0.0221296606811278,0,0.0260929770088438
0,0,0,0,0,0,0,0,0,0,0,0,0,0,0,0,0,0,0,0,0,0,0,0,0,0,0,0,0,0,0,0.351073779333004,0.0645283633795824,0.000561374622266421,0.000374626074112403,0.00206998913936114,2.55692940765028e-05,0,0,0,0,0,0,0,0,0,0,0.0500901301707043,0.000587323583383816,7.0091346145473e-05,0,0,0,0,0,0,0,0,0,0,0,0,0,0,0,0,0,0,0,0,0,0,0,0,0,0.0196992417479593,0.0455031810158239,0,0.00491894149980522,0.000643151037032312,0,0,0.00453465332566177,0,0,0,0
0,0,0,0,0,0,0,0,0,0,0,0,0,0,0,0,0,0,0,0,0,0,0,0,0,0,0,0,0,0,0,0.0283601851989113,0.444756122901193,0,0.00150553841338369,0,0.000738057802900996,0,0,0,0,0,0,0,0,0,0,0.0322023593482993,0.000253088652518718,0,0,0,0,0,0,0,0,0,0,0,0,0,0,0,0,0,0,0,0,0,0,0,0,0,0.0196992417479593,0,0,0.00398166409797658,7.95475070539492e-05,0.015503787338529,0,0,0.000607618552775764,0,0,0,0
