0,0,158.797201514244,0,0,0,0,0,967.882572948933,0,0,0,0,0,0,0,6.35185527801514,4.14601585268974,65.6436598300934,0,0,0,0,0,0,0,0,0,0,0,0.938039541244507,0,0,0.483405560255051,0,0,0.311018258333206,0,0,3.92313396930695,3.78095510601997,3.68587790429592,31.4764923155308,0,0,0,9.19399401545525,8.21972633898258,116.359488278627,0,0,0,0,0,449.255026593804,0,1.10706789791584,0,0,0,176.321072340012,0,0,0.783945545554161,0,0,0,0,0,0,0,0,0,0,0,0,0.231217548251152,0,0.498286008834839,60.1715386360884,0.317212253808975,5.47466471791267,250.336834713817,0,130.184589460492,0,3.17344722151756
0,0,0,157.294757813215,0,21.8753534555435,0,0,0,717.139134854078,0,0,0,0,0,0,0,0,13.7926835715771,0,0,0,0,6.81722718477249,0,0,0,0,0,0,0,0,0,0,0,0,0,0,0,0,0,25.4735370278358,0.61196480691433,0,0,0,0,17.5972291827202,1.5123728364706,326.273320436478,0,2.65091395378113,0,0,0,200.071746259928,0,73.0058490633965,0,2.77866715192795,0,4.01550418138504,0,0,0,0,120.243706613779,0,0,0,0,0,0,0,0,0,0,0.367589384317398,0,0,0,0,342.35300989449,0,143.75412504375,0,0
158.797201514244,0,0,0,116.697358593345,0,0,0,92.4506912231445,0,0,0,0,0,0,0,0.944524705410004,0,0,0,0,0,0,0,0,0,0,0,0,0,0,0,0,0.187717989087105,0,0,0.185272946953773,0,0,0.29023277759552,4.77137492597103,0,36.884039029479,0,0,0,30.2778403162956,5.21440775692463,8.90145297348499,0,52.0367229878902,0,0,0,0.236813053488731,0,35.4280676841736,0,0,0,10.3278891444206,0,0,0,0,0,0,0,0,0,0,0,0,1.51767683029175,0,0,1.74157206714153,0,0,14.7519828081131,0,2.67430374026299,48.739400818944,0,1172.93245728314,0,0.309693664312363
0,157.294757813215,0,0,0,201.398607254028,0,0,0,35.770937949419,0,0,0,0,0,0,0.168750464916229,0,5.87023329734802,0,0,0,0,0,0,0,0,0,0,0,0,0,0,1.06360185146332,0,0.46029993891716,0,0,0,44.5339670032263,0,89.0450034737587,7.6477960050106,0,0,179.56961324811,0,28.9086487814784,12.8470816016197,133.520258322358,0,20.2572413086891,0,0,0,198.609110593796,0.198149144649506,1.13288128376007,0,0,0,0,1.42771209776402,0,0,0,0,0,0,0,0,0,1.76470214128494,0,0.149619117379189,0,0,0.340764671564102,50.8096166402102,0,4.83261267840862,0,337.740651264787,0,1205.29580508173,0.73017705976963,0
0,0,116.697358593345,0,0,0,0,0,223.45285949111,0,0,0,0,0,0,0,0.250472947955132,0,1.98627482354641,0,314.436878561974,0,0,0,0,0,0,0,0,0,0,0,0,0,0,0,153.038441367447,0,0.234844893217087,0.291331321001053,66.4911348745227,1.89983770251274,74.9525476545095,0,0,0,316.918713070452,14.5364193916321,143.20907369256,2.78554302453995,824.221999168396,0,0,0,93.5235601663589,0,13.6768102794886,0,43.8358027338982,0,11.286593824625,0,0,281.582948714495,0,0,0,0,0,0,0,0,0,2.64766396582127,0,0,0,0,0,180.57402870059,0,14.9318468868732,137.136699676514,58.8329796791077,522.549343630672,0,1.08167168498039
0,21.8753534555435,0,201.398607254028,0,0,0,0,0,327.386687576771,0,0,0,0,0,0,0,0,0,156.91184681654,0,0,0,0,0,0,0,0,0,0,0,0,0,0.466993033885956,0,4.36153164505959,0,0,0,84.9718482196331,0,7.41985693573952,0.242319986224174,0,0,361.499955132604,0,5.41866081953049,1.50193068385124,19.20261259377,0,103.410357296467,0,0,0,71.5996465981007,0,0.246983543038368,0,0,0,0,261.569192230701,0,0,0,0,0,0,0,0,0,0.871811628341675,0,0,0,0,0,626.905635714531,0,4.00366425514221,0,540.481369644403,84.5361873209476,512.617790967226,0,0
0,0,0,0,0,0,0,0,0,0,0,0,0,0,0,0,0,0,0,0,205.912677645683,0,0,0,0,0,0,0,0,0,0,0,0,0,0,0,0,0,0,0,0,0,0,0,0,0,0,0,0,0,0,0,59.339485168457,0,0,0,0,0,3,0,0,0,0,3.07299280166626,0,0,0,0,0,0,0,0,0,0,0,0,0,0,0,0,0,0,76.5938873291016,0,1.45927679538727,0,0
0,0,0,0,0,0,0,0,0,0,0,0,0,0,0,0,0,0,0,0,0,0,0,0,0,0,0,0,0,0,0,0,0,0,0,0,0,0,0,0,0,0,0,0,0,0,0,0,0,0,0,0,0,1,0,0,0,0,0,0,0,0,0,0,0,0,0,0,0,0,0,0,0,0,0,0,0,0,0,0,0,0,0,0,0,0,0
967.882572948933,0,92.4506912231445,0,223.45285949111,0,0,0,0,11.3706290125847,0.189819872379303,0,0,0,116.537629753351,7.56827676296234,710.765747740865,162.255456849933,115.56654882431,0,0.443864867091179,0,0,2.86028119921684,198.769921153784,0.460711300373077,37.8007973432541,0,0,0,0,0,0,0,0,0,0,0,211.20535159111,0.282281845808029,7.8646874576807,0,47.194974347949,0.186727583408356,1.27210879325867,0,50.8274505585432,0,20.617602840066,0,47.6203099489212,0,0,0,803.486734062433,0.465854585170746,1.70971065759659,0,0,0,175.073558270931,0,0,2.17767624557018,0,0,0,49.5672524273396,0,14.3722837269306,0,0,0,1.13565394282341,0,0,0,0,2.22606039047241,17.8905484080315,0,73.1644738316536,1441.02470244467,4.83696529269218,453.603894069791,0.313047677278519,0
0,717.139134854078,0,35.770937949419,0,327.386687576771,0,0,11.3706290125847,0,0,0,0,0.317021459341049,3.36102566123009,64.2982904911041,177.320684403181,376.723034098744,352.128853827715,0,0,0,0,67.7723684608936,2.59203812479973,20.7721579670906,5.40233492851257,0,0,0,0,0,0,0.633965194225311,0,0.184737741947174,0,96.4713943004608,0,13.6169817596674,0.209680914878845,16.2480406910181,1.10650622844696,0,0,61.1022115796804,1.52249580621719,7.749546200037,1.0478517562151,17.1985886543989,0,0,0,0,0,778.468712493777,0,0.797312274575233,0,0,20.6431388258934,5.03524416685104,0,0,0,0,109.596255168319,0,0,12.778694152832,0,0,3.73210583627224,0,0,0,0,0,25.1841598004103,4.00779613852501,145.970064342022,1.66652631759644,1939.75080057979,111.536215573549,279.515196114779,0.304417937994003,0
0,0,0,0,0,0,0,0,0.189819872379303,0,0,0,25.7068014144897,0,0,0,0,0,0.355420410633087,0,715.997235238552,0,0,0,0,0,0,0,22,0,0,0,0,0,0,0,396.294198870659,0,1510.04946002364,0,1.20599161833525,0,2.72664731740952,0,1.04611325263977,0,13.8104664087296,0.227830201387405,0.361275777220726,0,0,0,0,0,0,0,231.261163815856,0,0,0,0,0,0,88.1713892966509,0,0,0,0,0,0,0,0,0,3.80242002010345,0,0,0,0,0,239.498696990311,0,938.70223736763,232.571275904775,213.008733272552,8.85744304955006,0,0
0,0,0,0,0,0,0,0,0,0,0,0,0,17,0,0,0,0,0,42.4204018712044,0,0,0,0,0,0,0,0,0,0,0,0,0,0,0,142.141672253609,0,634.173613876104,0,0,0,0,0,0,0,0,0,0,0,0,0,0,0,0,0,0,0,1162.38440394402,0,0,0,0,281.43834143877,0,0,0,0,0,0,0,0,0,28.1492416858673,0,0,0,0,0,143.728224515915,0,713.373115777969,0,261.859374463558,0,1.43653592467308,0,0
0,0,0,0,0,0,0,0,0,0,25.7068014144897,0,0,0,816.009980916977,0,0,0,0,0,0,0,0,0,0,0,0,0,0,0,0,0,0,0,0,0,0,0,0,0,0,0,0,0,0,0,0,0,0,0,0,0,0,0,0,0,1,0,1793.51307860017,0,176.950626790524,0,0,0,0,0,0,0,0,0,0,0,0,0,0,0,0,0,0,0,0,0,14.5900747776031,3.48646068572998,0,0,0
0,0,0,0,0,0,0,0,0,0.317021459341049,0,17,0,0,0,97.1508980989456,11.8904367685318,51.2490965873003,0.464516162872314,0,0,0,0,0,0,1.93871739506721,0,0,0,0,0,0,0,0,0,0,0,0,0,0,0,0,0,0,0,0,0,0,0,0,0,0,0,0,0,0,0,34.0311485528946,0,202.132706880569,0,158.77472782135,0,0,0,0,0,0,0,0,0,0,0,0,0,0,0,0,0,0,0,0,23.50515884161,0,0,0,0
0,0,0,0,0,0,0,0,116.537629753351,3.36102566123009,0,0,816.009980916977,0,0,3.76157474517822,108.607101887465,35.9262857437134,9.84897980093956,0,0,0,0,0,4.59850981831551,0,23.8985384106636,0,0,0,0,0,0,0,0,0,0,0,0,0.63674134016037,0,0,0,0,0,0,0,0,0,0,69.8324483633041,0,0,0,24.6962521672249,0.499632745981216,0,0,612.563082635403,0,707.154672384262,0,0,0,0,0,0,0,0,1.85090291500092,0,0,0,0,0,0,0,0,0.600485622882843,0,0,0,114.070958018303,9.03396144509315,0,0,0
0,0,0,0,0,0,0,0,7.56827676296234,64.2982904911041,0,0,0,97.1508980989456,3.76157474517822,0,33.4848571121693,141.757939189672,34.8051463067532,0,0,0,0,5.097721606493,0.481435358524323,3.12592160701752,0,0,0,0,0,0,0,0,0,0,0,0,0,0,0,0,0,0,0,0,0.382756412029266,0,0,0,0,0,0,0,0,7.29069426655769,0,0,0,10.582702755928,0.683455884456635,114.828301727772,0,0,0,0,0,0,0,2.58021974563599,0,0,0,0,0,0,0,0,0,0,0,0.358180016279221,306.8411770612,26.7086052298546,0,0,0
6.35185527801514,0,0.944524705410004,0.168750464916229,0.250472947955132,0,0,0,710.765747740865,177.320684403181,0,0,0,11.8904367685318,108.607101887465,33.4848571121693,0,16078.0031147078,6421.62816695124,0,0,0,2.30206090211868,78.6800017058849,199.138841405511,130.588433995843,1746.55577874184,0,35.1223555803299,0,0,0,0,0,0,0.132318660616875,0.956044673919678,0,1.59248241782188,117.493834853172,90.9040669947863,105.801490500569,181.653704598546,4.84666447341442,12.1424980759621,31.7683028131723,171.008714281023,0.245333343744278,2.46238125860691,10.003523260355,0,0,0,0,0,22.4519318789244,2.87726177275181,0,0,0,506.359703063965,2.43015560507774,0,8.65918780863285,0,0,1.17752921581268,19.4314561039209,0,785.701729923487,0,0,0,3.28684601187706,0,0,0,0,110.679559588432,361.359808340669,21.192355170846,105.648105099797,11564.2177970111,2285.4894554764,360.690701268613,7.58048982918262,34.871344819665
4.14601585268974,0,0,0,0,0,0,0,162.255456849933,376.723034098744,0,0,0,51.2490965873003,35.9262857437134,141.757939189672,16078.0031147078,0,8101.31893267483,0,0,0,0,184.979274630547,53.7301211506128,1037.86081172526,155.249314531684,24.7661480307579,0,0,0,0,0,0,0,0.211343884468079,4.21079640090466,0,2.13318221271038,137.411667592824,42.0450873300433,181.942728437483,71.1910538077354,5.15283520519733,10.794533059001,28.9212539047003,60.8348430171609,3.04605136811733,3.01024186611176,12.6824415773153,0,0,0,0,0,117.316519737244,0.363616734743118,1.48688519001007,0,0,157.103345483541,20.7933664917946,0,3.74421851336956,0,0,0.354824632406235,7.76567140221596,36.475496172905,152.445917516947,0,0,1.13126921653748,1.86766490340233,0,0,0,0,189.563614174724,146.285241752863,29.9764124006033,32.7953588813543,12307.3371986672,315.878933236003,208.468832954764,25.4914609789848,12.1975499838591
65.6436598300934,13.7926835715771,0,5.87023329734802,1.98627482354641,0,0,0,115.56654882431,352.128853827715,0.355420410633087,0,0,0.464516162872314,9.84897980093956,34.8051463067532,6421.62816695124,8101.31893267483,0,0,0,0,0,43.3085325360298,22.5554751604795,38.6544155329466,47.4497105181217,0,0,0,0,0,0,0.884987562894821,0,3.89966078102589,11.7298061847687,0,11.7600391954184,1737.70241952688,582.758936680853,1900.72096925229,1130.55329806358,187.268414825201,221.063079953194,397.358547709882,853.772310689092,31.4723601341248,6.74645861983299,194.011203445494,0.794489979743958,0,0,0,0,6.59829923510551,22.0670686513186,1.69863511621952,0,0,66.0788234472275,0,0,63.7153561785817,0,0,0,1.8157559633255,0,47.0733099579811,0,0,29.57082028687,25.5878245234489,3.14062029123306,0,0,0,2772.30458814651,2043.08955350518,462.178151652217,523.050988852978,5401.81562002003,51.0942111909389,2719.91029541939,269.338239237666,144.053238630295
0,0,0,0,0,156.91184681654,0,0,0,0,0,42.4204018712044,0,0,0,0,0,0,0,0,0,0,0,0,0,0,0,0,0,0,0,0,0,0,0,2029.17421579361,0,177.343708217144,0,0,0,1.97470104694366,0.552204191684723,0,0,28.974020332098,0,0.833069145679474,1.59020417928696,3.58327731490135,0,0,0,0,0,0,0,1.46835947036743,0,0,0,0,1569.94732052088,0,0,0,0,0,0,0,0,0,2.11581447720528,0,0,0,0,0,1100.93736946583,0,45.9341139942408,0,348.175617516041,12.0463871955872,117.739800065756,0,0
0,0,0,0,314.436878561974,0,205.912677645683,0,0.443864867091179,0,715.997235238552,0,0,0,0,0,0,0,0,0,0,0,0,0,0,0,0,0,0,0,1.36864644289017,0,0,0,0,0,1440.38090674579,0,111.502234116197,1.1698796749115,3.01691406220198,0,4.99738144874573,0,0,0,20.7479671984911,0,0.160658851265907,0,195.881282120943,0,3.11596179008484,0,0,0,287.036794558167,0,0,0,0,0,0,1441.595782049,0,0,0,0,0,0,0,0,0,43.7422161102295,0,0,0,0,0,2466.76704297215,0,181.768411830068,483.564240559936,6.95093476772308,35.4096334800124,0,0
0,0,0,0,0,0,0,0,0,0,0,0,0,0,0,0,0,0,0,0,0,0,33.5188231468201,20.0668054521084,0,4,0,6,0,0,0,0,0,0,0,0,0,2332.3099732399,0,0,0,0,0,0,0,0,0,0,0,120.647744297981,0,0,0,0,0,0,0,0,0,0,0,0,0,0,987.985227316618,3,28.4386439621449,0,0.477034658193588,0,2.6986850053072,0,0,0,0,0,0,0,0,0,667.516393959522,0,392.604852259159,2,0,0,0
0,0,0,0,0,0,0,0,0,0,0,0,0,0,0,0,2.30206090211868,0,0,0,0,33.5188231468201,0,0,15.0227451324463,0,140.578968048096,0,0.380420178174973,0,0,0,0,0,0,0,0,0,693.180877268314,0,0,0,0,0,0,0,0,0,17.393510222435,0,0,0,0,0,0,0,0,0,0,0,0,0,0,0,0,364.012444496155,0,23.978645324707,0,171.341629266739,0,26.9418361485004,0,0,0,0,0,0,0,0,0,626.599980652332,43.8532708883286,0,0,0,0
0,6.81722718477249,0,0,0,0,0,0,2.86028119921684,67.7723684608936,0,0,0,0,0,5.097721606493,78.6800017058849,184.979274630547,43.3085325360298,0,0,20.0668054521084,0,0,0,186.10181760788,0,0,0,0,0,0,0,0,0,0,0,577.57950130105,0,0,0,1.12659311294556,0,0,0,0,1.29039967060089,0,0,38.8745860159397,0,0,0,0,0,3.88792356848717,0,2.39967872202396,0,0,1.1931499838829,0,0,0,5.03448316454887,0,131.20663318038,0,16.1613774299622,4.92840814590454,1.42417597770691,0,0.28818741440773,0,0,0,0,0,0.161811321973801,1.74386343359947,104.363716751337,0,502.575282990932,4.38995891809464,46.9230747520924,0,0
0,0,0,0,0,0,0,0,198.769921153784,2.59203812479973,0,0,0,0,4.59850981831551,0.481435358524323,199.138841405511,53.7301211506128,22.5554751604795,0,0,0,15.0227451324463,0,0,0.82071441411972,102.36905965209,0,0,0,0,0,0,0,0,0,0,0,92.1334607303143,0,0,0.780875325202942,2.71629792451859,0,0,0,0,0,11.0404932498932,0,0,0,0,0,101.343743160367,0.263489216566086,0,0,0,0,26.3842728734016,0,0,0,0,36.1901841163635,0,183.800196200609,0,7.93650150299072,0,0,0,0,0,0,0,0,0,0,0,16.2252051532269,567.660524085164,0,65.4711131751537,0,0
0,0,0,0,0,0,0,0,0.460711300373077,20.7721579670906,0,0,0,1.93871739506721,0,3.12592160701752,130.588433995843,1037.86081172526,38.6544155329466,0,0,4,0,186.10181760788,0.82071441411972,0,4.4320684671402,0,0,0,0,0,0,0,0,0,0,0,0,0,0,0,0.987779974937439,0,0,0,0.370630413293839,0,0,0,0,0,0,0,0,4.9263699054718,0,0,0,0,0.671316981315613,0,0,0,0,0,69.440573066473,0,72.4165732264519,0,0,0,0,0,0,0,0,0,0,0,0,0,148.965369686484,2.99090355634689,0.370382636785507,0,0
0,0,0,0,0,0,0,0,37.8007973432541,5.40233492851257,0,0,0,0,23.8985384106636,0,1746.55577874184,155.249314531684,47.4497105181217,0,0,0,140.578968048096,0,102.36905965209,4.4320684671402,0,0,5.55460834503174,0,0,0,0,0,0,0,0,0,0,0,1.11789473891258,0,0,0,0,0,0.507135927677155,0,0,0,0,0,0,0,0,0,0,0,0,0,7.68953514099121,0,0,1.25414139032364,0,0,0,4.0128720998764,0,22.5477645993233,0,0,0,0,0,0,0,0,2.10529959201813,0.230525881052017,0,0.167861342430115,481.700095549226,43.8124099969864,0.257641494274139,0,0
0,0,0,0,0,0,0,0,0,0,0,0,0,0,0,0,0,24.7661480307579,0,0,0,6,0,0,0,0,0,0,0,155.101497888565,0,0,0,0,0,0,0,0,0,0,0,0,0,0,0,0,0,0,0,0,0,0,0,0,0,0,0,0,0,0,0,0,0,0,1,0,0,0,0,0,4,0,205.538413047791,0,0,0,0,0,0,0,2,0,0,0,0,0,0
0,0,0,0,0,0,0,0,0,0,22,0,0,0,0,0,35.1223555803299,0,0,0,0,0,0.380420178174973,0,0,0,5.55460834503174,0,0,0,321.584416747093,0,0,0,0,0,0,0,0,0,0,0,0,0,0,0,0,0,0,0,0,0,0,0,0,0,0,0,0,0,0,0,0,0,0,4.19311636686325,0,0,0,0,0,63.8097783029079,0,19.7088460326195,0,0,0,0,0,0,0,0,3.95100948214531,0,0,0,0
0,0,0,0,0,0,0,0,0,0,0,0,0,0,0,0,0,0,0,0,0,0,0,0,0,0,0,155.101497888565,0,0,0,0,0,0,0,0,0,50.5006890296936,0,0,0,0,0,0,0,0,0,0,0,0,0,0,0,0,0,0,0,1,0,0,0,0,0,0,0,0,0,0,0,0,0,0,415.452386617661,0,0,0,0,0,0,0,86.5273195505142,0,0,0,0,0,0
0.938039541244507,0,0,0,0,0,0,0,0,0,0,0,0,0,0,0,0,0,0,0,1.36864644289017,0,0,0,0,0,0,0,321.584416747093,0,0,0,0,0,0,0,0,0,231.716302633286,0,0,0,0,0,0,0,1.02168707549572,0,0.297084480524063,0,0,0,0,0,0,0,0,0,0,0,0,0,0,6.02994576096535,0,0,0,0,0,0,0,0,0,127.875661849976,0,0,0,0,0,0.756156548857689,0,108.746952772141,0.222643703222275,10,1.20441094040871,0,0.891282796859741
0,0,0,0,0,0,0,0,0,0,0,0,0,0,0,0,0,0,0,0,0,0,0,0,0,0,0,0,0,0,0,0,683.754042088985,7.74296170473099,8.07063245773315,574.683149635792,52.8594125509262,0,0,2.76477901637554,0,0,0,0,0,0.179592192173004,0,1302.77529229224,0,8.03778803348541,0,0,0,0,0,0,0,0,0,0,0,0,0,0,0,0,0,0,0,0,0,0,0,0,3444.35447502881,59.4428595900536,63.8148423582315,0.662893891334534,624.805947870016,7.14370632171631,0,0,1246.12287780643,0,2.623819231987,0,0
0,0,0,0,0,0,0,0,0,0,0,0,0,0,0,0,0,0,0,0,0,0,0,0,0,0,0,0,0,0,0,683.754042088985,0,12.0435090065002,130.707207083702,0,33.6684210300446,0,0,0,0,0,0,0,0,0,0,431.641955494881,1.64654475450516,0,0,0,0,0,0,0,0,0,0,0,0,0,0,0,0,0,0,0,0,0,0,0,0,0,402.442907094955,2902.36118535697,53.4739167690277,150.885213546455,21.4147238731384,523.543663337827,0,0.315275847911835,226.011287212372,0,0,0,0
0.483405560255051,0,0.187717989087105,1.06360185146332,0,0.466993033885956,0,0,0,0.633965194225311,0,0,0,0,0,0,0,0,0.884987562894821,0,0,0,0,0,0,0,0,0,0,0,0,7.74296170473099,12.0435090065002,0,2433.89091205597,1014.15931919217,0,0,1,3.09786540269852,0.791221261024475,5.15437415242195,7.91980618238449,0,0,9.76196704804897,0,3054.07786180079,49.2060618400574,13.9525473117828,0,0,0,0,0,0.50032901763916,1.010113671422,0,0,0,0,0,0,0,0,0,0,0,0,0,0,0,0.169164538383484,0,3.43648540973663,1.34350228309631,1466.00030884147,1295.49964395165,763.370703719556,42.6126643717289,1.19054472446442,5.87871327996254,1024.06590157747,13,29.4389339089394,0,0
0,0,0,0,0,0,0,0,0,0,0,0,0,0,0,0,0,0,0,0,0,0,0,0,0,0,0,0,0,0,0,8.07063245773315,130.707207083702,2433.89091205597,0,0.811709702014923,201.773787438869,1,77.5408891737461,0,0,0,3.0362823009491,0,0,0,0,894.316997081041,19.5149217844009,0,0,0,0,0,0,0,0,0,0,0,0,0,0,0,0,0,0,0,0,0,0,0,0,0,75.636076271534,24.6045340895653,588.645524322987,3381.2014016211,56.359681814909,877.937919914722,0,43.3776231408119,223.034312039614,0,4.10461515188217,0,0
0,0,0,0.46029993891716,0,4.36153164505959,0,0,0,0.184737741947174,0,142.141672253609,0,0,0,0,0.132318660616875,0.211343884468079,3.89966078102589,2029.17421579361,0,0,0,0,0,0,0,0,0,0,0,574.683149635792,0,1014.15931919217,0.811709702014923,0,783.090951263905,1383.83722111583,0,2.21022003889084,0,5.81908781826496,0,0.523530557751656,0,50.9116641059518,0,78.4020741730928,32.4287880063057,52.6792498379946,0,0,0,0,0,0,0,0,0,0,0,0,290.393360540271,0,0,0,0,0,0,0,0,0,0,0,159.903564967215,0,452.802025720477,0,12902.6840599179,132.077733635902,232.087460339069,0,3448.64921233803,334.377617478371,66.7545791640878,1.04935637116432,0
0.311018258333206,0,0.185272946953773,0,153.038441367447,0,0,0,0,0,396.294198870659,0,0,0,0,0,0.956044673919678,4.21079640090466,11.7298061847687,0,1440.38090674579,0,0,0,0,0,0,0,0,0,0,52.8594125509262,33.6684210300446,0,201.773787438869,783.090951263905,0,0,3551.76064640284,1.12496355175972,6.43741391599178,0.219028457999229,14.400120921433,0,3.5850575491786,1.17194044589996,71.4246289953589,219.46822026372,107.737375706434,35.168047785759,14.5502187311649,0,0,0,0,0,2.472880885005,0,0,0,0,0,0,314.685022771358,0,0,0,0,0,0,0,0,0,0,0,26.0846531093121,0,368.259859740734,1.8436379134655,10690.915659681,0,837.191910460591,1748.52963407338,742.350412145257,83.7842096090317,0,3.07398356497288
0,0,0,0,0,0,0,0,0,96.4713943004608,0,634.173613876104,0,0,0,0,0,0,0,177.343708217144,0,2332.3099732399,0,577.57950130105,0,0,0,0,0,50.5006890296936,0,0,0,0,1,1383.83722111583,0,0,125.766423940659,0,0,76.5616704523563,0,0,0,0,0,30.5917008221149,0,67.1859285533428,0,0,0,0,0,0,0,16.4747515916824,0,0,0,0,34.583943426609,0,315.471805214882,0,159.982494086027,0,2.57689988613129,0,11.112144947052,0,2.23871994018555,0,0,0,5.9721212387085,0,395.83535015583,0,4947.41174915433,269.33907866478,1121.55434516072,150.364899635315,53.1007678508759,0,0
0,0,0,0,0.234844893217087,0,0,0,211.20535159111,0,1510.04946002364,0,0,0,0,0,1.59248241782188,2.13318221271038,11.7600391954184,0,111.502234116197,0,693.180877268314,0,92.1334607303143,0,0,0,0,0,231.716302633286,0,0,1,77.5408891737461,0,3551.76064640284,125.766423940659,0,0.732177332043648,2.96479645371437,0,118.923361837864,0,0.619890630245209,0.595144391059875,30.7404779046774,0.147956669330597,50.9859843105078,0,0,0,0,0,68.5164777338505,0,0,0,0,0,0,0,0,74.7419958338141,0,17.9519835114479,0,106.786605805159,0,0,0,0,0,0,0,0,0,20.3997585773468,1.73605857789516,1057.37420963496,1,5417.96200037003,914.678425833583,0,443.831673979759,0,10.0374012589455
3.92313396930695,0,0.29023277759552,44.5339670032263,0.291331321001053,84.9718482196331,0,0,0.282281845808029,13.6169817596674,0,0,0,0,0.63674134016037,0,117.493834853172,137.411667592824,1737.70241952688,0,1.1698796749115,0,0,0,0,0,0,0,0,0,0,2.76477901637554,0,3.09786540269852,0,2.21022003889084,1.12496355175972,0,0.732177332043648,0,9.4848694652319,3127.18558286875,231.241688102484,162.60889454186,0.622302323579788,1792.8275058642,38.241492241621,346.663770444691,5.97667101770639,1608.43969740719,0,0,0,0,0,14.1099203974009,0.369076728820801,5.37987415492535,0,0,0,0,47.5832467079163,2.98583708703518,0,0,0,0,0,0,0.637991160154343,0,40.8525378108025,0.631428524851799,28.3219841718674,0,0,0,1526.58628344536,70.1552877277136,239.608097717166,12.9970313608646,1103.83415552974,0.991667032241821,1943.21284207702,225.979587674141,3.63870097696781
3.78095510601997,0,4.77137492597103,0,66.4911348745227,0,0,0,7.8646874576807,0.209680914878845,1.20599161833525,0,0,0,0,0,90.9040669947863,42.0450873300433,582.758936680853,0,3.01691406220198,0,0,0,0,0,1.11789473891258,0,0,0,0,0,0,0.791221261024475,0,0,6.43741391599178,0,2.96479645371437,9.4848694652319,0,28.6085193231702,1833.70728890598,0.829398259520531,41.4591355994344,4.96670040488243,1422.0234997943,39.9893526881933,607.418517306447,4.10518425703049,6.53102789819241,0,0,0,0,1.20839002728462,25.0957334041595,0,0,0,1.58856642246246,0,0,145.735321521759,0,0,0,0,0,0,0,0,0.476145625114441,18.4048126786947,0,0,0,0,8.85620506107807,1016.97760411352,0.556384682655334,303.696162872016,417.087778143585,0.14482869207859,1896.90398025513,1.54062309861183,56.8787105903029
3.68587790429592,25.4735370278358,0,89.0450034737587,1.89983770251274,7.41985693573952,0,0,0,16.2480406910181,0,0,0,0,0,0,105.801490500569,181.942728437483,1900.72096925229,1.97470104694366,0,0,0,1.12659311294556,0.780875325202942,0,0,0,0,0,0,0,0,5.15437415242195,0,5.81908781826496,0.219028457999229,76.5616704523563,0,3127.18558286875,28.6085193231702,0,796.728620313108,185.07377025485,4.32545483112335,596.005591750145,35.146530777216,472.269358314574,27.6849614232779,776.428741119802,0,0,0,0,0,4.92737743258476,2.46340902149677,95.9602294564247,0,0,0.222807824611664,0,88.8518978208303,4.34040883183479,0,0,0,0,0,0,1.03245770931244,0,728.463810443878,0.509191334247589,14.4212075471878,0,0.318874359130859,0.30146911740303,3445.99387336522,83.6758374944329,1443.30725683272,26.5724681615829,2430.75863785297,0,5263.53665045649,2204.96229851246,13.6743900030851
31.4764923155308,0.61196480691433,36.884039029479,7.6477960050106,74.9525476545095,0.242319986224174,0,0,47.194974347949,1.10650622844696,2.72664731740952,0,0,0,0,0,181.653704598546,71.1910538077354,1130.55329806358,0.552204191684723,4.99738144874573,0,0,0,2.71629792451859,0.987779974937439,0,0,0,0,0,0,0,7.91980618238449,3.0362823009491,0,14.400120921433,0,118.923361837864,231.241688102484,1833.70728890598,796.728620313108,0,7.12644165754318,33.5894708633423,66.4239061623812,1048.69592858106,496.62868745625,800.259555757046,37.8390252292156,10.662353605032,0,0,0,0,0.162230998277664,628.865165270865,0,0,0,1.97642621397972,0,0,277.28727029264,0,0,0,0,0,0.205592826008797,0,0,2.23137223720551,117.001947656274,4.8147087097168,0,23.7785456776619,0,79.4115011841059,2460.54031059146,16.0157342106104,951.237706974149,1447.34556784481,1.41599448025227,8367.9205743745,27.2611354142427,1919.45216155052
0,0,0,0,0,0,0,0,0.186727583408356,0,0,0,0,0,0,0,4.84666447341442,5.15283520519733,187.268414825201,0,0,0,0,0,0,0,0,0,0,0,0,0,0,0,0,0.523530557751656,0,0,0,162.60889454186,0.829398259520531,185.07377025485,7.12644165754318,0,0,111.336088210344,1.14553317427635,4.91340385377407,0.230317533016205,20.4362514317036,0,0,0,0,0,0.536975562572479,0,10.908371835947,0,0,0,0,0,0,0,0,0,0,0,0,0,0,94.3898718208075,0,0,0,0,0,539.765632852912,1.17997896671295,309.190303951502,0,52.4832865297794,0,420.105507493019,52.5878928750753,0
0,0,0,0,0,0,0,0,1.27210879325867,0,1.04611325263977,0,0,0,0,0,12.1424980759621,10.794533059001,221.063079953194,0,0,0,0,0,0,0,0,0,0,0,0,0,0,0,0,0,3.5850575491786,0,0.619890630245209,0.622302323579788,41.4591355994344,4.32545483112335,33.5894708633423,0,0,0.987675756216049,48.2413512542844,0.177666649222374,0.29757122695446,0,0,0,0,0,0,0,2.0533766746521,0,0,0,0,0,0,8.47780617326498,0,0,0,0,0,0,0,0,0,2.70396742224693,0,0,0,0,1.02310943603516,241.912107944489,0,63.5974387973547,30.6504609584808,0,78.618288308382,1.43067193031311,3.98671180009842
0,0,0,179.56961324811,0,361.499955132604,0,0,0,61.1022115796804,0,0,0,0,0,0,31.7683028131723,28.9212539047003,397.358547709882,28.974020332098,0,0,0,0,0,0,0,0,0,0,0,0.179592192173004,0,9.76196704804897,0,50.9116641059518,1.17194044589996,0,0.595144391059875,1792.8275058642,4.96670040488243,596.005591750145,66.4239061623812,111.336088210344,0.987675756216049,0,7.97965031862259,297.476761631668,86.7422207444906,661.008687019348,0,0,0,0,0,59.1013295948505,0,88.5844626128674,0,0,1.21287536621094,0,1952.93296252191,0,0,0,0,0,0,0,0.352594435214996,0,184.084986642003,0,0,0,0,0,4124.35347158462,12.0306299626827,703.195777475834,1.79089996218681,425.995782151818,2.57264886796474,3680.55695445836,79.4997586607933,0.975088119506836
9.19399401545525,0,30.2778403162956,0,316.918713070452,0,0,0,50.8274505585432,1.52249580621719,13.8104664087296,0,0,0,0,0.382756412029266,171.008714281023,60.8348430171609,853.772310689092,0,20.7479671984911,0,0,1.29039967060089,0,0.370630413293839,0.507135927677155,0,0,0,1.02168707549572,0,0,0,0,0,71.4246289953589,0,30.7404779046774,38.241492241621,1422.0234997943,35.146530777216,1048.69592858106,1.14553317427635,48.2413512542844,7.97965031862259,0,41.7527173310518,609.512936785817,10.2554347217083,27.1351267695427,0,0,0,0.313641667366028,0.681567430496216,229.24432104826,0,0,0,0.269781559705734,0,0,912.083431571722,0,0,0,0,0,1.16863095760345,0,0,0.207098335027695,139.787761710584,0,0,0,0,29.9808866307139,3817.31631332636,4.37292420864105,504.078356854618,600.293202742934,0.838970839977264,2449.00677913427,4.33900441229343,64.8933760151267
8.21972633898258,17.5972291827202,5.21440775692463,28.9086487814784,14.5364193916321,5.41866081953049,0,0,0,7.749546200037,0.227830201387405,0,0,0,0,0,0.245333343744278,3.04605136811733,31.4723601341248,0.833069145679474,0,0,0,0,0,0,0,0,0,0,0,1302.77529229224,431.641955494881,3054.07786180079,894.316997081041,78.4020741730928,219.46822026372,30.5917008221149,0.147956669330597,346.663770444691,39.9893526881933,472.269358314574,496.62868745625,4.91340385377407,0.177666649222374,297.476761631668,41.7527173310518,0,4491.63975416869,1086.28237347305,2.05331009626389,0,0,0,0,8.45191290974617,28.0204965919256,0.763918161392212,0,0,0,0,1.95689430832863,6.62188965082169,0,0,0,0,0,0,0,0,5.48267298936844,1.9401923418045,2282.92791830003,941.225416958332,4393.39236880839,1165.07802793384,723.063129417598,2367.50808220357,44.8463570773602,699.190782740712,1155.005657956,0.48255243897438,1598.91441473365,14.8030047416687,2.14389744400978
116.359488278627,1.5123728364706,8.90145297348499,12.8470816016197,143.20907369256,1.50193068385124,0,0,20.617602840066,1.0478517562151,0.361275777220726,0,0,0,0,0,2.46238125860691,3.01024186611176,6.74645861983299,1.59020417928696,0.160658851265907,0,17.393510222435,0,11.0404932498932,0,0,0,0,0,0.297084480524063,0,1.64654475450516,49.2060618400574,19.5149217844009,32.4287880063057,107.737375706434,0,50.9859843105078,5.97667101770639,607.418517306447,27.6849614232779,800.259555757046,0.230317533016205,0.29757122695446,86.7422207444906,609.512936785817,4491.63975416869,0,89.5921718329191,26.4919339567423,0,0,0,1.36670842766762,6.08708652853966,40.131561845541,1.1595663279295,0,0,0,0,0,24.4249068126082,0,97.8799587637186,0,19.7061041593552,0,24.6878618001938,0,0,0,57.1495230719447,0,5.51665478944778,146.690263226628,2.23990175127983,21.9177309945226,1708.56863344461,4.73693361878395,677.278957106173,478.824648618698,1.43520605564117,1864.86079474539,0.499794289469719,3.70220269262791
0,326.273320436478,0,133.520258322358,2.78554302453995,19.20261259377,0,0,0,17.1985886543989,0,0,0,0,0,0,10.003523260355,12.6824415773153,194.011203445494,3.58327731490135,0,120.647744297981,0,38.8745860159397,0,0,0,0,0,0,0,8.03778803348541,0,13.9525473117828,0,52.6792498379946,35.168047785759,67.1859285533428,0,1608.43969740719,4.10518425703049,776.428741119802,37.8390252292156,20.4362514317036,0,661.008687019348,10.2554347217083,1086.28237347305,89.5921718329191,0,0,0,0,0,0,15.1025259494781,0.32002255320549,113.201796807349,0,0,0,0,6.83153009414673,2.0361058562994,156.318702667952,0,199.554005816579,0,143.50834916532,0,85.8507024794817,0,205.453878797591,0,68.8466222882271,0,0.951186776161194,0,800.236209064722,9.59809727966785,825.626035198569,4.6757531017065,373.162719286978,0.567731633782387,1134.41371975839,42.523438885808,0.182150989770889
0,0,52.0367229878902,0,824.221999168396,0,0,0,47.6203099489212,0,0,0,0,0,69.8324483633041,0,0,0,0.794489979743958,0,195.881282120943,0,0,0,0,0,0,0,0,0,0,0,0,0,0,0,14.5502187311649,0,0,0,6.53102789819241,0,10.662353605032,0,0,0,27.1351267695427,2.05331009626389,26.4919339567423,0,0,0,0,0,5.56034401059151,0,7.76736351847649,0,39.7434619665146,0,32.0442765951157,0,0,171.628602668643,0,0,0,0,0,0,0,0,0,0.369637697935104,0,0,0,0,0.627260267734528,85.9361451491714,0,1.49244350194931,108.194856286049,0,340.406934320927,0,0.138943776488304
0,2.65091395378113,0,20.2572413086891,0,103.410357296467,0,0,0,0,0,0,0,0,0,0,0,0,0,0,0,0,0,0,0,0,0,0,0,0,0,0,0,0,0,0,0,0,0,0,0,0,0,0,0,0,0,0,0,0,0,0,0,0,0,0.893387854099274,0,0,0,91.2821660041809,0,1.63076281547546,0,0,0,0,0,0,0,0,0,0,0,0,0,0,0,0,0,0,0,0,0,0,0,0,0
0,0,0,0,0,0,59.339485168457,0,0,0,0,0,0,0,0,0,0,0,0,0,3.11596179008484,0,0,0,0,0,0,0,0,0,0,0,0,0,0,0,0,0,0,0,0,0,0,0,0,0,0,0,0,0,0,0,0,0,0,0,0,0,0,0,0,0,0,0,0,0,0,0,0,0,0,0,0,0,0,0,0,0,0,0,0,0,2,0,0,0,0
0,0,0,0,0,0,0,1,0,0,0,0,0,0,0,0,0,0,0,0,0,0,0,0,0,0,0,0,0,0,0,0,0,0,0,0,0,0,0,0,0,0,0,0,0,0,0,0,0,0,0,0,0,0,0,0,0,0,0,0,0,0,0,0,0,0,0,0,0,0,0,0,0,0,0,0,0,0,0,0,0,0,0,0,0,0,0
449.255026593804,0,0.236813053488731,0,93.5235601663589,0,0,0,803.486734062433,0,0,0,0,0,24.6962521672249,0,0,0,0,0,0,0,0,0,101.343743160367,0,0,0,0,0,0,0,0,0,0,0,0,0,68.5164777338505,0,0,0,0,0,0,0,0.313641667366028,0,1.36670842766762,0,5.56034401059151,0,0,0,0,0,0,0,0,0,51.7769328355789,0,0,0,0,0,0,65.4887407124043,0,0,0,0,0,0,0,0,0,0,0,0.177970245480537,0,46.3314534425735,15.3953022807837,0,116.12771987915,0,0
0,200.071746259928,0,198.609110593796,0,71.5996465981007,0,0,0.465854585170746,778.468712493777,0,0,0,0,0.499632745981216,7.29069426655769,22.4519318789244,117.316519737244,6.59829923510551,0,0,0,0,3.88792356848717,0.263489216566086,4.9263699054718,0,0,0,0,0,0,0,0.50032901763916,0,0,0,0,0,14.1099203974009,1.20839002728462,4.92737743258476,0.162230998277664,0.536975562572479,0,59.1013295948505,0.681567430496216,8.45191290974617,6.08708652853966,15.1025259494781,0,0.893387854099274,0,0,0,0,0,0,0,0,5.45073628425598,0,0,0,0,0,65.8966139256954,0,0,4.43395328521729,0,0,0.740630194544792,0,0,0,0,0,6.76420986652374,1.63938140869141,3.62356704473495,0,136.979766532779,0.766451358795166,93.4987664967775,1.29867005348206,0
1.10706789791584,0,35.4280676841736,0.198149144649506,13.6768102794886,0,0,0,1.70971065759659,0,231.261163815856,0,1,0,0,0,2.87726177275181,0.363616734743118,22.0670686513186,0,287.036794558167,0,0,0,0,0,0,0,0,0,0,0,0,1.010113671422,0,0,2.472880885005,0,0,0.369076728820801,25.0957334041595,2.46340902149677,628.865165270865,0,2.0533766746521,0,229.24432104826,28.0204965919256,40.131561845541,0.32002255320549,7.76736351847649,0,0,0,0,0,0,0,11.4092227518559,0,0,0,0,914.342605799437,0,0,0,0,0,0,0,162.246079266071,0,319.97381234169,0,0,3.60581922531128,0,1.37981249392033,59.0876786187291,0.195288851857185,79.334805957973,17.1131674870849,0,2206.80906339735,0,115.091368198395
0,73.0058490633965,0,1.13288128376007,0,0.246983543038368,0,0,0,0.797312274575233,0,1162.38440394402,0,34.0311485528946,0,0,0,1.48688519001007,1.69863511621952,1.46835947036743,0,0,0,2.39967872202396,0,0,0,0,0,1,0,0,0,0,0,0,0,16.4747515916824,0,5.37987415492535,0,95.9602294564247,0,10.908371835947,0,88.5844626128674,0,0.763918161392212,1.1595663279295,113.201796807349,0,0,0,0,0,0,0,0,0,16.4916941523552,0,30.8701438307762,278.707921743393,0,0.477377861738205,0,21.7096694260836,0,21.2331686615944,0,119.495529919863,0,209.569189757109,0,0,0,0,0,1.91278795897961,0,141.344854176044,0,204.798800066113,0,672.255590312183,16.2865676283836,0
0,0,0,0,43.8358027338982,0,3,0,0,0,0,0,1793.51307860017,0,612.563082635403,0,0,0,0,0,0,0,0,0,0,0,0,0,0,0,0,0,0,0,0,0,0,0,0,0,0,0,0,0,0,0,0,0,0,0,39.7434619665146,0,0,0,0,0,11.4092227518559,0,0,0,278.766885995865,0,0,0,0,0,0,0,0,0,0,0,0,0,0,0,0,0,0,0,0,0,57.6321114301682,0,2.08366227149963,0,0
0,2.77866715192795,0,0,0,0,0,0,0,0,0,0,0,202.132706880569,0,10.582702755928,0,0,0,0,0,0,0,0,0,0,0,0,0,0,0,0,0,0,0,0,0,0,0,0,0,0,0,0,0,0,0,0,0,0,0,91.2821660041809,0,0,0,0,0,16.4916941523552,0,0,0,25.1695563793182,0,0,0,0,0,0,0,0,0,0,0,0,0,0,0,0,0,0,0,0,1,0,0,0,0
176.321072340012,0,10.3278891444206,0,11.286593824625,0,0,0,175.073558270931,20.6431388258934,0,0,176.950626790524,0,707.154672384262,0.683455884456635,506.359703063965,157.103345483541,66.0788234472275,0,0,0,0,1.1931499838829,26.3842728734016,0.671316981315613,7.68953514099121,0,0,0,0,0,0,0,0,0,0,0,0,0,1.58856642246246,0.222807824611664,1.97642621397972,0,0,1.21287536621094,0.269781559705734,0,0,0,32.0442765951157,0,0,0,51.7769328355789,5.45073628425598,0,0,278.766885995865,0,0,0,0,0.83994734287262,0,0,0,0,0,5.26593291759491,0,0,0,0,0,0,0,0,0,0.710541009902954,0,0,345.435631036758,2.63230496644974,0.421520054340363,0,0.278439581394196
0,4.01550418138504,0,0,0,0,0,0,0,5.03524416685104,0,0,0,158.77472782135,0,114.828301727772,2.43015560507774,20.7933664917946,0,0,0,0,0,0,0,0,0,0,0,0,0,0,0,0,0,0,0,0,0,0,0,0,0,0,0,0,0,0,0,0,0,1.63076281547546,0,0,0,0,0,30.8701438307762,0,25.1695563793182,0,0,0,0,0,0,0,0,0,0,0,0,0,0,0,0,0,0,0,0,0,0,59.1473545134068,0.758935511112213,0,0,0
0,0,0,1.42771209776402,0,261.569192230701,0,0,0,0,0,281.43834143877,0,0,0,0,0,0,0,1569.94732052088,0,0,0,0,0,0,0,0,0,0,0,0,0,0,0,290.393360540271,0,34.583943426609,0,47.5832467079163,0,88.8518978208303,0,0,0,1952.93296252191,0,1.95689430832863,0,6.83153009414673,0,0,0,0,0,0,0,278.707921743393,0,0,0,0,0,0,0,0,0,0,0,0,0,0,72.7142217904329,0,0,0,0,0,2951.49032091349,0,488.926217928529,0,112.999337375164,11.3369376659393,613.436710089445,0.766196370124817,0
0.783945545554161,0,0,0,281.582948714495,0,3.07299280166626,0,2.17767624557018,0,88.1713892966509,0,0,0,0,0,8.65918780863285,3.74421851336956,63.7153561785817,0,1441.595782049,0,0,0,0,0,1.25414139032364,0,0,0,6.02994576096535,0,0,0,0,0,314.685022771358,0,74.7419958338141,2.98583708703518,145.735321521759,4.34040883183479,277.28727029264,0,8.47780617326498,0,912.083431571722,6.62188965082169,24.4249068126082,2.0361058562994,171.628602668643,0,0,0,0,0,914.342605799437,0,0,0,0.83994734287262,0,0,0,0,0,0,0,0,0,0,0,0,294.844488084316,0,0,0.224438309669495,0,2.01330381631851,3257.89678908139,2.5799332857132,1460.26965104043,181.807693727314,0,814.118124380708,0.812839791178703,31.3376322090626
0,0,0,0,0,0,0,0,0,0,0,0,0,0,0,0,0,0,0,0,0,987.985227316618,0,5.03448316454887,0,0,0,1,0,0,0,0,0,0,0,0,0,315.471805214882,0,0,0,0,0,0,0,0,0,0,0,156.318702667952,0,0,0,0,0,0,0,0.477377861738205,0,0,0,0,0,0,0,0,41.5118283629417,0,0.446911722421646,0,2.94828397035599,0,0,0,0,0,0,0,0,0,159.363999009132,0,4.29011583328247,0,0,0,0
0,0,0,0,0,0,0,0,0,0,0,0,0,0,0,0,0,0,0,0,0,3,364.012444496155,0,36.1901841163635,0,0,0,4.19311636686325,0,0,0,0,0,0,0,0,0,17.9519835114479,0,0,0,0,0,0,0,0,0,97.8799587637186,0,0,0,0,0,0,0,0,0,0,0,0,0,0,0,0,0,0,0,0,0.494210183620453,0,267.620776355267,0,0,0,0,0,0,0,0,0,426.709234371781,25.5473299026489,0,0,0,0
0,120.243706613779,0,0,0,0,0,0,0,109.596255168319,0,0,0,0,0,0,1.17752921581268,0.354824632406235,0,0,0,28.4386439621449,0,131.20663318038,0,69.440573066473,0,0,0,0,0,0,0,0,0,0,0,159.982494086027,0,0,0,0,0,0,0,0,0,0,0,199.554005816579,0,0,0,0,0,65.8966139256954,0,21.7096694260836,0,0,0,0,0,0,41.5118283629417,0,0,0,97.3982066214085,0,8.09310062229633,0,3.07878042757511,0,0,0,0,0,0,0,461.681260704994,0,9.77097567915916,0,97.4283517599106,0,0
0,0,0,0,0,0,0,0,49.5672524273396,0,0,0,0,0,0,0,19.4314561039209,7.76567140221596,1.8157559633255,0,0,0,23.978645324707,0,183.800196200609,0,4.0128720998764,0,0,0,0,0,0,0,0,0,0,0,106.786605805159,0,0,0,0,0,0,0,0,0,19.7061041593552,0,0,0,0,0,65.4887407124043,0,0,0,0,0,0,0,0,0,0,0,0,0,0,0,0,3.12112081050873,0,0,0,0,0,0,0,0,0,25.5872437953949,30.9463464021683,0,11.7399826943874,0,0
0,0,0,0,0,0,0,0,0,0,0,0,0,0,0,0,0,36.475496172905,0,0,0,0.477034658193588,0,16.1613774299622,0,72.4165732264519,0,0,0,0,0,0,0,0,0,0,0,2.57689988613129,0,0,0,0,0,0,0,0,0,0,0,143.50834916532,0,0,0,0,0,0,0,21.2331686615944,0,0,0,0,0,0,0.446911722421646,0,97.3982066214085,0,0,0,4.97788849473,0,0.321038037538528,0,0,0,0,0,0,0,0,0,6.1063306927681,0,0,0,0
0,0,0,0,0,0,0,0,14.3722837269306,12.778694152832,0,0,0,0,1.85090291500092,2.58021974563599,785.701729923487,152.445917516947,47.0733099579811,0,0,0,171.341629266739,4.92840814590454,7.93650150299072,0,22.5477645993233,0,0,0,0,0,0,0,0,0,0,0,0,0,0,0,0.205592826008797,0,0,0,1.16863095760345,0,24.6878618001938,0,0,0,0,0,0,4.43395328521729,0,0,0,0,5.26593291759491,0,0,0,0,0.494210183620453,0,0,0,0,0,4.61880013346672,0,0,0,0,0,0,0,0,0,0,179.53405149281,4.85537859797478,2.55036079883575,0.503543376922607,0.326495200395584
0,0,0,0,0,0,0,0,0,0,0,0,0,0,0,0,0,0,0,0,0,2.6986850053072,0,1.42417597770691,0,0,0,4,0,0,0,0,0,0,0,0,0,11.112144947052,0,0.637991160154343,0,1.03245770931244,0,0,0,0.352594435214996,0,0,0,85.8507024794817,0,0,0,0,0,0,0,119.495529919863,0,0,0,0,0,0,2.94828397035599,0,8.09310062229633,0,4.97788849473,0,0,0,9.38273993134499,0,0,0,0,0,0,0,26.8202258646488,0,0,0,30.7531417459249,1.29999053478241,0
0,0,0,0,0,0,0,0,0,0,0,0,0,0,0,0,0,0,0,0,0,0,26.9418361485004,0,0,0,0,0,63.8097783029079,0,0,0,0,0,0,0,0,0,0,0,0,0,0,0,0,0,0,0,0,0,0,0,0,0,0,0,162.246079266071,0,0,0,0,0,0,0,0,267.620776355267,0,3.12112081050873,0,4.61880013346672,0,0,0,209.81557393074,0,0,0,0,0,0,0,8.55827951431274,0,0,0,0,0.944147408008575
0,0,0,1.76470214128494,0,0.871811628341675,0,0,0,3.73210583627224,0,28.1492416858673,0,0,0,0,0,1.13126921653748,29.57082028687,2.11581447720528,0,0,0,0.28818741440773,0,0,0,205.538413047791,0,415.452386617661,0,0,0,0.169164538383484,0,0,0,2.23871994018555,0,40.8525378108025,0.476145625114441,728.463810443878,2.23137223720551,94.3898718208075,0,184.084986642003,0.207098335027695,5.48267298936844,0,205.453878797591,0,0,0,0,0,0.740630194544792,0,209.569189757109,0,0,0,0,72.7142217904329,0,0,0,3.07878042757511,0,0.321038037538528,0,9.38273993134499,0,0,0.247372761368752,0,0,0,0,19.308017835021,1.65144264698029,772.855002358556,0,17.8583398461342,0,1020.02768789232,123.790460199118,0
0,0,1.51767683029175,0,2.64766396582127,0,0,0,1.13565394282341,0,3.80242002010345,0,0,0,0,0,3.28684601187706,1.86766490340233,25.5878245234489,0,43.7422161102295,0,0,0,0,0,0,0,19.7088460326195,0,127.875661849976,0,0,0,0,0,0,0,0,0.631428524851799,18.4048126786947,0.509191334247589,117.001947656274,0,2.70396742224693,0,139.787761710584,1.9401923418045,57.1495230719447,0,0.369637697935104,0,0,0,0,0,319.97381234169,0,0,0,0,0,0,294.844488084316,0,0,0,0,0,0,0,209.81557393074,0.247372761368752,0,0,0,0,0,3.45452302694321,50.9735211357474,0.193597972393036,626.721686989069,142.311763241887,0,451.987525306642,0,37.2912322282791
0,0,0,0.149619117379189,0,0,0,0,0,0,0,0,0,0,0,0,0,0,3.14062029123306,0,0,0,0,0,0,0,0,0,0,0,0,3444.35447502881,402.442907094955,3.43648540973663,75.636076271534,159.903564967215,0,0,0,28.3219841718674,0,14.4212075471878,4.8147087097168,0,0,0,0,2282.92791830003,0,68.8466222882271,0,0,0,0,0,0,0,0,0,0,0,0,0,0,0,0,0,0,0,0,0,0,0,0,0,470.792736321688,707.058392368257,24.6537851989269,521.034276485443,22.5993826389313,1.05306601524353,0,1821.78804144263,0,3.77942928671837,0,0
0,0,0,0,0,0,0,0,0,0,0,0,0,0,0,0,0,0,0,0,0,0,0,0,0,0,0,0,0,0,0,59.4428595900536,2902.36118535697,1.34350228309631,24.6045340895653,0,26.0846531093121,0,0,0,0,0,0,0,0,0,0,941.225416958332,5.51665478944778,0,0,0,0,0,0,0,0,0,0,0,0,0,0,0,0,0,0,0,0,0,0,0,0,0,470.792736321688,0,12.0946778655052,420.016694255173,2.03278458118439,1621.8391835317,0,0,536.931511253119,0,0,0,0
