0,0,0.155590492846637,0,0,0,0,0,0.166677020980339,0,0,0,0,0,0,0,0,0,0.258347868919373,0,0,0,0,0,0.263014499811416,0,0,0,0,0,0,0,0,0,0,0,0,0,0.357013911178166,0,0,0.25427969545126,0.359351449329656,0,0.143253246322274,0,0,0.336909621953964,0.231126534251066,0,0,0,0,0,0.152626231312752,0,0,0,0,0,0,0,0,0,0,0,0,0.20120257511735,0,0,0,0,0,0,0,0,0,0,0,0,0,0.332223426018442,0.329729344243604,0.325857314798567,0.331388959743802,0,0.23789929151535
0,0,0,0.146129011781886,0,0,0,0.170807257294655,0,0.262374392723384,0,0.492750595013301,0,0,0,0.166922643780708,0.256189912557602,0.324977079033852,0.295702981452147,0.376053669622966,0,0,0,0.249203391373158,0,0,0,0.322505293069062,0,0.321289322205952,0,0,0,0,0,0.31997737288475,0,0.369184605520347,0,0,0.317292630672455,0.250888275233312,0.221882939338684,0,0,0.266673843065898,0,0.298719853162766,0.357866833607356,0.21655136545991,0,0,0,0.19441032409668,0,0.16086775080099,0,0.324635901817909,0,0.322825723711182,0,0.132513273351637,0,0,0,0,0.232678317348001,0,0.194691443017551,0,0.315180322531343,0,0.33097382442636,0,0,0,0,0,0,0,0.472629557956349,0,0.289747485994465,0,0.227658781496037,0.254648601636291,0.319462597370148
0.155590492846637,0,0,0,0.168080017408904,0,0,0,0.186903670485373,0,0,0.267019480466843,0,0,0,0,0,0,0.2021258067001,0,0,0,0,0,0,0,0,0,0,0,0,0,0,0,0,0.221522137522697,0.141857847571373,0.254876211285591,0.28011082219226,0,0.240910017490387,0.251338575644176,0.202730126429953,0,0.174175529625504,0.251995299318257,0.198712594807148,0.259739780000278,0.217978877773196,0.198212794959545,0,0.22713802754879,0,0,0.197123687408987,0,0,0.249657548431839,0,0.239089814679963,0,0,0.234168676229624,0,0,0,0,0,0,0,0.250705510377884,0,0.266619851191839,0,0,0,0,0,0,0.248749820085672,0.270590422881974,0.251825223366419,0.205426759365946,0.226224333047867,0.192320626759038,0.257224667817354,0.173385670122046
0,0.146129011781886,0,0,0,0.12804541817388,0,0.1363385617733,0,0,0,0.119455556728338,0,0,0,0,0,0,0.253796953707933,0,0,0,0,0,0,0,0,0.255991488695145,0,0.237494952976704,0,0,0,0,0,0.292749017477036,0,0.386920094490051,0,0,0.354446172714233,0.242946591514807,0,0,0,0.235090383461543,0,0,0,0.172305651549539,0,0.111905140911832,0,0.134658914059401,0,0.146220397949219,0,0.165608777449681,0,0.14218514226377,0,0.131338215300015,0.143905758857727,0,0,0,0,0,0,0,0.259935365368923,0,0.301249842558588,0,0,0,0,0,0,0,0.370960911115011,0,0.264231080242566,0,0.205993364925857,0,0
0,0,0.168080017408904,0,0,0,0,0,0.164614731445909,0,0,0,0,0,0,0,0,0,0,0,0.164209327101707,0,0,0,0,0,0,0,0,0,0,0,0,0,0,0,0,0,0,0,0,0,0,0,0,0,0,0,0,0,0,0,0,0,0,0,0,0,0,0,0,0,0,0,0,0,0,0,0,0,0,0,0,0,0,0,0,0,0,0,0,0,0.111340916862613,0,0.158867163093467,0,0
0,0,0,0.12804541817388,0,0,0,0,0,0.223940061750235,0,0.205926453073819,0,0,0,0.175703272223473,0,0,0,0.181602737897045,0,0,0,0,0,0,0,0,0,0,0,0,0,0,0,0.154957776889205,0,0,0,0,0,0.23229892551899,0,0,0,0.215818416327238,0,0,0,0,0,0.128413904044363,0,0.135636007785797,0,0.208145581758939,0,0.170407164503228,0,0.176046654582024,0,0,0.153673435250918,0,0,0,0,0,0,0,0,0,0,0,0,0,0,0,0.169165866076946,0,0,0,0.215541809819461,0.196656660487254,0.166411226936455,0,0
0,0,0,0,0,0,0,0,0,0,0.161433037370443,0,0,0,0,0,0,0,0,0,0,0,0,0,0,0,0,0,0,0,0,0,0,0,0,0,0,0,0,0,0,0,0,0,0,0,0,0,0,0,0.14319030046463,0,0.140874714672565,0,0,0,0.142037230535088,0,0,0,0,0,0,0,0,0,0,0,0,0,0,0,0,0,0,0,0,0,0,0,0,0,0.20919656008482,0,0,0,0
0,0.170807257294655,0,0.1363385617733,0,0,0,0,0,0,0,0.171164245915043,0,0.21480438276364,0,0,0,0,0.239825174212456,0.242007404565811,0,0,0,0,0,0,0,0,0,0,0,0,0,0,0,0.179414117336273,0,0.318547666072845,0,0,0,0,0,0,0,0,0,0,0,0,0,0,0,0.146566979587078,0,0,0,0.132648579776287,0,0.205910507262799,0,0,0,0,0,0,0,0,0,0,0,0,0,0,0,0,0,0,0.182626551160446,0,0,0,0.156240320702394,0.163523621284045,0.16821878105402,0,0
0.166677020980339,0,0.186903670485373,0,0.164614731445909,0,0,0,0,0,0,0,0,0,0.140097573399544,0,0.187835168221901,0,0.255962129831314,0,0,0,0,0,0.214742677676123,0,0,0,0,0,0,0,0,0,0,0,0,0,0.250183656174912,0,0,0.261033814400434,0.263217705488205,0,0.266110420227051,0,0,0,0.173778769425277,0,0,0,0,0,0.146688849244216,0,0,0,0,0,0.153038166463375,0,0,0,0,0,0,0.165654184453398,0,0,0,0,0,0,0,0,0,0,0,0.212582156062126,0,0.203203307837248,0.204408751578753,0.16539331972599,0.261729446623255,0,0
0,0.262374392723384,0,0,0,0.223940061750235,0,0,0,0,0,0.459273680641844,0,0,0,0.20851421615641,0.286608511582017,0.272182728773003,0.250279590302373,0.345750229012582,0,0.242172448929534,0,0.226042605424053,0,0.221432368921977,0,0,0,0.38480681180954,0,0,0,0,0,0.367566580573718,0,0.402031752127635,0,0,0.293306195735931,0.235997501731843,0.34857678501045,0.166435614228249,0,0.283016605596793,0,0,0.333176749093192,0.271780580696132,0,0,0,0,0,0.187581627832159,0,0.401678909256001,0,0.300361586941613,0,0.20711304232174,0.256951957941055,0,0.240602413128162,0,0.205349801259266,0,0.229621168226004,0,0.326988133399383,0,0.364372002343609,0,0,0,0,0,0,0.393318665879113,0.345532210900428,0,0.247021793577996,0.242046289973789,0.242640063077921,0.241815255828274,0
0,0,0,0,0,0,0.161433037370443,0,0,0,0,0,0.157758619869128,0,0,0,0,0,0,0,0.178476621411256,0,0,0,0,0,0,0,0.150678328731481,0,0.141421441733837,0,0,0,0,0,0.158313296162165,0,0.158464975304628,0,0.142484173178673,0,0.16583276540041,0,0,0,0.159817904233932,0,0.162695501859371,0,0,0,0,0,0,0,0.162305726816319,0,0.148759428815669,0,0,0,0,0.183829409808948,0,0,0,0,0,0,0,0.154923513531685,0,0.145287654205654,0,0,0,0,0,0.146236404776573,0,0.169306468331453,0.160891436831245,0,0.184026555158198,0,0
0,0.492750595013301,0.267019480466843,0.119455556728338,0,0.205926453073819,0,0.171164245915043,0,0.459273680641844,0,0,0,0.200269906506152,0,0,0.386421190066771,0.355935467758041,0.352651944756508,0.229509647633958,0,0,0,0,0,0,0,0.265438996255398,0,0.201029873639345,0,0,0,0,0,0.162468872017792,0,0.195742336814804,0,0,0.383976568778356,0.328177886841061,0.398822312553724,0.338520407676697,0,0.342271074328734,0,0,0.38034392396609,0.486798822879791,0,0,0,0.130215489993925,0,0.445111697912216,0,0.204304117715064,0,0.223758291291154,0,0,0.271988037171272,0,0,0,0,0,0,0,0.303217510382334,0,0.200328297738996,0,0,0,0,0,0.175134157728065,0.406772375106812,0.300110398164905,0.42085587978363,0.202815128322185,0.175467228584354,0.369180573310537,0.338034375437668,0
0,0,0,0,0,0,0,0,0,0,0.157758619869128,0,0,0,0,0,0,0,0,0,0,0,0,0,0,0,0,0,0.156134513517221,0,0,0,0,0,0,0,0,0,0,0,0,0,0,0,0,0,0,0,0,0,0,0,0,0,0,0,0.157271827029627,0,0.161140309622109,0,0,0,0,0,0,0,0,0,0,0.17417798936367,0,0,0,0,0,0,0,0,0,0,0,0,0,0,0,0,0
0,0,0,0,0,0,0,0.21480438276364,0,0,0,0.200269906506152,0,0,0,0.177040414065123,0,0.156882518902421,0,0,0,0,0,0,0,0,0,0.193056910997257,0,0.235430481758985,0,0,0,0,0,0,0,0,0,0,0,0,0,0,0,0,0,0,0,0,0,0,0,0,0,0,0,0.127265608683229,0,0.168861156626308,0,0.164046227776756,0,0,0,0,0,0,0.146367660164833,0,0.232891138481057,0,0.293017272438322,0,0,0,0,0,0,0,0,0,0.196533418121183,0.176463324232452,0,0,0
0,0,0,0,0,0,0,0,0.140097573399544,0,0,0,0,0,0,0,0,0,0,0,0,0,0,0,0,0,0,0,0,0,0,0,0,0,0,0,0,0,0,0,0,0,0,0,0,0,0,0,0,0,0,0,0,0,0,0,0,0,0,0,0.126591727137566,0,0,0,0,0,0,0,0,0,0,0,0,0,0,0,0,0,0,0,0,0,0,0,0,0,0
0,0.166922643780708,0,0,0,0.175703272223473,0,0,0,0.20851421615641,0,0,0,0.177040414065123,0,0,0,0.178015437322082,0.2049650400877,0,0,0.209779260680079,0,0.251408954262733,0,0.155332526474288,0,0,0,0,0,0,0,0,0,0,0,0.318749088793993,0,0,0,0,0,0,0,0,0,0,0,0.36599929134051,0,0,0,0,0,0.205666971579194,0,0,0,0,0,0.189503361058773,0,0,0.206619016826153,0,0.267101040908269,0,0.155011424065932,0,0.168022781610489,0,0,0,0,0,0,0,0,0,0.342772263288498,0,0.165531253750705,0.176865845410661,0,0,0
0,0.256189912557602,0,0,0,0,0,0,0.187835168221901,0.286608511582017,0,0.386421190066771,0,0,0,0,0,0.169858114827742,0.272677248306282,0.352003908819622,0,0.152653627097607,0.161204212814345,0,0.159790228436822,0.160084784651796,0.153106776189751,0.339501023292542,0.196193009614944,0,0,0,0,0,0,0.341401629149914,0,0.356937434938219,0,0,0.303846451498213,0.258566410839558,0.286586684719572,0,0,0.293615193278701,0,0,0.338160100228646,0.3461574614048,0,0,0,0,0,0.268480241298676,0,0.359627292914824,0,0,0,0,0.279798844456673,0,0,0.159738712367557,0,0.151455136669147,0.249617196619511,0.16405207921283,0.326675355434418,0,0.383840087801218,0,0,0,0,0,0.314512103796005,0.331017592549324,0.369075635075569,0.373095393180847,0.214413776708884,0.172133772502908,0.299017558672598,0.270479142665863,0.322583563625813
0,0.324977079033852,0,0,0,0,0,0,0,0.272182728773003,0,0.355935467758041,0,0.156882518902421,0,0.178015437322082,0.169858114827742,0,0.233908918506636,0.315590911059885,0,0.180779471067549,0,0.237905869739396,0,0.151390848049532,0,0.169577947253966,0,0.362560570240021,0,0,0,0,0,0.322145152030532,0,0.362899340068301,0,0,0.287584522595772,0.232762694358826,0.290712378608684,0.217577316931316,0.271955374628305,0.286343618369132,0,0,0.347091703073067,0.309463328123093,0,0,0,0,0,0.274646078103355,0,0.324404240991825,0,0.252880970637004,0,0,0.280801748840122,0,0.182094580928485,0,0.195151369680058,0,0.14724014348297,0,0.177811692419805,0,0.341945625689565,0,0,0,0,0,0.310664984914992,0.350013429468328,0.35474593982552,0.339584320783615,0.242109529237347,0.152986510865511,0.255568010374136,0.237932476082018,0.298708274960518
0.258347868919373,0.295702981452147,0.2021258067001,0.253796953707933,0,0,0,0.239825174212456,0.255962129831314,0.250279590302373,0,0.352651944756508,0,0,0,0.2049650400877,0.272677248306282,0.233908918506636,0,0.296793912599484,0,0.216553241014481,0,0,0,0,0,0.30987685918808,0,0,0,0,0,0,0,0.316399322106288,0.214903324842453,0.358156714392336,0.29811055512033,0,0.282745640560985,0.20122565104065,0.282680859891063,0.171385252506945,0.248259156184681,0.268105316707558,0,0.222245733988912,0.362820330970882,0.300403010586034,0,0.247095942497253,0,0,0,0.222843917146806,0,0.317584696503086,0,0.254203087091446,0,0,0.266344475625335,0,0,0,0,0,0.240644834935665,0,0.29180340634452,0,0.333334168562522,0,0,0,0,0,0.295611708783186,0.379534127282315,0.351805949833856,0.399750932229785,0.212483832666134,0.236372037009261,0.264151288810007,0.176126085110565,0.349604234656441
0,0.376053669622966,0,0,0,0.181602737897045,0,0.242007404565811,0,0.345750229012582,0,0.229509647633958,0,0,0,0,0.352003908819622,0.315590911059885,0.296793912599484,0,0,0,0,0,0,0,0,0,0,0,0,0,0,0,0,0.20797989030297,0,0.25416739213856,0,0,0.341282880306244,0.274297927173914,0.346415541001729,0.261186940802468,0,0.27859175806572,0,0,0.358200717185225,0.470381408929825,0,0,0,0,0,0.304462766961048,0,0.246058424985682,0,0.249322302639484,0,0,0.223546125451591,0,0,0,0,0,0,0,0.273778369029363,0,0.270485297493313,0,0,0,0,0,0.179806348484901,0.407359153032303,0.282349114781652,0.365216314792633,0.278069629074454,0.224410666359795,0.255457468577841,0.250638473601568,0
0,0,0,0,0.164209327101707,0,0,0,0,0,0.178476621411256,0,0,0,0,0,0,0,0,0,0,0,0,0,0,0,0,0,0,0,0,0,0,0,0,0,0.136209116843376,0,0.15779112854061,0,0.190417080521584,0,0.167256560176611,0,0,0,0.155742279959447,0,0.174731954932213,0,0,0,0,0,0,0,0.186918294152241,0,0,0,0,0,0,0.167368012909626,0,0,0,0,0,0,0,0,0,0.168551755448182,0,0,0,0,0,0.198433048334699,0,0.17475423299604,0.149713559860462,0.188619196414948,0.18013301244959,0,0.176210299134254
0,0,0,0,0,0,0,0,0,0.242172448929534,0,0,0,0,0,0.209779260680079,0.152653627097607,0.180779471067549,0.216553241014481,0,0,0,0.128657814899273,0.163083315497697,0.13648633658886,0.210902229605014,0,0.173710438112418,0,0,0,0,0,0,0,0,0,0.194590915506952,0.186568902998135,0,0,0,0,0,0,0,0,0,0,0.20377780502415,0,0,0,0,0,0,0,0,0,0,0,0,0,0,0.15597314388585,0.117436659783714,0.137117316173214,0.126286312937737,0.137355730088834,0,0.142342651415171,0,0,0,0,0,0,0,0,0,0.194569001473139,0,0.157667612433118,0.152007593436634,0,0,0
0,0,0,0,0,0,0,0,0,0,0,0,0,0,0,0,0.161204212814345,0,0,0,0,0.128657814899273,0,0,0.216175731138459,0,0.195861341624424,0,0.165164351463318,0,0,0,0,0,0.34237214922905,0,0,0.215001936359652,0.286744507963706,0,0,0,0,0,0,0,0,0,0.200260524948438,0,0,0,0,0,0,0,0,0,0,0,0,0,0,0,0.121336868964136,0.18122774301547,0,0.211660067036272,0,0,0,0.154356296886416,0,0,0,0,0,0,0,0,0,0.257609180270824,0.183612002995496,0.152843300434579,0,0,0
0,0.249203391373158,0,0,0,0,0,0,0,0.226042605424053,0,0,0,0,0,0.251408954262733,0,0.237905869739396,0,0,0,0.163083315497697,0,0,0,0.273787261075562,0,0.116188690066338,0,0,0,0,0,0,0,0,0,0.272481269255786,0,0,0,0.255486797202717,0,0,0,0,0,0,0,0.368774377174311,0,0,0,0,0,0.188523657619953,0,0,0,0,0,0,0,0,0.159411763695821,0,0.22284808530119,0,0.190610177541042,0,0.165475617760214,0,0.24446596370803,0,0,0,0,0,0,0,0.25796369525901,0,0.223472468741238,0,0.268480745072548,0,0
0.263014499811416,0,0,0,0,0,0,0,0.214742677676123,0,0,0,0,0,0,0,0.159790228436822,0,0,0,0,0.13648633658886,0.216175731138459,0,0,0,0,0,0,0,0,0,0,0.310074941979514,0.341364996300803,0,0,0.250373234351476,0.260997080152578,0,0,0,0,0,0,0,0,0,0.195463888347149,0,0,0,0,0,0.186208426952362,0,0,0,0,0,0,0,0,0,0,0.213858129384868,0,0.254488041934496,0,0,0,0,0,0,0,0,0,0,0,0,0,0.247638252089543,0.24574376663485,0.181479689665139,0.325194795926412,0,0
0,0,0,0,0,0,0,0,0,0.221432368921977,0,0,0,0,0,0.155332526474288,0.160084784651796,0.151390848049532,0,0,0,0.210902229605014,0,0.273787261075562,0,0,0,0,0,0,0,0,0,0,0,0,0,0.346272510379108,0,0,0,0,0,0,0,0,0,0,0,0.328740337612678,0,0,0,0,0,0,0,0,0,0,0,0.144125208258629,0,0,0.154383984704812,0,0.247487390244549,0,0.176436945826423,0,0.202186078788378,0,0,0,0,0,0,0,0,0,0.32599304964145,0,0.17570812236823,0.155989271402359,0,0,0
0,0,0,0,0,0,0,0,0,0,0,0,0,0,0,0,0.153106776189751,0,0,0,0,0,0.195861341624424,0,0,0,0,0,0.154803173456873,0,0,0,0,0,0,0,0,0,0,0,0,0,0,0,0,0,0,0,0,0,0,0,0,0,0,0,0,0,0,0,0,0,0,0,0,0.192221500656822,0,0,0,0.158377453220757,0,0.144411265850067,0,0,0,0,0,0,0,0,0,0,0.160295606805728,0.161551892757416,0,0,0
0,0.322505293069062,0,0.255991488695145,0,0,0,0,0,0,0,0.265438996255398,0,0.193056910997257,0,0,0.339501023292542,0.169577947253966,0.30987685918808,0,0,0.173710438112418,0,0.116188690066338,0,0,0,0,0,0.206173280095078,0,0,0,0,0,0,0,0.146607592701912,0,0,0,0.313542505105336,0,0,0,0.229226345817248,0,0,0,0.276639506220818,0,0,0,0,0,0,0,0.273138230415087,0,0.261483049624926,0,0.164916560053825,0.27418340742588,0,0.190943103697565,0,0.146408450479309,0,0.166229375749826,0,0.200161199520032,0,0.292468994855881,0,0,0,0,0,0,0,0.322650283575058,0,0.188241806500333,0.160174915772765,0.302131801015801,0,0
0,0,0,0,0,0,0,0,0,0,0.150678328731481,0,0.156134513517221,0,0,0,0.196193009614944,0,0,0,0,0,0.165164351463318,0,0,0,0.154803173456873,0,0,0,0.190758775868444,0,0,0,0,0,0,0,0.169979544977347,0,0,0,0,0,0,0,0,0,0.218081775875319,0,0,0,0,0,0,0,0.160550418907724,0,0.163904096931219,0,0,0,0,0,0,0.163400953014692,0,0,0,0.17245560977608,0,0.174297147707036,0,0.174459035579975,0,0,0,0,0,0,0,0,0.186512969772924,0.179091866817567,0,0,0
0,0.321289322205952,0,0.237494952976704,0,0,0,0,0,0.38480681180954,0,0.201029873639345,0,0.235430481758985,0,0,0,0.362560570240021,0,0,0,0,0,0,0,0,0,0.206173280095078,0,0,0,0,0,0,0,0,0,0.186415297932485,0,0,0,0.38012483716011,0,0,0,0.262075051665306,0,0,0,0.307752400636673,0,0,0,0,0,0,0,0.235055493138267,0,0.25691544264555,0,0,0,0,0,0,0,0,0,0,0.20440332557933,0,0.197497322072361,0,0,0,0,0,0,0,0.220888540148735,0,0.220243954556245,0.159516110685137,0.330062085390091,0,0
0,0,0,0,0,0,0,0,0,0,0.141421441733837,0,0,0,0,0,0,0,0,0,0,0,0,0,0,0,0,0,0.190758775868444,0,0,0,0,0,0,0,0,0,0.17683444100911,0,0,0,0,0,0,0,0,0,0,0,0,0,0,0,0,0,0.16035074582797,0,0,0,0,0,0,0,0,0,0,0,0,0,0,0.19174059028674,0,0.169512676865094,0,0,0,0,0,0,0,0.175143908051883,0.186492751424129,0,0,0,0
0,0,0,0,0,0,0,0,0,0,0,0,0,0,0,0,0,0,0,0,0,0,0,0,0,0,0,0,0,0,0,0,0.226164345741272,0.214184250471727,0,0.190212222469635,0.205232948064804,0,0,0.305011353663449,0,0,0,0,0,0,0,0.310358239554502,0,0.337960978019071,0,0,0,0,0,0,0,0,0,0,0,0,0,0,0,0,0,0,0,0,0,0,0,0,0.161362019087319,0.279751867055893,0.22436863135907,0,0.162243988675049,0,0,0,0.19902048496639,0,0.513169263090406,0,0
0,0,0,0,0,0,0,0,0,0,0,0,0,0,0,0,0,0,0,0,0,0,0,0,0,0,0,0,0,0,0,0.226164345741272,0,0,0.213960162053506,0.249444271446901,0.190844284734507,0,0,0.408015072345734,0,0,0,0,0,0,0,0.326936050226875,0.183076982031163,0.332171645080834,0,0,0,0,0,0,0,0,0,0,0,0,0,0,0,0,0,0,0,0,0,0,0,0,0.170816332101822,0.211745742559433,0,0,0.223716876573033,0.159830080824951,0,0,0.212634354969487,0,0,0,0
0,0,0,0,0,0,0,0,0,0,0,0,0,0,0,0,0,0,0,0,0,0,0,0,0.310074941979514,0,0,0,0,0,0,0.214184250471727,0,0,0.251589425944973,0.143727660398273,0.152942550296967,0.354790809998645,0.390263829475794,0.274823402365049,0,0.33761178535223,0,0,0,0,0,0.27200493843391,0,0.2465338931963,0,0,0,0,0,0,0,0,0,0,0,0,0,0,0,0.346253474553426,0,0.326134741306305,0,0,0,0,0,0,0.236531220997373,0,0.240862354434905,0.285472679947104,0.136275723518789,0,0.198514100422919,0.357801430071554,0.234566539105765,0.269315649928718,0.408365811354348,0,0
0,0,0,0,0,0,0,0,0,0,0,0,0,0,0,0,0,0,0,0,0,0,0.34237214922905,0,0.341364996300803,0,0,0,0,0,0,0,0.213960162053506,0.251589425944973,0,0.138036370277405,0.180780455067351,0.186097344844648,0.331065862748649,0,0,0.193153470754623,0,0,0,0,0,0.24604657812174,0.251381688884326,0,0,0,0,0,0,0,0,0,0,0,0,0,0,0,0,0,0,0.349408233165741,0,0,0,0,0,0,0,0.209496602416039,0.201523577099416,0.30233418393062,0,0.174670541286469,0.169786926358938,0.402480061740634,0.277247655801299,0.353584894537926,0.248474467665918,0,0
0,0.31997737288475,0.221522137522697,0.292749017477036,0,0.154957776889205,0,0.179414117336273,0,0.367566580573718,0,0.162468872017792,0,0,0,0,0.341401629149914,0.322145152030532,0.316399322106288,0.20797989030297,0,0,0,0,0,0,0,0,0,0,0,0.190212222469635,0.249444271446901,0.143727660398273,0.138036370277405,0,0.225032884929889,0.184506446903483,0.253462893189862,0.236258834600449,0.337800931185484,0.255771464771695,0.337908689128725,0.235954910516739,0.269223392009735,0.2854971444134,0.221491871511235,0.317959662144249,0.394514408978549,0.436170890311564,0,0.274741053581238,0,0,0,0.33528322832925,0,0.215623218214737,0,0.282694220542908,0,0,0.272064424781264,0,0,0,0,0,0,0,0.304266810417175,0,0.354245588183403,0,0.141357067227364,0.272244277388551,0.164194470643997,0,0.173707186320226,0.21896570934073,0.210415619374116,0.272107392549515,0.189338890848515,0.184781585281759,0.225967070895486,0.252836912870407,0
0,0,0.141857847571373,0,0,0,0,0,0,0,0.158313296162165,0,0,0,0,0,0,0,0.214903324842453,0,0.136209116843376,0,0,0,0,0,0,0,0,0,0,0.205232948064804,0.190844284734507,0.152942550296967,0.180780455067351,0.225032884929889,0,0.224400036633015,0.160378134783802,0.292471447816262,0.173848233052662,0.225924833732493,0.205371277034283,0,0.17038444057107,0.225817215939363,0.186867817072198,0.344637592570874,0.137024164199829,0.395126885394208,0,0,0,0,0,0,0,0.231639415025711,0,0,0,0,0,0.165084806038067,0,0,0,0,0,0,0,0,0,0,0,0.28246321156621,0,0,0.273781052457446,0.192788874823775,0.234468299481604,0.146914852122692,0.220479993642923,0.213528193194758,0.187273132757013,0,0.181367293000221
0,0.369184605520347,0.254876211285591,0.386920094490051,0,0,0,0.318547666072845,0,0.402031752127635,0,0.195742336814804,0,0,0,0.318749088793993,0.356937434938219,0.362899340068301,0.358156714392336,0.25416739213856,0,0.194590915506952,0.215001936359652,0.272481269255786,0.250373234351476,0.346272510379108,0,0.146607592701912,0,0.186415297932485,0,0,0,0.354790809998645,0.186097344844648,0.184506446903483,0.224400036633015,0,0.246194403988925,0,0.350380550731312,0.323518953507855,0.372513775592265,0.308794399102529,0,0.326072188026934,0,0.412005865595479,0.40718616138805,0.418351552635431,0,0,0,0,0,0.404319016706376,0,0.207565758059073,0,0.300457090139389,0,0,0.311583523631941,0,0.251705845508628,0.224879153972042,0.244392324392492,0,0.255654820271077,0,0.357015344395262,0,0.195417057684664,0,0,0,0.27348794809323,0.163019920388858,0.166192410505832,0.279343940814336,0.208751465750515,0.309767029298249,0.200954696976746,0.173074778037981,0.470330050929648,0.343978753685951,0
0.357013911178166,0,0.28011082219226,0,0,0,0,0,0.250183656174912,0,0.158464975304628,0,0,0,0,0,0,0,0.29811055512033,0,0.15779112854061,0.186568902998135,0.286744507963706,0,0.260997080152578,0,0,0,0.169979544977347,0,0.17683444100911,0,0,0.390263829475794,0.331065862748649,0.253462893189862,0.160378134783802,0.246194403988925,0,0,0.233755923807621,0.257494746976429,0.387829428745641,0,0.324406088075855,0.291846111416817,0,0.281192813977032,0.319578120802961,0.275295794010162,0,0,0,0,0,0,0.159643411403522,0.29426031311353,0,0,0,0,0,0.160299008712173,0.184608712792397,0.276849981286188,0,0.292522864452026,0,0,0,0.220487154581968,0,0.166548729071053,0,0,0,0.279465852813287,0.253648420626467,0.201981298300859,0.240629634686879,0.191105244474994,0.246697697226482,0.222771632605857,0.272179075287676,0,0.406212990482648
0,0,0,0,0,0,0,0,0,0,0,0,0,0,0,0,0,0,0,0,0,0,0,0,0,0,0,0,0,0,0,0.305011353663449,0.408015072345734,0.274823402365049,0,0.236258834600449,0.292471447816262,0,0,0,0,0.425129273157811,0,0,0,0.239932365368067,0.182237721979618,0.42848737529389,0.188986569643021,0.419744576463105,0,0,0,0,0,0,0,0.259266152977943,0,0,0,0,0.30301496674214,0,0,0,0,0,0,0,0,0,0,0,0.191600587632921,0,0.255655770500501,0,0.338259610172202,0.299304783344269,0,0,0.416737091082793,0,0.417645054345774,0.2762151658535,0
0,0.317292630672455,0.240910017490387,0.354446172714233,0,0,0,0,0,0.293306195735931,0.142484173178673,0.383976568778356,0,0,0,0,0.303846451498213,0.287584522595772,0.282745640560985,0.341282880306244,0.190417080521584,0,0,0,0,0,0,0,0,0,0,0,0,0,0,0.337800931185484,0.173848233052662,0.350380550731312,0.233755923807621,0,0,0.245347237301049,0.29142832563787,0.306411574284236,0.235930279126534,0.30434407103569,0.214979329857398,0.240589595266751,0.243464471319023,0.265327408909798,0,0,0,0.23577493429184,0,0.322022318840027,0,0.281154036521912,0,0,0,0,0.323680159449577,0.162937484371165,0,0,0,0,0,0,0,0,0.288524071375529,0,0,0,0,0,0.272195068498452,0.195314597197721,0.352388532625304,0.305716146419688,0.270276314866396,0.282646298408508,0.204722870605158,0.218570992350578,0.242061052943619
0.25427969545126,0.250888275233312,0.251338575644176,0.242946591514807,0,0.23229892551899,0,0,0.261033814400434,0.235997501731843,0,0.328177886841061,0,0,0,0,0.258566410839558,0.232762694358826,0.20122565104065,0.274297927173914,0,0,0,0.255486797202717,0,0,0,0.313542505105336,0,0.38012483716011,0,0,0,0.33761178535223,0.193153470754623,0.255771464771695,0.225924833732493,0.323518953507855,0.257494746976429,0.425129273157811,0.245347237301049,0,0.229214350946522,0.210844992129045,0.276793546200573,0.24169756840487,0.196634778231608,0.383930767668027,0.258129273439353,0.384018369674407,0,0.266883555054665,0,0.234875240921974,0,0.207316576611776,0,0.283781381271879,0,0.278214727522461,0,0,0.235543758243662,0.252109318971634,0,0,0.245124570939733,0,0.347144156694412,0,0.294411990905832,0,0.304995199114504,0,0,0,0.28333810616785,0,0.253571469336748,0.221554976849517,0.28700284309247,0.271158364686099,0.262551354380113,0.228782138678917,0.277502063646442,0.168524798508595,0.253446474257443
0.359351449329656,0.221882939338684,0.202730126429953,0,0,0,0,0,0.263217705488205,0.34857678501045,0.16583276540041,0.398822312553724,0,0,0,0,0.286586684719572,0.290712378608684,0.282680859891063,0.346415541001729,0.167256560176611,0,0,0,0,0,0,0,0,0,0,0,0,0,0,0.337908689128725,0.205371277034283,0.372513775592265,0.387829428745641,0,0.29142832563787,0.229214350946522,0,0.23251198977232,0.281677098293979,0.315310447314464,0.227993850829979,0.191793230237774,0.281768776717982,0.289324009791017,0,0,0,0,0,0.316830148299535,0.169997562255178,0.271704647690058,0,0.263168510049582,0,0,0.315503903230031,0.155177819900788,0,0,0,0,0,0,0.307334780693054,0,0.311102072397868,0.162191783388456,0,0,0,0,0.364356875419617,0.337852910161018,0.382297463715076,0.352165588510356,0.239234451407434,0.228492061026169,0.268841914067293,0.258747521787882,0.323021664965384
0,0,0,0,0,0,0,0,0,0.166435614228249,0,0.338520407676697,0,0,0,0,0,0.217577316931316,0.171385252506945,0.261186940802468,0,0,0,0,0,0,0,0,0,0,0,0,0,0,0,0.235954910516739,0,0.308794399102529,0,0,0.306411574284236,0.210844992129045,0.23251198977232,0,0,0.223957610684772,0,0.276762783527374,0.214828087223901,0,0,0,0,0,0,0.172704771161079,0,0,0,0,0,0,0.248728775552341,0,0,0,0,0,0,0,0,0,0,0,0,0,0,0,0,0,0.331523045897484,0,0.230222377926111,0,0.195087343086431,0.168698136295591,0
0.143253246322274,0,0.174175529625504,0,0,0,0,0,0.266110420227051,0,0,0,0,0,0,0,0,0.271955374628305,0.248259156184681,0,0,0,0,0,0,0,0,0,0,0,0,0,0,0,0,0.269223392009735,0.17038444057107,0,0.324406088075855,0,0.235930279126534,0.276793546200573,0.281677098293979,0,0,0.276765241072728,0.195530042052269,0.264453212420146,0.329988342129959,0,0,0,0,0,0,0,0,0.26570303440094,0,0,0,0,0,0,0,0,0,0,0,0,0,0,0,0,0,0,0,0,0,0.296624772402705,0.28150400519371,0.368206184357405,0.275013041728777,0.260346971452236,0.192073852016702,0.314771294593811,0.254363778260257
0,0.266673843065898,0.251995299318257,0.235090383461543,0,0.215818416327238,0,0,0,0.283016605596793,0,0.342271074328734,0,0,0,0,0.293615193278701,0.286343618369132,0.268105316707558,0.27859175806572,0,0,0,0,0,0,0,0.229226345817248,0,0.262075051665306,0,0,0,0,0,0.2854971444134,0.225817215939363,0.326072188026934,0.291846111416817,0.239932365368067,0.30434407103569,0.24169756840487,0.315310447314464,0.223957610684772,0.276765241072728,0,0.206163619693957,0,0.334522893247397,0.297621685651041,0,0.236068822443485,0,0.242580279707909,0,0.275048045997034,0,0.255993325392583,0,0.245593910415967,0,0.264454055577517,0.227052643094453,0.233013078570366,0,0,0,0,0.351197153329849,0,0.278292141530825,0,0.292382648289204,0,0,0,0,0,0.222556682196382,0.316106902604753,0.289596720221843,0.341551169753075,0.2716684271147,0.280142191052437,0.236757549118728,0.212725729196858,0.293218013313082
0,0,0.198712594807148,0,0,0,0,0,0,0,0.159817904233932,0,0,0,0,0,0,0,0,0,0.155742279959447,0,0,0,0,0,0,0,0,0,0,0,0,0,0,0.221491871511235,0.186867817072198,0,0,0.182237721979618,0.214979329857398,0.196634778231608,0.227993850829979,0,0.195530042052269,0.206163619693957,0,0.225658841431141,0.289429156826093,0.176650372999055,0,0,0,0,0,0,0,0.218412016828855,0,0.238471612334251,0,0,0.232908383011818,0.143937090264982,0,0,0,0,0,0,0,0,0,0.17884786427021,0,0,0,0,0,0.194419467689145,0,0.286859551474215,0.197971075265584,0,0.239221663573619,0.198582753539085,0.188728188178433
0.336909621953964,0.298719853162766,0.259739780000278,0,0,0,0,0,0,0,0,0,0,0,0,0,0,0,0.222245733988912,0,0,0,0,0,0,0,0,0,0,0,0,0.310358239554502,0.326936050226875,0.27200493843391,0.24604657812174,0.317959662144249,0.344637592570874,0.412005865595479,0.281192813977032,0.42848737529389,0.240589595266751,0.383930767668027,0.191793230237774,0.276762783527374,0.264453212420146,0,0.225658841431141,0,0.189176380881164,0.396110134661781,0,0,0,0,0,0,0,0,0,0,0,0,0.310322267668588,0,0,0,0,0,0,0,0,0,0,0,0.171183148090026,0.292015139660436,0.197792445031964,0.252510368824005,0.255950550188621,0.227019606714512,0.233091499304996,0.293330410925242,0.370146709167425,0.412021730982122,0.451654451180268,0.260252926990671,0.246059842407703
0.231126534251066,0.357866833607356,0.217978877773196,0,0,0,0,0,0.173778769425277,0.333176749093192,0.162695501859371,0.38034392396609,0,0,0,0,0.338160100228646,0.347091703073067,0.362820330970882,0.358200717185225,0.174731954932213,0,0.200260524948438,0,0.195463888347149,0,0,0,0.218081775875319,0,0,0,0.183076982031163,0,0.251381688884326,0.394514408978549,0.137024164199829,0.40718616138805,0.319578120802961,0.188986569643021,0.243464471319023,0.258129273439353,0.281768776717982,0.214828087223901,0.329988342129959,0.334522893247397,0.289429156826093,0.189176380881164,0,0.258614879633699,0,0,0,0,0,0,0.162266476079822,0.331587970256805,0,0.388454377651215,0,0,0.359417791877474,0.143889576196671,0,0.234464986214723,0,0.207367047667503,0,0,0,0.198021426796913,0.361360177397728,0.187616601586342,0,0.192688450217247,0,0,0.363325774669647,0.254587826712052,0.382124806825931,0.254212324584415,0.305407196263258,0.332275032169289,0.286786905087033,0,0.319620604210712
0,0.21655136545991,0.198212794959545,0.172305651549539,0,0,0,0,0,0.271780580696132,0,0.486798822879791,0,0,0,0.36599929134051,0.3461574614048,0.309463328123093,0.300403010586034,0.470381408929825,0,0.20377780502415,0,0.368774377174311,0,0.328740337612678,0,0.276639506220818,0,0.307752400636673,0,0.337960978019071,0.332171645080834,0.2465338931963,0,0.436170890311564,0.395126885394208,0.418351552635431,0.275295794010162,0.419744576463105,0.265327408909798,0.384018369674407,0.289324009791017,0,0,0.297621685651041,0.176650372999055,0.396110134661781,0.258614879633699,0,0,0,0,0.133794873952866,0,0.157972538019672,0,0.328538956216954,0,0.321135330333639,0,0.16133448750486,0.285427012377315,0,0.184157380240071,0,0.290480830130929,0,0.281562733530901,0,0.337598836645995,0,0.355084276526955,0,0.179061464965343,0.28926803941528,0.209019442038103,0,0.25972744864755,0.337507500534966,0.337079388119521,0.411540135741234,0.296372421118018,0,0.318514466475072,0.250212781131268,0
0,0,0,0,0,0,0.14319030046463,0,0,0,0,0,0,0,0,0,0,0,0,0,0,0,0,0,0,0,0,0,0,0,0,0,0,0,0,0,0,0,0,0,0,0,0,0,0,0,0,0,0,0,0,0,0.147588764627775,0,0,0,0,0,0,0,0,0,0,0,0,0,0,0,0,0,0,0,0,0,0,0,0,0,0,0,0,0,0.143274143338203,0,0,0,0
0,0,0.22713802754879,0.111905140911832,0,0.128413904044363,0,0,0,0,0,0,0,0,0,0,0,0,0.247095942497253,0,0,0,0,0,0,0,0,0,0,0,0,0,0,0,0,0.274741053581238,0,0,0,0,0,0.266883555054665,0,0,0,0.236068822443485,0,0,0,0,0,0,0,0.160814255475998,0,0,0,0.141093158422364,0,0,0,0,0,0,0,0,0,0,0,0,0.208910472691059,0,0,0,0,0,0,0,0,0,0,0,0.225884943372673,0,0.246907573679219,0,0
0,0,0,0,0,0,0.140874714672565,0,0,0,0,0,0,0,0,0,0,0,0,0,0,0,0,0,0,0,0,0,0,0,0,0,0,0,0,0,0,0,0,0,0,0,0,0,0,0,0,0,0,0,0.147588764627775,0,0,0,0,0,0.123444352244985,0,0,0,0,0,0,0,0,0,0,0,0,0,0,0,0,0,0,0,0,0,0,0,0,0,0.151862949132919,0,0,0,0
0,0.19441032409668,0,0.134658914059401,0,0.135636007785797,0,0.146566979587078,0,0,0,0.130215489993925,0,0,0,0,0,0,0,0,0,0,0,0,0,0,0,0,0,0,0,0,0,0,0,0,0,0,0,0,0.23577493429184,0.234875240921974,0,0,0,0.242580279707909,0,0,0,0.133794873952866,0,0.160814255475998,0,0,0,0,0,0.162268017713405,0,0.144623786211014,0,0,0,0,0,0,0,0,0,0,0.198906823992729,0,0.240007564425468,0,0,0,0,0,0,0,0,0,0.237537881731987,0.160342244638337,0.184010395780206,0,0
0.152626231312752,0,0.197123687408987,0,0,0,0,0,0.146688849244216,0,0,0,0,0,0,0,0,0,0,0,0,0,0,0,0.186208426952362,0,0,0,0,0,0,0,0,0,0,0,0,0,0,0,0,0,0,0,0,0,0,0,0,0,0,0,0,0,0,0,0,0,0,0,0.136657374848922,0,0,0,0,0,0,0.184153845677009,0,0,0,0,0,0,0,0,0,0,0,0,0,0.215612649917603,0.131350949364291,0,0,0,0
0,0.16086775080099,0,0.146220397949219,0,0.208145581758939,0,0,0,0.187581627832159,0,0.445111697912216,0,0,0,0.205666971579194,0.268480241298676,0.274646078103355,0.222843917146806,0.304462766961048,0,0,0,0.188523657619953,0,0,0,0,0,0,0,0,0,0,0,0.33528322832925,0,0.404319016706376,0,0,0.322022318840027,0.207316576611776,0.316830148299535,0.172704771161079,0,0.275048045997034,0,0,0,0.157972538019672,0,0,0,0,0,0,0,0.353584642040318,0,0.226440481841564,0,0.203100995253521,0.240638802156729,0,0,0,0.161773956538021,0,0.155869470536709,0,0.233742368943763,0,0.321275057779117,0,0,0,0,0,0,0,0.355809777975082,0,0.259548120284348,0.258886843919754,0.196969445978032,0.217256071977317,0
0,0,0,0,0,0,0.142037230535088,0,0,0,0.162305726816319,0,0.157271827029627,0,0,0,0,0,0,0,0.186918294152241,0,0,0,0,0,0,0,0.160550418907724,0,0.16035074582797,0,0,0,0,0,0,0,0.159643411403522,0,0,0,0.169997562255178,0,0,0,0,0,0.162266476079822,0,0,0,0.123444352244985,0,0,0,0,0,0.154912662616482,0,0,0,0,0.204908843669626,0,0,0,0,0,0,0,0.156096936927901,0,0.158183505918745,0,0,0,0,0,0,0,0.155810239283662,0.163062234207527,0,0.165612367451738,0,0
0,0.324635901817909,0.249657548431839,0.165608777449681,0,0.170407164503228,0,0.132648579776287,0,0.401678909256001,0,0.204304117715064,0,0.127265608683229,0,0,0.359627292914824,0.324404240991825,0.317584696503086,0.246058424985682,0,0,0,0,0,0,0,0.273138230415087,0,0.235055493138267,0,0,0,0,0,0.215623218214737,0.231639415025711,0.207565758059073,0.29426031311353,0.259266152977943,0.281154036521912,0.283781381271879,0.271704647690058,0,0.26570303440094,0.255993325392583,0.218412016828855,0,0.331587970256805,0.328538956216954,0,0.141093158422364,0,0.162268017713405,0,0.353584642040318,0,0,0,0.223012305128609,0,0.154808843612671,0.250000998310067,0,0,0,0.268934950232506,0,0.278909355401993,0,0.281367584022477,0,0.304845009700301,0,0,0,0,0,0.227943679690361,0.264035999774933,0.277699099755601,0.297459684312344,0.274723961264882,0.167433116906955,0.285884308124853,0.270478416979313,0
0,0,0,0,0,0,0,0,0,0,0.148759428815669,0,0.161140309622109,0,0,0,0,0,0,0,0,0,0,0,0,0,0,0,0.163904096931219,0,0,0,0,0,0,0,0,0,0,0,0,0,0,0,0,0,0,0,0,0,0,0,0,0,0,0,0.154912662616482,0,0,0,0.162988937563366,0,0,0,0,0,0,0,0,0,0,0,0,0,0,0,0,0,0,0,0,0,0.187563817948103,0,0,0,0
0,0.322825723711182,0.239089814679963,0.14218514226377,0,0.176046654582024,0,0.205910507262799,0,0.300361586941613,0,0.223758291291154,0,0.168861156626308,0,0,0,0.252880970637004,0.254203087091446,0.249322302639484,0,0,0,0,0,0,0,0.261483049624926,0,0.25691544264555,0,0,0,0,0,0.282694220542908,0,0.300457090139389,0,0,0,0.278214727522461,0.263168510049582,0,0,0.245593910415967,0.238471612334251,0,0.388454377651215,0.321135330333639,0,0,0,0.144623786211014,0,0.226440481841564,0,0.223012305128609,0,0,0,0.171266622802145,0.226217571232054,0,0,0,0,0,0.150018021464348,0,0.276026845442169,0,0.356917899037643,0,0,0,0,0,0,0,0,0,0.17745183956894,0.168730090771403,0.320497387070864,0.198654606938362,0
0,0,0,0,0,0,0,0,0.153038166463375,0,0,0,0,0,0.126591727137566,0,0,0,0,0,0,0,0,0,0,0,0,0,0,0,0,0,0,0,0,0,0,0,0,0,0,0,0,0,0,0,0,0,0,0,0,0,0,0,0.136657374848922,0,0,0,0.162988937563366,0,0,0,0,0,0,0,0,0,0,0,0,0,0,0,0,0,0,0,0,0,0,0,0,0,0,0,0
0,0.132513273351637,0,0.131338215300015,0,0,0,0,0,0.20711304232174,0,0,0,0.164046227776756,0,0.189503361058773,0,0,0,0,0,0,0,0,0,0.144125208258629,0,0.164916560053825,0,0,0,0,0,0,0,0,0,0,0,0,0,0,0,0,0,0.264454055577517,0,0,0,0.16133448750486,0,0,0,0,0,0.203100995253521,0,0.154808843612671,0,0.171266622802145,0,0,0,0,0,0,0,0,0.178363611284917,0,0.188991429571105,0,0.304619594556945,0,0,0,0,0,0,0,0,0,0.165228440659121,0.127954786314684,0.218100897314256,0,0
0,0,0.234168676229624,0.143905758857727,0,0.153673435250918,0,0,0,0.256951957941055,0,0.271988037171272,0,0,0,0,0.279798844456673,0.280801748840122,0.266344475625335,0.223546125451591,0,0,0,0,0,0,0,0.27418340742588,0,0,0,0,0,0,0,0.272064424781264,0,0.311583523631941,0,0.30301496674214,0.323680159449577,0.235543758243662,0.315503903230031,0.248728775552341,0,0.227052643094453,0.232908383011818,0.310322267668588,0.359417791877474,0.285427012377315,0,0,0,0,0,0.240638802156729,0,0.250000998310067,0,0.226217571232054,0,0,0,0,0,0,0,0,0,0,0.260047492053774,0,0.306519851088524,0,0,0,0,0,0.180023388156527,0.35757512152195,0.270423269697598,0,0.273387226740519,0.250743149356409,0.222866989063266,0.212647944215744,0.317277759313583
0,0,0,0,0,0,0,0,0,0,0.183829409808948,0,0,0,0,0,0,0,0,0,0.167368012909626,0,0,0,0,0,0,0,0,0,0,0,0,0,0,0,0.165084806038067,0,0.160299008712173,0,0.162937484371165,0.252109318971634,0.155177819900788,0,0,0.233013078570366,0.143937090264982,0,0.143889576196671,0,0,0,0,0,0,0,0.204908843669626,0,0,0,0,0,0,0,0,0,0,0,0,0,0,0,0,0.175783390800158,0,0,0,0,0,0.158135127063308,0,0.153601320460439,0.170328572944359,0,0.167697136411485,0,0
0,0,0,0,0,0,0,0,0,0.240602413128162,0,0,0,0,0,0.206619016826153,0,0.182094580928485,0,0,0,0.15597314388585,0.121336868964136,0.159411763695821,0,0.154383984704812,0,0.190943103697565,0,0,0,0,0,0,0,0,0,0.251705845508628,0.184608712792397,0,0,0,0,0,0,0,0,0,0,0.184157380240071,0,0,0,0,0,0,0,0,0,0,0,0,0,0,0,0.134618772514935,0.119048690259706,0,0.123782311781095,0,0.245669171454445,0,0,0,0,0,0,0,0,0,0.256989398841771,0,0.147254689072055,0.138387678700817,0,0,0
0,0,0,0,0,0,0,0,0,0,0,0,0,0,0,0,0.159738712367557,0,0,0,0,0.117436659783714,0.18122774301547,0,0.213858129384868,0,0.192221500656822,0,0.163400953014692,0,0,0,0,0.346253474553426,0,0,0,0.224879153972042,0.276849981286188,0,0,0,0,0,0,0,0,0,0.234464986214723,0,0,0,0,0,0,0,0,0,0,0,0,0,0,0,0.134618772514935,0,0,0.198653639029197,0,0.18237628787756,0,0.152797480424245,0,0,0,0,0,0,0,0,0.207771889865398,0.200362581179765,0.169055031942837,0.159981370259214,0,0,0
0,0.232678317348001,0,0,0,0,0,0,0,0.205349801259266,0,0,0,0,0,0.267101040908269,0,0.195151369680058,0,0,0,0.137117316173214,0,0.22284808530119,0,0.247487390244549,0,0.146408450479309,0,0,0,0,0,0,0,0,0,0.244392324392492,0,0,0,0.245124570939733,0,0,0,0,0,0,0,0.290480830130929,0,0,0,0,0,0.161773956538021,0,0.268934950232506,0,0,0,0,0,0,0.119048690259706,0,0,0,0.168281464307916,0,0.173583273961247,0,0.285813575753799,0,0,0,0,0,0,0,0.262320637808437,0,0.187714767892186,0,0.267305686841814,0,0
0.20120257511735,0,0,0,0,0,0,0,0.165654184453398,0,0,0,0,0,0,0,0.151455136669147,0,0,0,0,0.126286312937737,0.211660067036272,0,0.254488041934496,0,0,0,0,0,0,0,0,0.326134741306305,0.349408233165741,0,0,0,0.292522864452026,0,0,0,0,0,0,0,0,0,0.207367047667503,0,0,0,0,0,0.184153845677009,0,0,0,0,0,0,0,0,0,0,0.198653639029197,0,0,0,0,0,0,0,0,0,0,0,0,0,0,0,0.303304835938025,0.267343910101213,0.152999748289585,0,0,0
0,0.194691443017551,0,0,0,0,0,0,0,0.229621168226004,0,0,0,0.146367660164833,0,0.155011424065932,0.249617196619511,0.14724014348297,0.240644834935665,0,0,0.137355730088834,0,0.190610177541042,0,0.176436945826423,0,0.166229375749826,0,0,0,0,0,0,0,0,0,0.255654820271077,0,0,0,0.347144156694412,0,0,0,0.351197153329849,0,0,0,0.281562733530901,0,0,0,0,0,0.155869470536709,0,0.278909355401993,0,0.150018021464348,0,0.178363611284917,0,0,0.123782311781095,0,0.168281464307916,0,0,0,0.208693835837858,0,0.311261091381311,0,0,0,0,0,0,0,0.332997540012002,0,0.188463350901237,0,0.279388571778933,0,0
0,0,0,0,0,0,0,0,0,0,0,0,0.17417798936367,0,0,0,0.16405207921283,0,0,0,0,0,0,0,0,0,0.158377453220757,0,0.17245560977608,0,0,0,0,0,0,0,0,0,0,0,0,0,0,0,0,0,0,0,0,0,0,0,0,0,0,0,0,0,0,0,0,0,0,0,0,0.18237628787756,0,0,0,0,0,0,0,0,0,0,0,0,0,0,0,0,0.175951318958631,0.179250597953796,0,0,0
0,0.315180322531343,0.250705510377884,0.259935365368923,0,0,0,0,0,0.326988133399383,0,0.303217510382334,0,0.232891138481057,0,0.168022781610489,0.326675355434418,0.177811692419805,0.29180340634452,0.273778369029363,0,0.142342651415171,0,0.165475617760214,0,0.202186078788378,0,0.200161199520032,0,0.20440332557933,0,0,0,0,0,0.304266810417175,0,0.357015344395262,0,0,0,0.294411990905832,0.307334780693054,0,0,0.278292141530825,0,0,0,0.337598836645995,0,0.208910472691059,0,0.198906823992729,0,0.233742368943763,0,0.281367584022477,0,0.276026845442169,0,0.188991429571105,0.260047492053774,0,0.245669171454445,0,0.173583273961247,0,0.208693835837858,0,0,0,0.301199323653664,0,0,0,0,0,0,0,0.293574911560605,0,0.235187685966086,0.15683658413589,0.288421196023694,0.23750539124012,0
0,0,0,0,0,0,0,0,0,0,0.154923513531685,0,0,0,0,0,0,0,0,0,0,0,0.154356296886416,0,0,0,0.144411265850067,0,0.174297147707036,0,0.19174059028674,0,0,0,0,0,0,0,0.220487154581968,0,0,0,0,0,0,0,0,0,0.198021426796913,0,0,0,0,0,0,0,0.156096936927901,0,0,0,0,0,0,0,0,0.152797480424245,0,0,0,0,0,0,0,0.168721041674652,0,0,0,0,0,0,0,0.232187981293098,0.1758721384245,0.173216610162888,0.16169789681832,0,0
