0,0,0.145246138975108,0,0,0,0,0,0.165141922013279,0,0,0,0,0,0,0,0.326471149921417,0,0.276323590250242,0,0,0,0,0,0,0,0,0,0,0,0,0,0,0,0,0,0.365343047512902,0,0,0,0.34999885729381,0,0.291890435225782,0,0,0,0.328666407106952,0.280722200870514,0.235691522434354,0,0,0,0,0,0.14710404207422,0,0.373666099707286,0,0,0,0.204742927104235,0,0,0.328779704611877,0,0,0,0,0,0,0,0,0,0.413817001659362,0,0,0,0,0,0.36673308306552,0,0.391541194915771,0.310875533132994,0,0.295315257729368,0,0.345760822296143
0,0,0,0.15909852130395,0,0,0,0,0,0.17500761564519,0,0,0,0,0,0.227950384574277,0,0,0.264215169044641,0,0,0.350712507963181,0,0,0,0,0,0,0,0,0,0,0,0,0,0.324843758886511,0,0.270032972895673,0,0.323383541269736,0,0.408722760337802,0,0,0,0.255342199467123,0.287147849798203,0.303709536790848,0,0.26132995217224,0,0,0,0,0,0.166460606716957,0,0.367328146472573,0,0.353725254535675,0,0.216691915650625,0.24800531566143,0,0.359208382666111,0,0,0,0.354151457548141,0,0.37525958799925,0,0.376721164142644,0,0,0,0,0,0.331186171621084,0,0.377990255753199,0,0.279795052916512,0,0.350085097342207,0.281690895557404,0
0.145246138975108,0,0,0,0.213272824883461,0,0,0,0.233248538144355,0,0,0,0,0,0,0,0.285921141505241,0,0.306235760450363,0,0.220006282627583,0,0,0,0,0,0,0,0,0,0,0,0,0,0,0,0.33377863963445,0,0,0,0.297173567116261,0,0.310989618912095,0,0,0,0.301703587174416,0.288216155767441,0.18962175614304,0,0.21206753588084,0,0,0,0.192574775742518,0,0.251676429836255,0,0.294468528207611,0,0.269926108212935,0,0,0.248516328632832,0,0,0,0,0,0,0,0,0,0.366938424110413,0,0,0,0,0,0.309016493459543,0,0.373012516647577,0.280022317764318,0.312265928302492,0.266815754646509,0,0.282785207033157
0,0.15909852130395,0,0,0,0.180020421743393,0,0,0,0.237848047827398,0,0.199260024353862,0,0,0,0.300827502690513,0.391411185264587,0.316782146692276,0.293567518101019,0.417456534775821,0,0.377776056528091,0,0,0,0,0,0,0,0,0,0,0,0,0,0.305185479709977,0.290672272443771,0.328276753425598,0,0.295292933781942,0.273811370134354,0.297808820074731,0.272247299551964,0,0,0.251537154500301,0.250690579414368,0.272156748601369,0,0.246719887470179,0,0.181634979651255,0,0,0,0.200037535477543,0,0.349160763724097,0,0.235525905489922,0,0.315923877248243,0.392003209910531,0,0.340892136096954,0,0.346035987138748,0,0,0,0.350889739990234,0,0.36652845406049,0.307771772146225,0,0,0,0,0.276671841644161,0.293650280152048,0.369860197934839,0.283529654145241,0.24870980601057,0.391342014074326,0.329978270493846,0.271584337949753,0.24569596350193
0,0,0.213272824883461,0,0,0,0,0,0.238150728376288,0,0,0,0,0,0.249340396871169,0,0,0,0,0,0.198085054755211,0,0,0,0,0,0,0,0,0,0,0,0,0,0,0,0.227342977055482,0,0,0,0,0,0.274654448032379,0,0,0,0,0,0,0,0.216073397700101,0,0,0,0.171178663770358,0,0.246339829266071,0,0.284118562936783,0,0.276375720041922,0,0,0,0,0,0,0,0,0,0,0,0,0,0,0,0,0,0,0.233608599220003,0,0,0.177741615308656,0,0.240892551839352,0,0
0,0,0,0.180020421743393,0,0,0,0,0,0.253025234582719,0,0,0,0.174783557653427,0,0.290808555262629,0,0,0,0,0,0,0,0,0,0,0,0,0,0,0,0,0,0,0,0.218619406223297,0,0,0,0.3077212870121,0,0.297827988862991,0,0,0,0,0,0,0,0,0,0.189061969518661,0,0,0,0.162629202008247,0,0,0,0.185142055153847,0,0,0,0,0,0,0,0,0,0,0,0,0,0,0,0,0,0,0.239021182060242,0,0,0,0.250279988386692,0.234779387712479,0.247812733054161,0,0
0,0,0,0,0,0,0,0,0,0,0.15655538936456,0,0.188717852532864,0,0,0,0,0,0,0,0.190891116857529,0,0,0,0,0,0,0,0,0,0,0,0,0,0,0,0,0,0,0,0,0,0,0,0,0,0,0,0,0,0,0,0.131660871207714,0,0,0,0.1980250030756,0,0,0,0,0,0,0,0,0,0,0,0,0,0,0,0,0,0,0,0,0,0,0,0,0,0.18809406108716,0,0,0,0
0,0,0,0,0,0,0,0,0,0,0,0,0,0,0,0,0,0,0,0,0,0,0,0,0,0,0,0,0,0,0,0,0,0,0,0.180551269863333,0,0,0,0,0,0,0,0,0,0,0,0,0,0,0,0,0,0.206854650507803,0,0,0,0.258386093771683,0,0.249914200938478,0,0,0,0,0,0,0,0,0,0,0,0,0,0,0,0,0,0,0.185691785709611,0,0,0,0.180302436414518,0,0,0,0
0.165141922013279,0,0.233248538144355,0,0.238150728376288,0,0,0,0,0,0,0,0,0,0.25943532244027,0,0.278940311500004,0,0.204313949495554,0,0,0,0,0,0.170933746522473,0,0,0,0,0,0,0,0,0,0,0,0.268105581402779,0,0.166126592986045,0,0,0,0.282747380435467,0,0,0,0,0.286475718021393,0.153369961486709,0,0.242310159972736,0,0,0,0.231159629760938,0,0.274862388769786,0,0,0,0.197595197757085,0,0,0.294504046440125,0,0,0,0.224699169397354,0,0,0,0,0,0,0,0,0,0,0,0.309916449089845,0,0.221109966265744,0.252753351989867,0.278712660074234,0.177677315535005,0,0
0,0.17500761564519,0,0.237848047827398,0,0.253025234582719,0,0,0,0,0,0,0,0,0,0.267623695351605,0,0.278957687655594,0.311449080705643,0,0,0,0,0.198884107905333,0,0.204804541170597,0,0,0,0,0,0,0,0,0,0.30450548018728,0.256682097911835,0.177897367184445,0,0.279536282545642,0,0.281266373197238,0.247425675392151,0,0,0.249290065004908,0.272572904825211,0.278616919049195,0,0.224856239098769,0,0,0,0,0,0.279190601989721,0,0.285788506269455,0,0,0,0.298340251185293,0.353969514369965,0.29602786898613,0,0,0.21438748339812,0,0.172296955035283,0,0.344941407442093,0,0.323218818221773,0,0,0,0,0,0.263059027054731,0,0.260113769343921,0,0.235428529147876,0.255784327333624,0.258182345110862,0.266276672482491,0.264598399400711
0,0,0,0,0,0,0.15655538936456,0,0,0,0,0,0.21933452137991,0,0,0,0,0,0,0,0.176998776988396,0,0,0,0,0,0,0,0.191800344321463,0,0.198549851129632,0,0,0,0,0,0.142422522504612,0,0.172162555619475,0,0,0,0.314131438732147,0,0,0,0.242043390870094,0,0,0,0,0,0,0,0,0,0.227314717000299,0,0.256086134775118,0,0,0,0,0.220260634984328,0,0,0,0,0,0,0,0,0,0.232170436282953,0,0,0,0,0,0.327591439088186,0,0.186206101067364,0.194110223414874,0,0.242375709116459,0,0
0,0,0,0.199260024353862,0,0,0,0,0,0,0,0,0,0.149209761780179,0,0,0,0,0,0.138653556234712,0,0,0,0,0,0,0,0,0,0.131919679187593,0,0,0,0,0,0.1845174091583,0,0.150543000400066,0,0,0,0,0,0,0,0.279003322124481,0,0,0,0,0,0,0,0,0,0,0,0.212969683504825,0,0.227638546154246,0,0,0.165163748290228,0,0,0,0,0,0,0,0.236257372796535,0,0.221714325506112,0,0,0,0,0,0.192116920109073,0,0.168022677805778,0,0.1479524677875,0,0.266896963119507,0,0
0,0,0,0,0,0,0.188717852532864,0,0,0,0.21933452137991,0,0,0,0.325242650087761,0,0,0,0,0,0,0,0,0,0,0,0,0,0.16371331512928,0,0,0,0,0,0,0,0,0,0,0,0,0,0,0,0,0,0,0,0,0,0,0,0,0,0,0,0.230802482382499,0,0.242212228987633,0,0,0,0,0,0,0,0,0,0,0,0,0,0,0,0,0,0,0,0,0,0,0,0.301598367919712,0.141920372843742,0,0,0
0,0,0,0,0,0.174783557653427,0,0,0,0,0,0.149209761780179,0,0,0,0.252623114266143,0,0.169615633785725,0,0,0,0,0,0,0,0.271777648827155,0,0.277878630594535,0,0,0,0,0,0,0,0,0,0,0,0,0,0,0,0,0,0,0,0,0,0,0,0,0,0,0,0,0,0.194424556195736,0,0.248251609074382,0,0.262084764242172,0,0,0,0,0,0,0.261393533398708,0,0.28596368432045,0,0,0,0,0,0,0,0,0,0,0,0.247322476379675,0,0,0,0
0,0,0,0,0.249340396871169,0,0,0,0.25943532244027,0,0,0,0.325242650087761,0,0,0,0,0,0,0,0,0,0,0,0,0,0,0,0,0,0,0,0,0,0,0,0,0,0,0,0,0,0.252580925822258,0,0,0,0,0,0.136939280666411,0,0.250786992741956,0,0,0,0.237548068165779,0,0,0,0.308373355865479,0,0.231213704308617,0,0,0.31379371881485,0,0,0,0.228509739041328,0,0,0,0,0,0,0,0,0,0,0,0,0,0,0.285234909504652,0,0,0,0
0,0.227950384574277,0,0.300827502690513,0,0.290808555262629,0,0,0,0.267623695351605,0,0,0,0.252623114266143,0,0,0,0.182470070778346,0,0,0,0,0,0,0,0.25202096812427,0,0.243938616580433,0,0,0,0,0,0,0,0.308004796504974,0,0,0,0,0,0.286419063806534,0.260571360588074,0,0,0.256243129571279,0,0,0,0.244427978992462,0,0,0,0,0,0.282328221892965,0,0,0,0.246852109326592,0,0.251935460159312,0,0,0,0,0.219814367592335,0,0.275565299722883,0,0,0,0.324249446392059,0,0,0,0,0,0.292458622863418,0,0,0,0.256775336001134,0.254075852323727,0.312948657493842,0,0
0.326471149921417,0,0.285921141505241,0.391411185264587,0,0,0,0,0.278940311500004,0,0,0,0,0,0,0,0,0.225592675200846,0.313095721447362,0,0,0.124814253300428,0.16703427385758,0,0.184063306388756,0.202266335487366,0.175600724543134,0,0.187684212625027,0,0,0,0,0,0,0.351639803498983,0.378139237488123,0,0,0.355165835883882,0.339210713505745,0.308493372556326,0.29896066042047,0.309525221586227,0,0.338335563739141,0.318691204647598,0,0.296088427305222,0.301731914281845,0,0,0,0,0.224003821611404,0,0.314949644463403,0,0,0,0,0,0.357033070590761,0.348889088088816,0,0.200450285755355,0,0,0.363649547100067,0,0,0,0.344526600837708,0.376668281555176,0,0,0,0,0.343059463275445,0.376674392904554,0.3408771895844,0.36303632821028,0.199663716153371,0.129570694764455,0.331343196677846,0.304800835251808,0.314399968087673
0,0,0,0.316782146692276,0,0,0,0,0,0.278957687655594,0,0,0,0.169615633785725,0,0.182470070778346,0.225592675200846,0,0.325263280085504,0,0,0.156032553852603,0.201100857420401,0,0.176104225218296,0.139556829365763,0.251588404178619,0,0,0,0,0,0,0,0,0.356089229861351,0.348970402931345,0.326592832803726,0,0.340609972675641,0.323833435773849,0.303521783291539,0.298920477075236,0,0,0.331486868952948,0.305099375387456,0,0,0.320109963417053,0,0,0,0,0,0.32205795783263,0.33132167160511,0,0,0,0,0,0.350842917507345,0.331830221873063,0.126179243881847,0.306186199188232,0,0,0.15287991078419,0,0.274950295686722,0,0.380140533049901,0.33717243373394,0,0,0,0,0.349967157050055,0.343124917995783,0.351047380048721,0.33901432454586,0.17911573661356,0.163851513902346,0.327465688054626,0.30982589048724,0.293433581079756
0.276323590250242,0.264215169044641,0.306235760450363,0.293567518101019,0,0,0,0,0.204313949495554,0.311449080705643,0,0,0,0,0,0,0.313095721447362,0.325263280085504,0,0,0,0.326311031977336,0.286852598190308,0,0,0,0.244244508445263,0,0,0,0,0,0,0,0,0.406208065291532,0.371475568563941,0.380405687233981,0.382030785083771,0.390829687364563,0.356345151249522,0.277354250406171,0.265859414105701,0.339439993103345,0,0.35547564439004,0.328399854122223,0,0.306173741817474,0.305906153243521,0,0,0,0,0,0.306832391768694,0.328547012131169,0.405371940135956,0.31672477722168,0,0.24852266907692,0.317143186926842,0.367426543815495,0.351871521073744,0.368091821670532,0,0,0,0.2823138050735,0,0.369814898698561,0,0.39922209280749,0.360691939869886,0,0,0,0,0.41307299900632,0.374337054548886,0.378367598710923,0.356396538131194,0.282717906750948,0.280711977527692,0.335523521317946,0.286878549520458,0.284885065578947
0,0,0,0.417456534775821,0,0,0,0,0,0,0,0.138653556234712,0,0,0,0,0,0,0,0,0,0,0,0,0,0,0,0,0,0,0,0,0,0,0,0.259457301760183,0,0.178831839227047,0,0,0,0,0,0,0,0.264747599760691,0,0,0,0,0,0,0,0,0,0,0,0.153063950002193,0,0,0,0.407861242691676,0.209430073859864,0,0,0,0,0,0,0,0,0,0,0,0,0,0,0,0.281033592888998,0,0.1991110637784,0,0.221066134640835,0,0.393090284787692,0,0
0,0,0.220006282627583,0,0.198085054755211,0,0.190891116857529,0,0,0,0.176998776988396,0,0,0,0,0,0,0,0,0,0,0,0,0,0,0,0,0,0,0,0,0,0,0,0,0,0.206662832933316,0,0.169169047894776,0,0,0,0,0,0,0,0.248750537633896,0,0,0,0,0,0,0,0.177256831416377,0,0.177596088325561,0,0.237534143030643,0,0.247316218912601,0,0,0.246111374657329,0,0,0,0,0,0,0,0,0,0.413343794643879,0,0,0,0,0,0.260708970239475,0,0.196109035647059,0.177915569520914,0,0.320313664292222,0,0
0,0.350712507963181,0,0.377776056528091,0,0,0,0,0,0,0,0,0,0,0,0,0.124814253300428,0.156032553852603,0.326311031977336,0,0,0,0.11181041225791,0.192901659814211,0,0.147669506210246,0,0.226434409618378,0,0,0,0,0,0,0,0,0,0.181357990360427,0,0,0,0.339593597080397,0,0,0,0.313912222782771,0,0,0,0.265208508446081,0,0,0,0,0,0.324110567569733,0,0.350737541913986,0,0.347199112176895,0,0,0.345228642225266,0,0.254380028601875,0,0.212492252276702,0,0.277602007294573,0,0.343081422044868,0,0.281396258175373,0,0,0,0,0,0.297114849090576,0,0.265379315687471,0,0.16981131496949,0.152679848086729,0.352393069437572,0.311235010623932,0
0,0,0,0,0,0,0,0,0,0,0,0,0,0,0,0,0.16703427385758,0.201100857420401,0.286852598190308,0,0,0.11181041225791,0,0,0.159246228462042,0,0.162625616371271,0,0.165101231541485,0,0,0,0,0,0,0,0,0,0.215293105763658,0,0,0,0.313785552978516,0,0,0,0,0,0.251986770594821,0,0,0,0,0,0,0,0,0,0,0,0,0,0,0,0,0.24017355498937,0,0.174699854850769,0,0.149669754008452,0,0.261811447501183,0,0,0,0,0,0,0.310200870037079,0,0,0.299581059398436,0.170002789204132,0.142044094510567,0,0,0
0,0,0,0,0,0,0,0,0,0.198884107905333,0,0,0,0,0,0,0,0,0,0,0,0.192901659814211,0,0,0,0.179398886529745,0,0,0,0,0,0,0,0,0,0,0,0.210969309576533,0,0,0,0,0,0,0,0,0,0,0,0.287320016477353,0,0,0,0,0,0.163171507897433,0,0,0,0,0,0,0,0,0.286006333616873,0,0.225729117479747,0,0.19440381053616,0,0,0,0,0,0,0,0,0,0,0,0.281712238030461,0,0.189629126340151,0,0.213815121155865,0,0
0,0,0,0,0,0,0,0,0.170933746522473,0,0,0,0,0,0,0,0.184063306388756,0.176104225218296,0,0,0,0,0.159246228462042,0,0,0,0,0,0,0,0,0,0,0,0,0,0,0,0.166952994816443,0,0,0,0,0,0,0,0,0,0.194209750105695,0,0,0,0,0,0.218764708042145,0,0,0,0,0,0.258885055780411,0,0,0,0,0.151608160563878,0,0.190174246807733,0,0.217661745846272,0,0,0,0,0,0,0,0,0,0,0,0.238849207081578,0.157973846462038,0,0.168978147568374,0,0
0,0,0,0,0,0,0,0,0,0.204804541170597,0,0,0,0.271777648827155,0,0.25202096812427,0.202266335487366,0.139556829365763,0,0,0,0.147669506210246,0,0.179398886529745,0,0,0,0.246148199607164,0,0,0,0,0,0,0,0,0,0,0,0,0,0,0,0,0,0,0,0,0,0.337972223758698,0,0,0,0,0,0.242228627204895,0,0,0,0.285325616598129,0,0.279838114976883,0,0,0.128358064418279,0,0.207440036535263,0,0.242202914386206,0,0.208103463053703,0,0,0,0,0,0,0,0,0,0,0,0.14187775439738,0,0,0,0
0,0,0,0,0,0,0,0,0,0,0,0,0,0,0,0,0.175600724543134,0.251588404178619,0.244244508445263,0,0,0,0.162625616371271,0,0,0,0,0,0.219416920594343,0,0,0,0,0,0,0,0,0,0,0,0,0,0,0,0,0,0.310019880533218,0,0,0,0,0,0,0,0,0,0,0,0,0,0,0,0,0,0,0.146508209628087,0,0,0,0.178494221244762,0,0.236028477549553,0,0,0,0,0,0,0,0.358530789613724,0,0,0.183990821990955,0,0,0,0
0,0,0,0,0,0,0,0,0,0,0,0,0,0.277878630594535,0,0.243938616580433,0,0,0,0,0,0.226434409618378,0,0,0,0.246148199607164,0,0,0,0.137285081048807,0,0,0,0,0,0,0,0.262962039974001,0,0,0,0,0,0,0,0,0,0,0,0,0,0,0,0,0,0,0,0,0,0.261159726265651,0,0,0,0,0.227419573813677,0,0,0,0.198024053681404,0,0.227250717739746,0,0,0,0,0,0,0,0,0,0.234374951571226,0,0.18364092985789,0,0,0,0
0,0,0,0,0,0,0,0,0,0,0.191800344321463,0,0.16371331512928,0,0,0,0.187684212625027,0,0,0,0,0,0.165101231541485,0,0,0,0.219416920594343,0,0,0,0.128953889012337,0,0,0,0,0,0,0,0.211639838293195,0,0,0,0,0,0,0,0,0,0,0,0,0,0,0,0,0,0,0,0,0,0,0,0,0,0,0.1795497211543,0,0,0,0.232398588109661,0,0.254853209852064,0,0.235681054648012,0,0,0,0,0,0,0,0.227159692295666,0.145060434937477,0,0,0,0
0,0,0,0,0,0,0,0,0,0,0,0.131919679187593,0,0,0,0,0,0,0,0,0,0,0,0,0,0,0,0.137285081048807,0,0,0,0,0,0,0,0,0,0.138365997714193,0,0,0,0,0,0,0,0,0,0,0,0,0,0,0,0,0,0,0,0.210960396948983,0,0.229527741670609,0,0,0,0,0,0,0,0,0,0,0.194558137806795,0,0.214848873356603,0,0,0,0,0,0,0,0.144082191659779,0,0.141885061349188,0,0,0,0
0,0,0,0,0,0,0,0,0,0,0.198549851129632,0,0,0,0,0,0,0,0,0,0,0,0,0,0,0,0,0,0.128953889012337,0,0,0,0,0,0,0,0,0,0.147252873870833,0,0,0,0,0,0,0,0,0,0,0,0,0,0,0,0,0,0.24519769739021,0,0,0,0,0,0,0,0,0,0,0,0,0,0,0.190299369394779,0,0.245471994976203,0,0,0,0,0,0,0,0.143595289375101,0.173179718919776,0,0.341970428824425,0,0
0,0,0,0,0,0,0,0,0,0,0,0,0,0,0,0,0,0,0,0,0,0,0,0,0,0,0,0,0,0,0,0,0.168283366573018,0.188916815651788,0.148011773824692,0.276719983424467,0,0,0,0,0,0,0,0,0,0,0,0.307381243160529,0.405656576156616,0.408718150854111,0,0,0,0,0,0,0,0,0,0,0,0,0,0,0,0,0,0,0,0,0,0,0,0,0.246265056617715,0.181146840160748,0.186849032198229,0,0.296933495273155,0.172463901340961,0,0,0.211770429197004,0,0.570521116256714,0,0
0,0,0,0,0,0,0,0,0,0,0,0,0,0,0,0,0,0,0,0,0,0,0,0,0,0,0,0,0,0,0,0.168283366573018,0,0,0.200513407588005,0,0.255724007731357,0,0,0,0,0,0,0,0,0,0,0.330234469059756,0.472135365009308,0.461105972528458,0,0,0,0,0,0,0,0,0,0,0,0,0,0,0,0,0,0,0,0,0,0,0,0,0.176636382937431,0.190909985836099,0,0.187831372022629,0,0.278276318548023,0,0,0.213247664059911,0,0,0,0
0,0,0,0,0,0,0,0,0,0,0,0,0,0,0,0,0,0,0,0,0,0,0,0,0,0,0,0,0,0,0,0.188916815651788,0,0,0.17993838082642,0.180509454472867,0,0.275407838204811,0,0,0,0,0,0,0,0,0,0.388006175066379,0,0.447106629610062,0,0,0,0,0,0,0,0,0,0,0,0,0,0,0,0,0,0,0,0,0,0,0,0,0.152645975351334,0.171495325863361,0.208405070421931,0.171552386236647,0.189001013076282,0,0.159432795643806,0,0.183700010590597,0,0.332083076238632,0,0
0,0,0,0,0,0,0,0,0,0,0,0,0,0,0,0,0,0,0,0,0,0,0,0,0,0,0,0,0,0,0,0.148011773824692,0.200513407588005,0.17993838082642,0,0,0.171431079018311,0,0.230415749922395,0,0,0,0,0,0,0,0,0.360330304652729,0,0,0,0,0,0,0,0,0,0,0,0,0,0,0,0,0,0,0,0,0,0,0,0,0,0,0,0.20521794849789,0.182706575334808,0.207254108732378,0,0.182894542539047,0,0.414580166339874,0.171290680766106,0.271903455257416,0,0,0
0,0.324843758886511,0,0.305185479709977,0,0.218619406223297,0,0.180551269863333,0,0.30450548018728,0,0.1845174091583,0,0,0,0.308004796504974,0.351639803498983,0.356089229861351,0.406208065291532,0.259457301760183,0,0,0,0,0,0,0,0,0,0,0,0.276719983424467,0,0.180509454472867,0,0,0.381882215218709,0.20796165263317,0,0.359389336765275,0.388990115374327,0.345312398384324,0.342274245890704,0.432023759629275,0,0.336268210281716,0.377250987887382,0.463240390291085,0,0.332529001664825,0,0.219229822357496,0,0,0,0.296346749771725,0,0.170922538011589,0,0.31959068775177,0,0.278632970899343,0.27009511590004,0.380186624825001,0.326893508434296,0,0,0,0,0,0.348058432340622,0,0.362550886140929,0.37413187963622,0.246109291651975,0.283668438593547,0.186927048241099,0,0.259505518974229,0.348219487238715,0.284924769657198,0.37168223124284,0.226350368487742,0.201612124574326,0.348206418000061,0.372998808533692,0.349479801124997
0.365343047512902,0,0.33377863963445,0.290672272443771,0.227342977055482,0,0,0,0.268105581402779,0.256682097911835,0.142422522504612,0,0,0,0,0,0.378139237488123,0.348970402931345,0.371475568563941,0,0.206662832933316,0,0,0,0,0,0,0,0,0,0,0,0.255724007731357,0,0.171431079018311,0.381882215218709,0,0.123033182074626,0.226105262617436,0.382190070549647,0.334401344907457,0.318737337222466,0.331156336317314,0,0,0.36585177716456,0.309223463966382,0.307835874044233,0.302039948105812,0.288376405835152,0,0,0,0,0.262940083940824,0.322196424007416,0.172033520646332,0,0.286127955714862,0,0.269777129319581,0.273815244436264,0.361134946346283,0.255055458975487,0,0,0,0,0,0,0.350490435957909,0,0.364019297063351,0.355130395889282,0.226370885968208,0.225967107602237,0,0.220841317404719,0.402109077532344,0.260796426413159,0.382281169295311,0.25725209240778,0.239864262056527,0.224229918873828,0.355519278675106,0.337759155035019,0.380731063208195
0,0.270032972895673,0,0.328276753425598,0,0,0,0,0,0.177897367184445,0,0.150543000400066,0,0,0,0,0,0.326592832803726,0.380405687233981,0.178831839227047,0,0.181357990360427,0,0.210969309576533,0,0,0,0.262962039974001,0,0.138365997714193,0,0,0,0.275407838204811,0,0.20796165263317,0.123033182074626,0,0.121483497321606,0.402498072385788,0,0.258773985116378,0.379532247781754,0,0,0.332106727500295,0,0.398170561929601,0,0.294234287804836,0,0,0,0,0,0.157490643989909,0.332290887832642,0.126378395905097,0,0,0,0,0.248234814798771,0.39304992556572,0.230125634387756,0,0.242985672620406,0,0,0,0.253393106162548,0,0.200590456907566,0,0,0,0.242529039717272,0,0.264562554457542,0,0.232764455459994,0.187670229934156,0.202975185107015,0.155950913412703,0.245774252970857,0.400387853384018,0
0,0,0,0,0,0,0,0,0.166126592986045,0,0.172162555619475,0,0,0,0,0,0,0,0.382030785083771,0,0.169169047894776,0,0.215293105763658,0,0.166952994816443,0,0,0,0.211639838293195,0,0.147252873870833,0,0,0,0.230415749922395,0,0.226105262617436,0.121483497321606,0,0,0,0,0.308692529797554,0,0,0,0.303493028713597,0.460865481796428,0.200796017901364,0,0,0,0,0,0.200139273974029,0,0.174616645632653,0,0,0,0,0,0,0.239861568342374,0,0.267900635225651,0,0.260481659582881,0,0,0,0,0,0.193506270647049,0,0,0,0.289984151721001,0,0.247310963107569,0,0.228930557821356,0.204972294864095,0.151613371358031,0.238455279171467,0,0.438120007514954
0,0.323383541269736,0,0.295292933781942,0,0.3077212870121,0,0,0,0.279536282545642,0,0,0,0,0,0,0.355165835883882,0.340609972675641,0.390829687364563,0,0,0,0,0,0,0,0,0,0,0,0,0,0,0,0,0.359389336765275,0.382190070549647,0.402498072385788,0,0,0.389810368418694,0.317252591154426,0.294132607300644,0.386074471686568,0,0.33142674726715,0.350522546966871,0.249519288539886,0,0.243446943003173,0,0,0,0,0,0.282632311185201,0,0.327012538909912,0,0.333535850048065,0,0.297145210206509,0.346292569232081,0.375838299592336,0.355070799589157,0,0,0,0,0,0.32205148989504,0,0.331610965992318,0.375377485156059,0,0,0,0,0.303966845221575,0.37828060888475,0.313570822148878,0.366577644558514,0.334973673317656,0,0.289614346602607,0.332240198047555,0.309537076950073
0.34999885729381,0,0.297173567116261,0.273811370134354,0,0,0,0,0,0,0,0,0,0,0,0,0.339210713505745,0.323833435773849,0.356345151249522,0,0,0,0,0,0,0,0,0,0,0,0,0,0,0,0,0.388990115374327,0.334401344907457,0,0,0.389810368418694,0,0.272168356180191,0.2991365067545,0.331903517246246,0,0.337116791733674,0.287578425377854,0,0.27004726305604,0,0,0,0,0,0.288893401622772,0,0.305102951997934,0,0.324412271380424,0,0.263891403873761,0,0.368079334497452,0.294637975181449,0,0,0,0,0,0,0,0.244603082537651,0.330151990056038,0.315498638827846,0,0,0,0,0.376256899400191,0.272610643867505,0.356442801654339,0.282159315170468,0.335966652842483,0.334839046001434,0.29894401026825,0.287826895713806,0.313006145166762
0,0.408722760337802,0,0.297808820074731,0,0.297827988862991,0,0,0,0.281266373197238,0,0,0,0,0,0.286419063806534,0.308493372556326,0.303521783291539,0.277354250406171,0,0,0.339593597080397,0,0,0,0,0,0,0,0,0,0,0,0,0,0.345312398384324,0.318737337222466,0.258773985116378,0,0.317252591154426,0.272168356180191,0,0.236060686674332,0.276603906541257,0,0.338926869990405,0.282850104073683,0.534766543479193,0,0.357534302089896,0,0.276232103506724,0,0,0,0.28700187381195,0.279680073261261,0.350136396367993,0,0.392570719122887,0,0.294744563730139,0.351200816050672,0.30969470166243,0.34349752160219,0,0.342069953680038,0,0.379516303539276,0,0.368680539966045,0,0.356325438667717,0.325268495082855,0,0,0,0,0.321501421912238,0.312506871769227,0.332743086064091,0.327494695782661,0.27642387092766,0,0.322366443343402,0.262669800050672,0.254479572673639
0.291890435225782,0,0.310989618912095,0.272247299551964,0.274654448032379,0,0,0,0.282747380435467,0.247425675392151,0.314131438732147,0,0,0,0.252580925822258,0.260571360588074,0.29896066042047,0.298920477075236,0.265859414105701,0,0,0,0.313785552978516,0,0,0,0,0,0,0,0,0,0,0,0,0.342274245890704,0.331156336317314,0.379532247781754,0.308692529797554,0.294132607300644,0.2991365067545,0.236060686674332,0,0,0.229468733072281,0.290120505699606,0.298766036645248,0.468008471386773,0.387220066405057,0.348237088748387,0.28555268900735,0,0,0,0.258338147531385,0.224329128861427,0.32789753802559,0.288837164640427,0.301780750354131,0,0.2991734757656,0,0.317798028389613,0.333539393175216,0,0,0,0,0,0,0.302593046426773,0.330722411473592,0.329027361103467,0.3486059065286,0,0,0,0,0.335761432906231,0.321570223334111,0.351441184463708,0.33398341531892,0.310626305985944,0.318077202886343,0.301218338861254,0.236549351116021,0.265819747904801
0,0,0,0,0,0,0,0,0,0,0,0,0,0,0,0,0.309525221586227,0,0.339439993103345,0,0,0,0,0,0,0,0,0,0,0,0,0,0,0,0,0.432023759629275,0,0,0,0.386074471686568,0.331903517246246,0.276603906541257,0,0,0,0.357185876369476,0,0,0,0,0,0,0,0,0,0,0,0,0,0,0,0,0.353927850723267,0,0,0,0,0,0,0,0,0,0,0,0,0,0,0,0.435698071531221,0.353966941436132,0.421563845872879,0,0.400291159749031,0,0.346954292975939,0.261213213205338,0
0,0,0,0,0,0,0,0,0,0,0,0,0,0,0,0,0,0,0,0,0,0,0,0,0,0,0,0,0,0,0,0,0,0,0,0,0,0,0,0,0,0,0.229468733072281,0,0,0,0,0,0,0,0,0,0,0,0,0,0,0,0,0,0,0,0,0,0,0,0,0,0,0,0,0,0,0,0,0,0,0,0,0,0,0,0.313715010881424,0,0.260223120450974,0,0
0,0.255342199467123,0,0.251537154500301,0,0,0,0,0,0.249290065004908,0,0.279003322124481,0,0,0,0.256243129571279,0.338335563739141,0.331486868952948,0.35547564439004,0.264747599760691,0,0.313912222782771,0,0,0,0,0,0,0,0,0,0,0,0,0,0.336268210281716,0.36585177716456,0.332106727500295,0,0.33142674726715,0.337116791733674,0.338926869990405,0.290120505699606,0.357185876369476,0,0,0.312177257056822,0.217795550823212,0.319604247808456,0.255129112192422,0,0,0,0,0,0.252897239995725,0,0.315181272871354,0,0,0,0.282964378595352,0.328975097987772,0.324037366053637,0.347768515348434,0,0,0,0,0,0.326843423062357,0,0.363666435655875,0.346335027899061,0,0,0,0,0.317204749638201,0.357115847369035,0.366820798361041,0.345027884611717,0.330109721885358,0,0.271730031710999,0.31405257942473,0.31057637433211
0.328666407106952,0.287147849798203,0.301703587174416,0.250690579414368,0,0,0,0,0,0.272572904825211,0.242043390870094,0,0,0,0,0,0.318691204647598,0.305099375387456,0.328399854122223,0,0.248750537633896,0,0,0,0,0,0.310019880533218,0,0,0,0,0,0,0,0,0.377250987887382,0.309223463966382,0,0.303493028713597,0.350522546966871,0.287578425377854,0.282850104073683,0.298766036645248,0,0,0.312177257056822,0,0,0.269360363483429,0,0,0,0,0,0,0.301720499992371,0.279165797860083,0,0.272315658628941,0,0.283559283614159,0.280867785215378,0.369794631004334,0.290876579456973,0,0,0,0,0,0,0.339354932308197,0.290048032999039,0.347855448722839,0.316473645574852,0,0,0,0,0.355415130654971,0.293234605514874,0.357510437568029,0.31446760524469,0.315470696803457,0.323167994618416,0.302869174213614,0.293453292413191,0.283588131864866
0.280722200870514,0.303709536790848,0.288216155767441,0.272156748601369,0,0,0,0,0.286475718021393,0.278616919049195,0,0,0,0,0,0,0,0,0,0,0,0,0,0,0,0,0,0,0,0,0,0.307381243160529,0.330234469059756,0.388006175066379,0.360330304652729,0.463240390291085,0.307835874044233,0.398170561929601,0.460865481796428,0.249519288539886,0,0.534766543479193,0.468008471386773,0,0,0.217795550823212,0,0,0.501781166209108,0.516753630934116,0,0.238464996218681,0,0,0,0.287552347406745,0.294026789565881,0.314053416252136,0.304851442575455,0,0.274472318589687,0.26682485640049,0,0,0,0,0,0,0,0,0.36150136590004,0,0.328151798248291,0.308889403939247,0.355683648034219,0.352011811694859,0.211924700648524,0.295761626958847,0.423320495933294,0.423957221996365,0.313168525695801,0.379053984663169,0.506545375874068,0.274473406374454,0.456145801483541,0,0
0.235691522434354,0,0.18962175614304,0,0,0,0,0,0.153369961486709,0,0,0,0,0,0.136939280666411,0,0.296088427305222,0,0.306173741817474,0,0,0,0.251986770594821,0,0.194209750105695,0,0,0,0,0,0,0.405656576156616,0.472135365009308,0,0,0,0.302039948105812,0,0.200796017901364,0,0.27004726305604,0,0.387220066405057,0,0,0.319604247808456,0.269360363483429,0.501781166209108,0,0.454438248123878,0,0,0,0,0.204665902782889,0,0.321450346759681,0,0.28316081924872,0,0.177966289158011,0,0,0.297490119934082,0,0.313638386164654,0,0.303435339352449,0,0.270956939420017,0,0.352906748628189,0,0.320572461684545,0,0.513247236609459,0,0.387671854633551,0,0.361916844572487,0,0.325713580178077,0.46751814579488,0.293223073085149,0.378185911489157,0,0.294745624065399
0,0.26132995217224,0,0.246719887470179,0,0,0,0,0,0.224856239098769,0,0,0,0,0,0.244427978992462,0.301731914281845,0.320109963417053,0.305906153243521,0,0,0.265208508446081,0,0.287320016477353,0,0.337972223758698,0,0,0,0,0,0.408718150854111,0.461105972528458,0.447106629610062,0,0.332529001664825,0.288376405835152,0.294234287804836,0,0.243446943003173,0,0.357534302089896,0.348237088748387,0,0,0.255129112192422,0,0.516753630934116,0.454438248123878,0,0,0.209197655320168,0,0,0,0.213151874749557,0,0.355386293226189,0,0.340345009131865,0,0.322696315303241,0.316605552692305,0,0.272227960697153,0,0.283017045345859,0,0.331102214356263,0,0.347705850847535,0,0.35446772931821,0.31490071117878,0,0,0.422689598798752,0,0.349802411056512,0.323586801687876,0.28216081748332,0.311305269598961,0.340984333228398,0,0.378659667688355,0.297746282815933,0
0,0,0.21206753588084,0,0.216073397700101,0,0,0,0.242310159972736,0,0,0,0,0,0.250786992741956,0,0,0,0,0,0,0,0,0,0,0,0,0,0,0,0,0,0,0,0,0,0,0,0,0,0,0,0.28555268900735,0,0,0,0,0,0,0,0,0,0,0,0.162805200368166,0,0.229746651300725,0,0.155658274888992,0,0.287338361692912,0,0,0.189799353480339,0,0,0,0,0,0,0,0,0,0.304653108119965,0,0,0,0,0,0,0,0,0,0,0.234205278257529,0,0
0,0,0,0.181634979651255,0,0.189061969518661,0,0,0,0,0,0,0,0,0,0,0,0,0,0,0,0,0,0,0,0,0,0,0,0,0,0,0,0,0,0.219229822357496,0,0,0,0,0,0.276232103506724,0,0,0,0,0,0.238464996218681,0,0.209197655320168,0,0,0,0,0,0,0,0,0,0,0,0,0,0,0,0,0,0,0,0,0,0,0,0,0,0,0,0,0.245434522628784,0,0,0,0.206249444683393,0,0.210607614654761,0,0
0,0,0,0,0,0,0.131660871207714,0,0,0,0,0,0,0,0,0,0,0,0,0,0,0,0,0,0,0,0,0,0,0,0,0,0,0,0,0,0,0,0,0,0,0,0,0,0,0,0,0,0,0,0,0,0,0,0,0,0.186241507530212,0,0,0,0,0,0,0,0,0,0,0,0,0,0,0,0,0,0,0,0,0,0,0,0,0,0,0,0,0,0
0,0,0,0,0,0,0,0.206854650507803,0,0,0,0,0,0,0,0,0,0,0,0,0,0,0,0,0,0,0,0,0,0,0,0,0,0,0,0,0,0,0,0,0,0,0,0,0,0,0,0,0,0,0,0,0,0,0,0,0,0.264711007851512,0,0.268678697446982,0,0,0,0,0,0,0,0,0,0,0,0,0,0,0,0,0,0,0,0,0,0,0,0,0,0,0
0.14710404207422,0,0.192574775742518,0,0.171178663770358,0,0,0,0.231159629760938,0,0,0,0,0,0.237548068165779,0,0.224003821611404,0,0,0,0.177256831416377,0,0,0,0.218764708042145,0,0,0,0,0,0,0,0,0,0,0,0.262940083940824,0,0.200139273974029,0,0.288893401622772,0,0.258338147531385,0,0,0,0,0,0.204665902782889,0,0.162805200368166,0,0,0,0,0,0.171917934231697,0,0.207156032323837,0,0.20866837982948,0,0,0.194448325783014,0,0,0,0.272859270060525,0,0.258584329333061,0,0.267727315425873,0,0.288532823324203,0,0,0,0,0,0.27735399082303,0,0.233134842071778,0.274171725203576,0,0.214154747939562,0,0
0,0.166460606716957,0,0.200037535477543,0,0.162629202008247,0,0,0,0.279190601989721,0,0,0,0,0,0.282328221892965,0,0.32205795783263,0.306832391768694,0,0,0.324110567569733,0,0.163171507897433,0,0.242228627204895,0,0,0,0,0,0,0,0,0,0.296346749771725,0.322196424007416,0.157490643989909,0,0.282632311185201,0,0.28700187381195,0.224329128861427,0,0,0.252897239995725,0.301720499992371,0.287552347406745,0,0.213151874749557,0,0,0,0,0,0,0,0.295299619436264,0,0,0,0.281527739129737,0.322705209255219,0,0,0,0.18385236035904,0,0,0,0.29867772012949,0,0.326475948095322,0,0,0,0,0,0.276190550430961,0.356267854571342,0.217817571014166,0,0.267876296050169,0,0.176111049489262,0,0
0.373666099707286,0,0.251676429836255,0,0.246339829266071,0,0.1980250030756,0,0.274862388769786,0,0.227314717000299,0,0.230802482382499,0,0,0,0.314949644463403,0.33132167160511,0.328547012131169,0,0.177596088325561,0,0,0,0,0,0,0,0,0,0.24519769739021,0,0,0,0,0,0.172033520646332,0.332290887832642,0.174616645632653,0,0.305102951997934,0.279680073261261,0.32789753802559,0,0,0,0.279165797860083,0.294026789565881,0.321450346759681,0,0.229746651300725,0,0.186241507530212,0,0.171917934231697,0,0,0,0.285659371325147,0,0.247278943252401,0,0,0.318785980843858,0,0.373146396130323,0,0,0,0.373713734475049,0,0.3822366532214,0.357074439525604,0.404179801479558,0,0,0,0,0.326189815998077,0.32498460846493,0,0.226234406494258,0.289082312217638,0.316164245208104,0.332736474214768,0,0.340857883294423
0,0.367328146472573,0,0.349160763724097,0,0,0,0.258386093771683,0,0.285788506269455,0,0.212969683504825,0,0.194424556195736,0,0,0,0,0.405371940135956,0.153063950002193,0,0.350737541913986,0,0,0,0,0,0,0,0.210960396948983,0,0,0,0,0,0.170922538011589,0,0.126378395905097,0,0.327012538909912,0,0.350136396367993,0.288837164640427,0,0,0.315181272871354,0,0.314053416252136,0,0.355386293226189,0,0,0,0.264711007851512,0,0.295299619436264,0,0,0,0.26184204855193,0,0.321011036634445,0.25898944741387,0,0.369835951924324,0,0.347384572029114,0,0.381218372923987,0,0.356031382375021,0,0.360026896789876,0,0,0,0,0,0.285116098324458,0,0.391945060094198,0,0.273292757927658,0,0.337444622459491,0.397835224866867,0
0,0,0.294468528207611,0,0.284118562936783,0,0,0,0,0,0.256086134775118,0,0.242212228987633,0,0.308373355865479,0,0,0,0.31672477722168,0,0.237534143030643,0,0,0,0,0,0,0,0,0,0,0,0,0,0,0,0.286127955714862,0,0,0,0.324412271380424,0,0.301780750354131,0,0,0,0.272315658628941,0.304851442575455,0.28316081924872,0,0.155658274888992,0,0,0,0.207156032323837,0,0.285659371325147,0,0,0,0.308653432444522,0,0,0.275901974178851,0,0.398956537246704,0,0,0,0.302232895667354,0,0.313118585547723,0,0.299513846635818,0,0,0,0,0,0.29918272838448,0,0,0.281287130872173,0.326775297522545,0.306236950093753,0,0
0,0.353725254535675,0,0.235525905489922,0,0.185142055153847,0,0.249914200938478,0,0,0,0.227638546154246,0,0.248251609074382,0,0.246852109326592,0,0,0,0,0,0.347199112176895,0,0,0,0.285325616598129,0,0.261159726265651,0,0.229527741670609,0,0,0,0,0,0.31959068775177,0,0,0,0.333535850048065,0,0.392570719122887,0,0,0,0,0,0,0,0.340345009131865,0,0,0,0.268678697446982,0,0,0,0.26184204855193,0,0,0,0.263540797293446,0.363414511084557,0,0.345839796157984,0,0.333844294635261,0,0.3501083371686,0,0.38636090837676,0,0.310572624206543,0,0,0,0,0,0.339710056781769,0,0,0,0.273330314705769,0,0.336778374964541,0,0
0.204742927104235,0,0.269926108212935,0,0.276375720041922,0,0,0,0.197595197757085,0,0,0,0,0,0.231213704308617,0,0,0,0.24852266907692,0,0.247316218912601,0,0,0,0.258885055780411,0,0,0,0,0,0,0,0,0,0,0,0.269777129319581,0,0,0,0.263891403873761,0,0.2991734757656,0,0,0,0.283559283614159,0.274472318589687,0.177966289158011,0,0.287338361692912,0,0,0,0.20866837982948,0,0.247278943252401,0,0.308653432444522,0,0,0,0,0.267124022046725,0,0,0,0,0,0.235409272213777,0,0.242167951539159,0,0.323006898164749,0,0,0,0,0,0.29914408769363,0,0.310553312301636,0.276177031546831,0.284551844000816,0.275641597939666,0,0
0,0.216691915650625,0,0.315923877248243,0,0,0,0,0,0.298340251185293,0,0,0,0.262084764242172,0,0.251935460159312,0,0,0.317143186926842,0.407861242691676,0,0,0,0,0,0.279838114976883,0,0,0,0,0,0,0,0,0,0.278632970899343,0.273815244436264,0,0,0.297145210206509,0,0.294744563730139,0,0,0,0.282964378595352,0.280867785215378,0.26682485640049,0,0.322696315303241,0,0,0,0,0,0.281527739129737,0,0.321011036634445,0,0.263540797293446,0,0,0.426964159522738,0,0.327013686299324,0,0.317641402993883,0,0.315206686258316,0,0.345985273520152,0,0,0,0,0,0,0,0.287161264270544,0.285950839519501,0.322350144386292,0,0.268593308265491,0,0.343713976683155,0.310492902994156,0
0,0.24800531566143,0,0.392003209910531,0,0,0,0,0,0.353969514369965,0,0.165163748290228,0,0,0,0,0.357033070590761,0.350842917507345,0.367426543815495,0.209430073859864,0,0.345228642225266,0,0,0,0,0,0,0,0,0,0,0,0,0,0.27009511590004,0.361134946346283,0.248234814798771,0,0.346292569232081,0.368079334497452,0.351200816050672,0.317798028389613,0.353927850723267,0,0.328975097987772,0.369794631004334,0,0,0.316605552692305,0,0,0,0,0,0.322705209255219,0,0.25898944741387,0,0.363414511084557,0,0.426964159522738,0,0,0.359921306371689,0,0,0,0,0,0.367007087720068,0,0.378896228186992,0.388029515743256,0,0,0,0,0.300329697120846,0.393411919474602,0.326131864129142,0,0.259643319820942,0,0.323382954509421,0.331827451785405,0.325541685024897
0.328779704611877,0,0.248516328632832,0,0,0,0,0,0.294504046440125,0.29602786898613,0.220260634984328,0,0,0,0.31379371881485,0,0.348889088088816,0.331830221873063,0.351871521073744,0,0.246111374657329,0,0,0,0,0,0,0,0,0,0,0,0,0,0,0.380186624825001,0.255055458975487,0.39304992556572,0.239861568342374,0.375838299592336,0.294637975181449,0.30969470166243,0.333539393175216,0,0,0.324037366053637,0.290876579456973,0,0.297490119934082,0,0.189799353480339,0,0,0,0.194448325783014,0,0.318785980843858,0,0.275901974178851,0,0.267124022046725,0,0,0,0,0,0,0,0,0,0.317275792360306,0.374178233742714,0.339937314391136,0.389269436894014,0,0,0,0,0.380204308032989,0.311638818945848,0.357062662641207,0.357975910307715,0.292037573895034,0.334975053866704,0.338700768142785,0.303544938564301,0.353881627321243
0,0.359208382666111,0,0.340892136096954,0,0,0,0,0,0,0,0,0,0,0,0,0,0.126179243881847,0.368091821670532,0,0,0.254380028601875,0,0.286006333616873,0,0.128358064418279,0,0.227419573813677,0,0,0,0,0,0,0,0.326893508434296,0,0.230125634387756,0,0.355070799589157,0,0.34349752160219,0,0,0,0.347768515348434,0,0,0,0.272227960697153,0,0,0,0,0,0,0,0.369835951924324,0,0.345839796157984,0,0.327013686299324,0.359921306371689,0,0,0,0.274286949123151,0,0.287100638667963,0,0.351981516086557,0,0.305343593095804,0,0,0,0,0,0,0,0.332175141368061,0,0.176758266625587,0.142373921349645,0.363995863199234,0.408603101968765,0.314766347408295
0,0,0,0,0,0,0,0,0,0,0,0,0,0,0,0,0.200450285755355,0.306186199188232,0,0,0,0,0.24017355498937,0,0.151608160563878,0,0.146508209628087,0,0.1795497211543,0,0,0,0,0,0,0,0,0,0.267900635225651,0,0,0,0,0,0,0,0,0,0.313638386164654,0,0,0,0,0,0,0,0.373146396130323,0,0.398956537246704,0,0,0,0,0,0,0,0,0.246435025185347,0,0.256594641264095,0,0.364345502779678,0,0.332708629469077,0,0,0,0,0,0,0,0.297435280574076,0.185334476868849,0.164128643545237,0.302834987640381,0,0
0,0,0,0.346035987138748,0,0,0,0,0,0.21438748339812,0,0,0,0,0,0.219814367592335,0,0,0,0,0,0.212492252276702,0,0.225729117479747,0,0.207440036535263,0,0,0,0,0,0,0,0,0,0,0,0.242985672620406,0,0,0,0.342069953680038,0,0,0,0,0,0,0,0.283017045345859,0,0,0,0,0,0.18385236035904,0,0.347384572029114,0,0.333844294635261,0,0.317641402993883,0,0,0.274286949123151,0,0,0,0.258393845848622,0,0.319802225629489,0,0,0,0,0,0,0,0,0,0.348599304533123,0,0.186312625075088,0,0.249255642691493,0,0
0,0,0,0,0,0,0,0,0.224699169397354,0,0,0,0,0,0.228509739041328,0,0,0,0,0,0,0,0.174699854850769,0,0.190174246807733,0,0,0,0,0,0,0,0,0,0,0,0,0,0.260481659582881,0,0,0,0,0,0,0,0,0,0.303435339352449,0,0,0,0,0,0.272859270060525,0,0,0,0,0,0,0,0,0,0,0.246435025185347,0,0,0,0.224460289383737,0,0.301546134054661,0,0,0,0,0,0,0,0,0,0.296222503785612,0.221322713792324,0,0.288782503921539,0,0
0,0.354151457548141,0,0,0,0,0,0,0,0.172296955035283,0,0,0,0.261393533398708,0,0.275565299722883,0.363649547100067,0.15287991078419,0.2823138050735,0,0,0.277602007294573,0,0.19440381053616,0,0.242202914386206,0,0.198024053681404,0,0,0,0,0,0,0,0,0,0,0,0,0,0.379516303539276,0,0,0,0,0,0,0,0.331102214356263,0,0,0,0,0,0,0,0.381218372923987,0,0.3501083371686,0,0.315206686258316,0,0,0.287100638667963,0,0.258393845848622,0,0,0,0.349503861505444,0,0.408075094223022,0,0,0,0,0,0.339293450117111,0,0,0,0.215758616926971,0.150415182113647,0.370021743699908,0,0
0,0,0,0,0,0,0,0,0,0,0,0,0,0,0,0,0,0,0,0,0,0,0.149669754008452,0,0.217661745846272,0,0.178494221244762,0,0.232398588109661,0,0,0,0,0,0,0,0,0,0,0,0,0,0,0,0,0,0,0,0.270956939420017,0,0,0,0,0,0.258584329333061,0,0.373713734475049,0,0.302232895667354,0,0.235409272213777,0,0,0,0,0.256594641264095,0,0.224460289383737,0,0,0,0.333245606907946,0,0,0,0,0,0,0,0,0,0,0.15990661457181,0,0.352529138326645,0,0
0,0.37525958799925,0,0.350889739990234,0,0,0,0,0,0.344941407442093,0,0.236257372796535,0,0.28596368432045,0,0,0,0.274950295686722,0.369814898698561,0,0,0.343081422044868,0,0,0,0.208103463053703,0,0.227250717739746,0,0.194558137806795,0,0,0,0,0,0.348058432340622,0.350490435957909,0.253393106162548,0,0.32205148989504,0,0.368680539966045,0.302593046426773,0,0,0.326843423062357,0.339354932308197,0.36150136590004,0,0.347705850847535,0,0,0,0,0,0.29867772012949,0,0.356031382375021,0,0.38636090837676,0,0.345985273520152,0.367007087720068,0.317275792360306,0.351981516086557,0,0.319802225629489,0,0.349503861505444,0,0,0,0.269205073787295,0,0,0,0,0,0.324849506219228,0.322192430496216,0.334223783392447,0.349921484788259,0.364875847215498,0,0.37960392572826,0.36806697504861,0
0,0,0,0,0,0,0,0,0,0,0,0,0,0,0,0,0,0,0,0,0,0,0.261811447501183,0,0,0,0.236028477549553,0,0.254853209852064,0,0.190299369394779,0,0,0,0,0,0,0,0,0,0.244603082537651,0,0.330722411473592,0,0,0,0.290048032999039,0,0.352906748628189,0,0,0,0,0,0.267727315425873,0,0.3822366532214,0,0.313118585547723,0,0.242167951539159,0,0,0.374178233742714,0,0.364345502779678,0,0.301546134054661,0,0.333245606907946,0,0,0,0.269900296540821,0,0,0,0,0,0.299947738647461,0,0.298937063803722,0.34329679608345,0,0.342473381509384,0,0
