0,0,0,0,0,0,0,0,0.0492095785960289,0,0,0,0,0,0,0,2.87299326510106e-05,0,0.000267980938987259,0,2.884800825351e-05,0,0,0,0.000378292861471377,0,0,0,0,0,0,0,0,0,0,0,3.54959614549007e-06,0,0,0,0.000131751318376576,0,0.000687792446127435,0,0,2.09333766306372e-05,0.000126938986334427,0,0.0101760222937936,0,0,0,0,0,0.041043932353698,0,0.00059659708683583,0,0,0,0.00382722304825388,0,0,0,0,0,0,0.00211572292532246,0,0.00028306736708152,0,0,0,0.00134724214845188,0,0,0,0,1.05857843118643e-06,0.000132891898556738,0,1.60585299807266e-05,8.6402455107823e-05,0,0.0139212618949702,0,0.00010829955517982
0,0,0,0.0207578457796973,0,0,0,0,0,0.0291414389148577,0,0,0,0,0,0.000749660094268749,0,0,0,0,0,0,0,0,0,0,0,0,0,0,0,0,0,0,0,0,0,0,0,0,0,0.00472886018040973,0,0,0,0,0,0,0,0.0106868430532731,0,0,0,0,0,0.0170541171901449,0,0,0,3.82589468014552e-05,0,0.00489055985815165,0,0,0,0,0.000505502837230575,0,0,0,0,0,0,0,0,0,0,0,0,0,0,0,0.000355655683474682,7.80516506167022e-06,0.00695181690000182,0,0
0,0,0,0,0.00280625177152551,0,0,0,0.0014569880645314,0,0,0,0,0,0,0,0,0,1.01792539668018e-05,0,0,0,0,0,0,0,0,0,0,0,0,0,0,0,0,0,0,0,0,0,0,0,0.000577966535148086,0,0,0,0.000343070064843639,0,0.00362865892082133,0,0.00125770822073056,0,0,0,0.00471376261002361,0,0.000292399453506366,0,0.000314433263225042,0,0,0,0,0.000111363371965434,0,0,0,0,0,0,0,0.000216484255021515,0,0.00212999532929697,0,0,0,0,0,2.45832149713604e-05,0,0,7.44153427644918e-05,8.58997912882832e-07,0.00922569386110816,0,0.000181639558736083
0,0.0207578457796973,0,0,0,0.0330464221914463,0,0,0,0.0161768996316518,0,0,0,0,0,0.000369862716733151,0,0,6.20466157101872e-06,0.000204841776359545,0,0,0,0,0,0,0,0,0,0,0,0,0,0,0,4.09072597026927e-05,0,0,0,0.00184265649727579,0,0.00316198381141564,7.31898743918313e-05,0,0,0.000451290289114082,6.50211902008624e-05,0.000335149528892932,0,0.0182296441017504,0,0.0514430813803964,0,0,0,0.123050379759018,0,0.00339270296279897,0,0.00214785779586299,0,0.0170829881889719,3.22533714563686e-05,4.6949448953277e-05,0,0,0,0,0,0,9.00380266207412e-05,0,0.000966562179679872,0,0,0,0,0,0.000207852224080666,9.68749761942481e-07,1.55058280297279e-05,0,0.00130840529948399,0.000274293572014202,0.0233483031905222,5.11936146548077e-05,0
0,0,0.00280625177152551,0,0,0,0,0,0.00418980427533594,0,0,0,0,0,0,0,0,0,0,0,0.00223594212551164,0,0,0,0,0,0,0,0,0,0,0,0,0,0,0,0.000226335677095964,0,0,0,0.000641490733401181,0,0.00117645524286641,0,0,0,0.00140307819637666,0.000146191838807175,0.00186141116606533,0,0.0952993213100679,0,0.00108171696157551,0,0.00702209941251075,0,0.00144629449378153,0,0.00351438374718114,0,0.000508050801601205,0,0,0.00664447895598146,0,0,0,0,0,0,0,6.46827289531556e-05,0,0.00053005573332448,0,0,0,0,0,0.000264181044774281,0,6.16471536491606e-06,0.000849516599760347,0,0.00282883309700385,0,3.5247379440482e-05
0,0,0,0.0330464221914463,0,0,0,0,0,0.000603554015134435,0,4.37176753878155e-05,0,0,0,0.000376695126760751,0,0,0,0.00900984518510334,0,0,0,0,0,0,0,0,0,0,0,0,0,0,0,0.000611917625762707,0,0,0,2.04822333903636e-05,0,0.000834898330455954,0,0,0,7.5253521720708e-05,0,0.000243086229051552,0,0.000450008561455079,0,0.0399860289049094,0,0,0,0,0,0.000291323519255234,0,0,0,0,0.000787496935969629,0,0,0,0,0,0,0,4.08712439409222e-05,0,0,0,0,0,0,0,0.00161676365026425,0,0,0,0.00112156641828813,0,0.00803194093281607,0,0
0,0,0,0,0,0,0,0,0,0,0.00389859563793516,0,0,0,0,0,0,0,0,0,0.000250733081623383,0,0,0,0,0,0,0,0,0,0,0,0,0,0,0,0,0,0,0,0,0,0,0,0,0,0,0,0,0,0.00181853435457469,0,0.0384241594710535,0,0,0,0,0,0,0,0,0,0,6.04523426391986e-05,0,0,0,0,0,0,0,0,0,0,0,0,0,0,0,0,0,0,6.22533755363174e-05,0,0,0,0
0,0,0,0,0,0,0,0,0,0,0,0,0,0,0,0,0,0,0,0,0,0,0,0,0,0,0,0,0,0,0,0,0,0,0,0,0,0,0,0,0,0,0,0,0,0,0,0,0,0,0,0,0,0.00690777931821585,0,0,0,0,0,0.00446339025295396,0,0,0,0,0,0,0,0,0,0,0,0,0,0,0,0,0,0,0,0,0,0,5.8451888233944e-06,0,0,0,0
0.0492095785960289,0,0.0014569880645314,0,0.00418980427533594,0,0,0,0,0,0,0,0,0,0.00375986677462738,0,0.00174347051698939,0.000409979920139214,0.00122765383024909,0,0,0,0,0,0.0129746307614385,0,0.00123608601826189,0,1.10811539294907e-05,0,0,0,0,0,0,0,1.06882032997681e-05,0,0.000855452953404039,2.26737643324545e-05,0,1.00901466075142e-05,0,0,0,2.13851056976136e-05,0.000194232940605157,0.000128181207437628,0.000218692588694242,0,0.00720242043439376,0,0,0,0.209008417029107,0,0.00147126371922324,0,0.00104209123282686,0,0.0049823927577227,0,0,0.000121558132351769,0,0,0,0.00604236444744259,0,0.000113636005155182,0,6.69454393421977e-05,0,0.00015054769180455,0,0,0,0,2.36893724849796e-06,5.22368338880426e-06,0,0.00307681684799514,0.000732331638034754,0,0.0101944755630544,0,0.000466473715903629
0,0.0291414389148577,0,0.0161768996316518,0,0.000603554015134435,0,0,0,0,0,0,0,0,0,0.000279217069566156,0,8.1893221804102e-05,0,0,0,0,0,0.00663179676899499,0,0,0,0,0,0,0,0,0,0,0,0,0,0.00212538493534973,0,0,0,0.000251459898436141,0,0,0,0,0,0,0,0.000479611987181935,0,0,0,0,0,0.0686848704342632,0,0,0,0,0,0,0,0,0,0,0.00399397621264115,0,0,0,0,0,0,0,0,0,0,0,0,0,0.00192999174514917,0,0.00356212459641649,0.00010031116120438,0.0019322584124028,0,0
0,0,0,0,0,0,0.00389859563793516,0,0,0,0,0,0.00150372171533935,0,0,0,1.70093033608724e-05,0,3.72323242203026e-06,0,0.020986710412325,0,0,0,0,0,0,0,0,0,0.00026421381461032,0,0,0,0,0,0,0,0.00430877656525665,0,0,0,7.03937491777469e-06,0,0,0,8.45235333588109e-05,0,0,0,0,0,0.00677153647274655,0,0,0,0.0598919323714241,0,0,0,0,0,0,0.00485707616388395,0,0,0,0,0,0,0,0,0,0.00971686632335189,0,0,0,0,0,2.12843560509098e-05,0,0.00424423644218954,0.000347549558103575,0,4.7213153208229e-05,0,0
0,0,0,0,0,4.37176753878155e-05,0,0,0,0,0,0,0,0.00684662717910001,0,0,0,0,0,0.00558238728013991,0,0,0,0,0,0,0,0,0,0.000250198541828049,0,0,0,0,0,0.00138025562952841,0,0.00154358841147354,0,0,0,0,0,0,0,0,0,0,0,0,0,3.05808673069508e-05,0,0,0,0,0,0.0418761714461397,0,0,0,0,0.00193660204562948,0,0,0,0,0,0,0,0,0,0.00467670463054014,0,0,0,0,0,0.000192599233259545,0,0.000263870968415038,0,0.000821621281508962,0,0.000577255039899988,0,0
0,0,0,0,0,0,0,0,0,0,0.00150372171533935,0,0,0,0.000337307380143779,0,0.00246914048508019,5.05868569801351e-06,0,0,0,0,0,0,0,0,0.00111385963370793,0,0.000220926081810372,0,0,0,0,0,0,0,0,0,0,0,0,0,0,0,0,0,0,0,0,0,0,0,0.000554030534512251,0,0,0,0.00301783252397644,0,0.0144279534828417,0,0.00300574321576358,0,0,0,0,0,0,0,0,0,0,0.000178497221253492,0,1.43020247233422e-05,0,0,0,0,0,0,0,0,0.00028867399537059,0.000472749073708169,0,0,0
0,0,0,0,0,0,0,0,0,0,0,0.00684662717910001,0,0,0,0.00298237928530833,0,0,0,0,0,0,0,0,0,0,0,0.00115880474182013,0,0,0,0,0,0,0,0,0,0,0,0,0,0,0,0,0,0,0,0,0,4.84311168215902e-05,0,0,0,0,0,0,0,0.000619688087659517,0,0.0305696155089656,0,0.000546153257696428,0,0,0,0,0,0,2.90739704966129e-05,0,0.000501337311808152,0,0,0,0,0,0,0,0,0,0,0,1.7964032094748e-06,0,0,0,0
0,0,0,0,0,0,0,0,0.00375986677462738,0,0,0,0.000337307380143779,0,0,0,0.00672149894988854,0.000199333916586602,0.000240017116676608,0,0,0,5.88615003974877e-05,0,0,0,0.0132385533208892,0,0,0,0,0,0,0,0,0,0,0,0,0,0,0,0,0,0,0,0,0,0,0,0.000525054562328472,0,0,0,0.0012647977422268,0,0.000529434328030683,0,0.000774170656125736,0,0.0242201644178378,0,0,0,0,0,0,0,0,0.000650310067667114,0,0,0,0,0,0,0,0,0,0,0,0,0.000329622695935102,0.000245270971652612,3.17426154121305e-05,0,0
0,0.000749660094268749,0,0.000369862716733151,0,0.000376695126760751,0,0,0,0.000279217069566156,0,0,0,0.00298237928530833,0,0,0,0,0,0,0,0,0,0,0,0,0,0,0,0,0,0,0,0,0,0,0,0,0,0,0,0.00020317704870864,0,0,0,0,0,0,0,0.000514185187015722,0,0,0,0,0,0.03882658486358,0,0,0,0.000388034217343887,0,0.0185348933427249,0,0,0,0,0.0033616130364499,0,0.00041726844306253,0,0,0,0,0,0,0,0,0,0,0,0,0,4.39281861470341e-05,0,0.000177110107285011,0,0
2.87299326510106e-05,0,0,0,0,0,0,0,0.00174347051698939,0,1.70093033608724e-05,0,0.00246914048508019,0,0.00672149894988854,0,0,0.115818459586493,0.0628218162791426,0,5.64698831175177e-06,0,0.00330006649866568,0,3.41859829902907e-05,1.23757184188944e-05,0.0373831533611931,0,0.00371696067940345,0,0,0,0,0,0,1.85977377924809e-05,1.07847271739735e-05,0,0,0.000937808482468314,0.000347353707934437,0.000406893228236869,0.000549203851632145,0,0,0.000461683442666071,0.00114270112526412,0,0,1.350472988229e-05,0,0,0,0,0,0,0,0,0,0,0.00623229923404961,0,2.48173063234933e-06,0.000177845732466452,0,0,0,0,0,0.00210045864011256,2.0616574921374e-05,1.82411541111991e-05,4.25178658303961e-05,5.75061613952352e-05,0,0,0,0,0.000314366123093928,0.000966533843530602,0.000167138676313568,0.000238806533452726,0.0322918950609748,0.0262907417143226,0.000733383850876142,0.000188099022813178,0.00031087107107927
0,0,0,0,0,0,0,0,0.000409979920139214,8.1893221804102e-05,0,0,5.05868569801351e-06,0,0.000199333916586602,0,0.115818459586493,0,0.100389463329302,0,1.09625959557277e-05,2.90232379950277e-06,0,0.006742402992108,0,0.0109681743871652,0.000480776530444188,0,1.52291574273133e-05,0,0,0,0,0,0,1.22774546473025e-05,3.75708655216031e-06,0,6.73288624786965e-07,0.000681421701198403,3.3239117684973e-06,0.000390648081427796,1.12321448656803e-05,0,0,0.000390435275971748,0.000143503372070367,0,0,1.46370260785128e-05,0,0,0,0,0,0,0,0,0,0,0.000169365750052658,0.00078946557845861,3.47780785958434e-06,1.51606052007002e-05,0,0,0.000984844519181932,0,0.00123355927670299,0.000116817977312245,0,0,4.52075333189936e-05,4.97761333281843e-06,0,0,0,0,0.000261616470122875,0.000158873980365663,0.000185645370268687,3.03377031759546e-06,0.0349394191707969,0.00475389571521172,0.000393120933215591,0.000161462744369566,4.19649846841036e-05
0.000267980938987259,0,1.01792539668018e-05,6.20466157101872e-06,0,0,0,0,0.00122765383024909,0,3.72323242203026e-06,0,0,0,0.000240017116676608,0,0.0628218162791426,0.100389463329302,0,0,0.000271314130047461,0,0,0,0,7.799307091782e-05,0.000373413598169192,0,0,0,0,0,0,0,0,0.000768520006610397,0.000176292806017708,0,0,0.031361883265778,0.00552585447458711,0.0213496618768141,0.0105429526053445,0.000797251532024514,0.000534647636307459,0.0105614022102889,0.0178859031456977,0,3.4607399652212e-05,0.000847462742116827,0,0,0,0,0,0,0.000314327961099249,0,0,0,6.62391320836141e-05,0,0.000186956882991427,0.0031656206506933,0,0,0,0,0,0,4.43963470462403e-06,5.18360583038574e-05,0.00243398800341119,0.00189355510873041,0,0,0,0,0.00961722776792581,0.0145193594277317,0.0089589896310839,0.00283919463120973,0.0181646176969693,0.000760203261729192,0.0173287691386689,0.0128874132701776,0.00517282029971061
0,0,0,0.000204841776359545,0,0.00900984518510334,0,0,0,0,0,0.00558238728013991,0,0,0,0,0,0,0,0,0,0,0,0,0,0,0,0,0,0,0,0,0,0,0,0.00465136273666085,0,0.000279264457746891,0,0,0,0,0,0,0,0.000417854734137124,0,0,0,0,0,0.000113123303520883,0,0,0,0,0,0.000211864310094872,0,0,0,0,0.126508463558952,0,0,0,0,0,0,0,0,0,0.000164546404979625,0,0,0,0,0,0.000434187098622046,0,0.000158456161755138,0,0.00147391143763207,0,0.000381538593512146,0,0
2.884800825351e-05,0,0,0,0.00223594212551164,0,0.000250733081623383,0,0,0,0.020986710412325,0,0,0,0,0,5.64698831175177e-06,1.09625959557277e-05,0.000271314130047461,0,0,0,0,0,0,0,0,0,0,0,0,0,0,0,0,0,0.00352507786870996,0,0.00162480572699723,8.49096604749644e-06,3.97958488583122e-05,0,0.000346869152220989,0,0,0,0.0014352054611169,0,0.000104507519971764,0,0.0188688481845189,0,0.000680817634403126,0,0,0,0.0132502626774421,0,0,0,0,0,0,0.0910608284024556,0,0,0,0,0,0,0,0.000470175695066464,0,0.00759733689432532,0,0,0,0,1.44984492170025e-06,0.00757404125335352,0,0.00157981815580458,0.00140118430196558,1.38416566156946e-05,0.00162788842305427,0,0.000739984216768345
0,0,0,0,0,0,0,0,0,0,0,0,0,0,0,0,0,2.90232379950277e-06,0,0,0,0,0.00182487594743341,0.00231847885068412,0,6.79331970799613e-05,0,0.000104323406157426,0,0,0,0,0,0,0,0,0,0.00495280591203864,0,4.07795848542884e-06,0,1.72327535751175e-05,0,0,0,0,0,0,0,0.0104956672050861,0,0,0,0,0,0,0,1.32033396579702e-05,0,2.98110889461494e-05,0,0,0,0,0.0450366482209265,0,0.00256651455275544,0,0.000566538497512255,0,0.000549208548060241,0,0.000156628946951161,0,0,0,0,0,1.41723029630483e-06,0,0.00485070270022768,0,0.00167628989722921,0.000477150240663353,0.000140141124413579,5.71563272941926e-06,0
0,0,0,0,0,0,0,0,0,0,0,0,0,0,5.88615003974877e-05,0,0.00330006649866568,0,0,0,0,0.00182487594743341,0,0,0.00143455344867439,0,0.000887842273043711,0,0.000199437854877097,0,0,0,0,0,0,0,0,0,0.00267170260457251,0,0,0,0,0,0,0,0,0,0.000542342358807504,0,0,0,0,0,0,0,0,0,0,0,8.24253585930722e-06,0,0,0,0,0.0571708973435802,0,0.00412923915833091,0,0.00423504105830107,0,0.000882177053466038,0,0,0,0,0,0,0,0,0,0.000755154237720322,0.00109332384197888,0.000230360369476318,0,0,0
0,0,0,0,0,0,0,0,0,0.00663179676899499,0,0,0,0,0,0,0,0.006742402992108,0,0,0,0.00231847885068412,0,0,0,0.0569931046479984,0,0,0,0,0,0,0,0,0,0,0,0.00718938045292525,0,0,0,0,0,0,0,0,0,0,0,0.0024237869111034,0,0,0,0,0,0.0136731511150038,0,0.00106604540656877,0,0.000665977286813926,0,0.000511699869472249,0,0,0.00145286927827225,0,0.140869846289623,0,0.0471015470601036,0,0.00102511596691093,0,0,0,0,0,0,0,0,0,0.00287769222764931,0,0.00188089608070198,0,0.00257536266596475,0,0
0.000378292861471377,0,0,0,0,0,0,0,0.0129746307614385,0,0,0,0,0,0,0,3.41859829902907e-05,0,0,0,0,0,0.00143455344867439,0,0,0,0.029467945381531,0,0,0,0,0,0,0,0,0,0,0,0.00390811669546996,0,0,0,2.48043731622283e-05,0,0,0,0,0,0.00581209097646384,0,0,0,0,0,0.021946593928653,0,0,0,0,0,5.29301089160323e-05,0,0,0,0,0.000852513819918365,0,0.0768308118780428,0,0.0663935695080254,0,0,0,0,0,0,0,0,0,0,0,0.00139594446263215,0.000219447862119628,0,0.00474913594910035,0,0.0019965899101093
0,0,0,0,0,0,0,0,0,0,0,0,0,0,0,0,1.23757184188944e-05,0.0109681743871652,7.799307091782e-05,0,0,6.79331970799613e-05,0,0.0569931046479984,0,0,0,0.010043864609742,0,0,0,0,0,0,0,0,0,0,0,0,0,0,0,0,0,0,0,0,0,0.000270577711938538,0,0,0,0,0,0.000150670486618765,0,7.34812733382932e-05,0,0.0011286474116072,0,0.000369747990986429,0,0,8.78464485001673e-05,0,0.0391311182243682,0,0.0768847077282302,0,0.00181582778455359,0,0,0,0,0,0,0,0,0,0,0,0.000841307819289085,0,5.14204841623702e-05,0,0
0,0,0,0,0,0,0,0,0.00123608601826189,0,0,0,0.00111385963370793,0,0.0132385533208892,0,0.0373831533611931,0.000480776530444188,0.000373413598169192,0,0,0,0.000887842273043711,0,0.029467945381531,0,0,0,0.00320183841362697,0,0,0,0,0,0,0,0,0,0,0,0,0,0,0,0,0,0,0,0,0,0,0,0,0,0,0,0,0,0,0,0.00247396739767348,0,0,0,0,0,0,0.00110806500537929,0,0.0406258440350632,0,0.000322176073108627,0,0,0,0,0,0,0,0,0,0,0.00151273142914205,0.000376421649224599,0,0,0
0,0,0,0,0,0,0,0,0,0,0,0,0,0.00115880474182013,0,0,0,0,0,0,0,0.000104323406157426,0,0,0,0.010043864609742,0,0,0,0.00887279178560979,0,0,0,0,0,0,0,0,0,0,0,0,0,0,0,0,0,0,0,0,0,0,0,0,0,0,0,0,0,0.00136524900630228,0,1.69483450452895e-05,0,0,0,0,0,0,0.000110990040528711,0,0.033477362798948,0,0.000195537540777085,0,0,0,0,0,0,0,0,0,2.28989276808625e-05,0,0,0,0
0,0,0,0,0,0,0,0,1.10811539294907e-05,0,0,0,0.000220926081810372,0,0,0,0.00371696067940345,1.52291574273133e-05,0,0,0,0,0.000199437854877097,0,0,0,0.00320183841362697,0,0,0,0.000223110482689042,0,0,0,0,0,0,0,1.04317025987702e-05,0,0,0,0,0,0,0,0,0,0,0,0,0,0,0,0,0,1.25133900647304e-05,0,0.00133632426699316,0,0,0,0,0,0,0.00071861328583937,0,0,0,0.00249930923048253,0,0.014542052681423,0,0.00608086092261572,0,0,0,0,0,0,0,0.000225771496148581,0.000436287586289167,0.000135825128019561,0,0,0
0,0,0,0,0,0,0,0,0,0,0,0.000250198541828049,0,0,0,0,0,0,0,0,0,0,0,0,0,0,0,0.00887279178560979,0,0,0,0,0,0,0,0,0,0.000415022124216752,0,0,0,0,0,0,0,0,0,0,0,0,0,0,0,0,0,0,0,0.000610157270188516,0,0,0,0,0,0,0,0,0,0,0,0,0.00131781099838412,0,0.0415145073673041,0,0,0,0,0,0,0,0.000154312779939092,0,0.000347611425892447,0,0,0,0
0,0,0,0,0,0,0,0,0,0,0.00026421381461032,0,0,0,0,0,0,0,0,0,0,0,0,0,0,0,0,0,0.000223110482689042,0,0,0,0,0,0,0,0,0,0.000143839397687973,0,0,0,0,0,0,0,0,0,0,0,0,0,0,0,0,0,0.00179037387367724,0,0,0,0,0,0,0,0,0,0,0,0,0,0,0,0,0.0109934229953958,0,0,0,0,0,0,0,0.00104040197374891,0,0,0,0,0
0,0,0,0,0,0,0,0,0,0,0,0,0,0,0,0,0,0,0,0,0,0,0,0,0,0,0,0,0,0,0,0,0.00606037392502499,0.0109119579381229,0,0.00171796247712541,3.20547014234034e-05,0,0,0,0,0,0,0,0,0,0,0.0878722186818615,0.000820437907504963,6.4518542953175e-05,0,0,0,0,0,0,0,0,0,0,0,0,0,0,0,0,0,0,0,0,0,0,0,0,0.107933406351022,0.00970634362785319,0.000635970045128262,0,0.00273531749038432,0.000439085656585271,0,0,0.000822188755522045,0,0,0,0
0,0,0,0,0,0,0,0,0,0,0,0,0,0,0,0,0,0,0,0,0,0,0,0,0,0,0,0,0,0,0,0.00606037392502499,0,0,6.19293435410659e-05,0,0.00265698437141903,0,0,0,0,0,0,0,0,0,0,0.0332647966605692,5.41523425056736e-05,0,0,0,0,0,0,0,0,0,0,0,0,0,0,0,0,0,0,0,0,0,0,0,0,0,0.0138774045087364,0.118103756905552,0,0,5.06538652763038e-05,0.00366785154403665,0,0,1.47092895826178e-05,0,0,0,0
0,0,0,0,0,0,0,0,0,0,0,0,0,0,0,0,0,0,0,0,0,0,0,0,0,0,0,0,0,0,0,0.0109119579381229,0,0,0.00686384295332642,0.00489153496389862,0,0.000290261822388419,0,0,0,0,0,0,0,0,0,0.0988174059123172,0.000154314708001175,6.59177403719308e-05,0,0,0,0,0,0,0,0,0,0,0,0,0,0,0,0,0,0,0,0,0,0,0,0,0.00714984627722824,0,0.0842395223729653,0.0182783063917258,0.000360789384820325,0,0.000275758726402633,0,0.000349599429146636,0.00095182896241122,0.000129824622119613,0,0
0,0,0,0,0,0,0,0,0,0,0,0,0,0,0,0,0,0,0,0,0,0,0,0,0,0,0,0,0,0,0,0,6.19293435410659e-05,0.00686384295332642,0,2.58289262226635e-06,0.00492776480673918,0,0.00019384417317288,0,0,0,0,0,0,0,0,0.0650224891135398,0.000318898231608746,0.000116819112540467,0,0,0,0,0,0,0,0,0,0,0,0,0,0,0,0,0,0,0,0,0,0,0,0,4.81715362620075e-05,0.00806366354754907,0,0.0734053933518844,2.1474365738305e-06,0.0012858503063587,0,0.000358324564345367,0.000111639488218189,0,0,0,0
0,0,0,4.09072597026927e-05,0,0.000611917625762707,0,0,0,0,0,0.00138025562952841,0,0,0,0,1.85977377924809e-05,1.22774546473025e-05,0.000768520006610397,0.00465136273666085,0,0,0,0,0,0,0,0,0,0,0,0.00171796247712541,0,0.00489153496389862,2.58289262226635e-06,0,0.00196282851646647,0.00817407664220294,0,7.01911976091221e-05,0,0.000287674537110416,2.29057617552752e-06,2.56792719477016e-05,0,0.000923091560785099,2.06802184358897e-05,0.00234958819486917,8.66474412751635e-06,1.47618322043612e-06,3.22043500952801e-06,6.11317196843293e-05,0,0,0,0,0,0.000481427465828357,0,0,0,0,0.00390854560503877,9.5001388340904e-07,0,0,0,0,0,0,6.26162042075347e-06,0,2.83634795350255e-05,0,0.0020109349711057,8.77866604660278e-05,0.00131945716447285,0,0.0632194417475656,0.000189089164843364,0.00192964951749383,0,0.00384544351480971,0.000203852772036885,0.00146084302430388,0.000132534897400314,1.63421477106434e-06
3.54959614549007e-06,0,0,0,0.000226335677095964,0,0,0,1.06882032997681e-05,0,0,0,0,0,0,0,1.07847271739735e-05,3.75708655216031e-06,0.000176292806017708,0,0.00352507786870996,0,0,0,0,0,0,0,0,0,0,3.20547014234034e-05,0.00265698437141903,0,0.00492776480673918,0.00196282851646647,0,0,0.00552976799060318,9.88739909404198e-07,3.88922686205516e-05,4.88889072201951e-06,0.000143418777403362,0,0,1.7288402102374e-06,0.000291912185944905,0.000155056906159071,0.000175981685946784,0,0.000373737767000403,0,0,0,0,0,3.15154599121964e-05,0,0,0,0,0,0,0.00497137176086136,0,0,0,0,0,0,0,0,0,1.60184056353124e-05,9.97995464390079e-05,0.000419965173363521,0,0.000720318803000135,4.39754887789061e-05,0.0491002347629869,0,0.000794250965960119,0.00327081675991298,0.00418949322811056,0.00120746473542303,4.88287943933432e-06,3.51098424373177e-05
0,0,0,0,0,0,0,0,0,0.00212538493534973,0,0.00154358841147354,0,0,0,0,0,0,0,0.000279264457746891,0,0.00495280591203864,0,0.00718938045292525,0,0,0,0,0,0.000415022124216752,0,0,0,0.000290261822388419,0,0.00817407664220294,0,0,1.45897154021956e-05,0,0,5.58312953761176e-05,0,0,0,5.28550149964977e-05,0,0.0194562111899892,0,0.00442487196519908,0,0,0,0,0,0.00123449019963398,0,8.06311436999644e-05,0,0,0,0,0.000152914535881688,0,0.00196764973467439,0,0.0078630976086857,0,5.94957633539493e-06,0,0.000297147372031099,0,0.000643428150429319,0,0,0,0.000640332120889914,0,0.00229206898348982,0,0.0497942282317486,0,0.00243303727868548,0.000336114331009628,0.000315035741554472,8.59736726912521e-06,0
0,0,0,0,0,0,0,0,0.000855452953404039,0,0.00430877656525665,0,0,0,0,0,0,6.73288624786965e-07,0,0,0.00162480572699723,0,0.00267170260457251,0,0.00390811669546996,0,0,0,1.04317025987702e-05,0,0.000143839397687973,0,0,0,0.00019384417317288,0,0.00552976799060318,1.45897154021956e-05,0,0,0,0,4.17276728358171e-06,0,0,0,2.99638487928726e-05,0.000259293219652086,0.00858539694538923,0,0,0,0,0,7.76574201608439e-05,0,9.31311757261674e-05,0,0,0,0,0,0,0.000272250804874607,0,0.00216796694697629,0,0.00153185983069531,0,0,0,0.000770350022967445,0,0.000319926141477555,0,0,0,7.19986464957204e-05,0,0.00259806309861099,0,0.0381183160800759,0.000982668239453916,9.53061263769683e-05,0.00125497009950657,0,1.18289241661709e-05
0,0,0,0.00184265649727579,0,2.04822333903636e-05,0,0,2.26737643324545e-05,0,0,0,0,0,0,0,0.000937808482468314,0.000681421701198403,0.031361883265778,0,8.49096604749644e-06,4.07795848542884e-06,0,0,0,0,0,0,0,0,0,0,0,0,0,7.01911976091221e-05,9.88739909404198e-07,0,0,0,0.000161142360286887,0.108657780253894,0.00131691792532142,0.0015194209659958,0,0.0178443790438047,0.00169306113729556,0.000739375089224783,0,0.0257969850410903,0,0,0,0,0,0,4.26620659892641e-05,8.65294365094625e-05,0,0,0,0,0.00207968331487425,5.04460046600666e-05,0,0,2.37639306399906e-05,0,0,0,0.000126522780741639,0,0.00366334363531293,3.50417884953016e-05,0,0,0,0,0.00326108759459942,0.00029293088015235,0.00240142419992108,2.38531868662621e-05,0.00147844767130089,3.26147971565095e-05,0.038085112348558,0.0315518245838507,0.000200533623894287
0.000131751318376576,0,0,0,0.000641490733401181,0,0,0,0,0,0,0,0,0,0,0,0.000347353707934437,3.3239117684973e-06,0.00552585447458711,0,3.97958488583122e-05,0,0,0,0,0,0,0,0,0,0,0,0,0,0,0,3.88922686205516e-05,0,0,0.000161142360286887,0,0.000374122108563064,0.0156788708658642,0.000309402709178848,0,5.28252043448607e-05,0.00708654544124045,0.00276480359995805,0.00448994670515219,0,0.00081754832693776,0,0,0,0,0,0.000709926856898232,0,2.30282472979431e-05,0,0,0,0,0.00394547099091068,0,0,0,0,0,0,0,5.22230926867143e-05,0.000115146541369465,0.00109958730110535,0,0,0,0,2.02692601949491e-05,0.00405978389905044,1.85424020072349e-06,0.000807640651162193,0.000121496737200491,6.55611211744967e-06,0.0101421373300507,0.000272458939243297,0.0143494023241519
0,0.00472886018040973,0,0.00316198381141564,0,0.000834898330455954,0,0,1.00901466075142e-05,0.000251459898436141,0,0,0,0,0,0.00020317704870864,0.000406893228236869,0.000390648081427796,0.0213496618768141,0,0,1.72327535751175e-05,0,0,0,0,0,0,0,0,0,0,0,0,0,0.000287674537110416,4.88889072201951e-06,5.58312953761176e-05,0,0.108657780253894,0.000374122108563064,0,0.0137040570127533,0.000509959664644973,0,0.00950492013859434,0.000621111864298915,0.00110638779773351,9.50984783205901e-05,0.014094709318713,0,0.000154416382216713,0,0,0,0.000133133187915171,4.89170594456488e-06,0.00101719412420225,0,0,0,0.00144041502723073,0.00126688121918779,0.000190033201979923,4.29822026293388e-05,0,0,0,2.29765214581402e-05,0,0.00153730356273027,0,0.0216411267985441,0,0,0,0,0,0.01157933534692,0.000503834425627384,0.00771196519439275,0.000105335079748805,0.0068172584349548,3.29121494379391e-05,0.0637895434138109,0.062888697192233,0.000544562301490469
0.000687792446127435,0,0.000577966535148086,7.31898743918313e-05,0.00117645524286641,0,0,0,0,0,7.03937491777469e-06,0,0,0,0,0,0.000549203851632145,1.12321448656803e-05,0.0105429526053445,0,0.000346869152220989,0,0,0,2.48043731622283e-05,0,0,0,0,0,0,0,0,0,0,2.29057617552752e-06,0.000143418777403362,0,4.17276728358171e-06,0.00131691792532142,0.0156788708658642,0.0137040570127533,0,0,0,0.000203677916138478,0.0405771975132634,0.00250566340425166,0.0163193738520717,5.88701189086346e-05,0.000352936302376936,0,0,0,0.000143226865886676,0,0.0119769242909154,0,3.08513391183701e-05,0,0,0,5.96349037635139e-06,0.0116609946285141,0,0,0,2.5842389403171e-05,0,0,0,0.00109365212542923,6.5658754410845e-05,0.0382941890129005,0,0,0,1.56451276781979e-05,0.00013107255890808,0.0169158732066521,0.000110541200913068,0.00401800780327544,0.00201577494505498,4.89768756971854e-05,0.0739490563725322,0.000576858014947289,0.0391169068328031
0,0,0,0,0,0,0,0,0,0,0,0,0,0,0,0,0,0,0.000797251532024514,0,0,0,0,0,0,0,0,0,0,0,0,0,0,0,0,2.56792719477016e-05,0,0,0,0.0015194209659958,0.000309402709178848,0.000509959664644973,0,0,0,0.000285222926146536,5.56680322085206e-05,0,0,3.3666651948226e-05,0,0,0,0,0,0,0,0,0,0,0,0,0,0,0,0,0,0,0,0,0,0,0.000313351488513648,0,0,0,0,0,0.000211432199625177,9.90370056612404e-07,0.000412863110196496,0,2.20322589680401e-05,0,0.000581355970411237,0,0
0,0,0,0,0,0,0,0,0,0,0,0,0,0,0,0,0,0,0.000534647636307459,0,0,0,0,0,0,0,0,0,0,0,0,0,0,0,0,0,0,0,0,0,0,0,0,0,0,0,1.86687157150256e-05,0,0,0,0,0,0,0,0,0,0,0,0,0,0,0,0,0,0,0,0,0,0,0,0,0,0,0,0,0,0,0,0,0,0,0,1.53799569261059e-05,0,0.000170868182257816,0,0
2.09333766306372e-05,0,0,0.000451290289114082,0,7.5253521720708e-05,0,0,2.13851056976136e-05,0,0,0,0,0,0,0,0.000461683442666071,0.000390435275971748,0.0105614022102889,0.000417854734137124,0,0,0,0,0,0,0,0,0,0,0,0,0,0,0,0.000923091560785099,1.7288402102374e-06,5.28550149964977e-05,0,0.0178443790438047,5.28252043448607e-05,0.00950492013859434,0.000203677916138478,0.000285222926146536,0,0,0.000643408902269125,0.000298778492250174,0,0.00113632540855421,0,2.8024526383599e-05,0,0,0,0,1.61498122607564e-05,1.28296287772592e-05,0,0,0,0,0.0529664347993264,3.32163381804243e-05,0,0,0,0,2.98205171731024e-05,0,8.71179219332219e-05,1.05850441427522e-05,0.00695104418502355,9.05709313760982e-05,0,0,0,0,0.0146250670802046,0.000196310124135865,0.0185257465495782,2.439732385281e-05,0.000795231010553155,9.60798912935099e-06,0.0197646739753209,0.000972151927746604,0.000228830041032788
0.000126938986334427,0,0.000343070064843639,6.50211902008624e-05,0.00140307819637666,0,0,0,0.000194232940605157,0,8.45235333588109e-05,0,0,0,0,0,0.00114270112526412,0.000143503372070367,0.0178859031456977,0,0.0014352054611169,0,0,0,0,0,0,0,0,0,0,0,0,0,0,2.06802184358897e-05,0.000291912185944905,0,2.99638487928726e-05,0.00169306113729556,0.00708654544124045,0.000621111864298915,0.0405771975132634,5.56680322085206e-05,1.86687157150256e-05,0.000643408902269125,0,0.000178817501372703,0.00362754631271252,0,0.000311619239478393,0,0,0,9.72963054219093e-05,0,0.00154448638772687,0,5.70173516191735e-05,0,0,0,3.03565127841143e-05,0.0209947573026222,0,0,0,0,0,0,0,0.000185240522499877,0.000435234173909178,0.00436907792270224,0,0,0,0,0.000256052827501982,0.0154581963160303,0.000129190055184293,0.00206615682823642,0.00113708475071197,0.000184556916440806,0.0220194575916842,0.000769232094512872,0.0014707626446016
0,0,0,0.000335149528892932,0.000146191838807175,0.000243086229051552,0,0,0.000128181207437628,0,0,0,0,0,0,0,0,0,0,0,0,0,0,0,0,0,0,0,0,0,0,0.0878722186818615,0.0332647966605692,0.0988174059123172,0.0650224891135398,0.00234958819486917,0.000155056906159071,0.0194562111899892,0.000259293219652086,0.000739375089224783,0.00276480359995805,0.00110638779773351,0.00250566340425166,0,0,0.000298778492250174,0.000178817501372703,0,0.159530004483853,0.0696309757030476,0.0002456434444454,0,0,0,0,0,0.000257871101664872,0,0.000162189045024996,0,0,0,0,0.000353157409440641,0,0,0,0,0,0,4.45598759862831e-05,0,0.000307830174252083,6.96867697763111e-05,0.109132437940751,0.102128928007068,0.00408260618374689,0.0322199297663979,0.020331602010541,0.0312391871006055,0.000105746087740407,0.000205367442767382,0.00470653833267679,0.000138408158178735,0.0283762973706068,0,0
0.0101760222937936,0,0.00362865892082133,0,0.00186141116606533,0,0,0,0.000218692588694242,0,0,0,0,0,0,0,0,0,3.4607399652212e-05,0,0.000104507519971764,0,0.000542342358807504,0,0.00581209097646384,0,0,0,0,0,0,0.000820437907504963,5.41523425056736e-05,0.000154314708001175,0.000318898231608746,8.66474412751635e-06,0.000175981685946784,0,0.00858539694538923,0,0.00448994670515219,9.50984783205901e-05,0.0163193738520717,0,0,0,0.00362754631271252,0.159530004483853,0,0.00112742736997814,0.00188374313553618,0,0,0,0.00139470419880877,0,0.00590366683308092,0,0.00122744697258658,0,0.00412633994190378,0,0,0.00418064134682203,0,0.00263202857097541,0,0.0199840360817197,0,0.00435874469884683,0,0.010879052901417,0,0.00479210279673611,0.000543722563310488,0.00226107729880546,9.65355576001254e-05,0.00177967748921357,1.29035676093845e-05,0.0150973603439785,0,0.012113438466839,0.00414103706188198,0,0.03577795111459,0,6.1932593126912e-05
0,0.0106868430532731,0,0.0182296441017504,0,0.000450008561455079,0,0,0,0.000479611987181935,0,0,0,4.84311168215902e-05,0,0.000514185187015722,1.350472988229e-05,1.46370260785128e-05,0.000847462742116827,0,0,0.0104956672050861,0,0.0024237869111034,0,0.000270577711938538,0,0,0,0,0,6.4518542953175e-05,0,6.59177403719308e-05,0.000116819112540467,1.47618322043612e-06,0,0.00442487196519908,0,0.0257969850410903,0,0.014094709318713,5.88701189086346e-05,3.3666651948226e-05,0,0.00113632540855421,0,0.0696309757030476,0.00112742736997814,0,0,0.000151706854049289,0,0,0,0.00213258554969219,1.2389664331376e-05,0.00264702861305897,0,0.00587832497135531,0,0.00782648297845459,0.000802338251018582,0,0.00884609226223978,0,0.0127522481332053,0,0.0225053007384442,0,0.0092776694939173,0,0.0226763309243087,0,0.000212014798033856,0,0.000322639418178086,4.52460308559544e-05,0.00151948037536984,4.75694357734588e-05,0.00636909097730904,0,0.000998602681636113,3.05306125556446e-05,0.0306833633785219,0.0018542412369269,0
0,0,0.00125770822073056,0,0.0952993213100679,0,0.00181853435457469,0,0.00720242043439376,0,0,0,0,0,0.000525054562328472,0,0,0,0,0,0.0188688481845189,0,0,0,0,0,0,0,0,0,0,0,0,0,0,3.22043500952801e-06,0.000373737767000403,0,0,0,0.00081754832693776,0,0.000352936302376936,0,0,0,0.000311619239478393,0.0002456434444454,0.00188374313553618,0,0,0,0.00735992689131226,0,0,0,0.00123717072756019,0,0.00231377456714773,0,0.000868127668407039,0,0,0.0218299574554431,0,0,0,0,0,0,0,0,0,0.000538727427201631,0,0,0,0,0,0.000586441889695103,0,2.87999396156077e-05,0.000336116739379652,0,0.0056892323539015,0,0
0,0,0,0.0514430813803964,0,0.0399860289049094,0,0,0,0,0,3.05808673069508e-05,0,0,0,0,0,0,0,0.000113123303520883,0,0,0,0,0,0,0,0,0,0,0,0,0,0,0,6.11317196843293e-05,0,0,0,0,0,0.000154416382216713,0,0,0,2.8024526383599e-05,0,0,0,0.000151706854049289,0,0,0,0,0,0,0,0.00104685135085471,0,0.00676953131314295,0,0.000910960149831759,0.00020206952373518,0,0,0,0,0,0,0,0,0,0,0,0,0,0,0,0.000360447670417768,0,0,0,2.04855057266283e-05,0,0.003444667760702,0,0
0,0,0,0,0.00108171696157551,0,0.0384241594710535,0,0,0,0.00677153647274655,0,0.000554030534512251,0,0,0,0,0,0,0,0.000680817634403126,0,0,0,0,0,0,0,0,0,0,0,0,0,0,0,0,0,0,0,0,0,0,0,0,0,0,0,0,0,0.00735992689131226,0,0,0,0,0,0.00402448237719405,0,0.00463179402131786,0,0,0,0,0.000302921435763161,0,0,0,0,0,0,0,0,0,0,0,0,0,0,0,0,0,0,0.000354179661087929,0,0,0,0
0,0,0,0,0,0,0,0.00690777931821585,0,0,0,0,0,0,0,0,0,0,0,0,0,0,0,0,0,0,0,0,0,0,0,0,0,0,0,0,0,0,0,0,0,0,0,0,0,0,0,0,0,0,0,0,0,0,0,0,0,0,0,0.0026567311712019,0,0,0,0,0,0,0,0,0,0,0,0,0,0,0,0,0,0,0,0,0,0,2.4377907266171e-06,0,0,0,0
0.041043932353698,0,0.00471376261002361,0,0.00702209941251075,0,0,0,0.209008417029107,0,0,0,0,0,0.0012647977422268,0,0,0,0,0,0,0,0,0,0.021946593928653,0,0,0,0,0,0,0,0,0,0,0,0,0,7.76574201608439e-05,0,0,0,0.000143226865886676,0,0,0,9.72963054219093e-05,0,0.00139470419880877,0,0,0,0,0,0,0,0.00134807850790149,0,0.000460604494653713,0,0.0367004411635589,0,0,0,0,0,0,0.0959187646375974,0,0.00288166499654668,0,0,0,0.000246580603149565,0,0,0,0,0,1.89335566431559e-06,0,0.00230980430898984,0.000136035854773074,0,0.00186075450101647,0,0.000230517514962743
0,0.0170541171901449,0,0.123050379759018,0,0,0,0,0,0.0686848704342632,0,0,0,0,0,0.03882658486358,0,0,0,0,0,0,0,0.0136731511150038,0,0.000150670486618765,0,0,0,0,0,0,0,0,0,0,0,0.00123449019963398,0,0,0,0.000133133187915171,0,0,0,0,0,0,0,0.00213258554969219,0,0,0,0,0,0,0,0,0,0,0,0.021039972565725,0,0,0,0,0.0787482384410992,0,0,0,0,0,0,0,0,0,0,0,0,0,0.00176837299565645,0,7.71179709389795e-05,0,0.00157328797060424,0,0
0.00059659708683583,0,0.000292399453506366,0,0.00144629449378153,0,0,0,0.00147126371922324,0,0.0598919323714241,0,0.00301783252397644,0,0.000529434328030683,0,0,0,0.000314327961099249,0,0.0132502626774421,0,0,0,0,0,0,0,1.25133900647304e-05,0,0.00179037387367724,0,0,0,0,0,3.15154599121964e-05,0,9.31311757261674e-05,4.26620659892641e-05,0.000709926856898232,4.89170594456488e-06,0.0119769242909154,0,0,1.61498122607564e-05,0.00154448638772687,0.000257871101664872,0.00590366683308092,1.2389664331376e-05,0.00123717072756019,0,0.00402448237719405,0,0.00134807850790149,0,0,0,0.0102500720790561,0,0.0133583217505439,0,0,0.0573337327588992,0,0,0,0,0,0.00026821445355841,0,0.0347128247516763,0,0.0677827432438056,0,0,0,0,3.53725747150908e-06,0.000225933918373836,0,0.000858728207699608,0.000128969804402486,0,0.0340432870523189,0,0.00473817564458361
0,0,0,0.00339270296279897,0,0.000291323519255234,0,0,0,0,0,0.0418761714461397,0,0.000619688087659517,0,0,0,0,0,0.000211864310094872,0,1.32033396579702e-05,0,0.00106604540656877,0,7.34812733382932e-05,0,0,0,0.000610157270188516,0,0,0,0,0,0.000481427465828357,0,8.06311436999644e-05,0,8.65294365094625e-05,0,0.00101719412420225,0,0,0,1.28296287772592e-05,0,0,0,0.00264702861305897,0,0.00104685135085471,0,0,0,0,0,0,0,0.0161230637274138,0,0.00250316335241024,0.000143566119869648,0,0.000105061687996489,0,0.00172956003310832,0,0.00436916137874881,0,0.0117018329198026,0,0.0653837622020562,0,0,0,0,0,2.27965504449953e-05,0,0.00123095489837641,0,2.86976459069992e-05,0,0.00429659217093593,0,0
0,0,0.000314433263225042,0,0.00351438374718114,0,0,0,0.00104209123282686,0,0,0,0.0144279534828417,0,0.000774170656125736,0,0,0,0,0,0,0,0,0,0,0,0,0,0.00133632426699316,0,0,0,0,0,0,0,0,0,0,0,2.30282472979431e-05,0,3.08513391183701e-05,0,0,0,5.70173516191735e-05,0.000162189045024996,0.00122744697258658,0,0.00231377456714773,0,0.00463179402131786,0,0.000460604494653713,0,0.0102500720790561,0,0,0,0.00281595641828075,0,0,0.000222920877500169,0,0,0,0,0,0.00110122387267313,0,0.0132442950554111,0,3.33586951239539e-05,0,0,0,0,0,0,0,1.50343707230771e-05,0.000132900133348754,0,0.0027813333682154,0,0
0,3.82589468014552e-05,0,0.00214785779586299,0,0,0,0.00446339025295396,0,0,0,0,0,0.0305696155089656,0,0.000388034217343887,0,0,0,0,0,2.98110889461494e-05,0,0.000665977286813926,0,0.0011286474116072,0,0.00136524900630228,0,0,0,0,0,0,0,0,0,0,0,0,0,0,0,0,0,0,0,0,0,0.00587832497135531,0,0.00676953131314295,0,0.0026567311712019,0,0,0,0.0161230637274138,0,0,0,0.0113628895093762,0,0,5.94915540674769e-05,0,0.00116960547847822,0,0.0132756369036567,0,0.0227321641557384,0,1.35989027865273e-05,0,0,0,0,0,0,0,0,0,0,0,5.57909051898872e-05,0,0
0.00382722304825388,0,0,0,0.000508050801601205,0,0,0,0.0049823927577227,0,0,0,0.00300574321576358,0,0.0242201644178378,0,0.00623229923404961,0.000169365750052658,6.62391320836141e-05,0,0,0,8.24253585930722e-06,0,5.29301089160323e-05,0,0.00247396739767348,0,0,0,0,0,0,0,0,0,0,0,0,0,0,0,0,0,0,0,0,0,0.00412633994190378,0,0.000868127668407039,0,0,0,0.0367004411635589,0,0.0133583217505439,0,0.00281595641828075,0,0,0,0,2.55286429199915e-05,0,0,0,0.0054384615443124,0,0.00353440802233657,0,0.000176941451922863,0,0,0,0,0,0,0,0,0,0,0.00024171805951126,9.91349525124906e-05,0.00178400397061172,0,0
0,0.00489055985815165,0,0.0170829881889719,0,0,0,0,0,0,0,0,0,0.000546153257696428,0,0.0185348933427249,0,0.00078946557845861,0,0,0,0,0,0.000511699869472249,0,0.000369747990986429,0,1.69483450452895e-05,0,0,0,0,0,0,0,0,0,0,0,0,0,0.00144041502723073,0,0,0,0,0,0,0,0.00782648297845459,0,0.000910960149831759,0,0,0,0.021039972565725,0,0.00250316335241024,0,0.0113628895093762,0,0,0,0,1.57329881712732e-05,0,0.0236520654249002,0,0.0263416006238908,0,5.20419550238257e-05,0,0,0,0,0,0,0,0,0,0,0,1.30547656118083e-05,0,0.00213667823038039,3.91551740174195e-05,0
0,0,0,3.22533714563686e-05,0,0.000787496935969629,0,0,0,0,0,0.00193660204562948,0,0,0,0,2.48173063234933e-06,3.47780785958434e-06,0.000186956882991427,0.126508463558952,0,0,0,0,0,0,0,0,0,0,0,0,0,0,0,0.00390854560503877,0,0.000152914535881688,0,0.00207968331487425,0,0.00126688121918779,5.96349037635139e-06,0,0,0.0529664347993264,3.03565127841143e-05,0,0,0.000802338251018582,0,0.00020206952373518,0,0,0,0,0,0.000143566119869648,0,0,0,0,0,0,2.43479591704359e-05,0,5.10304805282445e-05,0,4.50845936353578e-05,0,0.00130595516323554,0,0.018475020582901,0,0,0,0,0,0.0196672727237422,0,0.0042511358808091,0,0.000770648954614176,0,0.0218214649580365,8.89843434455232e-05,0
0,0,0.000111363371965434,4.6949448953277e-05,0.00664447895598146,0,6.04523426391986e-05,0,0.000121558132351769,0,0.00485707616388395,0,0,0,0,0,0.000177845732466452,1.51606052007002e-05,0.0031656206506933,0,0.0910608284024556,0,0,0,0,0,0,0,0,0,0,0,0,0,0,9.5001388340904e-07,0.00497137176086136,0,0.000272250804874607,5.04460046600666e-05,0.00394547099091068,0.000190033201979923,0.0116609946285141,0,0,3.32163381804243e-05,0.0209947573026222,0.000353157409440641,0.00418064134682203,0,0.0218299574554431,0,0.000302921435763161,0,0,0,0.0573337327588992,0,0.000222920877500169,0,2.55286429199915e-05,0,0,0,0,0,0,0,0,0,0,0.00253024922326684,2.16177231961491e-05,0.0445695727869078,0,0,0,0,2.71164244595229e-05,0.0268154538189362,2.17583470215778e-05,0.00945639867119134,0.000587830442445227,2.61750717717675e-05,0.0193647684107997,0.000399576972711165,0.00529003767574146
0,0,0,0,0,0,0,0,0,0,0,0,0,0,0,0,0,0,0,0,0,0.0450366482209265,0,0.00145286927827225,0,8.78464485001673e-05,0,0,0,0,0,0,0,0,0,0,0,0.00196764973467439,0,0,0,4.29822026293388e-05,0,0,0,0,0,0,0,0.00884609226223978,0,0,0,0,0,0,0,0.000105061687996489,0,5.94915540674769e-05,0,1.57329881712732e-05,2.43479591704359e-05,0,0,0,0.013881973411043,0,0.00310615541614999,0,0.000856109857228859,0,6.73149944186446e-05,0,0,0,0,0,0,0,0.00440800473097439,0,0.000203066852395754,1.66970609121513e-05,0.000360601207599651,0,0
0,0,0,0,0,0,0,0,0,0,0,0,0,0,0,0,0,0,0,0,0,0,0.0571708973435802,0,0.000852513819918365,0,0,0,0.00071861328583937,0,0,0,0,0,0,0,0,0,0.00216796694697629,0,0,0,0,0,0,0,0,0,0.00263202857097541,0,0,0,0,0,0,0,0,0,0,0,0,0,0,0,0,0,0,0.0101726692422644,0,0.000545222861950337,0,0.00303276186369455,0,0,0,0,0,0,0,0,0,0.00506788189263778,0.000137070255922089,0,0,0,0
0,0.000505502837230575,0,0,0,0,0,0,0,0.00399397621264115,0,0,0,0,0,0.0033616130364499,0,0.000984844519181932,0,0,0,0.00256651455275544,0,0.140869846289623,0,0.0391311182243682,0,0,0,0,0,0,0,0,0,0,0,0.0078630976086857,0,2.37639306399906e-05,0,0,0,0,0,0,0,0,0,0.0127522481332053,0,0,0,0,0,0.0787482384410992,0,0.00172956003310832,0,0.00116960547847822,0,0.0236520654249002,5.10304805282445e-05,0,0.013881973411043,0,0,0,0.0465270898906222,0,0.00216979198734412,0,0,0,0,0,0,0,0,0,0.00482288393986263,0,0.000348197630445839,0,0.00496578986108494,0,0
0.00211572292532246,0,0,0,0,0,0,0,0.00604236444744259,0,0,0,0,0,0,0,0,0,0,0,0,0,0.00412923915833091,0,0.0768308118780428,0,0.00110806500537929,0,0,0,0,0,0,0,0,0,0,0,0.00153185983069531,0,0,0,2.5842389403171e-05,0,0,0,0,0,0.0199840360817197,0,0,0,0,0,0.0959187646375974,0,0,0,0,0,0.0054384615443124,0,0,0,0,0.0101726692422644,0,0,0,0.0181039132915971,0,0.00074862597881964,0,0,0,0,0,0,0,0,0,0.00590460134338466,9.42646800217511e-05,0,0.00464910627390088,0,0.00408268957446212
0,0,0,0,0,0,0,0,0,0,0,0,0,2.90739704966129e-05,0,0.00041726844306253,0,0.00123355927670299,0,0,0,0.000566538497512255,0,0.0471015470601036,0,0.0768847077282302,0,0.000110990040528711,0,0,0,0,0,0,0,0,0,5.94957633539493e-06,0,0,0,2.29765214581402e-05,0,0,0,2.98205171731024e-05,0,0,0,0.0225053007384442,0,0,0,0,0,0,0,0.00436916137874881,0,0.0132756369036567,0,0.0263416006238908,4.50845936353578e-05,0,0.00310615541614999,0,0.0465270898906222,0,0,0,0.00843190469822853,0,5.19025003812229e-05,0,0,0,0,0,0,0,5.3840043897352e-06,0,0.000287589357938661,0,0.00233566589865439,0,0
