0,0,39.6128612756729,0,0,0,0,0,705.327103286982,0,0,0,0,0,0,0,0,2.77953268587589,13.1669162362814,0,0,0,0,0,0,0,0,0,0,0,0,0,0,0,0,0,0,0,0.559667587280273,0,0.47627991437912,1.49953871965408,365.963133126497,0,1.81759715080261,0,11.3924027681351,13.0114683806896,75.143588244915,6.31339749693871,0,0,0,0,198.361394107342,0,0,0.402205765247345,0,0,0,0,0,0,0,0,0,0,0,0,0,0,0,6.09948816895485,0,0,0.319555550813675,0,0,34.2128308415413,1.26154862344265,4.52668698132038,50.6042027026415,1.12864845991135,298.649324133992,0,11.5636815279722
0,0,0,322.278927013278,0,0,0,0,0,632.323099881411,0,0,0,0,0,0,5.1859345883131,4.00631839036942,31.7763129472733,0,0,0,0,3.97522802650928,0,0,0,0,0,0,0,0,0,0,0,0.7052301466465,0,0.270072042942047,0.224963873624802,0.329598546028137,0,120.412025511265,0.678795292973518,0,0,8.19181936979294,0,3.56100210547447,0.438152477145195,397.906535938382,0,0,0,0,0,147.926683008671,0,0,0,0,0,104.462834134698,0,0,0,0,1.79770900309086,0,0,0,0,0,12.6149843484163,0,0,0,0,0,46.8899636864662,0,4.8167097568512,0.220181539654732,291.000590711832,0,571.49635605514,2.84594821929932,0
39.6128612756729,0,0,0,10.5771170854568,0,0,0,114.163417756557,0,0,0,0,0,0,0,0.656697079539299,0.900491669774055,18.7744466736913,0,0,0,0,0,0,0,0,0,0,0,0,0,1.79311141371727,0,0,0,2.09131197631359,0,1.50500126183033,0.0943174958229065,54.8704198300838,1.06984925270081,276.592494174838,0,0.376031279563904,0.271746635437012,321.372066229582,13.158901527524,149.394786849618,13.3200740814209,20.4270666688681,0,0,0,470.951740026474,0,67.1326881051064,0,48.2902720421553,0,1.29166194796562,0,0,16.6631005257368,0,0,0,0,0,0,0,0,0,45.6886810362339,0,0,0,0,1.9180645942688,266.236120775342,1.58112201094627,67.6006024703383,106.301060281694,7.83041977882385,776.283079691231,0.268369019031525,11.611560344696
0,322.278927013278,0,0,0,101.089964002371,0,0,0,49.6472375392914,0,0,0,0,0,0,0.216919839382172,1.88280016183853,20.5458771139383,167.134315252304,0,0,0,0,0,0,0,0,0,0,0,0,0,0,0,0.530329331755638,0,0,0,47.7531901746988,0,142.187255330384,0,1.03453063964844,0,123.080609895289,0,7.88926024734974,0.296793133020401,120.462644062936,0,0,0,0,0,19.4466612040997,0,99.7775362432003,0,24.4626060426235,0,2.80775806307793,20.4677757024765,0,0,0,0,0,0,0,0,0,5.78129148483276,0,0,0,0,0,36.4340517222881,1.28077530860901,14.0850505828857,0,45.0484005957842,0,1585.07513016462,0,0
0,0,10.5771170854568,0,0,0,0,0,52.7899060249329,0,0,0,0,0,0,0,0,0,0.733511552214622,0,106.383347839117,0,0,0,0,0,0,0,0,0,0,0,0,0,0,0,91.2807310521603,0,0,0,22.0463057905436,0,79.467464491725,0,0,0,88.8695012256503,30.5191259533167,97.4088134914637,23.2197673916817,164.366125077009,0,0,0,62.7230593562126,0,1.06945219635963,0,0,0,0,0,0,361.281394571066,0,0,0,0,0,0,0,0,0,0,0,0,0,1.34919047355652,0,428.722443513572,0,1.38611933588982,460.714363873005,28.4163345098495,1076.95753802359,0,0.162190943956375
0,0,0,101.089964002371,0,0,0,0,0,0,0,1.77854824066162,0,0,0,0,0,0.170793130993843,2.08753168582916,282.484660327435,0,0,0,0,0,0,0,0,0,0,0,0,0,0,0,16.070980489254,0,0,0,9.25516492128372,0,11.9101486802101,0,0,0,119.461694911122,0,9.57605001330376,0,13.9497813433409,0,0.791275382041931,0,0,0,61.5321564674377,0,43.080414056778,0,6.02628302574158,0,0,257.588511794806,0,0,0,0,0,0,0,0,0,5.83428382873535,0,0,0,0,0,18.0678428709507,0,3.30371534824371,0,80.6761890649796,115.763166546822,838.549090787768,0,0
0,0,0,0,0,0,0,0,0,0,3.6385440826416,0,112.24415230751,0,0,0,0,0,0,0,0,0,0,0,0,0,0,0,0,0,0,0,0,0,0,0,0,0,0,0,0,0,0,0,0,0,0,0,0,0,0,0,0,0,0,0,0,0,14.5791485309601,0,0,0,0,0,0,0,0,0,0,0,0,0,0,0,0,0,0,0,0,0,0,0,0,0,0,0,0
0,0,0,0,0,0,0,0,0,0,0,0,0,0,0,0,0,0,0,0,0,0,0,0,0,0,0,0,0,0,0,0,0,0,0,0,0,0,0,0,0,0,0,0,0,0,0,0,0,0,0,0,0,1,0,0,0,0,0,6.54441475868225,0,0,0,0,0,0,0,0,0,0,0,0,0,0,0,0,0,0,0,0,0,0,0,0,0,0,0
705.327103286982,0,114.163417756557,0,52.7899060249329,0,0,0,0,0,0,0,0,0,7,0,0,0,53.2815115451813,0,0,0,0,0,54.5597270131111,0,0,0,0,0,0,0,0,0,0,0,0,0,178.074333101511,0,0,0.275483042001724,75.4669797122478,0,0,0,0,0,0,0,2.33554866909981,0,0,0,464.494007319212,0,0,0,0,0,9.60830497741699,0,0,0,0,0,0,37.3202030062675,0,0,0,0,0,0,0,0,0,0,0,0,0,146.865795820951,772.391349866986,54.3919236660004,294.749294161797,0,6.08885273337364
0,632.323099881411,0,49.6472375392914,0,0,0,0,0,0,0,0,0,8.10668134689331,0,164.24203941226,210.221339553595,755.552320122719,177.295099973679,0,0,1.34569615125656,0,103.614194825292,0,114.435832351446,0,3.97568635642529,0,0,0,0,0,0,0,0,0,141.580647945404,0,0,0.595914155244827,47.0587766468525,0,0,0,0,2.61333727836609,0,0,29.619158744812,0,0,0,0,0,628.8353125453,0,0,0,3.76275905966759,0,224.225993916392,0,0,0,0,6.19451527297497,0,15.213014036417,0,3.00513043999672,0,0,0,0,0,0,0,6.0443307980895,2.2472363114357,8.24288672208786,0,588.816413879395,0,191.052146822214,5.37687009572983,0
0,0,0,0,0,0,3.6385440826416,0,0,0,0,0,0,0,0,0,0,0,0,0,656.306373506784,0,0,0,0,0,0,0,0,0,0,0,0,0,0,0,3.82219767570496,0,1693.66442444921,0,0,0,0,0,0,0,0.411171555519104,0,0,0,0,0,0,0,0,0,779.870307087898,0,0,0,0,0,0,104.774996101856,0,0,0,0,0,0,0,0,0,0,0,0,0,0,0,0,0,0,698.141180217266,0,7.71001255512238,0,0
0,0,0,0,0,1.77854824066162,0,0,0,0,0,0,0,0,0,0,0,0,0,391.37439160049,0,0,0,0,0,0,0,0,0,16.3631839752197,0,0,0,0,0,174.475623190403,0,291.485419362783,0,0.268377810716629,0,0.261563271284103,0,0,0,0,0,0,0,0,0,0,0,0,0,0,0,281.697119340301,0,7.03689098358154,0,0,12.350009188056,0,0,0,0,0,0,0,0,0,28.0747213959694,0,0,0,0,0,281.60534696281,0,327.169979944825,0,262.469729363918,0,39.2269932329655,0,0
0,0,0,0,0,0,112.24415230751,0,0,0,0,0,0,0,338.743235290051,0,0,0,0,0,0,0,0,0,0,0,0,0,0,0,0,0,0,0,0,0,0,0,0,0,0,0,0,0,0,0,0,0,0,0,2.72697067260742,0,0,0,2.46426331996918,0,0,0,312.004737257957,0,92.437452673912,0,0,0,0,0,0,0,0,0,0,0,0,0,0,0,0,0,0,0,0,0,127.156603753567,0,0,0,0
0,0,0,0,0,0,0,0,0,8.10668134689331,0,0,0,0,0,353.749873518944,0,13.3200792819262,0,0,0,0,0,0,0,3.23170405626297,0,4.53551505506039,0,0,0,0,0,0,0,0,0,0,0,0,0,0,0,0,0,0,0,0,0,0,0,0,0,0,0,0,0,0,0,1828.97596675158,0,116.570042848587,0,0,0,0,0,0,0,0,4.43773424625397,0,0,0,0,0,0,0,0,0,0,0,193.381548285484,3,0,0,0
0,0,0,0,0,0,0,0,7,0,0,0,338.743235290051,0,0,0,0,0,0,0,0,0,0,0,0,0,0,0,0,0,0,0,0,0,0,0,0,0,0,0,0,0,0,0,0,0,0,0,0,0,0.92684805393219,0,0,0,1,0,0.566141486167908,0,353.888937711716,0,165.716552376747,0,0,0,0,0,0,0,0,0,0,0,0,0,0,0,0,0,0,0,0,0,43.3993293046951,0,0,0,0
0,0,0,0,0,0,0,0,0,164.24203941226,0,0,0,353.749873518944,0,0,0.641381442546844,139.186933025718,0,0,0,0,0,4.27101637423038,0,44.0948356091976,0,0,0,0,0,0,0,0,0,0,0,0,0,0,0,0,0,0,0,0,0,0,0,0,0,0,0,0,0,72.4834603518248,0,0,0,876.158434271812,0,127.653329074383,0,0,0,0,0.23772905766964,0,0,0,0,0,0,0,0,0,0,0,0,0,0,0,115.629748463631,0,1.21514894068241,0,0
0,5.1859345883131,0.656697079539299,0.216919839382172,0,0,0,0,0,210.221339553595,0,0,0,0,0,0.641381442546844,0,21869.9082699269,7637.72929958999,0,0,23.8747683167458,54.6457841098309,191.925842940807,7,340.216677203774,41.5281381607056,27.5561012923717,0,0,0,0,0,0,0,0.643853172659874,0.195222184062004,0,0.917234778404236,34.227522008121,54.985600322485,59.2697116881609,98.0996736884117,3.66795656085014,2.77952773869038,63.0843618735671,39.3354889899492,0,1.53747932612896,0.187303945422173,0,0,0,0,0,0,0.892116189002991,0.863794311881065,0,21.186221331358,0,19.1080958247185,13.405001744628,10.2781890630722,8.55951824784279,0,14.7182025313377,0,70.1515953540802,3,35.8171943575144,0,1.46047374606133,4.78191502392292,0,0,0,0,255.56894659251,220.968775592744,43.9679245203733,36.044114202261,15912.0134144574,128.453393027186,108.183522127569,10.0902625620365,10.6948784142733
2.77953268587589,4.00631839036942,0.900491669774055,1.88280016183853,0,0.170793130993843,0,0,0,755.552320122719,0,0,0,13.3200792819262,0,139.186933025718,21869.9082699269,0,5532.35298937559,0,0,128.765219062567,0,781.313582763076,0,2471.97991941869,0,253.873859219253,0,0,0,0,0,0,0,1.35675019025803,0.336639195680618,0,0,70.6126338988543,75.9540567398071,144.185738064349,56.0797507688403,8.23066295683384,5.05788451433182,98.3380025178194,51.022404640913,0,0,0.174977153539658,0.236046984791756,0,0,0,0,13.3891209959984,2.55099630355835,2.63455867767334,0,405.648093223572,0,153.648179411888,18.0347626879811,17.6715892851353,51.01425537467,0,25.4760353565216,0,274.288851872087,0,325.990454494953,0,6.63176575303078,3.70542979240417,0,0,0,0,467.242054864764,281.713878639042,140.751170761883,26.311389669776,17286.2723968029,631.055193796754,140.718455292284,43.2981024160981,4.46849742531776
13.1669162362814,31.7763129472733,18.7744466736913,20.5458771139383,0.733511552214622,2.08753168582916,0,0,53.2815115451813,177.295099973679,0,0,0,0,0,0,7637.72929958999,5532.35298937559,0,0,0,2.66883456707001,0.554729819297791,24.8722413480282,0,52.1351507306099,0,2.13585478067398,0,0,0,0,0,0,0,11.8547243997455,10.9721792340279,3.47324565052986,2.79436177015305,608.304026983678,905.920700773597,1122.44730906188,972.730034418404,305.941535413265,148.803992107511,777.678298465908,514.902152836323,1.2066463753581,15.3804167211056,26.9631571471691,0.153741329908371,0,0,0,1.8147477209568,0,14.3458164334297,27.2556071132421,0,4.68064796924591,0,9.41294106841087,195.290868215263,165.518438011408,3.24041709303856,0,0.945825815200806,0,8.65311932563782,0,5.60241550207138,0,30.5234756693244,107.864570736885,0,0,0,0,3781.64558588713,3365.80320592225,1080.22896267474,734.879788056016,6770.28400194645,39.0911432802677,2046.39847426862,294.903359234333,197.319255828857
0,0,0,167.134315252304,0,282.484660327435,0,0,0,0,0,391.37439160049,0,0,0,0,0,0,0,0,0,0,0,0,0,0,0,0,0,1.55427357554436,0,0,0,0,0,840.350948691368,0,27.5227310061455,0,0,0,0,0,0,0,3.15105338394642,0,0,0,0.774896502494812,0,0,0,0,0,0,0,251.464468106627,0,0,0,0,879.43920995295,0,0,0,0,0,0,0,0,0,110.73177665472,0,0,0,0,0,1299.23008054495,0,311.421044126153,0,302.893036961555,10.8712451457977,141.089416354895,0,0
0,0,0,0,106.383347839117,0,0,0,0,0,656.306373506784,0,0,0,0,0,0,0,0,0,0,0,0,0,0,0,0,0,0,0,0,0,0,0,0,0,1993.15434014797,0,82.1882411241531,0,0,0,0,0,0,0,13.5393460690975,0,0,0,0,0,0,0,0,0,1.44695556163788,0,0,0,0,0,0,571.466440185905,0,0,0,0,0,0,0,0,0,0,0,0,0,0,0,166.777242854238,0,111.691161185503,20.2293163537979,0,50.0726463794708,0,0
0,0,0,0,0,0,0,0,0,1.34569615125656,0,0,0,0,0,0,23.8747683167458,128.765219062567,2.66883456707001,0,0,0,152.519597411156,92.7396214008331,0,10.0494828522205,0,5.52813601493835,0,0,0,0,0,0,0,0,0,2281.76971071959,135.65684056282,0,0,0,0,0,0,0,0,3.2480975985527,0,142.785792529583,0,0,0,0,0,0,0,0,0,0.655732274055481,0,0,0,0,1869.84174983203,24.2797261476517,21.9647790193558,0,0,0,321.990644589067,0,0,0,0,0,0,0,0,0,776.932297646999,0,872.848829582334,34.2479089796543,5.24646562337875,0,0
0,0,0,0,0,0,0,0,0,0,0,0,0,0,0,0,54.6457841098309,0,0.554729819297791,0,0,152.519597411156,0,0,119.609253287315,0,0,0,10.5291213989258,0,0,0,0,0,0,0,0,0,479.801375329494,0,0,0,0.296806484460831,0,0,0,0,2.23975169658661,22.5945067107677,0,0,0,0,0,0,0,0,0,0,0,0,0,0,0,52.1656651496887,1902.35583882034,0,52.48774766922,0,0,0,10.5694103240967,0,0,0,0,0,0,0,0,0,209.469868600368,113.289502114058,149.074255943298,0.805513173341751,0,0
0,3.97522802650928,0,0,0,0,0,0,0,103.614194825292,0,0,0,0,0,4.27101637423038,191.925842940807,781.313582763076,24.8722413480282,0,0,92.7396214008331,0,0,0,1186.13593029976,0,4.10921519994736,0,0,0,0,0,0,0,0,0,1339.41127067804,0,0,0,0,0,0,0,0,0,0,0,10.1135336607695,0,0,0,0,0,49.7612015902996,0,0,0,1.26905715465546,0,17.1732330173254,0,0,39.2029333114624,0,432.452184617519,0,33.6781376004219,0,4.68043804168701,0,0,0,0,0,1.9834136068821,0,2.4553007632494,0.739660203456879,1187.91785548627,0,936.806509748101,1.65049147605896,71.7118804752827,0.899844408035278,0
0,0,0,0,0,0,0,0,54.5597270131111,0,0,0,0,0,0,0,7,0,0,0,0,0,119.609253287315,0,0,0,1,0,0,0,0,0,0,0,0,0,0,0,483.216261774302,0,0,0,1.79941695928574,0,0,0,0,0,0.418943732976913,0.31236344575882,0,0,0,0,122.921240836382,0,0,0,0,0,0,0,0,0,0,2.27260386943817,0,336.466833770275,0,4.46537923812866,0,0,0,0,0,0,0,0,0,0,0,541.671424657106,216.961775332689,0,78.1896464824677,0,0
0,0,0,0,0,0,0,0,0,114.435832351446,0,0,0,3.23170405626297,0,44.0948356091976,340.216677203774,2471.97991941869,52.1351507306099,0,0,10.0494828522205,0,1186.13593029976,0,0,0,71.470087453723,0,0,0,0,0,0,0,0,0,0,0,0,0,1.5927247107029,0,0,0,0,0,0,0,0,0,0,0,0,0,11.8513063490391,0,0,0,38.0768774449825,0,120.019077390432,0,0,5.84123414754868,0,107.06498914957,0,245.094777897,0,28.1081502139568,0,0,0,0,0,0,0,0.331105351448059,3.35692268610001,2.91983753442764,0,724.188571996987,76.292865768075,2.85584253072739,0,0
0,0,0,0,0,0,0,0,0,0,0,0,0,0,0,0,41.5281381607056,0,0,0,0,0,0,0,1,0,0,0,0,0,0,0,0,0,0,0,0,0,0,0,0,0,0,0,0,0,0,0,0,0,0,0,0,0,33.1292824745178,0,0,0,0,0,0,0,0,0,0,1,0,2,0,103.23629283905,0,0,0,0,0,0,0,0,0,0,0,0,223.723895788193,0,0,0,0
0,0,0,0,0,0,0,0,0,3.97568635642529,0,0,0,4.53551505506039,0,0,27.5561012923717,253.873859219253,2.13585478067398,0,0,5.52813601493835,0,4.10921519994736,0,71.470087453723,0,0,0,2.08205151557922,0,0,0,0,0,0,0,0,0,0,0,0,0,0,0,0,0,0,0,0,0,0,0,0,0,0,0,0,0,3.11777463555336,0,0,0,0,2.81898567080498,0,2.49120450019836,0,5.10572576522827,0,47.2177727222443,0,343.732514858246,0,0,0,0,0,0.92409336566925,0,165.226760625839,0,157.626544728875,151.350112631917,0,0,0
0,0,0,0,0,0,0,0,0,0,0,0,0,0,0,0,0,0,0,0,0,0,10.5291213989258,0,0,0,0,0,0,0,221.780755758286,0,0,0,0,0,0,0,54.2069709300995,0,0,0,0,0,0,0,0,0,0,0,0,0,0,0,0,0,0,0,0,0,0,0,0,0,0,0,0,0,0,4,0,57.5385785102844,0,0,0,0,0,0,0,0,0,0,0,0,0,0,0
0,0,0,0,0,0,0,0,0,0,0,16.3631839752197,0,0,0,0,0,0,0,1.55427357554436,0,0,0,0,0,0,0,2.08205151557922,0,0,0,0,0,0,0,0,0,100.33455145359,0,0,0,0,0,0,0,0,0,0,0,0,0,0,0,0,0,0,0,1.52079367637634,0,0,0,0,0,0,0,0,0,0,0,0,0,0,193.642458081245,0,0,0,0,0,0.144731983542442,0,38.9846624433994,0,3,0,0,0,0
0,0,0,0,0,0,0,0,0,0,0,0,0,0,0,0,0,0,0,0,0,0,0,0,0,0,0,0,221.780755758286,0,0,0,0,0,0,0,0,0,51.699999332428,0,0,0,0,0,0,0,0,0,0,0,0,0,0,0,0,0,5.40383195877075,0,0,0,0,0,0,0,0,0,0,0,0,0,0,0,0,49.5884803533554,0,0,0,0,0,0,0,2.68190956115723,0,0,0,0,0
0,0,0,0,0,0,0,0,0,0,0,0,0,0,0,0,0,0,0,0,0,0,0,0,0,0,0,0,0,0,0,0,536.745428323746,0,1.55962456762791,371.879178598523,46.2438015043736,0,0,5.93314504623413,0,0,0,0,0,0.472269892692566,0,1824.32730653882,0,9.48948240280151,0,0,0,0,0,0,0,0,0,0,0,0,0,0,0,0,0,0,0,0,0,0,0,0,2358.23121579736,417.757085815072,18.8928857520223,22.3012978732586,299.928147464991,7.49865040183067,0,0,152.181576013565,0,0,0,0
0,0,1.79311141371727,0,0,0,0,0,0,0,0,0,0,0,0,0,0,0,0,0,0,0,0,0,0,0,0,0,0,0,0,536.745428323746,0,2.77888226509094,8.36809673905373,7,9.9674261957407,0,0,0,0,0,0,0,0,0,2.08694270253181,1971.03810600936,1.14363992214203,1.34191167354584,0,0,0,0,0,0,0,0,0,0,0,0,0,0,0,0,0,0,0,0,0,0,0,0,921.837978824973,1462.11878496408,1.68139040470123,64.9164138436317,18.7926519215107,136.037824720144,0,0,207.826911464334,0,2.06838086247444,0,0
0,0,0,0,0,0,0,0,0,0,0,0,0,0,0,0,0,0,0,0,0,0,0,0,0,0,0,0,0,0,0,0,2.77888226509094,0,718.288181483746,114.277094714344,0.12924613058567,181.320557534695,3.72880592942238,1.95226502418518,0,0,4.10198849439621,0,0,0,0,2809.04370099306,58.8346657752991,1.87649410963058,0,0,0,0,0,0,0,0,0,0,0,0,0,0,0,0,0,0,0,0,0,0,0,0,35.2812323495746,1.7072497010231,2448.21153266728,541.846902906895,69.7324979156256,7.55767057836056,218.017929404974,2.40649396181107,305.301700860262,83.5700263977051,3.71584987640381,0,0
0,0,0,0,0,0,0,0,0,0,0,0,0,0,0,0,0,0,0,0,0,0,0,0,0,0,0,0,0,0,0,1.55962456762791,8.36809673905373,718.288181483746,0,0,474.975447058678,0,116.044261395931,0,0,0,0,0,0,0,0.435845047235489,2302.60860359669,5.66560074687004,9.81119453907013,0,0,0,0,0,0,0,0,0,0,0,0,0,0,0,0,0,0,0,0,0,0,0,0,1.22826758027077,190.084589079022,1239.17557922006,1715.49586459994,4.84030169248581,62.5295198559761,0,30.8477427959442,98.7424903213978,14.7775995731354,11.9761370122433,0,0
0,0.7052301466465,0,0.530329331755638,0,16.070980489254,0,0,0,0,0,174.475623190403,0,0,0,0,0.643853172659874,1.35675019025803,11.8547243997455,840.350948691368,0,0,0,0,0,0,0,0,0,0,0,371.879178598523,7,114.277094714344,0,0,1432.70368173718,1284.52756597102,0,11.0550623014569,0.196998909115791,1.81021317094564,0,4.64882864058018,0,46.9186086282134,0,813.867205202579,0,23.1435139775276,0,0,0,0,0,0,0,2.57125559449196,0,0,0,0,301.536203555763,0,0,0,0,0,0,0,0,0,0,0,75.4248083531857,1.55894291400909,31.3558736667037,0,7927.5627181828,48.1490098536015,434.709269732237,0,446.997300207615,0.939096391201019,107.025779433548,0.212774142622948,0
0,0,2.09131197631359,0,91.2807310521603,0,0,0,0,0,3.82219767570496,0,0,0,0,0,0.195222184062004,0.336639195680618,10.9721792340279,0,1993.15434014797,0,0,0,0,0,0,0,0,0,0,46.2438015043736,9.9674261957407,0.12924613058567,474.975447058678,1432.70368173718,0,0,1036.2338026911,15.8161484897137,2.92712831497192,0,3.59183040261269,0,2.728196144104,0,69.1794154196978,3147.83676412702,78.9823083281517,49.9082155227661,0,0,0,0,0.438516229391098,0,28.9610577225685,0,0,0,0,0,0,246.921784177423,0,0,0,0,0,0,0,0,0,0,173.302730917931,6.8085765093565,1.13504761457443,68.3139173015952,902.657149374485,6154.97848254442,0,295.903500661254,692.712998762727,0,86.8806531876326,0,0
0,0.270072042942047,0,0,0,0,0,0,0,141.580647945404,0,291.485419362783,0,0,0,0,0,0,3.47324565052986,27.5227310061455,0,2281.76971071959,0,1339.41127067804,0,0,0,0,0,100.33455145359,0,0,0,181.320557534695,0,1284.52756597102,0,0,333.129938542843,0.122441992163658,0,42.3781728297472,0.849959507584572,0.849939942359924,0,12.35598115623,0,463.722172558308,0,221.471574544907,0,0,0,0,0,1.66809278726578,0,0,0,0,0,0,46.7823246121407,0,411.532099246979,0,260.765350326896,0,0,0,0,0,0,0,0,0,196.216535031796,0,582.860888727009,0,5669.35470625758,198.362407445908,677.73835092783,28.3765382766724,318.422762647271,0,0
0.559667587280273,0.224963873624802,1.50500126183033,0,0,0,0,0,178.074333101511,0,1693.66442444921,0,0,0,0,0,0.917234778404236,0,2.79436177015305,0,82.1882411241531,135.65684056282,479.801375329494,0,483.216261774302,0,0,0,54.2069709300995,0,51.699999332428,0,0,3.72880592942238,116.044261395931,0,1036.2338026911,333.129938542843,0,0,0.131746560335159,1.59050863981247,45.6851159706712,0,0,0,32.8627581223845,1217.49484963715,292.627501085401,18.6726797670126,0,0,0,0,73.3455819636583,0,60.8585644066334,0,0,0,0,0,0,4.23286503553391,0,105.368059873581,0,175.593025952578,0,0,0,0,0,17.0518577098846,0,0,0.698237895965576,13.7686725854874,0.173336207866669,1179.4829113856,82.919874638319,4388.3129992187,745.592878453434,91.3288037776947,275.310172654688,0,0
0,0.329598546028137,0.0943174958229065,47.7531901746988,0,9.25516492128372,0,0,0,0,0,0.268377810716629,0,0,0,0,34.227522008121,70.6126338988543,608.304026983678,0,0,0,0,0,0,0,0,0,0,0,0,5.93314504623413,0,1.95226502418518,0,11.0550623014569,15.8161484897137,0.122441992163658,0,0,12.0109988301992,1459.70171750337,14.1554630249739,63.740528061986,0,457.605030812323,1.92966014146805,197.669118076563,0,249.300010539591,0,0,0,0,0,0,0.24710950255394,28.4378315657377,0,0.498821303248405,0,0,119.860185824335,0.662918478250504,0,0,0,0,0,0,0,0,12.2816802337766,0.628651320934296,12.3213551044464,0,1.55522231757641,0,1221.62814120948,35.6110623180866,127.98356769979,5.5076674669981,203.920832589269,1.61515766382217,924.388142704964,46.0132771730423,1.57928146421909
0.47627991437912,0,54.8704198300838,0,22.0463057905436,0,0,0,0,0.595914155244827,0,0,0,0,0,0,54.985600322485,75.9540567398071,905.920700773597,0,0,0,0,0,0,0,0,0,0,0,0,0,0,0,0,0.196998909115791,2.92712831497192,0,0.131746560335159,12.0109988301992,0,32.0583136677742,1798.73295399547,0.418563634157181,37.3714412003756,6.12031652033329,441.05041822046,12.4345620721579,167.450083613396,6.07127615809441,1.33266548812389,0,0,0,9.39226925373077,0,2.68035352230072,1.26433062553406,1.16354033350945,0,0,0,2.18986254930496,250.675647303462,0,0,0,0,0,0,0,0,1.68536964058876,21.0636115968227,0,80.1546654701233,0,1.54369205236435,50.9833496361971,1035.81032759696,14.0235763043165,82.7451399490237,669.93015768379,2.44241224229336,1192.59585242718,4.28089085221291,70.6110451817513
1.49953871965408,120.412025511265,1.06984925270081,142.187255330384,0,11.9101486802101,0,0,0.275483042001724,47.0587766468525,0,0.261563271284103,0,0,0,0,59.2697116881609,144.185738064349,1122.44730906188,0,0,0,0,0,0,1.5927247107029,0,0,0,0,0,0,0,0,0,1.81021317094564,0,42.3781728297472,1.59050863981247,1459.70171750337,32.0583136677742,0,387.158171139657,85.9689884036779,3.84594942629337,645.13182836026,16.1622100248933,50.9087916761637,2.89400288462639,612.791347742081,0.581413686275482,0,0,0,0,0.8316290974617,0.250520646572113,1555.47959922254,0,1.37298554182053,0,1.37911278009415,1028.34722283483,3.1677950322628,0,0,0,0,0,0,0,0,973.014072477818,4.98818665742874,0,0,0,0,2442.81474088132,79.4577458575368,911.08568457514,28.3405805304646,1164.94217039645,2.78330327570438,2706.66134295613,768.036388531327,11.1354862675071
365.963133126497,0.678795292973518,276.592494174838,0,79.467464491725,0,0,0,75.4669797122478,0,0,0,0,0,0,0,98.0996736884117,56.0797507688403,972.730034418404,0,0,0,0.296806484460831,0,1.79941695928574,0,0,0,0,0,0,0,0,4.10198849439621,0,0,3.59183040261269,0.849959507584572,45.6851159706712,14.1554630249739,1798.73295399547,387.158171139657,0,2.49419477581978,38.8528568595648,11.6509874910116,326.150539696217,194.844489723444,400.188504397869,44.1174523085356,12.1249572336674,0,0,0,12.9847065359354,0,59.5206817835569,1.28478570282459,0.6669792085886,0,0,0,4.27140981703997,272.610556691885,0,0,0,0,0,0,0,0,0.393209382891655,443.34881952405,0,0,4.7879224717617,0,55.9402084499598,2091.22415722907,17.9822652637959,433.434644058347,1629.17449051142,1.3757157176733,8732.53844290972,11.7368730008602,1086.00802056491
0,0,0,1.03453063964844,0,0,0,0,0,0,0,0,0,0,0,0,3.66795656085014,8.23066295683384,305.941535413265,0,0,0,0,0,0,0,0,0,0,0,0,0,0,0,0,4.64882864058018,0,0.849939942359924,0,63.740528061986,0.418563634157181,85.9689884036779,2.49419477581978,0,0,68.7809484452009,0,0,0,2.64282473921776,0,0,0,0,0,0,0,2.39411824941635,0,0,0,0,24.3626966178417,0,0,0,0,0,0,0,0,0,32.7590090632439,0,0,0,0,0,395.870339125395,3.23546010255814,384.474009126425,0,58.9094142913818,0.242951273918152,84.643673658371,6.96406723558903,0.677065879106522
1.81759715080261,0,0.376031279563904,0,0,0,0,0,0,0,0,0,0,0,0,0,2.77952773869038,5.05788451433182,148.803992107511,0,0,0,0,0,0,0,0,0,0,0,0,0,0,0,0,0,2.728196144104,0,0,0,37.3714412003756,3.84594942629337,38.8528568595648,0,0,0,5.55034722387791,2.25397083163261,3.06619867682457,0,0,0,0,0,0,0,3.56389626860619,0,0,0,0,0,0,7.33192829787731,0,0,0,0,0,0,0,0,0,17.7573101520538,0,0,0,0,0.318299934267998,232.2795137465,0,158.943371489644,40.5711314678192,0,146.664781555533,0,2.39146515727043
0,8.19181936979294,0.271746635437012,123.080609895289,0,119.461694911122,0,0,0,0,0,0,0,0,0,0,63.0843618735671,98.3380025178194,777.678298465908,3.15105338394642,0,0,0,0,0,0,0,0,0,0,0,0.472269892692566,0,0,0,46.9186086282134,0,12.35598115623,0,457.605030812323,6.12031652033329,645.13182836026,11.6509874910116,68.7809484452009,0,0,0.246013224124908,85.1802600622177,0,349.051601924002,0,1.48804679512978,0,0,0,0,0,87.4034713730216,0,1.47757335007191,0,0,525.709644883871,1.88140574097633,0,0,0,0,0,0,0.844817399978638,0,109.258570946753,3.73882380127907,0,0,0,0,4904.36550949514,30.3202491104603,943.540727362037,3.45866852998734,360.897716112435,0.635843753814697,1518.62236493826,55.739758759737,1.12229631841183
11.3924027681351,0,321.372066229582,0,88.8695012256503,0,0,0,0,2.61333727836609,0.411171555519104,0,0,0,0,0,39.3354889899492,51.022404640913,514.902152836323,0,13.5393460690975,0,0,0,0,0,0,0,0,0,0,0,2.08694270253181,0,0.435845047235489,0,69.1794154196978,0,32.8627581223845,1.92966014146805,441.05041822046,16.1622100248933,326.150539696217,0,5.55034722387791,0.246013224124908,0,36.6737097725272,84.1909576132894,38.4207448512316,13.9836812764406,0,0,0,31.5965881645679,0,44.8541115969419,0,1.74839249998331,0,0,0,0.444894641637802,943.895412735641,0,0,0,0,0,0,0,0,0,119.048806264997,0,0.235467538237572,0,0.544488847255707,27.1820965409279,4158.84028297663,4.92019744217396,1302.57304854691,440.510085053742,1.21155835688114,1639.31423326582,0.419272601604462,14.5730079486966
13.0114683806896,3.56100210547447,13.158901527524,7.88926024734974,30.5191259533167,9.57605001330376,0,0,0,0,0,0,0,0,0,0,0,0,1.2066463753581,0,0,3.2480975985527,2.23975169658661,0,0,0,0,0,0,0,0,1824.32730653882,1971.03810600936,2809.04370099306,2302.60860359669,813.867205202579,3147.83676412702,463.722172558308,1217.49484963715,197.669118076563,12.4345620721579,50.9087916761637,194.844489723444,0,2.25397083163261,85.1802600622177,36.6737097725272,0,1719.32605555654,1612.9044624567,1.24924939870834,0,0,0,0.707385703921318,0,1.60991434752941,2.14663915336132,0.767611861228943,0.192198500037193,0,0,0.800142526626587,0.423934534192085,0,5.67611256241798,0,0,0,0,0,0,0.284761130809784,0.662648513913155,2469.75361686945,5402.5306866169,3466.75326320529,2948.62193398178,5472.44663303345,2754.70602954924,498.495435208082,88.4157525599003,1138.62506465614,0,3868.2379206568,0,1.3728409409523
75.143588244915,0.438152477145195,149.394786849618,0.296793133020401,97.4088134914637,0,0,0,0,0,0,0,0,0,0,0,1.53747932612896,0,15.3804167211056,0,0,0,22.5945067107677,0,0.418943732976913,0,0,0,0,0,0,0,1.14363992214203,58.8346657752991,5.66560074687004,0,78.9823083281517,0,292.627501085401,0,167.450083613396,2.89400288462639,400.188504397869,0,3.06619867682457,0,84.1909576132894,1719.32605555654,0,200.834745511413,12.5303315222263,0,0,0,18.7765114232898,0,14.1504160985351,0,2.21448094397783,0,13.1828359365463,0,0.198978364467621,5.21569618582726,0,147.908209681511,0,4.65346330404282,0,16.6276745796204,0,0,0,39.3606844469905,0,2.73857271671295,58.3802724480629,8.71478670835495,0.142747730016708,602.361812062562,9.96880006790161,329.354464702308,443.323297210038,0,800.997366547585,0,0.488590136170387
6.31339749693871,397.906535938382,13.3200740814209,120.462644062936,23.2197673916817,13.9497813433409,0,0,0,29.619158744812,0,0,0,0,0,0,0.187303945422173,0.174977153539658,26.9631571471691,0.774896502494812,0,142.785792529583,0,10.1135336607695,0.31236344575882,0,0,0,0,0,0,9.48948240280151,1.34191167354584,1.87649410963058,9.81119453907013,23.1435139775276,49.9082155227661,221.471574544907,18.6726797670126,249.300010539591,6.07127615809441,612.791347742081,44.1174523085356,2.64282473921776,0,349.051601924002,38.4207448512316,1612.9044624567,200.834745511413,0,1.51161801815033,0,0,0,1.12958669662476,36.6876574158669,1.18241947889328,166.992927163839,0.433056205511093,1.2263240814209,0,15.1818534433842,39.1895754486322,0,231.859815329313,1.79564683139324,78.074640750885,0,7.4547053873539,0,26.189468473196,0,62.2917150259018,0,1.9003846347332,2.17939761281013,0,44.6571965813637,342.71001522243,123.236575961113,601.307122945786,6.22582736611366,604.854813143611,0,1601.20911931247,4.14643287658691,0.130033746361732
0,0,20.4270666688681,0,164.366125077009,0,0,0,2.33554866909981,0,0,0,2.72697067260742,0,0.92684805393219,0,0,0.236046984791756,0.153741329908371,0,0,0,0,0,0,0,0,0,0,0,0,0,0,0,0,0,0,0,0,0,1.33266548812389,0.581413686275482,12.1249572336674,0,0,0,13.9836812764406,1.24924939870834,12.5303315222263,1.51161801815033,0,0,0,0,81.828934431076,0,116.024962380528,0,298.257172122598,0,28.88946595788,0,0,86.4809811115265,0,0,0,0,0,0,0,0,0,0.170027017593384,0,0,0,0,0,15.7312512546778,0,0.361305102705956,20.0677625983953,0,66.4089946001768,0,0.469615191221237
0,0,0,0,0,0.791275382041931,0,0,0,0,0,0,0,0,0,0,0,0,0,0,0,0,0,0,0,0,0,0,0,0,0,0,0,0,0,0,0,0,0,0,0,0,0,0,0,1.48804679512978,0,0,0,0,0,0,0,0,0,0,0,0.769867718219757,0,98.01223051548,0,8,2.75018155574799,0,0,0,0,0,0,0,0,0,0,0,0,0,0,0,0,0,0,0,0,0,55.2354907095432,0,0
0,0,0,0,0,0,0,0,0,0,0,0,0,0,0,0,0,0,0,0,0,0,0,0,0,0,0,0,0,0,0,0,0,0,0,0,0,0,0,0,0,0,0,0,0,0,0,0,0,0,0,0,0,0,0,0,0,0,0,0,0,0,0,0,0,0,0,0,0,0,0,0,0,0,0,0,0,0,0,0,0,0,0,0,0,0,0
0,0,0,0,0,0,0,1,0,0,0,0,0,0,0,0,0,0,0,0,0,0,0,0,0,0,0,0,0,0,0,0,0,0,0,0,0,0,0,0,0,0,0,0,0,0,0,0,0,0,0,0,0,0,0,0,0,0,0,0,0,0,0,0,0,0,0,0,0,0,0,0,0,0,0,0,0,0,0,0,0,0,0,0,0,0,0
198.361394107342,0,470.951740026474,0,62.7230593562126,0,0,0,464.494007319212,0,0,0,2.46426331996918,0,1,0,0,0,1.8147477209568,0,0,0,0,0,122.921240836382,0,33.1292824745178,0,0,0,0,0,0,0,0,0,0.438516229391098,0,73.3455819636583,0,9.39226925373077,0,12.9847065359354,0,0,0,31.5965881645679,0.707385703921318,18.7765114232898,1.12958669662476,81.828934431076,0,0,0,0,0,18.3444265723228,0,6.94550734758377,0,21.6219609081745,0,0,0.216649651527405,0,0,0,427.671479821205,0,0,0,0,0,0.686965256929398,0,0,0,0,0,26.0749747827649,0.512814581394196,88.2125032544136,6.94967864453793,0,77.0117312222719,0,0
0,147.926683008671,0,19.4466612040997,0,61.5321564674377,0,0,0,628.8353125453,0,0,0,0,0,72.4834603518248,0,13.3891209959984,0,0,0,0,0,49.7612015902996,0,11.8513063490391,0,0,0,0,0,0,0,0,0,0,0,1.66809278726578,0,0,0,0.8316290974617,0,0,0,0,0,0,0,36.6876574158669,0,0,0,0,0,0,0,0,0,0,0,513.230901435018,0,0,0,0,36.3325307518244,0,4.72761052846909,0,0,0,0,0,0,0,0,0,0,0,0.553245723247528,0,35.6949706375599,0,109.664165467024,0,0
0,0,67.1326881051064,0,1.06945219635963,0,0,0,0,0,779.870307087898,0,0,0,0.566141486167908,0,0.892116189002991,2.55099630355835,14.3458164334297,0,1.44695556163788,0,0,0,0,0,0,0,0,0,5.40383195877075,0,0,0,0,0,28.9610577225685,0,60.8585644066334,0.24710950255394,2.68035352230072,0.250520646572113,59.5206817835569,0,3.56389626860619,0,44.8541115969419,1.60991434752941,14.1504160985351,1.18241947889328,116.024962380528,0,0,0,18.3444265723228,0,0,0,77.4651950746775,0,207.175461605191,0,0,103.968327596784,0,0,0,0,0,0,0,0,0,134.474598348141,0,0,0,0,0,29.8843371495605,0,0.197855725884438,214.745821490884,0,84.5738111585379,0,10.9504213929176
0.402205765247345,0,0,99.7775362432003,0,43.080414056778,0,0,0,0,0,281.697119340301,0,0,0,0,0.863794311881065,2.63455867767334,27.2556071132421,251.464468106627,0,0,0,0,0,0,0,0,0,1.52079367637634,0,0,0,0,0,2.57125559449196,0,0,0,28.4378315657377,1.26433062553406,1555.47959922254,1.28478570282459,2.39411824941635,0,87.4034713730216,0,2.14663915336132,0,166.992927163839,0,0.769867718219757,0,0,0,0,0,0,0,511.300854623318,0,2.08861556649208,568.790366098285,0,0,0,0,0,0,0,1.50889101624489,0,989.594534486532,0,0,0,0,0,43.4001493901014,1.96266831457615,159.363275319338,0,189.392004705966,3.14176213741302,1254.56825488806,94.5881827771664,0
0,0,48.2902720421553,0,0,0,14.5791485309601,0,0,0,0,0,312.004737257957,0,353.888937711716,0,0,0,0,0,0,0,0,0,0,0,0,0,0,0,0,0,0,0,0,0,0,0,0,0,1.16354033350945,0,0.6669792085886,0,0,0,1.74839249998331,0.767611861228943,2.21448094397783,0.433056205511093,298.257172122598,0,0,0,6.94550734758377,0,77.4651950746775,0,0,0,313.246232837439,0,0,0.270107626914978,0,0,0,0,0,0,0,0,0,0.12081253528595,0,0,0,0,0,1.85558104515076,0,0,28.4957408979535,0,7.97872647643089,0,0
0,0,0,24.4626060426235,0,6.02628302574158,0,6.54441475868225,0,3.76275905966759,0,7.03689098358154,0,1828.97596675158,0,876.158434271812,21.186221331358,405.648093223572,4.68064796924591,0,0,0.655732274055481,0,1.26905715465546,0,38.0768774449825,0,3.11777463555336,0,0,0,0,0,0,0,0,0,0,0,0.498821303248405,0,1.37298554182053,0,0,0,1.47757335007191,0,0.192198500037193,0,1.2263240814209,0,98.01223051548,0,0,0,0,0,511.300854623318,0,0,0,6.03632712364197,0.716417551040649,0,0,0,0,0,0,0,0,0,0,0,0,0,0,0,0.114140123128891,1.71996608376503,0.19617523252964,0,427.984079867601,1.23712305724621,9.12496164441109,0,0
0,0,1.29166194796562,0,0,0,0,0,9.60830497741699,0,0,0,92.437452673912,0,165.716552376747,0,0,0,0,0,0,0,0,0,0,0,0,0,0,0,0,0,0,0,0,0,0,0,0,0,0,0,0,0,0,0,0,0,13.1828359365463,0,28.88946595788,0,0,0,21.6219609081745,0,207.175461605191,0,313.246232837439,0,0,0,0,0,0,0,0,0,0,0,0,0,0,0,0,0,0,0,0,0,0,0,0,0,16.7720993459225,0,0
0,104.462834134698,0,2.80775806307793,0,0,0,0,0,224.225993916392,0,0,0,116.570042848587,0,127.653329074383,19.1080958247185,153.648179411888,9.41294106841087,0,0,0,0,17.1732330173254,0,120.019077390432,0,0,0,0,0,0,0,0,0,0,0,0,0,0,0,1.37911278009415,0,0,0,0,0,0,0,15.1818534433842,0,8,0,0,0,513.230901435018,0,2.08861556649208,0,6.03632712364197,0,0,0,0,0,0,5.73184671998024,0,3.59870994091034,0,0,0,0.250912427902222,0,0,0,0,0,0.146787002682686,0,0,0,98.3500847816467,0,25.2230303585529,0,0
0,0,0,20.4677757024765,0,257.588511794806,0,0,0,0,0,12.350009188056,0,0,0,0,13.405001744628,18.0347626879811,195.290868215263,879.43920995295,0,0,0,0,0,0,0,0,0,0,0,0,0,0,0,301.536203555763,0,46.7823246121407,0,119.860185824335,2.18986254930496,1028.34722283483,4.27140981703997,24.3626966178417,0,525.709644883871,0.444894641637802,0.800142526626587,0.198978364467621,39.1895754486322,0,2.75018155574799,0,0,0,0,0,568.790366098285,0,0.716417551040649,0,0,0,0,0,0,0,0,0,0,0,0,407.386351570487,1.34472000598907,0,0,0,0,2479.71107899398,11.9158981069922,2114.00230830908,0.172676667571068,336.018821179867,0.272810876369476,768.681127794087,55.5380786210299,0.166062086820602
0,0,16.6631005257368,0,361.281394571066,0,0,0,0,0,104.774996101856,0,0,0,0,0,10.2781890630722,17.6715892851353,165.518438011408,0,571.466440185905,0,0,0,0,0,0,0,0,0,0,0,0,0,0,0,246.921784177423,0,4.23286503553391,0.662918478250504,250.675647303462,3.1677950322628,272.610556691885,0,7.33192829787731,1.88140574097633,943.895412735641,0.423934534192085,5.21569618582726,0,86.4809811115265,0,0,0,0.216649651527405,0,103.968327596784,0,0.270107626914978,0,0,0,0,0,0,0,0,0,0,0,0,0,1.35172975063324,74.2167652249336,0,0,0,0,6.61339728534222,2287.85309571028,2.85127022862434,381.823619045317,323.336085751653,0.932835310697556,1111.25157892704,0,19.3709703683853
0,0,0,0,0,0,0,0,0,0,0,0,0,0,0,0,8.55951824784279,51.01425537467,3.24041709303856,0,0,1869.84174983203,52.1656651496887,39.2029333114624,0,5.84123414754868,0,2.81898567080498,0,0,0,0,0,0,0,0,0,411.532099246979,0,0,0,0,0,0,0,0,0,0,0,231.859815329313,0,0,0,0,0,0,0,0,0,0,0,0,0,0,0,0,32.7217385172844,0,4.46452349424362,0,881.308547124267,0,0,0,0,0,0,0,0,0.356341868638992,90.6533092856407,0,27.4994161874056,0.322802156209946,0,0.405449241399765,0
0,0,0,0,0,0,0,0,0,0,0,0,0,0,0,0,0,0,0,0,0,24.2797261476517,1902.35583882034,0,2.27260386943817,0,1,0,0,0,0,0,0,0,0,0,0,0,105.368059873581,0,0,0,0,0,0,0,0,5.67611256241798,147.908209681511,1.79564683139324,0,0,0,0,0,0,0,0,0,0,0,0,0,0,0,0,0,166.303586006165,0,0,0,0,0,0,0,0,0,0,0,0,0,158.735229372978,8.94438935816288,0,3.17879199981689,0,0
0,1.79770900309086,0,0,0,0,0,0,0,6.19451527297497,0,0,0,0,0,0.23772905766964,14.7182025313377,25.4760353565216,0.945825815200806,0,0,21.9647790193558,0,432.452184617519,0,107.06498914957,0,2.49120450019836,0,0,0,0,0,0,0,0,0,260.765350326896,0,0,0,0,0,0,0,0,0,0,0,78.074640750885,0,0,0,0,0,36.3325307518244,0,0,0,0,0,5.73184671998024,0,0,32.7217385172844,0,0,0,73.2493772804737,0,209.585772246122,0,0,0,0,0,0,0,0,0,249.331818640232,0,181.716469943523,0.623348653316498,22.671130657196,0,0
0,0,0,0,0,0,0,0,37.3202030062675,0,0,0,0,0,0,0,0,0,0,0,0,0,52.48774766922,0,336.466833770275,0,2,0,0,0,0,0,0,0,0,0,0,0,175.593025952578,0,0,0,0,0,0,0,0,0,4.65346330404282,0,0,0,0,0,427.671479821205,0,0,0,0,0,0,0,0,0,0,166.303586006165,0,0,0,29.9882516860962,0,0,0,0,0,0,0,0,0,0,0,483.053228229284,7.81635969877243,0,92.9442570507526,0,0
0,0,0,0,0,0,0,0,0,15.213014036417,0,0,0,0,0,0,70.1515953540802,274.288851872087,8.65311932563782,0,0,0,0,33.6781376004219,0,245.094777897,0,5.10572576522827,0,0,0,0,0,0,0,0,0,0,0,0,0,0,0,0,0,0,0,0,0,7.4547053873539,0,0,0,0,0,4.72761052846909,0,0,0,0,0,3.59870994091034,0,0,4.46452349424362,0,73.2493772804737,0,0,0,439.580236375332,0,0,0,0,0,0,0,0.828531086444855,0.517903983592987,0,0,86.7446245104074,0,0,0,0
0,0,0,0,0,0,0,0,0,0,0,0,0,0,0,0,3,0,0,0,0,0,0,0,4.46537923812866,0,103.23629283905,0,4,0,0,0,0,0,0,0,0,0,0,0,0,0,0,0,0,0,0,0,16.6276745796204,0,0,0,0,0,0,0,0,0,0,0,0,0,0,0,0,0,0,29.9882516860962,0,0,0,0,0,0,0,0,0,0,0,0,0,0,32.0759053230286,0,0,0,0
0,0,0,0,0,0,0,0,0,3.00513043999672,0,0,0,4.43773424625397,0,0,35.8171943575144,325.990454494953,5.60241550207138,0,0,321.990644589067,0,4.68043804168701,0,28.1081502139568,0,47.2177727222443,0,0,0,0,0,0,0,0,0,0,0,0,0,0,0,0,0,0.844817399978638,0,0,0,26.189468473196,0,0,0,0,0,0,0,1.50889101624489,0,0,0,0,0,0,881.308547124267,0,209.585772246122,0,439.580236375332,0,0,0,139.622668236494,0,0,0,0,0,0,0.882624328136444,150.631928935647,0,56.9860268831253,0.316229373216629,2.21195112168789,0,0
0,0,0,0,0,0,0,0,0,0,0,0,0,0,0,0,0,0,0,0,0,0,10.5694103240967,0,0,0,0,0,57.5385785102844,0,0,0,0,0,0,0,0,0,0,0,0,0,0,0,0,0,0,0,0,0,0,0,0,0,0,0,0,0,0,0,0,0,0,0,0,0,0,0,0,0,0,0,0,0,0,0,0,0,0,0,0,0,0,0,0,0,0
0,12.6149843484163,0,5.78129148483276,0,5.83428382873535,0,0,0,0,0,28.0747213959694,0,0,0,0,1.46047374606133,6.63176575303078,30.5234756693244,110.73177665472,0,0,0,0,0,0,0,343.732514858246,0,193.642458081245,0,0,0,0,0,0,0,0,0,12.2816802337766,1.68536964058876,973.014072477818,0.393209382891655,32.7590090632439,0,109.258570946753,0,0.284761130809784,0,62.2917150259018,0,0,0,0,0,0,0,989.594534486532,0,0,0,0.250912427902222,407.386351570487,1.35172975063324,0,0,0,0,0,0,139.622668236494,0,0,0,0,0,0,0,68.7558024227619,2.48880684375763,409.657008722425,0,11.1560640782118,0.622820317745209,599.654610335827,256.013414978981,0
6.09948816895485,0,45.6886810362339,0,0,0,0,0,0,0,0,0,0,0,0,0,4.78191502392292,3.70542979240417,107.864570736885,0,0,0,0,0,0,0,0,0,0,0,49.5884803533554,0,0,0,0,0,0,0,17.0518577098846,0.628651320934296,21.0636115968227,4.98818665742874,443.34881952405,0,17.7573101520538,3.73882380127907,119.048806264997,0.662648513913155,39.3606844469905,0,0.170027017593384,0,0,0,0.686965256929398,0,134.474598348141,0,0.12081253528595,0,0,0,1.34472000598907,74.2167652249336,0,0,0,0,0,0,0,0,0,0,0,0,0,0,3.23418875038624,102.239741429687,0.518211662769318,10.5650931596756,40.1837203800678,0,481.081352308393,0,132.197244927287
0,0,0,0,0,0,0,0,0,0,0,0,0,0,0,0,0,0,0,0,0,0,0,0,0,0,0,0,0,0,0,2358.23121579736,921.837978824973,35.2812323495746,1.22826758027077,75.4248083531857,173.302730917931,0,0,12.3213551044464,0,0,0,0,0,0,0,2469.75361686945,0,1.9003846347332,0,0,0,0,0,0,0,0,0,0,0,0,0,0,0,0,0,0,0,0,0,0,0,0,0,681.245806232095,401.473606288433,39.4647840708494,2750.7098037675,55.4118125736713,0,0,385.156619623303,0,0,0,0
0,0,0,0,0,0,0,0,0,0,0,0,0,0,0,0,0,0,0,0,0,0,0,0,0,0,0,0,0,0,0,417.757085815072,1462.11878496408,1.7072497010231,190.084589079022,1.55894291400909,6.8085765093565,0,0,0,80.1546654701233,0,0,0,0,0,0.235467538237572,5402.5306866169,2.73857271671295,2.17939761281013,0,0,0,0,0,0,0,0,0,0,0,0,0,0,0,0,0,0,0,0,0,0,0,0,681.245806232095,0,2.60781341791153,157.861504822969,9.76729366183281,192.256994582713,0,0.20879203081131,964.241567954421,0,0,0,0
0.319555550813675,0,0,0,0,0,0,0,0,0,0,0,0,0,0,0,0,0,0,0,0,0,0,1.9834136068821,0,0,0,0,0,0,0,18.8928857520223,1.68139040470123,2448.21153266728,1239.17557922006,31.3558736667037,1.13504761457443,196.216535031796,0.698237895965576,1.55522231757641,0,0,4.7879224717617,0,0,0,0,3466.75326320529,58.3802724480629,0,0,0,0,0,0,0,0,0,0,0,0,0,0,0,0,0,0,0,0,0,0,0,0,0,401.473606288433,2.60781341791153,0,532.734091430902,347.166160851717,7.13594116270542,297.134553968906,5.66631126403809,799.657405972481,175.497437477112,5.13148725032806,0,0
0,0,0,0,1.34919047355652,0,0,0,0,0,0,0,0,0,0,0,0,0,0,0,0,0,0,0,0,0,0,0,0,0,0,22.3012978732586,64.9164138436317,541.846902906895,1715.49586459994,0,68.3139173015952,0,13.7686725854874,0,1.54369205236435,0,0,0,0,0,0.544488847255707,2948.62193398178,8.71478670835495,44.6571965813637,0,0,0,0,0,0,0,0,0,0,0,0,0,0,0,0,0,0,0,0,0,0,0,0,39.4647840708494,157.861504822969,532.734091430902,0,7.06813108921051,413.716369993985,0,193.662967681885,914.275752708316,4,2.74983218312263,0,0
