0,0,0.202222572589243,0,0,0,0,0,0.19288223741985,0.308563411235809,0,0,0,0,0,0,0.361236326396465,0,0.297810998923924,0,0,0,0,0,0,0,0,0,0,0,0,0,0,0,0,0,0,0.374794751405716,0.260238487450849,0,0.444425368850881,0.319515686035156,0.330391568748465,0,0.292697906494141,0,0.353038305044174,0.379559812637476,0.288098553844149,0.330298848450184,0.319188833236694,0,0,0,0.142263445345794,0,0.324065269921955,0.30056443810463,0.330301797389984,0,0.259001106023788,0.227950021624565,0,0.336896399656932,0,0,0,0.219384443428781,0,0,0,0.340956250826518,0,0.387768812477589,0,0,0,0,0,0.363496871789296,0.347801238298416,0.423407864653402,0.302609871837654,0.327128493785858,0.355869357129039,0,0.324711491664251
0,0,0,0.187158904472987,0,0.183736652135849,0,0,0,0.180423573851585,0,0,0,0,0,0.221737028410037,0,0,0.361718072435435,0,0,0,0,0.208924229655947,0,0,0,0,0,0,0,0,0,0,0,0.373946534735816,0,0.196457106771508,0.345974368708474,0.428469213967522,0,0.29668147989219,0.21792571246624,0,0,0.39778646081686,0,0.343833014369011,0,0.254236179677879,0,0.194660690426826,0,0,0.284699380397797,0.193513136188589,0,0.327239267693626,0,0.309016674757004,0,0.187941647001675,0.40037328004837,0,0,0,0.241621737246928,0,0.161478946606318,0,0.17561811208725,0,0.32457053038207,0,0,0,0,0,0.401380111899557,0,0.361904322017323,0,0.243336547376975,0.315543899933497,0.270182720325407,0.296715289354324,0.30675858259201
0.202222572589243,0,0,0,0.183950126171112,0,0,0,0.16189069573832,0,0,0,0,0,0,0,0,0,0.28728187084198,0,0.339976727962494,0,0,0,0.232597514986992,0,0,0,0,0,0,0,0,0,0,0.245609750350316,0.258943145828588,0.399404615163803,0.259598894044757,0,0.284066535094205,0.341505399521659,0.295697408014553,0,0,0,0.2857225136115,0.345840506255627,0.17419643717056,0.346374616026878,0.186877674290112,0,0,0,0.134696364402771,0,0.288396384289016,0,0.250704951286316,0,0.221687028805415,0,0,0.303492583334446,0,0,0,0.235169798135757,0,0,0,0.318654298782349,0,0.340078138808409,0,0,0,0,0,0.287689709237644,0,0.298103039914911,0.283633797130454,0.278961123898625,0.272801977295968,0,0.304446284969648
0,0.187158904472987,0,0,0,0.19705640760638,0,0,0,0.172228589653969,0,0,0,0,0,0,0,0,0.262532257220962,0.306401282548904,0,0,0,0,0,0,0,0,0,0,0,0,0,0,0,0.285803317278624,0.25694927573204,0.330802454551061,0.334292054176331,0.299258133539787,0,0.28598410972921,0.341177155574163,0,0,0.262448237874569,0,0.325674623250961,0,0.237297208309174,0,0.224942301572855,0,0,0,0.15214524929648,0,0.282299497895303,0,0.239633315963443,0,0.184350362708492,0.327096511920293,0.309896558523178,0,0,0,0,0,0,0,0,0.327152637274642,0,0,0,0,0,0.297532433720484,0,0.330485332508882,0,0.21645926546592,0,0.265630694742821,0.296181164681911,0.338192194700241
0,0,0.183950126171112,0,0,0,0.244172271341085,0,0,0,0,0,0,0,0,0,0,0,0,0,0,0,0,0,0,0,0,0,0,0,0,0,0,0,0,0,0.185982331633568,0,0,0,0,0,0,0,0,0,0,0,0,0.366535216569901,0.244283770838528,0,0.226609081029892,0,0.130767430033949,0,0.211804255247116,0,0,0,0,0,0,0,0,0,0,0,0,0,0,0,0,0,0,0,0,0,0,0.190032511949539,0,0,0.146793857384264,0.182338289916515,0.341591000556946,0,0
0,0.183736652135849,0,0.19705640760638,0,0,0,0.1601289785222,0,0.188388333005725,0,0,0,0,0,0,0,0,0.248808925350507,0.15546607072739,0,0,0,0,0,0,0,0,0,0,0,0,0,0,0,0.266926239643778,0,0.331186324357986,0,0.261261681715647,0,0.266697051624457,0.281196251511574,0.265709787607193,0,0.228228886922201,0,0.326332174241543,0,0.269845969297669,0,0.19582305143087,0,0.149780480191112,0,0.230175331234932,0,0.26369781502419,0,0,0,0,0.160227540745793,0,0,0,0,0,0,0,0,0,0.287847809848331,0,0,0,0,0,0.275941437908581,0,0.311298660933971,0,0.169425668349253,0.267578871768029,0.204501778083412,0.269133882597089,0
0,0,0,0,0.244172271341085,0,0,0,0,0,0,0,0,0,0,0,0,0,0,0,0,0,0,0,0,0,0,0,0,0,0,0,0,0,0,0,0,0,0,0,0,0,0,0,0,0,0,0,0,0,0.235879356662432,0,0,0,0,0,0,0,0,0,0,0,0,0,0,0,0,0,0,0,0,0,0,0,0,0,0,0,0,0,0,0,0.183178141713142,0,0,0,0
0,0,0,0,0,0.1601289785222,0,0,0,0,0,0.128750760967915,0,0.185668957504359,0,0,0,0,0,0,0,0,0,0,0,0,0,0,0,0,0,0,0,0,0,0.18846175968647,0,0,0,0,0,0,0,0,0,0,0,0,0,0,0,0.160832956433296,0,0.183978397714494,0,0,0,0.20505793094635,0,0.19237730180895,0,0,0.149763747221894,0,0,0,0,0,0,0,0,0,0,0,0,0,0,0,0,0,0,0,0.184443976283073,0.185994684696198,0,0,0
0.19288223741985,0,0.16189069573832,0,0,0,0,0,0,0,0,0,0,0,0.178512662649155,0,0.13695134577297,0,0.268576132133603,0,0,0,0,0,0.193998079498609,0,0,0,0,0,0,0,0,0,0,0,0,0,0.201747580008073,0,0,0.290228641238706,0.253479763636222,0,0.340839803218842,0,0.275821387767792,0.386463671922684,0.241461134547817,0.310759703318278,0.196074643731117,0,0,0,0.189514575999378,0.28647568821907,0.28462568335775,0,0.292482137680054,0,0.185000635865258,0,0,0.287708848714828,0,0,0,0.190534165927342,0,0,0,0.310187116265297,0,0.322290755677641,0,0,0,0,0,0,0.348131388425827,0.213610071884958,0.18640399293235,0.195157301294277,0.26559065731571,0,0.218203876506199
0.308563411235809,0.180423573851585,0,0.172228589653969,0,0.188388333005725,0,0,0,0,0,0,0,0,0,0.228984609246254,0.273931503295898,0.174998177587986,0,0,0,0,0,0.241584768891335,0,0,0,0,0,0,0,0,0,0,0,0,0,0.221405065527149,0.297264322638512,0,0,0.24205672626312,0.252526611089706,0,0,0,0,0,0,0.279796183109283,0,0.195152318214669,0,0,0,0.258194146400074,0,0,0,0,0,0.231878852844238,0,0,0,0,0.246511374600232,0,0,0,0,0,0,0,0,0,0,0,0,0,0.245955990420447,0,0.178529527501366,0.182610986603273,0.213172397305889,0,0
0,0,0,0,0,0,0,0,0,0,0,0,0.158502440899611,0,0,0,0,0,0,0,0.154041742235422,0,0,0,0,0,0,0,0.164947859942913,0,0.17519879408858,0,0,0,0,0,0.164664003219622,0,0.154019634418958,0,0,0,0,0,0,0,0,0,0,0,0,0,0,0,0,0,0.196561795089356,0,0.156379797997383,0,0,0,0,0.143286116421223,0,0,0,0,0,0,0,0,0,0.10758638754487,0,0,0,0,0,0.167706408434444,0,0.189797662771665,0.138917783122571,0,0,0,0
0,0,0,0,0,0,0,0.128750760967915,0,0,0,0,0,0.182429065282537,0,0,0,0,0,0.179403272031098,0,0,0,0,0,0,0,0.151927650744511,0,0.142430360226527,0,0,0,0,0,0.161987087870308,0,0.175317243608645,0,0,0,0,0,0,0,0,0,0,0,0,0,0.30202682654966,0,0.160353514883253,0,0,0,0.207035576663448,0,0.15302563762089,0,0,0.158212305739858,0,0,0,0,0,0,0,0.144553451488415,0,0.226093514752922,0,0,0,0,0,0.172719567422829,0,0.192651747208503,0,0.167541303748594,0,0.222264071597772,0,0
0,0,0,0,0,0,0,0,0,0,0.158502440899611,0,0,0,0,0,0,0,0,0,0,0,0,0,0,0,0,0,0,0,0,0,0,0,0,0,0,0,0,0,0,0,0,0,0,0,0,0,0,0,0,0,0,0,0,0,0,0,0.136620403620703,0,0,0,0,0,0,0,0,0,0,0,0,0,0,0,0,0,0,0,0,0,0,0,0.15280332416296,0.158489480614662,0,0,0
0,0,0,0,0,0,0,0.185668957504359,0,0,0,0.182429065282537,0,0,0,0.220378950238228,0,0.292729690670967,0,0,0,0,0,0,0,0.219113154543771,0,0.186558138046946,0,0,0,0,0,0,0,0,0,0,0,0,0,0,0,0,0,0,0,0,0,0,0,0,0,0.198293570961271,0,0,0,0.169558628745701,0,0.167984116235291,0,0.158791663746039,0,0,0,0,0,0,0.219608495632807,0,0.194994956254959,0,0,0,0,0,0,0,0,0,0,0,0.181437779370011,0.196423366171879,0,0,0
0,0,0,0,0,0,0,0,0.178512662649155,0,0,0,0,0,0,0,0.139785373849528,0,0,0,0,0,0,0,0,0,0,0,0,0,0,0,0,0,0,0,0,0,0,0,0,0,0,0,0,0,0,0,0,0,0,0,0,0,0.177327379584312,0,0,0,0,0,0.195075842596236,0,0,0,0,0,0,0,0,0,0,0,0,0,0,0,0,0,0,0,0,0,0.146216720342636,0,0,0,0
0,0.221737028410037,0,0,0,0,0,0,0,0.228984609246254,0,0,0,0.220378950238228,0,0,0.173655703663826,0.157432865521629,0.215734302997589,0,0,0,0,0,0,0,0,0.19924410018656,0,0,0,0,0,0,0,0,0,0.237395510077477,0,0,0,0.232381358742714,0,0,0,0,0,0,0,0,0,0.228600740432739,0,0,0,0.276254143293311,0,0,0,0,0,0.190795563161373,0,0,0,0,0.245916947722435,0,0.142197251319885,0,0,0,0,0,0,0,0,0,0,0,0.233015976846218,0,0.161343359295896,0.201065225710332,0.23361150175333,0,0
0.361236326396465,0,0,0,0,0,0,0,0.13695134577297,0.273931503295898,0,0,0,0,0.139785373849528,0.173655703663826,0,0.175213834927893,0.288608418429857,0,0,0,0.137072115049735,0.154363142216907,0.172466084630374,0.19000808428973,0.157152958420426,0,0,0,0,0,0,0,0,0.276785572369893,0.326435527631215,0.285966455936432,0.214417634882789,0.296735659457635,0.299270131123754,0.261740214150885,0.260014982012564,0,0.262750886380672,0.309440925717354,0.297727160259253,0,0,0.343141883611679,0,0,0,0,0,0,0.331645177470313,0.305405706167221,0.354449927806854,0,0,0,0.319285643100739,0.311001735654744,0,0.112771914763884,0,0,0,0,0,0,0,0.331055501645262,0,0,0,0,0.294356171713501,0.313295022286231,0.308846908536824,0.322495628608746,0.210659119028311,0.154779723862994,0.327049845274614,0.259519301354885,0.26497314039801
0,0,0,0,0,0,0,0,0,0.174998177587986,0,0,0,0.292729690670967,0,0.157432865521629,0.175213834927893,0,0.275862930847248,0,0,0.160357349862655,0.174475409090519,0.178706790109475,0,0.151678973804573,0.191933751106262,0.211580226421356,0,0,0,0,0,0,0,0.288229376077652,0.307993851602077,0.276766419410706,0.289918780326843,0.312342497863268,0.289595672488213,0.259371887696417,0.251904448431529,0.253460189327598,0.241078187312399,0.31859590113163,0.285489324790736,0,0,0,0,0,0,0,0,0,0.26148185133934,0.315656721591949,0,0.247914762451099,0,0,0.318697138474538,0.295082221428553,0.202865086495876,0,0.182310470867725,0,0.153838562488556,0,0.203950661420822,0,0.301340540250142,0.313735979524526,0,0,0,0,0.289710649534276,0.302666115521014,0.300871967307983,0.304619355748097,0.195735644092025,0.148906119859076,0.290551110797999,0.260787872428244,0.249128733168949
0.297810998923924,0.361718072435435,0.28728187084198,0.262532257220962,0,0.248808925350507,0,0,0.268576132133603,0,0,0,0,0,0,0.215734302997589,0.288608418429857,0.275862930847248,0,0.456729114055634,0,0,0.247461079557737,0.228051051497459,0.223080262541771,0.250361574547631,0.179957151412964,0,0,0,0,0,0,0,0,0.323233516856295,0.350965180107065,0.35026766278527,0.330060861383875,0.334169033219583,0.335910240667812,0.238460361376208,0.241789828944568,0.198569345637225,0.236122696076409,0.359957856044435,0.331385217934348,0.363085031509399,0.27418825937354,0.297173769772053,0.265308856964111,0.252361889928579,0,0,0,0,0.321240830622362,0.354905456104535,0.250237382948399,0,0,0,0.322118594199419,0.332430949434638,0,0,0,0,0,0,0.274706691503525,0.308438997715712,0.36061348092556,0.343319367600958,0,0,0,0,0.325746499938947,0.340847189152023,0.378590930899565,0.375489248475211,0.256135633823882,0.245213427604773,0.332516338245877,0.236315118927964,0.23424664094431
0,0,0,0.306401282548904,0,0.15546607072739,0,0,0,0,0,0.179403272031098,0,0,0,0,0,0,0.456729114055634,0,0,0,0,0,0,0,0,0,0,0,0,0,0,0,0,0.173915708263518,0,0.187472348941154,0,0,0,0,0,0,0,0.29713475813226,0,0,0,0,0,0.211377877209868,0,0.152451671659946,0,0,0,0.174519254489148,0,0,0,0,0.196722222930499,0,0,0,0,0,0,0,0,0,0,0,0,0,0,0,0.218259728871859,0,0.193993865357091,0,0.181983817320365,0.197981667518616,0.244113577664762,0,0
0,0,0.339976727962494,0,0,0,0,0,0,0,0.154041742235422,0,0,0,0,0,0,0,0,0,0,0,0,0,0,0,0,0,0,0,0,0,0,0,0,0,0.189371592172145,0,0.224163697076005,0,0.378502398729324,0,0.264066658914089,0,0,0,0,0,0,0,0.262982871267013,0,0,0,0,0,0.175040687329885,0,0.317443623099216,0,0,0,0,0.201910928914694,0,0,0,0,0,0,0,0,0,0,0,0,0,0,0,0.232838675349029,0,0.264029776677489,0.169971816680011,0,0.29441641850604,0,0
0,0,0,0,0,0,0,0,0,0,0,0,0,0,0,0,0,0.160357349862655,0,0,0,0,0.116608616612528,0.188592958450317,0,0.137981940060854,0,0.149386768362352,0,0,0,0,0,0,0,0,0,0.182165701535996,0.142769327263037,0,0,0,0,0,0,0,0,0,0,0.20677205423514,0,0,0,0,0,0,0,0,0,0,0,0,0,0,0.179703547949556,0,0.212261821164025,0,0.171327992031972,0,0,0,0,0,0,0,0,0,0,0,0.201773311369694,0,0.141715904564267,0.144415811206518,0,0,0
0,0,0,0,0,0,0,0,0,0,0,0,0,0,0,0,0.137072115049735,0.174475409090519,0.247461079557737,0,0,0.116608616612528,0,0,0.208671125661896,0,0.169606188312173,0,0.1448426079005,0,0,0,0,0,0,0,0,0,0.171338043146351,0,0.256297647953033,0,0.228769615292549,0,0.22427137196064,0,0,0,0.228022679835558,0,0,0,0,0,0,0,0,0,0,0,0,0,0,0,0.110137635698685,0.18045324592951,0,0.240756847122882,0,0.183772429823875,0,0.237779170274734,0,0,0,0,0,0,0,0,0,0.1970553599298,0.133052952191998,0.146928706625632,0.254686087369919,0,0.247414603829384
0,0.208924229655947,0,0,0,0,0,0,0,0.241584768891335,0,0,0,0,0,0,0.154363142216907,0.178706790109475,0.228051051497459,0,0,0.188592958450317,0,0,0,0.133929789469049,0,0,0,0,0,0,0,0,0,0,0,0.156688855806502,0,0,0,0.245553448796272,0.214590564370155,0,0,0,0,0,0.270650327205658,0.189481830224395,0,0,0,0,0,0.258417466156919,0,0,0,0,0,0.211549130578836,0,0,0.192681973601909,0,0.20398452714698,0,0.145761416814266,0,0,0,0,0,0,0,0,0,0.297889113426208,0,0.163503803312778,0,0.179714282876567,0.169594198465347,0.296678345650434,0,0
0,0,0.232597514986992,0,0,0,0,0,0.193998079498609,0,0,0,0,0,0,0,0.172466084630374,0,0.223080262541771,0,0,0,0.208671125661896,0,0,0,0.185788760290426,0,0,0,0,0,0,0,0,0,0,0,0.217072301621733,0,0,0,0,0,0,0,0,0,0,0,0,0,0,0,0.195915217714748,0,0,0,0,0,0,0,0,0,0,0.224864019008426,0,0.221400054654093,0,0.196426514874805,0,0,0,0,0,0,0,0,0,0,0,0.266604898880198,0.181984729233331,0,0,0,0
0,0,0,0,0,0,0,0,0,0,0,0,0,0.219113154543771,0,0,0.19000808428973,0.151678973804573,0.250361574547631,0,0,0.137981940060854,0,0.133929789469049,0,0,0,0.170391325321462,0,0,0,0,0,0,0,0,0,0,0,0,0,0,0,0,0,0,0.301692932844162,0,0,0,0,0,0,0,0,0,0,0,0,0.1804052790006,0,0,0,0,0.158124857715198,0,0.188909528432069,0,0.162211637592541,0,0.149755859716994,0,0,0,0,0,0,0,0,0,0,0,0.190563240164035,0.203893046475883,0,0,0
0,0,0,0,0,0,0,0,0,0,0,0,0,0,0,0,0.157152958420426,0.191933751106262,0.179957151412964,0,0,0,0.169606188312173,0,0.185788760290426,0,0,0,0,0,0,0,0,0,0,0,0,0,0.181586110591888,0,0,0,0,0,0,0,0,0,0,0,0,0,0,0,0,0,0,0,0,0,0,0,0,0,0,0.156385347247124,0,0,0,0.188228729367256,0,0,0,0,0,0,0,0,0,0,0,0,0.165140238223654,0.180931150913239,0,0,0
0,0,0,0,0,0,0,0,0,0,0,0.151927650744511,0,0.186558138046946,0,0.19924410018656,0,0.211580226421356,0,0,0,0.149386768362352,0,0,0,0.170391325321462,0,0,0,0.166152691364731,0,0,0,0,0,0,0,0.152698337000871,0,0,0,0,0,0,0,0,0,0,0,0,0,0,0,0,0,0,0,0.150945549209913,0,0.173995397249122,0,0,0,0,0.148602966964245,0,0,0,0.173974535967174,0,0.150711452846938,0,0.179130635852736,0,0,0,0,0,0,0,0.159016415318276,0,0.167532125933645,0.191500353063466,0,0,0
0,0,0,0,0,0,0,0,0,0,0.164947859942913,0,0,0,0,0,0,0,0,0,0,0,0.1448426079005,0,0,0,0,0,0,0,0,0,0,0,0,0,0,0,0,0,0,0,0,0,0,0,0,0,0,0,0,0,0,0,0,0,0,0,0,0,0,0,0,0,0,0.234519332647324,0,0,0,0,0,0.179715059582115,0,0,0,0,0,0,0,0,0,0,0,0.202472150325775,0,0,0
0,0,0,0,0,0,0,0,0,0,0,0.142430360226527,0,0,0,0,0,0,0,0,0,0,0,0,0,0,0,0.166152691364731,0,0,0,0,0,0,0,0,0,0.157879333943129,0,0,0,0,0,0,0,0,0,0,0,0,0,0,0,0,0,0,0,0.142220489072556,0,0.146514654159546,0,0,0,0,0,0,0,0,0,0,0.172734750529467,0,0.174504846806677,0,0,0,0,0,0,0,0.153896616322213,0,0.138339982305964,0,0,0,0
0,0,0,0,0,0,0,0,0,0,0.17519879408858,0,0,0,0,0,0,0,0,0,0,0,0,0,0,0,0,0,0,0,0,0,0,0,0,0,0,0,0.13124402945346,0,0,0,0,0,0,0,0,0,0,0,0,0,0,0,0,0,0.168111130847769,0,0,0,0,0,0,0,0,0,0,0,0,0,0,0.13576599350874,0,0.191481139443137,0,0,0,0,0,0,0,0,0.176308110356331,0.179458735244615,0,0,0
0,0,0,0,0,0,0,0,0,0,0,0,0,0,0,0,0,0,0,0,0,0,0,0,0,0,0,0,0,0,0,0,0.164958090918471,0,0,0.223738107729603,0.317490256645463,0,0,0.506766051054001,0.286909821629524,0,0,0,0,0,0,0.319393584965517,0.496404932303862,0.504394056705328,0,0,0,0,0,0,0,0,0,0,0,0,0,0,0,0,0,0,0,0,0,0,0,0,0.184421622625817,0.157336833934809,0.164831287072351,0.207476556301117,0.211600181654744,0.608550628026327,0,0,0.163069585577036,0,0,0,0
0,0,0,0,0,0,0,0,0,0,0,0,0,0,0,0,0,0,0,0,0,0,0,0,0,0,0,0,0,0,0,0.164958090918471,0,0,0.216963327356747,0.155590558250745,0.155832547200731,0,0,0,0.165189988911152,0,0,0,0,0,0,0.232628379599743,0.291189541774137,0,0,0,0,0,0,0,0,0,0,0,0,0,0,0,0,0,0,0,0,0,0,0,0,0,0.188580611611114,0.176235694443838,0.157761475619148,0.209231678928648,0.19481067306229,0.144576024678018,0,0,0.135083472977082,0,0.306926608085632,0,0
0,0,0,0,0,0,0,0,0,0,0,0,0,0,0,0,0,0,0,0,0,0,0,0,0,0,0,0,0,0,0,0,0,0,0.191196205719537,0.182915281935742,0,0.187036477029324,0.622810781002045,0,0,0.298753798007965,0.255276498695215,0,0,0,0,0.313119676668109,0,0,0,0,0,0,0,0,0,0,0,0,0,0,0,0,0,0,0,0,0,0,0,0,0,0,0.196183523429292,0,0.191234723576007,0.173107328079641,0.192319466529556,0,0.206698417222711,0,0.173002116138639,0.248501545256552,0.231356710195541,0,0
0,0,0,0,0,0,0,0,0,0,0,0,0,0,0,0,0,0,0,0,0,0,0,0,0,0,0,0,0,0,0,0,0.216963327356747,0.191196205719537,0,0,0.142735267700306,0.134929897992507,0.271427902082602,0,0,0,0.194750010967255,0,0,0,0,0.225873406883329,0,0,0,0,0,0,0,0,0,0,0,0,0,0,0,0,0,0,0,0,0,0,0,0,0,0,0,0.222533895357235,0.177718463985874,0.18224878606164,0,0.152300308691338,0.129894745018747,0.251141527693584,0.171629198761873,0,0.249653354287148,0,0
0,0.373946534735816,0.245609750350316,0.285803317278624,0,0.266926239643778,0,0.18846175968647,0,0,0,0.161987087870308,0,0,0,0,0.276785572369893,0.288229376077652,0.323233516856295,0.173915708263518,0,0,0,0,0,0,0,0,0,0,0,0.223738107729603,0.155590558250745,0.182915281935742,0,0,0.234540005345751,0.188284033021826,0,0.297387398779392,0.324670672416687,0.279232998348532,0.296529531478882,0.258285535069612,0.321155488491058,0.283427095819778,0,0.605722837574956,0.434874564409256,0.343644781861194,0.243800217906634,0.233882559463382,0,0,0,0,0.260297924280167,0.175332474674691,0.238752562552691,0.316879391670227,0,0,0.214511121707052,0,0,0,0,0,0,0,0,0,0.313069254159927,0,0.180665132162782,0,0.1727972552395,0,0.236230704492686,0.238468390824721,0.27046811635548,0.310729146003723,0.192842744541862,0.177585626838903,0.24666110192854,0.291698850389268,0
0,0,0.258943145828588,0.25694927573204,0.185982331633568,0,0,0,0,0,0.164664003219622,0,0,0,0,0,0.326435527631215,0.307993851602077,0.350965180107065,0,0.189371592172145,0,0,0,0,0,0,0,0,0,0,0.317490256645463,0.155832547200731,0,0.142735267700306,0.234540005345751,0,0,0.186877314301901,0,0.304577393965288,0.41522878408432,0.321575969793743,0,0.339244481590059,0,0.269606308204921,0.64856922985227,0.505244327218909,0.424051478505135,0.238769604514043,0,0,0,0,0,0.183456643422445,0.23708838224411,0.259252398400693,0,0.251902639865875,0,0.314254909753799,0.216694457927927,0,0,0,0,0,0,0,0.288623332977295,0,0.250500537455082,0.284164837002754,0.157279300598466,0,0.16395066226028,0.285651053117352,0.244865531348423,0,0.242898163458421,0.175438980221303,0.17164410452048,0.219365495196917,0,0.340587165147539
0.374794751405716,0.196457106771508,0.399404615163803,0.330802454551061,0,0.331186324357986,0,0,0,0.221405065527149,0,0.175317243608645,0,0,0,0.237395510077477,0.285966455936432,0.276766419410706,0.35026766278527,0.187472348941154,0,0.182165701535996,0,0.156688855806502,0,0,0,0.152698337000871,0,0.157879333943129,0,0,0,0.187036477029324,0.134929897992507,0.188284033021826,0,0,0.284079801731853,0.29611624032259,0,0.317604159690299,0.633683993057771,0.246687479317188,0,0.321062793095968,0,0.6749263836621,0,0.409169922934638,0,0.216450601816177,0,0,0.367403626441956,0.236242787144816,0,0.173760835325049,0,0,0,0.197967203394059,0.258580323384733,0,0.201247076224829,0,0.210824867713222,0,0,0,0.156750023365021,0,0.136921927332878,0,0,0,0.128254526769932,0,0.234978861924144,0,0.229140269669525,0,0.271486850489531,0.38803200686382,0.378396460696201,0.339022067685922,0
0.260238487450849,0.345974368708474,0.259598894044757,0.334292054176331,0,0,0,0,0.201747580008073,0.297264322638512,0.154019634418958,0,0,0,0,0,0.214417634882789,0.289918780326843,0.330060861383875,0,0.224163697076005,0.142769327263037,0.171338043146351,0,0.217072301621733,0,0.181586110591888,0,0,0,0.13124402945346,0,0,0.622810781002045,0.271427902082602,0,0.186877314301901,0.284079801731853,0,0,0.320704966783524,0.469718990325928,0.363397959699022,0,0,0,0.263024711738462,0.667356613882204,0.325276671412965,0.420357581228018,0,0,0,0,0.198593648666507,0.344658826078687,0.168068507608241,0,0.334324657917023,0,0,0.291484892368317,0,0.254992952781026,0.136099045596472,0.183559138620341,0.515710393587748,0.186935455829933,0,0,0,0,0,0.157118252824664,0,0,0.139862421900034,0.240935842421922,0,0.230430528815912,0.269608912510531,0.224109191906558,0.362852340987543,0.298120072503623,0.3748470662704,0,0.334831671168407
0,0.428469213967522,0,0.299258133539787,0,0.261261681715647,0,0,0,0,0,0,0,0,0,0,0.296735659457635,0.312342497863268,0.334169033219583,0,0,0,0,0,0,0,0,0,0,0,0,0.506766051054001,0,0,0,0.297387398779392,0,0.29611624032259,0,0,0.343394092151097,0.319469465998545,0.29284006729722,0.341141496014416,0,0.242089931790444,0.32262863094608,0.511371736083584,0.531813771128654,0.378572215901202,0,0.254524111747742,0,0,0,0.353290289640427,0.287376284599304,0.302580322932314,0,0.248563622434934,0,0.256342172622681,0.25484188241783,0.328981876373291,0,0,0,0,0,0,0,0,0.312647996097803,0.326527193188667,0.503452767928441,0,0,0,0.299327534202435,0.337903432272099,0.309807090242957,0.311950713396072,0.345055781790544,0,0.296968713819104,0.295265848997613,0.316252758105596
0.444425368850881,0,0.284066535094205,0,0,0,0,0,0,0,0,0,0,0,0,0,0.299270131123754,0.289595672488213,0.335910240667812,0,0.378502398729324,0,0.256297647953033,0,0,0,0,0,0,0,0,0.286909821629524,0.165189988911152,0,0,0.324670672416687,0.304577393965288,0,0.320704966783524,0.343394092151097,0,0.379172338172793,0.285631174406159,0,0.317330896570569,0,0.227459194650362,0.432198164513921,0.501447510782222,0.425751341240747,0.242929123342037,0,0,0,0,0,0.282725222905477,0,0.254423314971583,0,0.248651399305373,0,0.384273916482925,0.25771056241714,0,0,0,0,0,0,0,0.309037208557129,0.348141074180603,0.305805216232936,0.538947373628616,0.207926694569843,0,0,0.355404369533062,0.28901172063887,0,0.34640732606252,0.289204917357633,0.269133329764008,0.323940734538526,0,0.347659206720812
0.319515686035156,0.29668147989219,0.341505399521659,0.28598410972921,0,0.266697051624457,0,0,0.290228641238706,0.24205672626312,0,0,0,0,0,0.232381358742714,0.261740214150885,0.259371887696417,0.238460361376208,0,0,0,0,0.245553448796272,0,0,0,0,0,0,0,0,0,0.298753798007965,0,0.279232998348532,0.41522878408432,0.317604159690299,0.469718990325928,0.319469465998545,0.379172338172793,0,0.336513768095317,0.206062556897538,0.293522973855336,0.295580950936651,0.313685411756689,0.464851502077542,0.462548479201302,0.351770139570555,0.327391849322753,0.267923634212751,0,0,0.269661460071802,0.228571288082578,0.354146924885836,0.303822931098979,0.332655469576518,0.24771760225296,0.296733409166336,0.218365843985334,0.335804298520088,0,0.382116407155991,0,0.340882360935211,0,0,0,0.336400492323769,0,0.303764233140594,0.344060709079107,0,0,0,0,0.2929804601266,0.285519683361053,0.315821444362331,0.497333290902051,0.326158529737783,0.47123116554647,0.31785933093964,0.264729153077033,0.490623799285718
0.330391568748465,0.21792571246624,0.295697408014553,0.341177155574163,0,0.281196251511574,0,0,0.253479763636222,0.252526611089706,0,0,0,0,0,0,0.260014982012564,0.251904448431529,0.241789828944568,0,0.264066658914089,0,0.228769615292549,0.214590564370155,0,0,0,0,0,0,0,0,0,0.255276498695215,0.194750010967255,0.296529531478882,0.321575969793743,0.633683993057771,0.363397959699022,0.29284006729722,0.285631174406159,0.336513768095317,0,0.238832558194796,0.246322030739652,0.253113389015198,0.321087125897875,0.385466373934831,0.392784517174067,0.451596946826259,0.280795797554625,0.279997453093529,0,0,0.224099347988764,0.322367896636327,0.31105792208131,0.304512619972229,0.298207609571124,0,0.273000808794107,0.242722690105438,0.252258628606796,0.314025535362081,0,0,0,0.299570769071579,0,0,0,0.3295876210665,0.314108103513718,0.314444323512891,0,0,0,0,0.307422639085696,0.29154788736342,0.398700546134602,0.340484160747901,0.276302025341855,0.303553726498064,0.311119489624271,0.517073494692644,0.252616822931126
0,0,0,0,0,0.265709787607193,0,0,0,0,0,0,0,0,0,0,0,0.253460189327598,0.198569345637225,0,0,0,0,0,0,0,0,0,0,0,0,0,0,0,0,0.258285535069612,0,0.246687479317188,0,0.341141496014416,0,0.206062556897538,0.238832558194796,0,0,0.368383879011328,0,0,0,0.330390378832817,0,0,0,0,0,0,0,0,0,0,0,0,0.325385604132997,0,0,0,0,0,0,0,0,0,0.294762790203094,0,0,0,0,0,0.294435313912397,0,0.272122963749129,0.271031469106674,0.217831384567987,0,0.249813617494973,0.217707876900309,0
0.292697906494141,0,0,0,0,0,0,0,0.340839803218842,0,0,0,0,0,0,0,0.262750886380672,0.241078187312399,0.236122696076409,0,0,0,0.22427137196064,0,0,0,0,0,0,0,0,0,0,0,0,0.321155488491058,0.339244481590059,0,0,0,0.317330896570569,0.293522973855336,0.246322030739652,0,0,0,0.376734355766628,0,0.387311935424805,0.307573974132538,0,0,0,0,0,0,0.282834321260452,0.308716833591461,0.287516683340073,0,0,0,0,0.372920602202415,0,0,0,0,0,0,0,0,0.316751629114151,0.302499991196852,0,0,0,0,0.307410955429077,0.367890577690274,0.312500789761543,0.348042982816696,0.207868011997027,0.28089530307513,0.269569499677072,0.242401100695133,0.22512932749171
0,0.39778646081686,0,0.262448237874569,0,0.228228886922201,0,0,0,0,0,0,0,0,0,0,0.309440925717354,0.31859590113163,0.359957856044435,0.29713475813226,0,0,0,0,0,0,0,0,0,0,0,0,0,0,0,0.283427095819778,0,0.321062793095968,0,0.242089931790444,0,0.295580950936651,0.253113389015198,0.368383879011328,0,0,0,0.340117663145065,0.440986484289169,0.251498072445393,0,0.246260766472135,0,0,0,0,0,0.3244685437442,0,0.244608029723167,0,0,0.264292175820145,0,0,0,0,0,0,0,0,0,0.351628394301878,0,0,0,0,0,0.266586024027221,0.376215606927872,0.316308777920533,0,0.330622214308152,0,0.262835232375301,0.306158521345683,0
0.353038305044174,0,0.2857225136115,0,0,0,0,0,0.275821387767792,0,0,0,0,0,0,0,0.297727160259253,0.285489324790736,0.331385217934348,0,0,0,0,0,0,0.301692932844162,0,0,0,0,0,0,0,0,0,0,0.269606308204921,0,0.263024711738462,0.32262863094608,0.227459194650362,0.313685411756689,0.321087125897875,0,0.376734355766628,0,0,0,0.305341717074899,0.315334737300873,0.255897756952506,0,0,0,0,0,0.284472888909312,0.305456121762594,0.269059570772307,0,0.232725230976939,0,0.316767565906048,0.288870809855679,0,0,0,0,0,0,0,0.290882706642151,0.341344475746155,0.290388263526006,0,0,0,0,0.316380046308041,0.29775429434171,0.325879782438278,0.286234311104209,0.329244983167895,0.337572959656271,0.327722633786493,0.25171797722578,0.278942107063968
0.379559812637476,0.343833014369011,0.345840506255627,0.325674623250961,0,0.326332174241543,0,0,0.386463671922684,0,0,0,0,0,0,0,0,0,0.363085031509399,0,0,0,0,0,0,0,0,0,0,0,0,0.319393584965517,0.232628379599743,0.313119676668109,0.225873406883329,0.605722837574956,0.64856922985227,0.6749263836621,0.667356613882204,0.511371736083584,0.432198164513921,0.464851502077542,0.385466373934831,0,0,0.340117663145065,0,0,0.527662087840085,0.479130366885296,0.318865299224854,0,0,0,0.317575555294752,0,0.370966643095016,0.35700786113739,0.34803960720698,0,0.38060536980629,0.293574243783951,0,0,0.425776839256287,0,0.479547031223774,0,0,0,0,0,0,0.36218535900116,0.4860534904332,0.198032438579728,0.299940943717957,0.200865813370409,0.495412640088149,0.389389040170783,0.562199886103994,0.604231241894396,0.585757624720479,0.515058488462322,0.44329947501175,0.53124538064003,0.524144429713488
0.288098553844149,0,0.17419643717056,0,0,0,0,0,0.241461134547817,0,0,0,0,0,0,0,0,0,0.27418825937354,0,0,0,0.228022679835558,0.270650327205658,0,0,0,0,0,0,0,0.496404932303862,0.291189541774137,0,0,0.434874564409256,0.505244327218909,0,0.325276671412965,0.531813771128654,0.501447510782222,0.462548479201302,0.392784517174067,0,0.387311935424805,0.440986484289169,0.305341717074899,0.527662087840085,0,0.471293593304498,0.27068653593703,0,0,0,0.252072875698407,0,0.305974732540138,0.354838818311691,0.29481275703596,0,0.276079394832947,0,0,0.273643527925015,0,0.239881607933321,0,0.213080587486426,0,0.356675242384275,0,0.358015257938235,0.368802100419998,0.278072951587976,0.531261526048183,0.319282650947571,0,0.332726084760257,0.622282485167185,0.328943131893289,0.39939072728157,0.281701756548136,0.420505698016613,0.312478568624048,0.354494615612335,0.330818027257919,0.328940605478627
0.330298848450184,0.254236179677879,0.346374616026878,0.237297208309174,0.366535216569901,0.269845969297669,0,0,0.310759703318278,0.279796183109283,0,0,0,0,0,0,0.343141883611679,0,0.297173769772053,0,0,0.20677205423514,0,0.189481830224395,0,0,0,0,0,0,0,0.504394056705328,0,0,0,0.343644781861194,0.424051478505135,0.409169922934638,0.420357581228018,0.378572215901202,0.425751341240747,0.351770139570555,0.451596946826259,0.330390378832817,0.307573974132538,0.251498072445393,0.315334737300873,0.479130366885296,0.471293593304498,0,0.312527238080899,0.265967237949371,0,0,0.324049383401871,0,0.346152955835516,0.292765390237465,0.327114518199648,0.252176086539808,0,0.220536122719447,0.34337122241656,0,0.238900708368403,0,0.199224191216322,0,0.170919507741928,0,0.281403094530106,0,0.233557847393638,0.262156248092651,0,0,0,0,0.336042891248413,0,0.389051937803309,0.524265537659327,0.334595897489758,0.463198511964745,0.333105705604506,0.45193293094635,0.459789258241653
0.319188833236694,0,0.186877674290112,0,0.244283770838528,0,0.235879356662432,0,0.196074643731117,0,0,0,0,0,0,0,0,0,0.265308856964111,0,0.262982871267013,0,0,0,0,0,0,0,0,0,0,0,0,0,0,0.243800217906634,0.238769604514043,0,0,0,0.242929123342037,0.327391849322753,0.280795797554625,0,0,0,0.255897756952506,0.318865299224854,0.27068653593703,0.312527238080899,0,0,0.233393684029579,0,0.197485387325287,0,0.211741227090359,0,0.217199943959713,0,0,0,0,0.254157791328099,0,0,0,0,0,0,0,0,0,0.272216498851776,0,0,0,0,0,0.242918638146331,0,0,0.227974164765328,0.222963535537322,0.238028381240144,0.304102063179016,0.297777956724167
0,0.194660690426826,0,0.224942301572855,0,0.19582305143087,0,0.160832956433296,0,0.195152318214669,0,0.30202682654966,0,0,0,0.228600740432739,0,0,0.252361889928579,0.211377877209868,0,0,0,0,0,0,0,0,0,0,0,0,0,0,0,0.233882559463382,0,0.216450601816177,0,0.254524111747742,0,0.267923634212751,0.279997453093529,0,0,0.246260766472135,0,0,0,0.265967237949371,0,0,0,0.185433459969667,0,0.191127125705991,0,0.280817166613094,0,0.266281202435493,0,0.170748708630676,0.219870694526812,0,0,0,0,0,0,0,0,0,0.291786223649979,0,0,0,0,0,0.261700158938766,0,0.305652829733762,0,0.182689605721737,0.257732186938675,0.255779501774582,0.268229514360428,0
0,0,0,0,0.226609081029892,0,0,0,0,0,0,0,0,0,0,0,0,0,0,0,0,0,0,0,0,0,0,0,0,0,0,0,0,0,0,0,0,0,0,0,0,0,0,0,0,0,0,0,0,0,0.233393684029579,0,0,0,0,0,0,0,0,0,0,0,0,0,0,0,0,0,0,0,0,0,0,0,0,0,0,0,0,0,0,0,0,0,0,0,0
0,0,0,0,0,0.149780480191112,0,0.183978397714494,0,0,0,0.160353514883253,0,0.198293570961271,0,0,0,0,0,0.152451671659946,0,0,0,0,0,0,0,0,0,0,0,0,0,0,0,0,0,0,0,0,0,0,0,0,0,0,0,0,0,0,0,0.185433459969667,0,0,0,0,0,0.1896710713443,0,0.196505530707298,0,0,0.159786997251953,0,0,0,0,0,0,0,0,0,0,0,0,0,0,0,0,0,0,0,0.179292434390555,0,0,0,0
0.142263445345794,0.284699380397797,0.134696364402771,0,0.130767430033949,0,0,0,0.189514575999378,0,0,0,0,0,0.177327379584312,0,0,0,0,0,0,0,0,0,0.195915217714748,0,0,0,0,0,0,0,0,0,0,0,0,0.367403626441956,0.198593648666507,0,0,0.269661460071802,0.224099347988764,0,0,0,0,0.317575555294752,0.252072875698407,0.324049383401871,0.197485387325287,0,0,0,0,0,0.277805000543594,0,0,0,0.18514343673313,0,0,0,0,0,0,0.181654663681984,0,0,0,0,0,0,0,0,0,0,0,0,0,0.199923717607402,0.186977834157322,0.183112263679504,0.17872518616227,0,0
0,0.193513136188589,0,0.15214524929648,0,0.230175331234932,0,0,0.28647568821907,0.258194146400074,0,0,0,0,0,0.276254143293311,0,0,0,0,0,0,0,0.258417466156919,0,0,0,0,0,0,0,0,0,0,0,0,0,0.236242787144816,0.344658826078687,0.353290289640427,0,0.228571288082578,0.322367896636327,0,0,0,0,0,0,0,0,0.191127125705991,0,0,0,0,0,0.246349528431892,0,0,0,0.214272774106734,0,0,0,0,0.290983865797705,0,0,0,0,0,0,0,0,0,0,0,0,0,0.271720684419467,0.51776659488678,0.211464703349131,0.300584450364113,0.244790636740314,0,0
0.324065269921955,0,0.288396384289016,0,0.211804255247116,0,0,0,0.28462568335775,0,0.196561795089356,0,0,0,0,0,0.331645177470313,0.26148185133934,0.321240830622362,0,0.175040687329885,0,0,0,0,0,0,0,0,0,0.168111130847769,0,0,0,0,0.260297924280167,0.183456643422445,0,0.168068507608241,0.287376284599304,0.282725222905477,0.354146924885836,0.31105792208131,0,0.282834321260452,0,0.284472888909312,0.370966643095016,0.305974732540138,0.346152955835516,0.211741227090359,0,0,0,0.277805000543594,0,0,0,0.247684825089777,0,0.235234096107713,0,0,0.303308425146747,0,0,0,0,0,0,0,0.381022898268096,0,0.283565323013998,0,0,0,0,0.318925827741623,0.286038300094123,0,0.266718115657568,0.275521552022211,0.306566514647924,0.299092382485522,0,0.336920243070786
0.30056443810463,0.327239267693626,0,0.282299497895303,0,0.26369781502419,0,0.20505793094635,0,0,0,0.207035576663448,0,0.169558628745701,0,0,0.305405706167221,0.315656721591949,0.354905456104535,0.174519254489148,0,0,0,0,0,0,0,0.150945549209913,0,0.142220489072556,0,0,0,0,0,0.175332474674691,0.23708838224411,0.173760835325049,0,0.302580322932314,0,0.303822931098979,0.304512619972229,0,0.308716833591461,0.3244685437442,0.305456121762594,0.35700786113739,0.354838818311691,0.292765390237465,0,0.280817166613094,0,0.1896710713443,0,0.246349528431892,0,0,0,0.311073554216055,0,0.284793672817094,0.265287859781557,0,0,0,0,0,0,0,0.354276594273823,0,0.281430791561788,0.297387689352036,0,0,0,0,0.28862091054519,0.319414466619492,0.224965007177421,0.317736208438873,0.266655888567235,0,0.326811754400224,0.331688596142663,0.356251999735832
0.330301797389984,0,0.250704951286316,0,0,0,0,0,0.292482137680054,0,0.156379797997383,0,0.136620403620703,0,0,0,0.354449927806854,0,0.250237382948399,0,0.317443623099216,0,0,0,0,0,0,0,0,0,0,0,0,0,0,0.238752562552691,0.259252398400693,0,0.334324657917023,0,0.254423314971583,0.332655469576518,0.298207609571124,0,0.287516683340073,0,0.269059570772307,0.34803960720698,0.29481275703596,0.327114518199648,0.217199943959713,0,0,0,0,0,0.247684825089777,0,0,0,0.232422599196434,0,0,0.337173160045378,0,0,0,0,0,0.281636655330658,0,0.259855282306671,0,0.307930164866977,0,0,0,0,0,0.273869656732208,0,0,0.244895259737968,0.266210339963436,0.277612678447495,0.314544916152954,0.304095584154129
0,0.309016674757004,0,0.239633315963443,0,0,0,0.19237730180895,0,0,0,0.15302563762089,0,0.167984116235291,0,0,0,0.247914762451099,0,0,0,0,0,0,0,0.1804052790006,0,0.173995397249122,0,0.146514654159546,0,0,0,0,0,0.316879391670227,0,0,0,0.248563622434934,0,0.24771760225296,0,0,0,0.244608029723167,0,0,0,0.252176086539808,0,0.266281202435493,0,0.196505530707298,0,0,0,0.311073554216055,0,0,0,0.28444698753587,0.28366881608963,0,0,0,0,0,0.260797595175413,0,0.243551587092263,0,0.277322853604953,0,0,0,0,0,0.313821178674698,0,0.338470458984375,0,0.181551865908528,0.191054500236705,0.275241642953858,0,0
0.259001106023788,0,0.221687028805415,0,0,0,0,0,0.185000635865258,0,0,0,0,0,0.195075842596236,0,0,0,0,0,0,0,0,0,0,0,0,0,0,0,0,0,0,0,0,0,0.251902639865875,0,0,0,0.248651399305373,0.296733409166336,0.273000808794107,0,0,0,0.232725230976939,0.38060536980629,0.276079394832947,0,0,0,0,0,0.18514343673313,0,0.235234096107713,0,0.232422599196434,0,0,0,0,0.230940043926239,0,0,0,0,0,0.245990427187931,0,0.282549855113029,0,0.278284650248008,0,0,0,0,0,0.257748847206434,0,0.252287459644404,0.249328325192134,0.275397971272469,0.248110719527935,0,0
0.227950021624565,0.187941647001675,0,0.184350362708492,0,0,0,0,0,0.231878852844238,0,0,0,0.158791663746039,0,0.190795563161373,0,0,0,0,0,0,0,0.211549130578836,0,0,0,0,0,0,0,0,0,0,0,0,0,0.197967203394059,0.291484892368317,0.256342172622681,0,0.218365843985334,0.242722690105438,0,0,0,0,0.293574243783951,0,0.220536122719447,0,0.170748708630676,0,0,0,0.214272774106734,0,0.284793672817094,0,0.28444698753587,0,0,0,0,0,0,0.213711650269787,0,0.212203883798793,0,0.190328732132912,0,0.22909358382225,0,0,0,0,0,0,0,0.226214734216531,0,0.2325728116557,0.261855661869049,0.199349683830301,0,0
0,0.40037328004837,0,0.327096511920293,0,0.160227540745793,0,0.149763747221894,0,0,0,0.158212305739858,0,0,0,0,0.319285643100739,0.318697138474538,0.322118594199419,0.196722222930499,0,0,0,0,0,0,0,0,0,0,0,0,0,0,0,0.214511121707052,0.314254909753799,0.258580323384733,0,0.25484188241783,0.384273916482925,0.335804298520088,0.252258628606796,0.325385604132997,0,0.264292175820145,0.316767565906048,0,0,0.34337122241656,0,0.219870694526812,0,0.159786997251953,0,0,0,0.265287859781557,0,0.28366881608963,0,0,0,0,0,0,0,0,0,0,0,0,0.354755042698877,0.342302516102791,0,0,0,0,0.262006343260285,0.355329185724258,0.293493765509791,0.341240271925926,0.212222125667792,0,0.306432530017672,0.277317002415657,0.307164818048477
0.336896399656932,0,0.303492583334446,0.309896558523178,0,0,0,0,0.287708848714828,0,0.143286116421223,0,0,0,0,0,0.311001735654744,0.295082221428553,0.332430949434638,0,0.201910928914694,0,0,0,0,0,0,0,0,0,0,0,0,0,0,0,0.216694457927927,0,0.254992952781026,0.328981876373291,0.25771056241714,0,0.314025535362081,0,0.372920602202415,0,0.288870809855679,0,0.273643527925015,0,0.254157791328099,0,0,0,0,0,0.303308425146747,0,0.337173160045378,0,0.230940043926239,0,0,0,0,0,0,0,0,0,0,0.328788280487061,0,0.294048068447215,0,0,0,0,0,0.2534074967067,0,0.285131209621242,0.274477691510796,0.351354773630176,0.312502312268171,0,0.293422517451373
0,0,0,0,0,0,0,0,0,0,0,0,0,0,0,0,0,0.202865086495876,0,0,0,0.179703547949556,0.110137635698685,0.192681973601909,0,0.158124857715198,0,0.148602966964245,0,0,0,0,0,0,0,0,0,0.201247076224829,0.136099045596472,0,0,0.382116407155991,0,0,0,0,0,0.425776839256287,0,0.238900708368403,0,0,0,0,0,0,0,0,0,0,0,0,0,0,0,0,0.233394095053275,0,0.266836787148039,0,0,0,0,0,0,0,0,0,0,0,0.269407957497534,0.148779764771461,0.133676460520788,0.127424258927195,0.372342385351658,0,0
0,0,0,0,0,0,0,0,0,0,0,0,0,0,0,0,0.112771914763884,0,0,0,0,0,0.18045324592951,0,0.224864019008426,0,0.156385347247124,0,0.234519332647324,0,0,0,0,0,0,0,0,0,0.183559138620341,0,0,0,0,0,0,0,0,0,0.239881607933321,0,0,0,0,0,0,0,0,0,0,0,0,0,0,0,0,0,0,0.259203118656802,0,0.285352334805897,0,0.246642430039013,0,0,0,0,0,0,0,0,0,0.22275110357441,0.159226673793061,0.127002098465838,0,0,0
0,0.241621737246928,0,0,0,0,0,0,0,0.246511374600232,0,0,0,0,0,0.245916947722435,0,0.182310470867725,0,0,0,0.212261821164025,0,0.20398452714698,0,0.188909528432069,0,0,0,0,0,0,0,0,0,0,0,0.210824867713222,0.515710393587748,0,0,0.340882360935211,0,0,0,0,0,0.479547031223774,0,0.199224191216322,0,0,0,0,0,0.290983865797705,0,0,0,0,0,0.213711650269787,0,0,0.233394095053275,0,0,0,0.178699746727943,0,0,0,0,0,0,0,0,0,0,0,0.257101964044834,0,0.207914528669789,0.510903418064117,0.315764253800229,0,0
0.219384443428781,0,0.235169798135757,0,0,0,0,0,0.190534165927342,0,0,0,0,0,0,0,0,0,0,0,0,0,0.240756847122882,0,0.221400054654093,0,0,0,0,0,0,0,0,0,0,0,0,0,0.186935455829933,0,0,0,0.299570769071579,0,0,0,0,0,0.213080587486426,0,0,0,0,0,0.181654663681984,0,0,0,0,0,0,0,0,0,0,0.259203118656802,0,0,0,0.291422101167532,0,0,0,0,0,0,0,0,0,0,0,0.234093979432071,0.169958577125887,0,0.148899588514777,0,0
0,0.161478946606318,0,0,0,0,0,0,0,0,0,0,0,0.219608495632807,0,0.142197251319885,0,0.153838562488556,0,0,0,0.171327992031972,0,0.145761416814266,0,0.162211637592541,0,0.173974535967174,0,0,0,0,0,0,0,0,0,0,0,0,0,0,0,0,0,0,0,0,0,0.170919507741928,0,0,0,0,0,0,0,0,0,0.260797595175413,0,0.212203883798793,0,0,0.266836787148039,0,0.178699746727943,0,0,0,0.260545498901798,0,0.198437924186389,0,0,0,0,0,0,0,0,0,0.184924473651021,0.199897058606148,0.165594863891602,0,0
0,0,0,0,0,0,0,0,0,0,0,0,0,0,0,0,0,0,0,0,0,0,0.183772429823875,0,0.196426514874805,0,0.188228729367256,0,0,0,0,0,0,0,0,0,0,0,0,0,0,0,0,0,0,0,0,0,0.356675242384275,0,0,0,0,0,0,0,0,0,0.281636655330658,0,0.245990427187931,0,0,0,0,0.285352334805897,0,0.291422101167532,0,0,0,0.366614782431508,0,0.36526857316494,0,0,0,0,0,0,0,0,0.164344422519207,0,0.345909605423609,0,0
0,0.17561811208725,0,0,0,0,0,0,0,0,0,0.144553451488415,0,0.194994956254959,0,0,0,0.203950661420822,0.274706691503525,0,0,0,0,0,0,0.149755859716994,0,0.150711452846938,0,0.172734750529467,0,0,0,0,0,0,0,0.156750023365021,0,0,0,0.336400492323769,0,0,0,0,0,0,0,0.281403094530106,0,0,0,0,0,0,0,0.354276594273823,0,0.243551587092263,0,0.190328732132912,0,0,0,0,0,0,0.260545498901798,0,0,0,0.204339984291991,0,0,0,0,0,0,0,0,0,0.165670860046094,0.191757075001146,0.206141058769491,0,0
