0,0,0.231311566450379,0,0,0,0,0,0.193368894071126,0.351452112197876,0.473438948392868,0,0,0,0,0,0.375421866774559,0,0.481150076502845,0,0.552710264921188,0,0,0,0.217093259096146,0,0,0,0,0,0,0,0,0.363170623779297,0,0,0.477073192596436,0,0.306890279054642,0,0.499177863200506,0,0.289357801655243,0,0,0,0.393532007932663,0.362413530349731,0.218392722172345,0,0,0,0,0,0.171387518591741,0,0.406494502425194,0,0,0,0.126975640993227,0,0,0.390821977969139,0,0,0,0.210881850123405,0,0,0,0,0,0.45881362259388,0,0,0.380148202180862,0,0.319082200527191,0.478197429100228,0,0.386226843532763,0.338718520988918,0.271993041038513,0.316029211264972,0,0.387263670563698
0,0,0,0.168402642177211,0,0,0,0,0,0.15756623229284,0,0,0,0,0,0,0,0,0,0,0,0,0,0.205451227724552,0,0,0,0,0,0,0,0,0,0.404150941542217,0,0,0,0.307353837963413,0,0,0,0.348433242383721,0.343722134828568,0,0,0,0,0.34870117172632,0.404945105314255,0.209997606787523,0,0,0,0,0,0.164490570433629,0,0.31936913728714,0,0,0,0.194396682083607,0,0,0,0,0.204648149199784,0,0.133637799322605,0,0,0,0,0,0,0,0,0,0,0,0.225722948908806,0,0.254622142710914,0,0.285866125871963,0.40979435810676,0
0.231311566450379,0,0,0.29436394572258,0.200489429136117,0,0,0,0.179604099525346,0,0.248220913112164,0,0,0,0,0,0.326089516282082,0,0.299951962062291,0,0.232924290001392,0,0,0,0,0,0,0,0,0,0,0,0,0.440571546554565,0,0,0.336883187294006,0,0.308499972025553,0.304566564659278,0.333255251248678,0.235566437244415,0.32637823727114,0,0,0.279122769832611,0.282819194888527,0.337682515382767,0.173661957077655,0,0.212705965553011,0,0,0,0.175461931006853,0,0.267125732893866,0,0.191436782479286,0,0.16914256910483,0,0,0.284743328605379,0,0,0,0,0,0,0,0.298030257225037,0.349137246608734,0.273667129186484,0,0,0,0,0.303262293338776,0.360089141575769,0.392669022083282,0.34462730442324,0.285502140635046,0,0.270978032679579,0,0.276756525039673
0,0.168402642177211,0.29436394572258,0,0,0.211132520337704,0,0,0,0.192361427261632,0,0,0,0,0,0,0,0.292121827602386,0.32147113357981,0,0,0,0,0.281214356422424,0,0,0,0,0,0,0,0,0,0.430970633029938,0,0.360848158597946,0,0.337849006056786,0.353187501430511,0.287692108324596,0.320868372917175,0.327393948736757,0.305645549297333,0.325672586758931,0,0.275805664224546,0.310572649041812,0.369847664579016,0.30332824587822,0.267642977597258,0,0.245395784670452,0,0,0,0.190047571477767,0.31242161989212,0.211313675115774,0,0.196759478993786,0,0,0.264231320085197,0.330293168624242,0,0,0.306730359792709,0,0,0,0.320082053542137,0,0.32502351352509,0.320176482200623,0,0,0,0,0.290515397251005,0.344752776622772,0.353418960087541,0.400927762190501,0.259989345667972,0.33772873878479,0.290345404952927,0.322809497515361,0
0,0,0.200489429136117,0,0,0,0,0,0.163945312963592,0,0,0,0,0,0,0,0.285239547491074,0,0,0,0.178638052940369,0,0,0,0,0,0,0,0,0,0,0,0,0,0,0,0.198677942156792,0,0,0,0,0,0.288449812680483,0,0,0,0.201417866875144,0,0.255438048694585,0,0.209588753026828,0,0,0,0.174597541125197,0,0.212329601868987,0,0,0,0.252033121883869,0,0,0.223278040235693,0,0,0,0,0,0,0,0,0,0.309187144041061,0,0,0,0,0,0.222354899434482,0,0.327671557664871,0.204057384647575,0,0.209396514468468,0,0
0,0,0,0.211132520337704,0,0,0,0.138337507843971,0,0.259399214265298,0,0,0,0,0,0,0,0,0,0.14893344699594,0,0,0,0,0,0,0,0,0,0,0,0,0,0,0,0.159333668649197,0,0.252317175269127,0,0.265348641574383,0,0.283774721622467,0,0,0,0.234342438031415,0,0,0,0.288967654109001,0,0.266485951954338,0,0.167406126856804,0,0.259115516394377,0,0,0,0,0,0.212340168654919,0.189074586257557,0,0,0,0,0,0,0,0,0,0.273389846086502,0,0,0,0,0,0.26860408767544,0.324315547943115,0.311832888258828,0,0.213284002833588,0,0.226532938929252,0,0
0,0,0,0,0,0,0,0,0,0,0.224212115630507,0,0,0,0,0,0,0,0,0,0,0,0,0,0,0,0,0,0,0,0,0,0,0,0,0,0.177458256483078,0,0,0,0,0,0,0,0,0,0.194255724549294,0,0,0,0,0,0.15167880654335,0,0,0,0,0,0,0,0,0,0,0,0,0,0,0,0,0,0,0,0,0,0,0,0,0,0,0,0,0,0.159964071756059,0,0.199809059500694,0,0
0,0,0,0,0,0.138337507843971,0,0,0,0,0,0,0,0,0,0,0,0,0,0.141702651977539,0,0,0,0,0,0,0,0,0,0,0,0,0,0,0,0,0,0,0,0,0,0,0,0,0,0,0,0,0,0,0,0,0,0.154541939496994,0,0,0,0,0,0,0,0,0,0,0,0,0,0,0,0,0,0,0,0,0,0,0,0,0,0,0,0,0,0,0,0,0
0.193368894071126,0,0.179604099525346,0,0.163945312963592,0,0,0,0,0,0,0,0,0,0.172969801351428,0,0,0,0.281926304101944,0,0,0,0,0,0,0,0,0,0,0,0,0,0,0,0,0,0,0,0.156911097466946,0.354280799627304,0,0,0.223289194915976,0,0,0,0.314726829528809,0,0.228433366332735,0,0,0,0,0,0.224749104722912,0,0.323350237656946,0,0,0,0.217233087632217,0,0,0,0,0,0,0.136561801766648,0,0.184182537453515,0,0.302380869785945,0,0,0,0,0,0,0,0.323278367519379,0,0.158095699992586,0.249976091707746,0,0.219081258245535,0,0.242499902844429
0.351452112197876,0.15756623229284,0,0.192361427261632,0,0.259399214265298,0,0,0,0,0,0,0,0,0,0.160025452077389,0.158902287483215,0.170285550821008,0.182548865675926,0,0,0,0,0.201845329717772,0,0,0,0,0,0,0,0,0,0.430378864208857,0,0.363391757011414,0,0.228022139349015,0,0.257876304288705,0,0.242655900761832,0.323799252510071,0,0,0.233962034100089,0,0.348464811357056,0,0.335625349160503,0,0.277739214897156,0,0,0,0.242066373004981,0,0,0,0,0,0.19896873831749,0,0,0,0,0.209395516170077,0,0,0,0,0,0.272265762090683,0,0,0,0,0,0.28326944464987,0.317954987287521,0.200008164481683,0,0.210258125269561,0,0.241978486888851,0.277683508582413,0
0.473438948392868,0,0.248220913112164,0,0,0,0.224212115630507,0,0,0,0,0,0.164640948176384,0,0,0,0,0,0.363738405704498,0,0.156076131152435,0,0,0,0,0,0,0,0,0,0.124230064451694,0,0,0,0,0,0.12632908821106,0,0.138339523805512,0,0,0,0.346916964650154,0,0,0,0.308989077806473,0,0.285181522369385,0,0.193824025988579,0,0.230728715658188,0,0.267751634120941,0,0.202981790094515,0,0,0,0,0,0,0.246607059592842,0,0,0,0,0,0,0,0,0,0.303742915391922,0,0,0,0,0,0.310827106237411,0,0.189299489286813,0.175892664825324,0,0.335381956601685,0,0.415233006079992
0,0,0,0,0,0,0,0,0,0,0,0,0,0.149254555649617,0,0,0,0,0,0.15567171328208,0,0,0,0,0,0,0,0,0,0.225055110183629,0,0,0,0,0,0.124227238459545,0,0.169931493578403,0,0,0,0,0,0,0,0.267669208645821,0,0,0,0,0,0,0,0,0,0,0,0.216395121886324,0,0.211627099663019,0,0,0.216648075876274,0,0,0,0,0,0,0,0,0,0.225167805921625,0,0,0,0,0,0.273359004408121,0,0.195567542142829,0,0.142357202867667,0,0.252749086932299,0,0
0,0,0,0,0,0,0,0,0,0,0.164640948176384,0,0,0,0,0,0,0,0,0,0,0,0,0,0,0,0,0,0,0,0,0,0,0,0,0,0,0,0,0,0,0,0,0,0,0,0,0,0,0,0,0,0,0,0,0,0,0,0.168014275108246,0,0,0,0,0,0,0,0,0,0,0,0,0.182289615273476,0,0,0,0,0,0,0,0,0,0,0.156558302044868,0,0,0,0
0,0,0,0,0,0,0,0,0,0,0,0.149254555649617,0,0,0,0.109097510576248,0,0,0,0,0,0,0,0,0,0,0,0.168937914073467,0,0,0,0,0,0,0,0,0,0,0,0,0,0,0,0,0,0,0,0,0,0,0,0,0,0,0,0,0,0.182202756404877,0,0.192073059613471,0,0.142077542841434,0,0,0,0,0,0,0,0,0,0,0.213848277926445,0,0,0,0,0,0,0,0,0,0.206627234816551,0.221143405884504,0,0,0
0,0,0,0,0,0,0,0,0.172969801351428,0,0,0,0,0,0,0,0.147635348141193,0,0,0,0,0,0,0,0,0,0,0,0,0,0,0,0,0,0,0,0,0,0,0,0,0,0,0,0,0,0,0,0,0,0,0,0,0,0.189874976873398,0,0,0,0,0,0.195621557533741,0,0,0,0,0,0,0,0,0,0,0,0,0,0,0,0,0,0,0,0,0,0,0,0,0,0
0,0,0,0,0,0,0,0,0,0.160025452077389,0,0,0,0.109097510576248,0,0,0,0.171192200963988,0,0,0,0,0,0.220275659114122,0,0,0,0,0,0,0,0,0,0,0,0,0,0,0,0,0,0,0,0,0,0,0,0,0,0,0,0.212991625070572,0,0,0,0.153221810857455,0,0,0,0,0,0.223869441425413,0,0,0,0,0.243308655917645,0,0,0,0,0,0,0,0,0,0,0,0,0,0,0,0.195595700193096,0.222691863775253,0,0,0
0.375421866774559,0,0.326089516282082,0,0.285239547491074,0,0,0,0,0.158902287483215,0,0,0,0,0.147635348141193,0,0,0.181719119090307,0.31156083846488,0,0.388304427266121,0,0.166835148226131,0,0.172714576125145,0.148696556687355,0.129598083420539,0,0,0,0,0,0,0,0,0,0.341226920485497,0,0.380015384405851,0.345908122403281,0.331891908177308,0.313744024151847,0.325249439317908,0,0,0.331555056278823,0.335314083232808,0,0,0.31657492688724,0,0,0,0,0,0,0.332284141989315,0.362681299448013,0,0,0,0,0,0.338346425309239,0,0,0,0,0,0.15784944097201,0,0,0.340986579656601,0.36290529039171,0,0,0,0,0.367354577157035,0.363563472787366,0.372664703854493,0.361158955001062,0.246027115853055,0.252556076357988,0.340802427901085,0.310400360822678,0.331672473029159
0,0,0,0.292121827602386,0,0,0,0,0,0.170285550821008,0,0,0,0,0,0.171192200963988,0.181719119090307,0,0.327911257007965,0,0.390827983617783,0.1420148414094,0,0,0,0.158614552232073,0.142265212535858,0,0,0,0,0,0,0,0,0.376735225319862,0,0,0.398136556148529,0.365158141974141,0.359156474471092,0.332843010471417,0.327717007639316,0,0,0.340740245899984,0.319390743970871,0,0,0.353307126233211,0,0,0,0,0,0,0.357753425836563,0,0,0,0,0,0.35572225600481,0.33539323925972,0.138629113789648,0,0,0,0,0,0,0,0.373274407216481,0.328626975417137,0,0,0,0,0.38103262969285,0.361649239906157,0.400938892116149,0.356980825822378,0.203419269010792,0.176733385372644,0.35454022812925,0.344784952700138,0.324959578052644
0.481150076502845,0,0.299951962062291,0.32147113357981,0,0,0,0,0.281926304101944,0.182548865675926,0.363738405704498,0,0,0,0,0,0.31156083846488,0.327911257007965,0,0,0.38926889234119,0,0,0,0,0,0,0,0,0,0,0,0,0,0,0.370878140319068,0.416998677633025,0.417314082384109,0.413788956174484,0.386411250128073,0.329068494847778,0.280245339309368,0.244060888063578,0.449799355032832,0,0.344303274725346,0.334156380106907,0,0.355241477489471,0.342978540043974,0.273069068789482,0,0,0,0.256708323955536,0,0.325990603601231,0.336383975469149,0,0,0,0,0.35972938116859,0.359545726273637,0,0,0.347864240407944,0,0,0,0.368518948554993,0.340644359588623,0.362771864155777,0.373945051918224,0,0,0,0,0.405750219165605,0.389860068479135,0.428746734488679,0.365988138345805,0.263570206409535,0.243955571627442,0.364158766878235,0.273641583797729,0.275009768188516
0,0,0,0,0,0.14893344699594,0,0.141702651977539,0,0,0,0.15567171328208,0,0,0,0,0,0,0,0,0,0,0,0,0,0,0,0,0,0,0,0,0,0,0,0.157783894216021,0,0.178449593673024,0,0,0,0,0,0,0,0.278763353824615,0,0,0,0,0,0.214316677302122,0,0,0,0,0,0.176447249948978,0,0,0,0,0.154917969344871,0,0,0,0,0,0,0,0,0,0.156055495142937,0,0,0,0,0,0.182259888241166,0,0.15318964868784,0,0.13794421998487,0,0.187132502926721,0,0
0.552710264921188,0,0.232924290001392,0,0.178638052940369,0,0,0,0,0,0.156076131152435,0,0,0,0,0,0.388304427266121,0.390827983617783,0.38926889234119,0,0,0,0,0,0,0,0,0,0,0,0,0,0,0,0,0,0.178329646668651,0,0.301700880706782,0.326025038957596,0,0,0.386479937036832,0,0,0.414707452058792,0.249643634490926,0,0.278993207216263,0,0.217169442738211,0,0,0,0,0,0.176026854308406,0,0,0,0,0,0,0.26788129714588,0,0,0,0,0,0,0,0,0,0.315906043000081,0,0,0,0,0,0.226378069444211,0,0.231552583698118,0.238642883932776,0,0.246667755898875,0,0.435254257458907
0,0,0,0,0,0,0,0,0,0,0,0,0,0,0,0,0,0.1420148414094,0,0,0,0,0.0855812262743711,0.194488817763825,0,0.203504871921379,0,0,0,0,0,0,0,0.444640025496483,0,0,0,0.35556329553855,0,0,0,0,0.370963498950005,0,0,0,0,0.456448515256246,0,0.257564644925715,0,0,0,0,0,0,0,0,0,0,0,0,0,0,0.238492198017048,0,0.245832312271396,0,0.290597743391374,0,0.204673861202441,0,0,0,0,0,0,0,0,0,0.421949714173873,0,0.146151153431609,0.132803646049329,0,0,0
0,0,0,0,0,0,0,0,0,0,0,0,0,0,0,0,0.166835148226131,0,0,0,0,0.0855812262743711,0,0,0.254179585331948,0,0.263127576027598,0,0.190400418813352,0,0,0,0,0,0,0,0,0,0.213476627848628,0,0,0,0.471999883651733,0,0,0,0,0,0.270590840807565,0,0,0,0,0,0,0,0,0,0,0,0,0,0,0,0,0.204804918010986,0,0.243539356350899,0,0.21138838531139,0,0.209452455242475,0,0,0,0,0,0,0,0,0,0.225285853489791,0.205660874938173,0.149289416670799,0.358160507220488,0,0
0,0.205451227724552,0,0.281214356422424,0,0,0,0,0,0.201845329717772,0,0,0,0,0,0.220275659114122,0,0,0,0,0,0.194488817763825,0,0,0,0.198307177437855,0,0,0,0,0,0,0,0,0,0,0,0.258877397870359,0,0,0,0.308884789203775,0,0,0,0,0,0.444389896548313,0,0.27610044926405,0,0,0,0,0,0.237709287614436,0,0,0,0,0,0.166041535139084,0,0,0.258493965030998,0,0.238813486805705,0,0.252849479315368,0,0.243497138222059,0,0,0,0,0,0,0,0,0,0.357217420522983,0,0.242393416983466,0,0.329410635175243,0.290193681915601,0
0.217093259096146,0,0,0,0,0,0,0,0,0,0,0,0,0,0,0,0.172714576125145,0,0,0,0,0,0.254179585331948,0,0,0,0.265618259556421,0,0,0,0,0,0,0,0,0,0,0,0.260406514248478,0,0,0,0.521814934909344,0,0,0,0,0,0.337155551711718,0,0,0,0,0,0.279756412956309,0,0,0,0,0,0,0,0,0,0,0.194508757000252,0,0.263665381267519,0,0.199158307575182,0,0,0,0,0,0,0,0,0,0,0,0.26780738723278,0.205321289373167,0,0.394480077870961,0,0
0,0,0,0,0,0,0,0,0,0,0,0,0,0,0,0,0.148696556687355,0.158614552232073,0,0,0,0.203504871921379,0,0.198307177437855,0,0,0,0.156503949314356,0,0,0,0,0,0,0,0,0,0,0,0,0,0,0,0,0,0,0,0,0,0.247947477377378,0,0,0,0,0,0,0,0,0,0,0,0,0,0,0.377249419689178,0,0.264189809008881,0,0.257188192779018,0,0.255481494324548,0,0,0,0,0,0,0,0,0,0.394957234462102,0,0.165824442593889,0.152148276567459,0,0,0
0,0,0,0,0,0,0,0,0,0,0,0,0,0,0,0,0.129598083420539,0.142265212535858,0,0,0,0,0.263127576027598,0,0.265618259556421,0,0,0,0.19202666481336,0,0,0,0,0,0,0,0,0,0.310032933950424,0,0,0,0,0,0,0,0,0,0,0,0,0,0,0,0,0,0,0,0,0,0,0,0,0,0,0.341339840042976,0,0.286401903087443,0,0.242193983645294,0,0,0,0,0,0,0,0,0,0,0,0.303354442119598,0.144840660194556,0,0.441071301698685,0,0
0,0,0,0,0,0,0,0,0,0,0,0,0,0.168937914073467,0,0,0,0,0,0,0,0,0,0,0,0.156503949314356,0,0,0,0.108571395277977,0,0,0,0,0,0,0,0.160604694208433,0,0,0,0,0,0,0,0,0,0,0,0,0,0,0,0,0,0,0,0,0,0.2079037129879,0,0,0,0,0,0,0,0,0.139463143253868,0,0.212331401689084,0,0.192092126099075,0,0,0,0,0,0,0,0.239893247330854,0,0.139927975833416,0.141811206936836,0,0,0
0,0,0,0,0,0,0,0,0,0,0,0,0,0,0,0,0,0,0,0,0,0,0.190400418813352,0,0,0,0.19202666481336,0,0,0,0.198576960404067,0,0,0,0,0,0,0,0.193388091332941,0,0,0,0,0,0,0,0,0,0,0,0,0,0,0,0,0,0,0,0,0,0,0,0,0,0,0.21261921439852,0,0,0,0,0,0.213294333599732,0,0.234165820603569,0,0,0,0,0,0,0,0.252264936874201,0.126703924602932,0.126621164381504,0,0,0
0,0,0,0,0,0,0,0,0,0,0,0.225055110183629,0,0,0,0,0,0,0,0,0,0,0,0,0,0,0,0.108571395277977,0,0,0,0,0,0,0,0,0,0.164297852520795,0,0,0,0,0,0,0,0,0,0,0,0,0,0,0,0,0,0,0,0.199243234900328,0,0,0,0,0,0,0,0,0,0,0,0,0,0,0.241643138749655,0,0,0,0,0,0,0,0.204801976094096,0,0.169771949450175,0,0,0,0
0,0,0,0,0,0,0,0,0,0,0.124230064451694,0,0,0,0,0,0,0,0,0,0,0,0,0,0,0,0,0,0.198576960404067,0,0,0,0,0,0,0,0,0,0.222029878666588,0,0,0,0,0,0,0,0,0,0,0,0,0,0,0,0,0,0,0,0,0,0,0,0,0,0,0,0,0,0,0,0,0.264659815884017,0,0.240839897792312,0,0,0,0,0,0,0,0.269077367572622,0.175056084990501,0.135392375290394,0,0,0
0,0,0,0,0,0,0,0,0,0,0,0,0,0,0,0,0,0,0,0,0,0,0,0,0,0,0,0,0,0,0,0,0.30607227924894,0.241684719339594,0.385455889521905,0.29347316719478,0.21240009367466,0,0,0,0,0,0,0,0,0,0,0.472200109999372,0.484883848577738,0,0,0,0,0,0,0,0,0,0,0,0,0,0,0,0,0,0,0,0,0,0,0,0,0,0.243829745707058,0.26206115881602,0.264035964752458,0.291317034512758,0.327135760475088,0.440930157899857,0,0,0.200653534965051,0,0,0,0
0,0,0,0,0,0,0,0,0,0,0,0,0,0,0,0,0,0,0,0,0,0,0,0,0,0,0,0,0,0,0,0.30607227924894,0,0.291127695730238,0.408200577088872,0.166987717151642,0.144053252343136,0,0,0,0,0,0,0,0,0,0,0.399514111164189,0.470839826855808,0,0,0,0,0,0,0,0,0,0,0,0,0,0,0,0,0,0,0,0,0,0,0,0,0,0.190262425690889,0.32339684620659,0,0.28956759695641,0,0.31949319341656,0,0,0.24930425951707,0,0,0,0
0.363170623779297,0.404150941542217,0.440571546554565,0.430970633029938,0,0,0,0,0,0.430378864208857,0,0,0,0,0,0,0,0,0,0,0,0.444640025496483,0,0,0,0,0,0,0,0,0,0.241684719339594,0.291127695730238,0,0.361777862893119,0.218902450490904,0,0.294179991114893,0.147386032342911,0,0,0.421403954426448,0.35131174325943,0,0,0,0,0.558954016367112,0.505539958495997,0.456557346714867,0,0,0,0,0,0,0,0,0,0,0,0,0,0,0.424740478396416,0,0.459507197141647,0,0,0,0,0,0,0,0.221615239481131,0,0.357619174965464,0.269179803760428,0.393824147326606,0.517694437817523,0.235255149240394,0.4128600677306,0.224490287501623,0.14949643984437,0.469994114063404,0.463912159204483,0
0,0,0,0,0,0,0,0,0,0,0,0,0,0,0,0,0,0,0,0,0,0,0,0,0,0,0,0,0,0,0,0.385455889521905,0.408200577088872,0.361777862893119,0,0,0.163182782664147,0.313826398303111,0.442456543883857,0,0,0,0,0,0,0,0,0.564802271870438,0.600639105390357,0,0,0,0,0,0,0,0,0,0,0,0,0,0,0,0,0,0,0,0,0,0,0,0,0,0,0.390822651294562,0.336206493698634,0.233606313764825,0,0.401838243818074,0.204227424186209,0.315843875921329,0.171257221488325,0,0.413905382156372,0,0
0,0,0,0.360848158597946,0,0.159333668649197,0,0,0,0.363391757011414,0,0.124227238459545,0,0,0,0,0,0.376735225319862,0.370878140319068,0.157783894216021,0,0,0,0,0,0,0,0,0,0,0,0.29347316719478,0.166987717151642,0.218902450490904,0,0,0.173393596349091,0.21054928045985,0,0.36488202214241,0.189835241436958,0.342567225982403,0,0.51178486432348,0,0.265388982793824,0.319905519485474,0.417716149102759,0.235015672407573,0.288478834288461,0,0.281480461359024,0,0,0,0,0,0,0,0,0,0,0.196642720315116,0,0,0,0,0,0,0,0,0,0,0,0.246478641743228,0,0.161604806011894,0,0.235586090188427,0.186482134965255,0.252668143261091,0,0.188535079074214,0.227218594688636,0.283750805836235,0.39161388874054,0.326106816530228
0.477073192596436,0,0.336883187294006,0,0.198677942156792,0,0.177458256483078,0,0,0,0.12632908821106,0,0,0,0,0,0.341226920485497,0,0.416998677633025,0,0.178329646668651,0,0,0,0,0,0,0,0,0,0,0.21240009367466,0.144053252343136,0,0.163182782664147,0.173393596349091,0,0,0.212008784202611,0.380867034196854,0.251190294822057,0,0.347526147961617,0,0.375063866376877,0.309358268976212,0.29495212214418,0.225890259391495,0.259217569231987,0,0.235501937568188,0,0,0,0,0,0.152968129515648,0,0,0,0,0,0,0.267336491337046,0,0,0,0,0,0,0,0,0,0,0,0.183224997028362,0,0.182406243126915,0.1746750496901,0.230027207816184,0,0.245352064840274,0.23058951449783,0.402903856406378,0.301466138014254,0,0.372629433870316
0,0.307353837963413,0,0.337849006056786,0,0.252317175269127,0,0,0,0.228022139349015,0,0.169931493578403,0,0,0,0,0,0,0.417314082384109,0.178449593673024,0,0.35556329553855,0,0.258877397870359,0,0,0,0.160604694208433,0,0.164297852520795,0,0,0,0.294179991114893,0.313826398303111,0.21054928045985,0,0,0.151169226888348,0.350492298603058,0,0.330792836556139,0.445069387555122,0.465902139743169,0,0.328508109164735,0.369438976049423,0.646140125005778,0.42526464164257,0.257369941465424,0,0,0,0,0,0.276496886572939,0,0.255768440663815,0,0,0,0,0.236290161251168,0,0.42278610334074,0,0.317549368218045,0.492777734994888,0.28647837638855,0,0.205176644748257,0,0.152401264820058,0,0,0,0.180414423599082,0,0.233852896750558,0,0.245973722902673,0.143049962818623,0.330810976220535,0.502738467910711,0.296298883665053,0.295037459168169,0
0.306890279054642,0,0.308499972025553,0.353187501430511,0,0,0,0,0.156911097466946,0,0.138339523805512,0,0,0,0,0,0.380015384405851,0.398136556148529,0.413788956174484,0,0.301700880706782,0,0.213476627848628,0,0.260406514248478,0,0.310032933950424,0,0.193388091332941,0,0.222029878666588,0,0,0.147386032342911,0.442456543883857,0,0.212008784202611,0.151169226888348,0,0.374807268381119,0.432813264429569,0.388976871967316,0.646670003955836,0,0,0.384718708693981,0.327620386262424,0.642812764918412,0.452244507326257,0.348871320486069,0,0,0,0,0.20803620255199,0,0.167238258450996,0,0,0,0.32744699716568,0,0,0.33373550231674,0,0.195218797806989,0,0.246692606365074,0,0.227840077418547,0,0.162440390446607,0,0.181415084364085,0,0,0.209221288561821,0.282269531343041,0.391470211744308,0.261085096061098,0.447036445140839,0.232926478902935,0.349352759311966,0.248816039413214,0.52317076762703,0,0.432236334172691
0,0,0.304566564659278,0.287692108324596,0,0.265348641574383,0,0,0.354280799627304,0.257876304288705,0,0,0,0,0,0,0.345908122403281,0.365158141974141,0.386411250128073,0,0.326025038957596,0,0,0,0,0,0,0,0,0,0,0,0,0,0,0.36488202214241,0.380867034196854,0.350492298603058,0.374807268381119,0,0.329952512468611,0.319237486945443,0.305739121757588,0.452517028649648,0,0.274578587293361,0.333348717253942,0.19809315726161,0,0.195950409554573,0,0.264905273914337,0,0,0,0.289948374032974,0.328137372669421,0.294657032598149,0,0,0,0,0.264722252510629,0.345121828747577,0,0,0,0,0,0,0.313644260168076,0,0.316633290052414,0.344548940658569,0,0,0,0,0.301823506788097,0.362345228814546,0.380757206212729,0.372698368849578,0.320638046353552,0.310388132929802,0.307285303925923,0.330008665332571,0.31042651061354
0.499177863200506,0,0.333255251248678,0.320868372917175,0,0,0,0,0,0,0,0,0,0,0,0,0.331891908177308,0.359156474471092,0.329068494847778,0,0,0,0,0,0,0,0,0,0,0,0,0,0,0,0,0.189835241436958,0.251190294822057,0,0.432813264429569,0.329952512468611,0,0.279525590519751,0.278364104936357,0,0.273409252888278,0.313114640116692,0.240767457909309,0.25537816743056,0.332115697197173,0.408275723457336,0,0,0,0,0.223035976290703,0,0.314199848307504,0.302406042814255,0,0,0,0,0,0.244981718249619,0,0,0,0,0,0,0,0,0.382242694497108,0.277145072817802,0,0,0,0,0.374916203320026,0.260491005506638,0,0.235431076543672,0.352113953895039,0.29898567199707,0.238302945651522,0.257327318191528,0.278762565366924
0,0.348433242383721,0.235566437244415,0.327393948736757,0,0.283774721622467,0,0,0,0.242655900761832,0,0,0,0,0,0,0.313744024151847,0.332843010471417,0.280245339309368,0,0,0,0,0.308884789203775,0,0,0,0,0,0,0,0,0,0.421403954426448,0,0.342567225982403,0,0.330792836556139,0.388976871967316,0.319237486945443,0.279525590519751,0,0.22054584378687,0.38964401167116,0,0.31482810324191,0.286387129426003,0.314717550782879,0,0.322917041513655,0,0,0,0,0,0.263333384394646,0.31289399266243,0.317674474031837,0,0.265183210372925,0,0,0.337622612714767,0.308074831314709,0,0,0.337957330832356,0,0,0,0.332755333972427,0,0.356102877710219,0.321919441223145,0,0,0,0,0.331802511483681,0.322998497221205,0.385405180306969,0.318513442014084,0.233089999200289,0.246301671320742,0.324816315047679,0.306654132473698,0.237165267579257
0.289357801655243,0.343722134828568,0.32637823727114,0.305645549297333,0.288449812680483,0,0,0,0.223289194915976,0.323799252510071,0.346916964650154,0,0,0,0,0,0.325249439317908,0.327717007639316,0.244060888063578,0,0.386479937036832,0.370963498950005,0.471999883651733,0,0.521814934909344,0,0,0,0,0,0,0,0,0.35131174325943,0,0,0.347526147961617,0.445069387555122,0.646670003955836,0.305739121757588,0.278364104936357,0.22054584378687,0,0.257940392941236,0.211763241161139,0.304234824122343,0.296728327103214,0.383955635715263,0.416190664864179,0.294327673056851,0.295077732631138,0,0,0,0.272854382637888,0,0.336955445547723,0,0.331696481978307,0,0.291191374262174,0,0.319560527801514,0.323495802609642,0.418111205101013,0.435597568750381,0.376396864652634,0.363401175714007,0,0.488064736127853,0,0.311064523891506,0.283943295478821,0.336570670110706,0,0,0.546472311019897,0,0.324043735026199,0.333976936082877,0.378321022822939,0.321798243647267,0.318109372278538,0.282545918418515,0.306755374767448,0.244095768247332,0.258526708362466
0,0,0,0.325672586758931,0,0,0,0,0,0,0,0,0,0,0,0,0,0,0.449799355032832,0,0,0,0,0,0,0,0,0,0,0,0,0,0,0,0,0.51178486432348,0,0.465902139743169,0,0.452517028649648,0,0.38964401167116,0.257940392941236,0,0,0.312627994097196,0.309510454535484,0.344750940799713,0,0.465915897557902,0,0,0,0,0.260540544986725,0,0.317289561033249,0.362343907356262,0,0,0,0,0,0.308280721306801,0,0,0,0,0,0,0,0,0.42655652637283,0,0,0,0,0,0.507253327030194,0.379217195510864,0.548736917011199,0.439321964979172,0.378925247174321,0.271425157785416,0.436570591848306,0.436829313635826,0
0,0,0,0,0,0,0,0,0,0,0,0,0,0,0,0,0,0,0,0,0,0,0,0,0,0,0,0,0,0,0,0,0,0,0,0,0.375063866376877,0,0,0,0.273409252888278,0,0.211763241161139,0,0,0,0.299759217986354,0,0,0,0,0,0,0,0,0,0,0,0,0,0,0,0,0.314047674338023,0,0,0,0,0,0,0,0,0,0,0,0,0,0,0,0.313372553222709,0,0.341944551467895,0,0,0.258619838036024,0,0
0,0,0.279122769832611,0.275805664224546,0,0.234342438031415,0,0,0,0.233962034100089,0,0.267669208645821,0,0,0,0,0.331555056278823,0.340740245899984,0.344303274725346,0.278763353824615,0.414707452058792,0,0,0,0,0,0,0,0,0,0,0,0,0,0,0.265388982793824,0.309358268976212,0.328508109164735,0.384718708693981,0.274578587293361,0.313114640116692,0.31482810324191,0.304234824122343,0.312627994097196,0,0,0.304135778465786,0.320587027072906,0.286022623380025,0.321347274879615,0,0.26686342805624,0,0,0,0.237175121903419,0.292854751859392,0.301429458311759,0,0,0,0,0.256275205970153,0.323633643388748,0,0,0,0,0,0,0.316673511808569,0,0.318208880650883,0.35788768529892,0,0,0,0,0.295185506862363,0.346748682430812,0.373485220127497,0.356512788396615,0.319535001284546,0.310151603072882,0.275841129331537,0.298566751182079,0.29089480638504
0.393532007932663,0,0.282819194888527,0.310572649041812,0.201417866875144,0,0.194255724549294,0,0.314726829528809,0,0.308989077806473,0,0,0,0,0,0.335314083232808,0.319390743970871,0.334156380106907,0,0.249643634490926,0,0,0,0,0,0,0,0,0,0,0,0,0,0,0.319905519485474,0.29495212214418,0.369438976049423,0.327620386262424,0.333348717253942,0.240767457909309,0.286387129426003,0.296728327103214,0.309510454535484,0.299759217986354,0.304135778465786,0,0.32727637887001,0.25257229229266,0.300264907734735,0.241817811856399,0,0,0,0.263094971959408,0,0.289656956028561,0,0.248517423868179,0,0.26540219783783,0,0.347011814514796,0.250958752234306,0,0,0,0,0,0,0,0,0.313759997487068,0.308717942373319,0,0,0,0,0.341039811647855,0.29954437265979,0.331521051270621,0.336024841262956,0.347101570981293,0.310534147839797,0.296823849897485,0.277274765074253,0.29793377068578
0.362413530349731,0.34870117172632,0.337682515382767,0.369847664579016,0,0,0,0,0,0.348464811357056,0,0,0,0,0,0,0,0,0,0,0,0.456448515256246,0,0.444389896548313,0,0,0,0,0,0,0,0.472200109999372,0.399514111164189,0.558954016367112,0.564802271870438,0.417716149102759,0.225890259391495,0.646140125005778,0.642812764918412,0.19809315726161,0.25537816743056,0.314717550782879,0.383955635715263,0.344750940799713,0,0.320587027072906,0.32727637887001,0,0.563574007662721,0.332769837604755,0.307641893625259,0,0,0,0.302223414182663,0.333938788283955,0.337187212705612,0.358049035072327,0.392067492008209,0,0,0,0,0.27113073070844,0.471141326006013,0,0.427712460756302,0.442568727902004,0,0,0,0,0,0,0.438085735007957,0.406976805365348,0.561374492036458,0.401938889123185,0.32290781959459,0.429854807652025,0.567339314238652,0.411836944227358,0.397985591158561,0.3773579398791,0.455685891993884,0.376030234495799,0
0.218392722172345,0.404945105314255,0.173661957077655,0.30332824587822,0.255438048694585,0,0,0,0.228433366332735,0,0.285181522369385,0,0,0,0,0,0,0,0.355241477489471,0,0.278993207216263,0,0.270590840807565,0,0.337155551711718,0,0,0,0,0,0,0.484883848577738,0.470839826855808,0.505539958495997,0.600639105390357,0.235015672407573,0.259217569231987,0.42526464164257,0.452244507326257,0,0.332115697197173,0,0.416190664864179,0,0,0.286022623380025,0.25257229229266,0.563574007662721,0,0.271667143702507,0.27126966374261,0,0,0,0.185007465495305,0,0.258023991808295,0,0.267077260292493,0,0.278243780136108,0,0,0.261433959007263,0,0.327169522737934,0,0.276505122172464,0,0.234715259500912,0,0.265388159629177,0,0.331631361291959,0,0.424407288432121,0.505051811987704,0.500711262226105,0.250823080539703,0.44500241700196,0.438573211431503,0.37411391879677,0.460476577699387,0,0.359178902323689,0,0.282366812229156
0,0.209997606787523,0,0.267642977597258,0,0.288967654109001,0,0,0,0.335625349160503,0,0,0,0,0,0,0.31657492688724,0.353307126233211,0.342978540043974,0,0,0.257564644925715,0,0.27610044926405,0,0.247947477377378,0,0,0,0,0,0,0,0.456557346714867,0,0.288478834288461,0,0.257369941465424,0.348871320486069,0.195950409554573,0.408275723457336,0.322917041513655,0.294327673056851,0.465915897557902,0,0.321347274879615,0.300264907734735,0.332769837604755,0.271667143702507,0,0,0,0,0,0,0.185374807980325,0,0.334512890190692,0,0.207594178617001,0,0.213216833296147,0.319303192694982,0.2671939432621,0.241259901309913,0,0.262786436092901,0,0.269016785174608,0,0.312146499752998,0,0.361170656095117,0.291183739900589,0,0,0.526125133037567,0,0.284054178726021,0.357467091083527,0.259966666921166,0.384775872031848,0.316821315744137,0.321803741157055,0.305689898125274,0.372957164395808,0.255620211362839
0,0,0.212705965553011,0,0.209588753026828,0,0,0,0,0,0.193824025988579,0,0,0,0,0,0,0,0.273069068789482,0,0.217169442738211,0,0,0,0,0,0,0,0,0,0,0,0,0,0,0,0.235501937568188,0,0,0,0,0,0.295077732631138,0,0,0,0.241817811856399,0.307641893625259,0.27126966374261,0,0,0,0,0,0.219699038120059,0,0.272834072820842,0,0.254803252039534,0,0.259877379745345,0,0,0.282774515092781,0,0,0,0,0,0,0,0,0,0,0,0,0,0,0.350940674543381,0.242265790700912,0,0.324685037136078,0.217840507018323,0,0.249697302340081,0,0
0,0,0,0.245395784670452,0,0.266485951954338,0,0,0,0.277739214897156,0,0,0,0,0,0.212991625070572,0,0,0,0.214316677302122,0,0,0,0,0,0,0,0,0,0,0,0,0,0,0,0.281480461359024,0,0,0,0.264905273914337,0,0,0,0,0,0.26686342805624,0,0,0,0,0,0,0,0.137654105201364,0,0.267440378665924,0,0.193095347688844,0,0,0,0.209256541572119,0.227837800979614,0,0,0,0,0,0,0,0,0,0,0,0,0,0,0,0.28237709403038,0,0.306281566619873,0,0,0,0.284790648655458,0,0
0,0,0,0,0,0,0.15167880654335,0,0,0,0.230728715658188,0,0,0,0,0,0,0,0,0,0,0,0,0,0,0,0,0,0,0,0,0,0,0,0,0,0,0,0,0,0,0,0,0,0,0,0,0,0,0,0,0,0,0,0,0,0.159953977912664,0,0,0,0,0,0,0,0,0,0,0,0,0,0,0,0,0,0,0,0,0,0,0,0,0,0.153530110915502,0,0,0,0
0,0,0,0,0,0.167406126856804,0,0.154541939496994,0,0,0,0,0,0,0,0,0,0,0,0,0,0,0,0,0,0,0,0,0,0,0,0,0,0,0,0,0,0,0,0,0,0,0,0,0,0,0,0,0,0,0,0.137654105201364,0,0,0,0,0,0.192325922350089,0,0,0,0,0,0,0,0,0,0,0,0,0,0,0,0,0,0,0,0,0,0,0,0,0,0,0,0,0
0.171387518591741,0,0.175461931006853,0,0.174597541125197,0,0,0,0.224749104722912,0,0.267751634120941,0,0,0,0.189874976873398,0,0,0,0.256708323955536,0,0,0,0,0,0.279756412956309,0,0,0,0,0,0,0,0,0,0,0,0,0,0.20803620255199,0,0.223035976290703,0,0.272854382637888,0.260540544986725,0,0,0.263094971959408,0.302223414182663,0.185007465495305,0,0.219699038120059,0,0,0,0,0,0.279996987432241,0,0,0,0.204178335837277,0,0,0.244134825468063,0,0,0,0.256431134553314,0,0.189972280667572,0,0,0,0.275477935870488,0,0,0,0,0,0.283017753726906,0,0.21693616935185,0.262199222737429,0,0.213625999016303,0,0.228705197572708
0,0.164490570433629,0,0.190047571477767,0,0.259115516394377,0,0,0,0.242066373004981,0,0,0,0,0,0.153221810857455,0,0,0,0,0,0,0,0.237709287614436,0,0,0,0,0,0,0,0,0,0,0,0,0,0.276496886572939,0,0.289948374032974,0,0.263333384394646,0,0,0,0.237175121903419,0,0.333938788283955,0,0.185374807980325,0,0.267440378665924,0,0,0,0,0,0,0,0,0,0,0,0,0,0,0.263688062303041,0,0.142908064648509,0,0,0,0,0,0,0,0,0,0.266832023859024,0,0.249339255301849,0,0.254643993718284,0,0.217859051845692,0.28177934885025,0
0.406494502425194,0,0.267125732893866,0.31242161989212,0.212329601868987,0,0,0,0.323350237656946,0,0.202981790094515,0,0,0,0,0,0.332284141989315,0.357753425836563,0.325990603601231,0,0.176026854308406,0,0,0,0,0,0,0,0,0,0,0,0,0,0,0,0.152968129515648,0,0.167238258450996,0.328137372669421,0.314199848307504,0.31289399266243,0.336955445547723,0.317289561033249,0,0.292854751859392,0.289656956028561,0.337187212705612,0.258023991808295,0,0.272834072820842,0,0.159953977912664,0,0.279996987432241,0,0,0,0.252519975411586,0,0.220776160558065,0,0,0.302358914260001,0,0,0,0,0,0,0,0.290301059876686,0,0.319572986526923,0,0,0,0,0.351712803045909,0.312216496663893,0.404175594449043,0.36671682969432,0.315270268237741,0.361606135964394,0.344530041157096,0,0.348533423568891
0,0.31936913728714,0,0.211313675115774,0,0,0,0,0,0,0,0.216395121886324,0,0.182202756404877,0,0,0.362681299448013,0,0.336383975469149,0.176447249948978,0,0,0,0,0,0,0,0,0,0.199243234900328,0,0,0,0,0,0,0,0.255768440663815,0,0.294657032598149,0.302406042814255,0.317674474031837,0,0.362343907356262,0,0.301429458311759,0,0.358049035072327,0,0.334512890190692,0,0.193095347688844,0,0.192325922350089,0,0,0,0,0,0.207129640552478,0,0.203687489032745,0.241973192880888,0,0,0,0,0,0,0,0.402317746177964,0,0.274648443402846,0,0,0,0,0,0.306358525156975,0,0.295955559549232,0.402789860963821,0.301294417744809,0,0.285565687158971,0.348020579885034,0
0,0,0.191436782479286,0,0,0,0,0,0,0,0,0,0.168014275108246,0,0,0,0,0,0,0,0,0,0,0,0,0,0,0,0,0,0,0,0,0,0,0,0,0,0,0,0,0,0.331696481978307,0,0,0,0.248517423868179,0.392067492008209,0.267077260292493,0,0.254803252039534,0,0,0,0,0,0.252519975411586,0,0,0,0.246507423619429,0,0,0.298538336157799,0,0,0,0,0,0,0,0.294713174143145,0,0.268048018217087,0,0,0,0,0,0.266442164778709,0,0.336360514163971,0.316333354874091,0,0.287338086269623,0,0.316141098737717
0,0,0,0.196759478993786,0,0,0,0,0,0,0,0.211627099663019,0,0.192073059613471,0,0,0,0,0,0,0,0,0,0,0,0,0,0.2079037129879,0,0,0,0,0,0,0,0,0,0,0,0,0,0.265183210372925,0,0,0,0,0,0,0,0.207594178617001,0,0,0,0,0,0,0,0.207129640552478,0,0,0,0.198685511203805,0,0,0,0,0,0,0.241116419434547,0,0.24309655487329,0,0,0,0,0,0,0,0,0,0,0,0,0,0.284077882766724,0,0
0.126975640993227,0,0.16914256910483,0,0.252033121883869,0,0,0,0.217233087632217,0,0,0,0,0,0.195621557533741,0,0,0,0,0,0,0,0,0,0,0,0,0,0,0,0,0,0,0,0,0,0,0,0.32744699716568,0,0,0,0.291191374262174,0,0,0,0.26540219783783,0,0.278243780136108,0,0.259877379745345,0,0,0,0.204178335837277,0,0.220776160558065,0,0.246507423619429,0,0,0,0,0.207625076174736,0,0,0,0,0,0,0,0,0,0.260273252924283,0,0,0,0,0,0.250210866332054,0,0,0.255066533883413,0,0.230962167893137,0,0.265530675649643
0,0.194396682083607,0,0,0,0.212340168654919,0,0,0,0.19896873831749,0,0,0,0.142077542841434,0,0.223869441425413,0,0,0,0,0,0,0,0.166041535139084,0,0,0,0,0,0,0,0,0,0,0,0,0,0,0,0,0,0,0,0,0,0,0,0,0,0.213216833296147,0,0.209256541572119,0,0,0,0,0,0.203687489032745,0,0.198685511203805,0,0,0,0,0,0,0.145064531763395,0,0.190192027017474,0,0.268977701663971,0,0,0,0,0,0,0,0,0,0,0,0,0,0.157743405550718,0,0
0,0,0,0.264231320085197,0,0.189074586257557,0,0,0,0,0,0.216648075876274,0,0,0,0,0,0.35572225600481,0.35972938116859,0.154917969344871,0,0,0,0,0,0,0,0,0,0,0,0,0,0,0,0.196642720315116,0,0.236290161251168,0,0.264722252510629,0,0.337622612714767,0.319560527801514,0,0,0.256275205970153,0.347011814514796,0,0,0.319303192694982,0,0.227837800979614,0,0,0,0,0,0.241973192880888,0,0,0,0,0,0,0,0,0,0,0,0,0.31210196018219,0,0.28344979699001,0.370237827301025,0,0,0,0,0.257541305458907,0.368028320372105,0.307838797000952,0.423155725002289,0.176603460525718,0,0.331499278352097,0,0
0.390821977969139,0,0.284743328605379,0.330293168624242,0.223278040235693,0,0,0,0,0,0.246607059592842,0,0,0,0,0,0.338346425309239,0.33539323925972,0.359545726273637,0,0.26788129714588,0,0,0,0,0,0,0,0,0,0,0,0,0,0,0,0.267336491337046,0,0.33373550231674,0.345121828747577,0.244981718249619,0.308074831314709,0.323495802609642,0.308280721306801,0.314047674338023,0.323633643388748,0.250958752234306,0.27113073070844,0.261433959007263,0.2671939432621,0.282774515092781,0,0,0,0.244134825468063,0,0.302358914260001,0,0.298538336157799,0,0.207625076174736,0,0,0,0,0,0,0,0,0,0,0,0.375297695398331,0.319667155504227,0,0,0,0,0.367076448031834,0.28176358975514,0.396694707870483,0.363266329698024,0.325564640085385,0.323194422892162,0.298789825786859,0.354329228401184,0.316991450389226
0,0,0,0,0,0,0,0,0,0,0,0,0,0,0,0,0,0.138629113789648,0,0,0,0.238492198017048,0,0.258493965030998,0,0.377249419689178,0,0,0,0,0,0,0,0.424740478396416,0,0,0,0.42278610334074,0,0,0,0,0.418111205101013,0,0,0,0,0.471141326006013,0,0.241259901309913,0,0,0,0,0,0,0,0,0,0,0,0,0,0,0,0,0.273967445789956,0,0.328987960774806,0,0.255637158834657,0,0,0,0,0,0,0,0,0,0.476491077282043,0,0.153362836274836,0.130331044395765,0,0,0
0,0,0,0,0,0,0,0,0,0,0,0,0,0,0,0,0,0,0,0,0,0,0.204804918010986,0,0.194508757000252,0,0.341339840042976,0,0.21261921439852,0,0,0,0,0,0,0,0,0,0.195218797806989,0,0,0,0.435597568750381,0,0,0,0,0,0.327169522737934,0,0,0,0,0,0,0,0,0,0,0,0,0,0,0,0,0,0,0.189652376628223,0,0.314914390538918,0,0.229984931647778,0,0,0,0,0,0,0,0,0,0.203468539752066,0.235503376461565,0.121758051216602,0.337854273617268,0,0
0,0.204648149199784,0,0.306730359792709,0,0,0,0,0,0.209395516170077,0,0,0,0,0,0.243308655917645,0,0,0.347864240407944,0,0,0.245832312271396,0,0.238813486805705,0,0.264189809008881,0,0,0,0,0,0,0,0.459507197141647,0,0,0,0.317549368218045,0,0,0,0.337957330832356,0.376396864652634,0,0,0,0,0.427712460756302,0,0.262786436092901,0,0,0,0,0,0.263688062303041,0,0,0,0,0,0.145064531763395,0,0,0.273967445789956,0,0,0,0.313476174846068,0,0.281291862621027,0,0,0,0,0,0,0,0,0,0.373782421313728,0,0.350176864308738,0.350707709789276,0.320757500082254,0.249210700392723,0
0.210881850123405,0,0,0,0,0,0,0,0.136561801766648,0,0,0,0,0,0,0,0,0,0,0,0,0,0.243539356350899,0,0.263665381267519,0,0.286401903087443,0,0,0,0,0,0,0,0,0,0,0.492777734994888,0.246692606365074,0,0,0,0.363401175714007,0,0,0,0,0.442568727902004,0.276505122172464,0,0,0,0,0,0.256431134553314,0,0,0,0,0,0,0,0,0,0,0.189652376628223,0,0,0,0.250181286742813,0,0,0,0,0,0,0,0,0,0,0,0.255524635663978,0.315648589249051,0,0.414073234185194,0,0
0,0.133637799322605,0,0,0,0,0,0,0,0,0,0,0,0,0,0,0,0,0,0,0,0.290597743391374,0,0.252849479315368,0,0.257188192779018,0,0.139463143253868,0,0,0,0,0,0,0,0,0,0.28647837638855,0,0,0,0,0,0,0,0,0,0,0,0.269016785174608,0,0,0,0,0,0.142908064648509,0,0,0,0.241116419434547,0,0.190192027017474,0,0,0.328987960774806,0,0.313476174846068,0,0,0,0.28637757405494,0,0,0,0,0,0,0,0,0,0.383086373408635,0,0.272858358919621,0,0,0,0
0,0,0,0,0,0,0,0,0.184182537453515,0,0,0,0,0,0,0,0.15784944097201,0,0,0,0,0,0.21138838531139,0,0.199158307575182,0,0.242193983645294,0,0,0,0,0,0,0,0,0,0,0,0.227840077418547,0,0,0,0.488064736127853,0,0,0,0,0,0.234715259500912,0,0,0,0,0,0.189972280667572,0,0,0,0,0,0,0,0,0,0,0.314914390538918,0,0.250181286742813,0,0,0,0,0,0,0,0,0,0,0,0,0,0.261675779308592,0.303316473960876,0,0.37995238105456,0,0
0,0,0,0.320082053542137,0,0,0,0,0,0,0,0,0,0,0,0,0,0,0.368518948554993,0,0,0.204673861202441,0,0.243497138222059,0,0.255481494324548,0,0.212331401689084,0,0,0,0,0,0,0,0,0,0.205176644748257,0,0.313644260168076,0,0.332755333972427,0,0,0,0.316673511808569,0,0,0,0.312146499752998,0,0,0,0,0,0,0,0.402317746177964,0,0.24309655487329,0,0.268977701663971,0.31210196018219,0,0.255637158834657,0,0.281291862621027,0,0.28637757405494,0,0,0,0.249586219588915,0,0,0,0,0,0.308150231838226,0.343904286623001,0.235711075807357,0,0.195243954862634,0.164145611723264,0.348532473848712,0.363649388154348,0
0,0,0.298030257225037,0,0,0,0,0,0.302380869785945,0,0,0,0.182289615273476,0,0,0,0,0,0.340644359588623,0,0,0,0.209452455242475,0,0,0,0,0,0.213294333599732,0,0.264659815884017,0,0,0,0,0,0,0,0.162440390446607,0,0,0,0.311064523891506,0,0,0,0,0,0.265388159629177,0,0,0,0,0,0,0,0.290301059876686,0,0.294713174143145,0,0,0,0,0,0,0.229984931647778,0,0,0,0,0,0,0,0.325470141538485,0,0,0,0,0,0,0,0.291941280964125,0.238306015472988,0,0.338939360190522,0,0.353040128946304
0,0,0.349137246608734,0.32502351352509,0,0.273389846086502,0,0,0,0.272265762090683,0,0.225167805921625,0,0.213848277926445,0,0,0.340986579656601,0.373274407216481,0.362771864155777,0.156055495142937,0,0,0,0,0,0,0,0.192092126099075,0,0.241643138749655,0,0,0,0,0,0,0,0.152401264820058,0,0.316633290052414,0.382242694497108,0.356102877710219,0.283943295478821,0.42655652637283,0,0.318208880650883,0.313759997487068,0,0,0.361170656095117,0,0,0,0,0,0,0,0.274648443402846,0,0,0,0,0.28344979699001,0.375297695398331,0,0,0,0,0,0,0.249586219588915,0,0,0,0,0,0,0,0.308957371340003,0.372053389747938,0.284979026797935,0.303325891494751,0.338586786198755,0,0.336709745645633,0.3935956844664,0
0.45881362259388,0,0.273667129186484,0.320176482200623,0.309187144041061,0,0,0,0,0,0.303742915391922,0,0,0,0,0,0.36290529039171,0.328626975417137,0.373945051918224,0,0.315906043000081,0,0,0,0,0,0,0,0.234165820603569,0,0.240839897792312,0,0,0,0,0,0,0,0.181415084364085,0.344548940658569,0.277145072817802,0.321919441223145,0.336570670110706,0,0,0.35788768529892,0.308717942373319,0,0.331631361291959,0.291183739900589,0,0,0,0,0.275477935870488,0,0.319572986526923,0,0.268048018217087,0,0.260273252924283,0,0.370237827301025,0.319667155504227,0,0,0,0,0,0,0,0.325470141538485,0,0,0,0,0,0,0.321223214268684,0.331248009922328,0,0.351458180215527,0.397018478279225,0.3230841755867,0.377262138874333,0.352365285158157,0.376950650547559
