0,0,0.321103364229202,0,0,0,0,0,121.230007082224,0,0,0,0,0,76.8398208618164,0,0.886961348354816,0,3.14859509468079,0,2.55674719810486,0,0,0,4.77964097261429,0,0,0,0,0,0,0,0,0,0,0,0.16647182404995,0,6.52174273133278,0,0,0,174.682958707213,0,0,0,0.140195667743683,0,43.064219981432,0,0,0,0,0,82.5183368325233,0,19.6336559802294,0,0,0,47.7144843935966,0,0,0.706630200147629,0,0,0,0,0,0,0,6.61081495881081,0,31.2409900128841,0,0,0,0,0,2.34602798521519,0,0,38.0591227412224,0,657.378670558333,0,0.363897532224655
0,0,0,21.1997209340334,0,0,0,0,0,28.6580361127853,0,0,0,0,0,2.32868260145187,2.64040398597717,5.89845860004425,29.9372102469206,0,0,0,0,1.70281748473644,0,0,0,0,0,0,0,0,0,0,0,0.170980617403984,0,3.62623627483845,0,2.7836647182703,0,812.258180469275,0,1.13180446624756,0,0,0,0,0,155.175494328141,0,0,0,0,0,20.4675218313932,0,5.04908055067062,0,1.87137734889984,0,117.60963191092,0,0,0,0,0,0,0,0,0,0,0,0,0,0,0,0,7.35553306341171,0,0,0,56.2166920751333,0.225322261452675,652.368502646685,57.9198848158121,0
0.321103364229202,0,0,0,124.007101625204,0,0,0,14.26776227355,0,0,0,0,0,7.73469853401184,0,0,0,0,0,14.2944254279137,0,0,0,0,0,0,0,0,0,0,0,0,0,0,0,1.1235756278038,0,0,0,0,0,0,0,0,0,0,0,1.09884107112885,0,62.8384475111961,0,0,0,344.792446523905,0,45.4095104336739,0,28.5180958211422,0,198.264215826988,0,0,0,0,0,0,0,0,0,0,0,0,0,0,0,0,0,0,0,0,0,1.56168735027313,0,4.76348951458931,0,0
0,21.1997209340334,0,0,0,147.140810281038,0,0,0,232.329588666558,0,0,0,0,0,6.7703709602356,0,0.448262155056,12.1682378798723,4.26810418069363,0,0,0,0,0,0,0,0,0,0,0,0,0,0,0,140.790797904134,0,0,0,7.73831038177013,0,30.9383885264397,0,0,0,9.68349850177765,0.323795735836029,0,0,52.4462117552757,0,29.9620205461979,0,0,0,38.8757022321224,0,12.8080822825432,0,4.90735214948654,0,89.2533918619156,43.7032572627068,0,0,0,0,0,0,0,0,0,0,0,0,0,0,0,210.132997967303,0,0,0,38.6627399101853,22.5187696963549,385.238331332803,1.47523933649063,0
0,0,124.007101625204,0,0,0,4.66358056664467,0,0,0,0,0,0,0,2.17794996500015,0,0,0,0,0,0,0,0,0,0,0,0,0,0,0,0,0,0,0,0,0,122.695031911135,0,0,0,0,0,0,0,0,0,0,0,0,0,43.7246293127537,0,0,0,1.00354969501495,0,9.68809102475643,0,33.0603021532297,0,31.5344249755144,0,0,0,0,0,0,0,0,0,0,0,0,0,0,0,0,0,0,52.9000528007746,0,0,169.857145264745,5.10919404029846,0.483537435531616,0,0
0,0,0,147.140810281038,0,0,0,35.680471599102,0,2.67841684818268,0,0,0,0,0,0,0,0,0,6.82453745603561,0,0,0,0,0,0,0,0,0,0,0,0,0,0,0,41.7682628035545,0,0,0,0,0,0,0,0,0,0,0,0,0,0.808531939983368,0,190.197295844555,0,4.41127842664719,0,15.1176744401455,0,19.0123006552458,0,96.6343981027603,0,26.4657254219055,0.495042055845261,0,0,0,0,0,0,0,0,0,0,0,0,0,0,0,48.6489183306694,0,0,0,351.436565548182,67.8635732531548,33.84133502841,0,0
0,0,0,0,4.66358056664467,0,0,0,0,0,0,0,19.3635209202766,0,0,0,0,0,0,0,1.93213474750519,0,0,0,0,0,0,0,0,0,0,0,0,0,0,0,9.30076062679291,0,0,0,0,0,0,0,0,0,0,0,0,0,7.55060815811157,0,297.29483756423,0,0,0,5.40230822563171,0,84.8393810987473,0,0,0,0,0,0,0,0,0,0,0,0,0,0,0,0,0,0,0,0,43.7773860394955,0,0,123.804258808494,0,0,0,0
0,0,0,0,0,35.680471599102,0,0,0,0,0,5.39747714996338,0,19.3351739048958,0,0,0,0,0,0,0,0,0,0,0,0,0,0,0,0,0,0,0,0,0,12.4934303760529,0,0,0,0,0,0,0,0,0,0,0,0,0,0,0,25.1612891554832,0,270.644182622433,0,0,0,114.655288368464,0,112.839309722185,0,0,0,0,0,0,0,0,0,0,0,0,0,0,0,0,0,0,0.483387291431427,0,0,0,18.8338869810104,0,0,0,0
121.230007082224,0,14.26776227355,0,0,0,0,0,0,0,0,0,0,0,131.936973422766,0,12.7254407703876,0,3.83758875727654,0,0.927717298269272,0,0,0,51.4241340905428,0,40.98540148139,0,0,0,0,0,0,0,0,0,1.51853820681572,0,67.6483450978994,0,0.781659543514252,0,118.816805109382,0,0,0,1.49143882095814,0,91.3982715606689,0,5.53245615959167,0,0,0,213.670861884952,0,32.6398359388113,0,22.7733398377895,0,118.134111762047,0,0,7.17984528839588,0,0,0,32.4000771641731,0,66.9822084307671,0,6.39705160260201,0,5.70321922749281,0,0,0,0,0,2.67408540099859,0,7.8139591217041,285.753649972379,139.892757460475,258.524020723999,0,0
0,28.6580361127853,0,232.329588666558,0,2.67841684818268,0,0,0,0,0,0,0,0,0,148.498179957271,0,1.54444494843483,3.71910244226456,0,0,0,0,37.3490527719259,0,0,0,0,0,0,0,0,0,0,0,0,0,13.6595569103956,0,0.224057003855705,0,57.795891046524,0,0,0,0,0,0,0,15.4249885082245,0,0.55529797077179,0,0,0,340.713418796659,0,0.418584957718849,0,9.20163698494434,0,118.723373502493,0,0,0,0,43.2970498204231,0,0,0,0,0,0,0,0,0,0,0,0.646037727594376,0,0.475990131497383,0,240.514261439443,33.9671007096767,84.8925999403,4.9980880022049,0
0,0,0,0,0,0,0,0,0,0,0,0,21.2463191151619,0,0,0,0,0,0,0,26.2568340301514,0,0,0,0,0,0,0,0,0,0,0,0,0,0,0,169.493694379926,0,98.9748831391335,0,0,0,0,0,0,0,0,0,0,0,0,0,0,0,0,0,2271.02261570841,0,180.044081017375,0,0,0,0,0,0,0,0,0,0,0,0,13.2782063484192,0,23.0623046085238,0,0,0,0,0,100.02065846324,0,7.08892869949341,181.831842035055,0,0,0,0
0,0,0,0,0,0,0,5.39747714996338,0,0,0,0,0,192.713504433632,0,0,0,0,0,415.783638656139,0,0,0,0,0,0,0,1,0,86.0233142822981,0,0,0,0,0,91.4828408658504,0,608.035822533071,0,0,0,0,0,0,0,2.99477697908878,0,0,0,0,0,0,0,0,0,0,0,2387.63983762264,0,113.860067009926,0,0,85.8767857700586,0,0,0,0,0,0,0,0,0,90.9752309769392,0,0,0,0,0,3.45209521055222,0,1.81171941757202,0,705.770425900817,0,1.5005004554987,0,0
0,0,0,0,0,0,19.3635209202766,0,0,0,21.2463191151619,0,0,0,62.7290058732033,0,0,0,0,0,0,0,0,0,0,0,0,0,31.5892601013184,0,0,0,0,0,0,0,0,0,0,0,0,0,0,0,0,0,0,0,0,0,0,0,0,0,0,0,11.0975631177425,0,176.115256607533,0,5.58734518289566,0,0,0,0,0,0,0,0,0,0,0,0,0,0,0,0,0,0,0,0,0,97.2741760313511,2.07369422912598,0,0,0
0,0,0,0,0,0,0,19.3351739048958,0,0,0,192.713504433632,0,0,0,31.9596945047379,0,0,0,0,0,0,0,0,0,0,0,65.3069801330566,0,22.9883828163147,0,0,0,0,0,0,0,0,0,0,0,0,0,0,0,0,0,0,0,0,0,1.8663866519928,0,0,0,0,0,0,0,305.529744803905,0,3.60887265205383,0,0,0,0,0,0,0,0,0,0,0,0,0,0,0,0,0,0,0,0,47.9181057214737,47.4970185756683,0,0,0
76.8398208618164,0,7.73469853401184,0,2.17794996500015,0,0,0,131.936973422766,0,0,0,62.7290058732033,0,0,0,61.7675328329206,0,6.42928555607796,0,0,0,0,0,2.68429210782051,0,0,0,0,0,0,0,0,0,0,0,4.84259667992592,0,2.3255940079689,0,0.144893288612366,0,32.8497208952904,0,0,0,2.10018532723188,0,29.9542780816555,0,0.48588564991951,0,0,0,10.2414344251156,0,19.5646038204432,0,39.3415932655334,0,201.27346496284,0,0,3.80775339901447,0,0,0,0.856554284691811,0,0.638735294342041,0,0.955431863665581,0,54.1546364873648,0,0,0,0,0,4.06540448963642,0,0,82.9673187583685,23.7787330150604,266.499777689576,0,0.206469520926476
0,2.32868260145187,0,6.7703709602356,0,0,0,0,0,148.498179957271,0,0,0,31.9596945047379,0,0,0,67.519461274147,0,0,0,0,0,1.351577475667,0,0,0,0,0,0,0,0,0,0,0,0,0,0,0,0,0,0,0,0,0,0,0,0,0,4.04028117656708,0,16.9406436681747,0,0,0,128.359433010221,0,0,0,0,0,190.758747115731,0,0,0,0,31.2275674194098,0,2,0,0,0,0,0,0,0,0,0,0,0,0,0,20.6439546197653,0,0,0,0
0.886961348354816,2.64040398597717,0,0,0,0,0,0,12.7254407703876,0,0,0,0,0,61.7675328329206,0,0,10157.8661812842,3250.36016685516,0,0,31.8346908017993,886.714708790183,0,0.944939568638802,120.80681899935,685.682494416833,0,0,0,0,0,0,0,0,1.59303995966911,36.7393559888005,0,1.9306657910347,32.0164815858006,4.93299596011639,5.36258918792009,104.948033325374,3.49364893138409,14.6778732687235,46.5431828647852,213.555184662342,0,5.56746729463339,0,0,0,0,0,7.45743471384048,0,14.0691871419549,0,0.600183546543121,0,0.241466239094734,0,2.82940664887428,19.106396779418,6.07112462818623,273.326080113649,0,3.57625149190426,6.03446677327156,14.6832323372364,0,4.32704313844442,0,54.7819377332926,0,0,0,0,15.6676799952984,77.6216097399592,0,0.357555896043777,9778.31490585953,5247.75651654601,340.137073457241,0.176744446158409,10.5675187185407
0,5.89845860004425,0,0.448262155056,0,0,0,0,0,1.54444494843483,0,0,0,0,0,67.519461274147,10157.8661812842,0,1980.18147411942,0,0,592.812941923738,111.003607288003,30.5996880531311,0,1825.8173096776,78.4518332034349,73.5246678590775,0,0,0,0,0,0,0,26.5603097006679,5.39787278324366,0,0,97.4500606060028,0,86.2733649462461,3.05155450850725,20.4757080748677,1.79758642613888,92.434606410563,26.7824325188994,0,0,2.75282993912697,0,0,0,0,0,1.2798957079649,0.27968841791153,3.70182204246521,0,0,0,0,1.27220670878887,0.484165973961353,103.04545879364,30.3693603277206,1.48947477340698,0,77.4704091846943,2.84267690777779,0,0,0,2.33479292690754,0,0,0,0,76.7056482359767,14.9002015143633,0,0,10819.9030258246,9335.5657037124,178.520758338273,19.4963870495558,3.06128157675266
3.14859509468079,29.9372102469206,0,12.1682378798723,0,0,0,0,3.83758875727654,3.71910244226456,0,0,0,0,6.42928555607796,0,3250.36016685516,1980.18147411942,0,0,0.593373410403728,0.567067921161652,7.90866036713123,0,0,1.49502442777157,0.259093433618546,0,0,0,0,0,0,0.197457134723663,0,205.636135026813,608.53244734183,0,0,1033.14475277811,69.9151635766029,1468.87652532756,713.706965051591,223.981273502111,224.788251973689,955.638264387846,1624.90309912711,0,24.5617038458586,37.9550746902823,0,0,0,0,0,0,87.2453858479857,14.610406011343,3.56144338846207,0,0,0.961471498012543,29.541295863688,181.385543882847,0.123290538787842,0.845028758049011,0,0,0.397596061229706,0,0,17.5480781942606,0,100.905115574598,0,0,0.132877290248871,0,794.608163021505,1014.63653703779,0,0.279635101556778,3810.50914844871,65.2962861657143,3761.70452391356,330.786376863718,150.41055291146
0,0,0,4.26810418069363,0,6.82453745603561,0,0,0,0,0,415.783638656139,0,0,0,0,0,0,0,0,0,0,0,0,0,0,0,0,0,0,0,0,0,0,0,441.232669085264,0,26.0414903610945,0,36.9058251976967,0,0,0,0,0,201.090672641993,0,0,0,0,0,19.8534103631973,0,0,0,0,0,34.2329283356667,0,0,0,0,2789.94284157455,0,0,0,0,0,0,0,0,0,0,0,0,0,0,0,543.562091827393,0,2.6545991897583,0,657.333064481616,0,66.630196750164,0,0
2.55674719810486,0,14.2944254279137,0,0,0,1.93213474750519,0,0.927717298269272,0,26.2568340301514,0,0,0,0,0,0,0,0.593373410403728,0,0,0,0,0,0,0,0,0,0,0,0,0,0,0,0,0,1261.27301125973,0,10.1647814810276,0,0.169196039438248,0,0.902128346264362,0,0.165020674467087,0,19.4380669370294,0,8.47783309966326,0,4.08124047517776,0,0,0,0,0,265.848358541727,0,7.08616976439953,0,3.48383195698261,0,0,801.952880352736,0,0,0,0,0,0,0,0,0,2.85404177010059,0,0,0,0,0,886.91453807056,0,0,164.344333171844,0,34.1686431095004,0,0
0,0,0,0,0,0,0,0,0,0,0,0,0,0,0,0,31.8346908017993,592.812941923738,0.567067921161652,0,0,0,949.107299178839,317.198909342289,0,619.300707697868,0.733428820967674,176.696580529213,0,0,0,0,0,0,0,0,0,901.442232891917,96.7119852304459,0,0,0,0.140736326575279,0,0,0,0,0,0,520.935683384538,0,0,0,0,0,0,0,0,0,0,0,0,0,0,7930.24728873372,134.156760662794,90.6450525522232,0,238.844305992126,0,57.0855474770069,0,0,0,0,0,0,0,0,0,510.13463331759,0,1703.52248689532,146.521187469363,2.12659262120724,0,0
0,0,0,0,0,0,0,0,0,0,0,0,0,0,0,0,886.714708790183,111.003607288003,7.90866036713123,0,0,949.107299178839,0,0,110.03362044692,7.65854693949223,125.806986704469,0,251.196707248688,0,0,0,0,0,0,0,0.145459607243538,12.7135052978992,646.181883811951,0,0,0,0,0,0,0,0.263184309005737,0,64.1543612778187,0,0,0,0,0,0,0,0,0,0,0,0,0,0,0,56.5571449697018,6117.94449065626,0,19.0997089147568,0,19.7253250479698,0,37.4538205564022,0,0,0,0,0,0,0,0,0,418.216873839498,1618.33047425747,738.414294660091,0.115795187652111,0,0
0,1.70281748473644,0,0,0,0,0,0,0,37.3490527719259,0,0,0,0,0,1.351577475667,0,30.5996880531311,0,0,0,317.198909342289,0,0,0,55.613497197628,0,0,0,0,0,0,0,0,0,0,0,470.870761245489,0,0,0,1.24701544642448,0,0,0,0,0,0,0,123.75519451499,0,0,0,0,0,57.2321162521839,0,0,0,0,0,0.768356308341026,0,0,206.383419185877,0,279.414270117879,0,167.81387847662,0,7.1829848587513,0,0,0,0,0,0,0,0,0,276.164826139808,0,99.5159859508276,0,57.5640240162611,0,0
4.77964097261429,0,0,0,0,0,0,0,51.4241340905428,0,0,0,0,0,2.68429210782051,0,0.944939568638802,0,0,0,0,0,110.03362044692,0,0,0,124.669103831053,0,0,0,0,0,0,0,0,0,0,0,427.763327866793,0,0,0,22.9670926481485,0,0,0,0,0,2.74043971300125,0,0,0,0,0,52.06565284729,0,0,0,0,0,4.42926275730133,0,0,0,0,40.4450483471155,0,420.302389398217,0,704.728424474597,0,0,0,0,0,0,0,0,0,0,0,237.025205627084,111.706426233053,6.94568501412868,28.6795870959759,0,0
0,0,0,0,0,0,0,0,0,0,0,0,0,0,0,0,120.80681899935,1825.8173096776,1.49502442777157,0,0,619.300707697868,7.65854693949223,55.613497197628,0,0,0.514512285590172,12.7623392641544,0,0,0,0,0,0,0,0,0,0,0,0.0988399162888527,0,0,0,0,0,0,0,0,0,0,0,0,0,0,0,0,0,0,0,0,0,0,0,0,415.200003102422,1.27258226275444,24.049783706665,0,312.659632280469,0,53.4221648573875,0,0,0,0,0,0,0,0,0.127584680914879,0,0,321.947235330939,126.16700604558,0,0,0
0,0,0,0,0,0,0,0,40.98540148139,0,0,0,0,0,0,0,685.682494416833,78.4518332034349,0.259093433618546,0,0,0.733428820967674,125.806986704469,0,124.669103831053,0.514512285590172,0,0,0,0,0,0,0,0,0,0,0,0,0,0,0,0,0,0,0.0994968488812447,0,0,0,0,0,0,0,0,0,1.75962489843369,0,0,0,0,0,0,0,0,0,0,62.4554342329502,0,0,0,322.283833965659,0,0,0,0,0,0,0,0,0,0,0,0,129.480245396495,26.5022730976343,0.165699824690819,0,0
0,0,0,0,0,0,0,0,0,0,0,1,0,65.3069801330566,0,0,0,73.5246678590775,0,0,0,176.696580529213,0,0,0,12.7623392641544,0,0,0,425.064913511276,0,0,0,0,0,0,0,216.041119486094,0,0,0,0,0,0,0,0,0,0,0,6.17865252494812,0,0,0,0,0,0,0,0,0,1,0,0,0,0,30.8655429333448,0,1.340780377388,0,32.5113604068756,0,1388.52110686898,0,91.7583281993866,0,0,0,0,0,0,0,23.4942775815725,0,152.841916799545,485.426746487617,0,0,0
0,0,0,0,0,0,0,0,0,0,0,0,31.5892601013184,0,0,0,0,0,0,0,0,0,251.196707248688,0,0,0,0,0,0,0,61.6319034695625,0,0,0,0,0,0,0,0,0,0,0,0,0,0,0,0,0,3.65062701702118,0,0,0,0,0,0,0,0,0,0,0,0,0,0,0,0,144.285753458738,0,0,0,0,0,865.46389195323,0,0.787978529930115,0,0,0,0,0,0,0,23.1325085163116,31.62683147192,50.7898135185242,0,0,0
0,0,0,0,0,0,0,0,0,0,0,86.0233142822981,0,22.9883828163147,0,0,0,0,0,0,0,0,0,0,0,0,0,425.064913511276,0,0,0,0,0,0,0,0,0,139.669357925653,0,0,0,0,0,0,0,0,0,0,0,0,0,0,0,0,0,0,0,16.361946567893,0,0,0,0,0,0,0,0,0,0,0,0,267.126832917333,0,785.859682649374,0,0,0,0,0,0,0,9.47762632369995,0,70.2011108398438,0,0,0,0
0,0,0,0,0,0,0,0,0,0,0,0,0,0,0,0,0,0,0,0,0,0,0,0,0,0,0,0,61.6319034695625,0,0,0,0,0,0,0,0,0,272.692002296448,0,0,0,0,0,0,0,0,0,0,0,0,0,0,0,0,0,0,0,0,0,0,0,0,0,0,0,0,0,0,0,0,89.7274806499481,0,501.586414366961,0,0,0,0,0,0,0,4.2636459171772,25.4449630975723,0,0,0,0
0,0,0,0,0,0,0,0,0,0,0,0,0,0,0,0,0,0,0,0,0,0,0,0,0,0,0,0,0,0,0,0,711.831155121326,190.161410972476,7.77376049757004,222.531682908535,159.937295347452,0,0,1.62224972248077,0,4.93567740917206,0,0,0,0,0,759.768474087119,0,54.383349403739,0,0,0,0,0,0,0,0,0,0,0,0,0,0,0,0,0,0,0,0,0,0,0,0,1641.83649614453,0,19.2956783920527,0,450.505465447903,61.9061709046364,0,0,102.836015284061,0,28.7975014448166,0,0
0,0,0,0,0,0,0,0,0,0,0,0,0,0,0,0,0,0,0,0,0,0,0,0,0,0,0,0,0,0,0,711.831155121326,0,32.5293996334076,2.78096851706505,91.029709815979,76.2222946286201,0,0,0,2.00180912017822,0,0,0,0,0,0,17.7584073245525,0.561408385634422,1.70231676101685,0,0,0,0,0,0,0,0,0,0,0,0,0,0,0,0,0,0,0,0,0,0,0,0,8.23741832375526,308.202297449112,2.14936113357544,4.23982764780521,13.5449213981628,71.4779958724976,0,0,24.889348000288,0,15.8700614869595,0,0
0,0,0,0,0,0,0,0,0,0,0,0,0,0,0,0,0,0,0.197457134723663,0,0,0,0,0,0,0,0,0,0,0,0,190.161410972476,32.5293996334076,0,233.403100311756,236.731510549784,1.51594209671021,194.367095753551,0,1.10027223825455,0,0,0,0,0,0,0,1007.91082908213,0,11.7944568842649,0,0,0,0,0,0,0,0,0,0,0,0,0,0,0,0,0,0,0,0,0,0,0,0,33.0791033953428,0,1884.75354930758,278.640130072832,207.617253288627,0,187.239949002862,0,120.993696242571,37.2085046768188,3.99380524456501,0,0
0,0,0,0,0,0,0,0,0,0,0,0,0,0,0,0,0,0,0,0,0,0,0,0,0,0,0,0,0,0,0,7.77376049757004,2.78096851706505,233.403100311756,0,4.21620091795921,321.911576747894,50.3662281036377,182.094919517636,0,5.43071705102921,0,6.44766700267792,0,0,0,0,571.456983923912,84.4591464549303,0,0,0,0,0,0,0,0,0,0,0,0,0,0,0,0,0,0,0,0,0,0,0,0,0,0,0,16.7941718995571,1494.42035806179,4.3278660774231,190.196825817227,0,269.296085491776,195.78304810822,5.84724199771881,2.80640262365341,0,0
0,0.170980617403984,0,140.790797904134,0,41.7682628035545,0,12.4934303760529,0,0,0,91.4828408658504,0,0,0,0,1.59303995966911,26.5603097006679,205.636135026813,441.232669085264,0,0,0,0,0,0,0,0,0,0,0,222.531682908535,91.029709815979,236.731510549784,4.21620091795921,0,1361.65158362687,1344.09336346388,59.8249002099037,157.899910509586,2.67048448324203,148.067409940064,0,15.8760723844171,1.13718736171722,355.875173471868,1.34283071756363,328.40562889725,2.42170244455338,276.062206074595,0,8.16729539632797,0,0,0,0,0,70.2895592153072,0,0.609946936368942,0,0,484.898374028504,0,0,0,0,0,0,0,0,0,0,0,518.935544490814,0,64.3189195394516,0,23611.203666769,933.297407858074,756.842390142381,0,2132.02438333631,215.657470524311,672.494785152376,13.9437411576509,1.05771708488464
0.16647182404995,0,1.1235756278038,0,122.695031911135,0,9.30076062679291,0,1.51853820681572,0,169.493694379926,0,0,0,4.84259667992592,0,36.7393559888005,5.39787278324366,608.53244734183,0,1261.27301125973,0,0.145459607243538,0,0,0,0,0,0,0,0,159.937295347452,76.2222946286201,1.51594209671021,321.911576747894,1361.65158362687,0,0,1328.7083132267,28.8546042144299,95.5267159715295,0.347331464290619,184.903295047581,0.202216930687428,61.5223946422338,3.0324634462595,201.454350240529,105.526999861002,57.9573850929737,10.6967205107212,10.6846090555191,0,0,0,0,0,204.705545336008,0,36.0692750364542,0,20.9139920249581,0,0,1295.49248805642,0,0,0,0,0,0,0,0,0,1.86947903037071,0.84541654586792,129.125449299812,0.574737548828125,130.901257872581,1058.52627917379,19985.6059373245,0,835.225846707821,2308.62542708963,439.580693483353,513.030223917216,0,29.855919085443
0,3.62623627483845,0,0,0,0,0,0,0,13.6595569103956,0,608.035822533071,0,0,0,0,0,0,0,26.0414903610945,0,901.442232891917,12.7135052978992,470.870761245489,0,0,0,216.041119486094,0,139.669357925653,0,0,0,194.367095753551,50.3662281036377,1344.09336346388,0,0,437.041296005249,0,0,6.30186814069748,0,0,0,0,0,427.616713002324,0,542.434018328786,0,0,0,0,0,3.37757679820061,0,12.151843547821,0,0,0,1.90982237458229,10.7915260195732,0,226.134734898806,2.30036714673042,605.330768078566,0,0,0,35.8027870357037,0,132.521469533443,0,0,0,53.7578473240137,0,399.463293761015,0,11396.9589957222,30.9956523180008,1095.11087961495,34.8532409965992,356.226644471288,0,0
6.52174273133278,0,0,0,0,0,0,0,67.6483450978994,0,98.9748831391335,0,0,0,2.3255940079689,0,1.9306657910347,0,0,0,10.1647814810276,96.7119852304459,646.181883811951,0,427.763327866793,0,0,0,0,0,272.692002296448,0,0,0,182.094919517636,59.8249002099037,1328.7083132267,437.041296005249,0,0,0,0,31.3515815585852,0,0,0,9.72451195120811,401.906967610121,166.862588450313,0,0,0,0,0,32.1855864524841,0,11.2435435056686,0,0.964275419712067,0,1.09502756595612,0,0,49.9258372634649,7.64842742681503,130.689139857888,0,647.643206804991,0,0,0,14.1519578397274,0,279.654287338257,0,0,0,61.8986065238714,9.63497698307037,381.366089180112,0,9077.97971795499,975.078167662024,42.327828347683,235.570782348514,0,0
0,2.7836647182703,0,7.73831038177013,0,0,0,0,0,0.224057003855705,0,0,0,0,0,0,32.0164815858006,97.4500606060028,1033.14475277811,36.9058251976967,0,0,0,0,0,0.0988399162888527,0,0,0,0,0,1.62224972248077,0,1.10027223825455,0,157.899910509586,28.8546042144299,0,0,0,0,1185.54167117923,1.90454306453466,152.064051002264,2.17479614168406,1140.30329988152,9.27102929353714,18.8887438625097,12.74552282691,617.27209867537,0,0,0,0,0,0,0,0.273630581796169,0,0,0,0,178.470230162144,0.652413010597229,0,0,0,0,0,0,0,0,0,0,2.99469125270844,0,0.82300578057766,0,646.699208967388,3.89323423057795,0.866267830133438,0,234.63574231416,10.1431072205305,2107.09523419291,40.3047706633806,0.293881863355637
0,0,0,0,0,0,0,0,0.781659543514252,0,0,0,0,0,0.144893288612366,0,4.93299596011639,0,69.9151635766029,0,0.169196039438248,0,0,0,0,0,0,0,0,0,0,0,2.00180912017822,0,5.43071705102921,2.67048448324203,95.5267159715295,0,0,0,0,0,302.260717406869,0,3.71162304282188,0,42.5503698289394,1109.46365490556,3256.53189085424,51.4022280275822,0,0,0,0,0,0,2.20618796348572,0,0,0,0,0,0,11.4953765720129,0,0,0,0,0,0,0,0,0,0,0,45.5992869138718,0,16.5636078715324,5.65906035900116,2307.15353409201,0,0,41.1730167865753,12.0132386684418,904.571133576334,0,6.0907943546772
0,812.258180469275,0,30.9383885264397,0,0,0,0,0,57.795891046524,0,0,0,0,0,0,5.36258918792009,86.2733649462461,1468.87652532756,0,0,0,0,1.24701544642448,0,0,0,0,0,0,0,4.93567740917206,0,0,0,148.067409940064,0.347331464290619,6.30186814069748,0,1185.54167117923,0,0,671.039899796247,68.6710935980082,0,172.725627675653,0.992791742086411,73.7483440637589,1.93782129883766,528.369598925114,0,0,0,0,0,26.3301178067923,0,16.2024264037609,0,0,0,54.758635789156,37.6401990801096,0,0,0,7.88700610399246,0,0,0,0,0,1.87949311733246,0,0.29568612575531,0,2.34513783454895,0,467.986353717744,0.279454372823238,0,0,2915.72758240253,237.324548788369,4770.59616669267,1183.90378881991,5.49795642495155
174.682958707213,0,0,0,0,0,0,0,118.816805109382,0,0,0,0,0,32.8497208952904,0,104.948033325374,3.05155450850725,713.706965051591,0,0.902128346264362,0.140736326575279,0,0,22.9670926481485,0,0,0,0,0,0,0,0,0,6.44766700267792,0,184.903295047581,0,31.3515815585852,1.90454306453466,302.260717406869,671.039899796247,0,0.82748743891716,69.8927179276943,3.29795481264591,938.120814599097,113.635914549232,977.140516057611,0,0,0,0,0,10.1290789842606,0,204.004785239697,0,2.43194204568863,0,35.848172172904,0,0,115.417191371322,0,0,0,0.805283725261688,0,0,0,61.0843880623579,0,113.896420955658,0,0,0,4.29909753799438,2.01668237149715,901.281905081123,0,0.284734159708023,3502.4566552639,136.653825469315,5894.99041292071,0,431.740609407425
0,1.13180446624756,0,0,0,0,0,0,0,0,0,0,0,0,0,0,3.49364893138409,20.4757080748677,223.981273502111,0,0,0,0,0,0,0,0,0,0,0,0,0,0,0,0,15.8760723844171,0.202216930687428,0,0,152.064051002264,0,68.6710935980082,0.82748743891716,0,0,127.013587079942,0,0,0,1.80145579576492,0,0,0,0,0,0,0,0.33380126953125,0,0,0,0,19.476306155324,0,0,0,0,0,0,0,0,0,0,0,0,0,0,0,81.2947985976934,0.514150336384773,0,0,41.0828243196011,5.41845560073853,91.8131951093674,13.8166547715664,1.38484716415405
0,0,0,0,0,0,0,0,0,0,0,0,0,0,0,0,14.6778732687235,1.79758642613888,224.788251973689,0,0.165020674467087,0,0,0,0,0,0.0994968488812447,0,0,0,0,0,0,0,0,1.13718736171722,61.5223946422338,0,0,2.17479614168406,3.71162304282188,0,69.8927179276943,0,0,0.839630141854286,253.077093333006,0,2.86430835723877,0,0,0,0,0,0,0,0.238303646445274,0,0,0,0,0,0,41.2128694653511,0,0,0,0,0,0,0,0,0,0.934515774250031,0,0,0,0,0.422083966434002,97.257135540247,0,3.33778715133667,43.3617159575224,1.06134833395481,100.38682334125,0,28.3705612123013
0,0,0,9.68349850177765,0,0,0,0,0,0,0,2.99477697908878,0,0,0,0,46.5431828647852,92.434606410563,955.638264387846,201.090672641993,0,0,0,0,0,0,0,0,0,0,0,0,0,0,0,355.875173471868,3.0324634462595,0,0,1140.30329988152,0,172.725627675653,3.29795481264591,127.013587079942,0.839630141854286,0,18.1016459688544,0,0,6.14255324006081,0,0,0,0,0,0,0,4.20575407147408,0,0,0,0,2263.9881433472,0.757361710071564,0,0,0,0,0,0,0,0,0,0,0,0,0,0,1344.90664997697,8.14721366763115,0,0,269.392252385616,11.2873490825295,1798.85665714741,8.52343359589577,2.85046678781509
0.140195667743683,0,0,0.323795735836029,0,0,0,0,1.49143882095814,0,0,0,0,0,2.10018532723188,0,213.555184662342,26.7824325188994,1624.90309912711,0,19.4380669370294,0,0.263184309005737,0,0,0,0,0,0,0,0,0,0,0,0,1.34283071756363,201.454350240529,0,9.72451195120811,9.27102929353714,42.5503698289394,0.992791742086411,938.120814599097,0,253.077093333006,18.1016459688544,0,0,4.28450276702642,0,0,0,0,0,0,0,7.34456731379032,0,0,0,0.265479028224945,0,0,1152.39649757743,0,0,0,0,0,0,0,0,0,1.29003558307886,0,0,0,0,7.56368926167488,1115.85536839813,0,8.77458254992962,320.094671390951,34.2934366315603,1807.6028162688,0,50.3808007761836
0,0,0,0,0,0,0,0,0,0,0,0,0,0,0,0,0,0,0,0,0,0,0,0,0,0,0,0,0,0,0,759.768474087119,17.7584073245525,1007.91082908213,571.456983923912,328.40562889725,105.526999861002,427.616713002324,401.906967610121,18.8887438625097,1109.46365490556,73.7483440637589,113.635914549232,0,0,0,0,0,2292.28441012651,1645.84128643572,0,0,0,0,0,0,0,0,0,0,0,0,0,0,0,0,0,0,0,0,0,0,0.978222414851189,0,466.403356790543,150.035416737199,364.123079046607,199.772352099419,480.24834895879,952.600239753723,383.022941619158,115.192086562514,1427.10193006694,1.09119017422199,738.517866954207,0,0
43.064219981432,0,1.09884107112885,0,0,0,0,0,91.3982715606689,0,0,0,0,0,29.9542780816555,0,5.56746729463339,0,24.5617038458586,0,8.47783309966326,0,64.1543612778187,0,2.74043971300125,0,0,0,3.65062701702118,0,0,0,0.561408385634422,0,84.4591464549303,2.42170244455338,57.9573850929737,0,166.862588450313,12.74552282691,3256.53189085424,1.93782129883766,977.140516057611,0,2.86430835723877,0,4.28450276702642,2292.28441012651,0,468.886357367039,0,0,0,0,6.20095974206924,0,151.039050281048,0,0.552102148532867,0,92.5059987157583,0,0,35.4414349496365,0,212.000580891967,0,46.0229863524437,0,70.2266255617142,0,144.747005462646,0,48.2669389545918,0,98.6820200234652,0,105.358409687877,1.75804996490479,1229.09306925535,0,677.690293163061,203.415748633444,0,2442.35213952512,0,2.53439623117447
0,155.175494328141,0,52.4462117552757,0,0.808531939983368,0,0,0,15.4249885082245,0,0,0,0,0,4.04028117656708,0,2.75282993912697,37.9550746902823,0,0,520.935683384538,0,123.75519451499,0,0,0,6.17865252494812,0,0,0,54.383349403739,1.70231676101685,11.7944568842649,0,276.062206074595,10.6967205107212,542.434018328786,0,617.27209867537,51.4022280275822,528.369598925114,0,1.80145579576492,0,6.14255324006081,0,1645.84128643572,468.886357367039,0,0,0,0,0,0,0,0,60.9903898239136,0,56.185485959053,0,44.176474750042,2.09528559446335,0,154.764981642365,0,204.834615558386,0,5.35968425869942,0,168.049419656396,0,140.224050194025,0,139.509316444397,0,6.46149645745754,0,598.97853538394,0.433760017156601,515.879823833704,0,123.982504047453,5.12597171962261,2127.93409368396,21.568652972579,0
0,0,62.8384475111961,0,43.7246293127537,0,7.55060815811157,0,5.53245615959167,0,0,0,0,0,0.48588564991951,0,0,0,0,0,4.08124047517776,0,0,0,0,0,0,0,0,0,0,0,0,0,0,0,10.6846090555191,0,0,0,0,0,0,0,0,0,0,0,0,0,0,0,0,0,0,0,9.60536098480225,0,9.28387326002121,0,40.9331270456314,0,0,0,0,0,0,0,0,0,0,0,0,0,0,0,0,0,0,80.3695714771748,0,0,117.24146720767,16.6742597818375,0.644630968570709,0,0
0,0,0,29.9620205461979,0,190.197295844555,0,25.1612891554832,0,0.55529797077179,0,0,0,1.8663866519928,0,16.9406436681747,0,0,0,19.8534103631973,0,0,0,0,0,0,0,0,0,0,0,0,0,0,0,8.16729539632797,0,0,0,0,0,0,0,0,0,0,0,0,0,0,0,0,0,22.8232800960541,0,0,0,81.7258518636227,0,118.598318368196,0,150.836396604776,33.337621152401,0,0,0,0,0,0,0,0,0,0,0,0,0,0,0,0,0,0,0,21.4693427085876,5.98041473329067,3.80209851264954,0,0
0,0,0,0,0,0,297.29483756423,0,0,0,0,0,0,0,0,0,0,0,0,0,0,0,0,0,0,0,0,0,0,0,0,0,0,0,0,0,0,0,0,0,0,0,0,0,0,0,0,0,0,0,0,0,0,0,0,0,0,0,23.2430934309959,0,0,0,0,0,0,0,0,0,0,0,0,0,0,0,0,0,0,0,0,0,0,0,104.334270954132,0,0,0,0
0,0,0,0,0,4.41127842664719,0,270.644182622433,0,0,0,0,0,0,0,0,0,0,0,0,0,0,0,0,0,0,0,0,0,0,0,0,0,0,0,0,0,0,0,0,0,0,0,0,0,0,0,0,0,0,0,22.8232800960541,0,0,0,0,0,14.7329718470573,0,11.9503447413445,0,0,0,0,0,0,0,0,0,0,0,0,0,0,0,0,0,0,0,0,0,0,0.846948146820068,0,0,0,0
82.5183368325233,0,344.792446523905,0,1.00354969501495,0,0,0,213.670861884952,0,0,0,0,0,10.2414344251156,0,7.45743471384048,0,0,0,0,0,0,0,52.06565284729,0,1.75962489843369,0,0,0,0,0,0,0,0,0,0,0,32.1855864524841,0,0,0,10.1290789842606,0,0,0,0,0,6.20095974206924,0,0,0,0,0,0,0,0.660691022872925,0,0.424758106470108,0,9.08889159560204,0,0,0.526003062725067,0,0,0,111.715309724212,0,0,0,2.86586332321167,0,0,0,0,0,0,0,0.398402988910675,0,14.3269619047642,150.426965802908,32.0851081162691,58.4067218601704,0,0
0,20.4675218313932,0,38.8757022321224,0,15.1176744401455,0,0,0,340.713418796659,0,0,0,0,0,128.359433010221,0,1.2798957079649,0,0,0,0,0,57.2321162521839,0,0,0,0,0,0,0,0,0,0,0,0,0,3.37757679820061,0,0,0,26.3301178067923,0,0,0,0,0,0,0,0,0,0,0,0,0,0,0,0,0,0,0,101.788361221552,0,0,0,0,92.0078322887421,0,0,0,0,0,0,0,0,0,0,0,0,0,0.994569256901741,0,348.656621530652,27.7490435987711,156.786023005843,0,0
19.6336559802294,0,45.4095104336739,0,9.68809102475643,0,5.40230822563171,0,32.6398359388113,0,2271.02261570841,0,11.0975631177425,0,19.5646038204432,0,14.0691871419549,0.27968841791153,87.2453858479857,0,265.848358541727,0,0,0,0,0,0,0,0,0,0,0,0,0,0,0,204.705545336008,0,11.2435435056686,0,2.20618796348572,0,204.004785239697,0,0.238303646445274,0,7.34456731379032,0,151.039050281048,0,9.60536098480225,0,0,0,0.660691022872925,0,0,0,135.20559643209,0,27.1932231932878,0,0,331.515941925347,0,0,0,0,0,0,0,7.23530551791191,0,212.960958570242,0,0,0,0,0,189.228471338749,0,0,499.874988108873,1.32221984863281,619.992690525949,0,4.65072286128998
0,5.04908055067062,0,12.8080822825432,0,19.0123006552458,0,114.655288368464,0,0.418584957718849,0,2387.63983762264,0,0,0,0,0,3.70182204246521,14.610406011343,34.2329283356667,0,0,0,0,0,0,0,0,0,16.361946567893,0,0,0,0,0,70.2895592153072,0,12.151843547821,0,0.273630581796169,0,16.2024264037609,0,0.33380126953125,0,4.20575407147408,0,0,0,60.9903898239136,0,81.7258518636227,0,14.7329718470573,0,0,0,0,0,216.901250094175,0,2.15462033450603,359.710430234671,0,0,0,0,0,0,0,0,0,14.0916160345078,0,0,0,0,0,30.4526984095573,0,0,0,164.036107003689,45.2974875569344,461.771362572908,0,0
0,0,28.5180958211422,0,33.0603021532297,0,84.8393810987473,0,22.7733398377895,0,180.044081017375,0,176.115256607533,0,39.3415932655334,0,0.600183546543121,0,3.56144338846207,0,7.08616976439953,0,0,0,0,0,0,0,0,0,0,0,0,0,0,0,36.0692750364542,0,0.964275419712067,0,0,0,2.43194204568863,0,0,0,0,0,0.552102148532867,0,9.28387326002121,0,23.2430934309959,0,0.424758106470108,0,135.20559643209,0,0,0,35.8061442673206,0,0,6.32236914336681,0,0,0,0,0,0,0,0,0,0,0,0,0,0,0,17.781314060092,0,0,126.339839696884,60.2776291072369,26.8603583872318,0,0
0,1.87137734889984,0,4.90735214948654,0,96.6343981027603,0,112.839309722185,0,9.20163698494434,0,113.860067009926,0,305.529744803905,0,0,0,0,0,0,0,0,0,0,0,0,0,1,0,0,0,0,0,0,0,0.609946936368942,0,0,0,0,0,0,0,0,0,0,0,0,0,56.185485959053,0,118.598318368196,0,11.9503447413445,0,0,0,216.901250094175,0,0,0,1.58679634332657,0,0,0,0,0,0,0,0,0,0,0,0,0,0,0,0,0,0,0,0,40.8255213201046,16.3530198484659,2.71909253299236,0,0
47.7144843935966,0,198.264215826988,0,31.5344249755144,0,0,0,118.134111762047,0,0,0,5.58734518289566,0,201.27346496284,0,0.241466239094734,0,0,0,3.48383195698261,0,0,0,4.42926275730133,0,0,0,0,0,0,0,0,0,0,0,20.9139920249581,0,1.09502756595612,0,0,0,35.848172172904,0,0,0,0.265479028224945,0,92.5059987157583,0,40.9331270456314,0,0,0,9.08889159560204,0,27.1932231932878,0,35.8061442673206,0,0,0,0,4.86661399900913,0,0,0,0,0,18.5285546779633,0,4.28377076983452,0,7.03723192214966,0,0,0,0,0,10.5956911370158,0,0,47.9093343764544,0,193.27958843112,0,0.273237258195877
0,117.60963191092,0,89.2533918619156,0,26.4657254219055,0,0,0,118.723373502493,0,0,0,3.60887265205383,0,190.758747115731,0,0,0.961471498012543,0,0,0,0,0.768356308341026,0,0,0,0,0,0,0,0,0,0,0,0,0,1.90982237458229,0,0,0,54.758635789156,0,0,0,0,0,0,0,44.176474750042,0,150.836396604776,0,0,0,101.788361221552,0,2.15462033450603,0,1.58679634332657,0,0,0,0,0,0,33.7204693704844,0,1.47694161534309,0,0,0,0,0,0,0,0,0,0.95733505487442,0,0,0,53.3470770865679,21.2256459593773,58.5380863547325,4.24451510608196,0
0,0,0,43.7032572627068,0,0.495042055845261,0,0,0,0,0,85.8767857700586,0,0,0,0,2.82940664887428,1.27220670878887,29.541295863688,2789.94284157455,0,0,0,0,0,0,0,0,0,0,0,0,0,0,0,484.898374028504,0,10.7915260195732,0,178.470230162144,0,37.6401990801096,0,19.476306155324,0,2263.9881433472,0,0,0,2.09528559446335,0,33.337621152401,0,0,0,0,0,359.710430234671,0,0,0,0,0,0,0,0,0,0,0,0,0,0,0,0,0,0,0,0,808.778384119272,0,3.19728171825409,0,132.051040269434,0.51088547706604,1397.19050591439,1.2000347673893,0
0.706630200147629,0,0,0,0,0,0,0,7.17984528839588,0,0,0,0,0,3.80775339901447,0,19.106396779418,0.484165973961353,181.385543882847,0,801.952880352736,0,0,0,0,0,0,0,0,0,0,0,0,0,0,0,1295.49248805642,0,49.9258372634649,0.652413010597229,11.4953765720129,0,115.417191371322,0,41.2128694653511,0.757361710071564,1152.39649757743,0,35.4414349496365,0,0,0,0,0,0.526003062725067,0,331.515941925347,0,6.32236914336681,0,4.86661399900913,0,0,0,0,0,0,0,0,0,0,3.06481531262398,0,32.4989973455667,0,0,0,0,0,1039.13855823129,0,4.78685984015465,65.7716015726328,1.30680850148201,1031.48072955757,0,8.35311998426914
0,0,0,0,0,0,0,0,0,0,0,0,0,0,0,0,6.07112462818623,103.04545879364,0.123290538787842,0,0,7930.24728873372,56.5571449697018,206.383419185877,0,415.200003102422,0,30.8655429333448,0,0,0,0,0,0,0,0,0,226.134734898806,7.64842742681503,0,0,0,0,0,0,0,0,0,0,154.764981642365,0,0,0,0,0,0,0,0,0,0,0,0,0,0,0,0,427.719797879457,0,254.2544015944,0,300.428899675608,0,0,0,0,0,0,0,0,0,120.387593269348,0,721.725853264332,53.5000119954348,1.73638132214546,0,0
0,0,0,0,0,0,0,0,0,0,0,0,0,0,0,0,273.326080113649,30.3693603277206,0.845028758049011,0,0,134.156760662794,6117.94449065626,0,40.4450483471155,1.27258226275444,62.4554342329502,0,144.285753458738,0,0,0,0,0,0,0,0,2.30036714673042,130.689139857888,0,0,0,0,0,0,0,0,0,212.000580891967,0,0,0,0,0,0,0,0,0,0,0,0,0,0,0,0,0,0,142.164046689868,0,28.2957836985588,0,429.415084838867,0,0,0,0,0,0,0,0,0,53.4173897951841,568.606005474925,71.6547314375639,0,0,0
0,0,0,0,0,0,0,0,0,43.2970498204231,0,0,0,0,0,31.2275674194098,0,1.48947477340698,0,0,0,90.6450525522232,0,279.414270117879,0,24.049783706665,0,1.340780377388,0,0,0,0,0,0,0,0,0,605.330768078566,0,0,0,7.88700610399246,0,0,0,0,0,0,0,204.834615558386,0,0,0,0,0,92.0078322887421,0,0,0,0,0,33.7204693704844,0,0,427.719797879457,0,0,0,83.3505073785782,0,26.5840314030647,0,3.66928467154503,0,0,0,0,0,0,0,627.3562695086,0,83.4993153810501,0.434854254126549,527.617056235671,0,0
0,0,0,0,0,0,0,0,32.4000771641731,0,0,0,0,0,0.856554284691811,0,3.57625149190426,0,0,0,0,0,19.0997089147568,0,420.302389398217,0,0,0,0,0,0,0,0,0,0,0,0,0,647.643206804991,0,0,0,0.805283725261688,0,0,0,0,0,46.0229863524437,0,0,0,0,0,111.715309724212,0,0,0,0,0,0,0,0,0,0,142.164046689868,0,0,0,18.1789147853851,0,0,0,0,0,0,0,0,0,0,0,387.844277173281,220.071215331554,9.34016060829163,321.941191762686,0,0
0,0,0,0,0,0,0,0,0,0,0,0,0,0,0,2,6.03446677327156,77.4704091846943,0.397596061229706,0,0,238.844305992126,0,167.81387847662,0,312.659632280469,0,32.5113604068756,0,0,0,0,0,0,0,0,0,0,0,0,0,0,0,0,0,0,0,0,0,5.35968425869942,0,0,0,0,0,0,0,0,0,0,0,1.47694161534309,0,0,254.2544015944,0,83.3505073785782,0,0,0,176.772594541311,0,0,0,0,0,0,0,0,0,0,0,72.3754308223724,8.09341046214104,0,0,0
0,0,0,0,0,0,0,0,66.9822084307671,0,0,0,0,0,0.638735294342041,0,14.6832323372364,2.84267690777779,0,0,0,0,19.7253250479698,0,704.728424474597,0,322.283833965659,0,0,0,0,0,0,0,0,0,0,0,0,0,0,0,0,0,0,0,0,0,70.2266255617142,0,0,0,0,0,0,0,0,0,0,0,18.5285546779633,0,0,0,0,28.2957836985588,0,18.1789147853851,0,0,0,50.0760145187378,0,0,0,0,0,0,0,0,0,0,53.0862616300583,7.88475750386715,0.221122682094574,0,0
0,0,0,0,0,0,0,0,0,0,0,0,0,0,0,0,0,0,0,0,0,57.0855474770069,0,7.1829848587513,0,53.4221648573875,0,1388.52110686898,0,267.126832917333,0,0,0,0,0,0,0,35.8027870357037,0,0,0,0,0,0,0,0,0,0,0,168.049419656396,0,0,0,0,0,0,0,0,0,0,0,0,0,0,300.428899675608,0,26.5840314030647,0,176.772594541311,0,0,0,194.063956141472,0,0,0,0,0,0,0,463.765890434384,0,162.709679961205,42.9019672870636,0.355602949857712,0,0
6.61081495881081,0,0,0,0,0,0,0,6.39705160260201,0,13.2782063484192,0,0,0,0.955431863665581,0,4.32704313844442,0,17.5480781942606,0,0,0,37.4538205564022,0,0,0,0,0,865.46389195323,0,89.7274806499481,0,0,0,0,0,0,0,14.1519578397274,0,0,0,61.0843880623579,0,0,0,0,0,144.747005462646,0,0,0,0,0,2.86586332321167,0,7.23530551791191,0,0,0,4.28377076983452,0,0,3.06481531262398,0,429.415084838867,0,0,0,50.0760145187378,0,0,0,24.4555621743202,0,0,0,0,0,1.94596982002258,0,528.06940510869,46.1057410687208,8.72546482086182,91.4262651950121,0,6.88508743047714
0,0,0,0,0,0,0,0,0,0,0,90.9752309769392,0,0,0,0,0,0,0,0,0,0,0,0,0,0,0,91.7583281993866,0,785.859682649374,0,0,0,0,0,0,0,132.521469533443,0,0,0,1.87949311733246,0,0,0,0,0,0.978222414851189,0,140.224050194025,0,0,0,0,0,0,0,14.0916160345078,0,0,0,0,0,0,0,0,3.66928467154503,0,0,0,194.063956141472,0,0,0,0,0,0,0,0,0,381.10335084796,0,85.2771369218826,0,129.684837013483,0,0
31.2409900128841,0,0,0,0,0,0,0,5.70321922749281,0,23.0623046085238,0,0,0,54.1546364873648,0,54.7819377332926,2.33479292690754,100.905115574598,0,2.85404177010059,0,0,0,0,0,0,0,0.787978529930115,0,501.586414366961,0,0,0,0,0,1.86947903037071,0,279.654287338257,0,0,0,113.896420955658,0,0.934515774250031,0,1.29003558307886,0,48.2669389545918,0,0,0,0,0,0,0,212.960958570242,0,0,0,7.03723192214966,0,0,32.4989973455667,0,0,0,0,0,0,0,24.4555621743202,0,0,0,0,0,0,0,5.48451216518879,0,248.278533756733,149.758571654558,0,465.161847181618,0,18.1549923717976
0,0,0,0,0,0,0,0,0,0,0,0,0,0,0,0,0,0,0,0,0,0,0,0,0,0,0,0,0,0,0,1641.83649614453,8.23741832375526,33.0791033953428,0,518.935544490814,0.84541654586792,0,0,2.99469125270844,0,0.29568612575531,0,0,0,0,0,466.403356790543,0,139.509316444397,0,0,0,0,0,0,0,0,0,0,0,0,0,0,0,0,0,0,0,0,0,0,0,0,0,0,3.64493274688721,0,252.652136772871,0,0,0,2.15530444681644,0,5.68052174150944,0,0
0,0,0,0,0,0,0,0,0,0,0,0,0,0,0,0,0,0,0,0,0,0,0,0,0,0,0,0,0,0,0,0,308.202297449112,0,0,0,129.125449299812,0,0,0,45.5992869138718,0,0,0,0,0,0,150.035416737199,98.6820200234652,0,0,0,0,0,0,0,0,0,0,0,0,0,0,0,0,0,0,0,0,0,0,0,0,0,0,0,0,0.906832218170166,0,165.998704299331,0,0,0,0,0,0,0
0,0,0,0,0,0,0,0,0,0,0,0,0,0,0,0,0,0,0.132877290248871,0,0,0,0,0,0,0,0,0,0,0,0,19.2956783920527,2.14936113357544,1884.75354930758,16.7941718995571,64.3189195394516,0.574737548828125,53.7578473240137,0,0.82300578057766,0,2.34513783454895,0,0,0,0,0,364.123079046607,0,6.46149645745754,0,0,0,0,0,0,0,0,0,0,0,0,0,0,0,0,0,0,0,0,0,0,0,0,3.64493274688721,0,0,3.39272964000702,83.0661253333092,0,66.0333174169064,0,62.0839558690786,0,1.76685538887978,0,0
0,0,0,0,0,0,0,0,0,0,0,0,0,0,0,0,0,0,0,0,0,0,0,0,0,0,0,0,0,0,0,0,4.23982764780521,278.640130072832,1494.42035806179,0,130.901257872581,0,61.8986065238714,0,16.5636078715324,0,4.29909753799438,0,0,0,0,199.772352099419,105.358409687877,0,0,0,0,0,0,0,0,0,0,0,0,0,0,0,0,0,0,0,0,0,0,0,0,0,0,0.906832218170166,3.39272964000702,0,0,42.955254226923,0,417.629350185394,14.4057488739491,0,0.487062960863113,0,0
0,7.35553306341171,0,210.132997967303,0,48.6489183306694,0,0.483387291431427,0,0.646037727594376,0,3.45209521055222,0,0,0,0,15.6676799952984,76.7056482359767,794.608163021505,543.562091827393,0,0,0,0,0,0,0,0,0,0,0,450.505465447903,13.5449213981628,207.617253288627,4.3278660774231,23611.203666769,1058.52627917379,399.463293761015,9.63497698307037,646.699208967388,5.65906035900116,467.986353717744,2.01668237149715,81.2947985976934,0.422083966434002,1344.90664997697,7.56368926167488,480.24834895879,1.75804996490479,598.97853538394,0,0,0,0,0,0,0,30.4526984095573,0,0,0,0.95733505487442,808.778384119272,0,0,0,0,0,0,0,0,0,0,0,252.652136772871,0,83.0661253333092,0,0,15.4234455749393,310.214589647949,0,950.041773967445,17.8129848614335,1153.85469941795,46.6683272868395,1.04087395966053
2.34602798521519,0,0,0,52.9000528007746,0,43.7773860394955,0,2.67408540099859,0,100.02065846324,0,0,0,4.06540448963642,0,77.6216097399592,14.9002015143633,1014.63653703779,0,886.91453807056,0,0,0,0,0.127584680914879,0,0,0,0,0,61.9061709046364,71.4779958724976,0,190.196825817227,933.297407858074,19985.6059373245,0,381.366089180112,3.89323423057795,2307.15353409201,0.279454372823238,901.281905081123,0.514150336384773,97.257135540247,8.14721366763115,1115.85536839813,952.600239753723,1229.09306925535,0.433760017156601,80.3695714771748,0,0,0,0.398402988910675,0,189.228471338749,0,17.781314060092,0,10.5956911370158,0,0,1039.13855823129,0,0,0,0,0,0,0,1.94596982002258,0,5.48451216518879,0,165.998704299331,0,42.955254226923,15.4234455749393,0,0,503.696007847786,1332.75180129707,204.474673680961,1359.31280792505,1.24641601741314,66.6417208611965
