0,0,0.143607272803783,0,0,0,0,0,0.136963384439711,0,0,0,0,0,0,0,0,0,0.404891579846541,0,0,0,0,0,0,0,0,0,0,0,0,0,0,0,0,0,0.420603175957998,0,0,0,0.372221274150384,0,0.306218864724917,0,0,0.264524281024933,0.323554918879554,0.257941097021103,0.181346967816353,0,0,0,0,0,0.130405469958124,0,0,0,0,0,0,0,0,0,0,0,0,0,0,0,0,0,0,0.305713951587677,0,0,0,0,0,0.396163894205677,0,0,0.254842533801611,0,0.264612100062505,0,0.463499128818512
0,0,0,0.180387765996986,0,0,0,0,0,0.210993697452876,0,0,0,0,0,0.181872157701131,0.298879355192184,0.290137285987536,0.294657761231065,0,0,0.344010725617409,0,0.37845500310262,0,0,0,0,0,0,0,0,0,0,0,0.359328851103783,0,0.286351750440457,0.279265612363815,0.311648647700037,0,0.306256811211119,0.258843392133713,0.307795941829681,0,0.2560206549142,0,0.333002007433346,0.348849850893021,0.254680122853371,0,0,0,0,0,0.157350024305531,0,0.339985698461533,0,0.327907416555617,0,0.191256604592005,0.286833209296068,0,0.329246640205383,0,0.210680983415464,0,0.301686431105072,0,0.351273233337062,0,0.362328581713341,0,0,0,0,0,0.323113506307473,0,0.287838041083887,0,0.290237156187733,0,0.396618108081009,0.272976584732533,0
0.143607272803783,0,0,0,0.171473252047834,0,0,0,0.128957814161192,0,0,0,0,0,0,0,0.270334541797638,0,0.324650198221207,0,0,0,0,0,0,0,0,0,0,0,0,0,0,0,0,0,0.250484990958984,0,0.303996334473292,0,0.290492561645806,0.275671511888504,0.276695470313231,0,0,0,0.226974828676744,0.264508371551832,0.190155170811047,0.270521889130274,0.220663772523403,0,0,0,0.162081613092665,0,0.29997638033496,0,0.296413380301224,0,0.278260022614683,0,0,0.377492477496465,0,0,0,0,0,0,0,0.329054087400436,0,0.320501000076145,0,0,0,0,0,0.299592956095128,0,0.333758832088539,0.232484757600215,0.239268352588018,0.24086194052552,0,0.26134775330623
0,0.180387765996986,0,0,0,0,0,0,0,0.215692778704343,0,0,0,0,0,0.200211784976689,0.292554467916489,0,0.267542913556099,0.324942725896835,0,0.345819771289825,0,0,0,0,0,0,0,0,0,0,0,0,0,0.325966873403751,0,0.350205719470978,0,0.223772168573406,0,0.283169793732026,0,0,0,0.245581435305732,0,0.259035617113113,0,0.191051742238434,0,0.126604378223419,0,0,0,0.181046681369052,0,0.272751065591971,0,0.248382301434227,0,0.274162980477015,0.245856022834778,0,0,0,0,0,0,0,0.311021953821182,0,0.350943158070246,0,0,0,0,0,0.264024788344448,0,0.30414513250192,0,0.245835121335654,0,0.274473519895125,0,0
0,0,0.171473252047834,0,0,0,0.182410720735788,0,0.213539661053469,0,0,0,0,0,0.239046213172731,0,0,0,0.251909226179123,0,0.175741817083275,0,0,0,0,0,0,0,0,0,0,0,0,0,0,0,0.210654176771641,0,0,0,0.284862324595451,0,0.259063814916918,0,0,0,0.183773890137672,0,0.188174138848598,0.246275849640369,0.229987012618666,0,0.221266667951237,0,0.224265560752056,0,0.242715285884009,0,0.241347601016363,0,0.259733054731319,0,0,0.173386195674539,0,0,0,0,0,0,0,0,0,0.291326349973679,0,0,0,0,0,0,0,0.277888417243958,0.183524435671577,0,0.201690343233336,0,0.266869515180588
0,0,0,0,0,0,0,0,0,0.169398975425533,0,0,0,0,0,0.30951402381242,0,0,0,0.154204323887825,0,0,0,0,0,0,0,0,0,0,0,0,0,0,0,0.201081126928329,0,0,0,0,0,0,0,0,0,0,0,0,0,0,0,0.202550725367084,0,0.160828893383344,0,0,0,0.231921844184399,0,0.214075579017889,0,0.264197529378923,0,0,0,0,0,0,0,0,0,0,0,0,0,0,0,0,0,0,0,0,0.21267864808795,0,0,0,0
0,0,0,0,0.182410720735788,0,0,0,0,0,0.173026504869364,0,0.158291276958254,0,0,0,0,0,0,0,0,0,0,0,0,0,0,0,0,0,0,0,0,0,0,0,0,0,0,0,0,0,0,0,0,0,0,0,0,0,0.173882792968499,0,0.181095522981243,0,0,0,0.317877173423767,0,0,0,0,0,0,0,0,0,0,0,0,0,0,0,0,0,0,0,0,0,0,0.13778439570557,0,0,0.16661792553284,0,0,0,0
0,0,0,0,0,0,0,0,0,0,0,0,0,0,0,0,0,0,0,0,0,0,0,0,0,0,0,0,0,0,0,0,0,0,0,0.199757079992976,0,0,0,0,0,0,0,0,0,0,0,0,0,0,0,0,0,0.158578142910422,0,0,0,0.142556015115518,0,0.241648892561595,0,0,0,0,0,0,0,0,0,0,0,0,0,0,0,0,0,0,0,0,0,0,0.19320126835789,0,0,0,0
0.136963384439711,0,0.128957814161192,0,0.213539661053469,0,0,0,0,0,0,0,0,0,0.187074518452088,0,0,0,0,0,0,0,0,0,0.229389972263767,0,0,0,0,0,0,0,0,0,0,0,0,0.282238066196442,0.18925732021982,0,0.295463055372238,0,0.210022530456384,0,0,0,0.194518476724625,0.271953396499157,0.144509415167409,0.249207377433777,0.251706600189209,0,0,0,0.218173999218194,0,0,0,0,0,0.200529048840205,0,0,0,0,0,0,0.239746914397586,0,0.164997364083926,0,0,0,0,0,0,0,0,0,0,0.264107868075371,0.257737375795841,0.221401680406483,0,0.194337633060845,0,0
0,0.210993697452876,0,0.215692778704343,0,0.169398975425533,0,0,0,0,0,0,0,0,0,0.219766402126927,0.262138038873672,0.259520088260372,0.269294701516628,0,0,0.350776575505733,0,0.287767305663403,0,0.213142521679401,0,0,0,0,0,0,0,0,0,0,0,0.22786768286858,0,0.226469257048198,0,0.256948435726838,0,0.250598043203354,0,0.250819969922304,0,0.309336188435554,0,0.279872675619873,0,0,0,0,0,0.210936764468912,0,0.32151614342417,0,0.345792904496193,0,0.187093507871032,0.272612182423472,0,0,0,0.175459883007847,0,0,0,0.366666105660525,0,0.361039969054135,0,0,0,0,0,0.252252776707922,0,0.188343982466243,0,0.267169020271892,0.27264801875965,0.298056139734136,0,0
0,0,0,0,0,0,0.173026504869364,0,0,0,0,0,0.134970993570545,0,0,0,0,0,0,0,0.167340933369138,0,0,0,0,0,0,0,0.130501052625077,0,0.177864266551555,0,0,0,0,0,0.158283242601843,0,0.168080906822042,0,0,0,0,0,0,0,0.226523086428642,0,0,0,0,0,0.22709920957233,0,0,0,0.2116344468676,0,0.158958178758621,0,0,0,0,0.165625431885322,0,0,0,0,0,0,0,0.1330456122756,0,0.220716014086042,0,0,0,0,0,0,0,0.200528234418701,0.173610786926913,0,0,0,0
0,0,0,0,0,0,0,0,0,0,0,0,0,0.229994301298326,0,0,0,0,0,0.212384455867352,0,0,0,0,0,0,0,0.180994421850752,0,0.170977314504293,0,0,0,0,0,0.208158553285829,0,0.197867434958544,0,0,0,0,0,0,0,0,0,0,0,0,0,0,0,0.138346155484517,0,0,0,0.194204539088754,0,0.221448281689025,0,0,0.225921164133719,0,0,0,0,0,0,0,0.18989749174369,0,0.208279207941224,0,0,0,0,0,0.191906575734417,0,0.24360722894887,0,0.193907911404871,0.154066830873489,0,0,0
0,0,0,0,0,0,0.158291276958254,0,0,0,0.134970993570545,0,0,0,0.19796679101207,0,0,0,0,0,0,0,0,0,0,0,0.168775000116404,0,0,0,0,0,0,0,0,0,0,0,0,0,0,0,0,0,0,0,0,0,0,0,0,0,0,0,0,0,0.153414381309326,0,0.193787449757561,0,0.214589391317632,0,0,0,0,0,0,0,0,0,0,0.199243682954046,0,0,0,0,0,0,0,0,0,0,0.160663213994768,0,0,0,0
0,0,0,0,0,0,0,0,0,0,0,0.229994301298326,0,0,0,0.206788829328844,0,0,0,0,0,0,0,0,0,0,0,0.175474332645535,0,0.133977487683296,0,0,0,0,0,0,0,0,0,0,0,0,0,0,0,0,0,0,0,0.256165699660778,0,0,0,0,0,0,0,0.258509958737364,0,0.220835857046942,0,0.289694756801639,0,0,0,0,0,0,0.310562908649445,0,0.191232553550175,0,0,0,0,0,0,0,0,0,0,0,0.225111364007548,0.200112256293113,0,0,0
0,0,0,0,0.239046213172731,0,0,0,0.187074518452088,0,0,0,0.19796679101207,0,0,0,0.165781240378107,0,0,0,0,0,0,0,0,0,0.161417900274197,0,0,0,0,0,0,0,0,0,0,0,0,0,0,0,0,0,0,0,0,0,0,0,0.259889618626663,0,0,0,0,0,0,0,0.209455552697182,0,0.202823913948877,0,0,0,0,0,0,0,0,0.154340157906214,0,0,0,0,0,0,0,0,0,0,0,0,0.17840613052249,0.142398379743099,0,0,0
0,0.181872157701131,0,0.200211784976689,0,0.30951402381242,0,0,0,0.219766402126927,0,0,0,0.206788829328844,0,0,0,0.220045138682638,0.254002526402473,0.2486355950435,0,0,0,0.247136561173788,0,0.241563454270363,0,0,0,0,0,0,0,0,0,0.223887890577316,0,0,0,0.205165660152068,0,0.267179425557454,0,0,0,0.25676766037941,0,0,0,0.236878607422113,0,0.297003408273061,0,0,0,0.218779843300581,0,0,0,0.210313225055442,0,0.220914765461589,0.226468943059444,0,0,0,0,0,0.225717478990555,0,0,0,0,0,0,0,0,0,0.204976472258568,0.256134927272797,0,0,0.244825555068074,0,0.235220925588357,0,0
0,0.298879355192184,0.270334541797638,0.292554467916489,0,0,0,0,0,0.262138038873672,0,0,0,0,0.165781240378107,0,0,0.202457952380982,0.286074487364753,0,0,0.197261080823161,0.170704069700506,0,0.198135665517587,0,0.177965198815065,0,0.146731358198892,0,0,0,0,0,0,0.334287047386169,0.343551699529614,0.31679493188858,0.341001047028436,0.311658283074697,0.323729913581834,0.271893043951555,0.286386389538174,0.260660659521818,0.285196344057719,0.292681375311481,0.303321740476885,0.362394347786903,0.314569218084216,0.292980715632439,0,0,0,0,0,0,0.266634196043015,0,0,0,0,0,0.308593954966993,0.304001182317734,0.183444360891978,0.186296159790145,0,0.164349243044853,0,0.179126608169685,0.316029250621796,0,0.31054409676128,0.338192068040371,0,0,0,0.3429946154356,0.320856392925436,0.341899488805508,0.311725516404424,0.336854941315121,0.186344513731454,0.156705286989852,0.318345030593635,0.264790916017124,0.29227397387678
0,0.290137285987536,0,0,0,0,0,0,0,0.259520088260372,0,0,0,0,0,0.220045138682638,0.202457952380982,0,0.313102435069109,0.292760362227758,0,0.172351031891398,0.179725041443651,0.15975821018219,0.190757073462009,0.197771160267397,0.171726066619158,0,0,0,0,0,0,0,0,0.356095969676971,0.339423053794437,0.335189614977155,0.338570952415466,0.311872281134129,0.317197579221848,0.280200960566697,0.292088114509457,0.277027885828699,0,0.293436412841587,0.312113497086934,0,0.33542255560557,0.287435803148482,0,0,0,0,0,0,0,0,0,0,0,0,0.316896871836097,0.325788587331772,0.177675251263319,0.180981330573559,0,0,0.200922115200973,0.164181396365166,0.315049022436142,0,0.302826595306396,0.331199645996094,0,0,0,0,0.320065138595445,0.341561246485937,0.322414001944114,0.33026886317465,0.18469662952511,0.149062960279909,0.30771491066976,0.28207702083247,0.287805017828941
0.404891579846541,0.294657761231065,0.324650198221207,0.267542913556099,0.251909226179123,0,0,0,0,0.269294701516628,0,0,0,0,0,0.254002526402473,0.286074487364753,0.313102435069109,0,0.310441262192196,0,0.23667377446379,0.281629761060079,0,0,0,0.225505098700523,0,0,0,0,0,0,0.360832899808884,0,0.349631769582629,0.360191503277531,0.333236445640695,0.345988659188151,0.320008327443916,0.332046007626576,0.239247368751747,0.265166586500475,0.237509101358327,0.307049896035876,0.298028603240493,0.318855850803001,0.350695639848709,0.321895166300237,0.300569860910883,0,0,0,0,0,0.232963815331459,0.277569517493248,0,0.258373834192753,0,0.272986054420471,0,0.312587474481981,0.315737334224913,0.175935059785843,0,0,0,0,0,0.327749631234578,0,0.338227317958582,0.342771704707827,0,0,0.346935898065567,0.311540499329567,0.332946487125896,0.351393411491866,0.330465970872101,0.345326550022671,0.276730164081279,0.240428656339645,0.324490063112996,0.239571224528415,0.271221241950989
0,0,0,0.324942725896835,0,0.154204323887825,0,0,0,0,0,0.212384455867352,0,0,0,0.2486355950435,0,0.292760362227758,0.310441262192196,0,0,0,0,0,0,0,0,0,0,0,0,0,0,0,0,0.261602850405168,0,0.249640348029661,0,0,0,0.356902379881252,0,0.34649620950222,0,0.296067437704872,0,0,0,0,0,0,0,0.249180808663368,0,0,0,0.240720329655183,0,0.322563618421555,0,0.286859729223781,0.245902223640272,0,0,0,0,0,0,0,0,0,0.281540341409189,0,0,0,0,0,0.276193966838633,0,0.302207428040809,0,0.206808767238107,0,0.340911466781407,0,0
0,0,0,0,0.175741817083275,0,0,0,0,0,0.167340933369138,0,0,0,0,0,0,0,0,0,0,0,0,0,0,0,0,0,0,0,0,0,0,0,0,0,0.179909511649382,0,0.162858329087245,0,0,0,0.303756669163704,0,0,0,0.221834824937913,0.243333131074905,0,0,0.196903023444964,0,0,0,0,0,0.164241920296962,0,0,0,0,0,0,0.184662781927311,0,0,0,0,0,0,0,0,0,0.300851196050644,0,0,0,0,0,0.188978651055583,0,0.223460839390755,0.172280375279011,0,0.35125435250146,0,0
0,0.344010725617409,0,0.345819771289825,0,0,0,0,0,0.350776575505733,0,0,0,0,0,0,0.197261080823161,0.172351031891398,0.23667377446379,0,0,0,0.13175985049738,0.231264883776506,0,0.258056994197489,0,0.19268459379673,0,0,0,0,0,0,0,0,0,0.208854636321307,0,0,0,0.323765835165977,0,0,0,0.301213651895523,0,0,0,0.299991030852462,0,0,0,0,0,0,0,0.369987672881076,0,0,0,0.377057693898678,0.348833605647087,0,0.226751946788333,0,0.238205716654193,0,0.341819392671262,0,0.309739059364178,0,0.362884253263474,0,0,0,0,0,0,0,0.232818040060968,0,0.166162932252382,0.164211238178997,0.360529777904352,0,0
0,0,0,0,0,0,0,0,0,0,0,0,0,0,0,0,0.170704069700506,0.179725041443651,0.281629761060079,0,0,0.13175985049738,0,0,0.187262143743666,0,0.161888907495581,0,0.180612076636699,0,0,0,0,0,0,0,0,0,0.1562975399462,0,0,0,0,0,0,0,0,0,0.288340523218115,0,0,0,0,0,0,0,0,0,0,0,0,0,0,0,0.133000071483607,0.208668776327136,0,0.214119155910723,0,0.20819216685475,0,0.230189749895178,0,0,0,0,0,0,0.333662271499634,0,0,0.194139664218576,0.169508041600665,0.178191469910626,0,0,0.297121286392212
0,0.37845500310262,0,0,0,0,0,0,0,0.287767305663403,0,0,0,0,0,0.247136561173788,0,0.15975821018219,0,0,0,0.231264883776506,0,0,0,0.203512156866491,0,0,0,0,0,0,0,0,0,0,0,0.253629683794099,0.273865938186646,0,0,0,0,0,0,0.296674430370331,0,0.278106361627579,0,0.323375701904297,0,0,0,0,0,0.194855492029871,0,0,0,0.390687465667725,0,0.266050909956296,0.303548112511635,0,0.275463023068649,0,0.226714283794074,0,0.20896234922111,0,0.403759320576986,0,0,0,0,0,0,0,0,0,0.219952697555224,0,0.213786371986926,0,0.292113487537091,0,0
0,0,0,0,0,0,0,0,0.229389972263767,0,0,0,0,0,0,0,0.198135665517587,0.190757073462009,0,0,0,0,0.187262143743666,0,0,0,0.173918129309364,0,0,0,0,0,0,0,0,0,0,0.242594234645367,0.180380051173049,0,0,0,0.188125977913539,0,0,0,0,0.330205231904984,0.257095121401799,0,0,0,0,0,0.226502136160166,0,0,0,0,0,0,0,0,0,0,0.201442590959015,0,0.180316457872997,0,0.200426353552079,0,0.273090119163195,0,0,0,0,0,0,0,0,0,0.206101938630595,0.177645435228067,0,0.220380280234597,0,0
0,0,0,0,0,0,0,0,0,0.213142521679401,0,0,0,0,0,0.241563454270363,0,0.197771160267397,0,0,0,0.258056994197489,0,0.203512156866491,0,0,0,0.194170541327683,0,0,0,0,0,0,0,0,0,0,0,0,0,0,0,0,0,0,0,0,0,0,0,0,0,0,0,0,0,0,0,0,0,0,0,0,0.266150362592823,0,0.198854617774487,0,0.225840851860096,0,0.255981430411339,0,0,0,0,0,0,0,0,0,0,0,0.197778816702621,0,0.189935207366943,0,0
0,0,0,0,0,0,0,0,0,0,0,0,0.168775000116404,0,0.161417900274197,0,0.177965198815065,0.171726066619158,0.225505098700523,0,0,0,0.161888907495581,0,0.173918129309364,0,0,0,0.210040993846598,0,0,0,0,0,0,0,0,0,0,0,0,0,0,0,0,0,0,0,0,0,0,0,0,0,0,0,0,0,0.173518573992873,0,0,0,0,0,0,0.176086218858307,0,0.212299971116914,0,0.178950923476733,0,0.181322769685225,0,0,0,0,0,0,0,0,0,0,0.167241922833703,0,0,0,0
0,0,0,0,0,0,0,0,0,0,0,0.180994421850752,0,0.175474332645535,0,0,0,0,0,0,0,0.19268459379673,0,0,0,0.194170541327683,0,0,0,0.222657853196397,0,0,0,0,0,0,0,0.20907197201252,0,0,0,0,0,0,0,0,0,0,0,0,0,0,0,0,0,0,0,0.206340119006142,0,0.170194295586133,0,0,0,0,0.203849772760209,0,0,0,0.218428902671887,0,0.220419636048309,0,0.208179828339124,0,0,0,0,0,0,0,0.220325424232417,0,0.205947858320363,0.195175412026319,0,0,0
0,0,0,0,0,0,0,0,0,0,0.130501052625077,0,0,0,0,0,0.146731358198892,0,0,0,0,0,0.180612076636699,0,0,0,0.210040993846598,0,0,0,0.195387572427339,0,0,0,0,0,0,0,0.199489390993693,0,0,0,0,0,0,0,0,0,0,0,0,0,0,0,0,0,0.138525152206421,0,0.209355818107724,0,0,0,0,0,0,0.205298326185995,0,0,0,0.219050206243992,0,0.246265135085465,0,0.23666825811312,0,0,0,0,0,0,0,0.229877708205844,0.183281750464049,0.147849281628927,0,0,0
0,0,0,0,0,0,0,0,0,0,0,0.170977314504293,0,0.133977487683296,0,0,0,0,0,0,0,0,0,0,0,0,0,0.222657853196397,0,0,0,0,0,0,0,0,0,0.193586357058612,0,0,0,0,0,0,0,0,0,0,0,0,0,0,0,0,0,0,0,0.174116491372215,0,0.161500453948975,0,0,0,0,0,0,0,0,0,0,0.171879129186899,0,0.213073256418632,0,0,0,0,0,0,0,0.212829741442702,0,0.204423967846914,0.147999450564384,0,0,0
0,0,0,0,0,0,0,0,0,0,0.177864266551555,0,0,0,0,0,0,0,0,0,0,0,0,0,0,0,0,0,0.195387572427339,0,0,0,0,0,0,0,0,0,0.164717026171274,0,0,0,0,0,0,0,0,0,0,0,0,0,0,0,0,0,0.204819866951476,0,0,0,0,0,0,0,0,0,0,0,0,0,0,0.20866252043668,0,0.217808178124519,0,0,0,0,0,0,0,0.177939850916254,0.170126701593399,0.150645911693573,0,0,0
0,0,0,0,0,0,0,0,0,0,0,0,0,0,0,0,0,0,0,0,0,0,0,0,0,0,0,0,0,0,0,0,0.161469998104232,0.295754170731494,0.172161558436023,0.165703514613301,0.185136007720774,0,0,0.32998596628507,0,0,0,0,0,0,0,0.235772929569282,0,0.290170556306839,0,0,0,0,0,0,0,0,0,0,0,0,0,0,0,0,0,0,0,0,0,0,0,0,0.19850997039766,0,0.218171859927037,0,0.251334074770614,0.176786149541537,0,0,0.184355479125914,0,0,0,0
0,0,0,0,0,0,0,0,0,0,0,0,0,0,0,0,0,0,0,0,0,0,0,0,0,0,0,0,0,0,0,0.161469998104232,0,0,0.357804376425015,0.226500138640404,0.272072915710323,0,0,0.495367361918876,0,0,0,0,0,0,0,0.360384047579606,0.49003102183342,0.482576078945591,0,0,0,0,0,0,0,0,0,0,0,0,0,0,0,0,0,0,0,0,0,0,0,0,0,0.396380915861208,0,0.250382310152054,0.441854098013469,0.291670169741396,0,0,0.174490174109286,0,0.479921251535416,0,0
0,0,0,0,0,0,0,0,0,0,0,0,0,0,0,0,0,0,0.360832899808884,0,0,0,0,0,0,0,0,0,0,0,0,0.295754170731494,0,0,0.176230538474477,0.182499291062993,0,0.158802814338658,0,0.307583206770371,0,0,0,0,0,0,0,0.347922788914355,0,0.277882759679448,0,0,0,0,0,0,0,0,0,0,0,0,0,0,0,0,0,0,0,0,0,0,0,0,0.203808886664254,0,0.209183107893349,0.186524421473344,0.196998219424984,0,0.33457597748178,0,0.259854438383717,0,0,0.32070317864418,0
0,0,0,0,0,0,0,0,0,0,0,0,0,0,0,0,0,0,0,0,0,0,0,0,0,0,0,0,0,0,0,0.172161558436023,0.357804376425015,0.176230538474477,0,0,0.180368251523576,0,0.168987592498025,0,0,0,0,0,0,0,0,0.357352744656525,0.378361082077026,0.405056436856588,0,0,0,0,0,0,0,0,0,0,0,0,0,0,0,0,0,0,0,0,0,0,0,0,0,0.258181110297868,0.151215284670654,0.214385149732037,0,0.21095988987348,0,0.192530995500939,0.200892659706356,0,0.456444650888443,0,0
0,0.359328851103783,0,0.325966873403751,0,0.201081126928329,0,0.199757079992976,0,0,0,0.208158553285829,0,0,0,0.223887890577316,0.334287047386169,0.356095969676971,0.349631769582629,0.261602850405168,0,0,0,0,0,0,0,0,0,0,0,0.165703514613301,0.226500138640404,0.182499291062993,0,0,0.292193580069347,0.217572629553228,0.162927718964261,0.197908466681838,0,0.374294806520144,0.309210568666458,0.372662538290024,0,0.325943099856377,0,0.651400294520951,0,0.472535359553802,0,0.217168278992176,0,0.209584722206706,0,0,0,0.292164919243471,0,0.23528677970171,0,0.270940560102463,0.241889386685836,0,0,0,0,0,0,0,0,0,0.314065083861351,0,0.157286082743667,0.744071125984192,0.191454251096911,0,0.235940314422568,0.319210766908009,0.294381564932625,0.193719561804425,0.212400447399367,0.194137985879629,0.342026252811554,0.378981590270996,0
0.420603175957998,0,0.250484990958984,0,0.210654176771641,0,0,0,0,0,0.158283242601843,0,0,0,0,0,0.343551699529614,0.339423053794437,0.360191503277531,0,0.179909511649382,0,0,0,0,0,0,0,0,0,0,0.185136007720774,0.272072915710323,0,0.180368251523576,0.292193580069347,0,0.176100848719131,0.206874344266862,0.449445068836212,0.354054087056563,0.359215170145035,0.348045765801712,0,0.44873894850413,0.335602194070816,0.319774707721681,0.377670029695447,0.330259034138047,0.784050195054574,0.243332444188687,0,0,0,0,0,0.310471116350247,0,0.266001543538137,0,0.233059518039227,0,0.33886131644249,0.219676200521031,0,0,0,0,0,0,0,0,0,0.359549516981298,0.194515943527222,0.248893984206059,0,0.218200318136458,0.445050557541264,0.225744000974033,0,0.279516791303953,0.20211088000992,0.184200164040053,0.336292739348444,0.336322814226151,0.365670140701182
0,0.286351750440457,0,0.350205719470978,0,0,0,0,0.282238066196442,0.22786768286858,0,0.197867434958544,0,0,0,0,0.31679493188858,0.335189614977155,0.333236445640695,0.249640348029661,0,0.208854636321307,0,0.253629683794099,0.242594234645367,0,0,0.20907197201252,0,0.193586357058612,0,0,0,0.158802814338658,0,0.217572629553228,0.176100848719131,0,0.169750021963284,0.335720866918564,0,0.346765373410149,0,0.415983200073242,0,0.315052965147929,0,0.517068022021414,0.412267611785368,0.297760280857096,0,0,0,0,0,0.200829359516501,0,0.204712296741596,0,0.374982833862305,0,0,0.260499777765466,0,0.213631925046692,0,0.303157561634019,0.271582305431366,0.235709128280481,0,0.296198884777675,0,0.178824491561843,0,0,0,0.184951114379827,0,0.254049128313209,0.219304993748665,0.240368906105714,0.159499928951263,0.227506531280447,0.178236891421699,0.287682176924046,0.334229138162401,0
0,0.279265612363815,0.303996334473292,0,0,0,0,0,0.18925732021982,0,0.168080906822042,0,0,0,0,0,0.341001047028436,0.338570952415466,0.345988659188151,0,0.162858329087245,0,0.1562975399462,0.273865938186646,0.180380051173049,0,0,0,0.199489390993693,0,0.164717026171274,0,0,0,0.168987592498025,0.162927718964261,0.206874344266862,0.169750021963284,0,0,0.334591454929776,0,0.255433441563086,0,0.450032651424408,0.315342456102371,0.321924979813763,0.568558622476886,0.322811467193284,0,0,0,0,0,0.190994351609679,0,0.184320033251584,0,0,0,0,0,0,0.231247477434777,0,0.19661060919696,0,0.235747977026871,0,0,0,0.296501500641598,0,0.228141745011653,0,0,0,0.197932900459159,0.337795495986938,0.267943462683052,0.161113343305058,0.213616550710554,0.190031658349765,0.207277552002952,0.306249222212604,0,0.326645910739899
0,0.311648647700037,0,0.223772168573406,0,0,0,0,0,0.226469257048198,0,0,0,0,0,0.205165660152068,0.311658283074697,0.311872281134129,0.320008327443916,0,0,0,0,0,0,0,0,0,0,0,0,0.32998596628507,0.495367361918876,0.307583206770371,0,0.197908466681838,0.449445068836212,0.335720866918564,0,0,0.370437532663345,0.269549287089405,0,0.287276117240681,0,0.2331285920615,0,0.414054393151324,0.519288620601098,0.38721697601082,0,0,0,0,0,0.222655408084393,0,0.243717146416505,0,0.221357621252537,0,0.229121988782516,0.242643768425848,0,0,0,0,0,0,0,0.309962451457977,0,0.308900187412898,0,0,0.474495157692003,0.31787683069706,0,0.273107337679441,0.53509695827961,0.279748696751065,0.395982623100281,0.290559508826262,0,0.22405368842978,0.294913991491,0
0.372221274150384,0,0.290492561645806,0,0.284862324595451,0,0,0,0.295463055372238,0,0,0,0,0,0,0,0.323729913581834,0.317197579221848,0.332046007626576,0,0,0,0,0,0,0,0,0,0,0,0,0,0,0,0,0,0.354054087056563,0,0.334591454929776,0.370437532663345,0,0.291473249302191,0.313637901047759,0.27803772687912,0.354879312474152,0.312094637751579,0.284417048525038,0,0.215199509724522,0.298163250088692,0.311384111642838,0,0,0,0.34257647395134,0,0.287330854684114,0,0.270547944307327,0,0.280691310763359,0,0.340269111924701,0.315195134570522,0,0,0,0,0,0,0,0,0,0.325406058256825,0,0,0,0,0.327637831370036,0.268068396313828,0.345870018005371,0.332191762739214,0.317048524540535,0.344436496496201,0.322410959617019,0,0.303832765249227
0,0.306256811211119,0.275671511888504,0.283169793732026,0,0,0,0,0,0.256948435726838,0,0,0,0,0,0.267179425557454,0.271893043951555,0.280200960566697,0.239247368751747,0.356902379881252,0,0.323765835165977,0,0,0,0,0,0,0,0,0,0,0,0,0,0.374294806520144,0.359215170145035,0.346765373410149,0,0.269549287089405,0.291473249302191,0,0.247419112541027,0.209293199215137,0,0.285694358027113,0.284408296147982,0.368921884659971,0.426875531673431,0.299918497657212,0,0,0,0,0,0.261390481889248,0,0.306761212953149,0,0.307208693027496,0,0.28101790362391,0.308502965967874,0,0.2961246073246,0,0.25995232462883,0,0.308448821306229,0,0.352894059320291,0,0.379261038683612,0.327779233455658,0,0,0.317954316735268,0,0.326644937316122,0.308843176002088,0.350714465607521,0.34507292509079,0.275572540341003,0.327733486890793,0.274192949137499,0.230900009966079,0.289059062798818
0.306218864724917,0.258843392133713,0.276695470313231,0,0.259063814916918,0,0,0,0.210022530456384,0,0,0,0,0,0,0,0.286386389538174,0.292088114509457,0.265166586500475,0,0.303756669163704,0,0,0,0.188125977913539,0,0,0,0,0,0,0,0,0,0,0.309210568666458,0.348045765801712,0,0.255433441563086,0,0.313637901047759,0.247419112541027,0,0.196732148528099,0.322436389597979,0.288462998345494,0.298235636083568,0.346557468175888,0.306470573304659,0.315807968378067,0.250649511814117,0,0,0,0.238751041889191,0,0.310258414234793,0,0.295772877543472,0,0.274763529499372,0,0.28867487443818,0.322770625986951,0,0,0,0.199939742684364,0,0,0,0.30012001310076,0.308165907859802,0.324092094634222,0,0,0,0.365666553378105,0.292353177612478,0.321634249191175,0,0.326696810595568,0.267589978100107,0.299520760774612,0.308024554128461,0.219989389181137,0.255183224840084
0,0.307795941829681,0,0,0,0,0,0,0,0.250598043203354,0,0,0,0,0,0,0.260660659521818,0.277027885828699,0.237509101358327,0.34649620950222,0,0,0,0,0,0,0,0,0,0,0,0,0,0,0,0.372662538290024,0,0.415983200073242,0,0.287276117240681,0.27803772687912,0.209293199215137,0.196732148528099,0,0,0.316023193532601,0,0.402127981185913,0,0.296246312558651,0,0,0,0,0,0.260464370250702,0,0,0,0,0,0,0.332443625137613,0,0,0,0,0,0,0,0,0,0.273092113435268,0,0,0,0,0,0.339004514607745,0,0.349886050995658,0,0.23752672592519,0,0.248528316617012,0.200018327297836,0
0,0,0,0,0,0,0,0,0,0,0,0,0,0,0,0,0.285196344057719,0,0.307049896035876,0,0,0,0,0,0,0,0,0,0,0,0,0,0,0,0,0,0.44873894850413,0,0.450032651424408,0,0.354879312474152,0,0.322436389597979,0,0,0,0.395757639408112,0,0.411810114979744,0,0,0,0,0,0,0,0,0,0,0,0,0,0,0,0,0,0,0,0,0,0,0,0,0.490410149097443,0,0,0,0,0.253310799598694,0.426545331452755,0,0.462471182857241,0.328071483969688,0,0.514536598036366,0,0.500897690653801
0.264524281024933,0.2560206549142,0,0.245581435305732,0,0,0,0,0,0.250819969922304,0,0,0,0,0,0.25676766037941,0.292681375311481,0.293436412841587,0.298028603240493,0.296067437704872,0,0.301213651895523,0,0.296674430370331,0,0,0,0,0,0,0,0,0,0,0,0.325943099856377,0.335602194070816,0.315052965147929,0.315342456102371,0.2331285920615,0.312094637751579,0.285694358027113,0.288462998345494,0.316023193532601,0,0,0.298016652464867,0,0,0.261771440635557,0,0,0,0,0,0.258096426725388,0,0.296680510044098,0,0,0,0.259983514036451,0.267446962241725,0,0.312630712985992,0,0,0,0,0,0.297256090678275,0,0.304651925848289,0,0,0,0,0,0.27579996508326,0.326351201534271,0.319555891767998,0.350619912147522,0.294357736395406,0,0.269745137643436,0.308136475663031,0.225538715720177
0.323554918879554,0,0.226974828676744,0,0.183773890137672,0,0,0,0.194518476724625,0,0.226523086428642,0,0,0,0,0,0.303321740476885,0.312113497086934,0.318855850803001,0,0.221834824937913,0,0,0,0,0,0,0,0,0,0,0,0,0,0,0,0.319774707721681,0,0.321924979813763,0,0.284417048525038,0.284408296147982,0.298235636083568,0,0.395757639408112,0.298016652464867,0,0.322637528181076,0.29714795171398,0.228895843029022,0,0,0,0,0.278336316347122,0,0.321764901501161,0,0.327736482024193,0,0,0,0.322530061006546,0.280662177381029,0,0,0,0,0,0,0,0.295660778880119,0,0.361369019319093,0,0,0,0.315963685512543,0.321618092911584,0.298480883545843,0.307591199874878,0.339296158592035,0.292038340879467,0.37811216711998,0.277287004176466,0.308769851922989,0.319189774639466
0.257941097021103,0.333002007433346,0.264508371551832,0.259035617113113,0,0,0,0,0.271953396499157,0.309336188435554,0,0,0,0,0,0,0.362394347786903,0,0.350695639848709,0,0.243333131074905,0,0,0.278106361627579,0.330205231904984,0,0,0,0,0,0,0.235772929569282,0.360384047579606,0.347922788914355,0.357352744656525,0.651400294520951,0.377670029695447,0.517068022021414,0.568558622476886,0.414054393151324,0,0.368921884659971,0.346557468175888,0.402127981185913,0,0,0.322637528181076,0,0.520758053944635,0.391332214995897,0,0,0,0,0,0.189062625169754,0,0,0.266770035028458,0,0.273058146238327,0.27252584695816,0,0,0,0,0,0.342496493033,0,0,0,0,0,0,0.291209784114645,0.449438723171517,0.4056200223902,0.449638671486565,0.411825497883387,0.412928427501836,0.613972705802647,0.58549011972112,0.405135894223106,0,0.424824062388043,0,0.362130949894587
0.181346967816353,0.348849850893021,0.190155170811047,0,0.188174138848598,0,0,0,0.144509415167409,0,0,0,0,0,0,0,0.314569218084216,0.33542255560557,0.321895166300237,0,0,0,0.288340523218115,0,0.257095121401799,0,0,0,0,0,0,0,0.49003102183342,0,0.378361082077026,0,0.330259034138047,0.412267611785368,0.322811467193284,0.519288620601098,0.215199509724522,0.426875531673431,0.306470573304659,0,0.411810114979744,0,0.29714795171398,0.520758053944635,0,0.444861385684747,0,0,0,0,0.185287755727768,0,0.254695244647306,0,0.283592380010165,0,0.247412508442288,0,0,0.31539386510849,0,0.347975094028762,0,0.266593764639563,0.308596312999725,0.250511050224304,0,0.226118705173333,0,0.298943523890697,0,0.477492026984692,0,0.342993417206932,0.35601818561554,0.255126012327536,0.403054598718882,0.338405982972376,0.353801951990095,0,0.290592912766669,0,0.319415462178153
0,0.254680122853371,0.270521889130274,0.191051742238434,0.246275849640369,0,0,0,0.249207377433777,0.279872675619873,0,0,0,0.256165699660778,0,0.236878607422113,0.292980715632439,0.287435803148482,0.300569860910883,0,0,0.299991030852462,0,0.323375701904297,0,0,0,0,0,0,0,0.290170556306839,0.482576078945591,0.277882759679448,0.405056436856588,0.472535359553802,0.784050195054574,0.297760280857096,0,0.38721697601082,0.298163250088692,0.299918497657212,0.315807968378067,0.296246312558651,0,0.261771440635557,0.228895843029022,0.391332214995897,0.444861385684747,0,0,0,0,0,0,0.15509652270604,0,0.329380676827647,0.279326379299164,0.29378991415391,0.244319275021553,0.291651494483247,0.328326178116536,0,0.308522777134839,0,0.281664394906589,0,0.315251050931722,0,0.359506419608118,0,0.391188031701899,0,0.318818420171738,0.492710560962961,0.291023005285989,0,0.336803533289884,0.788357305030028,0.311540179827192,0.334805279970169,0.342386823629743,0,0.310004943999677,0.320496223039097,0
0,0,0.220663772523403,0,0.229987012618666,0,0.173882792968499,0,0.251706600189209,0,0,0,0,0,0.259889618626663,0,0,0,0,0,0.196903023444964,0,0,0,0,0,0,0,0,0,0,0,0,0,0,0,0.243332444188687,0,0,0,0.311384111642838,0,0.250649511814117,0,0,0,0,0,0,0,0,0,0.218453976172435,0,0.251343121752143,0,0.285424901772354,0,0.258369798461596,0,0.274096750822224,0,0,0.228020059400135,0,0,0,0,0,0,0,0,0,0,0,0,0,0,0,0.309793564132773,0,0,0.204638435729879,0,0.287331663980065,0,0
0,0,0,0.126604378223419,0,0.202550725367084,0,0,0,0,0,0,0,0,0,0.297003408273061,0,0,0,0,0,0,0,0,0,0,0,0,0,0,0,0,0,0,0,0.217168278992176,0,0,0,0,0,0,0,0,0,0,0,0,0,0,0,0,0,0.171308426520763,0,0,0,0,0,0.180166846488492,0,0.224203074297119,0,0,0,0,0,0,0,0,0,0,0,0,0,0,0,0,0,0,0,0,0.212091470235272,0,0,0,0
0,0,0,0,0.221266667951237,0,0.181095522981243,0,0,0,0.22709920957233,0,0,0,0,0,0,0,0,0,0,0,0,0,0,0,0,0,0,0,0,0,0,0,0,0,0,0,0,0,0,0,0,0,0,0,0,0,0,0,0.218453976172435,0,0,0,0,0,0.262026428807597,0,0.203318636668356,0,0,0,0,0,0,0,0,0,0,0,0,0,0,0,0,0,0,0,0,0,0,0,0.166480679261057,0,0,0,0
0,0,0,0,0,0.160828893383344,0,0.158578142910422,0,0,0,0.138346155484517,0,0,0,0,0,0,0,0.249180808663368,0,0,0,0,0,0,0,0,0,0,0,0,0,0,0,0.209584722206706,0,0,0,0,0,0,0,0,0,0,0,0,0,0,0,0.171308426520763,0,0,0,0,0,0,0,0,0,0,0,0,0,0,0,0,0,0,0,0,0,0,0,0,0,0,0,0,0,0,0.154758313388535,0,0,0,0
0.130405469958124,0,0.162081613092665,0,0.224265560752056,0,0,0,0.218173999218194,0,0,0,0,0,0,0,0,0,0,0,0,0,0,0,0.226502136160166,0,0,0,0,0,0,0,0,0,0,0,0,0,0.190994351609679,0,0.34257647395134,0,0.238751041889191,0,0,0,0.278336316347122,0,0.185287755727768,0,0.251343121752143,0,0,0,0,0,0,0,0,0,0.215949196846057,0,0,0,0,0,0,0.256107650888272,0,0,0,0,0,0.293604719638824,0,0,0,0,0,0,0,0.259515559673309,0.206254931029521,0,0.214492355153632,0,0
0,0.157350024305531,0,0.181046681369052,0,0,0,0,0,0.210936764468912,0,0,0,0,0,0.218779843300581,0,0,0.232963815331459,0,0,0,0,0.194855492029871,0,0,0,0,0,0,0,0,0,0,0,0,0,0.200829359516501,0,0.222655408084393,0,0.261390481889248,0,0.260464370250702,0,0.258096426725388,0,0.189062625169754,0,0.15509652270604,0,0,0,0,0,0,0,0.313549637794495,0,0.305073171854019,0,0.18818274885416,0.301711022853851,0,0,0,0.16990291092635,0,0,0,0,0,0,0,0,0,0,0,0,0,0.169666060209274,0,0.232369979222616,0,0.270808384926231,0,0
0,0,0.29997638033496,0,0.242715285884009,0,0.317877173423767,0,0,0,0.2116344468676,0,0.153414381309326,0,0,0,0.266634196043015,0,0.277569517493248,0,0.164241920296962,0,0,0,0,0,0,0,0.138525152206421,0,0.204819866951476,0,0,0,0,0,0.310471116350247,0,0.184320033251584,0,0.287330854684114,0,0.310258414234793,0,0,0,0.321764901501161,0,0.254695244647306,0,0.285424901772354,0,0.262026428807597,0,0,0,0,0,0.273203349727042,0,0.278383517844809,0,0,0.327242383675018,0,0,0,0,0,0,0,0.328458624262384,0,0.340150472707252,0,0,0,0,0.299572020769119,0.371829019036404,0,0.277471891707844,0.248999472479431,0,0.336998074235836,0,0.325087361037731
0,0.339985698461533,0,0.272751065591971,0,0.231921844184399,0,0.142556015115518,0,0.32151614342417,0,0.194204539088754,0,0.258509958737364,0,0,0,0,0,0.240720329655183,0,0.369987672881076,0,0,0,0,0,0.206340119006142,0,0.174116491372215,0,0,0,0,0,0.292164919243471,0,0.204712296741596,0,0.243717146416505,0,0.306761212953149,0,0,0,0.296680510044098,0,0,0,0.329380676827647,0,0,0,0,0,0.313549637794495,0,0,0,0.262706670745627,0,0.340353933828218,0.36378881625862,0,0.360080304741859,0,0,0,0.368192491860225,0,0.336897739473421,0,0.315076400490675,0,0,0,0,0,0.316522839889731,0,0.329883766919374,0,0.190547929235219,0,0.39766689401319,0,0
0,0,0.296413380301224,0,0.241347601016363,0,0,0,0,0,0.158958178758621,0,0.193787449757561,0,0.209455552697182,0,0,0,0.258373834192753,0,0,0,0,0,0,0,0.173518573992873,0,0.209355818107724,0,0,0,0,0,0,0,0.266001543538137,0,0,0,0.270547944307327,0,0.295772877543472,0,0,0,0.327736482024193,0.266770035028458,0.283592380010165,0.279326379299164,0.258369798461596,0,0.203318636668356,0,0,0,0.273203349727042,0,0,0,0.245451444487893,0,0,0.383003488183022,0,0,0,0,0,0.223986561099688,0,0.234857345378496,0,0.350089341402054,0,0,0,0,0.334955662488937,0.333751971071417,0,0.30017551779747,0.241060131058401,0,0.319018278968389,0,0.317884236574173
0,0.327907416555617,0,0.248382301434227,0,0.214075579017889,0,0.241648892561595,0,0.345792904496193,0,0.221448281689025,0,0.220835857046942,0,0.210313225055442,0,0,0,0.322563618421555,0,0,0,0.390687465667725,0,0,0,0.170194295586133,0,0.161500453948975,0,0,0,0,0,0.23528677970171,0,0.374982833862305,0,0.221357621252537,0,0.307208693027496,0,0,0,0,0,0,0,0.29378991415391,0,0.180166846488492,0,0,0,0.305073171854019,0,0.262706670745627,0,0,0,0.297359488591427,0.330926070610682,0,0.366472019390626,0,0.357542723417282,0,0.352034686123513,0,0.286737292211437,0,0.251598095521331,0,0,0,0,0,0.255005109523024,0,0,0,0.217304681559078,0,0.317238492337433,0,0
0,0,0.278260022614683,0,0.259733054731319,0,0,0,0.200529048840205,0,0,0,0.214589391317632,0,0.202823913948877,0,0,0,0.272986054420471,0,0,0,0,0,0,0,0,0,0,0,0,0,0,0,0,0,0.233059518039227,0,0,0,0.280691310763359,0,0.274763529499372,0,0,0,0,0.273058146238327,0.247412508442288,0.244319275021553,0.274096750822224,0,0,0,0.215949196846057,0,0.278383517844809,0,0.245451444487893,0,0,0,0,0,0,0,0,0,0,0.148764364421368,0,0.219505667686462,0,0.282151401042938,0,0,0,0,0,0.307232350111008,0,0.311867877840996,0.236969889865981,0.142729353159666,0.258836790453643,0,0.287811815738678
0,0.191256604592005,0,0.274162980477015,0,0.264197529378923,0,0,0,0.187093507871032,0,0,0,0.289694756801639,0,0.220914765461589,0,0,0,0.286859729223781,0,0.377057693898678,0,0.266050909956296,0,0,0,0,0,0,0,0,0,0,0,0.270940560102463,0,0,0,0.229121988782516,0,0.28101790362391,0,0,0,0.259983514036451,0,0.27252584695816,0,0.291651494483247,0,0.224203074297119,0,0,0,0.18818274885416,0,0.340353933828218,0,0.297359488591427,0,0,0.275073679054485,0,0.359290417283773,0,0.287397146224976,0,0.320073085910869,0,0.378299671624388,0,0.303061813116074,0,0,0,0,0,0.252110769273713,0,0.315103620290756,0,0.266553642285853,0,0.272688091625559,0,0
0,0.286833209296068,0,0.245856022834778,0,0,0,0,0,0.272612182423472,0,0.225921164133719,0,0,0,0.226468943059444,0.308593954966993,0.316896871836097,0.312587474481981,0.245902223640272,0,0.348833605647087,0,0.303548112511635,0,0,0,0,0,0,0,0,0,0,0,0.241889386685836,0.33886131644249,0.260499777765466,0,0.242643768425848,0.340269111924701,0.308502965967874,0.28867487443818,0.332443625137613,0,0.267446962241725,0.322530061006546,0,0,0.328326178116536,0,0,0,0,0,0.301711022853851,0,0.36378881625862,0,0.330926070610682,0,0.275073679054485,0,0,0.364632427692413,0,0,0,0,0,0.358944584080513,0,0.358740045497944,0,0,0,0,0,0.288060080588655,0.344385460019112,0.326330010104054,0.346167037884394,0.241694115939594,0,0.311861908229871,0.321584353723177,0
0,0,0.377492477496465,0,0.173386195674539,0,0,0,0,0,0.165625431885322,0,0,0,0,0,0.304001182317734,0.325788587331772,0.315737334224913,0,0.184662781927311,0,0,0,0,0,0,0,0,0,0,0,0,0,0,0,0.219676200521031,0,0.231247477434777,0,0.315195134570522,0,0.322770625986951,0,0,0,0.280662177381029,0,0.31539386510849,0,0.228020059400135,0,0,0,0,0,0.327242383675018,0,0.383003488183022,0,0,0,0,0,0,0,0,0,0,0,0,0.354312469561895,0,0.396478859766344,0,0,0,0,0,0.270030657366296,0,0.300382281682506,0.197480217381468,0,0.344215362526869,0,0.327136597463063
0,0.329246640205383,0,0,0,0,0,0,0,0,0,0,0,0,0,0,0.183444360891978,0.177675251263319,0.175935059785843,0,0,0.226751946788333,0.133000071483607,0.275463023068649,0,0.266150362592823,0,0.203849772760209,0,0,0,0,0,0,0,0,0,0.213631925046692,0,0,0,0.2961246073246,0,0,0,0.312630712985992,0,0,0,0.308522777134839,0,0,0,0,0,0,0,0.360080304741859,0,0.366472019390626,0,0.359290417283773,0.364632427692413,0,0,0,0.273178482957936,0,0.348525501999701,0,0.341376595766073,0,0,0,0,0,0,0,0.308942675590515,0,0.289741877370215,0,0.173206165624462,0.176042132160293,0.345019653439522,0,0
0,0,0,0,0,0,0,0,0,0,0,0,0,0,0,0,0.186296159790145,0.180981330573559,0,0,0,0,0.208668776327136,0,0.201442590959015,0,0.176086218858307,0,0.205298326185995,0,0,0,0,0,0,0,0,0,0.19661060919696,0,0,0,0,0,0,0,0,0,0.347975094028762,0,0,0,0,0,0,0,0,0,0,0,0,0,0,0,0,0,0,0.276113148825833,0,0.356699994228182,0,0.333155037809725,0,0,0,0,0,0,0,0,0,0.269846843210238,0.186105230130605,0.154829785227776,0,0,0
0,0.210680983415464,0,0,0,0,0,0,0,0.175459883007847,0,0,0,0,0,0,0,0,0,0,0,0.238205716654193,0,0.226714283794074,0,0.198854617774487,0,0,0,0,0,0,0,0,0,0,0,0.303157561634019,0,0,0,0.25995232462883,0,0,0,0,0,0,0,0.281664394906589,0,0,0,0,0,0.16990291092635,0,0,0,0.357542723417282,0,0.287397146224976,0,0,0.273178482957936,0,0,0,0.292292733926599,0,0.322021247976917,0,0.348984569311142,0,0,0,0,0,0,0,0.267124907506837,0,0.230879079154197,0,0.180302952142323,0,0
0,0,0,0,0,0,0,0,0.239746914397586,0,0,0,0,0,0,0,0.164349243044853,0,0,0,0,0,0.214119155910723,0,0.180316457872997,0,0.212299971116914,0,0,0,0,0,0,0,0,0,0,0.271582305431366,0.235747977026871,0,0,0,0.199939742684364,0,0,0,0,0.342496493033,0.266593764639563,0,0,0,0,0,0.256107650888272,0,0,0,0,0,0,0,0,0,0,0.276113148825833,0,0,0,0.30603972125438,0,0.367892262008455,0,0,0,0,0,0,0,0,0,0.264512998661815,0.222235131149109,0,0.261268577178319,0,0
0,0.301686431105072,0,0,0,0,0,0,0,0,0,0,0,0.310562908649445,0,0.225717478990555,0,0.200922115200973,0,0,0,0.341819392671262,0,0.20896234922111,0,0.225840851860096,0,0.218428902671887,0,0,0,0,0,0,0,0,0,0.235709128280481,0,0,0,0.308448821306229,0,0,0,0,0,0,0.308596312999725,0.315251050931722,0,0,0,0,0,0,0,0.368192491860225,0,0.352034686123513,0,0.320073085910869,0,0,0.348525501999701,0,0.292292733926599,0,0,0,0.334320857852083,0,0,0,0,0,0,0,0,0,0.138173386454582,0,0.189824223731245,0,0.189898423353831,0,0
0,0,0,0,0,0,0,0,0.164997364083926,0,0,0,0,0,0.154340157906214,0,0.179126608169685,0.164181396365166,0,0,0,0,0.20819216685475,0,0.200426353552079,0,0.178950923476733,0,0.219050206243992,0,0,0,0,0,0,0,0,0,0,0,0,0,0,0,0,0,0,0,0.250511050224304,0,0,0,0,0,0,0,0,0,0.223986561099688,0,0.148764364421368,0,0,0,0,0.356699994228182,0,0.30603972125438,0,0,0,0.335481701271831,0,0,0,0,0,0,0,0,0,0,0.166734356019232,0,0,0,0
0,0.351273233337062,0,0.311021953821182,0,0,0,0,0,0.366666105660525,0,0.18989749174369,0,0.191232553550175,0,0,0.316029250621796,0.315049022436142,0.327749631234578,0,0,0.309739059364178,0,0.403759320576986,0,0.255981430411339,0,0.220419636048309,0,0.171879129186899,0,0,0,0,0,0,0,0.296198884777675,0,0.309962451457977,0,0.352894059320291,0,0,0,0.297256090678275,0,0,0,0.359506419608118,0,0,0,0,0,0,0,0.336897739473421,0,0.286737292211437,0,0.378299671624388,0.358944584080513,0,0.341376595766073,0,0.322021247976917,0,0.334320857852083,0,0,0,0.29701386451061,0,0,0,0,0,0.315058842301369,0,0.282725763927519,0,0.328181561438934,0.16436979547143,0.363446969512507,0.38878807425499,0
