0,0,62.7489069104195,0,0,0,0,0,214.451573371887,0,0,0,0,0,0.883470743894577,0,13.8202442377806,1.59841331839561,108.632590666413,0,0,0,0,0,17.9175760149956,0,0,0,0,0,0,0,0,0,0,0,3.234918653965,0,10.3607598245144,0,0.260438144207001,0.272522002458572,126.89840118587,0,0.275005280971527,0,0,0.895748496055603,217.73461560905,0,0,0,0,0,343.71550668776,0,5.10947206616402,0,0,0,25.2816514670849,0,0,0.482662618160248,0,0,0,0.166600853204727,0,0,0,0,0,5.10279947519302,0,0,0,0,0.785579591989517,4.7495131790638,0,13.183867931366,318.754617780447,0.488725662231445,587.542207613587,0,0.506960690021515
0,0,0,621.829094126821,0,0,0,0,0,388.678721889853,0,0,0,0,0,25.4228463768959,3.79646635055542,2.3074763417244,76.3495294451714,0,0,0,0,8.73142029345036,0,0,0,0,0,0,0,0,0,0,0,1.32156048715115,0.162069275975227,1.59139275550842,0,3.26969662308693,0,25.8048177808523,0,1.29299008846283,0,0.923609092831612,0,0,0,218.728867650032,0,1.3307631611824,0,0,0,310.803482860327,0,6.99724096059799,0,0,0,32.806239336729,1.09221537411213,0,0,0,10.8902069181204,0,0,0,0,0,0,0,0,0,0,0,22.1806125342846,0,4.85885235667229,0,297.382683306932,2.3962562084198,303.884283706546,0,0
62.7489069104195,0,0,0.599916189908981,165.296928599477,0,0,0,291.112977072597,0,0,0,0,0,0,0,1.58656312525272,1.42595590651035,15.3158503174782,0,0.267528027296066,0,0,0,3.48471760749817,0,0,0,0,0,0,0,0,0,0,0.218415334820747,11.7182041555643,0,2.06819488108158,0.214178010821342,17.7901884168386,0,166.247529044747,0,3.75843845307827,0,0.233084350824356,0,69.2802406996489,0,202.119880884886,0,0,0,393.355233609676,0,68.3717403709888,0.194980338215828,49.2919869422913,0,4.62804889678955,0,0,2.45608159899712,0,0,0,0,0,0,0,0.888374090194702,0,17.3390857577324,0,0,0,0,1.89766432344913,7.69510316848755,0,8.29731333255768,371.532811775804,11.6225001364946,564.305530101061,0,39.1253758966923
0,621.829094126821,0.599916189908981,0,0,186.112641453743,0,0,0,152.02068310976,0,2.69636082649231,0,0,0,7.22149950265884,1.34998941421509,1.06585310399532,6.22248566150665,0.392680197954178,0,0,0,0,0,0,0,0,0,0,0,0,0,0,0,27.9431524798274,0,0,0,6.62835165858269,0,53.2794983386993,0,2.53858378529549,0,8.64739218354225,0,0,0,132.520684853196,0,206.959076583385,0,0,0,49.2252451777458,0,120.235802158713,0,298.202587455511,0,114.974321067333,6.43778499960899,0,0,0,0,0,0,0,0.367753833532333,0,5.01264867186546,0,0,0,0,0,16.129405669868,0.554302752017975,2.94875173270702,0,207.928419284523,22.147191286087,462.721238926053,3.19468849897385,0
0,0,165.296928599477,0,0,0,0,0,41.4700025320053,0,0,0,0,0,0,0,0.383468821644783,0,9.17401026189327,0,101.265798807144,0,0,0,0,0,0,0,0,0,0,0,0,0,0,0,13.0833838880062,0,0,0,5.80549067258835,0,54.7557992637157,0,1.0611600279808,0,0,0,6.7153652459383,0,43.3063086271286,0,0,0,0,0,5.32739280164242,2.34307816624641,0,0,0,0,0,53.2811288833618,0,0,0,0,0,0,0,0,0,4.09414100646973,0,0,0,0,0,1.24397733807564,0,3.49314069747925,672.418459057808,2,604.507290557027,0,0.897788241505623
0,0,0,186.112641453743,0,0,0,81.4908424764872,0,124.889196515083,0,8.16918703913689,0,0,0,0,0,0,0,241.047467127442,0,0,0,0,0,0,0,0,0,0,0,0,0,0,0,12.8078416287899,0,0.200639382004738,0,2.0940328836441,0,8.24616996943951,0.727358043193817,0.648039758205414,0,4.29432907700539,0,0,0,4.36079493165016,0,178.770183891058,0,0.959150969982147,0,21.2325083613396,0,5.7276935428381,0,0.533802628517151,0,1.10687848925591,127.185449972749,0,0,0,0,0,0,0,0,0,0,0,0,0,0,0,4.10931232571602,0,3.06949153542519,0,384.069009408355,0,498.55439043045,0,0
0,0,0,0,0,0,0,0,0,0,8.84319490194321,0,0,0,0,0,0,0,0,0,11.3407725393772,0,0,0,0,0,0,0,0,0,0,0,0,0,0,0,0,0,0,0,0,0,0,0,0,0,0,0,0,0,0,0,94.86071357131,0,0,0,28.6105853617191,0,0,0,0,0,0,1.54286551475525,0,0,0,0,0,0,0,0,0,0,0,0,0,0,0,0,0,0,0,0,0,0,0
0,0,0,0,0,81.4908424764872,0,0,0,0,0,80.1828747689724,0,0,0,0,0,0,0,11.9487732946873,0,0,0,0,0,0,0,0,0,0,0,0,0,0,0,0,0,0,0,0,0,0,0,0,0,0,0,0,0,0,0,0,0,472.916760385036,0,0,0,34.8755207657814,0,0.75580906867981,0,0,25.1580147445202,0,0,0,0,0,0,0,0,0,0,0,0,0,0,0,0,0,0,0,9.18110722303391,0,0,0,0
214.451573371887,0,291.112977072597,0,41.4700025320053,0,0,0,0,0,0,0,0,0,273.685508817434,0,4.93684932589531,1.67983728647232,2.40995801985264,0,0,0,0,0,76.8579629808664,0,32.8145822286606,0,0,0,0,0,0,0,0,0,1.85053518414497,0,27.6547648608685,0,0,0,42.0584666579962,0,0.971970528364182,0,0,0,89.2958956360817,0,1.08957663178444,0,0,0,1544.1908916533,0,15.7738410830498,0,0,0,76.7739389836788,0,0,0.872958689928055,0,0,0,3.97726359963417,0,0,0,0,0,0,0,0,0,0,0,1.58900249004364,0,13.2506968975067,710.805810913444,5.42120298743248,82.3141803592443,0,18.3534944057465
0,388.678721889853,0,152.02068310976,0,124.889196515083,0,0,0,0,0,0,0,0,0,225.367224574089,28.6842847913504,202.19580963254,10.0235134959221,0,0,0,0,154.803227216005,0,21.4912776947021,0,0,0,0,0,0,0,0,0,1.45407707989216,0,63.5380061864853,0,0,0,15.6121109426022,0,0.388886153697968,0.326603204011917,0.504081100225449,0,0,0,2.8244848549366,0,21.2329314649105,0,0,0,1370.42126572132,0,27.2099871337414,0,0.706253826618195,0,123.519732892513,1.81195193529129,0,0,0,104.875501304865,0,37.6698122024536,0,0,0,0,0,0,0,0,0,0.766682669520378,0,15.5456924438477,0,1676.02689540386,7.37895005941391,108.27494892478,13.8209862709045,0.266687750816345
0,0,0,0,0,0,8.84319490194321,0,0,0,0,0,4.34111884236336,0,0,0,0,0,0,0,287.138912171125,0,0,0,0,0,0,0,0,0,180.439725637436,0,0,0,0,0,69.2801983356476,0,281.960803359747,0,0,0,0,0,0,0,0,0,0,0,0,0,87.6678895056248,0,0,0,1639.65030765533,0,0,0,0,0,0,2.8526468873024,0,0,0,0,0,0,0,0,0,80.6637767404318,0,0,0,0,0,0,0,0,17.393811404705,0,3.86166596412659,0,0
0,0,0,2.69636082649231,0,8.16918703913689,0,80.1828747689724,0,0,0,0,0,34.9983891844749,0,0,0,0,0,431.239401519299,0,0,0,0,0,0,0,3.6514521241188,0,63.7382458150387,0,0,0,0,0,24.8582078814507,0,475.023245036602,0,0,0,0,0,0,0,0,0,0,0,0,0,15.8222383260727,0,52.8149796426296,0,0,0,1550.21762262285,0,23.2732362747192,0,0,94.2205148637295,0,0,0,0,0,0,0,2.16073846817017,0,87.3934966772795,0,0,0,0,0,0.140797510743141,0,1.45611596107483,0,243.14966148138,0,18.459011554718,0,0
0,0,0,0,0,0,0,0,0,0,4.34111884236336,0,0,0,0,0,0,0,0,0,0,0,0,0,0,0,0,0,0,0,2.21729815006256,0,0,0,0,0,0,0,0,0,0,0,0,0,0,0,0,0,0,0,0,0,0,0,0,0,0,0,0,0,0,0,0,0,0,0,0,0,0,1.57386296987534,0,0,0,0,0,0,0,0,0,0,0,0,0,0,0,0,0
0,0,0,0,0,0,0,0,0,0,0,34.9983891844749,0,0,0,20.4591016769409,0,0,0,0,0,0,0,0,0,131.106243848801,0,2.29455614089966,0,0,0,0,0,0,0,0,0,0,0,0,0,0,0,0,0,0,0,0,0,0,0,1.68678188323975,0,0,0,0,0,49.290657967329,0,212.59982547164,0,1,0,0,0,0,0,0,1.3125107884407,0,3.17079401016235,0,0,0,0,0,0,0,0,0,0,0,31.7988632023335,125.35955619812,0,0,0
0.883470743894577,0,0,0,0,0,0,0,273.685508817434,0,0,0,0,0,0,0,0,0,0,0,0,0,0,0,40.6058268398046,0,3.27719923853874,0,0,0,0,0,0,0,0,0,0,0,0,0,0,0,0,0,0,0,0,0,0,0,0,0,0,0,26.5876974761486,0,0,0,0,0,56.2114604413509,0,0,0,0,0,0,0.24638395011425,0,4.03268757462502,0,0,0,0,0,0,0,0,0,0,0,0,0,0,0,0,0
0,25.4228463768959,0,7.22149950265884,0,0,0,0,0,225.367224574089,0,0,0,20.4591016769409,0,0,0,0,0,0,0,0,0,0,0,24.2933009564877,0,0,0,0,0,0,0,0,0,0,0,0,0,0,0,0,0,0,0,0,0,0,0,2.75845718383789,0,55.1845882534981,0,0,0,197.583594977856,0,0,0,117.637110561132,0,367.195184677839,0,0,0,0,0,0,1,0,0,0,0,0,0,0,0,0,0,0,0,0,284.56172388792,31.6580548286438,0,0,0
13.8202442377806,3.79646635055542,1.58656312525272,1.34998941421509,0.383468821644783,0,0,0,4.93684932589531,28.6842847913504,0,0,0,0,0,0,0,11917.3911260962,3773.39676940441,0,0,0,72.4744591712952,0,2,0,8,0,0,0,0,0,0,0,0,1.15444642305374,7.43417002260685,0.37783545255661,0.197552874684334,10.2519733309746,19.3211795240641,30.4146507978439,78.9245256632566,13.1185632348061,23.9831911027431,6.37591603398323,0,0,0.259543359279633,0,0,0,0,0,0,0,0,0,0,0,0,0,7.55083228647709,15.4898897111416,0,95.8047311306,0,0,0,0,0,0,0,0.703936815261841,0,0,0,0,42.4566609710455,96.5364153534174,3.79675954580307,19.2767152041197,12234.7218251377,317.003097243607,141.17300888896,1.63113921880722,3.22954732179642
1.59841331839561,2.3074763417244,1.42595590651035,1.06585310399532,0,0,0,0,1.67983728647232,202.19580963254,0,0,0,0,0,0,11917.3911260962,0,3215.65281064808,0,1.29058465361595,38.9433110356331,0,41.0575113296509,0,0,0,0,0,0,0,0,0,0,0,6.64258310198784,5.45423182845116,0.948503971099854,0,11.4839383810759,10.7914751768112,59.8033585101366,34.5181040763855,28.2664697766304,2.74285635352135,5.06205372512341,0,0,0,0,0,0,0,0,0,0,0,0,0,0,0,39.4306384921074,11.6818434745073,11.7800760269165,18.8299689590931,0,0,0,1.01709666848183,0,0,0,0,1.16947865486145,0,0,0,0,47.9514282345772,34.9208516776562,3.39300829172134,3.08634421229362,17218.6332603469,4363.57135859132,106.111789032817,5.34940327703953,0.419445037841797
108.632590666413,76.3495294451714,15.3158503174782,6.22248566150665,9.17401026189327,0,0,0,2.40995801985264,10.0235134959221,0,0,0,0,0,0,3773.39676940441,3215.65281064808,0,0,10.4985706359148,0,0,0,0,0,0,0,0,0,0,0,0,0,0,130.956985265017,153.984904259443,5.3362989872694,9.58114683628082,372.858998537064,396.366414919496,1676.00656971335,978.599715217948,267.560128092766,167.68006311357,143.158225432038,36.4131308197975,0,6.30063998699188,4.35076266527176,1.86453314125538,0,0,0,0,0,8.28853216767311,55.114346832037,0,0,0,0,320.764397218823,282.740620836616,0,0,0,0,0,0,1.09747219085693,0.733254730701447,3.98810796439648,37.5631178915501,0,0,0.431877583265305,1.40496756136417,1392.31853783131,1439.10576752573,118.397953122854,331.444093942642,10223.1105749905,133.177916571498,3590.47510778904,146.861224636436,99.0688802748919
0,0,0,0.392680197954178,0,241.047467127442,0,11.9487732946873,0,0,0,431.239401519299,0,0,0,0,0,0,0,0,0,0,0,0,0,0,0,0,0,0,0,0,0,0,0,1176.14775705338,0,283.696156129241,0,6.38255095481873,0,1.41328790783882,0,0,0,40.1996250748634,0,0,0.327977538108826,6.03033798933029,0,10.6560679376125,0,0.770599782466888,0,0,0,287.008708238602,0,0.679809272289276,0,0,1610.16867434978,0,0,0,0,0,0,0,0,0,9.09851223230362,0,0,0,0,0,356.851062119007,0,38.0395319461823,0,245.818554475904,0,177.9032805264,0,0
0,0,0.267528027296066,0,101.265798807144,0,11.3407725393772,0,0,0,287.138912171125,0,0,0,0,0,0,1.29058465361595,10.4985706359148,0,0,0,0,0,0,0,0,0,0,0,0,0,0,0,0,0,1038.01102460921,0,519.851690545678,0,1.67940689623356,0,3.98225605487823,0,0,0,128.730131417513,0,0,0,0,0,17.6429405510426,0,0,0,82.3307149261236,0,0,0,0,0,0,1474.87039573491,0,0,0,0,0,0,0,0,0,2.86969456076622,0,0,0,0,0,253.167614340782,0,18.2517644017935,75.0746825784445,0,200.397849559784,0,0
0,0,0,0,0,0,0,0,0,0,0,0,0,0,0,0,0,38.9433110356331,0,0,0,0,2.66383105516434,237.406651228666,0,160.648686528206,0,53.2923537492752,0,0,0,0,0,0,0,0,0,616.548397898674,0,0,0,0,0,0,0,0,0,0,0,80.9918610453606,0,0,0,0,0,0,0,0,0,0,0,0,0,0,6554.49379201233,6.84820011258125,274.695704013109,0,14.4076900184155,0,13.6675578951836,0,0,0,0,0,0,0,0,0,108.369203284383,0,501.130562722683,3.24274772405624,0,0,0
0,0,0,0,0,0,0,0,0,0,0,0,0,0,0,0,72.4744591712952,0,0,0,0,2.66383105516434,0,0,123.743946671486,0,215.410597980022,0,120.780058130622,0,0,0,0,0,0,0,0,0,548.18575103581,0,0,0,0,0,0,0,0,0,9.69445839524269,0,0,0,0,0,0,0,0,0,0,0,0,0,0,0,0,5704.13186208904,0,4,0,70.58458507061,0,10.348725259304,0,0,0,0,0,0,0,0,0,244.168871894479,448.747032597661,7.64280605316162,0,0,0
0,8.73142029345036,0,0,0,0,0,0,0,154.803227216005,0,0,0,0,0,0,0,41.0575113296509,0,0,0,237.406651228666,0,0,0,300.579320311546,0,0,0,0,0,0,0,0,0,0,0,109.488638132811,0,0,0,0,0,0,0,0,0,0,0,18.7796955704689,0,0,0,0,0,366.287270098925,0,0,0,0,0,57.2270189225674,0,0,22.5592139959335,0,505.067727655172,0,174.440154269338,0,0,0,0,0,0,0,0,0,0,0,358.827643096447,0,581.960008427501,0,3.44784492254257,0,0
17.9175760149956,0,3.48471760749817,0,0,0,0,0,76.8579629808664,0,0,0,0,0,40.6058268398046,0,2,0,0,0,0,0,123.743946671486,0,0,0,33.2214269191027,0,0,0,0,0,0,0,0,0,0.841125711798668,0,244.04211717844,0,0,0,3.4137050807476,0,0,0,0,0,2.77145765721798,0,0,0,0,0,399.270426690578,0,1.50140219926834,0,0,0,41.5136284679174,0,0,0,0,0,0,237.837086036801,0,82.5472703427076,0,0,0,0,0,0,0,0,0,0.153782173991203,0,51.6107221543789,120.914201885462,0,12.578439861536,0,0.269126653671265
0,0,0,0,0,0,0,0,0,21.4912776947021,0,0,0,131.106243848801,0,24.2933009564877,0,0,0,0,0,160.648686528206,0,300.579320311546,0,0,0,101.09531223774,0,0,0,0,0,0,0,0,0,3.02165231108665,0,0,0,0,0,0,0,0,0,0,0,0,0,0,0,0,0,0,0,0,0,58.7134752720594,0,26.8538622260094,0,0,337.608892098069,0,125.687864840031,0,1101.48869420588,0,5.97765339910984,0,0,0,0,0,0,0,0,0,28.2728207856417,0,109.767067104578,0,0,0,0
0,0,0,0,0,0,0,0,32.8145822286606,0,0,0,0,0,3.27719923853874,0,8,0,0,0,0,0,215.410597980022,0,33.2214269191027,0,0,0,0,0,0,0,0,0,0,0,0,0,0,0,0,0,0,0,0,0,0,0,0,0,0,0,0,0,0.590305775403976,0,0,0,0,0,29.2711863666773,0,0,0,0,489.130838438869,0,10.6260253638029,0,486.118655472994,0,18.4128263294697,0,0,0,0,0,0,0,0,0,0,1.62116950750351,0,0,0,0
0,0,0,0,0,0,0,0,0,0,0,3.6514521241188,0,2.29455614089966,0,0,0,0,0,0,0,53.2923537492752,0,0,0,101.09531223774,0,0,0,142.479587048292,0,0,0,0,0,0,0,98.1783510148525,0,0,0,0,0,0,0,0,0,0,0,0,0,0,0,0,0,0,0,0.854259550571442,0,51.7352215796709,0,0,0,0,21.6987704634666,0,0,0,5.47666728496552,0,897.521321505308,0,0,0,0,0,0,0,0,0,7.16528797149658,0,13.9638699293137,0,0,0,0
0,0,0,0,0,0,0,0,0,0,0,0,0,0,0,0,0,0,0,0,0,0,120.780058130622,0,0,0,0,0,0,0,146.261272370815,0,0,0,0,0,0,0,139.87571619451,0,0,0,0,0,0,0,0,0,0,0,0,0,0,0,0,0,0,0,0,0,0,0,0,0,0,0.403323203325272,0,0,0,45.0606769621372,0,663.317258879542,0,2.54746086895466,0,0,0,0,0,0,0,2.78831109404564,44.5190609842539,0,0,0,0
0,0,0,0,0,0,0,0,0,0,0,63.7382458150387,0,0,0,0,0,0,0,0,0,0,0,0,0,0,0,142.479587048292,0,0,0,0,0,0,0,0,0,151.992895528674,0,0,0,0,0,0,0,0,0,0,0,0,0,0,0,0,0,0,0,69.4049956947565,0,38.7261865139008,0,0,0,0,0,0,0,0,0,0,38.9704542160034,0,554.472400844097,0,0,0,0,0,0,0,29.2750532478094,0,81.912002697587,0,0,0,0
0,0,0,0,0,0,0,0,0,0,180.439725637436,0,2.21729815006256,0,0,0,0,0,0,0,0,0,0,0,0,0,0,0,146.261272370815,0,0,0,0,0,0,0,0,0,141.82982596755,0,0,0,0,0,0,0,0,0,0,0,0,0,0,0,0,0,81.0274015963078,0,0,0,0,0,0,0,0,0,0,0,0,0,0,50.3586166501045,0,545.661283627152,0,0,0,0,0,0,0,35.1102608144283,23.9615033566952,0,0,0,0
0,0,0,0,0,0,0,0,0,0,0,0,0,0,0,0,0,0,0,0,0,0,0,0,0,0,0,0,0,0,0,0,101.682821393013,2.14331650733948,0,244.374984145164,0,0,0,0,0,0,0,0,0,0,0,3001.21377652884,13.743052303791,51.8997514843941,0,0,0,0,0,0,0,0,0,0,0,0,0,0,0,0,0,0,0,0,0,0,0,0,1173.76207749546,0,4.47526456415653,0,174.060015544295,0,0,0,163.516743406653,0,0,0,0
0,0,0,0,0,0,0,0,0,0,0,0,0,0,0,0,0,0,0,0,0,0,0,0,0,0,0,0,0,0,0,101.682821393013,0,0,75.4845896959305,0,251.620171964169,0,0,0,0,0,0,0,0,0,0,1228.59975412488,3.49209529161453,0,0,0,0,0,0,0,0,0,0,0,0,0,0,0,0,0,0,0,0,0,0,0,0,0,28.9500198364258,1853.87020233274,0,58.4682500958443,0,26.2304131090641,0,0,239.713541984558,0,0,0,0
0,0,0,0,0,0,0,0,0,0,0,0,0,0,0,0,0,0,0,0,0,0,0,0,0,0,0,0,0,0,0,2.14331650733948,0,0,38.9525575339794,987.567886039615,0,198.991626024246,0,0,0,0,0,0,0,0,0,1142.16876295209,0,2.20619359612465,0,0,0,0,0,0,0,0,0,0,0,0,0,0,0,0,0,0,0,0,0,0,0,0,10.2661750614643,0,1644.95213966072,68.6665740013123,318.553195357323,0,459.526046559215,0,140.228662550449,0,0,0,0
0,0,0,0,0,0,0,0,0,0,0,0,0,0,0,0,0,0,0,0,0,0,0,0,0,0,0,0,0,0,0,0,75.4845896959305,38.9525575339794,0,0,822.858239814639,0,337.671643465757,0,0,0,0.160011932253838,0,0,0,0,610.311745852232,4.8137304186821,0,0,0,0,0,0,0,0,0,0,0,0,0,0,0,0,0,0,0,0,0,0,0,0,0,0,4.04722392559052,21.3117210865021,2258.43972630799,0,146.027601867914,0,190.32250982523,121.204546093941,0.339991927146912,0,0,0.703063368797302
0,1.32156048715115,0.218415334820747,27.9431524798274,0,12.8078416287899,0,0,0,1.45407707989216,0,24.8582078814507,0,0,0,0,1.15444642305374,6.64258310198784,130.956985265017,1176.14775705338,0,0,0,0,0,0,0,0,0,0,0,244.374984145164,0,987.567886039615,0,0,0,2250.07716624439,0,39.3168247789145,0,184.768789306283,0,19.8726247251034,0,160.495020836592,0,117.863105088472,5.88750684261322,127.381920844316,0,0.173534348607063,0,0,0,0,0,23.1404510736465,0,0,0,0,1331.49859976768,0,0,0,0,0,0,0,0.443744584918022,0,2.20740707218647,0,16.9470205307007,0,444.025315865874,0,12227.9156498387,2.63173392415047,1251.76508593559,0.248139277100563,1150.62357700616,1.82026675343513,450.606751777232,13.7911862134933,0
3.234918653965,0.162069275975227,11.7182041555643,0,13.0833838880062,0,0,0,1.85053518414497,0,69.2801983356476,0,0,0,0,0,7.43417002260685,5.45423182845116,153.984904259443,0,1038.01102460921,0,0,0,0.841125711798668,0,0,0,0,0,0,0,251.620171964169,0,822.858239814639,0,0,0,3106.37630058825,0.237876832485199,51.0486331358552,0.493569433689117,134.738712832332,0,13.3194307759404,0,57.1039143651724,28.0336991772056,30.9990416169167,2.27230930328369,1.31297032535076,0,0,0,0,0,114.761758089066,0,0.252184420824051,0,0,0,0,1308.47248764336,0,0,0,0,0,0,0,0.895458176732063,0,3.03443862497807,0,59.2185485363007,0,1006.55377137661,5.78194625675678,10213.5466254056,0,1294.47449986637,733.032803297043,2.79347294569016,467.217524766922,0,7.57334664463997
0,1.59139275550842,0,0,0,0.200639382004738,0,0,0,63.5380061864853,0,475.023245036602,0,0,0,0,0.37783545255661,0.948503971099854,5.3362989872694,283.696156129241,0,616.548397898674,0,109.488638132811,0,3.02165231108665,0,98.1783510148525,0,151.992895528674,0,0,0,198.991626024246,0,2250.07716624439,0,0,0,1.54214096069336,0,3.43340770900249,0,0.795456260442734,0,19.6558209061623,0,806.640395849943,0,605.767314344645,0,0,0,0,0,12.1094854474068,0,339.250537231565,0,0,0,0,54.3730234205723,0,53.7203267663717,0,132.730633467436,0,2.87969434261322,0,166.498171791434,0,14.5884365737438,0,0,0,169.899985998869,0,703.43036031723,0.328129470348358,15164.2768505216,31.9039919376373,2122.71605567634,167.977242380381,216.888814076781,2.79981517791748,0
10.3607598245144,0,2.06819488108158,0,0,0,0,0,27.6547648608685,0,281.960803359747,0,0,0,0,0,0.197552874684334,0,9.58114683628082,0,519.851690545678,0,548.18575103581,0,244.04211717844,0,0,0,139.87571619451,0,141.82982596755,0,0,0,337.671643465757,0,3106.37630058825,0,0,0,0.269615292549133,0,12.886246830225,0,2.62021455168724,0,41.3079885393381,483.67600402236,60.6435688436031,0,0,0,0,0,110.242612138391,0,189.974792122841,0,0,0,0,0,0,700.67669428885,0,47.9746859669685,0,842.384611412883,0,1.64115798473358,0,110.6906619519,0,29.1522316336632,0,0,0,167.586092308164,1.87627366185188,1219.77787543833,0,15353.8949104846,1718.78928072751,68.5954033136368,82.9167476594448,0,0.216109275817871
0,3.26969662308693,0.214178010821342,6.62835165858269,0,2.0940328836441,0,0,0,0,0,0,0,0,0,0,10.2519733309746,11.4839383810759,372.858998537064,6.38255095481873,0,0,0,0,0,0,0,0,0,0,0,0,0,0,0,39.3168247789145,0.237876832485199,1.54214096069336,0,0,1.81045842170715,1673.64200671017,0.665247857570648,55.2198469638824,0,102.545885771513,0,6.33844125270844,0,223.901999890804,0,0.338742792606354,0,0,0,0,0,0.766038820147514,0,0.339033216238022,0,0,278.304891340435,1.17996752262115,0,0,0,0,0,0,0,0,0.901678740978241,0,0,0,0,0,253.504638805985,2.28505343198776,18.9199956357479,2.40725129842758,129.723806813359,3.19042062759399,558.736182495952,89.4416792243719,0
0.260438144207001,0,17.7901884168386,0,5.80549067258835,0,0,0,0,0,0,0,0,0,0,0,19.3211795240641,10.7914751768112,396.366414919496,0,1.67940689623356,0,0,0,0,0,0,0,0,0,0,0,0,0,0,0,51.0486331358552,0,0.269615292549133,1.81045842170715,0,2.58721141517162,1680.85193367302,2.36379307508469,88.8241429030895,3.32656933367252,31.0219095796347,0,31.0615072846413,0,4.95696532726288,0,0,0,0,0,2.0128279030323,0.22733561694622,0,0,0,0,0.669593989849091,242.195196449757,0,0,0,0,0,0,0,0,0,4.63538498431444,0,0,0,0,4.82717862725258,323.599250987172,0,4.91485086083412,181.04590152204,4.09409487247467,703.106106385589,0,25.4040985256433
0.272522002458572,25.8048177808523,0,53.2794983386993,0,8.24616996943951,0,0,0,15.6121109426022,0,0,0,0,0,0,30.4146507978439,59.8033585101366,1676.00656971335,1.41328790783882,0,0,0,0,0,0,0,0,0,0,0,0,0,0,0,184.768789306283,0.493569433689117,3.43340770900249,0,1673.64200671017,2.58721141517162,0,176.312163889408,216.252840414643,4.04204034805298,160.500001884997,1.7881373167038,12.5369901359081,0,116.415782853961,0,2.24640342593193,0,0,0,0,0,296.661723613739,0,0,0,0,633.993271946907,1.61620020866394,0,0,0,0,0,0,13.027204066515,0,8.47637951374054,0,0,0,0,0,2331.02926327288,16.1141672283411,50.1666337102652,0,2467.26861932874,28.4030272364616,2828.77899090946,1412.2250919342,0
126.89840118587,0,166.247529044747,0,54.7557992637157,0.727358043193817,0,0,42.0584666579962,0,0,0,0,0,0,0,78.9245256632566,34.5181040763855,978.599715217948,0,3.98225605487823,0,0,0,3.4137050807476,0,0,0,0,0,0,0,0,0,0.160011932253838,0,134.738712832332,0,12.886246830225,0.665247857570648,1680.85193367302,176.312163889408,0,5.11170099675655,145.490871727467,2.67383885383606,7.20553186535835,19.2703892588615,114.391620822251,0,14.6766720712185,0,0,0,2.45178245007992,0,117.74399317801,0.316127210855484,1.82082407176495,0,0,0,4.60194183886051,479.220612093806,0,0,0,0,0,0,0,14.872326374054,0,233.266550794244,0,0,0,0.196800515055656,4.93334624171257,1848.51724863052,1.30608522891998,157.743411719799,1731.55993879586,19.5562366694212,4423.02868354321,0.20849734544754,700.915298730135
0,1.29299008846283,0,2.53858378529549,0,0.648039758205414,0,0,0,0.388886153697968,0,0,0,0,0,0,13.1185632348061,28.2664697766304,267.560128092766,0,0,0,0,0,0,0,0,0,0,0,0,0,0,0,0,19.8726247251034,0,0.795456260442734,0,55.2198469638824,2.36379307508469,216.252840414643,5.11170099675655,0,0,16.9391238689423,0,0,0,0,0,0,0,0,0,0,0,6.40018913149834,0,0,0,0,48.6070022732019,0,0,0,0,0,0,0,0,0,0,0,0,0,0,0,180.343229234219,4.00335645675659,2.60287733376026,0,191.351978436112,11.7990564405918,298.753888249397,12.1031034886837,0
0.275005280971527,0,3.75843845307827,0,1.0611600279808,0,0,0,0.971970528364182,0.326603204011917,0,0,0,0,0,0,23.9831911027431,2.74285635352135,167.68006311357,0,0,0,0,0,0,0,0,0,0,0,0,0,0,0,0,0,13.3194307759404,0,2.62021455168724,0,88.8241429030895,4.04204034805298,145.490871727467,0,0,0.334623754024506,0,0.871142566204071,0,0,0.96297350525856,0,0,0,0,0,0.174416914582253,0.960967421531677,0,0,0,0,0,26.4188936948776,0,0,0,0,0,0,0,0,0,0.625593364238739,0,0,0,0.24341382086277,2.29001903533936,174.97084518522,0,38.3311890661716,87.3953442722559,8.7674757540226,298.276932135224,0.292515903711319,6.70174004137516
0,0.923609092831612,0,8.64739218354225,0,4.29432907700539,0,0,0,0.504081100225449,0,0,0,0,0,0,6.37591603398323,5.06205372512341,143.158225432038,40.1996250748634,0,0,0,0,0,0,0,0,0,0,0,0,0,0,0,160.495020836592,0,19.6558209061623,0,102.545885771513,3.32656933367252,160.500001884997,2.67383885383606,16.9391238689423,0.334623754024506,0,0.648445785045624,0,0,23.4978869110346,0,4.28658649325371,0,0,0,0,0,87.8100901842117,0,0.295329421758652,0,0,1725.21847053617,0.379618406295776,0,0,0,0,0.188205346465111,0,1.18827821314335,0,57.9247457236052,0,0,0,0,0,853.126646451652,1.11130249500275,281.151488751173,0.477897971868515,72.1336193010211,2.30020064115524,788.534771174192,3.4982862174511,0
0,0,0.233084350824356,0,0,0,0,0,0,0,0,0,0,0,0,0,0,0,36.4131308197975,0,128.730131417513,0,0,0,0,0,0,0,0,0,0,0,0,0,0,0,57.1039143651724,0,41.3079885393381,0,31.0219095796347,1.7881373167038,7.20553186535835,0,0,0.648445785045624,0,0,11.156448841095,0,0,0,0,0,0,0,3.8656754642725,0,0,0,0,0,0,752.700689323246,0,0,0,0,0,0,0,0.809676319360733,0,17.2838644459844,0,0,0,0,0.33156830072403,376.00645404309,0,385.328812941909,24.3110157698393,0,561.8992851004,0,0
0.895748496055603,0,0,0,0,0,0,0,0,0,0,0,0,0,0,0,0,0,0,0,0,0,0,0,0,0,0,0,0,0,0,3001.21377652884,1228.59975412488,1142.16876295209,610.311745852232,117.863105088472,28.0336991772056,806.640395849943,483.67600402236,6.33844125270844,0,12.5369901359081,19.2703892588615,0,0.871142566204071,0,0,0,1973.44734510779,2238.26264883578,0,0,0,0,0,0,0,0,0,0,0,0,2.62943887710571,0,0,0,0,0.346599876880646,0,0,0,0,0,0,374.956052809954,2688.70119461417,415.397170513868,79.4634970724583,1381.97011484206,367.651821985841,1888.74896048009,219.40887363255,3108.70403417945,55.562449991703,257.383823499084,0,0
217.73461560905,0,69.2802406996489,0,6.7153652459383,0,0,0,89.2958956360817,0,0,0,0,0,0,0,0.259543359279633,0,6.30063998699188,0.327977538108826,0,0,9.69445839524269,0,2.77145765721798,0,0,0,0,0,0,13.743052303791,3.49209529161453,0,4.8137304186821,5.88750684261322,30.9990416169167,0,60.6435688436031,0,31.0615072846413,0,114.391620822251,0,0,0,11.156448841095,1973.44734510779,0,173.945030808449,0,0.292689979076385,0,0,19.2883961200714,0,25.4943963587284,0.295453190803528,0.727962672710419,0,36.4525042772293,0,2.60227704048157,10.8035428673029,0,31.3442187309265,0,6.21083152294159,0,66.0482215285301,0,37.8544845581055,0,7.20602405071259,0.549726963043213,7.54083406925201,0,0,9.81595253944397,382.916882790625,0,189.83501163125,1146.24679739773,3.05856391787529,892.923006132245,0,10.5550776124001
0,218.728867650032,0,132.520684853196,0,4.36079493165016,0,0,0,2.8244848549366,0,0,0,0,0,2.75845718383789,0,0,4.35076266527176,6.03033798933029,0,80.9918610453606,0,18.7796955704689,0,0,0,0,0,0,0,51.8997514843941,0,2.20619359612465,0,127.381920844316,2.27230930328369,605.767314344645,0,223.901999890804,0,116.415782853961,0,0,0,23.4978869110346,0,2238.26264883578,173.945030808449,0,0,5.22324769198895,0,0,0,17.4896498322487,0,5.85303340852261,0,1.87861728668213,0,59.2726772129536,21.5234143659472,0,599.226137921214,0,37.3794158548117,0,39.9499106258154,0,409.518930822611,0,7.49261237680912,0,9.11046493053436,0,0,0,664.365744695067,0.682169675827026,820.834944218397,0,898.230258613825,0,694.963411360979,0,0
0,0,202.119880884886,0,43.3063086271286,0,0,0,1.08957663178444,0,0,0,0,0,0,0,0,0,1.86453314125538,0,0,0,0,0,0,0,0,0,0,0,0,0,0,0,0,0,1.31297032535076,0,0,0,4.95696532726288,0,14.6766720712185,0,0.96297350525856,0,0,0,0,0,0,0,0,0,44.2388412952423,0,44.0825707912445,0,1.01945832371712,0,0,0,0,8.20854872465134,0,0,0,0,0,0,0,0,0,2.62281438708305,0,0,0,0,0.215480029582977,0.550557374954224,0,1.61891436576843,10.9703252464533,0,401.523518174887,0,1.20712023973465
0,1.3307631611824,0,206.959076583385,0,178.770183891058,0,0,0,21.2329314649105,0,15.8222383260727,0,1.68678188323975,0,55.1845882534981,0,0,0,10.6560679376125,0,0,0,0,0,0,0,0,0,0,0,0,0,0,0,0.173534348607063,0,0,0,0.338742792606354,0,2.24640342593193,0,0,0,4.28658649325371,0,0,0.292689979076385,5.22324769198895,0,0,0,0,0,87.6291046142578,0,55.9368310272694,0,11.6669822633266,0,127.37413623929,73.7906029522419,0,0,0,0,0,0,0,0,0,0,0,0,0,0,0,3.04748743772507,0,0,0,35.7316187024117,0,194.866163671017,0,0
0,0,0,0,0,0,94.86071357131,0,0,0,87.6678895056248,0,0,0,0,0,0,0,0,0,17.6429405510426,0,0,0,0,0,0,0,0,0,0,0,0,0,0,0,0,0,0,0,0,0,0,0,0,0,0,0,0,0,0,0,0,0,0,0,431.263190627098,0,0,0,0,0,0,0.451693296432495,0,0,0,0,0,0,0,0,0,0,0,0,0,0,0,0,0,0,0,0,0,0,0
0,0,0,0,0,0.959150969982147,0,472.916760385036,0,0,0,52.8149796426296,0,0,0,0,0,0,0,0.770599782466888,0,0,0,0,0,0,0,0,0,0,0,0,0,0,0,0,0,0,0,0,0,0,0,0,0,0,0,0,0,0,0,0,0,0,0,0,0,166.203754603863,0,28.6421912014484,0,0,6.63358375430107,0,0,0,0,0,0,0,0,0,0,0,0,0,0,0,0,0,0,0,0,0,0,0,0
343.71550668776,0,393.355233609676,0,0,0,0,0,1544.1908916533,0,0,0,0,0,26.5876974761486,0,0,0,0,0,0,0,0,0,399.270426690578,0,0.590305775403976,0,0,0,0,0,0,0,0,0,0,0,110.242612138391,0,0,0,2.45178245007992,0,0,0,0,0,19.2883961200714,0,44.2388412952423,0,0,0,0,0,0,0,12.7052401602268,0,234.030818998814,0,0,0,0,0,0,298.838871449232,0,0.255401700735092,0,0,0,0.584152281284332,0,0,0,0,0,0,0,111.183474987745,149.187536239624,0,0.875874817371368,0,0
0,310.803482860327,0,49.2252451777458,0,21.2325083613396,0,0,0,1370.42126572132,0,0,0,0,0,197.583594977856,0,0,0,0,0,0,0,366.287270098925,0,0,0,0,0,0,0,0,0,0,0,0,0,12.1094854474068,0,0,0,0,0,0,0,0,0,0,0,17.4896498322487,0,87.6291046142578,0,0,0,0,0,0,0,7.67555522918701,0,112.516410946846,0,0,0,0,458.767206579447,0,0.320035099983215,0,0,0,0,0,0,0,0,0,0,0,16.4535031914711,0,104.24404373765,0,49.6557598412037,0,0
5.10947206616402,0,68.3717403709888,0,5.32739280164242,0,28.6105853617191,0,15.7738410830498,0,1639.65030765533,0,0,0,0,0,0,0,8.28853216767311,0,82.3307149261236,0,0,0,1.50140219926834,0,0,0,0,0,81.0274015963078,0,0,0,0,0,114.761758089066,0,189.974792122841,0,2.0128279030323,0,117.74399317801,0,0.174416914582253,0,3.8656754642725,0,25.4943963587284,0,44.0825707912445,0,431.263190627098,0,0,0,0,0,41.097608923912,0,0,0,0,269.799481160939,0,0,0,0,0,4.74874490499496,0,157.649251133204,0,239.39575496316,0,0,0,0,0,66.166630461812,0,0.759558379650116,57.2898022830486,0,1013.61008885503,0,51.3353108167648
0,6.99724096059799,0.194980338215828,120.235802158713,2.34307816624641,5.7276935428381,0,34.8755207657814,0,27.2099871337414,0,1550.21762262285,0,49.290657967329,0,0,0,0,55.114346832037,287.008708238602,0,0,0,0,0,0,0,0.854259550571442,0,69.4049956947565,0,0,0,0,0,23.1404510736465,0,339.250537231565,0,0.766038820147514,0.22733561694622,296.661723613739,0.316127210855484,6.40018913149834,0.960967421531677,87.8100901842117,0,0,0.295453190803528,5.85303340852261,0,55.9368310272694,0,166.203754603863,0,0,0,0,0,379.483469322324,0,15.2608327865601,1007.51921753585,0,0,0,0,0,24.583603605628,0,703.040135473013,0,655.069531783462,0,0,0,0,0,51.9811028689146,1.27702355384827,3.1829559803009,0,331.36409214139,0,889.727459222078,64.0119037926197,0
0,0,49.2919869422913,0,0,0,0,0,0,0,0,0,0,0,0,0,0,0,0,0,0,0,0,0,0,0,0,0,0,0,0,0,0,0,0,0,0.252184420824051,0,0,0,0,0,1.82082407176495,0,0,0,0,0,0.727962672710419,0,1.01945832371712,0,0,0,12.7052401602268,0,41.097608923912,0,0,0,9.75498366355896,0,0,0,0,0,0,0,0,49.7815828323364,0,117.228476285934,0,0,0,0,0,0,0,0,0,0,0.913389623165131,0,4.10150331258774,0,0
0,0,0,298.202587455511,0,0.533802628517151,0,0.75580906867981,0,0.706253826618195,0,23.2732362747192,0,212.59982547164,0,117.637110561132,0,0,0,0.679809272289276,0,0,0,0,0,58.7134752720594,0,51.7352215796709,0,38.7261865139008,0,0,0,0,0,0,0,0,0,0.339033216238022,0,0,0,0,0,0.295329421758652,0,0,0,1.87861728668213,0,11.6669822633266,0,28.6421912014484,0,7.67555522918701,0,379.483469322324,0,0,0,113.824586689472,2.14499181509018,0,0,0,0,0,292.346269860864,0,289.469727844,0,0,0,0,0,0,0,0.162728875875473,0,0,0,22.3704644590616,0,11.7600653767586,0,0
25.2816514670849,0,4.62804889678955,0,0,0,0,0,76.7739389836788,0,0,0,0,0,56.2114604413509,0,0,0,0,0,0,0,0,0,41.5136284679174,0,29.2711863666773,0,0,0,0,0,0,0,0,0,0,0,0,0,0,0,0,0,0,0,0,0,36.4525042772293,0,0,0,0,0,234.030818998814,0,0,0,9.75498366355896,0,0,0,0,0,0,0,0,2.96748737990856,0,60.3705706894398,0,0.895481944084167,0,0,0,0,0,0,0,0,0,0,0,0,0,0,0
0,32.806239336729,0,114.974321067333,0,1.10687848925591,0,0,0,123.519732892513,0,0,0,1,0,367.195184677839,0,39.4306384921074,0,0,0,0,0,57.2270189225674,0,26.8538622260094,0,0,0,0,0,0,0,0,0,0,0,0,0,0,0,0,0,0,0,0,0,0,0,59.2726772129536,0,127.37413623929,0,0,0,112.516410946846,0,15.2608327865601,0,113.824586689472,0,0,0,0,0,0,35.8884362578392,0,242.599990725517,0,2.02971625328064,0,0,0,0,0,0,0,0,0,0,0,49.737568795681,1.11527651548386,0,0,0
0,1.09221537411213,0,6.43778499960899,0,127.185449972749,0,25.1580147445202,0,1.81195193529129,0,94.2205148637295,0,0,0,0,7.55083228647709,11.6818434745073,320.764397218823,1610.16867434978,0,0,0,0,0,0,0,0,0,0,0,0,0,0,0,1331.49859976768,0,54.3730234205723,0,278.304891340435,0.669593989849091,633.993271946907,4.60194183886051,48.6070022732019,0,1725.21847053617,0,2.62943887710571,2.60227704048157,21.5234143659472,0,73.7906029522419,0,6.63358375430107,0,0,0,1007.51921753585,0,2.14499181509018,0,0,0,4.34272146224976,0,0,0,0,0.490287244319916,0,11.7728817164898,0,466.179456859827,0,0,0,0,0,2343.46018711478,9.47701592743397,280.73356975615,2.74042278528214,269.26303191483,1.39915096759796,1305.5923698321,7.76879696547985,0
0.482662618160248,0,2.45608159899712,0,53.2811288833618,0,1.54286551475525,0,0.872958689928055,0,2.8526468873024,0,0,0,0,0,15.4898897111416,11.7800760269165,282.740620836616,0,1474.87039573491,0,0,0,0,0,0,0,0,0,0,0,0,0,0,0,1308.47248764336,0,700.67669428885,1.17996752262115,242.195196449757,1.61620020866394,479.220612093806,0,26.4188936948776,0.379618406295776,752.700689323246,0,10.8035428673029,0,8.20854872465134,0,0.451693296432495,0,0,0,269.799481160939,0,0,0,0,0,4.34272146224976,0,0,0,0,0,0,0,0,4.17731486260891,0,199.348551943898,0,0,0,0,0.263483375310898,1938.00625883788,0,227.084632657468,262.598213456571,0.889161586761475,1614.33893896639,0,5.75087743997574
0,0,0,0,0,0,0,0,0,0,0,0,0,0,0,0,0,18.8299689590931,0,0,0,6554.49379201233,0,22.5592139959335,0,337.608892098069,0,21.6987704634666,0,0,0,0,0,0,0,0,0,53.7203267663717,0,0,0,0,0,0,0,0,0,0,0,599.226137921214,0,0,0,0,0,0,0,0,0,0,0,0,0,0,0,0,86.7670096457005,0,627.262620970607,0,248.291824653745,0,0,0,0,0,0,0,0,0,56.6121895313263,0,295.688279852271,4.87761473655701,0,0,0
0,0,0,0,0,0,0,0,0,0,0,0,0,0,0,0,95.8047311306,0,0,0,0,6.84820011258125,5704.13186208904,0,0,0,489.130838438869,0,0.403323203325272,0,0,0,0,0,0,0,0,0,47.9746859669685,0,0,0,0,0,0,0,0,0,31.3442187309265,0,0,0,0,0,0,0,0,0,0,0,0,0,0,0,0,0,0,0,0,490.097343176603,0,168.200137406588,0,0,0,0,0,0,0,0,0,33.9283550977707,262.767702713609,0,0,0,0
0,10.8902069181204,0,0,0,0,0,0,0,104.875501304865,0,0,0,0,0,0,0,0,0,0,0,274.695704013109,0,505.067727655172,0,125.687864840031,0,0,0,0,0,0,0,0,0,0,0,132.730633467436,0,0,0,0,0,0,0,0,0,0,0,37.3794158548117,0,0,0,0,0,458.767206579447,0,0,0,0,0,35.8884362578392,0,0,86.7670096457005,0,0,0,244.879148334265,0,0,0,0,0,0,0,0,0,0,0,614.847319632769,0,23.3036865144968,0,206.317367732525,0,0
0.166600853204727,0,0,0,0,0,0,0,3.97726359963417,0,0,0,0,0,0.24638395011425,0,0,0,0,0,0,0,4,0,237.837086036801,0,10.6260253638029,0,0,0,0,0,0,0,0,0,0,0,842.384611412883,0,0,0,0,0,0,0,0,0.346599876880646,6.21083152294159,0,0,0,0,0,298.838871449232,0,0,0,0,0,2.96748737990856,0,0,0,0,0,0,0,0,52.5312663465738,0,0,0,0,0,0,0,0,0,0,0,269.463348656893,23.7033284157515,0,82.5413927435875,0,0
0,0,0,0,0,0,0,0,0,37.6698122024536,0,0,0,1.3125107884407,0,1,0,1.01709666848183,0,0,0,14.4076900184155,0,174.440154269338,0,1101.48869420588,0,5.47666728496552,0,0,0,0,0,0,0,0,0,2.87969434261322,0,0,0,0,0,0,0,0.188205346465111,0,0,0,39.9499106258154,0,0,0,0,0,0.320035099983215,0,24.583603605628,0,292.346269860864,0,242.599990725517,0.490287244319916,0,627.262620970607,0,244.879148334265,0,0,0,411.151724547148,0,0,0,0,0,0,0,0,0,7.82840095460415,0,94.8383223861456,1.60516548156738,0.330193519592285,0,0
0,0,0,0,0,0,0,0,0,0,0,0,1.57386296987534,0,4.03268757462502,0,0,0,0,0,0,0,70.58458507061,0,82.5472703427076,0,486.118655472994,0,45.0606769621372,0,0,0,0,0,0,0,0,0,1.64115798473358,0,0,0,0,0,0,0,0,0,66.0482215285301,0,0,0,0,0,0.255401700735092,0,4.74874490499496,0,49.7815828323364,0,60.3705706894398,0,0,0,0,490.097343176603,0,52.5312663465738,0,0,0,582.099128335714,0,0,0,0,0,0,0,0,0,0,0,0,0,0,0
0,0,0,0.367753833532333,0,0,0,0,0,0,0,2.16073846817017,0,3.17079401016235,0,0,0,0,1.09747219085693,0,0,13.6675578951836,0,0,0,5.97765339910984,0,897.521321505308,0,38.9704542160034,0,0,0,0,0,0.443744584918022,0,166.498171791434,0,0,0,13.027204066515,0,0,0,1.18827821314335,0,0,0,409.518930822611,0,0,0,0,0,0,0,703.040135473013,0,289.469727844,0,2.02971625328064,11.7728817164898,0,248.291824653745,0,0,0,411.151724547148,0,0,0,318.183703452349,0,0,0,0,0,0.139958426356316,0,487.917521074414,0,7.84502604603767,0,32.4382713288069,1.84891974925995,0
0,0,0.888374090194702,0,0,0,0,0,0,0,0,0,0,0,0,0,0,0,0.733254730701447,0,0,0,10.348725259304,0,0,0,18.4128263294697,0,663.317258879542,0,50.3586166501045,0,0,0,0,0,0.895458176732063,0,110.6906619519,0,0,0,14.872326374054,0,0,0,0.809676319360733,0,37.8544845581055,0,0,0,0,0,0,0,157.649251133204,0,117.228476285934,0,0.895481944084167,0,0,4.17731486260891,0,168.200137406588,0,0,0,582.099128335714,0,0,0,168.886360988021,0,0,0,0,0,1.31507652252913,0,204.371188387275,5.87380576133728,0,109.037377730012,0,1.46421790122986
0,0,0,5.01264867186546,0,0,0,0,0,0,0,87.3934966772795,0,0,0,0,0,0,3.98810796439648,9.09851223230362,0,0,0,0,0,0,0,0,0,554.472400844097,0,0,0,0,0,2.20740707218647,0,14.5884365737438,0,0.901678740978241,0,8.47637951374054,0,0,0,57.9247457236052,0,0,0,7.49261237680912,0,0,0,0,0,0,0,655.069531783462,0,0,0,0,466.179456859827,0,0,0,0,0,0,0,318.183703452349,0,0,0,0,0,0,0,8.47291357815266,0,72.0397359579802,0,3.90049529075623,0,47.3306914865971,0,0
5.10279947519302,0,17.3390857577324,0,4.09414100646973,0,0,0,0,0,80.6637767404318,0,0,0,0,0,0.703936815261841,1.16947865486145,37.5631178915501,0,2.86969456076622,0,0,0,0,0,0,0,2.54746086895466,0,545.661283627152,0,0,0,0,0,3.03443862497807,0,29.1522316336632,0,4.63538498431444,0,233.266550794244,0,0.625593364238739,0,17.2838644459844,0,7.20602405071259,0,2.62281438708305,0,0,0,0.584152281284332,0,239.39575496316,0,0,0,0,0,0,199.348551943898,0,0,0,0,0,0,0,168.886360988021,0,0,0,0,0,0,0,31.9529373422265,0,209.239263355732,50.372805044055,0.206009924411774,568.602456614375,0,24.2905688285828
0,0,0,0,0,0,0,0,0,0,0,0,0,0,0,0,0,0,0,0,0,0,0,0,0,0,0,0,0,0,0,1173.76207749546,28.9500198364258,10.2661750614643,0,16.9470205307007,0,0,0,0,0,0,0,0,0,0,0,374.956052809954,0.549726963043213,9.11046493053436,0,0,0,0,0,0,0,0,0,0,0,0,0,0,0,0,0,0,0,0,0,0,0,0,0,0,514.780139952898,0,588.88921764493,0,0,0,30.6237587630749,0,0,0,0
0,0,0,0,0,0,0,0,0,0,0,0,0,0,0,0,0,0,0,0,0,0,0,0,0,0,0,0,0,0,0,0,1853.87020233274,0,4.04722392559052,0,59.2185485363007,0,0,0,0,0,0,0,0,0,0,2688.70119461417,7.54083406925201,0,0,0,0,0,0,0,0,0,0,0,0,0,0,0,0,0,0,0,0,0,0,0,0,0,0,0,0,111.493943691254,0,748.507536813617,0,0,20.0053183436394,0,0,0,0
0,0,0,0,0,0,0,0,0,0,0,0,0,0,0,0,0,0,0.431877583265305,0,0,0,0,0,0,0,0,0,0,0,0,4.47526456415653,0,1644.95213966072,21.3117210865021,444.025315865874,0,169.899985998869,0,0,0,0,0,0,0,0,0,415.397170513868,0,0,0,0,0,0,0,0,0,0,0,0,0,0,0,0,0,0,0,0,0,0,0,0,0,0,514.780139952898,0,0,22.2054617404938,716.630219772458,0,369.452091038227,0,92.9593420028687,0,0,0,0
0,0,0,0,0,0,0,0,0,0,0,0,0,0,0,0,0,0,1.40496756136417,0,0,0,0,0,0,0,0,0,0,0,0,0,58.4682500958443,68.6665740013123,2258.43972630799,0,1006.55377137661,0,167.586092308164,0,0,0,0.196800515055656,0,0.24341382086277,0,0,79.4634970724583,0,0,0,0,0,0,0,0,0,0,0,0,0,0,0,0,0,0,0,0,0,0,0,0,0,0,0,111.493943691254,22.2054617404938,0,0,689.950575485826,0,462.099705502391,152.088490307331,0,0,0,0
0.785579591989517,22.1806125342846,1.89766432344913,16.129405669868,0,4.10931232571602,0,0,0,0.766682669520378,0,0.140797510743141,0,0,0,0,42.4566609710455,47.9514282345772,1392.31853783131,356.851062119007,0,0,0,0,0,0,0,0,0,0,0,174.060015544295,0,318.553195357323,0,12227.9156498387,5.78194625675678,703.43036031723,1.87627366185188,253.504638805985,4.82717862725258,2331.02926327288,4.93334624171257,180.343229234219,2.29001903533936,853.126646451652,0.33156830072403,1381.97011484206,9.81595253944397,664.365744695067,0.215480029582977,3.04748743772507,0,0,0,0,0,51.9811028689146,0,0.162728875875473,0,0,2343.46018711478,0.263483375310898,0,0,0,0,0,0,0.139958426356316,0,8.47291357815266,0,588.88921764493,0,716.630219772458,0,0,20.348629206419,1205.82480555773,3.58676588535309,730.118640467525,9.7148784995079,1353.0410374552,141.892419315875,0
4.7495131790638,0,7.69510316848755,0.554302752017975,1.24397733807564,0,0,0,1.58900249004364,0,0,0,0,0,0,0,96.5364153534174,34.9208516776562,1439.10576752573,0,253.167614340782,0,0,0,0.153782173991203,0,0,0,0,0,0,0,26.2304131090641,0,146.027601867914,2.63173392415047,10213.5466254056,0.328129470348358,1219.77787543833,2.28505343198776,323.599250987172,16.1141672283411,1848.51724863052,4.00335645675659,174.97084518522,1.11130249500275,376.00645404309,367.651821985841,382.916882790625,0.682169675827026,0.550557374954224,0,0,0,0,0,66.166630461812,1.27702355384827,0,0,0,0,9.47701592743397,1938.00625883788,0,0,0,0,0,0,0,1.31507652252913,0,31.9529373422265,0,748.507536813617,0,689.950575485826,20.348629206419,0,0,646.162687152624,1158.06515706331,23.1699524819851,1615.7381908074,0.193716287612915,29.9735692441463
