0,0,50.6887882649899,0,0,0,0,0,229.345596164465,0,0,0,64.3957026153803,0,27.2003197520971,0,16.5524119138718,0.893448486924171,157.730092644691,0,0,0,0,0,80.8141230940819,0,0.345999628305435,0,0,0,0,0,0,0,0,0,0,0,285.50652962923,0,0,0,36.0117303431034,0,0,0,5.18865731358528,0,321.039388641715,0,0,0,0,0,63.8100201189518,0,0.441165238618851,0,138.104678526521,0,215.285829469562,0,0,2.36978748440742,0,0,0,261.804935470223,0,38.9715728759766,0,22.6777006983757,0,9.00677137076855,0,0,0,0,0,0.537802770733833,0,114.070197552443,174.359225325286,1.04132568836212,304.875202327967,0,0.236278221011162
0,0,0,36.7339792251587,0,0,0,0,0,266.1197014153,0,0,0,0,0,0,0,0,7.15116998553276,0,0,0,0,0,0,0,0,0,0,0,0,0,0,0,0,0,0,0,0,0,0,56.3693887293339,0,0,0,0,0,0,0,94.3907559514046,0,0,0,0,0,54.0992508530617,0,0,0,0,0,0,0,0,0,0,0,0,0,0,0,0,0,0,0,0,0,0,0,0,0,0,32.3763544261456,0,201.147649139166,0,0
50.6887882649899,0,0,0,0,0,0,0,18.2284225523472,0,0,0,0,0,0.505651444196701,0,0,0,2.09851408004761,0,0,0,0,0,3.82879185676575,0,0,0,0,0,0,0,0,0,0,0,0,0,15.9155155867338,0,0,0,16.420424669981,0,0,0,3.46074421703815,0,37.6512880176306,0,16.439726382494,0,0,0,17.6539752930403,0,6.66308093070984,0,1.30082249641418,0,35.9021229445934,0,0,16.0635753422976,0,0,0,27.2086606323719,0,0,0,0.980016350746155,0,1.30737626552582,0,0,0,0,0,6.2521413564682,0,26.2001893222332,68.542483702302,0,83.3574751764536,0,0
0,36.7339792251587,0,0,0,199.393012925982,0,0,0,183.851158559322,0,0,0,0,0,0,0.276315063238144,0.208519250154495,0.946408897638321,0,0,0,0,0,0,0,0,0,0,0,0,0,0,0,0,0,0,3.05716115236282,0.241135820746422,3.68343505263329,0,130.86249025166,3.97267386317253,0,0,6.92922077327967,0,0,0.239019647240639,247.655119538307,0,1.05665683746338,0,0,0,116.93573564291,0,113.426754459739,0,0,0,5,0.86096727848053,0,0,0,0,0,0,0,0.483128324151039,0,7.83895328640938,0,0,0,0,0,1.9270291030407,0,1.07568298280239,0,225.358620420098,0.493414014577866,506.045247003436,21.1803139746189,0
0,0,0,0,0,0,0,0,0,0,0,0,0,0,0.921063810586929,0,0,0,0,0,0,0,0,0,0,0,0,0,0,0,0,0,0,0,0,0,5.42841100692749,0,0,0,0,0,0,0,0,0,0,0,0.531377732753754,0,0.618450224399567,0,0,0,0,0,21.3273872435093,0,103.834304735065,0,5.84865993261337,0,0,0,0,0,0,0,0,0,0,0,0,0,0,0,0,0,0,0,0,0,0,0,0.187542393803596,0,0
0,0,0,199.393012925982,0,0,0,0,0,0,0,19.1413675695658,0,0,0,0,0,2.71693968772888,0.493606328964233,5.12702277302742,0,0,0,0,0,0,0,0,0,0,0,0,0,0,0,0,0,0,0,6.43288516998291,0,25.3486055359244,0.781472951173782,0,0,0.347711652517319,0,0,0,0.384545296430588,0,0,0,0,0,0,0,38.1435946077108,0,0,0,0,0,0.238741487264633,0,0,0,0,0,0,0,0,1.2051956653595,0,0,0,0,0,1.21949663758278,0,0,0,181.965104840696,0,325.84381390363,0.248363420367241,0.893485382199287
0,0,0,0,0,0,0,0,0,0,0,0,0,0,0,0,0,0,0,0,0,0,0,0,0,0,0,0,0,0,0,0,0,0,0,0,0,0,0,0,0,0,0,0,0,0,0,0,0,0,0,0,0,0,0,0,0,0,83.3843972980976,0,0,0,0,0,0,0,0,0,0,0,0,0,0,0,0,0,0,0,0,0,0,0,0,0,0,0,0
0,0,0,0,0,0,0,0,0,0,0,0,0,0,0,0,0,0,0,0,0,0,0,0,0,0,0,0,0,0,0,0,0,0,0,0,0,0,0,0,0,0,0,0,0,0,0,0,0,0,0,0,0,0,0,0,0,0,0,0,0,0,0,0,0,0,0,0,0,0,0,0,0,0,0,0,0,0,0,0,0,0,0,0,0,0,0
229.345596164465,0,18.2284225523472,0,0,0,0,0,0,0,0,0,38.0793405175209,0,214.740586191416,0,24.6188402175903,0,8.28761379420757,0,0,0,0,0,104.780389294028,0,145.658932611346,0,0,0,0,0,0,0,0,0,0,0,134.621629431844,0,0,0.247627481818199,131.85943210125,0,0.600685775279999,0,3.39324957132339,0,534.867194220424,0,0,0,0,0,267.305986762047,0,0.220753163099289,0,140.308617860079,0,56.8328495621681,0,0,0.192171141505241,0,0,0,97.0741120129824,0,94.4269026368856,0,57.9312541633844,0,4.71052901446819,0,0,0,0,0,0,0,73.7199196517467,311.966120816767,177.219852894545,166.720761358738,0,13.3947993814945
0,266.1197014153,0,183.851158559322,0,0,0,0,0,0,0,0,0,0,0,6.77675807476044,159.791894972324,968.870651900768,39.8326210230589,0,0,0,0,32.8625835776329,0,0,0,0,0,0,0,0,0,0,0,0,0,0.595149338245392,0,0.655280232429504,0,2.87810686230659,0,0,0,0.465256482362747,0,0,0,0,0,0,0,0,0,498.999227136374,0,0,0,0,0,0,0,0,0,0,10.3714947402477,0,1,0,0,0,0,0,0,0,0,0,0,0,0.876187264919281,0,391.868995830417,10.9756664037704,105.064947351813,4.97920477390289,0
0,0,0,0,0,0,0,0,0,0,0,0,2.09161376953125,0,0,0,0,0,0,0,80.5374402999878,0,0,0,0,0,0,0,27.58010160923,0,7.77279749512672,0,0,0,0,0,15.5093093961477,0,384.109816327691,0,0,0,0.686795949935913,0,0,0,0.341271698474884,0,0,0,0,0,0,0,0,0,194.342859223485,0,45.3205860853195,0,0,0,0,21.7594331502914,0,0,0,0,0,0,0,94.5491671562195,0,8.26212579011917,0,0,0,0,0,1.19787986576557,0,18.5846532732248,3.22324100136757,0,4.36833487451077,0,0
0,0,0,0,0,19.1413675695658,0,0,0,0,0,0,0,99.2079508304596,0,0,0,0,0,23.674350425601,0,0,0,0,0,0,0,41.8559856414795,0,94.269638478756,0,0,0,0,0,0,0,602.305959880352,0,0,0,0,0,0,0,0,0,0,0,0,0,0,0,0,0,0,0,320.371564865112,0,0,0,0,0,0,0,0,0,0,0,0,0,0,0,0,0,0,0,0,0,0,9.44768667221069,0,249.152481123805,0,0,0,0
64.3957026153803,0,0,0,0,0,0,0,38.0793405175209,0,2.09161376953125,0,0,0,19.7628921568394,0,0,0,0.592906713485718,0,0,0,0,0,15.7288531064987,0,0.577010571956635,0,0,0,0,0,0,0,0,0,0,0,63.4687117040157,0,0,0,0.445496246218681,0,0.226012855768204,0,0.191714733839035,0,16.9782431721687,0,11.0580071210861,0,0,0,16.1896982192993,0,0,0,264.903021335602,0,13.6412311643362,0,0,0,0,0,0,78.8061141520739,0,1.97698614001274,0,5.61039960384369,0,1.19386522471905,0,0,0,0,0,0,0,29.4575364291668,35.2009418979287,0,84.8698493540287,0,0
0,0,0,0,0,0,0,0,0,0,0,99.2079508304596,0,0,0,0.935339212417603,0,81.4317897558212,0,0,0,0,0,0,0,0,0,3.32280290126801,0,0,0,0,0,0,0,0,0,0,0,0,0,0,0,0,0,0,0,0,0,0,0,0,0,0,0,0,0,0,0,0,0,0,0,0,0,0,0,0,0,0,0,0,0,0,0,0,0,0,0,0,0,0,87.7395033836365,30.744864910841,0,0,0
27.2003197520971,0,0.505651444196701,0,0.921063810586929,0,0,0,214.740586191416,0,0,0,19.7628921568394,0,0,0,0,0,0,0,0,0,0,0,19.0356242656708,0,38.1989436894655,0,0,0,0,0,0,0,0,0,0,0,46.0947252362967,0,0,0,1.62272323668003,0,0,0,0.409723773598671,0,11.5424763411283,0,12.4176148176193,0,0,0,22.0023508071899,0,53.2171483784914,0,138.345994234085,0,120.991482704878,0,0,0,0,0,0,66.2665391266346,0,62.7871285825968,0,1.55181014537811,0,0.552045226097107,0,0,0,0,0,0,0,14.627548083663,55.9370100498199,105.051984786987,59.7993127554655,0,0
0,0,0,0,0,0,0,0,0,6.77675807476044,0,0,0,0.935339212417603,0,0,19.5535690188408,582.498523160815,4.52660946547985,0,0,0,0,0,0,0,0,0.462915241718292,0,0,0,0,0,0,0,0,0,0,0,0,0,0,0,0,0,0.206438213586807,0,0,0,0,0,0,0,0,0,0,0,0,0,0,0,0,0,0,0,0,0,0,0,0,0,0,0,0,0,0,0,0,0.160127609968185,0,0,0,126.778381615877,20.1726000905037,0,0,0
16.5524119138718,0,0,0.276315063238144,0,0,0,0,24.6188402175903,159.791894972324,0,0,0,0,0,19.5535690188408,0,14712.3450891674,5868.09849537909,0,0,0,206.438938736916,0,0,1.44559419155121,73.3737391233444,0,0,0,0,0,0,0,0,0,0.143810644745827,0,5.17851901054382,31.0998493731022,1.09111320972443,30.3713640719652,57.8999156355858,0,2.09907473623753,2.9217022061348,42.6217338293791,0,18.2584611028433,0.856676578521729,0,0,0,0,6.5184765458107,0,0,0.206196457147598,0,0,0,0,0,10.7280900254846,0,0,0,0,0,0,0,0,0.515670210123062,10.3043173104525,0,0,0,0,21.4416448250413,22.7133644297719,1.31151899695396,29.2805512696505,20019.1878025085,10068.729722932,125.457024142146,8.84840469062328,37.2784499228001
0.893448486924171,0,0,0.208519250154495,0,2.71693968772888,0,0,0,968.870651900768,0,0,0,81.4317897558212,0,582.498523160815,14712.3450891674,0,5380.44719591737,0,0,0,0,0,0,38.3319307267666,0,192.169716536999,0,0,0,0,0,0,0,0,0.67868983745575,0,7.15054818987846,125.563082993031,0.414149761199951,125.856117755175,57.48368126899,0,2.1967463940382,11.9639269262552,51.3557594045997,0,5.31706186383963,6.58011737465858,0,0,0,0,0,0,0,3.98894766718149,0,0,0,0,0,21.7236989587545,0,0,0,0,0,0,0,0,6.21517390012741,5.55578331649303,0,0,0,0,101.998690731823,43.1348878219724,16.3559352308512,36.8510090485215,23662.861904189,16548.3409935087,313.709460265934,53.9304265603423,35.4591626822948
157.730092644691,7.15116998553276,2.09851408004761,0.946408897638321,0,0.493606328964233,0,0,8.28761379420757,39.8326210230589,0,0,0.592906713485718,0,0,4.52660946547985,5868.09849537909,5380.44719591737,0,0,0.799101546406746,0,0,0,0.62873387336731,0.221106320619583,0,0,0,0,1.5112176835537,0,0,0,0,0,3.41680650413036,0.708203315734863,92.0227226912975,1498.72424974293,6.30844937264919,1860.88833848387,1647.60711555183,0.453692927956581,34.3255823552608,93.1802473291755,945.454238496721,0,304.435307905078,39.8787779957056,0,0,0,0,0.405463382601738,0,0,92.5125595256686,1.91512182354927,0,0.658792078495026,0,0.252059102058411,391.061606049538,0,0,0,0.870183169841766,0,3.32975366711617,0,14.7826414555311,113.224332183599,128.893805921078,0,0,0,0,1325.85973014683,830.860202230513,324.252672076225,617.291974395514,9088.80769968033,297.948608011007,3691.5302669704,284.726145453751,370.752232827246
0,0,0,0,0,5.12702277302742,0,0,0,0,0,23.674350425601,0,0,0,0,0,0,0,0,0,0,0,0,0,0,0,0,0,0,0,0,0,0,0,208.749314934015,0,0,0,0,0,0,0,0,0,38.7304049730301,0,0,0,0,0,0,0,0,0,0,0,0,0,0,0,0,252.148700922728,0,0,0,0,0,0,0,0,0,0,0,0,0,0,0,26.7790075242519,0,0,0,491.711776301265,42.0181512832642,95.9143733084202,0,0
0,0,0,0,0,0,0,0,0,0,80.5374402999878,0,0,0,0,0,0,0,0.799101546406746,0,0,0,0,0,0,0,0,0,0,0,10.9563619792461,0,0,0,0,0,413.422928273678,0,339.253787666559,0,0,0,1.89681354165077,0,0,0,2.25217279791832,0,0.350923180580139,0,0,0,0,0,0,0,74.7053838521242,0,0,0,0,0,0,1347.70409293473,0,0,0,0,0,0,0,0,0,69.8053441345692,0,0,0,0,0,251.394645541906,0,234.717479154468,469.298035144806,0,199.106993883848,0,0
0,0,0,0,0,0,0,0,0,0,0,0,0,0,0,0,0,0,0,0,0,0,300.056675434113,0.777383148670197,0,0,0,0,0,0,0,0,0,0,0,0,0,443.671831220388,0,0,0,0,0,0,0,0,0,0,0,143.815624773502,0,0,0,0,0,0,0,0,0,0,0,0,0,0,2934.24503646791,3.7578809261322,0,0,0,0,14.3755549192429,0,0,0,0,0,0,0,0,0,150.097905904055,0,310.434737384319,0,0,0,0
0,0,0,0,0,0,0,0,0,0,0,0,0,0,0,0,206.438938736916,0,0,0,0,300.056675434113,0,0,599.109749883413,0,11.2013744115829,0,117.206483662128,0,0,0,0,0,0,0,0,0,1940.89060285687,0,0,0,0,0,0,0,0,0,0,0,0,0,0,0,0,0,0,0,0,0,0,0,0,0,3.57535314559937,6102.74689988792,0,109.163945242763,0,3.01518869400024,0,301.041579723358,0,0,0,0,0,0,0,0,0,1050.00432677567,577.76563552022,12.2736865878105,0,0,0
0,0,0,0,0,0,0,0,0,32.8625835776329,0,0,0,0,0,0,0,0,0,0,0,0.777383148670197,0,0,0,191.038156211376,0,0,0,0,0,0,0,0,0,0,0,29.0936467796564,0,0,0,0,0,0,0,0,0,0,0,46.8720108270645,0,0,0,0,0,43.4684970378876,0,0,0,0,0,0,0,0,68.7133102118969,0,245.475573092699,0,328.167367845774,0,6.3792996108532,0,0,0,0,0,0,0,0,0,175.360100075603,0,0.833833068609238,0,109.193677395582,0,0
80.8141230940819,0,3.82879185676575,0,0,0,0,0,104.780389294028,0,0,0,15.7288531064987,0,19.0356242656708,0,0,0,0.62873387336731,0,0,0,599.109749883413,0,0,0,418.232507497072,0,0,0,0,0,0,0,0,0,0,0,868.977388381958,0,0,0,0.359735548496246,0,0,0,0.161826983094215,0,33.5081869363785,0,0,0,0,0,83.5146833956242,0,0,0,22.3540197610855,0,49.4430609047413,0,0,0,0,301.586430668831,0,551.274623125792,0,254.181865036488,0,0.361639797687531,0,0,0,0,0,0,0,0,0,60.5808532088995,66.2116160392761,0,2.10367505252361,0,0
0,0,0,0,0,0,0,0,0,0,0,0,0,0,0,0,1.44559419155121,38.3319307267666,0.221106320619583,0,0,0,0,191.038156211376,0,0,0,0,0,0,0,0,0,0,0,0,0,0,0,0,0,0,0,0,0,0,0,0,0,0.493060708045959,0,0,0,0,0,0,0,0,0,0,0,12.0335836410522,0,0,0,0,0,0,269.533581525087,0,0,0,0,0,0,0,0,0,0,0,0,0,0.87809145450592,0,5.88042613863945,0,0
0.345999628305435,0,0,0,0,0,0,0,145.658932611346,0,0,0,0.577010571956635,0,38.1989436894655,0,73.3737391233444,0,0,0,0,0,11.2013744115829,0,418.232507497072,0,0,0,1,0,0,0,0,0,0,0,0,0,18.3537218868732,0,0,0,0,0,0,0,0,0,0,0,0,0,0,0,0.293017268180847,0,0,0,0,0,54.0210549533367,0,0,0,0,0,0,2.70631170272827,0,252.991971820593,0,0,0,0,0,0,0,0,0,0,0,0,7.06570661067963,0,0,0,0
0,0,0,0,0,0,0,0,0,0,0,41.8559856414795,0,3.32280290126801,0,0.462915241718292,0,192.169716536999,0,0,0,0,0,0,0,0,0,0,0,2.43283534049988,0,0,0,0,0,0,0,0,0,0,0,0,0,0,0,0,0,0,0,0,0,0,0,0,0,0,0,0,0,0,0,0,0,0,0,0,0,0,0,0,403.165052518249,0,0,0,0,0,0,0,0,0,9.5276825428009,0,42.4832524061203,119.077297717333,0,0,0
0,0,0,0,0,0,0,0,0,0,27.58010160923,0,0,0,0,0,0,0,0,0,0,0,117.206483662128,0,0,0,1,0,0,0,79.5797672271729,0,0,0,0,0,0,0,0,0,0,0,0,0,0,0,0,0,0,0,0,0,0,0,0,0,0,0,0,0,0,0,0,0,0,80.7300164699554,0,0,0,8.43981271982193,0,917.45554369688,0,89.280140042305,0,0,0,0,0,0,0,0,0,0,0,0,0
0,0,0,0,0,0,0,0,0,0,0,94.269638478756,0,0,0,0,0,0,0,0,0,0,0,0,0,0,0,2.43283534049988,0,0,0,0,0,0,0,0,0,1.65598458051682,0,0,0,0,0,0,0,0,0,0,0,0,0,0,0,0,0,0,0,0,0,0,0,0,0,0,0,0,0,0,0,0,10.1867445111275,0,39.3558904528618,0,0,0,0,0,0,0,0,0,0,0,0,0,0
0,0,0,0,0,0,0,0,0,0,7.77279749512672,0,0,0,0,0,0,0,1.5112176835537,0,10.9563619792461,0,0,0,0,0,0,0,79.5797672271729,0,0,0,0,0,0,0,0,0,7.5984845161438,0,0,0,1.70032285153866,0,0,0,0.584515601396561,0,0,0,0,0,0,0,0,0,64.4909821152687,0,0,0,0,0,0,14.8251267969608,0,0,0,0,0,0,0,13.8417840003967,0,870.190052747726,0,0,0,0,0,0,0,0,1.53704858571291,0,6.34859900176525,0,0
0,0,0,0,0,0,0,0,0,0,0,0,0,0,0,0,0,0,0,0,0,0,0,0,0,0,0,0,0,0,0,0,177.639379397035,163.44505995512,11.5593103170395,72.0973865389824,0,0,0,0,95.9134080708027,0,0,0,0,0,0,5003.30886572599,2379.16080337763,0,0,0,0,0,0,0,0,0,0,0,0,0,0,0,0,0,0,0,0,0,0,0,0,0,539.69957485795,0,128.207020103931,0,12.2316656112671,0,0,0,6.92003464698792,0,8.09032618999481,0,0
0,0,0,0,0,0,0,0,0,0,0,0,0,0,0,0,0,0,0,0,0,0,0,0,0,0,0,0,0,0,0,177.639379397035,0,7.26118054986,1.12785613536835,0,64.7979764938354,0,0,0,0,0,0,0,0,0,0,395.411010965705,2.7591125369072,0,0,0,0,0,0,0,0,0,0,0,0,0,0,0,0,0,0,0,0,0,0,0,0,0,2.81456759572029,467.676093578339,3.46503593027592,0,0,0,0,0,53.8271112442017,0,0,0,0
0,0,0,0,0,0,0,0,0,0,0,0,0,0,0,0,0,0,0,0,0,0,0,0,0,0,0,0,0,0,0,163.44505995512,7.26118054986,0,3312.35640531778,56.6992744505405,0,711.371032327414,29.3859009742737,0,0,0,0,0,0,0,0,7126.31319050491,286.188560128212,15.8258041739464,0,0,0,0,0,0,0,0,0,0,0,0,0,0,0,0,0,0,0,0,0,0,0,0,0,0,798.715542435646,99.7910165339708,1.89822947978973,0,166.51670345664,0.87064790725708,845.292224213481,868.482177346945,52.5786288678646,0,0
0,0,0,0,0,0,0,0,0,0,0,0,0,0,0,0,0,0,0,0,0,0,0,0,0,0,0,0,0,0,0,11.5593103170395,1.12785613536835,3312.35640531778,0,0,116.891634345055,11.8373591303825,176.667932361364,0,0,0,0.474557399749756,0,0,0,0,4428.52034363151,383.545745581388,1.64496591687202,0,0,0,0,0,0,0,0,0,0,0,0,0,0,0,0,0,0,0,0,0,0,0,0,0.813652575016022,0,65.0160840302706,1099.23413258791,0,0,0,189.24054095149,278.000719875097,407.417804926634,7.62395903468132,0,0
0,0,0,0,0,0,0,0,0,0,0,0,0,0,0,0,0,0,0,208.749314934015,0,0,0,0,0,0,0,0,0,0,0,72.0973865389824,0,56.6992744505405,0,0,68.6020171642303,403.301470175385,0,2.17484724521637,0,17.5601944178343,2.49239929020405,0,0,306.125643610954,0,308.091133236885,2.34406661987305,0,0,0,0,0,0,0,0,0,0,0,0,0,237.961413607001,0,0,0,0,0,0,0,0,0,0,0,107.814500212669,0,322.298012584448,0,7719.41266641021,0,118.839570119977,0,636.457292020321,114.661895811558,55.791571110487,0,0
0,0,0,0,5.42841100692749,0,0,0,0,0,15.5093093961477,0,0,0,0,0,0.143810644745827,0.67868983745575,3.41680650413036,0,413.422928273678,0,0,0,0,0,0,0,0,0,0,0,64.7979764938354,0,116.891634345055,68.6020171642303,0,0,300.51832947135,0,136.418967187405,0.172279059886932,52.099859058857,0,0,0.554197669029236,96.0797426477075,0,0.331287756562233,0,0,0,0,0,0,0,0.172464340925217,0,0,0,0,0,2.3707272708416,32.6144632250071,0,0,0,0,0,0,0,0,0,0,0,1,0,12.377792596817,146.027707025409,3460.92153324187,0,469.910404935479,782.8253903687,1.01508584618568,439.556434541941,0,0.487640783190727
0,0,0,3.05716115236282,0,0,0,0,0,0.595149338245392,0,602.305959880352,0,0,0,0,0,0,0.708203315734863,0,0,443.671831220388,0,29.0936467796564,0,0,0,0,0,1.65598458051682,0,0,0,711.371032327414,11.8373591303825,403.301470175385,0,0,121.463616579771,0,0,15.3691212832928,0,0,0,0,0,823.110454529524,0,1186.63732978702,0,0,0,0,0,121.986295118928,0,17.8918390274048,0,0,0,0,5.79841095209122,0,331.967737913132,0,309.9107965976,0,5.0242967903614,0,108.709446281195,0,0,0,0,0,62.7045185565948,0,389.661627262831,0,7882.78834028542,3.70199656486511,3796.31010061502,1085.85161402822,461.029755100608,5.72608110308647,0
285.50652962923,0,15.9155155867338,0.241135820746422,0,0,0,0,134.621629431844,0,384.109816327691,0,63.4687117040157,0,46.0947252362967,0,5.17851901054382,7.15054818987846,92.0227226912975,0,339.253787666559,0,1940.89060285687,0,868.977388381958,0,18.3537218868732,0,0,0,7.5984845161438,0,0,29.3859009742737,176.667932361364,0,300.51832947135,121.463616579771,0,1.32245180010796,0,1.75793766975403,237.65163642168,0,5.15474110841751,0.115031152963638,113.426338918507,2495.22374480963,148.754389226437,0,0,0,0,0,52.2193364948034,0,70.8158433735371,0,74.9919516891241,0,80.2442910224199,0,0,421.673321694136,0,817.615358039737,0,216.91217173636,0,58.4797469675541,0,19.4578200727701,0,17.6292361021042,0,0,0,25.6170116215944,0,16.5191950798035,58.0072854757309,7797.26756256819,2862.26220411807,873.704582840204,270.487970232964,0,85.947745859623
0,0,0,3.68343505263329,0,6.43288516998291,0,0,0,0.655280232429504,0,0,0,0,0,0,31.0998493731022,125.563082993031,1498.72424974293,0,0,0,0,0,0,0,0,0,0,0,0,0,0,0,0,2.17484724521637,0,0,1.32245180010796,0,0,4425.15088064969,15.2944696545601,3.03130017220974,0.42585600912571,1805.10999338329,6.72662674635649,0.585003614425659,0.626642234623432,167.769680172205,0,0,0,0,0,0,0,24.2950481772423,0,0,0,0,155.092475123703,0.508280724287033,0,0,0,0,0,0,0,0,1.25603310763836,2.66438688337803,0,0,0,0,343.144026428461,9.25921761989594,39.5559456795454,3.60951022803783,922.800012171268,97.8073689043522,1787.24140835553,272.909845456481,8.23860815167427
0,0,0,0,0,0,0,0,0,0,0,0,0,0,0,0,1.09111320972443,0.414149761199951,6.30844937264919,0,0,0,0,0,0,0,0,0,0,0,0,95.9134080708027,0,0,0,0,136.418967187405,0,0,0,0,0,84.3203511089087,0,0,0,403.133822262287,1110.76986414194,6669.37759488821,0,0,0,0,0,0,0,1.62279289960861,0,1.88899540901184,0,0,0,0,15.6682682037354,0,0,0,0,0,0,0,0,0,0,8.2983803153038,0,0,0,0,889.690890282393,0,5.27221769094467,0.322246178984642,0,505.147222056985,0,3.63464622199535
0,56.3693887293339,0,130.86249025166,0,25.3486055359244,0,0,0.247627481818199,2.87810686230659,0,0,0,0,0,0,30.3713640719652,125.856117755175,1860.88833848387,0,0,0,0,0,0,0,0,0,0,0,0,0,0,0,0,17.5601944178343,0.172279059886932,15.3691212832928,1.75793766975403,4425.15088064969,0,0,156.965672180057,3.80909459292889,0.399430304765701,226.456727460027,16.5135473236442,12.5856433212757,4.13420821726322,427.611697763205,0,0,0,0,0,0,0,441.814113512635,0,0,0,0,62.6039784252644,8.91473244875669,0,0,0,0,0,0,1.88642677664757,0,407.578423865139,4.03398461639881,0,0,0,0,875.250791989267,10.7471093907952,102.185632020235,7.16122804582119,2170.04134908319,36.7234716266394,5632.44980198145,700.854646980762,8.39088566601276
36.0117303431034,0,16.420424669981,3.97267386317253,0,0.781472951173782,0,0,131.85943210125,0,0.686795949935913,0,0.445496246218681,0,1.62272323668003,0,57.8999156355858,57.48368126899,1647.60711555183,0,1.89681354165077,0,0,0,0.359735548496246,0,0,0,0,0,1.70032285153866,0,0,0,0.474557399749756,2.49239929020405,52.099859058857,0,237.65163642168,15.2944696545601,84.3203511089087,156.965672180057,0,0,44.4100987166166,27.2618002593517,1738.16964407265,47.625280469656,1171.06667160988,0.341778665781021,16.382366001606,0,0,0,7.67710375785828,0,120.437097735703,7.96107781678438,116.629304625094,0,53.018519885838,0,3.72251523286104,2164.3195278123,0,0,0,2.66957825422287,0,17.9125164151192,0,33.8928053900599,0,171.988138869405,0,0,0,0,8.53073136508465,985.784269273281,1.81383526325226,441.644259870052,2503.76729934663,5.38729740679264,3487.08768305928,3.07289844751358,371.678173571825
0,0,0,0,0,0,0,0,0,0,0,0,0,0,0,0,0,0,0.453692927956581,0,0,0,0,0,0,0,0,0,0,0,0,0,0,0,0,0,0,0,0,3.03130017220974,0,3.80909459292889,0,0,0,0,0,0,0,0,0,0,0,0,0,0,0,0,0,0,0,0,0,0,0,0,0,0,0,0,0,0,0.862958252429962,0,0,0,0,0,3.32995584607124,0,0.791275918483734,0,2.55312412977219,0,6.97153654694557,0,0
0,0,0,0,0,0,0,0,0.600685775279999,0,0,0,0.226012855768204,0,0,0,2.09907473623753,2.1967463940382,34.3255823552608,0,0,0,0,0,0,0,0,0,0,0,0,0,0,0,0,0,0,0,5.15474110841751,0.42585600912571,0,0.399430304765701,44.4100987166166,0,0,0,65.3107836693525,0,4.28861851990223,0,0,0,0,0,0,0,0.399664968252182,0,0.386513322591782,0,0,0,0,64.5711509883404,0,0,0,0.193559765815735,0,0,0,0.385869845747948,0,3.01699727773666,0,0,0,0,0,12.4605021104217,0,19.1232888847589,16.7933559939265,0,24.0208128988743,0.86910492181778,9.68411880731583
0,0,0,6.92922077327967,0,0.347711652517319,0,0,0,0.465256482362747,0,0,0,0,0,0.206438213586807,2.9217022061348,11.9639269262552,93.1802473291755,38.7304049730301,0,0,0,0,0,0,0,0,0,0,0,0,0,0,0,306.125643610954,0.554197669029236,0,0.115031152963638,1805.10999338329,0,226.456727460027,27.2618002593517,0,0,0,1.06461116671562,0,0,3.17004235088825,0,0,0,0,0,0,0,268.472026415169,0,0,0,0,693.737880073488,0.435414776206017,0,0,0,0,0,0,0,0,11.7945369780064,0,0,0,0,0,2300.77149800211,1.52612711489201,581.726429775357,2.90977865457535,399.188991896808,4.59954404830933,3248.92983485013,13.3505688011646,5.50516733527184
5.18865731358528,0,3.46074421703815,0,0,0,0,0,3.39324957132339,0,0.341271698474884,0,0.191714733839035,0,0.409723773598671,0,42.6217338293791,51.3557594045997,945.454238496721,0,2.25217279791832,0,0,0,0.161826983094215,0,0,0,0,0,0.584515601396561,0,0,0,0,0,96.0797426477075,0,113.426338918507,6.72662674635649,403.133822262287,16.5135473236442,1738.16964407265,0,65.3107836693525,1.06461116671562,0,0,123.115832686424,0,1.6358363032341,0,0,0,0.745465904474258,0,96.2312523275614,0.390629425644875,79.3380113691092,0,32.178318567574,0,0.227597773075104,1129.89238513261,0,0,0,0.214689940214157,0,4.00394602119923,0,34.2228089421988,0,145.971960000694,0,0,0,0,6.97849445044994,378.132057204843,0,506.131987512112,629.093823634088,36.8652989640832,1102.78141273558,2.88019515573978,121.811468265951
0,0,0,0,0,0,0,0,0,0,0,0,0,0,0,0,0,0,0,0,0,0,0,0,0,0,0,0,0,0,0,5003.30886572599,395.411010965705,7126.31319050491,4428.52034363151,308.091133236885,0,823.110454529524,2495.22374480963,0.585003614425659,1110.76986414194,12.5856433212757,47.625280469656,0,0,0,0,0,5413.27538067102,183.22319431603,0,0,0,0,0,0,0,0,0,0,0,0,0,0,0,0,0,0,0,0,0,0,0,0,275.553340017796,11.8977889418602,2.30255630612373,53.9692256748676,19.3496160507202,54.4357199221849,0,266.042374461889,1113.56476262212,535.178456962109,350.012764900923,0,0
321.039388641715,0,37.6512880176306,0.239019647240639,0.531377732753754,0,0,0,534.867194220424,0,0,0,16.9782431721687,0,11.5424763411283,0,18.2584611028433,5.31706186383963,304.435307905078,0,0.350923180580139,0,0,0,33.5081869363785,0,0,0,0,0,0,2379.16080337763,2.7591125369072,286.188560128212,383.545745581388,2.34406661987305,0.331287756562233,0,148.754389226437,0.626642234623432,6669.37759488821,4.13420821726322,1171.06667160988,0,4.28861851990223,0,123.115832686424,5413.27538067102,0,38.1751316487789,7.26871192455292,0,0,0,29.9194091707468,0,20.5715873688459,0.258586563169956,174.683962792158,0,96.7069068700075,0,0.178162276744843,31.4811066612601,0,0,0,143.150943532586,0,428.248069792986,0,91.7729729264975,0,5.64238357543945,34.4645686745644,0,0,0,1.85507535934448,227.601113140583,0.449245095252991,222.952610999346,1989.84212071449,3.65259929001331,1657.32883154601,0.655659258365631,102.38544459641
0,94.3907559514046,0,247.655119538307,0,0.384545296430588,0,0,0,0,0,0,0,0,0,0,0.856676578521729,6.58011737465858,39.8787779957056,0,0,143.815624773502,0,46.8720108270645,0,0.493060708045959,0,0,0,0,0,0,0,15.8258041739464,1.64496591687202,0,0,1186.63732978702,0,167.769680172205,0,427.611697763205,0.341778665781021,0,0,3.17004235088825,0,183.22319431603,38.1751316487789,0,0,0,0,0,0,34.7273514270782,0,1.41275577247143,0,0,0,15.2795067429543,0.131218805909157,0,382.439925163984,0,42.8205029070377,0,15.935173034668,0,548.655180096626,0,232.136037319899,0,0,0,0,0,3.97048611938953,0,1159.22237333655,0,86.2854203134775,1.88166928291321,420.698794111609,26.6924114376307,0
0,0,16.439726382494,0,0.618450224399567,0,0,0,0,0,0,0,11.0580071210861,0,12.4176148176193,0,0,0,0,0,0,0,0,0,0,0,0,0,0,0,0,0,0,0,0,0,0,0,0,0,0,0,16.382366001606,0,0,0,1.6358363032341,0,7.26871192455292,0,0,0,0,0,0,0,129.073037952185,0,432.262658774853,0,25.5998266935349,0,0,1.42389833927155,0,0,0,0,0,0,0,0.304817348718643,0,0,0,0,0,0,0,0,0,0,0,0,50.9362015724182,0,0
0,0,0,1.05665683746338,0,0,0,0,0,0,0,0,0,0,0,0,0,0,0,0,0,0,0,0,0,0,0,0,0,0,0,0,0,0,0,0,0,0,0,0,0,0,0,0,0,0,0,0,0,0,0,0,0,0,0,0,0,2.53843837976456,0,0,0,0,0,0,0,0,0,0,0,0,0,0,0,0,0,0,0,0,0,0,0,0,0,0,0,0,0
0,0,0,0,0,0,0,0,0,0,0,0,0,0,0,0,0,0,0,0,0,0,0,0,0,0,0,0,0,0,0,0,0,0,0,0,0,0,0,0,0,0,0,0,0,0,0,0,0,0,0,0,0,0,0,0,0,0,105.559364944696,0,0,0,0,0,0,0,0,0,0,0,0,0,0,0,0,0,0,0,0,0,0,0,0,0,0,0,0
0,0,0,0,0,0,0,0,0,0,0,0,0,0,0,0,0,0,0,0,0,0,0,0,0,0,0,0,0,0,0,0,0,0,0,0,0,0,0,0,0,0,0,0,0,0,0,0,0,0,0,0,0,0,0,0,0,0,0,0,0,0,0,0,0,0,0,0,0,0,0,0,0,0,0,0,0,0,0,0,0,0,0,0,0,0,0
63.8100201189518,0,17.6539752930403,0,0,0,0,0,267.305986762047,0,0,0,16.1896982192993,0,22.0023508071899,0,6.5184765458107,0,0.405463382601738,0,0,0,0,0,83.5146833956242,0,0.293017268180847,0,0,0,0,0,0,0,0,0,0,0,52.2193364948034,0,0,0,7.67710375785828,0,0,0,0.745465904474258,0,29.9194091707468,0,0,0,0,0,0,0,4.83047376573086,0,44.3180492520332,0,16.9345119595528,0,0,0,0,0,0,192.205346152186,0,5.76654393970966,0,1.45749938488007,0,0,0,0,0,0,0,0,0,88.6234345287085,35.4694946408272,0,45.5819928199053,0,0
0,54.0992508530617,0,116.93573564291,0,0,0,0,0,498.999227136374,0,0,0,0,0,0,0,0,0,0,0,0,0,43.4684970378876,0,0,0,0,0,0,0,0,0,0,0,0,0,121.986295118928,0,0,0,0,0,0,0,0,0,0,0,34.7273514270782,0,0,0,0,0,0,0,0,0,0,0,0,0,0,0,0,184.356838345528,0,0,0,0,0,0,0,0,0,0,0,0,0,214.653140902519,0,2.22678092122078,0,8.24102935194969,0,0
0.441165238618851,0,6.66308093070984,0,21.3273872435093,0,0,0,0.220753163099289,0,194.342859223485,0,0,0,53.2171483784914,0,0,0,0,0,74.7053838521242,0,0,0,0,0,0,0,0,0,64.4909821152687,0,0,0,0,0,0.172464340925217,0,70.8158433735371,0,1.62279289960861,0,120.437097735703,0,0.399664968252182,0,96.2312523275614,0,20.5715873688459,0,129.073037952185,0,0,0,4.83047376573086,0,0,0,435.757447764277,0,172.894909054041,0,0,1121.09060277045,0,0,0,0.936941146850586,0,0.449552789330482,0,150.692701160908,0,320.68539981544,0,0,0,0,0,3.00617174804211,0,0,6.63133156299591,0,374.688236773014,0,0
0,0,0,113.426754459739,0,38.1435946077108,0,0,0,0,0,320.371564865112,0,0,0,0,0.206196457147598,3.98894766718149,92.5125595256686,0,0,0,0,0,0,0,0,0,0,0,0,0,0,0,0,0,0,17.8918390274048,0,24.2950481772423,0,441.814113512635,7.96107781678438,0,0,268.472026415169,0.390629425644875,0,0.258586563169956,1.41275577247143,0,2.53843837976456,0,0,0,0,0,0,0,0,0,0,748.225784882903,0,0,0,0,0,0,0,98.5474957227707,0,134.938557848334,0,0,0,0,0,5.42527136951685,0,0.882658898830414,0.159638702869415,161.073228523135,0.519676506519318,934.430338025093,71.9239282011986,0.261314809322357
138.104678526521,0,1.30082249641418,0,103.834304735065,0,83.3843972980976,0,140.308617860079,0,45.3205860853195,0,264.903021335602,0,138.345994234085,0,0,0,1.91512182354927,0,0,0,0,0,22.3540197610855,0,0,0,0,0,0,0,0,0,0,0,0,0,74.9919516891241,0,1.88899540901184,0,116.629304625094,0,0.386513322591782,0,79.3380113691092,0,174.683962792158,0,432.262658774853,0,105.559364944696,0,44.3180492520332,0,435.757447764277,0,0,0,137.333414688706,0,0,1.50568325817585,0,0,0,104.92440353334,0,29.5503378361464,0,82.0495611131191,0,19.4357952922583,0,0,0,0,0,0,0,25.8180887699127,83.7702344432473,0.128376111388206,306.4258319363,0,0.401276588439941
0,0,0,0,0,0,0,0,0,0,0,0,0,0,0,0,0,0,0,0,0,0,0,0,0,0,0,0,0,0,0,0,0,0,0,0,0,0,0,0,0,0,0,0,0,0,0,0,0,0,0,0,0,0,0,0,0,0,0,0,0,1.81123751401901,0,0,0,0,0,0,25.1141557097435,0,227.248183697462,0,0,0,0,0,0,0,0,0,0,0,0,0,0,0,0
215.285829469562,0,35.9021229445934,0,5.84865993261337,0,0,0,56.8328495621681,0,0,0,13.6412311643362,0,120.991482704878,0,0,0,0.658792078495026,0,0,0,0,0,49.4430609047413,0,54.0210549533367,0,0,0,0,0,0,0,0,0,0,0,80.2442910224199,0,0,0,53.018519885838,0,0,0,32.178318567574,0,96.7069068700075,0,25.5998266935349,0,0,0,16.9345119595528,0,172.894909054041,0,137.333414688706,0,0,0,0,0.584630906581879,0,0,0,118.944084376097,0,94.6076947450638,0,19.2943114340305,0,6.97292034327984,0,0,0,0,0,0,0,30.295893356204,21.4773831740022,0,274.522489070892,0,0
0,0,0,5,0,0,0,0,0,0,0,0,0,0,0,0,0,0,0,0,0,0,0,0,0,12.0335836410522,0,0,0,0,0,0,0,0,0,0,0,0,0,0,0,0,0,0,0,0,0,0,0,15.2795067429543,0,0,0,0,0,0,0,0,0,1.81123751401901,0,0,0,0,0,0,0,0,51.0082439780235,0,0,0,0,0,0,0,0,0,0,0,0,0,0,0,0,0,0
0,0,0,0.86096727848053,0,0,0,0,0,0,0,0,0,0,0,0,0,0,0.252059102058411,252.148700922728,0,0,0,0,0,0,0,0,0,0,0,0,0,0,0,237.961413607001,2.3707272708416,5.79841095209122,0,155.092475123703,0,62.6039784252644,3.72251523286104,0,0,693.737880073488,0.227597773075104,0,0.178162276744843,0.131218805909157,0,0,0,0,0,0,0,748.225784882903,0,0,0,0,0,0,0,0,0,0,0,0,1.11993756890297,0,7.04113435745239,0,0,0,0,0,290.169109843671,0,146.966168016195,0,342.01760532707,7.77791580557823,389.079968176782,2.63564091920853,0
2.36978748440742,0,16.0635753422976,0,0,0.238741487264633,0,0,0.192171141505241,0,21.7594331502914,0,0,0,0,0,10.7280900254846,21.7236989587545,391.061606049538,0,1347.70409293473,0,0,0,0,0,0,0,0,0,14.8251267969608,0,0,0,0,0,32.6144632250071,0,421.673321694136,0.508280724287033,15.6682682037354,8.91473244875669,2164.3195278123,0,64.5711509883404,0.435414776206017,1129.89238513261,0,31.4811066612601,0,1.42389833927155,0,0,0,0,0,1121.09060277045,0,1.50568325817585,0,0.584630906581879,0,0,0,0,0,0,0,0,0,0,1.74437043070793,0,378.103287674487,0,0,0,0,2.01878923177719,453.221731543541,0,713.255894377828,238.130365993828,11.9290544912219,1613.6054276377,0.413283497095108,89.7189176157117
0,0,0,0,0,0,0,0,0,0,0,0,0,0,0,0,0,0,0,0,0,2934.24503646791,3.57535314559937,68.7133102118969,0,0,0,0,0,0,0,0,0,0,0,0,0,331.967737913132,0,0,0,0,0,0,0,0,0,0,0,382.439925163984,0,0,0,0,0,0,0,0,0,0,0,0,0,0,0,0,58.6030179262161,0,121.943244636059,0,177.999068230391,0,0,0,0,0,0,0,0,0,69.5251593291759,0,63.9101462364197,0,0,0,0
0,0,0,0,0,0,0,0,0,0,0,0,0,0,0,0,0,0,0,0,0,3.7578809261322,6102.74689988792,0,301.586430668831,0,0,0,80.7300164699554,0,0,0,0,0,0,0,0,0,817.615358039737,0,0,0,0,0,0,0,0,0,0,0,0,0,0,0,0,0,0,0,0,0,0,0,0,0,0,0,0,15.5048184096813,0,0,0,3.19800806045532,0,0,0,0,0,0,0,0,0,172.929984658957,187.568205341697,0.656413435935974,0,0,0
0,0,0,0,0,0,0,0,0,10.3714947402477,0,0,0,0,0,0,0,0,0,0,0,0,0,245.475573092699,0,0,0,0,0,0,0,0,0,0,0,0,0,309.9107965976,0,0,0,0,0,0,0,0,0,0,0,42.8205029070377,0,0,0,0,0,184.356838345528,0,0,0,0,0,0,0,0,58.6030179262161,0,0,0,26.1427026093006,0,4.79762223362923,0,0,0,0,0,0,0,0,0,720.314199835062,0,0,0,250.737643331289,0,0
261.804935470223,0,27.2086606323719,0,0,0,0,0,97.0741120129824,0,0,0,78.8061141520739,0,66.2665391266346,0,0,0,0.870183169841766,0,0,0,109.163945242763,0,551.274623125792,0,2.70631170272827,0,0,0,0,0,0,0,0,0,0,0,216.91217173636,0,0,0,2.66957825422287,0,0.193559765815735,0,0.214689940214157,0,143.150943532586,0,0,0,0,0,192.205346152186,0,0.936941146850586,0,104.92440353334,0,118.944084376097,0,0,0,0,15.5048184096813,0,0,0,49.6060280203819,0,0,0,0,0,0,0,0,0,0,0,48.4396728724241,125.439867638052,0,32.5241139680147,0,0
0,0,0,0,0,0,0,0,0,1,0,0,0,0,0,0,0,0,0,0,0,0,0,328.167367845774,0,269.533581525087,0,0,0,0,0,0,0,0,0,0,0,5.0242967903614,0,0,0,0,0,0,0,0,0,0,0,15.935173034668,0,0,0,0,0,0,0,0,0,25.1141557097435,0,51.0082439780235,0,0,121.943244636059,0,26.1427026093006,0,0,0,77.1873924136162,0,0,0,0,0,0,0,0,0,13.4952692091465,0,0,0,0.437408953905106,0,0
38.9715728759766,0,0,0,0,0,0,0,94.4269026368856,0,0,0,1.97698614001274,0,62.7871285825968,0,0,0,3.32975366711617,0,0,0,3.01518869400024,0,254.181865036488,0,252.991971820593,0,8.43981271982193,0,0,0,0,0,0,0,0,0,58.4797469675541,0,0,0,17.9125164151192,0,0,0,4.00394602119923,0,428.248069792986,0,0,0,0,0,5.76654393970966,0,0.449552789330482,0,29.5503378361464,0,94.6076947450638,0,0,0,0,0,0,49.6060280203819,0,0,0,200.325600981712,0,0,0,0,0,0,0,0,0,2.62085399031639,57.9346344992518,0,85.4260861128569,0,1.04797711968422
0,0,0,0.483128324151039,0,0,0,0,0,0,0,0,0,0,0,0,0,0,0,0,0,14.3755549192429,0,6.3792996108532,0,0,0,403.165052518249,0,10.1867445111275,0,0,0,0,0,0,0,108.709446281195,0,0,0,1.88642677664757,0,0,0,0,0,0,0,548.655180096626,0,0,0,0,0,0,0,98.5474957227707,0,227.248183697462,0,0,1.11993756890297,0,177.999068230391,0,4.79762223362923,0,77.1873924136162,0,0,0,83.9676234424114,0,0,0,0,0,0,0,174.890323907137,0,9.31383007764816,0,9.39607943594456,0,0
22.6777006983757,0,0.980016350746155,0,0,0,0,0,57.9312541633844,0,94.5491671562195,0,5.61039960384369,0,1.55181014537811,0,0,0,14.7826414555311,0,0,0,301.041579723358,0,0.361639797687531,0,0,0,917.45554369688,0,13.8417840003967,0,0,0,0,0,0,0,19.4578200727701,0,0,0,33.8928053900599,0,0.385869845747948,0,34.2228089421988,0,91.7729729264975,0,0.304817348718643,0,0,0,1.45749938488007,0,150.692701160908,0,82.0495611131191,0,19.2943114340305,0,0,1.74437043070793,0,3.19800806045532,0,0,0,200.325600981712,0,0,0,12.3874447196722,0,0,0,0,0,0.147771239280701,0,30.3189708143473,206.056888021529,0,252.048122942448,0,3.06196168065071
0,0,0,7.83895328640938,0,1.2051956653595,0,0,0,0,0,0,0,0,0,0,0.515670210123062,6.21517390012741,113.224332183599,0,0,0,0,0,0,0,0,0,0,39.3558904528618,0,0,0,0,0,0,0,0,0,1.25603310763836,0,407.578423865139,0,0.862958252429962,0,11.7945369780064,0,0,0,232.136037319899,0,0,0,0,0,0,0,134.938557848334,0,0,0,0,7.04113435745239,0,0,0,0,0,0,0,83.9676234424114,0,0,0,0,0,0,0,0.923664152622223,0,53.8098556995392,0,60.8842418566346,0.570697233080864,291.224580898881,91.9851686805487,0
9.00677137076855,0,1.30737626552582,0,0,0,0,0,4.71052901446819,0,8.26212579011917,0,1.19386522471905,0,0.552045226097107,0,10.3043173104525,5.55578331649303,128.893805921078,0,69.8053441345692,0,0,0,0,0,0,0,89.280140042305,0,870.190052747726,0,0,0,0,0,0,0,17.6292361021042,2.66438688337803,0,4.03398461639881,171.988138869405,0,3.01699727773666,0,145.971960000694,0,5.64238357543945,0,0,0,0,0,0,0,320.68539981544,0,19.4357952922583,0,6.97292034327984,0,0,378.103287674487,0,0,0,0,0,0,0,12.3874447196722,0,0,0,0,0,0,0.115347102284431,20.5192522108555,0,180.480689138174,298.817433975637,3.07273491472006,672.127650365233,0.510899424552917,104.594549268484
0,0,0,0,0,0,0,0,0,0,0,0,0,0,0,0,0,0,0,0,0,0,0,0,0,0,0,0,0,0,0,539.69957485795,2.81456759572029,0,0.813652575016022,107.814500212669,0,0,0,0,8.2983803153038,0,0,0,0,0,0,275.553340017796,34.4645686745644,0,0,0,0,0,0,0,0,0,0,0,0,0,0,0,0,0,0,0,0,0,0,0,0,0,0,0,10.3644671142101,0,1,0,0,0,9.24369382858276,0,0,0,0
0,0,0,0,0,0,0,0,0,0,0,0,0,0,0,0,0,0,0,0,0,0,0,0,0,0,0,0,0,0,0,0,467.676093578339,0,0,0,1,0,0,0,0,0,0,0,0,0,0,11.8977889418602,0,0,0,0,0,0,0,0,0,0,0,0,0,0,0,0,0,0,0,0,0,0,0,0,0,0,0,0,0,0,0,44.8924740850925,0,0,0,0,0,0,0
0,0,0,0,0,0,0,0,0,0,0,0,0,0,0,0,0,0,0,0,0,0,0,0,0,0,0,0,0,0,0,128.207020103931,3.46503593027592,798.715542435646,65.0160840302706,322.298012584448,0,62.7045185565948,0,0,0,0,0,0,0,0,0,2.30255630612373,0,0,0,0,0,0,0,0,0,0,0,0,0,0,0,0,0,0,0,0,0,0,0,0,0,0,10.3644671142101,0,0,1.11356554925442,82.8214346766472,0,585.391042545438,0,48.1783437132835,0,0,0,0
0,0,0,0,0,0,0,0,0,0,0,0,0,0,0,0,0,0,0,0,0,0,0,0,0,0,0,0,0,0,0,0,0,99.7910165339708,1099.23413258791,0,12.377792596817,0,25.6170116215944,0,0,0,0,0,0,0,0,53.9692256748676,0,0,0,0,0,0,0,0,0,0,0,0,0,0,0,0,0,0,0,0,0,0,0,0,0,0,0,0,1.11356554925442,0,0,287.473593637347,0,873.659136429429,17.2998149693012,49.7451161444187,0,0,0
0,0,0,1.9270291030407,0,1.21949663758278,0,0,0,0,0,0,0,0,0,0.160127609968185,21.4416448250413,101.998690731823,1325.85973014683,26.7790075242519,0,0,0,0,0,0,0,0,0,0,0,12.2316656112671,0,1.89822947978973,0,7719.41266641021,146.027707025409,389.661627262831,0,343.144026428461,0,875.250791989267,8.53073136508465,3.32995584607124,0,2300.77149800211,6.97849445044994,19.3496160507202,1.85507535934448,3.97048611938953,0,0,0,0,0,0,0,5.42527136951685,0,0,0,0,290.169109843671,2.01878923177719,0,0,0,0,0,0,0,0,0.923664152622223,0.115347102284431,1,0,82.8214346766472,0,0,2.61952118575573,404.173620223999,2.49107420444489,745.80404523015,43.564222432673,929.250944331288,230.79788415134,7.85264025628567
0.537802770733833,0,6.2521413564682,0,0,0,0,0,0,0,1.19787986576557,0,0,0,0,0,22.7133644297719,43.1348878219724,830.860202230513,0,251.394645541906,0,0,0,0,0,0,0,0,0,0,0,0,0,0,0,3460.92153324187,0,16.5191950798035,9.25921761989594,889.690890282393,10.7471093907952,985.784269273281,0,12.4605021104217,1.52612711489201,378.132057204843,54.4357199221849,227.601113140583,0,0,0,0,0,0,0,3.00617174804211,0,0,0,0,0,0,453.221731543541,0,0,0,0,0,0,0,0.147771239280701,0,20.5192522108555,0,44.8924740850925,0,287.473593637347,2.61952118575573,0,1.43907433748245,587.465533465147,593.918842568994,62.5490379855037,447.936505019665,0,290.453651636839
0,0,0,1.07568298280239,0,0,0,0,0,0.876187264919281,0,9.44768667221069,0,0,0,0,1.31151899695396,16.3559352308512,324.252672076225,0,0,150.097905904055,0,175.360100075603,0,0,0,9.5276825428009,0,0,0,0,0,166.51670345664,0,118.839570119977,0,7882.78834028542,58.0072854757309,39.5559456795454,0,102.185632020235,1.81383526325226,0.791275918483734,0,581.726429775357,0,0,0.449245095252991,1159.22237333655,0,0,0,0,0,214.653140902519,0,0.882658898830414,0,0,0,0,146.966168016195,0,69.5251593291759,0,720.314199835062,0,13.4952692091465,0,174.890323907137,0,53.8098556995392,0,0,0,585.391042545438,0,404.173620223999,1.43907433748245,0,0.308691710233688,201.076058655977,5.07051703333855,561.333535388112,99.2191277146339,1.96211606264114
114.070197552443,0,26.2001893222332,0,0,0,0,0,73.7199196517467,0,18.5846532732248,0,29.4575364291668,0,14.627548083663,0,29.2805512696505,36.8510090485215,617.291974395514,0,234.717479154468,0,1050.00432677567,0,60.5808532088995,0,0,0,0,0,0,0,0,0.87064790725708,189.24054095149,0,469.910404935479,3.70199656486511,7797.26756256819,3.60951022803783,5.27221769094467,7.16122804582119,441.644259870052,0,19.1232888847589,2.90977865457535,506.131987512112,266.042374461889,222.952610999346,0,0,0,0,0,88.6234345287085,0,0,0.159638702869415,25.8180887699127,0,30.295893356204,0,0,713.255894377828,0,172.929984658957,0,48.4396728724241,0,2.62085399031639,0,30.3189708143473,0,180.480689138174,0,0,0,873.659136429429,2.49107420444489,587.465533465147,0.308691710233688,0,2602.88174510002,508.343030944467,657.490986220539,1.07564952224493,266.715262502432
174.359225325286,32.3763544261456,68.542483702302,225.358620420098,0,181.965104840696,0,0,311.966120816767,391.868995830417,3.22324100136757,249.152481123805,35.2009418979287,87.7395033836365,55.9370100498199,126.778381615877,20019.1878025085,23662.861904189,9088.80769968033,491.711776301265,469.298035144806,310.434737384319,577.76563552022,0.833833068609238,66.2116160392761,0.87809145450592,7.06570661067963,42.4832524061203,0,0,1.53704858571291,6.92003464698792,53.8271112442017,845.292224213481,278.000719875097,636.457292020321,782.8253903687,3796.31010061502,2862.26220411807,922.800012171268,0.322246178984642,2170.04134908319,2503.76729934663,2.55312412977219,16.7933559939265,399.188991896808,629.093823634088,1113.56476262212,1989.84212071449,86.2854203134775,0,0,0,0,35.4694946408272,2.22678092122078,6.63133156299591,161.073228523135,83.7702344432473,0,21.4773831740022,0,342.01760532707,238.130365993828,63.9101462364197,187.568205341697,0,125.439867638052,0,57.9346344992518,9.31383007764816,206.056888021529,60.8842418566346,298.817433975637,9.24369382858276,0,48.1783437132835,17.2998149693012,745.80404523015,593.918842568994,201.076058655977,2602.88174510002,0,13276.4705576822,5508.92816831172,233.171691343188,217.16495551914
