0,0,103.005064189434,0,0,0,0,0,332.686884641647,0,0,0,0,0,0.357519954442978,0,0.203177973628044,0.383735001087189,7.85186769068241,0,0,0,0,0,0,0,0,0,0,0,0,0,0,0,0,0,0,0,0,0,11.9044760614634,0,92.8782893866301,0,0,0,5.62061163783073,0,508.217248186469,0,0,0,0,0,418.567536607385,0,6.60057339072227,0,0.635367274284363,0,181.140465795994,0,0,0.578523002564907,0,0,0,0,0,0,0,0,0,2.73024460673332,0,0,0,0,0,43.6160072386265,0,0,156.163973972201,0,214.635341241956,0,12.2221297323704
0,0,0.191024899482727,82.9911225289106,0,5.72327071428299,0,0,0,612.654791235924,0,0,0,0,0,0,0.578173339366913,0.69232451915741,41.984297811985,0,0,0,0,0.273398369550705,0,0,0,0,0,0,0,0,0,0,0,0,0,0.996420741081238,0,0.669283121824265,0,335.600524641573,0.137078389525414,0,0,0.236135557293892,0,0.263643145561218,0,314.060638025403,0,0,0,0,0,378.346300132573,0,0.629069924354553,0,0,0,389.649302564561,0,0,0,0,2.52292086184025,0,0,0,0,0,0.866612866520882,0,0,0,0,0,7.19433368742466,0.999903336167336,0.553516298532486,0,263.563223153353,0.246943935751915,211.707214973867,3.81180107593536,0
103.005064189434,0.191024899482727,0,0.166713699698448,9.60536289215088,0.766514778137207,0,0,127.120349824429,0,0,0,0,0,0,0,3.35326221585274,0.494094163179398,32.7625562250614,0,3.76132532954216,0,0,0,0.271589487791061,0,0,0,0,0,0,0,0,0,0,0,0.624337583780289,0,0,0,79.408039405942,1.22024366259575,392.485980689526,0,0,0,12.7391615435481,6.93952223658562,106.090468496084,1.23906862735748,46.4762596487999,0,0,0,91.547155469656,0,75.7896550968289,0,0,0,1.02392679452896,0,0,9.87017503380775,0,0,0,0,0,0,0,0,0,20.2015572115779,0,0,0,0,0,61.3179791867733,0,0.54292505979538,108.408452771604,20.8096048906446,474.960893668234,0.404108963906765,51.4164208620787
0,82.9911225289106,0.166713699698448,0,0,425.561450719833,0,0,0,253.361894607544,0,0,0,0,0,0,1.74212823808193,4.41332118213177,53.3981633782387,27.5451681017876,0,0,0,0,0,0,0,0,0,0,0,0,0,0,0,47.9830883666873,2.62693981826305,0.221488490700722,0,111.107327736914,1.7947885543108,182.141202308238,7.73388893902302,0.172088235616684,0,30.398427285254,1.36112742125988,5.16544188559055,0.407693922519684,192.182081967592,0,180.277593627572,0,0,0,130.314174905419,0.135693371295929,99.5550176799297,0,69.6242414563894,0,1.26319289207458,3.15075066685677,0,0,0,0,0,0,0,0,0,13.7403131946921,0.24685200303793,0,0,0,0,49.777108579874,3.11965579539537,0.987427681684494,0,251.91610866785,9.35876610130072,694.460922114551,15.7277079373598,1.71376883983612
0,0,9.60536289215088,0,0,0,106.648634880781,0,0,0,22.680067718029,0,0,0,0,0,0,0,0,0,121.874668031931,0,0,0,0,0,0,0,0,0,0,0,0,0,0,0,16.6787774264812,0,0,0,1.3534774929285,0,8.48424904048443,0,0,0,0.268629640340805,0,0.427209481596947,0,167.740814834833,0,58.9497643709183,0,0,0,1.85482586920261,0,0,0,0,0,0,0,0,0,0,0,0,0,0,0,0,0.958037719130516,0,0,0,0,0,12.9325402379036,0,0,246.641272455454,8.8367412686348,208.348517924547,0,0
0,5.72327071428299,0.766514778137207,425.561450719833,0,0,0,0,0,153.630459785461,0,2.91075643897057,0,0,0,0,0,0,3.27087461948395,134.792082056403,0,0,0,0,0,0,0,0,0,0,0,0,0,0,0,28.6533678621054,0,0,0,25.1067162752151,0,48.8397841602564,4.42844986915588,0,0,3.06087160110474,0,1.40149384737015,0,36.4637980908155,0,672.598280578852,0,1,0,5.5420948266983,0,12.3589433282614,0,0,0,0,4.09001535177231,0,0,0,0,0,0,0,0,0,1.71894949674606,0,0,0,0,0,28.5924241095781,1.63824069499969,0.186426997184753,0,277.328616425395,21.8706297874451,260.404130399227,7.59572595357895,0.187054440379143
0,0,0,0,106.648634880781,0,0,0,0,0,92.9789412915707,0,0,0,0,0,0,0,0,0,28.6902785003185,0,0,0,0,0,0,0,0,0,0,0,0,0,0,0,0,0,0,0,0,0,0,0,0,0,0,0,0,0,0,0,109.194296568632,0,0,0,63.252587556839,0,71.0508971810341,0,0,0,0,61.6881712675095,0,0,0,0,0,0,0,0,0,0,0,0,0,0,0,0,0,0,131.332837283611,13.1121873855591,0,0,0
0,0,0,0,0,0,0,0,0,0,0,72.7900669574738,0,17.1966667175293,0,0,0,0,0,5.86092245578766,0,0,0,0,0,0,0,0,0,0,0,0,0,0,0,0,0,0,0,0,0,0,0,0,0,0,0,0,0,0,0,13.9609072208405,0,3.63271939754486,0,0,0,18.9631531834602,0,47.3054966926575,0,0,0.291502892971039,0,0,0,0,0,0,0,0,0,0,0,0,0,0,0,0,0,0,0,15.4994510412216,0,0,0,0
332.686884641647,0,127.120349824429,0,0,0,0,0,0,0,0,0,0,0,261.514690428972,0,187.807737231255,0,150.375655993819,0,0,0,0,0,28.5153101980686,0,6.5196932554245,0,0,0,0,0,0,0,0,0,0,0,92.5135390460491,1.52571441233158,0.198441714048386,0,43.2104943245649,0,0,0,1.56848442554474,1.0564621835947,11.4303203523159,0,0,0,0,0,569.788555011153,0,0.621903717517853,0.531829357147217,0,0,180.120660528541,0,0,0,0,0,0,22.9436062723398,0,99.0703170895576,0,0,0,0,0,0,0,0,0,16.6622603386641,0,57.3693033903837,996.565747544169,17.9843815267086,151.045917406678,0,14.5799638181925
0,612.654791235924,0,253.361894607544,0,153.630459785461,0,0,0,0,0,0,0,0,0,617.11112998426,0,84.3776971548796,62.5084916800261,0,0,0,0,18.2817763537169,0,0,0,0,0,0,0,0,0,0,0,0.199921503663063,0,33.8261038661003,0,0,0,122.502713412046,3.24036078155041,0,0,3.24060797691345,0,0,0,34.5683501064777,0,1.88635420799255,0,0,0,405.784196197987,0,2.79588118195534,0,0,0,256.894038885832,0,0,0,0,9.3537555783987,0,0,0,0,0,5.89234994351864,0,0,0,1.0722738802433,0,2.92530569434166,0,64.2223625481129,0,1635.2275095731,135.373332083225,111.549444980919,9.31646198034286,0
0,0,0,0,22.680067718029,0,92.9789412915707,0,0,0,0,0,344.268210530281,0,0,0,0,0,0,0,1916.84619186819,0,0,0,0,0,0,0,0,0,24.6828997731209,0,0,0,0,0,1048.35080179572,0,1282.86743056774,0,0,0,0,0,0,0,0,0,0,0,0,0,0,0,0,0,1855.77843534946,0,80.6107650399208,0,0,0,0,1465.16207891703,0,0,0,0,0,0,0,0,0,4.01277396082878,0,0,0,0,0,988.501740396023,0,1526.04637622833,732.261986479163,79.0741064548492,3.76040947437286,0,0
0,0,0,0,0,2.91075643897057,0,72.7900669574738,0,0,0,0,0,1467.56137533486,0,0,0,0,0,1684.90420551598,0,0,0,0,0,0,0,20.6790417432785,0,55.1029620170593,0,0,0,0,0,646.656935989857,0,1519.83538420498,0,0,0,0,0,0,0,0,0,0,0,0,0,3.64513704180717,0,0,0,0,0,3789.42069105804,0,1963.52350467443,0,0,1052.02411291748,0,0,0,0,0,0,0,108.009340286255,0,397.920698523521,0,0,0,0,0,25.7554577291012,0,391.874212786555,0,812.418592244387,0,48.3592984676361,0,0
0,0,0,0,0,0,0,0,0,0,344.268210530281,0,0,0,234.544913738966,0,0,0,0,0,0,0,0,0,0,0,0,0,7.13404011726379,0,0,0,0,0,0,0,0,0,0,0,0,0,0,0,0,0,0,0,0,0,0,0,0,0,0,0,396.958025306463,0,1293.64731638134,0,87.652843952179,0,0,0,0,0,0,0,0,0,0,0,0,0,0,0,0,0,0,0,0,0,545.319744288921,906.672937035561,0,0,0
0,0,0,0,0,0,0,17.1966667175293,0,0,0,1467.56137533486,0,0,0,682.140557348728,0,0,0,0,0,0,0,0,0,2.48343670368195,0,232.732286781073,0,74.9360353946686,0,0,0,0,0,0,0,0,0,0,0,0,0,0,0,0,0,0,0,0,0,0,0,0,0,0,0,375.786754459143,0,1766.82930932939,0,538.300842300057,0,0,0,0,0,0,0,0,125.459484919906,0,6.39648178219795,0,0,0,0,0,0,0,0,0,990.073742762208,1847.0854267478,0,0,0
0.357519954442978,0,0,0,0,0,0,0,261.514690428972,0,0,0,234.544913738966,0,0,0,0,0,0,0,0,0,0,0,0,0,0,0,0,0,0,0,0,0,0,0,0,0,0,0,0,0,0,0,0,0,0,0,0,0,0,0,0,0,182.844649583101,0,0,0,320.060821801424,0,85.2299937605858,0,0,0,0,0,0,0.955289095640182,0,48.2784557938576,0,0,0,0,0,0,0,0,0,0,0,0,156.838784039021,0,0,0,0
0,0,0,0,0,0,0,0,0,617.11112998426,0,0,0,682.140557348728,0,0,0,252.799617648125,0,0,0,0,0,221.043827265501,0,20.5473852157593,0,2.39211225509644,0,0,0,0,0,0,0,0,0,0,0,0,0,0,0,0,0,0,0,0,0,0,0,0,0,0,0,162.532296985388,0,0,0,132.072453945875,0,282.029091149569,0,0,0,0,57.5014211833477,0,0,0,0,0,0,0,0,0,0,0,0,0,0,0,274.082359388471,267.531940639019,0,0,0
0.203177973628044,0.578173339366913,3.35326221585274,1.74212823808193,0,0,0,0,187.807737231255,0,0,0,0,0,0,0,0,11400.7874132246,4055.37057307363,0,0,0,172.939460664988,14.7382431924343,32.2872753292322,0,27.0613402724266,0,0,0,0,0,0,0,0,0,0,0,0,44.1718780994415,122.267508089542,27.06203353405,122.695032045245,0,0,28.3728916794062,33.9003246724606,0,0,0,0,0.131868943572044,0,0,0,0,9.44425044953823,0.193086892366409,0,0,0,0,0,1.22573837637901,0,74.9789037704468,0,21.7591352462769,0,428.016073346138,0,0,3.6295840293169,3.12519325315952,0,0,0,0,73.7318469434977,199.662199005485,0,0.593206614255905,6010.27942238748,324.950550705194,229.185764953494,4.92947614192963,8.95517680048943
0.383735001087189,0.69232451915741,0.494094163179398,4.41332118213177,0,0,0,0,0,84.3776971548796,0,0,0,0,0,252.799617648125,11400.7874132246,0,4513.67043711245,0,0,570.516981512308,0,117.787832468748,0.25087171792984,614.777926504612,0,0,0,0,0,0,0,0,0,0,0,0,0,117.621657043695,32.1592343598604,67.2812728136778,37.6092722713947,0,0,35.5306906849146,17.2506265342236,0,1.14032995700836,4.51546491682529,0,2.5162852704525,0,0,0,2.16039323806763,2.41664119064808,2.6734002828598,0,0,0,0,5.97206678986549,3.36552405357361,81.9908769726753,0,44.2696731090546,0,234.934908747673,0,0,0,2.91750843822956,1.2558402121067,0,0,0,0,127.904871255159,101.966874212027,0.242526322603226,0.236538290977478,5002.27262586355,3799.2262481451,216.560574181378,3.35473394393921,7.55091854929924
7.85186769068241,41.984297811985,32.7625562250614,53.3981633782387,0,3.27087461948395,0,0,150.375655993819,62.5084916800261,0,0,0,0,0,0,4055.37057307363,4513.67043711245,0,0.346216231584549,0,0,0,36.2638131380081,0,0,0,0,0,0,0,0,0,0,0,4.1377739906311,0.749925911426544,0,0,1067.97382520139,723.444746889174,1193.06249910593,912.901505246758,0.466557025909424,0,410.022803835571,271.184110999107,1.14803302288055,14.4906031340361,5.61222556233406,0,8.49085301160812,0,0,0,9.1514068543911,47.0906756520271,16.1310477405787,0,0.765629321336746,0,0,28.5231793373823,28.8764549121261,0,0,17.6190287768841,0,0,0,0,0,47.5454088002443,48.2039557993412,0,0,0,0,1281.28066165,1422.97393491864,4.67670288681984,18.6503743827343,6648.16881904006,10.6069395393133,3715.96882434934,58.930343657732,86.52847468853
0,0,0,27.5451681017876,0,134.792082056403,0,5.86092245578766,0,0,0,1684.90420551598,0,0,0,0,0,0,0.346216231584549,0,0,0,0,0,0,0,0,0,0,0,0,0,0,0,0,2272.25274637341,0,324.403015181422,0,14.610673636198,0,4.05621635913849,0,0,0,0,0,0,0,2.32791805267334,0,141.342659175396,0,0,0,9.56400501728058,0,794.596811875701,0,0,0,0,1948.14586114883,0,0,0,0,0,0,0,0,0,0.268866211175919,0,0,0,0,0,789.608878128231,0,60.5916834026575,0,434.818138003349,0,121.529773406684,0,0
0,0,3.76132532954216,0,121.874668031931,0,28.6902785003185,0,0,0,1916.84619186819,0,0,0,0,0,0,0,0,0,0,0,0,0,0,0,0,0,0,0,0,0,0,0,0,0,2401.51000005007,0,1042.1018538475,0,3.78577752411366,0,4.95812550187111,0,0,0,0.136598199605942,0,4.56994360685349,0,5.3986548781395,0,51.6827354133129,0,0,0,129.640496373177,0,0,0,0,0,0,990.438311204314,0,0,0,0,0,0,0,0,0,0.499381169676781,0,0,0,0,0,1237.52147218585,0,475.665887653828,653.088482126594,0.263274818658829,100.188368082047,0,0
0,0,0,0,0,0,0,0,0,0,0,0,0,0,0,0,0,570.516981512308,0,0,0,0,4482.63271489739,277.890044525266,0,324.551234871149,0,577.441096246243,0,0,0,0,0,7.99482250213623,0,0,0,2119.73423682898,131.477867603302,0,0,0,0,0,0,0,0,0,0,28.6415623128414,0,0,0,0,0,0,0,0,0,0,0,0,0,0,9166.09537419677,1948.62640148401,197.942793339491,0,5.48546600341797,0,2405.05434203148,0,0,0,0,0,0,0,0,0,1010.14378916472,233.057695716619,3824.01098169386,1127.48002791405,0,0,0
0,0,0,0,0,0,0,0,0,0,0,0,0,0,0,0,172.939460664988,0,0,0,0,4482.63271489739,0,2.1056392788887,218.886184439063,0,219.663018405437,0,37.6359255313873,0,0,0,0,0.59717059135437,0,0,0,241.451294362545,2799.74326887727,0,0,0,0,0,0,0,0,0,7.89820685982704,0,0,0,0,0,0,0,0,0,0,0,0,0,0,0,327.462172448635,7500.3030052036,0,20.0414660722017,0,776.031844943762,0,67.4971431493759,0,0,0,0,0,0,0,0,2.70233750343323,929.518872514367,2915.96470178664,139.116893649101,0,0,0
0,0.273398369550705,0,0,0,0,0,0,0,18.2817763537169,0,0,0,0,0,221.043827265501,14.7382431924343,117.787832468748,36.2638131380081,0,0,277.890044525266,2.1056392788887,0,0,282.735849440098,0,0,0,0,0,0,0,0,0,0,0,725.75043015182,0,0,0,2.53344425559044,0,0,0,0,0,0,0,2.77530944347382,0,0,0,0,0,13.3459483534098,0,0,0,0,0,166.965960144997,0,0,178.489933237433,0.317030400037766,332.070269137621,0,68.4274836927652,0,0,0,0,0,0,0,1.5926765203476,0,0,0,256.841955691576,0,1260.48975513875,36.0730529427528,9.37696874141693,0,0
0,0,0.271589487791061,0,0,0,0,0,28.5153101980686,0,0,0,0,0,0,0,32.2872753292322,0.25087171792984,0,0,0,0,218.886184439063,0,0,0,397.506109684706,0,0,0,0,0,0,0,0,0,0,0,1278.65602040291,0,0,0,1.92639158666134,0,0,0,0,0.736089780926704,58.7742284238338,0,0,0,0,0,21.1433721184731,0,0,0,0,0,0,0,0,0,0,131.213241189718,0,664.473608791828,0,1755.07775074244,0,0,0,0,0,0,0,0,0,0,0,418.94682084024,372.601813867688,0,81.6829714030027,0,0
0,0,0,0,0,0,0,0,0,0,0,0,0,2.48343670368195,0,20.5473852157593,0,614.777926504612,0,0,0,324.551234871149,0,282.735849440098,0,0,0,55.348341524601,0,0,0,0,0,0,0,0,0,0,0,0,0,0,0,0,0,0,0,0,0,0,0,0,0,0,0,0,0,0,0,0,0,93.5971987843513,0,0,376.088896274567,0,240.665759831667,0,88.0273938477039,0,29.1079791486263,0,0,0,0,0,0,0,0,0,0,0,972.963513702154,0,0,0,0
0,0,0,0,0,0,0,0,6.5196932554245,0,0,0,0,0,0,0,27.0613402724266,0,0,0,0,0,219.663018405437,0,397.506109684706,0,0,0,33.5565149784088,0,0,0,0,0,0,0,0,0,0,0,0,0,0,0,0,0,0,0,0,0,0,0,0,0,7.74951350688934,0,0,0,0,0,0,0,0,0,0,101.247197091579,0,132.594791516662,0,304.391605108976,0,62.9201550483704,0,0,0,0,0,0,0,0,0,0,172.640224486589,0,0,0,0
0,0,0,0,0,0,0,0,0,0,0,20.6790417432785,0,232.732286781073,0,2.39211225509644,0,0,0,0,0,577.441096246243,0,0,0,55.348341524601,0,0,0,424.832856506109,0,0,0,0,0,0,0,101.961188733578,0,0,0,0,0,0,0,0,0,0,0,0,0,0,0,0,0,0,0,16.135728597641,0,865.427814304829,0,4.77115193009377,0,0,259.940871506929,0,0,0,10.3679809570312,0,6111.19437178969,0,75.9911534786224,0,0,0,0,0,0,0,66.9318712353706,0,946.449481219053,484.335294008255,0,0,0
0,0,0,0,0,0,0,0,0,0,0,0,7.13404011726379,0,0,0,0,0,0,0,0,0,37.6359255313873,0,0,0,33.5565149784088,0,0,0,383.348279923201,0,0,0,0,0,0,0,13.5858992338181,0,0,0,0,0,0,0,0,0,0,0,0,0,0,0,0,0,0,0,14.3587779998779,0,0,0,0,0,0,0,0,0,0,17.5126470327377,0,2320.67029976845,0,801.237322829664,0,0,0,0,0,0,0,132.736086077988,299.876254200935,668.27703666687,0,0,0
0,0,0,0,0,0,0,0,0,0,0,55.1029620170593,0,74.9360353946686,0,0,0,0,0,0,0,0,0,0,0,0,0,424.832856506109,0,0,0,0,0,0,0,0,0,479.755002319813,0,0,0,0,0,0,0,0,0,0,0,0,0,0,0,0,0,0,0,19.6880096495152,0,248.943099051714,0,0,0,0,0,0,0,0,0,0,1632.83741649985,0,619.114640831947,0,0,0,0,0,0,0,155.059089839458,0,29.9994797408581,0,0,0,0
0,0,0,0,0,0,0,0,0,0,24.6828997731209,0,0,0,0,0,0,0,0,0,0,0,0,0,0,0,0,0,383.348279923201,0,0,0,0,0,0,0,0,0,527.539112001657,0,0,0,0,0,0,0,0,0,0,0,0,0,0,0,0,0,9.52143168449402,0,0,0,0,0,0,0,0,0,0,0,0,0,0,125.86410805583,0,812.755292266607,0,0,0,0,0,0,0,515.86276242137,166.375687420368,0,0,0,0
0,0,0,0,0,0,0,0,0,0,0,0,0,0,0,0,0,0,0,0,0,0,0,0,0,0,0,0,0,0,0,0,2168.79878532887,168.456741064787,28.2477329969406,522.783492296934,6.70059162378311,0,0,0,0,0,0,0,0,0,0,1458.14272511005,8.10765537619591,19.0684895813465,0,0,0,0,0,0,0,0,0,0,0,0,0,0,0,0,0,0,0,0,0,0,0,0,1771.71378983557,961.315212100744,46.1760902404785,3.09238450229168,828.996367692947,7.34459269046783,0,0,53.4311927556992,0,0,0,0
0,0,0,0,0,0,0,0,0,0,0,0,0,0,0,0,0,0,0,0,0,0,0,0,0,0,0,0,0,0,0,2168.79878532887,0,163.762603878975,6.13216817378998,14.7574298977852,1319.25996762514,0,0.184869796037674,0,0,0,0,0,0,0,0,1777.83031575382,60.6648021787405,14.712483972311,0,0,0,0,0,0,0,0,0,0,0,0,0,0,0,0,0,0,0,0,0,0,0,0,1503.35489113629,1497.33968542516,49.1945016384125,91.651334926486,23.7695105671883,1161.71647715569,0,0.387863248586655,287.456600248814,0,0,0,0
0,0,0,0,0,0,0,0,0,0,0,0,0,0,0,0,0,0,0,0,0,7.99482250213623,0.59717059135437,0,0,0,0,0,0,0,0,168.456741064787,163.762603878975,0,4137.11434030533,511.212142914534,0,319.839827477932,612.703644260764,0,0,0.586961597204208,0,0,0,0,0,1065.33357237279,0.620484113693237,0.568956792354584,0,0,0,0,0,0,0,0,0,0,0,0,0,0,0,0,0,0,0,0,0,0,0,0,76.908106058836,29.3521839380264,1273.29796302319,921.229773148894,118.716688990593,0,152.055586576462,30.8023598045111,252.089547798038,41.8576534092426,24.8096050322056,0,0
0,0,0,0,0,0,0,0,0,0,0,0,0,0,0,0,0,0,0,0,0,0,0,0,0,0,0,0,0,0,0,28.2477329969406,6.13216817378998,4137.11434030533,0,0,1572.08082309365,397.531969621778,510.787943854928,0,0,0,0,0,0,0,0,1314.40415835381,0.857587695121765,1.55593310296535,0,0,0,0,0,0,0,0,0,0,0,0,0,0,0,0,0,0,0,0,0,0,0,0,20.1103765964508,4.14306885004044,2198.87182986736,980.960634738207,0,135.753686249256,184.90758664906,124.152024269104,359.901300162077,34.7518528699875,4.50413677096367,0,0
0,0,0,47.9830883666873,0,28.6533678621054,0,0,0,0.199921503663063,0,646.656935989857,0,0,0,0,0,0,4.1377739906311,2272.25274637341,0,0,0,0,0,0,0,0,0,0,0,522.783492296934,14.7574298977852,511.212142914534,0,0,2329.97641929984,3679.08470451832,270.663890182972,84.0048143416643,2.98322665691376,14.2161356657743,0,0,0,8.35499696433544,0,1.65912026166916,0.824559167027473,17.590909793973,0,49.5287181735039,0,0,0,5.76395644247532,0,1447.98767702281,0,0,0,0,5412.09473846853,0,0,0,0,0,0,0,0,0,0,0,1211.084158957,11.3069790005684,797.436264842749,0,13247.1033774689,214.618937373161,949.757713377476,0,2493.50251488388,100.920796707273,343.322930522263,0,0
0,0,0.624337583780289,2.62693981826305,16.6787774264812,0,0,0,0,0,1048.35080179572,0,0,0,0,0,0,0,0.749925911426544,0,2401.51000005007,0,0,0,0,0,0,0,0,0,0,6.70059162378311,1319.25996762514,0,1572.08082309365,2329.97641929984,0,67.9503026604652,4142.20284423232,0.475578635931015,25.2387353330851,0.204219162464142,14.5242387652397,0,0,0,56.2318442389369,11.6387751102448,5.15307109057903,2.91283369064331,0,0.987935438752174,0,0,0,0,4.3986182063818,0,0,0,0,0,0,3190.26857344061,0,0,0,0,0,0,0,0,0,2.0147168636322,62.0656383037567,1600.43030162156,0,1266.31980571151,1990.13012477756,15279.180000633,0,771.894645646214,3463.98026712984,498.935789346695,110.498354800045,0,0
0,0.996420741081238,0,0.221488490700722,0,0,0,0,0,33.8261038661003,0,1519.83538420498,0,0,0,0,0,0,0,324.403015181422,0,2119.73423682898,241.451294362545,725.75043015182,0,0,0,101.961188733578,0,479.755002319813,0,0,0,319.839827477932,397.531969621778,3679.08470451832,67.9503026604652,0,2724.54566442966,0,0,1.63592980802059,2.83723548054695,0,0,0,0,432.71076901257,0.69971290230751,167.56164842844,0,0,0,0,0,11.8071538954973,0,747.051732540131,0,0,0,0,234.675350084901,0,1131.27215397358,10.7104300260544,818.691798314452,0,0,0,292.463219642639,0,874.119473531842,0,0,0,127.890727221966,148.599886327982,294.984722092748,4.50700700283051,13340.1881048679,1144.28836296499,1820.37244547904,109.109691649675,169.253531679511,0,0
0,0,0,0,0,0,0,0,92.5135390460491,0,1282.86743056774,0,0,0,0,0,0,0,0,0,1042.1018538475,131.477867603302,2799.74326887727,0,1278.65602040291,0,0,0,13.5858992338181,0,527.539112001657,0,0.184869796037674,612.703644260764,510.787943854928,270.663890182972,4142.20284423232,2724.54566442966,0,0,0,0,15.3359460234642,0,0,0,0,147.111752510071,174.090388804674,4.65019261837006,0,0,0,0,89.6332199275494,0,276.260777950287,0,0,0,0,0,0,565.294876486063,49.8013439774513,1283.54685515165,0.483561307191849,596.570586755872,0,0,0,130.881994903088,0,468.20472407341,0,0.149496287107468,6.99909716844559,718.75905276835,139.362731397152,2090.69687211514,1196.5871039331,14913.1315005645,2677.34859143198,95.1930134147406,260.362522244453,0,0
0,0.669283121824265,0,111.107327736914,0,25.1067162752151,0,0,1.52571441233158,0,0,0,0,0,0,0,44.1718780994415,117.621657043695,1067.97382520139,14.610673636198,0,0,0,0,0,0,0,0,0,0,0,0,0,0,0,84.0048143416643,0.475578635931015,0,0,0,18.1925515383482,1578.10917966068,26.7035887241364,4.46337799727917,0,419.525940299034,2.32114189863205,44.3983639627695,4.25064766407013,335.450775787234,0,21.9317432492971,0,0,0,4.94360958039761,0,23.8308069780469,0,2.38676823675632,0,0,597.697342433035,0.556443691253662,0,0,0,0,0,0,0,0,16.1425207406282,0,0,0,0,0,1376.18016855419,33.2396915256977,0,0.363796979188919,322.443788781762,13.0069866925478,3113.35148850828,35.5752158463001,0.32173877954483
11.9044760614634,0,79.408039405942,1.7947885543108,1.3534774929285,0,0,0,0.198441714048386,0,0,0,0,0,0,0,122.267508089542,32.1592343598604,723.444746889174,0,3.78577752411366,0,0,0,0,0,0,0,0,0,0,0,0,0,0,2.98322665691376,25.2387353330851,0,0,18.1925515383482,0,12.9759547114372,1205.6272553876,0,0,3.23260690271854,354.775913931429,29.3411318212748,538.40435359627,0,0,0,0,0,1.13938200473785,0,27.3726032972336,0,0,0,0,0,0.146585986018181,513.393089853227,0,0,0,0,0,0,0,0,0.137929663062096,27.6673233658075,0,0.194124802947044,0,0,9.3767833262682,1746.5370355323,0,1.95144556462765,355.165463894606,22.932250469923,1760.75215425342,0,77.45512111485
0,335.600524641573,1.22024366259575,182.141202308238,0,48.8397841602564,0,0,0,122.502713412046,0,0,0,0,0,0,27.06203353405,67.2812728136778,1193.06249910593,4.05621635913849,0,0,0,2.53344425559044,0,0,0,0,0,0,0,0,0,0.586961597204208,0,14.2161356657743,0.204219162464142,1.63592980802059,0,1578.10917966068,12.9759547114372,0,200.39007268846,2.31756412982941,0,171.89623144269,2.74654304981232,131.905147567391,0.232793390750885,734.536334142089,0,41.6072975248098,0,0,0,42.7119184732437,1.74007952958345,371.6764677912,0,11.5898032784462,0,80.5497033149004,40.5225555747747,0.760038271546364,0,0,14.9870975166559,0,0,0,0,0,409.924561113119,3.14812971651554,0,0,0,0,895.613566547632,25.6380873098969,6.10421617329121,0,1893.02050761133,58.3432043641806,5001.73187486082,333.89755000174,4.45160566270351
92.8782893866301,0.137078389525414,392.485980689526,7.73388893902302,8.48424904048443,4.42844986915588,0,0,43.2104943245649,3.24036078155041,0,0,0,0,0,0,122.695032045245,37.6092722713947,912.901505246758,0,4.95812550187111,0,0,0,1.92639158666134,0,0,0,0,0,0,0,0,0,0,0,14.5242387652397,2.83723548054695,15.3359460234642,26.7035887241364,1205.6272553876,200.39007268846,0,0,0.665288031101227,5.37424692511559,392.890294604003,147.399080917239,395.843170486391,0.399379268288612,0,0.916597425937653,0,0,17.7339160591364,0.588152185082436,542.615835890174,0.486430823802948,0,0,0.133439064025879,0,0,102.469429865479,0,0,0.248167753219604,10.9367369115353,0,0.134833097457886,0,0,1.83941268920898,107.659173898399,0,0,0,0,29.2244090437889,1511.21153432131,0,30.7556014657021,1811.93623891473,104.995515301824,4143.78553256392,2.36665190756321,1199.99790880084
0,0,0,0.172088235616684,0,0,0,0,0,0,0,0,0,0,0,0,0,0,0.466557025909424,0,0,0,0,0,0,0,0,0,0,0,0,0,0,0,0,0,0,0,0,4.46337799727917,0,2.31756412982941,0,0,0,0.304715782403946,0,0,0,0,0,0,0,0,0,0,0,0,0,0,0,0,0,0,0,0,0,0,0,0,0,0,0,0,0,0,0,0,1.01119008660316,0,0,0,0,0,2.56829231977463,0,0
0,0,0,0,0,0,0,0,0,0,0,0,0,0,0,0,0,0,0,0,0,0,0,0,0,0,0,0,0,0,0,0,0,0,0,0,0,0,0,0,0,0,0.665288031101227,0,0,0,0,0,0,0,0,0,0,0,0,0,0,0,0,0,0,0,0,0,0,0,0,0,0,0,0,0,0,0,0,0,0,0,0,0,0,0,0,0,0,0,0
0,0.236135557293892,0,30.398427285254,0,3.06087160110474,0,0,0,3.24060797691345,0,0,0,0,0,0,28.3728916794062,35.5306906849146,410.022803835571,0,0,0,0,0,0,0,0,0,0,0,0,0,0,0,0,8.35499696433544,0,0,0,419.525940299034,3.23260690271854,171.89623144269,5.37424692511559,0.304715782403946,0,0,7.82135616242886,0,0.21324560046196,28.2377706766129,0,4.44923777878284,0,0,0,0,0,3.86150711774826,0,0.202382072806358,0,0,732.728009283543,0,0,0,0,0,0,0,0,0,8.25981882214546,0.960699617862701,0,0,0,0,577.325887054205,7.53426261246204,31.2248815894127,0,127.167065218091,5.90213307738304,767.356661375612,5.09526094794273,0
5.62061163783073,0,12.7391615435481,1.36112742125988,0.268629640340805,0,0,0,1.56848442554474,0,0,0,0,0,0,0,33.9003246724606,17.2506265342236,271.184110999107,0,0.136598199605942,0,0,0,0,0,0,0,0,0,0,0,0,0,0,0,56.2318442389369,0,0,2.32114189863205,354.775913931429,2.74654304981232,392.890294604003,0,0,7.82135616242886,0,3.93384300917387,18.5710005238652,0.180080533027649,0,0,0,0,0,0,23.780795417726,0,0,0,0,0,0,559.58842176944,0,0,0,0,0,0,0,0,0.311509370803833,19.3753188177943,0,0,0,0,4.89108526706696,853.775455847383,0,27.0040267109871,206.104911059141,5.15160747617483,636.593831986189,0,6.28661705553532
0,0.263643145561218,6.93952223658562,5.16544188559055,0,1.40149384737015,0,0,1.0564621835947,0,0,0,0,0,0,0,0,0,1.14803302288055,0,0,0,0,0,0.736089780926704,0,0,0,0,0,0,1458.14272511005,1777.83031575382,1065.33357237279,1314.40415835381,1.65912026166916,11.6387751102448,432.71076901257,147.111752510071,44.3983639627695,29.3411318212748,131.905147567391,147.399080917239,0,0,0,3.93384300917387,0,1382.66411568224,1263.58081538975,0,1.04866336286068,0,0,0.472464099526405,0.709927499294281,0.457352325320244,0.20238932967186,0,0,0,0,0,2.69864995777607,1.99356412887573,0,7.83165097236633,3.8136066198349,0,0.211565986275673,0,0,0,0,2869.79137313366,2970.05022758245,91.7895185500383,114.514099046588,21.0622983425856,991.597592517734,126.632782831788,2.55528588593006,1943.64178840816,3.37287785112858,937.249558784068,0.62261950969696,0.954061031341553
508.217248186469,0,106.090468496084,0.407693922519684,0.427209481596947,0,0,0,11.4303203523159,0,0,0,0,0,0,0,0,1.14032995700836,14.4906031340361,0,4.56994360685349,0,7.89820685982704,0,58.7742284238338,0,0,0,0,0,0,8.10765537619591,60.6648021787405,0.620484113693237,0.857587695121765,0.824559167027473,5.15307109057903,0.69971290230751,174.090388804674,4.25064766407013,538.40435359627,0.232793390750885,395.843170486391,0,0,0.21324560046196,18.5710005238652,1382.66411568224,0,486.862675890326,0,0.137997969985008,0,0,27.9878828972578,0,6.40040347725153,0,2.41935020685196,0,146.069159701467,0,0,11.4115024581552,0,108.388578206301,0,129.173498362303,0,13.2503225952387,0,28.6844468414783,0,112.495643898845,6.7158627808094,40.3564200103283,0,0,0.583718955516815,472.293582879007,0,751.448629543185,411.326201103628,5.63657559454441,1031.258594051,0,4.46757361292839
0,314.060638025403,1.23906862735748,192.182081967592,0,36.4637980908155,0,0,0,34.5683501064777,0,0,0,0,0,0,0,4.51546491682529,5.61222556233406,2.32791805267334,0,28.6415623128414,0,2.77530944347382,0,0,0,0,0,0,0,19.0684895813465,14.712483972311,0.568956792354584,1.55593310296535,17.590909793973,2.91283369064331,167.56164842844,4.65019261837006,335.450775787234,0,734.536334142089,0.399379268288612,0,0,28.2377706766129,0.180080533027649,1263.58081538975,486.862675890326,0,0,3.35448913276196,0,0,0,15.6038372963667,0,3.99406599998474,0,0.581197887659073,0,29.550420537591,2.94233664870262,0,62.2588031589985,0,76.4729587882757,0,37.3796570301056,0,124.088708281517,0,14.170270472765,0,1.22346216440201,51.3880527317524,5.19368055462837,0,170.468013592064,1.59023308753967,406.035851553082,0,463.020182818174,2.20519588887691,955.633925378323,30.0958662033081,0
0,0,46.4762596487999,0,167.740814834833,0,0,0,0,0,0,0,0,0,0,0,0,0,0,0,5.3986548781395,0,0,0,0,0,0,0,0,0,0,0,0,0,0,0,0,0,0,0,0,0,0,0,0,0,0,0,0,0,0,0,1.54336440563202,0,0,0,176.850380450487,0,10.4532949328423,0,0,0,0,0,0,0,0,0,0,0,0,0,0,0,0,0,0,0,0,0,0,0,437.80913412571,0,102.666708037257,0,0
0,0,0,180.277593627572,0,672.598280578852,0,13.9609072208405,0,1.88635420799255,0,3.64513704180717,0,0,0,0,0.131868943572044,2.5162852704525,8.49085301160812,141.342659175396,0,0,0,0,0,0,0,0,0,0,0,0,0,0,0,49.5287181735039,0.987935438752174,0,0,21.9317432492971,0,41.6072975248098,0.916597425937653,0,0,4.44923777878284,0,1.04866336286068,0.137997969985008,3.35448913276196,0,0,0,2.78061509132385,0,3.81207582354546,0,27.5548005998135,0,4.2051907479763,0,0,1.31142425537109,0,0,0,0,0,0,0,0,0,5.28144045174122,0.120569847524166,0,0,0,0,14.4310996085405,0.3763128221035,0,0,124.72773193568,0.279825612902641,122.984576970339,2.23990851640701,0
0,0,0,0,58.9497643709183,0,109.194296568632,0,0,0,0,0,0,0,0,0,0,0,0,0,51.6827354133129,0,0,0,0,0,0,0,0,0,0,0,0,0,0,0,0,0,0,0,0,0,0,0,0,0,0,0,0,0,1.54336440563202,0,0,0,0,0,110.180087447166,0,0,0,0,0,0,141.658093333244,0,0,0,0,0,0,0,0,0,0,0,0,0,0,0,0,0,0,446.39799246192,0,2.80664703249931,0,0
0,0,0,0,0,1,0,3.63271939754486,0,0,0,0,0,0,0,0,0,0,0,0,0,0,0,0,0,0,0,0,0,0,0,0,0,0,0,0,0,0,0,0,0,0,0,0,0,0,0,0,0,0,0,2.78061509132385,0,0,0,0,0,307.800639748573,0,0,0,0,0,0,0,0,0,0,0,0,0,0,0,0,0,0,0,0,0,0,0,0,0,0,0,0,0
418.567536607385,0,91.547155469656,0,0,0,0,0,569.788555011153,0,0,0,0,0,182.844649583101,0,0,0,0,0,0,0,0,0,21.1433721184731,0,7.74951350688934,0,0,0,0,0,0,0,0,0,0,0,89.6332199275494,0,1.13938200473785,0,17.7339160591364,0,0,0,0,0.472464099526405,27.9878828972578,0,0,0,0,0,0,0,0.514369234442711,0,0,0,283.530794411898,0,0,0,0,0,0,208.249649941921,0,79.3346700370312,0,0,0,0.709831535816193,0,0,0,0,0,4.85275754332542,0,291.126927614212,98.1350335478783,0,56.0555263608694,0,2.52212113142014
0,378.346300132573,0,130.314174905419,0,5.5420948266983,0,0,0,405.784196197987,0,0,0,0,0,162.532296985388,0,2.16039323806763,9.1514068543911,9.56400501728058,0,0,0,13.3459483534098,0,0,0,0,0,0,0,0,0,0,0,5.76395644247532,0,11.8071538954973,0,4.94360958039761,0,42.7119184732437,0.588152185082436,0,0,0,0,0.709927499294281,0,15.6038372963667,0,3.81207582354546,0,0,0,0,0,0,0,0,0,235.182819336653,0,0,0,0,200.12593755126,0,0,0,0,0,0,0,0,0,1.28435748815536,0,2.86751282215118,0,42.1328026652336,0,149.810121849179,1.96967285871506,170.085666567087,0,0
6.60057339072227,0,75.7896550968289,0.135693371295929,1.85482586920261,0,63.252587556839,0,0.621903717517853,0,1855.77843534946,0,396.958025306463,0,0,0,9.44425044953823,2.41664119064808,47.0906756520271,0,129.640496373177,0,0,0,0,0,0,0,0,0,9.52143168449402,0,0,0,0,0,4.3986182063818,0,276.260777950287,0,27.3726032972336,1.74007952958345,542.615835890174,0,0,0,23.780795417726,0.457352325320244,6.40040347725153,0,176.850380450487,0,110.180087447166,0,0.514369234442711,0,0,0,89.0137977749109,0,0,0,0,617.490167014301,0,0,0,0,0,0,0,0,0.18393874168396,432.859534978867,0,0,0,0,0.708641223609447,41.9744677469134,0,28.7529604434967,851.868885174394,289.156017169356,1053.42394477129,0,92.3723822534084
0,0.629069924354553,0,99.5550176799297,0,12.3589433282614,0,18.9631531834602,0.531829357147217,2.79588118195534,0,3789.42069105804,0,375.786754459143,0,0,0.193086892366409,2.6734002828598,16.1310477405787,794.596811875701,0,0,0,0,0,0,0,16.135728597641,0,19.6880096495152,0,0,0,0,0,1447.98767702281,0,747.051732540131,0,23.8308069780469,0,371.6764677912,0.486430823802948,0,0,3.86150711774826,0,0.20238932967186,0,3.99406599998474,0,27.5548005998135,0,307.800639748573,0,0,0,0,0,154.827592402697,0,0,929.655430600047,0,0,0,0,0,0,0,11.7682344317436,0,570.321249097586,0,0,0,0,0,50.6621351093054,0.329571783542633,122.684826552868,0,709.824749432504,6.77076789736748,977.668214000762,21.3600582927465,0
0.635367274284363,0,0,0,0,0,71.0508971810341,0,0,0,80.6107650399208,0,1293.64731638134,0,320.060821801424,0,0,0,0,0,0,0,0,0,0,0,0,0,14.3587779998779,0,0,0,0,0,0,0,0,0,0,0,0,0,0,0,0,0,0,0,2.41935020685196,0,10.4532949328423,0,0,0,0,0,89.0137977749109,0,0,0,25.0441015958786,0,0,0,0,0,0,0,0,0,0,0,0,0,0,0,0,0,0,0,0,0,2084.30224621296,814.940283000469,0,0,0
0,0,0,69.6242414563894,0,0,0,47.3054966926575,0,0,0,1963.52350467443,0,1766.82930932939,0,132.072453945875,0,0,0.765629321336746,0,0,0,0,0,0,0,0,865.427814304829,0,248.943099051714,0,0,0,0,0,0,0,0,0,2.38676823675632,0,11.5898032784462,0,0,0,0.202382072806358,0,0,0,0.581197887659073,0,4.2051907479763,0,0,0,0,0,154.827592402697,0,0,0,0,0,0,0,0,0,0,0,0,136.218752980232,0,4.74372464418411,0,0,0,0,0,1.22050246596336,0,0,0,396.615934789181,151.321829527617,24.8691324517131,0.343730598688126,0
181.140465795994,0,1.02392679452896,0,0,0,0,0,180.120660528541,0,0,0,87.652843952179,0,85.2299937605858,0,0,0,0,0,0,0,0,0,0,0,0,0,0,0,0,0,0,0,0,0,0,0,0,0,0,0,0.133439064025879,0,0,0,0,0,146.069159701467,0,0,0,0,0,283.530794411898,0,0,0,25.0441015958786,0,0,0,0,0,0,0,0,2.49346330761909,0,3.69787108898163,0,0,0,0,0,0,0,0,0,0,0,0,328.762059748173,0,2.91569359600544,0,0
0,389.649302564561,0,1.26319289207458,0,0,0,0,0,256.894038885832,0,0,0,538.300842300057,0,282.029091149569,0,0,0,0,0,0,0,166.965960144997,0,93.5971987843513,0,4.77115193009377,0,0,0,0,0,0,0,0,0,0,0,0,0,80.5497033149004,0,0,0,0,0,0,0,29.550420537591,0,0,0,0,0,235.182819336653,0,0,0,0,0,0,0,0,0,0,116.275841742754,0,0,0,0,0,0,0,0,0,0,0,0,0,0,0,45.1659370660782,22.8800395727158,59.5648551061749,0,0
0,0,0,3.15075066685677,0,4.09001535177231,0,0.291502892971039,0,0,0,1052.02411291748,0,0,0,0,0,5.97206678986549,28.5231793373823,1948.14586114883,0,0,0,0,0,0,0,0,0,0,0,0,0,0,0,5412.09473846853,0,234.675350084901,0,597.697342433035,0.146585986018181,40.5225555747747,0,0,0,732.728009283543,0,0,0,2.94233664870262,0,1.31142425537109,0,0,0,0,0,929.655430600047,0,0,0,0,0,0,0,0,0,0,0,0,0,0,115.26505471766,0,0,0,0,0,2065.94888946414,1.11129677295685,275.501281313598,0,517.192708790302,1.48698019981384,748.835808031261,2.28368943929672,0
0.578523002564907,0,9.87017503380775,0,0,0,61.6881712675095,0,0,0,1465.16207891703,0,0,0,0,0,1.22573837637901,3.36552405357361,28.8764549121261,0,990.438311204314,0,0,0,0,0,0,0,0,0,0,0,0,0,0,0,3190.26857344061,0,565.294876486063,0.556443691253662,513.393089853227,0.760038271546364,102.469429865479,0,0,0,559.58842176944,2.69864995777607,11.4115024581552,0,0,0,141.658093333244,0,0,0,617.490167014301,0,0,0,0,0,0,0,0,0,0,0,0,0,0,0,0,196.073523007333,0,0,0,0,0.633852899074554,1663.34937965125,0,202.181120768189,1072.08946594596,0.743922978639603,716.026749432087,0,8.14455735683441
0,0,0,0,0,0,0,0,0,0,0,0,0,0,0,0,0,81.9908769726753,0,0,0,9166.09537419677,327.462172448635,178.489933237433,0,376.088896274567,0,259.940871506929,0,0,0,0,0,0,0,0,0,1131.27215397358,49.8013439774513,0,0,0,0,0,0,0,0,1.99356412887573,0,62.2588031589985,0,0,0,0,0,0,0,0,0,0,0,0,0,0,0,58.1027604341507,359.285326778889,0,70.6416360735893,0,1062.47946222126,0,0,0,0,0,1.14254331588745,0,0,0,832.473316267133,109.975960552692,2284.85816955566,265.804230034351,6.39506304264069,0,0
0,0,0,0,0,0,0,0,0,0,0,0,0,0,0,0,74.9789037704468,0,0,0,0,1948.62640148401,7500.3030052036,0.317030400037766,131.213241189718,0,101.247197091579,0,0,0,0,0,0,0,0,0,0,10.7104300260544,1283.54685515165,0,0,0,0,0,0,0,0,0,108.388578206301,0,0,0,0,0,0,0,0,0,0,0,0,0,0,0,58.1027604341507,0,0,28.2161668390036,0,152.831620946527,0,45.5445077419281,0,0,0,0,0,0,0,0,0,864.809258639812,2711.32986295223,33.743022531271,0,0,0
0,2.52292086184025,0,0,0,0,0,0,0,9.3537555783987,0,0,0,0,0,57.5014211833477,0,44.2696731090546,17.6190287768841,0,0,197.942793339491,0,332.070269137621,0,240.665759831667,0,0,0,0,0,0,0,0,0,0,0,818.691798314452,0.483561307191849,0,0,14.9870975166559,0.248167753219604,0,0,0,0,7.83165097236633,0,76.4729587882757,0,0,0,0,0,200.12593755126,0,0,0,0,0,116.275841742754,0,0,359.285326778889,0,0,0,299.446759045124,0,0.364263564348221,0,0,0,0,0,12.0281851738691,0,0,0,1184.46982640028,0,547.671902403235,0,513.08202791214,0,0
0,0,0,0,0,0,0,0,22.9436062723398,0,0,0,0,0,0.955289095640182,0,21.7591352462769,0,0,0,0,0,20.0414660722017,0,664.473608791828,0,132.594791516662,0,0,0,0,0,0,0,0,0,0,0,596.570586755872,0,0,0,10.9367369115353,0,0,0,0,3.8136066198349,129.173498362303,0,0,0,0,0,208.249649941921,0,0,0,0,0,2.49346330761909,0,0,0,0,28.2161668390036,0,0,0,863.781279310584,0,0,0,0,0,0,0,0,0,0,0,678.165364123881,479.407254904509,0.17590120434761,278.001879006624,0,0
0,0,0,0,0,0,0,0,0,0,0,0,0,0,0,0,0,234.934908747673,0,0,0,5.48546600341797,0,68.4274836927652,0,88.0273938477039,0,10.3679809570312,0,0,0,0,0,0,0,0,0,0,0,0,0,0,0,0,0,0,0,0,0,37.3796570301056,0,0,0,0,0,0,0,0,0,0,0,0,0,0,70.6416360735893,0,299.446759045124,0,0,0,76.6199208498001,0,0,0,0,0,0,0,0,0,0,0,145.317648887634,2.81075501441956,0,0,0
0,0,0,0,0,0,0,0,99.0703170895576,0,0,0,0,0,48.2784557938576,0,428.016073346138,0,0,0,0,0,776.031844943762,0,1755.07775074244,0,304.391605108976,0,17.5126470327377,0,0,0,0,0,0,0,0,0,0,0,0,0,0.134833097457886,0,0,0,0,0.211565986275673,13.2503225952387,0,0,0,0,0,79.3346700370312,0,0,0,0,0,3.69787108898163,0,0,0,0,152.831620946527,0,863.781279310584,0,0,0,145.919395260513,0,0,0,0,0,0,0,0,0,0,555.678330264986,0,0,0,0
0,0,0,0,0,0,0,0,0,0,0,108.009340286255,0,125.459484919906,0,0,0,0,0,0,0,2405.05434203148,0,0,0,29.1079791486263,0,6111.19437178969,0,1632.83741649985,0,0,0,0,0,0,0,292.463219642639,0,0,0,0,0,0,0,0,0,0,0,124.088708281517,0,0,0,0,0,0,0,11.7682344317436,0,136.218752980232,0,0,0,0,1062.47946222126,0,0.364263564348221,0,76.6199208498001,0,0,0,43.6577355861664,0,0,0,0,0,0,0,59.5877105295658,0,958.238288164139,393.206732451916,0,0,0
0,0,0,0,0,0,0,0,0,0,0,0,0,0,0,0,0,0,0,0,0,0,67.4971431493759,0,0,0,62.9201550483704,0,2320.67029976845,0,125.86410805583,0,0,0,0,0,0,0,130.881994903088,0,0,0,0,0,0,0,0,0,28.6844468414783,0,0,0,0,0,0,0,0,0,0,0,0,0,0,0,0,45.5445077419281,0,0,0,145.919395260513,0,0,0,56.997718423605,0,0,0,0,0,0,0,153.186896979809,1421.49543569982,243.005396723747,0,0,0
0,0.866612866520882,0,13.7403131946921,0,1.71894949674606,0,0,0,5.89234994351864,0,397.920698523521,0,6.39648178219795,0,0,3.6295840293169,2.91750843822956,47.5454088002443,0.268866211175919,0,0,0,0,0,0,0,75.9911534786224,0,619.114640831947,0,0,0,0,0,0,0,874.119473531842,0,16.1425207406282,0.137929663062096,409.924561113119,1.83941268920898,0,0,8.25981882214546,0.311509370803833,0,0,14.170270472765,0,5.28144045174122,0,0,0,0,0.18393874168396,570.321249097586,0,4.74372464418411,0,0,115.26505471766,0,0,0,0,0,0,0,43.6577355861664,0,0,0,0,0,0,0,12.216174647212,0.98554302752018,96.6658181399107,0,190.856932602823,2.16889190673828,640.646526105702,55.3963055759668,0.18022894859314
2.73024460673332,0,20.2015572115779,0.24685200303793,0.958037719130516,0,0,0,0,0,4.01277396082878,0,0,0,0,0,3.12519325315952,1.2558402121067,48.2039557993412,0,0.499381169676781,0,0,0,0,0,0,0,801.237322829664,0,812.755292266607,0,0,0,0,0,2.0147168636322,0,468.20472407341,0,27.6673233658075,3.14812971651554,107.659173898399,0,0,0.960699617862701,19.3753188177943,0,112.495643898845,0,0,0.120569847524166,0,0,0.709831535816193,0,432.859534978867,0,0,0,0,0,0,196.073523007333,0,0,0,0,0,0,0,56.997718423605,0,0,0,0,0,0,0.774153023958206,33.1711808666587,0,145.827467963099,434.711243823171,2.49987892061472,849.884558163583,0.208488658070564,49.4418014883995
0,0,0,0,0,0,0,0,0,0,0,0,0,0,0,0,0,0,0,0,0,0,0,0,0,0,0,0,0,0,0,1771.71378983557,1503.35489113629,76.908106058836,20.1103765964508,1211.084158957,62.0656383037567,0,0,0,0,0,0,0,0,0,0,2869.79137313366,6.7158627808094,1.22346216440201,0,0,0,0,0,0,0,0,0,0,0,0,0,0,0,0,0,0,0,0,0,0,0,0,0,976.422625303268,26.8683174848557,0.653639823198318,1677.12896373868,11.491287946701,3.6225568652153,0,212.217592000961,0,0,0,0
0,0,0,0,0,0,0,0,0,0,0,0,0,0,0,0,0,0,0,0,0,0,0,0,0,0,0,0,0,0,0,961.315212100744,1497.33968542516,29.3521839380264,4.14306885004044,11.3069790005684,1600.43030162156,0,0.149496287107468,0,0.194124802947044,0,0,0,0,0,0,2970.05022758245,40.3564200103283,51.3880527317524,0,0,0,0,0,0,0,0,0,0,0,0,0,0,0,0,0,0,0,0,0,0,0,0,976.422625303268,0,0,461.572986409068,0,4073.76097731292,0,0.870712250471115,105.580691993237,0,0,0,0
0,0,0,0,0,0,0,0,0,1.0722738802433,0,0,0,0,0,0,0,0,0,0,0,0,0,1.5926765203476,0,0,0,0,0,0,0,46.1760902404785,49.1945016384125,1273.29796302319,2198.87182986736,797.436264842749,0,127.890727221966,6.99909716844559,0,0,0,0,0,0,0,0,91.7895185500383,0,5.19368055462837,0,0,0,0,0,1.28435748815536,0,0,0,0,0,0,0,0,1.14254331588745,0,12.0281851738691,0,0,0,0,0,0,0,26.8683174848557,0,0,75.538840085268,84.5845109894872,0,329.880437329412,0,202.986628234386,0,0,0,0
0,0,0,0,0,0,0,0,0,0,0,0,0,0,0,0,0,0,0,0,0,0,0,0,0,0,0,0,0,0,0,3.09238450229168,91.651334926486,921.229773148894,980.960634738207,0,1266.31980571151,148.599886327982,718.75905276835,0,0,0,0,0,0,0,0,114.514099046588,0,0,0,0,0,0,0,0,0,0,0,0,0,0,0,0,0,0,0,0,0,0,0,0,0,0,0.653639823198318,461.572986409068,75.538840085268,0,0,584.883401572704,96.380003541708,572.707852572203,668.142772436142,5.51338678598404,0,0,0
