0,0,3.78879416290463,0,0,0,0,0,4.69496111263663,0,0,0,0,0,0,0,0,0,0,0,0,0,0,0,3.05851248900096,0,0,0,0,0,0,0,0,0,0,0,0,0,25.7781228152188,0,0,0,21.9757378237588,0,0,0,0,47.9135131835938,6.39175343186888,0,0,0,0,0,4.95205528883807,0,0,0,0,0,0,0,0,0,0,0,0,0,0,0,0,0,0,0,0,0,0,0,0,0,0,0,6.27694503636494,3.58822226524353,7.6029275722437,0,11.0661295760762
0,0,0,4.09157151182493,0,0,0,0,0,4.42169753364895,0,0,0,0,0,0,0,0,0,0,0,0,0,3.12836076957839,0,0,0,0,0,0,0,0,0,0,0,0,0,0,0,0,0,27.7882168292999,0,0,0,0,0,0,0,4.33022179505596,0,0,0,0,0,4.33470620780156,0,0,0,0,0,4.38006942555056,0,0,0,0,0,0,0,0,0,0,0,0,0,0,0,0,0,0,0,0,5.31659113301171,0,6.56705640895026,10.2819207509359,0
3.78879416290463,0,0,0,0,0,0,0,7.94104782740275,0,0,0,0,0,0,0,69.937427520752,0,0,0,25.2339096069336,0,0,0,0,0,0,0,0,0,0,0,0,0,0,0,0,0,0,40.8527069091797,50.7416248321533,0,27.5797786910299,0,0,0,20.0688663482666,49.5773086547852,17.0298501707844,38.1972217559814,0,0,0,0,5.34577465057373,0,28.6416702270508,0,0,0,0,0,0,26.0128968556722,0,0,0,0,0,0,0,0,0,32.4053675333659,0,0,0,0,0,37.0818204879761,0,38.6916019439697,13.8602473139763,0,13.7545424190485,0,26.190938949585
0,4.09157151182493,0,0,0,7.17667357383236,0,0,0,7.10477560758591,0,0,0,0,0,0,81.4929084777832,57.297119140625,53.0746383666992,0,0,0,0,0,0,0,0,0,0,0,0,0,0,0,0,0,0,0,0,40.6190732002258,0,33.9482714502435,0,0,0,17.3337526979118,54.2417335510254,46.4901041303362,0,37.3941393265357,0,6.95166222254435,0,0,0,7.85911891399286,0,61.573077917099,0,0,0,4.05204330791127,30.1659731864929,0,0,0,0,0,0,0,0,0,48.6802971579812,0,0,0,0,0,60.6121384756906,74.1266860961914,52.2793605804443,0,5.73612810122339,0,20.0787613229318,76.9987716674805,0
0,0,0,0,0,0,0,0,3.03929213434458,0,28.0137386322021,0,0,0,0,0,101.106834411621,0,0,0,3.94465860814759,0,0,0,0,0,0,0,0,0,0,0,0,0,0,0,30.1830446455214,0,0,42.4173287285699,41.1399410866402,73.3111267089844,39.3111715072241,0,0,47.8298212687174,17.3576765314738,50.0814854117001,42.8559651562548,39.7167301177979,2.96927086966378,0,2.75007677078247,0,2.84636771678925,0,33.5965718163384,0,3.3647665977478,0,0,0,54.0471038818359,7.32421175822669,0,0,0,0,0,0,0,0,0,34.70703125,0,0,0,0,104.250732421875,26.8752458503654,0,44.6672942217659,6.18814609107367,3.88524268245139,26.1397414281387,0,28.5323417663574
0,0,0,7.17667357383236,0,0,0,0,0,0,0,19.8023166656494,0,0,0,0,86.8343505859375,101.921240997314,74.4018325805664,4.14274920502754,0,0,0,0,0,0,0,0,0,0,0,0,0,0,0,23.5903626803694,0,0,0,37.2786421524851,50.9654769897461,46.4038455654876,143.899673461914,27.5388164520264,0,16.5920503253028,51.9900936550564,45.7143316557913,35.4093765258789,42.5219018642719,0,3.12519510208614,0,2.83804988861084,0,0,0,46.4988087972005,0,3.39414572274243,0,0,6.69012151600479,0,0,0,0,0,0,0,0,0,36.0346167087555,0,0,0,60.2701263427734,0,22.8417084767268,42.639533996582,67.6617418924967,0,6.50111924033416,5.05834227341872,32.5919324134613,53.6973304748535,0
0,0,0,0,0,0,0,0,0,0,3.43772888183594,0,2.95768070220947,0,0,0,0,0,0,0,4.01041010447911,0,0,0,0,0,0,0,0,0,0,0,0,0,0,0,0,0,0,0,0,0,0,0,0,0,0,0,0,0,3.19735990329222,0,3.39753182434741,0,0,0,3.48443870842457,0,3.07071589488609,0,0,0,0,4.16200942993164,0,0,0,0,0,0,0,0,0,0,0,0,0,0,0,0,0,0,3.12294292449951,0,0,0,0
0,0,0,0,0,0,0,0,0,0,0,2.98693758249283,0,2.74427318572998,0,0,0,0,0,0,0,0,0,0,0,0,0,0,0,0,0,0,0,0,0,0,0,0,0,0,0,0,0,0,0,0,0,0,0,0,0,0,0,3.96459536138735,0,0,0,3.07692773342133,0,3.24090468883514,0,0,0,0,0,0,0,0,0,0,0,0,0,0,0,0,0,0,0,0,0,0,3.47192811505971,3.88440707342965,0,0,0
4.69496111263663,0,7.94104782740275,0,3.03929213434458,0,0,0,0,38.1282132466634,0,0,0,0,10.5408235788345,0,14.758354372202,35.6900796890259,13.908011496722,0,0,0,33.0529441833496,0,3.08666984171703,0,19.3770496845245,0,0,0,0,0,0,45.2306022644043,0,0,0,0,5.423630966459,57.704761505127,62.9597177505493,0,24.236335337162,0,0,0,0,27.8912149005466,3.52898197020254,45.9062004089355,2.86615193807162,0,0,0,3.33925943949035,0,0,0,0,0,3.48661013444265,0,0,58.8906898498535,0,0,0,17.3706111907959,51.4906959533691,20.4924039840698,0,0,0,51.1037750244141,0,0,0,0,64.3645858764648,62.729455947876,0,8.72518425822258,7.97552830732169,5.59645047783852,6.08859999126595,0,0
0,4.42169753364895,0,7.10477560758591,0,0,0,0,38.1282132466634,0,0,0,0,0,51.1032085418701,3.87280070027219,35.6587929195828,12.9846407184862,19.3870000309414,0,0,0,0,4.68145963197113,45.4839477539062,17.1727842092514,37.1450805664062,0,0,0,0,0,0,0,0,0,0,6.14329601432148,0,55.8676414489746,77.7861328125,22.7138705578717,0,0,0,95.1772537231445,0,0,0,5.14744158585866,0,0,0,0,0,4.32695135895142,0,0,0,0,0,3.76844099909067,0,0,0,0,6.25468275282118,0,18.331844329834,0,0,0,0,0,0,0,0,0,59.1945157732282,70.8821773529053,10.4981545156507,63.8360443115234,7.15163712966733,8.06059730489079,9.34059476030284,0,0
0,0,0,0,28.0137386322021,0,3.43772888183594,0,0,0,0,0,3.10240184027573,0,0,0,0,0,35.0400581359863,0,4.6574014370782,0,0,0,0,0,0,0,3.10295670373099,0,4.5109446644783,0,0,0,0,0,3.99787529513367,0,4.04407027403322,46.8253936767578,0,53.4807929992676,49.5468530654907,0,0,64.3320770263672,13.2603957017263,47.7291393280029,37.4628715515137,37.6448249816895,0,0,3.97182255813054,0,0,0,4.21811526015968,0,3.63818110421646,0,0,0,0,9.30895358882844,0,0,0,0,0,0,0,0,0,5.02556206606611,0,0,0,0,0,31.7822039723396,0,7.42430984960735,4.13369661474985,0,13.2826699293577,0,0
0,0,0,0,0,19.8023166656494,0,2.98693758249283,0,0,0,0,0,3.7739100016488,0,0,108.098289489746,66.3805211385091,44.5700035095215,4.3871741761269,0,0,0,0,0,0,0,3.0757216425503,0,3.8191063891175,0,0,0,0,0,3.78561543968489,0,4.20424648561277,0,39.5445130088113,38.3917274475098,61.6075078524076,0,30.1169261932373,0,20.188280777853,52.9391098022461,47.1678092262962,43.7796592712402,41.5904107705141,0,0,0,3.44234213343373,0,0,0,4.08097751495986,0,0,0,0,7.83172335475683,0,0,0,0,0,0,0,0,0,5.55575391892611,0,0,0,0,0,9.11825445175171,79.3974761962891,6.72900976135853,79.9577865600586,3.54543258054503,2.95813882918585,24.7729817077295,0,0
0,0,0,0,0,0,2.95768070220947,0,0,0,3.10240184027573,0,0,0,2.9683832526207,0,0,0,0,0,0,0,0,0,0,0,0,0,0,0,0,0,0,0,0,0,0,0,0,0,0,0,0,0,0,0,0,0,0,0,0,0,4.20138748068559,0,0,0,3.46803274071007,0,3.46767344173996,0,3.51531613956798,0,0,0,0,0,0,0,0,2.95114088058472,0,4.26863776553761,0,0,0,0,0,0,0,0,0,0,5.50756072998047,0,0,0,0
0,0,0,0,0,0,0,2.74427318572998,0,0,0,3.7739100016488,0,0,0,2.98171104490757,0,0,0,0,0,0,0,0,0,0,0,2.87204392751058,0,0,0,0,0,0,0,0,0,0,0,0,0,0,0,0,0,0,0,0,0,0,0,0,0,0,0,0,0,4.0197886244456,0,3.06617201345363,0,2.87379994392395,0,0,0,0,0,0,0,0,2.9444432258606,0,0,0,0,0,0,0,0,0,0,0,3.21833086919181,0,0,0,0
0,0,0,0,0,0,0,0,10.5408235788345,51.1032085418701,0,0,2.9683832526207,0,0,0,15.2353128881611,35.9260653569148,26.4568270842234,0,0,0,23.7762470245361,0,0,0,5.17377927303314,0,0,0,0,0,0,0,0,0,0,0,0,0,0,0,0,0,0,0,0,0,2.88231637742784,0,0,0,0,0,0,0,0,0,2.93280482292175,0,3.01134079487628,0,0,0,0,0,0,0,0,9.54273748397827,0,0,0,0,0,0,0,0,95.6695556640625,0,0,99.8625793457031,13.0475066625155,0,54.1108322143555,0,0
0,0,0,0,0,0,0,0,0,3.87280070027219,0,0,0,2.98171104490757,0,0,40.6163277626038,9.66121409587284,0,0,0,0,0,4.38238102859921,0,8.98360891569228,0,0,0,0,0,0,0,0,0,0,0,0,0,0,0,0,0,0,0,0,0,0,0,3.804438829422,0,0,0,0,0,0,0,0,0,3.72676594257355,0,3.19004586935043,0,0,0,0,14.9465832710266,0,12.2837716208564,0,0,0,0,0,0,0,0,0,0,0,0,0,6.24941736773441,2.81698411161249,0,0,0
0,0,69.937427520752,81.4929084777832,101.106834411621,86.8343505859375,0,0,14.758354372202,35.6587929195828,0,108.098289489746,0,0,15.2353128881611,40.6163277626038,0,21.1106137924347,22.1932093831471,0,0,0,6.39365737216522,35.0953341397372,10.8044328776273,35.6489454905192,9.25774742723046,0,0,0,0,0,0,0,0,0,0,75.0748672485352,0,73.5078505674998,65.024172536258,73.3743780537656,59.4670596122742,43.0262069702148,42.3743209838867,77.1514512924921,59.4047840663365,82.6758861541748,76.1563127691095,83.408816019694,0,0,0,0,16.0913107395172,0,58.3103561401367,95.7207717895508,0,0,15.2247090053558,52.8667793273926,77.3154635959201,65.4562462700738,0,3.85801833554318,31.5179292184335,11.8429611289261,34.5671943937029,13.8421702783304,0,0,80.0660052829319,73.0252890586853,0,0,0,0,84.8095141934677,71.4650458929674,82.2429010663714,69.8864739696432,17.250154813333,9.91413416715769,59.151421532755,56.3683340890067,49.1015345255534
0,0,0,57.297119140625,0,101.921240997314,0,0,35.6900796890259,12.9846407184862,0,66.3805211385091,0,0,35.9260653569148,9.66121409587284,21.1106137924347,0,18.7731371164647,59.183032989502,0,3.13945359753487,28.1227350616455,11.271754781152,32.6860463884142,7.26325077763345,33.2118506309314,4.82439363002777,0,0,0,0,0,0,0,89.9489898681641,0,64.2443313598633,0,63.2617657213326,66.1440694191877,60.7642537702267,66.3651280807237,40.9954147338867,42.8923568725586,63.3515808936393,62.3625842503139,73.603173828125,97.7115914481027,67.8514735573217,0,0,0,0,49.6427192687988,7.98488235473633,87.6183471679688,73.9336304297814,0,0,30.9753761291504,16.193347381991,73.140714263916,82.9973243713379,2.99164658784866,0,14.4704445200606,31.5253850496732,7.31116852469561,35.186547088623,0,0,69.887078896547,70.7746370103624,0,0,0,0,70.3885247306884,68.3807133461932,69.0170412758328,75.9375960121692,15.1234792743944,6.17695771747485,57.1256690609689,55.5533347882723,60.4159698486328
0,0,0,53.0746383666992,0,74.4018325805664,0,0,13.908011496722,19.3870000309414,35.0400581359863,44.5700035095215,0,0,26.4568270842234,0,22.1932093831471,18.7731371164647,0,46.1430543263753,36.3462734222412,0,40.2473239898682,30.931457678477,37.7425985336304,35.1572535832723,27.2958257848566,0,0,0,0,0,0,0,0,52.0494384765625,0,30.8896369934082,41.1177787780762,42.9208479213144,38.8822628065204,42.2290356732034,38.4598418169243,16.9630819530022,32.2245935201645,25.1834950027578,41.0428509712219,47.2148686284604,56.9725352923075,46.5111484527588,0,0,0,0,10.72580909729,0,43.9251695112749,47.6144100715374,0,0,0,0,48.0098523931988,43.9603208254461,0,0,35.8048274517059,23.466637134552,0,33.0377433300018,0,0,47.083571888576,41.0414313059005,0,0,0,0,48.206222257607,44.2747134994223,46.8218782591127,45.9511344693996,15.8351980437374,18.9448674248486,23.2848430787091,36.0465628079006,32.0037020336498
0,0,0,0,0,4.14274920502754,0,0,0,0,0,4.3871741761269,0,0,0,0,0,59.183032989502,46.1430543263753,0,0,0,0,0,0,0,0,0,0,4.82241439819336,0,0,0,0,0,4.24529948234558,0,6.46715929057147,0,34.7632358551025,94.9255981445312,42.2670313517253,56.5082206726074,0,0,18.6236378881666,46.5957489013672,52.8401832580566,0,42.3985549381801,0,0,0,0,0,0,0,5.30919369968636,0,0,0,0,6.0313549355816,0,0,0,0,0,0,0,0,0,8.12184129263225,0,0,0,0,0,7.98816987713413,0,12.5020343972676,74.8227005004883,5.12575149204996,0,21.428159236908,13.654821395874,0
0,0,25.2339096069336,0,3.94465860814759,0,4.01041010447911,0,0,0,4.6574014370782,0,0,0,0,0,0,0,36.3462734222412,0,0,0,0,0,0,0,0,0,0,0,0,0,0,0,0,0,3.96319500918731,0,3.64416476127205,47.8486022949219,40.26374168396,0,31.6998216629028,0,0,54.5125589370728,12.7528892358144,52.5794086456299,46.9360326131185,0,0,0,0,0,0,0,4.02866696489268,81.6204071044922,0,0,0,0,59.3262405395508,5.23247507535494,0,0,0,0,0,0,0,0,0,7.07042109966278,0,0,0,0,88.4311676025391,7.10149893579913,70.8640314737956,9.81498329907565,4.78846976553552,67.1375198364258,11.4304921658008,0,12.4741072654724
0,0,0,0,0,0,0,0,0,0,0,0,0,0,0,0,0,3.13945359753487,0,0,0,0,4.78252541740482,6.17114631412099,0,3.89746333046963,0,3.68588614463806,0,0,0,0,0,0,0,0,0,5.55090004707217,3.7444908331472,0,0,27.779016494751,0,0,0,0,0,31.4840574264526,0,8.02942437339544,0,0,0,0,0,0,0,0,0,0,0,0,0,0,4.38321219490684,5.56103717839276,10.0370791338186,0,3.67128518929922,0,4.20139583464592,0,0,0,0,0,0,0,0,0,5.21526573641452,3.20991312132941,3.95786942283931,4.69471530384488,16.3872275445976,0,0
0,0,0,0,0,0,0,0,33.0529441833496,0,0,0,0,0,23.7762470245361,0,6.39365737216522,28.1227350616455,40.2473239898682,0,0,4.78252541740482,0,0,9.61851856242055,0,3.97078439503005,0,2.87893376747767,0,0,0,0,0,22.4847660064697,0,0,0,6.3705430872142,0,0,0,0,0,0,0,0,30.1269888877869,8.31538372491238,0,0,0,0,0,0,0,0,0,0,0,25.7127742767334,0,0,0,6.1989905288796,4.46168585939594,0,6.26805539564653,0,4.77869141101837,0,3.15793967247009,0,0,0,0,0,0,101.319229125977,0,45.7743835449219,7.21463895710402,5.27811549177439,3.024492649424,12.7962141036987,0,0
0,3.12836076957839,0,0,0,0,0,0,0,4.68145963197113,0,0,0,0,0,4.38238102859921,35.0953341397372,11.271754781152,30.931457678477,0,0,6.17114631412099,0,0,0,4.96422463378241,0,0,0,0,0,0,0,0,0,0,0,6.39737131334992,0,0,0,20.8909962972005,0,0,0,0,0,0,0,8.15440703183413,0,0,0,0,0,3.18104804384297,0,0,0,0,0,0,0,0,6.30673531691233,0,4.27717044504104,0,4.58256788750249,0,0,0,0,0,0,0,0,0,0,0,6.24859232762281,69.1220397949219,4.88250837136578,0,6.9675433963396,0,0
3.05851248900096,0,0,0,0,0,0,0,3.08666984171703,45.4839477539062,0,0,0,0,0,0,10.8044328776273,32.6860463884142,37.7425985336304,0,0,0,9.61851856242055,0,0,0,3.35323587059975,0,0,0,0,0,0,0,0,0,0,0,7.77611770586665,0,0,0,0,0,0,0,0,0,6.84068677822749,0,0,0,0,0,3.13562830070873,0,0,0,0,0,0,0,0,0,0,12.2976883991744,0,4.94699463364567,0,6.80511661370595,0,0,0,0,0,0,0,0,0,0,0,6.46038565268883,4.4555808377746,0,5.79052034924539,0,0
0,0,0,0,0,0,0,0,0,17.1727842092514,0,0,0,0,0,8.98360891569228,35.6489454905192,7.26325077763345,35.1572535832723,0,0,3.89746333046963,0,4.96422463378241,0,0,0,3.93423345267579,0,0,0,0,0,0,0,0,0,0,0,0,0,0,0,0,0,0,0,0,0,0,0,0,0,0,0,0,0,0,0,0,0,8.50356101989746,0,0,4.83052556942671,0,5.6802348710121,0,4.12582955402987,0,3.7497588709781,0,0,0,0,0,0,0,0,110.226791381836,0,0,10.4109201112264,0,4.48907077312469,0,0
0,0,0,0,0,0,0,0,19.3770496845245,37.1450805664062,0,0,0,0,5.17377927303314,0,9.25774742723046,33.2118506309314,27.2958257848566,0,0,0,3.97078439503005,0,3.35323587059975,0,0,0,3.16278516292572,0,0,0,0,0,0,0,0,0,0,0,0,0,0,0,37.1017150878906,0,0,0,0,0,0,0,0,0,0,0,0,0,3.02622758573101,0,3.47437991165533,0,0,0,0,4.04148174479683,0,3.59677056935582,0,3.35457621833025,0,3.44976365293255,0,0,0,0,0,0,0,0,0,0,8.44641073226929,0,65.3018646240234,0,0
0,0,0,0,0,0,0,0,0,0,0,3.0757216425503,0,2.87204392751058,0,0,0,4.82439363002777,0,0,0,3.68588614463806,0,0,0,3.93423345267579,0,0,0,4.29386447343993,0,0,0,0,0,0,0,3.44720052298727,0,0,0,0,0,0,0,0,0,0,0,0,0,0,0,0,0,0,0,4.31621670722961,0,3.07314662422453,0,0,0,0,2.9540578504888,0,0,0,2.84922134876251,0,4.1510411074206,0,5.45180046883075,0,0,0,0,0,0,0,4.832285915933,0,3.38607169143201,2.99836683273315,0,0,0
0,0,0,0,0,0,0,0,0,0,3.10295670373099,0,0,0,0,0,0,0,0,0,0,0,2.87893376747767,0,0,0,3.16278516292572,0,0,0,3.30035645715122,0,0,0,0,0,0,0,2.85998435020447,0,0,0,0,0,0,0,0,0,0,0,0,0,0,0,0,0,3.67582353678617,0,3.60793333583408,0,3.75273630023003,0,0,0,0,2.94958763122559,0,0,0,3.62850752193481,0,4.00931417896977,0,3.48274763897892,0,0,0,0,0,0,0,2.87843042612076,0,0,0,0,0
0,0,0,0,0,0,0,0,0,0,0,3.8191063891175,0,0,0,0,0,0,0,4.82241439819336,0,0,0,0,0,0,0,4.29386447343993,0,0,0,0,0,0,0,0,0,3.81646133004949,0,0,0,37.9927444458008,0,0,0,0,0,0,0,0,0,0,0,0,0,0,0,5.71341881968758,0,0,0,0,10.0764710108439,0,0,0,0,0,0,0,4.11443962369646,0,4.53382547896716,0,0,0,0,0,0,0,4.69038161707844,0,3.15649563645663,2.98182876293476,0,0,0
0,0,0,0,0,0,0,0,0,0,4.5109446644783,0,0,0,0,0,0,0,0,0,0,0,0,0,0,0,0,0,3.30035645715122,0,0,0,0,0,0,0,0,0,3.9078159155669,0,0,0,0,0,0,0,0,0,0,0,0,0,0,0,0,0,3.30826962649167,0,0,0,0,0,0,0,0,0,0,0,0,0,0,0,0,3.21660114041663,0,0,0,0,0,0,0,4.77856121730804,3.24275430838267,0,0,0,0
0,0,0,0,0,0,0,0,0,0,0,0,0,0,0,0,0,0,0,0,0,0,0,0,0,0,0,0,0,0,0,0,4.85787959819334,4.18587873755275,5.41674654107345,3.97282896164633,5.57017643900885,0,0,0,0,0,0,0,0,0,0,7.34033840596676,16.2356967926025,0,0,0,0,0,0,0,0,0,0,0,0,0,0,0,0,0,0,0,0,0,0,0,0,0,5.11997418612944,7.80970756360042,17.6685467000101,8.55440895898002,6.55560810590277,12.9832778141416,0,0,3.31625459818025,0,56.5733947753906,0,0
0,0,0,0,0,0,0,0,0,0,0,0,0,0,0,0,0,0,0,0,0,0,0,0,0,0,0,0,0,0,0,4.85787959819334,0,4.00289168953896,7.04509046944705,6.36788513263067,3.62526517142268,0,0,0,0,0,0,0,0,0,0,4.92195693914246,12.6149344444275,11.5451838970184,0,0,0,0,0,0,0,0,0,0,0,0,0,0,0,0,0,0,0,0,0,0,0,0,6.25729904260464,5.16683455978983,44.0374031066895,7.73706487919155,9.1087461616976,5.51907202450072,0,18.0473346710205,3.5242595738107,0,0,0,0
0,0,0,0,0,0,0,0,45.2306022644043,0,0,0,0,0,0,0,0,0,0,0,0,0,0,0,0,0,0,0,0,0,0,4.18587873755275,4.00289168953896,0,4.16110249565276,3.75508976735567,5.56302028042929,4.36297834529651,5.22817475455148,27.0677165985107,0,19.5250997543335,25.953774134318,0,0,36.0225257873535,0,6.42350553900656,25.0980219159807,11.2151788596449,0,0,0,0,0,0,0,0,0,0,0,0,0,0,0,0,0,0,0,0,0,0,0,0,16.8078980305616,0,4.24077000891017,5.92862292316,6.17932129702875,4.51398110389709,4.44352064611149,19.9830659866333,3.31931517086698,3.21082677339253,29.917950630188,0,0
0,0,0,0,0,0,0,0,0,0,0,0,0,0,0,0,0,0,0,0,0,0,22.4847660064697,0,0,0,0,0,0,0,0,5.41674654107345,7.04509046944705,4.16110249565276,0,5.68612146377563,4.63407277773084,16.5846866607666,5.04859243688129,0,0,21.6614854812622,22.3891580263774,0,0,0,46.7508926391602,6.38581637745491,11.8254621154384,20.8477720419566,0,0,0,0,0,0,0,0,0,0,0,0,0,52.5205574035645,0,0,0,0,0,0,0,0,0,67.2598724365234,5.67160046485163,24.272041173776,5.28415619900711,5.53252882194563,27.3073616027832,5.43568551396054,11.5513823372977,5.13655786817605,4.01837916217352,3.28613147493136,30.1936411857605,0,0
0,0,0,0,0,23.5903626803694,0,0,0,0,0,3.78561543968489,0,0,0,0,0,89.9489898681641,52.0494384765625,4.24529948234558,0,0,0,0,0,0,0,0,0,0,0,3.97282896164633,6.36788513263067,3.75508976735567,5.68612146377563,0,3.94475303824506,6.8977051403575,4.79746467416937,16.052151298523,0,63.4780019124349,0,0,0,21.6880244083619,0,6.55038099939173,6.6407672207931,9.7672705230473,0,0,0,0,0,0,0,4.10812962055206,0,0,0,0,7.77271871620652,0,0,0,0,0,0,0,0,0,0,0,4.41840867595426,0,0,0,4.86387058067854,4.76232724915528,8.60979129298259,0,4.74425262775061,4.63072133806774,11.2350514616285,0,0
0,0,0,0,30.1830446455214,0,0,0,0,0,3.99787529513367,0,0,0,0,0,0,0,0,0,3.96319500918731,0,0,0,0,0,0,0,0,0,0,5.57017643900885,3.62526517142268,5.56302028042929,4.63407277773084,3.94475303824506,0,7.58739224233125,6.63396057462128,0,19.8767337799072,0,29.3248023986816,0,0,0,20.2076086255174,6.80277222953737,10.0079548218671,8.60986693281876,0,0,0,0,0,0,15.5479113578796,0,0,0,0,0,0,8.33234525985844,0,0,0,0,0,0,0,0,0,0,6.16340425279405,4.81815014475135,6.10961818695068,4.90018407036276,4.87973604690371,4.92500272098582,0,7.22147939226203,4.89001882090944,4.3536229312171,23.4740519394746,0,0
0,0,0,0,0,0,0,0,0,6.14329601432148,0,4.20424648561277,0,0,0,0,75.0748672485352,64.2443313598633,30.8896369934082,6.46715929057147,0,5.55090004707217,0,6.39737131334992,0,0,0,3.44720052298727,0,3.81646133004949,0,0,0,4.36297834529651,16.5846866607666,6.8977051403575,7.58739224233125,0,4.64757280917073,84.744478225708,0,7.44480630755424,36.2249727249146,0,0,27.5141477584839,0,10.123631528537,29.7944142659505,5.94606379334645,0,0,0,0,0,7.21332633642503,0,6.80082288936332,0,0,0,0,7.46056366937105,67.7545928955078,5.26848116792551,13.5687590122223,11.7201349674127,0,0,0,4.35934378271518,0,3.6221887588501,69.9474487304688,34.8516410827637,0,6.57510248093421,25.3863372802734,6.88363496930443,41.1104316711426,4.49469844214642,6.1985970374785,4.60388375137501,3.77420121634518,6.91655253066802,11.7392950057983,0
25.7781228152188,0,0,0,0,0,0,0,5.423630966459,0,4.04407027403322,0,0,0,0,0,0,0,41.1177787780762,0,3.64416476127205,3.7444908331472,6.3705430872142,0,7.77611770586665,0,0,0,2.85998435020447,0,3.9078159155669,0,0,5.22817475455148,5.04859243688129,4.79746467416937,6.63396057462128,4.64757280917073,0,0,83.3927230834961,21.8883860111237,10.4165514516993,0,0,0,22.5784902572632,9.47198295945496,5.69274913313243,28.9655315645279,0,0,0,0,6.50676190853119,0,8.51276166188089,0,0,0,0,0,0,9.8721239566803,4.74617145679615,7.68411731871508,0,9.0322444912983,0,0,0,0,0,3.7066348177014,0,49.6532936096191,36.1458110809326,4.93133558452639,0,9.24810390615144,4.79163485918766,5.06141322298968,6.0072496110373,5.12037464515702,10.3583380056296,40.3190479278564,14.5748994350433
0,0,40.8527069091797,40.6190732002258,42.4173287285699,37.2786421524851,0,0,57.704761505127,55.8676414489746,46.8253936767578,39.5445130088113,0,0,0,0,73.5078505674998,63.2617657213326,42.9208479213144,34.7632358551025,47.8486022949219,0,0,0,0,0,0,0,0,0,0,0,0,27.0677165985107,0,16.052151298523,0,84.744478225708,0,0,48.2524168307965,21.8997199717287,75.5872635474572,22.5828547477722,52.0184211730957,24.788073303825,32.2330096358553,14.2436280291834,17.0853390838161,13.9639332468239,0,37.123462677002,0,0,0,0,61.2065544128418,51.4762587547302,0,0,0,0,10.9511068099673,42.9358204432896,0,0,0,0,0,0,0,0,50.0761552759119,81.6334166093306,0,0,0,0,11.1705627941527,75.2045321898027,48.8975594127095,76.6067692565918,48.9042505436256,58.8019065856934,21.8126459755826,44.5676041126251,77.3913116455078
0,0,50.7416248321533,0,41.1399410866402,50.9654769897461,0,0,62.9597177505493,77.7861328125,0,38.3917274475098,0,0,0,0,65.024172536258,66.1440694191877,38.8822628065204,94.9255981445312,40.26374168396,0,0,0,0,0,0,0,0,0,0,0,0,0,0,0,19.8767337799072,0,83.3927230834961,48.2524168307965,0,67.1844517557245,19.4677106328893,0,37.3920742034912,43.407512151278,20.7237776201733,24.160244313682,15.836210147052,37.8279307683309,41.1199150085449,0,0,0,0,0,46.5945427634499,56.342134475708,0,0,0,0,62.0370292663574,8.66428354030306,0,0,0,0,0,59.2174263000488,0,0,93.6569862365723,48.365454422103,0,0,0,31.2866077423096,77.9097434149848,11.4165381779913,83.6325225830078,56.7642174395393,41.2839168900993,87.7845458984375,21.7500519963822,63.5676193237305,37.2437011003494
0,27.7882168292999,0,33.9482714502435,73.3111267089844,46.4038455654876,0,0,0,22.7138705578717,53.4807929992676,61.6075078524076,0,0,0,0,73.3743780537656,60.7642537702267,42.2290356732034,42.2670313517253,0,27.779016494751,0,20.8909962972005,0,0,0,0,0,37.9927444458008,0,0,0,19.5250997543335,21.6614854812622,63.4780019124349,0,7.44480630755424,21.8883860111237,21.8997199717287,67.1844517557245,0,17.9530805322437,27.5328308741252,0,31.6850699795028,59.0282669067383,16.9205500730654,33.8652012825012,16.1485193599701,0,42.1664398193359,0,0,0,0,59.2595701217651,25.8663172434408,0,0,0,0,20.7585621194663,56.0279330085306,22.4988317489624,0,30.9404128392537,63.6200065612793,0,0,0,0,29.7749338472523,61.47185643514,0,0,17.8392421473628,24.4032653808594,28.7068604590834,64.6716702368952,38.0588047662879,63.3913310211484,26.8884716554671,27.3248850780985,18.5389674949048,14.483703076504,28.1173820495605
21.9757378237588,0,27.5797786910299,0,39.3111715072241,143.899673461914,0,0,24.236335337162,0,49.5468530654907,0,0,0,0,0,59.4670596122742,66.3651280807237,38.4598418169243,56.5082206726074,31.6998216629028,0,0,0,0,0,0,0,0,0,0,0,0,25.953774134318,22.3891580263774,0,29.3248023986816,36.2249727249146,10.4165514516993,75.5872635474572,19.4677106328893,17.9530805322437,0,0,29.4931713342667,61.5940245219639,24.7095645997908,19.3463085442967,23.9167447067258,42.2472494526913,35.8350564638774,0,0,0,0,0,22.2497510077005,63.2140013376872,0,0,0,0,56.5842428207397,18.1672203666027,0,0,0,0,0,0,0,0,71.3975095748901,22.8854962414057,0,0,32.0958506266276,39.0706213804392,74.2808878281537,27.5031192519804,63.6875799496969,34.7138045548336,18.8645005491519,57.7716541290283,16.0335756065738,39.3299236297607,10.0839267895236
0,0,0,0,0,27.5388164520264,0,0,0,0,0,30.1169261932373,0,0,0,0,43.0262069702148,40.9954147338867,16.9630819530022,0,0,0,0,0,0,0,0,0,0,0,0,0,0,0,0,0,0,0,0,22.5828547477722,0,27.5328308741252,0,0,0,21.7164721886317,0,0,0,0,0,0,0,0,0,0,0,27.2415609359741,0,0,0,0,20.5254465738932,0,0,0,0,0,0,0,0,0,23.0612013680594,54.9475555419922,0,0,0,0,46.0003213148851,47.463996887207,31.7978038787842,43.997184753418,21.6289088487625,0,14.8400963147481,34.318302154541,0
0,0,0,0,0,0,0,0,0,0,0,0,0,0,0,0,42.3743209838867,42.8923568725586,32.2245935201645,0,0,0,0,0,0,0,37.1017150878906,0,0,0,0,0,0,0,0,0,0,0,0,52.0184211730957,37.3920742034912,0,29.4931713342667,0,0,0,21.9987907409668,0,41.2255802154541,0,0,0,0,0,0,0,32.5932102203369,0,0,0,0,0,0,39.1877374649048,0,0,0,0,0,0,0,0,0,39.9419835408529,0,0,0,0,0,43.5677710313063,0,46.162443584866,26.9356877122607,0,17.2149800282938,0,0
0,0,0,17.3337526979118,47.8298212687174,16.5920503253028,0,0,0,95.1772537231445,64.3320770263672,20.188280777853,0,0,0,0,77.1514512924921,63.3515808936393,25.1834950027578,18.6236378881666,54.5125589370728,0,0,0,0,0,0,0,0,0,0,0,0,36.0225257873535,0,21.6880244083619,0,27.5141477584839,0,24.788073303825,43.407512151278,31.6850699795028,61.5940245219639,21.7164721886317,0,0,40.077264705551,32.3436606993158,23.7268192818824,27.9000302142784,43.849739074707,25.041708946228,0,0,0,0,59.7863426208496,32.1737342231414,0,0,0,0,10.0104720006798,47.8880378723145,0,0,0,0,0,66.3834838867188,0,0,31.6791024584861,76.609435741718,0,0,0,0,21.2533789256657,66.6172537122454,33.4313397530874,71.1047470338883,44.8351592293973,48.6653060913086,18.0585243285727,20.1413883943667,63.9566917419434
0,0,20.0688663482666,54.2417335510254,17.3576765314738,51.9900936550564,0,0,0,0,13.2603957017263,52.9391098022461,0,0,0,0,59.4047840663365,62.3625842503139,41.0428509712219,46.5957489013672,12.7528892358144,0,0,0,0,0,0,0,0,0,0,0,0,0,46.7508926391602,0,20.2076086255174,0,22.5784902572632,32.2330096358553,20.7237776201733,59.0282669067383,24.7095645997908,0,21.9987907409668,40.077264705551,0,37.7764459005216,27.6969505532762,27.5769546664491,15.0530061721802,0,0,0,0,0,18.585066544659,0,16.2184658050537,0,0,0,41.1838848407452,7.2072038325663,0,0,0,0,0,0,0,0,61.322395324707,26.1568157937792,0,0,0,39.4135627746582,78.3947982788086,18.6153295076534,75.195186191135,27.6213582110888,26.2408425026927,0,17.8828831522964,0,17.4104809538226
47.9135131835938,0,49.5773086547852,46.4901041303362,50.0814854117001,45.7143316557913,0,0,27.8912149005466,0,47.7291393280029,47.1678092262962,0,0,0,0,82.6758861541748,73.603173828125,47.2148686284604,52.8401832580566,52.5794086456299,31.4840574264526,30.1269888877869,0,0,0,0,0,0,0,0,7.34033840596676,4.92195693914246,6.42350553900656,6.38581637745491,6.55038099939173,6.80277222953737,10.123631528537,9.47198295945496,14.2436280291834,24.160244313682,16.9205500730654,19.3463085442967,0,0,32.3436606993158,37.7764459005216,0,9.96051536952799,8.93233976277911,46.519100189209,52.6140556335449,0,0,0,0,57.7498386383057,49.9052040100098,0,0,0,0,44.1554912839617,42.1221947140164,34.8647232055664,28.6968951225281,31.5580501556396,0,0,0,0,0,60.2648153305054,61.9895694732666,10.4023782679954,7.63036244983709,8.33773298115626,8.93007839088769,14.381895650486,16.1656466284106,11.5058778011078,14.5035957815862,13.9884340148588,3.96286286626543,19.8186530333985,51.3199214935303,28.2253223373776
6.39175343186888,0,17.0298501707844,0,42.8559651562548,35.4093765258789,0,0,3.52898197020254,0,37.4628715515137,43.7796592712402,0,0,2.88231637742784,0,76.1563127691095,97.7115914481027,56.9725352923075,0,46.9360326131185,0,8.31538372491238,0,6.84068677822749,0,0,0,0,0,0,16.2356967926025,12.6149344444275,25.0980219159807,11.8254621154384,6.6407672207931,10.0079548218671,29.7944142659505,5.69274913313243,17.0853390838161,15.836210147052,33.8652012825012,23.9167447067258,0,41.2255802154541,23.7268192818824,27.6969505532762,9.96051536952799,0,9.09685857762071,38.0874471664429,0,0,0,5.79818696753923,0,10.5175249608679,44.0881779988607,0,0,3.0819187597795,0,29.9579992294312,31.6519038287076,43.027400970459,10.15583470598,0,7.66443125591722,0,3.69487061299069,0,4.33251557350159,0,28.054206933294,0,0,31.0529165267944,15.5355341335138,18.0554393216183,18.9936422975183,38.2494758605957,13.8882509670675,26.1102639647325,18.4193646113078,17.6359300467559,37.5537300109863,42.009926642141
0,4.33022179505596,38.1972217559814,37.3941393265357,39.7167301177979,42.5219018642719,0,0,45.9062004089355,5.14744158585866,37.6448249816895,41.5904107705141,0,0,0,3.804438829422,83.408816019694,67.8514735573217,46.5111484527588,42.3985549381801,0,8.02942437339544,0,8.15440703183413,0,0,0,0,0,0,0,0,11.5451838970184,11.2151788596449,20.8477720419566,9.7672705230473,8.60986693281876,5.94606379334645,28.9655315645279,13.9639332468239,37.8279307683309,16.1485193599701,42.2472494526913,0,0,27.9000302142784,27.5769546664491,8.93233976277911,9.09685857762071,0,41.7942914962769,46.0472838083903,0,0,0,6.25348883325403,40.1313018798828,32.0315677667818,0,0,0,2.99986162781715,35.8382429276934,31.0963943188007,6.23656928794629,0,8.48356545444102,0,6.2545274846694,0,5.25442249434335,0,53.2916947652896,49.7344131469727,40.7717590332031,23.5916619300842,19.6444664001465,22.3779033203125,15.2738106223861,16.909175593898,9.12712964394867,33.0574320687188,18.9800364694928,15.8640294075012,17.1384365843354,40.3724829355876,41.4683624267578
0,0,0,0,2.96927086966378,0,3.19735990329222,0,2.86615193807162,0,0,0,0,0,0,0,0,0,0,0,0,0,0,0,0,0,0,0,0,0,0,0,0,0,0,0,0,0,0,0,41.1199150085449,0,35.8350564638774,0,0,43.849739074707,15.0530061721802,46.519100189209,38.0874471664429,41.7942914962769,0,0,2.94962081083885,0,2.85954812594822,0,30.9860677719116,0,3.21668738126755,0,0,0,0,0,0,0,0,0,0,0,0,0,0,35.7618179321289,0,0,0,0,0,38.4764099121094,0,39.023289680481,14.8804588317871,0,14.4574319032522,0,26.3902273178101
0,0,0,6.95166222254435,0,3.12519510208614,0,0,0,0,0,0,0,0,0,0,0,0,0,0,0,0,0,0,0,0,0,0,0,0,0,0,0,0,0,0,0,0,0,37.123462677002,0,42.1664398193359,0,0,0,25.041708946228,0,52.6140556335449,0,46.0472838083903,0,0,0,0,0,2.85208630561829,0,23.058133204778,0,3.55841145022162,0,3.43539316313607,54.0821123123169,0,0,0,0,0,0,0,0,0,37.394297281901,0,0,0,0,0,76.6241836547852,0,56.0018348693848,0,0,0,9.29101900721705,0,0
0,0,0,0,2.75007677078247,0,3.39753182434741,0,0,0,3.97182255813054,0,4.20138748068559,0,0,0,0,0,0,0,0,0,0,0,0,0,0,0,0,0,0,0,0,0,0,0,0,0,0,0,0,0,0,0,0,0,0,0,0,0,2.94962081083885,0,0,0,0,0,3.8065637514509,0,3.75876360673171,0,0,0,0,0,0,0,0,0,0,0,0,0,0,0,0,0,0,0,0,0,0,0,3.19353321620396,0,0,0,0
0,0,0,0,0,2.83804988861084,0,3.96459536138735,0,0,0,3.44234213343373,0,0,0,0,0,0,0,0,0,0,0,0,0,0,0,0,0,0,0,0,0,0,0,0,0,0,0,0,0,0,0,0,0,0,0,0,0,0,0,0,0,0,0,0,0,2.98252088824908,0,2.96191873550415,0,0,0,0,0,0,0,0,0,0,0,0,0,0,0,0,0,0,0,0,0,0,3.52218278458244,3.5959095954895,0,0,0
4.95205528883807,0,5.34577465057373,0,2.84636771678925,0,0,0,3.33925943949035,0,0,0,0,0,0,0,16.0913107395172,49.6427192687988,10.72580909729,0,0,0,0,0,3.13562830070873,0,0,0,0,0,0,0,0,0,0,0,0,0,6.50676190853119,0,0,0,0,0,0,0,0,0,5.79818696753923,0,2.85954812594822,0,0,0,0,0,0,0,0,0,0,0,0,0,0,0,0,0,0,0,0,0,0,0,0,0,0,0,0,0,0,7.02461507372612,9.71762905222304,0,0,0,0
0,4.33470620780156,0,7.85911891399286,0,0,0,0,0,4.32695135895142,0,0,0,0,0,0,0,7.98488235473633,0,0,0,0,0,3.18104804384297,0,0,0,0,0,0,0,0,0,0,0,0,0,7.21332633642503,0,0,0,0,0,0,0,0,0,0,0,6.25348883325403,0,2.85208630561829,0,0,0,0,0,0,0,0,0,6.77445919890153,0,0,0,0,3.96173114776611,0,0,0,0,0,71.0983047485352,0,0,0,0,0,0,0,9.12217210769653,0,5.72376132772324,0,4.71912531476272,0,0
0,0,28.6416702270508,0,33.5965718163384,0,3.48443870842457,0,0,0,4.21811526015968,0,3.46803274071007,0,0,0,58.3103561401367,87.6183471679688,43.9251695112749,0,4.02866696489268,0,0,0,0,0,0,0,3.67582353678617,0,3.30826962649167,0,0,0,0,0,15.5479113578796,0,8.51276166188089,61.2065544128418,46.5945427634499,59.2595701217651,22.2497510077005,0,32.5932102203369,59.7863426208496,18.585066544659,57.7498386383057,10.5175249608679,40.1313018798828,30.9860677719116,0,3.8065637514509,0,0,0,0,0,4.02999976341402,0,0,0,0,6.72245660019194,0,0,0,0,0,0,0,0,70.4817352294922,4.98183596965879,0,0,0,0,77.8579711914062,40.990820830723,89.2478637695312,20.0008354934992,9.51167095539182,0,7.25560093215193,0,16.3743758882795
0,0,0,61.573077917099,0,46.4988087972005,0,3.07692773342133,0,0,0,4.08097751495986,0,4.0197886244456,0,0,95.7207717895508,73.9336304297814,47.6144100715374,5.30919369968636,81.6204071044922,0,0,0,0,0,0,4.31621670722961,0,5.71341881968758,0,0,0,0,0,4.10812962055206,0,6.80082288936332,0,51.4762587547302,56.342134475708,25.8663172434408,63.2140013376872,27.2415609359741,0,32.1737342231414,0,49.9052040100098,44.0881779988607,32.0315677667818,0,23.058133204778,0,2.98252088824908,0,0,0,0,0,5.21541523933411,0,0,8.96749090164483,0,0,0,15.0714490413666,0,8.69505055745443,0,4.91601784356678,0,6.3348904702275,90.6103820800781,0,0,64.8283233642578,0,55.6234238684714,0,25.4821347776613,83.6329825265067,7.66248550349319,28.560570081075,17.3992066391336,31.3068310165405,47.7085094451904
0,0,0,0,3.3647665977478,0,3.07071589488609,0,0,0,3.63818110421646,0,3.46767344173996,0,2.93280482292175,0,0,0,0,0,0,0,0,0,0,0,3.02622758573101,0,3.60793333583408,0,0,0,0,0,0,0,0,0,0,0,0,0,0,0,0,0,16.2184658050537,0,0,0,3.21668738126755,0,3.75876360673171,0,0,0,4.02999976341402,0,0,0,3.49997308424541,0,0,0,0,0,0,0,0,0,0,2.99087302684784,0,0,0,0,0,0,0,0,0,0,2.94886779785156,0,6.2800557462475,0,0
0,0,0,0,0,3.39414572274243,0,3.24090468883514,0,0,0,0,0,3.06617201345363,0,3.72676594257355,0,0,0,0,0,0,0,0,0,0,0,3.07314662422453,0,0,0,0,0,0,0,0,0,0,0,0,0,0,0,0,0,0,0,0,0,0,0,3.55841145022162,0,2.96191873550415,0,0,0,5.21541523933411,0,0,0,3.74472385958621,0,0,0,0,0,0,0,0,2.99251637458801,0,0,0,0,0,0,0,0,0,0,0,3.20557231903076,0,0,0,0
0,0,0,0,0,0,0,0,3.48661013444265,0,0,0,3.51531613956798,0,3.01134079487628,0,15.2247090053558,30.9753761291504,0,0,0,0,25.7127742767334,0,0,0,3.47437991165533,0,3.75273630023003,0,0,0,0,0,0,0,0,0,0,0,0,0,0,0,0,0,0,0,3.0819187597795,0,0,0,0,0,0,0,0,0,3.49997308424541,0,0,0,0,0,0,0,0,0,0,3.14102363586426,0,0,0,0,0,0,0,0,0,0,0,0,7.98991993069649,0,0,0,0
0,4.38006942555056,0,4.05204330791127,0,0,0,0,0,3.76844099909067,0,0,0,2.87379994392395,0,3.19004586935043,52.8667793273926,16.193347381991,0,0,0,0,0,0,0,8.50356101989746,0,0,0,0,0,0,0,0,0,0,0,0,0,0,0,0,0,0,0,0,0,0,0,2.99986162781715,0,3.43539316313607,0,0,0,6.77445919890153,0,0,0,3.74472385958621,0,0,0,0,0,0,0,0,0,0,0,0,0,0,0,0,0,0,0,0,0,0,4.79204831719399,0,4.22619676589966,0,0
0,0,0,30.1659731864929,54.0471038818359,6.69012151600479,0,0,0,0,0,7.83172335475683,0,0,0,0,77.3154635959201,73.140714263916,48.0098523931988,6.0313549355816,59.3262405395508,0,0,0,0,0,0,0,0,10.0764710108439,0,0,0,0,0,7.77271871620652,0,7.46056366937105,0,10.9511068099673,62.0370292663574,20.7585621194663,56.5842428207397,20.5254465738932,0,10.0104720006798,41.1838848407452,44.1554912839617,29.9579992294312,35.8382429276934,0,54.0821123123169,0,0,0,0,0,8.96749090164483,0,0,0,0,0,48.1663379669189,0,0,0,0,0,0,0,0,16.1869642853918,65.5258407592773,0,0,58.0578804016113,0,11.2489103390718,100.562602996826,18.2773773119725,71.3891750682484,9.11870690003624,0,15.6986255769285,21.1523199081421,40.5018272399902
0,0,26.0128968556722,0,7.32421175822669,0,4.16200942993164,0,58.8906898498535,0,9.30895358882844,0,0,0,0,0,65.4562462700738,82.9973243713379,43.9603208254461,0,5.23247507535494,0,0,0,0,0,0,0,0,0,0,0,0,0,52.5205574035645,0,8.33234525985844,67.7545928955078,9.8721239566803,42.9358204432896,8.66428354030306,56.0279330085306,18.1672203666027,0,39.1877374649048,47.8880378723145,7.2072038325663,42.1221947140164,31.6519038287076,31.0963943188007,0,0,0,0,0,0,6.72245660019194,0,0,0,0,0,48.1663379669189,0,0,0,0,0,0,0,0,0,75.4612871805827,19.4199627462555,0,0,0,52.1938819885254,95.8773587544759,8.63793822728021,71.0636425018311,14.6792713359817,16.6094158828795,10.239185333252,12.2782992446011,50.3053817749023,14.2015946077746
0,0,0,0,0,0,0,0,0,0,0,0,0,0,0,0,0,2.99164658784866,0,0,0,4.38321219490684,6.1989905288796,6.30673531691233,0,4.83052556942671,0,2.9540578504888,0,0,0,0,0,0,0,0,0,5.26848116792551,4.74617145679615,0,0,22.4988317489624,0,0,0,0,0,34.8647232055664,43.027400970459,6.23656928794629,0,0,0,0,0,0,0,0,0,0,0,0,0,0,0,0,7.2939554855421,0,6.46775051017306,0,6.44746941044217,0,0,0,0,0,0,0,0,0,6.48433144887288,5.28327226638794,5.34297749375909,0,16.767218283665,0,0
0,0,0,0,0,0,0,0,0,0,0,0,0,0,0,0,3.85801833554318,0,0,0,0,5.56103717839276,4.46168585939594,0,12.2976883991744,0,4.04148174479683,0,2.94958763122559,0,0,0,0,0,0,0,0,13.5687590122223,7.68411731871508,0,0,0,0,0,0,0,0,28.6968951225281,10.15583470598,0,0,0,0,0,0,0,0,0,0,0,0,0,0,0,0,0,0,7.08722412317319,0,0,0,0,0,0,0,0,0,0,0,0,0,7.61172557075818,5.99985163558041,3.18491430716081,15.5486755371094,0,0
0,0,0,0,0,0,0,0,0,6.25468275282118,0,0,0,0,0,14.9465832710266,31.5179292184335,14.4704445200606,35.8048274517059,0,0,10.0370791338186,0,4.27717044504104,0,5.6802348710121,0,0,0,0,0,0,0,0,0,0,0,11.7201349674127,0,0,0,30.9404128392537,0,0,0,0,0,31.5580501556396,0,8.48356545444102,0,0,0,0,0,3.96173114776611,0,15.0714490413666,0,0,0,0,0,0,7.2939554855421,0,0,0,5.60802767441281,0,10.171652011501,0,0,0,0,0,0,0,0,0,8.945101630931,0,11.0641025255804,0,9.85789985024468,0,0
0,0,0,0,0,0,0,0,17.3706111907959,0,0,0,0,0,0,0,11.8429611289261,31.5253850496732,23.466637134552,0,0,0,6.26805539564653,0,4.94699463364567,0,3.59677056935582,0,0,0,0,0,0,0,0,0,0,0,9.0322444912983,0,0,63.6200065612793,0,0,0,0,0,0,7.66443125591722,0,0,0,0,0,0,0,0,0,0,0,0,0,0,0,0,7.08722412317319,0,0,0,0,0,0,0,0,0,0,0,0,0,0,0,7.28347811893541,4.30663144914575,0,8.0760535460252,0,0
0,0,0,0,0,0,0,0,51.4906959533691,18.331844329834,0,0,0,0,0,12.2837716208564,34.5671943937029,7.31116852469561,0,0,0,3.67128518929922,0,4.58256788750249,0,4.12582955402987,0,2.84922134876251,0,0,0,0,0,0,0,0,0,0,0,0,0,0,0,0,0,0,0,0,0,6.2545274846694,0,0,0,0,0,0,0,8.69505055745443,0,0,0,0,0,0,6.46775051017306,0,5.60802767441281,0,0,0,6.34000033920194,0,0,0,0,0,0,0,71.5391311645508,0,0,0,9.14387739283367,0,3.91721465739798,0,0
0,0,0,0,0,0,0,0,20.4924039840698,0,0,0,2.95114088058472,0,9.54273748397827,0,13.8421702783304,35.186547088623,33.0377433300018,0,0,0,4.77869141101837,0,6.80511661370595,0,3.35457621833025,0,3.62850752193481,0,0,0,0,0,0,0,0,0,0,0,59.2174263000488,0,0,0,0,66.3834838867188,0,0,3.69487061299069,0,0,0,0,0,0,0,0,0,0,0,3.14102363586426,0,0,0,0,0,0,0,0,0,0,3.86032839843205,0,0,0,0,0,0,0,0,0,0,11.7120553924438,0,0,0,0
0,0,0,0,0,0,0,0,0,0,0,0,0,2.9444432258606,0,0,0,0,0,0,0,4.20139583464592,0,0,0,3.7497588709781,0,4.1510411074206,0,4.11443962369646,0,0,0,0,0,0,0,4.35934378271518,0,0,0,0,0,0,0,0,0,0,0,5.25442249434335,0,0,0,0,0,0,0,4.91601784356678,0,2.99251637458801,0,0,0,0,6.44746941044217,0,10.171652011501,0,6.34000033920194,0,0,0,6.5944159344623,0,0,0,0,0,0,0,4.10405022847025,0,3.62315036287371,0,0,0,0
0,0,0,0,0,0,0,0,0,0,0,0,4.26863776553761,0,0,0,0,0,0,0,0,0,3.15793967247009,0,0,0,3.44976365293255,0,4.00931417896977,0,0,0,0,0,0,0,0,0,0,0,0,0,0,0,0,0,0,0,4.33251557350159,0,0,0,0,0,0,0,0,0,2.99087302684784,0,0,0,0,0,0,0,0,0,0,3.86032839843205,0,0,0,2.95141657193502,0,0,0,0,0,0,0,2.85096669197083,2.8235376902989,0,0,0,0
0,0,0,48.6802971579812,0,36.0346167087555,0,0,0,0,0,5.55575391892611,0,0,0,0,80.0660052829319,69.887078896547,47.083571888576,8.12184129263225,0,0,0,0,0,0,0,5.45180046883075,0,4.53382547896716,0,0,0,0,0,0,0,3.6221887588501,0,50.0761552759119,93.6569862365723,29.7749338472523,71.3975095748901,23.0612013680594,0,31.6791024584861,61.322395324707,60.2648153305054,0,53.2916947652896,0,37.394297281901,0,0,0,71.0983047485352,70.4817352294922,6.3348904702275,0,0,0,0,16.1869642853918,75.4612871805827,0,0,0,0,0,0,6.5944159344623,0,0,77.1475410461426,0,0,0,0,55.1437318233343,81.2761337280273,10.4209634387815,79.0348375381962,28.7799501921001,0,25.3856477713197,22.8128098226061,63.3170204162598
