0,0,4.12166319465637,0,43.4487228393555,0,0,0,3.83113133445863,0,0,0,0,0,0,0,41.6150131225586,0,15.3116083491932,0,0,0,0,0,0,0,0,0,0,0,0,0,0,0,0,0,0,0,0,0,0,0,18.1451241497946,0,0,0,0,0,5.74974359896371,0,0,0,0,0,4.12720583734058,0,0,0,0,0,3.14358590407805,0,0,0,0,0,0,0,0,0,0,0,0,28.3630256652832,0,0,0,0,0,41.8592952728271,0,32.1201566060384,8.82490346452285,0,6.78200977984287,0,12.3521318435669
0,0,0,5.17162228869153,0,13.9423252741496,0,0,0,4.95615755891368,0,0,0,0,0,0,0,0,10.3430248896281,0,0,0,0,4.65584075450897,0,0,0,0,0,0,0,0,0,0,0,55.5702924728394,0,0,0,0,0,21.0900685446603,0,8.00358581542969,0,15.0947027206421,0,43.4930267333984,0,6.18947814485301,0,15.2158290638643,0,0,0,5.91169070265147,0,3.46841084957123,0,0,0,4.07905897112454,0,0,0,0,7.50287849024722,0,0,0,14.5855208237966,0,7.7201060815291,0,0,0,0,0,48.6164029319331,0,36.6220993041992,0,11.0536843326604,0,7.01812388835644,25.101759314537,0
4.12166319465637,0,0,0,6.14410857359568,0,0,0,5.42161807874693,0,0,0,0,0,0,0,65.9688218434652,66.3207092285156,53.318259375436,0,0,0,0,0,0,0,0,0,0,0,0,0,0,0,0,0,33.9049186706543,0,0,0,38.002013339272,0,35.3988441143161,0,0,0,20.496870439444,44.4673881530762,37.4718932582907,38.608580998012,6.40218074276762,0,0,0,6.58266057390155,0,8.83032776067357,0,5.35952969852247,0,4.95008627835648,0,0,31.6557655334473,0,0,0,0,0,0,0,0,0,33.2691518147786,0,0,0,0,0,37.4184058189392,0,33.8213024139404,9.99093580537437,25.4113343743717,17.5081061227822,59.6884574890137,19.7222246170044
0,5.17162228869153,0,0,0,8.19509807537342,0,0,0,6.1263058980306,0,0,0,0,0,0,0,71.8338851928711,46.3101501464844,0,0,0,0,0,0,0,0,0,0,0,0,0,0,0,0,29.674825668335,0,0,0,44.0947036743164,0,31.6609874181618,0,27.0032005310059,0,18.2655179064039,0,41.44069480896,0,17.4272225924901,0,11.4038100342476,0,0,0,3.83821020955625,0,5.89279807917774,0,5.75294352866508,0,6.0580136458079,32.6792081197103,0,0,0,0,0,0,0,38.4182245081121,0,36.1794274601623,0,0,0,0,0,53.6272693210178,0,40.8188495959266,0,25.874764847033,24.1035224369594,13.5433716752263,25.8759136199951,0
43.4487228393555,0,6.14410857359568,0,0,0,3.17302446365356,0,7.4990927696228,0,0,0,0,0,0,0,0,0,47.0767551422119,0,6.60285806655884,0,0,0,0,0,0,0,0,0,0,0,0,0,0,0,25.6211821436882,0,0,0,43.4654914855957,0,40.6413839658101,0,0,0,28.9492990175883,48.4424546559652,42.3244842080509,47.1542091369629,4.90926479155978,0,3.2803236369429,0,5.5808699131012,0,29.0404706001282,0,8.10785186290741,0,23.3491954803467,0,0,12.2195802756718,0,0,0,0,0,0,0,0,0,37.8363482157389,0,0,0,0,0,21.0376789910453,0,69.9236831665039,16.4175249921144,30.88303565979,24.1787478083995,0,25.4640197753906
0,13.9423252741496,0,8.19509807537342,0,0,0,0,0,3.50119172202216,0,6.06853754179818,0,0,0,3.16187644004822,0,0,0,5.46432920903136,0,0,0,0,0,0,0,0,0,0,0,0,0,0,0,26.0977471669515,0,0,0,44.1623962402344,0,40.7213240171734,0,0,0,18.6604453325272,0,50.3009757995605,0,35.9193983977696,0,4.92351347034062,0,3.03104968504472,0,3.55749183893204,0,7.81345232450045,0,6.75731003985685,0,8.71678025381906,9.33227916864248,0,0,0,0,0,0,0,0,0,47.4008852640788,0,0,0,0,0,25.8569206237793,0,45.3683258056641,0,14.9811684888952,29.1089038848877,15.7864380701581,0,0
0,0,0,0,3.17302446365356,0,0,0,0,0,0,0,0,0,0,0,0,0,0,0,10.9279572168986,0,0,0,0,0,0,0,0,0,0,0,0,0,0,0,0,0,0,0,0,0,0,0,0,0,0,0,0,0,6.07324319727281,0,3.25655713834261,0,0,0,6.56456279754639,0,0,0,0,0,0,9.39653062820435,0,0,0,0,0,0,0,0,0,0,0,0,0,0,0,0,0,0,0,0,0,0,0
0,0,0,0,0,0,0,0,0,0,0,6.54832690954208,0,2.747230052948,0,0,0,0,0,7.53020885716314,0,0,0,0,0,0,0,0,0,0,0,0,0,0,0,0,0,0,0,0,0,0,0,0,0,0,0,0,0,0,0,0,0,4.91209882497787,0,0,0,6.08364619747285,0,3.6069949599337,0,0,0,0,0,0,0,0,0,0,0,0,0,0,0,0,0,0,0,0,0,0,0,2.85822117328644,0,0,0
3.83113133445863,0,5.42161807874693,0,7.4990927696228,0,0,0,0,0,0,0,0,0,2.80486154556274,0,13.7661569037451,51.6471339166164,18.317684173584,0,0,0,0,52.5460987091064,5.83506522879089,67.6398391723633,0,0,0,0,0,0,0,0,0,0,0,0,4.94576435003962,0,44.4729499816895,0,10.228909927256,0,0,0,30.5729684829712,0,11.2359703696051,0,4.05680659367488,0,0,0,6.04196696266065,0,0,0,0,0,5.50299298763275,0,0,0,0,0,0,5.32615800805994,48.4141578674316,0,0,0,0,40.7278137207031,0,0,0,0,0,21.9504337310791,0,0,10.4143516796466,0,6.30356995388865,0,9.90936175982157
0,4.95615755891368,0,6.1263058980306,0,3.50119172202216,0,0,0,0,0,0,0,0,0,3.03091512187835,34.6601299959071,15.6715636657456,77.2683696746826,0,0,0,0,4.85056547607694,0,0,0,0,0,0,0,0,0,0,0,0,0,3.09937137715957,0,0,0,24.0317958196004,54.5277366638184,0,0,0,0,0,0,9.21631100972493,0,4.66552713939122,0,0,0,4.51215955900819,0,0,0,0,0,3.50123577504545,0,0,0,0,5.44535930515969,0,15.3187635321366,0,0,0,0,0,0,0,0,0,0,0,5.32440183276222,0,5.48500771784201,0,6.11858740178022,0,0
0,0,0,0,0,0,0,0,0,0,0,0,2.77992716431618,0,0,0,0,0,0,0,3.76466254608051,0,0,0,0,0,0,0,0,0,5.20737151538624,0,0,0,0,0,2.91867043755271,0,4.49931199102417,0,0,0,0,0,0,0,0,0,0,0,0,0,0,0,0,0,5.29766814969081,0,0,0,0,0,0,13.8342409018547,0,0,0,0,0,0,0,0,0,8.74392686663447,0,0,0,0,0,14.9456581274668,0,6.02762278266575,3.8415440279862,0,11.7388766663415,0,0
0,0,0,0,0,6.06853754179818,0,6.54832690954208,0,0,0,0,0,3.16102235794067,0,0,0,0,0,3.25452647089414,0,0,0,0,0,0,0,0,0,3.99845800576387,0,0,0,0,0,2.85598289966583,0,5.20435146845304,0,0,0,0,0,0,0,10.0811018943787,0,0,0,0,0,8.77686007817586,0,7.34383813043435,0,0,0,4.81890566174853,0,3.09169659614563,0,0,4.84878920106327,0,0,0,0,0,0,0,0,0,9.89593823502461,0,0,0,0,0,3.48692491650581,0,10.227134350368,0,5.32424564110605,0,9.75591782161168,0,0
0,0,0,0,0,0,0,0,0,0,2.77992716431618,0,0,0,0,0,0,0,0,0,0,0,0,0,0,0,0,0,0,0,0,0,0,0,0,0,0,0,0,0,0,0,0,0,0,0,0,0,0,0,0,0,0,0,0,0,0,0,3.94300087292989,0,4.50586644808451,0,0,0,0,0,0,0,0,0,0,0,0,0,0,0,0,0,0,0,0,0,0,0,0,0,0
0,0,0,0,0,0,0,2.747230052948,0,0,0,3.16102235794067,0,0,0,0,0,0,0,0,0,0,0,0,0,0,0,0,0,0,0,0,0,0,0,0,0,0,0,0,0,0,0,0,0,0,0,0,0,0,0,0,0,0,0,0,0,4.04467574755351,0,2.87878372452476,0,0,0,0,0,0,0,0,0,0,0,0,0,0,0,0,0,0,0,0,0,0,2.74775099754333,0,0,0,0
0,0,0,0,0,0,0,0,2.80486154556274,0,0,0,0,0,0,0,0,53.9906044006348,0,0,0,0,0,0,0,0,0,0,0,0,0,0,0,0,0,0,0,0,0,0,0,0,0,0,0,0,0,0,0,0,0,0,0,0,9.70659756660461,0,0,0,0,0,3.43211518393622,0,0,0,0,0,0,0,0,0,0,0,0,0,0,0,0,0,0,0,0,0,0,0,0,0,0
0,0,0,0,0,3.16187644004822,0,0,0,3.03091512187835,0,0,0,0,0,0,52.6148775645665,10.8141208976679,0,0,0,0,0,0,0,7.48110485076904,0,7.38956904411316,0,0,0,0,0,0,0,0,0,0,0,0,0,0,0,0,0,0,0,0,0,0,0,0,0,0,0,2.96220787366231,0,0,0,0,0,3.06662714481354,0,0,0,0,0,0,0,0,0,0,0,0,0,0,0,0,0,0,0,0,10.771895967997,0,0,0,0
41.6150131225586,0,65.9688218434652,0,0,0,0,0,13.7661569037451,34.6601299959071,0,0,0,0,0,52.6148775645665,0,24.2790652933277,22.4279866550264,0,0,0,5.32201428413391,31.9274219354817,21.0556932730504,44.7716638959687,8.81502412563533,0,0,0,0,0,0,0,0,84.6823883056641,92.507776260376,0,0,75.3078625418923,59.83789315885,57.7577254924368,40.2144480005417,37.6255440711975,59.8039932250977,63.965881054218,48.4068884096648,0,0,0,0,0,0,0,15.4945411682129,0,60.9455890655518,0,0,0,11.001076567173,60.1944520132882,70.0275058746338,65.9397091112639,0,9.27500915527344,42.106137411935,21.9343102773031,41.2048424154088,18.298117511875,0,0,99.6383323669434,68.0871601104736,0,0,0,0,81.6227574571271,71.1774000702885,75.7535257611956,61.4756655809356,19.413345617609,4.3498389928933,53.7550397486414,56.4235607596005,41.3809798028734
0,0,66.3207092285156,71.8338851928711,0,0,0,0,51.6471339166164,15.6715636657456,0,0,0,0,53.9906044006348,10.8141208976679,24.2790652933277,0,21.6152690240894,0,0,5.46558760512959,0,20.5535164838657,28.7197984498123,12.0817532293593,32.2607872221205,5.17958043579362,0,0,0,0,0,0,0,82.8714173634847,92.0495262145996,0,0,66.832941459887,71.8246313441883,45.6258193170291,57.432906634187,38.8488082885742,0,55.3034967184067,60.6426159643358,0,0,0,0,0,0,0,0,0,0,55.8808403015137,0,0,0,14.9016166239074,67.1076045717512,86.8191837734646,15.8534957567851,23.8154392242432,21.1283647603002,0,18.9967493156991,38.2343296251799,4.71741673621264,0,73.4869289398193,81.1052627563477,0,0,0,0,76.2943787010093,83.5073395694595,62.5754793153392,76.9254187415628,17.434667051176,6.35760502990672,57.4361448979032,42.8395829305162,63.3712214231491
15.3116083491932,10.3430248896281,53.318259375436,46.3101501464844,47.0767551422119,0,0,0,18.317684173584,77.2683696746826,0,0,0,0,0,0,22.4279866550264,21.6152690240894,0,0,0,0,0,35.7454229477913,38.131555557251,48.6501130496754,27.5304431915283,0,0,0,0,0,0,0,0,67.958706835483,74.9815766585501,0,0,39.1989155791214,48.5271295597351,29.5572993415552,27.193297714561,13.1933191941026,10.9171582607024,27.7820945619101,28.1098049818729,0,70.7766952514648,39.2717929416233,0,0,0,0,53.4256896972656,0,36.0747595186587,28.5946941375732,0,0,44.2612686157227,0,40.5126090430318,46.3671393827959,0,0,67.8702163696289,0,36.7182077407837,45.476811726888,52.4816767374674,0,44.1175200692539,42.4476423354376,0,0,0,0,53.7687542083295,54.0930581849483,46.5413569352433,47.5447443356764,16.8365848593214,42.7766418457031,30.4175416707489,30.6612105276828,28.4212024224498
0,0,0,0,0,5.46432920903136,0,7.53020885716314,0,0,0,3.25452647089414,0,0,0,0,0,0,0,0,0,0,0,0,0,0,0,0,0,0,0,0,0,0,0,3.45487259399323,0,4.0904847331669,0,0,0,57.9543952941895,0,0,0,29.2024955749512,0,0,0,0,0,8.39111822545528,0,7.25731685811823,0,0,0,4.86468979257804,0,0,0,0,5.92705907326578,0,0,0,0,0,0,0,0,0,14.8399541611765,0,0,0,0,0,6.52924056877201,0,12.5050526926151,0,6.90710820092095,0,11.0416963826055,0,0
0,0,0,0,6.60285806655884,0,10.9279572168986,0,0,0,3.76466254608051,0,0,0,0,0,0,0,0,0,0,0,0,0,0,0,0,0,0,0,0,0,0,0,0,0,5.14138715917414,0,5.15929376602173,0,0,0,0,0,0,0,13.6635204950968,0,0,0,4.03440857702686,0,6.90516026814779,0,0,0,4.17852229892083,0,0,0,0,0,0,5.8541029295991,0,0,0,0,0,0,0,0,0,0,0,0,0,0,0,11.2630979236543,0,8.79309402628148,10.3360906328474,0,57.1543350219727,0,0
0,0,0,0,0,0,0,0,0,0,0,0,0,0,0,0,0,5.46558760512959,0,0,0,0,3.03463451323971,5.55464692258945,0,4.8525305390358,0,2.8859118264297,0,0,0,0,0,0,0,0,0,7.88680583142979,0,0,0,0,0,0,0,0,0,24.1716588156564,0,10.9195439469051,0,0,0,0,0,0,0,20.8897895812988,0,0,0,0,0,0,4.97189963562704,0,6.08229702143442,0,8.81730651855469,0,6.05005521588511,0,0,0,0,0,0,0,0,0,9.73453406698081,0,4.88323945698152,3.9082396711622,15.8053144931793,0,0
0,0,0,0,0,0,0,0,0,0,0,0,0,0,0,0,5.32201428413391,0,0,0,0,3.03463451323971,0,0,3.47116839885712,0,2.91117664387352,0,2.87141303334917,0,0,0,0,0,0,0,0,0,7.38296684871117,0,0,0,0,0,0,0,0,0,13.36333174986,0,0,0,0,0,0,0,0,0,0,0,0,0,0,0,0,3.96058095832649,0,4.16733096775256,0,0,0,4.06124113400777,0,0,0,0,0,0,0,0,0,6.82105805306208,2.99016369622329,0,17.0307231903076,0,0
0,4.65584075450897,0,0,0,0,0,0,52.5460987091064,4.85056547607694,0,0,0,0,0,0,31.9274219354817,20.5535164838657,35.7454229477913,0,0,5.55464692258945,0,0,25.3063564300537,24.8939239501953,0,0,0,0,0,0,0,0,0,0,0,5.65461560987657,0,78.4463424682617,109.98966217041,39.7838935852051,48.5757471720378,41.9349937438965,0,50.0546875,67.9978116353353,0,0,6.28439215444169,0,0,0,0,0,3.97986257301187,0,0,0,0,0,8.01657867431641,0,0,6.38679301088507,0,6.20790298227637,0,17.0370397287257,0,6.75168514251709,0,64.3053207397461,70.6512756347656,0,0,0,0,83.0403289794922,0,8.12510362678561,83.7990264892578,14.2107770158162,0,7.51386709879803,45.6667613983154,57.9269847869873
0,0,0,0,0,0,0,0,5.83506522879089,0,0,0,0,0,0,0,21.0556932730504,28.7197984498123,38.131555557251,0,0,0,3.47116839885712,25.3063564300537,0,37.6964569091797,2.74062168598175,0,0,0,0,0,0,0,0,0,0,0,3.52568497900235,0,0,0,22.9424501657486,0,0,0,57.3753509521484,0,9.89514923095703,0,0,0,0,0,6.10719500081292,0,0,0,0,0,0,0,0,0,0,3.78670867284139,0,4.30591889993468,0,0,0,0,0,0,0,0,0,0,0,0,0,3.61982788955956,20.9330907499089,0,4.51916789427036,0,0
0,0,0,0,0,0,0,0,67.6398391723633,0,0,0,0,0,0,7.48110485076904,44.7716638959687,12.0817532293593,48.6501130496754,0,0,4.8525305390358,0,24.8939239501953,37.6964569091797,0,0,4.82162939689376,0,0,0,0,0,0,0,0,0,0,0,72.4059371948242,0,57.5588722229004,0,0,0,0,55.6564331054688,0,0,0,0,0,0,0,0,0,0,0,0,0,0,3.06485199928284,0,0,0,0,0,0,7.92334218586192,49.5689678192139,4.45565382639567,0,0,0,0,0,0,0,81.7993850708008,108.718456268311,69.7492218017578,0,11.3965846705855,0,55.9128856658936,46.1419563293457,0
0,0,0,0,0,0,0,0,0,0,0,0,0,0,0,0,8.81502412563533,32.2607872221205,27.5304431915283,0,0,0,2.91117664387352,0,2.74062168598175,0,0,0,0,0,0,0,0,0,0,0,0,0,0,0,0,0,0,0,0,0,0,0,0,0,0,0,0,0,0,0,0,0,0,0,0,0,0,0,0,0,0,2.73549914360046,0,0,0,0,0,0,0,0,0,0,0,0,0,0,24.4027962684631,0,0,0,0
0,0,0,0,0,0,0,0,0,0,0,0,0,0,0,7.38956904411316,0,5.17958043579362,0,0,0,2.8859118264297,0,0,0,4.82162939689376,0,0,0,3.10579462051392,0,0,0,0,0,0,0,2.87021341323853,0,0,0,0,0,0,0,0,0,0,0,0,0,0,0,0,0,0,0,0,0,0,0,0,0,0,3.11014430999756,0,0,0,0,0,4.76630476026824,0,0,0,0,0,0,0,0,0,7.41511297225952,0,4.08244623635945,0,0,0,0
0,0,0,0,0,0,0,0,0,0,0,0,0,0,0,0,0,0,0,0,0,0,2.87141303334917,0,0,0,0,0,0,0,0,0,0,0,0,0,0,0,0,0,0,0,0,0,0,0,0,0,0,0,0,0,0,0,0,0,0,0,0,0,0,0,0,0,0,2.74536108970642,0,0,0,0,0,3.53562069383467,0,0,0,0,0,0,0,0,0,4.95174694061279,0,0,0,0,0
0,0,0,0,0,0,0,0,0,0,0,3.99845800576387,0,0,0,0,0,0,0,0,0,0,0,0,0,0,0,3.10579462051392,0,0,0,0,0,0,0,0,0,0,0,0,0,0,0,0,0,0,0,0,0,0,0,0,0,0,0,0,0,5.23560231072562,0,0,0,0,0,0,0,0,0,0,0,0,3.59629654884338,0,5.1905349002165,0,0,0,0,0,0,0,0,0,0,0,0,0,0
0,0,0,0,0,0,0,0,0,0,5.20737151538624,0,0,0,0,0,0,0,0,0,0,0,0,0,0,0,0,0,0,0,0,0,0,0,0,0,0,0,2.88192772865295,0,0,0,0,0,0,0,0,0,0,0,0,0,0,0,0,0,8.56163099833897,0,0,0,0,0,0,0,0,0,0,0,0,0,0,0,0,4.47980718986661,0,0,0,0,0,0,0,0,0,0,0,0,0
0,0,0,0,0,0,0,0,0,0,0,0,0,0,0,0,0,0,0,0,0,0,0,0,0,0,0,0,0,0,0,0,3.68535658555872,3.43889436456892,3.44370766480764,3.1518759081761,0,0,0,0,0,0,0,0,0,50.3283615112305,0,4.11995683266566,0,7.13762891292572,0,0,0,0,0,0,0,0,0,0,0,0,0,0,0,0,0,0,0,0,0,0,0,0,4.21374862861407,3.93371379333921,8.68232382833958,0,5.66791742974585,0,0,0,3.04738489092698,0,0,0,0
0,0,0,0,0,0,0,0,0,0,0,0,0,0,0,0,0,0,0,0,0,0,0,0,0,0,0,0,0,0,0,3.68535658555872,0,3.97701615095139,3.19846203135348,0,3.10382362448651,0,0,0,0,0,0,0,0,0,0,3.60053603199945,0,0,0,0,0,0,0,0,0,0,0,0,0,0,0,0,0,0,0,0,0,0,0,0,0,0,3.95414039461236,4.41746800661208,3.90513777732849,9.44099715698597,0,4.50333562129881,0,0,3.25590778219289,0,0,0,0
0,0,0,0,0,0,0,0,0,0,0,0,0,0,0,0,0,0,0,0,0,0,0,0,0,0,0,0,0,0,0,3.43889436456892,3.97701615095139,0,4.70679107467824,3.55901646795382,0,2.85155739607634,0,0,0,0,0,0,0,0,0,6.08136641528155,0,0,0,0,0,0,0,0,0,0,0,0,0,0,0,0,0,0,0,0,0,0,0,0,0,0,5.87306661783538,0,4.56884345940446,4.38199724632761,5.65026241930846,0,0,0,5.18067258045012,0,0,0,0
0,0,0,0,0,0,0,0,0,0,0,0,0,0,0,0,0,0,0,0,0,0,0,0,0,0,0,0,0,0,0,3.44370766480764,3.19846203135348,4.70679107467824,0,0,4.87168050289154,0,4.876270430987,0,0,0,0,0,0,0,0,5.40530769129843,3.14920473098755,0,0,0,0,0,0,0,0,0,0,0,0,0,0,0,0,0,0,0,0,0,0,0,0,0,0,5.46429088991931,5.76249479293823,4.97546944493107,0,7.37158095720902,0,5.11884380893393,4.47042826427916,0,0,0,0
0,55.5702924728394,0,29.674825668335,0,26.0977471669515,0,0,0,0,0,2.85598289966583,0,0,0,0,84.6823883056641,82.8714173634847,67.958706835483,3.45487259399323,0,0,0,0,0,0,0,0,0,0,0,3.1518759081761,0,3.55901646795382,0,0,3.15202767886813,6.20643541621952,0,85.8134880065918,0,50.546047867669,0,53.1854797363281,0,24.9600311345274,0,6.17859256456769,0,25.4886778317965,0,26.7827396392822,0,0,0,0,0,15.5374307632446,0,0,0,0,22.2894034009231,0,0,0,0,0,0,0,76.72922706604,0,55.8845653533936,0,9.80493892322887,0,6.09660976484466,0,7.41525841974898,3.81754688348026,8.86818816705986,101.300277709961,6.96109512178036,3.28283574846056,22.8474655655871,43.3733771886581,101.77229309082
0,0,33.9049186706543,0,25.6211821436882,0,0,0,0,0,2.91867043755271,0,0,0,0,0,92.507776260376,92.0495262145996,74.9815766585501,0,5.14138715917414,0,0,0,0,0,0,0,0,0,0,0,3.10382362448651,0,4.87168050289154,3.15202767886813,0,0,6.9221261035676,0,76.5033373151507,84.646125793457,55.3135817094283,0,55.2483901977539,80.1809234619141,30.0564158385313,5.22565223469454,26.1324963362321,0,19.9388220650809,0,0,0,0,0,75.591911315918,0,0,0,0,0,0,11.5134312259978,0,0,0,0,0,0,0,0,0,66.3509216308594,0,5.07692005557399,0,4.16560112635295,28.539325873057,7.30459538718558,0,11.5572180255901,8.51664221299127,10.750277121205,24.2083477770801,0,50.1577107565744
0,0,0,0,0,0,0,0,0,3.09937137715957,0,5.20435146845304,0,0,0,0,0,0,0,4.0904847331669,0,7.88680583142979,0,5.65461560987657,0,0,0,2.87021341323853,0,0,0,0,0,2.85155739607634,0,6.20643541621952,0,0,3.03081350143139,49.6185340881348,0,3.83811491727829,0,46.568416595459,0,28.6413998603821,0,6.22633833502138,0,6.11797183708233,0,0,0,0,0,0,0,7.46253168637851,0,0,0,0,13.123454191855,0,10.9633867759797,0,6.50065727006821,0,7.27226582169533,0,10.1275308132172,0,0,0,0,0,0,0,7.55438562016279,0,5.1294040790196,0,4.35777423561635,0,5.88743955848844,0,0
0,0,0,0,0,0,0,0,4.94576435003962,0,4.49931199102417,0,0,0,0,0,0,0,0,0,5.15929376602173,0,7.38296684871117,0,3.52568497900235,0,0,0,0,0,2.88192772865295,0,0,0,4.876270430987,0,6.9221261035676,3.03081350143139,0,0,0,0,4.31438915296034,0,0,0,24.2554244995117,4.33202749810568,5.46047150701392,0,0,0,0,0,6.34507052103678,0,4.69043931413869,0,0,0,0,0,0,10.0084136911185,0,10.3421230856828,0,5.52661261607691,0,8.00572490692139,0,0,0,3.59918522834778,0,0,0,5.64289074847573,0,9.9336092784224,3.4654390335083,5.36431546716501,5.92983709202438,4.62545388653165,5.17527352141685,0,0
0,0,0,44.0947036743164,0,44.1623962402344,0,0,0,0,0,0,0,0,0,0,75.3078625418923,66.832941459887,39.1989155791214,0,0,0,0,78.4463424682617,0,72.4059371948242,0,0,0,0,0,0,0,0,0,85.8134880065918,0,49.6185340881348,0,0,89.5602340698242,21.0627398188396,57.2212231953939,29.4774873824347,0,13.5350221129127,75.2428970336914,4.75307997450771,0,11.7075349496991,0,0,0,0,0,37.0465927124023,0,44.2488632202148,0,0,0,0,10.102376490965,0,0,0,0,0,0,0,63.5304756164551,0,54.1715473051994,0,3.55962204933167,14.9140434265137,0,0,9.42667995907536,79.4825553894043,31.9073829033614,0,32.2629139562359,39.3267726898193,13.2823592709083,31.0802594877833,45.3251781463623
0,0,38.002013339272,0,43.4654914855957,0,0,0,44.4729499816895,0,0,0,0,0,0,0,59.83789315885,71.8246313441883,48.5271295597351,0,0,0,0,109.98966217041,0,0,0,0,0,0,0,0,0,0,0,0,76.5033373151507,0,0,89.5602340698242,0,64.3830375671387,20.9979934047081,0,25.0520665910509,83.7295455932617,12.2069761273659,10.1689399083455,11.9156059555584,44.774341583252,45.3777313232422,0,0,0,46.331787109375,0,51.3232521577315,0,42.8564453125,0,45.0600827534994,0,0,11.2902748472739,0,0,0,0,69.3805084228516,0,0,0,0,54.9238641772951,0,3.12845172601588,0,0,83.8523610432943,13.0631919337839,80.0543716430664,35.0204054987504,38.3715596987507,39.9627743328319,16.7232554134463,0,19.244207694933
0,21.0900685446603,0,31.6609874181618,0,40.7213240171734,0,0,0,24.0317958196004,0,0,0,0,0,0,57.7577254924368,45.6258193170291,29.5572993415552,57.9543952941895,0,0,0,39.7838935852051,0,57.5588722229004,0,0,0,0,0,0,0,0,0,50.546047867669,84.646125793457,3.83811491727829,0,21.0627398188396,64.3830375671387,0,9.70680546667062,12.359525417214,0,30.0562229018036,51.3676643371582,16.3870402971903,27.442720413208,11.150795969669,0,42.275484085083,0,0,0,0,0,17.1584913405135,0,36.067466100057,0,0,26.4550239208808,64.4595699310303,0,0,0,0,48.4401931762695,0,27.1520575884093,0,19.9477920270259,111.988693237305,0,0,0,0,31.2158605613374,63.2621815421365,30.95030778642,61.0211380852593,17.1192988425206,40.2737393337013,17.099001388256,13.0421056685934,45.1691447363959
18.1451241497946,0,35.3988441143161,0,40.6413839658101,0,0,0,10.228909927256,54.5277366638184,0,0,0,0,0,0,40.2144480005417,57.432906634187,27.193297714561,0,0,0,0,48.5757471720378,22.9424501657486,0,0,0,0,0,0,0,0,0,0,0,55.3135817094283,0,4.31438915296034,57.2212231953939,20.9979934047081,9.70680546667062,0,0,21.700159072876,63.1206331253052,23.6546782112699,8.68466080152071,12.6531923111114,42.4502334594727,41.9381612141927,0,0,0,44.3186626434326,0,30.4541310450827,0,44.1257019042969,0,47.6313273111979,0,0,27.3249885743124,0,0,0,0,0,0,0,0,60.7128372192383,21.590299295457,0,0,0,0,69.0453143119812,32.2331284236501,57.4432931379838,33.7174519279668,14.3652348857807,36.1734161624661,15.4275626013878,39.6407539844513,10.1224137463065
0,8.00358581542969,0,27.0032005310059,0,0,0,0,0,0,0,0,0,0,0,0,37.6255440711975,38.8488082885742,13.1933191941026,0,0,0,0,41.9349937438965,0,0,0,0,0,0,0,0,0,0,0,53.1854797363281,0,46.568416595459,0,29.4774873824347,0,12.359525417214,0,0,0,23.3457753181458,0,0,0,0,0,0,0,0,0,0,0,24.6832191467285,0,0,0,0,30.9245166778564,0,0,0,0,0,0,0,27.8031506538391,0,24.3408075728506,0,0,0,0,0,35.0322336590724,83.658863067627,26.3701199488853,0,11.5156300815184,0,12.7584462111399,16.564019983465,0
0,0,0,0,0,0,0,0,0,0,0,0,0,0,0,0,59.8039932250977,0,10.9171582607024,0,0,0,0,0,0,0,0,0,0,0,0,0,0,0,0,0,55.2483901977539,0,0,0,25.0520665910509,0,21.700159072876,0,0,0,26.6552394866943,0,0,0,0,0,0,0,0,0,21.6949763298035,0,0,0,0,0,0,0,0,0,0,0,0,0,0,0,0,24.9642929077148,0,0,0,0,0,30.7060851287842,0,27.9925506526026,9.04968268530709,0,17.1590315317496,0,32.3993511199951
0,15.0947027206421,0,18.2655179064039,0,18.6604453325272,0,0,0,0,0,10.0811018943787,0,0,0,0,63.965881054218,55.3034967184067,27.7820945619101,29.2024955749512,0,0,0,50.0546875,0,0,0,0,0,0,0,50.3283615112305,0,0,0,24.9600311345274,80.1809234619141,28.6413998603821,0,13.5350221129127,83.7295455932617,30.0562229018036,63.1206331253052,23.3457753181458,0,0,83.8674596150716,32.8671508789063,0,27.3760326839983,0,26.3786343574524,0,0,0,0,0,18.8839386642956,0,0,0,0,14.7506518733836,0,0,0,0,0,0,0,32.3148565292358,0,32.4077012587129,0,0,0,0,0,31.6479598883195,62.3039321899414,29.7141471348878,51.8211975097656,23.4180645352942,24.4354423221789,17.1219541972354,39.0678360389941,43.7336902618408
0,0,20.496870439444,0,28.9492990175883,0,0,0,30.5729684829712,0,0,0,0,0,0,0,48.4068884096648,60.6426159643358,28.1098049818729,0,13.6635204950968,0,0,67.9978116353353,57.3753509521484,55.6564331054688,0,0,0,0,0,0,0,0,0,0,30.0564158385313,0,24.2554244995117,75.2428970336914,12.2069761273659,51.3676643371582,23.6546782112699,0,26.6552394866943,83.8674596150716,0,39.0560699462891,33.2328667429929,39.2769622802734,20.2407150268555,0,0,0,0,0,31.0333784513695,0,22.5069262186686,0,25.2143491109212,0,0,14.4058748559698,0,0,0,0,0,0,0,0,0,34.2988430337061,0,0,0,0,87.4993545532227,28.7173439257758,73.4864587783813,31.9165822295977,24.0204058552647,29.0654745409566,21.7812477131055,48.259539604187,38.5918232987567
0,43.4930267333984,44.4673881530762,41.44069480896,48.4424546559652,50.3009757995605,0,0,0,0,0,0,0,0,0,0,0,0,0,0,0,24.1716588156564,0,0,0,0,0,0,0,0,0,4.11995683266566,3.60053603199945,6.08136641528155,5.40530769129843,6.17859256456769,5.22565223469454,6.22633833502138,4.33202749810568,4.75307997450771,10.1689399083455,16.3870402971903,8.68466080152071,0,0,32.8671508789063,39.0560699462891,0,6.07335157878157,6.72425989094215,47.1455497741699,0,0,0,0,0,50.6383438110352,0,0,0,0,0,31.2627550760905,0,24.3095196667839,21.0650216152793,0,0,0,0,68.2141342163086,0,62.8648175326261,61.116512298584,6.25628750713405,4.69801163006758,6.91836335520039,7.03554533713818,6.07843213767617,6.54269329986242,10.0337146915347,6.70334822610877,6.93956391919136,37.9333267211914,11.2667045165067,0,52.7399253845215
5.74974359896371,0,37.4718932582907,0,42.3244842080509,0,0,0,11.2359703696051,0,0,0,0,0,0,0,0,0,70.7766952514648,0,0,0,13.36333174986,0,9.89514923095703,0,0,0,0,0,0,0,0,0,3.14920473098755,0,26.1324963362321,0,5.46047150701392,0,11.9156059555584,27.442720413208,12.6531923111114,0,0,0,33.2328667429929,6.07335157878157,0,7.62228909959184,46.309481048584,0,0,0,9.81544684280049,0,23.362752199173,0,25.1839173861912,0,29.6580681800842,0,0,30.2202707699367,0,16.7430756518762,0,5.16633654714196,0,4.37592561649826,0,6.11577476124039,0,22.3241352855518,0,6.37265580892563,18.2958602905273,3.2600622177124,0,25.0123364661268,0,9.62476959395673,17.2687286447256,32.1454731801922,14.5048568795676,0,40.0171397282527
0,6.18947814485301,38.608580998012,17.4272225924901,47.1542091369629,35.9193983977696,0,0,0,9.21631100972493,0,0,0,0,0,0,0,0,39.2717929416233,0,0,10.9195439469051,0,6.28439215444169,0,0,0,0,0,0,0,7.13762891292572,0,0,0,25.4886778317965,0,6.11797183708233,0,11.7075349496991,44.774341583252,11.150795969669,42.4502334594727,0,0,27.3760326839983,39.2769622802734,6.72425989094215,7.62228909959184,0,0,12.5094383196397,0,0,0,9.88458162784576,0,15.9503153714267,0,6.89396361509959,0,5.7039986537053,22.8747305870056,0,9.20573896024285,0,4.77462195809991,0,4.71105558673541,0,6.82969842964495,0,26.1092204456487,58.9669647216797,4.77408154805501,0,14.3445777893066,0,19.4720885019553,78.1744537353516,11.7869531277091,61.1400947570801,13.3200603116049,28.1628719965617,12.0629902492751,30.6739292144775,0
0,0,6.40218074276762,0,4.90926479155978,0,6.07324319727281,0,4.05680659367488,0,0,0,0,0,0,0,0,0,0,0,4.03440857702686,0,0,0,0,0,0,0,0,0,0,0,0,0,0,0,19.9388220650809,0,0,0,45.3777313232422,0,41.9381612141927,0,0,0,20.2407150268555,47.1455497741699,46.309481048584,0,0,0,5.45660702387492,0,4.94514517784119,0,4.52456082795796,0,4.10405014012311,0,4.52171178002959,0,0,7.32109720934005,0,0,0,0,0,0,0,0,0,40.8366966247559,0,0,0,0,0,18.4512545129527,0,0,16.1565393447876,19.6401615142822,10.1823386535172,0,0
0,15.2158290638643,0,11.4038100342476,0,4.92351347034062,0,0,0,4.66552713939122,0,8.77686007817586,0,0,0,0,0,0,0,8.39111822545528,0,0,0,0,0,0,0,0,0,0,0,0,0,0,0,26.7827396392822,0,0,0,0,0,42.275484085083,0,0,0,26.3786343574524,0,0,0,12.5094383196397,0,0,0,3.01591787618749,0,4.76309998019212,0,7.6962932500665,0,6.7024057047062,0,7.56684833476418,9.31236757666378,0,0,0,0,0,0,0,49.1257616678874,0,48.9580505371094,0,0,0,0,0,66.0889511108398,0,52.9844226837158,0,10.8929503985814,0,12.7852294572095,0,0
0,0,0,0,3.2803236369429,0,3.25655713834261,0,0,0,0,0,0,0,0,0,0,0,0,0,6.90516026814779,0,0,0,0,0,0,0,0,0,0,0,0,0,0,0,0,0,0,0,0,0,0,0,0,0,0,0,0,0,5.45660702387492,0,0,0,0,0,0,0,0,0,0,0,0,6.55778503417969,0,0,0,0,0,0,0,0,0,0,0,0,0,0,0,0,0,0,0,0,0,0,0
0,0,0,0,0,3.03104968504472,0,4.91209882497787,0,0,0,7.34383813043435,0,0,0,0,0,0,0,7.25731685811823,0,0,0,0,0,0,0,0,0,0,0,0,0,0,0,0,0,0,0,0,0,0,0,0,0,0,0,0,0,0,0,3.01591787618749,0,0,0,0,0,4.82252133933203,0,3.62184727412683,0,0,8.23315111796061,0,0,0,0,0,0,0,0,0,0,0,0,0,0,0,0,0,0,0,0,0,8.19792079925537,0,0
4.12720583734058,0,6.58266057390155,0,5.5808699131012,0,0,0,6.04196696266065,0,0,0,0,0,9.70659756660461,0,15.4945411682129,0,53.4256896972656,0,0,0,0,0,6.10719500081292,0,0,0,0,0,0,0,0,0,0,0,0,0,6.34507052103678,0,46.331787109375,0,44.3186626434326,0,0,0,0,0,9.81544684280049,0,4.94514517784119,0,0,0,0,0,37.5850372314453,0,0,0,3.2652117146386,0,0,0,0,0,0,4.96379457750628,0,3.17358636856079,0,0,0,0,0,0,0,0,0,49.0455198287964,0,0,10.5820943947994,0,12.1658596010769,0,0
0,5.91169070265147,0,3.83821020955625,0,3.55749183893204,0,0,0,4.51215955900819,0,0,0,0,0,2.96220787366231,0,0,0,0,0,0,0,3.97986257301187,0,0,0,0,0,0,0,0,0,0,0,0,0,0,0,37.0465927124023,0,0,0,0,0,0,0,0,0,9.88458162784576,0,4.76309998019212,0,0,0,0,0,0,0,0,0,5.2492168041376,0,0,0,0,5.2203760983867,0,11.3444346377724,0,0,0,0,0,0,0,0,0,0,0,0,0,2.94727349281311,0,10.7385997166399,0,0
0,0,8.83032776067357,0,29.0404706001282,0,6.56456279754639,0,0,0,5.29766814969081,0,0,0,0,0,60.9455890655518,0,36.0747595186587,0,4.17852229892083,0,0,0,0,0,0,0,0,0,8.56163099833897,0,0,0,0,0,75.591911315918,0,4.69043931413869,0,51.3232521577315,0,30.4541310450827,0,21.6949763298035,0,31.0333784513695,50.6383438110352,23.362752199173,0,4.52456082795796,0,0,0,37.5850372314453,0,0,0,4.55212924256921,0,6.66946429865701,0,0,12.1964238098828,0,0,0,0,0,0,0,6.67558649974533,0,7.02774566488446,0,0,0,0,0,49.6947135237547,0,10.6125012384936,31.2731137782969,34.9135964711507,12.2182496481559,0,19.0942107268742
0,3.46841084957123,0,5.89279807917774,0,7.81345232450045,0,6.08364619747285,0,0,0,4.81890566174853,0,4.04467574755351,0,0,0,55.8808403015137,28.5946941375732,4.86468979257804,0,20.8897895812988,0,0,0,0,0,0,0,5.23560231072562,0,0,0,0,0,15.5374307632446,0,7.46253168637851,0,44.2488632202148,0,17.1584913405135,0,24.6832191467285,0,18.8839386642956,0,0,0,15.9503153714267,0,7.6962932500665,0,4.82252133933203,0,0,0,0,0,4.9722208128385,0,5.82866049575806,8.34104156701762,0,0,0,18.3539683024089,0,7.88363925615946,0,10.884974355432,0,7.40725702196608,0,0,0,0,0,58.2658149174282,0,13.646933779512,0,15.0952185566832,41.6465417688543,8.3131486357761,16.7170211006613,0
0,0,5.35952969852247,0,8.10785186290741,0,0,0,0,0,0,0,3.94300087292989,0,0,0,0,0,0,0,0,0,0,0,0,0,0,0,0,0,0,0,0,0,0,0,0,0,0,0,42.8564453125,0,44.1257019042969,0,0,0,22.5069262186686,0,25.1839173861912,0,4.10405014012311,0,0,0,0,0,4.55212924256921,0,0,0,4.65978684488511,0,0,0,0,0,0,0,0,0,0,0,0,0,0,0,0,0,0,35.4060745239258,0,0,18.9905471801758,0,12.7956135699998,0,0
0,0,0,5.75294352866508,0,6.75731003985685,0,3.6069949599337,0,0,0,3.09169659614563,0,2.87878372452476,0,0,0,0,0,0,0,0,0,0,0,0,0,0,0,0,0,0,0,0,0,0,0,0,0,0,0,36.067466100057,0,0,0,0,0,0,0,6.89396361509959,0,6.7024057047062,0,3.62184727412683,0,0,0,4.9722208128385,0,0,0,4.30423711140951,0,0,0,0,16.1739435195923,0,0,0,4.84021161851429,0,31.2581402914865,0,0,0,0,0,0,0,46.8593330383301,0,0,0,7.27703958511352,36.6360473632812,0
3.14358590407805,0,4.95008627835648,0,23.3491954803467,0,0,0,5.50299298763275,0,0,0,4.50586644808451,0,3.43211518393622,0,11.001076567173,0,44.2612686157227,0,0,0,0,0,0,0,0,0,0,0,0,0,0,0,0,0,0,0,0,0,45.0600827534994,0,47.6313273111979,0,0,0,25.2143491109212,0,29.6580681800842,0,4.52171178002959,0,0,0,3.2652117146386,0,6.66946429865701,0,4.65978684488511,0,0,0,0,0,0,0,0,0,0,3.10190615653992,0,0,0,39.0115839640299,0,0,0,0,0,0,0,0,32.6775360107422,0,15.7509559790293,0,0
0,4.07905897112454,0,6.0580136458079,0,8.71678025381906,0,0,0,3.50123577504545,0,0,0,0,0,3.06662714481354,60.1944520132882,14.9016166239074,0,0,0,0,0,8.01657867431641,0,3.06485199928284,0,0,0,0,0,0,0,0,0,0,0,0,0,0,0,0,0,0,0,0,0,0,0,5.7039986537053,0,7.56684833476418,0,0,0,5.2492168041376,0,5.82866049575806,0,4.30423711140951,0,0,0,0,0,0,9.0463309440207,0,2.75224717458089,0,0,0,0,0,0,0,0,0,0,122.836433410645,0,0,5.59574040412903,0,9.95785718493991,0,0
0,0,0,32.6792081197103,0,9.33227916864248,0,0,0,0,0,4.84878920106327,0,0,0,0,70.0275058746338,67.1076045717512,40.5126090430318,5.92705907326578,0,0,0,0,0,0,0,0,0,0,0,0,0,0,0,22.2894034009231,0,13.123454191855,0,10.102376490965,0,26.4550239208808,0,30.9245166778564,0,14.7506518733836,0,31.2627550760905,0,22.8747305870056,0,9.31236757666378,0,8.23315111796061,0,0,0,8.34104156701762,0,0,0,0,0,0,0,0,0,0,0,0,23.0441840173919,0,18.8067989804438,0,0,0,0,0,14.3454444940029,0,17.6862137576494,0,28.7687690445355,43.3776741027832,12.6519262302258,40.2809202671051,0
0,0,31.6557655334473,0,12.2195802756718,0,9.39653062820435,0,0,0,13.8342409018547,0,0,0,0,0,65.9397091112639,86.8191837734646,46.3671393827959,0,5.8541029295991,0,0,0,0,0,0,0,0,0,0,0,0,0,0,0,11.5134312259978,0,10.0084136911185,0,11.2902748472739,64.4595699310303,27.3249885743124,0,0,0,14.4058748559698,0,30.2202707699367,0,7.32109720934005,0,6.55778503417969,0,0,0,12.1964238098828,0,0,0,0,0,0,0,0,0,0,0,0,0,0,22.472235361735,0,23.3471620591615,0,0,0,0,91.0739860534668,16.0340737841019,0,17.765852419284,34.2887144088745,38.4818355560303,14.5805292425534,64.7858104705811,29.5533227053556
0,0,0,0,0,0,0,0,0,0,0,0,0,0,0,0,0,15.8534957567851,0,0,0,4.97189963562704,0,6.38679301088507,0,0,0,3.11014430999756,0,0,0,0,0,0,0,0,0,10.9633867759797,0,0,0,0,0,0,0,0,0,24.3095196667839,0,9.20573896024285,0,0,0,0,0,0,0,0,0,0,0,0,0,0,0,0,5.60279788289751,0,2.9245660806957,0,6.49535082956386,0,0,0,0,0,0,0,0,0,8.6376309818961,0,10.0217882394791,4.97473239898682,16.1629722118378,0,0
0,0,0,0,0,0,0,0,0,0,0,0,0,0,0,0,9.27500915527344,23.8154392242432,0,0,0,0,3.96058095832649,0,3.78670867284139,0,0,0,2.74536108970642,0,0,0,0,0,0,0,0,0,10.3421230856828,0,0,0,0,0,0,0,0,21.0650216152793,16.7430756518762,0,0,0,0,0,0,0,0,0,0,0,0,0,0,0,0,0,0,4.41130092347315,0,3.15911496366773,0,4.99387229979038,0,0,0,0,0,0,0,0,0,7.75008006235326,4.7555046081543,0,18.6127571566352,0,0
0,7.50287849024722,0,0,0,0,0,0,0,5.44535930515969,0,0,0,0,0,0,42.106137411935,21.1283647603002,67.8702163696289,0,0,6.08229702143442,0,6.20790298227637,0,0,0,0,0,0,0,0,0,0,0,0,0,6.50065727006821,0,0,0,0,0,0,0,0,0,0,0,4.77462195809991,0,0,0,0,0,5.2203760983867,0,18.3539683024089,0,16.1739435195923,0,9.0463309440207,0,0,5.60279788289751,0,0,0,6.2049107314607,0,7.78686907121113,0,0,0,0,0,0,0,0,0,8.50008135346805,0,12.4645922101777,0,5.31660253854142,0,0
0,0,0,0,0,0,0,0,5.32615800805994,0,0,0,0,0,0,0,21.9343102773031,0,0,0,0,0,4.16733096775256,0,4.30591889993468,0,2.73549914360046,0,0,0,0,0,0,0,0,0,0,0,5.52661261607691,0,0,0,0,0,0,0,0,0,5.16633654714196,0,0,0,0,0,4.96379457750628,0,0,0,0,0,0,0,0,0,0,4.41130092347315,0,0,0,3.41950557933134,0,6.17461553338456,0,0,0,0,0,0,0,0,0,6.0790910059317,2.75332379341125,0,5.32879078500676,0,0
0,0,0,0,0,0,0,0,48.4141578674316,15.3187635321366,0,0,0,0,0,0,41.2048424154088,18.9967493156991,36.7182077407837,0,0,8.81730651855469,0,17.0370397287257,0,7.92334218586192,0,0,0,0,0,0,0,0,0,0,0,7.27226582169533,0,0,69.3805084228516,48.4401931762695,0,0,0,0,0,0,0,4.71105558673541,0,0,0,0,0,11.3444346377724,0,7.88363925615946,0,0,0,2.75224717458089,0,0,2.9245660806957,0,6.2049107314607,0,0,48.5120697021484,7.70115696813501,0,0,0,0,0,0,0,0,0,22.3103138208389,97.2337799072266,21.0469531627262,0,6.11226156986121,45.4624099731445,0
0,0,0,0,0,0,0,0,0,0,0,0,0,0,0,0,18.298117511875,38.2343296251799,45.476811726888,0,0,0,0,0,0,49.5689678192139,0,0,0,0,0,0,0,0,0,0,0,0,8.00572490692139,0,0,0,0,0,0,0,0,0,4.37592561649826,0,0,0,0,0,3.17358636856079,0,0,0,0,0,3.10190615653992,0,0,0,0,3.15911496366773,0,3.41950557933134,48.5120697021484,0,0,4.41407097428471,0,0,0,0,0,0,0,0,0,0,23.2038288116455,0,4.17924698031679,0,0
0,14.5855208237966,0,38.4182245081121,0,0,0,0,0,0,0,0,0,0,0,0,0,4.71741673621264,52.4816767374674,0,0,6.05005521588511,0,6.75168514251709,0,4.45565382639567,0,4.76630476026824,0,3.59629654884338,0,0,0,0,0,76.72922706604,0,10.1275308132172,0,63.5304756164551,0,27.1520575884093,0,27.8031506538391,0,32.3148565292358,0,68.2141342163086,0,6.82969842964495,0,49.1257616678874,0,0,0,0,0,10.884974355432,0,4.84021161851429,0,0,23.0441840173919,0,6.49535082956386,0,7.78686907121113,0,7.70115696813501,0,0,0,5.61429495207742,0,0,0,0,0,75.2305641174316,0,4.92288106634875,0,36.1677645256645,51.3555297851562,25.1936485795952,28.1499188286918,0
0,0,0,0,0,0,0,0,0,0,0,0,0,0,0,0,0,0,0,0,0,0,4.06124113400777,0,0,0,0,0,3.53562069383467,0,0,0,0,0,0,0,0,0,0,0,0,0,0,0,0,0,0,0,6.11577476124039,0,0,0,0,0,0,0,6.67558649974533,0,0,0,0,0,0,22.472235361735,0,4.99387229979038,0,6.17461553338456,0,4.41407097428471,0,0,0,4.84093782028056,0,0,0,0,0,0,0,5.42205043558302,0,0,7.62176570892334,0,0
0,7.7201060815291,0,36.1794274601623,0,47.4008852640788,0,0,0,0,0,9.89593823502461,0,0,0,0,99.6383323669434,73.4869289398193,44.1175200692539,14.8399541611765,0,0,0,64.3053207397461,0,0,0,0,0,5.1905349002165,0,0,0,0,0,55.8845653533936,0,0,0,54.1715473051994,0,19.9477920270259,60.7128372192383,24.3408075728506,0,32.4077012587129,0,62.8648175326261,0,26.1092204456487,0,48.9580505371094,0,0,0,0,0,7.40725702196608,0,31.2581402914865,0,0,18.8067989804438,0,0,0,0,0,0,0,5.61429495207742,0,0,0,0,0,0,0,56.1423691363374,113.035438537598,6.11860490536958,0,44.3030732416474,47.1474593235896,23.222453100817,21.1396667010644,0
28.3630256652832,0,33.2691518147786,0,37.8363482157389,0,0,0,40.7278137207031,0,8.74392686663447,0,0,0,0,0,68.0871601104736,81.1052627563477,42.4476423354376,0,0,0,0,70.6512756347656,0,0,0,0,0,0,4.47980718986661,0,0,0,0,0,66.3509216308594,0,3.59918522834778,0,54.9238641772951,111.988693237305,21.590299295457,0,24.9642929077148,0,34.2988430337061,61.116512298584,22.3241352855518,58.9669647216797,40.8366966247559,0,0,0,0,0,7.02774566488446,0,0,0,39.0115839640299,0,0,23.3471620591615,0,0,0,0,0,0,0,4.84093782028056,0,0,0,0,0,0,108.226173400879,58.1040084786611,0,5.11569970417768,39.2210138977551,42.7035987854004,19.6125582320164,0,19.9803873933392
0,0,0,0,0,0,0,0,0,0,0,0,0,0,0,0,0,0,0,0,0,0,0,0,0,0,0,0,0,0,0,4.21374862861407,3.95414039461236,5.87306661783538,0,9.80493892322887,0,0,0,3.55962204933167,0,0,0,0,0,0,0,6.25628750713405,0,4.77408154805501,0,0,0,0,0,0,0,0,0,0,0,0,0,0,0,0,0,0,0,0,0,0,0,0,0,7.04190493689643,10.3097070330414,0,5.43899596347365,0,0,0,3.73592752174095,0,0,0,0
0,0,0,0,0,0,0,0,0,0,0,0,0,0,0,0,0,0,0,0,0,0,0,0,0,0,0,0,0,0,0,3.93371379333921,4.41746800661208,0,5.46429088991931,0,5.07692005557399,0,0,14.9140434265137,3.12845172601588,0,0,0,0,0,0,4.69801163006758,6.37265580892563,0,0,0,0,0,0,0,0,0,0,0,0,0,0,0,0,0,0,0,0,0,0,0,0,0,7.04190493689643,0,0,9.65199939727783,0,8.52840102926085,0,0,5.50456006828217,0,0,0,0
0,0,0,0,0,0,0,0,0,0,0,0,0,0,0,0,0,0,0,0,0,0,0,0,0,0,0,0,0,0,0,8.68232382833958,3.90513777732849,4.56884345940446,5.76249479293823,6.09660976484466,0,0,0,0,0,0,0,0,0,0,0,6.91836335520039,18.2958602905273,14.3445777893066,0,0,0,0,0,0,0,0,0,0,0,0,0,0,0,0,0,0,0,0,0,0,0,0,10.3097070330414,0,0,15.6373259895726,7.60763030764435,0,5.07808610416194,0,6.99169046479493,0,0,0,0
0,0,0,0,0,0,0,0,0,0,0,0,0,0,0,0,0,0,0,0,0,0,0,0,0,0,0,0,0,0,0,0,9.44099715698597,4.38199724632761,4.97546944493107,0,4.16560112635295,0,5.64289074847573,0,0,0,0,0,0,0,0,7.03554533713818,3.2600622177124,0,0,0,0,0,0,0,0,0,0,0,0,0,0,0,0,0,0,0,0,0,0,0,0,0,0,9.65199939727783,15.6373259895726,0,0,7.91541985142122,0,5.41455633133307,8.28057022364634,0,0,0,0
0,48.6164029319331,0,53.6272693210178,0,25.8569206237793,0,0,0,0,0,3.48692491650581,0,0,0,0,81.6227574571271,76.2943787010093,53.7687542083295,6.52924056877201,0,0,0,83.0403289794922,0,81.7993850708008,0,0,0,0,0,5.66791742974585,0,5.65026241930846,0,7.41525841974898,28.539325873057,7.55438562016279,0,9.42667995907536,83.8523610432943,31.2158605613374,69.0453143119812,35.0322336590724,0,31.6479598883195,87.4993545532227,6.07843213767617,0,19.4720885019553,0,66.0889511108398,0,0,0,0,0,58.2658149174282,0,0,0,0,14.3454444940029,91.0739860534668,0,0,0,0,0,0,75.2305641174316,0,56.1423691363374,108.226173400879,5.43899596347365,0,7.60763030764435,0,0,92.4296095989369,17.350281326983,101.104101816813,29.5649155603783,28.3745062748591,28.8577006675169,30.7047419400255,67.2471855708531
41.8592952728271,0,37.4184058189392,0,21.0376789910453,0,0,0,21.9504337310791,0,14.9456581274668,0,0,0,0,0,71.1774000702885,83.5073395694595,54.0930581849483,0,11.2630979236543,0,0,0,0,108.718456268311,0,0,0,0,0,0,4.50333562129881,0,7.37158095720902,3.81754688348026,7.30459538718558,0,9.9336092784224,79.4825553894043,13.0631919337839,63.2621815421365,32.2331284236501,83.658863067627,30.7060851287842,62.3039321899414,28.7173439257758,6.54269329986242,25.0123364661268,78.1744537353516,18.4512545129527,0,0,0,49.0455198287964,0,49.6947135237547,0,35.4060745239258,0,0,122.836433410645,0,16.0340737841019,0,0,0,0,0,0,0,0,113.035438537598,58.1040084786611,0,8.52840102926085,0,7.91541985142122,92.4296095989369,0,86.187749226888,9.93331988903718,36.4608175842192,28.5597171213642,30.3489601729667,83.0203981399536,28.2006065239125
0,36.6220993041992,0,40.8188495959266,0,45.3683258056641,0,0,0,5.32440183276222,0,10.227134350368,0,0,0,0,75.7535257611956,62.5754793153392,46.5413569352433,12.5050526926151,0,9.73453406698081,0,8.12510362678561,0,69.7492218017578,0,7.41511297225952,0,0,0,0,0,0,0,8.86818816705986,0,5.1294040790196,3.4654390335083,31.9073829033614,80.0543716430664,30.95030778642,57.4432931379838,26.3701199488853,0,29.7141471348878,73.4864587783813,10.0337146915347,0,11.7869531277091,0,52.9844226837158,0,0,0,0,0,13.646933779512,0,46.8593330383301,0,0,17.6862137576494,0,8.6376309818961,0,8.50008135346805,0,22.3103138208389,0,4.92288106634875,0,6.11860490536958,0,0,0,5.07808610416194,0,17.350281326983,86.187749226888,0,75.8887138366699,33.3773357105255,31.1586320950435,24.1280482011339,21.7363144271865,72.1030667622884
