0,0,0.00790402269967788,0,0,0,0,0,0.0288005089303124,0,0,0,0,0,0,0,0,0,0.000318884210313151,0,2.07977940350418e-05,0,0,0,0,0,0,0,0,0,0,0,0,0,0,0,1.70146663270171e-05,0,0,0,0,0,0.000202378241791904,0,0,0,2.96616988410582e-05,0,0.0351072841050698,0,0,0,0,0,0.00808870953439796,0,0.00328486734733882,0,0.00273599686324426,0,0.00505207699160043,0,0,9.55006677988252e-05,0,0,0,0.000180944374098213,0,0,0,0,0,0,0,0,0,0,0,0.000140621156466144,0,3.75765814464858e-05,0.000330645069736195,0,0.00930100729971385,0,0
0,0,0,0.025641770090127,0,0,0,0,0,0.011273625875733,0,0,0,0,0,0,0,0,8.53925062337703e-05,0,0,0.000100471166717703,0,0.000267095716108806,0,0,0,0,0,0,0,0,0,0,0,0,0,3.13389872882834e-05,0,0,0,0.0139141079048319,0,0,0,0.000384726024199874,0,0,0,0.0161141529400464,0,0,0,0,0,0.104640471893203,0,0.000263332256116662,0,3.62780698911055e-05,0,0.00309071566990263,0,0,0.000165016997905059,0,0.00123888582128521,0,0.0025936140345863,0,3.66006391059838e-05,0,0.000247470967160834,0,0,0,0,0,1.57511447803945e-05,0,3.40251994694098e-06,0,0.000172550827663886,0,0.00821918744364019,0.00108293906690341,0
0.00790402269967788,0,0,0,0,0,0,0,0.00656979767283215,0,0.000127383246806638,0,0,0,0,0,0,0,6.41817422129061e-05,0,0.000182679533767492,0,0,0,0,0,0,0,0,0,8.3106741149825e-05,0,0,0,0,0,0,0,0,0,0,0,0.000264874169804722,0,0,0,1.97875785824732e-05,0,0.000495855826818198,0,0,0,0,0,0,0,0.000167584278460138,0,0,0,0.000763183936805523,0,0,7.0528430255077e-05,0,0,0,0,0,0,0,0,0,0,0,0,0,0,0,0,0,0,0.000333959048555155,0,0.00424861544990996,0,0
0,0.025641770090127,0,0,0,0.0174268952591143,0,0,0,0.0162835605507091,0,0,0,0,0,0,0,0,5.93908866936377e-05,0,0,0,0,3.55386420884275e-05,0,0,0,0,0,0,0,0,0,0,0,7.80207505203738e-05,0,0,0,0.000104191799650325,0,0.0045783713752652,0,8.95978975046403e-05,0,0.00750318564908519,0,0,0.00010556607539273,0.00567293248587653,0,0.0347277367460948,0,0,0,0.0131618523776399,0,0.000245956480248764,0,0.0023691566058708,0,0.00821953886311739,0,0,0,0,0,0,0,0,0,0,0.00190206585867564,0,0,0,0,0,3.71119390785364e-05,0,5.92400491679955e-05,0,0.000966999253405496,0,0.00899144560225331,0.00369326334857452,0
0,0,0,0,0,0,0.0127151784234362,0,0,0,0.000406534119601039,0,0,0,0,0,0,0,0,0,0.0291023739422863,0,0,0,0,0,0,0,0,0,5.47677805832975e-05,0,0,0,0,0,1.49547055510635e-05,0,0,0,0,0,0.000981025403920339,0,0,0,0,0,0.00103494044407608,0,0.0552854958575433,0,0.000230253023179852,0,0,0,0.00269423596718789,0,0.000161516365864731,0,0.000316680843658879,0,0,0.00347609562984422,0,0,0,0,0,0,0,0,0,2.70746573432911e-05,0,0,0,0,0,2.24079058005708e-05,0,4.17898867313102e-06,0.000348195016412561,0,0.00669716195170579,0,0
0,0,0,0.0174268952591143,0,0,0,0.00828796428307286,0,0.000133315552375279,0,0,0,0,0,0,0,0,0,0.000214649025874319,0,0,0,0,0,0,0,0,0,0,0,0,0,0,0,6.18405898947829e-06,0,0,0,0.000106940020669711,0,0.000179359258557657,0,0,0,0,0,0,0,0.000621848370032292,0,0.0153223224713943,0,0.00279205001910871,0,0,0,0,0,0,0,0.000763779408814863,0,0,0,0,0,0,0,0,0,0,0.000118720152914741,0,0,0,0,0,0,0,0,0,0.000579343165119404,0,0.00334555806964103,0.00247675762969139,0
0,0,0,0,0.0127151784234362,0,0,0,0,0,0.00633922881353167,0,0,0,0,0,0,0,0,0,0.000300677151487511,0,0,0,0,0,0,0,0,0,0,0,0,0,0,0,0,0,0,0,0,0,0,0,0,0,0,0,0,0,0.000372776233733805,0,0.0799981019345078,0,0,0,0.00227515049541649,0,0,0,0,0,0,0,0,0,0,0,0,0,0,0,0,0,0,0,0,0,0,0,0,0,0.000846314585696305,9.04774268165413e-05,0,0,0
0,0,0,0,0,0.00828796428307286,0,0,0,0,0,0.00528931426831011,0,0,0,0,0,0,0,0,0,0,0,0,0,0,0,0,0,0,0,0,0,0,0,0,0,0,0,0,0,0,0,0,0,0,0,0,0,0,0,0.00296590507544554,0,0.0206310619149175,0,0,0,0.00512717221533708,0,0,0,0,0.00204193552955686,0,0,0,0,0,0,0,0,0,0,0,0,0,0,0,0,0,0,0,6.51565270952392e-06,0,0,0,0
0.0288005089303124,0,0.00656979767283215,0,0,0,0,0,0,0,0,0,2.07999055943189e-05,0,0.00386305012812554,0,0.0180987481244104,0.00375970263433633,0.00227040796941479,0,0,0,0.000134829292738258,0,0.0244420750867719,0,0.00897577839728352,0,0.000206559143624843,0,0,0,0,0,0,0,0,0,0.000536432970998076,0,0,0,0.00188805781049247,0,0,0,0,0,0.0032168724262093,0,0,0,0,0,0.0681748510605457,0,0,0,0.000441281468248744,0,0.00204898666649669,0,0,0,0,5.48039232294424e-06,0,0.00310821085729579,0,0.00168220287998157,0,0,0,0,0,0,0,0,0,0,0,4.44956872044823e-05,0.00297124205132049,3.43775300658223e-05,0.0114180726195794,0,0
0,0.011273625875733,0,0.0162835605507091,0,0.000133315552375279,0,0,0,0,0,0,0,0,0,0.00248581337252683,0,0,0,0,0,1.41829933812464e-05,0,0.000869002933331333,0,0,0,0,0,0,0,0,0,0,0,1.60769113987215e-05,0,0.00189291415589544,0,0,0,0.000515123991074899,0,0,0,4.85336032267001e-05,0,0,0,0.000288977182291014,0,0,0,0,0,0.0579939535909786,0,0,0,0,0,0.00088412484875159,0,0,0,0,0.00114249309612933,0,0,0,0,0,4.58076083075572e-05,0,0,0,0,0,0,0,0.00228742604674335,0,0.00257519746274047,0,0.00085026942381772,0.000377444983363409,0
0,0,0.000127383246806638,0,0.000406534119601039,0,0.00633922881353167,0,0,0,0,0,0.00293318497916495,0,0,0,6.27915013112613e-06,3.40247224191893e-05,0.000570366437464403,0,0.0183303980208563,0,0,0,0,0,0,0,0,0,0.0256345834575086,0,0,0,0,0,0.000123945218558485,0,0.0219633850146915,1.72590713921569e-05,0,0,0.001531585206247,7.85222733724906e-05,1.8964431624675e-05,0,0.00171254867215269,0,5.46272706555681e-05,0,0.000193775938166229,0,0.011649466540976,0,0,0,0.0700889817845681,0,8.42728518472054e-05,0,0,0,0,0.0234476316214703,0,0,0,0,0,0,0,0.000168127255941071,0,0.00267292781207882,0,0,0,0,1.66313470386406e-06,0.00083133824109135,0,0.00160061857656924,0.00259326796657749,0.000114705253654451,0.00480462155813354,0,0.00137569997085378
0,0,0,0,0,0,0,0.00528931426831011,0,0,0,0,0,0.0058983565196018,0,0,0,0,0,0.00278676365321693,0,0,0,0,0,0,0,2.97850228334739e-05,0,0.0147416111467668,0,0,0,0,0,0.00200068601557098,0,0.0033636174718651,0,0,0,0,0,0,0,0,0,0,0,0,0,0,0,0,0,0,0,0.0763983054580424,0,0.00273773954502039,0,0,0.0112351257437533,0,0,0,0,0,0,0,0.000596976825082102,0,0.00536402128601795,0,0,0,0,0,0,0,0.000657487920899271,0,0.000912091930976919,0,0.00168368965545924,0,0
0,0,0,0,0,0,0,0,2.07999055943189e-05,0,0.00293318497916495,0,0,0,0.00050855502766911,0,0.000693805423812983,3.56002929466281e-06,7.76244021214064e-06,0,0,0,5.14071125489823e-06,0,0,0,9.467441150246e-05,0,0.000904051226201415,0,0,0,0,0,0,0,0,0,0,0,0,0,0,0,0,0,0,0,0,0,0,0,0,0,0,0,0.00037242243603731,0,0.0304864358552215,0,4.64219856606178e-05,0,0,0,0,0,0,0,0,0.000232326828059648,0,0.00188161255801223,0,0,0,0,0,0,0,0,0,0,0.000171328639878323,1.11062465158565e-05,0,0,0
0,0,0,0,0,0,0,0,0,0,0,0.0058983565196018,0,0,0,0,0,0,0,0,0,0,0,0,0,0,0,0,0,0,0,0,0,0,0,0,0,0,0,0,0,0,0,0,0,0,0,0,0,0,0,0,0,0,0,0,0,0.00716983050941904,0,0.00427358893089689,0,0,0,0,0,0,0,0,0,0,5.4755643044311e-05,0,0,0,0,0,0,0,0,0,0,0,0.000147544454584219,0,0,0,0
0,0,0,0,0,0,0,0,0.00386305012812554,0,0,0,0.00050855502766911,0,0,0,0.00953523237352736,0.000159452737729659,0.000103059217446834,0,0,0,0.000106498661734005,0,0.0018209356057029,0,0.0168921471871016,0,0.00685651362699216,0,0,0,0,0,0,0,0,0,0,0,0,0,0,0,0,0,0,0,0.000248457973675058,0,0.00233760380950958,0,0,0,0.00207316434528016,0,0.0018268390984712,0,0.00825487394568517,0,0.00532859952939081,0,0,0,0,0,0,0.000317371500610595,0,0.00147530275777964,0,0.00186069444165835,0,0,0,0,0,0,0,0,0,0,0.000647746288251708,3.26411478380495e-05,0,0,0
0,0,0,0,0,0,0,0,0,0.00248581337252683,0,0,0,0,0,0,0,0,0,0,0,0,0,0,0,0,0,0,0,0,0,0,0,0,0,0,0,0,0,0,0,0,0,0,0,0,0,0,0,0,0,0,0,0,0,0.00244856973146124,0,0,0,0,0,0.00879190430486555,0,0,0,0,0,0,0,0,0,0,0,0,0,0,0,0,0,0,0,0,0.000139630513019082,0,0,0,0
0,0,0,0,0,0,0,0,0.0180987481244104,0,6.27915013112613e-06,0,0.000693805423812983,0,0.00953523237352736,0,0,0.100509573740251,0.048591559886882,0,0.000104770911710315,0,0.00537517519985226,0,0.0162037275731761,0,0.0432480575140237,0,0.00888973842674322,0,2.95588316646944e-06,0,0,0,0,0,9.80639857079263e-05,0,1.23453094496193e-06,0.000327491112947463,4.40684213966307e-05,0.000625140761448752,0.00150494051714615,0.000163148847871267,0.000249028279101446,1.34606236157419e-05,0.000374934555462824,0,0,3.63624052997257e-05,0,0,0,0,0.00328026731394756,0,0.000124819500525736,0,0,0,0.00613010191062012,0,6.93894948156288e-06,0.000162087267527981,0,3.90718223148823e-05,0,0.00192143449680932,0,0.0100840449266827,0,0.00101348443577564,0,0,0,0,0,0,0.000317480610607272,0.00147895937013187,0,0.000296249272835292,0.042751141766681,0.00963968005700973,0.000625928653243426,4.65674020766926e-05,0.00061465807587828
0,0,0,0,0,0,0,0,0.00375970263433633,0,3.40247224191893e-05,0,3.56002929466281e-06,0,0.000159452737729659,0,0.100509573740251,0,0.0864715296013719,0,3.85463308611791e-05,0.000488040447655918,0.000296759573813801,0,0.00423656271501545,0.00106310876296524,0.00358301704547541,0,4.50303102987617e-05,0,0,0,0,0,0,5.46902059269571e-06,1.27217958149117e-05,0,1.87115461905358e-05,0.000200010474467653,0,0.000448441693016908,0.000260890087108371,0.000215558719194443,7.96625940881378e-05,7.46673783520924e-05,0.000141959207546629,0,0,6.49065551277476e-06,0,0,0,0,0.000686126596285382,0,4.57399818489189e-05,0,0,0,0.000104541054114424,0,0.000129956108199623,2.82651583923181e-05,0.000498330270154798,0,0,0.000442993128286764,0,0.000613467941463758,0,0,2.98876199387261e-06,0,0,0,0,0,0.000157272721596605,0.000484699133041718,9.86258918963113e-06,6.06063444969185e-05,0.0294462443976243,0.000164671620849701,0.00030547209543758,0.000130666755493714,0.000158567824882629
0.000318884210313151,8.53925062337703e-05,6.41817422129061e-05,5.93908866936377e-05,0,0,0,0,0.00227040796941479,0,0.000570366437464403,0,7.76244021214064e-06,0,0.000103059217446834,0,0.048591559886882,0.0864715296013719,0,0,0.000901211759201206,0,5.52621363224153e-05,0,0.00106958628075336,0,0.000534280798061296,0,4.0658407469543e-06,0,0.000201748326749098,0,0,0,0,0.00016914856500887,0.000593165097858106,0,0.000170313673721959,0.0118884549647128,0,0.0366016347668136,0.0122865270180426,0.0169357981444809,0.00184013046667613,0.00214219645055077,0.00307087199298522,0,1.4240211574409e-05,0.00327056872196159,0,0,0,0,7.67129775374078e-05,0,0.000603865441291245,5.2436893686542e-05,0,0,3.15701303822205e-05,0,0.00314489702527177,0.00153352335845873,0,0,0,0.000114183519615428,0,6.27158847765921e-05,0,0,0.00137744927159716,2.99733491410078e-05,0,0,6.0994517966322e-05,0,0.00792917635725327,0.0100024822163306,0.000978864221215891,0.00169464003161056,0.0180821438514639,0.00106458158282235,0.0295520610270735,0.00690786788200903,0.00624262928928761
0,0,0,0,0,0.000214649025874319,0,0,0,0,0,0.00278676365321693,0,0,0,0,0,0,0,0,0,0,0,0,0,0,0,0,0,0,0,0,0,0,0,0.00588458995276049,0,0.000132622222398308,0,0,0,0,0,0,0,0.000262676504553279,0,0,0,0,0,0,0,0,0,0,0,0.00221922064714866,0,0,0,0,0.0451090261657554,0,0,0,0,0,0,0,0,0,0,0,0,0,0,0,0.00121331487843056,0,0.000411771413536362,0,0.00035212766729154,0,0.00595395810073461,0,0
2.07977940350418e-05,0,0.000182679533767492,0,0.0291023739422863,0,0.000300677151487511,0,0,0,0.0183303980208563,0,0,0,0,0,0.000104770911710315,3.85463308611791e-05,0.000901211759201206,0,0,0,0,0,0,0,0,0,0,0,0.00207556896322886,0,0,0,0,1.51404989198704e-06,0.00456084918766411,0,0.00226644740962456,0,0,0,0.00422830509093525,5.26681733221627e-05,0.000432973662251658,0,0.00352422214989296,0.000378258200461692,6.17551466270923e-05,0,0.00417220558605825,0,0.00144204824520489,0,0,0,0.0278691520881302,0,0,0,0,0,0,0.092036672485301,0,0,0,0,0,0,0,0.000422080903063615,0,0.0020883387652166,0,0,0,0,5.95656849818894e-05,0.0173661858382009,0,0.00163399499478279,0.000758257536444152,1.71309858517841e-05,0.00990684851556921,0,0.00515006782257824
0,0.000100471166717703,0,0,0,0,0,0,0,1.41829933812464e-05,0,0,0,0,0,0,0,0.000488040447655918,0,0,0,0,0.00185954918696166,0.000848765349828333,0,0.000398357304531633,0,0.000587039608603644,0,0,0,0,0,0.00035413679066224,0,0,0,0.00613627413704289,0,0,0,2.2635267273771e-05,0,0,0,0,0,0.000226712904712854,0,0.00409223653683851,0,0,0,0,0,0,0,3.60996249250877e-06,0,0,0,2.01863335979978e-05,8.43864456214361e-06,0,0.0773476359104452,0,0.00161121440814722,0,0.000618662180474994,0,0.000106284348417122,0,0,0,0,0,0,0,7.97560260749387e-07,0,0.005420316133514,0,0.00332362990477932,0.000558606323142501,0.000338019584819828,5.95130538608255e-06,0
0,0,0,0,0,0,0,0,0.000134829292738258,0,0,0,5.14071125489823e-06,0,0.000106498661734005,0,0.00537517519985226,0.000296759573813801,5.52621363224153e-05,0,0,0.00185954918696166,0,0,0.00152353713363481,0,0.00137301919956452,0,0.00102678105679937,0,0,0,0,0,0,0,0,0,0.00323216193376161,0,0,2.96618154922769e-06,0,0,0,0,0,0,0.00049167683114328,0,0,0,0,0,6.47725211390545e-06,0,0,0,0,0,5.65881183800537e-05,0,0,0,0.00020717629430779,0.0588508130386393,0,0.000711545251981776,0,0.00172839680045416,0,0.00414408415410639,0,5.19549149596431e-06,0,0,0,0,0,0,0,0.00140013226050995,0.00120643946328455,0.000105982185380174,0,0,0
0,0.000267095716108806,0,3.55386420884275e-05,0,0,0,0,0,0.000869002933331333,0,0,0,0,0,0,0,0,0,0,0,0.000848765349828333,0,0,0,0.010397161960801,0,0,0,0,0,0,0,0,0,0,0,0.00315965530280302,0,0,0,0.000231806724813504,0,0,0,1.25185130873378e-05,0,0,0,0.00625335578978139,0,0,0,0,0,0.00107518054658874,0,0,0,0,0,0.00171191145087854,0,0,0.00341831928703524,0,0.183053542141638,0,0.0094488239979209,0,0,0,0,0,0,0,0,0,0,0,0.00362193259871242,0,0.000549328376373533,0,0.00129251513620895,0,0
0,0,0,0,0,0,0,0,0.0244420750867719,0,0,0,0,0,0.0018209356057029,0,0.0162037275731761,0.00423656271501545,0.00106958628075336,0,0,0,0.00152353713363481,0,0,7.39946074075695e-05,0.00651114876645036,0,8.83833939527454e-05,0,0,0,0,0,0,0,0,0,0.000456954452237785,0,0,3.04640497119594e-05,0.00020829225145739,0,0,0,0,0,0.000832513717822921,0,0,0,0,0,0.0122787896254423,0,0,0,0,0,0.00108928556557281,0,0,0,0,0.00199044385347284,0,0.0711901802750127,0,0.00807718334920766,0,0.00140057636725581,0,0,0,0,0,0,0,4.97327372097397e-06,0,0.000108878938404643,0.00151546688696376,4.0025392624468e-05,0.00169353964278772,0,0
0,0,0,0,0,0,0,0,0,0,0,0,0,0,0,0,0,0.00106310876296524,0,0,0,0.000398357304531633,0,0.010397161960801,7.39946074075695e-05,0,0,0.00195958344011492,0,0,0,0,0,0,0,0,0,1.4434734546482e-05,0,0,0,0,0,0,0,0,0,0,0,0.000260465333932738,0,0,0,0,0,0,0,0,0,0,0,0.000566996405864279,0,0,0.000702079756750851,0,0.0226298073356248,0,0.0260950330207132,0,0.00188462739587961,0,0,0,0,0,0,0,0,0,3.34230203569775e-06,0,5.96328525990238e-05,0,0,0,0
0,0,0,0,0,0,0,0,0.00897577839728352,0,0,0,9.467441150246e-05,0,0.0168921471871016,0,0.0432480575140237,0.00358301704547541,0.000534280798061296,0,0,0,0.00137301919956452,0,0.00651114876645036,0,0,0,0.00146152966753202,0,0,0,0,0,0,0,0,0,0,0,0,0,0,0,0,0,0,0,0,0,0,0,0,0,0.00730445473162515,0,0,0,0,0,0.00408966678278334,0,0.000150403994380963,0,0,0.000131928789750043,0,0.000266384714856932,0,0.0253970538209079,0,0,0,0,0,0,0,0,0,1.88785053918863e-05,0,0,0.00142582922004262,3.80952591508991e-05,0,0,8.58931517323074e-05
0,0,0,0,0,0,0,0,0,0,0,2.97850228334739e-05,0,0,0,0,0,0,0,0,0,0.000587039608603644,0,0,0,0.00195958344011492,0,0,0,0.00337078787580096,0,0,0,0,0,0,0,0,0,0,0,0,0,0,0,0,0,0,0,0,0,0,0,0,0,0,0,0,0,5.71347466006724e-05,0,0,0,0,0,0,0,0,0.00315229475571632,0,0.0249625398617037,0,0.00414546192829192,0,0,0,0,0,0,0,0,0,2.47255401595182e-05,0,0,0,0
0,0,0,0,0,0,0,0,0.000206559143624843,0,0,0,0.000904051226201415,0,0.00685651362699216,0,0.00888973842674322,4.50303102987617e-05,4.0658407469543e-06,0,0,0,0.00102678105679937,0,8.83833939527454e-05,0,0.00146152966753202,0,0,0,0.0104612195526526,0,0,0,0,0,0,0,0.000164800922695579,0,0,0,0,0,0,0,0,0,0,0,0,0,0,0,4.28906751549038e-05,0,0,0,4.42920197335911e-05,0,0.00068479431357376,0,0,0,0,0.00252782095415343,0,4.09634499681664e-05,0,0.000313725374669081,0,0.0339851906770379,0,0.00622155381320851,0,0,0,0,0,0,0,0.000404227315975269,0.000894181502293052,6.32141236418464e-05,0,0,0
0,0,0,0,0,0,0,0,0,0,0,0.0147416111467668,0,0,0,0,0,0,0,0,0,0,0,0,0,0,0,0.00337078787580096,0,0,0,0,0,0,0,0,0,0.000711655382808711,0,0,0,0,0,0,0,0,0,0,0,0,0,0,0,0,0,0,0,0.00318476982270763,0,0,0,0,0,0,0,0,0,0,0,0,0.00696015049105967,0,0.0442287483505194,0,0,0,0,0,0,0,0.0010027291805927,0,0,0,0,0,0
0,0,8.3106741149825e-05,0,5.47677805832975e-05,0,0,0,0,0,0.0256345834575086,0,0,0,0,0,2.95588316646944e-06,0,0.000201748326749098,0,0.00207556896322886,0,0,0,0,0,0,0,0.0104612195526526,0,0,0,0,0,0,0,1.64239705901159e-06,0,0.00438922932479272,0,0,0,0.00192399744214134,0,0,0,0.00104517737508814,0,0,0,3.63193826886004e-05,0,0,0,0,0,0.0462993885350626,0,0,0,0,0,0,0.00752917040792165,0,0,0,0,0,0,0,0,0,0.13741803243471,0,0,0,0,0,0.000159665490280398,0,0.00418063596207618,5.33044449241995e-05,7.42132627823801e-06,0.00312956430253999,0,0.00366060282636701
0,0,0,0,0,0,0,0,0,0,0,0,0,0,0,0,0,0,0,0,0,0,0,0,0,0,0,0,0,0,0,0,0.0126027607657884,0.000286756460802064,0.000475350802955261,0.00403499784982469,0,0,0,0,0,3.30376619296843e-05,0,0,0,0,0,0.092439824056863,0.000267532812236254,0.000237413182586127,0,0,0,0,0,0,0,0,0,0,0,0,0,0,0,0,0,0,0,0,0,0,0,0,0.224772048761893,0.0192850860224611,0.000520025197035331,0.000991742509736855,0.00379253815769717,0,0,0,0.00196518500619587,0,1.37358058277335e-05,0,0
0,0,0,0,0,0,0,0,0,0,0,0,0,0,0,0,0,0,0,0,0,0,0,0,0,0,0,0,0,0,0,0.0126027607657884,0,0.0028106723901479,5.61305402237014e-05,0,0.00152612249101222,0,0,0,0,0,0,0,0,0,0,0.0776302564517772,0,0,0,0,0,0,0,0,0,0,0,0,0,0,0,0,0,0,0,0,0,0,0,0,0,0,0.029991100294341,0.429130406193541,0,0.00166575979345101,0,0.00505558726330645,0,0,0.000412542665261638,0,0,0,0
0,0,0,0,0,0,0,0,0,0,0,0,0,0,0,0,0,0,0,0,0,0.00035413679066224,0,0,0,0,0,0,0,0,0,0.000286756460802064,0.0028106723901479,0,0.0195682514768343,0.00113917833978663,0,0.00729895835924254,0,0,0,0,0,0,0,0,0,0.147717894605047,7.53968197522714e-05,0.000397008902074781,0,0,0,0,0,0,0,0,0,0,0,0,0,0,9.74381113179347e-05,0,0,0,0,0,0,0,0,0,0,0.00108491647970325,0.134077299202182,0.0180126228544055,0.000563471575041919,0,0.0189944969572667,0,0.00134149773624947,0.000136655703523706,0.000492176735155952,0,0
0,0,0,0,0,0,0,0,0,0,0,0,0,0,0,0,0,0,0,0,0,0,0,0,0,0,0,0,0,0,0,0.000475350802955261,5.61305402237014e-05,0.0195682514768343,0,0,0.00108364253888869,0,0.000936189775648396,0,0,0,0,0,0,0,0,0.022362397097464,0.00113974288354395,0,0,0,0,0,0,0,0,0,0,0,0,0,0,0,0,0,0,0,0,0,0,0,0,0,0,0.00688344225680468,0.00610972922050495,0.155702739418553,0,0.0016301281799265,0,0.0017029515845435,8.7793730003365e-05,0,0,0,0
0,0,0,7.80207505203738e-05,0,6.18405898947829e-06,0,0,0,1.60769113987215e-05,0,0.00200068601557098,0,0,0,0,0,5.46902059269571e-06,0.00016914856500887,0.00588458995276049,1.51404989198704e-06,0,0,0,0,0,0,0,0,0,0,0.00403499784982469,0,0.00113917833978663,0,0,8.06453176253563e-05,0.00719902072441747,3.09595389206446e-05,2.68567589852872e-05,0,0.000286415008706383,0,6.75101354955071e-05,0,0.000489864514819749,0,9.84947587498301e-05,0,3.38722652242103e-06,0,0,0,0,0,0,0,6.23009357318039e-05,0,0,0,0,0.00564028820067148,0,0,0,0,0,0,0,0,0,0,0,0.00180173683605296,0,0.00348549446159702,0,0.0553140389143606,0.000231184359987833,0.00464280996681291,0,0.00566139476121253,0.000114843458826371,0.000519405689055205,4.24400816296086e-05,0
1.70146663270171e-05,0,0,0,1.49547055510635e-05,0,0,0,0,0,0.000123945218558485,0,0,0,0,0,9.80639857079263e-05,1.27217958149117e-05,0.000593165097858106,0,0.00456084918766411,0,0,0,0,0,0,0,0,0,1.64239705901159e-06,0,0.00152612249101222,0,0.00108364253888869,8.06453176253563e-05,0,0,0.0140342128449279,0,1.86557527672248e-05,1.74126742215325e-06,0.000291117080308401,0,5.04242629101221e-05,0,1.62506132958033e-05,0,0.000212874958523263,0,3.21888447709484e-06,0,0,0,0,0,9.07893743262159e-05,0,0,0,0,0,0,0.00265403152135708,0,0,0,0,0,0,0,0,0,1.35876244873073e-06,0,0.000611026454197924,0,0.000323227255972335,0.00020628469951015,0.0672559844393202,0,0.00232977995036148,0.0088813336529117,0.00116693485377212,0.00050397975828368,0,0.000337139047651723
0,3.13389872882834e-05,0,0,0,0,0,0,0,0.00189291415589544,0,0.0033636174718651,0,0,0,0,0,0,0,0.000132622222398308,0,0.00613627413704289,0,0.00315965530280302,0,1.4434734546482e-05,0,0,0,0.000711655382808711,0,0,0,0.00729895835924254,0,0.00719902072441747,0,0,0.000201056360365171,0,0,0.000685625015483393,0,0,0,6.23610550417849e-06,0,0.00638017822281284,0,0.00840681763101854,0,0,0,0,0,0.000875299452505649,0,0.00145217832714821,0,0,0,0,0.000298779198542902,0,0.0048506948981981,0,0.00397831613194264,0,5.22141026618726e-05,0,4.36562138097043e-06,0,0.00118176232206439,0,0,0,0.00467891787484361,0,0.00262172952090467,0,0.0629850808769792,7.13495774107287e-06,0.00381865934544217,0.000320709365417155,0.00273988804886638,0,0
0,0,0,0,0,0,0,0,0.000536432970998076,0,0.0219633850146915,0,0,0,0,0,1.23453094496193e-06,1.87115461905358e-05,0.000170313673721959,0,0.00226644740962456,0,0.00323216193376161,0,0.000456954452237785,0,0,0,0.000164800922695579,0,0.00438922932479272,0,0,0,0.000936189775648396,3.09595389206446e-05,0.0140342128449279,0.000201056360365171,0,0,0.000237424510686085,0,0.000202481940538349,0,1.25617018110672e-05,0,0.000106118457552233,0.00104305241506238,0.00386259223067867,0,4.1026871450128e-05,0,0,0,0.00102336276026821,0,0.0053201747464763,0,0,0,0,0,0,0.00276101433682279,0,0.00316888513595225,0,0.000134749968586052,0,0,0,0.00071344188400132,0,0.000512505478371394,0,0,0,0.000485873127352048,0,0.00184553970451154,0,0.0755721300171741,0.00576927408455509,0.000458246651968701,0.00274919431919624,0,0.000246585583420705
0,0,0,0.000104191799650325,0,0.000106940020669711,0,0,0,0,1.72590713921569e-05,0,0,0,0,0,0.000327491112947463,0.000200010474467653,0.0118884549647128,0,0,0,0,0,0,0,0,0,0,0,0,0,0,0,0,2.68567589852872e-05,0,0,0,0,0,0.0403383158406102,0.000194490134842045,0.00960534270067799,0,0.00367372419225691,8.40448153698612e-06,0,0,0.0228378651949339,0,0,0,0,0,0,0,0,0,0,0,0,0.00227570541179225,0,0,0,0,0,0,0,0,0,0.000319623595775032,0,0,0,0,0,0.00149411206606871,0.000111239009323828,9.76708921249985e-05,1.70216527138424e-05,0.00022048880518527,2.26205955801526e-05,0.017850058249409,0.0140882051908976,0
0,0,0,0,0,0,0,0,0,0,0,0,0,0,0,0,4.40684213966307e-05,0,0,0,0,0,0,0,0,0,0,0,0,0,0,0,0,0,0,0,1.86557527672248e-05,0,0.000237424510686085,0,0,0,0.00435127464640116,0,0,0,0,5.58234042552066e-05,0.0024847973479114,0,0,0,0,0,0,0,0.000157572690817794,0,0,0,0,0,0,0.000906700330627578,0,0,0,0,0,0,0,0,0,4.56371599247317e-05,0,0,0,0,0,0.000726818216193541,0,0.00127794659739557,0.000189208925031238,0,0.00565408148422567,0,0.00135574967812671
0,0.0139141079048319,0,0.0045783713752652,0,0.000179359258557657,0,0,0,0.000515123991074899,0,0,0,0,0,0,0.000625140761448752,0.000448441693016908,0.0366016347668136,0,0,2.2635267273771e-05,2.96618154922769e-06,0.000231806724813504,3.04640497119594e-05,0,0,0,0,0,0,3.30376619296843e-05,0,0,0,0.000286415008706383,1.74126742215325e-06,0.000685625015483393,0,0.0403383158406102,0,0,0.0141103387759689,0.0145822253524864,9.30541499043391e-05,0.00571526498613957,0.000334317769324874,0.00290363412206922,0,0.0324280239058802,0,0,0,0,0,6.64346967633442e-05,8.32213699911805e-05,0.00128780027979147,0,0,0,0,0.00606679289379529,2.98388977723961e-05,4.00126219114163e-05,0,0.000313859231332393,0,0.000150613439869219,0,0,0,0.00579245808675309,0,0,0,0.000139821601853664,0,0.0144930255712318,0.000122338053453583,0.000344609388242315,5.03018525625307e-05,0.00570068222267821,6.99561913248147e-05,0.0728084263072467,0.0679249955623958,0.000450465591926681
0.000202378241791904,0,0.000264874169804722,0,0.000981025403920339,0,0,0,0.00188805781049247,0,0.001531585206247,0,0,0,0,0,0.00150494051714615,0.000260890087108371,0.0122865270180426,0,0.00422830509093525,0,0,0,0.00020829225145739,0,0,0,0,0,0.00192399744214134,0,0,0,0,0,0.000291117080308401,0,0.000202481940538349,0.000194490134842045,0.00435127464640116,0.0141103387759689,0,1.24640986768831e-05,0.00312106160197815,0,0.0104249987061428,0.00427136995878262,0.0308104460775405,0,0,0,0,0,0,0,0.0117525379648648,0,0,0,0,0,0,0.0225571374342449,0,0,0,0.000293571111351896,0,0.000207146767556113,0,0.000187761482259831,0,0.00129450926217516,0,0,0,0,5.00482142492441e-05,0.00950646780868738,0,0.00189472328469603,0.00444585246799438,0.000141243972407218,0.125996889006935,0,0.0684966992384607
0,0,0,8.95978975046403e-05,0,0,0,0,0,0,7.85222733724906e-05,0,0,0,0,0,0.000163148847871267,0.000215558719194443,0.0169357981444809,0,5.26681733221627e-05,0,0,0,0,0,0,0,0,0,0,0,0,0,0,6.75101354955071e-05,0,0,0,0.00960534270067799,0,0.0145822253524864,1.24640986768831e-05,0,0.000647849984260318,0.000178468574718251,0.000150116466613795,0,0,0.000978188312275875,0,0,0,0,0,0,0,0,0,0,0,0,0.00104391717706856,1.59256892846818e-05,0,0,0,0,0,0,0,0,0.00176776022508851,0,0,0,2.40136888746297e-05,0,0.00268767543331464,0.000108973606814767,0.000496271492509597,0,0.000441537871389156,8.10998298873665e-06,0.00860863468085939,0.00763321939248882,0
0,0,0,0,0,0,0,0,0,0,1.8964431624675e-05,0,0,0,0,0,0.000249028279101446,7.96625940881378e-05,0.00184013046667613,0,0.000432973662251658,0,0,0,0,0,0,0,0,0,0,0,0,0,0,0,5.04242629101221e-05,0,1.25617018110672e-05,0,0,9.30541499043391e-05,0.00312106160197815,0.000647849984260318,0,7.92847776927286e-05,0.00206288790424012,0,0,0,0,0,0,0,0,0,0.000350278052579454,0,0,0,0,0,0.000471093471148855,0.000660444277341256,0,0,0,0,0,0,0,0,0,6.16411447554397e-05,0,0,0,0,2.7994090136396e-05,0.00076791673374227,0,0.000174577440948129,8.43392575408172e-05,2.16650217462529e-05,0.00341516545745703,0,0.00214866599228356
0,0.000384726024199874,0,0.00750318564908519,0,0,0,0,0,4.85336032267001e-05,0,0,0,0,0,0,1.34606236157419e-05,7.46673783520924e-05,0.00214219645055077,0.000262676504553279,0,0,0,1.25185130873378e-05,0,0,0,0,0,0,0,0,0,0,0,0.000489864514819749,0,6.23610550417849e-06,0,0.00367372419225691,0,0.00571526498613957,0,0.000178468574718251,7.92847776927286e-05,0,0,0.000154901595605004,5.14330317236081e-05,0.00501741755992096,0,0,0,0,0,0,0,0.000784347431665498,0,0,0,0,0.0636645605344326,0,0,0,0,0,0,0,0,0,0.00836561401143026,0,0,0,5.90160643316739e-05,0,0.00967630253756523,0,0.00922150793123488,0,0.000146260821983198,0,0.0388735396781196,0.00189320376453909,0
2.96616988410582e-05,0,1.97875785824732e-05,0,0,0,0,0,0,0,0.00171254867215269,0,0,0,0,0,0.000374934555462824,0.000141959207546629,0.00307087199298522,0,0.00352422214989296,0,0,0,0,0,0,0,0,0,0.00104517737508814,0,0,0,0,0,1.62506132958033e-05,0,0.000106118457552233,8.40448153698612e-06,0,0.000334317769324874,0.0104249987061428,0.000150116466613795,0.00206288790424012,0,0,0,0.000130322344366385,0,0,0,0,0,0,0,0.0037749835179503,0,0,0,0,0,0,0.00389049129825031,0,0,0,0,0,0,0,0,0,0.000490821125161105,0,0,0,0,2.53608494775846e-05,0.00449968844724944,0,0.000655863307119044,0.00045363341242147,0.000162131983696318,0.00589636351427706,0,0.00331483312632247
0,0,0,0,0,0,0,0,0,0,0,0,0,0,0,0,0,0,0,0,0.000378258200461692,0.000226712904712854,0,0,0,0,0,0,0,0,0,0.092439824056863,0.0776302564517772,0.147717894605047,0.022362397097464,9.84947587498301e-05,0,0.00638017822281284,0.00104305241506238,0,5.58234042552066e-05,0.00290363412206922,0.00427136995878262,0,0,0.000154901595605004,0,0,0.123863386541449,0.0116330082642697,0,0,0,0,0,0,0.000267608003185961,0,0,0,0,0,0.00330983028870629,0.000662717186140024,4.43164673572985e-05,0,0,0,0,0,0,0,0,0,0.241666515912821,0.179622263868801,0.0124306749999619,0.0237938147020193,0.00562286633127267,0.00330250989279995,0.00405029917914735,5.24278729769178e-05,0.00718974924308742,0.000261191448933644,0.00878357650288698,0,0
0.0351072841050698,0,0.000495855826818198,0.00010556607539273,0.00103494044407608,0,0,0,0.0032168724262093,0,5.46272706555681e-05,0,0,0,0.000248457973675058,0,0,0,1.4240211574409e-05,0,6.17551466270923e-05,0,0.00049167683114328,0,0.000832513717822921,0,0,0,0,0,0,0.000267532812236254,0,7.53968197522714e-05,0.00113974288354395,0,0.000212874958523263,0,0.00386259223067867,0,0.0024847973479114,0,0.0308104460775405,0,0,5.14330317236081e-05,0.000130322344366385,0.123863386541449,0,0.000243442360628127,3.56955134013012e-05,0,0,0,0.00466906659432808,0,0.0012439616571149,0,0.00468387873733909,0,0.00597204275432104,0,0,0.0104707256088177,0,0.00452967394644478,0,0.0123160232026064,0,0.00359221828595392,0,0.00309503105869291,0,0.00262950747431136,1.41832231036675e-05,0.000771080791336458,0,0.000949610925566586,0,0.00142897342459121,0,0.0336780835855144,0.00439927363956841,0,0.0410779224970397,0,3.87820023427245e-05
0,0.0161141529400464,0,0.00567293248587653,0,0.000621848370032292,0,0,0,0.000288977182291014,0,0,0,0,0,0,3.63624052997257e-05,6.49065551277476e-06,0.00327056872196159,0,0,0.00409223653683851,0,0.00625335578978139,0,0.000260465333932738,0,0,0,0,0,0.000237413182586127,0,0.000397008902074781,0,3.38722652242103e-06,0,0.00840681763101854,0,0.0228378651949339,0,0.0324280239058802,0,0.000978188312275875,0,0.00501741755992096,0,0.0116330082642697,0.000243442360628127,0,0,0,0,0,0,0.0021428428584726,0,0.0124449842793657,0,0.00182484214061855,0,0.015253477586562,0.00505468631740055,0,0.00253191208598588,0,0.00604257898658786,0,0.0214897050252164,0,0.00101883909578511,0,0.0293934092758514,0,0,0,0.000149141094050034,0,0.00146258964188265,3.08817495297924e-06,0.00765143514710114,0,0.00104892824474533,0,0.0424747902471043,0.0168645092339273,0
0,0,0,0,0.0552854958575433,0,0.000372776233733805,0,0,0,0.000193775938166229,0,0,0,0.00233760380950958,0,0,0,0,0,0.00417220558605825,0,0,0,0,0,0,0,0,0,3.63193826886004e-05,0,0,0,0,0,3.21888447709484e-06,0,4.1026871450128e-05,0,0,0,0,0,0,0,0,0,3.56955134013012e-05,0,0,0,0.00157441098621063,0,0,0,0.0283246590873263,0,5.81154415972753e-05,0,0.00412980982714685,0,0,0.000670671932896967,0,0,0,0,0,0,0,0,0,0,0,0,0,0,0,9.68750343680691e-07,0,3.71909640336078e-06,1.98734533143902e-05,0,0.00248588023280143,0,0
0,0,0,0.0347277367460948,0,0.0153223224713943,0,0.00296590507544554,0,0,0,0,0,0,0,0,0,0,0,0,0,0,0,0,0,0,0,0,0,0,0,0,0,0,0,0,0,0,0,0,0,0,0,0,0,0,0,0,0,0,0,0,0,0.0162347783596731,0,0.000218404037215795,0,0.000991050136514716,0,0,0,0,0,0,0,0,0,0,0,0,0,0,0,0,0,0,0,0,0,0,0,0,2.05727159162394e-05,0,0,0,0
0,0,0,0,0.000230253023179852,0,0.0799981019345078,0,0,0,0.011649466540976,0,0,0,0,0,0,0,0,0,0.00144204824520489,0,0,0,0,0,0,0,0,0,0,0,0,0,0,0,0,0,0,0,0,0,0,0,0,0,0,0,0,0,0.00157441098621063,0,0,0,0,0,0.0113590441969645,0,6.18714775238525e-05,0,0,0,0,0,0,0,0,0,0,0,0,0,0,0,0,0,0,0,0,0,0,0,0.000111608837716387,0,0,0,0
0,0,0,0,0,0.00279205001910871,0,0.0206310619149175,0,0,0,0,0,0,0,0,0,0,0,0,0,0,0,0,0,0,0,0,0,0,0,0,0,0,0,0,0,0,0,0,0,0,0,0,0,0,0,0,0,0,0,0.0162347783596731,0,0,0,0,0,0.0118599412349158,0,0,0,0,0.000459660702393908,0,0,0,0,0,0,0,0,0,0,0,0,0,0,0,0,0,0,0,0,0,0,0,0
0.00808870953439796,0,0,0,0,0,0,0,0.0681748510605457,0,0,0,0,0,0.00207316434528016,0,0.00328026731394756,0.000686126596285382,7.67129775374078e-05,0,0,0,6.47725211390545e-06,0,0.0122787896254423,0,0.00730445473162515,0,4.28906751549038e-05,0,0,0,0,0,0,0,0,0,0.00102336276026821,0,0,0,0,0,0,0,0,0,0.00466906659432808,0,0,0,0,0,0,0,0.000268414850579023,0,0.000798536492903632,0,0.00621866455339635,0,0,0,0,0,0,0.00187705243699609,0,0.000530862528454235,0,0,0,0,0,0,0,0,0,0,0,0.000134506203307923,0.00020258863762844,0,0.000516907962361104,0,0
0,0.104640471893203,0,0.0131618523776399,0,0,0,0,0,0.0579939535909786,0,0,0,0,0,0.00244856973146124,0,0,0,0,0,0,0,0.00107518054658874,0,0,0,0,0,0,0,0,0,0,0,0,0,0.000875299452505649,0,0,0,6.64346967633442e-05,0,0,0,0,0,0,0,0.0021428428584726,0,0.000218404037215795,0,0,0,0,0,0,0,0,0,0.00406288448750781,0,0,0,0,0.0191779757938604,0,0.000331139493899985,0,0,0,0,0,0,0,0,0,0,0,0.00245066023968112,0,0.000102836065155785,0,0.000452960572918447,0.000331533681855074,0
0.00328486734733882,0,0.000167584278460138,0,0.00269423596718789,0,0.00227515049541649,0,0,0,0.0700889817845681,0,0.00037242243603731,0,0.0018268390984712,0,0.000124819500525736,4.57399818489189e-05,0.000603865441291245,0,0.0278691520881302,0,0,0,0,0,0,0,0,0,0.0462993885350626,0,0,0,0,0,9.07893743262159e-05,0,0.0053201747464763,0,0.000157572690817794,8.32213699911805e-05,0.0117525379648648,0,0.000350278052579454,0,0.0037749835179503,0.000267608003185961,0.0012439616571149,0,0.0283246590873263,0,0.0113590441969645,0,0.000268414850579023,0,0,0,0.00988843386717925,0,0.0015440860317409,0,0,0.0732928824687751,0,0,0,0,0,0,0,0.0185334469703724,0,0.0269899462987474,0,0,0,0,3.56811833721401e-06,0.000998776477856316,0,0.00153919227406819,0.00124485053948572,5.63870132308221e-06,0.0258715063047084,0,0.00634047499669481
0,0.000263332256116662,0,0.000245956480248764,0,0,0,0.00512717221533708,0,0,0,0.0763983054580424,0,0.00716983050941904,0,0,0,0,5.2436893686542e-05,0.00221922064714866,0,3.60996249250877e-06,0,0,0,0,0,0,0,0.00318476982270763,0,0,0,0,0,6.23009357318039e-05,0,0.00145217832714821,0,0,0,0.00128780027979147,0,0,0,0.000784347431665498,0,0,0,0.0124449842793657,0,0.000991050136514716,0,0.0118599412349158,0,0,0,0,0,0.00673082487058132,0,0.00212294073969595,0.00548983227099355,0,4.66602501138984e-06,0,4.61759151396393e-05,0,0.00226183310555762,0,0.000793448271490443,0,0.0300096035573384,0,0,0,0,0,5.71485242923603e-06,0,0.00106911617321455,0,0.000263176654920516,0,0.0055592145384478,0.000973001639472539,0
0.00273599686324426,0,0,0,0.000161516365864731,0,0,0,0.000441281468248744,0,8.42728518472054e-05,0,0.0304864358552215,0,0.00825487394568517,0,0,0,0,0,0,0,0,0,0,0,0,0,4.42920197335911e-05,0,0,0,0,0,0,0,0,0,0,0,0,0,0,0,0,0,0,0,0.00468387873733909,0,5.81154415972753e-05,0,6.18714775238525e-05,0,0.000798536492903632,0,0.00988843386717925,0,0,0,0.00475298715810434,0,0,0,0,0,0,0,0,0,0,0.00831587329502071,0,0,0,0,0,0,0,0,0,0,4.69670085718077e-06,0,0,0,0
0,3.62780698911055e-05,0,0.0023691566058708,0,0,0,0,0,0,0,0.00273773954502039,0,0.00427358893089689,0,0,0,0,0,0,0,0,0,0,0,0,0,5.71347466006724e-05,0,0,0,0,0,0,0,0,0,0,0,0,0,0,0,0,0,0,0,0,0,0.00182484214061855,0,0,0,0,0,0,0,0.00673082487058132,0,0,0,0.0119753777010243,0,0,0,0,0,0,0.00103535790421575,0,0.000226654920042074,0,0,0,0,0,0,0,0,0,0,0,3.37639484656647e-07,0,0.000308201295598529,6.91375831579474e-05,0
0.00505207699160043,0,0.000763183936805523,0,0.000316680843658879,0,0,0,0.00204898666649669,0,0,0,4.64219856606178e-05,0,0.00532859952939081,0,0.00613010191062012,0.000104541054114424,3.15701303822205e-05,0,0,0,5.65881183800537e-05,0,0.00108928556557281,0,0.00408966678278334,0,0.00068479431357376,0,0,0,0,0,0,0,0,0,0,0,0,0,0,0,0,0,0,0,0.00597204275432104,0,0.00412980982714685,0,0,0,0.00621866455339635,0,0.0015440860317409,0,0.00475298715810434,0,0,0,0,0,0,0,0,0,0,0.00275776159680737,0,0.00014818218283902,0,0,0,0,0,0,0,1.91902181537734e-05,0,0,0.000316441170824686,2.14282161760197e-05,0,0,0
0,0.00309071566990263,0,0.00821953886311739,0,0.000763779408814863,0,0,0,0.00088412484875159,0,0,0,0,0,0.00879190430486555,0,0,0,0,0,2.01863335979978e-05,0,0.00171191145087854,0,0.000566996405864279,0,0,0,0,0,0,0,0,0,0,0,0,0,0,0,0,0,0,0,0,0,0,0,0.015253477586562,0,0,0,0,0,0.00406288448750781,0,0.00212294073969595,0,0.0119753777010243,0,0,0,0,3.25676794441621e-05,0,0.00244033129408593,0,0.0128396444215087,0,0,0,0,0,0,0,0,0,0,0,0,0,7.51256654958945e-05,0,0.000563559813963514,0,0
0,0,0,0,0,0,0,0.00204193552955686,0,0,0,0.0112351257437533,0,0,0,0,6.93894948156288e-06,0.000129956108199623,0.00314489702527177,0.0451090261657554,0,8.43864456214361e-06,0,0,0,0,0.000150403994380963,0,0,0,0,0,0,0,0,0.00564028820067148,0,0.000298779198542902,0,0.00227570541179225,0,0.00606679289379529,0,0.00104391717706856,0.000471093471148855,0.0636645605344326,0,0.00330983028870629,0,0.00505468631740055,0,0,0,0.000459660702393908,0,0,0,0.00548983227099355,0,0,0,0,0,0,4.53062640703758e-06,0,0,0,4.87948739783537e-05,0,3.87691114234385e-05,0,0.00622477381728585,0,0,0,0,0,0.0156139804049014,5.33065507870718e-05,0.00541911676692806,1.76132755030551e-05,0.000327359092508527,0,0.0240359459310809,0.000690658341495591,3.31176244593905e-05
9.55006677988252e-05,0,7.0528430255077e-05,0,0.00347609562984422,0,0,0,0,0,0.0234476316214703,0,0,0,0,0,0.000162087267527981,2.82651583923181e-05,0.00153352335845873,0,0.092036672485301,0,0,0,0,0,0,0,0,0,0.00752917040792165,0,0,0,0,0,0.00265403152135708,0,0.00276101433682279,0,0.000906700330627578,2.98388977723961e-05,0.0225571374342449,1.59256892846818e-05,0.000660444277341256,0,0.00389049129825031,0.000662717186140024,0.0104707256088177,0,0.000670671932896967,0,0,0,0,0,0.0732928824687751,0,0,0,0,0,0,0,0,0,0,0,0,0,0,0.000107084795306516,0,0.00340067484860972,0,0,0,0,1.10683124162703e-06,0.0271413183643295,0,0.00512025513983862,0.000174306680697239,1.56182421420319e-05,0.0327119794130176,0,0.0154161030425307
0,0.000165016997905059,0,0,0,0,0,0,0,0,0,0,0,0,0,0,0,0.000498330270154798,0,0,0,0.0773476359104452,0.00020717629430779,0.00341831928703524,0,0.000702079756750851,0,0,0,0,0,0,0,9.74381113179347e-05,0,0,0,0.0048506948981981,0,0,0,4.00126219114163e-05,0,0,0,0,0,4.43164673572985e-05,0,0.00253191208598588,0,0,0,0,0,0,0,4.66602501138984e-06,0,0,0,3.25676794441621e-05,4.53062640703758e-06,0,0,0,0.0112594272151681,0,0.00191067625442324,0,0.000120882566614117,0,0,0,0,0,0,0,0,0,0.0062252519989858,0,0.000691805156140389,1.33115111427149e-05,0.000522023389251036,0,0
0,0,0,0,0,0,0,0,5.48039232294424e-06,0,0,0,0,0,0,0,3.90718223148823e-05,0,0,0,0,0,0.0588508130386393,0,0.00199044385347284,0,0.000131928789750043,0,0.00252782095415343,0,0,0,0,0,0,0,0,0,0.00316888513595225,0,0,0,0,0,0,0,0,0,0.00452967394644478,0,0,0,0,0,0,0,0,0,0,0,0,0,0,0,0,0,0,0.00638441146652654,0,0.00795594755292792,0,0.00269291767012694,0,2.18060873399916e-05,0,0,0,0,0,0,0,0.00798889563177597,2.30462948162781e-05,0,2.56316735260066e-05,0,0
0,0.00123888582128521,0,0,0,0,0,0,0,0.00114249309612933,0,0,0,0,0,0,0,0,0,0,0,0.00161121440814722,0,0.183053542141638,0,0.0226298073356248,0,0,0,0,0,0,0,0,0,0,0,0.00397831613194264,0,0,0,0.000313859231332393,0,0,0,0,0,0,0,0.00604257898658786,0,0,0,0,0,0.0191779757938604,0,4.61759151396393e-05,0,0,0,0.00244033129408593,0,0,0.0112594272151681,0,0,0,0.020073036769981,0,0,0,0,0,0,0,4.88071431226055e-05,0,0,0,0.00870086174053052,0,0.000145975571068321,0,0.00522028843007115,0,0
0.000180944374098213,0,0,0,0,0,0,0,0.00310821085729579,0,0,0,0,0,0.000317371500610595,0,0.00192143449680932,0.000442993128286764,0.000114183519615428,0,0,0,0.000711545251981776,0,0.0711901802750127,0,0.000266384714856932,0,4.09634499681664e-05,0,0,0,0,0,0,0,0,0,0.000134749968586052,0,0,0,0.000293571111351896,0,0,0,0,0,0.0123160232026064,0,0,0,0,0,0.00187705243699609,0,0,0,0,0,0,0,0,0,0,0.00638441146652654,0,0,0,0.0367944621557252,0,0.00482657826739881,0,0,0,0,0,0,0,0,0,1.23565272455547e-05,0.000210471568104438,0,0.00259573415584184,0,0
0,0.0025936140345863,0,0,0,0,0,0,0,0,0,0,0,0,0,0,0,0,0,0,0,0.000618662180474994,0,0.0094488239979209,0,0.0260950330207132,0,0.00315229475571632,0,0,0,0,0,0,0,0,0,5.22141026618726e-05,0,0,0,0.000150613439869219,0,0,0,0,0,0,0,0.0214897050252164,0,0,0,0,0,0.000331139493899985,0,0.00226183310555762,0,0.00103535790421575,0,0.0128396444215087,4.87948739783537e-05,0,0.00191067625442324,0,0.020073036769981,0,0,0,0.0250782885593848,0,0,0,0,0,0,0,0,0,1.89037557057848e-05,0,0,0,0.00448210999945838,0,0
0,0,0,0,0,0,0,0,0.00168220287998157,0,0,0,0.000232326828059648,0,0.00147530275777964,0,0.0100840449266827,0.000613467941463758,6.27158847765921e-05,0,0,0,0.00172839680045416,0,0.00807718334920766,0,0.0253970538209079,0,0.000313725374669081,0,0,0,0,0,0,0,0,0,0,0,0,0,0.000207146767556113,0,0,0,0,0,0.00359221828595392,0,0,0,0,0,0.000530862528454235,0,0,0,0,0,0.00275776159680737,0,0,0,0,0.00795594755292792,0,0.0367944621557252,0,0,0,0.0186788607698185,0,0,0,0,0,0,0,0,0,8.28695731376393e-05,0.00034352457144543,2.49322482432881e-05,0.000217408511259923,0,0
0,3.66006391059838e-05,0,0,0,0,0,0,0,0,0,0.000596976825082102,0,5.4755643044311e-05,0,0,0,0,0,0,0,0.000106284348417122,0,0,0,0.00188462739587961,0,0.0249625398617037,0,0.00696015049105967,0,0,0,0,0,0,0,4.36562138097043e-06,0,0,0,0,0,0,0,0,0,0,0,0.00101883909578511,0,0,0,0,0,0,0,0.000793448271490443,0,0.000226654920042074,0,0,3.87691114234385e-05,0,0.000120882566614117,0,0,0,0.0250782885593848,0,0,0,0.00294383249850359,0,0,0,0,0,0,0,0.00147551108675439,0,0,0,0.000578423814711985,0,0
