0,0,0.173376716318585,0,0,0,0,0,0.150562774258501,0,0,0,0,0,0,0,0.459163576364517,0,0.318516222839682,0,0.489823848009109,0,0,0,0.238697807247541,0,0,0,0,0,0,0,0,0,0,0,0,0,0.230938012307545,0,0,0,0.268110712369283,0,0,0,0,0.215102955698967,0.20455128148846,0,0,0,0,0,0.121970478977476,0,0.271434307098389,0,0.251551213860512,0,0.22665600803418,0,0,0.477097650369008,0,0,0,0.259992382240177,0,0.211763112999425,0,0,0,0.448296864827474,0,0,0,0,0,0,0,0.296939100325108,0.256469848155975,0,0.266961093060672,0,0.294593304395676
0,0,0,0.170020318869501,0,0,0,0,0,0.154871817740301,0,0,0,0,0,0,0,0,0.243787489831448,0,0,0.256571335097154,0,0.248265938744659,0,0,0,0,0,0,0,0,0,0,0,0,0,0.289055694996471,0,0,0,0.374958992004395,0,0,0,0,0,0.309777784806031,0,0.243411539938856,0,0,0,0,0,0.275143923594597,0,0,0,0.255825608968735,0,0.19479331738419,0,0,0.308075539767742,0,0.250976525571035,0,0.188022000545805,0,0,0,0,0,0,0,0,0,0,0,0.305126197312189,0,0.290234756601207,0,0.291880653540784,0,0
0.173376716318585,0,0,0,0.179233706423215,0,0,0,0.136746088716578,0,0,0,0,0,0,0,0.364467799663544,0,0.321116222275628,0,0.318791583180428,0,0,0,0.281215488910675,0,0,0,0,0,0,0,0,0,0,0,0,0,0.248905558139086,0,0,0,0.298016409575939,0,0,0,0.249479719311804,0.262324268619219,0.193249212779524,0,0.246333504095674,0,0,0,0.232452548977708,0,0.288882553577423,0,0.258405839634496,0,0.230787912169389,0,0,0.239174334704876,0,0,0,0.22880351708995,0,0,0,0,0,0.342782252109968,0,0,0,0,0,0,0,0.352938463874892,0.276868409692095,0,0.217404736524203,0,0
0,0.170020318869501,0,0,0,0.134792642792066,0,0,0,0.201729008839244,0,0,0,0,0,0.186439141631126,0,0.345748513936996,0.261755168437958,0.167400899032752,0,0,0,0.306176230311394,0,0,0,0,0,0,0,0,0,0,0,0,0,0.322702756949833,0,0,0,0.29520202256166,0,0,0,0.275218273202578,0,0.315514023105303,0,0.217555279648581,0,0.229630813002586,0,0,0,0.210507575836447,0,0.298992916941643,0,0.229488649538585,0,0.199783767842076,0.21150866523385,0,0,0,0.304724544286728,0,0,0,0.354803055524826,0,0.356233036518097,0,0,0,0,0,0,0,0.363630042834715,0,0.262917622410018,0,0.224945699972307,0.281297415494919,0
0,0,0.179233706423215,0,0,0,0.15781182050705,0,0,0,0,0,0.166161224246025,0,0,0,0,0,0,0,0,0,0,0,0,0,0,0,0,0,0,0,0,0,0,0,0,0,0,0,0,0,0,0,0,0,0,0,0,0,0.21642289784064,0,0.193886382948785,0,0.176738083045533,0,0.242345358837735,0,0.166507205058788,0,0.177725304777806,0,0,0.236485235393047,0,0,0,0,0,0,0,0,0,0.301431924104691,0,0,0,0,0,0,0,0,0.157314002513885,0,0.165618405617932,0,0
0,0,0,0.134792642792066,0,0,0,0,0,0,0,0,0,0,0,0,0,0,0,0.107208577916026,0,0,0,0,0,0,0,0,0,0,0,0,0,0,0,0,0,0,0,0,0,0,0,0,0,0,0,0,0,0,0,0,0,0,0,0,0,0,0,0,0,0,0.18964210152626,0,0,0,0,0,0,0,0,0,0,0,0,0,0,0,0,0,0,0,0.111397840082645,0,0.132254545763135,0,0
0,0,0,0,0.15781182050705,0,0,0,0,0,0.219713545271329,0,0.201947763562202,0,0,0,0,0,0,0,0,0,0,0,0,0,0,0,0,0,0,0,0,0,0,0,0,0,0,0,0,0,0,0,0,0,0,0,0,0,0,0,0.233871611251551,0,0,0,0.224673962410615,0,0.228017286006091,0,0,0,0,0,0,0,0,0,0,0,0,0,0,0,0,0,0,0,0,0,0,0,0.14103800472286,0,0,0,0
0,0,0,0,0,0,0,0,0,0,0,0,0,0,0,0,0,0,0,0,0,0,0,0,0,0,0,0,0,0,0,0,0,0,0,0,0,0,0,0,0,0,0,0,0,0,0,0,0,0,0,0,0,0,0,0,0,0.215918116271496,0,0,0,0,0,0,0,0,0,0,0,0,0,0,0,0,0,0,0,0,0,0,0,0,0,0,0,0,0
0.150562774258501,0,0.136746088716578,0,0,0,0,0,0,0,0,0,0,0,0,0,0.296588592231274,0,0,0,0,0,0,0,0.262700566631591,0,0.273114576935768,0,0,0,0,0,0,0,0,0,0,0,0.286814169958234,0,0,0,0,0,0,0,0.16347873210907,0,0.170817385294608,0,0,0,0,0,0.195162514017688,0,0,0,0,0,0.187750233337283,0,0,0,0,0,0,0.288445368730409,0,0.237667739722464,0,0,0,0,0,0,0,0,0,0,0,0.275066063739359,0.197395896470105,0,0.217963786795735,0,0
0,0.154871817740301,0,0.201729008839244,0,0,0,0,0,0,0,0,0,0,0,0.203181654214859,0,0,0,0,0,0.309332723870422,0,0.312299306988716,0,0,0,0,0,0,0,0,0,0,0,0,0,0.326727677714378,0,0,0,0,0,0,0,0,0,0.309201852977276,0,0.246970340025191,0,0,0,0,0,0.277054213987896,0,0,0,0,0,0.190064454620535,0,0,0.325364284527798,0,0.311408657904552,0,0.300221011042595,0,0.369837075471878,0,0,0,0,0,0,0,0,0,0.317088844944756,0,0.23059906065464,0,0.262264711516244,0,0
0,0,0,0,0,0,0.219713545271329,0,0,0,0,0,0.226108598760712,0,0,0,0,0,0,0,0.143536354536596,0,0,0,0,0,0,0,0.150822086259723,0,0.238030952046212,0,0,0,0,0,0,0,0.137443103880954,0,0,0,0,0,0,0,0,0,0,0,0,0,0.239848026497798,0,0,0,0.240340912472267,0,0.23670718515605,0,0,0,0,0.225735744833946,0,0,0,0,0,0,0,0.327247142791748,0,0.251997248374368,0,0,0,0,0,0,0,0.262222115849626,0.149901381117593,0,0,0,0
0,0,0,0,0,0,0,0,0,0,0,0,0,0.149231556191373,0,0,0,0,0,0.150211641208289,0,0,0,0,0,0,0,0,0,0.215444812326567,0,0,0,0,0,0,0,0.150295685085761,0,0,0,0,0,0,0,0,0,0,0,0,0,0,0,0,0,0,0,0.188943466091007,0,0.141330182086676,0,0,0.149178647906473,0,0,0,0,0,0,0,0.148357963091449,0,0.25167559498343,0,0,0,0,0,0,0,0.156009567777316,0,0.146821333603425,0,0.342986196279526,0,0
0,0,0,0,0.166161224246025,0,0.201947763562202,0,0,0,0.226108598760712,0,0,0,0.165766598284245,0,0,0,0,0,0,0,0,0,0,0,0,0,0.226389193518771,0,0,0,0,0,0,0,0,0,0,0,0,0,0,0,0,0,0,0,0,0,0,0,0,0,0,0,0.263066087237426,0,0.228893082321411,0,0.210853949189186,0,0,0,0,0,0,0,0,0,0,0.202247204170341,0,0,0,0,0,0,0,0,0,0,0.161941520514942,0,0,0,0
0,0,0,0,0,0,0,0,0,0,0,0.149231556191373,0,0,0,0,0,0,0,0,0,0,0,0,0,0,0,0.201066953586597,0,0,0,0,0,0,0,0,0,0,0,0,0,0,0,0,0,0,0,0,0,0,0,0,0,0,0,0,0,0,0,0.198195854014204,0,0,0,0,0,0,0,0,0,0,0.220732154030549,0,0,0,0,0,0,0,0,0,0,0,0.144596736878157,0.166100218892097,0,0,0
0,0,0,0,0,0,0,0,0,0,0,0,0.165766598284245,0,0,0,0.219973724554567,0,0.34308061003685,0,0,0,0,0,0,0,0,0,0,0,0,0,0,0,0,0,0,0,0,0,0,0,0,0,0,0,0,0,0,0,0,0,0,0,0,0,0,0,0.183691021054983,0,0.173958481351535,0,0,0,0,0,0,0,0,0,0,0,0,0,0,0,0,0,0,0,0,0,0,0,0.370710641145706,0,0.2657770216465
0,0,0,0.186439141631126,0,0,0,0,0,0.203181654214859,0,0,0,0,0,0,0,0,0,0,0,0.308357745409012,0,0.204204539457957,0,0.200086817145348,0,0.221482062339783,0,0,0,0,0,0,0,0,0,0.310417883098125,0,0,0,0,0,0,0,0,0,0.336283683776855,0,0,0,0,0,0,0,0.204004922738442,0,0,0,0.177989892661572,0,0.180325343310833,0,0,0.31478488445282,0,0.269325956702232,0,0.242548808455467,0,0.235519662499428,0,0,0,0,0,0,0,0,0,0.276505803068479,0,0.139269694685936,0,0,0,0
0.459163576364517,0,0.364467799663544,0,0,0,0,0,0.296588592231274,0,0,0,0,0,0.219973724554567,0,0,0.140095390827893,0.36410306585853,0,0.467273980379105,0,0,0,0,0,0.11694120886651,0,0,0,0,0,0,0,0,0,0,0,0.380648225545883,0,0,0.319638216069766,0.326823187394748,0.321766023124967,0.336531288348711,0.322522346462522,0,0,0.38324617780745,0,0,0,0,0,0,0,0.324622094631195,0,0,0,0,0,0,0.446144054333369,0,0,0,0,0,0,0.265936017036438,0.406795725226402,0,0.413842477581718,0,0,0,0,0,0,0.39179590344429,0.390187970616601,0.205219818195567,0.215500049913923,0.408422591779774,0.288997508585453,0.327683906174368
0,0,0,0.345748513936996,0,0,0,0,0,0,0,0,0,0,0,0,0.140095390827893,0,0.351240871915537,0,0.390344202518463,0,0,0,0,0.166854500770569,0,0,0,0,0,0,0,0,0,0,0,0,0,0,0,0.333964023370797,0.338089198658341,0.348103159706886,0.335451537370682,0.340265555041177,0,0,0.379388585686684,0.37308731204585,0,0,0,0,0,0,0,0.354125171899796,0,0,0,0,0.353346824645996,0.387658953666687,0,0,0,0,0,0,0.379330257574717,0,0.403331060235093,0,0,0,0,0,0.349722355604172,0,0.385431253829518,0.423038721084595,0.190139920965866,0.146279246643566,0.383170522933714,0.33396491318038,0.326968576226916
0.318516222839682,0.243787489831448,0.321116222275628,0.261755168437958,0,0,0,0,0,0,0,0,0,0,0.34308061003685,0,0.36410306585853,0.351240871915537,0,0,0.484856249321075,0,0,0,0,0,0,0,0,0,0,0,0,0,0,0,0,0,0.44980788230896,0.300602048635483,0,0.272831506955664,0.281563628595582,0.317276976291259,0.379380030479251,0.312864957728248,0.368638122081757,0,0.361972716450691,0.37735923672361,0,0,0,0,0,0,0.321535776058833,0.325565081834793,0.38685142993927,0,0.288664326071739,0,0.388584017753601,0.467159876558516,0.373948633670807,0,0,0,0,0,0.392288417919822,0,0.414494934301932,0.409093461190051,0,0,0,0,0,0.469641864299774,0.41391650915651,0.391498272983651,0.26613384985508,0.258390477725438,0.404084954549435,0.316636473100457,0.291597212878569
0,0,0,0.167400899032752,0,0.107208577916026,0,0,0,0,0,0.150211641208289,0,0,0,0,0,0,0,0,0,0,0,0,0,0,0,0,0,0,0,0,0,0,0,0.147387111017221,0,0.177051322845121,0,0.25695284988199,0,0,0,0,0,0.224863648414612,0,0,0,0,0,0,0,0,0,0,0,0.164712492376566,0,0,0,0,0.209225623079322,0,0,0,0,0,0,0,0,0,0.318300917744637,0,0,0,0,0,0.206154039417341,0,0.206995770780008,0,0.160393640972101,0.10777583271265,0.260862771908563,0,0
0.489823848009109,0,0.318791583180428,0,0,0,0,0,0,0,0.143536354536596,0,0,0,0,0,0.467273980379105,0.390344202518463,0.484856249321075,0,0,0,0,0,0,0,0,0,0,0,0,0,0,0,0,0,0.166284574417893,0,0.120703045899669,0,0,0,0.473913528702476,0,0.548119127750397,0,0.300416012419694,0,0,0,0,0,0,0,0,0,0.195097411317485,0,0,0,0.314711004495621,0,0,0.262420034872412,0,0,0,0,0,0,0,0,0,0.318026387691498,0,0,0,0,0,0.245564328598194,0,0.334500515035221,0.282494860036033,0,0.353069525264518,0,0.512322336435318
0,0.256571335097154,0,0,0,0,0,0,0,0.309332723870422,0,0,0,0,0,0.308357745409012,0,0,0,0,0,0,0.119650922715664,0.301448133607794,0,0.309036378439921,0,0.240343799040224,0,0,0,0,0,0,0,0,0,0.24894661118023,0,0,0,0,0,0,0,0,0,0.437779705971479,0,0.242884525769874,0,0,0,0,0,0.318691785721218,0,0,0,0,0,0.262157369601099,0,0,0.232748080279291,0,0.278953903883438,0,0.344442065772313,0,0.284982793229931,0,0.41807559132576,0,0,0,0,0,0,0,0.298283606322844,0,0.17362304407158,0.140611370404561,0.322487592697144,0,0
0,0,0,0,0,0,0,0,0,0,0,0,0,0,0,0,0,0,0,0,0,0.119650922715664,0,0,0,0,0.306260623037815,0,0.246217386410484,0,0,0,0,0,0,0,0,0,0.255103646656442,0,0,0,0,0,0,0,0,0,0.32914367211889,0,0,0,0,0,0,0,0,0,0,0,0,0,0,0,0,0.24766529278451,0,0,0,0.336409926903052,0,0.249428985838963,0,0,0,0,0,0,0,0,0,0.255793483856043,0.176336854306005,0.116890612410174,0,0,0
0,0.248265938744659,0,0.306176230311394,0,0,0,0,0,0.312299306988716,0,0,0,0,0,0.204204539457957,0,0,0,0,0,0.301448133607794,0,0,0,0.256028631702065,0,0,0,0,0,0,0,0,0,0,0,0.221382335808716,0,0,0,0,0,0,0,0,0,0.376593112945557,0,0.238524146843702,0,0,0,0,0,0.273982507726861,0,0,0,0,0,0.240024378621264,0,0,0.274671650429567,0,0.252288451392046,0,0.264549013692886,0,0,0,0,0,0,0,0,0,0,0,0.368921644985676,0,0.250624619424343,0,0,0,0
0.238697807247541,0,0.281215488910675,0,0,0,0,0,0.262700566631591,0,0,0,0,0,0,0,0,0,0,0,0,0,0,0,0,0,0.164302284518878,0,0,0,0,0,0,0,0,0,0,0,0.276303532807266,0,0,0,0,0,0,0,0,0,0,0,0,0,0,0,0.267309573292732,0,0,0,0.245749841133753,0,0.246364454428355,0,0,0,0,0,0,0.268136978814644,0,0.233445611264971,0,0,0,0,0,0,0,0,0,0,0,0.258702081628144,0.127583446117436,0,0,0,0
0,0,0,0,0,0,0,0,0,0,0,0,0,0,0,0.200086817145348,0,0.166854500770569,0,0,0,0.309036378439921,0,0.256028631702065,0,0,0,0.270076492894441,0,0,0,0,0,0,0,0,0,0,0,0,0,0,0,0,0,0,0,0,0,0.272407978773117,0,0,0,0,0,0.259523123502731,0,0,0,0.308427621506982,0,0.261136008012626,0,0,0.264874446265241,0,0.275788336992264,0,0.287560992744967,0,0.31922778962315,0,0,0,0,0,0,0,0,0,0,0,0.234565463449274,0,0,0,0
0,0,0,0,0,0,0,0,0.273114576935768,0,0,0,0,0,0,0,0.11694120886651,0,0,0,0,0,0.306260623037815,0,0.164302284518878,0,0,0,0.275415378631255,0,0,0,0,0,0,0,0,0,0,0,0,0,0,0,0,0,0,0,0,0,0,0,0,0,0,0,0,0,0.382897198200226,0,0.26902909240415,0,0,0,0,0.272544176876545,0,0,0,0.305960199611465,0,0.303383288518438,0,0,0,0,0,0,0,0,0,0,0,0,0,0,0
0,0,0,0,0,0,0,0,0,0,0,0,0,0.201066953586597,0,0.221482062339783,0,0,0,0,0,0.240343799040224,0,0,0,0.270076492894441,0,0,0,0.136798538740665,0,0,0,0,0,0,0,0.218563832750876,0,0,0,0,0,0,0,0,0,0,0,0,0,0,0,0,0,0,0,0,0,0.261576488117377,0,0.238779277851184,0,0,0.234793915005866,0,0,0,0.368589890003204,0,0.226483415958298,0,0.215796279410521,0,0,0,0,0,0,0,0.252904247923901,0,0.166252326780716,0.167792419592539,0,0,0
0,0,0,0,0,0,0,0,0,0,0.150822086259723,0,0.226389193518771,0,0,0,0,0,0,0,0,0,0.246217386410484,0,0,0,0.275415378631255,0,0,0,0.215930722875609,0,0,0,0,0,0,0,0.228059979421752,0,0,0,0,0,0,0,0,0,0,0,0,0,0,0,0,0,0,0,0.227864791319441,0,0,0,0,0,0,0.247036204625994,0,0,0,0.314616129194435,0,0.264628948191579,0,0.165748685598373,0,0,0,0,0,0,0,0.223743751206819,0.228167957626283,0,0,0,0
0,0,0,0,0,0,0,0,0,0,0,0.215444812326567,0,0,0,0,0,0,0,0,0,0,0,0,0,0,0,0.136798538740665,0,0,0,0,0,0,0,0,0,0.150311485967702,0,0,0,0,0,0,0,0,0,0,0,0,0,0,0,0,0,0,0,0.270980133037818,0,0,0,0,0,0,0,0,0,0,0,0,0.169155782941034,0,0.250535912588518,0,0,0,0,0,0,0,0.273852974176407,0,0.142935148440301,0,0,0,0
0,0,0,0,0,0,0,0,0,0,0.238030952046212,0,0,0,0,0,0,0,0,0,0,0,0,0,0,0,0,0,0.215930722875609,0,0,0,0,0,0,0,0,0,0.179166848102386,0,0,0,0,0,0,0,0,0,0,0,0,0,0,0,0,0,0.294099133153607,0,0,0,0,0,0,0,0,0,0,0,0,0,0,0.255070661505063,0,0.254791723963328,0,0,0,0,0,0,0,0.238144887314327,0.237933456897736,0,0,0,0
0,0,0,0,0,0,0,0,0,0,0,0,0,0,0,0,0,0,0,0,0,0,0,0,0,0,0,0,0,0,0,0,0.281430410584072,0.400343615757792,0,0.17794627747659,0.198927829280878,0,0,0.380223900079727,0.575541863838832,0,0,0,0,0,0,0.396743500867828,0.629082268476486,0.549731850624084,0,0,0,0,0,0,0,0,0,0,0,0,0,0,0,0,0,0,0,0,0,0,0,0,0.405397196318034,0.395891233505797,0.401240358501673,0,0.48181763872393,0.490521917874749,0,0,0.203300358953877,0,0,0,0
0,0,0,0,0,0,0,0,0,0,0,0,0,0,0,0,0,0,0,0,0,0,0,0,0,0,0,0,0,0,0,0.281430410584072,0,0.36061218380928,0.272526881098747,0.340703815221786,0.184508009568641,0,0,0.31893221847713,0.307781830430031,0,0,0,0,0,0.287407628127507,0.54138592989723,0.481342570348219,0,0,0,0,0,0,0,0,0,0,0,0,0,0,0,0,0,0,0,0,0,0,0,0,0,0.364580221386517,0.412053394434584,0,0.354016973984008,0.430784355248174,0.372134869359434,0,0,0.244218748548756,0,0.285730186435911,0,0
0,0,0,0,0,0,0,0,0,0,0,0,0,0,0,0,0,0,0,0,0,0,0,0,0,0,0,0,0,0,0,0.400343615757792,0.36061218380928,0,0.240047942237421,0.158120832284084,0.105881224075953,0.221280379855371,0.806750148534775,0,0,0,0,0,0,0,0,0.572025250214919,0,0,0,0,0,0,0,0,0,0,0,0,0,0,0,0,0,0,0,0,0,0,0,0,0,0,0.235501940051715,0,0.280329398171268,0.236183219418234,0.306710586962543,0,0.370401045450797,0.825213253498077,0.182378053858056,0.429834021925926,0,0,0
0,0,0,0,0,0,0,0,0,0,0,0,0,0,0,0,0,0,0,0,0,0,0,0,0,0,0,0,0,0,0,0,0.272526881098747,0.240047942237421,0,0,0.160257145951865,0,0.279876820667058,0,0,0,0,0,0,0,0,0.405842553776514,0.487407058477402,0,0,0,0,0,0,0,0,0,0,0,0,0,0,0,0,0,0,0,0,0,0,0,0,0,0,0.331760589876314,0.179768900076548,0.329617538504227,0,0.454070987379026,0,0.37080377885013,0.292835553815542,0.40067994594574,0,0,0
0,0,0,0,0,0,0,0,0,0,0,0,0,0,0,0,0,0,0,0.147387111017221,0,0,0,0,0,0,0,0,0,0,0,0.17794627747659,0.340703815221786,0.158120832284084,0,0,0.151727712279215,0.255286739430542,0,0.250714539335324,0.552987173546192,0.325360476970673,0,0,0,0.25683280253365,0,0.423657860459581,0.665602692535945,0.61539985878127,0,0,0,0,0,0,0,0,0,0,0,0,0.236982482946367,0,0,0,0,0,0,0,0,0,0,0,0.289856399926874,0.470908015966415,0.242675552212574,0,0.269130225898601,0.502098740637302,0.248227686999512,0,0.247906972485499,0.180530451238155,0.260928073307363,0,0
0,0,0,0,0,0,0,0,0,0,0,0,0,0,0,0,0,0,0,0,0.166284574417893,0,0,0,0,0,0,0,0,0,0,0.198927829280878,0.184508009568641,0.105881224075953,0.160257145951865,0.151727712279215,0,0,0.255296319061359,0,0.329550728201866,0,0,0,0,0,0.272845536470413,0.377054996788502,0.290598355233669,0,0,0,0,0,0,0,0,0,0,0,0,0,0,0.220902919769287,0,0,0,0,0,0,0,0,0,0,0,0.191343113780022,0,0.181713709580726,0.321706615388393,0.265943093300079,0,0.285486867260394,0.264912196398293,0.443308059126139,0.24583488702774,0,0
0,0.289055694996471,0,0.322702756949833,0,0,0,0,0,0.326727677714378,0,0.150295685085761,0,0,0,0.310417883098125,0,0,0,0.177051322845121,0,0.24894661118023,0,0.221382335808716,0,0,0,0.218563832750876,0,0.150311485967702,0,0,0,0.221280379855371,0,0.255286739430542,0,0,0.241757983652254,0,0,0.332828804850578,0,0,0,0,0,0.690013156522738,0,0.27375511116498,0,0,0,0,0,0.344371358141667,0,0.147848165932704,0,0,0,0.297879071151915,0.247416332364082,0,0.348158678672846,0,0.215077759114781,0,0,0,0.314862844280221,0,0.151286276836403,0,0,0,0.269863455156063,0,0.277954779152034,0,0.248925999327414,0.808619916439056,0.260115867487368,0.443129006130942,0.324065763997026,0,0
0.230938012307545,0,0.248905558139086,0,0,0,0,0,0.286814169958234,0,0.137443103880954,0,0,0,0,0,0.380648225545883,0,0.44980788230896,0,0.120703045899669,0,0.255103646656442,0,0.276303532807266,0,0,0,0.228059979421752,0,0.179166848102386,0,0,0.806750148534775,0.279876820667058,0,0.255296319061359,0.241757983652254,0,0,0,0,0.355744406580925,0,0,0,0.344437122344971,0.49992704836349,0.352565234506523,0,0,0,0,0,0.232355981387875,0,0.165740133009174,0,0.328625614444415,0,0.264292165637016,0,0,0.36218735575676,0,0.301218672528908,0,0.285307677328916,0,0,0,0.300332603413005,0,0.183953608689683,0,0,0,0.240314488832293,0,0.28147213185343,0,0.260899450948473,0.248237264939368,0.456585049629211,0.357766895421914,0,0
0,0,0,0,0,0,0,0,0,0,0,0,0,0,0,0,0,0,0.300602048635483,0.25695284988199,0,0,0,0,0,0,0,0,0,0,0,0.380223900079727,0.31893221847713,0,0,0.250714539335324,0,0,0,0,0.396083450248075,0.352855573844024,0,0.288528442382812,0,0.27884070476488,0.288356473340708,0.375221369443116,0.418573784165912,0.185211718378299,0,0,0,0,0,0,0,0,0,0,0,0,0.338920554488289,0,0,0,0,0,0,0,0,0,0,0,0.377926924824715,0.444628208875656,0,0,0.314605759388489,0.359176651157182,0.413463840117821,0,0.248138704233699,0,0.318657629905533,0,0
0,0,0,0,0,0,0,0,0,0,0,0,0,0,0,0,0,0,0,0,0,0,0,0,0,0,0,0,0,0,0,0.575541863838832,0.307781830430031,0,0,0.552987173546192,0.329550728201866,0,0,0.396083450248075,0,0,0.33123022786804,0,0,0.387411433458328,0.338834218442111,0.559835468729337,0.242604171162221,0.59874283814732,0,0,0,0,0,0,0,0,0,0,0,0,0.372459724545479,0.27828598144697,0,0,0,0,0,0,0,0,0,0,0.614810505083629,0.364560455083847,0,0,0.493294484041473,0.298516833393202,0,0,0.343192562460899,0,0.296335986418278,0,0
0,0.374958992004395,0,0.29520202256166,0,0,0,0,0,0,0,0,0,0,0,0,0.319638216069766,0.333964023370797,0.272831506955664,0,0,0,0,0,0,0,0,0,0,0,0,0,0,0,0,0.325360476970673,0,0.332828804850578,0,0.352855573844024,0,0,0.274021459723774,0.344996978937111,0.291633889079094,0.306569465235671,0,0.34842394143343,0,0.295384929779379,0,0,0,0,0,0,0,0.335082622589888,0,0,0,0.343047618865967,0.368093115091324,0,0.354832510153453,0,0,0,0.358619511127472,0,0.375596357609636,0,0.364747490865964,0,0,0,0,0,0.395912195487456,0,0.361807240936149,0,0.252078765150713,0.204868048429489,0.386379649830565,0.344862419965805,0.281880925099055
0.268110712369283,0,0.298016409575939,0,0,0,0,0,0,0,0,0,0,0,0,0,0.326823187394748,0.338089198658341,0.281563628595582,0,0.473913528702476,0,0,0,0,0,0,0,0,0,0,0,0,0,0,0,0,0,0.355744406580925,0,0.33123022786804,0.274021459723774,0,0.241595239937305,0.485048450019262,0.281657131818625,0.310070050946836,0.365581048072362,0.292079069736805,0,0.293800493081411,0,0,0,0.279539501667023,0,0.361256380875905,0,0.38566571076711,0,0.274038755893707,0,0,0.468908083875005,0,0,0,0,0,0,0,0.361560414819156,0.300781697034836,0.354315346526847,0,0.36883811155955,0,0.42577999830246,0,0.390673116691368,0,0.353048777185291,0.285097482733383,0.285807313352096,0.350633429151855,0.246075913310051,0.267474890822539
0,0,0,0,0,0,0,0,0,0,0,0,0,0,0,0,0.321766023124967,0.348103159706886,0.317276976291259,0,0,0,0,0,0,0,0,0,0,0,0,0,0,0,0,0,0,0,0,0.288528442382812,0,0.344996978937111,0.241595239937305,0,0.211967594300707,0.391128289447704,0,0,0,0.382098619427,0,0,0,0,0,0,0,0,0,0,0,0,0,0,0,0,0,0,0,0,0,0,0.464883599962507,0,0,0,0,0,0,0,0.454507332295179,0,0.275579996893362,0.24559124559164,0.353570605256806,0.404406320891882,0.239931613206863
0,0,0,0,0,0,0,0,0,0,0,0,0,0,0,0,0.336531288348711,0.335451537370682,0.379380030479251,0,0.548119127750397,0,0,0,0,0,0,0,0,0,0,0,0,0,0,0,0,0,0,0,0,0.291633889079094,0.485048450019262,0.211967594300707,0,0.279768486817678,0.28917333483696,0,0,0.388980031013489,0,0,0,0,0,0,0,0,0,0,0,0,0,0,0,0,0,0,0,0,0,0,0,0.482258880138397,0,0,0,0,0,0,0,0.425704687833786,0.300402454893898,0.282988549934493,0.42992553571323,0.269711762666702,0.286977857351303
0,0,0,0.275218273202578,0,0,0,0,0,0,0,0,0,0,0,0,0.322522346462522,0.340265555041177,0.312864957728248,0.224863648414612,0,0,0,0,0,0,0,0,0,0,0,0,0,0,0,0.25683280253365,0,0,0,0.27884070476488,0.387411433458328,0.306569465235671,0.281657131818625,0.391128289447704,0.279768486817678,0,0.253625246970093,0,0,0.281236078905857,0,0,0,0,0,0,0,0.322540601094564,0,0,0,0,0.294868076382406,0,0,0,0,0,0,0,0.385344411645617,0,0.377421330628188,0,0,0.44626060128212,0,0,0.316040379226329,0.39067006111145,0.373642910400341,0,0.299781222428594,0.367309153079987,0.258266873441303,0.365005164345105,0.292136311531067
0,0,0.249479719311804,0,0,0,0,0,0.16347873210907,0,0,0,0,0,0,0,0,0,0.368638122081757,0,0.300416012419694,0,0,0,0,0,0,0,0,0,0,0,0.287407628127507,0,0,0,0.272845536470413,0,0.344437122344971,0.288356473340708,0.338834218442111,0,0.310070050946836,0,0.28917333483696,0.253625246970093,0,0.324059290545327,0.263115433484035,0,0.269124090671539,0,0,0,0.25671083231767,0,0.329308885667059,0,0.287155975898107,0,0.257244486700405,0,0,0.29799224653494,0,0,0,0,0,0,0,0,0,0.351410625899424,0.410954048236211,0.30800249055028,0,0,0.345045274123549,0.288024514582881,0,0.365872170357781,0.311430295144231,0,0.327946779176169,0,0
0.215102955698967,0.309777784806031,0.262324268619219,0.315514023105303,0,0,0,0,0,0.309201852977276,0,0,0,0,0,0.336283683776855,0,0,0,0,0,0.437779705971479,0,0.376593112945557,0,0,0,0,0,0,0,0.396743500867828,0.54138592989723,0.572025250214919,0.405842553776514,0.423657860459581,0.377054996788502,0.690013156522738,0.49992704836349,0.375221369443116,0.559835468729337,0.34842394143343,0.365581048072362,0,0,0,0.324059290545327,0,0.460037550366141,0.381702590300877,0,0,0,0,0.224461451172829,0.309463629418093,0,0,0,0,0,0.306351068615913,0,0,0.435525851590293,0,0.374697971343994,0,0,0,0,0,0,0,0.521229823900236,0.528983920905656,0.525734680597007,0.411375643709306,0.47523945653828,0.472781820787793,0.584862558005585,0.637713073846999,0.444479686939744,0.757732570171356,0.400421786050384,0,0
0.20455128148846,0,0.193249212779524,0,0,0,0,0,0.170817385294608,0,0,0,0,0,0,0,0.38324617780745,0.379388585686684,0.361972716450691,0,0,0,0.32914367211889,0,0,0,0,0,0,0,0,0.629082268476486,0.481342570348219,0,0.487407058477402,0.665602692535945,0.290598355233669,0,0.352565234506523,0.418573784165912,0.242604171162221,0,0.292079069736805,0,0,0,0.263115433484035,0.460037550366141,0,0.520875949717168,0,0,0,0,0.206314278437811,0,0.342065408825874,0,0.301732046145295,0,0.274074287181012,0,0,0.343922436237335,0,0.333783205442846,0,0.312407116095225,0,0.267015154163043,0,0.361402703169436,0,0.419798926826109,0.667234078958603,0.47877503434817,0,0.387742643172924,0.489023067331314,0.343240969821453,0,0.338441753640879,0.318215025174045,0,0.329781163231637,0,0.411356955766678
0,0.243411539938856,0,0.217555279648581,0,0,0,0,0,0.246970340025191,0,0,0,0,0,0,0,0.37308731204585,0.37735923672361,0,0,0.242884525769874,0,0.238524146843702,0,0.272407978773117,0,0,0,0,0,0.549731850624084,0,0,0,0.61539985878127,0,0.27375511116498,0,0.185211718378299,0.59874283814732,0.295384929779379,0,0.382098619427,0.388980031013489,0.281236078905857,0,0.381702590300877,0.520875949717168,0,0,0,0,0,0,0.241575183174045,0,0.399796311127937,0,0.368519794143422,0,0.264583200216293,0.350454249020134,0,0.370563165854818,0,0.245668132922479,0,0.342015148128395,0,0.376208474083735,0,0.422024989467964,0,0.506299138069153,0.483095362782478,0.340916961431503,0,0.358824914246252,0.56438601175944,0.338396132776612,0,0.320341736529009,0,0.330924303950154,0.418884145586114,0
0,0,0.246333504095674,0,0.21642289784064,0,0,0,0,0,0,0,0,0,0,0,0,0,0,0,0,0,0,0,0,0,0,0,0,0,0,0,0,0,0,0,0,0,0,0,0,0,0.293800493081411,0,0,0,0.269124090671539,0,0,0,0,0,0.258899670266947,0,0.211085866604533,0,0.263732568998086,0,0.191692527097005,0,0.196383098539497,0,0,0.302967048629566,0,0,0,0,0,0,0,0,0,0.340695798397064,0,0,0,0,0,0,0,0.34561084707578,0.209925994277,0,0.267453651731053,0,0
0,0,0,0.229630813002586,0,0,0,0,0,0,0,0,0,0,0,0,0,0,0,0,0,0,0,0,0,0,0,0,0,0,0,0,0,0,0,0,0,0,0,0,0,0,0,0,0,0,0,0,0,0,0,0,0,0,0,0,0,0.208270872632662,0,0,0,0,0,0,0,0,0,0,0,0,0,0,0,0,0,0,0,0,0,0,0,0,0,0,0,0,0
0,0,0,0,0.193886382948785,0,0.233871611251551,0,0,0,0.239848026497798,0,0,0,0,0,0,0,0,0,0,0,0,0,0,0,0,0,0,0,0,0,0,0,0,0,0,0,0,0,0,0,0,0,0,0,0,0,0,0,0.258899670266947,0,0,0,0,0,0.256358153823183,0,0.232536616038929,0,0,0,0,0,0,0,0,0,0,0,0,0,0,0,0,0,0,0,0,0,0,0,0.140093550086021,0,0,0,0
0,0,0,0,0,0,0,0,0,0,0,0,0,0,0,0,0,0,0,0,0,0,0,0,0,0,0,0,0,0,0,0,0,0,0,0,0,0,0,0,0,0,0,0,0,0,0,0,0,0,0,0,0,0,0,0,0,0.196225889465388,0,0,0,0,0,0,0,0,0,0,0,0,0,0,0,0,0,0,0,0,0,0,0,0,0,0,0,0,0
0.121970478977476,0,0.232452548977708,0,0.176738083045533,0,0,0,0.195162514017688,0,0,0,0,0,0,0,0,0,0,0,0,0,0,0,0.267309573292732,0,0,0,0,0,0,0,0,0,0,0,0,0,0.232355981387875,0,0,0,0.279539501667023,0,0,0,0.25671083231767,0.224461451172829,0.206314278437811,0,0.211085866604533,0,0,0,0,0,0,0,0.228289942656245,0,0.227526309589545,0,0,0,0,0,0,0.273542796294172,0,0.275823881228765,0,0,0,0,0,0,0,0,0,0,0,0.251806208775157,0.276627396543821,0,0.211191870768865,0,0
0,0.275143923594597,0,0.210507575836447,0,0,0,0,0,0.277054213987896,0,0,0,0,0,0.204004922738442,0,0,0,0,0,0.318691785721218,0,0.273982507726861,0,0.259523123502731,0,0,0,0,0,0,0,0,0,0,0,0.344371358141667,0,0,0,0,0,0,0,0,0,0.309463629418093,0,0.241575183174045,0,0,0,0,0,0,0,0,0,0,0,0.247346316788184,0,0,0.356863023340702,0,0.297849339657816,0,0.243117256572953,0,0,0,0,0,0,0,0,0,0,0,0.34188879588071,0,0.297681591340474,0,0.254915834301048,0,0
0.271434307098389,0,0.288882553577423,0,0.242345358837735,0,0.224673962410615,0,0,0,0.240340912472267,0,0.263066087237426,0,0,0,0.324622094631195,0,0.321535776058833,0,0.195097411317485,0,0,0,0,0,0,0,0,0,0.294099133153607,0,0,0,0,0,0,0,0.165740133009174,0,0,0,0.361256380875905,0,0,0,0.329308885667059,0,0.342065408825874,0,0.263732568998086,0,0.256358153823183,0,0,0,0,0,0.31090114863279,0,0.279574129088172,0,0,0.318226911586684,0,0,0,0,0,0.427091716300874,0,0.385803099354504,0,0.301205238495215,0,0,0,0,0,0,0,0.328825119967874,0.228953401446342,0,0.357647729447086,0,0
0,0,0,0.298992916941643,0,0,0,0.215918116271496,0,0,0,0.188943466091007,0,0,0,0,0,0.354125171899796,0.325565081834793,0.164712492376566,0,0,0,0,0,0,0,0,0,0.270980133037818,0,0,0,0,0,0,0,0.147848165932704,0,0,0,0.335082622589888,0,0,0,0.322540601094564,0,0,0,0.399796311127937,0,0.208270872632662,0,0.196225889465388,0,0,0,0,0,0.34315989670281,0,0.31348089461631,0.276592540376266,0,0.420517086982727,0,0,0,0.420702280863276,0,0.358860537377057,0,0.298171606857447,0,0,0,0,0,0,0,0.272148141392185,0,0.322643544938829,0,0.351697315372851,0,0
0.251551213860512,0,0.258405839634496,0,0.166507205058788,0,0.228017286006091,0,0,0,0.23670718515605,0,0.228893082321411,0,0.183691021054983,0,0,0,0.38685142993927,0,0,0,0,0,0.245749841133753,0,0.382897198200226,0,0.227864791319441,0,0,0,0,0,0,0,0,0,0.328625614444415,0,0,0,0.38566571076711,0,0,0,0.287155975898107,0,0.301732046145295,0,0.191692527097005,0,0.232536616038929,0,0.228289942656245,0,0.31090114863279,0,0,0,0.358113007402717,0,0,0.343346740888513,0,0,0,0.254932515323162,0,0.374879741442444,0,0.287204940002332,0,0,0,0,0,0,0,0,0,0.334952539867825,0.323084555242373,0,0.322824199515653,0,0.350691974163055
0,0.255825608968735,0,0.229488649538585,0,0,0,0,0,0,0,0.141330182086676,0,0.198195854014204,0,0.177989892661572,0,0,0,0,0,0,0,0,0,0.308427621506982,0,0.261576488117377,0,0,0,0,0,0,0,0,0,0,0,0,0,0,0,0,0,0,0,0,0,0.368519794143422,0,0,0,0,0,0,0,0.34315989670281,0,0,0,0.333142100795498,0.33760254457593,0,0,0,0,0,0.358243251660742,0,0.30180248243219,0,0,0,0,0,0,0,0,0,0,0,0.139832190023019,0.152314990758896,0.354191025691246,0,0
0.22665600803418,0,0.230787912169389,0,0.177725304777806,0,0,0,0.187750233337283,0,0,0,0.210853949189186,0,0.173958481351535,0,0,0,0.288664326071739,0,0.314711004495621,0,0,0,0.246364454428355,0,0.26902909240415,0,0,0,0,0,0,0,0,0,0,0,0.264292165637016,0,0,0,0.274038755893707,0,0,0,0.257244486700405,0,0.274074287181012,0,0.196383098539497,0,0,0,0.227526309589545,0,0.279574129088172,0,0.358113007402717,0,0,0,0,0,0,0,0,0.252105716615915,0,0.313370403179191,0,0.336558338668611,0,0.35820080836614,0,0,0,0,0,0,0,0.332628347656944,0.284812357276678,0,0.262071177798466,0,0
0,0.19479331738419,0,0.199783767842076,0,0,0,0,0,0.190064454620535,0,0,0,0,0,0.180325343310833,0,0,0,0,0,0.262157369601099,0,0.240024378621264,0,0.261136008012626,0,0.238779277851184,0,0,0,0,0,0,0,0,0,0.297879071151915,0,0,0,0.343047618865967,0,0,0,0,0,0.306351068615913,0,0.264583200216293,0,0,0,0,0,0.247346316788184,0,0.31348089461631,0,0.333142100795498,0,0,0.332231046898024,0,0.287906446390682,0,0.261824482844936,0,0.292243432118485,0,0.260963603854179,0,0,0,0,0,0,0,0,0,0.28348132771881,0,0.228211391717196,0,0.305549318355227,0,0
0,0,0,0.21150866523385,0,0.18964210152626,0,0,0,0,0,0.149178647906473,0,0,0,0,0,0.353346824645996,0.388584017753601,0.209225623079322,0,0,0,0,0,0,0,0,0,0,0,0,0,0,0,0.236982482946367,0,0.247416332364082,0,0.338920554488289,0.372459724545479,0.368093115091324,0,0,0,0.294868076382406,0,0,0,0.350454249020134,0,0,0,0,0,0,0,0.276592540376266,0,0.33760254457593,0,0.332231046898024,0,0,0,0,0,0,0,0,0.406034742792447,0,0.319055576308244,0,0,0,0,0,0.306901732871576,0,0.380356939233972,0,0.23642836678393,0,0.322841005441715,0,0
0.477097650369008,0,0.239174334704876,0,0.236485235393047,0,0,0,0,0,0.225735744833946,0,0,0,0,0,0.446144054333369,0.387658953666687,0.467159876558516,0,0.262420034872412,0,0,0,0,0,0,0,0,0,0,0,0,0,0,0,0.220902919769287,0,0.36218735575676,0,0.27828598144697,0,0.468908083875005,0,0,0,0.29799224653494,0,0.343922436237335,0,0.302967048629566,0,0,0,0,0,0.318226911586684,0,0.343346740888513,0,0,0,0,0,0,0,0,0,0,0,0,0,0,0.287309200694813,0,0,0,0,0,0.287662554811591,0,0.325887577683402,0.312271456234157,0,0.348002464530495,0,0.50981879234314
0,0.308075539767742,0,0,0,0,0,0,0,0.325364284527798,0,0,0,0,0,0.31478488445282,0,0,0.373948633670807,0,0,0.232748080279291,0,0.274671650429567,0,0.264874446265241,0,0.234793915005866,0,0,0,0,0,0,0,0,0,0.348158678672846,0,0,0,0.354832510153453,0,0,0,0,0,0.435525851590293,0,0.370563165854818,0,0,0,0,0,0.356863023340702,0,0.420517086982727,0,0,0,0.287906446390682,0,0,0,0,0.239091919342132,0,0.364065295263828,0,0.346901146797813,0,0.416925126314163,0,0,0,0,0,0,0,0.313020231649194,0,0.189936861028812,0.215027717607362,0.399857425027423,0,0
0,0,0,0,0,0,0,0,0,0,0,0,0,0,0,0,0,0,0,0,0,0,0.24766529278451,0,0,0,0.272544176876545,0,0.247036204625994,0,0,0,0,0,0,0,0,0,0.301218672528908,0,0,0,0,0,0,0,0,0,0.333783205442846,0,0,0,0,0,0,0,0,0,0,0,0,0,0,0,0,0,0,0,0,0.347426368705106,0,0.314776806585621,0,0.343693315982819,0,0,0,0,0,0,0,0.309293889830685,0.26478324008399,0.12335906829685,0,0,0
0,0.250976525571035,0,0.304724544286728,0,0,0,0,0,0.311408657904552,0,0,0,0,0,0.269325956702232,0,0,0,0,0,0.278953903883438,0,0.252288451392046,0,0.275788336992264,0,0,0,0,0,0,0,0,0,0,0,0.215077759114781,0,0,0,0,0,0,0,0,0,0.374697971343994,0,0.245668132922479,0,0,0,0,0,0.297849339657816,0,0,0,0,0,0.261824482844936,0,0,0.239091919342132,0,0,0,0.266688438409036,0,0.237856082618237,0,0,0,0,0,0,0,0,0,0.303203999996185,0,0.241716399788857,0,0,0,0
0.259992382240177,0,0.22880351708995,0,0,0,0,0,0.288445368730409,0,0,0,0,0,0,0,0,0,0,0,0,0,0,0,0.268136978814644,0,0,0,0,0,0,0,0,0,0,0,0,0,0.285307677328916,0,0,0,0,0,0,0,0,0,0.312407116095225,0,0,0,0,0,0.273542796294172,0,0,0,0.254932515323162,0,0.252105716615915,0,0,0,0,0,0,0,0,0.237301749513321,0,0,0,0,0,0,0,0,0,0,0,0.26584938470382,0.234465092420578,0,0.322377040982246,0,0
0,0.188022000545805,0,0,0,0,0,0,0,0.300221011042595,0,0,0,0,0,0.242548808455467,0,0,0,0,0,0.344442065772313,0,0.264549013692886,0,0.287560992744967,0,0.368589890003204,0,0,0,0,0,0,0,0,0,0,0,0,0,0.358619511127472,0,0,0,0,0,0,0,0.342015148128395,0,0,0,0,0,0.243117256572953,0,0.420702280863276,0,0.358243251660742,0,0.292243432118485,0,0,0.364065295263828,0,0.266688438409036,0,0,0,0.398562512196948,0,0,0,0,0,0,0,0,0,0,0,0.310384713113308,0,0.387917624676929,0,0
0.211763112999425,0,0,0,0,0,0,0,0.237667739722464,0,0,0,0,0,0,0,0,0,0,0,0,0,0.336409926903052,0,0.233445611264971,0,0.305960199611465,0,0.314616129194435,0,0,0,0,0,0,0,0,0,0,0,0,0,0,0,0,0,0,0,0.267015154163043,0,0,0,0,0,0.275823881228765,0,0.427091716300874,0,0.374879741442444,0,0.313370403179191,0,0,0,0,0.347426368705106,0,0.237301749513321,0,0,0,0.391108171164411,0,0,0,0,0,0,0,0,0,0,0,0,0.386479703819051,0,0
0,0,0,0.354803055524826,0,0,0,0,0,0.369837075471878,0,0.148357963091449,0,0.220732154030549,0,0.235519662499428,0.265936017036438,0.379330257574717,0.392288417919822,0,0,0.284982793229931,0,0,0,0.31922778962315,0,0.226483415958298,0,0.169155782941034,0,0,0,0,0,0,0,0.314862844280221,0,0,0,0.375596357609636,0,0,0,0.385344411645617,0,0,0,0.376208474083735,0,0,0,0,0,0,0,0.358860537377057,0,0.30180248243219,0,0.260963603854179,0.406034742792447,0,0.346901146797813,0,0.237856082618237,0,0.398562512196948,0,0,0,0.354638808234591,0,0,0,0,0,0,0,0.295286507194736,0,0.32139554541362,0.171909564733505,0.420472060995443,0.43778587381045,0
0,0,0,0,0,0,0,0,0,0,0.327247142791748,0,0.202247204170341,0,0,0,0.406795725226402,0,0,0,0,0,0.249428985838963,0,0,0,0.303383288518438,0,0.264628948191579,0,0.255070661505063,0,0,0,0,0,0,0,0.300332603413005,0,0,0,0.361560414819156,0,0,0,0,0,0.361402703169436,0,0,0,0,0,0,0,0.385803099354504,0,0.287204940002332,0,0.336558338668611,0,0,0,0,0.314776806585621,0,0,0,0.391108171164411,0,0,0,0.45820228093994,0,0,0,0,0,0,0,0.323831947365725,0.231604826947053,0,0.423864755289895,0,0
0,0,0,0.356233036518097,0,0,0,0,0,0,0,0.25167559498343,0,0,0,0,0,0.403331060235093,0.414494934301932,0.318300917744637,0,0.41807559132576,0,0,0,0,0,0.215796279410521,0,0.250535912588518,0,0,0,0,0,0,0,0.151286276836403,0,0,0,0.364747490865964,0.300781697034836,0.464883599962507,0,0.377421330628188,0,0,0,0.422024989467964,0,0,0,0,0,0,0,0.298171606857447,0,0,0,0,0.319055576308244,0,0.416925126314163,0,0,0,0,0,0.354638808234591,0,0,0,0,0,0,0,0,0,0.332828563178449,0,0.365298479153164,0,0.411053713514215,0.416665373309966,0
0.448296864827474,0,0.342782252109968,0,0.301431924104691,0,0,0,0,0,0.251997248374368,0,0,0,0,0,0.413842477581718,0,0.409093461190051,0,0.318026387691498,0,0,0,0,0,0,0,0.165748685598373,0,0.254791723963328,0,0,0,0,0,0,0,0.183953608689683,0,0,0,0.354315346526847,0,0.482258880138397,0,0.351410625899424,0,0.419798926826109,0,0.340695798397064,0,0,0,0,0,0.301205238495215,0,0,0,0.35820080836614,0,0,0.287309200694813,0,0.343693315982819,0,0,0,0,0,0.45820228093994,0,0,0,0,0,0,0,0,0,0.327248236712287,0.385779978069541,0,0.429883272107691,0,0.452328719198704
0,0,0,0,0,0,0,0,0,0,0,0,0,0,0,0,0,0,0,0,0,0,0,0,0,0,0,0,0,0,0,0.405397196318034,0.364580221386517,0.235501940051715,0,0.289856399926874,0,0,0,0.377926924824715,0.614810505083629,0,0,0,0,0,0.410954048236211,0.521229823900236,0.667234078958603,0.506299138069153,0,0,0,0,0,0,0,0,0,0,0,0,0,0,0,0,0,0,0,0,0,0,0,0,0,0.434968970652164,0.328077952618952,0,0.377908104160125,0.623021310720688,0,0,0.203348287465897,0,0.438261473178864,0,0
0,0,0,0,0,0,0,0,0,0,0,0,0,0,0,0,0,0,0,0,0,0,0,0,0,0,0,0,0,0,0,0.395891233505797,0.412053394434584,0,0.331760589876314,0.470908015966415,0.191343113780022,0,0,0.444628208875656,0.364560455083847,0,0.36883811155955,0,0,0.44626060128212,0.30800249055028,0.528983920905656,0.47877503434817,0.483095362782478,0,0,0,0,0,0,0,0,0,0,0,0,0,0,0,0,0,0,0,0,0,0,0,0,0.434968970652164,0,0,0.413075524270102,0.559906953736368,0.37266649780739,0,0,0.325014116302613,0,0.331425508967152,0,0
0,0,0,0,0,0,0,0,0,0,0,0,0,0,0,0,0,0,0,0,0,0,0,0,0,0,0,0,0,0,0,0.401240358501673,0,0.280329398171268,0.179768900076548,0.242675552212574,0,0.269863455156063,0,0,0,0,0,0,0,0,0,0.525734680597007,0,0.340916961431503,0,0,0,0,0,0,0,0,0,0,0,0,0,0,0,0,0,0,0,0,0,0,0,0,0.328077952618952,0,0,0.184373468160629,0.330919921656351,0,0.318002376220672,0,0.191983917745806,0.341925942584088,0,0,0
0,0,0,0,0,0,0,0,0,0,0,0,0,0,0,0,0,0,0,0,0,0,0,0,0,0,0,0,0,0,0,0,0.354016973984008,0.236183219418234,0.329617538504227,0,0.181713709580726,0,0.240314488832293,0,0,0,0.42577999830246,0,0,0,0,0.411375643709306,0.387742643172924,0,0,0,0,0,0,0,0,0,0,0,0,0,0,0,0,0,0,0,0,0,0,0,0,0,0,0.413075524270102,0.184373468160629,0,0,0.381254435437762,0,0.328397400767798,0.281867157018115,0,0.427826315164566,0,0
0,0,0,0,0,0,0,0,0,0,0,0,0,0,0,0,0,0.349722355604172,0,0.206154039417341,0,0,0,0,0,0,0,0,0,0,0,0.48181763872393,0.430784355248174,0.306710586962543,0,0.269130225898601,0.321706615388393,0.277954779152034,0,0.314605759388489,0.493294484041473,0.395912195487456,0,0,0,0.316040379226329,0.345045274123549,0.47523945653828,0.489023067331314,0.358824914246252,0,0,0,0,0,0,0,0,0,0,0,0,0.306901732871576,0,0,0,0,0,0,0,0,0,0,0,0.377908104160125,0.559906953736368,0.330919921656351,0,0,0.57750114921238,0.310133012026148,0,0.224766239802414,0,0.35164794471714,0,0
0,0,0,0,0,0,0,0,0,0,0,0,0,0,0,0,0,0,0.469641864299774,0,0.245564328598194,0,0,0,0,0,0,0,0,0,0,0.490521917874749,0.372134869359434,0,0.454070987379026,0.502098740637302,0.265943093300079,0,0.28147213185343,0.359176651157182,0.298516833393202,0,0.390673116691368,0,0,0.39067006111145,0.288024514582881,0.472781820787793,0.343240969821453,0.56438601175944,0,0,0,0,0,0,0,0,0,0,0,0,0,0.287662554811591,0,0,0,0,0,0,0,0,0,0,0.623021310720688,0.37266649780739,0,0.381254435437762,0.57750114921238,0,0,0.297405703537373,0.254273924857695,0.287107974290848,0.415121814183193,0,0
0,0.305126197312189,0,0.363630042834715,0,0,0,0,0,0.317088844944756,0,0.156009567777316,0,0,0,0.276505803068479,0.39179590344429,0.385431253829518,0.41391650915651,0.206995770780008,0,0.298283606322844,0,0.368921644985676,0,0,0,0.252904247923901,0,0.273852974176407,0,0,0,0.370401045450797,0,0.248227686999512,0,0.248925999327414,0,0.413463840117821,0,0.361807240936149,0,0.454507332295179,0,0.373642910400341,0,0.584862558005585,0,0.338396132776612,0,0,0,0,0,0.34188879588071,0,0.272148141392185,0,0,0,0.28348132771881,0.380356939233972,0,0.313020231649194,0,0.303203999996185,0,0,0,0.295286507194736,0,0.332828563178449,0,0,0,0.318002376220672,0,0.310133012026148,0,0,0.803173422813416,0.27366428907066,0.378610643551869,0.404118508339201,0.403508517604608,0
0.296939100325108,0,0.352938463874892,0,0,0,0,0,0.275066063739359,0,0.262222115849626,0,0,0,0,0,0.390187970616601,0.423038721084595,0.391498272983651,0,0.334500515035221,0,0.255793483856043,0,0.258702081628144,0,0,0,0.223743751206819,0,0.238144887314327,0,0,0.825213253498077,0.37080377885013,0,0.285486867260394,0.808619916439056,0.260899450948473,0,0,0,0.353048777185291,0,0.425704687833786,0,0.365872170357781,0.637713073846999,0.338441753640879,0,0.34561084707578,0,0,0,0.251806208775157,0,0.328825119967874,0,0.334952539867825,0,0.332628347656944,0,0,0.325887577683402,0,0.309293889830685,0,0.26584938470382,0,0,0,0.323831947365725,0,0.327248236712287,0,0,0,0.328397400767798,0,0.297405703537373,0.803173422813416,0,0.388774992532908,0.364615064114332,0.388239973405051,0.379608750343323,0.412542837006705
