0,0,0.0130668405884797,0,0,0,0,0,0.0487705845466465,0,0,0,0,0,0.000242772572194816,0,0.000401057464521248,1.93146108786305e-05,0.0017776821622213,0,0,0,0,0,6.24777277938304e-05,0,0,0,0,0,0,0,0,0,0,0,0,0,0,0,0,0,0.00115239707563109,0,0,0,0.000169537323027639,0,0.00513676267188734,0,0.000150021670177112,0,0,0,0.0822412794944755,0,0.000846913802790405,0,0,0,0.00575698506536862,0,0,2.42680412619483e-05,0,0,0,0,0,0.00135571770600914,0,0,0,0,0,0,0,0,0,0,0,4.46403105935838e-06,0.000594746163430472,0,0.00983562822079787,0,0.000386992144332508
0,0,0,0.00497340861756894,0,0,0,0,0,0.028964348702184,0,0,0,0,0,0.000113573307791916,0,2.63939881463826e-05,0.000759891914744077,0,0,0,0,0,0,0,0,0,0,0,0,0,0,0,0,0,0,1.78511416594487e-05,0,0,0,0.000322957059002492,0,0,0,0,0,0,0,0.00190683881207097,0,0,0,0,0,0.0853424226750347,0,0,0,0,0,0.00195990355255922,0,0,0,0,0,0,0,0,0,0,0.000111922426531469,0,0,0,0,0,0,0,0,0,0.000642121549708968,0,0.0025081072167469,0.000472171155098038,0
0.0130668405884797,0,0,0,0.00741249933234414,0,0,0,0.00569109874906067,0,0,0,0,0,0,0,1.76881653296275e-05,0,0.000123994753924032,0,0.000164949796161074,0,0,0,0,0,0,0,0,0,0,0,0,0,0,0,0,0,2.72840777855324e-06,0,0,0,0.00137273615355352,0,0,0,0.00180752504919415,0,0.00277609997391462,0,0.0230091923753655,0,0,0,0.00936789637146196,0,0.000264083738808537,0,0.00123764948168696,0,0.00213027930548843,0,0,0.000432185473593583,0,0,0,0,0,0,0,0,0,0.000236919541005538,0,0,0,0,0,3.72806170676219e-05,0,7.32078101678096e-05,0.000205450127283741,0,0.0139125393117853,0,0.000843301936444068
0,0.00497340861756894,0,0,0,0.00342834490973563,0,0,0,0.0149536420360362,0,0,0,0,0,0,0,0,6.50581318178485e-05,9.05618377606879e-05,0,0,0,0,0,0,0,0,0,0,0,0,0,0,0,1.15920669436061e-05,0,8.32895407942608e-06,0,0.00170981830521316,0,0.00921438051373743,3.28882514177543e-05,0,0,0.00123891719288907,0,0,0,0.000777837089051404,0,0.0432869951395467,0,0,0,0.0308232756239041,0,0.00740013207406051,0,0.00884792959111983,0,0.034992351505779,5.76929228462788e-05,0,0,0,0,0,0,0,0.000491288738089628,0,0.0129101514753826,0,0,0,0,0,0.000115466878525007,0,0.000141927333938402,0,0.000248018507809638,0,0.0210626506919182,0.00920433556978032,0
0,0,0.00741249933234414,0,0,0,0.000879495137734864,0,0.0508576159174479,0,0,0,0,0,0.00424548734325966,0,0,0,0,0,0.00135849522627504,0,0,0,0,0,0,0,0,0,0,0,0,0,0,0,2.50719127152087e-05,0,0,0,0,0,0.000232230548535329,0,0,0,0.000845487448248037,0,0.000149928045212587,0,0.10663259634695,0,0.00162547575669873,0,0.0194657981277061,0,0.000672061992176486,0,0.0116389161535814,0,0.00623455205597985,0,0,0.000126530605539909,0,0,0,0,0,0,0,0,0,0,0,0,0,0,0,1.73022695802637e-05,0,2.05419056276127e-05,0.00109328155446949,0,0.00469583669605972,0,8.21761909327468e-05
0,0,0,0.00342834490973563,0,0,0,0.00361455235303702,0,0.0174125544498142,0,0.000102672341158314,0,0,0,0.00331064571804161,0,0,0,0.0169924354784782,0,0,0,0,0,0,0,0,0,0,0,0,0,0,0,9.01030524730918e-05,0,0,0,0.000170011416027009,0,4.88375886205931e-05,0,0,0,3.42955656655859e-05,0,0,0,0,0,0.0987379504263484,0,0.00628271494899055,0,0.00373326011416882,0,0.00126885287796304,0,0,0,0,0.00543767488647929,0,0,0,0,0,0,0,0,0,0.000124131519762388,0,0,0,0,0,6.10987363899988e-05,0,1.9405934549864e-06,0,0.0018092676918502,0.000437342613397531,0.0105649060342284,0,0
0,0,0,0,0.000879495137734864,0,0,0,0,0,0.0050648585981327,0,8.37995508091939e-05,0,0,0,0,0,0,0,0,0,0,0,0,0,0,0,0,0,0,0,0,0,0,0,0,0,0,0,0,0,0,0,0,0,0,0,0,0,0.00548531854212284,0,0.039581344231823,0,0,0,0.00225323908821857,0,0.00553563414194185,0,0,0,0,0,0,0,0,0,0,0,0,0,0,0,0,0,0,0,0,0,0,0,0.000204434332002204,3.96615876480837e-05,0,0,0
0,0,0,0,0,0.00361455235303702,0,0,0,0,0,0.00994537747547253,0,0.000880127431580363,0,0,0,0,0,0.000303015308918368,0,0,0,0,0,0,0,0,0,0,0,0,0,0,0,0,0,0,0,0,0,0,0,0,0,0,0,0,0,0,0,0.00546228295027879,0,0.0551594468367666,0,0,0,0.00228712895435314,0,0.000619104543772897,0,0,0.00383268808305736,0,0,0,0,0,0,0,0,0,0,0,0,0,0,0,2.94813702344687e-06,0,0,0,0.000456647845809552,0,9.94448563597846e-05,0,0
0.0487705845466465,0,0.00569109874906067,0,0.0508576159174479,0,0,0,0,0,0,0,0,0,0.0217439605049638,0,0.00151457496110437,8.49828871390599e-06,0.000199534421499995,0,0,0,0,0,0.0116501294819278,0,0,0,0,0,0,0,0,0,0,0,0,0,2.96567185732151e-05,0,0,0,0.000110001255536072,0,0,0,0.000213154489748841,0,0.000664060134467147,0,0.00473805611496326,0,0,0,0.126119178393201,0,0,0,0,0,0.0193180367481502,0,0,0,0,0,0,0.00235805885990139,0,0,0,0,0,0,0,0,0,0,0,0,0,9.09559570396758e-06,0.00127807286361078,4.16294301006759e-05,0.000534424519811581,0,0.00013000234974362
0,0.028964348702184,0,0.0149536420360362,0,0.0174125544498142,0,0,0,0,0,0,0,0,0,0.0294038064995459,0,0.00236779402099415,5.64735612703268e-06,0,0,0,0,0.00854657442856287,0,0,0,0,0,0,0,0,0,0,0,0,0,0.000838259655597306,0,6.44975925855051e-05,0,0.000186847356753563,0,0,0,0,0,0,0,0.000306621558319877,0,0.00492151761791434,0,0,0,0.183702006245347,0,0.000119284218904901,0,0,0,0.00163578325232625,0,0,0,0,0.000610423645142829,0,0,0,1.64064981852984e-05,0,0.000497134309066471,0,0,0,0,0,6.2573042241635e-06,0,0.000167691093812867,0,0.00402395842157286,0.000239671338624506,0.000623888827515711,0.00024145252356114,0
0,0,0,0,0,0,0.0050648585981327,0,0,0,0,0,0.00270853664356276,0,0,0,0,0,0,0,0.0142478488142031,0,0,0,0,0,0,0,0.000135857269209119,0,0.0102393267530724,0,0,0,0,0,0.00153252176974824,0,0.00665755236807925,0,0,0,0,0,0,0,0,0,0,0,0,0,0.000576452756027874,0,0,0,0.09187878018657,0,0.00405641364585611,0,0,0,0,0.000405467766676074,0,0,0,0,0,0,0,0,0,0.00291021373987859,0,0,0,0,0,0,0,0.000217970841564879,0.00141362089654127,0.000122329156025973,7.26104055788239e-05,0,0
0,0,0,0,0,0.000102672341158314,0,0.00994537747547253,0,0,0,0,0,0.01692727101222,0,0,0,0,3.31601997150129e-05,0.00712827541413569,0,0,0,0,0,0,0,0.00515783442488006,0,0.00338911449845683,0,0,0,0,0,0.000250239026537345,0,0.0065487922437328,0,9.19716188790219e-06,0,0,0,0,0,0.000389315948802933,0,0,0,0,0,0.000131769495461245,0,0.001218159489296,0,0,0,0.058197772690973,0,0.000482381195407153,0,0,0.0184107905122415,0,0,0,0,0,0,0,0,0,0.00242120527219836,0,0,0,0,0,0.00037880884536279,0,0.00264667213262467,0,0.000525027230168453,0,0.00104179371850258,0,0
0,0,0,0,0,0,8.37995508091939e-05,0,0,0,0.00270853664356276,0,0,0,0,0,0,0,0,0,0,0,0,0,0,0,0,0,0.000751830569602745,0,0,0,0,0,0,0,0,0,0,0,0,0,0,0,0,0,0,0,0,0,0,0,0,0,0,0,0,0,0.00605639192333494,0,0,0,0,0,0,0,0,0,0,0,0,0,0,0,0,0,0,0,0,0,0,0,0.000141652321746755,0,0,0,0
0,0,0,0,0,0,0,0.000880127431580363,0,0,0,0.01692727101222,0,0,0,0.0126332143796671,0,0,0,0,0,0,0,0,0,0.00334292975808372,0,0,0,0,0,0,0,0,0,0,0,0,0,0,0,0,0,0,0,0,0,0,0,0,0,0,0,0.00120991905654332,0,0,0,0.0207436951670913,0,0.00196641661789851,0,0.0021346686935348,0,0,0,0,0,0,0.000278015127025999,0,0,0,0,0,0,0,0,0,0,0,0,0,0.000258701856153484,9.49318291532109e-06,0,0,0
0.000242772572194816,0,0,0,0.00424548734325966,0,0,0,0.0217439605049638,0,0,0,0,0,0,0,0.000140757983062832,0,0,0,0,0,0,0,0.000363069625059165,0,0,0,0,0,0,0,0,0,0,0,0,0,0,0,0,0,0,0,0,0,0,0,0,0,0.000414852735635581,0,0,0,0.00437083334620756,0,0,0,9.85005721223448e-05,0,0.0154634393248321,0,0,0,0,0,0,0.000438762516520662,0,0.000760865138630268,0,0,0,0,0,0,0,0,0,0,0,0,0.000251465710678318,1.14051987439036e-05,0,0,0
0,0.000113573307791916,0,0,0,0.00331064571804161,0,0,0,0.0294038064995459,0,0,0,0.0126332143796671,0,0,9.24607159172785e-06,0.000875329146057075,0.000113986829629919,0,0,0,0,0,0,5.93351914279306e-05,0,0,0,0,0,0,0,0,0,0,0,0,0,0,0,0,0,0,0,0,0,0,0,0,0,0.00920898617638497,0,0,0,0.0115288835333121,0,0,0,0,0,0.0241881468107527,0,0,0,0,0.000136337849992629,0,0,0,0,0,0,0,0,0,0,0,0,0,0,0,0.000524823192641904,0,0,0,0
0.000401057464521248,0,1.76881653296275e-05,0,0,0,0,0,0.00151457496110437,0,0,0,0,0,0.000140757983062832,9.24607159172785e-06,0,0.110503848724646,0.0496182958640945,0,1.25795172352133e-05,0,0,0,1.14671284985071e-05,0.000486595041050773,0.00285171391472831,0,0,0,0,0,0,0,0,0,1.32325432880128e-05,0,0,0.000325134841860634,0.000190454627575039,0.000171649052136508,0.000598150214473371,0,0,7.2226728160173e-05,0.000592459617477494,0,3.24959324516898e-05,2.09260263831e-06,0,0,0,0,0,0,0,0,0,0,2.04496924245665e-05,0,1.43076942676691e-06,0.000165337306727478,0,3.60014298460304e-05,0,0,0.000127247659855383,0,0,0,1.39169883709685e-05,0,0,0,0,0,5.20079192754883e-05,0.000433221332043498,3.66728755567974e-06,0.000143460750666134,0.00826924635959514,1.51331850292343e-05,0.00100555874339297,8.17276669645021e-05,0.000390278996458167
1.93146108786305e-05,2.63939881463826e-05,0,0,0,0,0,0,8.49828871390599e-06,0.00236779402099415,0,0,0,0,0,0.000875329146057075,0.110503848724646,0,0.0365194608396961,0,0,0.000299222606182335,0,4.25199481863152e-05,0,0.0334275504956186,0.000173459196483291,0.000869558148995159,0,0,0,0,0,0,0,8.64779526607269e-07,5.59808853464267e-06,0,0,0.000184721219682328,7.35143240526243e-06,0.000150940144076941,0.000113546687586041,0,0,3.66757541627888e-05,5.89775745869547e-05,1.52584857489946e-05,0,5.67108300996429e-06,0,0,0,0,0,0.000204526363608054,0,0,0,0,0,0.00020785418330221,0,8.43629107460871e-06,0,0,3.88415423344368e-05,0,0.00807543818920177,0,0,0,2.32398220171778e-06,0,0,0,0,0,4.4593319707859e-05,2.59823836153836e-05,1.59477119974807e-05,2.17654297522763e-05,0.00940549227704769,4.56750872685732e-05,0.000223523109582544,9.06274290697445e-05,5.23321777776717e-05
0.0017776821622213,0.000759891914744077,0.000123994753924032,6.50581318178485e-05,0,0,0,0,0.000199534421499995,5.64735612703268e-06,0,3.31601997150129e-05,0,0,0,0.000113986829629919,0.0496182958640945,0.0365194608396961,0,0,0.000387399003033116,0,0,0,0,0.000238237997588362,7.990621435355e-05,0,0,0,0,0,0,3.82048686029305e-05,2.1484384822681e-05,0.000273118437606817,0.000657055706933834,2.14246539040467e-05,1.46897916943832e-05,0.051297325933913,0.00540132698669985,0.0272832434815308,0.012020350588863,0.000393073191425097,0.000581896710652531,0.00727982911235729,0.0173014796966232,0.000139904878762098,0.000584474847952667,0.000548367968858831,8.00671219218408e-05,0,0,0,0,0,5.42036698387884e-06,0.00177961231118845,0,0,0,0,3.68680700942506e-06,0.00592027998753936,0,0,0,0,0.00015435189275671,0,0.000160802738572967,0,0.00581190283227313,0,0,0,0,6.99500330719601e-05,0.0040037642849092,0.00943529867959978,0.00258970977942357,0.00359365315592677,0.00639923744323685,0.0001037285673346,0.0488626681588435,0.0160787370810251,0.00970555294755594
0,0,0,9.05618377606879e-05,0,0.0169924354784782,0,0.000303015308918368,0,0,0,0.00712827541413569,0,0,0,0,0,0,0,0,0,0,0,0,0,0,0,0,0,0,0,0,0,0,0,0.00663094607418221,0,0.00111239476941311,0,0,0,0,0,0,0,0.00114585447063796,0,0,0,6.45763287918338e-06,0,0.000464088806001914,0,0.000208186393873204,0,0,0,0.000167934767492394,0,0,0,0,0.0854978189878339,0,0,0,0,0,0,0,0,0,0,0,0,0,0,0,0.000822714771270879,0,2.2285182400204e-05,0,0.000901449196710354,0,0.0038061195192045,0,0
0,0,0.000164949796161074,0,0.00135849522627504,0,0,0,0,0,0.0142478488142031,0,0,0,0,0,1.25795172352133e-05,0,0.000387399003033116,0,0,0,0,0,0,0,0,0,0,0,8.20510885721987e-05,0,0,0,0,0,0.00843111369655657,0,0.00522945079332637,5.49942133573614e-06,8.87890297733904e-05,0,0.000357089652724133,0,0,0,0.00514364619243215,0,3.13518018867047e-06,0,0.00187214485834636,0,0.000161669134559443,0,0,0,0.0359204159186695,0,0,0,0,0,0,0.110729007450147,0,0,0,0,0,0,0,0,0,0.00160910054722248,0,0,0,0,0,0.00506816078622097,0,0.0028847936562256,0.00132228792215623,4.84980182591244e-06,0.00789612554139535,0,0.000128511994818177
0,0,0,0,0,0,0,0,0,0,0,0,0,0,0,0,0,0.000299222606182335,0,0,0,0,0.000583285769701882,0.00133201556786766,0,0.000661683274120042,0,0.000982828811944411,0,0,0,0,0,0,0,0,0,0.00140310464003351,0,0,0,0,0,0,0,0,0,0,0,2.07339578263609e-05,0,0,0,0,0,0,0,0,0,0,0,0,0,0,0.0347192657258742,0,0.00140043841538,0,0.00152558805417935,0,0.00036982859554841,0,0,0,0,0,0,0,0,0,0.00118922725391958,0,0.000428691218812849,7.14402710455574e-06,0,0,0
0,0,0,0,0,0,0,0,0,0,0,0,0,0,0,0,0,0,0,0,0,0.000583285769701882,0,0,0.00300783266119929,0,0.00256981228275416,0,0.000572433530480011,0,0,0,0,0,0,0,0,1.36684218256961e-05,0.00289920968432832,0,0,0,0,0,0,0,0,0,3.60270800987253e-05,0,0,0,0,0,0,0,0,0,0,0,0,0,0,0,0.000210265305594431,0.0423795464167981,0,0.00107217766425162,0,0.00127644527700449,0,0,0,0,0,0,0,0,0,0,0,0.000924097776961775,0.000909600435909646,0.00118972195832578,0,0,0
0,0,0,0,0,0,0,0,0,0.00854657442856287,0,0,0,0,0,0,0,4.25199481863152e-05,0,0,0,0.00133201556786766,0,0,0,0.0555633089783906,0,0,0,0,0,0,0,0,0,0,0,0.00200864380305195,0,0,0,0,0,0,0,0,0,0,0,0,0,0,0,0,0,0.0184726740536564,0,0,0,0,0,0,0,0,0.000964041578999362,0,0.169586324128689,0,0.0301004659618371,0,0,0,0,0,0,0,0,0,0,0,0.000758525043973702,0,0.000622598388241229,0,0.00013257474417102,0,0
6.24777277938304e-05,0,0,0,0,0,0,0,0.0116501294819278,0,0,0,0,0,0.000363069625059165,0,1.14671284985071e-05,0,0,0,0,0,0.00300783266119929,0,0,0,0.0174652525759351,0,0,0,0,0,0,0,0,0,0,0,0.000472932518275358,0,0,0,0,0,0,0,0,0,0,0,0,0,0,0,0.0172958501188732,0,0,0,0,0,0.000592213464878845,0,0,0,0,0.0022003202626958,0,0.125074137634757,0,0.0659323649916984,0,0,0,0,0,0,0,0,0,0,0,0.00093907494323132,2.90983914966549e-05,0,0,0,0
0,0,0,0,0,0,0,0,0,0,0,0,0,0.00334292975808372,0,5.93351914279306e-05,0.000486595041050773,0.0334275504956186,0.000238237997588362,0,0,0.000661683274120042,0,0.0555633089783906,0,0,0,0.00248583432469749,0,0,0,0,0,0,0,0,0,0,0,0,0,0,0,0,0,0,5.08646160999309e-05,0,0,0,0,0,0,0,0,0,0,0,0,0,0,0,0,0,0,0,0.0211123642342972,0,0.0334227919896217,0,0,0,0,0,0,0,0,0,0,0,0,0,0.000215505359377904,0,0,0,0
0,0,0,0,0,0,0,0,0,0,0,0,0,0,0,0,0.00285171391472831,0.000173459196483291,7.990621435355e-05,0,0,0,0.00256981228275416,0,0.0174652525759351,0,0,0,0.0203304351093557,0,0,0,0,0,0,0,0,0,0,0,0,0,0,0,0,0,0,0,0,0,0,0,0,0,0,0,0,0,0,0,0,0,0,0,0,0.00274467980636162,0,0.000672378236483474,0,0.0323980711123387,0,0.000335962242668907,0,0,0,0,0,0,0,0,0,0,9.98204680465472e-05,0,0,0,0
0,0,0,0,0,0,0,0,0,0,0,0.00515783442488006,0,0,0,0,0,0.000869558148995159,0,0,0,0.000982828811944411,0,0,0,0.00248583432469749,0,0,0,0.00358385287843625,0,0,0,0,0,0,0,5.34717638945175e-05,0,0,0,0,0,0,0,0,0,0,0,0,0,0,0,0,0,0,0,0.000739038217071904,0,0,0,0,0,0,0.000328768620685038,0,0,0,0.00138038381397661,0,0.00684988147673708,0,0.00117294088010303,0,0,0,0,0,0,0,0.000110644867277102,0,0.000200121134574378,0,0,0,0
0,0,0,0,0,0,0,0,0,0,0.000135857269209119,0,0.000751830569602745,0,0,0,0,0,0,0,0,0,0.000572433530480011,0,0,0,0.0203304351093557,0,0,0,0.0011526580688978,0,0,0,0,0,0,0,0.00055439557997389,0,0,0,0,0,0,0,0,0,0,0,0,0,0,0,0,0,0,0,0,0,0,0,0,0,0,8.53987079485151e-05,0,0,0,0.00939356860527516,0,0.0116003572712818,0,2.38008385779719e-05,0,0,0,0,0,0,0,7.25670400208723e-06,3.51994188414653e-05,0,0,0,0
0,0,0,0,0,0,0,0,0,0,0,0.00338911449845683,0,0,0,0,0,0,0,0,0,0,0,0,0,0,0,0.00358385287843625,0,0,0,0,0,0,0,0,0,0.000970221948801969,0,1.0748548506341e-05,0,0,0,0,0,0,0,0,0,0,0,0,0,0,0,0,0,0.000870002084047944,0,0,0,0,1.29272657230635e-05,0,0,0,0,0,0,0,0,0,0.0220279329885898,0,0,0,0,0,0,0,0.000186945247640918,0,0,0,7.53101203429703e-06,0,0
0,0,0,0,0,0,0,0,0,0,0.0102393267530724,0,0,0,0,0,0,0,0,0,8.20510885721987e-05,0,0,0,0,0,0,0,0.0011526580688978,0,0,0,0,0,0,0,0,0,0.0016333217722824,0,0,0,0,0,0,0,0,0,0,0,0,0,0,0,0,0,0.00431594356505693,0,0,0,0,0,0,1.46631409733841e-05,0,0,0,0,0,0,0,1.74899085419485e-05,0,0.0278939446938792,0,0,0,0,0,0,0,0.000191535802396182,8.05227785456221e-05,0,3.40910141661942e-05,0,0
0,0,0,0,0,0,0,0,0,0,0,0,0,0,0,0,0,0,0,0,0,0,0,0,0,0,0,0,0,0,0,0,0.0210935236546993,0.00505603816076604,0.000245909073744167,0.00922118215409607,0,0,0,0,0,0,0,0,0,0,0,0.29796030214386,0,9.30325626568522e-05,0,0,0,0,0,0,0,0,0,0,0,0,0,0,0,0,0,0,0,0,0,0,0,0,0.165781418149249,0.00755279137058891,0.0010542423698747,0,0.0014977801555852,0,0,0,0.000904428348850685,0,0,0,0
0,0,0,0,0,0,0,0,0,0,0,0,0,0,0,0,0,0,0,0,0,0,0,0,0,0,0,0,0,0,0,0.0210935236546993,0,0,0.00148635245016252,3.05469029354151e-06,0.00135913764283041,0,0,0,0,0,0,0,0,0,0,0.0346182711270471,0.000472622894253834,0,0,0,0,0,0,0,0,0,0,0,0,0,0,0,0,0,0,0,0,0,0,0,0,0,0.000720175230052963,0.156665187709504,0,0.00196158963328666,1.47732798019923e-05,0.000437237384100309,0,0,0.000265225628636017,0,0,0,0
0,0,0,0,0,0,0,0,0,0,0,0,0,0,0,0,0,0,3.82048686029305e-05,0,0,0,0,0,0,0,0,0,0,0,0,0.00505603816076604,0,0,0.0369601701279556,0.00344380226213027,0,0.000482735745110323,0.000784790780640461,0,0,0,0,0,0,0,0,0.035470933562158,0,0.000335696612319391,0,0,0,0,0,0,0,0,0,0,0,0,0,0,0,0,2.17182230009107e-05,0,0,0,0,0,0,0,0.000212172974874313,0.000633531885392613,0.0871226045929307,0.0221654608391699,0.00196654793985645,0,0.00418235144485354,0.00065342246674218,0.000642661127171389,0,0,0,0
0,0,0,0,0,0,0,0,0,0,0,0,0,0,0,0,0,0,2.1484384822681e-05,0,0,0,0,0,0,0,0,0,0,0,0,0.000245909073744167,0.00148635245016252,0.0369601701279556,0,0,0.00866631660114593,0,0.00108949558357365,0,1.02923194974416e-05,0,6.47427835744584e-06,0,0,0,1.26934461901527e-05,0.02343663901426,0.000170822287360355,0,0,0,0,0,0,0,0,0,0,0,0,0,0,0,0,0,0,0,0,0,0,0,0,0,0,0.00390414703396238,0.0163165046721834,0.132079563779279,0,0.00230110998058283,0,0.000674477399637712,0.000271052415334457,0,9.85052632124196e-06,0,0
0,0,0,1.15920669436061e-05,0,9.01030524730918e-05,0,0,0,0,0,0.000250239026537345,0,0,0,0,0,8.64779526607269e-07,0.000273118437606817,0.00663094607418221,0,0,0,0,0,0,0,0,0,0,0,0.00922118215409607,3.05469029354151e-06,0.00344380226213027,0,0,0.00105644237096928,0.00723601479615305,0,0.000303165726955357,6.73238128283356e-06,3.61962310793569e-05,0,0,0,0.000501357765210051,0,0.00018957547216234,0,0.000172254345939562,0,8.50823332803922e-06,0,3.34826634587116e-06,0,0,0,3.8074461451195e-05,0,0,0,0,0.00666949291458442,4.66027590034909e-06,0,0,0,0,0,0,0,0,1.25610674135801e-06,0,0.00721503966839325,0,0.00376002711955013,0,0.0486684025738824,0.000389694096659661,0.000717132757324746,0,0.00617763304363696,0.000147287506084118,0.000978114964568848,1.71827513550275e-05,0
0,0,0,0,2.50719127152087e-05,0,0,0,0,0,0.00153252176974824,0,0,0,0,0,1.32325432880128e-05,5.59808853464267e-06,0.000657055706933834,0,0.00843111369655657,0,0,0,0,0,0,0,0,0,0,0,0.00135913764283041,0,0.00866631660114593,0.00105644237096928,0,0,0.00734373100242242,3.16724882098274e-06,0.000122034782280911,5.27562294808443e-06,0.000115854008489678,0,2.05376728835385e-06,7.43390700941549e-06,0.0010325674930891,0.000632684263976257,6.20235102947309e-05,0,5.08060574326715e-06,0,0,0,0,0,0.000244237960353278,0,0,0,0,0,0,0.00433190994565,0,0,0,0,0,0,0,0,0,0,1.00308294433928e-05,0.00212655862479441,0,0.00246720871356445,0.000106953776806436,0.0502218898978701,0,0.00529104396553476,0.00426401377757886,0.00367271728461394,0.000957035402347424,0,8.30922903394859e-05
0,1.78511416594487e-05,0,8.32895407942608e-06,0,0,0,0,0,0.000838259655597306,0,0.0065487922437328,0,0,0,0,0,0,2.14246539040467e-05,0.00111239476941311,0,0.00140310464003351,1.36684218256961e-05,0.00200864380305195,0,0,0,5.34717638945175e-05,0,0.000970221948801969,0,0,0,0.000482735745110323,0,0.00723601479615305,0,0,0.00173167805355125,0,0,0,0,0,0,0.000206838963159125,0,0.0013546414616133,0,0.00325695556399713,0,0,0,0,0,0.000599672785103259,0,0.000608906299891444,0,0,0,0,0.0029725320299335,0,0.000329169567408294,0,0.00172998977144874,0,0,0,0.000119126301203551,0,0.000131247082616633,0,0,0,0.0005335904446671,0,0.00811620605892217,0,0.034674730455478,0.000941465349394798,0.00249146176842226,0,0.000335727452305325,2.60210558722057e-06,0
0,0,2.72840777855324e-06,0,0,0,0,0,2.96567185732151e-05,0,0.00665755236807925,0,0,0,0,0,0,0,1.46897916943832e-05,0,0.00522945079332637,0,0.00289920968432832,0,0.000472932518275358,0,0,0,0.00055439557997389,0,0.0016333217722824,0,0,0.000784790780640461,0.00108949558357365,0,0.00734373100242242,0.00173167805355125,0,0,7.54162222517172e-06,4.77924275315062e-06,2.8700020959361e-06,0,0,0,0.000614929182076895,0.00564451192674929,0.000678373986135999,0,0,0,0,0,3.4069132901134e-05,0,0.000966847666248345,0,0,0,0,0,0,0.00320361294769073,0,0.00381194887288169,0,0.00258239054450346,0,0,0,8.19804780137035e-05,0,0.000348103678894235,0,0,0.000156787176285882,0.000257340852839339,0,0.00190977979950919,0.000437898965940745,0.0455753456655561,0.00170236657569625,0,0.000138975134863873,0,0
0,0,0,0.00170981830521316,0,0.000170011416027009,0,0,0,6.44975925855051e-05,0,9.19716188790219e-06,0,0,0,0,0.000325134841860634,0.000184721219682328,0.051297325933913,0,5.49942133573614e-06,0,0,0,0,0,0,0,0,1.0748548506341e-05,0,0,0,0,0,0.000303165726955357,3.16724882098274e-06,0,0,0,0,0.120741701321499,0.000209698350777849,0.00242959250373089,0,0.0802872491870534,0.000536055630850653,0,0,0.0107909417061561,7.70562239311404e-05,0.000604802059427533,0,0,0,0,0,0.00155052681571499,0,0,0,4.13903820982789e-05,0.00197179169784258,0.000117052142642083,0,0,0,0,0,0,0,0,0.0021091249551313,0,0,0,0,0,0.00715588471499779,5.97535451811809e-05,0.000444015913964101,3.04782623575821e-05,0.000916811705419488,0,0.0554247485686768,0.0278174776413796,0.000242942151447344
0,0,0,0,0,0,0,0,0,0,0,0,0,0,0,0,0.000190454627575039,7.35143240526243e-06,0.00540132698669985,0,8.87890297733904e-05,0,0,0,0,0,0,0,0,0,0,0,0,0,1.02923194974416e-05,6.73238128283356e-06,0.000122034782280911,0,7.54162222517172e-06,0,0,2.53592489325024e-05,0.0300521190723673,0,0.000220055605260752,1.03885663138129e-05,0.0145089843081213,0,0.000100171374650662,0,6.36620722910008e-05,0,0,0,0,0,1.91187915072862e-05,0,0,0,0,0,0,0.0020100597077976,0,0,0,0,0,0,0,0,0,0,0,0,0,0,6.91545849138464e-06,0.00151187726040905,0,6.66882067068219e-05,0.000108305827155306,0,0.0128376922677999,0,0.00731265647849054
0,0.000322957059002492,0,0.00921438051373743,0,4.88375886205931e-05,0,0,0,0.000186847356753563,0,0,0,0,0,0,0.000171649052136508,0.000150940144076941,0.0272832434815308,0,0,0,0,0,0,0,0,0,0,0,0,0,0,0,0,3.61962310793569e-05,5.27562294808443e-06,0,4.77924275315062e-06,0.120741701321499,2.53592489325024e-05,0,0.00961637205700287,0.00501481792534961,0,0.00383691833127835,0.000182041457065513,1.6744269278806e-05,1.05872500944852e-05,0.00206792781111588,0,0.000878969829198687,0,0,0,0.00104702104080153,0,0.00709322548920088,0,0,0,0.00049753943700582,0.000272306635592731,2.48416234311238e-05,0,0,0,0,0,0,0.000943588727512282,0,0.0109241832157554,0,0,0,0,0,0.000714141281338971,3.76566221004512e-05,0.00035919753802267,2.10862150979265e-05,0.00221313321393826,0,0.0729885941281093,0.0409009591236655,9.20510219704334e-05
0.00115239707563109,0,0.00137273615355352,3.28882514177543e-05,0.000232230548535329,0,0,0,0.000110001255536072,0,0,0,0,0,0,0,0.000598150214473371,0.000113546687586041,0.012020350588863,0,0.000357089652724133,0,0,0,0,0,0,0,0,0,0,0,0,0,6.47427835744584e-06,0,0.000115854008489678,0,2.8700020959361e-06,0.000209698350777849,0.0300521190723673,0.00961637205700287,0,3.56048019251811e-05,0.00163661038101618,4.70236569458384e-06,0.0320727676658882,9.24905045271557e-05,0.00075674355839837,7.77841701325461e-06,0.000545279056657447,0,0,0,7.95103182011508e-05,0,0.00141518477072595,0,3.20252024580984e-05,0,5.1623194039722e-05,0,0,0.0189220314702563,0,0,0,0,0,0,0,0,1.26539231082414e-05,0.000223893989464688,0,0,0,5.06514263791444e-05,5.1154081906758e-06,0.0109096330740555,1.36568338782796e-06,0.000875035482827791,0.00156167469307045,0,0.0555914774733416,0.000143419234527144,0.0447176340135061
0,0,0,0,0,0,0,0,0,0,0,0,0,0,0,0,0,0,0.000393073191425097,0,0,0,0,0,0,0,0,0,0,0,0,0,0,0,0,0,0,0,0,0.00242959250373089,0,0.00501481792534961,3.56048019251811e-05,0,0,0.000202287800154445,0,0,0,1.92786352753528e-05,0,0,0,0,0,0,0,0,0,0,0,0,0,0,0,0,0,0,0,0,0,0,0,0,0,0,0,0,7.83689659806352e-06,0,5.09263961782715e-05,0,0.000163590049758197,0,0.00238801614957173,0.00313714639258621,0
0,0,0,0,0,0,0,0,0,0,0,0,0,0,0,0,0,0,0.000581896710652531,0,0,0,0,0,0,0,0,0,0,0,0,0,0,0,0,0,2.05376728835385e-06,0,0,0,0.000220055605260752,0,0.00163661038101618,0,0,0,0.00196237997538091,0,4.14904152789341e-06,0,0,0,0,0,0,0,0,0,0,0,0,0,0,4.47714357887472e-05,0,0,0,0,0,0,0,0,0,0,0,0,0,0,0,0.000145347178838769,0,3.87393921860376e-05,2.87887641432003e-05,0,0.00361277843009643,0,0.000749905587241772
0,0,0,0.00123891719288907,0,3.42955656655859e-05,0,0,0,0,0,0.000389315948802933,0,0,0,0,7.2226728160173e-05,3.66757541627888e-05,0.00727982911235729,0.00114585447063796,0,0,0,0,0,0,0,0,0,0,0,0,0,0,0,0.000501357765210051,7.43390700941549e-06,0.000206838963159125,0,0.0802872491870534,1.03885663138129e-05,0.00383691833127835,4.70236569458384e-06,0.000202287800154445,0,0,0.000207559214451772,0,0,0.00121986473914792,0,0.000235943178170729,0,0,0,3.72103791422399e-05,0,0.00211449927308851,0,4.54972087876848e-06,0,0,0.0326888069015406,8.50376468162477e-05,0,0,0,0,0,0,1.64331503050014e-05,0,0.00595519541433564,0,0,0,0,0,0.0111267413583099,2.11852754558389e-05,0.00437057638899335,6.91415644461606e-06,0.000326968512759929,0,0.0389910393477766,0.000359266604327884,0
0.000169537323027639,0,0.00180752504919415,0,0.000845487448248037,0,0,0,0.000213154489748841,0,0,0,0,0,0,0,0.000592459617477494,5.89775745869547e-05,0.0173014796966232,0,0.00514364619243215,0,0,0,0,5.08646160999309e-05,0,0,0,0,0,0,0,0,1.26934461901527e-05,0,0.0010325674930891,0,0.000614929182076895,0.000536055630850653,0.0145089843081213,0.000182041457065513,0.0320727676658882,0,0.00196237997538091,0.000207559214451772,0,8.70165337983571e-05,0.000105527427690923,9.03182395445832e-06,0.00209778992326591,0,0,0,3.0829489016165e-05,0,0.000261320465885577,0,0.000357699721408691,0,5.46088635841706e-05,0,0,0.0512081864733259,0,0,0,0,0,0,0,0,4.25497176057807e-06,0.000189722930729386,0,0,0,1.99664327608103e-05,2.92045342796434e-05,0.0119429418219172,1.53715826327068e-05,0.00473188842000662,0.000560684773622187,8.08208572819141e-07,0.0323778538390603,6.71267572121877e-05,0.00212334615824632
0,0,0,0,0,0,0,0,0,0,0,0,0,0,0,0,0,1.52584857489946e-05,0.000139904878762098,0,0,0,0,0,0,0,0,0,0,0,0,0.29796030214386,0.0346182711270471,0.035470933562158,0.02343663901426,0.00018957547216234,0.000632684263976257,0.0013546414616133,0.00564451192674929,0,0,1.6744269278806e-05,9.24905045271557e-05,0,0,0,8.70165337983571e-05,0,0.0887082839229772,0.0179228249330981,0,0,0,0,0,0,0,0,0,0,0,0,0,0,0,0,0,0,0,0,0,0,0,0,0.0246772007032977,0.0217648178084335,0.00654782386146001,0.0102117650332815,0.000809424879879077,0.00232569965736055,0.000390973766914676,0.00141812336704457,0.00281073434973597,0,0.00438999666952951,0,9.01496275999367e-05
0.00513676267188734,0,0.00277609997391462,0,0.000149928045212587,0,0,0,0.000664060134467147,0,0,0,0,0,0,0,3.24959324516898e-05,0,0.000584474847952667,0,3.13518018867047e-06,0,3.60270800987253e-05,0,0,0,0,0,0,0,0,0,0.000472622894253834,0,0.000170822287360355,0,6.20235102947309e-05,0,0.000678373986135999,0,0.000100171374650662,1.05872500944852e-05,0.00075674355839837,0,4.14904152789341e-06,0,0.000105527427690923,0.0887082839229772,0,0.00096143179540386,0.00051722124119033,0,0,0,0.00128352365803069,0,0.000195002358592869,0,1.32952386446143e-05,0,0.000226076580469873,0,0,6.44449484888253e-06,0,0.00121645655049427,0,0.00110627634781593,0,1.93644961201954e-05,0,0.00230448036141104,0,0,0,0.000756051569011346,0,0.00062133054184879,0,0.00482276633876103,0,0.00560110203247286,0.00038883027394757,0,0.0099780523429624,0,0.000183598294503285
0,0.00190683881207097,0,0.000777837089051404,0,0,0,0,0,0.000306621558319877,0,0,0,0,0,0,2.09260263831e-06,5.67108300996429e-06,0.000548367968858831,6.45763287918338e-06,0,2.07339578263609e-05,0,0,0,0,0,0,0,0,0,9.30325626568522e-05,0,0.000335696612319391,0,0.000172254345939562,0,0.00325695556399713,0,0.0107909417061561,0,0.00206792781111588,7.77841701325461e-06,1.92786352753528e-05,0,0.00121986473914792,9.03182395445832e-06,0.0179228249330981,0.00096143179540386,0,0,8.37832176464833e-05,0,0,0,0.000365903739462593,0,0.00148258770593496,0,0.000537706806796345,0,0.000775635603032902,8.50169591008548e-06,0,0.00247383194943316,0,0.00400799647507,0,0.0024867355887905,0,0.00654961980147744,0,0.00173876123045017,0,0.000302942573240756,0,0.000240394878775999,0,0.00110775715220852,3.60977045533607e-06,0.00790620725671965,0,0.00111824544043783,0,0.00855174908632728,6.02394443838533e-05,0
0.000150021670177112,0,0.0230091923753655,0,0.10663259634695,0,0.00548531854212284,0,0.00473805611496326,0,0,0,0,0,0.000414852735635581,0,0,0,8.00671219218408e-05,0,0.00187214485834636,0,0,0,0,0,0,0,0,0,0,0,0,0,0,0,5.08060574326715e-06,0,0,7.70562239311404e-05,6.36620722910008e-05,0,0.000545279056657447,0,0,0,0.00209778992326591,0,0.00051722124119033,0,0,0,0.00319724739314805,0,0.00851951062028625,0,0.0210065463641543,0,0.0230820653737835,0,0.00833401354950361,0,0,0.00393675729462,0,0,0,0,0,0,0,0,0,0,0,0,0,0,0,4.63499633293723e-05,0,2.49402417066767e-05,0.000523365530957745,0,0.018570648757191,0,0
0,0,0,0.0432869951395467,0,0.0987379504263484,0,0.00546228295027879,0,0.00492151761791434,0,0.000131769495461245,0,0,0,0.00920898617638497,0,0,0,0.000464088806001914,0,0,0,0,0,0,0,0,0,0,0,0,0,0,0,8.50823332803922e-06,0,0,0,0.000604802059427533,0,0.000878969829198687,0,0,0,0.000235943178170729,0,0,0,8.37832176464833e-05,0,0,0,0.0241201755873404,0,0.0035665316588643,0,0.0155157981709883,0,0.00142233814663623,0,0.00243182996952471,0.00022940780274911,0,0,0,0,0,0,0,1.13747997324983e-05,0,0.000246388189404084,0,0,0,0,0,0.000128230666489278,0,3.19862530305938e-06,0,0.000426376324400784,0,0.00397201349699647,0.000665843592971458,0
0,0,0,0,0.00162547575669873,0,0.039581344231823,0,0,0,0.000576452756027874,0,0,0,0,0,0,0,0,0,0.000161669134559443,0,0,0,0,0,0,0,0,0,0,0,0,0,0,0,0,0,0,0,0,0,0,0,0,0,0,0,0,0,0.00319724739314805,0,0,0,0,0,0.0130368111484437,0,0.0156039128313986,0,0,0,0,0.000319796355579233,0,0,0,0,0,0,0,0,0,0,0,0,0,0,0,0,0,0,0.000217347522356589,0,0,0,0
0,0,0,0,0,0.00628271494899055,0,0.0551594468367666,0,0,0,0.001218159489296,0,0.00120991905654332,0,0,0,0,0,0.000208186393873204,0,0,0,0,0,0,0,0,0,0,0,0,0,0,0,3.34826634587116e-06,0,0,0,0,0,0,0,0,0,0,0,0,0,0,0,0.0241201755873404,0,0,0,0,0,0.00384569923820748,0,0.000731708931531248,0,0,0.00448554116778645,0,0,0,0,0,0,0,0,0,0,0,0,0,0,0,2.93045998412428e-05,0,0,0,5.49347248327322e-05,0,0.000603402565205187,0,0
0.0822412794944755,0,0.00936789637146196,0,0.0194657981277061,0,0,0,0.126119178393201,0,0,0,0,0,0.00437083334620756,0,0,0,0,0,0,0,0,0,0.0172958501188732,0,0,0,0,0,0,0,0,0,0,0,0,0,3.4069132901134e-05,0,0,0,7.95103182011508e-05,0,0,0,3.0829489016165e-05,0,0.00128352365803069,0,0.00851951062028625,0,0,0,0,0,0,0,0,0,0.024346029709434,0,0,0,0,0,0,0.0417982996384612,0,0.000119099443979913,0,0,0,0,0,0,0,0,0,0,0,8.3083817871068e-05,7.98453527541834e-05,0,0.000529967911044383,0,0
0,0.0853424226750347,0,0.0308232756239041,0,0.00373326011416882,0,0,0,0.183702006245347,0,0,0,0,0,0.0115288835333121,0,0.000204526363608054,0,0,0,0,0,0.0184726740536564,0,0,0,0,0,0,0,0,0,0,0,0,0,0.000599672785103259,0,0,0,0.00104702104080153,0,0,0,3.72103791422399e-05,0,0,0,0.000365903739462593,0,0.0035665316588643,0,0,0,0,0,0.000199126766096288,0,0,0,0.00798142504862017,0,0,0,0,0.0275038638072726,0,0.000267172815986598,0,1.05288013698925e-05,0,0.000929909498036755,0,0,0,0,0,0,0,0.00278501888886489,0,0.000494620297439705,0,0.00134504339637142,0.00244953201892155,0
0.000846913802790405,0,0.000264083738808537,0,0.000672061992176486,0,0.00225323908821857,0,0,0,0.09187878018657,0,0,0,0,0,0,0,5.42036698387884e-06,0,0.0359204159186695,0,0,0,0,0,0,0,0,0,0.00431594356505693,0,0,0,0,0,0.000244237960353278,0,0.000966847666248345,0,1.91187915072862e-05,0,0.00141518477072595,0,0,0,0.000261320465885577,0,0.000195002358592869,0,0.0210065463641543,0,0.0130368111484437,0,0,0,0,0,0.0161391164941296,0,0.00153953093669306,0,0,0.0240104281312704,0,0,0,0,0,0,0,0.019854945160359,0,0.0416601793048859,0,0,0,0,0,2.42868385766136e-05,0,6.6302406227833e-05,0.000972360794350488,0,0.0158557789275129,0,0.000156396342545463
0,0,0,0.00740013207406051,0,0.00126885287796304,0,0.00228712895435314,0,0.000119284218904901,0,0.058197772690973,0,0.0207436951670913,0,0,0,0,0.00177961231118845,0.000167934767492394,0,0,0,0,0,0,0,0.000739038217071904,0,0.000870002084047944,0,0,0,0,0,3.8074461451195e-05,0,0.000608906299891444,0,0.00155052681571499,0,0.00709322548920088,0,0,0,0.00211449927308851,0,0,0,0.00148258770593496,0,0.0155157981709883,0,0.00384569923820748,0,0.000199126766096288,0,0,0,0.0179614403539637,0,0.000586163847684396,0.0088499512495562,0,0,0,0,0,9.6045392288511e-05,0,0.0160854237449376,0,0.0286949311404051,0,0,0,0,0,0.000372003138604464,7.08923533684261e-07,5.82681523387561e-05,0,0.00023605772826163,0,0.013635898090894,0.00359303656794307,0
0,0,0.00123764948168696,0,0.0116389161535814,0,0.00553563414194185,0,0,0,0.00405641364585611,0,0.00605639192333494,0,9.85005721223448e-05,0,0,0,0,0,0,0,0,0,0,0,0,0,0,0,0,0,0,0,0,0,0,0,0,0,0,0,3.20252024580984e-05,0,0,0,0.000357699721408691,0,1.32952386446143e-05,0,0.0230820653737835,0,0.0156039128313986,0,0,0,0.0161391164941296,0,0,0,0.00395557416656189,0,0,6.2480912442571e-05,0,0,0,0,0,0.00634566927764713,0,0.00592720795670923,0,0,0,0,0,0,0,2.48393103029286e-06,0,7.93216276235838e-06,0.000158571098068981,0,0.00306865595181419,0,0
0,0,0,0.00884792959111983,0,0,0,0.000619104543772897,0,0,0,0.000482381195407153,0,0.00196641661789851,0,0,0,0,0,0,0,0,0,0,0,0,0,0,0,0,0,0,0,0,0,0,0,0,0,0,0,0,0,0,0,4.54972087876848e-06,0,0,0,0.000537706806796345,0,0.00142233814663623,0,0.000731708931531248,0,0,0,0.0179614403539637,0,0,0,0.00464660058961273,0,0,0,0,0,0,0.0015538008384756,0,0.00211357273747139,0,0,0,0,0,0,0,1.08410243690366e-06,0,0,0,0,0,0.000529286150386215,0,0
0.00575698506536862,0,0.00213027930548843,0,0.00623455205597985,0,0,0,0.0193180367481502,0,0,0,0,0,0.0154634393248321,0,2.04496924245665e-05,0,0,0,0,0,0,0,0.000592213464878845,0,0,0,0,0,0,0,0,0,0,0,0,0,0,0,0,0,5.1623194039722e-05,0,0,0,5.46088635841706e-05,0,0.000226076580469873,0,0.00833401354950361,0,0,0,0.024346029709434,0,0.00153953093669306,0,0.00395557416656189,0,0,0,0,0,0,0,0,0.000355058822004345,0,0.00210985917552683,0,0,0,0,0,0,0,0,0,0,0,0,0.000533435452943723,0,0.000436390949956657,0,0
0,0.00195990355255922,0,0.034992351505779,0,0,0,0,0,0.00163578325232625,0,0,0,0.0021346686935348,0,0.0241881468107527,0,0.00020785418330221,0,0,0,0,0,0,0,0,0,0,0,0,0,0,0,0,0,0,0,0,0,4.13903820982789e-05,0,0.00049753943700582,0,0,0,0,0,0,0,0.000775635603032902,0,0.00243182996952471,0,0,0,0.00798142504862017,0,0.000586163847684396,0,0.00464660058961273,0,0,0,0,0,0,0,0,0.00574738473031536,0,7.7271940040362e-05,0,6.69092926547702e-05,0,0,0,0,0,0,0,0,0,0.000236978023232471,4.01283767074501e-05,0.000195205455434245,0.000592333392441875,0
0,0,0,5.76929228462788e-05,0,0.00543767488647929,0,0.00383268808305736,0,0,0,0.0184107905122415,0,0,0,0,1.43076942676691e-06,0,3.68680700942506e-06,0.0854978189878339,0,0,0,0,0,0,0,0,0,1.29272657230635e-05,0,0,0,0,0,0.00666949291458442,0,0.0029725320299335,0,0.00197179169784258,0,0.000272306635592731,0,0,0,0.0326888069015406,0,0,0,8.50169591008548e-06,0,0.00022940780274911,0,0.00448554116778645,0,0,0,0.0088499512495562,0,0,0,0,0,0,0,0,0,0,0,0,0,0,0.00586404393943128,0,0,0,0,0,0.00578668384460202,0,0.00133594445234576,0,0.00146943627049667,0,0.0108534614822305,1.73035834335927e-05,0
2.42680412619483e-05,0,0.000432185473593583,0,0.000126530605539909,0,0,0,0,0,0.000405467766676074,0,0,0,0,0,0.000165337306727478,8.43629107460871e-06,0.00592027998753936,0,0.110729007450147,0,0,0,0,0,0,0,0,0,1.46631409733841e-05,0,0,0,0,4.66027590034909e-06,0.00433190994565,0,0.00320361294769073,0.000117052142642083,0.0020100597077976,2.48416234311238e-05,0.0189220314702563,0,4.47714357887472e-05,8.50376468162477e-05,0.0512081864733259,0,6.44449484888253e-06,0,0.00393675729462,0,0.000319796355579233,0,0,0,0.0240104281312704,0,6.2480912442571e-05,0,0,0,0,0,0,0,0,0,0,0,0,0.000155822713820542,0,0.00369421464539659,0,0,0,0,4.36854532180137e-06,0.0107142987482107,0,0.0027588874871504,0.000857900709866521,0,0.0336961359921082,0,0.00117799922956186
0,0,0,0,0,0,0,0,0,0,0,0,0,0,0,0,0,0,0,0,0,0.0347192657258742,0.000210265305594431,0.000964041578999362,0,0,0,0.000328768620685038,0,0,0,0,0,0,0,0,0,0.000329169567408294,0,0,0,0,0,0,0,0,0,0,0,0.00247383194943316,0,0,0,0,0,0,0,0,0,0,0,0,0,0,0,0,0.0142573156113702,0,0.00519107334747357,0,0.00408377179819532,0,0,0,0,0,0,0,0,0,0.000734419463475759,0,0.000101168689047762,0,0,0,0
0,0,0,0,0,0,0,0,0,0,0,0,0,0,0,0,3.60014298460304e-05,0,0,0,0,0,0.0423795464167981,0,0.0022003202626958,0,0.00274467980636162,0,8.53987079485151e-05,0,0,0,0,0,0,0,0,0,0.00381194887288169,0,0,0,0,0,0,0,0,0,0.00121645655049427,0,0,0,0,0,0,0,0,0,0,0,0,0,0,0,0,0,0,0.00786620678349623,0,0.0100120734989534,0,0.00135586953576266,0,1.91905112349283e-05,0,0,0,0,0,0,0,0.00249226539733878,0.000381809657619131,8.76304404224575e-05,0,0,0
0,0,0,0,0,0,0,0,0,0.000610423645142829,0,0,0,0,0,0.000136337849992629,0,3.88415423344368e-05,0,0,0,0.00140043841538,0,0.169586324128689,0,0.0211123642342972,0,0,0,0,0,0,0,2.17182230009107e-05,0,0,0,0.00172998977144874,0,0,0,0,0,0,0,0,0,0,0,0.00400799647507,0,0,0,0,0,0.0275038638072726,0,0,0,0,0,0,0,0,0.0142573156113702,0,0,0,0.0545417911818418,0,8.33749415865089e-05,0,0,0,0,0,0,0,0,0,0.00362452782837073,0,0.000654133261453473,0,0.00384308778476842,0,0
0,0,0,0,0,0,0,0,0.00235805885990139,0,0,0,0,0,0.000438762516520662,0,0,0,0,0,0,0,0.00107217766425162,0,0.125074137634757,0,0.000672378236483474,0,0,0,0,0,0,0,0,0,0,0,0.00258239054450346,0,0,0,0,0,0,0,0,0,0.00110627634781593,0,0,0,0,0,0.0417982996384612,0,0,0,0,0,0.000355058822004345,0,0,0,0,0.00786620678349623,0,0,0,0.0124681443908622,0,0,0,0,0,0,0,0,0,0,0,0.00703220061727495,0.000106909984381671,0,0.00114085499729443,0,0
0,0,0,0,0,0,0,0,0,0,0,0,0,0.000278015127025999,0,0,0.000127247659855383,0.00807543818920177,0.00015435189275671,0,0,0.00152558805417935,0,0.0301004659618371,0,0.0334227919896217,0,0.00138038381397661,0,0,0,0,0,0,0,0,0,0,0,0,0,0,0,0,0,0,0,0,0,0.0024867355887905,0,0,0,0,0,0.000267172815986598,0,9.6045392288511e-05,0,0.0015538008384756,0,0.00574738473031536,0,0,0.00519107334747357,0,0.0545417911818418,0,0,0,0.00282176523671513,0,0,0,0,0,0,0,0,0,0,0,0.000139022098042207,0,0,0,0
0.00135571770600914,0,0,0,0,0,0,0,0,0,0,0,0,0,0.000760865138630268,0,0,0,0,0,0,0,0.00127644527700449,0,0.0659323649916984,0,0.0323980711123387,0,0.00939356860527516,0,0,0,0,0,0,0,0,0,0,0,0,0,0,0,0,0,0,0,1.93644961201954e-05,0,0,0,0,0,0.000119099443979913,0,0,0,0.00634566927764713,0,0.00210985917552683,0,0,0,0,0.0100120734989534,0,0.0124681443908622,0,0,0,0.00590844497658642,0,0,0,0,0,0,0,0,0,0,2.14294612187285e-05,0,0,0,0
0,0,0,0.000491288738089628,0,0,0,0,0,1.64064981852984e-05,0,0,0,0,0,0,0,0,0.000160802738572967,0,0,0.00036982859554841,0,0,0,0,0,0.00684988147673708,0,0,0,0,0,0,0,0,0,0.000119126301203551,0,0,0,0.000943588727512282,0,0,0,1.64331503050014e-05,0,0,0,0.00654961980147744,0,1.13747997324983e-05,0,0,0,1.05288013698925e-05,0,0.0160854237449376,0,0.00211357273747139,0,7.7271940040362e-05,0,0,0.00408377179819532,0,8.33749415865089e-05,0,0.00282176523671513,0,0,0,0.0205015180111671,0,0,0,0,0,4.0990017201724e-06,0,9.40567053202451e-05,0,1.06057051610512e-05,0,0.00692395730012806,0.00017261554231969,0
0,0,0,0,0,0,0,0,0,0,0,0,0,0,0,0,0,0,0,0,0,0,0,0,0,0,0.000335962242668907,0,0.0116003572712818,0,1.74899085419485e-05,0,0,0,0,0,0,0,8.19804780137035e-05,0,0,0,0,0,0,0,0,0,0.00230448036141104,0,0,0,0,0,0,0,0.019854945160359,0,0.00592720795670923,0,0,0,0,0.000155822713820542,0,0.00135586953576266,0,0,0,0.00590844497658642,0,0,0,0.0135984890098043,0,0,0,0,0,4.41052142240627e-06,0,0.00198351605642244,0.000197519683115189,0,0.0020393375529771,0,0
