0,0,0.0159535841447809,0,0.0296396429614934,0,0,0,0.0348776878971167,0,0,0,0,0,0,0,0,0,0.000202944430245352,0,0,0,0,0,0,0,0,0,0,0,0,0,0,0,0,0,0,0,0,0,0,0,0.0169458597514729,0,0,0,0,0,0.0138212270454853,0,0,0,0,0,0.0216210745646525,0,0,0,0,0,0.00544748039828583,0,0,0,0,0,0,0,0,0,0,0,0,0,0,0,0,0,0,0,0,0,0.000445017138577808,0,0.0102956282600766,0,0.00382161947853927
0,0,0,0.0113281276097523,0,0.0147904337277034,0,0,0,0.0969694021053668,0,0,0,0,0,0.00134181063019759,0,5.46716915466423e-05,0.0012366791921133,0,0,0,0,0,0,0,0,0,0,0,0,0,0,0,0,0,0,0,0,0,0,0.0180417472746807,0,0,0,6.87110013293515e-05,3.92574225050899e-05,0,0,0.0129399236729242,0,0,0,0,0,0.0621843780427772,0,0.00154750694756669,0,0,0,0.0146000948063088,0,0,0,0,0.00074053386560937,0,0,0,0,0,8.11161891088302e-05,0,0,0,0,0,0,0,0,0,0.0011966012137989,9.69972049895136e-07,0.00653139918449862,0.00218609583925671,0
0.0159535841447809,0,0,0,0.0143115163333267,0,0,0,0.00200268579052911,0,0,0,0,0,0,0,0,0,0.00011762169995443,0,0.000711663455202022,0,0,0,0,0,0,0,0,0,0,0,0,0,0,0,8.22182464849001e-05,0,0,0,0,0,0.0081730548559523,0,0.00011422184969258,0,0.00161748832555684,0,0.0182582570130347,0,0.00218264259597359,0,0,0,0.0190641329746182,0,0.000880706755570481,0,0,0,0.00199030700813569,0,0,0.000528730116286479,0,0,0,0,0,0,0,0,0,0,0,0,0,0,0,8.22860680420349e-05,0,0,0.000440895131623135,6.92483635969723e-06,0.0261938032559299,0,0.0240689659265363
0,0.0113281276097523,0,0,0,0.178784164786255,0,0,0,0.0323270071350351,0,0,0,0,0,0.000325394952018155,0,0,0,0,0,0,0,0,0,0,0,0,0,0,0,0,0,0,0,6.03003070240304e-05,0,0,0,0.000566473856920628,0,0.0101134821792476,0,0,0,0.00115193644479802,0,0,0,0.012286055383291,0,0.0319023396372938,0,0,0,0.00372600958231214,0,0.0197782675143798,0,0,0,0,0,0,0,0,0,0,0,0,0,0,0.000497353522361113,0,0,0,0,0,0,0,0,0,0.000988805188605404,0,0.0159564437576668,0.0267580191699367,0
0.0296396429614934,0,0.0143115163333267,0,0,0,0.00371286462567222,0,0.00973229411353662,0,0,0,0,0,0.000163350668500782,0,0,0,0,0,0.00462061010741913,0,0,0,0,0,0,0,0,0,0,0,0,0,0,0,0.00166280101167422,0,0,0,0,0,7.05580096713823e-05,0,0,0,0.00122923149532633,0,0.000791093386030228,0,0.208568597240793,0,0.000265812362976181,0,0.00103058344119664,0,0.00376679160658219,0,0.00113773715549575,0,0,0,0,0.00163516090345328,0,0,0,0,0,0,0,0,0,0,0,0,0,0,0,0.000315553085545076,0,0,0.0206387181473343,0.000692927602830145,0.00715685183660156,0,4.91113989304127e-05
0,0.0147904337277034,0,0.178784164786255,0,0,0,0.00126786204449603,0,0.0220813903575044,0,0.000657859426239187,0,0,0,0,0,0,5.06308056887587e-05,0.00166909018884102,0,0,0,0,0,0,0,0,0,0,0,0,0,0,0,0.000310371564288182,0,0,0,0.000118007721489734,0,0.00262581439618512,0,0,0,0.000261928867580492,0,0,0,0.000846231372713429,0,0.0872732563855834,0,0,0,0.00431037923214323,0,0.00940325069954779,0,0,0,0,0.00811230875565288,0,0,0,0,0,0,0,0,0,0.000237382996334242,0,0,0,0,0,0.00143259648810031,0,0,0,0.0155776377100538,0.000140328874716652,0.0247685758953564,0.00906707728026795,0
0,0,0,0,0.00371286462567222,0,0,0,0,0,0.011389705465992,0,0,0,0,0,0,0,0,0,0.019575251774,0,0,0,0,0,0,0,0,0,0,0,0,0,0,0,0,0,0,0,0,0,0,0,0,0,0,0,0,0,0,0,0.0222577938422122,0,0,0,0,0,0,0,0,0,0,0.0126888787417719,0,0,0,0,0,0,0,0,0,0,0,0,0,0,0,0,0,0,0.00113367882758024,0.000152539244465074,0,0,0
0,0,0,0,0,0.00126786204449603,0,0,0,0,0,0,0,0,0,0,0,0,0,0.0241929646595944,0,0,0,0,0,0,0,0,0,0,0,0,0,0,0,0,0,0,0,0,0,0,0,0,0,0,0,0,0,0,0,0,0,0.0222687117656733,0,0,0,0,0,0,0,0,0.00160842883973992,0,0,0,0,0,0,0,0,0,0,0,0,0,0,0,0,0,0,0,0.00110879408430267,0,0,0,0
0.0348776878971167,0,0.00200268579052911,0,0.00973229411353662,0,0,0,0,0,0,0,0,0,0.04599937079867,0,0.00236031137623809,0,6.14724532016406e-05,0,0,0,0,0,0.000785932312603172,0,0.0339485940073249,0,0,0,0,0,0,0,0,0,0,0,0.000701263308202926,0,0,0,0.0218878272269794,0,0,0,0,0,0.0122390059448937,0,0.00154419128213598,0,0,0,0.243741881600408,0,0,0,0,0,0.021600654953739,0,0,9.07229389619686e-05,0,0,0,0,0,0.00925795304763742,0,0,0,0,0,0,0,0,0,2.22140412973069e-06,0,0.000265406799605323,0.0141909428500602,0.00299801200270666,0.00841710226484491,0,0.00866978839587759
0,0.0969694021053668,0,0.0323270071350351,0,0.0220813903575044,0,0,0,0,0,0,0,0,0,0.0402016248673048,7.58054641803768e-05,0.000446187265890838,0.000171817803235859,0,0,0,0,0.00077993136223517,0,0,0,0,0,0,0,0,0,5.19644544622129e-05,0,0,0,0.00236360878169352,0,0,0,0.00934558882991748,0,0,0,0,0,0,0,0.0201065413961664,0,0,0,0,0,0.228186284164321,0,0.00171819294160718,0,0,0,0.0193475540044028,0,0,0,0,0.000351490628384505,0,0,0,0,0,6.66234718535031e-05,0,0,0,0,0,0,0,0.000207226802870706,0,0.00908737212753313,0.000511829326145641,0.00739468118095741,0.00672575646730079,0
0,0,0,0,0,0,0.011389705465992,0,0,0,0,0,0.00730725491754458,0,0,0,0,0,0,0,0.0131912795741477,0,0,0,0,0,0,0,0,0,7.18984811101109e-05,0,0,0,0,0,0.00271016389312434,0,0.0117986555330818,0,0,0,0,0,0,0,0,0,0,0,0,0,0,0,0,0,0.0276509403859676,0,9.61168771027587e-05,0,0,0,0,0.0169297174518049,0,0,0,0,0,0,0,0,0,0,0,0,0,0,0,0.00138680747187915,0,0.00053700902840842,0.00141906888947783,0,0,0,0
0,0,0,0,0,0.000657859426239187,0,0,0,0,0,0,0,0.0202762433706742,0,0,0,0,0,0.00241929527177956,0,0,0,0,0,0,0,8.14680533949286e-05,0,0.00166590570556701,0,0,0,0,0,0.00198292012869251,0,0.0108461218375823,0,0,0,0,0,0,0,0,0,0,0,0,0,0.000130163347212936,0,0,0,0,0,0.0321483619358874,0,0.0135274036825013,0,0,5.79725467417455e-05,0,0,0,0,0,0,0,0,0,0.00750104828041364,0,0,0,0,0,0.000148192340389894,0,0,0,0.00199726189444295,0,0,0,0
0,0,0,0,0,0,0,0,0,0,0.00730725491754458,0,0,0,0,0,0,0,0,0,0,0,0,0,0,0,0,0,0.000475104913461266,0,0,0,0,0,0,0,0,0,0,0,0,0,0,0,0,0,0,0,0,0,0,0,0,0,0,0,0.0030833496375808,0,0.000534045197273787,0,0,0,0,0,0,0,0,0,0,0,0,0,0,0,0,0,0,0,0,0,0,0,0.000590512302012527,0.00177841181646066,0,0,0
0,0,0,0,0,0,0,0,0,0,0,0.0202762433706742,0,0,0,0,0,0,0,0,0,0,0,0,0,0,0,0,0,0,0,0,0,0,0,0,0,0,0,0,0,0,0,0,0,0,0,0,0,0,0,0,0,0,0,0,0,0.00338168791618822,0,0.0373854726558905,0,0,0,0,0,0,0,0,0,0,0,0,0,0,0,0,0,0,0,0,0,0,0.00026336587290461,0,0,0,0
0,0,0,0,0.000163350668500782,0,0,0,0.04599937079867,0,0,0,0,0,0,0,0.000249073132347604,0,0,0,0,0,0,0,0,0,0,0,0,0,0,0,0,0,0,0,0,0,0,0,0,0,0,0,0,0,0,0,0,0,0,0,0,0,0.0694439638634222,0,0,0,0,0,0.000505716282120143,0,0,0,0,0,0,0,0,0,0,0,0,0,0,0,0,0,0,0,0,0,0.00165981077518921,0.000594863388061538,0,0,0
0,0.00134181063019759,0,0.000325394952018155,0,0,0,0,0,0.0402016248673048,0,0,0,0,0,0,0,2.89573056292465e-05,0,0,0,0,0,0,0,0,0,0,0,0,0,0,0,0,0,0,0,0,0,0,0,1.84707588070259e-05,0,0,0,0,0,0,0,0.000751826866599412,0,0,0,0,0,0.0189231063433057,0,0,0,0,0,0.000124896927708633,0,0,0,0,0,0,0,0,0,0,0,0,0,0,0,0,0,0,0,0,0.000730223198073564,0.000440579872367673,4.22469986575223e-05,0,0
0,0,0,0,0,0,0,0,0.00236031137623809,7.58054641803768e-05,0,0,0,0,0.000249073132347604,0,0,0.164231487836914,0.0760372596985754,0,0,0,0.000838087091255366,0.00107397367598563,0.00144777284408371,0,0.000202598070794687,0,3.25319633702748e-05,0,0,0,0,0,0,0,0,5.64139106681806e-06,0,0.00118095747648779,0.00216920111714327,0.000655235381036969,0.00225931658348041,0.000449453250650078,0.00246291546914831,0.00136807561234945,0.00432150562148669,0,2.2825448320572e-06,0,0,0,0,0,9.77311541655278e-05,0,0,0,0,0,0.000348829645618742,0,2.13768155635865e-05,0,0,7.03937758092753e-05,0,0,1.11412427545024e-05,0.000348658771438509,0,4.9250977099291e-05,0,0,0,0,0,0,0.000322412312538003,0.000953406836580345,0,0,0.0445582320676142,0.0055647115152678,0.00949757996757067,4.78101011117568e-05,0.000759070894929838
0,5.46716915466423e-05,0,0,0,0,0,0,0,0.000446187265890838,0,0,0,0,0,2.89573056292465e-05,0.164231487836914,0,0.0680833617263893,0,0,0,0,0.000471320532285951,0,1.17847159272811e-05,0,0,0,0,0,0,0,0,0,0,0,4.26668754920274e-05,0,0.00223065808677105,0.000684591440945016,0.00187064011049237,0.000344601767034238,0.00131815745189667,0.000509285681892034,0.00234226165014979,0.0015805066545634,0,0,0,0,0,0,0,0,0,0,7.93757348426826e-05,0,0,0,0,2.4796107846588e-06,0,0,0,1.70671932280837e-05,0,4.74972582823121e-05,0,0,0,0,0,0,0,0,0,0.000304294215471613,0.000290594495338726,0,0,0.0431153246480014,0.00160798409822782,0.00865697070494277,0.000438891389124505,0.000134766991370065
0.000202944430245352,0.0012366791921133,0.00011762169995443,0,0,5.06308056887587e-05,0,0,6.14724532016406e-05,0.000171817803235859,0,0,0,0,0,0,0.0760372596985754,0.0680833617263893,0,0,0,0,0,0.000709062371577125,0,0,0,0,0,0,0,0,0,0,0,1.0561234465782e-05,6.04826130749282e-06,1.22972285016305e-05,0,0.0171259476812866,0.0142144476959649,0.0253300243995794,0.0308331587855087,0.0147533736379797,0.0160550124447423,0.0301029301959106,0.036187598277702,0,0.000603130287185421,0.000359268293724065,0,0,0,0,0,8.05918890212163e-06,5.76466830843434e-05,0.00160240734139879,0,0,0,0,8.59635760808328e-05,7.29978028432944e-05,0,0,0,0.000181130130416264,0,0,0,0,4.9040267619458e-05,0,0,0,0,0,0.00401292339977242,0.00641079175994692,0,0,0.0445692837239058,5.29170610393635e-05,0.129392184286687,0.0098393952410709,0.00618095578962696
0,0,0,0,0,0.00166909018884102,0,0.0241929646595944,0,0,0,0.00241929527177956,0,0,0,0,0,0,0,0,0,0,0,0,0,0,0,0,0,0,0,0,0,0,0,0.0113567738676255,0,0.00261704188563881,0,0.000157845223071219,0,0,0,0,0,9.92259656166876e-05,0,0,0,0,0,9.51077703914604e-05,0,0,0,0,0,0,0,0,0,0,0.0176453746332858,0,0,0,0,0,0,0,0,0,0,0,0,0,0,0,0.0028164698874013,0,0,0,0.00157247576801028,0,0.00136248121523073,0,0
0,0,0.000711663455202022,0,0.00462061010741913,0,0.019575251774,0,0,0,0.0131912795741477,0,0,0,0,0,0,0,0,0,0,0,0,0,0,0,0,0,0,0,0,0,0,0,0,0,0.0085261584143073,0,0.00234947414144759,0,0,0,0,0,0,0,0.000397489420165133,0,0,0,0,0,0.000223131444431762,0,0,0,0.000109774780704672,0,0,0,0,0,0,0.0403275897794129,0,0,0,0,0,0,0,0,0,0,0,0,0,0,0,0.000913110734308934,0,0,0.00225029108016826,0.000167773654040504,0.00736740012239656,0,0
0,0,0,0,0,0,0,0,0,0,0,0,0,0,0,0,0,0,0,0,0,0,0.00105786695409063,0.00135385616818209,0,0.000982354993451896,0,0,0,0,0,0,0,0,0,0,0,0.00166674469486375,0,0,0,0,0,0,0,0,0,0,0,0,0,0,0,0,0,0,0,0,0,0,0,0,0,0,0.0147161372147795,0,0.0032202210407191,0,0.0039869190306416,0,0,0,0,0,0,0,0,0,0,0,6.26070799501397e-06,0,0.000527925001573743,0.000841786102231953,0,0,0
0,0,0,0,0,0,0,0,0,0,0,0,0,0,0,0,0.000838087091255366,0,0,0,0,0.00105786695409063,0,0,0.000168725911994549,0,0,0,0,0,0,0,0,0,0,0,0,0,0.00394482980248008,0,0,0,0,0,0,0,0,0,0.00163061288620274,0,0,0,0,0,0,0,0,0,0,0,0,0,0,0,0.000170725552290339,0.0103376896252157,0,0.00131029611677597,0,0.00188733602790033,0,0,0,0,0,0,0,0,0,0,0,0.00318680491266963,0.00220806817620313,0.00138732292076112,0,0,0
0,0,0,0,0,0,0,0,0,0.00077993136223517,0,0,0,0,0,0,0.00107397367598563,0.000471320532285951,0.000709062371577125,0,0,0.00135385616818209,0,0,0,0.00635454193308454,0,0,0,0,0,0,0,0,0,0,0,0.00712520101096568,0,0,7.4136524941845e-05,0.000595128501156465,0,0,0,4.34803186938207e-05,0,0,0,0,0,0,0,0,0,0.0408781543956261,0,0,0,0,0,0,0,0,0,0,0.0502665287463237,0,0.0162451960464778,0,0,0,0,0,0,0,0,0,0,0,0.00134632535252495,0,0.00135812646574066,2.52336064272081e-06,0.00313257201373693,0,0
0,0,0,0,0,0,0,0,0.000785932312603172,0,0,0,0,0,0,0,0.00144777284408371,0,0,0,0,0,0.000168725911994549,0,0,0,0.0379689741966529,0,0,0,0,0,0,0,0,0,0,0,0.00679947947773375,0,0,0,0.000481863198406137,0,0,0,0,0,0.00198362439818131,0,0,0,0,0,0.00580394467530013,0,0,0,0,0,0,0,0,0,0,0,0,0.0503295468086949,0,0.0539053712959642,0,0,0,0,0,0,0,0,0,0,0,0.000720670953231964,0.000716670421221611,0,0.000841235707945606,0,0
0,0,0,0,0,0,0,0,0,0,0,0,0,0,0,0,0,1.17847159272811e-05,0,0,0,0.000982354993451896,0,0.00635454193308454,0,0,0,5.81462954869494e-05,0,0,0,0,0,0,0,0,0,0,0,0,0,0,0,0,0,0,0,0,0,0,0,0,0,0,0,0,0,0,0,0,0,0,0,0,0,0,0,0,0.0495531358614587,0,0,0,0,0,0,0,0,0,0,0,0,0,1.1349699339763e-05,0,0,0,0
0,0,0,0,0,0,0,0,0.0339485940073249,0,0,0,0,0,0,0,0.000202598070794687,0,0,0,0,0,0,0,0.0379689741966529,0,0,0,0.000172845910128672,0,0,0,0,0,0,0,0,0,0,0,0,0,0,0,0,0,0,0,0,0,0,0,0,0,0.00577807954510858,0,0,0,0,0,0,0,0,0,0,0,0,0,0,0.0791832934356669,0,0,0,0,0,0,0,0,0,0,0,0,0.000738747643642231,0,0,0,0
0,0,0,0,0,0,0,0,0,0,0,8.14680533949286e-05,0,0,0,0,0,0,0,0,0,0,0,0,0,5.81462954869494e-05,0,0,0,0.00287466857996374,0,0,0,0,0,0,0,0,0,0,0,0,0,0,0,0,0,0,0,0,0,0,0,0,0,0,0,0,0,0.0112233947788181,0,0,0,0,2.4891720386222e-05,0,0,0,0,0,0.00447716989845048,0,0,0,0,0,0,0,0,0,0,0,0,0,0,0,0
0,0,0,0,0,0,0,0,0,0,0,0,0.000475104913461266,0,0,0,3.25319633702748e-05,0,0,0,0,0,0,0,0,0,0.000172845910128672,0,0,0,0.00604850800984057,0,0,0,0,0,0,0,0,0,0,0,0,0,0,0,0,0,0,0,0,0,0,0,0,0,0,0,0.00638254953329953,0,0,0,0,0,0,0,0,0,0,0,0,0.0280885275511551,0,0.00212930712452097,0,0,0,0,0,0,0,0,0.000905321379530202,0.00341164539702552,0,0,0
0,0,0,0,0,0,0,0,0,0,0,0.00166590570556701,0,0,0,0,0,0,0,0,0,0,0,0,0,0,0,0.00287466857996374,0,0,0,0,0,0,0,0,0,1.46712536661653e-05,0,0,0,0,0,0,0,0,0,0,0,0,0,0,0,0,0,0,0,0,0,0,0,0,0,0,0,0,0,0,0,0,0.00601912134537054,0,0,0,0,0,0,0,0,0,0,0,0,0,0,0,0
0,0,0,0,0,0,0,0,0,0,7.18984811101109e-05,0,0,0,0,0,0,0,0,0,0,0,0,0,0,0,0,0,0.00604850800984057,0,0,0,0,0,0,0,0,0,0,0,0,0,0,0,0,0,0,0,0,0,0,0,0,0,0,0,0,0,0,0,0,0,0,0,0,0,0,0,0,0,0,0,0,0.0043425134943478,0,0,0,0,0,0,0,0,0,0,0,0,0
0,0,0,0,0,0,0,0,0,0,0,0,0,0,0,0,0,0,0,0,0,0,0,0,0,0,0,0,0,0,0,0,0.161740276533936,0.00634911469396626,0.00223640613621878,0.00353748491485037,0.00163330044454389,0,0,0,0,0,0,0,0,0,0,0.168106903740801,0,0,0,0,0,0,0,0,0,0,0,0,0,0,0,0,0,0,0,0,0,0,0,0,0,0,0.111964791563555,0.0303176533450378,0.00445740592636888,0,0.00564514953526011,0.000922583750892177,0,0,0.00314673258027808,0,1.29433670106359e-05,0,0
0,0,0,0,0,0,0,0,0,0,0,0,0,0,0,0,0,0,0,0,0,0,0,0,0,0,0,0,0,0,0,0.161740276533936,0,7.79469360497401e-05,0.00234753605731784,0.000701238083813916,0.00848959789183133,0,0,0,0,0,0,0,0,0,0,0.149105596663823,0,4.48247226757475e-05,0,0,0,0,0,0,0,0,0,0,0,0,0,0,0,0,0,0,0,0,0,0,0,0,0.125589103947128,0.0274418289133679,0,5.93113251858663e-05,0.000271259966581819,0.00579953208058193,0,0,0.00210565743567547,0,0,0,0
0,0,0,0,0,0,0,0,0,5.19644544622129e-05,0,0,0,0,0,0,0,0,0,0,0,0,0,0,0,0,0,0,0,0,0,0.00634911469396626,7.79469360497401e-05,0,0.159656108211727,0.000354382263841266,0,0.00117716705297956,0,0,0,0,5.79840832473489e-05,0,0,0,0,0.0551701112364281,0.000127719179981354,0,0,0,0,0,0,0,0,0,0,0,0,0,0,0,0,0,0,0,0,0,0,0,0,0,0.00481978076117717,0,0.0674637011006331,0.00158106841291471,0,0,0,0,0.000474800384080741,0,0.000291695793151721,0,0
0,0,0,0,0,0,0,0,0,0,0,0,0,0,0,0,0,0,0,0,0,0,0,0,0,0,0,0,0,0,0,0.00223640613621878,0.00234753605731784,0.159656108211727,0,0,0.00713855685401598,0,0.000856061673897434,0,0,0,0,0,0,0,0,0.0644732331472112,0.000384720551040672,0,0,0,0,0,0,0,0,0,0,0,0,0,0,0,0,0,0,0,0,0,0,0,0,0,0,0.0288121649649177,0.166287646435624,0.087387591378112,0,6.13720220404996e-05,0,0.000858664889726489,0.000176520897325179,0,8.94147961533383e-06,0,0
0,0,0,6.03003070240304e-05,0,0.000310371564288182,0,0,0,0,0,0.00198292012869251,0,0,0,0,0,0,1.0561234465782e-05,0.0113567738676255,0,0,0,0,0,0,0,0,0,0,0,0.00353748491485037,0.000701238083813916,0.000354382263841266,0,0,0.00680404747295672,0.00563625655287164,0,0.000309518728393377,0,0.000296023916179346,1.26455800074517e-06,0,0,0.00109340128618432,0,0.00574631084844533,2.3611455377063e-05,0.000795738828085148,0,2.93087517921795e-05,0,0,0,0,0,6.43846223015058e-05,0,0,0,0,0.00665469379561592,0,0,0,0,0,0,0,0,0,0,0,0.000905278992429202,0.000426373342376814,0.00132995119552077,0,0.0193528558619333,0.00239465027676134,0.00112757744762729,0,0.00505521726765223,0.00124032726808518,0.00371132667321818,8.00902746824012e-05,0
0,0,8.22182464849001e-05,0,0.00166280101167422,0,0,0,0,0,0.00271016389312434,0,0,0,0,0,0,0,6.04826130749282e-06,0,0.0085261584143073,0,0,0,0,0,0,0,0,0,0,0.00163330044454389,0.00848959789183133,0,0.00713855685401598,0.00680404747295672,0,0,0.0156754005930561,0,0.000285654440040215,3.55050462269257e-06,3.69213778022238e-05,0,0,0,0.000507844041322413,0.00755105748567705,0.000504065293718477,0.000157175771841199,0.000397670220482752,0,0,0,0,0,1.13090829936636e-05,0,0,0,0,0,0,0.00350471890753059,0,0,0,0,0,0,0,0,0,0,0.000564499206596958,0.00131588641453021,0,0.00852144219922238,0.00284990166776824,0.031390669972553,0,0.00219493846701429,0.00805129941548571,0.00114123228699926,0.00602703170439261,0,0
0,0,0,0,0,0,0,0,0,0.00236360878169352,0,0.0108461218375823,0,0,0,0,5.64139106681806e-06,4.26668754920274e-05,1.22972285016305e-05,0.00261704188563881,0,0.00166674469486375,0,0.00712520101096568,0,0,0,0,0,1.46712536661653e-05,0,0,0,0.00117716705297956,0,0.00563625655287164,0,0,5.16123012977164e-05,0,0,0.000896122445282645,0,0,0,0,0,0.011191798894164,0,0.00417641648015298,0,0,0,0,0,0.00402592461424473,0,0.0080422463953268,0,0,0,0,0.00105695828695063,0,0.0011955647759277,0,0.00407340079497393,0,0,0,0,0,0,0,0,0,7.52443413120901e-05,0,0.00431283859682762,0,0.0231995513262877,0,0.00133365409585687,2.02716223265568e-05,0.00292822292382236,0,0
0,0,0,0,0,0,0,0,0.000701263308202926,0,0.0117986555330818,0,0,0,0,0,0,0,0,0,0.00234947414144759,0,0.00394482980248008,0,0.00679947947773375,0,0,0,0,0,0,0,0,0,0.000856061673897434,0,0.0156754005930561,5.16123012977164e-05,0,0,0,0,0.00336867364532688,0,0,0,0,0.0037807627975766,0.000492121130672328,0,0,0,0,0,0.00407189021034344,0,0.00166171147935257,0,0,0,0,0,0,0,0,2.30910882237367e-05,0,0.00563360857335172,0,0,0,0,0,0,0,0,0,0.00230776306752472,0,0.00427011494108071,0,0.0237373191687896,0.00287055710689968,0,0.000760731168622583,0,0
0,0,0,0.000566473856920628,0,0.000118007721489734,0,0,0,0,0,0,0,0,0,0,0.00118095747648779,0.00223065808677105,0.0171259476812866,0.000157845223071219,0,0,0,0,0,0,0,0,0,0,0,0,0,0,0,0.000309518728393377,0,0,0,0,4.78214057131787e-05,0.0657330617358089,0.000279111076022743,0.0622027200967186,0.000151983997633755,0.0812268685357643,0.00146848937246708,0.00652210369900564,0,0.0201240710968924,0,0,0,0,0,0,0,0.000115899037621685,0,0,0,0,0.0252921205779634,0,0,0,0,0,0,0,0,0,0,0,0,0,0,0,0.00094306656778834,8.43725098026266e-05,0,0,0.00162095100164903,0.000105014491484198,0.0932267435986662,0.00435798466757362,1.82068659802161e-05
0,0,0,0,0,0,0,0,0,0,0,0,0,0,0,0,0.00216920111714327,0.000684591440945016,0.0142144476959649,0,0,0,0,7.4136524941845e-05,0,0,0,0,0,0,0,0,0,0,0,0,0.000285654440040215,0,0,4.78214057131787e-05,0,0.000178522092547164,0.0425078359949425,0.00036553796399482,0.0372845566165678,0.00079916540309768,0.136546593956814,0.0172941837107957,0.0311621929273915,0.0057793499239837,0,0,0,0,0,0,0,0,0,0,0,0,1.92312317929049e-05,0.0209499228583763,0,0,0,0,0,0,0,0,0,0,0,0,0,0,8.32047047151312e-06,0.00226557186228025,0,0,0.00149799766245398,9.13624575309228e-05,0.0813763621300597,4.41375222960562e-05,0.001315537724583
0,0.0180417472746807,0,0.0101134821792476,0,0.00262581439618512,0,0,0,0.00934558882991748,0,0,0,0,0,1.84707588070259e-05,0.000655235381036969,0.00187064011049237,0.0253300243995794,0,0,0,0,0.000595128501156465,0,0,0,0,0,0,0,0,0,0,0,0.000296023916179346,3.55050462269257e-06,0.000896122445282645,0,0.0657330617358089,0.000178522092547164,0,0.0195696408708577,0.0143438355508757,0.000373262996330882,0.026585347199521,0.000375191174920304,0.00695499888509511,3.25508877464511e-05,0.0466151843049757,0,7.40822656113518e-05,0,0,0,0.00562456946357433,0,0.0211411484200185,0,0,0,0.000132845549820145,0.00686872559246879,0,0,0,0.00031464091124072,0,0,0,0,0,1.37057522651304e-05,0,0,0,0,0,0.00207919891686993,2.92907993702477e-05,8.35365800793986e-06,0,0.0141789800047356,0.00267109162165028,0.16430000967238,0.100462077427182,0
0.0169458597514729,0,0.0081730548559523,0,7.05580096713823e-05,0,0,0,0.0218878272269794,0,0,0,0,0,0,0,0.00225931658348041,0.000344601767034238,0.0308331587855087,0,0,0,0,0,0.000481863198406137,0,0,0,0,0,0,0,0,5.79840832473489e-05,0,1.26455800074517e-06,3.69213778022238e-05,0,0.00336867364532688,0.000279111076022743,0.0425078359949425,0.0195696408708577,0,5.51108017754796e-05,0.00939202166111952,0.000192056977045374,0.015727895323078,0.0046318991717048,0.00489088598008841,0.00300198479215453,0,0,0,0,0.00430330713787185,0,0.00179182158614266,0,0,0,1.23527935487853e-05,0,0,0.00364950885115618,0,0,0,0.000400599343106531,0,0,0,0,0,0,0,0,0,0,1.41564578341892e-05,0.00167088718858934,0,0.000720098562864014,0.0110937337417658,0.000739507701909635,0.263496770233405,0.000603036333512068,0.158242656511731
0,0,0,0,0,0,0,0,0,0,0,0,0,0,0,0,0.000449453250650078,0.00131815745189667,0.0147533736379797,0,0,0,0,0,0,0,0,0,0,0,0,0,0,0,0,0,0,0,0,0.0622027200967186,0.00036553796399482,0.0143438355508757,5.51108017754796e-05,0,0.00858979236936615,0.0202399614785227,0.000879665235484906,0,0,0,0,0,0,0,0,0,0,4.45775582990947e-05,0,0,0,0,0.00107189970450938,0,0,0,0,0,0,0,0,0,0,0,0,0,0,0,0.00220853775095888,7.23837265488839e-05,0,0,0.000599629320738057,1.0781355868452e-05,0.0408912497627802,0.00595084925600103,0
0,0,0.00011422184969258,0,0,0,0,0,0,0,0,0,0,0,0,0,0.00246291546914831,0.000509285681892034,0.0160550124447423,0,0,0,0,0,0,0,0,0,0,0,0,0,0,0,0,0,0,0,0,0.000151983997633755,0.0372845566165678,0.000373262996330882,0.00939202166111952,0.00858979236936615,0,4.16597834437351e-05,0.0169911252422848,0,2.0412799585031e-05,0,0,0,0,0,0,0,0,0,0,0,0,0,0,0.000616711748945256,0,0,0,0,0,0,0,0,0,0,0,0,0,0,3.3785029694203e-05,0.00226236338990455,0,0,0.00117025609500384,3.67848257099248e-05,0.0297585628868006,9.61735883129671e-05,0.00424109276885666
0,6.87110013293515e-05,0,0.00115193644479802,0,0.000261928867580492,0,0,0,0,0,0,0,0,0,0,0.00136807561234945,0.00234226165014979,0.0301029301959106,9.92259656166876e-05,0,0,0,4.34803186938207e-05,0,0,0,0,0,0,0,0,0,0,0,0.00109340128618432,0,0,0,0.0812268685357643,0.00079916540309768,0.026585347199521,0.000192056977045374,0.0202399614785227,4.16597834437351e-05,0,0.00187605278987387,0.000280613743948035,6.67248072958462e-05,0.00605703895075899,0,0,0,0,0,0,0,0.00359294148884914,0,0,0,0,0.0954722987101817,2.01460888672965e-05,0,0,0,0,0,0,0,0,0.000166055826628474,0,0,0,0,0,0.0203890294659751,0.000134121869646943,0,0,0.00326232277294889,0.000191815081407883,0.127463198759423,0.00637510099899148,2.0259351876991e-05
0,3.92574225050899e-05,0.00161748832555684,0,0.00122923149532633,0,0,0,0,0,0,0,0,0,0,0,0.00432150562148669,0.0015805066545634,0.036187598277702,0,0.000397489420165133,0,0,0,0,0,0,0,0,0,0,0,0,0,0,0,0.000507844041322413,0,0,0.00146848937246708,0.136546593956814,0.000375191174920304,0.015727895323078,0.000879665235484906,0.0169911252422848,0.00187605278987387,0,0.000335305932846381,0.00582237551290058,0,0.000107362008260312,0,0,0,0,0,0.000498927505106899,8.69814729502743e-06,0,0,0,0,7.83994555447878e-06,0.0441276848914292,0,0,0,0,0,0,0,0,0,0,0,0,0,0,0.000202027337397982,0.0154982185180103,0,0,0.00431292448124199,0.000300011232934981,0.0923400933168314,0.000126613488698928,0.000719070093108969
0,0,0,0,0,0,0,0,0,0,0,0,0,0,0,0,0,0,0,0,0,0,0,0,0,0,0,0,0,0,0,0.168106903740801,0.149105596663823,0.0551701112364281,0.0644732331472112,0.00574631084844533,0.00755105748567705,0.011191798894164,0.0037807627975766,0.00652210369900564,0.0172941837107957,0.00695499888509511,0.0046318991717048,0,0,0.000280613743948035,0.000335305932846381,0,0.059079849242299,0.0871067072203521,0,0,0,0,0,0,0,0,0,0,0,0,0,0,0,0,0,0,0,0,0,0,0,0,0.0587239131141714,0.0377458803412596,0.0185177376797002,0.00987596580400491,0.00659675644486118,0.0114535188832447,0.00658607652524895,0.00077566345006122,0.0158091911105343,0.000125277568610631,0.0159830207607482,0,0
0.0138212270454853,0,0.0182582570130347,0,0.000791093386030228,0,0,0,0.0122390059448937,0,0,0,0,0,0,0,2.2825448320572e-06,0,0.000603130287185421,0,0,0,0.00163061288620274,0,0.00198362439818131,0,0,0,0,0,0,0,0,0.000127719179981354,0.000384720551040672,2.3611455377063e-05,0.000504065293718477,0,0.000492121130672328,0,0.0311621929273915,3.25508877464511e-05,0.00489088598008841,0,2.0412799585031e-05,6.67248072958462e-05,0.00582237551290058,0.059079849242299,0,0.0105339028347267,0,0,0,0,0.00198484509952212,0,2.27398218097857e-05,0,0,0,0.0010176307759789,0,0,0,0,0.00263778952989353,0,0.0296997053136484,0,0,0,0.00127343868065913,0,0.00770087250109353,0,0,0,7.0941623370424e-05,0,0.0054457332421859,0,0.0119440119817741,0.00124423774405065,2.26541201939969e-05,0.024062602952751,0,0.00168652118984644
0,0.0129399236729242,0,0.012286055383291,0,0.000846231372713429,0,0,0,0.0201065413961664,0,0,0,0,0,0.000751826866599412,0,0,0.000359268293724065,0,0,0,0,0,0,0,0,0,0,0,0,0,4.48247226757475e-05,0,0,0.000795738828085148,0.000157175771841199,0.00417641648015298,0,0.0201240710968924,0.0057793499239837,0.0466151843049757,0.00300198479215453,0,0,0.00605703895075899,0,0.0871067072203521,0.0105339028347267,0,0,0,0,0,0,0.00641694003891848,0,0.00302505659013055,0,4.01570707356733e-05,0,0.00440884034582203,0.000626524403860131,0,0.00468751120363152,0,0.00129848240045429,0,0.000931712898629689,0,0,0,0,0,0,0,0,0,0.00229514595488271,5.56987786124576e-05,0.00436018864344199,0,0.0045644840761438,1.76086397576666e-05,0.0586206939386126,0.00681715391909518,0
0,0,0.00218264259597359,0,0.208568597240793,0,0,0,0.00154419128213598,0,0,0,0,0,0,0,0,0,0,0,0,0,0,0,0,0,0,0,0,0,0,0,0,0,0,0,0.000397670220482752,0,0,0,0,0,0,0,0,0,0.000107362008260312,0,0,0,0,0,0,0,0,0,0.00517758134487468,0,0.000397939918659636,0,0,0,0,0,0,0,0,0,0,0,0,0,0,0,0,0,0,0,0,4.58780945536514e-05,0,0,0.00799660327677536,4.46184555489768e-06,0.000391192381036307,0,0
0,0,0,0.0319023396372938,0,0.0872732563855834,0,0,0,0,0,0.000130163347212936,0,0,0,0,0,0,0,9.51077703914604e-05,0,0,0,0,0,0,0,0,0,0,0,0,0,0,0,2.93087517921795e-05,0,0,0,0,0,7.40822656113518e-05,0,0,0,0,0,0,0,0,0,0,0,0,0,0,0,0.00518148428430004,0,0,0,0,0.000697539228996777,0,0,0,0,0,0,0,0,0,0,0,0,0,0,0,0.000284806304994149,0,0,0,0.00263080323495611,0,0.00720398514848714,0.000483438862801541,0
0,0,0,0,0.000265812362976181,0,0.0222577938422122,0,0,0,0,0,0,0,0,0,0,0,0,0,0.000223131444431762,0,0,0,0,0,0,0,0,0,0,0,0,0,0,0,0,0,0,0,0,0,0,0,0,0,0,0,0,0,0,0,0,0,0,0,0,0,0,0,0,0,0,0,0,0,0,0,0,0,0,0,0,0,0,0,0,0,0,0,0,0,2.53305139399178e-05,0,0,0,0
0,0,0,0,0,0,0,0.0222687117656733,0,0,0,0,0,0,0,0,0,0,0,0,0,0,0,0,0,0,0,0,0,0,0,0,0,0,0,0,0,0,0,0,0,0,0,0,0,0,0,0,0,0,0,0,0,0,0,0,0,0,0,0,0,0,0,0,0,0,0,0,0,0,0,0,0,0,0,0,0,0,0,0,0,0,0.000835266574777819,0,0,0,0
0.0216210745646525,0,0.0190641329746182,0,0.00103058344119664,0,0,0,0.243741881600408,0,0,0,0,0,0.0694439638634222,0,9.77311541655278e-05,0,0,0,0,0,0,0,0.00580394467530013,0,0.00577807954510858,0,0,0,0,0,0,0,0,0,0,0,0.00407189021034344,0,0,0,0.00430330713787185,0,0,0,0,0,0.00198484509952212,0,0,0,0,0,0,0,0,0,0,0,0.0279951607671008,0,0,0,0,0,0,0.0190529763638541,0,0,0,0,0,0,0,0,0,0,0,0,0,0.00486388404198142,0.00101702682062377,0,0.0067457960460595,0,0.00113392001535106
0,0.0621843780427772,0,0.00372600958231214,0,0.00431037923214323,0,0,0,0.228186284164321,0,0,0,0,0,0.0189231063433057,0,0,8.05918890212163e-06,0,0,0,0,0.0408781543956261,0,0,0,0,0,0,0,0,0,0,0,0,0,0.00402592461424473,0,0,0,0.00562456946357433,0,0,0,0,0,0,0,0.00641694003891848,0,0,0,0,0,0,0,0.000987963081510213,0,0,0,0.0459403219633713,0,0,0,0,0.0183032974309457,0,0,0,0,0,0,0,0,0,0,0,0,0,0.00184156004280949,0,0.000752760859359816,1.73044079776913e-05,0.0105249936334166,0.00230125295666271,0
0,0,0.000880706755570481,0,0.00376679160658219,0,0,0,0,0,0.0276509403859676,0,0.0030833496375808,0,0,0,0,0,5.76466830843434e-05,0,0.000109774780704672,0,0,0,0,0,0,0,0,0,0,0,0,0,0,0,1.13090829936636e-05,0,0.00166171147935257,0,0,0,0.00179182158614266,0,0,0,0.000498927505106899,0,2.27398218097857e-05,0,0.00517758134487468,0,0,0,0,0,0,0,0,0,0,0,0,0.00188113465599821,0,0,0,0,0,0,0,0,0,0,0,0,0,0,0,0.000217378752419944,0,2.0196025799884e-05,0.000858188668006663,1.19493955246831e-06,0.00851717879937569,0,0.00223051730969239
0,0.00154750694756669,0,0.0197782675143798,0,0.00940325069954779,0,0,0,0.00171819294160718,0,0.0321483619358874,0,0.00338168791618822,0,0,0,7.93757348426826e-05,0.00160240734139879,0,0,0,0,0,0,0,0,0,0,0,0,0,0,0,0,6.43846223015058e-05,0,0.0080422463953268,0,0.000115899037621685,0,0.0211411484200185,0,4.45775582990947e-05,0,0.00359294148884914,8.69814729502743e-06,0,0,0.00302505659013055,0,0.00518148428430004,0,0,0,0.000987963081510213,0,0,0,0.00104997392404019,0,0,0.035866364051412,0,0,0,0,0,0,0,0,0,0.00309512919839387,0,0,0,0,0,0.000736754840345814,0,0,0,0.000971078517528708,2.72380077142459e-06,0.0140506503663608,0.0120795106461284,6.6323716377336e-05
0,0,0,0,0.00113773715549575,0,0,0,0,0,9.61168771027587e-05,0,0.000534045197273787,0,0,0,0,0,0,0,0,0,0,0,0,0,0,0,0.00638254953329953,0,0,0,0,0,0,0,0,0,0,0,0,0,0,0,0,0,0,0,0,0,0.000397939918659636,0,0,0,0,0,0,0,0,0,0,0,0,0,0,0,0,0,0,0,0,0,0,0,0,0,0,0,0,0,0,0,2.69196553348918e-05,0,0,0,0
0,0,0,0,0,0,0,0,0,0,0,0.0135274036825013,0,0.0373854726558905,0,0,0,0,0,0,0,0,0,0,0,0,0,0.0112233947788181,0,0,0,0,0,0,0,0,0,0,0,0,0,0,0,0,0,0,0,0,0,4.01570707356733e-05,0,0,0,0,0,0,0,0.00104997392404019,0,0,0,0,0,0,0,0,0,0,0.000170319371861864,0,0.00536686151361276,0,0,0,0,0,0,0,0,0,0,0,0.000140855219540976,0,1.69851124964785e-05,0,0
0.00544748039828583,0,0.00199030700813569,0,0,0,0,0,0.021600654953739,0,0,0,0,0,0.000505716282120143,0,0.000348829645618742,0,0,0,0,0,0,0,0,0,0,0,0,0,0,0,0,0,0,0,0,0,0,0,0,0,1.23527935487853e-05,0,0,0,0,0,0.0010176307759789,0,0,0,0,0,0.0279951607671008,0,0,0,0,0,0,0,0,0,0,0,0,0,0,0,0,0,0,0,0,0,0,0,0,0,0,0,0.00113445892193367,0.000110813825689656,3.43741712851143e-05,0,0
0,0.0146000948063088,0,0,0,0,0,0,0,0.0193475540044028,0,0,0,0,0,0.000124896927708633,0,0,0,0,0,0,0,0,0,0,0,0,0,0,0,0,0,0,0,0,0,0,0,0,0,0.000132845549820145,0,0,0,0,0,0,0,0.00440884034582203,0,0,0,0,0,0.0459403219633713,0,0,0,0,0,0,0,0,0,0,0,0,0.00955531834562654,0,0,0,0,0,0,0,0,0,0,0,0,0,0,0.000121113984134401,0.000111622229862326,0,0
0,0,0,0,0,0.00811230875565288,0,0.00160842883973992,0,0,0,5.79725467417455e-05,0,0,0,0,2.13768155635865e-05,2.4796107846588e-06,8.59635760808328e-05,0.0176453746332858,0,0,0,0,0,0,0,0,0,0,0,0,0,0,0,0.00665469379561592,0,0.00105695828695063,0,0.0252921205779634,1.92312317929049e-05,0.00686872559246879,0,0.00107189970450938,0,0.0954722987101817,7.83994555447878e-06,0,0,0.000626524403860131,0,0.000697539228996777,0,0,0,0,0,0.035866364051412,0,0,0,0,0,0,0,0,0,0,0,0,0,0,0.00326966641693422,0,0,0,0,0,0.00577541045204484,0,0,0,0.000201853736851366,1.30431195642874e-06,0.0347774112812549,0.00292274246043549,0
0,0,0.000528730116286479,0,0.00163516090345328,0,0.0126888787417719,0,9.07229389619686e-05,0,0.0169297174518049,0,0,0,0,0,0,0,7.29978028432944e-05,0,0.0403275897794129,0,0,0,0,0,0,0,0,0,0,0,0,0,0,0,0.00350471890753059,0,0,0,0.0209499228583763,0,0.00364950885115618,0,0.000616711748945256,2.01460888672965e-05,0.0441276848914292,0,0,0,0,0,0,0,0,0,0.00188113465599821,0,0,0,0,0,0,0,0,0,0,0,0,0,0,0,0,0,0,0,0,0,0,0.00187958780798539,0,0,0.00150850610685578,1.83403848745675e-05,0.017332969498439,0,0.00203449053958884
0,0,0,0,0,0,0,0,0,0,0,0,0,0,0,0,0,0,0,0,0,0.0147161372147795,0.000170725552290339,0,0,0,0,2.4891720386222e-05,0,0,0,0,0,0,0,0,0,0.0011955647759277,0,0,0,0,0,0,0,0,0,0,0,0.00468751120363152,0,0,0,0,0,0,0,0,0,0,0,0,0,0,0,0,0.00235714498284993,0,0.00124758757678251,0,0,0,0,0,0,0,0,0,0,0,0.000402681388099703,0,3.93974547925207e-05,1.39831612576843e-05,0,0,0
0,0,0,0,0,0,0,0,0,0,0,0,0,0,0,0,7.03937758092753e-05,0,0,0,0,0,0.0103376896252157,0,0,0,0,0,0,0,0,0,0,0,0,0,0,0,2.30910882237367e-05,0,0,0,0,0,0,0,0,0,0.00263778952989353,0,0,0,0,0,0,0,0,0,0,0,0,0,0,0,0,0,0,0.0106534367453745,0,0,0,0,0,0,0,0,0,0,0,0,0,0,4.85294822459126e-05,0,0,0,0
0,0.00074053386560937,0,0,0,0,0,0,0,0.000351490628384505,0,0,0,0,0,0,0,1.70671932280837e-05,0,0,0,0.0032202210407191,0,0.0502665287463237,0,0,0,0,0,0,0,0,0,0,0,0,0,0.00407340079497393,0,0,0,0.00031464091124072,0,0,0,0,0,0,0,0.00129848240045429,0,0,0,0,0,0.0183032974309457,0,0,0,0,0,0,0,0,0.00235714498284993,0,0,0,0.00108875650748685,0,0,0,0,0,0,0,0,0,0,0,0.00202134014994632,0,0.000999297221357183,0,0.0166323494228891,0,0
0,0,0,0,0,0,0,0,0,0,0,0,0,0,0,0,0,0,0.000181130130416264,0,0,0,0.00131029611677597,0,0.0503295468086949,0,0,0,0,0,0,0,0,0,0,0,0,0,0.00563360857335172,0,0,0,0.000400599343106531,0,0,0,0,0,0.0296997053136484,0,0,0,0,0,0.0190529763638541,0,0,0,0,0,0,0,0,0,0,0.0106534367453745,0,0,0,0,0,0,0,0,0,0,0,0,0,0,0,0.00137087609724047,0.000287627472026545,0,0.00492361543995916,0,0
0,0,0,0,0,0,0,0,0,0,0,0,0,0,0,0,1.11412427545024e-05,4.74972582823121e-05,0,0,0,0.0039869190306416,0,0.0162451960464778,0,0.0495531358614587,0,0,0,0,0,0,0,0,0,0,0,0,0,0,0,0,0,0,0,0,0,0,0,0.000931712898629689,0,0,0,0,0,0,0,0,0,0.000170319371861864,0,0.00955531834562654,0,0,0.00124758757678251,0,0.00108875650748685,0,0,0,0.00894530989399671,0,0,0,0,0,0,0,0,0,0,0,0.000151071230843811,0,0,0,0
0,0,0,0,0,0,0,0,0.00925795304763742,0,0,0,0,0,0,0,0.000348658771438509,0,0,0,0,0,0.00188733602790033,0,0.0539053712959642,0,0.0791832934356669,0,0,0,0,0,0,0,0,0,0,0,0,0,0,0,0,0,0,0,0,0,0,0,0,0,0,0,0,0,0,0,0,0,0,0,0,0,0,0,0,0,0,0,0,0,0,0,0,0,0,0,0,0,0,0,0.000368921619503354,0,0,0,0
0,0,0,0,0,0,0,0,0,0,0,0,0,0,0,0,0,0,0,0,0,0,0,0,0,0,0,0.00447716989845048,0,0.00601912134537054,0,0,0,0,0,0,0,0,0,0,0,0,0,0,0,0,0,0,0,0,0,0,0,0,0,0,0,0,0,0.00536686151361276,0,0,0,0,0,0,0,0,0.00894530989399671,0,0,0,0,0,0,0,0,0,0,0,0,0,0,0,0,0,0
0,0,0,0,0,0,0,0,0,0,0,0,0,0,0,0,4.9250977099291e-05,0,0,0,0,0,0,0,0,0,0,0,0.0280885275511551,0,0,0,0,0,0,0,0,0,0,0,0,0,0,0,0,0,0,0,0.00127343868065913,0,0,0,0,0,0,0,0,0,0,0,0,0,0,0,0,0,0,0,0,0,0,0,0,0,0,0,0,0,0,0,0,0,0,0,0,0,0
0,8.11161891088302e-05,0,0.000497353522361113,0,0.000237382996334242,0,0,0,6.66234718535031e-05,0,0.00750104828041364,0,0,0,0,0,0,4.9040267619458e-05,0,0,0,0,0,0,0,0,0,0,0,0,0,0,0,0,0,0,0,0,0,0,1.37057522651304e-05,0,0,0,0.000166055826628474,0,0,0,0,0,0,0,0,0,0,0,0.00309512919839387,0,0,0,0,0.00326966641693422,0,0,0,0,0,0,0,0,0,0,0,0,0,0,0,0,0,0,0,1.42977590566879e-06,0,0.000245399461561338,0,0
0,0,0,0,0,0,0,0,0,0,0,0,0,0,0,0,0,0,0,0,0,0,0,0,0,0,0,0,0.00212930712452097,0,0.0043425134943478,0,0,0,0,0,0,0,0,0,0,0,0,0,0,0,0,0,0.00770087250109353,0,0,0,0,0,0,0,0,0,0,0,0,0,0,0,0,0,0,0,0,0,0,0,0,0,0,0,0,0,0,0,0,0,0,0,0.000886787797532498,0,0
0,0,0,0,0,0,0,0,0,0,0,0,0,0,0,0,0,0,0,0,0,0,0,0,0,0,0,0,0,0,0,0.111964791563555,0.125589103947128,0.00481978076117717,0,0.000905278992429202,0.000564499206596958,0,0,0,0,0,0,0,0,0,0,0.0587239131141714,0,0,0,0,0,0,0,0,0,0,0,0,0,0,0,0,0,0,0,0,0,0,0,0,0,0,0,0.00928724825331869,0.0563027891784403,0,0.000940112372996355,8.6737289678907e-05,0,0,0.00262283597178235,0,0,0,0
0,0,0,0,0,0,0,0,0,0,0,0,0,0,0,0,0,0,0,0,0,0,0,0,0,0,0,0,0,0,0,0.0303176533450378,0.0274418289133679,0,0.0288121649649177,0.000426373342376814,0.00131588641453021,0,0,0,0,0,0,0,0,0,0,0.0377458803412596,0,0,0,0,0,0,0,0,0,0,0,0,0,0,0,0,0,0,0,0,0,0,0,0,0,0,0.00928724825331869,0,0,0.0808641486140961,0,5.7219092979688e-05,0,0,0.000678759744947276,0,0,0,0
0,0,0,0,0,0,0,0,0,0,0,0,0,0,0,0,0,0,0,0,0,0,0,0,0,0,0,0,0,0,0,0.00445740592636888,0,0.0674637011006331,0.166287646435624,0.00132995119552077,0,7.52443413120901e-05,0,0,0,0,0,0,0,0,0,0.0185177376797002,0,0,0,0,0,0,0,0,0,0,0,0,0,0,0,0,0,0,0,0,0,0,0,0,0,0,0.0563027891784403,0,0,0,0,0,1.06717454603759e-05,0,0.000380722742563229,0,0,0,0
0,0,0,0,0,0,0,0,0,0,0,0,0,0,0,0,0,0,0,0,0,0,0,0,0,0,0,0,0,0,0,0,5.93113251858663e-05,0.00158106841291471,0.087387591378112,0,0.00852144219922238,0,0.00230776306752472,0,0,0,0,0,0,0,0,0.00987596580400491,7.0941623370424e-05,0,0,0,0,0,0,0,0,0,0,0,0,0,0,0,0,0,0,0,0,0,0,0,0,0,0,0.0808641486140961,0,0,0,0.00301280657748146,0,0.0030434412541804,8.17078351108128e-05,0,0,0,0
0,0,0,0,0,0.00143259648810031,0,0,0,0,0,0.000148192340389894,0,0,0,0,0.000322412312538003,0.000304294215471613,0.00401292339977242,0.0028164698874013,0,0,0,0,0,0,0,0,0,0,0,0.00564514953526011,0.000271259966581819,0,0,0.0193528558619333,0.00284990166776824,0.00431283859682762,0,0.00094306656778834,8.32047047151312e-06,0.00207919891686993,1.41564578341892e-05,0.00220853775095888,3.3785029694203e-05,0.0203890294659751,0.000202027337397982,0.00659675644486118,0,0.00229514595488271,0,0.000284806304994149,0,0,0,0,0,0.000736754840345814,0,0,0,0,0.00577541045204484,0,0,0,0,0,0,0,0,0,0,0,0.000940112372996355,0,0,0,0,0.000958720331623203,0.0008651795773176,0,0.00267961247682937,0.000174588107012613,0.00844602449908403,0.000116355770049556,0
0,0,8.22860680420349e-05,0,0.000315553085545076,0,0,0,2.22140412973069e-06,0,0.00138680747187915,0,0,0,0,0,0.000953406836580345,0.000290594495338726,0.00641079175994692,0,0.000913110734308934,0,0,0,0,0,0,0,0,0,0,0.000922583750892177,0.00579953208058193,0,6.13720220404996e-05,0.00239465027676134,0.031390669972553,0,0.00427011494108071,8.43725098026266e-05,0.00226557186228025,2.92907993702477e-05,0.00167088718858934,7.23837265488839e-05,0.00226236338990455,0.000134121869646943,0.0154982185180103,0.0114535188832447,0.0054457332421859,5.56987786124576e-05,4.58780945536514e-05,0,0,0,0,0,0.000217378752419944,0,0,0,0,0,0,0.00187958780798539,0,0,0,0,0,0,0,0,0,0,8.6737289678907e-05,5.7219092979688e-05,0,0.00301280657748146,0.000958720331623203,0,0,0.00294401649882482,0.00414179925842297,0.000654332189330358,0.0123823346839633,1.01816688570081e-06,2.09070163930294e-05
0,0,0,0,0,0,0,0,0,0.000207226802870706,0,0,0,0,0,0,0,0,0,0,0,6.26070799501397e-06,0,0.00134632535252495,0,0,0,0,0,0,0,0,0,0,0,0.00112757744762729,0,0.0231995513262877,0,0,0,8.35365800793986e-06,0,0,0,0,0,0.00658607652524895,0,0.00436018864344199,0,0,0,0,0,0.00184156004280949,0,0,0,0,0,0,0,0,0.000402681388099703,0,0.00202134014994632,0,0,0,0,0,0,0,0,0,1.06717454603759e-05,0,0.0008651795773176,0,0,0,0.000548116939153204,0,0.00469126920597065,0,0
0,0,0,0,0,0,0,0,0.000265406799605323,0,0.00053700902840842,0,0,0,0,0,0,0,0,0,0,0,0.00318680491266963,0,0.000720670953231964,0,0,0,0,0,0,0,0,0,0.000858664889726489,0,0.00219493846701429,0,0.0237373191687896,0,0,0,0.000720098562864014,0,0,0,0,0.00077566345006122,0.0119440119817741,0,0,0,0,0,0.00486388404198142,0,2.0196025799884e-05,0,0,0,0,0,0,0,0,0,0,0.00137087609724047,0,0,0,0,0,0,0,0,0,0.0030434412541804,0,0.00294401649882482,0,0,0.000935076773918365,0,1.21511811145513e-05,0,0
0.000445017138577808,0.0011966012137989,0.000440895131623135,0.000988805188605404,0.0206387181473343,0.0155776377100538,0.00113367882758024,0.00110879408430267,0.0141909428500602,0.00908737212753313,0.00141906888947783,0.00199726189444295,0.000590512302012527,0.00026336587290461,0.00165981077518921,0.000730223198073564,0.0445582320676142,0.0431153246480014,0.0445692837239058,0.00157247576801028,0.00225029108016826,0.000527925001573743,0.00220806817620313,0.00135812646574066,0.000716670421221611,1.1349699339763e-05,0.000738747643642231,0,0.000905321379530202,0,0,0.00314673258027808,0.00210565743567547,0.000474800384080741,0.000176520897325179,0.00505521726765223,0.00805129941548571,0.00133365409585687,0.00287055710689968,0.00162095100164903,0.00149799766245398,0.0141789800047356,0.0110937337417658,0.000599629320738057,0.00117025609500384,0.00326232277294889,0.00431292448124199,0.0158091911105343,0.00124423774405065,0.0045644840761438,0.00799660327677536,0.00263080323495611,2.53305139399178e-05,0.000835266574777819,0.00101702682062377,0.000752760859359816,0.000858188668006663,0.000971078517528708,2.69196553348918e-05,0.000140855219540976,0.00113445892193367,0,0.000201853736851366,0.00150850610685578,3.93974547925207e-05,4.85294822459126e-05,0.000999297221357183,0.000287627472026545,0.000151071230843811,0.000368921619503354,0,0,1.42977590566879e-06,0,0.00262283597178235,0.000678759744947276,0.000380722742563229,8.17078351108128e-05,0.00267961247682937,0.00414179925842297,0.000548116939153204,0.000935076773918365,0,0.0205635285007991,0.0290936380522578,0.00143408126168641,0.00185820442897746
