0,0,8.85526328616672,0,0,0,0,0,3.51080635108484,0,0,0,0,0,3.3745379447937,0,9.16824245452881,45.8546816507975,16.6798139157503,0,0,0,0,0,0,0,0,0,0,0,0,0,0,0,0,0,0,43.8746109008789,0,0,48.6517696380615,44.6025566101074,22.6771039906489,0,0,0,0,44.325436062283,6.00119861332994,0,0,0,0,0,3.73326905200024,0,0,0,0,0,6.95037847169688,0,0,0,0,0,0,0,0,0,0,0,0,0,0,0,0,0,0,60.0263662338257,0,35.6663627624512,26.5584676038651,27.1114845275879,20.3844175040722,0,15.5457972950406
0,0,0,6.40041461716527,0,10.1292104721069,0,0,0,4.39680979803777,0,0,0,0,0,3.58606851100922,41.8102474212646,14.4070440928141,9.88498359093299,25.4053783416748,0,0,0,15.8692755169339,0,0,0,0,0,0,0,0,0,0,0,56.0852261593467,0,17.3702305280245,0,31.7621541553073,0,24.6418734002444,44.243782043457,0,0,26.795278761122,0,0,0,5.68168716804654,0,0,0,0,0,5.29423718029642,0,26.6841339383807,0,3.87255465791032,0,3.68666863668533,0,0,0,0,3.582839012146,0,0,0,0,0,29.3091359239943,0,0,0,0,0,42.5752868793629,0,30.8729503552119,0,14.1457053018171,39.5852203369141,19.2081005940442,31.7174015045166,0
8.85526328616672,0,0,0,10.9161787819076,0,0,0,5.46651539537642,0,32.6945381164551,0,0,0,0,0,66.8777923583984,0,47.1410814921061,0,6.36994155248006,0,0,0,0,0,0,0,0,0,0,0,0,0,0,32.1284268697103,33.4383670261928,0,31.5798454284668,0,45.7320637702942,118.553108215332,24.3939906314314,0,0,0,43.4632507324219,0,10.4091257774335,40.5717105865479,8.61563574269487,0,0,0,5.81942208384124,0,22.9432282668202,0,5.23443104971701,0,6.78101714156395,0,0,21.9626414775848,0,0,0,0,0,0,0,0,0,29.7070593447299,0,0,0,0,0,46.0907626152039,0,33.9420265833537,15.798201342098,42.2315711975098,17.5526933315199,0,18.7209255008374
0,6.40041461716527,0,0,0,7.39716957335459,0,0,0,6.85342006726115,0,0,0,6.72461824417114,0,3.36554288864136,71.1199722290039,60.7004013061523,36.234516294379,32.6084219614665,0,0,0,26.1898303031921,0,0,0,0,0,0,0,0,0,0,0,33.9649803161621,0,31.7445298975164,0,41.1740393638611,0,32.7559018288889,54.9669189453125,0,0,34.0516837437948,0,63.1391585213797,0,23.7653232187901,0,7.75087196438025,0,0,0,5.31670462156271,0,26.982599153357,0,5.53418191274007,0,3.62621202468872,36.2667580517856,0,0,0,0,0,0,0,0,0,30.9095646820816,0,0,0,0,0,46.7465958065457,0,35.6609247348927,0,21.3512199656798,27.5133829116821,25.3451871653438,26.4488043103899,0
0,0,10.9161787819076,0,0,0,0,0,6.48310279846191,0,0,0,3.81508484979471,0,2.94681937832478,0,0,0,0,0,9.95575833687415,0,0,0,0,0,0,0,0,0,0,0,0,0,0,34.4266916910807,28.8018286493089,0,0,0,47.0929145812988,0,44.1176580949263,0,0,0,0,55.1171112060547,40.7004124245993,43.21755027771,6.42572649717331,0,0,0,0,0,26.8276824951172,0,3.96632373499316,0,3.76640221947118,0,0,32.303139368693,0,0,0,0,0,0,0,0,0,0,0,0,0,0,0,53.8775393168131,0,62.4517440795898,7.234899106445,0,22.9066613475148,0,40.2531776428223
0,10.1292104721069,0,7.39716957335459,0,0,0,0,0,3.41166088978449,0,5.69382723172506,0,0,0,0,0,0,58.8139915466309,5.03728542656734,0,0,0,0,0,0,0,0,0,0,0,0,0,0,0,25.8611771359163,33.3352241516113,0,0,40.9414393107096,0,50.7195426811606,0,0,0,47.5992050170898,0,0,0,42.5185105133057,0,4.12208929163344,0,0,0,3.1725172996521,0,18.6716385568891,0,0,0,0,0,0,0,0,0,0,0,0,0,0,40.9283702032907,0,0,0,0,0,48.9222655663123,0,45.4279541969299,0,11.5638362037671,21.8018768394695,16.5187356392668,0,0
0,0,0,0,0,0,0,0,0,0,0,0,0,0,0,0,0,0,0,0,0,0,0,0,0,0,0,0,0,0,0,0,0,0,0,0,0,0,0,0,0,0,0,0,0,0,0,0,0,0,0,0,2.7332763671875,0,0,0,0,0,0,0,0,0,0,0,0,0,0,0,0,0,0,0,0,0,0,0,0,0,0,0,0,0,0,0,0,0,0
0,0,0,0,0,0,0,0,0,0,0,2.83465492725372,0,3.58291018009186,0,0,0,0,0,0,0,0,0,0,0,0,0,0,0,0,0,0,0,0,0,2.84883844852448,0,0,0,0,0,0,0,0,0,0,0,0,0,0,0,0,0,2.88891983032227,0,0,0,3.32129698197047,0,3.40969953536987,0,0,0,0,0,0,0,0,0,0,0,0,0,0,0,0,0,0,0,0,0,0,2.86105404581342,2.95935737519037,0,0,0
3.51080635108484,0,5.46651539537642,0,6.48310279846191,0,0,0,0,0,0,0,0,0,3.07252657815312,0,10.3663268089294,0,0,0,0,0,0,0,7.12411407863393,0,9.01767126719157,0,0,0,0,0,0,0,0,0,0,39.4709320068359,5.6119410943665,0,0,38.6495040893555,16.9522149944305,0,0,0,0,38.8369121551514,8.64186436653137,0,3.09585021436214,0,0,0,5.79203066724693,0,34.4578399658203,0,0,0,4.12068083069541,0,0,27.1740951538086,0,0,0,9.69221937656403,0,8.23357677459717,0,0,0,0,0,0,0,0,0,0,0,6.41130060553551,8.30100872806723,13.6067085266113,9.59288025474548,0,0
0,4.39680979803777,0,6.85342006726115,0,3.41166088978449,0,0,0,0,0,0,0,0,0,5.6656325014014,0,6.61506147133677,0,0,0,0,0,7.62288942016088,0,0,0,0,0,0,0,0,0,0,0,0,0,8.52776017326575,0,0,0,34.1301383972168,0,0,0,0,0,0,45.3161315917969,5.68859106844122,0,3.75896329539163,0,0,0,5.57981903764136,0,4.7622028986613,0,0,0,3.57508520036936,0,0,0,0,7.09821290756339,0,2.85066068172455,0,0,0,41.1965827941895,0,0,0,0,0,66.7812576293945,0,14.7209605230735,0,4.94294986498157,4.22794565372169,16.4420103293199,0,0
0,0,32.6945381164551,0,0,0,0,0,0,0,0,0,3.11446203788122,0,0,0,0,0,26.2195663452148,0,2.98683476961762,0,0,0,0,0,0,0,2.81879648295316,0,2.83942317962646,0,0,0,0,0,3.72327647711101,0,3.32201029422015,0,0,0,28.9390392303467,0,0,0,14.3098876953125,0,0,0,0,0,2.90845899581909,0,0,0,4.80250281103888,0,0,0,0,0,0,4.33656043016686,0,0,0,0,0,0,0,0,0,8.64432411723667,0,0,0,0,0,4.0356016714279,0,4.6525652760365,8.70950153138902,0,6.45104030651205,0,20.7619361877441
0,0,0,0,0,5.69382723172506,0,2.83465492725372,0,0,0,0,0,3.26170799898547,0,0,0,0,0,3.3473274507418,0,0,0,0,0,0,0,2.73487347364426,0,4.02052400328896,0,0,0,0,0,4.39444479063938,0,3.43366651701588,0,0,0,0,0,0,0,0,0,0,0,0,0,8.92309110574048,0,0,0,0,0,4.0081949801194,0,2.9913052147649,0,0,7.04838132858276,0,0,0,0,0,0,0,3.00207524100939,0,5.0664567365879,0,0,0,0,0,0,0,4.36960379282633,0,3.37481386782759,0,3.55361915216213,0,0
0,0,0,0,3.81508484979471,0,0,0,0,0,3.11446203788122,0,0,0,3.16928148269653,0,0,0,0,0,0,0,0,0,0,0,0,0,0,0,0,0,0,0,0,0,0,0,0,0,0,0,0,0,0,0,0,0,0,0,3.88689923286438,0,2.82179964672435,0,0,0,3.12730407714844,0,3.28230729549051,0,3.3028937180837,0,0,0,0,0,0,0,0,0,0,0,0,0,0,0,0,0,0,0,0,0,2.83649555842082,0,0,0,0
0,0,0,6.72461824417114,0,0,0,3.58291018009186,0,0,0,3.26170799898547,0,0,0,2.85126016139984,0,0,0,0,0,0,0,0,0,0,0,3.54837149223395,0,0,0,0,0,0,0,0,0,0,0,0,0,0,0,0,0,0,0,0,0,0,0,0,0,0,0,0,0,3.35134124755859,0,3.32059194368891,0,0,0,0,0,0,0,0,0,0,4.27023837679908,0,0,0,0,0,0,0,0,0,0,0,2.92605884285534,3.04294269425528,0,0,0
3.3745379447937,0,0,0,2.94681937832478,0,0,0,3.07252657815312,0,0,0,3.16928148269653,0,0,0,0,0,0,0,0,0,0,0,0,0,0,0,0,0,0,0,0,0,0,0,0,0,0,0,0,0,0,0,0,0,0,0,0,0,0,0,0,0,3.6144519050916,0,0,0,3.33256409849439,0,2.9938725233078,0,0,0,0,0,0,0,0,0,0,0,0,0,0,0,0,0,0,0,0,0,0,0,0,0,0
0,3.58606851100922,0,3.36554288864136,0,0,0,0,0,5.6656325014014,0,0,0,2.85126016139984,0,0,0,7.67558545105217,0,0,0,25.8948822021484,0,0,0,6.20642134666443,0,0,0,0,0,0,0,0,0,0,0,0,0,0,0,0,0,0,0,0,0,0,0,0,0,0,0,0,0,11.3879066970613,0,0,0,3.90414428710938,0,3.96086017216477,0,0,33.7600288391113,0,0,0,2.74866795539856,0,0,0,0,0,0,0,0,0,0,0,0,0,6.03388557169172,4.22742652893066,0,0,0
9.16824245452881,41.8102474212646,66.8777923583984,71.1199722290039,0,0,0,0,10.3663268089294,0,0,0,0,0,0,0,0,22.8433745474311,24.8072149801938,0,0,25.185519132237,5.68246470187225,34.3052260080973,12.1668543567905,35.3842409106268,5.27484446725288,0,0,0,0,0,0,0,0,93.5476707458496,96.2506185913086,102.333320617676,73.5400085449219,73.2777330875397,67.527260864673,68.6780842512082,50.4810513598578,0,0,72.597696003161,59.4082081443385,0,71.3556213378906,53.5230026245117,0,0,0,0,90.947135925293,72.7858810424805,53.1692827012804,61.7022590637207,0,0,0,0,85.1438365263097,69.640089263916,23.8233642578125,8.66840183734894,0,7.76410572483854,20.6716194152832,10.5433751925751,0,0,71.6227123036104,60.1182605198451,0,0,0,0,83.6563945314777,77.9852669117063,78.9714447368275,63.1215874000832,13.287422374102,7.05537154352276,62.9574106906323,68.0789812873392,45.4294810231527
45.8546816507975,14.4070440928141,0,60.7004013061523,0,0,0,0,0,6.61506147133677,0,0,0,0,0,7.67558545105217,22.8433745474311,0,23.558297967918,0,0,11.3601474017418,24.5904990604946,15.2486242601021,49.508113861084,7.93673313956265,52.8008817036947,3.13260050773621,0,0,0,0,0,0,0,102.556669968825,103.989179611206,0,0,68.6807477032697,77.3113847732544,55.4799062883532,61.8902041413063,91.5831832885742,0,66.1677921840123,63.8514418284098,0,68.6385879516602,0,0,0,0,0,0,0,72.4120979309082,73.2065963745117,0,0,0,29.7297058105469,73.1684011312632,84.998053656684,22.5857866817797,0,25.3532613624226,0,5.94677926648048,45.1605035608465,0,0,71.6811955769857,73.3844960530599,0,0,0,0,79.3087640367113,85.3275124109708,67.9240953095105,84.1382999420166,12.0430232670715,6.69684728622437,67.3573651187634,52.1621843973796,64.8351417269025
16.6798139157503,9.88498359093299,47.1410814921061,36.234516294379,0,58.8139915466309,0,0,0,0,26.2195663452148,0,0,0,0,0,24.8072149801938,23.558297967918,0,38.9515924453735,0,40.8636766052246,54.0133539835612,45.6790463924408,38.9215812683105,39.8669146537781,0,0,0,0,0,0,0,0,0,72.1793132246586,76.0918840738573,56.538272857666,48.6258159984242,46.8193952007878,51.3588404793426,30.3428883027138,29.0096143279377,21.4491026276036,33.857477400038,43.1303763216402,40.2539107432311,35.5138282775879,46.6075917243958,28.7625474188063,55.5410690307617,0,0,0,27.3238525390625,0,38.739344551984,35.1965640234569,57.075382232666,0,0,0,51.5483968314223,56.6540219521036,0,0,32.2498207092285,0,0,0,0,0,36.3797145759203,41.6328481321882,0,0,0,0,56.1246905757057,59.6054281719029,44.3060201498178,50.3624485986081,17.2469820396448,27.6004276275635,39.2147195597452,21.5432967880939,31.4948255661287
0,25.4053783416748,0,32.6084219614665,0,5.03728542656734,0,0,0,0,0,3.3473274507418,0,0,0,0,0,0,38.9515924453735,0,0,0,0,0,0,0,0,0,0,0,0,0,0,0,0,9.25490606413947,0,3.35894900844211,0,18.9670328050852,0,40.7089889844259,0,0,0,20.1991717686524,0,0,0,31.4221992492676,0,4.64913996943721,0,0,0,0,0,5.25095440831574,0,0,0,0,6.75441110024615,0,0,0,0,0,0,0,0,0,19.6488925933838,0,0,0,0,0,13.7619967682815,0,11.3879360010227,0,6.66686371415854,20.6366767883301,15.7846817271725,0,0
0,0,6.36994155248006,0,9.95575833687415,0,0,0,0,0,2.98683476961762,0,0,0,0,0,0,0,0,0,0,0,0,0,0,0,0,0,0,0,0,0,0,0,0,0,7.97882038752238,0,4.69256005774845,0,50.2999000549316,0,0,0,0,0,15.7847501039505,0,0,0,11.2374436886895,0,0,0,0,0,8.23962556521098,0,10.781431833903,0,15.1407871246338,0,0,4.27944659742722,0,0,0,0,0,0,0,0,0,6.74475049972534,0,0,0,0,0,8.56970442831516,0,11.7101372310093,6.28360784337634,0,9.16824628070077,0,0
0,0,0,0,0,0,0,0,0,0,0,0,0,0,0,25.8948822021484,25.185519132237,11.3601474017418,40.8636766052246,0,0,0,5.5153218793869,11.5771464003792,0,9.9834997586801,0,4.00701482386529,0,0,0,0,0,0,0,0,0,8.79405130888049,0,0,0,0,0,0,0,0,0,9.07709355976271,0,11.2048055286983,0,0,0,0,0,0,0,0,0,0,0,0,0,0,4.19200093484917,4.87744957208633,10.8624769548026,0,7.12535285949707,0,0,0,0,0,0,0,0,0,0,0,8.82979610204697,0,5.70370574129952,5.17222160100937,17.8455927231733,0,0
0,0,0,0,0,0,0,0,0,0,0,0,0,0,0,0,5.68246470187225,24.5904990604946,54.0133539835612,0,0,5.5153218793869,0,0,6.67124702856202,0,4.27690805381058,0,2.89363679289818,0,0,0,0,0,0,0,0,6.16009783744812,6.46882469494744,0,0,0,0,0,0,0,0,0,10.6356109606809,0,0,0,0,0,0,0,0,0,0,0,0,0,0,0,6.13629388809204,4.35709897774662,0,10.9948550065358,0,3.05307884107937,0,3.19437754154205,0,0,0,0,0,0,0,0,0,5.99666613221169,5.80071962535091,6.96503641695347,16.3911149024963,0,0
0,15.8692755169339,0,26.1898303031921,0,0,0,0,0,7.62288942016088,0,0,0,0,0,0,34.3052260080973,15.2486242601021,45.6790463924408,0,0,11.5771464003792,0,0,0,8.68133788842421,0,0,0,0,0,0,0,0,0,0,0,5.76868874949794,0,0,0,0,0,0,0,90.2068862915039,0,0,0,12.4555295944214,0,0,0,0,0,7.54505475804776,0,0,0,0,0,0,0,0,8.81198402990898,0,5.92729545069523,0,3.93694172601331,0,10.5092830657959,0,0,0,0,0,0,0,0,0,9.58110521084223,0,8.01944385208912,14.1005579341542,6.82101281789633,0,0
0,0,0,0,0,0,0,0,7.12411407863393,0,0,0,0,0,0,0,12.1668543567905,49.508113861084,38.9215812683105,0,0,0,6.67124702856202,0,0,34.8055038452148,3.47535996601499,0,0,0,0,0,0,0,0,0,0,0,7.29954153869195,0,0,0,0,0,0,0,0,0,5.12614561169525,0,0,0,0,0,8.20120700713127,0,0,0,0,0,0,0,0,0,0,7.65591438997139,0,4.724665019129,0,3.49309389752553,0,0,0,0,0,0,0,0,0,0,0,8.95118160272131,5.48118330822435,4.68634150709425,6.74716169493539,0,0
0,0,0,0,0,0,0,0,0,0,0,0,0,0,0,6.20642134666443,35.3842409106268,7.93673313956265,39.8669146537781,0,0,9.9834997586801,0,8.68133788842421,34.8055038452148,0,0,3.71026655130608,0,0,0,0,0,0,0,0,0,0,0,0,0,0,0,0,0,0,76.8131103515625,0,0,0,0,0,0,0,0,0,0,0,0,0,0,0,0,0,21.5628185272217,0,3.42305859327316,0,3.44182908093488,0,4.63528412977854,0,0,0,0,0,0,0,0,102.936370849609,0,0,13.1736971476139,5.09367097086377,0,0,0
0,0,0,0,0,0,0,0,9.01767126719157,0,0,0,0,0,0,0,5.27484446725288,52.8008817036947,0,0,0,0,4.27690805381058,0,3.47535996601499,0,0,0,2.76711075646537,0,0,0,0,0,0,0,0,0,0,0,0,0,0,0,0,0,0,0,0,0,0,0,0,0,0,0,0,0,0,0,0,0,0,0,0,3.39533540606499,0,4.13556436834664,0,2.9979091364928,0,0,0,0,0,0,0,0,0,0,0,0,6.32721038187965,14.7660703659058,0,0,0
0,0,0,0,0,0,0,0,0,0,0,2.73487347364426,0,3.54837149223395,0,0,0,3.13260050773621,0,0,0,4.00701482386529,0,0,0,3.71026655130608,0,0,0,3.38853497505188,0,0,0,0,0,0,0,3.38896656036377,0,0,0,0,0,0,0,0,0,0,0,0,0,0,0,0,0,0,0,0,0,3.05832959545983,0,0,0,0,3.05780869007111,0,0,0,3.82771132787069,0,3.75529478130669,0,0,0,0,0,0,0,0,0,4.70777317455837,0,3.1733136898992,2.94891652464867,0,0,0
0,0,0,0,0,0,0,0,0,0,2.81879648295316,0,0,0,0,0,0,0,0,0,0,0,2.89363679289818,0,0,0,2.76711075646537,0,0,0,2.99926062107086,0,0,0,0,0,0,0,0,0,0,0,0,0,0,0,0,0,0,0,0,0,0,0,0,0,0,0,3.76076686382294,0,0,0,0,0,0,2.745689868927,0,0,0,4.64921474456787,0,3.40643369845855,0,3.02519950113798,0,0,0,0,0,0,0,5.50652432441711,2.7354998588562,2.89233432866176,0,0,0
0,0,0,0,0,0,0,0,0,0,0,4.02052400328896,0,0,0,0,0,0,0,0,0,0,0,0,0,0,0,3.38853497505188,0,0,0,0,0,0,0,0,0,3.50590067336013,0,0,0,0,0,0,0,0,0,0,0,0,0,0,0,0,0,0,0,6.15288725305111,0,0,0,0,0,0,0,0,0,0,0,0,3.32819453276456,0,3.62044902505546,0,0,0,0,0,0,0,4.23133534543654,0,2.83421273231506,0,0,0,0
0,0,0,0,0,0,0,0,0,0,2.83942317962646,0,0,0,0,0,0,0,0,0,0,0,0,0,0,0,0,0,2.99926062107086,0,0,0,0,0,0,0,0,0,3.13804665127316,0,0,0,0,0,0,0,0,0,0,0,0,0,0,0,0,0,0,0,0,0,0,0,0,0,0,0,0,0,0,0,0,5.43058617115021,0,4.04298033123523,0,0,0,0,0,0,0,5.40993642807007,0,0,0,0,0
0,0,0,0,0,0,0,0,0,0,0,0,0,0,0,0,0,0,0,0,0,0,0,0,0,0,0,0,0,0,0,0,2.94712895370391,0,3.00749960812655,3.40236567915156,0,0,0,0,0,0,0,0,0,0,0,7.26670735044244,0,12.9085199356079,0,0,0,0,0,0,0,0,0,0,0,0,0,0,0,0,0,0,0,0,0,0,0,0,3.57108452478553,2.99644941091537,2.8444370508194,0,7.04118485061022,0,0,0,2.96483111942516,0,0,0,0
0,0,0,0,0,0,0,0,0,0,0,0,0,0,0,0,0,0,0,0,0,0,0,0,0,0,0,0,0,0,0,2.94712895370391,0,0,9.63543684809816,0,12.1091487187458,0,0,15.9744939804077,0,0,0,0,0,0,0,5.06315873325735,4.62969827651978,10.7590410028185,0,0,0,0,0,0,0,0,0,0,0,0,0,0,0,0,0,0,0,0,0,0,0,0,5.17566293478012,5.54117442431562,0,0,0,13.2810859007713,0,0,3.01807698262096,0,0,0,0
0,0,0,0,0,0,0,0,0,0,0,0,0,0,0,0,0,0,0,0,0,0,0,0,0,0,0,0,0,0,0,0,0,0,3.95057965530826,4.37681037471408,0,3.44710043924195,4.57213122504098,0,0,0,0,0,0,0,0,5.10059366488916,0,0,0,0,0,0,0,0,0,0,0,0,0,0,0,0,0,0,0,0,0,0,0,0,0,0,0,0,4.99224371006412,3.85494167206973,7.16689160236946,0,4.58251108631255,2.85693930857109,3.27654008145602,0,12.800678730011,0,0
0,0,0,0,0,0,0,0,0,0,0,0,0,0,0,0,0,0,0,0,0,0,0,0,0,0,0,0,0,0,0,3.00749960812655,9.63543684809816,3.95057965530826,0,0,4.86020146148931,0,5.54895654320717,0,0,0,15.5539379119873,0,0,0,0,4.76105309957797,0,0,0,0,0,0,0,0,0,0,0,0,0,0,0,0,0,0,0,0,0,0,0,0,0,0,4.01252341270447,4.6782732425389,4.77512991941428,3.8087528798831,0,4.57591830820277,4.22756385803223,3.11078900098801,3.84961184660594,3.05590903759003,24.8122406005859,0,0
0,56.0852261593467,32.1284268697103,33.9649803161621,34.4266916910807,25.8611771359163,0,2.84883844852448,0,0,0,4.39444479063938,0,0,0,0,93.5476707458496,102.556669968825,72.1793132246586,9.25490606413947,0,0,0,0,0,0,0,0,0,0,0,3.40236567915156,0,4.37681037471408,0,0,5.18009155666506,6.61666778627444,3.63892191648483,64.5315417509813,45.2825508117676,52.887051428518,42.9854431152344,63.0884895324707,0,45.2490517397961,0,12.526319026947,0,41.1027062733968,43.1572532653809,0,0,0,0,0,46.6030311584473,5.10961876132272,0,0,0,0,19.9050289656704,0,0,0,0,0,0,0,0,0,70.2035636901855,0,7.84555825657315,0,13.0432919025421,20.8874626159668,7.19914779285105,13.7714985532964,14.2930664286998,0,5.88582359197316,4.77870459971221,34.4990186726605,45.5537906993519,92.8577270507812
0,0,33.4383670261928,0,28.8018286493089,33.3352241516113,0,0,0,0,3.72327647711101,0,0,0,0,0,96.2506185913086,103.989179611206,76.0918840738573,0,7.97882038752238,0,0,0,0,0,0,0,0,0,0,0,12.1091487187458,0,4.86020146148931,5.18009155666506,0,0,5.50429500448015,0,38.9789476773095,84.4646148681641,49.1292405068337,0,0,0,45.4285749349163,21.7355488811631,25.9588390838268,29.9732799530029,28.162696165197,0,0,0,0,0,4.91198231183089,0,24.6187648773193,0,26.931568145752,0,0,22.8624311001663,0,0,0,0,0,0,0,0,0,81.1210021972656,0,6.12673069030585,0,5.62220670316637,6.15452790079695,7.88432751574844,0,7.55672882729945,7.4352501982567,4.09721611928249,28.8538723506516,90.5645904541016,49.0181504596363
43.8746109008789,17.3702305280245,0,31.7445298975164,0,0,0,0,39.4709320068359,8.52776017326575,0,3.43366651701588,0,0,0,0,102.333320617676,0,56.538272857666,3.35894900844211,0,8.79405130888049,6.16009783744812,5.76868874949794,0,0,0,3.38896656036377,0,3.50590067336013,0,0,0,3.44710043924195,0,6.61666778627444,0,0,9.60733748742235,38.068172454834,0,21.6938503265381,20.7816874980927,0,0,39.7989715127384,0,8.4074426797366,35.4336668650309,7.10041618442155,0,0,0,0,0,10.8490981260935,0,3.9205719261873,0,0,0,0,14.2300586508608,0,7.78307239379656,0,8.10969684006489,0,0,0,0,0,6.70122556686401,0,0,0,4.41362139156887,6.66476583480835,11.1882259390376,0,5.97775537601713,2.8693376842298,6.58598311573869,7.55009926878256,9.29778437173799,0,0
0,0,31.5798454284668,0,0,0,0,0,5.6119410943665,0,3.32201029422015,0,0,0,0,0,73.5400085449219,0,48.6258159984242,0,4.69256005774845,0,6.46882469494744,0,7.29954153869195,0,0,0,0,0,3.13804665127316,0,0,4.57213122504098,5.54895654320717,3.63892191648483,5.50429500448015,9.60733748742235,0,0,67.0588798522949,39.8732318878174,35.2307436466217,0,0,0,27.7328769307078,6.07900414854137,5.86176703051404,0,43.7773208618164,0,0,0,6.20907956829258,0,7.16782985414777,0,0,0,40.4670867919922,0,0,19.568755319778,0,7.49261679544867,0,6.36575331722481,0,0,0,3.73122881140028,0,3.51744069223819,0,0,0,4.45031697714507,0,8.44280820552448,2.92854361874717,5.27121678624289,5.28634534028298,6.15584683418274,7.53172172325245,0,16.6911821365356
0,31.7621541553073,0,41.1740393638611,0,40.9414393107096,0,0,0,0,0,0,0,0,0,0,73.2777330875397,68.6807477032697,46.8193952007878,18.9670328050852,0,0,0,0,0,0,0,0,0,0,0,0,15.9744939804077,0,0,64.5315417509813,0,38.068172454834,0,0,66.2206878662109,23.4778141398598,65.2227897644043,27.6910080909729,0,15.4550092031164,66.4825019836426,8.98730381329854,16.6135898166233,7.05376616560207,0,0,0,0,0,0,0,68.7457408905029,0,0,0,0,12.15415887288,122.358139038086,0,0,0,0,0,0,0,0,53.6875665838068,0,0,16.3587093353271,0,0,21.7057836173148,110.015340532575,58.552659743362,116.19751739502,34.8566591682065,21.3657337370373,15.3416345736453,21.8061088628936,83.6583213806152
48.6517696380615,0,45.7320637702942,0,47.0929145812988,0,0,0,0,0,0,0,0,0,0,0,67.527260864673,77.3113847732544,51.3588404793426,0,50.2999000549316,0,0,0,0,0,0,0,0,0,0,0,0,0,0,45.2825508117676,38.9789476773095,0,67.0588798522949,66.2206878662109,0,70.0456063406808,23.4418175752567,0,24.5012170314789,73.9208427429199,15.8464883042977,3.90933168812802,9.4484805057818,0,46.7397880554199,0,0,0,50.4646377563477,0,53.0153796288275,0,0,0,0,0,0,10.3838941663242,0,0,0,0,0,0,0,0,127.726043701172,43.6581765810649,0,0,0,0,102.050003051758,25.4190573612849,0,46.5621348838417,42.6165002587522,0,19.9608853162945,97.000057220459,24.1559594649303
44.6025566101074,24.6418734002444,118.553108215332,32.7559018288889,0,50.7195426811606,0,0,38.6495040893555,34.1301383972168,0,0,0,0,0,0,68.6780842512082,55.4799062883532,30.3428883027138,40.7089889844259,0,0,0,0,0,0,0,0,0,0,0,0,0,0,0,52.887051428518,84.4646148681641,21.6938503265381,39.8732318878174,23.4778141398598,70.0456063406808,0,8.43882024830038,14.9107043662768,14.5592613220215,23.1301068561104,57.6634826660156,11.6124812821361,22.754203920779,19.7791875707482,0,51.4531211853027,0,0,0,40.6509926407426,47.4958038330078,21.0199277888748,0,26.0428969791957,0,24.3111484050751,26.8440305579143,0,0,0,0,0,0,0,0,0,20.80721565763,0,0,0,0,0,30.1917251054039,88.4057455062866,30.5795666030531,55.0859432220459,20.2976540833908,12.9984866591061,15.2480825713893,13.1099534331692,47.4698753356934
22.6771039906489,44.243782043457,24.3939906314314,54.9669189453125,44.1176580949263,0,0,0,16.9522149944305,0,28.9390392303467,0,0,0,0,0,50.4810513598578,61.8902041413063,29.0096143279377,0,0,0,0,0,0,0,0,0,0,0,0,0,0,0,15.5539379119873,42.9854431152344,49.1292405068337,20.7816874980927,35.2307436466217,65.2227897644043,23.4418175752567,8.43882024830038,0,0,11.906143766461,67.6460291544596,20.1182333105303,7.03270487767905,14.674694253821,59.0770988464355,49.0078272138323,0,0,0,28.8634220759074,0,18.817570379153,0,31.2562351226807,0,0,0,81.6711006164551,27.7040494913163,0,0,0,0,0,0,0,0,0,14.6536927176457,0,0,0,0,65.0368546077183,31.3464246695749,108.958511352539,29.7743204116821,17.0007368257862,10.969839015097,14.4925336571113,61.6549201965332,9.91661077920211
0,0,0,0,0,0,0,0,0,0,0,0,0,0,0,0,0,91.5831832885742,21.4491026276036,0,0,0,0,0,0,0,0,0,0,0,0,0,0,0,0,63.0884895324707,0,0,0,27.6910080909729,0,14.9107043662768,0,0,0,27.6233547925949,0,0,0,0,0,0,0,0,0,0,0,0,0,0,0,0,0,0,0,0,0,0,0,0,0,0,0,0,0,0,0,0,41.3045395861615,115.083168029785,43.8626456260681,0,14.7960282464822,0,15.4778563841334,17.4094469113783,0
0,0,0,0,0,0,0,0,0,0,0,0,0,0,0,0,0,0,33.857477400038,0,0,0,0,0,0,0,0,0,0,0,0,0,0,0,0,0,0,0,0,0,24.5012170314789,14.5592613220215,11.906143766461,0,0,0,16.6228790654076,23.6142749786377,24.7951068878174,0,0,0,0,0,0,0,33.9177169799805,0,0,0,0,0,0,33.5880937576294,0,0,0,0,0,0,0,0,0,0,0,0,0,0,0,36.3200460539924,0,0,9.51943232167152,0,12.3032054959274,0,14.7143096923828
0,26.795278761122,0,34.0516837437948,0,47.5992050170898,0,0,0,0,0,0,0,0,0,0,72.597696003161,66.1677921840123,43.1303763216402,20.1991717686524,0,0,0,90.2068862915039,0,0,0,0,0,0,0,0,0,0,0,45.2490517397961,0,39.7989715127384,0,15.4550092031164,73.9208427429199,23.1301068561104,67.6460291544596,27.6233547925949,0,0,46.3493041992188,0,0,27.5014002058241,0,57.0415687561035,0,0,0,0,0,41.3074578926212,0,0,0,0,12.3258883561113,0,0,0,0,0,0,0,0,0,42.3721042618038,0,0,0,0,0,30.6159435079687,102.777797698975,22.5382152266292,0,35.2158593622843,0,21.7748499362537,38.3973939078195,0
0,0,43.4632507324219,0,0,0,0,0,0,0,14.3098876953125,0,0,0,0,0,59.4082081443385,63.8514418284098,40.2539107432311,0,15.7847501039505,0,0,0,0,76.8131103515625,0,0,0,0,0,0,0,0,0,0,45.4285749349163,0,27.7328769307078,66.4825019836426,15.8464883042977,57.6634826660156,20.1182333105303,0,16.6228790654076,46.3493041992188,0,0,23.8952651705061,32.6900215148926,54.7204551696777,0,0,0,0,0,24.9608814266178,0,0,0,0,0,56.4746685028076,13.4710543280336,0,0,0,0,0,0,0,0,129.95295715332,28.7958964643807,0,0,0,0,93.3935238974435,31.9506407704216,0,18.9788604899298,32.0722377603819,0,19.0324825243269,35.9334754943848,41.2027245521545
44.325436062283,0,0,63.1391585213797,55.1171112060547,0,0,0,38.8369121551514,0,0,0,0,0,0,0,0,0,35.5138282775879,0,0,9.07709355976271,0,0,0,0,0,0,0,0,0,7.26670735044244,5.06315873325735,5.10059366488916,4.76105309957797,12.526319026947,21.7355488811631,8.4074426797366,6.07900414854137,8.98730381329854,3.90933168812802,11.6124812821361,7.03270487767905,0,23.6142749786377,0,0,0,5.58991548515018,6.75128222111898,0,0,0,0,0,0,0,83.0203475952148,0,0,0,0,0,0,10.1396320887974,25.2956714630127,20.3080638885498,0,0,0,0,0,0,0,6.28933291459763,5.85838915916383,4.88730975244941,7.27284900952899,6.42361496118891,10.857014478328,5.07851155598958,7.63908909667622,8.24397349609259,5.31251484155655,7.69233356950724,18.7749652862549,36.5261917114258
6.00119861332994,0,10.4091257774335,0,40.7004124245993,0,0,0,8.64186436653137,45.3161315917969,0,0,0,0,0,0,71.3556213378906,68.6385879516602,46.6075917243958,0,0,0,10.6356109606809,0,5.12614561169525,0,0,0,0,0,0,0,4.62969827651978,0,0,0,25.9588390838268,35.4336668650309,5.86176703051404,16.6135898166233,9.4484805057818,22.754203920779,14.674694253821,0,24.7951068878174,0,23.8952651705061,5.58991548515018,0,6.47273324221527,46.369664625688,0,0,0,9.20034844875336,0,40.5660261426653,0,6.58354082860445,0,5.9408036871544,0,0,26.5412388408885,0,10.2317912965905,0,5.10055780105102,0,3.61447801528039,0,0,0,5.09554809215022,0,4.85335878531138,0,3.32242520650228,0,12.9268292448542,0,5.07984667319246,15.5184670574103,24.6888826370239,9.57593771520921,0,14.7619172040154
0,5.68168716804654,40.5717105865479,23.7653232187901,43.21755027771,42.5185105133057,0,0,0,5.68859106844122,0,0,0,0,0,0,53.5230026245117,0,28.7625474188063,31.4221992492676,0,11.2048055286983,0,12.4555295944214,0,0,0,0,0,0,0,12.9085199356079,10.7590410028185,0,0,41.1027062733968,29.9732799530029,7.10041618442155,0,7.05376616560207,0,19.7791875707482,59.0770988464355,0,0,27.5014002058241,32.6900215148926,6.75128222111898,6.47273324221527,0,47.8027229309082,45.0718727111816,0,0,0,11.5436577626637,52.9490756988525,21.1389877210584,0,5.42774483631474,0,4.45663296854174,34.655817826589,47.9051246643066,5.82813220167879,0,9.18471635905179,0,3.80509906155722,0,4.30411857604981,0,20.1213203363861,0,7.86712551116943,11.4753791519574,3.45269393920898,0,8.49409584058672,18.7574470982407,9.22269569150627,40.6073067982992,13.2083539694456,31.106170463562,12.7772038123332,22.3224817646874,41.0503768920898
0,0,8.61563574269487,0,6.42572649717331,0,0,0,3.09585021436214,0,0,0,3.88689923286438,0,0,0,0,0,55.5410690307617,0,11.2374436886895,0,0,0,0,0,0,0,0,0,0,0,0,0,0,43.1572532653809,28.162696165197,0,43.7773208618164,0,46.7397880554199,0,49.0078272138323,0,0,0,54.7204551696777,0,46.369664625688,47.8027229309082,0,0,0,0,0,0,9.51125684818188,0,4.09226258595784,0,5.23412942011422,0,0,11.6532485807264,0,0,0,0,0,0,0,0,0,41.3778190612793,0,0,0,0,0,37.087205392343,0,45.4121537889753,18.2745595198411,0,11.0449927978582,0,33.8833827972412
0,0,0,7.75087196438025,0,4.12208929163344,0,0,0,3.75896329539163,0,8.92309110574048,0,0,0,0,0,0,0,4.64913996943721,0,0,0,0,0,0,0,0,0,0,0,0,0,0,0,0,0,0,0,0,0,51.4531211853027,0,0,0,57.0415687561035,0,0,0,45.0718727111816,0,0,0,0,0,3.514126429191,0,5.45809697488259,0,3.63296148512099,0,5.18940552075704,0,0,0,0,0,0,0,0,0,0,43.0863723754883,0,0,0,0,0,0,0,0,0,4.93691641562863,34.7275199890137,14.3713067136705,0,0
0,0,0,0,0,0,2.7332763671875,0,0,0,2.90845899581909,0,2.82179964672435,0,0,0,0,0,0,0,0,0,0,0,0,0,0,0,0,0,0,0,0,0,0,0,0,0,0,0,0,0,0,0,0,0,0,0,0,0,0,0,0,0,0,0,0,0,0,0,0,0,0,0,0,0,0,0,0,0,0,0,0,0,0,0,0,0,0,0,0,0,2.99350609779358,2.98502571242196,0,0,0
0,0,0,0,0,0,0,2.88891983032227,0,0,0,0,0,0,0,0,0,0,0,0,0,0,0,0,0,0,0,0,0,0,0,0,0,0,0,0,0,0,0,0,0,0,0,0,0,0,0,0,0,0,0,0,0,0,0,0,0,3.85708253192499,0,3.52868161882673,0,0,9.51270771026611,0,0,0,0,0,0,0,0,0,0,0,0,0,0,0,0,0,0,0,3.0444282690684,3.31386336527373,0,0,0
3.73326905200024,0,5.81942208384124,0,0,0,0,0,5.79203066724693,0,0,0,0,0,3.6144519050916,0,90.947135925293,0,27.3238525390625,0,0,0,0,0,8.20120700713127,0,0,0,0,0,0,0,0,0,0,0,0,0,6.20907956829258,0,50.4646377563477,0,28.8634220759074,0,0,0,0,0,9.20034844875336,0,0,0,0,0,0,0,31.4811123439244,0,0,0,4.91108428913614,0,0,34.2034597396851,0,0,0,4.73331996007154,0,10.0262563546499,0,0,0,35.2479124069214,0,0,0,0,0,59.7587604522705,0,5.02739585340023,9.28871154558091,0,10.3041861902469,0,30.1556293964386
0,5.29423718029642,0,5.31670462156271,0,3.1725172996521,0,0,0,5.57981903764136,0,0,0,0,0,11.3879066970613,72.7858810424805,0,0,0,0,0,0,7.54505475804776,0,0,0,0,0,0,0,0,0,0,0,0,0,10.8490981260935,0,0,0,40.6509926407426,0,0,0,0,0,0,0,11.5436577626637,0,3.514126429191,0,0,0,0,0,14.9416511242206,0,4.2014607832982,0,5.63452358646247,54.7998905181885,0,0,0,5.22552274438121,0,0,0,0,0,37.7143815847544,0,0,0,0,0,65.9045669555664,0,12.3705271020883,0,11.384256855134,0,12.7218844464717,36.1956558227539,0
0,0,22.9432282668202,0,26.8276824951172,0,0,0,34.4578399658203,0,4.80250281103888,0,3.12730407714844,0,0,0,53.1692827012804,72.4120979309082,38.739344551984,0,8.23962556521098,0,0,0,0,0,0,0,0,0,0,0,0,0,0,46.6030311584473,4.91198231183089,0,7.16782985414777,0,53.0153796288275,47.4958038330078,18.817570379153,0,33.9177169799805,0,24.9608814266178,0,40.5660261426653,52.9490756988525,9.51125684818188,0,0,0,31.4811123439244,0,0,0,4.11564470319187,0,8.65796117782593,0,0,10.5370947312823,0,0,0,0,0,0,0,0,0,7.2887508995522,0,0,0,0,0,50.3268804931641,0,22.5292926268144,27.5575315237774,35.1633987426758,12.3651156962864,0,18.4265367462341
0,26.6841339383807,0,26.982599153357,0,18.6716385568891,0,3.32129698197047,0,4.7622028986613,0,4.0081949801194,0,3.35134124755859,0,0,61.7022590637207,73.2065963745117,35.1965640234569,5.25095440831574,0,0,0,0,0,0,0,0,0,6.15288725305111,0,0,0,0,0,5.10961876132272,0,3.9205719261873,0,68.7457408905029,0,21.0199277888748,0,0,0,41.3074578926212,0,83.0203475952148,0,21.1389877210584,0,5.45809697488259,0,3.85708253192499,0,14.9416511242206,0,0,0,5.26150305489547,0,12.3949422836304,10.0845950671284,0,0,0,0,0,0,0,3.40832797816542,0,7.19799914639906,0,0,0,0,0,62.6904827464711,0,29.054185628891,0,19.2738514419928,20.8399112224579,11.5167154573426,20.366016626358,0
0,0,5.23443104971701,0,3.96632373499316,0,0,0,0,0,0,0,3.28230729549051,0,3.33256409849439,0,0,0,57.075382232666,0,10.781431833903,0,0,0,0,0,0,0,3.76076686382294,0,0,0,0,0,0,0,24.6187648773193,0,0,0,0,0,31.2562351226807,0,0,0,0,0,6.58354082860445,0,4.09226258595784,0,0,0,0,0,4.11564470319187,0,0,0,3.2367343657157,0,0,10.4433308873858,0,0,0,0,0,0,0,3.39466922481855,0,35.6614351272583,0,0,0,0,0,41.3838284810384,0,37.5405807495117,3.85780013849338,2.93698358535767,8.22595559552385,0,0
0,3.87255465791032,0,5.53418191274007,0,0,0,3.40969953536987,0,0,0,2.9913052147649,0,3.32059194368891,0,3.90414428710938,0,0,0,0,0,0,0,0,0,0,0,3.05832959545983,0,0,0,0,0,0,0,0,0,0,0,0,0,26.0428969791957,0,0,0,0,0,0,0,5.42774483631474,0,3.63296148512099,0,3.52868161882673,0,4.2014607832982,0,5.26150305489547,0,0,0,3.79870674783425,0,0,0,0,0,0,0,0,0,0,4.71632051467896,0,0,0,0,0,0,0,0,0,3.39529509683257,0,16.5719673569138,0,0
6.95037847169688,0,6.78101714156395,0,3.76640221947118,0,0,0,4.12068083069541,0,0,0,3.3028937180837,0,2.9938725233078,0,0,0,0,0,15.1407871246338,0,0,0,0,0,0,0,0,0,0,0,0,0,0,0,26.931568145752,0,40.4670867919922,0,0,0,0,0,0,0,0,0,5.9408036871544,0,5.23412942011422,0,0,0,4.91108428913614,0,8.65796117782593,0,3.2367343657157,0,0,0,0,12.6335926055908,0,0,0,0,0,0,0,0,0,35.2035179138184,0,0,0,0,0,42.7042991638184,0,0,38.9701347351074,0,10.7240497364717,0,0
0,3.68666863668533,0,3.62621202468872,0,0,0,0,0,3.57508520036936,0,0,0,0,0,3.96086017216477,0,29.7297058105469,0,0,0,0,0,0,0,0,0,0,0,0,0,0,0,0,0,0,0,0,0,0,0,24.3111484050751,0,0,0,0,0,0,0,4.45663296854174,0,5.18940552075704,0,0,0,5.63452358646247,0,12.3949422836304,0,3.79870674783425,0,0,0,0,0,0,5.18793046474457,0,0,0,0,0,0,0,0,0,0,0,0,0,0,0,4.07507106498048,0,9.65430518855219,0,0
0,0,0,36.2667580517856,0,0,0,0,0,0,0,7.04838132858276,0,0,0,0,85.1438365263097,73.1684011312632,51.5483968314223,6.75441110024615,0,0,0,0,0,0,0,0,0,0,0,0,0,0,0,19.9050289656704,0,14.2300586508608,0,12.15415887288,0,26.8440305579143,81.6711006164551,0,0,12.3258883561113,56.4746685028076,0,0,34.655817826589,0,0,0,9.51270771026611,0,54.7998905181885,0,10.0845950671284,0,0,0,0,0,110.517616271973,0,0,0,0,0,0,0,0,21.5451891303579,0,0,0,0,0,20.1386155086166,114.777572631836,11.941614825667,0,24.1884604934862,0,15.9507361312428,45.8145392735799,116.565452575684
0,0,21.9626414775848,0,32.303139368693,0,0,0,27.1740951538086,0,4.33656043016686,0,0,0,0,0,69.640089263916,84.998053656684,56.6540219521036,0,4.27944659742722,0,0,0,0,0,0,0,0,0,0,0,0,0,0,0,22.8624311001663,0,19.568755319778,122.358139038086,10.3838941663242,0,27.7040494913163,0,33.5880937576294,0,13.4710543280336,0,26.5412388408885,47.9051246643066,11.6532485807264,0,0,0,34.2034597396851,0,10.5370947312823,0,10.4433308873858,0,12.6335926055908,0,110.517616271973,0,0,0,0,0,0,0,0,0,0,26.253669778506,0,0,0,0,128.502563476562,16.6626520087958,0,22.8599003412969,34.6037171030523,0,17.1726733338952,0,43.0548519558377
0,0,0,0,0,0,0,0,0,0,0,0,0,0,0,33.7600288391113,23.8233642578125,22.5857866817797,0,0,0,4.19200093484917,6.13629388809204,8.81198402990898,0,21.5628185272217,0,3.05780869007111,0,0,0,0,0,0,0,0,0,7.78307239379656,0,0,0,0,0,0,0,0,0,10.1396320887974,0,5.82813220167879,0,0,0,0,0,0,0,0,0,0,0,0,0,0,0,0,8.61752202956363,0,7.84436212459081,0,8.57413132724866,0,0,0,0,0,0,0,0,0,6.39276188129687,0,7.40287468454859,7.0453320556963,15.272875052232,0,0
0,0,0,0,0,0,0,0,0,0,0,0,0,0,0,0,8.66840183734894,0,0,0,0,4.87744957208633,4.35709897774662,0,7.65591438997139,0,3.39533540606499,0,2.745689868927,0,0,0,0,0,0,0,0,0,7.49261679544867,0,0,0,0,0,0,0,0,25.2956714630127,10.2317912965905,0,0,0,0,0,0,0,0,0,0,0,0,0,0,0,0,0,0,3.53734864185977,0,4.28557851735283,0,2.895274800639,0,0,0,0,0,0,0,0,0,5.63407849234875,4.23107425332657,8.92015085220337,15.9530389492328,0,0
0,3.582839012146,0,0,0,0,0,0,0,7.09821290756339,0,0,0,0,0,0,0,25.3532613624226,32.2498207092285,0,0,10.8624769548026,0,5.92729545069523,0,3.42305859327316,0,0,0,0,0,0,0,0,0,0,0,8.10969684006489,0,0,0,0,0,0,0,0,0,20.3080638885498,0,9.18471635905179,0,0,0,0,0,5.22552274438121,0,0,0,0,0,5.18793046474457,0,0,8.61752202956363,0,0,0,4.95576330423355,0,10.3674650192261,0,0,0,0,0,0,0,0,0,8.85392382017285,0,8.32257681422763,0,7.19181841952698,0,0
0,0,0,0,0,0,0,0,9.69221937656403,0,0,0,0,0,0,0,7.76410572483854,0,0,0,0,0,10.9948550065358,0,4.724665019129,0,4.13556436834664,0,0,0,0,0,0,0,0,0,0,0,6.36575331722481,0,0,0,0,0,0,0,0,0,5.10055780105102,0,0,0,0,0,4.73331996007154,0,0,0,0,0,0,0,0,0,0,3.53734864185977,0,0,0,4.07334186271478,0,0,0,0,0,0,0,0,0,0,0,4.97859303434943,3.80461405899565,0,7.91808980815815,0,0
0,0,0,0,0,0,0,0,0,2.85066068172455,0,0,0,0,0,2.74866795539856,20.6716194152832,5.94677926648048,0,0,0,7.12535285949707,0,3.93694172601331,0,3.44182908093488,0,3.82771132787069,0,0,0,0,0,0,0,0,0,0,0,0,0,0,0,0,0,0,0,0,0,3.80509906155722,0,0,0,0,0,0,0,0,0,0,0,0,0,0,7.84436212459081,0,4.95576330423355,0,0,0,5.69182990272969,0,0,0,0,0,0,0,0,0,0,0,3.13662189245224,21.5084438323975,5.04504871368408,0,0
0,0,0,0,0,0,0,0,8.23357677459717,0,0,0,0,0,0,0,10.5433751925751,45.1605035608465,0,0,0,0,3.05307884107937,0,3.49309389752553,0,2.9979091364928,0,4.64921474456787,0,0,0,0,0,0,0,0,0,0,0,0,0,0,0,0,0,0,0,3.61447801528039,0,0,0,0,0,10.0262563546499,0,0,0,0,0,0,0,0,0,0,4.28557851735283,0,4.07334186271478,0,0,0,0,0,0,0,0,0,0,0,0,0,0,4.65552043914795,0,0,0,0
0,0,0,0,0,0,0,0,0,0,0,3.00207524100939,0,4.27023837679908,0,0,0,0,0,0,0,0,0,10.5092830657959,0,4.63528412977854,0,3.75529478130669,0,3.32819453276456,0,0,0,0,0,0,0,0,0,0,0,0,0,0,0,0,0,0,0,4.30411857604981,0,0,0,0,0,0,0,3.40832797816542,0,0,0,0,0,0,8.57413132724866,0,10.3674650192261,0,5.69182990272969,0,0,0,3.29663093566895,0,0,0,0,0,0,0,6.96690716045771,0,3.32396859824657,0,0,0,0
0,0,0,0,0,0,0,0,0,0,0,0,0,0,0,0,0,0,0,0,0,0,3.19437754154205,0,0,0,0,0,3.40643369845855,0,5.43058617115021,0,0,0,0,0,0,0,3.73122881140028,0,0,0,0,0,0,0,0,0,0,0,0,0,0,0,0,0,0,0,3.39466922481855,0,0,0,0,0,0,2.895274800639,0,0,0,0,0,0,0,4.16241179085245,0,0,0,0,0,0,0,7.0795131237903,0,0,0,0,0
0,29.3091359239943,0,30.9095646820816,0,40.9283702032907,0,0,0,41.1965827941895,0,5.0664567365879,0,0,0,0,71.6227123036104,71.6811955769857,36.3797145759203,19.6488925933838,0,0,0,0,0,0,0,0,0,3.62044902505546,0,0,0,0,0,70.2035636901855,0,6.70122556686401,0,53.6875665838068,127.726043701172,20.80721565763,0,0,0,42.3721042618038,129.95295715332,0,0,20.1213203363861,0,43.0863723754883,0,0,0,37.7143815847544,0,7.19799914639906,0,4.71632051467896,0,0,21.5451891303579,0,0,0,0,0,0,0,3.29663093566895,0,0,143.012023925781,0,0,0,0,62.00042589973,109.334981282552,9.3065456867218,0,29.2723438742214,0,24.8543071432453,21.0833868581086,111.025527954102
0,0,29.7070593447299,0,0,0,0,0,0,0,8.64432411723667,0,0,0,0,0,60.1182605198451,73.3844960530599,41.6328481321882,0,6.74475049972534,0,0,0,0,0,0,0,3.02519950113798,0,4.04298033123523,0,0,0,0,0,81.1210021972656,0,3.51744069223819,0,43.6581765810649,0,14.6536927176457,0,0,0,28.7958964643807,0,5.09554809215022,0,41.3778190612793,0,0,0,35.2479124069214,0,7.2887508995522,0,35.6614351272583,0,35.2035179138184,0,0,26.253669778506,0,0,0,0,0,0,0,4.16241179085245,143.012023925781,0,0,0,0,0,0,51.5207130030582,0,5.11433657018127,34.2095058986119,0,10.9300844482992,0,19.7975992452243
0,0,0,0,0,0,0,0,0,0,0,0,0,0,0,0,0,0,0,0,0,0,0,0,0,0,0,0,0,0,0,3.57108452478553,5.17566293478012,0,4.01252341270447,7.84555825657315,0,0,0,0,0,0,0,0,0,0,0,6.28933291459763,0,7.86712551116943,0,0,0,0,0,0,0,0,0,0,0,0,0,0,0,0,0,0,0,0,0,0,0,0,0,0,3.25170030754604,0,8.71277421481162,0,0,0,3.29176381561491,0,0,0,0
0,0,0,0,0,0,0,0,0,0,0,0,0,0,0,0,0,0,0,0,0,0,0,0,0,0,0,0,0,0,0,2.99644941091537,5.54117442431562,0,4.6782732425389,0,6.12673069030585,0,0,16.3587093353271,0,0,0,0,0,0,0,5.85838915916383,4.85335878531138,11.4753791519574,0,0,0,0,0,0,0,0,0,0,0,0,0,0,0,0,0,0,0,0,0,0,0,0,0,0,0,0,0,5.74744696556991,0,0,3.43458871865392,0,13.6387176513672,0,0
0,0,0,0,0,0,0,0,0,0,0,0,0,0,0,0,0,0,0,0,0,0,0,0,0,0,0,0,0,0,0,2.8444370508194,0,4.99224371006412,4.77512991941428,13.0432919025421,0,4.41362139156887,0,0,0,0,0,0,0,0,0,4.88730975244941,0,3.45269393920898,0,0,0,0,0,0,0,0,0,0,0,0,0,0,0,0,0,0,0,0,0,0,0,0,3.25170030754604,0,0,5.15302062034607,5.05809264441571,0,4.5597162205899,0,3.37789414533928,11.1989049911499,0,0,0
0,0,0,0,0,0,0,0,0,0,0,0,0,0,0,0,0,0,0,0,0,0,0,0,0,0,0,0,0,0,0,0,0,3.85494167206973,3.8087528798831,20.8874626159668,5.62220670316637,6.66476583480835,4.45031697714507,0,0,0,0,0,0,0,0,7.27284900952899,3.32242520650228,0,0,0,0,0,0,0,0,0,0,0,0,0,0,0,0,0,0,0,0,0,0,0,0,0,0,0,5.15302062034607,0,0,6.54599120037183,7.50459885597229,4.71420732643146,4.14745944373462,0,8.30043625831604,0,0
0,42.5752868793629,0,46.7465958065457,0,48.9222655663123,0,0,0,66.7812576293945,0,0,0,0,0,0,83.6563945314777,79.3087640367113,56.1246905757057,13.7619967682815,0,0,0,0,0,0,0,0,0,0,0,7.04118485061022,0,7.16689160236946,0,7.19914779285105,6.15452790079695,11.1882259390376,0,21.7057836173148,102.050003051758,30.1917251054039,65.0368546077183,41.3045395861615,0,30.6159435079687,93.3935238974435,6.42361496118891,0,8.49409584058672,0,0,0,0,0,65.9045669555664,0,62.6904827464711,0,0,0,0,20.1386155086166,128.502563476562,0,0,0,0,0,0,0,0,62.00042589973,0,8.71277421481162,0,5.05809264441571,0,0,110.367095722872,14.213741133323,123.200672149658,24.0690053117219,13.7649850050608,24.5707321443199,33.5144696139741,84.8734130859375
60.0263662338257,0,46.0907626152039,0,53.8775393168131,0,0,0,0,0,4.0356016714279,0,0,0,0,0,77.9852669117063,85.3275124109708,59.6054281719029,0,8.56970442831516,0,0,0,0,102.936370849609,0,0,0,0,0,0,13.2810859007713,0,4.57591830820277,13.7714985532964,7.88432751574844,0,8.44280820552448,110.015340532575,25.4190573612849,88.4057455062866,31.3464246695749,115.083168029785,36.3200460539924,102.777797698975,31.9506407704216,10.857014478328,12.9268292448542,18.7574470982407,37.087205392343,0,0,0,59.7587604522705,0,50.3268804931641,0,41.3838284810384,0,42.7042991638184,0,114.777572631836,16.6626520087958,0,0,0,0,0,0,0,0,109.334981282552,51.5207130030582,0,5.74744696556991,0,6.54599120037183,110.367095722872,0,109.9771484375,9.32519731872532,26.5253711466724,4.35419684941651,29.923540961931,106.604286193848,38.7562032091749
