0,0,0.016851794018798,0,0.00492461267357795,0,0,0,0.0665267881907945,0,0,0,0,0,0,0,0,0,0.000679295970265103,0,0,0,0,0,0,0,0,0,0,0,0,0,0,0,0,0,9.93116037739422e-06,0,0,0,0.000110709923027209,0,0.000643684619240568,0,0,0,0,0,0.0164362582998088,0,0,0,0,0,0.0171928354439358,0,0,0,0,0,0.0135207494758922,0,0,0,0,0,0,0,0,0,0,0,0,0,0,0,0,0,0,0.00012089948339628,0,0,0.00028429567786123,0,0.00394359415006982,0,0
0,0,0,0.0351793282533378,0,0,0,0,0,0.0362650200671546,0,0,0,0,0,0,0,0,6.10517535829983e-05,0,0,0,0,0,0,0,0,0,0,0,0,0,0,0,0,7.69148376252389e-06,0,0,0,0,0,0.00688812158935919,0,0,0,0,0,0,0,0.019128935652692,0,0,0,0,0,0.053748805398114,0,2.18344401619833e-05,0,0,0,0.00374546037830116,0,0,0,0,0,0,0,0,0,0,0,0,0,0,0,0,2.21109918840694e-05,0,2.20396050101189e-06,0,0.000623192347410442,0,0.00724105818908071,3.10068192645218e-05,0
0.016851794018798,0,0,0,0.0307138983031184,0,0,0,0.00687236453695451,0,3.97401494339341e-05,0,0,0,0,0,0,0,6.36137188111808e-05,0,0.000561834862082921,0,0,0,0,0,0,0,0,0,0,0,0,0,0,1.44224956312025e-06,9.16636808144571e-06,0,2.62409793777859e-06,0,0.00145614392368433,0,0.00449457026927966,0,0,0,0.000731832502739576,0.00046874464292428,0.00371138129097977,0,0.0244556413827752,0,0,0,0.0876683732140043,0,0.00452897828394268,0,0.000389003325696903,0,0.000849902768265188,0,0,0.000503603318389027,0,0,0,0,0,0,0,0,0,0.00759290177362325,0,0,0,0,0,9.72124140039713e-05,0,0.00015983383428847,0.000323928210782477,0.000213022473513677,0.00863147591906638,0,0.000618314372470872
0,0.0351793282533378,0,0,0,0.0108912020569345,0,0,0,0.0212381396498461,0,0,0,0,0,0.00010375087864466,0,0,0.000288943809314977,0,0,0,0,3.22937181514466e-05,0,0,0,0,0,0,0,0,0,0,0,1.22118909124579e-05,0,6.25005617029498e-06,0,0.000796133055900665,0,0.00714301509264618,0,0,0,0.000474845952356712,0,1.36155439194835e-05,0,0.02424042739392,0,0.0146479210112563,0,0,0,0.0293285763062303,0,0.00182882078410792,0,8.65158375223387e-05,0,0.00200277736269703,0.000325610112832947,0,0,0,0,0,0,0,0.000139222750680171,0,0.00249065582435185,0,0,0,0,0,8.00543846297921e-05,1.99773835261068e-05,4.36913382173993e-06,0,0.000234144738244794,1.55020886432916e-06,0.00783741154499306,0.000174529963297639,0
0.00492461267357795,0,0.0307138983031184,0,0,0,0,0,0.022934891998608,0,0,0,0,0,0.000756208579393558,0,0,0,0,0,0.000837767455795245,0,0,0,0,0,0,0,0,0,0,0,0,0,0,0,1.56151474449537e-06,0,0,0,0.000120017065480197,0,0.0025087445714701,0,0,0,0.000395920019568053,0,0.000299875792709257,0,0.0730609230087697,0,0,0,0.0109039887901955,0,0.000258494280237663,0,0,0,0.00327408047652869,0,0,0.000376216304558428,0,0,0,0,0,0,0,0,0,0.00119101843593404,0,0,0,0,0,4.73043255668318e-05,0,8.91431058555078e-05,0.000434861508364185,4.78368223546561e-06,0.0031096317549959,0,0.000182734362769792
0,0,0,0.0108912020569345,0,0,0,0,0,0.00188331845735782,0,0,0,0,0,0.0202532028034894,0,0,1.65505120319966e-05,0,0,0,0,0,0,0,0,0,0,0,0,0,0,0,0,0.000213014362040734,0,0,0,0.000914736638442774,1.60356588378902e-05,0.00116595804759767,0,0,0,3.72060000107619e-05,0,0,0,0.000650564991938806,0,0.0219571698793382,0,0.00377555979032759,0,0,0,0.00147558616798316,0,0.000511727710682535,0,0.00997130076312264,0.000110588166347101,0,0,0,0,0,0,0,5.17207635768152e-05,0,0.000302167914669624,0,0,0,0,0,8.27077913772943e-05,0,1.50969274035487e-05,0,0.000715618365599738,7.64065573085015e-07,0.00356053098536611,0.000118822782887965,0
0,0,0,0,0,0,0,0,0,0,3.79751791203132e-05,0,7.64964643167332e-05,0,0,0,0,0,0,0,0,0,0,0,0,0,0,0,0,0,0,0,0,0,0,0,0,0,0,0,0,0,0,0,0,0,0,0,0,0,0,0,0.00907660276736679,0,0,0,0.00594858661415387,0,0,0,0,0,0,0,0,0,0,0,0,0,0,0,0,0,0,0,0,0,0,0,0,0,5.89196301974809e-05,0.000373652493180692,0,0,0
0,0,0,0,0,0,0,0,0,0,0,6.55587209621444e-05,0,0,0,0,0,0,0,0,0,0,0,0,0,0,0,0,0,0,0,0,0,0,0,0,0,0,0,0,0,0,0,0,0,0,0,0,0,0,0,0,0,0,0,0,0,0.000162460898144312,0,0,0,0,0,0,0,0,0,0,0,0,0,0,0,0,0,0,0,0,0,0,0,0,0,0,0,0,0
0.0665267881907945,0,0.00687236453695451,0,0.022934891998608,0,0,0,0,0,0,0,0,0,0.00356580336573439,0,0.00549574472328104,0.000210128767396584,0.000156715364175153,0,0,0,0,0,0.000987141033645972,0,0.00146184583842852,0,0,0,0,0,0,0,0,0,0,0,5.36721913843062e-05,0,0,0,0.000526097011259127,0,0,0,0,0,0.00389579164895601,0,0.000194604380467436,0,0,0,0.0474552282542266,0,0.000251946603417628,0,0,0,0.000377619755454361,0,0,0,0,0,0,0.000289785699049785,0,0.000653760620692629,0,0,0,0,0,0,0,0,0,0,0,4.79649453629795e-06,0.0017171580979339,8.93567317869446e-07,0.00431582719007258,0,0.00152559645275703
0,0.0362650200671546,0,0.0212381396498461,0,0.00188331845735782,0,0,0,0,0,0,0,0,0,0.0213630971948964,0,7.58069016458449e-05,0.000254618267693121,0,0,0,0,0.0046030104884582,0,0,0,0,0,0,0,0,0,0,0,9.80746404113372e-06,0,0.000262091102609745,0,2.29557741729123e-05,0,0.00103094027443875,0,0,0,0.000359029154690356,1.1628291746275e-05,0,0,0.00112440392248712,0,0.000594469567898034,0,0,0,0.066097050447886,0,0.00103861381579624,0,0.000473295898832611,0,0.0107395436393065,0,0,0,0,0.000152289927191632,0,0.000391045039736977,0,0,0,0.000646276841067173,0,0,0,0,0,1.26115528177351e-05,6.94346369666129e-06,0.00028770179561195,0,0.00132946741451517,0,0.00323307665081221,0,0
0,0,3.97401494339341e-05,0,0,0,3.79751791203132e-05,0,0,0,0,0,6.81864714696316e-05,0,0,0,0,0,0,0,0.025393431315475,0,0,0,0,0,0,0,0,0,0,0,0,0,0,0,0.0034780063042251,0,0.010298534874224,0,0,0,0,0,0,0,4.04323367645876e-05,0,0,0,0,0,0.00172297487675525,0,0,0,0.0539683238873991,0,0.00102596585402393,0,0,0,0,0.0152476304074126,0,0,0,0,0,0,0,0,0,0.000531274173652937,0,0,0,0,0,0.00105000616921729,0,0.00203960854583823,0.000395293496281884,0,8.89707543888019e-06,0,5.07934928123204e-05
0,0,0,0,0,0,0,6.55587209621444e-05,0,0,0,0,0,0.000612012834706756,0,0,0,0,0,0.0215042849693328,0,0,0,0,0,0,0,0,0,0.00395512347553021,0,0,0,0,0,0.00122099118820946,0,0.0011761530171053,0,0,0,0,0,0,0,0,0,0,0,0,0,0,0,0.00121496473323988,0,0,0,0.066027874581343,0,0.0158902594174285,0,0,0.00720893160064145,0,0,0,0,0,0,0,0,0,0.00361806454971342,0,0,0,0,0,0,0,0.000962299325430105,0,4.5375771290232e-05,0,0,0,0
0,0,0,0,0,0,7.64964643167332e-05,0,0,0,6.81864714696316e-05,0,0,0,0.00416504528288261,0,0,0,0,0,0,0,0,0,0,0,0,0,0,0,0,0,0,0,0,0,0,0,0,0,0,0,0,0,0,0,0,0,0,0,0,0,0,0,0,0,0.000470313470524562,0,0.0105575446620041,0,0.000333676436607661,0,0,0,0,0,0,0,0,0,0,0,0,0,0,0,0,0,0,0,0,0,4.24971218691009e-05,0,0,0,0
0,0,0,0,0,0,0,0,0,0,0,0.000612012834706756,0,0,0,0.00536703716062309,0,0,0,0,0,0,0,0,0,0,0,0,0,0,0,0,0,0,0,0,0,0,0,0,0,0,0,0,0,0,0,0,0,0,0,0,0,0,0,0,0,0,0,0.00345956203426038,0,0.00439783290122908,0,0,0,0,0,0,0,0,0,0,0,0,0,0,0,0,0,0,0,0,3.29126555698167e-06,0,0,0,0
0,0,0,0,0.000756208579393558,0,0,0,0.00356580336573439,0,0,0,0.00416504528288261,0,0,0,0.00218283818531475,0,0,0,0,0,0,0,0,0,0.0129770907688987,0,0.00039880933304448,0,0,0,0,0,0,0,0,0,0,0,0,0,0,0,0,0,0,0,0,0,0.00153343503075717,0,0,0,0.00328998863493138,0,0,0,0.00112632687887267,0,0.00379400153589073,0,0,0,0,0,0,0,0,0,0,0,0,0,0,0,0,0,0,0,0,0,0,0,0,0,0
0,0,0,0.00010375087864466,0,0.0202532028034894,0,0,0,0.0213630971948964,0,0,0,0.00536703716062309,0,0,0,5.51148927594384e-05,0,0,0,0,0,0,0,0,0,0,0,0,0,0,0,0,0,0,0,0,0,0,0,0,0,0,0,0,0,0,0,0,0,0.00179754492475725,0,0,0,0.00832997997575372,0,0.000528762420361533,0,0.00142970588015585,0,0.0160644979844085,0,0,0,0,0,0,0,0,0,0,0,0,0,0,0,0,0,0,0,0,6.268674290415e-05,0,2.95686167570463e-05,0,0
0,0,0,0,0,0,0,0,0.00549574472328104,0,0,0,0,0,0.00218283818531475,0,0,0.120814745306484,0.0720244600021719,0,0,1.70298070871317e-05,0.00118343470824218,0.000797311771537503,0.0019496806705479,0,0.0242692724677048,0,0.000279979552609582,0,0,0,0,0,0,2.20757886846023e-05,1.6184920687057e-05,0,9.4593693850005e-07,0.000126009942281663,0.000297670626281714,0.000157676941486972,0.00015261353447428,0,5.15719285360959e-06,0.000421403675149787,0.000140184335678408,0,0,0,0,0,0,0,4.71946361862481e-05,0,4.91255153827462e-06,0,0,0,0,0,0.00021025986062542,0.000240710799413846,0,0,0,0.000211829839250448,0,0.00227120430760061,2.81325699745343e-05,0,3.21217010625341e-05,7.28643436401298e-06,0,0,0,0,0.000645677838381768,0.000294239075515837,0.000143870693750221,3.97601210014109e-05,0.0157493725296911,0.00230991278099764,0.000565455334692743,0.00015328810081895,0.000118274168404845
0,0,0,0,0,0,0,0,0.000210128767396584,7.58069016458449e-05,0,0,0,0,0,5.51148927594384e-05,0.120814745306484,0,0.0507325389643041,0,0,0.000942043186005246,0,0.0176228757234325,8.54609643645967e-05,0.00937070762411818,0,0,0,0,0,0,0,0,0,2.02621072307885e-06,5.2007228719724e-06,0,0,8.05024391539843e-05,1.6849050635504e-05,8.4200054695918e-05,3.15116663006387e-05,5.77854111244395e-05,0,0.000185409577688896,1.90031434718879e-05,0,0,0,0,0,0,0,0,0,0,0,0,0,0,0,4.36987986921705e-05,9.39146140499234e-05,0.000217899874878746,0,0.00113080789644144,6.68077775573526e-05,9.90398999789824e-06,0,0,0,2.29019162126486e-05,4.12409522652265e-06,0,0,0,0,0.000175598778646756,0.000159703703628359,3.76449172967167e-05,0,0.0250984427850756,0.00548128712900765,0.000200137510629421,6.71166538929299e-06,2.96342220599387e-05
0.000679295970265103,6.10517535829983e-05,6.36137188111808e-05,0.000288943809314977,0,1.65505120319966e-05,0,0,0.000156715364175153,0.000254618267693121,0,0,0,0,0,0,0.0720244600021719,0.0507325389643041,0,0,0,0,0,0.000487613352722899,3.04482552792723e-05,0.000186620980713551,0,0,0,0,0,0,0,0,0,0.000422058043530844,0.000556155456579466,9.37309700398502e-05,5.08734588171853e-05,0.00479292262807182,0.0196133328749424,0.0143585585277807,0.0138881158088859,0.00179295448256992,0.0020501326530915,0.0159085693365809,0.0056107702171938,4.87829874059112e-05,9.6352717881319e-05,0.000448424021511426,0,6.28711350545309e-05,0,0,0,6.81796002263806e-05,0.000587618875918468,0.000359894633114239,0,4.16338395554218e-05,0,0,0.00680383255448453,0.0082400250303684,0,0,0,0,0,0,7.68866208395559e-05,0,0.00676517832797117,0.0028153716177708,0,0,0,0,0.0114174402347748,0.0134989094759096,0.00511246065731915,0.00192297949493023,0.00997812344832352,1.62585611763584e-05,0.0290438853111519,0.0109192246078345,0.00537866578950461
0,0,0,0,0,0,0,0,0,0,0,0.0215042849693328,0,0,0,0,0,0,0,0,0,0,0,0,0,0,0,0,0,0,0,0,0,0,0,0.00629859713319498,0,8.55972390864808e-05,0,3.0933342810119e-05,0,0,0,0,0,0,0,0,0,0,0,0,0,0,0,0,0,0.00650418369995201,0,0,0,0,0.0231159795004309,0,0,0,0,0,0,0,0,0,0,0,0,0,0,0,0.000630859571148255,0,5.52317939585571e-06,0,0.0002639803223395,0,0.000714565357057676,0,0
0,0,0.000561834862082921,0,0.000837767455795245,0,0,0,0,0,0.025393431315475,0,0,0,0,0,0,0,0,0,0,0,0,0,0,0,0,0,0,0,0,0,0,0,0,0,0.0115953170835703,0,0.00198776952413402,0,0,0,6.78213009463154e-05,0,0,0,6.47683584183885e-05,0,0,0,0.000119604786306381,0,0,0,0,0,0.00157374170182473,0,0,0,0,0,0,0.0666279647788751,0,0,0,0,0,0,0,0,0,5.48986557838069e-05,0,0,0,0,0,0.00308539059517033,0,0.000682064532373637,0.000243253256775224,0,0.00108999773963724,0,0
0,0,0,0,0,0,0,0,0,0,0,0,0,0,0,0,1.70298070871317e-05,0.000942043186005246,0,0,0,0,0.00175132605522725,0.00345603786726923,0,5.15015547048808e-05,0,1.18511568033034e-05,0,0,0,0,0,0,0,0,0,0.00681250809858778,0,5.23882739087262e-06,0,0,0,0,0,6.27070792255787e-06,0,0,0,0.00602331195493097,0,0,0,0,0,0,0,3.39921515457932e-05,0,3.86597558075996e-05,0,2.17587290712344e-05,1.21755602284575e-05,0,0.0628977677012988,0,0.000907740395588701,0,0.00080312049273582,0,0.0048255101183844,0,0,0,0,0,0,0,0,0,0.00318193320763867,0,0.00215583578768658,0.00169234647572629,2.48812418879202e-05,0,0
0,0,0,0,0,0,0,0,0,0,0,0,0,0,0,0,0.00118343470824218,0,0,0,0,0.00175132605522725,0,0,0.00606054603896522,0,0.000522105314091914,0,0.000377616225285178,0,0,0,0,0,0,0,0,1.7774475483593e-05,0.00666374863290044,0,0,0,0,0,0,0,0,0,0.00117649715796392,0,0,0,0,0,0,0,0,0,0,0,0,0,0,0,0,0.0978634728276198,0,0.0018881771194899,0,8.35020456413909e-05,0,6.26261612726407e-05,0,0,0,0,0,0,0,0,0,0.000892148301297928,0.00201761575318322,0.000353292524064758,2.99181597165391e-05,0,0
0,0,0,3.22937181514466e-05,0,0,0,0,0,0.0046030104884582,0,0,0,0,0,0,0.000797311771537503,0.0176228757234325,0.000487613352722899,0,0,0.00345603786726923,0,0,0,0.0359252139019921,0,0,0,0,0,0,0,0,0,0,0,0.00345236723918884,0,5.38991201839978e-05,0,1.19372689317075e-05,0,0,0,0,0,0,0,0.00623034771334242,0,0,0,0,0,0.0321954025691236,0,5.64080450404152e-05,0,1.92295874966407e-05,0,0.00239548751749693,3.45702883154317e-05,0,0.000956799995462426,0,0.0721060660497162,0,0.0184538356620299,0,0.00942989184094311,0,0,0,0,0,0,0,0,0,0.0010247984116857,0,0.00122698416431118,2.22901561610785e-06,0.000193251480521594,0,0
0,0,0,0,0,0,0,0,0.000987141033645972,0,0,0,0,0,0,0,0.0019496806705479,8.54609643645967e-05,3.04482552792723e-05,0,0,0,0.00606054603896522,0,0,0,0.0150184713446467,0,0,0,0,0,0,0,0,0,0,0,0.00187963955562757,0,0,0,9.97266052488112e-05,0,0,0,0,0,0.00938879633177241,0,0,0,0,0,0.000177254024280448,0,0,0,0,0,0,0,0,0,0,0.00161595877626199,0,0.130020569803594,0,0.0230267777495449,0,0,0,0,0,0,0,0,0,0,0,0.00103891113666467,0.00118706446330054,0,0.00209349045775906,0,0
0,0,0,0,0,0,0,0,0,0,0,0,0,0,0,0,0,0.00937070762411818,0.000186620980713551,0,0,5.15015547048808e-05,0,0.0359252139019921,0,0,0,0,0,0,0,0,0,0,0,0,0,0,0,0,0,0,0,0,0,0,0,0,0,0,0,0,0,0,0,0.000952354602578297,0,0,0,0,0,0.00160773451572673,0,0,0.00020396583050431,0,0.0648385386188153,0,0.00308448467574095,0,0,0,0,0,0,0,0,0,0,0,0,0,0.000358780123082998,0,0,0,0
0,0,0,0,0,0,0,0,0.00146184583842852,0,0,0,0,0,0.0129770907688987,0,0.0242692724677048,0,0,0,0,0,0.000522105314091914,0,0.0150184713446467,0,0,0,0.00417186125170838,0,0,0,0,0,0,0,0,0,0,0,0,0,0,0,0,0,0,0,0,0,0,0,0,0,0,0,0,0,0,0,0,0,0,0,0,5.9361176933261e-05,0,0.00604816710788828,0,0.0400185393720228,0,0.00151419994521175,0,0,0,0,0,0,0,0,0,0,0.00113512339484684,0,0,0,0
0,0,0,0,0,0,0,0,0,0,0,0,0,0,0,0,0,0,0,0,0,1.18511568033034e-05,0,0,0,0,0,0,0,0.000104586099041626,0,0,0,0,0,0,0,7.48275081278082e-06,0,0,0,0,0,0,0,0,0,0,0,0,0,0,0,0,0,0,0,0,0,0,0,0,0,0,0,0,0,0,0.000468963817804091,0,0.0139772183421186,0,0.000157278262558644,0,0,0,0,0,0,0,3.24922425385889e-05,0,1.06058439449462e-05,0,0,0,0
0,0,0,0,0,0,0,0,0,0,0,0,0,0,0.00039880933304448,0,0.000279979552609582,0,0,0,0,0,0.000377616225285178,0,0,0,0.00417186125170838,0,0,0,0.00199191633945872,0,0,0,0,0,0,0,3.57343660589387e-05,0,0,0,0,0,0,0,0,0,0.000309609096388857,0,0,0,0,0,0,0,0,0,0,0,0,0,0,0,0,0.000536719155436134,0,0,0,0.00548202123261893,0,0.0033837667510044,0,0.000361662154087044,0,0,0,0,0,0,0,9.42876643897207e-05,0.000134089167737478,5.57322020889309e-05,2.75876750502549e-05,0,0
0,0,0,0,0,0,0,0,0,0,0,0.00395512347553021,0,0,0,0,0,0,0,0,0,0,0,0,0,0,0,0.000104586099041626,0,0,0,0,0,0,0,0,0,0.0010537494299392,0,0,0,0,0,0,0,0,0,0,0,0,0,0,0,0,0,0,0,0.0034930190945373,0,0,0,0,0,0,0,0,0,0,0,0,5.4978285334073e-05,0,0.0710766748371091,0,0,0,0,0,0,0,2.79634376783256e-05,0,0.000241886822167394,0,0,0,0
0,0,0,0,0,0,0,0,0,0,0,0,0,0,0,0,0,0,0,0,0,0,0,0,0,0,0,0,0.00199191633945872,0,0,0,0,0,0,0,0,0,0.000797540145554482,0,0,0,0,0,0,0,0,0,0,0,0,0,0,0,0,0,0,0,0,0,0,0,0,0,0,0,0,0,0,0,0,0.000862890120278459,0,0.0211383400882778,0,0,0,0,0,0,0,0.000103267295589382,7.11885744718501e-05,0,0,0,0
0,0,0,0,0,0,0,0,0,0,0,0,0,0,0,0,0,0,0,0,0,0,0,0,0,0,0,0,0,0,0,0,0.0533989676213719,0.00581374099981437,0.00620119031609519,0.00570111532397535,0,0,0,0.000873318891643629,0,0,0,0,0,0,0,0.0990407822170133,0,0.000412954823096716,0,0,0,0,0,0,0,0,0,0,0,0,0,0,0,0,0,0,0,0,0,0,0,0,0.152469055297862,0.0153838637221544,0.00366955586120956,0.000968987282206062,0.00172608896480269,0,0,0,0.000735515551415347,0,0.00191682748210888,0,0
0,0,0,0,0,0,0,0,0,0,0,0,0,0,0,0,0,0,0,0,0,0,0,0,0,0,0,0,0,0,0,0.0533989676213719,0,0.000253162426902265,0.00262147096725477,0.000140629006102776,0.00334465997282569,0,0,0.000128628565723168,0,0,0,0,0,0,0,0.114054260198774,0.000399359709824989,0.000338103226924417,0,0,0,0,0,0,0,0,0,0,0,0,0,0,0,0,0,0,0,0,0,0,0,0,0.0238554448827175,0.0388799779899963,0,0,3.31005413359681e-05,0.000626661922181025,0,0,0.00051689468230621,0,0.000205550007220507,0,0
0,0,0,0,0,0,0,0,0,0,0,0,0,0,0,0,0,0,0,0,0,0,0,0,0,0,0,0,0,0,0,0.00581374099981437,0.000253162426902265,0,0.0377798829968639,0.00491336656531777,0,0.00102996135900358,0,0.000134346358626955,0,0.00328640364549248,8.78401676889999e-05,0,0,0,0,0.0225763177662264,0,0,0,0,0,0,0,0,0,0,0,0,0,0,0,0,0,0,0,0,0,0,0,0,0,0,0.00479865327185041,0,0.127989860735734,0.028655350488152,0.00082780134229025,0,0.00150753440174815,0,0.000512806349537731,0.000189502697182319,0.00520592422015119,0,0
0,0,0,0,0,0,0,0,0,0,0,0,0,0,0,0,0,0,0,0,0,0,0,0,0,0,0,0,0,0,0,0.00620119031609519,0.00262147096725477,0.0377798829968639,0,0,0.00343650016412096,6.12702280782635e-05,0.00104061943815106,0,0,0,0,0,0,0,0,0.0148687909769375,0,0,0,0,0,0,0,0,0,0,0,0,0,0,0,0,0,0,0,0,0,0,0,0,0,0,0,0.00117110776289918,0.0344376016508521,0.126387798375605,0,0.00245205271487026,0.000928095948633338,0.00235887054124895,0.000643134929167977,0,3.5721668472878e-05,0,0
0,7.69148376252389e-06,1.44224956312025e-06,1.22118909124579e-05,0,0.000213014362040734,0,0,0,9.80746404113372e-06,0,0.00122099118820946,0,0,0,0,2.20757886846023e-05,2.02621072307885e-06,0.000422058043530844,0.00629859713319498,0,0,0,0,0,0,0,0,0,0,0,0.00570111532397535,0.000140629006102776,0.00491336656531777,0,0,0.00265335200764915,0.00707664031480738,3.20697836765243e-05,2.10960122698702e-05,7.91290608523384e-06,0.000233123664531336,2.42573338131599e-05,2.96499542343474e-06,0,0.000226489062090449,8.12807516460494e-06,0.000396413270537155,0,0,0,2.65803137656644e-05,0,0,0,0,3.16907610683323e-06,0.00149143359155718,0,5.55340469802881e-05,0,1.27288632021326e-05,0.00909899709360871,0,0,0,0,0,1.93887549672615e-06,0,5.39717173549467e-06,0,2.76762879359294e-05,0,0.00714608452476874,0.000101966516369196,0.00469786276377269,0,0.0393954739914713,0.00145346163686468,0.00231777439337895,2.64592753857145e-06,0.00252353323174147,0.00048549749912435,0.00150214163829347,0.000156563568946224,0
9.93116037739422e-06,0,9.16636808144571e-06,0,1.56151474449537e-06,0,0,0,0,0,0.0034780063042251,0,0,0,0,0,1.6184920687057e-05,5.2007228719724e-06,0.000556155456579466,0,0.0115953170835703,0,0,0,0,0,0,0,0,0,0,0,0.00334465997282569,0,0.00343650016412096,0.00265335200764915,0,0,0.0116434460752987,0,0.000262856632860892,0,0.000265450370611945,0,1.36594930458803e-05,3.33013029554945e-06,0.000312077011580227,0.000749813078896101,2.0495201842794e-05,0,0,0,0,0,0,0,7.37995902450206e-05,0,0,0,0,0,0,0.011651359344554,0,0,0,0,0,0,0,0,0,8.02438934330222e-06,0,0.00611381765630588,0,0.00619017773453447,0.00200768875886321,0.0660573517065062,0,0.00245587111628384,0.00550413818287997,0.00265375027640441,0.000550269534653559,0,1.09123802727795e-05
0,0,0,6.25005617029498e-06,0,0,0,0,0,0.000262091102609745,0,0.0011761530171053,0,0,0,0,0,0,9.37309700398502e-05,8.55972390864808e-05,0,0.00681250809858778,1.7774475483593e-05,0.00345236723918884,0,0,0,7.48275081278082e-06,0,0.0010537494299392,0,0,0,0.00102996135900358,6.12702280782635e-05,0.00707664031480738,0,0,0.000719580073106257,0,0,0.000121572689280401,4.7740056980361e-06,0,0,7.80271517388112e-05,1.86816102117941e-06,0.000545747938728857,0,0.00203664820754294,0,0,0,0,0,0.000391081642232797,0,0.00297443108808605,0,0,0,0,0.000625165855169776,0,0.00493179123916174,0,0.00252984549725904,0,0,0,0.000301069401997739,0,2.16243894408524e-05,0,0,0,0.00230101236840775,0,0.0114150925992523,0,0.0609197827906638,0.0018427261193333,0.00200971806297482,0.000716496229105466,0.000178204767109319,8.99138130992384e-05,6.90143001199283e-06
0,0,2.62409793777859e-06,0,0,0,0,0,5.36721913843062e-05,0,0.010298534874224,0,0,0,0,0,9.4593693850005e-07,0,5.08734588171853e-05,0,0.00198776952413402,0,0.00666374863290044,0,0.00187963955562757,0,0,0,3.57343660589387e-05,0,0.000797540145554482,0,0,0,0.00104061943815106,3.20697836765243e-05,0.0116434460752987,0.000719580073106257,0,0,1.99501590844645e-06,0,4.61536204502848e-05,0,6.82640951461995e-06,0,5.84104777530574e-05,0.000302142636378331,0.00481543235564197,0,0,0,0,0,5.60252269869334e-05,0,0.00341211133553808,0,0,0,0,0,0,0.000105773192948065,0,0.00548207749985472,0,0.000814276144153524,0,0,0,0.000143572555786455,0,0.000297737536348696,0,0,0,0.00207985857901162,4.37452387374209e-05,0.00866986644283673,9.09205678428647e-05,0.0763676996827673,0.00319738889738967,0.00013451694238182,0.00353563821297086,0,0
0,0,0,0.000796133055900665,0,0.000914736638442774,0,0,0,2.29557741729123e-05,0,0,0,0,0,0,0.000126009942281663,8.05024391539843e-05,0.00479292262807182,3.0933342810119e-05,0,5.23882739087262e-06,0,5.38991201839978e-05,0,0,0,0,0,0,0,0.000873318891643629,0.000128628565723168,0.000134346358626955,0,2.10960122698702e-05,0,0,0,0,0,0.0294715279881494,4.45430427858826e-06,0.00119963091237236,0,0.00507048491905338,0,0.0872379228542634,0.000494312161845475,0.0680650438372597,0,5.8641675162768e-05,0,0,0,0.000108232888886565,0,0.000453514351242516,0,0.000136280799018182,0,7.12722082930688e-05,0.00615655974224652,0,0,0,0,0,1.28147137846586e-05,0,0.00028090411322267,0,0.00190731212658617,0,0.00162294792673157,0.000199326451869406,0,0,0.00644578129449654,1.50951750149086e-05,0.00104702645365555,0,0.000236262647437699,0,0.0406259367995248,0.00556764160612967,7.49383300827577e-05
0.000110709923027209,0,0.00145614392368433,0,0.000120017065480197,1.60356588378902e-05,0,0,0,0,0,0,0,0,0,0,0.000297670626281714,1.6849050635504e-05,0.0196133328749424,0,0,0,0,0,0,0,0,0,0,0,0,0,0,0,0,7.91290608523384e-06,0.000262856632860892,0,1.99501590844645e-06,0,0,0.000322587227785633,0.0501545561219912,0,0.00447379866340103,0.000533103894327251,0.0117381071581623,0.00337193946551047,0.0227285000821405,2.45830514367293e-05,0,0,0,0,0.000649401532470002,0,0.000484271393725614,0,0,0,0,0,2.79360905442113e-05,0.0111782916684627,0,0,0,0,0,0,0,0,0.000107091705782585,0.00111050170334976,0,0,0,0,0.000144070675567559,0.00602755733333872,4.86390526919971e-05,0.000286681641608385,0.000552969875609201,3.42822714054573e-05,0.0317916492232306,0.000503751467840764,0.0155198330395176
0,0.00688812158935919,0,0.00714301509264618,0,0.00116595804759767,0,0,0,0.00103094027443875,0,0,0,0,0,0,0.000157676941486972,8.4200054695918e-05,0.0143585585277807,0,0,0,0,1.19372689317075e-05,0,0,0,0,0,0,0,0,0,0.00328640364549248,0,0.000233123664531336,0,0.000121572689280401,0,0.0294715279881494,0.000322587227785633,0,0.0118834029930631,0.00204989378937269,8.5913588722472e-06,0.0115814906560193,0.000127624415341844,0.208757957622332,0.000522873547116075,0.0551487203017186,0,0.000278417004972123,0,0,0,0.00146795252728215,0,0.00703563427214252,0,0.00101494143979115,0,0.00105314936240016,0.0132965084678356,0.000116380331485339,5.49364837981877e-06,0,0.000108863967247285,0,0.000185859247539211,0,0.00629843125544044,0,0.0631466261633595,0,0,0,0.000914500346837229,0,0.0113933559516314,0.000131161867348623,0.00358160605849281,3.57377325340132e-06,0.00594241117834353,7.10568780664886e-05,0.0741653876067091,0.0371648047523291,3.27642202936421e-05
0.000643684619240568,0,0.00449457026927966,0,0.0025087445714701,0,0,0,0.000526097011259127,0,0,0,0,0,0,0,0.00015261353447428,3.15116663006387e-05,0.0138881158088859,0,6.78213009463154e-05,0,0,0,9.97266052488112e-05,0,0,0,0,0,0,0,0,8.78401676889999e-05,0,2.42573338131599e-05,0.000265450370611945,4.7740056980361e-06,4.61536204502848e-05,4.45430427858826e-06,0.0501545561219912,0.0118834029930631,0,0,0.00360821596268248,0.000328173997563919,0.00832848925869575,0.0336580227743034,0.0166387852499138,9.70075227862757e-05,0.000445199860480743,0,0,0,0.000475932733129118,0,0.0194585184061011,0,0,0,0,0,7.09205640483504e-05,0.00665579107435145,0,0,0,7.40213107655011e-05,0,0,0,0.00046853458494018,0.000149965331964512,0.0363131645517277,0,0,0.000111969176278428,0,0.000216830927605499,0.0113821903986492,0.000106302623782088,0.00100393745365438,0.00744424705968879,0.000197247144551424,0.092261178950601,8.34297492508693e-05,0.0568824553328032
0,0,0,0,0,0,0,0,0,0,0,0,0,0,0,0,0,5.77854111244395e-05,0.00179295448256992,0,0,0,0,0,0,0,0,0,0,0,0,0,0,0,0,2.96499542343474e-06,0,0,0,0.00119963091237236,0,0.00204989378937269,0,0,0.000231533661273601,0.00188615133970571,0,2.98129756396799e-05,0,9.33789590860936e-05,0,0,0,0,0,0,0,8.14169385401167e-05,0,0,0,0,0.000755532352270598,9.80782090214891e-06,0,0,0,0,0,0,0,0,0.000252408504539489,0,0,0,0,0,0.000246274101195994,0,3.56143744663951e-05,7.58441579675839e-06,8.12028253180761e-05,0,0.00180645390597378,0.0014483648807555,0
0,0,0,0,0,0,0,0,0,0,0,0,0,0,0,0,5.15719285360959e-06,0,0.0020501326530915,0,0,0,0,0,0,0,0,0,0,0,0,0,0,0,0,0,1.36594930458803e-05,0,6.82640951461995e-06,0,0.00447379866340103,8.5913588722472e-06,0.00360821596268248,0.000231533661273601,0,5.13193577198188e-05,0.000864037590747035,0,2.99026991301323e-05,0,0,0,0,0,0,0,4.93750213485609e-05,0,0,0,0,0,1.56544109747151e-05,0.00100843758389378,0,0,0,0,0,0,0,0,0,0.000489421219506665,0,0,0,0,1.18835929934003e-05,0.000463402907045958,0,1.23145200590737e-05,6.77756052861177e-05,0,0.000994698464593019,0,0.00158130068384311
0,0,0,0.000474845952356712,0,3.72060000107619e-05,0,0,0,0.000359029154690356,0,0,0,0,0,0,0.000421403675149787,0.000185409577688896,0.0159085693365809,0,0,6.27070792255787e-06,0,0,0,0,0,0,0,0,0,0,0,0,0,0.000226489062090449,3.33013029554945e-06,7.80271517388112e-05,0,0.00507048491905338,0.000533103894327251,0.0115814906560193,0.000328173997563919,0.00188615133970571,5.13193577198188e-05,0,0.000623326237275623,5.11516036163125e-05,0,0.000899142793369797,0,0,0,0,0,5.08206938871132e-05,4.16567322158027e-05,0.000714412013357898,0,0.000118800078793796,0,1.00833407776779e-05,0.0167959140452906,0.000193649899240879,3.58825382045999e-06,0,0,0,0,0,0.000319669175074397,0,0.00561553638459252,0.000122721599994671,0,0,0,0,0.00829674638976103,0.000187979326944091,0.0105839131705,0,0.000552487394438028,5.50641296254335e-06,0.021243268318733,0.00144113398538318,9.40598250711092e-05
0,0,0.000731832502739576,0,0.000395920019568053,0,0,0,0,1.1628291746275e-05,4.04323367645876e-05,0,0,0,0,0,0.000140184335678408,1.90031434718879e-05,0.0056107702171938,0,6.47683584183885e-05,0,0,0,0,0,0,0,0,0,0,0,0,0,0,8.12807516460494e-06,0.000312077011580227,1.86816102117941e-06,5.84104777530574e-05,0,0.0117381071581623,0.000127624415341844,0.00832848925869575,0,0.000864037590747035,0.000623326237275623,0,9.91234930529486e-06,0.000948184826977293,0,4.44379748635862e-05,0,0,0,1.8958689258369e-05,0,0.00196608316638595,0,0,0,0,0,8.35822228517175e-05,0.0564347060460115,0,0,0,0,0,0,0,0,0.000123607925070057,0.00220033328994267,0,0,0,1.03497873244641e-05,2.38707381334125e-05,0.012967124941563,2.45357401888371e-05,0.00475211857007186,0.000256086943580214,1.36528260507733e-05,0.0152435326667496,0.000102516433909913,0.000255774600584513
0,0,0.00046874464292428,1.36155439194835e-05,0,0,0,0,0,0,0,0,0,0,0,0,0,0,4.87829874059112e-05,0,0,0,0,0,0,0,0,0,0,0,0,0.0990407822170133,0.114054260198774,0.0225763177662264,0.0148687909769375,0.000396413270537155,0.000749813078896101,0.000545747938728857,0.000302142636378331,0.0872379228542634,0.00337193946551047,0.208757957622332,0.0336580227743034,2.98129756396799e-05,0,5.11516036163125e-05,9.91234930529486e-06,0,0.0412421506584261,0.069258160701224,0,0,0,0,0,9.24507650515299e-05,0,0,0,0,0,0,0,0,0,0,0,0,0,0,0,0,0,0,0.0916946264901705,0.0964285578940062,0.0266085691020471,0.0106283966453859,0.00683237557793474,0.0114649968702194,4.68188521910274e-05,0.000138928415964069,0.0107033221563053,0.00146637946702489,0.0468068970285625,0,8.1926642762499e-05
0.0164362582998088,0,0.00371138129097977,0,0.000299875792709257,0,0,0,0.00389579164895601,0,0,0,0,0,0,0,0,0,9.6352717881319e-05,0,0,0,0.00117649715796392,0,0.00938879633177241,0,0,0,0.000309609096388857,0,0,0,0.000399359709824989,0,0,0,2.0495201842794e-05,0,0.00481543235564197,0.000494312161845475,0.0227285000821405,0.000522873547116075,0.0166387852499138,0,2.99026991301323e-05,0,0.000948184826977293,0.0412421506584261,0,0.0107128878596669,0,0,0,0,0.0123767042204939,0,0.00484331127416461,0,0.000450374547842861,0,0.0146264819053004,0,0,0.000333173586335365,0,0.00393392312573709,0,0.0143763735986718,0,0.00795420466768991,0,0.00436416451062221,0,0.00410401164104473,0,0.0016171782896574,0,0.00475382162250324,0,0.00438581846022113,0,0.00988069653016323,0.00062002685160035,9.72539153335232e-05,0.0550142066389155,0,0.00038847661759752
0,0.019128935652692,0,0.02424042739392,0,0.000650564991938806,0,0,0,0.00112440392248712,0,0,0,0,0,0,0,0,0.000448424021511426,0,0,0.00602331195493097,0,0.00623034771334242,0,0,0,0,0,0,0,0.000412954823096716,0.000338103226924417,0,0,0,0,0.00203664820754294,0,0.0680650438372597,2.45830514367293e-05,0.0551487203017186,9.70075227862757e-05,9.33789590860936e-05,0,0.000899142793369797,0,0.069258160701224,0.0107128878596669,0,0,0.000507543536418943,0,0,0,0.000397026547651225,0,0.00671135886720151,0,0.0038033453310832,0,0.0123447738472331,0.00102970693470664,0,0.000860477352875212,0,0.00282425024773892,0,0.00671388443283363,0,0.0241403473411594,0,0.0238197769518061,0,0.00079143990130856,0.00021591066398428,0,0,0.00379065731819813,0,0.0070767011338904,0,0.00042642273488623,0,0.0417127408899206,0.000583184367172758,0
0,0,0.0244556413827752,0,0.0730609230087697,0,0,0,0.000194604380467436,0,0,0,0,0,0.00153343503075717,0,0,0,0,0,0.000119604786306381,0,0,0,0,0,0,0,0,0,0,0,0,0,0,0,0,0,0,0,0,0,0.000445199860480743,0,0,0,4.44379748635862e-05,0,0,0,0,0,0.0118604173335997,0,7.41789660026206e-05,0,0.00775201433902424,0,0.000229361626311639,0,0.00050035550261382,0,0,0.00243807433009664,0,0,0,0,0,0,0,0,0,0.000218616151011393,0,0,0,0,0,2.16832797766294e-05,0,2.62163320829684e-05,0.000391660662596037,5.00346504850313e-06,0.0126484379591415,0,0
0,0,0,0.0146479210112563,0,0.0219571698793382,0,0,0,0.000594469567898034,0,0,0,0,0,0.00179754492475725,0,0,6.28711350545309e-05,0,0,0,0,0,0,0,0,0,0,0,0,0,0,0,0,2.65803137656644e-05,0,0,0,5.8641675162768e-05,0,0.000278417004972123,0,0,0,0,0,0,0,0.000507543536418943,0,0,0,0,0,0.00526835975191846,0,0.00552272314544486,0,0.000649598547211663,0,0.0203949776774927,4.29159636113965e-05,0,0,0,0,0,0,0,0,0,0,0,0,0,0,0,1.8269267672879e-05,0,0,0,0.000260289343895892,0,0.00139280063951446,0,0
0,0,0,0,0,0,0.00907660276736679,0,0,0,0.00172297487675525,0,0,0,0,0,0,0,0,0,0,0,0,0,0,0,0,0,0,0,0,0,0,0,0,0,0,0,0,0,0,0,0,0,0,0,0,0,0,0,0.0118604173335997,0,0,0,0,0,0.0114066133567496,0,0,0,0,0,0,6.91130211103032e-05,0,0,0,0,0,0,0,0,0,0,0,0,0,0,0,0,0,0,3.37263577421254e-06,0,0,0,0
0,0,0,0,0,0.00377555979032759,0,0,0,0,0,0.00121496473323988,0,0,0,0,0,0,0,0,0,0,0,0,0,0,0,0,0,0,0,0,0,0,0,0,0,0,0,0,0,0,0,0,0,0,0,0,0,0,0,0,0,0,0,0,0,0.00840162348903883,0,0,0,0,0,0,0,0,0,0,0,0,0,0,0,0,0,0,0,0,0,0,0,0,3.60705454982935e-05,0,0,0,0
0.0171928354439358,0,0.0876683732140043,0,0.0109039887901955,0,0,0,0.0474552282542266,0,0,0,0,0,0.00328998863493138,0,4.71946361862481e-05,0,0,0,0,0,0,0,0.000177254024280448,0,0,0,0,0,0,0,0,0,0,0,0,0,5.60252269869334e-05,0,0.000649401532470002,0,0.000475932733129118,0,0,0,1.8958689258369e-05,0,0.0123767042204939,0,7.41789660026206e-05,0,0,0,0,0,0.000330156471420346,0,6.25107643643935e-05,0,0.01352794072587,0,0,1.26171786435922e-05,0,0,0,0.0152974324107702,0,0.00513121418226237,0,0,0,0.000109020773511682,0,0,0,0,0,2.47774608887089e-05,0,0.0018276676774023,0.00010122318414452,8.41119259325371e-07,0.00291194450269169,0,0.000562999440946024
0,0.053748805398114,0,0.0293285763062303,0,0,0,0,0,0.066097050447886,0,0,0,0,0,0.00832997997575372,0,0,6.81796002263806e-05,0,0,0,0,0.0321954025691236,0,0.000952354602578297,0,0,0,0,0,0,0,0,0,0,0,0.000391081642232797,0,0.000108232888886565,0,0.00146795252728215,0,0,0,5.08206938871132e-05,0,9.24507650515299e-05,0,0.000397026547651225,0,0.00526835975191846,0,0,0,0,0,0.000285303859129914,0,0,0,0.109933049845806,1.69729175372516e-05,0,0,0,0.0255885314269371,0,0,0,0,0,0,0,0,0,0,0,5.68183317982369e-06,0,0.0014582663227185,0,0.00012597725098967,6.55970823769533e-07,0.00472335274135895,0,0
0,0,0.00452897828394268,0,0.000258494280237663,0,0.00594858661415387,0,0.000251946603417628,0,0.0539683238873991,0,0.000470313470524562,0,0,0,4.91255153827462e-06,0,0.000587618875918468,0,0.00157374170182473,0,0,0,0,0,0,0,0,0,0,0,0,0,0,3.16907610683323e-06,7.37995902450206e-05,0,0.00341211133553808,0,0.000484271393725614,0,0.0194585184061011,0,4.93750213485609e-05,4.16567322158027e-05,0.00196608316638595,0,0.00484331127416461,0,0.00775201433902424,0,0.0114066133567496,0,0.000330156471420346,0,0,0,0.0129765648608113,0,0.00422477345594912,0,1.04903545925957e-05,0.0277932801885435,0,0,0,0,0,0,0,0.000932159294167871,0,0.0233525672832107,0,0,0,0,1.93147350133374e-05,0.000146048692344476,0,0.000215629736851982,0.000393158716170673,2.38865979425493e-05,0.0290700705141644,0,0.00403203974067752
0,2.18344401619833e-05,0,0.00182882078410792,0,0.00147558616798316,0,0.000162460898144312,0,0.00103861381579624,0,0.066027874581343,0,0,0,0.000528762420361533,0,0,0.000359894633114239,0.00650418369995201,0,3.39921515457932e-05,0,5.64080450404152e-05,0,0,0,0,0,0.0034930190945373,0,0,0,0,0,0.00149143359155718,0,0.00297443108808605,0,0.000453514351242516,0,0.00703563427214252,0,8.14169385401167e-05,0,0.000714412013357898,0,0,0,0.00671135886720151,0,0.00552272314544486,0,0.00840162348903883,0,0.000285303859129914,0,0,0,0.0167983982481048,0,0.00464983308738142,0.0203571361670245,0,5.59170063012925e-05,0,6.46901626354525e-05,0,0.000815053412430062,0,0.0105931034270288,0,0.0215646951003771,0,0,0,0,0,0.000294352668918961,0,0.000377654772389029,0,0.000335860644927417,6.75957792290665e-07,0.00791356041317986,0.000601884498244872,0
0,0,0.000389003325696903,0,0,0,0,0,0,0,0.00102596585402393,0,0.0105575446620041,0,0.00112632687887267,0,0,0,0,0,0,0,0,0,0,0,0,0,0,0,0,0,0,0,0,0,0,0,0,0,0,0,0,0,0,0,0,0,0.000450374547842861,0,0.000229361626311639,0,0,0,6.25107643643935e-05,0,0.0129765648608113,0,0,0,0.0142702620318792,0,0,0,0,0,0,0,0,0.000198382644239056,0,0.00020970428093751,0,0,0,0,0,0,0,0,0,0,0.000154585539690953,0,0.000234622838176753,0,0
0,0,0,8.65158375223387e-05,0,0.000511727710682535,0,0,0,0.000473295898832611,0,0.0158902594174285,0,0.00345956203426038,0,0.00142970588015585,0,0,4.16338395554218e-05,0,0,3.86597558075996e-05,0,1.92295874966407e-05,0,0,0,0,0,0,0,0,0,0,0,5.55340469802881e-05,0,0,0,0.000136280799018182,0,0.00101494143979115,0,0,0,0.000118800078793796,0,0,0,0.0038033453310832,0,0.000649598547211663,0,0,0,0,0,0.0167983982481048,0,0,0,0.0157450993846951,0.00208064574122919,0,4.68277893240552e-05,0,0.000168822243825673,0,0.00338319866870096,0,0.00286494200846725,0,0.00034495793452748,0,0,0,0,0,2.19722318009492e-05,0,8.88305048513626e-06,0,1.1560674976771e-05,0,0.00140273116262331,1.84659030680598e-05,0
0.0135207494758922,0,0.000849902768265188,0,0.00327408047652869,0,0,0,0.000377619755454361,0,0,0,0.000333676436607661,0,0.00379400153589073,0,0,0,0,0,0,0,0,0,0,0,0,0,0,0,0,0,0,0,0,0,0,0,0,0,0,0,0,0,0,0,0,0,0.0146264819053004,0,0.00050035550261382,0,0,0,0.01352794072587,0,0.00422477345594912,0,0.0142702620318792,0,0,0,0,0,0,0,0,0,0,0.00199446833863065,0,0,0,0,0,0,0,0,0,0,0,0,1.40201234353435e-06,0,0,0,0
0,0.00374546037830116,0,0.00200277736269703,0,0.00997130076312264,0,0,0,0.0107395436393065,0,0,0,0.00439783290122908,0,0.0160644979844085,0,0,0,0,0,2.17587290712344e-05,0,0.00239548751749693,0,0.00160773451572673,0,0,0,0,0,0,0,0,0,1.27288632021326e-05,0,0,0,7.12722082930688e-05,0,0.00105314936240016,0,0,0,1.00833407776779e-05,0,0,0,0.0123447738472331,0,0.0203949776774927,0,0,0,0.109933049845806,0,0.00464983308738142,0,0.0157450993846951,0,0,0.000270385686760552,0,2.64965492494244e-05,0,0.00557985886768223,0,0.0109811289210747,0,0.000391679680413638,0,6.82168753487407e-05,0,0,0,0,0,4.43121414174302e-06,0,0,0,6.8170772357206e-05,0,0.00135492428626204,0,0
0,0,0,0.000325610112832947,0,0.000110588166347101,0,0,0,0,0,0.00720893160064145,0,0,0,0,0.00021025986062542,4.36987986921705e-05,0.00680383255448453,0.0231159795004309,0,1.21755602284575e-05,0,3.45702883154317e-05,0,0,0,0,0,0,0,0,0,0,0,0.00909899709360871,0,0.000625165855169776,0,0.00615655974224652,2.79360905442113e-05,0.0132965084678356,7.09205640483504e-05,0.000755532352270598,1.56544109747151e-05,0.0167959140452906,8.35822228517175e-05,0,0,0.00102970693470664,0,4.29159636113965e-05,0,0,0,1.69729175372516e-05,1.04903545925957e-05,0.0203571361670245,0,0.00208064574122919,0,0.000270385686760552,0,0.000109080293064229,8.59185376278482e-06,0,4.04856348006394e-05,0,0.000213904290796238,0,0.00390110541036495,0,0.0311289522217339,0,0,0,0,0,0.0122486679805985,6.73249393272383e-05,0.0130650877406094,0,0.000608532904561615,0,0.0147765091567458,0.000324922445045561,0
0,0,0.000503603318389027,0,0.000376216304558428,0,0,0,0,0,0.0152476304074126,0,0,0,0,0,0.000240710799413846,9.39146140499234e-05,0.0082400250303684,0,0.0666279647788751,0,0,0,0,0,0,0,0,0,0,0,0,0,0,0,0.011651359344554,0,0.000105773192948065,0,0.0111782916684627,0.000116380331485339,0.00665579107435145,9.80782090214891e-06,0.00100843758389378,0.000193649899240879,0.0564347060460115,0,0.000333173586335365,0,0.00243807433009664,0,6.91130211103032e-05,0,1.26171786435922e-05,0,0.0277932801885435,0,0,0,0,0,0.000109080293064229,0,0,0,0,0,0,0,0,0,1.15217502357517e-05,0.00686535686979049,0,0,0,0,7.84410548868291e-05,0.0148749326571089,4.35771008147523e-05,0.0068921698742118,0.00116650267500003,5.39907197773037e-06,0.0182586933278899,6.99507426744369e-05,0.000496878925453908
0,0,0,0,0,0,0,0,0,0,0,0,0,0,0,0,0,0.000217899874878746,0,0,0,0.0628977677012988,0,0.000956799995462426,0,0.00020396583050431,0,0,0,0,0,0,0,0,0,0,0,0.00493179123916174,0,0,0,5.49364837981877e-06,0,0,0,3.58825382045999e-06,0,0,0,0.000860477352875212,0,0,0,0,0,0,0,5.59170063012925e-05,0,4.68277893240552e-05,0,2.64965492494244e-05,8.59185376278482e-06,0,0,0,0.00339945871209087,0,0.0022987482296956,0,0.00260405230245648,0,0,0,0,0,0,0,7.92576053765631e-07,0,0.00346339936541185,0,0.000820273175800201,0.000174012090914521,1.77011512890591e-05,0,0
0,0,0,0,0,0,0,0,0,0,0,0,0,0,0,0,0,0,0,0,0,0,0.0978634728276198,0,0.00161595877626199,0,5.9361176933261e-05,0,0.000536719155436134,0,0,0,0,0,0,0,0,0,0.00548207749985472,0,0,0,0,0,0,0,0,0,0.00393392312573709,0,0,0,0,0,0,0,0,0,0,0,0,0,0,0,0,0,0,0.00138415861944623,0,0.00136062326053408,0,0.000316026549680825,0,0,0,0,0,0,0,0,0,0.00153096231024418,0.000531295868130922,0.000108143972852924,1.95966855246024e-05,0,0
0,0,0,0,0,0,0,0,0,0.000152289927191632,0,0,0,0,0,0,0,0.00113080789644144,0,0,0,0.000907740395588701,0,0.0721060660497162,0,0.0648385386188153,0,0,0,0,0,0,0,0,0,0,0,0.00252984549725904,0,0,0,0.000108863967247285,0,0,0,0,0,0,0,0.00282425024773892,0,0,0,0,0,0.0255885314269371,0,6.46901626354525e-05,0,0.000168822243825673,0,0.00557985886768223,4.04856348006394e-05,0,0.00339945871209087,0,0,0,0.0601952177898653,0,0.0119877353830732,0,3.78883261269733e-05,0,0,0,0,0,0,0,0.00535615836076626,0,0.00010816048485151,0,0.00427334613110299,0,0
0,0,0,0,0,0,0,0,0.000289785699049785,0,0,0,0,0,0,0,0.000211829839250448,6.68077775573526e-05,0,0,0,0,0.0018881771194899,0,0.130020569803594,0,0.00604816710788828,0,0,0,0,0,0,0,0,0,0,0,0.000814276144153524,0,0,0,7.40213107655011e-05,0,0,0,0,0,0.0143763735986718,0,0,0,0,0,0.0152974324107702,0,0,0,0,0,0,0,0,0,0,0.00138415861944623,0,0,0,0.0284640125809157,0,0.00023966404582014,0,0,0,0,0,0,0,0,0,0.0050673413939138,0.000233008614476749,0,0.00358337947074859,0,0
0,0,0,0,0,0,0,0,0,0.000391045039736977,0,0,0,0,0,0,0,9.90398999789824e-06,0,0,0,0.00080312049273582,0,0.0184538356620299,0,0.00308448467574095,0,0.000468963817804091,0,0,0,0,0,0,0,1.93887549672615e-06,0,0,0,1.28147137846586e-05,0,0.000185859247539211,0,0,0,0,0,0,0,0.00671388443283363,0,0,0,0,0,0,0,0.000815053412430062,0,0.00338319866870096,0,0.0109811289210747,0.000213904290796238,0,0.0022987482296956,0,0.0601952177898653,0,0,0,0.00684398350533814,0,0,0,0,0,0,0,0,0,0,0,3.73889344257339e-06,0,9.35721215945807e-05,0,0
