0,0,3.3756582736969,0,0,0,0,0,5.35745441760669,0,0,0,0,0,4.67591360056842,0,0,0,4.00322025713294,0,0,0,0,0,0,0,0,0,0,0,0,0,0,0,0,0,0,0,0,0,0,0,9.82985329627991,0,0,0,0,0,2.75044226646423,0,0,0,0,0,3.84580440662875,0,0,0,0,0,4.3884868433601,0,0,0,0,0,0,2.877734263738,0,0,0,0,0,0,0,0,0,0,0,0,0,0,5.42280967205338,17.1188102609971,5.22622872235482,0,8.84379634857178
0,0,0,4.01980067035867,0,0,0,0,0,4.79288483502572,0,0,0,0,0,3.28582062721252,0,0,6.16775496071632,0,0,0,0,0,0,0,0,0,0,0,0,49.0531215667725,0,41.8353569030762,0,66.8898239135742,0,0,0,54.6052592965059,0,15.7629702883013,0,71.6950912475586,0,69.9191284179688,0,47.6333920230036,0,30.0411808471577,0,0,0,0,0,4.19203948289498,0,0,0,0,0,3.39757665544748,0,0,0,0,0,0,0,0,0,0,22.6970094953265,0,0,0,0,0,62.6748376573835,0,26.4523677825928,0,6.65897769411675,0,10.2720024002025,9.18232352516868,0
3.3756582736969,0,0,0,0,0,0,0,0,0,0,0,0,0,0,0,0,0,0,0,0,0,0,0,0,0,0,0,0,0,0,0,0,0,0,0,0,0,0,0,0,0,0,0,0,0,0,0,0,0,0,0,0,0,0,0,0,0,0,0,0,0,0,0,0,0,0,0,0,0,0,0,0,0,0,0,0,0,0,0,0,0,0,0,3.20407476096318,0,0
0,4.01980067035867,0,0,0,0,0,0,0,0,0,0,0,0,0,0,72.1473426818848,0,38.7233941555023,0,0,0,0,0,0,0,0,0,0,0,0,0,0,42.3483481407166,0,8.98764105637868,0,0,0,32.8365394825838,0,54.4401856642503,0,20.5044298586638,0,10.0867258549685,0,43.4803354151109,0,29.9390010617527,0,0,0,0,0,0,0,68.5080923716227,0,0,0,0,43.1492807070414,0,0,0,0,0,0,0,0,0,33.9263809204102,0,0,0,44.3405542373657,0,49.0717697143555,0,49.6986902025011,0,11.238967795372,0,7.50782190972942,67.3429718017578,0
0,0,0,0,0,0,0,0,0,0,0,0,0,0,0,0,0,0,0,0,0,0,0,0,0,0,0,0,0,0,0,0,0,0,0,0,0,0,0,0,0,0,0,0,0,0,0,0,0,0,3.20263154166085,0,0,0,0,0,0,0,0,0,0,0,0,0,0,0,0,0,0,0,0,0,0,0,0,0,0,0,0,0,0,0,4.11764442920685,0,0,0,0
0,0,0,0,0,0,0,0,0,0,0,0,0,0,0,0,0,0,40.1471672058105,5.73230189543504,0,0,0,0,0,0,0,0,0,0,0,0,0,44.0415000915527,0,4.40248191356659,0,0,0,28.6139853341239,0,54.3765025138855,0,18.8923797607422,0,10.4888665022799,0,39.9227130889893,0,38.8730564117432,0,0,0,0,0,0,0,82.7142944335938,0,0,0,0,7.75782959851947,0,0,0,0,0,0,0,0,0,0,0,0,0,0,0,11.3787860870361,0,0,0,5.62546692954169,0,10.5201948824383,0,0
0,0,0,0,0,0,0,0,0,0,0,0,0,0,0,0,0,0,0,0,3.74549940567982,0,0,0,0,0,0,0,0,0,0,0,0,0,0,0,0,0,0,0,0,0,0,0,0,0,0,0,0,0,0,0,2.74025996526082,0,0,0,0,0,0,0,0,0,0,5.90959921579682,0,0,0,0,0,0,0,0,0,0,0,0,0,0,0,0,0,0,8.15721380710602,0,0,0,0
0,0,0,0,0,0,0,0,0,0,0,0,0,0,0,0,0,0,0,3.37931648633813,0,0,0,0,0,0,0,0,0,0,0,0,0,0,0,0,0,0,0,0,0,0,0,0,0,15.8803245544434,0,0,0,0,0,0,0,0,0,0,0,0,0,0,0,0,4.38590994347697,0,0,0,0,0,0,0,0,0,0,0,0,0,0,0,0,0,0,0,3.31722113490105,0,0,0,0
5.35745441760669,0,0,0,0,0,0,0,0,0,0,0,0,0,4.40357463690486,0,28.8762201437583,25.3450150841835,8.55651656863759,0,0,0,0,0,3.53226496113671,0,0,0,0,0,0,0,0,0,0,0,0,0,0,0,38.2732696533203,0,12.689464225769,0,9.31365132331848,0,0,0,9.13705837726593,0,0,0,0,0,3.70349118459741,0,29.7062759399414,0,0,0,4.5343651117063,0,0,0,0,0,0,3.15659276644389,0,0,0,0,0,31.7974300384521,0,0,0,0,39.9170150756836,0,0,37.4293060302734,7.52331429624838,16.4293358055028,11.2092438969043,0,16.2428855895996
0,4.79288483502572,0,0,0,0,0,0,0,0,0,0,0,0,0,0,0,7.25126362655122,5.38139908700376,0,0,0,0,0,0,2.74188685417175,0,0,0,0,0,0,0,0,0,0,0,5.79361239919123,0,0,0,5.89270716554978,0,0,0,0,0,0,0,8.3733856678009,0,0,0,0,0,3.74113341172536,0,0,0,0,0,0,0,0,0,0,0,0,0,0,0,0,0,0,0,0,0,0,0,0,9.15816974639893,0,5.51212944638117,3.70618364459179,5.33084938675165,0,0
0,0,0,0,0,0,0,0,0,0,0,0,2.84316964447498,0,0,0,0,0,0,0,2.89238757557339,0,0,0,0,0,0,0,3.85501905850002,0,3.4741136795137,0,0,0,0,0,0,0,3.28230894719035,0,0,0,0,0,0,0,0,0,0,0,0,0,0,0,0,0,3.10602609664564,0,2.88217798868815,0,0,0,0,4.10358762741089,0,0,0,0,0,0,0,0,0,4.1398024559021,0,0,0,0,0,0,0,4.80873910152692,3.28889600817974,0,0,0,0
0,0,0,0,0,0,0,0,0,0,0,0,0,3.73254285752773,0,0,0,0,0,3.96370230986685,0,0,0,0,0,0,0,3.04344210028648,0,3.95820664508002,0,0,0,0,0,3.27195620696549,0,3.12086338363116,0,0,0,0,0,0,0,0,0,0,0,0,0,0,0,0,0,0,0,6.891130763284,0,4.41015035227725,0,0,3.70879661274328,0,0,0,0,0,0,0,3.40199273282831,0,6.8965658006214,0,0,0,0,0,3.87964945291486,0,3.71559948161562,0,3.64226083225674,3.99142904306746,0,0,0
0,0,0,0,0,0,0,0,0,0,2.84316964447498,0,0,0,4.85719585418701,0,0,0,0,0,0,0,0,0,0,0,0,0,0,0,0,0,0,0,0,0,0,0,0,0,0,0,0,0,0,0,0,0,0,0,0,0,2.83731985092163,0,0,0,3.27584941665848,0,3.02581808447645,0,0,0,0,0,0,0,0,0,0,0,0,0,0,4.85682344436646,0,0,0,0,0,0,0,0,2.97811059604417,2.95990538597107,0,0,0
0,0,0,0,0,0,0,0,0,0,0,3.73254285752773,0,0,0,5.2593560218811,0,0,0,0,0,0,0,0,0,0,0,8.42081960042318,0,0,0,0,0,0,0,0,0,0,0,0,0,0,0,0,0,0,0,0,0,0,0,0,0,0,0,0,0,8.32324042627888,0,3.13609121404173,0,2.94280558313642,0,0,0,0,0,0,0,0,3.83344743496332,0,11.0269950230916,0,0,0,0,0,0,0,0,0,5.2004469921611,5.36361203424731,0,0,0
4.67591360056842,0,0,0,0,0,0,0,4.40357463690486,0,0,0,4.85719585418701,0,0,0,4.71315296490987,0,0,0,0,0,0,0,6.50387954711914,0,3.27246943742801,0,0,0,0,0,0,0,0,0,0,0,0,0,0,0,0,0,0,0,0,0,0,0,0,0,0,0,4.31946572578153,0,0,0,3.58594083786011,0,2.9713063082605,0,0,0,0,0,0,0,0,3.46788410579457,0,3.37516864140828,0,0,0,0,0,0,0,0,0,0,7.45247046276927,5.43238687515259,0,0,0
0,3.28582062721252,0,0,0,0,0,0,0,0,0,0,0,5.2593560218811,0,0,0,0,0,0,0,0,0,0,0,0,0,0,0,0,0,0,0,0,0,0,0,0,0,0,0,0,0,0,0,0,0,0,0,0,0,0,0,0,0,2.95903809253986,0,0,0,0,0,2.87042989303817,0,0,0,0,0,0,0,0,0,0,0,0,0,0,0,0,0,0,0,0,2.93911751111348,3.54286085642301,0,0,0
0,0,0,72.1473426818848,0,0,0,0,28.8762201437583,0,0,0,0,0,4.71315296490987,0,0,12.4424723161485,10.753914147472,0,0,0,4.80594911177953,0,13.8676666726871,0,5.21703330156478,0,0,0,0,0,0,0,0,0,0,0,0,48.899225243775,40.1302334855243,32.8273081345992,30.914145805619,32.5559744940864,23.7251704710501,39.6880989074707,28.509971053512,54.8641905784607,47.2356700897217,58.5184478759766,0,0,0,0,0,0,0,89.1598892211914,0,0,6.30764198303223,0,58.7964901924133,0,0,6.26669625802474,0,0,0,3.63663430567141,0,0,50.849889755249,62.2331371307373,0,0,0,0,53.6340421283056,46.3388494344858,51.407542862055,52.015645980835,8.88374240604057,29.0206345440978,33.0151536983757,26.5597763061523,0
0,0,0,0,0,0,0,0,25.3450150841835,7.25126362655122,0,0,0,0,0,0,12.4424723161485,0,15.0267123573111,0,0,2.87182364231203,12.2462542145341,0,16.8860197067261,0,0,0,0,0,0,0,0,0,0,0,0,0,0,48.7002462847479,56.8281322055393,34.7842871856689,37.3006420050727,28.4000179132766,0,43.8204498291016,45.4135850270589,0,0,65.5360380808512,0,0,0,0,0,0,0,65.9421901702881,0,0,0,0,48.0668472290039,0,3.16005778312683,11.1652369499207,0,0,0,0,0,0,45.8031019422743,55.7721209526062,0,0,0,0,48.8188765678999,65.4278526306152,47.343808260831,58.5711376190186,10.904331694584,22.0832834181578,35.3868462617199,26.9920997619629,0
4.00322025713294,6.16775496071632,0,38.7233941555023,0,40.1471672058105,0,0,8.55651656863759,5.38139908700376,0,0,0,0,0,0,10.753914147472,15.0267123573111,0,0,0,0,0,2.96259597142537,0,0,0,0,0,0,0,0,0,0,33.7016668319702,0,0,22.7224636077881,0,34.847165840347,26.1840667027324,15.7656727248384,16.9892462484623,13.46839876591,13.9492276255418,28.2773913732717,14.8042205689265,38.4007472874928,34.7872000810142,47.7720162275899,0,0,0,0,0,0,30.4313049316406,49.9983599606682,0,0,0,0,44.8464944476173,60.256427552965,0,0,0,0,0,0,0,0,30.3722821492997,35.1928762352985,0,0,0,0,35.4511881178248,32.1308065209365,36.0379448971116,30.5915953198319,11.2880019399457,18.0308912954199,19.1437811779348,3.75639055172602,4.14558794281699
0,0,0,0,0,5.73230189543504,0,3.37931648633813,0,0,0,3.96370230986685,0,0,0,0,0,0,0,0,0,0,0,0,0,0,0,0,0,0,0,0,0,0,0,3.68160263359124,0,3.22384257041491,0,0,0,76.1137313842773,0,0,0,13.0258515768452,0,0,0,0,0,0,0,0,0,0,0,4.16226263192235,0,0,0,0,5.65994610614932,0,0,0,0,0,0,0,0,0,0,0,0,0,0,0,3.68532501032323,0,3.41835734702773,0,4.01479078948591,5.82105096181234,8.85632499710458,0,0
0,0,0,0,0,0,3.74549940567982,0,0,0,2.89238757557339,0,0,0,0,0,0,0,0,0,0,0,0,0,0,0,0,0,0,0,0,0,0,0,0,0,3.15928600470691,0,2.93875449895859,0,39.2456932067871,0,0,0,0,0,12.5632713317871,0,27.4898500442505,0,0,0,0,0,0,0,3.67772471904755,0,0,0,0,0,0,4.57753777110471,0,0,0,0,0,0,0,0,0,5.63120663166046,0,0,0,0,0,4.34014960302823,0,3.85860837207121,3.70818332548948,8.01847503866468,13.7228000958761,0,0
0,0,0,0,0,0,0,0,0,0,0,0,0,0,0,0,0,2.87182364231203,0,0,0,0,4.77381508579595,4.66414979743378,0,5.13443572346757,0,6.31848076979319,0,0,0,0,0,0,0,0,0,3.44621514561219,0,0,0,0,0,0,0,0,0,0,0,8.67047309875488,0,0,0,0,0,0,0,0,0,0,0,0,0,0,4.61166461909903,4.89512440167818,3.7682616389075,0,5.33111258937467,0,6.77788525840261,0,0,0,0,0,0,0,0,0,4.46677590290133,0,3.80915450635399,4.2774051256873,0,0,0
0,0,0,0,0,0,0,0,0,0,0,0,0,0,0,0,4.80594911177953,12.2462542145341,0,0,0,4.77381508579595,0,0,5.9571933415201,0,4.5693638920784,0,0,0,0,0,0,0,0,0,0,0,2.88548400572368,0,0,0,0,0,0,0,0,0,0,0,0,0,0,0,0,0,0,0,0,0,0,0,0,0,5.25654885815639,4.83921272953656,0,6.72258138656616,0,4.17205784580345,0,3.59058049321175,0,0,0,0,0,0,0,0,0,4.14478973507595,4.87761169075758,3.97728425491857,0,0,0
0,0,0,0,0,0,0,0,0,0,0,0,0,0,0,0,0,0,2.96259597142537,0,0,4.66414979743378,0,0,0,4.65982184382532,0,0,0,0,0,0,0,0,0,0,0,3.47803166602269,30.242196900504,0,0,0,0,0,0,0,0,17.5184371832645,36.2949173538773,7.02346391420107,0,0,0,0,0,2.84346850713094,0,0,0,0,0,0,0,0,3.49573535961202,0,3.04715772544112,0,3.51704598695804,0,0,0,0,0,0,0,0,28.847785949707,0,0,5.89386468440031,36.0621736189898,3.34012383743686,0,14.2343735552546,0,0
0,0,0,0,0,0,0,0,3.53226496113671,0,0,0,0,0,6.50387954711914,0,13.8676666726871,16.8860197067261,0,0,0,0,5.9571933415201,0,0,0,3.98704848925273,0,0,0,0,0,0,0,0,0,0,31.401403427124,3.59300118142908,0,0,0,0,0,0,0,0,25.7727524684026,8.43624504407247,33.5957625706991,0,0,0,0,0,0,0,0,0,0,0,0,0,0,0,0,0,3.78281430501749,0,3.97899539735582,0,0,0,0,0,0,0,0,0,0,38.9470013209752,4.52381053396758,7.41204302876561,11.9549383322398,4.0083487012397,0,0
0,0,0,0,0,0,0,0,0,2.74188685417175,0,0,0,0,0,0,0,0,0,0,0,5.13443572346757,0,4.65982184382532,0,0,0,0,0,0,0,0,0,0,0,0,0,0,0,0,0,0,0,0,0,0,0,0,0,0,0,0,0,0,0,2.97169151902199,0,0,0,0,0,0,0,0,4.78780950440301,0,4.00830007592837,0,3.03769939458823,0,2.94636201858521,0,0,0,0,0,0,0,0,0,0,0,3.28450140357018,0,0,0,0
0,0,0,0,0,0,0,0,0,0,0,0,0,0,3.27246943742801,0,5.21703330156478,0,0,0,0,0,4.5693638920784,0,3.98704848925273,0,0,0,2.80396221234248,0,0,0,0,0,0,0,0,0,0,0,0,0,0,0,0,0,0,0,0,0,0,0,0,0,0,0,0,0,0,0,3.60591739813487,0,0,0,0,0,0,6.54647629852443,0,3.70019618655506,0,3.69368146595202,0,0,0,0,0,0,0,0,0,0,4.8727483405544,0,0,0,0
0,0,0,0,0,0,0,0,0,0,0,3.04344210028648,0,8.42081960042318,0,0,0,0,0,0,0,6.31848076979319,0,0,0,0,0,0,0,3.60713875328897,0,0,0,0,0,0,0,3.3811955358114,0,0,0,0,0,0,0,0,0,0,0,0,0,0,0,0,0,0,0,9.05603309472402,0,3.65168692836654,0,0,0,0,5.62578494872077,0,0,0,3.19943702582157,0,3.69796373255381,0,4.84047875235138,0,0,0,0,0,0,0,3.98620126733732,0,3.47937377117298,5.75478304195874,0,0,0
0,0,0,0,0,0,0,0,0,0,3.85501905850002,0,0,0,0,0,0,0,0,0,0,0,0,0,0,0,2.80396221234248,0,0,0,3.53193147792373,0,0,0,0,0,0,0,2.89104574067252,0,0,0,0,0,0,0,0,0,0,0,0,0,0,0,0,0,4.04062885772891,0,0,0,0,0,0,0,0,0,0,0,0,2.94365788179602,0,5.10761782378782,0,3.50330250810932,0,0,0,0,0,0,0,4.46473303947945,2.96604147806006,2.85066390037537,0,0,0
0,0,0,0,0,0,0,0,0,0,0,3.95820664508002,0,0,0,0,0,0,0,0,0,0,0,0,0,0,0,3.60713875328897,0,0,0,0,0,0,0,0,0,2.99867755643804,0,0,0,0,0,0,0,0,0,0,0,0,0,0,0,0,0,0,0,6.04155430793762,0,0,0,0,0,0,0,0,0,0,0,0,4.19702373717637,0,5.19893438324766,0,0,0,0,0,0,0,3.57621710804229,0,3.97040597597758,0,0,0,0
0,0,0,0,0,0,0,0,0,0,3.4741136795137,0,0,0,0,0,0,0,0,0,0,0,0,0,0,0,0,0,3.53193147792373,0,0,0,0,0,0,0,0,0,3.43488812446594,0,0,0,0,0,0,0,0,0,0,0,0,0,0,0,0,0,3.49109943707784,0,0,0,0,0,0,0,0,0,0,0,0,0,0,7.14621448516846,0,3.38635715641127,0,0,0,0,0,0,0,3.779728577716,2.80622315406799,0,0,0,0
0,49.0531215667725,0,0,0,0,0,0,0,0,0,0,0,0,0,0,0,0,0,0,0,0,0,0,0,0,0,0,0,0,0,0,3.78721700899902,6.22050160491789,8.3217351436615,4.35010305222343,3.36925661904471,0,0,24.4883041381836,0,29.00901222229,0,0,0,0,0,4.43551766454756,0,14.022392565744,0,0,0,0,0,0,0,0,0,0,0,0,0,0,0,0,0,0,0,0,0,0,0,0,4.00743911862194,6.05616933410019,6.14611995560782,12.637646317482,5.11291737115684,4.58503618169187,0,0,3.00001385140775,0,34.4549661363874,0,0
0,0,0,0,0,0,0,0,0,0,0,0,0,0,0,0,0,0,0,0,0,0,0,0,0,0,0,0,0,0,0,3.78721700899902,0,16.204342659782,6.91281758768978,3.0181891797325,3.69841364566304,0,0,0,20.0176868438721,0,19.9502563476562,0,0,0,30.2773320597987,4.39154300754135,5.12432238651298,10.1118879318237,0,0,0,0,0,0,0,0,0,0,0,0,0,0,0,0,0,0,0,0,0,0,0,0,6.73126376072566,4.51295546593563,13.0928220515158,9.59632469636423,10.1577697677612,4.57568175743942,0,0,3.4773325981238,0,21.8996265752992,0,0
0,41.8353569030762,0,42.3483481407166,0,44.0415000915527,0,0,0,0,0,0,0,0,0,0,0,0,0,0,0,0,0,0,0,0,0,0,0,0,0,6.22050160491789,16.204342659782,0,4.25588972817649,4.76369400629226,13.2405831813812,3.40151067293399,7.36373518658923,22.338609333696,0,21.3702074686686,0,0,0,30.7399995923042,0,4.92113168298394,19.686037236994,12.9176608459237,0,0,0,0,0,0,0,43.874228477478,0,0,0,0,43.4102783203125,0,0,0,0,0,0,0,0,0,64.4616756439209,0,15.6337726006141,23.0188309585347,6.02640577428126,9.1202443875089,3.95956807471455,9.14796018600464,3.7836965923578,15.1173399911411,5.0533514790887,2.90522524839852,26.769267464899,0,0
0,0,0,0,0,0,0,0,0,0,0,0,0,0,0,0,0,0,33.7016668319702,0,0,0,0,0,0,0,0,0,0,0,0,8.3217351436615,6.91281758768978,4.25588972817649,0,0,5.69515750958369,5.71550870978314,2.86775167532793,0,27.7165024798849,0,13.6656527519226,0,0,0,34.920997694919,5.3974205944704,8.66819266089193,14.3659690127653,0,0,0,0,0,0,0,0,0,0,0,0,0,29.0729656219482,0,0,29.2663307189941,0,0,0,0,0,0,0,10.5320319745732,5.33160864656622,7.17323236891677,5.29104617392063,0,4.13214508685619,17.2677372269364,7.2577248636414,8.58388136327267,4.1319522857666,25.5841810501481,0,0
0,66.8898239135742,0,8.98764105637868,0,4.40248191356659,0,0,0,0,0,3.27195620696549,0,0,0,0,0,0,0,3.68160263359124,0,0,0,0,0,0,0,0,0,0,0,4.35010305222343,3.0181891797325,4.76369400629226,0,0,3.26846220508753,4.07169491328534,0,7.04223201672236,0,30.8640012741089,0,0,0,9.94705308001974,0,5.85831742192344,10.175418694814,7.0321127304664,0,0,0,0,0,0,0,3.63841287295024,0,0,0,0,3.45791216780358,0,0,0,0,0,0,0,0,0,0,0,8.57857810974121,3.24336768671409,24.6557465603477,0,3.4419255063695,3.53958955250466,3.8393250913012,0,3.89561559393511,3.43040117178306,10.1748087779585,0,0
0,0,0,0,0,0,0,0,0,0,0,0,0,0,0,0,0,0,0,0,3.15928600470691,0,0,0,0,0,0,0,0,0,0,3.36925661904471,3.69841364566304,13.2405831813812,5.69515750958369,3.26846220508753,0,0,3.25970629951329,9.0726432800293,0,0,0,0,0,0,43.1845550537109,15.905113027646,11.028911113739,9.55554252068202,0,0,0,0,0,0,0,0,0,0,0,0,0,4.35304262878698,0,0,0,0,0,0,0,0,0,0,11.5296911071329,3.69204533269219,15.2111109324864,12.6060346058437,3.7652262589817,4.01871639413644,0,3.09175543895447,4.89593113257807,6.87408197203166,7.83713128831651,0,0
0,0,0,0,0,0,0,0,0,5.79361239919123,0,3.12086338363116,0,0,0,0,0,0,22.7224636077881,3.22384257041491,0,3.44621514561219,0,3.47803166602269,31.401403427124,0,0,3.3811955358114,0,2.99867755643804,0,0,0,3.40151067293399,5.71550870978314,4.07169491328534,0,0,5.57695487125022,37.7030563354492,0,6.69164679303239,34.4362449645996,0,0,0,0,5.73032348923404,27.3165602114663,6.72971167974174,0,0,0,0,0,5.64076044445946,0,3.30951700607936,0,0,0,0,3.69098337303252,0,3.70698353522414,0,5.22244770911432,0,0,0,4.36194931563085,0,3.5414617920781,0,0,0,3.85358315161508,19.611579047309,3.23681753614674,0,3.74994642293156,23.5495568788969,3.88829089764541,2.94944436455717,8.63075841003615,12.4418115615845,0
0,0,0,0,0,0,0,0,0,0,3.28230894719035,0,0,0,0,0,0,0,0,0,2.93875449895859,0,2.88548400572368,30.242196900504,3.59300118142908,0,0,0,2.89104574067252,0,3.43488812446594,0,0,7.36373518658923,2.86775167532793,0,3.25970629951329,5.57695487125022,0,0,0,0,4.15292190209679,0,0,0,0,5.75324235083661,5.60291052628786,21.5439336259486,0,0,0,0,0,0,3.23551718393962,0,0,0,0,0,0,0,0,2.78863243052834,29.4863374233246,0,0,0,0,0,0,3.94433604753934,0,0,16.5496137016698,0,0,3.43187139210878,7.50088896840291,3.78606583517421,4.35917997315748,3.90310613937627,8.89940182386443,0,0
0,54.6052592965059,0,32.8365394825838,0,28.6139853341239,0,0,0,0,0,0,0,0,0,0,48.899225243775,48.7002462847479,34.847165840347,0,0,0,0,0,0,0,0,0,0,0,0,24.4883041381836,0,22.338609333696,0,7.04223201672236,9.0726432800293,37.7030563354492,0,0,77.5337842305501,30.2412991857272,40.1704736437116,20.2022758031,46.5161247253418,17.4942169119796,67.3804550170898,20.8278699803662,0,14.2702787950299,0,0,0,0,0,0,0,53.2932219362259,0,0,0,0,28.0025391247537,0,0,0,0,0,0,0,0,0,34.6523982806083,67.6696166992188,16.5446421305339,0,24.4113454500834,0,21.6015452546635,71.3538970947266,30.5746461531612,65.0191040039062,47.0124687292637,50.446572303772,23.3956806093175,36.6404631226151,0
0,0,0,0,0,0,0,0,38.2732696533203,0,0,0,0,0,0,0,40.1302334855243,56.8281322055393,26.1840667027324,0,39.2456932067871,0,0,0,0,0,0,0,0,0,0,0,20.0176868438721,0,27.7165024798849,0,0,0,0,77.5337842305501,0,0,14.2126191648576,22.91552623113,19.2841579130402,0,18.3916905399723,16.313964332853,12.8914140661142,12.7473863845176,0,0,0,0,0,0,42.4991798400879,0,0,0,0,0,0,41.9524608728837,0,0,0,0,0,0,0,0,0,36.0778765408498,0,24.1789122494784,0,28.8762649917603,83.7348070144653,10.2754292797445,87.4580285208566,41.3566206369968,44.45309003838,52.4251386854384,20.7310206576502,0,0
0,15.7629702883013,0,54.4401856642503,0,54.3765025138855,0,0,0,5.89270716554978,0,0,0,0,0,0,32.8273081345992,34.7842871856689,15.7656727248384,76.1137313842773,0,0,0,0,0,0,0,0,0,0,0,29.00901222229,0,21.3702074686686,0,30.8640012741089,0,6.69164679303239,0,30.2412991857272,0,0,21.6589432610915,26.6998797584982,0,45.3084100203081,0,35.1953087250392,22.307710647583,22.1172040625256,0,0,0,0,0,0,0,16.5162155288258,0,0,0,0,19.695753171606,0,0,0,0,0,0,0,0,0,15.5693178603673,0,0,0,0,0,27.2965465956468,0,20.4879273901453,63.7748112148709,14.5516748913852,60.183967590332,12.9740422505296,3.43066175313175,0
9.82985329627991,0,0,0,0,0,0,0,12.689464225769,0,0,0,0,0,0,0,30.914145805619,37.3006420050727,16.9892462484623,0,0,0,0,0,0,0,0,0,0,0,0,0,19.9502563476562,0,13.6656527519226,0,0,34.4362449645996,4.15292190209679,40.1704736437116,14.2126191648576,21.6589432610915,0,7.95457668304443,7.02793479716684,0,16.0272722471844,15.5662133086811,9.89045790340124,29.9140549898148,0,0,0,0,0,0,15.5468830321964,0,0,0,0,0,0,12.8901084141033,0,0,41.327693939209,0,0,0,0,0,39.6757098606655,19.4964957571238,0,0,0,0,41.5135343451249,21.6435836738421,36.4794866986518,22.0966926784327,12.9968447177399,36.9247673579625,14.1418122938694,0,5.11177387020805
0,71.6950912475586,0,20.5044298586638,0,18.8923797607422,0,0,0,0,0,0,0,0,0,0,32.5559744940864,28.4000179132766,13.46839876591,0,0,0,0,0,0,0,0,0,0,0,0,0,0,0,0,0,0,0,0,20.2022758031,22.91552623113,26.6998797584982,7.95457668304443,0,33.0547513961792,10.5900666169953,51.8643188476562,27.6400032043457,0,30.5439235247098,0,0,0,0,0,0,0,20.0216369067921,0,0,0,0,24.7105582037637,0,0,0,0,0,0,0,0,0,20.6267215317868,0,0,0,0,0,24.9936750034869,29.3753981590271,21.5814419293604,0,29.2428755701685,31.7147642282339,10.8053546574119,53.241569519043,0
0,0,0,0,0,0,0,0,9.31365132331848,0,0,0,0,0,0,0,23.7251704710501,0,13.9492276255418,0,0,0,0,0,0,0,0,0,0,0,0,0,0,0,0,0,0,0,0,46.5161247253418,19.2841579130402,0,7.02793479716684,33.0547513961792,0,0,14.9620291858249,26.2955188751221,27.4916638930639,0,0,0,0,0,0,0,15.5831870039304,0,0,0,0,0,0,21.8656798821908,0,0,0,0,0,0,0,0,0,20.3238791006583,0,0,0,0,69.2930552164714,24.0496642106063,72.2834167480469,21.3393623436311,23.9476335323551,31.819344656808,13.6005361783643,0,0
0,69.9191284179688,0,10.0867258549685,0,10.4888665022799,0,15.8803245544434,0,0,0,0,0,0,0,0,39.6880989074707,43.8204498291016,28.2773913732717,13.0258515768452,0,0,0,0,0,0,0,0,0,0,0,0,0,30.7399995923042,0,9.94705308001974,0,0,0,17.4942169119796,0,45.3084100203081,0,10.5900666169953,0,0,0,29.8456411015802,0,25.5045993741588,0,0,0,0,0,0,0,15.0486100421232,0,0,0,0,9.57037425672906,0,0,0,0,0,0,0,0,0,25.0420147192599,0,0,0,31.1576850597675,0,17.6817896209494,0,18.7136437852504,0,12.2338204428941,44.8013547261556,8.78279727503052,52.7424774169922,0
0,0,0,0,0,0,0,0,0,0,0,0,0,0,0,0,28.509971053512,45.4135850270589,14.8042205689265,0,12.5632713317871,0,0,0,0,0,0,0,0,0,0,0,30.2773320597987,0,34.920997694919,0,43.1845550537109,0,0,67.3804550170898,18.3916905399723,0,16.0272722471844,51.8643188476562,14.9620291858249,0,0,27.4743148017591,23.6076533074844,22.9781403625221,0,0,0,0,0,0,13.3867602264672,0,0,0,0,0,0,11.9137451236273,0,0,0,0,0,0,0,0,0,24.5285534604767,0,32.8804576873779,0,37.0558465132842,74.5208082199097,24.7174988865893,72.7885971069336,23.1337308431927,28.2351996542571,36.2584228515625,12.7753793610874,0,0
0,47.6333920230036,0,43.4803354151109,0,39.9227130889893,0,0,0,0,0,0,0,0,0,0,54.8641905784607,0,38.4007472874928,0,0,0,0,17.5184371832645,25.7727524684026,0,0,0,0,0,0,4.43551766454756,4.39154300754135,4.92113168298394,5.3974205944704,5.85831742192344,15.905113027646,5.73032348923404,5.75324235083661,20.8278699803662,16.313964332853,35.1953087250392,15.5662133086811,27.6400032043457,26.2955188751221,29.8456411015802,27.4743148017591,0,10.2175711160919,12.2284091982132,0,0,0,0,0,0,0,56.7524583680289,0,0,0,0,52.1206879615784,28.1723002347079,0,0,16.9033450519337,0,0,0,0,0,44.4182226761528,42.8797232309977,5.69102622551347,6.44911033896839,5.72991694147635,9.10576555277028,7.32903416660113,8.51902250054385,11.8506820701583,11.488567549813,16.3330617091849,3.57490932941437,20.7805313502337,40.9094746907552,0
2.75044226646423,0,0,0,0,0,0,0,9.13705837726593,0,0,0,0,0,0,0,47.2356700897217,0,34.7872000810142,0,27.4898500442505,0,0,36.2949173538773,8.43624504407247,0,0,0,0,0,0,0,5.12432238651298,19.686037236994,8.66819266089193,10.175418694814,11.028911113739,27.3165602114663,5.60291052628786,0,12.8914140661142,22.307710647583,9.89045790340124,0,27.4916638930639,0,23.6076533074844,10.2175711160919,0,24.2128246376116,0,0,0,0,0,0,57.1128692626953,0,0,0,0,0,0,23.2864037200383,0,2.73370599746704,35.4016843438148,2.95981478691101,0,0,0,3.30311180543208,0,33.1306725229536,0,9.39266093331154,20.8475390842983,13.6988747898413,0,27.605898235321,28.4729517980676,8.66915099989589,15.5132996313173,0,21.2993815076988,0,0
0,30.0411808471577,0,29.9390010617527,0,38.8730564117432,0,0,0,8.3733856678009,0,0,0,0,0,0,58.5184478759766,65.5360380808512,47.7720162275899,0,0,8.67047309875488,0,7.02346391420107,33.5957625706991,0,0,0,0,0,0,14.022392565744,10.1118879318237,12.9176608459237,14.3659690127653,7.0321127304664,9.55554252068202,6.72971167974174,21.5439336259486,14.2702787950299,12.7473863845176,22.1172040625256,29.9140549898148,30.5439235247098,0,25.5045993741588,22.9781403625221,12.2284091982132,24.2128246376116,0,0,0,0,0,0,6.76248073577881,0,37.244444074088,0,0,0,0,36.3549258605294,25.3194885253906,6.32756968067117,0,5.79214957190884,0,0,0,7.4725620531692,0,30.5110838507446,0,15.8676769305498,11.5993616240365,16.5749162720283,15.7262394527594,22.6412966844967,14.1821245882246,20.0403288288682,25.0681162158938,20.7966582771149,58.6127338409424,21.5441922386046,40.3865258958605,0
0,0,0,0,3.20263154166085,0,0,0,0,0,0,0,0,0,0,0,0,0,0,0,0,0,0,0,0,0,0,0,0,0,0,0,0,0,0,0,0,0,0,0,0,0,0,0,0,0,0,0,0,0,0,0,0,0,0,0,0,0,2.94314008288913,0,2.73858666419983,0,0,0,0,0,0,0,0,0,0,0,0,0,0,0,0,0,0,0,0,0,8.22449191411336,0,0,0,0
0,0,0,0,0,0,0,0,0,0,0,0,0,0,0,0,0,0,0,0,0,0,0,0,0,0,0,0,0,0,0,0,0,0,0,0,0,0,0,0,0,0,0,0,0,0,0,0,0,0,0,0,0,0,0,0,0,0,0,0,0,0,0,0,0,0,0,0,0,0,0,0,0,0,0,0,0,0,0,0,0,0,0,0,0,0,0
0,0,0,0,0,0,2.74025996526082,0,0,0,0,0,2.83731985092163,0,0,0,0,0,0,0,0,0,0,0,0,0,0,0,0,0,0,0,0,0,0,0,0,0,0,0,0,0,0,0,0,0,0,0,0,0,0,0,0,0,0,0,0,0,2.94384741783142,0,0,0,0,0,0,0,0,0,0,0,0,0,0,0,0,0,0,0,0,0,0,0,0,0,0,0,0
0,0,0,0,0,0,0,0,0,0,0,0,0,0,0,0,0,0,0,0,0,0,0,0,0,0,0,0,0,0,0,0,0,0,0,0,0,0,0,0,0,0,0,0,0,0,0,0,0,0,0,0,0,0,0,0,0,0,0,0,0,0,0,0,0,0,0,0,0,0,0,0,0,0,0,0,0,0,0,0,0,0,0,0,0,0,0
3.84580440662875,0,0,0,0,0,0,0,3.70349118459741,0,0,0,0,0,4.31946572578153,0,0,0,0,0,0,0,0,0,0,0,0,0,0,0,0,0,0,0,0,0,0,0,0,0,0,0,0,0,0,0,0,0,0,0,0,0,0,0,0,0,0,0,0,0,4.72769390830868,0,0,0,0,0,0,0,0,0,0,0,0,0,0,0,0,0,0,0,0,0,5.17438466732319,0,0,0,0
0,4.19203948289498,0,0,0,0,0,0,0,3.74113341172536,0,0,0,0,0,2.95903809253986,0,0,0,0,0,0,0,2.84346850713094,0,2.97169151902199,0,0,0,0,0,0,0,0,0,0,0,5.64076044445946,0,0,0,0,0,0,0,0,0,0,0,6.76248073577881,0,0,0,0,0,0,0,0,0,0,0,4.18868974844615,0,0,0,0,0,0,0,0,0,0,0,0,0,0,0,0,0,0,9.10109392801921,0,4.782337586085,0,4.64475185076396,0,0
0,0,0,0,0,0,0,0,29.7062759399414,0,3.10602609664564,0,3.27584941665848,0,0,0,0,0,30.4313049316406,0,3.67772471904755,0,0,0,0,0,0,0,4.04062885772891,0,3.49109943707784,0,0,0,0,0,0,0,3.23551718393962,0,42.4991798400879,0,15.5468830321964,0,15.5831870039304,0,13.3867602264672,0,57.1128692626953,0,0,0,0,0,0,0,0,0,3.78973380724589,0,0,0,0,3.75982205549876,0,0,0,0,0,0,0,0,0,4.58185990506442,0,0,0,0,0,0,0,12.2472589583624,3.36051007895403,42.853889465332,12.8819844680257,0,14.1493195273659
0,0,0,68.5080923716227,0,82.7142944335938,0,0,0,0,0,6.891130763284,0,8.32324042627888,0,0,89.1598892211914,65.9421901702881,49.9983599606682,4.16226263192235,0,0,0,0,0,0,0,9.05603309472402,0,6.04155430793762,0,0,0,43.874228477478,0,3.63841287295024,0,3.30951700607936,0,53.2932219362259,0,16.5162155288258,0,20.0216369067921,0,15.0486100421232,0,56.7524583680289,0,37.244444074088,0,0,0,0,0,0,0,0,0,3.29469766699035,0,0,5.82098516142789,0,0,0,0,0,0,0,9.86181446484157,0,7.67182174516082,0,59.1493644714355,0,0,0,53.2137567387071,0,19.1965382659292,0,5.21244090883429,5.53173603492529,11.8682015893211,11.6002149581909,0
0,0,0,0,0,0,0,0,0,0,2.88217798868815,0,3.02581808447645,0,3.58594083786011,0,0,0,0,0,0,0,0,0,0,0,0,0,0,0,0,0,0,0,0,0,0,0,0,0,0,0,0,0,0,0,0,0,0,0,2.94314008288913,0,2.94384741783142,0,0,0,3.78973380724589,0,0,0,2.94954586029053,0,0,0,0,0,0,0,0,0,0,2.95240156991141,0,0,0,0,0,0,0,0,0,0,3.14328135960344,0,0,0,0
0,0,0,0,0,0,0,0,0,0,0,4.41015035227725,0,3.13609121404173,0,0,0,0,0,0,0,0,0,0,0,0,0,3.65168692836654,0,0,0,0,0,0,0,0,0,0,0,0,0,0,0,0,0,0,0,0,0,0,0,0,0,0,0,0,0,3.29469766699035,0,0,0,3.0879075253845,0,0,0,0,0,0,0,0,2.95014430974659,0,0,0,0,0,0,0,0,0,0,0,3.83442171532286,4.36369196806202,0,0,0
4.3884868433601,0,0,0,0,0,0,0,4.5343651117063,0,0,0,0,0,2.9713063082605,0,6.30764198303223,0,0,0,0,0,0,0,0,0,3.60591739813487,0,0,0,0,0,0,0,0,0,0,0,0,0,0,0,0,0,0,0,0,0,0,0,2.73858666419983,0,0,0,4.72769390830868,0,0,0,2.94954586029053,0,0,0,0,0,0,0,0,0,0,4.77504364649455,0,0,0,0,0,0,0,0,0,0,0,0,7.51390827057209,0,0,0,0
0,3.39757665544748,0,0,0,0,0,0,0,0,0,0,0,2.94280558313642,0,2.87042989303817,0,0,0,0,0,0,0,0,0,0,0,0,0,0,0,0,0,0,0,0,0,0,0,0,0,0,0,0,0,0,0,0,0,0,0,0,0,0,0,4.18868974844615,0,0,0,3.0879075253845,0,0,0,0,0,0,0,0,0,0,0,0,0,0,0,0,0,0,0,0,0,0,2.83745610713959,0,0,0,0
0,0,0,43.1492807070414,0,7.75782959851947,0,4.38590994347697,0,0,0,3.70879661274328,0,0,0,0,58.7964901924133,48.0668472290039,44.8464944476173,5.65994610614932,0,0,0,0,0,0,0,0,0,0,0,0,0,43.4102783203125,0,3.45791216780358,0,3.69098337303252,0,28.0025391247537,0,19.695753171606,0,24.7105582037637,0,9.57037425672906,0,52.1206879615784,0,36.3549258605294,0,0,0,0,0,0,0,5.82098516142789,0,0,0,0,0,0,0,0,0,0,0,0,0,0,48.0546104029605,0,0,0,42.0965347290039,0,13.0688680803892,0,6.86513341132121,0,6.56041996152628,53.0856581449509,13.474915266037,0,0
0,0,0,0,0,0,5.90959921579682,0,0,0,4.10358762741089,0,0,0,0,0,0,0,60.256427552965,0,4.57753777110471,0,0,0,0,0,0,0,0,0,0,0,0,0,29.0729656219482,0,4.35304262878698,0,0,0,41.9524608728837,0,12.8901084141033,0,21.8656798821908,0,11.9137451236273,28.1723002347079,23.2864037200383,25.3194885253906,0,0,0,0,0,0,3.75982205549876,0,0,0,0,0,0,0,0,0,0,0,0,0,0,0,0,8.13363793021754,0,0,0,0,0,7.3724029100336,0,5.99991951901236,5.66834422770522,0,11.1340901227575,0,0
0,0,0,0,0,0,0,0,0,0,0,0,0,0,0,0,0,3.16005778312683,0,0,0,4.61166461909903,5.25654885815639,3.49573535961202,0,4.78780950440301,0,5.62578494872077,0,0,0,0,0,0,0,0,0,3.70698353522414,0,0,0,0,0,0,0,0,0,0,0,6.32756968067117,0,0,0,0,0,0,0,0,0,0,0,0,0,0,0,5.47438289496455,3.73133877049322,0,4.65931621551514,0,8.25625469649679,0,0,0,0,0,0,0,0,0,5.34082440086033,0,3.63627567464969,4.14774787650918,0,0,0
0,0,0,0,0,0,0,0,0,0,0,0,0,0,0,0,6.26669625802474,11.1652369499207,0,0,0,4.89512440167818,4.83921272953656,0,0,0,0,0,0,0,0,0,0,0,0,0,0,0,2.78863243052834,0,0,0,0,0,0,0,0,0,2.73370599746704,0,0,0,0,0,0,0,0,0,0,0,0,0,0,0,5.47438289496455,0,0,0,0,4.21511497460012,0,4.01223921775818,0,0,0,0,0,0,0,0,0,0,4.61724047663456,4.21949800315765,0,0,0
0,0,0,0,0,0,0,0,0,0,0,0,0,0,0,0,0,0,0,0,0,3.7682616389075,0,3.04715772544112,0,4.00830007592837,0,0,0,0,0,0,0,0,29.2663307189941,0,0,5.22244770911432,29.4863374233246,0,0,0,41.327693939209,0,0,0,0,16.9033450519337,35.4016843438148,5.79214957190884,0,0,0,0,0,0,0,0,0,0,0,0,0,0,3.73133877049322,0,0,0,4.89662616848946,0,0,0,0,0,0,0,0,28.4238815307617,0,0,6.87819113106024,35.115522702535,4.77290414304149,0,5.68416155589524,0,0
2.877734263738,0,0,0,0,0,0,0,3.15659276644389,0,0,0,0,0,0,0,0,0,0,0,0,0,6.72258138656616,0,3.78281430501749,0,6.54647629852443,0,0,0,0,0,0,0,0,0,0,0,0,0,0,0,0,0,0,0,0,0,2.95981478691101,0,0,0,0,0,0,0,0,0,0,0,0,0,0,0,0,0,0,0,0,6.53472323715687,0,0,0,0,0,0,0,0,0,0,0,0,4.81106642430479,0,3.24614577109997,0,0
0,0,0,0,0,0,0,0,0,0,0,0,0,0,0,0,0,0,0,0,0,5.33111258937467,0,3.51704598695804,0,3.03769939458823,0,3.19943702582157,0,0,0,0,0,0,0,0,0,0,0,0,0,0,0,0,0,0,0,0,0,0,0,0,0,0,0,0,0,0,0,0,0,0,0,0,4.65931621551514,0,4.89662616848946,0,0,0,2.89176804032819,0,0,0,0,0,0,0,0,0,0,0,4.8229609131813,0,0,0,0
0,0,0,0,0,0,0,0,0,0,0,0,0,0,3.46788410579457,0,3.63663430567141,0,0,0,0,0,4.17205784580345,0,3.97899539735582,0,3.70019618655506,0,2.94365788179602,0,0,0,0,0,0,0,0,0,0,0,0,0,0,0,0,0,0,0,0,0,0,0,0,0,0,0,0,0,0,0,4.77504364649455,0,0,0,0,4.21511497460012,0,6.53472323715687,0,0,0,4.14702971561535,0,0,0,0,0,0,0,0,0,0,4.33451434018496,0,3.36651726563772,0,0
0,0,0,0,0,0,0,0,0,0,0,3.40199273282831,0,3.83344743496332,0,0,0,0,0,0,0,6.77788525840261,0,0,0,2.94636201858521,0,3.69796373255381,0,4.19702373717637,0,0,0,0,0,0,0,4.36194931563085,0,0,0,0,0,0,0,0,0,0,0,7.4725620531692,0,0,0,0,0,0,0,9.86181446484157,0,2.95014430974659,0,0,0,0,8.25625469649679,0,0,0,2.89176804032819,0,0,0,6.26880264149772,0,0,0,0,0,0,0,5.82174789027164,0,4.47705798421702,6.53643822083257,0,0,0
0,0,0,0,0,0,0,0,0,0,0,0,0,0,3.37516864140828,0,0,0,0,0,0,0,3.59058049321175,0,0,0,3.69368146595202,0,5.10761782378782,0,7.14621448516846,0,0,0,0,0,0,0,0,0,0,0,0,0,0,0,0,0,3.30311180543208,0,0,0,0,0,0,0,0,0,2.95240156991141,0,0,0,0,0,0,4.01223921775818,0,0,0,4.14702971561535,0,0,0,3.01849874803575,0,0,0,0,0,0,0,3.31970259121486,3.80549738623879,2.96271538734436,0,0,0
0,22.6970094953265,0,33.9263809204102,0,0,0,0,0,0,0,6.8965658006214,0,11.0269950230916,0,0,50.849889755249,45.8031019422743,30.3722821492997,0,0,0,0,0,0,0,0,4.84047875235138,0,5.19893438324766,0,0,0,64.4616756439209,0,0,0,3.5414617920781,0,34.6523982806083,0,15.5693178603673,39.6757098606655,20.6267215317868,0,25.0420147192599,0,44.4182226761528,0,30.5110838507446,0,0,0,0,0,0,0,7.67182174516082,0,0,0,0,48.0546104029605,0,0,0,0,0,0,0,6.26880264149772,0,0,0,41.3746681213379,0,59.8461456298828,0,32.3640376186371,0,4.43094509249424,0,6.85381243048801,20.5157575964928,14.8723987925751,17.0462191256691,0
0,0,0,0,0,0,0,0,31.7974300384521,0,4.1398024559021,0,4.85682344436646,0,0,0,62.2331371307373,55.7721209526062,35.1928762352985,0,5.63120663166046,0,0,0,0,0,0,0,3.50330250810932,0,3.38635715641127,0,0,0,0,0,0,0,3.94433604753934,67.6696166992188,36.0778765408498,0,19.4964957571238,0,20.3238791006583,0,24.5285534604767,42.8797232309977,33.1306725229536,0,0,0,0,0,0,0,4.58185990506442,0,0,0,0,0,0,8.13363793021754,0,0,0,0,0,0,0,3.01849874803575,0,0,0,0,0,0,58.5227909088135,32.1524536426251,55.210639780218,4.33015667562899,30.3159038424492,58.545280456543,13.3858310070996,0,18.2954579318211
0,0,0,0,0,0,0,0,0,0,0,0,0,0,0,0,0,0,0,0,0,0,0,0,0,0,0,0,0,0,0,4.00743911862194,6.73126376072566,15.6337726006141,10.5320319745732,8.57857810974121,11.5296911071329,0,0,16.5446421305339,0,0,0,0,0,0,0,5.69102622551347,0,15.8676769305498,0,0,0,0,0,0,0,59.1493644714355,0,0,0,0,0,0,0,0,0,0,0,0,0,0,41.3746681213379,0,0,8.49949823217946,6.41407391659286,9.22762279378043,4.55759490109487,12.3270132455481,27.2756643295288,0,3.22651221603808,0,42.0321342468262,0,0
0,0,0,0,0,0,0,0,0,0,0,0,0,0,0,0,0,0,0,0,0,0,0,0,0,0,0,0,0,0,0,6.05616933410019,4.51295546593563,23.0188309585347,5.33160864656622,3.24336768671409,3.69204533269219,0,0,0,24.1789122494784,0,0,0,0,0,32.8804576873779,6.44911033896839,9.39266093331154,11.5993616240365,0,0,0,0,0,0,0,0,0,0,0,0,0,0,0,0,0,0,0,0,0,0,0,0,8.49949823217946,0,15.917237845751,4.82171691389917,12.7534717014858,5.57130198274115,0,0,3.68730015375397,0,27.8533398764474,0,0
0,0,0,44.3405542373657,0,0,0,0,0,0,0,0,0,0,0,0,0,0,0,0,0,0,0,0,0,0,0,0,0,0,0,6.14611995560782,13.0928220515158,6.02640577428126,7.17323236891677,24.6557465603477,15.2111109324864,3.85358315161508,16.5496137016698,24.4113454500834,0,0,0,0,0,31.1576850597675,0,5.72991694147635,20.8475390842983,16.5749162720283,0,0,0,0,0,0,0,0,0,0,0,0,42.0965347290039,0,0,0,0,0,0,0,0,0,59.8461456298828,0,6.41407391659286,15.917237845751,0,11.3778577010518,25.4829011732532,12.7363914621287,4.07457948005062,16.8258897613247,4.14176500418323,0,26.0356114077014,0,0
0,0,0,0,0,0,0,0,0,0,0,0,0,0,0,0,0,0,0,0,0,0,0,28.847785949707,0,0,0,0,0,0,0,12.637646317482,9.59632469636423,9.1202443875089,5.29104617392063,0,12.6060346058437,19.611579047309,0,0,28.8762649917603,0,0,0,0,0,37.0558465132842,9.10576555277028,13.6988747898413,15.7262394527594,0,0,0,0,0,0,0,0,0,0,0,0,0,0,0,0,28.4238815307617,0,0,0,0,0,0,0,9.22762279378043,4.82171691389917,11.3778577010518,0,0,8.27612263606145,17.9686952251858,4.74090361595154,6.64240997120485,0,31.4601029971504,0,0
0,62.6748376573835,0,49.0717697143555,0,11.3787860870361,0,0,39.9170150756836,0,0,3.87964945291486,0,0,0,0,53.6340421283056,48.8188765678999,35.4511881178248,3.68532501032323,0,0,0,0,0,0,0,0,0,0,0,5.11291737115684,10.1577697677612,3.95956807471455,0,3.4419255063695,3.7652262589817,3.23681753614674,0,21.6015452546635,83.7348070144653,27.2965465956468,41.5135343451249,24.9936750034869,69.2930552164714,17.6817896209494,74.5208082199097,7.32903416660113,0,22.6412966844967,0,0,0,0,0,0,0,53.2137567387071,0,0,0,0,13.0688680803892,0,0,0,0,0,0,0,0,0,32.3640376186371,58.5227909088135,4.55759490109487,12.7534717014858,25.4829011732532,0,0,8.40368733163607,26.8515573642353,0,10.1114039319169,24.0586591999486,26.1443874121871,40.0655488967896,0
0,0,0,0,0,0,0,0,0,0,0,0,0,0,0,0,46.3388494344858,65.4278526306152,32.1308065209365,0,4.34014960302823,0,0,0,0,0,0,0,0,0,0,4.58503618169187,4.57568175743942,9.14796018600464,4.13214508685619,3.53958955250466,4.01871639413644,0,3.43187139210878,71.3538970947266,10.2754292797445,0,21.6435836738421,29.3753981590271,24.0496642106063,0,24.7174988865893,8.51902250054385,27.605898235321,14.1821245882246,0,0,0,0,0,0,0,0,0,0,0,0,0,7.3724029100336,0,0,0,0,0,0,0,0,0,32.1524536426251,12.3270132455481,5.57130198274115,12.7363914621287,8.27612263606145,8.40368733163607,0,93.2954292297363,15.3357845383721,11.3031402654088,9.7400026305374,23.7729737127711,0,27.6012344360352
0,26.4523677825928,0,49.6986902025011,0,0,0,0,0,9.15816974639893,0,3.71559948161562,0,0,0,0,51.407542862055,47.343808260831,36.0379448971116,3.41835734702773,0,4.46677590290133,0,5.89386468440031,38.9470013209752,0,0,3.98620126733732,0,3.57621710804229,0,0,0,3.7836965923578,17.2677372269364,3.8393250913012,0,3.74994642293156,7.50088896840291,30.5746461531612,87.4580285208566,20.4879273901453,36.4794866986518,21.5814419293604,72.2834167480469,18.7136437852504,72.7885971069336,11.8506820701583,28.4729517980676,20.0403288288682,0,0,0,0,0,9.10109392801921,0,19.1965382659292,0,0,0,0,6.86513341132121,0,5.34082440086033,0,6.87819113106024,0,0,0,5.82174789027164,0,4.43094509249424,55.210639780218,27.2756643295288,0,4.07457948005062,17.9686952251858,26.8515573642353,93.2954292297363,0,26.0755120096643,6.11857349466733,4.79446920720182,13.6552894958886,18.0799879790266,0
0,0,0,0,0,0,0,0,37.4293060302734,0,4.80873910152692,0,0,0,0,0,52.015645980835,58.5711376190186,30.5915953198319,0,3.85860837207121,0,4.14478973507595,36.0621736189898,4.52381053396758,0,0,0,4.46473303947945,0,3.779728577716,0,0,15.1173399911411,7.2577248636414,0,3.09175543895447,23.5495568788969,3.78606583517421,65.0191040039062,41.3566206369968,63.7748112148709,22.0966926784327,0,21.3393623436311,0,23.1337308431927,11.488567549813,8.66915099989589,25.0681162158938,0,0,0,0,0,0,12.2472589583624,0,0,0,0,0,0,5.99991951901236,0,0,35.115522702535,0,0,0,0,3.31970259121486,0,4.33015667562899,0,0,16.8258897613247,4.74090361595154,0,15.3357845383721,26.0755120096643,0,7.8207954210785,3.74412097129147,11.8319459272994,0,19.7146108261662
5.42280967205338,6.65897769411675,0,11.238967795372,4.11764442920685,5.62546692954169,8.15721380710602,3.31722113490105,7.52331429624838,5.51212944638117,3.28889600817974,3.64226083225674,2.97811059604417,5.2004469921611,7.45247046276927,2.93911751111348,8.88374240604057,10.904331694584,11.2880019399457,4.01479078948591,3.70818332548948,3.80915450635399,4.87761169075758,3.34012383743686,7.41204302876561,3.28450140357018,4.8727483405544,3.47937377117298,2.96604147806006,3.97040597597758,2.80622315406799,3.00001385140775,3.4773325981238,5.0533514790887,8.58388136327267,3.89561559393511,4.89593113257807,3.88829089764541,4.35917997315748,47.0124687292637,44.45309003838,14.5516748913852,12.9968447177399,29.2428755701685,23.9476335323551,12.2338204428941,28.2351996542571,16.3330617091849,15.5132996313173,20.7966582771149,8.22449191411336,0,0,0,5.17438466732319,4.782337586085,3.36051007895403,5.21244090883429,3.14328135960344,3.83442171532286,7.51390827057209,2.83745610713959,6.56041996152628,5.66834422770522,3.63627567464969,4.61724047663456,4.77290414304149,4.81106642430479,4.8229609131813,4.33451434018496,4.47705798421702,3.80549738623879,6.85381243048801,30.3159038424492,3.22651221603808,3.68730015375397,4.14176500418323,6.64240997120485,10.1114039319169,11.3031402654088,6.11857349466733,7.8207954210785,0,5.67664936762311,15.1479547237552,4.61710806269395,4.81535208525778
17.1188102609971,0,0,0,0,0,0,0,16.4293358055028,3.70618364459179,0,3.99142904306746,2.95990538597107,5.36361203424731,5.43238687515259,3.54286085642301,29.0206345440978,22.0832834181578,18.0308912954199,5.82105096181234,8.01847503866468,4.2774051256873,3.97728425491857,0,11.9549383322398,0,0,5.75478304195874,2.85066390037537,0,0,0,0,2.90522524839852,4.1319522857666,3.43040117178306,6.87408197203166,2.94944436455717,3.90310613937627,50.446572303772,52.4251386854384,60.183967590332,36.9247673579625,31.7147642282339,31.819344656808,44.8013547261556,36.2584228515625,3.57490932941437,0,58.6127338409424,0,0,0,0,0,0,42.853889465332,5.53173603492529,0,4.36369196806202,0,0,53.0856581449509,0,4.14774787650918,4.21949800315765,0,0,0,0,6.53643822083257,2.96271538734436,20.5157575964928,58.545280456543,0,0,0,0,24.0586591999486,9.7400026305374,4.79446920720182,3.74412097129147,5.67664936762311,0,34.6742545997395,0,29.5479602813721
