0,0,0.0123005546998963,0,0,0,0,0,0.0227179883657204,0,0,0,0,0,0,0,0.000435652266110616,0,0.00103019272521441,0,0,0,0,0,0,0,0,0,0,0,0,0,0,0,0,0,0,0,0,0,0,0,0.00142201405245369,0,0.000149868675771979,0,0.000147302334088542,0,0.0284149143301721,0,0,0,0,0,0.0756447906542112,0,0.0017872799237326,0,0,0,0.0102357949158022,0,0,8.28191718668767e-05,0,0,0,0,0,0,0,0,0,0.00016982088002704,0,0,0,0,0,3.12823551297215e-05,0,3.00631980124644e-06,0.000400971126125316,2.24881492397341e-05,0.00790220091288494,0,0
0,0,0,0.0145856735948856,0,0,0,0,0,0.0764666221688206,0,0,0,0,0,0,7.90653265786542e-06,0,0.00255234118859666,0,0,0,0,0,0,0,0,0,0,0,0,0,0,0,0,0,0,0,0,0,0,0.0039093472830901,0,0,0,0,0,0,0,0.0158126085921173,0,0.000450934771357937,0,0,0,0.028663766274654,0,0.000138116952523353,0,0,0,0.00550050653975127,0,0,0,0,0,0,0,0,0,0,0,0,0,0,0,0,1.5810647604198e-06,0,0,0,0.00036648143061881,0,0.00464880261871995,0.00109643641859042,0
0.0123005546998963,0,0,0,0.0342373826110267,0,0,0,0.00241587264923372,0,0,0,0,0,0,0,0,0,0,0,0,0,0,0,0,0,0,0,0,0,0,0,0,0,0,0,0,0,0,0,0,0,0.00206461145706008,0,0,0,0,0,5.55631913349462e-05,0,0.040016650377081,0,0,0,0.00815186097220383,0,0.00178168480849759,0,0,0,0,0,0,5.83584946461748e-05,0,0,0,0,0,0,0,0,0,0.00095777474488103,0,0,0,0,0,0,0,3.39176399990103e-06,0.000160945120552273,0,0.00449863458422541,0,0.000603140184541212
0,0.0145856735948856,0,0,0,0.048018032327535,0,0,0,0.0101171899934272,0,0,0,0,0,0,0,0,1.18166042995503e-05,0.000848160974319902,0,0,0,0,0,0,0,0,0,0,0,0,0,0,0,0.000283056988501854,0,0,0,2.82452029159961e-05,0,0.0117657855028002,0,0,0,0.000126159011190987,0,0,0,0.0113233704842851,0,0.0372757946265802,0,0,0,0.00810530433336333,0,0.0139723977474798,0,0,0,0,0.00141667917376477,0,0,0,0,0,0,0,0,0,0.00203990478941113,0,0,0,0,0,7.34898089137485e-05,0,5.155342630923e-06,0,0.000429421648834195,0,0.00742179238425785,0.0022475462983851,0
0,0,0.0342373826110267,0,0,0,0,0,0,0,0,0,0,0,0,0,0,0,0,0,0.00510631363508501,0,0,0,0,0,0,0,0,0,0,0,0,0,0,0,0.000136689757914882,0,0,0,0,0,0,0,0,0,0,0,0,0,0.0424557596233762,0,0.020068265861857,0,0,0,0.000953227315661732,0,0,0,0,0,0,0.000262165663841068,0,0,0,0,0,0,0,0,0,0,0,0,0,0,0,2.68692890291646e-05,0,0,0.000551702024646146,0,0.00632125837597322,0,0
0,0,0,0.048018032327535,0,0,0,0.00539308531986304,0,0.00167055472016052,0,0.00101125085003793,0,0,0,0,0,0,0,0.00216102291268073,0,0,0,0,0,0,0,0,0,0,0,0,0,0,0,0.000363442265941379,0,0,0,0,0,2.81964735306455e-05,0,0,0,0,0,0,0,0.000114342048202393,0,0.105157444258239,0,0,0,0,0,0.00765079868050052,0,5.63781593672283e-05,0,8.88879774496544e-05,9.78837899427779e-05,0,0,0,0,0,0,0,0,0,0,0,0,0,0,0,4.2067982593483e-05,0,0,0,0.00247906215693045,0,0.00314688765768353,0,0
0,0,0,0,0,0,0,0,0,0,0,0,0.00502473673072472,0,0,0,0,0,0,0,0,0,0,0,0,0,0,0,0,0,0,0,0,0,0,0,0,0,0,0,0,0,0,0,0,0,0,0,0,0,0,0,0.000176102839759551,0,0,0,0,0,0.00633397171707097,0,0,0,0,0,0,0,0,0,0,0,0,0,0,0,0,0,0,0,0,0,0,0,6.96455208526459e-06,0,0,0,0
0,0,0,0,0,0.00539308531986304,0,0,0,0,0,0.00250425626876782,0,0,0,0,0,0,0,0.00021018338156864,0,0,0,0,0,0,0,0,0,0,0,0,0,0,0,0.000479246233505232,0,0,0,0,0,0,0,0,0,0,0,0,0,0,0,0,0,0.00843901937309953,0,0,0,0.0153145677013158,0,0,0,0,5.54419760221687e-05,0,0,0,0,0,0,0,0,0,0,0,0,0,0,0,0.000146179557960037,0,0,0,0.000574858687189949,0,0,0,0
0.0227179883657204,0,0.00241587264923372,0,0,0,0,0,0,0,0,0,0,0,0.00699356948797791,0,0.00210521723207369,0,0.000132021274385231,0,0,0,0,0,0.00147000594706107,0,0.000615180900192585,0,0,0,0,0,0,0,0,0,0,0,4.06106327945589e-05,0,0,0,0.00156828817994083,0,6.22388905605863e-05,0,7.38490440721877e-05,0,0.00108877901937822,0,0.0005047602334994,0,0,0,0.180820836299433,0,0.00120242893661911,0,0,0,0.008785110575439,0,0,0,0,0,0,0.000111998806447978,0,0.0184427204507343,0,0,0,0,0,0,0,0,0,0,0,1.87400951095745e-05,0.000664688101481115,0.00013463518685458,0.00454938208679081,0,0.000356291158900168
0,0.0764666221688206,0,0.0101171899934272,0,0.00167055472016052,0,0,0,0,0,0,0,0,0,0.00449568189060813,0,0.0102924907070436,1.70892940213052e-05,0,0,0,0,0.000531578271914731,0,0,0,0,0,0,0,0,0,0,0,0,0,0.00106933628459898,0,0,0,0.00139244150235883,0,0,0,0,0,0,0,0.0109025806507245,0,0.0141614586628751,0,0,0,0.0923672585612411,0,0.000211792476804931,0,0,0,0.000780506213532489,0,0,0,0,0.000255736931972078,0,0,0,0,0,0,0,0,0,4.79772629583266e-05,0,0,0,0.000141195853987273,0,0.00318333487789107,0.00090589132965344,0.00479221609088802,5.83920549913543e-05,0
0,0,0,0,0,0,0,0,0,0,0,0,0.000318209546094295,0,0,0,0,0,0,0,0.00200717053013865,0,0,0,0,0,0,0,0,0,0.00784835569217572,0,0,0,0,0,0.00108302175846917,0,0.0154987948348203,0,0,0,0,0,0,0,0,0,0,0,0,0,0,0,0,0,0.0707723138321575,0,8.47878416931351e-05,0,0,0,0,0,0,0,0,0,0,0,0,0,0,0.00707898249827027,0,0,0,0,0,4.12107207214984e-06,0,0.000820824246537502,0.00124045537685634,0,0,0,0
0,0,0,0,0,0.00101125085003793,0,0.00250425626876782,0,0,0,0,0,0.0157543063271418,0,0,0,0,0,0.0181513055202851,0,0,0,0,0,0,0,0,0,0.00147551856741406,0,0,0,0,0,0.000197099172608408,0,0.0122116613368106,0,0,0,0,0,0,0,0,0,0,0,0,0,9.67248875000841e-05,0,0.0027568860744491,0,0,0,0.10331875051395,0,0,0,0,0.00781408662787924,0,0,0,0,0,0,0,0,0,0,0,0,0,0,0,0.00122170976090582,0,0.0046139497072675,0,0.000521866932603993,0,5.31582309178542e-05,0,0
0,0,0,0,0,0,0.00502473673072472,0,0,0,0.000318209546094295,0,0,0,0,0,0,0,0,0,0,0,0,0,0,0,0,0,0,0,0,0,0,0,0,0,0,0,0,0,0,0,0,0,0,0,0,0,0,0,0,0,0,0,0,0,5.04261006426532e-05,0,0.00025964695528764,0,0,0,0,0,0,0,0,0,0,0,0,0,0,0,0,0,0,0,0,0,0,0,3.4385470826237e-06,0,0,0,0
0,0,0,0,0,0,0,0,0,0,0,0.0157543063271418,0,0,0,0,0,8.42185275263025e-05,0,0,0,0,0,0,0,0.00010399525437796,0,0.00128687196657983,0,0,0,0,0,0,0,0,0,0,0,0,0,0,0,0,0,0,0,0,0,0,0,0,0,0,0,0,0,0.0374293266794999,0,0.0014672523314165,0,0,0,0,0,0,0,0,0,0,0,0,0,0,0,0,0,0,0,0,0,0,0.000715066509254537,0,0,0,0
0,0,0,0,0,0,0,0,0.00699356948797791,0,0,0,0,0,0,0,5.29189181964866e-05,0,0,0,0,0,0,0,0.000527558594950413,0,0.000236895195078416,0,0,0,0,0,0,0,0,0,0,0,0,0,0,0,0,0,0,0,0,0,0,0,0,0,0,0,0.000962337104908445,0,0,0,0,0,0.00220007022716162,0,0,0,0,0,0,0,0,0.0199655020000179,0,0,0,0,0,0,0,0,0,0,0,0,3.13978316626162e-05,0,0,0,0
0,0,0,0,0,0,0,0,0,0.00449568189060813,0,0,0,0,0,0,1.81378451198847e-05,0.00543952089832181,0,0,0,0,0,0,0,0.00244318420448484,0,0,0,0,0,0,0,0,0,0,0,0,0,0,0,0,0,0,0,0,0,0,0,0,0,0.00445329552505302,0,0,0,0.0235504834072477,0,0,0,0,0,0.00656756354467042,0,0,0,0,0,0,0,0,0,0,0,0,0,0,0,0,0,0,0,0,0.000480017954592713,7.23948684265349e-05,0,0,0
0.000435652266110616,7.90653265786542e-06,0,0,0,0,0,0,0.00210521723207369,0,0,0,0,0,5.29189181964866e-05,1.81378451198847e-05,0,0.1462184912394,0.0698187059193216,0,5.68470976724004e-06,5.32988263051945e-05,0,0,0,0,0.000241923956502182,0,0,0,0,0,0,0,0,0,1.18520167096132e-05,0,0,0.000130361294220076,2.31170522681785e-05,0.000673356017045871,0.00162014813225309,0.000306650102743831,0.000526053411125429,0.000291819815497634,0.0017238460223896,0,6.09130728553464e-06,2.64355697572019e-05,0,0,0,0,0,0,2.86547930087038e-05,3.47002844301714e-05,0,0,0,0,0,0.00060259844060193,0,0,0,0,0,0,0,0,2.5589368170476e-05,0.000185134441590255,0,0,0,0,9.9088090076092e-05,0.000229771997207293,0,0,0.00755598333833296,0.000104894134680011,0.00309857857798672,0.000120112625419812,0.000574880346133784
0,0,0,0,0,0,0,0,0,0.0102924907070436,0,0,0,8.42185275263025e-05,0,0.00543952089832181,0.1462184912394,0,0.0348007922816562,0,0,0.00161743169376239,0,0.000225563800961846,0,0.00819942110958782,0,6.87908149175591e-05,0,0,0,0,0,0,0,0,9.25381483099245e-07,0,0,0.000156278899459228,9.88761262580955e-06,0.00331711422509834,0.000230394994653612,0.00192997192283879,3.32481243934739e-05,0.000853705673416023,0.000386876612760042,0,0,0,0,0,0,0,0,0,0,5.93833841353989e-05,0,0,0,0.000703675522510172,5.33891404848337e-05,1.48592456933562e-05,0,0,0,0,0.00248068481672928,0,0,0,5.03940750618775e-05,0,0,0,0,0,6.79921962245963e-05,6.92408727021279e-06,0,0,0.0102968130216249,0.00063857805871349,0.00194015150680187,0.00170082653970366,7.36166951956954e-05
0.00103019272521441,0.00255234118859666,0,1.18166042995503e-05,0,0,0,0,0.000132021274385231,1.70892940213052e-05,0,0,0,0,0,0,0.0698187059193216,0.0348007922816562,0,0,4.05409075950051e-05,0,0,0,0,0,0,0,0,0,0,0,0,0,0,2.2512928345751e-05,0.00019400774511095,0,1.82685893616229e-06,0.0129774793344624,0.00168795936343994,0.0488467491359752,0.0296839928777809,0.0250525584742349,0.0142627875958128,0.0188565412845256,0.0339525089386425,0,7.13497397028409e-06,0.00294495143446597,0,0,0,0,0,0,0.000532830367793084,0.00210184740134741,0,0,0,0,0.0002896091647609,0.00880132747806021,0,0,0,0,0,0,0,0,0.00320351442797949,0.0016557307493538,0,0,0,0,0.00541755105735402,0.00408301094772523,4.08299838999085e-05,3.01791966093045e-05,0.0153125646250134,7.06354477052389e-07,0.0868642673028918,0.0230462675813828,0.0176004207472588
0,0,0,0.000848160974319902,0,0.00216102291268073,0,0.00021018338156864,0,0,0,0.0181513055202851,0,0,0,0,0,0,0,0,0,0,0,0,0,0,0,0,0,0,0,0,0,0,0,0.00748421554593161,0,0.00497050760808478,0,0,0,0,0,0,0,0,0,0,0,0,0,4.02898636624517e-05,0,0,0,0,0,0.000826331631391043,0,0,0,0,0.0362937129653471,0,0,0,0,0,0,0,0,0,0,0,0,0,0,0,0.00154855483543771,0,0.00036888558217205,0,0.000205412650840903,0,0.00284485871515421,0,0
0,0,0,0,0.00510631363508501,0,0,0,0,0,0.00200717053013865,0,0,0,0,0,5.68470976724004e-06,0,4.05409075950051e-05,0,0,0,0,0,0,0,0,0,0,0,0,0,0,0,0,0,0.0122984940192292,0,0.00206476127948548,0,0,0,0,0,0,0,0.000320198796300802,0,0,0,0.00137841867429886,0,0,0,0,0,0.0354153265681997,0,0,0,0,0,0,0.0415281372801334,0,0,0,0,0,0,0,0,0,0,0,0,0,0,0,0.00421747332212644,0,0.000492707177650022,0.000199150273348403,1.64825304961671e-05,0.00262572726571964,0,0
0,0,0,0,0,0,0,0,0,0,0,0,0,0,0,0,5.32988263051945e-05,0.00161743169376239,0,0,0,0,0.000991222649925813,0.00129051032280242,0,0.00285171759412828,0,0.000587719867740095,0,0,0,0,0,0,0,0,0,0.00882402735361512,0,0,0,0,0,0,0,0,0,0.000465216942981868,0,0.00297093575528584,0,0,0,0,0,0,0,0,0,0,0,0,0,0,0.0892070951210356,0.000116980300175818,0.00196705385278444,0,0.00259966398372537,0,0.00475828696505735,0,0.000407395312080212,0,0,0,0,0,0,0,0.00167921712701227,0,0.00154371404223217,0.000183511417928803,0,0,0
0,0,0,0,0,0,0,0,0,0,0,0,0,0,0,0,0,0,0,0,0,0.000991222649925813,0,0,0.000575641830986065,0,0.000472318822374498,0,0.000802073755029315,0,0,0,0,0,0,0,0,0,0.00973783539921754,0,0,0,0,0,0,0,0,0,0.00138506195748398,0,0,0,0,0,0,0,0,0,0,0,0,0,0,0,0.000265931942777661,0.0931758705935244,0,0.00345157528498911,0,0.00307042478358066,0,0.00890595944218095,0,0.000162724285936643,0,0,0,0,0,0,0,0.00358138101150462,0.00124442440338936,0.000130901992924076,6.6915226749931e-06,0,0
0,0,0,0,0,0,0,0,0,0.000531578271914731,0,0,0,0,0,0,0,0.000225563800961846,0,0,0,0.00129051032280242,0,0,0,0.00476525960012314,0,0,0,0,0,0,0,0,0,0,0,0.00383831960761524,0,0,0,2.07749296874692e-05,0,0,0,0,0,0,0,0.00242913192787484,0,0,0,0,0,6.28576129835944e-05,0,0,0,0,0,0,0,0,0.0078163385929249,0,0.0626197593821063,0,0,0,0,0,0,0,0,0,0,0,0,0,0.000162519509937294,0,0.000101058183628015,0,0.00345625165047076,0,0
0,0,0,0,0,0,0,0,0.00147000594706107,0,0,0,0,0,0.000527558594950413,0,0,0,0,0,0,0,0.000575641830986065,0,0,0,0.0316649934465688,0,0,0,0,0,0,0,0,0,0,0,0.00358393953507863,0,0,0,2.0840585787544e-05,0,0,0,0,4.29524208013579e-05,0.000298806065294801,0,0,0,0,0,0.0611129902427051,0,0,0,0,0,0,0,0,0,0,0.00105253229881884,0,0.0887247461690429,0,0.0421296555259421,0,0,0,0,0,0,0,0,0,0,0,0.001679532785449,3.48261573890341e-06,0,0.000676262547627901,0,0
0,0,0,0,0,0,0,0,0,0,0,0,0,0.00010399525437796,0,0.00244318420448484,0,0.00819942110958782,0,0,0,0.00285171759412828,0,0.00476525960012314,0,0,0,0.000472802057560172,0,0,0,0,0,0,0,0,0,0,0,0,0,0,0,0,0,0,0,0,0,0,0,0,0,0,0,0.00115974510142564,0,0,0,0,0,0.000283013445308844,0,0,0,0,0,0,0.0486993507429276,0,0,0,0,0,0,0,0,0,0,0,0,0,5.8801762677449e-05,7.68708115518493e-06,0,0,0
0,0,0,0,0,0,0,0,0.000615180900192585,0,0,0,0,0,0.000236895195078416,0,0.000241923956502182,0,0,0,0,0,0.000472318822374498,0,0.0316649934465688,0,0,0,0,0,0,0,0,0,0,0,0,0,0,0,0,0,0,0,0,0,0,0,0,0,0,0,0,0,0,0,0,0,0,0,0,0,0,0,0,0,0,0.0029702048323807,0,0.0232298277492468,0,0,0,0,0,0,0,0,0,0,0,0,6.21998866128675e-05,0,0,0,0
0,0,0,0,0,0,0,0,0,0,0,0,0,0.00128687196657983,0,0,0,6.87908149175591e-05,0,0,0,0.000587719867740095,0,0,0,0.000472802057560172,0,0,0,0.000510671820073809,0,0,0,0,0,0,0,0.000496759903779222,0,0,0,0,0,0,0,0,0,0,0,1.25884939648473e-05,0,0,0,0,0,0,0,7.96289314166643e-05,0,0.00404131786131637,0,0,0,0,0.000118428389568886,0,0,0,0.00135359542075304,0,0.0266253206509209,0,2.07907439856125e-05,0,0,0,0,0,0,0,0.00012593178205152,0,0.000615042674101459,5.19123064911233e-05,0,0,0
0,0,0,0,0,0,0,0,0,0,0,0,0,0,0,0,0,0,0,0,0,0,0.000802073755029315,0,0,0,0,0,0,0,0.00158845900166207,0,0,0,0,0,0,0,0.000282738141209532,0,0,0,0,0,0,0,0,0,0,0,0,0,0,0,0,0,0,0,0,0,0,0,0,0,0,0.000255615701376436,0,0,0,0,0,0.0236879357849897,0,0.000679064141624221,0,0,0,0,0,0,0,0.000284951897303221,0.000146500033377711,0.000158595007077718,0,0,0
0,0,0,0,0,0,0,0,0,0,0,0.00147551856741406,0,0,0,0,0,0,0,0,0,0,0,0,0,0,0,0.000510671820073809,0,0,0,0,0,0,0,0,0,0.00338310120383895,0,0,0,0,0,0,0,0,0,0,0,0,0,0,0,0,0,0,0,0.0002006152208196,0,0,0,0,0,0,0,0,0,0,0,0,0.000103469313893081,0,0.0253573132175135,0,0,0,0,0,0,0,0.000236639846083497,0,0,0,0,0,0
0,0,0,0,0,0,0,0,0,0,0.00784835569217572,0,0,0,0,0,0,0,0,0,0,0,0,0,0,0,0,0,0.00158845900166207,0,0,0,0,0,0,0,0,0,0.000784929243634328,0,0,0,0,0,0,0,0,0,0,0,0,0,0,0,0,0,0.00133725540726425,0,0,0,0,0,0,0,0,0,0,0,0,0,0,0.00388789133868834,0,0.0241937347261795,0,0,0,0,0,0,0,0.00167167497676721,0,0,0,0,0
0,0,0,0,0,0,0,0,0,0,0,0,0,0,0,0,0,0,0,0,0,0,0,0,0,0,0,0,0,0,0,0,0.175186798730793,0.00310745082129124,0.0110064923516064,0.000656328310483779,0.000692878028218555,0,0,0,6.13077585218773e-05,0,0,0,0,0,0,0.246692919108992,0.00147207076263128,0,0,0,0,0,0,0,0,0,0,0,0,0,0,0,0,0,0,0,0,0,0,0,0,0,0.0689432940722093,0.0525830527517157,0.0204292239253176,0,0.00340122198472999,0.000761746154927976,0,0,0.00162907930893941,0,0,0,0
0,0,0,0,0,0,0,0,0,0,0,0,0,0,0,0,0,0,0,0,0,0,0,0,0,0,0,0,0,0,0,0.175186798730793,0,7.11422487872622e-05,0.00189777342319614,8.30330009887265e-06,0.00567141749531263,0,0,0,0,0,0,0,0,0,0,0.0416828854586934,0,0,0,0,0,0,0,0,0,0,0,0,0,0,0,0,0,0,0,0,0,0,0,0,0,0,0.0478342794592693,0.14954390855,0.0033382287725887,0.00235860375384215,0,0.00308794928825302,0,0,0.000591937536625119,0,0,0,0
0,0,0,0,0,0,0,0,0,0,0,0,0,0,0,0,0,0,0,0,0,0,0,0,0,0,0,0,0,0,0,0.00310745082129124,7.11422487872622e-05,0,0.0754406134884389,0.00906854462829086,2.92299417004521e-06,0.00389598180157365,0.0012273689890379,0,0,0,0,0,0,0,0,0.104594627420509,9.10935618723572e-05,0.000893453536000955,0,0,0,0,0,0,0,0,0,0,0,0,0,0,0,0,0,0,0,0,0,0,0,0,0.0072827904953578,0,0.104163351384201,0.0742488092309944,0.00677525409363355,0.000121396096919973,0.00961412517768585,0.000155113100035145,0.0024581308005909,0,0,0,0
0,0,0,0,0,0,0,0,0,0,0,0,0,0,0,0,0,0,0,0,0,0,0,0,0,0,0,0,0,0,0,0.0110064923516064,0.00189777342319614,0.0754406134884389,0,0,0.01125524304996,0,0.0017858038252056,0,0,0,0,0,0,0,0,0.13337527967343,0.000116039810537445,0,0,0,0,0,0,0,0,0,0,0,0,0,0,0,0,0,0,0,0,0,0,0,0,0,0,0.000934236622975155,0.0333649457179766,0.189938527570749,0,0.00380351950350453,0,0.00616035760392062,0.000536762309815408,0,0,0,0
0,0,0,0.000283056988501854,0,0.000363442265941379,0,0.000479246233505232,0,0,0,0.000197099172608408,0,0,0,0,0,0,2.2512928345751e-05,0.00748421554593161,0,0,0,0,0,0,0,0,0,0,0,0.000656328310483779,8.30330009887265e-06,0.00906854462829086,0,0,0.00633290997224304,0.0168751005288717,1.79950288552778e-05,8.30984869543043e-05,0,1.32740163245168e-05,0,4.34024264454457e-06,0,3.6655652768411e-05,0,0.00350714818937281,5.15657432377395e-05,0.000397200685492425,0,2.68689444203805e-06,0,0,0,1.09791927627569e-05,0,7.7252257846213e-07,0,0,0,0,0.00366650301740448,0,0,0,0,0,0,0,0,0,0,0,0.00112751916218641,1.23016483944796e-05,0.00681955169767867,0,0.0716074082176793,0.00194340028609644,0.00846203568716526,0,0.00278781242473185,0.000184968766135805,0.00478235474718963,1.69861908560474e-06,0
0,0,0,0,0.000136689757914882,0,0,0,0,0,0.00108302175846917,0,0,0,0,0,1.18520167096132e-05,9.25381483099245e-07,0.00019400774511095,0,0.0122984940192292,0,0,0,0,0,0,0,0,0,0,0.000692878028218555,0.00567141749531263,2.92299417004521e-06,0.01125524304996,0.00633290997224304,0,0,0.010954622188011,0,0.000147027394416156,0,0.00016440391541379,1.26286259390963e-06,8.54010413445716e-05,0,0.000433222715791113,0.000693566713758089,0.000111003202725815,0,9.17619405671199e-05,0,0,0,0,0,0.00208649784279119,0,0,0,0,0,0,0.00769644154293127,0,0,0,0,0,0,0,0,0,4.653097916954e-05,0,0.00173145358160339,0,0.00332363580181667,0.000180686244284681,0.0913261929591313,0,0.0105817828502729,0.00573465555037074,1.67429630152469e-05,0.00323045541127218,0,3.11195085365671e-06
0,0,0,0,0,0,0,0,0,0.00106933628459898,0,0.0122116613368106,0,0,0,0,0,0,0,0.00497050760808478,0,0.00882402735361512,0,0.00383831960761524,0,0,0,0.000496759903779222,0,0.00338310120383895,0,0,0,0.00389598180157365,0,0.0168751005288717,0,0,0.00211581616747625,0,0,4.16306694289538e-05,0,0,0,0,0,0.0127476526865159,0,0.00131230692612755,0,0,0,0,0,0.000192159815556657,0,0.00126969356103467,0,0,0,0,0.00401310350526843,0,0.00451143074540492,0,0.00532647075977406,0,0,0,0.00200613542016135,0,0.00148823827964775,0,0,0,0.00549427765028191,0,0.00257242111549718,0,0.0752775554811762,2.65951640257651e-05,0.0017212323650738,0,0.00112739907744206,0,0
0,0,0,0,0,0,0,0,4.06106327945589e-05,0,0.0154987948348203,0,0,0,0,0,0,0,1.82685893616229e-06,0,0.00206476127948548,0,0.00973783539921754,0,0.00358393953507863,0,0,0,0.000282738141209532,0,0.000784929243634328,0,0,0.0012273689890379,0.0017858038252056,1.79950288552778e-05,0.010954622188011,0.00211581616747625,0,0,0,0,0.000433459220978051,0,0,0,0,0.0050412576266194,0.00351518538741915,0,0,0,0,0,0.000281194369218533,0,0.00546107882648447,0,0,0,0,0,0,1.5898320755806e-05,0,0.00529366362413923,0,0.00712745952213061,0,0,0,0.000795288859753588,0,0.00223259661045563,0,0,0,0.00407984246004002,0,0.00175827427678501,0.000547503670743713,0.122869671615645,0.00179923334001786,0.000493258527485268,0.00234384365731807,0,0
0,0,0,2.82452029159961e-05,0,0,0,0,0,0,0,0,0,0,0,0,0.000130361294220076,0.000156278899459228,0.0129774793344624,0,0,0,0,0,0,0,0,0,0,0,0,0,0,0,0,8.30984869543043e-05,0,0,0,0,0,0.0845626631111023,9.59151721946335e-05,0.0227562591502539,0.000137311847831465,0.0169273054463322,0.000390217924318333,0.00044478356017932,0,0.021532119110296,0,0,0,0,0,0,0,0.000193565978583545,0,0,0,0,0.00097645548782325,2.63191621441405e-05,0,0,0,0,0,0,0,0,0.000185473709262417,0,0,0,0,0,0.00254256569040906,6.34187572896025e-07,0,0,0.00020262552665773,5.31931458637291e-06,0.0732447850143551,0.0123799041554552,3.12164576804662e-05
0,0,0,0,0,0,0,0,0,0,0,0,0,0,0,0,2.31170522681785e-05,9.88761262580955e-06,0.00168795936343994,0,0,0,0,0,0,0,0,0,0,0,0,6.13077585218773e-05,0,0,0,0,0.000147027394416156,0,0,0,0,3.92474241977668e-05,0.00742585502473993,0,0.0019289677635315,7.11964555952986e-06,0.00262315242856724,0.017984368734703,0.0570843492314123,2.18935639785067e-05,0,0,0,0,0,0,3.42198603368461e-05,0,0,0,0,0,0,0.000139403783123871,0,0,0,0,0,0,0,0,0,1.80441541074248e-05,0,0,0,0,9.59190428410171e-07,0.00682883823595758,0,0.000299312285202991,7.94647075152071e-05,0,0.0190594825521946,0,0.00571160609558995
0,0.0039093472830901,0,0.0117657855028002,0,2.81964735306455e-05,0,0,0,0.00139244150235883,0,0,0,0,0,0,0.000673356017045871,0.00331711422509834,0.0488467491359752,0,0,0,0,2.07749296874692e-05,0,0,0,0,0,0,0,0,0,0,0,1.32740163245168e-05,0,4.16306694289538e-05,0,0.0845626631111023,3.92474241977668e-05,0,0.0121082445584557,0.0245200734955548,0.00017853626807958,0.00748198074201057,0.000385566405181177,0.00455596475852354,0,0.0171994040507809,0,1.58544143033959e-05,0,0,0,0.000203085107181125,4.53302304847012e-06,0.0305869950371309,0,0,0,0,0.00461554408581218,7.29905553474956e-05,0,0,0,0,0,0,0,0,0.0248981470512347,7.10097062968944e-05,0,0,0,0,0.010158460660366,2.23523198096157e-05,0.00104974889982671,0,0.00489473542921899,5.56385875212293e-05,0.147973924394351,0.119958200602539,0.000656254032509095
0.00142201405245369,0,0.00206461145706008,0,0,0,0,0,0.00156828817994083,0,0,0,0,0,0,0,0.00162014813225309,0.000230394994653612,0.0296839928777809,0,0,0,0,0,2.0840585787544e-05,0,0,0,0,0,0,0,0,0,0,0,0.00016440391541379,0,0.000433459220978051,9.59151721946335e-05,0.00742585502473993,0.0121082445584557,0,0.000618328253129649,0.0155137216255905,0.000180218262314025,0.0212685712660349,0.00150590499008364,0.0364017718630097,1.59222638032605e-05,0,0,0,0,0.000105045255287791,0,0.0174006565192913,3.63649225950283e-05,1.40023831377307e-05,0,0.000499409027428832,0,0,0.00841527575216595,0,0,0,9.4582383044926e-05,0,0,0,0,4.96663506685034e-05,0.0115753444498189,0,0,0,0,3.42611483202889e-06,0.00652735516037722,0,0.000382836337713349,0.0063650959709909,0.000128485479153672,0.188561653725868,0.000934208410417853,0.133588490708425
0,0,0,0,0,0,0,0,0,0,0,0,0,0,0,0,0.000306650102743831,0.00192997192283879,0.0250525584742349,0,0,0,0,0,0,0,0,0,0,0,0,0,0,0,0,4.34024264454457e-06,1.26286259390963e-06,0,0,0.0227562591502539,0,0.0245200734955548,0.000618328253129649,0,0.00270722758996256,0.0126350100320518,0.000433681306224537,0,0,0.000118068734316643,0,0,0,0,0,0,9.06078882754579e-06,0.000470233812268064,0,0,0,0,0.000629364662094401,0.000144021028052164,0,0,0,0,0,0,0,0,0.000465656042139221,4.10229013024666e-05,0,0,0,0,0.00326738729827892,1.50649943243914e-05,0,0,0.000660731393049003,9.60588935753163e-06,0.0168974662452429,0.00864477009650244,0.00122718378417872
0.000149868675771979,0,0,0,0,0,0,0,6.22388905605863e-05,0,0,0,0,0,0,0,0.000526053411125429,3.32481243934739e-05,0.0142627875958128,0,0,0,0,0,0,0,0,0,0,0,0,0,0,0,0,0,8.54010413445716e-05,0,0,0.000137311847831465,0.0019289677635315,0.00017853626807958,0.0155137216255905,0.00270722758996256,0,0.000235804296268694,0.0129096938351616,0,0,0,0,0,0,0,0,0,8.88545664797978e-05,1.48381710856506e-05,0,0,0,0,0,0.00339983853836114,0,0,0,0,0,0,0,0,0,0.000319124423501509,0,0,0,0,4.42833921000245e-06,0.00154557075867635,0,8.24998162309417e-06,0.000423579021956788,9.83717649906942e-06,0.0182225762584468,0.00169800262364327,0.00637532396133676
0,0,0,0.000126159011190987,0,0,0,0,0,0,0,0,0,0,0,0,0.000291819815497634,0.000853705673416023,0.0188565412845256,0,0,0,0,0,0,0,0,0,0,0,0,0,0,0,0,3.6655652768411e-05,0,0,0,0.0169273054463322,7.11964555952986e-06,0.00748198074201057,0.000180218262314025,0.0126350100320518,0.000235804296268694,0,0.000190289369428651,0,0.000186807537062947,0.000598312795953968,0,0,0,0,0,0,0,0.00176241977731498,0,0,0,0,0.0539026506428858,2.937720891808e-05,0,0,0,0,0,0,0,0,0.00155812179339606,9.66164111224771e-06,0,0,0,0,0.00875973204655762,4.04554346176907e-06,1.83014364203203e-05,0,0.000280417159168266,1.11720909832227e-05,0.0441643347664921,0.000575917116209966,0.000105712744299344
0.000147302334088542,0,0,0,0,0,0,0,7.38490440721877e-05,0,0,0,0,0,0,0,0.0017238460223896,0.000386876612760042,0.0339525089386425,0,0.000320198796300802,0,0,0,0,0,0,0,0,0,0,0,0,0,0,0,0.000433222715791113,0,0,0.000390217924318333,0.00262315242856724,0.000385566405181177,0.0212685712660349,0.000433681306224537,0.0129096938351616,0.000190289369428651,0,0,0.000662554880936058,0,0,0,0,0,0,0,0.000332663386889674,1.15709908504088e-05,0,0,0,0,0,0.0528215539355772,0,0,0,0,0,0,0,0,5.89529687686973e-05,0.00125018627195228,0,0,0,0,2.99376848430155e-06,0.00807575914773115,0,9.3937716224233e-06,0.000848335704399676,2.43265530294875e-05,0.0392892154604765,0.000198352878270911,0.000905101495284234
0,0,0,0,0,0,0,0,0,0,0,0,0,0,0,0,0,0,0,0,0,0.000465216942981868,0,0,4.29524208013579e-05,0,0,0,0,0,0,0.246692919108992,0.0416828854586934,0.104594627420509,0.13337527967343,0.00350714818937281,0.000693566713758089,0.0127476526865159,0.0050412576266194,0.00044478356017932,0.017984368734703,0.00455596475852354,0.00150590499008364,0,0,0,0,0,0.087508300569834,0.0375252558118034,0,0,0,0,0,1.83481761347568e-05,0,0,0,0,0,0,0,0,0.00048287612386708,0,0.00125574327066861,0.000566007790603532,0,0,0,0,9.07023127083e-05,0,0.0608944272680691,0.0432001416623939,0.0253391341154174,0.0460954502113677,0.00908400102408313,0.020692171509914,0.00890089931442838,0.00520230814922123,0.00529760921348633,0,0.0289914549231001,4.49969748778998e-05,0
0.0284149143301721,0,5.55631913349462e-05,0,0,0,0,0,0.00108877901937822,0,0,0,0,0,0,0,6.09130728553464e-06,0,7.13497397028409e-06,0,0,0,0.00138506195748398,0,0.000298806065294801,0,0,0,0,0,0,0.00147207076263128,0,9.10935618723572e-05,0.000116039810537445,5.15657432377395e-05,0.000111003202725815,0,0.00351518538741915,0,0.0570843492314123,0,0.0364017718630097,0,0,0.000186807537062947,0.000662554880936058,0.087508300569834,0,0.00951019574014932,0.00590383672940059,0,0,0,0.00131918778505402,0,0.00189823613093226,0,0.000205573356769268,0,0.0058984147218704,0,0,0.000105675303804295,0,0.000485988680264469,0,0.0032401683675864,0,0,0,0.00192721162364932,0,0.00815682861787861,0,0.00238237287882396,0,0.000788409700954749,0.000299858262591905,0.0120907677576126,0,0.00590793552013579,0.0004545171857476,1.88213108705019e-05,0.0394999111191904,0,4.51501530664995e-05
0,0.0158126085921173,0,0.0113233704842851,0,0.000114342048202393,0,0,0,0.0109025806507245,0,0,0,0,0,0,2.64355697572019e-05,0,0.00294495143446597,0,0,0.00297093575528584,0,0.00242913192787484,0,0,0,1.25884939648473e-05,0,0,0,0,0,0.000893453536000955,0,0.000397200685492425,0,0.00131230692612755,0,0.021532119110296,2.18935639785067e-05,0.0171994040507809,1.59222638032605e-05,0.000118068734316643,0,0.000598312795953968,0,0.0375252558118034,0.00951019574014932,0,0,0.00557503290091399,0,0,0,0.00955591393709704,0,0.0028201949593825,0,0,0,0.00619997887829481,7.07355463505258e-05,0,0.00269304934434854,0,0.0112259475177415,0,0,0,0.00038865849328288,0,0.00685300872616724,0,0,0,0.00120761321667575,0,0.00248975993074496,4.05041437321588e-06,0.00456761541702207,0,0.00079403220291232,8.84867682921674e-07,0.0319427108102748,0.000345847832914855,0
0,0,0.040016650377081,0,0.0424557596233762,0,0,0,0.0005047602334994,0,0,0,0,0,0,0,0,0,0,0,0.00137841867429886,0,0,0,0,0,0,0,0,0,0,0,0,0,0,0,9.17619405671199e-05,0,0,0,0,0,0,0,0,0,0,0,0.00590383672940059,0,0,0,0,0,0.00623503942562172,0,0.0140479113554111,0,0.0216260177403687,0,0.023703965678194,0,0,0.000588899577739972,0,0,0,0,0,0,0,0,0,0,0,0,0,0,0,0,0,0,0.000187734193787121,0,0.00454991347878991,0,0
0,0.000450934771357937,0,0.0372757946265802,0,0.105157444258239,0,0,0,0.0141614586628751,0,9.67248875000841e-05,0,0,0,0.00445329552505302,0,0,0,4.02898636624517e-05,0,0,0,0,0,0,0,0,0,0,0,0,0,0,0,2.68689444203805e-06,0,0,0,0,0,1.58544143033959e-05,0,0,0,0,0,0,0,0.00557503290091399,0,0,0,0.00388094369839824,0,0,0,0.0138836356371671,0,0.00341441508884108,0,0.0303720052332462,4.43527937927539e-05,0,0,0,0,0,0,0,0,0,0,0,0,0,0,0,0,0,0,0,0.000342266429216274,0,0.00076407916443506,0,0
0,0,0,0,0.020068265861857,0,0.000176102839759551,0,0,0,0,0,0,0,0,0,0,0,0,0,0,0,0,0,0,0,0,0,0,0,0,0,0,0,0,0,0,0,0,0,0,0,0,0,0,0,0,0,0,0,0,0,0,0,0,0,0,0,0.00310325075986943,0,0,0,0,0,0,0,0,0,0,0,0,0,0,0,0,0,0,0,0,0,0,0,0.000243564219796144,0,0,0,0
0,0,0,0,0,0,0,0.00843901937309953,0,0,0,0.0027568860744491,0,0,0,0,0,0,0,0,0,0,0,0,0,0,0,0,0,0,0,0,0,0,0,0,0,0,0,0,0,0,0,0,0,0,0,0,0,0,0,0.00388094369839824,0,0,0,0,0,0.0333681510949024,0,0,0,0,0,0,0,0,0,0,0,0,0,0,0,0,0,0,0,0,0,0,0,0,2.87397454281623e-06,0,0,0,0
0.0756447906542112,0,0.00815186097220383,0,0,0,0,0,0.180820836299433,0,0,0,0,0,0.000962337104908445,0,0,0,0,0,0,0,0,0,0.0611129902427051,0,0,0,0,0,0,0,0,0,0,0,0,0,0.000281194369218533,0,0,0,0.000105045255287791,0,0,0,0,0,0.00131918778505402,0,0.00623503942562172,0,0,0,0,0,8.71602336228842e-05,0,0,0,0.0836710628554329,0,0,0,0,0,0,0.022602274331648,0,0.000406097430100292,0,0,0,0,0,0,0,0,0,0,0,0.000667814997256972,0.00012459231167498,0,0.000273419440582127,0,0
0,0.028663766274654,0,0.00810530433336333,0,0,0,0,0,0.0923672585612411,0,0,0,0,0,0.0235504834072477,0,0,0,0,0,0,0,6.28576129835944e-05,0,0.00115974510142564,0,0,0,0,0,0,0,0,0,1.09791927627569e-05,0,0.000192159815556657,0,0,0,0.000203085107181125,0,0,0,0,0,1.83481761347568e-05,0,0.00955591393709704,0,0,0,0,0,0,0,0.000349837285133472,0,0,0,0.0656631742614394,0,0,0,0,0.00212183721888703,0,0,0,0,0,0,0,0,0,0.000194100519317491,0,0,0,9.03086748869251e-05,0,2.08273502969645e-05,0,0.00308975204787957,0.000850069575140486,0
0.0017872799237326,0,0.00178168480849759,0,0.000953227315661732,0,0,0,0.00120242893661911,0,0.0707723138321575,0,5.04261006426532e-05,0,0,0,2.86547930087038e-05,0,0.000532830367793084,0,0.0354153265681997,0,0,0,0,0,0,0,0,0,0.00133725540726425,0,0,0,0,0,0.00208649784279119,0,0.00546107882648447,0,3.42198603368461e-05,4.53302304847012e-06,0.0174006565192913,9.06078882754579e-06,8.88545664797978e-05,0,0.000332663386889674,0,0.00189823613093226,0,0.0140479113554111,0,0,0,8.71602336228842e-05,0,0,0,0.000602470031770974,0,0.000454561685745068,0,0,0.0267509578382517,0,0,0,0,0,0,0,1.75481481445522e-05,0,0.0133181640863499,0,0,0,0,0,0.000233126356702968,0,3.42016567071739e-05,0.00103004289162052,2.89670208826911e-05,0.0240426321568563,1.14764862262776e-05,0.00105650249429247
0,0.000138116952523353,0,0.0139723977474798,0,0.00765079868050052,0,0.0153145677013158,0,0.000211792476804931,0,0.10331875051395,0,0.0374293266794999,0,0,3.47002844301714e-05,5.93833841353989e-05,0.00210184740134741,0.000826331631391043,0,0,0,0,0,0,0,7.96289314166643e-05,0,0.0002006152208196,0,0,0,0,0,7.7252257846213e-07,0,0.00126969356103467,0,0.000193565978583545,0,0.0305869950371309,3.63649225950283e-05,0.000470233812268064,1.48381710856506e-05,0.00176241977731498,1.15709908504088e-05,0,0,0.0028201949593825,0,0.0138836356371671,0,0.0333681510949024,0,0.000349837285133472,0,0,0,0,0,0,0.0335093922740413,5.55692778903967e-06,0,0,0,0,0,0,0,0,0.000507941632630412,0,0,0,0,0,0.000177518252406117,2.95391316011955e-06,5.91727543093826e-05,0,0.000813540736952035,2.22390472907142e-06,0.0225555292295811,0.00215858285049586,6.0116208186245e-05
0,0,0,0,0,0,0.00633397171707097,0,0,0,8.47878416931351e-05,0,0.00025964695528764,0,0,0,0,0,0,0,0,0,0,0,0,0,0,0,0,0,0,0,0,0,0,0,0,0,0,0,0,0,1.40023831377307e-05,0,0,0,0,0,0.000205573356769268,0,0.0216260177403687,0,0.00310325075986943,0,0,0,0.000602470031770974,0,0,0,0.00161240504790429,0,0,0,0,0,0,0,0,0,0,0,0,0,0,0,0,0,0,0,0,0,0,0,0.000269772894807499,0,0
0,0,0,0,0,5.63781593672283e-05,0,0,0,0,0,0,0,0.0014672523314165,0,0,0,0,0,0,0,0,0,0,0,0,0,0.00404131786131637,0,0,0,0,0,0,0,0,0,0,0,0,0,0,0,0,0,0,0,0,0,0,0,0.00341441508884108,0,0,0,0,0,0,0,0,0,0,0,0,0,0,0,0,0,0,0.00589711521493555,0,0,0,0,0,0,0,0,0,0,0,0.000856131423191517,1.41055335445787e-05,0,0,0
0.0102357949158022,0,0,0,0,0,0,0,0.008785110575439,0,0,0,0,0,0.00220007022716162,0,0,0,0,0,0,0,0,0,0,0,0,0,0,0,0,0,0,0,0,0,0,0,0,0,0,0,0.000499409027428832,0,0,0,0,0,0.0058984147218704,0,0.023703965678194,0,0,0,0.0836710628554329,0,0.000454561685745068,0,0.00161240504790429,0,0,0,0,0,0,0,0,0,0,0.000150005551200604,0,1.97406638708097e-05,0,0,0,0,0,0,0,0,0,0,0,0,0.00241336109800405,0,0
0,0.00550050653975127,0,0,0,8.88879774496544e-05,0,0,0,0.000780506213532489,0,0,0,0,0,0.00656756354467042,0,0.000703675522510172,0,0,0,0,0,0,0,0.000283013445308844,0,0,0,0,0,0,0,0,0,0,0,0,0,0,0,0,0,0,0,0,0,0,0,0.00619997887829481,0,0.0303720052332462,0,0,0,0.0656631742614394,0,0,0,0,0,0,0,0,0,0,0,0,0,0,0,0,0,0,0,0,0,0,0,0,0,0,0.000282482541646849,0,5.62472387482578e-06,0,0
0,0,0,0.00141667917376477,0,9.78837899427779e-05,0,5.54419760221687e-05,0,0,0,0.00781408662787924,0,0,0,0,0,5.33891404848337e-05,0.0002896091647609,0.0362937129653471,0,0,0,0,0,0,0,0,0,0,0,0,0,0,0,0.00366650301740448,0,0.00401310350526843,0,0.00097645548782325,0,0.00461554408581218,0,0.000629364662094401,0,0.0539026506428858,0,0,0,7.07355463505258e-05,0,4.43527937927539e-05,0,0,0,0,0,0.0335093922740413,0,0,0,0,0,0,0,0,0,0,0,0,0,0,0.000551441410968262,0,0,0,0,0,0.0126971674571959,0,0.000162856618951873,0,0.000187575135214782,5.14686165873692e-07,0.025934264368429,0,0
8.28191718668767e-05,0,5.83584946461748e-05,0,0.000262165663841068,0,0,0,0,0,0,0,0,0,0,0,0.00060259844060193,1.48592456933562e-05,0.00880132747806021,0,0.0415281372801334,0,0,0,0,0,0,0,0,0,0,0,0,0,0,0,0.00769644154293127,0,1.5898320755806e-05,2.63191621441405e-05,0.000139403783123871,7.29905553474956e-05,0.00841527575216595,0.000144021028052164,0.00339983853836114,2.937720891808e-05,0.0528215539355772,0,0.000105675303804295,0,0.000588899577739972,0,0,0,0,0,0.0267509578382517,5.55692778903967e-06,0,0,0,0,0,0,0,0,0,0,0,0,0,0,0,0.0187667165495019,0,0,0,0,0,0.00998696430576356,0,0.000365069150203878,0.000540844182662872,5.87071666341871e-06,0.0312445813485369,0.000169161665479643,0.0014249719067025
0,0,0,0,0,0,0,0,0,0,0,0,0,0,0,0,0,0,0,0,0,0.0892070951210356,0.000265931942777661,0.0078163385929249,0,0,0,0.000118428389568886,0,0,0,0,0,0,0,0,0,0.00451143074540492,0,0,0,0,0,0,0,0,0,0.00048287612386708,0,0.00269304934434854,0,0,0,0,0,0,0,0,0,0,0,0,0,0,0,0,0.0272945418627207,0,0,0,0.000452113438063386,0,0.000458287617469117,0,0,0,0,0,0,0,0.00139127095221442,0,0.000877730784497963,4.81203005620046e-06,0,0,0
0,0,0,0,0,0,0,0,0,0,0,0,0,0,0,0,0,0,0,0,0,0.000116980300175818,0.0931758705935244,0,0.00105253229881884,0,0,0,0.000255615701376436,0,0,0,0,0,0,0,0,0,0.00529366362413923,0,0,0,0,0,0,0,0,0,0.000485988680264469,0,0,0,0,0,0,0,0,0,0,0,0,0,0,0,0,0,0,0.00909059046895358,0,0.000995397419590643,0,0.0179446844017701,0,0.00023933428928111,0,0,0,0,0,0,0,0.00487390208731363,0.00169293716263866,0,0,0,0
0,0,0,0,0,0,0,0,0,0.000255736931972078,0,0,0,0,0,0,0,0,0,0,0,0.00196705385278444,0,0.0626197593821063,0,0,0,0,0,0,0,0,0,0,0,0,0,0.00532647075977406,0,0,0,0,0,0,0,0,0,0.00125574327066861,0,0.0112259475177415,0,0,0,0,0,0.00212183721888703,0,0,0,0,0,0,0,0,0.0272945418627207,0,0,0,0.010159662629585,0,0.000179549483732229,0,8.63633176965972e-05,0,0,0,0.000440810538529048,0,0,0,0.00558698466124348,0,0.000466043343230978,0,0.0128801504070302,0,0
0,0,0,0,0,0,0,0,0.000111998806447978,0,0,0,0,0,0,0,0,0,0,0,0,0,0.00345157528498911,0,0.0887247461690429,0,0.0029702048323807,0,0,0,0,0,0,0,0,0,0,0,0.00712745952213061,0,0,0,9.4582383044926e-05,0,0,0,0,0.000566007790603532,0.0032401683675864,0,0,0,0,0,0.022602274331648,0,0,0,0,0,0,0,0,0,0,0.00909059046895358,0,0,0,0.00998238941404293,0,0,0,0,0,0,0,0,0,0,0,0.0110433746797654,0.000136230484928879,0,0.0040227062770785,0,0
0,0,0,0,0,0,0,0,0,0,0,0,0,0,0,0,0,0.00248068481672928,0,0,0,0.00259966398372537,0,0,0,0.0486993507429276,0,0.00135359542075304,0,0,0,0,0,0,0,0,0,0,0,0,0,0,0,0,0,0,0,0,0,0,0,0,0,0,0,0,0,0,0,0,0,0,0,0,0,0,0.010159662629585,0,0,0,0.00616319853818953,0,0,0,0,0,0,0,0,0,0,0,2.78123497992055e-05,0,0,0,0
0,0,0,0,0,0,0,0,0.0184427204507343,0,0,0,0,0,0.0199655020000179,0,0,0,0,0,0,0,0.00307042478358066,0,0.0421296555259421,0,0.0232298277492468,0,0,0,0,0,0,0,0,0,0,0,0,0,0,0,0,0,0,0,0,0,0,0,0,0,0,0,0.000406097430100292,0,0,0,0,0,0.000150005551200604,0,0,0,0,0.000995397419590643,0,0.00998238941404293,0,0,0,0.00136661507665427,0,0,0,0,0,0,0,0,0,0,0,0,0,0,0
0,0,0,0,0,0,0,0,0,0,0,0,0,0,0,0,0,0,0,0,0,0.00475828696505735,0,0,0,0,0,0.0266253206509209,0,0.000103469313893081,0,0,0,0,0,0,0,0.00200613542016135,0,0,0,0,0,0,0,0,0,0,0,0.00038865849328288,0,0,0,0,0,0,0,0,0,0.00589711521493555,0,0,0,0,0.000452113438063386,0,0.000179549483732229,0,0.00616319853818953,0,0,0,0.0109033703764445,0,0,0,0,0,0,0,0.00627677596649498,0,6.87438567464882e-05,2.82567701140046e-05,0,0,0
0,0,0,0,0,0,0,0,0,0,0,0,0,0,0,0,0,0,0,0,0,0,0.00890595944218095,0,0,0,0,0,0.0236879357849897,0,0.00388789133868834,0,0,0,0,0,0,0,0.000795288859753588,0,0,0,0,0,0,0,0,0,0.00192721162364932,0,0,0,0,0,0,0,1.75481481445522e-05,0,0,0,1.97406638708097e-05,0,0,0,0,0.0179446844017701,0,0,0,0.00136661507665427,0,0,0,0.00528933187593508,0,0,0,0,0,0,0,0.00866907268597047,6.8829312068157e-05,0,5.99770383063374e-06,0,0
0,0,0,0.00203990478941113,0,0,0,0,0,0,0,0,0,0,0,0,2.5589368170476e-05,5.03940750618775e-05,0.00320351442797949,0,0,0.000407395312080212,0,0,0,0,0,2.07907439856125e-05,0,0.0253573132175135,0,0,0,0,0,0,0,0.00148823827964775,0,0.000185473709262417,0,0.0248981470512347,4.96663506685034e-05,0.000465656042139221,0,0.00155812179339606,5.89529687686973e-05,9.07023127083e-05,0,0.00685300872616724,0,0,0,0,0,0,0,0.000507941632630412,0,0,0,0,0.000551441410968262,0,0.000458287617469117,0,8.63633176965972e-05,0,0,0,0.0109033703764445,0,0,0,0,0,0,0,0.000154495878131886,1.47577102531989e-06,0.0171689531337392,0,6.59371567308624e-05,3.79415260384985e-07,0.00811473995654168,0.00627393737261103,0.000126831737997521
0.00016982088002704,0,0.00095777474488103,0,0,0,0,0,0,0,0.00707898249827027,0,0,0,0,0,0.000185134441590255,0,0.0016557307493538,0,0,0,0.000162724285936643,0,0,0,0,0,0.000679064141624221,0,0.0241937347261795,0,0,0,0,0,4.653097916954e-05,0,0.00223259661045563,0,1.80441541074248e-05,7.10097062968944e-05,0.0115753444498189,4.10229013024666e-05,0.000319124423501509,9.66164111224771e-06,0.00125018627195228,0,0.00815682861787861,0,0,0,0,0,0,0,0.0133181640863499,0,0,0,0,0,0,0.0187667165495019,0,0.00023933428928111,0,0,0,0,0,0.00528933187593508,0,0,0,0,0,0,0,0.000364005594410019,0,0.0118028846288941,0.000404486253091289,1.18258290817859e-05,0.0429364559557174,3.11622357194986e-05,0.00711449927747223
0,0,0,0,0,0,0,0,0,0,0,0,0,0,0,0,0,0,0,0,0,0,0,0,0,0,0,0,0,0,0,0.0689432940722093,0.0478342794592693,0.0072827904953578,0,0.00112751916218641,0,0,0,0,0,0,0,0,0,0,0,0.0608944272680691,0,0,0,0,0,0,0,0,0,0,0,0,0,0,0,0,0,0,0,0,0,0,0,0,0,0,0,0.00434765436041927,0.123661326226536,0,0.00286251076266248,3.61910235934872e-05,0,0,0.000416371621931552,0,0,0,0
0,0,0,0,0,0,0,0,0,0,0,0,0,0,0,0,0,0,0,0,0,0,0,0,0,0,0,0,0,0,0,0.0525830527517157,0.14954390855,0,0.000934236622975155,1.23016483944796e-05,0.00173145358160339,0,0,0,0,0,0,0,0,0,0,0.0432001416623939,0.00238237287882396,0,0,0,0,0,0,0,0,0,0,0,0,0,0,0,0,0,0,0,0,0,0,0,0,0,0.00434765436041927,0,0,0.0554937345383494,0,0.00756009603167044,0,0,0.000484487629846089,0,0,0,0
0,0,0,0,0,0,0,0,0,4.79772629583266e-05,0,0,0,0,0,0,0,0,0,0,0,0,0,0,0,0,0,0,0,0,0,0.0204292239253176,0.0033382287725887,0.104163351384201,0.0333649457179766,0.00681955169767867,0,0.00549427765028191,0,0,0,0,0,0,0,0,0,0.0253391341154174,0,0.00120761321667575,0,0,0,0,0,0.000194100519317491,0,0,0,0,0,0,0,0,0,0,0.000440810538529048,0,0,0,0,0,0,0,0.123661326226536,0,0,0.00496796642156201,0.00329074450843812,3.95148179633105e-06,0.0105927265430211,0,0.00124096087681412,0,0,0,0
0,0,0,0,0,0,0,0,0,0,0,0,0,0,0,0,0,0,0,0,0,0,0,0,0,0,0,0,0,0,0,0,0.00235860375384215,0.0742488092309944,0.189938527570749,0,0.00332363580181667,0,0.00407984246004002,0,0,0,0,0,0,0,0,0.0460954502113677,0.000788409700954749,0,0,0,0,0,0,0,0,0,0,0,0,0,0,0,0,0,0,0,0,0,0,0,0,0,0,0.0554937345383494,0.00496796642156201,0,0,0.00255705131395301,0,0.010898506502596,0.000403397740306844,0,0,0,0
0,1.5810647604198e-06,0,7.34898089137485e-05,0,4.2067982593483e-05,0,0.000146179557960037,0,0,0,0.00122170976090582,0,0,0,0,9.9088090076092e-05,6.79921962245963e-05,0.00541755105735402,0.00154855483543771,0,0,0,0,0,0,0,0,0,0,0,0.00340122198472999,0,0.00677525409363355,0,0.0716074082176793,0.000180686244284681,0.00257242111549718,0,0.00254256569040906,9.59190428410171e-07,0.010158460660366,3.42611483202889e-06,0.00326738729827892,4.42833921000245e-06,0.00875973204655762,2.99376848430155e-06,0.00908400102408313,0.000299858262591905,0.00248975993074496,0,0,0,0,0,0,0,0.000177518252406117,0,0,0,0,0.0126971674571959,0,0,0,0,0,0,0,0,0,0.000154495878131886,0,0.00286251076266248,0,0.00329074450843812,0,0,1.19804850940218e-05,0.00559769424381662,0,0.00216807385765167,8.17928934573538e-06,0.0083795713690471,0.000875239911376042,7.86058725738862e-06
