0,0,9.08113550175132,0,0,0,0,0,5.0075697831068,0,0,0,0,0,0,0,46.2438845104641,33.8790489196777,19.2787066069982,0,25.3129666192191,0,0,0,10.3207985560099,0,58.5993041992188,0,0,0,0,0,0,0,0,85.1503677368164,49.3366405262667,0,0,69.7878265380859,31.4919867031816,0,19.0290941034045,0,0,45.6169319152832,16.3958950042725,0,8.95948283417711,76.1433486938477,0,0,0,0,5.36397409308088,0,15.8689903460051,0,0,0,5.9721438183504,0,0,28.3124699979215,0,0,0,0,0,16.0331134796143,0,0,0,24.5722417831421,0,0,0,0,64.4326826731364,38.4641950190568,0,30.5379045149859,20.0414957516435,21.991681098938,12.1468223654997,0,23.2984790802002
0,0,28.1305332183838,4.0928416806598,0,12.8939765294393,0,0,0,4.68700882869247,0,0,0,0,0,0,54.331428527832,22.7467641830444,11.9270015410755,0,0,0,0,6.88772156692687,0,0,0,0,0,0,0,0,0,0,0,0,0,14.6188544591268,0,35.198855082194,0,19.3329278082537,0,0,0,0,0,23.5784078325544,0,8.31104638937748,0,0,0,0,0,4.46887120746431,0,9.84595200220744,0,11.4509267466409,0,6.97115176745823,0,0,0,0,7.85716690628777,0,0,0,0,0,0,0,0,0,0,0,36.7667579650879,65.8405481974284,12.8344763000056,0,16.184430621705,22.2764464787074,8.18886178448087,11.5181169509888,0
9.08113550175132,28.1305332183838,0,51.0843200683594,6.58424281549978,0,0,0,6.15612640874139,25.8266291618347,0,0,0,0,0,0,45.5876237324306,36.3576706157011,21.3514349326659,0,27.459195019906,0,0,0,0,0,0,0,0,0,0,0,0,0,0,0,51.1103042153751,0,57.848991394043,67.4968686785017,38.4247072714346,49.5859807332357,32.4137224739308,0,0,42.8880890437535,26.3707394599915,37.1159197489421,9.02882048457149,76.5710983276367,7.2795876291872,63.931079864502,0,0,6.70357138982841,0,26.1167274202619,54.0777721405029,6.37079656124115,0,4.74447099010596,0,0,31.682807628925,0,0,0,0,0,0,0,0,0,27.4791272221779,61.702465057373,0,0,0,52.0018278423109,43.2765130784776,84.0714302062988,35.8742387135824,12.3880449459313,20.4348793029785,21.7691524544386,39.9864044189453,22.5006239149306
0,4.0928416806598,51.0843200683594,0,50.6322784423828,10.6743084472298,0,0,0,6.3202460337041,0,0,0,0,0,0,0,47.9491691589355,25.3967736562093,0,0,0,0,0,0,0,0,0,0,0,0,0,0,0,0,21.7888307571411,0,0,0,39.1711463928223,0,33.1124500469728,35.2443962097168,0,0,13.1388961618597,65.5597743988037,0,0,14.2552308106422,0,7.88486329270798,0,0,0,9.6336226027499,59.6383094787598,5.0771540903276,0,5.88313260831331,0,6.30450354451719,14.7122049331665,90.89501953125,0,0,0,0,0,0,0,0,0,0,0,0,0,0,32.2167277336121,0,32.7873458862305,0,9.99601064245385,12.0053849220276,14.5015090699722,31.6777777671814,0
0,0,6.58424281549978,50.6322784423828,0,0,0,0,3.37492106315937,0,0,0,3.76095687150955,0,3.42062129693873,0,0,0,0,0,6.03895591497421,0,0,0,0,0,0,0,0,0,0,0,0,0,0,36.7082824707031,28.9202690124512,0,0,0,52.4936790466309,78.6146926879883,44.6735125223796,0,0,0,33.5314340591431,36.8974863688151,36.7021986643473,0,5.73495930777809,0,0,0,0,0,24.5811192989349,0,3.92739048871127,0,3.13509932160378,0,0,7.23506109449599,0,0,0,0,0,0,0,0,0,34.0931243896484,66.1597442626953,0,0,0,52.1266261509487,29.0014433860779,0,0,8.07689902728808,7.67615625105406,13.537428693673,0,53.9196662902832
0,12.8939765294393,0,10.6743084472298,0,0,0,3.27343324252537,0,2.91208958625793,0,0,0,0,0,0,0,0,61.1514167785645,8.87330235540867,0,0,0,0,0,0,0,0,0,0,0,0,0,0,0,20.6543342866093,0,0,0,42.5998201370239,0,41.8330512799715,0,0,0,23.3796177375607,0,42.7642288208008,0,43.4562090705423,0,5.59570828182944,0,2.73321533203125,0,0,65.8217811584473,16.4305761098862,0,2.73486685752869,0,14.370568215847,13.3609032097811,0,0,0,0,0,0,0,0,0,0,0,0,0,0,0,32.1377933771923,0,0,0,8.89196250392395,15.6937348047892,20.6693602547501,0,0
0,0,0,0,0,0,0,0,0,0,0,0,2.9874240954717,0,0,0,0,0,0,0,4.01233273744583,0,0,0,0,0,0,0,0,0,0,0,0,0,0,0,0,0,0,0,0,0,0,0,0,0,0,0,0,0,0,0,2.9517035484314,0,0,0,7.818052927653,0,2.72823452949524,0,0,0,0,4.82325701713562,0,0,0,0,0,0,0,0,0,0,0,0,0,0,0,0,0,0,2.94592988491058,0,0,0,0
0,0,0,0,0,3.27343324252537,0,0,0,0,0,3.75946409074884,0,0,0,0,0,0,0,4.98573160171509,0,0,0,0,0,0,0,0,0,0,0,0,0,0,0,0,0,0,0,0,0,0,0,0,0,0,0,0,0,0,0,0,0,3.2141448282728,0,0,0,3.99280478369515,0,0,0,0,6.88645396409211,0,0,0,0,0,0,0,0,0,0,0,0,0,0,0,0,0,0,0,2.80021182696025,0,0,0,0
5.0075697831068,0,6.15612640874139,0,3.37492106315937,0,0,0,0,17.7639319101969,0,0,0,0,3.92371078625621,0,13.639800370956,46.3834049484947,5.79170495207592,0,0,0,0,0,4.42187552988383,0,0,0,0,0,0,0,0,0,0,0,0,0,7.2734012394708,0,45.7411041259766,0,6.896674256919,0,0,0,0,0,14.6292614255633,0,0,0,0,0,4.44455023130363,0,20.3810282230377,0,0,0,4.51691178113473,0,0,38.7052941322327,0,0,0,4.58053564661332,0,9.44829981667655,0,0,0,0,0,0,0,0,54.7211894989014,51.2158083234514,0,8.83044384731803,6.36448814807122,19.6433534622192,10.2086672829647,0,5.00075320454387
0,4.68700882869247,25.8266291618347,6.3202460337041,0,2.91208958625793,0,0,17.7639319101969,0,0,0,0,0,0,6.67454294177973,40.6466968536377,6.50456800244071,7.50476058324178,0,0,0,0,6.08433417517964,0,2.949467420578,0,0,0,0,0,0,0,0,0,20.9284623463949,0,12.4529172380765,0,48.5390186309814,0,9.99617429496416,38.624885559082,0,0,20.7178193926811,0,0,0,13.2361372879573,0,0,0,0,0,6.04080025387196,0,0,0,0,0,9.2963608355304,0,58.2106685638428,0,0,5.15631323025144,0,0,0,0,0,0,0,0,0,0,0,38.4365374247233,66.7066345214844,11.6600748002529,0,5.87829713430782,6.88318117041337,9.51581018844634,8.54989840835333,0
0,0,0,0,0,0,0,0,0,0,0,0,5.21324844445501,0,0,0,0,0,0,0,4.03881768272533,0,0,0,0,0,0,0,5.21222121525655,0,6.06755854101742,0,0,0,0,0,3.2062754034996,0,4.10642296378501,0,0,0,0,0,0,0,0,0,0,0,0,0,0,0,0,0,6.95122685817452,0,3.14640421867371,0,0,0,0,9.97513763832323,0,0,0,0,0,0,0,4.74938535690308,0,3.05222554560061,0,0,0,0,0,0,0,5.39888623025682,3.20119665066401,0,3.50121736526489,0,0
0,0,0,0,0,0,0,3.75946409074884,0,0,0,0,0,3.05905055999756,0,0,0,0,0,3.86090371395768,0,0,0,0,0,0,0,4.11201516787211,0,5.21110431434346,0,0,0,0,0,0,0,0,0,0,0,0,0,0,0,0,0,0,0,0,0,0,0,0,0,0,0,5.25323593360615,0,0,0,0,4.8637006633422,0,0,0,0,0,0,0,0,0,7.82830196388519,0,0,0,0,0,0,0,0,0,3.35434065287626,0,0,0,0
0,0,0,0,3.76095687150955,0,2.9874240954717,0,0,0,5.21324844445501,0,0,0,3.50499450519521,0,0,0,0,0,0,0,0,0,0,0,0,0,5.25256648896232,0,0,0,0,0,0,0,0,0,0,0,0,0,0,0,0,0,0,0,0,0,0,0,0,0,0,0,3.23292091018275,0,3.40616714093168,0,3.24018189311028,0,0,0,0,0,0,0,0,0,0,5.59872698783875,0,0,0,0,0,0,0,0,0,0,3.43995806876193,2.98049248348583,0,0,0
0,0,0,0,0,0,0,0,0,0,0,3.05905055999756,0,0,0,3.19680217107137,0,0,0,0,0,0,0,0,0,0,0,2.75245745976766,0,4.89071260872534,0,0,0,0,0,0,0,0,0,0,0,0,0,0,0,0,0,0,0,0,0,0,0,0,0,0,0,0,0,5.70281991263889,0,3.43179643154144,0,0,0,0,0,0,9.30018854141235,0,0,0,0,0,0,0,0,0,0,0,0,0,3.04041612148285,0,0,0,0
0,0,0,0,3.42062129693873,0,0,0,3.92371078625621,0,0,0,3.50499450519521,0,0,0,16.2911523864383,48.0293083190918,0,0,0,0,0,0,0,0,0,0,0,0,0,0,0,0,0,0,0,0,0,0,0,0,0,0,0,0,0,0,0,0,3.60268060366313,0,0,0,5.11470690016019,0,0,0,3.91781315250673,0,3.21480259966494,0,0,0,0,0,0,0,0,0,0,0,0,0,0,0,0,0,0,0,0,0,4.43850194646957,5.4036593653939,0,0,0
0,0,0,0,0,0,0,0,0,6.67454294177973,0,0,0,3.19680217107137,0,0,0,7.60914580027262,14.9621057510376,0,0,0,0,0,0,2.91097975912548,0,0,0,0,0,0,0,0,0,0,0,0,0,0,0,0,0,0,0,0,0,0,0,0,0,0,0,0,0,9.13218259811401,0,0,0,8.15867922431544,0,4.25044067113296,0,0,0,0,0,0,0,0,0,0,0,0,0,0,0,0,0,0,0,0,3.76065548261007,0,0,0,0
46.2438845104641,54.331428527832,45.5876237324306,0,0,0,0,0,13.639800370956,40.6466968536377,0,0,0,0,16.2911523864383,0,0,25.267042862088,24.3931487767792,0,0,0,3.44631479035563,0,22.8678628190358,0,10.130975432844,0,2.7702648639679,0,0,0,0,90.3777491251628,0,92.4433844430106,102.877490997314,0,0,80.0039738827064,79.3263250078474,68.5629088379616,65.6795116771351,49.5641021728516,42.8687238693237,78.0374539115212,67.9824466705322,0,0,86.2727236314253,0,0,0,0,4.52297482771032,0,99.5928421020508,0,0,0,0,0,0,80.7401767306858,0,3.77927259036473,0,5.54936830563979,0,2.83520412445068,0,2.92494018872579,92.6413421630859,0,0,0,0,0,82.9210525230125,81.8052578533397,78.1484069824219,0,19.1634854409099,15.0279842072061,68.5377321010683,80.0886249542236,76.1418333053589
33.8790489196777,22.7467641830444,36.3576706157011,47.9491691589355,0,0,0,0,46.3834049484947,6.50456800244071,0,0,0,0,48.0293083190918,7.60914580027262,25.267042862088,0,19.298812132718,0,73.9004224141439,4.26331061243221,0,2.94201090461329,38.4589681625366,5.54361521114003,41.5459671020508,0,0,0,0,0,0,0,0,89.904860496521,95.0296279907227,0,0,69.0525704317315,72.2758973774157,58.4942034975104,65.2023497188792,31.4942760467529,52.19606590271,59.9362151406028,78.4137603759766,0,0,66.3836241550133,0,0,0,0,0,0,101.426452636719,159.113296508789,0,0,0,0,64.7265701293945,69.9445779066819,4.3064259755696,0,0,0,7.09505015611649,0,0,0,0,0,0,0,0,0,76.0304529228989,78.1844025008175,83.0362732627175,0,12.3283122723972,12.9981677248736,55.582236289978,59.8338061968485,67.8481591542562
19.2787066069982,11.9270015410755,21.3514349326659,25.3967736562093,0,61.1514167785645,0,0,5.79170495207592,7.50476058324178,0,0,0,0,0,14.9621057510376,24.3931487767792,19.298812132718,0,0,34.3430423206753,0,0,0,19.4744430541992,0,33.4604284922282,0,0,0,0,0,0,48.2441502739401,0,51.6100446159457,64.0986866584191,49.2183943661776,81.9918441772461,43.4582906363366,43.9926769595676,21.5638682314112,25.0118246683338,14.7706212890682,17.3538166277423,39.2163562491789,35.758161733025,30.584228515625,40.4520301818848,34.5428619460197,0,42.5790157318115,0,0,4.35126898505471,41.6484336853027,46.7979693603516,125.064765930176,0,0,0,0,47.2951477050781,45.0370669943615,0,0,0,0,0,0,0,0,36.3978300094604,36.9140774653508,0,0,38.5733404159546,0,47.9680207246925,49.7796839845836,38.0408896304593,43.9945558748747,13.3325201495247,19.3772342342786,30.3012489623146,18.1880914816042,27.1856556285401
0,0,0,0,0,8.87330235540867,0,4.98573160171509,0,0,0,3.86090371395768,0,0,0,0,0,0,0,0,0,0,0,0,0,0,0,0,0,0,0,0,0,0,0,3.95066053622237,0,3.74908846991403,0,18.8583583831787,0,0,0,0,0,16.1570716087635,0,0,0,52.3154563903809,0,15.1708482778989,0,7.54172306060791,0,0,0,7.62041941228903,0,19.3180437088013,0,0,6.17936003869321,0,0,0,0,0,0,0,0,0,0,0,0,0,0,0,10.8062056428508,0,9.41940790956671,0,3.35469455171276,0,14.3075684879137,0,0
25.3129666192191,0,27.459195019906,0,6.03895591497421,0,4.01233273744583,0,0,0,4.03881768272533,0,0,0,0,0,0,73.9004224141439,34.3430423206753,0,0,0,0,0,0,0,0,0,0,0,0,0,0,88.9056854248047,0,100.010078430176,7.37917196140615,0,4.0856804042102,90.7584381103516,57.3935413360596,62.9158554077148,36.2394680976868,0,21.8127918243408,0,21.0698053114342,0,61.3004837036133,97.4033546447754,6.57981353057058,0,0,0,0,0,6.22932413162295,0,0,0,0,0,0,9.98693695294136,0,0,0,0,0,0,0,0,0,9.74257850646973,0,0,0,0,102.635082244873,11.5831613923677,94.468864440918,6.32825123374142,6.82453863685195,4.36025746663411,10.2902220825354,0,24.2359347623937
0,0,0,0,0,0,0,0,0,0,0,0,0,0,0,0,0,4.26331061243221,0,0,0,0,3.09156520072728,11.763830730396,0,0,0,2.75092434883118,0,0,0,0,0,0,0,0,0,8.77867857133626,0,0,0,0,0,0,0,0,0,0,0,3.8506388425827,0,0,0,0,0,0,0,0,0,0,0,0,0,0,4.96490899873041,3.16956996917725,11.7809182687386,0,8.20839329247404,0,0,0,0,0,0,0,0,0,0,0,12.1770268501119,0,5.56041018468327,4.44849737713714,0,0,0
0,0,0,0,0,0,0,0,0,0,0,0,0,0,0,0,3.44631479035563,0,0,0,0,3.09156520072728,0,0,3.88374942505431,0,8.49952530087652,0,3.56099592381386,0,0,0,0,0,0,0,0,3.98817974527677,5.69775335826315,0,0,0,0,0,0,0,0,0,4.77666531625341,0,0,0,0,0,0,0,0,0,0,0,0,0,0,0,3.79437138353075,4.45689347469788,0,3.97431482015735,0,8.08366260750679,0,7.60243379665633,0,0,0,0,0,0,0,0,5.04066857550908,7.21240786884142,3.64602697563734,3.61473606129196,12.6354026794434,0,0
0,6.88772156692687,0,0,0,0,0,0,0,6.08433417517964,0,0,0,0,0,0,0,2.94201090461329,0,0,0,11.763830730396,0,0,0,4.35047672046878,0,0,0,0,0,0,0,0,0,0,0,4.90550441944853,0,0,0,9.55568869908651,0,0,0,0,0,16.5716187953949,0,5.78223517341335,0,0,0,0,0,4.80706205202578,0,0,0,26.5148277282715,0,0,0,0,4.4398625344038,0,4.05657809181969,0,2.85103075844901,0,0,0,0,0,0,0,0,0,0,0,8.43291004898096,0,4.87613609737062,0,9.23612087368965,9.92850494384766,0
10.3207985560099,0,0,0,0,0,0,0,4.42187552988383,0,0,0,0,0,0,0,22.8678628190358,38.4589681625366,19.4744430541992,0,0,0,3.88374942505431,0,0,0,5.72514247303167,0,0,0,0,0,0,0,0,0,0,0,8.38466786001733,0,0,0,4.58528411799464,0,0,0,0,0,6.3971998056356,0,0,0,0,0,6.1057576239109,0,0,0,0,0,3.90442327513312,0,0,0,0,3.69405054379176,0,4.07151522040993,0,4.53404910446797,0,4.97769284248352,0,0,0,0,0,0,0,0,0,10.0932923199526,11.8699484893254,0,6.80586183273186,0,0
0,0,0,0,0,0,0,0,0,2.949467420578,0,0,0,0,0,2.91097975912548,0,5.54361521114003,0,0,0,0,0,4.35047672046878,0,0,0,0,0,0,0,0,0,0,0,0,0,0,0,0,0,0,0,0,0,0,0,0,0,0,0,0,0,0,0,0,0,0,0,0,0,2.93493748364383,0,0,7.29002968470256,0,5.85571358754085,0,3.33818619970291,0,0,0,0,0,0,0,0,0,0,0,0,0,3.15563249588013,0,0,0,0
58.5993041992188,0,0,0,0,0,0,0,0,0,0,0,0,0,0,0,10.130975432844,41.5459671020508,33.4604284922282,0,0,0,8.49952530087652,0,5.72514247303167,0,0,0,3.01071553230286,0,0,0,0,0,0,0,0,0,0,0,0,0,0,0,0,0,0,0,7.20082001686096,0,0,0,0,0,0,0,0,0,0,0,3.2755248149236,0,0,0,0,12.99249792099,0,7.31769249320689,0,3.88879330964062,0,3.59711122512817,0,0,0,0,0,0,0,0,0,0,17.8083590194583,32.5521379198347,24.8482192754745,0,0
0,0,0,0,0,0,0,0,0,0,0,4.11201516787211,0,2.75245745976766,0,0,0,0,0,0,0,2.75092434883118,0,0,0,0,0,0,0,4.2959016919136,0,0,0,0,0,0,0,0,0,0,0,0,0,0,0,0,0,0,0,0,0,0,0,0,0,0,0,0,0,0,0,0,0,0,2.85092464615317,0,0,0,0,0,3.80231721887311,0,3.22631697995322,0,0,0,0,0,0,0,0,0,0,0,0,0,0
0,0,0,0,0,0,0,0,0,0,5.21222121525655,0,5.25256648896232,0,0,0,2.7702648639679,0,0,0,0,0,3.56099592381386,0,0,0,3.01071553230286,0,0,0,5.47789771382402,0,0,0,0,0,0,0,4.23365544236225,0,0,0,0,0,0,0,0,0,5.92472120355969,0,0,0,0,0,0,0,0,0,0,0,0,0,0,0,0,4.35781274407597,0,0,0,5.03972567830767,0,3.99357417942602,0,7.86912759145101,0,0,0,0,0,0,0,3.6798335313797,3.04763382871004,3.52971675655896,0,0,0
0,0,0,0,0,0,0,0,0,0,0,5.21110431434346,0,4.89071260872534,0,0,0,0,0,0,0,0,0,0,0,0,0,4.2959016919136,0,0,0,0,0,0,0,0,0,4.23741388320923,0,0,0,0,0,0,0,0,0,0,0,0,0,0,0,0,0,0,0,3.70088239510854,0,0,0,0,0,0,0,0,0,0,0,0,6.56752443313599,0,6.07215160951789,0,0,0,0,0,0,0,8.43959927558899,0,0,0,0,0,0
0,0,0,0,0,0,0,0,0,0,6.06755854101742,0,0,0,0,0,0,0,0,0,0,0,0,0,0,0,0,0,5.47789771382402,0,0,0,0,0,0,0,0,0,4.23359962343012,0,0,0,0,0,0,0,0,0,0,0,0,0,0,0,0,0,0,0,0,0,0,0,0,0,0,0,0,0,0,0,0,10.6887152592341,0,4.60964759129175,0,0,0,0,0,0,0,5.39222717285156,3.2274402141571,2.8758894443512,0,0,0
0,0,0,0,0,0,0,0,0,0,0,0,0,0,0,0,0,0,0,0,0,0,0,0,0,0,0,0,0,0,0,0,3.78258994753296,6.83486312627792,4.48572067780928,5.24530255309371,6.2190292422511,0,0,0,22.2972230911255,0,0,0,0,0,0,7.65298638953479,17.8665095586157,7.49875275293986,0,0,0,0,0,0,77.3708610534668,0,0,0,0,0,0,0,0,0,0,0,0,0,0,0,0,0,6.09695095960659,5.50098313625504,0,0,29.591314953427,22.4823125538073,0,0,3.70704487071318,0,28.8562283833822,0,0
0,0,0,0,0,0,0,0,0,0,0,0,0,0,0,0,0,0,0,0,0,0,0,0,0,0,0,0,0,0,0,3.78258994753296,0,0,3.3525261136352,0,3.86456463955067,0,0,0,0,0,0,0,0,0,0,4.89263485771854,9.87606847286224,0,0,0,0,0,0,0,0,0,0,0,0,0,0,0,0,0,0,0,0,0,0,0,0,0,4.77332020344707,5.21983827939779,10.5355584621429,3.73142946649481,15.3545953609325,5.28197636604309,0,0,3.13037295238946,0,0,0,0
0,0,0,0,0,0,0,0,0,0,0,0,0,0,0,0,90.3777491251628,0,48.2441502739401,0,88.9056854248047,0,0,0,0,0,0,0,0,0,0,6.83486312627792,0,0,3.90386409388835,9.90552737748538,25.5043983459473,5.6867771156903,16.3551337122917,74.514030456543,22.8261265293244,35.4845803578695,17.186607837677,38.1179008483887,0,28.3983645439148,0,6.2172359541428,17.2666145192379,12.1464755194528,0,0,0,0,0,0,0,0,0,0,0,0,0,0,0,0,0,0,0,0,0,0,0,0,15.9753740934225,0,5.56753388731467,3.59191633015871,10.9360590424236,23.6735578264509,7.07011801889627,0,6.54179692335849,4.03835305980608,19.0045949832813,0,0
0,0,0,0,0,0,0,0,0,0,0,0,0,0,0,0,0,0,0,0,0,0,0,0,0,0,0,0,0,0,0,4.48572067780928,3.3525261136352,3.90386409388835,0,2.95373392105103,4.80223887177962,0,7.98056053730749,0,0,0,0,0,0,0,0,3.02651223059623,5.43355488581736,0,0,0,0,0,0,0,0,0,0,0,0,0,0,0,0,0,0,0,0,0,0,0,0,0,0,3.69439601898193,8.01541269000325,3.86041510461391,0,9.18064110167325,0,11.4559431795734,3.21135860390306,3.80702873117784,0,0,0
85.1503677368164,0,0,21.7888307571411,36.7082824707031,20.6543342866093,0,0,0,20.9284623463949,0,0,0,0,0,0,92.4433844430106,89.904860496521,51.6100446159457,3.95066053622237,100.010078430176,0,0,0,0,0,0,0,0,0,0,5.24530255309371,0,9.90552737748538,2.95373392105103,0,3.92185070987769,7.11629981749895,13.8283930562791,61.6451138716478,0,43.9974031515055,71.2579414367676,41.0786229486335,61.3134880065918,36.6196434230221,74.0170059204102,13.1358543828476,0,57.8617962676209,0,23.3704259236654,0,0,0,20.2482566833496,0,20.4985847473145,0,0,0,0,11.4752518747236,99.8845558166504,0,0,0,0,0,0,0,0,0,93.6571807861328,14.7177120618992,5.18031167984009,8.82537315451527,0,6.76550156118871,9.16891073144001,11.6423427229009,0,12.3194190956713,40.9387561798096,38.0300874516081,39.8292383466448,71.3830108642578
49.3366405262667,0,51.1103042153751,0,28.9202690124512,0,0,0,0,0,3.2062754034996,0,0,0,0,0,102.877490997314,95.0296279907227,64.0986866584191,0,7.37917196140615,0,0,0,0,0,0,0,0,0,0,6.2190292422511,3.86456463955067,25.5043983459473,4.80223887177962,3.92185070987769,0,11.6969139873981,5.9692827088472,106.071273803711,70.2521696090698,87.1643829345703,52.0823787342418,0,52.358095902663,92.815195719401,30.7846691153023,13.6861162425985,21.1832820300398,106.515327453613,0,0,0,0,0,0,21.7301428062575,0,0,0,0,0,0,17.3338271456679,0,0,0,0,0,0,0,0,0,57.8097820281982,6.62570511333404,4.49927971155747,0,6.62391701852432,4.83083098959252,6.90637597568768,60.2276706695557,7.12335869939105,5.69524877744803,2.84371387958527,31.3688889074162,0,42.6462206229185
0,14.6188544591268,0,0,0,0,0,0,0,12.4529172380765,0,0,0,0,0,0,0,0,49.2183943661776,3.74908846991403,0,8.77867857133626,3.98817974527677,4.90550441944853,0,0,0,0,0,4.23741388320923,0,0,0,5.6867771156903,0,7.11629981749895,11.6969139873981,0,6.96429847227507,68.0321731567383,0,13.0577879754397,0,45.0145136515299,0,18.2011850087539,0,4.64533945595896,32.1159604879526,7.4578648430156,0,0,0,0,0,10.8884883896249,0,27.3838982582092,0,29.7248350779216,0,29.4550142288208,8.41591476041879,0,4.96553986453446,0,7.366466780596,0,0,0,0,0,0,0,0,0,6.33324604875901,0,9.40053492995333,112.051139831543,6.4915449317569,3.45351195335388,6.48211645867371,4.65898604673498,12.0484691117898,11.086934335453,0
0,0,57.848991394043,0,0,0,0,0,7.2734012394708,0,4.10642296378501,0,0,0,0,0,0,0,81.9918441772461,0,4.0856804042102,0,5.69775335826315,0,8.38466786001733,0,0,0,4.23365544236225,0,4.23359962343012,0,0,16.3551337122917,7.98056053730749,13.8283930562791,5.9692827088472,6.96429847227507,0,0,0,0,34.3301808304257,0,0,0,27.2333013534546,6.48081056066781,4.89020848035812,0,0,0,0,0,11.1065863258931,0,5.10427332605634,0,0,0,0,0,0,23.1987884374765,0,10.7474252604004,0,6.61210842373479,0,6.63827538490295,0,16.3541455092254,0,9.35601797054723,0,0,0,4.15602886676788,12.9187413454056,8.96743528066178,13.3189150003287,6.33594603709649,4.51788739643354,6.2191353037203,5.45444058062828,0,0
69.7878265380859,35.198855082194,67.4968686785017,39.1711463928223,0,42.5998201370239,0,0,0,48.5390186309814,0,0,0,0,0,0,80.0039738827064,69.0525704317315,43.4582906363366,18.8583583831787,90.7584381103516,0,0,0,0,0,0,0,0,0,0,0,0,74.514030456543,0,61.6451138716478,106.071273803711,68.0321731567383,0,0,80.693291871444,27.1711128731953,49.4465473423833,28.7173271699385,53.062796274821,31.3232430878571,64.5665496826172,0,0,40.9143144152491,77.102653503418,45.2795651753744,0,0,0,0,74.2389882405599,64.8562812805176,0,39.1837177276611,0,0,27.4362816810608,89.5206102313417,0,0,0,0,0,0,0,0,44.1076316833496,0,0,0,0,0,26.6560828869159,89.0704803466797,52.3527801640828,86.8525822957357,47.5516612374808,66.7264414531429,30.0031658622095,32.3578343955419,65.868706703186
31.4919867031816,0,38.4247072714346,0,52.4936790466309,0,0,0,45.7411041259766,0,0,0,0,0,0,0,79.3263250078474,72.2758973774157,43.9926769595676,0,57.3935413360596,0,0,0,0,0,0,0,0,0,0,22.2972230911255,0,22.8261265293244,0,0,70.2521696090698,0,0,80.693291871444,0,54.759625116984,23.9838491514768,48.7428331375122,28.9951936497408,75.3403193155925,13.8149821943866,21.2179902177868,5.39685186465837,36.7776172581841,0,83.9079895019531,0,0,0,0,52.7182439168294,74.7812423706055,0,0,0,0,0,28.6590631533477,0,0,0,0,0,0,0,0,0,52.2217461722238,24.4415426254272,0,25.3756008148193,0,91.3985973855723,26.0538706032627,74.1828969319661,44.5183486938477,50.8469280965528,71.8956751142229,25.557788756639,49.461976369222,25.7810035408407
0,19.3329278082537,49.5859807332357,33.1124500469728,78.6146926879883,41.8330512799715,0,0,0,9.99617429496416,0,0,0,0,0,0,68.5629088379616,58.4942034975104,21.5638682314112,0,62.9158554077148,0,0,9.55568869908651,0,0,0,0,0,0,0,0,0,35.4845803578695,0,43.9974031515055,87.1643829345703,13.0577879754397,0,27.1711128731953,54.759625116984,0,15.2628584123972,15.7304146705672,52.7003345489502,27.6122101893528,49.6806304114206,34.0250053405762,0,23.7214009364126,0,46.598284593269,0,0,0,13.3764545917511,65.0601017475128,30.7454952134026,0,45.9408874511719,0,40.5644334157308,17.86416644699,72.8398367166519,0,0,8.74203074653194,0,0,0,12.8795816421509,0,8.81933288574219,82.6884269714355,0,0,35.9026517868042,0,34.2505983614027,67.7763577231878,38.0713884476926,66.6779041290283,13.8410244644959,35.153756811649,21.543324952781,15.0058919594222,43.8647488041928
19.0290941034045,0,32.4137224739308,35.2443962097168,44.6735125223796,0,0,0,6.896674256919,38.624885559082,0,0,0,0,0,0,65.6795116771351,65.2023497188792,25.0118246683338,0,36.2394680976868,0,0,0,4.58528411799464,0,0,0,0,0,0,0,0,17.186607837677,0,71.2579414367676,52.0823787342418,0,34.3301808304257,49.4465473423833,23.9838491514768,15.2628584123972,0,36.1632672823392,14.2034124991833,45.6954984664917,17.1314437541233,17.6298153996468,11.10812600513,42.1768408584595,44.1544647216797,78.3711395263672,0,0,11.1340065002441,0,30.899613213714,0,0,0,0,0,50.7727203369141,31.2332228734165,0,0,0,0,0,0,0,0,0,24.3823945487755,0,0,16.3793964385986,0,63.0150876947351,33.2433785403406,59.705828666687,38.678978729248,21.1367574307026,48.2096877098083,17.7541936051278,33.8449273109436,10.1797953900043
0,0,0,0,0,0,0,0,0,0,0,0,0,0,0,0,49.5641021728516,31.4942760467529,14.7706212890682,0,0,0,0,0,0,0,0,0,0,0,0,0,0,38.1179008483887,0,41.0786229486335,0,45.0145136515299,0,28.7173271699385,48.7428331375122,15.7304146705672,36.1632672823392,0,21.828031539917,35.4297206878662,0,0,0,30.3546356642542,0,0,0,0,0,0,0,0,0,0,0,0,33.3192977905273,52.9158261617025,0,0,0,0,0,0,0,0,0,0,0,0,0,0,36.5351834820163,55.7268081665039,30.5460537536235,0,25.2441720962524,54.338249206543,15.9984104418364,11.1746385296186,39.9735349019369
0,0,0,0,0,0,0,0,0,0,0,0,0,0,0,0,42.8687238693237,52.19606590271,17.3538166277423,0,21.8127918243408,0,0,0,0,0,0,0,0,0,0,0,0,0,0,61.3134880065918,52.358095902663,0,0,53.062796274821,28.9951936497408,52.7003345489502,14.2034124991833,21.828031539917,0,45.5877828598022,21.8555032730103,0,0,46.4214502970378,0,0,0,0,0,0,0,0,0,0,0,0,0,25.7876011431217,0,0,0,0,0,0,0,0,0,50.3554840087891,0,0,0,0,59.6660432815552,37.4284020842408,51.2492497762044,33.0934462547302,34.3290995416187,46.6265449523926,22.2389953687391,23.3294315338135,15.6179898315006
45.6169319152832,0,42.8880890437535,13.1388961618597,0,23.3796177375607,0,0,0,20.7178193926811,0,0,0,0,0,0,78.0374539115212,59.9362151406028,39.2163562491789,16.1570716087635,0,0,0,0,0,0,0,0,0,0,0,0,0,28.3983645439148,0,36.6196434230221,92.815195719401,18.2011850087539,0,31.3232430878571,75.3403193155925,27.6122101893528,45.6954984664917,35.4297206878662,45.5877828598022,0,46.3785205841064,27.6334667205811,0,32.592027931592,0,26.4619427475275,0,0,0,26.469024848938,55.2688269615173,23.7264180183411,0,19.1363220214844,0,26.2263580322266,12.8523904092657,78.0554466247559,0,0,0,0,0,0,0,0,34.6681313514709,0,53.3028831481934,0,35.6349067687988,0,26.6605860342779,77.8918158213298,23.0780569855684,0,33.6092973899841,56.0250460306803,16.1776123162693,33.3910690307617,61.3775691986084
16.3958950042725,0,26.3707394599915,65.5597743988037,33.5314340591431,0,0,0,0,0,0,0,0,0,0,0,67.9824466705322,78.4137603759766,35.758161733025,0,21.0698053114342,0,0,0,0,0,0,0,0,0,0,0,0,0,0,74.0170059204102,30.7846691153023,0,27.2333013534546,64.5665496826172,13.8149821943866,49.6806304114206,17.1314437541233,0,21.8555032730103,46.3785205841064,0,0,24.4899514062064,63.8248399098714,0,0,0,0,0,0,35.0194418886875,65.1657047271729,0,0,0,0,0,14.3324150142861,0,0,0,0,0,0,0,0,0,39.1273978840221,0,0,0,0,75.9237442016602,20.2171159425275,0,17.5972971393637,39.3035944075811,0,33.3475373349513,0,22.9433390140533
0,23.5784078325544,37.1159197489421,0,36.8974863688151,42.7642288208008,0,0,0,0,0,0,0,0,0,0,0,0,30.584228515625,0,0,0,0,16.5716187953949,0,0,0,0,0,0,0,7.65298638953479,4.89263485771854,6.2172359541428,3.02651223059623,13.1358543828476,13.6861162425985,4.64533945595896,6.48081056066781,0,21.2179902177868,34.0250053405762,17.6298153996468,0,0,27.6334667205811,0,0,9.28654309104937,10.1314944288947,0,0,0,0,0,18.1067485809326,65.5545806884766,0,0,0,0,0,0,0,0,0,16.8690433502197,0,0,0,0,0,0,0,9.47210562310947,7.96165016865212,9.58443669478098,3.42509744359159,9.38735698070377,10.863298835691,5.9516857794136,8.2503523216015,8.72301821803856,4.21269190559606,14.4504510843012,21.4609422683716,0
8.95948283417711,0,9.02882048457149,0,36.7021986643473,0,0,0,14.6292614255633,0,0,0,0,0,0,0,0,0,40.4520301818848,0,61.3004837036133,0,4.77666531625341,0,6.3971998056356,0,7.20082001686096,0,5.92472120355969,0,0,17.8665095586157,9.87606847286224,17.2666145192379,5.43355488581736,0,21.1832820300398,32.1159604879526,4.89020848035812,0,5.39685186465837,0,11.10812600513,0,0,0,24.4899514062064,9.28654309104937,0,16.0660137120668,45.5508995056152,0,0,0,4.64564992487431,0,28.4231445717089,0,0,0,7.00133304595947,0,0,41.1553430557251,0,3.95312682787577,0,5.21263415635038,0,7.44203805785648,0,5.86230712509932,0,4.63826568831097,18.9472148683336,7.75979239800397,20.4273725856434,3.84032498768398,0,7.28187607833401,33.6652908325195,5.16572740433972,8.04467398930613,0,7.99919586803154,0,10.0096424420675
76.1433486938477,8.31104638937748,76.5710983276367,14.2552308106422,0,43.4562090705423,0,0,0,13.2361372879573,0,0,0,0,0,0,86.2727236314253,66.3836241550133,34.5428619460197,52.3154563903809,97.4033546447754,3.8506388425827,0,5.78223517341335,0,0,0,0,0,0,0,7.49875275293986,0,12.1464755194528,0,57.8617962676209,106.515327453613,7.4578648430156,0,40.9143144152491,36.7776172581841,23.7214009364126,42.1768408584595,30.3546356642542,46.4214502970378,32.592027931592,63.8248399098714,10.1314944288947,16.0660137120668,0,0,48.1122316059313,0,0,0,14.9195668101311,73.2382244110107,8.44553869685461,0,11.5193421045939,0,3.75960857715082,22.7058712075824,92.9916276198167,6.01469286451948,0,6.55676714948906,0,4.70706553988987,0,4.90651720099979,0,6.44472371392448,0,8.17980670928955,0,5.36685311794281,0,33.5815224644593,81.420800942641,19.5469000583742,0,31.7966276572225,58.0372850690569,18.9465496669942,22.7809122784932,66.774175008138
0,0,7.2795876291872,0,5.73495930777809,0,0,0,0,0,0,0,0,0,3.60268060366313,0,0,0,0,0,6.57981353057058,0,0,0,0,0,0,0,0,0,0,0,0,0,0,0,0,0,0,77.102653503418,0,0,44.1544647216797,0,0,0,0,0,45.5508995056152,0,0,0,0,0,3.45997664398617,0,3.10733441302651,0,5.2745857760854,0,3.84437672793865,0,0,14.209563434124,0,0,0,0,0,0,0,0,0,0,0,0,0,0,0,40.8438625335693,0,0,6.18132031591315,4.82822036743164,10.4690338743144,0,0
0,0,63.931079864502,7.88486329270798,0,5.59570828182944,0,0,0,0,0,0,0,0,0,0,0,0,42.5790157318115,15.1708482778989,0,0,0,0,0,0,0,0,0,0,0,0,0,0,0,23.3704259236654,0,0,0,45.2795651753744,83.9079895019531,46.598284593269,78.3711395263672,0,0,26.4619427475275,0,0,0,48.1122316059313,0,0,0,0,0,2.875558831475,69.2891998291016,6.67895554051255,0,3.08121727307638,0,3.80921280384064,10.8679169991977,81.4043197631836,0,0,0,0,0,0,0,0,0,0,0,0,0,0,31.0991189296429,0,49.5318196614583,84.4989852905273,25.2805701169101,0,19.72934717984,0,0
0,0,0,0,0,0,2.9517035484314,0,0,0,0,0,0,0,0,0,0,0,0,0,0,0,0,0,0,0,0,0,0,0,0,0,0,0,0,0,0,0,0,0,0,0,0,0,0,0,0,0,0,0,0,0,0,0,0,0,6.15326912484886,0,0,0,0,0,0,0,0,0,0,0,0,0,0,0,0,0,0,0,0,0,0,0,0,0,0,0,0,0,0
0,0,0,0,0,2.73321533203125,0,3.2141448282728,0,0,0,0,0,0,0,0,0,0,0,7.54172306060791,0,0,0,0,0,0,0,0,0,0,0,0,0,0,0,0,0,0,0,0,0,0,0,0,0,0,0,0,0,0,0,0,0,0,0,0,0,3.99866580963135,0,0,0,0,6.95342230266995,0,0,0,0,0,0,0,0,0,0,0,0,0,0,0,0,0,0,0,2.95255494117737,0,0,0,0
5.36397409308088,0,6.70357138982841,0,0,0,0,0,4.44455023130363,0,0,0,0,0,5.11470690016019,0,4.52297482771032,0,4.35126898505471,0,0,0,0,0,6.1057576239109,0,0,0,0,0,0,0,0,0,0,0,0,0,11.1065863258931,0,0,0,11.1340065002441,0,0,0,0,0,4.64564992487431,0,3.45997664398617,0,0,0,0,0,0,0,4.98571848869324,0,4.81357101031712,0,0,0,0,0,0,4.65758822938713,0,0,0,0,0,0,0,0,0,0,0,0,0,8.60441979521958,5.12996398453164,0,8.93153248279553,0,0
0,4.46887120746431,0,9.6336226027499,0,0,0,0,0,6.04080025387196,0,0,0,0,0,9.13218259811401,0,0,41.6484336853027,0,0,0,0,4.80706205202578,0,0,0,0,0,0,0,0,0,0,0,20.2482566833496,0,10.8884883896249,0,0,0,13.3764545917511,0,0,0,26.469024848938,0,18.1067485809326,0,14.9195668101311,0,2.875558831475,0,0,0,0,0,20.1768207550049,0,0,0,5.80542629840327,0,0,0,0,4.601550784978,0,0,0,0,0,0,0,0,0,0,0,46.5407829284668,0,9.76200917100659,0,5.58100327033841,0,13.1192313894495,6.83390823195252,0
15.8689903460051,0,26.1167274202619,59.6383094787598,24.5811192989349,65.8217811584473,7.818052927653,0,20.3810282230377,0,6.95122685817452,0,3.23292091018275,0,0,0,99.5928421020508,101.426452636719,46.7979693603516,0,6.22932413162295,0,0,0,0,0,0,0,0,0,0,77.3708610534668,0,0,0,0,21.7301428062575,0,5.10427332605634,74.2389882405599,52.7182439168294,65.0601017475128,30.899613213714,0,0,55.2688269615173,35.0194418886875,65.5545806884766,28.4231445717089,73.2382244110107,3.10733441302651,69.2891998291016,6.15326912484886,0,0,0,0,0,2.87718014363889,0,0,0,0,11.2140710930915,0,0,0,0,0,0,0,4.38776297228677,0,6.06854850156808,67.2425918579102,0,0,0,71.1216603792631,36.9444642769506,87.1088129679362,0,15.3745821015129,0,11.9801992058958,0,18.4763672135093
0,9.84595200220744,54.0777721405029,5.0771540903276,0,16.4305761098862,0,3.99280478369515,0,0,0,5.25323593360615,0,0,0,0,0,159.113296508789,125.064765930176,7.62041941228903,0,0,0,0,0,0,0,0,0,3.70088239510854,0,0,0,0,0,20.4985847473145,0,27.3838982582092,0,64.8562812805176,74.7812423706055,30.7454952134026,0,0,0,23.7264180183411,65.1657047271729,0,0,8.44553869685461,0,6.67895554051255,0,3.99866580963135,0,20.1768207550049,0,0,0,4.18845820486695,0,5.26313249270121,8.03355031703235,0,0,0,0,0,8.61430233716965,0,5.41877523925253,0,6.04195235675796,0,0,0,0,0,29.5155905898736,82.9589614868164,0,0,22.9646238540781,0,7.35978437194866,0,0
0,0,6.37079656124115,0,3.92739048871127,0,2.72823452949524,0,0,0,3.14640421867371,0,3.40616714093168,0,3.91781315250673,0,0,0,0,0,0,0,0,0,0,0,0,0,0,0,0,0,0,0,0,0,0,0,0,0,0,0,0,0,0,0,0,0,0,0,5.2745857760854,0,0,0,4.98571848869324,0,2.87718014363889,0,0,0,3.52919108727399,0,0,0,0,0,0,0,0,3.23763165473938,0,3.08232768376668,0,0,0,0,0,0,0,0,0,0,4.1321987424578,3.21652398109436,0,0,0
0,11.4509267466409,0,5.88313260831331,0,2.73486685752869,0,0,0,0,0,0,0,5.70281991263889,0,8.15867922431544,0,0,0,19.3180437088013,0,0,0,26.5148277282715,0,0,0,0,0,0,0,0,0,0,0,0,0,29.7248350779216,0,39.1837177276611,0,45.9408874511719,0,0,0,19.1363220214844,0,0,0,11.5193421045939,0,3.08121727307638,0,0,0,0,0,4.18845820486695,0,0,0,8.03944856779916,15.1825929529527,0,0,0,0,0,5.24373076735316,0,4.02502361503807,0,0,0,0,0,0,0,32.3105248345269,0,0,0,12.1533729113065,0,11.5730275196976,0,0
5.9721438183504,0,4.74447099010596,0,3.13509932160378,0,0,0,4.51691178113473,0,0,0,3.24018189311028,0,3.21480259966494,0,0,0,0,0,0,0,0,0,3.90442327513312,0,3.2755248149236,0,0,0,0,0,0,0,0,0,0,0,0,0,0,0,0,0,0,0,0,0,7.00133304595947,0,3.84437672793865,0,0,0,4.81357101031712,0,0,0,3.52919108727399,0,0,0,0,0,0,0,0,0,0,0,0,0,0,0,0,0,0,0,0,0,0,0,3.91719338731858,4.1271199285984,0,0,0
0,6.97115176745823,0,6.30450354451719,0,14.370568215847,0,0,0,9.2963608355304,0,0,0,3.43179643154144,0,4.25044067113296,0,0,0,0,0,0,0,0,0,2.93493748364383,0,0,0,0,0,0,0,0,0,0,0,29.4550142288208,0,0,0,40.5644334157308,0,0,0,26.2263580322266,0,0,0,3.75960857715082,0,3.80921280384064,0,0,0,5.80542629840327,0,5.26313249270121,0,8.03944856779916,0,0,11.9996128082275,0,0,0,0,0,0,0,3.14653253555298,0,0,0,0,0,0,0,31.5438232421875,0,0,0,16.7749412059784,0,23.8325815200806,0,0
0,0,0,14.7122049331665,0,13.3609032097811,0,6.88645396409211,0,0,0,4.8637006633422,0,0,0,0,0,64.7265701293945,47.2951477050781,6.17936003869321,0,0,0,0,0,0,0,0,0,0,0,0,0,0,0,11.4752518747236,0,8.41591476041879,0,27.4362816810608,0,17.86416644699,50.7727203369141,33.3192977905273,0,12.8523904092657,0,0,0,22.7058712075824,0,10.8679169991977,0,6.95342230266995,0,0,0,8.03355031703235,0,15.1825929529527,0,11.9996128082275,0,0,0,0,0,0,0,0,24.5890064239502,0,18.2344792683919,0,0,0,0,0,18.2231070367079,70.2960052490234,14.2332583712053,0,5.91460561752319,0,11.0504000197576,0,0
28.3124699979215,0,31.682807628925,90.89501953125,7.23506109449599,0,4.82325701713562,0,38.7052941322327,58.2106685638428,9.97513763832323,0,0,0,0,0,80.7401767306858,69.9445779066819,45.0370669943615,0,9.98693695294136,0,0,0,0,0,0,0,0,0,0,0,0,0,0,99.8845558166504,17.3338271456679,0,23.1987884374765,89.5206102313417,28.6590631533477,72.8398367166519,31.2332228734165,52.9158261617025,25.7876011431217,78.0554466247559,14.3324150142861,0,41.1553430557251,92.9916276198167,14.209563434124,81.4043197631836,0,0,0,0,11.2140710930915,0,0,0,0,0,0,0,0,0,0,0,0,0,0,0,0,19.3430411876332,0,0,0,0,96.8614600686466,18.2202485974768,95.5174293518066,15.5495122627891,34.9364502514708,65.4432931379838,19.320445211731,58.6826515197754,31.5566947399042
0,0,0,0,0,0,0,0,0,0,0,0,0,0,0,0,0,4.3064259755696,0,0,0,4.96490899873041,3.79437138353075,4.4398625344038,0,7.29002968470256,0,2.85092464615317,0,0,0,0,0,0,0,0,0,4.96553986453446,0,0,0,0,0,0,0,0,0,0,0,6.01469286451948,0,0,0,0,0,0,0,0,0,0,0,0,0,0,0,0,4.12082257102021,0,5.60579050819253,0,0,0,0,0,0,0,0,0,0,0,8.53305658403334,0,7.17097851389528,4.4118632376194,0,0,0
0,0,0,0,0,0,0,0,0,0,0,0,0,0,0,0,3.77927259036473,0,0,0,0,3.16956996917725,4.45689347469788,0,3.69405054379176,0,12.99249792099,0,4.35781274407597,0,0,0,0,0,0,0,0,0,10.7474252604004,0,0,0,0,0,0,0,0,0,3.95312682787577,0,0,0,0,0,0,0,0,0,0,0,0,0,0,0,0,0,0,3.9668536397318,0,5.51432583596971,0,3.90987651415882,0,0,0,0,0,0,0,0,0,4.32095753062855,3.60967793146769,4.24944596473987,0,0,0
0,7.85716690628777,0,0,0,0,0,0,0,5.15631323025144,0,0,0,0,0,0,0,0,0,0,0,11.7809182687386,0,4.05657809181969,0,5.85571358754085,0,0,0,0,0,0,0,0,0,0,0,7.366466780596,0,0,0,8.74203074653194,0,0,0,0,0,16.8690433502197,0,6.55676714948906,0,0,0,0,0,4.601550784978,0,0,0,0,0,0,0,0,4.12082257102021,0,0,0,4.82948619127274,0,0,0,0,0,0,0,0,0,0,0,8.16286210056574,0,7.20785707595364,31.1201705932617,8.76184836707332,8.69134709040324,0
0,0,0,0,0,0,0,0,4.58053564661332,0,0,0,0,0,0,0,5.54936830563979,0,0,0,0,0,3.97431482015735,0,4.07151522040993,0,7.31769249320689,0,0,0,0,0,0,0,0,0,0,0,6.61210842373479,0,0,0,0,0,0,0,0,0,5.21263415635038,0,0,0,0,0,4.65758822938713,0,0,0,0,0,0,0,0,0,0,3.9668536397318,0,0,0,4.39105393777744,0,4.86953242619832,0,0,0,0,0,0,0,0,0,6.2333590938199,3.28571555349562,0,6.72098931700292,0,0
0,0,0,0,0,0,0,0,0,0,0,0,0,9.30018854141235,0,0,0,7.09505015611649,0,0,0,8.20839329247404,0,2.85103075844901,0,3.33818619970291,0,0,0,0,0,0,0,0,0,0,0,0,0,0,0,0,0,0,0,0,0,0,0,4.70706553988987,0,0,0,0,0,0,0,8.61430233716965,0,5.24373076735316,0,0,0,0,5.60579050819253,0,4.82948619127274,0,0,0,3.55901007941275,0,0,0,0,0,0,0,0,0,0,0,0,0,11.0784724991897,0,0
16.0331134796143,0,0,0,0,0,0,0,9.44829981667655,0,0,0,0,0,0,0,2.83520412445068,0,0,0,0,0,8.08366260750679,0,4.53404910446797,0,3.88879330964062,0,5.03972567830767,0,0,0,0,0,0,0,0,0,6.63827538490295,0,0,0,0,0,0,0,0,0,7.44203805785648,0,0,0,0,0,0,0,0,0,3.23763165473938,0,0,0,0,0,0,5.51432583596971,0,4.39105393777744,0,0,0,4.33449254352219,0,0,0,0,0,0,0,0,0,7.27635366576059,0,0,9.46631338861254,0,0
0,0,0,0,0,0,0,0,0,0,0,0,0,0,0,0,0,0,0,0,0,0,0,0,0,0,0,3.80231721887311,0,6.56752443313599,0,0,0,0,0,0,0,0,0,0,0,12.8795816421509,0,0,0,0,0,0,0,4.90651720099979,0,0,0,0,0,0,0,5.41877523925253,0,4.02502361503807,0,3.14653253555298,24.5890064239502,0,0,0,0,0,3.55901007941275,0,0,0,0,0,0,0,0,0,0,0,5.1575403628142,0,22.1512022018433,0,9.43458639951853,0,0
0,0,0,0,0,0,0,0,0,0,4.74938535690308,0,5.59872698783875,0,0,0,2.92494018872579,0,0,0,0,0,7.60243379665633,0,4.97769284248352,0,3.59711122512817,0,3.99357417942602,0,10.6887152592341,0,0,0,0,0,0,0,16.3541455092254,0,0,0,0,0,0,0,0,0,5.86230712509932,0,0,0,0,0,0,0,4.38776297228677,0,3.08232768376668,0,0,0,0,0,0,3.90987651415882,0,4.86953242619832,0,4.33449254352219,0,0,0,8.43614185535153,0,0,0,0,0,0,0,7.68115780498042,4.1512817356008,4.95841336469038,0,0,0
0,0,0,0,0,0,0,0,0,0,0,7.82830196388519,0,0,0,0,92.6413421630859,0,36.3978300094604,0,0,0,0,0,0,0,0,3.22631697995322,0,6.07215160951789,0,0,0,0,0,0,0,0,0,44.1076316833496,0,8.81933288574219,0,0,0,34.6681313514709,0,0,0,6.44472371392448,0,0,0,0,0,0,0,6.04195235675796,0,0,0,0,18.2344792683919,0,0,0,0,0,0,0,0,0,0,0,0,0,0,0,55.454966545105,0,5.44737207321894,0,0,0,6.85756349563599,0,0
24.5722417831421,0,27.4791272221779,0,34.0931243896484,0,0,0,0,0,3.05222554560061,0,0,0,0,0,0,0,36.9140774653508,0,9.74257850646973,0,0,0,0,0,0,0,7.86912759145101,0,4.60964759129175,0,0,0,0,93.6571807861328,57.8097820281982,0,9.35601797054723,0,52.2217461722238,82.6884269714355,24.3823945487755,0,50.3554840087891,0,39.1273978840221,0,4.63826568831097,0,0,0,0,0,0,0,6.06854850156808,0,0,0,0,0,0,19.3430411876332,0,0,0,0,0,0,0,8.43614185535153,0,0,0,0,0,0,0,54.8104804466511,0,6.62191463600506,27.2699192710545,0,6.56747014395699,0,21.6392831802368
0,0,61.702465057373,0,66.1597442626953,0,0,0,0,0,0,0,0,0,0,0,0,0,0,0,0,0,0,0,0,0,0,0,0,0,0,6.09695095960659,4.77332020344707,15.9753740934225,0,14.7177120618992,6.62570511333404,0,0,0,24.4415426254272,0,0,0,0,53.3028831481934,0,9.47210562310947,18.9472148683336,8.17980670928955,0,0,0,0,0,0,67.2425918579102,0,0,0,0,0,0,0,0,0,0,0,0,0,0,0,0,0,0,13.518546962738,0,0,20.6512855066416,55.0139083862305,0,0,7.18621404132535,0,48.1761701832647,0,0
0,0,0,0,0,0,0,0,0,0,0,0,0,0,0,0,0,0,0,0,0,0,0,0,0,0,0,0,0,0,0,5.50098313625504,5.21983827939779,0,3.69439601898193,5.18031167984009,4.49927971155747,0,0,0,0,0,0,0,0,0,0,7.96165016865212,7.75979239800397,0,0,0,0,0,0,0,0,0,0,0,0,0,0,0,0,0,0,0,0,0,0,0,0,0,13.518546962738,0,0,3.90201906579309,20.6273989573012,4.43295209733849,0,0,3.29226033996653,0,0,0,0
0,0,0,0,0,0,0,0,0,0,0,0,0,0,0,0,0,0,38.5733404159546,0,0,0,0,0,0,0,0,0,0,0,0,0,10.5355584621429,5.56753388731467,8.01541269000325,8.82537315451527,0,6.33324604875901,0,0,25.3756008148193,35.9026517868042,16.3793964385986,0,0,35.6349067687988,0,9.58443669478098,20.4273725856434,5.36685311794281,0,0,0,0,0,0,0,0,0,0,0,0,0,0,0,0,0,0,0,0,0,0,0,0,0,0,0,7.93279129086119,5.60810710083355,0,6.41976129307466,0,9.70893730041156,0,17.5155976613363,0,0
0,0,0,0,0,0,0,0,0,0,0,0,0,0,0,0,0,0,0,0,0,0,0,0,0,0,0,0,0,0,0,0,3.73142946649481,3.59191633015871,3.86041510461391,0,6.62391701852432,0,4.15602886676788,0,0,0,0,0,0,0,0,3.42509744359159,3.84032498768398,0,0,0,0,0,0,0,0,0,0,0,0,0,0,0,0,0,0,0,0,0,0,0,0,0,0,3.90201906579309,7.93279129086119,0,0,4.60993133329447,0,9.64708811298931,3.24328841809873,3.72658262469552,0,0,0
