0,0,17.0248918533325,0,0,0,0,0,9.82627420283076,0,0,0,0,0,18.4917602539062,0,19.5818147659302,45.9503233773368,17.4179906050364,0,0,0,0,0,0,0,0,0,0,0,0,0,0,0,0,0,0,0,0,0,32.2616004943848,0,18.6430717783237,0,0,0,33.7219924926758,0,12.0313797235489,0,0,0,0,0,9.71923684316968,0,26.1577644348145,0,0,0,16.3146749384263,0,0,0,0,0,0,0,0,0,0,0,0,18.8005984811222,0,0,0,0,0,41.0881160736084,0,0,9.41268224132304,0,13.9750046026389,0,0
0,0,0,4.04793615341187,0,0,0,0,0,11.8619797547658,0,0,0,0,0,0,48.1495342254639,39.1218836784363,10.0841977452272,0,0,0,0,18.9165782928467,0,0,0,0,0,0,0,0,0,0,0,89.9114227294922,0,0,0,38.2711868286133,0,25.6989653986953,0,0,0,21.8938980102539,0,0,0,12.6059038404434,0,0,0,0,0,7.3014616727829,0,25.9116988182068,0,6.85515291350228,0,9.48944101333618,36.6992311477661,0,0,0,17.1123623847961,0,15.6796662624066,0,16.3374038109413,0,25.682404088974,0,0,0,0,0,41.8654820046774,0,29.8669462203979,0,16.8040077352078,0,23.0778792291625,36.8540277481079,0
17.0248918533325,0,0,0,14.5423606736771,0,0,0,14.5558697113624,0,0,0,0,0,0,0,82.3479766845703,0,57.2433503957895,0,0,0,0,0,0,0,0,0,0,0,0,0,0,0,0,0,0,0,0,0,58.4907321929932,66.1313018798828,27.2451694292181,0,0,0,24.6617871522903,0,2.91140906016032,0,9.49404221410337,0,0,0,12.5651629521297,0,20.2588104424269,0,6.54794071460592,0,5.70356069973537,0,0,29.1024074554443,0,0,0,0,0,0,0,0,0,28.4265417371477,0,0,0,0,0,55.0430311475481,0,33.940548651559,27.2373972712336,36.8739280700684,25.2594367759451,0,24.6389541625977
0,4.04793615341187,0,0,0,13.5180710787358,0,0,0,23.3334693908691,0,0,0,0,0,0,113.737632751465,0,40.1008744239807,0,0,0,0,0,0,0,0,0,0,0,0,0,0,0,0,47.1104515075684,28.8409147262573,31.5781259536743,0,29.8901414871216,0,27.0923087007766,55.0147539774577,0,0,18.7071016492515,0,48.4555063247681,36.3550128936768,10.4201341913297,0,15.2845688204393,0,0,0,6.99918411314025,0,18.538268211276,0,6.7521293481191,0,7.55499523878098,32.1423943837484,0,0,0,0,0,26.4319725036621,0,26.7052834102086,0,27.4903265594677,0,0,0,0,0,43.1868339323662,96.2906494140625,34.5917547627499,0,26.9523034962741,0,21.0205066141628,19.6363544464111,0
0,0,14.5423606736771,0,0,0,4.72662769423591,0,3.96422825076363,0,0,0,0,0,0,0,0,0,0,0,6.64001474709346,0,0,0,0,0,0,0,0,0,0,0,0,0,0,0,0,0,43.6789169311523,0,0,0,41.8016548156738,0,0,0,0,0,0,0,5.39014677218537,0,4.04826151132584,0,4.46717348098755,0,12.0533526978403,0,11.5789709091187,0,0,0,0,15.8864342689514,0,0,0,0,0,0,0,0,0,44.2722539901733,0,0,0,0,0,41.5187587738037,0,47.6417922973633,6.51310419364714,4.44447612762451,11.2151379681489,0,0
0,0,0,13.5180710787358,0,0,0,2.84086227416992,0,8.05544567474952,0,3.16122460365295,0,0,0,3.62632978663725,0,0,59.9838409423828,6.67191656430562,0,0,0,0,0,0,0,0,0,0,0,0,0,0,0,47.7963007291158,0,0,0,35.738655090332,0,52.1490906306676,0,0,0,48.5005485534668,0,0,0,53.3163159688314,0,5.42636177544001,0,0,0,8.39861046184193,0,33.6431163890021,0,8.48861915414984,0,5.90717680526502,0,0,0,0,38.9271469116211,0,0,0,0,0,46.1304648717244,0,0,0,0,0,68.7933146158854,0,52.9923434787326,0,6.8626721398999,3.38037523627281,11.811822584498,0,0
0,0,0,0,4.72662769423591,0,0,0,0,0,4.68222396338687,0,2.94536089897156,0,0,0,0,0,0,0,6.26799609926012,0,0,0,0,0,0,0,0,0,0,0,0,0,0,0,3.69701910018921,0,0,0,0,0,0,0,0,0,0,0,0,0,5.14683470129967,0,4.49855331579844,0,0,0,8.3042318156372,0,0,0,0,0,0,9.29218543961991,0,0,0,0,0,0,0,0,0,0,0,0,0,0,0,0,0,0,3.2228408170783,0,18.9396254221598,0,0
0,0,0,0,0,2.84086227416992,0,0,0,0,0,3.81655695784183,0,3.5396380169051,0,0,0,0,0,0,0,0,0,0,0,0,0,0,0,0,0,0,0,0,0,0,0,0,0,0,0,0,0,0,0,0,0,0,0,0,0,3.84768259525299,0,4.94097296211679,0,0,0,10.4535800281959,0,4.31683755803991,0,0,0,0,0,0,0,0,0,0,0,0,0,0,0,0,0,0,0,0,0,0,3.53667992408122,0,0,0,0
9.82627420283076,0,14.5558697113624,0,3.96422825076363,0,0,0,0,0,0,0,0,0,4.35073951312474,0,3.81323297907797,0,109.48420715332,0,0,0,0,0,12.502245926857,0,0,0,0,0,0,0,0,0,0,0,0,0,13.6907985064858,0,0,76.8347320556641,15.3883933513395,0,0,0,57.1926116943359,0,12.9133757750193,0,3.54498938719432,0,0,0,7.61518803543823,0,21.6875864267349,0,0,0,4.76740296519533,0,0,0,0,0,0,15.4407032463286,0,28.0299949645996,0,0,0,34.6006827721229,0,0,0,0,90.1180648803711,73.6474380493164,0,13.224750101892,5.84876133823952,3.08993768692017,17.8783808343382,0,13.0773765643438
0,11.8619797547658,0,23.3334693908691,0,8.05544567474952,0,0,0,0,0,0,0,0,0,5.09364428476656,0,3.45233294420075,36.6484146118164,0,0,0,0,9.55676934885424,0,2.95074504852295,0,0,0,0,0,0,0,0,0,0,32.617847442627,13.444421907266,0,0,0,24.9656763757978,0,0,0,0,0,0,0,15.8278717041016,0,8.02384575208028,0,0,0,8.23391802213996,0,0,0,0,0,5.57040439605713,0,0,0,0,17.8817933078082,0,3.1521364027454,0,0,0,28.6352710723877,0,0,0,0,0,0,0,15.0296180024743,0,5.91841476471698,7.30094245047796,18.6458405678352,0,0
0,0,0,0,0,0,4.68222396338687,0,0,0,0,0,2.83881670236588,0,0,0,0,0,0,0,4.22783884944686,0,0,0,0,0,0,0,0,0,0,0,0,0,0,0,3.91900285032411,0,3.7816878190267,0,0,0,0,0,0,0,0,0,0,0,0,0,5.09340354374477,0,0,0,7.66509877520326,0,2.91060000971744,0,0,0,0,5.50164996782939,0,0,0,0,0,0,0,0,0,0,0,0,0,0,0,4.86778305987923,0,3.8727072927336,4.16556576429269,0,8.07812444368998,0,0
0,0,0,0,0,3.16122460365295,0,3.81655695784183,0,0,0,0,0,3.18882454582985,0,0,0,40.9884757995605,0,5.36456647832343,0,0,0,0,0,0,0,4.13022771421469,0,4.30189327495854,0,0,0,0,0,4.03399466276169,0,6.68473796504177,0,0,0,0,0,0,0,0,0,0,0,0,0,10.771737463334,0,7.36887007692586,0,0,0,7.96215923878691,0,4.24712954093884,0,0,8.21047948513712,0,0,0,0,0,0,0,5.54396295547485,0,4.76527272283503,0,0,0,0,0,0,0,7.92523579697573,0,3.79412411279185,0,5.56157714128494,0,0
0,0,0,0,0,0,2.94536089897156,0,0,0,2.83881670236588,0,0,0,0,0,0,0,0,0,0,0,0,0,0,0,0,0,0,0,0,0,0,0,0,0,0,0,0,0,0,0,0,0,0,0,0,0,0,0,0,0,0,0,0,0,0,0,4.83958538012071,0,0,0,0,0,0,0,0,0,0,0,0,0,0,0,0,0,0,0,0,0,0,0,2.94759202003479,2.74387526512146,0,0,0
0,0,0,0,0,0,0,3.5396380169051,0,0,0,3.18882454582985,0,0,0,4.46965843258482,0,0,0,0,0,0,0,0,0,2.94888591766357,0,2.72929489612579,0,0,0,0,0,0,0,0,0,0,0,0,0,0,0,0,0,0,0,0,0,4.87263822555542,0,0,0,3.85750491917133,0,0,0,4.07137582037184,0,4.45858745839861,0,5.23093694598735,0,0,0,0,0,0,10.7671638727188,0,3.23776173591614,0,0,0,0,0,0,0,0,0,0,0,3.42591223509415,2.79353756374783,0,0,0
18.4917602539062,0,0,0,0,0,0,0,4.35073951312474,0,0,0,0,0,0,0,14.6785364151001,0,0,0,0,0,0,0,0,0,0,0,0,0,0,0,0,0,0,0,0,0,0,0,0,0,0,0,0,0,0,0,0,0,0,0,0,0,4.97839775952426,0,0,0,0,0,2.9542852640152,0,0,0,0,0,0,23.9654026031494,0,0,0,0,0,0,0,0,0,0,0,0,0,0,0,0,0,0,0
0,0,0,0,0,3.62632978663725,0,0,0,5.09364428476656,0,0,0,4.46965843258482,0,0,0,2.7349967956543,0,0,0,0,0,0,0,3.58309745788574,0,0,0,0,0,0,0,0,0,0,0,30.5257947709825,0,0,0,36.7364768981934,0,0,0,0,0,0,0,0,0,3.42868214845657,0,0,0,7.6291715874999,0,0,0,5.3627726405859,0,3.35965883213541,0,0,0,0,24.7769401073456,0,3.83511167306166,0,4.01429482301076,0,0,0,0,0,0,0,0,0,28.8750069936117,0,4.54082329844085,3.14200813429696,30.7065731395375,0,0
19.5818147659302,48.1495342254639,82.3479766845703,113.737632751465,0,0,0,0,3.81323297907797,0,0,0,0,0,14.6785364151001,0,0,28.7925744133604,19.4133646400293,0,0,34.0088101523263,6.85638874388756,0,5.09221214760007,43.7556458881923,3.66457537087527,0,0,0,0,0,0,0,126.10270690918,110.863398038424,85.1497590896931,0,79.3992671966553,78.0401120786314,62.9639892578125,69.4538511388442,55.9933269328641,0,0,71.4161469595773,59.3395330480627,0,37.0709838867188,0,0,0,0,0,0,0,37.9817929949079,77.4019374847412,0,0,0,0,75.4845702878891,64.4616481781006,35.3643520143297,5.50184360770292,0,8.19921966032548,35.8035507202148,8.37201309204102,67.8455009460449,0,76.0867072211371,40.3996988597669,0,0,0,0,89.6264880725316,70.7480399857706,78.4962777530446,49.0016169340714,11.9240305977208,18.6319791793823,54.7169226666431,75.5361240386963,46.0462303161621
45.9503233773368,39.1218836784363,0,0,0,0,0,0,0,3.45233294420075,0,40.9884757995605,0,0,0,2.7349967956543,28.7925744133604,0,24.3391179221246,0,0,17.6038327797667,34.5133318901062,4.64661502838135,45.8532943725586,8.75330353528261,0,2.84432554244995,0,0,0,0,0,0,0,91.437370300293,108.1536592756,0,0,73.3548503789035,83.308156149728,58.1481465246619,81.2606761114938,0,0,58.7031380046498,74.5044376606844,0,0,0,0,0,0,0,0,3.32691839006212,75.6731967926025,46.2388718922933,0,0,0,0,81.3724034627279,87.9665167672294,14.9600825990949,0,0,0,9.66181919915335,0,51.4025157928467,0,53.3696128754389,63.145697593689,0,0,0,0,80.5366369883219,89.738388994005,64.4599056687466,82.2775639851888,15.1896609878294,4.3160601735115,63.3597912751427,44.6297327041626,82.0325059890747
17.4179906050364,10.0841977452272,57.2433503957895,40.1008744239807,0,59.9838409423828,0,0,109.48420715332,36.6484146118164,0,0,0,0,0,0,19.4133646400293,24.3391179221246,0,38.1018943786621,36.316478729248,35.4928068433489,33.8910369873047,0,0,71.4905548095703,0,0,0,0,0,0,0,103.393997192383,0,79.123558722602,83.584462092473,0,69.603810446603,48.2546230203505,54.1375622077276,40.4605666072951,48.6106199511027,0,0,36.4157486773552,40.2595645020121,0,60.614203453064,57.4114786783854,0,0,0,0,0,0,49.6439881896973,37.6957999142734,0,0,0,0,49.774055659771,45.9815025150999,33.643030166626,0,0,0,0,0,33.2648825872512,0,37.0492426073828,45.1070135611075,0,0,0,0,55.8507293458541,58.2799073628981,51.5481421011466,52.2492928938432,18.8813141451423,0,45.5273226880945,27.002210713202,34.0594196097795
0,0,0,0,0,6.67191656430562,0,0,0,0,0,5.36456647832343,0,0,0,0,0,0,38.1018943786621,0,0,0,0,0,0,0,0,0,0,0,0,0,0,0,0,6.73203445775821,0,6.58146455007441,0,39.7602358731357,0,44.5961179733276,0,0,0,14.8849398331209,0,0,0,35.3968124389648,0,12.4426227675544,0,0,0,0,0,7.29435522659965,0,0,0,0,5.93402692312482,0,0,0,0,0,0,0,0,0,0,0,0,0,0,0,9.79928404125503,0,15.4062149524689,0,6.79669781370536,0,12.9373590508286,0,0
0,0,0,0,6.64001474709346,0,6.26799609926012,0,0,0,4.22783884944686,0,0,0,0,0,0,0,36.316478729248,0,0,0,0,0,0,0,0,0,0,0,0,0,0,0,0,0,4.76465319967889,0,5.95588012628777,0,24.6749008893967,0,57.7384936014811,0,0,0,9.58845915113177,0,35.6489543914795,0,11.4783320426941,0,0,0,0,0,4.18187684228976,0,0,0,35.5929985046387,0,0,6.96303839312164,0,0,0,0,0,0,0,0,0,5.25532341003418,0,0,0,0,0,9.67441282435785,0,14.9200444817543,7.38375598412973,0,5.05756146162092,0,0
0,0,0,0,0,0,0,0,0,0,0,0,0,0,0,0,34.0088101523263,17.6038327797667,35.4928068433489,0,0,0,5.09881976539013,8.9434887535718,0,8.50177398324013,0,6.45014815519352,0,0,0,0,0,0,0,0,0,7.08423288422989,4.85082090528388,0,0,32.2406005859375,0,0,0,0,0,0,0,18.7291959904913,0,0,0,0,0,0,0,0,0,0,0,0,0,0,6.23282773040816,0,10.9103440523148,0,6.52658238607584,0,11.2996592705355,0,0,0,0,0,0,0,0,0,8.71450143141352,4.76836281352573,4.883365389208,3.73761542638143,25.8202546740335,0,0
0,0,0,0,0,0,0,0,0,0,0,0,0,0,0,0,6.85638874388756,34.5133318901062,33.8910369873047,0,0,5.09881976539013,0,0,4.20274106834246,0,3.01670485072666,0,4.94849888194691,0,0,0,0,0,0,0,0,0,4.84054610178402,0,114.223526000977,0,0,0,0,0,0,0,5.06170654296875,0,0,0,0,0,0,0,0,0,0,0,0,0,0,0,7.08232310414314,4.84887169803333,0,4.29439386833145,0,2.97666529019674,0,9.71839788728509,0,0,0,0,0,0,0,0,6.92480683326721,4.40441879892905,3.84029963251316,4.05610504150391,0,0,0
0,18.9165782928467,0,0,0,0,0,0,0,9.55676934885424,0,0,0,0,0,0,0,4.64661502838135,0,0,0,8.9434887535718,0,0,0,2.85557617247105,0,0,0,0,0,0,0,0,0,0,0,4.00587514565266,0,0,0,10.8578392028809,0,0,0,0,0,0,0,7.67996004775718,0,0,0,0,0,5.48367509970794,0,0,0,0,0,0,0,0,4.75944037847621,0,4.62570082192935,0,4.77885722272536,0,8.8345353603363,0,0,0,0,0,0,0,0,0,6.52343786821402,0,3.31595375663356,28.2100811004639,8.35914507555583,0,0
0,0,0,0,0,0,0,0,12.502245926857,0,0,0,0,0,0,0,5.09221214760007,45.8532943725586,0,0,0,0,4.20274106834246,0,0,0,3.33113754841319,0,0,0,0,0,0,0,0,0,0,0,4.25470013113066,0,0,0,15.959680557251,0,0,0,0,0,5.37289428710938,0,0,0,0,0,10.589499515295,0,0,0,0,0,0,0,0,0,0,4.81071584565299,0,4.22639263890408,0,3.45556631058125,0,0,0,0,0,0,0,0,0,0,0,8.35352715780569,4.55649195984006,0,8.51949596405029,0,0
0,0,0,0,0,0,0,0,0,2.95074504852295,0,0,0,2.94888591766357,0,3.58309745788574,43.7556458881923,8.75330353528261,71.4905548095703,0,0,8.50177398324013,0,2.85557617247105,0,0,0,5.43029973855833,0,0,0,0,0,0,0,0,0,0,0,0,0,0,0,0,0,0,0,0,0,0,0,0,0,0,0,3.02193869243969,0,0,0,0,0,0,0,0,4.80717470771388,0,4.63754634062449,0,3.57106393510169,0,4.48473021388054,0,0,0,0,0,0,0,0,0,0,0,6.46175276381629,0,0,0,0
0,0,0,0,0,0,0,0,0,0,0,0,0,0,0,0,3.66457537087527,0,0,0,0,0,3.01670485072666,0,3.33113754841319,0,0,0,0,0,0,0,0,0,0,0,0,0,0,0,0,0,0,0,0,0,0,0,0,0,0,0,0,0,0,0,0,0,0,0,0,0,0,0,0,3.54076222578684,0,4.28159293921097,0,2.9273004465633,0,0,0,0,0,0,0,0,0,0,0,0,3.69880449771881,0,0,0,0
0,0,0,0,0,0,0,0,0,0,0,4.13022771421469,0,2.72929489612579,0,0,0,2.84432554244995,0,0,0,6.45014815519352,0,0,0,5.43029973855833,0,0,0,3.52833503665346,0,0,0,0,0,0,0,4.27418531690325,0,0,0,0,0,0,0,0,0,0,0,0,0,0,0,0,0,0,0,0,0,0,0,0,0,0,5.52372141476095,0,4.84657859802246,0,3.6490162387971,0,5.05486421840446,0,4.00607824325562,0,0,0,0,0,0,0,5.94402562141418,0,4.55344858289767,4.60274880273001,0,0,0
0,0,0,0,0,0,0,0,0,0,0,0,0,0,0,0,0,0,0,0,0,0,4.94849888194691,0,0,0,0,0,0,0,3.08786058798432,0,0,0,0,0,0,0,0,0,0,0,0,0,0,0,0,0,0,0,0,0,0,0,0,0,0,0,0,0,0,0,0,0,0,6.48009817740496,0,0,0,0,0,4.22591214679008,0,0,0,0,0,0,0,0,0,5.15115849177043,0,0,0,0,0
0,0,0,0,0,0,0,0,0,0,0,4.30189327495854,0,0,0,0,0,0,0,0,0,0,0,0,0,0,0,3.52833503665346,0,0,0,0,0,0,0,0,0,3.83792346318563,0,0,0,0,0,0,0,0,0,0,0,0,0,0,0,0,0,0,0,8.94532227516174,0,0,0,0,0,0,0,0,0,0,0,0,3.01456071123665,0,7.12726035398595,0,0,0,0,0,0,0,11.5814100329284,0,6.98938270538084,0,0,0,0
0,0,0,0,0,0,0,0,0,0,0,0,0,0,0,0,0,0,0,0,0,0,0,0,0,0,0,0,3.08786058798432,0,0,0,0,0,0,0,0,0,3.29313264823541,0,0,0,0,0,0,0,0,0,0,0,0,0,0,0,0,0,0,0,0,0,0,0,0,0,0,0,0,0,0,0,0,3.48155734033296,0,3.74601506311959,0,0,0,0,0,0,0,6.35986083240832,2.96731103261312,0,0,0,0
0,0,0,0,0,0,0,0,0,0,0,0,0,0,0,0,0,0,0,0,0,0,0,0,0,0,0,0,0,0,0,0,3.43376297252729,6.29017113279878,0,4.300576728933,14.2925433218479,0,0,0,11.0103346506755,0,0,0,0,0,0,5.46018399623641,10.616074403127,0,0,0,0,0,0,0,0,0,0,0,0,0,0,0,0,0,0,0,0,0,0,0,0,0,4.94568327043277,5.47473954827178,7.67714926347894,0,6.17249138767903,22.0327920913696,0,0,4.03865137598017,0,0,0,0
0,0,0,0,0,0,0,0,0,0,0,0,0,0,0,0,0,0,0,0,0,0,0,0,0,0,0,0,0,0,0,3.43376297252729,0,0,7.30164291692335,3.33250597471832,4.04263321091147,0,0,11.4371304512024,0,0,0,0,0,0,0,4.59468969240669,5.59167695045471,0,0,0,0,0,0,0,0,0,0,0,0,0,0,0,0,0,0,0,0,0,0,0,0,0,3.1847972049508,3.74792209050384,0,9.42473596113699,5.05833805931939,4.62489226636986,0,0,3.25877164867657,0,0,0,0
0,0,0,0,0,0,0,0,0,0,0,0,0,0,0,0,0,0,103.393997192383,0,0,0,0,0,0,0,0,0,0,0,0,6.29017113279878,0,0,3.35758415909557,12.3322588139718,30.2641401290894,3.10385911178589,0,0,0,0,0,0,0,37.1195487976074,0,4.61091566481296,0,0,0,0,0,0,0,0,0,0,0,0,0,0,0,0,0,0,0,0,0,0,0,0,0,0,8.27557992476683,0,4.58342009853749,4.26860355531703,11.3966611333254,13.9193396568298,5.57711306084757,20.4607181549072,4.77413263320923,7.06344731648763,30.6843318939209,0,0
0,0,0,0,0,0,0,0,0,0,0,0,0,0,0,0,126.10270690918,0,0,0,0,0,0,0,0,0,0,0,0,0,0,0,7.30164291692335,3.35758415909557,0,12.0991305775113,6.39123883849915,0,10.561952829361,0,78.3795776367188,19.0959911346436,47.782262802124,0,0,0,0,5.1643962890287,22.479825428554,13.0212659835815,0,0,0,0,0,0,0,0,0,0,0,0,0,0,0,0,0,0,0,0,0,0,0,0,0,7.8358092414799,4.90973236715055,6.6366710284733,16.1840896606445,8.0017817921974,0,8.75067232184511,11.1730793573089,0,67.1706619262695,0,0
0,89.9114227294922,0,47.1104515075684,0,47.7963007291158,0,0,0,0,0,4.03399466276169,0,0,0,0,110.863398038424,91.437370300293,79.123558722602,6.73203445775821,0,0,0,0,0,0,0,0,0,0,0,4.300576728933,3.33250597471832,12.3322588139718,12.0991305775113,0,4.24135831522811,6.72141583259144,4.06501848646935,69.5051062676214,46.379711151123,56.7935687262436,65.2050743103027,0,0,43.6700474514183,0,10.4667243655048,50.8949988683065,26.7556260759766,0,21.583779335022,0,3.37060332298279,0,0,0,3.18121979917799,0,62.1965141296387,0,0,17.3384063155649,167.046798706055,0,0,0,0,0,0,50.1303634643555,0,51.4296188354492,0,6.00778410958906,5.79887822958139,16.0067333412538,0,7.95136623032505,5.4490401119595,12.5088774960789,110.708305358887,6.39729849964004,3.42650615622144,34.1671216751747,53.1944442955223,0
0,0,0,28.8409147262573,0,0,3.69701910018921,0,0,32.617847442627,3.91900285032411,0,0,0,0,0,85.1497590896931,108.1536592756,83.584462092473,0,4.76465319967889,0,0,0,0,0,0,0,0,0,0,14.2925433218479,4.04263321091147,30.2641401290894,6.39123883849915,4.24135831522811,0,4.12773472922189,6.74867889001041,141.051040649414,72.3018319266183,0,59.4959420492483,0,0,86.0285186767578,63.1779005432129,7.00425592736081,21.8271236419678,0,0,0,0,0,69.3813552856445,0,7.07907961510323,0,0,0,0,0,0,21.0934661212261,0,0,0,0,0,0,0,0,0,0,11.566766722997,6.11226289489053,21.7436550560348,6.21776989533408,7.22505528108301,8.06093518259095,47.6710713704427,14.1641006923434,5.75902408251874,5.09301946774002,46.2935974984838,0,47.1808948516846
0,0,0,31.5781259536743,0,0,0,0,0,13.444421907266,0,6.68473796504177,0,0,0,30.5257947709825,0,0,0,6.58146455007441,0,7.08423288422989,0,4.00587514565266,0,0,0,4.27418531690325,0,3.83792346318563,0,0,0,3.10385911178589,0,6.72141583259144,4.12773472922189,0,3.10637293543134,0,0,9.57153782477746,0,0,0,23.178030649821,0,6.70343532380025,0,7.45508908486181,0,0,0,0,0,12.1317596350397,0,7.78110370483804,0,0,0,28.4355424245199,5.43128792207632,0,10.3649248671736,0,6.28641280690406,0,19.3129539489746,0,5.94829109819924,0,3.89825255595721,0,0,0,4.95311819134337,0,9.9356316916163,0,6.87219272968669,3.10001131466457,5.04956344488733,6.27399251629821,5.65828460338069,0,0
0,0,0,0,43.6789169311523,0,0,0,13.6907985064858,0,3.7816878190267,0,0,0,0,0,79.3992671966553,0,69.603810446603,0,5.95588012628777,4.85082090528388,4.84054610178402,0,4.25470013113066,0,0,0,0,0,3.29313264823541,0,0,0,10.561952829361,4.06501848646935,6.74867889001041,3.10637293543134,0,0,0,31.5913228988647,21.9399113700075,0,0,0,36.3432004235008,7.16624587157677,5.82608125471089,0,0,0,0,0,13.2791599147811,0,4.19210941104566,0,0,0,27.4139053344727,0,0,14.8544816591335,9.30427742004395,6.92971412003721,0,8.27146614815447,0,8.83114186922709,0,11.2990405718486,0,4.31546665089471,0,0,0,11.7034431142255,4.83430912053144,13.5325433908724,3.69732174948248,6.24434806344225,5.44683059973219,4.10365017448984,7.64314170456465,0,80.5851249694824
0,38.2711868286133,0,29.8901414871216,0,35.738655090332,0,0,0,0,0,0,0,0,0,0,78.0401120786314,73.3548503789035,48.2546230203505,39.7602358731357,0,0,0,0,0,0,0,0,0,0,0,0,11.4371304512024,0,0,69.5051062676214,141.051040649414,0,0,0,32.2979203274376,23.1080594794775,69.9636150360107,0,0,19.749012218867,78.6083634694417,6.63283139474553,11.8758945342822,6.24669283737536,0,45.8556785583496,0,0,0,0,0,50.6632811228434,0,40.093204498291,0,59.5305795669556,24.6137424492445,152.068496704102,0,0,0,0,0,0,56.1232376098633,0,54.7327871883617,74.6196517944336,0,0,0,0,42.8857580663658,101.178218364716,58.7811225803419,127.8369140625,41.6774189059217,60.425332069397,19.0205166008642,35.7422275543213,75.8652163914272
32.2616004943848,0,58.4907321929932,0,0,0,0,0,0,0,0,0,0,0,0,0,62.9639892578125,83.308156149728,54.1375622077276,0,24.6749008893967,0,114.223526000977,0,0,0,0,0,0,0,0,11.0103346506755,0,0,78.3795776367188,46.379711151123,72.3018319266183,0,0,32.2979203274376,0,86.7972812652588,25.5252745123305,0,0,57.3694915771484,19.0173484948725,5.5432396620865,5.25913299422666,10.031237643016,35.2156105041504,0,0,0,0,0,51.9223872593471,113.667526245117,0,0,0,0,0,16.7387938733481,0,0,0,0,0,0,0,0,0,45.5096637862069,0,0,0,27.1496677398682,123.795589447021,15.1089904829427,112.710029602051,55.3239044857025,46.5419000194919,29.6688680648804,16.4345798253272,0,24.4321554829093
0,25.6989653986953,66.1313018798828,27.0923087007766,0,52.1490906306676,0,0,76.8347320556641,24.9656763757978,0,0,0,0,0,36.7364768981934,69.4538511388442,58.1481465246619,40.4605666072951,44.5961179733276,0,32.2406005859375,0,10.8578392028809,0,0,0,0,0,0,0,0,0,0,19.0959911346436,56.7935687262436,0,9.57153782477746,31.5913228988647,23.1080594794775,86.7972812652588,0,14.0411212519332,0,30.4502487182617,31.1365466330914,87.7564043998718,12.7989324871451,20.8058916522611,18.6964246088331,0,47.4737358093262,0,0,75.2419586181641,30.0005687944817,69.1577582359314,22.1056216666039,0,26.548193945401,0,33.415102880295,28.2584959926665,93.6437301635742,0,0,14.8795939683914,40.6337747573853,28.8121722085135,0,22.8833199285012,0,18.3183626144651,70.5948031743367,0,0,0,18.7626285552979,38.5609011066446,97.9967257181803,47.9108816989056,87.7931976318359,22.1731685856517,9.0488110855893,18.3850002421628,15.126077246483,51.9623007774353
18.6430717783237,0,27.2451694292181,55.0147539774577,41.8016548156738,0,0,0,15.3883933513395,0,0,0,0,0,0,0,55.9933269328641,81.2606761114938,48.6106199511027,0,57.7384936014811,0,0,0,15.959680557251,0,0,0,0,0,0,0,0,0,47.782262802124,65.2050743103027,59.4959420492483,0,21.9399113700075,69.9636150360107,25.5252745123305,14.0411212519332,0,0,18.9107844216483,104.503929138184,20.5090018708646,7.95410634072359,12.9390557126789,18.6179559139105,0,0,0,0,30.0730496068155,0,18.1391355191789,0,0,0,28.8436898125543,0,126.542167663574,25.5018968916125,0,0,0,21.5245484572191,0,0,0,0,54.2298736572266,18.2190093161019,0,0,0,3.56238174438477,70.72886912028,32.6879992183129,89.669490814209,41.3584246105618,17.4924810655704,37.1825112993755,15.9452659309248,59.6634283065796,14.952590927807
0,0,0,0,0,0,0,0,0,0,0,0,0,0,0,0,0,0,0,0,0,0,0,0,0,0,0,0,0,0,0,0,0,0,0,0,0,0,0,0,0,0,0,0,0,0,0,0,0,0,0,0,0,0,0,0,0,0,0,0,0,0,0,0,0,0,0,0,0,0,0,0,0,0,0,0,0,0,0,0,0,0,0,0,0,0,0
0,0,0,0,0,0,0,0,0,0,0,0,0,0,0,0,0,0,0,0,0,0,0,0,0,0,0,0,0,0,0,0,0,0,0,0,0,0,0,0,0,30.4502487182617,18.9107844216483,0,0,0,0,0,14.0146018664042,0,0,0,0,0,0,0,0,0,0,0,0,0,0,0,0,0,0,0,0,0,0,0,0,0,0,0,0,0,0,0,0,0,9.67323875427246,0,9.92410285656269,0,0
0,21.8938980102539,0,18.7071016492515,0,48.5005485534668,0,0,0,0,0,0,0,0,0,0,71.4161469595773,58.7031380046498,36.4157486773552,14.8849398331209,0,0,0,0,0,0,0,0,0,0,0,0,0,37.1195487976074,0,43.6700474514183,86.0285186767578,23.178030649821,0,19.749012218867,57.3694915771484,31.1365466330914,104.503929138184,0,0,0,92.1105074882507,74.3546829223633,0,46.2321487426758,0,41.4222923278809,0,0,0,0,78.5216979980469,36.1586419514247,0,0,0,34.7675197601318,10.1831700169906,92.325080871582,0,0,0,0,0,0,41.6169659296672,0,40.6735008119598,0,0,0,46.4695491790771,0,22.2748398215315,77.1841252644857,19.2738033588976,0,38.4645835825827,0,18.6908853694356,36.6942799886068,85.3161468505859
33.7219924926758,0,24.6617871522903,0,0,0,0,0,57.1926116943359,0,0,0,0,0,0,0,59.3395330480627,74.5044376606844,40.2595645020121,0,9.58845915113177,0,0,0,0,0,0,0,0,0,0,0,0,0,0,0,63.1779005432129,0,36.3432004235008,78.6083634694417,19.0173484948725,87.7564043998718,20.5090018708646,0,0,92.1105074882507,0,0,38.7395992279053,54.0745964050293,0,0,0,0,0,0,38.7222268444368,87.3498611450195,0,0,24.5545063018799,0,103.811344146729,12.9029325652789,0,0,0,0,0,0,0,0,81.8797874450684,41.6085169194108,0,0,0,0,91.8269453048706,26.6373554624709,139.459579467773,28.5805272864015,41.1061674383793,25.6889687644111,24.6343586674728,95.3055877685547,43.7931901491605
0,0,0,48.4555063247681,0,0,0,0,0,0,0,0,0,0,0,0,0,0,0,0,0,0,0,0,0,0,0,0,0,0,0,5.46018399623641,4.59468969240669,4.61091566481296,5.1643962890287,10.4667243655048,7.00425592736081,6.70343532380025,7.16624587157677,6.63283139474553,5.5432396620865,12.7989324871451,7.95410634072359,0,0,74.3546829223633,0,0,6.7690060568396,7.14209093701216,0,0,0,0,0,0,0,0,0,0,0,0,0,0,0,0,0,23.0191507339478,0,0,0,0,0,0,5.2850537876929,7.44890567540667,5.06709797621498,5.70068445402322,7.58251453624732,7.06190253416404,11.5632957087623,13.0462227649247,6.74257627190634,4.71548543152986,8.28530336363239,0,0
12.0313797235489,0,2.91140906016032,36.3550128936768,0,0,0,0,12.9133757750193,0,0,0,0,0,0,0,37.0709838867188,0,60.614203453064,0,35.6489543914795,0,5.06170654296875,0,5.37289428710938,0,0,0,0,0,0,10.616074403127,5.59167695045471,0,22.479825428554,50.8949988683065,21.8271236419678,0,5.82608125471089,11.8758945342822,5.25913299422666,20.8058916522611,12.9390557126789,0,14.0146018664042,0,38.7395992279053,6.7690060568396,0,9.79641900070616,0,0,0,0,12.592068751653,0,22.6882399811464,0,2.96585011482239,0,8.91784432674276,0,0,52.096549987793,0,4.24984407562741,0,7.66967853454694,0,3.74969127151992,0,6.20189259702509,0,12.6354005450294,0,9.35307512046598,16.6314544677734,4.65676049391429,38.9687998635428,6.99800888979783,27.4622116088867,6.38029787921751,11.3551443790396,24.1490655438653,9.8629648871626,0,23.7223310470581
0,12.6059038404434,0,10.4201341913297,0,53.3163159688314,0,0,0,15.8278717041016,0,0,0,4.87263822555542,0,0,0,0,57.4114786783854,35.3968124389648,0,18.7291959904913,0,7.67996004775718,0,0,0,0,0,0,0,0,0,0,13.0212659835815,26.7556260759766,0,7.45508908486181,0,6.24669283737536,10.031237643016,18.6964246088331,18.6179559139105,0,0,46.2321487426758,54.0745964050293,7.14209093701216,9.79641900070616,0,0,58.538890838623,0,0,0,5.83900290216718,0,20.8881491043351,0,9.37994955322607,0,11.1889540167922,69.5646190643311,0,17.4331920818995,0,10.5553473915373,0,13.4128272652626,0,7.34490739494436,0,15.8531373045338,0,0,0,0,17.631519317627,21.5309451274501,0,9.43084708046406,22.7449512481689,14.0081284485365,10.5199160575867,13.6304743463127,22.7198015848796,0
0,0,9.49404221410337,0,5.39014677218537,0,5.14683470129967,0,3.54498938719432,0,0,0,0,0,0,0,0,0,0,0,11.4783320426941,0,0,0,0,0,0,0,0,0,0,0,0,0,0,0,0,0,0,0,35.2156105041504,0,0,0,0,0,0,0,0,0,0,0,4.0422359071672,0,0,0,6.7060807673044,0,4.45999358872236,0,0,0,0,8.2291012207667,0,0,0,0,0,0,0,0,0,0,0,0,0,0,0,0,0,42.9653015136719,7.00442798684041,0,12.279500338496,0,0
0,0,0,15.2845688204393,0,5.42636177544001,0,3.84768259525299,0,8.02384575208028,0,10.771737463334,0,0,0,3.42868214845657,0,0,0,12.4426227675544,0,0,0,0,0,0,0,0,0,0,0,0,0,0,0,21.583779335022,0,0,0,45.8556785583496,0,47.4737358093262,0,0,0,41.4222923278809,0,0,0,58.538890838623,0,0,0,3.50295391367443,0,6.26861801147461,0,8.30639926215698,0,7.28866080024786,0,4.58784001313367,29.6415009498596,0,0,0,0,0,0,0,45.3154436747233,0,45.6678779602051,0,0,0,0,0,59.0285148620605,0,49.1535555521647,0,5.34785500224333,3.14684288203716,14.3702585613308,0,0
0,0,0,0,4.04826151132584,0,4.49855331579844,0,0,0,5.09340354374477,0,0,0,0,0,0,0,0,0,0,0,0,0,0,0,0,0,0,0,0,0,0,0,0,0,0,0,0,0,0,0,0,0,0,0,0,0,0,0,4.0422359071672,0,0,0,0,0,5.77290686221886,0,3.0679184794426,0,0,0,0,0,0,0,0,0,0,0,0,0,0,0,0,0,0,0,0,0,0,0,3.40554360362971,0,0,0,0
0,0,0,0,0,0,0,4.94097296211679,0,0,0,7.36887007692586,0,3.85750491917133,0,0,0,0,0,0,0,0,0,0,0,0,0,0,0,0,0,0,0,0,0,3.37060332298279,0,0,0,0,0,0,0,0,0,0,0,0,0,0,0,3.50295391367443,0,0,0,0,0,10.2463910473064,0,4.12625613212585,0,0,20.9030815760295,0,0,0,0,0,0,0,0,0,0,0,0,0,0,0,0,0,0,0,4.07226422548294,0,0,0,0
9.71923684316968,0,12.5651629521297,0,4.46717348098755,0,0,0,7.61518803543823,0,0,0,0,0,4.97839775952426,0,0,0,0,0,0,0,0,0,10.589499515295,0,0,0,0,0,0,0,0,0,0,0,69.3813552856445,0,13.2791599147811,0,0,75.2419586181641,30.0730496068155,0,0,0,0,0,12.592068751653,0,0,0,0,0,0,0,32.0720510482788,0,0,0,5.96135403968094,0,0,37.0639762878418,0,0,0,8.7799270428233,0,15.1265738805135,0,16.2454948425293,0,37.3175252278646,0,0,0,0,0,0,0,11.3703787676938,9.93329203255633,0,19.3548885370722,0,0
0,7.3014616727829,0,6.99918411314025,0,8.39861046184193,0,0,0,8.23391802213996,0,0,0,0,0,7.6291715874999,0,3.32691839006212,0,0,0,0,0,5.48367509970794,0,3.02193869243969,0,0,0,0,0,0,0,0,0,0,0,12.1317596350397,0,0,0,30.0005687944817,0,0,0,0,0,0,0,5.83900290216718,0,6.26861801147461,0,0,0,0,0,35.0113100324358,0,0,0,9.35889693454047,0,0,0,0,7.59436270225616,0,3.33806789716085,0,37.8465061187744,0,37.03889503479,0,0,0,0,0,64.8044891357422,0,8.3684963130076,0,9.23574168581358,14.8456159114838,18.3196754687924,31.830623626709,0
26.1577644348145,0,20.2588104424269,0,12.0533526978403,0,8.3042318156372,0,21.6875864267349,0,7.66509877520326,0,0,0,0,0,37.9817929949079,75.6731967926025,49.6439881896973,0,4.18187684228976,0,0,0,0,0,0,0,0,0,0,0,0,0,0,0,7.07907961510323,0,4.19210941104566,0,51.9223872593471,69.1577582359314,18.1391355191789,0,0,78.5216979980469,38.7222268444368,0,22.6882399811464,0,6.7060807673044,0,5.77290686221886,0,32.0720510482788,0,0,0,4.47280875142552,0,10.5192816208318,0,0,6.49507517498398,0,0,0,0,0,4.79466853822981,0,3.37141557072484,0,7.10575335897062,0,0,0,0,0,44.7424661296688,0,21.7087989648183,19.4561258559364,0,11.9088399712228,57.8973617553711,16.6070129333004
0,25.9116988182068,0,18.538268211276,0,33.6431163890021,0,10.4535800281959,0,0,0,7.96215923878691,0,4.07137582037184,0,0,77.4019374847412,46.2388718922933,37.6957999142734,7.29435522659965,0,0,0,0,0,0,0,0,0,8.94532227516174,0,0,0,0,0,3.18121979917799,0,7.78110370483804,0,50.6632811228434,113.667526245117,22.1056216666039,0,0,0,36.1586419514247,87.3498611450195,0,0,20.8881491043351,0,8.30639926215698,0,10.2463910473064,0,35.0113100324358,0,0,0,5.50710339324419,0,12.6616151054184,12.7815061979687,118.542678833008,0,0,16.8191184997559,0,15.06112464269,0,7.62083286467429,0,6.40463692054697,0,0,0,0,0,45.3409587012397,152.080642700195,12.1419970035553,0,17.788993106065,0,10.0241412956964,16.8835809230804,56.0540161132812
0,0,6.54794071460592,0,11.5789709091187,0,0,0,0,0,2.91060000971744,0,4.83958538012071,0,0,0,0,0,0,0,0,0,0,0,0,0,0,0,0,0,0,0,0,0,0,0,0,0,0,0,0,0,0,0,0,0,0,0,2.96585011482239,0,4.45999358872236,0,3.0679184794426,0,0,0,4.47280875142552,0,0,0,3.52709253830246,0,0,8.42293737151406,0,0,0,0,0,0,0,6.73400330543518,0,22.0010690689087,0,0,0,0,0,0,0,38.0067253112793,0,0,10.3660462924412,0,0
0,6.85515291350228,0,6.7521293481191,0,8.48861915414984,0,4.31683755803991,0,0,0,4.24712954093884,0,4.45858745839861,0,5.3627726405859,0,0,0,0,0,0,0,0,0,0,0,0,0,0,0,0,0,0,0,62.1965141296387,0,0,0,40.093204498291,0,26.548193945401,0,0,0,0,0,0,0,9.37994955322607,0,7.28866080024786,0,4.12625613212585,0,0,0,5.50710339324419,0,0,0,6.73645732339973,0,0,0,0,17.7448602517446,0,10.284305627167,0,5.60822367668152,0,28.4005231028018,0,0,0,0,0,47.8193054199219,0,33.1387283325195,0,3.4096241432523,2.9156569480896,10.7758511364037,0,0
16.3146749384263,0,5.70356069973537,0,0,0,0,0,4.76740296519533,0,0,0,0,0,2.9542852640152,0,0,0,0,0,35.5929985046387,0,0,0,0,0,0,0,0,0,0,0,0,0,0,0,0,0,27.4139053344727,0,0,0,28.8436898125543,0,0,0,24.5545063018799,0,8.91784432674276,0,0,0,0,0,5.96135403968094,0,10.5192816208318,0,3.52709253830246,0,0,0,0,35.7881088256836,0,0,0,11.2025472552688,0,7.72472321110613,0,9.44142398332295,0,25.749814738398,0,0,0,0,0,46.612982749939,0,38.6091613769531,36.7146015167236,0,18.4859620863391,0,0
0,9.48944101333618,0,7.55499523878098,0,5.90717680526502,0,0,0,5.57040439605713,0,0,0,5.23093694598735,0,3.35965883213541,0,0,0,0,0,0,0,0,0,0,0,0,0,0,0,0,0,0,0,0,0,28.4355424245199,0,59.5305795669556,0,33.415102880295,0,0,0,34.7675197601318,0,0,0,11.1889540167922,0,4.58784001313367,0,0,0,9.35889693454047,0,12.6616151054184,0,6.73645732339973,0,0,0,0,0,0,12.4340250492096,0,7.67366767426332,0,13.5453858508004,0,30.4137515452371,0,0,0,0,0,56.6391534805298,0,34.4315824508667,0,7.80830547867752,3.34998196363449,24.0421003699303,29.4579048156738,0
0,36.6992311477661,0,32.1423943837484,0,0,0,0,0,0,0,8.21047948513712,0,0,0,0,75.4845702878891,81.3724034627279,49.774055659771,5.93402692312482,0,0,0,0,0,0,0,0,0,0,0,0,0,0,0,17.3384063155649,0,5.43128792207632,0,24.6137424492445,0,28.2584959926665,126.542167663574,0,0,10.1831700169906,103.811344146729,0,0,69.5646190643311,0,29.6415009498596,0,20.9030815760295,0,0,0,12.7815061979687,0,0,0,0,0,0,0,0,0,0,0,0,28.196537308071,0,22.8310190290592,0,0,0,0,0,15.2925288989955,0,21.4655465061429,0,26.2599733570712,0,17.7481619158099,62.2986834843953,0
0,0,29.1024074554443,0,15.8864342689514,0,9.29218543961991,0,0,0,5.50164996782939,0,0,0,0,0,64.4616481781006,87.9665167672294,45.9815025150999,0,6.96303839312164,0,0,0,0,0,0,0,0,0,0,0,0,0,0,167.046798706055,21.0934661212261,0,14.8544816591335,152.068496704102,16.7387938733481,93.6437301635742,25.5018968916125,0,0,92.325080871582,12.9029325652789,0,52.096549987793,0,8.2291012207667,0,0,0,37.0639762878418,0,6.49507517498398,118.542678833008,8.42293737151406,0,35.7881088256836,0,0,0,0,0,0,0,0,0,0,0,0,18.8908924027985,0,0,0,0,123.096454620361,23.3297305960083,0,18.0839486050219,33.2509346670071,35.9718112945557,15.556945368397,0,43.8411768277486
0,0,0,0,0,0,0,0,0,0,0,0,0,0,0,0,35.3643520143297,14.9600825990949,33.643030166626,0,0,6.23282773040816,7.08232310414314,4.75944037847621,0,4.80717470771388,0,5.52372141476095,0,0,0,0,0,0,0,0,0,10.3649248671736,9.30427742004395,0,0,0,0,0,0,0,0,0,0,17.4331920818995,0,0,0,0,0,0,0,0,0,0,0,0,0,0,0,0,6.48145627082814,0,6.89102948691747,0,8.29565614141444,0,0,0,0,0,0,0,0,0,10.1573578407282,0,6.90741419792175,44.0768661499023,27.9282476637099,53.8914947509766,0
0,0,0,0,0,0,0,0,0,0,0,0,0,0,0,0,5.50184360770292,0,0,0,0,0,4.84887169803333,0,4.81071584565299,0,3.54076222578684,0,6.48009817740496,0,0,0,0,0,0,0,0,0,6.92971412003721,0,0,0,0,0,0,0,0,0,4.24984407562741,0,0,0,0,0,0,0,0,0,0,0,0,0,0,0,0,0,0,4.04795726504895,0,4.74060953781009,0,7.20598274499942,0,0,0,0,0,0,0,0,0,5.99889882973262,4.59719191764263,7.86684954166412,0,0,0
0,17.1123623847961,0,0,0,38.9271469116211,0,0,0,17.8817933078082,0,0,0,0,0,24.7769401073456,0,0,0,0,0,10.9103440523148,0,4.62570082192935,0,4.63754634062449,0,4.84657859802246,0,0,0,0,0,0,0,0,0,6.28641280690406,0,0,0,14.8795939683914,0,0,0,0,0,0,0,10.5553473915373,0,0,0,0,0,7.59436270225616,0,16.8191184997559,0,17.7448602517446,0,12.4340250492096,0,0,6.48145627082814,0,0,0,4.53512805921842,0,6.12540560770946,0,0,0,0,0,0,0,0,0,8.23886274068018,0,4.35855637695275,0,8.92796201000677,0,0
0,0,0,0,0,0,0,0,15.4407032463286,0,0,0,0,0,23.9654026031494,0,8.19921966032548,0,0,0,0,0,4.29439386833145,0,4.22639263890408,0,4.28159293921097,0,0,0,0,0,0,0,0,0,0,0,8.27146614815447,0,0,40.6337747573853,21.5245484572191,0,0,0,0,23.0191507339478,7.66967853454694,0,0,0,0,0,8.7799270428233,0,0,0,0,0,11.2025472552688,0,0,0,0,4.04795726504895,0,0,0,4.85643268026077,0,4.58780264854431,0,0,0,0,0,0,0,0,0,9.59445023352219,10.7650030730427,0,11.2629631757736,0,0
0,15.6796662624066,0,26.4319725036621,0,0,0,0,0,3.1521364027454,0,0,0,10.7671638727188,0,3.83511167306166,35.8035507202148,9.66181919915335,0,0,0,6.52658238607584,0,4.77885722272536,0,3.57106393510169,0,3.6490162387971,0,0,0,0,0,0,0,0,0,19.3129539489746,0,0,0,28.8121722085135,0,0,0,0,0,0,0,13.4128272652626,0,0,0,0,0,3.33806789716085,0,15.06112464269,0,10.284305627167,0,7.67366767426332,0,0,6.89102948691747,0,4.53512805921842,0,0,0,4.28887646628502,0,5.6957573890686,0,0,0,0,0,60.4084701538086,0,15.3499455451965,0,4.97955271601677,0,14.3469477789743,0,0
0,0,0,0,0,0,0,0,28.0299949645996,0,0,0,0,0,0,0,8.37201309204102,0,0,0,0,0,2.97666529019674,0,3.45556631058125,0,2.9273004465633,0,0,0,0,0,0,0,0,0,0,0,8.83114186922709,0,0,0,0,0,0,0,0,0,3.74969127151992,0,0,0,0,0,15.1265738805135,0,4.79466853822981,0,0,0,7.72472321110613,0,0,0,0,4.74060953781009,0,4.85643268026077,0,0,0,4.18636891605161,0,0,0,0,0,0,0,0,0,0,0,0,4.99723973274231,0,0
0,16.3374038109413,0,26.7052834102086,0,0,0,0,0,0,0,5.54396295547485,0,3.23776173591614,0,4.01429482301076,67.8455009460449,51.4025157928467,33.2648825872512,0,0,11.2996592705355,0,8.8345353603363,0,4.48473021388054,0,5.05486421840446,0,3.01456071123665,0,0,0,0,0,50.1303634643555,0,5.94829109819924,0,56.1232376098633,0,22.8833199285012,0,0,0,41.6169659296672,0,0,0,7.34490739494436,0,45.3154436747233,0,0,0,37.8465061187744,0,7.62083286467429,0,5.60822367668152,0,13.5453858508004,28.196537308071,0,8.29565614141444,0,6.12540560770946,0,4.28887646628502,0,0,0,5.45460189688787,0,0,0,0,0,54.1296563148499,0,7.95716921512897,0,5.95146504400461,6.16119753613192,13.6381040885582,20.568510055542,0
0,0,0,0,0,0,0,0,0,0,0,0,0,0,0,0,0,0,0,0,0,0,9.71839788728509,0,0,0,0,0,4.22591214679008,0,3.48155734033296,0,0,0,0,0,0,0,11.2990405718486,0,0,0,0,0,0,0,0,0,6.20189259702509,0,0,0,0,0,16.2454948425293,0,3.37141557072484,0,6.73400330543518,0,9.44142398332295,0,0,0,0,7.20598274499942,0,4.58780264854431,0,4.18636891605161,0,0,0,4.32426285743713,0,0,0,0,0,0,0,7.31113403089057,2.73813446362813,0,5.63968412578106,0,0
0,25.682404088974,0,27.4903265594677,0,46.1304648717244,0,0,0,28.6352710723877,0,4.76527272283503,0,0,0,0,76.0867072211371,53.3696128754389,37.0492426073828,0,0,0,0,0,0,0,0,4.00607824325562,0,7.12726035398595,0,0,0,0,0,51.4296188354492,0,3.89825255595721,0,54.7327871883617,0,18.3183626144651,54.2298736572266,0,0,40.6735008119598,81.8797874450684,0,0,15.8531373045338,0,45.6678779602051,0,0,0,37.03889503479,0,6.40463692054697,0,28.4005231028018,0,30.4137515452371,22.8310190290592,0,0,0,0,0,5.6957573890686,0,5.45460189688787,0,0,74.3857040405273,0,0,0,0,47.4917123317719,0,6.66498008137569,0,25.2456002032895,0,17.4488883320073,17.3687186951333,59.3867009480794
18.8005984811222,0,28.4265417371477,0,44.2722539901733,0,0,0,34.6006827721229,0,0,0,0,0,0,0,40.3996988597669,63.145697593689,45.1070135611075,0,5.25532341003418,0,0,0,0,0,0,0,0,0,3.74601506311959,0,0,0,0,0,0,0,4.31546665089471,74.6196517944336,45.5096637862069,70.5948031743367,18.2190093161019,0,0,0,41.6085169194108,0,12.6354005450294,0,0,0,0,0,37.3175252278646,0,7.10575335897062,0,22.0010690689087,0,25.749814738398,0,0,18.8908924027985,0,0,0,0,0,0,0,4.32426285743713,74.3857040405273,0,0,0,0,0,0,50.9894252699249,0,5.8350851940182,23.1312020303147,0,11.0313390767046,56.2560920715332,17.3337345616571
0,0,0,0,0,0,0,0,0,0,0,0,0,0,0,0,0,0,0,0,0,0,0,0,0,0,0,0,0,0,0,4.94568327043277,3.1847972049508,8.27557992476683,0,6.00778410958906,11.566766722997,0,0,0,0,0,0,0,0,0,0,5.2850537876929,0,0,0,0,0,0,0,0,0,0,0,0,0,0,0,0,0,0,0,0,0,0,0,0,0,0,0,6.16358173810519,8.52531422101534,0,6.56793133842279,15.2304359782826,0,0,7.62855593536211,0,0,0,0
0,0,0,0,0,0,0,0,0,0,0,0,0,0,0,0,0,0,0,0,0,0,0,0,0,0,0,0,0,0,0,5.47473954827178,3.74792209050384,0,7.8358092414799,5.79887822958139,6.11226289489053,0,0,0,0,0,0,0,0,0,0,7.44890567540667,9.35307512046598,0,0,0,0,0,0,0,0,0,0,0,0,0,0,0,0,0,0,0,0,0,0,0,0,0,6.16358173810519,0,0,13.3556396252107,5.69348001480103,7.05830897603716,0,21.3992789268494,3.50959140794319,0,7.16041898727417,0,0
0,0,0,0,0,0,0,0,0,0,0,0,0,0,0,0,0,0,0,0,0,0,0,0,0,0,0,0,0,0,0,7.67714926347894,0,4.58342009853749,4.90973236715055,16.0067333412538,21.7436550560348,4.95311819134337,0,0,0,0,0,0,0,46.4695491790771,0,5.06709797621498,16.6314544677734,0,0,0,0,0,0,0,0,0,0,0,0,0,0,0,0,0,0,0,0,0,0,0,0,0,8.52531422101534,0,0,10.035590943836,13.9983847227964,0,5.62582260521455,19.9016621907552,8.31154287071612,7.27259072135477,0,0,0
0,0,0,0,0,0,0,0,0,0,0,0,0,0,0,0,0,0,0,0,0,0,0,0,0,0,0,0,0,0,0,0,9.42473596113699,4.26860355531703,6.6366710284733,0,6.21776989533408,0,11.7034431142255,0,27.1496677398682,18.7626285552979,3.56238174438477,0,0,0,0,5.70068445402322,4.65676049391429,17.631519317627,0,0,0,0,0,0,0,0,0,0,0,0,0,0,0,0,0,0,0,0,0,0,0,0,0,13.3556396252107,10.035590943836,0,0,11.6996130710361,0,8.69900861324457,12.8378894925117,0,0,0,0
0,41.8654820046774,0,43.1868339323662,0,68.7933146158854,0,0,90.1180648803711,0,0,0,0,0,0,0,89.6264880725316,80.5366369883219,55.8507293458541,9.79928404125503,0,0,0,0,0,0,0,0,0,0,0,6.17249138767903,5.05833805931939,11.3966611333254,16.1840896606445,7.95136623032505,7.22505528108301,9.9356316916163,4.83430912053144,42.8857580663658,123.795589447021,38.5609011066446,70.72886912028,0,0,22.2748398215315,91.8269453048706,7.58251453624732,38.9687998635428,21.5309451274501,0,59.0285148620605,0,0,0,64.8044891357422,0,45.3409587012397,0,47.8193054199219,0,56.6391534805298,15.2925288989955,123.096454620361,0,0,0,0,60.4084701538086,0,54.1296563148499,0,47.4917123317719,0,6.56793133842279,5.69348001480103,13.9983847227964,0,0,15.4322520524586,12.7623033464886,76.3240566253662,14.0352667838393,3.91894772748628,28.3799927333203,43.2416808605194,81.2903111775716
