0,0,0.132081648334861,0,0.144516929984093,0,0,0,0.170740771718656,0,0,0,0,0,0,0,0,0,0.314556564478313,0,0,0,0,0,0,0,0,0,0,0,0,0,0,0,0,0,0,0,0,0,0.388088569045067,0,0.312660445217733,0,0,0,0,0,0.169468174352991,0,0,0,0,0,0.200746539472742,0,0,0,0,0,0.209038607203043,0,0,0,0,0,0,0,0,0,0,0,0,0,0,0,0,0,0.306961834430695,0.368442176626279,0,0,0.277347738918376,0,0.239289421501548,0,0.181586243212223
0,0,0,0.183720191319784,0,0,0,0,0,0.161081763508057,0,0,0,0,0,0.163559943437576,0,0,0.337602415475352,0,0,0,0,0,0,0,0,0,0,0,0,0,0,0,0,0,0,0,0,0,0,0.233483741777416,0,0,0,0,0,0,0,0.178070557130649,0,0,0,0,0,0.22731681855641,0,0,0,0,0,0.196313599156121,0,0,0,0,0.249985469505191,0,0,0,0,0,0,0,0,0,0,0,0,0,0,0,0.182667009737513,0,0.184644396815981,0,0
0.132081648334861,0,0,0.260407537221909,0.164095659222868,0,0,0,0.137400368667715,0,0,0,0,0,0,0,0,0,0,0,0,0,0,0,0,0,0,0,0,0,0,0,0,0,0,0,0,0,0,0,0.230918288230896,0,0.261721451101559,0,0,0,0.235342293977737,0.236810117959976,0.1770597666502,0,0.195944863337058,0,0,0,0.165237018267314,0,0.261203959584236,0,0,0,0,0,0,0,0,0,0,0,0,0,0,0,0,0.338940486311913,0,0,0,0,0.24999962002039,0.364667475223541,0,0,0.177473569413026,0.249827499190966,0.234367114683938,0,0.26990670136043
0,0.183720191319784,0.260407537221909,0,0,0.218423061072826,0,0,0,0.145555337076075,0,0,0,0,0,0,0,0.274963915348053,0.267726990438643,0,0,0,0,0,0,0,0,0,0,0,0,0,0,0,0,0.309426360405408,0,0,0,0.270656156167388,0,0.277244585561242,0.251973737031221,0,0,0.250923904279868,0.272335737943649,0.273236490786076,0.257963207860788,0.219428206915441,0,0.253561397187809,0,0,0,0.171396653078599,0.275778448581696,0.3091057128766,0.274165019392967,0.316995769739151,0,0.283996128415068,0.276725392788649,0.263007998466492,0,0,0,0,0,0,0.331156641244888,0,0.330628364101837,0,0,0,0,0,0.288928882058325,0,0.359307918697596,0,0.250695782301367,0.282211504876614,0.270145474461948,0.279986453056335,0.284342646598816
0.144516929984093,0,0.164095659222868,0,0,0,0.193920820274136,0,0.136132830923254,0,0,0,0,0,0.122849717736244,0,0,0,0,0,0.171753130853176,0,0,0,0,0,0,0,0,0,0,0,0,0,0,0.285051941871643,0,0,0,0,0.240506368378798,0,0.262801602482796,0,0,0,0,0.274904400110245,0.244800249050403,0,0.213609561673786,0,0.197666132822633,0,0.154604536436853,0,0.226747037172318,0.274054139852524,0.23185007409616,0,0.138433543344339,0,0,0.352110852797826,0,0,0,0,0,0,0,0,0,0,0,0,0,0,0.244104544321696,0,0,0,0.162650667041181,0,0.220952355539477,0,0.289363011717796
0,0,0,0.218423061072826,0,0,0,0.201416123658419,0,0.176105463079044,0,0,0,0,0,0.184958402599607,0,0,0.246158540248871,0.201251815653072,0,0,0,0,0,0,0,0,0,0,0,0,0,0,0,0.277189314365387,0.310591101646423,0,0,0.233502976596355,0,0.241631383697192,0.249251902103424,0,0,0.232165902853012,0,0,0.255441904067993,0.242532991700702,0,0.215346555233793,0,0.249727256241299,0,0.176136864721775,0.268550738692284,0.279085023701191,0,0.20854012966156,0,0.214606015519662,0.2473523914814,0,0,0,0,0,0,0,0,0,0.298962973058224,0,0,0,0,0,0.26387629371423,0,0.333183422684669,0,0.180256649059808,0.278082915526979,0.224958647375128,0,0
0,0,0,0,0.193920820274136,0,0,0,0,0,0.161489680961326,0,0,0,0,0,0,0,0,0,0,0,0,0,0,0,0,0,0,0,0,0,0,0,0,0,0,0,0,0,0,0,0,0,0,0,0,0,0,0,0.226348129994407,0,0.225171099721858,0,0,0,0.195253826677799,0,0,0,0,0,0,0,0,0,0,0,0,0,0,0,0,0,0,0,0,0,0,0,0,0,0.143031937628984,0.166661262512207,0,0,0
0,0,0,0,0,0.201416123658419,0,0,0,0,0,0.189520426094532,0,0.304572876010622,0,0,0,0,0,0,0,0,0,0,0,0,0,0,0,0,0,0,0,0,0,0,0,0,0,0,0,0,0,0,0,0,0,0,0,0,0,0.271265806797158,0,0.232526525962821,0,0,0,0.210655795553556,0,0.297792699187994,0,0,0,0,0,0,0,0,0,0,0,0,0,0,0,0,0,0,0,0,0,0,0.22205502125952,0.145895590384801,0,0,0
0.170740771718656,0,0.137400368667715,0,0.136132830923254,0,0,0,0,0,0,0,0,0,0.143511887018879,0,0.196249630302191,0,0.228588208556175,0,0,0,0,0,0.223835434764624,0,0,0,0,0,0,0,0,0,0.336257147789001,0,0,0,0.280902857643096,0,0,0,0.258142279789728,0,0,0,0,0.387025356292725,0.244340424736341,0,0.129692254960537,0,0,0,0.210533492422601,0,0,0,0,0,0.145311262044642,0,0,0,0,0,0,0.188642327984174,0,0,0,0,0,0,0,0,0,0.346975639462471,0,0,0,0.274659747925569,0.176508032556612,0,0.215693931867424,0,0
0,0.161081763508057,0,0.145555337076075,0,0.176105463079044,0,0,0,0,0,0,0,0,0,0.164769798020522,0.176010429859161,0.198444023728371,0.264045298099518,0,0,0.171556144952774,0,0.225369001014365,0,0,0,0,0,0,0,0,0,0,0,0.345293333133062,0,0.302861154032282,0,0.240547269582748,0,0.191143859028816,0.227262318134308,0,0,0,0,0.534005999565125,0.242822706699371,0.171239189306895,0,0.204322325686614,0,0,0,0.180723471977051,0,0.291057653725147,0,0.284682542085648,0,0.14460701855921,0,0,0,0,0.221485520799955,0,0,0,0,0,0.305724161512711,0,0,0,0,0,0.326566249132156,0.258059442043304,0.270628833379902,0,0.165453779832411,0.252667397260666,0.194579763608436,0.152827814221382,0
0,0,0,0,0,0,0.161489680961326,0,0,0,0,0,0.13834460824728,0,0,0,0,0,0,0,0.200561187899292,0,0,0,0,0,0,0,0,0,0.168323375687406,0,0,0,0,0,0.156007941404823,0,0.178224190997963,0,0,0,0.274359822273254,0,0,0,0,0,0,0,0,0,0.189999945828172,0,0,0,0.231874391974466,0,0.141599939266841,0,0,0,0,0.247153450114032,0,0,0,0,0,0,0,0,0,0.23743786793892,0,0,0,0,0,0.170172474705256,0,0.186965837522789,0.163108599752937,0,0.361328855156898,0,0
0,0,0,0,0,0,0,0.189520426094532,0,0,0,0,0,0.132849445741975,0,0,0,0,0,0.164582265662434,0,0,0,0,0,0,0,0.154948678432089,0,0.241455922382218,0,0,0,0,0,0.169672669126437,0,0.206610229302095,0,0,0,0,0,0,0,0,0,0,0,0,0,0,0,0.201482809583346,0,0,0,0.237204921921427,0,0.132248954367207,0,0,0.185381194478587,0,0,0,0,0,0,0,0.129193178244999,0,0.27745511385897,0,0,0,0,0,0.144317956347215,0,0.245517520950391,0,0.165006265848735,0,0.303959012031555,0,0
0,0,0,0,0,0,0,0,0,0,0.13834460824728,0,0,0,0.159636327624321,0,0,0,0,0,0,0,0,0,0,0,0,0,0.169117028514544,0,0,0,0,0,0,0,0,0,0,0,0,0,0,0,0,0,0,0,0,0,0,0,0,0,0,0,0.165968276560307,0,0.176176706091296,0,0.18902746339639,0,0,0,0,0,0,0,0,0,0,0.146358147263527,0,0,0,0,0,0,0,0,0,0,0.142450662950675,0.258421927690506,0,0,0
0,0,0,0,0,0,0,0.304572876010622,0,0,0,0.132849445741975,0,0,0,0.138736689835787,0,0,0,0,0,0,0,0,0,0,0,0.155769467353821,0,0.164106599986553,0,0,0,0,0,0,0,0,0,0,0,0,0,0,0,0,0,0,0,0,0,0.170440554618835,0,0.303888201713562,0,0,0,0.189789774057838,0,0.191584463096074,0,0.206180155277252,0,0,0,0,0,0,0.127404436469078,0,0,0,0.179642836634929,0,0,0,0,0,0,0,0,0,0.136814163311532,0,0,0,0
0,0,0,0,0.122849717736244,0,0,0,0.143511887018879,0,0,0,0.159636327624321,0,0,0,0.159239912607195,0.182880546037967,0.223104053073459,0,0,0,0.148919722863606,0,0.174039483070374,0,0.135824719071388,0,0,0,0,0,0,0,0,0,0,0,0,0,0,0,0,0,0,0,0,0,0,0,0.154859155416489,0,0,0,0.154810696840286,0,0,0,0,0,0.155838733272893,0,0,0,0,0,0,0,0,0,0,0.171061734942829,0,0,0,0,0,0,0,0,0,0,0.158878483243433,0,0,0,0
0,0.163559943437576,0,0,0,0.184958402599607,0,0,0,0.164769798020522,0,0,0,0.138736689835787,0,0,0.169228427112103,0.171187487244606,0,0,0,0,0,0,0,0.171941159293056,0,0,0,0,0,0,0,0,0,0,0,0,0,0,0,0,0,0,0,0,0,0,0,0,0,0.196790243972812,0,0,0,0.173748844248407,0,0,0,0.136757899607931,0,0.208335190530746,0,0,0,0,0,0,0.170681193867564,0,0,0,0,0,0,0,0,0,0,0,0,0,0.166348634287715,0,0,0,0
0,0,0,0,0,0,0,0,0.196249630302191,0.176010429859161,0,0,0,0,0.159239912607195,0.169228427112103,0,0.193454642325514,0.302974352589591,0,0,0.186644236628826,0.148225474126315,0.18132039473245,0.162020991677823,0.159976169466972,0.149564034045677,0,0.152614462532495,0,0,0,0,0,0,0.327460825443268,0,0,0,0.346280887722969,0.310787801941236,0.317914541810751,0.264487499699873,0,0,0.28232729434967,0.275493952963087,0,0,0.283908516168594,0,0,0,0,0,0,0,0,0,0,0.161213176611524,0.174447759985924,0.333546769618988,0.329493895173073,0.148514747619629,0.145166789491971,0,0.153907258808613,0.178804090023041,0.155510673985669,0,0.153437107801437,0,0,0,0,0,0,0.362667604878142,0.342844119598699,0,0,0.201808486053112,0.16583938896656,0.310082705225796,0,0.2547875829041
0,0,0,0.274963915348053,0,0,0,0,0,0.198444023728371,0,0,0,0,0.182880546037967,0.171187487244606,0.193454642325514,0,0.280965593829854,0,0,0.127218101666135,0.191932545258449,0.175552838732456,0.178461028979375,0.146216981058967,0.164681599785884,0,0.178624287247658,0,0,0,0,0,0,0.326894181966782,0,0,0,0.31483387030088,0.310707822442055,0.275009849473186,0.26427868232131,0.254587262868881,0,0.280690371990204,0.266156744211912,0,0,0.287045866250992,0,0,0,0,0,0,0.277101695537567,0.290649116039276,0.317977488040924,0,0.186338543891907,0.165662038893927,0.32352401688695,0.298941234747569,0.137199033911412,0,0,0,0.171422024210126,0.172179487347603,0,0,0.322456414500872,0.310332506895065,0,0,0,0,0.324243909196009,0.319887569204706,0.387054622173309,0,0.178158528709833,0.19278401611694,0.299646690105781,0,0.258882781863213
0.314556564478313,0.337602415475352,0,0.267726990438643,0,0.246158540248871,0,0,0.228588208556175,0.264045298099518,0,0,0,0,0.223104053073459,0,0.302974352589591,0.280965593829854,0,0,0,0.222072350707921,0.250825716555119,0.173644060268998,0.266198257605235,0.228603921392385,0.23733258012094,0,0,0,0,0,0,0,0,0.399809025809275,0.412664374957482,0,0,0.362623001809244,0.412620927330474,0.283012398793369,0.24321947468438,0.203916979635634,0.240000024437904,0.30958406728203,0.292352721095085,0,0.252776804177657,0.298794008791447,0,0.287722080945969,0,0,0,0.260222762823105,0.279519470114457,0.409618782860632,0.271025760607286,0.371901974081993,0,0.231056908766429,0.34667551153679,0.326355226864718,0,0,0.30868861079216,0,0.228549807071686,0.221891897916794,0.349184137582779,0,0.42579821654323,0.404046466273646,0,0,0,0,0.380772726674132,0.377906175707993,0.502735531435604,0.397111822168032,0.251951776006192,0,0.389209885232151,0.337400517426431,0.237641796062553
0,0,0,0,0,0.201251815653072,0,0,0,0,0,0.164582265662434,0,0,0,0,0,0,0,0,0,0,0,0,0,0,0,0,0,0,0,0,0,0,0,0.185272040799624,0,0.123540973290801,0,0,0,0,0,0,0,0.321695506572723,0,0.233568273484707,0,0.215342187455722,0,0.257046816249688,0,0,0,0,0,0.248026568571041,0,0.33478711048762,0,0,0.216080298807448,0,0,0,0,0,0,0,0,0,0.330720388227039,0,0,0,0,0,0.245653800398326,0,0.255738808079199,0,0.188233520990858,0.180761903524399,0.23867611552792,0,0
0,0,0,0,0.171753130853176,0,0,0,0,0,0.200561187899292,0,0,0,0,0,0,0,0,0,0,0,0,0,0,0,0,0,0,0,0,0,0,0,0,0,0.175213309609206,0,0.158259784545356,0,0.222002387046814,0,0,0,0,0,0.309738020102183,0.220010992884636,0.234414858122667,0,0.213806626200676,0,0,0,0.212128251791,0,0.207785044438564,0,0,0,0,0,0,0.240163835469219,0,0,0,0,0,0,0,0,0,0.336219772696495,0,0,0,0,0,0.240137370440564,0,0.199311898130438,0.183311709903535,0.239501674969991,0.248141888682156,0,0
0,0,0,0,0,0,0,0,0,0.171556144952774,0,0,0,0,0,0,0.186644236628826,0.127218101666135,0.222072350707921,0,0,0,0.125585213303566,0.189244611019438,0,0.141242422163486,0,0.174385262130452,0,0,0,0,0,0,0,0,0,0.214916667715177,0,0,0,0.328851357102394,0,0,0,0,0,0.28350479049342,0,0.264817662075987,0,0,0,0,0,0,0,0.375257743256433,0,0.360509670843744,0,0,0.385073522726695,0,0.227047994637869,0,0.291158069457327,0,0.353556841294816,0,0.319140942581336,0,0.38212251663208,0,0,0,0,0,0.325855441391468,0,0.191445419151587,0,0.148624236742413,0.138358657774718,0.319264927926736,0,0
0,0,0,0,0,0,0,0,0,0,0,0,0,0,0.148919722863606,0,0.148225474126315,0.191932545258449,0.250825716555119,0,0,0.125585213303566,0,0,0.205095005407929,0,0.140776991414336,0,0.172244154822047,0,0,0,0,0,0,0,0,0,0.210596163392762,0,0,0,0,0,0,0,0,0,0.308533589515063,0,0,0,0,0,0,0,0,0,0,0,0.140290677547455,0,0,0,0,0.223980606235374,0,0.229494511973944,0,0.130671746514995,0,0.168032179860508,0,0,0,0,0,0,0,0,0,0.246933460999229,0.162455165431542,0,0,0,0
0,0,0,0,0,0,0,0,0,0.225369001014365,0,0,0,0,0,0,0.18132039473245,0.175552838732456,0.173644060268998,0,0,0.189244611019438,0,0,0.150838389992714,0.164054712574733,0,0,0,0,0,0,0,0,0,0,0,0.175330232828856,0,0,0,0.269078397502502,0,0,0,0,0,0,0,0.267074897761146,0,0,0,0,0,0.338682324935993,0,0.415915602445602,0,0.389160599559546,0,0,0,0,0.284163561864541,0,0.200799082383319,0,0.276118148017574,0,0.415966460833678,0,0,0,0,0,0,0,0,0,0.157019647007639,0,0.168522015882608,0,0.2803348711133,0,0
0,0,0,0,0,0,0,0,0.223835434764624,0,0,0,0,0,0.174039483070374,0,0.162020991677823,0.178461028979375,0.266198257605235,0,0,0,0.205095005407929,0.150838389992714,0,0,0.152639480041606,0,0,0,0,0,0,0,0,0,0,0,0.178378663631411,0,0,0,0.334851141770681,0,0,0,0,0.430544912815094,0.20200452882925,0,0,0,0,0,0.259061639904976,0,0,0,0,0,0.207080721855164,0,0,0,0,0.225499093532562,0,0.191126389520853,0,0.166560071210066,0,0,0,0,0,0,0,0,0.324283421039581,0.397971749305725,0,0.158390305392193,0.173703068533917,0.434702187776566,0.286188296524875,0,0
0,0,0,0,0,0,0,0,0,0,0,0,0,0,0,0.171941159293056,0.159976169466972,0.146216981058967,0.228603921392385,0,0,0.141242422163486,0,0.164054712574733,0,0,0,0,0,0,0,0,0,0,0,0,0,0,0,0.331476539373398,0,0,0,0,0,0,0,0,0,0,0,0,0,0,0,0.160555245975653,0,0,0,0.16570071876049,0,0.188428704937299,0,0,0.118316851556301,0,0.162527382704947,0,0.150660815684101,0,0.171907879412174,0,0,0,0,0,0,0,0,0,0,0,0.137926694160362,0,0,0,0
0,0,0,0,0,0,0,0,0,0,0,0,0,0,0.135824719071388,0,0.149564034045677,0.164681599785884,0.23733258012094,0,0,0,0.140776991414336,0,0.152639480041606,0,0,0,0.121598578989506,0,0,0,0,0,0,0,0,0,0,0,0,0,0,0,0,0,0,0,0,0,0,0,0,0,0.139987617731094,0,0,0,0,0,0,0,0,0,0,0.16701193285339,0,0.161308457645086,0.164094656705856,0.148959970037485,0,0.165240200502532,0,0,0,0,0,0,0,0.309499800205231,0,0,0.145178993003607,0,0.272683501243591,0,0
0,0,0,0,0,0,0,0,0,0,0,0.154948678432089,0,0.155769467353821,0,0,0,0,0,0,0,0.174385262130452,0,0,0,0,0,0,0,0.162049314425308,0,0,0,0,0,0,0,0.160017762921358,0,0,0,0,0,0,0,0,0,0,0,0.367513298988342,0,0,0,0,0,0,0,0.157300633053447,0,0.397485479712486,0,0,0,0,0.200435105482293,0,0,0,0.185209795832634,0,0.208401299420282,0,0.175308474622991,0,0,0,0,0,0,0,0.21408004503513,0,0.170806592001634,0,0,0,0
0,0,0,0,0,0,0,0,0,0,0,0,0.169117028514544,0,0,0,0.152614462532495,0.178624287247658,0,0,0,0,0.172244154822047,0,0,0,0.121598578989506,0,0,0,0.158651725176656,0,0,0,0,0,0,0,0.205046137484411,0,0,0,0,0,0,0,0,0,0,0,0,0,0,0,0,0,0,0,0,0,0,0,0,0,0,0.256689199410817,0,0,0,0.202622454613447,0,0.220039123261856,0,0.17889808268722,0,0,0,0,0,0,0,0.255225450226239,0.146825687777727,0,0,0,0
0,0,0,0,0,0,0,0,0,0,0,0.241455922382218,0,0.164106599986553,0,0,0,0,0,0,0,0,0,0,0,0,0,0.162049314425308,0,0,0,0,0,0,0,0,0,0.218614143470825,0,0,0,0,0,0,0,0,0,0,0,0,0,0,0,0,0,0,0,0.1923616744383,0,0,0,0,0,0,0,0,0,0,0,0,0.160265038219782,0,0.190250279751044,0,0,0,0,0,0,0,0.204471777394875,0,0,0,0,0,0
0,0,0,0,0,0,0,0,0,0,0.168323375687406,0,0,0,0,0,0,0,0,0,0,0,0,0,0,0,0,0,0.158651725176656,0,0,0,0,0,0,0,0,0,0.187910868337861,0,0,0,0,0,0,0,0,0,0,0,0,0,0,0,0,0,0.259848736664828,0,0,0,0,0,0,0,0,0,0,0,0,0,0,0.190102408329646,0,0.240410522581353,0,0,0,0,0,0,0,0.225086990850312,0.151901458203793,0,0,0,0
0,0,0,0,0,0,0,0,0,0,0,0,0,0,0,0,0,0,0,0,0,0,0,0,0,0,0,0,0,0,0,0,0.232390050041048,0.205213844776154,0.288140654563904,0.191646206261074,0.197942478789224,0,0,0,0,0,0,0,0,0,0,0.497751453866907,0.506311183174451,0.363981798291206,0,0,0,0,0,0,0,0,0,0,0,0,0,0,0,0,0,0,0,0,0,0,0,0,0.290849076730829,0.318141218863035,0.252281172330989,0,0.231458375162167,0.205836227711509,0,0,0.305617282657247,0,0.558208346366882,0,0
0,0,0,0,0,0,0,0,0,0,0,0,0,0,0,0,0,0,0,0,0,0,0,0,0,0,0,0,0,0,0,0.232390050041048,0,0,0,0,0.160667609504384,0,0,0,0,0,0,0,0,0,0,0.37989970763306,0,0,0,0,0,0,0,0,0,0,0,0,0,0,0,0,0,0,0,0,0,0,0,0,0,0,0.224048948576373,0.284992054403179,0,0.200949460268021,0.287575840950012,0.215434606426195,0,0,0.208044647261864,0,0,0,0
0,0,0,0,0,0,0,0,0,0,0,0,0,0,0,0,0,0,0,0,0,0,0,0,0,0,0,0,0,0,0,0.205213844776154,0,0,0.190068070356011,0.173603477942593,0,0.321323772623569,0.253881841897964,0,0,0,0.813792169094086,0,0,0,0,0.363986512916821,0.754799336194992,0.519703358411789,0,0,0,0,0,0,0,0,0,0,0,0,0,0,0,0,0,0,0,0,0,0,0,0,0,0,0.214038685685401,0.172541521715395,0.269629025210937,0,0.362488250506211,0,0.218392025396141,0.337798207998276,0,0,0
0,0,0,0,0,0,0,0,0.336257147789001,0,0,0,0,0,0,0,0,0,0,0,0,0,0,0,0,0,0,0,0,0,0,0.288140654563904,0,0.190068070356011,0,0,0.191898402936281,0.237953054408232,0.26099228142327,0,0,0,0,0,0,0,0,0.364413593694353,0.599408210175378,0.554326772689819,0,0,0,0,0.297780841588974,0,0,0,0,0,0,0,0,0,0,0,0,0,0,0,0,0,0,0,0,0.212143878250018,0.184838577768856,0.247817194368861,0,0.229355987047745,0,0.318267936492809,0.240631099887516,0.239047776907682,0,0,0
0,0,0,0.309426360405408,0.285051941871643,0.277189314365387,0,0,0,0.345293333133062,0,0.169672669126437,0,0,0,0,0.327460825443268,0.326894181966782,0.399809025809275,0.185272040799624,0,0,0,0,0,0,0,0,0,0,0,0.191646206261074,0,0.173603477942593,0,0,0.145665922159449,0.218850760922698,0,0.326221615076065,0.302686393260956,0.308461269014515,0.328889116644859,0.326041460037231,0,0.31355228402874,0.325444102287292,0.306487602699134,0.286824122071266,0.320763106722581,0,0.259939036435551,0,0,0,0.309673517942429,0.303726971149445,0.232561669179371,0,0,0,0,0.20134609338796,0,0,0,0,0,0,0,0.374815136194229,0,0.318391983325665,0,0.225111093172382,0,0.248863944249364,0,0.247211570184166,0.140211539563991,0.25171881088555,0,0.205836639234074,0.20930808223784,0.28911520923716,0.322611873640734,0.325657516717911
0,0,0,0,0,0.310591101646423,0,0,0,0,0.156007941404823,0,0,0,0,0,0,0,0.412664374957482,0,0.175213309609206,0,0,0,0,0,0,0,0,0,0,0.197942478789224,0.160667609504384,0,0.191898402936281,0.145665922159449,0,0,0.220337374757544,0,0.327542722225189,0,0.329211742348141,0,0,0,0.333467739423116,0.214803917954365,0.32428101806537,0,0.212893605232239,0,0,0,0.303504347801208,0,0.168282100687856,0,0,0,0,0,0,0.255056151019906,0,0,0,0,0,0,0,0,0,0.379756391048431,0,0.178223808493578,0,0.247136661807696,0.167673402211883,0.245777175592517,0,0.251503982787369,0.193292570250816,0.228599624974387,0.323191032037699,0,0.343855418942191
0,0,0,0,0,0,0,0,0,0.302861154032282,0,0.206610229302095,0,0,0,0,0,0,0,0.123540973290801,0,0.214916667715177,0,0.175330232828856,0,0,0,0.160017762921358,0,0.218614143470825,0,0,0,0.321323772623569,0.237953054408232,0.218850760922698,0,0,0.144819596161445,0,0,0.227001538828892,0.586474478244781,0,0,0,0,0.599354627832727,0.742606246471405,0.417092725118198,0,0,0,0,0,0.337373856220927,0,0.228889718609678,0,0.371033456590441,0,0,0.231625284999609,0,0.273331533921788,0,0.247252539185011,0,0,0,0.292818990422458,0,0.247664894742571,0,0,0,0.279620419110732,0,0.265610797854338,0,0.256285163146279,0,0.199119055498952,0.152006268946093,0.311957794902234,0,0
0,0,0,0,0,0,0,0,0.280902857643096,0,0.178224190997963,0,0,0,0,0,0,0,0,0,0.158259784545356,0,0.210596163392762,0,0.178378663631411,0,0,0,0.205046137484411,0,0.187910868337861,0,0,0.253881841897964,0.26099228142327,0,0.220337374757544,0.144819596161445,0,0,0,0.492730766534805,0.266826317131102,0,0,0,0.330914318561554,0.496442023779928,0.374150596333557,0,0,0,0,0,0.311697102284086,0,0.191525600850582,0,0,0,0,0,0,0.241474162319198,0,0.271457696278117,0,0.268925046500487,0,0,0,0.251766321512888,0,0.249475274692502,0,0,0.248840317130089,0.286429953990775,0,0.276782147385913,0.178594601425258,0.251027609272116,0.20625389594642,0.175022071775268,0.329940709643639,0,0
0,0,0,0.270656156167388,0,0.233502976596355,0,0,0,0.240547269582748,0,0,0,0,0,0,0.346280887722969,0.31483387030088,0.362623001809244,0,0,0,0,0,0,0.331476539373398,0,0,0,0,0,0,0,0,0,0.326221615076065,0,0,0,0,0.360509713490804,0.307499071277639,0.275812495085928,0.323356455022638,0,0.292574364278052,0.34002164999644,0,0.325539112091064,0.253844836697405,0.281275063753128,0.277049709643636,0,0,0,0.259722460593496,0.266503483057022,0.278096231467584,0.282909852266312,0,0,0.227272048592567,0.29585701427353,0.341225057840347,0,0,0,0,0.266646504402161,0,0,0,0.306674513479938,0,0,0,0,0,0.240889206809464,0.350453081727028,0.321826964616776,0,0.32073867807884,0.321340516209602,0.301953382458679,0.319729476785048,0
0.388088569045067,0,0.230918288230896,0,0.240506368378798,0,0,0,0,0,0,0,0,0,0,0,0.310787801941236,0.310707822442055,0.412620927330474,0,0.222002387046814,0,0,0,0,0,0,0,0,0,0,0,0,0,0,0.302686393260956,0.327542722225189,0,0,0.360509713490804,0,0.30292247235775,0.308293521626867,0,0.363317507505417,0.342623829841614,0.39391031421912,0.23179529979825,0.297383364641441,0.257602661848068,0.294856092996067,0,0,0,0.242415037751198,0,0.269242435693741,0,0.283883801528386,0,0.283349812030792,0,0.399321486552556,0.351708788825915,0,0,0,0,0.264242172241211,0,0,0,0.319042235612869,0.342227146029472,0,0,0,0,0.345364040136337,0.267656532552757,0,0.268937647342682,0.348699904131618,0.350362055003643,0.339213960850791,0,0.345505498777159
0,0.233483741777416,0,0.277244585561242,0,0.241631383697192,0,0,0,0.191143859028816,0,0,0,0,0,0,0.317914541810751,0.275009849473186,0.283012398793369,0,0,0.328851357102394,0,0.269078397502502,0,0,0,0,0,0,0,0,0,0,0,0.308461269014515,0,0.227001538828892,0.492730766534805,0.307499071277639,0.30292247235775,0,0.228536224892835,0.234334329143167,0.335457772016525,0.35595848162969,0.286783427000046,0.509774648918296,0.380321815609932,0.344442639791034,0,0.274254769086838,0,0,0,0.256972658328521,0,0.327798090776415,0.290328681468964,0.340843661473348,0,0.277277978758017,0.352523019132407,0,0.347984433174133,0,0.353263985117277,0,0.305451691150665,0,0.348586276883171,0,0.32969221800141,0,0,0,0,0,0.323273852934082,0.294140313234594,0.370833534293058,0,0.305019265924492,0.343733638002161,0.323300092707929,0.225773233592201,0.20349295437336
0.312660445217733,0,0.261721451101559,0.251973737031221,0.262801602482796,0.249251902103424,0,0,0.258142279789728,0.227262318134308,0.274359822273254,0,0,0,0,0,0.264487499699873,0.26427868232131,0.24321947468438,0,0,0,0,0,0.334851141770681,0,0,0,0,0,0,0,0,0.813792169094086,0,0.328889116644859,0.329211742348141,0.586474478244781,0.266826317131102,0.275812495085928,0.308293521626867,0.228536224892835,0,0.248084634542465,0.220858624348274,0.312516066431999,0.276777280271053,0.489743316351478,0.304499833045769,0.346252271533012,0.260473252761932,0,0,0,0.281224825109045,0,0.339721352234483,0.330926209688187,0.278753760457039,0,0.256391038497289,0.235283598303795,0.294945418834686,0.316926330990262,0,0,0,0.35613917807738,0,0,0,0,0.297740747531255,0.376988456799434,0,0,0,0,0.319423859534056,0.313078800679729,0.389310866594315,0.374862241744995,0.325423371044639,0.335895990273532,0.294154302527507,0,0.24745579738938
0,0,0,0,0,0,0,0,0,0,0,0,0,0,0,0,0,0.254587262868881,0.203916979635634,0,0,0,0,0,0,0,0,0,0,0,0,0,0,0,0,0.326041460037231,0,0,0,0.323356455022638,0,0.234334329143167,0.248084634542465,0,0,0,0,0,0,0,0,0,0,0,0,0,0,0,0,0,0,0,0.403968057462147,0,0,0,0,0,0,0,0,0,0,0,0,0,0,0,0.361929957949838,0,0.374166816473007,0,0.227099450429281,0,0.235170111060143,0,0
0,0,0,0,0,0,0,0,0,0,0,0,0,0,0,0,0,0,0.240000024437904,0,0,0,0,0,0,0,0,0,0,0,0,0,0,0,0,0,0,0,0,0,0.363317507505417,0.335457772016525,0.220858624348274,0,0,0,0,0,0,0,0,0,0,0,0,0,0,0,0,0,0,0,0,0,0,0,0,0,0,0,0,0,0,0,0,0,0,0,0,0.350722376038046,0,0,0.243263393640518,0,0.256142072817859,0,0.212474788228671
0,0,0,0.250923904279868,0,0.232165902853012,0,0,0,0,0,0,0,0,0,0,0.28232729434967,0.280690371990204,0.30958406728203,0.321695506572723,0,0,0,0,0,0,0,0,0,0,0,0,0,0,0,0.31355228402874,0,0,0,0.292574364278052,0.342623829841614,0.35595848162969,0.312516066431999,0,0,0,0.340132996439934,0.251921830698848,0.259981840848923,0.243783244410077,0,0.236616030335426,0,0,0,0,0.324204623699188,0.300530021744115,0.278937598069509,0,0,0.245351389050484,0.292962221687166,0.298716574907303,0,0,0,0,0,0,0.288890451192856,0,0.309777479731675,0,0,0,0,0,0.310010894056824,0.324259328842163,0.372776134122236,0,0.2990085499791,0.292932242155075,0.328311957811054,0.26661142706871,0
0,0,0.235342293977737,0.272335737943649,0,0,0,0,0,0,0,0,0,0,0,0,0.275493952963087,0.266156744211912,0.292352721095085,0,0.309738020102183,0,0,0,0,0,0,0,0,0,0,0,0,0,0,0.325444102287292,0.333467739423116,0,0.330914318561554,0.34002164999644,0.39391031421912,0.286783427000046,0.276777280271053,0,0,0.340132996439934,0,0,0.301452965537707,0,0.233204439282417,0,0,0,0,0,0.292189389467239,0,0.231362372636795,0,0,0,0.345062404870987,0.302034225441566,0,0,0,0,0,0,0,0,0,0.37656107544899,0,0,0,0,0.349578259719743,0.327350683247783,0,0.363910964944146,0.322503780583283,0.344858479770747,0.372451626015001,0,0.260883030295372
0,0,0.236810117959976,0.273236490786076,0.274904400110245,0,0,0,0.387025356292725,0.534005999565125,0,0,0,0,0,0,0,0,0,0.233568273484707,0.220010992884636,0.28350479049342,0,0,0.430544912815094,0,0,0,0,0,0,0.497751453866907,0.37989970763306,0.363986512916821,0.364413593694353,0.306487602699134,0.214803917954365,0.599354627832727,0.496442023779928,0,0.23179529979825,0.509774648918296,0.489743316351478,0,0,0.251921830698848,0,0,0.520932921092876,0.434165177200544,0.273933365941048,0,0,0,0.239582906166712,0,0.224779509939253,0.255424946546555,0.236862257122993,0,0.284719824790955,0,0.224671989679337,0.220492447677412,0.431499451398849,0,0.374575826254758,0.430020272731781,0,0,0,0,0,0,0.471984321961061,0.473417624001416,0.226402913718104,0.452146825142593,0.337023238499537,0.419596002406639,0.433608134587606,0.512671251370254,0.622005760995579,0.652613520622253,0.476026817349178,0,0.281876027584076
0.169468174352991,0,0.1770597666502,0.257963207860788,0.244800249050403,0.255441904067993,0,0,0.244340424736341,0.242822706699371,0,0,0,0,0,0,0,0,0.252776804177657,0,0.234414858122667,0,0.308533589515063,0,0.20200452882925,0,0,0,0,0,0,0.506311183174451,0,0.754799336194992,0.599408210175378,0.286824122071266,0.32428101806537,0.742606246471405,0.374150596333557,0.325539112091064,0.297383364641441,0.380321815609932,0.304499833045769,0,0,0.259981840848923,0.301452965537707,0.520932921092876,0,0.407879964884268,0.263856248391999,0,0,0,0.228113897845276,0.227957606315613,0.262776232439361,0.2599141523242,0.275728821611175,0,0.2175572630018,0,0,0.227833902013713,0,0.33684616361176,0.561035871505737,0.220677390065545,0,0.253153472415452,0,0.346228530009588,0.30242332816124,0.320922950903575,0.526403570175171,0,0,0.443995812016985,0.267161028165566,0.347848100682287,0,0.354344871150134,0.485611055105673,0.32613896548748,0.327025707199455,0,0.278198421001434
0,0.178070557130649,0,0.219428206915441,0,0.242532991700702,0,0,0,0.171239189306895,0,0,0,0,0,0,0.283908516168594,0.287045866250992,0.298794008791447,0.215342187455722,0,0.264817662075987,0,0.267074897761146,0,0,0,0.367513298988342,0,0,0,0.363981798291206,0,0.519703358411789,0.554326772689819,0.320763106722581,0,0.417092725118198,0,0.253844836697405,0.257602661848068,0.344442639791034,0.346252271533012,0,0,0.243783244410077,0,0.434165177200544,0.407879964884268,0,0,0.254507664929737,0,0,0,0.195381088249655,0.303376019001007,0.349511631196592,0.291502177715302,0.379073029206622,0,0.231998470484042,0.305663915733768,0.230859681963921,0.314064625455783,0,0.302829214539684,0,0.267227978290369,0,0.304670364049173,0,0.304537842148229,0,0.372753608971834,0.532615482807159,0,0,0.285999939564139,0.287290871143341,0.351539960657844,0,0.427049141267891,0.401653058826923,0.352853019804661,0.28366327881813,0
0,0,0.195944863337058,0,0.213609561673786,0,0.226348129994407,0,0.129692254960537,0,0,0,0,0,0.154859155416489,0,0,0,0,0,0.213806626200676,0,0,0,0,0,0,0,0,0,0,0,0,0,0,0,0.212893605232239,0,0,0.281275063753128,0.294856092996067,0,0.260473252761932,0,0,0,0.233204439282417,0.273933365941048,0.263856248391999,0,0,0,0.213140330884768,0,0.194352646668752,0,0.291311124159444,0,0.281282598433429,0,0.270545198562297,0,0,0.383476058903493,0,0,0,0,0,0,0,0,0.303284138441086,0.322000583012899,0,0,0,0,0.272568374872208,0.274465933442116,0,0.34123283624649,0.204299757533051,0.28118908405304,0.278405267770831,0,0.229805782437325
0,0,0,0.253561397187809,0,0.215346555233793,0,0.271265806797158,0,0.204322325686614,0,0,0,0.170440554618835,0,0.196790243972812,0,0,0.287722080945969,0.257046816249688,0,0,0,0,0,0,0,0,0,0,0,0,0,0,0,0.259939036435551,0,0,0,0.277049709643636,0,0.274254769086838,0,0,0,0.236616030335426,0,0,0,0.254507664929737,0,0,0,0.279718712681816,0,0.218615188263357,0.275007873773575,0.2748667043648,0,0.252322095115323,0,0.211460500552848,0.292236901582426,0,0,0,0,0,0,0,0.320511728525162,0,0.312375751137733,0,0,0,0,0,0.265278533101082,0,0.34277155995369,0,0.215020762459523,0.241904018180711,0.270566634676036,0.278117597103119,0
0,0,0,0,0.197666132822633,0,0.225171099721858,0,0,0,0.189999945828172,0,0,0,0,0,0,0,0,0,0,0,0,0,0,0,0,0,0,0,0,0,0,0,0,0,0,0,0,0,0,0,0,0,0,0,0,0,0,0,0.213140330884768,0,0,0,0,0,0.248416604340883,0,0,0,0,0,0,0,0,0,0,0,0,0,0,0,0,0,0,0,0,0,0,0,0,0,0.189321748052652,0.155516688312803,0,0,0
0,0,0,0,0,0.249727256241299,0,0.232526525962821,0,0,0,0.201482809583346,0,0.303888201713562,0,0,0,0,0,0,0,0,0,0,0,0,0,0,0,0,0,0,0,0,0,0,0,0,0,0,0,0,0,0,0,0,0,0,0,0,0,0.279718712681816,0,0,0,0,0,0.212021278213211,0,0.299909661379125,0,0,0,0,0,0,0,0,0,0,0,0,0,0,0,0,0,0,0,0,0,0,0.19585060281679,0.158497735857964,0,0,0
0.200746539472742,0,0.165237018267314,0,0.154604536436853,0,0,0,0.210533492422601,0,0,0,0,0,0.154810696840286,0,0,0,0,0,0.212128251791,0,0,0,0.259061639904976,0,0.139987617731094,0,0,0,0,0,0,0,0.297780841588974,0,0.303504347801208,0,0.311697102284086,0,0.242415037751198,0,0.281224825109045,0,0,0,0,0.239582906166712,0.228113897845276,0,0.194352646668752,0,0,0,0,0,0.224660322070122,0,0.223271708935499,0,0.227369658705842,0,0,0,0,0,0,0.276750315319408,0,0.215980744787625,0,0,0,0,0,0,0,0.346957331895828,0,0.25839476287365,0,0.263925712295325,0.186496906514679,0,0.23234861548103,0,0
0,0.22731681855641,0,0.171396653078599,0,0.176136864721775,0,0,0,0.180723471977051,0,0,0,0,0,0.173748844248407,0,0,0.260222762823105,0,0,0,0,0.338682324935993,0,0.160555245975653,0,0,0,0,0,0,0,0,0,0.309673517942429,0,0.337373856220927,0,0.259722460593496,0,0.256972658328521,0,0,0,0,0,0,0.227957606315613,0.195381088249655,0,0.218615188263357,0,0,0,0,0,0.271477858846386,0,0.291085511445999,0,0.234553937638392,0,0,0.285873621702194,0,0.264247537340281,0,0,0,0.300472984711329,0,0.302452544558723,0,0,0,0,0,0.303224748373032,0.277629017829895,0.272185162566174,0,0.238839664536974,0.252823919057846,0.249460875775133,0.277453750371933,0
0,0,0.261203959584236,0.275778448581696,0.226747037172318,0.268550738692284,0.195253826677799,0,0,0,0.231874391974466,0,0.165968276560307,0,0,0,0,0.277101695537567,0.279519470114457,0,0.207785044438564,0,0,0,0,0,0,0,0,0,0.259848736664828,0,0,0,0,0.303726971149445,0.168282100687856,0,0.191525600850582,0.266503483057022,0.269242435693741,0,0.339721352234483,0,0,0.324204623699188,0.292189389467239,0.224779509939253,0.262776232439361,0.303376019001007,0.291311124159444,0.275007873773575,0.248416604340883,0,0.224660322070122,0,0,0,0.33539954039008,0,0.216475255787373,0,0,0.315150961227168,0,0,0,0,0,0,0,0.386055359392301,0.285268306732178,0.304476639735944,0,0,0,0,0.284039730827014,0.276999926114633,0.298609346151352,0.183594949543476,0.187461800785626,0.294721066951752,0.314801747249757,0,0.351670956925342
0,0,0,0.3091057128766,0.274054139852524,0.279085023701191,0,0.210655795553556,0,0.291057653725147,0,0.237204921921427,0,0.189789774057838,0,0,0,0.290649116039276,0.409618782860632,0.248026568571041,0,0.375257743256433,0,0.415915602445602,0,0,0,0.157300633053447,0,0.1923616744383,0,0,0,0,0,0.232561669179371,0,0.228889718609678,0,0.278096231467584,0,0.327798090776415,0.330926209688187,0,0,0.300530021744115,0,0.255424946546555,0.2599141523242,0.349511631196592,0,0.2748667043648,0,0.212021278213211,0,0.271477858846386,0,0,0.265206098556519,0.354824311589147,0,0.297309897179845,0.324376840068369,0.282479733228683,0.38868124853997,0,0.420420283079147,0,0.414441082626581,0,0.449519587398759,0,0.299035757484442,0,0,0,0,0,0.287491388233571,0.365143924951553,0.214340050071478,0,0.294214307410376,0.354979571700096,0.327638318676598,0.357650937198044,0.292194426059723
0,0,0,0.274165019392967,0.23185007409616,0,0,0,0,0,0.141599939266841,0,0.176176706091296,0,0,0,0,0.317977488040924,0.271025760607286,0,0,0,0,0,0,0,0,0,0,0,0,0,0,0,0,0,0,0,0,0.282909852266312,0.283883801528386,0.290328681468964,0.278753760457039,0,0,0.278937598069509,0.231362372636795,0.236862257122993,0.275728821611175,0.291502177715302,0.281282598433429,0,0,0,0.223271708935499,0,0.33539954039008,0.265206098556519,0,0,0.252730154504581,0,0.273419886827469,0.25858855843544,0,0,0,0,0,0,0,0.370484378475409,0.30244838198026,0.343332663178444,0,0,0,0,0.298144499460856,0.274550618494258,0,0,0.152280311893534,0.292905420064926,0.290782838057305,0,0.287975251674652
0,0,0,0.316995769739151,0,0.20854012966156,0,0.297792699187994,0,0.284682542085648,0,0.132248954367207,0,0.191584463096074,0,0.136757899607931,0,0,0.371901974081993,0.33478711048762,0,0.360509670843744,0,0.389160599559546,0,0.16570071876049,0,0.397485479712486,0,0,0,0,0,0,0,0,0,0.371033456590441,0,0,0,0.340843661473348,0,0,0,0,0,0,0,0.379073029206622,0,0.252322095115323,0,0.299909661379125,0,0.291085511445999,0,0.354824311589147,0,0,0,0.295694439184098,0.370883899204659,0,0.371609879391534,0,0.406074969154416,0,0.391530009431224,0,0.375558086862547,0,0.259905381128192,0,0,0,0,0,0.290918658177058,0,0.40649751573801,0,0.180235253558272,0,0.349890401126236,0.35280379652977,0
0.209038607203043,0,0,0,0.138433543344339,0,0,0,0.145311262044642,0,0,0,0.18902746339639,0,0.155838733272893,0,0.161213176611524,0.186338543891907,0,0,0,0,0.140290677547455,0,0.207080721855164,0,0,0,0,0,0,0,0,0,0,0,0,0,0,0,0.283349812030792,0,0.256391038497289,0,0,0,0,0.284719824790955,0.2175572630018,0,0.270545198562297,0,0,0,0.227369658705842,0,0.216475255787373,0,0.252730154504581,0,0,0,0,0,0,0,0,0.211747042834759,0,0.235084010484796,0,0.185580358166119,0,0,0,0,0,0,0,0.310515195131302,0,0,0.162046928757003,0.27583372592926,0.217192251573909,0,0
0,0.196313599156121,0,0.283996128415068,0,0.214606015519662,0,0,0,0.14460701855921,0,0,0,0.206180155277252,0,0.208335190530746,0.174447759985924,0.165662038893927,0.231056908766429,0,0,0,0,0,0,0.188428704937299,0,0,0,0,0,0,0,0,0,0,0,0,0,0.227272048592567,0,0.277277978758017,0.235283598303795,0,0,0.245351389050484,0,0,0,0.231998470484042,0,0.211460500552848,0,0,0,0.234553937638392,0,0.297309897179845,0,0.295694439184098,0,0,0.34408313035965,0,0.319824695587158,0,0.256131287664175,0,0.23201427102471,0,0.371908446153005,0,0.313743706792593,0,0,0,0,0,0.267163600772619,0,0,0,0.175467187166214,0,0.280455424235417,0.281448394060135,0
0,0,0,0.276725392788649,0,0.2473523914814,0,0,0,0,0,0.185381194478587,0,0,0,0,0.333546769618988,0.32352401688695,0.34667551153679,0.216080298807448,0,0.385073522726695,0,0,0,0,0,0,0,0,0,0,0,0,0,0.20134609338796,0,0.231625284999609,0,0.29585701427353,0.399321486552556,0.352523019132407,0.294945418834686,0.403968057462147,0,0.292962221687166,0.345062404870987,0.224671989679337,0,0.305663915733768,0,0.292236901582426,0,0,0,0,0,0.324376840068369,0.273419886827469,0.370883899204659,0,0.34408313035965,0,0.348764896392822,0.385164181391398,0,0.401683479547501,0,0.407538846135139,0,0.399851641041695,0,0.354450881438351,0,0,0,0,0,0.286287279530507,0.354208221659064,0.307169794466326,0,0.224400092327556,0.322427451610565,0.335231123223513,0.297374799847603,0.310689479112625
0,0,0,0.263007998466492,0.352110852797826,0,0,0,0,0,0.247153450114032,0,0,0,0,0,0.329493895173073,0.298941234747569,0.326355226864718,0,0.240163835469219,0,0,0,0,0,0,0,0,0,0,0,0,0,0,0,0.255056151019906,0,0.241474162319198,0.341225057840347,0.351708788825915,0,0.316926330990262,0,0,0.298716574907303,0.302034225441566,0.220492447677412,0.227833902013713,0.230859681963921,0.383476058903493,0,0,0,0,0,0.315150961227168,0.282479733228683,0.25858855843544,0,0,0,0.348764896392822,0,0,0,0,0,0,0,0,0,0,0.384316491793437,0,0,0,0.338943362236023,0.350847817957401,0.298987288871059,0,0.300657322572079,0.249238526883441,0.262545883655548,0.338312384396697,0,0.303227323293686
0,0,0,0,0,0,0,0,0,0,0,0,0,0,0,0,0.148514747619629,0.137199033911412,0,0,0,0.227047994637869,0,0.284163561864541,0,0.118316851556301,0,0.200435105482293,0,0,0,0,0,0,0,0,0,0.273331533921788,0,0,0,0.347984433174133,0,0,0,0,0,0.431499451398849,0,0.314064625455783,0,0,0,0,0,0.285873621702194,0,0.38868124853997,0,0.371609879391534,0,0.319824695587158,0.385164181391398,0,0,0,0.231554982875534,0,0.312256963675832,0,0.267151723120277,0,0,0,0,0,0,0,0,0,0.265837304334166,0,0.177476661598408,0.505922257900238,0.354459878440215,0,0
0,0,0,0,0,0,0,0,0,0,0,0,0,0,0,0,0.145166789491971,0,0,0,0,0,0.223980606235374,0,0.225499093532562,0,0.16701193285339,0,0.256689199410817,0,0,0,0,0,0,0,0,0,0.271457696278117,0,0,0,0,0,0,0,0,0,0.33684616361176,0,0,0,0,0,0,0,0,0,0,0,0,0,0,0,0,0,0,0.239680669094102,0,0.183958065995561,0,0.251538961658029,0,0,0,0,0,0,0,0,0,0.315776349321284,0.168760481885725,0,0,0,0
0,0.249985469505191,0,0,0,0,0,0,0,0.221485520799955,0,0,0,0,0,0,0,0,0.30868861079216,0,0,0.291158069457327,0,0.200799082383319,0,0.162527382704947,0,0,0,0,0,0,0,0,0,0,0,0.247252539185011,0,0,0,0.353263985117277,0,0,0,0,0,0.374575826254758,0.561035871505737,0.302829214539684,0,0,0,0,0,0.264247537340281,0,0.420420283079147,0,0.406074969154416,0,0.256131287664175,0.401683479547501,0,0.231554982875534,0,0,0,0.354748573871503,0,0.407447173314936,0,0,0,0,0,0,0,0,0,0.220528111415382,0,0.239916984542556,0,0.306739113701356,0,0
0,0,0,0,0,0,0,0,0.188642327984174,0,0,0,0,0,0,0,0.153907258808613,0,0,0,0,0,0.229494511973944,0,0.191126389520853,0,0.161308457645086,0,0,0,0,0,0,0,0,0,0,0,0.268925046500487,0,0,0,0.35613917807738,0,0,0,0,0.430020272731781,0.220677390065545,0,0,0,0,0,0.276750315319408,0,0,0,0,0,0.211747042834759,0,0,0,0,0.239680669094102,0,0,0,0.207792335832623,0,0.314506381750107,0,0,0,0,0,0,0,0,0,0.242055070319379,0.356897280821877,0.388048589229584,0.296353055555143,0,0
0,0,0,0,0,0,0,0,0,0,0,0,0,0.127404436469078,0,0.170681193867564,0.178804090023041,0.171422024210126,0.228549807071686,0,0,0.353556841294816,0,0.276118148017574,0,0.150660815684101,0.164094656705856,0.185209795832634,0,0,0,0,0,0,0,0,0,0,0,0.266646504402161,0.264242172241211,0.305451691150665,0,0,0,0,0,0,0,0.267227978290369,0,0,0,0,0,0,0,0.414441082626581,0,0.391530009431224,0,0.23201427102471,0.407538846135139,0,0.312256963675832,0,0.354748573871503,0,0,0,0.25302746390483,0,0,0,0,0,0,0,0,0,0,0,0.166893776382832,0.152343437075615,0,0.390238106250763,0
0,0,0,0,0,0,0,0,0,0,0,0,0,0,0,0,0.155510673985669,0.172179487347603,0.221891897916794,0,0,0,0.130671746514995,0,0.166560071210066,0,0.148959970037485,0,0.202622454613447,0,0,0,0,0,0,0,0,0,0,0,0,0,0,0,0,0,0,0,0.253153472415452,0,0,0,0,0,0.215980744787625,0,0,0,0,0,0.235084010484796,0,0,0,0,0.183958065995561,0,0.207792335832623,0,0,0,0.295976291424122,0,0,0,0,0,0,0,0.253182023763657,0,0,0.16136002178703,0,0.190069810702251,0,0
0,0,0,0.331156641244888,0,0,0,0,0,0,0,0.129193178244999,0,0,0,0,0,0,0.349184137582779,0,0,0.319140942581336,0,0.415966460833678,0,0.171907879412174,0,0.208401299420282,0,0.160265038219782,0,0,0,0,0,0.374815136194229,0,0.292818990422458,0,0,0,0.348586276883171,0,0,0,0.288890451192856,0,0,0,0.304670364049173,0,0.320511728525162,0,0,0,0.300472984711329,0,0.449519587398759,0,0.375558086862547,0,0.371908446153005,0.399851641041695,0,0.267151723120277,0,0.407447173314936,0,0.25302746390483,0,0,0,0.289312699466431,0,0,0,0,0,0.324704049155116,0,0.273137123970659,0,0.284109662597378,0.391215324401855,0.370000651792476,0.335282519459724,0
0,0,0,0,0,0,0,0,0,0,0,0,0.146358147263527,0,0.171061734942829,0,0.153437107801437,0,0,0,0,0,0.168032179860508,0,0,0,0.165240200502532,0,0.220039123261856,0,0.190102408329646,0,0,0,0,0,0,0,0.251766321512888,0,0,0,0,0,0,0,0,0,0.346228530009588,0,0,0,0,0,0,0,0.386055359392301,0,0.370484378475409,0,0.185580358166119,0,0,0,0,0.251538961658029,0,0.314506381750107,0,0.295976291424122,0,0,0,0.228436599119326,0,0,0,0,0,0,0,0.256602353300435,0.163749331706449,0,0.386548279612153,0,0
