0,0,47.4701806306839,0,0.348904311656952,0,0,0,96.5247242301702,0,0,0,0,0,0,0,1.77574384212494,0,9.78794972598553,0,0,0,0,0,0,0,0,0,0,0,0,0,0,0,0,0,0.167527139186859,0,0.147994130849838,0,3.92376028001308,0.180296093225479,42.6890300065279,0,0,0,4.43891886621714,0,163.060095399618,0,1.85189932584763,0,0,0,251.069552212954,0.160073339939117,30.1172138750553,0,0,0,0,0,0,1.6008343026042,0,0,0,0,0,0,0,0.148643955588341,0.541045308113098,0.784180238842964,0,0,0,0,0,4.01104279607534,0,1.99107936024666,44.5952938273549,0,551.691741369665,0,0.331679552793503
0,0,0,51.2159312963486,0,0.679130792617798,0,0,0.117861062288284,336.202923521399,0,0,0,0,0,14.607198998332,0.779817700386047,2.0722815990448,97.8622771203518,0,0,0,0,20.430478811264,0,0,0,0,0,0,0,0,0,0,0,6.06486513465643,0,91.6315171271563,0,7.25486354529858,0,518.512296274304,1.34487555921078,2.43648265302181,0.200029000639915,56.2557680159807,0.89921635389328,0,0,508.612337574363,0,0,0,0,0,655.001418098807,0,6.61630629003048,0,3.6462667286396,0,75.4977729022503,0,0,0,0,79.5642796903849,0,28.7928717881441,0,67.8815172016621,0,23.1480968743563,0.272568792104721,0,0,0,0,22.7031299471855,0.596176952123642,30.6906074881554,0.436758756637573,573.776951998472,0.702916994690895,980.640467740595,0,1.28338307142258
47.4701806306839,0,0,0,36.181407481432,0,0,0,37.4162707924843,0,0,0,0,0,0,0,0.21367809176445,0,0.607348494231701,0,0,0,0,0,0,0,0,0,0,0,0,0,0,0,0,0,0,0,0.342229872941971,0,1.67065535485744,3.10991245508194,37.9770364761353,0,0,0,5.93451696634293,0,148.578661099076,0,13.8297754228115,0,0,0,155.674202740192,0,15.2204509079456,0,52.8622523993254,0,6.97839760780334,0,0,3.599679261446,0,0,0,0,0,0,0,9.11804258823395,0,10.9646981954575,0,0,0,0,0,1.29221572726965,0,2.12359249591827,80.2031417638063,0,120.105615183711,0,11.2273692190647
0,51.2159312963486,0,0,0,45.4419918358326,0,0,0.556822955608368,35.5741529911757,0,0,0,0,0,29.2623261213303,0,0,1.29928883165121,5.65526801347733,0,0,0,0,0,0,0,0,0,0,0,0,0,0,0,33.0773251801729,0,0.1639274507761,0,3.95677594840527,0,185.24406068027,0,0.19809877872467,0,170.049151986837,12.9114250838757,0,0,43.1516602039337,0,25.6398469805717,0,0,0,138.441140532494,0,66.0582708567381,0,8.93214473128319,0,204.619098573923,49.0935215055943,0.373659253120422,0,0,0.280258923768997,0,0,0,3.64434932172298,0.996946766972542,5.82287611067295,0,0,0,0,0,39.6433072984219,0,2.30951382219791,0,287.408168070018,29.2708904892206,307.384489290416,0.370618730783463,0
0.348904311656952,0,36.181407481432,0,0,0,1,0,103.601143151522,0,0,0,0,0,12.3555508852005,0,0,0,4.18307018280029,0,40.5456686317921,0,0,0,0,0,0,0,0,0,0,0,0,0,0,0,1.57834133505821,0,0,0,0,1.50565302371979,28.7565080672503,1.24356579780579,0.9281867146492,1.57449233531952,13.8693774938583,1.02721631526947,5.99638272821903,0,83.4258857965469,0,0,0,0,0,0.24834206700325,0,3.77873492240906,0,34.0239697694778,0,0,7.82617452740669,0,0,0,0,0,0,0,0,0,0,0,0,0,0,3.01583337783813,6.96791630983353,0,0,77.8771668225527,1.44600677490234,74.5336483865976,0,0
0,0.679130792617798,0,45.4419918358326,0,0,0,0,0,0,0,0,0,0,0,0,0,0,0,4.6483151614666,0,0,0,0,0,0,0,0,0,0,0,0,0,0,0,45.4977468252182,0,0,0,1.45205616950989,0,12.6003937870264,0,0,0,0,0,0,0,3.89268124103546,0,65.0442853569984,0,0,0,0.755468398332596,0,1.24721822142601,0,1.15536987781525,0,0.83507527410984,0,0,0,0,0,0,0,0,0,0,0,0,0,0,0,0,96.4052379131317,0,0,0,221.057717308402,15.4853229522705,23.1663761138916,0,0
0,0,0,0,1,0,0,0,0,0,76.9351433366537,0,0,0,0,0,0,0,0,0,0,0,0,0,0,0,0,0,0,0,0,0,0,0,0,0,186.738017201424,0,0,0,0,0,0,0,0,0,0,0,0,0,20.2981176376343,0,25.7776012420654,0,0,0,127.07419860363,0,0,0,0,0,0,0,0,0,0,0,0,0,0,0,0,0,0,0,0,0,0,1.22780537605286,0,0,37.7694765329361,0,0,0,0
0,0,0,0,0,0,0,0,0,0,0,0,0,0,0,0,0,0,0,0,0,0,0,0,0,0,0,0,0,0,0,0,0,0,0,0,0,0,0,0,0,0,0,0,0,0,0,0,0,0,0,0,0,39.5206575393677,0,0,0,151.050076723099,0,0,0,0,0,0,0,0,0,0,0,0,0,0,0,0,0,0,0,0,0,0,0,0,1,0,0,0,0
96.5247242301702,0.117861062288284,37.4162707924843,0.556822955608368,103.601143151522,0,0,0,0,0,0,0,0,0,104.87999150157,0,23.2158842980862,0,4.67907983064651,0,0,0,2.01994401216507,0,69.9830089211464,0,0,0,0,0,0,0,0,0,0,0,0,0.142549946904182,5.2282202988863,0.255086243152618,0.144039168953896,1.08863693475723,51.9307544603944,0.113101281225681,0.190758436918259,1.24090577661991,2.08741822093725,0,16.5841775536537,0,0.187291368842125,0,0,0,500.644412115216,0.344855785369873,32.0077722370625,0,0,0,172.032882094383,0,0,3.88860855996609,0,0,0,11.657398879528,0,37.6202430725098,0,9.52692341804504,0,11.2522198706865,0,0,0,0,0,0.614229559898376,0.179909512400627,17.7847311645746,488.224052421749,120.436920806766,69.7849747240543,0,20.0251770764589
0,336.202923521399,0,35.5741529911757,0,0,0,0,0,0,0,0,0,0,0,279.891604185104,0,2.59530806541443,13.0736808329821,0,0,0,0,165.954142451286,0,16.9487888514996,0,0,0,0,0,0,0,0,0,0,0,77.0716058164835,0,4.77335874736309,0,39.3756726980209,0,0,1.35869118571281,3.45069600641727,0.154355302453041,0,0,57.5147138684988,0,0,0,0,0,325.106118306518,0.122573606669903,1.9209725856781,0,0,0,77.555033236742,1.01882921159267,0,0,0,196.825169548392,0,0,0,10.6896012127399,0,4.24935205280781,0.252058774232864,0,0,0,0,0.176508918404579,0,44.4141671657562,0,363.04450339824,26.6140606850386,31.2087630182505,0,0
0,0,0,0,0,0,76.9351433366537,0,0,0,0,0,307.395441710949,0,0,0,0,0,0,0,406.932575672865,0,0,0,0,0,0,0,0,0,30.6041373610497,0,0,0,0,0,241.002883076668,0,543.821607425809,0,0,0,0,0,0,0,0,0,0.34474915266037,0,0,0,4.05999231338501,0,0,0,688.056964352727,0,27.3872425556183,0,0,0,0,199.325467348099,0,0,0,0,0,0,0,0,0,53.8628472983837,0,0,0,0,0,258.938482552767,0,57.2916642129421,8.93390476703644,0,17.3867878317833,0,0
0,0,0,0,0,0,0,0,0,0,0,0,0,14.4123515486717,0,0,0,0,0,305.799457058311,0,0,0,0,0,0,0,12.9715033769608,0,119.861658215523,0,0,0,0,0,114.923422753811,0,193.195659786463,0,0,0,0,0,0,0,0,0,0,0,0,0,0,0,0,0,0,0,2802.55169379711,0,68.2140019536018,0,0,0,0,0,0,0,0,0,0,160.529074475169,0,292.249950572848,0,0,0,0,0,0,0,59.2626383006573,0,240.268187463284,0,0,0,0
0,0,0,0,0,0,0,0,0,0,307.395441710949,0,0,0,5.31028985977173,0,0,0,0,0,0,0,0,0,0,0,0,0,6,0,0,0,0,0,0,0,0,0,0,0,0,0,0,0,0,0,0,0,0,0,0,0,0,0,0,0,203.067892968655,0,75.2250200510025,0,0,0,0,0,0,0,0,0,0,0,0,0,0,0,0,0,0,0,0,0,0,0,1,5.11930704116821,0,0,0
0,0,0,0,0,0,0,0,0,0,0,14.4123515486717,0,0,0,0,0,0,0,0,0,0,0,0,0,0,0,6.41832399368286,0,0,0,0,0,0,0,0,0,0,0,0,0,0,0,0,0,0,0,0,0,0.149565547704697,0,0,0,0,0,0,0,67.2215417176485,0,1044.00101281703,0,0,0,0,0,0,0,0,0,0,41.3539063334465,0,1.03865170478821,0,0,0,0,0,0,0,0,0,13.5849117040634,32.1027599573135,0,0,0
0,0,0,0,12.3555508852005,0,0,0,104.87999150157,0,0,0,5.31028985977173,0,0,0,81.2017831206322,0,0,0,0,0,0,0,0,0,5.93029826879501,0,0,0,0,0,0,0,0,0,0,0,0,0,0,0,0,0,0,0,0,0,0,0,0,0,0,0,4.91332022845745,0,0,0,38.2128946781158,0,160.710444688797,0,0,0,0,0,0,0,0,0,0,0,0,0,0,0,0,0,0,0,0,0,56.463712990284,2,0,0,0
0,14.607198998332,0,29.2623261213303,0,0,0,0,0,279.891604185104,0,0,0,0,0,0,0,188.522390305996,0.316399738192558,0,0,0,0,9.21692651510239,0,45.6387740671635,0,0,0,0,0,0,0,0,0,0,0,2.75433124601841,0,2.64240595698357,0,28.834624543786,0,3.92283308506012,0,1.79511351883411,0,0,0,65.7076848968863,0,0,0,0,0,3.69264641404152,0,0,0,0,0,193.410951636732,0,0,0,0,5.83258836716413,0,25.4944823011756,0,0.135823577642441,0,0,0,0,0,0,0,0.135076820850372,0,0.220394268631935,0,44.7039669901133,1,82.4506268203259,0,0
1.77574384212494,0.779817700386047,0.21367809176445,0,0,0,0,0,23.2158842980862,0,0,0,0,0,81.2017831206322,0,0,6444.36607764661,2393.72756206989,0,0,0,4.78700050711632,0,88.3497913181782,0,247.00165578723,0,48.7535818219185,0,0,0,0,0,0,4.23881102353334,9.80187015980482,0.248907424509525,6.18717850744724,11.997858338058,23.7848632186651,8.56053890287876,43.7294828817248,2.84288765490055,17.2586218416691,52.2462494075298,42.9796057343483,0,0.51068226993084,9.55495898425579,2.81844711303711,0,0,0,0,0.270258247852325,0.967905685305595,0,0,0,0,0,0.320795893669128,2.67285464704037,0,0,0,0,0,0,0,1.29588463902473,1.39246618747711,5.6872280985117,0,0,0,0,26.7241965085268,68.5565809234977,12.6014804691076,29.2238836213946,10292.5537833497,5865.81025454402,102.843442030251,3.65899324417114,10.3387150168419
0,2.0722815990448,0,0,0,0,0,0,0,2.59530806541443,0,0,0,0,0,188.522390305996,6444.36607764661,0,3476.28408905119,0,0,49.3284726142883,0,0,0,338.120232909918,0,0,0,0,0,0,0,0,0,3.18361632525921,0.133578285574913,0.848408639431,1.01969840377569,19.837114661932,7.71719454228878,11.3999014571309,3.83358165621758,5.06539402902126,2.16571666300297,37.6372653990984,21.5718849301338,0,0,7.44113679975271,0,0,0,0,0,0.116909295320511,0.195243388414383,0,0,0,0,109.831149578094,0.470471404492855,0.26171088218689,2.17333030700684,0,0,0,13.5014519095421,0,0.732869207859039,0.596116349101067,0.789184093475342,2.05214785039425,0,0,0,0,32.5540527626872,22.3821789473295,12.2412745580077,9.39066015928984,7963.8734722957,1834.12579727918,30.6513625085354,1.74588297307491,1.16796338558197
9.78794972598553,97.8622771203518,0.607348494231701,1.29928883165121,4.18307018280029,0,0,0,4.67907983064651,13.0736808329821,0,0,0,0,0,0.316399738192558,2393.72756206989,3476.28408905119,0,0,0,0,0,0,0,0,0,0,0,0,0,0,0,0,0,186.875883333385,65.052744679153,33.8093554079533,47.6309703812003,382.846299141645,309.813821546733,936.020480252802,552.582842119038,83.7799970954657,216.269136793911,840.815253615379,710.124560952187,0.735651850700378,11.4131795465946,532.956569232047,7.24589031934738,0,0,0,0,0.458877071738243,26.8182604536414,11.5221945494413,2.33101892471313,0,0,1.2664801850915,16.4160467833281,40.9540830403566,0,0,0.81605064868927,0,1.08722317218781,0,59.7757372409105,22.1731369793415,72.3030251711607,98.1657072007656,0,0,0,0.214344933629036,848.023964963853,661.692513331771,408.936040982604,363.574118383229,3794.96905471385,351.016466125846,1432.79853946716,49.2621287479997,180.004855945706
0,0,0,5.65526801347733,0,4.6483151614666,0,0,0,0,0,305.799457058311,0,0,0,0,0,0,0,0,0,0,0,0,0,0,0,0,0,3.3034907579422,0,0,0,0,0,960.54174105078,0,418.577632620931,0,0,0,0.473389476537704,0,0,0,6.30758681893349,0,0,0,0,0,0.926360696554184,0,0,0,0,0,124.520762264729,0,0,0,0,2380.04825545102,0,0,0,0,0,0,0,0,0,31.6552118659019,0,0,0,0,0,122.416838757694,0,115.991254895926,0,314.289437890053,7.07841305434704,74.4471802860498,0,0
0,0,0,0,40.5456686317921,0,0,0,0,0,406.932575672865,0,0,0,0,0,0,0,0,0,0,0,0,0,0,0,0,0,0,0,0,0,0,0,0,0,773.339672520757,0,486.125543728471,0,0,0,2.98972818255424,0,0,0,2.0752460360527,0,1.872992426157,0,94.5657055228949,0,1.72602096199989,0,0,0,82.0918987989426,0,0,0,0,0,0,1027.0308342278,0,0,0,0,0,0,0,0,0,0,0,0,0,0,0,293.250949949026,0,36.4047421067953,291.196143880486,4.01007360219955,104.154777601361,0,0
0,0,0,0,0,0,0,0,0,0,0,0,0,0,0,0,0,49.3284726142883,0,0,0,0,80.0368653535843,252.859828352928,0,206.669093161821,0,133.066297650337,0,0,0,0,0,0,0,0,0,914.487038120627,0,0,0,0,0,0,0,0,0,0,0,114.284547492862,0,0,0,0,0,0,0,0,0,0,0,0,0,0,6995.50308400393,0,42.4182101041079,0,97.5212348997593,0,52.2293142080307,0,0,0,0,0,0,0,0,0,371.326662048697,0,1645.35261641443,676.279898658395,0,0,0
0,0,0,0,0,0,0,0,2.01994401216507,0,0,0,0,0,0,0,4.78700050711632,0,0,0,0,80.0368653535843,0,0,163.513444423676,0,11.4804134368896,0,199.709181189537,0,0,0,0,0,0,0,0,1,675.948887571692,0,0,0,0,0,0,0,0,0,271.567779257894,0,0,0,0,0,0,0,0,0,0,0,0,0,0,0,1,5311.04651044309,0,52.2188177704811,0,2.96825543045998,0,95.0976115465164,0,0,0,0,0,0,0,0,0,149.04176209867,1138.16414131224,542.682316839695,0,0,0
0,20.430478811264,0,0,0,0,0,0,0,165.954142451286,0,0,0,0,0,9.21692651510239,0,0,0,0,0,252.859828352928,0,0,0,171.223516970873,0,0,0,0,0,0,0,0,0,0,0,452.627200067043,0,0,0,1.23018595576286,0.635453045368195,0,0.152875527739525,0,0,0,0,23.0925283879042,0,0,0,0,0,124.257814928889,0,0,0,0,0,1.48067319393158,0,0,273.695345342159,0,961.797910064459,0,38.8336655348539,0,0.41999951004982,0,0,0,0,0,0,0,0,0,263.541030317545,0,315.552909344435,7.1119564473629,1.13394597172737,0,0
0,0,0,0,0,0,0,0,69.9830089211464,0,0,0,0,0,0,0,88.3497913181782,0,0,0,0,0,163.513444423676,0,0,0,2.08799162507057,0,0,0,0,0,0,0,0,0,0,0,24.5868443250656,0,0,0,2.33719044923782,0,0,0,0,0,206.413516715169,0,0,0,0,0,16.6372631192207,0,0,0,0,0,0,0,0,0,0,38.6928149461746,0,802.025870293379,0,53.7355645298958,0,0,0,0,0,0,0,0,0,0,0,9.43920695781708,201.890737369657,0,92.2127217501402,0,0
0,0,0,0,0,0,0,0,0,16.9487888514996,0,0,0,0,0,45.6387740671635,0,338.120232909918,0,0,0,206.669093161821,0,171.223516970873,0,0,0,0,0,0,0,0,0,0,0,0,0,5.04468035697937,0,0,0,0,0,0,0,0,0,0,0,2.63974790275097,0,0,0,0,0,8.71540939807892,0,0,0,0,0,54.9444815069437,0,0,155.692180484533,0,33.2859343290329,0,1116.10041095316,0,0,0,0,0,0,0,0,0,0,0,1.24277317523956,0,37.9898678064346,0,5.80048464238644,0,0
0,0,0,0,0,0,0,0,0,0,0,0,0,0,5.93029826879501,0,247.00165578723,0,0,0,0,0,11.4804134368896,0,2.08799162507057,0,0,0,2.06324362754822,0,0,0,0,0,0,0,0,0,0,0,0,0,0.18833239376545,0,0,0,0,0,3.60759910941124,0,0,0,0,0,0,0,0,0,0,0,0,0,0,0,0,0,0,1.56753696501255,0,214.768504619598,0,0,0,0,0,0,0,0,0,0,0,0,35.5642273724079,0,1.05710653960705,0,0
0,0,0,0,0,0,0,0,0,0,0,12.9715033769608,0,6.41832399368286,0,0,0,0,0,0,0,133.066297650337,0,0,0,0,0,0,0,181.248410791159,0,0,0,0,0,0,0,85.0048550963402,0,0,0,0,0,0,0,0,0,0,0,0,0,0,0,0,0,0,0,0,0,130.471302032471,0,0,0,0,15.8590891063213,0,0,0,19.6520007252693,0,855.160860911012,0,66.7558761388063,0,0,0,0,0,0,0,7.59867593646049,0,343.888473272324,359.509599000216,0,0,0
0,0,0,0,0,0,0,0,0,0,0,0,6,0,0,0,48.7535818219185,0,0,0,0,0,199.709181189537,0,0,0,2.06324362754822,0,0,0,293.485279291868,0,0,0,0,0,0,0,180.645388901234,0,0,0,0,0,0,0,0,0,0,0,0,0,0,0,0,0,0,0,1,0,0,0,0,0,0,92.7365905046463,0,0,0,5.42912077903748,0,909.341532737017,0,9.0855553150177,0,0,0,0,0,0,0,95.0386912226677,74.128764718771,113.612899661064,0,0,0
0,0,0,0,0,0,0,0,0,0,0,119.861658215523,0,0,0,0,0,0,0,3.3034907579422,0,0,0,0,0,0,0,181.248410791159,0,0,0,0,0,0,0,0,0,221.866339474916,0,0,0,0,0,0,0,0,0,0,0,0,0,0,0,0,0,0,0,23.4272417724133,0,0,0,0,0,0,0,0,0,0,0,0,61.7873077094555,0,808.327540069818,0,0,0,0,0,0,0,122.962226629257,0,21.8810425549746,2,0,0,0
0,0,0,0,0,0,0,0,0,0,30.6041373610497,0,0,0,0,0,0,0,0,0,0,0,0,0,0,0,0,0,293.485279291868,0,0,0,0,0,0,0,0,0,655.925083756447,0,0,0,0,0,0,0,0,0,0,0,0,0,0,0,0,0,23.1713504046202,0,0,0,0,0,0,0,0,0,0,0,0,0,0,300.110538840294,0,570.521971642971,0,0,0,0,0,0,0,111.446768268943,113.925112441182,0,0,0,0
0,0,0,0,0,0,0,0,0,0,0,0,0,0,0,0,0,0,0,0,0,0,0,0,0,0,0,0,0,0,0,0,579.302864700556,13.5312477946281,0,382.113946303725,0,0,0,3.91859032213688,0,0,0,0,0,0,0,201.166584819555,0,0.236157730221748,0,0,0,0,0,0,0,0,0,0,0,0,0,0,0,0,0,0,0,0,0,0,0,0,1229.60082813352,87.6240881681442,49.8640188276768,0,88.6575594171882,0.840908765792847,0,0,114.355805307627,0,0,0,0
0,0,0,0,0,0,0,0,0,0,0,0,0,0,0,0,0,0,0,0,0,0,0,0,0,0,0,0,0,0,0,579.302864700556,0,0,54.5689139962196,470.486149996519,397.724964290857,0,0,0.853827774524689,0,0,0,0,0,0,0,1440.43223958462,52.2747655510902,9.75422787666321,0,0,0,0,0,0,0,0,0,0,0,0,0,0,0,0,0,0,0,0,0,0,0,0,304.533780813217,800.080468818545,0,10.0593837201595,18.9179221689701,119.789433829486,0,0,249.959714531898,0,2.38173055648804,0,0
0,0,0,0,0,0,0,0,0,0,0,0,0,0,0,0,0,0,0,0,0,0,0,0,0,0,0,0,0,0,0,13.5312477946281,0,0,582.331323742867,304.824965700507,7.20783090591431,365.842225655913,5.63176155090332,0,0,49.7054517865181,0,0,0,0,0,703.329063549638,0,24.77501308918,0,0,0,0,0,0,0,0,0,0,0,0,0,0,0,0,0,0,0,0,0,0,0,0,83.2010676860809,0,3109.93328244984,5.27400350570679,105.675121068954,3.92320036888123,116.234480306506,0,318.000886917114,0,2.2331275343895,0,0
0,0,0,0,0,0,0,0,0,0,0,0,0,0,0,0,0,0,0,0,0,0,0,0,0,0,0,0,0,0,0,0,54.5689139962196,582.331323742867,0,0,336.737010017037,84.6212900280952,239.760604798794,0,0,0,2.93881666660309,0,0,0,0,495.265053644776,3.53876709938049,0,0,0,0,0,0,0,0,0,0,0,0,0,0,0,0,0,0,0,0,0,0,0,0,0,0,46.3336733281612,240.513763606548,2460.05222100019,0.138277024030685,15.4337555915117,0,127.365586876869,455.909128457308,0,0,0,0
0,6.06486513465643,0,33.0773251801729,0,45.4977468252182,0,0,0,0,0,114.923422753811,0,0,0,0,4.23881102353334,3.18361632525921,186.875883333385,960.54174105078,0,0,0,0,0,0,0,0,0,0,0,382.113946303725,470.486149996519,304.824965700507,0,0,740.850710093975,2020.63962789625,2.19754362106323,4.97105801105499,1.70262209326029,70.3686649799347,1.66071876883507,5.09834364056587,2.19486974179745,205.511827491224,1.67184347659349,112.046708442271,0,208.169548414648,0,2.27326101064682,0,0,0,0.269420355558395,0,41.2225606143475,0,2.75477626919746,0,1.96250100433826,799.566775754094,0,0,0,0,0,0,0,0,0.114466652274132,1.18406280875206,0.149546563625336,218.767768636346,4.62525177001953,461.885743483901,0,18988.0495530516,177.113355442882,2401.45648483932,0.782366469502449,1674.04769913852,621.05715367198,144.356932833791,4.73256718367338,0.153461411595345
0.167527139186859,0,0,0,1.57834133505821,0,186.738017201424,0,0,0,241.002883076668,0,0,0,0,0,9.80187015980482,0.133578285574913,65.052744679153,0,773.339672520757,0,0,0,0,0,0,0,0,0,0,0,397.724964290857,7.20783090591431,336.737010017037,740.850710093975,0,0.110118880867958,1697.26765877753,0.326799131929874,2.47158876806498,0.179166346788406,76.3988919183612,1.21351888030767,17.993773907423,4.61039514094591,55.0583497807384,254.101026408374,83.8685741648078,0.139727845788002,14.5854207873344,0,74.2550184726715,0,0,0,38.7063071429729,0,1.41193129122257,0,0,0,0,1026.19512345642,0,0,0,0,0,0,0,0.264966040849686,0.160649389028549,0,0,516.082607477903,0,1609.588015154,272.488069444895,20679.5447993055,1.16899816691875,1596.45446719229,2650.44494013488,836.328218646348,122.908694192767,0,25.4370020627975
0,91.6315171271563,0,0.1639274507761,0,0,0,0,0.142549946904182,77.0716058164835,0,193.195659786463,0,0,0,2.75433124601841,0.248907424509525,0.848408639431,33.8093554079533,418.577632620931,0,914.487038120627,1,452.627200067043,0,5.04468035697937,0,85.0048550963402,0,221.866339474916,0,0,0,365.842225655913,84.6212900280952,2020.63962789625,0.110118880867958,0,163.39012414217,6.31721746176481,0,235.21680355072,53.7205560952425,0.492273688316345,0.0972434058785439,35.2753226682544,0,311.300979614258,0,185.354640722275,0,0,0,0,0,105.610096007586,0,51.2808952927589,0,0,0,0.961903676390648,350.86657076329,0,332.963342949748,0,373.773012280464,0,0.452246427536011,0,66.9954377934337,0,247.426709443331,0,0,0,436.07392449677,0,705.365633420646,0.269296079874039,18010.455950208,86.307810112834,2906.92321309447,427.688122451305,216.281141966581,1.21272192150354,0
0.147994130849838,0,0.342229872941971,0,0,0,0,0,5.2282202988863,0,543.821607425809,0,0,0,0,0,6.18717850744724,1.01969840377569,47.6309703812003,0,486.125543728471,0,675.948887571692,0,24.5868443250656,0,0,0,180.645388901234,0,655.925083756447,0,0,5.63176155090332,239.760604798794,2.19754362106323,1697.26765877753,163.39012414217,0,0,2.03225007653236,2.03015719354153,1019.6736497134,0,5.4010690972209,1.81600921601057,33.5054466277361,705.216429024935,462.009371645749,0.138044476509094,0,0,0,0,24.6013745516539,0,57.3896960020065,0,0,0,0,0,0,560.883600130677,0,558.634667113423,0,222.330300420523,0,0.383202508091927,0,46.4753833413124,0.137151062488556,260.295584753156,0,0,0,412.864971101284,0.289942145347595,1407.18704114109,17.1783994734287,16566.6216812059,2222.8003231734,31.4171854555607,26.5386173501611,0,16.1529900729656
0,7.25486354529858,0,3.95677594840527,0,1.45205616950989,0,0,0.255086243152618,4.77335874736309,0,0,0,0,0,2.64240595698357,11.997858338058,19.837114661932,382.846299141645,0,0,0,0,0,0,0,0,0,0,0,0,3.91859032213688,0.853827774524689,0,0,4.97105801105499,0.326799131929874,6.31721746176481,0,0,0.782256878912449,670.358121395111,4.85368223488331,69.246699295938,7.58763911575079,307.858513109386,3.24707727134228,1143.8531794697,137.115096598864,2044.83625734597,1.60157442092896,0,0,0,0,0.28832633793354,0.171506240963936,0.709309801459312,0,0,0,1.92779165506363,7.81861920654774,0,0,0,0,0,0.313608914613724,0,1.97306270897388,0.85830083489418,0.250586293637753,0.454841859638691,0.970314502716064,1.33781623840332,0,0,1081.17427458614,7.93600028008223,9.86796855181456,4.80120469629765,126.454101264477,6.96191470324993,476.761119671166,12.2770538032055,0.511687576770782
3.92376028001308,0,1.67065535485744,0,0,0,0,0,0.144039168953896,0,0,0,0,0,0,0,23.7848632186651,7.71719454228878,309.813821546733,0,0,0,0,0,0,0,0,0,0,0,0,0,0,0,0,1.70262209326029,2.47158876806498,0,2.03225007653236,0.782256878912449,0,5.64964907616377,1108.68092588335,4.15276547521353,201.799200929701,12.7842826023698,605.706280365586,0,64.4991319328547,3.41106854379177,1.71560144424438,0,0,0,0,0,3.52378585934639,0,0,0,0,0,0.178563445806503,142.900294646621,0,0,0,0,0,0,0,1.27383460104465,0.169320926070213,18.8229444622993,0,0,0,0.124857679009438,6.66243041306734,540.470529720187,3.59186659008265,33.0204277187586,125.698914580047,14.8365439027548,1104.48137710989,0.133633390069008,41.4729656502604
0.180296093225479,518.512296274304,3.10991245508194,185.24406068027,1.50565302371979,12.6003937870264,0,0,1.08863693475723,39.3756726980209,0,0,0,0,0,28.834624543786,8.56053890287876,11.3999014571309,936.020480252802,0.473389476537704,0,0,0,1.23018595576286,0,0,0,0,0,0,0,0,0,49.7054517865181,0,70.3686649799347,0.179166346788406,235.21680355072,2.03015719354153,670.358121395111,5.64964907616377,0,739.572190068662,147.263956554234,4.16124230623245,1047.20798335969,4.93907421827316,1628.99899357557,17.3367063999176,653.570445507765,0,3.43835535645485,0,0,0,25.1727013289928,1.2373321801424,48.0723257213831,0,0.780453264713287,0,58.4578536599874,87.6482180953026,0.103110082447529,0,0,5.80693709850311,0,0.176307171583176,0,100.662074372172,0.591103456914425,192.306954011321,1.8727402985096,0,0,0,0,441.668191708624,12.1252823546529,130.452721811831,3.79796271771193,2399.35956701636,38.7740170061588,1432.73668663204,21.4758669510484,3.3224266320467
42.6890300065279,1.34487555921078,37.9770364761353,0,28.7565080672503,0,0,0,51.9307544603944,0,0,0,0,0,0,0,43.7294828817248,3.83358165621758,552.582842119038,0,2.98972818255424,0,0,0.635453045368195,2.33719044923782,0,0.18833239376545,0,0,0,0,0,0,0,2.93881666660309,1.66071876883507,76.3988919183612,53.7205560952425,1019.6736497134,4.85368223488331,1108.68092588335,739.572190068662,0,7.45601092278957,94.5362712740898,20.3991077467799,468.452416375279,2044.83931943774,1154.75839260221,3.09388842433691,40.2616808414459,0,0,0,1.85727520287037,1.0913599729538,379.983847305179,1.60906672477722,3.12853610515594,0,0,0,0,122.2732494995,0,0.205814436078072,0.538066580891609,2.03453421592712,0,0,3.21773670613766,85.6831043064594,0.430960647761822,240.714181192219,0,0,0,2.6485748142004,21.3031321167946,410.123471163213,13.086604937911,573.399805732071,2403.63702816516,116.477552331984,3623.48536192626,0.443764984607697,434.755204677582
0,2.43648265302181,0,0.19809877872467,1.24356579780579,0,0,0,0.113101281225681,0,0,0,0,0,0,3.92283308506012,2.84288765490055,5.06539402902126,83.7799970954657,0,0,0,0,0,0,0,0,0,0,0,0,0,0,0,0,5.09834364056587,1.21351888030767,0.492273688316345,0,69.246699295938,4.15276547521353,147.263956554234,7.45601092278957,0,3.6338917016983,233.097158282995,8.88530644774437,0,0,10.1447490155697,0,0,0,0,0,0.969338119029999,0.2212994992733,0.51157808303833,0,0,0,0.152241080999374,8.27346879243851,0,0,0,0.17730975151062,0,0,0,1.87272149324417,0,2.53968188166618,0.153261065483093,0,0,0,0,60.7492979690433,2.63074465841055,10.1945376470685,1.69877141714096,141.755319721997,1.39515057206154,77.6912326142192,1.07765183597803,0.705570250749588
0,0.200029000639915,0,0,0.9281867146492,0,0,0,0.190758436918259,1.35869118571281,0,0,0,0,0,0,17.2586218416691,2.16571666300297,216.269136793911,0,0,0,0,0.152875527739525,0,0,0,0,0,0,0,0,0,0,0,2.19486974179745,17.993773907423,0.0972434058785439,5.4010690972209,7.58763911575079,201.799200929701,4.16124230623245,94.5362712740898,3.6338917016983,0,14.2689250260592,197.015226714313,0,0.138244271278381,1.26050813496113,0.636387765407562,0,0,0,0,0,0.820116087794304,0,0,0,0,0,0.195023655891418,24.7835580855608,0,0,0,0,0,0,0.148770079016685,0.668627947568893,2.61642634868622,3.50046160817146,0,0,0,0,10.5648724660277,140.973356582224,4.03432947397232,40.4442804157734,149.458411961794,5.57745136320591,252.771221101284,0.23754757642746,11.3325410783291
0,56.2557680159807,0,170.049151986837,1.57449233531952,0,0,0,1.24090577661991,3.45069600641727,0,0,0,0,0,1.79511351883411,52.2462494075298,37.6372653990984,840.815253615379,6.30758681893349,0,0,0,0,0,0,0,0,0,0,0,0,0,0,0,205.511827491224,4.61039514094591,35.2753226682544,1.81600921601057,307.858513109386,12.7842826023698,1047.20798335969,20.3991077467799,233.097158282995,14.2689250260592,0,22.9734115004539,0,0,90.739323168993,1.28723728656769,1.08584594726562,0,0,0,8.85556629300117,0.986093819141388,0.34827946126461,0,0,0,4.62481434643269,1391.42216822505,3.16087731719017,0,0,0,0,0,0,4.19184318184853,0.37178386002779,4.82480303943157,2.20182180404663,0,0,0,0,797.340478591621,12.8243507742882,126.04411368072,7.65864407271147,466.861791685224,28.1027274504304,1324.33138928562,7.13284373283386,5.05729281157255
4.43891886621714,0.89921635389328,5.93451696634293,12.9114250838757,13.8693774938583,0,0,0,2.08741822093725,0.154355302453041,0,0,0,0,0,0,42.9796057343483,21.5718849301338,710.124560952187,0,2.0752460360527,0,0,0,0,0,0,0,0,0,0,0,0,0,0,1.67184347659349,55.0583497807384,0,33.5054466277361,3.24707727134228,605.706280365586,4.93907421827316,468.452416375279,8.88530644774437,197.015226714313,22.9734115004539,0,1.53315275907516,8.68771611154079,5.66874542832375,45.997797138989,0,0,0,0,0.277411796152592,101.095620892942,0,7.05467613041401,0,0,0,0,1611.96584441513,0,0,0,0,0,0,0.530969969928265,22.2061729580164,0.577623873949051,81.2848885506392,0,0,0,2.02243185043335,10.4850328564644,926.673496991396,1.84670829772949,293.328303471208,409.378288887441,22.1984497904778,1474.9721621424,0.110020950436592,9.19123691320419
0,0,0,0,1.02721631526947,0,0,0,0,0,0,0,0,0,0,0,0,0,0.735651850700378,0,0,0,0,0,0,0,0,0,0,0,0,201.166584819555,1440.43223958462,703.329063549638,495.265053644776,112.046708442271,254.101026408374,311.300979614258,705.216429024935,1143.8531794697,0,1628.99899357557,2044.83931943774,0,0,0,1.53315275907516,0,1539.62460811436,3211.82855068147,0,0,0,0,0,0,0,0,0,0,0,0,0,0.391460701823235,0,0,0.390647768974304,0,0,0,0,0,0,0,107.895403191447,907.199438974261,265.438684433699,278.722777605057,1228.12502573431,1033.67683265358,206.47837895155,102.002913594246,2443.70653344691,34.3381559625268,401.970874264836,0,0.193892821669579
163.060095399618,0,148.578661099076,0,5.99638272821903,0,0,0,16.5841775536537,0,0.34474915266037,0,0,0,0,0,0.51068226993084,0,11.4131795465946,0,1.872992426157,0,271.567779257894,0,206.413516715169,0,3.60759910941124,0,0,0,0,0,52.2747655510902,0,3.53876709938049,0,83.8685741648078,0,462.009371645749,137.115096598864,64.4991319328547,17.3367063999176,1154.75839260221,0,0.138244271278381,0,8.68771611154079,1539.62460811436,0,1360.73667599261,22.9850695878267,0,0,0,66.805020481348,0,44.6330814883113,0,0,0,0,0,0,5.26585753262043,0,1130.44509366155,0,322.058253616095,0,19.9769890755415,0,301.036437034607,0,202.780827775598,0,4.01952081918716,0,101.219289958477,0,279.9790539518,0,791.628550305963,1095.49290325493,0.133002951741219,1224.31806556135,0,8.52190743386745
0,508.612337574363,0,43.1516602039337,0,3.89268124103546,0,0,0,57.5147138684988,0,0,0,0.149565547704697,0,65.7076848968863,9.55495898425579,7.44113679975271,532.956569232047,0,0,114.284547492862,0,23.0925283879042,0,2.63974790275097,0,0,0,0,0,0.236157730221748,9.75422787666321,24.77501308918,0,208.169548414648,0.139727845788002,185.354640722275,0.138044476509094,2044.83625734597,3.41106854379177,653.570445507765,3.09388842433691,10.1447490155697,1.26050813496113,90.739323168993,5.66874542832375,3211.82855068147,1360.73667599261,0,0,0.38812991976738,0,0,0,58.2678881585598,0.613934472203255,169.504179105163,0,0.938210114836693,0,258.992928393185,34.8731101453304,0.416874222457409,200.946564495564,0,213.747842207551,0,564.753494292498,0,496.592093154788,0.400080591440201,192.794415786862,3.23797373473644,2.41529041528702,16.1353979110718,95.5152498185635,0,692.188539333642,8.4886778742075,531.305217027664,1.53129661083221,966.470169499516,1.10076028108597,1714.78992058337,13.0629366338253,1.63744609057903
1.85189932584763,0,13.8297754228115,0,83.4258857965469,0,20.2981176376343,0,0.187291368842125,0,0,0,0,0,0,0,2.81844711303711,0,7.24589031934738,0,94.5657055228949,0,0,0,0,0,0,0,0,0,0,0,0,0,0,0,14.5854207873344,0,0,1.60157442092896,1.71560144424438,0,40.2616808414459,0,0.636387765407562,1.28723728656769,45.997797138989,0,22.9850695878267,0,0,0,12.8651366233826,0,0,0,14.6353626996279,0,0,0,0,0,0,101.475961685181,0,0,0,0,0,0,0,0.251997590065002,0,0.182950034737587,0,0,0,0,0.146904498338699,29.1899544894695,0.148521170020103,0,86.1884667053819,6.62273621559143,238.545726977289,0,1.06874215602875
0,0,0,25.6398469805717,0,65.0442853569984,0,0,0,0,0,0,0,0,0,0,0,0,0,0.926360696554184,0,0,0,0,0,0,0,0,0,0,0,0,0,0,0,2.27326101064682,0,0,0,0,0,3.43835535645485,0,0,0,1.08584594726562,0,0,0,0.38812991976738,0,0,0,2.90559202432632,0,0.398639798164368,0,19.4303876757622,0,36.9873900413513,0,41.6092621982098,0.238520845770836,0,0,0,0,0,0,0,0,0,0,0,0,0,0,0,0,0,0,0,37.3815342485905,6.95673091709614,15.4790968000889,0,0
0,0,0,0,0,0,25.7776012420654,0,0,0,4.05999231338501,0,0,0,0,0,0,0,0,0,1.72602096199989,0,0,0,0,0,0,0,0,0,0,0,0,0,0,0,74.2550184726715,0,0,0,0,0,0,0,0,0,0,0,0,0,12.8651366233826,0,0,0,0,0,121.78573179245,0,0,0,0,0,0,0.330492347478867,0,0,0,0,0,0,0,0,0,0,0,0,0,0,0,0,0,0,55.3478655815125,0,0,0,0
0,0,0,0,0,0,0,39.5206575393677,0,0,0,0,0,0,0,0,0,0,0,0,0,0,0,0,0,0,0,0,0,0,0,0,0,0,0,0,0,0,0,0,0,0,0,0,0,0,0,0,0,0,0,2.90559202432632,0,0,0,0,0,253.963809788227,0,0,0,0,0,0,0,0,0,0,0,0,0,0,0,0,0,0,0,0,0,0,0,0,0,0,0,0,0
251.069552212954,0,155.674202740192,0,0,0,0,0,500.644412115216,0,0,0,0,0,4.91332022845745,0,0,0,0,0,0,0,0,0,16.6372631192207,0,0,0,0,0,0,0,0,0,0,0,0,0,24.6013745516539,0,0,0,1.85727520287037,0,0,0,0,0,66.805020481348,0,0,0,0,0,0,0,0.241435959935188,0,0,0,2,0,0,0,0,0,0,160.723137333989,0,3.10996747016907,0,0,0,0,0,0,0,0,0,0,0,190.88964137435,95.1271842718124,9.91091388463974,147.298097938299,0,0
0.160073339939117,655.001418098807,0,138.441140532494,0,0.755468398332596,0,0,0.344855785369873,325.106118306518,0,0,0,0,0,3.69264641404152,0.270258247852325,0.116909295320511,0.458877071738243,0,0,0,0,124.257814928889,0,8.71540939807892,0,0,0,0,0,0,0,0,0,0.269420355558395,0,105.610096007586,0,0.28832633793354,0,25.1727013289928,1.0913599729538,0.969338119029999,0,8.85556629300117,0.277411796152592,0,0,58.2678881585598,0,0.398639798164368,0,0,0,0,0.146250084042549,1.15626466274261,0,0,0,90.0700584352016,1.00651381909847,0,0,0,197.914879009128,0,0,0,4.45068326592445,0.128403753042221,4.05893397331238,0,0,0,0,0,0.164643689990044,0,79.9331722855568,0.637040361762047,153.703129738569,3.27157385647297,71.2120879292488,0,0
30.1172138750553,0,15.2204509079456,0,0.24834206700325,0,127.07419860363,0,32.0077722370625,0.122573606669903,688.056964352727,0,203.067892968655,0,0,0,0.967905685305595,0.195243388414383,26.8182604536414,0,82.0918987989426,0,0,0,0,0,0,0,0,0,23.1713504046202,0,0,0,0,0,38.7063071429729,0,57.3896960020065,0.171506240963936,3.52378585934639,1.2373321801424,379.983847305179,0.2212994992733,0.820116087794304,0.986093819141388,101.095620892942,0,44.6330814883113,0.613934472203255,14.6353626996279,0,121.78573179245,0,0.241435959935188,0.146250084042549,0,0,553.143815934658,0,0,0,0,667.62876354903,0,0,0,0,0,0,0.16026172041893,573.288537323475,0.145997822284698,1103.17088919878,0,0,0,0,1.07919466495514,16.560469314456,0,260.477927304804,203.296936199069,5.68891005218029,1258.75090833008,0,46.9726974219084
0,6.61630629003048,0,66.0582708567381,0,1.24721822142601,0,151.050076723099,0,1.9209725856781,0,2802.55169379711,0,67.2215417176485,0,0,0,0,11.5221945494413,124.520762264729,0,0,0,0,0,0,0,0,0,23.4272417724133,0,0,0,0,0,41.2225606143475,0,51.2808952927589,0,0.709309801459312,0,48.0723257213831,1.60906672477722,0.51157808303833,0,0.34827946126461,0,0,0,169.504179105163,0,19.4303876757622,0,253.963809788227,0,1.15626466274261,0,0,0,12.8730313181877,0,1.25549322366714,171.247074902058,0.0981238707900047,0,0,0,0,0,0,59.5245114862919,0,746.911759376526,0,0,0,0,0,5.85770012438297,0,7.65538987517357,0,184.122120387852,3.91671089828014,158.81330485642,0.415947794914246,0
0,0,52.8622523993254,0,3.77873492240906,0,0,0,0,0,27.3872425556183,0,75.2250200510025,0,38.2128946781158,0,0,0,2.33101892471313,0,0,0,0,0,0,0,0,0,1,0,0,0,0,0,0,0,1.41193129122257,0,0,0,0,0,3.12853610515594,0,0,0,7.05467613041401,0,0,0,0,0,0,0,0,0,553.143815934658,0,0,0,31.1107337474823,0,0,0.687844336032867,0,0,0,0,0,45.8234939575195,0,366.432815432549,0,2.84880772233009,0,0,0,0,0,1.16543067991734,0,0.159358397126198,21.4592967629433,0,65.9446327537298,0,0.376553326845169
0,3.6462667286396,0,8.93214473128319,0,1.15536987781525,0,0,0,0,0,68.2140019536018,0,1044.00101281703,0,0,0,0,0,0,0,0,0,0,0,0,0,130.471302032471,0,0,0,0,0,0,0,2.75477626919746,0,0,0,0,0,0.780453264713287,0,0,0,0,0,0,0,0.938210114836693,0,36.9873900413513,0,0,0,0,0,12.8730313181877,0,0,0,17.3867185860872,0,0,0,0,0.164259016513824,0,11.1020521521568,0,45.3639591634274,0,0,0,0,0,0,0,0.799940407276154,0,0,0,5.53646470606327,0.602166414260864,4.73230049014091,0,0
0,0,6.97839760780334,0,34.0239697694778,0,0,0,172.032882094383,0,0,0,0,0,160.710444688797,0,0,0,0,0,0,0,0,0,0,0,0,0,0,0,0,0,0,0,0,0,0,0,0,0,0,0,0,0,0,0,0,0,0,0,0,0,0,0,2,0,0,0,31.1107337474823,0,0,0,0,0,0,0,0,0,0,0,0,0,0,0,0,0,0,0,0,0,0,0,105.964108347893,0,0.291344702243805,0,0
0,75.4977729022503,0,204.619098573923,0,0.83507527410984,0,0,0,77.555033236742,0,0,0,0,0,193.410951636732,0,109.831149578094,1.2664801850915,0,0,0,0,1.48067319393158,0,54.9444815069437,0,0,0,0,0,0,0,0,0,1.96250100433826,0,0.961903676390648,0,1.92779165506363,0,58.4578536599874,0,0.152241080999374,0,4.62481434643269,0,0,0,258.992928393185,0,41.6092621982098,0,0,0,90.0700584352016,0,1.25549322366714,0,17.3867185860872,0,0,1.42462676763535,0,0,0,15.7008737921715,0,384.46846473217,0,1.91426919400692,0,0,0,0,0,0,0,0,0,0.359307885169983,0,16.1309005245566,1.13508754968643,107.407310344279,0,0
0,0,0,49.0935215055943,0,0,0,0,0,1.01882921159267,0,0,0,0,0,0,0.320795893669128,0.470471404492855,16.4160467833281,2380.04825545102,0,0,0,0,0,0,0,0,0,0,0,0,0,0,0,799.566775754094,0,350.86657076329,0,7.81861920654774,0.178563445806503,87.6482180953026,0,8.27346879243851,0.195023655891418,1391.42216822505,0,0,0,34.8731101453304,0,0.238520845770836,0,0,0,1.00651381909847,0,171.247074902058,0,0,0,1.42462676763535,0,0,0,0,0,0,0,0,0,0,182.37742254138,0,0,0,0,0,410.823669612408,0,384.066160492599,0,154.905535891652,1.29727883636951,767.585842356086,0,0
1.6008343026042,0,3.599679261446,0.373659253120422,7.82617452740669,0,0,0,3.88860855996609,0,199.325467348099,0,0,0,0,0,2.67285464704037,0.26171088218689,40.9540830403566,0,1027.0308342278,0,0,0,0,0,0,0,0,0,0,0,0,0,0,0,1026.19512345642,0,560.883600130677,0,142.900294646621,0.103110082447529,122.2732494995,0,24.7835580855608,3.16087731719017,1611.96584441513,0.391460701823235,5.26585753262043,0.416874222457409,101.475961685181,0,0.330492347478867,0,0,0,667.62876354903,0.0981238707900047,0.687844336032867,0,0,0,0,0,0,0,0,0,0,0,0,32.7143974602222,0,263.491297461092,0,0,0,0,0,1518.01837598532,1.58184641599655,841.06932258606,288.208896368742,3.39033292233944,621.469071745872,0,4.88843075186014
0,0,0,0,0,0,0,0,0,0,0,0,0,0,0,0,0,2.17333030700684,0,0,0,6995.50308400393,1,273.695345342159,0,155.692180484533,0,15.8590891063213,0,0,0,0,0,0,0,0,0,332.963342949748,0,0,0,0,0,0,0,0,0,0,0,200.946564495564,0,0,0,0,0,0,0,0,0,0,0,0,0,0,0,0,30.7376072406769,0,77.286454975605,0,0,0,0,0,0,0,0,0,0,0,71.0918848365545,0,727.855885058641,137.222350254655,0,0,0
0,0,0,0,0,0,0,0,0,0,0,0,0,0,0,0,0,0,0,0,0,0,5311.04651044309,0,38.6928149461746,0,0,0,92.7365905046463,0,0,0,0,0,0,0,0,0,558.634667113423,0,0,0,0.205814436078072,0,0,0,0,0,1130.44509366155,0,0,0,0,0,0,0,0,0,0,0,0,0,0,0,0,0,0,50.7601430416107,0,168.987765386701,0,193.305635482073,0,0,0,0,0,0,0,0,0,177.694796904922,163.269776850939,41.453183889389,29.4191708266735,0,0
0,79.5642796903849,0,0.280258923768997,0,0,0,0,0,196.825169548392,0,0,0,0,0,5.83258836716413,0,0,0.81605064868927,0,0,42.4182101041079,0,961.797910064459,0,33.2859343290329,0,0,0,0,0,0,0,0,0,0,0,373.773012280464,0,0,0,5.80693709850311,0.538066580891609,0.17730975151062,0,0,0,0.390647768974304,0,213.747842207551,0,0,0,0,0,197.914879009128,0,0,0,0.164259016513824,0,15.7008737921715,0,0,30.7376072406769,0,0,0,40.4705884605646,0,0,0,0,1.14824886620045,0,0,0,0,0,0,148.810626357794,0,182.377635322511,2.63939553499222,34.5943991094828,0,0
0,0,0,0,0,0,0,0,11.657398879528,0,0,0,0,0,0,0,0,0,0,0,0,0,52.2188177704811,0,802.025870293379,0,1.56753696501255,0,0,0,0,0,0,0,0,0,0,0,222.330300420523,0,0,0,2.03453421592712,0,0,0,0,0,322.058253616095,0,0,0,0,0,160.723137333989,0,0,0,0,0,0,0,0,0,0,50.7601430416107,0,0,0,1.67443355917931,0,0,0,0,0,0,0,0,0,0,0,267.850244522095,7.26205019652843,0,138.354716107249,0,0
0,28.7928717881441,0,0,0,0,0,0,0,0,0,0,0,0,0,25.4944823011756,0,13.5014519095421,1.08722317218781,0,0,97.5212348997593,0,38.8336655348539,0,1116.10041095316,0,19.6520007252693,0,0,0,0,0,0,0,0,0,0.452246427536011,0,0.313608914613724,0,0.176307171583176,0,0,0,0,0,0,0,564.753494292498,0,0,0,0,0,0,0,0,0,11.1020521521568,0,384.46846473217,0,0,77.286454975605,0,40.4705884605646,0,0,0,333.401019647717,0,0,0,0,0,0,0,0,0,0,0,7.7263560295105,0,5.31297913193703,0,0
0,0,0,0,0,0,0,0,37.6202430725098,0,0,0,0,0,0,0,0,0,0,0,0,0,2.96825543045998,0,53.7355645298958,0,214.768504619598,0,5.42912077903748,0,0,0,0,0,0,0,0,0,0.383202508091927,0,0,0,0,0,0,0,0,0,19.9769890755415,0,0,0,0,0,3.10996747016907,0,0,0,45.8234939575195,0,0,0,0,0,0,168.987765386701,0,1.67443355917931,0,0,0,665.721137583256,0,0,0,0,0,0,0,0,0,0,0.419582396745682,0,9.01193237304688,0,0
0,67.8815172016621,0,3.64434932172298,0,0,0,0,0,10.6896012127399,0,160.529074475169,0,41.3539063334465,0,0.135823577642441,0,0.732869207859039,59.7757372409105,0,0,52.2293142080307,0,0.41999951004982,0,0,0,855.160860911012,0,61.7873077094555,0,0,0,0,0,0,0,66.9954377934337,0,1.97306270897388,0,100.662074372172,3.21773670613766,1.87272149324417,0.148770079016685,4.19184318184853,0.530969969928265,0,0,496.592093154788,0,0,0,0,0,4.45068326592445,0.16026172041893,59.5245114862919,0,45.3639591634274,0,1.91426919400692,0,0,0,0,0,0,333.401019647717,0,0,0,474.956667527556,0,0,0,0,0,2.85610996931791,0.291412249207497,81.2637819498777,0,237.677493579686,59.5190007835627,108.569236472249,0,0
0.148643955588341,0,9.11804258823395,0.996946766972542,0,0,0,0,9.52692341804504,0,0,0,0,0,0,0,1.29588463902473,0.596116349101067,22.1731369793415,0,0,0,95.0976115465164,0,0,0,0,0,909.341532737017,0,300.110538840294,0,0,0,0,0.114466652274132,0.264966040849686,0,46.4753833413124,0.85830083489418,1.27383460104465,0.591103456914425,85.6831043064594,0,0.668627947568893,0.37178386002779,22.2061729580164,0,301.036437034607,0.400080591440201,0.251997590065002,0,0,0,0,0.128403753042221,573.288537323475,0,366.432815432549,0,0,0,0,32.7143974602222,0,193.305635482073,0,0,0,665.721137583256,0,0,0,296.400124616921,0,0,0,0,2.44508266448975,0.707164883613586,0,161.561835080385,128.601542979479,122.140290036798,245.16551169008,0,14.848959222436
