0,0,4.42774166435492,0,0,0,0,0,9.23410461118502,0,0,0,0,0,21.2965116500854,0,16.5567334236637,32.0221431732178,12.4796181305035,0,0,0,0,0,18.2713756561279,0,0,0,0,0,0,0,0,0,0,0,0,0,0,52.0071640014648,25.4620539347331,39.6045455932617,17.6358880021355,0,0,0,29.0052979787191,0,5.93904515326492,0,0,0,0,0,6.25213251809705,0,0,0,0,0,9.2421896324545,0,0,21.4651699066162,0,0,0,0,0,0,0,0,0,22.1240425109863,0,0,0,0,53.772403717041,26.7099740982056,0,0,8.61711170570182,0,14.8908378155851,0,12.4529740810394
0,0,0,3.93954889397872,0,0,0,0,0,4.27366104466575,0,0,0,0,0,4.64373016357422,0,0,10.3083634831798,0,0,0,0,0,0,0,0,0,0,0,0,0,0,0,0,0,0,0,0,0,0,6.82280267553127,0,0,0,10.9405317306519,0,0,0,5.03664418397375,0,0,0,0,0,5.1821373026326,0,5.49738237413309,0,3.74640406124176,0,4.35298859782335,0,0,0,0,8.00059360853383,0,9.96987628936768,0,0,0,0,0,0,0,0,0,29.2065277099609,0,0,0,12.3549278849488,17.1864242553711,5.94170706839467,0,0
4.42774166435492,0,0,0,8.48500576096508,0,0,0,5.86719465255737,0,0,0,0,0,0,0,49.0845985412598,69.0677108764648,33.1967254985463,0,6.11042594909668,0,0,0,0,0,0,0,0,0,0,0,0,0,0,0,23.0218262672424,0,0,0,33.175329096177,0,25.6956291390161,0,0,0,14.9920473873615,0,13.9108657535465,0,9.1604811928489,0,0,0,0,0,5.63361718654633,0,4.19434235312722,0,0,0,0,18.1630135143504,0,0,0,0,0,0,0,0,0,0,0,0,0,0,0,39.8549144579017,0,25.5776853561401,19.5429877840358,0,20.0347294882152,0,19.2444675885714
0,3.93954889397872,0,0,0,8.08972084642661,0,0,0,4.85800123214722,0,5.77365231513977,0,0,0,0,58.1392606099447,119.581771850586,35.309883580889,0,0,0,0,0,0,0,0,0,0,0,0,0,0,0,0,24.9640836318334,0,0,0,39.4808828454269,0,21.6043093058937,0,21.0663108825684,0,16.0150545743796,56.703483581543,51.8789278113324,36.5274181365967,25.1885591560507,0,7.39967686583752,0,0,0,0,0,17.2945087639909,0,3.43598192100283,0,0,20.9119787383498,0,0,0,0,0,0,0,0,0,0,0,0,0,0,0,35.6583322143555,0,0,0,20.8806800738999,21.0876969893773,18.6378868631072,17.6185124317805,0
0,0,8.48500576096508,0,0,0,0,0,0,0,0,0,0,0,0,0,0,0,58.0966339111328,0,10.1289997055417,0,0,0,0,0,0,0,0,0,0,0,0,0,0,0,27.9791933695475,0,0,0,45.9155089060465,0,33.7290494706896,0,0,0,25.3163677453995,0,41.4111728668213,0,7.10781898865333,0,0,0,0,0,0,0,0,0,0,0,0,13.4484636050004,0,0,0,0,0,0,0,0,0,0,0,0,0,0,0,48.5186771816678,0,0,25.7176292389631,0,11.4616068199703,0,0
0,0,0,8.08972084642661,0,0,0,3.17121028900146,0,14.1245584487915,0,6.33256239066889,0,0,0,0,0,0,61.6966209411621,5.17154343922933,0,0,0,0,0,0,0,0,0,0,0,0,0,0,0,0,0,0,0,41.847604115804,0,36.3159498734908,0,0,0,17.8960208892822,0,54.9342308044434,37.3005256652832,41.9189959208171,0,4.31139693571174,0,0,0,3.1741771697998,0,4.95744268013083,0,0,0,3.12254244089127,39.269401550293,0,0,0,0,0,0,0,0,0,0,0,0,0,0,0,0,0,0,0,10.5298497430209,32.9250679016113,8.14777391218083,0,0
0,0,0,0,0,0,0,0,0,0,0,0,0,0,0,0,0,0,0,0,0,0,0,0,0,0,0,0,0,0,0,0,0,0,0,0,0,0,0,0,0,0,0,0,0,0,0,0,0,0,0,0,0,0,0,0,0,0,0,0,0,0,0,0,0,0,0,0,0,0,0,0,0,0,0,0,0,0,0,0,0,0,0,0,0,0,0
0,0,0,0,0,3.17121028900146,0,0,0,0,0,2.81608001391093,0,2.73293274641037,0,0,0,0,0,0,0,0,0,0,0,0,0,0,0,0,0,0,0,0,0,0,0,0,0,0,0,0,0,0,0,0,0,0,0,0,0,2.98394165319555,0,2.77415239810944,0,0,0,3.13864505290985,0,2.72685956954956,0,0,0,0,0,0,0,0,0,0,0,0,0,0,0,0,0,0,4.00923633575439,0,0,0,3.06504797935486,0,0,0,0
9.23410461118502,0,5.86719465255737,0,0,0,0,0,0,0,0,0,0,0,3.1779094679015,0,19.2142052650452,0,31.2060565948486,0,0,0,0,0,10.0840644806246,0,11.4115591049194,0,0,0,0,0,0,0,20.897647857666,0,0,0,8.3855362644321,0,26.9406585693359,0,23.2328501052045,0,0,0,18.3597094416618,14.0785636901855,8.37871985776084,0,0,0,0,0,6.21449643885409,0,0,0,0,0,10.707233319517,0,0,0,0,0,0,3.02056376139323,0,0,0,0,0,0,0,0,0,0,0,0,0,8.72340359006609,7.1088334842078,6.59831246270074,16.0877937010557,0,14.6456116500654
0,4.27366104466575,0,4.85800123214722,0,14.1245584487915,0,0,0,0,0,0,0,0,0,2.94676670275236,64.9138050079346,15.0481752334757,0,0,0,0,0,4.26909301280975,0,0,0,0,0,0,0,0,0,18.2733898162842,0,0,0,9.56286655885202,0,0,0,8.95829838514328,0,0,0,0,0,19.3275913155597,0,8.3612038067409,0,0,0,0,0,7.83361423510426,0,0,0,0,0,4.72042746543884,0,0,0,0,9.21154362421769,0,19.8994426727295,0,0,0,0,0,0,0,21.0904819488525,0,0,0,11.6886637027447,0,7.86587833418635,3.59223445256551,6.26398002546272,0,0
0,0,0,0,0,0,0,0,0,0,0,0,2.99880845176763,0,0,0,0,0,0,0,3.80388674598474,0,0,0,0,0,0,0,2.90002376100291,0,5.87834324932098,0,0,0,0,0,3.04794988178072,0,3.31584558270922,0,0,0,0,0,0,0,0,0,0,0,0,0,0,0,0,0,5.44341174185176,0,3.26599227786064,0,0,0,0,3.41705515838805,0,0,0,0,0,0,0,3.21445727348328,0,7.24080350958271,0,0,0,0,0,6.14366172922069,0,6.55545084600504,3.64153371810913,0,0,0,0
0,0,0,5.77365231513977,0,6.33256239066889,0,2.81608001391093,0,0,0,0,0,2.89478008217282,0,0,0,0,0,6.87454769485875,0,0,0,0,0,0,0,3.02923483848572,0,6.48579647225332,0,0,0,0,0,3.47459412054582,0,4.86682065473996,0,0,0,0,0,0,0,6.29939079284668,0,0,0,0,0,4.18123241662979,0,0,0,0,0,5.20837310745065,0,3.24601683616638,0,0,4.21376082897186,0,0,0,0,0,0,0,3.12850018648001,0,5.66780517619589,0,0,0,0,0,3.69344130744282,0,3.46426212938526,0,6.21125924484038,0,3.92061340808868,0,0
0,0,0,0,0,0,0,0,0,0,2.99880845176763,0,0,0,0,0,0,0,0,0,0,0,0,0,0,0,0,0,0,0,3.39530188696725,0,0,0,0,0,0,0,0,0,0,0,0,0,0,0,0,0,0,0,0,0,0,0,0,0,2.8110077381134,0,2.88146420478821,0,0,0,0,0,0,0,0,0,0,0,0,0,0,0,0,0,0,0,0,0,0,0,0,2.96674656867981,0,0,0
0,0,0,0,0,0,0,2.73293274641037,0,0,0,2.89478008217282,0,0,0,0,0,0,0,0,0,0,0,0,0,0,0,2.88934357269951,0,0,0,0,0,0,0,0,0,0,0,0,0,0,0,0,0,0,0,0,0,0,0,0,0,0,0,0,0,2.9622640863378,0,3.19157769924074,0,0,0,0,0,0,0,0,0,0,3.15932369232178,0,0,0,0,0,0,0,0,0,0,0,3.12172391540126,3.38024099667867,0,0,0
21.2965116500854,0,0,0,0,0,0,0,3.1779094679015,0,0,0,0,0,0,0,4.35997609908764,0,0,0,0,0,0,0,2.96208882331848,0,4.25465519229571,0,5.75214979383681,0,0,0,0,0,0,0,0,0,0,0,0,0,0,0,0,0,0,0,0,0,0,0,0,0,6.82286579855557,0,0,0,0,0,3.42030867663297,0,0,0,0,0,0,0,0,2.79199233651161,0,0,0,0,0,0,0,0,0,0,0,0,4.10608224211068,0,0,0,0
0,4.64373016357422,0,0,0,0,0,0,0,2.94676670275236,0,0,0,0,0,0,63.0757797241211,8.4566725534372,0,0,0,0,0,0,0,14.4233331680298,0,0,0,0,0,0,0,0,0,0,0,0,0,0,0,0,0,0,0,0,0,0,0,0,0,0,0,0,0,3.96089186933306,0,0,0,0,0,2.95888216154916,0,0,0,0,0,0,11.9733018875122,0,0,0,0,0,0,0,0,0,0,0,0,0,7.03013113344678,0,0,0,0
16.5567334236637,0,49.0845985412598,58.1392606099447,0,0,0,0,19.2142052650452,64.9138050079346,0,0,0,0,4.35997609908764,63.0757797241211,0,29.8209410811483,24.3682466791585,0,88.9777297973633,29.6868186678205,13.1672931671143,35.8509736061096,0,48.990234375,11.8870284613799,0,4.87850652422224,0,0,0,0,0,0,0,0,0,0,64.1932258446346,60.1137520336084,58.7087307521275,48.9203485577677,46.7029685974121,42.7568849836077,58.272959875682,55.0343917074956,0,63.9210748672485,0,0,0,0,0,0,0,0,73.0696823596954,62.9452857971191,0,3.52480562527974,0,53.9434127807617,64.9950778760408,42.7004930708143,12.8656720263617,0,0,45.2838950157166,12.9006575993129,0,0,0,0,0,0,0,0,69.0570849634666,65.9383070316721,0,85.3955574035645,20.0529163654598,7.27123683275599,55.8274710120627,55.9179974380805,44.1814053770784
32.0221431732178,0,69.0677108764648,119.581771850586,0,0,0,0,0,15.0481752334757,0,0,0,0,0,8.4566725534372,29.8209410811483,0,25.4851731234412,0,0,11.3800737999629,65.2509269714355,20.4801493485769,0,12.2187560029932,38.9874639334502,2.74293414751689,0,0,0,0,0,0,0,0,0,0,0,63.2461819565087,72.2873761858259,47.8697353933944,63.7015231370926,39.2284269332886,76.3219776153564,57.4453536813909,64.1669495215783,0,0,44.5370101928711,0,0,0,0,0,0,126.41535949707,60.9096481323242,0,0,0,10.4180865287781,53.9395122528076,91.1135358810425,12.8056649367015,53.3310394287109,0,0,15.0734892176704,49.3525911058698,0,0,0,0,0,0,0,0,68.137858638057,73.9375954875796,0,84.5527267456055,19.2541760540052,4.34672122781382,61.5887782384803,41.4234428173158,56.2095085947137
12.4796181305035,10.3083634831798,33.1967254985463,35.309883580889,58.0966339111328,61.6966209411621,0,0,31.2060565948486,0,0,0,0,0,0,0,24.3682466791585,25.4851731234412,0,0,0,47.1918811798096,50.5732545852661,31.3654357910156,0,44.7896515982492,57.2398611704508,0,0,0,0,0,0,0,0,43.87744140625,60.8257026672363,0,0,42.8576714873359,46.2269020399048,29.6876589469153,34.7409255521372,19.1293913705008,34.7512384697243,36.7596837172034,33.4552330765778,39.2076644897461,11.2835068702698,31.7577686945597,0,46.5226440429688,0,0,0,0,57.2091312408447,30.526045435566,0,0,0,0,41.0531981095024,48.4682356104677,54.5921182632446,49.6347351074219,0,0,31.9232445907593,47.1320285797119,0,0,0,22.4359531402588,0,0,0,0,46.7879259877179,47.4697414659474,0,31.1307970046997,18.0985798746332,34.0013548987252,34.2287756266278,26.4258091226122,26.4948375756924
0,0,0,0,0,5.17154343922933,0,0,0,0,0,6.87454769485875,0,0,0,0,0,0,0,0,0,0,0,0,0,0,0,0,0,0,0,0,0,0,0,6.41675275188103,0,3.85783446865317,0,39.1430587768555,0,33.4108600616455,0,0,0,10.1396469899586,0,53.8657531738281,37.3462181091309,42.2019909449986,0,0,0,0,0,0,0,14.5300929546356,0,0,0,0,6.22802747522952,0,0,0,0,0,0,0,0,0,0,0,0,0,0,0,6.61073142125201,0,7.73463878210853,0,10.9043147417215,0,11.3729040283842,34.5074119567871,0
0,0,6.11042594909668,0,10.1289997055417,0,0,0,0,0,3.80388674598474,0,0,0,0,0,88.9777297973633,0,0,0,0,0,0,0,0,0,0,0,0,0,0,0,0,0,0,0,7.35401333729268,0,5.38785878237751,0,21.0158206394741,0,0,0,0,0,16.4612018721444,41.9179782867432,40.0936609903971,0,10.3694560151351,0,0,0,0,0,0,0,0,0,0,0,0,8.81560763242628,0,0,0,0,0,0,0,0,0,0,0,0,0,0,0,5.87342157879391,0,12.6374237107801,9.27947868927416,0,4.96744246929013,0,0
0,0,0,0,0,0,0,0,0,0,0,0,0,0,0,0,29.6868186678205,11.3800737999629,47.1918811798096,0,0,0,5.39429324842429,5.24462928314958,0,2.94894819259644,0,3.27490631739298,0,0,0,0,0,0,0,0,0,4.76749798370444,6.59152171611786,0,0,0,0,0,0,0,0,18.1527236302694,0,6.28903118201664,0,0,0,0,0,0,0,13.5095233917236,0,0,0,0,0,0,4.48954970521318,4.69093304872513,5.872206897002,0,8.63408472586651,44.6801834106445,5.07194350560506,0,12.0135374069214,0,0,0,0,0,0,0,5.82116481382636,4.85963884989421,5.00350160301362,5.00791505869333,14.5043087005615,0,0
0,0,0,0,0,0,0,0,0,0,0,0,0,0,0,0,13.1672931671143,65.2509269714355,50.5732545852661,0,0,5.39429324842429,0,0,4.42637153675682,0,4.67243829015958,0,3.52341916775816,0,0,0,0,0,0,0,0,4.8308367729187,4.59492177788176,0,0,0,0,0,0,0,0,0,9.33078896999359,0,0,0,0,0,0,0,0,0,0,0,0,0,0,0,8.57386218011379,4.92827102257383,0,5.16700581641535,0,3.52736106285682,0,3.4550276226308,0,0,0,0,0,0,0,0,0,6.19777803837768,4.49127444663605,7.23797340085429,73.1865463256836,0,0
0,0,0,0,0,0,0,0,0,4.26909301280975,0,0,0,0,0,0,35.8509736061096,20.4801493485769,31.3654357910156,0,0,5.24462928314958,0,0,0,3.46004541831858,0,0,0,0,0,0,0,0,0,0,0,4.66622817097559,0,0,0,13.9783803394863,0,0,0,0,0,14.654641257392,0,3.03721271242414,0,0,0,0,0,4.59473173353407,0,0,0,0,0,0,0,0,7.89502675831318,0,4.69101819910214,0,6.41031343414939,0,0,0,0,0,0,0,18.4089469909668,0,0,0,5.33044241822284,0,7.30959690854235,0,5.2377237870143,0,0
18.2713756561279,0,0,0,0,0,0,0,10.0840644806246,0,0,0,0,0,2.96208882331848,0,0,0,0,0,0,0,4.42637153675682,0,0,0,0,0,0,0,0,0,0,0,0,0,0,0,4.06468068873322,0,0,0,11.4360921984521,0,0,0,0,0,5.81161402886914,0,0,0,0,0,6.51911434633978,0,0,0,0,0,0,0,0,0,0,5.01665685627912,0,4.77568813381602,0,0,0,0,0,0,0,0,0,0,0,0,0,4.98026886964456,3.86585125345172,4.01844704718817,8.40272746788212,0,0
0,0,0,0,0,0,0,0,0,0,0,0,0,0,0,14.4233331680298,48.990234375,12.2187560029932,44.7896515982492,0,0,2.94894819259644,0,3.46004541831858,0,0,0,2.74206495285034,0,0,0,0,0,0,0,0,0,0,0,0,0,0,0,0,0,0,57.8578796386719,0,0,0,0,0,0,0,0,3.19001425802708,0,0,0,0,0,0,0,0,5.93841468586641,0,4.37947636180454,0,3.61437753627175,0,0,0,0,0,0,0,0,0,0,0,0,0,6.99838592537812,0,60.6331977844238,0,0
0,0,0,0,0,0,0,0,11.4115591049194,0,0,0,0,0,4.25465519229571,0,11.8870284613799,38.9874639334502,57.2398611704508,0,0,0,4.67243829015958,0,0,0,0,0,4.0485331374155,0,0,0,0,0,0,0,0,0,0,0,0,0,58.8218307495117,0,0,0,0,0,0,0,0,0,0,0,0,0,0,0,0,0,3.81159825325012,0,0,0,33.9196968078613,3.62989782064389,0,5.28161668777466,0,3.20983483730218,0,0,0,0,0,0,0,0,0,0,0,0,7.99952213245889,0,42.3606824874878,0,0
0,0,0,0,0,0,0,0,0,0,0,3.02923483848572,0,2.88934357269951,0,0,0,2.74293414751689,0,0,0,3.27490631739298,0,0,0,2.74206495285034,0,0,0,3.11899908851175,0,0,0,0,0,0,0,2.88605352909896,0,0,0,0,0,0,0,0,0,0,0,0,0,0,0,0,0,0,0,0,0,3.06621623039246,0,0,0,0,3.08366949028439,0,0,0,0,0,3.16231278072704,0,0,0,0,0,0,0,0,0,0,0,2.95536208152771,0,0,0,0
0,0,0,0,0,0,0,0,0,0,2.90002376100291,0,0,0,5.75214979383681,0,4.87850652422224,0,0,0,0,0,3.52341916775816,0,0,0,4.0485331374155,0,0,0,3.05355175443598,0,0,0,0,0,0,0,3.39308865253742,0,0,0,0,0,0,0,0,0,0,0,0,0,0,0,0,0,0,0,2.74540519714355,0,0,0,0,0,0,4.22456169128418,0,0,0,0,0,3.40512987069148,0,5.16011023521423,0,0,0,0,0,0,0,6.32467758655548,5.54989917079608,0,0,0,0
0,0,0,0,0,0,0,0,0,0,0,6.48579647225332,0,0,0,0,0,0,0,0,0,0,0,0,0,0,0,3.11899908851175,0,0,0,0,0,0,0,0,0,3.60891199111938,0,0,0,0,0,0,0,0,0,0,0,0,0,0,0,0,0,0,0,4.81114193826619,0,0,0,0,0,0,0,0,0,0,0,0,3.40378569594413,0,4.41111277952427,0,0,0,0,0,0,0,3.32823288349705,0,2.95396518707275,0,0,0,0
0,0,0,0,0,0,0,0,0,0,5.87834324932098,0,3.39530188696725,0,0,0,0,0,0,0,0,0,0,0,0,0,0,0,3.05355175443598,0,0,0,0,0,0,0,0,0,6.91079122679574,0,0,0,0,0,0,0,0,0,0,0,0,0,0,0,0,0,6.66545195579529,0,4.96901025443242,0,0,0,0,0,0,0,0,0,0,0,0,5.19943794996842,0,3.3422113597393,0,0,0,0,0,0,0,16.7823581695557,3.24529556930065,0,0,0,0
0,0,0,0,0,0,0,0,0,0,0,0,0,0,0,0,0,0,0,0,0,0,0,0,0,0,0,0,0,0,0,0,3.6420249470733,0,0,3.17186718245418,2.96578025817871,0,0,16.0893578529358,0,0,0,0,0,0,0,4.29262707630793,15.1197147369385,11.1998152051653,0,0,0,0,0,0,0,0,0,0,0,0,0,0,0,0,0,0,0,0,0,0,0,0,5.3145767426856,4.87617248064512,0,4.17078649997711,3.95960753378661,13.8236351013184,0,0,3.73211100101471,0,22.482063293457,0,0
0,0,0,0,0,0,0,0,0,0,0,0,0,0,0,0,0,0,0,0,0,0,0,0,0,0,0,0,0,0,0,3.6420249470733,0,2.74291801452637,9.58535409825189,2.74345064163208,3.27430765372885,0,0,0,0,0,0,0,0,0,0,3.51597277061941,0,0,0,0,0,0,0,0,0,0,0,0,0,0,0,0,0,0,0,0,0,0,0,0,0,0,5.81117359535736,4.03016373154464,0,7.35964719746091,3.31364699646279,3.54408683560111,0,0,4.09056413663577,0,0,0,0
0,0,0,0,0,0,0,0,0,18.2733898162842,0,0,0,0,0,0,0,0,0,0,0,0,0,0,0,0,0,0,0,0,0,0,2.74291801452637,0,4.75069770188008,3.17947256788332,0,5.6573855381012,0,0,0,14.8833796183268,0,0,0,0,0,4.90687844543776,0,0,0,0,0,0,0,21.0767873128255,0,0,0,0,0,0,0,0,0,0,17.2645702362061,0,0,0,0,0,0,0,7.59133216738701,4.31830215454102,4.32766650087727,3.73644095693843,4.24167113304138,0,6.57293922077327,0,5.22888002727852,0,10.3426400502523,0,0
0,0,0,0,0,0,0,0,20.897647857666,0,0,0,0,0,0,0,0,0,0,0,0,0,0,0,0,0,0,0,0,0,0,0,9.58535409825189,4.75069770188008,0,0,3.2521037011251,3.26473333835602,6.23057498752108,0,0,0,0,0,0,0,0,4.20313724655289,0,0,0,0,0,0,0,0,0,0,0,0,0,0,0,0,0,0,0,0,0,0,0,0,0,0,0,11.3771547868909,5.30391433210142,3.3825969621339,0,4.14959867521264,0,4.70891607080707,3.23391372549768,2.73901700973511,0,0,0
0,0,0,24.9640836318334,0,0,0,0,0,0,0,3.47459412054582,0,0,0,0,0,0,43.87744140625,6.41675275188103,0,0,0,0,0,0,0,0,0,0,0,3.17186718245418,2.74345064163208,3.17947256788332,0,0,3.03247985064394,4.61231526987216,0,24.6185932159424,0,41.3489585876465,0,0,0,27.0506610870361,0,6.3530072371165,0,31.1436626434326,0,34.1127738952637,0,0,0,0,0,38.1883227825165,0,0,0,0,6.89700275610481,0,0,0,0,0,0,0,0,0,0,0,3.63580257218817,0,4.24234105166742,0,4.71139314076222,3.39264600821904,4.95722785321149,0,4.91565253736396,6.61861453851064,17.4015385233184,38.9963684082031,0
0,0,23.0218262672424,0,27.9791933695475,0,0,0,0,0,3.04794988178072,0,0,0,0,0,0,0,60.8257026672363,0,7.35401333729268,0,0,0,0,0,0,0,0,0,0,2.96578025817871,3.27430765372885,0,3.2521037011251,3.03247985064394,0,0,4.88844623710985,0,20.2778794050217,0,0,0,0,0,26.3306612101468,4.61438380609644,28.95146383558,0,30.1292244593302,0,0,0,0,0,8.66917218388738,0,0,0,0,0,0,8.80798078244363,0,0,0,0,0,0,0,0,0,0,4.39951335466825,3.85518076263856,0,3.64369654655457,3.46033294070257,5.6978484204468,0,8.07779420777147,5.31541183328831,4.86386205983716,19.2493000902856,0,0
0,0,0,0,0,0,0,0,0,9.56286655885202,0,4.86682065473996,0,0,0,0,0,0,0,3.85783446865317,0,4.76749798370444,4.8308367729187,4.66622817097559,0,0,0,2.88605352909896,0,3.60891199111938,0,0,0,5.6573855381012,3.26473333835602,4.61231526987216,0,0,3.16323868906853,0,0,7.47528496109137,0,0,0,0,0,6.51501923477328,0,5.03888764056292,0,0,0,0,0,11.481257276535,0,8.78261728470142,0,0,0,0,9.04740423169629,0,4.91942628947171,0,7.67177965474683,0,0,0,7.37859554829136,0,7.78646757205327,0,0,0,6.54013458483013,4.08024378923269,4.69800047951205,0,4.65463364528961,3.86969934546429,4.56161432619129,6.46465418256562,6.20538245254475,0,0
0,0,0,0,0,0,0,0,8.3855362644321,0,3.31584558270922,0,0,0,0,0,0,0,0,0,5.38785878237751,6.59152171611786,4.59492177788176,0,4.06468068873322,0,0,0,3.39308865253742,0,6.91079122679574,0,0,0,6.23057498752108,0,4.88844623710985,3.16323868906853,0,0,0,0,8.74739559228755,0,0,0,23.8914566040039,3.84359671016072,5.91198090000652,0,0,0,0,0,8.98740380519145,0,4.33042859476666,0,0,0,0,0,0,5.81301251693546,0,6.93280436519448,0,7.08364508357099,0,0,0,4.60357388854027,0,0,0,0,0,6.8615304334476,0,4.19642195878205,3.06364115424778,5.68397670185951,4.29459243144678,3.73432023436935,6.13799377890941,0,0
52.0071640014648,0,0,39.4808828454269,0,41.847604115804,0,0,0,0,0,0,0,0,0,0,64.1932258446346,63.2461819565087,42.8576714873359,39.1430587768555,0,0,0,0,0,0,0,0,0,0,0,16.0893578529358,0,0,0,24.6185932159424,0,0,0,0,72.3834626939562,16.5732013115497,55.6377964019775,25.8897349887424,0,17.9578677775415,61.1037801470075,11.4064631173105,0,8.89720546105058,0,46.4789184570312,0,0,0,0,0,48.6180416604747,0,0,0,0,7.6473888192858,64.9657917022705,0,0,0,0,58.940860748291,0,0,0,0,0,0,0,0,0,20.2405133816733,76.462885538737,0,0,38.8945300547759,36.9049317711278,14.2713497650621,22.0716798980281,48.1468496322632
25.4620539347331,0,33.175329096177,0,45.9155089060465,0,0,0,26.9406585693359,0,0,0,0,0,0,0,60.1137520336084,72.2873761858259,46.2269020399048,0,21.0158206394741,0,0,0,0,0,0,0,0,0,0,0,0,0,0,0,20.2778794050217,0,0,72.3834626939562,0,66.1680420769586,17.2854761104718,0,34.1338558878217,57.5039994376046,15.2731770209092,7.78338404202518,6.15060441006365,0,0,0,0,0,0,0,30.9254038333893,66.2247314453125,32.1789169311523,0,0,0,0,15.3985756430133,0,0,0,0,0,0,0,0,0,0,15.3753956794739,0,0,0,71.5286560058594,15.2504638905859,0,51.5689010620117,43.2709037794321,44.8064804077148,14.5825241094273,58.3124961853027,19.1278658047528
39.6045455932617,6.82280267553127,0,21.6043093058937,0,36.3159498734908,0,0,0,8.95829838514328,0,0,0,0,0,0,58.7087307521275,47.8697353933944,29.6876589469153,33.4108600616455,0,0,0,13.9783803394863,0,0,0,0,0,0,0,0,0,14.8833796183268,0,41.3489585876465,0,7.47528496109137,0,16.5732013115497,66.1680420769586,0,11.2610682871284,13.5702347895678,0,22.8325441361784,54.0001474038149,13.9793845048318,28.7756118774414,10.4206089722201,0,41.0864744186401,0,0,0,14.3390951156616,0,18.0894805688669,0,0,0,0,28.9036489569623,64.8089380264282,0,0,16.3930188179016,0,51.1465339660645,0,0,0,0,0,0,0,15.5891275405884,0,20.2593043085378,70.2636725814254,7.09454359669657,0,17.2639717608495,28.8024658918381,13.6037692847981,9.52613212891938,46.3718681335449
17.6358880021355,0,25.6956291390161,0,33.7290494706896,0,0,0,23.2328501052045,0,0,0,0,0,0,0,48.9203485577677,63.7015231370926,34.7409255521372,0,0,0,0,0,11.4360921984521,0,58.8218307495117,0,0,0,0,0,0,0,0,0,0,0,8.74739559228755,55.6377964019775,17.2854761104718,11.2610682871284,0,0,18.2581415176392,50.3565249972873,21.8766106483359,10.9335249426464,9.45664941060423,33.719841003418,36.5832138061523,0,0,0,13.103138923645,0,17.8835744225249,69.1002426147461,30.2737162453788,0,30.3232809702555,0,0,24.1085262394431,0,0,0,13.0656100206597,0,0,0,0,0,9.80459090892006,0,0,0,0,69.6463932037354,21.4674552554405,0,19.0961294676128,20.9399361274777,11.8504643440247,15.0165162096787,53.867312113444,9.48187349723266
0,0,0,21.0663108825684,0,0,0,0,0,0,0,0,0,0,0,0,46.7029685974121,39.2284269332886,19.1293913705008,0,0,0,0,0,0,0,0,0,0,0,0,0,0,0,0,0,0,0,0,25.8897349887424,0,13.5702347895678,0,0,0,20.621782370976,51.6534080505371,0,0,0,0,0,0,0,0,0,0,31.7370529174805,0,0,0,0,0,0,0,0,0,0,0,0,0,0,0,0,0,0,0,0,31.0060153688703,75.9397125244141,0,0,14.3232401486101,13.3452968597412,21.2850972016652,20.271545955113,0
0,0,0,0,0,0,0,0,0,0,0,0,0,0,0,0,42.7568849836077,76.3219776153564,34.7512384697243,0,0,0,0,0,0,0,0,0,0,0,0,0,0,0,0,0,0,0,0,0,34.1338558878217,0,18.2581415176392,0,0,0,27.8696784973145,0,11.3762903213501,0,0,0,0,0,0,0,0,0,0,0,0,0,0,30.453547000885,0,0,0,0,0,0,0,0,0,0,0,0,0,0,56.1094131469727,33.90044640206,0,0,28.7892821629842,0,25.5746262300582,29.2953338623047,23.8569675445557
0,10.9405317306519,0,16.0150545743796,0,17.8960208892822,0,0,0,0,0,6.29939079284668,0,0,0,0,58.272959875682,57.4453536813909,36.7596837172034,10.1396469899586,0,0,0,0,0,0,0,0,0,0,0,0,0,0,0,27.0506610870361,0,0,0,17.9578677775415,57.5039994376046,22.8325441361784,50.3565249972873,20.621782370976,0,0,53.0309506466514,45.5204163913069,31.7867930730184,32.1096977101097,0,26.0581389533149,0,0,0,0,0,18.3720219405028,0,0,0,0,8.09860343164252,0,0,0,0,0,0,0,0,0,0,0,0,0,0,0,19.2805791263705,63.8900326815518,0,0,29.4984083408263,25.230760383606,15.5590628692952,36.8743104934692,43.6422576904297
29.0052979787191,0,14.9920473873615,56.703483581543,25.3163677453995,0,0,0,18.3597094416618,0,0,0,0,0,0,0,55.0343917074956,64.1669495215783,33.4552330765778,0,16.4612018721444,0,0,0,0,57.8578796386719,0,0,0,0,0,0,0,0,0,0,26.3306612101468,0,23.8914566040039,61.1037801470075,15.2731770209092,54.0001474038149,21.8766106483359,51.6534080505371,27.8696784973145,53.0309506466514,0,0,34.4685080155082,0,0,0,0,0,0,0,21.6165533065796,57.6787948608398,23.9911060333252,0,0,0,0,14.2752972289774,0,0,0,0,51.7528877258301,0,0,0,0,31.7761898040771,0,0,0,0,66.1211758975325,19.2520366052051,0,18.8986025061659,32.2551749273833,26.4435005187988,20.7379411866387,50.6259492238363,32.4610055873269
0,0,0,51.8789278113324,0,54.9342308044434,0,0,14.0785636901855,19.3275913155597,0,0,0,0,0,0,0,0,39.2076644897461,53.8657531738281,41.9179782867432,18.1527236302694,0,14.654641257392,0,0,0,0,0,0,0,4.29262707630793,3.51597277061941,4.90687844543776,4.20313724655289,6.3530072371165,4.61438380609644,6.51501923477328,3.84359671016072,11.4064631173105,7.78338404202518,13.9793845048318,10.9335249426464,0,0,45.5204163913069,0,0,5.71063704552057,8.75247029927572,0,63.430850982666,0,0,0,19.105491229466,53.1201210021973,63.866517384847,0,0,0,0,47.492977142334,49.5700664520264,17.4373435974121,0,17.8181586401803,15.1339530944824,0,0,0,0,18.0933589935303,0,5.69218820481195,4.8515907505238,5.65431360611469,4.84306067309968,6.84463140064773,5.80697146573461,7.85473737894343,7.75994477563232,6.70760366872263,19.7700712680817,11.8804512074074,31.9055283864339,0
5.93904515326492,0,13.9108657535465,36.5274181365967,41.4111728668213,37.3005256652832,0,0,8.37871985776084,0,0,0,0,0,0,0,63.9210748672485,0,11.2835068702698,37.3462181091309,40.0936609903971,0,9.33078896999359,0,5.81161402886914,0,0,0,0,0,0,15.1197147369385,0,0,0,0,28.95146383558,0,5.91198090000652,0,6.15060441006365,28.7756118774414,9.45664941060423,0,11.3762903213501,31.7867930730184,34.4685080155082,5.71063704552057,0,9.36793174549025,0,44.4282671610514,0,0,9.49380922317505,0,45.9533874511719,47.9186954498291,0,0,0,0,0,42.1392715090797,0,9.57324486970901,0,4.51795933121129,0,0,0,7.20336942111745,0,8.29066144745305,11.9305368150984,5.45251688957214,0,0,0,9.21465915749501,0,6.37449077843916,9.79731169029286,21.4410266876221,12.1152306632583,0,46.2372093200684
0,5.03664418397375,0,25.1885591560507,0,41.9189959208171,0,0,0,8.3612038067409,0,0,0,0,0,0,0,44.5370101928711,31.7577686945597,42.2019909449986,0,6.28903118201664,0,3.03721271242414,0,0,0,0,0,0,0,11.1998152051653,0,0,0,31.1436626434326,0,5.03888764056292,0,8.89720546105058,0,10.4206089722201,33.719841003418,0,0,32.1096977101097,0,8.75247029927572,9.36793174549025,0,0,49.9695808887482,0,0,0,5.0662423769633,0,10.6815465576947,0,2.9435680574841,0,3.17840898533662,44.0254797935486,0,0,0,4.0600881827505,0,5.38897132873535,0,5.27565921348276,0,6.48711821497703,0,5.28304880857468,0,0,0,8.67814410339843,69.2867755889893,4.6753230735055,0,16.981315891731,31.6235330963135,10.6555493322617,18.8057237625122,31.2261238098145
0,0,9.1604811928489,0,7.10781898865333,0,0,0,0,0,0,0,0,0,0,0,0,0,0,0,10.3694560151351,0,0,0,0,0,0,0,0,0,0,0,0,0,0,0,30.1292244593302,0,0,0,0,0,36.5832138061523,0,0,0,0,0,0,0,0,0,0,0,0,0,5.97193213078109,0,3.12225415971544,0,4.85568284988403,0,0,13.2766558960693,0,0,0,0,0,0,0,0,0,0,0,0,0,0,0,27.5305126735142,0,0,11.6594114303589,0,10.1340860812798,0,0
0,0,0,7.39967686583752,0,4.31139693571174,0,2.98394165319555,0,0,0,4.18123241662979,0,0,0,0,0,0,46.5226440429688,0,0,0,0,0,0,0,0,0,0,0,0,0,0,0,0,34.1127738952637,0,0,0,46.4789184570312,0,41.0864744186401,0,0,0,26.0581389533149,0,63.430850982666,44.4282671610514,49.9695808887482,0,0,0,0,0,4.23457002639771,0,29.0517376959324,0,0,0,3.7132886118359,5.48915338516235,0,0,0,0,0,0,0,0,0,0,0,0,0,0,0,46.8076934814453,84.5117950439453,0,0,36.6393744407162,34.2501010894775,15.2693295459476,29.9116306304932,0
0,0,0,0,0,0,0,0,0,0,0,0,0,0,0,0,0,0,0,0,0,0,0,0,0,0,0,0,0,0,0,0,0,0,0,0,0,0,0,0,0,0,0,0,0,0,0,0,0,0,0,0,0,0,0,0,7.12286787539457,0,0,0,0,0,0,0,0,0,0,0,0,0,0,0,0,0,0,0,0,0,0,0,0,0,0,0,0,0,0
0,0,0,0,0,0,0,2.77415239810944,0,0,0,0,0,0,0,0,0,0,0,0,0,0,0,0,0,0,0,0,0,0,0,0,0,0,0,0,0,0,0,0,0,0,0,0,0,0,0,0,0,0,0,0,0,0,0,0,0,0,0,0,0,0,0,0,0,0,0,0,0,0,0,0,0,0,0,0,0,0,0,0,0,0,0,0,0,0,0
6.25213251809705,0,0,0,0,0,0,0,6.21449643885409,0,0,0,0,0,6.82286579855557,0,0,0,0,0,0,0,0,0,6.51911434633978,0,0,0,0,0,0,0,0,0,0,0,0,0,8.98740380519145,0,0,0,13.103138923645,0,0,0,0,0,9.49380922317505,0,0,0,0,0,0,0,0,0,0,0,7.42997838266744,0,0,0,0,0,0,4.79098986145249,0,0,0,0,0,0,0,0,0,21.4095811843872,0,0,0,7.21703877278737,3.20197157727347,0,10.4079509526491,0,0
0,5.1821373026326,0,0,0,3.1741771697998,0,0,0,7.83361423510426,0,0,0,0,0,3.96089186933306,0,0,0,0,0,0,0,4.59473173353407,0,3.19001425802708,0,0,0,0,0,0,0,21.0767873128255,0,0,0,11.481257276535,0,0,0,14.3390951156616,0,0,0,0,0,19.105491229466,0,5.0662423769633,0,4.23457002639771,0,0,0,0,0,0,0,0,0,3.84573282915003,0,0,0,0,5.42323220166511,0,6.97927308082581,0,0,0,0,0,0,0,23.7935161590576,0,0,0,10.1750660061836,0,11.7653800501273,0,7.91579624756362,0,0
0,0,5.63361718654633,0,0,0,0,0,0,0,5.44341174185176,0,2.8110077381134,0,0,0,0,126.41535949707,57.2091312408447,0,0,0,0,0,0,0,0,0,0,0,6.66545195579529,0,0,0,0,0,8.66917218388738,0,4.33042859476666,0,30.9254038333893,0,17.8835744225249,0,0,0,21.6165533065796,53.1201210021973,45.9533874511719,0,5.97193213078109,0,7.12286787539457,0,0,0,0,0,4.10869145948827,0,0,0,0,12.2044188813267,0,0,0,0,0,0,0,3.04797370617206,0,9.24188827603592,0,0,0,0,0,23.7136683388362,0,15.3733869757785,7.91687633138184,0,9.45167820023166,0,14.6528353350503
0,5.49738237413309,0,17.2945087639909,0,4.95744268013083,0,3.13864505290985,0,0,0,5.20837310745065,0,2.9622640863378,0,0,73.0696823596954,60.9096481323242,30.526045435566,14.5300929546356,0,13.5095233917236,0,0,0,0,0,0,0,4.81114193826619,0,0,0,0,0,38.1883227825165,0,8.78261728470142,0,48.6180416604747,66.2247314453125,18.0894805688669,69.1002426147461,31.7370529174805,0,18.3720219405028,57.6787948608398,63.866517384847,47.9186954498291,10.6815465576947,0,29.0517376959324,0,0,0,0,0,0,0,4.30291410854885,0,0,9.37012447381372,0,0,0,0,0,0,0,6.44915556907654,0,3.6351533754548,0,0,0,0,0,44.8743034218842,71.7547887166341,12.4069581712995,0,35.6338209970623,35.2871381971571,12.5016314799182,14.5784999068672,0
0,0,4.19434235312722,0,0,0,0,0,0,0,3.26599227786064,0,2.88146420478821,0,0,0,62.9452857971191,0,0,0,0,0,0,0,0,0,0,0,2.74540519714355,0,4.96901025443242,0,0,0,0,0,0,0,0,0,32.1789169311523,0,30.2737162453788,0,0,0,23.9911060333252,0,0,0,3.12225415971544,0,0,0,0,0,4.10869145948827,0,0,0,4.40097513198853,0,0,0,0,0,0,0,0,0,0,5.21998757123947,0,4.85427069664001,0,0,0,0,0,0,0,0,2.87703785300255,0,20.5269454320272,0,23.5337371826172
0,3.74640406124176,0,3.43598192100283,0,0,0,2.72685956954956,0,0,0,3.24601683616638,0,3.19157769924074,0,0,0,0,0,0,0,0,0,0,0,0,0,3.06621623039246,0,0,0,0,0,0,0,0,0,0,0,0,0,0,0,0,0,0,0,0,0,2.9435680574841,0,0,0,0,0,0,0,4.30291410854885,0,0,0,3.01185165511237,0,0,0,0,0,0,0,0,0,0,0,0,0,0,0,0,0,0,0,0,6.49223695860969,0,6.32422161102295,0,0
9.2421896324545,0,0,0,0,0,0,0,10.707233319517,0,0,0,0,0,3.42030867663297,0,3.52480562527974,0,0,0,0,0,0,0,0,0,3.81159825325012,0,0,0,0,0,0,0,0,0,0,0,0,0,0,0,30.3232809702555,0,0,0,0,0,0,0,4.85568284988403,0,0,0,7.42997838266744,0,0,0,4.40097513198853,0,0,0,0,0,0,0,0,0,0,0,0,0,0,0,0,0,0,0,0,0,0,0,3.28133082389832,0,21.8165972573417,0,0
0,4.35298859782335,0,0,0,3.12254244089127,0,0,0,4.72042746543884,0,0,0,0,0,2.95888216154916,0,10.4180865287781,0,0,0,0,0,0,0,0,0,0,0,0,0,0,0,0,0,0,0,0,0,0,0,0,0,0,0,0,0,0,0,3.17840898533662,0,3.7132886118359,0,0,0,3.84573282915003,0,0,0,3.01185165511237,0,0,0,0,0,0,0,0,0,0,0,0,0,0,0,0,0,0,0,0,0,0,6.16070259318632,0,0,0,0
0,0,0,20.9119787383498,0,39.269401550293,0,0,0,0,0,4.21376082897186,0,0,0,0,53.9434127807617,53.9395122528076,41.0531981095024,6.22802747522952,0,0,0,0,0,0,0,0,0,0,0,0,0,0,0,6.89700275610481,0,9.04740423169629,0,7.6473888192858,0,28.9036489569623,0,0,0,8.09860343164252,0,47.492977142334,0,44.0254797935486,0,5.48915338516235,0,0,0,0,0,9.37012447381372,0,0,0,0,0,0,0,0,0,0,0,0,0,0,0,0,0,0,0,0,7.93791093271136,0,10.2097472885381,0,12.7250880872881,36.7811317443848,13.0657061473513,28.7637105354896,0
21.4651699066162,0,18.1630135143504,0,13.4484636050004,0,0,0,0,0,3.41705515838805,0,0,0,0,0,64.9950778760408,91.1135358810425,48.4682356104677,0,8.81560763242628,0,0,0,0,0,0,0,0,0,0,0,0,0,0,0,8.80798078244363,0,5.81301251693546,64.9657917022705,15.3985756430133,64.8089380264282,24.1085262394431,0,30.453547000885,0,14.2752972289774,49.5700664520264,42.1392715090797,0,13.2766558960693,0,0,0,0,0,12.2044188813267,0,0,0,0,0,0,0,0,0,0,0,0,0,0,0,0,0,0,0,0,0,77.5050354003906,11.7983620140765,0,11.9001332511952,20.8015263261433,0,16.4528290593008,62.8240337371826,28.2571211728183
0,0,0,0,0,0,0,0,0,0,0,0,0,0,0,0,42.7004930708143,12.8056649367015,54.5921182632446,0,0,4.48954970521318,8.57386218011379,7.89502675831318,0,5.93841468586641,33.9196968078613,3.08366949028439,0,0,0,0,0,0,0,0,0,4.91942628947171,0,0,0,0,0,0,0,0,0,17.4373435974121,0,0,0,0,0,0,0,0,0,0,0,0,0,0,0,0,0,0,5.9665419299027,0,10.0464050755985,0,5.08416704336802,0,0,0,0,0,0,0,0,0,7.78670953001295,0,4.93086176584749,0,0,0,0
0,0,0,0,0,0,0,0,0,0,0,0,0,0,0,0,12.8656720263617,53.3310394287109,49.6347351074219,0,0,4.69093304872513,4.92827102257383,0,5.01665685627912,0,3.62989782064389,0,4.22456169128418,0,0,0,0,0,0,0,0,0,6.93280436519448,0,0,0,0,0,0,0,0,0,9.57324486970901,0,0,0,0,0,0,0,0,0,0,0,0,0,0,0,0,0,0,4.25073936581612,0,3.62691396474838,0,3.41224373144262,0,0,0,0,0,0,0,0,0,7.22121647292492,4.56414262851079,5.44797705113888,13.0221707026164,0,0
0,8.00059360853383,0,0,0,0,0,0,0,9.21154362421769,0,0,0,0,0,0,0,0,0,0,0,5.872206897002,0,4.69101819910214,0,4.37947636180454,0,0,0,0,0,0,0,17.2645702362061,0,0,0,7.67177965474683,0,0,0,16.3930188179016,0,0,0,0,0,17.8181586401803,0,4.0600881827505,0,0,0,0,0,5.42323220166511,0,0,0,0,0,0,0,0,5.9665419299027,0,0,0,5.50928219463048,0,4.68778570493062,0,0,0,0,0,18.9180042743683,0,0,0,6.84917406913562,0,7.22509998244208,0,5.67013545604261,0,0
0,0,0,0,0,0,0,0,3.02056376139323,0,0,0,0,0,0,0,0,0,0,0,0,0,5.16700581641535,0,4.77568813381602,0,5.28161668777466,0,0,0,0,0,0,0,0,0,0,0,7.08364508357099,0,0,0,13.0656100206597,0,0,0,0,15.1339530944824,4.51795933121129,0,0,0,0,0,4.79098986145249,0,0,0,0,0,0,0,0,0,0,4.25073936581612,0,0,0,0,0,0,0,0,0,0,0,0,0,0,0,6.47717952190485,6.39825571958835,0,7.55772815307562,0,0
0,9.96987628936768,0,0,0,0,0,0,0,19.8994426727295,0,0,0,0,0,11.9733018875122,45.2838950157166,15.0734892176704,31.9232445907593,0,0,8.63408472586651,0,6.41031343414939,0,3.61437753627175,0,0,0,0,0,0,0,0,0,0,0,0,0,58.940860748291,0,51.1465339660645,0,0,0,0,51.7528877258301,0,0,5.38897132873535,0,0,0,0,0,6.97927308082581,0,0,0,0,0,0,0,0,10.0464050755985,0,5.50928219463048,0,0,0,3.89780652845228,0,0,0,0,0,0,0,0,0,0,0,12.2300806168659,0,16.2299487704322,48.218433380127,0
0,0,0,0,0,0,0,0,0,0,0,0,0,0,2.79199233651161,0,12.9006575993129,49.3525911058698,47.1320285797119,0,0,44.6801834106445,3.52736106285682,0,0,0,3.20983483730218,0,0,0,0,0,0,0,0,0,0,0,0,0,0,0,0,0,0,0,0,0,0,0,0,0,0,0,0,0,0,0,0,0,0,0,0,0,0,3.62691396474838,0,0,0,0,0,2.98981964739063,0,0,0,0,0,0,0,0,0,0,3.60376441779257,0,0,0,0
0,0,0,0,0,0,0,0,0,0,0,3.12850018648001,0,3.15932369232178,0,0,0,0,0,0,0,5.07194350560506,0,0,0,0,0,3.16231278072704,0,3.40378569594413,0,0,0,0,0,0,0,7.37859554829136,0,0,0,0,0,0,0,0,0,0,0,5.27565921348276,0,0,0,0,0,0,0,6.44915556907654,0,0,0,0,0,0,5.08416704336802,0,4.68778570493062,0,3.89780652845228,0,0,0,4.18894343450665,0,0,0,0,0,0,0,5.29505442860119,0,2.74783062934875,0,0,0,0
0,0,0,0,0,0,0,0,0,0,3.21445727348328,0,0,0,0,0,0,0,0,0,0,0,3.4550276226308,0,0,0,0,0,3.40512987069148,0,5.19943794996842,0,0,0,0,0,0,0,4.60357388854027,0,0,0,0,0,0,0,0,0,7.20336942111745,0,0,0,0,0,0,0,3.04797370617206,0,5.21998757123947,0,0,0,0,0,0,3.41224373144262,0,0,0,2.98981964739063,0,0,0,5.27088713645935,0,0,0,0,0,0,0,5.10186374467165,0,0,0,0,0
0,0,0,0,0,0,0,0,0,0,0,5.66780517619589,0,0,0,0,0,0,0,0,0,12.0135374069214,0,0,0,0,0,0,0,4.41111277952427,0,0,0,0,0,0,0,7.78646757205327,0,0,0,0,0,0,0,0,0,18.0933589935303,0,6.48711821497703,0,0,0,0,0,0,0,3.6351533754548,0,0,0,0,0,0,0,0,0,0,0,0,4.18894343450665,0,0,0,0,0,0,0,0,0,5.24951100055518,0,0,0,2.74032521247864,0,0
22.1240425109863,0,0,0,0,0,0,0,0,0,7.24080350958271,0,0,0,0,0,0,0,22.4359531402588,0,0,0,0,0,0,0,0,0,5.16011023521423,0,3.3422113597393,0,0,0,0,0,0,0,0,0,0,0,9.80459090892006,0,0,0,31.7761898040771,0,8.29066144745305,0,0,0,0,0,0,0,9.24188827603592,0,4.85427069664001,0,0,0,0,0,0,0,0,0,0,0,0,5.27088713645935,0,0,0,0,0,0,0,0,0,6.36463191281301,26.7499631245931,0,6.34559627502195,0,17.2491481304169
0,0,0,0,0,0,0,0,0,0,0,0,0,0,0,0,0,0,0,0,0,0,0,0,0,0,0,0,0,0,0,5.3145767426856,5.81117359535736,7.59133216738701,0,3.63580257218817,4.39951335466825,0,0,0,15.3753956794739,0,0,0,0,0,0,5.69218820481195,11.9305368150984,5.28304880857468,0,0,0,0,0,0,0,0,0,0,0,0,0,0,0,0,0,0,0,0,0,0,0,0,0,11.4433862454182,6.91380526077238,0,8.23137138097613,0,0,0,4.51714858270827,0,0,0,0
0,0,0,0,0,0,0,0,0,0,0,0,0,0,0,0,0,0,0,0,0,0,0,0,0,0,0,0,0,0,0,4.87617248064512,4.03016373154464,4.31830215454102,11.3771547868909,0,3.85518076263856,0,0,0,0,0,0,0,0,0,0,4.8515907505238,5.45251688957214,0,0,0,0,0,0,0,0,0,0,0,0,0,0,0,0,0,0,0,0,0,0,0,0,0,11.4433862454182,0,0,8.7193838048719,0,4.60864137462512,0,0,4.93176217512651,0,0,0,0
0,0,0,0,0,0,0,0,0,21.0904819488525,0,0,0,0,0,0,0,0,0,0,0,0,0,18.4089469909668,0,0,0,0,0,0,0,0,0,4.32766650087727,5.30391433210142,4.24234105166742,0,6.54013458483013,0,0,0,15.5891275405884,0,0,0,0,0,5.65431360611469,0,0,0,0,0,0,0,23.7935161590576,0,0,0,0,0,0,0,0,0,0,18.9180042743683,0,0,0,0,0,0,0,6.91380526077238,0,0,5.26186570700477,7.97620399608168,0,6.23763525221865,0,5.8774358361732,0,19.4877575238546,0,0
0,0,0,0,0,0,0,0,0,0,0,0,0,0,0,0,0,0,0,0,0,0,0,0,0,0,0,0,0,0,0,4.17078649997711,7.35964719746091,3.73644095693843,3.3825969621339,0,3.64369654655457,4.08024378923269,6.8615304334476,0,0,0,0,0,0,0,0,4.84306067309968,0,0,0,0,0,0,21.4095811843872,0,0,0,0,0,0,0,0,0,0,0,0,0,0,0,0,0,0,0,0,8.7193838048719,5.26186570700477,0,0,5.02518847165925,0,5.29914392859249,3.3340358977968,0,0,0,0
53.772403717041,29.2065277099609,0,35.6583322143555,0,0,0,4.00923633575439,0,0,0,3.69344130744282,0,0,0,0,69.0570849634666,68.137858638057,46.7879259877179,6.61073142125201,0,0,0,0,0,0,0,0,0,0,0,3.95960753378661,3.31364699646279,4.24167113304138,0,4.71139314076222,3.46033294070257,4.69800047951205,0,20.2405133816733,71.5286560058594,20.2593043085378,69.6463932037354,31.0060153688703,56.1094131469727,19.2805791263705,66.1211758975325,6.84463140064773,0,8.67814410339843,0,46.8076934814453,0,0,0,0,0,44.8743034218842,0,0,0,0,7.93791093271136,77.5050354003906,0,0,0,0,0,0,0,0,0,0,8.23137138097613,0,7.97620399608168,0,0,50.1095379779213,4.47924561471474,0,23.5711332014922,34.719401138932,30.0068145080294,24.7431255776542,61.0495376586914
26.7099740982056,0,39.8549144579017,0,48.5186771816678,0,0,0,0,0,6.14366172922069,0,0,0,0,0,65.9383070316721,73.9375954875796,47.4697414659474,0,5.87342157879391,0,0,0,0,0,0,0,0,0,0,13.8236351013184,3.54408683560111,0,4.14959867521264,3.39264600821904,5.6978484204468,0,4.19642195878205,76.462885538737,15.2504638905859,70.2636725814254,21.4674552554405,75.9397125244141,33.90044640206,63.8900326815518,19.2520366052051,5.80697146573461,9.21465915749501,69.2867755889893,27.5305126735142,84.5117950439453,0,0,0,0,23.7136683388362,71.7547887166341,0,0,0,0,0,11.7983620140765,0,0,0,0,0,0,0,0,0,0,0,4.60864137462512,0,5.02518847165925,50.1095379779213,0,0,5.62582009013106,18.4105044343794,3.39858501527938,22.202502029962,61.3881397247314,23.4287574471168
0,0,0,0,0,0,0,0,0,11.6886637027447,0,3.46426212938526,0,0,0,0,0,0,0,7.73463878210853,0,5.82116481382636,0,5.33044241822284,0,0,0,0,0,3.32823288349705,0,0,0,6.57293922077327,0,4.95722785321149,0,4.65463364528961,3.06364115424778,0,0,7.09454359669657,0,0,0,0,0,7.85473737894343,0,4.6753230735055,0,0,0,0,0,10.1750660061836,0,12.4069581712995,0,0,0,0,10.2097472885381,0,7.78670953001295,0,6.84917406913562,0,0,0,5.29505442860119,0,5.24951100055518,0,0,0,6.23763525221865,0,4.47924561471474,0,0,3.57533518473307,3.79860869123916,0,7.7803294336985,0,0
0,0,25.5776853561401,0,0,0,0,0,8.72340359006609,0,6.55545084600504,0,0,0,0,0,85.3955574035645,84.5527267456055,31.1307970046997,0,12.6374237107801,4.85963884989421,6.19777803837768,0,4.98026886964456,0,0,0,6.32467758655548,0,16.7823581695557,0,0,0,4.70891607080707,0,8.07779420777147,3.86969934546429,5.68397670185951,0,51.5689010620117,0,19.0961294676128,0,0,0,18.8986025061659,7.75994477563232,6.37449077843916,0,0,0,0,0,7.21703877278737,0,15.3733869757785,0,0,0,0,0,0,11.9001332511952,0,7.22121647292492,0,6.47717952190485,0,0,0,5.10186374467165,0,6.36463191281301,0,0,0,5.29914392859249,0,5.62582009013106,3.57533518473307,0,5.67287912421596,3.85875453267779,10.6541185871338,0,20.8262724876404
8.61711170570182,12.3549278849488,19.5429877840358,20.8806800738999,25.7176292389631,10.5298497430209,0,3.06504797935486,7.1088334842078,7.86587833418635,3.64153371810913,6.21125924484038,0,3.12172391540126,4.10608224211068,7.03013113344678,20.0529163654598,19.2541760540052,18.0985798746332,10.9043147417215,9.27947868927416,5.00350160301362,4.49127444663605,7.30959690854235,3.86585125345172,6.99838592537812,7.99952213245889,2.95536208152771,5.54989917079608,2.95396518707275,3.24529556930065,3.73211100101471,4.09056413663577,5.22888002727852,3.23391372549768,4.91565253736396,5.31541183328831,4.56161432619129,4.29459243144678,38.8945300547759,43.2709037794321,17.2639717608495,20.9399361274777,14.3232401486101,28.7892821629842,29.4984083408263,32.2551749273833,6.70760366872263,9.79731169029286,16.981315891731,11.6594114303589,36.6393744407162,0,0,3.20197157727347,11.7653800501273,7.91687633138184,35.6338209970623,2.87703785300255,6.49223695860969,3.28133082389832,6.16070259318632,12.7250880872881,20.8015263261433,4.93086176584749,4.56414262851079,7.22509998244208,6.39825571958835,12.2300806168659,3.60376441779257,2.74783062934875,0,0,26.7499631245931,4.51714858270827,4.93176217512651,5.8774358361732,3.3340358977968,23.5711332014922,18.4105044343794,3.79860869123916,5.67287912421596,0,5.37735609461681,22.4838837756385,21.8238748883092,25.9185380224494
