0,0,226.030050933361,0,3.73363235592842,0,0,0,200.343968421221,0,0,0,0,0,0,0,0,0,0,0,0,0,0,0,0,0,0,0,0,0,0,0,0,0,0,0,0,0,0,0,0,0,14.7880098670721,0,0,0,0,0,125.994797378778,0,0,0,0,0,371.839379072189,0,0,0,5.15111339092255,0,50.8422404527664,0,0,0,0,0,0,0,0,0,0,0,0,0,0,0,0,0,0,0,0,0,173.478375136852,0,149.862224027514,0,0
0,0,0,65.5929846167564,0,0,0,0,0,314.398464426398,0,0,0,0,0,61.2109118402004,0.21322575211525,0.294095814228058,22.6766292601824,0,0,0,0,1.28649930655956,0,0,0,0,0,0,0,0,0,0,0,0.877820238471031,0,0,0,0,0.292398154735565,9.81578387320042,0.287272781133652,0.208916217088699,0,0,0,0,0,271.185838356614,0,0,0,0,0,125.612881958485,0,0.27011176943779,0,0,0,49.2444471269846,0,0,0,0,1.90560546517372,0,0.332729041576385,0,0.319233864545822,0,2.35750851035118,0,0,0.208856597542763,0,0,5.85416892170906,0,3.68267840147018,0,60.0500939190388,0,344.083958521485,0,0
226.030050933361,0,0,0,72.8289151489735,0,0,0,164.038865357637,0,17.4034557789564,0,0,0,0,0,0,0,7.67515628039837,0.297724455595016,37.5790806114674,0,0,0,0,0,0,0,0,0,1.70993426442146,0,0,0,0,0.805616915225983,8.40947635471821,0,0.2717444896698,0.35936450958252,10.0447174310684,1.20113280415535,248.995101839304,0,0.239263981580734,4.08557564020157,3.705959379673,4.26306362450123,37.373166128993,22.1840333640575,32.4791963547468,0,0,0,370.978217765689,0,34.8788956701756,0,0.581836760044098,0,0,0,0,19.7583391368389,0,0.684618651866913,0,0,0,0,0,0.999581634998322,0,2.39011336863041,0,0.329479597508907,0,0,0.689822167158127,12.5309713333845,0.621071517467499,2.19635698199272,357.964278817177,0.383536323904991,149.379979155958,0,54.6942253410816
0,65.5929846167564,0,0,0,0,0,0,0,2.10106156766415,0,0,0,0,0,0,0,0,6.37681365013123,0.671753525733948,0,0,0,1.76980103552341,0,0,0,0,0,0,0,0,0,0,0,7.10974882543087,0,0.265812337398529,0,0.780843243002892,0,121.680541276932,0,0,0,5.60770118236542,0,0,0,163.309604242444,0,0,0,0,0,0,0,4.21746189892292,0,0.284977197647095,0,2.39900334179401,0,0,0,0,0,0,0,0,0.916836902499199,0,34.3184213489294,0,0,0,0,0,19.1010407060385,0,17.8760586231947,0,73.7210708111525,0,107.116746664047,16.4669830203056,0
3.73363235592842,0,72.8289151489735,0,0,0,21.1308865696192,0,256.524194419384,0,3.94327554106712,0,0,0,0,0,0,0,1.86801558732986,0,15.1549688726664,0,0,0,0,0,0,0,0,0,2.86372792720795,0,0,0,0,0,36.9206889644265,0,0,2.81284999847412,5.14483983814716,1.75261791050434,8.62667970359325,0,0,12.9414823055267,8.0031521320343,2.17043639719486,1.36101418733597,24.88608700037,389.006530314684,0,37.6672751903534,0,27.4680236577988,0,12.086725845933,1.89398762583733,58.5324738025665,0,0.868750095367432,1.48991417884827,0,63.9295853972435,0,0.49591651558876,0,0,0,0,0,0,0,1.2141420841217,0,2.46918606758118,0,0,1.10959935188293,46.7082027494907,1.47034312784672,0,1288.71100081503,15.9944485723972,175.875574275851,0,0.785297155380249
0,0,0,0,0,0,0,0,0,0,0,0.584641873836517,0,0,0,0,0,0,0,32.9040511101484,0,0,0,0,0,0,0,0,0,0,0,0,0,0,0,10.3347705453634,0,0,0,0,0,0,0,0,0,0,0,0,0,0,0,39.3800393939018,0,0,0,0,0,5.34673674404621,0,4.30492380261421,0,16.6922711133957,63.3182545900345,0,0,0,0,0,0,0,0,0,0,0,0,0,0,0,7.60087804496288,0,0,0,39.2856383919716,0,12.9622648060322,0,0
0,0,0,0,21.1308865696192,0,0,0,0,0,143.841154426336,0,0,0,0,0,0,0,0,0,63.4177909195423,0,0,0,0,0,0,0,0,0,0,0,0,0,0,0,0,0,0,0,0,0,0,0,0,0,0,0,0,0,14.8606281280518,0,181.109819114208,0,0,0,80.2781657129526,0,23.341543674469,0,0,0,0,38.8719599246979,0,0,0,0,0,0,0,0,0,0,0,0,0,0,0,0,0,0,470.060156881809,0,2.54782244563103,0,0
0,0,0,0,0,0,0,0,0,0,0,0,0,0,0,0,0,0,0,0,0,0,0,0,0,0,0,0,0,0,0,0,0,0,0,0,0,0,0,0,0,0,0,0,0,0,0,0,0,0,0,0,0,3,0,0,0,0,0,0,0,0,0,0,0,0,0,0,0,0,0,0,0,0,0,0,0,0,0,0,0,0,9,0,0,0,0
200.343968421221,0,164.038865357637,0,256.524194419384,0,0,0,0,0,0,0,0,0,154.478246286511,0,906.637697353959,53.7528754025698,42.0740661919117,0,1.62379941344261,0,75.6798187345266,0,565.076801836491,0,222.454161718488,0,0.616223633289337,0,0,0,0,0,0,0,0,0,1.05421423912048,0,0,0,218.200063064694,0,0,0.343079298734665,0,0,21.8841059654951,0,31.1844699978828,0,0,0,588.367838025093,0,1.1551331281662,0.260793000459671,20.3800089359283,0,84.0651359260082,0,0,0.969907313585281,0,30.9947652816772,0,179.645602047443,0,69.3856877982616,0,0.195925489068031,0,0.183517247438431,0,0,0,0,0,2.27666023373604,0,0.650042653083801,2770.29634681344,49.9450879991055,140.265609964728,0,0
0,314.398464426398,0,2.10106156766415,0,0,0,0,0,0,0,0,0,0,0,46.2400522530079,0,0,0,0,0,0,0,7.61760500073433,0,0,0,0,0,0,0,0,0,0,0,0,0,21.599681943655,0,0,0,2.13881003856659,0,0,0,0,0,0,0,3.48234671354294,0,0,0,0,0,819.761309430003,0,1.39359219372272,0,0.472386717796326,0,68.2197852730751,0.166636869311333,0,0,0,177.885639131069,0,17.0797741413116,0,0,0,0,0,0,0,0,0,0,0,36.6650477647781,0,194.990378886461,0,31.4647308290005,0,0
0,0,17.4034557789564,0,3.94327554106712,0,143.841154426336,0,0,0,0,0,0,0,0,0,0.677384570240974,0.803920015692711,69.8869579583406,0,365.788352951407,0,1.59126006066799,0,0,0,0,0,41.8999200314283,0,60.5788625776768,0,0.93514883518219,0,0,0.973396241664886,119.225744523108,0,202.04139983654,0,16.7503261715174,0.704333618283272,109.81141410768,0,11.9209460020065,6.02167975902557,55.6902274042368,0.93267160654068,1.98476338386536,5.65664300322533,9.97147697210312,0,186.635733246803,0,0,0,1735.54147675633,1.03957235813141,20.2343386411667,0,0,0,0,67.9925216287374,0,10.1736179292202,0,0.204987719655037,0,0.647414997220039,0,30.4961535781622,1.54129733145237,139.042155489326,0,19.7720049768686,0,0,0.171183079481125,118.888677470386,0.757884740829468,40.978497043252,567.022294558585,2.44112084805965,178.131920963526,0,57.4425303339958
0,0,0,0,0,0.584641873836517,0,0,0,0,0,0,0,51.4596860855818,0,0,0,0,0,101.394157469273,0,0,0,0,0,0,0,0,0,62.0143387690187,0,0,0,0,0,6.64379686117172,0,149.633971750736,0,2.42814388871193,0,1.8554493188858,0,0,0,6.42674577236176,0,0,0,0.576734408736229,0,0.456029146909714,0,0,0,0,0,1509.02471359074,0,110.432421445847,0,0,31.5976483970881,0,0,0,0,0,0,0,7.6193722486496,0,247.530464313924,0,0,0,0,0,3.79028008878231,0,96.341631129384,0,114.781244829297,0,53.0191252827644,0,0
0,0,0,0,0,0,0,0,0,0,0,0,0,0,6.64407905936241,0,0,0,0,0,0,0,0,0,0,0,0,0,39.7672537267208,0,0,0,0,0,0,0,0,0,0,0,0,0,0,0,0,0,0,0,0,0,45.6423032283783,0,0,0,0,0,15.3769959211349,0,823.729325860739,0,6.79631102085114,0,0,0,0,0,0,0,0,0,0,0,0,0,0,0,0,0,0,0,0,0,87.2060335874557,0,0,0,0
0,0,0,0,0,0,0,0,0,0,0,51.4596860855818,0,0,0,64.1016122102737,0,0,0,0,0,0,0,0,0,3.49766230583191,0,1.70423287153244,0,0,0,0,0,0,0,0.726150557398796,0,0,0,1.66375887393951,0,0,0,0,0,0,0,0,0,20.3938564360142,0,0,0,20.1751635074615,0,0,0,11.3141302168369,0,590.165697023273,0,3.93686637282372,6.59553828835487,0,0,0,0,0,6.43047466874123,0,117.502526402473,0,0,0,0,0,0,0,0,0,0,0,63.1445918083191,0,7.13436463475227,0,0
0,0,0,0,0,0,0,0,154.478246286511,0,0,0,6.64407905936241,0,0,0,926.479584053159,4.13337703049183,6.46077886223793,0,0,0,78.3266400247812,0,72.5113106071949,0,571.997490257025,0,35.87932741642,0,0,0,0,0,0,0,0,0,0,0,0,0,0,0,0,0,0,0,0,0,7.01070046424866,0,0,0,11.8941060304642,0,0,0,58.8551275730133,0,214.598561584949,0,0,0,0,17.372526705265,0,1.10780763626099,0,230.289471521974,0,0,0,0,0,0,0,0,0,0,0,0,1153.90843828022,111.778952687979,0,0,0
0,61.2109118402004,0,0,0,0,0,0,0,46.2400522530079,0,0,0,64.1016122102737,0,0,0.179378598928452,0,0.206087484955788,0,0,0,0,1.29719254374504,0,0.950074672698975,0,14.5550816953182,0,0,0,0,0,0,0,0.212203204631805,0,0,0,2.07568077743053,0,2.7210041731596,0,0,0,6.76916734874249,0,0,0,75.3023616522551,0,7.8784541785717,0,0,0,123.731716796756,0,11.007292330265,0,27.2974303662777,0,334.116876110435,0.808292001485825,0,0,0,9.32209122180939,0,55.0258357524872,0,3.19778460264206,0,1.13489331305027,0,0,0,0,0,0.285870879888535,0,0,0,77.3526359498501,0,41.7180368602276,0,0
0,0.21322575211525,0,0,0,0,0,0,906.637697353959,0,0.677384570240974,0,0,0,926.479584053159,0.179378598928452,0,8745.59932617098,4489.00090074539,7.5964527130127,4.02922190725803,27.0520482510328,1673.14159828424,0,1726.08932808042,2.0007660984993,2641.70940753818,0,81.7469912916422,0,0,0,1.62864530086517,0,0,31.6992367953062,16.3248484283686,0,0,1.89918375015259,48.9407692700624,18.2583313286304,17.6133185476065,4.17703458666801,0,9.48283430933952,0,0,10.7271741628647,0.180093795061111,0,0,0,0,4.9039166867733,0,5.32516580820084,0,0,0,84.7605118155479,0.156658366322517,0,0.945179760456085,3.11019587516785,292.237532347441,0,1.20488548278809,0,617.852718397975,0,2.52904033660889,2.21306680142879,0,0,15.8659229576588,0,0,72.4375744909048,88.2831506952643,18.4513214379549,0,15306.7345567867,605.607978776097,31.250517860055,0.684831842780113,1.10002559423447
0,0.294095814228058,0,0,0,0,0,0,53.7528754025698,0,0.803920015692711,0,0,0,4.13337703049183,0,8745.59932617098,0,3093.7416254431,24.7998156249523,1.48349422216415,901.806699424982,191.283414050937,0,443.372649565339,487.959597676992,33.2563728243113,0,0,0,0,0,10.0829944759607,0,0,25.1872579455376,28.6477355211973,0,0,0.911285161972046,52.3983859717846,36.8883756995201,9.86377657949924,4.15086284279823,0,5.23881974816322,2.50373271107674,0.774468123912811,3.70598028600216,0.395638078451157,0,0,0,0,0,0,0.59913732111454,0,0,0,2.24578803777695,0,0,0.510560005903244,66.6232176423073,7.79547822475433,0,0.877674877643585,13.3408902138472,20.3688848614693,0,0,1.72948628664017,0,0,17.9532152563334,0,0,55.4977879226208,100.106449618936,11.2182762771845,0.322760134935379,13474.6230737492,807.844129294157,46.3465837091208,1.4434697329998,0.431802377104759
0,22.6766292601824,7.67515628039837,6.37681365013123,1.86801558732986,0,0,0,42.0740661919117,0,69.8869579583406,0,0,0,6.46077886223793,0.206087484955788,4489.00090074539,3093.7416254431,0,215.638196825981,139.435601294041,1.59754049777985,53.9474400728941,0,91.4799988120794,0.290508925914764,23.3053283393383,0,0.436634510755539,0,8.58035047352314,0,37.3374608755112,0,0,407.800186425447,385.868636466563,0,0.140544831752777,49.1614232510328,938.196860820055,984.047265246511,600.237919829786,192.187001988292,1.18030560016632,263.221247941256,30.2171144485474,14.6998902410269,213.205948248506,22.9366358071566,4.00701908767223,0,0,0,0,0,63.0635289847851,5.17065462470055,0,0.324582934379578,1.80367904901505,0.433259859681129,41.7485718131065,80.1372546553612,0,12.367913171649,0,0,0,8.53368124365807,3.03747020661831,2.04230120778084,43.9532430619001,4.93742321431637,0,260.39104681462,0,0,1074.48028624803,1629.67019580305,266.351834326982,8.87713798880577,3981.13495621085,9.14344283938408,1192.57130420208,59.0683609396219,109.99858430028
0,0,0.297724455595016,0.671753525733948,0,32.9040511101484,0,0,0,0,0,101.394157469273,0,0,0,0,7.5964527130127,24.7998156249523,215.638196825981,0,0,2.02743535488844,0,0,0,0,0,0,0,0,0,0,0.208707332611084,0,0,1182.46004029363,0.150758057832718,323.168182700872,0,185.398236528039,9.24434366822243,112.723821409047,0.261337488889694,3.50970710813999,0,314.567685648799,0,0,3.23605969548225,11.728183016181,0,17.4615783989429,0,0,0,0,0,316.471843749285,0,24.6089156866074,0,0,2468.70187154412,0,0.182736352086067,0,0,0,0.235564514994621,0,26.9333745539188,0,284.914293847978,0,0,5.43046556413174,0,0,442.125910446048,6.13982962071896,746.383762173355,0,388.17357005924,0,169.470214948058,6.14073023200035,0
0,0,37.5790806114674,0,15.1549688726664,0,63.4177909195423,0,1.62379941344261,0,365.788352951407,0,0,0,0,0,4.02922190725803,1.48349422216415,139.435601294041,0,0,0,1.83086463809013,0,0,0,0,0,0.495952621102333,0,53.7209696173668,0,1.57159330695868,0,0.639544546604156,1.69364227354527,521.543016530573,0,368.926656007767,0.436202049255371,45.3880327194929,4.76646134257317,393.496039494872,0,9.5837610065937,16.17457921803,473.415881462395,0.832595258951187,9.82119542360306,8.08954991400242,18.1357622295618,0,74.765969067812,0,0,0,785.200232841074,0,0,0,0,0.572888910770416,0,1676.87266212702,0,16.008432790637,0,0.444012805819511,0,0.626770555973053,0,47.1813758462667,0,114.822721898556,0,38.2456835061312,0,0,6.10462781786919,257.240552820265,0.13252691924572,165.099719852209,901.231131210923,5.87768137454987,440.254461765289,0,166.062751352787
0,0,0,0,0,0,0,0,0,0,0,0,0,0,0,0,27.0520482510328,901.806699424982,1.59754049777985,2.02743535488844,0,0,904.13311599195,47.5708809792995,0.651395320892334,109.809182330966,0,72.5884082913399,0,0,0,0,0,1.39617502689362,0,0.267068848013878,0,838.567024037242,94.9873481839895,0,0,12.8237249553204,0,0,0,1.5244046151638,0,0.977915585041046,0,407.077147185802,0,0,0,0,0,0,0,32.9969727098942,0,14.8050772845745,0,1.63896594941616,12.6454733461142,0,5779.72689513862,204.208449825644,34.5632314383984,0,91.2977219820023,0,115.782629057765,0,24.7056284844875,0,0,0,7.34967169165611,0,0,0.546915948390961,367.513985544443,24.4058591723442,2887.17254883051,289.710907548666,8.60298961400986,0.538235127925873,0
0,0,0,0,0,0,0,0,75.6798187345266,0,1.59126006066799,0,0,0,78.3266400247812,0,1673.14159828424,191.283414050937,53.9474400728941,0,1.83086463809013,904.13311599195,0,0,119.666636317968,0,1253.21971864998,0,353.057997852564,0,0,0,0,0,0,0,0,10.8767485618591,451.671138972044,0,0.776398658752441,0,0,0,0,0,0,0,36.6106006205082,0.484983533620834,0,0,0,0,0,0,12.5085529983044,0,0,0.63608705997467,17.1984610408545,0,0,2.86655022203922,73.3240942507982,6770.62379091978,0,4.94506406784058,0.423010319471359,538.505168437958,0,263.083982884884,0,15.919421300292,0,0,0,0,0,0.179718226194382,12.1434131860733,354.517430961132,2418.29860979319,224.888133272529,4.12866544723511,0,0
0,1.28649930655956,0,1.76980103552341,0,0,0,0,0,7.61760500073433,0,0,0,0,0,1.29719254374504,0,0,0,0,0,47.5708809792995,0,0,0,105.620565757155,0,0,0,0,0,0,0,0,0,0,0,373.444529533386,0,0,0,1.338358938694,0,0,0,0.196335136890411,0,0,0,2.67050592601299,0,0,0,0,0,27.9941201806068,0,0,0,1.36389991641045,0,20.725646302104,0,0,60.2258458584547,0,428.320923134685,0,74.6734231710434,0,0,0,0,0,0,0,0,0,0,0,226.722827613354,0,152.907843247056,0,20.9936544895172,0,0
0,0,0,0,0,0,0,0,565.076801836491,0,0,0,0,0,72.5113106071949,0,1726.08932808042,443.372649565339,91.4799988120794,0,0,0.651395320892334,119.666636317968,0,0,0,383.145797908306,0,1.20824909210205,0,0,0,0,0,0,0,0,0,36.5100693106651,0,0,0,2.62879133224487,0,0,0,0,0,127.749538630247,0,0,0,0,0,31.5129886865616,0,1.45260006189346,0,0,0,5.20106494426727,0,0,0,0,56.3270724415779,0,418.117241591215,0,228.062039732933,0,6.50922004878521,0,0.37277489900589,0,0,0,0,2.13072395324707,0,0,0.834129810333252,1659.65767261386,10.7338365018368,50.2504410892725,0,0.149495601654053
0,0,0,0,0,0,0,0,0,0,0,0,0,3.49766230583191,0,0.950074672698975,2.0007660984993,487.959597676992,0.290508925914764,0,0,109.809182330966,0,105.620565757155,0,0,0,6.77464672923088,0,0,0,0,0,0,0,0,0,0,0,0,0,0,0,0,0,0,0,0,0,5.89619311690331,0,0,0,0,0,0,0,0,0,0,0,5.47505241632462,0,0,96.3815163075924,0,85.0645203441381,0,208.024894282222,0,6.06287060678005,0,0,0,0,0,0,0,0,0,0,0,89.9711938649416,4.73716303706169,0,0,0
0,0,0,0,0,0,0,0,222.454161718488,0,0,0,0,0,571.997490257025,0,2641.70940753818,33.2563728243113,23.3053283393383,0,0,0,1253.21971864998,0,383.145797908306,0,0,0,268.593676149845,0,0,0,0,0,0,0,0.815745413303375,0,0,0,0,0,0,0,0,0,0,0,0,0,0,0,0,0,0,0,0,0,0,0,134.743014454842,0,0,0,0,673.574590682983,0,0,0,2152.89604894817,0,40.82334664464,0,0,0,0,0,0,0,0,0,0,2277.56231278181,73.7646413147449,0,0,0
0,0,0,0,0,0,0,0,0,0,0,0,0,1.70423287153244,0,14.5550816953182,0,0,0,0,0,72.5884082913399,0,0,0,6.77464672923088,0,0,0,23.9998050332069,0,0,0,0,0,0,0,25.7449102550745,0,0,0,0,0,0,0,0,0,0,0,0,0,0,0,0,0,0,0,0,0,0,0,0,0,0,4.31667482852936,0,0,0,7.0530449450016,0,564.551168933511,0,0,0,0,0,0,0,0,0,138.280385255814,0,63.5427876710892,0,0,0,0
0,0,0,0,0,0,0,0,0.616223633289337,0,41.8999200314283,0,39.7672537267208,0,35.87932741642,0,81.7469912916422,0,0.436634510755539,0,0.495952621102333,0,353.057997852564,0,1.20824909210205,0,268.593676149845,0,0,0,23.1926416456699,0,0,0,0,0,0,0,53.0342039465904,0,0,0,0.42138797044754,0,0,0,0,0,0,0,0.436993598937988,0,0,0,0,0,12.7862137258053,0,0,0,0,0,0,1.92202401161194,0,133.257361099124,0,0,0,39.978316962719,0,1483.90219315886,0,20.7099467664957,0,0,0,0,0,0.675604581832886,0,36.5497975051403,344.213801383972,33.2958824634552,2.81692062318325,0,0
0,0,0,0,0,0,0,0,0,0,0,62.0143387690187,0,0,0,0,0,0,0,0,0,0,0,0,0,0,0,23.9998050332069,0,0,0,0,0,0,0,0,0,97.5379970222712,0,0,0,0,0,0,0,0,0,0,0,0,0,0,0,0,0,0,0,72.6118499785662,0,0,0,0,0,0,0,0,0,0,0,0,70.3379117250443,0,745.244539380074,0,0,0,0,0,0,0,9.14356517791748,0,51.3209047615528,0,0,0,0
0,0,1.70993426442146,0,2.86372792720795,0,0,0,0,0,60.5788625776768,0,0,0,0,0,0,0,8.58035047352314,0,53.7209696173668,0,0,0,0,0,0,0,23.1926416456699,0,0,0,0,0,0,0,2.29540392756462,0,105.070645570755,0,0,0,6.05909617245197,0,0,0,4.09172910451889,0,0,0,2.53984412550926,0,0,0,0,0,266.945651173592,0,0,0,0,0,0,11.8367478251457,0,0,0,0,0,0,0,18.3729189932346,0,559.968468368053,0,3.88356219232082,0,0,0,7.69939326494932,0,245.20107640326,20.6282927021384,0.628027200698853,17.23979601264,0,6.81934756040573
0,0,0,0,0,0,0,0,0,0,0,0,0,0,0,0,0,0,0,0,0,0,0,0,0,0,0,0,0,0,0,0,261.055763691664,106.540917575359,13.4770267903805,206.540140420198,0,0,0,44.5836000442505,0,0,0,0,0,0,0,562.0059479177,0,144.882675588131,0,0,0,0,0,0,0,0,0,0,0,0,5.90602141618729,0,0,0,0,0,0,0,0,0,0,0,127.858218297362,0,10.4130924642086,0,193.961156740785,0,0,0,777.533897489309,0,0,0,0
0,0,0,0,0,0,0,0,0,0,0.93514883518219,0,0,0,0,0,1.62864530086517,10.0829944759607,37.3374608755112,0.208707332611084,1.57159330695868,0,0,0,0,0,0,0,0,0,0,261.055763691664,0,0,290.359443366528,78.2849727869034,605.259856432676,0,0,152.279996857047,7.91221803426743,0.897804856300354,24.8198046535254,0,0,0,26.7709154710174,3535.12414254248,0,51.7374317646027,0.228086546063423,0,0,0,0,0,1.76800175756216,0,0,0,0,0,0,1.9598376005888,0,0,0,0,0,0,0,0,0,0,0,1189.36372859776,0,70.5839923620224,24.4484539628029,230.164595417678,0,0,813.340357527137,0.782780766487122,13.6060561090708,0,0
0,0,0,0,0,0,0,0,0,0,0,0,0,0,0,0,0,0,0,0,0,1.39617502689362,0,0,0,0,0,0,0,0,0,106.540917575359,0,0,276.230720460415,141.455424964428,0,506.270287171006,0,0.407028526067734,0,0,0,0,0,0,0,1692.84689593315,0,1.46141892671585,0,0,0,0,0,0,0,0,0,0,0,0,0,0,0,0,0,0,0,0,0,0,0,0,85.6349206566811,0,1065.19528006017,70.7727755010128,240.834159821272,0,481.173091635108,0,292.463771015406,0,0,0,0
0,0,0,0,0,0,0,0,0,0,0,0,0,0,0,0,0,0,0,0,0.639544546604156,0,0,0,0,0,0,0,0,0,0,13.4770267903805,290.359443366528,276.230720460415,0,0,350.770127668977,0,284.996511369944,0.37700092792511,0,0,3.20908564329147,0,0,0,0,640.193395763636,0.658462166786194,4.39625912904739,0,0,0,0,0,0,0,0,0,0,0,0,0,0,0,0,0,0,0,0,0,0,0,0,0,129.277360141277,55.4527121782303,1043.86974073946,0,386.854154795408,0,220.251368954778,308.52092692256,1,15.7659092545509,0,0
0,0.877820238471031,0.805616915225983,7.10974882543087,0,10.3347705453634,0,0,0,0,0.973396241664886,6.64379686117172,0,0.726150557398796,0,0.212203204631805,31.6992367953062,25.1872579455376,407.800186425447,1182.46004029363,1.69364227354527,0.267068848013878,0,0,0,0,0,0,0,0,0,206.540140420198,78.2849727869034,141.455424964428,0,0,220.183101728559,2380.6010517627,0,1199.38123437762,11.7412997484207,344.860090851784,8.66798767447472,33.7771558463573,0,501.998958989978,7.50245524942875,81.5437074154615,2.07936799526215,55.4704526215792,0.592011749744415,0,0,0.216730132699013,0,0,0,38.665265828371,0,20.0011689960957,0,5.9269196242094,1027.7651764527,2.78385177254677,0.133154064416885,0,0,0,0,0,5.34456198662519,0,34.2903102338314,0,109.412336856127,18.6237408816814,4.97794258594513,0,14410.5590929016,113.714795738459,880.589738763869,0,4258.64158937335,609.256055697799,257.315187856555,103.967216953635,0
0,0,8.40947635471821,0,36.9206889644265,0,0,0,0,0,119.225744523108,0,0,0,0,0,16.3248484283686,28.6477355211973,385.868636466563,0.150758057832718,521.543016530573,0,0,0,0,0,0.815745413303375,0,0,0,2.29540392756462,0,605.259856432676,0,350.770127668977,220.183101728559,0,0,1229.32104508579,8.79754300415516,63.7711324989796,24.3841704279184,225.023279599845,1.53898465633392,0.59730851650238,31.1213968992233,137.859314933419,12.0557694807649,25.3708184659481,75.5853439047933,5.24441236257553,0,0,0,0,0,52.171774327755,0,0,1.4625598192215,0,3.24555814266205,2.70796322822571,506.088350072503,0,0,0,0,0,0,0.618620574474335,0.844357326626778,3.59783244132996,0.762114651501179,0,722.307207487524,0,272.92859877646,337.752350240946,17739.4913164899,1.46663269400597,128.845381557941,4035.64869780838,18.2384760528803,257.409581169486,0,5.62481036037207
0,0,0,0.265812337398529,0,0,0,0,0,21.599681943655,0,149.633971750736,0,0,0,0,0,0,0,323.168182700872,0,838.567024037242,10.8767485618591,373.444529533386,0,0,0,25.7449102550745,0,97.5379970222712,0,0,0,506.270287171006,0,2380.6010517627,0,0,8.15562853217125,0,0,17.2284433841705,0.794620990753174,0,0,2.00911611318588,0,87.8984073698521,0,179.508899644017,0.131958693265915,0,0,0,0,19.7139559984207,1.40032720565796,36.9360965937376,0,2.39719945192337,0,0,121.720482453704,0,225.565595954657,0.386939138174057,77.0003867447376,0,7.25148536264896,0,37.3364534974098,0,172.295981675386,0,0,0,279.514117561281,0,534.389695212245,0,10879.6418055221,0,2429.52793832123,37.4599918723106,39.3515588343143,0,0
0,0,0.2717444896698,0,0,0,0,0,1.05421423912048,0,202.04139983654,0,0,0,0,0,0,0,0.140544831752777,0,368.926656007767,94.9873481839895,451.671138972044,0,36.5100693106651,0,0,0,53.0342039465904,0,105.070645570755,0,0,0,284.996511369944,0,1229.32104508579,8.15562853217125,0,0,0,0,9.39480422437191,0,0,0,0.399185389280319,38.6144006848335,240.938970386982,0,0,0,0,0,0,0,66.5417523086071,0,0,0,0,0,0,7.27019014954567,19.0361042320728,233.673230051994,0,16.4418302178383,0,0,0,88.0049159526825,0,1.52482050657272,0,0.116641126573086,0,344.283839464188,0,230.674018114805,13.96850669384,6380.36337313056,1265.98967112601,0.253330260515213,74.8628146648407,0,0.957964181900024
0,0,0.35936450958252,0.780843243002892,2.81284999847412,0,0,0,0,0,0,2.42814388871193,0,1.66375887393951,0,2.07568077743053,1.89918375015259,0.911285161972046,49.1614232510328,185.398236528039,0.436202049255371,0,0,0,0,0,0,0,0,0,0,44.5836000442505,152.279996857047,0.407028526067734,0.37700092792511,1199.38123437762,8.79754300415516,0,0,0,8.12863372266293,55.4610710889101,0,2.41859695315361,0,103.397360861301,48.0438974350691,2185.8628256768,0,3084.86784344912,2.55681739747524,0,0,0.211597889661789,0,0,0.659740149974823,23.4094545394182,0,17.3389057666063,0,6.07637241482735,865.281007856131,0.854708343744278,0,0,0,0,0,0,2.27903154492378,0,6.96787510812283,0,0.4673852622509,83.4713394343853,1.30826699733734,0,1658.51245942712,35.6846482157707,90.2327065467834,0,130.778532758355,0,313.144472777843,20.2383102476597,0
0,0.292398154735565,10.0447174310684,0,5.14483983814716,0,0,0,0,0,16.7503261715174,0,0,0,0,0,48.9407692700624,52.3983859717846,938.196860820055,9.24434366822243,45.3880327194929,0,0.776398658752441,0,0,0,0,0,0,0,0,0,7.91221803426743,0,0,11.7412997484207,63.7711324989796,0,0,8.12863372266293,0,43.9403758794069,1143.73618385196,7.81643569469452,0,13.2635441869497,248.42432577908,52.94482883811,316.682639092207,32.4233051538467,2.07713830471039,0,0,0,0,0,18.8933085352182,0,0,0,0,0.288208425045013,0,176.152804628015,0,0,0,0,0,0,0,0,1.15822143852711,0.640142679214478,0,66.4187794029713,0,0,25.1735049188137,730.500562809408,6.03835782408714,0,311.991947382689,8.11051645874977,329.263550080359,2.17048335075378,134.454964250326
0,9.81578387320042,1.20113280415535,121.680541276932,1.75261791050434,0,0,0,0,2.13881003856659,0.704333618283272,1.8554493188858,0,0,0,2.7210041731596,18.2583313286304,36.8883756995201,984.047265246511,112.723821409047,4.76646134257317,12.8237249553204,0,1.338358938694,0,0,0,0,0,0,0,0,0.897804856300354,0,0,344.860090851784,24.3841704279184,17.2284433841705,0,55.4610710889101,43.9403758794069,0,480.860525265336,273.492366299033,0,927.768050253391,0,36.329841196537,19.09355661273,1018.43033960462,4.42589020729065,0,0,0,0,0,3.69888392090797,256.862851381302,0,30.5316619575024,0,49.9111131876707,31.0622271150351,1.91284285485744,4.66884630918503,0,0,0,0,0,114.802286624908,0,1129.30334587395,0,0,13.699599608779,0,0,1980.71551340818,91.0406634956598,1340.79656532407,0,1120.45554855466,17.4932223409414,3650.16401340067,1423.7813488543,6.475083142519
14.7880098670721,0.287272781133652,248.995101839304,0,8.62667970359325,0,0,0,218.200063064694,0,109.81141410768,0,0,0,0,0,17.6133185476065,9.86377657949924,600.237919829786,0.261337488889694,393.496039494872,0,0,0,2.62879133224487,0,0,0,0.42138797044754,0,6.05909617245197,0,24.8198046535254,0,3.20908564329147,8.66798767447472,225.023279599845,0.794620990753174,9.39480422437191,0,1143.73618385196,480.860525265336,0,4.00710010528564,2.56084358692169,13.8547719568014,5.34760707616806,595.500334456563,1714.47383934259,15.4430074691772,75.0196898728609,0,0,0,16.6308829188347,0,176.243876516819,0,0,0,0,0,2.20605754852295,420.44715231657,0,3.58384211361408,0,0,0,0,0,23.7557330131531,2.04541015625,49.5213965922594,0,486.524522826076,0,5.36758929491043,11.0651637017727,1247.80132347345,3.67613169550896,14.5747081041336,2492.79821485281,27.6802186220884,3684.81642469764,0.559261158108711,1287.71721643209
0,0.208916217088699,0,0,0,0,0,0,0,0,0,0,0,0,0,0,4.17703458666801,4.15086284279823,192.187001988292,3.50970710813999,0,0,0,0,0,0,0,0,0,0,0,0,0,0,0,33.7771558463573,1.53898465633392,0,0,2.41859695315361,7.81643569469452,273.492366299033,4.00710010528564,0,0,62.5223695933819,0,0.786274552345276,0,42.9695243239403,0,0,0,0,0,0,0,0,0,0,0,0,2.16777682304382,0,0,0,0,0,0,0,0,0,3.1827887147665,0,0,0,0,0,137.025403782725,2.82819032669067,30.3411242961884,0,234.386860311031,0.265746414661407,130.842672452331,10.4100142717361,0
0,0,0.239263981580734,0,0,0,0,0,0,0,11.9209460020065,0,0,0,0,0,0,0,1.18030560016632,0,9.5837610065937,0,0,0,0,0,0,0,0,0,0,0,0,0,0,0,0.59730851650238,0,0,0,0,0,2.56084358692169,0,0,0,0,0,0,0,0,0,0,0,0,0,1.66141065955162,0,0,0,0,0,0,9.64649331569672,0,0,0,0,0,0,0,0,0,0,0,0,0,0,0,0,0,1.03744268417358,0.791565448045731,0,19.7015039026737,0,15.0169682502747
0,0,4.08557564020157,5.60770118236542,12.9414823055267,0,0,0,0.343079298734665,0,6.02167975902557,6.42674577236176,0,0,0,6.76916734874249,9.48283430933952,5.23881974816322,263.221247941256,314.567685648799,16.17457921803,1.5244046151638,0,0.196335136890411,0,0,0,0,0,0,0,0,0,0,0,501.998958989978,31.1213968992233,2.00911611318588,0,103.397360861301,13.2635441869497,927.768050253391,13.8547719568014,62.5223695933819,0,0,0.203602641820908,1.38008618354797,0.247434094548225,178.685998134315,7.17365162074566,0,0,0,0,0,6.89033907651901,64.6507379561663,0,11.7415610700846,0,34.7821486592293,437.373403742909,9.61164700984955,1.53152513504028,0,0,0,0,0,5.78563757240772,0.150019139051437,59.4505077153444,0.194370567798615,0,1.11007125675678,0,0,406.096812620759,57.3800127059221,118.509470656514,1.74894201755524,277.015671417117,2.88222655653954,729.889473319054,38.3950279057026,2.06003189086914
0,0,3.705959379673,0,8.0031521320343,0,0,0,0,0,55.6902274042368,0,0,0,0,0,0,2.50373271107674,30.2171144485474,0,473.415881462395,0,0,0,0,0,0,0,0,0,4.09172910451889,0,26.7709154710174,0,0,7.50245524942875,137.859314933419,0,0.399185389280319,48.0438974350691,248.42432577908,0,5.34760707616806,0,0,0.203602641820908,0,19.8772301524878,3.65728105604649,132.139159604907,6.42762886732817,0,0,0,0,0,64.659094914794,0,0,0,0,0,0,535.409564182162,0,0,0,0,0,0,0,0,0,0.722898207604885,0,90.2320867627859,0,0,2.47846746444702,1572.05992034078,2.91783404350281,20.0512898936868,80.9144737124443,1.8537965118885,432.679504558444,0.889078259468079,2.6606412678957
0,0,4.26306362450123,0,2.17043639719486,0,0,0,0,0,0.93267160654068,0,0,0,0,0,0,0.774468123912811,14.6998902410269,0,0.832595258951187,0.977915585041046,0,0,0,0,0,0,0,0,0,562.0059479177,3535.12414254248,1692.84689593315,640.193395763636,81.5437074154615,12.0557694807649,87.8984073698521,38.6144006848335,2185.8628256768,52.94482883811,36.329841196537,595.500334456563,0.786274552345276,0,1.38008618354797,19.8772301524878,0,1091.49852783978,2282.44813448191,1.85147868096828,0,0,0,0,0,1.33643460273743,0.942785307765007,0,0,0,0.190015137195587,76.5806986093521,1.66947926580906,0,0,0,0,0,0,0,0,0,0,5.99529981613159,569.32366015017,357.701102793217,301.868707850575,168.366646930575,130.71343152225,716.460810095072,37.8585474938154,3534.24905669689,28.0041705220938,693.5685685426,0,0.241014495491982
125.994797378778,0,37.373166128993,0,1.36101418733597,0,0,0,21.8841059654951,0,1.98476338386536,0,0,0,0,0,10.7271741628647,3.70598028600216,213.205948248506,3.23605969548225,9.82119542360306,0,36.6106006205082,0,127.749538630247,0,0,0,0,0,0,0,0,0,0.658462166786194,2.07936799526215,25.3708184659481,0,240.938970386982,0,316.682639092207,19.09355661273,1714.47383934259,0,0,0.247434094548225,3.65728105604649,1091.49852783978,0,3.60558214783669,8.10908782482147,0,0,0,34.8206916153431,0,108.381297290325,0,35.1176585555077,0,76.6063561439514,0,0,6.29695935547352,0,30.5646753758192,0,49.039294719696,0,12.6373425871134,0,122.929558113217,0.177722990512848,72.3645276129246,0,143.835883595049,0,1.24970534443855,11.9945266246796,233.601794034243,1.61003065109253,1782.86699976027,1004.75891567767,1.9149058163166,1374.61729875207,2.68316340446472,9.94361460208893
0,271.185838356614,22.1840333640575,163.309604242444,24.88608700037,0,0,0,0,3.48234671354294,5.65664300322533,0.576734408736229,0,20.3938564360142,0,75.3023616522551,0.180093795061111,0.395638078451157,22.9366358071566,11.728183016181,8.08954991400242,407.077147185802,0.484983533620834,2.67050592601299,0,5.89619311690331,0,0,0,0,0,144.882675588131,51.7374317646027,1.46141892671585,4.39625912904739,55.4704526215792,75.5853439047933,179.508899644017,0,3084.86784344912,32.4233051538467,1018.43033960462,15.4430074691772,42.9695243239403,0,178.685998134315,132.139159604907,2282.44813448191,3.60558214783669,0,11.2403039485216,0,0,0,0,0,8.51019725203514,174.527044981718,0,79.2126209586859,0,141.942274436355,132.470963999629,16.1645402610302,247.414775758982,0,30.8683287501335,0,167.146051004529,0,289.113667562604,0,195.306036695838,0,0,28.0810027718544,1.43642085790634,0,179.175029471517,124.5844579041,840.273575887084,1.0425877571106,520.488362953067,17.7748949229717,1040.16631276906,31.7044791430235,5.78667747974396
0,0,32.4791963547468,0,389.006530314684,0,14.8606281280518,0,31.1844699978828,0,9.97147697210312,0,45.6423032283783,0,7.01070046424866,0,0,0,4.00701908767223,0,18.1357622295618,0,0,0,0,0,0,0,0.436993598937988,0,2.53984412550926,0,0.228086546063423,0,0,0.592011749744415,5.24441236257553,0.131958693265915,0,2.55681739747524,2.07713830471039,4.42589020729065,75.0196898728609,0,0,7.17365162074566,6.42762886732817,1.85147868096828,8.10908782482147,11.2403039485216,0,0,16.1507878899574,0,136.357537031174,0,60.9153011292219,0.304193407297134,25.3823067545891,0,13.577756434679,0,0.116008758544922,25.8132926002145,0,0,0,0,0,0,0.132018744945526,0.530233561992645,0.437807857990265,0.889209300279617,0,0,0,0,1.07813847064972,14.8708645328879,0,4.19720116257668,67.6502543389797,0,150.642992474139,0,20.5893232822418
0,0,0,0,0,39.3800393939018,0,0,0,0,0,0.456029146909714,0,0,0,7.8784541785717,0,0,0,17.4615783989429,0,0,0,0,0,0,0,0,0,0,0,0,0,0,0,0,0,0,0,0,0,0,0,0,0,0,0,0,0,0,0,0,0,0,0,0,0,0,0,24.3237588405609,0,120.704188585281,0.737890481948853,0,0,0,0,0,0,0,0,0,0,0,0,0,0,0,0,0,0,0,0,0,10.3940965235233,0,0
0,0,0,0,37.6672751903534,0,181.109819114208,0,0,0,186.635733246803,0,0,0,0,0,0,0,0,0,74.765969067812,0,0,0,0,0,0,0,0,0,0,0,0,0,0,0,0,0,0,0,0,0,0,0,0,0,0,0,0,0,16.1507878899574,0,0,0,0,0,78.7507244944572,0,0,0,0,0,0,0.630166679620743,0,0,0,0,0,0,0,0,0,0,0,0,0,0,0,0,0,0,41.8375908136368,0,0,0,0
0,0,0,0,0,0,0,3,0,0,0,0,0,20.1751635074615,0,0,0,0,0,0,0,0,0,0,0,0,0,0,0,0,0,0,0,0,0,0.216730132699013,0,0,0,0.211597889661789,0,0,0,0,0,0,0,0,0,0,0,0,0,0,0,0,0,4.31659799814224,0,69.2513102889061,0,0,0.974269509315491,0,0,0,0,0,0,0,0,0,0.302087366580963,0,0,0,0,0,0,0,0,0,4,0,0,0,0
371.839379072189,0,370.978217765689,0,27.4680236577988,0,0,0,588.367838025093,0,0,0,0,0,11.8941060304642,0,4.9039166867733,0,0,0,0,0,0,0,31.5129886865616,0,0,0,0,0,0,0,0,0,0,0,0,0,0,0,0,0,16.6308829188347,0,0,0,0,0,34.8206916153431,0,136.357537031174,0,0,0,0,0,0,0,15.9363231062889,0,55.4605577290058,0,0,0,0,0,0,59.2141627073288,0,0.395279169082642,0,0,0,0,0,0,0,0,0,0,0,0,109.549932807684,0,45.7908867150545,0,0
0,125.612881958485,0,0,0,0,0,0,0,819.761309430003,0,0,0,0,0,123.731716796756,0,0,0,0,0,0,0,27.9941201806068,0,0,0,0,0,0,0,0,0,0,0,0,0,19.7139559984207,0,0,0,0,0,0,0,0,0,0,0,0,0,0,0,0,0,0,0,0,0,0,0,72.7443198263645,0,0,0,0,242.317489087582,0,0,0,0,0,0,0,0,0,0,0,0,0,24.1347695589066,0,206.22606548667,0.625688940286636,0,0,0
0,0,34.8788956701756,0,12.086725845933,0,80.2781657129526,0,1.1551331281662,0,1735.54147675633,0,15.3769959211349,0,0,0,5.32516580820084,0.59913732111454,63.0635289847851,0,785.200232841074,0,12.5085529983044,0,1.45260006189346,0,0,0,12.7862137258053,0,266.945651173592,0,1.76800175756216,0,0,0,52.171774327755,1.40032720565796,66.5417523086071,0.659740149974823,18.8933085352182,3.69888392090797,176.243876516819,0,1.66141065955162,6.89033907651901,64.659094914794,1.33643460273743,108.381297290325,8.51019725203514,60.9153011292219,0,78.7507244944572,0,0,0,0,0.80267858505249,17.4215244650841,0,0,0,0,276.290513575077,0,88.3751053214073,0,6.02365750074387,0,89.9247939586639,0,496.583728052676,0.298714429140091,394.977791368961,0,23.2830614000559,0,0,1.48374012112617,120.243814989924,0.942369922995567,191.570557266474,168.077826023102,3.12100127339363,847.70176333189,0,82.2095461636782
0,0.27011176943779,0,4.21746189892292,1.89398762583733,5.34673674404621,0,0,0.260793000459671,1.39359219372272,1.03957235813141,1509.02471359074,0,11.3141302168369,0,11.007292330265,0,0,5.17065462470055,316.471843749285,0,32.9969727098942,0,0,0,0,0,0,0,72.6118499785662,0,0,0,0,0,38.665265828371,0,36.9360965937376,0,23.4094545394182,0,256.862851381302,0,0,0,64.6507379561663,0,0.942785307765007,0,174.527044981718,0.304193407297134,0,0,4.31659799814224,0,0,0.80267858505249,0,0,430.394521832466,0,30.4681354910135,771.725264012814,0.149240747094154,12.5815631300211,0,0.476735070347786,0,17.2461108267307,0,377.458407640457,0,335.085062980652,0,0,0,0,0,20.5948346704245,1.4612335562706,33.5504884421825,0,348.509493477643,0,298.847709804773,14.3972973823547,0
5.15111339092255,0,0.581836760044098,0,58.5324738025665,0,23.341543674469,0,20.3800089359283,0,20.2343386411667,0,823.729325860739,0,58.8551275730133,0,0,0,0,0,0,0,0,0,0,0,0,0,0,0,0,0,0,0,0,0,0,0,0,0,0,0,0,0,0,0,0,0,35.1176585555077,0,25.3823067545891,0,0,0,15.9363231062889,0,17.4215244650841,0,0,0,45.8970775604248,0,0,0,0,0,0,0,0,0,0,4.73241233825684,0,0,0,0,0,0,0,0,0,0,43.3165897130966,0,2.17266023159027,0,0
0,0,0,0.284977197647095,0,4.30492380261421,0,0,0,0.472386717796326,0,110.432421445847,0,590.165697023273,0,27.2974303662777,0,0,0.324582934379578,24.6089156866074,0,14.8050772845745,0.63608705997467,1.36389991641045,0,0,0,0,0,0,0,0,0,0,0,20.0011689960957,1.4625598192215,2.39719945192337,0,17.3389057666063,0,30.5316619575024,0,0,0,11.7415610700846,0,0,0,79.2126209586859,0,24.3237588405609,0,69.2513102889061,0,0,0,430.394521832466,0,0,0,143.209086939692,127.659950703382,0,8.59673792123795,0,14.4760797023773,0,114.964783757925,0,229.341555982828,0,2.41439227759838,0,0,0,0,0,2.83579514920712,0.908778250217438,0,0,54.6522327363491,0,184.846975535154,0,0
50.8422404527664,0,0,0,0.868750095367432,0,0,0,84.0651359260082,0,0,0,6.79631102085114,0,214.598561584949,0,84.7605118155479,2.24578803777695,1.80367904901505,0,0,0,17.1984610408545,0,5.20106494426727,0,134.743014454842,0,0,0,0,0,0,0,0,0,0,0,0,0,0,0,0,0,0,0,0,0,76.6063561439514,0,13.577756434679,0,0,0,55.4605577290058,0,0,0,45.8970775604248,0,0,0,0,0,0,2.77142336964607,0,5.12058568000793,0,45.3076032400131,0,0,0,0,0,0,0,0,0,0,0,0,150.149656370282,10.5378826856613,0,0,0
0,49.2444471269846,0,2.39900334179401,1.48991417884827,16.6922711133957,0,0,0,68.2197852730751,0,0,0,3.93686637282372,0,334.116876110435,0.156658366322517,0,0.433259859681129,0,0.572888910770416,1.63896594941616,0,20.725646302104,0,5.47505241632462,0,0,0,0,0,0,0,0,0,5.9269196242094,3.24555814266205,0,0,6.07637241482735,0.288208425045013,49.9111131876707,0,0,0,34.7821486592293,0,0.190015137195587,0,141.942274436355,0,120.704188585281,0,0,0,72.7443198263645,0,30.4681354910135,0,143.209086939692,0,0,28.0471215248108,0,0,0,34.4596055746078,0,13.7237569689751,0,0.594345033168793,0,12.7960422337055,0,0,0,0,0,0.632332861423492,0,8.63989612460136,0,23.0558414906263,0,209.041758134961,0,0
0,0,0,0,0,63.3182545900345,0,0,0,0.166636869311333,0,31.5976483970881,0,6.59553828835487,0,0.808292001485825,0,0,41.7485718131065,2468.70187154412,0,12.6454733461142,0,0,0,0,0,0,0,0,0,5.90602141618729,0,0,0,1027.7651764527,2.70796322822571,121.720482453704,0,865.281007856131,0,31.0622271150351,2.20605754852295,2.16777682304382,0,437.373403742909,0,76.5806986093521,0,132.470963999629,0.116008758544922,0.737890481948853,0,0.974269509315491,0,0,0,771.725264012814,0,127.659950703382,0,28.0471215248108,0,0,2.88747009634972,0,0.25997519493103,0,0.105375379323959,0,90.552357211709,0,201.536902859807,0,0,0,0,0,874.302602916956,0,336.030752912164,0,268.631831660867,0,87.2137632966042,0,0
0,0,19.7583391368389,0,63.9295853972435,0,38.8719599246979,0,0.969907313585281,0,67.9925216287374,0,0,0,0,0,0.945179760456085,0.510560005903244,80.1372546553612,0,1676.87266212702,0,2.86655022203922,0,0,0,0,0,1.92202401161194,0,11.8367478251457,0,1.9598376005888,0,0,2.78385177254677,506.088350072503,0,7.27019014954567,0.854708343744278,176.152804628015,1.91284285485744,420.44715231657,0,9.64649331569672,9.61164700984955,535.409564182162,1.66947926580906,6.29695935547352,16.1645402610302,25.8132926002145,0,0.630166679620743,0,0,0,276.290513575077,0.149240747094154,0,0,0,0,0,0,0,6.92824272811413,0,1.69275183975697,0,2.96182127296925,0,45.1819831728935,0,35.4077043682337,0,153.22972843796,0,0,2.52327552437782,1022.59662730247,0,31.84164083004,1076.40670535713,11.1790970116854,1020.14848077297,0,104.786236301064
0,0,0,0,0,0,0,0,0,0,0,0,0,0,0,0,3.11019587516785,66.6232176423073,0,0.182736352086067,0,5779.72689513862,73.3240942507982,60.2258458584547,0,96.3815163075924,0,4.31667482852936,0,0,0,0,0,0,0,0.133154064416885,0,225.565595954657,19.0361042320728,0,0,4.66884630918503,0,0,0,1.53152513504028,0,0,0,247.414775758982,0,0,0,0,0,0,0,12.5815631300211,0,8.59673792123795,0,0,2.88747009634972,0,0,33.2646541446447,260.313643947244,0,211.476120769978,0,95.3117650747299,0,16.9138939082623,0,0,0,0,0,0,0,322.873119547963,0,760.898758396506,164.776277780533,3.35590030252934,0.373772770166397,0
0,0,0.684618651866913,0,0.49591651558876,0,0,0,30.9947652816772,0,10.1736179292202,0,0,0,17.372526705265,0,292.237532347441,7.79547822475433,12.367913171649,0,16.008432790637,204.208449825644,6770.62379091978,0,56.3270724415779,0,673.574590682983,0,133.257361099124,0,0,0,0,0,0,0,0,0.386939138174057,233.673230051994,0,0,0,3.58384211361408,0,0,0,0,0,30.5646753758192,0,0,0,0,0,0,0,88.3751053214073,0,0,0,2.77142336964607,0,0,6.92824272811413,33.2646541446447,0,0,9.84106588363647,0,135.864365935326,0,623.234094619751,0,104.485125809908,0,0.250343546271324,0,0,0,1.883445084095,0,684.689886718988,484.702635616064,45.411823540926,11.0979666560888,0,0
0,1.90560546517372,0,0,0,0,0,0,0,177.885639131069,0,0,0,0,0,9.32209122180939,0,0,0,0,0,34.5632314383984,0,428.320923134685,0,85.0645203441381,0,0,0,0,0,0,0,0,0,0,0,77.0003867447376,0,0,0,0,0,0,0,0,0,0,0,30.8683287501335,0,0,0,0,0,242.317489087582,0,0.476735070347786,0,14.4760797023773,0,34.4596055746078,0.25997519493103,0,260.313643947244,0,0,0,257.91746096313,0,22.6840276420116,0,0,0,0,0,0,0,0,0,410.805777043104,0,5.12841242551804,0,3.26315188407898,0,0
