0,0,0.0104765142438758,0,0,0,0,0,0.0244929225721827,0,0,0,0,0,0,0,0.000390811878430366,4.36412755600121e-05,0.00111124633192656,0,3.97433811330896e-05,0,0,8.7821789021504e-05,0.00105846850122713,0,0,0,0,0,0,0,0,0,0,0,0,1.68268812606224e-05,0,0,0.00299894614408211,0.000104812123950706,0.00938223711947979,0,0,0,0.00843304123214647,0,0.0259376071664617,0,0,0,0,0,0.0174839648279047,0,0.00219010048212015,0,0.000378647872240198,0,0.0208671440825864,0,0,0.000544136280116655,0,0,9.03480565004962e-05,0.00103808649487485,0,0.000347883764079134,0,0,0,0.000798685679319974,0,0,0,0,3.27245235090805e-06,0.00282009798322808,3.98768794923751e-06,0.000196201583314087,0.0006424463215409,1.35712957776707e-05,0.0109149440349415,0,0.00283722428653619
0,0,0,0.0432444081797402,0,0,0,0,0,0.021810719911677,0,0,0,0,0,0.00033055995623492,0,0,0.000670169382280845,0,0,0,0,4.45059758848766e-05,0,0,0,0,0,0,0,0,0,0,0,0,0,0,0,0.0021856593131466,0,0.0108142401491133,2.37194765633983e-05,0,0,0.000544217599693101,0,0,0,0.0194864069660447,0,0.00122275404232443,0,0,0,0.0844120335451446,0,0.000148343487626631,0,0,0,0.0294210795431869,8.25807431423179e-05,0,0,0,0,0,0,0,5.16291362504357e-05,0,3.73330192709818e-05,0,0,0,0,0,0.000905281033824027,0,1.34628852271043e-05,0,0.000718851118004554,5.44693301185049e-06,0.011433514291363,0.000211112344477085,0
0.0104765142438758,0,0,0.000236214823865544,0.0116265550785754,0,0,0,0.0116780354383692,0,0,0,0,0,0,0,1.03526009877703e-05,0,0.000146087874744491,0.0002206157821416,0.00402278755301299,0,0,0,0,0,0,0,0,0,0,0,0,0,0,0,7.39188341298636e-05,0,0,0,0.00722003236005238,8.26238178527047e-05,0.00754943543089135,0,0,6.15533363988591e-05,0.00506230013562111,0,0.011823005373854,0.000242603511229616,0.0074724479662742,0,0,0,0.0501081642110034,0,0.00365970780642808,0,0.0112148146173862,0,0,0,2.44251498613974e-05,0.000571548708195727,0,0,8.5763998013892e-05,0,0,0,0,0,2.65215707597984e-05,0.00152867418978003,0,0,0,0,0,0.00105350712302272,0,0.000270741637816365,0.00101449198585162,2.04776954780596e-05,0.0126034760580914,0,0.00626862331623323
0,0.0432444081797402,0.000236214823865544,0,0,0.0127335306027169,0,0,0,0.0123520122700826,0,0,0,0,0,0,6.11784567673972e-06,5.08380143298027e-05,0.00102627572697558,0.00520530759973617,0,0,0,0.0001262528411283,0,0,0,0,0,0,0,0,0,0,0,0.000602693416476996,0.000129949568447893,1.25132068099745e-05,0,0.0152377074693407,0.000535487797702457,0.0121580923893119,0.000326709092055527,0,0,0.00450248213969531,0.000363418498949587,0.000168253060969948,0,0.00585086399708631,0.000184641360273255,0.0323008280078984,0,0,0,0.000311355438994576,0.000122559678243364,0.0030738610102744,0.000113850714700404,0.00496543197065679,0,0.0125850130085542,0.000300545134338811,6.18887919931626e-05,0,0,0,0,0,0,7.75655202094473e-05,0,0.00442970828144973,0,0,0,0,0,0.00200659192238071,3.22015781901855e-05,0.000328864253507562,4.96321361280504e-06,0.00158291721478493,5.43123248060714e-05,0.0218275027636161,0.000219228891822137,0
0,0,0.0116265550785754,0,0,0,0.00458316102947721,0,0.00991518779744607,0,4.36641985017173e-05,0,0,0,0,0,0,7.76522919397286e-05,0,0,0.0347566505459174,0,0,0,0,0,0,0,0,0,0,0,0,0,0,0,0.000346184259244532,0,0,0,0.000423819258343003,0,0.000691050631690372,0,0,0,0.000144487448858069,0,0.000471814411603193,0,0.016082136026959,0,0,0,0.00132014360220353,0,0.000460552289647435,2.03309618012815e-05,0,0,0,0,0,0.00298430519426301,0,0,0,0,0,0,0,0,0,0.000297935929170717,0,0,0,0,0,0.000616552296148567,1.38508995271897e-05,4.83573467086861e-05,0.00277682177522088,0.000765255899759628,0.0017283234814224,0,0.00028832262517528
0,0,0,0.0127335306027169,0,0,0,0.000303150374240779,0,0,0,0.00138894601398674,0,0.00192406754008503,0,0.0010332492959859,0,0,0,0.0682112992642925,0,0,0,0,0,0,0,0,0,0,0,0,0,0,0,0.00152554673962634,0,0,0,0,0,5.07814302835462e-05,0,0,0,0,0,0,0,0.000215839358228002,0,0.0122151213598067,0,0.00228378522024925,0,0,0,2.08312828148711e-05,0,0.00139360448918327,0,0.00289800956258554,0.00472878582997971,0,0,0,0,0,0,0,0,0,0.000135068648040517,0,0,0,0,0,7.08514772018874e-05,0,0,0,0.00178130761220793,0.000237705083903088,0.006746022820623,0,0
0,0,0,0,0.00458316102947721,0,0,0,0,0,0.00558088867865641,0,0,0,0,0,0,0,0,0,0.0289688842258901,0,0,0,0,0,0,0,0,0,0,0,0,0,0,0,0,0,0,0,0,0,0,0,0,0,0,0,0,0,0.000111083679127922,0,0.0169358465961196,0,0,0,0.000156720311690729,0,0,0,0,0,0,0.00225901223145321,0,0,0,0,0,0,0,0,0,0,0,0,0,0,0,0,0,0,0.00110467227526799,1.34453330247197e-05,0,0,0
0,0,0,0,0,0.000303150374240779,0,0,0,0,0,0.00026460470855437,0,0,0,0,0,0,0,0.0216393160136649,0,0,0,0,0,0,0,0,0,0,0,0,0,0,0,5.40266532282399e-05,0,0,0,0,0,0,0,0,0,0,0,0,0,0,0,0,0,0.0254069519980747,0,0,0,0.00957319806867212,0,0,0,0,0.0150643145077692,0,0,0,0,0,0,0,0,0,0,0,0,0,0,0,0,0,0,0,0.000399292117550369,0,8.52520442987236e-05,0,0
0.0244929225721827,0,0.0116780354383692,0,0.00991518779744607,0,0,0,0,0.000247990107713654,0,0,0,0,0.0272800998503826,0,0.0139930140599332,0.00127512843554888,0.00710145083152481,0,0,0,0,0,0.0109573685685107,0,0.00182550621085706,0,0,0,0,0,0,0,0,0,0,0,0.00113870915410363,0.000108843618584514,0.000305263015721858,5.42791596658504e-05,0.0067658600023035,0,7.50715868541325e-05,0,0.000358266339134499,0,0.00112366069087146,0,0,0,0,0,0.148948733447503,0,0.000137654142562393,0,0,0,0.0654133039964472,0,0,0,0,0,0,0.00483213081894307,0,0.00307159287110369,0,0,0,0.000142453267159661,0,0,0,0,1.69004862222444e-05,9.18923960746553e-05,0,0.000712920334688511,0.00405559250774057,0,0.00252823641490971,0,0.01518303951159
0,0.021810719911677,0,0.0123520122700826,0,0,0,0,0.000247990107713654,0,0,0,0,0,0,0.00247680656847358,0.000223836200082766,0.00441091803107383,0.00419505857206988,0,0,0,0,0.00923417840951336,0,0,0,0,0,0,0,0,0,0,0,0,0,5.94855707537694e-05,0,0.000119793587594194,0,0.00182687435704313,0,0,0,0,0,0,0,0.00157605520151976,0,0.000249735608200581,0,0,0,0.0833442771380783,0,0.000990756887207747,0,0,0,0.00129790080773089,5.90205216680715e-05,0,0,0,0.00428353078519848,0,0,0,0,0,0.00129958105633025,0,0,0,0,0,2.43275325300153e-05,0,0.000957499245186324,0,0.00723029779992301,0.000530797353539508,0.00322012862709073,0.000107667602692214,0
0,0,0,0,4.36641985017173e-05,0,0.00558088867865641,0,0,0,0,0,0.0531227527411711,0,0,0,0,0,0,0,0.159696285052349,0,0,0,0,0,0,0,0,0,0.00158025410234802,0,0,0,0,0,0.00890858315561415,0,0.0277222200671767,0,0,0,0,0,0,0,0,0,0,0,0,0,0.0028266010060281,0,0,0,0.117077438125151,0,0.025190903592462,0,0,0,0,0.00649171749719466,0,0,0,0,0,0,0,0,0,0.000840168702661019,0,0,0,0,0,0.00736083368516342,0,0.0103730431223975,0.00521118505157762,3.25078508467413e-05,0,0,0
0,0,0,0,0,0.00138894601398674,0,0.00026460470855437,0,0,0,0,0,0.0385648575273776,0,0,0,0,0,0.128495029973198,0,0,0,0,0,0,0,0.0161984201689053,0,0.0111360903161227,0,0,0,0,0,0.0140705047384305,0,0.0257414283667871,0,0,0,0,0,0,0,0,0,0,0,0,0,0,0,0.00090655993697595,0,0,0,0.139867782540508,0,0.0926162671499182,0,0,0.0469376428904132,0,0,0,0,0,0,0,0.00659377869276231,0,0.0144036100934308,0,0,0,0,0,0.000749535274879822,0,0.00216147631102831,0,0.00254154044708873,0,0.000515115513022513,0,0
0,0,0,0,0,0,0,0,0,0,0.0531227527411711,0,0,0,0.0168039646113269,0,0,0,0,0,0,0,0,0,0,0,0,0,5.74118712393101e-05,0,0,0,0,0,0,0,0,0,0,0,0,0,0,0,0,0,0,0,0,0,0,0,0,0,0,0,0.00410256967661204,0,0.0603973666551151,0,0.000586244328735948,0,0,0,0,0,0,0,0,0,0,0,0,0,0,0,0,0,0,0,0,0,0.000250145969809149,0.000216638967683598,0,0,0
0,0,0,0,0,0.00192406754008503,0,0,0,0,0,0.0385648575273776,0,0,0,0.0282269806985242,0,0.0012977571024277,0,0,0,0,0,0,0,0,0,0.00530311422465485,0,0,0,0,0,0,0,0,0,0,0,0,0,0,0,0,0,0,0,0,0,0,0,0,0,0,0,0,0,0.00320504545505348,0,0.18105097853887,0,0.0492574630362166,0,0,0,0,0,0,0,0,0.0134071739400828,0,0,0,0,0,0,0,0,0,0,0,0.00264312307438338,0.00140862295359401,0,0,0
0,0,0,0,0,0,0,0,0.0272800998503826,0,0,0,0.0168039646113269,0,0,0,0.00239353320939233,0.000182630530890188,0,0,0,0,0,0,0.000556070351162585,0,0.0010862210739907,0,0,0,0,0,0,0,0,0,0,0,0,0,0,0,0,0,0,0,0,0,0,0,0,0,0,0,0.00770837754983288,0,2.37315558499383e-05,0,0.00353790679073286,0,0.0102789967491908,0,0,0,0,0,0,0,0,6.48014815761077e-05,0,0.000367613291018642,0,0,0,0,0,0,0,0,0,0,0.000287675975226499,0,0,0,0
0,0.00033055995623492,0,0,0,0.0010332492959859,0,0,0,0.00247680656847358,0,0,0,0.0282269806985242,0,0,6.97120207285122e-05,0.00249702012922315,0.000181876712066057,0,0,0,0,0.000129645993801161,0,0.0178644974454529,0,0,0,0,0,0,0,0,0,0,0,0,0,0,0,0,0,0,0,0,0,0,0,0,0,0,0,0,0,0.000378257609613519,0,0,0,0.0178103385103588,0,0.0936699870919147,0,0,0,0,0.000135954223091147,0,0.00451994591254557,0,0,0,0,0,0,0,0,0,0,0,0,0,0.00141405590224319,0.000904229278936191,0,0,0
0.000390811878430366,0,1.03526009877703e-05,6.11784567673972e-06,0,0,0,0,0.0139930140599332,0.000223836200082766,0,0,0,0,0.00239353320939233,6.97120207285122e-05,0,0.171505103456507,0.0613478445839581,0,0,4.40284648555217e-05,0.00100937931957889,0.0013472571692448,0.00793133567580992,0.000493468464432048,0.0107753734394099,0,0,0,0,0,0,0,0,0,0,0,0,0.00134874946035892,0.00210158919512772,0.000811274793863398,0.00341630817486109,0,1.89825520308107e-05,0,0.00163928228130877,0,0,5.21366715977668e-05,0,4.80479845382104e-06,0,0,0.001500055116812,5.91364090188513e-05,0.000301011873125509,2.69597294680346e-06,0,0,1.0506138417311e-05,0,3.37853576650676e-05,0.000172631019533798,0,0,0,0.00022237456723265,0,0.000553392864162105,0,0,0,0.000368064566236507,0,0,0,0,0.000354201701049982,0.00137329010661199,0,0.000198731872283728,0.0249135733999704,6.75032337290565e-05,0.00416165879238697,0,0.000869328238119934
4.36412755600121e-05,0,0,5.08380143298027e-05,7.76522919397286e-05,0,0,0,0.00127512843554888,0.00441091803107383,0,0,0,0.0012977571024277,0.000182630530890188,0.00249702012922315,0.171505103456507,0,0.0673459828462722,0,0,0.00991736451649606,4.32698570043111e-05,0.0108591144888049,0.0010256474436134,0.0888125341403083,0.00027840135365445,0.00140840392456621,0,0,0,0,0,0,0,0,0,0,0,0.00347722402001483,0.000757242048806581,0.00271050751651564,0.00178574013459004,0,3.54466631172388e-05,7.27498877083066e-05,0.000723238828699679,0,0,7.79281194985214e-05,0,0,0,0,0.000194280974756969,0.001722860177033,0.000162917704288715,9.41447990028543e-06,0,8.54944616415195e-05,0,0.000200130667979012,0.00015375575667242,3.98324361841905e-05,0.000601461549485397,0,0.000167662323332642,0.000105899934062063,0.00507212339326678,0,0.00257583427805882,0,1.08463098234981e-05,2.89081506206936e-05,0,0,0,0,0.000909347262961229,0.000453490807485825,6.59173713001389e-06,7.48680231394189e-05,0.0490251317743088,0.0168279345807254,0.00362130370656396,0.000181379554939003,0.00026819715650547
0.00111124633192656,0.000670169382280845,0.000146087874744491,0.00102627572697558,0,0,0,0,0.00710145083152481,0.00419505857206988,0,0,0,0,0,0.000181876712066057,0.0613478445839581,0.0673459828462722,0,0,1.16823870739261e-05,0,1.0245978479263e-05,0.00167262653550462,0.000810417824735534,0.000220877885060776,0.000359055220160343,0,0,0,0,0,0,0,0,3.44824473368433e-05,0,0,0,0.0523681624795765,0.0165380594621905,0.0431911633922403,0.0306669382594731,0,0.000279674504620867,0.0016461087777817,0.0140514398122099,0,2.99326774252807e-05,0.000306302070809483,6.70758207978748e-05,3.64631319776266e-05,0,0,1.24092034113621e-05,0.0002920430298265,0.00202292833761339,0.00323499806990192,5.90771550004868e-06,0,0,3.91778078912027e-05,0.00174050454653454,0.00131543374456501,0,0,0.000296919530235557,0,0,0,0,0,0.0025511473700634,0.00170628159709264,0,0,0,0,0.0126174579271459,0.00721938173849779,0.000763452637387536,0.00081776527818507,0.0223897775342485,4.35970864842672e-05,0.0645828301121302,0.0138177048587228,0.00688293538639878
0,0,0.0002206157821416,0.00520530759973617,0,0.0682112992642925,0,0.0216393160136649,0,0,0,0.128495029973198,0,0,0,0,0,0,0,0,0,0,0,0,0,0,0,0,0,9.95522021062824e-05,0,0,0,0,0,0.0256101414526667,0,0.00317839172994599,0,0.000490262269884221,0,0.000503141747842039,4.9903431977175e-05,0,0,0.000129798390725688,0,0,0,0.00026645802006061,0,0.00348870537646088,0,0,0,0,0,0.00838834417442451,0,0,0,0,0.0861950531250538,0,0,0,0,0,0,0,0,0,0.000467070800038313,0,0,0,0,0,0.00281365752301619,0,0.000653325009881499,0,0.00169849498524621,6.30851230571226e-05,0.00438166518254223,0,0
3.97433811330896e-05,0,0.00402278755301299,0,0.0347566505459174,0,0.0289688842258901,0,0,0,0.159696285052349,0,0,0,0,0,0,0,1.16823870739261e-05,0,0,0,0,0,0,0,0,0,0,0,0,0,0,0,0,0,0.0279882161165417,0,0.00448280206306332,0,0.000625530508873546,0,6.32921832161917e-05,0,0,0,0.00105064288391208,0,0.000172478289740728,0,0.0273102108234364,0,0.00612399883174955,0,0,0,0.0595983413578014,0,0,0,0,0,0,0.0502938239726352,0,0,0,0,0,0,0,0,0,0.00100124421241151,0,0,0,0,8.69414474060953e-06,0.0159976842710448,0,0.00196067230461214,0.00415588210363588,1.32561255264261e-05,0.00121892906463767,0,5.01626835959328e-05
0,0,0,0,0,0,0,0,0,0,0,0,0,0,0,0,4.40284648555217e-05,0.00991736451649606,0,0,0,0,0.0367768604528622,0.00957097201825424,0,0.00378981099496711,0,0.00036957827929735,0,0,0,0,0,0,0,0,0,0.0231608711641069,0.000836490333849003,0,0,1.33712551914143e-05,1.38964424485516e-05,0,0,0,0,0.000323550957986932,7.84743129279808e-05,0.000332648881733053,0,0,0,0,0,0,0,0,0,0,0,0,0,0,0.113797611303879,0.00862549309450971,0.00148980564884744,0,0.000395168264925079,0,0.00300723560299196,0,0,0,0,0,1.30932533967524e-05,0,0,0,0.0083802725298299,0.000229165463137383,0.00997694146519656,0.000427981920692868,0.000102763926933857,0,0
0,0,0,0,0,0,0,0,0,0,0,0,0,0,0,0,0.00100937931957889,4.32698570043111e-05,1.0245978479263e-05,0,0,0.0367768604528622,0,0.000193578831935595,0.00971177621096742,0,0.00237542028427192,0,0.00434046738915132,0,0,0,0,0,0,0,0,0.00144260940628873,0.0134610568555794,0,0,0,0,0,0,0,0,0,0.000650256309592812,0,0,0,0,0,0,0,0,0,0,0,0,0,0,0,0.00149859277558278,0.126826103714026,0,0.00284030841957399,0,0.00933935937173631,0,0.00415519791029988,0,0,0,0,1.65817462822663e-05,0,0,0,0.000201254001560654,0.00182976828421784,0.0084470573895083,0.0015100148720653,0,0,0
8.7821789021504e-05,4.45059758848766e-05,0,0.0001262528411283,0,0,0,0,0,0.00923417840951336,0,0,0,0,0,0.000129645993801161,0.0013472571692448,0.0108591144888049,0.00167262653550462,0,0,0.00957097201825424,0.000193578831935595,0,0,0.101197308931874,0,0,0,0,0,0,0,0,0,0,0,0.0065115621959889,0,0,0,0.000655751142609783,0,0,0,0,0,0,0,9.84646168501065e-05,0,0,0,0,0,0.0121043736503889,0,0,0,0,0,0,0,0,0.00107913661460797,0,0.0899727959317534,0,0.0121145688439242,0,0,0,0,0,0,0,0,0,0,0,0.00335771960939649,0,0.00325998543926085,4.42032371703472e-05,0.000355205454030183,0,0
0.00105846850122713,0,0,0,0,0,0,0,0.0109573685685107,0,0,0,0,0,0.000556070351162585,0,0.00793133567580992,0.0010256474436134,0.000810417824735534,0,0,0,0.00971177621096742,0,0,0,0.0136315126363531,0,0,0,0,0,0,0,0,0,0,0,0.00267136847000481,0,0.000103567735836268,0,0.000128424331633514,0,0,0,7.20602663830446e-05,0,0.00411735351064953,0,0,0,0,0,0.0034486909668077,0,1.29042600002813e-05,0,0,0,0.000307872918473895,0,0,0,0,0.00359807250666417,0,0.120955333905468,0,0.0497053121646541,0,0,0,3.87715086368834e-05,0,0,0,0,1.45671395618993e-06,2.62478722091514e-06,0,0.000214913624661524,0.000514777662386996,0,0.000889429942305385,0,0.000176893879658795
0,0,0,0,0,0,0,0,0,0,0,0,0,0,0,0.0178644974454529,0.000493468464432048,0.0888125341403083,0.000220877885060776,0,0,0.00378981099496711,0,0.101197308931874,0,0,0,0.0140412997464628,0,0,0,0,0,0,0,0,0,0,0,0,0,0,0,0,0,0,0,0,0,0,0,0,0,0,0,0,0,0,0,0,0,0.000276694521388822,0,0,0.00625070709539563,0,0.0235004245257117,0,0.0309274786084476,0,0,0,0,0,0,0,0,0,0,0,0,0,0.000433398390740868,0,0,0,0
0,0,0,0,0,0,0,0,0.00182550621085706,0,0,0,0,0,0.0010862210739907,0,0.0107753734394099,0.00027840135365445,0.000359055220160343,0,0,0,0.00237542028427192,0,0.0136315126363531,0,0,0,0,0,0,0,0,0,0,0,0,0,0,0,0,0,0,0,0,0,4.0597258153083e-05,0,0,0,0,0,0,0,0,0,0,0,0,0,0,0,0,0,0,0.000282833537892142,0,0,0,0.0413073699939178,0,0,0,0,0,0,0,0,0,0,0,0,0.000596187683944388,0,0,0,0
0,0,0,0,0,0,0,0,0,0,0,0.0161984201689053,0,0.00530311422465485,0,0,0,0.00140840392456621,0,0,0,0.00036957827929735,0,0,0,0.0140412997464628,0,0,0,0.0145906419806508,0,0,0,0,0,0,0,0.00391716404337184,0,0,0,0,0,0,0,0,0,0,0,0,0,0,0,0,0,0,0,0.00467854306756224,0,0.00663836776318327,0,0,0,0,0.000303180430061152,0,0,0,0.00856229644446195,0,0.169854956263074,0,0.00514069136013987,0,0,0,0,0,0,0,0.000979106902623571,0,0.00192047962027325,2.83714191368222e-05,0,0,0
0,0,0,0,0,0,0,0,0,0,0,0,5.74118712393101e-05,0,0,0,0,0,0,0,0,0,0.00434046738915132,0,0,0,0,0,0,0,0.00584816427352459,0,0,0,0,0,0,0,0.000702951443171199,0,0,0,0,0,0,0,0,0,0,0,0,0,0,0,0,0,0,0,0,0,0,0,0,0,0,0,0,0,0,0,0,0.0576498844766131,0,0.00854710310456062,0,0,0,0,0,0,0,6.8624768218736e-05,0.00134842112284773,1.27369876281591e-05,0,0,0
0,0,0,0,0,0,0,0,0,0,0,0.0111360903161227,0,0,0,0,0,0,0,9.95522021062824e-05,0,0,0,0,0,0,0,0.0145906419806508,0,0,0,0,0,0,0,0,0,0.00512226346818066,0,0,0,0,0,0,0,0,0,0,0,0,0,0,0,0,0,0,0,0.00986249063301387,0,0,0,0,0.000357151860398364,0,0,0,0,0,0,0,0.0419928344925257,0,0.0717671926284662,0,0,0,0,0,0,0,0.000848872957108594,0,0.000416161700434248,0,0,0,0
0,0,0,0,0,0,0,0,0,0,0.00158025410234802,0,0,0,0,0,0,0,0,0,0,0,0,0,0,0,0,0,0.00584816427352459,0,0,0,0,0,0,0,0,0,0,0,0,0,0,0,0,0,0,0,0,0,0,0,0,0,0,0,0,0,0,0,0,0,0,0,0,0,0,0,0,0,0,0.0033112463425771,0,0.0848993261722202,0,0,0,0,0,0,0,0.0011021724656121,0.000276733619443085,0,0,0,0
0,0,0,0,0,0,0,0,0,0,0,0,0,0,0,0,0,0,0,0,0,0,0,0,0,0,0,0,0,0,0,0,0.24398692038303,0.0167170225022211,0.00223631885177881,0.00730113465704196,0.00272089376991142,0,0,0,0,0,0,0,0,0,0,0.254307637549002,0.00115721671323294,3.57710157192388e-05,0,0,0,0,0,0,0,0,0,0,0,0,0,0,0,0,0,0,0,0,0,0,0,0,0.127623321944647,0.185262191846083,0.00111335674131777,0.00396622041023709,0.004148170724646,0.00111180172008981,0,0,0.00132342981240828,0,0,0,0
0,0,0,0,0,0,0,0,0,0,0,0,0,0,0,0,0,0,0,0,0,0,0,0,0,0,0,0,0,0,0,0.24398692038303,0,0.0213998345827657,0.0172582536568047,0,0.00100180985743582,0,0,0,0,0,0,0,0,0,0,0.10230487317873,0.000104152589549149,0.000340764952953684,0,0,0,0,0,0,0,0,0,0,0,0,0,0,0,0,0,0,0,0,0,0,0,0,0.135032988418733,0.210342603579266,0.00610826094860994,0,0,0.004758101894261,0,0,0.00139197142146367,0,0,0,0
0,0,0,0,0,0,0,0,0,0,0,0,0,0,0,0,0,0,0,0,0,0,0,0,0,0,0,0,0,0,0,0.0167170225022211,0.0213998345827657,0,0.215014008684838,0.00440155708451442,0.00063904717427068,0.00163659300982479,0.00182218962203061,0,0,0,0,0,0,0,0,0.188690604068815,0.00282939834513533,0.000141229991417342,0,0,0,0,0,0,0,0,0,0,0,0,0,0,0,0,0,0,0,0,0,0,0,0,0.0023543244036162,0.00207091453773401,0.163318109012621,0.293545714727875,0.00115817309875703,0.000106523400870328,0.00199019597435917,0.00471361395447358,0.00234517755692711,3.13675286717169e-05,4.39758285464623e-05,0,0
0,0,0,0,0,0,0,0,0,0,0,0,0,0,0,0,0,0,0,0,0,0,0,0,0,0,0,0,0,0,0,0.00223631885177881,0.0172582536568047,0.215014008684838,0,0.000126618187634487,0.00694873293023217,0.0013154352085638,0.00229872543518685,0,0,0,4.04450244097718e-05,0,0,0,0,0.219666697104313,0.000169577952942774,0.000158275628415572,0,0,0,0,0,0,0,0,0,0,0,0,0,0,0,0,0,0,0,0,0,0,0,0,4.73871800434884e-05,0.00111150803813508,0.0930759516254122,0.134913376742687,0.000151297153477128,0.00588440250090219,0,0.00103271731195182,0.00106997318341095,0.000136058981625705,0,0,0
0,0,0,0.000602693416476996,0,0.00152554673962634,0,5.40266532282399e-05,0,0,0,0.0140705047384305,0,0,0,0,0,0,3.44824473368433e-05,0.0256101414526667,0,0,0,0,0,0,0,0,0,0,0,0.00730113465704196,0,0.00440155708451442,0.000126618187634487,0,0.0075849909263062,0.0237030329115933,7.02086785907604e-05,0.000347630495524003,0,0.000126686272635961,2.83600641890707e-06,0,0,0.00138621780950183,0,0.00247449023408545,0,0.000272752519422299,0,0.000277922441229843,0,0,0,0,0,0.0128950858528601,0,0,0,0,0.0415238188917696,0,0,0,0,0,0,0,0,0,3.77885501874555e-05,0,0.0108871496289504,0,0.0106543997428702,0.000968009350326323,0.0646169436098432,0.00220251481723392,0.00332850826937101,0,0.00440148082676042,9.46063333372998e-05,0.00304654686684008,0,0
0,0,7.39188341298636e-05,0.000129949568447893,0.000346184259244532,0,0,0,0,0,0.00890858315561415,0,0,0,0,0,0,0,0,0,0.0279882161165417,0,0,0,0,0,0,0,0,0,0,0.00272089376991142,0.00100180985743582,0.00063904717427068,0.00694873293023217,0.0075849909263062,0,0.000261616163303137,0.0158564117912915,0.000160469218043677,9.52108719727739e-05,1.2635738041794e-05,0.000120061175133936,0,0,2.40467880906474e-05,1.00528721128255e-05,6.71982299596515e-05,4.87744743270237e-05,3.71258121066676e-05,0.000150340641054612,0,0,0,0,0,0.000882738102975735,1.54672639283292e-05,5.63115098203761e-06,0,0,0,1.68337371795615e-05,0.0142308914787271,0,0,0,0,0,0,0,0,1.9676662349758e-05,1.43349519532073e-05,0.00286357122428734,0.000594822885572558,0.000260397299011544,0.00610025265161243,0.00211503099811733,0.077661685583779,0,0.0027640146362025,0.00741045200382995,0.00113336713846847,0.00105960136171889,0,0
1.68268812606224e-05,0,0,1.25132068099745e-05,0,0,0,0,0,5.94855707537694e-05,0,0.0257414283667871,0,0,0,0,0,0,0,0.00317839172994599,0,0.0231608711641069,0.00144260940628873,0.0065115621959889,0,0,0,0.00391716404337184,0,0.00512226346818066,0,0,0,0.00163659300982479,0.0013154352085638,0.0237030329115933,0.000261616163303137,0,0.011117712746648,0,0,0.000198051163080255,0.000197727402815082,0,0,5.46385750987706e-06,0,0.00717874274579187,0.00135238096320021,0.00413362876026745,0,0,0,0,0,1.47944388228285e-05,0,0.0160005439428123,0,0,0,0,0.0025261294702923,0,0.00813136413782065,0.000241416806212373,0.00483542326495408,0,7.25389483585717e-05,0,0.00510826608496911,0,0.00352518234793762,0,0,0,0.00334432796286874,0.00246071404235499,0.0137966622090678,0.000213259977189128,0.113950429600971,0.00564371320886202,0.00730267063518111,0.000815212572314058,0.00336441743786754,0,0
0,0,0,0,0,0,0,0,0.00113870915410363,0,0.0277222200671767,0,0,0,0,0,0,0,0,0,0.00448280206306332,0.000836490333849003,0.0134610568555794,0,0.00267136847000481,0,0,0,0.000702951443171199,0,0,0,0,0.00182218962203061,0.00229872543518685,7.02086785907604e-05,0.0158564117912915,0.011117712746648,0,0,0,8.46594628899476e-06,0.000134929567290982,0,0,0,0,0.0262322088846735,0.0144650258219578,9.24398608885144e-05,0,0,0,0,0.00189364990943613,0,0.0049726426392492,0,0,0,0,0,0,0.000608385752606037,4.56923190773774e-05,0.00886044197720016,1.29817739819961e-05,0.00674562893765223,0,0,0,0.00530214309820921,0,0.00238504644167172,0,0,2.96275532285219e-05,0.00267468702399441,0,0.00969759374892087,0.00110064439367856,0.11994559527215,0.00862196319338199,0.000222412572255545,0.00263270110107905,0,0
0,0.0021856593131466,0,0.0152377074693407,0,0,0,0,0.000108843618584514,0.000119793587594194,0,0,0,0,0,0,0.00134874946035892,0.00347722402001483,0.0523681624795765,0.000490262269884221,0,0,0,0,0,0,0,0,0,0,0,0,0,0,0,0.000347630495524003,0.000160469218043677,0,0,0,0.000708660367417375,0.090310601934801,0.00154971518281783,0,0.000122030251500802,0.0126370847797032,0.000301244426734973,0.00147328331783004,0,0.0202250080048264,0,0.000658663035887751,0,0,0,2.32109347532723e-05,7.75070621784743e-05,0.000691423834967544,0,0,0,7.99539578210627e-05,0.029595678688568,0,0,0,0,0,0,0,7.56871244733697e-06,0,0.000914434530115682,5.34308457207579e-05,0,0,0,0,0.00681212832867837,0.000193022890058731,0.000182779345647466,4.58548093129698e-05,0.00221868938258166,2.59843378448601e-05,0.0670839047818183,0.0248229265494575,0.000252658516439394
0.00299894614408211,0,0.00722003236005238,0.000535487797702457,0.000423819258343003,0,0,0,0.000305263015721858,0,0,0,0,0,0,0,0.00210158919512772,0.000757242048806581,0.0165380594621905,0,0.000625530508873546,0,0,0,0.000103567735836268,0,0,0,0,0,0,0,0,0,0,0,9.52108719727739e-05,0,0,0.000708660367417375,0,0.000439410750347686,0.0500325512216086,0,0.00244879205816047,5.70286868976358e-05,0.0175008688113532,5.93395411473637e-05,0.00559364412179773,0.000168086556315139,0.00854885830575145,0,0,0,0.000369853344088164,0,0.00247419869341291,4.44769036153118e-05,0.00113897356324353,0,0,0,0,0.0356276260699113,0,0,0,0,0,0,0,0,4.43268807744748e-05,0.00125973517445228,0,0,0,0,3.92402400633352e-05,0.0101225398903082,0,0.00155731267363737,0.00219397286491922,4.71249192363396e-05,0.0586450569815735,0,0.0122220566235905
0.000104812123950706,0.0108142401491133,8.26238178527047e-05,0.0121580923893119,0,5.07814302835462e-05,0,0,5.42791596658504e-05,0.00182687435704313,0,0,0,0,0,0,0.000811274793863398,0.00271050751651564,0.0431911633922403,0.000503141747842039,0,1.33712551914143e-05,0,0.000655751142609783,0,0,0,0,0,0,0,0,0,0,0,0.000126686272635961,1.2635738041794e-05,0.000198051163080255,8.46594628899476e-06,0.090310601934801,0.000439410750347686,0,0.0134605836126543,0,0.000172687238811515,0.00377144659815095,8.75200479191574e-05,0.000114207839990313,0.000397489641027705,0.0204244901607716,1.8164256929239e-05,0.00069459657245341,0,0,0,2.24387164637872e-05,3.70983503704229e-05,0.00851500758777395,0,0,0,0.000115538318030652,0.00325188803046441,0.000268654256319135,6.40162719601285e-06,0,0.000469372996730028,0,0,0,0,0,0.00401410313444968,4.370177145585e-05,0,0,0,0,0.00502650412556163,5.89129275165403e-05,0.000428569523262877,8.06455384507697e-06,0.00675493801234547,0.000206782360158598,0.1219372832337,0.0283809688896716,0.0001744718251248
0.00938223711947979,2.37194765633983e-05,0.00754943543089135,0.000326709092055527,0.000691050631690372,0,0,0,0.0067658600023035,0,0,0,0,0,0,0,0.00341630817486109,0.00178574013459004,0.0306669382594731,4.9903431977175e-05,6.32921832161917e-05,1.38964424485516e-05,0,0,0.000128424331633514,0,0,0,0,0,0,0,0,0,4.04450244097718e-05,2.83600641890707e-06,0.000120061175133936,0.000197727402815082,0.000134929567290982,0.00154971518281783,0.0500325512216086,0.0134605836126543,0,0,0.00839394472557524,4.77763444267144e-05,0.0179960661462476,0.0021863479652874,0.0348346309732603,0.00341862579817795,0.0025862296891194,1.37598822368039e-05,0,0,0.00106633707838736,0,0.018971502038699,0,0.00051875178758292,0,0.00011888027866061,1.95944789407217e-05,9.38307761013874e-05,0.00777143953431216,9.10119493336401e-06,0,2.73517634604677e-05,0,0,0,0,0,5.78046701728158e-06,0.00605441050302906,0,0,0,0,0.000127015988771655,0.00913350063827099,4.10739218171604e-05,0.00160223415027607,0.00789500263491211,0.000276381859428064,0.139334159883194,6.29229444676707e-05,0.0577947180503588
0,0,0,0,0,0,0,0,0,0,0,0,0,0,0,0,0,0,0,0,0,0,0,0,0,0,0,0,0,0,0,0,0,0,0,0,0,0,0,0,0,0,0,0,0,0,0,0,0,0,0,0,0,0,0,0,0,0,0,0,0,0,0,0,0,0,0,0,0,0,0,0,0,0,0,0,0,0,0,0,0,0,0,0,0,0,0
0,0,0,0,0,0,0,0,7.50715868541325e-05,0,0,0,0,0,0,0,1.89825520308107e-05,3.54466631172388e-05,0.000279674504620867,0,0,0,0,0,0,0,0,0,0,0,0,0,0,0,0,0,0,0,0,0.000122030251500802,0.00244879205816047,0.000172687238811515,0.00839394472557524,0,0,0,0.000696650428760186,0,0,5.2000798762622e-05,0,0,0,0,0,0,0,0,0,0,0,0,0,7.43395237252296e-05,0,0,0,0,0,0,0,0,0,2.23879882936193e-05,0,0,0,0,2.67425733525384e-05,0.000206568750162354,0,7.95694964397934e-06,0.000104851097410755,0,0.0040774611387709,0,0.00449136272021366
0,0.000544217599693101,6.15533363988591e-05,0.00450248213969531,0,0,0,0,0,0,0,0,0,0,0,0,0,7.27498877083066e-05,0.0016461087777817,0.000129798390725688,0,0,0,0,0,0,0,0,0,0,0,0,0,0,0,0.00138621780950183,2.40467880906474e-05,5.46385750987706e-06,0,0.0126370847797032,5.70286868976358e-05,0.00377144659815095,4.77763444267144e-05,0,0,0,4.16442745092746e-05,0.000414879085939223,8.90846474889189e-06,0.00431676408417013,7.75890575904301e-05,0,0,0,0,0,6.63133245713915e-05,0.000302689623444616,0,0,0,0.000265983949244059,0.0408550487987314,0.000115121852636565,0,0,0,0,0,0,0,0,0.000367084351543812,0,0,0,0,0,0.00565453865242944,1.72016085873252e-05,0.00290354297932778,1.07840769085306e-05,0.000315206732744511,9.73027889995559e-06,0.0233910962196835,0,0
0.00843304123214647,0,0.00506230013562111,0.000363418498949587,0.000144487448858069,0,0,0,0.000358266339134499,0,0,0,0,0,0,0,0.00163928228130877,0.000723238828699679,0.0140514398122099,0,0.00105064288391208,0,0,0,7.20602663830446e-05,0,4.0597258153083e-05,0,0,0,0,0,0,0,0,0,1.00528721128255e-05,0,0,0.000301244426734973,0.0175008688113532,8.75200479191574e-05,0.0179960661462476,0,0.000696650428760186,4.16442745092746e-05,0,5.68718625979176e-05,0.000975149674024841,0,0.000646627634611215,0,0,0,0.000315945532871918,0,0.00189426891239887,0,0.000122075826016384,0,0,0,0,0.0132895705007932,0,0,0,0,0,0,0,7.69230319096984e-06,6.41735496093319e-06,0.00113713968749473,0,0,0,0,3.05385184842875e-05,0.00565059990746059,0,0.00355466393824732,0.00246662434781195,3.16257324606179e-05,0.0153877492323861,0,0.00173720699804131
0,0,0,0.000168253060969948,0,0,0,0,0,0,0,0,0,0,0,0,0,0,0,0,0,0.000323550957986932,0,0,0,0,0,0,0,0,0,0.254307637549002,0.10230487317873,0.188690604068815,0.219666697104313,0.00247449023408545,6.71982299596515e-05,0.00717874274579187,0.0262322088846735,0.00147328331783004,5.93395411473637e-05,0.000114207839990313,0.0021863479652874,0,0,0.000414879085939223,5.68718625979176e-05,0,0.161790603016177,0.0434685163836876,1.90321920518568e-05,0,0,0,0,0,0,6.87194444012391e-06,0,0,0,3.07593421985304e-05,1.159574103448e-05,0,0.000171835952165537,0,0,0,0,0,0,0,1.12517561676275e-05,0,0.208108564226848,0.210972609725809,0.0158145017473754,0.0383815738257213,0.00396114533477054,0.000950889056996931,0.000842626988829147,0.00434718645151203,0.00899932031817393,0.000294987159701061,0.0104330078997817,0,0
0.0259376071664617,0,0.011823005373854,0,0.000471814411603193,0,0,0,0.00112366069087146,0,0,0,0,0,0,0,0,0,2.99326774252807e-05,0,0.000172478289740728,7.84743129279808e-05,0.000650256309592812,0,0.00411735351064953,0,0,0,0,0,0,0.00115721671323294,0.000104152589549149,0.00282939834513533,0.000169577952942774,0,4.87744743270237e-05,0.00135238096320021,0.0144650258219578,0,0.00559364412179773,0.000397489641027705,0.0348346309732603,0,0,8.90846474889189e-06,0.000975149674024841,0.161790603016177,0,0.0220979651990483,0.000688202600969893,0,0,0,0.00111559473226294,0,0.00146500725555784,0,0.000658962634050403,0,0.00501112908972647,0,0,0.000563873657460075,4.7717166009277e-05,0.00163845861766969,0.000204159625927144,0.00834844513644604,0,0.00155807327811078,0,0.00286431548792763,0,0.0001006078476592,0,0,0,0,0,0.00153821934652002,0.000295036390403472,0.0147443136614951,0.00625522129879952,1.36022323191536e-05,0.0219797777703505,0,0
0,0.0194864069660447,0.000242603511229616,0.00585086399708631,0,0.000215839358228002,0,0,0,0.00157605520151976,0,0,0,0,0,0,5.21366715977668e-05,7.79281194985214e-05,0.000306302070809483,0.00026645802006061,0,0.000332648881733053,0,9.84646168501065e-05,0,0,0,0,0,0,0,3.57710157192388e-05,0.000340764952953684,0.000141229991417342,0.000158275628415572,0.000272752519422299,3.71258121066676e-05,0.00413362876026745,9.24398608885144e-05,0.0202250080048264,0.000168086556315139,0.0204244901607716,0.00341862579817795,0,5.2000798762622e-05,0.00431676408417013,0,0.0434685163836876,0.0220979651990483,0,0.000250961942958895,0.000294457143374376,0,0,0,0.00190514293356805,2.45346986762086e-05,0.00992945699195769,0,0.000318895363771789,0,0.00317430282707137,0.000340368029826909,3.5150485159865e-05,0.00210872654704341,0,0.00019169078613409,0,0.00708657035631543,0,0.0206480328891747,0,0.0119910166066543,0,0,0,0,0,0.00171519389976223,3.20845387989387e-05,0.00188687700598207,8.42102410591828e-05,0.00587525694271752,9.69880668215482e-05,0.035243191514035,0,0.000111446144613905
0,0,0.0074724479662742,0.000184641360273255,0.016082136026959,0,0.000111083679127922,0,0,0,0,0,0,0,0,0,0,0,6.70758207978748e-05,0,0.0273102108234364,0,0,0,0,0,0,0,0,0,0,0,0,0,0,0,0.000150340641054612,0,0,0,0.00854885830575145,1.8164256929239e-05,0.0025862296891194,0,0,7.75890575904301e-05,0.000646627634611215,1.90321920518568e-05,0.000688202600969893,0.000250961942958895,0,0,0,0,0,0,0.00147444651279605,0,1.16733170652338e-05,0,0.00684075787778029,0,0,0.0184626551897304,0,0,0,0,0,0,0,0,0,0.000313590845831656,0,0,0,0,3.21525620276429e-06,0.000489553969761413,0,0.000115909869943597,0.000590719459624813,2.10324514765255e-05,0.0105507588650728,0,0.00126293250302026
0,0.00122275404232443,0,0.0323008280078984,0,0.0122151213598067,0,0,0,0.000249735608200581,0,0,0,0,0,0,4.80479845382104e-06,0,3.64631319776266e-05,0.00348870537646088,0,0,0,0,0,0,0,0,0,0,0,0,0,0,0,0.000277922441229843,0,0,0,0.000658663035887751,0,0.00069459657245341,1.37598822368039e-05,0,0,0,0,0,0,0.000294457143374376,0,0,0,0,0,0,2.8477319962545e-05,0.000435250730928716,0,0,0,0,5.21312596202448e-05,0,0,0,0,0,0,0,0,0,0.000885479019918812,0,0,0,0,0,0.000261785483934134,0,3.40047072744621e-05,0,0.000109157929145502,0,0.00100559279370606,0,0
0,0,0,0,0,0,0.0169358465961196,0,0,0,0.0028266010060281,0,0,0,0,0,0,0,0,0,0.00612399883174955,0,0,0,0,0,0,0,0,0,0,0,0,0,0,0,0,0,0,0,0,0,0,0,0,0,0,0,0,0,0,0,0,0,0,0,0.00149603078595403,0,0,0,0,0,0,0.00188543992920167,0,0,0,0,0,0,0,0,0,0,0,0,0,0,0,0,0,0,0.000310087425919994,0,0,0,0
0,0,0,0,0,0.00228378522024925,0,0.0254069519980747,0,0,0,0.00090655993697595,0,0,0,0,0,0,0,0,0,0,0,0,0,0,0,0,0,0,0,0,0,0,0,0,0,0,0,0,0,0,0,0,0,0,0,0,0,0,0,0,0,0,0,0,0,0.0228111014344848,0,0.000735338447427262,0,0,5.8301151858336e-05,0,0,0,0,0,0,0,0,0,0,0,0,0,0,0,0,0,0,0,0.00129629969232549,0,0,0,0
0.0174839648279047,0,0.0501081642110034,0,0.00132014360220353,0,0,0,0.148948733447503,0,0,0,0,0,0.00770837754983288,0,0.001500055116812,0.000194280974756969,1.24092034113621e-05,0,0,0,0,0,0.0034486909668077,0,0,0,0,0,0,0,0,0,0,0,0,0,0.00189364990943613,0,0.000369853344088164,0,0.00106633707838736,0,0,0,0.000315945532871918,0,0.00111559473226294,0,0,0,0,0,0,0,0.00066719208689089,0,0,0,0.0693554292661737,0,0,1.42152701524192e-05,0,0,0,0.0266590192128037,0,0.015550299548219,0,0,0,0.00017219285600021,0,0,0,0,0,0.000190690487566698,0,0.00448387002923369,0.00032962041018157,0,0.00203740099475208,0,0.00701076011240479
0,0.0844120335451446,0,0.000311355438994576,0,0,0,0,0,0.0833442771380783,0,0,0,0,0,0.000378257609613519,5.91364090188513e-05,0.001722860177033,0.0002920430298265,0,0,0,0,0.0121043736503889,0,0,0,0,0,0,0,0,0,0,0,0,0,1.47944388228285e-05,0,2.32109347532723e-05,0,2.24387164637872e-05,0,0,0,0,0,0,0,0.00190514293356805,0,0,0,0,0,0,0,7.89266896857673e-05,0,0,0,0.00461524176857598,0,0,0,0,0.0452239589819144,0,0.000216838865194025,0,0,0,6.79625565706945e-05,0,0,0,0,0,0,0,0.000825578350979533,0,0.000329097121693873,0,0.00294949169198103,0,0
0.00219010048212015,0,0.00365970780642808,0.000122559678243364,0.000460552289647435,0,0.000156720311690729,0,0.000137654142562393,0,0.117077438125151,0,0.00410256967661204,0,2.37315558499383e-05,0,0.000301011873125509,0.000162917704288715,0.00202292833761339,0,0.0595983413578014,0,0,0,1.29042600002813e-05,0,0,0,0,0,0,0,0,0,0,0,0.000882738102975735,0,0.0049726426392492,7.75070621784743e-05,0.00247419869341291,3.70983503704229e-05,0.018971502038699,0,0,6.63133245713915e-05,0.00189426891239887,0,0.00146500725555784,2.45346986762086e-05,0.00147444651279605,2.8477319962545e-05,0.00149603078595403,0,0.00066719208689089,0,0,0,0.00621535397362589,0,0.00422786689146809,0,0,0.0394238239806569,0,0,0,0,0,0,0,0.000516627203534456,7.66404194909871e-06,0.0305092193942388,0,0,0,0,4.0059779444621e-06,0.00102738496856192,7.79520036090593e-06,0.00241458950722348,0.0053264607945248,1.60903752455786e-05,0.0297128484515432,0,0.00850909657482206
0,0.000148343487626631,0,0.0030738610102744,2.03309618012815e-05,2.08312828148711e-05,0,0.00957319806867212,0,0.000990756887207747,0,0.139867782540508,0,0.00320504545505348,0,0,2.69597294680346e-06,9.41447990028543e-06,0.00323499806990192,0.00838834417442451,0,0,0,0,0,0,0,0.00467854306756224,0,0.00986249063301387,0,0,0,0,0,0.0128950858528601,1.54672639283292e-05,0.0160005439428123,0,0.000691423834967544,4.44769036153118e-05,0.00851500758777395,0,0,0,0.000302689623444616,0,6.87194444012391e-06,0,0.00992945699195769,0,0.000435250730928716,0,0.0228111014344848,0,7.89266896857673e-05,0,0,0,0.0183246764552919,0,0.000121260238165757,0.0156061682418783,0,0.000219102866227377,0,0.000271780466482852,0,0.000894631551480315,0,0.028316514380682,0,0.0807743641742206,0,0,0,0,0,0.000892446385255865,3.63822049986238e-06,0.000903802782309905,0,0.00339939600048321,1.58928396203628e-05,0.024521885073753,0.00234338761971717,0
0.000378647872240198,0,0.0112148146173862,0.000113850714700404,0,0,0,0,0,0,0.025190903592462,0,0.0603973666551151,0,0.00353790679073286,0,0,0,5.90771550004868e-06,0,0,0,0,0,0,0,0,0,0,0,0,0,0,0,0,0,5.63115098203761e-06,0,0,0,0.00113897356324353,0,0.00051875178758292,0,0,0,0.000122075826016384,0,0.000658962634050403,0,1.16733170652338e-05,0,0,0,0,0,0.00621535397362589,0,0,0,0.0126942803037093,0,0,0.000132259310687757,0,0,0,0,0,0,0,0,0,0.000145438195673991,0,0,0,0,1.86596318716237e-05,0.000108877488197989,0,4.1272954036941e-05,0.000311621652380781,3.47772394995868e-05,0.00240869720687874,0,0
0,0,0,0.00496543197065679,0,0.00139360448918327,0,0,0,0,0,0.0926162671499182,0,0.18105097853887,0,0.0178103385103588,0,8.54944616415195e-05,0,0,0,0,0,0,0,0,0,0.00663836776318327,0,0,0,0,0,0,0,0,0,0,0,0,0,0,0,0,0,0,0,0,0,0.000318895363771789,0,0,0,0.000735338447427262,0,0,0,0.0183246764552919,0,0,0,0.0271680205699589,0,0,3.74210496949064e-05,0,6.2417468415311e-05,0,2.03464820161675e-05,0,0.00193169734799041,0,0,0,0,0,0,0,3.0454473868947e-06,0,0,0,0.00357764887687479,0.000217696480964645,8.19231633633191e-05,0,0
0.0208671440825864,0,0,0,0,0,0,0,0.0654133039964472,0,0,0,0.000586244328735948,0,0.0102789967491908,0,1.0506138417311e-05,0,0,0,0,0,0,0,0.000307872918473895,0,0,0,0,0,0,0,0,0,0,0,0,0,0,0,0,0,0.00011888027866061,0,0,0,0,0,0.00501112908972647,0,0.00684075787778029,0,0,0,0.0693554292661737,0,0.00422786689146809,0,0.0126942803037093,0,0,0,0,0,0,0,0,0.000842498793623211,0,0.00086494448259045,0,0,0,0,0,0,0,0,0,0,0,0,6.30065416419881e-05,0,0.000329585858681153,0,0
0,0.0294210795431869,0,0.0125850130085542,0,0.00289800956258554,0,0,0,0.00129790080773089,0,0,0,0.0492574630362166,0,0.0936699870919147,0,0.000200130667979012,3.91778078912027e-05,0,0,0,0,0,0,0.000276694521388822,0,0,0,0,0,0,0,0,0,0,0,0,0,7.99539578210627e-05,0,0.000115538318030652,1.95944789407217e-05,0,0,0.000265983949244059,0,3.07593421985304e-05,0,0.00317430282707137,0,0,0,0,0,0.00461524176857598,0,0.000121260238165757,0,0.0271680205699589,0,0,0,0,7.18504082716392e-05,0,0.00163568613291273,0,0.00575684187209416,0,0,0,9.69828576179422e-05,0,0,0,0,0,3.74541814795248e-05,0,0,0,0.000664353721305685,0.000326175400224367,0.000226704023156753,0,0
0,8.25807431423179e-05,2.44251498613974e-05,0.000300545134338811,0,0.00472878582997971,0,0.0150643145077692,0,5.90205216680715e-05,0,0.0469376428904132,0,0,0,0,3.37853576650676e-05,0.00015375575667242,0.00174050454653454,0.0861950531250538,0,0,0,0,0,0,0,0,0,0.000357151860398364,0,0,0,0,0,0.0415238188917696,1.68337371795615e-05,0.0025261294702923,0,0.029595678688568,0,0.00325188803046441,9.38307761013874e-05,0,0,0.0408550487987314,0,1.159574103448e-05,0,0.000340368029826909,0,5.21312596202448e-05,0,5.8301151858336e-05,0,0,0,0.0156061682418783,0,0,0,0,0,1.21968891812801e-05,0,0,0,0,0,0,3.92686727569383e-05,0,0.00382622595556943,0,0,0,0,0,0.00982806145447165,9.76757003717972e-06,0.00425843204436929,2.01862139624911e-06,0.00272472190048839,1.20260228772824e-05,0.0181543909283832,0.000135036314225087,0
