0,0,28.5660839080811,0,0,0,0,0,9.86144463880074,0,21.0334320068359,0,17.2926749229431,0,15.0090224092657,0,34.7267620298598,0,28.7480998039246,0,34.6065391540527,0,0,0,24.6932601996831,0,27.4010515213013,0,0,0,30.7965176900228,0,0,0,0,0,54.5961990356445,0,32.7178261235075,0,0,0,13.9454594971477,0,0,0,46.4514630635579,0,21.4633630209596,0,0,0,0,0,7.94046985564693,0,17.6567688337186,0,12.5988354531545,0,6.59088326424591,0,0,39.6282234191895,0,0,0,27.1105735978084,0,23.9870269030135,0,14.6543546466746,0,25.1239671171381,0,0,0,0,0,35.1621742248535,0,35.612482151515,16.8826709976196,46.5380115509033,15.9963800574458,0,0
0,0,0,6.2868366219332,0,10.9334806773974,0,0,0,12.9031792461793,0,0,0,0,0,5.08205650492412,0,0,23.979637704365,0,0,0,0,12.9044163865762,0,6.27008950645155,0,0,0,0,0,0,0,0,0,20.2534069861135,0,22.0773129549893,0,27.5200190607707,33.9153385162354,18.6787168202328,34.079174041748,46.7880077362061,24.0841033935547,24.4908052646116,34.3745547135671,0,115.459564208984,11.8438125349877,0,0,0,0,0,9.01515613905429,0,0,0,0,0,4.35706047554436,15.9815707400562,0,0,0,12.4348666220903,0,9.20142836514309,0,16.1660791238149,0,5.56800961494446,0,0,0,0,0,18.1759769225466,0,22.1606692208184,0,15.8605338180073,19.5496299743652,17.6485135741935,0,0
28.5660839080811,0,0,0,6.92415229304806,0,0,0,4.13130463163058,0,22.4651288986206,0,20.5532989501953,0,22.7742900848389,0,0,0,0,0,25.1124820709229,0,0,0,0,0,0,0,0,0,0,0,0,0,0,0,12.4611144527312,0,38.6728630065918,0,0,0,25.7318887710571,0,0,0,17.5645808795891,0,11.7207532687621,0,3.95400778790738,0,0,0,3.16237703888817,0,9.22426203489304,0,13.3630234191292,0,17.9391154050827,0,0,10.1239522525242,0,0,0,37.3733615875244,0,0,0,24.6309533119202,0,27.7976441383362,0,0,0,0,0,10.2380599445767,0,39.6106961568197,12.7387567035487,0,9.2561848157126,0,0
0,6.2868366219332,0,0,0,7.83865401479933,0,0,0,8.80042548899381,0,0,0,0,0,0,0,0,26.6571033477783,27.6357168900339,0,0,0,0,0,0,0,0,0,0,0,0,0,0,0,8.03091112607913,22.3234574454171,0,0,21.174620245257,33.7116470336914,24.6395736129916,36.2848403930664,0,0,17.4127356838283,32.5586427052816,0,0,18.7851213415464,0,5.50003094949119,0,0,0,4.98545110499273,0,3.23676433061299,0,0,0,0,14.9990703415697,0,0,0,0,0,30.900951385498,0,29.2424440383911,0,0,0,0,0,0,0,12.5033122884383,0,31.6244371908682,0,9.56502585516748,7.96176922948737,17.5486162595862,0,0
0,0,6.92415229304806,0,0,0,3.85891021170267,0,5.47141110897064,0,0,0,0,0,0,0,0,0,0,0,5.4635711312294,0,0,0,0,0,0,0,0,0,0,0,0,0,0,0,0,0,0,0,0,0,0,0,0,0,0,0,0,0,3.47769359729986,0,2.91387975215912,0,4.89398562908173,0,11.5180091583015,0,14.8010028925809,0,0,0,0,5.92592080434163,0,0,0,0,0,0,0,0,0,0,0,0,0,0,0,0,0,0,4.52994041236615,7.76180666685104,7.75298187255859,0,0
0,10.9334806773974,0,7.83865401479933,0,0,0,0,0,5.64477248986562,0,0,0,0,0,2.77302794022994,0,0,0,0,0,0,0,34.5292129516602,0,0,0,0,0,0,0,0,0,0,0,12.3584771185565,30.6925036112467,39.6864356994629,0,0,39.2180366516113,46.2379432678223,33.2998504638672,0,0,0,41.4764894757952,0,0,0,0,4.68287646958208,0,0,0,6.11778312854553,0,3.17231369018555,0,0,0,0,0,0,0,0,0,0,0,0,0,0,0,0,0,0,0,0,19.0374814271927,0,0,0,14.8421402944429,7.66747561584819,30.9603671980376,0,0
0,0,0,0,3.85891021170267,0,0,0,0,0,0,0,0,0,0,0,0,0,0,0,3.59752321243286,0,0,0,0,0,0,0,0,0,0,0,0,0,0,0,0,0,0,0,0,0,0,0,0,0,0,0,0,0,3.58554698715747,0,3.91942847103154,0,0,0,7.35738372802734,0,16.65989112854,0,0,0,0,0,0,0,0,0,0,0,0,0,0,0,0,0,0,0,0,0,0,0,3.71382531982202,0,0,0,0
0,0,0,0,0,0,0,0,0,0,0,0,0,0,0,0,0,0,0,0,0,0,0,0,0,0,0,0,0,0,0,0,0,0,0,0,0,0,0,0,0,0,0,0,0,0,0,0,0,0,0,0,0,3.0662899017334,0,0,0,0,0,2.81427343686422,0,0,0,0,0,0,0,0,0,0,0,0,0,0,0,0,0,0,0,0,0,0,3.12569923400879,0,0,0,0
9.86144463880074,0,4.13130463163058,0,5.47141110897064,0,0,0,0,0,21.6694107055664,0,23.3110983555134,0,6.39423661980223,0,20.8301345678476,0,8.98169496655464,0,31.2796173095703,0,0,0,23.5807017424942,0,11.7398502551592,0,0,0,29.7577629089355,0,0,0,0,0,47.0902080535889,0,35.6432937564272,0,0,48.1586780548096,17.4974777340626,0,20.4259811639786,0,21.9734622682844,0,20.9556405837383,0,0,0,0,0,6.18151969456857,0,18.0988429108182,0,17.2013067404429,0,7.74693397010304,0,0,38.394192088734,0,0,0,29.140808057785,0,15.4386865208658,0,23.2680933688549,0,24.8592380942368,0,0,0,0,0,40.5398928324381,0,37.8443738739446,5.07393603576741,20.1212078730265,17.2407901332861,0,20.8292210318825
0,12.9031792461793,0,8.80042548899381,0,5.64477248986562,0,0,0,0,0,0,0,0,0,3.86645102609782,0,0,17.7807727246671,0,0,0,0,10.4520622783381,0,9.0420805445369,0,0,0,0,0,0,0,0,0,21.3546285629272,32.6386108398438,14.7007822329316,0,61.0908355712891,39.388916015625,12.7547339982,40.4708307266235,0,39.1576309204102,0,39.5170888900757,0,0,17.6551254272461,0,5.46964157952203,0,0,0,4.14134863926638,0,0,0,0,0,4.3213529586792,0,0,0,0,10.9675536663806,0,17.099452495575,0,0,0,0,0,0,0,0,0,0,0,15.6356027010575,0,8.87112934849979,5.19178296089172,20.0783464441667,0,0
21.0334320068359,0,22.4651288986206,0,0,0,0,0,21.6694107055664,0,0,0,3.04443330168724,0,0,0,0,0,31.5787830352783,0,6.47691333801188,0,0,0,0,0,0,0,7.09900730133057,0,9.44097356796265,0,0,0,0,0,26.7370586395264,0,10.1566180339451,0,0,0,11.6695857048035,0,0,0,0,0,27.7311592102051,0,3.16770780086517,0,0,0,20.386266708374,0,6.00481143870685,0,7.96519235047427,0,0,0,0,13.2421364404459,0,0,0,0,0,0,0,9.48757457733154,0,9.46740124100133,0,0,0,0,0,27.621795018514,0,17.6041294192382,4.74629880356313,0,13.0578877023748,0,0
0,0,0,0,0,0,0,0,0,0,0,0,0,4.30520440826953,0,0,0,0,0,4.40748030192232,0,0,0,0,0,0,0,8.03605079650879,0,3.60074152052402,0,0,0,0,0,0,0,4.30223051277367,0,0,0,0,0,0,0,0,0,0,0,0,0,0,0,0,0,0,0,5.54748295074964,0,6.43366417011119,0,0,5.56586419775131,0,0,0,0,0,0,0,0,0,5.54118812084198,0,0,0,0,0,0,0,0,0,3.51938967672113,0,0,0,0
17.2926749229431,0,20.5532989501953,0,0,0,0,0,23.3110983555134,0,3.04443330168724,0,0,0,4.19760716108628,0,32.777458190918,69.9530715942383,30.912353515625,0,0,0,0,0,20.3234714024375,0,17.0116882324219,0,6.32941605316268,0,0,0,0,0,0,0,0,0,27.3768147555265,0,0,0,44.038391658238,0,0,0,0,0,11.9414106087606,0,2.8271776676178,0,0,0,17.461240314302,0,10.7535692765163,0,4.74178126854347,0,5.58634653731958,0,0,0,0,0,0,21.4298887521029,0,13.9992360395127,0,11.9115782725415,0,30.7641067504883,0,0,0,0,0,0,0,26.8037908994235,23.2704262516715,37.7745730082194,17.4297728737195,0,0
0,0,0,0,0,0,0,0,0,0,0,4.30520440826953,0,0,0,0,0,0,0,0,0,0,0,0,0,0,0,5.39729940891266,0,5.48066377639771,0,0,0,0,0,0,0,0,0,0,0,0,0,0,0,0,0,0,0,0,0,0,0,0,0,0,0,6.73272653548948,0,6.64491717574488,0,0,0,0,0,0,0,0,0,0,6.99422908473659,0,5.69035577774048,0,0,0,0,0,0,0,0,0,2.87787953019142,2.96465468406677,0,0,0
15.0090224092657,0,22.7742900848389,0,0,0,0,0,6.39423661980223,0,0,0,4.19760716108628,0,0,0,2.89017793110439,0,0,0,0,0,0,0,12.9126957371121,0,7.16421780762849,0,4.96151232719421,0,0,0,0,0,0,0,0,0,23.878333568573,0,0,0,45.2444047927856,0,0,0,45.3508777618408,0,8.92307139384119,0,0,0,0,0,8.03748392029632,0,17.9054445855758,0,9.95907884659153,0,4.31715948881826,0,0,0,0,0,0,15.0989945724204,0,11.3192560955843,0,20.599092725161,0,26.7340812683105,0,0,0,0,0,0,0,28.9359819950202,4.84368378209611,3.54233119608481,18.9041286216063,0,0
0,5.08205650492412,0,0,0,2.77302794022994,0,0,0,3.86645102609782,0,0,0,0,0,0,0,0,0,0,0,0,0,4.97690057754517,0,5.12167399270194,0,0,0,0,0,0,0,0,0,0,0,0,0,0,0,0,0,0,0,0,0,0,0,0,0,0,0,0,0,6.53529000282288,0,0,0,0,0,4.06149765617993,0,0,0,0,4.96283483505249,0,5.80051940365842,0,0,0,0,0,0,0,0,0,0,0,0,0,3.90819776535034,3.02416689395905,0,0,0
34.7267620298598,0,0,0,0,0,0,0,20.8301345678476,0,0,0,32.777458190918,0,2.89017793110439,0,0,11.983826409931,18.4970051261673,0,50.2766913277762,0,4.44931944126779,0,20.4708326816559,0,2.89808304919753,0,0,0,43.1402492523193,0,0,0,0,96.4884414672852,70.2651217324393,0,52.3233173688253,54.1352407455444,58.3529777526855,50.9698679787772,33.4890361070633,50.0661965572473,31.2654474385579,66.7525356837681,44.399474268101,0,41.3586871645866,0,0,0,0,0,15.705302448912,0,41.7516460418701,0,31.9969491958618,0,0,0,0,50.7685233251446,0,5.17750096321106,0,37.6201516257392,0,22.9585550626119,0,37.1835307417245,0,43.6037805433962,0,0,0,0,65.8264288060805,58.5781792231968,66.0477447509766,52.1664587203932,10.2391340459855,6.11370291097378,42.3217872452058,28.4298915863037,32.4911319978776
0,0,0,0,0,0,0,0,0,0,0,0,69.9530715942383,0,0,0,11.983826409931,0,13.4681599706395,0,73.3205032348633,4.15680177422131,0,9.63977108834844,65.0741729736328,5.62716922078814,0,0,0,0,0,0,0,0,0,61.6602020263672,0,16.6790692011515,0,63.5255222320557,0,61.1076032465154,57.7768262227376,50.3491554260254,54.4136428833008,69.8355573018392,61.1641387939453,0,57.6636085510254,0,0,0,0,0,37.6822818756104,0,0,0,0,0,0,0,0,72.0146157400949,4.32551247769214,0,12.4368082830148,0,6.85348151127497,0,0,60.6563339233398,0,71.7209298270089,0,0,0,0,72.2581656319754,91.8309580485026,68.0462188720703,79.4179280598958,8.82982326509685,5.66356452442255,62.3943006727431,0,50.2226142883301
28.7480998039246,23.979637704365,0,26.6571033477783,0,0,0,0,8.98169496655464,17.7807727246671,31.5787830352783,0,30.912353515625,0,0,0,18.4970051261673,13.4681599706395,0,34.2795170678033,39.3764629948814,0,0,32.2135810852051,47.5165857950846,28.8826134999593,0,0,0,0,44.1784706115723,0,0,43.5538942813873,0,47.3604614874896,57.3301643703295,44.0906454941322,50.8594912478798,33.3532324913127,30.6977821350098,24.1762924315584,11.6684200021912,18.1356443760863,6.95149833307216,31.4898551798293,29.1977099479877,57.6165046691895,41.1314808778985,27.803510702109,0,0,0,0,20.6784894852665,20.845193763574,38.4329607346479,0,31.8786785125732,0,0,0,32.9135549444901,38.3997064149288,0,0,26.6138178783914,51.3946288259406,38.0301141738892,41.4016456604004,37.4610069819859,44.3515173594157,25.4423942565918,43.0324100109569,0,0,0,0,42.6042884835631,45.5564683450235,38.5469064970274,44.2940462796193,10.8477065098946,14.4593628708427,29.0072824902043,14.0601401135531,15.313139213954
0,0,0,27.6357168900339,0,0,0,0,0,0,0,4.40748030192232,0,0,0,0,0,0,34.2795170678033,0,0,0,0,0,0,0,0,0,0,0,0,0,0,0,0,4.3532041664086,0,3.45288678907579,0,47.0471878051758,0,0,0,21.9167194366455,0,16.173425011325,0,0,0,13.5439949035645,0,0,0,0,0,0,0,3.1803728474511,0,0,0,0,4.0946383828793,0,0,0,0,0,0,0,0,0,0,0,0,0,0,0,7.34759543457031,0,0,0,3.90722846584832,0,15.831675299427,0,0
34.6065391540527,0,25.1124820709229,0,5.4635711312294,0,3.59752321243286,0,31.2796173095703,0,6.47691333801188,0,0,0,0,0,50.2766913277762,73.3205032348633,39.3764629948814,0,0,0,0,0,0,0,0,0,0,0,54.4896621704102,0,0,0,0,0,48.0781386693319,99.1291122436523,11.6221678648085,0,0,0,22.1822005288997,0,22.6918527126312,0,12.5844876423311,0,57.0608957078722,0,0,0,0,0,22.9062693459647,0,10.6732023470598,0,13.73296714451,0,0,0,0,6.71595031146446,0,0,0,77.8700866699219,0,0,0,78.860969543457,0,54.136449221907,0,0,0,0,86.5229759216309,18.7031041721965,0,20.6534336400738,8.57243933810043,0,19.1069218771798,0,20.8340596579071
0,0,0,0,0,0,0,0,0,0,0,0,0,0,0,0,0,4.15680177422131,0,0,0,0,4.55838882339584,8.52615897386742,0,5.54960352862441,0,2.96187710762024,0,0,0,0,0,0,0,0,0,6.07460396227084,0,0,0,0,0,0,0,0,0,0,0,5.43674937514372,0,0,0,0,0,0,0,0,0,0,0,0,0,0,3.73892351541552,6.62342341244221,8.46198218190268,0,6.94772079572991,0,0,0,0,0,0,0,0,0,0,0,11.5023881196976,0,3.65058902200446,4.17387887715058,0,0,0
0,0,0,0,0,0,0,0,0,0,0,0,0,0,0,0,4.44931944126779,0,0,0,0,4.55838882339584,0,0,5.43916293934864,0,3.44854213237762,0,2.87260088920593,0,0,0,0,0,0,0,0,28.7892074584961,5.12992413472163,0,0,0,0,0,0,0,0,0,5.18414848751665,0,0,0,0,0,0,0,0,0,0,0,0,0,0,0,5.24764966964722,4.5556027341796,0,5.37991350130014,0,2.94993321895599,0,0,0,0,0,0,0,0,0,0,0,4.18205765428578,4.29309384028117,4.75091765022551,0,0,0
0,12.9044163865762,0,0,0,34.5292129516602,0,0,0,10.4520622783381,0,0,0,0,0,4.97690057754517,0,9.63977108834844,32.2135810852051,0,0,8.52615897386742,0,0,0,9.32960072401884,0,0,0,0,0,0,0,0,0,0,0,5.74168004747036,0,55.0337905883789,0,26.3411331846003,48.1381009419759,0,40.6630344390869,0,0,0,0,6.89409463642208,0,0,0,0,0,10.611580122366,0,0,0,0,0,10.9092257817586,0,0,7.61213271679309,0,6.06365231925791,0,9.43509825547035,0,6.49700450897217,0,0,0,0,0,0,0,53.1760187149048,0,7.13005514983292,0,9.44147733946978,8.1578636684201,23.7443308138078,0,0
24.6932601996831,0,0,0,0,0,0,0,23.5807017424942,0,0,0,20.3234714024375,0,12.9126957371121,0,20.4708326816559,65.0741729736328,47.5165857950846,0,0,0,5.43916293934864,0,0,0,5.50363918844722,0,0,0,0,0,0,0,0,0,0,0,4.75280037233906,0,0,0,33.1715803146362,0,0,0,48.1400276184082,0,11.5483491118525,0,0,0,0,0,10.4926889032125,0,23.0424246788025,0,16.9149011620341,0,18.6415819085163,0,0,80.1917037963867,0,9.55802962626798,0,4.49937004909532,0,7.05162763046919,0,14.5128080450374,0,0,0,0,0,0,0,0,0,9.84656087454263,13.1494885252983,7.06426198411696,9.28951106272953,0,56.6589584350586
0,6.27008950645155,0,0,0,0,0,0,0,9.0420805445369,0,0,0,0,0,5.12167399270194,0,5.62716922078814,28.8826134999593,0,0,5.54960352862441,0,9.32960072401884,0,0,0,0,0,0,0,0,0,0,0,0,0,11.5900304147175,0,0,0,23.9823165893555,52.436824798584,0,0,0,0,0,0,6.80924077715192,0,0,0,0,0,7.87098009387652,0,0,0,0,0,4.21256571311455,0,0,5.9263409635295,0,9.43165023760362,0,5.43326786588333,0,6.71808849440681,0,0,0,0,0,0,0,0,0,10.3117952346802,0,6.02768249403347,0,11.676637172699,0,0
27.4010515213013,0,0,0,0,0,0,0,11.7398502551592,0,0,0,17.0116882324219,0,7.16421780762849,0,2.89808304919753,0,0,0,0,0,3.44854213237762,0,5.50363918844722,0,0,0,3.1443261983918,0,0,0,0,0,0,0,0,0,13.9776223072639,0,0,0,0,0,0,0,0,0,0,0,0,0,0,0,11.4562353134155,0,0,0,16.6757946014404,0,9.78496673669708,0,0,0,0,5.0167058920249,0,7.47393840731996,0,4.30442934843802,0,3.52047076286414,0,0,0,0,0,0,0,0,0,11.6077391942342,4.95095876116812,23.7427062988281,0,0,0
0,0,0,0,0,0,0,0,0,0,0,8.03605079650879,0,5.39729940891266,0,0,0,0,0,0,0,2.96187710762024,0,0,0,0,0,0,0,4.66945392258313,0,0,0,0,0,0,0,0,0,0,0,0,0,0,0,0,0,0,0,0,0,0,0,0,0,0,0,0,0,7.62206697463989,0,0,0,0,0,0,0,0,0,0,4.13899878731596,0,0,0,0,0,0,0,0,0,0,0,4.25764993871196,3.55665622438703,0,0,0
0,0,0,0,0,0,0,0,0,0,7.09900730133057,0,6.32941605316268,0,4.96151232719421,0,0,0,0,0,0,0,2.87260088920593,0,0,0,3.1443261983918,0,0,0,3.40251110499595,0,0,0,0,0,0,0,0,0,0,0,0,0,0,0,0,0,0,0,0,0,0,0,0,0,2.74427056312561,0,3.97490160218601,0,4.19635772705078,0,0,0,0,0,0,0,0,4.23293036222458,0,3.27755234552466,0,4.76237980524699,0,0,0,0,0,0,0,0,2.94545001983643,3.22356367111206,0,0,0
0,0,0,0,0,0,0,0,0,0,0,3.60074152052402,0,5.48066377639771,0,0,0,0,0,0,0,0,0,0,0,0,0,4.66945392258313,0,0,0,0,0,0,0,0,0,0,0,0,0,0,0,0,0,0,0,0,0,0,0,0,0,0,0,0,0,3.22807563317789,0,0,0,0,0,0,0,0,0,0,0,0,0,0,4.29244456304745,0,0,0,0,0,0,0,0,0,3.74014706466034,0,0,0,0
30.7965176900228,0,0,0,0,0,0,0,29.7577629089355,0,9.44097356796265,0,0,0,0,0,43.1402492523193,0,44.1784706115723,0,54.4896621704102,0,0,0,0,0,0,0,3.40251110499595,0,0,0,0,0,0,0,0,0,2.85199481562564,0,0,0,16.1820120811462,0,0,0,0,0,0,0,0,0,0,0,29.4819850921631,0,8.06232413291931,0,0,0,0,0,0,74.7529144287109,0,0,0,0,0,0,0,3.54962398577688,0,3.877840061577,0,0,0,0,0,0,0,0,3.16126650571823,3.42729532718658,24.2109223604202,0,0
0,0,0,0,0,0,0,0,0,0,0,0,0,0,0,0,0,0,0,0,0,0,0,0,0,0,0,0,0,0,0,0,3.12508673995149,0,3.0577289717538,3.05842351913452,0,0,0,0,0,0,0,0,0,0,0,3.3346006115679,0,0,0,0,0,0,0,0,0,0,0,0,0,0,0,0,0,0,0,0,0,0,0,0,0,0,3.37240159759647,0,0,0,3.62519947139696,0,0,0,3.04406482512962,0,0,0,0
0,0,0,0,0,0,0,0,0,0,0,0,0,0,0,0,0,0,0,0,0,0,0,0,0,0,0,0,0,0,0,3.12508673995149,0,2.94601565599442,0,0,2.87019967370563,0,0,0,2.96212553977966,0,0,0,0,0,0,4.24777676608111,2.84256207942963,0,0,0,0,0,0,0,0,0,0,0,0,0,0,0,0,0,0,0,0,0,0,0,0,0,2.94851922988892,3.33157308285053,0,0,0,0,0,0,3.48840120259453,0,0,0,0
0,0,0,0,0,0,0,0,0,0,0,0,0,0,0,0,0,0,43.5538942813873,0,0,0,0,0,0,0,0,0,0,0,0,0,2.94601565599442,0,3.78075519654473,3.91760665469053,0,5.29942266868822,9.83169595788165,69.5024642944336,0,20.7339007304265,0,35.0211601257324,0,0,0,3.6708319957914,0,10.3036575924675,0,0,0,0,0,0,0,0,0,0,0,0,0,0,0,0,0,0,0,0,0,0,0,0,0,0,3.98416450578016,3.42408536030696,4.67042483723893,0,5.17254099056318,11.7929639816284,3.70888875045028,0,13.973606602899,28.0295203526815,0
0,0,0,0,0,0,0,0,0,0,0,0,0,0,0,0,0,0,0,0,0,0,0,0,0,0,0,0,0,0,0,3.0577289717538,0,3.78075519654473,0,0,0,8.05104926654271,5.33576364269211,0,0,0,0,0,0,0,0,5.32741220621084,5.80753403902054,0,0,0,0,0,0,0,0,0,0,0,0,0,0,0,0,0,0,0,0,0,0,0,0,0,3.51598559485541,0,4.09326182162096,3.38014106976656,0,0,3.16532373428345,6.45301655133565,4.81004527173144,2.92137551307678,5.05912923812866,0,0
0,20.2534069861135,0,8.03091112607913,0,12.3584771185565,0,0,0,21.3546285629272,0,0,0,0,0,0,96.4884414672852,61.6602020263672,47.3604614874896,4.3532041664086,0,0,0,0,0,0,0,0,0,0,0,3.05842351913452,0,3.91760665469053,0,0,3.67844803664419,5.63192990656252,0,16.4223011677915,0,23.8711426069411,18.974948796359,22.3496501922607,0,15.9713662644507,0,6.76365456635925,11.3721389770508,12.1206049627187,0,16.9081798791885,0,0,0,27.2488880157471,0,0,0,0,0,0,4.31244919927497,0,0,0,0,0,0,0,0,0,0,0,3.07944808602333,0,5.34790226282218,0,5.11762359332995,7.0857878666156,8.95935644539499,0,6.07993275975305,4.61682663234413,10.0395065047738,32.7256714213978,0
54.5961990356445,0,12.4611144527312,22.3234574454171,0,30.6925036112467,0,0,47.0902080535889,32.6386108398438,26.7370586395264,0,0,0,0,0,70.2651217324393,0,57.3301643703295,0,48.0781386693319,0,0,0,0,0,0,0,0,0,0,0,2.87019967370563,0,0,3.67844803664419,0,0,6.10651814717416,0,10.345359769586,119.616142272949,37.4619128398406,0,54.8800826072693,0,63.9013357162476,5.0837310975352,10.415397143364,23.5744543075562,0,29.807533899943,0,0,46.8664932250977,0,17.4630809965588,0,0,0,0,0,0,52.7738931179047,0,0,0,0,0,0,0,0,0,56.7657165527344,0,2.9580860376358,0,0,4.5063619852066,5.07111996552387,0,7.7290737253496,5.02439402367907,4.32077950891787,21.8323121643983,0,38.6232847067026
0,22.0773129549893,0,0,0,39.6864356994629,0,0,0,14.7007822329316,0,4.30223051277367,0,0,0,0,0,16.6790692011515,44.0906454941322,3.45288678907579,99.1291122436523,6.07460396227084,28.7892074584961,5.74168004747036,0,11.5900304147175,0,0,0,0,0,0,0,5.29942266868822,8.05104926654271,5.63192990656252,0,0,14.275980252486,23.1786859035492,0,32.6027063622194,54.5122957229614,32.2342491149902,0,71.9585800170898,0,5.21274252101587,0,7.09674787848561,0,0,0,0,0,17.8092213732856,0,0,0,0,0,20.2762565612793,4.59671736516451,0,7.58798556892495,0,5.67213977091103,0,10.9168231709059,0,8.44548081080119,0,0,0,0,0,3.02461115519206,0,7.50853390605963,0,5.1001434649013,17.3348439188565,7.61781384731461,6.18531446805814,12.4336053000556,30.6363945007324,0
32.7178261235075,0,38.6728630065918,0,0,0,0,0,35.6432937564272,0,10.1566180339451,0,27.3768147555265,0,23.878333568573,0,52.3233173688253,0,50.8594912478798,0,11.6221678648085,0,5.12992413472163,0,4.75280037233906,0,13.9776223072639,0,0,0,2.85199481562564,0,0,9.83169595788165,5.33576364269211,0,6.10651814717416,14.275980252486,0,0,10.6603335467252,29.0718078613281,19.9381070747608,0,56.23961353302,0,50.0929105546739,7.97390521203167,10.6405590180637,0,0,0,0,0,31.7435675726997,0,11.0943029581845,0,21.6293402084937,0,26.1007396697998,0,0,32.7191273059164,3.4398384988308,5.82139551278317,0,4.71965679629096,0,14.7581645117866,0,18.2096817597099,0,2.73339831829071,0,0,0,4.50177506605784,0,8.46487101968729,19.7482587711231,6.10368153568156,7.74437399644419,8.72228367519254,21.9416441654091,0,28.3503630161285
0,27.5200190607707,0,21.174620245257,0,0,0,0,0,61.0908355712891,0,0,0,0,0,0,54.1352407455444,63.5255222320557,33.3532324913127,47.0471878051758,0,0,0,55.0337905883789,0,0,0,0,0,0,0,0,0,69.5024642944336,0,16.4223011677915,0,23.1786859035492,0,0,0,13.3347413595748,19.492158741914,14.3953758964491,18.8913331398597,8.74267402999472,68.8474349975586,0,0,4.77360212852765,0,0,0,0,0,47.7786464691162,0,0,0,0,0,0,33.1308662241155,0,0,0,55.2132415771484,0,0,0,0,0,0,0,0,0,0,0,7.15826682267027,0,10.4676919096992,91.1572341918945,19.3687752497643,50.1962356567383,8.57149024086863,22.3332035276625,0
0,33.9153385162354,0,33.7116470336914,0,39.2180366516113,0,0,0,39.388916015625,0,0,0,0,0,0,58.3529777526855,0,30.6977821350098,0,0,0,0,0,0,0,0,0,0,0,0,0,2.96212553977966,0,0,0,10.345359769586,0,10.6603335467252,0,0,52.6421203613281,26.1841250828334,0,0,0,4.12075955708822,4.74110813874465,3.99052488545337,6.0333025672219,0,0,0,0,32.6803321838379,38.9210777282715,0,0,32.8035354614258,0,32.2855758666992,0,0,5.47264653071761,0,0,0,0,0,0,0,0,0,0,0,0,0,0,0,6.39242502098515,0,7.42522010024713,12.7010019428429,15.9665307998657,5.61610176398248,0,14.7139746348063
0,18.6787168202328,0,24.6395736129916,0,46.2379432678223,0,0,48.1586780548096,12.7547339982,0,0,0,0,0,0,50.9698679787772,61.1076032465154,24.1762924315584,0,0,0,0,26.3411331846003,0,23.9823165893555,0,0,0,0,0,0,0,20.7339007304265,0,23.8711426069411,119.616142272949,32.6027063622194,29.0718078613281,13.3347413595748,52.6421203613281,0,7.13201178256537,10.3943008641081,11.9136326650294,26.0994452893973,80.848819732666,6.23559379577637,30.3673195838928,10.4477342286724,0,0,0,0,0,29.3127717418947,0,10.3049796422323,0,0,0,23.0330917358398,23.9151156743368,73.3034477233887,0,0,21.1924192905426,0,25.6699042184012,0,14.8529615402222,0,10.7464685440063,88.6895955403646,0,0,0,0,24.9337032021965,74.56138865153,17.3158268355116,59.9657675425212,12.188812519476,7.25446102034041,11.8192020633458,10.1746995452199,15.4708762168884
13.9454594971477,34.079174041748,25.7318887710571,36.2848403930664,0,33.2998504638672,0,0,17.4974777340626,40.4708307266235,11.6695857048035,0,44.038391658238,0,45.2444047927856,0,33.4890361070633,57.7768262227376,11.6684200021912,0,22.1822005288997,0,0,48.1381009419759,33.1715803146362,52.436824798584,0,0,0,0,16.1820120811462,0,0,0,0,18.974948796359,37.4619128398406,54.5122957229614,19.9381070747608,19.492158741914,26.1841250828334,7.13201178256537,0,30.7290802001953,8.70418762584047,0,14.3021639520614,7.61716141043038,10.3354223247837,13.5439875466483,0,0,0,0,14.6179661256296,42.5870660635141,29.4843567035816,0,39.4729212885318,0,41.8023394709048,0,0,21.4350302018702,0,0,0,60.7061214447021,0,51.4505653381348,0,28.6671532392502,0,21.1019190730471,0,0,0,0,20.1801316056933,26.5023959593339,52.2359199523926,27.0713345495631,10.7805244427124,11.4428630547646,10.1939763840907,43.5846468607585,10.2242935404181
0,46.7880077362061,0,0,0,0,0,0,0,0,0,0,0,0,0,0,50.0661965572473,50.3491554260254,18.1356443760863,21.9167194366455,0,0,0,0,0,0,0,0,0,0,0,0,0,35.0211601257324,0,22.3496501922607,0,32.2342491149902,0,14.3953758964491,0,10.3943008641081,30.7290802001953,0,24.0512729644775,15.1691626490825,44.0771057128906,0,63.6646461486816,11.1573848724365,0,0,0,0,0,0,0,0,0,0,0,0,18.8638248443604,79.0576457977295,0,0,0,0,0,0,0,0,0,60.6743469238281,0,0,0,0,23.800797700882,93.7335090637207,28.8831496238708,62.3595237731934,16.661888630597,33.0499649047852,13.2594304632382,5.27905607223511,0
0,24.0841033935547,0,0,0,0,0,0,20.4259811639786,39.1576309204102,0,0,0,0,0,0,31.2654474385579,54.4136428833008,6.95149833307216,0,22.6918527126312,0,0,40.6630344390869,0,0,0,0,0,0,0,0,0,0,0,0,54.8800826072693,0,56.23961353302,18.8913331398597,0,11.9136326650294,8.70418762584047,24.0512729644775,0,41.9629173278809,14.0406312101927,0,45.4493171691895,49.5859870910645,0,0,0,0,40.2044992446899,35.380331993103,0,0,0,0,0,0,0,22.3040585456223,0,0,0,0,0,0,0,0,0,44.0429525375366,0,0,0,0,45.9835662841797,40.1325266607876,0,42.4581993020696,15.4781833175589,30.1245784759521,13.7477601578361,0,13.4730122340353
0,24.4908052646116,0,17.4127356838283,0,0,0,0,0,0,0,0,0,0,0,0,66.7525356837681,69.8355573018392,31.4898551798293,16.173425011325,0,0,0,0,0,0,0,0,0,0,0,0,0,0,0,15.9713662644507,0,71.9585800170898,0,8.74267402999472,0,26.0994452893973,0,15.1691626490825,41.9629173278809,0,65.6345965067546,0,0,23.6764339662948,0,0,0,0,58.8215751647949,62.3227729797363,0,0,0,0,0,0,5.07423851166511,56.8798141479492,0,0,0,0,0,0,42.0236015319824,0,40.917652130127,83.2510070800781,0,0,0,0,23.7647984343309,0,39.9198230079617,90.7333908081055,28.9889161840295,0,13.7872787384415,93.3501968383789,0
46.4514630635579,34.3745547135671,17.5645808795891,32.5586427052816,0,41.4764894757952,0,0,21.9734622682844,39.5170888900757,0,0,0,0,45.3508777618408,0,44.399474268101,61.1641387939453,29.1977099479877,0,12.5844876423311,0,0,0,48.1400276184082,0,0,0,0,0,0,0,0,0,0,0,63.9013357162476,0,50.0929105546739,68.8474349975586,4.12075955708822,80.848819732666,14.3021639520614,44.0771057128906,14.0406312101927,65.6345965067546,0,0,37.4508038856944,0,0,0,0,0,43.8946198357476,37.250940322876,29.8790141918041,0,33.7111801571316,0,36.9853291231043,0,0,9.89090205032776,0,0,54.1717262268066,55.2508029937744,0,0,0,46.306713104248,0,51.826836201682,0,0,0,0,0,13.3529217567012,0,54.7021861278873,26.2952049985318,18.120202431312,14.4881463392286,0,22.0515389865951
0,0,0,0,0,0,0,0,0,0,0,0,0,0,0,0,0,0,57.6165046691895,0,0,0,0,0,0,0,0,0,0,0,0,3.3346006115679,4.24777676608111,3.6708319957914,5.32741220621084,6.76365456635925,5.0837310975352,5.21274252101587,7.97390521203167,0,4.74110813874465,6.23559379577637,7.61716141043038,0,0,0,0,0,5.5195337680036,3.78449308825474,0,0,0,0,0,0,0,0,0,0,0,0,0,9.45400810241699,0,0,0,0,0,0,0,0,0,0,5.3329928889133,3.30523442831196,4.58372922377153,3.6756457749166,3.89957663658503,10.6837486499964,0,8.55686648978907,5.77714274015881,7.12489153209486,4.18025791874299,0,0
21.4633630209596,115.459564208984,11.7207532687621,0,0,0,0,0,20.9556405837383,0,27.7311592102051,0,11.9414106087606,0,8.92307139384119,0,41.3586871645866,57.6636085510254,41.1314808778985,0,57.0608957078722,0,5.18414848751665,0,11.5483491118525,0,0,0,0,0,0,0,2.84256207942963,0,5.80753403902054,11.3721389770508,10.415397143364,0,10.6405590180637,0,3.99052488545337,30.3673195838928,10.3354223247837,63.6646461486816,45.4493171691895,0,37.4508038856944,5.5195337680036,0,4.84367349693412,0,0,0,0,21.0323770142565,0,10.7248475037772,0,12.569517867178,0,15.2743428591135,0,0,41.6762585554037,0,3.95533358787013,0,9.88379532624693,0,9.08076373789223,0,8.32437044030144,0,17.3584455055527,15.3406143188477,2.84031537446109,0,5.79733049869537,0,9.58272757055072,0,14.7428952820045,10.1921766679544,9.23937562204176,7.0703406488158,0,29.0441123644511
0,11.8438125349877,0,18.7851213415464,0,0,0,0,0,17.6551254272461,0,0,0,0,0,0,0,0,27.803510702109,13.5439949035645,0,5.43674937514372,0,6.89409463642208,0,6.80924077715192,0,0,0,0,0,0,0,10.3036575924675,0,12.1206049627187,23.5744543075562,7.09674787848561,0,4.77360212852765,6.0333025672219,10.4477342286724,13.5439875466483,11.1573848724365,49.5859870910645,23.6764339662948,0,3.78449308825474,4.84367349693412,0,0,0,0,0,0,15.0431882858276,0,3.13689744241029,0,0,0,5.92740791184562,15.8462776704268,0,4.64069984927036,0,5.30083842863116,0,3.85056434336462,0,3.16324713983034,0,2.73244738578796,0,0,0,6.1866664091746,0,8.37792522201585,0,6.55138796785891,32.4449653625488,11.8194373817162,0,7.02073187418658,37.8642578125,0
0,0,3.95400778790738,0,3.47769359729986,0,3.58554698715747,0,0,0,3.16770780086517,0,2.8271776676178,0,0,0,0,0,0,0,0,0,0,0,0,0,0,0,0,0,0,0,0,0,0,0,0,0,0,0,0,0,0,0,0,0,0,0,0,0,0,0,3.21683886918155,0,0,0,5.26165033380191,0,3.59363056932177,0,0,0,0,0,0,0,0,0,0,0,0,0,0,0,0,0,0,0,0,0,0,0,4.02495032466349,0,0,0,0
0,0,0,5.50003094949119,0,4.68287646958208,0,0,0,5.46964157952203,0,0,0,0,0,0,0,0,0,0,0,0,0,0,0,0,0,0,0,0,0,0,0,0,0,16.9081798791885,29.807533899943,0,0,0,0,0,0,0,0,0,0,0,0,0,0,0,0,2.85892969369888,0,4.10977143923442,0,0,0,0,0,0,0,0,0,0,0,0,0,0,0,0,0,0,0,0,0,0,0,0,0,0,17.110195354053,0,23.3355452219645,0,0
0,0,0,0,2.91387975215912,0,3.91942847103154,0,0,0,0,0,0,0,0,0,0,0,0,0,0,0,0,0,0,0,0,0,0,0,0,0,0,0,0,0,0,0,0,0,0,0,0,0,0,0,0,0,0,0,3.21683886918155,0,0,0,0,0,3.0500670671463,0,0,0,0,0,0,0,0,0,0,0,0,0,0,0,0,0,0,0,0,0,0,0,0,0,4.65280572573344,7.37806177139282,6.89670367674394,0,0
0,0,0,0,0,0,0,3.0662899017334,0,0,0,0,0,0,0,0,0,0,0,0,0,0,0,0,0,0,0,0,0,0,0,0,0,0,0,0,0,0,0,0,0,0,0,0,0,0,0,0,0,0,0,2.85892969369888,0,0,0,0,0,2.74620497226715,0,0,0,0,0,0,0,0,0,0,0,0,0,0,0,0,0,0,0,0,0,0,0,0,3.238127456771,0,0,0,0
7.94046985564693,0,3.16237703888817,0,4.89398562908173,0,0,0,6.18151969456857,0,20.386266708374,0,17.461240314302,0,8.03748392029632,0,15.705302448912,37.6822818756104,20.6784894852665,0,22.9062693459647,0,0,0,10.4926889032125,0,11.4562353134155,0,0,0,29.4819850921631,0,0,0,0,0,46.8664932250977,0,31.7435675726997,0,32.6803321838379,0,14.6179661256296,0,40.2044992446899,58.8215751647949,43.8946198357476,0,21.0323770142565,0,0,0,0,0,0,0,16.7987863641036,0,13.8603881337589,0,13.0743030508359,0,0,43.2707200368245,0,0,0,10.9830505238023,0,9.93292007446289,0,16.9697726991442,0,25.628398613563,0,0,0,0,0,37.8886500086103,0,34.6750639284574,9.91316997552822,28.7230367660522,13.2395094583014,0,23.7310730616252
0,9.01515613905429,0,4.98545110499273,0,6.11778312854553,0,0,0,4.14134863926638,0,0,0,0,0,6.53529000282288,0,0,20.845193763574,0,0,0,0,10.611580122366,0,7.87098009387652,0,0,0,0,0,0,0,0,0,27.2488880157471,0,17.8092213732856,0,47.7786464691162,38.9210777282715,29.3127717418947,42.5870660635141,0,35.380331993103,62.3227729797363,37.250940322876,0,0,15.0431882858276,0,4.10977143923442,0,0,0,0,0,0,0,0,0,7.397780418396,0,0,0,0,14.2065447137906,0,9.53642981392997,0,0,0,0,0,0,0,0,0,0,0,16.8795276003958,0,13.9293387882458,18.9580488999685,18.7608915029253,0,0
17.6567688337186,0,9.22426203489304,0,11.5180091583015,0,7.35738372802734,0,18.0988429108182,0,6.00481143870685,0,10.7535692765163,0,17.9054445855758,0,41.7516460418701,0,38.4329607346479,0,10.6732023470598,0,0,0,23.0424246788025,0,0,0,2.74427056312561,0,8.06232413291931,0,0,0,0,0,17.4630809965588,0,11.0943029581845,0,0,0,29.4843567035816,0,0,0,29.8790141918041,0,10.7248475037772,0,5.26165033380191,0,3.0500670671463,0,16.7987863641036,0,0,0,5.96406105666133,0,19.5941653696696,0,0,13.1247929314772,0,0,0,26.6381323678153,0,0,0,6.43420437393543,0,9.29146831807033,0,0,0,0,0,19.703097820282,0,16.5909620163289,12.715331730991,17.2043655395508,8.33658517498013,0,0
0,0,0,3.23676433061299,0,3.17231369018555,0,0,0,0,0,5.54748295074964,0,6.73272653548948,0,0,0,0,0,3.1803728474511,0,0,0,0,0,0,0,0,0,3.22807563317789,0,0,0,0,0,0,0,0,0,0,0,10.3049796422323,0,0,0,0,0,0,0,3.13689744241029,0,0,0,2.74620497226715,0,0,0,0,0,11.4952709029118,0,4.62895934167736,3.15497195720673,0,0,0,0,0,3.68948945403099,0,0,0,3.22847579320272,0,0,0,0,0,0,0,0,0,4.11647897181304,0,3.63245879969698,0,0
12.5988354531545,0,13.3630234191292,0,14.8010028925809,0,16.65989112854,0,17.2013067404429,0,7.96519235047427,0,4.74178126854347,0,9.95907884659153,0,31.9969491958618,0,31.8786785125732,0,13.73296714451,0,0,0,16.9149011620341,0,16.6757946014404,0,3.97490160218601,0,0,0,0,0,0,0,0,0,21.6293402084937,0,32.8035354614258,0,39.4729212885318,0,0,0,33.7111801571316,0,12.569517867178,0,3.59363056932177,0,0,0,13.8603881337589,0,5.96406105666133,0,0,0,6.53140378490662,0,0,12.8713722171554,0,0,0,17.6993457892188,0,11.0878660566402,0,6.84805602940193,0,17.8946323394775,0,0,0,0,0,23.4168663024902,0,21.8002365389441,20.5393037212838,37.2707710266113,15.4449913978577,0,0
0,0,0,0,0,0,0,2.81427343686422,0,0,0,6.43366417011119,0,6.64491717574488,0,0,0,0,0,0,0,0,0,0,0,0,0,7.62206697463989,0,0,0,0,0,0,0,0,0,0,0,0,0,0,0,0,0,0,0,0,0,0,0,0,0,0,0,0,0,11.4952709029118,0,0,0,5.48951005935669,0,0,0,0,0,0,0,0,4.54003911304034,0,0,0,0,0,0,0,0,0,0,0,3.0761424228549,3.59330654144287,0,0,0
6.59088326424591,0,17.9391154050827,0,0,0,0,0,7.74693397010304,0,0,0,5.58634653731958,0,4.31715948881826,0,0,0,0,0,0,0,0,0,18.6415819085163,0,9.78496673669708,0,4.19635772705078,0,0,0,0,0,0,0,0,0,26.1007396697998,0,32.2855758666992,0,41.8023394709048,0,0,0,36.9853291231043,0,15.2743428591135,0,0,0,0,0,13.0743030508359,0,19.5941653696696,0,6.53140378490662,0,0,0,0,36.9726314544678,0,0,0,21.9557273631193,0,8.31972232881139,0,15.5948302657516,0,30.1470804214478,0,0,0,0,0,0,0,23.1371915605333,9.08158041926341,5.08699221081204,22.6174191123561,0,0
0,4.35706047554436,0,0,0,0,0,0,0,4.3213529586792,0,0,0,0,0,4.06149765617993,0,0,0,0,0,0,0,10.9092257817586,0,4.21256571311455,0,0,0,0,0,0,0,0,0,0,0,20.2762565612793,0,0,0,23.0330917358398,0,0,0,0,0,0,0,5.92740791184562,0,0,0,0,0,7.397780418396,0,4.62895934167736,0,5.48951005935669,0,0,0,0,0,0,12.912676182199,0,4.97315013469173,0,11.1508655548096,0,0,0,0,0,0,0,0,0,0,0,4.56190177110525,3.0817984853472,5.27198445863194,0,0
0,15.9815707400562,0,14.9990703415697,0,0,0,0,0,0,0,5.56586419775131,0,0,0,0,0,0,32.9135549444901,4.0946383828793,0,0,0,0,0,0,0,0,0,0,0,0,0,0,0,4.31244919927497,0,4.59671736516451,0,33.1308662241155,0,23.9151156743368,0,18.8638248443604,0,5.07423851166511,0,0,0,15.8462776704268,0,0,0,0,0,0,0,3.15497195720673,0,0,0,0,0,0,0,0,0,0,0,0,0,0,0,0,0,0,0,0,8.9541959469135,0,9.67216719302935,0,7.61188142895699,0,7.34735981062347,0,0
39.6282234191895,0,10.1239522525242,0,5.92592080434163,0,0,0,38.394192088734,0,13.2421364404459,0,0,0,0,0,50.7685233251446,72.0146157400949,38.3997064149288,0,6.71595031146446,0,0,0,80.1917037963867,0,0,0,0,0,74.7529144287109,0,0,0,0,0,52.7738931179047,0,32.7191273059164,0,5.47264653071761,73.3034477233887,21.4350302018702,79.0576457977295,22.3040585456223,56.8798141479492,9.89090205032776,9.45400810241699,41.6762585554037,0,0,0,0,0,43.2707200368245,0,13.1247929314772,0,12.8713722171554,0,36.9726314544678,0,0,0,0,0,0,80.7341079711914,0,0,0,47.099370320638,0,56.8498427483343,0,0,0,0,87.3014907836914,26.7203826449912,0,56.8568884500183,21.3870500752315,47.3577995300293,17.7571989037525,0,19.7841255213606
0,0,0,0,0,0,0,0,0,0,0,0,0,0,0,0,0,4.32551247769214,0,0,0,3.73892351541552,5.24764966964722,7.61213271679309,0,5.9263409635295,0,0,0,0,0,0,0,0,0,0,0,7.58798556892495,3.4398384988308,0,0,0,0,0,0,0,0,0,0,4.64069984927036,0,0,0,0,0,0,0,0,0,0,0,0,0,0,0,0,11.0030670254571,0,4.25714616301637,0,3.1655695438385,0,0,0,0,0,0,0,0,0,10.8757609058829,0,5.81164573012172,3.65085587762807,0,0,0
0,0,0,0,0,0,0,0,0,0,0,0,0,0,0,0,5.17750096321106,0,0,0,0,6.62342341244221,4.5556027341796,0,9.55802962626798,0,5.0167058920249,0,0,0,0,0,0,0,0,0,0,0,5.82139551278317,0,0,0,0,0,0,0,0,0,3.95533358787013,0,0,0,0,0,0,0,0,0,0,0,0,0,0,0,0,0,0,11.763481801556,0,4.8468861579895,0,5.96037188095132,0,0,0,0,0,0,0,0,0,6.51152558624744,4.15087880533795,4.34044196009636,0,0,0
0,12.4348666220903,0,0,0,0,0,0,0,10.9675536663806,0,0,0,0,0,4.96283483505249,0,12.4368082830148,26.6138178783914,0,0,8.46198218190268,0,6.06365231925791,0,9.43165023760362,0,0,0,0,0,0,0,0,0,0,0,5.67213977091103,0,55.2132415771484,0,21.1924192905426,0,0,0,0,54.1717262268066,0,0,5.30083842863116,0,0,0,0,0,14.2065447137906,0,0,0,0,0,12.912676182199,0,0,11.0030670254571,0,0,0,5.88375611701463,0,4.8998118091274,0,0,0,0,0,0,0,56.0297546386719,0,7.29954155479989,0,12.8360754005962,39.6202392578125,14.2804989598014,0,0
27.1105735978084,0,37.3733615875244,0,0,0,0,0,29.140808057785,0,0,0,21.4298887521029,0,15.0989945724204,0,37.6201516257392,0,51.3946288259406,0,77.8700866699219,0,5.37991350130014,0,4.49937004909532,0,7.47393840731996,0,0,0,0,0,0,0,0,0,0,0,4.71965679629096,0,0,0,60.7061214447021,0,0,0,55.2508029937744,0,9.88379532624693,0,0,0,0,0,10.9830505238023,0,26.6381323678153,0,17.6993457892188,0,21.9557273631193,0,0,80.7341079711914,0,11.763481801556,0,0,0,9.20156090458234,0,15.4925226610234,0,0,0,0,0,0,0,0,0,7.74896061988104,22.6257177280343,0,7.4257905843646,0,0
0,9.20142836514309,0,30.900951385498,0,0,0,0,0,17.099452495575,0,0,0,0,0,5.80051940365842,0,6.85348151127497,38.0301141738892,0,0,6.94772079572991,0,9.43509825547035,0,5.43326786588333,0,0,0,0,0,0,0,0,0,0,0,10.9168231709059,0,0,0,25.6699042184012,0,0,0,0,0,0,0,3.85056434336462,0,0,0,0,0,9.53642981392997,0,3.68948945403099,0,0,0,4.97315013469173,0,0,4.25714616301637,0,5.88375611701463,0,0,0,3.84745938637677,0,3.55908729813316,0,0,0,0,0,0,0,15.8999907493591,0,14.8368841066199,0,10.2866756107126,0,0
23.9870269030135,0,0,0,0,0,0,0,15.4386865208658,0,0,0,13.9992360395127,0,11.3192560955843,0,22.9585550626119,0,41.4016456604004,0,0,0,2.94993321895599,0,7.05162763046919,0,4.30442934843802,0,4.23293036222458,0,0,0,0,0,0,0,0,0,14.7581645117866,0,0,0,51.4505653381348,0,0,0,0,0,9.08076373789223,0,0,0,0,0,9.93292007446289,0,0,0,11.0878660566402,0,8.31972232881139,0,0,0,0,4.8468861579895,0,9.20156090458234,0,0,0,4.53839564801324,0,0,0,0,0,0,0,0,0,14.0413861525686,20.4831778104754,25.1182708740234,12.0601311042661,0,0
0,16.1660791238149,0,29.2424440383911,0,0,0,0,0,0,0,0,0,6.99422908473659,0,0,0,0,37.4610069819859,0,0,0,0,6.49700450897217,0,6.71808849440681,0,4.13899878731596,0,0,0,0,0,0,0,0,0,8.44548081080119,0,0,0,14.8529615402222,0,0,0,42.0236015319824,0,0,0,3.16324713983034,0,0,0,0,0,0,0,0,0,4.54003911304034,0,11.1508655548096,0,0,3.1655695438385,0,4.8998118091274,0,3.84745938637677,0,0,0,3.11215101877848,0,0,0,0,0,0,0,11.074384438025,0,13.7596740944441,3.38341689109802,9.08374543900185,0,0
14.6543546466746,0,24.6309533119202,0,0,0,0,0,23.2680933688549,0,9.48757457733154,0,11.9115782725415,0,20.599092725161,0,37.1835307417245,60.6563339233398,44.3515173594157,0,78.860969543457,0,0,0,14.5128080450374,0,3.52047076286414,0,3.27755234552466,0,3.54962398577688,0,0,0,0,0,0,0,18.2096817597099,0,0,0,28.6671532392502,0,0,0,46.306713104248,0,8.32437044030144,0,0,0,0,0,16.9697726991442,0,6.43420437393543,0,6.84805602940193,0,15.5948302657516,0,0,47.099370320638,0,5.96037188095132,0,15.4925226610234,0,4.53839564801324,0,0,0,3.33089147057644,0,0,0,0,0,0,0,21.1926472187042,26.8178276620853,0,9.23678478988167,0,0
0,5.56800961494446,0,0,0,0,0,0,0,0,0,5.54118812084198,0,5.69035577774048,0,0,0,0,25.4423942565918,0,0,0,0,0,0,0,0,0,0,4.29244456304745,0,0,0,0,0,0,0,0,0,0,0,10.7464685440063,0,0,0,40.917652130127,0,0,0,2.73244738578796,0,0,0,0,0,0,0,3.22847579320272,0,0,0,0,0,0,0,0,0,0,3.55908729813316,0,3.11215101877848,0,0,0,0,0,0,0,0,0,0,0,11.9963691234589,0,4.61901691936006,0,0
25.1239671171381,0,27.7976441383362,0,0,0,0,0,24.8592380942368,0,9.46740124100133,0,30.7641067504883,0,26.7340812683105,0,43.6037805433962,71.7209298270089,43.0324100109569,0,54.136449221907,0,0,0,0,0,0,0,4.76237980524699,0,3.877840061577,0,0,0,0,0,56.7657165527344,0,2.73339831829071,0,0,88.6895955403646,21.1019190730471,60.6743469238281,44.0429525375366,83.2510070800781,51.826836201682,0,17.3584455055527,0,0,0,0,0,25.628398613563,0,9.29146831807033,0,17.8946323394775,0,30.1470804214478,0,0,56.8498427483343,0,0,0,0,0,0,0,3.33089147057644,0,0,0,0,0,0,96.4457778930664,58.7428164048628,0,5.72081715013923,35.0320534031566,0,11.1025663758683,0,20.5719426472982
0,0,0,0,0,0,0,0,0,0,0,0,0,0,0,0,0,0,0,0,0,0,0,0,0,0,0,0,0,0,0,3.37240159759647,2.94851922988892,0,3.51598559485541,3.07944808602333,0,0,0,0,0,0,0,0,0,0,0,5.3329928889133,15.3406143188477,0,0,0,0,0,0,0,0,0,0,0,0,0,0,0,0,0,0,0,0,0,0,0,0,0,0,0,0,0,3.05851177459067,0,0,0,3.61945761113927,0,0,0,0
0,0,0,0,0,0,0,0,0,0,0,0,0,0,0,0,0,0,0,0,0,0,0,0,0,0,0,0,0,0,0,0,3.33157308285053,0,0,0,2.9580860376358,0,0,0,0,0,0,0,0,0,0,3.30523442831196,2.84031537446109,0,0,0,0,0,0,0,0,0,0,0,0,0,0,0,0,0,0,0,0,0,0,0,0,0,0,0,0,3.49877163342067,0,2.97391743384875,0,0,2.81597371896108,0,0,0,0
0,0,0,0,0,0,0,0,0,0,0,0,0,0,0,0,0,0,0,0,0,0,0,0,0,0,0,0,0,0,0,0,0,3.98416450578016,4.09326182162096,5.34790226282218,0,3.02461115519206,0,0,0,0,0,0,0,0,0,4.58372922377153,0,6.1866664091746,0,0,0,0,0,0,0,0,0,0,0,0,0,0,0,0,0,0,0,0,0,0,0,0,0,0,0,5.95853699337352,5.76282951603197,0,3.76663278061667,0,4.1276352529081,0,11.3563947677612,0,0
0,0,0,0,0,0,0,0,0,0,0,0,0,0,0,0,0,0,0,0,0,0,0,0,0,0,0,0,0,0,0,0,0,3.42408536030696,3.38014106976656,0,0,0,4.50177506605784,0,0,0,0,0,0,0,0,3.6756457749166,5.79733049869537,0,0,0,0,0,0,0,0,0,0,0,0,0,0,0,0,0,0,0,0,0,0,0,0,0,0,3.49877163342067,5.95853699337352,0,0,0,0,3.81795338030612,5.11456630364904,3.15918111801147,0,0,0
