0,0,180.815383225679,0,0,0,0,0,1145.48517030478,0,0,0,0,0,0,0,1.30529588460922,0.712208986282349,9.96116364002228,0,0,0,0,0,0.555845558643341,0,0,0,0,0,0,0,0,0,0,0,0,0,3.22773221135139,0,6.67165231704712,0,100.324998274446,0,0,0.230115637183189,1.1609171628952,5.71597903966904,284.793687462807,0.469331353902817,0,0,0,0,565.160863637924,0,0,0,0,0,0,0,0,0,0,0,0,5.04452347755432,0,0,0,0,0,0,0,0,0,0,0,8.52085128426552,0,0.357487499713898,365.621455490589,0,163.221069738269,0,0
0,0,0,233.823730319738,0,0.819894969463348,0,0,0,457.260949239135,0,0,0,0,0,1.72048377990723,0,0.673658132553101,38.4253372997046,0,0,0,0,4.2597688138485,0,0,0,0,0,0,0,0,0,0,0,0.275976777076721,0,0,0.276080250740051,0,0.366577237844467,40.0692008733749,0,0,0,12.7832106947899,0,5.45075769722462,0,401.593902811408,0,5.25416901707649,0,0,0,398.511853799224,0,10.8775077164173,0,0.469383955001831,0,326.095167919993,0.260246157646179,0,0,0,12.8578291237354,0,28.2709654569626,0,0,0,0.240189582109451,0,0,0,0,0,36.4887761920691,0,1.94193711876869,0,86.4510246962309,0,475.618365809321,0,0
180.815383225679,0,0,0,57.9443491697311,0,0,0,149.073842734098,0,0,0,0,0,0,0,0,0,1.93997448682785,0,0,0,0,0,0,0,0,0,0,0,0,0,0,0,0,0,0.244518160820007,0,0,0,5.55453753471375,0.636753059923649,22.2805460989475,0,0,0.500021874904633,151.625280767679,0.750196903944016,120.993021950126,0,103.823353230953,0,0,0,484.713383704424,0,52.0762055516243,0,8.66879171133041,0,5.6031633913517,0,0,4.69159427285194,0,0,0,0,0,0,0,0,0,18.7523940950632,0,0,0,0.993751525878906,0,11.4120900779963,0,3.20097118616104,263.917053461075,0,389.671184137464,0,1.34103405475616
0,233.823730319738,0,0,0,91.6557164490223,0,0,0,124.807015299797,0,0,0,0,0,0,0,0,1.82072059810162,0,0,0,0,0,0,0,0,0,0,0,0,0,0,0,0,0,0,0,0,0.839843586087227,0,5.15287265181541,0.19178831577301,0,0,25.0841831415892,1.54895687103271,0,0,186.533394441009,0,77.3202673494816,0,0,0,57.1945641636848,0,1.52548240125179,0,12.1484162807465,0,45.2606598436832,0.221679762005806,0,0,0,0,0,0,0,0,0,0.142513245344162,0,0,0,0,0,1.99274785816669,0,1.15172725915909,0,10.2509268075228,0,696.458931341767,0,0
0,0,57.9443491697311,0,0,0,100.022407412529,0,167.886155366898,0,0,0,0,0,0,0,0.367159008979797,0,0,0,29.6805358529091,0,0,0,0,0,0,0,0,0,0,0,0,0,0,0,2.48414134979248,0,0,0,22.5187592804432,0,16.4865179657936,0,0,0,125.808585494757,1.84944319725037,43.8850474208593,0.784762918949127,616.256954997778,0,35.4701856374741,0,134.621952056885,0,0,0,3.5311630666256,0,7.18517243862152,0,0,196.943001151085,0,0,0,0,0,0,0,0,0,2.63432350754738,0,0,0,0,0,74.2653055489063,0,2.16729331016541,1274.52333125472,87.551549911499,486.309338077903,0,0
0,0.819894969463348,0,91.6557164490223,0,0,0,10.0904765129089,0,436.595248878002,0,0,0,82.3315148353577,0,52.4852452874184,0,0,3.65461124479771,69.4977257847786,0,0,0,0,0,0,0,0,0,0,0,0,0,0,0,4.21235084533691,0,0,0,18.5888042002916,0.182874217629433,24.305249646306,0.589628040790558,0,0,127.466923579574,0,0,0,38.6255475431681,0,1168.36991146207,0,23.100447177887,0,251.35570371151,0,4.61138090491295,0,57.7940084338188,0,22.1899477541447,129.104168266058,0,0,0,0,0,0,0,0,0,1.05612541735172,0,0,0,0,0,7.65258504450321,0.824167355895042,5.02441919595003,0,645.995150730014,0,348.594096913934,0,0
0,0,0,0,100.022407412529,0,0,0,0,0,0,0,85.7087663412094,0,0,0,0,0,0,0,0,0,0,0,0,0,0,0,0,0,0,0,0,0,0,0,0,0,0,0,0,0,0,0,0,0,0,0,0,0,281.090186238289,0,595.583848655224,0,0,0,0,0,8.72923880815506,0,0,0,0,0,0,0,0,0,0,0,0,0,0,0,0,0,0,0,0,0,0,0,293.160374522209,0,0,0,0
0,0,0,0,0,10.0904765129089,0,0,0,0,0,59.3163549005985,0,0,0,0,0,0,0,10.5660424232483,0,0,0,0,0,0,0,0,0,0,0,0,0,0,0,0,0,0,0,0,0,0,0,0,0,0,0,0,0,0,0,104.617902636528,0,501.000655055046,0,0,0,4.38018202781677,0,6.74714803695679,0,0,0,0,0,0,0,0,0,0,0,0,0,0,0,0,0,0,0,0,0,0,84.9751274585724,0,0,0,0
1145.48517030478,0,149.073842734098,0,167.886155366898,0,0,0,0,0.718920171260834,0,0,0,0,70.1815940737724,0.563609957695007,97.8177403211594,12.8721059262753,17.3946203589439,0,0,0,0,0,30.8261235058308,2.05422759056091,44.3233184814453,0,0,0,0,0,0,0,0,0,0,0,111.124619483948,0,1.67576974630356,0,4.94914881885052,0,0,0,21.4520594328642,3.82193213701248,29.5639036297798,0.356815755367279,0,0,0,0,1274.90434287488,0,1.04995357990265,0,35.1060950160027,0,27.5440048575401,0,0,0,0,0,0,18.8799767792225,0,0,0,0,0,0,0,0,0,0,0,2.28079925477505,0,54.893260717392,1174.97372205555,0,312.498620539904,0,0
0,457.260949239135,0,124.807015299797,0,436.595248878002,0,0,0.718920171260834,0,0,0,0,0,0,92.2115299999714,42.5810223221779,350.475136622787,31.1413023173809,0,0,0,0,92.632417678833,0,60.1377866119146,0,0,0,0,0,0,0,0,0,0,0,72.5489672720432,0,0.324615657329559,0,74.158516138792,2.59636169672012,0,0,12.4111786782742,0,0,0,7.63154405355453,0,99.8756102770567,0,0,0,1869.82530789077,0,0,0,0,0,129.943839386106,0,0,0,0,124.855577558279,0,53.0750927478075,0,0,0,0,0,0,0,0,0,1.24564222246408,0,109.571324169636,0.291759252548218,563.816830158234,4.5225513279438,80.2502241507173,39.6306794881821,0
0,0,0,0,0,0,0,0,0,0,0,0,0,0,0,0,0,0,0,0,167.922340095043,0,0,0,0,0,0,0,0,0,54.6548720598221,0,0,0,0,0,136.863023996353,0,96.4480465650558,0,0,0,0,0,0,0,0,0,0,0,0,0,0,0,0,0,1053.46882587671,0,0,0,0,0,0,28.955904006958,0,0,0,0,0,0,0,0,0,173.358526960015,0,0,0,0,0,72.0643649101257,0,93.2768347859383,94.4585230350494,0,6.79044842720032,0,0
0,0,0,0,0,0,0,59.3163549005985,0,0,0,0,0,85.571474313736,0,0,0,0,2.88219261169434,259.342908322811,0,0,0,0,0,0,0,18.1901902556419,0,91.2805386632681,0,0,0,0,0,0,0,424.830177724361,0,0.661277890205383,0,0,0,0,0,3.21718253195286,0,0,0,0,0,55.4326058030128,0,82.4037665128708,0,0,0,1449.50083893538,0,82.2100799679756,0,0,96.3868090510368,0,0,0,0,0,0,0,5.08678460121155,0,110.141776055098,0,0,0,0,0,2.3799042403698,0,109.327369064093,0,52.1220092922449,116.37604111433,13.9078273177147,0,0
0,0,0,0,0,0,85.7087663412094,0,0,0,0,0,0,0,40.4613628387451,0,0,0,0,0,0,0,0,0,0,0,0,0,0,0,0,0,0,0,0,0,0,0,0,0,0,0,0,0,0,0,0,0,0,0,20.8264057636261,0,7.28316497802734,0,0,0,2.71458530426025,0,379.099454760551,0,23.891965508461,0,0,0,0,0,0,0,0,0,0,0,0,0,0,0,0,0,0,0,0,0,97.8137907981873,0,0,0,0
0,0,0,0,0,82.3315148353577,0,0,0,0,0,85.571474313736,0,0,0,62.4917913675308,0,39.0259807258844,0,0,0,0,0,0,0,0.950189471244812,0,24.2562150359154,0,0,0,0,0,0,0,0,0,0,0,0,0,0,0,0,0,0,0,0,0,0,0,0,0,0,0,0,0,0,0,933.49216209352,0,0,0,0,0,0,0,0,0,0,48.8195331543684,0,4.16627931594849,0,0,0,0,0,0,0,0,0,114.91338853538,88.7741484940052,0,0,0
0,0,0,0,0,0,0,0,70.1815940737724,0,0,0,40.4613628387451,0,0,0,23.2044130861759,0,0,0,0,0,0,0,0,0,0,0,0,0,0,0,0,0,0,0,0,0,0,0,0,0,0,0,0,0,0,0,0,0,0,0,0,0,10.5891205668449,0,1.62904566526413,0,125.173190504313,0,208.705052942038,0,0,0,0,0,0,0,0,0,0,0,0,0,0,0,0,0,0,0,0,0,48.0210085213184,0,0,0,0
0,1.72048377990723,0,0,0,52.4852452874184,0,0,0.563609957695007,92.2115299999714,0,0,0,62.4917913675308,0,0,16.9454586803913,108.204578503966,0.667417913675308,0,0,0,0,10.4595730751753,0,37.4309660941362,0,0,0,0,0,0,0,0,0,0,0,0,0,0,0,0,0,0,0,0,0,0,0,0,0,53.8870950043201,0,0,0,24.4828108847141,0,0,0,106.847476094961,0,143.825108990073,0,0,0,0,0.28927093744278,0,76.2649847567081,0,0,0,0,0,0,0,0,0,0,0,0,0,60.8831381946802,2.2561596930027,0,0,0
1.30529588460922,0,0,0,0.367159008979797,0,0,0,97.8177403211594,42.5810223221779,0,0,0,0,23.2044130861759,16.9454586803913,0,11776.6852775738,3967.28862516582,0,0,0,20.573578774929,10.2857330441475,138.296355381608,99.2032609134912,339.075688451529,0,0,0,0,0,0,0,0,4.73855409026146,1.60914881527424,0,0,1.27445697784424,52.1869958788157,20.1875557154417,56.4204411879182,1.4134628623724,10.8834743946791,59.816458389163,22.8018624484539,1.13299344480038,7.55141438543797,0,0,0,0,0,4.04809463024139,6.26155358552933,0,0.776044905185699,0,0,11.5721874237061,4.67771509289742,10.5243848413229,0.591413676738739,0,0,0,0.758546829223633,28.43595084548,248.087059020996,0,0,4.18849989771843,4.30791220068932,0,0,0,0,54.9267844930291,126.355808719993,23.442902289331,51.4073580950499,10946.8671208248,23.8702590465546,32.1222966983914,2.97772026062012,0.392278283834457
0.712208986282349,0.673658132553101,0,0,0,0,0,0,12.8721059262753,350.475136622787,0,0,0,39.0259807258844,0,108.204578503966,11776.6852775738,0,3094.02333452553,0,0,135.614149749279,0,105.801906228065,0.573090195655823,1144.87653197348,2.77892231941223,104.396251097322,0,0,0,0,0,0,0,4.16477364301682,1.38798049092293,2.77492320537567,0.523888230323792,3.62846390157938,37.5473915785551,92.7463684082031,44.7879762127995,3.67209012061357,4.00130289793015,86.4621632546186,12.2454873621464,0.991643607616425,17.7551330924034,1.17380852997303,0,0.553227722644806,0,0,0,26.0861382782459,0,0.810752421617508,0,0,0,40.5480875521898,15.2625975012779,1.40339028835297,59.4248034656048,0,0,0,377.433608785272,2.37678241729736,0,0,11.4124404191971,4.30236624181271,0,0,0,0,108.919881559908,97.3773632794619,62.9008753523231,39.9691886454821,13814.8254698515,1653.45465536416,47.0690270364285,8.42787160724401,1.10067480802536
9.96116364002228,38.4253372997046,1.93997448682785,1.82072059810162,0,3.65461124479771,0,0,17.3946203589439,31.1413023173809,0,2.88219261169434,0,0,0,0.667417913675308,3967.28862516582,3094.02333452553,0,0.53500896692276,0,0,0,7.52761855721474,0,19.2198160886765,0,0,0,0.237209811806679,0,0,0,0,0,41.5072559192777,6.05737268924713,12.1097610294819,6.285778850317,71.1470716670156,618.973618261516,565.852637700737,678.612091273069,69.1155793443322,154.64790174365,1038.91774453223,148.108372218907,6.95963060855865,180.777408733964,8.3371070548892,0,0.47786808013916,0,0,0,0.157911896705627,1.37845878303051,2.43409872800112,0,1.61675287783146,1.16715610027313,0.441662818193436,214.492102473974,19.9043099060655,0,0,0,0,6.50067490339279,0,0.48963275551796,0,48.9203852117062,123.14188632369,0,0,0,0,1153.59239394218,1379.05828013271,365.147303551435,605.367696508765,4861.18651299179,19.0851096212864,861.130796700716,80.2443281635642,12.2331966757774
0,0,0,0,0,69.4977257847786,0,10.5660424232483,0,0,0,259.342908322811,0,0,0,0,0,0,0.53500896692276,0,0,0,0,0,0,0,0,0.986504077911377,0,66.3383242040873,0,0,0,0,0,688.994612187147,0,98.4442444592714,0,1.54459393024445,0,8.50663313269615,0,0,0,42.2584193646908,0,1.36457467079163,0,2.56901727616787,0,38.3174055218697,0,0,0,0,0,81.6726966351271,0,0,0,0,1149.22039489448,0,0,0,0,0,0,0,0,0,206.228396117687,0,0,0,0,0,832.659673526883,0,866.928740397096,0,331.060048192739,0,67.5730382204056,5.02629125118256,0
0,0,0,0,29.6805358529091,0,0,0,0,0,167.922340095043,0,0,0,0,0,0,0,0,0,0,0,0,0,0,0,0,0,0,0,0,0,0,0,0,0,557.821891546249,0,230.921084046364,0,0,0,0,0,0,0,16.1323502659798,0,3.25571671128273,0,3.30930179357529,0,0,0,0,0,0,0,0,0,0,0,0,1570.32330065966,0,0,0,0,0,0,0,0,0,0,0,0,0,0,0,484.866832822561,0,126.978679895401,163.608609110117,0,48.8232922255993,0,0
0,0,0,0,0,0,0,0,0,0,0,0,0,0,0,0,0,135.614149749279,0,0,0,0,262.456043988466,80.9438444972038,0,40.7326000928879,0,56.2048560082912,0,0,0,0,0,0,0.18269094824791,0,0,436.415427312255,0.151385456323624,0,0,0,0,0,0,0,0,3.82014329731464,0,212.712175175548,0,0,0,0,0,0,0,0,0,0,0,0,0,0,6054.66108691692,91.3897901177406,326.559480458498,0,2.70288872718811,0,61.5505174547434,0,0,0,0,0,0,0,0,0,681.673271551728,0,241.069164037704,68.9758307337761,0.876871585845947,0,0
0,0,0,0,0,0,0,0,0,0,0,0,0,0,0,0,20.573578774929,0,0,0,0,262.456043988466,0,0,98.4760614037514,0,17.3578473329544,0,0,0,0,0,0,0,0,0,0,0,414.589095652103,0,0,0,0,0,0,0,0,0,55.1810030341148,0,0,0,0,0,0,0,0,0,0,0,0,0,0,0,43.4688522815704,4905.47449064255,0,55.4258384108543,0,8.5124426484108,0,1,0,0,0,0,0,0,0,0,0,424.873990565538,1078.06197324395,146.028663039207,0,0,0
0,4.2597688138485,0,0,0,0,0,0,0,92.632417678833,0,0,0,0,0,10.4595730751753,10.2857330441475,105.801906228065,7.52761855721474,0,0,80.9438444972038,0,0,0,188.034901529551,0,0,0,0,0,0,0,0,0,0,0,240.79092527926,0,0,0,0,0,0,0,0,0,4.44475691020489,0,196.16304692626,0,0,0,0,0,68.182899877429,0,0,0,0,0,18.6018060445786,0,0,15.6294068098068,0,1034.26552703977,0,236.419554203749,0,0.531531304121017,0,0,0,0,0,0,0,0,0,120.43500110507,0,211.378677487373,3.47688084840775,25.5150928497314,1.35323345661163,0
0.555845558643341,0,0,0,0,0,0,0,30.8261235058308,0,0,0,0,0,0,0,138.296355381608,0.573090195655823,0,0,0,0,98.4760614037514,0,0,0,87.8627434968948,0,0,0,0,0,0,0,0,0,0,0,308.460515797138,0,0,0,0,0,0,0,0,0,0.933019876480103,0,0,0,0,0,6.44735473394394,0,0,0,0,0,0,0,0,0,0,11.3159913420677,0,749.173009902239,0,135.917920827866,0,0,0,0,0,0,0,0,0,0,0,342.394564002752,385.760270610452,0,9.17517203092575,0,0
0,0,0,0,0,0,0,0,2.05422759056091,60.1377866119146,0,0,0,0.950189471244812,0,37.4309660941362,99.2032609134912,1144.87653197348,19.2198160886765,0,0,40.7326000928879,0,188.034901529551,0,0,0,93.0789436101913,0,0,0,0,0,0,0,0,0,0,0,0,0,0,0,0,0,1.51937115192413,0,0,0,0,0,0,0,0,0,6.98708909749985,0,0,0,0,0,13.8080055862665,0,0,0,0,26.4287813305855,0,454.219358563423,0,249.964043796062,0,0,0,0,0,0,0,2.28417110443115,0,0,0,448.831915229559,23.0361052155495,0,0,0
0,0,0,0,0,0,0,0,44.3233184814453,0,0,0,0,0,0,0,339.075688451529,2.77892231941223,0,0,0,0,17.3578473329544,0,87.8627434968948,0,0,0,46.8832179307938,0,0,0,0,0,0,0,0,0,0,0,0,0,0,0,0,0,0,0,0,0,0,0,0,0,0,0,0,0,0,0,0,0,0,0,0,6.7081798017025,0,64.3901100158691,0,313.289855524898,0,0,0,0,0,0,0,0,0,0,0,0,229.147373259068,0,0,0,0
0,0,0,0,0,0,0,0,0,0,0,18.1901902556419,0,24.2562150359154,0,0,0,104.396251097322,0,0.986504077911377,0,56.2048560082912,0,0,0,93.0789436101913,0,0,0,48.7922904491425,0,0,0,0,0,0,0,0,0,0,0,0.207083895802498,0,0,0,0,0,0,0,0,0,0,0,0,0,0,0,15.5491882860661,0,0.542733192443848,0,0,12.549911826849,0,36.2665372788906,0,0,0,0,0,1800.67939455807,0,0,0,0,0,0,0,0,0,0,0,153.413115784526,56.1978814303875,1.25129733979702,0,0
0,0,0,0,0,0,0,0,0,0,0,0,0,0,0,0,0,0,0,0,0,0,0,0,0,0,46.8832179307938,0,0,0,57.9614045619965,0,0,0,0,0,0,0,0,0,0,0,0,0,0,0,0,0,0,0,0,0,0,0,0,0,0,0,0,0,0,0,0,0,0,0,0,0,0,15.6836516559124,0,327.991563156247,0,0,0,0,0,0,0,0,0,0,0,0,0,0,0
0,0,0,0,0,0,0,0,0,0,0,91.2805386632681,0,0,0,0,0,0,0.237209811806679,66.3383242040873,0,0,0,0,0,0,0,48.7922904491425,0,0,0,0,0,0,0,0,0,192.414647638798,0,0,0,0.419861763715744,0,0,0,2.76479691267014,0,0,0,0.32939201593399,0,0,0,0,0,0,0,68.4629894047976,0,0.681810975074768,0,0,34.1103063523769,0,0,0,0,0,0,0,54.811283826828,0,436.608848676085,0,0,0,0,0,0,0,108.809759274125,0,3.66150152683258,0,7.80190496146679,1.73462516069412,0
0,0,0,0,0,0,0,0,0,0,54.6548720598221,0,0,0,0,0,0,0,0,0,0,0,0,0,0,0,0,0,57.9614045619965,0,0,0,0,0,0,0,0,0,425.027145028114,0,0,0,0,0,0,0,0,0,0,0,0,0,0,0,0,0,1.41109871864319,0,0,0,0,0,0,0,0,0,0,0,0,0,0,0,0,237.730530425906,0,0,0,0,0,0,0,87.55404086411,17.4769101142883,0,0,0,0
0,0,0,0,0,0,0,0,0,0,0,0,0,0,0,0,0,0,0,0,0,0,0,0,0,0,0,0,0,0,0,0,292.656034857035,0,0,287.573780208826,9.12989547848701,0,0,0,0,0,0,0,0,0,0,627.670018792152,0,0,0,0,0,0,0,0,0,0,0,0,0,0,0,0,0,0,0,0,0,0,0,0,0,0,2499.64569032192,72.8176110684872,16.146359026432,0,133.342633038759,0.441760510206223,0,0,264.710845470428,0,0,0,0
0,0,0,0,0,0,0,0,0,0,0,0,0,0,0,0,0,0,0,0,0,0,0,0,0,0,0,0,0,0,0,292.656034857035,0,0,10.6894517242908,2.53069686889648,1255.44909869134,0,0,0,0,0,0,0,0,0,0,1293.94722276926,0,0,0,0,0,0,0,0,0,0,0,0,0,0,0,0,0,0,0,0,0,0,0,0,0,0,243.09615367651,6141.47175393999,0,161.7124325037,106.414358019829,630.086141332984,0,0,704.970378041267,0,4.31568843126297,0,0
0,0,0,0,0,0,0,0,0,0,0,0,0,0,0,0,0,0,0,0,0,0,0,0,0,0,0,0,0,0,0,0,0,0,378.227288335562,19.3685774803162,0,31.480828076601,17.818193167448,0,0,0,0,0,0,0,0,1382.49282836914,0,16.3398285806179,0,0,0,0,0,0,0,0,0,0,0,0,0,0,0,0,0,0,0,0,0,0,0,0,192.313375145197,0,3928.50771263242,295.90341603756,168.286468505859,0,215.930061519146,0.941794037818909,82.8290838599205,0,0,0,0
0,0,0,0,0,0,0,0,0,0,0,0,0,0,0,0,0,0,0,0,0,0.18269094824791,0,0,0,0,0,0,0,0,0,0,10.6894517242908,378.227288335562,0,0,383.903204292059,7.25014279782772,207.581860601902,0,0,0,0,0,0,0,0,5262.38607101142,1.02115696668625,260.81613701582,0,0,0,0,0,0,0,0,0,0,0,0,0,0,0.576352670788765,0,0,0,0,0,0.390109315514565,0,0,0,0,7.18417602777481,68.0303826630116,1957.38150218129,0.779729545116425,185.114505961537,128.100339576602,60.1770944297314,550.420293390751,0,4.08073756098747,0,0
0,0.275976777076721,0,0,0,4.21235084533691,0,0,0,0,0,0,0,0,0,0,4.73855409026146,4.16477364301682,41.5072559192777,688.994612187147,0,0,0,0,0,0,0,0,0,0,0,287.573780208826,2.53069686889648,19.3685774803162,0,0,345.606152772903,2061.63206101954,0,3.52194967865944,2.59892147779465,23.5395043045282,1.67923200130463,19.8375224024057,1.57930326461792,31.8244054764509,0,102.01735329628,0,21.5300349593163,0,0,0,0,0,0,0,3,0,0,0,0,257.807584866881,0,0,0,0,0,0,0,0.164987549185753,0,0.68815141916275,0,183.023718461394,10.3187981843948,12.8595834672451,0,16629.1049298942,8.42141442000866,1033.32796484232,0,3016.86422660947,313.339226216078,80.0781185999513,11.6697992086411,0
0,0,0.244518160820007,0,2.48414134979248,0,0,0,0,0,136.863023996353,0,0,0,0,0,1.60914881527424,1.38798049092293,6.05737268924713,0,557.821891546249,0,0,0,0,0,0,0,0,0,0,9.12989547848701,1255.44909869134,0,383.903204292059,345.606152772903,0,16.176830291748,1426.64208845794,0.129210010170937,24.7396496981382,0,3.86502701044083,0,6.8368271291256,0.336058467626572,48.2513739168644,793.220640510321,21.9461775571108,34.2068574428558,0.317453324794769,0,0,0,0,0,0.356062591075897,0,0,0,0,0,0.222257539629936,697.075848795474,0,0,0,0,0,0,0,0,0,0.825965896248817,7.93765169382095,135.607511296868,0,96.5756365656853,284.034441232681,22614.3585246652,0,395.605578899384,1500.53966581821,126.52207621932,62.5636937320232,0,0
0,0,0,0,0,0,0,0,0,72.5489672720432,0,424.830177724361,0,0,0,0,0,2.77492320537567,12.1097610294819,98.4442444592714,0,436.415427312255,0,240.79092527926,0,0,0,0,0,192.414647638798,0,0,0,31.480828076601,7.25014279782772,2061.63206101954,16.176830291748,0,253.410183340311,2.41409373283386,0,20.32714381814,0,1.49466264247894,0,24.7074829936028,0,1024.72251112759,0,363.680294647813,0,0,0,0,0,2.44773703813553,0,26.4342611432076,0,0,0,0,97.6844042390585,0,344.425317972898,0,243.015903368592,0,0,0,38.8456708043814,0,29.6416593790054,0,0,0,0,0,445.329470060766,0.20936019718647,10458.3267092183,49.0184092223644,675.384179204702,121.11089977622,250.786787569523,19.2738599777222,0
3.22773221135139,0.276080250740051,0,0,0,0,0,0,111.124619483948,0,96.4480465650558,0,0,0,0,0,0,0.523888230323792,6.285778850317,0,230.921084046364,0.151385456323624,414.589095652103,0,308.460515797138,0,0,0,0,0,425.027145028114,0,0,17.818193167448,207.581860601902,0,1426.64208845794,253.410183340311,0,0,0.511346772313118,0.179511114954948,4.65266618132591,0,1.98949651420116,0,8.57870069891214,580.647049412131,114.925862446427,48.098341062665,0,0,0,0,33.5617719590664,0,65.4993343353271,0.205758810043335,0,0,0,0,0,203.026973322034,0,116.704153001308,0.463227421045303,397.511099085212,0.286245167255402,0,0,0,0,96.6628163456917,0,0,0.403520226478577,321.094783693552,0,1667.94578889012,1.77586467564106,8944.77594408393,1548.61885711551,23.772013425827,231.39062911272,0,2.38992351293564
0,0,0,0.839843586087227,0,18.5888042002916,0,0,0,0.324615657329559,0,0.661277890205383,0,0,0,0,1.27445697784424,3.62846390157938,71.1470716670156,1.54459393024445,0,0,0,0,0,0,0,0,0,0,0,0,0,0,0,3.52194967865944,0.129210010170937,2.41409373283386,0,0,0.867404840886593,276.486034087837,0.66759067773819,6.51717445999384,0,632.780232042074,0.157361909747124,80.184535831213,0.827826738357544,262.51587048173,0,8.52930501103401,0,0,0,0,0,7.00415913760662,0,0.939675509929657,0,0,205.76931591332,0,0,0,0,0,0,0,0,0,21.8077255710959,0.213819622993469,0,0,0,0,885.248938150704,1.02496386319399,86.801721714437,3.3802360072732,39.4274100065231,0,410.520234577358,13.3384451270103,0
6.67165231704712,0.366577237844467,5.55453753471375,0,22.5187592804432,0.182874217629433,0,0,1.67576974630356,0,0,0,0,0,0,0,52.1869958788157,37.5473915785551,618.973618261516,0,0,0,0,0,0,0,0,0,0,0,0,0,0,0,0,2.59892147779465,24.7396496981382,0,0.511346772313118,0.867404840886593,0,75.6990988850594,1295.81519380212,3.27535326778889,57.0425229668617,22.1902411133051,1033.35523575544,23.2377672344446,1091.38922013342,0.451288014650345,6.43676941096783,0,0,0,4.01746647059917,0,1.03356894850731,0.54000723361969,0.982735812664032,0,0.545192748308182,0,3.28384934365749,172.755718514323,0,0,0,0,0.330503016710281,0,0,0,0.631165012717247,40.9728809595108,0,0,0,0,23.4794018268585,817.815413407981,14.9640395790339,171.141048699617,584.958181925118,0,699.067157097161,1.93242937326431,13.3571016192436
0,40.0692008733749,0.636753059923649,5.15287265181541,0,24.305249646306,0,0,0,74.158516138792,0,0,0,0,0,0,20.1875557154417,92.7463684082031,565.852637700737,8.50663313269615,0,0,0,0,0,0,0,0.207083895802498,0,0.419861763715744,0,0,0,0,0,23.5395043045282,0,20.32714381814,0.179511114954948,276.486034087837,75.6990988850594,0,458.873020432889,46.3912721052766,6.86087228357792,1410.36893656105,11.7346847206354,0,5.19699192047119,188.722414530814,0.470037043094635,7.6563304439187,0,0,0,2.29773434996605,0,1081.73814553767,0,9.48322772979736,0,0,455.407569386065,0.820765689015388,0,0,0,0,0,0,15.2646795511246,0,916.113649867475,3.13443827629089,0,0,0,0,1465.93143028766,33.2965070530772,953.530217640102,24.2456635385752,711.70794338733,1.61832994222641,2190.61036381871,469.652573376894,0.532585397362709
100.324998274446,0,22.2805460989475,0.19178831577301,16.4865179657936,0.589628040790558,0,0,4.94914881885052,2.59636169672012,0,0,0,0,0,0,56.4204411879182,44.7879762127995,678.612091273069,0,0,0,0,0,0,0,0,0,0,0,0,0,0,0,0,1.67923200130463,3.86502701044083,0,4.65266618132591,0.66759067773819,1295.81519380212,458.873020432889,0,0.183241173624992,118.280679553747,28.2180398479104,219.831586822867,27.3841186612844,1270.74544976652,0.675273209810257,5.15522515773773,0,0,0,2.76453278958797,0,33.6616127789021,0,0.241914749145508,0,0,0,4.11962082237005,32.0367093682289,0,0,0,0,0,0,0,0.975453227758408,0.224984966218472,789.221966966987,0,0,0,0,23.1657789126039,1740.92262035608,15.0477024763823,782.775020509958,1846.53971480578,0,3488.7220339179,2.58176911622286,240.752915278077
0,0,0,0,0,0,0,0,0,0,0,0,0,0,0,0,1.4134628623724,3.67209012061357,69.1155793443322,0,0,0,0,0,0,0,0,0,0,0,0,0,0,0,0,19.8375224024057,0,1.49466264247894,0,6.51717445999384,3.27535326778889,46.3912721052766,0.183241173624992,0,0,62.77202026546,0,0,0.48552531003952,0,0.260880947113037,0,0,0,0,0,0,0,0,0,0,0,12.7090153098106,0,0,0,0,0,0,0,0,0,4.23542707413435,0.335804104804993,0,0,0,0,168.721584796906,0.140381678938866,46.4248926192522,2.04226978123188,28.7443323805928,0,54.792751044035,8.16125854849815,0
0,0,0,0,0,0,0,0,0,0,0,0,0,0,0,0,10.8834743946791,4.00130289793015,154.64790174365,0,0,0,0,0,0,0,0,0,0,0,0,0,0,0,0,1.57930326461792,6.8368271291256,0,1.98949651420116,0,57.0425229668617,6.86087228357792,118.280679553747,0,0,3.06270167976618,14.0067370384932,0.614034295082092,45.1841699928045,0,0.263999283313751,0,0,0,0,0,0,0,0,0,0,0,0,0,0,0,0,0,0,0,0,0,0.141297116875648,51.8626881539822,0,0,0,0,0.506508901715279,179.074587032199,0,199.089441776276,62.4563841223717,0,138.655797451735,0,1.77870607376099
0.230115637183189,12.7832106947899,0.500021874904633,25.0841831415892,0,127.466923579574,0,0,0,12.4111786782742,0,3.21718253195286,0,0,0,0,59.816458389163,86.4621632546186,1038.91774453223,42.2584193646908,0,0,0,0,0,1.51937115192413,0,0,0,2.76479691267014,0,0,0,0,0,31.8244054764509,0.336058467626572,24.7074829936028,0,632.780232042074,22.1902411133051,1410.36893656105,28.2180398479104,62.77202026546,3.06270167976618,0,9.41462825983763,3.09959292411804,4.02818691730499,310.388874292374,0,41.1132927238941,0,0,0,5.75554630160332,0,35.4683727398515,0,14.1163681149483,0,0,1577.4225019291,1.6624927520752,0,0,0,0,0,0,3.88552214205265,0,204.393596194685,3.09159775078297,0,0,0,0,2539.64281628281,36.4025915414095,432.699773728848,15.907870516181,358.755040563643,2.24623867869377,1237.79400897771,54.621089078486,1.80286855995655
1.1609171628952,0,151.625280767679,1.54895687103271,125.808585494757,0,0,0,21.4520594328642,0,0,0,0,0,0,0,22.8018624484539,12.2454873621464,148.108372218907,0,16.1323502659798,0,0,0,0,0,0,0,0,0,0,0,0,0,0,0,48.2513739168644,0,8.57870069891214,0.157361909747124,1033.35523575544,11.7346847206354,219.831586822867,0,14.0067370384932,9.41462825983763,0,36.4336082786322,297.3715345487,0.653739333152771,22.2110457122326,0,0,0,16.8064584136009,0,6.51621070504189,0,4.26110857725143,0,2.12909683585167,0,2.75267148017883,817.72722145915,0,0,0,0,0,0,0,0.284518629312515,1.36925908923149,254.722744733095,0,0,0,0,8.67402063310146,2437.82042445987,2.45445728302002,620.729316830635,243.086939543486,0,1340.83055837452,0,10.5883863717318
5.71597903966904,5.45075769722462,0.750196903944016,0,1.84944319725037,0,0,0,3.82193213701248,0,0,0,0,0,0,0,1.13299344480038,0.991643607616425,6.95963060855865,1.36457467079163,0,3.82014329731464,0,4.44475691020489,0,0,0,0,0,0,0,627.670018792152,1293.94722276926,1382.49282836914,5262.38607101142,102.01735329628,793.220640510321,1024.72251112759,580.647049412131,80.184535831213,23.2377672344446,0,27.3841186612844,0,0.614034295082092,3.09959292411804,36.4336082786322,0,313.522934630513,2957.47748991847,1.76349738240242,2.16631719470024,0,0,0.231846660375595,0,0,1.38023826479912,0.358610719442368,0,0,0,1.98271071910858,0,11.1554264873266,0,17.1558647304773,0,0.790517777204514,0,3.26971343159676,0,0,1.50942502915859,1198.12138713896,3424.449676916,881.813263326883,4288.05821335316,4773.95650455356,834.918368339539,1897.65958973765,25.7423592954874,517.540245786309,0,860.709114581347,0,0.739962488412857
284.793687462807,0,120.993021950126,0,43.8850474208593,0,0,0,29.5639036297798,0,0,0,0,0,0,0,7.55141438543797,17.7551330924034,180.777408733964,0,3.25571671128273,0,55.1810030341148,0,0.933019876480103,0,0,0,0,0,0,0,0,0,1.02115696668625,0,21.9461775571108,0,114.925862446427,0.827826738357544,1091.38922013342,5.19699192047119,1270.74544976652,0.48552531003952,45.1841699928045,4.02818691730499,297.3715345487,313.522934630513,0,16.4892685860395,15.0161919742823,0,0,0,12.9027917832136,0,9.36507228761911,0,13.1536892056465,0,13.2032743394375,0,0.991697117686272,8.16236972808838,0,140.038267701864,0,0,0,0,0,5.77360689640045,0.178692206740379,185.253363907337,0,0,0,1.52025547623634,5.76608349382877,528.153392702341,1.55841203033924,416.292861841619,364.15157289058,0,926.088692724705,0,30.8461266160011
0.469331353902817,401.593902811408,0,186.533394441009,0.784762918949127,38.6255475431681,0,0,0.356815755367279,7.63154405355453,0,0,0,0,0,0,0,1.17380852997303,8.3371070548892,2.56901727616787,0,212.712175175548,0,196.16304692626,0,0,0,0,0,0.32939201593399,0,0,0,16.3398285806179,260.81613701582,21.5300349593163,34.2068574428558,363.680294647813,48.098341062665,262.51587048173,0.451288014650345,188.722414530814,0.675273209810257,0,0,310.388874292374,0.653739333152771,2957.47748991847,16.4892685860395,0,0.910029351711273,23.1441479623318,0,0,0,76.7073042541742,0,129.997515916824,0,4.1142463684082,0,15.2669143676758,41.8214921653271,0,473.169972509146,0,386.122746489942,0,141.948527678847,0,19.426854133606,0,128.922001443803,0,6.7586452960968,0,2.66666829586029,132.883106678724,2312.24508661777,1.32073058187962,1159.88046889752,8.12052392959595,312.93236091733,0,1381.60489983112,0,0
0,0,103.823353230953,0,616.256954997778,0,281.090186238289,0,0,0,0,0,20.8264057636261,0,0,0,0,0,0,0,3.30930179357529,0,0,0,0,0,0,0,0,0,0,0,0,0,0,0,0.317453324794769,0,0,0,6.43676941096783,0.470037043094635,5.15522515773773,0.260880947113037,0.263999283313751,0,22.2110457122326,1.76349738240242,15.0161919742823,0.910029351711273,0,0,347.77206403017,0,60.0342337787151,0,0,0,32.4624211490154,0,22.0759462416172,0,0,80.0168090164661,0,0,0,0,0,0,0,0,0,0,0,0,0,0,0,15.5350299179554,0,0,74.0137188434601,0,357.986775532365,0,0
0,5.25416901707649,0,77.3202673494816,0,1168.36991146207,0,104.617902636528,0,99.8756102770567,0,55.4326058030128,0,0,0,53.8870950043201,0,0.553227722644806,0.47786808013916,38.3174055218697,0,0,0,0,0,0,0,0,0,0,0,0,0,0,0,0,0,0,0,8.52930501103401,0,7.6563304439187,0,0,0,41.1132927238941,0,2.16631719470024,0,23.1441479623318,0,0,0,153.951332688332,0,188.719781845808,0,126.848848283291,0,99.7849475741386,0,147.326504856348,105.279338091612,0,0,0,0,0,0,0,0,0,0.479364231228828,0,0,0,0,0,10.1987900137901,0,1.06886020302773,0.336458697915077,72.2927972972393,0,143.703503593802,0.464792996644974,0
0,0,0,0,35.4701856374741,0,595.583848655224,0,0,0,0,0,7.28316497802734,0,0,0,0,0,0,0,0,0,0,0,0,0,0,0,0,0,0,0,0,0,0,0,0,0,0,0,0,0,0,0,0,0,0,0,0,0,347.77206403017,0,0,0,0,0,0,0,63.0173195004463,0,0,0,0,0,0,0,0,0,0,0,0,0,0,0,0,0,0,0,0,0,0,0,0,0,0,0,0
0,0,0,0,0,23.100447177887,0,501.000655055046,0,0,0,82.4037665128708,0,0,0,0,0,0,0,0,0,0,0,0,0,0,0,0,0,0,0,0,0,0,0,0,0,0,0,0,0,0,0,0,0,0,0,0,0,0,0,153.951332688332,0,0,0,0,0,179.972103923559,0,7.88402250409126,0,0,0,0,0,0,0,0,0,0,0,0,0,0,0,0,0,0,0,0,0,0,20.6557582616806,0,0,0,0
565.160863637924,0,484.713383704424,0,134.621952056885,0,0,0,1274.90434287488,0,0,0,0,0,10.5891205668449,0,4.04809463024139,0,0,0,0,0,0,0,6.44735473394394,0,0,0,0,0,0,0,0,0,0,0,0,0,33.5617719590664,0,4.01746647059917,0,2.76453278958797,0,0,0,16.8064584136009,0.231846660375595,12.9027917832136,0,60.0342337787151,0,0,0,0,0,0,0,1.42458063364029,0,0,0,0,0.880623757839203,0,0,0,159.628253161907,0,0.615642309188843,0,0,0,0,0,0,0,0,0,1.9185685813427,0,360.305881053209,51.4816483855247,0,148.241229623556,0,0
0,398.511853799224,0,57.1945641636848,0,251.35570371151,0,0,0,1869.82530789077,0,0,0,0,0,24.4828108847141,6.26155358552933,26.0861382782459,0.157911896705627,0,0,0,0,68.182899877429,0,6.98708909749985,0,0,0,0,0,0,0,0,0,0,0,2.44773703813553,0,0,0,2.29773434996605,0,0,0,5.75554630160332,0,0,0,76.7073042541742,0,188.719781845808,0,0,0,0,0,0,0,6.29637882113457,0,416.586075931787,0,0,0,0,436.773931145668,0,152.878120660782,0,0,0,0,0,0,0,0,0,0,0,16.2674587666988,0,36.8619746863842,2.01613402366638,162.747659474611,4.10321110486984,0
0,0,52.0762055516243,0,0,0,0,0,1.04995357990265,0,1053.46882587671,0,2.71458530426025,0,1.62904566526413,0,0,0,1.37845878303051,0,0,0,0,0,0,0,0,0,0,0,1.41109871864319,0,0,0,0,0,0.356062591075897,0,65.4993343353271,0,1.03356894850731,0,33.6616127789021,0,0,0,6.51621070504189,0,9.36507228761911,0,0,0,0,0,0,0,0,0,140.558555752039,0,10.4358452260494,0,0,76.6427753269672,0,0,0,0,0,22.5910842418671,0,32.2271409630775,0,354.813704892993,0,0,0,0,0.175902873277664,5.32384730875492,0,24.8590348660946,33.9101589024067,0,395.726233005524,0,1.72433531284332
0,10.8775077164173,0,1.52548240125179,0,4.61138090491295,0,4.38018202781677,0,0,0,1449.50083893538,0,0,0,0,0.776044905185699,0.810752421617508,2.43409872800112,81.6726966351271,0,0,0,0,0,0,0,15.5491882860661,0,68.4629894047976,0,0,0,0,0,3,0,26.4342611432076,0.205758810043335,7.00415913760662,0.54000723361969,1081.73814553767,0,0,0,35.4683727398515,0,1.38023826479912,0,129.997515916824,0,126.848848283291,0,179.972103923559,0,0,0,0,0,768.584149420261,0,0,681.352008089423,0,0,0,0,0,0,0,542.959773600101,0,794.782383099198,0,0,0,0,0,13.5439019203186,0.194626331329346,45.9691453576088,0.213040679693222,86.5177620798349,9.7927680015564,989.545507714152,61.3742756545544,0
0,0,8.66879171133041,0,3.5311630666256,0,8.72923880815506,0,35.1060950160027,0,0,0,379.099454760551,0,125.173190504313,0,0,0,0,0,0,0,0,0,0,0,0,0,0,0,0,0,0,0,0,0,0,0,0,0,0.982735812664032,0,0.241914749145508,0,0,0,4.26110857725143,0.358610719442368,13.1536892056465,0,32.4624211490154,0,63.0173195004463,0,1.42458063364029,0,140.558555752039,0,0,0,304.86762881279,0,0,0.459641486406326,0,0,0,0,0,152.778999090195,0,19.6033834218979,0,0,0,0,0,0,0,2.1051316857338,0,0,13.7431390434504,0,38.7240285873413,0,0
0,0.469383955001831,0,12.1484162807465,0,57.7940084338188,0,6.74714803695679,0,0,0,82.2100799679756,0,933.49216209352,0,106.847476094961,0,0,1.61675287783146,0,0,0,0,0,0,0,0,0.542733192443848,0,0.681810975074768,0,0,0,0,0,0,0,0,0,0.939675509929657,0,9.48322772979736,0,0,0,14.1163681149483,0,0,0,4.1142463684082,0,99.7849475741386,0,7.88402250409126,0,6.29637882113457,0,768.584149420261,0,0,0,43.9729675650597,7.84952756017447,0,0,0,0.204219803214073,0,0.261923104524612,0,611.948445796967,0,2.11336515843868,0,0,0,0,0,0.183363303542137,0,0.914361506700516,0,219.878254830837,0,47.3182989805937,0.447284191846848,0
0,0,5.6031633913517,0,7.18517243862152,0,0,0,27.5440048575401,0,0,0,23.891965508461,0,208.705052942038,0,11.5721874237061,0,1.16715610027313,0,0,0,0,0,0,0,0,0,0,0,0,0,0,0,0,0,0,0,0,0,0.545192748308182,0,0,0,0,0,2.12909683585167,0,13.2032743394375,0,22.0759462416172,0,0,0,0,0,10.4358452260494,0,304.86762881279,0,0,0,0,0.323540985584259,0,0,0,0,0,19.1238408088684,0,0,0,0,0,0,0,0,0,0,0,0,9.6468109190464,0,7.31512413918972,0,0
0,326.095167919993,0,45.2606598436832,0,22.1899477541447,0,0,0,129.943839386106,0,0,0,0,0,143.825108990073,4.67771509289742,40.5480875521898,0.441662818193436,0,0,0,0,18.6018060445786,0,13.8080055862665,0,0,0,0,0,0,0,0,0,0,0,0,0,0,0,0,0,0,0,0,0,0,0,15.2669143676758,0,147.326504856348,0,0,0,416.586075931787,0,0,0,43.9729675650597,0,0,0,0,0,0,20.3506338000298,0,1.87457165122032,0,0,0,0,0,0,0,0,0,0,0,0,0,29.1001808643341,0.734826028347015,46.4210108816624,0,0
0,0.260246157646179,0,0.221679762005806,0,129.104168266058,0,0,0,0,0,96.3868090510368,0,0,0,0,10.5243848413229,15.2625975012779,214.492102473974,1149.22039489448,0,0,0,0,0,0,0,12.549911826849,0,34.1103063523769,0,0,0,0,0,257.807584866881,0.222257539629936,97.6844042390585,0,205.76931591332,3.28384934365749,455.407569386065,4.11962082237005,12.7090153098106,0,1577.4225019291,2.75267148017883,1.98271071910858,0.991697117686272,41.8214921653271,0,105.279338091612,0,0,0,0,0,681.352008089423,0,7.84952756017447,0,0,0,0,0,0,0,0,0,0,36.8905480206013,0,530.024106994271,0.938169553875923,0,0,0,0,2227.83868992329,8.30935246497393,1136.79355882853,4.04330820590258,128.808470569551,0,850.720796063542,16.1490683630109,0.233300253748894
0,0,4.69159427285194,0,196.943001151085,0,0,0,0,0,28.955904006958,0,0,0,0,0,0.591413676738739,1.40339028835297,19.9043099060655,0,1570.32330065966,0,0,0,0,0,0,0,0,0,0,0,0,0,0,0,697.075848795474,0,203.026973322034,0,172.755718514323,0.820765689015388,32.0367093682289,0,0,1.6624927520752,817.72722145915,0,8.16236972808838,0,80.0168090164661,0,0,0,0.880623757839203,0,76.6427753269672,0,0.459641486406326,0,0.323540985584259,0,0,0,0,0,0,0,0,0,0,0,0,137.761919945478,0,0,0,0,0,2777.63701252639,0,406.906742833555,208.942318983376,0,946.511722758412,2.87642204761505,0
0,0,0,0,0,0,0,0,0,0,0,0,0,0,0,0,0,59.4248034656048,0,0,0,6054.66108691692,43.4688522815704,15.6294068098068,0,0,0,36.2665372788906,0,0,0,0,0,0,0.576352670788765,0,0,344.425317972898,0,0,0,0,0,0,0,0,0,11.1554264873266,0,473.169972509146,0,0,0,0,0,0,0,0,0,0,0,0,0,0,0,10.54281270504,222.075138524175,0,89.3044850677252,0,819.854281380773,0,0,0,0,0,0,0,0,0,961.253559187055,0,67.9252443611622,24.5179839134216,4.4513455927372,0,0
0,0,0,0,0,0,0,0,0,0,0,0,0,0,0,0,0,0,0,0,0,91.3897901177406,4905.47449064255,0,11.3159913420677,0,6.7081798017025,0,0,0,0,0,0,0,0,0,0,0,116.704153001308,0,0,0,0,0,0,0,0,0,140.038267701864,0,0,0,0,0,0,0,0,0,0,0,0,0,0,0,10.54281270504,0,0,46.1067692935467,0,10.6462710797787,0,0,0,0,0,0,0,0,0,0,0,236.472068533301,187.592520445585,1.85560896992683,0,0,0
0,12.8578291237354,0,0,0,0,0,0,0,124.855577558279,0,0,0,0,0,0.28927093744278,0,0,0,0,0,326.559480458498,0,1034.26552703977,0,26.4287813305855,0,0,0,0,0,0,0,0,0,0,0,243.015903368592,0.463227421045303,0,0,0,0,0,0,0,0,17.1558647304773,0,386.122746489942,0,0,0,0,0,436.773931145668,0,0,0,0.204219803214073,0,20.3506338000298,0,0,222.075138524175,0,0,0,268.082872152328,0,193.080785363913,0,0,0,0,0,0,0,0,0,525.447141379118,0,67.643684014678,0,77.1461542695761,0,0
5.04452347755432,0,0,0,0,0,0,0,18.8799767792225,0,0,0,0,0,0,0,0.758546829223633,0,0,0,0,0,55.4258384108543,0,749.173009902239,0,64.3901100158691,0,0,0,0,0,0,0,0,0,0,0,397.511099085212,0,0,0,0,0,0,0,0,0,0,0,0,0,0,0,159.628253161907,0,0,0,0,0,0,0,0,0,0,46.1067692935467,0,0,0,0.686117231845856,0,0,0,0,0,0,0,0,0,0,0,624.798147439957,64.0161516666412,0,46.7297621071339,0,0
0,28.2709654569626,0,0,0,0,0,0,0,53.0750927478075,0,0,0,0,0,76.2649847567081,28.43595084548,377.433608785272,6.50067490339279,0,0,2.70288872718811,0,236.419554203749,0,454.219358563423,0,0,0,0,0,0,0,0,0,0,0,0,0.286245167255402,0,0.330503016710281,0,0,0,0,0,0,0.790517777204514,0,141.948527678847,0,0,0,0,0,152.878120660782,0,0,0,0.261923104524612,0,1.87457165122032,0,0,89.3044850677252,0,268.082872152328,0,0,0,349.002640813589,0,0,0,0,0,0,0,0,0,0.907451406121254,0,130.749446883798,8.33281546831131,53.0999107062817,0,0
0,0,0,0,0,0,0,0,0,0,0,0,0,0,0,0,248.087059020996,2.37678241729736,0,0,0,0,8.5124426484108,0,135.917920827866,0,313.289855524898,0,15.6836516559124,0,0,0,0,0,0,0,0,0,0,0,0,0,0,0,0,0,0,0,0,0,0,0,0,0,0.615642309188843,0,22.5910842418671,0,152.778999090195,0,19.1238408088684,0,0,0,0,10.6462710797787,0,0.686117231845856,0,0,0,196.268810391426,0,0,0,0,0,0,0,0,0,0,171.311437338591,0,0,0,0
0,0,0,0,0,0,0,0,0,0,0,5.08678460121155,0,48.8195331543684,0,0,0,0,0.48963275551796,0,0,61.5505174547434,0,0.531531304121017,0,249.964043796062,0,1800.67939455807,0,54.811283826828,0,0,0,0,0.390109315514565,0.164987549185753,0,38.8456708043814,0,0,0,15.2646795511246,0,0,0,3.88552214205265,0,3.26971343159676,0,19.426854133606,0,0,0,0,0,0,0,542.959773600101,0,611.948445796967,0,0,36.8905480206013,0,819.854281380773,0,193.080785363913,0,349.002640813589,0,0,0,92.5543094277382,0,0,0,0,0,0.270408928394318,0,704.907422684133,0,89.6047095507383,0,18.2060107588768,2.92656207084656,0
0,0,0,0,0,0,0,0,0,0,0,0,0,0,0,0,0,0,0,0,0,0,1,0,0,0,0,0,327.991563156247,0,0,0,0,0,0,0,0,0,0,0,0,0,0.975453227758408,0,0,0,0.284518629312515,0,5.77360689640045,0,0,0,0,0,0,0,32.2271409630775,0,19.6033834218979,0,0,0,0,0,0,0,0,0,0,196.268810391426,0,0,0,24.8587977290154,0,0,0,0,0,0,0,239.994820967317,0,0,4.06148529052734,0,0
0,0.240189582109451,0,0.142513245344162,0,1.05612541735172,0,0,0,0,0,110.141776055098,0,4.16627931594849,0,0,4.18849989771843,11.4124404191971,48.9203852117062,206.228396117687,0,0,0,0,0,0,0,0,0,436.608848676085,0,0,0,0,0,0.68815141916275,0,29.6416593790054,0,21.8077255710959,0.631165012717247,916.113649867475,0.224984966218472,4.23542707413435,0.141297116875648,204.393596194685,1.36925908923149,0,0.178692206740379,128.922001443803,0,0.479364231228828,0,0,0,0,0,794.782383099198,0,2.11336515843868,0,0,530.024106994271,0,0,0,0,0,0,0,92.5543094277382,0,0,0,0,0,0,0,65.016795411706,2.13040863722563,697.991489671171,0.767765402793884,52.4167814478278,1.51304829120636,671.87463388592,443.991136372089,0
0,0,18.7523940950632,0,2.63432350754738,0,0,0,0,0,173.358526960015,0,0,0,0,0,4.30791220068932,4.30236624181271,123.14188632369,0,0,0,0,0,0,0,0,0,0,0,237.730530425906,0,0,0,0,0,0.825965896248817,0,96.6628163456917,0.213819622993469,40.9728809595108,3.13443827629089,789.221966966987,0.335804104804993,51.8626881539822,3.09159775078297,254.722744733095,1.50942502915859,185.253363907337,0,0,0,0,0,0,0,354.813704892993,0,0,0,0,0,0.938169553875923,137.761919945478,0,0,0,0,0,0,0,24.8587977290154,0,0,0,0,0,0,2.82751658558846,95.4719614610076,0.763851881027222,108.108442932367,64.1302386522293,0,776.255365967751,0,28.4527199864388
0,0,0,0,0,0,0,0,0,0,0,0,0,0,0,0,0,0,0,0,0,0,0,0,0,0,0,0,0,0,0,2499.64569032192,243.09615367651,192.313375145197,0,183.023718461394,7.93765169382095,0,0,0,0,0,0,0,0,0,0,1198.12138713896,0,6.7586452960968,0,0,0,0,0,0,0,0,0,0,0,0,0,0,0,0,0,0,0,0,0,0,0,0,0,153.671570956707,97.3901260495186,0.631956160068512,76.5985515266657,1.2537779211998,0.536770522594452,0,448.030823171139,0,0,0,0
0,0,0,0,0,0,0,0,0,0,0,0,0,0,0,0,0,0,0,0,0,0,0,0,0,0,0,0,0,0,0,72.8176110684872,6141.47175393999,0,7.18417602777481,10.3187981843948,135.607511296868,0,0,0,0,0,0,0,0,0,0,3424.449676916,0,0,0,0,0,0,0,0,0,0,0,0,0,0,0,0,0,0,0,0,0,0,0,0,0,0,153.671570956707,0,0,71.5600538998842,85.0097148120403,218.280129387975,0,0,656.579747110605,0,0,0,0
