0,0,0.163708217512994,0,0,0,0,0,0.156546786325714,0,0,0,0,0,0,0,0.336356793344021,0,0.32113929308742,0,0,0,0,0,0.167233872939559,0,0,0,0,0,0,0,0,0,0,0,0,0,0.140863315202296,0.310783594846725,0.375716066360474,0,0.248261005679766,0,0,0,0.329850879066916,0.256368117034435,0.171437076842174,0,0,0,0,0,0.143194393954532,0,0,0,0,0,0.2172068237297,0,0,0.316849768161774,0,0,0,0.175946798494884,0,0,0,0,0,0.317338883876801,0,0,0,0,0.22835947573185,0.366559291879336,0,0,0.199935884196167,0,0.281407404911195,0,0
0,0,0,0.138502761679278,0,0.152579656905598,0,0,0,0.175581926117189,0,0,0,0,0,0.172411289811134,0,0,0.354034480949243,0,0,0,0,0.211856231093407,0,0,0,0,0,0,0,0,0,0,0,0,0,0,0,0.345894531438164,0,0.300990273143343,0,0.341958343982697,0,0.332720970789206,0,0,0,0.164646934342263,0,0.179209277033806,0,0,0,0.216395456278149,0,0.211595755791472,0,0,0,0.172170830483468,0.398839718103409,0,0.213725497680051,0,0.21558613740668,0,0.176472754162901,0,0,0,0,0,0,0,0,0,0.365557630787363,0,0.366585031151772,0,0.2085001096839,0.148996825019519,0.230134606638536,0,0
0.163708217512994,0,0,0,0.134388562922294,0,0.143185116350651,0,0.120332593326088,0,0,0,0,0,0,0,0.250038370490074,0,0.214571727947755,0,0.150692636993798,0,0,0,0,0,0,0,0,0,0,0,0,0,0,0,0.203438721597195,0,0,0.207324400544167,0.21450504917523,0.240141339600086,0.234518258419252,0,0,0,0.216684938029007,0.221985704132489,0.187468509646979,0.252884045243263,0.143310670950854,0,0,0,0.145059229265298,0,0.168597680071126,0,0.151839006034767,0,0.143597374974846,0,0,0.206843259079116,0,0,0,0,0,0,0,0,0,0.308758521781248,0,0,0,0,0.251313176751137,0.226491478436133,0,0.312064528465271,0.207831904807916,0,0.191850444037198,0,0.233045230309168
0,0.138502761679278,0,0,0,0.126896807825879,0,0,0,0.110402531590727,0,0,0,0,0,0,0.21929669380188,0,0.220173083245754,0.187977984547615,0,0,0,0,0,0,0,0,0,0,0,0,0,0,0,0.203124513228734,0,0,0,0.238940931915298,0,0.232749058793371,0,0,0,0.222001829621743,0,0.205487868189812,0,0.149710105147269,0,0.158247405420179,0,0,0,0.134757034848502,0,0.179546022532033,0,0.166633720244836,0,0.156314972470435,0.196988486817905,0,0,0,0,0,0,0,0,0,0,0,0,0,0,0,0.229285380244255,0,0.33251741528511,0,0.169661092547189,0.200725808739662,0.196494763429732,0,0
0,0,0.134388562922294,0,0,0,0.17506356164813,0,0.128917155618017,0,0.148199959008983,0,0,0,0,0,0,0.202513962984085,0.196230214089155,0,0.162084004542572,0,0,0,0,0,0,0,0,0,0,0,0,0,0,0,0.165069460868835,0,0,0,0.213229045271873,0,0.207255619328196,0,0,0,0.180839963257313,0,0.20878648923503,0,0.166701573438532,0,0.167949000994364,0,0.133330646902323,0,0.153941915585445,0,0,0,0.108323272317648,0,0,0.181798582531742,0,0,0,0,0,0,0,0,0,0.247700408101082,0,0,0,0,0,0.193012224510312,0,0.244831264019012,0.153013096100861,0,0.157044576824579,0,0.189085073769093
0,0.152579656905598,0,0.126896807825879,0,0,0,0.182495567846943,0,0.146873101385103,0,0,0,0,0,0,0,0,0,0.17687420553886,0,0,0,0,0,0,0,0,0,0,0,0,0,0,0,0.159627692349124,0,0,0,0.181959731159387,0,0.213693445548415,0,0,0,0.167472631360094,0,0.181400164961815,0,0.212280951440334,0,0.171997178711143,0,0,0,0.14793350339913,0,0.168374282532725,0,0.155262385308743,0,0.14618543535471,0.192323210382322,0,0,0,0,0,0,0,0,0,0,0,0,0,0,0,0.202200371659163,0,0.230054415762424,0,0.150305904413698,0.163599944428394,0.170499606806541,0,0
0,0,0.143185116350651,0,0.17506356164813,0,0,0,0,0,0.116853852425852,0,0,0,0,0,0,0,0,0,0.112399163676633,0,0,0,0,0,0,0,0,0,0,0,0,0,0,0,0.145314462482929,0,0,0,0.163739390671253,0,0.198741033673286,0,0,0,0,0,0.178848817944527,0,0.212379837036133,0,0.185551760877882,0,0,0,0.182178199291229,0,0,0,0,0,0,0.109830055385828,0,0,0,0,0,0,0,0,0,0,0,0,0,0,0,0.148868987957637,0,0,0.167002313045992,0,0.15466502986171,0,0
0,0,0,0,0,0.182495567846943,0,0,0,0,0,0.145293835550547,0,0,0,0,0,0,0,0.122114161577295,0,0,0,0,0,0,0,0,0,0,0,0,0,0,0,0.156096205115318,0,0,0,0.175909504294395,0,0,0,0,0,0,0,0,0,0,0,0.211275562644005,0,0.144332811236382,0,0,0,0,0,0,0,0,0.144997350043721,0,0,0,0,0,0,0,0,0,0,0,0,0,0,0,0.149564772844315,0,0,0,0.141682897519786,0,0.17878336707751,0,0
0.156546786325714,0,0.120332593326088,0,0.128917155618017,0,0,0,0,0,0,0,0,0,0.186265154867559,0,0.215819141541431,0.251382373273373,0.265545427839498,0,0,0,0,0,0.137055067385701,0,0,0,0,0,0,0,0.255647331476212,0.165384918451309,0.144343056986409,0,0,0,0.165651132842315,0,0.177497163414955,0,0.198873241360371,0,0,0,0.300815880298615,0.17240973668439,0.114232061385382,0,0.125016005088886,0,0,0,0.201741229184395,0,0.245468538254499,0,0.105668023228645,0,0.178175330162048,0,0,0.176407977938652,0,0,0,0.23985186195749,0,0,0,0,0,0.269050789996982,0,0,0,0.156901143491268,0.249859936535358,0.245942701896032,0,0.202386103215672,0.173486511170302,0.168535581231117,0.19137995238557,0,0.153578205832413
0,0.175581926117189,0,0.110402531590727,0,0.146873101385103,0,0,0,0,0,0,0,0,0,0.135454561047513,0.169512475814138,0.220435381877696,0.22806585168505,0,0,0,0,0.18970600888133,0,0.174541980855995,0,0,0,0,0,0,0,0,0,0,0,0,0,0.228966096416116,0,0.194541794723935,0.197817698121071,0.213297579437494,0,0.17595911026001,0,0,0,0.13261565938592,0,0.150278374552727,0,0,0,0.230151014983073,0,0.23577706515789,0,0.173340782523155,0,0.175725914223093,0.215389808019002,0,0,0,0.241728121042252,0,0.185696005821228,0,0,0,0,0,0,0,0,0,0.239825272843951,0,0.298081248998642,0,0.194078978572949,0.152434246106581,0.197491719424725,0.239220306277275,0
0,0,0,0,0.148199959008983,0,0.116853852425852,0,0,0,0,0,0.192206792282958,0,0,0,0,0,0,0,0.175019972669985,0,0,0,0,0,0,0,0.17856769512097,0,0.214768946170807,0,0,0,0,0,0.143547052678269,0,0.199538250424425,0,0,0,0,0,0,0,0,0,0,0,0.1543965908885,0,0,0,0,0,0.17124759033752,0,0.21867214361013,0,0,0,0,0.138442980353917,0,0,0,0,0,0,0,0,0,0.179329139352949,0,0,0,0,0,0.14664445399764,0,0.180632905928585,0.176274113688204,0.148088727422335,0.154814623296261,0,0
0,0,0,0,0,0,0,0.145293835550547,0,0,0,0,0,0.180895147224267,0,0,0,0,0,0.140570098305414,0,0,0,0,0,0,0,0,0,0.149316262134484,0,0,0,0,0,0.177965001169457,0,0.20296859415203,0,0,0,0,0,0,0,0,0,0,0,0,0,0.184135104219119,0,0,0,0,0,0.146133983532588,0,0.186938280974394,0,0,0.150223660428614,0,0,0,0,0,0,0,0.173187928474866,0,0.172374226038273,0,0,0,0,0,0.174556989636686,0,0.206890471772924,0,0.153889945338643,0.17199968546629,0.203985982471042,0,0
0,0,0,0,0,0,0,0,0,0,0.192206792282958,0,0,0,0,0,0,0,0,0,0,0,0,0,0,0,0,0,0.210623249411583,0,0,0,0,0,0,0,0,0,0,0,0,0,0,0,0,0,0,0,0,0,0,0,0,0,0,0,0.186328897045718,0,0.199352906453227,0,0,0,0,0,0,0,0,0,0,0,0,0.206362511430468,0,0,0,0,0,0,0,0,0,0,0.191463984877265,0.215316945252959,0,0,0
0,0,0,0,0,0,0,0,0,0,0,0.180895147224267,0,0,0,0.17052092976295,0,0,0,0,0,0,0,0,0,0,0,0.219108798061356,0,0.172875910997391,0,0,0,0,0,0,0,0,0,0,0,0,0,0,0,0,0,0,0,0,0,0,0,0,0,0,0,0.224017473820009,0,0.185424128270837,0,0.206088820541347,0,0,0,0,0,0,0,0,0.184146009868957,0,0,0,0,0,0,0,0,0,0,0,0.198805330357715,0.205402148790432,0,0,0
0,0,0,0,0,0,0,0,0.186265154867559,0,0,0,0,0,0,0,0.187155112624168,0,0,0,0,0,0,0,0.227326493710279,0,0,0,0,0,0,0,0,0,0,0,0,0,0,0,0,0,0,0,0,0,0,0,0,0,0,0,0,0,0.226703649333545,0,0,0,0,0,0.175565221346915,0,0,0,0,0,0,0.253386599882956,0,0,0,0,0,0,0,0,0,0,0,0,0,0,0.16264089981192,0.164415501058102,0,0,0
0,0.172411289811134,0,0,0,0,0,0,0,0.135454561047513,0,0,0,0.17052092976295,0,0,0,0.174906830078569,0.232812613248825,0,0,0,0,0,0,0.229356572031975,0,0,0,0,0,0,0,0,0,0,0,0,0,0,0,0,0,0,0,0,0,0,0,0,0,0.164829780658086,0,0,0,0.180175540844599,0,0.252724212076929,0,0.20247403813733,0,0.181575993990757,0,0,0,0,0,0,0,0,0.180918243527412,0,0,0,0,0,0,0,0,0,0,0,0.188760242890567,0.214889062302453,0,0,0
0.336356793344021,0,0.250038370490074,0.21929669380188,0,0,0,0,0.215819141541431,0.169512475814138,0,0,0,0,0.187155112624168,0,0,0.144911009650077,0.259401817822517,0,0,0,0.178562487165133,0,0,0.147284559905529,0.187978932980833,0,0.197779459480582,0,0,0,0,0,0,0,0,0,0,0.266417568638211,0.250181619887767,0.224070254092415,0.234118049219251,0.219352394342422,0,0.268554028868675,0.251544738809268,0.212180078029633,0.210240893065929,0.246959984302521,0,0,0,0,0.200419952560748,0,0.291684806346893,0.269411742687225,0,0,0,0.147900268435478,0.283796712756157,0.259835726684994,0,0,0,0.170634159020015,0.135111145675182,0.166228538522354,0,0,0.233366951346397,0.278915017843246,0,0,0,0,0.274115050752317,0.26497879152811,0.305173317591349,0.261687093056165,0.161789220843572,0.139906865705992,0.265859501741866,0,0.243563261297014
0,0,0,0,0.202513962984085,0,0,0,0.251382373273373,0.220435381877696,0,0,0,0,0,0.174906830078569,0.144911009650077,0,0.272417400914922,0,0,0,0,0,0,0.156470313016325,0,0,0,0,0,0,0,0,0,0,0,0,0,0.271334238778586,0.244889088471731,0.223535324704934,0.210104871322127,0.264559201896191,0,0.274559785019268,0.223545254766941,0,0.257638692855835,0.220541303356489,0,0.216705203056335,0,0,0,0,0,0.28392289330562,0,0.247964948415756,0,0.170487313053092,0.330677004655202,0,0.197441035303576,0,0,0,0.157532709446844,0,0,0,0.373138889670372,0,0,0,0,0,0.288631799268423,0.249043398985156,0.285998358218758,0.26327340982177,0.216916868048257,0.154907640226694,0.262911312144476,0.234352771937847,0.221536196768284
0.32113929308742,0.354034480949243,0.214571727947755,0.220173083245754,0.196230214089155,0,0,0,0.265545427839498,0.22806585168505,0,0,0,0,0,0.232812613248825,0.259401817822517,0.272417400914922,0,0,0.233042865991592,0,0.147535353899002,0,0.153053797781467,0.240679492553075,0,0,0,0,0,0,0,0,0,0.215135917067528,0,0,0,0.277883787831213,0.253552328004428,0.193284937190665,0.189771514770726,0.246515225680148,0.320617884397507,0.305522141792763,0.294354447585066,0.22768297791481,0.243453164895376,0.225438818335533,0,0,0,0,0.196816466748714,0,0.27784516941756,0.267366816401482,0,0,0.205954775214195,0.217009082436562,0.325361453520285,0.294656512436566,0,0,0,0.140517875552177,0.207278415560722,0,0,0,0.313930255174637,0.300581148013155,0,0,0,0,0.293108344264173,0.267708015096073,0.278266232701676,0.273360609566256,0.214372534742044,0.164777968216825,0.280097038538852,0.186139726089042,0.192572737358651
0,0,0,0.187977984547615,0,0.17687420553886,0,0.122114161577295,0,0,0,0.140570098305414,0,0,0,0,0,0,0,0,0,0,0,0,0,0,0,0,0,0.191939890384674,0,0,0,0,0,0.191325137649923,0,0.185915069823915,0,0,0,0,0,0,0,0,0,0,0,0,0,0.185265778750181,0,0.128827960463241,0,0,0,0.191457753219912,0,0.170913686354955,0,0,0.191089249931384,0,0,0,0,0,0,0,0,0,0.217898655310273,0,0,0,0,0,0.183251917983804,0,0.199147668221722,0,0.175546676389076,0,0.180802136892453,0,0
0,0,0.150692636993798,0,0.162084004542572,0,0.112399163676633,0,0,0,0.175019972669985,0,0,0,0,0,0,0,0.233042865991592,0,0,0,0,0,0,0,0,0,0,0,0,0,0,0,0,0.194525599479675,0.183324063573448,0,0.203312252697192,0,0.144469957053661,0,0.212403443455696,0,0,0,0.191793173551559,0.182762190699577,0.177528888560258,0,0.17172953365154,0,0.125306953585917,0,0,0,0.15005568034299,0,0,0,0,0,0,0.181115557154424,0,0,0,0,0,0,0,0,0,0,0,0,0,0,0.188122373819351,0.165713530914484,0,0.20441646802993,0.175577147623653,0.176277985627001,0.163742439997433,0,0.189884647727013
0,0,0,0,0,0,0,0,0,0,0,0,0,0,0,0,0,0,0,0,0,0,0.139362655546881,0.120320146083832,0,0,0,0.184740729162942,0,0,0,0,0,0,0,0,0,0.149282915663919,0,0,0,0,0,0,0,0,0,0,0,0.15503216086904,0,0,0,0,0,0,0,0,0,0,0,0,0,0,0.169208854634957,0.148178529998427,0.161741112669309,0,0.197055697441101,0,0.19767608476354,0,0,0,0,0,0,0,0,0,0.192918441759379,0,0.176724576659404,0.187830868966252,0,0,0
0,0,0,0,0,0,0,0,0,0,0,0,0,0,0,0,0.178562487165133,0,0.147535353899002,0,0,0.139362655546881,0,0,0.135638626779501,0,0.210440170306426,0,0.201107513401154,0,0,0,0,0,0,0,0,0.139951881021261,0.190360953107326,0,0,0,0,0,0,0,0,0,0,0,0,0,0,0,0,0,0,0,0,0,0,0,0,0,0.142175493147924,0.178832063492977,0,0,0,0.205812558200624,0,0.176869260390851,0,0,0,0,0,0,0,0,0,0.195291419226078,0.153803039814595,0.166182878452378,0,0,0
0,0.211856231093407,0,0,0,0,0,0,0,0.18970600888133,0,0,0,0,0,0,0,0,0,0,0,0.120320146083832,0,0,0,0.182054388854239,0,0,0,0,0,0,0,0.268081665039062,0,0,0,0.144527591268222,0,0,0,0,0,0,0,0,0,0,0,0.167523106686155,0,0,0,0,0,0.266979840248823,0,0,0,0,0,0,0,0,0.17010106643041,0,0.174474226931731,0,0.202278829126988,0,0,0,0,0,0,0,0.245458727081617,0,0,0,0.203579858914018,0,0.173026867783987,0,0,0,0
0.167233872939559,0,0,0,0,0,0,0,0.137055067385701,0,0,0,0,0,0.227326493710279,0,0,0,0.153053797781467,0,0,0,0.135638626779501,0,0,0,0.207342967391014,0,0,0,0,0,0,0,0,0,0,0,0.151534332023872,0,0,0,0.16199621061484,0,0,0,0,0,0.185838495691617,0,0,0,0,0,0.186976664803094,0,0.232001289725304,0,0,0,0.19260390162468,0,0,0,0,0.141925046077141,0,0.186952374343361,0,0.197396352887154,0,0,0,0,0,0,0,0,0,0,0,0.193998618303119,0.159907016069999,0.102371789515018,0.158489651978016,0,0.158224552869797
0,0,0,0,0,0,0,0,0,0.174541980855995,0,0,0,0,0,0.229356572031975,0.147284559905529,0.156470313016325,0.240679492553075,0,0,0,0,0.182054388854239,0,0,0,0,0,0,0,0,0,0,0,0,0,0,0,0,0,0,0,0,0,0,0,0,0,0,0,0,0,0,0,0,0,0,0,0,0,0,0,0,0,0,0,0,0.214060141808457,0,0,0,0,0,0,0,0,0,0,0,0,0,0.168167819734663,0,0.302678763866425,0,0
0,0,0,0,0,0,0,0,0,0,0,0,0,0,0,0,0.187978932980833,0,0,0,0,0,0.210440170306426,0,0.207342967391014,0,0,0,0.19391691102223,0,0,0,0,0,0,0,0,0,0,0,0,0,0,0,0,0,0,0,0,0,0,0,0,0,0,0,0,0,0,0,0,0,0,0,0,0.201974982129676,0,0,0,0.181634856612002,0,0.241626366972923,0,0,0,0,0,0,0,0,0,0,0.162477363906414,0,0,0,0
0,0,0,0,0,0,0,0,0,0,0,0,0,0.219108798061356,0,0,0,0,0,0,0,0.184740729162942,0,0,0,0,0,0,0,0.197872449812435,0,0,0,0,0,0,0,0.17991290045412,0,0,0,0,0,0,0,0,0,0,0,0,0,0,0,0,0,0,0,0,0,0.235872833053793,0,0,0,0,0.188114961901726,0,0,0,0.213017292320728,0,0.195970763766095,0,0.192884107146944,0,0,0,0,0,0,0,0.188294408825294,0,0.196728077439545,0.223975957970913,0,0,0
0,0,0,0,0,0,0,0,0,0,0.17856769512097,0,0.210623249411583,0,0,0,0.197779459480582,0,0,0,0,0,0.201107513401154,0,0,0,0.19391691102223,0,0,0,0.189988503052342,0,0,0,0,0,0,0,0.196231060131581,0,0,0,0,0,0,0,0,0,0,0,0,0,0,0,0,0,0.201348952949047,0,0.162255245905656,0,0,0,0,0,0,0.190757255097465,0,0,0,0,0,0.189524397622746,0,0.180326609171321,0,0,0,0,0,0,0,0.198933673617633,0.193254922568021,0.216767610079842,0,0,0
0,0,0,0,0,0,0,0,0,0,0,0.149316262134484,0,0.172875910997391,0,0,0,0,0,0.191939890384674,0,0,0,0,0,0,0,0.197872449812435,0,0,0,0,0,0,0,0,0,0.225787128843732,0,0,0,0,0,0,0,0,0,0,0,0,0,0,0,0,0,0,0,0.155601218342781,0,0.171626232172313,0,0,0.196605396270752,0,0,0,0,0,0,0,0.18953519852625,0,0.170441543943105,0,0,0,0,0,0,0,0.21818169922442,0,0.168087860483915,0.174506692422761,0,0,0
0,0,0,0,0,0,0,0,0,0,0.214768946170807,0,0,0,0,0,0,0,0,0,0,0,0,0,0,0,0,0,0.189988503052342,0,0,0,0,0,0,0,0,0,0.21297457088647,0,0,0,0,0,0,0,0,0,0,0,0,0,0,0,0,0,0.197560133051503,0,0,0,0,0,0,0,0,0,0,0,0,0,0,0.178498846699589,0,0.178675293922424,0,0,0,0,0,0,0,0.208858832479157,0.192314687202562,0,0,0,0
0,0,0,0,0,0,0,0,0,0,0,0,0,0,0,0,0,0,0,0,0,0,0,0,0,0,0,0,0,0,0,0,0.204196745998005,0.185133667162486,0.139921325870923,0.176351839363284,0.149827502788075,0,0,0,0,0,0,0,0,0,0,0.316861274115303,0,0,0,0,0,0,0,0,0,0,0,0,0,0,0,0,0,0,0,0,0,0,0,0,0,0,0.224323618567779,0.252355006087163,0.240114148874004,0.19413600056558,0.206283115246666,0.211474245079817,0,0,0.122515317670364,0.231697380542755,0.218299522995949,0,0
0,0,0,0,0,0,0,0,0.255647331476212,0,0,0,0,0,0,0,0,0,0,0,0,0,0,0,0,0,0,0,0,0,0,0.204196745998005,0,0.192354717337694,0.276554927916307,0.210254618956242,0.194550682348709,0,0.186647847294807,0,0,0,0,0,0,0,0,0.438279633614469,0.457096618684855,0,0,0,0,0,0,0,0,0,0,0,0,0,0,0,0,0,0,0,0,0,0,0,0,0,0.237105543735816,0.377812012534506,0.220070091051024,0.281984781890657,0.190169590582818,0.365008154183248,0,0.209425158798695,0.130249096538339,0,0,0,0
0,0,0,0,0,0,0,0,0.165384918451309,0,0,0,0,0,0,0,0,0,0,0,0,0,0,0.268081665039062,0,0,0,0,0,0,0,0.185133667162486,0.192354717337694,0,0.195485126862975,0.19477276394434,0.226171234622598,0.243799096100693,0.168312135515289,0,0,0,0,0,0,0,0,0.312906411098763,0.474721910861822,0,0,0,0,0,0,0,0,0,0,0,0,0,0,0,0,0,0.255024194717407,0,0,0,0,0,0,0,0.301045849039168,0.259685252462664,0.220749861041724,0.193896594037653,0.18994446921568,0.232002407312393,0.235092796655326,0.180079913698137,0.17039573105545,0.203154756591238,0.240262418985367,0,0
0,0,0,0,0,0,0,0,0.144343056986409,0,0,0,0,0,0,0,0,0,0,0,0,0,0,0,0,0,0,0,0,0,0,0.139921325870923,0.276554927916307,0.195485126862975,0,0.239029804674479,0.186707330883845,0.192858827610811,0.188682637928362,0,0,0,0,0,0,0,0,0.45754211751402,0.377968861189272,0.450575760168623,0,0,0,0,0.140761978924274,0,0,0,0,0,0,0,0,0,0,0,0,0,0,0,0,0,0,0,0.249136332422495,0.337765053581338,0.221598379985418,0.231453840547404,0.219195299914905,0.300266608903089,0.355291831406575,0.201832783288426,0.292187546514282,0.190000472999201,0.362924271159702,0,0
0,0,0,0.203124513228734,0,0.159627692349124,0,0.156096205115318,0,0,0,0.177965001169457,0,0,0,0,0,0,0.215135917067528,0.191325137649923,0.194525599479675,0,0,0,0,0,0,0,0,0,0,0.176351839363284,0.210254618956242,0.19477276394434,0.239029804674479,0,0.188757528206347,0.153038281561344,0.251149997115135,0.177233849465847,0.239715754985809,0.248919394332916,0.229236602783203,0,0,0.131822792705426,0.215684190392494,0.284815677416486,0.220551621680166,0.202752366773228,0,0.176256968743271,0,0,0,0.195956066250801,0,0.184578010439873,0,0.184166842036777,0,0,0.1734984151108,0,0,0,0,0,0,0,0,0,0,0,0.181711064488059,0.22364238019173,0.213137604125583,0.229817689416256,0.186876268975864,0.192431625526936,0.156074272558756,0.262852340936661,0.177990191973751,0.202112772776967,0.212941211162378,0,0
0,0,0.203438721597195,0,0.165069460868835,0,0.145314462482929,0,0,0,0.143547052678269,0,0,0,0,0,0,0,0,0,0.183324063573448,0,0,0,0,0,0,0,0,0,0,0.149827502788075,0.194550682348709,0.226171234622598,0.186707330883845,0.188757528206347,0,0,0.150077269799455,0.256862182170153,0.14126309285413,0.327350318431854,0.186400685045454,0,0,0,0.154752280704583,0.246847102791071,0.175532904370078,0.203217960894108,0,0.240164786577225,0,0,0.194215893745422,0,0.142376931177245,0,0,0,0,0,0,0.172513578710072,0,0,0,0,0,0,0,0,0,0,0.228246486312907,0.184579259575173,0.232966990574546,0.193881897873313,0.185751523369065,0.178300595005825,0,0.157348151769988,0.179845594513009,0.218468348351755,0.177078583008169,0,0
0,0,0,0,0,0,0,0,0,0,0,0.20296859415203,0,0,0,0,0,0,0,0.185915069823915,0,0.149282915663919,0.139951881021261,0.144527591268222,0,0,0,0.17991290045412,0,0.225787128843732,0,0,0,0.243799096100693,0.192858827610811,0.153038281561344,0,0,0.168426334222753,0,0,0.174578138102185,0,0,0,0,0,0.360341657070428,0.321136981248856,0.322898792353674,0,0,0,0.181129798293114,0,0,0,0.22429197281599,0,0,0,0,0.204643377536164,0,0.296601278922063,0.137531796639616,0.190387782197995,0,0,0,0.166439752166088,0,0.197504856130656,0,0,0,0.207203292890507,0.189071739358561,0.169228648998548,0,0.201490179749957,0.220539185735914,0.172252995190399,0.122871935367584,0.224333752804987,0,0
0.140863315202296,0,0,0,0,0,0,0,0.165651132842315,0,0.199538250424425,0,0,0,0,0,0,0,0,0,0.203312252697192,0,0.190360953107326,0,0.151534332023872,0,0,0,0.196231060131581,0,0.21297457088647,0,0.186647847294807,0.168312135515289,0.188682637928362,0.251149997115135,0.150077269799455,0.168426334222753,0,0,0,0.344391047954559,0,0,0,0,0,0.51997774729739,0.34657462104577,0.331430156733475,0,0,0,0,0.201190146532926,0,0.200947616844488,0,0,0,0,0,0,0.202997806002793,0,0.204269035090212,0,0.261421851008325,0,0,0,0.190720839192206,0,0.196499153992719,0,0.23571978840563,0.188518984884512,0.185232821908318,0,0.156100299577685,0.211037829092571,0.199444343263823,0.210836402797087,0.156030356481269,0.275562842190266,0,0
0.310783594846725,0.345894531438164,0.207324400544167,0.238940931915298,0,0.181959731159387,0,0.175909504294395,0,0.228966096416116,0,0,0,0,0,0,0.266417568638211,0.271334238778586,0.277883787831213,0,0,0,0,0,0,0,0,0,0,0,0,0,0,0,0,0.177233849465847,0.256862182170153,0,0,0,0,0.272558496245644,0.243175059556961,0.251444807021241,0,0.313346357922679,0.198744162917137,0.173431745372139,0.219501445690791,0.169785669996138,0,0.197184279561043,0,0,0,0.207221469945378,0,0.23118176627649,0,0.20752192575198,0,0.20738059175866,0.224625915079681,0,0,0,0,0,0,0,0,0,0.26189800798893,0,0,0,0,0,0.196772411952744,0.210326559841633,0.223303373886026,0.229190453886986,0.296900749285875,0.251034420901451,0.267757716878972,0.248132399537347,0
0.375716066360474,0,0.21450504917523,0,0.213229045271873,0,0.163739390671253,0,0.177497163414955,0,0,0,0,0,0,0,0.250181619887767,0.244889088471731,0.253552328004428,0,0.144469957053661,0,0,0,0,0,0,0,0,0,0,0,0,0,0,0.239715754985809,0.14126309285413,0,0,0,0,0.222434829175472,0.229481485160804,0,0.313963760932287,0,0.263148633635526,0.164488563367299,0.174778030408814,0.250392645597458,0.185562163591385,0,0,0,0.198326423764229,0,0.22596261203289,0,0,0,0.17105507850647,0,0,0.238023095916216,0,0,0,0,0,0,0,0,0,0.262835314740305,0,0,0,0,0.264480501413345,0.179109052233955,0,0.231792846585021,0.256899624802702,0.227980514367421,0.217542917967542,0,0.213961404103499
0,0.300990273143343,0.240141339600086,0.232749058793371,0,0.213693445548415,0,0,0,0.194541794723935,0,0,0,0,0,0,0.224070254092415,0.223535324704934,0.193284937190665,0,0,0,0,0,0,0,0,0,0,0,0,0,0,0,0,0.248919394332916,0.327350318431854,0.174578138102185,0.344391047954559,0.272558496245644,0.222434829175472,0,0.205335615962807,0.197027637268686,0,0.231725467916797,0.218458449298685,0.229812257868402,0.333916013439496,0.274990217391411,0,0.2173147369986,0,0,0,0.222493486478925,0,0.304356985244345,0,0.222343639415853,0,0.223382763067881,0.310697988878625,0.236910040179888,0.263631284236908,0,0,0,0,0,0,0,0.326140334208806,0,0,0,0,0,0.288217619095352,0.229898393154144,0.28643672564503,0.240717181563377,0.23434536399148,0.27306353942277,0.271820270117048,0.244433232708476,0.19557036831975
0.248261005679766,0,0.234518258419252,0,0.207255619328196,0,0.198741033673286,0,0.198873241360371,0.197817698121071,0,0,0,0,0,0,0.234118049219251,0.210104871322127,0.189771514770726,0,0.212403443455696,0,0,0,0.16199621061484,0,0,0,0,0,0,0,0,0,0,0.229236602783203,0.186400685045454,0,0,0.243175059556961,0.229481485160804,0.205335615962807,0,0.227522759483411,0.40711972117424,0.262459136545658,0.236311320722065,0.255322535123144,0.249595874799166,0.324450150132179,0.215715231001377,0,0,0,0.185540695157316,0,0.299011287855548,0.243099302053452,0.252328217029572,0,0.206663832068443,0,0.28956413269043,0.231170435423975,0,0,0,0.164090233544509,0,0,0,0,0,0.313231412929001,0,0,0,0,0.267817984024684,0.248505248954336,0.260174423456192,0.276892328482182,0.231772734612587,0.2777036063227,0.260199859264683,0.199976943433285,0.206822851110323
0,0.341958343982697,0,0,0,0,0,0,0,0.213297579437494,0,0,0,0,0,0,0.219352394342422,0.264559201896191,0.246515225680148,0,0,0,0,0,0,0,0,0,0,0,0,0,0,0,0,0,0,0,0,0.251444807021241,0,0.197027637268686,0.227522759483411,0,0,0.301807134467013,0,0.200706139206886,0,0.23843260705471,0,0,0,0,0,0,0,0.295695052905516,0,0,0,0,0.428776763379574,0,0,0,0,0,0,0,0,0,0.380571752786636,0,0,0,0,0,0.295176726492012,0,0.374768985544934,0,0.236870612662572,0.250933706760406,0.254387306263212,0,0
0,0,0,0,0,0,0,0,0,0,0,0,0,0,0,0,0,0,0.320617884397507,0,0,0,0,0,0,0,0,0,0,0,0,0,0,0,0,0,0,0,0,0,0.313963760932287,0,0.40711972117424,0,0,0,0.340791559881634,0,0,0,0,0,0,0,0,0,0,0,0,0,0,0,0,0.43991847038269,0,0,0,0,0,0,0,0,0,0,0,0,0,0,0,0.349960865245925,0,0.402984321117401,0.334006232023239,0,0.437333757430315,0,0
0,0.332720970789206,0,0.222001829621743,0,0.167472631360094,0,0,0,0.17595911026001,0,0,0,0,0,0,0.268554028868675,0.274559785019268,0.305522141792763,0,0,0,0,0,0,0,0,0,0,0,0,0,0,0,0,0.131822792705426,0,0,0,0.313346357922679,0,0.231725467916797,0.262459136545658,0.301807134467013,0,0,0.252287328243256,0.17869209498167,0.230742752552032,0.21372006054629,0,0.187517433482058,0,0,0,0.1776157276971,0,0.230476107079904,0,0.178322242429623,0,0.177600906363555,0.178283271890494,0.228667542338371,0,0,0,0,0,0,0,0,0.267921996467254,0,0,0,0,0,0.206663256092076,0,0.311918748726307,0,0.31369742219658,0.258412178605795,0.243523738508083,0.206922337412834,0
0.329850879066916,0,0.216684938029007,0,0.180839963257313,0,0,0,0.300815880298615,0,0,0,0,0,0,0,0.251544738809268,0.223545254766941,0.294354447585066,0,0.191793173551559,0,0,0,0,0,0,0,0,0,0,0,0,0,0,0.215684190392494,0.154752280704583,0,0,0.198744162917137,0.263148633635526,0.218458449298685,0.236311320722065,0,0.340791559881634,0.252287328243256,0,0.21083921790123,0.197489934437203,0.232160910964012,0,0,0.19173863530159,0,0.243643142282963,0,0.279134369709275,0,0,0,0,0,0,0.205697981613999,0,0,0,0,0,0,0,0,0,0.291749506774876,0,0,0,0,0.237573544383049,0.262037022099004,0,0.319335177867082,0.275008385618961,0.205271708468596,0.246187150371112,0.197651386260986,0.221762657165527
0.256368117034435,0,0.221985704132489,0.205487868189812,0,0.181400164961815,0,0,0.17240973668439,0,0,0,0,0,0,0,0.212180078029633,0,0.22768297791481,0,0.182762190699577,0,0,0,0,0,0,0,0,0,0,0.316861274115303,0.438279633614469,0.312906411098763,0.45754211751402,0.284815677416486,0.246847102791071,0.360341657070428,0.51997774729739,0.173431745372139,0.164488563367299,0.229812257868402,0.255322535123144,0.200706139206886,0,0.17869209498167,0.21083921790123,0,0.357695306310002,0.407641612903673,0.218688890337944,0.193981923162937,0,0,0,0.176260411739349,0,0.224094033241272,0,0.188874617218971,0,0.165512919425964,0.201240085065365,0.165469488501549,0.340757188471881,0,0.356804698705673,0,0,0,0,0,0,0,0.296196575890216,0.455165581825777,0.363826473250921,0.337885993386283,0.238947740176769,0.321391127696809,0.456106768024366,0.29840968326969,0.43876420303123,0.238990233132714,0.275977186205094,0,0
0.171437076842174,0,0.187468509646979,0,0.20878648923503,0,0.178848817944527,0,0.114232061385382,0,0,0,0,0,0,0,0.210240893065929,0.257638692855835,0.243453164895376,0,0.177528888560258,0,0,0,0.185838495691617,0,0,0,0,0,0,0,0.457096618684855,0.474721910861822,0.377968861189272,0.220551621680166,0.175532904370078,0.321136981248856,0.34657462104577,0.219501445690791,0.174778030408814,0.333916013439496,0.249595874799166,0,0,0.230742752552032,0.197489934437203,0.357695306310002,0,0.33613705940458,0.217143394052982,0,0,0,0.210570632014424,0,0.223339626193047,0,0.21976862847805,0,0.189261631323741,0.228088244795799,0.201473623514175,0.19565398480211,0,0,0,0.204296305775642,0,0,0,0,0,0.279659435153008,0,0.348110775681252,0.442932552001515,0.267252821326256,0.221446143463254,0.18403716705106,0.368012403634107,0.22333445520992,0.323305714826501,0.160900875926018,0.23538387912009,0,0.277294183770816
0,0.164646934342263,0.252884045243263,0.149710105147269,0,0.212280951440334,0,0,0,0.13261565938592,0,0,0,0,0,0,0.246959984302521,0.220541303356489,0.225438818335533,0,0,0.15503216086904,0,0.167523106686155,0,0,0,0,0,0,0,0,0,0,0.450575760168623,0.202752366773228,0.203217960894108,0.322898792353674,0.331430156733475,0.169785669996138,0.250392645597458,0.274990217391411,0.324450150132179,0.23843260705471,0,0.21372006054629,0.232160910964012,0.407641612903673,0.33613705940458,0,0,0.20857168848698,0,0,0,0.165482864611679,0,0.226644178044121,0,0.232277167880017,0,0.20943102097282,0.20531910037001,0,0.255136157626818,0,0.226727058463024,0,0.257076136767864,0,0.204731250405312,0,0.23665614426136,0,0,0,0.34525790810585,0,0.174053386395628,0,0.282998963140647,0.365440913315477,0.285445352376589,0.259774090891535,0.271013750306671,0.25630895793438,0
0,0,0.143310670950854,0,0.166701573438532,0,0.212379837036133,0,0.125016005088886,0,0.1543965908885,0,0,0,0,0,0,0,0,0,0.17172953365154,0,0,0,0,0,0,0,0,0,0,0,0,0,0,0,0,0,0,0,0.185562163591385,0,0.215715231001377,0,0,0,0,0.218688890337944,0.217143394052982,0,0,0,0.142091453075409,0,0.124476402997971,0,0.150590299205347,0,0,0,0,0,0,0.196681522300323,0,0,0,0,0,0,0,0,0,0.268135786056519,0,0,0,0,0,0.227300271391869,0,0,0.162444311570614,0.171857416629791,0.173136151508499,0,0
0,0.179209277033806,0,0.158247405420179,0,0.171997178711143,0,0.211275562644005,0,0.150278374552727,0,0.184135104219119,0,0,0,0.164829780658086,0,0.216705203056335,0,0.185265778750181,0,0,0,0,0,0,0,0,0,0,0,0,0,0,0,0.176256968743271,0.240164786577225,0,0,0.197184279561043,0,0.2173147369986,0,0,0,0.187517433482058,0,0.193981923162937,0,0.20857168848698,0,0,0,0,0,0.150672961274783,0,0.177730955183506,0,0.121010638773441,0,0.146831419235601,0.266266167705709,0,0,0,0,0,0,0,0,0,0.222515195608139,0,0,0,0,0,0.228476345449865,0,0.227287851274014,0,0.157534924646219,0.163142614066601,0.201231426531726,0,0
0,0,0,0,0.167949000994364,0,0.185551760877882,0,0,0,0,0,0,0,0,0,0,0,0,0,0.125306953585917,0,0,0,0,0,0,0,0,0,0,0,0,0,0,0,0,0,0,0,0,0,0,0,0,0,0.19173863530159,0,0,0,0.142091453075409,0,0,0,0,0,0,0,0,0,0,0,0,0,0,0,0,0,0,0,0,0,0,0,0,0,0,0,0,0,0,0,0.174346631318331,0,0.152938738465309,0,0
0,0,0,0,0,0,0,0.144332811236382,0,0,0,0,0,0,0,0,0,0,0,0.128827960463241,0,0,0,0,0,0,0,0,0,0,0,0,0,0,0,0,0,0.181129798293114,0,0,0,0,0,0,0,0,0,0,0,0,0,0,0,0,0,0,0,0,0,0,0,0,0,0,0,0,0,0,0,0,0,0,0,0,0,0,0,0,0,0,0,0,0.15173175605014,0,0,0,0
0.143194393954532,0,0.145059229265298,0,0.133330646902323,0,0,0,0.201741229184395,0,0,0,0,0,0.226703649333545,0,0.200419952560748,0,0.196816466748714,0,0,0,0,0,0.186976664803094,0,0,0,0,0,0,0,0,0,0.140761978924274,0,0.194215893745422,0,0.201190146532926,0,0.198326423764229,0,0.185540695157316,0,0,0,0.243643142282963,0,0.210570632014424,0,0.124476402997971,0,0,0,0,0,0.241726383566856,0,0,0,0.220025621676961,0,0,0,0,0.229746222496033,0,0.245364661455566,0,0,0,0,0,0.251836305856705,0,0,0,0,0,0.239557325839996,0,0.233177896056856,0.167878081136551,0.157124385237694,0.195640173595433,0,0.153824829629489
0,0.216395456278149,0,0.134757034848502,0,0.14793350339913,0,0,0,0.230151014983073,0,0,0,0,0,0.180175540844599,0,0,0,0,0,0,0,0.266979840248823,0,0,0,0,0,0,0,0,0,0,0,0.195956066250801,0,0,0,0.207221469945378,0,0.222493486478925,0,0,0,0.1776157276971,0,0.176260411739349,0,0.165482864611679,0,0.150672961274783,0,0,0,0,0,0.157067384570837,0,0.178141973912716,0,0.191571274061793,0.178866773843765,0,0.229009319841862,0,0.305137148698171,0,0.19870870255056,0,0,0,0,0,0,0,0,0,0.185786922772725,0,0,0,0.182753327341986,0,0.255861145530984,0,0
0,0,0.168597680071126,0,0.153941915585445,0,0.182178199291229,0,0.245468538254499,0,0.17124759033752,0,0.186328897045718,0,0,0,0.291684806346893,0,0.27784516941756,0,0.15005568034299,0,0,0,0.232001289725304,0,0,0,0.201348952949047,0,0.197560133051503,0,0,0,0,0,0.142376931177245,0,0.200947616844488,0,0.22596261203289,0,0.299011287855548,0,0,0,0.279134369709275,0,0.223339626193047,0,0.150590299205347,0,0,0,0.241726383566856,0,0,0,0.13800066883308,0,0.161507950829608,0,0,0.184276842485479,0,0,0,0,0,0,0,0,0,0.349825724644338,0,0,0,0,0,0.237250229487052,0,0.272168970124635,0.182926423720965,0.176773656691824,0.33768889485039,0,0.326352455295049
0,0.211595755791472,0,0.179546022532033,0,0.168374282532725,0,0,0,0.23577706515789,0,0.146133983532588,0,0.224017473820009,0,0.252724212076929,0.269411742687225,0.28392289330562,0.267366816401482,0.191457753219912,0,0,0,0,0,0,0,0,0,0.155601218342781,0,0,0,0,0,0.184578010439873,0,0.22429197281599,0,0.23118176627649,0,0.304356985244345,0.243099302053452,0.295695052905516,0,0.230476107079904,0,0.224094033241272,0,0.226644178044121,0,0.177730955183506,0,0,0,0.157067384570837,0,0,0,0.245737995374581,0,0.259357869625092,0.266970173267344,0,0,0,0,0,0,0,0.229208753519767,0,0.247961457461279,0,0,0,0,0,0.260905995635089,0,0.27102041848608,0,0.176747126418811,0.200357478111982,0.260049110094786,0.30826017908428,0
0,0,0.151839006034767,0,0,0,0,0,0.105668023228645,0,0.21867214361013,0,0.199352906453227,0,0,0,0,0,0,0,0,0,0,0,0,0,0,0,0.162255245905656,0,0,0,0,0,0,0,0,0,0,0,0,0,0.252328217029572,0,0,0,0,0,0.21976862847805,0,0,0,0,0,0,0,0.13800066883308,0,0,0,0.165183249447081,0,0,0,0,0,0,0,0,0,0,0.174666018724442,0,0,0,0,0,0,0,0,0,0,0.208668287865251,0.221756859115247,0,0,0
0,0,0,0.166633720244836,0,0.155262385308743,0,0,0,0.173340782523155,0,0.186938280974394,0,0.185424128270837,0,0.20247403813733,0,0.247964948415756,0,0.170913686354955,0,0,0,0,0,0,0,0.235872833053793,0,0.171626232172313,0,0,0,0,0,0.184166842036777,0,0,0,0.20752192575198,0,0.222343639415853,0,0,0,0.178322242429623,0,0.188874617218971,0,0.232277167880017,0,0.121010638773441,0,0,0,0.178141973912716,0,0.245737995374581,0,0,0,0.226093047222491,0.203682253758113,0,0,0,0,0,0.191140040755272,0,0.197197615573148,0,0,0,0,0,0,0,0.189638214806716,0,0.237969290465117,0,0.193452566964481,0.207526473021259,0.199277458008793,0,0
0.2172068237297,0,0.143597374974846,0,0.108323272317648,0,0,0,0.178175330162048,0,0,0,0,0,0.175565221346915,0,0,0,0.205954775214195,0,0,0,0,0,0.19260390162468,0,0,0,0,0,0,0,0,0,0,0,0,0,0,0,0.17105507850647,0,0.206663832068443,0,0,0,0,0,0.189261631323741,0,0,0,0,0,0.220025621676961,0,0.161507950829608,0,0.165183249447081,0,0,0,0,0,0,0,0,0.240129235821466,0,0,0,0,0,0,0,0,0,0,0,0.190349712967873,0,0,0.177850140356704,0,0.207658529281616,0,0
0,0.172170830483468,0,0.156314972470435,0,0.14618543535471,0,0,0,0.175725914223093,0,0,0,0.206088820541347,0,0.181575993990757,0.147900268435478,0.170487313053092,0.217009082436562,0,0,0,0,0,0,0,0,0,0,0,0,0,0,0,0,0,0,0,0,0.20738059175866,0,0.223382763067881,0,0,0,0.177600906363555,0,0.165512919425964,0.228088244795799,0.20943102097282,0,0.146831419235601,0,0,0,0.191571274061793,0,0.259357869625092,0,0.226093047222491,0,0,0.187688045203686,0,0,0,0.20438997199138,0,0.171734801597065,0,0.17353824425388,0,0,0,0,0,0,0,0.182809635996819,0,0,0,0.169280219104793,0,0.196603772230446,0,0
0,0.398839718103409,0,0.196988486817905,0,0.192323210382322,0,0.144997350043721,0,0.215389808019002,0,0.150223660428614,0,0,0,0,0.283796712756157,0.330677004655202,0.325361453520285,0.191089249931384,0,0,0,0,0,0,0,0,0,0.196605396270752,0,0,0,0,0,0.1734984151108,0,0.204643377536164,0,0.224625915079681,0,0.310697988878625,0.28956413269043,0.428776763379574,0,0.178283271890494,0,0.201240085065365,0.201473623514175,0.20531910037001,0,0.266266167705709,0,0,0,0.178866773843765,0,0.266970173267344,0,0.203682253758113,0,0.187688045203686,0,0,0,0,0,0,0,0,0,0,0.278777717341821,0,0,0,0,0,0.2042141939999,0,0.286931955969558,0.332937985658646,0.190745209859815,0,0.280384530999507,0.358237124681473,0
0.316849768161774,0,0.206843259079116,0,0.181798582531742,0,0.109830055385828,0,0.176407977938652,0,0.138442980353917,0,0,0,0,0,0.259835726684994,0,0.294656512436566,0,0.181115557154424,0,0,0,0,0,0,0,0,0,0,0,0,0,0,0,0.172513578710072,0,0.202997806002793,0,0.238023095916216,0.236910040179888,0.231170435423975,0,0.43991847038269,0.228667542338371,0.205697981613999,0.165469488501549,0.19565398480211,0,0.196681522300323,0,0,0,0,0,0.184276842485479,0,0,0,0,0,0,0,0,0,0,0,0,0,0,0,0,0.377495547490461,0,0,0,0,0,0.200080554630456,0,0.383492695727511,0.182689853800722,0.187177866697311,0.232941387787292,0.220704182982445,0.372038346529007
0,0.213725497680051,0,0,0,0,0,0,0,0,0,0,0,0,0,0,0,0.197441035303576,0,0,0,0.169208854634957,0.142175493147924,0.17010106643041,0,0,0,0.188114961901726,0,0,0,0,0,0,0,0,0,0.296601278922063,0,0,0,0.263631284236908,0,0,0,0,0,0.340757188471881,0,0.255136157626818,0,0,0,0,0,0.229009319841862,0,0,0,0,0,0,0,0,0,0.151494966766664,0.225812059394345,0,0.238784424168525,0,0.175292448709256,0,0,0,0,0,0,0,0,0,0.296609918871304,0,0.194084409647148,0.173090712139101,0.265925887407679,0,0
0,0,0,0,0,0,0,0,0,0,0,0,0,0,0,0,0,0,0,0,0,0.148178529998427,0.178832063492977,0,0.141925046077141,0,0.201974982129676,0,0.190757255097465,0,0,0,0,0,0,0,0,0.137531796639616,0.204269035090212,0,0,0,0,0,0,0,0,0,0,0,0,0,0,0,0.229746222496033,0,0,0,0,0,0,0,0,0,0.151494966766664,0,0,0.209294641001977,0,0.210205181867261,0,0.173753930817004,0,0,0,0,0,0,0,0,0,0.217333523126749,0.168566042257599,0.187613076600895,0,0,0
0,0.21558613740668,0,0,0,0,0,0,0,0.241728121042252,0,0,0,0,0,0,0,0,0,0,0,0.161741112669309,0,0.174474226931731,0,0,0,0,0,0,0,0,0,0.255024194717407,0,0,0,0.190387782197995,0,0,0,0,0,0,0,0,0,0.356804698705673,0,0.226727058463024,0,0,0,0,0,0.305137148698171,0,0,0,0,0,0.20438997199138,0,0,0.225812059394345,0,0,0,0.217772327114702,0,0,0,0,0,0,0,0.236648181080818,0,0,0,0.200113413786447,0,0.178922705657658,0,0.224440524975459,0,0
0.175946798494884,0,0,0,0,0,0,0,0.23985186195749,0,0,0,0,0,0.253386599882956,0,0.170634159020015,0,0.140517875552177,0,0,0,0,0,0.186952374343361,0,0,0,0,0,0,0,0,0,0,0,0,0,0.261421851008325,0,0,0,0.164090233544509,0,0,0,0,0,0.204296305775642,0,0,0,0,0,0.245364661455566,0,0,0,0,0,0.240129235821466,0,0,0,0,0.209294641001977,0,0,0,0,0,0,0,0,0,0,0,0,0,0,0,0.24258980386787,0.184094083957545,0,0.199086394160986,0,0.158955469727516
0,0.176472754162901,0,0,0,0,0,0,0,0.185696005821228,0,0,0,0,0,0,0.135111145675182,0.157532709446844,0.207278415560722,0,0,0.197055697441101,0,0.202278829126988,0,0.214060141808457,0,0.213017292320728,0,0,0,0,0,0,0,0,0,0,0,0,0,0,0,0,0,0,0,0,0,0.257076136767864,0,0,0,0,0,0.19870870255056,0,0,0,0.191140040755272,0,0.171734801597065,0,0,0.238784424168525,0,0.217772327114702,0,0,0,0.191346059155127,0,0,0,0,0,0,0,0,0,0,0,0.163306576392007,0,0.187237461947876,0,0
0,0,0,0,0,0,0,0,0,0,0,0,0,0,0,0,0.166228538522354,0,0,0,0,0,0.205812558200624,0,0.197396352887154,0,0.181634856612002,0,0,0,0,0,0,0,0,0,0,0,0,0,0,0,0,0,0,0,0,0,0,0,0,0,0,0,0,0,0,0,0,0,0,0,0,0,0,0.210205181867261,0,0,0,0,0,0.186535509303212,0,0,0,0,0,0,0,0,0,0,0.187261249916053,0,0,0,0
0,0,0,0,0,0,0,0,0,0,0,0.173187928474866,0,0.184146009868957,0,0.180918243527412,0,0,0,0,0,0.19767608476354,0,0,0,0,0,0.195970763766095,0,0.18953519852625,0,0,0,0,0,0,0,0.166439752166088,0,0,0,0,0,0,0,0,0,0,0,0.204731250405312,0,0,0,0,0,0,0,0.229208753519767,0,0.197197615573148,0,0.17353824425388,0,0,0.175292448709256,0,0,0,0.191346059155127,0,0,0,0.221316872582752,0,0,0,0,0,0,0,0.202490374445915,0,0.189086636411666,0.19544746975104,0,0,0
0,0,0,0,0,0,0,0,0,0,0,0,0.206362511430468,0,0,0,0,0,0,0,0,0,0.176869260390851,0,0,0,0.241626366972923,0,0.189524397622746,0,0.178498846699589,0,0,0,0,0,0,0,0.190720839192206,0,0,0,0,0,0,0,0,0,0,0,0,0,0,0,0,0,0,0,0.174666018724442,0,0,0,0,0,0,0.173753930817004,0,0,0,0.186535509303212,0,0,0,0.171748270094395,0,0,0,0,0,0,0,0.18221973176957,0.196167125640933,0.233318485699448,0,0,0
0,0,0,0,0,0,0,0,0,0,0,0.172374226038273,0,0,0,0,0.233366951346397,0.373138889670372,0.313930255174637,0.217898655310273,0,0,0,0,0,0,0,0.192884107146944,0,0.170441543943105,0,0,0,0,0,0,0,0.197504856130656,0,0.26189800798893,0,0.326140334208806,0,0.380571752786636,0,0.267921996467254,0,0,0,0.23665614426136,0,0.222515195608139,0,0,0,0,0,0.247961457461279,0,0,0,0,0.278777717341821,0,0,0,0,0,0,0,0.221316872582752,0,0,0,0,0,0,0,0.296954819134303,0,0.23661678873709,0,0.183086643060745,0,0.322436668069624,0.33167556921641,0
0.317338883876801,0,0.308758521781248,0,0.247700408101082,0,0,0,0.269050789996982,0,0.179329139352949,0,0,0,0,0,0.278915017843246,0,0.300581148013155,0,0,0,0,0,0,0,0,0,0.180326609171321,0,0.178675293922424,0,0,0,0,0,0,0,0.196499153992719,0,0.262835314740305,0,0.313231412929001,0,0,0,0.291749506774876,0,0.279659435153008,0,0.268135786056519,0,0,0,0.251836305856705,0,0.349825724644338,0,0,0,0,0,0,0.377495547490461,0,0,0,0,0,0,0,0.171748270094395,0,0,0,0,0,0,0.271302059292793,0.275956446248474,0,0.255257756660885,0.208831922090875,0,0.364880086479789,0,0.353534610832439
0,0,0,0,0,0,0,0,0,0,0,0,0,0,0,0,0,0,0,0,0,0,0,0,0,0,0,0,0,0,0,0.224323618567779,0.237105543735816,0.301045849039168,0.249136332422495,0.181711064488059,0.228246486312907,0,0,0,0,0,0,0,0,0,0,0.296196575890216,0,0,0,0,0,0,0,0,0,0,0,0,0,0,0,0,0,0,0,0,0,0,0,0,0,0,0,0.263011137535999,0.322425976871987,0.225168791763923,0.240293642531892,0.220993197065289,0,0,0.173547029495239,0,0.295641079545021,0,0
