0,0,0.0274977609722069,0,0,0,0,0,0.0213894207083319,0,0,0,0,0,0,0,0.000156081156757044,7.56555548967432e-06,0.00096023022299753,0,0,0,0,0,0,0,0,0,0,0,0,0,0,0,0,0,0,0,0,0,0,0,0.000459109990995867,0,0.000595362376752104,0,0,0,0.0108645128111535,0,0.00338813390089433,0,0,0,0.022273317022171,0,0,0,0,0,0.0103626409702736,0,0,0,0,0,0,0,0,0,0,0,0,0,0,0,0,0,0,1.10478587792941e-05,0,0,0.000272786747803168,0,0.00594409797705218,0,0
0,0,0,0.0194104649599539,0,0,0,0,0,0.0264117142076003,0,0,0,0,0,0.00014144414945074,0,0,9.46751779490893e-05,0,0,0,0,0.00161752852834898,0,0,0,0,0,0,0,0,0,0,0,0,0,0.000127487240089424,0,0,0,0.000151891547464319,0,0,0,0,0,0,0,0.0204415365414815,0,0,0,0,0,0.0195652474794798,0,0,0,0,0,0.0104770002703047,0,0,0,0,0.00239261380186166,0,0,0,0,0,0,0,0,0,0,0,0,0,0.000198383524333214,0,0.000283588891072169,0,0.00366613803191268,6.03230287811018e-05,0
0.0274977609722069,0,0,0,0.00394408355271585,0,0,0,0,0,3.08620895321608e-05,0,0,0,0,0,2.60875384987345e-06,0,1.5549441381415e-05,0,0.000140926584482668,0,0,0,0,0,0,0,0,0,0.000768694050667262,0,0,0,0,0,0,0,3.81661352997383e-06,0,0.000355293771118266,0,0.00494023186057976,0,0,0,0.000307498278844811,0,0.000554738105880901,0,0.0175324409614897,3.76463403466598e-05,0,0,0,0,0.00196644335477504,1.16565322146383e-05,0,8.79509749611906e-05,0.00260064827892775,0,1.16868329825075e-05,0.000606794744737436,0,0,0,0,0,0,0,5.36420109284144e-05,1.60456844875061e-05,0.00291147585760976,0,0,0,0,0,7.27227541785531e-05,0,0.000213410858346971,0.000249543419266824,0,0.00905308649551311,0,0.00363226634688919
0,0.0194104649599539,0,0,0,0.000980556717672157,0,0,0,0,0,0,0,0,0,0,0,1.71408595014202e-05,0,0,0,0,0,0,0,0,0,0,0,0,0,0,0,0,0,2.77509285964055e-06,0,0,0,0.000107502679534175,0,0.000844545881052119,0,0,0,0.00102897452253924,0,0,0,0.00110276855681077,0,0.00479201131858023,0,0,0,0,1.97909228678345e-05,0.0010785787668014,0,0.00195447030313379,0,0.00851070617384531,0,3.29041492743565e-05,0,0,0,0,0,0,0,0,0.000662207284184226,0,0,0,0,0,1.75799717193722e-05,8.47167529161242e-06,3.96156289946879e-05,0,0.000108515564397187,0,0.0146037221718372,0,0
0,0,0.00394408355271585,0,0,0,0,0,0,0,0,0,0,0,0,0,0,0,9.27481382001927e-06,0,0.011552304040746,0,0,0,0,0,0,0,0,0,0,0,0,0,0,0,1.0546235203134e-05,0,0,0,3.89715039107484e-05,0,1.34703264297502e-05,0,0,0,2.58846208877429e-05,0,0,0,0.0255446517504079,0,0,0,0,0,0.000898004320705458,0,0,0,0,0,0,0.0066565160165987,0,0,0,0,0,0,0,0,0,0,0,0,0,0,0,2.75110771835892e-05,0,0,0.000209030577692783,0,0.00705421451849147,0,0
0,0,0,0.000980556717672157,0,0,0,0.000130054782065366,0,0.00259350553580549,0,0,0,0,0,0,0,0,0,0.00130819863279599,0,0,0,0,0,0,0,0,0,0,0,0,0,0,0,0,0,0,0,0.000305552450365802,0,0.00087721937901343,0,0,0,0.00291165986241398,0,0,0,0.000520631518281629,0,0.0956144475685644,0,0.00596783718522149,0,0.000485372916121413,1.68641894655238e-05,0.000135887262647303,0,0,0,0,0.00658838955317904,1.36781133282441e-05,0,0,0,0,0,0,0,0,8.93518702357321e-05,0,0,0,0,0,1.39767875984394e-05,0,0,0,6.46019711865572e-05,0.000182686902902502,0.00825282943584072,0,0
0,0,0,0,0,0,0,0,0,0,0.0021560928018935,0,0,0,0,0,0,0,0,0,0.000946987312394606,0,0,0,0,0,0,0,0,0,0,0,0,0,0,0,8.22027050162433e-06,0,0,0,0,0,0,0,0,0,0,0,0,0,0,0,0.0211933849598158,0,0,0,0.00192292547471658,0,0,0,0,0,0,0.00161511558840809,0,0,0,0,0,0,0,0,0,0,0,0,0,0,0,0,0,0,2.43785569540981e-06,0,0,0,0
0,0,0,0,0,0.000130054782065366,0,0,0,0,0,0.00186551204655183,0,0.00333594512546796,0,0,0,0,0,0,0,0,0,0,0,0,0,0,0,0,0,0,0,0,0,0,0,0,0,0,0,0,0,0,0,0,0,0,0,0,0,0.000192838264233604,0,0.0207068645574929,0,0,0,0.000210414171946516,0,0.000303667997212695,0,0,0,0,0,0,0,0,0,0,0,0,0,0,0,0,0,0,0,0,0,0,0,0,0,0,0
0.0213894207083319,0,0,0,0,0,0,0,0,0,0,0,0,0,0.000850140459405763,0,0.00478762305614814,0.000479562733253189,0.000624643958381099,0,0,0,0,0,0.00220792333939481,0,0.00032272035440424,0,0,0,0,0,0,0,0,0,0,0,0.00272088511978323,3.18872636952468e-05,0,6.21192164479353e-05,0.000761339684192742,0,0,0,0,0,0.00208756441079022,0,0,0,0,0,0.0652229041716362,0,0,0,0,0,0.000360555552418918,0,0,0,0,0,0,0.00226964647042074,0,0.000440098836830744,0,0,0,0,0,0,0,0,0,3.78576988302915e-06,0,0.000724236474232089,0.000741319860051517,0,0.005340322140379,0,3.63235834231223e-05
0,0.0264117142076003,0,0,0,0.00259350553580549,0,0,0,0,0,0,0,0,0,0.000554269725237144,0.000225461741933017,0.000552570475227699,3.24017438382979e-05,0,0,0,0,0.00545753623183996,0,0.000233181766816415,4.37639944498879e-05,0,0,0,0,0,0,0,0,6.32242024726712e-06,0,0.00182607776567501,0,0,0,0.00047977029041681,0,0,0,0.00127703168056823,0,0,0,0.000159001530545288,0,0.000234317917082888,0,0,0,0.0779157219127747,0,2.71986918497678e-05,0,0,0,0.000825164681266858,0.000438896757687074,0,0,0,0.000276611848763358,0,0,0,0,0,0,0,0,0,0,0,0,0,0.00239378366740347,0,0.000680693056036103,0,0.00495341049432252,0,0
0,0,3.08620895321608e-05,0,0,0,0.0021560928018935,0,0,0,0,0,0.000403477217217326,0,0,0,0,0,0.000120523272871892,0,0.0105804990427493,0,0,0,0,0,0,0,0,0,0.00424455775793816,0,0,0,0,0,0.00176160357359123,0,0.00634236058338073,0,8.56086892728107e-05,0,0.00017130685990823,0,0,0,0.000169564666086836,0,0,0,0,0,0.00215022603153315,0,0,0,0.0298613118069732,0,0,0,0,0,9.18349920126936e-06,0.00163719249794288,0,0,0,0,0,0,0,0,0,0.0012285360803403,0,0,0,0,0,0.000797250925008079,0,0.00131604042747828,0.000799988870315978,0,4.25898334402038e-05,0,2.66022534807441e-05
0,0,0,0,0,0,0,0.00186551204655183,0,0,0,0,0,0.00205989440492018,0,0,0,0,0,0.0308473338443609,0,0,0,0,0,0,0,0,0,0.00137057206626326,0,0,0,0,0,0.00364163915045092,0,0.0122849120865627,0,0,0,0,0,0,0,0,0,0,0,0,0,0,0,0.00114631808254459,0,0,0,0.0671297442384037,0,0,0,0,0.00632963538885526,0,0,0,0,0,0,0,0,0,0.0090184809547116,0,0,0,0,0,0.000409406277520565,0,0.00375293429460205,0,0.00141362859094718,1.31227149100879e-05,0.000199927684649492,0,0
0,0,0,0,0,0,0,0,0,0,0.000403477217217326,0,0,0,0,0,0,0,0,0,0,0,0,0,0,0,0,0,0,0,0,0,0,0,0,0,0,0,0,0,0,0,0,0,0,0,0,0,0,0,0,0,0.000216247382923029,0,0,0,6.37353488384604e-05,0,0.00531982627633926,0,0,0,0,0,0,0,0,0,0,0,0,0,0,0,0,0,0,0,0,0,0,0,0,1.05152748801629e-05,0,0,0
0,0,0,0,0,0,0,0.00333594512546796,0,0,0,0.00205989440492018,0,0,0,0,0,0,0,0,0,0,0,0,0,0,0,0,0,0,0,0,0,0,0,0,0,0,0,0,0,0,0,0,0,0,0,0,0,0,0,0,0,0,0,0,0,0,0,0.00516175457525994,0,9.67597346716812e-05,0,0,0,0,0,0,0,0,0,0,0,0,0,0,0,0,0,0,0,0,6.3998551235614e-05,5.19434797626547e-05,0,0,0
0,0,0,0,0,0,0,0,0.000850140459405763,0,0,0,0,0,0,0,0.00303334957767201,0.00030049165441744,0.000114360382923492,0,0,0,5.27724491953672e-05,0,0.000160697936140185,0,0.00188903992547987,0,0,0,0,0,0,0,0,0,0,0,0,0,0,0,0,0,0,0,0,0,0,0,0,0,0,0,0,0,0,0,0.00186834437171857,0,0.0121374648104341,0,0,0,0,0,0,0,0,0.0055550518039413,0,0,0,0,0,0,0,0,0,0,0,0,0.000227572827889112,0,0,3.98906013981482e-05,0
0,0.00014144414945074,0,0,0,0,0,0,0,0.000554269725237144,0,0,0,0,0,0,0,0.00017092522555828,0,0,0,0,0,0.000143369411730455,0,0.000247678020969033,0,0,0,0,0,0,0,0,0,0,0,0,0,0,0,0,0,0,0,0,0,0,0,4.76669033393725e-05,0,0,0,0,0,0.00289947921357564,0,0,0,0,0,0.0148909531633214,0,0,0,0,0.0044392165529387,0,0,0,0,0,0,0,0,0,0,0,0,0,0,0,1.05679048993375e-05,0,0,0,0
0.000156081156757044,0,2.60875384987345e-06,0,0,0,0,0,0.00478762305614814,0.000225461741933017,0,0,0,0,0.00303334957767201,0,0,0.112043672037661,0.0415914849112778,0,0,0,0.00134898190702524,0,0.00153470386428932,6.77896734505904e-06,0.0227105354101587,0,9.85031370214293e-05,0,1.78891700726243e-05,0,0,0,0,0,1.4585325253061e-05,0,0,0.000838352275490591,0.000426179438219287,0.00121673610749868,0.0014411505447001,3.29235164114341e-05,1.90671033251332e-05,0.00020617308535848,0.00103164364670529,0,3.86283575538979e-06,3.89092949220548e-05,0,0,0,0,0,0,5.84346108305498e-05,0,0,0,0.00253695522753146,0,7.35405671419162e-05,0.000198972682027155,0,0,0,5.07810678835013e-06,2.53858931837489e-05,0.005984557501551,0,0,7.14389131646033e-05,8.17186823469882e-05,0,0,0,0,0.000276086397718489,0.00126630495426681,0.0002488632149524,0.000535590181154197,0.0265850331738747,0.00144847466823503,0.00242962374485788,0.000730421647133626,0.00093120380525568
7.56555548967432e-06,0,0,1.71408595014202e-05,0,0,0,0,0.000479562733253189,0.000552570475227699,0,0,0,0,0.00030049165441744,0.00017092522555828,0.112043672037661,0,0.037066149684787,0,0,4.44744910055306e-05,5.53362000858573e-05,0,0.000535924067898403,0.0024058164513111,0.00235840921193465,0,0,0,0,0,0,0,0,0,8.42623737669299e-06,0,1.65997288600195e-06,0.00113413558063987,0.000122884195768145,0.00136994827178757,0.000238072544939091,6.26328772923404e-05,0,9.36533897729507e-05,0.000427702722765995,0,0,7.77594233032443e-06,0,0,0,0,0,0,2.22532601639126e-05,0,0,0,0.000463206590199832,0.00265670336557226,2.62743126142252e-05,2.9683518613514e-05,0,0,0,0,0.00018898776729519,0.000644594033562329,0,0,1.44768968100054e-05,2.1817943138392e-05,0,0,0,0,0.000324328355339303,0.000507910729243544,0.000366477410174457,0.000167445794989701,0.0143020337642986,0.00789812093328143,0.00164272023162434,0.000599619889919437,0.000130057532775596
0.00096023022299753,9.46751779490893e-05,1.5549441381415e-05,0,9.27481382001927e-06,0,0,0,0.000624643958381099,3.24017438382979e-05,0.000120523272871892,0,0,0,0.000114360382923492,0,0.0415914849112778,0.037066149684787,0,0,0.000149102055655556,0,2.84066170890234e-05,0,1.82580993051081e-05,6.03888640051233e-05,0.000522084306109503,0,0,0,4.82799878605883e-05,0,0,0,0,4.67085738847359e-05,0.000180535753968344,0,3.5341354821295e-05,0.021372619936579,0.00410079736466594,0.0255323978867946,0.0116537938417356,0.00315319321268842,1.14986632407266e-05,0.00189074375897781,0.0111334929326453,0,6.93152173465576e-06,0.000313344921500475,0,0,0,0,0,0,0.0008369255679781,9.8551411364884e-05,0,0,0.000450950999010928,0.000129818233089997,0.000997527873351425,0.00286242456565696,0,0,0,0,0,0.00015099311363149,0,5.20183413835681e-05,0.00148375814753806,0.000727887144086659,0,0,0,0,0.00571564599763607,0.0106638537354081,0.0056199781170362,0.00435097802024547,0.00777856825909603,5.12841469131485e-05,0.0329364883514737,0.0137336201248708,0.00848720193485445
0,0,0,0,0,0.00130819863279599,0,0,0,0,0,0.0308473338443609,0,0,0,0,0,0,0,0,0,0,0,0,0,0,0,0,0,0,0,0,0,0,0,0.0130141735741248,0,0.00301864343169591,0,0,0,4.00323801771196e-05,0,0,0,0.000180758668764938,0,0,0,0,0,0.000342601206134504,0,0,0,0,0,0.00111267770766817,0,0,0,0,0.0507229746835204,0,0,0,0,0,0,0,0,0,0.00059012369971436,0,0,0,0,0,0.00307072777208297,0,0.00217861473089205,0,0.000557862272597283,2.44474244808683e-05,0.00088585147946289,0,0
0,0,0.000140926584482668,0,0.011552304040746,0,0.000946987312394606,0,0,0,0.0105804990427493,0,0,0,0,0,0,0,0.000149102055655556,0,0,0,0,0,0,0,0,0,0,0,0.0012059710406298,0,0,0,0,0,0.00286402353464911,0,0.00240575131269844,3.44745140527544e-05,5.94093775796714e-05,6.59664697265903e-06,0.000258142762544462,0,0,0,0.00132620213450106,0,6.94700689185656e-05,0,0.00550396055160291,0,0,0,0,0,0.0256937879206306,0,0,2.49713012804654e-05,0,0,2.79075708660859e-05,0.0573887799035243,0,0,0,0,0,0,0,0,0,0.00612678574901292,0,0,0,0,0,0.00639943814405052,0,0.0039764168168197,0.000347659163166211,0,0.00326416264966289,0,0.000433581001164572
0,0,0,0,0,0,0,0,0,0,0,0,0,0,0,0,0,4.44744910055306e-05,0,0,0,0,0.00242808081151859,0.00215010064033935,0,0.00366869437971547,0,0.00102061446125669,0,0,0,0,0,0,0,0,0,0.00529771946565782,0,0,0,0,0,0,0,0,0,0,0,0.000856690791312248,0,0,0,0,0,0,0,0,0,0,0,0,0,0,0.0591704782964779,6.99751208088628e-05,0.00158918865831225,0,0.000571062780358843,0,0,0,0,0,0,0,0,0,0,0,0.00284111505706011,0,0.00248788229021055,0.000167064555386591,0,0,0
0,0,0,0,0,0,0,0,0,0,0,0,0,0,5.27724491953672e-05,0,0.00134898190702524,5.53362000858573e-05,2.84066170890234e-05,0,0,0.00242808081151859,0,0,0.000652241053463194,0,0.00339044703358737,0,0.004028565597585,0,0,0,0,0,0,0,0,0,0.0100902020998615,0,0,0,0,0,0,0,0,0,0.001696829433786,0,0,0,0,0,0,0,0,0,0,0,8.61227641917771e-06,0,0,0,5.03534901445601e-05,0.0763097867516791,0,0.000750132115858729,0,0.000387544869339578,0,0.00176663233460588,0,0,0,0,0,0,0,0,0,0.00256263562878558,0.00190923800292566,0.000439866046985647,7.06419827513425e-06,0,0
0,0.00161752852834898,0,0,0,0,0,0,0,0.00545753623183996,0,0,0,0,0,0.000143369411730455,0,0,0,0,0,0.00215010064033935,0,0,0,0.0813042220181798,0,0,0,0,0,0,0,0,0,0,0,0.00540713180796326,0,0,0,0,0,0,0,0,0,0,0,0.000484052541091804,0,0,0,0,0,0.00896949947535006,0,0,0,0,0,0.000571482295754235,0,0,0.00947660855431189,0,0.144897808752893,0,0.0015554690674898,0,0,0,0,0,0,0,0,0,0,0,0.00567600830871016,0,0.000177064820208014,0,0.000132820155017283,0,0
0,0,0,0,0,0,0,0,0.00220792333939481,0,0,0,0,0,0.000160697936140185,0,0.00153470386428932,0.000535924067898403,1.82580993051081e-05,0,0,0,0.000652241053463194,0,0,0,0.022647409274841,0,0,0,0,0,0,0,0,0,0,0,0.00370722269836656,0,0,0,0,0,0,0,0,0,0.00198739814278619,0,0,0,0,0,0.00157299312413109,0,0,0,0,0,8.73147705079567e-05,0,0,0,0,7.64764260768619e-05,0,0.0632837771759868,0,0.0243821507150246,0,0,0,0,0,0,0,0,0,1.74813133085475e-06,0,0.0012448613381755,0.000429462832676134,0,0.000597133360537077,0,0
0,0,0,0,0,0,0,0,0,0.000233181766816415,0,0,0,0,0,0.000247678020969033,6.77896734505904e-06,0.0024058164513111,6.03888640051233e-05,0,0,0.00366869437971547,0,0.0813042220181798,0,0,0,0.0033081834152913,0,0,0,0,0,0,0,0,0,0,0,0,0,0,0,0,0,0,0,0,0,0.000808626896194775,0,0,0,0,0,0,0,0,0,0,0,0.000733404747968763,0,0,0.0107354308476134,0,0.0379079356428428,0,0.0165265128491133,0,0.00108292943105538,0,0,0,0,0,0,0,0,0,0,0,0.000318922121477805,0,0,0,0
0,0,0,0,0,0,0,0,0.00032272035440424,4.37639944498879e-05,0,0,0,0,0.00188903992547987,0,0.0227105354101587,0.00235840921193465,0.000522084306109503,0,0,0,0.00339044703358737,0,0.022647409274841,0,0,0,0,0,0,0,0,0,0,0,0,0,0,0,0,7.55939672487406e-05,0,0,0,0,0,0,0,0,0,0,0,0,0,0,0,0,0,0,0.000356929931064253,0,0,0,0,9.58099980133999e-05,0,0.00387193186037625,0,0.0258014172569202,0,0.00122249121667179,0,0,0,0,0,0,0,0,0,0,0.00122645760013494,0,1.62942351447595e-05,0,2.02971425918436e-05
0,0,0,0,0,0,0,0,0,0,0,0,0,0,0,0,0,0,0,0,0,0.00102061446125669,0,0,0,0.0033081834152913,0,0,0,0.0236397145139315,0,0,0,0,0,0,0,0.000192971531951644,0,0,0,0,0,0,0,0,0,0,0,0,0,0,0,0,0,0,0,0,0,0,0,0,0,0,0.00114850378342364,0,0,0,0.000660133750007759,0,0.0157943347389098,0,0.000110567720595902,0,0,0,0,0,0,0,0,0,4.48339828248649e-05,0,0,0,0
0,0,0,0,0,0,0,0,0,0,0,0,0,0,0,0,9.85031370214293e-05,0,0,0,0,0,0.004028565597585,0,0,0,0,0,0,0,0.000636762509365289,0,0,0,0,0,0,0,0,0,0,0,0,0,0,0,0,0,0,0,0,0,0,0,0,0,0,0,0,0,0,0,0,0,0,0.0018685804368403,0,0,0,0,0,0.0129017525772886,0,0.00335127156912499,0,0,0,0,0,0,0,0,9.23148790079855e-06,0,0,0,0
0,0,0,0,0,0,0,0,0,0,0,0.00137057206626326,0,0,0,0,0,0,0,0,0,0,0,0,0,0,0,0.0236397145139315,0,0,0,0,0,0,0,0,0,0.000983660876036207,0,0,0,0,0,0,0,0,0,0,0,0,0,0,0,0,0,0,0,0.000529229395635101,0,0,0,0,0,0,0,0,0,0,0,0,0.0209651114584648,0,0.0558995378539889,0,0,0,0,0,0,0,0.000542957318267553,0,5.87887244657913e-06,0,0,0,0
0,0,0.000768694050667262,0,0,0,0,0,0,0,0.00424455775793816,0,0,0,0,0,1.78891700726243e-05,0,4.82799878605883e-05,0,0.0012059710406298,0,0,0,0,0,0,0,0.000636762509365289,0,0,0,0,0,0,0,0,0,0.00547595600194817,0,1.90331031945734e-05,0,0.000334408324704111,0,0,0,0.000303855445852259,0,3.16023040569383e-05,0,0,0,0,0,0,0,0.00256762073204159,1.11706635238044e-05,0,0,0,0,0,0.00224797343758185,0,0,0,0,0,0,0,0,0,0.0292103687255155,0,0,0,0,0,1.18252551759429e-05,0,0.00138864923859891,1.54779415879521e-05,0,0.000478533928368423,0,0.00170252394986662
0,0,0,0,0,0,0,0,0,0,0,0,0,0,0,0,0,0,0,0,0,0,0,0,0,0,0,0,0,0,0,0,0.0283398897325254,0.000355478195033725,0.00189054178066622,0,0,0,0,0,0,0,0,0,0,0,0,0.0275604111525109,0,0,0,0,0,0,0,0,0,0,0,0,0,0,0,0,0,0,0,0,0,0,0,0,0,0,0.171525440279399,0.0345721382540228,0.00596333113200248,0.00274375858034948,0.00312545365148469,0,0,0,0.000139601368629133,0,0,0,0
0,0,0,0,0,0,0,0,0,0,0,0,0,0,0,0,0,0,0,0,0,0,0,0,0,0,0,0,0,0,0,0.0283398897325254,0,0.00108043982156637,0.000212084354932748,0,0.00240630990736108,0,0,0,0,0,0,0,0,0,0,0.0616444696106916,0,0,0,0,0,0,0,0,0,0,0,0,0,0,0,0,0,0,0,0,0,0,0,0,0,0,0.0156691052542407,0.18230572267078,0,9.1964218624889e-05,9.69037220957481e-05,0.00160489800039496,0,0,0.000208378217373422,0,0,0,0
0,0,0,0,0,0,0,0,0,0,0,0,0,0,0,0,0,0,0,0,0,0,0,0,0,0,0,0,0,0,0,0.000355478195033725,0.00108043982156637,0,0.273506172288438,0.00649637617622446,0,0.00791778330088823,0.000439724166628765,0,0,0,0,0,0,0,0,0.120124500704837,2.42893489274847e-05,0.000183319476984645,0,0,0,0,0,0,0,0,0,0,0,0,0,0,0,0,0,0,0,0,0,0,0,0,0.000375113490774022,0.000222734830938825,0.106313355406837,0.0890599148924007,0.000670863472998039,0,0.0224176910563408,0.000250505309715135,0.00118171261053305,0,3.14702105018469e-05,0,0
0,0,0,0,0,0,0,0,0,0,0,0,0,0,0,0,0,0,0,0,0,0,0,0,0,0,0,0,0,0,0,0.00189054178066622,0.000212084354932748,0.273506172288438,0,0,0.000761217421348711,0,0.00542588186237704,0,0,0,0,0,0,0,0,0.16293224164116,0.00119390962609051,1.47696135604902e-05,0,0,0,0,0,0,0,0,0,0,0,0,0,0,0,0,0,0,0,0,0,0,0,0,0.000127170470119834,0,0.0689687597420694,0.173707575333725,0,0.00421850683956233,0,0.00924398700547982,0.00106547312767233,0,0,0,0
0,0,0,2.77509285964055e-06,0,0,0,0,0,6.32242024726712e-06,0,0.00364163915045092,0,0,0,0,0,0,4.67085738847359e-05,0.0130141735741248,0,0,0,0,0,0,0,0,0,0,0,0,0,0.00649637617622446,0,0,0.000904117633374282,0.00785060729337408,0,4.17559160688018e-05,0,0.000109461742232176,0,0,0,0.00177061141938851,0,0,0,0.00020417456328044,0,0,0,0,0,0,0,0.000339183463496403,0,1.53899408765777e-06,0,0,0.00739463299371689,0,0,0,0,0,0,0,0,0,4.02533068816202e-06,0,0,0,0.00130637656156726,0,0.03865238209456,0,0.00455416987540593,0,0.00326639364197002,0.000334416971040298,0.00125383594550493,6.28708521529222e-06,0
0,0,0,0,1.0546235203134e-05,0,8.22027050162433e-06,0,0,0,0.00176160357359123,0,0,0,0,0,1.4585325253061e-05,8.42623737669299e-06,0.000180535753968344,0,0.00286402353464911,0,0,0,0,0,0,0,0,0,0,0,0.00240630990736108,0,0.000761217421348711,0.000904117633374282,0,0,0.00801968841807836,7.67773847225267e-06,1.3039364453396e-05,8.29880132354403e-07,9.70660414073066e-05,0,1.13616775545385e-05,1.78255117445595e-06,0.000756455544297703,0,6.64371333049595e-05,0,2.14041115078742e-05,0,0,0,0,0,2.46524392912693e-05,1.33729931867076e-06,0,2.64179688727449e-06,0,0,0,0.00420043379376976,0,0,0,0,0,0,0,1.70804059834709e-06,0,1.61519544412908e-05,0,0.00105878133177611,0,0.000433567918260649,0,0.0455033186138192,0,0.00522685307191889,0.0044736704656462,0.000117136601396507,0.00106998870020588,0,1.08716643853417e-05
0,0.000127487240089424,0,0,0,0,0,0,0,0.00182607776567501,0,0.0122849120865627,0,0,0,0,0,0,0,0.00301864343169591,0,0.00529771946565782,0,0.00540713180796326,0,0,0,0.000192971531951644,0,0.000983660876036207,0,0,0,0.00791778330088823,0,0.00785060729337408,0,0,0.0018800905480568,0,0,3.0978632071456e-05,0,0,0,3.46557365801536e-05,0,0.0108580332356398,6.34426412167893e-06,0.00263086305343951,0,0,0,0,0,0.000641294570784699,0,0.00123615282772923,0,0,0,2.31440440943759e-05,0.000401026117795537,0,0.00545293819774957,0,0.00277156802152635,0,0,0,8.09336873706885e-06,0,0.0029564369349254,0,0,0,0.00148391353695334,0,0.000934275299034414,0,0.0818674978088121,0.00235944856909736,0.00343606284953455,0.000136310464349754,0.00186136298165562,9.54667267746853e-06,0
0,0,3.81661352997383e-06,0,0,0,0,0,0.00272088511978323,0,0.00634236058338073,0,0,0,0,0,0,1.65997288600195e-06,3.5341354821295e-05,0,0.00240575131269844,0,0.0100902020998615,0,0.00370722269836656,0,0,0,0,0,0.00547595600194817,0,0,0.000439724166628765,0.00542588186237704,0,0.00801968841807836,0.0018800905480568,0,0,6.6538479519697e-06,0,0.000322335883612987,0,0,0,0.000183235851758241,0.00519596713167112,0.0134135618022136,0,0,0,0,0,0.00143139676751279,0,0.000652961858856347,0,0,0,0,0,0,0.000349290433392765,0,0.00672983154439129,0,0.00201205752247495,0,0,0,0,0,7.73055594897277e-05,0,0,0.000186939872245073,0.00211651227659003,0,0.00153087314088422,0.000311577747330603,0.0740370441307606,0.00320460852740323,0.000990048924710787,0.00144517348475627,0,6.62445663163053e-05
0,0,0,0.000107502679534175,0,0.000305552450365802,0,0,3.18872636952468e-05,0,0,0,0,0,0,0,0.000838352275490591,0.00113413558063987,0.021372619936579,0,3.44745140527544e-05,0,0,0,0,0,0,0,0,0,0,0,0,0,0,4.17559160688018e-05,7.67773847225267e-06,0,0,0,0.000123560132924468,0.0681472219878275,0.000227893768701606,0.0026165271995291,0,0.0119202298577252,0.000349688270952935,0,0,0.0136191183381212,0,0.000353008469274569,0,0,0,0,8.00534683414006e-05,0.000435565413245903,0,7.82741768132047e-05,0,1.90682547288028e-05,0.0116763675851559,0.000253062681037356,0,0,0,0,0,0,0,0,0.00140167881183605,0.000132595199432705,0,0,0,0,0.00521290527573331,0.000118150252266431,0.00266341912311408,1.44832846038115e-05,0.00118831554333758,5.30597850668896e-06,0.0531906490491253,0.0248480137038485,0.000244989391101375
0,0,0.000355293771118266,0,3.89715039107484e-05,0,0,0,0,0,8.56086892728107e-05,0,0,0,0,0,0.000426179438219287,0.000122884195768145,0.00410079736466594,0,5.94093775796714e-05,0,0,0,0,0,0,0,0,0,1.90331031945734e-05,0,0,0,0,0,1.3039364453396e-05,0,6.6538479519697e-06,0.000123560132924468,0,0.000170656962937408,0.0103672915244942,0,0.000123714074440111,4.13963346713182e-05,0.0136217236539632,0,0.0132740422861628,0,0,0,0,0,0,0,0.000279330925794949,7.96656354470587e-05,0,0,3.6993418110619e-05,0,0,0.00502883283322766,0,0,0,0,0,0,0,9.89342386196134e-06,9.99413864206998e-06,0.000603039071703302,0,0,0,0,2.42181250861106e-05,0.00265589524038366,0,0.000591747219864731,0.000119070267179402,1.36598671923561e-05,0.0228314919407741,0.000225726480731615,0.00118953936537907
0,0.000151891547464319,0,0.000844545881052119,0,0.00087721937901343,0,0,6.21192164479353e-05,0.00047977029041681,0,0,0,0,0,0,0.00121673610749868,0.00136994827178757,0.0255323978867946,4.00323801771196e-05,6.59664697265903e-06,0,0,0,0,0,7.55939672487406e-05,0,0,0,0,0,0,0,0,0.000109461742232176,8.29880132354403e-07,3.0978632071456e-05,0,0.0681472219878275,0.000170656962937408,0,0.007592611554527,0.00673606584070762,0,0.00907039446623996,0.000540537063578167,9.29590526702905e-05,0,0.0138195640255867,0,0.00116753459024401,0,0,0,0,0.000197974663056853,0.00549891533462164,0,0.000719786138637404,0,0.000400112917952368,0.00863821156093069,0.000391648156760958,0,0,0,0,0,0,0.000158853984529849,0,0.0144121851622318,4.88611490846499e-05,0,0,0,0,0.0106104482719503,0.000140811303689384,0.00511611123595258,3.93420935231838e-05,0.00602794324953041,2.84561343695883e-05,0.087916606586309,0.0627984592843902,0.000315403384150624
0.000459109990995867,0,0.00494023186057976,0,1.34703264297502e-05,0,0,0,0.000761339684192742,0,0.00017130685990823,0,0,0,0,0,0.0014411505447001,0.000238072544939091,0.0116537938417356,0,0.000258142762544462,0,0,0,0,0,0,0,0,0,0.000334408324704111,0,0,0,0,0,9.70660414073066e-05,0,0.000322335883612987,0.000227893768701606,0.0103672915244942,0.007592611554527,0,0,0,0.000130124857651127,0.00966456680601335,0.000491227378477125,0.00600218963822639,6.41986014818366e-05,2.44966772360421e-05,7.90167027539396e-05,0,0,0,0,0.00844272854962287,5.1078062423587e-06,0,0,0,0,1.95132959921115e-05,0.00907681693726922,0,0,0,0,0,0,0,0.000277919387518431,1.11350079829446e-05,0.00904630211986584,0,0,0,0,6.53891638827718e-05,0.0122802629214877,1.98619828813182e-05,0.00388864931241624,0.00280740461262763,0.000136884191250356,0.0742515432718776,3.43514274397513e-05,0.0687669294290341
0,0,0,0,0,0,0,0,0,0,0,0,0,0,0,0,3.29235164114341e-05,6.26328772923404e-05,0.00315319321268842,0,0,0,0,0,0,0,0,0,0,0,0,0,0,0,0,0,0,0,0,0.0026165271995291,0,0.00673606584070762,0,0,0,0.000221156848566842,3.39061101523931e-05,0,0,0.000104471409158382,0,0,0,0,0,0,0,0.000119223483949187,0,0,0,0,0.000577751851094812,0,0,0,0,0,0,0,0,0,0.00370147002537069,0,0,0,0,0,0.00027502735848399,0,0.00120988477968464,0,0.000108074528192598,7.00713186042793e-06,0.00316398230696188,0.005140899252963,0
0.000595362376752104,0,0,0,0,0,0,0,0,0,0,0,0,0,0,0,1.90671033251332e-05,0,1.14986632407266e-05,0,0,0,0,0,0,0,0,0,0,0,0,0,0,0,0,0,1.13616775545385e-05,0,0,0,0.000123714074440111,0,0,0,0,0,0.000184063719524987,0,0,0,0,0,0,0,0,0,0.000115524475816062,0,0,0,0,0,0,0.000360891869228561,0,0,0,0,0,0,0,0,0,0,0,0,0,0,0,0.000474878921315162,0,0.000674717974338466,2.09786795790233e-06,0,0.000185924352457099,0,0.000156385262886603
0,0,0,0.00102897452253924,0,0.00291165986241398,0,0,0,0.00127703168056823,0,0,0,0,0,0,0.00020617308535848,9.36533897729507e-05,0.00189074375897781,0.000180758668764938,0,0,0,0,0,0,0,0,0,0,0,0,0,0,0,0.00177061141938851,1.78255117445595e-06,3.46557365801536e-05,0,0.0119202298577252,4.13963346713182e-05,0.00907039446623996,0.000130124857651127,0.000221156848566842,0,0,0.000186821598258253,0,0,0.00153866852228367,0,0.00164274690072862,0,0,0,0,0.000331356323395563,0.00150102199889494,0,0.000657703660500877,0,0.000352072371213694,0.0632521113484939,0.00138190226014011,0,0,0,0,0,0,0.000108173735364416,0,0.0135593554783807,2.25623981635251e-05,0,0,0,0,0.0119922257436416,4.85132949240238e-05,0.00659378218727027,5.47843832859876e-05,0.000424742351884801,0,0.0309932513562321,0.000590953258087627,0
0,0,0.000307498278844811,0,2.58846208877429e-05,0,0,0,0,0,0.000169564666086836,0,0,0,0,0,0.00103164364670529,0.000427702722765995,0.0111334929326453,0,0.00132620213450106,0,0,0,0,0,0,0,0,0,0.000303855445852259,0,0,0,0,0,0.000756455544297703,0,0.000183235851758241,0.000349688270952935,0.0136217236539632,0.000540537063578167,0.00966456680601335,3.39061101523931e-05,0.000184063719524987,0.000186821598258253,0,0,0.000606737789864048,1.21804389351767e-05,0,0.000107964114839913,0,0,0,0,0.00168882328382046,0.000114384744989184,0,2.35476023609633e-05,0,5.72895278223827e-05,3.69896561812156e-05,0.0421230502445875,0,0,0,0,0,0,0,0,3.32561500149847e-05,0.00365896916577129,0,0,0,0,5.64883344906162e-05,0.00762778740833661,6.69964648727667e-05,0.00532068220825978,0.000381412689328483,3.05796776593266e-05,0.0149031422983334,0.000302647384648385,0.00142823851507901
0,0,0,0,0,0,0,0,0,0,0,0,0,0,0,0,0,0,0,0,0,0,0,0,0,0,0,0,0,0,0,0.0275604111525109,0.0616444696106916,0.120124500704837,0.16293224164116,0,0,0.0108580332356398,0.00519596713167112,0,0,9.29590526702905e-05,0.000491227378477125,0,0,0,0,0,0.0319961556197914,0.013264341713584,0,0,0,0,0,0,0,0,0,0,0,0,0,7.56045237339812e-06,0,0,0,0,0,0,0,0,0,0,0.186933237805649,0.237724317132588,0.0151853709525846,0.0282224739403955,0.0090378951916409,0.0033871859476419,0.00352653415982106,0.00201224739498412,0.00105473712799838,0,0.00935357010767632,0,0
0.0108645128111535,0,0.000554738105880901,0,0,0,0,0,0.00208756441079022,0,0,0,0,0,0,0,3.86283575538979e-06,0,6.93152173465576e-06,0,6.94700689185656e-05,0,0.001696829433786,0,0.00198739814278619,0,0,0,0,0,3.16023040569383e-05,0,0,2.42893489274847e-05,0.00119390962609051,0,6.64371333049595e-05,6.34426412167893e-06,0.0134135618022136,0,0.0132740422861628,0,0.00600218963822639,0,0,0,0.000606737789864048,0.0319961556197914,0,2.84896232187748e-05,0,0,0,0,0.000765478244547622,0,0.0014274399652437,0,7.09265220021939e-05,0,0.00138430904962018,0,0,0.00231234498949525,0,0.013798439339478,0,0.0285947069412518,0,0.0122007357625958,0,0.000183991728271903,0,0.00166934376330955,0,0.000203629027578016,0,4.72188675572638e-05,0,0.00426421616428032,0,0.00513485777833943,0.000364382720965619,9.32686478792393e-06,0.0310686038644658,0,3.27937903405031e-05
0,0.0204415365414815,0,0.00110276855681077,0,0.000520631518281629,0,0,0,0.000159001530545288,0,0,0,0,0,4.76669033393725e-05,3.89092949220548e-05,7.77594233032443e-06,0.000313344921500475,0,0,0.000856690791312248,0,0.000484052541091804,0,0.000808626896194775,0,0,0,0,0,0,0,0.000183319476984645,1.47696135604902e-05,0.00020417456328044,0,0.00263086305343951,0,0.0136191183381212,0,0.0138195640255867,6.41986014818366e-05,0.000104471409158382,0,0.00153866852228367,1.21804389351767e-05,0.013264341713584,2.84896232187748e-05,0,0,0.000699545917570127,0,0,0,0.00113034492734397,0,0.00450148175437453,0,0.000995384831353776,0,0.00131046961417078,0.000527017729923592,0,0.010531778583014,0,0.00312042158570713,0,0.00366425017169439,0,0.00583551423221132,0,0.0142215622055018,0,0,0,0.000196154285217763,0,0.00200277369860595,0,0.00815641467966975,0,0.000568267435340741,0,0.0235101405043032,0.0017733117154595,0
0.00338813390089433,0,0.0175324409614897,0,0.0255446517504079,0,0,0,0,0,0,0,0,0,0,0,0,0,0,0,0.00550396055160291,0,0,0,0,0,0,0,0,0,0,0,0,0,0,0,2.14041115078742e-05,0,0,0,0,0,2.44966772360421e-05,0,0,0,0,0,0,0,0,0,0,0,0.0114294080420536,0,0.00945857973044043,0,0.00429358689967777,0,0.00154673395048768,0,0,0.00752592129136678,0,0,0,0,0,0,0,0,0,0.000125300398050022,0,0,0,0,0,0,0,0,2.88339451238421e-06,0,0.00289180771729319,0,0
0,0,3.76463403466598e-05,0.00479201131858023,0,0.0956144475685644,0,0.000192838264233604,0,0.000234317917082888,0,0,0,0,0,0,0,0,0,0.000342601206134504,0,0,0,0,0,0,0,0,0,0,0,0,0,0,0,0,0,0,0,0.000353008469274569,0,0.00116753459024401,7.90167027539396e-05,0,0,0.00164274690072862,0.000107964114839913,0,0,0.000699545917570127,0,0,0,0.00168320175439567,0,0,0,0.000953569578459792,0,0,0,0,0.00349807217139931,5.13154625367603e-05,0,0,0,0,0,0,1.6262515453629e-05,0,3.23703402194278e-05,0,0,0,0,0,8.26248050018703e-06,0,5.59540547370738e-05,0,4.15566178303155e-05,0,0.00488849479573945,5.64029526972255e-05,0
0,0,0,0,0,0,0.0211933849598158,0,0,0,0.00215022603153315,0,0.000216247382923029,0,0,0,0,0,0,0,0,0,0,0,0,0,0,0,0,0,0,0,0,0,0,0,0,0,0,0,0,0,0,0,0,0,0,0,0,0,0,0,0,0,0,0,0.00623310488404425,0,0.00790245398881592,0,0,0,0,2.21436805920387e-05,0,0,0,0,0,0,0,0,0,0,0,0,0,0,0,0,0,0,0,0,0,0,0
0,0,0,0,0,0.00596783718522149,0,0.0207068645574929,0,0,0,0.00114631808254459,0,0,0,0,0,0,0,0,0,0,0,0,0,0,0,0,0,0,0,0,0,0,0,0,0,0,0,0,0,0,0,0,0,0,0,0,0,0,0,0.00168320175439567,0,0,0,0,0,0.00834198422294125,0,0.000364233028820844,0,0,0,0,0,0,0,0,0,0,0,0,0,0,0,0,0,0,0,0,0,0,0,0,0,0,0
0.022273317022171,0,0,0,0,0,0,0,0.0652229041716362,0,0,0,0,0,0,0,0,0,0,0,0,0,0,0,0.00157299312413109,0,0,0,0,0,0,0,0,0,0,0,0,0,0.00143139676751279,0,0,0,0,0,0,0,0,0,0.000765478244547622,0,0.0114294080420536,0,0,0,0,0,0,0,0,0,0.00911469633431656,0,0,0,0,0,0,0.0137052562448469,0,0,0,0,0,0,0,0,0,0.000114669409695024,0,0,0,0.00318620888843571,0,0,0.000545170426763686,0,0
0,0.0195652474794798,0,0,0,0.000485372916121413,0,0,0,0.0779157219127747,0,0,0,0,0,0.00289947921357564,0,0,0,0,0,0,0,0.00896949947535006,0,0,0,0,0,0,0,0,0,0,0,0,0,0.000641294570784699,0,0,0,0,0,0,0,0,0,0,0,0.00113034492734397,0,0,0,0,0,0,0,0,0,0,0,0.0246119471216884,0,0,0,0,0.0294510990017866,0,0,0,0,0,0,0,0,0,0,0,0,0,0.00291117888041962,0,6.72559663291316e-05,0,0.00164285566441498,0,0
0,0,0.00196644335477504,1.97909228678345e-05,0.000898004320705458,1.68641894655238e-05,0.00192292547471658,0,0,0,0.0298613118069732,0,6.37353488384604e-05,0,0,0,5.84346108305498e-05,2.22532601639126e-05,0.0008369255679781,0,0.0256937879206306,0,0,0,0,0,0,0,0,0,0.00256762073204159,0,0,0,0,0,2.46524392912693e-05,0,0.000652961858856347,8.00534683414006e-05,0.000279330925794949,0.000197974663056853,0.00844272854962287,0,0.000115524475816062,0.000331356323395563,0.00168882328382046,0,0.0014274399652437,0,0.00945857973044043,0,0.00623310488404425,0,0,0,0,0.000100170937748249,0.00271298876874525,0.000128433266318344,0.00458742627788355,1.39987729964239e-05,0.000128292071705725,0.0442833201733342,0,0,0,0,0,0,1.34178028969234e-05,0.00587434598111071,2.79086610934139e-05,0.0159101387239352,0,0,0,0,2.48680916050813e-06,0.000199782116068867,4.06988145993619e-05,0.000334408932071008,0.000358853087732486,8.78728988456223e-06,0.030943971296358,8.10970770745954e-06,0.0046168979353268
0,0,1.16565322146383e-05,0.0010785787668014,0,0.000135887262647303,0,0.000210414171946516,0,2.71986918497678e-05,0,0.0671297442384037,0,0,0,0,0,0,9.8551411364884e-05,0.00111267770766817,0,0,0,0,0,0,0,0,0,0.000529229395635101,1.11706635238044e-05,0,0,0,0,0.000339183463496403,1.33729931867076e-06,0.00123615282772923,0,0.000435565413245903,7.96656354470587e-05,0.00549891533462164,5.1078062423587e-06,0.000119223483949187,0,0.00150102199889494,0.000114384744989184,0,0,0.00450148175437453,0,0.000953569578459792,0,0.00834198422294125,0,0,0.000100170937748249,0,0,0.0141474716705747,0,0.000147291919519526,0.0190831242790748,0.000893919795487604,0,0,0,0,0.00013634072064783,0,0.0155095222752527,0,0.0401079262200395,8.33624823330312e-05,0,0,0,0,4.12158099042973e-05,2.27325756727874e-05,0.00184352874342913,1.36852966524764e-05,0.000245029507034624,0,0.010055472271969,0.000519280750432417,0
0,0,0,0,0,0,0,0,0,0,0,0,0.00531982627633926,0,0.00186834437171857,0,0,0,0,0,0,0,0,0,0,0,0,0,0,0,0,0,0,0,0,0,0,0,0,0,0,0,0,0,0,0,0,0,7.09265220021939e-05,0,0.00429358689967777,0,0.00790245398881592,0,0,0,0.00271298876874525,0,0,0,0.00159467654837697,0,0,0,0,0,0,0,0,0,0,0.00225120980174855,0,0,0,0,0,0,0,0,0,0,0,0,0,0,0
0,0,8.79509749611906e-05,0.00195447030313379,0,0,0,0.000303667997212695,0,0,0,0,0,0.00516175457525994,0,0,0,0,0,0,2.49713012804654e-05,0,0,0,0,0,0,0,0,0,0,0,0,0,0,1.53899408765777e-06,2.64179688727449e-06,0,0,7.82741768132047e-05,0,0.000719786138637404,0,0,0,0.000657703660500877,2.35476023609633e-05,0,0,0.000995384831353776,0,0,0,0.000364233028820844,0,0,0.000128433266318344,0.0141474716705747,0,0,0,0.00331123559742278,0.000433646973121332,0.000170375227096365,0,0,0,0,0.000658563018081718,0,0,0,0.000279944327344699,0,0,0,0,0,9.89344806187887e-06,1.08657721734444e-05,1.8618446408546e-05,3.58237180619829e-06,2.96161043936481e-05,0,0.00212234204855511,0,0
0.0103626409702736,0,0.00260064827892775,0,0,0,0,0,0.000360555552418918,0,0,0,0,0,0.0121374648104341,0,0.00253695522753146,0.000463206590199832,0.000450950999010928,0,0,0,8.61227641917771e-06,0,8.73147705079567e-05,0,0.000356929931064253,0,0,0,0,0,0,0,0,0,0,0,0,0,3.6993418110619e-05,0,0,0,0,0,0,0,0.00138430904962018,0,0.00154673395048768,0,0,0,0.00911469633431656,0,0.00458742627788355,0,0.00159467654837697,0,0,0,0,0,0,0,0,0.00181651805214618,0,0.000560240640967581,0,0,0,0,0,0,0,0,0,0,4.33431752097131e-06,0,0.000315575902701432,0,3.54377110774375e-05,0,0
0,0.0104770002703047,0,0.00851070617384531,0,0,0,0,0,0.000825164681266858,0,0,0,9.67597346716812e-05,0,0.0148909531633214,0,0.00265670336557226,0.000129818233089997,0,0,0,0,0.000571482295754235,0,0.000733404747968763,0,0,0,0,0,0,0,0,0,0,0,2.31440440943759e-05,0,1.90682547288028e-05,0,0.000400112917952368,0,0,0,0.000352072371213694,5.72895278223827e-05,0,0,0.00131046961417078,0,0,0,0,0,0.0246119471216884,1.39987729964239e-05,0.000147291919519526,0,0.00331123559742278,0,0,0,0.000322319028450722,0,0,0.0194831556175604,0,0.00262801916236662,0,0,0,0.000399219612976056,0,0,0,0,0,1.19112339560828e-05,0,0.000126965814660644,3.27828473773361e-06,0.000117268208347717,0,0.00163961225018903,0,0
0,0,1.16868329825075e-05,0,0,0.00658838955317904,0,0,0,0.000438896757687074,9.18349920126936e-06,0.00632963538885526,0,0,0,0,7.35405671419162e-05,2.62743126142252e-05,0.000997527873351425,0.0507229746835204,2.79075708660859e-05,0,0,0,0,0,0,0,0,0,0,0,0,0,0,0.00739463299371689,0,0.000401026117795537,0,0.0116763675851559,0,0.00863821156093069,1.95132959921115e-05,0.000577751851094812,0,0.0632521113484939,3.69896561812156e-05,0,0,0.000527017729923592,0,0.00349807217139931,0,0,0,0,0.000128292071705725,0.0190831242790748,0,0.000433646973121332,0,0,0,0.000593395681332303,0,0,0,0,0,0,0.000920466101623989,0,0.0192702217385652,0,0,0,0,0,0.0102751442505443,1.99055075670875e-05,0.0121962266473409,6.77832242674474e-06,0.000743479365342441,0,0.0262100256380164,0.00121293606857529,1.49505297079955e-05
0,0,0.000606794744737436,3.29041492743565e-05,0.0066565160165987,1.36781133282441e-05,0.00161511558840809,0,0,0,0.00163719249794288,0,0,0,0,0,0.000198972682027155,2.9683518613514e-05,0.00286242456565696,0,0.0573887799035243,0,0,0,0,0,0,0,0,0,0.00224797343758185,0,0,0,0,0,0.00420043379376976,0,0.000349290433392765,0.000253062681037356,0.00502883283322766,0.000391648156760958,0.00907681693726922,0,0.000360891869228561,0.00138190226014011,0.0421230502445875,7.56045237339812e-06,0.00231234498949525,0,0.00752592129136678,5.13154625367603e-05,2.21436805920387e-05,0,0,0,0.0442833201733342,0.000893919795487604,0,0.000170375227096365,0,0.000322319028450722,0.000593395681332303,0,0,0,0,0,0,0,5.69477687843642e-05,0.000562215870481808,0.000385826980142293,0.0202535854555733,0,0,0,0,2.65886857515796e-05,0.0229346907347128,5.0891421544631e-05,0.0116243346113521,0.000347054641558521,5.95144389830251e-06,0.0279233155710405,0,0.00334191534034472
0,0,0,0,0,0,0,0,0,0,0,0,0,0,0,0,0,0,0,0,0,0.0591704782964779,5.03534901445601e-05,0.00947660855431189,0,0.0107354308476134,0,0.00114850378342364,0,0,0,0,0,0,0,0,0,0.00545293819774957,0,0,0,0,0,0,0,0,0,0,0,0.010531778583014,0,0,0,0,0,0,0,0,0,0,0,0,0,0,0,0,0.0110109073618493,0,0.000871765975541191,0,0.00122301053756677,0,0,0,0,0,0,0,0,0,0.00512615192492864,0,0.000506841872864517,7.54189721042254e-05,0,0,0
0,0,0,0,0,0,0,0,0,0,0,0,0,0,0,0,0,0,0,0,0,6.99751208088628e-05,0.0763097867516791,0,7.64764260768619e-05,0,9.58099980133999e-05,0,0.0018685804368403,0,0,0,0,0,0,0,0,0,0.00672983154439129,0,0,0,0,0,0,0,0,0,0.013798439339478,0,0,0,0,0,0,0,0,0,0,0,0,0,0,0,0,0,0,0.00295468411768156,0,0.00127360273287352,0,0.00671995024850034,0,0,0,0,0,0,0,0,0,0.00468494068236064,0.000167742297380798,8.19305893529979e-05,0,0,0
0,0.00239261380186166,0,0,0,0,0,0,0,0.000276611848763358,0,0,0,0,0,0.0044392165529387,0,0,0,0,0,0.00158918865831225,0,0.144897808752893,0,0.0379079356428428,0,0,0,0,0,0,0,0,0,0,0,0.00277156802152635,0,0,0,0,0,0,0,0,0,0,0,0.00312042158570713,0,0,0,0,0,0.0294510990017866,0,0,0,0,0,0.0194831556175604,0,0,0.0110109073618493,0,0,0,0.0130915099177538,0,5.67649849242749e-05,0,0,0,0,0,0,0,0,0,0.00693810211033663,0,8.55445933571534e-05,0,0.00057501671914178,0,0
0,0,0,0,0,0,0,0,0.00226964647042074,0,0,0,0,0,0,0,5.07810678835013e-06,0,0,0,0,0,0.000750132115858729,0,0.0632837771759868,0,0.00387193186037625,0,0,0,0,0,0,0,0,0,0,0,0.00201205752247495,0,0,0,0,0,0,0,0,0,0.0285947069412518,0,0,0,0,0,0.0137052562448469,0,0,0,0,0,0.00181651805214618,0,0,0,0,0.00295468411768156,0,0,0,0.0530820893720082,0,0,0,0,0,0,0,0,0,0,0,0.00189937865809973,6.1395856166815e-05,0,0.000873513032372292,0,0
0,0,0,0,0,0,0,0,0,0,0,0,0,0,0,0,2.53858931837489e-05,0.00018898776729519,0,0,0,0.000571062780358843,0,0.0015554690674898,0,0.0165265128491133,0,0.000660133750007759,0,0,0,0,0,0,0,0,0,0,0,0,0,0,0,0,0,0,0,0,0,0.00366425017169439,0,0,0,0,0,0,0,0.00013634072064783,0,0.000658563018081718,0,0.00262801916236662,0,0,0.000871765975541191,0,0.0130915099177538,0,0,0,0.0253255128811971,0,0,0,0,0,0,0,0,0,0,0,0,0,5.65868904924666e-06,0,0
0,0,0,0,0,0,0,0,0.000440098836830744,0,0,0,0,0,0.0055550518039413,0,0.005984557501551,0.000644594033562329,0.00015099311363149,0,0,0,0.000387544869339578,0,0.0243821507150246,0,0.0258014172569202,0,0,0,0,0,0,0,0,0,0,0,0,0,0,0,0,0,0,0,0,0,0.0122007357625958,0,0,0,0,0,0,0,0,0,0,0,0.000560240640967581,0,0,0,0,0.00127360273287352,0,0.0530820893720082,0,0,0,0.00729296147938691,0,0,0,0,0,0,0,1.01164220872871e-05,1.35798236235965e-06,0,0.000434511101565229,0,1.65968392388765e-05,0,0
0,0,0,0,0,0,0,0,0,0,0,0,0,0,0,0,0,0,0,0,0,0,0,0,0,0.00108292943105538,0,0.0157943347389098,0,0.0209651114584648,0,0,0,0,0,0,0,8.09336873706885e-06,0,0,0,0.000158853984529849,0,0,0,0.000108173735364416,0,0,0,0.00583551423221132,0,1.6262515453629e-05,0,0,0,0,1.34178028969234e-05,0.0155095222752527,0,0,0,0,0.000920466101623989,5.69477687843642e-05,0.00122301053756677,0,5.67649849242749e-05,0,0.0253255128811971,0,0,0,0.0226500975458692,0,0,0,0,0,1.05421980415544e-06,0,0.00108138804182752,0,4.56951669414906e-05,0,0.00111254154881793,0,0
