0,0,0.0164933812296728,0,0.000203020039643091,0,0,0,0.064202419429352,0,0,0,0,0,0.00524235660427778,0,5.35019924430368e-05,0,0.000145506397178486,0,7.20192666752713e-05,0,0,0,0.00345681885133228,0,0,0,0,0,0,0,0,0,0,0,0,2.58614878567843e-05,0.0013157031682855,0,0.000202095546298333,1.40500475912699e-05,0.0126559670091839,0,0,0,0.0047952057259445,2.65737098014117e-05,0.018352706739057,0,0.00209573394364135,0,0,0,0.0510872910351286,0,1.3105980780878e-05,0,0.00101467664417071,0,0.00567470149367158,0,0,0.000311545549099824,0,0,5.29625700763942e-05,0.00847280035786415,0,0,0,0.000670340796319574,0,0.000181247401100249,0,0,0,0,0,5.51247680715747e-06,3.68965621138907e-06,0.000133781542681797,0.000453916655733857,0,0.00896426532315701,0,0.000222659658176295
0,0,0,0.031857006644859,0,0.00130008099954995,0,0,0,0.111252945347505,0,0,0,0,0,0.000212503072711222,5.18231835529679e-05,0.000298783685746534,0.00218959726549719,0,0,0,0,0.00654704305304025,0,0,4.09388614176559e-05,0,0,0,0,0,0,0,0,0,0,0.00192755422923994,3.53036095069377e-05,0.00329370427884806,0.000214331729457957,0.0204390148305974,1.87841805689766e-05,3.93415243258935e-05,0,0.0138728875681794,0,0.000433286267803703,9.85103558608622e-05,0.0136388048795043,0,0.000280054949140539,0,0,0,0.152127382901094,2.7668653103859e-05,0.000174276909410875,0,0,0,0.00929529597750495,0.000113072562718405,0,0,0,0.0177145914929674,0.000324118751439672,0,0,0.000114630898775221,0,0.000958320271928826,0,0,0,0,0,0.000780983598715396,0,6.13849574259433e-05,1.0810486487013e-05,0.00400359638871205,2.63589336867939e-05,0.0310965310737871,0.00272758598052979,0
0.0164933812296728,0,0,0,0.0616988169437498,0,0,0,0.00462161226176639,0,0,0,0,0,0.00159147185268817,0,0.000107695936916016,1.56929419719539e-05,0.000363395005629835,0,2.61692468744056e-05,0,0,0,0.00126076112672636,0,0,0,0,0,0,0,0,0,0,0,0.000329417358150098,0,0.000220175018894935,0.000117433772105774,0.00773099406030098,0,0.0108645481326425,0,0,0,0.00495134925485482,0,0.00240705781539284,4.20870342330085e-05,0.0933624190698521,0,0.000141622299199129,0,0.00425024216848031,0,0.0023914106126786,0,0.0208746799242632,0,0.00527438996409904,0,0,0.00244533062132543,0,0,0,0.000903993049370575,0,0,0,0.000119746076959911,0,0.00071629979799672,0,0,0,0,0,0.000237485875635166,0,0.00010192804600376,0.00101659678494189,0,0.0162794743213602,0,0.000189465898291909
0,0.031857006644859,0,0,0,0.0705304491335737,0,0,0,0.0121495994989418,0,0.00220941951547748,0,0,0,0.00306025205029448,2.76412296999849e-05,0.000211197260334316,0.000456837490358964,0.00116945925520845,0,0,0,0.000728412675033199,0,0,0,0,0,0,0,0,0,0,0,0.000684646878396192,0,2.31115897906785e-05,0,0.00212221881986833,0,0.0148854749677038,0.000631373579586733,0.00168803950161528,0,0.0228873885365081,0.000135974900150613,0,0,0.00251646944334569,0,0.0707163896098494,0,0,0,0.0959292095781291,0,0.0117507881115568,0,0.00579443208220359,0,0.0340479848561697,0.00313815641786998,0,0,0,9.55640171308118e-05,0,0,0,0,0,0.000376507263953003,0,0,0,0,0,0.00191807390152722,0,0,0,0.00117398905865545,1.29601601667062e-05,0.0315080988281903,0.00126658009365871,0
0.000203020039643091,0,0.0616988169437498,0,0,0,0.00219207426515862,0,0.00128723663362232,0,0,0,0,0,0,0,0,0,0,0,0,0,0,0,5.708278425306e-05,0,0,0,0,0,0,0,0,0,0,0,0.000250063653526063,0,0,0,0.000554904317616331,0,0.000590477049611431,0,0,0,0.00030601235547021,0,0.00013063060793514,0,0.064899133550591,0,0.000844122486580529,0,0.000464350477969392,0,0.00371091697742983,0,0.000875028569337405,0,0.0011476679634065,0,0,0.000495823583996774,0,0,0,0,0,0,0,0,0,0,0,0,0,0,0,4.60820639117586e-05,0,0,0.00133209392355928,0.000569971471452768,0.00233330426962702,0,0
0,0.00130008099954995,0,0.0705304491335737,0,0,0,0.0322561011796692,0,0.00419717612556352,0,0.00195064885347524,0,0,0,0.000468181713393565,0,0,1.12662001849255e-05,0.00935032443739721,0,0,0,0,0,0,0,0,0,0,0,0,0,0,0,0.000448868728058488,0,0,0,0,0,0.00161247645491001,0.000139708897869174,0,0,0.000812482384965664,0,0,0,5.28338339990894e-05,0,0.0606803976506256,0,0.00642403386974725,0,0.0039732363063987,0,0.00234166775015501,0,0.000447963286787,0,0.00212533012762971,0.00122488063245868,0,0,0,0,0,0,0,0,0,5.97844465416507e-05,0,0,0,0,0,0.000135317251582602,0,0,0,0.00361704403660998,0.00070664222604517,0.00379427336194302,0,0
0,0,0,0,0.00219207426515862,0,0,0,0,0,0.0219683224348233,0,0.0019969236034507,0,0,0,0,0,0,0,0.0110052913919307,0,0,0,0,0,0,0,0,0,0,0,0,0,0,0,0.000897475932602821,0,0,0,0,0,0,0,0,0,0,0,0,0,0.00740648262885882,0,0.156620460367806,0,0,0,0.0198170978486461,0,0.0599734390286511,0,0,0,0,0,0,0,0,0,0,0,0,0,0,0,0,0,0,0,0,1.82080206815083e-05,0,0,0.0017037379372643,0.000835466595552324,0,0,0
0,0,0,0,0,0.0322561011796692,0,0,0,0,0,0.00145812493081535,0,0.00695651568586675,0,0,0,0,0,0.0124352089936112,0,0,0,0,0,0,0,0,0,0,0,0,0,0,0,1.27291391531703e-05,0,0,0,0,0,0,0,0,0,0,0,0,0,0,0,0.00587986316139466,0,0.0372095674604058,0,0,0,0.0119775044362456,0,0.00321686911924628,0,0,0.00471353131882872,0,0,0,0,0,0,0,0,0,0,0,0,0,0,0,0,0,0,0,0.00200986035252262,0.000152028763445666,0,0,0
0.064202419429352,0,0.00462161226176639,0,0.00128723663362232,0,0,0,0,0,0,0,0,0,0.037982330565942,0,0.00179350582549763,0.000131517064936063,0.00112870152520419,0,0.000259107775472203,0,0,0,0.0277090889702328,0,0.0027249442472958,0,0,0,0,0,0,0,0,0,0,1.04461148138411e-05,0.000552580319732335,0.000138171987175695,0.00029435565704449,0.000145260179692903,0.00661352294681057,0,5.93740350706507e-05,0.000203355387992307,0.00581996818349696,0,0.00523088913893079,0,0.000212913165093587,0,0,0,0.0774894007256637,0,0.000422562392936308,0,0.000382988505536576,0,0.101316398377278,0,0,0.00454824851832369,0,0,0,0.017407506913386,0,0.00260318335884367,0,0.00148798304536359,0,0.0036045838414243,0,0,0,0,1.66702099259423e-06,0.000191454464328441,0,0.00028921912394467,0.0031359655530675,0.000512831871852245,0.0198550354311577,0.000185601840114813,0.000526459265074908
0,0.111252945347505,0,0.0121495994989418,0,0.00419717612556352,0,0,0,0,0,0,0,0.00203810337211396,0,0.158821192703479,3.22559614450036e-05,0.0020735209875788,0.000362343642710027,0,0,7.8426473848702e-06,0,0.0188066110017321,0,0,0,0,0,0,0,0,0,0,0,8.40435215001959e-06,0,0.00200081813537599,2.69763070846219e-05,9.32101864713295e-06,0,0.0157123323660244,8.04130944300943e-05,0,0,0.000522465436676515,0,8.02556761635599e-05,8.39047706085647e-06,0.00506926151590121,0,0,0,0,0,0.174740660609891,0,0.000829769609143074,0,0,0,0.0551683785045151,0,0,0,0,0.0176122218417922,0,0,0,0.000438527586430182,0,0.00259643170228955,0,0,0,0,0,9.59743781393015e-06,0,0.000516120409923745,1.2017539171817e-05,0.0048878624187679,0.00233558397763619,0.00854146310975249,0.00888353029629084,0
0,0,0,0,0,0,0.0219683224348233,0,0,0,0,0,0.00142519817703033,0,0,0,0,0,0,0,0.113210462431606,0,0,0,0,0,0,0,0.000694021644992666,0,0.0128757752350118,0,0,0,0,0,0.000300048810967198,0,0.0249233501602179,0,0,0,0,0,0,0,0,0,0,0,0.000613568081203856,0,0.0222929685785896,0,0,0,0.429505236849764,0,0.0254267750379784,0,0,0,0,0.0161502817531317,0,0,0,0,0,0,0,0,0,0.0275059740247834,0,0,0,0,0,0,0,0.000888981266361689,0.00330844336890565,0.00161329777506507,0,0,0
0,0,0,0.00220941951547748,0,0.00195064885347524,0,0.00145812493081535,0,0,0,0,0,0.0655543375855989,0,0,0,0,0,0.118787407846756,0,0,0,0,0,0,0,0.00409524581348995,0,0.00925757111006962,0,0,0,0,0,0.00413646486699029,0,0.0215453314558332,0,0,0,0,0,0,0,0.000309540339030916,0,0,0,0,0,0.00391396324013606,0,0.00339918646205811,0,0,0,0.362318085053839,0,0.262075121993904,0,0,0.0635632353463918,0,0,0,0,0,0,0,0.0248039082998898,0,0.0096944999506988,0,0,0,0,0,0.00054032262157142,0,0.000266189159054863,0,0.00500129121671265,0.000274452090175253,0.00600012754492738,0,0
0,0,0,0,0,0,0.0019969236034507,0,0,0,0.00142519817703033,0,0,0,0,0,0,0,0,0,0,0,0,0,0,0,0,0,0.0282461385060304,0,0,0,0,0,0,0,0,0,0,0,0,0,0,0,0,0,0,0,0,0,0,0,0,0,0,0,0.00248273348869128,0,0.296824696294985,0,0,0,0,0,0,0,0,0,0,0,0,0.00482972270328913,0,0,0,0,0,0,0,0,0,0,0.00274393754987754,0.01458242382355,0,0,0
0,0,0,0,0,0,0,0.00695651568586675,0,0.00203810337211396,0,0.0655543375855989,0,0,0,0.0220531857114908,0,0,0,0,0,0,0,0,0,0.00253369219770849,0,0.0121391516372297,0,0,0,0,0,0,0,0,0,0,0,0,0,0,0,0,0,0,0,0,0,0,0,0,0,0.00042715720667949,0,0,0,0.00490696733823633,0,0.269726574391617,0,0,0,0,0,0,0,0,0,0,0.00323005884968325,0,0,0,0,0,0,0,0,0,0,0,0.00472622989168795,0.00691884167915633,0,0,0
0.00524235660427778,0,0.00159147185268817,0,0,0,0,0,0.037982330565942,0,0,0,0,0,0,0,0.00696994070804741,0,0,0,0,0,0,0,0.00602361475716341,0,0.0203746550570847,0,0,0,0,0,0,0,0,0,0,0,4.16360332588374e-05,0,0,0,8.69095838649393e-05,0,0,0,0,0,0.00126982841308134,0,0,0,0,0,0.00208895154679316,0,0,0,5.14716843018348e-05,0,0.135464369329047,0,0,0,0,0,0,0.000540643675657091,0,0.0177526746435745,0,0,0,0,0,0,0,0,0,0,0,4.61257115780406e-05,0.00129239082425912,0.000977996467952008,9.54859174893022e-05,0,0
0,0.000212503072711222,0,0.00306025205029448,0,0.000468181713393565,0,0,0,0.158821192703479,0,0,0,0.0220531857114908,0,0,0,0.00380458015266067,0,0,0,0,0,0.000242900030068907,0,0.0123227578725009,0,0,0,0,0,0,0,0,0,0,0,0,0,0,0,0.000123762789223289,0,0,0,0,0,0,0,1.84235852503057e-05,0,0,0,0,0,0.0646369653213759,0,0,0,0,0,0.177616947463127,0,0,0,0,0.000203741712925562,0,0.0485347965583089,0,0,0,0,0,0,0,0,0,0,0,0,0,0.0049194764600752,0.000641657537033532,8.58009297641679e-05,0,0
5.35019924430368e-05,5.18231835529679e-05,0.000107695936916016,2.76412296999849e-05,0,0,0,0,0.00179350582549763,3.22559614450036e-05,0,0,0,0,0.00696994070804741,0,0,0.145620292320327,0.0582929755178052,0,8.59226249297357e-05,0,0,0,0.00106060630557449,0,0.0122858236137345,0,0,0,0,0,0,0,0,0,0,0,5.67700918470415e-06,0.000264762977727207,0.000735968913879734,0.0023621672936415,0.00540940062729155,5.79881317521406e-05,3.14461219154569e-05,0.00177103828518212,0.0141919287752888,0,0.000177927085035485,6.63353037480343e-06,1.47956232486083e-05,0,0,0,0.000215930313605216,0,0.000106731128758919,0,3.3930364926875e-05,0,0.00148127944545011,0,0,0.00246608147734919,0,0,0,6.17120008876689e-05,0,0,6.03916749740717e-06,2.5357838122856e-05,3.0882247144536e-05,0.000429388532658155,0,0,0,0,0.000163409280594575,0.000629424074812207,0,0.000269284694913084,0.0188568561089836,0.000186257143293417,0.0138353917561394,0.000149340717554333,0.000400784413253348
0,0.000298783685746534,1.56929419719539e-05,0.000211197260334316,0,0,0,0,0.000131517064936063,0.0020735209875788,0,0,0,0,0,0.00380458015266067,0.145620292320327,0,0.0510562743987185,0,8.60686998093514e-06,0,0,0.000331916518980166,0,0.00749634951794845,0,2.69756274065003e-05,0,0,0,0,0,0,0,0,0,1.96760039562849e-05,0,0.00133464263922025,0.000226649421453657,0.00804747554222581,0.00146863913524514,1.32739753918942e-05,0,0.00620324595532612,0.0024384687884834,0,3.54206337814379e-05,2.72552723045195e-05,0,0,0,0,0,8.92470492937726e-05,1.71765851439825e-05,3.52817400626855e-06,0,0,0,0.00233568739938125,8.88880584599583e-05,0.00027822826250958,0.000321557464569095,0,0,0,0.00188972502647189,0,0,1.90096923905718e-05,0.000233898850875028,5.35931568407898e-06,0,0,0,0,0.000609528472736811,8.79019074235541e-05,1.53497320273588e-05,5.51890110212392e-05,0.0133006997552965,0.00330129550147491,0.00888273323795315,0.000255338676204316,0.000184017617638982
0.000145506397178486,0.00218959726549719,0.000363395005629835,0.000456837490358964,0,1.12662001849255e-05,0,0,0.00112870152520419,0.000362343642710027,0,0,0,0,0,0,0.0582929755178052,0.0510562743987185,0,0,6.3840431850643e-05,0,0,1.15880190731531e-05,9.14871106785363e-06,0,0,0,0,0,0,0,0,0,0,0,3.10488053713304e-06,0,2.75530853631744e-06,0.00529137618550128,0.00180817888131966,0.0235445675500927,0.016917818208959,5.51238360236577e-05,0.000101360533824536,0.0274012262833522,0.0407457329174698,0,0.000148384212144298,0.000100412844174734,0,0,0,0,0.000186603390676224,0.000233792070023281,0.000111071088120198,6.90351486648779e-05,7.09303941784515e-05,0,0,0,1.89775863050107e-05,0.00401575725841997,0,0,0,1.54381114933659e-05,0,0,0,0.00034616391950367,0.00088155422043818,0.00106597845110734,0,0,0,0,0.00203248414670803,0.0014062129311497,4.4168744374038e-06,0.00050690849512402,0.0127332962478226,6.62162336092869e-05,0.0430675015415904,0.00139331760438995,0.00205605515905288
0,0,0,0.00116945925520845,0,0.00935032443739721,0,0.0124352089936112,0,0,0,0.118787407846756,0,0,0,0,0,0,0,0,0,0,0,0,0,0,0,0,0,0,0,0,0,0,0,0.00857556321932964,0,0.00454301337423033,0,0,0,0,0,0,0,0.0172387875029145,0,0,0,0,0,0.00278931044382068,0,0,0,0,0,0.0344344269077308,0,8.03951027695884e-05,0,0,0.321113244133743,0,0,0,0,0,0,0,0,0,0.00195571954442839,0,0,0,0,0,0.00346025030712239,0,0,0,0.000483352615797629,0,0.0153510762874732,0,0
7.20192666752713e-05,0,2.61692468744056e-05,0,0,0,0.0110052913919307,0,0.000259107775472203,0,0.113210462431606,0,0,0,0,0,8.59226249297357e-05,8.60686998093514e-06,6.3840431850643e-05,0,0,0,0,0,0,0,0,0,0,0,0,0,0,0,0,0,0.0080135006820038,0,0.00456637114168041,0,0.000165001328504807,0,0.000105265910814056,0,0,0,0.00479933555094742,0,1.88047574019059e-05,0,0.000745535753563509,0,0.002756033499492,0,0,0,0.113171792775777,0,0.000239628462417656,0,3.01355323542203e-05,0,0,0.206033368220866,0,0,0,0,0,0,0,0,0,0,0,0,0,0,0,0.00130326308440156,0,1.79596954056898e-06,0.00697241623800722,0.000321648575068445,0.00857811976061048,0,0
0,0,0,0,0,0,0,0,0,7.8426473848702e-06,0,0,0,0,0,0,0,0,0,0,0,0,0.0343603101067061,0.0026778970876841,0,0.003022241657045,0,0.00796608157719642,0,0,0,0,0,0,0,0,0,0.0298389878013555,0.00110634235564037,0,0,0,0,0,0,0,0,0,3.64119715847105e-05,0.00013221306456509,0,0,0,0,0,7.43187408883432e-06,0,0,0,0,0,0,0,0,0.207339057753025,0.00319807186551742,0.011191517148957,0,0.00681781075725552,0,0.00480695530756811,0,0,0,0,0,0,0,0,0,0.00264130714655003,8.10450233954647e-06,0.0134235614844117,0.00348690331009268,0,0,0
0,0,0,0,0,0,0,0,0,0,0,0,0,0,0,0,0,0,0,0,0,0.0343603101067061,0,0,0.00870207740690051,0,0.000911730058466305,0,0.0223866045430281,0,0,0,0,0,0,0,0,4.1572255611736e-05,0.0167598781352578,0,0,0,0,0,0,0,0,0,0.00472859983051482,0,0,0,0,0,0,0,0,0,0,0,0,0,0,0,0.00980618098486401,0.15030455654152,0,0.00611653636482356,0,0.0246487780806695,0,0.0028046101131789,0,0,0,0,0,0,0,0,2.16969593542543e-05,0.0024675528219534,0.0148817003255367,0.0123558276819484,0,0,0
0,0.00654704305304025,0,0.000728412675033199,0,0,0,0,0,0.0188066110017321,0,0,0,0,0,0.000242900030068907,0,0.000331916518980166,1.15880190731531e-05,0,0,0.0026778970876841,0,0,0,0.0380162941807315,0,0,0,0,0,0,0,0,0,0,0,0.00756012688970142,0,1.58728595534025e-05,0,0.000151752998049672,0,0,0,4.40808707731738e-05,0,0,0,0.00105385220815484,0,0,0,0,0.00010867600669971,0.014244965855666,0,0,0,0,0,0.000639988926134128,0,0,0.0104604867570063,0,0.170985114791893,0,0.215553800698407,0,0,0,0,0,0,0,0,0,1.62000592266554e-06,0,0.00289244811925863,0,0.00231695375214012,1.84100869861695e-06,0.000840247306213793,8.99061496443358e-05,0
0.00345681885133228,0,0.00126076112672636,0,5.708278425306e-05,0,0,0,0.0277090889702328,0,0,0,0,0,0.00602361475716341,0,0.00106060630557449,0,9.14871106785363e-06,0,0,0,0.00870207740690051,0,0,0,0.011800635334534,0,0,0,0,0,0,0,3.25636757402524e-05,0,0,0,0.00531568776191947,0,0,0,4.85745853533565e-05,0,0,0,1.35896141816061e-05,0,0.00367118606350343,0,0.000133033607943372,0,0,0,0.0112881527160556,0,0,0,0,0,0.00155735924084232,0,0,0,0,0.00517338436345722,0,0.208597844061884,0,0.150408721172369,0,0,0,0,0,0,0,0,0,2.83600687638896e-06,0,0.00371243378595079,0.000827704067903407,5.66050283763554e-06,8.81173342273195e-05,0,0
0,0,0,0,0,0,0,0,0,0,0,0,0,0.00253369219770849,0,0.0123227578725009,0,0.00749634951794845,0,0,0,0.003022241657045,0,0.0380162941807315,0,0,0,0.0363602303917722,0,0,0,0,0,0,0,0,0,0,0,0,0,0,0,0,0,0,0,0,0,0,0,0,0,0,0,0,0,0,0,0,0,0.00447501108918427,0,0,0.00111679101009759,0,0.00383722810482409,0,0.104400850327266,0,0.00834401951401701,0,0,0,0,0,0,0,0,0,0,0,0.0020774110444616,0,0,0,0
0,4.09388614176559e-05,0,0,0,0,0,0,0.0027249442472958,0,0,0,0,0,0.0203746550570847,0,0.0122858236137345,0,0,0,0,0,0.000911730058466305,0,0.011800635334534,0,0,0,0.0145162865095358,0,0,0,0,0,0,0,0,0,0,0,0,0,0,0,0,0,0,0,3.84181180670754e-05,0,0,0,0,0,9.67589745984841e-05,0,0,0,0,0,0.0115280103415421,0,0,0,0,0.000765479550640332,0,0.00176107163831833,0,0.0649236074925336,0,0,0,0,0,0,0,0,0,0,0,0,0.00101199981314524,0,0,0,0
0,0,0,0,0,0,0,0,0,0,0,0.00409524581348995,0,0.0121391516372297,0,0,0,2.69756274065003e-05,0,0,0,0.00796608157719642,0,0,0,0.0363602303917722,0,0,0,0.0354744350825588,0,0,0,0,0,0,0,0.00104788547156638,0,0,0,0,0,0,0,0,0,0,0,0,0,0,0,0,0,0,0,0.000720113751072786,0,0.00587443032890877,0,0,0,0,0.00419552959577083,0,0,0,0.004247942413693,0,0.142950600204429,0,0.0130713659006174,0,0,0,0,0,0,0,0.000109145088832029,0,0.00781892714017298,0.00810218014538009,0,0,0
0,0,0,0,0,0,0,0,0,0,0.000694021644992666,0,0.0282461385060304,0,0,0,0,0,0,0,0,0,0.0223866045430281,0,0,0,0.0145162865095358,0,0,0,0.0356271967992169,0,0,0,0,0,0,0,0.00354609903634696,0,0,0,0,0,0,0,0,0,0,0,0,0,0,0,0,0,0,0,0.029258438949992,0,0,0,0,0,0,0.00094998079834397,0,0,0,0.0172561138189528,0,0.135566155870067,0,0,0,0,0,0,0,0,0,0,0.00620357792845648,0.0182752669325651,0,0,0
0,0,0,0,0,0,0,0,0,0,0,0.00925757111006962,0,0,0,0,0,0,0,0,0,0,0,0,0,0,0,0.0354744350825588,0,0,0,0,0,0,0,0,0,0.00445835138677841,0,0,0,0,0,0,0,0,0,0,0,0,0,0,0,0,0,0,0,0.011269091280516,0,0,0,0,0,0,0,0,0,0,0,0,0.0380498066033049,0,0.179527906717342,0,0,0,0,0,0,0,0.000703429397820036,0,0.000839120604687935,0,0,0,0
0,0,0,0,0,0,0,0,0,0,0.0128757752350118,0,0,0,0,0,0,0,0,0,0,0,0,0,0,0,0,0,0.0356271967992169,0,0,0,0,0,0,0,0,0,0.00977668428587828,0,0,0,0,0,0,0,0,0,0,0,0,0,0,0,0,0,0.019696198321292,0,0,0,0,0,0,0.000222354421923227,0,0,0,0,0,0,0,0.00142345965724254,0,0.187116067151202,0,0,0,0,0,0,0,0,0.000383162275342612,0.00300894439898029,0,0,0
0,0,0,0,0,0,0,0,0,0,0,0,0,0,0,0,0,0,0,0,0,0,0,0,0,0,0,0,0,0,0,0,0.0737789953300237,0.0238004558842341,0,0.000751091542563323,0.000543278097542084,0,0,0,0,0,0,0,0,0,0,0.0344282568398999,0.000352190096648237,0.00217306497580194,0,0,0,0,0,0,0,0,0,0,0,0,0,0,0,0,0,0,0,0,0,0,0,0,0.111359338225362,0.018699844411353,0.00914256448555488,0,0.000498030274190293,0,0,0,0.00134662951718087,0,0,0,0
0,0,0,0,0,0,0,0,0,0,0,0,0,0,0,0,0,0,0,0,0,0,0,0,0,0,0,0,0,0,0,0.0737789953300237,0,0.010163099776105,0.00413003674948604,0.00523065074820334,0.00919851613395867,0,0,0,0,0,0,0,0,0,0,0.049306878113582,0.000134986365912157,0,0,0,0,0,0,0,0,0,0,0,0,0,0,0,0,0,0,0,0,0,0,0,0,0,0.0175995191992514,0.334389821212668,0.000437934467455964,0.00486167131401129,0,0.00434102634858733,0,0,0.00277596381170764,0,0,0,0
0,0,0,0,0,0,0,0,0,0,0,0,0,0,0,0,0,0,0,0,0,0,0,0,0,0,0,0,0,0,0,0.0238004558842341,0.010163099776105,0,0.265937692052298,0.00268451243194475,0,0.00700904402183045,0.001896568748439,0,0,0,0,0,0,0,0,0.12154587460755,0.000562613845914926,0.000462789874678318,0,0,0,0,0,0,0,0,0,0,0,0,0,0,0,0,0,6.67746464476436e-05,0,0,0,0,0,0,0.0235247454457979,0.00106460021789413,0.438813148351913,0.17350655650394,5.76788380974521e-05,0,0.00126285291319911,0.000359566685383682,0.00250511712683651,0.000115577828898973,1.52900085173873e-05,0,0
0,0,0,0,0,0,0,0,0,0,0,0,0,0,0,0,0,0,0,0,0,0,0,0,3.25636757402524e-05,0,0,0,0,0,0,0,0.00413003674948604,0.265937692052298,0,0.000176407240270499,0.00234774037684397,0.00269235658701552,0.00278204204275015,0,0,0,0.00038592357189952,0,0,0,0,0.180954690331848,0.00439307848366899,0,0,0,0,0,0,0,0,0,0,0,0,0,0,0,0,0,0,0,0,0,0,0,0,0,0.0016539016796082,0.00290013235188005,0.103409816305483,0.34442140765637,2.16820327832035e-05,0.00322860670084493,2.93662390245166e-05,0.0104900635475925,0.00205771317477854,0.00012200663513448,0.000254801685614592,0,0
0,0,0,0.000684646878396192,0,0.000448868728058488,0,1.27291391531703e-05,0,8.40435215001959e-06,0,0.00413646486699029,0,0,0,0,0,0,0,0.00857556321932964,0,0,0,0,0,0,0,0,0,0,0,0.000751091542563323,0.00523065074820334,0.00268451243194475,0.000176407240270499,0,0.0286302383314441,0.0286188066940001,0.00186090206155219,0.00058822884283593,0,0.000130895327257461,6.83143825118372e-06,0,0,0.000559684650285041,0,0.00404945439819126,0,1.05991840410939e-05,0,2.39081161582268e-05,0,0,0,4.78514820265905e-05,0,0.00279633933427323,0,0,0,2.41911640894551e-05,0.00581781641189689,0,0,0,0,0,0,0,0,0,4.06762903837135e-05,0,0,0.00116821559002043,0.00209910746976945,0,0.174147694747504,0.0151563684534204,0.0132399450306109,0,0.0201753914678607,0.00375801680465353,0.00207667525025005,0,0
0,0,0.000329417358150098,0,0.000250063653526063,0,0.000897475932602821,0,0,0,0.000300048810967198,0,0,0,0,0,0,0,3.10488053713304e-06,0,0.0080135006820038,0,0,0,0,0,0,0,0,0,0,0.000543278097542084,0.00919851613395867,0,0.00234774037684397,0.0286302383314441,0,0.000319625076045241,0.026368474317344,0,0.000171674384960827,0,0.000300232185904989,0,0,0,0.000314056067565549,0.00215325015603097,0.000112720614347535,0,0,0,0,0,0,0,0.000237299482284107,0,2.31857245040486e-06,0,0,0,0,0.00453683001298322,0,0,0,0,0,0,0,0,0,0,0,0.0107356615426237,0,0.00137081858369865,0.00673621646206943,0.138268374890878,0,0.0301048555072753,0.0218011435706077,0.0101042534267517,0.00212503636072949,0,0
2.58614878567843e-05,0.00192755422923994,0,2.31115897906785e-05,0,0,0,0,1.04461148138411e-05,0.00200081813537599,0,0.0215453314558332,0,0,0,0,0,1.96760039562849e-05,0,0.00454301337423033,0,0.0298389878013555,4.1572255611736e-05,0.00756012688970142,0,0,0,0.00104788547156638,0,0.00445835138677841,0,0,0,0.00700904402183045,0.00269235658701552,0.0286188066940001,0.000319625076045241,0,0.0095227851014053,5.02664427054852e-06,0,0.000139572210783814,0,0,0,7.64860649859412e-06,0,0.0118599813593416,0.00226434055516223,0.00179356327919404,0,0,0,0,1.81644120070801e-05,0.000784084090583762,0,0.0296501907429995,0,0,0,1.9365623728191e-05,0.00134541395997214,0,0.0133577119066142,0,0.0197615229559327,0.000150657501825377,0,0,0.0010490025953826,0,0.0105504541227622,0,0,0,0.00732833267348887,0.000131592895959445,0.0167894223194159,0,0.18077022202587,0.00570939134245517,0.0182663356159456,0.00217672144636633,0.00125621517371387,9.71390925158869e-06,0
0.0013157031682855,3.53036095069377e-05,0.000220175018894935,0,0,0,0,0,0.000552580319732335,2.69763070846219e-05,0.0249233501602179,0,0,0,4.16360332588374e-05,0,5.67700918470415e-06,0,2.75530853631744e-06,0,0.00456637114168041,0.00110634235564037,0.0167598781352578,0,0.00531568776191947,0,0,0,0.00354609903634696,0,0.00977668428587828,0,0,0.001896568748439,0.00278204204275015,0.00186090206155219,0.026368474317344,0.0095227851014053,0,0,4.05327157913636e-06,3.756734895745e-06,8.67914678448292e-05,0,0,3.52737271092848e-05,0.000331610955333112,0.0137250965623673,0.0122911769100498,2.62062657056518e-05,8.70526686543163e-06,0,0,0,0.000926660448108691,7.1978616670655e-05,0.02289172784439,0,6.15039772036631e-06,0,1.19337792165524e-05,0,0,0.00360281544437097,0,0.00468064230314662,0.000146357670137038,0.0191062660840288,0,0,0,0,0,0.0144869277251465,0,0,0,0.00178127999862297,5.86297310228852e-05,0.0026945845486468,0.000914282998118271,0.189460955584816,0.0202135869694155,0.00521388170616652,0.000422198465454754,0,0
0,0.00329370427884806,0.000117433772105774,0.00212221881986833,0,0,0,0,0.000138171987175695,9.32101864713295e-06,0,0,0,0,0,0,0.000264762977727207,0.00133464263922025,0.00529137618550128,0,0,0,0,1.58728595534025e-05,0,0,0,0,0,0,0,0,0,0,0,0.00058822884283593,0,5.02664427054852e-06,0,0,0,0.0525064228669438,0.000412637793226591,0.000383283925943266,0,0.0742960148550546,0.000737719987907955,0,0,0.00363502231425434,0,0,0,0,0,0.000420545979512011,0,1.37014211405176e-05,0,0,0,4.58545671493246e-05,0.00121979085120284,0.000151902443019146,0,0,0.000163535863472678,0,0,0,0,0,0.000322432343372496,0,0,0,0,0,0.00202949403068373,1.2344250526165e-05,0,0,0.000660451279599714,8.8599089595666e-05,0.0459108191057568,0.000464233384725938,0.000202679881826243
0.000202095546298333,0.000214331729457957,0.00773099406030098,0,0.000554904317616331,0,0,0,0.00029435565704449,0,0,0,0,0,0,0,0.000735968913879734,0.000226649421453657,0.00180817888131966,0,0.000165001328504807,0,0,0,0,0,0,0,0,0,0,0,0,0,0,0,0.000171674384960827,0,4.05327157913636e-06,0,0,0.000301822922894225,0.0164737981217143,0,6.83226369621506e-05,0,0.0198971484591388,0.00233281568136059,0.064737982680523,0.0267940411611803,0.000361742654808152,0,0,0,0.000352944904330036,0,0.000512360479882608,0,0.000196938372136357,0,0.00019909787839582,0,0,0.00275404251480278,0,0,0,0,0,0,0,1.7203193194304e-05,0,0.000188091353783152,0,0,0,0,1.35369127893465e-06,0.00268447003093141,0,0.000645112745479513,0.000245547978679292,2.50337291186425e-05,0.016936780910941,3.89102370662905e-05,0.00174657206339495
1.40500475912699e-05,0.0204390148305974,0,0.0148854749677038,0,0.00161247645491001,0,0,0.000145260179692903,0.0157123323660244,0,0,0,0,0,0.000123762789223289,0.0023621672936415,0.00804747554222581,0.0235445675500927,0,0,0,0,0.000151752998049672,0,0,0,0,0,0,0,0,0,0,0,0.000130895327257461,0,0.000139572210783814,3.756734895745e-06,0.0525064228669438,0.000301822922894225,0,0.0116730299399889,0.000782606583331845,9.5980726537014e-06,0.0255019801546005,0.00233508562751359,0.000277450067879286,0.000578342958474997,0.00878921526290777,0,0.000353274211622464,0,0,0.000178494638654063,0.00414531432520039,1.46552699172428e-05,0.000910117698740086,0,0,0,0.000565244644769976,0.000721111106669121,0.0002624395929877,0,0,8.50152223766396e-05,0,0,0,0.000234475309294696,9.51403977754233e-05,0.0228282855892269,1.049992588079e-05,0,0,0,0,0.00308646263227932,0.000129443288525033,0,1.90635402450377e-05,0.00951651474536452,0.000386598408292372,0.146837626466572,0.00854565332056802,0.000335962540785345
0.0126559670091839,1.87841805689766e-05,0.0108645481326425,0.000631373579586733,0.000590477049611431,0.000139708897869174,0,0,0.00661352294681057,8.04130944300943e-05,0,0,0,0,8.69095838649393e-05,0,0.00540940062729155,0.00146863913524514,0.016917818208959,0,0.000105265910814056,0,0,0,4.85745853533565e-05,0,0,0,0,0,0,0,0,0,0.00038592357189952,6.83143825118372e-06,0.000300232185904989,0,8.67914678448292e-05,0.000412637793226591,0.0164737981217143,0.0116730299399889,0,0,0.00170223343973251,0.000327844873838076,0.0867698142870407,0.0014716425878287,0.0467499357469453,0.0154556252860523,0.00219876238770998,2.23238847851526e-05,0,0,0.00401806876816612,0.000146454528495981,0.00134780429203996,0,0.00129456616273548,0,0.000865351348107327,0,0,0.00488064962309656,0,0,0,0.000536182069261802,0,0,0,0.00191662659736941,4.35558327320998e-05,0.00447970855225401,0,0,0,6.39311186286483e-05,6.00683409088436e-05,0.00459361302310598,0,0.000571574977503213,0.00618167433109643,4.98490581991031e-05,0.0913986378553603,7.3347031447942e-05,0.00640978788084399
0,3.93415243258935e-05,0,0.00168803950161528,0,0,0,0,0,0,0,0,0,0,0,0,5.79881317521406e-05,1.32739753918942e-05,5.51238360236577e-05,0,0,0,0,0,0,0,0,0,0,0,0,0,0,0,0,0,0,0,0,0.000383283925943266,0,0.000782606583331845,0,0,0,0.000561974793247048,0,0,0,0,0,0,0,0,0,0,0,1.29472635449854e-05,0,0,0,0,2.03813869086787e-05,0,0,0,0.00010999152459805,0,0,0,0,0,0,0,0,0,0,0,2.52327852789582e-05,0,0,0,3.99605253329458e-06,0,0.000235514673633737,0,0
0,0,0,0,0,0,0,0,5.93740350706507e-05,0,0,0,0,0,0,0,3.14461219154569e-05,0,0.000101360533824536,0,0,0,0,0,0,0,0,0,0,0,0,0,0,0,0,0,0,0,0,0,6.83226369621506e-05,9.5980726537014e-06,0.00170223343973251,0,0,0,0.000511809473546288,0,0,0,0,0,0,0,0,0,0,0,0,0,0,0,0,0,0,0,0,0,0,0,0,0,0,0,0,0,0,0,0,1.56355533229038e-05,0,1.67158836349781e-05,2.10885584628687e-05,0,0.000599397135205323,0,0.000341140359181973
0,0.0138728875681794,0,0.0228873885365081,0,0.000812482384965664,0,0,0.000203355387992307,0.000522465436676515,0,0.000309540339030916,0,0,0,0,0.00177103828518212,0.00620324595532612,0.0274012262833522,0.0172387875029145,0,0,0,4.40808707731738e-05,0,0,0,0,0,0,0,0,0,0,0,0.000559684650285041,0,7.64860649859412e-06,3.52737271092848e-05,0.0742960148550546,0,0.0255019801546005,0.000327844873838076,0.000561974793247048,0,0,0.00112590769679059,0,4.63572598664603e-06,0.000618320241598606,0,4.96324536568844e-05,0,0,0,0.00241490265609242,0,0.000507220504569127,0,0,0,0.000358990659884113,0.0911675093228619,3.88647328284044e-05,0,0,0,0,0,0,0,0,0.0020748608042846,5.8180583351209e-05,0,0,0,0,0.00819007685026537,4.73590113816759e-05,0.000576688263445457,0,0.00261406727401321,7.42922146970761e-05,0.064212840154415,0.000814650540065968,1.51961177827453e-05
0.0047952057259445,0,0.00495134925485482,0.000135974900150613,0.00030601235547021,0,0,0,0.00581996818349696,0,0,0,0,0,0,0,0.0141919287752888,0.0024384687884834,0.0407457329174698,0,0.00479933555094742,0,0,0,1.35896141816061e-05,0,0,0,0,0,0,0,0,0,0,0,0.000314056067565549,0,0.000331610955333112,0.000737719987907955,0.0198971484591388,0.00233508562751359,0.0867698142870407,0,0.000511809473546288,0.00112590769679059,0,1.19583246193162e-05,0.000458973722978934,5.67024803353771e-06,0.00173333042182828,0,0,0,0.00111717449446945,0.000117197492554169,0.00261472563526119,0,0.000704734117905678,0,0.000340049131506568,0,2.50641104923295e-05,0.0824708197216926,0,0,0,0,0,0,0,5.93504022830082e-05,0,0.00110401394842502,0,0,0,0,4.11425738027164e-05,0.00509674351482489,0,0.000810167865781928,0.00479386605745416,0.000111743054524372,0.0676666496345902,0.000122478327968143,0.00510268687539059
2.65737098014117e-05,0.000433286267803703,0,0,0,0,0,0,0,8.02556761635599e-05,0,0,0,0,0,0,0,0,0,0,0,0,0,0,0,0,0,0,0,0,0,0.0344282568398999,0.049306878113582,0.12154587460755,0.180954690331848,0.00404945439819126,0.00215325015603097,0.0118599813593416,0.0137250965623673,0,0.00233281568136059,0.000277450067879286,0.0014716425878287,0,0,0,1.19583246193162e-05,0,0.186696837348306,0.0379100701156718,0,0,0,0,9.98817373317777e-05,5.77385256368831e-05,0,0,0,0,0,0,0,0,0,0,0.000129475325457472,0.000270152003064321,0,0,0,0,0,0,0.0329930424038023,0.0166080806928075,0.00649540930599199,0.0326389066892592,0.00438765609414202,0.00879227849657683,0.00151614207930149,0.00970043280793611,0.00637341293439406,4.58973061922138e-05,0.0050980571090861,0,0
0.018352706739057,9.85103558608622e-05,0.00240705781539284,0,0.00013063060793514,0,0,0,0.00523088913893079,8.39047706085647e-06,0,0,0,0,0.00126982841308134,0,0.000177927085035485,3.54206337814379e-05,0.000148384212144298,0,1.88047574019059e-05,3.64119715847105e-05,0.00472859983051482,0,0.00367118606350343,0,3.84181180670754e-05,0,0,0,0,0.000352190096648237,0.000134986365912157,0.000562613845914926,0.00439307848366899,0,0.000112720614347535,0.00226434055516223,0.0122911769100498,0,0.064737982680523,0.000578342958474997,0.0467499357469453,0,0,4.63572598664603e-06,0.000458973722978934,0.186696837348306,0,0.159933146555929,0.000910111042857426,0,0,0,0.00605521878766005,0,0.001058706876321,0,0.00324404262706039,0,0.00616476056467495,0,0,6.14502431637931e-05,0,0.00360190883244257,9.91649273434133e-05,0.0116644810277497,0,1.34416372502643e-05,0,0.00282923130216709,0,0.000802496286542716,5.85219791524559e-05,0.000383242220203279,0.000111277679623459,0.0025082429505393,0,0.00767994036312885,0.000289945039869925,0.0124849888517122,0.0076839736234759,1.33150879698233e-05,0.0237399270804905,0,0
0,0.0136388048795043,4.20870342330085e-05,0.00251646944334569,0,5.28338339990894e-05,0,0,0,0.00506926151590121,0,0,0,0,0,1.84235852503057e-05,6.63353037480343e-06,2.72552723045195e-05,0.000100412844174734,0,0,0.00013221306456509,0,0.00105385220815484,0,0,0,0,0,0,0,0.00217306497580194,0,0.000462789874678318,0,1.05991840410939e-05,0,0.00179356327919404,2.62062657056518e-05,0.00363502231425434,0.0267940411611803,0.00878921526290777,0.0154556252860523,0,0,0.000618320241598606,5.67024803353771e-06,0.0379100701156718,0.159933146555929,0,0,6.34497670569342e-05,0,0,0,0.00527583528084932,0,0.00147537658270604,0,0.000168404280847669,0,0.00732468230811623,0,2.70154720484782e-05,0.000507094950426539,0,0.00550373064439421,7.9728319614976e-06,0,0,0.0025298044654155,0,0.000799904692350785,0,0.000238159475813407,0,0,0,8.20978804793519e-05,0,0.00125292042262299,6.79418521173299e-05,0.00736036292792872,1.27556366514276e-05,0.0253437743391959,0.000155008535585877,0
0.00209573394364135,0,0.0933624190698521,0,0.064899133550591,0,0.00740648262885882,0,0.000212913165093587,0,0.000613568081203856,0,0,0,0,0,1.47956232486083e-05,0,0,0,0.000745535753563509,0,0,0,0.000133033607943372,0,0,0,0,0,0,0,0,0,0,0,0,0,8.70526686543163e-06,0,0.000361742654808152,0,0.00219876238770998,0,0,0,0.00173333042182828,0,0.000910111042857426,0,0,0,0.013123484584575,0,0.00564165782932811,0,0.0459172682848961,0,0.0186103638354201,0,0.00610873275342,0,0,0.0011166337857218,0,0,0,0,0,0,0,0,0,6.68356719878377e-05,0,0,0,0,0,2.35801304400944e-05,0,3.32223716150576e-05,0.000131642636368991,0,0.00578385151702486,0,0
0,0.000280054949140539,0,0.0707163896098494,0,0.0606803976506256,0,0.00587986316139466,0,0,0,0.00391396324013606,0,0,0,0,0,0,0,0.00278931044382068,0,0,0,0,0,0,0,0,0,0,0,0,0,0,0,2.39081161582268e-05,0,0,0,0,0,0.000353274211622464,2.23238847851526e-05,0,0,4.96324536568844e-05,0,0,0,6.34497670569342e-05,0,0,0,0.00649080209554572,0,0.000259733604471288,0,0.042977000324262,0,0.0051483985849386,0,0.000685984235211526,0.00106438969789874,0,0,0,0,0,0,0,0,0,0,0,0,0,0,0,1.16438819239315e-05,0,0,0,0.000540954225251284,0,0.00181211900007255,0,0
0,0,0.000141622299199129,0,0.000844122486580529,0,0.156620460367806,0,0,0,0.0222929685785896,0,0,0,0,0,0,0,0,0,0.002756033499492,0,0,0,0,0,0,0,0,0,0,0,0,0,0,0,0,0,0,0,0,0,0,0,0,0,0,0,0,0,0.013123484584575,0,0,0,0,0,0.0298798548667792,0,0.0275863069064475,0,0,0,0,5.40285858272038e-05,0,0,0,0,0,0,0,0,0,0,0,0,0,0,0,0,0,0,0.000394636359385506,2.97202330894233e-05,0,0,0
0,0,0,0,0,0.00642403386974725,0,0.0372095674604058,0,0,0,0.00339918646205811,0,0.00042715720667949,0,0,0,0,0,0,0,0,0,0,0,0,0,0,0,0,0,0,0,0,0,0,0,0,0,0,0,0,0,0,0,0,0,0,0,0,0,0.00649080209554572,0,0,0,0,0,0.0514085129697024,0,0.0200757080294847,0,0,9.7571265018255e-05,0,0,0,0,0,0,0,0,0,0,0,0,0,0,0,0,0,0,0,0.000114227181307447,0,0,0,0
0.0510872910351286,0,0.00425024216848031,0,0.000464350477969392,0,0,0,0.0774894007256637,0,0,0,0,0,0.00208895154679316,0,0.000215930313605216,0,0.000186603390676224,0,0,0,0,0.00010867600669971,0.0112881527160556,0,9.67589745984841e-05,0,0,0,0,0,0,0,0,0,0,1.81644120070801e-05,0.000926660448108691,0,0.000352944904330036,0.000178494638654063,0.00401806876816612,0,0,0,0.00111717449446945,9.98817373317777e-05,0.00605521878766005,0,0.00564165782932811,0,0,0,0,0,0.000255581030309815,0,0,0,0.00783735925996173,0,0,0.000715801707731824,0,0,0,0.0448298875408792,0,4.95522322632768e-05,0,0.00022910196742919,0,0.00170463403714886,0,0,0,0,0,1.25597692193426e-05,1.6360570221703e-05,0.000405473034209833,0.000627314344260925,3.55072905300397e-06,0.00652421870847533,0,0.0012242569412682
0,0.152127382901094,0,0.0959292095781291,0,0.0039732363063987,0,0,0,0.174740660609891,0,0,0,0,0,0.0646369653213759,0,8.92470492937726e-05,0.000233792070023281,0,0,7.43187408883432e-06,0,0.014244965855666,0,0,0,0,0,0,0,0,0,0,0,4.78514820265905e-05,0,0.000784084090583762,7.1978616670655e-05,0.000420545979512011,0,0.00414531432520039,0.000146454528495981,0,0,0.00241490265609242,0.000117197492554169,5.77385256368831e-05,0,0.00527583528084932,0,0.000259733604471288,0,0,0,0,0,0,0,0,0,0.0377452404566237,0.000158385110214205,0,0,0,0.0694919541397752,0.000280889347268394,0,0,0,0,0.000246145818290568,0,0,0,0,0,0.00017867368941254,0,0.000320134169161033,0,0.000747599595346141,4.70921889698438e-05,0.00397729882209075,0.000562487631150306,0
1.3105980780878e-05,2.7668653103859e-05,0.0023914106126786,0,0.00371091697742983,0,0.0198170978486461,0,0.000422562392936308,0,0.429505236849764,0,0.00248273348869128,0,0,0,0.000106731128758919,1.71765851439825e-05,0.000111071088120198,0,0.113171792775777,0,0,0,0,0,0,0,0,0,0.019696198321292,0,0,0,0,0,0.000237299482284107,0,0.02289172784439,0,0.000512360479882608,1.46552699172428e-05,0.00134780429203996,0,0,0,0.00261472563526119,0,0.001058706876321,0,0.0459172682848961,0,0.0298798548667792,0,0.000255581030309815,0,0,0,0.0360308751997454,0,0.00155789259765169,0,0,0.0295792644510035,0,0,0,0,0,0,0,0.00979165084191489,0,0.0330302438232341,0,0,0,0,0,0.00103091829020201,0,0.000313845705548762,0.00220089406823421,0,0.00669558712358039,0,0
0,0.000174276909410875,0,0.0117507881115568,0,0.00234166775015501,0,0.0119775044362456,0,0.000829769609143074,0,0.362318085053839,0,0.00490696733823633,0,0,0,3.52817400626855e-06,6.90351486648779e-05,0.0344344269077308,0,0,0,0,0,0,0,0.000720113751072786,0,0.011269091280516,0,0,0,0,0,0.00279633933427323,0,0.0296501907429995,0,1.37014211405176e-05,0,0.000910117698740086,0,1.29472635449854e-05,0,0.000507220504569127,0,0,0,0.00147537658270604,0,0.042977000324262,0,0.0514085129697024,0,0,0,0,0,0.0183009108072438,0,0.000143172445929987,0.013796289723411,0,0,0,0,0,0,0,0.00178879083113017,0,0.0311026084980704,0,0,0,0,0,0.0001137363533392,0,5.8075678617688e-05,0,0.0018384478946046,0.000135300087723478,0.0105282773776307,9.37896433382288e-05,0
0.00101467664417071,0,0.0208746799242632,0,0.000875028569337405,0,0.0599734390286511,0,0.000382988505536576,0,0.0254267750379784,0,0.296824696294985,0,5.14716843018348e-05,0,3.3930364926875e-05,0,7.09303941784515e-05,0,0.000239628462417656,0,0,0,0,0,0,0,0.029258438949992,0,0,0,0,0,0,0,2.31857245040486e-06,0,6.15039772036631e-06,0,0.000196938372136357,0,0.00129456616273548,0,0,0,0.000704734117905678,0,0.00324404262706039,0,0.0186103638354201,0,0.0275863069064475,0,0,0,0.0360308751997454,0,0,0,0.00963154223665508,0,0,0.000381727734342798,0,0,0,0.000352953015509176,0,0,0,0.00791157640036987,0,4.82632270228968e-05,0,0,0,0,0,4.21955012446087e-06,0,1.44069983542644e-05,0.00393846044417688,0.00286644004021808,0.00279739190507729,0,0
0,0,0,0.00579443208220359,0,0.000447963286787,0,0.00321686911924628,0,0,0,0.262075121993904,0,0.269726574391617,0,0,0,0,0,8.03951027695884e-05,0,0,0,0,0,0,0,0.00587443032890877,0,0,0,0,0,0,0,0,0,0,0,0,0,0,0,0,0,0,0,0,0,0.000168404280847669,0,0.0051483985849386,0,0.0200757080294847,0,0,0,0.0183009108072438,0,0,0,0.00340270932698347,0,0,0,0,0,0,0,0,0.000901741153578643,0,3.85047802031468e-05,0,0,0,0,0,0,0,0,0,0.000854856770657902,0.000772127021494573,8.68140614587861e-05,0,0
0.00567470149367158,0,0.00527438996409904,0,0.0011476679634065,0,0,0,0.101316398377278,0,0,0,0,0,0.135464369329047,0,0.00148127944545011,0,0,0,3.01355323542203e-05,0,0,0,0.00155735924084232,0,0.0115280103415421,0,0,0,0,0,0,0,0,0,0,0,1.19337792165524e-05,0,0.00019909787839582,0,0.000865351348107327,0,0,0,0.000340049131506568,0,0.00616476056467495,0,0.00610873275342,0,0,0,0.00783735925996173,0,0.00155789259765169,0,0.00963154223665508,0,0,0,0,0.000147235029714613,0,0,0,0.000527501061175419,0,0.00588720404541984,0,0,0.000150253460633028,6.02356502315011e-05,0,0,0,0,0,2.26038016585175e-05,0,2.59509634252797e-05,0.000340876948395251,5.64792628871877e-05,0.00103510885664798,0,0
0,0.00929529597750495,0,0.0340479848561697,0,0.00212533012762971,0,0,0,0.0551683785045151,0,0,0,0,0,0.177616947463127,0,0.00233568739938125,0,0,0,0,0,0.000639988926134128,0,0.00447501108918427,0,0,0,0,0,0,0,0,0,2.41911640894551e-05,0,1.9365623728191e-05,0,4.58545671493246e-05,0,0.000565244644769976,0,0,0,0.000358990659884113,0,0,0,0.00732468230811623,0,0.000685984235211526,0,0,0,0.0377452404566237,0,0.000143172445929987,0,0.00340270932698347,0,0,0.000100139427791507,0,0,0,0.00778768027897844,0,0,0,0.000210635670524437,0,0,0,0,0,0,0,2.27596377705686e-05,0,0,0,0.00204928991735185,1.89330068237984e-06,0.00109591399601812,0.000314368016237323,0
