0,0,0.214559251649512,0,0,0,0,0,0.254445274592173,0,0,0,0,0,0.242637899906739,0,0,0,0.360818441723546,0,0,0,0,0,0.466220259666443,0,0,0,0,0,0,0,0,0,0,0,0,0,0.414205673549856,0,0.376203373074532,0,0.369200373445552,0,0,0,0.303754111131032,0,0.232158359218379,0,0.192979117234548,0,0,0,0.16531828064182,0,0,0,0.308538387219111,0,0.252788723683825,0,0,0.404280260205269,0,0,0,0,0,0.175047123804688,0,0,0,0,0,0,0,0,0,0.46832676562998,0,0,0.339877947850759,0.345674328505993,0.356700538977718,0,0.371192484749535
0,0,0,0.269194079196359,0,0.210868540619101,0,0,0,0.211635105262266,0,0,0,0,0,0,0.332978874444962,0.351634353399277,0.315171344081561,0.514829456806183,0,0,0,0.207363918423653,0,0,0,0,0,0,0,0,0,0,0,0.503668189048767,0,0.400412460168203,0,0.485572516918182,0,0.385188173502684,0,0,0,0.352164866775274,0,0,0,0.308271276749258,0,0,0,0,0,0.151711416410437,0,0.335795447727044,0,0.291605561971664,0,0.282908945501625,0.446948553226432,0,0,0,0,0,0,0,0,0,0,0,0,0,0,0,0.461752770172658,0,0.486718386411667,0,0.36919035062398,0.438383102416992,0.394971322045463,0.280875410352434,0
0.214559251649512,0,0,0.311789576212565,0.202295965736821,0,0,0,0.144623653782952,0,0,0,0,0,0,0,0.290894647439321,0.264783889055252,0.283991129774796,0,0.187932968139648,0,0,0,0,0,0,0,0,0,0,0,0,0,0,0,0.223771625757217,0,0.325006097555161,0,0.308138012886047,0.353071920573711,0.299029685058228,0,0,0.286099061369896,0.211136999550988,0.321633094549179,0.225080515403927,0.319944202899933,0.239145542369724,0,0,0,0.163205202293696,0,0.287073910236359,0.325855512510646,0.321107298135757,0,0.256209440723709,0,0.328583665192127,0.267516107857227,0,0,0,0,0,0,0,0,0,0.331236839294434,0,0,0,0,0.3117822209994,0.291695153040271,0,0.36745140760664,0.296792736533901,0.307863595393988,0.279211623310348,0.307346254587173,0.307645171880722
0,0.269194079196359,0.311789576212565,0,0,0.206007076289486,0,0,0,0.24493087116616,0,0,0,0,0,0,0,0.29057189822197,0.277535807341337,0.301062166690826,0,0,0,0.216404721140862,0,0,0,0,0,0,0,0,0,0,0,0.25724770873785,0,0.29491294324398,0,0.277696086576691,0.272567629814148,0.290858894737954,0.27337621152401,0,0,0.261476980665555,0.284136494000753,0,0.321987178708826,0.25122935721089,0.328781545162201,0.224722036968769,0,0,0.292736813426018,0.179656093074976,0.334482356905937,0.276567619596446,0,0.248549047016328,0,0.214378023332404,0.305084782923367,0,0,0,0,0,0,0,0,0,0.327566194793452,0,0,0,0,0,0.283632703784372,0.284904569387436,0.34999418258667,0.304494202136993,0.3022004151288,0.314652549227079,0.287345289621638,0.302572271476189,0.35555225610733
0,0,0.202295965736821,0,0,0,0.178179408221141,0,0.189322698919873,0,0,0,0,0,0,0,0,0.22864605486393,0.255944810807705,0,0.167895717591774,0,0,0,0,0,0,0,0,0,0,0,0,0,0,0,0.210089628895124,0,0,0,0.265828589598338,0,0.259854564486548,0,0,0,0.186546897472337,0.302460938692093,0.259771858652433,0,0.181828368275767,0,0.161537228773038,0,0.124152993378432,0,0.210595734417439,0.335166722536087,0,0,0,0,0.3304383456707,0.186222544222167,0,0,0,0,0,0,0,0,0,0,0,0,0,0,0,0.233729580640793,0,0.277066642275223,0.197520878117157,0.192153973970562,0.197571790346535,0,0
0,0.210868540619101,0,0.206007076289486,0,0,0,0.259695217013359,0,0.194247518848513,0,0.22369043380022,0,0.200620124737422,0,0.157965929670767,0,0,0.260093025863171,0.199207497913329,0,0,0,0.220001503825188,0,0,0,0,0,0,0,0,0,0,0,0.157566294074059,0,0.276457093656063,0,0.290194243192673,0,0.248972923457623,0,0,0,0,0,0,0,0.185477821777264,0,0.201588918284315,0,0.127429120242596,0,0.209355793455068,0,0.260601091700105,0,0.286585153568359,0,0.229613659204915,0.301712691783905,0,0,0,0,0,0,0,0,0,0,0,0,0,0,0,0.276897668838501,0,0,0,0.234679886851701,0.233055002348764,0.227256781943552,0.219475547472636,0
0,0,0,0,0.178179408221141,0,0,0,0,0,0,0,0,0,0,0,0,0,0,0,0,0,0,0,0,0,0,0,0,0,0,0,0,0,0,0,0,0,0,0,0,0,0,0,0,0,0,0,0,0,0.18078256599032,0,0.202903043026122,0,0,0,0,0,0,0,0,0,0,0,0,0,0,0,0,0,0,0,0,0,0,0,0,0,0,0,0,0,0,0,0,0,0
0,0,0,0,0,0.259695217013359,0,0,0,0,0,0,0,0,0,0,0,0,0,0,0,0,0,0,0,0,0,0,0,0,0,0,0,0,0,0,0,0,0,0,0,0,0,0,0,0,0,0,0,0,0,0.264976382255554,0,0.214459680020809,0,0,0,0,0,0.192224618334037,0,0,0,0,0,0,0,0,0,0,0,0,0,0,0,0,0,0,0,0,0,0,0.199109059435869,0.173356235027313,0,0,0
0.254445274592173,0,0.144623653782952,0,0.189322698919873,0,0,0,0,0,0,0,0,0,0.209342570080386,0,0.212860637477466,0.195970565080643,0,0,0.202053532004356,0,0,0,0.273034139391262,0,0.243620740042792,0,0,0,0,0,0,0,0,0,0.238787859678268,0,0.256212028067397,0,0.247693084180355,0.325093507766724,0.309642790182799,0,0,0,0.194381352575099,0.29796376824379,0.292640733455426,0,0,0,0,0,0.266157207396683,0,0,0,0,0,0.201848087669576,0,0,0.209803959354758,0,0,0,0.28904164958356,0,0.244751094203246,0,0,0,0,0,0,0,0,0.301806926727295,0.257485323092517,0,0.261907213057081,0.268395175855992,0.207783946865483,0.31241521034755,0,0.321610405859424
0,0.211635105262266,0,0.24493087116616,0,0.194247518848513,0,0,0,0,0,0,0,0,0,0.205303055572213,0.1959508061409,0.18639056434234,0.294570418340819,0,0,0,0,0.288772481661595,0,0.138660475611687,0,0,0,0,0,0,0,0,0,0,0,0.336300072796417,0,0.292350965738296,0.37073341012001,0.226039569479289,0,0,0,0,0,0,0.283696591854095,0.286794945105629,0,0.186734455926665,0,0,0,0.233905068024408,0,0.302324738240603,0,0,0,0.198801165814266,0.353604790839282,0,0.370629847049713,0,0.307561487783948,0,0.189083016344479,0,0,0,0.373161578178406,0,0,0,0,0,0.331852094693617,0,0.307500069531111,0,0.239335227177732,0.253771397878582,0.311669919183451,0.196445384446312,0
0,0,0,0,0,0,0,0,0,0,0,0,0.149494180425269,0,0,0,0,0,0,0,0.143708553995676,0,0,0,0,0,0,0,0,0,0.225074333741384,0,0,0,0,0,0,0,0.150187510790096,0,0,0,0,0,0,0,0,0,0,0,0,0,0,0,0,0,0.216559013408467,0,0.152284864055854,0,0,0,0,0.153810573475701,0,0,0,0,0,0,0,0,0,0.143720352355345,0,0,0,0,0,0,0,0,0.176515099406242,0,0.190893774231275,0,0
0,0,0,0,0,0.22369043380022,0,0,0,0,0,0,0,0.210970709590535,0,0,0,0,0.394177705049515,0.143965852287267,0,0,0,0,0,0,0,0,0,0.22870681053471,0,0,0,0,0,0,0,0.148002867690391,0,0,0,0,0,0,0,0.332941293716431,0,0,0,0,0,0.226777730079798,0,0,0,0,0,0.182166109000013,0,0.160335726779083,0,0,0.171979208978323,0,0,0,0,0,0,0,0,0,0.237753102514479,0,0,0,0,0,0,0,0,0,0.137334605378489,0,0.296430488924185,0,0
0,0,0,0,0,0,0,0,0,0,0.149494180425269,0,0,0,0,0,0,0,0,0,0,0,0,0,0,0,0,0,0,0,0,0,0,0,0,0,0,0,0,0,0,0,0,0,0,0,0,0,0,0,0,0,0,0,0,0,0.165702879428864,0,0.166084275845392,0,0,0,0,0,0,0,0,0,0,0,0,0,0,0,0,0,0,0,0,0,0,0,0,0,0,0,0
0,0,0,0,0,0.200620124737422,0,0,0,0,0,0.210970709590535,0,0,0,0.200330592691898,0,0,0,0,0,0,0,0,0,0,0,0,0,0,0,0,0,0,0,0,0,0,0,0,0,0,0,0,0,0,0,0,0,0,0,0,0,0,0,0,0,0,0,0.152359635665499,0,0.196505948901176,0,0,0,0,0,0,0,0,0.156067649168628,0,0,0,0,0,0,0,0,0,0,0,0.223204193512599,0.234681751359912,0,0,0
0.242637899906739,0,0,0,0,0,0,0,0.209342570080386,0,0,0,0,0,0,0,0,0,0,0,0,0,0,0,0.208871735419546,0,0.223060820251703,0,0,0,0,0,0,0,0,0,0,0,0,0,0,0,0,0,0,0,0,0,0,0,0,0,0,0,0.21486097574234,0,0,0,0,0,0.211174872115994,0,0,0,0,0,0,0,0,0.175511622003147,0,0,0,0,0,0,0,0,0,0,0,0,0.18283486366272,0.140258550643921,0,0,0
0,0,0,0,0,0.157965929670767,0,0,0,0.205303055572213,0,0,0,0.200330592691898,0,0,0,0.200307933489482,0,0,0,0,0,0.193146990318047,0,0.157466794053713,0,0,0,0,0,0,0,0,0,0,0,0,0,0,0,0,0,0,0,0,0,0,0,0,0,0,0,0,0,0.239195679861402,0,0,0,0,0,0.186030237198766,0,0,0,0,0,0,0.19398038487496,0,0,0,0,0,0,0,0,0,0,0,0,0,0.193360034452409,0.217975357497061,0,0,0
0,0.332978874444962,0.290894647439321,0,0,0,0,0,0.212860637477466,0.1959508061409,0,0,0,0,0,0,0,0.175633216902496,0.329231681935358,0,0,0,0.125120587615524,0.18735396116972,0.119299339130521,0.201027344912291,0.212391980588436,0,0,0,0,0,0,0,0,0,0,0.374305993318558,0,0.355361642745825,0.349255450069904,0.289277900542532,0.277750183497706,0,0,0.375285274925686,0.349534535094311,0,0.246552437543869,0,0,0,0,0,0,0,0,0.263490527868271,0,0,0,0,0.361388741569086,0.331601979004012,0,0.105284914536321,0.168624967336655,0.182714145183563,0,0.174491765598456,0,0,0,0,0,0,0,0,0.357310816093727,0.36480073715156,0,0.38345779851079,0.284272335468032,0.142586302589278,0.368886674875798,0.263925462961197,0.269302831590176
0,0.351634353399277,0.264783889055252,0.29057189822197,0.22864605486393,0,0,0,0.195970565080643,0.18639056434234,0,0,0,0,0,0.200307933489482,0.175633216902496,0,0.291689015370077,0,0.362617373466492,0.135606502159303,0.151779770851135,0.184403431038127,0,0.144177208296382,0,0.0941245764493942,0,0,0,0,0,0,0,0,0,0,0,0.312261486053467,0.355145705433992,0.290015916029612,0.262381710112095,0,0,0.323174957718168,0.311151067199914,0,0.302693913380305,0.277959764003754,0,0,0,0,0,0,0,0.341352075338364,0,0,0,0.168903604149818,0.329818653709748,0.328003577888012,0.100384721250245,0,0.182608405749003,0,0.156300255697067,0,0,0,0,0,0,0,0,0,0.35163825580052,0.354771018028259,0,0.375745556184224,0.228061543669593,0.173788620893234,0.340705332985844,0,0.267922889441252
0.360818441723546,0.315171344081561,0.283991129774796,0.277535807341337,0.255944810807705,0.260093025863171,0,0,0,0.294570418340819,0,0.394177705049515,0,0,0,0,0.329231681935358,0.291689015370077,0,0.370406502485275,0,0,0,0.226808258891106,0,0.315198630094528,0,0,0,0,0,0,0,0,0,0,0,0.410842693514294,0.460679680109024,0.325431171210577,0.368701509624549,0.241579324455739,0.255482877242283,0,0,0.351250907139492,0.354407310963952,0,0.291188776493073,0.288024805924472,0,0.248117879033089,0,0,0.249882742762566,0.273432195186615,0.285129368305206,0.348351746797562,0,0,0,0,0.36383556647453,0.34989415772401,0,0,0,0,0,0,0,0,0.408809685707092,0.33260053396225,0,0,0,0,0.387919640368723,0.394767778815315,0.477510857582092,0.491294708255439,0.260242693678915,0.209826710889238,0.400361259595359,0.218875226714919,0.255603212678149
0,0.514829456806183,0,0.301062166690826,0,0.199207497913329,0,0,0,0,0,0.143965852287267,0,0,0,0,0,0,0.370406502485275,0,0,0,0,0,0,0,0,0,0,0,0,0,0,0,0,0.144561377109178,0,0.139879644874174,0,0,0,0.287060797214508,0,0,0,0.340576301098511,0.364994168281555,0,0,0,0.250687748193741,0.272405179688729,0,0.169974058866501,0,0,0,0.205068792609926,0,0.275248897572358,0,0.289115180571874,0.260648424684131,0,0,0,0,0,0,0,0,0,0.272215705897127,0,0,0,0,0,0.255642386322672,0,0.136601135134697,0,0.167101768267095,0.203023338317871,0.267552148626775,0,0
0,0,0.187932968139648,0,0.167895717591774,0,0,0,0.202053532004356,0,0.143708553995676,0,0,0,0,0,0,0.362617373466492,0,0,0,0,0,0,0,0,0,0,0,0,0,0,0,0,0,0,0.209590645071872,0,0.135834022768234,0,0,0,0.256702041253448,0,0,0,0.295222652420192,0,0,0,0.187171081453562,0,0,0,0.180361077189445,0,0.147913000603628,0,0.315140237410863,0,0,0,0,0.220538434985695,0,0,0,0,0,0,0,0,0,0,0,0,0,0,0.274063438177109,0.23931870907304,0,0.223109471429255,0.182381639459047,0.221715599298477,0.257410517542354,0,0
0,0,0,0,0,0,0,0,0,0,0,0,0,0,0,0,0,0.135606502159303,0,0,0,0,0.130765644212564,0.215957883838101,0,0,0,0,0,0,0,0,0,0,0,0,0,0.28747512191437,0,0,0,0,0,0,0,0,0,0,0,0.310576597168561,0,0,0,0,0,0,0,0,0,0,0,0,0,0,0.201680057891752,0,0.192785291472533,0,0.133927524089813,0,0.241612052739556,0,0,0,0,0,0,0,0,0,0.302160051108963,0,0.14816036535935,0.15971209202613,0,0,0
0,0,0,0,0,0,0,0,0,0,0,0,0,0,0,0,0.125120587615524,0.151779770851135,0,0,0,0.130765644212564,0,0,0.168765971546664,0,0,0,0.221726799383759,0,0,0,0,0,0,0,0,0,0.388275918824868,0,0,0,0,0,0,0,0,0.578164911270142,0.20953409075737,0,0,0,0,0,0,0,0,0,0,0,0,0,0,0,0,0.231704381261858,0,0.193757096166629,0,0.199710964328713,0,0,0,0,0,0,0,0,0,0,0,0.453470118674572,0.268353173018613,0.171540146894954,0,0,0
0,0.207363918423653,0,0.216404721140862,0,0.220001503825188,0,0,0,0.288772481661595,0,0,0,0,0,0.193146990318047,0.18735396116972,0.184403431038127,0.226808258891106,0,0,0.215957883838101,0,0,0,0.198827245390751,0,0,0,0,0,0,0,0,0,0,0,0.316039444034686,0,0,0,0,0,0,0,0,0,0,0,0.312522399486328,0,0,0,0,0,0.189663838875953,0,0,0,0,0,0.205490082034616,0,0,0.205403440166265,0,0.221382094339176,0,0.238185237272311,0,0,0,0,0,0,0,0,0,0,0,0.342296995910617,0,0.215324285237685,0.238134250044823,0.374030619024717,0,0
0.466220259666443,0,0,0,0,0,0,0,0.273034139391262,0,0,0,0,0,0.208871735419546,0,0.119299339130521,0,0,0,0,0,0.168765971546664,0,0,0,0.200267068701245,0,0,0,0,0,0,0,0,0,0,0,0.321427356519817,0,0,0,0,0,0,0,0,0,0,0,0,0,0,0,0.236987472333406,0,0,0,0,0,0.20195162688431,0,0,0,0,0.134842068847755,0,0.283232927306887,0,0.174836186748562,0,0,0,0,0,0,0,0,0,0,0,0.363043064146109,0.230156979562404,0.248145923018456,0.564695954322815,0,0
0,0,0,0,0,0,0,0,0,0.138660475611687,0,0,0,0,0,0.157466794053713,0.201027344912291,0.144177208296382,0.315198630094528,0,0,0,0,0.198827245390751,0,0,0,0.0980944647971127,0,0,0,0,0,0,0,0,0,0.378724740818143,0,0,0,0,0,0,0,0,0,0,0,0,0,0,0,0,0,0,0,0,0,0,0,0.217548777980189,0,0,0,0,0.290255263447762,0,0.255608549428313,0,0,0,0,0,0,0,0,0,0,0,0.364287627594812,0,0.204184932841195,0.249626442790031,0.387835148308012,0,0
0,0,0,0,0,0,0,0,0.243620740042792,0,0,0,0,0,0.223060820251703,0,0.212391980588436,0,0,0,0,0,0,0,0.200267068701245,0,0,0,0.219190945848823,0,0,0,0,0,0,0,0,0,0,0,0,0,0,0,0,0,0,0,0,0,0,0,0,0,0.24805314011044,0,0,0,0,0,0.22907104013173,0,0,0,0,0,0,0.284795119093274,0,0.24315064202439,0,0.228531356652578,0,0,0,0,0,0,0,0,0,0,0.19923863808314,0,0,0,0
0,0,0,0,0,0,0,0,0,0,0,0,0,0,0,0,0,0.0941245764493942,0,0,0,0,0,0,0,0.0980944647971127,0,0,0,0.175532977932539,0,0,0,0,0,0,0,0,0,0,0,0,0,0,0,0,0,0,0,0,0,0,0,0,0,0,0,0,0,0,0,0,0,0,0.27593731880188,0,0,0,0,0,0.244102278282737,0,0,0,0,0,0,0,0,0,0,0,0.137332685823951,0.146905682981014,0,0,0
0,0,0,0,0,0,0,0,0,0,0,0,0,0,0,0,0,0,0,0,0,0,0.221726799383759,0,0,0,0.219190945848823,0,0,0,0.246507832389267,0,0,0,0,0,0,0,0,0,0,0,0,0,0,0,0,0,0,0,0,0,0,0,0,0,0,0,0,0,0,0,0,0,0,0,0,0,0,0.257226303219795,0,0.16691748309752,0,0.270483960707982,0,0,0,0,0,0,0,0,0,0,0,0,0
0,0,0,0,0,0,0,0,0,0,0,0.22870681053471,0,0,0,0,0,0,0,0,0,0,0,0,0,0,0,0.175532977932539,0,0,0,0,0,0,0,0,0,0,0,0,0,0,0,0,0,0,0,0,0,0,0,0,0,0,0,0,0,0,0,0,0,0,0,0,0,0,0,0,0,0,0,0,0.245873518186073,0,0,0,0,0,0,0,0,0,0,0,0,0,0
0,0,0,0,0,0,0,0,0,0,0.225074333741384,0,0,0,0,0,0,0,0,0,0,0,0,0,0,0,0,0,0.246507832389267,0,0,0,0,0,0,0,0,0,0.162139471234946,0,0,0,0,0,0,0,0,0,0,0,0,0,0,0,0,0,0.213553957379701,0,0,0,0,0,0,0,0,0,0,0,0,0,0,0,0,0.255561190116774,0,0,0,0,0,0,0,0.240788622085865,0,0,0,0,0
0,0,0,0,0,0,0,0,0,0,0,0,0,0,0,0,0,0,0,0,0,0,0,0,0,0,0,0,0,0,0,0,0.182453113557094,0.310199299695516,0.164601946106324,0.179573798911613,0,0,0,0,0,0,0,0,0,0,0,0.294421229485364,0.422989398241043,0.424470047156016,0,0,0,0,0,0,0,0,0,0,0,0,0,0,0,0,0,0,0,0,0,0,0,0,0.236437694619567,0.178648401231052,0.3279970624508,0,0.255353496056194,0.319182997941971,0,0,0.191527049574587,0,0,0,0
0,0,0,0,0,0,0,0,0,0,0,0,0,0,0,0,0,0,0,0,0,0,0,0,0,0,0,0,0,0,0,0.182453113557094,0,0.171130609698594,0.242108464241028,0.204337358474731,0.258545626293529,0,0,0,0,0,0,0,0,0,0,0.255157692606538,0.402197589476903,0.514514982700348,0,0,0,0,0,0,0,0,0,0,0,0,0,0,0,0,0,0,0,0,0,0,0,0,0.181583446509476,0.269895523760539,0,0.198510058797323,0,0.260891596040531,0,0,0.171781517112453,0,0,0,0
0,0,0,0,0,0,0,0,0,0,0,0,0,0,0,0,0,0,0,0,0,0,0,0,0,0,0,0,0,0,0,0.310199299695516,0.171130609698594,0,0.174345491057077,0.164025125291822,0,0.262367600744421,0.319603680249523,0,0,0,0,0,0,0,0,0.318666430336336,0.601675808429718,0.418076885830272,0,0,0,0,0,0,0,0,0,0,0,0,0,0,0,0,0,0,0,0,0.418787479400635,0,0,0,0.28607555563477,0,0.260233715471131,0.185201708069989,0.183097256720066,0,0.443071171696899,0,0.221897494255729,0.427881318898428,0,0,0
0,0,0,0,0,0,0,0,0,0,0,0,0,0,0,0,0,0,0,0,0,0,0,0,0,0,0,0,0,0,0,0.164601946106324,0.242108464241028,0.174345491057077,0,0,0.179615015614974,0.157913129776716,0.488519414217322,0,0,0,0,0,0,0,0,0.307390621076051,0.376534789800644,0.331432972724239,0,0,0,0,0,0,0,0,0,0,0,0,0,0,0,0,0,0,0,0,0,0,0,0,0,0.296491416096687,0.184731712575117,0.259088956119545,0,0.301939897447616,0.217747531831264,0.347814880855633,0.289415652178368,0.225269633034865,0.404026329517365,0,0
0,0.503668189048767,0,0.25724770873785,0,0.157566294074059,0,0,0,0,0,0,0,0,0,0,0,0,0,0.144561377109178,0,0,0,0,0,0,0,0,0,0,0,0.179573798911613,0.204337358474731,0.164025125291822,0,0,0.17242390530244,0.135204523483062,0,0.242284148931503,0,0.271565198898315,0,0,0,0.332603005372515,0,0.164828173816204,0,0,0,0.292959958314896,0,0,0,0,0,0.13526158385417,0,0,0,0,0.235322149873094,0,0,0,0,0,0,0,0,0,0,0,0.195072144269943,0,0.151542600429835,0,0.233916641432681,0.175791149307235,0.228443852158314,0,0.156629907141758,0.168660233418147,0.195589027022789,0,0
0,0,0.223771625757217,0,0.210089628895124,0,0,0,0.238787859678268,0,0,0,0,0,0,0,0,0,0,0,0.209590645071872,0,0,0,0,0,0,0,0,0,0,0,0.258545626293529,0,0.179615015614974,0.17242390530244,0,0,0.219914049046963,0,0,0,0,0,0,0,0.260475381463766,0.292797480341342,0.256482575088739,0,0.238197649021943,0,0,0,0,0,0.274273753166199,0,0,0,0,0,0,0.218362060466818,0,0,0,0,0,0,0,0,0,0,0,0.196593295099467,0,0.189329303320377,0.161420565699377,0.227687589180489,0,0.175485300679748,0.177977477665991,0.227641776204109,0.223996936597607,0,0
0,0.400412460168203,0,0.29491294324398,0,0.276457093656063,0,0,0,0.336300072796417,0,0.148002867690391,0,0,0,0,0.374305993318558,0,0.410842693514294,0.139879644874174,0,0.28747512191437,0,0.316039444034686,0,0.378724740818143,0,0,0,0,0,0,0,0.262367600744421,0.157913129776716,0.135204523483062,0,0,0.199897223447331,0.303182661533356,0,0.274508734995669,0.313244879245758,0,0,0.358221710326463,0,0.627586902903961,0.318966954946518,0.360915680772467,0,0,0,0,0,0.268424481664803,0,0.135754024763861,0,0,0,0,0.297246476144393,0,0.407341317217309,0,0.349431106976442,0,0,0,0.364645782161208,0,0,0,0,0,0.198991092469762,0.24043470621109,0.268028133589288,0,0.311777141709055,0.423209547996521,0.435416295819575,0.518696585297585,0.490671482013196,0,0
0.414205673549856,0,0.325006097555161,0,0,0,0,0,0.256212028067397,0,0.150187510790096,0,0,0,0,0,0,0,0.460679680109024,0,0.135834022768234,0,0.388275918824868,0,0.321427356519817,0,0,0,0,0,0.162139471234946,0,0,0.319603680249523,0.488519414217322,0,0.219914049046963,0.199897223447331,0,0,0.282520651817322,0,0.374980486380427,0,0,0,0.260562572040056,0.676086787623076,0.31032860185951,0,0,0,0,0,0.23657096272347,0,0.135667242892087,0,0,0,0,0,0,0.249684890500411,0,0.52254631730818,0,0.286719232664339,0,0,0,0,0,0.152340535447001,0,0,0,0.248407079050174,0,0.23275302488889,0.313333693891764,0.320037061024146,0.464458835090379,0.38045342284441,0.319218045169557,0,0.355221259593964
0,0.485572516918182,0,0.277696086576691,0,0.290194243192673,0,0,0,0.292350965738296,0,0,0,0,0,0,0.355361642745825,0.312261486053467,0.325431171210577,0,0,0,0,0,0,0,0,0,0,0,0,0,0,0,0,0.242284148931503,0,0.303182661533356,0,0,0.331784150817177,0.305380672746212,0.267894211411476,0,0,0.323113200430414,0.386035189032555,0.560041042891416,0.531866844211306,0.413764028486453,0,0.258784025907516,0,0,0,0,0,0.298382247869785,0,0,0,0,0.324041209244109,0.378520866235097,0,0,0,0,0,0,0,0,0.30222187936306,0,0,0,0,0,0.326109623868171,0.38515000483569,0.331548005342484,0,0.311544132309082,0.281655002385378,0.263744760396575,0.303595806161563,0
0.376203373074532,0,0.308138012886047,0.272567629814148,0.265828589598338,0,0,0,0.247693084180355,0.37073341012001,0,0,0,0,0,0,0.349255450069904,0.355145705433992,0.368701509624549,0,0,0,0,0,0,0,0,0,0,0,0,0,0,0,0,0,0,0,0.282520651817322,0.331784150817177,0,0.296488180756569,0.289568435556031,0,0,0.372179204509372,0.312469425215386,0,0.263079067637555,0,0.24809696773688,0,0,0,0.28652595281601,0,0.256638824939728,0.272670090198517,0,0,0,0,0.328762465715408,0.322370202536077,0,0,0,0,0,0,0,0,0,0,0,0,0,0,0.402501996606588,0.313064568495566,0,0.41074270059665,0.351173106647894,0.382521356145541,0.316303744605024,0,0.340056180077441
0,0.385188173502684,0.353071920573711,0.290858894737954,0,0.248972923457623,0,0,0.325093507766724,0.226039569479289,0,0,0,0,0,0,0.289277900542532,0.290015916029612,0.241579324455739,0.287060797214508,0,0,0,0,0,0,0,0,0,0,0,0,0,0,0,0.271565198898315,0,0.274508734995669,0,0.305380672746212,0.296488180756569,0,0.264704145355658,0.233636930584908,0,0.33995933062324,0.261281847953796,0.421852798778799,0.368703112006187,0.35334715929348,0,0,0,0,0,0,0.29187399148941,0.358227656476877,0,0,0,0.318395366271337,0.347500476311385,0.335482642054558,0,0,0,0,0,0,0,0,0.364481496810913,0,0,0,0,0,0.330142529344142,0.322111281752586,0.293980047106743,0,0.304472571478816,0.301808612814672,0.32160899609275,0.263099561020129,0.292946591973305
0.369200373445552,0,0.299029685058228,0.27337621152401,0.259854564486548,0,0,0,0.309642790182799,0,0,0,0,0,0,0,0.277750183497706,0.262381710112095,0.255482877242283,0,0.256702041253448,0,0,0,0,0,0,0,0,0,0,0,0,0,0,0,0,0.313244879245758,0.374980486380427,0.267894211411476,0.289568435556031,0.264704145355658,0,0,0.185688331723213,0.259371604770422,0.308584626996402,0.438826607970091,0.340585310548774,0.362723171710968,0.267598573916725,0,0,0,0.267112130710953,0,0.305811127026876,0.287731051445007,0,0,0.269134551286697,0,0.317081034183502,0.324128042404163,0,0,0,0.393997013568878,0,0,0,0,0,0.455872711132873,0,0,0,0,0.348589281241099,0.311840532322122,0,0.438047137974346,0.303303919478219,0.316267435472325,0.35081657807279,0,0.309969579008136
0,0,0,0,0,0,0,0,0,0,0,0,0,0,0,0,0,0,0,0,0,0,0,0,0,0,0,0,0,0,0,0,0,0,0,0,0,0,0,0,0,0.233636930584908,0,0,0,0,0,0,0,0,0,0,0,0,0,0,0,0,0,0,0,0,0,0,0,0,0,0,0,0,0,0,0,0,0,0,0,0,0,0,0,0,0,0,0,0,0
0,0,0,0,0,0,0,0,0,0,0,0,0,0,0,0,0,0,0,0,0,0,0,0,0,0,0,0,0,0,0,0,0,0,0,0,0,0,0,0,0,0,0.185688331723213,0,0,0,0.336762875318527,0,0,0,0,0,0,0,0,0,0,0,0,0,0,0,0,0,0,0,0,0,0,0,0,0,0,0,0,0,0,0,0,0,0,0,0,0,0,0,0
0,0.352164866775274,0.286099061369896,0.261476980665555,0,0,0,0,0,0,0,0.332941293716431,0,0,0,0,0.375285274925686,0.323174957718168,0.351250907139492,0.340576301098511,0,0,0,0,0,0,0,0,0,0,0,0,0,0,0,0.332603005372515,0,0.358221710326463,0,0.323113200430414,0.372179204509372,0.33995933062324,0.259371604770422,0,0,0,0.372072134166956,0,0.295863559612861,0.226947516202927,0,0,0,0,0,0,0.27073335647583,0.297647592946164,0,0,0,0,0.305971736056436,0.359081610556572,0,0,0,0,0,0,0,0,0.335469354689121,0,0,0,0,0,0.354593644764911,0.383542529940605,0.393260483500324,0.337047040462494,0.333467071058611,0.314599312841892,0.339989939244891,0,0.285900890827179
0.303754111131032,0,0.211136999550988,0.284136494000753,0.186546897472337,0,0,0,0.194381352575099,0,0,0,0,0,0,0,0.349534535094311,0.311151067199914,0.354407310963952,0.364994168281555,0.295222652420192,0,0,0,0,0,0,0,0,0,0,0,0,0,0,0,0.260475381463766,0,0.260562572040056,0.386035189032555,0.312469425215386,0.261281847953796,0.308584626996402,0,0.336762875318527,0.372072134166956,0,0.308063358068466,0.235215538243453,0.276295036077499,0.208170462316937,0,0,0,0.199107511235135,0,0.298955939032815,0.337255954742432,0,0,0,0,0.367453288819109,0.289421652937768,0,0,0,0,0,0,0,0,0,0.318364838759104,0,0,0,0,0.357190200686455,0.315958218647268,0,0.366913211357487,0.330251160273143,0.30649066567421,0.326539002413697,0,0.310148486867547
0,0,0.321633094549179,0,0.302460938692093,0,0,0,0.29796376824379,0,0,0,0,0,0,0,0,0,0,0,0,0,0.578164911270142,0,0,0,0,0,0,0,0,0.294421229485364,0.255157692606538,0.318666430336336,0.307390621076051,0.164828173816204,0.292797480341342,0.627586902903961,0.676086787623076,0.560041042891416,0,0.421852798778799,0.438826607970091,0,0,0,0.308063358068466,0,0.54355514467175,0.492344223507191,0,0,0,0,0.315155372023582,0,0,0,0,0,0,0,0,0,0.543168544769287,0.600211203098297,0,0,0,0,0.463041748689569,0,0,0,0.344089294085592,0.32132968132372,0.254175690882797,0.355307262351638,0.374145358578483,0.325548880701344,0.454079581583523,0.783938379771259,0.492436395856579,0.608525761256092,0.477997514848099,0,0
0.232158359218379,0,0.225080515403927,0.321987178708826,0.259771858652433,0,0,0,0.292640733455426,0.283696591854095,0,0,0,0,0,0,0.246552437543869,0.302693913380305,0.291188776493073,0,0,0,0.20953409075737,0,0,0,0,0,0,0,0,0.422989398241043,0.402197589476903,0.601675808429718,0.376534789800644,0,0.256482575088739,0.318966954946518,0.31032860185951,0.531866844211306,0.263079067637555,0.368703112006187,0.340585310548774,0,0,0.295863559612861,0.235215538243453,0.54355514467175,0,0.520756586326601,0.221041072905064,0,0,0,0.172321665647615,0,0.326318433880806,0.315946906805038,0,0,0.283185094594955,0.344510823488235,0.309382390034826,0.262209987640381,0,0.305146356827839,0,0.175249101860183,0,0,0,0,0,0.42836611866951,0,0.513573184609413,0,0.40428364276886,0.315671354532242,0.297272770450665,0,0.280576705524366,0.44964100047525,0.331421442329884,0.341799507553164,0,0.366370798165637
0,0.308271276749258,0.319944202899933,0.25122935721089,0,0.185477821777264,0,0,0,0.286794945105629,0,0,0,0,0,0,0,0.277959764003754,0.288024805924472,0,0,0.310576597168561,0,0.312522399486328,0,0,0,0,0,0,0,0.424470047156016,0.514514982700348,0.418076885830272,0.331432972724239,0,0,0.360915680772467,0,0.413764028486453,0,0.35334715929348,0.362723171710968,0,0,0.226947516202927,0.276295036077499,0.492344223507191,0.520756586326601,0,0,0,0,0,0,0.169924607966095,0.349114090204239,0.306746588008744,0,0.305221080780029,0,0.242963536102095,0.279192044266633,0,0.411855243291372,0,0.205360918433643,0,0.268550707399845,0,0.331763171559148,0,0.296742901647281,0,0.427252775430679,0.542850226163864,0.32162267240611,0,0.328454583660293,0,0.332795554615564,0,0.429342803556027,0.357391917391827,0.382642997715819,0.303153812885284,0.331631600856781
0.192979117234548,0,0.239145542369724,0.328781545162201,0.181828368275767,0,0.18078256599032,0,0,0,0,0,0,0,0,0,0,0,0,0.250687748193741,0.187171081453562,0,0,0,0,0,0,0,0,0,0,0,0,0,0,0,0.238197649021943,0,0,0,0.24809696773688,0,0.267598573916725,0,0,0,0.208170462316937,0,0.221041072905064,0,0,0,0.232987840523881,0,0.220501978869562,0,0.281632584858836,0,0.275949591222931,0,0.247313426198246,0,0.277747958898544,0.220707965510733,0,0,0,0,0,0,0,0,0,0,0,0,0,0,0,0.246322861872613,0,0.296846635066546,0.245080471240185,0,0.257816995179928,0,0
0,0,0,0.224722036968769,0,0.201588918284315,0,0.264976382255554,0,0.186734455926665,0,0.226777730079798,0,0,0,0,0,0,0.248117879033089,0.272405179688729,0,0,0,0,0,0,0,0,0,0,0,0,0,0,0,0.292959958314896,0,0,0,0.258784025907516,0,0,0,0,0,0,0,0,0,0,0,0,0,0.187970320157933,0,0.231741319500631,0,0.273510934733337,0,0.296856177763806,0,0.233182350830208,0.288156536221504,0,0,0,0,0,0,0,0,0,0,0,0,0,0,0,0.277962611988187,0,0,0,0.242737508245877,0,0.26078778637513,0,0
0,0,0,0,0.161537228773038,0,0.202903043026122,0,0,0,0,0,0,0,0,0,0,0,0,0,0,0,0,0,0,0,0,0,0,0,0,0,0,0,0,0,0,0,0,0,0,0,0,0,0,0,0,0,0,0,0.232987840523881,0,0,0,0,0,0,0,0,0,0,0,0,0,0,0,0,0,0,0,0,0,0,0,0,0,0,0,0,0,0,0,0,0,0,0,0
0,0,0,0,0,0.127429120242596,0,0.214459680020809,0,0,0,0,0,0,0,0,0,0,0,0.169974058866501,0,0,0,0,0,0,0,0,0,0,0,0,0,0,0,0,0,0,0,0,0,0,0,0,0,0,0,0,0,0,0,0.187970320157933,0,0,0,0,0,0.230496746735842,0,0.240830346941948,0,0,0.229592953564216,0,0,0,0,0,0,0,0,0,0,0,0,0,0,0,0,0,0,0,0.227526386794837,0,0,0,0
0.16531828064182,0,0.163205202293696,0.292736813426018,0.124152993378432,0,0,0,0.266157207396683,0,0,0,0,0,0.21486097574234,0,0,0,0.249882742762566,0,0.180361077189445,0,0,0,0.236987472333406,0,0.24805314011044,0,0,0,0,0,0,0,0,0,0,0,0.23657096272347,0,0.28652595281601,0,0.267112130710953,0,0,0,0.199107511235135,0.315155372023582,0.172321665647615,0,0.220501978869562,0,0,0,0,0,0,0.324642995993296,0,0,0.190583818507465,0,0.303127929568291,0.244860293964545,0,0,0,0.243551859546166,0,0.239040024578571,0,0,0,0.290157496929169,0,0,0,0,0,0.257589371366934,0,0.255740675707938,0.212546011871762,0.232149459421635,0.240640333592892,0,0
0,0.151711416410437,0,0.179656093074976,0,0.209355793455068,0,0,0,0.233905068024408,0,0,0,0,0,0.239195679861402,0,0,0.273432195186615,0,0,0,0,0.189663838875953,0,0,0,0,0,0,0,0,0,0,0,0,0,0.268424481664803,0,0,0,0,0,0,0,0,0,0,0,0.169924607966095,0,0.231741319500631,0,0,0,0,0,0.264870960265398,0,0.271917819976807,0,0.213433157169938,0,0,0,0,0.212090865646548,0,0,0,0,0,0,0,0,0,0,0,0,0,0.228525192295006,0,0.198226623011358,0,0.183981790796879,0,0
0,0,0.287073910236359,0.334482356905937,0.210595734417439,0,0,0,0,0,0.216559013408467,0,0.165702879428864,0,0,0,0,0,0.285129368305206,0,0.147913000603628,0,0,0,0,0,0,0,0,0,0.213553957379701,0,0,0,0,0,0.274273753166199,0,0.135667242892087,0,0.256638824939728,0.29187399148941,0.305811127026876,0,0,0.27073335647583,0.298955939032815,0,0.326318433880806,0.349114090204239,0.281632584858836,0,0,0,0,0,0,0.306022003293037,0.331943398521792,0,0.280732328954496,0,0.275915503501892,0.313447912714698,0,0,0,0,0,0,0,0,0.322792947292328,0.199297326834912,0,0,0,0,0.280729353427887,0.28328243211696,0,0,0.226547356256667,0,0.30432429915063,0,0.380928933620453
0,0.335795447727044,0.325855512510646,0.276567619596446,0.335166722536087,0.260601091700105,0,0,0,0.302324738240603,0,0.182166109000013,0,0,0,0,0.263490527868271,0.341352075338364,0.348351746797562,0.205068792609926,0,0,0,0,0,0,0,0,0,0,0,0,0,0,0,0.13526158385417,0,0.135754024763861,0,0.298382247869785,0.272670090198517,0.358227656476877,0.287731051445007,0,0,0.297647592946164,0.337255954742432,0,0.315946906805038,0.306746588008744,0,0.273510934733337,0,0.230496746735842,0.324642995993296,0.264870960265398,0.306022003293037,0,0,0.261021911206091,0,0.2897391282022,0.286427285091459,0,0,0,0,0,0,0,0,0,0.31411096330424,0,0,0,0,0,0.306490572435515,0.278778646673475,0,0,0.271099410866472,0.3495707701553,0.357509990442883,0.344179482460022,0
0.308538387219111,0,0.321107298135757,0,0,0,0,0,0,0,0.152284864055854,0,0.166084275845392,0,0,0,0,0,0,0,0.315140237410863,0,0,0,0,0,0,0,0,0,0,0,0,0,0,0,0,0,0,0,0,0,0,0,0,0,0,0,0,0,0.275949591222931,0,0,0,0,0,0.331943398521792,0,0,0,0.249170992290601,0,0,0.337517097592354,0,0,0,0,0,0,0,0,0,0,0,0,0,0,0,0,0,0,0,0,0.353741126962834,0,0
0,0.291605561971664,0,0.248549047016328,0,0.286585153568359,0,0.192224618334037,0,0,0,0.160335726779083,0,0.152359635665499,0,0,0,0,0,0.275248897572358,0,0,0,0,0,0,0,0,0,0,0,0,0,0,0,0,0,0,0,0,0,0,0,0,0,0,0,0,0,0.305221080780029,0,0.296856177763806,0,0.240830346941948,0,0.271917819976807,0,0.261021911206091,0,0,0,0,0.293791592121124,0,0,0,0,0,0,0,0.305826686322689,0,0,0,0,0,0,0,0,0,0,0,0.225243672728539,0.219268128275871,0.279955450501015,0,0
0.252788723683825,0,0.256209440723709,0,0,0,0,0,0.201848087669576,0,0,0,0,0,0.211174872115994,0,0,0,0,0,0,0,0,0,0.20195162688431,0,0.22907104013173,0,0,0,0,0,0,0,0,0,0,0,0,0,0,0,0.269134551286697,0,0,0,0,0,0.283185094594955,0,0.247313426198246,0,0,0,0.190583818507465,0,0.280732328954496,0,0.249170992290601,0,0,0,0,0,0,0,0,0.17321589589119,0,0.19477282500267,0,0,0,0,0,0,0,0,0,0,0,0,0.260173673431079,0,0.306388076572191,0,0
0,0.282908945501625,0,0.214378023332404,0,0.229613659204915,0,0,0,0.198801165814266,0,0,0,0.196505948901176,0,0.186030237198766,0,0.168903604149818,0,0.289115180571874,0,0,0,0.205490082034616,0,0.217548777980189,0,0,0,0,0,0,0,0,0,0,0,0,0,0,0,0.318395366271337,0,0,0,0,0,0,0.344510823488235,0.242963536102095,0,0.233182350830208,0,0,0,0.213433157169938,0,0.2897391282022,0,0,0,0,0,0,0,0,0,0,0.247483060032882,0,0.37630769610405,0,0.385731428861618,0,0,0,0,0,0.239086151123047,0,0,0,0.259681165669904,0.204620075722535,0.280753193776819,0.303741574287415,0
0,0.446948553226432,0.328583665192127,0.305084782923367,0.3304383456707,0.301712691783905,0,0,0,0.353604790839282,0,0.171979208978323,0,0,0,0,0.361388741569086,0.329818653709748,0.36383556647453,0.260648424684131,0,0,0,0,0,0,0,0,0,0,0,0,0,0,0,0.235322149873094,0,0.297246476144393,0,0.324041209244109,0.328762465715408,0.347500476311385,0.317081034183502,0,0,0.305971736056436,0.367453288819109,0,0.309382390034826,0.279192044266633,0.277747958898544,0.288156536221504,0,0.229592953564216,0.303127929568291,0,0.275915503501892,0.286427285091459,0,0.293791592121124,0,0,0,0.356530802117454,0,0,0,0,0,0,0,0,0.362080800206694,0.30271103978157,0,0,0,0,0.312056945524627,0.356588977788176,0.378584657844744,0.362728260457516,0.281740347756455,0.310629236698151,0.351589876432388,0,0.320426419377327
0.404280260205269,0,0.267516107857227,0,0.186222544222167,0,0,0,0.209803959354758,0,0.153810573475701,0,0,0,0,0,0.331601979004012,0.328003577888012,0.34989415772401,0,0.220538434985695,0,0,0,0,0,0,0,0,0,0,0,0,0,0,0,0.218362060466818,0,0.249684890500411,0.378520866235097,0.322370202536077,0.335482642054558,0.324128042404163,0,0,0.359081610556572,0.289421652937768,0,0.262209987640381,0,0.220707965510733,0,0,0,0.244860293964545,0,0.313447912714698,0,0.337517097592354,0,0,0,0.356530802117454,0,0,0,0,0,0,0,0,0,0,0.28941979209582,0,0,0,0,0.379734680056572,0.267658314824923,0,0.30334646293183,0.312365308522467,0.326554919282595,0.313057532864606,0,0.328474634072997
0,0,0,0,0,0,0,0,0,0.370629847049713,0,0,0,0,0,0,0,0.100384721250245,0,0,0,0.201680057891752,0,0.205403440166265,0,0,0,0.27593731880188,0,0,0,0,0,0,0,0,0,0.407341317217309,0,0,0,0,0,0,0,0,0,0.543168544769287,0,0.411855243291372,0,0,0,0,0,0,0,0,0,0,0,0,0,0,0,0,0.184492504190315,0,0.253084763884544,0,0.243717593052203,0,0,0,0,0,0,0.367733389139175,0,0,0.44037658302979,0.342413683732351,0.145643105109533,0.335102869914128,0,0,0
0,0,0,0,0,0,0,0,0,0,0,0,0,0,0,0,0.105284914536321,0,0,0,0,0,0.231704381261858,0,0.134842068847755,0,0,0,0,0,0,0,0,0,0,0,0,0,0.52254631730818,0,0,0,0,0,0,0,0,0.600211203098297,0.305146356827839,0,0,0,0,0,0,0,0,0,0,0,0,0,0,0,0,0,0,0.122890748083591,0,0.194268306096395,0,0.246819791586503,0,0,0,0,0,0,0,0,0,0.513279918294687,0.188995534669509,0.122062484268099,0,0,0
0,0,0,0,0,0,0,0,0,0.307561487783948,0,0,0,0,0,0,0.168624967336655,0.182608405749003,0,0,0,0.192785291472533,0,0.221382094339176,0,0.290255263447762,0,0,0,0,0,0,0,0,0,0,0,0.349431106976442,0,0,0,0,0,0,0,0,0,0,0,0.205360918433643,0,0,0,0,0,0.212090865646548,0,0,0,0,0,0,0,0,0.184492504190315,0,0,0,0.295202071296758,0,0,0,0,0,0,0,0,0,0,0,0.325401336314731,0,0.167269039899111,0,0.296858389192904,0,0
0,0,0,0,0,0,0,0,0.28904164958356,0,0,0,0,0,0,0,0.182714145183563,0,0,0,0,0,0.193757096166629,0,0.283232927306887,0,0.284795119093274,0,0,0,0,0,0,0,0,0,0,0,0.286719232664339,0,0,0,0.393997013568878,0,0,0,0,0,0.175249101860183,0,0,0,0,0,0.243551859546166,0,0,0,0,0,0.17321589589119,0,0,0,0,0.122890748083591,0,0,0,0.162077951431274,0,0,0,0,0,0,0,0,0,0,0,0.304163067996931,0.232166565894438,0,0.277140612403552,0,0
0,0,0,0,0,0,0,0,0,0.189083016344479,0,0,0,0,0,0.19398038487496,0,0.156300255697067,0,0,0,0.133927524089813,0,0.238185237272311,0,0.255608549428313,0,0,0,0,0,0,0,0,0,0,0,0,0,0,0,0,0,0,0,0,0,0,0,0.268550707399845,0,0,0,0,0,0,0,0,0,0,0,0.247483060032882,0,0,0.253084763884544,0,0.295202071296758,0,0,0,0.338265908564009,0,0,0,0,0,0,0,0,0,0,0,0.196810714900494,0,0,0,0
0.175047123804688,0,0,0,0,0,0,0,0.244751094203246,0,0,0,0,0,0.175511622003147,0,0.174491765598456,0,0,0,0,0,0.199710964328713,0,0.174836186748562,0,0.24315064202439,0,0.257226303219795,0,0,0,0,0,0,0,0,0,0,0,0,0,0,0,0,0,0,0,0,0,0,0,0,0,0.239040024578571,0,0,0,0,0,0.19477282500267,0,0,0,0,0.194268306096395,0,0.162077951431274,0,0,0,0.251257319832332,0,0,0,0,0,0,0,0,0,0,0,0,0,0,0
0,0,0,0,0,0,0,0,0,0,0,0,0,0.156067649168628,0,0,0,0,0,0,0,0.241612052739556,0,0,0,0,0,0.244102278282737,0,0,0,0,0,0.418787479400635,0,0,0,0.364645782161208,0,0,0,0,0,0,0,0,0,0.463041748689569,0,0.331763171559148,0,0,0,0,0,0,0,0,0,0.305826686322689,0,0.37630769610405,0,0,0.243717593052203,0,0,0,0.338265908564009,0,0,0,0.261675621569157,0,0,0,0,0,0,0,0.301585355696898,0,0.192310788151291,0.221821689605713,0,0,0
0,0,0,0,0,0,0,0,0,0,0,0,0,0,0,0,0,0,0,0,0,0,0,0,0,0,0.228531356652578,0,0.16691748309752,0,0,0,0,0,0,0,0,0,0,0,0,0,0,0,0,0,0,0,0,0,0,0,0,0,0,0,0,0,0,0,0,0,0,0,0,0.246819791586503,0,0,0,0.251257319832332,0,0,0,0,0,0,0,0,0,0,0,0,0,0,0,0,0
0,0,0,0.327566194793452,0,0,0,0,0,0.373161578178406,0,0.237753102514479,0,0,0,0,0,0,0.408809685707092,0.272215705897127,0,0,0,0,0,0,0,0,0,0.245873518186073,0,0,0,0,0,0,0,0,0,0.30222187936306,0,0.364481496810913,0,0,0,0.335469354689121,0,0,0,0.296742901647281,0,0,0,0,0,0,0.322792947292328,0.31411096330424,0,0,0,0.385731428861618,0.362080800206694,0,0,0,0,0,0,0,0.261675621569157,0,0,0,0,0,0,0,0.341119742819241,0.284785151481628,0.324328668415546,0,0.424376328354296,0.385576605796814,0.329382124593702,0.40994867682457,0
0,0,0.331236839294434,0,0,0,0,0,0,0,0.143720352355345,0,0,0,0,0,0,0,0.33260053396225,0,0,0,0,0,0,0,0,0,0.270483960707982,0,0.255561190116774,0,0,0,0,0,0,0,0.152340535447001,0,0,0,0.455872711132873,0,0,0,0.318364838759104,0,0.42836611866951,0,0,0,0,0,0.290157496929169,0,0.199297326834912,0,0,0,0,0,0.30271103978157,0.28941979209582,0,0,0,0,0,0,0,0,0,0,0,0,0,0,0,0.343618969122569,0,0.439138668775558,0.476786595582962,0,0.379644260513333,0,0.442874908447266
0,0,0,0,0,0,0,0,0,0,0,0,0,0,0,0,0,0,0,0,0,0,0,0,0,0,0,0,0,0,0,0.236437694619567,0.181583446509476,0.28607555563477,0,0.195072144269943,0,0,0,0,0,0,0,0,0,0,0,0.344089294085592,0,0.427252775430679,0,0,0,0,0,0,0,0,0,0,0,0,0,0,0,0,0,0,0,0,0,0,0,0,0,0.242907446409975,0.27683115807403,0.182638928294182,0.257529434805014,0.42029219865799,0,0,0.156019096865373,0,0,0,0
0,0,0,0,0,0,0,0,0,0,0,0,0,0,0,0,0,0,0,0,0,0,0,0,0,0,0,0,0,0,0,0.178648401231052,0.269895523760539,0,0.296491416096687,0,0.196593295099467,0,0,0,0,0,0,0,0,0,0,0.32132968132372,0.513573184609413,0.542850226163864,0,0,0,0,0,0,0,0,0,0,0,0,0,0,0,0,0,0,0,0,0,0,0,0,0.242907446409975,0,0,0.274306524982,0,0.249380315072412,0,0,0.151764729950965,0,0,0,0
0,0,0,0,0,0,0,0,0,0,0,0,0,0,0,0,0,0,0,0,0,0,0,0,0,0,0,0,0,0,0,0.3279970624508,0,0.260233715471131,0.184731712575117,0.151542600429835,0,0.198991092469762,0,0,0,0,0,0,0,0,0,0.254175690882797,0,0.32162267240611,0,0,0,0,0,0,0,0,0,0,0,0,0,0,0,0,0,0,0,0,0,0,0,0,0.27683115807403,0,0,0.147288948297501,0.287397711638544,0,0.331963144711681,0,0.176937068133585,0,0,0,0
0,0,0,0,0,0,0,0,0,0,0,0,0,0,0,0,0,0,0,0,0,0,0,0,0,0,0,0,0,0,0,0,0.198510058797323,0.185201708069989,0.259088956119545,0,0.189329303320377,0.24043470621109,0.248407079050174,0,0,0,0,0,0,0,0,0.355307262351638,0.40428364276886,0,0,0,0,0,0,0,0,0,0,0,0,0,0,0,0.367733389139175,0,0,0,0,0,0,0,0,0,0.182638928294182,0.274306524982,0.147288948297501,0,0,0.286465879021249,0.248334837811334,0.330141777668766,0.220942425727844,0.233581051907756,0,0,0
0,0.461752770172658,0.3117822209994,0.283632703784372,0,0.276897668838501,0,0,0.301806926727295,0.331852094693617,0,0,0,0,0,0,0.357310816093727,0.35163825580052,0.387919640368723,0.255642386322672,0.274063438177109,0,0,0,0,0,0,0,0,0,0,0.255353496056194,0,0.183097256720066,0,0.233916641432681,0.161420565699377,0.268028133589288,0,0.326109623868171,0.402501996606588,0.330142529344142,0.348589281241099,0,0,0.354593644764911,0.357190200686455,0.374145358578483,0.315671354532242,0.328454583660293,0,0.277962611988187,0,0,0,0,0.280729353427887,0.306490572435515,0,0,0,0.239086151123047,0.312056945524627,0.379734680056572,0,0,0,0,0,0,0,0,0.341119742819241,0,0.257529434805014,0,0.287397711638544,0,0,0.348412343246095,0.298372838978866,0.421895682811737,0.345669958556052,0.35469510976006,0.330575990048007,0.353161016648466,0
0.46832676562998,0,0.291695153040271,0.284904569387436,0.233729580640793,0,0,0,0.257485323092517,0,0,0,0,0,0,0,0.36480073715156,0.354771018028259,0.394767778815315,0,0.23931870907304,0,0,0,0,0,0,0,0,0,0,0.319182997941971,0.260891596040531,0,0.301939897447616,0.175791149307235,0.227687589180489,0,0.23275302488889,0.38515000483569,0.313064568495566,0.322111281752586,0.311840532322122,0,0,0.383542529940605,0.315958218647268,0.325548880701344,0.297272770450665,0,0.246322861872613,0,0,0,0.257589371366934,0,0.28328243211696,0.278778646673475,0,0,0,0,0.356588977788176,0.267658314824923,0,0,0,0,0,0,0,0,0.284785151481628,0.343618969122569,0.42029219865799,0.249380315072412,0,0.286465879021249,0.348412343246095,0,0,0.292579795652573,0.346459898429039,0.295205328081335,0.328987059114486,0.426507622003555,0.36388833266358
