0,0,4.48969382605107,0,13.678150177002,0,0,0,4.16967757363125,0,0,0,0,0,0,0,8.27190896442958,0,18.564370284315,0,0,0,0,0,0,0,0,0,0,0,0,0,0,0,0,0,0,0,9.47798987658309,0,37.4544145988696,29.5664672851562,26.7804539973098,0,28.7626857757568,0,32.4555631695372,18.5347480773926,24.1425176461538,0,0,0,0,0,3.8945741371591,0,7.57592250750615,0,12.952822804451,0,6.60228215293451,0,0,0,0,0,0,0,0,0,0,0,0,22.6604528427124,0,0,0,0,0,0,0,8.23777627944946,6.41465248196052,11.7133719062805,7.89951712562775,0,33.194149017334
0,0,0,3.03448130053724,0,0,0,0,0,4.36342197093812,0,0,0,0,0,0,0,0,0,0,0,0,0,0,0,0,0,0,0,0,0,0,0,0,0,0,0,0,0,0,0,3.22649712221963,0,3.26299142837524,0,0,0,0,0,4.25606077865318,0,0,0,0,0,4.00603479291395,0,0,0,3.87766020638602,0,3.60032057201161,0,0,0,0,2.91126602687193,0,0,0,0,0,0,0,0,0,0,0,0,0,0,0,3.7857817218716,5.89972463995218,2.89832832491732,0,0
4.48969382605107,0,0,0,3.810072793517,0,0,0,4.51057156367315,0,0,0,0,0,0,0,0,0,25.1176976577095,0,4.15338534116745,0,0,0,0,0,0,0,0,0,0,0,0,0,0,16.4439487457275,11.3062762752656,0,22.962813464078,0,23.2956413742184,0,26.600715233526,0,15.8267758233207,0,15.2615834730158,0,7.69800594117906,0,3.8650879206196,0,0,0,5.44737920165062,0,6.00279775857925,0,4.78513057197598,0,4.67944701058524,0,0,8.57127740254273,0,0,0,0,0,0,0,0,0,23.1007785797119,0,0,0,0,0,8.81387983086991,0,0,12.4767366777552,12.8634897338019,13.6275627186575,0,0
0,3.03448130053724,0,0,0,0,0,0,0,3.64423524705987,0,0,0,0,0,0,0,0,0,0,0,0,0,0,0,0,0,0,0,0,0,0,0,0,0,0,0,0,0,0,0,0,0,0,0,0,0,0,0,3.32222304968019,0,0,0,0,0,3.31968640969062,0,0,0,2.91898567676544,0,2.92417865726683,0,0,0,0,0,0,0,0,0,0,0,0,0,0,0,0,0,0,0,0,3.59968741343055,0,0,0,0
13.678150177002,0,3.810072793517,0,0,0,0,0,9.85539035797119,0,0,0,0,0,0,0,0,0,0,0,5.05303621292114,0,0,0,0,0,0,0,0,0,0,0,0,0,0,0,11.0479130744934,0,0,0,0,0,0,0,0,0,21.8856258392334,0,0,0,3.33801054446424,0,3.67060807773045,0,4.05970206084075,0,5.92186069488525,0,4.13446301161641,0,0,0,0,8.77321468080793,0,0,0,0,0,0,0,0,0,0,0,0,0,0,0,8.54220926761627,0,0,5.46203230270723,4.04237038527078,6.07889392675943,0,0
0,0,0,0,0,0,0,0,0,3.79232248995039,0,0,0,0,0,5.16905062848871,0,0,0,0,0,0,0,0,0,0,0,0,0,0,0,0,0,0,0,0,0,0,0,0,0,0,0,0,0,0,0,0,0,0,0,4.24112181738019,0,3.031316614151,0,0,0,0,0,0,0,5.94672265805696,0,0,0,0,0,0,0,0,0,0,0,0,0,0,0,0,0,0,0,0,3.86384156344723,5.92049860067146,0,0,0
0,0,0,0,0,0,0,0,0,0,0,0,0,0,0,0,0,0,0,0,0,0,0,0,0,0,0,0,0,0,0,0,0,0,0,0,0,0,0,0,0,0,0,0,0,0,0,0,0,0,3.46468778918771,0,3.41509590471241,0,0,0,2.87469461494022,0,4.81421101823145,0,0,0,0,0,0,0,0,0,0,0,0,0,0,0,0,0,0,0,0,0,0,0,0,0,0,0,0
0,0,0,0,0,0,0,0,0,0,0,5.6681489944458,0,5.04560041427612,0,0,0,0,0,0,0,0,0,0,0,0,0,0,0,0,0,0,0,0,0,0,0,0,0,0,0,0,0,0,0,0,0,0,0,0,0,3.08698794222254,0,3.68745347071007,0,0,0,3.60058801824396,0,2.85354454176767,0,0,0,0,0,0,0,0,0,0,0,0,0,0,0,0,0,0,0,0,0,0,4.08146850268046,7.40288240259344,0,0,0
4.16967757363125,0,4.51057156367315,0,9.85539035797119,0,0,0,0,0,0,0,0,0,0,0,4.49964744498931,0,7.17466370757697,0,0,0,0,0,0,0,0,0,0,0,0,0,0,0,0,0,0,0,19.571586227417,0,47.9200885479267,0,19.2161207955981,0,0,0,38.8672087533133,0,28.5233182907104,0,0,0,0,0,4.11180350526435,0,0,0,0,0,6.1268482208252,0,0,0,0,0,0,0,0,0,0,0,0,0,0,0,0,0,0,0,0,20.614631652832,5.27397337553951,5.33274495822412,14.435305315095,0,0
0,4.36342197093812,0,3.64423524705987,0,3.79232248995039,0,0,0,0,0,0,0,0,0,4.56251898178687,0,3.95017729486738,4.20973308881124,0,0,0,0,6.96125650405884,0,0,0,15.9019236564636,0,0,0,0,0,0,0,0,0,0,0,0,0,4.00188136100769,0,0,0,0,0,0,0,3.58687877655029,0,0,0,0,0,3.01086635090584,0,0,0,0,0,3.14005810236759,0,0,0,0,2.96273319537823,0,0,0,0,0,0,0,0,0,0,0,0,0,0,0,4.14621951141291,4.70759797416134,3.00585625285194,0,0
0,0,0,0,0,0,0,0,0,0,0,0,0,0,0,0,0,0,0,0,2.98990706035069,0,0,0,0,0,0,0,0,0,4.29545953946236,0,0,0,0,0,0,0,3.12293782577016,0,0,0,0,0,0,0,0,0,0,0,0,0,0,0,0,0,3.26058566128766,0,0,0,0,0,0,3.02366649719977,0,0,0,0,0,0,0,0,0,4.50725843429565,0,0,0,0,0,0,0,4.97852831568037,0,0,4.81935501098633,0,0
0,0,0,0,0,0,0,5.6681489944458,0,0,0,0,0,4.08132976752061,0,0,0,0,0,3.34105373683729,0,0,0,0,0,0,0,0,0,2.99969833547419,0,0,0,0,0,2.78853237628937,0,3.17803850622714,0,0,0,0,0,0,0,0,0,0,0,0,0,0,0,0,0,0,0,3.05275205455977,0,4.62333784103394,0,0,3.07798731327057,0,0,0,0,0,0,0,0,0,3.00986990994877,0,0,0,0,0,0,0,3.36901569366455,0,3.01274752739148,3.27010842451115,3.19693327903748,0,0
0,0,0,0,0,0,0,0,0,0,0,0,0,0,0,0,0,0,0,0,0,0,0,0,0,0,0,0,0,0,0,0,0,0,0,0,0,0,0,0,0,0,0,0,0,0,0,0,0,0,0,0,0,0,0,0,3.15018650105125,0,3.05141323052564,0,0,0,0,0,0,0,0,0,0,0,0,0,0,0,0,0,0,0,0,0,0,0,2.9862151268201,3.40511722166103,0,0,0
0,0,0,0,0,0,0,5.04560041427612,0,0,0,4.08132976752061,0,0,0,2.97566059657506,0,11.3453502655029,0,0,0,0,0,0,0,0,0,6.33967357128859,0,0,0,0,0,0,0,0,0,0,0,0,0,0,0,0,0,0,0,0,0,0,0,0,0,0,0,0,0,0,0,2.98703190987123,0,0,0,0,0,0,0,0,0,0,0,0,0,0,0,0,0,0,0,0,0,0,3.31908259061491,4.12735396235954,0,0,0
0,0,0,0,0,0,0,0,0,0,0,0,0,0,0,0,0,0,0,0,0,0,0,0,0,0,0,0,0,0,0,0,0,0,0,0,0,0,0,0,0,0,0,0,0,0,0,0,0,0,0,0,0,0,0,0,0,0,0,0,0,0,0,0,0,0,0,0,0,0,0,0,0,0,0,0,0,0,0,0,0,0,4.29591004247588,4.25532448856938,0,0,0
0,0,0,0,0,5.16905062848871,0,0,0,4.56251898178687,0,0,0,2.97566059657506,0,0,0,6.60255753620681,0,0,0,0,0,0,0,0,0,8.25762097040812,0,0,0,0,0,0,0,0,0,0,0,0,0,0,0,0,0,0,0,0,0,0,0,4.17938036712811,0,0,0,0,0,0,0,2.94081809303977,0,3.76527724266052,0,0,0,0,0,0,0,0,0,0,0,0,0,0,0,0,0,0,0,0,4.47349297086182,4.00061004142151,0,0,0
8.27190896442958,0,0,0,0,0,0,0,4.49964744498931,0,0,0,0,0,0,0,0,6.07000714320208,4.83120149264284,0,0,0,3.67226853660334,0,10.7489864826202,0,3.56171767082479,0,3.5405523960407,0,0,0,0,0,0,0,0,0,0,0,37.6571613039289,27.2224192619324,21.8072053147841,18.7232437133789,39.1691017150879,0,23.1557484436035,0,0,0,0,0,0,0,0,0,0,0,43.3899116516113,0,0,0,0,0,0,3.58857941627502,0,0,0,4.3928667477199,0,4.21435737609863,0,0,0,0,0,0,0,36.7881164550781,0,0,4.9690126012763,6.43810431562573,19.6255606032432,0,21.2411914238563
0,0,0,0,0,0,0,0,0,3.95017729486738,0,0,0,11.3453502655029,0,6.60255753620681,6.07000714320208,0,8.44257612588161,0,0,5.2530325293541,0,6.17610915501912,0,8.21178436279297,0,9.77169184021602,0,0,0,0,0,0,0,0,0,0,0,0,0,0,0,0,0,0,0,0,0,0,0,0,0,0,0,0,0,0,0,0,0,3.70452819764614,0,0,4.75876808166504,0,7.37557554244995,0,0,0,0,0,0,0,0,0,0,0,0,0,0,0,5.70699003659782,6.81888298121366,0,0,0
18.564370284315,0,25.1176976577095,0,0,0,0,0,7.17466370757697,4.20973308881124,0,0,0,0,0,0,4.83120149264284,8.44257612588161,0,0,0,0,0,0,3.04292976856232,0,0,0,0,0,0,0,0,0,0,0,0,0,45.8530731201172,22.2464355741228,29.2984466686415,13.0038878910232,19.7624266753994,10.1184402394433,15.2897081896663,8.98242985635762,19.5628861327449,0,25.4616775512695,0,0,0,0,0,0,0,29.5190445646948,0,29.6008142743792,0,29.4763832092285,0,0,26.1617066860199,0,0,0,0,0,0,0,0,21.1497968037923,22.4737832490788,0,0,0,0,30.0754203796387,31.8619815237154,0,24.0945990542148,8.53711838878904,8.11382622654374,17.0238287086571,6.47740168622929,20.3233807296853
0,0,0,0,0,0,0,0,0,0,0,3.34105373683729,0,0,0,0,0,0,0,0,0,0,0,0,0,0,0,0,0,0,0,0,0,0,0,3.26851318981448,0,4.42057545618577,0,0,0,0,0,0,0,0,0,0,0,0,0,0,0,0,0,0,0,3.75131714264018,0,0,0,0,3.16750050462702,0,0,0,0,0,0,0,0,0,5.05126321315765,0,0,0,0,0,3.56650066375732,0,0,0,2.95563688904348,0,2.90236914157867,0,0
0,0,4.15338534116745,0,5.05303621292114,0,0,0,0,0,2.98990706035069,0,0,0,0,0,0,0,0,0,0,0,0,0,0,0,0,0,0,0,0,0,0,0,0,0,3.3502813066755,0,2.74006748199463,0,0,0,0,0,0,0,0,0,0,0,10.0937722524007,0,0,0,0,0,3.34724877651473,0,8.20243231455485,0,0,0,0,3.41622983681764,0,0,0,0,0,0,0,0,0,0,0,0,0,0,0,3.37448144491824,0,5.26099991798401,3.87059963207978,0,3.44443722963333,0,0
0,0,0,0,0,0,0,0,0,0,0,0,0,0,0,0,0,5.2530325293541,0,0,0,0,5.20207984128,4.85000252237125,2.95863676071167,0,0,0,0,0,0,0,0,0,0,0,0,3.77494721860738,0,0,0,0,0,0,0,0,0,0,0,8.77633226923196,0,0,0,0,0,0,0,0,0,0,0,0,0,0,4.01924432933727,8.61610609764086,5.0260443687439,0,0,0,0,0,0,0,0,0,0,0,0,0,4.41779203616565,0,3.90920248750566,4.51396433983168,0,0,0
0,0,0,0,0,0,0,0,0,0,0,0,0,0,0,0,3.67226853660334,0,0,0,0,5.20207984128,0,0,3.16687138396573,0,3.35870627562205,0,0,0,0,0,0,0,0,0,0,0,4.11651214190892,0,0,0,0,0,0,0,0,0,0,0,0,0,0,0,0,0,0,0,0,0,0,0,0,0,6.99326918632784,4.62465672326481,0,4.22731643227431,0,0,0,3.28378880023956,0,0,0,0,0,0,0,0,0,0,3.54488259569762,4.81734816556497,0,0,0
0,0,0,0,0,0,0,0,0,6.96125650405884,0,0,0,0,0,0,0,6.17610915501912,0,0,0,4.85000252237125,0,0,0,0,0,0,0,0,0,0,0,9.49018859863281,0,0,0,3.11541905812919,0,0,0,0,0,0,0,0,0,0,0,3.29879612922668,0,0,0,0,0,0,0,0,0,0,0,0,0,0,2.91238185763359,0,4.70420310714028,0,0,0,0,0,0,0,0,0,9.26083374023438,0,0,0,5.76068083819221,0,4.33387666293817,0,5.47771835327148,0,0
0,0,0,0,0,0,0,0,0,0,0,0,0,0,0,0,10.7489864826202,0,3.04292976856232,0,0,2.95863676071167,3.16687138396573,0,0,0,0,0,0,0,0,0,0,0,0,0,0,0,3.19474445387375,0,0,0,16.434597492218,0,0,0,0,14.1987600326538,0,25.1197872161865,0,0,0,0,0,0,0,0,0,0,0,0,0,0,0,3.57139149308205,0,3.22612449681317,0,0,0,0,0,0,0,0,0,0,0,0,0,0,3.29975894202105,2.94312540690104,0,0,0
0,0,0,0,0,0,0,0,0,0,0,0,0,0,0,0,0,8.21178436279297,0,0,0,0,0,0,0,0,0,0,0,0,0,0,0,0,0,0,0,0,0,0,0,0,0,0,0,0,0,0,0,0,0,0,0,0,0,0,0,0,0,0,0,0,0,0,0,0,0,0,0,0,0,0,0,0,0,0,0,0,0,0,0,0,7.14938807487488,0,0,0,0
0,0,0,0,0,0,0,0,0,0,0,0,0,0,0,0,3.56171767082479,0,0,0,0,0,3.35870627562205,0,0,0,0,0,0,0,0,0,0,0,0,0,0,0,0,0,0,0,0,0,0,0,0,0,0,0,0,0,0,0,0,0,0,0,0,0,0,0,0,0,0,0,0,0,0,0,0,0,0,0,0,0,0,0,0,0,0,0,3.43589493798254,0,0,0,0
0,0,0,0,0,0,0,0,0,15.9019236564636,0,0,0,6.33967357128859,0,8.25762097040812,0,9.77169184021602,0,0,0,0,0,0,0,0,0,0,0,3.72694739874671,0,0,0,0,0,0,0,0,0,0,0,0,0,0,0,0,0,0,0,0,0,0,0,0,0,0,0,0,0,0,0,0,0,0,0,0,0,0,0,0,3.11141742978777,0,4.83804988861084,0,0,0,0,0,0,0,0,0,3.86618808237893,3.30921578017502,0,0,0
0,0,0,0,0,0,0,0,0,0,0,0,0,0,0,0,3.5405523960407,0,0,0,0,0,0,0,0,0,0,0,0,0,7.40935611724854,0,0,0,0,0,0,0,7.7059513749303,0,0,0,0,0,0,0,0,0,0,0,0,0,0,0,0,0,0,0,2.90512224494434,0,0,0,0,0,0,0,0,0,0,0,0,3.68024707882782,0,7.13207496404648,0,0,0,0,0,0,0,7.92444810813124,3.40516336137715,3.81967145949602,0,0,0
0,0,0,0,0,0,0,0,0,0,0,2.99969833547419,0,0,0,0,0,0,0,0,0,0,0,0,0,0,0,3.72694739874671,0,0,0,0,0,0,0,0,0,0,0,0,0,0,0,0,0,0,0,0,0,0,0,0,0,0,0,0,0,2.87060675621033,0,0,0,0,0,0,0,0,0,0,0,0,4.24841959135873,0,2.7375385761261,0,0,0,0,0,0,0,0,0,3.32967935940799,3.08135461807251,0,0,0
0,0,0,0,0,0,0,0,0,0,4.29545953946236,0,0,0,0,0,0,0,0,0,0,0,0,0,0,0,0,0,7.40935611724854,0,0,0,0,0,0,0,0,0,3.57693451738205,0,0,0,0,0,0,0,0,0,0,0,0,0,0,0,0,0,4.19874995633176,0,0,0,0,0,0,0,0,0,0,0,0,0,0,5.33612489088988,0,3.66813944055022,0,0,0,0,0,0,0,6.54773081360708,0,0,0,0,0
0,0,0,0,0,0,0,0,0,0,0,0,0,0,0,0,0,0,0,0,0,0,0,0,0,0,0,0,0,0,0,0,4.43015772513713,10.6393953675268,3.40001877871427,0,3.06166996955872,0,0,0,0,0,0,0,0,0,0,5.80972015828134,5.80774266740313,4.24616022109985,0,0,0,0,0,0,0,0,0,0,0,0,0,0,0,0,0,0,0,0,0,0,0,0,3.77211617445629,5.23770795384537,7.36004525939853,0,3.5844523181086,6.27220715162082,0,0,2.89649516198693,0,0,0,0
0,0,0,0,0,0,0,0,0,0,0,0,0,0,0,0,0,0,0,0,0,0,0,0,0,0,0,0,0,0,0,4.43015772513713,0,11.199012530684,4.0651904741923,3.17473564342577,3.5602573798253,0,0,0,0,0,0,0,0,0,0,6.18024639429464,3.4675475358963,7.13689438321374,0,0,0,0,0,0,0,0,0,0,0,0,0,0,0,0,0,0,0,0,0,0,0,0,5.30667755871579,4.80927500981358,10.9361853400866,0,8.6282267999649,3.31501976212302,0,0,2.94665171702703,0,0,0,0
0,0,0,0,0,0,0,0,0,0,0,0,0,0,0,0,0,0,0,0,0,0,0,9.49018859863281,0,0,0,0,0,0,0,10.6393953675268,11.199012530684,0,6.05305664788677,0,4.3833690502804,5.19177081368186,0,0,0,0,0,0,0,0,0,8.62479736724982,15.2855361880678,0,0,0,0,0,0,0,0,0,0,0,0,0,0,0,0,0,0,0,0,0,0,0,0,0,11.1398998136106,9.97033988104926,4.44092228738885,8.57847013087631,2.73779455820719,0,4.708284173951,12.0009183883667,3.84607921242714,0,0,0,0
0,0,0,0,0,0,0,0,0,0,0,0,0,0,0,0,0,0,0,0,0,0,0,0,0,0,0,0,0,0,0,3.40001877871427,4.0651904741923,6.05305664788677,0,2.90898518209104,3.89299299716949,8.83637088457743,3.03434117635091,0,0,0,0,0,0,0,0,6.34593571540093,0,11.7865055720011,0,0,0,0,0,0,0,0,0,0,0,0,0,0,0,0,0,0,0,0,0,0,0,0,4.20522277695792,4.26132626003689,5.03672859526628,3.07630998558468,0,0,10.6515126109864,2.84201449155807,3.91602686828383,0,0,0,0
0,0,16.4439487457275,0,0,0,0,0,0,0,0,2.78853237628937,0,0,0,0,0,0,0,3.26851318981448,0,0,0,0,0,0,0,0,0,0,0,0,3.17473564342577,0,2.90898518209104,0,3.52410034657699,3.84747459170079,3.16384132703145,3.40605602264404,5.26047497495599,0,0,0,0,0,0,4.987380379356,7.80747414967201,2.73241651058197,0,0,0,0,0,0,0,0,0,0,0,0,4.12277428703454,0,0,0,0,0,0,0,0,0,0,0,2.94887638092041,3.45887158072997,0,0,3.30284391667206,4.07030822955178,4.23717432198503,0,3.72330305629088,5.00034020700183,4.07781035598667,0,0
0,0,11.3062762752656,0,11.0479130744934,0,0,0,0,0,0,0,0,0,0,0,0,0,0,0,3.3502813066755,0,0,0,0,0,0,0,0,0,0,3.06166996955872,3.5602573798253,4.3833690502804,3.89299299716949,3.52410034657699,0,2.72395086288452,3.33222127237771,2.8551504611969,6.52147643770242,0,0,0,0,0,14.0336043039958,3.98262693720998,4.59480560322603,3.772884077496,14.984203338623,0,0,0,0,0,16.7943331978538,0,19.4449400901794,0,0,0,0,4.73996114730835,0,0,0,0,0,0,0,0,0,0,3.58886394781225,2.89439611434937,5.81403560550125,0,3.75020290151373,3.41556724664642,4.85328245162964,3.61984081767701,4.64314829519425,4.53506730820379,5.07211088167655,0,0
0,0,0,0,0,0,0,0,0,0,0,3.17803850622714,0,0,0,0,0,0,0,4.42057545618577,0,3.77494721860738,0,3.11541905812919,0,0,0,0,0,0,0,0,0,5.19177081368186,8.83637088457743,3.84747459170079,2.72395086288452,0,5.5753129787571,0,0,0,0,0,0,0,0,7.70015352327847,0,3.87834593502607,0,0,0,0,0,0,0,3.73586256847028,0,0,0,0,3.53533404214042,0,4.0637176487465,0,4.72391734278874,0,0,0,3.58458137512207,0,3.70951801421596,0,0,0,8.36745389302572,9.23497915267944,4.9012967398733,0,3.90508879245551,8.62748914543463,3.11886521901242,3.94229169099227,6.41829132371479,0,0
9.47798987658309,0,22.962813464078,0,0,0,0,0,19.571586227417,0,3.12293782577016,0,0,0,0,0,0,0,45.8530731201172,0,2.74006748199463,0,4.11651214190892,0,3.19474445387375,0,0,0,7.7059513749303,0,3.57693451738205,0,0,0,3.03434117635091,3.16384132703145,3.33222127237771,5.5753129787571,0,0,0,0,13.5269184380435,0,37.2131462097168,0,39.4876314798991,8.18142804841738,2.95321424802144,18.1012187932445,0,0,0,0,8.81833553314209,0,3.92632324746586,0,29.7782135009766,0,0,0,0,0,0,5.43255601715109,0,4.5357534228598,0,0,0,5.3981292963028,0,3.12121214799002,0,0,0,3.38488438924154,0,4.38971930679444,6.73176524786252,3.41520819509451,3.91330424138547,0,9.29562673795791,0,0
0,0,0,0,0,0,0,0,0,0,0,0,0,0,0,0,0,0,22.2464355741228,0,0,0,0,0,0,0,0,0,0,0,0,0,0,0,0,3.40605602264404,2.8551504611969,0,0,0,12.9552662259056,9.5188686311989,0,0,0,6.0189616229856,0,11.1250166333752,10.6612650377308,5.26329304119263,0,0,0,0,0,0,0,0,0,0,0,0,0,0,0,0,0,0,0,0,0,0,0,0,5.32473063468933,14.1677799224854,0,0,5.71698387027223,17.3908251523972,0,0,17.5775813622908,0,6.59384467061585,9.68927248697432,0
37.4544145988696,0,23.2956413742184,0,0,0,0,0,47.9200885479267,0,0,0,0,0,0,0,37.6571613039289,0,29.2984466686415,0,0,0,0,0,0,0,0,0,0,0,0,0,0,0,0,5.26047497495599,6.52147643770242,0,0,12.9552662259056,0,44.3067855834961,19.0769892549235,43.8848266601562,15.4090740840609,0,8.76032347474196,5.53474385583767,14.831030619149,8.74199310592983,21.8933995564779,0,0,0,0,0,24.2880704235472,0,33.3569655870136,0,30.9434816572401,0,0,2.95396816730499,0,0,0,0,0,0,0,0,0,0,0,0,0,0,17.5031814575195,4.5164263999341,0,15.0151386260986,20.1642163946678,0,18.2814066280747,0,20.392828697382
29.5664672851562,3.22649712221963,0,0,0,0,0,0,0,4.00188136100769,0,0,0,0,0,0,27.2224192619324,0,13.0038878910232,0,0,0,0,0,0,0,0,0,0,0,0,0,0,0,0,0,0,0,0,9.5188686311989,44.3067855834961,0,6.97996841956829,6.78351752923958,0,6.90547524042751,31.5503425598145,10.717547416687,9.59624482817569,3.90920570703679,0,0,0,0,0,0,0,7.79535268932764,48.8298645019531,0,0,0,9.66861748695374,0,0,0,8.74366760253906,28.1581697463989,0,0,9.79857096256026,0,4.65572302115225,0,0,0,0,0,15.0088219152433,0,11.2307782173157,0,9.05814450219284,0,6.7020159760514,6.68722181089826,40.238655090332
26.7804539973098,0,26.600715233526,0,0,0,0,0,19.2161207955981,0,0,0,0,0,0,0,21.8072053147841,0,19.7624266753994,0,0,0,0,0,16.434597492218,0,0,0,0,0,0,0,0,0,0,0,0,0,13.5269184380435,0,19.0769892549235,6.97996841956829,0,23.8995041847229,13.7341399727197,0,15.7162501742482,16.6109237670898,23.3105952791924,32.2997016906738,31.981143951416,0,0,0,24.6614236831665,0,28.3328675819981,0,32.1719221604937,0,29.8820793151855,0,0,13.0323076248169,0,0,0,27.2228102684021,0,0,0,0,0,7.84257398562485,0,0,0,0,0,13.7279997092549,0,10.9476068769182,16.5057626225829,6.64208906888962,19.8873972223238,0,10.4810352499892
0,3.26299142837524,0,0,0,0,0,0,0,0,0,0,0,0,0,0,18.7232437133789,0,10.1184402394433,0,0,0,0,0,0,0,0,0,0,0,0,0,0,0,0,0,0,0,0,0,43.8848266601562,6.78351752923958,23.8995041847229,0,0,5.86148135206978,0,0,0,0,0,0,0,0,0,0,0,0,0,0,0,0,0,0,0,0,0,0,0,0,0,0,0,0,0,0,0,0,0,0,0,0,8.72669806395258,0,6.20766044427493,0,0
28.7626857757568,0,15.8267758233207,0,0,0,0,0,0,0,0,0,0,0,0,0,39.1691017150879,0,15.2897081896663,0,0,0,0,0,0,0,0,0,0,0,0,0,0,0,0,0,0,0,37.2131462097168,0,15.4090740840609,0,13.7341399727197,0,0,0,11.5662224573884,0,35.6757431030273,0,0,0,0,0,0,0,21.4674598905775,0,21.6826222068385,0,0,0,0,17.8644065856934,0,0,0,0,0,0,0,0,0,0,0,0,0,0,0,17.4676361083984,0,0,9.78620718654833,0,17.7430773922738,0,0
0,0,0,0,0,0,0,0,0,0,0,0,0,0,0,0,0,0,8.98242985635762,0,0,0,0,0,0,0,0,0,0,0,0,0,0,0,0,0,0,0,0,6.0189616229856,0,6.90547524042751,0,5.86148135206978,0,0,0,0,0,0,0,0,0,0,0,0,0,0,0,0,0,0,5.20301054545811,0,0,0,0,0,0,0,0,0,0,0,0,0,0,0,7.25282833965417,0,5.7077212183099,0,11.6410748833104,0,5.23691906078747,0,0
32.4555631695372,0,15.2615834730158,0,21.8856258392334,0,0,0,38.8672087533133,0,0,0,0,0,0,0,23.1557484436035,0,19.5628861327449,0,0,0,0,0,0,0,0,0,0,0,0,0,0,0,0,0,14.0336043039958,0,39.4876314798991,0,8.76032347474196,31.5503425598145,15.7162501742482,0,11.5662224573884,0,0,0,20.7307718685854,0,22.666024358649,0,0,0,20.7377020835876,0,20.2637721968064,0,21.3444395703929,0,20.7662408135154,0,0,12.7618701457977,0,0,0,0,0,0,0,0,0,27.5115807851156,0,0,0,0,0,7.45598827089582,0,28.4047056833903,17.3488193313916,0,14.9321572077526,0,23.4626216358609
18.5347480773926,0,0,0,0,0,0,0,0,0,0,0,0,0,0,0,0,0,0,0,0,0,0,0,14.1987600326538,0,0,0,0,0,0,5.80972015828134,6.18024639429464,8.62479736724982,6.34593571540093,4.987380379356,3.98262693720998,7.70015352327847,8.18142804841738,11.1250166333752,5.53474385583767,10.717547416687,16.6109237670898,0,0,0,0,0,6.36930249245931,8.4312008191224,0,0,0,0,0,0,0,0,0,0,0,0,0,0,0,0,0,15.1879715681076,0,0,0,0,0,0,9.91855829900125,8.72692544974305,8.07636971133096,8.46240392292247,12.5858831343008,8.76992312416786,10.064855282413,9.04395317929277,6.10280861473164,0,7.76160908845755,0,0
24.1425176461538,0,7.69800594117906,0,0,0,0,0,28.5233182907104,0,0,0,0,0,0,0,0,0,25.4616775512695,0,0,0,0,0,0,0,0,0,0,0,0,5.80774266740313,3.4675475358963,15.2855361880678,0,7.80747414967201,4.59480560322603,0,2.95321424802144,10.6612650377308,14.831030619149,9.59624482817569,23.3105952791924,0,35.6757431030273,0,20.7307718685854,6.36930249245931,0,7.79279900391432,0,0,0,0,0,0,15.2473243849618,0,26.4609972635905,0,4.58591559198168,0,0,0,0,2.77182728052139,0,5.06752494970957,0,9.03002160484954,0,11.8790846258644,0,12.1240081787109,12.4453425097775,6.42973497751597,0,5.99770309811547,14.1372170112072,7.55679247690284,0,7.06592852728707,9.65133941596974,0,16.7548677700701,0,0
0,4.25606077865318,0,3.32222304968019,0,0,0,0,0,3.58687877655029,0,0,0,0,0,0,0,0,0,0,0,8.77633226923196,0,3.29879612922668,25.1197872161865,0,0,0,0,0,0,4.24616022109985,7.13689438321374,0,11.7865055720011,2.73241651058197,3.772884077496,3.87834593502607,18.1012187932445,5.26329304119263,8.74199310592983,3.90920570703679,32.2997016906738,0,0,0,0,8.4312008191224,7.79279900391432,0,0,0,0,0,0,0,0,2.86818788165138,0,3.79636859893799,0,0,0,0,5.15856801180562,0,4.05059269368649,29.2711963653564,0,0,3.91948023881062,0,3.44598624441359,0,6.7592316031814,12.0458762866479,0,10.2408184051514,6.94200044957039,13.244592527143,4.33479963007873,19.2090967098872,4.48218925134032,0,4.96025475736492,0,0
0,0,3.8650879206196,0,3.33801054446424,0,3.46468778918771,0,0,0,0,0,0,0,0,0,0,0,0,0,10.0937722524007,0,0,0,0,0,0,0,0,0,0,0,0,0,0,0,14.984203338623,0,0,0,21.8933995564779,0,31.981143951416,0,0,0,22.666024358649,0,0,0,0,0,3.19600776634036,0,0,0,3.41355239607624,0,3.47599760158416,0,0,0,0,13.3915600983993,0,0,0,0,0,0,0,0,0,0,0,0,0,0,0,14.0270518172871,0,0,9.07851537243351,0,8.26522203452057,0,0
0,0,0,0,0,4.24112181738019,0,3.08698794222254,0,0,0,0,0,0,0,4.17938036712811,0,0,0,0,0,0,0,0,0,0,0,0,0,0,0,0,0,0,0,0,0,0,0,0,0,0,0,0,0,0,0,0,0,0,0,0,0,0,0,0,0,0,0,0,0,4.08649333446257,0,0,0,0,0,0,0,0,0,0,0,0,0,0,0,0,0,0,0,0,4.14311371267836,7.83642574884359,0,0,0
0,0,0,0,3.67060807773045,0,3.41509590471241,0,0,0,0,0,0,0,0,0,0,0,0,0,0,0,0,0,0,0,0,0,0,0,0,0,0,0,0,0,0,0,0,0,0,0,0,0,0,0,0,0,0,0,3.19600776634036,0,0,0,0,0,2.73294830322266,0,4.22256660461426,0,0,0,0,0,0,0,0,0,0,0,0,0,0,0,0,0,0,0,0,0,0,0,3.15213561058044,0,0,0,0
0,0,0,0,0,3.031316614151,0,3.68745347071007,0,0,0,0,0,0,0,0,0,0,0,0,0,0,0,0,0,0,0,0,0,0,0,0,0,0,0,0,0,0,0,0,0,0,0,0,0,0,0,0,0,0,0,0,0,0,0,0,0,0,0,0,0,0,0,0,0,0,0,0,0,0,0,0,0,0,0,0,0,0,0,0,0,0,4.73420100876715,9.96819495287808,0,0,0
3.8945741371591,0,5.44737920165062,0,4.05970206084075,0,0,0,4.11180350526435,0,0,0,0,0,0,0,0,0,0,0,0,0,0,0,0,0,0,0,0,0,0,0,0,0,0,0,0,0,8.81833553314209,0,0,0,24.6614236831665,0,0,0,20.7377020835876,0,0,0,0,0,0,0,0,0,0,0,0,0,3.5524421687265,0,0,0,0,0,0,3.43898508859717,0,0,0,0,0,0,0,0,0,0,0,0,0,8.63295936584473,6.3089822818493,5.33214357921055,15.5052281457025,0,0
0,4.00603479291395,0,3.31968640969062,0,0,0,0,0,3.01086635090584,0,0,0,0,0,0,0,0,0,0,0,0,0,0,0,0,0,0,0,0,0,0,0,0,0,0,0,0,0,0,0,0,0,0,0,0,0,0,0,0,0,0,0,0,0,0,0,0,0,0,0,0,0,0,0,0,2.85262392548954,0,0,0,0,0,0,0,0,0,0,0,0,0,0,0,3.96992238893866,4.47896841343711,2.7974592768229,0,0
7.57592250750615,0,6.00279775857925,0,5.92186069488525,0,2.87469461494022,0,0,0,3.26058566128766,0,3.15018650105125,0,0,0,0,0,29.5190445646948,0,3.34724877651473,0,0,0,0,0,0,0,0,0,4.19874995633176,0,0,0,0,0,16.7943331978538,0,3.92632324746586,0,24.2880704235472,0,28.3328675819981,0,21.4674598905775,0,20.2637721968064,0,15.2473243849618,0,3.41355239607624,0,2.73294830322266,0,0,0,0,0,3.05249204133686,0,2.95801410308251,0,0,8.9607225801511,0,0,0,0,0,0,0,0,0,3.85640347332518,0,0,0,0,0,12.6790335592676,0,5.93306341418972,18.9934345527932,0,15.4080301273414,0,0
0,0,0,0,0,0,0,3.60058801824396,0,0,0,3.05275205455977,0,0,0,0,0,0,0,3.75131714264018,0,0,0,0,0,0,0,0,0,2.87060675621033,0,0,0,0,0,0,0,3.73586256847028,0,0,0,7.79535268932764,0,0,0,0,0,0,0,2.86818788165138,0,0,0,0,0,0,0,0,0,2.77254532277584,0,2.93832521968418,3.83279809198881,0,0,0,0,0,0,0,3.93696271379789,0,3.74515409656344,0,0,0,0,0,0,0,0,0,3.14062844498616,3.39319836055194,4.23417185783386,0,0
12.952822804451,0,4.78513057197598,0,4.13446301161641,0,4.81421101823145,0,0,0,0,0,3.05141323052564,0,0,0,43.3899116516113,0,29.6008142743792,0,8.20243231455485,0,0,0,0,0,0,0,2.90512224494434,0,0,0,0,0,0,0,19.4449400901794,0,29.7782135009766,0,33.3569655870136,48.8298645019531,32.1719221604937,0,21.6826222068385,0,21.3444395703929,0,26.4609972635905,0,3.47599760158416,0,4.22256660461426,0,0,0,3.05249204133686,0,0,0,0,0,0,12.9202454346877,0,0,0,0,0,0,0,2.83973138148968,0,0,0,0,0,0,0,13.6796444112604,0,79.358154296875,5.06774207523891,3.78561894796048,18.3586448101011,0,0
0,3.87766020638602,0,2.91898567676544,0,0,0,2.85354454176767,0,0,0,4.62333784103394,0,2.98703190987123,0,2.94081809303977,0,0,0,0,0,0,0,0,0,0,0,0,0,0,0,0,0,0,0,0,0,0,0,0,0,0,0,0,0,0,0,0,0,3.79636859893799,0,0,0,0,0,0,0,2.77254532277584,0,0,0,2.80846883455912,0,0,0,0,0,0,0,0,0,0,0,0,0,0,0,0,0,0,0,0,3.38799400502141,5.06576376773216,0,0,0
6.60228215293451,0,4.67944701058524,0,0,0,0,0,6.1268482208252,0,0,0,0,0,0,0,0,0,29.4763832092285,0,0,0,0,0,0,0,0,0,0,0,0,0,0,0,0,0,0,0,0,0,30.9434816572401,0,29.8820793151855,0,0,0,20.7662408135154,0,4.58591559198168,0,0,0,0,0,3.5524421687265,0,2.95801410308251,0,0,0,0,0,0,0,0,0,0,0,0,0,0,0,0,0,0,0,0,0,0,0,0,0,25.6947975158691,0,11.8199958376689,0,0
0,3.60032057201161,0,2.92417865726683,0,5.94672265805696,0,0,0,3.14005810236759,0,0,0,0,0,3.76527724266052,0,3.70452819764614,0,0,0,0,0,0,0,0,0,0,0,0,0,0,0,0,0,0,0,0,0,0,0,0,0,0,0,0,0,0,0,0,0,4.08649333446257,0,0,0,0,0,2.93832521968418,0,2.80846883455912,0,0,0,0,0,0,0,0,0,0,0,0,0,0,0,0,0,0,0,0,0,0,4.01493174119057,4.56680262913661,0,0,0
0,0,0,0,0,0,0,0,0,0,0,3.07798731327057,0,0,0,0,0,0,0,3.16750050462702,0,0,0,0,0,0,0,0,0,0,0,0,0,0,0,4.12277428703454,0,3.53533404214042,0,0,0,9.66861748695374,0,0,0,5.20301054545811,0,0,0,0,0,0,0,0,0,0,0,3.83279809198881,0,0,0,0,0,0,0,0,0,0,0,0,0,0,0,0,0,0,0,0,0,0,2.96261143684387,0,3.55924052998826,0,5.41498178988695,9.2842710018158,0
0,0,8.57127740254273,0,8.77321468080793,0,0,0,0,0,3.02366649719977,0,0,0,0,0,0,0,26.1617066860199,0,3.41622983681764,0,0,0,0,0,0,0,0,0,0,0,0,0,0,0,4.73996114730835,0,0,0,2.95396816730499,0,13.0323076248169,0,17.8644065856934,0,12.7618701457977,0,0,0,13.3915600983993,0,0,0,0,0,8.9607225801511,0,12.9202454346877,0,0,0,0,0,0,0,0,0,0,0,0,0,0,0,0,0,0,0,0,4.403496279436,0,0,5.64301924109459,0,8.09597751064672,0,0
0,0,0,0,0,0,0,0,0,0,0,0,0,0,0,0,0,4.75876808166504,0,0,0,4.01924432933727,6.99326918632784,2.91238185763359,0,0,0,0,0,0,0,0,0,0,0,0,0,4.0637176487465,0,0,0,0,0,0,0,0,0,0,0,5.15856801180562,0,0,0,0,0,0,0,0,0,0,0,0,0,0,0,11.3363423310509,0,0,0,0,0,0,0,0,0,0,0,0,0,0,4.54798939387004,0,4.0071904990183,4.46027433094288,0,0,0
0,0,0,0,0,0,0,0,0,0,0,0,0,0,0,0,3.58857941627502,0,0,0,0,8.61610609764086,4.62465672326481,0,3.57139149308205,0,0,0,0,0,0,0,0,0,0,0,0,0,5.43255601715109,0,0,0,0,0,0,0,0,0,2.77182728052139,0,0,0,0,0,0,0,0,0,0,0,0,0,0,0,11.3363423310509,0,0,3.71010290901616,0,3.15136965751648,0,0,0,0,0,0,0,0,0,0,0,4.17455399774185,3.68993951739446,6.97343334136026,0,0,0
0,2.91126602687193,0,0,0,0,0,0,0,2.96273319537823,0,0,0,0,0,0,0,7.37557554244995,0,0,0,5.0260443687439,0,4.70420310714028,0,0,0,0,0,0,0,0,0,0,0,0,0,4.72391734278874,0,0,0,8.74366760253906,0,0,0,0,0,0,0,4.05059269368649,0,0,0,0,0,2.85262392548954,0,0,0,0,0,0,0,0,0,0,0,0,0,0,0,0,0,0,0,0,0,0,0,0,3.97623053816862,0,4.06246285887837,0,4.78067068286138,0,0
0,0,0,0,0,0,0,0,0,0,0,0,0,0,0,0,0,0,0,0,0,0,4.22731643227431,0,3.22612449681317,0,0,0,0,0,0,0,0,0,0,0,0,0,4.5357534228598,0,0,28.1581697463989,27.2228102684021,0,0,0,0,15.1879715681076,5.06752494970957,29.2711963653564,0,0,0,0,3.43898508859717,0,0,0,0,0,0,0,0,0,0,3.71010290901616,0,0,0,0,0,0,0,0,0,0,0,0,0,0,27.9259896278381,5.29700220773046,4.86288891094072,0,5.89114241532876,0,0
0,0,0,0,0,0,0,0,0,0,0,0,0,0,0,0,0,0,0,0,0,0,0,0,0,0,0,0,0,0,0,0,0,0,0,0,0,0,0,0,0,0,0,0,0,0,0,0,0,0,0,0,0,0,0,0,0,0,0,0,0,0,0,0,0,0,0,0,0,0,0,0,0,0,0,0,0,0,0,0,0,0,0,0,0,0,0
0,0,0,0,0,0,0,0,0,0,0,0,0,0,0,0,4.3928667477199,0,0,0,0,0,0,0,0,0,0,0,0,0,0,0,0,0,0,0,0,0,0,0,0,0,0,0,0,0,0,0,9.03002160484954,0,0,0,0,0,0,0,0,0,0,0,0,0,0,0,0,3.15136965751648,0,0,0,0,0,0,0,0,0,0,0,0,0,0,0,0,4.0437568500638,0,0,0,0
0,0,0,0,0,0,0,0,0,0,0,0,0,0,0,0,0,0,0,0,0,0,0,0,0,0,0,3.11141742978777,0,4.24841959135873,0,0,0,0,0,0,0,3.58458137512207,0,0,0,9.79857096256026,0,0,0,0,0,0,0,3.91948023881062,0,0,0,0,0,0,0,3.93696271379789,0,0,0,0,0,0,0,0,0,0,0,0,0,0,6.36578770553541,0,0,0,0,0,0,0,3.35864744221207,0,3.01064487727913,3.23343496024609,7.33302152872086,0,0
0,0,0,0,0,0,0,0,0,0,0,0,0,0,0,0,4.21435737609863,0,0,0,0,0,3.28378880023956,0,0,0,0,0,3.68024707882782,0,5.33612489088988,0,0,0,0,0,0,0,5.3981292963028,0,0,0,0,0,0,0,0,0,11.8790846258644,0,0,0,0,0,0,0,0,0,2.83973138148968,0,0,0,0,0,0,0,0,0,0,0,0,0,0,5.78550788870564,0,0,0,0,0,0,0,5.86358906261956,3.47849577379018,3.29702052400132,35.6681632995605,0,0
0,0,0,0,0,0,0,0,0,0,0,3.00986990994877,0,0,0,0,0,0,21.1497968037923,5.05126321315765,0,0,0,0,0,0,0,4.83804988861084,0,2.7375385761261,0,0,0,0,0,0,0,3.70951801421596,0,0,0,4.65572302115225,0,0,0,0,0,0,0,3.44598624441359,0,0,0,0,0,0,0,3.74515409656344,0,0,0,0,0,0,0,0,0,0,0,0,6.36578770553541,0,0,0,0,0,0,0,0,0,2.96136705875397,0,3.86619473731879,3.57136551539103,4.46810101820872,12.4086503982544,0
22.6604528427124,0,23.1007785797119,0,0,0,0,0,0,0,4.50725843429565,0,0,0,0,0,0,0,22.4737832490788,0,0,0,0,0,0,0,0,0,7.13207496404648,0,3.66813944055022,0,0,0,0,0,0,0,3.12121214799002,0,0,0,7.84257398562485,0,0,0,27.5115807851156,0,12.1240081787109,0,0,0,0,0,0,0,3.85640347332518,0,0,0,0,0,0,0,0,0,0,0,0,0,0,5.78550788870564,0,0,0,0,0,0,0,0,0,3.85704134878475,11.3583966255188,0,5.60083954187407,0,0
0,0,0,0,0,0,0,0,0,0,0,0,0,0,0,0,0,0,0,0,0,0,0,0,0,0,0,0,0,0,0,3.77211617445629,5.30667755871579,11.1398998136106,4.20522277695792,2.94887638092041,3.58886394781225,0,0,5.32473063468933,0,0,0,0,0,0,0,9.91855829900125,12.4453425097775,6.7592316031814,0,0,0,0,0,0,0,0,0,0,0,0,0,0,0,0,0,0,0,0,0,0,0,0,0,9.25220424280717,6.84925187092561,0,2.74412711461385,17.4184018770854,0,0,2.98389415513901,0,0,0,0
0,0,0,0,0,0,0,0,0,0,0,0,0,0,0,0,0,0,0,0,0,0,0,0,0,0,0,0,0,0,0,5.23770795384537,4.80927500981358,9.97033988104926,4.26132626003689,3.45887158072997,2.89439611434937,0,0,14.1677799224854,0,0,0,0,0,0,0,8.72692544974305,6.42973497751597,12.0458762866479,0,0,0,0,0,0,0,0,0,0,0,0,0,0,0,0,0,0,0,0,0,0,0,0,9.25220424280717,0,13.8154525756836,0,16.2470994433132,0,0,0,3.91131878072439,0,0,0,0
0,0,0,0,0,0,0,0,0,0,0,0,0,0,0,0,0,0,0,0,0,0,0,9.26083374023438,0,0,0,0,0,0,0,7.36004525939853,10.9361853400866,4.44092228738885,5.03672859526628,0,5.81403560550125,8.36745389302572,0,0,0,0,0,0,0,0,0,8.07636971133096,0,0,0,0,0,0,0,0,0,0,0,0,0,0,0,0,0,0,0,0,0,0,0,0,0,0,6.84925187092561,13.8154525756836,0,9.24386124177413,0,0,3.25645136391675,14.7266139984131,4.67528548836708,0,0,0,0
0,0,0,0,0,0,0,0,0,0,0,0,0,0,0,0,0,0,0,0,0,0,0,0,0,0,0,0,0,0,0,0,0,8.57847013087631,3.07630998558468,0,0,9.23497915267944,3.38488438924154,0,0,0,0,0,0,0,0,8.46240392292247,5.99770309811547,10.2408184051514,0,0,0,0,0,0,0,0,0,0,0,0,0,0,0,0,0,0,0,0,0,0,0,0,0,0,9.24386124177413,0,0,0,13.5515952706337,0,7.64356430371602,0,0,0,0
0,0,0,0,0,0,0,0,0,0,0,0,0,0,0,0,0,0,30.0754203796387,3.56650066375732,0,0,0,0,0,0,0,0,0,0,0,3.5844523181086,8.6282267999649,2.73779455820719,0,3.30284391667206,3.75020290151373,4.9012967398733,0,5.71698387027223,17.5031814575195,15.0088219152433,0,0,0,7.25282833965417,0,12.5858831343008,14.1372170112072,6.94200044957039,0,0,0,0,0,0,0,0,0,0,0,0,0,0,0,0,0,0,0,0,0,0,0,0,2.74412711461385,16.2470994433132,0,0,0,6.5776366828075,5.73065062781065,0,3.42702123208941,3.95031316299026,8.49143689081702,10.3733135461807,0
0,0,8.81387983086991,0,8.54220926761627,0,0,0,0,0,0,0,0,0,0,0,36.7881164550781,0,31.8619815237154,0,3.37448144491824,0,0,0,0,0,0,0,0,0,0,6.27220715162082,3.31501976212302,0,0,4.07030822955178,3.41556724664642,0,4.38971930679444,17.3908251523972,4.5164263999341,0,13.7279997092549,0,17.4676361083984,0,7.45598827089582,8.76992312416786,7.55679247690284,13.244592527143,14.0270518172871,0,0,0,0,0,12.6790335592676,0,13.6796444112604,0,0,0,0,4.403496279436,0,0,0,0,0,0,0,0,0,0,17.4184018770854,0,0,0,6.5776366828075,0,0,4.18797192130094,4.10829158959949,3.53917387872934,9.23186502250465,0,14.3370246887207
0,0,0,0,0,0,0,0,0,0,0,3.36901569366455,0,0,0,0,0,0,0,0,0,4.41779203616565,0,5.76068083819221,0,0,0,0,0,0,0,0,0,4.708284173951,10.6515126109864,4.23717432198503,4.85328245162964,3.90508879245551,6.73176524786252,0,0,11.2307782173157,0,0,0,5.7077212183099,0,10.064855282413,0,4.33479963007873,0,0,0,0,0,0,0,0,0,0,0,0,2.96261143684387,0,4.54798939387004,0,3.97623053816862,27.9259896278381,0,0,3.35864744221207,0,2.96136705875397,0,0,0,3.25645136391675,13.5515952706337,5.73065062781065,0,0,11.8310922046877,3.54474071841068,3.09221311410268,4.18211394836718,10.9195594787598,0
8.23777627944946,0,0,0,0,0,0,0,20.614631652832,0,4.97852831568037,0,0,0,0,0,0,0,24.0945990542148,0,5.26099991798401,0,0,0,0,0,0,0,7.92444810813124,0,6.54773081360708,0,0,12.0009183883667,2.84201449155807,0,3.61984081767701,8.62748914543463,3.41520819509451,0,15.0151386260986,0,10.9476068769182,0,0,0,28.4047056833903,9.04395317929277,7.06592852728707,19.2090967098872,0,0,0,0,8.63295936584473,0,5.93306341418972,0,79.358154296875,0,0,0,0,0,0,4.17455399774185,0,5.29700220773046,0,0,0,5.86358906261956,0,3.85704134878475,0,0,14.7266139984131,0,0,4.18797192130094,11.8310922046877,0,3.85494439352126,0,7.08489253906288,0,0
6.41465248196052,3.7857817218716,12.4767366777552,3.59968741343055,5.46203230270723,3.86384156344723,0,4.08146850268046,5.27397337553951,4.14621951141291,0,3.01274752739148,2.9862151268201,3.31908259061491,4.29591004247588,4.47349297086182,4.9690126012763,5.70699003659782,8.53711838878904,2.95563688904348,3.87059963207978,3.90920248750566,3.54488259569762,4.33387666293817,3.29975894202105,7.14938807487488,3.43589493798254,3.86618808237893,3.40516336137715,3.32967935940799,0,2.89649516198693,2.94665171702703,3.84607921242714,3.91602686828383,3.72330305629088,4.64314829519425,3.11886521901242,3.91330424138547,17.5775813622908,20.1642163946678,9.05814450219284,16.5057626225829,8.72669806395258,9.78620718654833,11.6410748833104,17.3488193313916,6.10280861473164,9.65133941596974,4.48218925134032,9.07851537243351,4.14311371267836,3.15213561058044,4.73420100876715,6.3089822818493,3.96992238893866,18.9934345527932,3.14062844498616,5.06774207523891,3.38799400502141,25.6947975158691,4.01493174119057,3.55924052998826,5.64301924109459,4.0071904990183,3.68993951739446,4.06246285887837,4.86288891094072,0,4.0437568500638,3.01064487727913,3.47849577379018,3.86619473731879,11.3583966255188,2.98389415513901,3.91131878072439,4.67528548836708,7.64356430371602,3.42702123208941,4.10829158959949,3.54474071841068,3.85494439352126,0,4.97713327420413,11.6453494886047,5.03365226984024,21.9661392078065
11.7133719062805,5.89972463995218,12.8634897338019,0,4.04237038527078,5.92049860067146,0,7.40288240259344,5.33274495822412,4.70759797416134,0,3.27010842451115,3.40511722166103,4.12735396235954,4.25532448856938,4.00061004142151,6.43810431562573,6.81888298121366,8.11382622654374,0,0,4.51396433983168,4.81734816556497,0,2.94312540690104,0,0,3.30921578017502,3.81967145949602,3.08135461807251,0,0,0,0,0,5.00034020700183,4.53506730820379,3.94229169099227,0,0,0,0,6.64208906888962,0,0,0,0,0,0,0,0,7.83642574884359,0,9.96819495287808,5.33214357921055,4.47896841343711,0,3.39319836055194,3.78561894796048,5.06576376773216,0,4.56680262913661,0,0,4.46027433094288,6.97343334136026,0,0,0,0,3.23343496024609,3.29702052400132,3.57136551539103,0,0,0,0,0,3.95031316299026,3.53917387872934,3.09221311410268,0,4.97713327420413,0,14.9476528167725,0,0
7.89951712562775,2.89832832491732,13.6275627186575,0,6.07889392675943,0,0,0,14.435305315095,3.00585625285194,4.81935501098633,3.19693327903748,0,0,0,0,19.6255606032432,0,17.0238287086571,2.90236914157867,3.44443722963333,0,0,5.47771835327148,0,0,0,0,0,0,0,0,0,0,0,4.07781035598667,5.07211088167655,6.41829132371479,9.29562673795791,6.59384467061585,18.2814066280747,6.7020159760514,19.8873972223238,6.20766044427493,17.7430773922738,5.23691906078747,14.9321572077526,7.76160908845755,16.7548677700701,4.96025475736492,8.26522203452057,0,0,0,15.5052281457025,2.7974592768229,15.4080301273414,4.23417185783386,18.3586448101011,0,11.8199958376689,0,5.41498178988695,8.09597751064672,0,0,4.78067068286138,5.89114241532876,0,0,7.33302152872086,35.6681632995605,4.46810101820872,5.60083954187407,0,0,0,0,8.49143689081702,9.23186502250465,4.18211394836718,7.08489253906288,11.6453494886047,14.9476528167725,0,7.3497919850998,15.7663196155003
0,0,0,0,0,0,0,0,0,0,0,0,0,0,0,0,0,0,6.47740168622929,0,0,0,0,0,0,0,0,0,0,0,0,0,0,0,0,0,0,0,0,9.68927248697432,0,6.68722181089826,0,0,0,0,0,0,0,0,0,0,0,0,0,0,0,0,0,0,0,0,9.2842710018158,0,0,0,0,0,0,0,0,0,12.4086503982544,0,0,0,0,0,10.3733135461807,0,10.9195594787598,0,5.03365226984024,0,7.3497919850998,0,0
33.194149017334,0,0,0,0,0,0,0,0,0,0,0,0,0,0,0,21.2411914238563,0,20.3233807296853,0,0,0,0,0,0,0,0,0,0,0,0,0,0,0,0,0,0,0,0,0,20.392828697382,40.238655090332,10.4810352499892,0,0,0,23.4626216358609,0,0,0,0,0,0,0,0,0,0,0,0,0,0,0,0,0,0,0,0,0,0,0,0,0,0,0,0,0,0,0,0,14.3370246887207,0,0,21.9661392078065,0,15.7663196155003,0,0
