0,0,0.000267867224207352,0,0,0,0,0,0.00167497918068505,0,0,0,0,0,0,0,2.65127553237525e-05,3.5731756841661e-05,0.00538357859889952,0,0.000408939212243343,0,0,0,0,0,0,0,0,0,0,0,0,0,0,0,0,0,2.13060510718503e-05,0,0,0,0.00194205881929683,0,0,4.90656253227035e-05,0.000845100282906283,1.75544789108215e-05,0.00276410137273374,0,0,0,0,0,0.0200675455005256,0,0.00038411151681767,0,0.000139998622595173,0,0.015730008850485,0,0,0,0,0,0,0,0,0,0,0,0,0.000899136367456635,0,0,0,0,0,0,0,7.36523750406232e-06,0.000546681612336212,0,0.000800624423881186,0,0
0,0,0,0.000683212868641816,0,0,0,0,0,0.00351781589241276,0,0,0,0,0,0,0,0,0,0,0,0,0,0,0,0,0,0,0,0,0,0,0,0,0,0,0,0,0,0,0,0.00190205023582766,0,0,0,0,0,0,0,0.00108400660852861,0,0,0,0,0,0.0319886514192389,0,0,0,0,0,0,0,0,0,0,0,0,0,0,0,0,0,0,0,0,0,0,0,0,1.77448976741296e-05,0,0,0,5.00805959123161e-05,0,0
0.000267867224207352,0,0,0,0.00231864819410271,0,0,0,0.00637308524059888,0,1.79279058930579e-05,0,0,0,0,0,4.44050314404745e-05,0,0.00180413484701058,0,0.00112740976158907,0,0,0,0,0,0,0,0,0,0,0,0,0,0,0,0,0,0,0,0,0,0.00112545726431029,0,0,0,0.000249296619833487,0,0.00477204453985958,0,0.0053123402298819,0,0,0,0.0118595907588149,0,0.00418613453658023,0,0.00295074439391444,0,0.00181111917199447,0,0,0.000164137344057749,0,0,0,0,0,0,0,1.96779200552293e-05,0,0.00308190827778245,0,0,0,0,0,0,0,8.41866303928531e-05,0.000404561286156863,0,0.0198026774230046,0,0.0007583432988717
0,0.000683212868641816,0,0,0,0.000236183273955248,0,0,0,0,0,0,0,0,0,0,0,0,0.000628420855111917,0,0,0,0,0,0,0,0,0,0,0,0,0,0,0,0,0,0,0,0,0,0,0.00906374609225676,0,0.0020806192700096,0,0.000306065034841144,0,0,0,0.0106210023193463,0,0,0,0,0,0.0604731720341297,0,0.00860225660811014,0,0.00905398064375778,0,0.0432477566575293,0.00147374070088737,0,0,0,0,0,0,0,0,0,0.00119162498026694,0,0,0,0,0,0,0,6.2322460611897e-05,0,0.00107786039669125,2.76446575143556e-05,0.0267712927169568,0.000192947305169025,0
0,0,0.00231864819410271,0,0,0,0.000326420688211893,0,0.000502163428873527,0,0,0,0,0,0,0,0,0,0,0,0.0104717053198687,0,0,0,0,0,0,0,0,0,0,0,0,0,0,0,0,0,0,0,0,0,0,0,0,0,0,0,0,0,0.019587558323823,0,0,0,0.00733781299310752,0,0,0,0,0,0,0,0,0.000115617207766126,0,0,0,0,0,0,0,0,0,0,0,0,0,0,0,0,0,0,0.000404262922850137,0,0.00360349285233323,0,0
0,0,0,0.000236183273955248,0,0,0,0.00136718405564402,0,0,0,0,0,0,0,0.00237623858399778,0,0,0,0.0120662588886025,0,0,0,0,0,0,0,0,0,0,0,0,0,0,0,2.13950037739549e-05,0,0,0,0,0,0,0,0,0,0,0,0,0,0,0,0.0281494519843653,0,0,0,0.00296034416192734,0,5.14519942090425e-05,0,4.28219834753499e-05,0,0.00043109553563419,0.00785524439532178,0,0,0,0,0,0,0,0,0,0,0,0,0,0,0,0.000141222822507716,0,0,0,0.000196293781967927,3.70320879604561e-05,2.92725086816724e-05,0,0
0,0,0,0,0.000326420688211893,0,0,0,0,0,0.00235380868729578,0,0,0,0,0,0,0,0,0,0,0,0,0,0,0,0,0,0,0,0,0,0,0,0,0,4.69287167436296e-05,0,0,0,0,0,0,0,0,0,0,0,0,0,0.00201789899485058,0,0.0332676357192827,0,0,0,0.0064159438517517,0,0.000209657236107039,0,0,0,0,0,0,0,0,0,0,0,0,0,0,0,0,0,0,0,0,0.0002556015738842,0,0,1.27043877601725e-05,0,0,0,0
0,0,0,0,0,0.00136718405564402,0,0,0,0,0,0.000633088657015057,0,0.000871727797667326,0,0,0,0,0,0,0,0,0,0,0,0,0,0,0,0,0,0,0,0,0,0.000166454182955383,0,0,0,0,0,0,0,0,0,0,0,0,0,0,0,0.00246271294958244,0,0.0253424503523697,0,0,0,0.00656319171003874,0,0.0105569966525121,0,0,0.000470733731663577,0,0,0,0,0,0,0,0,0,0,0,0,0,0,0,0,0,0,0,0,0,2.01848158277529e-05,0,0
0.00167497918068505,0,0.00637308524059888,0,0.000502163428873527,0,0,0,0,0,0,0,0,0,0.00390190373333518,0,0.00234940107704585,4.27765754092999e-05,0,0,0,0,0,0,9.34998915064836e-05,0,0,0,0,0,0,0,0,0,0,0,0,0,0,0,0,0,0.000197573338453139,0,0,0,0,0,0,0,0,0,0,0,0.0326462331594431,0,0,0,0,0,0.0145201477136935,0,0,0,0,0,0,0,0,0,0,0,0,0,0,0,0,0,0,0,0,0,0.000631705453193353,0.000263456058454864,0,0,0.000262822387701089
0,0.00351781589241276,0,0,0,0,0,0,0,0,0,0,0,0,0,0.00430081410061278,0,0,0,0,0,0,0,0,0,0,0,0,0,0,0,0,0,0,0,0,0,0,0,0,0,0.000101343012837026,0,0,0,0,0,0,0,0.000306711092977758,0,0,0,0,0,0.00616855575898061,0,0,0,0,0,0.00284565657258974,0,0,0,0,0,0,0,0,0,0,0,0,0,0,0,0,0,0,0,0,0.000466371733536027,0.000117242388269252,0,0,0
0,0,1.79279058930579e-05,0,0,0,0.00235380868729578,0,0,0,0,0,0.009726996832773,0,0,0,6.64388296065009e-06,0,1.27863809151099e-05,0,0.00425856074851966,0,0,0,0,0,0,0,0,0,0.00197938439123071,0,0,0,0,0,0.00238960173552115,0,0.0058616676387027,0,0,0,9.69384644722189e-05,0,0,0,9.67925301466575e-05,0,2.09626107071895e-05,0,0.000629960593909755,0,0.00038015752455438,0,0,0,0.103361271019057,0,0.00828543160436732,0,0,0,0,0.00266189527263224,0,0,0,0,0,0,0,0,0,0.0177714002322048,0,0,0,0,0,0.000258532208619317,0,0.000551490856152875,0.000373861844235922,0,0.000496204801424285,0,0
0,0,0,0,0,0,0,0.000633088657015057,0,0,0,0,0,0.0218973569606044,0,0,0,0,0,0.0187915570727589,0,0,0,0,0,0,0,0.000719028834992121,0,0.0150433528748762,0,0,0,0,0,0.000755843044552177,0,0.0101396045012955,0,0,0,0,0,0,0,0.000506745605098527,0,0,0,0,0,0,0,0.00202406819705359,0,0,0,0.174826269520703,0,0.00469326817667361,0,0,0.0180519614027941,0,0,0,0,0,0,0,9.90437210028749e-05,0,0.0221076341711664,0,0,0,0,0,0,0,0.00186860683052812,0,0.000841689397562794,0,0.00142198932012857,0,0
0,0,0,0,0,0,0,0,0,0,0.009726996832773,0,0,0,0,0,0,0,0,0,0,0,0,0,0,0,0,0,0,0,0,0,0,0,0,0,0,0,0,0,0,0,0,0,0,0,0,0,0,0,0,0,0,0,0,0,0.00218919209850557,0,0.0151564143433063,0,0,0,0,0,0,0,0,0,0,0,0,0,0,0,0,0,0,0,0,0,0,0,0.00022204807755863,0.00036226923572814,0,0,0
0,0,0,0,0,0,0,0.000871727797667326,0,0,0,0.0218973569606044,0,0,0,0,0,0,0,0,0,0,0,0,0,0,0,0.000236313182957033,0,0.000771249882976915,0,0,0,0,0,0,0,0,0,0,0,0,0,0,0,0,0,0,0,0,0,0,0,0,0,0,0,0.000405683400498302,0,0.0184373298829477,0,0.000375737849878896,0,0,0,0,0,0,0,0,0.0019670060800946,0,0,0,0,0,0,0,0,0,0,0,0.000159096131270095,0.000182038197861855,0,0,0
0,0,0,0,0,0,0,0,0.00390190373333518,0,0,0,0,0,0,0,0.00200189811418956,3.18516672932533e-05,0,0,0,0,0,0,0,0,0,0,0,0,0,0,0,0,0,0,0,0,0,0,0,0,0.000424039140457952,0,0,0,0,0,0,0,0,0,0,0,0.00100284936020029,0,0,0,0,0,0.0265184254383455,0,0,0,0,0,0,0,0,0,0,0,0,0,0,0,0,0,0,0,0,0,0.000309514670904989,0.000246882416181521,0,0,0
0,0,0,0,0,0.00237623858399778,0,0,0,0.00430081410061278,0,0,0,0,0,0,0,0,0,0,0,0,0,0,0,0,0,0,0,0,0,0,0,0,0,0,0,0,0,0,0,0,0,0,0,0,0,0,0,0,0,0.0044767834450596,0,0,0,0.0113375954648062,0,0,0,2.49375719260435e-05,0,0.00225836272470694,0,0,0,0,0,0,0,0,0,0,0,0,0,0,0,0,0,0,0,0,0,0,0,0,0
2.65127553237525e-05,0,4.44050314404745e-05,0,0,0,0,0,0.00234940107704585,0,6.64388296065009e-06,0,0,0,0.00200189811418956,0,0,0.0517620175529983,0.0432714613073657,0,0.000346980060564285,0,0.00046227100584754,0.000440313767155847,0.000328424604574357,0,0.0149245921547772,0,0.000215734966486398,0,0,0,0,0,0,0,0,0,0,0,0,0.000625031543890395,0.00338953678236692,0.00070759598694609,0.00273599631453712,0.00142440999670359,0.00225616726989071,8.49397775817332e-05,5.16875879201409e-05,0,0,0,0,0,0.000249635431762957,0,0.000475357622813499,3.40400697197007e-05,0,0,1.65648956049592e-05,0,0,0.000105799308885514,0,7.28922474559746e-05,0.000291260632753603,0,9.24059759409751e-06,0.00508641986660434,0,0,0.00013580053163345,0.000901477940699792,0,0,0,0,0,0,3.92993287963754e-05,8.08104581198167e-05,0.0226762939876518,8.17505090814639e-06,0.00991624226621848,0.000597715560815241,0.00266826372104111
3.5731756841661e-05,0,0,0,0,0,0,0,4.27765754092999e-05,0,0,0,0,0,3.18516672932533e-05,0,0.0517620175529983,0,0.0553263715599281,0,0,0.000809955242473021,0,0.00701965247076491,0,0.00426738765106778,8.19492441271348e-05,0,0,0,0,0,0,0,0,0,0,0.000115139295644723,0,0,0,0.00247117513831668,0.000176461576907762,0.00162711016173838,0.000651931764834195,0.0020329246699313,0.000753121761714463,0,8.39060186030982e-05,0.000204685551433456,0,0,0,0,0,0,0,0.000199296315744001,0,0,0,5.33976319809981e-06,0,0,0.00061692102656136,0,0.000866060405222266,0,0.00882924782936085,5.28688964190963e-05,0,0,0.000612841717200083,7.7948082539761e-06,0,0,0,0,2.6938898322275e-06,0,0.000212508612196231,0,0.0130120770993433,0.000712277529026805,0.00568951424810989,0.00217445676787427,6.61660577314958e-05
0.00538357859889952,0,0.00180413484701058,0.000628420855111917,0,0,0,0,0,0,1.27863809151099e-05,0,0,0,0,0,0.0432714613073657,0.0553263715599281,0,4.43507740450376e-05,0.000945220051549753,0,0,0.000822399156231178,0,0.000331994344725868,0.000184085717977629,0,0,0,1.26031454158887e-05,0,0,0,0,0,0,2.13350278503743e-05,1.61662958037712e-05,4.69754954988428e-05,0,0.0295931975572812,0.0148105056445988,0.0368641497485418,0.0202822531660154,0.0548619573196617,0.0246148093096293,0,0.00399308126949413,0.000420672199964456,0,0,0,0,0.000174282316999751,0,0.00172683184286479,0.0015259036124887,0,3.81733871318568e-05,0,0.000119836253222655,0.000176520382551451,0.000492175552441846,0,4.2180405548232e-06,0,0,0.000324815589515368,0.000165671020275659,0,0,0.00397576131779959,0.00397696287963184,0,0,0,0,0,0,0.00103412219368084,0.000253219277120062,0.00716775183881103,6.92642831637076e-05,0.105578459725547,0.0241343785424427,0.0107175436347557
0,0,0,0,0,0.0120662588886025,0,0,0,0,0,0.0187915570727589,0,0,0,0,0,0,4.43507740450376e-05,0,0,0,0,0,0,0,0,0,0,0,0,0,0,0,0,0.00360059826088103,0,0.00216475410295599,0,0,0,0,0,0,0,0.00243364548563388,0,0,0,0,0,0.0122879618889512,0,0,0,0,0,0.00545876495687065,0,0,0,0,0.0874236894630425,0,0,0,0,0,0,0,0,0,0.00127794336333158,0,0,0,0,0,0.00491214308380524,0,0.00013204344448744,0,0.000151088844872556,2.17154291535341e-05,0.00215337051903446,0,0
0.000408939212243343,0,0.00112740976158907,0,0.0104717053198687,0,0,0,0,0,0.00425856074851966,0,0,0,0,0,0.000346980060564285,0,0.000945220051549753,0,0,0,0,0,0,0,0,0,0,0,0,0,0,0,0,0,0.0076975531234534,0,3.21426000348372e-05,0,0,0,0.000687430853964568,0,0,0,0.00351389362155168,0,0.000176456881179397,0,0.0137457205079939,0,0.00296529278859138,0,3.62277970374287e-05,0,0.00512110629518232,0,1.79296370281198e-05,0,0.000107733486096253,0,0,0.168221700308391,0,0,0,0,0,0,0,0,0,0.000990805850257515,0,0,0,0,0,0.00661837186355111,0,0,0.00156485561412343,0,0.00668022568903844,0,0.000434060233326625
0,0,0,0,0,0,0,0,0,0,0,0,0,0,0,0,0,0.000809955242473021,0,0,0,0,0.000318521838045816,0.00303176462432278,0,0,0,0.000258847287254139,0,0,0,0,0,0,0,0,0,0.00671454625789298,0.000277219483115307,0,0,0,0,0,0,0,0,0,0,0.0015128117996992,0,0,0,0,0,0,0,0,0,0,0,0,0,0,0.0575949426828119,0,0.000389720486188776,0,0,0,0.000364659526657613,0,0,0,0,0,0,0,0,0,0.00280609441602149,2.65689784046041e-05,0.00106340586919242,0,0,0,0
0,0,0,0,0,0,0,0,0,0,0,0,0,0,0,0,0.00046227100584754,0,0,0,0,0.000318521838045816,0,0,0.00182813524243761,0,0,0,0.00126352114337304,0,0,0,0,0,0,0,0,8.36323849455109e-06,0.00348522501120861,0,0,0,0.000337732752743741,0,0,0,0,0.000191974888250791,9.0358700325744e-05,0,0,0,0,0,0,0,0,0,0,0,0,0,0,0,0,0.0394444611669946,0,0.000159213749608189,0,0.000453842797149356,0,0.00310064802126694,0,0,0,0,0,0,0,0,0,0.0036361578765013,0.000345381654057412,0,0.000417086483665253,0,0
0,0,0,0,0,0,0,0,0,0,0,0,0,0,0,0,0.000440313767155847,0.00701965247076491,0.000822399156231178,0,0,0.00303176462432278,0,0,0,0.000140713214596683,0,0,0,0,0,0,0,0,0,0,0,0.00170810246422725,0,0,0,0.000156727391186596,0,0,0,0,0,0,0,0,0,0,0,0,0,0,0,0,0,0,0,0,0,0,0.00140436755678115,0,0.0604538061270579,0,0.00202468574608699,0,0,0,0,0,0,0,0,0,0,0,0.000318405994957213,0,0.00207385906920325,0,0.00291876096017065,0,0
0,0,0,0,0,0,0,0,9.34998915064836e-05,0,0,0,0,0,0,0,0.000328424604574357,0,0,0,0,0,0.00182813524243761,0,0,0,0.00177516899837969,0,0,0,0,0,0,0,0,0,0,0,0.00162389367348159,0,0,0,0.00338943564835259,0,0,0,0,0.00189745168560642,0.00297859852306157,0,0,0,0,0,0,0,0,0,0,0,0,0,0,0,0,0,0,0.0124364722452122,0,0.00740861923262545,0,0,0,0,0,0,0,0,0,0,0,8.81603320255619e-05,0.00017968815565486,3.09863948689374e-06,0.000683074144919789,0,0
0,0,0,0,0,0,0,0,0,0,0,0,0,0,0,0,0,0.00426738765106778,0.000331994344725868,0,0,0,0,0.000140713214596683,0,0,0,0,0,0,0,0,0,0,0,0,0,0,0,0,0,0,0,0,0,0,0,0,0,0.000300426508085604,0,0,0,0,0,0,0,0,0,0.000111591075443772,0,9.85568356853697e-05,0,0,0,0,0.016430109401869,0,0.0249772145948592,0,0,0,0,0,0,0,0,0,0,0,0,0,0.000134022141808802,0,0,0,0
0,0,0,0,0,0,0,0,0,0,0,0,0,0,0,0,0.0149245921547772,8.19492441271348e-05,0.000184085717977629,0,0,0,0,0,0.00177516899837969,0,0,0,0.000142391153801869,0,0,0,0,0,0,0,0,0,0,0,0,0,0,0,0,0,0,0,0,0,0,0,0,0,0,0,0,0,0,0,0.00341813914946909,0,0,0,0,0,0,0.000251351011684164,0,0.00198084263681172,0,0.00510267430914541,0,0,0,0,0,0,0,0,0,0,0.000633218359288947,0,0,0,0
0,0,0,0,0,0,0,0,0,0,0,0.000719028834992121,0,0.000236313182957033,0,0,0,0,0,0,0,0.000258847287254139,0,0,0,0,0,0,0,0.0105191720727847,0,0,0,0,0,0,0,8.14908688775129e-05,0,0,0,0,0,0,0,0,0,0,0,0,0,0,0,0,0,0,0,0,0,4.21114673372358e-05,0,0,0,0,0,0,0,0,0.000244842987740412,0,0.0308863944772817,0,0.00217302377580039,0,0,0,0,0,0,0,4.68585178218747e-05,0,0,0,0,0,0
0,0,0,0,0,0,0,0,0,0,0,0,0,0,0,0,0.000215734966486398,0,0,0,0,0,0.00126352114337304,0,0,0,0.000142391153801869,0,0,0,0.000186619385203812,0,0,0,0,0,0,0,5.16948716253241e-05,0,0,0,0,0,0,0,0,0,0,0,0,0,0,0,0,0,0,0,0.000145769433270451,0,0,0,0,0,0,2.68979893007781e-05,0,0,0,0,0,0.0376882981660987,0,0.0023507638379903,0,0,0,0,0,0,0,0.00295534203111262,5.88519457884085e-05,0,0,0,0
0,0,0,0,0,0,0,0,0,0,0,0.0150433528748762,0,0.000771249882976915,0,0,0,0,0,0,0,0,0,0,0,0,0,0.0105191720727847,0,0,0,0,0,0,0,0,0,0.00282531102498858,0,0,0,0,0,0,0,0,0,0,0,0,0,0,0,0,0,0,0,0.0102223460145427,0,0,0,0,4.14546980951303e-05,0,0,0,0,0,0,0,0,0,0.0763768039432476,0,0,0,0,0,0,0,0.00034758652212506,0,5.11395182911656e-06,0,8.40228233098424e-06,0,0
0,0,0,0,0,0,0,0,0,0,0.00197938439123071,0,0,0,0,0,0,0,1.26031454158887e-05,0,0,0,0,0,0,0,0,0,0.000186619385203812,0,0,0,0,0,0,0,0,0,0.00133142716408518,0,0,0,6.15545194248696e-05,0,0,0,7.11793989773141e-05,0,0,0,0,0,0,0,0,0,0.0046958055754073,0,0,0,0,0,0,0.000484079518875724,0,0,0,0,0,0,0,6.37856792309321e-05,0,0.0680039063585029,0,0,0,0,0,0,0,0.00085594011244247,0.000193045369370383,0,3.11405595592731e-05,0,0.000471003712071448
0,0,0,0,0,0,0,0,0,0,0,0,0,0,0,0,0,0,0,0,0,0,0,0,0,0,0,0,0,0,0,0,0.0471064160076521,0.00426592068533667,0,0.00350059909671706,0.000929459642608358,0,0,0,0,0,0,0,0,1.98008031788946e-05,0,0.0865594370452898,0.000552157129536009,0,0,0,0,0,0,0,0,0,0,0,0,0,2.24352523244872e-05,0,0,0,0,0,0,0,0,0,0,0,0.094782718251791,0.00536628898064073,0.00166389675921618,0.000998022423361462,0.003409696050912,0.00164505676664036,0,0,0.000820246001404382,0,0.000113568731060065,0,0
0,0,0,0,0,0,0,0,0,0,0,0,0,0,0,0,0,0,0,0,0,0,0,0,0,0,0,0,0,0,0,0.0471064160076521,0,0,0.0017305729737151,4.20921013764245e-05,0.00337912154289767,0,0,0,0,0,0,0,0,0,0,0.0229172362844267,0,0,0,0,0,0,0,0,0,0,0,0,0,0,0,0,0,0,0,0,0,0,0,0,0,0,0.00183032063409805,0.0837065255367822,0,0.00293196811887563,3.08745247424461e-05,0.00559447849260515,0,0,6.08915952627094e-05,0,0,0,0
0,0,0,0,0,0,0,0,0,0,0,0,0,0,0,0,0,0,0,0,0,0,0,0,0,0,0,0,0,0,0,0.00426592068533667,0,0,0.0536653277699182,0.000755994082614214,0,0.00227962674282258,9.14533675059969e-05,0,0,5.58551541154015e-05,0.000140737767862207,0,0,0,0,0.0815518909569191,0.000259211328729482,0,0,0,0,0,0,0,5.29819413509885e-05,0,0,0,0,0,0,0,0,0,0,0,0,0,0,8.95370097250847e-05,0,0.000192273093945484,0.00568271622902658,0.000516558790815864,0.173607107735348,0.117316408830397,0.000286154494958528,0,0.00257396399461861,0.00015990783642875,0.000744372096154837,0,0.000159980368516668,0,0
0,0,0,0,0,0,0,0,0,0,0,0,0,0,0,0,0,0,0,0,0,0,0,0,0,0,0,0,0,0,0,0,0.0017305729737151,0.0536653277699182,0,0,0.00359035151984251,4.7425807659335e-05,0.00548157060431414,0,0,0,0,0,0,0,0,0.039629298252284,1.87927213576955e-05,0,0,0,0,0,0,0,2.13865884531996e-05,0,1.47435920377078e-05,0,0,0,0,0,0,0,0,0,0,0,0,7.20680287033617e-05,0,0.000200299007407515,0,0.00494583172642627,0.0242960317245316,0.1256722401059,7.50732399306449e-06,0.00161869648356898,0,0.00340327507561636,0.00117256765280111,0.000197827421665796,4.45793033797769e-05,0,0
0,0,0,0,0,2.13950037739549e-05,0,0.000166454182955383,0,0,0,0.000755843044552177,0,0,0,0,0,0,0,0.00360059826088103,0,0,0,0,0,0,0,0,0,0,0,0.00350059909671706,4.20921013764245e-05,0.000755994082614214,0,0,0.0014779666314354,0.00947405905588186,0,0,0,0,0,0,0,0.000192539272209477,0,0,0.000188787385522756,0.000913521166984446,0,0,0,0,0,0,0,0.000545905086750823,0,0,0,0,0.0017396890409443,4.13540200998314e-05,0,0,0,0,0,0,0,0,0,0,0.0048546141668977,0,0.00233307169896313,0,0.148334775966184,0.00496229573804498,0.00491936667154877,0,0.0123513962647315,0.00291871467032033,0.00147992099431377,0,0
0,0,0,0,0,0,4.69287167436296e-05,0,0,0,0.00238960173552115,0,0,0,0,0,0,0,0,0,0.0076975531234534,0,0,0,0,0,0,0,0,0,0,0.000929459642608358,0.00337912154289767,0,0.00359035151984251,0.0014779666314354,0,0,0.0140076770286154,0,0.000529850865463867,0,0,0,0,0,0.000384468048932653,7.967547676909e-05,0.000632426522654531,7.81011136982259e-05,0,0,0,0,0,0,0.000105472553839547,0,3.44398914195075e-06,0,0,0,0,0.00510033272945288,0,0,0,0,0,0,0,0,0,0,0.000919973426152691,0.00752917683395274,0,0.000796011565124231,0.000891933545732246,0.151456437125883,0,0.00389287769579418,0.0142739735707122,0.00443107212450618,0.00333596570854332,0,0
0,0,0,0,0,0,0,0,0,0,0,0.0101396045012955,0,0,0,0,0,0.000115139295644723,2.13350278503743e-05,0.00216475410295599,0,0.00671454625789298,8.36323849455109e-06,0.00170810246422725,0,0,0,8.14908688775129e-05,0,0.00282531102498858,0,0,0,0.00227962674282258,4.7425807659335e-05,0.00947405905588186,0,0,0.0035948311784868,0,0,3.39124740889334e-05,4.13062404691979e-05,0,0,0.000117338401773369,0,0.0124207181981694,6.1278601189153e-06,0.0125462952384589,0,0,0,0,0,0,0,0.000597393208231238,0,0,0,0,0.000967565078338784,0,0.000642479808274731,0,0.000664695265823555,0,0,0,0.000294108160151563,0,0.000503396499474468,0,0,0,0.00350530948085801,0,0.00474023620973626,0,0.102803825693217,0.000606881449462952,0.00468301976700945,3.54886371231466e-05,0.0027110779890399,0,0
2.13060510718503e-05,0,0,0,0,0,0,0,0,0,0.0058616676387027,0,0,0,0,0,0,0,1.61662958037712e-05,0,3.21426000348372e-05,0.000277219483115307,0.00348522501120861,0,0.00162389367348159,0,0,0,5.16948716253241e-05,0,0.00133142716408518,0,0,9.14533675059969e-05,0.00548157060431414,0,0.0140076770286154,0.0035948311784868,0,0,0,0,0.000766300871178718,0,0,0,1.77971877007546e-05,0.0152834088495555,0.00154431162321307,0.000202041895746811,0,0,0,0,0,0,0.001894272840805,0,0,0,0,0,0,4.52580017900962e-05,0,0.00298478277069595,0,0.000420383436886409,0,0,0,7.0221995954751e-05,0,0.001228686394012,0,0,0,0.000202826894913707,0,0.00415210349450674,0.000286018217709736,0.112975142688759,0.00504278853685371,3.5619164695148e-05,0.00312370306141095,0,8.07648480651664e-06
0,0,0,0,0,0,0,0,0,0,0,0,0,0,0,0,0,0,4.69754954988428e-05,0,0,0,0,0,0,0,0,0,0,0,0,0,0,0,0,0,0,0,0,0,0,0.0180332860376869,0,0,0,0.0621351093211857,2.68942164195745e-05,6.30816558815984e-05,3.45793714978887e-05,0.0385333442606284,0,0,0,0,0,0,0,0,0,0,0,0,0.0353660823455275,0,0,0,0,0,0,0,0,0,0,0,0,0,0,0,0.0101246325069294,0,0,0,0,0,0.105873422969674,0.000194284990247583,0
0,0,0,0,0,0,0,0,0,0,0,0,0,0,0,0,0,0,0,0,0,0,0,0,0,0,0,0,0,0,0,0,0,0,0,0,0.000529850865463867,0,0,0,0,0,0.00277475868795975,0,0,0.00150644101197554,0.103531851727039,0.00403262663560489,0.0386529666553365,0.00115747468616076,0,0,0,0,0,0,0,0,0,0,0,0,0,0.0353475601875925,0,0,0,0,0,0,0,0,0,0,0,0.000109322454187333,0,0,4.12526072639691e-06,0.00937017829152304,0,0,9.18556016571454e-05,0,0.0432662590688171,0,0
0,0.00190205023582766,0,0.00906374609225676,0,0,0,0,0,0.000101343012837026,0,0,0,0,0,0,0.000625031543890395,0.00247117513831668,0.0295931975572812,0,0,0,0,0.000156727391186596,0,0,0,0,0,0,0,0,0,5.58551541154015e-05,0,0,0,3.39124740889334e-05,0,0.0180332860376869,0,0,0.0101413779086871,0.0108424453093962,0,0.00237334001817882,2.53663149040817e-05,0.00253949924315176,6.55778675737672e-05,0.0451696965663084,0,0,0,0,0,0,0,0.0245473286504125,0,0.00421339902425641,0,0.00534043331649109,0.00161026880735787,0,0,0,0.00317381686045417,0,0,0,0,0,0.00836539271667018,0,2.3198867110301e-05,0,0.000214899977050715,0,0.00182049706084893,0,0.00146453677584165,0,0.00555137705390637,0.000161870751879305,0.143261551053207,0.0898435290253943,1.10625562755446e-05
0.00194205881929683,0,0.00112545726431029,0,0,0,0,0,0.000197573338453139,0,9.69384644722189e-05,0,0,0,0.000424039140457952,0,0.00338953678236692,0.000176461576907762,0.0148105056445988,0,0.000687430853964568,0,0.000337732752743741,0,0.00338943564835259,0,0,0,0,0,6.15545194248696e-05,0,0,0.000140737767862207,0,0,0,4.13062404691979e-05,0.000766300871178718,0,0.00277475868795975,0.0101413779086871,0,0.000260218398204801,0.0157935401402486,0.000134777702035368,0.013530665311987,0.0101889069068969,0.039386984078146,0.000184064528342696,0,0,0,0,0.00254831196857991,0,0.0166181104319449,0,0.000259938244893062,0,0.00138119965821841,0,0,0.00146601262777536,0,0.000401063952615541,0,0.0041815490813853,0,0.000693533112726562,0,0.00169715632888065,0,0.0275170068735229,0,0,0.0001680611432824,0,0,0.000103653101751158,1.01274829197914e-05,0.00415102116538939,0.0102738639980375,0.000666871900146416,0.182251700673583,6.15503139660871e-05,0.0347608353687244
0,0,0,0.0020806192700096,0,0,0,0,0,0,0,0,0,0,0,0,0.00070759598694609,0.00162711016173838,0.0368641497485418,0,0,0,0,0,0,0,0,0,0,0,0,0,0,0,0,0,0,0,0,0,0,0.0108424453093962,0.000260218398204801,0,0.00378725494676409,0.0162203493012144,0.00043960996624811,0,0,0,0,0,0,0,0,0,0,5.19471737060058e-05,0,0,0,0,0,0,0,0,0,0,0,0,0,0,0.00130920693018709,0,0,0,0,0,0,0,4.40590094678592e-05,0,0.000692957896972593,7.90386278231483e-06,0.021782183061835,0.00865738802544928,0.000239609998484578
0,0,0,0,0,0,0,0,0,0,0,0,0,0,0,0,0.00273599631453712,0.000651931764834195,0.0202822531660154,0,0,0,0,0,0,0,0,0,0,0,0,0,0,0,0,0,0,0,0,0,0,0,0.0157935401402486,0.00378725494676409,0,3.75347288666483e-05,0.0117262481650852,0,0,0,0,0,0,0,0,0,0,0,0,0,0,0,0,0,0,0,0,0,0,0,0,0,0,0.000459500329648725,0,0,0,0,0,0,0,0,0.000518778781544323,3.08962600058233e-05,0.0213936874489689,0.000428108916264111,0.00521340998768909
4.90656253227035e-05,0,0,0.000306065034841144,0,0,0,0,0,0,0,0.000506745605098527,0,0,0,0,0.00142440999670359,0.0020329246699313,0.0548619573196617,0.00243364548563388,0,0,0,0,0,0,0,0,0,0,0,1.98008031788946e-05,0,0,0,0.000192539272209477,0,0.000117338401773369,0,0.0621351093211857,0.00150644101197554,0.00237334001817882,0.000134777702035368,0.0162203493012144,3.75347288666483e-05,0,0.00244592464586992,0.00102655431578295,0,0.00116132158817488,0,0,0,0,0,0,0,0.000389930366224701,0,0,0,0,0.116072674883006,0,0,0,0,0,0,0,0,0,0.00186938238915435,0.000164181189269395,9.80555649313145e-05,0,0,0,0.0132974526305746,3.57462668328004e-05,0.000917430768049833,0,0.00134594543059157,9.02688030193027e-06,0.147528589968934,0.000563582926009117,0.000305780247109289
0.000845100282906283,0,0.000249296619833487,0,0,0,0,0,0,0,9.67925301466575e-05,0,0,0,0,0,0.00225616726989071,0.000753121761714463,0.0246148093096293,0,0.00351389362155168,0,0,0,0,0,0,0,0,0,7.11793989773141e-05,0,0,0,0,0,0.000384468048932653,0,1.77971877007546e-05,2.68942164195745e-05,0.103531851727039,2.53663149040817e-05,0.013530665311987,0.00043960996624811,0.0117262481650852,0.00244592464586992,0,9.04405186926689e-05,0.0109467354733231,7.13186608346188e-05,0,0,0,0,0,0,0.00072361072406761,0,0,0,1.9178321175135e-05,0,0,0.09806140349511,0,0,0,0,0,0.000106857676289097,0,0,7.59090841521339e-05,0.00095687401945534,0,0,0,0,5.29686104532544e-06,0.0242860685232899,0,2.05874313347456e-05,0.000949804996913112,3.8765411424538e-06,0.168266048329603,1.79710126590737e-05,0.00167511394770706
1.75544789108215e-05,0,0,0,0,0,0,0,0,0,0,0,0,0,0,0,8.49397775817332e-05,0,0,0,0,0,0.000191974888250791,0,0.00189745168560642,0,0,0,0,0,0,0.0865594370452898,0.0229172362844267,0.0815518909569191,0.039629298252284,0,7.967547676909e-05,0.0124207181981694,0.0152834088495555,6.30816558815984e-05,0.00403262663560489,0.00253949924315176,0.0101889069068969,0,0,0.00102655431578295,9.04405186926689e-05,0,0.107360566277826,0.0666405929886998,0,0,0,0,0,0,0.000548856065241854,0,0.000157288067847293,0,0,0,0.000240092377667193,7.5496618780143e-05,0,7.15369922044752e-06,0,0.00123449119153213,0,0,0,0.00180066363260798,0,0.00248033359656919,0.19607647176669,0.134706939527551,0.0894154601069663,0.01312137309296,0.0199243061737546,0.0310893783946972,0.00456487871592356,0.00798028992614589,0.0198691459343676,0.000284468204621891,0.0185055983662067,0,0
0.00276410137273374,0,0.00477204453985958,0,0,0,0,0,0,0,2.09626107071895e-05,0,0,0,0,0,5.16875879201409e-05,8.39060186030982e-05,0.00399308126949413,0,0.000176456881179397,0,9.0358700325744e-05,0,0.00297859852306157,0,0,0,0,0,0,0.000552157129536009,0,0.000259211328729482,1.87927213576955e-05,0.000188787385522756,0.000632426522654531,6.1278601189153e-06,0.00154431162321307,3.45793714978887e-05,0.0386529666553365,6.55778675737672e-05,0.039386984078146,0,0,0,0.0109467354733231,0.107360566277826,0,0.0140736195143012,0,0,0,0,0.00083966116507216,0,0.00364781816806034,0,0.00133243178532266,0,0.00905164514738539,0,0,0.000228475098310742,0,2.56943349019076e-05,0,0.0107322699456849,0,0.0122283463215975,0,0.0122910396293578,0,0.0100043937140227,0.000778476426307677,0.0118180381113695,0.00112017516451973,0.000171685440513617,0.000150858793801875,0.0125566327724464,0,0.0065539849535207,0.00445721639487982,7.25505592446702e-05,0.044460721985416,0,0.000209226805949593
0,0.00108400660852861,0,0.0106210023193463,0,0,0,0,0,0.000306711092977758,0,0,0,0,0,0,0,0.000204685551433456,0.000420672199964456,0,0,0.0015128117996992,0,0,0,0.000300426508085604,0,0,0,0,0,0,0,0,0,0.000913521166984446,7.81011136982259e-05,0.0125462952384589,0.000202041895746811,0.0385333442606284,0.00115747468616076,0.0451696965663084,0.000184064528342696,0,0,0.00116132158817488,7.13186608346188e-05,0.0666405929886998,0.0140736195143012,0,0,0,0,0,0,0.00269666020392629,0,0.0153518681509819,0,0.00770464932266952,0,0.00954072525053989,0.000186674326337722,0,0.0113016211562257,0,0.0026969667900795,0,0.0178662321061254,0,0.0300941141594791,0,0.0128805082427005,0,0.00368398981389609,0.00148675210063495,0.000603250006023064,0,0.00566650189607809,0.00180554149394666,0.0110913475125947,0,0.00419321306452868,6.39623171145629e-05,0.0648200335631067,0,0
0,0,0.0053123402298819,0,0.019587558323823,0,0.00201789899485058,0,0,0,0.000629960593909755,0,0,0,0,0,0,0,0,0,0.0137457205079939,0,0,0,0,0,0,0,0,0,0,0,0,0,0,0,0,0,0,0,0,0,0,0,0,0,0,0,0,0,0,0,0,0,0,0,0.000289591046376405,0,0.00242920415802035,0,0.00595773840645343,0,0,0.00178718986909117,0,0,0,0,0,0,0,0,0,0,0,0,0,0,0,0,0,0,9.00146244123815e-05,0,0.000301607743163289,0,0
0,0,0,0,0,0.0281494519843653,0,0.00246271294958244,0,0,0,0,0,0,0,0.0044767834450596,0,0,0,0.0122879618889512,0,0,0,0,0,0,0,0,0,0,0,0,0,0,0,0,0,0,0,0,0,0,0,0,0,0,0,0,0,0,0,0,0,0.00155529366823242,0,0,0,0.0146786276460202,0,0.00170009007363781,0,0.016480885331537,0.00877012924355505,0,0,0,0,0,0,0,0,0,0,0,0,0,0,0,0,0,0,0,0.000433872376983762,0.00036205131544752,0.000548383986850143,0,0
0,0,0,0,0,0,0.0332676357192827,0,0,0,0.00038015752455438,0,0,0,0,0,0,0,0,0,0.00296529278859138,0,0,0,0,0,0,0,0,0,0,0,0,0,0,0,0,0,0,0,0,0,0,0,0,0,0,0,0,0,0,0,0,0,0,0,0.0113973000612691,0,0,0,0,0,0,0.000716223913442719,0,0,0,0,0,0,0,0,0,0,0,0,0,0,0,0,0,0,0.000204418334881671,0,0,0,0
0,0,0,0,0,0,0,0.0253424503523697,0,0,0,0.00202406819705359,0,0,0,0,0,0,0,0,0,0,0,0,0,0,0,0,0,0,0,0,0,0,0,0,0,0,0,0,0,0,0,0,0,0,0,0,0,0,0,0.00155529366823242,0,0,0,0,0,0.0438833862238786,0,0.00927211549190895,0,0,0.00159855782599282,0,0,0,0,0,0,0,0,0,0,0,0,0,0,0,0,0,0,0,8.34634390858499e-06,0,7.25772069116461e-06,0,0
0.0200675455005256,0,0.0118595907588149,0,0.00733781299310752,0,0,0,0.0326462331594431,0,0,0,0,0,0.00100284936020029,0,0.000249635431762957,0,0.000174282316999751,0,3.62277970374287e-05,0,0,0,0,0,0,0,0,0,0,0,0,0,0,0,0,0,0,0,0,0,0.00254831196857991,0,0,0,0,0,0.00083966116507216,0,0,0,0,0,0,0,2.56522651986275e-05,0,0,0,0.0191963185518149,0,0,1.7770508717347e-05,0,0,0,0,0,0.00076817261159895,0,0,0,8.58891121880657e-05,0,0,0,0,0,0,0,4.2336004958518e-06,0.000118520542207776,5.33534835195882e-05,0.00089858161996004,0,8.1328684026407e-05
0,0.0319886514192389,0,0.0604731720341297,0,0.00296034416192734,0,0,0,0.00616855575898061,0,0,0,0,0,0.0113375954648062,0,0,0,0,0,0,0,0,0,0,0,0,0,0,0,0,0,0,0,0,0,0,0,0,0,0,0,0,0,0,0,0,0,0.00269666020392629,0,0,0,0,0,0,0,0,0,0,0,0.0351771562055527,0,0,0,0,0,0,0,0,0,0,0,0,0,0,0,0,0,0,0,0,2.76539200857115e-05,0,0,0,0
0.00038411151681767,0,0.00418613453658023,0,0,0,0.0064159438517517,0,0,0,0.103361271019057,0,0.00218919209850557,0,0,0,0.000475357622813499,0,0.00172683184286479,0,0.00512110629518232,0,0,0,0,0,0,0,0,0,0.0046958055754073,0,0,5.29819413509885e-05,2.13865884531996e-05,0,0.000105472553839547,0,0.001894272840805,0,0,0,0.0166181104319449,0,0,0,0.00072361072406761,0.000548856065241854,0.00364781816806034,0,0.000289591046376405,0,0.0113973000612691,0,2.56522651986275e-05,0,0,0,0.0361913680398115,0,0.000340121319760679,0,0,0.0404346121840468,0,0.000563979549392132,0,0,0,0.000364383105768662,0,0.0298020281828271,0,0.102509566023558,0,0,0,0,0,1.45778807262136e-05,0,0.00471546249756626,0.00188889668251219,4.64911936308337e-06,0.0272819747979873,0,0.001135311336939
0,0,0,0.00860225660811014,0,5.14519942090425e-05,0,0.00656319171003874,0,0,0,0.174826269520703,0,0.000405683400498302,0,0,3.40400697197007e-05,0.000199296315744001,0.0015259036124887,0.00545876495687065,0,0,0,0,0,0,0,0,0,0.0102223460145427,0,0,0,0,0,0.000545905086750823,0,0.000597393208231238,0,0,0,0.0245473286504125,0,5.19471737060058e-05,0,0.000389930366224701,0,0,0,0.0153518681509819,0,0.0146786276460202,0,0.0438833862238786,0,0,0,0,0,0.0295421553970022,0,0.000757274191033435,0.0604011845771636,0,0,0,0,0,0.000382482749355929,0,0.0383444804490404,0,0.0743778414653843,0,0,0,5.17551946483258e-05,0,0,0,0.00222895009661688,0,0.000276074412430352,0,0.0390321127738367,0.000546967603241848,0
0.000139998622595173,0,0.00295074439391444,0,0,0,0.000209657236107039,0,0,0,0.00828543160436732,0,0.0151564143433063,0,0,0,0,0,0,0,1.79296370281198e-05,0,0,0,0,0,0,0,0.000145769433270451,0,0,0,0,0,1.47435920377078e-05,0,3.44398914195075e-06,0,0,0,0,0,0.000259938244893062,0,0,0,0,0.000157288067847293,0.00133243178532266,0,0.00242920415802035,0,0,0,0,0,0.0361913680398115,0,0,0,0.0112815565209773,0,0,0.00199421078896509,0,0,0,0,0,0.00671476348558959,0,0.0370685198292499,0,0.00235937580929968,0,0,0,0,0,0,0,0.00026416029489076,0.000221588681965767,0.000938840558489264,0.00359789947468158,0,0
0,0,0,0.00905398064375778,0,4.28219834753499e-05,0,0.0105569966525121,0,0,0,0.00469326817667361,0,0.0184373298829477,0,2.49375719260435e-05,0,0,3.81733871318568e-05,0,0,0,0,0,0,0.000111591075443772,0,4.21114673372358e-05,0,0,0,0,0,0,0,0,0,0,0,0,0,0.00421339902425641,0,0,0,0,0,0,0,0.00770464932266952,0,0.00170009007363781,0,0.00927211549190895,0,0,0,0.0295421553970022,0,0,0,0.00640823092432921,0.000162699435023624,0,0,0,7.32246955122999e-05,0,0.0101566774742162,0,0.0225309759760741,0,0.00159800516665437,0,0,0,2.19006800104022e-05,0,0,0,0.00023497572217332,0,6.34009555739947e-06,0,0.00442522990777367,0,0
0.015730008850485,0,0.00181111917199447,0,0,0,0,0,0.0145201477136935,0,0,0,0,0,0.0265184254383455,0,1.65648956049592e-05,0,0,0,0.000107733486096253,0,0,0,0,0,0.00341813914946909,0,0,0,0,0,0,0,0,0,0,0,0,0,0,0,0.00138119965821841,0,0,0,1.9178321175135e-05,0,0.00905164514738539,0,0.00595773840645343,0,0,0,0.0191963185518149,0,0.000340121319760679,0,0.0112815565209773,0,0,0,0,1.61539605766905e-05,0,6.37699497630902e-06,0,0,0,0.00485837004032175,0,0.000797983884106397,0,0.000249128911655304,0,0,0,0,0,0,0,0,0.000136784632862222,2.50076840741069e-05,0.00158637737231621,0,0
0,0,0,0.0432477566575293,0,0.00043109553563419,0,0,0,0.00284565657258974,0,0,0,0.000375737849878896,0,0.00225836272470694,0,5.33976319809981e-06,0.000119836253222655,0,0,0,0,0,0,9.85568356853697e-05,0,0,0,0,0,0,0,0,0,0,0,0,0,0,0,0.00534043331649109,0,0,0,0,0,0,0,0.00954072525053989,0,0.016480885331537,0,0,0,0.0351771562055527,0,0.000757274191033435,0,0.00640823092432921,0,0,3.75483102934948e-05,0,0,0,0.00127521692362973,0,0.017442105492677,0,0.000182384264574545,0,0.00189280875653834,0,0,0,0,0,0,0,0.000194871610651443,0,6.99896151586657e-05,1.86907565155456e-05,0.00646246030483997,8.63498249465949e-05,0
0,0,0,0.00147374070088737,0,0.00785524439532178,0,0.000470733731663577,0,0,0,0.0180519614027941,0,0,0,0,0,0,0.000176520382551451,0.0874236894630425,0,0,0,0,0,0,0,0,0,4.14546980951303e-05,0,2.24352523244872e-05,0,0,0,0.0017396890409443,0,0.000967565078338784,0,0.0353660823455275,0,0.00161026880735787,0,0,0,0.116072674883006,0,0.000240092377667193,0,0.000186674326337722,0,0.00877012924355505,0,0.00159855782599282,0,0,0,0.0604011845771636,0,0.000162699435023624,0,3.75483102934948e-05,0,0,0,0,0,0,0,0,0.000959482574715109,0,0.0197546686391837,0,8.35477273118066e-05,0,0,0,0.0122543445223026,0,0.00338325437426905,0,0.000118941317845652,4.36178141338599e-05,0.0254231875599689,0,0
0,0,0.000164137344057749,0,0.000115617207766126,0,0,0,0,0,0.00266189527263224,0,0,0,0,0,0.000105799308885514,0,0.000492175552441846,0,0.168221700308391,0,0,0,0,0,0,0,0,0,0.000484079518875724,0,0,0,0,4.13540200998314e-05,0.00510033272945288,0,4.52580017900962e-05,0,0.0353475601875925,0,0.00146601262777536,0,0,0,0.09806140349511,7.5496618780143e-05,0.000228475098310742,0,0.00178718986909117,0,0.000716223913442719,0,1.7770508717347e-05,0,0.0404346121840468,0,0.00199421078896509,0,1.61539605766905e-05,0,0,0,0,5.19792626201788e-05,0,0,0,0,0,0.000281224604083516,0,0.00782982058970061,0,0,0,0,0.00021217348661627,0.0274423760911324,0,0.000354093426011985,0.00205663676640871,0,0.0272146809560301,0,0.00040981977571676
0,0,0,0,0,0,0,0,0,0,0,0,0,0,0,0,0,0.00061692102656136,0,0,0,0.0575949426828119,0,0.00140436755678115,0,0,0,0,0,0,0,0,0,0,0,0,0,0.000642479808274731,0,0,0,0,0,0,0,0,0,0,0,0.0113016211562257,0,0,0,0,0,0,0,0,0,0,0,0,0,0,0,0,0.000430452203407252,0,0,0,0.00134759940127954,0,0,0,0,0,0,0,0,0,0.00229859671889314,0,0.000108503429200789,0,0,0,0
0,0,0,0,0,0,0,0,0,0,0,0,0,0,0,0,7.28922474559746e-05,0,4.2180405548232e-06,0,0,0,0.0394444611669946,0,0,0,0,0,2.68979893007781e-05,0,0,0,0,0,0,0,0,0,0.00298478277069595,0,0,0,0.000401063952615541,0,0,0,0,7.15369922044752e-06,2.56943349019076e-05,0,0,0,0,0,0,0,0.000563979549392132,0,0,0,6.37699497630902e-06,0,0,5.19792626201788e-05,0,0,0,8.09615515506808e-05,0,0.00451674078820469,0,0.0116516962915973,0,0.00444318052432921,0,0,0,0,0,0,0,0.0115607462377036,0.000180631508843605,0,0.000283526941075811,0,9.60103486320253e-06
0,0,0,0,0,0,0,0,0,0,0,0,0,0,0,0,0.000291260632753603,0.000866060405222266,0,0,0,0.000389720486188776,0,0.0604538061270579,0,0.016430109401869,0,0,0,0,0,0,0,0,0,0,0,0.000664695265823555,0,0,0,0.00317381686045417,0,0,0,0,0,0,0,0.0026969667900795,0,0,0,0,0,0,0,0,0,7.32246955122999e-05,0,0.00127521692362973,0,0,0.000430452203407252,0,0,0,0.00789581695413592,0,0.000280955364698058,0,0,0,0,0,0,0,0,0,6.7159697426458e-05,0,0.000899367485536391,0,0.00421026887954547,0,0
0,0,0,0,0,0,0,0,0,0,0,0,0,0,0,0,0,0,0,0,0,0,0.000159213749608189,0,0.0124364722452122,0,0.000251351011684164,0,0,0,0,0,0,0,0,0,0,0,0.000420383436886409,0,0,0,0.0041815490813853,0,0,0,0,0.00123449119153213,0.0107322699456849,0,0,0,0,0,0,0,0,0,0,0,0,0,0,0,0,8.09615515506808e-05,0,0,0,0.00856849692319879,0,0.000803885516601721,0,0,0,0,0,0,0,0,0,0,0.000126237653034197,0,0.000789854240540104,0,0
0,0,0,0,0,0,0,0,0,0,0,0,0,0,0,0,9.24059759409751e-06,0.00882924782936085,0.000324815589515368,0,0,0,0,0.00202468574608699,0,0.0249772145948592,0,0.000244842987740412,0,0,0,0,0,0,0,0,0,0,0,0,0,0,0,0,0,0,0,0,0,0.0178662321061254,0,0,0,0,0,0,0,0.000382482749355929,0,0.0101566774742162,0,0.017442105492677,0,0,0,0,0.00789581695413592,0,0,0,0.0137895810076902,0,5.32582408414909e-05,0,0,0,0,0,0,0,1.84973520610493e-05,0,0.00040328982423706,0,3.94242130823991e-05,0,0
0,0,0,0,0,0,0,0,0,0,0,0,0,0,0,0,0.00508641986660434,5.28688964190963e-05,0.000165671020275659,0,0,0,0.000453842797149356,0,0.00740861923262545,0,0.00198084263681172,0,0,0,0,0,0,0,0,0,0,0,0,0,0,0,0.000693533112726562,0,0,0,0.000106857676289097,0,0.0122283463215975,0,0,0,0,0,0.00076817261159895,0,0.000364383105768662,0,0.00671476348558959,0,0.00485837004032175,0,0,0,0,0.00451674078820469,0,0.00856849692319879,0,0,0,0.0172394795942901,0,0,0,0,0,0,0,0,0,1.40729706101188e-05,8.29652157972835e-05,0,0.000361041624474031,0,0
0,0,0,0,0,0,0,0,0,0,0,9.90437210028749e-05,0,0.0019670060800946,0,0,0,0,0,0,0,0.000364659526657613,0,0,0,0,0,0.0308863944772817,0,0,0,0,0,0,0,0,0,0.000294108160151563,0,0,0,0,0,0,0,0,0,0,0,0.0300941141594791,0,0,0,0,0,0,0,0.0383444804490404,0,0.0225309759760741,0,0.000182384264574545,0.000959482574715109,0,0.00134759940127954,0,0.000280955364698058,0,0.0137895810076902,0,0,0,0.0133294611567046,0,0,0,0,0,0,0,0.00151983969458109,0,0,0,0.00144108815700789,0,0
0,0,1.96779200552293e-05,0,0,0,0,0,0,0,0,0,0,0,0,0,0,0,0,0,0,0,0.00310064802126694,0,0,0,0.00510267430914541,0,0.0376882981660987,0,6.37856792309321e-05,0,0,8.95370097250847e-05,7.20680287033617e-05,0,0,0,7.0221995954751e-05,0,0,0,0.00169715632888065,0,0,0,0,0.00180066363260798,0.0122910396293578,0,0,0,0,0,0,0,0.0298020281828271,0,0.0370685198292499,0,0.000797983884106397,0,0,0.000281224604083516,0,0.0116516962915973,0,0.000803885516601721,0,0.0172394795942901,0,0,0,0.0221352694527176,0,0,0,1.3923950985455e-05,0,0,0,0.00539219180877802,0.000265234454361028,3.35220581296414e-06,0.00247180232916279,0,7.04440161240828e-05
0,0,0,0.00119162498026694,0,0,0,0,0,0,0,0.0221076341711664,0,0,0,0,0.00013580053163345,0.000612841717200083,0.00397576131779959,0.00127794336333158,0,0,0,0,0,0,0,0.00217302377580039,0,0.0763768039432476,0,0,0,0,0,0,0,0.000503396499474468,0,0,0,0.00836539271667018,0,0.00130920693018709,0,0.00186938238915435,7.59090841521339e-05,0,0,0.0128805082427005,0,0,0,0,0,0,0,0.0743778414653843,0,0.00159800516665437,0,0.00189280875653834,0.0197546686391837,0,0,0,0,0,5.32582408414909e-05,0,0.0133294611567046,0,0,0,0,0,0.000305496829041376,0,0,0,0.0178513324403441,0,0.000114834276554821,2.90623953651264e-06,0.0289631694539383,0.00510705392085282,0
0.000899136367456635,0,0.00308190827778245,0,0,0,0,0,0,0,0.0177714002322048,0,0,0,0,0,0.000901477940699792,7.7948082539761e-06,0.00397696287963184,0,0.000990805850257515,0,0,0,0,0,0,0,0.0023507638379903,0,0.0680039063585029,0,0,0.000192273093945484,0.000200299007407515,0,0,0,0.001228686394012,0,0,0,0.0275170068735229,0,0.000459500329648725,0.000164181189269395,0.00095687401945534,0.00248033359656919,0.0100043937140227,0,0,0,0,0,8.58891121880657e-05,0,0.102509566023558,0,0.00235937580929968,0,0.000249128911655304,0,0,0.00782982058970061,0,0.00444318052432921,0,0,0,0,0,0.0221352694527176,0,0,0,0,0,0,0,0,0,0.0128959533302647,0.000298379278089262,1.00589403168963e-05,0.0339659002827701,0,0.0063723330800779
0,0,0,0,0,0,0,0,0,0,0,0,0,0,0,0,0,0,0,0,0,0,0,0,0,0,0,0,0,0,0,0.094782718251791,0.00183032063409805,0.00568271622902658,0,0.0048546141668977,0.000919973426152691,0,0,0,0,2.3198867110301e-05,0,0,0,9.80555649313145e-05,0,0.19607647176669,0.000778476426307677,0.00368398981389609,0,0,0,0,0,0,0,0,0,0,0,0,8.35477273118066e-05,0,0,0,0,0,0,0,0,0,0,0,0,0.00180464362736276,0.0238263768953174,0,0.0162813836253364,0.0072728178109695,0,0,0.000290560801492352,0,0.000450999544348168,0,0
0,0,0,0,0,0,0,0,0,0,0,0,0,0,0,0,0,0,0,0,0,0,0,0,0,0,0,0,0,0,0,0.00536628898064073,0.0837065255367822,0.000516558790815864,0.00494583172642627,0,0.00752917683395274,0,0,0,0.000109322454187333,0,0,0,0,0,0,0.134706939527551,0.0118180381113695,0.00148675210063495,0,0,0,0,0,0,0,0,0,0,0,0,0,0,0,0,0,0,0,0,0,0,0,0,0.00180464362736276,0,0,0.0281068180256128,0.000234662643052031,0.0158890476822745,0,0,0.000800574529213496,0,0,0,0
