0,0,31.4948610290885,0,0,0.146705955266953,0,0,306.537004143,0,0,0,0,0,0,0,0,0.516841173171997,11.9594575241208,0,0,0,0,0,0,0,0,0,0,0,0,0,0,0,0,0,0,0,0.501162305474281,0.133818760514259,7.60108625143766,0.352425269782543,40.0421115905046,0,0,0.5019336566329,4.59767868369818,10.0317104607821,415.177798345685,0,0,0,0,0,1203.08328586817,0,0.0797130987048149,0,0.0880997329950333,0,0,0,0.0680260509252548,0,0,0,0,0,0,0,0,0,0.12154994904995,1.46108455955982,0,0,0,0,0.355111241340637,3.69671898335218,0.0853902399539948,2.91802150011063,156.715238802135,1.72542417049408,317.361816771328,0,1.18732090294361
0,0,0,340.905343532562,0,5.27942037582397,0,0,0,416.022689595819,0,0,0,0,0,6.42302596569061,0,0,0.125014066696167,0,0,0,0,0,0,0,0,0,0,0,0,0,0,0,0,0,0,2.06352357566357,0,0.545713312923908,0,38.7152984216809,0,0,0,0,0.113764591515064,0.497770965099335,0,768.636913463473,0,0,0,0,0,30.8470042645931,0,9.4994286224246,0,0,0,10.4395018815994,0,0,0,0,11.2860493659973,0,0,0,0,0,15.5906940996647,0,0.124602995812893,0,0.230591595172882,0,0,0,0,0.356857389211655,239.885085612535,0.296215802431107,197.890936151147,1.24155068397522,0
31.4948610290885,0,0,0,0.55377733707428,0.289305418729782,0,0,76.2511536478996,0,0,0,0,0,0,0,1.70425330102444,1.9648360311985,8.33322089910507,0,3.1684405207634,0,0,0,0,0,0,0,0,0,0,0,0,0,0,0,15.3772122710943,0,0,15.2593442648649,18.5921268761158,3.02295462042093,109.232820667326,0.107207089662552,0,5.55040836334229,83.4041187167168,17.736733853817,201.509341068566,9.00099372118711,0.531658291816711,0,0,0,19.9357066452503,0,0.696105450391769,0.665324628353119,0.386853411793709,0,0,0,0,21.5443848147988,0,0,0,0,0,0,0,0,0,7.67230807989836,0,0,0,0,0.589976370334625,125.193519450724,0.574044704437256,68.849686384201,77.4984484389424,3.32272809371352,701.999633736908,0,1.89146061986685
0,340.905343532562,0,0,0,73.7472259402275,0,0,0.595432281494141,75.3598615676165,0,0,0,0,0,0,1.74376345425844,4.63527835905552,19.620391741395,0.350220650434494,0,0,0,0,0,0,0,0,0,0,0,0,0,0.129545465111732,0,0.784095615148544,0.128455311059952,1.61241362988949,0,46.4606058001518,0,270.559220790863,0.133593574166298,1.85814197361469,0,153.286891423166,4.78799587488174,2.88860327005386,1.36735321581364,203.857140943408,0,0,0,0,0,2.32102990150452,0,96.3497051373124,0,0,0,0,37.5637502372265,1.57591193914413,0,0.669571399688721,0,0,0,0,2.52767281234264,0,76.8506139442325,0,0,0,0.184484019875526,0,88.3424858525395,0.139824956655502,53.8971323147416,1.53258395195007,113.530421085656,7.82065914571285,1168.96069428325,6.64235895872116,0
0,0,0.55377733707428,0,0,0,17.295769572258,0,14.6673564612865,0,1.16941213607788,0,0,0,0,0,0,0,0,0,150.518159627914,0,0,0,0,0,0,0,0,0,0,0,0,0,0,0,12.7340435385704,0,0,0,1.37488883733749,0,2.83306601643562,0,0,0,2.40983411669731,2.5114541053772,15.9182591587305,1.70488905906677,70.7738167643547,0,0,0,16.0854724645615,0,0,0,0,0,0,0,0,44.846587151289,0,0,0,0,0,0,0,0,0,0,0,0,0,0,0,14.5815934538841,0,0,0.829873576760292,0,26.216941088438,0,0
0.146705955266953,5.27942037582397,0.289305418729782,73.7472259402275,0,0,0,109.674530535936,0,59.9727151095867,0,3.59543558955193,0,0,0,19.3304848074913,0,0,4.3588419854641,182.914810448885,0,0,0,0,0,0.352236062288284,0,0,0,0,0,0,0,0,0,32.0286438465118,0,0,0,18.3841820880771,1.49768772721291,64.1252858638763,0,0,0,149.97780174017,1.95015709102154,2.2737320959568,0,25.1815142482519,0,240.520630538464,0,29.483013510704,0,206.489365726709,0,17.1381189152598,0.177852243185043,0,0,117.759075939655,590.054650135338,0,0,0,0,0,0,0,0.178071215748787,0,11.5385838598013,0,0,0,0,0,17.8554764464498,0.717265963554382,7.95351500064135,0,751.018854409456,46.6685428619385,325.143863074481,1.27414672076702,0
0,0,0,0,17.295769572258,0,0,0,0,0,70.3197625875473,0,2.83614921569824,0,0,0,0,0,0,0,23.2722771167755,0,0,0,0,0,0,0,0,0,0,0,0,0,0,0,0,0,0,0,0,0,0,0,0,0,0,0,0,0,17.1682651042938,0,202.036445856094,0,0,0,272.578864037991,0,111.309254646301,0,0,0,0,6.67545300722122,0,0,0,0,0,0,0,0,0,0,0,0,0,0,0,0,0,0,69.2340433597565,0,0,0,0
0,0,0,0,0,109.674530535936,0,0,0,0,0,129.55499009788,0,15.441309928894,0,0,0,0,0,169.262418776751,0,0,0,0,0,0,0,0,0,0,0,0,0,0,0,0,0,0,0,0,0,0,0,0,0,0,0,0,0,0,0,0,0,319.089545398951,0,0,0,77.1211090683937,0,0,0,0,2.60356730222702,0,0,0,0,0,0,0,0,0,0,0,0,0,0,0,0,0,0,0,297.645754218102,145.597385644913,0,0,0
306.537004143,0,76.2511536478996,0.595432281494141,14.6673564612865,0,0,0,0,0,0,0,0,0,600.117996305227,0,437.043323978782,8.58865968883038,8.74630087614059,0,19.7788555324078,0,0,0,22.2538588047028,0,14.14539539814,0,0,0,0,0,0,0,0.734337165951729,0,0.880541950464249,0,46.7040922194719,2.68311582505703,3.20934709906578,1.07797303795815,37.74920643121,0,0,0.808256447315216,30.5846437066793,13.5354931950569,60.0823261141777,3.56059987843037,0,0,0,0,1125.98050226271,0,1.1432993710041,0,0,0,328.224381893873,0,0,4.53486557304859,0,0,0,2.30209909379482,0,0,0,0,0,4.12040033191442,0,0.313950598239899,0,1.97824962437153,0,29.9025695025921,0.695537507534027,78.875787332654,2367.99565774947,7.44654578343034,170.746123597026,0,7.39650976657867
0,416.022689595819,0,75.3598615676165,0,59.9727151095867,0,0,0,0,0,0,0,0,0,669.327944815159,6.16465851664543,283.064171001315,2.37911063432693,0,0,3.88478404283524,0,141.175735980272,0,85.2876567840576,0,0,0,0,0,0,0,0,0,0,0,150.116970703006,0,0.132615283131599,0.904065668582916,26.7999682575464,0,0,0,0.387636512517929,0,0,0,44.4788697957993,0,86.1085729598999,0,0,0,1493.75736285746,0,1.43648998439312,0,0,0,187.119818270206,0.483430474996567,0,0,0,154.835743770003,0,24.6030881404877,0,0,0,2.03939391672611,0,0.078431248664856,0,0,0,2.03162333369255,0,95.3792227506638,2.15892910957336,1417.62306641042,376.93650560081,123.399694785476,0,0
0,0,0,0,1.16941213607788,0,70.3197625875473,0,0,0,0,0,149.062975496054,0,0,0,0,0,0,0,576.140659987926,0,0,0,0,0,0,0,0,0,26.4056362509727,0,0,0,0,0,265.522246211767,0,2746.83974172175,0,0,0,0,0,0,0,0,0,0,0,1.32797205448151,0,45.6521017551422,0,0,0,2514.88705654442,0,964.010708838701,0,0,0,0,183.639585107565,0,0,0,0,0,0,0,248.908495187759,0,698.793788403273,0,0,0,0,0,0,0,620.975775822997,721.137011379004,0,0,0,0
0,0,0,0,0,3.59543558955193,0,129.55499009788,0,0,0,0,0,389.803968727589,0,0,0,0,0,783.840030580759,0,0,0,0,0,0,0,190.843758702278,0,302.069204062223,0,0,0,0,0,1267.74763423204,0,4402.45402666926,0,0,0,0.21113047003746,0,0,0,0.993809670209885,0,0,0,0.189333066344261,0,0,0,187.51854608953,0,0,0,4053.4614675045,0,0,0,0,391.524391725659,0,0,0,0,0,0,0,0,0,27.658213943243,0,0,0,0,0,1509.2569834888,0,1567.73000261188,0,524.209005206823,67.8976203203201,0.957466691732407,0,0
0,0,0,0,0,0,2.83614921569824,0,0,0,149.062975496054,0,0,0,134.838291049004,0,0,0,0,0,0,0,0,0,0,0,0,0,124.818039685488,0,0,0,0,0,0,0,0,0,0,0,0,0,0,0,0,0,0,0,0,0,0,0,0,0,0,0,231.269921064377,0,2245.84225678444,0,95.2249050140381,0,0,0,0,0,0,0,0,0,0,38.4581827521324,0,0,0,0,0,0,0,0,0,0,587.664761304855,261.013357371092,0,0,0
0,0,0,0,0,0,0,15.441309928894,0,0,0,389.803968727589,0,0,0,289.571383178234,0,0,0,0,0,0,0,0,0,39.6624754667282,0,8.82878637313843,0,0,0,0,0,0,0,0,0,0,0,0,0,0,0,0,0,0,0,0,0,0,0,0,0,0,0,0,0,738.869201481342,0,1143.06298646331,0,1,0,0,0,0,0,0,0,0,16.015588760376,0,0,0,0,0,0,0,0,0,0,0,216.435462713242,44.2489987015724,0,0,0
0,0,0,0,0,0,0,0,600.117996305227,0,0,0,134.838291049004,0,0,0,557.729561209679,2.73087456822395,35.3985809087753,0,0,0,0,0,0,0,1.97488176822662,0,0,0,0,0,0,0,0,0,0,0,0,0,1.00495481491089,0,0.188410028815269,0,0,4.72743034362793,0,0,0,0,0,0,0,0,271.742234051228,0,0,0,1,0,274.973551243544,0,0,0,0,0,0,0,0,0,0,0,0,0,0,0,0,0,0,0,0,1.77091526985168,181.800191044807,0,0.863356709480286,0,0
0,6.42302596569061,0,0,0,19.3304848074913,0,0,0,669.327944815159,0,0,0,289.571383178234,0,0,11.173179268837,259.587500914931,2.8437325656414,0,0,9.60336436331272,0,5.82403914630413,0,102.885985314846,0,2.452796459198,0,0,0,0,0,0,0,0,0,0.705674692988396,0,0,0,0,0,0,0,0,0,0,0,2.0966465473175,0,0,0,0,0,854.107640311122,0,0,0,506.949380218983,0,822.003584384918,0,0,0,0,0,0,82.057569026947,0,0,0,0,0,0,0,0,0,0,0.589547276496887,0.419949814677238,0,264.874980002642,0,1.28852760791779,0,0
0,0,1.70425330102444,1.74376345425844,0,0,0,0,437.043323978782,6.16465851664543,0,0,0,0,557.729561209679,11.173179268837,0,11142.2067035437,4710.53484876454,0,0,18.2387045621872,39.3059883713722,53.9547506868839,4.94827711582184,18.7822543233633,1096.50051823258,0,27.2376102209091,0,0,0,0,0,0,0,0,0,1.11614334583282,30.8470017760992,115.732152178884,47.0199527069926,132.666924074292,0.523692309856415,0,5.99392592906952,175.64050655812,0.261189304292202,2.23710202425718,0.303911633789539,0,0,0,0,111.135020911694,1.9026945233345,0,3.82456327974796,0.243136242032051,0,0,0,2.33871687948704,12.3675399571657,16.9788840413094,0,0.305683344602585,0,0,0,0,0,10.357026733458,15.6120799034834,0,0,0,0,57.6444770470262,270.512757852674,47.1180348321795,209.138836294413,8577.02206271887,1940.98224544898,201.879061639309,3.71789434552193,10.7942677363753
0.516841173171997,0,1.9648360311985,4.63527835905552,0,0,0,0,8.58865968883038,283.064171001315,0,0,0,0,2.73087456822395,259.587500914931,11142.2067035437,0,4611.76775961369,0,0,775.353873416781,0,563.437127873302,0,1242.60961869359,0,0.690160870552063,0,0,0,0,0,0,0,0.225907027721405,0,0,0.127464607357979,133.541651971638,50.1459343135357,160.125952832401,50.1237931326032,13.1033047512174,0,39.5676131695509,100.436836622655,0,0.812663570046425,2.07288330793381,0,0,0,0,0.236019819974899,42.9364753514528,0,7.49742129445076,0,0,0,19.7765284776688,1.81635297089815,7.35524329543114,92.1222639530897,0,24.3754045814276,0,20.5489470362663,0,0,0,17.3069804906845,8.06386515498161,0,0,0,0,296.460203662515,156.792794667184,190.453770197928,107.685733728111,6750.53993924707,1366.55261275917,284.134676501155,7.53401736170053,6.07727625966072
11.9594575241208,0.125014066696167,8.33322089910507,19.620391741395,0,4.3588419854641,0,0,8.74630087614059,2.37911063432693,0,0,0,0,35.3985809087753,2.8437325656414,4710.53484876454,4611.76775961369,0,0,1.76683080196381,6.78082007169724,0,34.0100335180759,41.4251824617386,7.50572390854359,4.27741461992264,0,0,0,0,0,0,0,0,0,0,0,6.3425877392292,704.575255617499,613.109938584268,681.590960003436,436.767193987966,17.2471204772592,0,250.990615330637,1186.32404681295,2.26681499183178,5.82275786995888,8.45812078565359,0,0,0,0,2.12095027416945,9.21789979934692,0.587075561285019,63.2622924521565,0,0,0,0,24.1285101473331,106.881369777024,4.8331672847271,0,5.5084325671196,0,0,0,0.77923446893692,0,157.002773091197,123.343557275832,0,0,0,0,1374.51710727066,1542.76458778232,899.550099760294,1066.18742408603,3320.56816143543,17.4014255665243,2641.27460571378,46.0965802967548,72.2991276979446
0,0,0,0.350220650434494,0,182.914810448885,0,169.262418776751,0,0,0,783.840030580759,0,0,0,0,0,0,0,0,0,0,0,0,0,0,0,0,0,0,0,0,0,0,0,2030.88603900373,0,385.01940202713,0,1.98448303341866,0,0,0,0,0,18.9055271148682,0,0,0,0.636476755142212,0,0.924104571342468,0,67.2474751472473,0,0,0,102.007451295853,0,0,0,0,1703.58517637849,0,0,0,0,0,0,0,0,0,0,0,0,0,0,0,1542.9556812197,0,93.1736189574003,0,475.970959305763,0.188200250267982,88.0411040782928,0,0
0,0,3.1684405207634,0,150.518159627914,0,23.2722771167755,0,19.7788555324078,0,576.140659987926,0,0,0,0,0,0,0,1.76683080196381,0,0,0,0,0,0,0,0,0,0,0,0,0,0,0,0,0,1240.81637683511,0,333.356804028153,2.03395995497704,0,0,8.4721462726593,0,0,0,0,1.57149237394333,10.1357311308384,0,134.705078065395,0,0,0,6.93879628181458,0,488.567494094372,0,0,0,0,0,0,603.330071732402,0,0,0,0,0,0,0,0,0,0,0,0,0,0,0,417.542192786932,0,774.394980862737,111.734159171581,0,110.32732437551,0,0
0,0,0,0,0,0,0,0,0,3.88478404283524,0,0,0,0,0,9.60336436331272,18.2387045621872,775.353873416781,6.78082007169724,0,0,0,244.607559412718,100.925488695502,0,130.792920604348,0,0,0,0,0,0,0,0,0,0,0,1478.13728427887,0,0.260353550314903,0,1.69600708782673,0,0,0,0,0,0,0,46.0911128371954,0,0,0,0,0,0.950364738702774,0,0,0,0,0,0,0.463598757982254,0,3941.25069713593,0,19.2522037625313,0,160.309922218323,0,102.343583345413,0,0.218467250466347,0,0,0,0,0,0.164494082331657,0,496.801350980997,0.408089280128479,1171.40169616044,759.602528750896,0.248368442058563,0,0
0,0,0,0,0,0,0,0,0,0,0,0,0,0,0,0,39.3059883713722,0,0,0,0,244.607559412718,0,0,441.180380165577,0,35.3340272605419,0,395.356035470963,0,0,0,0,0,0,0,0,185.80215343833,1971.73814162612,0,0,0,0,0,0,0,0,0.745788812637329,0,0,0,0,0,0,0,0,0,0,0,0,0,0,0,0,59.2532110214233,5344.48782151937,0,138.469797074795,0,0,0,8.29193550348282,0,0,0,0,0,0,0,0,59.2237557470798,201.270307287574,1104.7029851377,223.815275371075,0.408201843500137,0,0
0,0,0,0,0,0,0,0,0,141.175735980272,0,0,0,0,0,5.82403914630413,53.9547506868839,563.437127873302,34.0100335180759,0,0,100.925488695502,0,0,0,382.104260668159,0,0,0,0,0,0,0,0,0,0,0,1325.76577490568,0,2.3492146730423,0,3.52683806419373,0.886255860328674,1.2467874288559,0,0.669610857963562,2.83291095495224,0,0,5.05787169933319,0,0,0,0,0,22.6204694062471,0,0.666841626167297,0,0,0,0,0,0,0,0,503.770278230309,0,256.920084014535,0,0,0,0.80807226896286,0,0,0,0,0,6.98086261749268,0.956084594130516,220.608501642942,1.52353286743164,771.859499290586,0.0843142420053482,41.7811510115862,0,1.22581613063812
0,0,0,0,0,0,0,0,22.2538588047028,0,0,0,0,0,0,0,4.94827711582184,0,41.4251824617386,0,0,0,441.180380165577,0,0,0,96.9814047217369,0,0,0,0,0,0,0,0,0,0,0,425.518591731787,0,0,0,3.92516052722931,0,0,0,0,0,0,0,0,0,0,0,0,0,0,0,0,0,0,0,0,0,0,81.1546829938889,0,543.301905035973,0,0,0,0,0,0,0,0,0,0,0,0,0,160.656539946795,380.242884725332,0,0.938457578420639,0,0
0,0,0,0,0,0.352236062288284,0,0,0,85.2876567840576,0,0,0,39.6624754667282,0,102.885985314846,18.7822543233633,1242.60961869359,7.50572390854359,0,0,130.792920604348,0,382.104260668159,0,0,0,310.074545383453,0,0,0,0,0,0,0,0,0,0,0,0.237189665436745,0.188133493065834,3.55368235707283,1.5994416475296,0,0,0,0.595840275287628,0,0,0,0,0,0,0,0,122.456649839878,0,0,0,190.906964242458,0,0,0,0,0.398663222789764,0,282.088930010796,0,217.703906953335,0,231.333628892899,0,0,0,0,0,0,0,0,1.70490765571594,0.959146216511726,1.79578173160553,272.538143247366,0,0,0,0
0,0,0,0,0,0,0,0,14.14539539814,0,0,0,0,0,1.97488176822662,0,1096.50051823258,0,4.27741461992264,0,0,0,35.3340272605419,0,96.9814047217369,0,0,0,3,0,0,0,0,0,0,0,0,0,0,0,0,0,0,0,0,0,0,0,0,0,0,0,0,0,103.857597380877,0,0,0,0,0,0,0,0,0,0,160.565197110176,0,0,0,56.2027043104172,0,0,0,0,0,0,0,0,0,0,0,0,366.77278521657,0,0,0,0
0,0,0,0,0,0,0,0,0,0,0,190.843758702278,0,8.82878637313843,0,2.452796459198,0,0.690160870552063,0,0,0,0,0,0,0,310.074545383453,0,0,0,293.136679232121,0,0,0,0,0,0,0,3.33093023300171,0,0,0,0,0,0,0,0,0,0,0,0,0,0,0,0,0,0,0,85.2206071615219,0,8.58407837152481,0,0,0,0,0,0,0,0,0,0,1367.47927184403,0,175.792817533016,0,0,0,0,0,0,0,16.1594931483269,0,552.235377922654,502.918614029884,0,0,0
0,0,0,0,0,0,0,0,0,0,0,0,124.818039685488,0,0,0,27.2376102209091,0,0,0,0,0,395.356035470963,0,0,0,3,0,0,0,0,0,0,0,0,0,0,0,169.907838463783,0,0,0,0,0,0,0,0,0,0,0,0,0,0,0,0,0,0,0,0,0,0,0,0,0,0,485.008076310158,0,0,0,937.993439614773,0,1664.10886645317,0,0,0,0,0,0,0,0,0,42.9388384819031,540.555532336235,660.489356428385,0,0,0
0,0,0,0,0,0,0,0,0,0,0,302.069204062223,0,0,0,0,0,0,0,0,0,0,0,0,0,0,0,293.136679232121,0,0,0,0,0,0,0,0,0,87.0763671398163,0,0,0,0,0,0,0,0,0,0,0,0,0,0,0,0,0,0,0,163.795524984598,0,0,0,0,0,0,0,0,0,0,0,0,0,0,616.460713505745,0,0,0,0,0,0,0,636.094274282455,0,300.73446893692,46.9892911911011,0,0,0
0,0,0,0,0,0,0,0,0,0,26.4056362509727,0,0,0,0,0,0,0,0,0,0,0,0,0,0,0,0,0,0,0,0,0,0,0,0,0,0,0,484.765839591622,0,0,0,0,0,0,0,0,0,0,0,0,0,0,0,0,0,28.6708487272263,0,0,0,0,0,0,0,0,0,0,0,0,0,0,380.966204166412,0,810.550670087337,0,0,0,0,0,0,0,118.659555792809,25.2754358053207,0,0,0,0
0,0,0,0,0,0,0,0,0,0,0,0,0,0,0,0,0,0,0,0,0,0,0,0,0,0,0,0,0,0,0,0,797.143540710211,0.205332741141319,48.1738620698452,1043.88663053513,50.4283777475357,0.351421572268009,0,0,0.615395069122314,0,0,0,0,0,0,1231.33315861225,15.2114549279213,0,0,0,0,0,0,0,0,0,0,0,0,0,0,0,0,0,0,0,0,0,0,0,0,0,2985.96256194264,1821.07910722494,12.9527614340186,0,1066.07362413406,63.9068068563938,0,0,263.774518489838,0,0.0758535787463188,0,0
0,0,0,0,0,0,0,0,0,0,0,0,0,0,0,0,0,0,0,0,0,0,0,0,0,0,0,0,0,0,0,797.143540710211,0,1.65738809108734,14.3112889528275,102.080067247152,737.645176261663,0,0,0,0,0,0,0,0,0,0,1934.92518511415,0,0,0,0,0,0,0.401396691799164,0,0,0,0,0,0,0,0,0,0,0,0,0,0,0,0,0,0,0,459.894371181726,4195.85212814808,0,20.415739223361,1.84824824333191,2182.62142139673,0,0.619475767016411,348.0605404526,0,0,0,0
0,0,0,0.129545465111732,0,0,0,0,0,0,0,0,0,0,0,0,0,0,0,0,0,0,0,0,0,0,0,0,0,0,0,0.205332741141319,1.65738809108734,0,5376.40105956793,1605.78956586123,0.155512049794197,540.609259881079,50.887087225914,0,0,0.515063524246216,0,0,0,0,0,194.658605284989,0.136428683996201,0,0,0,0,0,0,0,0,0,0,0,0,0,0,0,0,0,0,0,0,0,0,0,0,0,182.029344920069,0,2474.84729655087,280.087602883577,471.049569249153,0.130142703652382,93.2017731368542,0,510.918577879667,18.5685833692551,0.121642142534256,0,0
0,0,0,0,0,0,0,0,0.734337165951729,0,0,0,0,0,0,0,0,0,0,0,0,0,0,0,0,0,0,0,0,0,0,48.1738620698452,14.3112889528275,5376.40105956793,0,0,1216.28012615442,8.08376526832581,548.175952509046,0,0,0,2.55083447694778,0,0,0,0,1274.71594837308,0,1.25504386425018,0,0,0,0,6.81211321055889,0,0,0,0,0,0,0,0,0,0,0,0,0.663478538393974,0,0,0,0,0,0,15.7678950428963,23.1314617991447,329.209507346153,504.238711535931,3.31894183158875,535.512445807457,102.841042548418,308.305728793144,1624.46019376814,0,1.60955296456814,0,0.283565878868103
0,0,0,0.784095615148544,0,32.0286438465118,0,0,0,0,0,1267.74763423204,0,0,0,0,0,0.225907027721405,0,2030.88603900373,0,0,0,0,0,0,0,0,0,0,0,1043.88663053513,102.080067247152,1605.78956586123,0,0,4065.95451582968,2611.84992843866,0,17.9258435219526,33.2083253264427,12.1231740266085,0,0,0,178.506954312325,0,1889.59690108895,140.850970804691,95.7457119226456,0,0.67883563041687,0,0,0,0,0,8.88032838702202,0,0,0,0,1219.86123290658,0,0,0,0,0,0,0,0,0,0.234184622764587,0,1221.35104185343,268.558636039495,195.473573677242,0,28414.6161783114,2844.41990181804,319.861635588109,0,6767.71184979379,2054.26728980243,227.505178302526,0,0
0,0,15.3772122710943,0.128455311059952,12.7340435385704,0,0,0,0.880541950464249,0,265.522246211767,0,0,0,0,0,0,0,0,0,1240.81637683511,0,0,0,0,0,0,0,0,0,0,50.4283777475357,737.645176261663,0.155512049794197,1216.28012615442,4065.95451582968,0,0.0988153666257858,1277.41889131069,1.82941603660583,35.7788325101137,0,5.57448992133141,0,0,0,143.074244365096,1147.24135769904,104.492392078042,11.6144590973854,7.62950322031975,0,0,0,2.22381721436977,0,884.405253723264,0,5.02118697762489,0,0,0,0,2809.17774385214,0,0,0,0,0,0,0,0,0,0,55.9768128544092,1176.33660799265,0,87.6294055432081,1013.01917411387,25180.9089932889,0,2129.33939605951,6334.3702038005,5897.2689749077,145.356062874198,0,0
0,2.06352357566357,0,1.61241362988949,0,0,0,0,0,150.116970703006,0,4402.45402666926,0,0,0,0.705674692988396,0,0,0,385.01940202713,0,1478.13728427887,185.80215343833,1325.76577490568,0,0,0,3.33093023300171,0,87.0763671398163,0,0.351421572268009,0,540.609259881079,8.08376526832581,2611.84992843866,0.0988153666257858,0,921.23222887516,0.193517401814461,0,66.5892847031355,0,0,0,0.234326764941216,0.120547115802765,732.380761548877,0.247295513749123,224.892635643482,0,0,0,0,0.840377032756805,82.88521720469,0,41.1648236513138,0,0,0,0.236379951238632,154.028627336025,0,496.250680953264,15.8616244345903,188.405691072345,0.608748942613602,0,0,1.14212594926357,0,19.2173098772764,0,35.8186215348542,0,209.043538704515,3.46732950210571,1427.75881367922,0.0807669535279274,12231.3332200423,293.876138180494,2512.55805429816,1939.95509850234,404.128849685192,3.80606128275394,0
0.501162305474281,0,0,0,0,0,0,0,46.7040922194719,0,2746.83974172175,0,0,0,0,0,1.11614334583282,0.127464607357979,6.3425877392292,0,333.356804028153,0,1971.73814162612,0,425.518591731787,0,0,0,169.907838463783,0,484.765839591622,0,0,50.887087225914,548.175952509046,0,1277.41889131069,921.23222887516,0,0,0,0.559841930866241,6.50513824820518,0,0,0,3.27978022396564,511.713375359774,56.4222294986248,51.6364660859108,0,0,0,0,52.1447583436966,0,1790.18999682367,0,0,0,0,0,0,197.571442574263,3.05826243758202,564.119959801435,0,335.622357606888,0,0,0.578270852565765,49.9750819206238,0,1689.95463204384,0,1.09105980396271,5.42071485519409,72.1351088583469,0,246.960682094097,444.995935887098,13570.8718407452,1484.98548722267,579.69853233546,62.1601989939809,0.742016315460205,4.45057792961597
0.133818760514259,0.545713312923908,15.2593442648649,46.4606058001518,0,18.3841820880771,0,0,2.68311582505703,0.132615283131599,0,0,0,0,0,0,30.8470017760992,133.541651971638,704.575255617499,1.98448303341866,2.03395995497704,0.260353550314903,0,2.3492146730423,0,0.237189665436745,0,0,0,0,0,0,0,0,0,17.9258435219526,1.82941603660583,0.193517401814461,0,0,44.9092248305678,1047.65242836624,16.0547466278076,32.5936104804277,0,600.007195204496,51.0756199285388,95.4059709906578,20.4955012500286,578.162208713591,0,0.825603678822517,0,0,4.29933914542198,0,2.48075118660927,102.228407546878,0.58357147872448,0,0.645806312561035,0,313.694358192384,0.345748580992222,0,0,1.84381687641144,0,0,0,0.275921568274498,0,85.2541499882936,0.882140904664993,0,0,1.54145014286041,0,961.14553180337,15.3684114217758,292.901745408773,10.2284818589687,191.612994737923,33.6273739151657,1821.55444300175,23.7262891680002,4.07021092623472
7.60108625143766,0,18.5921268761158,0,1.37488883733749,1.49768772721291,0,0,3.20934709906578,0.904065668582916,0,0,0,0,1.00495481491089,0,115.732152178884,50.1459343135357,613.109938584268,0,0,0,0,0,0,0.188133493065834,0,0,0,0,0,0.615395069122314,0,0,0,33.2083253264427,35.7788325101137,0,0,44.9092248305678,0,29.0021764412522,691.464844040573,0.905484452843666,0,18.8539533689618,518.135047219694,198.833182886243,1009.06523100287,7.279067248106,0,0,0,0,2.94585590809584,0,0.544589564204216,2.51715082675219,0.52485254406929,0,0,0,0.915102362632751,9.43261890113354,0,0,0,0,0,0,0,0,3.00942806899548,21.1569717749953,1.95111036300659,0.945563912391663,0.740595042705536,0,17.3323613703251,403.894406154752,11.4816472306848,168.376070290804,218.509419105947,30.500112529844,1026.02776271105,0.795386746525764,17.8193521797657
0.352425269782543,38.7152984216809,3.02295462042093,270.559220790863,0,64.1252858638763,0,0,1.07797303795815,26.7999682575464,0,0.21113047003746,0,0,0,0,47.0199527069926,160.125952832401,681.590960003436,0,0,1.69600708782673,0,3.52683806419373,0,3.55368235707283,0,0,0,0,0,0,0,0.515063524246216,0,12.1231740266085,0,66.5892847031355,0.559841930866241,1047.65242836624,29.0021764412522,0,160.69448209554,67.4598607346416,0,257.919523686171,46.7001455649734,91.2639966830611,5.73012956231833,471.571621105075,0,5.53180696070194,0,0,0.732095330953598,0.221707552671432,0,1345.78904978186,0,0,0,0,107.129661023617,4.51672683656216,0,0,4.07932363450527,0,0,0,2.75579764693975,0,696.445412456989,9.46922262012959,0.827573582530022,0,3.06747236847878,0,769.705643281341,33.1705958992243,583.697297647595,41.3967835232615,988.114822179079,87.9838437102735,2722.07909719646,443.633927330375,11.0508395060897
40.0421115905046,0,109.232820667326,0.133593574166298,2.83306601643562,0,0,0,37.74920643121,0,0,0,0,0,0.188410028815269,0,132.666924074292,50.1237931326032,436.767193987966,0,8.4721462726593,0,0,0.886255860328674,3.92516052722931,1.5994416475296,0,0,0,0,0,0,0,0,2.55083447694778,0,5.57448992133141,0,6.50513824820518,16.0547466278076,691.464844040573,160.69448209554,0,6.64824360609055,0,4.22661677747965,653.059058766812,100.370550408959,218.928362719715,0.766975224018097,0,0,0,0,28.8898026123643,0,2.9174676835537,4.7567275762558,1.11475344002247,0,0,0,0.465028449892998,32.8543405607343,0,0,0,0,0,0,0.28122016787529,0,10.7260538265109,292.113248519599,0,0.223366647958755,0,5.8718896061182,17.9498485028744,593.727405168116,28.3280711025,428.395374447107,686.172784395516,39.881824541837,1994.67617042363,7.65764772891998,168.913365609944
0,0,0.107207089662552,1.85814197361469,0,0,0,0,0,0,0,0,0,0,0,0,0.523692309856415,13.1033047512174,17.2471204772592,0,0,0,0,1.2467874288559,0,0,0,0,0,0,0,0,0,0,0,0,0,0,0,32.5936104804277,0.905484452843666,67.4598607346416,6.64824360609055,0,0,3.09911027550697,0.285003341734409,0,0.571076035499573,2.13520410656929,0,0,0,0,0,0,0,5.99996884167194,0,0,0,0,1.12857528030872,0,0,0,0,0,0,0,0,0,2.75415591150522,0,0,0,0,0,24.2124873772264,1.60795830190182,11.0692402049899,0.437182128429413,28.4639750048518,9.91820543259382,124.457755722106,1.77506011724472,0
0,0,0,0,0,0,0,0,0,0,0,0,0,0,0,0,0,0,0,0,0,0,0,0,0,0,0,0,0,0,0,0,0,0,0,0,0,0,0,0,0,0,0,0,0,0,0.844410717487335,0,0,0,0,0,0,0,0,0,0,0,0,0,0,0,0,0,0,0,0,0,0,0,0,0,0,0,0,0,0,0,0,4.1017978489399,0,2.16503670811653,0,0,0,0,0
0.5019336566329,0,5.55040836334229,153.286891423166,0,149.97780174017,0,0,0.808256447315216,0.387636512517929,0,0.993809670209885,0,0,4.72743034362793,0,5.99392592906952,39.5676131695509,250.990615330637,18.9055271148682,0,0,0,0.669610857963562,0,0,0,0,0,0,0,0,0,0,0,178.506954312325,0,0.234326764941216,0,600.007195204496,18.8539533689618,257.919523686171,4.22661677747965,3.09911027550697,0,0,36.5497036725283,23.4393373578787,11.8244213163853,173.067850641906,0,10.516175583005,0,0,0,0,1.3056842982769,116.955084711313,0,0,0,0,552.209863178432,1.2979880720377,0.193186908960342,0,0,0,0,0,0.945169791579247,0,57.0173842087388,0.0908412858843803,0.0749564617872238,0,0,0,1539.78473462164,6.5875342041254,556.568794608116,10.104023039341,103.393787972629,9.39241931959987,1051.25605577976,6.24174572527409,0
4.59767868369818,0.113764591515064,83.4041187167168,4.78799587488174,2.40983411669731,1.95015709102154,0,0,30.5846437066793,0,0,0,0,0,0,0,175.64050655812,100.436836622655,1186.32404681295,0,0,0,0,2.83291095495224,0,0.595840275287628,0,0,0,0,0,0,0,0,0,0,143.074244365096,0.120547115802765,3.27978022396564,51.0756199285388,518.135047219694,46.7001455649734,653.059058766812,0.285003341734409,0.844410717487335,36.5497036725283,0,26.1962223127484,177.542463280261,12.6795907616615,0.208257541060448,0,0,0,9.7380960136652,0,7.72953240573406,3.11288814246655,2.40595757961273,0,0,0,3.04603940993547,1910.12609005719,0,0,1.16376984119415,0,0,0,0,0,4.92949524149299,12.8693073689938,0,0,0,0,20.8624570593238,1614.2112333253,17.0908044725657,642.742894977331,341.804512657225,69.2427767440677,1646.15223678201,1.75054510682821,6.14410251379013
10.0317104607821,0.497770965099335,17.736733853817,2.88860327005386,2.5114541053772,2.2737320959568,0,0,13.5354931950569,0,0,0,0,0,0,0,0.261189304292202,0,2.26681499183178,0,1.57149237394333,0,0.745788812637329,0,0,0,0,0,0,0,0,1231.33315861225,1934.92518511415,194.658605284989,1274.71594837308,1889.59690108895,1147.24135769904,732.380761548877,511.713375359774,95.4059709906578,198.833182886243,91.2639966830611,100.370550408959,0,0,23.4393373578787,26.1962223127484,0,719.900567427278,775.88279093802,0,0,0,0,40.4546850025654,0,3.34787012636662,6.39486695080996,3.38375742733479,0,0.252690494060516,0,0,1.20483278483152,12.5538642406464,43.1794121861458,0,56.0506408214569,0,0,1.55272555351257,0,0.972103975713253,0.104770675301552,7007.86007479578,1898.34288445115,2069.43308667094,1318.55124489963,355.395807340741,543.179033510387,2897.9593558535,1977.69955405593,613.361393854022,15.644606243819,787.504370242357,1.39654141664505,5.53228735923767
415.177798345685,0,201.509341068566,1.36735321581364,15.9182591587305,0,0,0,60.0823261141777,0,0,0,0,0,0,0,2.23710202425718,0.812663570046425,5.82275786995888,0,10.1357311308384,0,0,0,0,0,0,0,0,0,0,15.2114549279213,0,0.136428683996201,0,140.850970804691,104.492392078042,0.247295513749123,56.4222294986248,20.4955012500286,1009.06523100287,5.73012956231833,218.928362719715,0.571076035499573,0,11.8244213163853,177.542463280261,719.900567427278,0,9.77687211334705,0.317743360996246,0,0,0,30.5080804675817,0,11.2917514443398,1.12569074332714,3.057716332376,0,0.16275680065155,0,0,2.25515773147345,0,0,0,8.6016038954258,0,0,0,0,0.667664662003517,32.6884879618883,7.98100605607033,0,0.266001790761948,0.158942893147469,4.63573123514652,465.429439485073,2.60035356879234,205.989504575729,291.678129024804,21.782355222851,1218.41110949218,0.772772610187531,13.8800836503506
0,768.636913463473,9.00099372118711,203.857140943408,1.70488905906677,25.1815142482519,0,0,3.56059987843037,44.4788697957993,0,0.189333066344261,0,0,0,2.0966465473175,0.303911633789539,2.07288330793381,8.45812078565359,0.636476755142212,0,46.0911128371954,0,5.05787169933319,0,0,0,0,0,0,0,0,0,0,1.25504386425018,95.7457119226456,11.6144590973854,224.892635643482,51.6364660859108,578.162208713591,7.279067248106,471.571621105075,0.766975224018097,2.13520410656929,0,173.067850641906,12.6795907616615,775.88279093802,9.77687211334705,0,0,0.834684461355209,0,0,2.11524578928947,9.17135140299797,1.70505587756634,234.474679134786,0.351327836513519,0,0,36.468369781971,11.7168162688613,0.565614700317383,183.272437795997,11.8946774601936,81.1677213013172,2.4652793109417,213.123530983925,0,71.973696872592,0,48.2356893420219,0.129317685961723,0,0,0,2.53201687335968,171.540298067033,10.7196735069156,750.177119739354,161.717113092542,227.658296525478,4.2206781283021,1452.44478734583,11.7639777511358,0
0,0,0.531658291816711,0,70.7738167643547,0,17.1682651042938,0,0,0,1.32797205448151,0,0,0,0,0,0,0,0,0,134.705078065395,0,0,0,0,0,0,0,0,0,0,0,0,0,0,0,7.62950322031975,0,0,0,0,0,0,0,0,0,0.208257541060448,0,0.317743360996246,0,0,0,0,0,0,0,30.6643663048744,0,0,0,0,0,0,137.009040102363,0,0,0,0,0,0,0,0,0,0,0,0,0,0,0,15.4702465683222,0,0,0.262359350919724,0,38.7132685482502,0,0
0,0,0,0,0,240.520630538464,0,0,0,86.1085729598999,0,0,0,0,0,0,0,0,0,0.924104571342468,0,0,0,0,0,0,0,0,0,0,0,0,0,0,0,0.67883563041687,0,0,0,0.825603678822517,0,5.53180696070194,0,0,0,10.516175583005,0,0,0,0.834684461355209,0,0,0,0,0,14.2391834259033,0,0.153504773974419,0,0,0,58.1219846606255,68.3682711720467,0,0,0,0,0,0,0,0,0,0.101517021656036,0,0,0,0,0,0.111273042857647,0.149944052100182,0.427450478076935,0,1.75575599074364,0,7.85671602189541,0,0
0,0,0,0,0,0,202.036445856094,0,0,0,45.6521017551422,0,0,0,0,0,0,0,0,0,0,0,0,0,0,0,0,0,0,0,0,0,0,0,0,0,0,0,0,0,0,0,0,0,0,0,0,0,0,0,0,0,0,0,0,0,0,0,21.0227092504501,0,0,0,0,0,0,0,0,0,0,0,0,0,0,0,0,0,0,0,0,0,0,0,318.745764732361,324.663729190826,0,0,0
0,0,0,0,0,29.483013510704,0,319.089545398951,0,0,0,187.51854608953,0,0,0,0,0,0,0,67.2474751472473,0,0,0,0,0,0,0,0,0,0,0,0,0,0,0,0,0,0,0,0,0,0,0,0,0,0,0,0,0,0,0,0,0,0,0,0,0,5.83858105540276,0,0,0,0,1.31413850188255,0,0,0,0,0,0,0,0,0,0,0,0,0,0,0,0,0,0,0,5.24668982625008,0,0,0,0
1203.08328586817,0,19.9357066452503,0,16.0854724645615,0,0,0,1125.98050226271,0,0,0,0,0,271.742234051228,0,111.135020911694,0.236019819974899,2.12095027416945,0,6.93879628181458,0,0,0,0,0,103.857597380877,0,0,0,0,0,0.401396691799164,0,6.81211321055889,0,2.22381721436977,0.840377032756805,52.1447583436966,4.29933914542198,2.94585590809584,0.732095330953598,28.8898026123643,0,0,0,9.7380960136652,40.4546850025654,30.5080804675817,2.11524578928947,0,0,0,0,0,0,0,0,0,0,54.9908000528812,0,0,1.59105953574181,0,0,0,124.126384526491,0,0,0,0,0.995213210582733,2.12177300453186,0,1.03434474766254,0,11.3255430608988,0,6.1114044636488,2.83434882760048,136.639941439033,697.291054189205,0.289078570902348,281.411052510142,0,0.621786296367645
0,30.8470042645931,0,2.32102990150452,0,206.489365726709,0,0,0,1493.75736285746,0,0,0,0,0,854.107640311122,1.9026945233345,42.9364753514528,9.21789979934692,0,0,0.950364738702774,0,22.6204694062471,0,122.456649839878,0,0,0,0,0,0,0,0,0,0,0,82.88521720469,0,0,0,0.221707552671432,0,0,0,0,0,0,0,9.17135140299797,0,14.2391834259033,0,0,0,0,0,0,0,0,0,222.579404085875,0,0,0,0,182.785520002246,0,6.26735866069794,0,0,0,0,0,0,0,0,0,0,0,141.816905170679,0,103.547135591507,32.8253093212843,13.2085058242083,0,0
0.0797130987048149,0,0.696105450391769,0,0,0,272.578864037991,0,1.1432993710041,0,2514.88705654442,0,231.269921064377,0,0,0,0,0,0.587075561285019,0,488.567494094372,0,0,0,0,0,0,0,0,0,28.6708487272263,0,0,0,0,0,884.405253723264,0,1790.18999682367,2.48075118660927,0.544589564204216,0,2.9174676835537,0,0,1.3056842982769,7.72953240573406,3.34787012636662,11.2917514443398,1.70505587756634,30.6643663048744,0,0,0,0,0,0,0.18996062874794,62.0154490768909,0,0,0,0,628.787966758013,0,0,0,0,0,0,0,0,0,52.8385467529297,0,0,0,0,0,118.212177887559,0,158.520940080285,227.469391398132,0.209853455424309,180.47946215421,0,0
0,9.4994286224246,0.665324628353119,96.3497051373124,0,17.1381189152598,0,77.1211090683937,0,1.43648998439312,0,4053.4614675045,0,738.869201481342,0,0,3.82456327974796,7.49742129445076,63.2622924521565,102.007451295853,0,0,0,0.666841626167297,0,0,0,85.2206071615219,0,163.795524984598,0,0,0,0,0,8.88032838702202,0,41.1648236513138,0,102.228407546878,2.51715082675219,1345.78904978186,4.7567275762558,5.99996884167194,0,116.955084711313,3.11288814246655,6.39486695080996,1.12569074332714,234.474679134786,0,0.153504773974419,0,5.83858105540276,0,0,0.18996062874794,0,0,0,0,0,677.662556663156,0.108420066535473,0,0,0,0,0,0,37.4487129747868,0,1308.33107365668,0.472025901079178,0.120380125939846,0,0,0,64.1582071259618,2.59936515986919,194.370770446956,3.4476812928915,168.112854398787,105.131202846766,709.475658133626,98.40127196908,0.51413656771183
0.0880997329950333,0,0.386853411793709,0,0,0.177852243185043,111.309254646301,0,0,0,964.010708838701,0,2245.84225678444,0,1,0,0.243136242032051,0,0,0,0,0,0,0,0,0,0,0,0,0,0,0,0,0,0,0,5.02118697762489,0,0,0.58357147872448,0.52485254406929,0,1.11475344002247,0,0,0,2.40595757961273,3.38375742733479,3.057716332376,0.351327836513519,0,0,21.0227092504501,0,0,0,62.0154490768909,0,0,0,30.511768579483,0,0,4.66089837253094,0,0,0,0,0,0,0,0,0,0,0,0,0,0,0,12.7290830165148,0,0,701.778313860297,416.695660233498,14.1996985375881,0,0
0,0,0,0,0,0,0,0,0,0,0,0,0,1143.06298646331,0,506.949380218983,0,0,0,0,0,0,0,0,0,190.906964242458,0,8.58407837152481,0,0,0,0,0,0,0,0,0,0,0,0,0,0,0,0,0,0,0,0,0,0,0,0,0,0,0,0,0,0,0,0,0,65.6092606186867,0,0,0,0,0,0,0,0,127.690195560455,0,0,0,0,0,0,0,0,0,0,0,326.411711394787,30.9372178912163,0,0,0
0,0,0,0,0,0,0,0,328.224381893873,0,0,0,95.2249050140381,0,274.973551243544,0,0,0,0,0,0,0,0,0,0,0,0,0,0,0,0,0,0,0,0,0,0,0,0,0.645806312561035,0,0,0,0,0,0,0,0.252690494060516,0.16275680065155,0,0,0,0,0,54.9908000528812,0,0,0,30.511768579483,0,0,0,0,0,0,0,0,0,0,0,0,0,0,0,0,0,0,0,0,0,0,0,6.78495234251022,0,0.456862539052963,0,0
0,10.4395018815994,0,0,0,117.759075939655,0,0,0,187.119818270206,0,0,0,1,0,822.003584384918,0,19.7765284776688,0,0,0,0,0,0,0,0,0,0,0,0,0,0,0,0,0,0,0,0.236379951238632,0,0,0,0,0,0,0,0,0,0,0,36.468369781971,0,58.1219846606255,0,0,0,222.579404085875,0,0,0,65.6092606186867,0,0,0,0,0,0,50.9800081551075,0,0,0,0,0,0,0,0,0,0,0,0,0,0.404171422123909,0,25.7871154844761,0,31.3857525140047,0,0
0.0680260509252548,0,0,37.5637502372265,0,590.054650135338,0,2.60356730222702,0,0.483430474996567,0,391.524391725659,0,0,0,0,2.33871687948704,1.81635297089815,24.1285101473331,1703.58517637849,0,0.463598757982254,0,0,0,0,0,0,0,0,0,0,0,0,0,1219.86123290658,0,154.028627336025,0,313.694358192384,0.915102362632751,107.129661023617,0.465028449892998,1.12857528030872,0,552.209863178432,3.04603940993547,0,0,11.7168162688613,0,68.3682711720467,0,1.31413850188255,0,0,0,677.662556663156,0,0,0,0,0,0.701726615428925,0,0,0,0,0,0,0.639806360006332,0,194.453849963844,0,0,0,0,0,1883.04899606854,0.745843701064587,947.939978741109,0,413.448398023844,2.36335279792547,299.947847418487,3.01049701869488,0
0,0,21.5443848147988,1.57591193914413,44.846587151289,0,6.67545300722122,0,4.53486557304859,0,183.639585107565,0,0,0,0,0,12.3675399571657,7.35524329543114,106.881369777024,0,603.330071732402,0,0,0,0,0,0,0,0,0,0,0,0,0,0,0,2809.17774385214,0,197.571442574263,0.345748580992222,9.43261890113354,4.51672683656216,32.8543405607343,0,0,1.2979880720377,1910.12609005719,1.20483278483152,2.25515773147345,0.565614700317383,137.009040102363,0,0,0,1.59105953574181,0,628.787966758013,0.108420066535473,4.66089837253094,0,0,0,0.701726615428925,0,0,0,0,0,0,0,0,0,0.433024778962135,51.5321273207664,0,0,0,0,0.582636773586273,1061.98140457273,0.783762730658054,930.155777446926,164.993693187833,6.44679442793131,1027.34942775965,0.420370236039162,1.69987598061562
0,0,0,0,0,0,0,0,0,0,0,0,0,0,0,0,16.9788840413094,92.1222639530897,4.8331672847271,0,0,3941.25069713593,59.2532110214233,0,0,0.398663222789764,0,0,0,0,0,0,0,0,0,0,0,496.250680953264,3.05826243758202,0,0,0,0,0,0,0.193186908960342,0,12.5538642406464,0,183.272437795997,0,0,0,0,0,0,0,0,0,0,0,0,0,0,0,0.968396008014679,37.9695605188608,0.210552826523781,164.28060567379,0,134.51985694468,0,0,0,0,0,0,0,0,0,355.448691129684,7.76872481405735,593.583745032549,349.735325694084,2.81418140232563,0,0
0,0,0,0.669571399688721,0,0,0,0,0,0,0,0,0,0,0,0,0,0,0,0,0,0,5344.48782151937,0,81.1546829938889,0,160.565197110176,0,485.008076310158,0,0,0,0,0,0,0,0,15.8616244345903,564.119959801435,0,0,0,0,0,0,0,0,43.1794121861458,0,11.8946774601936,0,0,0,0,0,0,0,0,0,0,0,0,0,0,0.968396008014679,0,0,118.926494479179,0,0,0.362562626600266,19.1194359064102,0,0,0,0,0,0,0,0,39.6829611212015,1022.23425264657,267.117465257645,68.8607987165451,2.09755790233612,0,0
0,11.2860493659973,0,0,0,0,0,0,0,154.835743770003,0,0,0,0,0,0,0.305683344602585,24.3754045814276,5.5084325671196,0,0,19.2522037625313,0,503.770278230309,0,282.088930010796,0,0,0,0,0,0,0,0,0,0,0,188.405691072345,0,1.84381687641144,0,4.07932363450527,0,0,0,0,1.16376984119415,0,0,81.1677213013172,0,0,0,0,0,182.785520002246,0,0,0,0,0,50.9800081551075,0,0,37.9695605188608,0,0,0,367.931093260646,0,3.64092656970024,0,0,0,0,0,0,0,0.911291062831879,0,249.020675048232,0,42.906934812665,0,150.675329878926,0,0
0,0,0,0,0,0,0,0,2.30209909379482,0,0,0,0,0,0,0,0,0,0,0,0,0,138.469797074795,0,543.301905035973,0,0,0,0,0,0,0,0,0,0.663478538393974,0,0,0.608748942613602,335.622357606888,0,0,0,0,0,0,0,0,56.0506408214569,8.6016038954258,2.4652793109417,0,0,0,0,124.126384526491,0,0,0,0,0,0,0,0,0,0.210552826523781,118.926494479179,0,0,0,0,0,0,0,0,0,0.258402407169342,0,2.11837270855904,0,0,3.44867660105228,191.528684794903,349.7675909549,0,51.0905743986368,0,0
0,0,0,0,0,0,0,0,0,24.6030881404877,0,0,0,0,0,82.057569026947,0,20.5489470362663,0,0,0,160.309922218323,0,256.920084014535,0,217.703906953335,0,0,0,0,0,0,0,0,0,0,0,0,0,0,0,0,0,0,0,0,0,0,0,213.123530983925,0,0,0,0,0,6.26735866069794,0,0,0,0,0,0,0,0,164.28060567379,0,367.931093260646,0,0,0,49.4998793900013,0,0,0,0,0,0,0,0,0,0,0,14.9043448269367,0,0,0,0
0,0,0,0,0,0,0,0,0,0,0,0,0,0,0,0,0,0,0,0,0,0,0,0,0,0,56.2027043104172,0,937.993439614773,0,0,0,0,0,0,0,0,0,0,0,0,0,0,0,0,0,0,0,0,0,0,0,0,0,0,0,0,0,0,0,0,0,0,0,0,0,0,0,0,0,0,0,0,0,0,0,0,0,0,0,0,0,0,0,0,0,0
0,0,0,2.52767281234264,0,0.178071215748787,0,0,0,0,0,0,0,16.015588760376,0,0,0,0,0.77923446893692,0,0,102.343583345413,0,0,0,231.333628892899,0,1367.47927184403,0,0,0,0,0,0,0,0,0,1.14212594926357,0.578270852565765,0.275921568274498,0,2.75579764693975,0.28122016787529,0,0,0.945169791579247,0,1.55272555351257,0,71.973696872592,0,0,0,0,0,0,0,37.4487129747868,0,127.690195560455,0,0,0.639806360006332,0,134.51985694468,0.362562626600266,3.64092656970024,0,49.4998793900013,0,0,0,0,0,0,0,0,0,0,0,56.281471952796,2.09694375097752,578.81749369204,266.975580401719,3.44873113185167,0.210425138473511,0
0,0,0,0,0,0,0,0,0,0,248.908495187759,0,38.4581827521324,0,0,0,0,0,0,0,0,0,8.29193550348282,0,0,0,0,0,1664.10886645317,0,380.966204166412,0,0,0,0,0,0,0,49.9750819206238,0,0,0,0,0,0,0,0,0,0,0,0,0,0,0,0,0,0,0,0,0,0,0,0,0,0,19.1194359064102,0,0,0,0,0,0,0,1,0,0,0,0,0,0,0,314.217887163162,43.8178281784058,269.934305280447,0,0,0
