0,0,0.0610983769718337,0,0.00278795457263176,0,0,0,0.101527628786085,0,0,0,0,0,0,0,0,0,0.00172467605347791,0,0,0,0,0,0.00245005469878772,0,0,0,0,0,0,0,0,0,0,0,0,0,0.000139280728679069,0,0,0,0.00309546692271694,0,0,0,0.000287355050610865,0,0.0196619228546491,0,0.000764011378179891,0,0,0,0.0405081601193807,0,0,0,7.96409001635814e-05,0,0.0224623914377736,0,0,0,0,0,0,0.00265085722719458,0,0,0,0,0,0,0,0,0,0,0,0.00010877911361566,0,0,0.000761040271295828,0,0.0174914012958976,0,0.00668179800722801
0,0,0,0.0774886348302049,0,0,0,0,0,0.0834131846801963,0,0,0,0,0,0.000656217965073022,0,0,0,0,0,0,0,0.00288441268292957,0,0,0,0,0,0,0,0,0,0,0,0,0,0,0,0,0,0.00580773618910387,0,0,0,0,0,0.000259010943611561,0,0.0171092837424439,0,0,0,0,0,0.119084119544977,0,0,0,0,0,0.000843953093863092,0,0,0,0,0.00132222933312395,0,0,0,0,0,0,0,0,0,0,0,0,0,8.25340950138972e-06,0,0.00083631154122852,0,0.0183954037130081,0.0017487518411551,0
0.0610983769718337,0,0,0,0.0369956158239944,0,0,0,0.030958542924713,0,0,0,0,0,0,0,0,0,0,0,0.000204127703670132,0,0,0,0.000196406342948922,0,0,0,0,0,0,0,0,0,0,0,5.50554589974095e-05,0,3.07747081571503e-06,0,0.000735946430846698,0,0.000156222413565725,0,0,0,0.00629833202674438,0,0.00791557399406542,0,0.00348162452748248,0,0,0,0.00138927308805175,0,0.0049691465339074,0,0.000208028883316464,0,0.00700936161289467,0,0,0.000689775605616475,0,0,0,0,0,0,0,0,0,0.00012893930559075,0,0,0,0,0,3.64814254044278e-06,0,0,0.000155792318958057,0,0.0337813509085176,0,0
0,0.0774886348302049,0,0,0,0.0628721645419284,0,0,0,0.0151242371196569,0,0,0,0,0,0,0,0,0,0,0,0,0,0.000148875394810108,0,0,0,0,0,0,0,0,0,0,0,0,0,0,0,0.00021532648147401,0,0.00452145159664524,0,0,0,0.0495877693886339,0,0.000100931866057908,0,0.0353366324708925,0,0.00303316944677069,0,0,0,0.000406538479663101,0,0.00472024834293209,0,0.00106532472752296,0,0.00460930802167102,0,0,0,0,0,0,0,0,0,0,0,0,0,0,0,0,4.10515921250408e-06,0,0,0,0.000737168511426023,0,0.0378790754503861,0.000352170204817038,0
0.00278795457263176,0,0.0369956158239944,0,0,0,0.00201797289809305,0,0.0163264580352412,0,0,0,0,0,0.000163025761139579,0,0,0,0,0,0.00131389225330859,0,0,0,0,0,0,0,0,0,0,0,0,0,0,0,0,0,0,0,3.30110601167485e-05,2.95924001425703e-05,0.000311428741028895,0,0,0,0.00690911957058209,0,0.000935761700004863,0,0.0742916973744218,0,0.000357589829945937,0,0.0871198998724319,0,0.00160667194771669,0,0.000736610883872602,0,0.000456511804159057,0,0,0.00105315740920444,0,0,0,0,0,0,0,0,0,0,0,0,0,0,0,1.19721798472432e-05,0,3.15002969439873e-05,0.000315182197264098,0,0.0101070145177983,0,0
0,0,0,0.0628721645419284,0,0,0,0.00179078504323803,0,0,0,0,0,0,0,0,0,0,0,0.000683589205410203,0,0,0,0,0,0,0,0,0,0,0,0,0,0,0,5.33906025066426e-05,0,0,0,0.00206846466479263,0,3.47209356125567e-05,0,0,0,0.0146565989581358,0,3.63173744766722e-05,0,3.16247143406867e-05,0,0.0774824915885509,0,0.000533006382693869,0,0,0,0.00141479308966259,0,0,0,0,2.70779076141422e-05,0,0,0,0,0,0,0,0,0,0,0,0,0,0,0,8.42232991032641e-05,0,0,0,0.000912209524187911,0.000125800280860488,0.0154660251118895,0,0
0,0,0,0,0.00201797289809305,0,0,0,0,0,7.42693737265654e-05,0,0.00938453622323357,0,0,0,0,0,0,0,0,0,0,0,0,0,0,0,0,0,0,0,0,0,0,0,0,0,0,0,0,0,0,0,0,0,0,0,0,0,0,0,0.0911655369551297,0,0,0,0,0,0.00678435926323433,0,0,0,0,0,0,0,0,0,0,0,0,0,0,0,0,0,0,0,0,0,0,0,0.000170166113456133,0,0,0,0
0,0,0,0,0,0.00179078504323803,0,0,0,0,0,0,0,0,0,0,0,0,0,0,0,0,0,0,0,0,0,0,0,0,0,0,0,0,0,0,0,0,0,0,0,0,0,0,0,0,0,0,0,0,0,0.00304574309891017,0,0.0337136443732148,0,0,0,0,0,0,0,0,0,0,0,0,0,0,0,0,0,0,0,0,0,0,0,0,0,0,0,0,4.19533417018036e-05,0,0,0,0
0.101527628786085,0,0.030958542924713,0,0.0163264580352412,0,0,0,0,0,0,0,0,0,0.0221559388219631,0,0.00151447687707235,9.46061781052618e-05,0,0,0,0,0,0,0.00525126051756901,0,0.00317110537165142,0,0,0,0,0,0,0,0,0,0,0,0.00183416930708769,0,0,0,0.00267684582251229,0,0,0,4.20525079994605e-05,0,0.00283756612305519,0,0.0132727661654469,0,0,0,0.196906044028834,0,0,0,0.0014312462531832,0,0.0501835203004712,0,0,6.54608318047985e-05,0,0,0,0.00667190045114328,0,0.00018984338385053,0,0,0,0,0,0,0,0,0,6.09988022553468e-06,0,0.000639486199671676,0.000977060573790695,0,0.00543494686192364,0,0.00431321662456478
0,0.0834131846801963,0,0.0151242371196569,0,0,0,0,0,0,0,0,0,0,0,0.00617751795441797,0.00041953912560292,0.00270320933673405,0.000308068890522627,0,0,0,0,0.0189136066968601,0,0.00822592773447839,0,0,0,0,0,0,0,0,0,0,0,0.00210041589817386,0,0,0,0.000134611947185644,0,0,0,0.00259024230434137,0,0,0,5.52249465915087e-05,0,0,0,0,0,0.069079201340261,0,0,0,0,0,0.00411288419388289,0,0,0,0,0.0017918316393825,0,0.000259526602814588,0,0,0,0,0,0,0,0,0,0,0,0.00115440253356411,0,0.00166388810989154,0.000344588443890772,0.00810409548060925,0,0
0,0,0,0,0,0,7.42693737265654e-05,0,0,0,0,0,0.00158588970432573,0,0,0,0,0,0,0,0.00831413472352889,0,0,0,0,0,0,0,4.75872245474085e-05,0,0.00879403126127918,0,0,0,0,0,3.98696660555294e-05,0,0.00366612064755618,0,0,0,0,0,0,0,0,0,0,0,0.000451065973400057,0,0,0,0,0,0.0871458791923972,0,0,0,0,0,0,0,0,0,0,0,0,0,0,0,0,0.017127218510524,0,0,0,0,0,0,0,0.000422294969985086,0.0016070202213071,3.81447805667366e-05,1.28311544990594e-05,0,0
0,0,0,0,0,0,0,0,0,0,0,0,0,0,0,0,0,0,1.40226792712017e-05,0.00822269640096382,0,0,0,0,0,0,0,0,0,0.00073853866300802,0,0,0,0,0,0.000266257442808284,0,0.00408989764244714,0,0,0,7.40374787564467e-05,4.14643306263767e-05,0.000417913946764315,0,0.00201935241354015,0,9.79163934210746e-06,0,1.32860709672579e-05,0,0,0,0,0,0,0,0.0497214383541926,0,0,0,0,0.000120831371704422,0,0,0,0,0,0,0,0,0,0.0100580217040733,0,0,0,0,0,3.13274040072454e-05,0,0.000379274576121718,0,0.000533757814409032,0,8.57654916607123e-05,0,0
0,0,0,0,0,0,0.00938453622323357,0,0,0,0.00158588970432573,0,0,0,0.00770816675236257,0,0,0,0,0,0,0,0,0,0,0,0,0,0,0,0,0,0,0,0,0,0,0,0,0,0,0,0,0,0,0,0,0,0,0,0,0,0.00325888417318368,0,0,0,0,0,0.0310808898085349,0,0.00755487749325454,0,0,0,0,0,0,0,0,0.000112259867096509,0,0,0,0,0,0,0,0,0,0,0,0,0.000221726671578287,0,0,0,0
0,0,0,0,0,0,0,0,0,0,0,0,0,0,0,0.00163615891118129,0,6.83442677995891e-05,0,0,0,0,0,0,0,0,0,0.00116532485090472,0,0,0,0,0,0,0,0,0,0,0,0,0,0,0,0,0,0,0,0,0,0,0,0,0,0,0,0,0,0,0,0.00559013877517185,0,0.0095687561868928,0,0,0,0,0,0,0,0,0,0,0,0,0,0,0,0,0,0,0,0,7.20256578425872e-05,0,0,0,0
0,0,0,0,0.000163025761139579,0,0,0,0.0221559388219631,0,0,0,0.00770816675236257,0,0,0,0.000338470343884268,0,0,0,0,0,0,0,0,0,0,0,0,0,0,0,0,0,0,0,0,0,0,0,0,0,0,0,0,0,0,0,0,0,0.0032304733607992,0,0,0,0.0100619969315714,0,0,0,0.00100384952587437,0,0.0337336305478508,0,0,0,0,0,0,6.28496923669661e-05,0,0,0,0,0,0,0,0,0,0,0,0,0,0,4.1220541788789e-06,0,0,0,0
0,0.000656217965073022,0,0,0,0,0,0,0,0.00617751795441797,0,0,0,0.00163615891118129,0,0,0.000400375840429327,0.00860628705303574,0.000245758092954201,0,0,0,0,0.000690426937374998,0,0.0120060149924831,0,0,0,0,0,0,0,0,0,0,0,0,0,0,0,0,0,0,0,0,2.3760066007501e-05,0,0,0,0,0,0,0,0,0.0135363027435204,0,0,0,0,0,0.00189916578991978,0,0,0,0,0,0,0.00294116514440446,0,0,0,0,0,0,0,0,0,2.11983037372418e-06,7.05909619059576e-06,0,0,0.000423895981803079,5.29753854918612e-05,0,0,0
0,0,0,0,0,0,0,0,0.00151447687707235,0.00041953912560292,0,0,0,0,0.000338470343884268,0.000400375840429327,0,0.113884640105897,0.0557567615145082,0,0,0,0.00342174215179229,1.68606230441216e-05,0,0.000413038228072397,0.00376185483076114,1.29366988537547e-06,0,0,0,0,0,0,0,0,2.49718902328716e-06,0,0,0.00140494109374275,4.6516076761628e-06,0.000693616100811735,0.00044220058905567,0.000192107596167453,7.28904334540681e-05,0.000232588879747902,0.000864993749365697,0,3.56417714518067e-06,0.000171507781490956,0,0,0,0,7.63349265429153e-05,0,0,0,0,0,0,3.16307836192137e-05,0,8.74488086415914e-05,0,8.14842993348527e-05,0,0,5.12754962705996e-06,0,0,0,1.59816363995602e-05,4.12165481240568e-05,0,0,0,0,0.000794132799121044,0.000397618129984738,0.000250687062135099,0.000481231533882895,0.0264949599597173,0.000937798016537504,0.000562214328084802,0.000321726639182592,3.35375265460406e-05
0,0,0,0,0,0,0,0,9.46061781052618e-05,0.00270320933673405,0,0,0,6.83442677995891e-05,0,0.00860628705303574,0.113884640105897,0,0.0512115492184827,0,7.53035586654023e-06,9.61945020127729e-05,0,0.000794321203070259,0,0.0187923398954522,0,5.68226956127082e-05,0,0,0,0,0,0,0,0,1.41267696908178e-05,0,0,0.00236281851547285,3.03108374844407e-05,0.00203313541314522,0.000576634981167368,0.000634556568093398,3.47103188533429e-05,0.00065490215600161,0.00148427611461498,0,3.55236444570684e-05,0.000498564645937885,0,0,0,0,0,0.000389104470947876,0,3.12153139751575e-05,0,0,0,0.000698640551664128,0,0.000208704809809486,0,0,0,0,0.000354148972270326,0,0,0,6.68477067490701e-05,9.16564089915849e-05,0,0,0,0,0.00130619425055081,0.000708451650863579,0.000567445042856554,0.000623895822038863,0.0424849924551183,0.024633678282803,0.000731365891734695,0.000610055711709032,0.000151183158912706
0.00172467605347791,0,0,0,0,0,0,0,0,0.000308068890522627,0,1.40226792712017e-05,0,0,0,0.000245758092954201,0.0557567615145082,0.0512115492184827,0,2.10931912573965e-05,6.93299643209674e-05,0,0,0.00010631967683053,0,0.000646242273490714,0,0,0,0,0,0,0,0,0,0,0.000115227615757792,0,1.0633309638401e-05,0.0278640456672867,0.000538477283922706,0.0234930927589842,0.0186775572399565,0.00753502999660916,0.00309540242766211,0.00649208218038211,0.0333277183785799,5.60047596286901e-05,0.000215184476994562,0.0043801394983466,0,0,0,0,0,0,3.85322815286729e-05,7.59512744815906e-05,0,0,0,0,4.17854094961e-05,0.00505169631751016,0,0,0,0,0,0,0,5.25809012387002e-06,0.00047401823552038,0.00165558503680793,0,0,0,0,0.0132417629712586,0.0114753283576873,0.00403151586806688,0.00889107544054857,0.0157237900539702,0.00439435851809817,0.0126563131671936,0.00752869186305879,0.00472248486088373
0,0,0,0,0,0.000683589205410203,0,0,0,0,0,0.00822269640096382,0,0,0,0,0,0,2.10931912573965e-05,0,0,0,0,0,0,0,0,0,0,0,0,0,0,0,0,0.0113322308730986,0,0.000388835282771842,0,0.00033759878292814,0,6.54429760669805e-05,1.73541411328646e-05,0.00142577755510527,0,0.0264006485879557,0,5.9983027799517e-05,1.98941259188685e-05,4.26756811690906e-05,0,0,0,0,0,0,0,0.000503525684986439,0,0,0,0,0.099072422872743,0,0,0,0,0,0,0,0,0,0.00543339131263131,0,0,0,0,0,0.00545101713798104,3.3807056390703e-06,0.00161359222162592,0,0.00160736002869265,1.33283512300606e-05,0.00128422072175544,7.24482152532086e-05,0
0,0,0.000204127703670132,0,0.00131389225330859,0,0,0,0,0,0.00831413472352889,0,0,0,0,0,0,7.53035586654023e-06,6.93299643209674e-05,0,0,0,0,0,0,0,0,0,0,0,0.000538292546358447,0,0,0,0,0,0.0189410831160614,0,0.0104248670463417,0,0.000191844392523717,0,6.24528604015861e-05,0,0,0,0.00158772526759625,0,1.32207333244016e-05,0,0.00578151883079679,0,0.0010239443327756,0,0,0,0.0139147432471931,0,0,0,0,0,0,0.118563582830882,0,0,0,0,0,0,0,0,0,0.0131685795952785,0,0,0,0,1.07893214524452e-05,0.0070506580212605,0,0.00789281669155851,0.00147605883804944,4.16794642930026e-05,0.00590197851544535,0,0
0,0,0,0,0,0,0,0,0,0,0,0,0,0,0,0,0,9.61945020127729e-05,0,0,0,0,0.00906290927905227,0.00145245123818818,0,0.000347798411834927,0,0.000623471340906125,0,0,0,0,0,0,0,0,0,0.0054773650135934,0,0,0,0,0,0,0,0,0,0,0,0.00291846992694937,0,0,0,0,0,0,0,0,0,0,0,0,0,0,0.0326925069493248,0.00381043991314058,0.000319298022401658,0,0.00496570200701515,0,0,0,0,0,0,0,0,0,0,0,0.00156482340680334,0,0.00194892901831863,0.000536887860729713,0,0,0
0,0,0,0,0,0,0,0,0,0,0,0,0,0,0,0,0.00342174215179229,0,0,0,0,0.00906290927905227,0,0,0.0015581731777771,0,0,0,0.00210306025731388,0,0,0,0,0,0,0,0,0,0.00755165761281604,0,0,0,0,0,0,0,0,0,0,0,0,0,0,0,0,0,0,0,0,0,0,0,0,0,0,0.0576399351358923,0,0.00185481665484665,0,0,0,0.00222529688666964,0,0,0,0,0,0,0,0,0,0.0004499415587221,0.00180497089686903,0.000408582029452127,0,0,0
0,0.00288441268292957,0,0.000148875394810108,0,0,0,0,0,0.0189136066968601,0,0,0,0,0,0.000690426937374998,1.68606230441216e-05,0.000794321203070259,0.00010631967683053,0,0,0.00145245123818818,0,0,0,0.00820951370826585,0,0,0,0,0,0,0,0,0,0,0,0.00848399684680358,0,0,0,0,0,0,0,0,0,0,0,0.00628807340172644,0,0,0,0,0,0.0621322391922892,0,0,0,0,0,0,0,0,0.000198189156022718,0,0.0334102993475401,0,0.00101538708234814,0,0,0,0,0,0,0,0,0,0,0,0.00393488644606727,0,0.000118288300026155,3.99558479322469e-06,0.00194360020149743,0,0
0.00245005469878772,0,0.000196406342948922,0,0,0,0,0,0.00525126051756901,0,0,0,0,0,0,0,0,0,0,0,0,0,0.0015581731777771,0,0,0,0.0235147516497946,0,0,0,0,0,0,0,0,0,0,0,0.00453150948549435,0,0,0,0.000461544692509374,0,0,0,0,0,2.94328138030617e-05,0,0,0,0,0,0.018504762408349,0,6.25933582529721e-05,0,0,0,0.000851715514940378,0,0,0,0,0.0025054792500936,0,0.115747712153059,0,0,0,0,0,0.000138319964783973,0,0,0,3.75994334917095e-05,0,0,0,0.00735562386796938,9.30956095314859e-05,0,0.000986529599098891,0,0.00141195028797469
0,0,0,0,0,0,0,0,0,0.00822592773447839,0,0,0,0,0,0.0120060149924831,0.000413038228072397,0.0187923398954522,0.000646242273490714,0,0,0.000347798411834927,0,0.00820951370826585,0,0,0,0.0057200701373937,0,0,0,0,0,0,0,0,0,0,0,0,0,0,0,0,0,0,2.8232136086452e-05,0,0,0,0,0,0,0,0,0.0138012176222401,0,0,0,3.6368669779808e-05,0,0.0006169403469023,0,0,5.66051094210707e-05,0,0.000175377062987536,0,0.0583328495438054,0,0.000197272704099305,0,0,0,0,0,0,0,0,1.60926258311667e-05,0,0,0.000819237325363877,0.000240012136332911,0,0,0.000524531087408853
0,0,0,0,0,0,0,0,0.00317110537165142,0,0,0,0,0,0,0,0.00376185483076114,0,0,0,0,0,0,0,0.0235147516497946,0,0,0,0.00062786298974302,0,0,0,0,0,0,0,0,0,0,0,0,0,0,0,0,0,0,0,0,0,0,0,0,0,0,0,0,0,4.39000188566258e-05,0,0,0,0,0,0,0,0,0,0,0.00654875050861949,0,0,0,0,0,0,0,0,0,0,0,0,8.91410822785019e-05,0,0,0,0
0,0,0,0,0,0,0,0,0,0,0,0,0,0.00116532485090472,0,0,1.29366988537547e-06,5.68226956127082e-05,0,0,0,0.000623471340906125,0,0,0,0.0057200701373937,0,0,0,0.00909920459978805,0,0,0,0,0,0,0,0.000519317163532744,0,0,0,0,0,0,0,0,0,0,0,0,0,0,0,0,0,0,0,0,0,0.00378762300776561,0,0,0,0,0.000195909678980203,0,0,0,0.0134689757474588,0,0.007936563504942,0,0.00314992066285691,0,0,0,0,0,0,0,7.70425974030509e-06,0,0.000234422529500611,0,0,0,0
0,0,0,0,0,0,0,0,0,0,4.75872245474085e-05,0,0,0,0,0,0,0,0,0,0,0,0.00210306025731388,0,0,0,0.00062786298974302,0,0,0,0.0105745462999423,0,0,0,0,0,0,0,1.07835312519455e-05,0,0,0,0,0,0,0,0,0,0,0,0,0,0,0,0,0,0,0,0,0,0,0,0,0,0,6.5006064668383e-05,0,0,0,2.07947949132232e-05,0,0.0349640906791346,0,4.87253418829731e-05,0,0,0,0,0,0,0,0.000265671356361803,2.00390149984742e-06,0,0,0,0
0,0,0,0,0,0,0,0,0,0,0,0.00073853866300802,0,0,0,0,0,0,0,0,0,0,0,0,0,0,0,0.00909920459978805,0,0,0,0,0,0,0,0,0,0.000696419170415875,0,0,0,0,0,0,0,0,0,0,0,0,0,0,0,0,0,0,0,0.00121907166590103,0,0,0,0,0,0,0,0,0,0,0,0,0,0,0.0212081002476773,0,0,0,0,0,0,0,0.00105076801133348,0,1.26026310464872e-05,0,0,0,0
0,0,0,0,0,0,0,0,0,0,0.00879403126127918,0,0,0,0,0,0,0,0,0,0.000538292546358447,0,0,0,0,0,0,0,0.0105745462999423,0,0,0,0,0,0,0,0,0,0.000503602393491141,0,0,0,0,0,0,0,0,0,0,0,0,0,0,0,0,0,0.00666785652127537,0,0,0,0,0,0,0.000119789944545698,0,0,0,0,0,0,0,0,0,0.0550721499413767,0,0,0,0,0,0,0,4.10530839096939e-05,2.92096734630934e-06,0,8.54161748641371e-06,0,0
0,0,0,0,0,0,0,0,0,0,0,0,0,0,0,0,0,0,0,0,0,0,0,0,0,0,0,0,0,0,0,0,0.0125722668211347,0.0194265931436704,2.94445493283502e-05,9.32325853942355e-05,6.40396811508173e-05,0,0,0,0,0,0,0,0,0,0,0.041064249678119,0.000406963107974531,0,0,0,0,0,0,0,0,0,0,0,0,0,0,0,0,0,0,0,0,0,0,0,0,0,0.051265178099159,0.000747340136685678,0.0113195664106196,0,6.11663468638614e-05,2.87701116748651e-06,0,0,0.000319718350844192,0,0,0,0
0,0,0,0,0,0,0,0,0,0,0,0,0,0,0,0,0,0,0,0,0,0,0,0,0,0,0,0,0,0,0,0.0125722668211347,0,0.000592710367704005,0.00182921612961685,4.42340379447456e-05,0.00375078976462651,0,0,0,0,0,0,0,0,0,0,0.00275716036205062,0,0,0,0,0,0,0,0,0,0,0,0,0,0,0,0,0,0,0,0,0,0,0,0,0,0,0.00728007374157575,0.0728176208242472,9.86176964233056e-05,0.015829536038803,0,0.00188757388749876,0,0,0.000155679897979478,0,0,0,0
0,0,0,0,0,0,0,0,0,0,0,0,0,0,0,0,0,0,0,0,0,0,0,0,0,0,0,0,0,0,0,0.0194265931436704,0.000592710367704005,0,0.0391234209232781,0.000589535291430262,0,0.00164664120631581,7.77561437599833e-06,0,0,0,0,0,0,0,0,0.103720221068762,0.00015293145734822,0,0,0,0,0,0,0,0,0,0,0,0,0,0,0,0,0,0,0,0,0,0,0,0,0,0.0107624821744683,0,0.112532380133262,0.0286756065786887,0.00023351216407408,0,0.00500575585523406,0.000359821633535616,0.00260542626747852,0,0,0,0
0,0,0,0,0,0,0,0,0,0,0,0,0,0,0,0,0,0,0,0,0,0,0,0,0,0,0,0,0,0,0,2.94445493283502e-05,0.00182921612961685,0.0391234209232781,0,0,0.00386484504826043,0,0.00426672187299477,0,0,0,0,0,0,0,0,0.103492261942107,0,0.000123838180477036,0,0,0,0,0,0,0,0,0,0,0,0,0,0,0,0,0,0,0,0,0,0,0,0,0,0.0035691416929149,0.0203580878207836,0.221880722915621,0,0.00100364224240115,0,0.000231490618793295,0.00109574172005926,0.00143956436751988,0,0,0
0,0,0,0,0,5.33906025066426e-05,0,0,0,0,0,0.000266257442808284,0,0,0,0,0,0,0,0.0113322308730986,0,0,0,0,0,0,0,0,0,0,0,9.32325853942355e-05,4.42340379447456e-05,0.000589535291430262,0,0,0.000332503087680765,0.00682954593634781,0,4.15325682606771e-05,0,0,0,0,0,0.000335297446017572,0,0.00411451159848619,0.00040091474089494,0,0,0,0,0,0,0,0,0,0,0,0,0,0.00481276725256086,0,0,0,0,0,0,0,0,0,3.67370035656865e-06,0,0,0,0.000529494846910987,0,0.0490383289989979,0.00025486904677006,0.000780625559033857,0,0.00519213154749676,5.17856430063817e-05,0.000414158087356266,0,0
0,0,5.50554589974095e-05,0,0,0,0,0,0,0,3.98696660555294e-05,0,0,0,0,0,2.49718902328716e-06,1.41267696908178e-05,0.000115227615757792,0,0.0189410831160614,0,0,0,0,0,0,0,0,0,0,6.40396811508173e-05,0.00375078976462651,0,0.00386484504826043,0.000332503087680765,0,0,0.00759631631091411,7.04495895542293e-06,1.05686841940444e-05,1.79585920417755e-05,0.000180617370478408,3.06557167284522e-06,1.63549408286388e-05,0,0.000572768454646453,0.00171831029420188,0.000844702974393159,0,0,0,0,0,0,0,2.26877021955903e-05,0,0,0,0,0,0,0.00539336295992101,0,0,0,0,0,0,0,1.4833126298623e-06,0,1.55136131078649e-05,0,0.000576377802107238,0,0,7.84008285003267e-06,0.0519015223192483,2.78807826161453e-06,0.00166541962264258,0.00802717806584569,0.000218094496093724,0.000456251240576006,0,5.73802157751227e-06
0,0,0,0,0,0,0,0,0,0.00210041589817386,0,0.00408989764244714,0,0,0,0,0,0,0,0.000388835282771842,0,0.0054773650135934,0,0.00848399684680358,0,0,0,0.000519317163532744,0,0.000696419170415875,0,0,0,0.00164664120631581,0,0.00682954593634781,0,0,0,4.78803117047726e-06,0,0.000334750891950044,0,0,0,9.30459631823759e-05,0,0.00230643980063116,0,0.00999602096876968,0,0,0,0,0,0.000144132421088481,0,1.39552606302626e-05,0,0,0,0,0.00106879576736565,0,0.0026304213268282,0,0.00166481601464685,0,0,0,0.000238593260879066,0,0,0,0,0,0.000663190949743327,0,0.00206514365809083,0,0.0588598315966715,0,0.00353875055340081,0.000858432500394981,0.00386065018740552,0,0
0.000139280728679069,0,3.07747081571503e-06,0,0,0,0,0,0.00183416930708769,0,0.00366612064755618,0,0,0,0,0,0,0,1.0633309638401e-05,0,0.0104248670463417,0,0.00755165761281604,0,0.00453150948549435,0,0,0,1.07835312519455e-05,0,0.000503602393491141,0,0,7.77561437599833e-06,0.00426672187299477,0,0.00759631631091411,0,0,0,2.38928958396326e-05,0,0.000120938343669038,0,0,0,2.1880908998074e-05,0.0110016569286853,0.000653487005308803,0.000154559427161936,0,0,0,0,0.000635757339522014,0,0.00128798558472383,0,0,0,0,0,0,0.000984355910497094,0,0.00668272784887395,0,0.00421698563665724,0,0,0,9.31485797462886e-05,0,0.00136136925390411,0,0,2.39535048842938e-05,0.001408456633492,0,0.000304277485670108,5.82952981247994e-06,0.0761325457390636,0.00319857486752808,0.000249521082350927,0.00150207173867786,4.09992850871059e-06,0.00016115962079035
0,0,0,0.00021532648147401,0,0.00206846466479263,0,0,0,0,0,0,0,0,0,0,0.00140494109374275,0.00236281851547285,0.0278640456672867,0.00033759878292814,0,0,0,0,0,0,0,0,0,0,0,0,0,0,0,4.15325682606771e-05,7.04495895542293e-06,4.78803117047726e-06,0,0,4.69210904612149e-05,0.0729896902633278,0.00207129559274713,0.0142228634267137,0.000416086335533938,0.129693269775228,0.00219610654400239,0.00147989772770304,0.000174942357789443,0.0421027995224591,0,0,0,0,0,0,6.20142386437064e-06,0.00103732491704261,0,0,0,0,0.00599578500425983,0.00036701009586538,0,0,0,0,0,0,0,0,0.00252182250199192,0.00033955284439339,0,0,0,0,0.0134150388265718,0.000462429317738343,0.0043068590755889,0.000391514648504496,0.00209064400664696,0.00026149889899878,0.0319542973626236,0.0129753210457774,0.000247764693431259
0,0,0.000735946430846698,0,3.30110601167485e-05,0,0,0,0,0,0,0,0,0,0,0,4.6516076761628e-06,3.03108374844407e-05,0.000538477283922706,0,0.000191844392523717,0,0,0,0,0,0,0,0,0,0,0,0,0,0,0,1.05686841940444e-05,0,2.38928958396326e-05,4.69210904612149e-05,0,2.24967399787158e-05,0.00595499033272595,0,0.000301946024078516,5.07626816508992e-06,0.0219036946733297,0.00146612335927132,0.0172319597896214,1.10732713040397e-05,0,0,0,0,0,0,0.000134348157483534,0,0,0,0,0,0,0.0092094889421821,0,0,0,0,0,0,0,6.37816916543077e-06,0,0.00264941704207552,0,0,0,0,5.10206265262181e-06,0.00272661813689352,1.16269287168493e-05,0.00493886425565935,1.14803898755214e-05,0,0.00922845618226578,0,0.000250532613416905
0,0.00580773618910387,0,0.00452145159664524,2.95924001425703e-05,3.47209356125567e-05,0,0,0,0.000134611947185644,0,7.40374787564467e-05,0,0,0,0,0.000693616100811735,0.00203313541314522,0.0234930927589842,6.54429760669805e-05,0,0,0,0,0,0,0,0,0,0,0,0,0,0,0,0,1.79585920417755e-05,0.000334750891950044,0,0.0729896902633278,2.24967399787158e-05,0,0.0099191007171688,0.00896671732048975,0.000953170421153505,0.0222007403748752,0.00246547329542247,0.00343928412455883,0.000517442546017558,0.0331914870921522,0,0,0,0,0,1.59111081761793e-05,8.62840549400545e-06,0.00114077262125396,0,0,0,0,0.0125427628527195,0.000406719580889543,0,0,0,0,0,0,0,4.88111461817577e-06,0.00662240386175831,0.00023767614509226,0,0,0,0,0.0180869807707383,0.00095204620206842,0.00678621885860474,0.000954255900889775,0.00478703935047661,7.79165934173996e-05,0.0916593945992324,0.115282390590343,0.00055491478340881
0.00309546692271694,0,0.000156222413565725,0,0.000311428741028895,0,0,0,0.00267684582251229,0,0,4.14643306263767e-05,0,0,0,0,0.00044220058905567,0.000576634981167368,0.0186775572399565,1.73541411328646e-05,6.24528604015861e-05,0,0,0,0.000461544692509374,0,0,0,0,0,0,0,0,0,0,0,0.000180617370478408,0,0.000120938343669038,0.00207129559274713,0.00595499033272595,0.0099191007171688,0,0.000665276633864259,0.0113241077057695,0.000872331761355123,0.076032783736455,2.42785740840463e-05,0.00705336412897044,0.000671194169095973,0,0,0,0,0,0,0.00433844170459634,0,0,0,0,0,5.63452846750648e-06,0.014226045778798,0,0,0,0,0,0,0,0.00290340410660237,1.99184125259797e-05,0.0660936061875488,0,0,0,0,0.000550565767161276,0.0153069498753122,0.000289511213527904,0.0258882057303713,0.00269853860641126,8.01377465650057e-05,0.0817877877402146,0.000823660093515359,0.0507833182348431
0,0,0,0,0,0,0,0,0,0,0,0.000417913946764315,0,0,0,0,0.000192107596167453,0.000634556568093398,0.00753502999660916,0.00142577755510527,0,0,0,0,0,0,0,0,0,0,0,0,0,0,0,0,3.06557167284522e-06,0,0,0.0142228634267137,0,0.00896671732048975,0.000665276633864259,0,0.000411309369072459,0.00669726993129188,0.000741354249799255,0.000101656838858518,8.21916667849074e-06,0.00367303723786248,0,0,0,0,0,0,3.04423420374308e-05,0.00381180012722885,0,0,0,0,0.000558239226026499,9.42708535921686e-05,0,0,0,0,0,0,0,0,0.0147142485422573,0.000210419930434357,0,0,0,0,0.00714152682159849,0.000114532415333084,0.00674356699876578,0.000149042828435115,0.000275534464467211,3.58000656297809e-05,0.0102004972416555,0.00744826686109051,0.000197370050907951
0,0,0,0,0,0,0,0,0,0,0,0,0,0,0,0,7.28904334540681e-05,3.47103188533429e-05,0.00309540242766211,0,0,0,0,0,0,0,0,0,0,0,0,0,0,0,0,0,1.63549408286388e-05,0,0,0.000416086335533938,0.000301946024078516,0.000953170421153505,0.0113241077057695,0.000411309369072459,0,3.08714346248669e-05,0.0060481749922689,0,0.000198004968419025,3.92236723653452e-05,0,0,0,0,0,0,0,0,0,0,0,0,0,0.000987488296688722,0,0,0,0,0,0,0,9.7832002283289e-06,0,0.000749721408098553,0,0,0,0,6.41610972762853e-05,0.002606740748004,3.32268813891222e-05,0.00245299050552115,2.08094004320574e-05,0,0.00125176760555486,0.00124863114694573,0.00703181420741364
0,0,0,0.0495877693886339,0,0.0146565989581358,0,0,0,0.00259024230434137,0,0.00201935241354015,0,0,0,0,0.000232588879747902,0.00065490215600161,0.00649208218038211,0.0264006485879557,0,0,0,0,0,0,0,0,0,0,0,0,0,0,0,0.000335297446017572,0,9.30459631823759e-05,0,0.129693269775228,5.07626816508992e-06,0.0222007403748752,0.000872331761355123,0.00669726993129188,3.08714346248669e-05,0,0.000352150475771263,0.00417038221454015,0.00407305192743587,0.00573687970630488,0,0,0,0,0,0,0,0.0147121017714766,0,0,0,0,0.0592734239938169,0.000171342231094236,0,0,0,0,0,0,0,0,0.0319642748513016,1.49452544696911e-05,0,0,0,0,0.036886809722806,0.000110938293774546,0.0182923309403635,0.000191931018379945,0.00183742332567542,0.00018992565994408,0.0885104258312219,0.00503312383228185,4.85408781673885e-05
0.000287355050610865,0,0.00629833202674438,0,0.00690911957058209,0,0,0,4.20525079994605e-05,0,0,0,0,0,0,2.3760066007501e-05,0.000864993749365697,0.00148427611461498,0.0333277183785799,0,0.00158772526759625,0,0,0,0,2.8232136086452e-05,0,0,0,0,0,0,0,0,0,0,0.000572768454646453,0,2.1880908998074e-05,0.00219610654400239,0.0219036946733297,0.00246547329542247,0.076032783736455,0.000741354249799255,0.0060481749922689,0.000352150475771263,0,0.000216012206236522,0.0177278035745841,0.000265894737520837,5.05902988041126e-05,0,0,0,0,0,0.00393836747444206,4.82670668142533e-06,0.000244858782241435,0,0,0,0,0.0736552215914164,0,0,0,0,0,0,0,3.70607167836334e-05,1.1553453945847e-05,0.0126830639584974,0,0,0,0,0.000626036709169292,0.0184502157739121,0.00019772098954622,0.0110166249876539,0.000776536483872831,0.000127143642731929,0.0708733767271702,0.00124184621816952,0.00259311600360547
0,0.000259010943611561,0,0.000100931866057908,0,3.63173744766722e-05,0,0,0,0,0,9.79163934210746e-06,0,0,0,0,0,0,5.60047596286901e-05,5.9983027799517e-05,0,0,0,0,0,0,0,0,0,0,0,0.041064249678119,0.00275716036205062,0.103720221068762,0.103492261942107,0.00411451159848619,0.00171831029420188,0.00230643980063116,0.0110016569286853,0.00147989772770304,0.00146612335927132,0.00343928412455883,2.42785740840463e-05,0.000101656838858518,0,0.00417038221454015,0.000216012206236522,0,0.0530637433543559,0.0284771074582802,0,0,0,0,0,0,0,7.60952811630335e-06,0,0,0,0,6.60193035084801e-05,0,0,0,0,0,0,0,0,0,1.67829488114054e-05,0,0.0102445161092514,0.00172415696916316,0.140637425963543,0.107215925661673,0.000362801808145938,0.000644503314793052,0.000639366099018629,0.0243043658460089,0.00121337716223473,7.63667602900843e-05,0.0165464105683662,0.000234553887693176,0
0.0196619228546491,0,0.00791557399406542,0,0.000935761700004863,0,0,0,0.00283756612305519,0,0,0,0,0,0,0,3.56417714518067e-06,3.55236444570684e-05,0.000215184476994562,1.98941259188685e-05,1.32207333244016e-05,0,0,0,2.94328138030617e-05,0,0,0,0,0,0,0.000406963107974531,0,0.00015293145734822,0,0.00040091474089494,0.000844702974393159,0,0.000653487005308803,0.000174942357789443,0.0172319597896214,0.000517442546017558,0.00705336412897044,8.21916667849074e-06,0.000198004968419025,0.00407305192743587,0.0177278035745841,0.0530637433543559,0,0.00436537029294931,3.87010191921005e-05,0,0,0,8.9314772126786e-05,0,0.00195787937750402,4.34773641888441e-05,0,0,0.000342232821282101,0,8.78636815224718e-06,0.0015856836715488,0,0.0010250653893269,0,0,0,0.00015771044660451,0,0.00487536114432759,2.63527150298621e-05,0.0034367142086392,0,0.00033179267796509,0.00653332744404616,0,0.000112224259703683,0.00258840004418961,0.000253548937298752,0.00320445659529733,0.000519326420009701,0,0.0277037145126197,0,0.000739053567839305
0,0.0171092837424439,0,0.0353366324708925,0,3.16247143406867e-05,0,0,0,5.52249465915087e-05,0,1.32860709672579e-05,0,0,0,0,0.000171507781490956,0.000498564645937885,0.0043801394983466,4.26756811690906e-05,0,0.00291846992694937,0,0.00628807340172644,0,0,0,0,0,0,0,0,0,0,0.000123838180477036,0,0,0.00999602096876968,0.000154559427161936,0.0421027995224591,1.10732713040397e-05,0.0331914870921522,0.000671194169095973,0.00367303723786248,3.92236723653452e-05,0.00573687970630488,0.000265894737520837,0.0284771074582802,0.00436537029294931,0,0,0.000195236685038871,0,0,0,0.000198233449288291,0,0.0014800486125248,0,0.00231797543321933,0,0.00152997588804871,0.000113717335736727,1.85209340664298e-05,0.0128224110501686,0,0.00161504417264652,0,0.00125891866506692,0,0.00243300144418512,0,0.0004311508290073,6.93255854057389e-06,0.00282422554182251,0,0,0.000717670225980797,0.00271492726219166,0.000107669594714114,0.0143264595209741,0.00175415166475834,0.00157524265346862,5.18363953763167e-05,0.0232404269631643,0.0064832501818914,7.68051186498288e-05
0.000764011378179891,0,0.00348162452748248,0,0.0742916973744218,0,0,0,0.0132727661654469,0,0.000451065973400057,0,0,0,0.0032304733607992,0,0,0,0,0,0.00578151883079679,0,0,0,0,0,0,0,0,0,0,0,0,0,0,0,0,0,0,0,0,0,0,0,0,0,5.05902988041126e-05,0,3.87010191921005e-05,0,0,0,0,0,0.031196081688601,0,0.000361117319580991,0,0.00581614180629854,0,0.00523395935007694,0,0,0.00881504969621999,0,0,0,0,0,0,0,0,0,0,0,0,0,0,0,0,0,0,0,0,0.000477351595156006,0,0
0,0,0,0.00303316944677069,0,0.0774824915885509,0,0.00304574309891017,0,0,0,0,0,0,0,0,0,0,0,0,0,0,0,0,0,0,0,0,0,0,0,0,0,0,0,0,0,0,0,0,0,0,0,0,0,0,0,0,0,0.000195236685038871,0,0,0,0.0113304848056176,0,0,0,0.000106336384138852,0,0,0,0,0,0,0,0,0,0,0,0,0,0,0,0,0,0,0,0,0,0,0,0,0,0,0,0,0
0,0,0,0,0.000357589829945937,0,0.0911655369551297,0,0,0,0,0,0.00325888417318368,0,0,0,0,0,0,0,0.0010239443327756,0,0,0,0,0,0,0,0,0,0,0,0,0,0,0,0,0,0,0,0,0,0,0,0,0,0,0,0,0,0,0,0,0,0,0,0,0,0.000826604220576357,0,0,0,0,0.000153521938693608,0,0,0,0,0,0,0,0,0,0,0,0,0,0,0,0,0,0,0,0,0,0,0
0,0,0,0,0,0.000533006382693869,0,0.0337136443732148,0,0,0,0,0,0,0,0,0,0,0,0,0,0,0,0,0,0,0,0,0,0,0,0,0,0,0,0,0,0,0,0,0,0,0,0,0,0,0,0,0,0,0,0.0113304848056176,0,0,0,0,0,0,0,0,0,0,0,0,0,0,0,0,0,0,0,0,0,0,0,0,0,0,0,0,0,0,2.72580240150838e-05,0,0,0,0
0.0405081601193807,0,0.00138927308805175,0,0.0871198998724319,0,0,0,0.196906044028834,0,0,0,0,0,0.0100619969315714,0,7.63349265429153e-05,0,0,0,0,0,0,0,0.018504762408349,0,0,0,0,0,0,0,0,0,0,0,0,0,0.000635757339522014,0,0,0,0,0,0,0,0,0,8.9314772126786e-05,0,0.031196081688601,0,0,0,0,0,0,0,0.00209229713905889,0,0.0703094064808674,0,0,0,0,0,0,0.148912644581216,0,0,0,0,0,0,0,0,0,0,0,0,0,0.0012871954499983,0.000262059010152041,0,0.00351486710679353,0,0
0,0.119084119544977,0,0.000406538479663101,0,0,0,0,0,0.069079201340261,0,0,0,0,0,0.0135363027435204,0,0.000389104470947876,0,0,0,0,0,0.0621322391922892,0,0.0138012176222401,0,0,0,0,0,0,0,0,0,0,0,0.000144132421088481,0,0,0,1.59111081761793e-05,0,0,0,0,0,0,0,0.000198233449288291,0,0,0,0,0,0,0,0,0,0,0,0,0,0,0,0,0.0738111191359532,0,0.000428539298676318,0,0,0,0,0,0,0,0,0,0,0,0.000313013781223634,0,0.000193325647995987,0,0.00314715180867389,0,0
0,0,0.0049691465339074,0,0.00160667194771669,0,0,0,0,0,0.0871458791923972,0,0,0,0,0,0,0,3.85322815286729e-05,0,0.0139147432471931,0,0,0,6.25933582529721e-05,0,0,0,0,0,0.00666785652127537,0,0,0,0,0,2.26877021955903e-05,0,0.00128798558472383,6.20142386437064e-06,0.000134348157483534,8.62840549400545e-06,0.00433844170459634,3.04423420374308e-05,0,0,0.00393836747444206,0,0.00195787937750402,0,0.000361117319580991,0,0,0,0,0,0,0,0.000259272282722147,0,0,0,0,0.015415110481602,0,0,0,0,0,0,0,0.00184791875656533,0,0.0325856916316687,0,0,0,0,1.46322751498925e-06,6.00046326770865e-05,1.64391304278362e-06,0.000163333739402198,0.000296670626154045,0,0.034344561435854,0,0.00168113683753463
0,0,0,0.00472024834293209,0,0.00141479308966259,0,0,0,0,0,0.0497214383541926,0,0,0,0,0,3.12153139751575e-05,7.59512744815906e-05,0.000503525684986439,0,0,0,0,0,0,0,0,0,0.00121907166590103,0,0,0,0,0,0,0,1.39552606302626e-05,0,0.00103732491704261,0,0.00114077262125396,0,0.00381180012722885,0,0.0147121017714766,4.82670668142533e-06,7.60952811630335e-06,4.34773641888441e-05,0.0014800486125248,0,0.000106336384138852,0,0,0,0,0,0,0,0.00509002289072386,0,8.52078294444104e-05,0.00751826747862797,0,0,0,0,0,0.000117747158973407,0,0.000223396112440898,0,0.039108125990756,0,0,0,0,0,0.000200239461308618,4.72502583169558e-06,1.2800877761352e-05,0,4.43373782742915e-05,0,0.00136374796550365,0.00295809990456179,0
7.96409001635814e-05,0,0.000208028883316464,0,0.000736610883872602,0,0.00678435926323433,0,0.0014312462531832,0,0,0,0.0310808898085349,0,0.00100384952587437,0,0,0,0,0,0,0,0,0,0,0,4.39000188566258e-05,0,0,0,0,0,0,0,0,0,0,0,0,0,0,0,0,0,0,0,0.000244858782241435,0,0,0,0.00581614180629854,0,0.000826604220576357,0,0.00209229713905889,0,0.000259272282722147,0,0,0,0.0208877172732371,0,0,3.14374064132861e-05,0,0,0,0,0,0.00592745747065951,0,2.89233421038593e-05,0,0,0,0,0,0,0,0,0,0,3.15788382564098e-05,0,0.000583303754737407,0,0
0,0,0,0.00106532472752296,0,0,0,0,0,0,0,0,0,0.00559013877517185,0,0,0,0,0,0,0,0,0,0,0,3.6368669779808e-05,0,0.00378762300776561,0,0,0,0,0,0,0,0,0,0,0,0,0,0,0,0,0,0,0,0,0,0.00231797543321933,0,0,0,0,0,0,0,0.00509002289072386,0,0,0,0.0132282799454257,0,0,0,0,0,0,0.0173720438846806,0,0.0194069468667668,0,0,0,0,0,0,0,0,0,0,0,0,0,0,0,0
0.0224623914377736,0,0.00700936161289467,0,0.000456511804159057,0,0,0,0.0501835203004712,0,0,0,0.00755487749325454,0,0.0337336305478508,0,0,0,0,0,0,0,0,0,0.000851715514940378,0,0,0,0,0,0,0,0,0,0,0,0,0,0,0,0,0,0,0,0,0,0,0,0.000342232821282101,0,0.00523395935007694,0,0,0,0.0703094064808674,0,0,0,0.0208877172732371,0,0,0,0,0,0,0,0,0.00191007685597479,0,0.000976937515205163,0,3.99304350625915e-05,0,0,0,0,0,0,0,0,0,0,0,0,0,0,0
0,0.000843953093863092,0,0.00460930802167102,0,0,0,0,0,0.00411288419388289,0,0,0,0.0095687561868928,0,0.00189916578991978,3.16307836192137e-05,0.000698640551664128,0,0,0,0,0,0,0,0.0006169403469023,0,0,0,0,0,0,0,0,0,0,0,0,0,0,0,0,0,0,0,0,0,0,0,0.00152997588804871,0,0,0,0,0,0,0,8.52078294444104e-05,0,0.0132282799454257,0,0,0,0,0,0,0,0,0.00285903197286492,0,0,0,0,0,0,0,0,0,0,0,0,0,6.21153588919706e-06,7.82034002653044e-06,0,0,0
0,0,0,0,0,2.70779076141422e-05,0,0,0,0,0,0.000120831371704422,0,0,0,0,0,0,4.17854094961e-05,0.099072422872743,0,0,0,0,0,0,0,0,0,0,0,0,0,0,0,0.00481276725256086,0,0.00106879576736565,0,0.00599578500425983,0,0.0125427628527195,5.63452846750648e-06,0.000558239226026499,0,0.0592734239938169,0,6.60193035084801e-05,8.78636815224718e-06,0.000113717335736727,0,0,0,0,0,0,0,0.00751826747862797,0,0,0,0,0,6.09345453311295e-06,0,0,0,0,0,0,0,0,0.00806214862724617,0,0,0,0,0,0.0177150942504103,0,0.00737308733714646,0,0.000290470116434586,0,0.0124493213211885,0.00105268952126837,0
0,0,0.000689775605616475,0,0.00105315740920444,0,0,0,6.54608318047985e-05,0,0,0,0,0,0,0,8.74488086415914e-05,0.000208704809809486,0.00505169631751016,0,0.118563582830882,0,0,0,0,0,0,0,0,0,0.000119789944545698,0,0,0,0,0,0.00539336295992101,0,0.000984355910497094,0.00036701009586538,0.0092094889421821,0.000406719580889543,0.014226045778798,9.42708535921686e-05,0.000987488296688722,0.000171342231094236,0.0736552215914164,0,0.0015856836715488,1.85209340664298e-05,0.00881504969621999,0,0.000153521938693608,0,0,0,0.015415110481602,0,3.14374064132861e-05,0,0,0,6.09345453311295e-06,0,0,0,0,0,0,0,0,8.00904682027011e-05,0,0.0112668982526492,0,0,0,0,0.000105040612850221,0.0130581372211256,1.53172946468087e-05,0.0136348855190767,0.000988149833213027,4.65016289963935e-05,0.0252575671899728,0.000236962831441162,0.000738503799482384
0,0,0,0,0,0,0,0,0,0,0,0,0,0,0,0,0,0,0,0,0,0.0326925069493248,0,0.000198189156022718,0,5.66051094210707e-05,0,0.000195909678980203,0,0,0,0,0,0,0,0,0,0.0026304213268282,0,0,0,0,0,0,0,0,0,0,0,0.0128224110501686,0,0,0,0,0,0,0,0,0,0,0,0,0,0,0,0.000215849502728151,0.000240512858067033,0,0.00724948863480577,0,0,0,0,0,0,0,0,0,0,0,0.000421312444747288,0,5.49612010944988e-05,0,0,0,0
0,0,0,0,0,0,0,0,0,0,0,0,0,0,0,0,8.14842993348527e-05,0,0,0,0,0.00381043991314058,0.0576399351358923,0,0.0025054792500936,0,0,0,6.5006064668383e-05,0,0,0,0,0,0,0,0,0,0.00668272784887395,0,0,0,0,0,0,0,0,0,0.0010250653893269,0,0,0,0,0,0,0,0,0,0,0,0,0,0,0,0.000215849502728151,0,0,0.00926442626500921,0,0.00418921765262259,0,0.0120015397663677,0,0,0,0,0,0,0,0,0,6.04928693279067e-05,0.000471289134686293,0.000143739676668632,0,0,0
0,0.00132222933312395,0,0,0,0,0,0,0,0.0017918316393825,0,0,0,0,0,0,0,0,0,0,0,0.000319298022401658,0,0.0334102993475401,0,0.000175377062987536,0,0,0,0,0,0,0,0,0,0,0,0.00166481601464685,0,0,0,0,0,0,0,0,0,0,0,0.00161504417264652,0,0,0,0,0,0.0738111191359532,0,0,0,0,0,0,0,0,0.000240512858067033,0,0,0,0.028742583690585,0,0,0,0,0,0,0,0,0,0,0,0.00399261815841083,0,1.41948672931464e-06,0,0.001417544013169,0,0
0.00265085722719458,0,0,0,0,0,0,0,0.00667190045114328,0,0,0,0,0,6.28496923669661e-05,0,0,0,0,0,0,0,0.00185481665484665,0,0.115747712153059,0,0,0,0,0,0,0,0,0,0,0,0,0,0.00421698563665724,0,0,0,0,0,0,0,0,0,0,0,0,0,0,0,0.148912644581216,0,0,0,0,0,0.00191007685597479,0,0,0,0,0.00926442626500921,0,0,0,0,0,0,0,0,0,0,0,0,0,0,0,0.00194590938884457,0.000133984639374664,0,7.71203943998599e-05,0,0
0,0,0,0,0,0,0,0,0,0.000259526602814588,0,0,0,0,0,0.00294116514440446,5.12754962705996e-06,0.000354148972270326,0,0,0,0.00496570200701515,0,0.00101538708234814,0,0.0583328495438054,0,0.0134689757474588,0,0,0,0,0,0,0,0,0,0,0,0,0,0,0,0,0,0,0,0,0,0.00125891866506692,0,0,0,0,0,0.000428539298676318,0,0.000117747158973407,0,0.0173720438846806,0,0.00285903197286492,0,0,0.00724948863480577,0,0.028742583690585,0,0,0,0.010568292847982,0,0,0,0,0,0,0,0,0,0,0,4.55372716207068e-05,5.60916013585784e-05,0,0,0
0,0,0,0,0,0,0,0,0.00018984338385053,0,0,0,0.000112259867096509,0,0,0,0,0,0,0,0,0,0,0,0,0,0.00654875050861949,0,2.07947949132232e-05,0,0,0,0,0,0,0,0,0,0,0,0,0,0,0,0,0,0,0,0.00015771044660451,0,0,0,0,0,0,0,0,0,0.00592745747065951,0,0.000976937515205163,0,0,0,0,0.00418921765262259,0,0,0,0,0,0.0117099684906459,0,0,0,0,0,0,0,0,0,0,0,0,0,0,0
0,0,0,0,0,0,0,0,0,0,0,0,0,0,0,0,0,0,0,0,0,0,0,0,0,0.000197272704099305,0,0.007936563504942,0,0,0,0,0,0,0,0,0,0.000238593260879066,0,0,0,0,0,0,0,0,0,0,0,0.00243300144418512,0,0,0,0,0,0,0,0.000223396112440898,0,0.0194069468667668,0,0,0,0,0,0,0,0,0.010568292847982,0,0,0,0,0,0,0,0,0,0,0,0.00116754132338086,0,0,0,0,0,0
0,0,0,0,0,0,0,0,0,0,0,0,0,0,0,0,0,0,5.25809012387002e-06,0,0,0,0.00222529688666964,0,0,0,0,0,0.0349640906791346,0,0,0,0,0,0,0,1.4833126298623e-06,0,9.31485797462886e-05,0,6.37816916543077e-06,4.88111461817577e-06,0.00290340410660237,0,9.7832002283289e-06,0,3.70607167836334e-05,0,0.00487536114432759,0,0,0,0,0,0,0,0.00184791875656533,0,2.89233421038593e-05,0,3.99304350625915e-05,0,0,8.00904682027011e-05,0,0.0120015397663677,0,0,0,0.0117099684906459,0,0,0,0.00397036121712334,0,0,0,0,0,5.9960124318779e-06,0,0.000867457099684359,1.52685682155596e-05,0,0.00628059504042775,0,0.00122130967872877
0,0,0,0,0,0,0,0,0,0,0,0.0100580217040733,0,0,0,0,1.59816363995602e-05,6.68477067490701e-05,0.00047401823552038,0.00543339131263131,0,0,0,0,0,0,0,0.00314992066285691,0,0.0212081002476773,0,0,0,0,0,3.67370035656865e-06,0,0,0,0.00252182250199192,0,0.00662240386175831,1.99184125259797e-05,0.0147142485422573,0,0.0319642748513016,1.1553453945847e-05,1.67829488114054e-05,2.63527150298621e-05,0.0004311508290073,0,0,0,0,0,0,0,0.039108125990756,0,0,0,0,0.00806214862724617,0,0,0,0,0,0,0,0,0,0,0,0,0,0,0,0.00064188051951524,2.82817712051383e-05,0.000106570329820042,0,3.34990091765793e-05,0,0.00487495220193467,0.0326802918460887,0
