0,0,0.162308775797123,0,0,0,0,0,0.158234838538497,0,0,0,0,0,0,0,0,0,0,0,0,0,0,0,0,0,0,0,0,0,0,0,0,0,0,0,0,0,0,0,0,0,0.420081961065976,0,0,0.307042673230171,0,0,0.212998479770905,0,0,0,0,0,0.159205719529729,0,0.296040385961533,0,0,0,0.183071885038825,0,0,0,0,0,0,0,0,0,0,0,0,0.349637753688372,0,0,0,0,0,0,0,0,0.191974790472733,0,0.300923848369469,0,0.255488932132721
0,0,0,0.16118584597303,0,0,0,0,0,0.195994355774019,0,0,0,0,0,0,0.212697446346283,0.268467336893082,0.298496623057872,0,0,0,0,0,0,0,0,0,0,0,0,0,0,0,0,0,0,0,0,0,0,0.32253606057555,0,0.336567044258118,0,0.369052579708216,0.367565929889679,0,0,0.263405634279184,0,0,0,0,0,0.204016062041754,0,0.330662703514099,0,0.255535067990422,0,0.138048434630036,0,0,0,0,0,0,0,0,0,0,0.310543996947152,0,0,0,0,0,0,0,0,0,0.25324637144804,0,0.339521913803996,0,0
0.162308775797123,0,0,0,0.15681918196721,0,0,0,0.162906871294534,0,0,0,0,0,0,0,0.249207019805908,0.21508027613163,0.242792699337006,0,0.139261635020375,0,0,0,0,0,0,0,0,0,0,0,0,0,0,0,0.209646033123136,0,0,0,0.228598377356927,0,0.261277778837885,0,0.267189627885818,0.215194791555405,0.236928487677247,0.32449297606945,0.20610372896667,0,0.208724901361286,0,0,0,0.207868377593431,0,0.23456753564292,0,0.217522010207176,0,0.223298785941941,0,0.224581956863403,0.220261886715889,0,0,0,0,0,0,0,0,0.235364466905594,0.282998660135837,0,0,0,0,0,0.231989745299021,0,0,0.167836279632189,0.299787491559982,0.228189991861535,0,0.259901712259908
0,0.16118584597303,0,0,0,0.138526695266447,0,0,0,0.120649043593771,0,0.20855292181174,0,0,0,0,0.240435242652893,0.230586472898722,0.257068545454078,0,0,0,0,0,0,0,0,0,0,0,0,0,0,0,0,0.178562079866727,0,0.231510031968355,0,0.239520976940791,0,0.265738324180168,0.205112263560295,0.266838066279888,0,0.240524668472643,0,0,0,0.168463338835117,0,0.18098141670227,0,0,0,0.166290609817381,0,0.248537574593837,0,0.19578917324543,0,0.178831535306844,0.227048533118289,0,0,0,0,0,0,0,0.267514944076538,0,0.291211262863615,0,0,0,0,0,0.186684921383858,0,0,0,0.182784682803338,0,0.218734899319018,0.276257276535034,0
0,0,0.15681918196721,0,0,0,0.153541390462355,0,0.153860520039286,0,0.14215217034022,0,0.188953419674688,0,0,0,0,0,0,0,0.144483275366336,0,0,0,0,0,0,0,0,0,0,0,0,0,0,0,0,0,0,0,0,0,0.232352043191592,0,0,0,0.210284053495056,0,0.208626165986061,0,0.173904925986923,0,0.194089844822884,0,0,0,0.216523014008999,0,0.20369219882031,0,0,0,0,0.163176728412509,0,0,0,0,0,0,0,0,0,0,0,0,0,0,0,0.19495215266943,0,0,0.167926222108737,0,0.175833939780276,0,0.264969915151596
0,0,0,0.138526695266447,0,0,0,0.17366336286068,0,0.203068603666461,0,0,0,0,0,0,0,0,0.198038101196289,0.237236411947953,0,0,0,0,0,0,0,0,0,0,0,0,0,0,0,0.195027081159557,0,0,0,0,0,0.213714095098632,0,0.250392071902752,0,0.219994191586235,0,0,0,0,0,0.189805926382542,0,0,0,0,0,0.219095397740602,0,0.230486938729882,0,0.197463890298819,0.205625361431453,0,0,0,0,0,0,0,0,0,0.261308759450912,0,0,0,0,0,0.210860100799593,0,0,0,0.180946365491871,0,0.194395907717186,0,0
0,0,0,0,0.153541390462355,0,0,0,0,0,0,0,0,0,0,0,0,0,0,0,0.141703970202688,0,0,0,0,0,0,0,0,0,0,0,0,0,0,0,0.159814610625758,0,0,0,0,0,0,0,0,0,0,0,0,0,0.187737938077723,0,0.18643273661534,0,0,0,0.196737837755246,0,0.205317113548517,0,0,0,0,0.149222545452037,0,0,0,0,0,0,0,0,0,0,0,0,0,0,0,0,0,0,0.167490307140995,0,0,0,0
0,0,0,0,0,0.17366336286068,0,0,0,0,0,0,0,0,0,0,0,0,0,0.182780875265598,0,0,0,0,0,0,0,0,0,0,0,0,0,0,0,0,0,0,0,0,0,0,0,0,0,0,0,0,0,0,0,0.150250841819105,0,0.16150740040354,0,0,0,0.199811327788565,0,0,0,0,0,0,0,0,0,0,0,0,0,0,0,0,0,0,0,0,0,0,0,0,0.164466367108035,0,0,0,0
0.158234838538497,0,0.162906871294534,0,0.153860520039286,0,0,0,0,0,0,0,0,0,0,0,0.182571144541726,0.156557135961272,0.19392109146485,0,0,0,0,0,0.192631314198176,0,0,0,0,0,0,0,0,0,0,0,0,0,0.202303525991738,0,0,0,0.254851525320726,0,0,0.286225199699402,0.213840550846524,0,0.173962997538703,0,0.151099041104317,0,0,0,0.238687733401453,0,0.268627882003784,0,0,0,0.192571341991425,0,0,0,0,0,0,0.262206609953534,0,0,0,0,0,0.264850830038389,0,0,0,0,0,0,0,0.216390237212181,0.184410140127072,0.19328833674943,0.219581305702156,0,0.245407950878143
0,0.195994355774019,0,0.120649043593771,0,0.203068603666461,0,0,0,0,0,0,0,0,0,0.170483012151505,0,0.15767320394516,0.287841707468033,0,0,0,0,0.20197885359327,0,0.169083547592163,0,0,0,0,0,0,0,0,0,0,0,0.156804042500119,0,0,0,0.258335571913492,0,0,0,0,0,0,0,0.12658736606439,0,0,0,0,0,0.239998704038683,0,0.272016244630019,0,0,0,0.178733859549869,0,0,0,0,0.225706182420254,0,0.170261897691866,0,0,0,0.245496198534966,0,0,0,0.248297269145648,0,0,0,0.165803090777508,0,0.203427005158478,0.213527953395477,0.212556150632027,0.226566769182682,0
0,0,0,0,0.14215217034022,0,0,0,0,0,0,0,0.15561144053936,0,0,0,0,0,0,0,0.18896850761915,0,0,0,0,0,0,0,0,0,0.14541575147046,0,0,0,0,0,0.193023635229505,0,0.16301568387048,0,0,0,0,0,0,0,0,0,0,0,0.136541984975338,0,0,0,0,0,0.20694709600857,0,0.205749610438943,0,0,0,0,0.195673281044671,0,0,0,0,0,0,0,0,0,0.165889625747999,0,0,0,0,0,0.200466842779091,0,0.170393985973683,0.182388994890406,0,0,0,0
0,0,0,0.20855292181174,0,0,0,0,0,0,0,0,0,0.160840589383786,0,0,0,0,0,0.160593687645538,0,0,0,0,0,0,0,0.137649339158088,0,0.178532504990919,0,0,0,0,0,0.178728751784412,0,0.177956241890605,0,0,0,0,0,0,0,0.239899274706841,0,0,0,0,0,0.206741772592068,0,0,0,0,0,0.205851398352907,0,0.168297430200548,0,0,0.197568178388244,0,0,0,0,0,0,0,0.141919036706289,0,0.204952372986424,0,0,0,0,0,0.204779971923147,0,0.155687490559143,0,0.153632956148069,0.195014634066158,0.21516131495054,0,0
0,0,0,0,0.188953419674688,0,0,0,0,0,0.15561144053936,0,0,0,0,0,0.15520574649175,0,0,0,0,0,0,0,0,0,0,0,0,0,0,0,0,0,0,0,0,0,0,0,0,0,0,0,0,0,0,0,0,0,0.207822437087695,0,0,0,0,0,0.155078530311584,0,0.1779335217168,0,0.146623813293197,0,0,0,0,0,0,0,0,0,0,0,0,0,0,0,0,0,0,0,0,0,0.172737296670675,0.162568309903145,0,0,0
0,0,0,0,0,0,0,0,0,0,0,0.160840589383786,0,0,0,0.174769232049584,0,0,0,0,0,0,0,0,0,0,0,0,0,0,0,0,0,0,0,0,0,0,0,0,0,0,0,0,0,0,0,0,0,0,0,0,0,0,0,0,0,0.179050756618381,0,0.178620312127557,0,0.180155749472094,0,0,0,0,0,0,0,0,0.132935365041097,0,0,0,0,0,0,0,0,0,0,0,0.168686307966709,0.193460290369235,0,0,0
0,0,0,0,0,0,0,0,0,0,0,0,0,0,0,0,0.174952132579608,0,0,0,0,0,0,0,0,0,0.167504212208863,0,0,0,0,0,0,0,0,0,0,0,0,0,0,0,0,0,0,0,0,0,0,0,0,0,0,0,0.226189434528351,0,0,0,0.208812082616182,0,0.209826250563615,0,0,0,0,0,0,0,0,0.194096059753345,0,0.218169509176096,0,0,0,0,0,0,0,0,0,0,0.160379053817855,0.162943556904793,0,0,0
0,0,0,0,0,0,0,0,0,0.170483012151505,0,0,0,0.174769232049584,0,0,0,0.133259665220976,0,0,0,0,0,0,0,0,0,0,0,0,0,0,0,0,0,0,0,0,0,0,0,0,0,0,0,0,0,0,0,0,0,0,0,0,0,0.201043342550596,0,0,0,0.218481022450659,0,0.188053488305637,0,0,0,0,0,0,0,0,0,0,0,0,0,0,0,0,0,0,0,0,0.168816882021287,0.163307009264827,0,0,0
0,0.212697446346283,0.249207019805908,0.240435242652893,0,0,0,0,0.182571144541726,0,0,0,0.15520574649175,0,0.174952132579608,0,0,0.139044951872985,0.217586348678404,0,0,0,0.158364041149616,0,0.152129675343371,0,0.181522206348531,0,0.147672774760347,0,0,0,0,0,0,0,0,0,0,0,0,0.199272733501026,0.251014520015035,0.223125408093135,0,0.256428761551013,0,0,0,0.276203393936157,0,0,0,0,0.216981713260923,0.230169266462326,0.31244295835495,0,0.162944689393044,0,0.187544662362108,0,0.259093672037125,0,0,0.15597128868103,0,0.153449820975463,0,0.192941375490692,0,0.202596132611406,0.22907742857933,0.299053678909938,0,0,0,0,0,0,0,0,0.167569586781154,0.15139662673076,0.261158108383745,0.209048262900776,0.281785577535629
0,0.268467336893082,0.21508027613163,0.230586472898722,0,0,0,0,0.156557135961272,0.15767320394516,0,0,0,0,0,0.133259665220976,0.139044951872985,0,0.189016484823383,0,0,0.145942393642791,0,0.172756517784936,0.142078499563716,0.151238973187499,0,0,0,0,0,0,0,0,0,0,0,0,0,0,0.317849045991898,0.223189926929603,0.234727816449271,0.196170501410961,0,0.2765978854653,0.33432879872047,0,0,0.247162878513336,0,0,0,0,0,0.174138855809967,0,0.314682070414225,0,0,0,0.133757874369621,0.368130937218666,0,0,0,0,0.153532107174397,0,0,0,0,0.316321337159644,0,0,0,0,0,0,0,0.261582791805267,0,0.184399266173125,0.152880165312025,0.318405544716203,0.224542141457399,0.187954733769099
0,0.298496623057872,0.242792699337006,0.257068545454078,0,0.198038101196289,0,0,0.19392109146485,0.287841707468033,0,0,0,0,0,0,0.217586348678404,0.189016484823383,0,0,0,0,0,0,0.144295029342175,0,0,0,0,0,0,0,0,0,0,0,0,0,0,0.261757451928023,0.298047190004925,0.213249973282612,0.247915327948946,0.24454361042926,0.262842336785322,0.311200481447274,0.314557018748922,0.285471588373184,0.269953665988786,0.293582543730736,0.26848578453064,0.23912887275219,0,0,0.200483039021492,0.214433208107948,0.294771627523005,0.315360105903865,0,0,0,0.228279694914818,0.315787443684207,0.303391307592392,0,0,0,0,0,0,0,0,0.32729187371774,0.318446368784518,0,0,0,0,0,0.393481691678365,0.301827922463417,0.390079349279404,0.226587379899008,0.213447130959609,0.337797184028003,0.235025286105358,0.234627617517886
0,0,0,0,0,0.237236411947953,0,0.182780875265598,0,0,0,0.160593687645538,0,0,0,0,0,0,0,0,0,0,0,0,0,0,0,0,0,0,0,0,0,0,0,0.17790463650372,0,0.146827157614408,0,0,0,0,0,0,0,0,0,0,0,0,0,0.201464280486107,0,0.147027825838641,0,0,0,0.176105864231108,0,0,0,0,0.21429072244995,0,0,0,0,0,0,0,0,0,0,0,0,0,0,0,0.183199304527569,0,0,0,0.180297547153064,0,0.343619398457903,0,0
0,0,0.139261635020375,0,0.144483275366336,0,0.141703970202688,0,0,0,0.18896850761915,0,0,0,0,0,0,0,0,0,0,0,0,0,0,0,0,0,0,0,0,0,0,0,0,0,0.163065114219983,0,0.171478896060182,0,0,0,0,0,0,0,0,0,0,0,0.155713087982602,0,0.163787179936965,0,0,0,0.162237981743846,0,0.265318304300308,0,0,0,0,0.166469073817613,0,0,0,0,0,0,0,0,0,0.291096851229668,0,0,0,0,0,0.193831871014945,0,0.190165621538957,0.163136553120389,0,0.183902449662919,0,0
0,0,0,0,0,0,0,0,0,0,0,0,0,0,0,0,0,0.145942393642791,0,0,0,0,0.111917808651924,0.169444090271571,0,0.142575067281723,0,0.162952819040843,0,0,0,0,0,0,0,0,0,0.155449889414593,0,0,0,0,0,0,0,0,0,0,0,0.273148704458166,0,0,0,0,0,0,0,0,0,0,0,0,0,0,0.203679453027442,0,0.154341245743823,0,0.253759277363618,0,0.208147033055623,0,0,0,0,0,0,0,0,0,0.233749271494947,0,0.142719071566688,0.106216706335545,0,0,0
0,0,0,0,0,0,0,0,0,0,0,0,0,0,0,0,0.158364041149616,0,0,0,0,0.111917808651924,0,0,0.191000390443064,0,0.14636675020059,0,0.143987596035004,0,0,0,0,0,0,0,0,0,0.205276093427659,0,0,0,0,0,0,0,0,0,0,0,0,0,0,0,0,0,0,0,0,0,0,0,0,0,0,0.221543388044147,0,0.235048455175231,0,0,0,0,0,0,0,0,0,0,0,0,0,0.257660776376724,0.159392499923706,0.109291142473618,0,0,0
0,0,0,0,0,0,0,0,0,0.20197885359327,0,0,0,0,0,0,0,0.172756517784936,0,0,0,0.169444090271571,0,0,0,0,0,0,0,0,0,0,0,0.278382405638695,0,0,0,0.174487615262883,0,0,0,0,0,0,0,0,0,0,0,0.176518127322197,0,0,0,0,0,0.222904819502402,0,0,0,0,0,0,0,0,0.201722493903203,0,0.183105218380236,0,0.16408389955759,0,0,0,0,0,0,0,0.252289176918566,0,0,0,0.197884388488053,0,0.140603155607269,0,0.173647686839104,0,0
0,0,0,0,0,0,0,0,0.192631314198176,0,0,0,0,0,0,0,0.152129675343371,0.142078499563716,0.144295029342175,0,0,0,0.191000390443064,0,0,0,0.149117863720114,0,0,0,0,0,0,0,0.207502946257591,0,0,0,0.175252875520123,0,0,0.168261811137199,0,0,0,0,0,0,0,0,0,0,0,0,0.195809213613922,0,0,0,0,0,0,0,0,0,0,0.190277477296499,0,0.201807756615982,0,0.144079305231571,0,0,0,0,0,0,0,0.246106901930438,0,0,0,0.238394060157813,0.147764604538679,0,0.208335906840288,0,0
0,0,0,0,0,0,0,0,0,0.169083547592163,0,0,0,0,0,0,0,0.151238973187499,0,0,0,0.142575067281723,0,0,0,0,0,0.162368560019805,0,0,0,0,0,0,0,0,0,0,0,0,0,0,0,0,0,0,0,0,0,0,0,0,0,0,0,0.164010375738144,0,0,0,0,0,0,0,0,0,0,0,0,0.195526704617909,0,0.16035016477108,0,0,0,0,0,0,0,0,0,0,0,0.156140379607677,0,0,0,0
0,0,0,0,0,0,0,0,0,0,0,0,0,0,0.167504212208863,0,0.181522206348531,0,0,0,0,0,0.14636675020059,0,0.149117863720114,0,0,0,0,0,0,0,0,0,0,0,0,0,0,0,0,0,0,0,0,0,0,0,0,0,0,0,0,0,0,0,0,0,0,0,0,0,0,0,0,0.144188471377108,0,0.150708109968238,0,0.211166806519032,0,0.227712243795395,0,0,0,0,0,0,0,0,0,0,0.174213872037151,0,0,0,0
0,0,0,0,0,0,0,0,0,0,0,0.137649339158088,0,0,0,0,0,0,0,0,0,0.162952819040843,0,0,0,0.162368560019805,0,0,0,0.158518280590599,0,0,0,0,0,0,0,0.169552474546788,0,0,0,0,0,0,0,0,0,0,0,0,0,0,0,0,0,0,0,0,0,0.123287290334702,0,0,0,0,0.112842377471296,0,0,0,0.254458785057068,0,0.179112968802224,0,0.179782765476327,0,0,0,0,0,0,0,0.1663548501281,0,0.14649482245775,0.175747745416381,0,0,0
0,0,0,0,0,0,0,0,0,0,0,0,0,0,0,0,0.147672774760347,0,0,0,0,0,0.143987596035004,0,0,0,0,0,0,0,0.159390188076279,0,0,0,0,0,0,0,0.164791704288551,0,0,0,0,0,0,0,0,0,0,0,0,0,0,0,0,0,0,0,0.187009644405595,0,0,0,0,0,0,0,0,0,0,0,0,0.181604098280271,0,0,0,0,0,0,0,0,0,0,0.153915913046702,0.154225275186556,0,0,0
0,0,0,0,0,0,0,0,0,0,0,0.178532504990919,0,0,0,0,0,0,0,0,0,0,0,0,0,0,0,0.158518280590599,0,0,0,0,0,0,0,0,0,0.175352942655665,0,0,0,0,0,0,0,0,0,0,0,0,0,0,0,0,0,0,0,0.191016411408782,0,0,0,0,0,0,0,0,0,0,0,0,0.176199956032319,0,0.179525352576957,0,0,0,0,0,0,0,0.168364181908594,0,0.157484587161772,0,0,0,0
0,0,0,0,0,0,0,0,0,0,0.14541575147046,0,0,0,0,0,0,0,0,0,0,0,0,0,0,0,0,0,0.159390188076279,0,0,0,0,0,0,0,0,0,0.153651166884672,0,0,0,0,0,0,0,0,0,0,0,0,0,0,0,0,0,0,0,0,0,0,0,0,0,0,0,0,0,0,0,0,0,0,0.165460610214402,0,0,0,0,0,0,0,0.181214021311866,0.148285359144211,0,0,0,0
0,0,0,0,0,0,0,0,0,0,0,0,0,0,0,0,0,0,0,0,0,0,0,0,0,0,0,0,0,0,0,0,0.177317809305559,0.258395449912294,0.164399117231369,0.156916587628464,0.137081087570349,0,0,0,0,0,0,0,0,0,0,0.321287007212375,0,0,0,0,0,0,0,0,0,0,0,0,0,0,0,0,0,0,0,0,0,0,0,0,0,0,0.20437676908887,0.353655635702367,0.243887217271896,0,0.317394844510339,0.207402962182338,0,0,0.182355515658855,0,0,0,0
0,0,0,0,0,0,0,0,0,0,0,0,0,0,0,0,0,0,0,0,0,0,0,0,0,0,0,0,0,0,0,0.177317809305559,0,0,0.327756864722095,0.322060427069664,0.151222948580099,0,0,0,0,0,0,0,0,0,0,0.366833126568588,0.529030275344849,0.468894449373086,0,0,0,0,0,0,0,0,0,0,0,0,0,0,0,0,0,0,0,0,0,0,0,0,0.179605860203978,0.232392531671846,0.487778916954994,0.285261998651549,0.385700962586062,0.273766833526487,0,0,0.195658777796087,0,0.482897555828094,0,0
0,0,0,0,0,0,0,0,0,0,0,0,0,0,0,0,0,0,0,0,0,0,0,0.278382405638695,0,0,0,0,0,0,0,0.258395449912294,0,0,0.186911473879891,0.165171037362082,0,0.255791135966132,0.159772544314987,0,0,0,0,0,0,0,0,0.359030455952943,0,0.345974860446794,0,0,0,0,0,0,0,0,0,0,0,0,0,0,0,0,0,0,0,0,0,0,0,0,0.301644114684974,0,0.229128160381616,0.187847109680826,0.202487172870288,0,0.231980369516639,0.278041630983353,0.243910892733506,0,0,0,0
0,0,0,0,0,0,0,0,0,0,0,0,0,0,0,0,0,0,0,0,0,0,0,0,0.207502946257591,0,0,0,0,0,0,0.164399117231369,0.327756864722095,0.186911473879891,0,0,0.176806311318829,0.174119325784537,0.200963590604564,0,0,0,0,0,0,0,0,0.273182221424427,0.491654574871063,0.47829681634903,0,0,0,0,0,0,0,0,0,0,0,0,0,0,0,0,0,0,0,0,0,0,0,0,0.338873149028846,0.33012935986358,0.198047696756167,0.207716193036642,0.429984897375107,0.183764413875692,0.18912626033028,0.242908781977615,0.18944629343117,0,0,0,0
0,0,0,0.178562079866727,0,0.195027081159557,0,0,0,0,0,0.178728751784412,0,0,0,0,0,0,0,0.17790463650372,0,0,0,0,0,0,0,0,0,0,0,0.156916587628464,0.322060427069664,0.165171037362082,0,0,0.153284151938791,0.179617192372112,0.121921555656526,0.236802036563555,0,0.326241185267766,0,0,0,0.125598328312238,0,0.515926974905389,0.216274455189705,0.237622263305115,0,0.174098186194897,0,0,0,0,0,0.177419373867524,0,0,0,0,0.203368172101771,0,0,0,0,0,0,0,0,0,0,0,0.162944187472992,0.611116336150603,0.175720647536813,0,0.202869676117342,0.26092581292277,0.211603139362425,0.217357486486435,0.161640220551194,0.164010190046751,0.255925729163463,0,0
0,0,0.209646033123136,0,0,0,0.159814610625758,0,0,0,0.193023635229505,0,0,0,0,0,0,0,0,0,0.163065114219983,0,0,0,0,0,0,0,0,0,0,0.137081087570349,0.151222948580099,0,0.176806311318829,0.153284151938791,0,0,0.168786413255347,0.301134828478098,0.153801364824176,0,0.26237990707159,0,0,0,0.144554755044362,0.63220728556132,0.204489991736056,0,0.206232950091362,0,0,0,0,0,0.191576142765341,0,0.235897783190012,0,0,0,0,0.173545380034623,0,0,0,0,0,0,0,0,0,0,0.149955095395897,0.170026618125137,0,0.190417258633554,0.187244791033109,0.19606327913147,0,0.207407617755168,0.174738689421825,0.16640811870175,0.22843227847371,0,0
0,0,0,0.231510031968355,0,0,0,0,0,0.156804042500119,0,0.177956241890605,0,0,0,0,0,0,0,0.146827157614408,0,0.155449889414593,0,0.174487615262883,0,0,0,0.169552474546788,0,0.175352942655665,0,0,0,0.255791135966132,0.174119325784537,0.179617192372112,0,0,0.162296260741574,0,0,0.330887805832469,0,0.253277748823166,0,0.251617021858692,0,0.676580548331276,0,0.355003326786514,0,0,0,0,0,0.207722749393813,0,0.181402496769705,0,0.272325491905212,0,0,0.122248772693717,0,0.181959608527727,0,0.194619083545195,0,0,0,0.178893588401459,0,0.167677729091513,0,0,0,0.283023865077408,0.163427237421274,0.217106511186647,0,0.204904710692175,0.155724255690414,0.193216161669511,0.184963284568353,0.405860047933518,0,0
0,0,0,0,0,0,0,0,0.202303525991738,0,0.16301568387048,0,0,0,0,0,0,0,0,0,0.171478896060182,0,0.205276093427659,0,0.175252875520123,0,0,0,0.164791704288551,0,0.153651166884672,0,0,0.159772544314987,0.200963590604564,0.121921555656526,0.168786413255347,0.162296260741574,0,0,0,0,0,0,0,0,0,0.601711713107286,0.254555233778098,0,0,0,0,0,0.204753102941646,0,0.170587417796156,0,0,0,0,0,0,0.175424085391892,0,0.242436219634113,0,0.259562972285803,0,0,0,0.219072300940752,0,0.178021055001479,0,0,0.237731412904603,0.208139319099537,0.213654711842537,0.219440030758595,0.151139895995206,0.221765163257561,0.183493040010579,0.208474814891815,0.339251250755858,0,0
0,0,0,0.239520976940791,0,0,0,0,0,0,0,0,0,0,0,0,0,0,0.261757451928023,0,0,0,0,0,0,0,0,0,0,0,0,0,0,0,0,0.236802036563555,0.301134828478098,0,0,0,0,0.251978353767916,0,0.238569838305314,0.343273669481277,0.226537195354821,0.312340408563614,0.360153694113929,0.285754975383681,0.264005711940714,0,0,0,0,0,0,0,0.280002951622009,0,0,0,0,0.204469833590768,0,0,0,0,0,0,0,0,0,0.307131379842758,0,0,0,0.345055907964706,0,0.280986783012286,0.26913520693779,0.2434699293226,0,0.282506159999791,0,0.237757462763604,0,0
0,0,0.228598377356927,0,0,0,0,0,0,0,0,0,0,0,0,0,0,0.317849045991898,0.298047190004925,0,0,0,0,0,0,0,0,0,0,0,0,0,0,0,0,0,0.153801364824176,0,0,0,0,0.227438256144524,0.292952812556177,0.251285698264837,0.286822223506476,0.341870455278291,0.232905299345579,0.368901508138669,0.24230547817484,0,0,0,0,0,0.230880040675402,0,0.356896102428436,0,0.215601250529289,0,0,0,0,0.230115450345553,0,0,0,0,0,0,0,0,0,0.311505153775215,0,0.417851661642392,0,0,0,0.26865815152888,0,0.246341184671245,0.267700279959932,0.246532348069278,0.244180764822795,0,0.408889094591141
0,0.32253606057555,0,0.265738324180168,0,0.213714095098632,0,0,0,0.258335571913492,0,0,0,0,0,0,0.199272733501026,0.223189926929603,0.213249973282612,0,0,0,0,0,0.168261811137199,0,0,0,0,0,0,0,0,0,0,0.326241185267766,0,0.330887805832469,0,0.251978353767916,0.227438256144524,0,0.226014431346865,0.194205814798184,0.185395121574402,0.268117823697817,0.260884890332818,0.401478663086891,0.436079800128937,0.313367982039992,0,0.245422020554543,0,0,0,0.239660700162252,0.26316249370575,0.310362334897709,0,0.322017426050982,0,0.251965676744779,0.285674601793289,0,0,0,0.304769124303545,0,0,0,0.303934432566166,0,0.289442695010233,0,0,0,0,0,0.337171770632267,0,0.311331996863539,0,0.276424679824691,0.201799150556326,0.297164395366602,0.212710961939145,0.208794936537743
0.420081961065976,0,0.261277778837885,0.205112263560295,0.232352043191592,0,0,0,0.254851525320726,0,0,0,0,0,0,0,0.251014520015035,0.234727816449271,0.247915327948946,0,0,0,0,0,0,0,0,0,0,0,0,0,0,0,0,0,0.26237990707159,0,0,0,0.292952812556177,0.226014431346865,0,0.295606168607871,0.275989567988539,0.315728914470245,0.274269933117743,0.387385414947163,0.322931311580999,0,0.277554243803024,0,0,0,0.264461279341153,0,0.320810002670304,0.265933661588601,0.276544574648142,0,0.255747638642788,0,0,0.308725853761037,0,0,0,0,0,0,0,0.259109660983086,0.239345275362333,0.293652402831235,0,0,0,0,0,0.267656652463807,0,0.336154246330261,0.261549146522819,0.230367500673641,0.321212404354256,0,0.28720665837257
0,0.336567044258118,0,0.266838066279888,0,0.250392071902752,0,0,0,0,0,0,0,0,0,0,0.223125408093135,0.196170501410961,0.24454361042926,0,0,0,0,0,0,0,0,0,0,0,0,0,0,0,0,0,0,0.253277748823166,0,0.238569838305314,0.251285698264837,0.194205814798184,0.295606168607871,0,0.339271396398544,0.323383135648776,0.356988807519277,0,0,0.337489992380142,0,0.239140070974827,0,0,0,0.232145249843597,0,0.303375374864448,0,0,0,0.253940880298615,0,0,0,0,0,0,0,0,0,0,0.296610613663991,0,0,0,0,0,0,0,0,0,0.223969193308481,0,0.377926179085778,0.264807392443929,0.244902059435844
0,0,0.267189627885818,0,0,0,0,0,0,0,0,0,0,0,0,0,0,0,0.262842336785322,0,0,0,0,0,0,0,0,0,0,0,0,0,0,0,0,0,0,0,0,0.343273669481277,0.286822223506476,0.185395121574402,0.275989567988539,0.339271396398544,0,0.32589285007932,0.343919265452478,0.285763055086136,0.253383010625839,0,0,0,0,0,0.244541987776756,0,0.27091047167778,0.417324662208557,0,0,0,0,0,0,0,0,0,0,0,0,0,0,0.300582975149155,0.319785207509995,0,0,0,0,0,0,0,0,0.252761137600128,0.234843857586384,0.376707408722723,0.236761644482613,0.376218602061272
0.307042673230171,0.369052579708216,0.215194791555405,0.240524668472643,0,0.219994191586235,0,0,0.286225199699402,0,0,0.239899274706841,0,0,0,0,0.256428761551013,0.2765978854653,0.311200481447274,0,0,0,0,0,0,0,0,0,0,0,0,0,0,0,0,0.125598328312238,0,0.251617021858692,0,0.226537195354821,0.341870455278291,0.268117823697817,0.315728914470245,0.323383135648776,0.32589285007932,0,0.338579679097891,0.292400658130646,0,0.306194589562612,0,0.221815574729797,0,0,0.263139098882675,0.212447580482279,0.351245909929276,0.26629874430086,0,0.228767610513247,0,0.205864870299896,0.233046563785192,0,0,0,0,0,0,0,0,0,0.304623710699736,0.271853119134903,0,0,0,0,0.207836551467578,0,0,0,0.275788451041564,0.228993505239487,0.256534570388421,0.260770180477546,0.278285849839449
0,0.367565929889679,0.236928487677247,0,0.210284053495056,0,0,0,0.213840550846524,0,0,0,0,0,0,0,0,0.33432879872047,0.314557018748922,0,0,0,0,0,0,0,0,0,0,0,0,0,0,0,0,0,0.144554755044362,0,0,0.312340408563614,0.232905299345579,0.260884890332818,0.274269933117743,0.356988807519277,0.343919265452478,0.338579679097891,0,0.311595602167977,0.215533816738974,0.30591256916523,0.221004660640444,0,0,0,0.231640999678706,0,0.254838583427806,0.360858708620071,0.248274062115413,0,0.225880570709705,0,0,0.257567922383996,0,0,0,0,0,0,0,0,0.345762540896734,0.305210991806927,0,0,0,0,0,0.247337537785327,0,0,0.283317289708413,0.269530200362205,0.255612489888717,0,0.28046966586262
0,0,0.32449297606945,0,0,0,0,0,0,0,0,0,0,0,0,0,0,0,0.285471588373184,0,0,0,0,0,0,0,0,0,0,0,0,0.321287007212375,0.366833126568588,0.359030455952943,0.273182221424427,0.515926974905389,0.63220728556132,0.676580548331276,0.601711713107286,0.360153694113929,0.368901508138669,0.401478663086891,0.387385414947163,0,0.285763055086136,0.292400658130646,0.311595602167977,0,0.418873486796412,0.456403031443331,0.303354859352112,0,0,0,0,0,0,0,0,0,0,0,0,0,0,0,0.405537595351537,0,0,0,0,0,0,0,0.352280781418973,0.435343069598834,0.349250311819731,0.332312984352928,0.422264537579161,0.481975371588917,0.453006193309487,0.473471564782035,0.423724318243883,0.267116785049438,0.451232818327844,0,0
0.212998479770905,0,0.20610372896667,0,0.208626165986061,0,0,0,0.173962997538703,0,0,0,0,0,0,0,0,0,0.269953665988786,0,0,0,0,0,0,0,0,0,0,0,0,0,0.529030275344849,0,0.491654574871063,0.216274455189705,0.204489991736056,0,0.254555233778098,0.285754975383681,0.24230547817484,0.436079800128937,0.322931311580999,0,0.253383010625839,0,0.215533816738974,0.418873486796412,0,0.330630026210373,0,0,0,0,0.201947278210095,0,0.303426219357385,0.25705361366272,0,0,0,0,0,0,0,0,0,0.240349099040031,0,0,0,0.266248496492272,0,0.30664181061413,0.478074133396149,0.459053881186292,0.410215243697166,0,0.337354152923373,0.314886337133492,0,0.273920672429379,0.378322006575055,0.242751628160477,0.286264721266429,0,0.299907212568955
0,0.263405634279184,0,0.168463338835117,0,0,0,0,0,0.12658736606439,0,0,0,0,0,0,0.276203393936157,0.247162878513336,0.293582543730736,0,0,0.273148704458166,0,0.176518127322197,0,0,0,0,0,0,0,0,0.468894449373086,0.345974860446794,0.47829681634903,0.237622263305115,0,0.355003326786514,0,0.264005711940714,0,0.313367982039992,0,0.337489992380142,0,0.306194589562612,0.30591256916523,0.456403031443331,0.330630026210373,0,0,0,0,0,0,0.155464336276054,0,0.264804557611366,0,0.232457518025681,0,0.148280328661203,0,0,0.340323169898783,0,0.246583569964225,0,0.171328294277191,0,0.226498087043645,0,0.252368582146508,0,0.470755738871438,0.475935604423285,0.329739889502525,0,0.311189869503006,0.445399135351181,0.330812239130977,0,0.420671643650282,0,0.309792356642932,0.270546806976199,0
0,0,0.208724901361286,0,0.173904925986923,0,0.187737938077723,0,0.151099041104317,0,0.136541984975338,0,0.207822437087695,0,0,0,0,0,0.26848578453064,0,0.155713087982602,0,0,0,0,0,0,0,0,0,0,0,0,0,0,0,0.206232950091362,0,0,0,0,0,0.277554243803024,0,0,0,0.221004660640444,0.303354859352112,0,0,0,0,0.220732169312851,0,0.220150522887707,0,0.207966491580009,0,0.202594092261399,0,0,0,0,0.188014540692856,0,0,0,0,0,0,0,0,0,0,0,0,0,0,0,0.20864061328272,0,0,0.184091537327006,0,0.190961654311505,0,0
0,0,0,0.18098141670227,0,0.189805926382542,0,0.150250841819105,0,0,0,0.206741772592068,0,0,0,0,0,0,0.23912887275219,0.201464280486107,0,0,0,0,0,0,0,0,0,0,0,0,0,0,0,0.174098186194897,0,0,0,0,0,0.245422020554543,0,0.239140070974827,0,0.221815574729797,0,0,0,0,0,0,0,0,0,0,0,0.211649985565488,0,0.224467933177948,0,0.182546377182007,0.209213808178902,0,0,0,0,0,0,0,0,0,0.273008078336716,0,0,0,0,0,0.182067543268204,0,0,0,0.174719404855757,0,0.209773213075575,0,0
0,0,0,0,0.194089844822884,0,0.18643273661534,0,0,0,0,0,0,0,0,0,0,0,0,0,0.163787179936965,0,0,0,0,0,0,0,0,0,0,0,0,0,0,0,0,0,0,0,0,0,0,0,0,0,0,0,0,0,0.220732169312851,0,0,0,0,0,0.230263952588298,0,0.174149107187986,0,0,0,0,0.160677798092365,0,0,0,0,0,0,0,0,0,0,0,0,0,0,0,0,0,0,0.16276451614168,0,0,0,0
0,0,0,0,0,0,0,0.16150740040354,0,0,0,0,0,0,0,0,0,0,0,0.147027825838641,0,0,0,0,0,0,0,0,0,0,0,0,0,0,0,0,0,0,0,0,0,0,0,0,0,0,0,0,0,0,0,0,0,0,0,0,0,0.194140245431456,0,0,0,0,0,0,0,0,0,0,0,0,0,0,0,0,0,0,0,0,0,0,0,0,0.149874804187412,0,0,0,0
0.159205719529729,0,0.207868377593431,0,0,0,0,0,0.238687733401453,0,0,0,0,0,0.226189434528351,0,0.216981713260923,0,0.200483039021492,0,0,0,0,0,0.195809213613922,0,0,0,0,0,0,0,0,0,0,0,0,0,0.204753102941646,0,0.230880040675402,0,0.264461279341153,0,0.244541987776756,0.263139098882675,0.231640999678706,0,0.201947278210095,0,0.220150522887707,0,0,0,0,0,0.259519495069981,0,0,0,0.221930446720709,0,0,0,0,0,0,0.286318968322415,0,0.221945360654921,0,0,0,0.307226538658142,0,0,0,0.274588276942571,0,0,0,0.264253586671262,0.225286919024906,0.262178827491071,0.238460941764773,0,0.244836489359538
0,0.204016062041754,0,0.166290609817381,0,0,0,0,0,0.239998704038683,0,0,0,0,0,0.201043342550596,0.230169266462326,0.174138855809967,0.214433208107948,0,0,0,0,0.222904819502402,0,0.164010375738144,0,0,0,0,0,0,0,0,0,0,0,0.207722749393813,0,0,0,0.239660700162252,0,0.232145249843597,0,0.212447580482279,0,0,0,0.155464336276054,0,0,0,0,0,0,0,0.24198784240905,0,0,0,0.230324863584825,0.228507479031881,0,0,0,0.298236881655059,0,0.174743686616421,0,0,0,0.268719992958582,0,0,0,0.258111322919528,0,0,0,0.261201153383699,0,0.23216885086489,0.242716841813591,0.23424955741979,0,0
0.296040385961533,0,0.23456753564292,0,0.216523014008999,0,0.196737837755246,0,0.268627882003784,0,0.20694709600857,0,0.155078530311584,0,0,0,0.31244295835495,0,0.294771627523005,0,0.162237981743846,0,0,0,0,0,0,0,0,0,0,0,0,0,0,0,0.191576142765341,0,0.170587417796156,0,0.356896102428436,0.26316249370575,0.320810002670304,0,0.27091047167778,0.351245909929276,0.254838583427806,0,0.303426219357385,0,0.207966491580009,0,0.230263952588298,0,0.259519495069981,0,0,0,0.176543898052639,0,0,0,0,0.318381684190903,0,0,0,0,0,0,0,0.313077747821808,0,0.365340861457366,0,0,0,0,0,0.263184033832976,0,0.181993914585488,0.214317584161222,0.237556748092175,0.29307004945839,0,0.32835198285488
0,0.330662703514099,0,0.248537574593837,0,0.219095397740602,0,0.199811327788565,0,0.272016244630019,0,0.205851398352907,0,0.179050756618381,0,0,0,0.314682070414225,0.315360105903865,0.176105864231108,0,0,0,0,0,0,0,0,0,0.191016411408782,0,0,0,0,0,0.177419373867524,0,0.181402496769705,0,0.280002951622009,0,0.310362334897709,0.265933661588601,0.303375374864448,0.417324662208557,0.26629874430086,0.360858708620071,0,0.25705361366272,0.264804557611366,0,0.211649985565488,0,0.194140245431456,0,0.24198784240905,0,0,0,0.269609994527207,0,0.249183520674706,0.291999535084121,0,0,0,0,0,0,0,0.26314886320721,0,0.241611349074522,0,0,0,0,0,0.228745255332727,0,0.271407229335685,0,0.236159988876205,0,0.2924912660327,0.296096125245094,0
0,0,0.217522010207176,0,0.20369219882031,0,0.205317113548517,0,0,0,0.205749610438943,0,0.1779335217168,0,0.208812082616182,0,0.162944689393044,0,0,0,0.265318304300308,0,0,0,0,0,0,0,0.187009644405595,0,0,0,0,0,0,0,0.235897783190012,0,0,0,0.215601250529289,0,0.276544574648142,0,0,0,0.248274062115413,0,0,0,0.202594092261399,0,0.174149107187986,0,0,0,0.176543898052639,0,0,0,0.21318730385974,0,0,0.300242950518926,0,0,0,0,0,0.204868018627167,0,0.215231769148586,0,0,0,0,0,0,0,0.26228780987171,0,0,0.191528682988849,0.178966636459033,0.238881323900488,0,0.27277495265007
0,0.255535067990422,0,0.19578917324543,0,0.230486938729882,0,0,0,0,0,0.168297430200548,0,0.178620312127557,0,0.218481022450659,0,0,0,0,0,0,0,0,0,0,0,0.123287290334702,0,0,0,0,0,0,0,0,0,0.272325491905212,0,0,0,0.322017426050982,0,0,0,0.228767610513247,0,0,0,0.232457518025681,0,0.224467933177948,0,0,0,0,0,0.269609994527207,0,0,0,0.22348761911793,0.305048823356628,0,0,0,0,0,0,0,0,0,0.29568416873614,0,0,0,0,0,0,0,0,0,0.163958395711887,0.184948685674035,0.287643870908367,0,0
0.183071885038825,0,0.223298785941941,0,0,0,0,0,0.192571341991425,0,0,0,0.146623813293197,0,0.209826250563615,0,0.187544662362108,0,0,0,0,0,0,0,0,0,0,0,0,0,0,0,0,0,0,0,0,0,0,0,0,0,0.255747638642788,0,0,0,0.225880570709705,0,0,0,0,0,0,0,0.221930446720709,0,0,0,0.21318730385974,0,0,0,0,0,0,0,0,0,0,0.205205349989657,0,0.234929873779112,0,0,0,0,0,0,0,0,0,0,0.202242157972642,0,0.228495961853436,0,0
0,0.138048434630036,0,0.178831535306844,0,0.197463890298819,0,0,0,0.178733859549869,0,0,0,0.180155749472094,0,0.188053488305637,0,0.133757874369621,0.228279694914818,0,0,0,0,0,0,0,0,0,0,0,0,0,0,0,0,0,0,0,0,0,0,0.251965676744779,0,0.253940880298615,0,0.205864870299896,0,0,0,0.148280328661203,0,0.182546377182007,0,0,0,0.230324863584825,0,0.249183520674706,0,0.22348761911793,0,0,0,0,0,0,0,0,0.179218845995697,0,0,0,0.277171352079936,0,0,0,0,0,0,0,0,0,0.182474249973893,0,0.194474784927514,0,0
0,0,0.224581956863403,0.227048533118289,0,0.205625361431453,0,0,0,0,0,0.197568178388244,0,0,0,0,0.259093672037125,0.368130937218666,0.315787443684207,0.21429072244995,0,0,0,0,0,0,0,0,0,0,0,0,0,0,0,0.203368172101771,0,0.122248772693717,0,0.204469833590768,0,0.285674601793289,0,0,0,0.233046563785192,0,0,0,0,0,0.209213808178902,0,0,0,0.228507479031881,0,0.291999535084121,0,0.305048823356628,0,0,0,0,0,0,0,0,0,0,0,0,0.339068774282932,0,0,0,0,0,0.237950036571277,0,0,0,0.217256364194637,0,0.299093289631033,0,0
0,0,0.220261886715889,0,0.163176728412509,0,0.149222545452037,0,0,0,0.195673281044671,0,0,0,0,0,0,0,0.303391307592392,0,0.166469073817613,0,0,0,0,0,0,0,0,0,0,0,0,0,0,0,0.173545380034623,0,0.175424085391892,0,0.230115450345553,0,0.308725853761037,0,0,0,0.257567922383996,0,0,0,0.188014540692856,0,0.160677798092365,0,0,0,0.318381684190903,0,0.300242950518926,0,0,0,0,0,0,0,0,0,0,0,0,0,0,0.303220485978656,0,0,0,0,0,0.240919104991241,0,0.206898637115955,0.173904836067651,0,0.295303495266272,0,0.292588546872139
0,0,0,0,0,0,0,0,0,0,0,0,0,0,0,0,0,0,0,0,0,0.203679453027442,0,0.201722493903203,0,0,0,0.112842377471296,0,0,0,0,0,0,0,0,0,0.181959608527727,0,0,0,0,0,0,0,0,0,0,0,0.340323169898783,0,0,0,0,0,0,0,0,0,0,0,0,0,0,0,0,0.209210436811538,0,0.292779105901718,0,0.25195053457701,0,0,0,0,0,0.203396672606468,0,0,0,0.275908214870972,0,0.163335662478728,0,0,0,0
0,0,0,0,0,0,0,0,0,0,0,0,0,0,0,0,0.15597128868103,0,0,0,0,0,0.221543388044147,0,0.190277477296499,0,0.144188471377108,0,0,0,0,0,0,0,0,0,0,0,0.242436219634113,0,0,0,0,0,0,0,0,0,0,0,0,0,0,0,0,0,0,0,0,0,0,0,0,0,0,0,0,0.235526808901566,0,0.321893572807312,0,0,0,0,0,0,0,0.211683198809624,0,0,0,0.308067777383644,0.138552981245914,0.122593991458416,0.283583372831345,0,0
0,0,0,0,0,0,0,0,0,0.225706182420254,0,0,0,0,0,0,0,0,0,0,0,0.154341245743823,0,0.183105218380236,0,0,0,0,0,0,0,0,0,0,0,0,0,0.194619083545195,0,0,0,0.304769124303545,0,0,0,0,0,0.405537595351537,0,0.246583569964225,0,0,0,0,0,0.298236881655059,0,0,0,0,0,0,0,0,0.209210436811538,0,0,0,0.325480941377702,0,0.242148893529719,0,0,0,0,0,0.219302507884362,0,0,0,0.249641623792072,0,0.243520862360795,0,0.288522631755877,0,0
0,0,0,0,0,0,0,0,0.262206609953534,0,0,0,0,0,0,0,0.153449820975463,0.153532107174397,0,0,0,0,0.235048455175231,0,0.201807756615982,0,0.150708109968238,0,0,0,0,0,0,0,0,0,0,0,0.259562972285803,0,0,0,0,0,0,0,0,0,0.240349099040031,0,0,0,0,0,0.286318968322415,0,0,0,0,0,0,0,0,0,0,0.235526808901566,0,0,0,0.181261949241161,0,0,0,0,0,0,0,0.262803487479687,0,0,0,0.27517083550875,0.145342374486583,0,0.267734609873949,0,0
0,0,0,0,0,0,0,0,0,0.170261897691866,0,0,0,0,0,0,0,0,0,0,0,0.253759277363618,0,0.16408389955759,0,0.195526704617909,0,0.254458785057068,0,0,0,0,0,0,0,0,0,0,0,0,0,0,0,0,0,0,0,0,0,0.171328294277191,0,0,0,0,0,0.174743686616421,0,0,0,0,0,0.179218845995697,0,0,0.292779105901718,0,0.325480941377702,0,0,0,0.316494120591256,0,0,0,0,0,0,0,0,0,0,0,0.131879024207592,0,0,0,0
0,0,0,0,0,0,0,0,0,0,0,0,0,0,0.194096059753345,0,0.192941375490692,0,0,0,0,0,0,0,0.144079305231571,0,0.211166806519032,0,0,0,0,0,0,0,0,0,0,0,0,0,0,0,0,0,0,0,0,0,0,0,0,0,0,0,0.221945360654921,0,0,0,0.204868018627167,0,0.205205349989657,0,0,0,0,0.321893572807312,0,0.181261949241161,0,0,0,0.213675341382623,0,0,0,0,0,0,0,0,0,0,0.196424351117321,0,0,0,0
0,0,0,0.267514944076538,0,0,0,0,0,0,0,0.141919036706289,0,0.132935365041097,0,0,0,0,0,0,0,0.208147033055623,0,0,0,0.16035016477108,0,0.179112968802224,0,0.176199956032319,0,0,0,0,0,0,0,0.178893588401459,0,0,0,0.303934432566166,0,0,0,0,0,0,0,0.226498087043645,0,0,0,0,0,0,0,0.26314886320721,0,0,0,0,0,0,0.25195053457701,0,0.242148893529719,0,0.316494120591256,0,0,0,0.262772551178932,0,0,0,0,0,0,0,0.219315706084414,0,0.159970751793032,0.179832760244608,0.258706348411965,0,0
0,0,0,0,0,0,0,0,0,0,0,0,0,0,0.218169509176096,0,0.202596132611406,0,0,0,0,0,0,0,0,0,0.227712243795395,0,0.181604098280271,0,0,0,0,0,0,0,0,0,0.219072300940752,0,0,0,0.259109660983086,0,0,0,0,0,0.266248496492272,0,0,0,0,0,0,0,0.313077747821808,0,0.215231769148586,0,0.234929873779112,0,0,0,0,0,0,0,0,0.213675341382623,0,0,0,0.226749483408503,0,0,0,0,0,0,0,0.230101496955149,0.202194744939203,0.172631553575104,0.29358381994309,0,0
0,0.310543996947152,0.235364466905594,0.291211262863615,0,0.261308759450912,0,0,0,0.245496198534966,0,0.204952372986424,0,0,0,0,0.22907742857933,0.316321337159644,0.32729187371774,0,0,0,0,0,0,0,0,0.179782765476327,0,0.179525352576957,0,0,0,0,0,0,0,0.167677729091513,0,0.307131379842758,0,0.289442695010233,0.239345275362333,0.296610613663991,0.300582975149155,0.304623710699736,0.345762540896734,0,0,0.252368582146508,0,0.273008078336716,0,0,0,0.268719992958582,0,0.241611349074522,0,0.29568416873614,0,0.277171352079936,0.339068774282932,0,0,0,0,0,0,0,0.262772551178932,0,0,0,0,0,0,0,0,0,0.192947360376517,0,0.321346336902853,0,0.326924515788564,0.297360250353813,0.236539199948311
0.349637753688372,0,0.282998660135837,0,0,0,0,0,0.264850830038389,0,0.165889625747999,0,0,0,0,0,0.299053678909938,0,0.318446368784518,0,0.291096851229668,0,0,0,0,0,0,0,0,0,0.165460610214402,0,0,0,0,0,0,0,0.178021055001479,0,0.311505153775215,0,0.293652402831235,0,0.319785207509995,0.271853119134903,0.305210991806927,0,0.30664181061413,0,0,0,0,0,0.307226538658142,0,0.365340861457366,0,0,0,0,0,0,0.303220485978656,0,0,0,0,0,0,0,0.226749483408503,0,0,0,0,0,0,0,0.299043774604797,0,0.254940509137528,0.289420936829769,0.228727161884308,0.383036122339321,0,0.314509187307623
0,0,0,0,0,0,0,0,0,0,0,0,0,0,0,0,0,0,0,0,0,0,0,0,0,0,0,0,0,0,0,0.20437676908887,0.179605860203978,0.301644114684974,0.338873149028846,0.162944187472992,0.149955095395897,0,0,0,0,0,0,0,0,0,0,0.352280781418973,0.478074133396149,0.470755738871438,0,0,0,0,0,0,0,0,0,0,0,0,0,0,0,0,0,0,0,0,0,0,0,0,0,0.356283760334872,0.320095743421775,0.305420236928122,0.278769281272919,0.221755069844863,0,0,0.18243044440945,0,0.459567900214876,0,0
0,0,0,0,0,0,0,0,0,0,0,0,0,0,0,0,0,0,0,0,0,0,0,0,0,0,0,0,0,0,0,0.353655635702367,0.232392531671846,0,0.33012935986358,0.611116336150603,0.170026618125137,0,0,0,0.417851661642392,0,0,0,0,0,0,0.435343069598834,0.459053881186292,0.475935604423285,0,0,0,0,0,0,0,0,0,0,0,0,0,0,0,0,0,0,0,0,0,0,0,0,0.356283760334872,0,0.422773450613022,0.362438928048531,0.476485741332294,0.270158583963086,0,0,0.290376327962796,0,0.473096179962158,0,0
0,0,0,0,0,0,0,0,0,0.248297269145648,0,0,0,0,0,0,0,0,0,0,0,0,0,0.252289176918566,0,0,0,0,0,0,0,0.243887217271896,0.487778916954994,0.229128160381616,0.198047696756167,0.175720647536813,0,0.283023865077408,0.237731412904603,0.345055907964706,0,0,0,0,0,0,0,0.349250311819731,0.410215243697166,0.329739889502525,0,0,0,0,0,0.258111322919528,0,0,0,0,0,0,0,0,0.203396672606468,0,0.219302507884362,0,0,0,0,0,0,0,0.320095743421775,0.422773450613022,0,0.194950297004793,0.202114935896613,0,0.260665445694517,0.239734130246299,0.258317988169821,0.247956163116864,0.433072016239166,0,0
0,0,0,0,0,0,0,0,0,0,0,0,0,0,0,0,0,0,0,0,0,0,0,0,0.246106901930438,0,0,0,0,0,0,0,0.285261998651549,0.187847109680826,0.207716193036642,0,0.190417258633554,0.163427237421274,0.208139319099537,0,0,0,0,0,0,0,0,0.332312984352928,0,0,0,0,0,0,0.274588276942571,0,0,0,0,0,0,0,0,0,0,0.211683198809624,0,0.262803487479687,0,0,0,0,0,0,0.305420236928122,0.362438928048531,0.194950297004793,0,0,0.181166884990839,0.209141294161479,0.226058719203668,0.193642089356026,0.197503710786502,0,0,0
0,0,0,0.186684921383858,0,0.210860100799593,0,0,0,0,0,0.204779971923147,0,0,0,0,0,0,0,0.183199304527569,0,0,0,0,0,0,0,0,0,0,0,0.317394844510339,0.385700962586062,0.202487172870288,0.429984897375107,0.202869676117342,0.187244791033109,0.217106511186647,0.213654711842537,0.280986783012286,0,0.337171770632267,0,0,0,0.207836551467578,0,0.422264537579161,0.337354152923373,0.311189869503006,0,0.182067543268204,0,0,0,0,0,0.228745255332727,0,0,0,0,0.237950036571277,0,0,0,0,0,0,0,0,0,0,0,0.278769281272919,0.476485741332294,0.202114935896613,0,0,0.401317536149706,0.316034235630998,0.243684701621532,0.187435701607485,0.17527006804309,0.295783227556441,0,0
0,0,0.231989745299021,0,0.19495215266943,0,0,0,0,0,0.200466842779091,0,0,0,0,0,0,0,0.393481691678365,0,0.193831871014945,0,0,0,0,0,0,0,0,0,0,0.207402962182338,0.273766833526487,0,0.183764413875692,0.26092581292277,0.19606327913147,0,0.219440030758595,0.26913520693779,0.26865815152888,0,0.267656652463807,0,0,0,0.247337537785327,0.481975371588917,0.314886337133492,0.445399135351181,0.20864061328272,0,0,0,0,0,0.263184033832976,0,0.26228780987171,0,0,0,0,0.240919104991241,0,0,0,0,0,0,0,0,0,0.299043774604797,0.221755069844863,0.270158583963086,0,0.181166884990839,0.401317536149706,0,0.212890975177288,0.307328714557283,0.180427255809235,0.17118301987648,0.241965009631582,0,0.276006430387497
0,0,0,0,0,0,0,0,0,0.165803090777508,0,0.155687490559143,0,0,0,0,0,0.261582791805267,0.301827922463417,0,0,0.233749271494947,0,0.197884388488053,0,0,0,0.1663548501281,0,0.168364181908594,0,0,0,0.231980369516639,0.18912626033028,0.211603139362425,0,0.204904710692175,0.151139895995206,0.2434699293226,0,0.311331996863539,0,0,0,0,0,0.453006193309487,0,0.330812239130977,0,0,0,0,0,0.261201153383699,0,0.271407229335685,0,0,0,0,0,0,0.275908214870972,0,0.249641623792072,0,0,0,0.219315706084414,0,0.192947360376517,0,0,0,0.260665445694517,0.209141294161479,0.316034235630998,0.212890975177288,0,0.184013804251497,0.19416152879609,0.174247133545578,0.288434772108629,0,0
