0,0,0.133711376837615,0,0.142597396299243,0,0,0,0.194925242957597,0,0,0,0,0,0,0,0.336682852161558,0.247056022286415,0.34401203321535,0,0,0,0,0,0,0,0,0,0,0,0,0,0,0,0,0,0,0,0,0,0,0,0.279691601792971,0,0.400511795824224,0,0.398348462973402,0,0.147743623444141,0,0,0,0,0,0.242340195343933,0,0,0,0,0,0.211459041883548,0,0,0,0,0,0,0,0,0,0,0,0,0,0,0,0,0,0,0,0,0,0.295762468972858,0,0.312023452432581,0,0.248900825778643
0,0,0,0.204362351861265,0,0,0,0,0,0.175066877396837,0,0,0,0,0,0,0,0.163199871778488,0.178594023982684,0,0,0,0,0,0,0,0,0,0,0,0,0,0,0,0,0,0,0.181822001934052,0,0.353018391132355,0,0.227381303012371,0,0,0,0,0,0,0,0.186481265875297,0,0,0,0,0,0.198790042811119,0,0.226181454178113,0,0.223024741249177,0,0.203322516591377,0,0,0,0,0.197960327500882,0,0.237223960459232,0,0.283707827329636,0,0,0,0,0,0,0,0.310513287782669,0,0.238861665129662,0,0.13870190680027,0,0.174256471619803,0.173827022314072,0
0.133711376837615,0,0,0,0.113632232430154,0,0,0,0.128242540648573,0,0,0,0,0,0,0,0.178423054516315,0,0.226993923385938,0,0,0,0,0,0,0,0,0,0,0,0,0,0,0,0,0,0.236830994486809,0,0,0,0,0,0.261880697235802,0,0.265062808990479,0,0.295955849137712,0,0.182096206638367,0,0,0,0,0,0.146602572452637,0,0.264064481142182,0,0.237234311952041,0,0.152858647396383,0,0,0,0,0,0,0,0,0,0,0,0,0,0,0,0,0,0,0,0,0,0.172096463486222,0.107825572602451,0.226787221357258,0,0.256659141253857
0,0.204362351861265,0,0,0,0.182330182427244,0,0,0,0.129946756964693,0,0.293141037225723,0,0,0,0,0,0,0.261116648262197,0.225997373461723,0,0,0,0,0,0,0,0,0,0,0,0,0,0,0,0.216341340116092,0.26972296833992,0,0,0.283620794568587,0.25453245639801,0.260824356476466,0,0,0,0.218497490379172,0.241706350445747,0.275853335857391,0,0.207115255396462,0,0.200771277977361,0,0,0,0.171007489785552,0,0.283693658454078,0,0.218508616089821,0,0.167708329856396,0.250883723795414,0,0,0,0,0,0.314177890618642,0,0.309062723232352,0,0.318774143854777,0,0,0,0,0,0.261188919315251,0,0.301086325855816,0,0.178459801443733,0.12470186821052,0.22629079280358,0.27782417088747,0
0.142597396299243,0,0.113632232430154,0,0,0,0.146229475736618,0,0.11281909350353,0,0,0,0,0,0,0,0,0,0,0,0.136273075267673,0,0,0,0,0,0,0,0,0,0,0,0,0,0,0,0.121358608826995,0,0,0,0,0,0.22044887021184,0,0,0,0.209583252668381,0,0.115797891219457,0,0.183561491115511,0,0.167947339514891,0,0.148734088987112,0,0.192916460335255,0,0.191120743751526,0,0.122610174119473,0,0,0.208403324087461,0,0,0,0,0,0,0,0,0,0,0,0,0,0,0,0,0,0,0.144434770405138,0.15362527434315,0.148166461207193,0,0
0,0,0,0.182330182427244,0,0,0,0,0,0.143871443967024,0,0.115317143499851,0,0,0,0.143495671451092,0,0,0.229150176048279,0.16075022126499,0,0,0,0,0,0,0,0,0,0,0,0,0,0,0,0.166121959418273,0.212906576693058,0,0,0.226920152047895,0,0.222961326058094,0.208523631095886,0,0,0.200116703143487,0.215804416686296,0,0,0.249269819259644,0,0.170974699031163,0,0,0,0.142210101087888,0,0.225095744462723,0,0.212943649291992,0,0,0.22417222823088,0,0,0,0,0,0,0,0.291235427061717,0,0,0,0,0,0,0,0.193055483645626,0,0.286136731505394,0,0.153659464112779,0.134646102786064,0.203307157667105,0,0
0,0,0,0,0.146229475736618,0,0,0,0,0,0.119355399357645,0,0,0,0,0,0,0,0,0,0.146871195187709,0,0,0,0,0,0,0,0,0,0,0,0,0,0,0,0,0,0,0,0,0,0,0,0,0,0,0,0,0,0.190634139813483,0,0.16605429729772,0,0,0,0.146457777690079,0,0,0,0,0,0,0.150775271157424,0,0,0,0,0,0,0,0,0,0,0,0,0,0,0,0,0,0,0.140278265690026,0.145693764090538,0,0,0
0,0,0,0,0,0,0,0,0,0,0,0.139245182275772,0,0,0,0,0,0,0,0,0,0,0,0,0,0,0,0,0,0,0,0,0,0,0,0,0,0,0,0,0,0,0,0,0,0,0,0,0,0,0,0.159833593725763,0,0,0,0,0,0.198429980939561,0,0.166434095094078,0,0,0,0,0,0,0,0,0,0,0,0,0,0,0,0,0,0,0,0,0,0,0,0,0,0,0
0.194925242957597,0,0.128242540648573,0,0.11281909350353,0,0,0,0,0,0,0,0,0,0.135146350165208,0,0.160769792959391,0.225206439693769,0.225195670857074,0,0,0,0,0,0.171366427838802,0,0,0,0,0,0,0,0,0,0,0,0,0,0,0,0,0,0.180624749859174,0,0.310506865382195,0,0.31078075170517,0,0.137620392848145,0,0.147832906246185,0,0,0,0.225386760161394,0,0,0,0,0,0.13827069186502,0,0,0,0,0,0,0.346006199717522,0,0,0,0,0,0,0,0,0,0,0,0,0,0,0.18685925488394,0.153675393471795,0.238026024905715,0,0.147122030456861
0,0.175066877396837,0,0.129946756964693,0,0.143871443967024,0,0,0,0,0,0,0,0,0,0.149763269055831,0,0.14260702758717,0.172012388409371,0,0,0,0,0,0,0.156683962792158,0,0,0,0,0,0,0,0,0,0.181226246058941,0,0,0,0.257419836364294,0,0.209541050940752,0,0,0,0.201117015491098,0.209456130862236,0.247455097734928,0,0.192611738571322,0,0.117790028181943,0,0,0,0.226008787098252,0,0.249434086680412,0,0,0,0.162057043115298,0,0,0,0,0,0,0.194416150450706,0,0.281109184026718,0,0,0,0,0,0,0,0.231981871856583,0,0.308805714050929,0,0.176078695424168,0.169044744223356,0.216441778730519,0.214550487697124,0
0,0,0,0,0,0,0.119355399357645,0,0,0,0,0,0.172138347541015,0,0,0,0,0,0,0,0.173010926323791,0,0,0,0,0,0,0,0.175694552146726,0,0.181788932394098,0,0,0,0,0,0.165379612573556,0,0.147966452650518,0,0,0,0,0,0,0,0,0,0,0,0,0,0.133185359835625,0,0,0,0.160971170815614,0,0.173750647646518,0,0,0,0,0.165302033838514,0,0,0,0,0,0,0,0.195507844289144,0,0.220464036334306,0,0,0,0,0,0.176304016501207,0,0.161244739033282,0.134332492800406,0.121815510094166,0,0,0
0,0,0,0.293141037225723,0,0.115317143499851,0,0.139245182275772,0,0,0,0,0,0.203818801202272,0,0,0,0,0.35647340118885,0.147861676937655,0,0,0,0,0,0,0,0,0,0.154147974708501,0,0,0,0,0,0.173451900482178,0,0.170544762714827,0,0,0,0.354819506406784,0,0,0,0.268123530317098,0,0,0,0.325715225189924,0,0.144325584173203,0,0,0,0,0,0.210577339073208,0,0,0,0,0.184387027151216,0,0,0,0,0,0.28540413081646,0,0.276321354584816,0,0.227481380956514,0,0,0,0,0,0,0,0.194471909819792,0,0.195106498715354,0,0.255074375322167,0,0
0,0,0,0,0,0,0,0,0,0,0.172138347541015,0,0,0,0.157955571540169,0,0,0,0,0,0,0,0,0,0,0,0,0,0.151409290730953,0,0,0,0,0,0,0,0,0,0,0,0,0,0,0,0,0,0,0,0,0,0,0,0,0,0,0,0.175521223672799,0,0.160341799410211,0,0.159204223616557,0,0,0,0,0,0,0,0,0,0,0,0,0,0,0,0,0,0,0,0,0,0.146827203346722,0.19244617358264,0,0,0
0,0,0,0,0,0,0,0,0,0,0,0.203818801202272,0,0,0,0.165289499596053,0,0.135633519486241,0,0,0,0,0,0,0,0.140678092837334,0,0,0,0,0,0,0,0,0,0,0,0,0,0,0,0,0,0,0,0,0,0,0,0,0,0,0,0,0,0,0,0.201072064893586,0,0.176418655278052,0,0.170742982094831,0,0,0,0,0,0,0.161005429923534,0,0.169637391964595,0,0,0,0,0,0,0,0,0,0,0,0.145473452284932,0.204141187100183,0,0,0
0,0,0,0,0,0,0,0,0.135146350165208,0,0,0,0.157955571540169,0,0,0,0.13921742182941,0,0,0,0,0,0,0,0.128031329810619,0,0.154963657048577,0,0.117721122503281,0,0,0,0,0,0,0,0,0,0,0,0,0,0,0,0,0,0,0,0,0,0,0,0,0,0.164632812142372,0,0,0,0.179506711031709,0,0.16045713188958,0,0,0,0,0,0,0,0,0.175509323676427,0,0,0,0,0,0,0,0,0,0,0,0,0.13220557176015,0.319915741682053,0,0,0
0,0,0,0,0,0.143495671451092,0,0,0,0.149763269055831,0,0,0,0.165289499596053,0,0,0,0,0,0,0,0,0,0,0,0.171884247101843,0,0,0,0,0,0,0,0,0,0,0,0,0,0,0,0,0,0,0,0,0,0,0,0.157918140292168,0,0,0,0,0,0.163583304275546,0,0,0,0.18325795639645,0,0.156317707632893,0,0,0,0,0,0,0.173107278735741,0,0,0,0,0,0,0,0,0,0,0,0,0,0.205979914429472,0.211076276246891,0,0,0
0.336682852161558,0,0.178423054516315,0,0,0,0,0,0.160769792959391,0,0,0,0,0,0.13921742182941,0,0,0.12628920787668,0.240236047139936,0,0,0,0,0,0.143456981159174,0,0.130054076550284,0,0.109182389453053,0,0,0,0,0,0,0,0,0,0,0.322154700756073,0,0.192976628740629,0.266859837940761,0,0.30020689368248,0,0.391413390636444,0,0,0,0,0,0,0,0.142168838815152,0,0,0,0,0,0.138504357801543,0,0,0,0,0,0,0,0,0.148892607846681,0,0.132008973922994,0,0,0,0,0,0,0,0,0,0,0.195907961818784,0.203439735230945,0.332696450776175,0,0
0.247056022286415,0.163199871778488,0,0,0,0,0,0,0.225206439693769,0.14260702758717,0,0,0,0.135633519486241,0,0,0.12628920787668,0,0.167389110163494,0,0,0,0,0.15306334827955,0,0.137831162442179,0,0,0,0,0,0,0,0,0,0,0,0,0,0.275611263513565,0,0.210007484536618,0.165761955082417,0,0,0.276114016771317,0,0.241661198437214,0.206646427512169,0.258997355898221,0,0,0,0,0.115751460194588,0.156550089726929,0,0,0,0.1442647036165,0,0.153029955923557,0,0,0,0,0,0,0.154639718118851,0,0.269040405750275,0,0,0,0,0,0,0,0.238234989345074,0,0.315253078937531,0,0.145131236999005,0.179579232031336,0.280656013073343,0,0
0.34401203321535,0.178594023982684,0.226993923385938,0.261116648262197,0,0.229150176048279,0,0,0.225195670857074,0.172012388409371,0,0.35647340118885,0,0,0,0,0.240236047139936,0.167389110163494,0,0.300643344720205,0,0,0,0.145587867056882,0,0,0,0,0,0,0,0.237028613686562,0.35191598534584,0,0,0.209568277001381,0,0.324028290808201,0,0.326495328363229,0.237384330819954,0.207510417651904,0.197073464570964,0,0.230677622041447,0.30670834087174,0.30583241996796,0.299759172269555,0.280128617584705,0.288001176646047,0,0,0,0,0.148347765207291,0.17979443643023,0,0.315302790938944,0,0.2819544672966,0,0,0.269993934602965,0,0,0,0.123729214072227,0,0.335801556706429,0,0.324959615786229,0,0.314275048673153,0,0,0.341438844799995,0,0.302915632724762,0.313865123731607,0.281485279401143,0.315968251374901,0,0.208863093792775,0.20012074872239,0.276090679524211,0.210780062885196,0.208360744044953
0,0,0,0.225997373461723,0,0.16075022126499,0,0,0,0,0,0.147861676937655,0,0,0,0,0,0,0.300643344720205,0,0,0,0,0,0,0,0,0,0,0,0,0,0,0,0,0.15635006573816,0,0.156306213946367,0,0.23136892169714,0,0.207609862089157,0.250962823629379,0,0,0.235684141516685,0,0,0,0.301386137803396,0,0.197146356105804,0,0,0,0,0,0.202539733502754,0,0,0,0,0.161808091769812,0,0,0,0,0,0,0,0.268026739358902,0,0.205691143870354,0,0,0,0,0,0.171166897253032,0,0.219945106241438,0,0.171553349808643,0,0.199939007456932,0,0
0,0,0,0,0.136273075267673,0,0.146871195187709,0,0,0,0.173010926323791,0,0,0,0,0,0,0,0,0,0,0,0,0,0,0,0,0,0,0,0.247832825779915,0,0,0,0,0,0.159227731475688,0,0.178418990497182,0,0,0,0,0,0,0,0.280765771865845,0,0,0,0.241409886188996,0,0.183369833104154,0,0,0,0.166174256606843,0,0,0,0,0,0,0.196361314259715,0,0,0,0,0,0,0,0,0,0.292933241210201,0,0,0,0,0,0.163322219936287,0,0.230804991979174,0.145439393958955,0.116020508110523,0.182869361341,0,0
0,0,0,0,0,0,0,0,0,0,0,0,0,0,0,0,0,0,0,0,0,0,0.11171239757214,0.241610837683958,0,0.170036152005196,0,0,0,0,0,0,0,0,0,0,0,0.160398355946136,0,0.283625155687332,0,0.252362365523974,0,0,0,0.333052635192871,0,0,0,0.220077725108897,0,0,0,0,0,0,0,0.301390007138252,0,0,0,0,0,0,0.181228319359429,0.120774673843338,0.218504284121837,0,0,0,0.213897243142128,0,0,0,0,0,0,0,0,0,0.160818968168433,0.118665153781573,0.123442119583547,0.105877172615793,0.268862305717035,0,0
0,0,0,0,0,0,0,0,0,0,0,0,0,0,0,0,0,0,0,0,0,0.11171239757214,0,0,0.16407064531456,0,0.15507750910136,0,0.167545744601418,0,0,0,0,0,0,0,0,0.136361444225678,0.160183405045104,0,0,0,0,0,0,0,0,0,0.233502559118987,0,0,0,0,0,0,0,0,0,0,0,0,0,0,0,0.143747046395488,0.164381470315471,0,0.177112963906726,0,0.16025993321836,0,0.184375303505941,0,0,0,0,0,0,0,0,0.140105419523186,0.15672245187376,0.135266476553564,0.173556776418362,0,0,0
0,0,0,0,0,0,0,0,0,0,0,0,0,0,0,0,0,0.15306334827955,0.145587867056882,0,0,0.241610837683958,0,0,0,0.160476942062378,0,0,0,0,0,0,0,0,0.241427093744278,0,0,0.135916451662779,0,0,0,0.152404809370637,0,0,0,0.223509639501572,0,0.291691958904266,0,0.178727619349957,0,0,0,0,0,0.153154450384053,0,0,0,0,0,0,0,0,0.237226112135525,0,0.165651975114915,0,0.17192305624485,0,0,0,0,0,0,0,0,0,0,0,0.222588808255425,0,0.136129542002358,0.110913496878412,0.295076280832291,0,0
0,0,0,0,0,0,0,0,0.171366427838802,0,0,0,0,0,0.128031329810619,0,0.143456981159174,0,0,0,0,0,0.16407064531456,0,0,0,0,0,0,0,0,0,0,0,0,0,0,0,0.145882133115581,0,0,0,0.218131686250369,0,0,0,0,0,0.149151101708412,0,0,0,0,0,0.395661450283868,0,0,0,0,0,0,0,0,0,0,0.194583382337324,0,0.196099559009411,0,0,0,0,0,0,0,0,0,0,0,0,0,0.168972205966031,0.170739213617421,0.249099779874086,0.341901154768082,0,0.125371858477592
0,0,0,0,0,0,0,0,0,0.156683962792158,0,0,0,0.140678092837334,0,0.171884247101843,0,0.137831162442179,0,0,0,0.170036152005196,0,0.160476942062378,0,0,0,0.156814826031526,0,0,0,0,0,0,0,0,0,0,0,0,0,0,0,0,0,0,0,0,0,0,0,0,0,0,0,0.181354596766073,0,0,0,0,0,0.161765590310097,0,0,0.173196190485248,0,0.179437463043952,0,0.158006179811699,0,0,0,0,0,0,0,0,0,0,0,0.215474560856819,0,0.153210473748354,0,0,0,0
0,0,0,0,0,0,0,0,0,0,0,0,0,0,0.154963657048577,0,0.130054076550284,0,0,0,0,0,0.15507750910136,0,0,0,0,0,0.133451344094415,0,0,0,0,0,0,0,0,0,0,0,0,0,0,0,0,0,0,0,0,0,0,0,0,0,0,0,0,0,0,0,0.171158351004124,0,0,0,0,0.156692091375589,0,0,0,0.148279814624492,0,0.149181535733598,0,0,0,0,0,0,0,0,0,0,0.126394186523024,0.125189140439034,0,0,0
0,0,0,0,0,0,0,0,0,0,0,0,0,0,0,0,0,0,0,0,0,0,0,0,0,0.156814826031526,0,0,0,0.161498476134639,0,0,0,0,0,0,0,0.176688324946624,0,0,0,0,0,0,0,0,0,0,0,0,0,0,0,0,0,0,0,0,0,0.168823719438579,0,0,0,0,0,0,0,0,0.158218290217579,0,0.183968943096889,0,0.178455474140408,0,0,0,0,0,0,0,0.184835603807396,0,0.169231098145247,0,0,0,0
0,0,0,0,0,0,0,0,0,0,0.175694552146726,0,0.151409290730953,0,0.117721122503281,0,0.109182389453053,0,0,0,0,0,0.167545744601418,0,0,0,0.133451344094415,0,0,0,0.1909190420891,0,0,0,0,0,0,0,0.131275774704085,0,0,0,0,0,0,0,0,0,0.213498685508966,0,0,0,0,0,0,0,0.178380294875414,0,0.156462645287034,0,0,0,0,0,0,0.236964908242226,0,0,0,0.155416393488417,0,0.160604413324041,0,0.17891342253898,0,0,0,0,0,0,0,0.189086265861988,0.145842717746972,0.152150304153048,0,0,0
0,0,0,0,0,0,0,0,0,0,0,0.154147974708501,0,0,0,0,0,0,0,0,0,0,0,0,0,0,0,0.161498476134639,0,0,0,0,0,0,0,0,0,0.163277527420583,0,0,0,0,0,0,0,0,0,0,0,0,0,0,0,0,0,0,0,0.150729000761911,0,0,0,0,0,0,0,0,0,0,0,0,0.15235461294651,0,0.183627318583102,0,0,0,0,0,0,0,0.217879725335467,0,0.154843320449193,0,0,0,0
0,0,0,0,0,0,0,0,0,0,0.181788932394098,0,0,0,0,0,0,0,0,0,0.247832825779915,0,0,0,0,0,0,0,0.1909190420891,0,0,0,0,0,0,0,0,0,0.149081785098783,0,0,0,0,0,0,0,0,0,0,0,0,0,0,0,0,0,0.200388409492403,0,0,0,0,0,0,0.240226267112626,0,0,0,0,0,0,0,0.200402173012989,0,0.161610251262704,0,0,0,0,0,0,0,0.168184666055264,0.113285982981324,0,0,0,0
0,0,0,0,0,0,0,0,0,0,0,0,0,0,0,0,0,0,0.237028613686562,0,0,0,0,0,0,0,0,0,0,0,0,0,0.240110481027308,0.176044761810614,0,0.156154544286316,0.158107641573046,0.240402733286222,0,0.198648209373156,0,0.207803606987,0,0,0,0,0,0.374532630684462,0.32955599289674,0.229499565230476,0,0,0,0,0,0,0,0,0,0,0,0,0,0,0,0,0,0,0,0,0,0,0,0,0.287005188287111,0.176188556683324,0.22548882165408,0.220796838402748,0.28777563078592,0.251900233766612,0.250763098398844,0,0.166092687821764,0,0,0,0
0,0,0,0,0,0,0,0,0,0,0,0,0,0,0,0,0,0,0.35191598534584,0,0,0,0,0,0,0,0,0,0,0,0,0.240110481027308,0,0,0,0.34231321090782,0.165592211251818,0,0,0.328191727399826,0,0.294898182153702,0,0,0,0,0,0.514019758648859,0,0,0,0,0,0,0,0,0,0,0,0,0,0,0.360561847686768,0,0,0,0,0,0,0,0,0,0,0,0.328867475865951,0.254317284503732,0.335968201359113,0.210829022278388,0.331908400189008,0.310663323360058,0.276484608650208,0,0.267382184260113,0,0,0,0
0,0,0,0,0,0,0,0,0,0,0,0,0,0,0,0,0,0,0,0,0,0,0,0,0,0,0,0,0,0,0,0.176044761810614,0,0,0.176419213006639,0.181439498479062,0,0.180668391849635,0.166927477263886,0,0,0,0,0,0,0,0,0.362801827671397,0.388009811356916,0.422991891117657,0,0,0,0,0,0,0,0,0,0,0,0,0,0,0,0,0,0,0,0,0,0,0,0,0.276260324575344,0,0.195941692563366,0.182960672684796,0.180711315487916,0,0.395325185459418,0.338924137619781,0.175565956830978,0.187861812611421,0,0,0
0,0,0,0,0,0,0,0,0,0,0,0,0,0,0,0,0,0,0,0,0,0,0,0.241427093744278,0,0,0,0,0,0,0,0,0,0.176419213006639,0,0.289146350324154,0.141112193369713,0.280235599726439,0.186612614244223,0.320591010830619,0,0.292585541804632,0,0,0,0,0,0.312286283998262,0,0.253721565008163,0,0,0,0,0,0,0,0,0,0,0,0,0,0,0,0,0,0,0,0,0,0,0,0,0.252995617114581,0.138471047083537,0.264172660507804,0.179686189649264,0.323268368415896,0.16293205724981,0.278075140590469,0.196659941100672,0.174805544482337,0,0,0,0
0,0,0,0.216341340116092,0,0.166121959418273,0,0,0,0.181226246058941,0,0.173451900482178,0,0,0,0,0,0,0.209568277001381,0.15635006573816,0,0,0,0,0,0,0,0,0,0,0,0.156154544286316,0.34231321090782,0.181439498479062,0.289146350324154,0,0.199193963627088,0.151141298254235,0,0.16867483466525,0.207800236615268,0.242157709140044,0,0,0,0.158184478978316,0.195050843556722,0.248338664739819,0,0.238342870313388,0,0.217206446187837,0,0,0,0.190883934497833,0,0.232808293058322,0,0,0,0,0.158180663327652,0,0,0,0,0,0,0,0.271439552307129,0,0,0,0.182556834500283,0.254071639229854,0.207031781499995,0.288208762804667,0.18187830884678,0.200473902853733,0.190433517741642,0,0.156191436227417,0.189004072181459,0.202269409816799,0,0
0,0,0.236830994486809,0.26972296833992,0.121358608826995,0.212906576693058,0,0,0,0,0.165379612573556,0,0,0,0,0,0,0,0,0,0.159227731475688,0,0,0,0,0,0,0,0,0,0,0.158107641573046,0.165592211251818,0,0.141112193369713,0.199193963627088,0,0,0.134115601713815,0,0.406557368364797,0.284209787845612,0.266901378830274,0,0,0.212994085890906,0.261585682630539,0.599677170434641,0,0.27387668689092,0,0.235836535692215,0,0,0,0,0.147850247113206,0.250620408604542,0,0,0,0,0.239883810281754,0.14016157987973,0,0,0,0,0,0,0,0,0,0,0.148371919377971,0.172175478476744,0,0.139064171107916,0.1935394774465,0.17928991576201,0,0.163948609818066,0.154502152923633,0.213143882922607,0.236080045905874,0,0
0,0.181822001934052,0,0,0,0,0,0,0,0,0,0.170544762714827,0,0,0,0,0,0,0.324028290808201,0.156306213946367,0,0.160398355946136,0.136361444225678,0.135916451662779,0,0,0,0.176688324946624,0,0.163277527420583,0,0.240402733286222,0,0.180668391849635,0.280235599726439,0.151141298254235,0,0,0.132816592048515,0,0,0.277554872692848,0,0,0,0.323407904969321,0,0.51452836672465,0.274842262268066,0.203652696210449,0,0,0,0,0,0,0,0.257152741774917,0,0,0,0,0.205501170148925,0,0.265048758736972,0.140348613262177,0.345932261002335,0,0,0,0.181317578662526,0,0.186247719595065,0,0.259147819663797,0.257552891969681,0.200943038311033,0,0.175698900552887,0,0.171656560992418,0.13794408338327,0.151389520065191,0,0.305943960922336,0.281671320398649,0
0,0,0,0,0,0,0,0,0,0,0.147966452650518,0,0,0,0,0,0,0,0,0,0.178418990497182,0,0.160183405045104,0,0.145882133115581,0,0,0,0.131275774704085,0,0.149081785098783,0,0,0.166927477263886,0.186612614244223,0,0.134115601713815,0.132816592048515,0,0,0,0,0,0,0,0,0,0.409639209676325,0.355019480467967,0,0,0,0,0,0.380575813353062,0,0.135476560154314,0,0,0,0,0,0,0.223800222078959,0,0.21116279799998,0,0.254208307464918,0,0,0,0.254479795694351,0,0.169921403129896,0,0,0,0.176377481922576,0,0.157595715498074,0.145655788481236,0.172433538938185,0.148047156248054,0.147459504008293,0.362917754337901,0,0
0,0.353018391132355,0,0.283620794568587,0,0.226920152047895,0,0,0,0.257419836364294,0,0,0,0,0,0,0.322154700756073,0.275611263513565,0.326495328363229,0.23136892169714,0,0.283625155687332,0,0,0,0,0,0,0,0,0,0.198648209373156,0.328191727399826,0,0.320591010830619,0.16867483466525,0,0,0,0,0.210932636702502,0.269499062940596,0.221816998507295,0.207858547568321,0.218869000673294,0.269658988422935,0.203147373551672,0.23044916925331,0.27927995792457,0.178858286893423,0,0.224047939885746,0,0,0,0.267233686787742,0,0.261555006679816,0,0.249249723553658,0,0.231805354356766,0.234196673874017,0,0,0,0.275332733988762,0,0.282770484685898,0,0.311817936599255,0,0.35212816298008,0,0.206421948969364,0.325709149241447,0,0.332378402352333,0.221014851482161,0.219653699547052,0.256196297254864,0,0.307332208866165,0.327772051095963,0.267921335078345,0.231711907312274,0
0,0,0,0.25453245639801,0,0,0,0,0,0,0,0,0,0,0,0,0,0,0.237384330819954,0,0,0,0,0,0,0,0,0,0,0,0,0,0,0,0,0.207800236615268,0.406557368364797,0,0,0.210932636702502,0,0.211544945836067,0.250473624258711,0,0.246218629181385,0.189842611551285,0.265939024401848,0.334713627736533,0.175876773578074,0.235666692256927,0,0.218284696340561,0,0,0,0,0,0.258892387151718,0,0.244082361459732,0,0,0,0.253772501188975,0,0,0,0,0,0,0,0,0,0.183345529437065,0,0,0,0,0.204907564818859,0.231385361447171,0,0.178618729493376,0.244149323214184,0,0.235172563350813,0,0
0,0.227381303012371,0,0.260824356476466,0,0.222961326058094,0,0,0,0.209541050940752,0,0.354819506406784,0,0,0,0,0.192976628740629,0.210007484536618,0.207510417651904,0.207609862089157,0,0.252362365523974,0,0.152404809370637,0,0,0,0,0,0,0,0.207803606987,0.294898182153702,0,0.292585541804632,0.242157709140044,0.284209787845612,0.277554872692848,0,0.269499062940596,0.211544945836067,0,0.196297006778666,0.190442986786366,0.200437240302563,0.253909649853968,0.224552017450333,0.293118881938212,0.289496937766671,0.260136837048278,0,0.264064356684685,0,0,0,0.263745412230492,0,0.287742014693957,0,0.285854538281759,0,0,0.273582890790862,0,0.274408304691315,0,0,0,0.332463663248789,0,0.316769435822246,0,0.326606868669905,0,0.196762185543776,0.303371340036392,0,0,0.28544917875142,0,0.299702646116079,0,0.242754599582205,0.232217967510223,0.259571861189288,0.215523605819406,0
0.279691601792971,0,0.261880697235802,0,0.22044887021184,0.208523631095886,0,0,0.180624749859174,0,0,0,0,0,0,0,0.266859837940761,0.165761955082417,0.197073464570964,0.250962823629379,0,0,0,0,0.218131686250369,0,0,0,0,0,0,0,0,0,0,0,0.266901378830274,0,0,0.221816998507295,0.250473624258711,0.196297006778666,0,0,0.204493086378894,0.222232654690742,0.230015103784003,0.306441484391689,0.262227757356793,0.25366273522377,0,0,0,0,0.168188169598579,0,0,0,0,0,0,0,0.220785886049271,0,0,0,0,0,0,0,0.268620878458023,0,0.26537549495697,0.323188678533943,0,0,0,0,0.247382314668761,0.327467216054598,0,0.291969772766937,0.238132545805496,0.261908054351807,0.250575194426649,0,0.173504458520272
0,0,0,0,0,0,0,0,0,0,0,0,0,0,0,0,0,0,0,0,0,0,0,0,0,0,0,0,0,0,0,0,0,0,0,0,0,0,0,0.207858547568321,0,0.190442986786366,0,0,0,0,0,0,0,0,0,0,0,0,0,0,0,0,0,0,0,0,0,0,0,0,0,0,0,0,0,0,0,0,0,0,0,0,0,0,0,0,0.228705421090126,0,0.256833754479885,0,0
0.400511795824224,0,0.265062808990479,0,0,0,0,0,0.310506865382195,0,0,0,0,0,0,0,0.30020689368248,0,0.230677622041447,0,0,0,0,0,0,0,0,0,0,0,0,0,0,0,0,0,0,0,0,0.218869000673294,0.246218629181385,0.200437240302563,0.204493086378894,0,0,0,0.274979179151929,0,0,0,0,0,0,0,0,0,0,0,0,0,0,0,0,0,0,0,0,0,0,0,0,0,0,0,0,0,0,0,0.221923679113388,0,0,0,0.221512865570803,0,0.251199290761634,0,0.203713437914848
0,0,0,0.218497490379172,0,0.200116703143487,0,0,0,0.201117015491098,0,0.268123530317098,0,0,0,0,0,0.276114016771317,0.30670834087174,0.235684141516685,0,0.333052635192871,0,0.223509639501572,0,0,0,0,0,0,0,0,0,0,0,0.158184478978316,0.212994085890906,0.323407904969321,0,0.269658988422935,0.189842611551285,0.253909649853968,0.222232654690742,0,0,0,0.194252552730697,0.347863554954529,0,0.324451231237116,0,0.225151225924492,0,0,0,0.203609043643588,0,0.301645233583303,0,0.262001544237137,0,0,0.248882101892548,0,0.300049483776093,0,0,0,0.342676262060801,0,0.331008615549545,0,0.317615506323901,0,0,0,0,0,0.261450750601078,0,0.32194992243534,0,0.283570751575357,0.197071842849255,0.26224050067933,0.300221621990204,0
0.398348462973402,0,0.295955849137712,0.241706350445747,0.209583252668381,0.215804416686296,0,0,0.31078075170517,0.209456130862236,0,0,0,0,0,0,0.391413390636444,0,0.30583241996796,0,0.280765771865845,0,0,0,0,0,0,0,0,0,0,0,0,0,0,0.195050843556722,0.261585682630539,0,0,0.203147373551672,0.265939024401848,0.224552017450333,0.230015103784003,0,0.274979179151929,0.194252552730697,0,0,0.232971989933182,0.211876640717189,0,0.232580542564392,0,0,0,0.210711508989334,0.304293076197306,0.243291208148003,0,0,0,0,0.246033728122711,0.212429960197558,0,0,0,0,0,0,0,0,0,0,0,0,0,0,0.208981007958452,0.271659428012697,0,0.450885494972797,0.367089171810758,0,0.293635428517103,0,0.29695899784565
0,0,0,0.275853335857391,0,0,0,0,0,0.247455097734928,0,0,0,0,0,0,0,0.241661198437214,0.299759172269555,0,0,0,0,0.291691958904266,0,0,0,0,0,0,0,0.374532630684462,0.514019758648859,0.362801827671397,0.312286283998262,0.248338664739819,0.599677170434641,0.51452836672465,0.409639209676325,0.23044916925331,0.334713627736533,0.293118881938212,0.306441484391689,0,0,0.347863554954529,0,0,0.376962132518831,0.282611752281682,0,0,0,0,0,0,0,0.234205082058907,0,0,0,0,0.304377526044846,0,0,0,0,0,0.357147186994553,0,0,0.346518884102503,0,0.366408586502075,0.375258046629088,0.397488459868504,0.344402060854516,0.313431083022252,0.317864594215811,0.381781152627659,0.389448373282831,0.406264724914212,0.382470592211383,0.180898815393448,0.356169102563486,0,0
0.147743623444141,0,0.182096206638367,0,0.115797891219457,0,0,0,0.137620392848145,0,0,0,0,0,0,0,0,0.206646427512169,0.280128617584705,0,0,0,0.233502559118987,0,0.149151101708412,0,0,0,0.213498685508966,0,0,0.32955599289674,0,0.388009811356916,0,0,0,0.274842262268066,0.355019480467967,0.27927995792457,0.175876773578074,0.289496937766671,0.262227757356793,0,0,0,0.232971989933182,0.376962132518831,0,0.278905941149856,0,0,0,0,0.149917677044868,0,0.21799436764371,0,0.226428826649984,0,0.208596504783189,0,0,0,0,0.247704951992053,0,0.198032796382904,0,0,0.273894518613815,0.234508473236682,0,0.183139022101055,0.292483697334925,0.34109960993131,0.345747526954202,0.204794744650523,0.316359990390379,0.237576734847747,0.316543899476528,0.251105903197449,0.323852620223241,0,0.260675387556186,0,0.204474538564682
0,0.186481265875297,0,0.207115255396462,0,0.249269819259644,0,0,0,0.192611738571322,0,0.325715225189924,0,0,0,0.157918140292168,0,0.258997355898221,0.288001176646047,0.301386137803396,0,0.220077725108897,0,0.178727619349957,0,0,0,0,0,0,0,0.229499565230476,0,0.422991891117657,0.253721565008163,0.238342870313388,0.27387668689092,0.203652696210449,0,0.178858286893423,0.235666692256927,0.260136837048278,0.25366273522377,0,0,0.324451231237116,0.211876640717189,0.282611752281682,0.278905941149856,0,0,0.239117622375488,0,0,0,0.189526068694566,0,0.284719888892585,0,0.269221854972697,0,0.224473324352004,0.331414172204874,0,0.212881683954295,0,0.23450707125704,0,0.278545471316588,0,0.303643050518903,0,0.305981300056797,0,0.217762487499337,0,0.374072210355238,0,0.208862266346825,0,0.224824736049889,0.351161688566208,0.296503052933101,0.248968665798505,0.267060603526155,0.304415423423052,0
0,0,0,0,0.183561491115511,0,0.190634139813483,0,0.147832906246185,0,0,0,0,0,0,0,0,0,0,0,0.241409886188996,0,0,0,0,0,0,0,0,0,0,0,0,0,0,0,0,0,0,0,0,0,0,0,0,0,0,0,0,0,0,0,0.194033991832,0,0,0,0.235460508852563,0,0.158160684630275,0,0,0,0,0.26537180455292,0,0,0,0,0,0,0,0,0,0,0,0,0,0,0,0,0,0,0.168531688302755,0.13573832064867,0.152113235741854,0,0
0,0,0,0.200771277977361,0,0.170974699031163,0,0.159833593725763,0,0.117790028181943,0,0.144325584173203,0,0,0,0,0,0,0,0.197146356105804,0,0,0,0,0,0,0,0,0,0,0,0,0,0,0,0.217206446187837,0.235836535692215,0,0,0.224047939885746,0.218284696340561,0.264064356684685,0,0,0,0.225151225924492,0.232580542564392,0,0,0.239117622375488,0,0,0,0.171482167152501,0,0.120655604451895,0,0.198073364794254,0,0.18775470495224,0,0,0.23626677456655,0,0,0,0,0,0,0,0.290120840072632,0,0,0,0,0,0,0,0.212770320475101,0,0,0,0.197091111766272,0,0.244955025362165,0,0
0,0,0,0,0.167947339514891,0,0.16605429729772,0,0,0,0.133185359835625,0,0,0,0,0,0,0,0,0,0.183369833104154,0,0,0,0,0,0,0,0,0,0,0,0,0,0,0,0,0,0,0,0,0,0,0,0,0,0,0,0,0,0.194033991832,0,0,0,0,0,0.177839018055436,0,0,0,0,0,0,0.220653742747872,0,0,0,0,0,0,0,0,0,0,0,0,0,0,0,0,0,0,0.154119601712013,0.142176352441311,0,0,0
0,0,0,0,0,0,0,0,0,0,0,0,0,0,0,0,0,0,0,0,0,0,0,0,0,0,0,0,0,0,0,0,0,0,0,0,0,0,0,0,0,0,0,0,0,0,0,0,0,0,0,0.171482167152501,0,0,0,0,0,0.194533995553559,0,0.173919449746609,0,0,0,0,0,0,0,0,0,0,0,0,0,0,0,0,0,0,0,0,0,0,0,0,0,0,0
0.242340195343933,0,0.146602572452637,0,0.148734088987112,0,0,0,0.225386760161394,0,0,0,0,0,0.164632812142372,0,0.142168838815152,0.115751460194588,0.148347765207291,0,0,0,0,0,0.395661450283868,0,0,0,0,0,0,0,0,0,0,0,0,0,0.380575813353062,0,0,0,0.168188169598579,0,0,0,0,0,0.149917677044868,0,0,0,0,0,0,0,0.122934110462666,0,0.119850687682629,0,0.221597418353158,0,0,0,0,0,0,0.297507047435132,0,0,0,0,0,0,0,0,0,0,0,0,0,0.325812558333079,0.171689137911705,0.17885218821466,0.339888634615474,0,0.152512446045876
0,0.198790042811119,0,0.171007489785552,0,0.142210101087888,0,0,0,0.226008787098252,0,0,0,0,0,0.163583304275546,0,0.156550089726929,0.17979443643023,0,0,0,0,0.153154450384053,0,0.181354596766073,0,0,0,0,0,0,0,0,0,0.190883934497833,0,0,0,0.267233686787742,0,0.263745412230492,0,0,0,0.203609043643588,0.210711508989334,0,0,0.189526068694566,0,0.120655604451895,0,0,0,0,0,0.231361910700798,0,0.219277866184711,0,0.197512791336825,0,0,0,0,0.164411649317809,0,0.18124344601081,0,0,0,0,0,0,0,0,0,0.24580076833566,0,0.286635607481003,0,0.185809473275196,0,0.225303772564341,0,0
0,0,0.264064481142182,0,0.192916460335255,0,0.146457777690079,0,0,0,0.160971170815614,0,0.175521223672799,0,0,0,0,0,0,0,0.166174256606843,0,0,0,0,0,0,0,0.178380294875414,0,0.200388409492403,0,0,0,0,0,0.147850247113206,0,0.135476560154314,0,0,0,0,0,0,0,0.304293076197306,0,0.21799436764371,0,0.235460508852563,0,0.177839018055436,0,0.122934110462666,0,0,0,0.237501478901885,0,0.231742941620557,0,0,0.260953876120411,0,0,0,0,0,0,0,0.24300455024561,0,0.272853928640348,0,0,0,0,0,0.170129420856635,0,0.147076537663286,0.142462371495129,0.141107973727313,0.288995111418505,0,0
0,0.226181454178113,0,0.283693658454078,0,0.225095744462723,0,0.198429980939561,0,0.249434086680412,0,0.210577339073208,0,0.201072064893586,0,0,0,0,0.315302790938944,0.202539733502754,0,0.301390007138252,0,0,0,0,0,0,0,0.150729000761911,0,0,0,0,0,0.232808293058322,0.250620408604542,0.257152741774917,0,0.261555006679816,0.258892387151718,0.287742014693957,0,0,0,0.301645233583303,0.243291208148003,0.234205082058907,0,0.284719888892585,0,0.198073364794254,0,0.194533995553559,0,0.231361910700798,0,0,0,0.237721005600801,0,0.277336702421979,0.228456481732095,0,0.272140383720398,0,0.335907152430578,0,0.320744807002025,0,0.260009308042151,0,0.298415697733378,0,0,0,0,0,0.265419986099005,0,0.292018068093462,0,0.247480676819881,0.21539302666982,0.266483919759847,0.323650352656841,0
0,0,0.237234311952041,0,0.191120743751526,0,0,0,0,0,0.173750647646518,0,0.160341799410211,0,0.179506711031709,0,0,0,0,0,0,0,0,0,0,0,0,0,0.156462645287034,0,0,0,0,0,0,0,0,0,0,0,0,0,0,0,0,0,0,0,0.226428826649984,0,0.158160684630275,0,0,0,0.119850687682629,0,0.237501478901885,0,0,0,0.192869371064355,0,0,0.264042750000954,0,0,0,0,0,0,0,0.175806833831652,0,0,0,0,0,0,0,0,0,0,0.154994327311332,0.156822966740412,0.307534445284212,0,0
0,0.223024741249177,0,0.218508616089821,0,0.212943649291992,0,0.166434095094078,0,0,0,0,0,0.176418655278052,0,0.18325795639645,0,0.1442647036165,0.2819544672966,0,0,0,0,0,0,0,0,0.168823719438579,0,0,0,0,0,0,0,0,0,0,0,0.249249723553658,0.244082361459732,0.285854538281759,0,0,0,0.262001544237137,0,0,0,0.269221854972697,0,0.18775470495224,0,0.173919449746609,0,0.219277866184711,0,0.237721005600801,0,0,0,0.234438098846516,0.302565589547157,0,0,0,0.290026158094406,0,0.242926767262919,0,0.182095002382994,0,0,0,0,0,0,0,0.201242581009865,0,0.194777093435589,0,0.178654799163342,0.19400871631711,0.297734960950181,0,0
0.211459041883548,0,0.152858647396383,0,0.122610174119473,0,0,0,0.13827069186502,0,0,0,0.159204223616557,0,0.16045713188958,0,0.138504357801543,0,0,0,0,0,0,0,0,0,0.171158351004124,0,0,0,0,0,0,0,0,0,0,0,0,0,0,0,0,0,0,0,0,0,0.208596504783189,0,0,0,0,0,0.221597418353158,0,0.231742941620557,0,0.192869371064355,0,0,0,0,0,0,0,0,0,0,0,0,0,0,0,0,0,0,0,0,0,0,0,0.173446019913888,0.174537488869552,0.269702392816544,0,0
0,0.203322516591377,0,0.167708329856396,0,0,0,0,0,0.162057043115298,0,0,0,0.170742982094831,0,0.156317707632893,0,0.153029955923557,0,0,0,0,0,0,0,0.161765590310097,0,0,0,0,0,0,0,0,0,0,0,0,0,0.231805354356766,0,0,0,0,0,0,0,0,0,0.224473324352004,0,0,0,0,0,0.197512791336825,0,0.277336702421979,0,0.234438098846516,0,0,0,0,0,0,0.162034653587106,0,0.232207194025363,0,0,0,0,0,0,0,0,0,0,0,0,0,0.149684501271094,0.202526736827124,0.335478952702354,0,0
0,0,0,0.250883723795414,0,0.22417222823088,0,0,0,0,0,0.184387027151216,0,0,0,0,0,0,0.269993934602965,0.161808091769812,0,0,0,0,0,0,0,0,0,0,0,0,0.360561847686768,0,0,0.158180663327652,0.239883810281754,0.205501170148925,0,0.234196673874017,0,0.273582890790862,0.220785886049271,0,0,0.248882101892548,0.246033728122711,0.304377526044846,0,0.331414172204874,0,0.23626677456655,0,0,0,0,0,0.228456481732095,0,0.302565589547157,0,0,0,0,0.354182541370392,0,0.357366696000099,0,0.340315293073654,0,0.308988752990282,0,0.286513944989757,0,0,0,0,0,0.228728635858645,0,0.288897639393207,0,0.190148819300036,0,0.284917334851288,0,0
0,0,0,0,0.208403324087461,0,0.150775271157424,0,0,0,0.165302033838514,0,0,0,0,0,0,0,0,0,0.196361314259715,0,0,0,0,0,0,0,0,0,0.240226267112626,0,0,0,0,0,0.14016157987973,0,0.223800222078959,0,0.253772501188975,0,0,0,0,0,0.212429960197558,0,0,0,0.26537180455292,0,0.220653742747872,0,0,0,0.260953876120411,0,0.264042750000954,0,0,0,0,0,0,0,0,0,0,0,0,0,0,0.277819324391229,0,0,0,0,0,0.210035566756862,0,0.292019445558681,0.15895484184677,0,0.313438556561741,0,0
0,0,0,0,0,0,0,0,0,0,0,0,0,0,0,0,0,0,0,0,0,0.181228319359429,0.143747046395488,0.237226112135525,0,0.173196190485248,0,0,0,0,0,0,0,0,0,0,0,0.265048758736972,0,0,0,0.274408304691315,0,0,0,0.300049483776093,0,0,0,0.212881683954295,0,0,0,0,0,0,0,0.272140383720398,0,0,0,0,0.354182541370392,0,0,0.129700511693954,0.222356805941839,0,0,0,0.221330458467657,0,0,0,0,0,0,0,0,0,0.221646640048577,0,0.151286206405801,0,0.283900005476815,0,0
0,0,0,0,0,0,0,0,0,0,0,0,0,0,0,0,0,0,0,0,0,0.120774673843338,0.164381470315471,0,0.194583382337324,0,0.156692091375589,0,0.236964908242226,0,0,0,0,0,0,0,0,0.140348613262177,0.21116279799998,0,0,0,0,0,0,0,0,0,0.247704951992053,0,0,0,0,0,0,0,0,0,0,0,0,0,0,0,0.129700511693954,0,0,0.216436580777168,0,0.200617137993352,0,0.252981309819725,0,0,0,0,0,0,0,0,0.145221807062626,0.233801069977131,0.144406907920027,0.207985818899911,0,0,0
0,0.197960327500882,0,0,0,0,0,0,0,0,0,0,0,0,0,0,0,0,0.123729214072227,0,0,0.218504284121837,0,0.165651975114915,0,0.179437463043952,0,0,0,0,0,0,0,0,0,0,0,0.345932261002335,0,0.275332733988762,0,0,0,0,0,0,0,0,0,0.23450707125704,0,0,0,0,0,0.164411649317809,0,0.335907152430578,0,0.290026158094406,0,0.162034653587106,0.357366696000099,0,0.222356805941839,0,0,0,0.191764191939281,0,0,0,0,0,0,0,0,0,0,0,0.318892083527451,0,0.14963691937502,0.137026866277059,0.310450315098219,0,0
0,0,0,0,0,0,0,0,0.346006199717522,0,0,0,0,0,0,0,0,0,0,0,0,0,0.177112963906726,0,0.196099559009411,0,0,0,0,0,0,0,0,0,0,0,0,0,0.254208307464918,0,0,0,0,0,0,0,0,0,0.198032796382904,0,0,0,0,0,0.297507047435132,0,0,0,0,0,0,0,0,0,0,0.216436580777168,0,0,0,0,0,0,0,0,0,0,0,0,0,0,0,0.294152030414277,0.164817575651866,0,0.380493491888046,0,0
0,0.237223960459232,0,0.314177890618642,0,0,0,0,0,0.194416150450706,0,0.28540413081646,0,0.161005429923534,0,0.173107278735741,0,0.154639718118851,0.335801556706429,0,0,0,0,0.17192305624485,0,0.158006179811699,0,0.158218290217579,0,0,0,0,0,0,0,0,0,0,0,0.282770484685898,0,0.332463663248789,0,0,0,0.342676262060801,0,0.357147186994553,0,0.278545471316588,0,0,0,0,0,0.18124344601081,0,0.320744807002025,0,0.242926767262919,0,0.232207194025363,0.340315293073654,0,0,0,0.191764191939281,0,0,0,0.181151571288957,0,0,0,0,0,0,0,0,0,0,0,0.165225371132772,0,0.340602632384718,0.333054780960083,0
0,0,0,0,0,0,0,0,0,0,0,0,0,0,0.175509323676427,0,0.148892607846681,0,0,0,0,0,0.16025993321836,0,0,0,0.148279814624492,0,0.155416393488417,0,0,0,0,0,0,0,0,0,0,0,0,0,0,0,0,0,0,0,0,0,0,0,0,0,0,0,0,0,0,0,0,0,0,0,0,0.200617137993352,0,0,0,0,0,0.197254775464535,0,0,0,0,0,0,0,0,0,0,0.14629048624864,0,0,0,0
0,0.283707827329636,0,0.309062723232352,0,0.291235427061717,0,0,0,0.281109184026718,0,0.276321354584816,0,0.169637391964595,0,0,0,0.269040405750275,0.324959615786229,0.268026739358902,0,0.213897243142128,0,0,0,0,0,0.183968943096889,0,0.15235461294651,0,0,0,0,0,0.271439552307129,0,0.181317578662526,0,0.311817936599255,0,0.316769435822246,0.268620878458023,0,0,0.331008615549545,0,0,0.273894518613815,0.303643050518903,0,0.290120840072632,0,0,0,0,0,0.260009308042151,0,0.182095002382994,0,0,0.308988752990282,0,0.221330458467657,0,0,0,0.181151571288957,0,0,0,0.237406427210028,0,0,0,0,0,0.309767188934179,0,0.227997347745387,0,0.241903076448092,0,0.32857869676007,0.326211608118481,0
0,0,0,0,0,0,0,0,0,0,0.195507844289144,0,0,0,0,0,0.132008973922994,0,0,0,0,0,0.184375303505941,0,0,0,0.149181535733598,0,0.160604413324041,0,0.200402173012989,0,0,0,0,0,0,0,0.254479795694351,0,0,0,0,0,0,0,0,0.346518884102503,0.234508473236682,0,0,0,0,0,0,0,0.24300455024561,0,0.175806833831652,0,0,0,0,0,0,0.252981309819725,0,0,0,0.197254775464535,0,0,0,0.210506582458814,0,0,0,0,0,0,0,0.218423603492763,0.172939104063958,0.147795970992822,0,0,0
0,0,0,0.318774143854777,0,0,0,0,0,0,0,0.227481380956514,0,0,0,0,0,0,0.314275048673153,0.205691143870354,0,0,0,0,0,0,0,0.178455474140408,0,0.183627318583102,0,0,0,0,0,0,0,0.186247719595065,0,0.35212816298008,0,0.326606868669905,0.26537549495697,0,0,0.317615506323901,0,0,0,0.305981300056797,0,0,0,0,0,0,0,0.298415697733378,0,0,0,0,0.286513944989757,0,0,0,0,0,0,0,0.237406427210028,0,0,0,0,0,0,0,0,0,0.304769057330766,0,0.165073459701879,0,0.371656324402452,0.330189933379491,0
0,0,0,0,0,0,0,0,0,0,0.220464036334306,0,0,0,0,0,0,0,0,0,0.292933241210201,0,0,0,0,0,0,0,0.17891342253898,0,0.161610251262704,0,0,0,0,0,0,0,0.169921403129896,0,0.183345529437065,0,0.323188678533943,0,0,0,0,0.366408586502075,0.183139022101055,0,0,0,0,0,0,0,0.272853928640348,0,0,0,0,0,0,0.277819324391229,0,0,0,0,0,0,0,0.210506582458814,0,0,0,0,0,0,0,0,0,0.243398183906401,0.147139204045137,0,0.299730290824147,0,0
0,0,0,0,0,0,0,0,0,0,0,0,0,0,0,0,0,0,0,0,0,0,0,0,0,0,0,0,0,0,0,0.287005188287111,0.328867475865951,0.276260324575344,0.252995617114581,0.182556834500283,0.148371919377971,0.259147819663797,0,0.206421948969364,0,0.196762185543776,0,0,0,0,0,0.375258046629088,0.292483697334925,0.217762487499337,0,0,0,0,0,0,0,0,0,0,0,0,0,0,0,0,0,0,0,0,0,0,0,0,0,0.249865492750512,0.285721000520669,0.239514844090331,0.229909967656878,0.266272194775534,0.253971443439905,0,0.197638325751057,0,0,0,0
0,0,0,0,0,0,0,0,0,0,0,0,0,0,0,0,0,0,0.341438844799995,0,0,0,0,0,0,0,0,0,0,0,0,0.176188556683324,0.254317284503732,0,0.138471047083537,0.254071639229854,0.172175478476744,0.257552891969681,0,0.325709149241447,0,0.303371340036392,0,0,0,0,0,0.397488459868504,0.34109960993131,0,0,0,0,0,0,0,0,0,0,0,0,0,0,0,0,0,0,0,0,0,0,0,0,0,0.249865492750512,0,0.304358810186386,0.224762204180782,0.308140578436944,0.262303569633514,0.246211759746075,0,0.20924637820877,0,0.310326218605042,0,0
0,0,0,0,0,0,0,0,0,0,0,0,0,0,0,0,0,0,0,0,0,0,0,0,0,0,0,0,0,0,0,0.22548882165408,0.335968201359113,0.195941692563366,0.264172660507804,0.207031781499995,0,0.200943038311033,0,0,0,0,0,0,0,0,0,0.344402060854516,0.345747526954202,0.374072210355238,0,0,0,0,0,0,0,0,0,0,0,0,0,0,0,0,0,0,0,0,0,0,0,0,0.285721000520669,0.304358810186386,0,0.194932762186463,0.251317714761108,0.26926068334203,0.26929469632827,0.336665239827386,0.184179515376226,0.199060866101222,0,0,0
0,0,0,0,0,0,0,0,0,0,0,0,0,0,0,0,0,0,0.302915632724762,0,0,0,0,0,0,0,0,0,0,0,0,0.220796838402748,0.210829022278388,0.182960672684796,0.179686189649264,0.288208762804667,0.139064171107916,0,0.176377481922576,0.332378402352333,0,0,0,0,0,0,0,0.313431083022252,0.204794744650523,0,0,0,0,0,0,0,0,0,0,0,0,0,0,0,0,0,0,0,0,0,0,0,0,0,0.239514844090331,0.224762204180782,0.194932762186463,0,0.282109498279169,0.219792453215477,0.251530282199383,0.206081841992219,0.180539226612529,0.183430850505829,0,0,0
0,0.310513287782669,0,0.261188919315251,0,0.193055483645626,0,0,0,0.231981871856583,0,0,0,0,0,0,0,0.238234989345074,0.313865123731607,0.171166897253032,0,0,0,0,0,0,0,0,0,0,0,0.28777563078592,0.331908400189008,0.180711315487916,0.323268368415896,0.18187830884678,0.1935394774465,0.175698900552887,0,0.221014851482161,0.204907564818859,0.28544917875142,0.247382314668761,0,0.221923679113388,0.261450750601078,0.208981007958452,0.317864594215811,0.316359990390379,0.208862266346825,0,0.212770320475101,0,0,0,0.24580076833566,0,0.265419986099005,0,0.201242581009865,0,0,0.228728635858645,0,0,0,0,0,0,0,0.309767188934179,0,0,0,0.229909967656878,0.308140578436944,0.251317714761108,0.282109498279169,0,0.251681023069377,0.233825206430629,0,0.186883278221387,0.202873746554057,0.289338981066606,0.277301214635372,0
