0,0,0.00239149851470654,0,0,0,0,0,0.0258476380235027,0,0.000161533946565009,0,0,0,0,0,0,0,0.0021554063862373,0,0.00284118555741048,0,0,0,0.00195046942869437,0,0.000929593856970907,0,0,0,0,0,0,0,0,0,0.000299729011212376,0,3.0336491268522e-06,0,0.00102263698761953,0,0.0027773394631474,0,0.000757633251717293,0,0.00128511278809382,0,0.00239465974156086,0,0,0,0,0,0.0349514009443747,0,0.00064568990948237,0,0,0,0.00771103197945062,0,0,0.0040508518053372,0,0,0,0.000191002851630151,0,0.00319865582081176,0,0,0,0,0,0,0,0,6.45310322903124e-06,0.000932716468455744,0,0.000146475220399658,0.000675724010619106,0,0.00398822612426588,0,0.000245014055247372
0,0,0,0.0342254446871341,0,0,0,0,0,0.0936856420459167,0,0,0,0,0,0,0,0,0,0,0,0,0,0,0,0,0,0,0,0,0,0,0,0,0,0,0,0,0,1.35508205095407e-05,0,0.000199313080202576,0,0,0,0,0,0,0,0.00368939647546916,0,0,0,0,0,0.0536480866145744,0,0.000618904062655665,0,0.000431506575357178,0,0.00813714964597373,0,0,0,0,0.000982994170044549,0,0,0,0,0,0,0,0,0,0,0,2.51546611148563e-05,0,0,0,0.000734404245883729,0,0.00254247653206024,0,0
0.00239149851470654,0,0,0.000130857013393311,0.030365114571053,0,0,0,0.0289279427136334,0,0.000146515100745486,0,0,0,0,0,0,0,6.66353105360673e-05,0,0.00108611956310372,0,0,0,0,0,0,0,0,0,0,0,0,0,0,1.52128559280833e-06,5.72941471036001e-05,0,1.01279778254651e-05,0,0.00196460898454486,0,0.000752904786574441,0,0,0.000301283020827329,0.000180804677589613,0.00015452878158739,0.00895992586378882,7.18093552588102e-05,0.0123453177429082,0,0,0,0.0862842008651909,0,0.000638421900475927,0,0.0036107423457073,0,0.0103794323653616,0,0,0.00137323835817681,0,0,0,0,0,0,0,0,0,0,0,0,0,0,4.18959311632345e-06,0.000290627525353907,0,3.86453619948016e-05,0.000384272918603882,8.96664668951007e-06,0.0107442442470255,0,0.000456808776959302
0,0.0342254446871341,0.000130857013393311,0,0,0.0403817222870644,0,0,0,0.0695890471866202,4.43154068994795e-05,0.00148717044645365,0,0.00010420509027508,0,0,0,3.43902244714499e-06,0.000345357559219796,0.00197220444284586,0,0,0,0,0,0,0,0,0,0,0,0,0,0,0,0.000558503456419403,6.06692677044266e-06,0,0,0.00230142404441542,0,0.0127123162075199,3.03211879865683e-05,0,0,0.00207142412158804,0,0.00108387450952782,0.00441180563786027,0.00876989544494235,0,0.0632194341484455,0,0,0,0.191781601173414,0.000826483861637129,0.0267643699629697,0.000107645518953335,0.00630982266744431,0.000264254775055803,0.0522178926594123,0.000454552377849129,6.28204320545259e-05,0,0,0,0,0,0,0,0,0.00320754615417977,0,0,0,0,0,0.000488652313315493,5.19868297095332e-06,8.96457996013836e-05,9.11569046822816e-06,0.00163176825777549,4.93539837557841e-05,0.0158214618609671,0.00290183473771846,0.000103849133018374
0,0,0.030365114571053,0,0,0,0.00179452110533185,0,0.0239338634562487,0,0,0,0,0,0.00323795602314147,0,0,0,0,0,0.00135642890518369,0,0,0,0,0,0,0,0,0,0,0,0,0,0,0,3.05733135529591e-05,0,0,0,0.000433732514644291,0,4.75299579014226e-05,0,0,9.50099282452134e-05,0,4.51411709234957e-05,0.00046683087848135,0,0.0471984594133759,0,0,0,0.0127151488562564,0,0.00104696820889389,0,2.89144294300305e-05,0,0.000161266765565379,0,0,0.000263534104415874,0,0,0,0,0,0,0,0,0,0,0,0,0,0,7.9173483364173e-06,1.61991935439118e-05,0,0,0.000669093548860453,0,0.00298304058030899,0,0
0,0,0,0.0403817222870644,0,0,0,0.00159190226737463,0,0.0193134368427925,0,2.60180496124158e-05,0,0.000255806425094676,0,0,0,0,0,0.0075769162423553,0,0,0,0,0,0,0,0,0,0,0,0,0,0,0,0.00022286583003838,0,0,0,1.47812130215981e-05,0,6.31745337396355e-05,0,0,0,2.87303936565265e-05,0,0,0.000232919945610047,0.000265463821891062,0,0.136567572388497,0,0.00132335751763869,0,0.00515833031260179,7.1396960969958e-05,0.000102296622748804,0,0.00679097619484263,7.98020445413089e-05,0,0.00242273887950328,0,0,0,0,0,0,0,0,0,0,0,0,0,0,0,0.000266143388712967,0,0,0,0.00220832240800323,9.61298833549402e-05,0.0072524027096045,0,0
0,0,0,0,0.00179452110533185,0,0,0,0,0,0.0153676355229352,0,0.000166483301279573,0,0,0,0,0,0,0,0.00202590764342793,0,0,0,0,0,0,0,0,0,0,0,0,0,0,0,0,0,0,0,0,0,0,0,0,0,0,0,0,0,0.00150731387845441,0,0.0165636213378836,0,0,0,0.000133903065405873,0,0,0,0,0,0,0,0,0,0,0,0,0,0,0,0,0,0,0,0,0,0,0,0,0,0.000569636992089443,0,0,0,0
0,0,0,0,0,0.00159190226737463,0,0,0,0,0,0.00202462651025961,0,0.000608974552000624,0,0,0,0,0,0.00247587874908751,0,0,0,0,0,0,0,0,0,0,0,0,0,0,0,0,0,0,0,0,0,0,0,0,0,0,0,0,0,0,0,0.0110658482939501,0,0.0696811837313689,0,0,0,0.0210844924603693,0,0.00931069137773529,0,0,0.000118827330948257,0,0,0,0,0,0,0,0,0,0,0,0,0,0,0,0,0,0,0,0.00075970220468459,1.01869974639498e-05,0,0,0
0.0258476380235027,0,0.0289279427136334,0,0.0239338634562487,0,0,0,0,0,0,0,0,0,0.00909557305122637,0,0.00672777639512974,0.000972957415466995,0.00131317191830859,0,2.21301186111801e-05,0,0.000996246478312663,0,0.0189915524221852,0,0.0312291216225012,0,0,0,0,0,0,0,0,0,2.86220960784992e-05,0,0.000186694309192829,0,0,8.706719029754e-05,0.00191593809487439,0,0,0,5.07345144798155e-05,7.49183688660239e-05,0.000297572607060689,0,0.00123992492886149,0,0,0,0.217444295639675,0,2.77047857263561e-05,0,0,0,0.0142056640067271,0,0,4.70731653778025e-05,0,0.000309695977827425,0,0.00192034944718555,0,0.0089333159962302,0,0,0,0,0,0,0,0,6.26017565532493e-06,9.58424182583932e-05,0,2.46802161123084e-05,0.00263474232171835,3.71496445601932e-05,0.00769610538845306,0,0
0,0.0936856420459167,0,0.0695890471866202,0,0.0193134368427925,0,0,0,0,0,0.000269595255872456,0,0,0,0.014761006437691,4.62871015972642e-06,0.00236330548767014,3.92542139685567e-05,0,0,0,0,0.0117843652553185,0,0.000560684110632651,0,0,0,0,0,0,0,0,0,3.32883769854208e-05,1.89250563621785e-06,0.00017271031142405,0,0,0,0.00292270781735034,0,0,0,0,0,0,2.52044554606029e-05,0.00146028962006588,0,0,0,0,0,0.170765888802374,9.18433806172813e-05,0.000188326177581902,0,0,0,0.00695423006911394,0,0,0,0,0.00176616051205073,0,0,0,0,0,4.03382212953857e-05,0,0,0,0,0,5.28912356002935e-06,0,0,0,0.00263120738979552,0.000335909017502763,0.00779283081832649,0,0
0.000161533946565009,0,0.000146515100745486,4.43154068994795e-05,0,0,0.0153676355229352,0,0,0,0,0,0.00270658155819147,0,4.01101532984617e-05,0,3.71063795280271e-05,0,0.000478167249799599,0,0.0138835198558613,0,0,0,0,0,0,0,0,0,0.0121600188355992,0,0,0,0,0,0.00090887536811416,0,0.0158651437571084,0,0.000876019601833897,3.9152391660966e-05,0.00133977606183757,0,0,0,0.000104092543320676,0,0.000578994502016396,3.96499330612753e-05,0,0,0.000289627699866939,0,4.6672517250291e-05,0,0.0889794254158321,0,0.000118771710749718,0,0,0,0,0.0226186670688914,0,7.58877032157017e-06,0,0,0,0,0,0,0,0.00339291650165612,0,0,0,0,1.63273326544894e-06,0.0009525153159193,0,0.00173377302110488,0.00192821913353378,1.32792906902632e-06,0.00242549156729068,0,0.00228997207144586
0,0,0,0.00148717044645365,0,2.60180496124158e-05,0,0.00202462651025961,0,0.000269595255872456,0,0,0,0.00381918201643289,0,0,0,4.06756592829737e-05,0.000721083876401581,0.0192502059123703,0,0,0,0,0,0,0,0,0,0.0011051625323143,0,0,0,0,0,0.000277993236186747,0,0.00831344838147144,0,0.000161033493796694,0,0.00221335892538767,1.50121096932632e-05,0.000899051967086512,0,0.00854832358395304,0,0,2.88925332185129e-05,8.93341821586498e-05,0,0.000269374296914714,0,0.00259775752289763,0,0,0,0.108233032677351,0,0.00209600648723676,0,0,0.00228883539176207,0,0,0,0,0,0,0,0,0,0.00793652291030899,0,0,0,0,0,8.19159325079421e-05,0,0.00076292230889398,7.92963854452953e-06,0.00180908249215075,6.49051152400531e-06,0.00145693246218175,0.00337472104811128,0
0,0,0,0,0,0,0.000166483301279573,0,0,0,0.00270658155819147,0,0,0,0,0,0,0,0,0,0,0,0,0,0,0,0,0,0.000488388960983568,0,0,0,0,0,0,0,0,0,0,0,0,0,0,0,0,0,0,0,1.17293135802695e-05,0,0,0,0.000272949303162134,0,0,0,7.07485857506296e-05,0,0.0241521959598438,0,4.48055792964207e-05,0,0,0,0,0,0,0,0,0,0,0.000316254294848813,0,0,0,0,0,0,0,0,0,0,3.63029318050429e-05,0,0,0,0
0,0,0,0.00010420509027508,0,0.000255806425094676,0,0.000608974552000624,0,0,0,0.00381918201643289,0,0,0,0.0083704770018336,0,0,0,0,0,0,0,0,0,0,0,0.000135910586923649,0,0.000184792606175283,0,0,0,0,0,0,0,0,0,0,0,0,0,0,0,0,0,0,0,0,0,0.000511973610244871,0,0.00153093932039148,0,0,0,0.00697642763548214,0,0.0331447079242602,0,0.00435280998419708,0,0,0,0,0,0,0,0,0.000416039923081494,0,0.000530270184947388,0,0,0,0,0,0,0,0,0,0.000744173217087961,0,0,0,0
0,0,0,0,0.00323795602314147,0,0,0,0.00909557305122637,0,4.01101532984617e-05,0,0,0,0,0,0.00519936437357975,0.000181144267701811,0.000275745675852787,0,0,0,0.0014794318292429,0,0.00803823962083727,0,0.0191955727036403,0,0,0,0,0,0,0,0,0,1.9861317008866e-05,0,8.75549979343412e-06,0,0,2.04919210296988e-05,0,0,0,0,0,0,0,0,0.000604827287700799,0,0,0,0.0186316279734046,0,0,0,0,0,0.0483310457704874,0,0,0,0,0.000968181352529533,0,0.00196442084901437,0,0.0179716783412086,0,0,0,0,0,0,0,0,0,4.04687721453531e-05,0,1.48208150973039e-05,0.000815623437442715,3.60102639465327e-05,0,0,0
0,0,0,0,0,0,0,0,0,0.014761006437691,0,0,0,0.0083704770018336,0,0,0,0.00599204150682721,0,0,0,3.44367183972483e-05,0,0.00381841784255099,0,0.0175534434728341,0,0.000436207450051746,0,0,0,0,0,0,0,0,0,0,0,0,0,0,0,0,0,0,0,0,0,0,0,0,0,0,0,0.0322840165853365,0,0,0,0.00490280161987536,0,0.0310863282009758,0,0,0,0,0,0,0.00425747046104128,0,0,0,0,0,0,0,0,0,0,0,0,0,0.00117827284196164,0,0,0,0
0,0,0,0,0,0,0,0,0.00672777639512974,4.62871015972642e-06,3.71063795280271e-05,0,0,0,0.00519936437357975,0,0,0.108338594382707,0.056200639420148,4.77378504100108e-06,6.72568534318367e-05,0.000112527173803142,0.0181686378130222,0.000127419007007761,0.0069267901884068,0,0.0291727508682706,0,0,0,2.15286117838977e-05,0,0,0,0,2.66202694595199e-05,0.000258651232318219,0,6.63483640442881e-05,0.000322879871806303,0.000350837503372588,0.00036947134243823,0.000949871312993221,0.000127288302236385,0,5.67450530072516e-05,0.000185390218147106,0,0,1.2114331229295e-05,0,0,0,0,0.000461489625875394,0,0.000105858890033886,0,4.73402925492579e-06,0,0.00254996009409586,0,6.53530660434235e-05,0.000240863202211216,4.86009364799589e-05,0.00456149602476034,0,0.000292135029019185,6.67435056355439e-06,0.0109187840582796,0,0,0,0,0,0,0,0,0.0001375045118215,0.00105199314041698,2.31905138273716e-05,0.000501146142132328,0.0239778876020636,8.72649408538934e-05,0.00130709140171422,0,0.000154897496299302
0,0,0,3.43902244714499e-06,0,0,0,0,0.000972957415466995,0.00236330548767014,0,4.06756592829737e-05,0,0,0.000181144267701811,0.00599204150682721,0.108338594382707,0,0.0882019644300656,0,4.6044756971471e-05,0.00510754865495379,0.00225845574193123,0.00769384275347317,0.00125773530810958,0.0263870317574255,0.00211145128311101,0.000144722080673366,0,0,0,0,0,0,0,6.90694763399789e-05,8.24343530319994e-05,0,7.56739630666132e-05,0.000284500880531071,0.000135026031861831,0.000792571959296238,0.000434663412001757,0,3.5687074402925e-05,3.56149301661312e-05,0.000135399406304711,0,1.54736200694231e-05,4.3094156055446e-05,0,0,0,0,2.04598059213061e-05,0.00189583511793343,0.00011117902561992,2.00523666555263e-05,0,0,0.000163799114374901,0.00766652823268968,9.42510006200501e-05,3.33181732566772e-05,0.000962802662187966,0.000467972049976113,0,1.22904413858603e-05,0.00448472076292412,0.00108961371425514,0,0,4.55169936811587e-06,0,0,0,4.97073304883266e-06,0,0.000249231861723013,0.000246476010814062,6.2706255130261e-05,0.000137564829007865,0.0323637083942304,0.000591117451932435,0.000883438534396851,0.000165378590205885,8.74910374515339e-05
0.0021554063862373,0,6.66353105360673e-05,0.000345357559219796,0,0,0,0,0.00131317191830859,3.92542139685567e-05,0.000478167249799599,0.000721083876401581,0,0,0.000275745675852787,0,0.056200639420148,0.0882019644300656,0,0.00135653890408277,0.00400112244822921,0.000101354065136873,0.00135996042659328,0.000316126262822917,0.000913719752602259,0,0.00255067680658025,0,0,0,2.85667598588606e-05,0,0,0,0,0.0015989255492721,0.00272106106062133,0,0.000265161470580844,0.0166088130898349,0.00569393467745295,0.0325582370667387,0.0163273139438937,0.00315002683675175,0.00217876644912445,0.00642977796051841,0.00571644983469204,0.000146985811527962,0.000151772893136557,0.00325195315460966,0,5.26421725080689e-05,0,0,5.24507336892139e-05,9.09481043520344e-05,0.00221492875707727,0.0025162162016537,0,0,6.92752321481975e-05,0,0.00545685258155778,0.00721678453808801,0,0.000388237578714986,0,9.65341940403742e-05,6.39669010199977e-05,0.000928830344053074,0,0,0.00079803138647991,2.5837598773658e-05,0.00017757511635908,0,0,0,0.0142203984041923,0.012893991946457,0.00282100990240227,0.00326157721537266,0.0147622666742446,4.09155277107678e-06,0.0296574255974575,0.00590175216213069,0.00292026967510336
0,0,0,0.00197220444284586,0,0.0075769162423553,0,0.00247587874908751,0,0,0,0.0192502059123703,0,0,0,0,4.77378504100108e-06,0,0.00135653890408277,0,0,0,0,0,0,0,0,0,0,0,0,0,0,0,0,0.00963060495975432,0,0.0019817441580188,0,0.000543714634259565,0,0.00335597693494096,1.09407252635458e-05,0.00389237443766792,0,0.0244916854457672,0,0,4.94730132339536e-05,0.000371711510268197,0,0.00725883675478835,0,0.00225943640364346,0,0,0,0.0143786672795455,0,0,0,0,0.16676567112627,0,0,0,0,0,0,0,0,0,0.00402827021712938,0,0,0,0,0,0.00613333912036538,1.73878937952056e-06,0.00339531036884046,0,0.00136545571187368,3.39235750829144e-05,0.00362296788515871,0.00674525769637214,0
0.00284118555741048,0,0.00108611956310372,0,0.00135642890518369,0,0.00202590764342793,0,2.21301186111801e-05,0,0.0138835198558613,0,0,0,0,0,6.72568534318367e-05,4.6044756971471e-05,0.00400112244822921,0,0,0,0,0,0,0,0.000205824795880443,0,0,0,0.000479631255365374,0,0,0,0,5.51525539625746e-06,0.0103984162318458,0,0.00357205645857951,0,0.0016620816669926,0.000118694018366725,0.00348378825007778,0,0.000495242961344681,1.31286878853925e-05,0.00182352612967209,1.21618589159442e-05,0.000740529325854301,0,0.021262946634492,0,0.00126181534217998,0,0,0,0.0390026034675205,0,0.00239961031189008,0,0,0,8.09027894695856e-06,0.110189355559284,0,4.32321432244733e-05,0,0,0,0,0,0.000111719411469716,0,0.000144494988324082,0,0,0,0,2.54370130203312e-05,0.00820647090097515,0,0.00697887192396989,0.00114914351804023,5.09873930140133e-06,0.00653181207532993,0,0.00545290427056614
0,0,0,0,0,0,0,0,0,0,0,0,0,0,0,3.44367183972483e-05,0.000112527173803142,0.00510754865495379,0.000101354065136873,0,0,0,0.00465983616983852,0.00889906815437528,0,0.0092932851205885,3.43861887489201e-05,0.00276866423976097,0,0,0,0,0,0,0,0,0,0.0111355425849382,0.000102757380921421,0,0,1.05214990816074e-05,0,0,0,3.74277581262158e-06,0,9.73945772536779e-05,0,0.0152348446249299,0,0,0,0,0,0,0,0.000536442055700099,0,0,0,1.19290292342595e-05,3.63131243556053e-05,0,0.0867260846350817,1.17315463525636e-05,0.0065492031889598,0,0.00632738968931741,0,0.000555875055482032,0,0.000231501741771826,0,0,0,0,0,0,0,0.00520418526361078,0,0.00696391876041588,0.000220167197574479,0.000341457430991639,0,0
0,0,0,0,0,0,0,0,0.000996246478312663,0,0,0,0,0,0.0014794318292429,0,0.0181686378130222,0.00225845574193123,0.00135996042659328,0,0,0.00465983616983852,0,0,0.0038616043667842,0,0.0175359477890262,0,0.00151511480301139,0,1.82631054737774e-05,0,0,0,0,0,5.63004398946632e-06,1.61880801726536e-05,0.00697145428925204,1.36349865119203e-05,0,0,3.44228012838961e-05,0,0,0,0,0,0.00923413890415292,0,0,0,0,0,4.43616710168503e-05,0,1.71280223857718e-05,0,0,0,0.000830119018028838,0,0,8.94642269820038e-05,2.27905733629907e-05,0.09405602613169,0,9.01506707561362e-05,0,0.00504289422749757,0,0.00136879950322524,0,1.62251171050866e-05,0,0,0,0,5.92326974599086e-06,4.19668028089697e-05,0,0.00137724004825155,0.00946289015161379,0.00138468065163535,5.28825406127924e-05,0,0
0,0,0,0,0,0,0,0,0,0.0117843652553185,0,0,0,0,0,0.00381841784255099,0.000127419007007761,0.00769384275347317,0.000316126262822917,0,0,0.00889906815437528,0,0,0,0.0128130698492589,0,0,0,0,0,0,0,0,0,0,0,0.00349318148767821,0,0,0,0,0,0,0,0,0,0,0,0.0029290816090039,0,0,0,0,0,0.00511921696045734,0,0.000174828460190779,0,0,0,0.0004971814718706,0,0,0.0034414173190514,0,0.223943691395033,0,0.00444040361805466,0,0.000163793950494807,0,0,0,0,0,0,0,0,0,0.00119824746663089,0,0.00501423245973166,0,0.00267481616000081,0,0
0.00195046942869437,0,0,0,0,0,0,0,0.0189915524221852,0,0,0,0,0,0.00803823962083727,0,0.0069267901884068,0.00125773530810958,0.000913719752602259,0,0,0,0.0038616043667842,0,0,0,0.0356226130259537,0,0,0,0,0,0,0,0,0,0,0,0.00185860206109786,0,0,0,7.3508708643778e-05,0,0,0,0,0,0.00198730854078583,0,0,0,0,0,0.0175468575959665,0,2.60172769383598e-05,0,0,0,0.00466209433258868,0,0,0,0,0.00899274612608736,0,0.0949299205410917,0,0.00590901280655587,0,0,0,0,0,0,0,0,0,4.65393801331121e-05,0,5.15679491505398e-05,0.0014033760945955,0,0.00167537353027733,0,0
0,0,0,0,0,0,0,0,0,0.000560684110632651,0,0,0,0,0,0.0175534434728341,0,0.0263870317574255,0,0,0,0.0092932851205885,0,0.0128130698492589,0,0,0,0.00132625097954968,0,0,0,0,0,0,0,0,0,0,0,0,0,0,0,0,0,0,0,0,0,0,0,0,0,0,0,0,0,0,0,0,0,0.0210782183776469,0,0,0.00730374582041578,0,0.000270090108372784,0,0.188367418431763,0,0.000206930650463232,0,0,0,0,0,0,0,0,0,0,0,0.0040557467180511,0,0,0,0
0.000929593856970907,0,0,0,0,0,0,0,0.0312291216225012,0,0,0,0,0,0.0191955727036403,0,0.0291727508682706,0.00211145128311101,0.00255067680658025,0,0.000205824795880443,3.43861887489201e-05,0.0175359477890262,0,0.0356226130259537,0,0,0,0.000842199944038651,0,0,0,0,0,0,0,0,0,4.08507148681957e-05,0,0,0,0,0,0,0,0,0,0.00682188674478756,0,0,0,0,0,0.00183141310355917,0,0,0,0,0,0.00881305130220812,0,0,0.000159411412727981,0,0.0150125979964821,0,0.00821236065205605,0,0.0836442585432648,0,7.43396229316504e-05,0,2.0539509443928e-05,0,0,0,0,0,3.14203940969313e-05,0,6.7565584091897e-06,0.00329683835269325,1.80635997229953e-05,0.000228842764734038,0,0
0,0,0,0,0,0,0,0,0,0,0,0,0,0.000135910586923649,0,0.000436207450051746,0,0.000144722080673366,0,0,0,0.00276866423976097,0,0,0,0.00132625097954968,0,0,0,0.00523924990559059,0,0,0,0,0,0,0,0,0,0,0,0,0,0,0,0,0,0,0,0,0,0,0,0,0,0,0,0.000650567090809823,0,0.00023696027639131,0,0.000240957200305389,0,0,0.00208802687660451,0,0,0,0.00311699988272787,0,0.0105054007250195,0,0.00749507006198502,0,0,0,0,0,0,0,0.00147198746221139,0,0,0,0,0,0
0,0,0,0,0,0,0,0,0,0,0,0,0.000488388960983568,0,0,0,0,0,0,0,0,0,0.00151511480301139,0,0,0,0.000842199944038651,0,0,0,0.00655888694083843,0,0,0,0,0,0,0,0.000541076833942882,0,0,0,0,0,0,0,0,0,0,0,0,0,0,0,0,0,0,0,0.000496866052930259,0,0,0,0,0,0,0.000223385964135582,0,0,0,0.00543055393396723,0,0.0206385776261476,0,0,0,0,0,0,0,0,0,0.000298059065417533,2.86966078077629e-05,0,0,0,0
0,0,0,0,0,0,0,0,0,0,0,0.0011051625323143,0,0.000184792606175283,0,0,0,0,0,0,0,0,0,0,0,0,0,0.00523924990559059,0,0,0,0,0,0,0,0,0,0.000679560627031215,0,0,0,0,0,0,0,0,0,0,0,0,0,0,0,0,0,0,0,0.000679289420778374,0,1.7890088670245e-05,0,0,0,0,0,0,0,0,0,0,0.0010813977317613,0,0.0532007803452568,0,0,0,0,0,0,0,0.000272699434295771,0,2.28151581408471e-05,0,0,0,0
0,0,0,0,0,0,0,0,0,0,0.0121600188355992,0,0,0,0,0,2.15286117838977e-05,0,2.85667598588606e-05,0,0.000479631255365374,0,1.82631054737774e-05,0,0,0,0,0,0.00655888694083843,0,0,0,0,0,0,0,0,0,0.00207086573575883,0,0,0,0.000455578873662753,0,0,0,0,0,6.40791746888466e-05,0,0,0,0,0,0,0,0.0582155199820558,0,0,0,0,0,0,0.00224330501333369,0,0,0,0,0,0,0,0,0,0.0768660933767665,0,0,0,0,0,6.84794969287947e-06,0,0.00165499069147848,4.07823729674744e-05,0,0.000774064378286086,0,0.000404912313419268
0,0,0,0,0,0,0,0,0,0,0,0,0,0,0,0,0,0,0,0,0,0,0,0,0,0,0,0,0,0,0,0,0.0861542845148102,0.00653968895465783,0.0021742308939988,0.00320162966870699,0.0016250902791672,0,0,0,0.000788549823290299,0,0,0,0,0,0,0.129183518647142,0.00276823668754509,0.000346975700319084,0,0,0,0,0,0,0,0,0,0,0,0,0,0,0,0,0,0,0,0,0,0,0,0,0.15618218089166,0.0691322256306721,0.0172301388937799,0.000209890284281622,0.00368862903057293,0.000809618050458008,0,0,0.00080227867572626,0,0,0,0
0,0,0,0,0,0,0,0,0,0,0,0,0,0,0,0,0,0,0,0,0,0,0,0,0,0,0,0,0,0,0,0.0861542845148102,0,0.0011663678124489,0.00018617368449463,9.82848466131146e-05,0.00473264303910454,0,0,0,0.00102968000218561,0,0,0,0,0,0,0.0445144113557391,0.00375304371014978,0,0,0,0,0,0,0,0,0,0,0,0,0,0,0,0,0,0,0,0,0,0,0,0,0,0.0510255375838381,0.130553187807278,0.00179377627477131,0.00637020058500177,5.63795742681894e-05,0.00979543987552192,0,0,0.00133963217203383,0,0,0,0
0,0,0,0,0,0,0,0,0,0,0,0,0,0,0,0,0,0,0,0,0,0,0,0,0,0,0,0,0,0,0,0.00653968895465783,0.0011663678124489,0,0.0886360973418522,0.00487337649772399,1.03729500430686e-05,0.00289231790675677,0,0,0.000154158541215088,0,0,0,0,7.3152172348637e-05,0,0.119809777996206,0.00160188500501979,0.000733498080147466,0,0,0,0,0,0,0,0,0,0,0,0,0,0,0,0,0,0,0,0,0,0,0,0,0.00946341609279605,0,0.154432771201258,0.0222287166556122,0.00118794159293443,1.58853427302133e-05,0.00173113221771553,0.000180569425253281,0.00314402590692285,0,0.000218476188047824,0,0
0,0,0,0,0,0,0,0,0,0,0,0,0,0,0,0,0,0,0,0,0,0,0,0,0,0,0,0,0,0,0,0.0021742308939988,0.00018617368449463,0.0886360973418522,0,0,0.00386347545796327,0,0.00231749678396474,0,7.89710338089838e-05,0,0.00150206656342681,0,0,0,0,0.0378294932382911,0.00348301867376464,0,0,0,0,0,0,0,0,0,0,0,0,0,0,0,0,0,0,0,0,0,0,0,0,0,0.00280021044731337,0.00480250916070416,0.0256224501465032,0.198276170002456,0,0.0037562750076079,0,0.00261364653450538,0.00161388304331673,0,0.0012122202244408,0,0
0,0,1.52128559280833e-06,0.000558503456419403,0,0.00022286583003838,0,0,0,3.32883769854208e-05,0,0.000277993236186747,0,0,0,0,2.66202694595199e-05,6.90694763399789e-05,0.0015989255492721,0.00963060495975432,5.51525539625746e-06,0,0,0,0,0,0,0,0,0,0,0.00320162966870699,9.82848466131146e-05,0.00487337649772399,0,0,0.0113810398132392,0.00680330724816667,0.000228136601025496,0.000308345340988524,2.32109318735498e-05,0.000914183177893868,2.21266158976948e-05,0.000361998814093281,0,0.00448933157979086,4.97580215950218e-06,0.00161931835767474,0.000485040082482235,0.000257433677709883,0,2.10258015716419e-05,0,0,0,3.31890841775515e-06,1.30491458761528e-05,7.79872269287009e-05,1.26937035311333e-06,0,0,0,0.00821260841726986,0,0,0,0,0,0,0,0,0,2.76145661038931e-06,0,0.00276173146870592,0.000448196540227943,0.00532603745195393,0,0.142271306063067,0.00268483112697596,0.00620550939211627,2.250803953858e-05,0.0168845188338314,0.000776574736601701,0.00335793511452012,0.000206137909379005,0
0.000299729011212376,0,5.72941471036001e-05,6.06692677044266e-06,3.05733135529591e-05,0,0,0,2.86220960784992e-05,1.89250563621785e-06,0.00090887536811416,0,0,0,1.9861317008866e-05,0,0.000258651232318219,8.24343530319994e-05,0.00272106106062133,0,0.0103984162318458,0,5.63004398946632e-06,0,0,0,0,0,0,0,0,0.0016250902791672,0.00473264303910454,1.03729500430686e-05,0.00386347545796327,0.0113810398132392,0,0,0.0155662000538382,5.10570354822731e-05,0.00029964995970551,5.04385828987111e-05,0.00275621471428655,0,9.84498100048197e-05,3.93255494650938e-05,0.000777019087585313,0.000394321367805752,9.61176951474685e-05,1.20685445905823e-05,0.000744148621776853,0,0,0,0,0,0.00106311984168465,0,0.000318689769518169,0,0,0,1.56176629187042e-06,0.0102774174489621,0,3.4001225491464e-06,0,0,0,0,0,0,0,3.63143797442838e-06,0.00155468527437818,0.00249762617442827,0,0.00152103733343426,0.0056087894058985,0.147244555090763,0,0.0104367704537672,0.0187680695613898,0.00235175692928017,0.0014564668503153,0,0.000390109047462284
0,0,0,0,0,0,0,0,0,0.00017271031142405,0,0.00831344838147144,0,0,0,0,0,0,0,0.0019817441580188,0,0.0111355425849382,1.61880801726536e-05,0.00349318148767821,0,0,0,0,0,0.000679560627031215,0,0,0,0.00289231790675677,0,0.00680330724816667,0,0,0.000306109248115896,4.26827056324095e-06,0,0.000552399908068441,0,1.7365081716849e-05,0,4.437438503675e-05,0,0.000998003236983647,0,0.00584646845711107,0,0,0,0,0,0,0,0.00141126583510943,0,6.44110853165849e-06,0,2.47442257639199e-06,0.00244651434121361,0,0.0042741320124274,0,0.0021086689984102,0,0.000115289525043449,0,0.000541263246031864,0,0.000245752794091422,0,0,0,0.00172893110363098,0,0.00164816985547667,0,0.0701348244939701,0.000203273363186917,0.00366504024993226,4.29093123190203e-05,0.00236139324408035,0,0
3.0336491268522e-06,0,1.01279778254651e-05,0,0,0,0,0,0.000186694309192829,0,0.0158651437571084,0,0,0,8.75549979343412e-06,0,6.63483640442881e-05,7.56739630666132e-05,0.000265161470580844,0,0.00357205645857951,0.000102757380921421,0.00697145428925204,0,0.00185860206109786,0,4.08507148681957e-05,0,0.000541076833942882,0,0.00207086573575883,0,0,0,0.00231749678396474,0.000228136601025496,0.0155662000538382,0.000306109248115896,0,0,7.3323084303801e-05,2.59296952306744e-05,0.000457990744028093,0,9.03627738226107e-05,0,0.000114991605986723,7.92310283951136e-05,0.0051858864058765,0,0,0,0,0,3.15230487267998e-05,0,0.00281240564362386,0,4.22490581234239e-06,0,0,0,0,0.00436054638806732,0,0.00515360511482308,0,0.00075471178209976,0,0,0,0.000102433568727192,0,0.000246804247863754,0,0,0,0.00263221728339514,7.72648661540823e-06,0.00246908187819426,0,0.065142086561343,0.0042320805783817,0.00138014467624758,0.00265978492386726,0,9.03968860234486e-05
0,1.35508205095407e-05,0,0.00230142404441542,0,1.47812130215981e-05,0,0,0,0,0,0.000161033493796694,0,0,0,0,0.000322879871806303,0.000284500880531071,0.0166088130898349,0.000543714634259565,0,0,1.36349865119203e-05,0,0,0,0,0,0,0,0,0,0,0,0,0.000308345340988524,5.10570354822731e-05,4.26827056324095e-06,0,0,8.59015502891621e-05,0.0338601289242106,0.000590809858828054,0.00199382609627148,0.000893388047428053,0.0321480189936461,2.32428659847949e-05,0.000910932490456969,1.58597487275166e-05,0.0474465341756072,0,0,0,0,0,0.000130635509154728,0,0.000726034028310334,0,0,0,1.291907445769e-05,0.00354365636894461,2.16042722047923e-05,0,0,0,0,0,0,0,0,0.000494369832338466,0,0,0,0,0,0.0051222387233468,0.000135731708535925,0.000319444706775782,0,0.000730617127452822,5.54718084812162e-05,0.0131618655495958,0.00407264443188463,0
0.00102263698761953,0,0.00196460898454486,0,0.000433732514644291,0,0,0,0,0,0.000876019601833897,0,0,0,0,0,0.000350837503372588,0.000135026031861831,0.00569393467745295,0,0.0016620816669926,0,0,0,0,0,0,0,0,0,0,0.000788549823290299,0.00102968000218561,0.000154158541215088,7.89710338089838e-05,2.32109318735498e-05,0.00029964995970551,0,7.3323084303801e-05,8.59015502891621e-05,0,7.33648412940473e-05,0.0293215031859169,0,0.00364175061597586,0.000113229551543421,0.0126308671400906,0.0213395522072062,0.0781165389425004,0,0.00125838387698958,0,0,0,0.000197054086288066,0,0.0123283385943431,0,0.00260563000792165,0,0.000393245913487872,0,3.00598234744247e-05,0.0206391156741479,0,0,0,0,0,0,0,0,0,0.000352876745591243,0.000126675794999979,0,0,3.76319621626553e-05,6.80568051405607e-05,0.0182552782038803,0,0.00128045314782636,0.00045671765596493,3.99464103375571e-05,0.0241397110467689,1.96840163833823e-05,0.00241463416098804
0,0.000199313080202576,0,0.0127123162075199,0,6.31745337396355e-05,0,0,8.706719029754e-05,0.00292270781735034,3.9152391660966e-05,0.00221335892538767,0,0,2.04919210296988e-05,0,0.00036947134243823,0.000792571959296238,0.0325582370667387,0.00335597693494096,0.000118694018366725,1.05214990816074e-05,0,0,0,0,0,0,0,0,0,0,0,0,0,0.000914183177893868,5.04385828987111e-05,0.000552399908068441,2.59296952306744e-05,0.0338601289242106,7.33648412940473e-05,0,0.0104183045031203,0.00261686801810252,0.000344414451555367,0.00288954164469111,0.00024705805327454,0.000826941570281323,0.000342032563769807,0.0219386561846841,0,7.51482121514133e-05,0,0,0,0.000379993399343847,7.40538477525599e-05,0.0358048937912533,9.4263056671281e-06,0.000182218456555796,0,0,0.0079311259258424,0.000221417412549127,0,0,0,0,0,0,3.02903807620934e-05,0,0.01466378496628,0,0.000186873006737256,0,1.26979622577956e-05,0,0.0130583543729982,0.00028854544391735,0.00318479309795189,8.21592959061296e-05,0.00633690876829824,8.06760327968088e-05,0.0876810170790911,0.0389254573708955,0.000786768718697657
0.0027773394631474,0,0.000752904786574441,3.03211879865683e-05,4.75299579014226e-05,0,0,0,0.00191593809487439,0,0.00133977606183757,1.50121096932632e-05,0,0,0,0,0.000949871312993221,0.000434663412001757,0.0163273139438937,1.09407252635458e-05,0.00348378825007778,0,3.44228012838961e-05,0,7.3508708643778e-05,0,0,0,0,0,0.000455578873662753,0,0,0,0.00150206656342681,2.21266158976948e-05,0.00275621471428655,0,0.000457990744028093,0.000590809858828054,0.0293215031859169,0.0104183045031203,0,0,0.0020081521850819,0.000169836292471592,0.0191878669169311,0.00864825109065866,0.0423602290229111,0.000765568540836909,0.000362175528141542,0,0,0,0.00184099509728771,0,0.0335234832817185,5.29772214913002e-05,0.00129190373548501,0,0.000486562051819454,0,0.000234240332688095,0.0185432645327653,0,0,0,0,0,0,0,2.69941003973027e-05,2.00395340847993e-05,0.000958595109498124,0,3.05089229341829e-05,0,0.00147362609194333,0.000580196961995275,0.0146113231675312,0.00013872759492092,0.00319324128251421,0.0036218926554954,0.00010647907045408,0.107988221392848,0.000657706659190362,0.0456444831694265
0,0,0,0,0,0,0,0,0,0,0,0.000899051967086512,0,0,0,0,0.000127288302236385,0,0.00315002683675175,0.00389237443766792,0,0,0,0,0,0,0,0,0,0,0,0,0,0,0,0.000361998814093281,0,1.7365081716849e-05,0,0.00199382609627148,0,0.00261686801810252,0,0,0,0.00142307024467098,0,0,0,0.000440344053626703,0,0,0,0,0,0,0,0.00290951903061476,0,0,0,0,0.000712774712005506,0,0,0,0,0,0,0,0,0,0.00149341378724295,0,0,0,0.000386936185865848,0,0.00158051503899685,0,0.000886235581667843,0,1.87495946576952e-05,0,0.00558688525828538,0.0081549549626721,0
0.000757633251717293,0,0,0,0,0,0,0,0,0,0,0,0,0,0,0,0,3.5687074402925e-05,0.00217876644912445,0,0.000495242961344681,0,0,0,0,0,0,0,0,0,0,0,0,0,0,0,9.84498100048197e-05,0,9.03627738226107e-05,0.000893388047428053,0.00364175061597586,0.000344414451555367,0.0020081521850819,0,0,0,0.00274646122660249,0,3.28645955226089e-05,5.97691680228193e-05,0,0,0,0,0,0,0.000376613466600249,0,0,0,0,0,3.65501584108538e-05,0.00260307280039897,0,0,0,0,0,0,0,0,0,0,0,0,0,0,0.000155037688715253,0.000889048506026375,0,4.14676913107666e-05,2.10984038179277e-05,2.04938235758762e-05,0.00453868975927301,0,0.000481526271635317
0,0,0.000301283020827329,0.00207142412158804,9.50099282452134e-05,2.87303936565265e-05,0,0,0,0,0,0.00854832358395304,0,0,0,0,5.67450530072516e-05,3.56149301661312e-05,0.00642977796051841,0.0244916854457672,1.31286878853925e-05,3.74277581262158e-06,0,0,0,0,0,0,0,0,0,0,0,7.3152172348637e-05,0,0.00448933157979086,3.93255494650938e-05,4.437438503675e-05,0,0.0321480189936461,0.000113229551543421,0.00288954164469111,0.000169836292471592,0.00142307024467098,0,0,7.33447505898334e-05,0.000187365391622792,0.000603491795270166,0.00271285489958674,0,7.71540648090204e-05,0,0,0,0.000172579823159606,0.000357262723451487,0.0161520489344092,0.000186060837361351,0,0.000174456447544218,0,0.0917261355555297,0.000166538253705756,0,0,0,0,0,0,0,0,0.00434370569931708,0,0.000327028622942596,0,0.000112330405776316,0,0.0337563601082549,1.16765160296711e-05,0.0064879059679314,0,0.000305777743025404,7.86744858937403e-05,0.0244970283648753,0.000909623556171668,3.18056774422802e-05
0.00128511278809382,0,0.000180804677589613,0,0,0,0,0,5.07345144798155e-05,0,0.000104092543320676,0,0,0,0,0,0.000185390218147106,0.000135399406304711,0.00571644983469204,0,0.00182352612967209,0,0,0,0,0,0,0,0,0,0,0,0,0,0,4.97580215950218e-06,0.000777019087585313,0,0.000114991605986723,2.32428659847949e-05,0.0126308671400906,0.00024705805327454,0.0191878669169311,0,0.00274646122660249,7.33447505898334e-05,0,0,0.000502004317162637,0,0,0,0,0,0,0,0.000839137032387606,9.67061378537391e-06,2.18067562483811e-05,0,1.29226988923167e-05,0,7.0211733074014e-05,0.0227865786165474,0,0,0,0,0,0,0,0,0,2.11718567502803e-05,0,0,0,0,1.05962426162735e-05,0.00706816489855723,3.14641503124614e-05,0.000862300200156758,0.00028213848730214,3.20958023632297e-05,0.00512509986246717,0,0.00101294961167122
0,0,0.00015452878158739,0.00108387450952782,4.51411709234957e-05,0,0,0,7.49183688660239e-05,0,0,0,0,0,0,0,0,0,0.000146985811527962,0,1.21618589159442e-05,9.73945772536779e-05,0,0,0,0,0,0,0,0,0,0.129183518647142,0.0445144113557391,0.119809777996206,0.0378294932382911,0.00161931835767474,0.000394321367805752,0.000998003236983647,7.92310283951136e-05,0.000910932490456969,0.0213395522072062,0.000826941570281323,0.00864825109065866,0,0,0.000187365391622792,0,0,0.149958455284209,0.0660801298615236,0,0,0,0,6.01753936727567e-05,5.1087982523216e-05,4.13280240072688e-05,0.000120274812849558,3.0459096431759e-05,0,2.39254292021718e-05,0,3.48988060539912e-05,0,0.000151509094351496,0,0,0,0,0,0,0,0,7.39678210005855e-05,0.148815722842006,0.0385994727233767,0.0988847789008269,0.16634039879112,0.0139920979708704,0.018091882343437,0.00616115032793514,0.0228560200979717,0.00624633290750348,4.77526719560076e-06,0.0129013327874045,1.71088243435426e-05,0
0.00239465974156086,0,0.00895992586378882,0.00441180563786027,0.00046683087848135,0.000232919945610047,0,0,0.000297572607060689,2.52044554606029e-05,0.000578994502016396,2.88925332185129e-05,1.17293135802695e-05,0,0,0,0,1.54736200694231e-05,0.000151772893136557,4.94730132339536e-05,0.000740529325854301,0,0.00923413890415292,0,0.00198730854078583,0,0.00682188674478756,0,0,0,6.40791746888466e-05,0.00276823668754509,0.00375304371014978,0.00160188500501979,0.00348301867376464,0.000485040082482235,9.61176951474685e-05,0,0.0051858864058765,1.58597487275166e-05,0.0781165389425004,0.000342032563769807,0.0423602290229111,0,3.28645955226089e-05,0.000603491795270166,0.000502004317162637,0.149958455284209,0,0.0186228372081066,0.00221551358033294,6.39280695035596e-05,0,0,0.00921579270480093,0.000629654330114834,0.0095790845835178,4.96485098244554e-05,0.00386948570561798,0,0.00106854367435443,1.90997551555671e-05,6.15179181798577e-05,0.00129005574385312,0,0.0103353658309869,0,0.011983554106197,0,0.0366669806167085,0,0.026054266511607,4.2023484284213e-05,0.000786590489396961,0.000489806368942728,0.000379271458462284,0.00038000528492422,0.00539426768224653,0.000388559275411611,0.0112980118273042,1.89409562429251e-05,0.0349463726559588,0.00730952834908393,0.000103308805011485,0.0395572418751295,0,0.000265119643795893
0,0.00368939647546916,7.18093552588102e-05,0.00876989544494235,0,0.000265463821891062,0,0,0,0.00146028962006588,3.96499330612753e-05,8.93341821586498e-05,0,0,0,0,1.2114331229295e-05,4.3094156055446e-05,0.00325195315460966,0.000371711510268197,0,0.0152348446249299,0,0.0029290816090039,0,0,0,0,0,0,0,0.000346975700319084,0,0.000733498080147466,0,0.000257433677709883,1.20685445905823e-05,0.00584646845711107,0,0.0474465341756072,0,0.0219386561846841,0.000765568540836909,0.000440344053626703,5.97691680228193e-05,0.00271285489958674,0,0.0660801298615236,0.0186228372081066,0,0,0.000269423917824188,0,0,0,0.00262102159827418,8.09177695015352e-06,0.0224478270554872,0,0.000846459785362432,0,0.00123979161054808,0.00266321994141038,1.43852365144482e-05,0.0139189723967159,3.62442751192628e-05,0.00832910506016073,0,0.00982276352566247,0,0.0353043339880757,0,0.0358174445966343,0,0.00350174195329483,0,0.00143221428104473,0,0.00488805407222991,7.74704310326559e-05,0.0137649748291375,1.0819051039063e-05,0.00426693025699781,2.31156139238873e-05,0.0316911771007475,0.00191671751467816,5.24873968383976e-05
0,0,0.0123453177429082,0,0.0471984594133759,0,0.00150731387845441,0,0.00123992492886149,0,0,0,0,0,0.000604827287700799,0,0,0,0,0,0.021262946634492,0,0,0,0,0,0,0,0,0,0,0,0,0,0,0,0.000744148621776853,0,0,0,0.00125838387698958,0,0.000362175528141542,0,0,0,0,0,0.00221551358033294,0,0,0,0.00247104646357754,0,0.00293513122229468,0,0.00728730499571472,0,0.00219149836889016,0,0.0336909130890036,0,0,0.00496154457884233,0,0,0,0,0,0,0,0,0,0,0,0,0,0,0,0.000264495697480792,0,0,0.000660772296291591,2.91223197226257e-06,0.0043075940161189,0,0
0,0,0,0.0632194341484455,0,0.136567572388497,0,0.0110658482939501,0,0,0,0.000269374296914714,0,0.000511973610244871,0,0,0,0,5.26421725080689e-05,0.00725883675478835,0,0,0,0,0,0,0,0,0,0,0,0,0,0,0,2.10258015716419e-05,0,0,0,0,0,7.51482121514133e-05,0,0,0,7.71540648090204e-05,0,0,6.39280695035596e-05,0.000269423917824188,0,0,0,0.00652049494507518,0,0,0,0.00346818968173548,0,0.00964767103400987,0,0.00707078744177706,0.00586473284320794,0,0,0,0,0,0,0,0,0,0,0,0,0,0,0,0.000158273388435793,0,3.73016412874184e-06,0,0.00072935403676205,1.79733626131623e-06,0.00512144251754557,0,0
0,0,0,0,0,0,0.0165636213378836,0,0,0,0.000289627699866939,0,0.000272949303162134,0,0,0,0,0,0,0,0.00126181534217998,0,0,0,0,0,0,0,0,0,0,0,0,0,0,0,0,0,0,0,0,0,0,0,0,0,0,0,0,0,0.00247104646357754,0,0,0,0,0,0.000115057445657899,0,0.000253574183318606,0,0,0,0,6.12681057274109e-05,0,0,0,0,0,0,0,0,0,0,0,0,0,0,0,0,0,0,0.000646039541749743,0,0,0,0
0,0,0,0,0,0.00132335751763869,0,0.0696811837313689,0,0,0,0.00259775752289763,0,0.00153093932039148,0,0,0,0,0,0.00225943640364346,0,0,0,0,0,0,0,0,0,0,0,0,0,0,0,0,0,0,0,0,0,0,0,0,0,0,0,0,0,0,0,0.00652049494507518,0,0,0,0,0,0.0311404405210762,0,0.0235405413567996,0,0,0.00332025078359,0,0,0,0,0,0,0,0,0,0,0,0,0,0,0,0,0,0,0,0.000195093785185786,0,1.45443634214606e-05,0,0
0.0349514009443747,0,0.0862842008651909,0,0.0127151488562564,0,0,0,0.217444295639675,0,4.6672517250291e-05,0,0,0,0.0186316279734046,0,0.000461489625875394,2.04598059213061e-05,5.24507336892139e-05,0,0,0,4.43616710168503e-05,0,0.0175468575959665,0,0.00183141310355917,0,0,0,0,0,0,0,0,0,0,0,3.15230487267998e-05,0,0.000197054086288066,0,0.00184099509728771,0,0,0,0,6.01753936727567e-05,0.00921579270480093,0,0.00293513122229468,0,0,0,0,0,8.13012085482743e-05,0,0,0,0.0327762486307403,0,0,0,0,2.02026356281517e-05,0,0.00181406754705377,0,0.00492614218761842,0,0,0,0,0,0,0,0,0,1.95358576481921e-05,0,0,0.000938444192910201,0,0.00177701081884845,0,0
0,0.0536480866145744,0,0.191781601173414,0,0.00515833031260179,0,0,0,0.170765888802374,0,0,0,0,0,0.0322840165853365,0,0.00189583511793343,9.09481043520344e-05,0,0,0,0,0.00511921696045734,0,0,0,0,0,0,0,0,0,0,0,3.31890841775515e-06,0,0,0,0.000130635509154728,0,0.000379993399343847,0,0,0,0.000172579823159606,0,5.1087982523216e-05,0.000629654330114834,0.00262102159827418,0,0,0,0,0,0,3.82258271156102e-05,0.000123757238664208,1.55981854622128e-05,0,0,0.00498463873093799,0,0,0,0,0.00170073149485428,0,0,0,0,0,3.98235743139792e-05,0,0,0,0,0,2.91071223026022e-05,0,0,0,0.000845697925245628,1.74308318961276e-05,0.000573736502748754,0,0
0.00064568990948237,0,0.000638421900475927,0.000826483861637129,0.00104696820889389,7.1396960969958e-05,0.000133903065405873,0,2.77047857263561e-05,9.18433806172813e-05,0.0889794254158321,0,7.07485857506296e-05,0,0,0,0.000105858890033886,0.00011117902561992,0.00221492875707727,0,0.0390026034675205,0,1.71280223857718e-05,0,2.60172769383598e-05,0,0,0,0,0,0.0582155199820558,0,0,0,0,1.30491458761528e-05,0.00106311984168465,0,0.00281240564362386,0,0.0123283385943431,7.40538477525599e-05,0.0335234832817185,0,0.000376613466600249,0.000357262723451487,0.000839137032387606,4.13280240072688e-05,0.0095790845835178,8.09177695015352e-06,0.00728730499571472,0,0.000115057445657899,0,8.13012085482743e-05,3.82258271156102e-05,0,3.0377449364373e-05,0.0298897182259066,0,0.00122054307166008,0,0,0.136026206590415,0,0.000380724473994358,0,0,0,0,0,0.0223109564337753,1.3903054111307e-05,0.0625022615160843,0,0,0,0,3.97530090876917e-05,0.00150706725312037,2.99872687825126e-06,0.000249854281380391,0.00126554797186979,1.66770772505506e-05,0.0544318921856077,1.62598176870832e-05,0.0351391241691468
