0,0,0.0167784617165714,5.79403398243356e-05,0.000709826419054024,0,0,0,0.00926159162279977,0,0,0,0,0,0.000361189801836455,0,0,4.76979386120887e-05,0.00183585172379625,0,0,0,0,0,0,0,0,0,0,0,0,0,0,0,0,0,2.69518763649081e-05,0,0,0,0.00176071496724119,1.50179111602864e-05,0.0180146402314432,0,0,2.53029078027508e-05,1.65107065259813e-05,0,0.0111272262238897,4.66228020039217e-05,0,0,0,0,0.0216616221898053,0,0.000336343022803623,0,0.000571131154305843,0,0.0127229121265687,0,1.64385725308089e-05,0,0,0,0,0,0,0,0,0,0,0,0,0,0,0,1.40464775560482e-05,0.00031290937259566,0,0,0.000894703391282285,0,0.00844579345540994,0,0.00503768584225676
0,0,0,0.00556331736620933,0,0,0,0,0,0.0321138083299728,0,0,0,1.59093842687785e-05,0,0.00488581137029634,7.70678776520345e-05,3.44762065297197e-05,0.00196793005352097,0,0,0,0,0,0,0,0,0,0,0,0,0,0,0,0,0.000156368334683136,0,0,0,0.000817197659124061,0,0.0366565769946443,0.000254691203761363,0,0,0.00010206428582131,4.26625781010624e-05,0,0,0.0169614357930801,0,0,0,0,0,0.071712893964568,0,0.00171901980903477,0,0.00179522706224549,0,0.0296773314222964,0.000550017269565251,0.00016259141945261,0,0,0,0,0,0,0,0,0.000123911200829218,0,0,0,0,0,0.000845725685254531,6.15231799079189e-05,0.000185475570484847,0,0.000452864226872912,0,0.00934852899632597,0.00289080065293164,0
0.0167784617165714,0,0,3.93402239278182e-05,0.0135912769484692,0,0,0,0.00668121782143306,0,0,0,0,0,0,0,6.44632683957434e-05,1.98059188400094e-05,0.00115069149397793,0,6.31674096693556e-05,0,0,0,0,0,0,0,0,0,0,0,0,0,0,6.52137044462875e-06,0.000710797547480537,0,0,0,0.00141131800510526,0.0005352705432047,0.0105566886906846,0,0,0,5.77359650214075e-05,0.000143165427615936,0.0121162249940603,0.000139433435221861,0.03330260893142,0,0,0,0.034792223206674,0,9.15239621679404e-05,0,0.0047800478897771,0,0.0417047366944367,0,0,0.000313171280511576,0,0,0,0,0,0,0,0,0,0,0,0,0,0,1.18814738242956e-06,0.000442601363218078,0,0,0.00124557780486231,6.6808539152681e-06,0.0192250403019921,0,0.0118093618556197
5.79403398243356e-05,0.00556331736620933,3.93402239278182e-05,0,0,0.0117427394869399,0,0,0,0.0021878457877965,0,0,0,0,0,0.0024937296120416,6.80700689898433e-05,0,0.000471533103562874,0.000628651801031705,0,0,0,0,0,0,0,0,0,0,0,0,0,0,0,0.000136918871904205,0,0,0,0.000116617836403337,0.000242509242729609,0.00390285109961489,0.000221603136678593,0,0,0.00179858580151652,4.16700065255254e-05,0,2.89446329376792e-05,0.0159849250008126,0,0.0498998465585,0,0,0,0.0278929398270723,0,0.00345448031991206,0,0.000109464342341309,0,0.0230296003565357,0.00383726440737025,1.1837808884949e-05,0,0,0,0,0,0,0,0,0.00337261559604851,0,0,0,0,0,0.000486552094311762,3.88492707794231e-06,7.27207888411194e-05,0,0.000773371819193512,0.000168653265416056,0.0132840320858029,0.00248652060264108,6.24479688654369e-05
0.000709826419054024,0,0.0135912769484692,0,0,0,0,0,0.00537749085489945,0,0,0,0,0,0.00243600805417638,0,0,0,4.07404171646491e-05,0,0.00125605841410708,0,0,0,0,0,0,0,0,0,0,0,0,0,0,0,7.05913374303207e-05,0,0,0,0,0.000206550627017276,0.00216526295202625,0,0,0,0,0,0.000317536599822005,0,0.0083123970219788,0,0,0,0.00142687308149519,0,0.000482035586544362,0,0,0,0.00132546101057747,0,0,9.37008040538746e-05,0,0,0,0,0,0,0,0,0,0,0,0,0,0,0,6.37831384943291e-06,0,0,0.00236353076400327,0.00107991003804257,0.00373534966899694,0,0.000243076002626221
0,0,0,0.0117427394869399,0,0,0,0.00861843002641961,0,0,0,0,0,0,0,0.00239041413344319,0,0,0.000144138839290974,0,0,0,0,0,0,0,0,0,0,0,0,0,0,0,0,5.36833823441417e-06,0,0,0,1.75803962659815e-05,0,0.000465011294655865,7.51557564180759e-06,0,0,5.50039052894157e-05,0,0,0,0.000464452407254899,0,0.0447616714329241,0,0.0115202221142695,0,0,0,1.29527595895025e-05,0,0.0011271173909477,0,0.00233233989036382,0,0,0,0,0,0,0,0,0,0,0.000300834452787731,0,0,0,0,0,1.55875171102217e-05,0,0,0,0.000602384658131862,0.00303313083171797,0.00446512147999614,0.00021344191483261,0
0,0,0,0,0,0,0,0,0,0,0.00297195012468123,0,7.37854602485787e-05,0,0,0,0,0,0,0,0,0,0,0,0,0,0,0,0,0,0,0,0,0,0,0,0,0,0,0,0,0,0,0,0,0,0,0,0,0,0,0,0.0227644942804135,0,0,0,0.00173823211988429,0,0.000576692151339723,0,0,0,0,0,0,0,0,0,0,0,0,0,0,0,0,0,0,0,0,0,0,0,3.27532594402262e-05,5.62945797355496e-06,0,0,0
0,0,0,0,0,0.00861843002641961,0,0,0,0,0,0,0,0.00401211527933323,0,0,0,0,0,0,0,0,0,0,0,0,0,0,0,0,0,0,0,0,0,6.85803062188699e-06,0,0,0,0,0,0,0,0,0,0,0,0,0,0,0,0.0087968504897422,0,0.0539221016059139,0,0,0,0.00175199163592184,0,0.000520072092108463,0,0,0,0,0,0,0,0,0,0,0,0,0,0,0,0,0,0,1.33899110887133e-05,0,0,0,0.000237847249929805,0,0,0,0
0.00926159162279977,0,0.00668121782143306,0,0.00537749085489945,0,0,0,0,0,0,0,0,0,0.00834315715654399,0,0.000749066223973545,8.98592618444439e-06,0,0,0,0,0,0,0.000217942127824548,0,0,0,0,0,0,0,0,0,0,0,0,0,0.000582016915612791,0,0,2.77034301359618e-05,0.000985920957640354,0,0,0,0,0,0.00969339492635995,0,5.91713419252282e-05,0,0,0,0.0573556550482557,0,0,0,0,0,0.0180301595578109,0,0,0,0,0,0,0.000123165307134435,0,0.00034722221607808,0,0,0,0,0,0,0,0,0,7.38763797769829e-06,0,9.43595201191885e-05,0.00441495226436743,0.00101414955672006,0.000755504881932976,0,0.00143631216621541
0,0.0321138083299728,0,0.0021878457877965,0,0,0,0,0,0,0,0,0,0,0,0.0100955656589249,0.000355620648518364,0.00379572238294661,0.000238504076052082,0,0,0,0,0.000145160801926587,0,0.000142220187827639,0,0,0,0,0,0,0,0,0,0,0,0.000161807914195479,0,0,0,0.00213154741787133,3.942717088221e-05,0,3.84792094078558e-05,0,1.21489220966206e-05,0,2.13065783279337e-05,0.00372285700448722,0,0.00012117037031266,0,0,0,0.0700797289195347,0,0.000190811656595847,0,0,0,0.0131660883335967,7.44456685315383e-06,0,0,0,0.00106885144046612,0,0,0,0,0,0,0,0,0,0,0,9.52066755385454e-07,0,7.05633256818311e-05,0,0.00482277228993111,0.00316593605615074,0.000964381717452244,0.000594356615708173,2.69226935322151e-05
0,0,0,0,0,0,0.00297195012468123,0,0,0,0,0,0,0,0,0,0,0,0,0,0.0207349391603415,0,0,0,0,0,0,0,0,0,0,0,0,0,0,0,0.000667647619148263,0,0.00188250630008559,0,0,0,0,0,0,0,0,0,0,0,0,0,0.00146735555396636,0,0,0,0.0574778444497722,0,0.00149824479932599,0,0,0,0,0.000871089540430279,0,0,0,0,0,0,0,0,0,0,0,0,0,0,0,2.55296927183596e-05,0,0.00011179984117915,5.72866595285502e-05,2.88081091688922e-05,0,0,0
0,0,0,0,0,0,0,0,0,0,0,0,0,0.0228298921729228,0,0,0,0,0,0.012626054445581,0,0,0,0,0,0,0,0.00249076618873964,0,0,0,0,0,0,0,0.00269105941752087,0,0.0144345203997935,0,0,0,0,0,0,0,7.99800631360367e-06,0,0,0,0,0,0.000515731323776092,0,0,0,0,0,0.112883691423605,0,0.0599584415909307,0,0,0.00118510017947317,0,0,0,0,0,0,0,0.00613000031448516,0,0.00873833616793625,0,0,0,0,0,0.000122624489257245,0,0.000481880133315229,0,0.00289293375903221,8.78314785678536e-06,0,0,0
0,0,0,0,0,0,7.37854602485787e-05,0,0,0,0,0,0,0,0.00624269957397937,0,0,0,0,0,0,0,0,0,0,0,0,0,0,0,0,0,0,0,0,0,0,0,0,0,0,0,0,0,0,0,0,0,0,0,0,0,0,0,0,0,0,0,0.00971777504796483,0,0.0043576246562459,0,0,0,0,0,0,0,0,0,0,0.000414548753109245,0,0,0,0,0,0,0,0,0,0,0.000115252081095945,2.18138793570688e-05,0,0,0
0,1.59093842687785e-05,0,0,0,0,0,0.00401211527933323,0,0,0,0.0228298921729228,0,0,0,0.0032851317734473,0,0,0,0,0,0,0,0,0,0,0,0,0,0,0,0,0,0,0,0,0,0,0,0,0,0,0,0,0,0,0,0,0,0,0,0,0,0,0,0,0,5.32895975488834e-05,0,0.0590347531869258,0,7.45993174351762e-05,0,0,0,0,0,0,0.000232188064700801,0,0,0,0,0,0,0,0,0,0,0,0,0,0.000895858009538688,0.00143130906254465,0,0,0
0.000361189801836455,0,0,0,0.00243600805417638,0,0,0,0.00834315715654399,0,0,0,0.00624269957397937,0,0,0,0.000867194684644601,2.69367143903862e-05,0,0,0,0,0,0,0,0,0,0,0,0,0,0,0,0,0,0,0,0,0,0,0,0,0.000129117689828716,0,0,0,0,0,0,0,4.0178703725345e-05,0,0,0,0.00391517401810549,0,0,0,0.00293448584011113,0,0.00735520576022162,0,0,0,0,0,0,0,0,0,0,0,0,0,0,0,0,0,0,0,0,0,0.000702330581273705,3.36262405364884e-05,0.000118348864125211,0,0
0,0.00488581137029634,0,0.0024937296120416,0,0.00239041413344319,0,0,0,0.0100955656589249,0,0,0,0.0032851317734473,0,0,0,0.00313110051865865,6.93663209662496e-05,0,0,0,0,0.000168356455884021,0,0.000332517398875133,0,0,0,0,0,0,0,0,0,0,0,0,0,0,0,0.000348512371934752,0,0,0,0,0,0,0,0.00123205185740292,0,0,0,0,0,0.0145625720174649,0,8.17134067149838e-05,0,0.000729849074874399,0,0.0150272141730981,0,0,0,0,0.00190964772047447,0,0.000102733552914513,0,0,0,0,0,0,0,0,0,0,0,0,0,0.000824048944596992,0.00391429214661106,0.00025925781622648,0,0
0,7.70678776520345e-05,6.44632683957434e-05,6.80700689898433e-05,0,0,0,0,0.000749066223973545,0.000355620648518364,0,0,0,0,0.000867194684644601,0,0,0.133173353182261,0.0538528824726845,0,0,0.00074780547928598,0.00196479468407978,0.00155603280964039,0.00249008455211148,0.00240012525308671,0.0263359136188805,0,2.61434193952881e-05,0,0,0,0,0,0,2.16109050006743e-05,0,0,0,0.000199285805571733,0.00111638260388123,0.000158248404154039,0.000236357745586187,0,7.44161946050234e-05,0.000669908348268656,0.000159998790417686,0,1.04307211241543e-05,0,0,8.0704418466921e-06,0,0,0,0,3.79843736777888e-06,1.38507531763989e-05,0,0,6.99042874064611e-05,0,0.000328633884883726,0.000375576923999088,0.000237152647434753,0.000409234125815606,0.000405495569962189,0.00119338746454679,0.00031344805287705,0.00217042198562563,0,0,0,0,0,0,0,0,0.000637468350605681,0.000373983412497099,9.81749422392358e-06,0,0.0184160642453771,0.00733550487796962,0.00115432001853056,0.00015210667947928,4.53815841587804e-05
4.76979386120887e-05,3.44762065297197e-05,1.98059188400094e-05,0,0,0,0,0,8.98592618444439e-06,0.00379572238294661,0,0,0,0,2.69367143903862e-05,0.00313110051865865,0.133173353182261,0,0.0568855290211963,0,0,0.00828840049177625,0.000204716931197561,0.0115824510433518,0.00113733183419611,0.0437168021096232,0.00183553313089373,0.00170034471586443,0,0,0,0,0,0,0,3.95809007068818e-05,2.14234666546731e-05,0,0,0.000226094023724212,0.000835899638011119,0.000343038279531682,0.000204140770804244,2.94888746365727e-05,0,0.000890147439203907,8.20029441673099e-05,0,0,0,0,0,0,0,0,0,0,1.48017970336107e-05,0,0,0,0,0.000110547013177687,0.000880897575609547,0.000672580310993444,2.94265482498784e-06,0.00395880960902375,5.96090189110277e-05,0.00638555471582896,3.51653357398324e-05,1.49619963849545e-05,0,0,0,0,0,0,0,0.000580252085190206,0.00100594156839052,2.05046382585854e-05,0,0.0269978487639361,0.0096006046129653,0.000854004395252961,4.08064654288783e-05,5.37635926338605e-05
0.00183585172379625,0.00196793005352097,0.00115069149397793,0.000471533103562874,4.07404171646491e-05,0.000144138839290974,0,0,0,0.000238504076052082,0,0,0,0,0,6.93663209662496e-05,0.0538528824726845,0.0568855290211963,0,0,0,0.000238552332418039,7.38661840597157e-05,0.00113309940421057,0.000693116221990466,0.00106137083277804,0.000548985545310903,0,0,0,0,0,0,0,0,0.00120237595772505,0.000511122701126032,1.2497834977573e-05,0,0.0118863677846905,0.0315066079142514,0.023123665266544,0.0121255558261523,0.00397240933571797,0.000453320489501447,0.0185573885387034,0.00375027832992123,4.51935680124476e-05,0.000412982508686145,0.000182592191693511,7.03542473036965e-06,7.47665299524226e-05,0,0,0,0,3.09457356989214e-05,0.00259603462307916,1.69135108013748e-05,0,1.81024549674787e-05,8.85705993678527e-06,0.00795086205746611,0.0120893341440895,2.64848216661603e-05,5.38245014976122e-05,0.000136573482216051,0.000149079696838769,0,0.000134865551075267,0,0,0.000462937620548776,0,0,0,0,0,0.0135630712021635,0.0106293405851098,0.000847113805286374,0,0.0142727122421698,0.000517168897670696,0.0448917888632429,0.0101456644802368,0.00457755708241037
0,0,0,0.000628651801031705,0,0,0,0,0,0,0,0.012626054445581,0,0,0,0,0,0,0,0,0,0,0,0,0,0,0,0,0,0,0,0,0,0,0,0.00850464915217309,0,0.00183048239545939,0,0,0,2.39758270064366e-05,0,0,0,0.000155701338871264,0,0,0,0.000243735753704098,0,0,0,0,0,0,0,0.00083860332404158,0,0,0,0,0.143132424894286,0,0,0,0,0,0,0,0,0,0,0,0,0,0,0,0.00374887315446773,0,6.77580561814342e-06,0,0.00141456890253041,0,0.00206514260983478,0,0
0,0,6.31674096693556e-05,0,0.00125605841410708,0,0,0,0,0,0.0207349391603415,0,0,0,0,0,0,0,0,0,0,0,0,0,0,0,0,0,0,0,0,0,0,0,0,0,0.0100791349555587,0,0.000107954419658404,0,0,0,7.72572638498611e-06,0,0,0,0,0,0,0,0.00523893553240628,0,0,0,0,0,0.00979067590842368,0,0,0,0,0,0,0.0474736474248538,0,0,0,0,0,0,0,0,0,0,0,0,0,0,0,0.00232273986908825,0,0,0.000683380137020231,0,0.00145324127502357,0,0
0,0,0,0,0,0,0,0,0,0,0,0,0,0,0,0,0.00074780547928598,0.00828840049177625,0.000238552332418039,0,0,0,0.00248251889110984,0.00152432862749289,0,0.000489473445164572,4.06502848906238e-05,0.000296691939770156,0,0,0,0,0,0,0,0,0,0.0110119971732979,0.00060850836274404,0,0,0,0,0,0,0,0,0,0,0.000244686756447521,0,0,0,0,0,0,0,0,0,0,0,0,0,0,0.0842879296848328,0,0.00265217502107179,0,0.0010057361984975,0,0.00132337331905427,0,0,0,0,0,0,0,9.24192853764304e-06,4.84870351677948e-06,0.00824566461883817,0,0.00320927157927917,0.000428683852384985,3.94716557178641e-05,0,0
0,0,0,0,0,0,0,0,0,0,0,0,0,0,0,0,0.00196479468407978,0.000204716931197561,7.38661840597157e-05,0,0,0.00248251889110984,0,0,0.00259189632920844,0,0.00883394148144458,0,8.19538233885154e-05,0,0,0,0,0,0,0,0,5.97737325272484e-05,0.00868940517858861,0,0,0,0,0,0,0,0,0,0.000511568934898371,0,0,0,0,0,0,0,0,0,0,0,0,0,0,0,0.00030952345329383,0.0786148865162691,0,0.00179458235589557,0,0.00114986465927443,0,0.00113755164541186,0,0,0,0,0,0,4.94488279440885e-06,3.60335987718499e-06,0,0.0110673414378456,0.00170902835884934,0.000178525377395369,3.15518114768254e-06,0,0
0,0,0,0,0,0,0,0,0,0.000145160801926587,0,0,0,0,0,0.000168356455884021,0.00155603280964039,0.0115824510433518,0.00113309940421057,0,0,0.00152432862749289,0,0,0.000234573900347992,0.00210085306721141,0,0,0,0,0,0,0,9.64966468633102e-05,0,0,0,0.0111289133720222,0,0,0,0,0,0,0,1.1499726083327e-05,0,0,0,0.0113703108697056,0,0,0,0,0,0.00218082064916723,0,2.05512712997109e-05,0,0,0,0.000354875975377674,0,0,0.000939339337112881,0,0.0462238184138707,0,0.01132771248543,0,0.00115214775048712,0,0,0,0,0,0.000274017062941141,0,2.15535981017124e-06,2.62143441197508e-05,0.00535721068102303,0,0.000437845536728407,0,0.0010502442829764,0,0
0,0,0,0,0,0,0,0,0.000217942127824548,0,0,0,0,0,0,0,0.00249008455211148,0.00113733183419611,0.000693116221990466,0,0,0,0.00259189632920844,0.000234573900347992,0,0.000407114020225113,0.0203871448550304,0,0,0,0,0,0,0,0,0,1.19470438650167e-05,0,0.00468674518944533,0,0,0,0,0,0,0,0,0,0.00984377517216742,0,0,0,0,0,0.00108253612704693,0,0,0,0,0,0,0,0,6.9449411962636e-05,0,0.00188188251761602,0,0.0378512289903277,0,0,0,0.000176832059008545,0,0,0,0,0,0,0,0,0,0.00460685710940932,0.000230389344236144,0,0.000432131738372296,0,0
0,0,0,0,0,0,0,0,0,0.000142220187827639,0,0,0,0,0,0.000332517398875133,0.00240012525308671,0.0437168021096232,0.00106137083277804,0,0,0.000489473445164572,0,0.00210085306721141,0.000407114020225113,0,0,0.00326330985648031,0,0,0,0,0,0,0,0,0,0,0,0,7.41151539668285e-05,0,0,0,0,3.13570922413188e-05,0,0,0,0,0,0,0,0,0,0,0,0,0,0,0,0,0,6.29998888748277e-05,2.4400810774921e-05,0,0.0122441899481638,0,0.0242447027224191,0,0,0,0,0,0,0,0,0,0,5.31620894841817e-05,0,0,0.00114146668458227,0.000898190910935862,0,0,0
0,0,0,0,0,0,0,0,0,0,0,0,0,0,0,0,0.0263359136188805,0.00183553313089373,0.000548985545310903,0,0,4.06502848906238e-05,0.00883394148144458,0,0.0203871448550304,0,0,0,0,0,0,0,0,0,0,0,0,0,0,0,0,0,0,0,0,0.000190245846429138,4.1952278205107e-05,0,0,0,0,0,0,0,0.00219188961666475,0,0,0,0,0,0,0,0,0.000104162120230159,0.000102272174104212,0.00525062270800939,5.8394314468079e-05,0.0110716778550661,0,0.00882441142271843,0,0,0,0,0,0,0,0,1.74267243042287e-05,2.16724196865363e-05,0,0,0.00127998602865583,0,0,7.45496111942802e-05,0
0,0,0,0,0,0,0,0,0,0,0,0.00249076618873964,0,0,0,0,0,0.00170034471586443,0,0,0,0.000296691939770156,0,0,0,0.00326330985648031,0,0,0,0.00763082406567459,0,0,0,0,0,0,0,0.000357205505189358,0,0,0,0,0,0,0,0,0,0,0,0,0,0,0,0,0,0,0,0,0,0,0,0.000195013675380753,0,0,0.000308421444306529,0,0,0,0.00600900087755017,0,0.0397710535265807,0,0.00154714904192536,0,0,0,0,0,0,0,1.46414045646539e-05,0,0.00113798416317611,0.00103679639413314,0,0,0
0,0,0,0,0,0,0,0,0,0,0,0,0,0,0,0,2.61434193952881e-05,0,0,0,0,0,8.19538233885154e-05,0,0,0,0,0,0,0,0.00328748914477154,0,0,0,0,0,0,0,0.000586545315701095,0,0,0,0,0,0,0,0,0,0,0,0,0,0,0,0,0,0,0,0,0,0,0,0,0,0,0.00215819118919476,0,0,0,0,0,0.0184805949411161,0,5.57211715204176e-05,0,0,0,0,0,0,0,0.00048477330241614,0.000133757049662862,0,0,0,0
0,0,0,0,0,0,0,0,0,0,0,0,0,0,0,0,0,0,0,0,0,0,0,0,0,0,0,0.00763082406567459,0,0,0,0,0,0,0,0,0,0.000144974839213054,0,0,0,0,0,0,0,0,0,0,0,0,0,0,0,0,0,0,0,0.000501430851728848,0,0,0,0,0,0,0,0,0,0,0,0,0.00882587883539428,0,0.0723255822324147,0,0,0,0,0,0,0,0.00016145403201781,0,0.00103632204496903,0,0,0,0
0,0,0,0,0,0,0,0,0,0,0,0,0,0,0,0,0,0,0,0,0,0,0,0,0,0,0,0,0.00328748914477154,0,0,0,0,0,0,0,0,0,0.00069355120164574,0,0,0,0,0,0,0,0,0,0,0,0,0,0,0,0,0,0,0,0,0,0,0,0,0,0,0,0,0,0,0,0,0,0,0.019058880387541,0,0,0,0,0,0,0,0.000196903783340829,9.17275519896066e-06,0,0,0,0
0,0,0,0,0,0,0,0,0,0,0,0,0,0,0,0,0,0,0,0,0,0,0,0,0,0,0,0,0,0,0,0,0.0787191213555662,0.00385816662094439,0.00179103279641716,0.00425111085683571,3.27722879141738e-05,0,0,0.00187259429217834,0,0,0,0,0,0,0,0.026795002687531,0,0.00159472798478482,0,0,0,0,0,0,0,0,0,0,0,0,0,0,0,0,0,0,0,0,0,0,0,0,0.138946066954016,0.0104770560486344,0.00278291008814988,0,0.00154876636325558,0,0,0,0.00150117325344875,0,0,0,0
0,0,0,0,0,0,0,0,0,0,0,0,0,0,0,0,0,0,0,0,0,0,0,0,0,0,0,0,0,0,0,0.0787191213555662,0,0,0,0.000166763619723202,0.00249274116886549,0,0,0,0.000206555130498205,0,0,0,0,0,0,0.0637211934289276,0.000591204989530854,0,0,0,0,0,0,0,0,0,0,0,0,0,0,0,0,0,0,0,0,0,0,0,0,0,0.0449804461221421,0.118529855192837,0,2.7767120650017e-05,0,0.000334532178517382,0,0,0.0014234624284808,0,4.00470533179671e-05,0,0
0,0,0,0,0,0,0,0,0,0,0,0,0,0,0,0,0,0,0,0,0,0,0,9.64966468633102e-05,0,0,0,0,0,0,0,0.00385816662094439,0,0,0.062012278732416,0.0151180315507036,6.76559709097413e-05,0.00304502978180699,0,0,0,0,0,0,0,0,0,0.0268775652865169,0,3.02826296874792e-05,0,0,0,0,0,0,0,0,0,0,0,0,0,0,0,0,0,0,0,0,0,0,0,0,0.0214034125645527,0,0.131563171750331,0.0170186207064979,0.00281329463479347,0,0.00235452201764596,8.74835976276612e-06,0.000866330332002304,0.000460205425450193,0,0,0
0,0,0,0,0,0,0,0,0,0,0,0,0,0,0,0,0,0,0,0,0,0,0,0,0,0,0,0,0,0,0,0.00179103279641716,0,0.062012278732416,0,0,0.00502019415919174,0,0.00574446470775317,0,0,0,0,0,0,0,0,0.0758279744082979,0,0.000142734647824976,0,0,0,0,0,0,0,0,0,0,0,0,0,0,0,0,0,0,0,0,0,0,0,0,0.00076928011826192,0.00011498450942784,0.056194753228553,0.196564898031822,0,0.0013430321267455,0,0.00161877424474864,0.000401941575596177,2.34364441389286e-06,0,0,0
0,0.000156368334683136,6.52137044462875e-06,0.000136918871904205,0,5.36833823441417e-06,0,6.85803062188699e-06,0,0,0,0.00269105941752087,0,0,0,0,2.16109050006743e-05,3.95809007068818e-05,0.00120237595772505,0.00850464915217309,0,0,0,0,0,0,0,0,0,0,0,0.00425111085683571,0.000166763619723202,0.0151180315507036,0,0,0.00520772518415613,0.0207654309058062,0,0.000222556051417498,8.72084504481498e-06,0.000338462616860213,0,3.77291889507302e-05,0,0.000977291156426801,0,0.000895660124463337,0,0.000413640467778558,0,6.37820599304396e-05,0,0,0,0,0,0.000493151365356369,0,1.18436315409078e-06,0,0,0.0117925291802569,8.62384964958661e-06,0,0,0,0,0,0,1.02173823132794e-05,0,1.54466477020994e-05,0,0.00152578228940266,8.9612086559502e-06,0.00760414414997999,2.33207777905828e-06,0.0834928307000422,0.00125989543833262,0.00381484694651948,8.37109444215001e-07,0.00633163961925061,4.63812599404641e-05,0.00161006046659579,0.000252834929287565,0
2.69518763649081e-05,0,0.000710797547480537,0,7.05913374303207e-05,0,0,0,0,0,0.000667647619148263,0,0,0,0,0,0,2.14234666546731e-05,0.000511122701126032,0,0.0100791349555587,0,0,0,1.19470438650167e-05,0,0,0,0,0,0,3.27722879141738e-05,0.00249274116886549,6.76559709097413e-05,0.00502019415919174,0.00520772518415613,0,7.40477651436704e-05,0.0130078334990874,0,5.79562694428063e-05,0,0.000467222484632065,0,1.6244138460184e-06,2.93646723174021e-05,0.00145047974623029,0.00146904813787739,0.000219139041674873,8.94823685062759e-06,3.95751288336076e-06,0,0,0,0,0,0.000273456686701114,0,2.13209399874885e-06,0,0,0,1.18733521957464e-05,0.0080645251154688,0,0,0,0,0,0,0,0,0,0,0.000243557208037965,0.00438019998459222,0.000288876643571801,0.0031957484341663,0.000692533991684755,0.0904562094778609,0,0.00216159307176073,0.0104402273827678,0.000138592045398786,0.00163048888206683,0,6.7200554435043e-05
0,0,0,0,0,0,0,0,0,0.000161807914195479,0,0.0144345203997935,0,0,0,0,0,0,1.2497834977573e-05,0.00183048239545939,0,0.0110119971732979,5.97737325272484e-05,0.0111289133720222,0,0,0,0.000357205505189358,0,0.000144974839213054,0,0,0,0.00304502978180699,0,0.0207654309058062,7.40477651436704e-05,0,0.00396413732172452,0,0,0,0,0,0,0,0,0.000245516445180558,0,0.00271758362723737,0,0,0,0,0,0.00101235034239355,0,0.0119478867851731,0,0,0,0,0.00142963469875671,0,0.00690029373104122,0,0.0055697672757206,0,0,0,0.000177720568951111,0,0.00052939884629043,0,0,0,0.00298020915773915,1.84547628743196e-05,0.00904349765350542,0,0.105398913941376,5.61384583710798e-05,0.00442822965139277,0.000570233554225071,0.00169985769450816,0,0
0,0,0,0,0,0,0,0,0.000582016915612791,0,0.00188250630008559,0,0,0,0,0,0,0,0,0,0.000107954419658404,0.00060850836274404,0.00868940517858861,0,0.00468674518944533,0,0,0,0.000586545315701095,0,0.00069355120164574,0,0,0,0.00574446470775317,0,0.0130078334990874,0.00396413732172452,0,0,0,0,0.000103125405141713,0,0,0,0,0.000600234875350169,0.000983206280406874,0,0,0,0,0,0.00501966030080906,0,0.0020561050091845,0,0,0,0,0,0,5.40915316210311e-05,6.94538564625929e-05,0.000794215463957702,0,0.00183483771611424,0,0,0,0.00083497707128521,0,2.62542271874533e-05,0,0,8.58493064343031e-05,0.00322548937185539,0,0.00313573647240305,0.00133311885262012,0.0807016682258272,0.00384512823628406,8.02359067247767e-05,0.00246844690014965,0,0
0,0.000817197659124061,0,0.000116617836403337,0,1.75803962659815e-05,0,0,0,0,0,0,0,0,0,0,0.000199285805571733,0.000226094023724212,0.0118863677846905,0,0,0,0,0,0,0,0,0,0,0,0,0.00187259429217834,0,0,0,0.000222556051417498,0,0,0,0,0.000196488135729686,0.0503416577195319,2.91882439378945e-05,0.00354445553038762,0,0.00382192173284519,0.000104498232509059,0.0470246477329867,0.0112639274037611,0.184993963121006,0,2.79145592124808e-05,0,0,0,0,0,0.000192940678718864,0,0,0,1.38989608821205e-05,0.00511887478999341,0,0,0,0,0,0,0,0,0,0,0,0,0,0,0,0.00376792068356837,6.75603242512774e-05,8.69034474718571e-06,0,0.000223357091449483,7.01180890556738e-06,0.0177297233180496,0.016022509571493,1.6907973223363e-05
0.00176071496724119,0,0.00141131800510526,0.000242509242729609,0,0,0,0,0,0,0,0,0,0,0,0,0.00111638260388123,0.000835899638011119,0.0315066079142514,0,0,0,0,0,0,7.41151539668285e-05,0,0,0,0,0,0,0.000206555130498205,0,0,8.72084504481498e-06,5.79562694428063e-05,0,0,0.000196488135729686,0,7.40125642831675e-05,0.062818744806096,0,0.00736750930798912,0.000997273584737575,0.00519517415129544,0.00520939762159269,0.0332736664456668,0.00224024766893932,0,0,0,0,0,0,6.94902057919802e-05,0,0,0,0,0,0.000121492782461241,0.00497913439388566,0,0,0,0,0,0,0,0,0,0,0,0.000844031241521593,0,0,0.000156929646992712,0.00267727887270203,0,0,0.00144999056856219,2.22643911143213e-05,0.0144342657957046,0,0.012381669085485
1.50179111602864e-05,0.0366565769946443,0.0005352705432047,0.00390285109961489,0.000206550627017276,0.000465011294655865,0,0,2.77034301359618e-05,0.00213154741787133,0,0,0,0,0,0.000348512371934752,0.000158248404154039,0.000343038279531682,0.023123665266544,2.39758270064366e-05,0,0,0,0,0,0,0,0,0,0,0,0,0,0,0,0.000338462616860213,0,0,0,0.0503416577195319,7.40125642831675e-05,0,0.00509110206505441,0.00355965228761071,9.99183578058677e-06,0.0272090229936454,0.000103355592811668,0.00597595001602548,0.000811725196659988,0.0357693042545145,1.46514539292914e-05,0.000206893143502656,0,0,0,0.00167412015043286,0,0.034857974489522,0,0.00379587855544411,0,0.00796343868257133,0.0105787149920537,5.80498861268543e-05,0,0,1.2269259520734e-05,0,0,0,0.000265817522752049,0,0.00549561624364011,0,0,0,0,0,0.00825407611233601,6.18956269008489e-05,0.000353007012554112,0,0.00889158543409425,3.87224812821972e-05,0.0869106098117053,0.0494094842763279,1.86229701700549e-05
0.0180146402314432,0.000254691203761363,0.0105566886906846,0.000221603136678593,0.00216526295202625,7.51557564180759e-06,0,0,0.000985920957640354,3.942717088221e-05,0,0,0,0,0.000129117689828716,0,0.000236357745586187,0.000204140770804244,0.0121255558261523,0,7.72572638498611e-06,0,0,0,0,0,0,0,0,0,0,0,0,0,0,0,0.000467222484632065,0,0.000103125405141713,2.91882439378945e-05,0.062818744806096,0.00509110206505441,0,1.53067199010171e-05,0.00297550939784146,0.000136278444502236,0.00649813820211104,0.00313468264046382,0.0284382543404245,0.000781804744108971,0.000331781482662716,0,0,0,6.17196086406048e-05,4.02414991111147e-05,0.0127340326687408,5.52216742547647e-06,0.00270842788496963,0,0.00907648235108633,0,2.17877419667005e-05,0.0171167729740951,0,0,0,0,0,0,0,0,0,0,0,0,0,0,4.54318633084969e-05,0.00770188296183727,0,0,0.00864842670179843,1.88115052574626e-05,0.109922520934389,1.19402182196652e-05,0.0813153456068319
0,0,0,0,0,0,0,0,0,0,0,0,0,0,0,0,0,2.94888746365727e-05,0.00397240933571797,0,0,0,0,0,0,0,0,0,0,0,0,0,0,0,0,3.77291889507302e-05,0,0,0,0.00354445553038762,0,0.00355965228761071,1.53067199010171e-05,0,0,0.00261031668463273,0,0,0,4.51660695563977e-05,0,0,0,0,0,0,0,0.00032003152488816,0,0,0,2.89632989823765e-05,0.00124058800128917,0.000348233592838497,0,0,0,0,0,0,0,0,0,0,0,0,0,0,0.000336961413744426,0,0,0,0.000392959033333099,0,0.00106023517682772,0.00447443993919105,0
0,0,0,0,0,0,0,0,0,3.84792094078558e-05,0,0,0,0,0,0,7.44161946050234e-05,0,0.000453320489501447,0,0,0,0,0,0,0,0,0,0,0,0,0,0,0,0,0,1.6244138460184e-06,0,0,0,0.00736750930798912,9.99183578058677e-06,0.00297550939784146,0,0,0,0.0019686594915164,0,0.000119576504059958,0.000164245983172048,0,0,0,0,0,0,0,0,0,0,0,0,0,0.00402037202652506,0,0,0,0,0,0,0,0,0,0,0,0,0,0,1.09483200996699e-05,0.000294044018751835,0,0,0.000147580154887114,0,0.000555742894264961,0.000105524776743355,0.000171510032771025
2.53029078027508e-05,0.00010206428582131,0,0.00179858580151652,0,5.50039052894157e-05,0,0,0,0,0,7.99800631360367e-06,0,0,0,0,0.000669908348268656,0.000890147439203907,0.0185573885387034,0.000155701338871264,0,0,0,1.1499726083327e-05,0,3.13570922413188e-05,0.000190245846429138,0,0,0,0,0,0,0,0,0.000977291156426801,2.93646723174021e-05,0,0,0.00382192173284519,0.000997273584737575,0.0272090229936454,0.000136278444502236,0.00261031668463273,0,0,0.000520391715193854,0,9.07374470837229e-06,0.00036094367673955,0,2.03307372318785e-05,0,0,0,0,0,0.00628138284023163,0,1.93505970474718e-05,0,0,0.0771084007746158,0.000772642256067357,2.58701562725928e-05,0,0,0,0,0,4.71367730541389e-05,0,0.00161601196234156,0,0,0,0,0,0.00598129224509051,0.000234260388500556,0.00299260954390878,0,0.000624029401477469,1.28964657769666e-05,0.0136369631749166,0.000580980260314871,0
1.65107065259813e-05,4.26625781010624e-05,5.77359650214075e-05,4.16700065255254e-05,0,0,0,0,0,1.21489220966206e-05,0,0,0,0,0,0,0.000159998790417686,8.20029441673099e-05,0.00375027832992123,0,0,0,0,0,0,0,4.1952278205107e-05,0,0,0,0,0,0,0,0,0,0.00145047974623029,0,0,0.000104498232509059,0.00519517415129544,0.000103355592811668,0.00649813820211104,0,0.0019686594915164,0.000520391715193854,0,0,0.000170729252994087,0,0,0,0,0,0,0,3.64610797699155e-05,0,0,0,0,0,2.55277348347226e-05,0.0708716789048781,0,0,0,0,0,0,0,0,0,0,0,0,0,0,5.11677346481302e-05,0.00844006621803849,0,0,0.00021438955620542,2.28361656028925e-05,0.00739367238878135,5.12947394871706e-05,0.000251715070253487
0,0,0.000143165427615936,0,0,0,0,0,0,0,0,0,0,0,0,0,0,0,4.51935680124476e-05,0,0,0,0,0,0,0,0,0,0,0,0,0.026795002687531,0.0637211934289276,0.0268775652865169,0.0758279744082979,0.000895660124463337,0.00146904813787739,0.000245516445180558,0.000600234875350169,0.0470246477329867,0.00520939762159269,0.00597595001602548,0.00313468264046382,0,0,0,0,0,0.0941767199010674,0.1125275786795,4.21176194026398e-05,0,0,0,0,0,6.17910536511679e-06,0,0,0,0,0,0,0,0,0,0,0,0,0,0,0,0,0,0.00974351532158848,0.0196439015761632,0.0117907181018251,0.00649830615732471,0.00738997325039605,0.0104675504055752,0.000316787724585349,0.000631573777638791,0.00983190260104598,1.2208225231219e-05,0.019986577031487,0,9.1676623503365e-05
0.0111272262238897,0,0.0121162249940603,2.89446329376792e-05,0.000317536599822005,0,0,0,0.00969339492635995,2.13065783279337e-05,0,0,0,0,0,0,1.04307211241543e-05,0,0.000412982508686145,0,0,0,0.000511568934898371,0,0.00984377517216742,0,0,0,0,0,0,0,0.000591204989530854,0,0,0,0.000219139041674873,0,0.000983206280406874,0.0112639274037611,0.0332736664456668,0.000811725196659988,0.0284382543404245,0,0.000119576504059958,9.07374470837229e-06,0.000170729252994087,0.0941767199010674,0,0.109857416831872,0.000323283760046899,0,0,0,0.00184994300110657,0,0.00139744201392976,0,0.0072219744440008,0,0.0147097024287145,0,0,6.33931355720976e-05,0,1.62315167318419e-05,0,0.0148410840377282,0,0.000291262923213342,0,0.00126884223143103,1.63221046112505e-05,0.00250088437700271,0,0.00310523258804301,0,0,0,0.00694479203248486,0,0.0044114205668775,0.00368528249129099,0,0.0490027661576714,0,0.0167011811271039
4.66228020039217e-05,0.0169614357930801,0.000139433435221861,0.0159849250008126,0,0.000464452407254899,0,0,0,0.00372285700448722,0,0,0,0,0,0.00123205185740292,0,0,0.000182592191693511,0.000243735753704098,0,0.000244686756447521,0,0.0113703108697056,0,0,0,0,0,0,0,0.00159472798478482,0,3.02826296874792e-05,0.000142734647824976,0.000413640467778558,8.94823685062759e-06,0.00271758362723737,0,0.184993963121006,0.00224024766893932,0.0357693042545145,0.000781804744108971,4.51660695563977e-05,0.000164245983172048,0.00036094367673955,0,0.1125275786795,0.109857416831872,0,0,0.000239829805571562,0,0,0,0.00296021061461591,0,0.00823662408873089,0,1.14713715096516e-05,0,0.00870308643488268,0.000504929214119542,1.76411336106795e-05,0.000785105443182074,0,0.0120145684568091,0,0.00570339588636624,0,0.00149520670284071,0,0.0076993478089012,0,0.00184234778569842,0.000121524894152606,0.000828749706716907,0,0.016092065127302,1.47913718301915e-06,0.00828399762571997,0,0.00371808548250617,0,0.0516756817202164,0.00871120736902987,2.57909304788961e-05
0,0,0.03330260893142,0,0.0083123970219788,0,0,0,5.91713419252282e-05,0,0,0,0,0,4.0178703725345e-05,0,0,0,7.03542473036965e-06,0,0.00523893553240628,0,0,0,0,0,0,0,0,0,0,0,0,0,0,0,3.95751288336076e-06,0,0,0,0,1.46514539292914e-05,0.000331781482662716,0,0,0,0,4.21176194026398e-05,0.000323283760046899,0,0,0,0,0,0,0,0.0148679201351004,0,0.0151898320470114,0,0.00117868639211336,0,0,0.0019343638301818,0,0,0,0,0,0,0,0,0,0,0,0,0,0,0,5.40928723848269e-06,0,0,0.000955969570254294,1.03353054679028e-05,0.00408045969829659,0,0
0,0,0,0.0498998465585,0,0.0447616714329241,0,0.0087968504897422,0,0.00012117037031266,0,0.000515731323776092,0,0,0,0,8.0704418466921e-06,0,7.47665299524226e-05,0,0,0,0,0,0,0,0,0,0,0,0,0,0,0,0,6.37820599304396e-05,0,0,0,2.79145592124808e-05,0,0.000206893143502656,0,0,0,2.03307372318785e-05,0,0,0,0.000239829805571562,0,0,0,0.0061650669719858,0,0,0,0.0152303196855575,0,0.00644578760910664,0,0.0014959700440281,2.1089951330296e-05,0,0,0,0,0,0,0,0,0,0,0,0,0,0,0,2.5908127519114e-06,0,0,0,0.000329402265300718,0.000434171889962491,0.00240779171141231,0,0
0,0,0,0,0,0,0.0227644942804135,0,0,0,0.00146735555396636,0,0,0,0,0,0,0,0,0,0,0,0,0,0,0,0,0,0,0,0,0,0,0,0,0,0,0,0,0,0,0,0,0,0,0,0,0,0,0,0,0,0,0,0,0,0.0111698435622297,0,0,0,0,0,0,0,0,0,0,0,0,0,0,0,0,0,0,0,0,0,0,0,0,0,5.90082180476964e-05,0,0,0,0
0,0,0,0,0,0.0115202221142695,0,0.0539221016059139,0,0,0,0,0,0,0,0,0,0,0,0,0,0,0,0,0,0,0,0,0,0,0,0,0,0,0,0,0,0,0,0,0,0,0,0,0,0,0,0,0,0,0,0.0061650669719858,0,0,0,0,0,0.00564296735040668,0,0,0,0,0,0,0,0,0,0,0,0,0,0,0,0,0,0,0,0,0,0,0,0,0,0,0,0,0
0.0216616221898053,0,0.034792223206674,0,0.00142687308149519,0,0,0,0.0573556550482557,0,0,0,0,0,0.00391517401810549,0,0,0,0,0,0,0,0,0,0.00108253612704693,0,0.00219188961666475,0,0,0,0,0,0,0,0,0,0,0,0.00501966030080906,0,0,0,6.17196086406048e-05,0,0,0,0,0,0.00184994300110657,0,0,0,0,0,0,0,0,0,0,0,0.048077649406929,0,0,0,0,0,0,0.0188151703002399,0,0.00689066973350405,0,0,0,0,0,0,0,0,0,0,0,0.0027200111608481,0.000659859811058515,9.06845564957692e-06,0.00105667707136761,0,0
0,0.071712893964568,0,0.0278929398270723,0,0,0,0,0,0.0700797289195347,0,0,0,0,0,0.0145625720174649,0,0,0,0,0,0,0,0.00218082064916723,0,0,0,0,0,0,0,0,0,0,0,0,0,0.00101235034239355,0,0,0,0.00167412015043286,4.02414991111147e-05,0,0,0,0,0,0,0.00296021061461591,0,0,0,0,0,0,0,0,0,0,0,0.0273103780281734,0,0,0,0,0.0767918962111488,0,0.00047832850338864,0,0,0,0,0,0,0,0,0,0,0,0.000904228569113607,0,3.31711897864795e-05,0,0.00412550623139679,0,0
0.000336343022803623,0,9.15239621679404e-05,0,0.000482035586544362,0,0.00173823211988429,0,0,0,0.0574778444497722,0,0,0,0,0,3.79843736777888e-06,0,3.09457356989214e-05,0,0.00979067590842368,0,0,0,0,0,0,0,0,0,0,0,0,0,0,0,0.000273456686701114,0,0.0020561050091845,0,6.94902057919802e-05,0,0.0127340326687408,0,0,0,3.64610797699155e-05,6.17910536511679e-06,0.00139744201392976,0,0.0148679201351004,0,0.0111698435622297,0,0,0,0,0,0.00612960107021274,0,0.00121007560351865,0,0,0.00852348199972666,0,0,0,0,0,0,0,0,0,0.0142796736364635,0,0,0,0,0,0.000304434132130668,0,0.000143553730685692,0.00165913466881636,0.000440757651184049,0.0195833247661768,0,0.00338716581286336
0,0.00171901980903477,0,0.00345448031991206,0,1.29527595895025e-05,0,0.00175199163592184,0,0.000190811656595847,0,0.112883691423605,0,5.32895975488834e-05,0,8.17134067149838e-05,1.38507531763989e-05,1.48017970336107e-05,0.00259603462307916,0.00083860332404158,0,0,0,2.05512712997109e-05,0,0,0,0,0,0.000501430851728848,0,0,0,0,0,0.000493151365356369,0,0.0119478867851731,0,0.000192940678718864,0,0.034857974489522,5.52216742547647e-06,0.00032003152488816,0,0.00628138284023163,0,0,0,0.00823662408873089,0,0.0152303196855575,0,0.00564296735040668,0,0,0,0,0,0.0115690072248779,0,0.00234339273703143,0.0361183785143785,0,3.89127196458671e-06,0,1.88573682978824e-05,0,0.00056824341306579,0,0.00808649054790118,0,0.0143696859403178,0,0,0,0,0,0.00127289793052688,1.08772490865861e-06,0.0001463302256201,0,0.00251358375582738,2.99332886837361e-05,0.0198114918779129,0.00670699671278701,0
0.000571131154305843,0,0.0047800478897771,0,0,0,0.000576692151339723,0,0,0,0.00149824479932599,0,0.00971777504796483,0,0.00293448584011113,0,0,0,1.69135108013748e-05,0,0,0,0,0,0,0,0,0,0,0,0,0,0,0,0,0,2.13209399874885e-06,0,0,0,0,0,0.00270842788496963,0,0,0,0,0,0.0072219744440008,0,0.0151898320470114,0,0,0,0,0,0.00612960107021274,0,0,0,0.00572399397238042,0,0,5.29762540877053e-06,0,0,0,0,0,0,0,0.00124786368702393,0,0,0,0,0,0,0,1.88368964791903e-05,0,0,0.000341985181272387,1.07733367258334e-05,0.00222599152392023,0,0.000342675016499254
0,0.00179522706224549,0,0.000109464342341309,0,0.0011271173909477,0,0.000520072092108463,0,0,0,0.0599584415909307,0,0.0590347531869258,0,0.000729849074874399,0,0,0,0,0,0,0,0,0,0,0,0,0,0,0,0,0,0,0,1.18436315409078e-06,0,0,0,0,0,0.00379587855544411,0,0,0,1.93505970474718e-05,0,0,0,1.14713715096516e-05,0,0.00644578760910664,0,0,0,0,0,0.0115690072248779,0,0,0,0.0216369331675326,3.71373829850029e-06,0,0,0,0.000123287137562546,0,0.000237267796152101,0,0.00143771109557497,0,0,0,0,0,0,0,0,0,0,0,6.49967110233543e-05,0.000831925596131246,0.00124661919026634,9.13949294579952e-05,0
0.0127229121265687,0,0.0417047366944367,0,0.00132546101057747,0,0,0,0.0180301595578109,0,0,0,0.0043576246562459,0,0.00735520576022162,0,6.99042874064611e-05,0,1.81024549674787e-05,0,0,0,0,0,0,0,0,0,0,0,0,0,0,0,0,0,0,0,0,0,0,0,0.00907648235108633,0,0,0,0,0,0.0147097024287145,0,0.00117868639211336,0,0,0,0.048077649406929,0,0.00121007560351865,0,0.00572399397238042,0,0,0,0,0,0,0,0,0,0,0,0,0,0,0,0,0,0,0,0,1.17118617594221e-05,0,0,0.000767764418256063,0,0.00225719804631252,0,0.00138197517136019
0,0.0296773314222964,0,0.0230296003565357,0,0.00233233989036382,0,0,0,0.0131660883335967,0,0,0,7.45993174351762e-05,0,0.0150272141730981,0,0,8.85705993678527e-06,0,0,0,0,0.000354875975377674,0,0,0,0.000195013675380753,0,0,0,0,0,0,0,0,0,0,0,1.38989608821205e-05,0,0.00796343868257133,0,2.89632989823765e-05,0,0,0,0,0,0.00870308643488268,0,0.0014959700440281,0,0,0,0.0273103780281734,0,0.00234339273703143,0,0.0216369331675326,0,0,0,0,0,0,0.00517881256656172,0,0.000240785051656745,0,0,0,0,0,0,0,0,0,7.33661841076727e-06,0,0,0,0.000736119658014282,6.19220254044465e-05,0.00305686035169278,0,0
1.64385725308089e-05,0.000550017269565251,0,0.00383726440737025,0,0,0,0,0,7.44456685315383e-06,0,0.00118510017947317,0,0,0,0,0.000328633884883726,0.000110547013177687,0.00795086205746611,0.143132424894286,0,0,0,0,0,0,0,0,0,0,0,0,0,0,0,0.0117925291802569,1.18733521957464e-05,0.00142963469875671,0,0.00511887478999341,0.000121492782461241,0.0105787149920537,2.17877419667005e-05,0.00124058800128917,0,0.0771084007746158,2.55277348347226e-05,0,0,0.000504929214119542,0,2.1089951330296e-05,0,0,0,0,0,0.0361183785143785,0,3.71373829850029e-06,0,0,0,0.000268211319959059,0,0,0,0,0,0,6.5241584719471e-05,0,0.00788074964448976,0,0,0,0,0,0.0111369025965409,6.43754280528056e-05,0.00277721634501013,0,0.00129936943809128,0,0.0229036782342524,0.00110833997538778,0
0,0.00016259141945261,0.000313171280511576,1.1837808884949e-05,9.37008040538746e-05,0,0,0,0,0,0.000871089540430279,0,0,0,0,0,0.000375576923999088,0.000880897575609547,0.0120893341440895,0,0.0474736474248538,0,0,0,6.9449411962636e-05,6.29998888748277e-05,0.000104162120230159,0,0,0,0,0,0,0,0,8.62384964958661e-06,0.0080645251154688,0,5.40915316210311e-05,0,0.00497913439388566,5.80498861268543e-05,0.0171167729740951,0.000348233592838497,0.00402037202652506,0.000772642256067357,0.0708716789048781,0,6.33931355720976e-05,1.76411336106795e-05,0.0019343638301818,0,0,0,0,0,0.00852348199972666,0,5.29762540877053e-06,0,0,0,0.000268211319959059,0,0,0,0,0,7.9139416080929e-05,0,0,0,0,0,0,0,0,0,0.000220443546848416,0.00878059313708681,0,0,0.0010534029928103,1.28158566036819e-06,0.041773339737238,0,0.000261105386335733
0,0,0,0,0,0,0,0,0,0,0,0,0,0,0,0,0.000237152647434753,0.000672580310993444,2.64848216661603e-05,0,0,0.0842879296848328,0.00030952345329383,0.000939339337112881,0,2.4400810774921e-05,0.000102272174104212,0.000308421444306529,0,0,0,0,0,0,0,0,0,0.00690029373104122,6.94538564625929e-05,0,0,0,0,0,0,2.58701562725928e-05,0,0,0,0.000785105443182074,0,0,0,0,0,0,0,3.89127196458671e-06,0,0,0,0,0,0,0,0.000629592726221504,0.00276783294339736,0,0.000690456930015138,0,0.00339882143059806,0,0,0,0,0,0,0,1.54433119557704e-06,1.27666686282166e-06,0.00683167371259412,0,0.0014154866275878,1.70317033844773e-06,9.64479565923837e-05,0,0
0,0,0,0,0,0,0,0,0,0,0,0,0,0,0,0,0.000409234125815606,2.94265482498784e-06,5.38245014976122e-05,0,0,0,0.0786148865162691,0,0.00188188251761602,0,0.00525062270800939,0,0.00215819118919476,0,0,0,0,0,0,0,0,0,0.000794215463957702,0,0,0,0,0,0,0,0,0,1.62315167318419e-05,0,0,0,0,0,0,0,0,0,0,0,0,0,0,0,0.000629592726221504,0,0,0.0118083527882105,0,0.000610794643069389,0,0.000726161781811543,0,0,0,0,0,0,0,0,0,0.00387041460445783,0.000307077766625131,0,0,0,0
0,0,0,0,0,0,0,0,0,0.00106885144046612,0,0,0,0,0,0.00190964772047447,0.000405495569962189,0.00395880960902375,0.000136573482216051,0,0,0.00265217502107179,0,0.0462238184138707,0,0.0122441899481638,5.8394314468079e-05,0,0,0,0,0,0,0,0,0,0,0.0055697672757206,0,0,0,1.2269259520734e-05,0,0,0,0,0,0,0,0.0120145684568091,0,0,0,0,0,0.0767918962111488,0,1.88573682978824e-05,0,0.000123287137562546,0,0.00517881256656172,0,0,0.00276783294339736,0,0,0,0.0450176955313951,0,0.00655187481902183,0,0,0,0,0,0,0,1.94105430726679e-06,0,0.00846972194815178,0,0.000398644128317399,0,0.00840792822191864,0,0
