0,0,11.8426370799541,0,28.5855142419988,0,0,0,6.73276703271739,0,0,0,0,0,20.1193574269613,0,9.03291416168213,0,12.6511924531725,0,0,0,0,0,5.65089653667651,0,0,0,0,0,0,0,0,0,0,0,45.5092709859212,0,15.5796935645333,0,35.8160459518433,0,31.9383178075155,0,0,0,18.3778904836202,25.6502990722656,10.0647624200802,0,27.8337306976318,0,0,0,6.36593745192703,0,0,0,0,0,17.2022119952786,0,0,32.4534319950984,0,0,0,7.56633561601929,0,0,0,0,0,26.1776561737061,0,0,0,0,0,42.8791741958031,0,36.8625361124674,11.0560968154953,28.6691098213196,10.6593077666276,0,0
0,0,0,6.81911148081769,0,33.0235107739766,0,0,0,10.6157768971821,0,0,0,0,0,18.4866371154785,94.3954925537109,48.7516085306803,32.4732279926538,33.6256484985352,0,0,0,0,0,0,0,0,0,0,0,0,0,0,0,64.8085346221924,0,24.0680541197459,0,35.5284830910819,0,26.3617973758356,0,15.0512959816877,0,19.1605572888232,0,27.7597351074219,0,22.162343920007,0,17.9214000701904,0,0,0,4.66818202991743,0,20.6004277696001,0,9.81364832426372,0,8.0080486706325,32.8946865826118,0,0,0,8.13534760475159,0,0,0,27.4667711893717,0,28.5576668950438,0,0,0,0,0,37.8155534798758,0,28.9034416028696,0,18.5151921301063,0,18.7744203417489,55.5215263366699,0
11.8426370799541,0,0,0,15.1216878421971,0,0,0,12.0163699598873,0,0,0,0,0,8.9531954129537,0,0,0,65.6959609985352,0,32.569522857666,0,0,0,22.6700973510742,0,0,0,0,0,0,0,0,0,0,0,25.5476933288574,0,30.582498550415,0,0,0,34.8662491812222,0,27.1575927734375,0,15.0613346493121,0,5.59160672716734,0,15.1331249150363,0,0,0,18.7128794533866,0,12.0608351826668,0,5.63109068248583,0,6.32546432694392,0,0,42.039176940918,0,0,0,25.3867903257671,0,0,0,31.6802795955113,0,29.9089006277231,0,0,0,0,0,21.341517051061,0,42.1745783487956,11.1615641253335,0,18.0837170166518,0,0
0,6.81911148081769,0,0,0,15.8713966536317,0,0,0,4.72476844560532,0,6.01451969146729,0,0,0,0,55.6538047790527,0,62.4432582855225,0,0,0,0,0,0,0,0,0,0,0,0,0,0,0,0,20.3070779527937,0,0,0,45.9160035451253,0,37.5552941322327,0,23.6807840892247,0,14.6225186353442,39.6088333129883,0,0,8.53849523786515,0,12.2150681496818,0,0,0,6.62351536750793,0,10.4156883430481,0,7.62765320864591,0,4.6363540570609,38.5620994567871,0,0,0,0,0,0,0,34.1628789901733,0,34.5608413959372,0,0,0,0,0,39.4877307598407,0,40.6681229086483,0,19.737035446626,9.61964738368988,20.7737203361456,0,0
28.5855142419988,0,15.1216878421971,0,0,0,0,0,5.59374992738811,0,0,0,5.48688352108002,0,5.54753997277019,0,0,0,0,0,0,0,0,0,0,0,0,0,0,0,0,0,0,0,0,0,7.9402182332931,0,0,0,0,0,44.4540704999651,0,0,0,33.3697314792209,0,20.7616585681313,0,4.3977832001223,0,6.31104896217585,0,5.50433604717255,0,11.899254904853,0,8.23128537764059,0,5.79154130833297,0,0,0,0,0,0,39.1362937927246,0,0,0,42.3011627197266,0,45.6371182032994,0,0,0,0,0,7.97482363382975,0,0,4.18652693844504,0,19.5454001276117,0,0
0,33.0235107739766,0,15.8713966536317,0,0,0,4.61005761546473,0,6.11576555441711,0,0,0,4.32279187440872,0,6.1115452946469,0,76.3672180175781,93.5374374389648,0,0,95.6311569213867,0,0,0,0,0,0,0,0,0,0,0,0,0,8.34921017852989,0,52.8111915588379,0,73.7340558369954,0,55.9453586362443,0,42.180269241333,0,42.2075107097626,0,0,0,41.1719463348389,0,4.5799595952034,0,5.05985719974224,0,0,0,16.6295667959719,0,4.63021018715102,0,8.21319832240834,22.5946818987528,0,0,0,0,0,0,0,46.1376469930013,0,48.1395362854004,0,0,0,0,0,18.2038189027368,0,54.8122814723424,0,10.5932965273454,5.75937641294379,21.0976124024062,71.2089958190918,0
0,0,0,0,0,0,0,0,0,0,4.22273778915405,0,3.59496002930861,0,0,0,0,0,0,0,0,0,0,0,0,0,0,0,0,0,0,0,0,0,0,0,0,0,0,0,0,0,0,0,0,0,0,0,0,0,4.82599573135376,0,4.75111126228118,0,0,0,10.1398460539427,0,8.40001202451772,0,0,0,0,17.7956126254538,0,0,0,0,0,0,0,0,0,0,0,0,0,0,0,0,0,0,3.22223667272433,0,0,0,0
0,0,0,0,0,4.61005761546473,0,0,0,0,0,3.21334463357925,0,3.24916391218862,0,0,0,0,0,0,0,0,0,0,0,0,0,0,0,0,0,0,0,0,0,3.11211266416184,0,0,0,0,0,0,0,0,0,0,0,0,0,0,0,3.89116625558762,0,3.96631072574836,0,0,0,4.17776198461266,0,4.33408901488803,0,0,0,0,0,0,0,0,0,0,0,0,0,0,0,0,0,0,9.27143149626882,0,0,0,3.89364214596294,0,0,0,0
6.73276703271739,0,12.0163699598873,0,5.59374992738811,0,0,0,0,0,0,0,0,0,3.57453049360401,0,4.49731486356711,0,0,0,0,0,0,0,4.10733131197996,0,2.75083780288696,0,0,0,0,0,0,0,0,0,52.7308489481608,0,10.5468603311959,0,0,34.1915626525879,18.8009338714707,0,0,0,31.0095829963684,25.1600894927979,10.1407461114552,0,6.58487592725193,0,0,0,6.86879143867403,0,19.0115966796875,0,0,0,4.36188480887615,0,0,38.0151551564535,0,0,0,6.53834827228259,0,0,0,26.5557049342564,0,22.2042464101037,0,0,0,0,0,37.9340167045593,0,26.4796389579773,5.90234870687584,12.16351801157,11.5236012735099,0,9.56408023834229
0,10.6157768971821,0,4.72476844560532,0,6.11576555441711,0,0,0,0,0,0,0,0,0,3.90296566800067,0,0,45.9347534179688,0,0,0,0,3.58022451400757,0,0,0,0,0,0,0,0,0,0,0,11.0095853805542,0,5.43686362944151,0,0,0,18.557832058345,0,28.8533391952515,0,43.4584037780762,0,0,0,19.8366539269163,0,6.85148315770285,0,0,0,6.5014078364965,0,17.0943922609896,0,19.8429442319003,0,6.29897337489658,0,0,0,0,12.9718139739264,0,0,0,19.3271973209996,0,17.9950542449951,0,0,0,0,0,0,0,7.92787220866181,0,6.66600372346781,4.14971750432795,20.8829460338105,0,0
0,0,0,0,0,0,4.22273778915405,0,0,0,0,0,4.32164491877031,0,0,0,0,0,0,0,3.25748492689694,0,0,0,0,0,0,0,0,0,7.30042775288782,0,0,0,0,0,3.57716640142294,0,3.60429793158493,0,0,0,0,0,0,0,0,0,0,0,0,0,0,0,0,0,6.67517763411742,0,7.57418490627191,0,0,0,0,3.3851330280304,0,0,0,0,0,0,0,0,0,10.8458587565919,0,0,0,0,0,6.98397736936002,0,3.47795760631561,4.82288633356031,2.94915223121643,0,0,0
0,0,0,6.01451969146729,0,0,0,3.21334463357925,0,0,0,0,0,6.52449971411873,0,0,0,0,0,3.17604127570764,0,0,0,0,0,0,0,3.21336386552671,0,3.74064771831036,0,0,0,0,0,3.9222400349342,0,3.60744924150455,0,0,0,0,0,0,0,0,0,0,0,0,0,0,0,0,0,0,0,7.34540849708797,0,4.25345855492812,0,0,12.3691877296993,0,0,0,0,0,0,0,3.06367483139038,0,5.72577800174228,0,0,0,0,0,10.1286336585046,0,3.81509443508681,0,8.25988044303197,7.27334631919861,4.8880649173961,0,0
0,0,0,0,5.48688352108002,0,3.59496002930861,0,0,0,4.32164491877031,0,0,0,4.24545313160995,0,0,0,0,0,0,0,0,0,0,0,0,0,3.09046252071857,0,0,0,0,0,0,0,0,0,0,0,0,0,0,0,0,0,0,0,0,0,0,0,0,0,0,0,3.06483161449432,0,4.64536518520779,0,4.12792628431973,0,0,0,0,0,0,0,0,0,0,3.20778361650614,0,0,0,0,0,0,0,0,0,0,3.90486600524501,0,0,0,0
0,0,0,0,0,4.32279187440872,0,3.24916391218862,0,0,0,6.52449971411873,0,0,0,3.73619155029752,0,0,0,0,0,0,0,0,0,0,0,2.95016241073608,0,3.06626617908478,0,0,0,0,0,0,0,0,0,0,0,0,0,0,0,0,0,0,0,29.0410919189453,0,0,0,0,0,0,0,18.4347269955803,0,3.48838768340647,0,5.20372116018873,0,0,0,0,0,0,7.22280693054199,0,2.86216335547598,0,0,0,0,0,0,0,0,0,0,0,3.35931348800659,2.92118161519368,0,0,0
20.1193574269613,0,8.9531954129537,0,5.54753997277019,0,0,0,3.57453049360401,0,0,0,4.24545313160995,0,0,0,0,0,0,0,0,0,0,0,0,0,0,0,0,0,0,0,0,0,0,0,0,0,0,0,0,0,0,0,0,0,26.2608127593994,0,8.89428789475385,0,6.47270324106874,0,0,0,5.47539615631104,0,7.77674659093221,0,3.86199320793152,0,4.32197772117143,0,0,0,0,0,0,29.24609375,0,3.50669598579407,0,0,0,0,0,0,0,0,0,0,0,0,4.8899499500654,4.31984453594562,19.3474496205648,0,0
0,18.4866371154785,0,0,0,6.1115452946469,0,0,0,3.90296566800067,0,0,0,3.73619155029752,0,0,0,3.6021654009819,0,0,0,0,0,4.22934997081757,0,3.59600790341695,0,0,0,0,0,0,0,0,0,0,0,0,0,0,0,0,0,0,0,0,0,0,0,5.44134986691359,0,4.47636550239154,0,0,0,4.09085757156898,0,0,0,5.26502458751202,0,5.20046587118846,0,0,0,0,2.96496733029683,0,0,0,0,0,0,0,0,0,0,0,0,0,0,0,6.76396760475345,4.46545193272252,26.8430423736572,0,0
9.03291416168213,94.3954925537109,0,55.6538047790527,0,0,0,0,4.49731486356711,0,0,0,0,0,0,0,0,26.9754876649689,18.0372470219214,0,0,34.208195507017,17.915049555509,0,13.0772635142008,43.4368793715292,3.29175365765889,49.6613311767578,2.74277210235596,0,0,0,0,0,0,108.771900177002,78.4101890563965,0,67.7798919677734,83.9690993172782,66.625136496804,72.0958238244057,43.0516847303785,53.7981685638428,44.3745044210683,67.6685264988949,53.5170175611358,0,68.0083429673139,126.404296875,0,0,0,0,4.04033892495292,0,0,0,0,0,0,0,82.9016626902989,65.2758790137063,35.0837329228719,26.1338539123535,0,13.4415680170059,43.7669083277384,4.00577953699473,0,53.83962059021,52.6744728088379,50.2157780717059,0,0,0,0,92.0246405541142,76.3264357141182,78.4564875194005,62.7296128183041,17.8742527717225,14.7214132751109,56.4430540825004,61.2448148727417,42.0716164204981
0,48.7516085306803,0,0,0,76.3672180175781,0,0,0,0,0,0,0,0,0,3.6021654009819,26.9754876649689,0,19.0456236847592,63.1479644775391,0,20.9333767333303,33.674921769566,13.0249061584473,0,14.8833994357312,0,7.88246396153244,0,0,0,0,0,0,0,89.6094881953025,97.9926452636719,0,0,72.2396921515465,78.7212689717611,55.8311872769359,62.5486936154573,44.192041516304,49.7149093891012,60.1450735669617,59.8982333269986,0,83.7383165359497,70.9822578430176,0,0,0,0,0,0,0,74.7108459472656,0,0,0,0,71.2082916498184,76.2637610662551,13.3630150028917,43.0025588671366,13.3264467590734,0,10.8501822374163,0,0,0,55.7171039581299,76.2354583740234,0,0,0,0,77.4137479950782,85.5701230185372,58.7220779306748,85.5695495605469,14.7449691339401,12.7425324113402,57.6959437287372,47.4181358468944,70.4275145097212
12.6511924531725,32.4732279926538,65.6959609985352,62.4432582855225,0,93.5374374389648,0,0,0,45.9347534179688,0,0,0,0,0,0,18.0372470219214,19.0456236847592,0,40.8793678283691,0,40.730274787316,47.2525125586468,0,0,50.6083627700806,0,0,0,0,0,0,0,0,0,70.6080551576079,72.1779463195801,48.2465934753418,0,43.9826553625219,45.5745683285727,31.2135868497501,25.4586726415937,22.1497981263347,21.2722520972017,36.7892912023462,35.4669602397286,0,46.3141973976777,61.9374744778588,0,0,0,0,0,0,42.5824790000916,31.4673595428467,0,0,0,0,46.5871128768921,47.2284874973527,0,47.1373252868652,0,0,0,0,36.6947189331055,39.5903625488281,38.8545331019981,39.1493990509598,0,0,74.5540618896484,0,57.3544404884973,54.9667007604311,44.2382249520495,51.8333292587944,18.035721670555,51.8102193408542,31.8341456323701,29.4387716075419,25.3703361258787
0,33.6256484985352,0,0,0,0,0,0,0,0,0,3.17604127570764,0,0,0,0,0,63.1479644775391,40.8793678283691,0,0,0,0,0,0,0,0,0,0,0,0,0,0,0,0,7.05208816205649,0,4.84490033929998,0,0,0,0,0,0,0,15.2732780942854,0,0,0,0,0,0,0,0,0,0,0,5.28277717885517,0,0,0,0,7.33591649948972,0,0,0,0,0,0,0,0,0,7.96851062774658,0,0,0,0,0,6.96500221331914,0,4.97429243378017,0,4.97036274936464,0,7.06463256820304,0,0
0,0,32.569522857666,0,0,0,0,0,0,0,3.25748492689694,0,0,0,0,0,0,0,0,0,0,0,0,0,0,0,0,0,0,0,0,0,0,0,0,0,4.70514545499181,0,4.54642233394441,0,0,0,0,0,0,0,9.37179191112518,0,0,0,0,0,0,0,0,0,4.02088415088938,0,0,0,0,0,0,5.77408848486648,0,0,0,0,0,0,0,0,0,20.1548422813416,0,0,0,0,0,10.4333052193677,0,8.00613132729588,2.89070018529892,0,5.9926432401706,0,0
0,0,0,0,0,95.6311569213867,0,0,0,0,0,0,0,0,0,0,34.208195507017,20.9333767333303,40.730274787316,0,0,0,7.50814992904663,4.05181922982721,0,11.0717098351681,0,7.4962003085078,0,0,0,0,0,0,0,0,0,5.32713474477389,2.81753212213516,0,0,86.2953262329102,0,0,0,67.5942611694336,0,0,0,8.24977218570994,0,0,0,0,0,0,0,0,0,0,0,0,0,104.678207397461,4.71567543019157,4.33191798130671,6.88469782742587,0,9.5012799393047,0,5.75205452944103,0,0,0,0,0,0,0,95.2010631561279,0,10.3132929930816,5.39356678724289,5.31495981680739,5.12803585567172,80.3856023152669,0,0
0,0,0,0,0,0,0,0,0,0,0,0,0,0,0,0,17.915049555509,33.674921769566,47.2525125586468,0,0,7.50814992904663,0,0,7.80059575434751,30.4330320358276,3.16405900786905,0,8.67248350574124,0,0,0,0,0,0,0,0,0,5.23463628659216,0,0,0,72.5591125488281,0,0,0,0,0,3.03297138214111,0,0,0,0,0,0,0,0,0,0,0,0,0,0,0,13.0827976226807,4.79537128183417,0,8.62286233901978,0,3.93560468929785,0,7.42857675703745,0,0,0,0,0,0,104.44474029541,78.6974411010742,0,6.76359371556581,5.84072386431399,5.8111533617773,61.3810176849365,69.3974323272705,0
0,0,0,0,0,0,0,0,0,3.58022451400757,0,0,0,0,0,4.22934997081757,0,13.0249061584473,0,0,0,4.05181922982721,0,0,0,4.66236561536789,0,0,0,0,0,0,0,0,0,0,0,6.74852330471153,0,0,0,0,0,0,0,0,0,0,0,0,0,0,0,0,0,3.58859395980835,0,0,0,0,0,5.28679356575012,0,0,5.85632951701129,0,5.90888958123564,0,5.97380993986976,0,0,0,0,0,0,0,0,0,0,0,6.57694548368454,0,5.07279308792812,0,8.45490527153015,0,0
5.65089653667651,0,22.6700973510742,0,0,0,0,0,4.10733131197996,0,0,0,0,0,0,0,13.0772635142008,0,0,0,0,0,7.80059575434751,0,0,0,6.3634806573391,0,0,0,0,0,0,0,0,0,0,0,5.729643541853,0,0,0,0,0,0,0,0,0,10.1422592798869,0,0,0,0,0,5.17068666946597,0,0,0,0,0,2.96401906013489,0,0,0,0,9.72129326562087,0,4.37096955369566,0,4.1546386669008,0,0,0,0,0,0,0,0,0,0,0,8.05618679009635,4.20519153702068,0,12.9538078308105,0,0
0,0,0,0,0,0,0,0,0,0,0,0,0,0,0,3.59600790341695,43.4368793715292,14.8833994357312,50.6083627700806,0,0,11.0717098351681,30.4330320358276,4.66236561536789,0,0,0,3.74975073337555,0,0,0,0,0,0,0,0,0,0,0,0,0,0,0,0,0,0,99.2221603393555,0,0,109.520881652832,0,0,0,0,0,0,0,0,0,0,0,0,0,0,4.96606922149658,0,11.3553026706801,0,4.29512521381355,0,3.37576603889465,0,0,0,0,0,0,0,0,95.2265014648438,75.0195617675781,0,23.4201672348109,23.7932586669922,0,0,0
0,0,0,0,0,0,0,0,2.75083780288696,0,0,0,0,0,0,0,3.29175365765889,0,0,0,0,0,3.16405900786905,0,6.3634806573391,0,0,0,3.67178130245209,0,0,0,0,0,0,0,0,0,0,0,0,0,0,0,0,0,0,0,0,0,0,0,0,0,0,0,0,0,0,0,0,0,0,0,0,3.89820757068571,0,6.3209285736084,0,3.65789144956149,0,4.99432076726641,0,0,0,0,0,0,0,0,0,0,2.88607071575366,4.42560863494873,0,0,0
0,0,0,0,0,0,0,0,0,0,0,3.21336386552671,0,2.95016241073608,0,0,49.6613311767578,7.88246396153244,0,0,0,7.4962003085078,0,0,0,3.74975073337555,0,0,0,6.01885126513455,0,0,0,0,0,0,0,3.82826844215393,0,0,0,0,0,0,0,0,0,0,0,0,0,0,0,0,0,0,0,0,0,0,0,0,0,0,9.78079601018795,0,0,0,3.97149426880337,0,5.1419129698451,0,4.19238025594402,0,0,0,0,0,0,0,10.3631687164307,0,4.33613222404423,5.64002108798837,0,0,0
0,0,0,0,0,0,0,0,0,0,0,0,3.09046252071857,0,0,0,2.74277210235596,0,0,0,0,0,8.67248350574124,0,0,0,3.67178130245209,0,0,0,3.58435720052475,0,0,0,0,0,0,0,4.52622798565895,0,0,0,0,0,0,0,0,0,0,0,0,0,0,0,0,0,0,0,0,0,0,0,0,0,0,12.9003812196012,0,0,0,3.73246562480927,0,4.58111345222988,0,4.57467584860952,0,0,0,0,0,0,0,4.16519488607134,3.438380447301,2.85548967123032,0,0,0
0,0,0,0,0,0,0,0,0,0,0,3.74064771831036,0,3.06626617908478,0,0,0,0,0,0,0,0,0,0,0,0,0,6.01885126513455,0,0,0,0,0,0,0,0,0,5.33775638638528,0,0,0,0,0,0,0,0,0,0,0,0,0,0,0,0,0,0,0,5.19935512024423,0,3.64048010110855,0,0,19.4961280822754,0,0,0,0,0,0,0,8.33965311187213,0,6.02234202585691,0,0,0,0,0,0,0,6.83260056177775,0,4.05189316732842,4.18504737715685,18.2739721934001,0,0
0,0,0,0,0,0,0,0,0,0,7.30042775288782,0,0,0,0,0,0,0,0,0,0,0,0,0,0,0,0,0,3.58435720052475,0,0,0,0,0,0,0,0,0,3.96357101037962,0,0,0,0,0,0,0,0,0,0,0,0,0,0,0,0,0,9.38714269979284,0,0,0,0,0,0,0,0,0,0,0,0,0,0,5.18662721167807,0,4.9271087432711,0,0,0,0,0,0,0,7.42201617992286,3.06883377595381,0,0,0,0
0,0,0,0,0,0,0,0,0,0,0,0,0,0,0,0,0,0,0,0,0,0,0,0,0,0,0,0,0,0,0,0,3.09190452782212,3.25116747715434,0,4.07400269222973,0,0,0,0,0,0,0,0,0,0,0,4.15707544585069,3.59744966030121,4.21182131767273,0,0,0,0,0,0,0,0,0,0,0,0,0,0,0,0,0,0,0,0,0,0,0,0,4.85842718428981,3.00150454044342,5.01242660968862,0,6.29158461629358,0,0,0,3.22573518417251,0,0,0,0
0,0,0,0,0,0,0,0,0,0,0,0,0,0,0,0,0,0,0,0,0,0,0,0,0,0,0,0,0,0,0,3.09190452782212,0,0,2.88529102007548,0,4.91655254364014,0,0,0,0,0,0,0,0,0,0,6.1725450129736,0,0,0,0,0,0,0,0,0,0,0,0,0,0,0,0,0,0,0,0,0,0,0,0,0,0,3.59733907381694,4.05770153633166,0,0,0,5.8892083244939,0,0,3.08197166620056,0,0,0,0
0,0,0,0,0,0,0,0,0,0,0,0,0,0,0,0,0,0,0,0,0,0,0,0,0,0,0,0,0,0,0,3.25116747715434,0,0,4.37656956911087,3.79577862718793,0,4.29750105275048,6.79214643323144,0,0,0,0,0,0,0,0,5.09574552950995,14.0936770439148,5.25310802459717,0,0,0,0,0,0,0,0,0,0,0,0,0,0,0,0,0,0,0,0,0,0,0,0,4.41507050797746,0,5.33235157256158,4.70188353579977,5.00277303941179,0,3.96863115706095,9.20449876785278,5.21234654296528,0,3.84946755929427,0,0
0,0,0,0,0,0,0,0,0,0,0,0,0,0,0,0,0,0,0,0,0,0,0,0,0,0,0,0,0,0,0,0,2.88529102007548,4.37656956911087,0,0,5.56307014850813,6.7079794291527,4.95500850560618,0,0,0,0,0,0,0,0,4.22569624907779,0,0,0,0,0,0,0,0,0,0,0,0,0,0,0,0,0,0,0,0,0,0,0,0,0,0,0,4.75331737101078,4.68509460972474,5.24091217698366,0,7.02521305925706,2.93261379287356,3.99642920872522,6.05747885704041,0,0,0,0
0,64.8085346221924,0,20.3070779527937,0,8.34921017852989,0,3.11211266416184,0,11.0095853805542,0,3.9222400349342,0,0,0,0,108.771900177002,89.6094881953025,70.6080551576079,7.05208816205649,0,0,0,0,0,0,0,0,0,0,0,4.07400269222973,0,3.79577862718793,0,0,4.2791514656,5.40365430684605,2.95265059811728,33.6636947702479,0,48.0180176785712,104.83056640625,59.0796649932861,0,29.6187864660307,0,4.61615777455167,10.0606024034562,20.1634857914235,0,25.0850372314453,0,0,0,0,0,4.56924345519138,0,0,0,0,11.098477014674,0,0,0,0,0,0,0,83.4202194213867,0,69.6873577662877,0,4.38957335232021,0,4.52084136728583,0,7.24292400903302,7.14459480661334,10.5390023353116,2.7901656627655,6.98181382805992,5.40630481994315,19.0108333368634,51.7699894572413,0
45.5092709859212,0,25.5476933288574,0,7.9402182332931,0,0,0,52.7308489481608,0,3.57716640142294,0,0,0,0,0,78.4101890563965,97.9926452636719,72.1779463195801,0,4.70514545499181,0,0,0,0,0,0,0,0,0,0,0,4.91655254364014,0,5.56307014850813,4.2791514656,0,0,4.26513835520832,0,31.3211603164673,0,48.9814578465053,0,56.3137637547084,0,19.4541629261685,5.23320014141744,11.6532297184593,0,0,0,0,0,0,0,4.32053830087647,0,0,0,42.0859832763672,0,0,12.6950046741666,0,0,0,0,0,0,0,0,0,53.9665265764509,0,4.48602097519373,0,7.96659958318264,6.38960799814641,6.97676136307394,0,12.1357072225728,5.18546371487337,4.08966331481934,32.0870828105182,0,52.9512947484067
0,24.0680541197459,0,0,0,52.8111915588379,0,0,0,5.43686362944151,0,3.60744924150455,0,0,0,0,0,0,48.2465934753418,4.84490033929998,0,5.32713474477389,0,6.74852330471153,0,0,0,3.82826844215393,0,5.33775638638528,0,0,0,4.29750105275048,6.7079794291527,5.40365430684605,0,0,8.03569118102232,0,0,13.7825206756592,0,0,0,33.5247320877878,0,6.70448308016482,0,5.78671289299741,0,0,0,0,0,8.04302676518758,0,7.00216706097126,0,23.7931442260742,0,32.6995296478271,11.0616904983395,0,8.79292114086967,0,7.44679538965225,0,0,0,9.99905741733054,0,4.93961463105638,0,0,0,7.28435887354557,9.29671573638916,9.64290328718812,0,5.17707383399643,4.66593481219092,5.70112841497383,3.74453047911326,5.9427239030696,21.4275169372559,0
15.5796935645333,0,30.582498550415,0,0,0,0,0,10.5468603311959,0,3.60429793158493,0,0,0,0,0,67.7798919677734,0,0,0,4.54642233394441,2.81753212213516,5.23463628659216,0,5.729643541853,0,0,0,4.52622798565895,0,3.96357101037962,0,0,6.79214643323144,4.95500850560618,2.95265059811728,4.26513835520832,8.03569118102232,0,0,0,23.7278919219971,16.1538580961006,0,0,0,19.9169927104827,6.46237978619977,9.20821805887444,26.4409942626953,0,0,0,0,10.0540948950726,0,3.69049285276093,0,0,0,36.4079933166504,0,0,13.3272291522428,0,6.2444178701466,0,6.35283330691758,0,0,0,7.69457101821899,0,4.28242075933169,0,0,0,5.80475658319573,0,7.55060629690306,3.59990116622713,5.60152521331436,6.2866740694233,8.94314389228821,5.77631454371927,0,0
0,35.5284830910819,0,45.9160035451253,0,73.7340558369954,0,0,0,0,0,0,0,0,0,0,83.9690993172782,72.2396921515465,43.9826553625219,0,0,0,0,0,0,0,0,0,0,0,0,0,0,0,0,33.6636947702479,0,0,0,0,17.2575630378723,20.8359323201916,28.6643044948578,27.9003822139052,0,13.998827533595,61.1282176971436,6.49956808968918,12.6614142503256,6.51626515837126,0,0,0,0,0,0,0,0,0,0,0,0,16.0618158331457,79.1243782043457,0,0,0,0,0,0,54.4308547973633,0,26.9551459418403,117.565361022949,0,0,37.7980651855469,0,20.1174774505026,82.898323059082,27.8818017482758,0,49.9945285635174,0,13.9661334433169,26.968930327374,65.681770324707
35.8160459518433,0,0,0,0,0,0,0,0,0,0,0,0,0,0,0,66.625136496804,78.7212689717611,45.5745683285727,0,0,0,0,0,0,0,0,0,0,0,0,0,0,0,0,0,31.3211603164673,0,0,17.2575630378723,0,73.3645477294922,22.5940011750048,74.8025665283203,30.1372511463781,100.527763366699,13.2943760935207,4.64092770489779,6.0658020307036,7.58065677270657,0,0,0,0,0,0,30.7931566238403,0,0,0,0,0,0,23.2932068030039,0,0,0,0,0,0,0,42.4372653961182,0,44.556479771932,0,0,0,0,123.097618103027,20.2905704041515,0,18.2177660316229,50.788526346809,95.5458450317383,14.2764948963811,0,25.4942761496674
0,26.3617973758356,0,37.5552941322327,0,55.9453586362443,0,0,34.1915626525879,18.557832058345,0,0,0,0,0,0,72.0958238244057,55.8311872769359,31.2135868497501,0,0,86.2953262329102,0,0,0,0,0,0,0,0,0,0,0,0,0,48.0180176785712,0,13.7825206756592,23.7278919219971,20.8359323201916,73.3645477294922,0,11.7001686350661,18.6599907366036,18.9926456133525,19.3243603599838,36.2297870635986,8.63844098188938,13.3492414859625,11.8621435344455,51.4523811340332,0,0,0,0,34.6895209503174,0,18.9748261498242,0,24.0046378094217,0,25.4310566375816,27.6457932622809,60.6041145324707,0,0,23.8690967559814,0,31.3279399871826,0,19.6120053228931,57.486988067627,17.4321260777387,0,0,0,65.7215423583984,0,31.8352689888752,87.845609664917,23.2861822151369,0,17.3929658066976,33.0831179022789,14.4669302191508,17.3149576890514,8.07494215170542
31.9383178075155,0,34.8662491812222,0,44.4540704999651,0,0,0,18.8009338714707,0,0,0,0,0,0,0,43.0516847303785,62.5486936154573,25.4586726415937,0,0,0,72.5591125488281,0,0,0,0,0,0,0,0,0,0,0,0,104.83056640625,48.9814578465053,0,16.1538580961006,28.6643044948578,22.5940011750048,11.7001686350661,0,21.7987451553345,14.4982008846367,50.2234759012858,18.7880431281963,5.74946412617029,16.699312789533,12.4346432685852,45.4146790375581,0,0,0,38.3221742841933,0,16.6830184459686,0,0,0,33.8965410085825,0,51.3972988128662,26.9084780789952,0,37.9792175292969,0,46.1604110172817,0,0,0,16.5930351974728,0,14.3948981207257,0,0,0,19.2995479901632,77.0203910596443,31.3919228419462,60.4160423278809,25.4013190509388,15.0280295417202,13.4812787520258,13.589891538899,55.9984032154083,11.1730343544362
0,15.0512959816877,0,23.6807840892247,0,42.180269241333,0,0,0,28.8533391952515,0,0,0,0,0,0,53.7981685638428,44.192041516304,22.1497981263347,0,0,0,0,0,0,0,0,0,0,0,0,0,0,0,0,59.0796649932861,0,0,0,27.9003822139052,74.8025665283203,18.6599907366036,21.7987451553345,0,19.3654594421387,18.2332395768254,33.909322420756,0,0,24.7534667423793,0,0,0,0,0,0,0,0,0,0,0,0,26.1037093034879,0,0,0,0,0,0,0,0,0,0,0,0,0,0,0,35.960700597614,81.9207534790039,36.9086399078369,0,15.0924675570413,0,12.4898218899092,15.2478389596939,95.1295623779297
0,0,27.1575927734375,0,0,0,0,0,0,0,0,0,0,0,0,0,44.3745044210683,49.7149093891012,21.2722520972017,0,0,0,0,0,0,0,0,0,0,0,0,0,0,0,0,0,56.3137637547084,0,0,0,30.1372511463781,18.9926456133525,14.4982008846367,19.3654594421387,0,40.8977252112495,15.1992299903797,0,35.8174456460135,0,0,0,0,0,0,0,0,0,0,0,0,0,41.5254173278809,26.0741564283435,0,0,0,39.1518592834473,0,0,0,0,55.9819183349609,42.8872264226278,0,0,0,0,53.7524452209473,36.8953358367249,85.689811706543,41.9193072319031,26.311083316803,0,13.7267142530697,27.2517938613892,19.9579592739663
0,19.1605572888232,0,14.6225186353442,0,42.2075107097626,0,0,0,43.4584037780762,0,0,0,0,0,0,67.6685264988949,60.1450735669617,36.7892912023462,15.2732780942854,0,67.5942611694336,0,0,0,0,0,0,0,0,0,0,0,0,0,29.6187864660307,0,33.5247320877878,0,13.998827533595,100.527763366699,19.3243603599838,50.2234759012858,18.2332395768254,40.8977252112495,0,42.8425362586975,0,72.4218902587891,30.8043022327595,0,41.0982513427734,0,0,0,40.7200164794922,0,28.2246874079985,0,23.0340229381214,0,29.3402066230774,13.0090186217981,57.7467212677002,0,0,0,54.1554145812988,0,0,32.5432824221524,0,36.7476032636442,87.4431457519531,0,0,0,0,26.2444372481338,81.4996238708496,31.6623957105678,0,35.1659827524821,96.4394836425781,13.8462490238445,34.1455747336149,45.3900470733643
18.3778904836202,0,15.0613346493121,39.6088333129883,33.3697314792209,0,0,0,31.0095829963684,0,0,0,0,0,26.2608127593994,0,53.5170175611358,59.8982333269986,35.4669602397286,0,9.37179191112518,0,0,0,0,99.2221603393555,0,0,0,0,0,0,0,0,0,0,19.4541629261685,0,19.9169927104827,61.1282176971436,13.2943760935207,36.2297870635986,18.7880431281963,33.909322420756,15.1992299903797,42.8425362586975,0,0,24.8728965749395,0,36.1708914438883,0,0,0,35.2732543945312,0,25.9702163446145,0,0,0,27.628514289856,0,60.1941046714783,12.3046031586378,0,0,0,42.3561305999756,0,0,0,30.6254232088725,0,30.503411991581,0,0,0,0,68.544394493103,25.8024790282776,83.3098258972168,27.8557413327492,35.7973907781831,56.2626857757568,13.825388339579,121.869667053223,39.107679419084
25.6502990722656,27.7597351074219,0,0,0,0,0,0,25.1600894927979,0,0,0,0,0,0,0,0,0,0,0,0,0,0,0,0,0,0,0,0,0,0,4.15707544585069,6.1725450129736,5.09574552950995,4.22569624907779,4.61615777455167,5.23320014141744,6.70448308016482,6.46237978619977,6.49956808968918,4.64092770489779,8.63844098188938,5.74946412617029,0,0,0,0,0,4.5537460361054,6.09613547513877,0,0,0,0,21.614501953125,0,0,0,0,0,0,0,0,0,0,0,0,0,0,0,0,0,0,0,6.50986856047416,5.85803818581056,6.23256693047992,6.05857302060142,7.60241384781324,6.51181525545553,5.93134815604598,7.94759672880173,5.40437529713327,4.40624548991521,6.01903691492885,17.4428730010986,0
10.0647624200802,0,5.59160672716734,0,20.7616585681313,0,0,0,10.1407461114552,0,0,0,0,0,8.89428789475385,0,68.0083429673139,83.7383165359497,46.3141973976777,0,0,0,3.03297138214111,0,10.1422592798869,0,0,0,0,0,0,3.59744966030121,0,14.0936770439148,0,10.0606024034562,11.6532297184593,0,9.20821805887444,12.6614142503256,6.0658020307036,13.3492414859625,16.699312789533,0,35.8174456460135,72.4218902587891,24.8728965749395,4.5537460361054,0,7.89372784374206,21.856597166795,0,0,0,9.36801816745358,0,8.07828008471511,0,4.94680244326591,0,6.99308857721152,0,66.3507919311523,35.0927883386612,0,5.65495215228137,0,10.7685266320344,0,3.80110163524233,0,19.6279099734433,0,24.7941101810388,10.3256158828735,2.88399973511696,0,3.96611159498041,99.1227569580078,8.64865471847361,0,5.60741571592395,15.8510872526627,13.3697636922201,11.9040930709711,0,27.8438500943391
0,22.162343920007,0,8.53849523786515,0,41.1719463348389,0,0,0,19.8366539269163,0,0,0,29.0410919189453,0,5.44134986691359,126.404296875,70.9822578430176,61.9374744778588,0,0,8.24977218570994,0,0,0,109.520881652832,0,0,0,0,0,4.21182131767273,0,5.25310802459717,0,20.1634857914235,0,5.78671289299741,26.4409942626953,6.51626515837126,7.58065677270657,11.8621435344455,12.4346432685852,24.7534667423793,0,30.8043022327595,0,6.09613547513877,7.89372784374206,0,0,20.4276885986328,0,0,0,16.3395346573421,0,12.8464232885613,0,11.6706687540248,0,12.4132583319584,33.1276536517673,0,6.13569834181768,0,3.36226272583008,0,4.38364386558533,0,8.39243403792659,0,10.1897855656056,0,0,0,5.34768152655217,19.7380561828613,14.0266510800527,0,6.72079821658841,0,14.0610080445463,53.6764488220215,9.39228981825859,44.4808431352888,0
27.8337306976318,0,15.1331249150363,0,4.3977832001223,0,4.82599573135376,0,6.58487592725193,0,0,0,0,0,6.47270324106874,0,0,0,0,0,0,0,0,0,0,0,0,0,0,0,0,0,0,0,0,0,0,0,0,0,0,51.4523811340332,45.4146790375581,0,0,0,36.1708914438883,0,21.856597166795,0,0,0,3.86411151152391,0,20.0227389335632,0,11.1553410730864,0,4.05762012550115,0,5.07049390129421,0,0,0,0,0,0,36.5701770782471,0,0,0,41.2860336303711,0,44.2809867858887,0,0,0,0,0,55.844898223877,0,54.0727195739746,6.60937672988935,0,19.2151047952714,0,0
0,17.9214000701904,0,12.2150681496818,0,4.5799595952034,0,3.89116625558762,0,6.85148315770285,0,0,0,0,0,4.47636550239154,0,0,0,0,0,0,0,0,0,0,0,0,0,0,0,0,0,0,0,25.0850372314453,0,0,0,0,0,0,0,0,0,41.0982513427734,0,0,0,20.4276885986328,0,0,0,2.93816645249077,0,0,0,8.90343176264341,0,4.48338525212226,0,6.36005258405363,15.2023077011108,0,0,0,0,0,0,0,0,0,0,0,0,0,0,0,48.10475730896,0,0,0,4.38387828714707,4.33293285369873,17.4568610481594,0,0
0,0,0,0,6.31104896217585,0,4.75111126228118,0,0,0,0,0,0,0,0,0,0,0,0,0,0,0,0,0,0,0,0,0,0,0,0,0,0,0,0,0,0,0,0,0,0,0,0,0,0,0,0,0,0,0,3.86411151152391,0,0,0,0,0,8.74071205562016,0,4.74518665965692,0,0,0,0,16.0414900461833,0,0,0,0,0,0,0,0,0,0,0,0,0,0,0,0,0,0,7.27060885826747,0,15.812967300415,0,0
0,0,0,0,0,5.05985719974224,0,3.96631072574836,0,0,0,0,0,0,0,0,0,0,0,0,0,0,0,0,0,0,0,0,0,0,0,0,0,0,0,0,0,0,0,0,0,0,0,0,0,0,0,0,0,0,0,2.93816645249077,0,0,0,0,0,5.32015505675332,0,6.17191961402424,0,0,0,0,0,0,0,0,0,0,0,0,0,0,0,0,0,0,0,0,0,0,6.18591105937958,0,0,0,0
6.36593745192703,0,18.7128794533866,0,5.50433604717255,0,0,0,6.86879143867403,0,0,0,0,0,5.47539615631104,0,4.04033892495292,0,0,0,0,0,0,0,5.17068666946597,0,0,0,0,0,0,0,0,0,0,0,0,0,10.0540948950726,0,0,0,38.3221742841933,0,0,0,35.2732543945312,21.614501953125,9.36801816745358,0,20.0227389335632,0,0,0,0,0,0,0,0,0,13.1483404819782,0,0,0,0,0,0,4.06697591590881,0,0,0,0,0,35.924201965332,0,0,0,0,0,0,0,10.1199667830216,10.4738779862722,0,12.0271335464634,0,0
0,4.66818202991743,0,6.62351536750793,0,0,0,0,0,6.5014078364965,0,0,0,0,0,4.09085757156898,0,0,0,0,0,0,0,3.58859395980835,0,0,0,0,0,0,0,0,0,0,0,0,0,8.04302676518758,0,0,0,34.6895209503174,0,0,0,40.7200164794922,0,0,0,16.3395346573421,0,0,0,0,0,0,0,0,0,0,0,5.82856860630949,0,0,0,0,7.37475028277108,0,0,0,0,0,0,0,0,0,0,0,0,0,10.97930727005,0,16.2096816108033,11.5712065696716,18.5545019870851,0,0
0,0,12.0608351826668,0,11.899254904853,0,10.1398460539427,0,19.0115966796875,0,6.67517763411742,0,3.06483161449432,0,7.77674659093221,0,0,0,42.5824790000916,0,4.02088415088938,0,0,0,0,0,0,0,0,0,9.38714269979284,0,0,0,0,0,4.32053830087647,0,3.69049285276093,0,30.7931566238403,0,16.6830184459686,0,0,0,25.9702163446145,0,8.07828008471511,0,11.1553410730864,0,8.74071205562016,0,0,0,0,0,3.98338766599956,0,5.85094753576785,0,0,8.65298073771615,0,0,0,0,0,0,0,6.19036914379152,0,6.3433157994197,0,0,0,0,0,21.0574777731255,0,10.1908979415894,11.3138614931414,0,6.31051266963088,0,0
0,20.6004277696001,0,10.4156883430481,0,16.6295667959719,0,4.17776198461266,0,17.0943922609896,0,7.34540849708797,0,18.4347269955803,0,0,0,74.7108459472656,31.4673595428467,5.28277717885517,0,0,0,0,0,0,0,0,0,5.19935512024423,0,0,0,0,0,4.56924345519138,0,7.00216706097126,0,0,0,18.9748261498242,0,0,0,28.2246874079985,0,0,0,12.8464232885613,0,8.90343176264341,0,5.32015505675332,0,0,0,0,0,5.41589403255976,0,8.71176263264247,8.70168022105568,0,18.5149078369141,0,25.5156135559082,0,12.3172393467115,0,8.90270345547221,0,8.14603165986669,0,0,0,0,0,12.8177667158768,0,13.0840915356364,0,14.3841031966075,20.7103395462036,7.78398288033976,24.2335968017578,0
0,0,5.63109068248583,0,8.23128537764059,0,8.40001202451772,0,0,0,7.57418490627191,0,4.64536518520779,0,3.86199320793152,0,0,0,0,0,0,0,0,0,0,0,0,0,0,0,0,0,0,0,0,0,0,0,0,0,0,0,0,0,0,0,0,0,4.94680244326591,0,4.05762012550115,0,4.74518665965692,0,0,0,3.98338766599956,0,0,0,3.96145384510358,0,0,10.5551595687866,0,0,0,0,0,0,0,6.22039800643921,0,0,0,0,0,0,0,0,0,0,7.22436826128557,0,6.29412183910608,0,0
0,9.81364832426372,0,7.62765320864591,0,4.63021018715102,0,4.33408901488803,0,19.8429442319003,0,4.25345855492812,0,3.48838768340647,0,5.26502458751202,0,0,0,0,0,0,0,0,0,0,0,0,0,3.64048010110855,0,0,0,0,0,0,0,23.7931442260742,0,0,0,24.0046378094217,0,0,0,23.0340229381214,0,0,0,11.6706687540248,0,4.48338525212226,0,6.17191961402424,0,0,0,5.41589403255976,0,0,0,5.83164828480818,0,0,0,0,0,0,6.99555789311727,0,5.90543907732302,0,24.432372824351,0,0,0,0,0,99.6502685546875,0,35.5826237996419,0,8.74258972349621,0,11.9852131218524,13.6394758224487,0
17.2022119952786,0,6.32546432694392,0,5.79154130833297,0,0,0,4.36188480887615,0,0,0,4.12792628431973,0,4.32197772117143,0,0,0,0,0,0,0,0,0,2.96401906013489,0,0,0,0,0,0,0,0,0,0,0,42.0859832763672,0,36.4079933166504,0,0,0,33.8965410085825,0,0,0,27.628514289856,0,6.99308857721152,0,5.07049390129421,0,0,0,13.1483404819782,0,5.85094753576785,0,3.96145384510358,0,0,0,0,0,0,0,0,27.852729956309,0,3.28384494781494,0,2.95091462135315,0,41.7581768035889,0,0,0,0,0,0,0,51.6670989990234,6.84577609123068,4.87924231015719,25.2923677248113,0,0
0,8.0080486706325,0,4.6363540570609,0,8.21319832240834,0,0,0,6.29897337489658,0,0,0,5.20372116018873,0,5.20046587118846,0,0,0,0,0,0,0,5.28679356575012,0,0,0,0,0,0,0,0,0,0,0,0,0,32.6995296478271,0,0,0,25.4310566375816,0,0,0,29.3402066230774,0,0,0,12.4132583319584,0,6.36005258405363,0,0,0,5.82856860630949,0,8.71176263264247,0,5.83164828480818,0,0,0,0,0,0,9.40122923851013,0,5.86671372822353,0,20.6454030871391,0,22.9621005952358,0,0,0,0,0,0,0,50.9128723144531,0,14.9509765277674,9.4411735534668,22.2504753174673,0,0
0,32.8946865826118,0,38.5620994567871,0,22.5946818987528,0,0,0,0,0,12.3691877296993,0,0,0,0,82.9016626902989,71.2082916498184,46.5871128768921,7.33591649948972,0,0,0,0,0,0,0,0,0,19.4961280822754,0,0,0,0,0,11.098477014674,0,11.0616904983395,0,16.0618158331457,0,27.6457932622809,51.3972988128662,26.1037093034879,41.5254173278809,13.0090186217981,60.1941046714783,0,66.3507919311523,33.1276536517673,0,15.2023077011108,0,0,0,0,0,8.70168022105568,0,0,0,0,0,71.5345611572266,0,0,0,0,0,0,50.0924186706543,0,21.8032394358986,69.5320434570312,0,0,0,0,14.2708399685709,0,18.4758816985857,0,30.6279913376565,0,18.219166971984,43.9620063145955,0
32.4534319950984,0,42.039176940918,0,0,0,17.7956126254538,0,38.0151551564535,0,3.3851330280304,0,0,0,0,0,65.2758790137063,76.2637610662551,47.2284874973527,0,5.77408848486648,104.678207397461,0,0,0,0,0,0,0,0,0,0,0,0,0,0,12.6950046741666,0,13.3272291522428,79.1243782043457,23.2932068030039,60.6041145324707,26.9084780789952,0,26.0741564283435,57.7467212677002,12.3046031586378,0,35.0927883386612,0,0,0,16.0414900461833,0,0,0,8.65298073771615,0,10.5551595687866,0,0,0,71.5345611572266,0,0,0,0,57.0263252258301,0,0,0,30.7666263368395,0,23.1317807914797,0,0,0,0,113.230394363403,24.4897845239537,0,16.4305862017785,37.5524906320461,0,14.2857885429989,75.6255340576172,50.9866816929408
0,0,0,0,0,0,0,0,0,0,0,0,0,0,0,0,35.0837329228719,13.3630150028917,0,0,0,4.71567543019157,13.0827976226807,5.85632951701129,0,4.96606922149658,0,9.78079601018795,0,0,0,0,0,0,0,0,0,8.79292114086967,0,0,0,0,0,0,0,0,0,0,0,6.13569834181768,0,0,0,0,0,0,0,18.5149078369141,0,0,0,0,0,0,0,0,5.56770588936062,0,5.29832520665482,0,5.73199924353279,0,0,0,0,0,0,0,0,0,7.80046148528112,0,4.53406952108656,9.76775066669171,0,0,0
0,0,0,0,0,0,0,0,0,0,0,0,0,0,0,0,26.1338539123535,43.0025588671366,47.1373252868652,0,0,4.33191798130671,4.79537128183417,0,9.72129326562087,0,3.89820757068571,0,12.9003812196012,0,0,0,0,0,0,0,0,0,6.2444178701466,0,0,0,37.9792175292969,0,0,0,0,0,5.65495215228137,0,0,0,0,0,0,0,0,0,0,0,0,0,0,0,0,0,0,4.99775680561656,0,5.8661631720745,0,5.44449337940772,0,0,0,0,0,0,0,92.2247772216797,0,5.98147331096735,7.1741938191171,9.15935997735886,0,0,49.2820854187012
0,8.13534760475159,0,0,0,0,0,0,0,12.9718139739264,0,0,0,0,0,2.96496733029683,0,13.3264467590734,0,0,0,6.88469782742587,0,5.90888958123564,0,11.3553026706801,0,0,0,0,0,0,0,0,0,0,0,7.44679538965225,0,0,0,23.8690967559814,0,0,0,0,0,0,0,3.36226272583008,0,0,0,0,0,7.37475028277108,0,25.5156135559082,0,0,0,9.40122923851013,0,0,5.56770588936062,0,0,0,4.84209287280128,0,0,0,0,0,0,0,0,0,0,0,7.33295064392949,0,10.9930539216314,0,6.41588698966163,0,0
7.56633561601929,0,25.3867903257671,0,39.1362937927246,0,0,0,6.53834827228259,0,0,0,0,0,29.24609375,0,13.4415680170059,0,0,0,0,0,8.62286233901978,0,4.37096955369566,0,6.3209285736084,0,0,0,0,0,0,0,0,0,0,0,6.35283330691758,0,0,0,46.1604110172817,0,39.1518592834473,54.1554145812988,42.3561305999756,0,10.7685266320344,0,36.5701770782471,0,0,0,4.06697591590881,0,0,0,0,0,27.852729956309,0,0,57.0263252258301,0,4.99775680561656,0,0,0,3.64718889325394,0,0,0,34.6233978271484,0,0,0,0,0,71.7271127700806,0,5.56746592976916,13.869425074393,0,9.30760460048914,0,51.3201713562012
0,0,0,0,0,0,0,0,0,0,0,0,0,7.22280693054199,0,0,43.7669083277384,10.8501822374163,0,0,0,9.5012799393047,0,5.97380993986976,0,4.29512521381355,0,3.97149426880337,0,0,0,0,0,0,0,0,0,0,0,0,0,31.3279399871826,0,0,0,0,0,0,0,4.38364386558533,0,0,0,0,0,0,0,12.3172393467115,0,6.99555789311727,0,5.86671372822353,0,0,5.29832520665482,0,4.84209287280128,0,0,0,4.33967028131018,0,0,0,0,0,0,0,0,0,0,0,11.5555422095691,46.7703857421875,11.7322341918945,0,0
0,0,0,0,0,0,0,0,0,0,0,0,0,0,3.50669598579407,0,4.00577953699473,0,0,0,0,0,3.93560468929785,0,4.1546386669008,0,3.65789144956149,0,3.73246562480927,0,0,0,0,0,0,0,0,0,0,0,0,0,0,0,0,0,0,0,3.80110163524233,0,0,0,0,0,0,0,0,0,0,0,3.28384494781494,0,0,0,0,5.8661631720745,0,3.64718889325394,0,0,0,4.63660717010498,0,0,0,0,0,0,0,0,0,0,2.81746395428975,0,0,0,0
0,27.4667711893717,0,34.1628789901733,0,46.1376469930013,0,0,0,19.3271973209996,0,3.06367483139038,0,2.86216335547598,0,0,0,0,36.6947189331055,0,0,5.75205452944103,0,0,0,3.37576603889465,0,5.1419129698451,0,8.33965311187213,0,0,0,0,0,83.4202194213867,0,9.99905741733054,0,54.4308547973633,0,19.6120053228931,0,0,0,32.5432824221524,0,0,0,8.39243403792659,0,0,0,0,0,0,0,8.90270345547221,0,5.90543907732302,0,20.6454030871391,50.0924186706543,0,5.73199924353279,0,0,0,4.33967028131018,0,0,0,20.6689179241657,0,0,0,0,0,55.0301678975423,0,7.54643065077036,0,14.8496321903548,10.3215932846069,14.9199089678259,19.3151550292969,0
0,0,31.6802795955113,0,42.3011627197266,0,0,0,26.5557049342564,0,0,0,3.20778361650614,0,0,0,53.83962059021,0,39.5903625488281,0,0,0,7.42857675703745,0,0,0,4.99432076726641,0,4.58111345222988,0,5.18662721167807,0,0,0,0,0,0,0,7.69457101821899,0,42.4372653961182,57.486988067627,16.5930351974728,0,0,0,30.6254232088725,0,19.6279099734433,0,41.2860336303711,0,0,0,0,0,6.19036914379152,0,6.22039800643921,0,2.95091462135315,0,0,30.7666263368395,0,5.44449337940772,0,0,0,4.63660717010498,0,0,0,7.43193482262181,0,0,0,0,0,46.2245635986328,0,7.75940356564356,13.2303415471381,0,13.8902948587135,0,39.4740142822266
0,28.5576668950438,0,34.5608413959372,0,48.1395362854004,0,0,0,17.9950542449951,0,5.72577800174228,0,0,0,0,52.6744728088379,55.7171039581299,38.8545331019981,7.96851062774658,0,0,0,0,0,0,0,4.19238025594402,0,6.02234202585691,0,0,0,0,0,69.6873577662877,0,4.93961463105638,0,26.9551459418403,0,17.4321260777387,0,0,55.9819183349609,36.7476032636442,0,0,0,10.1897855656056,0,0,0,0,0,0,0,8.14603165986669,0,24.432372824351,0,22.9621005952358,21.8032394358986,0,0,0,0,0,0,0,20.6689179241657,0,0,0,0,0,0,0,59.2324229049683,0,6.39069512841247,0,22.4812325243424,10.9760847091675,17.1540866270661,19.1655900137765,0
26.1776561737061,0,29.9089006277231,0,45.6371182032994,0,0,0,22.2042464101037,0,10.8458587565919,0,0,0,0,0,50.2157780717059,76.2354583740234,39.1493990509598,0,20.1548422813416,0,0,0,0,0,0,0,4.57467584860952,0,4.9271087432711,0,0,0,0,0,53.9665265764509,0,4.28242075933169,117.565361022949,44.556479771932,0,14.3948981207257,0,42.8872264226278,87.4431457519531,30.503411991581,0,24.7941101810388,0,44.2809867858887,0,0,0,35.924201965332,0,6.3433157994197,0,0,0,41.7581768035889,0,69.5320434570312,23.1317807914797,0,0,0,34.6233978271484,0,0,0,7.43193482262181,0,0,0,0,0,0,122.316707611084,49.6196542702678,82.8456573486328,5.4430397711374,22.6866848024829,0,13.5489698810511,0,18.3995381673177
0,0,0,0,0,0,0,0,0,0,0,0,0,0,0,0,0,0,0,0,0,0,0,0,0,0,0,0,0,0,0,4.85842718428981,3.59733907381694,4.41507050797746,0,4.38957335232021,0,0,0,0,0,0,0,0,0,0,0,6.50986856047416,10.3256158828735,0,0,0,0,0,0,0,0,0,0,0,0,0,0,0,0,0,0,0,0,0,0,0,0,0,0,0,4.64825522305438,0,6.04808722987319,0,0,0,5.15905546957208,0,0,0,0
0,0,0,0,0,0,0,0,0,0,0,0,0,0,0,0,0,0,0,0,0,0,0,0,0,0,0,0,0,0,0,3.00150454044342,4.05770153633166,0,4.75331737101078,0,4.48602097519373,0,0,0,0,0,0,0,0,0,0,5.85803818581056,2.88399973511696,0,0,0,0,0,0,0,0,0,0,0,0,0,0,0,0,0,0,0,0,0,0,0,0,0,0,0,0,2.9395923614502,0,4.81543072620472,0,0,3.09876352234891,0,0,0,0
0,0,0,0,0,0,0,0,0,0,0,0,0,0,0,0,0,0,74.5540618896484,0,0,0,0,0,0,0,0,0,0,0,0,5.01242660968862,0,5.33235157256158,4.68509460972474,4.52084136728583,0,7.28435887354557,0,37.7980651855469,0,65.7215423583984,0,0,0,0,0,6.23256693047992,0,5.34768152655217,0,0,0,0,0,0,0,0,0,0,0,0,0,0,0,0,0,0,0,0,0,0,0,0,4.64825522305438,0,0,10.8427320480347,10.3601771616286,0,5.13577777186862,0,4.34962094913829,0,0,0,0
