0,0,0.0033050440210335,0,0,0,0,0,0.0612478411443094,0,0,0,0,0,0,0,0,0,0,0,0,0,0,0,0.00122897772664869,0,0,0,0,0,0,0,0,0,0,0,0,0,0,0,0,0,0,0,0,0,0,0,0.000307256921640154,0,0,0,0,0,0.0245903906138071,0,0,0,0,0,0.000349895494007114,0,0,0,0,0,0,0.00103013512286317,0,0,0,0,0,0,0,0,0,0,0,0,0,0,0.000605100860380591,0,0.00169746081457545,0,0
0,0,0,0.00894589180992596,0,0.000541231763996379,0,0,0,0.0149324377144146,0,0,0,0,0,0,0,0,0,0,0,0,0,0,0,0,0,0,0,0,0,0,0,0,0,0,0,0,0,0,0,0.00108766065840173,0,0,0,0,0,0,0,0.0185032069565905,0,0.00366212576138907,0,0,0,0.0546792990397653,0,0.000274591955632493,0,0,0,0.00431783744244085,0,0,0,0,0.00231837045785729,0,0.000122478062469152,0,0,0,0,0,0,0,0,0,0,0,0,0,0.000596830440543646,0,0.00282384514355576,0,0
0.0033050440210335,0,0,0,0.00811060747084379,0,0,0,0.00146847335661291,0,0,0,0,0,0,0,0,0,0,0,0,0,0,0,0,0,0,0,0,0,0,0,0,0,0,0,0,0,0,0,0,0,0.000184284206436053,0,0,0,0.000257987218154011,0,0.000205686998572097,0,0.0666853904008395,0,0,0,0.000455081875583296,0,0.000547656689997744,0,0,0,0,0,0,0,0,0,0,0,0,0,0,0,0,4.49873038602805e-05,0,0,0,0,0,0,0,0,0.000673692751766507,0,0.01531475680143,0,0.000121071692789543
0,0.00894589180992596,0,0,0,0.0165779530876744,0,0,0,0.0112405654099434,0,0,0,0,0,0,0,0,0,0,0,5.69164517498705e-06,0,0,0,0,0,0,0,0,0,0,0,0,0,0.000153986678229115,0,0,0,0,0,0.00165568193821302,0,0,0,0.000369188302779107,0,0,0,0.00266397546682125,0,0.0399655055667614,0,0,0,0.00171733390436201,0,0.000760235893066786,0,0.000224929648258581,0,0.00252184317277176,0.000237196152358321,0,0,0,0,0,0.000141402031624026,0,0.000125520182723677,0,0.00170509967119954,0,0,0,0,0,0,0,0.000127915601438276,0,0.000794585125245438,1.32187185443364e-05,0.0123270173044812,0.000335415071097106,0
0,0,0.00811060747084379,0,0,0,0.00943899079246316,0,0,0,1.3249059556391e-05,0,0.00746727742702905,0,0,0,0,0,0.000194748826752576,0,0.00300711318551808,0,0,0,0,0,0,0,0,0,0,0,0,0,2.05581301074092e-05,0,0.000121370824734605,0,5.25718838820534e-05,0,0.000551669826468218,2.52902579334606e-05,0.000451799994550279,0,0,0,0.001057867362759,0.000200342602591725,0.0018009492833047,0.000119346932676455,0.0814574507754617,0,0.0124251346005709,0,0.00618592407168672,0,0.00250824568664681,0,0.00791275384750778,0,0,0,0,0.0145886173440872,0,0,0,0,0,0,0,0,0,0.00729416786146097,0,0,0,7.27525149793694e-05,0,0.00055685136360056,0,0.000616356502192699,0.000174607272884169,0,0.0051890418841915,0,0.000766975639698446
0,0.000541231763996379,0,0.0165779530876744,0,0,0,0.00164889329774492,0,0,0,0,0,0,0,0,3.94742760529516e-06,4.0417282180574e-06,0.000195693050101523,0.00527675148662911,0,0,0,0,0,0,0,0,0,0,0,0,0,7.84112176508228e-05,0,0.000257127982320157,0,4.29955679071524e-06,0,0.001699386096936,0,0.00151378757932137,0,0,0,0.0133109706125859,0,0.00454931882588561,0.000276945401975928,0.0081160362512803,0,0.0633005633498499,0,0.00318928306355625,0,0,0,9.07127693108778e-05,0,2.69986154361405e-05,0,0,0.0117100069915978,0,0,0,0,0,0,0,8.40281713565653e-05,0,0.00184600255195817,0,3.16222383071434e-05,0,0,0,0.000593997907420239,1.89279151169677e-05,8.27554016578731e-05,2.5887375491179e-05,0.00345340063653938,0,0.00454244176214168,0.000635454026072778,0
0,0,0,0,0.00943899079246316,0,0,0,0,0,0,0,0.00157759187496615,0,0,0,0,0,0,0,0,0,0,0,0,0,0,0,0,0,0,0,0,0,0,0,0,0,0,0,0,0,0,0,0,0,0,0,0,0,0.00150327038023333,0,0.0386107085590625,0,0,0,0.00145014729707562,0,0.000394053256758786,0,0,0,0,0,0,0,0,0,0,0,0,0,0,0,0,0,0,0,0,0,0,0,0.00123951848646354,0.000825298659317364,0,0,0
0,0,0,0,0,0.00164889329774492,0,0,0,0,0,0.012137446677363,0,0,0,0,0,0,0,0,0,0,0,0,0,0,0,0,0,0,0,0,0,0,0,0,0,0,0,0,0,0,0,0,0,0,0,0,0,0,0,0.00220139399010848,0,0.0590511809253538,0,0,0,0,0,0.000144691628520377,0,0,0,0,0,0,0,0,0,0,0,0,0,0,0,0,0,0,0,0,0,0,0.00115527636706636,0,0,0,0
0.0612478411443094,0,0.00146847335661291,0,0,0,0,0,0,0.00142673344101144,0,0,0,0,0.0217437861695913,0,0.0118294093494416,0.00306489787343677,0.00247077724571971,0,0,1.11254504409992e-05,5.1898829489161e-05,0,0.0296987037323849,0.00056158413807222,0.0119559966310678,0,4.44842072658096e-05,0,0,0,0,0,0,0,0,0,0.000491066923902532,0,0,5.24321263706956e-05,0.000173111494308861,0,0,0,0,0,0,0,0,0,0,0,0.0724085157173286,0,0,0,0,0,0.00685930640221464,0,0,0,0,0,0,0.0227805603624997,0,0.00569728133293014,0,0,0,0,0,0,0,0,2.39441668807771e-06,5.32041432947143e-05,3.15512510060286e-06,0.000422721679826173,0.00244112644973108,0.000167925704135789,0.000192248610128653,0,0
0,0.0149324377144146,0,0.0112405654099434,0,0,0,0,0.00142673344101144,0,0,0,0,0,0.000239759312944595,0.000854206344479585,0.00246869099792906,0.0067814196952195,0.00124009290668348,0,0,0.000167157116974508,0,0.00661060796722102,0.000559092143686527,0.000864916285309159,0.000291901551094589,0,0,0,0,0,0,0,0,0,0,0.000671500701944193,0,1.58458954763094e-05,2.63490461281377e-05,0.000327341931496418,3.05247660401316e-05,0,0,0,0,0,0,0.00966443128632601,0,0,0,0,0.000285751339000037,0.081632060744188,0,0,0,0,0.000361131230630685,0,0,0,0,0,0.00919252804718473,5.88409228789509e-05,0,0.000431566888351186,0,0,0,0,0,0,0,0,0,0,0.000985511682159161,3.42064940840522e-05,0.00218127902219402,4.19028834761437e-06,0.00130031433490716,0,0
0,0,0,0,1.3249059556391e-05,0,0,0,0,0,0,0,0.00303085282339242,0,0,0,0,0,0,0,0.0194136030283895,0,0,0,0,0,0,0,0,0,0.00349204866098823,0,0,0,0,0,0.00208668334961082,0,0.0122749946302443,0,0,0,0,0,0,0,5.90842912388514e-05,0,0,0,0,0,0,0,0,0,0.0614092277047517,0,0.000189191539282671,0,0,0,0,0.0159348375438234,0,0,0,0,0,0,0,8.30931080780806e-05,0,0.0164999994910605,0,0,0,0,0,1.45189190564368e-05,0,0.00830762980381125,0.00158479563328169,0,0.000163218631581384,0,0
0,0,0,0,0,0,0,0.012137446677363,0,0,0,0,0,4.74270818813238e-05,0,0,0,0,7.01665976538598e-06,0.0472406777746104,0,0,0,0,0,0,0,0,0,0.00681778503120436,0,0,0,0,0,0.0023692119206247,0,0.0131750543991941,0,0,0,0,0,0,0,0,0,0,0,0,0,0,0,0.000551034761845742,0,0,0,0.0750544205513166,0,0.000138369996420806,0,0,0.0135868196719047,0,0,0,0,0,0,0,0,0,0.00182869717134901,0,0,0,0,0,0.003019830125366,0,0.00510370238435726,0,0.00123237128882254,0.000109492540813209,0,0,0
0,0,0,0,0.00746727742702905,0,0.00157759187496615,0,0,0,0.00303085282339242,0,0,0,0,0,0.000612001273826637,0,2.08435800798548e-05,0,0,0,0,0,0,0,0.00108019329617973,0,0,0,0,0,0,0,0,0,0,0,0,0,0,0,0,0,0,0,0,0,0,0,0.000940534501741455,0,0.00162378669365109,0,0,0,0.000578009905897101,0,0.0101163216967959,0,0.000626776547461721,0,0,0,0,0,0,0,0,0.000104769727097942,0,0,0,0,0,0,0,0,0,0,0,0,0.000186841596234617,0.000106470381537599,0,0,0
0,0,0,0,0,0,0,0,0,0,0,4.74270818813238e-05,0,0,0,0,0,0,0,0,0,0,0,0,0,0,0,4.34244539064821e-05,0,0,0,0,0,0,0,0,0,0,0,0,0,0,0,0,0,0,0,0,0,0,0,0.000654418002321723,0,8.593279926572e-05,0,0,0,0.000135399292977987,0,0.0212387334349124,0,0,0,0,0,0,0,0,0,0,0.00161355669394132,0,0,0,0,0,0,0,0,0,0,0,4.92904288711511e-05,2.49012500717072e-05,0,0,0
0,0,0,0,0,0,0,0,0.0217437861695913,0.000239759312944595,0,0,0,0,0,0,0.0108294426656846,0.000788751584572091,0.000245144350749932,0,0,0,2.68113425312172e-05,0,0.00285264295197914,0,0.0181940954260404,0,0,0,0,0,0,0,0,0,0,0,0,0.000149793372296699,0,0,0,0,0,0,0,0,0.00138800523180493,0,0,0,0,0,0.0151913721480926,0,0,0,0.00158881510118847,0,0.0689617863621563,0,0,0,0,0,0,0.000255430916630381,0,0.00240421201751262,0,0,0,0,0,0,0,0,0,0,3.43421162479155e-05,0,0.00185042936276696,0.000441909980928253,0,0,0
0,0,0,0,0,0,0,0,0,0.000854206344479585,0,0,0,0,0,0,0.000388880769193022,0.00231011130425994,0.000122702159635554,0,0,0,0,0.000198196416022256,0,0.00398063887818462,0,0,0,0,0,0,0,0,0,0,0,0,0,0,0,0,0,0,0,0,0,0,0,0,0,0,0,0,0,0.000466286185232265,0,0,0,0,0,0.00760091286513121,0,0,0,0,0.000344390272851821,0,0.00060956724144506,0,0,0,0,0,0,0,0,0,0,0,0,0,0.000204006812099235,0,0,0,0
0,0,0,0,0,3.94742760529516e-06,0,0,0.0118294093494416,0.00246869099792906,0,0,0.000612001273826637,0,0.0108294426656846,0.000388880769193022,0,0.106876341496422,0.0526026044629137,0,0,0.000602550554862494,0.000563826760557613,0.000379998988299597,0.00621258689620478,0.000898664614418078,0.0390789964687053,0,0.000571563177617231,0,0,0,0,0,0,9.07040346547665e-05,9.76099283510567e-05,1.31383323519522e-05,4.72165604679459e-05,0.000342051628847697,0.000496033179823664,0.000807200281069269,0.00129207616148767,0.000254104962243617,0.000104219804177449,6.82097761003046e-05,0.000154021749137568,0,1.82463866204594e-05,0.000109848250375112,0,0,0,0,0.00219000098155354,0,3.08827192086012e-05,0,0,0,0.00539874917144762,0,2.87427424107371e-05,9.10190161035074e-05,0,8.03791588273705e-05,0.000271202203623066,0.00163576892292933,0,0.00618619771830927,3.31210943760595e-06,0,0.000135483055695327,0.000107284439068112,0,0,0,0,0.000594848067557207,0.00128162424035467,0.00029847826513617,0.000587018960999297,0.0412575019888573,0.0155024839532412,0.00099625234868145,0.000103774490801593,0.000444473193624429
0,0,0,0,0,4.0417282180574e-06,0,0,0.00306489787343677,0.0067814196952195,0,0,0,0,0.000788751584572091,0.00231011130425994,0.106876341496422,0,0.0679166336678654,0,0,0.00457014066177634,0,0.00111619418725061,0.00174683908719776,0.00853770707023005,0.0021628639037759,0,2.40163313519794e-06,0,0,0,0,0,0,0.000134749321428192,2.88819512475153e-05,1.63890788470643e-05,2.98802865805445e-05,0.00100358909532807,0.000385066767549333,0.00087756038140849,0.000544014734936684,0.000385655352173905,4.70074993737023e-05,0.000141923770316469,0.000301182279937402,5.6795597450863e-06,5.97831840732216e-05,6.63304064609643e-05,0,2.85773820389568e-06,0,0,0.000457575488855909,4.4035797291642e-05,2.48870278556283e-05,1.9313271246059e-05,0,0,0.000568294926303753,0,0.000160592980106083,1.76198839032229e-05,0.000384912787884687,0,0.00094074393506553,0.000643437693942508,0.000280610970521299,0.000700013455939456,1.42480659682151e-05,0,0.000286946386066897,6.67280360922252e-05,0,0,3.82609186969134e-06,3.10925195631101e-06,0.000759732009732962,0.000868552212086164,0.000585099056710495,0.000479869984913732,0.0360994660818967,0.00327131473214634,0.00106965406154847,0.000289239291124763,0.000511992137927076
0,0,0,0,0.000194748826752576,0.000195693050101523,0,0,0.00247077724571971,0.00124009290668348,0,7.01665976538598e-06,2.08435800798548e-05,0,0.000245144350749932,0.000122702159635554,0.0526026044629137,0.0679166336678654,0,0,0.000104366444301475,8.45303882898226e-05,2.76216525304309e-05,0.000409836313156162,0.00109658069780973,0.000799556345393478,0.00158178008398306,0,9.89434761624334e-05,0,0,0,0,0,0,0.000953250000016452,0.00069229549735793,8.27514589667707e-05,0.000377018550784697,0.0129606066692237,0.0049611503514688,0.0144889329015608,0.014967186915018,0.0191710650605812,0.00367088342250275,0.00534739192938363,0.00328572371307865,0.000134509136627602,0.000875086413808878,0.00131726069867538,2.22041095598287e-05,0,0,0,0.000326802007814563,0.000117982909631715,0.000326929532460079,4.75301601561641e-05,0,0,0.000252994055123304,0,0.00144855035098202,0.000800985329557667,0,0,7.52893969713903e-05,0.00105654486662314,0,0.000361560405755293,0.0001418969667664,0,0.00290876493390107,0.00496211754324703,0,0,0.000142832725353073,6.3985437230863e-05,0.00971846892037594,0.0108920378203583,0.00687907313557218,0.00615052704080059,0.02522572435992,0.0010266653322982,0.022735742628805,0.00405721850289313,0.00716568215170805
0,0,0,0,0,0.00527675148662911,0,0,0,0,0,0.0472406777746104,0,0,0,0,0,0,0,0,0,0,0,0,0,0,0,0,0,0,0,0,0,0,0,0.014489297739369,0,0.00570014364332661,0,1.46172656950896e-05,0,0,0,0,0,5.88558013078786e-05,0,0,0,0,0,7.58352320395271e-05,0,0,0,0,0,0.0053250173556392,0,0,0,0,0.0708340147712725,0,0,0,0,0,0,0,0,0,0.000163579572981217,0,0,0,0,0,0.012425405670254,0,0.00573284004541118,0,0.000803915213714535,0,0,0,0
0,0,0,0,0.00300711318551808,0,0,0,0,0,0.0194136030283895,0,0,0,0,0,0,0,0.000104366444301475,0,0,0,0,0,0,0,0,0,0,0,0,0,0,0,0,0,0.0171819395207312,0,0.00430777725248762,0,0.000256446015015366,0,0.00127096971091024,0,5.58610927580217e-05,0,0.00186571007352166,8.29714483009431e-06,0.00023845222349117,1.47075762266306e-05,0,0,0,0,0,0,0.00530004511621861,0,0,0,0,0,0,0.149046435654054,0,0,0,0,0,0,0,0.000167120457475499,0,0.0056218013432542,0,0,0,0,0,0.0135288567107136,0,0.00381988297876758,0.00167078226115989,9.37074783515597e-07,0.000833141970613584,0,0
0,0,0,5.69164517498705e-06,0,0,0,0,1.11254504409992e-05,0.000167157116974508,0,0,0,0,0,0,0.000602550554862494,0.00457014066177634,8.45303882898226e-05,0,0,0,0.00374664134289509,0.00781444980580915,0,0.00439653180398705,0,0.000766311002696216,0,0,0,0,0,0,0,0,0,0.0120976840968687,0,1.84784775070028e-05,0,0.000320784022472527,0,0,0,4.33476980720245e-05,0,1.70731983567013e-05,0,0.0118792680643465,0,0,0,0,0,0,0,7.59662925901322e-05,0,0,3.16696609421027e-05,0,0.000161835718114775,0,0.109550106676279,3.63187156229918e-05,0.00385273910726805,0,0.00216240536679524,0,0.00454752887813464,0,0.00206209834374669,0,0,0,0,0,4.3885023193382e-06,0,0.00689355082298818,0,0.00646888009338367,0.000191689402309598,7.06452264690224e-05,0.000237763031113281,0
0,0,0,0,0,0,0,0,5.1898829489161e-05,0,0,0,0,0,2.68113425312172e-05,0,0.000563826760557613,0,2.76216525304309e-05,0,0,0.00374664134289509,0,0,0.00359283367411754,0,0,0,0.000519307212573076,0,0,0,0,0,0,0,0,0,0.0127335347915699,0,0,0,1.96909553613466e-05,0,0,0,0,0,0.00577748636833279,0,0,0,0,0,0,0,0,0,0,0,0,0,0,0,0.000135231173242606,0.10133338703878,0,0.00207816206406775,0,0.00156133252735214,0,0.00628127281621384,0,0.000837106467216121,0,0,0,0,0,0,9.76176397671225e-06,0.00695341703853263,0.00284303785776505,5.55993703383318e-05,7.54786788656286e-06,0,0
0,0,0,0,0,0,0,0,0,0.00661060796722102,0,0,0,0,0,0.000198196416022256,0.000379998988299597,0.00111619418725061,0.000409836313156162,0,0,0.00781444980580915,0,0,0,0.0560177232763133,0,0,0,0,0,0,0,0,0,0,0,0.0154325848930131,0,0,0,0,0,0,0,0,0,0,0,0.00474899671538392,0,0,0,0,0,7.56711040274089e-05,0,0.000113344746285708,0,0,0,0,4.3272195555652e-05,0,0.0143571275493523,0,0.184729526611556,0,0.00397791390386334,0,0.000128550976363975,0,0,0,0,0,0,0,0,0,0.00550968388174171,0,0.00180987124188207,0,0.00297231059189779,0,0
0.00122897772664869,0,0,0,0,0,0,0,0.0296987037323849,0.000559092143686527,0,0,0,0,0.00285264295197914,0,0.00621258689620478,0.00174683908719776,0.00109658069780973,0,0,0,0.00359283367411754,0,0,0,0.058867558142501,0,0,0,0,0,0,0,0,0,0,0,0.0180299704985467,7.9480615707817e-05,0,0,0,0,0,0,0,0,0.0321920616171019,0,0,0,0,0,0.0452800407800673,0,0,0,0,0,0.00120264960721173,0,0,0,0,0.00599840403860481,0,0.174452076569161,0,0.0365935095681935,0,7.85140722535729e-05,0,8.34718013962114e-05,0,0,0,0,0,0,0,0.0062530775375353,0.00303049553101831,0.000121242623118428,0.00469182731716082,0,0
0,0,0,0,0,0,0,0,0.00056158413807222,0.000864916285309159,0,0,0,0,0,0.00398063887818462,0.000898664614418078,0.00853770707023005,0.000799556345393478,0,0,0.00439653180398705,0,0.0560177232763133,0,0,0,0.00423783915522092,0,0,0,0,0,0,0,0,0,0,0,0,0,0.00012320601581349,0,0,0,0,2.42503479186038e-05,0,0,0,0,0,0,0,0,0,0,0,0,0,0,0.0101578787581686,0,0,0.00119079291635433,0,0.00968472847763193,0,0.0709021536684838,0,0.000531645379885945,0,0,0,0,0,0,0,3.77222033203672e-06,0,2.1178362491519e-06,0,0.000959929200276531,8.57203952666125e-06,1.02460803470556e-05,0,0
0,0,0,0,0,0,0,0,0.0119559966310678,0.000291901551094589,0,0,0.00108019329617973,0,0.0181940954260404,0,0.0390789964687053,0.0021628639037759,0.00158178008398306,0,0,0,0,0,0.058867558142501,0,0,0,0.00181944285061154,0,0,0,0,0,0,0,0,0,0,0,0,0,0,0,0,0,0,0,0.000103102346806147,0,0,0,0,0,0.0045968054612267,0,0,0,0,0,0.00598246023046794,0,0,0,0,0.000232234692962901,0,0.021688775351298,0,0.0283208370639316,0,7.42059928597882e-05,0.000204935079660053,0,0,0,0,0,0,1.94499870487053e-05,1.382157392927e-05,0,0.00332465693441715,0.000565512942152437,0,0,0
0,0,0,0,0,0,0,0,0,0,0,0,0,4.34244539064821e-05,0,0,0,0,0,0,0,0.000766311002696216,0,0,0,0.00423783915522092,0,0,0,0.00714544703684084,0,0,0,0,0,0,0,0.000530571854509261,0,0,0,0,0,0,0,0,0,0,0,0,0,0,0,0,0,0,0,0,0,0,0,0,0,0,0.00175031584170795,0,0,0,0.00288717517059808,0,0.0338101435253631,0,0.000142408670833493,0,0,0,0,0,0,0,0.000889029249131851,0,0.000124450743953911,0,0,0,0
0,0,0,0,0,0,0,0,4.44842072658096e-05,0,0,0,0,0,0,0,0.000571563177617231,2.40163313519794e-06,9.89434761624334e-05,0,0,0,0.000519307212573076,0,0,0,0.00181944285061154,0,0,0,0.010634018171967,0,0,0,0,0,0,0,7.40938305405416e-05,0,0,0,0,0,0,0,0,0,1.18283631464908e-05,0,0,0,0,0,0.000196847488389239,0,0,0,0.00128675209957742,0,0.000235384111874737,0,0,0,0,0.000102533185232539,0,0,0,7.06970428930153e-05,0,0.015151069623285,0,0.00948900818126846,0,0,0,0,0,0,0,0.000424720620799241,0.000319215911657973,2.41270456215209e-05,0,0,0
0,0,0,0,0,0,0,0,0,0,0,0.00681778503120436,0,0,0,0,0,0,0,0,0,0,0,0,0,0,0,0.00714544703684084,0,0,0,0,0,0,0,0,0,0.0063521312722778,0,0,0,0,0,0,0,0,0,0,0,0,0,0,0,0,0,0,0,0.00168362214900085,0,0,0,0,0,0,0,0,0,0,0,0,0.0175787765995924,0,0.10310792387009,0,0,0,0,0,0,0,0.00594260558721255,0,2.41621714458214e-05,0,0,0,0
0,0,0,0,0,0,0,0,0,0,0.00349204866098823,0,0,0,0,0,0,0,0,0,0,0,0,0,0,0,0,0,0.010634018171967,0,0,0,0,0,0,0,0,0,0.00207629198494756,0,0,0,0.000149540972755447,0,0,0,0.000166248825643395,6.06697875737189e-05,1.39440340361014e-05,0,2.950013043948e-05,0,0,0,0,0,0.00320769812012011,0,0,0,0,0,0,0.0008220054941829,0,0,0,0,0,0,0,0,0,0.0588556595921912,0,0,0,0,0,2.62916944810919e-05,0,0.00329833743010236,0.000187411930657824,0,2.88270627843092e-05,0,0
0,0,0,0,0,0,0,0,0,0,0,0,0,0,0,0,0,0,0,0,0,0,0,0,0,0,0,0,0,0,0,0,0.0367696948243257,0.0032617481465712,0,0.0040379162741503,0,0,0,3.34525052258218e-05,0,0,0,0,0,0,0,0.0205945061934426,0,0.000329627448816996,0,2.82243915767392e-05,0,0,0,0,0,0,0,0,0,0,0,0,0,0,0,0,0,0,0,0,0,0,0.232864022632688,0.0095740756622806,0.0103065210658625,0,0.00337369593776668,5.95523154145342e-06,1.1474152595612e-05,0,0.000648793189744999,0,1.32665567338566e-05,0,0
0,0,0,0,0,0,0,0,0,0,0,0,0,0,0,0,0,0,0,0,0,0,0,0,0,0,0,0,0,0,0,0.0367696948243257,0,0.000773804716766786,0.0184330537350467,0,0.00255644500011239,0,0,0,0,0,0,0,0,0,0,0.0130516111078104,5.54546703645897e-05,0,0,0,0,0,0,0,0,0,0,0,0,0,0,0,0,0,0,0,0,0,0,0,0,0,0.0208748574178498,0.342519106092155,0.000428842866170217,0.0106354568778104,0.000131125738808753,0.00319387048551931,0,0,0.00145832020836325,0,0,0,0
0,0,0,0,0,7.84112176508228e-05,0,0,0,0,0,0,0,0,0,0,0,0,0,0,0,0,0,0,0,0,0,0,0,0,0,0.0032617481465712,0.000773804716766786,0,0.0220697695596077,0.00907271397316301,0,0.00703683408918268,4.14648840744338e-05,0.000312833211612248,5.72365486130127e-05,0.00011071394123678,0,0,0,0.000266773350615141,5.63117468993556e-05,0.167428292080344,0.000248625616316431,0.000865074811008217,0,2.18928211129799e-05,0,0,0,0,0,0,0,0,0,0,2.93119190280266e-05,0,0,0,1.52792174179994e-05,0,0,0,0,0,1.58068668463284e-05,0,0.00327377299989113,0.000192495085513869,0.240359058735915,0.0141864499899493,0.00861587984118762,0,0.000861112337684264,0.000562932627506306,0.000743824258054995,0.000194293097445752,0.000173930061985285,0,0
0,0,0,0,2.05581301074092e-05,0,0,0,0,0,0,0,0,0,0,0,0,0,0,0,0,0,0,0,0,0,0,0,0,0,0,0,0.0184330537350467,0.0220697695596077,0,4.45000329261252e-06,0.00412595243359148,4.61982203802985e-06,0.0035898567905498,0,0.000338625518131725,7.02715954123997e-06,6.90196055650643e-05,0,0,1.30080742908229e-05,0.000231130450681101,0.122812098927692,0.00122813166008166,0.00015546139252043,0,0,0,0,0,0,0,0,0,0,0,0,8.73679952228265e-06,0.000233719223647074,0,0,0,0,0,0,0,0,0,0,0,0.012009667856425,0.0315658250923319,0.267734439340734,2.1275721884721e-06,0.00822894089470003,0,0.00286263042829326,0.00127002840315358,0,6.11356032783543e-05,0,0
0,0,0,0.000153986678229115,0,0.000257127982320157,0,0,0,0,0,0.0023692119206247,0,0,0,0,9.07040346547665e-05,0.000134749321428192,0.000953250000016452,0.014489297739369,0,0,0,0,0,0,0,0,0,0,0,0.0040379162741503,0,0.00907271397316301,4.45000329261252e-06,0,0.00264508095359754,0.0301237917806344,0.000100995796159859,0.000338115284708403,1.07042614130166e-05,0.0013647058821077,5.07540035007787e-05,0.000903581462391875,0,0.00216743273328103,1.36882780227492e-06,0.00250546662728445,0.000149182996194312,0.000707723739317404,0,8.25047081706564e-05,0,0,0,0,0,0.000226740900199897,0,0,0,0,0.00644521938768904,2.57550285740488e-06,0,0,0,0,1.29820952341241e-06,0,1.49643862919725e-05,0,0.000112920351118811,5.42699011234491e-06,0.00068451722654992,0,0.00146885078339529,1.22885920906118e-05,0.0904556521826804,6.71569370269681e-05,0.0175423618165957,6.1630944443049e-05,0.00776445766017994,0.00177844080548454,0.000832632679035856,0.000306152415178749,8.54425697203318e-06
0,0,0,0,0.000121370824734605,0,0,0,0,0,0.00208668334961082,0,0,0,0,0,9.76099283510567e-05,2.88819512475153e-05,0.00069229549735793,0,0.0171819395207312,0,0,0,0,0,0,0,0,0,0,0,0.00255644500011239,0,0.00412595243359148,0.00264508095359754,0,2.07699670664479e-05,0.0217870477345347,0,0.000117338971468013,1.28875679386048e-05,0.000906497955017354,2.67117058563595e-05,0.000291438954030267,2.06562191908449e-05,0.00240990878696045,0.000193628701437462,0.000696016471022002,6.14621720842643e-05,0,0,0,0,0,0,0.000745909535665174,0,0,0,0,0,0,0.00374246105566649,0,0,0,0,0,0,2.70135216137298e-06,0,2.86977238920703e-06,7.2973623967664e-05,0,0.000371077839357998,0,0.00126180493099548,0.000500115375959704,0.100252098423389,0,0.00423852951093097,0.01145559690181,0.0024701631912736,0.000782922370900755,2.0748050037135e-06,0.000125750462263278
0,0,0,0,0,4.29955679071524e-06,0,0,0,0.000671500701944193,0,0.0131750543991941,0,0,0,0,1.31383323519522e-05,1.63890788470643e-05,8.27514589667707e-05,0.00570014364332661,0,0.0120976840968687,0,0.0154325848930131,0,0,0,0.000530571854509261,0,0.0063521312722778,0,0,0,0.00703683408918268,4.61982203802985e-06,0.0301237917806344,2.07699670664479e-05,0,0.0021337210189754,1.01834925393404e-05,0,0.000138913419047408,9.30715444742112e-06,0.000132203022931742,0,0.000108939432724344,8.5380257613954e-06,0.000812140302133339,0,0.00211077242355918,0,0,0,0,0,2.74630471375462e-05,0,0.00217423775705197,0,0,0,0,0.000961629967376947,0,0.00334732259382653,0,0.0103390918134057,0,0,0,0.000836652182719458,0,0.00384087583355751,0,0,0,0.00346657835350154,0,0.00660554784972675,6.53598029259291e-06,0.109319464909452,0.000842495723918492,0.00701042944506333,0.00204761173636938,0.000201998890704435,3.7459859488182e-05,0
0,0,0,0,5.25718838820534e-05,0,0,0,0.000491066923902532,0,0.0122749946302443,0,0,0,0,0,4.72165604679459e-05,2.98802865805445e-05,0.000377018550784697,0,0.00430777725248762,0,0.0127335347915699,0,0.0180299704985467,0,0,0,7.40938305405416e-05,0,0.00207629198494756,0,0,4.14648840744338e-05,0.0035898567905498,0.000100995796159859,0.0217870477345347,0.0021337210189754,0,0,0.000125973771441121,6.19067712967328e-05,0.000480210044919071,0,0.00026769326066687,0,0.00063407707760651,0.000437454241528547,0.00206743819490696,0,0,0,0,0,0.000693269843920429,0,0.00162813618380416,0,0,0,0,0,0,0.00103213221882753,0,0.011571114466007,0,0.00287164301262321,0,0,0,0,0,9.15303656635768e-05,0,0,0,0.00369910077371323,9.35530337159974e-07,0.00720367685791691,0.000188719361878014,0.102853744133177,0.00776888954261511,0.00378786614763145,0.00125316840396331,2.84370199112312e-06,6.52314567247105e-05
0,0,0,0,0,0.001699386096936,0,0,0,1.58458954763094e-05,0,0,0,0,0.000149793372296699,0,0.000342051628847697,0.00100358909532807,0.0129606066692237,1.46172656950896e-05,0,1.84784775070028e-05,0,0,7.9480615707817e-05,0,0,0,0,0,0,3.34525052258218e-05,0,0.000312833211612248,0,0.000338115284708403,0,1.01834925393404e-05,0,0,0.00020577419845098,0.0509273601215964,0.00103296211872508,0.00879203485987023,0,0.0243787182800342,0,0.00606155684848701,0.00073914565446247,0.0399080893029517,0,0.000381377880447996,0,0,0,0,0,0.000354375903905771,0,0,0,0,0.0028324467328288,8.72958783339466e-06,0,0,0.000110838840347037,0,0,0,0.000145154611693943,0,0.00326357636556328,7.65089984918199e-05,0,0,8.10123801021098e-05,0,0.00595197572414398,8.51670019746607e-05,0.00323425495208937,4.25021735853515e-05,0.000826727651182043,4.369850493461e-05,0.0177030333610904,0.0061255686317341,0.000249752135605283
0,0,0,0,0.000551669826468218,0,0,0,0,2.63490461281377e-05,0,0,0,0,0,0,0.000496033179823664,0.000385066767549333,0.0049611503514688,0,0.000256446015015366,0,0,0,0,0,0,0,0,0,0,0,0,5.72365486130127e-05,0.000338625518131725,1.07042614130166e-05,0.000117338971468013,0,0.000125973771441121,0.00020577419845098,0,0.00085232186524882,0.0569164709039123,0,0.00267446124847376,0,0.0203717567799397,0.00623438208489558,0.0651310939587856,0.000482444020005961,0.000247677631090455,0,0,0,0,0,0.000378331349860553,0,0,0,0,0,0,0.00373403952177644,0,0,0,0,0,0,0,1.46919424102982e-05,3.90935390357553e-05,0.00255057575701771,0,0,0.000104979759584202,0.00109220498112308,1.70958349971065e-05,0.00644029440440017,2.51852711864106e-05,0.00217805513817819,0.000617828181604856,8.38918544362731e-07,0.0163645348082042,2.42366767137566e-05,0.00234548784172365
0,0.00108766065840173,0,0.00165568193821302,2.52902579334606e-05,0.00151378757932137,0,0,5.24321263706956e-05,0.000327341931496418,0,0,0,0,0,0,0.000807200281069269,0.00087756038140849,0.0144889329015608,0,0,0.000320784022472527,0,0,0,0.00012320601581349,0,0,0,0,0,0,0,0.00011071394123678,7.02715954123997e-06,0.0013647058821077,1.28875679386048e-05,0.000138913419047408,6.19067712967328e-05,0.0509273601215964,0.00085232186524882,0,0.0175063976891902,0.00396829073110422,0,0.00670614102788009,8.41189026376841e-06,0.00505494715881879,0.000581353779991322,0.0259941028297405,0,0.00012817951600732,0,0,0,0,0,0.00604846095841363,0,0,1.43731948855633e-05,0,0.0170970232792393,0,8.27607322983991e-05,0,0.000337814746839379,0,8.58241815976333e-05,0,0.00270186502735871,0,0.0524451168842865,0.000259156663709447,0,0,6.49489364086601e-05,4.34761840792535e-05,0.0160427657460823,0.000400514610528488,0.0141685078033118,0.000359072989898255,0.0035044162741805,4.12208313852969e-05,0.0477856517814234,0.0538310835508638,0.00113357374867198
0,0,0.000184284206436053,0,0.000451799994550279,0,0,0,0.000173111494308861,3.05247660401316e-05,0,0,0,0,0,0,0.00129207616148767,0.000544014734936684,0.014967186915018,0,0.00127096971091024,0,1.96909553613466e-05,0,0,0,0,0,0,0,0.000149540972755447,0,0,0,6.90196055650643e-05,5.07540035007787e-05,0.000906497955017354,9.30715444742112e-06,0.000480210044919071,0.00103296211872508,0.0569164709039123,0.0175063976891902,0,9.30839500681599e-05,0.00138612004274309,0.000148408564623079,0.0080861906354249,0.00792071463501773,0.0155723925363379,0.000381384965773289,0.000123856414585933,0,0,0,0,0,0.00822889195212925,0,0,0,0,0,9.46483439640199e-05,0.0295444963219829,0,0,0,0,0,6.73590930848947e-05,0,3.72242120255314e-05,8.32359690223428e-05,0.0364479935943927,0,0,1.44998706363963e-05,0.00053976453367671,0.000404768363489922,0.0170495986381528,0.000226382441681744,0.00882423125433671,0.0041215287433969,5.20176867158489e-05,0.0681004800105387,0.000284570403406528,0.0708058315462875
0,0,0,0,0,0,0,0,0,0,0,0,0,0,0,0,0.000254104962243617,0.000385655352173905,0.0191710650605812,0,0,0,0,0,0,0,0,0,0,0,0,0,0,0,0,0.000903581462391875,2.67117058563595e-05,0.000132203022931742,0,0.00879203485987023,0,0.00396829073110422,9.30839500681599e-05,0,0,0.00181680329904927,1.67355348433523e-05,0.000228303929886075,0,0.00110217514631128,0,0,0,0,0,0,0,4.42367818104766e-05,0,0,0,0,0.000531857881681105,0.000291503811552008,0,0,6.69816890535068e-05,0,0,0,5.8135650610656e-05,0,0.00593386988878016,0,0,0,0,0,0.00252012452616136,0.000187364370320111,0.00832699093595016,4.43885034671003e-05,0.000429814942473971,2.05903000646675e-05,0.00356961773534372,0.00841656545093969,0.000185321858523317
0,0,0,0,0,0,0,0,0,0,0,0,0,0,0,0,0.000104219804177449,4.70074993737023e-05,0.00367088342250275,0,5.58610927580217e-05,0,0,0,0,0,0,0,0,0,0,0,0,0,0,0,0.000291438954030267,0,0.00026769326066687,0,0.00267446124847376,0,0.00138612004274309,0,0,0,0.000476152738772629,1.67354148455129e-05,0.000307329651113292,0,0,0,0,0,0,0,0.000386781523957816,0,0,0,0,0,0,0.000105450230279064,0,0,0,0,0,0,0,0,0.000261074006145851,0.0110829508708163,0,0,0,0.0002938171667413,1.51674211395802e-05,0.00186352184108306,0,0.00255199408295496,9.65138162490111e-05,1.17932421747936e-05,0.00183587695735676,0,0.00463349371308286
0,0,0,0.000369188302779107,0,0.0133109706125859,0,0,0,0,0,0,0,0,0,0,6.82097761003046e-05,0.000141923770316469,0.00534739192938363,5.88558013078786e-05,0,4.33476980720245e-05,0,0,0,0,0,0,0,0,0,0,0,0.000266773350615141,1.30080742908229e-05,0.00216743273328103,2.06562191908449e-05,0.000108939432724344,0,0.0243787182800342,0,0.00670614102788009,0.000148408564623079,0.00181680329904927,0,0,7.87684288937118e-06,0.00733963472434316,0.000508337931751401,0.0129204901674993,0,0.00311524671580394,0,0,0,0,0,0.00304376338918439,0,3.0360102395519e-05,0,0,0.0315023345124563,0,1.08780137294337e-05,0,6.6282592544024e-05,0,4.05564353062409e-05,0,0.00051013233548907,0,0.0090589756946621,1.59835841334922e-05,0,0,0.000171483700896385,0,0.0181527272812268,4.61852210964423e-05,0.0141669359875893,4.02975107446893e-05,0.000808220614817375,2.53835255073847e-06,0.0106474993968351,0.00307520420068472,2.56984964994524e-05
0,0,0.000257987218154011,0,0.001057867362759,0,0,0,0,0,5.90842912388514e-05,0,0,0,0,0,0.000154021749137568,0.000301182279937402,0.00328572371307865,0,0.00186571007352166,0,0,0,0,2.42503479186038e-05,0,0,0,0,0.000166248825643395,0,0,5.63117468993556e-05,0.000231130450681101,1.36882780227492e-06,0.00240990878696045,8.5380257613954e-06,0.00063407707760651,0,0.0203717567799397,8.41189026376841e-06,0.0080861906354249,1.67355348433523e-05,0.000476152738772629,7.87684288937118e-06,0,0.00221879291677022,0.0148231883293104,5.93607018721572e-05,0.000114578828675342,0,0,0,0,0,0.00221885054808859,0,0,0,0,0,0,0.0413049081949606,0,0,0,0,0,0,0,1.04743832253697e-05,0,0.0138637699124416,0,0,9.52493735508451e-06,0.000513445246730335,5.45864173839149e-05,0.0238155525658207,4.12942723385865e-05,0.00764937562470005,0.000573802242980311,1.9521537588253e-05,0.0100213832117212,0,0.0056158773181307
0,0,0,0,0.000200342602591725,0.00454931882588561,0,0,0,0,0,0,0,0,0,0,0,5.6795597450863e-06,0.000134509136627602,0,8.29714483009431e-06,1.70731983567013e-05,0,0,0,0,0,0,0,0,6.06697875737189e-05,0.0205945061934426,0.0130516111078104,0.167428292080344,0.122812098927692,0.00250546662728445,0.000193628701437462,0.000812140302133339,0.000437454241528547,0.00606155684848701,0.00623438208489558,0.00505494715881879,0.00792071463501773,0.000228303929886075,1.67354148455129e-05,0.00733963472434316,0.00221879291677022,0,0.0967264598995143,0.0742307951366923,0.000222083180434081,0.00107804841220757,0,0,0,0,0.00014815091957155,0.000585326278672275,0,0,0,0,0.000811270071495285,0.00165783686792619,9.95331854287376e-06,0,6.72254258168675e-05,0,6.6128235506706e-05,0,0.000137837267718899,0,0.001756208074682,0.000389269729693309,0.0323614191130533,0.0618125091618957,0.140855799971337,0.149437937899867,0.00508108588699881,0.0083775186800962,0.000490052515505644,6.45673406796521e-05,0.00596966104972105,0.000341835895426197,0.0389604548289349,0.000654403538050855,0.000398320609081875
0.000307256921640154,0,0.000205686998572097,0,0.0018009492833047,0.000276945401975928,0,0,0,0,0,0,0,0,0.00138800523180493,0,1.82463866204594e-05,5.97831840732216e-05,0.000875086413808878,0,0.00023845222349117,0,0.00577748636833279,0,0.0321920616171019,0,0.000103102346806147,0,1.18283631464908e-05,0,1.39440340361014e-05,0,5.54546703645897e-05,0.000248625616316431,0.00122813166008166,0.000149182996194312,0.000696016471022002,0,0.00206743819490696,0.00073914565446247,0.0651310939587856,0.000581353779991322,0.0155723925363379,0,0.000307329651113292,0.000508337931751401,0.0148231883293104,0.0967264598995143,0,8.74259113140203e-05,0.00161885512190856,0,0,0,6.71882173041306e-05,0,0.00113628342072719,6.84021213850829e-05,0,0,0.00949820291831555,0,2.63077193696054e-05,0.00818835498037977,0,0.00367561155632482,0,0.0151856776538852,0,0.001272209743966,0,0.00179852897093048,3.09087163178644e-05,0.00556771469403701,0,0.000138522709484423,0.000192336626715247,0.00625134374801895,0.000358057944879049,0.00603171395361113,0,0.0101862197134579,0.00151038669657867,0,0.0305572348581327,0,0.00156482848925637
0,0.0185032069565905,0,0.00266397546682125,0.000119346932676455,0.0081160362512803,0,0,0,0.00966443128632601,0,0,0,0,0,0,0.000109848250375112,6.63304064609643e-05,0.00131726069867538,0,1.47075762266306e-05,0.0118792680643465,0,0.00474899671538392,0,0,0,0,0,0,0,0.000329627448816996,0,0.000865074811008217,0.00015546139252043,0.000707723739317404,6.14621720842643e-05,0.00211077242355918,0,0.0399080893029517,0.000482444020005961,0.0259941028297405,0.000381384965773289,0.00110217514631128,0,0.0129204901674993,5.93607018721572e-05,0.0742307951366923,8.74259113140203e-05,0,0,0.00381551734016636,0,0,0,0.00248909028350982,0,0.0140821391411388,0,0.00167761277414021,0,0.00130671690722232,0.00699780642560434,1.5476139102282e-05,0.00732784695254437,0,0.0211257679210531,0,0.00335678659123943,0,0.00345231917961694,0,0.0239541068371074,0,0.000174786746016402,0,0.00414922771138461,0.000117954460553257,0.00400703501373927,7.24885691349564e-05,0.00869608102726271,0,0.00101818886872174,1.44231622482978e-05,0.0235740721129475,0.00383322734502996,0
0,0,0.0666853904008395,0,0.0814574507754617,0,0.00150327038023333,0,0,0,0,0,0.000940534501741455,0,0,0,0,0,2.22041095598287e-05,0,0,0,0,0,0,0,0,0,0,0,2.950013043948e-05,0,0,0,0,0,0,0,0,0,0.000247677631090455,0,0.000123856414585933,0,0,0,0.000114578828675342,0.000222083180434081,0.00161885512190856,0,0,0,0.00114960918925294,0,0.0296157293242797,0,0.00221382618954502,0,0.0101250384523687,0,0.000224751583165596,0,0,0.00605754602731075,0,0,0,0,0,0,0,0,0,0.00135577164169901,0,0,0,0,0,1.48280242995399e-05,0,9.20954169481103e-05,0.000214622412657938,0,0.00163300633946766,0,0
0,0.00366212576138907,0,0.0399655055667614,0,0.0633005633498499,0,0.00220139399010848,0,0,0,0,0,0.000654418002321723,0,0,0,2.85773820389568e-06,0,7.58352320395271e-05,0,0,0,0,0,0,0,0,0,0,0,2.82243915767392e-05,0,2.18928211129799e-05,0,8.25047081706564e-05,0,0,0,0.000381377880447996,0,0.00012817951600732,0,0,0,0.00311524671580394,0,0.00107804841220757,0,0.00381551734016636,0,0,0,0.0150548667437727,0,0.00034323740973605,0,0.00180654233700357,0,0.00513240397814211,0,0.0119114037880478,0.0100111072147373,0,0,0,0,0,0,0,2.85545832190038e-05,0,0.000433680283014447,0,0,0,3.73267111870128e-05,0,0.000283344694971241,0,7.93941732873883e-05,1.8912032285843e-06,0.000567021823233086,0,0.00488229117614981,0.000891769547620984,0
0,0,0,0,0.0124251346005709,0,0.0386107085590625,0,0,0,0,0,0.00162378669365109,0,0,0,0,0,0,0,0,0,0,0,0,0,0,0,0,0,0,0,0,0,0,0,0,0,0,0,0,0,0,0,0,0,0,0,0,0,0.00114960918925294,0,0,0,0,0,0.000126028812262665,0,0,0,0,0,0,0,0,0,0,0,0,0,0,0,0,0,0,0,0,0,0,0,0,0,0.000813616094415232,0.000308200786594836,0,0,0
0,0,0,0,0,0.00318928306355625,0,0.0590511809253538,0,0,0,0.000551034761845742,0,8.593279926572e-05,0,0,0,0,0,0,0,0,0,0,0,0,0,0,0,0,0,0,0,0,0,0,0,0,0,0,0,0,0,0,0,0,0,0,0,0,0,0.0150548667437727,0,0,0,0,0,0.00550088984693651,0,0,0,0,0,0,0,0,0,0,0,0,0,0,0,0,0,0,0,0,0,0,0,0,0.000567403195701261,0,0,0,0
0.0245903906138071,0,0.000455081875583296,0,0.00618592407168672,0,0,0,0.0724085157173286,0.000285751339000037,0,0,0,0,0.0151913721480926,0,0.00219000098155354,0.000457575488855909,0.000326802007814563,0,0,0,0,0,0.0452800407800673,0,0.0045968054612267,0,0.000196847488389239,0,0,0,0,0,0,0,0,0,0.000693269843920429,0,0,0,0,0,0,0,0,0,6.71882173041306e-05,0,0.0296157293242797,0,0,0,0,0,0,0,0,0,0.00227599125022163,0,0,0,0,0,0,0.0338110914496084,0,0.000867062105660725,0,0,0,0,0,0,0,0,0,0,0,0.000866553090706762,0.000635253485369381,3.54942334674799e-05,0.00143529253734611,0,0
0,0.0546792990397653,0,0.00171733390436201,0,0,0,0,0,0.081632060744188,0,0,0,0,0,0.000466286185232265,0,4.4035797291642e-05,0.000117982909631715,0,0,0,0,7.56711040274089e-05,0,0,0,0,0,0,0,0,0,0,0,0,0,2.74630471375462e-05,0,0,0,0,0,0,0,0,0,0,0,0.00248909028350982,0,0.00034323740973605,0,0,0,0,0,0,0,0,0,0.00172742056729959,0,0,0,0,0.0255571283436121,0,0,0,0,0,0,0,0,0,0,0,0,0,0.0002492535119276,0,0.000158820139368474,0,0,0,0
0,0,0.000547656689997744,0,0.00250824568664681,0,0.00145014729707562,0,0,0,0.0614092277047517,0,0.000578009905897101,0,0,0,3.08827192086012e-05,2.48870278556283e-05,0.000326929532460079,0,0.00530004511621861,0,0,0,0,0,0,0,0,0,0.00320769812012011,0,0,0,0,0,0.000745909535665174,0,0.00162813618380416,0,0.000378331349860553,0,0.00822889195212925,0,0.000386781523957816,0,0.00221885054808859,0.00014815091957155,0.00113628342072719,0,0.00221382618954502,0,0.000126028812262665,0,0,0,0,0,0.00554235713993642,0,0.00115126074823563,0,0,0.0360385580994445,0,0,0,0,0,0,0,0.0176722920975123,0,0.0545169888516321,0,0,0,1.89619747073192e-05,7.02615263876001e-06,0.000229350615389706,0,0.000685447138565326,0.000186222020428965,0,0.00505932797275374,0,0.00339163056816378
0,0.000274591955632493,0,0.000760235893066786,0,9.07127693108778e-05,0,0,0,0,0,0.0750544205513166,0,0.000135399292977987,0,0,0,1.9313271246059e-05,4.75301601561641e-05,0.0053250173556392,0,7.59662925901322e-05,0,0.000113344746285708,0,0,0,0,0,0.00168362214900085,0,0,0,0,0,0.000226740900199897,0,0.00217423775705197,0,0.000354375903905771,0,0.00604846095841363,0,4.42367818104766e-05,0,0.00304376338918439,0,0.000585326278672275,6.84021213850829e-05,0.0140821391411388,0,0.00180654233700357,0,0.00550088984693651,0,0,0,0,0,0.0127550685744527,0,0.000284076780188126,0.027709552175853,0,0.000946978802565884,0,0.00855381212420304,0,0.00876795730048446,0,0.0234656107882036,0,0.0395706762827644,0,0,0,1.31846338413277e-05,0,0.000257520604259471,1.53156930612851e-05,0.00543561308895644,0,0.0020672201128612,6.42894917798767e-06,0.00608944403653277,0.00284696238349032,0
0,0,0,0,0.00791275384750778,0,0.000394053256758786,0,0,0,0.000189191539282671,0,0.0101163216967959,0,0.00158881510118847,0,0,0,0,0,0,0,0,0,0,0,0,0,0.00128675209957742,0,0,0,0,0,0,0,0,0,0,0,0,0,0,0,0,0,0,0,0,0,0.0101250384523687,0,0,0,0,0,0.00554235713993642,0,0,0,0.00171741143450664,0,0,0,0,0,0,0,0,0,0,0.00303790108209168,0,0.000114003309907003,0,0,0,0,0,0,0,0,4.33908035878093e-05,0,0,0,0
0,0,0,0.000224929648258581,0,2.69986154361405e-05,0,0.000144691628520377,0,0,0,0.000138369996420806,0,0.0212387334349124,0,0,0,0,0,0,0,0,0,0,0,0,0,0,0,0,0,0,0,0,0,0,0,0,0,0,0,0,0,0,0,3.0360102395519e-05,0,0,0,0.00167761277414021,0,0.00513240397814211,0,0,0,0,0,0.0127550685744527,0,0,0,0.0133729101109901,8.53781409708302e-05,0,0,0,0.000154273732630028,0,0.00663865606685323,0,0.00256550951367784,0,0,0,0,0,0,0,0,0,0,0,8.2777325414883e-05,0,8.27988269894752e-05,0,0
0.000349895494007114,0,0,0,0,0,0,0,0.00685930640221464,0.000361131230630685,0,0,0.000626776547461721,0,0.0689617863621563,0,0.00539874917144762,0.000568294926303753,0.000252994055123304,0,0,3.16696609421027e-05,0,0,0.00120264960721173,0,0.00598246023046794,0,0.000235384111874737,0,0,0,0,0,0,0,0,0,0,0,0,1.43731948855633e-05,0,0,0,0,0,0,0.00949820291831555,0,0.000224751583165596,0,0,0,0.00227599125022163,0,0.00115126074823563,0,0.00171741143450664,0,0,0,0,0,0,0,0,0.000160654072785043,0,0.00402498395059783,0,0,0,0,0,0,0,0,0,0,0,0,0.000683053445075068,0.000203119742220704,0,0,0
0,0.00431783744244085,0,0.00252184317277176,0,0,0,0,0,0,0,0,0,0,0,0.00760091286513121,0,0,0,0,0,0,0,0,0,0.0101578787581686,0,0,0,0,0,0,0,0,0,0,0,0,0,0,0,0,0,0,0,0,0,0,0,0.00130671690722232,0,0.0119114037880478,0,0,0,0.00172742056729959,0,0.000284076780188126,0,0.0133729101109901,0,0,0,0,0,0,0,0,0.0150730812171212,0,0,0,0,0,0,0,0,0,0,0,0,0,0,0,1.87856244542651e-05,0,0
