0,0,6.33213776393528,0,0,0,0,0,5.37563981428558,56.6119397481283,0,0,0,0,0,0,0,41.8266143798828,17.8372218608856,0,0,0,0,0,0,0,0,0,0,0,0,0,0,0,0,0,0,41.78858148484,0,0,29.0390391349792,42.155005645752,25.2352186170947,0,0,0,21.7619722239176,41.2094599405924,5.5052573848189,49.7402350685813,0,0,0,0,4.90975509371076,0,0,0,0,0,3.48006293165539,0,0,27.4433860778809,0,0,0,0,0,0,0,0,0,0,0,0,0,0,59.4303245544434,31.3092403201341,0,29.2591120402018,17.1294419424874,0,19.4659718155382,0,11.1297588348389
0,0,0,4.94951843503696,0,13.338333884875,0,0,0,5.68138769008361,0,0,0,0,0,5.17463756507298,23.6793575286865,51.9783973693848,22.4360322546452,0,0,0,0,0,0,0,0,0,0,0,0,0,0,0,0,79.5365219116211,0,0,0,27.9448209944225,0,25.2532659983172,42.581595102946,0,0,16.2429359436035,72.0007648468018,0,46.2068412780762,3.78142740345527,0,0,0,0,0,5.16411143961087,0,42.1745414733887,0,0,0,4.070774632984,0,0,0,0,3.6839844584465,0,3.65966467857361,0,0,0,0,0,0,0,0,0,29.4971200284504,0,29.2050371170044,0,8.02099327976639,9.8775053024292,22.8598082835695,34.447180480957,0
6.33213776393528,0,0,0,10.4862179365871,0,0,0,8.13952079159873,0,0,0,0,0,0,0,55.8594694137573,78.2607669830322,34.4870285511017,0,0,0,0,0,0,0,0,0,0,0,0,0,0,0,0,0,0,46.0428746541341,0,54.4561080932617,31.6282911062241,76.5991268157959,28.3782698533365,0,0,0,20.7448977193525,35.8105319630016,28.7304334094127,0,6.89883905616966,0,0,0,7.19866608110674,0,19.5690326815428,0,4.06338080391288,0,3.33885284832546,0,0,22.5438114562125,0,0,0,0,0,0,0,0,69.8671264648438,27.8762648105621,0,0,0,0,108.172859191895,30.7572826809353,0,31.2250231424967,11.1653835319626,30.5869042532785,17.6665438815039,76.7439498901367,16.9856188183739
0,4.94951843503696,0,0,0,9.04504635930061,0,0,0,7.66164989272753,0,0,0,0,0,0,0,55.9764137268066,41.6304995218913,10.7451087878301,0,0,0,0,0,0,0,0,0,0,0,0,0,0,0,19.4490944809384,38.8308792114258,0,0,40.8443880495818,58.4861297607422,36.0761019736528,49.0868157280816,0,0,21.2554969787598,0,35.6453519548689,38.682719707489,37.2548208930276,0,7.22939138296174,0,0,0,6.87954687665809,0,7.50629417139207,0,6.03490698879415,0,2.84464466571808,16.5966132591511,0,0,0,0,0,0,0,0,0,33.1181171558521,0,0,0,0,0,29.2584048301455,60.8080368041992,35.0167644334876,0,10.095712404736,31.3304041007469,14.6912593301823,28.331991314888,0
0,0,10.4862179365871,0,0,0,6.01205682754517,0,7.89839780848959,0,6.65950155258179,0,0,0,3.21595000303709,0,63.2507171630859,75.0188674926758,60.0513079716609,61.7455101013184,8.20392891428163,0,0,0,0,0,0,0,0,0,0,0,0,0,0,0,28.9806591033936,54.8793525695801,0,0,40.9085794750013,0,44.7114974614736,0,0,0,42.2355361737703,41.7877644130162,44.2611650383991,43.854362487793,4.21704042359154,0,6.93618330359459,0,0,0,26.6304823458195,0,0,0,0,0,0,28.8084271748861,0,0,0,0,0,0,0,0,0,35.730842590332,0,0,0,0,0,57.6420164108276,0,72.4991836547852,8.75483251238593,39.0448157570579,23.7693724140928,0,43.7639961242676
0,13.338333884875,0,9.04504635930061,0,0,0,3.43923908472061,0,4.50297235158774,0,0,0,0,0,4.03059557914734,0,0,0,5.43689323105711,0,0,0,0,0,0,0,0,0,0,0,0,0,0,0,22.4965657031897,0,0,0,0,0,50.9438972473145,90.7615737915039,0,0,11.5306339263916,0,38.9325408935547,0,51.9604326883952,0,4.35535801581617,0,3.38909339904785,0,2.95402852694194,0,3.43159516652425,0,3.38218486309052,0,4.11608680089315,10.2210599092337,0,0,0,0,0,0,0,0,0,0,0,0,0,0,0,15.75752027362,0,0,0,4.59101594023255,36.2531270651982,10.1907903106273,57.9889589945475,0
0,0,0,0,6.01205682754517,0,0,0,0,0,4.87801333268483,0,0,0,0,0,0,0,0,0,5.82940741146312,0,0,0,0,0,0,0,0,0,0,0,0,0,0,0,41.3459434509277,0,0,0,0,0,49.488208770752,0,0,0,0,0,0,0,5.47945237159729,0,3.02722664526951,0,0,0,4.83244872093201,0,0,0,0,0,0,9.11905562877655,0,0,0,0,0,0,0,0,0,0,0,0,0,0,0,0,0,0,3.74284920581551,2.90532236099243,12.2525987625122,0,0
0,0,0,0,0,3.43923908472061,0,0,0,0,0,3.41506277964665,0,3.87255773544312,0,0,0,0,0,0,0,0,0,0,0,0,0,0,0,0,0,0,0,0,0,0,0,0,0,0,0,0,0,0,0,0,0,0,0,0,0,0,0,3.47156385013035,0,0,0,3.3139899337993,0,3.78958690166473,0,0,0,0,0,0,0,0,0,0,0,0,0,0,0,0,0,0,0,0,0,0,3.32432880317956,0,0,0,0
5.37563981428558,0,8.13952079159873,0,7.89839780848959,0,0,0,0,0,0,0,0,0,3.27830349682459,0,4.82779663801193,0,0,0,0,0,0,0,3.73230958836419,0,3.21026200056076,0,0,0,0,0,0,0,0,0,0,29.9679565429688,9.17667515384617,0,38.864444732666,75.4535293579102,6.83560600992921,0,0,0,24.6072959899902,29.5595849355062,4.88251462247637,35.3240623474121,0,0,0,0,3.83904206422659,0,0,0,0,0,3.4505389796363,0,0,0,0,0,0,4.14597860972087,0,5.69031858444214,0,0,0,0,0,0,0,0,0,38.5201632851049,0,15.1217295367231,5.5362811005106,6.43340058326721,5.42054146272273,0,0
56.6119397481283,5.68138769008361,0,7.66164989272753,0,4.50297235158774,0,0,0,0,0,0,0,0,0,4.07279105506726,0,3.2134290933609,16.8632476546548,0,0,0,0,4.20442956335404,0,2.90987481241641,0,0,0,0,0,0,0,0,0,0,0,11.230911490376,0,0,0,29.5663090480698,34.2231155395508,0,0,0,0,0,36.6311225891113,4.91129730800011,0,3.22859644889832,0,0,0,4.3762930536929,0,35.6834093729655,0,0,0,3.65082825452853,23.542610168457,0,0,0,5.64479774520511,0,0,0,0,0,43.2011985778809,0,0,0,17.3768482208252,0,0,0,9.10104371098911,0,4.89391688882592,4.74815509167123,8.36507190262667,50.779598236084,0
0,0,0,0,6.65950155258179,0,4.87801333268483,0,0,0,0,0,3.10576097284045,0,0,0,0,0,0,0,4.26940856577789,0,0,0,0,0,0,0,3.71786269237255,0,3.89158701896667,0,0,0,0,0,5.87464197115465,0,6.57260588166111,0,0,0,0,0,0,0,0,0,0,0,0,0,0,0,0,0,8.42605157253608,0,3.19180211584077,0,0,0,0,6.02954885220424,0,0,0,0,0,0,0,3.69603361372362,0,4.06193208694458,0,0,0,0,0,12.4612374033247,0,9.1275886898949,4.67265413307689,3.22910261154175,0,0,0
0,0,0,0,0,0,0,3.41506277964665,0,0,0,0,0,3.54466065694714,0,0,0,0,0,4.60037714832432,0,0,0,0,0,0,0,3.79482996463776,0,6.36925714398608,0,0,0,0,0,3.54253945135532,0,6.33021056620449,0,0,0,0,0,0,0,0,0,0,0,0,0,0,0,3.17368495142138,0,0,0,6.35876591513757,0,3.5972758366002,0,0,4.77427511235588,0,0,0,0,0,0,0,0,0,7.63231993415139,0,0,0,0,0,5.40356687841744,0,5.81641946300384,0,4.24571911702865,3.23337004865919,4.57451559947087,0,0
0,0,0,0,0,0,0,0,0,0,3.10576097284045,0,0,0,2.90964600330091,0,0,0,0,0,0,0,0,0,0,0,0,0,3.33070570230484,0,0,0,0,0,0,0,0,0,0,0,0,0,0,0,0,0,0,0,0,0,0,0,0,0,0,0,3.54684266002699,0,3.46105544218856,0,3.00274324417114,0,0,0,0,0,0,0,0,0,0,0,0,0,0,0,0,0,0,0,0,0,3.01808538188824,3.36306599912972,0,0,0
0,0,0,0,0,0,0,3.87255773544312,0,0,0,3.54466065694714,0,0,0,3.52104910214742,0,0,0,0,0,0,0,0,0,0,0,5.0381405611296,0,4.07839426231384,0,0,0,0,0,0,0,0,0,0,0,0,0,0,0,0,0,0,0,0,0,0,0,5.15114027261734,0,0,0,3.67217660253406,0,4.10020362349425,0,3.44307606731142,0,0,0,0,0,0,0,0,3.37430493036906,0,0,0,0,0,0,0,0,0,0,0,3.84924143072553,3.44270652830601,0,0,0
0,0,0,0,3.21595000303709,0,0,0,3.27830349682459,0,0,0,2.90964600330091,0,0,0,2.89523313726698,0,0,0,0,0,0,0,0,0,4.48676121234894,0,0,0,0,0,0,0,0,0,0,0,0,0,0,0,0,0,0,0,0,0,0,0,3.13234593868256,0,0,0,4.34520886529167,0,0,0,3.08247699848441,0,4.19041156768799,0,0,0,0,0,0,0,0,6.84383042653402,0,0,0,0,0,0,0,0,0,0,0,0,3.3154193673815,3.1665313243866,0,0,0
0,5.17463756507298,0,0,0,4.03059557914734,0,0,0,4.07279105506726,0,0,0,3.52104910214742,0,0,0,2.77219467163086,0,0,0,0,0,3.54413553117548,0,4.87884259223938,0,0,0,0,0,0,0,0,0,0,0,0,0,0,0,0,0,0,0,0,0,0,0,3.24880862236023,0,4.5592881043752,0,0,0,3.38788133859634,0,0,0,8.24699036091093,0,3.31320170809825,0,0,0,0,3.79457720466282,0,3.20018389225006,0,0,0,0,0,0,0,0,0,0,0,0,0,3.3661980945617,3.01751172542572,3.99370574951172,0,0
0,23.6793575286865,55.8594694137573,0,63.2507171630859,0,0,0,4.82779663801193,0,0,0,0,0,2.89523313726698,0,0,18.2743484585843,19.7585179295214,0,0,0,5.30008890459189,0,4.19186895977367,0,4.12441132647562,0,3.24925072843378,0,0,0,0,0,0,0,0,0,0,62.3429418710562,55.9769577706695,56.3115497060341,46.7788010969125,0,0,56.2304630279541,52.3437215308466,0,63.1692485809326,75.509220123291,58.3884963989258,0,0,0,6.95471572875977,0,55.6436540940229,68.7541323575107,0,0,0,0,63.7516864429821,56.4311937967936,0,3.62025880271738,0,4.69222508407221,0,3.46023496337559,0,0,64.1949161529541,54.8745346069336,0,0,0,0,69.4002333099909,61.9090092311534,70.1761700630188,56.9917561299092,13.5679641672578,15.7221061605396,54.4388485491871,52.7630579206679,43.2562130013692
41.8266143798828,51.9783973693848,78.2607669830322,55.9764137268066,75.0188674926758,0,0,0,0,3.2134290933609,0,0,0,0,0,2.77219467163086,18.2743484585843,0,19.3177006658784,0,0,4.39020304356591,0,5.91909147225893,0,3.91301547865353,0,0,0,0,0,0,0,0,0,0,0,0,0,61.6696121276371,70.8706447995942,49.9126654823519,62.0630476291363,0,0,55.6869591422703,61.5300431458846,0,79.3303909301758,71.6074548201127,0,0,0,0,0,0,65.601323445638,59.6411007206614,0,59.1850242614746,0,2.95889720996889,60.2002160549164,71.2481053670247,3.89491604722064,0,5.75417057673136,0,3.04989339821581,0,0,0,54.2562677065531,67.9483413696289,0,0,0,0,65.4368731158241,73.3750037727775,61.2286292666481,69.4189682006836,11.8537376778899,5.65501581898585,57.5430361098399,43.7064172044585,69.5260747273763
17.8372218608856,22.4360322546452,34.4870285511017,41.6304995218913,60.0513079716609,0,0,0,0,16.8632476546548,0,0,0,0,0,0,19.7585179295214,19.3177006658784,0,49.5841178894043,0,0,0,0,0,0,0,0,0,0,0,0,0,0,0,74.7127838134766,0,11.9427192211151,0,51.1980366890847,49.1841545173467,37.8436897482191,33.930119327583,0,0,40.0460106117138,44.2307814071085,0,40.8261993408203,52.3020682864719,53.4469299316406,0,0,0,0,43.9409667650859,32.5137650510098,36.4713807678223,72.3384170532227,0,0,0,40.8809703651227,41.5487597483509,0,0,0,0,0,0,0,0,32.7546960581904,34.8833427429199,0,0,0,0,54.4319512015083,54.4986044742051,47.6321190724075,43.1705790201823,12.9236063736936,29.702153550254,40.1014564919546,25.5050448057049,24.2118771631915
0,0,0,10.7451087878301,61.7455101013184,5.43689323105711,0,0,0,0,0,4.60037714832432,0,0,0,0,0,0,49.5841178894043,0,0,0,0,0,0,0,0,0,0,7.69553065299988,0,0,0,0,0,5.06486658809013,0,4.02650941378697,0,47.1892929077148,0,47.7106649398804,47.9298604329427,0,0,17.486736536026,0,41.7937126159668,0,46.96601401435,0,6.64461824322535,0,0,0,0,0,9.38262664616763,0,0,0,0,4.23956883297205,0,0,0,0,0,0,0,0,0,23.1716413497925,0,0,0,0,0,7.64691810161104,0,8.32980595982593,0,10.3711162993077,31.0172897256831,17.9410484183548,0,0
0,0,0,0,8.20392891428163,0,5.82940741146312,0,0,0,4.26940856577789,0,0,0,0,0,0,0,0,0,0,0,0,0,0,0,0,0,0,0,0,0,0,0,0,0,5.57530366313902,0,5.45048613067067,0,37.2992915198916,0,50.2828204815204,0,0,0,0,36.5610980987549,42.3934064118759,0,6.10147550768746,0,5.97237972259521,0,0,0,4.52399881391814,0,0,0,0,0,0,5.70704793084367,0,0,0,0,0,0,0,0,0,82.1448211669922,0,0,0,0,0,6.91497028380287,0,11.0909188710726,8.24957115988474,30.539043229396,18.3761291202873,0,82.6517486572266
0,0,0,0,0,0,0,0,0,0,0,0,0,0,0,0,0,4.39020304356591,0,0,0,0,4.32032808853281,6.254751058884,0,3.17930233749476,0,3.37093514362971,0,0,0,0,0,0,0,0,0,5.02050723790125,0,0,0,0,0,0,0,0,0,0,0,9.99448483520084,0,0,0,0,0,0,0,0,0,0,0,0,0,0,4.87770367868507,3.95668613209444,5.41628003024864,0,2.91814135015011,0,6.0645314170196,0,0,0,0,0,0,0,0,0,5.46698235901706,0,3.85097743096677,4.34567414106325,0,0,0
0,0,0,0,0,0,0,0,0,0,0,0,0,0,0,0,5.30008890459189,0,0,0,0,4.32032808853281,0,0,5.83340313760858,0,3.40675164972033,0,5.3135786652565,0,0,0,0,0,0,0,0,4.32918873363071,6.49390610451934,0,0,0,0,0,0,0,0,33.1986832618713,12.5347659020811,40.1963768005371,0,0,0,0,0,0,0,0,0,0,0,0,0,0,4.5540454890579,5.03688408627869,0,5.5915451581989,0,3.18626924355825,0,3.35093373256725,0,0,0,0,0,0,0,0,7.14712224900723,4.97387198279886,4.54405802661026,5.2588918780849,21.8627432798728,0,0
0,0,0,0,0,0,0,0,0,4.20442956335404,0,0,0,0,0,3.54413553117548,0,5.91909147225893,0,0,0,6.254751058884,0,0,0,3.57655908266703,0,0,0,0,0,0,0,0,0,0,0,7.06419498293703,0,0,0,5.70349216461182,30.5391750335693,0,0,0,0,0,0,5.8131801492316,0,0,0,0,0,3.39421755472819,0,0,0,0,0,0,0,0,5.60554088739788,0,4.59902485030813,0,3.51734554767609,0,0,0,0,0,0,0,0,0,0,0,8.53201669422004,0,5.85933728750587,0,5.34098823269208,0,0
0,0,0,0,0,0,0,0,3.73230958836419,0,0,0,0,0,0,0,4.19186895977367,0,0,0,0,0,5.83340313760858,0,0,0,3.82671436873993,0,0,0,0,0,0,0,0,0,0,0,5.91009385275108,0,0,0,0,0,0,0,0,0,7.99919015976691,0,0,0,0,0,3.83601052732002,0,0,0,0,0,0,0,0,0,0,10.1262630532297,0,3.93348627448489,0,3.59321854032319,0,0,0,0,0,0,0,0,0,0,0,13.5613752534567,4.08609526669054,0,6.97505458952889,0,0
0,0,0,0,0,0,0,0,0,2.90987481241641,0,0,0,0,0,4.87884259223938,0,3.91301547865353,0,0,0,3.17930233749476,0,3.57655908266703,0,0,0,3.4765971165437,0,0,0,0,0,0,0,0,0,0,0,0,0,0,0,0,0,0,0,0,0,0,0,0,0,0,0,3.57319742441177,0,0,0,0,0,0,0,0,4.09338176586785,0,4.07851052594495,0,3.34985656053771,0,4.83172750473022,0,0,0,0,0,0,0,0,0,0,0,3.72047589351605,0,0,0,0
0,0,0,0,0,0,0,0,3.21026200056076,0,0,0,0,0,4.48676121234894,0,4.12441132647562,0,0,0,0,0,3.40675164972033,0,3.82671436873993,0,0,0,3.12457821953971,0,0,0,0,0,0,0,0,0,0,0,0,0,0,0,0,0,0,0,0,0,0,0,0,0,3.08632482801165,0,0,0,0,0,0,0,0,0,0,3.8151477126665,0,4.63560719373394,0,5.24690368785079,0,3.19015846649806,0,0,0,0,0,0,0,0,0,0,3.19158104603941,0,0,0,0
0,0,0,0,0,0,0,0,0,0,0,3.79482996463776,0,5.0381405611296,0,0,0,0,0,0,0,3.37093514362971,0,0,0,3.4765971165437,0,0,0,3.62668438818941,0,0,0,0,0,0,0,3.60620877959511,0,0,0,0,0,0,0,0,0,0,0,0,0,0,0,0,0,0,0,3.04301698584306,0,5.04015275191145,0,0,0,0,5.33033260452413,0,0,0,3.92803925130762,0,4.25672158804189,0,6.77287290395935,0,0,0,0,0,0,0,5.53778172166724,0,2.91968471295125,4.22152042388916,0,0,0
0,0,0,0,0,0,0,0,0,0,3.71786269237255,0,3.33070570230484,0,0,0,3.24925072843378,0,0,0,0,0,5.3135786652565,0,0,0,3.12457821953971,0,0,0,3.49860744621653,0,0,0,0,0,0,0,3.13567324379581,0,0,0,0,0,0,0,0,0,0,0,0,0,0,0,0,0,4.26868066191673,0,2.74722075462341,0,0,0,0,0,0,5.34627334999316,0,0,0,3.36822191874186,0,4.20664806884431,0,3.8831755004517,0,0,0,0,0,0,0,4.08161586749403,3.14206283773695,2.86239643096924,0,0,0
0,0,0,0,0,0,0,0,0,0,0,6.36925714398608,0,4.07839426231384,0,0,0,0,0,7.69553065299988,0,0,0,0,0,0,0,3.62668438818941,0,0,0,0,0,0,0,0,0,4.65644171328772,0,0,0,0,0,0,0,0,0,0,0,0,0,0,0,0,0,0,0,10.094745089237,0,4.82416229248047,0,0,0,0,0,0,0,0,0,0,3.78410969389246,0,3.9896276152143,0,0,0,0,0,0,0,5.99560471918525,0,3.68519141990894,0,0,0,0
0,0,0,0,0,0,0,0,0,0,3.89158701896667,0,0,0,0,0,0,0,0,0,0,0,0,0,0,0,0,0,3.49860744621653,0,0,0,0,0,0,0,0,0,3.59855905681286,0,0,0,0,0,0,0,0,0,0,0,0,0,0,0,0,0,3.80350001653035,0,0,0,0,0,0,0,0,0,0,0,0,0,0,3.69725167174493,0,3.3341420433552,0,0,0,0,0,0,0,3.76696975231171,2.88051617145538,0,0,0,0
0,0,0,0,0,0,0,0,0,0,0,0,0,0,0,0,0,0,0,0,0,0,0,0,0,0,0,0,0,0,0,0,4.22651073133588,5.64534659045083,5.54505403836568,5.0571933452601,5.85331020635717,0,0,0,0,0,0,0,0,0,0,5.80191852157912,14.9130982230691,5.71912625100878,0,0,0,0,0,0,0,0,0,0,0,0,0,0,0,0,0,0,0,0,0,0,0,0,4.99266844397193,4.68842370561678,0,5.21402812004089,5.82630317384873,5.82392151850574,0,0,3.44035450008608,0,0,0,0
0,0,0,0,0,0,0,0,0,0,0,0,0,0,0,0,0,0,0,0,0,0,0,0,0,0,0,0,0,0,0,4.22651073133588,0,4.10110104374769,8.04932983716329,6.91960596044858,4.98188658892098,0,0,0,0,0,0,0,0,0,0,4.99435600299727,0,0,0,0,0,0,0,0,0,0,0,0,0,0,0,0,0,0,0,0,0,0,0,0,0,0,6.55708727350941,4.17802172840854,0,8.63672478993734,10.8605731183832,6.83585790936993,0,0,3.59454923277846,0,0,0,0
0,0,0,0,0,0,0,0,0,0,0,0,0,0,0,0,0,0,0,0,0,0,0,0,0,0,0,0,0,0,0,5.64534659045083,4.10110104374769,0,4.39853704201872,4.54496829572627,0,4.01250705548695,5.57756313964398,0,0,0,18.8428510030111,0,0,0,0,4.88015909713992,16.0784765928984,2.73175406455994,0,0,0,0,0,0,0,0,0,0,0,0,0,0,0,0,0,0,0,0,0,0,0,0,25.5952434539795,4.54051716574307,5.27387949536486,6.00787415656081,7.95760508901195,0,3.80387779993889,4.40248462132045,3.67431379448284,2.72803664207458,16.5790894452263,0,0
0,0,0,0,0,0,0,0,0,0,0,0,0,0,0,0,0,0,0,0,0,0,0,0,0,0,0,0,0,0,0,5.54505403836568,8.04932983716329,4.39853704201872,0,0,5.06055958757123,0,3.06245834177191,0,0,0,0,0,0,0,0,4.8616395859847,6.060045337677,0,0,0,0,0,0,0,0,0,0,0,0,0,0,0,0,0,0,0,0,0,0,0,0,0,0,10.4449276955712,4.00580976781257,4.07463660980425,0,6.51517952530129,0,2.86051126626822,3.81068220182701,0,0,0,0
0,79.5365219116211,0,19.4490944809384,0,22.4965657031897,0,0,0,0,0,3.54253945135532,0,0,0,0,0,0,74.7127838134766,5.06486658809013,0,0,0,0,0,0,0,0,0,0,0,5.0571933452601,6.91960596044858,4.54496829572627,0,0,4.62443060775527,5.18971689153452,3.22893195316709,35.2305076122284,71.3444290161133,36.2463547279095,33.3304452896118,0,0,12.3156796273063,0,12.6417173243117,20.5140061514718,24.4391972883692,0,21.9434511320932,0,0,0,0,0,28.9275382115291,0,0,0,0,4.74353840220265,0,0,0,0,0,0,0,0,0,33.0964012145996,0,11.5319371943982,14.4690432071686,5.91678892430805,0,6.26573260908255,4.9561998896853,7.00087958444406,0,4.73145247271864,8.93954799222996,13.3691417125428,0,0
0,0,0,38.8308792114258,28.9806591033936,0,41.3459434509277,0,0,0,5.87464197115465,0,0,0,0,0,0,0,0,0,5.57530366313902,0,0,0,0,0,0,0,0,0,0,5.85331020635717,4.98188658892098,0,5.06055958757123,4.62443060775527,0,0,5.31955429328546,0,19.8379520575205,37.5979309082031,34.2751203264509,0,0,29.2132530212402,11.5581679261964,15.2863023665644,24.6501006139836,16.001537322998,29.5206723213196,0,26.2950979868571,0,0,0,6.39499006126866,0,0,0,0,0,0,7.5063228006352,0,0,0,0,0,0,0,0,0,0,17.6078658103943,9.16715621948242,0,5.16984768630632,6.93741758375457,5.68237896115337,0,7.38038896137025,5.52625263703836,8.44011946402031,18.1376451715827,0,0
41.78858148484,0,46.0428746541341,0,54.8793525695801,0,0,0,29.9679565429688,11.230911490376,0,6.33021056620449,0,0,0,0,0,0,11.9427192211151,4.02650941378697,0,5.02050723790125,4.32918873363071,7.06419498293703,0,0,0,3.60620877959511,0,4.65644171328772,0,0,0,4.01250705548695,0,5.18971689153452,0,0,3.70981510480245,0,0,4.7621522630964,21.5453670501709,0,0,0,0,4.8348650155853,32.6441215515137,7.35791637822596,0,0,0,0,0,12.3833111792195,0,9.52215650816944,0,0,0,0,5.53928953562027,0,6.40197358550606,4.64174938201904,6.35490003889076,0,0,0,0,0,5.24215157062579,0,0,0,4.1990162186918,0,6.89000885360996,0,5.37516290597724,2.94332885742188,5.46413296138125,3.30603044911435,14.5155427052941,0,0
0,0,0,0,0,0,0,0,9.17667515384617,0,6.57260588166111,0,0,0,0,0,0,0,0,0,5.45048613067067,0,6.49390610451934,0,5.91009385275108,0,0,0,3.13567324379581,0,3.59855905681286,0,0,5.57756313964398,3.06245834177191,3.22893195316709,5.31955429328546,3.70981510480245,0,0,0,37.1096115112305,12.9468139920916,0,0,0,0,6.50669871454947,7.01301672124215,38.3855002476619,0,0,0,0,12.8678869201291,0,3.96329714375981,0,0,0,0,0,0,5.90939311981201,0,7.40945590852012,0,8.20827329989946,0,0,0,3.92878842353821,0,3.53963750600815,0,0,4.90552576317275,3.94885603241298,0,7.3332011814577,5.0592059413592,5.61480017226097,4.96974222278367,3.47056855173672,8.18993934317752,0,0
0,27.9448209944225,54.4561080932617,40.8443880495818,0,0,0,0,0,0,0,0,0,0,0,0,62.3429418710562,61.6696121276371,51.1980366890847,47.1892929077148,0,0,0,0,0,0,0,0,0,0,0,0,0,0,0,35.2305076122284,0,0,0,0,66.6383425394694,24.7201585837954,46.4076116614872,0,0,15.0421669516241,60.5784784481849,14.884306344119,66.3846282958984,11.3356723714277,0,0,0,0,0,65.5779895782471,76.8277969360352,48.9281634349449,0,0,0,0,5.58791590511025,71.0205124749078,0,0,0,0,0,0,0,0,30.4107296990185,74.7148818969727,0,0,0,0,19.8660143761283,72.4440820720834,48.9262501364169,66.4351333618164,35.643503359572,36.2813965264013,15.8385433839414,22.0540483849861,45.155330657959
29.0390391349792,0,31.6282911062241,58.4861297607422,40.9085794750013,0,0,0,38.864444732666,0,0,0,0,0,0,0,55.9769577706695,70.8706447995942,49.1841545173467,0,37.2992915198916,0,0,0,0,0,0,0,0,0,0,0,0,0,0,71.3444290161133,19.8379520575205,0,0,66.6383425394694,0,50.3395668211437,19.4010449879496,0,0,69.5924434661865,14.2063733362147,4.31636191236562,7.09698860418229,99.0476303100586,41.0587114493052,0,41.3563766479492,0,0,0,43.0480476726185,70.5479990641276,43.589376449585,0,27.2623519897461,0,0,8.57586271024974,0,0,0,0,0,0,0,0,80.7115707397461,20.1879141705377,0,20.2690022786458,0,0,76.3103468521782,9.03647917685001,73.8164705548968,32.8284205595652,39.8179008690594,33.044378068712,12.3818663048797,54.8067741394043,18.3561008638806
42.155005645752,25.2532659983172,76.5991268157959,36.0761019736528,0,50.9438972473145,0,0,75.4535293579102,29.5663090480698,0,0,0,0,0,0,56.3115497060341,49.9126654823519,37.8436897482191,47.7106649398804,0,0,0,5.70349216461182,0,0,0,0,0,0,0,0,0,0,0,36.2463547279095,37.5979309082031,4.7621522630964,37.1096115112305,24.7201585837954,50.3395668211437,0,18.7369347925916,0,0,38.6135925252013,45.3428834155925,16.845220375061,24.6362878235293,21.4062954406349,48.0306854248047,67.6075077056885,0,0,0,33.7547660010202,65.1764526367188,22.1526521602446,0,46.0772344801161,0,31.1814727783203,20.8247821691225,61.3101890563965,0,0,0,0,0,0,0,0,20.1477393188174,0,0,0,0,0,28.1491513135165,58.7437148214388,37.7164762575332,58.3731155395508,22.8342142996219,34.6983226879623,19.9486566301262,14.9154402231006,39.5469681666448
25.2352186170947,42.581595102946,28.3782698533365,49.0868157280816,44.7114974614736,90.7615737915039,49.488208770752,0,6.83560600992921,34.2231155395508,0,0,0,0,0,0,46.7788010969125,62.0630476291363,33.930119327583,47.9298604329427,50.2828204815204,0,0,30.5391750335693,0,0,0,0,0,0,0,0,0,18.8428510030111,0,33.3304452896118,34.2751203264509,21.5453670501709,12.9468139920916,46.4076116614872,19.4010449879496,18.7369347925916,0,0,16.7611808776855,43.2421205248151,26.3808314870974,16.5087583165773,12.2054794945959,21.6691867412549,47.6406521606445,0,0,0,28.7877203623454,0,17.3211007265255,59.1635206122147,42.5907213037664,0,0,0,57.1886157989502,28.4367936006406,0,0,0,0,0,0,0,0,49.9471483230591,15.5641790885411,0,0,0,0,59.5929288684197,25.3621907068312,64.5779719352722,36.5899632065384,25.3870831085585,32.9148719316424,17.1855486518962,24.1044792303672,11.0552241589126
0,0,0,0,0,0,0,0,0,0,0,0,0,0,0,0,0,0,0,0,0,0,0,0,0,0,0,0,0,0,0,0,0,0,0,0,0,0,0,0,0,0,0,0,0,0,0,0,0,0,0,0,0,0,0,0,0,0,0,0,0,0,0,0,0,0,0,0,0,0,0,0,0,0,0,0,0,0,22.872859954834,0,0,0,0,0,10.7229480743408,0,0
0,0,0,0,0,0,0,0,0,0,0,0,0,0,0,0,0,0,0,0,0,0,0,0,0,0,0,0,0,0,0,0,0,0,0,0,0,0,0,0,0,0,16.7611808776855,0,0,0,17.6357479095459,0,0,0,0,0,0,0,0,0,0,0,0,0,0,0,0,0,0,0,0,0,0,0,0,0,0,0,0,0,0,0,0,0,0,0,0,0,23.9743041992188,0,0
0,16.2429359436035,0,21.2554969787598,0,11.5306339263916,0,0,0,0,0,0,0,0,0,0,56.2304630279541,55.6869591422703,40.0460106117138,17.486736536026,0,0,0,0,0,0,0,0,0,0,0,0,0,0,0,12.3156796273063,29.2132530212402,0,0,15.0421669516241,69.5924434661865,38.6135925252013,43.2421205248151,0,0,0,52.6576662063599,28.2624859376387,30.881075575545,32.5610118936176,0,0,0,0,0,0,54.3293151855469,55.0873143178112,0,26.3581886291504,0,0,9.25667397465025,57.5683364868164,0,0,0,0,0,0,0,0,54.3516029781765,0,39.5787696838379,0,0,0,19.9333084452901,59.596358906139,16.2533939239345,0,25.0220346526494,27.8243861510375,20.2782411942115,45.2255368913923,0
21.7619722239176,72.0007648468018,20.7448977193525,0,42.2355361737703,0,0,0,24.6072959899902,0,0,0,0,0,0,0,52.3437215308466,61.5300431458846,44.2307814071085,0,0,0,0,0,0,0,0,0,0,0,0,0,0,0,0,0,11.5581679261964,0,0,60.5784784481849,14.2063733362147,45.3428834155925,26.3808314870974,0,17.6357479095459,52.6576662063599,0,30.0542842547099,35.0385497155501,63.5104789733887,32.0340223312378,0,0,0,0,0,34.788127675201,62.1011524200439,26.3566226959229,77.4387130737305,0,0,75.0069961547852,9.31379864000457,0,0,0,0,0,0,0,0,77.4732284545898,42.6881388150729,0,0,0,0,67.0942919984156,19.998971594527,61.8719032287598,13.2420103081829,31.693891551894,28.2301829603852,22.4148140911452,48.7246004740397,40.9299989515735
41.2094599405924,0,35.8105319630016,35.6453519548689,41.7877644130162,38.9325408935547,0,0,29.5595849355062,0,0,0,0,0,0,0,0,0,0,41.7937126159668,36.5610980987549,0,33.1986832618713,0,0,0,0,0,0,0,0,5.80191852157912,4.99435600299727,4.88015909713992,4.8616395859847,12.6417173243117,15.2863023665644,4.8348650155853,6.50669871454947,14.884306344119,4.31636191236562,16.845220375061,16.5087583165773,0,0,28.2624859376387,30.0542842547099,0,8.54291231118897,8.38771140704808,38.8379281361898,0,0,0,0,0,48.2178662618001,43.4079577128092,0,0,0,0,0,42.472375869751,0,0,0,0,0,0,0,0,0,0,6.51856271691657,5.53680982704258,5.50699832428634,4.65740316887514,7.52350267789043,7.67268226705492,12.8805483058095,29.2468671798706,7.20538679519883,37.5645818710327,11.2994183468544,0,0
5.5052573848189,46.2068412780762,28.7304334094127,38.682719707489,44.2611650383991,0,0,0,4.88251462247637,36.6311225891113,0,0,0,0,0,0,63.1692485809326,79.3303909301758,40.8261993408203,0,42.3934064118759,0,12.5347659020811,0,7.99919015976691,0,0,0,0,0,0,14.9130982230691,0,16.0784765928984,6.060045337677,20.5140061514718,24.6501006139836,32.6441215515137,7.01301672124215,66.3846282958984,7.09698860418229,24.6362878235293,12.2054794945959,0,0,30.881075575545,35.0385497155501,8.54291231118897,0,16.9321074847371,45.6854051862444,0,40.9117520650228,0,8.38710042834282,0,48.2492370605469,44.7599512736003,41.0808391571045,39.5628509521484,10.9174098173777,0,0,35.8351952689035,0,8.13982100808943,0,9.03209671085164,0,3.67541089801924,0,3.85251809924077,0,52.8209838867188,16.1401105810095,6.11579418182373,19.0108103752136,6.32496070861816,30.8811305363973,16.0066242183607,35.9459894965677,6.07221462134547,13.2253495732612,31.3977592468262,15.3675841903301,0,0
49.7402350685813,3.78142740345527,0,37.2548208930276,43.854362487793,51.9604326883952,0,0,35.3240623474121,4.91129730800011,0,0,0,0,0,3.24880862236023,75.509220123291,71.6074548201127,52.3020682864719,46.96601401435,0,9.99448483520084,40.1963768005371,5.8131801492316,0,0,0,0,0,0,0,5.71912625100878,0,2.73175406455994,0,24.4391972883692,16.001537322998,7.35791637822596,38.3855002476619,11.3356723714277,99.0476303100586,21.4062954406349,21.6691867412549,0,0,32.5610118936176,63.5104789733887,8.38771140704808,16.9321074847371,0,0,41.9336376190186,0,0,0,5.04624282763555,0,50.8828245626914,0,53.31614112854,0,3.28438124656677,36.4679536819458,0,4.2130103450622,0,4.86902933535369,0,4.68534402025157,0,3.05375349521637,0,30.8530280893499,0,5.36421251296997,0,21.0551433563232,15.3834133148193,12.472097872584,96.0178349812825,7.10169521844868,39.5752487182617,13.5478816716897,32.4316675662994,15.3664372066371,31.4919854944403,44.8823877970378
0,0,6.89883905616966,0,4.21704042359154,0,5.47945237159729,0,0,0,0,0,0,0,3.13234593868256,0,58.3884963989258,0,53.4469299316406,0,6.10147550768746,0,0,0,0,0,0,0,0,0,0,0,0,0,0,0,29.5206723213196,0,0,0,41.0587114493052,48.0306854248047,47.6406521606445,0,0,0,32.0340223312378,38.8379281361898,45.6854051862444,0,0,0,6.31548231840134,0,2.7532662153244,0,4.11437062943568,0,3.89672601222992,0,0,0,0,43.9587062835693,0,0,0,0,0,0,0,0,0,57.0501518249512,0,0,0,0,0,57.8617706298828,0,35.3923721313477,12.4367233960315,35.1935119628906,14.2815495736418,0,0
0,0,0,7.22939138296174,0,4.35535801581617,0,0,0,3.22859644889832,0,0,0,0,0,4.5592881043752,0,0,0,6.64461824322535,0,0,0,0,0,0,0,0,0,0,0,0,0,0,0,21.9434511320932,0,0,0,0,0,67.6075077056885,0,0,0,0,0,0,0,41.9336376190186,0,0,0,3.03995368480682,0,2.7492208480835,0,3.24709725379944,0,0,0,3.87845020294189,10.7441801094427,0,0,0,0,0,0,0,0,0,0,0,0,0,0,0,14.8795369920276,0,0,0,4.63350913668639,35.6198746999105,7.38256617635489,0,0
0,0,0,0,6.93618330359459,0,3.02722664526951,0,0,0,0,0,0,0,0,0,0,0,0,0,5.97237972259521,0,0,0,0,0,0,0,0,0,0,0,0,0,0,0,26.2950979868571,0,0,0,41.3563766479492,0,0,0,0,0,0,0,40.9117520650228,0,6.31548231840134,0,0,0,0,0,3.43680265214708,0,0,0,0,0,0,0,0,0,0,0,0,0,0,0,0,0,0,0,0,0,0,0,0,0,6.7001120703561,2.95525918006897,29.0859984291924,0,0
0,0,0,0,0,3.38909339904785,0,3.47156385013035,0,0,0,3.17368495142138,0,5.15114027261734,0,0,0,0,0,0,0,0,0,0,0,0,0,0,0,0,0,0,0,0,0,0,0,0,0,0,0,0,0,0,0,0,0,0,0,0,0,3.03995368480682,0,0,0,0,0,3.16398906707764,0,0,0,0,0,0,0,0,0,0,0,0,0,0,0,0,0,0,0,0,0,0,0,0,5.04464471340179,0,0,0,0
4.90975509371076,0,7.19866608110674,0,0,0,0,0,3.83904206422659,0,0,0,0,0,4.34520886529167,0,6.95471572875977,0,0,0,0,0,0,0,3.83601052732002,0,3.08632482801165,0,0,0,0,0,0,0,0,0,0,0,12.8678869201291,0,0,0,28.7877203623454,0,0,0,0,0,8.38710042834282,0,2.7532662153244,0,0,0,0,0,0,0,0,0,3.80754456778829,0,0,0,0,0,0,3.97273105726192,0,0,0,0,0,0,0,0,0,0,0,0,0,14.7728914639584,3.96142571313041,0,9.05088844018824,0,0
0,5.16411143961087,0,6.87954687665809,0,2.95402852694194,0,0,0,4.3762930536929,0,0,0,0,0,3.38788133859634,0,0,43.9409667650859,0,0,0,0,3.39421755472819,0,3.57319742441177,0,0,0,0,0,0,0,0,0,0,0,12.3833111792195,0,65.5779895782471,0,33.7547660010202,0,0,0,0,0,0,0,5.04624282763555,0,2.7492208480835,0,0,0,0,0,30.6034462451935,0,0,0,5.18330507521081,25.0769151051839,0,0,0,3.89184186502468,0,0,0,0,0,35.7983863830566,0,0,0,26.133415222168,0,0,0,10.2302965193987,0,5.5116634855465,5.49311757087708,17.8049507658073,48.364631652832,0
0,0,19.5690326815428,0,26.6304823458195,0,4.83244872093201,0,0,0,8.42605157253608,0,3.54684266002699,0,0,0,55.6436540940229,65.601323445638,32.5137650510098,0,4.52399881391814,0,0,0,0,0,0,0,4.26868066191673,0,3.80350001653035,0,0,0,0,0,6.39499006126866,0,3.96329714375981,76.8277969360352,43.0480476726185,65.1764526367188,17.3211007265255,0,0,54.3293151855469,34.788127675201,48.2178662618001,48.2492370605469,0,4.11437062943568,0,3.43680265214708,0,0,0,0,71.8231048583984,6.29218061243902,0,0,0,0,6.20917749993595,0,0,0,0,0,0,0,3.97127729654312,0,7.82471695001256,0,0,0,0,78.8230323791504,58.3850390807442,106.722980499268,6.05270292208745,14.6089103216006,15.9430722763289,11.7686415236728,56.6165504455566,15.9055971941527
0,42.1745414733887,0,7.50629417139207,0,3.43159516652425,0,3.3139899337993,0,35.6834093729655,0,6.35876591513757,0,3.67217660253406,0,0,68.7541323575107,59.6411007206614,36.4713807678223,9.38262664616763,0,0,0,0,0,0,0,3.04301698584306,0,10.094745089237,0,0,0,0,0,28.9275382115291,0,9.52215650816944,0,48.9281634349449,70.5479990641276,22.1526521602446,59.1635206122147,0,0,55.0873143178112,62.1011524200439,43.4079577128092,44.7599512736003,50.8828245626914,0,3.24709725379944,0,3.16398906707764,0,30.6034462451935,71.8231048583984,0,0,9.84803767637773,0,0,7.00177761220932,0,0,0,0,0,0,0,0,0,6.52877114486554,0,0,0,0,0,38.0232633965784,75.7503455025809,32.7913638667056,0,31.9094630001589,49.6365673542023,18.3720103823959,17.4636964635416,0
0,0,4.06338080391288,0,0,0,0,0,0,0,3.19180211584077,0,3.46105544218856,0,3.08247699848441,0,0,0,72.3384170532227,0,0,0,0,0,0,0,0,0,2.74722075462341,0,0,0,0,0,0,0,0,0,0,0,43.589376449585,0,42.5907213037664,0,0,0,26.3566226959229,0,41.0808391571045,0,3.89672601222992,0,0,0,0,0,6.29218061243902,0,0,0,3.32254310658104,0,0,26.8754749298096,0,0,0,0,0,0,0,0,0,31.2923583984375,0,0,0,0,76.2029647827148,42.9556744893392,0,0,3.64417782598926,2.9902757803599,20.7836905206953,0,28.4416275024414
0,0,0,6.03490698879415,0,3.38218486309052,0,3.78958690166473,0,0,0,3.5972758366002,0,4.10020362349425,0,8.24699036091093,0,59.1850242614746,0,0,0,0,0,0,0,0,0,5.04015275191145,0,4.82416229248047,0,0,0,0,0,0,0,0,0,0,0,46.0772344801161,0,0,0,26.3581886291504,77.4387130737305,0,39.5628509521484,53.31614112854,0,0,0,0,0,0,0,9.84803767637773,0,0,0,4.93790957694406,24.7985801696777,0,0,0,0,0,0,0,3.94017494015577,0,34.4155960083008,0,0,0,0,0,40.8144966125488,0,35.495548248291,0,3.6115530927976,4.03678251384349,19.8688725630442,27.5096225738525,0
3.48006293165539,0,3.33885284832546,0,0,0,0,0,3.4505389796363,0,0,0,3.00274324417114,0,4.19041156768799,0,0,0,0,0,0,0,0,0,0,0,0,0,0,0,0,0,0,0,0,0,0,0,0,0,27.2623519897461,0,0,0,0,0,0,0,10.9174098173777,0,0,0,0,0,3.80754456778829,0,0,0,3.32254310658104,0,0,0,0,0,0,0,0,3.17362451553345,0,0,0,0,0,0,0,0,0,0,0,0,0,0,3.34774757314611,0,18.7895814577738,0,0
0,4.070774632984,0,2.84464466571808,0,4.11608680089315,0,0,0,3.65082825452853,0,0,0,3.44307606731142,0,3.31320170809825,0,2.95889720996889,0,0,0,0,0,0,0,0,0,0,0,0,0,0,0,0,0,0,0,0,0,0,0,31.1814727783203,0,0,0,0,0,0,0,3.28438124656677,0,3.87845020294189,0,0,0,5.18330507521081,0,0,0,4.93790957694406,0,0,0,0,0,0,3.94926946896773,0,3.40831259886424,0,0,0,0,0,0,0,0,0,0,0,0,0,3.20801774148018,3.03232968937267,8.46232900899999,0,0
0,0,0,16.5966132591511,0,10.2210599092337,0,0,0,23.542610168457,0,4.77427511235588,0,0,0,0,63.7516864429821,60.2002160549164,40.8809703651227,4.23956883297205,0,0,0,0,0,0,0,0,0,0,0,0,0,0,0,4.74353840220265,0,5.53928953562027,0,5.58791590511025,0,20.8247821691225,57.1886157989502,0,0,9.25667397465025,75.0069961547852,0,0,36.4679536819458,0,10.7441801094427,0,0,0,25.0769151051839,0,7.00177761220932,0,24.7985801696777,0,0,0,0,0,0,0,0,0,0,0,0,9.64957310676575,0,0,0,0,0,6.52918503509399,85.9945983886719,8.71988866078681,0,8.42983121036934,32.9404458545503,10.6053195879827,24.2046085504385,0
27.4433860778809,0,22.5438114562125,0,28.8084271748861,0,9.11905562877655,0,0,0,6.02954885220424,0,0,0,0,0,56.4311937967936,71.2481053670247,41.5487597483509,0,5.70704793084367,0,0,0,0,0,0,0,0,0,0,0,0,0,0,0,7.5063228006352,0,5.90939311981201,71.0205124749078,8.57586271024974,61.3101890563965,28.4367936006406,0,0,57.5683364868164,9.31379864000457,42.472375869751,35.8351952689035,0,43.9587062835693,0,0,0,0,0,6.20917749993595,0,26.8754749298096,0,0,0,0,0,0,0,0,0,0,0,0,0,0,11.1542355042917,0,0,0,0,79.7279230753581,8.31234541749002,0,7.13264087480581,17.1705521022749,27.3076490001914,12.4269070988116,0,11.2943511803945
0,0,0,0,0,0,0,0,0,0,0,0,0,0,0,0,0,3.89491604722064,0,0,0,4.87770367868507,4.5540454890579,5.60554088739788,0,4.09338176586785,0,5.33033260452413,0,0,0,0,0,0,0,0,0,6.40197358550606,0,0,0,0,0,0,0,0,0,0,0,4.2130103450622,0,0,0,0,0,0,0,0,0,0,0,0,0,0,0,10.9571075439453,4.21717759621244,0,4.82599449157715,0,5.05259121469704,0,0,0,0,0,0,0,0,0,6.44094287755226,0,4.72809015111168,3.30272682507833,0,0,0
0,0,0,0,0,0,0,0,0,0,0,0,0,0,0,0,3.62025880271738,0,0,0,0,3.95668613209444,5.03688408627869,0,10.1262630532297,0,3.8151477126665,0,5.34627334999316,0,0,0,0,0,0,0,0,4.64174938201904,7.40945590852012,0,0,0,0,0,0,0,0,0,8.13982100808943,0,0,0,0,0,0,0,0,0,0,0,0,0,0,0,10.9571075439453,0,0,4.84724819291498,0,4.30264094307667,0,5.12556381796068,0,0,0,0,0,0,0,0,0,3.99973904496372,4.40950628476744,8.72538042068481,19.6574180693853,0,0
0,3.6839844584465,0,0,0,0,0,0,0,5.64479774520511,0,0,0,0,0,3.79457720466282,0,5.75417057673136,0,0,0,5.41628003024864,0,4.59902485030813,0,4.07851052594495,0,0,0,0,0,0,0,0,0,0,0,6.35490003889076,0,0,0,0,0,0,0,0,0,0,0,4.86902933535369,0,0,0,0,0,3.89184186502468,0,0,0,0,0,3.94926946896773,0,0,4.21717759621244,0,0,0,3.28200190682565,0,0,0,0,0,0,0,14.0996236801147,0,0,0,8.87733979850468,0,6.83335555768481,0,4.12649131659886,0,0
0,0,0,0,0,0,0,0,4.14597860972087,0,0,0,0,0,0,0,4.69222508407221,0,0,0,0,0,5.5915451581989,0,3.93348627448489,0,4.63560719373394,0,0,0,0,0,0,0,0,0,0,0,8.20827329989946,0,0,0,0,0,0,0,0,0,9.03209671085164,0,0,0,0,0,3.97273105726192,0,0,0,0,0,3.17362451553345,0,0,0,0,4.84724819291498,0,0,0,4.16159722646078,0,2.94762694835663,0,0,0,0,0,0,0,0,0,14.2268689901118,3.84658321229423,0,6.80437154873558,0,0
0,3.65966467857361,0,0,0,0,0,0,0,0,0,0,0,0,0,3.20018389225006,0,3.04989339821581,0,0,0,2.91814135015011,0,3.51734554767609,0,3.34985656053771,0,3.92803925130762,0,0,0,0,0,0,0,0,0,0,0,0,0,0,0,0,0,0,0,0,0,4.68534402025157,0,0,0,0,0,0,0,0,0,0,0,3.40831259886424,0,0,4.82599449157715,0,3.28200190682565,0,0,0,3.92299880414713,0,0,0,0,0,0,0,0,0,0,0,3.2081262588501,0,2.95067667961121,0,0
0,0,0,0,0,0,0,0,5.69031858444214,0,0,0,0,0,6.84383042653402,0,3.46023496337559,0,0,0,0,0,3.18626924355825,0,3.59321854032319,0,5.24690368785079,0,3.36822191874186,0,0,0,0,0,0,0,0,0,0,0,0,0,0,0,0,0,0,0,3.67541089801924,0,0,0,0,0,0,0,0,0,0,0,0,0,0,0,0,4.30264094307667,0,4.16159722646078,0,0,0,4.30457417454038,0,0,0,0,0,0,0,0,0,0,3.67279779192913,0,0,0,0
0,0,0,0,0,0,0,0,0,0,0,0,0,3.37430493036906,0,0,0,0,0,0,0,6.0645314170196,0,0,0,4.83172750473022,0,4.25672158804189,0,3.78410969389246,0,0,0,0,0,0,0,0,0,0,0,0,0,0,0,0,0,0,0,3.05375349521637,0,0,0,0,0,0,0,0,0,3.94017494015577,0,0,0,0,5.05259121469704,0,0,0,3.92299880414713,0,0,0,3.71025870600317,0,0,0,0,0,0,0,7.6017044799476,0,3.13913117200842,2.94844698905945,0,0,0
0,0,0,0,0,0,0,0,0,0,3.69603361372362,0,0,0,0,0,0,0,0,0,0,0,3.35093373256725,0,0,0,3.19015846649806,0,4.20664806884431,0,3.69725167174493,0,0,0,0,0,0,0,3.92878842353821,0,0,0,0,0,0,0,0,0,3.85251809924077,0,0,0,0,0,0,0,3.97127729654312,0,0,0,0,0,0,0,0,5.12556381796068,0,2.94762694835663,0,4.30457417454038,0,0,0,3.69682988524437,0,0,0,0,0,0,0,4.66128317849407,3.13332187212431,0,3.01973438262939,0,0
0,0,69.8671264648438,33.1181171558521,0,0,0,0,0,43.2011985778809,0,7.63231993415139,0,0,0,0,64.1949161529541,54.2562677065531,32.7546960581904,23.1716413497925,0,0,0,0,0,0,0,6.77287290395935,0,3.9896276152143,0,0,0,0,0,33.0964012145996,0,5.24215157062579,0,30.4107296990185,80.7115707397461,20.1477393188174,49.9471483230591,0,0,54.3516029781765,77.4732284545898,0,0,30.8530280893499,0,0,0,0,0,35.7983863830566,0,6.52877114486554,0,34.4155960083008,0,0,9.64957310676575,0,0,0,0,0,0,0,3.71025870600317,0,0,0,0,0,0,0,53.762096111591,76.4261856079102,13.093951612711,0,23.3178761601448,43.7868822537936,13.3158610876416,17.0416002219374,75.849723815918
0,0,27.8762648105621,0,35.730842590332,0,0,0,0,0,4.06193208694458,0,0,0,0,0,54.8745346069336,67.9483413696289,34.8833427429199,0,82.1448211669922,0,0,0,0,0,0,0,3.8831755004517,0,3.3341420433552,0,0,0,0,0,0,0,3.53963750600815,74.7148818969727,20.1879141705377,0,15.5641790885411,0,0,0,42.6881388150729,0,52.8209838867188,0,57.0501518249512,0,0,0,0,0,7.82471695001256,0,31.2923583984375,0,0,0,0,11.1542355042917,0,0,0,0,0,0,0,3.69682988524437,0,0,0,0,0,0,0,42.8971744264875,0,6.16777695780215,18.3825625464468,40.5346537503329,9.57953819224709,0,16.9410734558105
0,0,0,0,0,0,0,0,0,0,0,0,0,0,0,0,0,0,0,0,0,0,0,0,0,0,0,0,0,0,0,4.99266844397193,6.55708727350941,25.5952434539795,0,11.5319371943982,17.6078658103943,0,0,0,0,0,0,0,0,39.5787696838379,0,6.51856271691657,16.1401105810095,5.36421251296997,0,0,0,0,0,0,0,0,0,0,0,0,0,0,0,0,0,0,0,0,0,0,0,0,0,10.9033956566087,0,0,12.4488290137174,13.7695265893013,0,0,6.60078505729246,46.1192207336426,41.0347175598145,0,0
0,0,0,0,0,0,0,0,0,0,0,0,0,0,0,0,0,0,0,0,0,0,0,0,0,0,0,0,0,0,0,4.68842370561678,4.17802172840854,4.54051716574307,10.4449276955712,14.4690432071686,9.16715621948242,0,0,0,20.2690022786458,0,0,0,0,0,0,5.53680982704258,6.11579418182373,0,0,0,0,0,0,0,0,0,0,0,0,0,0,0,0,0,0,0,0,0,0,0,0,0,10.9033956566087,0,0,4.89176791923242,17.4972311517467,10.1672015306823,0,0,3.434241383823,0,26.8144054412842,0,0
0,0,0,0,0,0,0,0,0,17.3768482208252,0,0,0,0,0,0,0,0,0,0,0,0,0,0,0,0,0,0,0,0,0,0,0,5.27387949536486,4.00580976781257,5.91678892430805,0,4.1990162186918,4.90552576317275,0,0,0,0,0,0,0,0,5.50699832428634,19.0108103752136,21.0551433563232,0,0,0,0,0,26.133415222168,0,0,0,0,0,0,0,0,0,0,14.0996236801147,0,0,0,0,0,0,0,0,0,0,7.81309492734014,4.26320182249464,0,4.80058727264404,5.0027652153602,4.52239104035866,2.95334911346436,0,0,0
0,0,0,0,0,0,0,0,0,0,0,0,0,0,0,0,0,0,0,0,0,0,0,0,0,0,0,0,0,0,0,5.21402812004089,8.63672478993734,6.00787415656081,4.07463660980425,0,5.16984768630632,0,3.94885603241298,0,0,0,0,0,0,0,0,4.65740316887514,6.32496070861816,15.3834133148193,0,0,0,0,0,0,0,0,0,0,0,0,0,0,0,0,0,0,0,0,0,0,0,0,0,4.89176791923242,7.81309492734014,0,0,4.63152630425463,0,3.63771636879772,5.113766521704,0,9.12483930587769,0,0
