0,0,232.165646865964,0,137.379797399044,0,0,0,1475.67418815196,0,0.257892966270447,0,23.9238118976355,0,356.394389793277,0,3.54655578732491,0,111.116142511368,0,2.50723534822464,0,0,0,5.96355730295181,0,135.0807402879,0,20.814552411437,0,0,0,0,0,5.30985464155674,0,0.62689208984375,0,73.4155748859048,0,5.5663436204195,0,145.032568722963,0,3.23553518950939,0,327.631520263851,0,427.542193576694,0,31.28158852458,0,0,0,139.781120203435,0,1.2880562543869,0,17.4442944228649,0,525.371241509914,0,0,25.5830354988575,0,0,0,45.3807013332844,0,83.1033607721329,0,1.09589505195618,0,42.4021102190018,0,0,0,5.02380347251892,0,5.27076914906502,0,130.722886532545,200.476983293891,6.86068913340569,374.467201568186,0,3.63644436001778
0,0,0,638.92567871511,0,18.7571428418159,0,0,0,1388.48246863484,0,0,0,2.79119271039963,0,465.526299864054,0,4.46975910663605,84.0251064300537,1.25335499644279,0,2.75323128700256,0,40.1704737842083,0,19.6189555227757,0,10.7982557862997,0,0,0,0,0,0.531787216663361,0,0,0,21.9935962855816,0,26.6902258694172,0,140.223606988788,0,242.598419874907,0,343.30827100575,0.159336358308792,0.491072863340378,0,547.699557587504,0,10.6081961989403,0,0,0,469.211650282145,0,3.89872804284096,0,3.93886694312096,0,978.073894873261,25.5797778218985,0,0,0,128.254304364324,0,330.820702135563,0,31.2989680469036,0,15.0025571584702,0,0,0,1.30042219161987,0,6.84632071852684,0,74.6150063574314,0,303.038918018341,0.43905508518219,508.407696157694,6.4081429541111,0
232.165646865964,0,0,0,161.840954124928,0,0,0,619.768282487988,0,0,0,1.68923380970955,0,45.1274505481124,0,0.747370779514313,0,1.73248696327209,0,0.764965772628784,0,0,0,0.339340254664421,0,17.8249503970146,0,6.4150771945715,0,0,0,0,0,1.47354980558157,0,34.0489030331373,0,6.33324714004993,0,1.54177901148796,0,0.259000808000565,0,0,0,156.226019978523,0,207.833644360304,0,63.6450627148151,0,0,0,157.868693679571,0,19.0330049991608,0,0,0,138.884941741824,0,0,0,0,0,0,2.20017403364182,0,7.9577232003212,0,0,0,7.72009593248367,0,0,0,0.642443880438805,0,19.678876966238,0,15.8921695947647,65.727015465498,0,316.550613835454,0,0
0,638.92567871511,0,0,0,93.1942767500877,0,0,0,96.8383750915527,0,0,0,0.964942038059235,0,47.4391293823719,0,0,9.97431077063084,0.587701767683029,0,0,0,0.484153538942337,0,0,0,0.451203405857086,0,0,0,0,0,1.08691564202309,0,2.7698623239994,0,5.23335172235966,0,4.97937203943729,0,25.6926385909319,0,26.0108316838741,0,125.290364846587,0,0,0,165.033591225743,0,20.6648327708244,0,0,0,278.756378859282,0,26.3294738233089,0,95.8611901402473,0,181.162817656994,5.03734261542559,0,0,0,2.65210716426373,0,11.1714086085558,0,2.06373798847198,0,11.7214879691601,0,0,0,0.917344003915787,0,0.721089199185371,0,23.3123390078545,0,48.8432597666979,4.0172176361084,346.985060080886,2.55148029327393,0
137.379797399044,0,161.840954124928,0,0,0,0.407808691263199,0,560.628467530012,0,1.59197759628296,0,0,0,64.0640803277493,0,0.208203092217445,0,0,0,0,0,0,0,0,0,0,0,0,0,0,0,0,0,0,0,24.6729144155979,0,0,0,0,0,0,0,0,0,0.90963289141655,0,65.1757184863091,0,515.207153767347,0,0,0,179.910019159317,0,41.6449673175812,0,8.95091772079468,0,102.335844218731,0,0,26.4182049036026,0,0,0,0,0,0,0,0,0,0,0,0,0,0,0,1.84675768017769,0,0,1185.90436933935,244.835015311837,214.428891599178,0,0
0,18.7571428418159,0,93.1942767500877,0,0,0,26.7746309638023,0,66.8192801475525,0,0,0,2.10717821121216,0,3.76083606481552,0,0,0,0,0,0,0,0,0,0,0,0,0,0,0,0,0,0,0,0,0,0,0,0,0,0,0,0,0,0,0,0,0,12.8344601094723,0,470.626853555441,0,11.6934443116188,0,1.52426940202713,0,35.2158273458481,0,6.24461883306503,0,8.05344727635384,5.62134799361229,0,0,0,0,0,0,0,0.833553314208984,0,0,0,0,0,0,0,0,0,0,0,247.622318089008,0,98.662693887949,0,0
0,0,0,0,0.407808691263199,0,0,0,0,0,0,0,0,0,0,0,0,0,0,0,107.505815267563,0,0,0,0,0,0,0,0,0,0,0,0,0,0,0,1.28529062867165,0,0,0,0,0,0,0,0,0,0,0,0,0,30.2972370386124,0,2.069002866745,0,0,0,0,0,150.814430773258,0,0,0,0,5.75194990634918,0,0,0,0,0,0,0,0,0,0,0,0,0,0,0,0,0,0,19.9428656995296,9.31343647837639,7.8516871035099,0,0
0,0,0,0,0,26.7746309638023,0,0,0,0,0,0,0,29.6102157831192,0,0,0,0,0,1.02566194534302,0,0,0,0,0,0,0,0,0,0,0,0,0,0,0,0,0,0,0,0,0,0,0,0,0,0,0,0,0,0,0,3.01277530193329,0,132.414265334606,0,0,0,46.9104218780994,0,19.8999977111816,0,0,11.1610940992832,0,0,0,0,0,0,0,0,0,0,0,0,0,0,0,0,0,0,0,163.936529755592,84.2921590805054,8.17886412143707,0,0
1475.67418815196,0,619.768282487988,0,560.628467530012,0,0,0,0,4.82340309023857,1.99120736122131,0,0.679898500442505,0,611.971412748098,0,435.877885684371,1.46262982487679,474.157497137785,0,0.587547659873962,0,0,0,233.454430997372,0,239.143060803413,0,4.15407481789589,0,0,0,0,0,13.3189907222986,0,3.03147625923157,0,364.378488704562,0,2.47479431331158,1.41106505692005,214.121543228626,0,2.72932805120945,1.09705929458141,90.7907131761312,0,766.762184917927,1.08543872833252,146.789051771164,0,0,0,919.234930410981,0,6.88261032104492,0,15.1421494781971,0,381.51271507144,0,0,0,0,0,0,289.07114481926,0,227.02385404706,0,0,0,19.1404494047165,0,0,0,0.678399622440338,0,16.6369963288307,0.836455106735229,466.708443045616,1742.94238942862,136.325857952237,301.745731070638,0,61.1716290861368
0,1388.48246863484,0,96.8383750915527,0,66.8192801475525,0,0,4.82340309023857,0,0,0,0,0,0,389.343667939305,0,181.453833460808,457.451967716217,14.3912817388773,0,0,0,561.389697492123,0,115.016297906637,0,0,0,0,0,0,0,0.298634380102158,0,0,0,100.225298523903,1.56589065492153,13.0193539559841,0,522.447490796447,0,51.9892154335976,0,34.7518353760242,2.95700058341026,0,0,633.94639749825,0,11.8551767468452,0,0,0,1051.54843273759,0,0.47277444601059,0,1.05462145805359,0,360.81134827435,13.9363431930542,0,0,0,348.052765637636,0,206.13232627511,0,8.56131753325462,0,17.6756953001022,0,0,0,1.42013157904148,0,0.979075074195862,0,243.60617403686,0,949.824091821909,13.5363232195377,465.700748153031,44.3594365417957,0
0.257892966270447,0,0,0,1.59197759628296,0,0,0,1.99120736122131,0,0,0,66.8544689416885,0,0,0,0,0,0,0,1004.55913624167,0,0,0,0,0,0,0,17.294690489769,0,244.459986552596,0,0,0,0,0,4.33612914383411,0,329.63093598932,0,0,0,0.529007256031036,0,0,0,0.691241666674614,0,0,0,0,0,0,0,2.3220157623291,0,2283.49800872803,0,126.805815070868,0,0.782992571592331,0,0,183.743414893746,0,0,0,0,0,0,0,74.0497319400311,0,632.666258454323,0,0,0,0,0,0,0,168.983878552914,209.871885403991,0,10.077861905098,0,0
0,0,0,0,0,0,0,0,0,0,0,0,0,311.421674787998,0,0,0,0,0,751.498020499945,0,0,0,0,0,0,0,272.62898594141,0,380.614682078362,0,0,0,0,0,17.878304451704,0,253.623642906547,0,0,0,0,0,0,0,32.1472662985325,0,0,0,38.5519323125482,0,0,0,0,0,0,0,1624.87165121734,0,80.1996263414621,0,0,205.342092990875,0,0,0,0,0,0,0,161.18052829802,0,642.541218489408,0,0,0,0,0,0,0,24.5524676889181,0,413.515434741974,0,28.6223310679197,0,0
23.9238118976355,0,1.68923380970955,0,0,0,0,0,0.679898500442505,0,66.8544689416885,0,0,0,319.127801626921,0,49.9849163144827,0,0,0,0,0,0,0,0,0,16.3274816125631,0,96.365213856101,0,0,0,0,0,0,0,0,0,0,0,0,0,0,0,0,0,0.234494313597679,0,2.43923917412758,0,0.353099048137665,0,0,0,0,0,47.8200114667416,0,545.146281659603,0,199.232412368059,0,0,0,0,0,0,0.256573677062988,0,1.6782650500536,0,195.982548430562,0,0,0,0,0,0,0,0,0,0,59.1497852057219,91.8238170444965,0.883210510015488,0,0
0,2.79119271039963,0,0.964942038059235,0,2.10717821121216,0,29.6102157831192,0,0,0,311.421674787998,0,0,0,29.5479683429003,0,29.2242946624756,0,0,0,0,0,0,0,47.4919529259205,0,171.972113251686,0,4.36560800671577,0,0,0,0,0,0,0,1.28260773420334,0,0,0,0,0,0,0,0,0,0,0,34.9444963261485,0,5.8320506811142,0,124.020557999611,0,0,0,78.0585193186998,0,2470.93431456387,0,12.1393749713898,0,0,0,0,0,0,81.3194391876459,0,366.963405050337,0,6.22657421976328,0,0,0,0,0,0,0,0.707735732197762,0,255.306410700083,159.46061873436,0,0,0
356.394389793277,0,45.1274505481124,0,64.0640803277493,0,0,0,611.971412748098,0,0,0,319.127801626921,0,0,0,826.344670847058,0,1.87102837860584,0,0,0,0,0,136.22897490859,0,627.315833479166,0,128.801928073168,0,0,0,0,0,0,0,0,0,9.55979169905186,0,0.262038677930832,0,6.36254420876503,0,0.173070043325424,0,8.38866168260574,0,72.8639045953751,0,27.2581609487534,0,0,0,292.861014589667,0,0,0,127.618875175714,0,751.38568918407,0,0,0,0,0,0,42.9955309778452,0,444.351217418909,0,0,0,0.438033193349838,0,0,0,0,0,0,0,5.40903294086456,1012.89600323141,574.757094964385,28.5704250782728,0,0
0,465.526299864054,0,47.4391293823719,0,3.76083606481552,0,0,0,389.343667939305,0,0,0,29.5479683429003,0,0,0,71.575598359108,0,0,0,1.93994905054569,0,142.869533017278,0,655.737335041165,0,39.9789517521858,0,0,0,0,0,0,0,0,0,2.99701064825058,0,0,0,0,0,0,0,0,0,0,0,4.80997338891029,0,0,0,0,0,161.612271785736,0,1.97321248054504,0,6.73924823105335,0,1706.10544192791,0,0,0,0,50.5101009011269,0,739.557727739215,0,31.3047077655792,0,0,0,0,0,0,0,0,0,0,0,552.383804395795,78.678512185812,2.37575146555901,0,0
3.54655578732491,0,0.747370779514313,0,0.208203092217445,0,0,0,435.877885684371,0,0,0,49.9849163144827,0,826.344670847058,0,0,3393.80415387452,1610.2595962435,0,0,0,977.082440927625,0,256.230547592044,0,1028.32269136608,0,185.383147522807,0,0,0,0,0,0,0,0,0,8.0743733048439,0.240329250693321,3.10724039375782,3.19347566366196,53.5772195458412,5.70135766267776,0,0.899100348353386,84.3109023422003,0,9.16391769051552,0,0,0,0,0,84.0756708532572,0,0,0,1.29994034767151,0,810.78614243865,0,0,0.92840451002121,0,347.356961518526,0,14.0844090133905,0,601.754843279719,0,1.34894344210625,0,0,0,0,0,0,0,2.93841317296028,0,5.27663324773312,10921.4192303419,11220.508294262,91.0596409440041,0,1.63796544075012
0,4.46975910663605,0,0,0,0,0,0,1.46262982487679,181.453833460808,0,0,0,29.2242946624756,0,71.575598359108,3393.80415387452,0,2838.61215610802,1.46668779850006,0,665.577793866396,0,42.7982912361622,12.7841514348984,1317.78065404296,0,386.725973442197,0,0,0,0,0,2.49029612541199,0,0,0,5.78489542007446,1.39061288535595,13.8837842494249,1.71858328580856,146.82198779285,14.7209759950638,72.9904810935259,0,86.427580550313,25.0551460981369,0,2.71782028675079,25.8620360642672,0,0,0,0,5.60765826702118,79.4294735193253,0,0,0,0,0,4.0887188911438,1.15370225906372,0,99.4303691536188,0,17.8391417264938,0,375.540133684874,0,9.85379081964493,0,0,0,0,0,0,0,0,0,9.06420980393887,5.25682713091373,14416.0465079695,14613.4660057127,84.2103072106838,13.3595520853996,0
111.116142511368,84.0251064300537,1.73248696327209,9.97431077063084,0,0,0,0,474.157497137785,457.451967716217,0,0,0,0,1.87102837860584,0,1610.2595962435,2838.61215610802,0,0,4.8261491060257,0,0,77.4411908239126,59.1917173713446,0,10.9371612146497,0,0,0,0,0,0,0.329493045806885,8.51231241971254,1.96427631378174,5.28051273524761,127.938765786588,255.447325713933,78.9223080277443,14.2306882888079,1931.42217650265,2372.26265175641,536.553445458412,16.38314409554,519.980889067054,1356.48340875655,0.69911390542984,184.787802867591,337.638704612851,0,0,0,0,129.7829490453,217.69596067071,1.22422043979168,0,0,0,1.62861064076424,0,2.55818104743958,2.62783551216125,0,0,55.9835604727268,65.8467959910631,4.13129240274429,6.53464186191559,0.675049722194672,0,1.45124235749245,4.92366544902325,0,0,1.9391767680645,1.83844585716724,1.33065818250179,15.8585681766272,168.759843997657,388.529669471085,12324.97223185,3022.49952414632,1394.10006445646,224.063039883971,159.964363217354
0,1.25335499644279,0,0.587701767683029,0,0,0,1.02566194534302,0,14.3912817388773,0,751.498020499945,0,0,0,0,0,1.46668779850006,0,0,0,0,0,0,0,0,0,0,0,34.8522260338068,0,0,0,0.923545807600021,0,755.684237167239,0,619.762866392732,0,28.9075623005629,0,5.21722036600113,0,2.31337141990662,0,297.253606677055,0,0,0,65.3205767720938,0,0,0,0,0,4.24768704175949,0,222.666696697474,0,5.85408008098602,0,1.53597095608711,2876.63999526203,0,0,0,0,0,0,0,0,0,344.695846512914,0,0,0,0.582591772079468,0,110.860619455576,0,574.919930115342,0,993.082599833608,0,111.696719557047,0,0
2.50723534822464,0,0.764965772628784,0,0,0,107.505815267563,0,0.587547659873962,0,1004.55913624167,0,0,0,0,0,0,0,4.8261491060257,0,0,0,0,0,0,0,1.11775481700897,0,0,0,2.0887753367424,0,0,0,4.07573906332254,0,597.817809030414,0,759.830757088959,0,17.9238571673632,0,1.90834182500839,0,0.161918684840202,0,810.252365007997,0,6.94833955168724,0,0,0,0,0,0,0,441.114998400211,0,0,0,0,0,0,5302.17730019987,0,0,0,0,0,0.365434795618057,0,0,0,12.1186629384756,0,0,0,0.648585796356201,0,165.554192952812,0,202.237785324454,1398.10050110519,83.3811021447182,113.924736887217,0,0
0,2.75323128700256,0,0,0,0,0,0,0,0,0,0,0,0,0,1.93994905054569,0,665.577793866396,0,0,0,0,244.118230432272,589.421615421772,20.9763562679291,471.209532722831,0,237.461418047547,0,0,0,0,0,0,0,0,0,624.64794883132,67.4313042461872,0,0,1.63006220757961,0,0,0,0.292264580726624,0,0.240858301520348,0,137.1616653651,0,0,0,0,0,0,0,0.276941686868668,0,2.21673461794853,0,7.93673710525036,0,0,7387.64314163476,18.9999329596758,188.838114649057,2.98319604992867,560.800203442574,0.285484701395035,225.600753739476,0,0,0,0,0,0,0,0,0,97.1807680279016,3.77904480695724,3046.13177902997,695.18943439424,0.191658392548561,0,0
0,0,0,0,0,0,0,0,0,0,0,0,0,0,0,0,977.082440927625,0,0,0,0,244.118230432272,0,15.0980348587036,163.352769583464,0,891.242029979825,0,1,0,0,0,0,0,0,0,0,2.93624913692474,678.168224990368,0,0,0,2.68863095343113,0,0,0,0,1.54774264991283,12.3234532922506,0,0,0,0,0,0,0,0,0,0,0,0,0,0,0,14.3038316816092,6151.00883083045,2.36478379368782,118.874026536942,0,327.02494096756,0,15.2973952293396,0,0,0,0,0,0,0,0,0.907021090388298,288.514701515436,2920.98766884208,389.561300233006,0.204548671841621,0,0
0,40.1704737842083,0,0.484153538942337,0,0,0,0,0,561.389697492123,0,0,0,0,0,142.869533017278,0,42.7982912361622,77.4411908239126,0,0,589.421615421772,15.0980348587036,0,9.3488123267889,1423.3590195775,0,2.77936285734177,0,0,0,0,0,0,0,0,0,282.43375864625,6.99988101422787,1.61879363656044,0,189.920578360558,0,0.865946412086487,0,12.8466891944408,0,0,0,47.2405841350555,0,0,0,0,0,266.383327633142,0,0,0,0,0,271.099001705647,0,0,380.20609408617,5.86308175325394,1231.7480699867,0,874.903867930174,0,10.7091638147831,0,0,0,0,0,0,0,0,0,68.4116544276476,0.690116345882416,993.100282341242,6.57651481032372,180.112981408834,9.88005515933037,0
5.96355730295181,0,0.339340254664421,0,0,0,0,0,233.454430997372,0,0,0,0,0,136.22897490859,0,256.230547592044,12.7841514348984,59.1917173713446,0,0,20.9763562679291,163.352769583464,9.3488123267889,0,0,340.275793999434,0,0,0,0,0,0,0,0.279409736394882,0,0,9.12574456632137,361.114752277732,0,3.02661824226379,1.47963760793209,152.952742531896,0,0,0,13.3399458304048,0,68.2262264341116,0,0,0,0,0,105.244812905788,0,0,0,0,0,155.445425286889,0,0,0,3.35849130153656,115.581810340285,2.95423774421215,992.217763900757,0,619.027219027281,0,0,0,0,0,0,0,1.45988309383392,0,0,3.2422171831131,135.027730956674,924.831197872758,2.13396084308624,50.6412489265203,0,10.4778600335121
0,19.6189555227757,0,0,0,0,0,0,0,115.016297906637,0,0,0,47.4919529259205,0,655.737335041165,0,1317.78065404296,0,0,0,471.209532722831,0,1423.3590195775,0,0,0,812.857180655003,0,0,0,0,0,0,0,0,0,1.89585319161415,0,0,0,0,0,0,0,0.864423453807831,0,0,0,4.89335197210312,0,0,0,0,0,21.3765481114388,0,0.819586411118507,0,54.4059288650751,0,810.275456994772,1.14277994632721,0,456.022743791342,0,240.49424931407,0,3052.96408127248,0,767.766952946782,0,0,0,0,0,0,0,0,0,0,0,1545.69868087769,0,1.95262289047241,0,0
135.0807402879,0,17.8249503970146,0,0,0,0,0,239.143060803413,0,0,0,16.3274816125631,0,627.315833479166,0,1028.32269136608,0,10.9371612146497,0,1.11775481700897,0,891.242029979825,0,340.275793999434,0,0,0,322.037502974272,0,0,0,0,0,0,0,0,0,7.15912985801697,0,5.48579525947571,0,2.30248908698559,0,0.387939766049385,0,8.72595001757145,0,27.1465290337801,0,0,0,0,0,140.178188711405,0,1.22838231921196,0,0,0,812.278189346194,0,0,1.48538300395012,0,407.198094815016,0,153.612697124481,0,2375.55158825219,0,28.1816036999226,0,2.87407875061035,0,0,0,1.09303116798401,0,0,0,6.46611136198044,378.927344769239,0,24.2193194627762,0,0
0,10.7982557862997,0,0.451203405857086,0,0,0,0,0,0,0,272.62898594141,0,171.972113251686,0,39.9789517521858,0,386.725973442197,0,0,0,237.461418047547,0,2.77936285734177,0,812.857180655003,0,0,0,530.751833736897,0,0,0,0,0,0,0,81.7721519321203,0,0,0,0,0,0,0,0.487529665231705,0,0,0,8.73731034994125,0,0,0,0,0,1.97294464707375,0,19.5119361877441,0,603.954971477389,0,80.5903557240963,0,0,190.685005217791,0,0,0,399.42166467011,0,3567.03352423012,0,54.7096492350101,0,0,0,0,0,0,0,123.792394414544,0,1398.56122525036,694.408721596003,2.69235956668854,0,0
20.814552411437,0,6.4150771945715,0,0,0,0,0,4.15407481789589,0,17.294690489769,0,96.365213856101,0,128.801928073168,0,185.383147522807,0,0,0,0,0,1,0,0,0,322.037502974272,0,0,0,248.646390289068,0,0,0,0,0,0,0,65.1810089349747,0,0,0,0.789168491959572,0,0.194982126355171,0,1.16278947889805,0,6.50187481939793,0,0,0,0,0,8.5169869363308,0,3.12006258964539,0,74.1355017572641,0,77.7183330208063,0,0,0,0,0,0,0,0,185.217593550682,0,2109.98832350969,0,142.610151350498,0,0,0,0,0,0,0,57.3142515718937,122.732288807631,329.520018309355,2.47688217461109,0,0
0,0,0,0,0,0,0,0,0,0,0,380.614682078362,0,4.36560800671577,0,0,0,0,0,34.8522260338068,0,0,0,0,0,0,0,530.751833736897,0,0,0,0,0,0,0,0,0,199.351393580437,0,0,0,0,0,0,0,0.17875137925148,0,0,0,29.4474141597748,0,0,0,0,0,0,0,95.810157418251,0,5.56255894899368,0,0,1.12845638394356,0,0,0,0,0,0,0,645.304237410426,0,937.421324029565,0,0,0,0,0,0,0,215.986257359385,0,262.12249237299,4.6634259223938,0,0,0
0,0,0,0,0,0,0,0,0,0,244.459986552596,0,0,0,0,0,0,0,0,0,2.0887753367424,0,0,0,0,0,0,0,248.646390289068,0,0,0,0,0,0,0,0,0,438.815681263804,0,0,0,0,0,0,0,0,0,0.634428560733795,0,0,0,0,0,0,0,89.2032954096794,0,2.51580294966698,0,0,0,0,0.537101626396179,0,0,0,0,0,0,0,114.13551029563,0,1434.48588068783,0,0,0,0,0,0,0,221.973306983709,131.49391593039,66.8695038557053,0.780965209007263,0,0
0,0,0,0,0,0,0,0,0,0,0,0,0,0,0,0,0,0,0,0,0,0,0,0,0,0,0,0,0,0,0,0,97.7274860143661,0,0,35.0945776104927,0,0,0,0,0,0,0,0,0,0,0,186.279742926359,0,0,0,0,0,0,0,0,0,0,0,0,0,0,0,0,0,0,0,0,0,0,0,0,0,0,959.90049046278,0,0,0,34.7981669604778,0,0,0,30.8374755680561,0,0,0,0
0,0,0,0,0,0,0,0,0,0,0,0,0,0,0,0,0,0,0,0,0,0,0,0,0,0,0,0,0,0,0,97.7274860143661,0,0,0,0,0,0,0,0,0,0,0,0,0,0,0,167.678698003292,0,0,0,0,0,0,0,0,0,0,0,0,0,0,0,0,0,0,0,0,0,0,0,0,0,0,0,11.1993834972382,0,0,0,23.8041318058968,0,0,0,0,0,0,0
0,0.531787216663361,0,1.08691564202309,0,0,0,0,0,0.298634380102158,0,0,0,0,0,0,0,2.49029612541199,0.329493045806885,0.923545807600021,0,0,0,0,0,0,0,0,0,0,0,0,0,0,212.952152311802,349.82398685813,0,378.082262352109,0,1.15911999344826,0,0,0,0,0,1.47157479822636,0,710.491225123405,0,195.852745547891,0,0,0,0,0,0.158066064119339,0,0,0,0,0,0,12.2664776146412,0,0,0,0,0,0,0,0,0,0,0,0.963517546653748,0,2338.7357801795,0,68.6269688457251,0,330.738542318344,0.783433794975281,133.839617952704,0,4.58884543180466,0,0
5.30985464155674,0,1.47354980558157,0,0,0,0,0,13.3189907222986,0,0,0,0,0,0,0,0,0,8.51231241971254,0,4.07573906332254,0,0,0,0.279409736394882,0,0,0,0,0,0,0,0,212.952152311802,0,0,137.846783161163,0,309.22562879324,0,10.9988447129726,0,3.5222714394331,0,0,0.120453968644142,16.2244877070189,945.446047410369,556.724306888878,0,0,0,0,0,0.267452955245972,0,0,0,0,0,2.06683444976807,0,0,7.9057335704565,0,0,0,0.671213179826736,0,0,0,0,0,0,0,0,2.21896314620972,1742.41582357883,0,8.00547283887863,0,360.822200730443,101.53065623343,0,92.4697803556919,0,0
0,0,0,2.7698623239994,0,0,0,0,0,0,0,17.878304451704,0,0,0,0,0,0,1.96427631378174,755.684237167239,0,0,0,0,0,0,0,0,0,0,0,35.0945776104927,0,349.82398685813,0,0,0,604.072616323829,0,2.79485666751862,0,0,0,0,0,117.511171594262,0,49.1125406622887,0,48.4973544180393,0,0.587453216314316,0,0,0,0,0,1.44369719922543,0,3.39953035116196,0,1.7263095676899,456.774857878685,0,0,0,0,0,0,0,0,0,0,0,156.272492647171,0,182.64820048213,0,3032.92818517238,0,439.154505819082,0,541.184492409229,0,116.433594018221,0,0
0.62689208984375,0,34.0489030331373,0,24.6729144155979,0,1.28529062867165,0,3.03147625923157,0,4.33612914383411,0,0,0,0,0,0,0,5.28051273524761,0,597.817809030414,0,0,0,0,0,0,0,0,0,0,0,0,0,137.846783161163,0,0,0,154.827195614576,0,66.5967310369015,0,1.89292368292809,0,0,0,129.420354947448,15.1009056866169,69.6018308252096,0,0,0,0,0,0,0,0,0,0,0,1.176543623209,0,0,456.415260381997,0,0,0,0.65224689245224,0,1.18403577804565,0,0,0,0,0,0,0,17.3182857036591,0,3458.963462919,0,422.453907310963,501.692769996822,12.3225606381893,119.087386935949,0,0
0,21.9935962855816,0,5.23335172235966,0,0,0,0,0,100.225298523903,0,253.623642906547,0,1.28260773420334,0,2.99701064825058,0,5.78489542007446,127.938765786588,619.762866392732,0,624.64794883132,2.93624913692474,282.43375864625,9.12574456632137,1.89585319161415,0,81.7721519321203,0,199.351393580437,0,0,0,378.082262352109,0,604.072616323829,0,0,402.883801177144,21.3154395669699,0,327.617088839412,0,9.87517088651657,0,37.3179917931557,0,64.5146427899599,0,404.279699802399,0,0,0,0,0,120.626941427588,0,11.9192468076944,0,0.597309112548828,0,9.2829447388649,149.148316130042,0,236.504422575235,0,344.537201970816,0.911919057369232,13.6833802014589,0.229621067643166,84.8898007571697,0,405.670762717724,0,0,0,73.2175475209951,0,290.236398428679,0,10966.7419878393,163.800889521837,1502.36546379328,246.195066660643,198.699738666415,31.2249980121851,0
73.4155748859048,0,6.33324714004993,0,0,0,0,0,364.378488704562,1.56589065492153,329.63093598932,0,0,0,9.55979169905186,0,8.0743733048439,1.39061288535595,255.447325713933,0,759.830757088959,67.4313042461872,678.168224990368,6.99988101422787,361.114752277732,0,7.15912985801697,0,65.1810089349747,0,438.815681263804,0,0,0,309.22562879324,0,154.827195614576,402.883801177144,0,0,23.3496327102184,1.14297363162041,553.634309493005,0,1.36715196073055,1.16213798522949,127.391612760723,11.6270670890808,612.461026489735,0,0,0,0,0,193.127187356353,1.26563715934753,35.3150302916765,0,0,0,7.69625401496887,0,0,74.9055613204837,1.61851793527603,190.047165498137,5.05939777195454,161.932856455445,0,11.4131107777357,0,62.0070495605469,0,242.093195542693,0,0,0,86.7198081016541,0,303.37616725266,122.052618160844,11207.5084096938,2039.32437054068,149.818690508604,429.850231103599,0,48.3043988794088
0,26.6902258694172,0,4.97937203943729,0,0,0,0,0,13.0193539559841,0,0,0,0,0,0,0.240329250693321,13.8837842494249,78.9223080277443,28.9075623005629,0,0,0,1.61879363656044,0,0,0,0,0,0,0,0,0,1.15911999344826,0,2.79485666751862,0,21.3154395669699,0,0,7.40933492779732,287.143207028508,0,48.1495959609747,0,659.601707622409,5.11297969520092,0.615057408809662,0,1474.97419294715,0,0,0,0,0,1.7241922467947,0,0,0,0,0,0,154.948013022542,0,0,0,4.11958327889442,0,1.77416831254959,0,0,0,1.28571826219559,0,0,0,0.350503027439117,0,284.170823693275,0,41.8070708364248,0,134.872094735503,11.3394178450108,1645.70907282829,36.6863259375095,0
5.5663436204195,0,1.54177901148796,0,0,0,0,0,2.47479431331158,0,0,0,0,0,0.262038677930832,0,3.10724039375782,1.71858328580856,14.2306882888079,0,17.9238571673632,0,0,0,3.02661824226379,0,5.48579525947571,0,0,0,0,0,0,0,10.9988447129726,0,66.5967310369015,0,23.3496327102184,7.40933492779732,0,0.376535058021545,16.9108195602894,0,0.29576101899147,10.6947671771049,359.437332883477,16.0868017077446,424.312617763877,0,0,0,0,0,3.36158233880997,0,0,0,0,0,0,0,0,105.759618446231,0,0,0,2.39868552982807,0,0.289339169859886,0,0,0,0,0,0,0,6.41385123133659,0,31.0319643765688,0,22.7049223929644,73.2728319317102,0,1507.55443951488,0,1.01380129158497
0,140.223606988788,0,25.6926385909319,0,0,0,0,1.41106505692005,522.447490796447,0,0,0,0,0,0,3.19347566366196,146.82198779285,1931.42217650265,5.21722036600113,0,1.63006220757961,0,189.920578360558,1.47963760793209,0,0,0,0,0,0,0,0,0,0,0,0,327.617088839412,1.14297363162041,287.143207028508,0.376535058021545,0,509.410162612796,459.188234239817,0,1258.39040015638,3.35452781617641,51.634581387043,0.450824230909348,599.274795159698,0,0,0,0,0,155.756047613919,0,22.469018727541,0,0,0,4.50688105821609,47.2036135792732,0,0,0,127.931078501046,0,3.35314945876598,0,0,0,26.0791651457548,0,0,0,0,0,4.70840546488762,0,102.194014310837,0,4318.66861785203,96.1550570577383,2591.59123126417,613.749865442514,0.170431599020958
145.032568722963,0,0.259000808000565,0,0,0,0,0,214.121543228626,0,0.529007256031036,0,0,0,6.36254420876503,0,53.5772195458412,14.7209759950638,2372.26265175641,0,1.90834182500839,0,2.68863095343113,0,152.952742531896,0,2.30248908698559,0,0.789168491959572,0,0,0,0,0,3.5222714394331,0,1.89292368292809,0,553.634309493005,0,16.9108195602894,509.410162612796,0,2.07331300526857,55.7497365921736,1.4878194630146,1895.42757276446,78.7258063256741,1017.58240777254,2.59255349636078,0,0,0,0,57.58030359447,0.532208502292633,0,0,0,0,7.00464460253716,0,0,1.10097980499268,0,0,0,78.6357460319996,0,3.49468192458153,0,0,0,6.24417278170586,0,0,0,2.3692189604044,0,7.94689762592316,0,438.24885430932,4465.59513390064,9.46741952002048,1613.02647548169,0.239019066095352,457.966996893287
0,242.598419874907,0,26.0108316838741,0,0,0,0,0,51.9892154335976,0,0,0,0,0,0,5.70135766267776,72.9904810935259,536.553445458412,2.31337141990662,0,0,0,0.865946412086487,0,0,0,0,0,0,0,0,0,0,0,0,0,9.87517088651657,0,48.1495959609747,0,459.188234239817,2.07331300526857,0,0,1166.65940873325,5.90595629066229,0,0.287765353918076,115.401844784617,0,0,0,0,2.17944431304932,9.29688805341721,0,0,0,0,0,0.858395367860794,7.37514308094978,0,0,0,2.84479263424873,0,8.99016442894936,0,0.263497322797775,0,3.89561665058136,0,0,0,0,0,1.48580855131149,0.741524457931519,29.0466185212135,1.74114567041397,871.152356982231,53.1118798553944,470.054177686572,9.3324978351593,0
3.23553518950939,0,0,0,0,0,0,0,2.72932805120945,0,0,0,0,0,0.173070043325424,0,0,0,16.38314409554,0,0.161918684840202,0,0,0,0,0,0.387939766049385,0,0.194982126355171,0,0,0,0,0,0,0,0,0,1.36715196073055,0,0.29576101899147,0,55.7497365921736,0,0,0,53.2636466026306,0,5.4879742115736,0,0,0,0,0,0.830004215240479,0,0,0,0,0,0.734506450593472,0,0,0,0,0,0,0.489161282777786,0,0.292281597852707,0,0,0,0,0,0,0,0,0,0,0,1.22252514958382,32.0692861676216,0,20.6344166100025,0,0
0,343.30827100575,0,125.290364846587,0,0,0,0,1.09705929458141,34.7518353760242,0,32.1472662985325,0,0,0,0,0.899100348353386,86.427580550313,519.980889067054,297.253606677055,0,0.292264580726624,0,12.8466891944408,0,0.864423453807831,0,0.487529665231705,0,0.17875137925148,0,0,0,1.47157479822636,0.120453968644142,117.511171594262,0,37.3179917931557,1.16213798522949,659.601707622409,10.6947671771049,1258.39040015638,1.4878194630146,1166.65940873325,0,0,7.13151787221432,1.21286690235138,0,418.773912869394,0,0,0,0,1.84519195556641,14.4591502696276,0,22.8206336349249,0,5.06917503476143,0,3.86300610005856,3617.88662491739,0,0,0,20.2320986539125,1.56285452842712,32.2537613809109,0,5.39158144593239,0,35.7852087169886,0,0,0,1.64927136898041,0,57.6102773398161,0,78.6002229452133,2.8478410243988,715.860557772219,29.9327497184277,3794.59305929393,50.666488006711,0.438548341393471
327.631520263851,0.159336358308792,156.226019978523,0,0.90963289141655,0,0,0,90.7907131761312,2.95700058341026,0.691241666674614,0,0.234494313597679,0,8.38866168260574,0,84.3109023422003,25.0551460981369,1356.48340875655,0,810.252365007997,0,0,0,13.3399458304048,0,8.72595001757145,0,1.16278947889805,0,0,0,0,0,16.2244877070189,0,129.420354947448,0,127.391612760723,5.11297969520092,359.437332883477,3.35452781617641,1895.42757276446,5.90595629066229,53.2636466026306,7.13151787221432,0,0,331.349056251347,1.69109097123146,0,0,0,0,14.0635355561972,0,2.57407473772764,0,0,0,19.440379679203,0,0,3611.71168366075,0,0,0,33.0221365243196,0,14.0253157168627,0,0,0,35.100308097899,0,0,0,2.64317512512207,0,86.6817823201418,1.29622185230255,272.737207598984,1174.75898721069,38.2195642590523,3194.0493664518,0,153.118995480239
0,0.491072863340378,0,0,0,0,0,0,0,0,0,0,0,0,0,0,0,0,0.69911390542984,0,0,0.240858301520348,1.54774264991283,0,0,0,0,0,0,0,0,186.279742926359,167.678698003292,710.491225123405,945.446047410369,49.1125406622887,15.1009056866169,64.5146427899599,11.6270670890808,0.615057408809662,16.0868017077446,51.634581387043,78.7258063256741,0,0,1.21286690235138,0,0,1033.39051176608,509.446443155408,0,0,0,0,0,2.22045031189919,0,0,0,0,0,0,0.572798311710358,0,0,0,0,0,0,0,0,0,0,0,154.496674329042,38.3035919368267,551.45458304882,309.13734818995,8.38138061761856,7.26224714517593,206.914518162608,29.7129383683205,1157.24031664431,0.664353966712952,244.498226538301,0,0
427.542193576694,0,207.833644360304,0,65.1757184863091,0,0,0,766.762184917927,0,0,0,2.43923917412758,0,72.8639045953751,0,9.16391769051552,2.71782028675079,184.787802867591,0,6.94833955168724,0,12.3234532922506,0,68.2262264341116,0,27.1465290337801,0,6.50187481939793,0,0.634428560733795,0,0,0,556.724306888878,0,69.6018308252096,0,612.461026489735,0,424.312617763877,0.450824230909348,1017.58240777254,0.287765353918076,5.4879742115736,0,331.349056251347,1033.39051176608,0,6.15205001831055,10.4075573682785,0,0,0,825.331113919616,0,78.7707070857286,0,16.1087900102139,0,159.035787671804,0,0,107.481515660882,0,0,0,252.05624678731,0,209.772468075156,0,336.56848475337,0,63.6129858195782,0,29.0475005507469,0,731.01494705677,0,61.5312960147858,0,1336.8850036189,549.460567496717,0.508269235491753,1080.28864362836,0,31.5896947830915
0,547.699557587504,0,165.033591225743,0,12.8344601094723,0,0,1.08543872833252,633.94639749825,0,38.5519323125482,0,34.9444963261485,0,4.80997338891029,0,25.8620360642672,337.638704612851,65.3205767720938,0,137.1616653651,0,47.2405841350555,0,4.89335197210312,0,8.73731034994125,0,29.4474141597748,0,0,0,195.852745547891,0,48.4973544180393,0,404.279699802399,0,1474.97419294715,0,599.274795159698,2.59255349636078,115.401844784617,0,418.773912869394,1.69109097123146,509.446443155408,6.15205001831055,0,0,2.34394067525864,0,0,0,889.32569463551,0,213.41813223809,0,36.4247647225857,0,69.4258554428816,219.327154800296,0,7.02537630498409,0,120.276606962085,0,293.857288196683,0,1002.9498526454,0,182.407107263803,0,0,0,265.277319028974,0,88.2787987291813,0,1127.57873359323,0,1138.23428180814,7.57836765050888,2074.18352155387,22.2297449558973,0
31.28158852458,0,63.6450627148151,0,515.207153767347,0,30.2972370386124,0,146.789051771164,0,0,0,0.353099048137665,0,27.2581609487534,0,0,0,0,0,0,0,0,0,0,0,0,0,0,0,0,0,0,0,0,0,0,0,0,0,0,0,0,0,0,0,0,0,10.4075573682785,0,0,0,20.3058679103851,0,5.28906226158142,0,138.569678425789,0,10.9674184322357,0,18.2364474534988,0,0,0,0,0,0,0,0,0,0,0,0,0,0,0,0,0,0,0,0,0,212.506223082542,62.5628923177719,48.3050944209099,0,0
0,10.6081961989403,0,20.6648327708244,0,470.626853555441,0,3.01277530193329,0,11.8551767468452,0,0,0,5.8320506811142,0,0,0,0,0,0,0,0,0,0,0,0,0,0,0,0,0,0,0,0,0,0.587453216314316,0,0,0,0,0,0,0,0,0,0,0,0,0,2.34394067525864,0,0,0,11.117715716362,0,0,0,45.2068599164486,0,1.02122557163239,0,3.01297914981842,0.358528614044189,0,0,0,0,0,0,0,0,0,0,0,0,0,0,0,0,0,0,0,22.0317226648331,0,10.6440235376358,0,0
0,0,0,0,0,0,2.069002866745,0,0,0,0,0,0,0,0,0,0,0,0,0,0,0,0,0,0,0,0,0,0,0,0,0,0,0,0,0,0,0,0,0,0,0,0,0,0,0,0,0,0,0,20.3058679103851,0,0,0,0,0,15.5905295610428,0,81.2445077300072,0,0,0,0,0,0,0,0,0,0,0,0,0,0,0,0,0,0,0,0,0,0,0,0,0,0,0,0
0,0,0,0,0,11.6934443116188,0,132.414265334606,0,0,0,0,0,124.020557999611,0,0,0,0,0,0,0,0,0,0,0,0,0,0,0,0,0,0,0,0,0,0,0,0,0,0,0,0,0,0,0,0,0,0,0,0,0,11.117715716362,0,0,0,0,0,75.9768419265747,0,15.7787952423096,0,0,0,0,0,0,0,0,0,0,0,0,0,0,0,0,0,0,0,0,0,0,88.1410760879517,8.83276319503784,2.11372232437134,0,0
139.781120203435,0,157.868693679571,0,179.910019159317,0,0,0,919.234930410981,0,2.3220157623291,0,0,0,292.861014589667,0,84.0756708532572,5.60765826702118,129.7829490453,0,0,0,0,0,105.244812905788,0,140.178188711405,0,8.5169869363308,0,0,0,0,0,0.267452955245972,0,0,0,193.127187356353,0,3.36158233880997,0,57.58030359447,2.17944431304932,0.830004215240479,1.84519195556641,14.0635355561972,0,825.331113919616,0,5.28906226158142,0,0,0,0,0,0,0,2.07757997512817,0,144.527416869998,0,0,0.387402534484863,0,0,0,231.067063249648,0,143.786490559578,0,0.265980005264282,0,12.109575688839,0,0,0,0,0,0,0,215.753187179565,334.618089072406,6.08634477853775,193.229082167149,0,9.60715770721436
0,469.211650282145,0,278.756378859282,0,1.52426940202713,0,0,0,1051.54843273759,0,0,0,0,0,161.612271785736,0,79.4294735193253,217.69596067071,4.24768704175949,0,0,0,266.383327633142,0,21.3765481114388,0,1.97294464707375,0,0,0,0,0,0.158066064119339,0,0,0,120.626941427588,1.26563715934753,1.7241922467947,0,155.756047613919,0.532208502292633,9.29688805341721,0,14.4591502696276,0,2.22045031189919,0,889.32569463551,0,0,0,0,0,0,0,0,0,0,0,114.494893848896,4.24824261665344,0,0,0,601.131817370653,0,85.6703623235226,0,6.29441744089127,0,13.7343057096004,0,0,0,0,0,0,0,134.193644627929,0,288.67633575201,1.77126994729042,545.074886903167,17.3626031279564,0.503671228885651
1.2880562543869,0,19.0330049991608,0,41.6449673175812,0,0,0,6.88261032104492,0,2283.49800872803,0,47.8200114667416,0,0,0,0,0,1.22422043979168,0,441.114998400211,0,0,0,0,0,1.22838231921196,0,3.12006258964539,0,89.2032954096794,0,0,0,0,0,0,0,35.3150302916765,0,0,0,0,0,0,0,2.57407473772764,0,78.7707070857286,0,138.569678425789,0,15.5905295610428,0,0,0,0,0,397.956083342433,0,1.21739608049393,0,0,176.385376214981,0,0,0,2.54302237927914,0,1.96131365001202,0,53.5187894105911,0,188.977016612887,0,0,0,0,0,0,0,47.6732846349478,66.4498719573021,0.893312335014343,84.6103747785091,0,0
0,3.89872804284096,0,26.3294738233089,0,35.2158273458481,0,46.9104218780994,0,0.47277444601059,0,1624.87165121734,0,78.0585193186998,0,1.97321248054504,0,0,0,222.666696697474,0,0.276941686868668,0,0,0,0.819586411118507,0,19.5119361877441,0,95.810157418251,0,0,0,0,0,1.44369719922543,0,11.9192468076944,0,0,0,22.469018727541,0,0,0,22.8206336349249,0,0,0,213.41813223809,0,45.2068599164486,0,75.9768419265747,0,0,0,0,0,534.267804920673,0,129.651308581233,360.457894846797,0,0,0,0,0,21.3003447055817,0,204.192897111177,0,289.830399297178,0,0,0,0,0,0,0,11.9288033246994,0,77.5709899067879,4.51441758871078,300.205045774579,0,0
17.4442944228649,0,0,0,8.95091772079468,0,150.814430773258,0,15.1421494781971,0,126.805815070868,0,545.146281659603,0,127.618875175714,0,1.29994034767151,0,0,0,0,0,0,0,0,0,0,0,74.1355017572641,0,2.51580294966698,0,0,0,0,0,0,0,0,0,0,0,0,0,0,0,0,0,16.1087900102139,0,10.9674184322357,0,81.2445077300072,0,2.07757997512817,0,397.956083342433,0,0,0,91.5853700488806,0,0,0,0,0,0,2.53241395950317,0,33.3948769420385,0,291.29953250289,0,0,0,0,0,0,0,0,0,0,12.0049251317978,0,0.33158928155899,0,0
0,3.93886694312096,0,95.8611901402473,0,6.24461883306503,0,19.8999977111816,0,1.05462145805359,0,80.1996263414621,0,2470.93431456387,0,6.73924823105335,0,0,0,5.85408008098602,0,2.21673461794853,0,0,0,54.4059288650751,0,603.954971477389,0,5.56255894899368,0,0,0,0,0,3.39953035116196,0,0.597309112548828,0,0,0,0,0,0,0,5.06917503476143,0,0,0,36.4247647225857,0,1.02122557163239,0,15.7787952423096,0,0,0,534.267804920673,0,0,0,70.3980092406273,3.18848845362663,0,0,0,0,0,28.4782630354166,0,568.176675997674,0,7.70245821028948,0,0,0,0,0,0,0,0,0,117.057890951633,0,137.707279205322,0,0
525.371241509914,0,138.884941741824,0,102.335844218731,0,0,0,381.51271507144,0,0.782992571592331,0,199.232412368059,0,751.38568918407,0,810.78614243865,0,1.62861064076424,0,0,0,0,0,155.445425286889,0,812.278189346194,0,77.7183330208063,0,0,0,0,0,2.06683444976807,0,1.176543623209,0,7.69625401496887,0,0,0,7.00464460253716,0,0.734506450593472,0,19.440379679203,0,159.035787671804,0,18.2364474534988,0,0,0,144.527416869998,0,1.21739608049393,0,91.5853700488806,0,0,0,0,11.055746987462,0,0,0,116.270918443799,0,822.614239856601,0,3.6046942025423,0,7.06738120317459,0,0,0,2.29694223403931,0,1.27378010749817,0,10.4774037376046,192.046531409025,85.4115666747093,116.259434968233,0,0
0,978.073894873261,0,181.162817656994,0,8.05344727635384,0,0,0,360.81134827435,0,0,0,12.1393749713898,0,1706.10544192791,0,4.0887188911438,0,1.53597095608711,0,7.93673710525036,0,271.099001705647,0,810.275456994772,0,80.5903557240963,0,0,0,0,0,0,0,1.7263095676899,0,9.2829447388649,0,0,0,4.50688105821609,0,0.858395367860794,0,3.86300610005856,0,0,0,69.4258554428816,0,3.01297914981842,0,0,0,114.494893848896,0,129.651308581233,0,70.3980092406273,0,0,2.31520803272724,0,0,0,76.0024961531162,0,1051.76640635729,0,80.5883091539145,0,0,0,0,0,0,0,0,0,0.209742024540901,0,209.345179915428,21.0337612628937,108.735822334886,0,0
0,25.5797778218985,0,5.03734261542559,0,5.62134799361229,0,11.1610940992832,0,13.9363431930542,0,205.342092990875,0,0,0,0,0,1.15370225906372,2.55818104743958,2876.63999526203,0,0,0,0,0,1.14277994632721,0,0,0,1.12845638394356,0,0,0,12.2664776146412,0,456.774857878685,0,149.148316130042,0,154.948013022542,0,47.2036135792732,0,7.37514308094978,0,3617.88662491739,0,0.572798311710358,0,219.327154800296,0,0.358528614044189,0,0,0,4.24824261665344,0,360.457894846797,0,3.18848845362663,0,2.31520803272724,0,0,0,0,5.32020448148251,0,2.7603619992733,0,1.88128565251827,0,124.405638456345,0,0,0,6.885538443923,0,349.652004405856,0,367.792458876967,0,238.509366631508,2.56467708945274,1362.60614730418,0,0
25.5830354988575,0,0,0,26.4182049036026,0,5.75194990634918,0,0,0,183.743414893746,0,0,0,0,0,0.92840451002121,0,2.62783551216125,0,5302.17730019987,0,0,0,0,0,1.48538300395012,0,0,0,0.537101626396179,0,0,0,7.9057335704565,0,456.415260381997,0,74.9055613204837,0,105.759618446231,0,1.10097980499268,0,0,0,3611.71168366075,0,107.481515660882,0,0,0,0,0,0.387402534484863,0,176.385376214981,0,0,0,11.055746987462,0,0,0,0,0,0,0.319631278514862,0,1.4379763007164,0,0,0,5.09672804176807,0,0,0,3.44694009423256,0,305.490539878607,0,143.432157956064,904.582526415586,9.52671229839325,858.558950826526,0,0
0,0,0,0,0,0,0,0,0,0,0,0,0,0,0,0,0,99.4303691536188,0,0,0,7387.64314163476,14.3038316816092,380.20609408617,3.35849130153656,456.022743791342,0,190.685005217791,0,0,0,0,0,0,0,0,0,236.504422575235,1.61851793527603,0,0,0,0,0,0,0,0,0,0,7.02537630498409,0,0,0,0,0,0,0,0,0,0,0,0,0,0,0,0,129.909415975213,0,247.651230439544,0,227.072109088302,0,0,0,0,0,0,0,0,0,71.0964676439762,0,690.727905631065,96.1545215398073,0,0,0
0,0,0,0,0,0,0,0,0,0,0,0,0,0,0,0,347.356961518526,0,0,0,0,18.9999329596758,6151.00883083045,5.86308175325394,115.581810340285,0,407.198094815016,0,0,0,0,0,0,0,0,0,0,0,190.047165498137,0,0,0,0,0,0,0,0,0,0,0,0,0,0,0,0,0,0,0,0,0,0,0,0,0,0,0,0,16.243478178978,0,76.0320212692022,0,1.8423824608326,0,0,0,0,0,0,0,0,0,8.26195073127747,991.614270433784,69.4652313143015,0,0,0
0,128.254304364324,0,2.65210716426373,0,0,0,0,0,348.052765637636,0,0,0,0,0,50.5101009011269,0,17.8391417264938,55.9835604727268,0,0,188.838114649057,2.36478379368782,1231.7480699867,2.95423774421215,240.49424931407,0,0,0,0,0,0,0,0,0,0,0,344.537201970816,5.05939777195454,4.11958327889442,0,127.931078501046,0,2.84479263424873,0,20.2320986539125,0,0,0,120.276606962085,0,0,0,0,0,601.131817370653,0,0,0,0,0,76.0024961531162,5.32020448148251,0,129.909415975213,0,0,0,142.354692459106,0.253904789686203,2.79621532559395,0,0,0,0,0,0.182721048593521,0,0.984874963760376,0,65.536220908165,1.37994462251663,329.070244535804,5.4826458543539,376.434920668602,14.9390494227409,0
45.3807013332844,0,2.20017403364182,0,0,0,0,0,289.07114481926,0,0,0,0.256573677062988,0,42.9955309778452,0,14.0844090133905,0,65.8467959910631,0,0,2.98319604992867,118.874026536942,0,992.217763900757,0,153.612697124481,0,0,0,0,0,0,0,0.671213179826736,0,0.65224689245224,0.911919057369232,161.932856455445,0,2.39868552982807,0,78.6357460319996,0,0.489161282777786,1.56285452842712,33.0221365243196,0,252.05624678731,0,0,0,0,0,231.067063249648,0,2.54302237927914,0,2.53241395950317,0,116.270918443799,0,0,0.319631278514862,0,16.243478178978,0,0,0,239.077916175127,0,6.42560987174511,0,0.630237221717834,0,0,0,2.44955676794052,0,0.99244886636734,0.314501047134399,88.7790992259979,384.04257299006,0,52.7093144804239,0,29.3394986689091
