0,0,14.5272933244705,0,0,0,0,0,152.539208188653,0,0,0,0,0,0,0,8.98418141901493,0.184492126107216,119.648291110992,0,0,0,0,0,0,0,0,0,0,0,0,0,0,0,0,0,0,0,1.73278073966503,0.149521514773369,7.9314207136631,0.934166669845581,190.311210870743,0,0,0.602345824241638,5.60269019007683,0,281.463803306222,0,0,0,0,0,120.403263449669,0,18.2084384709597,0,1.26347163319588,0,194.083935111761,0,0,4.59587252140045,0,0,0,0,0,0,0,2.78021338582039,0,43.8214616328478,0,0,0,0,0,11.1133064776659,0,10.8838152885437,303.761547476053,0,582.715323939919,0,0
0,0,0,55.6438851803541,0,0,0,0,0,194.421179160476,0,0,0,0,0,0,1.06454396247864,0,28.9521915614605,0,0,0,0,1.28631065785885,0,0,0,0,0,0,0,0,0,0,0,4.71045397222042,0,0.45248655974865,0,16.8339865654707,0,207.3275539428,0.133081942796707,0,0,5.89508524537086,0,0,0,312.41647721827,0,0,0,0,0,138.890139579773,0,10.7561377286911,0,0,0,2.68654182553291,0.352314949035645,0,0,0,1.10586386919022,0,0,0,0.760733038187027,0,11.0521703958511,0,0,0,0,0,94.1276828497648,0.162481412291527,25.608865596354,0,53.7729841917753,0,512.180164985359,4.17723989486694,0
14.5272933244705,0,0,0,2.55492043495178,0,0,0,17.9248357117176,0,0,0,0,0,36.415878996253,0,0,0,0,0,0,0,0,0,0,0,0,0,0,0,0,0,0,0,0,0,22.8730139434338,0,0,0,1.3203509747982,0,46.5889967530966,0,0,0,2.35867287218571,0,82.6224569380283,0,19.7911632210016,0,0,0,55.649545788765,0,2.78975142538548,0,13.5207885950804,0,22.8529675155878,0,0,0,0,0,0,0,0,0,0,0.184519782662392,0,3.57999381422997,0,0,0,0,0,6.4178850799799,0,0.19273616373539,92.1643674075603,0,152.510648965836,0,0.14295606315136
0,55.6438851803541,0,0,0,98.845478862524,0,0,0,20.7244940400124,0,4.70786273479462,0,0,0,0,0.464181035757065,0.490642741322517,8.28501726686954,1.91197675466537,0,0,0,0.255289673805237,0,0,0,0,0,0,0,0,0,0,0,27.8453139066696,0,1.3308219909668,0,9.29798521101475,0,154.908347338438,0.65491109341383,0.187105566263199,0,36.8383367881179,0,0,0,45.8268539980054,0,47.243099540472,0,0,0,247.503151595592,0,91.3384678438306,0,5.82921496033669,0,125.743754997849,1.22513731569052,0.103659816086292,0,0,0,0,0,0,0.178345590829849,0,19.48104198277,1.4820739030838,0,0,0,0,15.033407188952,1.30165214836597,5.95102359354496,0,325.299653656781,0,411.503306992352,0,0
0,0,2.55492043495178,0,0,0,3.27861261367798,0,12.4038373231888,0,0,0,0,0,66.4770712554455,0,0,0,0,0,1.73986375331879,0,0,0,0,0,0,0,0,0,0,0,0,0,0,0,0,0,0,0,0,0,0.618502467870712,0,0,0,0,0,0.689964056015015,0,368.247407764196,0,0,0,0,0,3.13417583703995,0,0,0,8.76285707950592,0,0,0.617657542228699,0,0,0,0,0,0,0,0,0,0,0,0,0,0,0,4.46393966674805,0,0,438.868892222643,0,9.96612130105495,0,0
0,0,0,98.845478862524,0,0,0,0,0,62.9463135451078,0,0,0,0,0,127.909250423312,0,0,0,0,0,0,0,0,0,0,0,0,0,0,0,0,0,0,0,5.83564318716526,0,0,0,1.51422142982483,0,2.87105667591095,0,0.837186336517334,0,0,0,0,0,0,0,475.145227298141,0,3.06794428825378,0,54.0410204827785,0,19.4423508495092,0,1.21362526714802,0,2.94079299271107,2.22828602790833,0,0,0,0,0,0,0,0,0,0,0,0,0,0,0,0.5691978931427,0,0,0,473.661463677883,79.1608381271362,26.6328001469374,0,0
0,0,0,0,3.27861261367798,0,0,0,0,0,2.05542948842049,0,0,0,0,0,0,0,0,0,0,0,0,0,0,0,0,0,0,0,0,0,0,0,0,0,2.1461796015501,0,0,0,0,0,0,0,0,0,0,0,0,0,65.0526356697083,0,108.930550336838,0,0,0,274.765261411667,0,0,0,0,0,0,0,0,0,0,0,0,0,0,0,0,0,0,0,0,0,0,0,0,0,67.3283034712076,1,0,0,0
0,0,0,0,0,0,0,0,0,0,0,42.0772723257542,0,44.0047000646591,0,0,0,0,0,0,0,0,0,0,0,0,0,0,0,0,0,0,0,0,0,23.3919540196657,0,0,0,0,0,0,0,0,0,0,0,0,0,0,0,0.904917418956757,0,690.788256525993,0,0,0,229.559690237045,0,32.9763925075531,0,0,0,0,0,0,0,0,0,0,0,0,0,0,0,0,0,0,9.16709421575069,0,0,0,24.4094749689102,0,0,0,0
152.539208188653,0,17.9248357117176,0,12.4038373231888,0,0,0,0,0,0,0,0,0,428.520903378725,0,44.1857490539551,0,3.80332386493683,0,7.06371021270752,0,0,0,164.110261261463,0,22.6706171929836,0,0,0,0,0,0,0,0,0,1.8440760076046,0,91.4642750769854,0,0.402236580848694,0,147.691468209028,0,0,0,1.07178352028131,0,56.352583438158,0,1.33379057049751,0,0,0,314.223591819406,0,31.7968479692936,0,0,0,35.3890070021152,0,0,0.969214797019958,0,0,0,24.4423128068447,0,0.387544721364975,0,10.8275605142117,0,9.61503067612648,0,0,0,0,0,0.158723890781403,0,107.142325565219,2040.95254400373,1.2412243783474,195.111362874508,0,0.325834810733795
0,194.421179160476,0,20.7244940400124,0,62.9463135451078,0,0,0,0,0,0,0,0,0,323.031343817711,0,38.3380880951881,0.551358245313168,0,0,0,0,113.927000373602,0,0,0,0,0,0,0,0,0,0,0,0.258934944868088,0,13.6540874242783,0,1.79488688707352,0,35.5000017881393,0,0,0,0.189729064702988,0.118203446269035,0,0,20.2489292025566,0,0.94542983174324,0,0,0,541.190051719546,0,31.0823746174574,0,0,0,10.6425928473473,0,0,0,0,24.6629553735256,0,0,0,0.848912060260773,0,45.6404453516006,0,0,0,0,0,0.765504792332649,0,1.20392873883247,0,793.587077543139,203.941566601396,23.5656300336123,0.578372836112976,0
0,0,0,0,0,0,2.05542948842049,0,0,0,0,0,13.3907142281532,0,0,0,0,0,0,0,27.0703019797802,0,0,0,0,0,0,0,4.80527073144913,0,40.8318272233009,0,0,0,0,0,20.2294839024544,0,66.9098691940308,0,0,0,0,0,0,0,0,0,0,0,0,0,0,0,0,0,1462.3622020483,0,103.425267696381,0,0,0,0,5,0,0,0,0,0,0,0,0.586102664470673,0,111.997928455472,0,0,0,0,0,0.441482275724411,0,103.067740350962,216.687946408987,0,0,0,0
0,0,0,4.70786273479462,0,0,0,42.0772723257542,0,0,0,0,0,3.65731981396675,0,0,0,0,0,142.827770978212,0,0,0,0,0,0,0,0,0,12.8143055438995,0,0,0,0,0,135.510195940733,0,449.901271492243,0,0,0,0,0,0,0,0.336591720581055,0,0,0,0,0,2.49708914756775,0,1.96120673418045,0,0,0,1931.02380037308,0,554.447147473693,0,0,54.4849450588226,0,0,0,0,0,0,0,36.6672405004501,0,186.195876672864,0,0,0,0,0,2.12567546963692,0,74.8025494217873,0,251.357278361917,0,3.40395832061768,0,0
0,0,0,0,0,0,0,0,0,0,13.3907142281532,0,0,0,0,0,0,0,0,0,0,0,0,0,0,0,0,0,33.4209325909615,0,0,0,0,0,0,0,0,0,0,0,0,0,0,0,0,0,0,0,0,0,15.1574308872223,0,0,0,0,0,6.24231374263763,0,253.914784789085,0,0,0,0,0,0,0,0,0,0,0,0,0,0,0,0,0,0,0,0,0,0,0,34.2438350319862,0,0,0,0
0,0,0,0,0,0,0,44.0047000646591,0,0,0,3.65731981396675,0,0,0,10.4555543661118,0,1.49731510877609,0,0,0,0,0,0,0,18.3245307505131,0,1.23096168041229,0,0,0,0,0,0,0,0,0,0,0,0,0,0,0,0,0,0,0,0,0,0,0,0,0,12.178605556488,0,0,0,0,0,728.401877254248,0,23.020879983902,0,0,0,0,0,0,0.371158540248871,0,6.10995554924011,0,0,0,0,0,0,0,0,0,0,0,73.6899598836899,0,0,0,0
0,0,36.415878996253,0,66.4770712554455,0,0,0,428.520903378725,0,0,0,0,0,0,0,0,0,0,0,0,0,0,0,0,0,0,0,0,0,0,0,0,0,0,0,0,0,0,0,0,0,3.63533483445644,0,0,0,0,0,24.4770690351725,0,77.4052045941353,0,0,0,1.26597797870636,0,0.228655397891998,0,0,0,170.170067600906,0,0,0,0,0,0,0,0,3.95846856385469,0,0,0,0,0,0,0,0,0,0,0,0,100.311322942376,0,30.350107267499,0,0
0,0,0,0,0,127.909250423312,0,0,0,323.031343817711,0,0,0,10.4555543661118,0,0,0,9.87198734283447,0,0,0,0,0,61.8875677287579,0,12.9791288375854,0,0,0,0,0,0,0,0,0,0,0,0,0,0,0,0.21809096634388,0,0,0,0,0,0,0,0.379046231508255,0,19.5458819568157,0,0,0,40.0881319344044,0,0,0,3.032466173172,0,107.58210080862,0,0,0,0,0,0,22.8102219700813,0,0,0,0,0,0,0,0,0,0,0,0,0,94.0678838193417,2.7989239692688,2.06880003213882,0,0
8.98418141901493,1.06454396247864,0,0.464181035757065,0,0,0,0,44.1857490539551,0,0,0,0,0,0,0,0,12127.308834441,4508.42703554034,0,0.226610243320465,3.48726513981819,62.6236550807953,0.435956031084061,154.857818603516,7.69471949338913,91.9610804319382,0,0,0,0,0,0,0,0,0.56706614792347,0.951147094368935,0,1.00908207893372,31.2101909816265,80.8151442557573,7.45792413502932,41.5772486031055,0,4.16794854402542,21.4014810621738,56.2789934724569,0,3.27346380054951,0.949335396289825,0,0,0,0,0,0,3.21871906518936,3.99811086058617,0,0,0,0,12.6767442375422,17.2527905553579,0,13.6963610649109,0,0,0,3.81815123558044,0,0.167703077197075,2.92826464772224,45.7695061564445,0,0,0,0,28.6822742819786,131.163496308029,8.78403639793396,70.7606693208218,9854.45277990401,2218.93250000477,154.494315586984,1.62112990021706,5.56025804579258
0.184492126107216,0,0,0.490642741322517,0,0,0,0,0,38.3380880951881,0,0,0,1.49731510877609,0,9.87198734283447,12127.308834441,0,4531.49732843041,0,0,294.388726443052,0,325.721854761243,0,542.992575660348,0,42.3064159750938,0,0,0,0,0,0,0,0.775274693965912,0,0.446093112230301,0,40.5030841231346,22.7755837738514,15.906216993928,31.2826837897301,0,7.91348123550415,35.0854347348213,16.0035972893238,0,0.257660627365112,0.169828742742538,0,0,0,0,0,3.32100385427475,0,1.61646291613579,0,0,0,0,8.85249914228916,6.28202913701534,66.1605065464973,0,13.825065433979,0,136.799178093672,0,0,0,4.35581403970718,5.19462466239929,0,0,0,0,35.4197637289762,47.47401496768,27.723451346159,17.0713989883661,11273.1152550653,8935.55969178677,61.3479472994804,7.31305310130119,1.81159541010857
119.648291110992,28.9521915614605,0,8.28501726686954,0,0,0,0,3.80332386493683,0.551358245313168,0,0,0,0,0,0,4508.42703554034,4531.49732843041,0,0,0,0,0,0,0,4.74449269473553,0,0,0,0,0,0,0,0,0,34.6009723469615,23.1031640022993,12.9498576521873,2.05175018310547,807.657143719494,699.066401399672,698.390833213925,606.088483847678,3.52335040271282,23.0364781320095,541.516112774611,387.165392830968,0,11.6900909841061,4.30646193027496,0,0,0,0,0,2.8029570132494,16.6292183548212,35.7954879254103,0,0,0,0.228549957275391,121.481795199215,232.338583230972,0,0,0,0,0,0,0.18477700650692,1.56099745631218,92.672418884933,150.326411984861,0,0,0,0,961.597314909101,1331.7126923725,328.155281469226,252.671887800097,4082.40007330477,156.367802485824,1318.52936463803,251.02119717747,196.890967980027
0,0,0,1.91197675466537,0,0,0,0,0,0,0,142.827770978212,0,0,0,0,0,0,0,0,0,0,0,0,0,0,0,0,0,0,0,0,0,0,0,784.966094404459,0,174.544028371572,0,0,0,0,0,0,0,26.1872014254332,0,0,0,0,0,0,0,0,0,0,0,60.3858087062836,0,0,0,0,1787.27703171968,0,0,0,0,0,0,0,0,0,0,0,0,0,0,0,174.207887589931,0,5.2430509775877,0,235.825256183743,0,81.3721570968628,0,0
0,0,0,0,1.73986375331879,0,0,0,7.06371021270752,0,27.0703019797802,0,0,0,0,0,0.226610243320465,0,0,0,0,0,0,0,0,0,0,0,0,0,0,0,0,0,0,0,928.917223319411,0,301.010295286775,0,0,0,0,0,0,0,2.91362198442221,0,0,0,14.3650881201029,0,0,0,2.98043105006218,0,98.0941769480705,0,3.14322027564049,0,0.50129309296608,0,0,923.978109799325,0,0,0,0,0,0,0,0,0,0,0,0,0,0,0,247.277696788311,0,28.5462771207094,238.739595383406,0,135.717994108796,0,0
0,0,0,0,0,0,0,0,0,0,0,0,0,0,0,0,3.48726513981819,294.388726443052,0,0,0,0,42.9059939533472,111.711267441511,0,80.3841035366058,0,16.9697414040565,0,0,0,0,0,0,0,0,0,720.31539426744,0,0,0,0,0,0,0,0,0,0,0,32.8532552719116,0,0,0,0,0,0,0,0,0,0,0,0,0,0,5403.68409888446,21.5868610739708,29.9269540905952,0,57.6563975512981,0,6.53358471393585,0,0,0,0,0,0,0,0,0,248.303084895015,0,759.616833493114,85.2443974614143,0,0,0
0,0,0,0,0,0,0,0,0,0,0,0,0,0,0,0,62.6236550807953,0,0,0,0,42.9059939533472,0,0,85.001350954175,0,75.2189301252365,0,0,0,0,0,0,0,0,0,0,0,236.609816774726,0,0,0,0,0,0,0,0,0,156.247463062406,0,0,0,0,0,0,0,0,0,0,0,0,0,0,0,0,6035.1755874902,0,74.947351962328,0,145.104082167149,0,37.7930079549551,0,0,0,0,0,0,0,0,0,180.865596860647,351.972467914224,66.0646572709084,0,0,0
0,1.28631065785885,0,0.255289673805237,0,0,0,0,0,113.927000373602,0,0,0,0,0,61.8875677287579,0.435956031084061,325.721854761243,0,0,0,111.711267441511,0,0,0,329.068772062659,0,0,0,0,0,0,0,0,0,0,0,168.629300862551,0,0,0,7.68642416596413,0,0,0,0,0,0,0,0.775059461593628,0,0,0,0,0,30.3820349127054,0,2.08854985237122,0,0,0,0,0,0,239.270031899214,0,820.991190314293,0,214.871446847916,0,0,0,0,0,0,0,0,0,0,0,78.539007499814,0,141.913795351982,0,7.798015370965,0,0
0,0,0,0,0,0,0,0,164.110261261463,0,0,0,0,0,0,0,154.857818603516,0,0,0,0,0,85.001350954175,0,0,0,27.1840695142746,0,0,0,0,0,0,0,0,0,0,0,467.693500801921,0,0,0,0,0,0,0,0,0,1.14739799499512,0,0,0,0,0,84.1972155272961,0,0,0,0,0,4.4848347902298,0,0,0,0,258.245175376534,0,650.824758127332,0,276.494745373726,0,0,0,0,0,0,0,0,0,0,0,126.043144792318,366.70134589076,0,0.252726048231125,0,0
0,0,0,0,0,0,0,0,0,0,0,0,0,18.3245307505131,0,12.9791288375854,7.69471949338913,542.992575660348,4.74449269473553,0,0,80.3841035366058,0,329.068772062659,0,0,0,50.1618064939976,0,0,0,0,0,0,0,0,0,0,0,0,0,0,0,0,0,0,0,0,0,0,0,0,0,0,0,0,0,0,0,0,0,0.315858960151672,0,0,13.7561681866646,0,3.52078068256378,0,1238.21446633339,0,15.471947491169,0,0,0,0,0,0,0,0,0,0,0,209.918219387531,3.88820159435272,0,0,0
0,0,0,0,0,0,0,0,22.6706171929836,0,0,0,0,0,0,0,91.9610804319382,0,0,0,0,0,75.2189301252365,0,27.1840695142746,0,0,0,6.95723181962967,0,0,0,0,0,0,0,0,0,0,0,0,0,0,0,0,0,0,0,0,0,0,0,0,0,7.58916890621185,0,0,0,0,0,4.86583337187767,0,0,0,0,7.76575922966003,0,7.82066929340363,0,140.21382984519,0,0,0,0,0,0,0,0,0,0,0,0,54.998597741127,0,0,0,0
0,0,0,0,0,0,0,0,0,0,0,0,0,1.23096168041229,0,0,0,42.3064159750938,0,0,0,16.9697414040565,0,0,0,50.1618064939976,0,0,0,54.2752617001534,0,0,0,0,0,0,0,31.2435885667801,0,0,0,0,0,0,0,0,0,0,0,0,0,0,0,0,0,0,0,0,0,32.4487552642822,0,0,0,0,21.0465298891068,0,0,0,0,0,1275.06848107278,0,2.47896862030029,0,0,0,0,0,0,0,23.805918648839,0,655.695741191506,91.1372029781342,0,0,0
0,0,0,0,0,0,0,0,0,0,4.80527073144913,0,33.4209325909615,0,0,0,0,0,0,0,0,0,0,0,0,0,6.95723181962967,0,0,0,5.86213666200638,0,0,0,0,0,0,0,7.40903520584106,0,0,0,0,0,0,0,0,0,0,0,0,0,0,0,0,0,4.56915497779846,0,2.83062088489532,0,0,0,0,0,0,0,0,0,0,0,0,421.056712388992,0,0,0,0,0,0,0,0,0,0,0,0,0,0,0
0,0,0,0,0,0,0,0,0,0,0,12.8143055438995,0,0,0,0,0,0,0,0,0,0,0,0,0,0,0,54.2752617001534,0,0,0,0,0,0,0,0,0,113.412574768066,0,0,0,0,0,0,0,0,0,0,0,0,0,0,0,0,0,0,0,96.4233639836311,0,0,0,0,0,0,0,0,0,0,0,0,271.731539368629,0,813.617738559842,0,0,0,0,0,0,0,41.3512814044952,0,62.1740469932556,0,0,0,0
0,0,0,0,0,0,0,0,0,0,40.8318272233009,0,0,0,0,0,0,0,0,0,0,0,0,0,0,0,0,0,5.86213666200638,0,0,0,0,0,0,0,0,0,150.295742630959,0,0,0,0,0,0,0,0,0,0,0,0,0,0,0,0,0,41.4040321856737,0,0,0,0,0,0,0,0,0,0,0,0,0,0,136.112097978592,0,384.170443281531,0,0,0,0,0,0,0,16.425706833601,8.77051544189453,0,0,0,0
0,0,0,0,0,0,0,0,0,0,0,0,0,0,0,0,0,0,0,0,0,0,0,0,0,0,0,0,0,0,0,0,325.158341407776,48.4422122240067,0,111.220521837473,4.45453345775604,0,0,0,0,0,0,0,0,0,0,628.359032526612,1.27171039581299,67.4053308516741,0,0,0,0,0,0,0,0,0,0,0,0,0,0,0,0,0,0,0,0,0,0,0,0,659.47526922822,2.26255393028259,51.1743040680885,0,130.629016369581,0,0,0,325.94775646925,0,0,0,0
0,0,0,0,0,0,0,0,0,0,0,0,0,0,0,0,0,0,0,0,0,0,0,0,0,0,0,0,0,0,0,325.158341407776,0,0,5.1857468187809,5.54943668842316,127.46985117346,0,0,0,0,0,0,0,0,0,0,284.735817983747,7.8090538829565,0,0,0,0,0,0,0,0,0,0,0,0,0,0,0,0,0,0,0,0,0,0,0,0,0,0,1404.37130196393,0,0,0,50.7871493026614,0,0,21.1341744065285,0,0,0,0
0,0,0,0,0,0,0,0,0,0,0,0,0,0,0,0,0,0,0,0,0,0,0,0,0,0,0,0,0,0,0,48.4422122240067,0,0,462.749987363815,262.522045448422,0,172.644865810871,2.77260106801987,0,0,0,0,0,0,0,0,879.497957006097,0,0,0,0,0,0,0,0,0,0,0,0,0,0,0,0,0,0,0,0,0,0,0,0,0,0,0,0,2753.80629774928,45.836604475975,61.7080778926611,0,242.956486701965,0,60.4307606816292,6.11015778779984,0,0,0
0,0,0,0,0,0,0,0,0,0,0,0,0,0,0,0,0,0,0,0,0,0,0,0,0,0,0,0,0,0,0,0,5.1857468187809,462.749987363815,0,0,461.903364390135,0.584113657474518,145.944044545293,0,0,0,0,0,0,0,0,871.50247682631,0.951473385095596,0,0,0,0,0,0,0,0,0,0,0,0,0,0,0,0,0,0,0,0,0,0,0,0,0,0,71.0521453619003,381.656193464994,2432.95644982159,0,191.707040950656,0,378.644022762775,86.415692538023,3.93043404817581,0,0,0
0,4.71045397222042,0,27.8453139066696,0,5.83564318716526,0,23.3919540196657,0,0.258934944868088,0,135.510195940733,0,0,0,0,0.56706614792347,0.775274693965912,34.6009723469615,784.966094404459,0,0,0,0,0,0,0,0,0,0,0,111.220521837473,5.54943668842316,262.522045448422,0,0,762.486272424459,1414.98229053617,3.82989478111267,14.6055597364902,0.496653109788895,12.2117596268654,1.27844047546387,0.159269109368324,0,41.9443623051047,0.0983916521072388,59.4580586999655,0,0.643205344676971,0,4.98601606488228,0,0,0,0.911476731300354,0,61.4568054080009,0,1.05210483074188,0,0,904.389173232019,0.404663011431694,0,0,0,0,0,0,0,0,0.679201953113079,0,78.348086386919,0,120.482055336237,0,16003.9502882734,103.876296564937,1016.81938184053,0,2939.2467200309,158.83338829875,357.61754912138,10.6369537711143,0
0,0,22.8730139434338,0,0,0,2.1461796015501,0,1.8440760076046,0,20.2294839024544,0,0,0,0,0,0.951147094368935,0,23.1031640022993,0,928.917223319411,0,0,0,0,0,0,0,0,0,0,4.45453345775604,127.46985117346,0,461.903364390135,762.486272424459,0,0,1857.86272534728,0.692555025219917,0.356703549623489,0,10.378829754889,0,0.106709204614162,0.125222906470299,15.5997938811779,322.486912317574,16.8079500496387,0,42.7650379985571,0,0,0,11.373158544302,0,14.6327938735485,0,8.21127972006798,0,5.44348129630089,0,0,299.270214632154,0,0,0,0,0,0,0,0,0.162396892905235,0.549206539988518,0,309.892503380775,0,351.462998867035,108.427970319986,17340.8705417514,0,1112.20092487335,3492.00351536274,433.452045246959,228.121978655457,0,4.1944052875042
0,0.45248655974865,0,1.3308219909668,0,0,0,0,0,13.6540874242783,0,449.901271492243,0,0,0,0,0,0.446093112230301,12.9498576521873,174.544028371572,0,720.31539426744,0,168.629300862551,0,0,0,31.2435885667801,0,113.412574768066,0,0,0,172.644865810871,0.584113657474518,1414.98229053617,0,0,136.805355042219,3.03214825689793,0,4.07688234746456,0.387494534254074,0,0,45.1329862251878,0,912.983538717031,0,266.626394554973,0,0,0,0,0,9.33561813831329,0,196.498825594783,0,0,0,0,297.353588864207,0,646.708568841219,0,724.836635693908,0,0,0,9.29266405105591,0,367.337756596506,0.675526022911072,0,0,17.1738376617432,0,823.036062449217,0.478821992874146,10489.893227607,27.115730047226,1227.24588905275,910.021342545748,184.091547988355,2.82889565825462,0
1.73278073966503,0,0,0,0,0,0,0,91.4642750769854,0,66.9098691940308,0,0,0,0,0,1.00908207893372,0,2.05175018310547,0,301.010295286775,0,236.609816774726,0,467.693500801921,0,0,0,7.40903520584106,0,150.295742630959,0,0,2.77260106801987,145.944044545293,3.82989478111267,1857.86272534728,136.805355042219,0,0,1.0082083940506,0,46.4373823404312,0,0,0,14.7770585715771,866.310144513845,93.0528363585472,0,0,0,0,0,69.920799523592,0,183.852136552334,0,0,0,0,0,0,218.330717921257,0,349.968694821,0,607.53559602797,0,0,0,1,0,97.2116327807307,0,0,0,115.541384473443,0,1357.75407401472,95.3569016456604,9291.08071324974,1578.46027101576,701.742885708809,243.639032520354,0,0
0.149521514773369,16.8339865654707,0,9.29798521101475,0,1.51422142982483,0,0,0,1.79488688707352,0,0,0,0,0,0,31.2101909816265,40.5030841231346,807.657143719494,0,0,0,0,0,0,0,0,0,0,0,0,0,0,0,0,14.6055597364902,0.692555025219917,3.03214825689793,0,0,5.94167374074459,1222.42947472632,25.3589380830526,5.10267563164234,6.20274856686592,228.60579071939,5.39027692377567,0.552181303501129,0,761.612103827298,0,1.09002482891083,0,0,0,2.04846027493477,0,12.5591785237193,0,0,0,0.198942229151726,50.381454706192,3.25091637670994,0,0,0,0,0,0,0,0,34.6884295865893,0.527742147445679,0,0,0,0,399.714673653245,22.3129964023829,38.7662390097976,2.32101607322693,283.686014376581,0.459631383419037,540.699241042137,231.263419672847,0.208481118083
7.9314207136631,0,1.3203509747982,0,0,0,0,0,0.402236580848694,0,0,0,0,0,0,0,80.8151442557573,22.7755837738514,699.066401399672,0,0,0,0,0,0,0,0,0,0,0,0,0,0,0,0,0.496653109788895,0.356703549623489,0,1.0082083940506,5.94167374074459,0,3.16896040737629,1032.56037204713,0,30.0516280829906,8.12681333720684,458.566811233759,31.4555461257696,2029.1592990309,0.195387706160545,0,0,0,0,1.63203525543213,0,0,3.51791632175446,0,0,0,0,1.07164306938648,33.4377968981862,0,0,0,0,0,0,0,0.300607390701771,0.863850072026253,10.1244038045406,0,0.79849773645401,0,0,16.5169266909361,159.862177327275,3.81455823779106,40.1503509730101,125.853800311685,5.10479252040386,460.319938741624,0.485432386398315,158.847712978721
0.934166669845581,207.3275539428,0,154.908347338438,0,2.87105667591095,0,0,0,35.5000017881393,0,0,0,0,0,0.21809096634388,7.45792413502932,15.906216993928,698.390833213925,0,0,0,0,7.68642416596413,0,0,0,0,0,0,0,0,0,0,0,12.2117596268654,0,4.07688234746456,0,1222.42947472632,3.16896040737629,0,201.29036860168,7.90625493228436,0.353060096502304,601.452285505831,0.444882705807686,153.100675433874,4.18038845062256,591.513555929065,0,0.457810789346695,0,0,0,40.2430228441954,0.34472930431366,379.676704160869,0,0,0,4.72418588399887,303.709180220962,0.571056939661503,0,0,0.464800924062729,0,0,0,31.4683291018009,0,324.375216692686,0,0,0,0,0,352.897371701896,4.71548868715763,65.6557356193662,0.686980798840523,2804.31666485965,37.9301826506853,2402.56406534463,473.158637978137,0
190.311210870743,0.133081942796707,46.5889967530966,0.65491109341383,0.618502467870712,0,0,0,147.691468209028,0,0,0,0,0,3.63533483445644,0,41.5772486031055,31.2826837897301,606.088483847678,0,0,0,0,0,0,0,0,0,0,0,0,0,0,0,0,1.27844047546387,10.378829754889,0.387494534254074,46.4373823404312,25.3589380830526,1032.56037204713,201.29036860168,0,0,41.9638390541077,9.7864321321249,598.983046762645,401.459646224976,725.198595389724,5.37729530036449,0.986574277281761,0,0,0,13.5585683584213,0,216.200775161386,1.10903559625149,3.06214016675949,0,52.3975860625505,0,2.10264572501183,236.427095472813,0,0,0,0.167162194848061,0,2.47047102451324,0,59.2915046513081,0.261398077011108,641.154953360558,0,0,0,0,9.44164746999741,1030.39972478896,5.87657652795315,137.403663769364,2358.16959090531,1.98160120844841,3087.08843827993,1.02445206046104,626.749528393149
0,0,0,0.187105566263199,0,0.837186336517334,0,0,0,0,0,0,0,0,0,0,0,0,3.52335040271282,0,0,0,0,0,0,0,0,0,0,0,0,0,0,0,0,0.159269109368324,0,0,0,5.10267563164234,0,7.90625493228436,0,0,0,2.49002803862095,0,0,0,0,0,0,0,0,0,0.750524953007698,0,0.113872766494751,0,0,0,0,0.468392387032509,0,0,0,0,0,0,0,0,0,0,0,0,0,0,0,4.22231792658567,0,2.01568686962128,0,3.00326004624367,0,6.05302061140537,1.13784974813461,0
0,0,0,0,0,0,0,0,0,0,0,0,0,0,0,0,4.16794854402542,7.91348123550415,23.0364781320095,0,0,0,0,0,0,0,0,0,0,0,0,0,0,0,0,0,0.106709204614162,0,0,6.20274856686592,30.0516280829906,0.353060096502304,41.9638390541077,0,0,2.50784383714199,6.90901586413383,0,0,0,0,0,0,0,0,0,0,0.452763795852661,0,0,0,0,0.937671393156052,7.36105804145336,0,0,0,0,0,0,0,0,0,0,0,0,0,0,3.46040976047516,42.0838604047894,3.57175114750862,0.420324355363846,9.98608885705471,0,31.457662537694,1.50616538524628,2.67027086019516
0.602345824241638,5.89508524537086,0,36.8383367881179,0,0,0,0,0,0.189729064702988,0,0.336591720581055,0,0,0,0,21.4014810621738,35.0854347348213,541.516112774611,26.1872014254332,0,0,0,0,0,0,0,0,0,0,0,0,0,0,0,41.9443623051047,0.125222906470299,45.1329862251878,0,228.60579071939,8.12681333720684,601.452285505831,9.7864321321249,2.49002803862095,2.50784383714199,0,19.7664876431227,0,0,35.0252978801727,0,0,0,0,0,1.94766090810299,1.04403877258301,25.3255666047335,0,0,0,0,2318.00162564963,3.65833103656769,0,0,0,0,0,0,0,0,66.9811892732978,2.40419322252274,0,0,0,0,834.677313715219,18.5538159012794,556.957986034453,3.08489103615284,311.360057927668,0.486370742321014,788.901278316975,19.145408526063,12.6528830081224
5.60269019007683,0,2.35867287218571,0,0,0,0,0,1.07178352028131,0.118203446269035,0,0,0,0,0,0,56.2789934724569,16.0035972893238,387.165392830968,0,2.91362198442221,0,0,0,0,0,0,0,0,0,0,0,0,0,0,0.0983916521072388,15.5997938811779,0,14.7770585715771,5.39027692377567,458.566811233759,0.444882705807686,598.983046762645,0,6.90901586413383,19.7664876431227,0,0,7.0447304546833,0,0,0,0,0,0.702763020992279,0,7.967638194561,2.22978107631207,0,0,0.12475747615099,0,1.26184436678886,556.842908345163,0,0,0,0,0,0,0,0.097613051533699,1.69293981790543,58.9629625305533,0,0,0,0,4.30309468507767,1097.2815708518,1.32768377661705,112.939014360309,88.2291973307729,5.88303318619728,481.061162278056,0,6.70863647758961
0,0,0,0,0,0,0,0,0,0,0,0,0,0,0,0,0,0,0,0,0,0,0,0,0,0,0,0,0,0,0,628.359032526612,284.735817983747,879.497957006097,871.50247682631,59.4580586999655,322.486912317574,912.983538717031,866.310144513845,0.552181303501129,31.4555461257696,153.100675433874,401.459646224976,0,0,0,0,0,1565.28316555917,1479.19614101946,0,0,0,0,0,0,0,0,0,0,0,0,0,0,0,0,0,0,0,0,0,0,0,0,58.0521668791771,208.454782277346,155.21708625555,315.041425019503,279.36951200664,764.799146518111,7.93512105941772,34.0982164293528,3373.3329038173,36.7039877176285,787.709371834993,0,0
281.463803306222,0,82.6224569380283,0,0.689964056015015,0,0,0,56.352583438158,0,0,0,0,0,24.4770690351725,0,3.27346380054951,0.257660627365112,11.6900909841061,0,0,0,156.247463062406,0,1.14739799499512,0,0,0,0,0,0,1.27171039581299,7.8090538829565,0,0.951473385095596,0,16.8079500496387,0,93.0528363585472,0,2029.1592990309,4.18038845062256,725.198595389724,0,0,0,7.0447304546833,1565.28316555917,0,1025.83636069298,5.27520087361336,0,0,0,15.7152773886919,0,198.570063382387,0,17.7520535439253,0,96.5737496763468,0,0,3.81243651360273,0,192.179013118148,0,11.5097694844007,0,23.4561712145805,0,40.9469608366489,0,54.4052082449198,0,3.16357165575027,0,1.24253368377686,0,357.728912368417,0.903654217720032,138.804120466113,386.764590874314,0,1945.37900297344,0,0
0,312.41647721827,0,45.8268539980054,0,0,0,0,0,20.2489292025566,0,0,0,0,0,0.379046231508255,0.949335396289825,0.169828742742538,4.30646193027496,0,0,32.8532552719116,0,0.775059461593628,0,0,0,0,0,0,0,67.4053308516741,0,0,0,0.643205344676971,0,266.626394554973,0,761.612103827298,0.195387706160545,591.513555929065,5.37729530036449,0,0,35.0252978801727,0,1479.19614101946,1025.83636069298,0,0,0,0,0,0,42.2252712845802,0,76.3631510511041,0,1.58749228715897,0,76.3183974027634,0.116618782281876,0,138.121939972043,0,17.4269805550575,0,128.62623552978,0,94.6236137151718,0,42.9962355345488,0,0,0,0,0,79.28715185076,0,76.0161743685603,0.164611667394638,528.559432864189,1.6083881855011,1257.75449904799,0.818933054804802,0
0,0,19.7911632210016,0,368.247407764196,0,65.0526356697083,0,1.33379057049751,0,0,0,15.1574308872223,0,77.4052045941353,0,0,0,0,0,14.3650881201029,0,0,0,0,0,0,0,0,0,0,0,0,0,0,0,42.7650379985571,0,0,0,0,0,0.986574277281761,0,0,0,0,0,5.27520087361336,0,0,0,11.6637507081032,0,0,0,8.85434141755104,0,8.99436646699905,0,5.10364124178886,0,0,6.29984104633331,0,0,0,0,0,0,0,0,0,0,0,0,0,0,0,8.57825779914856,0,0,156.571813359857,0,138.700226664543,0,0
0,0,0,47.243099540472,0,475.145227298141,0,0.904917418956757,0,0.94542983174324,0,2.49708914756775,0,0,0,19.5458819568157,0,0,0,0,0,0,0,0,0,0,0,0,0,0,0,0,0,0,0,4.98601606488228,0,0,0,1.09002482891083,0,0.457810789346695,0,0,0,0,0,0,0,0,0,0,0,50.8658765554428,0,0.778196573257446,0,68.4814877808094,0,27.3585057854652,0,5.40449294447899,1.02368885278702,0,0,0,0,0,0,0,0,0,0,0,0,0,0,0,0,0,0,0,224.345134675503,0,6.32932315766811,0,0
0,0,0,0,0,0,108.930550336838,0,0,0,0,0,0,0,0,0,0,0,0,0,0,0,0,0,0,0,0,0,0,0,0,0,0,0,0,0,0,0,0,0,0,0,0,0,0,0,0,0,0,0,11.6637507081032,0,0,0,0,0,79.477713406086,0,2.79837018251419,0,0,0,0,0,0,0,0,0,0,0,0,0,0,0,0,0,0,0,0,0,0,0,0,0,0.724548876285553,0,0
0,0,0,0,0,3.06794428825378,0,690.788256525993,0,0,0,1.96120673418045,0,12.178605556488,0,0,0,0,0,0,0,0,0,0,0,0,0,0,0,0,0,0,0,0,0,0,0,0,0,0,0,0,0,0,0,0,0,0,0,0,0,50.8658765554428,0,0,0,0,0,223.841719359159,0,6.84346318244934,0,0,0,0,0,0,0,0,0,0,0,0,0,0,0,0,0,0,0,0,0,0,10.0587767362595,0,0,0,0
120.403263449669,0,55.649545788765,0,0,0,0,0,314.223591819406,0,0,0,0,0,1.26597797870636,0,0,0,0,0,2.98043105006218,0,0,0,84.1972155272961,0,7.58916890621185,0,0,0,0,0,0,0,0,0,11.373158544302,0,69.920799523592,0,1.63203525543213,0,13.5585683584213,0,0,0,0.702763020992279,0,15.7152773886919,0,0,0,0,0,0,0,0,0,0,0,1.13812398910522,0,0,0.427479296922684,0,0,0,128.034648969769,0,0.946094393730164,0,0,0,0,0,0,0,0,0,6.26051530241966,0,19.6860421597958,108.198358342052,0,64.7445146963,0,0
0,138.890139579773,0,247.503151595592,0,54.0410204827785,0,0,0,541.190051719546,0,0,0,0,0,40.0881319344044,0,3.32100385427475,2.8029570132494,0,0,0,0,30.3820349127054,0,0,0,0,0,0,0,0,0,0,0,0.911476731300354,0,9.33561813831329,0,2.04846027493477,0,40.2430228441954,0,0.750524953007698,0,1.94766090810299,0,0,0,42.2252712845802,0,0.778196573257446,0,0,0,0,0,8.0485919713974,0,4.31823834776878,0,13.698651522398,0,0,0,0,586.092615991831,0,0,0,0,0,0.24458684027195,0,0,0,0,0,0.590521603822708,0,17.2890809774399,0,86.1412896513939,1.89355981349945,92.1104559451342,1.38003405928612,0
18.2084384709597,0,2.78975142538548,0,3.13417583703995,0,274.765261411667,0,31.7968479692936,0,1462.3622020483,0,6.24231374263763,0,0.228655397891998,0,3.21871906518936,0,16.6292183548212,0,98.0941769480705,0,0,0,0,0,0,0,4.56915497779846,0,41.4040321856737,0,0,0,0,0,14.6327938735485,0,183.852136552334,0,0,0.34472930431366,216.200775161386,0,0,1.04403877258301,7.967638194561,0,198.570063382387,0,8.85434141755104,0,79.477713406086,0,0,0,0,0,180.473154574633,0,12.6237119585276,0,0,169.832015499473,0,0,0,0,0,0,0,53.7113796621561,0,408.553354069591,0,0,0,0,0,9.78953232616186,0,51.004317805171,324.026220545173,0,818.347977787256,0,1.1916855275631
0,10.7561377286911,0,91.3384678438306,0,19.4423508495092,0,229.559690237045,0,31.0823746174574,0,1931.02380037308,0,0,0,0,3.99811086058617,1.61646291613579,35.7954879254103,60.3858087062836,0,0,0,2.08854985237122,0,0,0,0,0,96.4233639836311,0,0,0,0,0,61.4568054080009,0,196.498825594783,0,12.5591785237193,3.51791632175446,379.676704160869,1.10903559625149,0.113872766494751,0.452763795852661,25.3255666047335,2.22978107631207,0,0,76.3631510511041,0,68.4814877808094,0,223.841719359159,0,8.0485919713974,0,0,0,185.325148448348,0,17.3156054019928,462.302887916565,0.433304466307163,0,0,2.05873012542725,0,0,0,41.9631539285183,0,306.054657235742,0,0,0,0,0,18.8484173119068,1.59214599430561,6.83640637248755,0,337.787622854114,0,799.383749417961,22.3072791397572,0.258654534816742
1.26347163319588,0,13.5207885950804,0,0,0,0,0,0,0,103.425267696381,0,253.914784789085,0,0,0,0,0,0,0,3.14322027564049,0,0,0,0,0,0,0,2.83062088489532,0,0,0,0,0,0,0,8.21127972006798,0,0,0,0,0,3.06214016675949,0,0,0,0,0,17.7520535439253,0,8.99436646699905,0,2.79837018251419,0,0,0,180.473154574633,0,0,0,8.53108713030815,0,0,31.5155313611031,0,0,0,0,0,0,0,3.43043112754822,0,0,0,0,0,0,0,3.15279574692249,0,0,6.49997846782207,0,148.845217943192,0,0
0,0,0,5.82921496033669,0,1.21362526714802,0,32.9763925075531,0,0,0,554.447147473693,0,728.401877254248,0,3.032466173172,0,0,0,0,0,0,0,0,0,0,0,32.4487552642822,0,0,0,0,0,0,0,1.05210483074188,0,0,0,0,0,0,0,0,0,0,0,0,0,1.58749228715897,0,27.3585057854652,0,6.84346318244934,0,4.31823834776878,0,185.325148448348,0,0,0,25.3096695840359,0,0,0,0,0,0,1.00949490070343,0,133.35841229558,0,12.2781775593758,0,0,0,0,0,0,0,0,0,100.848171532154,3,3.02732756733894,0,0
194.083935111761,0,22.8529675155878,0,8.76285707950592,0,0,0,35.3890070021152,0,0,0,0,0,170.170067600906,0,0,0,0,0,0.50129309296608,0,0,0,4.4848347902298,0,4.86583337187767,0,0,0,0,0,0,0,0,0,5.44348129630089,0,0,0,0,0,52.3975860625505,0,0,0,0.12475747615099,0,96.5737496763468,0,5.10364124178886,0,0,0,1.13812398910522,0,12.6237119585276,0,8.53108713030815,0,0,0,0,0,0,0,0,0,0,37.1829990446568,0,33.5741220265627,0,0.691283285617828,0,0,0,0,0,2.32026863098145,0,0,56.4120076447725,0,372.526197999716,0,0
0,2.68654182553291,0,125.743754997849,0,2.94079299271107,0,0,0,10.6425928473473,0,0,0,23.020879983902,0,107.58210080862,0,0,0.228549957275391,0,0,0,0,0,0,0.315858960151672,0,0,0,0,0,0,0,0,0,0,0,0,0,0.198942229151726,0,4.72418588399887,0,0,0,0,0,0,0,76.3183974027634,0,5.40449294447899,0,0,0,13.698651522398,0,17.3156054019928,0,25.3096695840359,0,0,0,0,0,0,0,0,69.0716385245323,0,4.64486074447632,0,0,0,0,0,0,0,0,0,0,0,35.0327800959349,0,72.1879917383194,0,0
0,0.352314949035645,0,1.22513731569052,0,2.22828602790833,0,0,0,0,0,54.4849450588226,0,0,0,0,12.6767442375422,8.85249914228916,121.481795199215,1787.27703171968,0,0,0,0,0,0,0,0,0,0,0,0,0,0,0,904.389173232019,0,297.353588864207,0,50.381454706192,1.07164306938648,303.709180220962,2.10264572501183,0.468392387032509,0.937671393156052,2318.00162564963,1.26184436678886,0,0,0.116618782281876,0,1.02368885278702,0,0,0,0,0,462.302887916565,0,0,0,0,0,1.0262486487627,0,0,0,0,0,0,0,0,114.825078800321,0,0,0,0,0,971.358365640044,5.50030347704887,235.837135009468,1.17949914932251,143.01327290386,0,1227.35425974429,1.11162075400352,0
4.59587252140045,0,0,0.103659816086292,0.617657542228699,0,0,0,0.969214797019958,0,5,0,0,0,0,0,17.2527905553579,6.28202913701534,232.338583230972,0,923.978109799325,0,0,0,0,0,0,0,0,0,0,0,0,0,0,0.404663011431694,299.270214632154,0,218.330717921257,3.25091637670994,33.4377968981862,0.571056939661503,236.427095472813,0,7.36105804145336,3.65833103656769,556.842908345163,0,3.81243651360273,0,6.29984104633331,0,0,0,0.427479296922684,0,169.832015499473,0.433304466307163,31.5155313611031,0,0,0,1.0262486487627,0,0,0,0,0,0,0,0,2.25929556041956,0.859358087182045,192.512444473803,0,0,0,0,3.00406863540411,999.951203346252,0.539664700627327,391.061432734132,55.8154981583357,2.99560551345348,840.69458784163,0,2.1360958814621
0,0,0,0,0,0,0,0,0,0,0,0,0,0,0,0,0,66.1605065464973,0,0,0,5403.68409888446,0,239.270031899214,0,13.7561681866646,0,21.0465298891068,0,0,0,0,0,0,0,0,0,646.708568841219,0,0,0,0,0,0,0,0,0,0,0,138.121939972043,0,0,0,0,0,0,0,0,0,0,0,0,0,0,0,0,113.003875643015,0,366.200327605009,0,29.2316390126944,0,0,0,0,0,0,0,0,0,614.363577231765,0,312.104110211134,12.412052065134,1.6796093583107,0,0
0,0,0,0,0,0,0,0,0,0,0,0,0,0,0,0,13.6963610649109,0,0,0,0,21.5868610739708,6035.1755874902,0,258.245175376534,0,7.76575922966003,0,0,0,0,0,0,0,0,0,0,0,349.968694821,0,0,0,0,0,0,0,0,0,192.179013118148,0,0,0,0,0,0,0,0,0,0,0,0,0,0,0,0,0,0,238.540985584259,0,700.965307831764,0,358.64461004734,0,0,0,0,0,0,0,0,0,687.692253753543,129.241180643439,0,2.44732658565044,0,0
0,1.10586386919022,0,0,0,0,0,0,0,24.6629553735256,0,0,0,0,0,0,0,13.825065433979,0,0,0,29.9269540905952,0,820.991190314293,0,3.52078068256378,0,0,0,0,0,0,0,0,0,0,0,724.836635693908,0,0,0,0.464800924062729,0,0,0,0,0,0,0,17.4269805550575,0,0,0,0,0,586.092615991831,0,2.05873012542725,0,0,0,0,0,0,113.003875643015,0,0,0,4.09725557267666,0,0,0,0,0,0,0,0,0,0,0,248.573312222958,0,80.9813524633646,10.5257971584797,180.820409804583,0,0
0,0,0,0,0,0,0,0,24.4423128068447,0,0,0,0,0,0,0,0,0,0,0,0,0,74.947351962328,0,650.824758127332,0,7.82066929340363,0,0,0,0,0,0,0,0,0,0,0,607.53559602797,0,0,0,0.167162194848061,0,0,0,0,0,11.5097694844007,0,0,0,0,0,128.034648969769,0,0,0,0,0,0,0,0,0,0,238.540985584259,0,0,0,19.5134306848049,0,0,0,0,0,0,0,0,0,0,0,264.155706614256,60.6346051245928,0,2.53061729669571,0,0
0,0,0,0,0,0,0,0,0,0,0,0,0,0.371158540248871,0,22.8102219700813,0,136.799178093672,0,0,0,57.6563975512981,0,214.871446847916,0,1238.21446633339,0,0,0,0,0,0,0,0,0,0,0,0,0,0,0,0,0,0,0,0,0,0,0,128.62623552978,0,0,0,0,0,0,0,0,0,1.00949490070343,0,69.0716385245323,0,0,366.200327605009,0,4.09725557267666,0,0,0,161.567393392324,0,0,0,0,0,0,0,0,0,0,0,31.8003222644329,0,7.57434885203838,0,0
0,0,0,0,0,0,0,0,0.387544721364975,0,0,0,0,0,3.95846856385469,0,3.81815123558044,0,0,0,0,0,145.104082167149,0,276.494745373726,0,140.21382984519,0,0,0,0,0,0,0,0,0,0,0,0,0,0,0,2.47047102451324,0,0,0,0,0,23.4561712145805,0,0,0,0,0,0.946094393730164,0,0,0,0,0,37.1829990446568,0,0,0,0,700.965307831764,0,19.5134306848049,0,0,0,34.5323384255171,0,0,0,0,0,0,0,0,0,0,82.1523295342922,0,11.311949133873,0,0
0,0.760733038187027,0,0.178345590829849,0,0,0,0,0,0.848912060260773,0,36.6672405004501,0,6.10995554924011,0,0,0,0,0.18477700650692,0,0,6.53358471393585,0,0,0,15.471947491169,0,1275.06848107278,0,271.731539368629,0,0,0,0,0,0,0,9.29266405105591,0,0,0,31.4683291018009,0,0,0,0,0,0,0,94.6236137151718,0,0,0,0,0,0,0,41.9631539285183,0,133.35841229558,0,4.64486074447632,0,0,29.2316390126944,0,0,0,161.567393392324,0,0,0,105.452708631754,0,0,0,0,0,0,0,173.296361222863,0,83.5483559072018,1.73646807670593,37.4243014454842,0,0
2.78021338582039,0,0.184519782662392,0,0,0,0,0,10.8275605142117,0,0.586102664470673,0,0,0,0,0,0.167703077197075,0,1.56099745631218,0,0,0,37.7930079549551,0,0,0,0,0,421.056712388992,0,136.112097978592,0,0,0,0,0,0,0,1,0,0.300607390701771,0,59.2915046513081,0,0,0,0.097613051533699,0,40.9469608366489,0,0,0,0,0,0,0,53.7113796621561,0,3.43043112754822,0,33.5741220265627,0,0,2.25929556041956,0,358.64461004734,0,0,0,34.5323384255171,0,0,0,12.1104635596275,0,0,0,0,0,0.824344053864479,0,27.5698681473732,33.2141592651606,0,82.9960911273956,0,0
0,11.0521703958511,0,19.48104198277,0,0,0,0,0,45.6404453516006,0,186.195876672864,0,0,0,0,2.92826464772224,4.35581403970718,92.672418884933,0,0,0,0,0,0,0,0,2.47896862030029,0,813.617738559842,0,0,0,0,0,0.679201953113079,0.162396892905235,367.337756596506,0,34.6884295865893,0.863850072026253,324.375216692686,0.261398077011108,0,0,66.9811892732978,1.69293981790543,0,0,42.9962355345488,0,0,0,0,0,0.24458684027195,0,306.054657235742,0,12.2781775593758,0,0,114.825078800321,0.859358087182045,0,0,0,0,0,0,105.452708631754,0,0,0,0,0,0,0,55.944801338017,1.99737247824669,53.5063539668918,0,675.258958049119,0,322.142842069268,73.3652838468552,0
43.8214616328478,0,3.57999381422997,1.4820739030838,0,0,0,0,9.61503067612648,0,111.997928455472,0,0,0,0,0,45.7695061564445,5.19462466239929,150.326411984861,0,0,0,0,0,0,0,0,0,0,0,384.170443281531,0,0,0,0,0,0.549206539988518,0.675526022911072,97.2116327807307,0.527742147445679,10.1244038045406,0,641.154953360558,0,0,2.40419322252274,58.9629625305533,0,54.4052082449198,0,0,0,0,0,0,0,408.553354069591,0,0,0,0.691283285617828,0,0,192.512444473803,0,0,0,0,0,0,0,12.1104635596275,0,0,0,0,0,0,2.2782556861639,58.0194532796741,0,202.70793825388,678.354524806142,1.4066464304924,577.919026680291,0,58.1112206578255
0,0,0,0,0,0,0,0,0,0,0,0,0,0,0,0,0,0,0,0,0,0,0,0,0,0,0,0,0,0,0,659.47526922822,0,0,0,78.348086386919,0,0,0,0,0,0,0,0,0,0,0,58.0521668791771,0,0,0,0,0,0,0,0,0,0,0,0,0,0,0,0,0,0,0,0,0,0,0,0,0,0,0,0,99.7700729370117,0,43.9924150258303,0,0,0,4.93842017650604,0,0,0,0
0,0,0,0,0,0,0,0,0,0,0,0,0,0,0,0,0,0,0,0,0,0,0,0,0,0,0,0,0,0,0,2.26255393028259,1404.37130196393,0,71.0521453619003,0,309.892503380775,0,0,0,0.79849773645401,0,0,0,0,0,0,208.454782277346,3.16357165575027,0,0,0,0,0,0,0,0,0,0,0,0,0,0,0,0,0,0,0,0,0,0,0,0,0,0,0,0,483.833279490471,0,145.050251141191,0,0,46.6144750118256,0,0,0,0
0,0,0,0,0,0,0,0,0,0,0,0,0,0,0,0,0,0,0,0,0,0,0,0,0,0,0,0,0,0,0,51.1743040680885,0,2753.80629774928,381.656193464994,120.482055336237,0,17.1738376617432,0,0,0,0,0,0,0,0,0,155.21708625555,0,0,0,0,0,0,0,0,0,0,0,0,0,0,0,0,0,0,0,0,0,0,0,0,0,0,99.7700729370117,0,0,9.17336589097977,162.503731489182,0,412.139492303133,0,57.250589132309,0,0,0,0
0,0,0,0,0,0,0,0,0,0,0,0,0,0,0,0,0,0,0,0,0,0,0,0,0,0,0,0,0,0,0,0,0,45.836604475975,2432.95644982159,0,351.462998867035,0,115.541384473443,0,0,0,0,0,0,0,0,315.041425019503,1.24253368377686,0,0,0,0,0,0,0,0,0,0,0,0,0,0,0,0,0,0,0,0,0,0,0,0,0,0,483.833279490471,9.17336589097977,0,0,92.7364472299814,0,703.900705367327,127.570767879486,3.15938341617584,0,0,0
0,94.1276828497648,0,15.033407188952,0,0.5691978931427,0,9.16709421575069,0,0.765504792332649,0,2.12567546963692,0,0,0,0,28.6822742819786,35.4197637289762,961.597314909101,174.207887589931,0,0,0,0,0,0,0,0,0,0,0,130.629016369581,0,61.7080778926611,0,16003.9502882734,108.427970319986,823.036062449217,0,399.714673653245,16.5169266909361,352.897371701896,9.44164746999741,4.22231792658567,3.46040976047516,834.677313715219,4.30309468507767,279.36951200664,0,79.28715185076,0,0,0,0,0,0.590521603822708,0,18.8484173119068,0,0,0,0,971.358365640044,3.00406863540411,0,0,0,0,0,0,0,0,55.944801338017,2.2782556861639,43.9924150258303,0,162.503731489182,0,0,32.3829096704721,2575.42675216496,1.61314085125923,1282.14309096336,52.6300078928471,617.855376891792,140.367248624563,0.120364211499691
