0,0,0,0,0,0,0,0,0,0,0,0,0,0,0,0,0,0,3.09582554736984,0,0,0,0,0,0,0,0,0,0,0,0,0,0,0,0,0,0,0,0,0,0,0,10.8045078165391,0,4.97808473988583,0,0,0,0,0,0,0,0,0,0,0,0,0,0,0,0,0,0,0,0,0,0,0,0,0,0,0,0,0,0,0,0,0,0,0,0,0,0,0,7.33439129590988,0,0
0,0,0,5.29257421729005,0,8.68537638599711,0,0,0,6.18534340443818,0,20.2785749435425,0,20.6369152069092,0,16.2651509371671,0,19.7263039314696,16.5517233434584,13.490437760645,0,0,0,0,0,0,0,0,0,0,0,0,0,0,0,11.1899637369009,0,0,0,0,0,15.0412363556902,0,16.5091815552154,0,8.84373310433059,0,0,0,0,0,16.99311987559,0,0,0,6.65176031986872,0,21.3035805045917,0,21.2038082962944,0,7.9646520614624,15.745235222578,0,0,0,0,0,0,0,0,0,0,0,0,0,0,0,11.5294555606264,0,0,0,9.200793495142,7.31415771818048,10.0603480373438,15.9913401136211,0
0,0,0,0,4.19637532830238,0,0,0,0,0,0,0,0,0,0,0,0,0,0,0,0,0,0,0,0,0,0,0,0,0,0,0,0,0,0,0,0,0,0,0,0,0,0,0,0,0,0,0,0,0,2.74012613296509,0,0,0,0,0,0,0,0,0,0,0,0,0,0,0,0,0,0,0,0,0,0,0,0,0,0,0,0,0,0,0,6.01586294174194,0,0,0,0
0,5.29257421729005,0,0,0,11.6862144952565,0,18.4060292925153,0,6.18947354014366,0,31.3482382297516,0,19.6386787636766,0,18.8642198017665,0,25.671216876995,11.7358533588632,8.98998884935128,0,0,0,0,0,0,0,40.1731901168823,0,0,0,0,0,0,0,8.65882439737196,0,0,0,0,0,14.3808915194039,0,11.0829434953294,0,9.26356719937818,0,0,0,15.029705842336,0,13.9343365785238,0,0,0,6.1854995063373,0,17.4517278120337,0,23.1414299183193,0,13.4397882355584,12.2512690804828,0,0,0,0,0,0,0,37.6694119771322,0,0,0,0,0,0,0,8.70530198934751,0,0,0,14.2079826582183,13.427895015779,9.7382176318877,13.4262631987311,0
0,0,4.19637532830238,0,0,0,3.01806278662248,0,0,0,0,0,0,0,0,0,0,0,0,0,0,0,0,0,0,0,0,0,0,0,0,0,0,0,0,0,0,0,0,0,0,0,0,0,0,0,0,0,0,0,3.53648254606459,0,0,0,4.00546741485596,0,0,0,0,0,0,0,0,0,0,0,0,0,0,0,0,0,0,0,0,0,0,0,0,0,0,0,3.23379036431671,9.66515712738037,0,0,0
0,8.68537638599711,0,11.6862144952565,0,0,0,19.0208721160889,0,11.1786294834204,0,28.8075459798177,0,21.1913716316223,0,10.8265573111447,0,32.2571489546034,19.3704381942749,5.77456133640729,0,0,0,0,0,0,0,42.6344853451377,0,0,0,0,0,0,0,12.0469560304214,0,0,0,0,0,22.7699970918543,0,19.2860252380371,0,11.5243819683413,0,0,0,14.1779179573059,0,5.71231093871884,0,0,0,10.7522413064648,0,12.3192215825284,0,15.441112127311,0,5.72629366634048,21.1329761830243,0,0,0,0,0,0,0,41.601245431339,0,0,0,0,0,0,0,13.7782469325595,0,0,0,12.1601453866511,8.0781720132756,13.5077149878333,21.0357407367591,0
0,0,0,0,3.01806278662248,0,0,0,0,0,0,0,0,0,0,0,0,0,0,0,0,0,0,0,0,0,0,0,0,0,0,0,0,0,0,0,0,0,0,0,0,0,0,0,0,0,0,0,0,0,4.11843731559691,0,3.59636878967285,0,0,0,3.37028884887695,0,0,0,0,0,0,0,0,0,0,0,0,0,0,0,0,0,0,0,0,0,0,0,0,0,3.02679435412089,0,0,0,0
0,0,0,18.4060292925153,0,19.0208721160889,0,0,0,14.9954419136047,0,0,0,2.96202707290649,0,0,0,0,0,3.27800154685974,0,0,0,0,0,0,0,0,0,0,0,0,0,0,0,21.9156176249186,0,0,0,0,0,0,0,0,0,28.2405520545112,0,0,0,0,0,6.03892278671265,0,3.50154153460806,0,14.9400470256805,0,3.8823539359229,0,4.33912955533641,0,0,3.38277196884155,0,0,0,0,0,0,0,0,0,0,0,0,0,0,0,26.5941632588704,0,0,0,5.13139431425136,4.3419646031236,21.8101615905762,0,0
0,0,0,0,0,0,0,0,0,0,0,0,0,0,0,0,0,0,7.5384436794701,0,0,0,0,0,0,0,0,0,0,0,0,0,0,0,0,0,0,0,0,0,0,22.1088981628418,10.2971070577932,0,0,28.667839050293,0,0,0,0,0,0,0,0,0,0,0,0,0,0,0,0,0,0,0,0,0,0,0,0,0,0,0,0,0,0,0,0,34.2145195007324,0,0,0,10.2385690859024,0,25.3406008518103,0,12.0085821151733
0,6.18534340443818,0,6.18947354014366,0,11.1786294834204,0,14.9954419136047,0,0,0,22.8892940793719,0,18.0226482887268,0,12.8813119165359,0,12.4768239557743,17.5151969299316,21.0656376361847,0,0,0,0,0,0,0,43.0616532431708,0,0,0,0,0,0,0,14.0047953386565,0,0,0,0,0,17.3691069322769,0,16.190209371703,0,9.90405215842409,0,0,0,12.0811241149902,0,11.6978056176195,0,0,0,5.64202985167503,0,14.8374936678432,0,23.9299776161972,0,5.68524747848511,20.9294293237572,0,0,0,0,0,36.355052947998,0,40.2298634847005,0,0,0,0,0,0,0,15.1883617898692,0,0,0,6.87434384760787,6.32342696004629,13.2889965876052,18.5265476466473,0
0,0,0,0,0,0,0,0,0,0,0,0,0,0,0,0,0,0,0,0,3.25550554788601,0,0,0,0,0,0,0,0,0,0,0,0,0,0,0,0,0,2.94300681703231,0,0,0,0,0,0,0,0,0,0,0,0,0,3.75925440788269,0,0,0,3.11970133550705,0,0,0,0,0,0,2.79818594455719,0,0,0,0,0,0,0,0,0,0,0,0,0,0,0,0,0,0,3.21944048049602,0,0,0,0
0,20.2785749435425,0,31.3482382297516,0,28.8075459798177,0,0,0,22.8892940793719,0,0,0,3.20684040996825,0,22.3424131653526,0,32.8317095637321,38.3474057515462,3.27439870904873,0,0,0,0,0,0,0,2.73501539230347,0,0,0,0,0,0,0,36.6036682128906,0,0,0,0,0,44.3884916305542,0,0,0,45.5567626953125,0,0,0,0,0,33.5858993530273,0,4.62172985076904,0,20.7316159566243,0,6.13804715546936,0,3.13520651371753,0,20.5287025996617,13.6421879760979,0,0,0,0,0,0,0,0,0,0,0,0,0,0,0,36.2984691619873,0,0,0,15.8897752665185,27.5238772325738,21.1740839047865,46.0243072509766,0
0,0,0,0,0,0,0,0,0,0,0,0,0,0,0,0,0,0,0,0,0,0,0,0,0,0,0,0,0,0,0,0,0,0,0,0,0,0,0,0,0,0,0,0,0,0,0,0,0,0,0,0,0,0,0,0,0,0,2.94822216033936,0,0,0,0,0,0,0,0,0,0,0,0,0,0,0,0,0,0,0,0,0,0,0,0,0,0,0,0
0,20.6369152069092,0,19.6386787636766,0,21.1913716316223,0,2.96202707290649,0,18.0226482887268,0,3.20684040996825,0,0,0,6.83891790934971,0,24.8663425445557,27.0667870839437,21.9499754905701,0,0,0,0,0,0,0,3.34014662187927,0,0,0,0,0,0,0,22.3328287942069,0,0,0,0,0,33.1609199047089,0,28.326286315918,0,37.6300604975501,0,0,0,0,0,10.183945980072,0,2.95291256904602,0,16.9581026284091,0,8.17883395046747,0,6.36131800467028,0,9.4582143996979,31.2238851027055,0,0,0,0,0,0,0,4.28200207437788,0,13.460035443306,0,0,0,0,0,20.0941543579102,0,0,0,4.89564862970158,5.52685117419173,25.8273652924432,33.05224609375,0
0,0,0,0,0,0,0,0,0,0,0,0,0,0,0,0,0,0,0,0,0,0,0,0,0,0,0,0,0,0,0,0,0,0,0,0,0,0,0,0,0,0,0,0,0,0,0,0,0,0,0,0,0,0,0,0,0,0,0,0,0,0,0,0,0,0,0,0,0,0,0,0,0,0,0,0,0,0,0,0,0,0,0,0,0,0,0
0,16.2651509371671,0,18.8642198017665,0,10.8265573111447,0,0,0,12.8813119165359,0,22.3424131653526,0,6.83891790934971,0,0,0,12.9051082399156,0,23.3234782900129,0,0,0,0,0,0,0,0,0,0,0,0,0,0,0,23.740660905838,0,0,0,0,0,16.9313220977783,0,21.5297470092773,0,26.6378562633808,0,0,0,9.63000619411469,0,6.63614700181144,0,0,0,15.0498444182532,0,10.1113789830628,0,9.76024707562506,0,5.82616141330765,21.0546774684258,0,0,0,0,0,0,0,16.1117568016052,0,0,0,0,0,0,0,23.7926826477051,0,0,0,6.3517327455169,6.0794150187419,15.2976278740427,32.689847946167,0
0,0,0,0,0,0,0,0,0,0,0,0,0,0,0,0,0,4.14965716372715,6.64271057279486,0,0,0,4.92318232189804,0,7.90565252304077,0,0,0,0,0,0,0,0,0,0,0,0,0,0,0,0,0,0,0,0,0,0,0,0,0,0,0,0,0,0,0,0,0,0,0,0,0,0,0,0,7.89263932601265,0,0,0,0,0,0,0,0,0,0,0,0,0,0,0,0,4.10987477730665,8.87134623928339,0,0,0
0,19.7263039314696,0,25.671216876995,0,32.2571489546034,0,0,0,12.4768239557743,0,32.8317095637321,0,24.8663425445557,0,12.9051082399156,4.14965716372715,0,16.6895674984612,31.6335125527483,0,0,0,0,0,0,0,0,0,0,0,0,0,0,0,22.1961744096544,0,0,0,0,0,25.116045908306,0,27.6792604529339,0,30.3747081639144,0,0,0,15.1776142120361,0,27.7820773124695,0,0,0,22.5710257121495,0,23.5171851913005,0,38.5780858312334,0,0,29.5587111163784,0,0,0,0,0,0,0,20.2157598495483,0,25.8527889796666,0,0,0,0,0,25.1635221481323,0,0,0,9.69220686334932,7.51617333749425,23.9668754284325,22.2587484681463,0
3.09582554736984,16.5517233434584,0,11.7358533588632,0,19.3704381942749,0,0,7.5384436794701,17.5151969299316,0,38.3474057515462,0,27.0667870839437,0,0,6.64271057279486,16.6895674984612,0,35.150151570638,0,0,0,0,8.08722592623786,0,0,0,0,0,0,0,0,0,0,28.9902954101562,0,0,9.76587677001953,0,0,16.2083302525036,5.86015528663947,16.4352548744433,3.46705146639416,16.0845945267185,0,0,0,0,0,21.6960987091064,0,0,15.6737217903137,12.7852297700861,0,30.9522917331793,0,26.2373305638631,0,19.0961894989014,30.189864464248,0,0,19.3536949157715,0,12.0751682917277,0,0,0,0,0,0,0,0,0,0,28.6713085174561,0,0,0,8.73140723419253,10.9942252990008,13.1317225252077,16.7352113034352,3.79706692695618
0,13.490437760645,0,8.98998884935128,0,5.77456133640729,0,3.27800154685974,0,21.0656376361847,0,3.27439870904873,0,21.9499754905701,0,23.3234782900129,0,31.6335125527483,35.150151570638,0,0,0,0,0,0,0,0,0,0,0,0,0,0,0,0,18.4202346503735,0,0,0,0,0,39.6327722722834,0,0,0,29.3398082521227,0,0,0,13.6813967227936,0,12.0207726160685,0,0,0,15.0420400301615,0,11.7675923091626,0,13.2152317047119,0,22.9795075466758,9.67224307610438,0,0,0,0,0,0,0,0,0,8.8626856803894,0,0,0,0,0,26.2987470626831,0,0,0,26.2841232818932,26.1270868849046,11.1595056505011,37.7033411661784,0
0,0,0,0,0,0,0,0,0,0,3.25550554788601,0,0,0,0,0,0,0,0,0,0,0,0,0,0,0,0,0,0,0,0,0,0,0,0,0,3.51520756289766,0,3.64633686542511,0,0,0,0,0,0,0,0,0,0,0,0,0,0,0,0,0,3.15987879832586,0,0,0,0,0,0,3.49362704918302,0,0,0,0,0,0,0,0,0,0,0,0,0,0,0,4.90172628666225,0,0,3.66861487627029,0,0,0,0
0,0,0,0,0,0,0,0,0,0,0,0,0,0,0,0,0,0,0,0,0,0,3.2370847424489,3.42604740279061,0,7.13611888885498,0,0,0,0,0,0,0,0,0,0,0,3.02884711742401,0,0,0,0,0,0,0,0,0,0,0,3.6662985528154,0,0,0,0,0,0,0,0,0,0,0,0,0,0,3.72797863191596,3.3862292887643,4.382410215609,0,0,0,0,0,0,0,0,0,0,0,0,0,0,0,3.94243764181445,3.48817662762467,0,0,0
0,0,0,0,0,0,0,0,0,0,0,0,0,0,0,0,4.92318232189804,0,0,0,0,3.2370847424489,0,0,5.48953381623372,0,0,0,0,0,0,0,0,0,0,0,0,0,0,0,0,0,0,0,0,0,0,0,0,0,0,0,0,0,0,0,0,0,0,0,0,0,0,0,4.76286536277609,4.11373500592878,0,3.97496534907629,0,0,0,0,0,0,0,0,0,0,0,0,0,0,5.66496611691667,3.7801473119823,0,0,0
0,0,0,0,0,0,0,0,0,0,0,0,0,0,0,0,0,0,0,0,0,3.42604740279061,0,0,0,12.4734401373153,0,13.8481525338214,0,0,0,0,0,0,0,0,0,4.42295180048261,0,0,0,0,0,0,0,0,0,0,0,7.61987915906039,0,0,0,0,0,0,0,0,0,12.2453675920313,0,11.2194580190322,0,0,2.74064636230469,0,6.7233787613946,0,9.0352344283499,0,11.4376271111625,0,0,0,0,0,0,0,0,0,3.14658355712891,0,4.07726142704487,0,0,0,0
0,0,0,0,0,0,0,0,0,0,0,0,0,0,0,0,7.90565252304077,0,8.08722592623786,0,0,0,5.48953381623372,0,0,0,0,0,0,0,0,0,0,0,0,41.1687564849854,0,0,3.97025095834965,38.0855484008789,0,24.8613837560018,10.1337001995406,0,0,33.2783692677816,0,0,0,31.9462539672852,0,0,0,0,0,0,0,0,0,0,0,0,0,0,0,6.95951941393805,0,4.51155182279112,0,0,0,0,0,0,0,0,0,0,40.4076290130615,0,0,3.56001508235931,7.2458604975215,0,15.3294195028452,0,0
0,0,0,0,0,0,0,0,0,0,0,0,0,0,0,0,0,0,0,0,0,7.13611888885498,0,12.4734401373153,0,0,0,3.1801672577858,0,0,0,0,0,0,0,0,0,0,0,0,0,22.0111092329025,0,0,0,32.3906586964925,0,0,0,0,0,0,0,0,0,0,0,0,0,0,0,0,0,0,3.1242567556245,0,8.34202533373649,0,4.31801446699179,0,4.0426062810359,0,0,0,0,0,0,0,0,0,0,0,3.64122870161727,0,19.3752064704895,22.4045920372009,0
0,0,0,0,0,0,0,0,0,0,0,0,0,0,0,0,0,0,0,0,0,0,0,0,0,0,0,0,0,0,0,0,0,0,0,0,0,0,0,0,0,0,0,0,0,0,0,0,0,0,0,0,0,0,0,0,0,0,0,0,0,0,0,0,0,0,0,0,0,0,0,0,0,0,0,0,0,0,0,0,0,0,0,0,0,0,0
0,0,0,40.1731901168823,0,42.6344853451377,0,0,0,43.0616532431708,0,2.73501539230347,0,3.34014662187927,0,0,0,0,0,0,0,0,0,13.8481525338214,0,3.1801672577858,0,0,0,2.79977321624756,0,0,0,0,0,42.1223602294922,0,3.14307355880737,0,0,0,25.0813996181015,0,0,0,34.9538616983295,0,0,0,0,0,0,0,0,0,44.1650466918945,0,13.4873016834259,0,58.4143142700195,0,0,0,0,5.16708517074585,0,9.89647721947353,0,5.848975389144,0,4.79470408482202,0,2.98658135202196,0,0,0,0,0,0,0,3.56696605682373,0,5.87525985378716,11.0324561092589,27.0771247648424,23.7034286554309,0
0,0,0,0,0,0,0,0,0,0,0,0,0,0,0,0,0,0,0,0,0,0,0,0,0,0,0,0,0,0,0,0,0,0,0,0,0,0,0,0,0,0,0,0,0,0,0,0,0,0,0,0,0,0,0,0,0,0,2.94970941543579,0,0,0,0,0,0,0,0,0,0,0,0,2.96964855053846,0,0,0,0,0,0,0,0,0,0,2.97451532943339,0,0,0,0
0,0,0,0,0,0,0,0,0,0,0,0,0,0,0,0,0,0,0,0,0,0,0,0,0,0,0,2.79977321624756,0,0,0,0,0,0,0,0,0,2.92046249614042,0,0,0,0,0,0,0,0,0,0,0,0,0,0,0,0,0,0,0,0,0,0,0,0,0,0,0,0,0,0,0,0,0,0,0,0,0,0,0,0,0,0,4.2087721824646,0,2.84245327356699,0,0,0,0
0,0,0,0,0,0,0,0,0,0,0,0,0,0,0,0,0,0,0,0,0,0,0,0,0,0,0,0,0,0,0,0,0,0,0,0,0,0,3.10219069754723,0,0,0,0,0,0,0,0,0,0,0,0,0,0,0,0,0,0,0,0,0,0,0,0,0,0,0,0,0,0,0,0,0,0,0,0,0,0,0,0,0,0,3.64745216291459,0,0,0,0,0
0,0,0,0,0,0,0,0,0,0,0,0,0,0,0,0,0,0,0,0,0,0,0,0,0,0,0,0,0,0,0,0,0,0,0,3.15653024455742,3.08068639581854,0,0,0,0,0,0,0,0,0,0,0,0,0,0,0,0,0,0,0,0,0,0,0,0,0,0,0,0,0,0,0,0,0,0,0,0,0,0,0,0,0,3.38326658960432,0,0,0,3.42789638902723,0,0,0,0
0,0,0,0,0,0,0,0,0,0,0,0,0,0,0,0,0,0,0,0,0,0,0,0,0,0,0,0,0,0,0,0,0,0,0,4.31252533739263,3.25448227499773,0,0,0,0,0,0,0,0,0,0,0,0,0,0,0,0,0,0,0,0,0,0,0,0,0,0,0,0,0,0,0,0,0,0,0,0,0,0,2.88971833749251,0,0,5.9914128780365,3.10632857680321,0,0,3.60804989645558,0,0,0,0
0,0,0,0,0,0,0,0,0,0,0,0,0,0,0,0,0,0,0,0,0,0,0,0,0,0,0,0,0,0,0,0,0,0,0,3.65562826904666,0,3.80531322626908,0,0,0,0,0,0,0,0,0,3.48795058096809,0,3.28500086069107,0,0,0,0,0,0,0,0,0,0,0,0,0,0,0,0,0,0,0,0,0,0,0,0,0,0,2.89909832789425,0,0,0,4.24998300959324,0,3.05135359798653,0,0,0,0
0,0,0,0,0,0,0,0,0,0,0,0,0,0,0,0,0,0,0,0,0,0,0,0,0,0,0,0,0,0,0,0,0,0,0,0,2.83479426345047,0,2.81227224013385,0,0,0,0,0,0,0,0,0,0,0,0,0,0,0,0,0,0,0,0,0,0,0,0,0,0,0,0,0,0,0,0,0,0,0,0,0,0,2.74166345596313,0,2.99095931053162,0,0,3.05769655050663,0,0,0,0
0,11.1899637369009,0,8.65882439737196,0,12.0469560304214,0,21.9156176249186,0,14.0047953386565,0,36.6036682128906,0,22.3328287942069,0,23.740660905838,0,22.1961744096544,28.9902954101562,18.4202346503735,0,0,0,0,41.1687564849854,0,0,42.1223602294922,0,0,0,3.15653024455742,4.31252533739263,3.65562826904666,0,0,4.22568486630917,2.8607650179612,0,6.39934328964325,0,18.2724021982264,27.0818051621318,0,0,6.14586427883037,0,2.80940987236311,8.54146798451742,7.71112046675249,0,15.1078441454017,0,0,0,11.1785325387708,0,16.7983224846935,0,19.8115879380426,0,16.7399684361049,9.54164471060275,0,0,0,0,0,0,0,44.7198753356934,0,0,0,2.95502846581595,0,3.68475866317749,0,5.83247385174715,0,2.78237756093343,0,7.07058973348806,6.71017543715549,5.44787084300883,19.2197713851929,0
0,0,0,0,0,0,0,0,0,0,0,0,0,0,0,0,0,0,0,0,3.51520756289766,0,0,0,0,0,0,0,0,0,0,3.08068639581854,3.25448227499773,0,2.83479426345047,4.22568486630917,0,0,0,0,0,0,25.8018565177917,0,0,0,0,0,8.07048452817477,8.48420994490096,0,0,0,0,0,0,0,0,0,0,0,0,0,3.23617172007467,0,0,0,0,0,0,0,0,0,0,0,2.91483064492544,0,2.87677582105001,5.28118801116943,3.39338088035583,0,2.9359846228645,3.25193181946499,7.54143264795604,4.26272156005053,0,0
0,0,0,0,0,0,0,0,0,0,0,0,0,0,0,0,0,0,0,0,0,3.02884711742401,0,4.42295180048261,0,0,0,3.14307355880737,0,2.92046249614042,0,0,0,3.80531322626908,0,2.8607650179612,0,0,3.15829931365119,27.2588552124297,0,10.1280299595424,0,0,0,22.7426268577576,0,4.75359396676759,0,3.15701783498128,0,0,0,0,0,0,0,0,0,0,0,0,0,0,0,0,0,0,0,0,3.14134407043457,0,0,0,0,0,3.31710973381996,0,3.01235123475393,0,3.22218561196097,0,5.02911408672047,5.3502839751296,17.5196532232571,0,0
0,0,0,0,0,0,0,0,0,0,2.94300681703231,0,0,0,0,0,0,0,9.76587677001953,0,3.64633686542511,0,0,0,3.97025095834965,0,0,0,0,0,3.10219069754723,0,0,0,2.81227224013385,0,0,3.15829931365119,0,33.5484638214111,0,22.8482883808225,10.049681852517,0,0,30.9943857192993,0,0,0,28.7636923108782,0,0,0,0,3.26068735122681,0,0,0,0,0,0,0,0,0,0,12.7978096644084,0,6.02588001258553,0,0,0,0,0,3.20719873905182,0,0,0,0,36.9647471110026,0,3.99638509750366,3.10024576132742,10.1178140259144,0,26.9979317827923,0,10.8199542363485
0,0,0,0,0,0,0,0,0,0,0,0,0,0,0,0,0,0,0,0,0,0,0,0,38.0855484008789,0,0,0,0,0,0,0,0,0,0,6.39934328964325,0,27.2588552124297,33.5484638214111,0,0,11.6561970213259,18.4352951201987,0,0,5.0000309847392,0,9.75406875700823,11.2793481690543,7.49981501714097,0,0,0,0,0,0,0,0,0,0,0,0,6.33064203053628,0,0,0,0,0,0,0,0,0,0,0,0,0,0,0,5.024008404063,0,28.1362030522807,0,15.053041179543,17.6565246582031,7.6862711958223,0,0
0,0,0,0,0,0,0,0,0,0,0,0,0,0,0,0,0,0,0,0,0,0,0,0,0,0,0,0,0,0,0,0,0,0,0,0,0,0,0,0,0,0,0,8.76066703796387,8.366681432724,0,0,0,0,0,0,0,0,0,0,0,0,0,0,0,0,0,0,3.18017286412856,0,0,0,0,0,0,0,0,0,0,0,0,0,0,0,0,0,0,8.17165914711925,0,8.26804851690928,0,0
0,15.0412363556902,0,14.3808915194039,0,22.7699970918543,0,0,22.1088981628418,17.3691069322769,0,44.3884916305542,0,33.1609199047089,0,16.9313220977783,0,25.116045908306,16.2083302525036,39.6327722722834,0,0,0,0,24.8613837560018,22.0111092329025,0,25.0813996181015,0,0,0,0,0,0,0,18.2724021982264,0,10.1280299595424,22.8482883808225,11.6561970213259,0,0,9.28585545048569,12.2771272472829,0,11.441140347733,0,7.6570685505867,0,6.07950164237112,0,25.0791817307472,0,0,23.8077831268311,17.0390935778618,0,27.7891996166923,0,27.1505688143986,0,18.815712928772,20.3371683300243,0,0,0,0,0,16.2667696452377,0,20.2393510942756,0,24.8691608111064,0,0,0,0,0,11.0373690807458,0,14.552322769165,0,9.63649064752043,11.403043042941,8.73761497094714,7.37198945650688,0
10.8045078165391,0,0,0,0,0,0,0,10.2971070577932,0,0,0,0,0,0,0,0,0,5.86015528663947,0,0,0,0,0,10.1337001995406,0,0,0,0,0,0,0,0,0,0,27.0818051621318,25.8018565177917,0,10.049681852517,18.4352951201987,0,9.28585545048569,0,0,6.09636269048476,21.7967441588486,0,4.0154196023941,3.79764428734779,12.6302511872168,0,0,0,0,6.87908868106095,0,0,0,0,0,0,0,0,0,0,0,0,6.99531477366762,0,0,0,0,0,0,0,0,0,0,24.6047551451058,0,0,6.63258147239685,8.56436930829842,0,8.38989322772001,0,4.39811304534774
0,16.5091815552154,0,11.0829434953294,0,19.2860252380371,0,0,0,16.190209371703,0,0,0,28.326286315918,0,21.5297470092773,0,27.6792604529339,16.4352548744433,0,0,0,0,0,0,0,0,0,0,0,0,0,0,0,0,0,0,0,0,0,8.76066703796387,12.2771272472829,0,0,0,6.99163773292448,0,0,0,0,0,23.7996311187744,0,0,0,15.899897917723,0,27.7045238812764,0,24.9924601316452,0,0,16.0252147182342,0,0,0,0,0,0,0,0,0,0,0,0,0,0,0,0,0,0,0,9.80626927227675,14.8713990713804,8.49439919407324,19.1177539825439,0
4.97808473988583,0,0,0,0,0,0,0,0,0,0,0,0,0,0,0,0,0,3.46705146639416,0,0,0,0,0,0,0,0,0,0,0,0,0,0,0,0,0,0,0,0,0,8.366681432724,0,6.09636269048476,0,0,0,7.46270092328389,0,0,0,0,0,0,0,0,0,0,0,0,0,0,0,0,0,0,0,0,0,0,0,0,0,0,0,0,0,0,0,0,0,0,0,5.09465181827545,0,7.13821520883369,0,0
0,8.84373310433059,0,9.26356719937818,0,11.5243819683413,0,28.2405520545112,28.667839050293,9.90405215842409,0,45.5567626953125,0,37.6300604975501,0,26.6378562633808,0,30.3747081639144,16.0845945267185,29.3398082521227,0,0,0,0,33.2783692677816,32.3906586964925,0,34.9538616983295,0,0,0,0,0,0,0,6.14586427883037,0,22.7426268577576,30.9943857192993,5.0000309847392,0,11.441140347733,21.7967441588486,6.99163773292448,0,0,0,10.326710156032,10.3863169806344,6.24270045953447,0,19.4968951785375,0,28.5867462158203,0,12.8394076861636,0,23.3439099043608,0,32.3954999473341,0,21.534255126427,8.06090282439887,0,0,0,28.9709548950195,0,27.2940169395284,0,30.8650037639505,0,23.0945780608828,0,0,0,0,0,6.72752695563656,0,24.8331014571651,0,10.4298206302491,13.3308161571062,8.66820446600982,11.0750104882923,0
0,0,0,0,0,0,0,0,0,0,0,0,0,0,0,0,0,0,0,0,0,0,0,0,0,0,0,0,0,0,0,0,0,0,0,0,0,0,0,0,0,0,0,0,7.46270092328389,0,0,0,0,0,0,0,0,0,0,0,0,0,0,0,0,0,0,3.04416368989383,0,0,0,0,0,0,0,0,0,0,0,0,0,0,0,0,0,0,7.57572555541992,0,3.84185767650604,0,0
0,0,0,0,0,0,0,0,0,0,0,0,0,0,0,0,0,0,0,0,0,0,0,0,0,0,0,0,0,0,0,0,0,3.48795058096809,0,2.80940987236311,0,4.75359396676759,0,9.75406875700823,0,7.6570685505867,4.0154196023941,0,0,10.326710156032,0,0,0,5.11813539967817,0,0,0,0,0,0,0,0,0,0,0,0,12.6293412769946,0,0,0,0,0,0,0,0,0,0,0,0,0,3.34393867911125,0,12.3182519963644,0,5.56229584113411,0,4.69159442634993,0,16.6439735412598,0,0
0,0,0,0,0,0,0,0,0,0,0,0,0,0,0,0,0,0,0,0,0,0,0,0,0,0,0,0,0,0,0,0,0,0,0,8.54146798451742,8.07048452817477,0,0,11.2793481690543,0,0,3.79764428734779,0,0,10.3863169806344,0,0,0,0,0,0,0,0,0,0,0,0,0,0,0,0,13.5060516993205,0,0,0,0,0,0,0,0,0,0,0,0,0,0,0,9.50351428985596,0,0,0,4.82408673422677,0,0,0,0
0,0,0,15.029705842336,0,14.1779179573059,0,0,0,12.0811241149902,0,0,0,0,0,9.63000619411469,0,15.1776142120361,0,13.6813967227936,0,3.6662985528154,0,7.61987915906039,31.9462539672852,0,0,0,0,0,0,0,0,3.28500086069107,0,7.71112046675249,8.48420994490096,3.15701783498128,28.7636923108782,7.49981501714097,0,6.07950164237112,12.6302511872168,0,0,6.24270045953447,0,5.11813539967817,0,0,0,0,0,0,30.2416877746582,11.8610210418701,0,6.69661916385997,0,7.33877778053284,0,7.47758030891418,11.356804087321,0,3.73769290819644,0,0,0,0,0,3.48661923408508,0,0,0,0,0,3.21076308979708,0,6.44423809117972,0,3.81286366565807,0,10.5858704905949,19.8195147514343,4.48216745392285,0,0
0,0,2.74012613296509,0,3.53648254606459,0,4.11843731559691,0,0,0,0,0,0,0,0,0,0,0,0,0,0,0,0,0,0,0,0,0,0,0,0,0,0,0,0,0,0,0,0,0,0,0,0,0,0,0,0,0,0,0,0,0,3.74683861732483,0,0,0,0,0,0,0,0,0,0,0,0,0,0,0,0,0,0,0,0,0,0,0,0,0,0,0,0,0,4.06458035111427,0,0,0,0
0,16.99311987559,0,13.9343365785238,0,5.71231093871884,0,6.03892278671265,0,11.6978056176195,0,33.5858993530273,0,10.183945980072,0,6.63614700181144,0,27.7820773124695,21.6960987091064,12.0207726160685,0,0,0,0,0,0,0,0,0,0,0,0,0,0,0,15.1078441454017,0,0,0,0,0,25.0791817307472,0,23.7996311187744,0,19.4968951785375,0,0,0,0,0,0,0,0,0,12.4042328612445,0,14.775013554771,0,11.4936901490287,0,4.84897276450848,16.0174745412973,0,0,0,0,0,0,0,53.1506729125977,0,0,0,0,0,0,0,15.9899957535115,0,0,0,12.307694867265,10.4412086383969,16.2397877157551,23.6608991120991,0
0,0,0,0,0,0,3.59636878967285,0,0,0,3.75925440788269,0,0,0,0,0,0,0,0,0,0,0,0,0,0,0,0,0,0,0,0,0,0,0,0,0,0,0,0,0,0,0,0,0,0,0,0,0,0,0,3.74683861732483,0,0,0,0,0,3.37128837619509,0,0,0,0,0,0,0,0,0,0,0,0,0,0,0,0,0,0,0,0,0,0,0,0,0,0,0,0,0,0
0,0,0,0,0,0,0,3.50154153460806,0,0,0,4.62172985076904,0,2.95291256904602,0,0,0,0,0,0,0,0,0,0,0,0,0,0,0,0,0,0,0,0,0,0,0,0,0,0,0,0,0,0,0,28.5867462158203,0,0,0,0,0,0,0,0,0,0,0,2.92983150482178,0,3.9344129411201,0,0,0,0,0,0,0,0,0,0,0,0,0,0,0,0,0,0,0,0,0,0,3.73824499515777,6.4145976834827,0,0,0
0,0,0,0,4.00546741485596,0,0,0,0,0,0,0,0,0,0,0,0,0,15.6737217903137,0,0,0,0,0,0,0,0,0,0,0,0,0,0,0,0,0,0,0,3.26068735122681,0,0,23.8077831268311,6.87908868106095,0,0,0,0,0,0,30.2416877746582,0,0,0,0,0,0,0,0,0,0,0,0,0,0,0,0,0,0,0,0,0,0,0,0,0,0,0,0,0,0,0,0,21.1121675627572,0,26.6140441894531,0,0
0,6.65176031986872,0,6.1854995063373,0,10.7522413064648,0,14.9400470256805,0,5.64202985167503,0,20.7316159566243,0,16.9581026284091,0,15.0498444182532,0,22.5710257121495,12.7852297700861,15.0420400301615,0,0,0,0,0,0,0,44.1650466918945,0,0,0,0,0,0,0,11.1785325387708,0,0,0,0,0,17.0390935778618,0,15.899897917723,0,12.8394076861636,0,0,0,11.8610210418701,0,12.4042328612445,0,0,0,0,0,15.8305394885776,0,17.9683577854268,0,3.64595341827369,17.2638458945094,0,0,0,0,0,0,0,41.6788520812988,0,0,0,0,0,0,0,12.1326267560323,0,0,0,11.9035128939851,8.64647071592269,10.9470605339951,17.1331672186262,0
0,0,0,0,0,0,3.37028884887695,0,0,0,3.11970133550705,0,0,0,0,0,0,0,0,0,3.15987879832586,0,0,0,0,0,0,0,0,0,0,0,0,0,0,0,0,0,0,0,0,0,0,0,0,0,0,0,0,0,0,0,3.37128837619509,0,0,0,0,0,2.96432001434238,0,0,0,0,3.35257134748542,0,0,0,0,0,0,0,3.58770513534546,0,3.02697449922562,0,0,0,0,0,0,0,0,2.80317221369062,0,3.0522958379884,0,0
0,21.3035805045917,0,17.4517278120337,0,12.3192215825284,0,3.8823539359229,0,14.8374936678432,0,6.13804715546936,0,8.17883395046747,0,10.1113789830628,0,23.5171851913005,30.9522917331793,11.7675923091626,0,0,0,0,0,0,0,13.4873016834259,0,0,0,0,0,0,0,16.7983224846935,0,0,0,0,0,27.7891996166923,0,27.7045238812764,0,23.3439099043608,0,0,0,6.69661916385997,0,14.775013554771,0,2.92983150482178,0,15.8305394885776,0,0,0,7.76915182511915,0,11.3917959664492,18.7743691460252,0,0,0,0,0,0,0,5.67373563778046,0,7.96124311855861,0,0,0,0,0,18.9238968849182,0,0,0,16.7844921740128,18.5320866022616,13.7295123132644,30.3720298873054,0
0,0,0,0,0,0,0,0,0,0,0,0,2.94822216033936,0,0,0,0,0,0,0,0,0,0,0,0,0,0,0,2.94970941543579,0,0,0,0,0,0,0,0,0,0,0,0,0,0,0,0,0,0,0,0,0,0,0,0,0,0,0,2.96432001434238,0,0,0,0,0,0,0,0,0,0,0,0,0,0,2.85369284298955,0,0,0,0,0,0,0,0,0,0,0,0,0,0,0
0,21.2038082962944,0,23.1414299183193,0,15.441112127311,0,4.33912955533641,0,23.9299776161972,0,3.13520651371753,0,6.36131800467028,0,9.76024707562506,0,38.5780858312334,26.2373305638631,13.2152317047119,0,0,0,12.2453675920313,0,0,0,58.4143142700195,0,0,0,0,0,0,0,19.8115879380426,0,0,0,0,0,27.1505688143986,0,24.9924601316452,0,32.3954999473341,0,0,0,7.33877778053284,0,11.4936901490287,0,3.9344129411201,0,17.9683577854268,0,7.76915182511915,0,0,0,10.5658582707887,33.1338142480061,0,0,0,10.3644427168155,0,0,0,11.2672299295664,0,11.9721224522739,0,0,0,0,0,20.1882590651512,0,0,0,13.4688291126925,12.0875553951835,22.9265372809463,26.3976162075996,0
0,0,0,0,0,0,0,0,0,0,0,0,0,0,0,0,0,0,0,0,0,0,0,0,0,0,0,0,0,0,0,0,0,0,0,0,0,0,0,0,0,0,0,0,0,0,0,0,0,0,0,0,0,0,0,0,0,0,0,0,0,0,0,0,0,0,0,0,0,0,0,0,0,0,0,0,0,0,0,0,0,0,0,0,0,0,0
0,7.9646520614624,0,13.4397882355584,0,5.72629366634048,0,0,0,5.68524747848511,0,20.5287025996617,0,9.4582143996979,0,5.82616141330765,0,0,19.0961894989014,22.9795075466758,0,0,0,11.2194580190322,0,0,0,0,0,0,0,0,0,0,0,16.7399684361049,0,0,0,0,0,18.815712928772,0,0,0,21.534255126427,0,0,0,7.47758030891418,0,4.84897276450848,0,0,0,3.64595341827369,0,11.3917959664492,0,10.5658582707887,0,0,20.1251918790918,0,0,0,8.48055481910706,0,2.95646595954895,0,15.1634750366211,0,0,0,0,0,0,0,17.1496702194214,0,0,0,8.59945785040143,6.67682454026776,13.3631803086922,23.1602172851562,0
0,15.745235222578,0,12.2512690804828,0,21.1329761830243,0,3.38277196884155,0,20.9294293237572,0,13.6421879760979,0,31.2238851027055,0,21.0546774684258,0,29.5587111163784,30.189864464248,9.67224307610438,0,0,0,0,0,0,0,0,0,0,0,0,0,0,0,9.54164471060275,0,0,0,6.33064203053628,0,20.3371683300243,0,16.0252147182342,0,8.06090282439887,0,12.6293412769946,13.5060516993205,11.356804087321,0,16.0174745412973,0,0,0,17.2638458945094,0,18.7743691460252,0,33.1338142480061,0,20.1251918790918,0,0,0,0,0,0,0,0,42.5828167597453,0,21.9111365318298,0,0,0,0,0,5.06800188891557,0,0,0,23.1481376154957,21.1447891162524,10.5741684832654,16.9139867811612,0
0,0,0,0,0,0,0,0,0,0,2.79818594455719,0,0,0,0,0,0,0,0,0,3.49362704918302,0,0,0,0,0,0,0,0,0,0,0,0,0,0,0,3.23617172007467,0,0,0,3.18017286412856,0,0,0,0,0,3.04416368989383,0,0,0,0,0,0,0,0,0,3.35257134748542,0,0,0,0,0,0,0,0,0,0,0,0,0,0,0,0,0,0,0,0,0,0,4.69934226855026,0,0,3.3302738931444,0,3.25462426245213,0,0
0,0,0,0,0,0,0,0,0,0,0,0,0,0,0,0,0,0,0,0,0,3.72797863191596,4.76286536277609,2.74064636230469,0,3.1242567556245,0,5.16708517074585,0,0,0,0,0,0,0,0,0,0,0,0,0,0,0,0,0,0,0,0,0,3.73769290819644,0,0,0,0,0,0,0,0,0,0,0,0,0,0,0,0,3.36454423268636,0,6.4794372307357,0,6.95725591464267,0,0,0,0,0,0,0,0,0,3.51694470932407,0,4.4109880017701,4.53239194307572,0,0,0
0,0,0,0,0,0,0,0,0,0,0,0,0,0,0,0,7.89263932601265,0,19.3536949157715,0,0,3.3862292887643,4.11373500592878,0,6.95951941393805,0,0,0,0,0,0,0,0,0,0,0,0,0,12.7978096644084,0,0,0,0,0,0,0,0,0,0,0,0,0,0,0,0,0,0,0,0,0,0,0,0,0,0,0,0,4.86364140078802,0,0,0,0,0,0,0,0,0,0,0,0,0,2.94779181480408,10.6074405291891,3.26824716481295,0,0,0
0,0,0,0,0,0,0,0,0,0,0,0,0,0,0,0,0,0,0,0,0,4.382410215609,0,6.7233787613946,0,8.34202533373649,0,9.89647721947353,0,0,0,0,0,0,0,0,0,0,0,0,0,0,0,0,0,28.9709548950195,0,0,0,0,0,0,0,0,0,0,0,0,0,10.3644427168155,0,8.48055481910706,0,0,3.36454423268636,0,0,0,5.48519040408887,0,9.42499805080052,0,0,0,0,0,0,0,0,0,0,0,4.44142184087208,0,0,0,0
0,0,0,0,0,0,0,0,0,0,0,0,0,0,0,0,0,0,12.0751682917277,0,0,0,3.97496534907629,0,4.51155182279112,0,0,0,0,0,0,0,0,0,0,0,0,0,6.02588001258553,0,0,0,6.99531477366762,0,0,0,0,0,0,0,0,0,0,0,0,0,0,0,0,0,0,0,0,0,0,4.86364140078802,0,0,0,0,0,0,0,0,0,0,0,0,0,0,0,5.9674468934536,7.73130205922865,0,15.4542560577393,0,0
0,0,0,0,0,0,0,0,0,36.355052947998,0,0,0,0,0,0,0,0,0,0,0,0,0,9.0352344283499,0,4.31801446699179,0,5.848975389144,0,0,0,0,0,0,0,0,0,0,0,0,0,16.2667696452377,0,0,0,27.2940169395284,0,0,0,0,0,0,0,0,0,0,0,0,0,0,0,2.95646595954895,0,0,6.4794372307357,0,5.48519040408887,0,0,0,4.37115265257815,0,0,0,0,0,0,0,0,0,0,0,4.52686772139176,0,22.1741619110107,16.3433505226584,0
0,0,0,0,0,0,0,0,0,0,0,0,0,0,0,0,0,0,0,0,0,0,0,0,0,0,0,0,0,0,0,0,0,0,0,0,0,0,0,0,0,0,0,0,0,0,0,0,0,0,0,0,0,0,0,0,0,0,0,0,0,0,0,0,0,0,0,0,0,0,0,0,0,0,0,0,0,0,0,0,0,0,0,0,0,0,0
0,0,0,37.6694119771322,0,41.601245431339,0,0,0,40.2298634847005,0,0,0,4.28200207437788,0,16.1117568016052,0,20.2157598495483,0,0,0,0,0,11.4376271111625,0,4.0426062810359,0,4.79470408482202,0,0,0,0,0,0,0,44.7198753356934,0,3.14134407043457,0,0,0,20.2393510942756,0,0,0,30.8650037639505,0,0,0,3.48661923408508,0,53.1506729125977,0,0,0,41.6788520812988,0,5.67373563778046,0,11.2672299295664,0,15.1634750366211,42.5828167597453,0,6.95725591464267,0,9.42499805080052,0,4.37115265257815,0,0,0,2.93879550695419,0,0,0,0,0,45.3950233459473,0,0,0,9.76849378979615,9.89376394645027,20.9409802864338,21.4329130990165,0
0,0,0,0,0,0,0,0,0,0,0,0,0,0,0,0,0,0,0,0,0,0,0,0,0,0,0,0,2.96964855053846,0,0,0,0,0,0,0,0,0,0,0,0,0,0,0,0,0,0,0,0,0,0,0,0,0,0,0,3.58770513534546,0,2.85369284298955,0,0,0,0,0,0,0,0,0,0,0,0,0,0,0,0,0,0,0,0,0,0,0,2.98671399965519,0,0,0,0
0,0,0,0,0,0,0,0,0,0,0,0,0,13.460035443306,0,0,0,25.8527889796666,0,8.8626856803894,0,0,0,0,0,0,0,2.98658135202196,0,0,0,0,0,0,0,0,0,0,0,0,0,24.8691608111064,0,0,0,23.0945780608828,0,0,0,0,0,0,0,0,0,0,0,7.96124311855861,0,11.9721224522739,0,0,21.9111365318298,0,0,0,0,0,0,0,2.93879550695419,0,0,0,0,0,0,0,0,0,0,0,23.0637200095437,27.1804656982422,13.2307236989339,40.2514762878418,0
0,0,0,0,0,0,0,0,0,0,0,0,0,0,0,0,0,0,0,0,0,0,0,0,0,0,0,0,0,0,0,0,0,0,0,0,0,0,3.20719873905182,0,0,0,0,0,0,0,0,0,0,0,0,0,0,0,0,0,3.02697449922562,0,0,0,0,0,0,0,0,0,0,0,0,0,0,0,0,0,0,0,0,0,0,0,0,3.10687559843063,0,0,0,0,0
0,0,0,0,0,0,0,0,0,0,0,0,0,0,0,0,0,0,0,0,0,0,0,0,0,0,0,0,0,0,0,0,0,0,0,2.95502846581595,0,0,0,0,0,0,0,0,0,0,0,0,0,0,0,0,0,0,0,0,0,0,0,0,0,0,0,0,0,0,0,0,0,0,0,0,0,0,0,0,0,0,3.40358432841628,0,0,0,0,0,0,0,0
0,0,0,0,0,0,0,0,0,0,0,0,0,0,0,0,0,0,0,0,0,0,0,0,0,0,0,0,0,0,0,0,2.88971833749251,0,0,0,2.91483064492544,0,0,0,0,0,0,0,0,0,0,0,0,0,0,0,0,0,0,0,0,0,0,0,0,0,0,0,0,0,0,0,0,0,0,0,0,0,0,0,0,0,0,3.0896803116061,0,0,0,0,0,0,0
0,0,0,0,0,0,0,0,0,0,0,0,0,0,0,0,0,0,0,0,0,0,0,0,0,0,0,0,0,0,0,0,0,2.89909832789425,0,3.68475866317749,0,3.31710973381996,0,0,0,0,0,0,0,0,0,3.34393867911125,0,3.21076308979708,0,0,0,0,0,0,0,0,0,0,0,0,0,0,0,0,0,0,0,0,0,0,0,0,0,0,0,0,3.35649113995688,0,3.04418367224854,0,3.14801677068075,0,0,0,0
0,0,0,0,0,0,0,0,0,0,0,0,0,0,0,0,0,0,0,0,0,0,0,0,0,0,0,0,0,0,0,0,0,0,2.74166345596313,0,2.87677582105001,0,0,0,0,0,0,0,0,0,0,0,0,0,0,0,0,0,0,0,0,0,0,0,0,0,0,0,0,0,0,0,0,0,0,0,0,0,0,0,0,0,0,2.8319127112627,0,0,0,0,0,0,0
0,11.5294555606264,0,8.70530198934751,0,13.7782469325595,0,26.5941632588704,34.2145195007324,15.1883617898692,0,36.2984691619873,0,20.0941543579102,0,23.7926826477051,0,25.1635221481323,28.6713085174561,26.2987470626831,0,0,0,0,40.4076290130615,0,0,0,0,0,0,3.38326658960432,5.9914128780365,0,0,5.83247385174715,5.28118801116943,3.01235123475393,36.9647471110026,5.024008404063,0,11.0373690807458,24.6047551451058,0,0,6.72752695563656,0,12.3182519963644,9.50351428985596,6.44423809117972,0,15.9899957535115,0,0,0,12.1326267560323,0,18.9238968849182,0,20.1882590651512,0,17.1496702194214,5.06800188891557,0,0,0,0,0,0,0,45.3950233459473,0,0,0,3.40358432841628,0,3.35649113995688,0,0,0,2.89155770973726,0,7.55503832575992,7.31351005282692,7.37910368285038,17.9432743617467,0
0,0,0,0,0,0,0,0,0,0,0,0,0,0,0,0,0,0,0,0,4.90172628666225,0,0,0,0,0,0,0,0,0,0,0,3.10632857680321,0,2.99095931053162,0,3.39338088035583,0,0,0,0,0,0,0,0,0,0,0,0,0,0,0,0,0,0,0,0,0,0,0,0,0,0,4.69934226855026,0,0,0,0,0,0,0,0,0,0,0,3.0896803116061,0,2.8319127112627,0,0,0,3.77044882048731,3.26646769046783,6.65090280771255,5.24297388394674,0,0
0,0,0,0,0,0,0,0,0,0,0,0,0,0,0,0,0,0,0,0,0,0,0,3.14658355712891,0,0,0,3.56696605682373,0,4.2087721824646,0,0,0,4.24998300959324,0,2.78237756093343,0,3.22218561196097,3.99638509750366,28.1362030522807,0,14.552322769165,0,0,0,24.8331014571651,0,5.56229584113411,0,3.81286366565807,0,0,0,0,0,0,0,0,0,0,0,0,0,0,3.51694470932407,0,0,0,0,0,0,0,0,0,0,0,3.04418367224854,0,2.89155770973726,0,0,0,5.0145274227944,4.89581555979592,18.4883469358469,0,0
0,0,0,0,0,0,0,0,0,0,0,0,0,0,0,0,0,0,0,0,0,0,0,0,3.56001508235931,0,0,0,0,0,3.64745216291459,0,0,0,0,0,2.9359846228645,0,3.10024576132742,0,0,0,6.63258147239685,0,0,0,0,0,0,0,0,0,0,0,0,0,0,0,0,0,0,0,0,0,0,2.94779181480408,0,5.9674468934536,0,0,0,0,0,3.10687559843063,0,0,0,0,0,3.77044882048731,0,0,3.63833999633789,0,0,0,0
0,9.200793495142,6.01586294174194,14.2079826582183,3.23379036431671,12.1601453866511,3.02679435412089,5.13139431425136,10.2385690859024,6.87434384760787,3.21944048049602,15.8897752665185,0,4.89564862970158,0,6.3517327455169,4.10987477730665,9.69220686334932,8.73140723419253,26.2841232818932,3.66861487627029,3.94243764181445,5.66496611691667,4.07726142704487,7.2458604975215,3.64122870161727,0,5.87525985378716,2.97451532943339,2.84245327356699,0,3.42789638902723,3.60804989645558,3.05135359798653,3.05769655050663,7.07058973348806,3.25193181946499,5.02911408672047,10.1178140259144,15.053041179543,8.17165914711925,9.63649064752043,8.56436930829842,9.80626927227675,5.09465181827545,10.4298206302491,7.57572555541992,4.69159442634993,4.82408673422677,10.5858704905949,4.06458035111427,12.307694867265,0,3.73824499515777,21.1121675627572,11.9035128939851,2.80317221369062,16.7844921740128,0,13.4688291126925,0,8.59945785040143,23.1481376154957,3.3302738931444,4.4109880017701,10.6074405291891,4.44142184087208,7.73130205922865,4.52686772139176,0,9.76849378979615,2.98671399965519,23.0637200095437,0,0,0,3.14801677068075,0,7.55503832575992,3.26646769046783,5.0145274227944,3.63833999633789,0,5.53904546465758,11.4441946176242,20.9188598880061,6.17129289295714
0,7.31415771818048,0,13.427895015779,9.66515712738037,8.0781720132756,0,4.3419646031236,0,6.32342696004629,0,27.5238772325738,0,5.52685117419173,0,6.0794150187419,8.87134623928339,7.51617333749425,10.9942252990008,26.1270868849046,0,3.48817662762467,3.7801473119823,0,0,0,0,11.0324561092589,0,0,0,0,0,0,0,6.71017543715549,7.54143264795604,5.3502839751296,0,17.6565246582031,0,11.403043042941,0,14.8713990713804,0,13.3308161571062,0,0,0,19.8195147514343,0,10.4412086383969,0,6.4145976834827,0,8.64647071592269,0,18.5320866022616,0,12.0875553951835,0,6.67682454026776,21.1447891162524,0,4.53239194307572,3.26824716481295,0,0,0,0,9.89376394645027,0,27.1804656982422,0,0,0,0,0,7.31351005282692,6.65090280771255,4.89581555979592,0,5.53904546465758,0,15.5631009630444,21.7316366831462,0
7.33439129590988,10.0603480373438,0,9.7382176318877,0,13.5077149878333,0,21.8101615905762,25.3406008518103,13.2889965876052,0,21.1740839047865,0,25.8273652924432,0,15.2976278740427,0,23.9668754284325,13.1317225252077,11.1595056505011,0,0,0,0,15.3294195028452,19.3752064704895,0,27.0771247648424,0,0,0,0,0,0,0,5.44787084300883,4.26272156005053,17.5196532232571,26.9979317827923,7.6862711958223,8.26804851690928,8.73761497094714,8.38989322772001,8.49439919407324,7.13821520883369,8.66820446600982,3.84185767650604,16.6439735412598,0,4.48216745392285,0,16.2397877157551,0,0,26.6140441894531,10.9470605339951,3.0522958379884,13.7295123132644,0,22.9265372809463,0,13.3631803086922,10.5741684832654,3.25462426245213,0,0,0,15.4542560577393,22.1741619110107,0,20.9409802864338,0,13.2307236989339,0,0,0,0,0,7.37910368285038,5.24297388394674,18.4883469358469,0,11.4441946176242,15.5631009630444,0,10.5991474038737,3.77631977200508
0,15.9913401136211,0,13.4262631987311,0,21.0357407367591,0,0,0,18.5265476466473,0,46.0243072509766,0,33.05224609375,0,32.689847946167,0,22.2587484681463,16.7352113034352,37.7033411661784,0,0,0,0,0,22.4045920372009,0,23.7034286554309,0,0,0,0,0,0,0,19.2197713851929,0,0,0,0,0,7.37198945650688,0,19.1177539825439,0,11.0750104882923,0,0,0,0,0,23.6608991120991,0,0,0,17.1331672186262,0,30.3720298873054,0,26.3976162075996,0,23.1602172851562,16.9139867811612,0,0,0,0,0,16.3433505226584,0,21.4329130990165,0,40.2514762878418,0,0,0,0,0,17.9432743617467,0,0,0,20.9188598880061,21.7316366831462,10.5991474038737,0,0
0,0,0,0,0,0,0,0,12.0085821151733,0,0,0,0,0,0,0,0,0,3.79706692695618,0,0,0,0,0,0,0,0,0,0,0,0,0,0,0,0,0,0,0,10.8199542363485,0,0,0,4.39811304534774,0,0,0,0,0,0,0,0,0,0,0,0,0,0,0,0,0,0,0,0,0,0,0,0,0,0,0,0,0,0,0,0,0,0,0,0,0,0,0,6.17129289295714,0,3.77631977200508,0,0
