0,0,0.00402557132402998,0,0,0,0,0,0.0392562830806591,0,0,0,0,0,0.000449554424308217,0,1.75656043710243e-05,0,0.000737993739236772,0,0,0,0,0,0,0,0,0,0,0,0,0,0,0,0,0,2.53599938956942e-05,0,0,0,0.00025754598506198,0,0.00326553232239371,0,0,0,0,0,0.0167900049817463,0,0,0,0,0,0.0286300673201462,0,5.72185071015757e-05,0,0,0,0.010835098797269,0,0,0,0,0,0,0,0,5.97792734364864e-05,0,0,0,0.000277114271093212,0,0,0,0,0,5.60269373599541e-05,0,4.72149152650571e-05,2.10078794862143e-05,0,0.00415697693043256,0,3.97338441472878e-05
0,0,0,0.00771070210785392,0,0,0,0,0,0.034847311389635,0,0,0,0,0,0.00047887189365021,0,3.67082905864714e-06,0.00049249318001836,0,0,0,0,6.88816681361079e-05,0,0,0,0,0,0,0,0,0,0,0,0,0,0,0,0.000211024405422533,0.000135194096538987,0.00593993833034787,0,0,0,0,0,0,0,0.0129573710053296,0,0,0,0,0,0.0772168421678579,0,1.03773754291537e-05,0,1.16442422973633e-05,0,0.0204012371920262,0,0,0,0,0.00242030861958197,0,0.000399795584446966,0,0,0,0.000621245662419533,0,0,0,0,0,3.50719467486618e-05,0,6.13147312464687e-06,0,0.000162734088562214,3.46825472951949e-07,0.00441212789375553,0.000573723849418925,0
0.00402557132402998,0,0,0,0.000579849259874749,0,0,0,0.00534259293425794,0,9.65610796352075e-05,0,0,0,0,0,0,0,0.000165276140028223,0,1.51631071254805e-05,0,0,0,0,0,0,0,0,0,0,0,0,0,0,0,4.85615292992337e-05,0,0,0,0.000400292738167278,8.81652655218952e-06,0.0162062432842852,0,0,0,2.08433047323851e-05,0,0.0040824596758091,0,0.012357231022773,0,0,0,0.00446981317295622,0,0.0074142145911952,0,2.89081378040479e-05,0,0.0026664844357134,0,0,0.00148687136643948,0,0,0,0,0,0,0,8.44557071025601e-05,0,0.01705703724182,0,0,0,0,0,0.000348281516200021,0,0.000168439697516818,0.00018184325722293,0,0.00364087238001819,0,0.00170474298422046
0,0.00771070210785392,0,0,0,0.0161208221118791,0,0,0,0.00878136134230012,0,0,0,0,0,0.00013485784787909,0,0,0,0,0,0,0,0,0,0,0,0,0,0,0,0,0,0,0,0,0,0,0,0,0,0.0157211337037577,0,0,0,0,0,0,0,0.00157524042378648,0,0.0454623349461319,0,0,0,0.0513616361811026,0,0.00671852288085567,0,0.0014629938718693,0,0.0513793984611536,0.000444357679951494,0,0,0,0,0,0,0,0,0,0.00731813620534637,0,0,0,0,0,8.88944954188483e-06,0,0,0,3.7594557628638e-05,6.4152968961141e-07,0.0073011177119404,0.00316133222591397,0
0,0,0.000579849259874749,0,0,0,0.000345136753045743,0,0.000687838691143345,0,0,0,0.00118252417523267,0,0.0041322521522888,0,0,0,0,0,4.47189670691643e-05,0,0,0,0,0,0,0,0,0,0,0,0,0,0,0,0,0,0,0,0,0,0,0,0,0,0,0,0,0,0.073786349502257,0,0.015742984832669,0,0.0107097565038163,0,0.000198360577045795,0,0.0111888266907406,0,0.00412098264773434,0,0,0,0,0,0,0,0,0,0,0,0,0,0,0,0,0,0,0,0,0,0.000285832576262294,0,0.000248145696164456,0,0
0,0,0,0.0161208221118791,0,0,0,0,0,0.0070460404625703,0,0,0,0.00506781918676388,0,0,0,0,0,0,0,0,0,0,0,0,0,0,0,0,0,0,0,0,0,0,0,0,0,0,0,3.35550228854101e-05,0,0,0,0,0,0,0,0,0,0.0201842576868146,0,0,0,0.000816099669110974,0,0,0,0,0,0,0,0,0,0,0,0,0,0,0,0,0,0,0,0,0,0,0,0,0,0,2.73369200987722e-05,5.32869134334046e-06,0.00455690965768804,0,0
0,0,0,0,0.000345136753045743,0,0,0,0,0,0,0,0,0,0,0,0,0,0,0,9.56251460593194e-05,0,0,0,0,0,0,0,0,0,0,0,0,0,0,0,8.05680250199425e-05,0,0,0,0,0,0,0,0,0,0,0,0,0,0.000251176549842233,0,0.125258614969383,0,0,0,0.00364356386926551,0,0.00378953484652427,0,0,0,0,0,0,0,0,0,0,0,0,0,0,0,0,0,0,0,0,0,0,0,0.000217505929115918,0,0,0,0
0,0,0,0,0,0,0,0,0,0,0,0,0,0,0,0,0,0,0,0,0,0,0,0,0,0,0,0,0,0,0,0,0,0,0,0,0,0,0,0,0,0,0,0,0,0,0,0,0,0,0,0,0,0.0145792773478152,0,0,0,0.00114272669937407,0,0.00628609602169132,0,0,0.00015945884258012,0,0,0,0,0,0,0,0,0,0,0,0,0,0,0,0,0,0,0,0,0,0,0,0
0.0392562830806591,0,0.00534259293425794,0,0.000687838691143345,0,0,0,0,0,0,0,0,0,0.0405075580206722,0,0.00868724639883463,0.000480694809886113,0.000652424333386634,0,0.000221974058563203,0,0.00011658098226513,0,0.0152989025456572,0,0.00627112512281798,0,0,0,0,0,0,0,0,0,0,0,0.000358719589300862,0,6.77296269589486e-05,0,0.00578676827394802,0,0,0,0,0,0.00453504559522273,0,0.000170208853668617,0,0,0,0.0830424799757804,0,0.000218447438499651,0,4.25325479023186e-05,0,0.0191460096478016,0,0,0,0,0,0,0.00313557918764328,0,0.000653039685031139,0,0,0,0.000422021339781355,0,0,0,0,6.85176686031851e-06,2.3291536756957e-05,0,6.10668606614386e-05,0.00412938319131393,6.22869431377029e-05,0.0177642905768916,0,0.00564718189176612
0,0.034847311389635,0,0.00878136134230012,0,0.0070460404625703,0,0,0,0,0,0,0,0,0,0.0465277798063383,4.09922333409404e-05,0.00398862876227755,7.07295302511332e-05,0,0,0,0,0.000440080387586704,0,0,0,0,0,0,0,0,0,0,0,0,0,6.90979350242179e-05,0,0,0,0.00228044825893873,0,0,0,0,0,0,0,0.00161488143514693,0,0.00140214466923538,0,0,0,0.13730948242086,0,0,0,0,0,0.00379658826727827,0,0,0,0,0.00162410784398478,0,7.36544691667396e-05,0,0,0,0,0,0,0,0,0,0,0,0,0,0.00455632951151982,0.000533622891532981,0.00746849841959194,0.000148177610378997,0
0,0,9.65610796352075e-05,0,0,0,0,0,0,0,0,0,0.00662974180246453,0,0,0,0,0,4.50482275571296e-05,0,0.0313765528471836,0,0,0,0,0,0,0,0.00137950896252836,0,0.00199816193363527,0,0,0,0,0,0.00295495765864158,0,0.0110899044299372,0,0,0,4.05500850620549e-05,0,3.59649339435307e-05,0,3.98058681260155e-05,0,0,0,0,0,0,0,0,0,0.0855444115031151,0,0.00707556373837669,0,0,0,0,0.00502565504713394,0,0,0,0,0,0,0,0,0,0.000857889302342623,0,0,0,0,0,0.000631037718256049,0,0.00695241509288576,0.000653747875283991,0,2.73495432227381e-05,0,0
0,0,0,0,0,0,0,0,0,0,0,0,0,0.050145539586469,0,0,0,0,0,0.0296933584917084,0,0,0,0,0,0,0,0,0,0.00765217228928519,0,0,0,0,0,0.00369574501087296,0,0.0114784110275603,0,0,0,0,0,0,0,1.01475275412099e-05,0,0,0,0,0,0,0,4.07358599897123e-05,0,0,0,0.0856659206942404,0,0.00666066546366914,0,0,0.0236587771498744,0,0,0,0,0,0,0,0,0,0.00309196250381353,0,0,0,0,0,0.00150620135666725,0,0.0124130336125323,0,0.00097400442711902,0,3.42041737209024e-05,0,0
0,0,0,0,0.00118252417523267,0,0,0,0,0,0.00662974180246453,0,0,0,0.00661472080730158,0,0,0,0,0,0,0,0,0,0,0,0,0,0.000389837113306424,0,0,0,0,0,0,0,0,0,0,0,0,0,0,0,0,0,0,0,0,0,0.000258166180677952,0,0,0,0,0,0.00724559460100842,0,0.0137739372002685,0,0.00572837031838647,0,0,0,0,0,0,0,0,0,0,0.00178281028912,0,0,0,0,0,0,0,0,0,0,0.000679504821888221,0.000351438732675187,0,0,0
0,0,0,0,0,0.00506781918676388,0,0,0,0,0,0.050145539586469,0,0,0,0.01014418572094,0,0,0,0,0,0,0,0,0,0.000863517534159038,0,0.0034169956143349,0,0,0,0,0,0,0,0,0,0,0,0,0,0,0,0,0,0,0,0,0,0,0,0,0,0,0,0,0,0.0128023556297254,0,0.0226045577455336,0,0.0130784598674484,0,0,0,0,0,0,0.00190452963684371,0,0,0,0,0,0,0,0,0,0,0,0,0,0.000806311113374324,0.000310081864992681,0,0,0
0.000449554424308217,0,0,0,0.0041322521522888,0,0,0,0.0405075580206722,0,0,0,0.00661472080730158,0,0,0,0.00283895889340699,0,0,0,0,0,0,0,0,0,0.0106826629192167,0,0,0,0,0,0,0,0,0,0,0,0,0,0,0,0,0,0,0,0,0,0,0,0.000463884446570069,0,0,0,0.0172431943363931,0,0,0,0.00350628898708318,0,0.113798753808298,0,0,0,0,0,0,0,0,0.000186074898077602,0,0,0,0,0,0,0,0,0,0,0,0,0.00112727058896597,0.000268898085681965,0,0,0
0,0.00047887189365021,0,0.00013485784787909,0,0,0,0,0,0.0465277798063383,0,0,0,0.01014418572094,0,0,0,0.000704178571165257,0,0,0,0,0,0,0,0.00044623426013062,0,0,0,0,0,0,0,0,0,0,0,0,0,0,0,0,0,0,0,0,0,0,0,0.000193929854471161,0,0,0,0,0,0.0476451478110283,0,0,0,0,0,0.0243046795407616,0,0,0,0,0,0,0.000137428709422238,0,0,0,0,0,0,0,0,0,0,0,0,0,0.000952724644588352,0,0,0,0
1.75656043710243e-05,0,0,0,0,0,0,0,0.00868724639883463,4.09922333409404e-05,0,0,0,0,0.00283895889340699,0,0,0.141268507266563,0.0423539056964487,0,0,0.000573934802618939,0.00990762508027413,0.000390508086845563,0.00788333540772953,0,0.0203030821291826,0,0,0,0,0,0,0,0,5.12525152202226e-06,8.13988904654233e-05,0,0,0.000166124604596779,0.000268431934786458,0.000227250424481662,0.000125364967719452,3.43451609569057e-06,1.96176688673879e-05,1.76631524413815e-05,2.34491834777696e-06,0,0,0,0,0,0,0,3.62045231641801e-05,0,1.11849896337763e-05,8.1874200068643e-06,0,0,0.00365746520255434,0,8.68031250129409e-05,0.000137160270686058,1.52707170274274e-05,0,4.49430475211865e-05,0,0,0.00244832678382624,0,0,0,6.08013913653039e-05,0,0,0,0,0.000502429921861967,0.000435605623269854,6.29616151211371e-06,7.07412383944494e-05,0.0230168510115127,8.00273468213874e-05,0.000404192263133717,5.84938216592554e-05,3.0457499525269e-05
0,3.67082905864714e-06,0,0,0,0,0,0,0.000480694809886113,0.00398862876227755,0,0,0,0,0,0.000704178571165257,0.141268507266563,0,0.0631136966145612,0,0,0.0078981806378707,0.000880362306739213,0.00992193210895271,0.00171828736362135,0.00748565061349731,0.000279598446851065,0.000660429891837018,0,0,0,0,0,0,0,5.79017774017849e-06,1.06581762179571e-05,0,0,0.000228748151290464,1.72833528135357e-05,0.000399100366205187,0.000142410926380709,2.54692416496879e-05,4.10247065383666e-05,5.33698536944005e-05,0,0,0,4.33652700517076e-05,0,0,0,0,0,0.000957646477601753,2.64179397311055e-05,6.75027413640357e-06,0,0,0.000159707987578865,0.000472394372268088,0.000182875170653428,0.000142971893553185,0.00102109514717081,0,0.00117075697925311,0,0.00201017434259379,0.000130013304053239,0,0,4.33665781759357e-05,7.11786641031985e-05,0,0,0,0,0.000480260091478027,0.000125967129731176,3.38622339465687e-05,6.45987681408732e-06,0.0145618729085693,0.000119793586881824,0.000355205025909004,0.000143998748709725,1.38122081172139e-05
0.000737993739236772,0.00049249318001836,0.000165276140028223,0,0,0,0,0,0.000652424333386634,7.07295302511332e-05,4.50482275571296e-05,0,0,0,0,0,0.0423539056964487,0.0631136966145612,0,0,1.49870950443756e-05,3.01470580705466e-05,0.000130921214346753,0.00028532151364548,0.000868415961627693,0,5.09603512606593e-05,0,0,0,0,0,0,0,0,0.000842237483843853,0.0020415626343905,0,0,0.011008079140984,0.0109799834449313,0.0257566277008622,0.0296258618003668,0.00171032748285827,0.0026563291096979,0.000479347944230444,0.00139208336329955,3.46839911956613e-06,0.000744193471841975,0.000366777689677489,0,0,0,0,0,4.13698362704143e-05,0.00192671861311016,0.00213769148957972,1.29276792967701e-05,0,6.60559105151828e-05,0,0.00522941880506143,0.0133634765493153,4.67139665028058e-06,0,2.12318361921711e-05,0,0,6.27850991144718e-06,0,1.95909506011299e-05,0.00482026998410242,0.00523206301420391,0,0,0.000100087944676536,0,0.0134017574200137,0.016347326966741,0.0019176398681218,0.00300298938936779,0.00450135181388655,6.82820486341417e-07,0.0351626687595678,0.011258725178022,0.0170515961139903
0,0,0,0,0,0,0,0,0,0,0,0.0296933584917084,0,0,0,0,0,0,0,0,0,0,0,0,0,0,0,0,0,0,0,0,0,0,0,0.0146945462342771,0,0.00327606738790441,0,0,0,0,0,0,0,0,0,0,0,0,0,0,0,0.000166820702925257,0,0,0,0.000651213421864682,0,0,0,0,0.0751203856913526,0,0,0,0,0,0,0,0,0,0,0,0,0,0,0,0.00316461294089602,0,0.00164811823109234,0,0.00029130133310455,0,0.000469210025058348,0,0
0,0,1.51631071254805e-05,0,4.47189670691643e-05,0,9.56251460593194e-05,0,0.000221974058563203,0,0.0313765528471836,0,0,0,0,0,0,0,1.49870950443756e-05,0,0,0,0,0,0,0,0,0,0,0,0,0,0,0,0,0,0.00510820255056165,0,0.00158358383661117,0,0,0,0,0,0,0,0.000167231099360357,0,0,0,0.00801548559102106,0,0,0,0.000120514910882429,0,0.00242194875741817,0,0,0,0,0,0,0.0223677220587105,0,0,0,0,0,0,0,0,0,3.12691565712399e-05,0,0,0,0,0,0.00250482234948786,0,0.000998226638401629,0.00036011652662323,3.54456914470077e-06,0.00249062700851321,0,0
0,0,0,0,0,0,0,0,0,0,0,0,0,0,0,0,0.000573934802618939,0.0078981806378707,3.01470580705466e-05,0,0,0,0.00313753837230864,0.00368637937426875,3.0574723217286e-05,0.00464896627144678,3.2216785989574e-05,0.00351368310398781,0,0,0,0,0,0,0,0,0,0.00781013942281384,0,0,0,1.31133062997624e-05,0,0,0,0,0,0,0,0.00353549528926713,0,0,0,0,0,0,0,0,0,0,7.2208114188523e-06,0,0,0,0.0759376307315922,6.05167947823691e-06,5.41429804181772e-05,0,0.00184230815487705,0,0.00154454918803652,0,0,0,0,0,0,0,0,0,0.0046434763833512,0,0.00272348907458521,0.000546382586422344,0,0,0
0,0,0,0,0,0,0,0,0.00011658098226513,0,0,0,0,0,0,0,0.00990762508027413,0.000880362306739213,0.000130921214346753,0,0,0.00313753837230864,0,0,0.00316754269022796,0,0.000872961211417942,0,0.00055408698887106,0,0,0,0,0,0,0,0,0,0.00461949663290486,0,0,0,1.51938275755083e-05,0,0,0,0,0,0.00646293051932498,0,0,0,0,0,0,0,0,0,0,0,8.8695850837667e-05,0,2.57781007186869e-06,0,0,0.0728745230885442,0,0.00237200910155452,0,0.000617486594324364,0,0,0,0,0,0,0,0,1.12695958894401e-06,0,0,0.00405225726431535,0.00220312572833285,0.000224392026724985,0.000189894466122063,0,0
0,6.88816681361079e-05,0,0,0,0,0,0,0,0.000440080387586704,0,0,0,0,0,0,0.000390508086845563,0.00992193210895271,0.00028532151364548,0,0,0.00368637937426875,0,0,0.000300594290571915,0.0153383425029795,0,0,0,0,0,0,0,0,0,0,0,0.00442589370495797,0,0,0,0,0,0,0,0,0,0,0,0.00490648017496125,0,0,0,0,0,0.00085129127665389,0,0,0,0,0,0.000131638343796081,0,0,0.00491563227318892,0,0.0946754511477943,0,0,0,0,0,0,0,0,0,0,0,0,0,0.00309869427093693,0,0.00174197566013028,0,0.000392401749390511,0,0
0,0,0,0,0,0,0,0,0.0152989025456572,0,0,0,0,0,0,0,0.00788333540772953,0.00171828736362135,0.000868415961627693,0,0,3.0574723217286e-05,0.00316754269022796,0.000300594290571915,0,0,0.0274677479856467,0,0,0,0,0,0,0,0,0,0,0,0.00472078035429902,0,0,0,0,0,0,0,0,0,0.0142802989898211,0,0,0,0,0,0,0,0,0,0,0,0.000224531380852547,0,0,0,0,0.000677586694035044,0.00024743159498105,0.0838585036886052,0,0.000316183998582586,0,0,0,0,0,0,0,0,0,0,0,0.00223412023293327,0.000661085692411361,0,0.00383647062991493,0,0
0,0,0,0,0,0,0,0,0,0,0,0,0,0.000863517534159038,0,0.00044623426013062,0,0.00748565061349731,0,0,0,0.00464896627144678,0,0.0153383425029795,0,0,0,0.00220658652226141,0,0,0,0,0,0,0,0,0,0,0,0,0,0,0,0,0,0,0,0,0,0,0,0,0,0,0,0.000570130127032824,0,0,0,0,0,0.000536048253156257,0,0,0.00310765297281358,0,0.00270912370918361,0,0.0912691280008704,0,0.00310481859563881,0,0,0,0,0,0,0,0,0,0,0,0.000374944385408545,0,0,0,0
0,0,0,0,0,0,0,0,0.00627112512281798,0,0,0,0,0,0.0106826629192167,0,0.0203030821291826,0.000279598446851065,5.09603512606593e-05,0,0,3.2216785989574e-05,0.000872961211417942,0,0.0274677479856467,0,0,0,0.00328986320959347,0,0,0,0,0,0,0,0,0,0,0,0,0,0,0,0,0,0,0,0,0,0,0,0,0,0.000440785535814503,0,0,0,0,0,0.00124621180404101,0,0,0,0,0.000426689853329077,0,0.0640265008148618,0,0.0173123358924231,0,0.000675838117840857,0,0,0,0,0,0,0,0,0,0,0.00110692799167707,6.99146405351941e-07,0,0,0
0,0,0,0,0,0,0,0,0,0,0,0,0,0.0034169956143349,0,0,0,0.000660429891837018,0,0,0,0.00351368310398781,0,0,0,0.00220658652226141,0,0,0,0.0256139574363081,0,0,0,0,0,0,0,0,0,0,0,0,0,0,0,0,0,0,0,0,0,0,0,0,0,0,0,0,0,0.00239975970500113,0,0.00248059651043583,0,0,0.000208399889690934,0,0,0,0.00309325236733679,0,0.0367802876456095,0,0.00971307358742068,0,0,0,0,0,0,0,0.00167035473508982,0,5.07807060358694e-05,0,0,0,0
0,0,0,0,0,0,0,0,0,0,0.00137950896252836,0,0.000389837113306424,0,0,0,0,0,0,0,0,0,0.00055408698887106,0,0,0,0.00328986320959347,0,0,0,0.0255442245225918,0,0,0,0,0,0,0,0.00281244393947024,0,0,0,0,0,0,0,0,0,0,0,0,0,0,0,0,0,0.000320974452753894,0,0,0,0,0,0,0,0,0,0,0,0,0.00043553553870194,0,0.032075474575568,0,0.00727547404006954,0,0,0,0,0,0,0,0.000971227728684287,0.000143239099395373,4.44252695676224e-05,0,0,0
0,0,0,0,0,0,0,0,0,0,0,0.00765217228928519,0,0,0,0,0,0,0,0,0,0,0,0,0,0,0,0.0256139574363081,0,0,0,0,0,0,0,0,0,0.00327136953424982,0,0,0,0,0,0,0,0,0,0,0,0,0,0,0,0,0,0,0,0.000307226085639268,0,0,0,0,0,0,0,0,0,0,0,0,0.000599439881641243,0,0.0376776395638862,0,0,0,0,0,0,0,0,0,0.000300731656012914,0,0,0,0
0,0,0,0,0,0,0,0,0,0,0.00199816193363527,0,0,0,0,0,0,0,0,0,0,0,0,0,0,0,0,0,0.0255442245225918,0,0,0,0,0,0,0,0,0,0.00181258144492252,0,0,0,0,0,0,0,0,0,0,0,0,0,0,0,0,0,0.000785559250612996,0,0,0,0,0,0,0,0,0,0,0,0,0,0,0.000114567972709253,0,0.0419762856837131,0,0,0,0,0,0,0,0.000194086107428197,0.00023794002038962,0,0,0,0
0,0,0,0,0,0,0,0,0,0,0,0,0,0,0,0,0,0,0,0,0,0,0,0,0,0,0,0,0,0,0,0,0.0476453414855507,0,0.000698118284923442,0.00242126024984435,3.46419786735182e-05,0,0,0,0,0,0,0,0,0,0,0.235938172175496,0,0.00017518382479613,0,0,0,0,0,0,0,0,0,0,0,0,0,0,0,0,0,0,0,0,0,0,0,0,0.0575574397524813,0.0313179432853988,0,0.000140785416779756,0.00452845671846938,2.37566669010307e-05,0,0,9.63781398394003e-05,0,0.000743817089188798,0,0
0,0,0,0,0,0,0,0,0,0,0,0,0,0,0,0,0,0,0,0,0,0,0,0,0,0,0,0,0,0,0,0.0476453414855507,0,0.000137021534994196,0,0.000721145557499971,0.00371335501117411,0,0,0,0.000234822805386626,0,0,0,0,0,0,0.123184358294976,0,0,0,0,0,0,0,0,0,0,0,0,0,0,0,0,0,0,0,0,0,0,0,0,0,0,0.0153537785156127,0.0467717917204555,0,0.000227976142938209,1.63820969000541e-05,0.00715214165420864,0,0,0.000202860913259702,0,0,0,0
0,0,0,0,0,0,0,0,0,0,0,0,0,0,0,0,0,0,0,0,0,0,0,0,0,0,0,0,0,0,0,0,0.000137021534994196,0,0.0797986654102106,0.00651988469350365,0,0.00361438494706474,0,0,0,0.000653114113892845,4.79279666319135e-05,0,0,0,0,0.0534789923879144,0,0.000144476067402559,0,0,0,0,0,0,0,0,0,0,0,0,0,0,0,0,0,0,0,0,0,0,0,0,0,0.000390509690380903,0.122248508065784,0.0958374751354672,0.000827189954487443,0,0.00430825891038271,0,0.000475550278919676,0,0.000215928585458133,0,0
0,0,0,0,0,0,0,0,0,0,0,0,0,0,0,0,0,0,0,0,0,0,0,0,0,0,0,0,0,0,0,0.000698118284923442,0,0.0797986654102106,0,0,0.00996069378996094,0,0.00118953734702012,0,0,5.32275736591507e-05,0.000211795776831952,0,0,0,0,0.0239975175423317,0,0,0,0,0,0,0,0,0,0,0,0,0,0,0,0,0,0,0,0,0,0,0,0,0,0,0,0.000505103536409856,0.0279705578081118,0.124692660271789,0,0.00239154931525147,0,0.000130323047317247,0.000582416734684059,0,4.83119165917974e-05,0,0
0,0,0,0,0,0,0,0,0,0,0,0.00369574501087296,0,0,0,0,5.12525152202226e-06,5.79017774017849e-06,0.000842237483843853,0.0146945462342771,0,0,0,0,0,0,0,0,0,0,0,0.00242126024984435,0.000721145557499971,0.00651988469350365,0,0,0.010241961614877,0.0181012688066437,0.000724529705390781,0.000129662565558029,0,0.000945176916146719,4.2822992589473e-06,7.57038604408578e-05,0,0.000132407689550886,0,0.00112342962247336,8.09636887014967e-05,1.36342946151227e-06,0,0,0,0,0,0,0,0.000901272044273401,0,0,0,0,0.00992864089462034,0,0,0,0,0,0,0,0,0,6.29318627439048e-05,0,0.0030248673038257,4.03347505568723e-05,0.00101662576245554,0,0.0902246258449517,0.00106509439123481,0.000821595088865437,0,0.00655760024820987,0.00113314995154348,0.00208683454231477,0.000674780533493381,0
2.53599938956942e-05,0,4.85615292992337e-05,0,0,0,8.05680250199425e-05,0,0,0,0.00295495765864158,0,0,0,0,0,8.13988904654233e-05,1.06581762179571e-05,0.0020415626343905,0,0.00510820255056165,0,0,0,0,0,0,0,0,0,0,3.46419786735182e-05,0.00371335501117411,0,0.00996069378996094,0.010241961614877,0,0.000184954879717422,0.0175382662651876,1.24025916846132e-05,0.000107882918678044,1.42397632191461e-05,0.000853277910091228,0,0.000164570499417726,0,0.000297854319694591,0.000345244529900195,9.09596806933919e-05,0,0,0,0,0,0,0,0.00513895838506014,0,0,0,1.57550766380048e-06,0,0,0.00426044960869882,0,0,0,0,0,0,0,0,0,7.85797476917847e-05,0.000549764831386815,0.00132802010840918,0,0.00107123496077341,0.00151206865302835,0.0904643420609145,1.51570306103532e-05,0.00130422076915029,0.00863837252150474,0.000437978192208741,0.000638033073312476,0,0.000623093273032552
0,0,0,0,0,0,0,0,0,6.90979350242179e-05,0,0.0114784110275603,0,0,0,0,0,0,0,0.00327606738790441,0,0.00781013942281384,0,0.00442589370495797,0,0,0,0,0,0.00327136953424982,0,0,0,0.00361438494706474,0,0.0181012688066437,0.000184954879717422,0,0.00434361863325367,0,0,0,2.81213904499966e-05,0,0,0,0,0.00799324240496501,2.20818573857588e-05,0.00548327429039567,0,0,0,0,0,0,0,0.00105938454206653,0,0,0,0,0.00014634879863843,0,0.000869201947921155,0,0.000581431707012545,0,3.04115255618489e-05,0,0.000172646843413987,0,0.00086914642864514,0,0,0,0.00323521434725905,0,0.00965145908836804,0,0.0784662170422867,7.16160899757374e-05,0.00588914106260981,9.68993175519012e-05,0.00131056238167019,0,0
0,0,0,0,0,0,0,0,0.000358719589300862,0,0.0110899044299372,0,0,0,0,0,0,0,0,0,0.00158358383661117,0,0.00461949663290486,0,0.00472078035429902,0,0,0,0.00281244393947024,0,0.00181258144492252,0,0,0,0.00118953734702012,0.000724529705390781,0.0175382662651876,0.00434361863325367,0,0,0,0,6.45394868987353e-06,0,0,0,0,0.000328290974152256,0.0104268915532388,0,0,0,0,0,0.00165469523479864,0,0.000384498538332917,0,0,0,0,0,0,0.00228921885855048,0,0.00189404802492039,0,0.00209730413821042,0,0,0,0.000149580343615324,0,0.00114551817234401,0,0,0,0.00327146902726876,7.24391660649199e-06,0.00368447955303251,3.67762310359255e-05,0.0943706433870482,0.00597675708140728,0.000370947896009078,0.00197644648122128,0,0
0,0.000211024405422533,0,0,0,0,0,0,0,0,0,0,0,0,0,0,0.000166124604596779,0.000228748151290464,0.011008079140984,0,0,0,0,0,0,0,0,0,0,0,0,0,0,0,0,0.000129662565558029,1.24025916846132e-05,0,0,0,0.000317996205482816,0.0535084110313716,0.000164884990835095,4.02038221682102e-05,0,0.000137072849245058,0,0.0183653620373205,0,0.0312648598268596,0,0,0,0,0,0,0,0.000107528410154811,0,0,0,0,0.00340308775588439,8.78126395795389e-05,0,0,0,0,0,0,0,0,9.8229952565075e-05,0,0,0,7.73009422020337e-05,0,0.00277242229511574,1.05269491749507e-05,0.00020183451255599,2.55927545624505e-05,0.000654281539355792,0,0.0374776183770975,0.038452197047357,0
0.00025754598506198,0.000135194096538987,0.000400292738167278,0,0,0,0,0,6.77296269589486e-05,0,0,0,0,0,0,0,0.000268431934786458,1.72833528135357e-05,0.0109799834449313,0,0,0,0,0,0,0,0,0,0,0,0,0,0.000234822805386626,0,0,0,0.000107882918678044,0,0,0.000317996205482816,0,9.45299523453278e-05,0.0232201244520953,0,0.00218333970288311,0,0.000112659509921722,0.0598722014104806,0.0421622150268119,0.000137495422486261,0,0,0,0,0,0,0.000626285930212647,0,0,0,0,0,0,0.00598270220664194,0,0,0,0,0,0,0,0,0,0.000870900174973407,0,0,0,0,2.11306198593437e-05,0.00247708329261266,0,0.000179890644345639,0.000259464404985233,0,0.021572990814034,3.09740150821959e-05,0.0446939945111038
0,0.00593993833034787,8.81652655218952e-06,0.0157211337037577,0,3.35550228854101e-05,0,0,0,0.00228044825893873,0,0,0,0,0,0,0.000227250424481662,0.000399100366205187,0.0257566277008622,0,0,1.31133062997624e-05,0,0,0,0,0,0,0,0,0,0,0,0.000653114113892845,5.32275736591507e-05,0.000945176916146719,1.42397632191461e-05,0,0,0.0535084110313716,9.45299523453278e-05,0,0.0127215738346722,0.000192295408350509,0,0.000779246135371406,0,0.0424183034410304,0.000184691998649389,0.0345317535243198,0,2.24090650881495e-05,0,0,0,0.00171494564862384,0,0.0247614458594504,0,0,0,0.000449309131083694,0.0216840547754752,5.10310107970643e-05,0,0,0,0,0,0,0,0,0.0496360494862265,2.80176160468863e-05,0,0,0.000213564658355468,9.68174939589575e-05,0.0155089478573764,7.82758043106399e-05,0.000636794453494693,0,0.0040910102374133,8.56406340940963e-07,0.110225621505386,0.0880865364386988,0.000873575542961052
0.00326553232239371,0,0.0162062432842852,0,0,0,0,0,0.00578676827394802,0,4.05500850620549e-05,0,0,0,0,0,0.000125364967719452,0.000142410926380709,0.0296258618003668,0,0,0,1.51938275755083e-05,0,0,0,0,0,0,0,0,0,0,4.79279666319135e-05,0.000211795776831952,4.2822992589473e-06,0.000853277910091228,2.81213904499966e-05,6.45394868987353e-06,0.000164884990835095,0.0232201244520953,0.0127215738346722,0,5.6033364453526e-05,0.00414489978495807,0,0.00191282252317011,0.0450934011889363,0.0200322745962146,9.34638064997287e-05,0,0,0,0,0.000530753192287966,0,0.0373575001969239,7.25517535270361e-06,0.0013492851134484,0,5.77492501179083e-05,0,8.60737348307535e-05,0.0239040491426916,0,0,0,0,0,0,0,0.00117973927275863,1.70711658469946e-05,0.0403265380546739,0,0,0.000421780895655732,0.000128819465963492,2.55121113368939e-05,0.010618356912943,2.43962603407384e-05,0.00128732245843623,0.00553233740331902,0,0.0994670895658729,0.000493551625181652,0.100168650638201
0,0,0,0,0,0,0,0,0,0,0,0,0,0,0,0,3.43451609569057e-06,2.54692416496879e-05,0.00171032748285827,0,0,0,0,0,0,0,0,0,0,0,0,0,0,0,0,7.57038604408578e-05,0,0,0,4.02038221682102e-05,0,0.000192295408350509,5.6033364453526e-05,0,0,0,0,0,0,0,0,0,0,0,0,0,0,0,0,0,0,0,0.000199395561507138,0,0,0,0,0,0,0,0,0,3.47782593225357e-05,0,0,0,0,0,0.000252813992718756,0,0.000100183670355795,0,1.34900485298551e-05,0,0.000890781167494827,0.000320581708176226,0
0,0,0,0,0,0,0,0,0,0,3.59649339435307e-05,0,0,0,0,0,1.96176688673879e-05,4.10247065383666e-05,0.0026563291096979,0,0,0,0,0,0,0,0,0,0,0,0,0,0,0,0,0,0.000164570499417726,0,0,0,0.00218333970288311,0,0.00414489978495807,0,0,0,0.000745727676732548,0,0.000522241885330945,0,0,0,0,0,0,0,0,0,0,0,0,0,0,0.0030858491380688,0,0,0,0,0,0,0,0,0,0.00187473141411554,0,0,0,0,0,0.000688304335473862,0,9.78328640463167e-05,7.74373004913035e-05,0,0.00160654026222713,0,0.00397712822441915
0,0,0,0,0,0,0,0,0,0,0,1.01475275412099e-05,0,0,0,0,1.76631524413815e-05,5.33698536944005e-05,0.000479347944230444,0,0,0,0,0,0,0,0,0,0,0,0,0,0,0,0,0.000132407689550886,0,0,0,0.000137072849245058,0,0.000779246135371406,0,0,0,0,0,0,0,0,0,0,0,0,0,0,0,0.000971541247557966,0,0,0,0,0.0387163927696446,0,0,0,0,0,0,0,0,0,0.0021475960260651,0,0,0,0,0,0.00621543088776313,2.15614967387793e-05,0.00539568139926863,0,9.44167407263384e-06,0,0.00610955166876396,0.000307295096167408,0
0,0,2.08433047323851e-05,0,0,0,0,0,0,0,3.98058681260155e-05,0,0,0,0,0,2.34491834777696e-06,0,0.00139208336329955,0,0.000167231099360357,0,0,0,0,0,0,0,0,0,0,0,0,0,0,0,0.000297854319694591,0,0,0,0.000112659509921722,0,0.00191282252317011,0,0.000745727676732548,0,0,0,0,0,0,0,0,0,0,0,0.000245220618629277,0,7.5326997084792e-05,0,0,0,0,0.00411754989664891,0,0,0,0,0,0,0,0,0,0.000515273670810811,0,0,0,0,8.87651772201863e-07,0.00226570755483903,0,0.00342776926193112,3.12606277383873e-05,0,0.00306892819476174,0,4.72634950540493e-05
0,0,0,0,0,0,0,0,0,0,0,0,0,0,0,0,0,0,3.46839911956613e-06,0,0,0,0,0,0,0,0,0,0,0,0,0.235938172175496,0.123184358294976,0.0534789923879144,0.0239975175423317,0.00112342962247336,0.000345244529900195,0.00799324240496501,0.000328290974152256,0.0183653620373205,0.0598722014104806,0.0424183034410304,0.0450934011889363,0,0,0,0,0,0.0588864661374703,0.0543480301049794,0,0,0,0,0,0,0,0,0,0,0,0,2.31539813408128e-05,0,0,0,0,0,0,0,0,0,0,0,0.0392180304651219,0.0304386882895341,0.0285321963451167,0.0202799044120703,0.00882849908490493,0.00325505002073544,0.000539030250575654,1.30834486416158e-05,0.00405892843656569,0,0.0444716812096274,1.98369115656932e-05,0
0.0167900049817463,0,0.0040824596758091,0,0,0,0,0,0.00453504559522273,0,0,0,0,0,0,0,0,0,0.000744193471841975,0,0,0,0.00646293051932498,0,0.0142802989898211,0,0,0,0,0,0,0,0,0,0,8.09636887014967e-05,9.09596806933919e-05,2.20818573857588e-05,0.0104268915532388,0,0.0421622150268119,0.000184691998649389,0.0200322745962146,0,0.000522241885330945,0,0,0.0588864661374703,0,0.00153036421298982,0,0,0,0,0.00654034999767512,0,0.000700756209000033,0,1.63110357606009e-05,0,0.00730221502010187,0,0,0.000225995452380904,0,0.00675000279549966,0,0.00639074154823981,0,0.00979202599583705,0,0.011316550377967,0,0.000789174317862977,0,0,0,0.000788363762370656,1.07702937412647e-05,0.00416171144701008,0,0.0133079661431026,0.00077551024242673,0,0.0293284572158436,0,0.000176561618799464
0,0.0129573710053296,0,0.00157524042378648,0,0,0,0,0,0.00161488143514693,0,0,0,0,0,0.000193929854471161,0,4.33652700517076e-05,0.000366777689677489,0,0,0.00353549528926713,0,0.00490648017496125,0,0,0,0,0,0,0,0.00017518382479613,0,0.000144476067402559,0,1.36342946151227e-06,0,0.00548327429039567,0,0.0312648598268596,0.000137495422486261,0.0345317535243198,9.34638064997287e-05,0,0,0,0,0.0543480301049794,0.00153036421298982,0,0,0,0,0,0,0.00783043258715164,0,0.00176442626800533,0,0.000109689701922446,0,0.00309707228806895,0.000420253663130866,0,0.0026132445073253,0,0.0111461047951888,0,0.0086582316210755,0,0.00741341816732908,0,0.00445626549718044,0,0,0,0.000273980632886381,0,0.00197306680407327,0,0.00549617622447387,0,0.000882451329820136,0,0.025925342523731,0.000776247773555897,0
0,0,0.012357231022773,0,0.073786349502257,0,0.000251176549842233,0,0.000170208853668617,0,0,0,0.000258166180677952,0,0.000463884446570069,0,0,0,0,0,0.00801548559102106,0,0,0,0,0,0,0,0,0,0,0,0,0,0,0,0,0,0,0,0,0,0,0,0,0,0,0,0,0,0,0,0.0189295086614749,0,0.00668145802938322,0,0.0067805024836856,0,0.00252593925017517,0,0.00591181930163903,0,0,0.00762731994448173,0,0,0,0,0,0,0,0,0,0,0,0,0,0,0,6.81900725568804e-06,0,0,0.000305819766694513,0,0.0139462887968873,0,0
0,0,0,0.0454623349461319,0,0.0201842576868146,0,0,0,0.00140214466923538,0,0,0,0,0,0,0,0,0,0,0,0,0,0,0,0,0,0,0,0,0,0,0,0,0,0,0,0,0,0,0,2.24090650881495e-05,0,0,0,0,0,0,0,0,0,0,0,0.0308037057324101,0,0.0116591586681001,0,0.00436071261878338,0,0.000962877704465855,0,0,0.00045541779414573,0,0,0,0,0,0,0,0,0,0,0,0,0,0,0,0,0,0,0,2.95506271242967e-05,0,0.00472689926225998,0,0
0,0,0,0,0.015742984832669,0,0.125258614969383,0,0,0,0,0,0,0,0,0,0,0,0,0,0,0,0,0,0,0,0,0,0,0,0,0,0,0,0,0,0,0,0,0,0,0,0,0,0,0,0,0,0,0,0.0189295086614749,0,0,0,0,0,0.0387206835002964,0,0.00619942404919654,0,0,0,0,0,0,0,0,0,0,0,0,0,0,0,0,0,0,0,0,0,0,0,0.000985238360911351,0,0,0,0
0,0,0,0,0,0,0,0.0145792773478152,0,0,0,4.07358599897123e-05,0,0,0,0,0,0,0,0.000166820702925257,0,0,0,0,0,0,0,0,0,0,0,0,0,0,0,0,0,0,0,0,0,0,0,0,0,0,0,0,0,0,0,0.0308037057324101,0,0,0,0,0,0.0310535991556295,0,0.000198301228618296,0,0,0.00199024185121772,0,0,0,0,0,0,0,0,0,0,0,0,0,0,0,0,0,0,0,0,0,0,0,0
0.0286300673201462,0,0.00446981317295622,0,0.0107097565038163,0,0,0,0.0830424799757804,0,0,0,0,0,0.0172431943363931,0,3.62045231641801e-05,0,0,0,0.000120514910882429,0,0,0,0,0,0.000440785535814503,0,0,0,0,0,0,0,0,0,0,0,0.00165469523479864,0,0,0,0.000530753192287966,0,0,0,0,0,0.00654034999767512,0,0.00668145802938322,0,0,0,0,0,0.00193363933386198,0,0,0,0.0122405017388436,0,0,0,0,0,0,0.00557475415672095,0,0.000454825878283917,0,0,0,0.000101663361913281,0,0,0,0,0,0,0,0.00231754750597663,9.26794471189712e-05,0,0.00368559858839322,0,0
0,0.0772168421678579,0,0.0513616361811026,0,0.000816099669110974,0,0,0,0.13730948242086,0,0,0,0,0,0.0476451478110283,0,0.000957646477601753,4.13698362704143e-05,0,0,0,0,0.00085129127665389,0,0.000570130127032824,0,0,0,0,0,0,0,0,0,0,0,0,0,0,0,0.00171494564862384,0,0,0,0,0,0,0,0.00783043258715164,0,0.0116591586681001,0,0,0,0,0,0.000323521828213168,0,0,0,0.0451478508102012,0,0,0,0,0.00382244819684533,0,0.000662374349008807,0,0,0,0.00011093990488908,0,0,0,0,0,0,0,0,0,5.96322515291278e-05,0,0.00671262877857273,0,0
5.72185071015757e-05,0,0.0074142145911952,0,0.000198360577045795,0,0.00364356386926551,0,0.000218447438499651,0,0.0855444115031151,0,0.00724559460100842,0,0,0,1.11849896337763e-05,2.64179397311055e-05,0.00192671861311016,0,0.00242194875741817,0,0,0,0,0,0,0,0.000320974452753894,0,0.000785559250612996,0,0,0,0,0,0.00513895838506014,0,0.000384498538332917,0,0.000626285930212647,0,0.0373575001969239,0,0,0,0.000245220618629277,0,0.000700756209000033,0,0.0067805024836856,0,0.0387206835002964,0,0.00193363933386198,0,0,0,0.0225618663947093,0,0.0037188490518883,0,3.11996371379838e-05,0.0516096015628946,0,0,0,0,0,0,0,0.00616946630331894,0,0.0391375627220654,0,0,0,0,3.01633739523678e-06,0.00221386374947925,0,0.000402363344892707,0.00121973337201683,0,0.0183867834817785,0,0.00581849237820427
0,1.03773754291537e-05,0,0.00671852288085567,0,0,0,0.00114272669937407,0,0,0,0.0856659206942404,0,0.0128023556297254,0,0,8.1874200068643e-06,6.75027413640357e-06,0.00213769148957972,0.000651213421864682,0,0,0,0,0,0,0,0,0,0.000307226085639268,0,0,0,0,0,0.000901272044273401,0,0.00105938454206653,0,0.000107528410154811,0,0.0247614458594504,7.25517535270361e-06,0,0,0.000971541247557966,0,0,0,0.00176442626800533,0,0.00436071261878338,0,0.0310535991556295,0,0.000323521828213168,0,0,0,0.00908341927395382,0,0.000511767917411385,0.0316618402466569,0,0,0,0,0,0,0,9.15364875948327e-05,0,0.0145519670100705,0,0,0,0,0,0.000409237169771389,9.10564580861882e-07,0.000678455557001508,0,0.000647491345281351,1.02400402190712e-06,0.0130320294671343,0.004768807132609,0
0,0,2.89081378040479e-05,0,0.0111888266907406,0,0.00378953484652427,0,4.25325479023186e-05,0,0.00707556373837669,0,0.0137739372002685,0,0.00350628898708318,0,0,0,1.29276792967701e-05,0,0,0,0,0,0,0,0,0,0,0,0,0,0,0,0,0,0,0,0,0,0,0,0.0013492851134484,0,0,0,7.5326997084792e-05,0,1.63110357606009e-05,0,0.00252593925017517,0,0.00619942404919654,0,0,0,0.0225618663947093,0,0,0,0.0173843263121843,0,0,0.00151526833510042,0,0,0,0,0,0,0,5.38378071218227e-05,0,0.000343407470771502,0,0,0,0,0,2.63245575196615e-05,0,5.19025410262456e-05,0.00222993186117224,0.000654756827336142,0.00152471249698482,0,0
0,1.16442422973633e-05,0,0.0014629938718693,0,0,0,0.00628609602169132,0,0,0,0.00666066546366914,0,0.0226045577455336,0,0,0,0,0,0,0,0,0,0,0,0,0,0.00239975970500113,0,0,0,0,0,0,0,0,0,0,0,0,0,0,0,0,0,0,0,0,0,0.000109689701922446,0,0.000962877704465855,0,0.000198301228618296,0,0,0,0.00908341927395382,0,0,0,1.87983015598192e-05,0,0,0,0,0,0,0,0,0,0,0.00129222191843026,0,0,0,0,0,0,0,0,0,4.19943012142914e-05,0,0.000101958350233446,0,0
0.010835098797269,0,0.0026664844357134,0,0.00412098264773434,0,0,0,0.0191460096478016,0,0,0,0.00572837031838647,0,0.113798753808298,0,0.00365746520255434,0.000159707987578865,6.60559105151828e-05,0,0,7.2208114188523e-06,8.8695850837667e-05,0,0.000224531380852547,0,0.00124621180404101,0,0,0,0,0,0,0,0,0,1.57550766380048e-06,0,0,0,0,0,5.77492501179083e-05,0,0,0,0,0,0.00730221502010187,0,0.00591181930163903,0,0,0,0.0122405017388436,0,0.0037188490518883,0,0.0173843263121843,0,0,0,0,0.000227912816627038,0,0,0,0.0015479735187915,0,0.00156774838844537,0,0,0,0.000253797364339466,0,0,0,0,0,1.32495106767175e-06,0,1.10778798368403e-05,0.000329255245959541,4.85824831260301e-05,0.000155933548156725,0,0
0,0.0204012371920262,0,0.0513793984611536,0,0,0,0,0,0.00379658826727827,0,0,0,0.0130784598674484,0,0.0243046795407616,0,0.000472394372268088,0,0,0,0,0,0.000131638343796081,0,0.000536048253156257,0,0.00248059651043583,0,0,0,0,0,0,0,0,0,0,0,0,0,0.000449309131083694,0,0,0,0,0,0,0,0.00309707228806895,0,0,0,0,0,0.0451478508102012,0,0.000511767917411385,0,1.87983015598192e-05,0,0,0,0,0,0,0.00257696726257258,0,0,0,0,0,0.000255958071122156,0,0,0,0,0,0,0,0,0,1.66398176733243e-05,0,0.000415828265314246,5.06077238874043e-05,0
0,0,0,0.000444357679951494,0,0,0,0.00015945884258012,0,0,0,0.0236587771498744,0,0,0,0,8.68031250129409e-05,0.000182875170653428,0.00522941880506143,0.0751203856913526,0,0,2.57781007186869e-06,0,0,0,0,0,0,0,0,0,0,0,0,0.00992864089462034,0,0.00014634879863843,0,0.00340308775588439,0,0.0216840547754752,8.60737348307535e-05,0.000199395561507138,0,0.0387163927696446,0,2.31539813408128e-05,0,0.000420253663130866,0,0.00045541779414573,0,0.00199024185121772,0,0,3.11996371379838e-05,0.0316618402466569,0,0,0,0,0,0,0,0,0,0,0,0,0,0,0.0218107364317961,0,0,0,0,0,0.0183591665051326,1.19408300136757e-05,0.00988648083420641,0,0.00101960514815579,1.84084543089003e-06,0.0295802837185553,0.00173759338611146,2.0756497738178e-05
0,0,0.00148687136643948,0,0,0,0,0,0,0,0.00502565504713394,0,0,0,0,0,0.000137160270686058,0.000142971893553185,0.0133634765493153,0,0.0223677220587105,0,0,0,0,0,0,0,0,0,0,0,0,0,0,0,0.00426044960869882,0,0.00228921885855048,8.78126395795389e-05,0.00598270220664194,5.10310107970643e-05,0.0239040491426916,0,0.0030858491380688,0,0.00411754989664891,0,0.000225995452380904,0,0.00762731994448173,0,0,0,0,0,0.0516096015628946,0,0.00151526833510042,0,0.000227912816627038,0,0,0,0,0,0,0,0,0,0,1.91427093787534e-05,5.70870619161705e-05,0.0217717224164342,0,0,0,0,6.52639536416807e-05,0.0188669599341826,0,0.00854201206624151,0.000338562625480297,4.96192757466765e-06,0.0314024480440102,0,0.00229342862198298
0,0,0,0,0,0,0,0,0,0,0,0,0,0,0,0,1.52707170274274e-05,0.00102109514717081,4.67139665028058e-06,0,0,0.0759376307315922,0,0.00491563227318892,0,0.00310765297281358,0,0.000208399889690934,0,0,0,0,0,0,0,0,0,0.000869201947921155,0,0,0,0,0,0,0,0,0,0,0,0.0026132445073253,0,0,0,0,0,0,0,0,0,0,0,0,0,0,0,0,0.00214120293077117,0,0.00204666152810701,0,0.00452680107226847,0,0,0,0,0,0,0,0,0,0.00248987896703203,0,0.000428108082839165,2.46411342542829e-06,0,0,0
0,0,0,0,0,0,0,0,0,0,0,0,0,0,0,0,0,0,0,0,0,6.05167947823691e-06,0.0728745230885442,0,0.000677586694035044,0,0.000426689853329077,0,0,0,0,0,0,0,0,0,0,0,0.00189404802492039,0,0,0,0,0,0,0,0,0,0.00675000279549966,0,0,0,0,0,0,0,0,0,0,0,0,0,0,0,0,0,0,0.00194277123846128,0,0.000961487807787993,0,0.000601805471429087,0,0,0,0,0,0,0,0,0,0.0020590373728177,0.00051867427166954,4.34559022114739e-05,4.06684481733983e-06,0,0
0,0.00242030861958197,0,0,0,0,0,0,0,0.00162410784398478,0,0,0,0,0,0,4.49430475211865e-05,0.00117075697925311,2.12318361921711e-05,0,0,5.41429804181772e-05,0,0.0946754511477943,0.00024743159498105,0.00270912370918361,0,0,0,0,0,0,0,0,0,0,0,0.000581431707012545,0,0,0,0,0,0,0,0,0,0,0,0.0111461047951888,0,0,0,0,0,0.00382244819684533,0,0,0,0,0,0.00257696726257258,0,0,0.00214120293077117,0,0,0,0.00364673393375697,0,0,0,0,0,0,0,0,0,0,0,0.00906955873496645,0,0.000442215561783443,1.07351272262172e-06,0.00615951568356381,0,0
0,0,0,0,0,0,0,0,0.00313557918764328,0,0,0,0,0,0,0,0,0,0,0,0,0,0.00237200910155452,0,0.0838585036886052,0,0.0640265008148618,0,0,0,0,0,0,0,0,0,0,0,0.00209730413821042,0,0,0,0,0,0,0,0,0,0.00639074154823981,0,0,0,0,0,0.00557475415672095,0,0,0,0,0,0.0015479735187915,0,0,0,0,0.00194277123846128,0,0,0,0.0895829949980215,0,0,0,0,0,0,0,0,0,0,0,0.00169828133388154,4.23038682129118e-06,0,0.00278679604427443,0,0
0,0.000399795584446966,0,0,0,0,0,0,0,7.36544691667396e-05,0,0,0,0.00190452963684371,0,0.000137428709422238,0,0.00201017434259379,0,0,0,0.00184230815487705,0,0,0,0.0912691280008704,0,0.00309325236733679,0,0,0,0,0,0,0,0,0,3.04115255618489e-05,0,0,0,0,0,0,0,0,0,0,0,0.0086582316210755,0,0,0,0,0,0.000662374349008807,0,0,0,0,0,0,0,0,0.00204666152810701,0,0.00364673393375697,0,0,0,0.00109689820009378,0,0,0,0,0,0,0,0,0,0,0,0.000125389405380262,0,4.25446247147773e-05,0,0
5.97792734364864e-05,0,0,0,0,0,0,0,0.000653039685031139,0,0,0,0,0,0.000186074898077602,0,0.00244832678382624,0.000130013304053239,6.27850991144718e-06,0,0,0,0.000617486594324364,0,0.000316183998582586,0,0.0173123358924231,0,0.00043553553870194,0,0,0,0,0,0,0,0,0,0,0,0,0,0,0,0,0,0,0,0.00979202599583705,0,0,0,0,0,0.000454825878283917,0,0,0,0,0,0.00156774838844537,0,0,0,0,0.000961487807787993,0,0.0895829949980215,0,0,0,0.000208085612131384,0,0,0,0,0,0,0,0,0,0,0.000162761564089709,0,0,0,0
0,0,0,0,0,0,0,0,0,0,0,0,0,0,0,0,0,0,0,0,0,0.00154454918803652,0,0,0,0.00310481859563881,0,0.0367802876456095,0,0.000599439881641243,0,0,0,0,0,0,0,0.000172646843413987,0,0,0,0,0,0,0,0,0,0,0,0.00741341816732908,0,0,0,0,0,0,0,9.15364875948327e-05,0,0,0,0,0,0,0.00452680107226847,0,0,0,0.00109689820009378,0,0,0,0.0092974391748422,0,0,0,0,0,0,0,0.00598523688607551,0,0.000151126789316168,0,6.91483730733654e-06,0,0
0,0,8.44557071025601e-05,0,0,0,0,0,0,0,0,0,0.00178281028912,0,0,0,0,0,1.95909506011299e-05,0,0,0,0,0,0,0,0.000675838117840857,0,0.032075474575568,0,0.000114567972709253,0,0,0,0,0,0,0,0.000149580343615324,0,0,0,0.00117973927275863,0,0,0,0,0,0.011316550377967,0,0,0,0,0,0,0,0.00616946630331894,0,5.38378071218227e-05,0,0,0,0,1.91427093787534e-05,0,0.000601805471429087,0,0,0,0.000208085612131384,0,0,0,0.00165640662163271,0,0,0,0,0,0,0,0.00163653914944342,0.000968012665599223,6.00266990001915e-05,0.000763769368653044,0,1.32904443183413e-05
0,0.000621245662419533,0,0.00731813620534637,0,0,0,0,0,0,0,0.00309196250381353,0,0,0,0,0,4.33665781759357e-05,0.00482026998410242,0,0,0,0,0,0,0,0,0.00971307358742068,0,0.0376776395638862,0,0,0,0,0,6.29318627439048e-05,0,0.00086914642864514,0,9.8229952565075e-05,0,0.0496360494862265,1.70711658469946e-05,3.47782593225357e-05,0,0.0021475960260651,0,0,0,0.00445626549718044,0,0,0,0,0,0.00011093990488908,0,0.0145519670100705,0,0.00129222191843026,0,0.000255958071122156,0.0218107364317961,5.70870619161705e-05,0,0,0,0,0,0,0.0092974391748422,0,0,0,0,0,0,0,0.000553938067016636,0,0.00223055355282963,0,0.000640680451737491,9.26952909995127e-07,0.00731704962728536,0.0271394959046423,0
