0,0,58.3390593528748,0,0,0,0,0,279.722842097282,0,0,0,0,0,0,0,0,0,0,0,0,0,0,0,0,0,0,0,0,0,0,0,0,0,0,0,0,0,1.032122194767,0,0,0,4.50807183980942,0,0,0,0,0,2.95862931013107,0,0,0,0,0,188.852156430483,0,0,0,0,0,0,0,0,0,0,0,0,0,0,0,0,0,0,0,0,0,0,0,0,0.208577916026115,0,0.234615325927734,39.3191481083632,0,50.5236294269562,0,0
0,0,0,93.7854709923267,0,0,0,0,0,211.384527862072,0,0,0,0,0,9.71741932630539,0.239550247788429,0.239493921399117,5.32834570109844,0,0,0,0,9.40857464075089,0,9.08470022678375,0,0,0,0,0,0,0,0,0,0,0,0,0,0,0,6.98895138502121,0,0,0,0,0,0,0,342.582453519106,0,0,0,0,0,163.755810260773,0,0.170296087861061,0,0,0,11.9718012809753,0,0,0,0,0,0,0,0,0,0,0,0,0,0,0,0,0.230504274368286,0,0,0,26.2806043922901,0,14.7170694768429,0,0
58.3390593528748,0,0,0,1.03596246242523,0,0,0,4,0,0,0,0,0,20.4643817543983,0,0,0,1.06984519958496,0,0,0,0,0,0,0,0,0,0,0,0,0,0,0,0,0,0,0,0,0,0,0,166.006586909294,0,0,0,2.47352907061577,8.03741629421711,0.193998456001282,0,39.2097632288933,0,0,0,13.4729614257812,0,30.5220469683409,0,23.0359718799591,0,65.4736615121365,0,0,6.86327697336674,0,0,0,0,0,0,0,0,0,7.34562261402607,0,0,0,0,0,0,0,0,57.7327282875776,0,333.946261495352,0,0.99365958571434
0,93.7854709923267,0,0,0,0.448357880115509,0,0,0,71.0432349443436,0,0.199302852153778,0,0,0,0,0,0,0.262921631336212,0,0,0,0,0,0,0,0,0,0,0,0,0,0,0,0,0,0,0.237491175532341,0,3.10171109437943,0,71.1803412586451,0,0,0,0.467229396104813,0,4.8437727689743,0,20.7633531242609,0,48.0277028530836,0,0,0,0.65829211473465,0,31.1334222257137,0,23.4259066879749,0,0.372447639703751,1.49962711334229,0,0,0,0,0,0,0,0,0,24.5061073750257,0,0,0,0,0,5.68046018481255,0,3.93278542160988,0,6.74610178172588,0,167.074827209115,0.443116411566734,0
0,0,1.03596246242523,0,0,0,76.5449839830399,0,0,0,0,0,0,0,0,0,0,0,0,0,22.6402876973152,0,0,0,0,0,0,0,0,0,0,0,0,0,0,0,0,0,0,0,2.23433363437653,0,3.28310051560402,0,0,0,0,0,4.41821259260178,0,55.2073736190796,0,0,0,0,0,14.3366893827915,0,0,0,0,0,0,36.9680167138577,0,0,0,0,0,0,0,0,0,2.43878602981567,0,0,0,2.17604205012321,0,1.10043919086456,0,0,659.459995537996,0,227.741929024458,0,1.66180694103241
0,0,0,0.448357880115509,0,0,0,3,0,0,0,0,0,0,0,0,0,0,0,10.2144623100758,0,0,0,0,0,0,0,0,0,0,0,0,0,0,0,16.0075818002224,0,0,0,7.74496342241764,0,3.4675440788269,0,0,0,4.90467524528503,0,0,0,0.522811472415924,0,308.131110340357,0,0,0,0,0,2.67748609185219,0,0,0,0,65.9777190089226,0,0,0,0,0,0,0,0,0,0,0,0,0,0,0,34.2176987379789,0,0,0,1379.9949977994,35.4039403796196,57.7314841151237,0,0
0,0,0,0,76.5449839830399,0,0,0,0,0,119.14475607872,0,0,0,0,0,0,0,0,0,10.8832211494446,0,0,0,0,0,0,0,0,0,0,0,0,0,0,0,0,0,0,0,0,0,0,0,0,0,0,0,0,0,4.44634544849396,0,0,0,0,0,0,0,3.28661608695984,0,0,0,0,0,0,0,0,0,0,0,0,0,0,0,0,0,0,0,0,0,0,0,84.6611371040344,0,0,0,0
0,0,0,0,0,3,0,0,0,0,0,90.2760501503944,0,0,0,0,0,0,0,0,0,0,0,0,0,0,0,0,0,0,0,0,0,0,0,0,0,0,0,0,0,0,0,0,0,0,0,0,0,0,0,2.07861590385437,0,121.335697293282,0,0,0,141.638222634792,0,0,0,0,21.317255795002,0,0,0,0,0,0,0,0,0,0,0,0,0,0,0,0,0,0,0,63.9049323797226,0,0,0,0
279.722842097282,0,4,0,0,0,0,0,0,0,0,0,0,0,13.8821957707405,0,21.2646571099758,16.2632265686989,1.17725138366222,0,0,0,0,0,13.9220581203699,0,8.21062305569649,0,0,0,0,0,0,0,0,0,0,0,159.763126313686,0,0,0,19.7733248770237,0,0,0,0,0,39.608487457037,0,0,0,0,0,699.706398546696,0,0,0,0,0,10.3379239141941,0,0,0,0,0,0,0,0,0,0,0,0,0,0,0,0,0,0,0,0,56.6927978545427,430.836419716477,0,65.5461480021477,0,0
0,211.384527862072,0,71.0432349443436,0,0,0,0,0,0,0,0,0,0,0,0,0,0,0,0,0,0,0,8.71439200639725,0,0,0,0,0,0,0,0,0,0,0,0,0,7.73050148785114,0,0,0,78.6036072224379,0,0,0,0,0,0,0,70.9766460806131,0,0,0,0,0,1201.41739445925,0,0,0,0,0,6.92494961619377,0,0,0,0,0,0,0,0,0,0,0,0,0,0,0,0,0,0,82.2422064840794,0,852.127238452435,12.8201866447926,320.716344699264,0.445627063512802,0
0,0,0,0,0,0,119.14475607872,0,0,0,0,0,44.9479478001595,0,0,0,0,0,0,0,1175.7696364522,0,0,0,0,0,0,0,0,0,3.35224661231041,0,0,0,0,0,161.791370391846,0,684.228940322995,0,0,0,0,0,0,0,1.84634740650654,0,0.431649774312973,0,0,0,6.31930732727051,0,0,0,1189.89626933634,0,0,0,0,0,0,218.809401191771,0,0,0,0,0,0,0,0,0,11.2363102734089,0,0,0,0,0,171.249340623617,0,584.545779615641,281.048514962196,0,3.28973370790482,0,0
0,0,0,0.199302852153778,0,0,0,90.2760501503944,0,0,0,0,0,136.548325538635,0,0,0,0.201383844017982,0.224269449710846,994.260871306062,0,0,0,0,0,0,0,0,0,72.2283278554678,0,0,0,0,0,234.657369345427,0,1249.89663626254,0,0,0,0,0,0,0,14.0590191110969,0,0,0,0,0,0,0,1.6976443529129,0,0,0,1207.4679095149,0,0,0,0,182.458477303386,0,0,0,0,0,0,0,0,0,28.6599545627832,0,0,0,0,0,183.877633057535,0,682.790570534766,0,179.128646850586,0,4.93195840716362,0,0
0,0,0,0,0,0,0,0,0,0,44.9479478001595,0,0,0,0,0,0,0,0,0,0,0,0,0,0,0,0,0,0,0,0,0,0,0,0,0,0,0,0,0,0,0,0,0,0,0,0,0,0,0,0,0,0,0,0,0,22.6150320321321,0,202.073795318604,0,0,0,0,0,0,0,0,0,0,0,0,0,0,0,0,0,0,0,0,0,0,0,124.386015057564,0,0,0,0
0,0,0,0,0,0,0,0,0,0,0,136.548325538635,0,0,0,0,0,2.19638752937317,0,0,0,0,0,0,0,0,0,0,0,0,0,0,0,0,0,0,0,0,0,0,0,0,0,0,0,0,0,0,0,0,0,0,0,0,0,0,0,236.840025424957,0,36.8768594264984,0,2,0,0,0,0,0,0,0,0,11.9917809963226,0,0,0,0,0,0,0,0,0,0,0,94.1663170456886,0,0,0,0
0,0,20.4643817543983,0,0,0,0,0,13.8821957707405,0,0,0,0,0,0,0,281.724238865077,89.77308113873,10.6732545942068,0,0,0,5.33719970285892,0,41.2034496366978,0,109.506748169661,0,0,0,0,0,0,0,0,0,0,0,0,0,0.135554805397987,0,0.200877413153648,0,0,0,0.627121686935425,0,0,0,0,0,0,0,0,0,0.60513824224472,0,0,0,175.625433251262,0,0,0,0,0,0,1.82421457767487,0,9.29763072729111,0,0,0,0.183624878525734,0,0,0,0,0.214917585253716,0.516732066869736,0,0.648841872811317,235.799274228513,0,0.343518301844597,0,0
0,9.71741932630539,0,0,0,0,0,0,0,0,0,0,0,0,0,0,0,106.498438388109,1.06253147125244,0,0,0,0,0,0,25.0269383788109,0,0,0,0,0,0,0,0,0,0,0,0,0,0,0,0,0,0,0,0,0,0,0,0,0,0,0,0,0,157.35366910696,0,0,0,0,0,88.4964541196823,0,0,0,0,0,0,3.39210140705109,0,0,0,0,0,0,0,0,0,0,0,0,0,96.4449245929718,0,0,0,0
0,0.239550247788429,0,0,0,0,0,0,21.2646571099758,0,0,0,0,0,281.724238865077,0,0,12324.5700874403,2980.55646407604,0,0,0,456.435546532273,0,393.066877409816,6.60441935062408,1204.26921755075,0,0,0,0,0,0,0,0,0.313783541321754,0.76242658495903,0,0,49.6598355397582,45.1166796535254,85.7459156960249,38.172883912921,0.406899362802505,0,0,3.35473584383726,2.1023778617382,0,1.48283123970032,0,0,0,0,0,0,8.37184548377991,2.80742119252682,0,0,203.289856672287,1.49206081032753,15.4979986399412,0.647166967391968,0,11.9563647508621,0,1.86206457018852,20.7895614802837,226.545284226537,0,0,3.28281301259995,3.17437688261271,0,0,0,0,164.955207891762,168.941890530288,55.1613693609834,40.8505184426904,6699.0772844106,185.1525516361,132.510787241161,17.6684051007032,10.8149906173348
0,0.239493921399117,0,0,0,0,0,0,16.2632265686989,0,0,0.201383844017982,0,2.19638752937317,89.77308113873,106.498438388109,12324.5700874403,0,4157.40765962005,0,0,99.7574674785137,7.1879691183567,0,80.5883541107178,648.082481816411,66.7113843560219,8.29837194085121,0,0,0,0,0,0,0,0.280557945370674,1.22016251832247,0,0,59.0822054669261,61.8576891347766,86.4180870875716,41.9822894781828,2.24524787068367,0,2.13844013214111,7.62999662011862,0,0,2.82501864433289,0,0,0,0,0,0,3.58186921477318,2.55492222309113,0,0,63.3936819881201,148.569807738066,8.8635663241148,0.577876694500446,0,0,0,0,1237.64402784407,26.6012138426304,126.808031201363,0,3.7273006439209,5.80109512805939,0,0,0,0,138.040073916316,152.771506585181,43.4242134466767,38.2946848124266,10963.6864768416,363.088390856981,126.054287023842,24.7568653821945,17.2094027251005
0,5.32834570109844,1.06984519958496,0.262921631336212,0,0,0,0,1.17725138366222,0,0,0.224269449710846,0,0,10.6732545942068,1.06253147125244,2980.55646407604,4157.40765962005,0,0,0,0,0,0,12.9437825828791,10.8391311168671,16.474610388279,0,0,0,0,0,0,0,0,7.88920158147812,4.33381835371256,0.76799339056015,0,436.250140324235,590.413104005158,738.126064710319,533.957585431635,36.4121410399675,0,18.9017684012651,66.9181300327182,2.5691948980093,0,10.2369515746832,0,0,0,0,0,0,29.7218220829964,66.1678169071674,0,0,23.9142804592848,0,69.4246136918664,24.0048272535205,0,0,0,0,47.2349053025246,40.1199438422918,0,0,110.415943019092,71.4643408954144,0,0,0,0,1348.55456061661,1590.49565509707,653.370653420687,360.149358041584,3265.44049090892,19.1467395275831,1516.26688104868,199.043935410678,231.754824757576
0,0,0,0,0,10.2144623100758,0,0,0,0,0,994.260871306062,0,0,0,0,0,0,0,0,0,0,0,0,0,0,0,0,0,0,0,0,0,0,0,851.771447122097,0,7.12964165210724,0,0.246831625699997,0,0,0,0,0,26.9491662085056,0,0,0,1.67079925537109,0,2.4664454460144,0,0,0,0,0,129.849021062255,0,0,0,0,963.051667608321,0,0,0,0,0,0,0,0,0,57.2798552513123,0,0,0,0,0,1289.36547908932,0,18.1315871477127,0,8.06825265288353,0,146.944451391697,0,0
0,0,0,0,22.6402876973152,0,10.8832211494446,0,0,0,1175.7696364522,0,0,0,0,0,0,0,0,0,0,0,0,0,0,0,0,0,0,0,0,0,0,0,0,0,807.943152666092,0,171.794539391994,0,0,0,0,0,0,0,5.12910935282707,0,0,0,3.5204855799675,0,0,0,0,0,109.873309105635,0,0,0,0,0,0,633.214924246073,0,0,0,0,0,0,0,0,0,2.38491821289062,0,0,0,0,0,1004.27764996141,0,220.556452363729,347.082284152508,0,11.4936753362417,0,0
0,0,0,0,0,0,0,0,0,0,0,0,0,0,0,0,0,99.7574674785137,0,0,0,0,1383.39783275127,210.808881759644,0,252.296519249678,0,50.6214827001095,0,0,0,0,0,0,0,0,0,2130.71341583133,289.093290925026,0,0,0,0,0,0,0,0,0,0,44.8893717825413,0,0,0,0,0,0,0,0,0,0,0,0,0,0,5523.77554789186,53.0080569386482,22.4269534945488,0,363.429358541965,0,34.5296668410301,0,0,0,0,0,0,0,0,0,1040.46151180565,0,1229.40716174245,229.153084933758,0,0,0
0,0,0,0,0,0,0,0,0,0,0,0,0,0,5.33719970285892,0,456.435546532273,7.1879691183567,0,0,0,1383.39783275127,0,0,111.444261521101,0,492.335584551096,0,1,0,0,0,0,0,0,0,0,20.8524422049522,909.152613192797,0,0,0,0,0,0,0,0,0,254.750473111868,0,0,0,0,0,0,0,0,0,0,0,0,0,0,0,243.247227624059,4984.71572335064,0,37.8765543699265,0,82.191567748785,0,24.750214099884,0,0,0,0,0,0,0.149413451552391,0,7.34725826978683,710.575739875436,753.562861286104,177.494205743074,0,0,0
0,9.40857464075089,0,0,0,0,0,0,0,8.71439200639725,0,0,0,0,0,0,0,0,0,0,0,210.808881759644,0,0,0,84.2870234251022,0,0,0,0,0,0,0,0,0,0,0,130.41696023941,0,0,0,0,0,0,0,0,0,0,0,36.6813213229179,0,0,0,0,0,46.6185289174318,0,0,0,0,0,0,0,0,15.191658616066,0,254.19970369339,0,5.00818571448326,0,0,0,0,0,0,0,0,0,0,0,83.7040952593088,0,125.830196931958,0,32.4927151203156,0,0
0,0,0,0,0,0,0,0,13.9220581203699,0,0,0,0,0,41.2034496366978,0,393.066877409816,80.5883541107178,12.9437825828791,0,0,0,111.444261521101,0,0,0,105.764265328646,0,0,0,0,0,0,0,0,0,0,0,98.1549794375896,0.184019789099693,0,0,0,0,0,0,0,0,178.850725308061,0,0,0,0,0,4.28580918908119,0,0,0,0,0,18.5650002062321,0,0,0,0,4.79502180218697,0,448.660643160343,0,12.7473715692759,0,0,0,0,0,0,0,0,1.26347540318966,0,0,164.538971185684,609.74694339931,0,41.0830010473728,0,0
0,9.08470022678375,0,0,0,0,0,0,0,0,0,0,0,0,0,25.0269383788109,6.60441935062408,648.082481816411,10.8391311168671,0,0,252.296519249678,0,84.2870234251022,0,0,0,78.0352874994278,0,0,0,0,0,0,0,0,0,0,0,0,0,0,0,0,0,0,0,0,0,1.16249918937683,0,0,0,0,0,65.1950848698616,0,0,0,0,0,2.55060207843781,0,0,15.6750435829163,0,324.4620847404,0,380.429730415344,0,0,0,0,0,0,0,0,0,0,0,0,0,305.441697776318,6.09155488014221,0,0,0
0,0,0,0,0,0,0,0,8.21062305569649,0,0,0,0,0,109.506748169661,0,1204.26921755075,66.7113843560219,16.474610388279,0,0,0,492.335584551096,0,105.764265328646,0,0,0,8.24184572696686,0,0,0,0,0,0,0,0,0,0,0,0.353783935308456,0,0.328316807746887,0,0,0,0.129210934042931,0,0,0,0,0,0,0,1,0,0,0,0,0,11.3432993143797,0,0,0,0,681.246087253094,0,12.0881633758545,0,1041.11096596718,0,1,0,0,0,0,0,0,0.171602964401245,1.7654285877943,0,0.567522346973419,420.87460000813,5.00615417957306,0,0,0
0,0,0,0,0,0,0,0,0,0,0,0,0,0,0,0,0,8.29837194085121,0,0,0,50.6214827001095,0,0,0,78.0352874994278,0,0,0,71.3713912963867,0,0,0,0,0,0,0,66.9687860012054,0,0,0,0,0,0,0,0,0,0,0,0,0,0,0,0,0,0,0,0,0,82.1350688934326,0,0,0,0,34.6069725453854,0,0,0,59.4465881586075,0,906.21194896102,0,6,0,0,0,0,0,0,0,138.375098526478,0,47.1998737454414,0,0,0,0
0,0,0,0,0,0,0,0,0,0,0,0,0,0,0,0,0,0,0,0,0,0,1,0,0,0,8.24184572696686,0,0,0,186.061607182026,0,0,0,0,0,0,0,1.51554822921753,0,0,0,0,0,0,0,0,0,0,0,0,0,0,0,0,0,0,0,0,0,0,0,0,0,0,20.0571682453156,0,0,0,16.9749264717102,0,501.461953759193,0,692.279927939177,0,0,0,0,0,0,0,140.443159818649,1.46394422650337,0,0,0,0
0,0,0,0,0,0,0,0,0,0,0,72.2283278554678,0,0,0,0,0,0,0,0,0,0,0,0,0,0,0,71.3713912963867,0,0,0,0,0,0,0,0,0,302.751788556576,0,0,0,0,0,0,0,0,0,0,0,0,0,0,0,0,0,0,0,97.0163308084011,0,0,0,0,0,0,0,0,0,0,0,0,1,0,388.171220235527,0,0,0,0,0,0,0,125.850785166025,0,110.350084781647,0,0,0,0
0,0,0,0,0,0,0,0,0,0,3.35224661231041,0,0,0,0,0,0,0,0,0,0,0,0,0,0,0,0,0,186.061607182026,0,0,0,0,0,0,0,0,0,197.782974362373,0,0,0,0,0,0,0,0,0,0,0,0,0,0,0,0,0,16.7046127170324,0,0,0,0,0,0,0,0,0,0,0,0,0,0,0,0,945.028510123491,0,0,0,0,0,0,0,129.11087796092,0,0,0,0,0
0,0,0,0,0,0,0,0,0,0,0,0,0,0,0,0,0,0,0,0,0,0,0,0,0,0,0,0,0,0,0,0,493.604234755039,101.520429521799,0,176.197338461876,0,0,0,0,0,0,0,0,0,0,0,314.461504369974,0,0,0,0,0,0,0,0,0,0,0,0,0,0,0.420871257781982,0,0,0,0,0,0,0,0,0,0,0,4023.41266790032,356.682196676731,102.23186776042,0,1351.71375246346,38.2772870063782,0,0,121.20873683691,0,0,0,0
0,0,0,0,0,0,0,0,0,0,0,0,0,0,0,0,0,0,0,0,0,0,0,0,0,0,0,0,0,0,0,493.604234755039,0,0,18.3652176856995,64.3885873556137,66.7386296093464,0,0,0,0.647763431072235,0,0.179737105965614,0,0,0,0,757.034957006574,0,0,0,0,0,0,0,0,0,0,0,0,0,0,0,0,0,0,0,0,0,0,0,0,0,0,105.877505838871,3474.11000829935,25.9987517595291,21.5761524140835,1.31226950883865,901.930889189243,0,0,528.251538693905,0,0.260524988174438,0,0
0,0,0,0,0,0,0,0,0,0,0,0,0,0,0,0,0,0,0,0,0,0,0,0,0,0,0,0,0,0,0,101.520429521799,0,0,2283.6686938554,326.058165431023,0,94.3193701803684,0,0,0,0,0,0,0,0.942679524421692,0,1129.27851776779,0,4.81230065226555,0,0,0,0,0,0,0,0,0,0,0,0,0,0,0,0,0,0,0,0,0,0,0,0,68.6484327912331,0,2568.70173299313,731.211518928409,998.438851773739,0,325.554780960083,4.65687856078148,432.074165016413,0,5.62449738383293,0,0
0,0,0,0,0,0,0,0,0,0,0,0,0,0,0,0,0,0,0,0,0,0,0,0,0,0,0,0,0,0,0,0,18.3652176856995,2283.6686938554,0,0,143.753539800644,295.736732363701,92.639721095562,0,1.15032970905304,0,7.44046856462955,0,0,0,0,3378.88082154095,84.4665816277266,10.6575817465782,0,0,0,0,0,0,0.266237080097198,0,0,0,0,0,0,1.51175980269909,0,0,0,0,0,0,0,0,0,0,3.77793848514557,247.560012280941,2130.7461515516,2330.93167728186,7.24739918112755,594.079734265804,18.2832424640656,346.274214595556,462.102192185819,0,30.2111745178699,0,0.358660817146301
0,0,0,0,0,16.0075818002224,0,0,0,0,0,234.657369345427,0,0,0,0,0.313783541321754,0.280557945370674,7.88920158147812,851.771447122097,0,0,0,0,0,0,0,0,0,0,0,176.197338461876,64.3885873556137,326.058165431023,0,0,459.431593865156,3055.23938246071,38.3433483242989,29.5495750457048,0,17.624787516892,0,0,0,37.4361634999514,0,45.8161040842533,31.236820936203,66.791610866785,0,2.77197350561619,0,0,0,0,0,13.1555266082287,0,0,0,0,309.722686484456,0,0,0,0,0,0,0,0,0,0,0,391.66239182651,10.7518496513367,4.49962240457535,0,18056.884717606,139.409117043018,623.780485264957,0,2482.18239343166,1733.32189056277,38.0942096859217,0.380921669304371,0
0,0,0,0,0,0,0,0,0,0,161.791370391846,0,0,0,0,0,0.76242658495903,1.22016251832247,4.33381835371256,0,807.943152666092,0,0,0,0,0,0,0,0,0,0,0,66.7386296093464,0,143.753539800644,459.431593865156,0,10.3451192826033,2729.46782107651,0,2.04529464989901,0,6.21517671644688,0,0,0,126.836311288178,46.982558786869,3.17283070087433,1.39055943489075,0,0,0,0,0,0,5.82233299314976,0,0,0,0,0,0,511.297823399305,0,0,0,0,0,0,0,0,0,3.15950081497431,0,53.4446356892586,0,63.8249893188477,144.885125368834,14521.6153484955,2.07097035646439,752.16450727731,6380.56059707701,798.11554017663,63.2924317419529,0,0.21346940100193
0,0,0,0.237491175532341,0,0,0,0,0,7.73050148785114,0,1249.89663626254,0,0,0,0,0,0,0.76799339056015,7.12964165210724,0,2130.71341583133,20.8524422049522,130.41696023941,0,0,0,66.9687860012054,0,302.751788556576,0,0,0,94.3193701803684,295.736732363701,3055.23938246071,10.3451192826033,0,378.331007152796,0,0,0.934801131486893,0,0,0,3.28253890573978,0,57.2739451825619,0,276.641702264547,0,0,0,0,0,2.09456318616867,0,35.9733129292727,0,0,0,0,28.2438251748681,0,185.964861303568,0,23.2018651068211,0,0,0,25.5806455612183,0,99.981200158596,0,0,0,229.594111591578,0,901.987964451313,3.75168745219707,11049.3474611044,62.0872319936752,982.762808054686,646.844287842512,22.9780648499727,0,0
1.032122194767,0,0,0,0,0,0,0,159.763126313686,0,684.228940322995,0,0,0,0,0,0,0,0,0,171.794539391994,289.093290925026,909.152613192797,0,98.1549794375896,0,0,0,1.51554822921753,0,197.782974362373,0,0,0,92.639721095562,38.3433483242989,2729.46782107651,378.331007152796,0,0,0,0,4.53824192285538,0,0,0,0.689660429954529,7.81902447342873,410.126600116491,0,0,0,0,0,81.3060313612223,0,79.3943708091974,0,0,0,0,0,0,65.1928486227989,46.7636975646019,241.156011864543,0,102.855177491903,0,0,0,8.76741170883179,0,16.9827661514282,0,0,0,223.587283849716,14.0821254253387,631.643901914358,756.734199672937,12313.6637191325,2311.24382327497,129.940102875233,131.022561937571,0,0.421792954206467
0,0,0,3.10171109437943,0,7.74496342241764,0,0,0,0,0,0,0,0,0,0,49.6598355397582,59.0822054669261,436.250140324235,0.246831625699997,0,0,0,0,0.184019789099693,0,0,0,0,0,0,0,0,0,0,29.5495750457048,0,0,0,0,2.77806717157364,1595.24599256366,7.8979504853487,4.69428069889545,0,143.842399984598,0.827432379126549,76.1312118470669,1.37078976631165,351.598821133375,0,5.01642774045467,0,0,0,0,0.326368257403374,7.87333962321281,0,0,1.84526813030243,0,248.478184185922,0,0,0,0,0,0,0,0,0,20.7509349882603,0.168338611721992,0,0,0,0,946.099275566638,15.2084486484528,105.516575604677,5.46284577995539,380.069078549743,4.24378144741058,668.214821457863,55.4669857695699,1.25023306906223
0,0,0,0,2.23433363437653,0,0,0,0,0,0,0,0,0,0.135554805397987,0,45.1166796535254,61.8576891347766,590.413104005158,0,0,0,0,0,0,0,0.353783935308456,0,0,0,0,0,0.647763431072235,0,1.15032970905304,0,2.04529464989901,0,0,2.77806717157364,0,23.3109520822763,1644.14238294214,0,0,0,252.659118741751,92.7467700093985,508.018653519452,16.5636467933655,0,0,0,0,0,0,10.0759468376637,0,0,0,0,0,0,303.677958369255,0,0,0,0,0,0.24333693087101,0,0,0.669080063700676,32.4336468577385,0,1.76439827680588,0,0.683997511863708,16.9912030026317,1342.14274013788,2.90137898921967,107.342468820512,253.259209513664,12.474724419415,997.971080370247,2.99113555252552,300.128283187747
0,6.98895138502121,0,71.1803412586451,0,3.4675440788269,0,0,0,78.6036072224379,0,0,0,0,0,0,85.7459156960249,86.4180870875716,738.126064710319,0,0,0,0,0,0,0,0,0,0,0,0,0,0,0,0,17.624787516892,0,0.934801131486893,0,1595.24599256366,23.3109520822763,0,272.697242572904,8.71788105368614,0,23.5559258162975,2.08129938691854,96.2902875244617,2.05174367874861,422.005923941731,0,2.45548218488693,0,0,0,4.93580660223961,1.95311106741428,514.627173215151,0,0,3.37876278162003,0,485.974980659783,0.261742174625397,0,0,0,0,0,0.379536837339401,0,0,739.125985980034,1.16313470900059,0,0,0.26497682929039,0.376128397881985,2735.54618220031,40.8362084329128,612.214452072978,2.51789690554142,1235.303686589,4.75671401619911,4348.84683991969,534.513062357903,7.69475372135639
4.50807183980942,0,166.006586909294,0,3.28310051560402,0,0,0,19.7733248770237,0,0,0,0,0,0.200877413153648,0,38.172883912921,41.9822894781828,533.957585431635,0,0,0,0,0,0,0,0.328316807746887,0,0,0,0,0,0.179737105965614,0,7.44046856462955,0,6.21517671644688,0,4.53824192285538,7.8979504853487,1644.14238294214,272.697242572904,0,0,0,0,113.001681342721,237.144097559154,353.526571601629,3.27701190114021,0,0,0,0,0,0,1242.64691400528,0.516441240906715,0,0,1.45768082141876,0,0.476771414279938,488.991189830005,0,0,0,0,0,1.27857863903046,0,0,0.168694034218788,877.180870383978,0,0.356104180216789,0,32.0777374356985,18.4561244696379,3363.09069208801,4.4884380698204,531.427040301263,972.826916955411,0.867518529295921,3374.43149802089,4.17171713709831,821.411518752575
0,0,0,0,0,0,0,0,0,0,0,0,0,0,0,0,0.406899362802505,2.24524787068367,36.4121410399675,0,0,0,0,0,0,0,0,0,0,0,0,0,0,0,0,0,0,0,0,4.69428069889545,0,8.71788105368614,0,0,0,0,0,0,0,0,0,0,0,0,0,0,0,1.32848054170609,0,0,0,0,0.61598227918148,0,0,0,0,0,0,0,0,0,3.80190686881542,0,0,0,0,0,22.9447146207094,2.59324994683266,17.1892058104277,0,7.10393914580345,0,12.3489214256406,0.667886674404144,0
0,0,0,0,0,0,0,0,0,0,0,0,0,0,0,0,0,0,0,0,0,0,0,0,0,0,0,0,0,0,0,0,0,0,0,0,0,0,0,0,0,0,0,0,0,0,0,0,0,0,0,0,0,0,0,0,0,0,0,0,0,0,0,0,0,0,0,0,0,0,0,0,0,0,0,0,0,0,0,0,0,0,0,0,0,0,0
0,0,0,0.467229396104813,0,4.90467524528503,0,0,0,0,0,14.0590191110969,0,0,0,0,0,2.13844013214111,18.9017684012651,26.9491662085056,0,0,0,0,0,0,0,0,0,0,0,0,0,0.942679524421692,0,37.4361634999514,0,3.28253890573978,0,143.842399984598,0,23.5559258162975,0,0,0,0,0,15.6204150319099,0,23.2745465487242,0,2.54718288779259,0,0,0,0,0,130.680427394807,0,0,0,0,815.70126119256,0,0,0,0,0,0,0,0,0,146.692510247231,0,0,0,0,0,1794.96548172832,0,490.237992994487,0,19.3337996080518,0.901950843632221,349.641980275512,2.43034720420837,0
0,0,2.47352907061577,0,0,0,0,0,0,0,1.84634740650654,0,0,0,0.627121686935425,0,3.35473584383726,7.62999662011862,66.9181300327182,0,5.12910935282707,0,0,0,0,0,0.129210934042931,0,0,0,0,0,0,0,0,0,126.836311288178,0,0.689660429954529,0.827432379126549,252.659118741751,2.08129938691854,113.001681342721,0,0,0,0,8.10028618574142,32.1412091553211,4.26172161102295,0,0,0,0,0,0,125.415436193347,0,0,0,0,0,0,390.198514409363,0,0,0,0,0,1.87160015106201,0,0,0,62.2153182178736,0,0,0,1.45532780885696,0.82436728477478,1396.13680771738,1.7647100687027,366.775843091309,40.4227107018232,0.256002888083458,333.55754737556,3.79025030136108,2.52406519651413
0,0,8.03741629421711,4.8437727689743,0,0,0,0,0,0,0,0,0,0,0,0,2.1023778617382,0,2.5691948980093,0,0,0,0,0,0,0,0,0,0,0,0,314.461504369974,757.034957006574,1129.27851776779,3378.88082154095,45.8161040842533,46.982558786869,57.2739451825619,7.81902447342873,76.1312118470669,92.7467700093985,96.2902875244617,237.144097559154,0,0,15.6204150319099,8.10028618574142,0,702.564677387476,1484.0584666729,0,1.31455174088478,0,0,0,0,26.8730551898479,0,0,0,0,0,4.407470703125,18.8898076564074,1.27804613113403,0,0,0,0,0,0,0,0.195044413208961,0,3256.73105242848,3944.88824822009,820.089069336653,1194.9975155592,1228.18628199399,1381.84289069474,38.9440063089132,43.1282435953617,875.912822879851,0.158089578151703,1817.86032907665,1.48267862200737,9.15011841058731
2.95862931013107,0,0.193998456001282,0,4.41821259260178,0,0,0,39.608487457037,0,0.431649774312973,0,0,0,0,0,0,0,0,0,0,0,254.750473111868,0,178.850725308061,0,0,0,0,0,0,0,0,0,84.4665816277266,31.236820936203,3.17283070087433,0,410.126600116491,1.37078976631165,508.018653519452,2.05174367874861,353.526571601629,0,0,0,32.1412091553211,702.564677387476,0,25.7189048826694,0,0,0,0,29.255891084671,0,14.8916127532721,0,0,0,0,0,0,39.6182738244534,0,428.252995416522,0,35.1546201705933,0,0.801516950130463,0,142.225123882294,0,43.3814153671265,0,1.91418312489986,0,58.5756924599409,1.11853635311127,984.411817893386,0,458.685690224171,216.069808840752,0,562.16581402719,0,8.8039093464613
0,342.582453519106,0,20.7633531242609,0,0.522811472415924,0,0,0,70.9766460806131,0,0,0,0,0,0,1.48283123970032,2.82501864433289,10.2369515746832,1.67079925537109,0,44.8893717825413,0,36.6813213229179,0,1.16249918937683,0,0,0,0,0,0,0,4.81230065226555,10.6575817465782,66.791610866785,1.39055943489075,276.641702264547,0,351.598821133375,16.5636467933655,422.005923941731,3.27701190114021,0,0,23.2745465487242,4.26172161102295,1484.0584666729,25.7189048826694,0,0,31.8362060785294,0,0,0,0,3.625219643116,11.277141019702,0,0,0,0,32.1682316809893,13.5474063158035,98.2060431838036,0,35.5013270974159,0,65.3366914987564,0,91.8282212913036,0,48.0542147308588,0.274779230356216,1.1705174446106,0,46.9221263825893,3.36825351417065,481.787209175527,0.815155446529388,422.689047589898,0,460.91724076122,0.201718330383301,1322.36120444536,7.4679628610611,0
0,0,39.2097632288933,0,55.2073736190796,0,4.44634544849396,0,0,0,0,0,0,0,0,0,0,0,0,0,3.5204855799675,0,0,0,0,0,0,0,0,0,0,0,0,0,0,0,0,0,0,0,0,0,0,0,0,0,0,0,0,0,0,0,0,0,0,0,5.42538967728615,0,1.29276993870735,0,0,0,0,12.1857724487782,0,0,0,0,0,0,0,0,0,0,0,0,0,0,0,0,0,0,24.5634647905827,0,114.605653822422,0,0
0,0,0,48.0277028530836,0,308.131110340357,0,2.07861590385437,0,0,0,0,0,0,0,0,0,0,0,2.4664454460144,0,0,0,0,0,0,0,0,0,0,0,0,0,0,0,2.77197350561619,0,0,0,5.01642774045467,0,2.45548218488693,0,0,0,2.54718288779259,0,1.31455174088478,0,31.8362060785294,0,0,0,0,0,0,0,51.8223872631788,0,0,0,0,75.4107563793659,0,0,0,0,0,0,0,0,0,0,0,0,0,0,0,2.88563212752342,0,0,0,232.15821993351,49.4105785489082,134.976483166218,0.30944100022316,0
0,0,0,0,0,0,0,0,0,0,6.31930732727051,0,0,0,0,0,0,0,0,0,0,0,0,0,0,0,0,0,0,0,0,0,0,0,0,0,0,0,0,0,0,0,0,0,0,0,0,0,0,0,0,0,0,0,0,0,25.6448845565319,0,24.8056890964508,0,0,0,0,0,0,0,0,0,0,0,0,0,0,0,0,0,0,0,0,0,0,0,0,0,0,0,0
0,0,0,0,0,0,0,121.335697293282,0,0,0,1.6976443529129,0,0,0,0,0,0,0,0,0,0,0,0,0,0,0,0,0,0,0,0,0,0,0,0,0,0,0,0,0,0,0,0,0,0,0,0,0,0,0,0,0,0,0,0,0,8.13754719495773,0,0,0,0,0,0,0,0,0,0,0,0,0,0,0,0,0,0,0,0,0,0,0,0,0,0,0,0,0
188.852156430483,0,13.4729614257812,0,0,0,0,0,699.706398546696,0,0,0,0,0,0,0,0,0,0,0,0,0,0,0,4.28580918908119,0,1,0,0,0,0,0,0,0,0,0,0,0,81.3060313612223,0,0,0,0,0,0,0,0,0,29.255891084671,0,0,0,0,0,0,0,0,0,0,0,0,0,0,0,0,0,0,3.66040679812431,0,0,0,0,0,0,0,0,0,0,0,0,0,82.9350643157959,6.62800896167755,0,22.9674095362425,0,0
0,163.755810260773,0,0.65829211473465,0,0,0,0,0,1201.41739445925,0,0,0,0,0,157.35366910696,0,0,0,0,0,0,0,46.6185289174318,0,65.1950848698616,0,0,0,0,0,0,0,0,0,0,0,2.09456318616867,0,0,0,4.93580660223961,0,0,0,0,0,0,0,0,0,0,0,0,0,0,0,0,0,0,0,13.5608631372452,0,0,0,0,10.5305635035038,0,6.19156289100647,0,0,0,0,0,0,0,0,0,0,0,69.9846504628658,0,118.830743998289,0,21.3794196695089,0,0
0,0,30.5220469683409,0,14.3366893827915,0,0,0,0,0,1189.89626933634,0,22.6150320321321,0,0.60513824224472,0,8.37184548377991,3.58186921477318,29.7218220829964,0,109.873309105635,0,0,0,0,0,0,0,0,0,16.7046127170324,0,0,0,0.266237080097198,0,5.82233299314976,0,79.3943708091974,0.326368257403374,10.0759468376637,1.95311106741428,1242.64691400528,0,0,0,125.415436193347,26.8730551898479,14.8916127532721,3.625219643116,5.42538967728615,0,25.6448845565319,0,0,0,0,0,10.1523966491222,0,9.04021978378296,0,0,552.769973710179,0,0,0,0,0,0,0,0,0,160.689838021994,0,0,0,1.36155380308628,3.1239914894104,65.607500128448,0,19.026539504528,122.772026523948,1.2421783208847,820.880487754941,0,128.478815093637
0,0.170296087861061,0,31.1334222257137,0,2.67748609185219,0,141.638222634792,0,0,0,1207.4679095149,0,236.840025424957,0,0,2.80742119252682,2.55492222309113,66.1678169071674,129.849021062255,0,0,0,0,0,0,0,0,0,97.0163308084011,0,0,0,0,0,13.1555266082287,0,35.9733129292727,0,7.87333962321281,0,514.627173215151,0.516441240906715,1.32848054170609,0,130.680427394807,0,0,0,11.277141019702,0,51.8223872631788,0,8.13754719495773,0,0,0,0,0,0.637069672346115,0,0,469.429569125175,0,0,0,0,0,0,0,2.93550664186478,0,150.531941071153,0,0,0,0,0,38.2533331811428,2.61926746368408,7.1179763674736,0,133.77022741735,1.14984798431396,800.410963855684,89.513967782259,0
0,0,23.0359718799591,0,0,0,3.28661608695984,0,0,0,0,0,202.073795318604,0,0,0,0,0,0,0,0,0,0,0,0,0,0,0,0,0,0,0,0,0,0,0,0,0,0,0,0,0,0,0,0,0,0,0,0,0,1.29276993870735,0,24.8056890964508,0,0,0,10.1523966491222,0,0,0,19.8701566457748,0,0,0,0,0,0,0,0,0,0,0,0,0,0,0,0,0,0,0,0,0,116.627961158752,0,2.34717503190041,0,0
0,0,0,23.4259066879749,0,0,0,0,0,0,0,0,0,36.8768594264984,0,0,0,0,0,0,0,0,0,0,0,0,0,82.1350688934326,0,0,0,0,0,0,0,0,0,0,0,0,0,0,0,0,0,0,0,0,0,0,0,0,0,0,0,0,0,0.637069672346115,0,0,0,2,0,0,0,0,0,0,0,0,127.691817760468,0,0,0,0,0,0,0,0,0,0,0,97.7482347488403,0,3.92496201395988,0,0
0,0,65.4736615121365,0,0,0,0,0,10.3379239141941,0,0,0,0,0,175.625433251262,0,203.289856672287,63.3936819881201,23.9142804592848,0,0,0,0,0,18.5650002062321,0,11.3432993143797,0,0,0,0,0,0,0,0,0,0,0,0,1.84526813030243,0,3.37876278162003,1.45768082141876,0,0,0,0,0,0,0,0,0,0,0,0,0,9.04021978378296,0,19.8701566457748,0,0,0,0,0,0,0,0,0,0,0.79220849275589,0,0,0,0,0,0,0,0,0.256472289562225,4.96522037684917,0.67122894525528,0,171.404743894935,0,0.149899080395699,0,0.20063117146492
0,11.9718012809753,0,0.372447639703751,0,0,0,0,0,6.92494961619377,0,0,0,2,0,88.4964541196823,1.49206081032753,148.569807738066,0,0,0,0,0,0,0,2.55060207843781,0,0,0,0,0,0,0,0,0,0,0,0,0,0,0,0,0,0,0,0,0,0,0,0,0,0,0,0,0,13.5608631372452,0,0,0,2,0,0,0,0,0,0,0,0,5.90269106626511,0,0.523515582084656,0,0,0,0,0,0,0,0,0,0,0,45.8885291516781,0,0,0,0
0,0,0,1.49962711334229,0,65.9777190089226,0,21.317255795002,0,0,0,182.458477303386,0,0,0,0,15.4979986399412,8.8635663241148,69.4246136918664,963.051667608321,0,0,0,0,0,0,0,0,0,0,0,0.420871257781982,0,0,0,309.722686484456,0,28.2438251748681,0,248.478184185922,0,485.974980659783,0.476771414279938,0.61598227918148,0,815.70126119256,0,4.407470703125,0,32.1682316809893,0,75.4107563793659,0,0,0,0,0,469.429569125175,0,0,0,0,0,0,0,0,0,0,0,0,0,0,242.608991585672,0,0,0,0,0,2392.57963092625,6.28429442644119,1321.98273349553,3.49705350399017,197.374773532152,0.284027621150017,665.808258607984,21.7649425566196,0.249502584338188
0,0,6.86327697336674,0,36.9680167138577,0,0,0,0,0,218.809401191771,0,0,0,0,0,0.647166967391968,0.577876694500446,24.0048272535205,0,633.214924246073,0,0,0,0,0,0,0,0,0,0,0,0,0,1.51175980269909,0,511.297823399305,0,65.1928486227989,0,303.677958369255,0.261742174625397,488.991189830005,0,0,0,390.198514409363,18.8898076564074,39.6182738244534,13.5474063158035,12.1857724487782,0,0,0,0,0,552.769973710179,0,0,0,0,0,0,0,0,0,0,0,0,0,0,0,0,148.956903457642,0,0.208573132753372,0,4.33740501105785,0,2769.07995864004,0,878.783216968179,87.6121391430497,0,859.207049876451,0,12.4863973110914
0,0,0,0,0,0,0,0,0,0,0,0,0,0,0,0,0,0,0,0,0,5523.77554789186,243.247227624059,15.191658616066,0,15.6750435829163,0,34.6069725453854,0,0,0,0,0,0,0,0,0,185.964861303568,46.7636975646019,0,0,0,0,0,0,0,0,1.27804613113403,0,98.2060431838036,0,0,0,0,0,0,0,0,0,0,0,0,0,0,0,1,137.295481383801,0,0,0,124.423513382673,0,0,0,0,0,0,0,0,0,163.662572726607,0,321.026458442211,48.974170088768,0,0,0
0,0,0,0,0,0,0,0,0,0,0,0,0,0,0,0,11.9563647508621,0,0,0,0,53.0080569386482,4984.71572335064,0,4.79502180218697,0,681.246087253094,0,20.0571682453156,0,0,0,0,0,0,0,0,0,241.156011864543,0,0,0,0,0,0,0,0,0,428.252995416522,0,0,0,0,0,0,0,0,0,0,0,0,0,0,0,1,0,0,57.4253966808319,0,52.7326844036579,0,9.7171802520752,0,0,0,0,0,0,0,0,0,662.27571824193,555.071478933096,1.61883687973022,0,0,0
0,0,0,0,0,0,0,0,0,0,0,0,0,0,0,0,0,0,0,0,0,22.4269534945488,0,254.19970369339,0,324.4620847404,0,0,0,0,0,0,0,0,0,0,0,23.2018651068211,0,0,0,0,0,0,0,0,0,0,0,35.5013270974159,0,0,0,0,0,10.5305635035038,0,0,0,0,0,0,0,0,137.295481383801,0,0,0,132.923360645771,0,0,0,0,0,0,0,0,0,0,0,557.83362492919,0,169.996374368668,0,177.733219116926,0,0
0,0,0,0,0,0,0,0,0,0,0,0,0,0,1.82421457767487,0,1.86206457018852,0,0,0,0,0,37.8765543699265,0,448.660643160343,0,12.0881633758545,0,0,0,0,0,0,0,0,0,0,0,102.855177491903,0,0,0,0,0,0,0,0,0,35.1546201705933,0,0,0,0,0,3.66040679812431,0,0,0,0,0,0,0,0,0,0,57.4253966808319,0,0,0,209.84359100461,0,0,0,0,0,0,0,0,0,0,0,90.0523415803909,17.0320221930742,0,12.1429568231106,0,0
0,0,0,0,0,0,0,0,0,0,0,0,0,0,0,3.39210140705109,20.7895614802837,1237.64402784407,47.2349053025246,0,0,363.429358541965,0,5.00818571448326,0,380.429730415344,0,59.4465881586075,0,0,0,0,0,0,0,0,0,0,0,0,0,0,0,0,0,0,0,0,0,65.3366914987564,0,0,0,0,0,6.19156289100647,0,0,0,0,0,5.90269106626511,0,0,0,0,132.923360645771,0,0,0,112.266984969378,0,0,0,0,0,0,0,1.02385497093201,0,0,0,434.907657429576,4.03333401679993,0.673655986785889,0,0
0,0,0,0,0,0,0,0,0,0,0,0,0,0,9.29763072729111,0,226.545284226537,26.6012138426304,40.1199438422918,0,0,0,82.191567748785,0,12.7473715692759,0,1041.11096596718,0,16.9749264717102,0,0,0,0,0,0,0,0,0,0,0,0.24333693087101,0.379536837339401,1.27857863903046,0,0,0,1.87160015106201,0,0.801516950130463,0,0,0,0,0,0,0,0,0,0,0,0.79220849275589,0,0,0,0,52.7326844036579,0,209.84359100461,0,0,0,2.60197842121124,0,0,0,0,0,0,0,0.536259964108467,0.66997241973877,0,180.72337500751,0,0.230514600872993,0,0
0,0,0,0,0,0,0,0,0,0,0,0,0,11.9917809963226,0,0,0,126.808031201363,0,0,0,34.5296668410301,0,0,0,0,0,906.21194896102,0,1,0,0,0,0,0,0,0,25.5806455612183,0,0,0,0,0,0,0,0,0,0,0,91.8282212913036,0,0,0,0,0,0,0,2.93550664186478,0,127.691817760468,0,0.523515582084656,0,0,124.423513382673,0,0,0,112.266984969378,0,0,0,61.8759169280529,0,0,0,0,0,0,0,316.937764063478,0,0,10,4.30855295062065,0,0
0,0,0,0,0,0,0,0,0,0,0,0,0,0,0,0,0,0,0,0,0,0,24.750214099884,0,0,0,1,0,501.461953759193,0,0,0,0,0,0,0,0,0,8.76741170883179,0,0,0,0,0,0,0,0,0,142.225123882294,0,0,0,0,0,0,0,0,0,0,0,0,0,0,0,0,9.7171802520752,0,0,0,2.60197842121124,0,0,0,109.33828997612,0,0,0,0,0,0,0,210.443604007363,0,0,0,0,0
0,0,0,24.5061073750257,0,0,0,0,0,0,0,28.6599545627832,0,0,0,0,3.28281301259995,3.7273006439209,110.415943019092,57.2798552513123,0,0,0,0,0,0,0,6,0,388.171220235527,0,0,0,0,0,0,0,99.981200158596,0,20.7509349882603,0.669080063700676,739.125985980034,0.168694034218788,3.80190686881542,0,146.692510247231,0,0.195044413208961,0,48.0542147308588,0,0,0,0,0,0,0,150.531941071153,0,0,0,0,242.608991585672,0,0,0,0,0,0,0,61.8759169280529,0,0,0,0,0,0,0,43.3105930835009,1.78309428691864,338.769854582846,0,244.457662209868,0,551.437237396836,133.133287906647,0
0,0,7.34562261402607,0,2.43878602981567,0,0,0,0,0,11.2363102734089,0,0,0,0.183624878525734,0,3.17437688261271,5.80109512805939,71.4643408954144,0,2.38491821289062,0,0,0,0,0,0,0,692.279927939177,0,945.028510123491,0,0,0,0,0,3.15950081497431,0,16.9827661514282,0.168338611721992,32.4336468577385,1.16313470900059,877.180870383978,0,0,0,62.2153182178736,0,43.3814153671265,0.274779230356216,0,0,0,0,0,0,160.689838021994,0,0,0,0,0,0,148.956903457642,0,0,0,0,0,0,0,109.33828997612,0,0,0,0,0,0,3.09573772549629,62.1603036373854,1.29089111089706,320.086567163467,113.665532797575,1.3895366191864,432.033840626478,0,245.979015737772
0,0,0,0,0,0,0,0,0,0,0,0,0,0,0,0,0,0,0,0,0,0,0,0,0,0,0,0,0,0,0,4023.41266790032,105.877505838871,68.6484327912331,3.77793848514557,391.66239182651,0,0,0,0,0,0,0,0,0,0,0,3256.73105242848,0,1.1705174446106,0,0,0,0,0,0,0,0,0,0,0,0,0,0,0,0,0,0,0,0,0,0,0,0,0,47.5114531815052,114.301084816456,0,380.11975646019,0.89050704240799,0,0,602.598881274462,0,1.29764220118523,0,0
0,0,0,0,0,0,0,0,0,0,0,0,0,0,0,0,0,0,0,0,0,0,0,0,0,0,0,0,0,0,0,356.682196676731,3474.11000829935,0,247.560012280941,10.7518496513367,53.4446356892586,0,0,0,1.76439827680588,0,0.356104180216789,0,0,0,0,3944.88824822009,1.91418312489986,0,0,0,0,0,0,0,0,0,0,0,0,0,0,0.208573132753372,0,0,0,0,0,0,0,0,0,0,47.5114531815052,0,7.19542211294174,274.126963973045,0.683835566043854,404.333428710699,0,0,1225.15970575809,0,1.00080496072769,0,0
0,0,0,0,0,0,0,0,0,0,0,0,0,0,0,0,0,0,0,0,0,0,0,0,0,0,0,0,0,0,0,102.23186776042,25.9987517595291,2568.70173299313,2130.7461515516,4.49962240457535,0,229.594111591578,0,0,0,0.26497682929039,0,0,0,0,0,820.089069336653,0,46.9221263825893,0,0,0,0,0,0,0,0,0,0,0,0,0,0,0,0,0,0,0,0,0,0,0,0,114.301084816456,7.19542211294174,0,609.95564340055,928.939361393452,0,282.197148218751,0.895143449306488,770.470100313425,0,80.3917377889156,0,0
0,0,0,0,2.17604205012321,0,0,0,0,0,0,0,0,0,0,0,0,0,0,0,0,0,0,0,0,0,0,0,0,0,0,0,21.5761524140835,731.211518928409,2330.93167728186,0,63.8249893188477,0,223.587283849716,0,0.683997511863708,0.376128397881985,32.0777374356985,0,0,0,1.45532780885696,1194.9975155592,58.5756924599409,3.36825351417065,0,0,0,0,0,0,1.36155380308628,0,0,0,0,0,0,4.33740501105785,0,0,0,0,0,0,0,0,0,0,0,274.126963973045,609.95564340055,0,1.41739788651466,580.249875038862,0,437.186765059829,545.280716747046,0,108.845276281238,0,1.52115203440189
0,0.230504274368286,0,5.68046018481255,0,34.2176987379789,0,0,0,0,0,183.877633057535,0,0,0.214917585253716,0,164.955207891762,138.040073916316,1348.55456061661,1289.36547908932,0,0,0.149413451552391,0,1.26347540318966,0,0.171602964401245,0,0,0,0,1351.71375246346,1.31226950883865,998.438851773739,7.24739918112755,18056.884717606,144.885125368834,901.987964451313,14.0821254253387,946.099275566638,16.9912030026317,2735.54618220031,18.4561244696379,22.9447146207094,0,1794.96548172832,0.82436728477478,1228.18628199399,1.11853635311127,481.787209175527,0,2.88563212752342,0,0,0,0,3.1239914894104,38.2533331811428,0,0,0.256472289562225,0,2392.57963092625,0,0,0,0,0,1.02385497093201,0,0,0,43.3105930835009,3.09573772549629,380.11975646019,0.683835566043854,928.939361393452,1.41739788651466,0,53.0688883215189,812.779778413475,12.0039918124676,4023.01242504269,576.09874536097,1543.52082487941,251.840738371015,7.75845462828875
0.208577916026115,0,0,0,1.10043919086456,0,0,0,0,0,171.249340623617,0,0,0,0.516732066869736,0,168.941890530288,152.771506585181,1590.49565509707,0,1004.27764996141,0,0,0,0,0,1.7654285877943,0,0,0,0,38.2772870063782,901.930889189243,0,594.079734265804,139.409117043018,14521.6153484955,3.75168745219707,631.643901914358,15.2084486484528,1342.14274013788,40.8362084329128,3363.09069208801,2.59324994683266,0,0,1396.13680771738,1381.84289069474,984.411817893386,0.815155446529388,0,0,0,0,0,0,65.607500128448,2.61926746368408,0,0,4.96522037684917,0,6.28429442644119,2769.07995864004,0,0,0,0,0,0.536259964108467,0,0,1.78309428691864,62.1603036373854,0.89050704240799,404.333428710699,0,580.249875038862,53.0688883215189,0,15.0460819303989,1432.55794748664,4052.7944913581,115.244502782822,1724.29349366575,9.74663259088993,239.387889273465
0,0,0,3.93278542160988,0,0,0,0,0,82.2422064840794,0,682.790570534766,0,0,0,0,55.1613693609834,43.4242134466767,653.370653420687,18.1315871477127,0,1040.46151180565,7.34725826978683,83.7040952593088,0,0,0,138.375098526478,0,125.850785166025,0,0,0,325.554780960083,18.2832424640656,623.780485264957,2.07097035646439,11049.3474611044,756.734199672937,105.516575604677,2.90137898921967,612.214452072978,4.4884380698204,17.1892058104277,0,490.237992994487,1.7647100687027,38.9440063089132,0,422.689047589898,0,0,0,0,0,69.9846504628658,0,7.1179763674736,0,0,0.67122894525528,0,1321.98273349553,0,163.662572726607,0,557.83362492919,0,0,0.66997241973877,316.937764063478,0,338.769854582846,1.29089111089706,0,0,282.197148218751,0,812.779778413475,15.0460819303989,0,4.91957040131092,1561.25442836434,263.230029195547,543.597406253219,404.427071139216,5.97695623338223
0.234615325927734,0,0,0,0,0,0,0,56.6927978545427,0,584.545779615641,0,0,0,0.648841872811317,0,40.8505184426904,38.2946848124266,360.149358041584,0,220.556452363729,0,710.575739875436,0,164.538971185684,0,0.567522346973419,0,140.443159818649,0,129.11087796092,0,0,4.65687856078148,346.274214595556,0,752.16450727731,62.0872319936752,12313.6637191325,5.46284577995539,107.342468820512,2.51789690554142,531.427040301263,0,0,0,366.775843091309,43.1282435953617,458.685690224171,0,0,0,0,0,82.9350643157959,0,19.026539504528,0,0,0,0,0,3.49705350399017,878.783216968179,0,662.27571824193,0,90.0523415803909,0,0,0,210.443604007363,0,320.086567163467,0,0,0.895143449306488,437.186765059829,12.0039918124676,1432.55794748664,4.91957040131092,0,895.34615727514,31.6670777052641,533.85209299624,0.784911930561066,448.88425450027
