0,0,4.29818499088287,0,25.0162858963013,0,0,0,5.03574834653694,0,0,0,0,0,0,0,0,0,0,0,0,0,0,0,0,0,0,0,0,0,0,0,0,0,0,0,0,0,0,0,0,0,8.07297956838017,0,0,0,0,0,5.06174228146178,0,0,0,0,0,6.24227826870405,0,0,0,0,0,5.76596244898709,0,0,0,0,0,0,0,0,0,0,0,0,0,0,0,0,0,0,0,0,0,6.3546431582907,0,4.22762626664251,0,10.056173825264
0,0,0,4.19151932001114,0,15.2039384841919,0,0,0,5.30759360904777,0,0,0,0,0,0,0,0,3.15021950006485,0,0,0,0,0,0,0,0,0,0,0,0,0,0,0,0,53.7895498275757,0,0,0,0,0,7.57395536955013,0,0,0,26.7564105987549,0,0,0,5.45113024593058,0,0,0,0,0,4.74641059538753,0,0,0,0,0,4.78796801643987,35.6846609115601,0,0,0,0,0,0,0,0,0,0,0,0,0,0,0,37.0323118609051,0,0,0,4.09308323813874,0,6.11865172433695,0,0
4.29818499088287,0,0,0,8.24852709770203,0,0,0,6.75799413175391,0,0,0,0,0,0,0,0,0,0,0,12.2666568756104,0,0,0,0,0,0,0,0,0,0,0,0,0,0,0,0,0,0,0,35.5378189086914,0,19.6133427534275,0,0,0,16.1094746589661,0,4.93580214279454,0,7.0542913698914,0,0,0,5.42825744362438,0,2.94955062866211,0,0,0,3.10113886424473,0,0,11.4476246833801,0,0,0,0,0,0,0,0,0,0,0,0,0,0,0,112.376930236816,0,0,6.8026020526886,4.21819019317627,11.7609163108897,0,21.5261065434601
0,4.19151932001114,0,0,0,7.6687772117163,0,0,0,4.26280268941607,0,0,0,0,0,0,0,0,72.7195014953613,0,0,0,0,0,0,0,0,0,0,0,0,0,0,0,0,17.7588232676188,0,0,0,30.0336652483259,0,26.0951511383057,0,0,0,12.6827669577165,0,0,0,12.5628110561215,0,8.51715108675834,0,0,0,7.57668897900242,0,0,0,4.18455641468366,0,5.63726732817041,20.8371406131321,0,0,0,0,0,0,0,0,0,0,0,0,0,0,0,34.8690313670946,78.0476531982422,0,0,7.16322952872109,0,8.86086757671297,18.4980812072754,0
25.0162858963013,0,8.24852709770203,0,0,0,3.44839104413986,0,6.79856034575916,0,0,0,2.74599981307983,0,0,0,0,0,85.5922241210938,0,8.54577237700824,0,0,0,0,0,0,0,0,0,0,0,0,0,0,0,20.0850190899589,0,0,0,65.5726470947266,0,0,0,0,0,21.4104762830232,0,33.4765709877014,45.7055282592773,4.42492148298655,0,0,0,7.41325490911242,0,0,0,0,0,0,0,0,9.8676914671599,0,0,0,0,0,0,0,0,0,0,0,0,0,0,0,18.8881476116463,0,0,6.22824830393637,0,18.1333130927956,0,0
0,15.2039384841919,0,7.6687772117163,0,0,0,3.11590170860291,0,8.56419030213967,0,0,0,0,0,6.66578390748029,0,0,0,0,0,0,0,0,0,0,0,0,0,0,0,0,0,0,0,9.95402012298356,0,0,0,30.5448474884033,0,41.5396881103516,0,0,0,18.8085532188416,0,33.4637552897135,0,32.1928869883219,0,5.61815307739584,0,0,0,17.419687968034,0,10.8889608094186,0,0,0,6.74532642682393,16.9739457766215,0,0,0,0,0,0,0,0,0,0,0,0,0,0,0,13.9159473722631,0,0,0,8.01188735833039,0,10.8796667928064,0,0
0,0,0,0,3.44839104413986,0,0,0,0,0,3.96768199113699,0,2.95210909843445,0,0,0,0,0,0,0,0,0,0,0,0,0,0,0,0,0,0,0,0,0,0,0,0,0,0,0,0,0,0,0,0,0,0,0,0,0,3.05728709697723,0,3.29856978832407,0,0,0,4.07132386036639,0,0,0,0,0,0,0,0,0,0,0,0,0,0,0,0,0,0,0,0,0,0,0,0,0,3.15925035721216,0,0,0,0
0,0,0,0,0,3.11590170860291,0,0,0,0,0,0,0,3.59364823861556,0,0,0,0,0,2.86070672671,0,0,0,0,0,0,0,0,0,0,0,0,0,0,0,0,0,0,0,0,0,0,0,0,0,0,0,0,0,0,0,0,0,2.91084238199087,0,0,0,0,0,0,0,0,0,0,0,0,0,0,0,0,0,0,0,0,0,0,0,0,0,0,0,0,3.05474233627319,0,0,0,0
5.03574834653694,0,6.75799413175391,0,6.79856034575916,0,0,0,0,0,0,0,0,0,3.59234094619751,0,11.524134436365,44.2432253049768,37.5717278393832,0,13.0785396893819,63.5641021728516,33.018123626709,29.9672698974609,21.9353682994843,0,37.5647610028585,0,0,0,0,0,0,0,0,0,11.3918914794922,0,5.29736101918104,0,0,0,7.79532654796328,0,0,0,0,0,6.93882981849753,0,9.40355473406175,0,0,0,4.26531583837264,0,0,0,0,0,7.28621416091919,0,0,13.1070504869734,0,0,0,5.81089210510254,0,30.3749694824219,0,0,0,0,0,0,0,19.4069652557373,0,0,0,6.80177252633231,6.00219696608236,10.4724757035573,6.454539776199,0,8.09859828948975
0,5.30759360904777,0,4.26280268941607,0,8.56419030213967,0,0,0,0,0,0,0,0,0,4.16126253938428,52.6243553161621,14.7322727350088,0,0,0,28.6491966247559,0,4.02911602126227,0,2.9512866973877,0,0,0,0,0,0,0,18.913293838501,0,0,0,7.65499506581504,0,0,0,6.12785601615906,0,0,0,0,0,0,0,7.46124840776126,0,0,0,0,0,7.13073315807817,0,0,0,0,0,4.70155353087155,0,0,0,0,5.43418052278716,0,3.34127436186138,0,0,0,0,0,0,0,0,0,0,0,8.10068772055886,0,4.47348316646953,0,5.64920963712157,0,0
0,0,0,0,0,0,3.96768199113699,0,0,0,0,0,3.258538291261,0,0,0,0,0,0,0,4.87860152437368,0,0,0,0,0,0,0,3.2203962802887,0,6.07933759096578,0,0,0,0,0,5.241016487686,0,4.31071109339077,0,0,0,0,0,0,0,16.2337989807129,0,0,0,0,0,4.50182898839315,0,0,0,4.38691911905436,0,2.76933152335031,0,0,0,0,3.59328943490982,0,0,0,0,0,0,0,0,0,5.81132671738615,0,0,0,0,0,61.7829837799072,0,3.43974813281513,3.44196852048238,0,7.70662498474121,0,0
0,0,0,0,0,0,0,0,0,0,0,0,0,0,0,0,0,0,0,3.16865291246554,0,0,0,0,0,0,0,0,0,4.2559530233082,0,0,0,0,0,6.31412258148193,0,3.22898811461942,0,48.1070709228516,89.3982238769531,0,0,0,0,0,0,32.8026008605957,0,0,0,9.14676332473755,0,0,0,0,0,5.02175770215126,0,0,0,0,10.0649157684215,0,0,0,0,0,0,0,0,0,7.86317251661549,0,0,0,0,0,21.1751494407654,0,4.12456560134888,0,3.00652577579021,0,26.3626482486725,0,0
0,0,0,0,2.74599981307983,0,2.95210909843445,0,0,0,3.258538291261,0,0,0,2.85584378242493,0,0,0,0,0,0,0,0,0,0,0,0,0,0,0,0,0,0,0,0,0,0,0,0,0,0,0,0,0,0,0,0,0,0,0,0,0,0,0,0,0,2.72723245620728,0,3.22939298873724,0,2.75299024581909,0,0,0,0,0,0,0,0,0,0,0,0,0,0,0,0,0,0,0,0,0,4.43159961700439,0,0,0,0
0,0,0,0,0,0,0,3.59364823861556,0,0,0,0,0,0,0,4.14290601015091,0,0,0,0,0,0,0,0,0,0,0,0,0,0,0,0,0,0,0,0,0,0,0,0,0,0,0,0,0,0,0,0,0,0,0,0,0,0,0,0,0,0,0,4.23325270252285,0,4.78284088770549,0,0,0,0,0,0,0,0,0,0,0,0,0,0,0,0,0,0,0,0,3.41551308631897,0,0,0,0
0,0,0,0,0,0,0,0,3.59234094619751,0,0,0,2.85584378242493,0,0,0,10.5761576942776,39.3161337375641,0,0,0,0,0,0,9.48586286031283,0,4.61494905031644,0,0,0,0,0,0,0,0,0,0,0,0,0,0,0,0,0,0,0,0,0,0,0,3.7991578578949,0,0,0,5.3088131904602,0,0,0,0,0,3.35998176408294,0,0,0,0,35.4295196533203,0,18.9366234143575,0,8.75054754930384,0,0,0,0,0,0,0,0,0,0,0,0,9.02017034101122,18.4952774047852,0,0,0
0,0,0,0,0,6.66578390748029,0,0,0,4.16126253938428,0,0,0,4.14290601015091,0,0,0,7.26547648455646,0,0,0,0,0,0,0,0,0,0,0,0,0,0,0,0,0,0,0,0,0,0,0,0,0,0,0,0,0,0,0,0,0,8.57807952707464,0,0,0,5.42003418029623,0,0,0,2.95661473274231,0,3.50656370767232,0,0,0,0,0,0,2.90240464607875,0,0,0,0,0,0,0,0,0,0,0,0,0,8.20690812340266,0,0,0,0
0,0,0,0,0,0,0,0,11.524134436365,52.6243553161621,0,0,0,0,10.5761576942776,0,0,25.3484335693156,20.4513509974336,65.9378051757812,0,32.0871030898321,10.756831715731,35.3697618035709,21.762126866177,46.4678556542648,13.1284444481836,0,4.60668547400113,0,0,0,0,0,0,86.3420448303223,99.4134946550642,0,0,59.1248474121094,64.7194117307663,55.9201577504476,40.3377787272135,0,42.0873374938965,61.9915037155151,54.7950080871582,74.4233703613281,59.1735877990723,0,0,0,0,0,21.2328139146169,0,0,0,0,0,13.4716851506382,0,74.7119105202811,0,31.1205611228943,11.3307476195297,0,17.7120788536262,33.0957582261827,15.5372929306694,0,0,0,0,0,0,0,0,80.4042147681827,76.195103932576,0,0,14.391685990206,8.13487033266695,67.0595514250965,64.1850147247314,0
0,0,0,0,0,0,0,0,44.2432253049768,14.7322727350088,0,0,0,0,39.3161337375641,7.26547648455646,25.3484335693156,0,17.412550520935,0,0,16.963408846661,34.6120599053747,19.1013998444095,42.0495143175125,15.0284680014364,38.2828494753156,0,0,0,0,0,0,0,0,79.3261299133301,104.362140655518,0,0,62.9833030700684,64.5972508882221,42.4950272369385,62.3713996887207,0,0,62.9765695844378,63.3528582255046,0,63.9405059814453,0,0,0,0,0,43.0823135375977,9.47879815101624,0,0,0,0,56.3371493021647,13.6104179529043,75.4531548817952,84.5658321380615,15.2311703127327,31.8992994308472,0,51.3675303459167,13.7950738750252,47.5161893665791,0,0,127.353385925293,0,0,0,0,0,68.3986673355103,71.6419647412422,0,0,14.4461548949712,7.78498035852096,57.9322136561076,32.9216602325439,0
0,3.15021950006485,0,72.7195014953613,85.5922241210938,0,0,0,37.5717278393832,0,0,0,0,0,0,0,20.4513509974336,17.412550520935,0,46.4390682841456,53.3283386230469,44.129546870356,43.6271217052753,43.6853103637695,33.1861300675765,23.6333999633789,37.1478328704834,0,0,0,0,0,0,0,0,63.9108827737662,72.6461922476225,31.8504136403402,0,45.9149340523614,47.1866303770554,28.9023909671507,29.7876378896004,21.8298172950745,20.5610833962758,39.2240060871545,40.6999447471217,70.9983997344971,42.837922560863,52.9517211914062,0,0,0,0,0,0,0,60.2261377970378,0,0,98.2902221679688,0,46.3191181239375,59.9331112911827,0,37.6344718933105,0,0,35.409787495931,49.4335260391235,54.0489120483398,0,51.5627288818359,0,0,63.8537381490072,0,0,47.6813888270832,53.3642930363098,49.7796429854173,0,16.2360099036025,34.1544981919802,34.9632598582554,25.1371056653451,36.5427305897077
0,0,0,0,0,0,0,2.86070672671,0,0,0,3.16865291246554,0,0,0,0,65.9378051757812,0,46.4390682841456,0,0,0,0,0,0,0,0,0,0,5.35859155654907,0,0,0,0,0,5.69073822611434,0,5.76774682718165,0,34.1757300240653,70.6647148132324,31.7165309099051,46.9615364074707,0,0,22.6810386445787,0,32.6844329833984,0,0,0,0,0,3.37963883082072,0,0,0,5.59853985358258,0,0,0,0,9.02086744127394,74.9820709228516,0,0,0,0,0,0,0,0,24.4632130861282,0,0,0,0,0,8.3214183810078,81.380054473877,15.951343536377,0,8.68954129196773,0,25.8916592257363,50.344051361084,0
0,0,12.2666568756104,0,8.54577237700824,0,0,0,13.0785396893819,0,4.87860152437368,0,0,0,0,0,0,0,53.3283386230469,0,0,0,0,0,0,0,0,0,0,0,0,0,0,0,0,0,7.33041916554233,0,4.26024380867634,0,30.1157655715942,0,0,0,0,0,13.2886891015198,0,57.1217575073242,0,12.3159592151642,0,0,0,14.028112411499,0,3.76779174864442,0,0,0,0,0,0,5.95114066799587,0,0,0,0,0,0,0,0,0,5.57226276397705,0,0,0,0,0,11.6519572431037,83.0803451538086,5.29967736472254,6.02132532634134,14.240859746933,8.12774620389426,0,0
0,0,0,0,0,0,0,0,63.5641021728516,28.6491966247559,0,0,0,0,0,0,32.0871030898321,16.963408846661,44.129546870356,0,0,0,5.12003493816295,7.60979808280614,0,9.75790469270003,31.4009160995483,0,0,0,0,0,0,0,0,0,0,10.431452513332,0,0,0,0,0,0,0,0,0,27.40545018514,0,13.85929423546,0,0,0,0,0,0,0,24.7964884440104,0,22.4626960754395,0,0,0,0,4.74938550934273,45.9457626342773,6.44046829281182,0,8.1752197265625,0,8.24373006597336,0,14.8429191640905,0,0,0,0,0,0,0,8.50017453537506,0,6.02807221058422,4.03029020749606,23.9249066439542,0,0
0,0,0,0,0,0,0,0,33.018123626709,0,0,0,0,0,0,0,10.756831715731,34.6120599053747,43.6271217052753,0,0,5.12003493816295,0,0,8.28349018678433,0,6.55845241232233,0,3.50905794066352,0,0,0,0,0,0,0,0,0,4.14274542824975,0,0,59.4599151611328,0,0,0,0,0,0,5.94734268343967,0,0,0,0,0,0,0,0,0,0,0,28.3259315490723,0,0,0,0,4.44327603826266,0,4.71895930767059,0,15.7919031211308,0,4.05305302143097,0,0,0,0,0,0,82.3090591430664,0,0,4.83089605084172,7.10912281714225,9.3083164691925,0,0,0
0,0,0,0,0,0,0,0,29.9672698974609,4.02911602126227,0,0,0,0,0,0,35.3697618035709,19.1013998444095,43.6853103637695,0,0,7.60979808280614,0,0,0,3.99657009421168,0,0,0,0,0,0,0,0,0,0,0,5.06985703502039,0,0,0,0,0,0,0,0,0,0,0,5.56185652335844,0,0,0,0,0,6.19080295540252,0,0,0,22.4434158325195,0,0,0,0,7.24699737402109,28.7050113677979,3.91796893308937,56.8829040527344,4.76636410986676,0,14.4825593616281,0,0,0,0,0,0,0,0,0,4.77204174087161,0,10.9113275983117,42.8464736938477,9.75788122957403,0,0
0,0,0,0,0,0,0,0,21.9353682994843,0,0,0,0,0,9.48586286031283,0,21.762126866177,42.0495143175125,33.1861300675765,0,0,0,8.28349018678433,0,0,0,4.77928580080762,0,0,0,0,0,0,0,0,0,0,0,4.52576693856573,0,0,0,0,0,0,0,0,0,5.3538158291676,0,0,0,0,0,6.33800633748372,0,0,0,0,0,24.4732551574707,0,0,0,0,15.7444375991821,0,4.27486311733176,0,11.140262901783,0,0,0,0,0,0,0,0,0,116.041160583496,0,5.89416259811038,12.8895812671822,27.6334143214756,4.18375423321357,0,0
0,0,0,0,0,0,0,0,0,2.9512866973877,0,0,0,0,0,0,46.4678556542648,15.0284680014364,23.6333999633789,0,0,9.75790469270003,0,3.99657009421168,0,0,54.5633869171143,0,0,0,0,0,0,0,0,0,0,0,0,0,0,0,0,0,0,0,0,0,0,4.2145299911499,0,0,0,0,0,0,0,0,0,0,0,0,0,0,9.45497453212738,0,3.63832557201385,0,4.43842623209712,49.7853240966797,0,0,0,0,0,0,0,0,0,82.0687713623047,0,0,21.6001720183935,13.9025373458862,0,0,0
0,0,0,0,0,0,0,0,37.5647610028585,0,0,0,0,0,4.61494905031644,0,13.1284444481836,38.2828494753156,37.1478328704834,0,0,31.4009160995483,6.55845241232233,0,4.77928580080762,54.5633869171143,0,0,2.96263117790222,0,0,0,0,0,0,0,0,0,0,0,0,0,0,0,0,0,0,0,0,0,0,0,0,0,4.84639716148376,0,0,0,0,0,3.41367027163506,0,0,0,0,12.1184787750244,0,3.74606833400497,0,4.56803467928195,0,4.73353951476341,0,0,0,0,0,0,0,0,0,0,12.7563090091311,17.4522342681885,0,0,0
0,0,0,0,0,0,0,0,0,0,0,0,0,0,0,0,0,0,0,0,0,0,0,0,0,0,0,0,0,3.224680249224,0,0,0,0,0,0,0,3.03331807080437,0,0,0,0,0,0,0,0,0,0,0,0,0,0,0,0,0,0,0,0,0,0,0,0,0,0,6.40812006450835,0,0,0,4.21544694900513,0,3.84091273529662,0,5.83947432958163,0,0,0,0,0,0,0,4.62770548794005,0,0,0,0,0,0
0,0,0,0,0,0,0,0,0,0,3.2203962802887,0,0,0,0,0,4.60668547400113,0,0,0,0,0,3.50905794066352,0,0,0,2.96263117790222,0,0,0,3.88098611847939,0,0,0,0,0,0,0,3.34490319929625,0,0,0,0,0,0,0,0,0,0,0,0,0,0,0,0,0,0,0,0,0,0,0,0,0,0,3.62084145787396,0,0,0,2.95923739433289,0,3.71753069734186,0,3.13770145840115,0,0,0,0,0,0,0,5.22524284989866,3.24146015379164,3.69859913417271,0,0,0
0,0,0,0,0,0,0,0,0,0,0,4.2559530233082,0,0,0,0,0,0,0,5.35859155654907,0,0,0,0,0,0,0,3.224680249224,0,0,0,0,0,0,0,0,0,3.76409032726815,0,0,0,0,0,0,0,0,0,0,0,62.3642616271973,0,0,0,0,0,0,0,5.55556960695798,0,0,0,0,21.72958584185,0,0,0,0,0,0,0,3.68801745346614,0,4.65942313899733,0,0,0,0,0,63.9777984619141,0,7.5096478023619,0,2.74437522888184,0,0,0,0
0,0,0,0,0,0,0,0,0,0,6.07933759096578,0,0,0,0,0,0,0,0,0,0,0,0,0,0,0,0,0,3.88098611847939,0,0,0,0,0,0,0,0,0,5.82008477729586,0,0,0,0,0,0,0,0,0,0,0,0,0,0,0,0,0,3.02148327231407,0,0,0,0,0,0,0,0,0,0,0,0,0,0,3.0089498013258,0,6.02609978791545,0,0,0,0,0,0,0,6.40562787922946,4.34328866004944,0,0,0,0
0,0,0,0,0,0,0,0,0,0,0,0,0,0,0,0,0,0,0,0,0,0,0,0,0,0,0,0,0,0,0,0,2.95651435852051,6.94014796133964,2.95577931404114,3.1376989086469,0,0,0,0,0,0,0,0,0,0,0,4.63223780590667,0,7.07606565035306,0,0,0,0,0,0,0,0,0,0,0,0,0,0,0,0,0,0,0,0,0,0,0,0,4.20078186318278,5.01844131946564,8.76050359725952,0,3.22342686406497,0,0,0,3.0260997173634,0,0,0,0
0,0,0,0,0,0,0,0,0,0,0,0,0,0,0,0,0,0,0,0,0,0,0,0,0,0,0,0,0,0,0,2.95651435852051,0,0,6.31747034574166,0,3.56925021006366,0,0,0,0,0,0,0,0,0,0,4.74930068590109,6.33183026313782,0,0,0,0,0,0,0,0,0,0,0,0,0,0,0,0,0,0,0,0,0,0,0,0,0,0,4.31514792834401,0,9.51072976158725,0,5.93725847443448,0,0,3.52597205617786,0,0,0,0
0,0,0,0,0,0,0,0,0,18.913293838501,0,0,0,0,0,0,0,0,0,0,0,0,0,0,0,0,0,0,0,0,0,6.94014796133964,0,0,3.13904507060188,3.40957866754747,0,5.15765900985558,0,0,0,0,0,0,0,0,0,4.769309570623,0,11.7660900354385,0,0,0,0,0,0,0,0,0,0,0,0,0,0,0,0,0,0,0,0,0,0,0,0,6.09431785670194,0,3.75798435930077,3.72148298850426,0,0,12.3635759483684,0,5.75632862138077,0,7.81105422973633,0,0
0,0,0,0,0,0,0,0,0,0,0,0,0,0,0,0,0,0,0,0,0,0,0,0,0,0,0,0,0,0,0,2.95577931404114,6.31747034574166,3.13904507060188,0,0,3.74486656867311,0,7.72805622332266,0,0,0,17.8503446578979,0,0,0,0,4.97802561847185,5.0285543402036,0,0,0,0,0,0,0,0,0,0,0,0,0,0,0,0,0,0,0,0,0,0,0,0,0,0,9.31860263757244,4.57595118746027,4.40904123701008,0,5.47942214468564,0,6.08163143564517,5.65162578609818,3.80499935150146,5.87596273422241,0,0
0,53.7895498275757,0,17.7588232676188,0,9.95402012298356,0,0,0,0,0,6.31412258148193,0,0,0,0,86.3420448303223,79.3261299133301,63.9108827737662,5.69073822611434,0,0,0,0,0,0,0,0,0,0,0,3.1376989086469,0,3.40957866754747,0,0,4.19805036010323,5.89950420348116,0,13.4259180969662,89.7964197794596,49.8401097593636,72.30832862854,47.6347427368164,0,39.3047587541434,86.3508758544922,9.59483686515263,0,19.205151930088,0,25.651403427124,0,0,0,25.5677604675293,0,31.4696310957273,0,0,0,0,15.8729430909833,0,0,0,0,0,0,0,0,0,68.5091041564941,0,8.21662346522013,0,4.86306566458482,0,8.13761750876295,20.6561915278435,8.54279796270391,0,6.39141429171093,5.38856994188749,36.9107407027778,49.3004332648383,0
0,0,0,0,20.0850190899589,0,0,0,11.3918914794922,0,5.241016487686,0,0,0,0,0,99.4134946550642,104.362140655518,72.6461922476225,0,7.33041916554233,0,0,0,0,0,0,0,0,0,0,0,3.56925021006366,0,3.74486656867311,4.19805036010323,0,0,4.79745290487655,0,74.9828205108643,0,49.9977913103606,0,53.8840326944987,115.071891784668,37.0573060403022,4.12487508545459,11.5688955530207,15.4642107827323,26.0177507155981,0,0,0,12.7221085230509,0,29.8023729324341,0,0,0,0,0,90.5875625610352,17.7600457710711,0,0,0,0,0,0,0,0,0,0,0,4.86295633845859,0,6.21613390599528,88.341455078125,7.60107141751407,0,5.37280895849096,6.15929862112548,4.33658732686724,36.4636389706649,0,52.2594223022461
0,0,0,0,0,0,0,0,0,7.65499506581504,0,3.22898811461942,0,0,0,0,0,0,31.8504136403402,5.76774682718165,0,10.431452513332,0,5.06985703502039,0,0,0,3.03331807080437,0,3.76409032726815,0,0,0,5.15765900985558,0,5.89950420348116,0,0,0,49.5267524719238,70.3032684326172,7.94713191425099,0,0,0,27.3768984476725,0,7.98299595606049,0,6.65681059338802,0,0,0,0,0,6.54003255897098,0,7.68496207589085,0,0,0,0,18.2545319281587,0,15.9003338023444,0,4.94709709974436,0,0,0,8.26810199306125,0,11.2010248361632,0,0,0,4.105301026142,0,7.01945920606415,81.2458190917969,5.33609294402283,0,5.22981392037202,3.97782056808472,8.03651916249862,24.5240230560303,0
0,0,0,0,0,0,0,0,5.29736101918104,0,4.31071109339077,0,0,0,0,0,0,0,0,0,4.26024380867634,0,4.14274542824975,0,4.52576693856573,0,0,0,3.34490319929625,0,5.82008477729586,0,0,0,7.72805622332266,0,4.79745290487655,0,0,0,0,0,4.38400216897329,0,62.9692077636719,0,23.7063744862874,8.48518976798424,5.07866027843104,0,0,0,0,0,6.03152312234391,0,0,0,0,0,0,0,0,16.6318046251933,0,7.87490877216938,0,3.26669890403748,0,0,0,3.48633143724489,0,5.91450537575616,0,0,0,9.85385435002709,0,9.48479812868525,0,6.09767359835657,4.35829299048448,2.8947747187181,4.07771464405638,0,0
0,0,0,30.0336652483259,0,30.5448474884033,0,0,0,0,0,48.1070709228516,0,0,0,0,59.1248474121094,62.9833030700684,45.9149340523614,34.1757300240653,0,0,0,0,0,0,0,0,0,0,0,0,0,0,0,13.4259180969662,0,49.5267524719238,0,0,55.4126415252686,22.5288916501132,76.4911041259766,0,0,21.2124125680258,48.8172798156738,6.25374310940236,0,6.90226477491963,0,0,0,0,0,0,0,40.8038788575393,0,0,0,0,26.8525251963428,0,0,0,0,0,0,0,0,0,31.2080321311951,0,0,0,0,0,16.4186341666772,70.8841018676758,9.31106105749158,0,16.430448450361,0,18.1809758732374,27.7759156227112,0
0,0,35.5378189086914,0,65.5726470947266,0,0,0,0,0,0,89.3982238769531,0,0,0,0,64.7194117307663,64.5972508882221,47.1866303770554,70.6647148132324,30.1157655715942,0,0,0,0,0,0,0,0,0,0,0,0,0,0,89.7964197794596,74.9828205108643,70.3032684326172,0,55.4126415252686,0,61.6664739755484,23.5397936054802,0,28.4415557987087,62.4407372107873,17.7819948001245,20.2378364777723,16.2750297432748,0,22.1237144470215,0,0,0,0,0,0,74.1944427490234,0,0,0,0,68.6858537847345,24.9382916976666,0,0,0,0,0,0,0,0,0,0,0,24.3983285903931,0,0,72.5952840911017,25.7435238733961,72.2328694661458,4.54747535632207,28.5187334272597,0,24.6689392024562,53.1240673065186,23.8370852535274
0,7.57395536955013,0,26.0951511383057,0,41.5396881103516,0,0,0,6.12785601615906,0,0,0,0,0,0,55.9201577504476,42.4950272369385,28.9023909671507,31.7165309099051,0,0,59.4599151611328,0,0,0,0,0,0,0,0,0,0,0,0,49.8401097593636,0,7.94713191425099,0,22.5288916501132,61.6664739755484,0,6.81426053930212,7.02108788490295,0,21.9353820131025,40.503142674764,14.3187012212318,53.6668930053711,9.4633677717066,0,0,0,0,0,16.1931522369385,0,16.9427831758152,0,0,0,0,26.7709200087414,82.0912322998047,0,0,0,0,0,0,0,0,32.2942387717111,0,0,0,0,0,29.9833638756145,65.9230543437757,28.1108927064472,0,8.66316895968813,33.489444732666,12.576283156971,8.83363302284465,74.3051071166992
8.07297956838017,0,19.6133427534275,0,0,0,0,0,7.79532654796328,0,0,0,0,0,0,0,40.3377787272135,62.3713996887207,29.7876378896004,46.9615364074707,0,0,0,0,0,0,0,0,0,0,0,0,0,0,17.8503446578979,72.30832862854,49.9977913103606,0,4.38400216897329,76.4911041259766,23.5397936054802,6.81426053930212,0,0,22.6656306584676,56.4892721176147,23.9286696236089,10.290517969239,13.8051273595149,0,0,0,0,0,24.1126691102982,0,0,54.1347007751465,0,0,21.956111907959,0,75.2597920735677,27.7750153975053,0,0,0,0,0,0,0,0,0,0,0,38.269050011268,0,0,58.8542191641671,33.8519886012845,58.6693210601807,17.9554694493612,9.57817127634252,16.5907588799795,11.6088383176764,31.4796409606934,8.72044342111674
0,0,0,0,0,0,0,0,0,0,0,0,0,0,0,0,0,0,21.8298172950745,0,0,0,0,0,0,0,0,0,0,0,0,0,0,0,0,47.6347427368164,0,0,0,0,0,7.02108788490295,0,0,0,0,0,0,0,0,0,0,0,0,0,0,0,0,0,0,0,0,19.6146391868591,0,0,0,0,0,0,0,0,0,0,0,0,0,0,0,28.9121022820473,45.7387161254883,24.1021513938904,0,0,0,17.5153168269566,5.26300001144409,0
0,0,0,0,0,0,0,0,0,0,0,0,0,0,0,0,42.0873374938965,0,20.5610833962758,0,0,0,0,0,0,0,0,0,0,0,0,0,0,0,0,0,53.8840326944987,0,62.9692077636719,0,28.4415557987087,0,22.6656306584676,0,0,0,16.8480034828186,38.7802085876465,24.9620399475098,0,0,0,0,0,0,0,0,0,0,0,0,0,0,19.8069868087769,0,0,0,0,0,0,0,0,0,0,0,35.826208114624,0,0,49.810863494873,37.3043604311736,0,52.9018783569336,52.057296593984,0,18.1975189281415,0,17.2426810264587
0,26.7564105987549,0,12.6827669577165,0,18.8085532188416,0,0,0,0,0,0,0,0,0,0,61.9915037155151,62.9765695844378,39.2240060871545,22.6810386445787,0,0,0,0,0,0,0,0,0,0,0,0,0,0,0,39.3047587541434,115.071891784668,27.3768984476725,0,21.2124125680258,62.4407372107873,21.9353820131025,56.4892721176147,0,0,0,50.0227909088135,26.4034283955892,52.3907785415649,24.2339528711831,0,0,0,0,0,0,0,20.9072000980377,0,0,0,0,19.2805679333516,67.3201141357422,0,0,0,0,0,0,38.0196914672852,0,25.9845804734664,0,0,0,0,0,26.8252244862436,74.1262090047201,22.9075253333574,0,25.9877187078313,10.9176058769226,19.0226672177861,32.8844324111938,0
0,0,16.1094746589661,0,21.4104762830232,0,0,0,0,0,16.2337989807129,0,0,0,0,0,54.7950080871582,63.3528582255046,40.6999447471217,0,13.2886891015198,0,0,0,0,0,0,0,0,0,0,0,0,0,0,86.3508758544922,37.0573060403022,0,23.7063744862874,48.8172798156738,17.7819948001245,40.503142674764,23.9286696236089,0,16.8480034828186,50.0227909088135,0,0,22.5080525080363,21.0168571472168,20.0544286251068,0,0,0,22.4965953826904,0,0,53.410774230957,0,0,0,0,57.8963302612305,10.0158838299437,0,0,0,0,0,0,0,0,0,0,0,34.9732570648193,0,0,65.7584934234619,20.7687862885855,0,22.6783959524972,30.33850684031,0,14.1224657486244,0,17.8955887744301
0,0,0,0,0,33.4637552897135,0,0,0,0,0,32.8026008605957,0,0,0,0,74.4233703613281,0,70.9983997344971,32.6844329833984,0,27.40545018514,0,0,0,0,0,0,0,0,0,4.63223780590667,4.74930068590109,4.769309570623,4.97802561847185,9.59483686515263,4.12487508545459,7.98299595606049,8.48518976798424,6.25374310940236,20.2378364777723,14.3187012212318,10.290517969239,0,38.7802085876465,26.4034283955892,0,0,8.42799966500897,7.12083025694703,0,0,0,0,0,0,0,37.3238220214844,0,0,0,0,28.7847668784005,0,28.7832384109497,0,0,0,0,0,0,0,0,17.9338677724202,4.60850789748042,5.23855648423068,5.44612402098341,6.11261633839914,6.00734194584569,21.0498112085703,8.80938321792433,11.9777691910019,4.74440940404342,0,6.7715874805683,0,34.605598449707
5.06174228146178,0,4.93580214279454,0,33.4765709877014,0,0,0,6.93882981849753,0,0,0,0,0,0,0,59.1735877990723,63.9405059814453,42.837922560863,0,57.1217575073242,0,5.94734268343967,0,5.3538158291676,0,0,0,0,0,0,0,6.33183026313782,0,5.0285543402036,0,11.5688955530207,0,5.07866027843104,0,16.2750297432748,53.6668930053711,13.8051273595149,0,24.9620399475098,52.3907785415649,22.5080525080363,8.42799966500897,0,4.39435853863394,21.0171123147011,0,0,0,5.37476820578942,0,5.6866288399773,0,8.15316313505173,0,3.70566485491064,0,60.889665222168,40.0926560211182,0,4.85895539106763,0,3.84301250049481,0,3.52154839417291,0,5.90911147459746,0,9.28246363837232,0,10.6064624786377,0,5.08335762489133,64.0736822648482,22.5021205520084,0,6.73771526181237,11.3699981050177,0,9.56530710107065,30.2652187347412,15.5928277671337
0,5.45113024593058,0,12.5628110561215,45.7055282592773,32.1928869883219,0,0,0,7.46124840776126,0,0,0,0,0,0,0,0,52.9517211914062,0,0,13.85929423546,0,5.56185652335844,0,4.2145299911499,0,0,0,62.3642616271973,0,7.07606565035306,0,11.7660900354385,0,19.205151930088,15.4642107827323,6.65681059338802,0,6.90226477491963,0,9.4633677717066,0,0,0,24.2339528711831,21.0168571472168,7.12083025694703,4.39435853863394,0,48.0013198852539,0,0,0,0,9.29667274711668,0,9.08649709512448,0,13.6640477942437,0,6.47425513667178,32.3576920259567,46.7082862854004,13.1997898228232,0,5.61238216164314,0,5.58145697570982,0,8.72373348332935,0,9.43619477252165,0,5.44023128350576,14.6950120925903,7.27769227027893,0,6.61026805811618,32.2493727547782,6.66869996236233,0,8.04959234355046,0,9.35854878320563,13.9465593232049,0
0,0,7.0542913698914,0,4.42492148298655,0,3.05728709697723,0,9.40355473406175,0,0,0,0,0,3.7991578578949,0,0,0,0,0,12.3159592151642,0,0,0,0,0,0,0,0,0,0,0,0,0,0,0,26.0177507155981,0,0,0,22.1237144470215,0,0,0,0,0,20.0544286251068,0,21.0171123147011,48.0013198852539,0,0,3.07494167770658,0,7.58526210431699,0,3.57720756530762,0,3.20690608907629,0,3.4027294745812,0,0,11.4659023365391,0,0,0,0,0,0,0,0,0,0,0,0,0,0,0,19.4036830425262,0,0,10.7965781518391,0,13.8864529815952,0,0
0,0,0,8.51715108675834,0,5.61815307739584,0,0,0,0,0,9.14676332473755,0,0,0,8.57807952707464,0,0,0,0,0,0,0,0,0,0,0,0,0,0,0,0,0,0,0,25.651403427124,0,0,0,0,0,0,0,0,0,0,0,0,0,0,0,0,0,0,0,0,0,5.86265830745755,0,5.60293525915879,0,6.27531634779537,18.2725563049316,0,0,0,0,0,0,0,0,0,0,0,0,0,0,0,21.313224474589,0,0,0,10.1769977609317,0,10.0321558271136,0,0
0,0,0,0,0,0,3.29856978832407,0,0,0,4.50182898839315,0,0,0,0,0,0,0,0,0,0,0,0,0,0,0,0,0,0,0,0,0,0,0,0,0,0,0,0,0,0,0,0,0,0,0,0,0,0,0,3.07494167770658,0,0,0,0,0,3.42894509103563,0,0,0,0,0,0,0,0,0,0,0,0,0,0,0,0,0,0,0,0,0,0,0,0,0,0,0,0,0,0
0,0,0,0,0,0,0,2.91084238199087,0,0,0,0,0,0,0,0,0,0,0,3.37963883082072,0,0,0,0,0,0,0,0,0,0,0,0,0,0,0,0,0,0,0,0,0,0,0,0,0,0,0,0,0,0,0,0,0,0,0,0,0,0,0,0,0,0,0,0,0,0,0,0,0,0,0,0,0,0,0,0,0,0,0,0,0,0,2.85462367534637,0,0,0,0
6.24227826870405,0,5.42825744362438,0,7.41325490911242,0,0,0,4.26531583837264,0,0,0,0,0,5.3088131904602,0,21.2328139146169,43.0823135375977,0,0,14.028112411499,0,0,0,6.33800633748372,0,4.84639716148376,0,0,0,0,0,0,0,0,0,12.7221085230509,0,6.03152312234391,0,0,0,24.1126691102982,0,0,0,22.4965953826904,0,5.37476820578942,0,7.58526210431699,0,0,0,0,0,0,0,0,0,4.99715783198674,0,0,14.0992371241252,0,0,0,7.48570605686733,0,31.445369720459,0,0,0,0,0,0,0,0,0,17.0378704071045,0,5.95395270415715,11.4611359285505,0,15.1425948075845,0,26.0359881083171
0,4.74641059538753,0,7.57668897900242,0,17.419687968034,0,0,0,7.13073315807817,0,0,0,0,0,5.42003418029623,0,9.47879815101624,0,0,0,0,0,6.19080295540252,0,0,0,0,0,0,0,0,0,0,0,25.5677604675293,0,6.54003255897098,0,0,0,16.1931522369385,0,0,0,0,0,0,0,9.29667274711668,0,0,0,0,0,0,0,7.80900381229542,0,4.20663011074066,0,5.60000365516149,62.156379699707,0,0,0,6.88560192082638,0,0,0,0,0,0,0,0,0,0,0,31.732006072998,0,7.61665506090437,0,13.3727385474414,0,9.75036386800616,0,0
0,0,2.94955062866211,0,0,0,4.07132386036639,0,0,0,4.38691911905436,0,2.72723245620728,0,0,0,0,0,0,0,3.76779174864442,0,0,0,0,0,0,0,0,0,3.02148327231407,0,0,0,0,0,29.8023729324341,0,0,0,0,0,0,0,0,0,0,0,5.6866288399773,0,3.57720756530762,0,3.42894509103563,0,0,0,0,0,5.06586713637487,0,5.83036359681024,0,0,4.95396102970377,0,0,0,0,0,0,0,5.47777529299154,0,3.75194958540109,0,0,0,0,0,16.7333250045776,0,0,5.51527335837081,0,4.1532310970494,0,0
0,0,0,0,0,10.8889608094186,0,0,0,0,0,5.02175770215126,0,0,0,0,0,0,60.2261377970378,5.59853985358258,0,24.7964884440104,0,0,0,0,0,0,0,5.55556960695798,0,0,0,0,0,31.4696310957273,0,7.68496207589085,0,40.8038788575393,74.1944427490234,16.9427831758152,54.1347007751465,0,0,20.9072000980377,53.410774230957,37.3238220214844,0,9.08649709512448,0,5.86265830745755,0,0,0,7.80900381229542,0,0,0,4.90674581232173,0,5.01470572749774,10.7376390977306,0,0,0,0,0,0,0,7.17531803190088,0,6.66086093126134,0,0,0,0,0,50.7216924360429,88.6960563659668,21.798749343769,0,8.38212636456345,0,15.5368833895854,14.2444016865322,0
0,0,0,0,0,0,0,0,0,0,2.76933152335031,0,3.22939298873724,0,0,0,0,0,0,0,0,0,0,0,0,0,0,0,0,0,0,0,0,0,0,0,0,0,0,0,0,0,0,0,0,0,0,0,8.15316313505173,0,3.20690608907629,0,0,0,0,0,5.06586713637487,0,0,0,4.82229792310836,0,0,0,0,0,0,0,0,4.39517138799032,0,7.02887067080594,0,0,0,0,0,0,0,0,0,0,0,0,0,0,0
0,0,0,4.18455641468366,0,0,0,0,0,0,0,0,0,4.23325270252285,0,2.95661473274231,0,0,0,0,0,22.4626960754395,0,22.4434158325195,0,0,0,0,0,0,0,0,0,0,0,0,0,0,0,0,0,0,0,0,0,0,0,0,0,13.6640477942437,0,5.60293525915879,0,0,0,4.20663011074066,0,4.90674581232173,0,0,0,3.74159599702383,0,0,24.4833374023438,0,22.5842425425847,0,17.0842075018289,0,8.0567837136195,0,0,0,0,0,0,0,0,0,20.8857504526774,0,2.74679517745972,2.95591711997986,0,0,0
5.76596244898709,0,3.10113886424473,0,0,0,0,0,7.28621416091919,0,0,0,2.75299024581909,0,3.35998176408294,0,13.4716851506382,56.3371493021647,98.2902221679688,0,0,0,28.3259315490723,0,24.4732551574707,0,3.41367027163506,0,0,0,0,0,0,0,0,0,0,0,0,0,0,0,21.956111907959,0,0,0,0,0,3.70566485491064,0,3.4027294745812,0,0,0,4.99715783198674,0,5.83036359681024,0,4.82229792310836,0,0,0,0,0,0,0,0,24.0258932113647,0,3.90206188184244,0,3.96765275001526,0,0,0,0,0,0,0,0,0,0,15.4848612790467,12.224066734314,0,0,0
0,4.78796801643987,0,5.63726732817041,0,6.74532642682393,0,0,0,4.70155353087155,0,0,0,4.78284088770549,0,3.50656370767232,0,13.6104179529043,0,0,0,0,0,0,0,0,0,0,0,0,0,0,0,0,0,0,0,0,0,0,0,0,0,0,0,0,0,0,0,6.47425513667178,0,6.27531634779537,0,0,0,5.60000365516149,0,5.01470572749774,0,3.74159599702383,0,0,0,0,0,0,0,0,5.21917476119666,0,6.26228766441345,0,0,0,0,0,0,0,0,0,0,0,8.86592548801785,0,14.8271268208822,0,0
0,35.6846609115601,0,20.8371406131321,0,16.9739457766215,0,0,0,0,0,10.0649157684215,0,0,0,0,74.7119105202811,75.4531548817952,46.3191181239375,9.02086744127394,0,0,0,0,0,0,0,0,0,21.72958584185,0,0,0,0,0,15.8729430909833,90.5875625610352,18.2545319281587,0,26.8525251963428,68.6858537847345,26.7709200087414,75.2597920735677,19.6146391868591,0,19.2805679333516,57.8963302612305,28.7847668784005,60.889665222168,32.3576920259567,0,18.2725563049316,0,0,0,62.156379699707,0,10.7376390977306,0,0,0,0,0,70.0733337402344,0,0,0,0,0,0,28.4953233173915,0,23.3109154452282,0,0,0,0,0,14.9296218872656,81.5646707443964,19.5532163708689,0,26.7050507529215,32.3615374565125,21.2587225664961,26.8307167389814,80.0333404541016
0,0,11.4476246833801,0,9.8676914671599,0,0,0,13.1070504869734,0,3.59328943490982,0,0,0,0,0,0,84.5658321380615,59.9331112911827,74.9820709228516,5.95114066799587,0,0,0,0,0,0,0,0,0,0,0,0,0,0,0,17.7600457710711,0,16.6318046251933,0,24.9382916976666,82.0912322998047,27.7750153975053,0,19.8069868087769,67.3201141357422,10.0158838299437,0,40.0926560211182,46.7082862854004,11.4659023365391,0,0,0,14.0992371241252,0,4.95396102970377,0,0,0,0,0,70.0733337402344,0,0,0,0,0,0,0,0,0,0,0,0,89.8096694946289,0,0,83.9058303833008,14.3611025204915,0,10.9075571998717,20.5846081470188,14.4239852905273,11.8576293625709,0,0
0,0,0,0,0,0,0,0,0,0,0,0,0,0,0,0,31.1205611228943,15.2311703127327,0,0,0,4.74938550934273,0,7.24699737402109,0,9.45497453212738,0,6.40812006450835,0,0,0,0,0,0,0,0,0,15.9003338023444,0,0,0,0,0,0,0,0,0,28.7832384109497,0,13.1997898228232,0,0,0,0,0,0,0,0,0,24.4833374023438,0,0,0,0,0,0,6.25155528817361,0,5.31054175601286,0,4.86586450573948,0,16.7380619755498,0,0,0,0,0,0,0,7.61816003118243,0,7.78944503248862,9.16421747207642,22.2536544799805,0,0
0,0,0,0,0,0,0,0,0,0,0,0,0,0,35.4295196533203,0,11.3307476195297,31.8992994308472,37.6344718933105,0,0,45.9457626342773,4.44327603826266,28.7050113677979,15.7444375991821,0,12.1184787750244,0,3.62084145787396,0,0,0,0,0,0,0,0,0,7.87490877216938,0,0,0,0,0,0,0,0,0,4.85895539106763,0,0,0,0,0,0,0,0,0,0,0,0,0,0,0,0,0,0,5.37734903891881,0,16.6116445064545,0,2.92208425415323,0,0,0,0,0,0,0,0,0,4.75235808191221,5.79924277347677,24.5879130022866,0,0,0
0,0,0,0,0,0,0,0,0,5.43418052278716,0,0,0,0,0,0,0,0,0,0,0,6.44046829281182,0,3.91796893308937,0,3.63832557201385,0,0,0,0,0,0,0,0,0,0,0,4.94709709974436,0,0,0,0,0,0,0,0,0,0,0,5.61238216164314,0,0,0,0,0,6.88560192082638,0,0,0,22.5842425425847,0,0,0,0,6.25155528817361,0,0,0,3.36077056008001,0,13.1480693851944,0,0,0,0,0,0,0,0,0,4.51107431480987,0,4.65677763434017,0,8.0417670552426,0,0
0,0,0,0,0,0,0,0,5.81089210510254,0,0,0,0,0,18.9366234143575,0,17.7120788536262,51.3675303459167,0,0,0,0,4.71895930767059,56.8829040527344,4.27486311733176,0,3.74606833400497,0,0,0,0,0,0,0,0,0,0,0,3.26669890403748,0,0,0,0,0,0,0,0,0,3.84301250049481,0,0,0,0,0,7.48570605686733,0,0,0,0,0,24.0258932113647,0,0,0,0,5.37734903891881,0,0,0,8.47831778092818,0,0,0,0,0,0,0,0,0,0,0,3.70932102203369,17.4586482862147,23.5590807596842,4.48111473753097,0,0
0,0,0,0,0,0,0,0,0,3.34127436186138,0,0,0,0,0,2.90240464607875,33.0957582261827,13.7950738750252,35.409787495931,0,0,8.1752197265625,0,4.76636410986676,0,4.43842623209712,0,4.21544694900513,0,0,0,0,0,0,0,0,0,0,0,0,0,0,0,0,0,0,0,0,0,5.58145697570982,0,0,0,0,0,0,0,0,0,17.0842075018289,0,5.21917476119666,0,0,5.31054175601286,0,3.36077056008001,0,0,0,7.28703739278621,0,0,0,0,0,0,0,0,0,0,0,27.6185870468616,0,0,0,0
0,0,0,0,0,0,0,0,30.3749694824219,0,0,0,0,0,8.75054754930384,0,15.5372929306694,47.5161893665791,49.4335260391235,0,0,0,15.7919031211308,0,11.140262901783,49.7853240966797,4.56803467928195,0,2.95923739433289,0,0,0,0,0,0,0,0,0,0,0,0,0,0,0,0,0,0,0,3.52154839417291,0,0,0,0,0,31.445369720459,0,0,0,4.39517138799032,0,3.90206188184244,0,0,0,0,16.6116445064545,0,8.47831778092818,0,0,0,3.91029936583467,0,0,0,0,0,0,0,0,0,0,22.5264837936785,20.7204860959734,0,0,0
0,0,0,0,0,0,0,0,0,0,0,0,0,0,0,0,0,0,54.0489120483398,0,0,8.24373006597336,0,14.4825593616281,0,0,0,3.84091273529662,0,3.68801745346614,0,0,0,0,0,0,0,8.26810199306125,0,0,0,0,0,0,0,38.0196914672852,0,0,0,8.72373348332935,0,0,0,0,0,0,0,7.17531803190088,0,8.0567837136195,0,6.26228766441345,28.4953233173915,0,4.86586450573948,0,13.1480693851944,0,7.28703739278621,0,0,0,6.22781983684731,0,0,0,0,0,0,0,6.11692316352423,0,55.2533912658691,0,43.554637670517,0,0
0,0,0,0,0,0,0,0,0,0,0,0,0,0,0,0,0,0,0,0,0,0,4.05305302143097,0,0,0,4.73353951476341,0,3.71753069734186,0,3.0089498013258,0,0,0,0,0,0,0,3.48633143724489,0,0,0,0,0,0,0,0,0,5.90911147459746,0,0,0,0,0,0,0,5.47777529299154,0,7.02887067080594,0,3.96765275001526,0,0,0,0,2.92208425415323,0,0,0,3.91029936583467,0,0,0,5.8040468190283,0,0,0,0,0,0,0,5.70725675181645,0,0,0,0,0
0,0,0,0,0,0,0,0,0,0,0,7.86317251661549,0,0,0,0,0,127.353385925293,51.5627288818359,24.4632130861282,0,14.8429191640905,0,0,0,0,0,5.83947432958163,0,4.65942313899733,0,0,0,0,0,68.5091041564941,0,11.2010248361632,0,31.2080321311951,0,32.2942387717111,0,0,0,25.9845804734664,0,0,0,9.43619477252165,0,0,0,0,0,0,0,6.66086093126134,0,0,0,0,23.3109154452282,0,16.7380619755498,0,0,0,0,0,6.22781983684731,0,0,0,0,0,0,0,56.5055294036865,0,9.60426656765603,0,39.2352142333984,0,16.8066525838085,0,0
0,0,0,0,0,0,0,0,0,0,5.81132671738615,0,0,0,0,0,0,0,0,0,5.57226276397705,0,0,0,0,0,0,0,3.13770145840115,0,6.02609978791545,0,0,0,0,0,0,0,5.91450537575616,0,0,0,0,0,0,0,0,17.9338677724202,9.28246363837232,0,0,0,0,0,0,0,3.75194958540109,0,0,0,0,0,0,0,0,0,0,0,0,0,0,5.8040468190283,0,0,0,0,0,0,0,0,0,7.20319263336417,0,0,4.22671326468973,0,0
0,0,0,0,0,0,0,0,0,0,0,0,0,0,0,0,0,0,0,0,0,0,0,0,0,0,0,0,0,0,0,4.20078186318278,0,6.09431785670194,0,8.21662346522013,0,0,0,0,0,0,0,0,0,0,0,4.60850789748042,0,5.44023128350576,0,0,0,0,0,0,0,0,0,0,0,0,0,0,0,0,0,0,0,0,0,0,0,0,0,0,4.84787814970705,0,6.54623376210531,0,0,0,2.95088076591492,0,0,0,0
0,0,0,0,0,0,0,0,0,0,0,0,0,0,0,0,0,0,63.8537381490072,0,0,0,0,0,0,0,0,0,0,0,0,5.01844131946564,4.31514792834401,0,9.31860263757244,0,4.86295633845859,0,0,0,24.3983285903931,0,38.269050011268,0,35.826208114624,0,34.9732570648193,5.23855648423068,10.6064624786377,14.6950120925903,0,0,0,0,0,0,0,0,0,0,0,0,0,89.8096694946289,0,0,0,0,0,0,0,0,0,0,0,0,0,7.76583096453252,0,21.1576769047132,0,0,4.26527686982319,0,39.3382873535156,0,39.0139236450195
0,0,0,0,0,0,0,0,0,0,0,0,0,0,0,0,0,0,0,0,0,0,0,0,0,0,0,0,0,0,0,8.76050359725952,0,3.75798435930077,4.57595118746027,4.86306566458482,0,4.105301026142,0,0,0,0,0,0,0,0,0,5.44612402098341,0,7.27769227027893,0,0,0,0,0,0,0,0,0,0,0,0,0,0,0,0,0,0,0,0,0,0,0,0,4.84787814970705,0,0,6.65896248817444,6.39859081172257,0,10.659397623821,0,4.63779353451084,0,7.09416174888611,0,0
0,0,0,0,0,0,0,0,19.4069652557373,0,0,0,0,0,0,0,0,0,0,0,0,0,0,0,0,0,0,0,0,0,0,0,9.51072976158725,3.72148298850426,4.40904123701008,0,6.21613390599528,0,9.85385435002709,0,0,0,0,0,0,0,0,6.11261633839914,5.08335762489133,0,0,0,0,0,0,0,0,0,0,0,0,0,0,0,0,0,0,0,0,0,0,0,0,0,0,7.76583096453252,6.65896248817444,0,0,5.0337436327141,0,4.53197267500764,4.66067146077568,0,6.41327452659607,0,0
0,37.0323118609051,0,34.8690313670946,0,13.9159473722631,0,0,0,0,0,21.1751494407654,0,0,0,0,80.4042147681827,68.3986673355103,47.6813888270832,8.3214183810078,0,0,82.3090591430664,0,0,0,0,0,0,63.9777984619141,0,3.22342686406497,0,0,0,8.13761750876295,88.341455078125,7.01945920606415,0,16.4186341666772,72.5952840911017,29.9833638756145,58.8542191641671,28.9121022820473,49.810863494873,26.8252244862436,65.7584934234619,6.00734194584569,64.0736822648482,6.61026805811618,0,21.313224474589,0,0,0,31.732006072998,0,50.7216924360429,0,0,0,0,14.9296218872656,83.9058303833008,0,0,0,0,0,0,0,0,56.5055294036865,0,6.54623376210531,0,6.39859081172257,0,0,84.801083238819,10.9278654572696,0,18.533215217702,40.3042501969771,29.27997104624,27.531230023413,0
0,0,112.376930236816,78.0476531982422,18.8881476116463,0,0,0,0,0,61.7829837799072,0,0,0,0,0,76.195103932576,71.6419647412422,53.3642930363098,81.380054473877,11.6519572431037,0,0,0,116.041160583496,82.0687713623047,0,0,0,0,0,0,5.93725847443448,0,5.47942214468564,20.6561915278435,7.60107141751407,81.2458190917969,9.48479812868525,70.8841018676758,25.7435238733961,65.9230543437757,33.8519886012845,45.7387161254883,37.3043604311736,74.1262090047201,20.7687862885855,21.0498112085703,22.5021205520084,32.2493727547782,19.4036830425262,0,0,0,17.0378704071045,0,16.7333250045776,88.6960563659668,0,0,0,0,81.5646707443964,14.3611025204915,0,0,0,0,0,0,0,0,0,0,0,21.1576769047132,0,5.0337436327141,84.801083238819,0,82.831787109375,4.8763983863459,26.0752752788723,85.6172561645508,34.4669729468965,58.8846144676208,37.9867024511661
0,0,0,0,0,0,0,0,0,8.10068772055886,0,4.12456560134888,0,0,0,0,0,0,49.7796429854173,15.951343536377,83.0803451538086,8.50017453537506,0,4.77204174087161,0,0,0,4.62770548794005,0,7.5096478023619,0,0,0,12.3635759483684,0,8.54279796270391,0,5.33609294402283,0,9.31106105749158,72.2328694661458,28.1108927064472,58.6693210601807,24.1021513938904,0,22.9075253333574,0,8.80938321792433,0,6.66869996236233,0,0,0,0,0,7.61665506090437,0,21.798749343769,0,20.8857504526774,0,0,19.5532163708689,0,7.61816003118243,0,4.51107431480987,0,0,0,6.11692316352423,0,9.60426656765603,0,0,0,10.659397623821,0,10.9278654572696,82.831787109375,0,0,10.3251620155114,41.3117094635963,15.3859207415642,21.9637736752259,0
0,0,0,0,0,0,0,0,6.80177252633231,0,3.43974813281513,0,0,0,0,0,0,0,0,0,5.29967736472254,0,4.83089605084172,0,5.89416259811038,0,0,0,5.22524284989866,0,6.40562787922946,0,0,0,6.08163143564517,0,5.37280895849096,0,6.09767359835657,0,4.54747535632207,0,17.9554694493612,0,52.9018783569336,0,22.6783959524972,11.9777691910019,6.73771526181237,0,0,0,0,0,5.95395270415715,0,0,0,0,0,0,0,0,10.9075571998717,0,4.75235808191221,0,3.70932102203369,0,0,0,5.70725675181645,0,7.20319263336417,0,0,0,4.53197267500764,0,4.8763983863459,0,0,11.6097054270889,0,5.33400489103914,0,20.0845435460409
