0,81.4460487365723,15.1876356619915,0,33.3077917098999,0,0,0,6.10851397578564,0,0,0,0,0,9.47181630134583,0,25.1943027973175,0,11.3896347481683,0,0,0,0,0,0,0,0,0,0,0,0,0,0,0,0,0,50.5781413487026,0,20.9280973010593,0,39.4642995198568,45.6281724817613,27.5178529063621,0,40.3799476623535,0,38.7597580864316,0,11.9443307988081,0,0,0,0,0,6.16124140850605,0,15.0372535324097,0,17.8232053930109,0,8.22656358168429,0,82.7929534912109,40.1342926025391,0,0,0,11.8116798400879,0,0,0,23.7861833572388,0,29.3634963565403,0,0,0,0,0,42.8905147976346,0,18.1105238097055,19.2414200101738,31.3783644267491,12.7860734978402,135.602081298828,0
81.4460487365723,0,0,7.49235130218138,0,9.21997451782227,0,0,0,6.20552674710065,0,0,0,0,0,0,43.0829582214355,0,9.52127571539445,0,0,0,0,10.4255714029879,0,0,0,0,0,0,0,0,0,0,0,60.4014892578125,0,13.6365408703564,0,39.1110632578532,0,23.4846282350436,47.3074811299642,0,0,17.7982890106911,0,0,60.4541435241699,9.83837866445757,0,0,0,0,0,5.54199881484543,0,20.7272304534912,0,18.5017547607422,0,5.76612925982174,36.1296768188477,0,0,0,9.65113165344991,0,0,0,0,0,27.7010406494141,0,0,0,0,0,41.4891017868133,71.9147491455078,27.7268233218436,0,12.6235226367911,32.8221848431755,14.2201764956574,90.3767471313477,0
15.1876356619915,0,0,0,12.1590561435883,0,0,0,11.2425367163721,0,0,0,0,0,0,0,0,0,38.7282964161464,0,0,0,0,0,0,0,0,0,0,0,0,0,0,0,0,0,41.5569133758545,0,0,0,35.095947265625,56.2600835164388,33.8637568072269,0,30.1119270324707,0,29.7094229940158,0,16.0766950952944,0,9.19727912962128,0,0,0,7.73955477078756,0,21.3765970170498,0,11.9947110835244,0,0,0,70.060920715332,0,0,50.6137542724609,0,0,0,43.1263860066732,0,32.1364237721761,0,30.4717667319558,0,0,0,0,0,68.9713374546596,0,31.3157486915588,13.5633941864338,24.3094125475202,25.9611801019568,0,47.3543033599854
0,7.49235130218138,0,0,0,10.312196969986,0,0,0,8.68182472259768,0,0,0,0,0,0,0,0,41.997040091968,30.9222927093506,0,0,0,23.0844425201416,0,0,0,0,0,0,0,0,0,0,0,13.7117449045181,84.7474517822266,27.459925738248,0,40.6345100521056,0,36.0537697142449,57.8814589182536,0,47.7834930419922,22.294590462672,51.6381139755249,0,35.8469543457031,7.83110403223914,0,6.46229209402193,0,0,0,7.28489880263805,0,17.9379908974106,0,7.45901644857306,0,7.83173399575999,43.2786265479194,0,0,0,20.9909000396729,0,0,0,28.3419783455985,0,30.2321390488568,0,0,0,0,0,45.0841690007378,90.251781463623,39.1962973912557,0,12.7078871501523,65.0640118916829,16.3048319439829,44.8079509735107,0
33.3077917098999,0,12.1590561435883,0,0,0,0,0,5.26583064852895,0,0,0,0,0,0,0,0,110.763473510742,79.444938659668,0,16.6754812240601,0,0,0,0,0,0,0,0,0,0,0,0,0,0,0,51.232982635498,0,0,0,46.3080940246582,0,50.3306382894516,0,0,0,39.738045056661,0,31.617023908175,0,4.77122896564893,0,4.41802013886941,0,5.19132873415947,0,7.4705005179752,0,26.5171451568604,0,6.03352937698364,0,0,0,0,0,0,0,0,0,0,51.7538248697917,0,41.770781993866,0,0,0,0,0,21.953400446021,0,0,9.82452752672393,31.1751556055886,21.5921406398362,0,81.6159973144531
0,9.21997451782227,0,10.312196969986,0,0,0,3.39213132858276,0,4.13235160100807,0,6.93612861633301,0,0,0,2.92245531082153,0,0,0,2.81554873784383,0,0,0,0,0,0,0,0,0,0,0,0,0,0,0,6.33434584049078,0,0,0,54.9992729187012,0,51.6051838214581,0,0,0,34.239559173584,0,0,0,12.5063147419377,0,3.57233611153344,0,3.86132788658142,0,6.64668252070745,0,35.2738724052906,0,6.8128383954366,0,6.46248963604803,57.9630012512207,0,0,0,0,0,0,0,48.5710906982422,0,48.091756439209,0,0,0,0,0,27.3631101156536,0,54.1081848144531,0,5.87043661541409,3.89884388446808,8.86889905380181,0,0
0,0,0,0,0,0,0,0,0,0,3.87331156730652,0,0,0,0,0,0,0,0,0,0,0,0,0,0,0,0,0,0,0,0,0,0,0,0,0,0,0,0,0,0,0,0,0,0,0,0,0,0,0,6.08890390396118,0,3.71152370316642,0,0,0,4.40624500994097,0,0,0,0,0,0,0,0,0,0,0,0,0,0,0,0,0,0,0,0,0,0,0,0,0,3.27851840427944,0,0,0,0
0,0,0,0,0,3.39213132858276,0,0,0,0,0,0,0,0,0,0,0,0,0,0,0,0,0,0,0,0,0,0,0,0,0,0,0,0,0,0,0,0,0,0,0,0,0,0,0,0,0,0,0,0,0,3.26896450916926,0,3.17468719149745,0,0,0,0,0,0,0,0,0,0,0,0,0,0,0,0,0,0,0,0,0,0,0,0,0,0,0,0,3.26149983231614,3.1851313495636,0,0,0
6.10851397578564,0,11.2425367163721,0,5.26583064852895,0,0,0,0,0,0,0,0,0,3.46779072794933,0,9.12741985544562,35.2190628051758,33.5914521217346,0,0,0,0,0,4.18996486792693,0,0,0,0,0,0,0,0,0,0,0,51.8115310668945,0,7.637072738293,0,56.9081726074219,0,12.4405500947839,0,0,0,44.7373819351196,0,17.8757919626912,0,43.212547938029,0,0,0,5.71301288979777,0,20.4445806096812,0,23.8382115281861,0,5.36314738332009,0,0,37.5713221232096,0,38.6033687591553,0,7.74195411470201,0,28.5307532548904,0,25.4620261828105,0,32.1569906870524,0,0,0,0,0,57.7250141143799,0,11.6224936004234,7.12695052051287,31.9728617072105,17.286403594595,0,3.73835122585297
0,6.20552674710065,0,8.68182472259768,0,4.13235160100807,0,0,0,0,0,0,0,0,0,3.84182196656863,0,6.1183225648445,13.8430285453796,0,0,0,0,4.99376824346639,0,2.95330309867859,0,0,0,0,0,0,0,0,0,0,0,11.0318321793578,0,39.1219320297241,0,25.8857029247284,62.8091278076172,0,0,0,0,0,0,9.22125515982369,0,5.79510128498077,0,0,0,5.32067664546161,0,31.3810880184174,0,25.8392887115479,0,4.50603700643574,26.6090888977051,0,0,0,7.53567217611799,0,16.7737030982971,0,32.1235961914062,0,40.2627863566081,0,0,0,0,0,52.1795063018799,0,17.6877808009877,0,7.50529152876593,5.29386379037585,15.8517044457522,18.9552249908447,0
0,0,0,0,0,0,3.87331156730652,0,0,0,0,0,3.66286834081014,0,0,0,0,0,0,0,3.38336024368018,0,0,0,0,0,0,0,7.65417979732496,0,3.45128906690157,0,0,0,0,0,3.83873724937439,0,4.51486419443715,0,0,0,0,0,0,0,0,0,0,0,0,0,5.30560723940531,0,0,0,6.25743714820628,0,5.54352143349775,0,0,0,0,3.02013009786606,0,0,0,0,0,0,0,0,0,6.14633382718588,0,0,0,0,0,4.33484071493149,0,0,3.79475454092026,0,0,0,0
0,0,0,0,0,6.93612861633301,0,0,0,0,0,0,0,2.89644465079674,0,0,0,0,0,3.207091537536,0,0,0,0,0,0,0,4.75238371491432,0,12.9375264921188,0,0,0,0,0,2.94234800338745,0,3.51139532060039,0,0,0,0,0,0,0,0,0,0,0,0,0,5.78951478004456,0,0,0,0,0,6.74085147019589,0,0,0,0,3.6714384892048,0,0,0,0,0,0,0,0,0,13.1371327520727,0,0,0,0,0,0,0,6.50962630071138,0,7.07092908024788,0,4.09801805019379,0,0
0,0,0,0,0,0,0,0,0,0,3.66286834081014,0,0,0,4.44573101951081,0,0,0,0,0,0,0,0,0,0,0,4.51494669914246,0,4.03597517915674,0,0,0,0,0,0,0,0,0,0,0,0,0,0,0,0,0,0,0,6.72165155410767,0,0,0,0,0,0,0,5.16817389084743,0,5.40179928137456,0,5.9902363717556,0,0,0,0,0,0,0,0,7.94591957330704,0,3.52388874689738,0,0,0,0,0,0,0,0,0,0,3.64247832298279,3.21892190702034,17.7279758453369,0,0
0,0,0,0,0,0,0,0,0,0,0,2.89644465079674,0,0,0,4.35330756099857,0,0,0,0,0,0,0,0,0,6.11953349044358,0,5.31195120761792,0,0,0,0,0,0,0,0,0,0,0,0,0,22.1798677444458,0,0,0,0,0,0,0,12.4070245424906,0,0,0,0,0,0,0,11.4793561227394,0,5.20584797485202,0,5.63407031695048,16.7482051849365,0,29.5123310089111,0,0,0,8.89764341676092,0,5.63367543722454,0,0,0,0,0,0,0,0,0,0,0,3.03835779296027,5.14856322606405,17.2238388061523,0,0
9.47181630134583,0,0,0,0,0,0,0,3.46779072794933,0,0,0,4.44573101951081,0,0,0,0,0,0,0,0,0,0,0,0,0,4.65674061245388,0,6.96705102920532,0,0,0,0,0,0,0,0,0,0,0,0,0,29.8148187001546,0,0,0,0,0,8.52929867449261,0,2.74761748313904,0,0,0,4.29402603605668,0,9.03270686756481,0,6.28542256075452,0,4.69842009778534,0,0,0,0,0,0,0,0,5.23749258067157,0,0,0,0,0,0,0,0,0,0,0,0,3.66797428660923,0,12.0026270321437,0,0
0,0,0,0,0,2.92245531082153,0,0,0,3.84182196656863,0,0,0,4.35330756099857,0,0,0,4.61132615804672,0,0,0,0,0,3.32933156490326,0,6.77359811464946,0,0,0,0,0,0,0,0,0,0,0,0,0,0,0,0,0,0,0,0,0,0,0,4.42666459083557,0,2.8335351393773,0,0,0,3.91963885943095,0,11.0235448646545,0,5.75314972777961,0,4.79755546877612,30.6328372955322,0,0,0,0,0,7.64776336369307,0,12.6087532043457,0,0,0,0,0,0,0,0,0,0,0,3.95181468129158,3.24504818235125,13.847767829895,0,0
25.1943027973175,43.0829582214355,0,0,0,0,0,0,9.12741985544562,0,0,0,0,0,0,0,0,21.121060313112,19.3771361022553,0,0,0,5.6255157308061,0,4.37804476420085,0,4.18991766520909,0,0,0,0,0,0,0,0,96.3503837585449,83.0183899402618,0,90.3665370941162,75.1234811895034,68.0953388214111,66.2319155799018,51.2160982290904,0,51.2454872131348,62.9245888559442,58.660671037497,0,72.9403058832342,65.5045318603516,0,0,0,0,0,0,0,0,0,0,0,0,75.9126610389123,61.0557488335503,0,8.41757683641106,0,0,0,5.02920672642341,0,64.3913707733154,63.8569660186768,66.6833889007568,0,0,0,0,85.0460845517441,77.9122249918773,82.298680305481,71.0595180906098,13.4611853646392,10.925654479338,60.5514274088003,66.2737739562988,50.8112927675247
0,0,0,0,110.763473510742,0,0,0,35.2190628051758,6.1183225648445,0,0,0,0,0,4.61132615804672,21.121060313112,0,19.1577582462362,0,0,6.35854658105755,0,4.79829673333602,0,4.91629854473127,0,7.00531574395987,0,0,0,0,0,0,0,87.1490631103516,94.5580474853516,0,0,70.8603600146724,83.0957832336426,53.3588374001639,69.8403903736788,43.4280840555827,40.3458671569824,64.5582242541843,66.1699427980365,0,81.3481521606445,73.8915901184082,0,0,0,0,0,4.36677733007467,0,0,57.6052436828613,0,0,4.01167752742767,70.8359617753462,0,4.17440951863925,0,5.68728446960449,0,5.63967308008446,0,5.86307753907873,0,72.059679667155,76.0089340209961,0,0,0,0,77.9890645555228,85.0204600672568,70.1523020426432,85.3439213145863,13.8086474410051,11.5057182951409,65.5509761312734,52.6890781543873,50.5990447998047
11.3896347481683,9.52127571539445,38.7282964161464,41.997040091968,79.444938659668,0,0,0,33.5914521217346,13.8430285453796,0,0,0,0,0,0,19.3771361022553,19.1577582462362,0,0,0,0,0,0,0,0,0,0,0,0,0,0,0,0,0,67.6960340429235,58.8748584337402,71.2800235748291,61.5228125628303,48.1650332592638,45.5847794474388,21.3814277611164,23.0538077618884,21.9782598018646,25.6527812811045,37.5713804389925,41.5096646416524,0,36.1857411458459,32.8647470529689,60.8328094482422,0,0,0,0,0,38.5782642364502,29.9985861814112,56.6548755645752,35.8498462677002,0,82.8942031860352,50.612073123455,53.4906840896606,0,54.0831079483032,0,0,34.9462394714355,39.2240473429362,37.3472871472759,39.0690605077851,29.467996206039,36.5193379426203,0,0,0,0,53.6647626783872,56.1557346433046,42.8224696970963,48.5929104068415,14.3965592492728,22.4011966775764,33.5171425911708,22.1795997599878,24.4131592756865
0,0,0,30.9222927093506,0,2.81554873784383,0,0,0,0,0,3.207091537536,0,0,0,0,0,0,0,0,0,0,0,0,0,0,0,0,0,0,0,0,0,0,0,5.41734523017232,0,13.6496439933777,0,0,0,0,0,0,0,11.7733139276505,0,0,0,0,0,3.16635811328888,0,3.9124276638031,0,0,0,2.93948988481001,0,0,0,0,6.15767901081582,0,0,0,0,0,0,0,0,0,0,0,0,0,0,0,8.26750569448945,0,14.0757471770048,0,4.29062109355685,0,9.38735580444336,0,0
0,0,0,0,16.6754812240601,0,0,0,0,0,3.38336024368018,0,0,0,0,0,0,0,0,0,0,0,0,0,0,0,0,0,0,0,0,0,0,0,0,0,6.90564462073944,0,4.62660893707564,0,0,0,0,0,0,0,0,0,31.2291011810303,0,14.9768776893616,0,0,0,0,0,3.12341485383376,0,0,0,0,0,0,4.93545332010188,0,0,0,0,0,0,0,0,0,0,0,0,0,0,0,8.61703022019856,0,7.04563897357268,4.19471212228139,0,6.06484652890099,0,0
0,0,0,0,0,0,0,0,0,0,0,0,0,0,0,0,0,6.35854658105755,0,0,0,0,7.29083578339938,8.29781830433718,0,5.53273647497063,0,3.20488668282827,0,0,0,0,0,0,0,0,0,5.67244238925703,0,0,0,20.1192061901093,0,0,0,0,0,0,0,5.82695405214828,0,0,0,0,0,0,0,32.3431053161621,0,28.2391548156738,0,0,0,0,5.07422413815423,0,5.53466661526607,0,10.8290278614692,0,5.11184895688837,0,0,0,0,0,0,0,0,0,6.88680902951981,0,4.84116102252561,4.63803654136163,18.5267043113708,0,0
0,0,0,0,0,0,0,0,0,0,0,0,0,0,0,0,5.6255157308061,0,0,0,0,7.29083578339938,0,0,5.85594488065795,0,6.25418335104746,0,5.227806720208,0,0,0,0,0,0,0,0,0,7.92937171884147,0,0,0,40.2045364379883,0,0,0,0,0,6.41059008547433,0,0,0,0,0,0,0,23.7572479248047,0,35.8677101135254,0,0,0,0,0,0,5.38388535287344,0,10.7464131814129,0,7.41681946967412,0,13.1527327182246,0,0,0,0,0,0,0,0,0,11.5789728450104,5.67561350161569,5.99205894723403,32.135913848877,0,0
0,10.4255714029879,0,23.0844425201416,0,0,0,0,0,4.99376824346639,0,0,0,0,0,3.32933156490326,0,4.79829673333602,0,0,0,8.29781830433718,0,0,0,5.28879597866129,0,0,0,0,0,0,0,0,0,0,0,10.29167095135,0,0,0,20.1604614257812,0,0,0,0,0,0,0,9.37707281112671,0,0,0,0,0,5.42439883992188,0,0,0,20.4534950256348,0,3.54279379844666,0,0,13.0870202367122,0,4.66079442725222,0,5.55998846630991,0,7.53162654240926,0,0,0,0,0,0,0,0,0,11.5206430531397,0,9.52719714386123,33.7463874816895,12.2390378281988,64.6558685302734,0
0,0,0,0,0,0,0,0,4.18996486792693,0,0,0,0,0,0,0,4.37804476420085,0,0,0,0,0,5.85594488065795,0,0,0,2.98073787805511,0,0,0,0,0,0,0,0,0,0,0,9.93250588592625,0,0,0,10.9047879378001,0,0,0,0,0,20.9274024963379,0,0,0,0,0,6.35017987388246,0,0,0,0,0,0,0,0,0,0,9.41475878947626,0,7.14796926045608,0,3.50050688559009,0,0,0,0,0,0,0,0,0,0,0,11.2908425100867,6.29188071373032,0,6.71181488037109,0,0
0,0,0,0,0,0,0,0,0,2.95330309867859,0,0,0,6.11953349044358,0,6.77359811464946,0,4.91629854473127,0,0,0,5.53273647497063,0,5.28879597866129,0,0,0,4.04264511122848,0,0,0,0,0,0,0,0,0,19.1926206287585,0,0,0,44.9801635742188,0,0,0,0,0,0,0,15.3530967349098,0,0,0,0,0,0,0,16.9766366958618,0,12.8974963847329,0,4.52088327946201,0,0,8.97621296192038,0,9.51287731047599,0,7.53204654216305,0,5.71657638531535,0,0,0,0,0,0,0,0,0,5.37201929092407,0,6.06950263101227,0,16.7261870247977,0,0
0,0,0,0,0,0,0,0,0,0,0,0,4.51494669914246,0,4.65674061245388,0,4.18991766520909,0,0,0,0,0,6.25418335104746,0,2.98073787805511,0,0,0,3.66678267366746,0,0,0,0,0,0,0,0,0,0,0,0,0,0,0,0,0,0,0,0,0,0,0,0,0,0,0,0,0,7.87879395484924,0,0,0,0,0,0,7.66612750028087,0,6.55766820907593,0,5.2842188112057,0,6.80148315429688,0,0,0,0,0,0,0,0,0,0,4.31855707395644,12.1418862342834,0,0,0
0,0,0,0,0,0,0,0,0,0,0,4.75238371491432,0,5.31195120761792,0,0,0,7.00531574395987,0,0,0,3.20488668282827,0,0,0,4.04264511122848,0,0,0,3.80324792861938,0,0,0,0,0,0,0,4.14044106694368,0,0,0,0,0,0,0,0,0,0,0,7.68555014474051,0,0,0,0,0,0,0,15.0552756786346,0,7.29538245002429,0,0,0,0,4.11071662770377,0,0,0,5.9594611749053,0,5.81225869812667,0,0,0,0,0,0,0,0,0,3.74048137664795,0,3.46069071690241,3.93759868746606,0,0,0
0,0,0,0,0,0,0,0,0,0,7.65417979732496,0,4.03597517915674,0,6.96705102920532,0,0,0,0,0,0,0,5.227806720208,0,0,0,3.66678267366746,0,0,0,4.8866908447348,0,0,0,0,0,0,0,3.05676519870758,0,0,0,0,0,0,0,0,0,0,0,0,0,0,0,0,0,6.23537404669656,0,5.43600606918335,0,0,0,0,0,0,8.82523179716534,0,0,0,4.27395985065362,0,5.61157142195736,0,8.51221085588137,0,0,0,0,0,0,0,0,4.97718238312265,6.75290489196777,20.1187305450439,0,0
0,0,0,0,0,0,0,0,0,0,0,12.9375264921188,0,0,0,0,0,0,0,0,0,0,0,0,0,0,0,3.80324792861938,0,0,0,0,0,0,0,0,0,7.09480330646038,0,0,0,0,0,0,0,0,0,0,0,0,0,0,0,0,0,0,0,19.2680102840066,0,0,0,0,0,0,0,0,0,0,0,0,3.01052592198054,0,10.0841193148487,0,0,0,0,0,0,0,4.16720709204674,0,7.2270491388109,0,0,0,0
0,0,0,0,0,0,0,0,0,0,3.45128906690157,0,0,0,0,0,0,0,0,0,0,0,0,0,0,0,0,0,4.8866908447348,0,0,0,0,0,0,0,0,0,4.40414356991528,0,0,0,0,0,0,0,0,0,0,0,0,0,0,0,0,0,3.44554793834686,0,0,0,0,0,0,0,0,0,0,0,0,0,0,0,0,4.18002672355716,0,0,0,0,0,0,0,10.7590991655986,6.41614233122932,0,0,0,0
0,0,0,0,0,0,0,0,0,0,0,0,0,0,0,0,0,0,0,0,0,0,0,0,0,0,0,0,0,0,0,0,5.04279844698153,0,7.79396402835846,3.95852821839822,3.15511838270693,0,0,0,0,0,0,0,0,0,0,5.4235819965579,8.22498226165771,7.55924282073975,0,0,0,0,0,0,0,0,0,0,0,0,0,0,0,0,0,0,0,0,0,0,0,0,5.00731380241962,5.03483975919566,4.24396341187613,9.29769134521484,9.61161079307051,8.88390063531328,0,0,3.61337931091721,0,0,0,0
0,0,0,0,0,0,0,0,0,0,0,0,0,0,0,0,0,0,0,0,0,0,0,0,0,0,0,0,0,0,0,5.04279844698153,0,0,7.6251215563192,4.47611534027826,3.25022096791979,0,0,0,0,0,0,0,0,0,0,4.38102676187243,4.21403104066849,0,0,0,0,0,0,0,0,0,0,0,0,0,0,0,0,0,0,0,0,0,0,0,0,0,11.051773891449,5.14579230926785,0,7.76553972562154,8.5664008975029,8.79192874586954,0,0,4.11173706735883,0,0,0,0
0,0,0,0,0,0,0,0,0,0,0,0,0,0,0,0,0,0,0,0,0,0,0,0,0,0,0,0,0,0,0,0,0,0,3.23548637552464,8.87552180615338,0,3.23797206966965,0,0,0,0,0,0,0,0,0,4.65784068354854,0,7.24742517584846,0,0,0,0,0,0,0,0,0,0,0,0,0,0,0,0,0,0,0,0,0,0,0,0,3.29044208526611,0,4.58721922930603,4.28554861886161,9.81745602289836,0,4.58730990934236,0,4.0266592917235,0,0,0,0
0,0,0,0,0,0,0,0,0,0,0,0,0,0,0,0,0,0,0,0,0,0,0,0,0,0,0,0,0,0,0,7.79396402835846,7.6251215563192,3.23548637552464,0,0,4.74831376335838,0,5.16797910698157,0,0,0,0,0,0,0,0,5.27770392164347,7.14432973026069,0,0,0,0,0,0,0,0,0,0,0,0,0,0,0,0,0,0,0,0,0,0,0,0,0,0,5.99657466635108,3.62107060695517,4.59622078081554,0,3.97849264511695,0,6.62569225985685,3.54760767519474,2.74177392323812,0,0,0
0,60.4014892578125,0,13.7117449045181,0,6.33434584049078,0,0,0,0,0,2.94234800338745,0,0,0,0,96.3503837585449,87.1490631103516,67.6960340429235,5.41734523017232,0,0,0,0,0,0,0,0,0,0,0,3.95852821839822,4.47611534027826,8.87552180615338,0,0,3.43819017541772,5.0969972846607,2.96068263053894,34.5049418650175,0,55.1534736238677,0,57.5987319946289,0,11.0840161489404,0,4.51334526709148,0,14.0678396382422,0,4.40609076023102,0,0,0,0,0,116.225769042969,0,0,0,0,7.10548375190709,0,0,0,0,0,0,0,0,0,0,0,4.75997803294868,9.50125580019765,4.84653700690672,0,6.13151033949139,6.40545952747756,10.7653991876552,0,5.19576463804109,3.71404781504574,15.3259918677113,47.8217295478372,0
50.5781413487026,0,41.5569133758545,84.7474517822266,51.232982635498,0,0,0,51.8115310668945,0,3.83873724937439,0,0,0,0,0,83.0183899402618,94.5580474853516,58.8748584337402,0,6.90564462073944,0,0,0,0,0,0,0,0,0,0,3.15511838270693,3.25022096791979,0,4.74831376335838,3.43819017541772,0,3.57524347305298,6.7792911388292,77.8725402832031,16.5386694944822,90.8143682479858,36.010519887219,65.4361953735352,39.1651199993334,78.6723943857046,45.8163583209821,5.24169363841316,8.17041412898188,9.90949630737305,33.8137245178223,0,0,0,0,0,2.92888609568278,0,64.04119237264,0,0,0,82.0808296203613,23.0734631350075,0,0,0,0,0,0,0,115.2939453125,81.9431940714518,76.5256172180176,9.64296763283866,4.69574239007358,0,5.43618548817995,6.98263063038529,5.66308759498658,0,13.3050292125856,15.2073896837235,6.59560601652577,39.0864824048442,145.918144226074,41.6542349921332
0,13.6365408703564,0,27.459925738248,0,0,0,0,0,11.0318321793578,0,3.51139532060039,0,0,0,0,0,0,71.2800235748291,13.6496439933777,0,5.67244238925703,0,10.29167095135,0,19.1926206287585,0,4.14044106694368,0,7.09480330646038,0,0,0,3.23797206966965,0,5.0969972846607,3.57524347305298,0,0,0,0,7.67625850490016,0,0,0,33.8626238822937,0,5.00070508259993,0,7.36347929462494,0,0,0,0,0,11.8161904057886,0,6.32963644636088,0,0,0,0,13.1390596571423,0,8.14966320859793,0,7.77250192829014,0,12.4132813749642,0,7.94793230988259,0,5.52314017763074,0,0,0,4.92442356912713,0,8.35121288736896,0,6.3782818994183,2.90663838386536,6.52713245423204,6.00733167347424,9.22585282282098,28.3984172344208,0
20.9280973010593,0,0,0,0,0,0,0,7.637072738293,0,4.51486419443715,0,0,0,0,0,90.3665370941162,0,61.5228125628303,0,4.62660893707564,0,7.92937171884147,0,9.93250588592625,0,0,0,3.05676519870758,0,4.40414356991528,0,0,0,5.16797910698157,2.96068263053894,6.7792911388292,0,0,0,0,27.037140677957,9.44140337387507,0,52.5095260620117,92.2947006225586,36.9986139653803,5.60465887179267,8.40428338073203,0,0,0,0,0,8.17319171150009,0,6.71956021135504,0,30.1931095123291,0,0,0,0,12.2152437230231,0,13.0487799232604,0,10.0363669651568,0,0,0,0,0,2.73346972465515,0,0,0,6.58075512386858,121.095710754395,11.2105072579485,0,6.68698966276705,6.81989897552515,11.9997908208105,10.1000565729177,53.9914283752441,51.2961676120758
0,39.1110632578532,0,40.6345100521056,0,54.9992729187012,0,0,0,39.1219320297241,0,0,0,0,0,0,75.1234811895034,70.8603600146724,48.1650332592638,0,0,0,0,0,0,0,0,0,0,0,0,0,0,0,0,34.5049418650175,77.8725402832031,0,0,0,0,24.7520632529755,56.1794286141029,29.0699030693541,45.8979731473056,23.8414044800451,71.6596235547747,13.1336063394944,81.8564453125,18.7634531395681,0,29.1018657684326,0,0,0,0,0,57.6048994931308,0,0,0,0,12.663028676389,93.5528182983398,0,0,0,0,0,0,60.896895980835,0,58.2410384669448,94.9827156066895,0,0,0,0,28.6372466636266,89.1737962202592,60.6160725813646,100.075443812779,43.8828002195423,69.1224353352531,23.5070747479238,40.2820835113525,58.6664328575134
39.4642995198568,0,35.095947265625,0,46.3080940246582,0,0,0,56.9081726074219,0,0,0,0,0,0,0,68.0953388214111,83.0957832336426,45.5847794474388,0,0,0,0,0,0,0,0,0,0,0,0,0,0,0,0,0,16.5386694944822,0,0,0,0,59.9877624511719,23.1928707403468,0,31.9059797525406,82.6310844421387,13.3158292927403,3.80264759063721,10.8717348751973,0,47.8501345316569,0,0,0,0,0,41.5679901123047,0,43.7471186319987,0,0,0,0,12.8721687507629,0,0,0,0,0,0,0,61.0061016082764,0,57.6463308334351,0,0,0,0,99.2619972229004,8.05623854835326,0,54.8495632807414,51.1839675505956,66.9576782226563,16.1746799780505,77.4404678344727,23.247556144116
45.6281724817613,23.4846282350436,56.2600835164388,36.0537697142449,0,51.6051838214581,0,0,0,25.8857029247284,0,0,0,22.1798677444458,0,0,66.2319155799018,53.3588374001639,21.3814277611164,0,0,20.1192061901093,0,20.1604614257812,0,44.9801635742188,0,0,0,0,0,0,0,0,0,55.1534736238677,90.8143682479858,7.67625850490016,27.037140677957,24.7520632529755,59.9877624511719,0,11.7120934113144,15.8887178865639,35.5496400197347,33.4856253391775,62.9295933246613,12.634704220295,32.9619641304016,23.5121038286866,0,42.559315999349,0,0,57.9814338684082,48.9148597717285,0,22.8375022826876,0,22.3036494445801,0,23.9324931462606,28.9743851961748,0,20.6165046691895,0,23.9741056230333,30.8772497177124,30.9027308915791,0,25.3658586687116,0,30.1859210848808,66.5561847686768,0,0,0,0,36.5289102964658,65.5529996698553,38.0392029767479,68.9921924046108,16.7515262593076,17.6312919386098,18.87502003661,17.7462017453278,65.8078187306722
27.5178529063621,47.3074811299642,33.8637568072269,57.8814589182536,50.3306382894516,0,0,0,12.4405500947839,62.8091278076172,0,0,0,0,29.8148187001546,0,51.2160982290904,69.8403903736788,23.0538077618884,0,0,0,40.2045364379883,0,10.9047879378001,0,0,0,0,0,0,0,0,0,0,0,36.010519887219,0,9.44140337387507,56.1794286141029,23.1928707403468,11.7120934113144,0,36.8022508621216,16.5515602638847,53.3502360928443,20.9966454112935,6.49930963134766,17.2964300952568,23.8009314537048,50.5488972795119,0,0,0,34.686825627866,0,27.8507832261853,77.9155044555664,31.895248233872,0,23.6466430346171,0,34.2318344116211,29.1279027133709,0,41.5851673550076,0,13.9653047364334,0,31.1926802509236,0,28.8208746027063,60.8274358113607,35.51893993575,0,0,0,0,75.6148074114764,32.905909615077,48.9775505065918,38.3301230766853,16.6804290086664,32.3463058972468,15.2064762380823,35.2318420410156,17.1097346551624
0,0,0,0,0,0,0,0,0,0,0,0,0,0,0,0,0,43.4280840555827,21.9782598018646,0,0,0,0,0,0,0,0,0,0,0,0,0,0,0,0,57.5987319946289,65.4361953735352,0,0,29.0699030693541,0,15.8887178865639,36.8022508621216,0,0,28.5497403144836,0,0,48.9681205749512,0,0,0,0,0,0,0,0,0,0,0,0,0,92.802116394043,0,0,0,0,0,0,0,0,0,46.7172393798828,0,0,0,0,0,36.5849830114353,63.0639686584473,34.4296573638916,0,41.1648506164551,0,14.6337104176366,12.5175937029032,0
40.3799476623535,0,30.1119270324707,47.7834930419922,0,0,0,0,0,0,0,0,0,0,0,0,51.2454872131348,40.3458671569824,25.6527812811045,0,0,0,0,0,0,0,0,0,0,0,0,0,0,0,0,0,39.1651199993334,0,52.5095260620117,45.8979731473056,31.9059797525406,35.5496400197347,16.5515602638847,0,0,48.6606786818731,22.5115644112686,0,60.1013641357422,0,0,0,0,0,0,0,52.4667816162109,0,0,0,0,0,52.6771755218506,31.2505650058869,0,0,0,0,0,0,0,74.0661420822144,0,0,0,0,0,0,64.7455420860877,37.63196174718,67.187068939209,34.1005711364746,31.505238003201,38.9910535812378,18.5824898829827,0,14.3777783250809
0,17.7982890106911,0,22.294590462672,0,34.239559173584,0,0,0,0,0,0,0,0,0,0,62.9245888559442,64.5582242541843,37.5713804389925,11.7733139276505,0,0,0,0,0,0,0,0,0,0,0,0,0,0,0,11.0840161489404,78.6723943857046,33.8626238822937,92.2947006225586,23.8414044800451,82.6310844421387,33.4856253391775,53.3502360928443,28.5497403144836,48.6606786818731,0,70.1371723298104,0,0,40.0639423529307,0,0,0,0,0,0,0,35.0731954725962,0,35.0421981811523,0,35.4031105041504,8.71589764699501,65.4606895446777,0,0,0,0,72.1137008666992,0,42.0908699035645,0,35.9394324792398,73.0148048400879,0,0,0,0,26.7923130352225,84.385344463846,24.2767979793828,82.5726114908854,32.7883548579454,68.3795242582049,20.5495836054609,52.9983609517415,58.5823755264282
38.7597580864316,0,29.7094229940158,51.6381139755249,39.738045056661,0,0,0,44.7373819351196,0,0,0,0,0,0,0,58.660671037497,66.1699427980365,41.5096646416524,0,0,0,0,0,0,0,0,0,0,0,0,0,0,0,0,0,45.8163583209821,0,36.9986139653803,71.6596235547747,13.3158292927403,62.9295933246613,20.9966454112935,0,22.5115644112686,70.1371723298104,0,0,49.3661090061582,124.544654846191,37.9112493251932,0,0,0,0,0,26.7349987294939,71.5822448730469,32.1116917979333,0,49.3751487731934,48.6211013793945,89.6268603006999,12.6084848860224,0,64.878137588501,0,0,0,35.5183067321777,0,46.0622434143973,75.7778930664062,44.825277030468,0,0,0,0,94.4847602844238,24.8738700028299,92.924976348877,39.1116842807448,40.9532212431666,45.6507515746038,22.4363448238414,87.6620082855225,48.3630771636963
0,0,0,0,0,0,0,0,0,0,0,0,0,0,0,0,0,0,0,0,0,0,0,0,0,0,0,0,0,0,0,5.4235819965579,4.38102676187243,4.65784068354854,5.27770392164347,4.51334526709148,5.24169363841316,5.00070508259993,5.60465887179267,13.1336063394944,3.80264759063721,12.634704220295,6.49930963134766,0,0,0,0,0,4.94706553274051,4.98717523964969,0,0,0,0,0,0,0,0,0,0,0,0,0,0,0,0,0,0,0,0,0,0,0,0,6.47059915680177,7.6786368987039,4.33110438227119,6.60643518235948,7.41545893301639,8.72397831921902,12.3680265931522,7.23107634694123,5.84101811618675,12.9740400314331,6.1100900320853,72.5304641723633,0
11.9443307988081,60.4541435241699,16.0766950952944,35.8469543457031,31.617023908175,0,0,0,17.8757919626912,0,0,0,6.72165155410767,0,8.52929867449261,0,72.9403058832342,81.3481521606445,36.1857411458459,0,31.2291011810303,0,6.41059008547433,0,20.9274024963379,0,0,0,0,0,0,8.22498226165771,4.21403104066849,0,7.14432973026069,0,8.17041412898188,0,8.40428338073203,81.8564453125,10.8717348751973,32.9619641304016,17.2964300952568,48.9681205749512,60.1013641357422,0,49.3661090061582,4.94706553274051,0,9.94785641369067,49.0014880253718,0,0,0,16.4126665878296,0,20.4617033474882,0,24.9419051794939,0,12.0446720012399,0,0,31.2437173406654,0,6.52666101678387,0,14.0757568836212,0,22.0199984822954,0,11.0206897474611,0,5.9193718161272,12.5425562858582,17.7604884917919,0,4.73102225197686,114.568522135417,11.2961801990376,0,6.60594185424188,21.0055490809988,51.3164889876907,11.3370298973361,0,24.6377342971596
0,9.83837866445757,0,7.83110403223914,0,12.5063147419377,0,0,0,9.22125515982369,0,0,0,12.4070245424906,0,4.42666459083557,65.5045318603516,73.8915901184082,32.8647470529689,0,0,5.82695405214828,0,9.37707281112671,0,15.3530967349098,0,7.68555014474051,0,0,0,7.55924282073975,0,7.24742517584846,0,14.0678396382422,9.90949630737305,7.36347929462494,0,18.7634531395681,0,23.5121038286866,23.8009314537048,0,0,40.0639423529307,124.544654846191,4.98717523964969,9.94785641369067,0,0,0,0,0,0,8.23220018365166,0,13.5211493456659,0,11.1604708740788,0,8.14221061098165,23.6181427001953,0,8.55461763011085,0,8.46135866919229,0,10.2132822440488,0,7.58083508340097,0,11.617783778753,0,9.5619140625,0,4.78746940408434,0,13.5404371379767,99.6823425292969,8.14688554774509,89.3842391967773,11.6729274096301,40.2506652832031,12.1656331223252,18.2016968585477,0
0,0,9.19727912962128,0,4.77122896564893,0,6.08890390396118,0,43.212547938029,0,0,0,0,0,2.74761748313904,0,0,0,60.8328094482422,0,14.9768776893616,0,0,0,0,0,0,0,0,0,0,0,0,0,0,0,33.8137245178223,0,0,0,47.8501345316569,0,50.5488972795119,0,0,0,37.9112493251932,0,49.0014880253718,0,0,0,5.68780547029832,0,0,0,8.09375995057617,0,4.29424862995326,0,3.13755602836609,0,0,15.2270010113716,0,56.8335475921631,0,0,0,0,0,40.0783045842097,0,40.2999656200409,0,0,0,0,0,38.0440883636475,0,0,9.65997578307269,40.5306663513184,16.3203012574035,0,95.250862121582
0,0,0,6.46229209402193,0,3.57233611153344,0,3.26896450916926,0,5.79510128498077,0,5.78951478004456,0,0,0,2.8335351393773,0,0,0,3.16635811328888,0,0,0,0,0,0,0,0,0,0,0,0,0,0,0,4.40609076023102,0,0,0,29.1018657684326,0,42.559315999349,0,0,0,0,0,0,0,0,0,0,0,3.3754700251988,0,2.94882583618164,0,36.6331272125244,0,0,0,2.80721751848857,4.08476796150208,0,0,0,0,0,0,0,0,0,39.301064491272,0,0,0,0,0,73.1945343017578,0,0,0,3.96352177507737,4.82459236032823,7.65760201965736,0,0
0,0,0,0,4.41802013886941,0,3.71152370316642,0,0,0,5.30560723940531,0,0,0,0,0,0,0,0,0,0,0,0,0,0,0,0,0,0,0,0,0,0,0,0,0,0,0,0,0,0,0,0,0,0,0,0,0,0,0,5.68780547029832,0,0,0,0,0,5.28884413378025,0,0,0,0,0,0,0,0,0,0,0,0,0,0,0,0,0,0,0,0,0,0,0,0,0,2.99673683302743,3.16860699653625,11.4635473887126,0,0
0,0,0,0,0,3.86132788658142,0,3.17468719149745,0,0,0,0,0,0,0,0,0,0,0,3.9124276638031,0,0,0,0,0,0,0,0,0,0,0,0,0,0,0,0,0,0,0,0,0,0,0,0,0,0,0,0,0,0,0,3.3754700251988,0,0,0,0,0,2.74245631694794,0,0,0,0,5.19556493759155,0,0,0,0,0,0,0,0,0,0,0,0,0,0,0,0,0,0,0,3.22729338499216,4.14950662392836,0,0,0
6.16124140850605,0,7.73955477078756,0,5.19132873415947,0,0,0,5.71301288979777,0,0,0,0,0,4.29402603605668,0,0,0,0,0,0,0,0,0,6.35017987388246,0,0,0,0,0,0,0,0,0,0,0,0,0,8.17319171150009,0,0,57.9814338684082,34.686825627866,0,0,0,0,0,16.4126665878296,0,0,0,0,0,0,0,25.7077980041504,0,35.8372955322266,0,4.75343866064646,0,0,0,0,0,0,6.1394493379091,0,0,0,47.638500213623,0,42.1439247131348,0,0,0,0,0,0,0,13.5474960803986,12.3806323830674,0,23.9721943350399,0,0
0,5.54199881484543,0,7.28489880263805,0,6.64668252070745,0,0,0,5.32067664546161,0,0,0,0,0,3.91963885943095,0,4.36677733007467,0,0,0,0,0,5.42439883992188,0,0,0,0,0,0,0,0,0,0,0,0,0,11.8161904057886,0,0,0,48.9148597717285,0,0,0,0,0,0,0,8.23220018365166,0,2.94882583618164,0,0,0,0,0,0,0,0,0,5.11840094381304,57.5430183410645,0,0,0,6.68153805051531,0,0,0,0,0,41.2475954691569,0,0,0,0,0,0,0,11.4105346054764,0,10.9536479931433,29.5442581176758,15.2662564913432,20.8669528961182,0
15.0372535324097,0,21.3765970170498,0,7.4705005179752,0,4.40624500994097,0,20.4445806096812,0,6.25743714820628,0,5.16817389084743,0,9.03270686756481,0,0,0,38.5782642364502,0,3.12341485383376,0,23.7572479248047,0,0,0,0,0,6.23537404669656,0,3.44554793834686,0,0,0,0,0,2.92888609568278,0,6.71956021135504,0,41.5679901123047,0,27.8507832261853,0,52.4667816162109,0,26.7349987294939,0,20.4617033474882,0,8.09375995057617,0,5.28884413378025,0,25.7077980041504,0,0,0,6.01686844227153,0,13.2211950909008,0,0,8.9855301788875,0,33.3552164077759,0,0,0,21.0867359161377,0,9.87289394152533,0,7.37125299846844,0,0,0,0,0,38.3484302096897,0,0,12.5800499390748,35.1897196769714,10.2490724427106,0,19.8803453445435
0,20.7272304534912,0,17.9379908974106,0,35.2738724052906,0,0,0,31.3810880184174,0,6.74085147019589,0,11.4793561227394,0,11.0235448646545,0,0,29.9985861814112,2.93948988481001,0,32.3431053161621,0,0,0,16.9766366958618,0,15.0552756786346,0,19.2680102840066,0,0,0,0,0,116.225769042969,0,6.32963644636088,0,57.6048994931308,0,22.8375022826876,77.9155044555664,0,0,35.0731954725962,71.5822448730469,0,0,13.5211493456659,0,36.6331272125244,0,2.74245631694794,0,0,0,0,0,5.63487887359516,0,14.029303799976,9.28827595158433,0,0,0,0,0,18.8603485134286,0,9.08953885623917,0,7.86318014985089,0,0,0,0,0,64.9582106850364,98.0285949707031,37.6136062145233,0,21.4485195311419,33.3323472340902,12.1567383678676,17.3679924744826,0
17.8232053930109,0,11.9947110835244,0,26.5171451568604,0,0,0,23.8382115281861,0,5.54352143349775,0,5.40179928137456,0,6.28542256075452,0,0,57.6052436828613,56.6548755645752,0,0,0,35.8677101135254,0,0,0,7.87879395484924,0,5.43600606918335,0,0,0,0,0,0,0,64.04119237264,0,30.1931095123291,0,43.7471186319987,0,31.895248233872,0,0,0,32.1116917979333,0,24.9419051794939,0,4.29424862995326,0,0,0,35.8372955322266,0,6.01686844227153,0,0,0,7.84849969200466,0,0,19.8139082590739,0,36.7164571425494,0,0,0,10.5073182029384,0,19.836980301722,0,35.73221214001,0,0,0,0,0,49.8862071037292,0,46.9249105453491,22.9297673146342,10.6299744936136,19.8057349485894,0,21.2064762115479
0,18.5017547607422,0,7.45901644857306,0,6.8128383954366,0,0,0,25.8392887115479,0,0,0,5.20584797485202,0,5.75314972777961,0,0,35.8498462677002,0,0,28.2391548156738,0,20.4534950256348,0,12.8974963847329,0,7.29538245002429,0,0,0,0,0,0,0,0,0,0,0,0,0,22.3036494445801,0,0,0,35.0421981811523,0,0,0,11.1604708740788,0,0,0,0,0,0,0,5.63487887359516,0,0,0,6.90082695497119,11.9284900665283,0,30.5287108421326,0,0,0,12.3409982195465,0,5.36779534255757,0,34.2921360560826,0,0,0,0,0,54.8130722045898,0,0,0,10.7389473438263,0,15.8679706697111,16.6942462921143,0
8.22656358168429,0,0,0,6.03352937698364,0,0,0,5.36314738332009,0,0,0,5.9902363717556,0,4.69842009778534,0,0,0,0,0,0,0,0,0,0,0,0,0,0,0,0,0,0,0,0,0,0,0,0,0,0,0,23.6466430346171,0,0,0,49.3751487731934,0,12.0446720012399,0,3.13755602836609,0,0,0,4.75343866064646,0,13.2211950909008,0,7.84849969200466,0,0,0,0,24.5863628387451,0,0,0,0,0,4.64192085916346,0,7.61153149604797,0,0,0,0,0,0,0,0,0,0,10.8174234231313,0,12.6928542602894,0,0
0,5.76612925982174,0,7.83173399575999,0,6.46248963604803,0,0,0,4.50603700643574,0,0,0,5.63407031695048,0,4.79755546877612,0,4.01167752742767,82.8942031860352,0,0,0,0,3.54279379844666,0,4.52088327946201,0,0,0,0,0,0,0,0,0,0,0,0,0,0,0,23.9324931462606,0,0,0,35.4031105041504,48.6211013793945,0,0,8.14221061098165,0,2.80721751848857,0,0,0,5.11840094381304,0,14.029303799976,0,6.90082695497119,0,0,37.2821292877197,0,35.9869384765625,0,0,0,6.16870577739818,0,8.54496372767857,0,0,0,0,0,0,0,58.3335227966309,0,0,0,6.17509724717391,3.74825841188431,11.9428629199664,15.219614982605,0
82.7929534912109,36.1296768188477,70.060920715332,43.2786265479194,0,57.9630012512207,0,0,0,26.6090888977051,0,3.6714384892048,0,16.7482051849365,0,30.6328372955322,75.9126610389123,70.8359617753462,50.612073123455,6.15767901081582,0,0,0,0,0,0,0,0,0,0,0,0,0,0,0,7.10548375190709,82.0808296203613,13.1390596571423,0,12.663028676389,0,28.9743851961748,34.2318344116211,92.802116394043,52.6771755218506,8.71589764699501,89.6268603006999,0,0,23.6181427001953,0,4.08476796150208,0,5.19556493759155,0,57.5430183410645,0,9.28827595158433,0,11.9284900665283,0,37.2821292877197,0,0,0,0,0,0,23.9942371368408,0,22.0701721055167,0,16.6113151426595,0,0,0,0,0,8.12341455552155,123.701652526855,7.7595837084071,104.717288970947,37.3060349840106,80.5491270177505,12.7301050908235,30.0553411245346,92.3016815185547
40.1342926025391,0,0,0,0,0,0,0,37.5713221232096,0,3.02013009786606,0,0,0,0,0,61.0557488335503,0,53.4906840896606,0,4.93545332010188,0,0,0,0,0,0,0,0,0,0,0,0,0,0,0,23.0734631350075,0,12.2152437230231,93.5528182983398,12.8721687507629,0,29.1279027133709,0,31.2505650058869,65.4606895446777,12.6084848860224,0,31.2437173406654,0,15.2270010113716,0,0,0,0,0,8.9855301788875,0,19.8139082590739,0,24.5863628387451,0,0,0,0,60.2882855733236,0,0,0,36.3255481719971,0,38.2460360121883,119.999389648438,26.9599175752546,0,0,0,0,108.68398030599,15.03397148896,0,20.8761100295406,49.5309552584484,57.8286397597369,15.520125400987,0,48.43328332901
0,0,0,0,0,0,0,0,0,0,0,0,0,29.5123310089111,0,0,0,4.17440951863925,0,0,0,5.07422413815423,0,13.0870202367122,0,8.97621296192038,0,4.11071662770377,0,0,0,0,0,0,0,0,0,8.14966320859793,0,0,0,20.6165046691895,0,0,0,0,0,0,0,8.55461763011085,0,0,0,0,0,0,0,0,0,30.5287108421326,0,35.9869384765625,0,0,0,0,8.76838194983346,0,13.5652686322945,0,4.83621050571573,0,0,0,0,0,0,0,0,0,5.54963905875254,0,4.57235398781804,4.79756913247047,27.2086615562439,0,0
0,0,50.6137542724609,0,0,0,0,0,38.6033687591553,0,0,0,0,0,0,0,8.41757683641106,0,54.0831079483032,0,0,0,5.38388535287344,0,9.41475878947626,0,7.66612750028087,0,8.82523179716534,0,0,0,0,0,0,0,0,0,13.0487799232604,0,0,0,41.5851673550076,0,0,0,64.878137588501,0,6.52666101678387,0,56.8335475921631,0,0,0,0,0,33.3552164077759,0,36.7164571425494,0,0,0,0,60.2882855733236,0,0,0,10.3143645524979,0,7.97060800338614,0,9.96621635643677,0,0,0,0,0,0,0,0,0,10.628010507905,7.62033203136847,5.63956442213895,38.1495780115542,0,0
0,9.65113165344991,0,20.9909000396729,0,0,0,0,0,7.53567217611799,0,0,0,0,0,0,0,5.68728446960449,0,0,0,5.53466661526607,0,4.66079442725222,0,9.51287731047599,0,0,0,0,0,0,0,0,0,0,0,7.77250192829014,0,0,0,23.9741056230333,0,0,0,0,0,0,0,8.46135866919229,0,0,0,0,0,6.68153805051531,0,0,0,0,0,0,0,0,8.76838194983346,0,0,0,6.36030078970868,0,6.8775646686554,0,0,0,0,0,0,0,0,0,8.22618820824925,0,14.1581536381622,0,7.97085911478878,113.54753112793,0
11.8116798400879,0,0,0,0,0,0,0,7.74195411470201,0,0,0,0,0,0,0,0,0,0,0,0,0,10.7464131814129,0,7.14796926045608,0,6.55766820907593,0,0,0,0,0,0,0,0,0,0,0,10.0363669651568,0,0,30.8772497177124,13.9653047364334,0,0,0,0,0,14.0757568836212,0,0,0,0,0,6.1394493379091,0,0,0,0,0,0,0,0,0,0,10.3143645524979,0,0,0,0,0,0,0,0,0,0,0,0,0,0,0,12.6915374687187,11.170634675771,0,6.46475075880686,0,0
0,0,0,0,0,0,0,0,0,16.7737030982971,0,0,0,8.89764341676092,0,7.64776336369307,0,5.63967308008446,34.9462394714355,0,0,10.8290278614692,0,5.55998846630991,0,7.53204654216305,0,5.9594611749053,0,0,0,0,0,0,0,0,0,12.4132813749642,0,0,0,30.9027308915791,0,0,0,72.1137008666992,0,0,0,10.2132822440488,0,0,0,0,0,0,0,18.8603485134286,0,12.3409982195465,0,6.16870577739818,23.9942371368408,0,13.5652686322945,0,6.36030078970868,0,0,0,5.44512574270429,0,0,0,0,0,0,0,69.9289855957031,0,7.88701883951823,0,10.0393133279754,0,28.2448662165049,27.4513344764709,0
0,0,43.1263860066732,0,0,0,0,0,28.5307532548904,0,0,0,7.94591957330704,0,5.23749258067157,0,5.02920672642341,0,39.2240473429362,0,0,0,7.41681946967412,0,3.50050688559009,0,5.2842188112057,0,4.27395985065362,0,0,0,0,0,0,0,0,0,0,0,0,0,31.1926802509236,0,0,0,35.5183067321777,0,22.0199984822954,0,0,0,0,0,0,0,21.0867359161377,0,10.5073182029384,0,4.64192085916346,0,0,36.3255481719971,0,7.97060800338614,0,0,0,0,0,7.14423185528835,0,0,0,0,0,0,0,0,0,0,25.4339736751888,59.1101036071777,26.5508917967478,0,0
0,0,0,28.3419783455985,0,48.5710906982422,0,0,0,32.1235961914062,0,0,0,5.63367543722454,0,12.6087532043457,0,5.86307753907873,37.3472871472759,0,0,5.11184895688837,0,7.53162654240926,0,5.71657638531535,0,5.81225869812667,0,3.01052592198054,0,0,0,0,0,0,0,7.94793230988259,0,60.896895980835,0,25.3658586687116,0,0,0,42.0908699035645,0,0,0,7.58083508340097,0,0,0,0,0,0,0,9.08953885623917,0,5.36779534255757,0,8.54496372767857,22.0701721055167,0,4.83621050571573,0,6.8775646686554,0,5.44512574270429,0,0,0,23.6470761696498,0,0,0,0,0,66.647928237915,0,5.64425667004708,113.678192138672,14.0958819055327,5.72165144057501,22.6534006352518,31.8870489814065,0
23.7861833572388,0,32.1364237721761,0,51.7538248697917,0,0,0,25.4620261828105,0,0,0,3.52388874689738,0,0,0,64.3913707733154,0,39.0690605077851,0,0,0,13.1527327182246,0,0,0,6.80148315429688,0,5.61157142195736,0,0,0,0,0,0,0,115.2939453125,0,0,0,61.0061016082764,0,28.8208746027063,0,74.0661420822144,0,46.0622434143973,0,11.0206897474611,0,40.0783045842097,0,0,0,47.638500213623,0,9.87289394152533,0,19.836980301722,0,7.61153149604797,0,0,38.2460360121883,0,9.96621635643677,0,0,0,7.14423185528835,0,0,0,6.2588349669969,0,0,0,0,139.572601318359,55.1389467148554,0,0,23.7793142481199,41.7174830966526,19.1910990358427,0,20.9400394439697
0,27.7010406494141,0,30.2321390488568,0,48.091756439209,0,0,0,40.2627863566081,0,13.1371327520727,0,0,0,0,63.8569660186768,72.059679667155,29.467996206039,0,0,0,0,0,0,0,0,0,0,10.0841193148487,0,0,0,0,0,0,81.9431940714518,5.52314017763074,0,58.2410384669448,0,30.1859210848808,60.8274358113607,46.7172393798828,0,35.9394324792398,75.7778930664062,0,0,11.617783778753,0,39.301064491272,0,0,0,41.2475954691569,0,7.86318014985089,0,34.2921360560826,0,0,16.6113151426595,119.999389648438,0,0,0,0,0,0,23.6470761696498,0,0,0,0,0,0,0,65.1472315470378,101.053647359212,8.76098291079203,0,27.6209010241944,53.4515464782715,16.3539658894764,21.3910424183991,0
