0,0,0.143045291801294,0,0,0,0,0,0.147056505010633,0,0,0,0,0,0,0,0.33702027797699,0.286856830120087,0.305780586898327,0,0,0,0,0,0,0,0,0,0,0,0,0,0,0,0,0,0,0,0,0,0.359841957688332,0.259742274880409,0.255244301476826,0,0,0.379335463047028,0,0,0.181053657992146,0.234189935028553,0,0,0,0,0.198402103355953,0,0,0,0,0,0.200227748688465,0,0,0,0,0,0,0,0,0,0,0,0,0,0,0,0,0,0,0.482017979025841,0,0,0.223673919903802,0.226598564535379,0.226938363622854,0,0
0,0,0,0.19663921981636,0,0,0,0,0,0.186045328184726,0,0,0,0,0,0,0.306196963787079,0.32356084883213,0.316546272972356,0,0,0,0,0,0,0,0,0,0,0,0,0,0,0,0,0.35575258731842,0,0,0,0.459693819284439,0,0.274138321168721,0,0,0,0,0,0,0,0.197168759119934,0,0,0,0,0,0.19121968050252,0,0,0,0,0,0.230178342396472,0,0,0,0,0,0,0,0,0,0,0.383515781164169,0,0,0,0,0,0.408422564918345,0.283554017543793,0.418635706106822,0,0.219565339230157,0,0.191966023492186,0.302279569208622,0
0.143045291801294,0,0,0,0.153418640295664,0,0,0,0.106150788953528,0,0,0,0,0,0,0,0.265979468822479,0,0.283859767019749,0,0.150932475924492,0,0,0,0,0,0,0,0,0,0,0,0,0,0,0,0,0,0,0,0.284828126430511,0,0.287466699426824,0,0,0,0.284699857234955,0,0.164060250795507,0,0.172534614801407,0,0,0,0.180301960557699,0,0.28336051851511,0,0,0,0,0,0,0,0,0,0,0,0,0,0,0,0,0.346031900755195,0,0,0,0,0,0.310561418533325,0,0,0.196696839407905,0,0.21035126803961,0,0.298074861367544
0,0.19663921981636,0,0,0,0.21471185461346,0,0,0,0.154041870215604,0,0,0,0,0,0,0.290212780237198,0.311089873313904,0.30048698416123,0,0,0,0,0.239156678318977,0,0,0,0,0,0,0,0,0,0.361008524894714,0,0,0,0,0,0.305105770379305,0,0.291294015672368,0.250258326530457,0,0,0.223230793925342,0,0.323309548876502,0,0.275095455415015,0,0.226946766527606,0,0,0,0.171310186088085,0,0.270295368168842,0,0.255802922470625,0,0.235503425652331,0.313619807362556,0,0.366399109363556,0,0,0,0.313445389270782,0,0.301346817612648,0,0.341120445510236,0,0,0,0,0,0.337623262947256,0.294147163629532,0.346054900023672,0,0.208416342572309,0.1222812655781,0.238094538483208,0.294017180800438,0
0,0,0.153418640295664,0,0,0,0.198432396565165,0,0.178808957338333,0,0,0,0,0,0,0,0,0,0.244652926921844,0,0.162939259118133,0,0,0,0,0,0,0,0,0,0,0,0,0.340106636285782,0,0,0.208698407525108,0,0,0,0.272109836339951,0.237289622426033,0.263566542416811,0,0,0,0.277213543653488,0.313987284898758,0.278111537297567,0,0.201257235418867,0,0.195805913385223,0,0.184372290968895,0,0.233450001478195,0,0,0,0.156039036313693,0,0,0.200866317047792,0,0,0,0,0,0,0,0,0,0.293576604127884,0,0,0,0,0,0.223259012401104,0,0,0.209333260643941,0,0.185621155951268,0,0.292106986045837
0,0,0,0.21471185461346,0,0,0,0.215692511008632,0,0.194002509117126,0,0,0,0.216925981454551,0,0.189218307180064,0,0,0.372717380523682,0.289585166671934,0,0,0,0,0,0,0,0,0,0,0,0,0,0,0,0.226152157522942,0,0,0,0.278678171336651,0,0.277762448493864,0.252917379140854,0,0,0.253134776097842,0,0.310688608884811,0,0.282455494529323,0,0.233261031228257,0,0.182967348133816,0,0.220549746283463,0,0.276160540990531,0,0.235856971740723,0,0.194250638006439,0.3112883699365,0,0,0,0,0,0,0,0.304632157087326,0,0.300170452594757,0,0,0,0,0,0.241151944817049,0.315700262784958,0.321484923362732,0,0.183893093292565,0.172376006651836,0.260708175741641,0.264704585075378,0
0,0,0,0,0.198432396565165,0,0,0,0,0,0,0,0.189895793795586,0,0,0,0,0,0,0,0,0,0,0,0,0,0,0,0,0,0,0,0,0,0,0,0,0,0,0,0,0,0,0,0,0,0,0,0,0,0.18593792244792,0,0.17091412935406,0,0,0,0,0,0,0,0,0,0,0,0,0,0,0,0,0,0,0,0,0,0,0,0,0,0,0,0,0,0.189563412615593,0.216061011984431,0,0,0
0,0,0,0,0,0.215692511008632,0,0,0,0,0,0.137506989141305,0,0.187942258814439,0,0,0,0,0,0,0,0,0,0,0,0,0,0,0,0,0,0,0,0,0,0.177226975560188,0,0,0,0,0,0,0,0,0,0,0,0,0,0,0,0.211625805577716,0,0.194319696465539,0,0,0,0,0,0.201250531118024,0,0,0,0,0,0,0,0,0,0,0,0,0,0,0,0,0,0,0,0,0,0,0.167673616294275,0,0,0,0
0.147056505010633,0,0.106150788953528,0,0.178808957338333,0,0,0,0,0,0,0,0,0,0.154336013112749,0,0.205952436247499,0.190098203718662,0.224909679165908,0,0.127840574085712,0,0,0.167347863316536,0.196928508579731,0,0,0,0,0,0,0,0,0,0,0,0,0,0.153080450108081,0,0,0.24653372168541,0.243087500333786,0,0,0,0.276897683739662,0.305666565895081,0.152325927344866,0,0.181670591235161,0,0,0,0.22561304557188,0,0.215512206157049,0,0,0,0.184989881453415,0,0,0,0,0,0,0.228985377229177,0,0.120301835238934,0,0,0,0.299162817852838,0,0,0,0,0,0.338436469435692,0,0.162312959046925,0.184000605955688,0.190741498023272,0.173158120639898,0,0
0,0.186045328184726,0,0.154041870215604,0,0.194002509117126,0,0,0,0,0,0,0,0,0,0.17478743493557,0.161014546950658,0.204876204444603,0.247977338731289,0,0,0,0,0.19966211283611,0,0,0,0,0,0,0,0,0,0,0,0,0,0.211252500181613,0,0,0,0.295167995616794,0,0,0,0.280370930830638,0,0,0,0.158352670570215,0,0.145938967168331,0,0,0,0.249480520627949,0,0,0,0,0,0.239342354811155,0,0,0,0,0.20413186788559,0,0,0,0,0,0,0,0,0,0,0,0,0,0.240189522016244,0,0.188475772700922,0.128029695578984,0.184765602248799,0.178303137421608,0
0,0,0,0,0,0,0,0,0,0,0,0,0,0,0,0,0,0,0,0,0.165257580259285,0,0,0,0,0,0,0,0,0,0.160121069600185,0,0,0,0,0,0.137228357894667,0,0.14075785212037,0,0,0,0,0,0,0,0,0,0,0,0,0,0,0,0,0,0.233282531088424,0,0,0,0,0,0,0.275863468647003,0,0,0,0,0,0,0,0,0,0.158488601446152,0,0,0,0,0,0,0,0.152895222744371,0.165824027732015,0,0,0,0
0,0,0,0,0,0,0,0.137506989141305,0,0,0,0,0,0.119115257492432,0,0,0,0,0,0.205954310985712,0,0,0,0,0,0,0,0,0,0.152104712194867,0,0,0,0,0,0.224238260587056,0,0.193551286002216,0,0,0,0,0,0,0,0.303545270647321,0,0,0,0.329671412706375,0,0,0,0,0,0,0,0.24693601158726,0,0,0,0,0.277811001699704,0,0,0,0,0,0,0,0,0,0.324880739912773,0,0,0,0,0,0.36544169485569,0,0.271540129909644,0,0.211701332153673,0.156435653567314,0.297860928164805,0,0
0,0,0,0,0,0,0.189895793795586,0,0,0,0,0,0,0,0,0,0,0,0,0,0,0,0,0,0,0,0,0,0,0,0,0,0,0,0,0,0,0,0,0,0,0,0,0,0,0,0,0,0,0,0,0,0,0,0,0,0,0,0.200647452795828,0,0,0,0,0,0,0,0,0,0,0,0,0,0,0,0,0,0,0,0,0,0,0,0,0.156849831342697,0,0,0
0,0,0,0,0,0.216925981454551,0,0.187942258814439,0,0,0,0.119115257492432,0,0,0,0.13896364569664,0,0,0,0,0,0,0,0,0,0,0,0,0,0,0,0,0,0,0,0,0,0,0,0,0,0,0,0,0,0,0,0,0,0,0,0.217633664950557,0,0.224997473033992,0,0,0,0,0,0.193905035825246,0,0.134543555478255,0,0,0,0,0,0,0,0,0,0,0,0,0,0,0,0,0,0,0,0,0.146776029354885,0.165313102427076,0,0,0
0,0,0,0,0,0,0,0,0.154336013112749,0,0,0,0,0,0,0,0.217734848459562,0,0,0,0,0,0,0,0,0,0,0,0,0,0,0,0,0,0,0,0,0,0,0,0,0,0,0,0,0,0,0,0,0,0,0,0,0,0.182339825481176,0,0,0,0.17534239590168,0,0.246918424963951,0,0,0,0,0,0,0,0,0,0,0,0,0,0,0,0,0,0,0,0,0,0.202567085623741,0,0,0,0
0,0,0,0,0,0.189218307180064,0,0,0,0.17478743493557,0,0,0,0.13896364569664,0,0,0.157429451743762,0.167387845278796,0.206992134451866,0,0,0,0,0.165703304111958,0,0.156692460179329,0,0,0,0,0,0,0,0,0,0,0,0,0,0,0,0,0,0,0,0,0,0,0,0,0,0.179913811799553,0,0,0,0.175886941344842,0,0.209901009996732,0,0.165269291171661,0,0.183341969562843,0,0,0,0,0,0,0.179001182317734,0,0,0,0,0,0,0,0,0,0,0,0,0,0.172717629856354,0,0.325917810201645,0,0
0.33702027797699,0.306196963787079,0.265979468822479,0.290212780237198,0,0,0,0,0.205952436247499,0.161014546950658,0,0,0,0,0.217734848459562,0.157429451743762,0,0.197775475513974,0.294254877583714,0,0.304236114025116,0,0,0.204140764203939,0,0.211195820011199,0.192935980856419,0,0,0,0,0,0,0,0,0.373842792378532,0.35821227964602,0.444214721520742,0.362498985869544,0.346468341781905,0.306209884881973,0.323724657297134,0.288883023006094,0.405506034692128,0,0.325816993443471,0.305947012721728,0,0.305237134297689,0.310422867536545,0,0,0,0,0,0,0.315514042973518,0.321656495332718,0,0,0,0,0.317646145820618,0.318491641662003,0,0,0.172123317917188,0,0.18353967155729,0,0,0,0.337818152764264,0.34397038263934,0,0,0,0,0.379614565484101,0.35810743474908,0.381197738647461,0.35798838388707,0.214687858144067,0.185039888290796,0.326804912606313,0.295220656887345,0.293237793658461
0.286856830120087,0.32356084883213,0,0.311089873313904,0,0,0,0,0.190098203718662,0.204876204444603,0,0,0,0,0,0.167387845278796,0.197775475513974,0,0.266154819724325,0,0,0.115124968190988,0,0.193001596404494,0,0.160487645644117,0.18353582918644,0,0,0,0,0,0,0,0,0.326305493712425,0.334767013788223,0.369343891739845,0.326871931552887,0.316290837323124,0.309906468859741,0.294479431673175,0.291885881576427,0,0.32229670882225,0.313894285455994,0.310789445225073,0,0.309358259042104,0.317469596862793,0,0,0,0,0,0,0,0,0,0,0,0,0.304040602842967,0.311770810833517,0,0,0.17543330291907,0,0.170632390720225,0,0,0,0.337982729077339,0.329510934650898,0,0,0,0,0.345156732571901,0.352823626749294,0.355147847698794,0.340026146732271,0.189830576934913,0.182832636115957,0.321287937054587,0.287870369354884,0.279377193405078
0.305780586898327,0.316546272972356,0.283859767019749,0.30048698416123,0.244652926921844,0.372717380523682,0,0,0.224909679165908,0.247977338731289,0,0,0,0,0,0.206992134451866,0.294254877583714,0.266154819724325,0,0,0.261349692940712,0,0,0.238652201493581,0,0.240775873263677,0,0,0,0,0,0,0,0,0,0.423563813704711,0.371326572144473,0.435408786285755,0.386285380971047,0.342209522706499,0.302873967551604,0.289209839505077,0.250721466856129,0.431786852038425,0.27155770195855,0.321005282749619,0.318396002166253,0,0.29426359512457,0.350075046221415,0,0,0,0,0.285319477319717,0,0.298566391522234,0.35295929285613,0,0,0,0,0.309148527430684,0.323728138070742,0.40919279307127,0,0,0,0.260587948064009,0,0.363783401601455,0.330626621842384,0.403022341731785,0.370685407813964,0,0,0,0,0.390128969637741,0.379901539466518,0.424500436912412,0.389475405377685,0.244600216469168,0.206811282497186,0.344551962562079,0.27147427629982,0.257280100730001
0,0,0,0,0,0.289585166671934,0,0,0,0,0,0.205954310985712,0,0,0,0,0,0,0,0,0,0,0,0,0,0,0,0,0,0,0,0,0,0,0,0.153004234495028,0,0.148142634913689,0,0,0,0,0,0,0,0.25920131476596,0,0,0,0,0,0.375007970766588,0,0,0,0,0,0.391112484037876,0,0,0,0,0.209833403839709,0,0,0,0,0,0,0,0,0,0.331846580654383,0,0,0,0,0,0.195526026646333,0,0.260004955452758,0,0.166594382138952,0,0.302958233488931,0,0
0,0,0.150932475924492,0,0.162939259118133,0,0,0,0.127840574085712,0,0.165257580259285,0,0,0,0,0,0.304236114025116,0,0.261349692940712,0,0,0,0,0,0,0,0,0,0,0,0,0,0,0,0,0,0.201623945237913,0,0.170588887351401,0,0,0,0.33268196384112,0,0,0,0.285016345977783,0,0,0,0.203995431148553,0,0,0,0,0,0.233502589464188,0,0,0,0,0,0,0.292846567723367,0,0,0,0,0,0,0,0,0,0.340013292702762,0,0,0,0,0,0.226913485854829,0,0.137647161090916,0.18592641830233,0,0.297644693690997,0,0
0,0,0,0,0,0,0,0,0,0,0,0,0,0,0,0,0,0.115124968190988,0,0,0,0,0.119405877978905,0.179194078497265,0,0.230711594223976,0,0.231654338538647,0,0,0,0,0,0,0,0,0,0.253064877066306,0,0,0,0,0,0,0,0,0,0,0,0.289816529653619,0,0,0,0,0,0,0,0.369633387774229,0,0.351387242718441,0,0.322992116212845,0,0,0.185795298092151,0,0.190811597573476,0,0.277121395932827,0,0.352980151772499,0,0.335574701428413,0,0,0,0,0,0.328547850251198,0,0.271757923917139,0,0.131523224774066,0.212614297866821,0.291278465092182,0,0
0,0,0,0,0,0,0,0,0,0,0,0,0,0,0,0,0,0,0,0,0,0.119405877978905,0,0,0.223286611554415,0,0,0,0.301644399762154,0,0,0,0,0,0,0,0,0,0.243518824192284,0,0,0,0,0,0,0,0,0.414703355385707,0.300941839210085,0,0,0,0,0,0,0,0,0,0,0,0,0,0,0,0,0.257885157084215,0,0.269731477601454,0,0.270481243729591,0,0.295212009450891,0,0,0,0,0,0,0,0,0,0.262091837964209,0.151547449179318,0,0.270410418510437,0,0
0,0,0,0.239156678318977,0,0,0,0,0.167347863316536,0.19966211283611,0,0,0,0,0,0.165703304111958,0.204140764203939,0.193001596404494,0.238652201493581,0,0,0.179194078497265,0,0,0,0.174895454093184,0,0,0,0,0,0,0,0,0,0,0,0.176541537967741,0,0,0,0.285687133669853,0,0,0,0.290141075849533,0,0,0,0.238674341277643,0,0,0,0,0,0.267536815829002,0,0,0,0.339214015752077,0,0.169538756211599,0,0,0.235480310188399,0,0.189117827275104,0,0.237736378061144,0,0.325222831219435,0,0,0,0,0,0,0,0,0,0.124150918186212,0,0.210734599553373,0.262305955092112,0.278366366669506,0,0
0,0,0,0,0,0,0,0,0.196928508579731,0,0,0,0,0,0,0,0,0,0,0,0,0,0.223286611554415,0,0,0,0.15289594825,0,0,0,0,0,0,0,0,0,0,0,0.250731085709641,0,0,0,0,0,0,0,0,0,0.271465902527173,0,0,0,0,0,0.239783913636884,0,0,0,0,0,0.173465751111507,0,0,0,0,0.256695599364701,0,0.23430653524756,0,0.207041684538126,0,0,0,0,0,0,0,0,0,0,0,0.220398093263308,0.207564212736629,0.330879136919975,0.204145535826683,0,0
0,0,0,0,0,0,0,0,0,0,0,0,0,0,0,0.156692460179329,0.211195820011199,0.160487645644117,0.240775873263677,0,0,0.230711594223976,0,0.174895454093184,0,0,0,0,0,0,0,0,0,0,0,0,0,0.290929526090622,0,0,0,0,0,0,0,0,0,0,0,0.240582649906476,0,0,0,0,0,0.162111212100301,0,0.356308817863464,0,0.33974403994424,0,0.264820626378059,0.366835325956345,0.304156839847565,0.284421907443749,0,0.205568964303028,0,0.221672902240398,0,0.319653322299321,0,0,0,0,0,0,0,0.311016082763672,0,0,0,0.17853742076291,0,0.198031708598137,0,0
0,0,0,0,0,0,0,0,0,0,0,0,0,0,0,0,0.192935980856419,0.18353582918644,0,0,0,0,0,0,0.15289594825,0,0,0,0,0,0,0,0,0,0,0,0,0,0,0,0,0,0,0,0,0,0,0,0,0,0,0,0,0,0,0,0,0,0.23645379287856,0,0,0,0,0,0,0,0,0.332217731646129,0,0.178708410328802,0,0.245356880006243,0,0,0,0,0,0,0,0,0,0,0.198392150963811,0,0,0,0
0,0,0,0,0,0,0,0,0,0,0,0,0,0,0,0,0,0,0,0,0,0.231654338538647,0,0,0,0,0,0,0,0.179947704076767,0,0,0,0,0,0,0,0.119254383258522,0,0,0,0,0,0,0,0,0,0,0,0,0,0,0,0,0,0,0,0,0,0,0,0,0,0,0.192891689638297,0,0,0,0,0,0.258932867716106,0,0,0,0,0,0,0,0,0,0,0,0,0,0,0,0
0,0,0,0,0,0,0,0,0,0,0,0,0,0,0,0,0,0,0,0,0,0,0.301644399762154,0,0,0,0,0,0,0,0.111603021621704,0,0,0,0,0,0,0,0,0,0,0,0,0,0,0,0,0,0,0,0,0,0,0,0,0,0,0,0,0,0,0,0,0,0,0,0,0,0,0,0,0.234625118784606,0,0.223477764563127,0,0,0,0,0,0,0,0.222496068903378,0,0,0,0,0
0,0,0,0,0,0,0,0,0,0,0,0.152104712194867,0,0,0,0,0,0,0,0,0,0,0,0,0,0,0,0.179947704076767,0,0,0,0,0,0,0,0,0,0.210775058878505,0,0,0,0,0,0,0,0,0,0,0,0,0,0,0,0,0,0,0,0.261907865938086,0,0,0,0,0,0,0,0,0,0,0,0,0,0,0.213192013386757,0,0,0,0,0,0,0,0.239587746560574,0,0,0,0,0,0
0,0,0,0,0,0,0,0,0,0,0.160121069600185,0,0,0,0,0,0,0,0,0,0,0,0,0,0,0,0,0,0.111603021621704,0,0,0,0,0,0,0,0,0,0.168332915374062,0,0,0,0,0,0,0,0,0,0,0,0,0,0,0,0,0,0.243834066158491,0,0,0,0,0,0,0,0,0,0,0,0,0,0,0.233786682370636,0,0.235073813485603,0,0,0,0,0,0,0,0.243163612755862,0,0,0,0,0
0,0,0,0,0,0,0,0,0,0,0,0,0,0,0,0,0,0,0,0,0,0,0,0,0,0,0,0,0,0,0,0,0.262373154917623,0.3268049040011,0.519732475280762,0.209819316786172,0,0,0,0,0,0,0.49487116932869,0,0,0.269501149654388,0,0.426796031925043,0.512654362355962,0.346654236316681,0,0,0,0,0,0,0,0.351178675889969,0,0,0,0,0,0,0,0,0,0,0,0,0,0,0,0,0.364461816899555,0.261231328914131,0.325420122912952,0,0.24398661742125,0.305555912164541,0,0,0.307593051121034,0,0.345070585608482,0,0
0,0,0,0,0,0,0,0,0,0,0,0,0,0,0,0,0,0,0,0,0,0,0,0,0,0,0,0,0,0,0,0.262373154917623,0,0,0.260338061622211,0.245239070057869,0.155110804193647,0,0,0,0,0,0,0,0,0,0,0.423399691203875,0.520784378051758,0,0,0,0,0,0,0,0,0,0,0,0,0,0,0,0,0,0,0,0,0,0,0,0,0,0.365581583784948,0.322291127124701,0.150342432260513,0,0.378555265069008,0.243190429380056,0,0,0.26576643631282,0,0,0,0
0,0,0,0.361008524894714,0.340106636285782,0,0,0,0,0,0,0,0,0,0,0,0,0,0,0,0,0,0,0,0,0,0,0,0,0,0,0.3268049040011,0,0,0.177336592809088,0.154238558249857,0.387108266353607,0.247570526305136,0,0,0,0.341117635369301,0.396289765834808,0,0,0.320745805899302,0,0.315716728733323,0.489215431389985,0.4371177045738,0,0.308986008167267,0,0,0,0,0,0.365294516086578,0,0,0,0,0.345901042222977,0,0,0,0,0,0,0,0,0,0.342049539089203,0,0.292250041010951,0,0.226448345228389,0.151419211627433,0.180434884340971,0,0.261855734884739,0,0.232583690886245,0,0.445992150902748,0,0
0,0,0,0,0,0,0,0,0,0,0,0,0,0,0,0,0,0,0,0,0,0,0,0,0,0,0,0,0,0,0,0.519732475280762,0.260338061622211,0.177336592809088,0,0,0.160063912170929,0,0.155828951547543,0,0,0.463394343852997,0,0,0,0,0,0.290279106844544,0.423273231089115,0.504653587937355,0,0,0,0,0,0,0,0,0,0,0,0,0,0,0,0,0,0,0,0,0,0,0,0,0.512464265028636,0.328889668346888,0.162938111443673,0.215470384375579,0,0.148873080169001,0,0.248274944521285,0.19535380181487,0,0.408219411969185,0,0
0,0.35575258731842,0,0,0,0.226152157522942,0,0.177226975560188,0,0,0,0.224238260587056,0,0,0,0,0.373842792378532,0.326305493712425,0.423563813704711,0.153004234495028,0,0,0,0,0,0,0,0,0,0,0,0.209819316786172,0.245239070057869,0.154238558249857,0,0,0.163197653509488,0.218113574383756,0.120509600266814,0.346109833568335,0,0.356190717989399,0,0.470340952277184,0,0.242658671332618,0.367664992809296,0.444057959081965,0,0.310767632722855,0,0,0,0,0,0,0,0.290562200703119,0,0,0,0,0.195359846680529,0,0,0,0,0,0,0,0.298075668513775,0,0.303629352365221,0,0.230990976509121,0.283853722115358,0.242415378350265,0,0.257566857752565,0.172699539013357,0.280921285901622,0,0.188570930067448,0.321766878167788,0.285111928494965,0.382110418944523,0
0,0,0,0,0.208698407525108,0,0,0,0,0,0.137228357894667,0,0,0,0,0,0.35821227964602,0.334767013788223,0.371326572144473,0,0.201623945237913,0,0,0,0,0,0,0,0,0,0,0,0.155110804193647,0.387108266353607,0.160063912170929,0.163197653509488,0,0.124941797483535,0.152324845133626,0.357699856162071,0.384822607040405,0,0.334850099553233,0,0.441656581560771,0.339787930250168,0.334171405434608,0.333181456771008,0.337007236022216,0.367444634437561,0.229960507667456,0,0,0,0,0,0.209399673342705,0,0.223957136273384,0,0,0,0,0.261535668310118,0,0,0,0,0,0,0,0,0.365327000617981,0.381165504455566,0.203346985578537,0.174771355759156,0,0.176152052978675,0.174448291228401,0.236447803312269,0.361033856868744,0.243708876913932,0.173644992216422,0.205512667109681,0.285618236420131,0,0.354707795562166
0,0,0,0,0,0,0,0,0,0.211252500181613,0,0.193551286002216,0,0,0,0,0.444214721520742,0.369343891739845,0.435408786285755,0.148142634913689,0,0.253064877066306,0,0.176541537967741,0,0.290929526090622,0,0.119254383258522,0,0.210775058878505,0,0,0,0.247570526305136,0,0.218113574383756,0.124941797483535,0,0.124594839459116,0.361444513906132,0,0.359244737774134,0.392005294561386,0.465434183677038,0,0.305906774115193,0,0.634700178535064,0,0.372396666902813,0,0,0,0,0,0.300041341770241,0,0.216876951046288,0,0,0,0,0.246002501384778,0,0.310695352531603,0,0.309683962274463,0.316211730241776,0,0,0.253332257843935,0,0.309948985065733,0,0,0,0.263794843812247,0,0.268310479414075,0.164542505517602,0.267369263209513,0,0.344854330327418,0.28430461342777,0.333208194490775,0.396612845361233,0.375397950410843
0,0,0,0,0,0,0,0,0.153080450108081,0,0.14075785212037,0,0,0,0,0,0.362498985869544,0.326871931552887,0.386285380971047,0,0.170588887351401,0,0.243518824192284,0,0.250731085709641,0,0,0,0,0,0.168332915374062,0,0,0,0.155828951547543,0.120509600266814,0.152324845133626,0.124594839459116,0,0,0,0.33067075163126,0.349858278036118,0,0.489526346325874,0,0.373968789974848,0.579177681240363,0.383099901574579,0,0,0,0,0,0.278495270706398,0,0.191150634783168,0,0,0,0,0,0,0.298542668314084,0,0.32115497323526,0,0.32724213911156,0,0,0,0.252330613700119,0,0.236026557891265,0,0,0,0.268522799015045,0,0.246459388329749,0,0.255109533168022,0.375477608815744,0.158204200677574,0.355316260068769,0,0.373705687622229
0,0.459693819284439,0,0.305105770379305,0,0.278678171336651,0,0,0,0,0,0,0,0,0,0,0.346468341781905,0.316290837323124,0.342209522706499,0,0,0,0,0,0,0,0,0,0,0,0,0,0,0,0,0.346109833568335,0.357699856162071,0.361444513906132,0,0,0.317164108157158,0.323575315518329,0.277144251899286,0.497565189997355,0,0.284467419546072,0.337739553944818,0.269887013317541,0.261151194572449,0.288430415451062,0,0.301610589027405,0,0,0,0,0.301765769720078,0.318792642895565,0,0.329742151498795,0,0,0.331771512699249,0.350022551914056,0.345609694719315,0,0,0,0.330704219639301,0,0.323144554307586,0,0.328172025111754,0.33339319058827,0.338467374444008,0,0,0,0.294736565647953,0.390459323361997,0.342208630739385,0.374996399879456,0.339005611509085,0.38043206013166,0.325798904823196,0.330426034708731,0.298656091094017
0.359841957688332,0,0.284828126430511,0,0.272109836339951,0,0,0,0,0,0,0,0,0,0,0,0.306209884881973,0.309906468859741,0.302873967551604,0,0,0,0,0,0,0,0,0,0,0,0,0,0,0,0,0,0.384822607040405,0,0,0.317164108157158,0,0.287771046161652,0.274029520833977,0,0.280600983897845,0.322122991085052,0.227959054011991,0.366094158962369,0.294500917986487,0,0.243714787065983,0,0,0,0.263146176934242,0,0.301616130639677,0,0,0,0,0,0,0.222845797448297,0,0,0,0,0,0,0,0,0.319201171398163,0.305147404368553,0,0,0,0,0.37538994550705,0.290986407748761,0.35638615489006,0.272754487419917,0.286285892786349,0.301744341850281,0.255885528700967,0.293793350458145,0.294700547564225
0.259742274880409,0.274138321168721,0,0.291294015672368,0.237289622426033,0.277762448493864,0,0,0.24653372168541,0.295167995616794,0,0,0,0,0,0,0.323724657297134,0.294479431673175,0.289209839505077,0,0,0,0,0.285687133669853,0,0,0,0,0,0,0,0,0,0.341117635369301,0.463394343852997,0.356190717989399,0,0.359244737774134,0.33067075163126,0.323575315518329,0.287771046161652,0,0.231380635429308,0.207876531141145,0,0.312672715221195,0.28345832824707,0.413144881616939,0.340781914398951,0.307316627616111,0,0.275283291935921,0,0,0,0.277797929504338,0,0.337389756447032,0,0.338274623950322,0,0,0.332729931535392,0.302036772171656,0.369560226798058,0,0.288352285560809,0,0.359017501984324,0,0.351095029444837,0,0.338950944246829,0.324955934286118,0.331811308860779,0,0,0.459304839372635,0.346370516792016,0.334769941082126,0.3504907194818,0.338415185610453,0.323061393602443,0.298715919628739,0.332173633355536,0.260697300780107,0.243848491460085
0.255244301476826,0,0.287466699426824,0.250258326530457,0.263566542416811,0.252917379140854,0,0,0.243087500333786,0,0,0,0,0,0,0,0.288883023006094,0.291885881576427,0.250721466856129,0,0.33268196384112,0,0,0,0,0,0,0,0,0,0,0.49487116932869,0,0.396289765834808,0,0,0.334850099553233,0.392005294561386,0.349858278036118,0.277144251899286,0.274029520833977,0.231380635429308,0,0.283177440365156,0.231508270319965,0.270703869064649,0.28528416414987,0.454042677501483,0.315204775678267,0.34487356651913,0.27416380417758,0,0,0,0.273424184918404,0,0.334744044148875,0,0.319373565912247,0,0.248717546463013,0,0.293452888727188,0.307327906781387,0,0,0,0,0,0,0,0.345851900056005,0.313638441264629,0.32276680415771,0.354968547821045,0,0,0,0.306585069032426,0.325260756876011,0.348697637969797,0.33986673318142,0.303440623961605,0.351420504706247,0.304010352748329,0.217537575689229,0.23693071985166
0,0,0,0,0,0,0,0,0,0,0,0,0,0,0,0,0.405506034692128,0,0.431786852038425,0,0,0,0,0,0,0,0,0,0,0,0,0,0,0,0,0.470340952277184,0,0.465434183677038,0,0.497565189997355,0,0.207876531141145,0.283177440365156,0,0,0.560193538665771,0,0,0,0,0,0,0,0,0,0,0,0,0,0,0,0,0.333928108215332,0,0,0,0,0,0,0,0,0,0.457458760589361,0.422789573669434,0,0,0,0,0.513183000222058,0,0.527840827405453,0.315766155719757,0.322338425687381,0,0.474392552177111,0.421261191368103,0
0,0,0,0,0,0,0,0,0,0,0,0,0,0,0,0,0,0.32229670882225,0.27155770195855,0,0,0,0,0,0,0,0,0,0,0,0,0,0,0,0,0,0.441656581560771,0,0.489526346325874,0,0.280600983897845,0,0.231508270319965,0,0,0,0.276222782976487,0,0,0,0,0,0,0,0,0,0.530763924121857,0,0,0,0,0,0,0.388935846778063,0,0,0,0,0,0,0,0,0,0.391453345616659,0,0,0,0,0,0.415260223405702,0.294331431388855,0.524131561026854,0.338334321975708,0,0.335084925356664,0,0.240154466032982
0.379335463047028,0,0,0.223230793925342,0,0.253134776097842,0,0,0,0.280370930830638,0,0.303545270647321,0,0,0,0,0.325816993443471,0.313894285455994,0.321005282749619,0.25920131476596,0,0,0,0.290141075849533,0,0,0,0,0,0,0,0.269501149654388,0,0.320745805899302,0,0.242658671332618,0.339787930250168,0.305906774115193,0,0.284467419546072,0.322122991085052,0.312672715221195,0.270703869064649,0.560193538665771,0,0,0.327697445638478,0.265710687663938,0.320393323898315,0.30241315013596,0,0.263905939956506,0,0,0,0,0,0.327529301658211,0,0.318839417262511,0,0,0.289444602934137,0.363575950264931,0.368018175164859,0,0,0,0.329315433899562,0,0.331332989249911,0,0.34149676470629,0.325371732314428,0.313324205577374,0,0,0,0.279311188175093,0.373006707429886,0.318476609604332,0.330879181623459,0.346203402266121,0.372674988848822,0.317000718177196,0.330983878946618,0.290529534220695
0,0,0.284699857234955,0,0.277213543653488,0,0,0,0.276897683739662,0,0,0,0,0,0,0,0.305947012721728,0.310789445225073,0.318396002166253,0,0.285016345977783,0,0,0,0,0,0,0,0,0,0,0,0,0,0,0.367664992809296,0.334171405434608,0,0.373968789974848,0.337739553944818,0.227959054011991,0.28345832824707,0.28528416414987,0,0.276222782976487,0.327697445638478,0,0.313447812136183,0.280246390434022,0.352180778980255,0.228687533736229,0,0,0,0.279376459121704,0,0.305842208210379,0,0.292139999568462,0,0,0,0.309437647461891,0.258474156031753,0,0,0,0,0,0,0.316572844982147,0.366741120815277,0.321742311120033,0.351003336630273,0.351153443257014,0,0,0,0.371440809369087,0.295805167166922,0.334358096122742,0.359836839822346,0.310974303961471,0.363708111974928,0.286504562533468,0.301674153655767,0.301389011598769
0,0,0,0.323309548876502,0.313987284898758,0.310688608884811,0,0,0.305666565895081,0,0,0,0,0,0,0,0,0,0,0,0,0,0.414703355385707,0,0,0,0,0,0,0,0,0.426796031925043,0.423399691203875,0.315716728733323,0.290279106844544,0.444057959081965,0.333181456771008,0.634700178535064,0.579177681240363,0.269887013317541,0.366094158962369,0.413144881616939,0.454042677501483,0,0,0.265710687663938,0.313447812136183,0,0.480663901307655,0.369368967216915,0.314429365098476,0.309592187404633,0,0,0.313151723146439,0,0.340757813946954,0.319293091694514,0.33451734483242,0,0,0,0.337022377686067,0.301225922428645,0.339220613241196,0.438760086894035,0,0,0,0,0.343052208423615,0.355351060628891,0.331755647435784,0.359893517060713,0.524654009918793,0.399247588812436,0.314019283031424,0.339593984720063,0.413258715654109,0.478983341119897,0.334237598455869,0.491747761086414,0.537427573008904,0.529637763897578,0.440095620453358,0.331757550438245,0
0.181053657992146,0,0.164060250795507,0,0.278111537297567,0,0,0,0.152325927344866,0,0,0,0,0,0,0,0.305237134297689,0.309358259042104,0.29426359512457,0,0,0,0.300941839210085,0,0.271465902527173,0,0,0,0,0,0,0.512654362355962,0.520784378051758,0.489215431389985,0.423273231089115,0,0.337007236022216,0,0.383099901574579,0.261151194572449,0.294500917986487,0.340781914398951,0.315204775678267,0,0,0.320393323898315,0.280246390434022,0.480663901307655,0,0.475079390509375,0.275343546096016,0,0,0,0.205629738208688,0,0.31562444869476,0,0.243242930620909,0,0.243666634030108,0,0.345192044973373,0.284174139300982,0,0.301614475784017,0,0.297693217642435,0,0.270508649111285,0,0.283292966398374,0,0.335717462087705,0.506747884997006,0.491094321012497,0.471209158500036,0.422277559836706,0.374174162745476,0.405986745536449,0,0.331561520578814,0.392631081926743,0.352055169641972,0.335389667674172,0,0.294546595878071
0.234189935028553,0.197168759119934,0,0.275095455415015,0,0.282455494529323,0,0,0,0.158352670570215,0,0.329671412706375,0,0,0,0,0.310422867536545,0.317469596862793,0.350075046221415,0,0,0.289816529653619,0,0.238674341277643,0,0.240582649906476,0,0,0,0,0,0.346654236316681,0,0.4371177045738,0.504653587937355,0.310767632722855,0.367444634437561,0.372396666902813,0,0.288430415451062,0,0.307316627616111,0.34487356651913,0,0,0.30241315013596,0.352180778980255,0.369368967216915,0.475079390509375,0,0,0.289664806922277,0,0,0,0.222805812954903,0.348377645015717,0.321338891870145,0,0.323756168946365,0,0.260903650168645,0.324767017076092,0,0.35607802593026,0,0.253898553120402,0,0.288225099921227,0,0.299117718853297,0,0.314690084100884,0,0.348768571248421,0,0.371556311845779,0,0.331066584278002,0.398164346814156,0.374509308004548,0,0.300748634796876,0.314750909805298,0.30465981986434,0.345485089080674,0
0,0,0.172534614801407,0,0.201257235418867,0,0.18593792244792,0,0.181670591235161,0,0,0,0,0,0,0,0,0,0,0,0.203995431148553,0,0,0,0,0,0,0,0,0,0,0,0,0,0,0,0.229960507667456,0,0,0,0.243714787065983,0,0.27416380417758,0,0,0,0.228687533736229,0.314429365098476,0.275343546096016,0,0,0,0.18791831433773,0,0,0,0.278181321918964,0,0.207049554980853,0,0.18270318368648,0,0,0.266449385191088,0,0,0,0,0,0,0,0.253939896821976,0,0.305829226970673,0,0,0,0,0,0.251075675157276,0,0,0.239461246484555,0,0.261258274112262,0,0
0,0,0,0.226946766527606,0,0.233261031228257,0,0.211625805577716,0,0.145938967168331,0,0,0,0.217633664950557,0,0.179913811799553,0,0,0,0.375007970766588,0,0,0,0,0,0,0,0,0,0,0,0,0,0.308986008167267,0,0,0,0,0,0.301610589027405,0,0.275283291935921,0,0,0,0.263905939956506,0,0.309592187404633,0,0.289664806922277,0,0,0,0.190744656782884,0,0.194247901439667,0,0.261538851247499,0,0.247587833636673,0,0.173358582298864,0.359161783603654,0,0,0,0,0,0,0,0,0,0.300639533996582,0,0,0,0,0,0.292704394459724,0,0.325832396745682,0,0.206590870867914,0,0.286267700335367,0,0
0,0,0,0,0.195805913385223,0,0.17091412935406,0,0,0,0,0,0,0,0,0,0,0,0,0,0,0,0,0,0,0,0,0,0,0,0,0,0,0,0,0,0,0,0,0,0,0,0,0,0,0,0,0,0,0,0.18791831433773,0,0,0,0,0,0,0,0,0,0,0,0,0,0,0,0,0,0,0,0,0,0,0,0,0,0,0,0,0,0,0,0.172890946269035,0.218238929384633,0,0,0
0,0,0,0,0,0.182967348133816,0,0.194319696465539,0,0,0,0,0,0.224997473033992,0,0,0,0,0,0,0,0,0,0,0,0,0,0,0,0,0,0,0,0,0,0,0,0,0,0,0,0,0,0,0,0,0,0,0,0,0,0.190744656782884,0,0,0,0,0,0,0,0.233500660530158,0,0,0,0,0,0,0,0,0,0,0,0,0,0,0,0,0,0,0,0,0,0,0.173331110179424,0,0,0,0
0.198402103355953,0,0.180301960557699,0,0.184372290968895,0,0,0,0.22561304557188,0,0,0,0,0,0.182339825481176,0,0,0,0.285319477319717,0,0,0,0,0,0.239783913636884,0,0,0,0,0,0,0,0,0,0,0,0,0,0.278495270706398,0,0.263146176934242,0,0.273424184918404,0,0,0,0.279376459121704,0.313151723146439,0.205629738208688,0,0,0,0,0,0,0,0.263021936019262,0,0,0,0.211128100089216,0,0,0.265528619289398,0,0,0,0.272004245085546,0,0.164269626140594,0,0,0,0.304536801576614,0.339668661355972,0,0,0,0,0.272353455424309,0,0.264554263204062,0.213997300714254,0,0.23817442753993,0,0
0,0.19121968050252,0,0.171310186088085,0,0.220549746283463,0,0,0,0.249480520627949,0,0,0,0,0,0.175886941344842,0,0,0,0,0,0,0,0.267536815829002,0,0.162111212100301,0,0,0,0,0,0,0,0,0,0,0,0.300041341770241,0,0,0,0.277797929504338,0,0,0,0,0,0,0,0.222805812954903,0,0.194247901439667,0,0,0,0,0,0,0,0,0,0.229672821053179,0,0,0,0,0.247208467391985,0,0.161329808831215,0,0,0,0,0,0,0,0,0,0,0,0.28348995206383,0,0.201303822653634,0,0.285242418413396,0,0
0,0,0.28336051851511,0,0.233450001478195,0,0,0,0.215512206157049,0,0.233282531088424,0,0,0,0,0,0.315514042973518,0,0.298566391522234,0,0.233502589464188,0,0,0,0,0,0,0,0,0,0.243834066158491,0,0,0,0,0,0.209399673342705,0,0.191150634783168,0.301765769720078,0.301616130639677,0,0.334744044148875,0,0.530763924121857,0,0.305842208210379,0.340757813946954,0.31562444869476,0.348377645015717,0.278181321918964,0,0,0,0.263021936019262,0,0,0,0.266056471577199,0,0.284847490489483,0,0,0.315542806318213,0,0,0,0,0,0,0,0.341126481769606,0,0.376342278932841,0,0,0,0,0,0.302092501422861,0,0.267100984800835,0.255585488464151,0,0.340239932381248,0,0.338538803484129
0,0,0,0.270295368168842,0,0.276160540990531,0,0,0,0,0,0.24693601158726,0,0,0,0.209901009996732,0.321656495332718,0,0.35295929285613,0.391112484037876,0,0.369633387774229,0,0,0,0.356308817863464,0,0,0,0.261907865938086,0,0.351178675889969,0,0.365294516086578,0,0.290562200703119,0,0.216876951046288,0,0.318792642895565,0,0.337389756447032,0,0,0,0.327529301658211,0,0.319293091694514,0,0.321338891870145,0,0.261538851247499,0,0,0,0,0,0,0,0.295784695040897,0,0.222937529440969,0.330462181277936,0,0.37201494881601,0,0.328429186344147,0,0.370477409589858,0,0.345187813159896,0,0.304036637076248,0,0,0,0,0,0.316244988324674,0.30059289932251,0.354307275027671,0,0.299933451063493,0,0.327944079690326,0.350945630325721,0
0,0,0,0,0,0,0,0,0,0,0,0,0.200647452795828,0,0.17534239590168,0,0,0,0,0,0,0,0,0,0,0,0.23645379287856,0,0,0,0,0,0,0,0,0,0.223957136273384,0,0,0,0,0,0.319373565912247,0,0,0,0.292139999568462,0.33451734483242,0.243242930620909,0,0.207049554980853,0,0,0,0,0,0.266056471577199,0,0,0,0.220961283892393,0,0,0.298828095197678,0,0,0,0,0,0.25330043832461,0,0.266791301539966,0,0.322367084026337,0,0,0,0,0,0.256174087524414,0,0,0.262434052303433,0,0.300064399028602,0,0
0,0,0,0.255802922470625,0,0.235856971740723,0,0.201250531118024,0,0,0,0,0,0.193905035825246,0,0.165269291171661,0,0,0,0,0,0.351387242718441,0,0.339214015752077,0,0.33974403994424,0,0,0,0,0,0,0,0,0,0,0,0,0,0.329742151498795,0,0.338274623950322,0,0,0,0.318839417262511,0,0,0,0.323756168946365,0,0.247587833636673,0,0.233500660530158,0,0,0,0.295784695040897,0,0,0,0.28477369432832,0.337780301570892,0,0.369657835755192,0,0.32823014318943,0,0.368102770989427,0,0.33825393614005,0,0.372497091690699,0,0,0,0,0,0.310298763215542,0,0.327864617109299,0,0.183727954794293,0.165167067199945,0.33024537563324,0.326142609119415,0
0.200227748688465,0,0,0,0.156039036313693,0,0,0,0.184989881453415,0,0,0,0,0,0.246918424963951,0,0,0,0,0,0,0,0,0,0.173465751111507,0,0,0,0,0,0,0,0,0,0,0,0,0,0,0,0,0,0.248717546463013,0,0,0,0,0,0.243666634030108,0,0.18270318368648,0,0,0,0.211128100089216,0,0.284847490489483,0,0.220961283892393,0,0,0,0,0,0,0,0,0,0,0.253306117840111,0,0.266699612140656,0,0,0,0,0,0,0,0,0,0,0.225808441638947,0,0.17806151509285,0,0
0,0.230178342396472,0,0.235503425652331,0,0.194250638006439,0,0,0,0.239342354811155,0,0,0,0.134543555478255,0,0.183341969562843,0,0,0,0,0,0.322992116212845,0,0.169538756211599,0,0.264820626378059,0,0,0,0,0,0,0,0,0,0,0,0,0,0,0,0,0,0,0,0,0,0,0,0.260903650168645,0,0.173358582298864,0,0,0,0.229672821053179,0,0.222937529440969,0,0.28477369432832,0,0,0,0,0.336080322662989,0,0.18594416503618,0,0.311206604001903,0,0.338243901729584,0,0,0,0,0,0,0,0,0,0,0,0.142707716921965,0,0.208569969794925,0,0
0,0,0,0.313619807362556,0,0.3112883699365,0,0,0,0,0,0.277811001699704,0,0,0,0,0.317646145820618,0.304040602842967,0.309148527430684,0.209833403839709,0,0,0,0,0,0.366835325956345,0,0,0,0,0,0,0,0.345901042222977,0,0.195359846680529,0,0.246002501384778,0,0.331771512699249,0,0.332729931535392,0.293452888727188,0.333928108215332,0,0.289444602934137,0.309437647461891,0.337022377686067,0.345192044973373,0.324767017076092,0,0.359161783603654,0,0,0,0,0,0.330462181277936,0,0.337780301570892,0,0,0,0.350508252779643,0.380186879634857,0,0,0,0.366928263622172,0,0.336575335876117,0,0.331873084869534,0,0,0,0,0,0.29778648194108,0.357765197753906,0.321856898973888,0.433340549468994,0.192344537653062,0.402331322431564,0.346434742769954,0.312214361769812,0
0,0,0,0,0.200866317047792,0,0,0,0,0,0.275863468647003,0,0,0,0,0,0.318491641662003,0.311770810833517,0.323728138070742,0,0.292846567723367,0,0,0,0,0.304156839847565,0,0,0,0,0,0,0,0,0,0,0.261535668310118,0,0.298542668314084,0.350022551914056,0.222845797448297,0.302036772171656,0.307327906781387,0,0.388935846778063,0.363575950264931,0.258474156031753,0.301225922428645,0.284174139300982,0,0.266449385191088,0,0,0,0.265528619289398,0,0.315542806318213,0,0.298828095197678,0,0,0,0.350508252779643,0,0,0,0,0,0,0,0,0.355184271931648,0.339811159504784,0.363967031319097,0,0,0,0,0.35842169970274,0.315568359650601,0.390919253230095,0.420315883687029,0.305027562077571,0.310842842967422,0.317041403405119,0.300603264570236,0.325131870096638
0,0,0,0.366399109363556,0,0,0,0,0,0,0,0,0,0,0,0,0,0,0.40919279307127,0,0,0.185795298092151,0,0.235480310188399,0,0.284421907443749,0,0.192891689638297,0,0,0,0,0,0,0,0,0,0.310695352531603,0,0.345609694719315,0,0.369560226798058,0,0,0,0.368018175164859,0,0.339220613241196,0,0.35607802593026,0,0,0,0,0,0,0,0.37201494881601,0,0.369657835755192,0,0.336080322662989,0.380186879634857,0,0,0,0.274054210564053,0,0.345364934978076,0,0.364365352606176,0,0.360531445034964,0,0,0,0,0,0.337176494300365,0,0.355377025845397,0,0.218777944101021,0,0.327522854236039,0.381368458271027,0
0,0,0,0,0,0,0,0,0,0,0,0,0,0,0,0,0,0,0,0,0,0,0.257885157084215,0,0.256695599364701,0,0,0,0,0,0,0,0,0,0,0,0,0,0.32115497323526,0,0,0,0,0,0,0,0,0.438760086894035,0.301614475784017,0,0,0,0,0,0,0,0,0,0,0,0,0,0,0,0,0,0,0.272219998195833,0,0.312817028590611,0,0.306142423786012,0,0,0,0,0,0,0,0,0,0.288760671570466,0.292106996290386,0,0.271134688095613,0,0
0,0,0,0,0,0,0,0,0,0.20413186788559,0,0,0,0,0,0,0.172123317917188,0.17543330291907,0,0,0,0.190811597573476,0,0.189117827275104,0,0.205568964303028,0,0,0,0,0,0,0,0,0,0,0,0.309683962274463,0,0,0,0.288352285560809,0,0,0,0,0,0,0,0.253898553120402,0,0,0,0,0,0.247208467391985,0,0.328429186344147,0,0.32823014318943,0,0.18594416503618,0,0,0.274054210564053,0,0,0,0.220986928634032,0,0.339705687193643,0,0,0,0,0,0,0,0.353802800178528,0,0.26552880525589,0,0.173538543283939,0,0.28376523583618,0,0
0,0,0,0,0,0,0,0,0.228985377229177,0,0,0,0,0,0,0,0,0,0,0,0,0,0.269731477601454,0,0.23430653524756,0,0.332217731646129,0,0,0,0,0,0,0,0,0,0,0.316211730241776,0.32724213911156,0,0,0,0,0,0,0,0,0,0.297693217642435,0,0,0,0,0,0.272004245085546,0,0,0,0,0,0,0,0,0,0,0.272219998195833,0,0,0,0.327864838858782,0,0,0,0,0,0,0,0,0,0,0,0.289495891681663,0.370846762657166,0,0.359189949563292,0,0
0,0,0,0.313445389270782,0,0,0,0,0,0,0,0,0,0,0,0.179001182317734,0.18353967155729,0.170632390720225,0.260587948064009,0,0,0.277121395932827,0,0.237736378061144,0,0.221672902240398,0,0,0,0,0,0,0,0,0,0,0,0,0,0.330704219639301,0,0.359017501984324,0,0,0,0.329315433899562,0,0,0,0.288225099921227,0,0,0,0,0,0.161329808831215,0,0.370477409589858,0,0.368102770989427,0,0.311206604001903,0.366928263622172,0,0.345364934978076,0,0.220986928634032,0,0,0,0.394576651271521,0,0.266325205564499,0,0,0,0,0,0.329413577914238,0,0.331221282482147,0,0.164759847609436,0,0.231569886556827,0.374832481145859,0
0,0,0,0,0,0,0,0,0.120301835238934,0,0,0,0,0,0,0,0,0,0,0,0,0,0.270481243729591,0,0.207041684538126,0,0.178708410328802,0,0,0,0,0,0,0,0,0,0,0,0,0,0,0,0,0,0,0,0,0,0.270508649111285,0,0,0,0,0,0.164269626140594,0,0,0,0.25330043832461,0,0.253306117840111,0,0,0,0,0.312817028590611,0,0.327864838858782,0,0,0,0.322019440096079,0,0,0,0,0,0,0,0,0,0.318064540624619,0.213451600210233,0,0.157038162151972,0,0
0,0,0,0.301346817612648,0,0.304632157087326,0,0,0,0,0,0,0,0,0,0,0,0,0.363783401601455,0,0,0.352980151772499,0,0.325222831219435,0,0.319653322299321,0,0.258932867716106,0,0,0,0,0,0,0,0.298075668513775,0,0.253332257843935,0,0.323144554307586,0,0.351095029444837,0,0,0,0.331332989249911,0.316572844982147,0.343052208423615,0,0.299117718853297,0,0,0,0,0,0,0,0.345187813159896,0,0.33825393614005,0,0.338243901729584,0.336575335876117,0,0.364365352606176,0,0.339705687193643,0,0.394576651271521,0,0,0,0.321633064675085,0,0.352162172396978,0,0,0,0.315168555064868,0,0.310823600267877,0,0.334452092647552,0,0.349278640396455,0.359494365178622,0
0,0,0,0,0,0,0,0,0,0,0,0,0,0,0,0,0,0,0.330626621842384,0,0,0,0.295212009450891,0,0,0,0.245356880006243,0,0.234625118784606,0,0.233786682370636,0,0,0,0,0,0,0,0.252330613700119,0,0,0,0.345851900056005,0,0,0,0.366741120815277,0.355351060628891,0.283292966398374,0,0.253939896821976,0,0,0,0,0,0.341126481769606,0,0.266791301539966,0,0.266699612140656,0,0,0.355184271931648,0,0.306142423786012,0,0,0,0.322019440096079,0,0,0,0.262199806371284,0,0,0,0,0,0,0,0.296226238299196,0.291347295045853,0,0.351059581552233,0,0.366981536149979
0,0.383515781164169,0,0.341120445510236,0,0.300170452594757,0,0,0,0,0,0.324880739912773,0,0,0,0,0.337818152764264,0.337982729077339,0.403022341731785,0.331846580654383,0,0.335574701428413,0,0,0,0,0,0,0,0.213192013386757,0,0,0,0.342049539089203,0,0.303629352365221,0.365327000617981,0.309948985065733,0,0.328172025111754,0.319201171398163,0.338950944246829,0.313638441264629,0.457458760589361,0,0.34149676470629,0.321742311120033,0.331755647435784,0,0.314690084100884,0,0.300639533996582,0,0,0,0,0,0.304036637076248,0,0.372497091690699,0,0,0.331873084869534,0.339811159504784,0.360531445034964,0,0,0,0.266325205564499,0,0.321633064675085,0,0,0.346487402915955,0.360585659742355,0,0,0,0.324409061391163,0.35167331331306,0.34247728859543,0.376140579581261,0.348854486147563,0.406247332692146,0.369016291377994,0.372387321741175,0.306432694196701
