0,0,0.0311457023813305,0,0,0,0,0,0.0440487385520688,0,0,0,0,0,0.0324304304296824,0,0,0,0.00580666725428906,0,0,0,0,0,0.0120435127373521,0,0,0,0,0,0,0,0,0,0,0,0,0,0,0,0,0,0.000490236998130426,0,0,0,0,6.18139145286013e-05,0.0289734969630872,0,0,0,0,0,0.148884200737837,0,0,0,0,0,0.000212269952362693,0,0,0,0,0,0,0.000190948359513551,0,0,0,0,0,0,0,0,0,0,0,0,0,0,0.000457884554246131,1.3575357270883e-06,0.00487978879621161,0,0.000348872531039046
0,0,0,0.0301440540810705,0,0,0,0,0,0.0268666613979346,0,0,0,5.94619535375721e-05,0,0.00591776672394494,0,1.35965504672063e-05,4.86920036319983e-05,0,0,0,0,0.0150983116109193,0,0.0103896608245014,0,0,0,3.42168858784057e-05,0,0,0,0,0,0,0,1.28769783105463e-05,0,0,0,0.00446253945523844,0,0,0,1.06512828523045e-05,0,0.000554601378663522,0,0.0291040203875719,0,0,0,0,0,0.0181911660295796,0,0.00191488336510383,0,0.00142561895154416,0,0.0420467404394095,7.02635804764975e-05,0,0,0,0.00751232089714771,0,0,0,0,0,0.000949518563616071,0,0,0,0,0,0.000999838701186828,0,0.000599513199227952,0,0.00134640697788466,0,0.011341171698508,0.00556400203897401,0
0.0311457023813305,0,0,0,0.00755249649355632,0,0,0,3.77081874016749e-05,0,0,0,0,0,0,0,0.000126616244334807,5.4480938427146e-05,0.00198108941075425,0,3.35032299100277e-05,0,5.20125564578946e-06,0,0,0,0,0,0,0,0,0,0,0,0.000163705707607133,0,2.73843269591244e-05,0,0,9.71755248579433e-05,0.00222399869368825,0.000165925558261572,0.0165015204170219,0,0,0,0.000156958201921819,0.000223745196131147,0.00741163469888066,0.000152138512715482,0.0125824449523081,0,0,0,0.00126598993304675,0,0.000632097991027471,0,0,0,0,0,0,0,0,0,0,0,0,0,0,0,0,0.00616271898823667,0,0,0,0.000191092325146002,1.03265155249659e-06,0.000744325747332456,2.77199677347734e-05,0.000320632456895001,0.000248642095057555,1.92234561674086e-06,0.014251131645915,0,0.00637222673766853
0,0.0301440540810705,0,0,0,0,0,0,0,0.00239584064538474,0,0,0,0,0,0,0,4.21772804592123e-05,0,0.000298054343199653,0,0,0,0,0,0,0,0,0,0.000214873282924841,0,0,0,0,0,0,0,7.63995984498619e-06,0,0.000254721927069381,0,0.00803576033904872,0,0,0,1.29640559286019e-05,0,1.39913338575489e-05,0,0.0228139008459953,0,0,0,0,0,0.0342681943855865,0,0.00840257884630657,0,0,0,0,0.00245943026374129,0,0,0,0,0,0,0,0,0,0.00344201470471576,0,0,0,0,0,5.12094232902952e-05,0,0.000202128458017246,0,0.000184719046018456,0,0.00498863473190206,0.00092776335328022,0
0,0,0.00755249649355632,0,0,0,0.00183193191272541,0,0,0,0,0,0,0,0,0,0,0,4.45583988786167e-05,0,0.0109641524615757,0,0,0,0,0,0,0,0,0,0,0,0,0,0,0,0,0,0,0,0,0.000110055649022679,0.000664153421573378,0,0,0,0,0.000240114594775571,0.00102194272514607,0.000486030666496349,0.0204330528961692,0,0.000213698047446087,0,0,0,0,0,0,0,0.0057464563844044,0,0,0.0010266461815044,0,0,0,0,0,0,0,0,0,0.000176686411800952,0,2.2723570131528e-05,0,2.60019840147077e-05,0,1.13011386530207e-05,3.12342285033556e-05,0,0.00334723294400529,0.000270528527460407,0.0184888170952228,0,0
0,0,0,0,0,0,0,0.00444905229429027,0,0.0406514586762895,0,0,0,0,0,0,0,0,0,0.00224031658787112,0,0,0,0,0,0,0,0,0,0,0,0,0,0,7.34907817926712e-05,1.79440993007046e-05,0,0,0,0.000102203550581526,0,2.03354034400091e-05,0,0,0,0,9.01517268637141e-06,3.45097780360317e-05,0,0.000620890560466186,0,0.00859551400807944,0,0.00511747110834041,0,0.000799961896130805,0,0,0,0,0,0,0.0108117635314749,0,0,0,0,0,0,0,0,0,1.47450124710794e-05,0,0,0,0,0,2.53600327612831e-06,0,0,0,0.00158985314157307,5.45433626998309e-05,0.00108305250133573,0,0
0,0,0,0,0.00183193191272541,0,0,0,0,0,0.00853169370646721,0,0.000118973106084464,0,0,0,0,0,0,0,0.000434958147688433,0,0,0,0,0,0,0,0,0,0,0,0,0,0,0,0,0,0,0,0,0,0,0,0,0,0,0,0,0,0.0138787660675579,0,0.108579956642876,0,0,0,0.0073814077662137,0,0.00493664142672269,0,0,0,0,0.00167367425487856,0,0,0,0,0,0,0,0,0,0,0,0,0,0,0,0,0,0,0.00078537016458552,0,0,0,0
0,0,0,0,0,0.00444905229429027,0,0,0,0,0,0.00198245264528906,0,0.00362854897221389,0,0,0,0,0,0.00204470299182555,0,0,0,0,0,0,0,0,0,0,0,0,0,0,0,0,0,0,0,0,0,0,0,0,0,0,0,0,0,0,0,0.0271681593304923,0,0.138034760896005,0,0,0,0.000868568131787997,0,0.000666539894398117,0,0,0.00103417739962728,0,0,0,0,0,0,0,0,0,0,0,0,0,0,0,0,0,0,0,0.00386970970720575,0.0037218302936073,0,0,0
0.0440487385520688,0,3.77081874016749e-05,0,0,0,0,0,0,0.000207995582259088,0,0,0,0,0.00146033664731038,0.000301627900208932,0.0136482713140298,0.000665370994152887,0.00493848012020636,0,0,0.000277282296901226,0.00028841055218397,0.000796383937831968,0.00841200523755714,0.000923547155899313,0.00117684443066166,0,0,0,0,0,0,0,0,0,0,0,0.000626775170759496,0,0.000212051888246746,6.29896173621403e-05,0.00696040760966026,6.44521150851716e-05,0,0,0,0.00256294505298659,0.000181444584146418,0.000124574769366382,0,0,0,0,0.164544570155787,0.000157309687039911,0,0,0,0,0.000686565278017803,0,0,0,9.27137929279003e-06,0,0.00103523289932585,0.012695302340146,0,0,0,0,1.49556988975944e-05,0,0,0,6.07641163932309e-05,0,0,6.83706255379904e-06,2.93432905094503e-05,0.000298322978700373,0.00606606941115397,0.000557190663280687,0.0169029617577816,0,0.0220032329043145
0,0.0268666613979346,0,0.00239584064538474,0,0.0406514586762895,0,0,0.000207995582259088,0,0,0,0,0,0,0.0977195506680542,0.00342892877689692,0.0322138142402156,0.0109023035029883,0,0,0.00080629716772808,9.65479522439775e-05,0.027077679517222,0.000501940041484241,0.0408354929236618,0,0.00122756707862077,0,7.46325335004904e-05,0,0,0,0,0,0,0,0.000251545755450618,0,0.000177814599376202,0.000351408773889369,0.0025858509824242,0.000187925412630572,0,0,0.000139027399701047,0,4.40501913530013e-05,0,0.000575391991452937,0,0,0,0,0,0.0939752632911681,0,5.85695898687986e-05,0,0,0,0.0307385479308805,0.00038546227541949,0,0.000211080135963966,0,0.0263698155010707,0.000259218017293485,0.0131052367293734,0,0.000625710116444316,0,0.00110883714373599,3.95304137748445e-05,0,0,0,0,0.000181601638881215,2.76142394486969e-05,0.000824110774221943,3.99485013329011e-05,0.00731564182948891,0.000140719322718978,0.00323748108135234,0.000563480480879573,0
0,0,0,0,0,0,0.00853169370646721,0,0,0,0,0,0.0554688160086122,0,0,0,0,0,0,0,0.0242786562415449,0,0,0,0,0,0,0,0.000681946181694489,0,0.00751603785770324,0,0,0,0,0,0.00468760174463605,0,0.0183969203230605,0,0,0,0,0,0,0,0,0,0,0,0,0,0.000224696176611566,0,0,0,0.168560560274729,0,0.0078887172515787,0,0,0,0,0.00394153783371627,0,0,0,0,0,0,0,0,0,0.0027655404076487,0,0,0,0,0,0.000375858760391426,0,0.00327287094959868,0.00199362032597173,0,5.71850191111192e-05,0,0
0,0,0,0,0,0,0,0.00198245264528906,0,0,0,0,0,0.0164869248995283,0,0,0,0,0,0.101625352936636,0,0,0,0,0,0,0,0.0015337391254767,0,0.00460388973844229,0,0,0,0,0,0.00549811585163348,0,0.0281715895153129,0,0,0,0,0,0,0,0,0,0,0,0,0,0.000192987868789226,0,0.000114306917342846,0,0,0,0.0905638105777694,0,0.0144676759269993,0,0,0.00108029880192473,0,0,0,0,0,0,0,0,0,0.0041585571527689,0,0,0,0,0,0.00314378978245379,0,0.0129831556450198,0,0.00581249716697252,0.00709482287452992,0,0,0
0,0,0,0,0,0,0.000118973106084464,0,0,0,0.0554688160086122,0,0,0,0.0113125304854799,0,0,0,0,0,0,0,0,0,0,0,0,0,0.000713850376339827,0,0,0,0,0,0,0,0,0,0,0,0,0,0,0,0,0,0,0,0,0,0,0,0.00302148663743651,0,0,0,0.0120015246633641,0,0.0414334307387922,0,0.00498976163902092,0,0,0,0,0,0,0,0,0,0,0.00327634201298555,0,0,0,0,0,0,0,0,0,0,0.000560494525603186,0,0,0,0
0,5.94619535375721e-05,0,0,0,0,0,0.00362854897221389,0,0,0,0.0164869248995283,0,0,0,0.000171274585986122,0,0,0,0,0,0,0,0,0,0.00128565549126433,0,0.00125117966581466,0,0,0,0,0,0,0,0,0,0,0,0,0,0,0,0,0,0,0,0,0,0,0,0,0,0,0,0,0,0.000424826503513679,0,0.0487848629557614,0,0.00248787223483102,0,0,0,0,0,0,0.000423228960002594,0,0.00060609318186675,0,0,0,0,0,0,0,0,0,0,0,0.00378459587192744,0.00150744989365992,0,0,0
0.0324304304296824,0,0,0,0,0,0,0,0.00146033664731038,0,0,0,0.0113125304854799,0,0,0,0.00792346352925353,7.48406428927565e-05,0,0,0,0,0,0,0.000936843408104141,0,0.0131940594944732,0,0,0,0,0,0,0,0,0,0,0,0,0,0,0,0,0,0,0,0,0,0,0,0,0,0,0,0.0141020404758382,0,0,0,0,0,0.0964131740023066,0,0,0,0,0,0,0,0,0.00140823019851096,0,0,0,0,0,0,0,0,0,0,0,0,0.000228224576730888,0,0,0,0
0,0.00591776672394494,0,0,0,0,0,0,0.000301627900208932,0.0977195506680542,0,0,0,0.000171274585986122,0,0,0.00118761910291925,0.0130844638333328,0.000989400773599936,0,0,0.00109229113324702,0,0.00712318938808169,0.000362271410920061,0.0763230346645326,0,0.00409209327934162,0,0,0,0,0,0,0,0,0,0,0,0,6.53645443141402e-05,0.000233886304696999,4.22761035479585e-05,0,0,0,0,0,0,0,0,0,0,0,0,0.0568090867391227,0,0,0,0,0,0.0339987627491422,0,0,5.7925633642529e-05,0,0.00931115766435002,0,0.0249231129857123,0,0.00472212752658638,0,0.000133192953623685,0,0,0,0,0,1.63023727058358e-05,2.73452828518622e-06,0.000104038671529978,0,0.00176807344457,0.000326736785238844,9.15455171123258e-05,0,0
0,0,0.000126616244334807,0,0,0,0,0,0.0136482713140298,0.00342892877689692,0,0,0,0,0.00792346352925353,0.00118761910291925,0,0.119799164826225,0.0784621464276454,0,0,0.00349487206476455,0.00758402537756223,0.00321124218033964,0.00375317135788895,0.00399659940840584,0.0120051536506074,0,0,5.74345270639039e-06,0,0,0,0,9.05079124586459e-06,0,0,0,0,0.000210380691474169,0.00415433168582433,0.00129288919325712,0.00342433802214449,7.39017766455909e-05,0,0.000108646179931952,8.82174603646596e-05,4.22440179325352e-05,8.44353740753294e-05,1.93548283213533e-05,0,0,0,0,0.00112989395076376,0.000931456171439107,0,2.86295536376518e-05,0,0,0.000956646451968047,5.69977860878282e-05,0.000114025824748198,0,0.000585397295266801,0.000727598875560301,0.00365514003295217,0.00160446090072058,0.00232644961575371,0.00757361059922504,1.3913925297327e-05,0,0.000231078483597939,0.000347156106082352,0,0,0,0,0.000325866946762319,0.00145120644101692,0.000501763394979221,0.000379466136089776,0.0257388975731315,0.00266557113319127,0.00372031009754162,0,9.57802620404686e-05
0,1.35965504672063e-05,5.4480938427146e-05,4.21772804592123e-05,0,0,0,0,0.000665370994152887,0.0322138142402156,0,0,0,0,7.48406428927565e-05,0.0130844638333328,0.119799164826225,0,0.0653434710830962,3.20269339225833e-06,0,0.0093525179583387,0.000723165193781324,0.00610820703788356,0.000315226814187166,0.0594037599378646,0,0.00335885348206129,0,6.117436048906e-06,0,0,0,0,0,0,0,3.84818718549605e-05,0,0.00059484547613635,0.00131518483205408,0.00542052447658968,0.00150022760679224,5.46069935580861e-06,0,0.00117657203551631,3.13196558709306e-05,1.33550131618147e-05,0.000109943525153491,8.92297801351482e-05,0,1.12172783964206e-05,0,0,2.98979936567639e-05,0.00444438960179765,0,0.000230914323339812,0,9.04780869691476e-06,0,0.000718734786387366,0.000413175886457089,0,0.000914318724896052,2.44247599364106e-05,0.00946367056771662,8.15264621901328e-05,0.0184646056246267,0,0.000132443257961605,0,0.000769296534141908,0.000119609270635522,0,0,0,0,0.00323580245102511,0.000697806283626148,0.00352959135000993,0.000120948316726839,0.0270665251697694,0.00270189310102717,0.00533413274187518,2.02098042595266e-05,1.32219278318738e-05
0.00580666725428906,4.86920036319983e-05,0.00198108941075425,0,4.45583988786167e-05,0,0,0,0.00493848012020636,0.0109023035029883,0,0,0,0,0,0.000989400773599936,0.0784621464276454,0.0653434710830962,0,0,0,0.000764345215278749,0.000155989023325972,0.00113198087093408,0.000368578706069796,0.0017476435847888,0.000127849341483603,0,0,3.49762303916811e-05,0,0,0,0,0,0,3.6964338262034e-06,3.89380895963275e-05,0,0.00116159963712334,0.0207911410836066,0.0104514610556521,0.0211506997000649,0.000142017829491939,0,0.00358243429654444,0.000454257707744227,7.5367638277792e-05,0.000995663570575266,7.37426178333639e-05,1.50703716829098e-05,2.0011236649191e-05,0,0,0.000560630695353156,0.000621566690134589,0.00012185689739912,0.000606072885328739,0,0,0,7.21005887159027e-05,0.000935655417245834,0,0.000366330978735026,0,0.00287544935734124,0,0.000896734430159808,2.44668990398433e-05,0,0,0.00192047542026373,0.0100251629531334,0,0,0,0,0.00723615572717709,0.0115261076614658,0.00533493614896061,0.00346425268045914,0.014905568058222,0.000390313198490662,0.0429649764207816,0.000167662241717213,0.00174659759942648
0,0,0,0.000298054343199653,0,0.00224031658787112,0,0.00204470299182555,0,0,0,0.101625352936636,0,0,0,0,0,3.20269339225833e-06,0,0,0,0,0,0,0,0,0,0,0,0.00256349418164047,0,0,0,0,0,0.0127973552719965,0,0.0021863083287144,0,0,0,0,0,0,0,0,0,0,0,0,0,0.0080549948658923,0,0.000920641336537486,0,0,0,0.013389643317189,0,0,0,0,0.0421048511282464,0,0,0,0,0,0,0,0,0,0.00733847545184389,0,0,0,0,0,0.00625758706058808,0,0.0142999913832654,0,0.00138075529664448,0,0.00108963289200514,0,0
0,0,3.35032299100277e-05,0,0.0109641524615757,0,0.000434958147688433,0,0,0,0.0242786562415449,0,0,0,0,0,0,0,0,0,0,0,0,0,0,0,0,0,0,0,0,0,0,0,5.3911521342877e-05,0,0.00945813171446061,0,0.00521463339471192,0,0.000304092389740098,6.8532929516706e-06,0,0,0,0,0.000631544226529046,0.000183665963697962,0.000413136566546615,0.000206805670514968,0,0,0,0,0,0,0.00165182026550231,0,0,0,0,0,0,0.192500829378561,0,0,0,0,0,0,0,0,0,0,0,0,0,0.000121680613049526,0,0.00255044338662583,0,0.00946484196157527,0.00176819287033926,1.41069212832816e-05,0.00677349420450631,0,0
0,0,0,0,0,0,0,0,0.000277282296901226,0.00080629716772808,0,0,0,0,0,0.00109229113324702,0.00349487206476455,0.0093525179583387,0.000764345215278749,0,0,0,0.0331318624818391,0.00173466478052895,0.000172666287684308,0.0125204154120433,6.89268303061009e-06,0.00396334228473576,0,0,0,0,0,0,0,0,0,0.0155765937167933,0.000342886634813863,0,4.04259165863121e-05,8.08597409703744e-05,4.48157075223411e-05,0,0,0,0,0,4.86104069179674e-06,0.00296253451002426,0,0,0,0,0,0.000422178434815825,0,0,0,0,0,7.76743731883893e-05,2.93869431408568e-06,0,0.125365239014208,0.00378799371025892,0.00334930313191712,1.25866528268388e-05,0.00508752077365792,0.00013524478252357,0.00338355032130393,0,0,7.84328097127207e-06,0,0,0,0,1.43664164464482e-05,1.85049065341734e-06,0.00810133013192046,0,0.0140927864033847,0.00580548652927061,7.64721079611493e-05,0,0
0,0,5.20125564578946e-06,0,0,0,0,0,0.00028841055218397,9.65479522439775e-05,0,0,0,0,0,0,0.00758402537756223,0.000723165193781324,0.000155989023325972,0,0,0.0331318624818391,0,9.708257113223e-06,0.00860648177500126,0.000271302304096807,0.00530980547713381,0,0.0035174629345537,0,0,0,0,0,0,0,0,0.000783342031272836,0.0140589768619166,1.07571943774957e-05,0,0,4.01462638640614e-06,0,0,0,0,0,0.00657956138995628,0,0,0,0,0,0,2.61971999864919e-05,0,0,0,0,0,0,6.51562922609084e-06,0,0.00543713813315735,0.161301829752897,6.49524057856708e-05,0.0025510092049019,4.31731487460327e-05,0.000634880966334282,0,0.00264798385072456,0,0,0,0,0,0,0,0,6.8788026344625e-05,0.0126381437515595,0.0157390473286918,0.00370652330509402,1.83598010247733e-05,0,0
0,0.0150983116109193,0,0,0,0,0,0,0.000796383937831968,0.027077679517222,0,0,0,0,0,0.00712318938808169,0.00321124218033964,0.00610820703788356,0.00113198087093408,0,0,0.00173466478052895,9.708257113223e-06,0,2.69935828408727e-05,0.0426483486065614,0.000249386153397813,3.84358877122113e-05,0,0,0,0,0,0,0,0,0,0.00501856573148808,0,0.000134348267332913,0.000289791309750035,0.000356384884951926,7.34494354355476e-06,0,0,0,0,0,0,0.00996442894916758,0,0,0,0,0,0.0182111254096534,0,1.13656866302997e-05,0,0,0,0.0021217823044696,1.64674166285107e-05,0,0.00310294128815083,0,0.278294378607444,0,0.0438612691769849,0,0.00187772064905215,0,0.00057662495035201,4.96586669250908e-05,0,0,0,0,8.30119255872998e-06,6.42767877407815e-06,0.00206552540811514,1.98256489792933e-06,0.00196246718399008,0.00015931708667194,0.000581546117899657,7.20455287166969e-05,4.25933677919263e-05
0.0120435127373521,0,0,0,0,0,0,0,0.00841200523755714,0.000501940041484241,0,0,0,0,0.000936843408104141,0.000362271410920061,0.00375317135788895,0.000315226814187166,0.000368578706069796,0,0,0.000172666287684308,0.00860648177500126,2.69935828408727e-05,0,0,0.0269957514049633,0,0,0,0,0,0,0,0,0,0,0,0.00368709568672356,0,0,0,0,0,0,0,0,0,0.0029792605074362,0,0,0,0,0,0.0896245756066762,2.82101325195429e-05,0,0,0,0,0,0,0,0,8.33253354103958e-06,0.0132894864935682,0.000187695362169624,0.286777244377602,0,0.00130096576647905,0,0,0,0,0,0,0,0,0,0,0,0.000767539619025684,0.00306750418483705,0.000322231471258919,7.91588697669082e-05,0,0
0,0.0103896608245014,0,0,0,0,0,0,0.000923547155899313,0.0408354929236618,0,0,0,0.00128565549126433,0,0.0763230346645326,0.00399659940840584,0.0594037599378646,0.0017476435847888,0,0,0.0125204154120433,0.000271302304096807,0.0426483486065614,0,0,0,0.00615365822024391,0,0,0,0,0,0,0,0,0,0,0,0,6.20989402749482e-05,0.000337577249952052,0.000242128126993382,0,0,0,0,0,0,7.62441561613578e-05,0,0,0,0,0.000142894428027378,0.0152976710223591,0,0,0,0,0,0.0167527932770047,1.85948222320344e-05,0,0.00547000962723055,0.000112018084612022,0.0718353560078213,0,0.286431892963435,0,0.0023447839101686,0,0.00021790724950003,0,0,0,0,0,5.77979861237635e-05,1.52884242766683e-05,8.3555226843927e-05,0,0.00519679924435145,0.000334977313515939,0.000189437607051649,0,0
0,0,0,0,0,0,0,0,0.00117684443066166,0,0,0,0,0,0.0131940594944732,0,0.0120051536506074,0,0.000127849341483603,0,0,6.89268303061009e-06,0.00530980547713381,0.000249386153397813,0.0269957514049633,0,0,0,0.000276912440313026,0,0,0,0,0,0,0,0,0,0,0,0,0,1.51834662363249e-05,0,0,0,0,0,0,0,0,0,0,0,0,0,0,0,0,0,0,0,0,0,0,0.0183460171198436,0.000275431336218546,0.00176695107981645,0,0.173369134818855,0,0,0,0,0,0,0,0,0,0,0,3.72594980580708e-06,0.00126270730122338,8.61763817222973e-06,0,0,0
0,0,0,0,0,0,0,0,0,0.00122756707862077,0,0.0015337391254767,0,0.00125117966581466,0,0.00409209327934162,0,0.00335885348206129,0,0,0,0.00396334228473576,0,3.84358877122113e-05,0,0.00615365822024391,0,0,0,0.00953861788402762,0,0,0,0,0,0,0,0.00213154366620028,0,0,0,0,0,0,0,0,0,0,0,0,0,0,0,0,0,0.000591999893129471,0,0.00208818999873577,0,0.013358722887726,0,0.00110404039936971,0,0,0.00403615709894611,0,0,0,0.00201693193712381,0,0.0309475191532867,0,0.000665022432192517,0,0,0,0,0,0,0,0.000474964398001871,0,0.00212304115675756,0.00159940649046232,0,0,0
0,0,0,0,0,0,0,0,0,0,0.000681946181694489,0,0.000713850376339827,0,0,0,0,0,0,0,0,0,0.0035174629345537,0,0,0,0.000276912440313026,0,0,0,0.0246743871977951,0,0,0,0,0,0,0,0.00483521603346592,0,0,0,0,0,0,0,0,0,0,0,0,0,0,0,0,0,0,0,0.00222563038368939,0,0,0,0,0,0,0.000209083073142852,0,0,0,0.0404036900167423,0,0.0410631719695526,0,0.0273438027014532,0,0,0,0,0,0,0,0.000910062226644366,1.05206954685855e-05,0,0,0,0
0,3.42168858784057e-05,0,0.000214873282924841,0,0,0,0,0,7.46325335004904e-05,0,0.00460388973844229,0,0,0,0,5.74345270639039e-06,6.117436048906e-06,3.49762303916811e-05,0.00256349418164047,0,0,0,0,0,0,0,0.00953861788402762,0,0,0,0,0,0,0,0,0,0.00964576010518053,0,0,0,0.000176773466801975,6.05636414327648e-05,0,0,7.12075839568078e-06,0,0,0,8.76118932356326e-06,0,0,0,0,0,0,0,0.0035753847620267,0,0,0,0,0.00123907461302268,0,0,0,0,0,0,0,0,0,0.111497570764045,0,0,0,0,0,1.78166067790421e-06,3.32885754954974e-06,0.00633658999203256,0,0.00149429359346443,0.0029045623726033,0.000105671145619656,3.12157681647577e-05,0
0,0,0,0,0,0,0,0,0,0,0.00751603785770324,0,0,0,0,0,0,0,0,0,0,0,0,0,0,0,0,0,0.0246743871977951,0,0,0,0,0,0,0,0,0,0.00593591560627128,0,0,0,0,0,0,0,0,0,0,0,0,0,0,0,0,0,0.00247812658977054,0,0,0,0,0,0,0,0,0,0,0,0,0,0,0.0049127124087093,0,0.163705366576979,0,0,0,0,0,0,0,0.000874639415778071,9.90950644455656e-05,0,0,0,0
0,0,0,0,0,0,0,0,0,0,0,0,0,0,0,0,0,0,0,0,0,0,0,0,0,0,0,0,0,0,0,0,0.205420461379496,0.00217610374160312,0.00919030837389911,0.0057630356884362,0.00145617525015129,0,0,0,0,0,0,0,0,0,0,0.0204335639533488,0,0.000795399528370972,0,0,0,0,0,0,0,0,0,0,0,0,0,0,0,0,0,0,0,0,0,0,0,0,0.43341134774168,0.034514974445988,0.00304143172943746,0.000946967013174265,0.0233160656194728,0.000269043311934543,0,0,0.00218996296854975,1.64701890435125e-05,0,0,0
0,0,0,0,0,0,0,0,0,0,0,0,0,0,0,0,0,0,0,0,0,0,0,0,0,0,0,0,0,0,0,0.205420461379496,0,7.91191763508725e-05,0.0168090775540603,0.000869712837266239,0.0027330399792243,0,0,0,0,0,0,0,0,0,0,0.129425764086694,1.20846239853641e-05,0.000139578510528224,0,0,0,0,0,0,0,0,0,0,0,0,0,0,0,0,0,0,0,0,0,0,0,0,0.0956701397177468,0.237182833131532,0.000440519459858353,0.0058903399542063,0.00011905150454165,0.000295216784226188,0,0,0.00226133927156796,6.2594230320709e-06,1.87525137454763e-05,0,0
0,0,0,0,0,0,0,0,0,0,0,0,0,0,0,0,0,0,0,0,0,0,0,0,0,0,0,0,0,0,0,0.00217610374160312,7.91191763508725e-05,0,0.191093413105744,0.00854846329534303,2.70586812119718e-05,0.00426758630399243,0.00335536606916,0,0,0,0,0,0,0,0,0.0348249932098794,1.67281154800259e-05,0.0010090298317515,0,0,0,0,0,0,0,0,0,0,0,0,0,0,0,0,0,0,0,0,0,0,0,0,0.0190239482984069,0,0.357184630176821,0.0417377027301283,0.00240663014291738,0,0.00541723858586866,0,0.00161585312960788,5.56014100350234e-05,0,0,0
0,0,0.000163705707607133,0,0,7.34907817926712e-05,0,0,0,0,0,0,0,0,0,0,9.05079124586459e-06,0,0,0,5.3911521342877e-05,0,0,0,0,0,0,0,0,0,0,0.00919030837389911,0.0168090775540603,0.191093413105744,0,9.14309731755392e-06,0.00929976180142441,0.00131574848249932,0.00539615481760132,0.00014546409489192,4.91554720551252e-05,0.000808698597064361,1.59205062649334e-05,3.06678343167449e-05,0,0,0.000284140599351767,0.316835029906738,0.00171013230022585,0.00492504447435049,1.60248981810108e-05,0,0,0,0,0,0,2.68242765584536e-05,0,0,0,0,0,0,0,0,0,0,0,0,0,0,2.2576542698189e-05,0,0.00639887486312603,0.012422909136939,0.314802581569644,0.0864946513526046,0.000106598660779135,0.003588213457981,0.000628027185308136,0.00146232640470085,0.0046444335917416,0.000394526323923209,0.00268926230966416,0,0
0,0,0,0,0,1.79440993007046e-05,0,0,0,0,0,0.00549811585163348,0,0,0,0,0,0,0,0.0127973552719965,0,0,0,0,0,0,0,0,0,0,0,0.0057630356884362,0.000869712837266239,0.00854846329534303,9.14309731755392e-06,0,0.00318889490081583,0.0144028274977415,0,0.00365994928273612,0,0,0,0,0,0,3.8297302736772e-06,4.44230769395262e-05,0,0.000534927081107827,0,2.39697957269166e-05,0,0,0,0,0,0.000124488202216628,0,0,0,0,0.0037464303660554,0,0,0,0,0,0,0,0,0,0,0,0.0034885927444669,0,0.000859867626587002,0,0.0704622224271047,0.000439750713058439,0.00189037076785583,0,0.0212327212859437,0.00991349080654373,8.23809434320904e-05,0,0
0,0,2.73843269591244e-05,0,0,0,0,0,0,0,0.00468760174463605,0,0,0,0,0,0,0,3.6964338262034e-06,0,0.00945813171446061,0,0,0,0,0,0,0,0,0,0,0.00145617525015129,0.0027330399792243,2.70586812119718e-05,0.00929976180142441,0.00318889490081583,0,0,0.0217980277956124,0,1.89089308156101e-05,6.56015769360159e-05,7.31018782743154e-05,0,0,0,0.000488045404854568,0.00121139270127682,0.000423658433242417,0.000101271955457112,0,0,0,0,0,0,0,0,0,0,0,0,0,0.0153089855864817,0,0,0,0,0,0,0,0,0,0,4.29122618157085e-05,0.00143942994594089,2.54291658874412e-06,0.00290833213355617,0.000338525508961097,0.0946058100747444,0,0.000501202466463415,0.0118458642300565,0.00154700696542158,0.00116762382061441,0,0
0,1.28769783105463e-05,0,7.63995984498619e-06,0,0,0,0,0,0.000251545755450618,0,0.0281715895153129,0,0,0,0,0,3.84818718549605e-05,3.89380895963275e-05,0.0021863083287144,0,0.0155765937167933,0.000783342031272836,0.00501856573148808,0,0,0,0.00213154366620028,0,0.00964576010518053,0,0,0,0.00426758630399243,0.00131574848249932,0.0144028274977415,0,0,0.00646970981312338,0,0,5.11234396547263e-05,0,0,0,4.01604213613954e-06,0,0.0110404629335211,0,0.0034948663540678,0,1.83218994125298e-06,0,0,0,0,0,0.00135234612526708,0,0,0,0,0.000318104556493122,0,0.00770972688642128,0,0.00192676730612051,0,0,0,0.0002256076571239,0,0.0019612977532363,0,0,0,0.00258039841471429,0,0.00556971967057641,0,0.10121869001119,0.000594045008783659,0.020290462683861,0.0194661032525319,0.00137260210393793,0,0
0,0,0,0,0,0,0,0,0.000626775170759496,0,0.0183969203230605,0,0,0,0,0,0,0,0,0,0.00521463339471192,0.000342886634813863,0.0140589768619166,0,0.00368709568672356,0,0,0,0.00483521603346592,0,0.00593591560627128,0,0,0.00335536606916,0.00539615481760132,0,0.0217980277956124,0.00646970981312338,0,0,0,0.000220266154337667,0.000248062401776111,0,0,0,0,0.0248709555487166,0.00162327430016791,0.000273241116892538,0,0,0,0,0,0,0.00457598005561642,0,0,0,0,0,0,0.000817158215869283,0,0.00555343956675023,0,0.000842794292799746,0,0,0,7.19745022066251e-05,0,0.000606526353702862,0,0,0.000504588046079199,0.000909348130473458,0,0.0135514256449439,0.00433143340174552,0.146311780685771,0.0142281805352148,0.0012216650981233,0.00366115689061358,0,5.45010696776423e-06
0,0,9.71755248579433e-05,0.000254721927069381,0,0.000102203550581526,0,0,0,0.000177814599376202,0,0,0,0,0,0,0.000210380691474169,0.00059484547613635,0.00116159963712334,0,0,0,1.07571943774957e-05,0.000134348267332913,0,0,0,0,0,0,0,0,0,0,0.00014546409489192,0.00365994928273612,0,0,0,0,0.000112485307011577,0.0124720674634,5.68129619532454e-05,0,0,0.019735657761514,0.000107234161944304,0.000457126767385908,0.000105114136372804,0.0191141384629068,0,0.000154370500677205,0,0,0,0,0,0.000850488085788173,0,2.09385066973228e-05,0,0,0.0190894804472143,0,0,0,2.33955258418779e-05,0,0,0,0,0,0.00277595274343153,6.05047565810162e-05,0,0,4.26654315749228e-05,0,0.0070734033202994,6.38479241667046e-05,0.0019302214511429,5.97546033657471e-06,0.00103699731299065,4.77540980032907e-05,0.0290300193158543,2.50053601428958e-05,4.02433002381301e-05
0,0,0.00222399869368825,0,0,0,0,0,0.000212051888246746,0.000351408773889369,0,0,0,0,0,6.53645443141402e-05,0.00415433168582433,0.00131518483205408,0.0207911410836066,0,0.000304092389740098,4.04259165863121e-05,0,0.000289791309750035,0,6.20989402749482e-05,0,0,0,0,0,0,0,0,4.91554720551252e-05,0,1.89089308156101e-05,0,0,0.000112485307011577,0,0.00280979354218673,0.0618388393487831,0.000827699735379433,0,9.17512865014013e-05,0.0107715393391287,0.000620193770981632,0.0419607675607279,0,1.30123871237221e-05,0,0,0,0,1.4395576566224e-05,0,0,0,0,0,0,0.000580647936351542,0.00756331853485038,5.05641790747794e-06,0,0.000349930721009938,0,0,0,0,0,0.00017243597195719,0.000847347089274295,0,0,0,1.99178204355468e-05,0.00010847282294498,0.00834686093340246,0.000348275077465777,0.000703830949764685,0.00143627856022611,3.49347231207635e-05,0.038768444552348,0,0.000285223107068084
0,0.00446253945523844,0.000165925558261572,0.00803576033904872,0.000110055649022679,2.03354034400091e-05,0,0,6.29896173621403e-05,0.0025858509824242,0,0,0,0,0,0.000233886304696999,0.00129288919325712,0.00542052447658968,0.0104514610556521,0,6.8532929516706e-06,8.08597409703744e-05,0,0.000356384884951926,0,0.000337577249952052,0,0,0,0.000176773466801975,0,0,0,0,0.000808698597064361,0,6.56015769360159e-05,5.11234396547263e-05,0.000220266154337667,0.0124720674634,0.00280979354218673,0,0.0117018420227997,0.000234853019918549,0,0.00274800922745462,0.000259317492346312,0.00947336252076425,0.000417872554687052,0.0206927897987097,8.71750769379943e-06,0.000299644544238276,0,0,0,0.000101539741553417,0,0.0351362284199701,0,0,0,9.26896915928396e-05,0.0112374593054071,0,0,6.69679691117869e-06,0.000168083966303075,0,0.000116814906620855,0,0,0,0.0412901958789829,0.000233000376649611,0,0,0.000107285530333239,9.16716026042341e-05,0.0132903097431366,0.000864248066121485,0.0120107886539122,0.000406741453608553,0.00458855768069665,5.34012462515045e-05,0.0573292322179466,0.00195064617968597,0.000135064662961833
0.000490236998130426,0,0.0165015204170219,0,0.000664153421573378,0,0,0,0.00696040760966026,0.000187925412630572,0,0,0,0,0,4.22761035479585e-05,0.00342433802214449,0.00150022760679224,0.0211506997000649,0,0,4.48157075223411e-05,4.01462638640614e-06,7.34494354355476e-06,0,0.000242128126993382,1.51834662363249e-05,0,0,6.05636414327648e-05,0,0,0,0,1.59205062649334e-05,0,7.31018782743154e-05,0,0.000248062401776111,5.68129619532454e-05,0.0618388393487831,0.0117018420227997,0,0.000624011868662653,0,4.01260227102639e-05,0.00123559561048374,0.00570624380932502,0.0110912420876366,0.000293135644954159,0.000280732395855592,0,0,0,2.9635555444632e-05,4.06824361704694e-05,8.43899521938221e-05,8.77628023112417e-06,0,0,0,0,1.05928116335863e-05,1.13693193107712e-05,0,0,0.000191415053424119,0,7.34467840328722e-06,0,0,0,0.000265307584991417,0.0253312011635303,0,0,1.27627959499537e-05,1.08934326537042e-05,0.000116964373994755,0.00738984326399046,0.000434108785311555,0.00170185882491207,0.00426945489903141,2.57573018915322e-05,0.0919185363637143,8.33885685951443e-06,0.0153250896825567
0,0,0,0,0,0,0,0,6.44521150851716e-05,0,0,0,0,0,0,0,7.39017766455909e-05,5.46069935580861e-06,0.000142017829491939,0,0,0,0,0,0,0,0,0,0,0,0,0,0,0,3.06678343167449e-05,0,0,0,0,0,0.000827699735379433,0.000234853019918549,0.000624011868662653,0,0,0,0.000193862155951838,5.12958021728569e-05,6.03983166978411e-05,1.96977954860535e-05,0,0,0,0,0,0,0,0,0,0,0,0,1.98010560239023e-05,0,0,0,0,0,0,0,0,0,0,4.76730668578494e-05,0,0,0,0,0.00010032257060564,6.49317048511133e-05,0,1.5176941094955e-05,3.58659685343215e-05,0,0.000762205032405081,0,0
0,0,0,0,0,0,0,0,0,0,0,0,0,0,0,0,0,0,0,0,0,0,0,0,0,0,0,0,0,0,0,0,0,0,0,0,0,0,0,0,0,0,0,0,0,0,0,0,0,0,0,0,0,0,0,0,0,0,0,0,0,0,0,0,0,0,0,0,0,0,0,0,0,0,0,0,0,0,0,0,0,0,0,0,0,0,0
0,1.06512828523045e-05,0,1.29640559286019e-05,0,0,0,0,0,0.000139027399701047,0,0,0,0,0,0,0.000108646179931952,0.00117657203551631,0.00358243429654444,0,0,0,0,0,0,0,0,0,0,7.12075839568078e-06,0,0,0,0,0,0,0,4.01604213613954e-06,0,0.019735657761514,9.17512865014013e-05,0.00274800922745462,4.01260227102639e-05,0,0,0,0.000470881649627917,0,0,0.00140343660325938,0,0.000120132733261133,0,0,0,0,0,0.000319871492081017,0,0,0,0,0.00371877988872032,0,0,0,0.000386586321734723,0,0,0,0,0,0.000430046593407752,0,0,0,0,0,0.0066026476282018,4.708180586873e-05,0.000802779498992433,2.75640925625393e-05,0.000154225923316866,0,0.0101729700576149,0,0
0,0,0.000156958201921819,0,0,9.01517268637141e-06,0,0,0,0,0,0,0,0,0,0,8.82174603646596e-05,3.13196558709306e-05,0.000454257707744227,0,0.000631544226529046,0,0,0,0,0,0,0,0,0,0,0,0,0,0.000284140599351767,3.8297302736772e-06,0.000488045404854568,0,0,0.000107234161944304,0.0107715393391287,0.000259317492346312,0.00123559561048374,0.000193862155951838,0,0.000470881649627917,0,0.000825967837107785,0.00269980327333717,0.00142686043434122,0,0,0,0,0,0,0,0,0,0,0,0,0.000231634786185399,0.0349275134379119,0,0,0,0,0,0,0,0,0,0.000616900326969158,0,7.43251539053074e-06,0,0.00018554907967744,1.63114379944293e-06,0.0093191568710617,0,0.00241046762277956,0.000126274908012799,0,0.0227174222597152,0,0
6.18139145286013e-05,0.000554601378663522,0.000223745196131147,1.39913338575489e-05,0.000240114594775571,3.45097780360317e-05,0,0,0.00256294505298659,4.40501913530013e-05,0,0,0,0,0,0,4.22440179325352e-05,1.33550131618147e-05,7.5367638277792e-05,0,0.000183665963697962,0,0,0,0,0,0,0,0,0,0,0.0204335639533488,0.129425764086694,0.0348249932098794,0.316835029906738,4.44230769395262e-05,0.00121139270127682,0.0110404629335211,0.0248709555487166,0.000457126767385908,0.000620193770981632,0.00947336252076425,0.00570624380932502,5.12958021728569e-05,0,0,0.000825967837107785,0,0.0182528434220278,0.14137496355985,8.25146833448006e-05,0.000222625806353673,0,0,0,0,0,0.000374541311141861,0,3.95541397670262e-06,0,0,0.000505828705833708,0,2.82978700638481e-05,0,0,0,0,0,7.4480968663072e-06,0,0.000148552713980206,3.74879883368799e-05,0.055260138615024,0.0973798564893085,0.231736085184456,0.0971254036837639,0.0323382357097053,0.00377646768596888,0.0270459255471011,0.00384639547986387,0.00325505888536081,1.44347470827821e-05,0.0273079030515858,7.55494705274455e-06,0.000282947113056891
0.0289734969630872,0,0.00741163469888066,0,0.00102194272514607,0,0,0,0.000181444584146418,0,0,0,0,0,0,0,8.44353740753294e-05,0.000109943525153491,0.000995663570575266,0,0.000413136566546615,4.86104069179674e-06,0.00657956138995628,0,0.0029792605074362,0,0,0,0,0,0,0,1.20846239853641e-05,1.67281154800259e-05,0.00171013230022585,0,0.000423658433242417,0,0.00162327430016791,0.000105114136372804,0.0419607675607279,0.000417872554687052,0.0110912420876366,6.03983166978411e-05,0,0,0.00269980327333717,0.0182528434220278,0,0.00123015898718734,0.000154377188759159,0,0,0,0.000291319646379302,0,0,1.00657167241915e-05,0,0,0,0,8.06408229663359e-05,1.37322757064369e-05,0,0.010404235505245,0,0.00364064316916454,0,0.00204216629807855,0,0,0,0.00546487559363837,0,0,9.55757071611956e-05,0.00155704716929033,2.65507650972463e-05,0.00320599055124813,8.73085708293037e-05,0.00531048762924011,0.000752015571137503,1.10915843992655e-06,0.0197616686232029,0,0.000232528452170569
0,0.0291040203875719,0.000152138512715482,0.0228139008459953,0.000486030666496349,0.000620890560466186,0,0,0.000124574769366382,0.000575391991452937,0,0,0,0,0,0,1.93548283213533e-05,8.92297801351482e-05,7.37426178333639e-05,0,0.000206805670514968,0.00296253451002426,0,0.00996442894916758,0,7.62441561613578e-05,0,0,0,8.76118932356326e-06,0,0.000795399528370972,0.000139578510528224,0.0010090298317515,0.00492504447435049,0.000534927081107827,0.000101271955457112,0.0034948663540678,0.000273241116892538,0.0191141384629068,0,0.0206927897987097,0.000293135644954159,1.96977954860535e-05,0,0.00140343660325938,0.00142686043434122,0.14137496355985,0.00123015898718734,0,0,0.00209932691542001,0,0,0,9.89932596153179e-05,0,0.0081290418579225,0,0.000759629727603545,0,0.00270405699894338,0.010222844496129,1.72051560451629e-05,0.00998380917478563,0,0.011596116117872,0,0.00142628638905132,0,0.0247115881947504,0,0.00789726801450915,8.22303607376937e-06,0.000854339945864601,4.56981640710471e-05,0.00961215868296944,0.00163089496579137,0.00145852641294011,6.97163554641489e-05,0.00702751749459828,0.000130567221849092,0.00141794304419216,0,0.054034175279761,0.000505167574775517,0
0,0,0.0125824449523081,0,0.0204330528961692,0,0.0138787660675579,0,0,0,0,0,0,0,0,0,0,0,1.50703716829098e-05,0,0,0,0,0,0,0,0,0,0,0,0,0,0,0,1.60248981810108e-05,0,0,0,0,0,1.30123871237221e-05,8.71750769379943e-06,0.000280732395855592,0,0,0,0,8.25146833448006e-05,0.000154377188759159,0,0,0,0.0605622072983034,0,0,0,0,0,0,0,0,0,0,0.000221029587030161,0,0,0,0,0,0,0,0,0,0,0,0,0,0,0,6.6742504072607e-06,0,0,7.55521084857809e-05,0,0.00437809964692056,0,0.000104224663230389
0,0,0,0,0,0.00859551400807944,0,0.0271681593304923,0,0,0,0.000192987868789226,0,0,0,0,0,1.12172783964206e-05,2.0011236649191e-05,0.0080549948658923,0,0,0,0,0,0,0,0,0,0,0,0,0,0,0,2.39697957269166e-05,0,1.83218994125298e-06,0,0.000154370500677205,0,0.000299644544238276,0,0,0,0.000120132733261133,0,0.000222625806353673,0,0.00209932691542001,0,0,0,0.0723178241862174,0,0.000807444042123191,0,0.00562232759336665,0,0.00562981439153232,0,0.00065620605656991,0.0134033063416479,0,0,0,0,0,0,0,0,0,2.90411031218736e-05,0,0,0,0.000212114402400248,0,1.5516157268413e-05,0,2.91388673343381e-05,0,0.000510226553780807,3.38997279516356e-05,0.000898768456980912,0,0
0,0,0,0,0.000213698047446087,0,0.108579956642876,0,0,0,0.000224696176611566,0,0.00302148663743651,0,0,0,0,0,0,0,0,0,0,0,0,0,0,0,0,0,0,0,0,0,0,0,0,0,0,0,0,0,0,0,0,0,0,0,0,0,0.0605622072983034,0,0,0,0,0,0.0012774605430547,0,0.00311381698307518,0,0,0,0,0,0,0,0,0,0,0,0,0,0,0,0,0,0,0,0,0,0,0,0.000167281128335758,0,0,0,0
0,0,0,0,0,0.00511747110834041,0,0.138034760896005,0,0,0,0.000114306917342846,0,0,0,0,0,0,0,0.000920641336537486,0,0,0,0,0,0,0,0,0,0,0,0,0,0,0,0,0,0,0,0,0,0,0,0,0,0,0,0,0,0,0,0.0723178241862174,0,0,0,0,0,0.00427555533377641,0,0.000367649283105585,0,0,0,0,0,0,0,0,0,0,0,0,0,0,0,0,0,0,0,0,0,0,0.00347654646906489,0.00105185042397515,0,0,0
0.148884200737837,0,0.00126598993304675,0,0,0,0,0,0.164544570155787,0,0,0,0,0,0.0141020404758382,0,0.00112989395076376,2.98979936567639e-05,0.000560630695353156,0,0,0,0,0,0.0896245756066762,0.000142894428027378,0,0,0,0,0,0,0,0,0,0,0,0,0,0,0,0,2.9635555444632e-05,0,0,0,0,0,0.000291319646379302,0,0,0,0,0,0,0,0,0,0,0,0.00092950641502558,0,0,0,0,0,0,0.038185876550236,0,0,0,0,0,0,0,0,0,0,0,0,0,8.39508074823582e-05,3.92669534983564e-05,2.14576813735165e-06,0.00284416533553395,0,0
0,0.0181911660295796,0,0.0342681943855865,0,0.000799961896130805,0,0,0.000157309687039911,0.0939752632911681,0,0,0,0,0,0.0568090867391227,0.000931456171439107,0.00444438960179765,0.000621566690134589,0,0,0.000422178434815825,2.61971999864919e-05,0.0182111254096534,2.82101325195429e-05,0.0152976710223591,0,0.000591999893129471,0,0,0,0,0,0,0,0,0,0,0,0,1.4395576566224e-05,0.000101539741553417,4.06824361704694e-05,0,0,0,0,0,0,9.89932596153179e-05,0,0.000807444042123191,0,0,0,0,0,0,0,0,0,0.0338813018263846,0,0,7.38518500607018e-05,0,0.0490225123210502,0,0.00424086139997921,0,0.000233927600315219,0,0,0,0,0,0,0,1.90449093072857e-06,5.04576437375226e-06,1.52280692772581e-05,0,0.000897385573082022,4.18576141982333e-05,0.000404465473530773,0,0
0,0,0.000632097991027471,0,0,0,0.0073814077662137,0,0,0,0.168560560274729,0,0.0120015246633641,0,0,0,0,0,0.00012185689739912,0,0.00165182026550231,0,0,0,0,0,0,0,0,0,0.00247812658977054,0,0,0,0,0,0,0,0.00457598005561642,0,0,0,8.43899521938221e-05,0,0,0,0,0,0,0,0,0,0.0012774605430547,0,0,0,0,0,0,0,0,0,0,0.000208799887236597,0,0,0,0,0,0,0,0,0,0.0193117319863229,0,0,0,0,0,6.78752267586944e-06,0,0.000353789071741789,0.00078452841760516,0,0.00115586612636035,0,0
0,0.00191488336510383,0,0.00840257884630657,0,0,0,0.000868568131787997,0,5.85695898687986e-05,0,0.0905638105777694,0,0.000424826503513679,0,0,2.86295536376518e-05,0.000230914323339812,0.000606072885328739,0.013389643317189,0,0,0,1.13656866302997e-05,0,0,0,0.00208818999873577,0,0.0035753847620267,0,0,0,0,2.68242765584536e-05,0.000124488202216628,0,0.00135234612526708,0,0.000850488085788173,0,0.0351362284199701,8.77628023112417e-06,0,0,0.000319871492081017,0,0.000374541311141861,1.00657167241915e-05,0.0081290418579225,0,0.00562232759336665,0,0.00427555533377641,0,0,0,0,0,0.000249046245496793,0,0,0.042724037111102,0,0,0,0,0,0,0,0.000869244354486559,0,0.0707507840598099,2.05660599011894e-05,0,0,5.034255739319e-05,7.16817371132489e-06,0.000362443793789096,2.60568497024398e-05,0.00226374814408429,7.07878856866221e-06,0.000221574615984086,2.43969678635697e-05,0.00891989013513443,0.0004085189731518,0
0,0,0,0,0,0,0.00493664142672269,0,0,0,0.0078887172515787,0,0.0414334307387922,0,0,0,0,0,0,0,0,0,0,0,0,0,0,0,0.00222563038368939,0,0,0,0,0,0,0,0,0,0,0,0,0,0,0,0,0,0,0,0,0,0,0,0.00311381698307518,0,0,0,0,0,0,0,0,0,0,0,0,0,0,0,0,0,0,0.00144562921769689,0,0,0,0,0,0,0,0,0,0,4.3570771021823e-05,0,0,0,0
0,0.00142561895154416,0,0,0,0,0,0.000666539894398117,0,0,0,0.0144676759269993,0,0.0487848629557614,0,0,0,9.04780869691476e-06,0,0,0,0,0,0,0,0,0,0.013358722887726,0,0,0,0,0,0,0,0,0,0,0,2.09385066973228e-05,0,0,0,0,0,0,0,3.95541397670262e-06,0,0.000759629727603545,0,0.00562981439153232,0,0.000367649283105585,0,0,0,0.000249046245496793,0,0,0,0.00884964033739541,0.000575958321160889,0,0,0,0,0,0,0,0.00524400674047691,0,0.000403961034310363,0,0,0,0,0,1.73661230976033e-06,0,0,0,0.00272874913857583,0.000837964189150524,8.54148781110377e-05,0,0
0.000212269952362693,0,0,0,0.0057464563844044,0,0,0,0.000686565278017803,0,0,0,0.00498976163902092,0,0.0964131740023066,0,0.000956646451968047,0,0,0,0,0,0,0,0,0,0,0,0,0,0,0,0,0,0,0,0,0,0,0,0,0,0,0,0,0,0,0,0,0,0,0,0,0,0.00092950641502558,0,0,0,0,0,0,0,0,0,0,0,0,0,0,0,0,0,0,0,0,0,0,0,0,0,0,0,0,0,0,0,0
0,0.0420467404394095,0,0,0,0,0,0,0,0.0307385479308805,0,0,0,0.00248787223483102,0,0.0339987627491422,5.69977860878282e-05,0.000718734786387366,7.21005887159027e-05,0,0,7.76743731883893e-05,0,0.0021217823044696,0,0.0167527932770047,0,0.00110404039936971,0,0,0,0,0,0,0,0,0,0,0,0,0,9.26896915928396e-05,0,0,0,0,0,0,0,0.00270405699894338,0,0.00065620605656991,0,0,0,0.0338813018263846,0,0,0,0.00884964033739541,0,0,0,0,3.36316765130915e-05,0,0.000198170679690583,0,0.00868533309476535,0,0.00111219647035287,0,0,0,0,0,0,0,4.52724416560073e-06,5.88695544344493e-06,0,0,0.000103976015432794,8.85573871205009e-06,0,0,0
