0,0,0.18703995088901,0,0.179250732064247,0,0,0,0.234516263139405,0,0,0,0,0,0.197981070194926,0,0,0,0,0,0,0,0,0,0.245885732769966,0,0,0,0,0,0,0,0,0,0,0,0,0,0,0,0,0,0.275526992424771,0,0,0,0,0,0.196373498881387,0,0.176529809832573,0,0,0,0.218701581574149,0,0,0,0,0,0.228567223507782,0,0,0,0,0,0,0.23413830747207,0,0.21709465701133,0,0,0,0,0,0,0,0,0,0.479534566402435,0,0,0.208756809867521,0,0.258252304178546,0,0.196482691168785
0,0,0,0.181962456180019,0,0,0,0,0,0.217709720228335,0,0,0,0,0,0,0,0,0.476459264755249,0,0,0,0,0,0,0,0,0,0,0,0,0,0,0,0,0,0,0,0,0,0,0.317602309007798,0,0,0,0,0,0.335139065980911,0,0.207537807202596,0,0,0,0,0,0.263590545708483,0,0.240642166799969,0,0,0,0.294647335365254,0,0,0,0,0,0,0,0,0,0,0.394617289304733,0,0,0,0,0,0.437433570623398,0,0,0,0.212016392026156,0,0.220068318845362,0.184048004448414,0
0.18703995088901,0,0,0,0.201346135547018,0,0,0,0.191210969317297,0,0,0,0,0,0,0,0,0,0.256090015172958,0,0,0,0,0,0,0,0,0,0,0,0,0,0,0,0,0,0.160008567074935,0,0,0,0.285941061377525,0,0.308525628685951,0,0,0,0.20876874406881,0,0.182860700034998,0,0.209522387612674,0,0,0,0.200501916500238,0,0.230967002182171,0,0.21656752686675,0,0,0,0,0.258414641022682,0,0,0,0,0,0,0,0.309682011604309,0,0.34071818452615,0,0,0,0,0,0,0,0,0.163073428044809,0.186651061392493,0.207330852192133,0,0.285149499222084
0,0.181962456180019,0,0,0,0.173138672519814,0,0,0,0.176577974381394,0,0.339577794075012,0,0,0,0,0,0,0,0.294183135032654,0,0,0,0,0,0,0,0,0,0,0,0,0,0,0,0.3283371925354,0,0,0,0.321288451552391,0,0.285047899517748,0.301173806190491,0,0,0.198784738779068,0.288430094718933,0,0,0.200316974918048,0,0.308477878570557,0,0,0,0.19737740702885,0,0.315822551445085,0,0.262312270700932,0,0,0.284529255195097,0,0,0,0,0,0,0,0.306477934122086,0,0.346733494371664,0,0,0,0,0,0,0,0.357900276780128,0,0.227565209940076,0,0.244222009197418,0.276000633835793,0
0.179250732064247,0,0.201346135547018,0,0,0,0.237191435145704,0,0.195928893246493,0,0,0,0.210498303174973,0,0.202913085619609,0,0,0,0.285764098167419,0,0.200274434019242,0,0,0,0,0,0,0,0,0,0,0,0,0,0,0,0.207713634622368,0,0,0.30313640832901,0.25905206102006,0.286913722753525,0.279736061779301,0,0,0,0.229986192067088,0.26629689806386,0.272024181851169,0,0.200735413906148,0,0.251644370019735,0,0.170378742777571,0,0.248847681615088,0,0.231761773427327,0,0.204915330387079,0,0,0.24531225427236,0,0,0,0,0,0,0,0,0,0.304515892267227,0,0,0,0.274683952331543,0.336491838097572,0.261845541885123,0,0.254547923803329,0.203308825769248,0.179618496447802,0.236681033692498,0,0.261619597673416
0,0,0,0.173138672519814,0,0,0,0.241841536353935,0,0.190356377343978,0,0,0,0,0,0.117787554860115,0,0,0,0.255774177699221,0,0,0,0,0,0,0,0,0,0,0,0,0,0,0,0.235932106152177,0,0,0,0,0,0.25293455272913,0,0,0,0.278653388542514,0,0.282682470977306,0,0.238938864320517,0,0.145609487326228,0,0.238915468752384,0,0.207234112090535,0,0.28590858893262,0,0,0,0.183317703505357,0.313109979838938,0,0,0,0,0,0,0,0,0,0.30851799249649,0,0,0,0,0,0.286114474137624,0,0.297341287136078,0,0.216085473893985,0.247990556061268,0.22000044615143,0,0
0,0,0,0,0.237191435145704,0,0,0,0,0,0.196076934289488,0,0.226818271912634,0,0,0,0,0,0,0,0.183086862625635,0,0,0,0,0,0,0,0,0,0,0,0,0,0,0,0,0,0,0,0,0,0,0,0,0,0.219659405095237,0,0,0,0.172335167725881,0,0.203155919311403,0,0,0,0.16677583694458,0,0.272154070436954,0,0,0,0,0.209622772753631,0,0,0,0,0,0,0,0,0,0,0,0,0,0,0,0,0,0,0.184949334912658,0.192895131076083,0.211765456944704,0,0
0,0,0,0,0,0.241841536353935,0,0,0,0,0,0.297795554002126,0,0,0,0,0,0,0,0.250674172615012,0,0,0,0,0,0,0,0,0,0,0,0,0,0,0,0,0,0,0,0,0,0,0,0,0,0,0,0,0,0,0,0.257305103831175,0,0.272266537422621,0,0,0,0.236370265483856,0,0,0,0,0.220339241041534,0,0,0,0,0,0,0,0,0,0,0,0,0,0,0,0,0,0,0,0.222934746856873,0,0,0,0
0.234516263139405,0,0.191210969317297,0,0.195928893246493,0,0,0,0,0.215618506073952,0,0,0,0,0.231165741020715,0,0.234299352500908,0.198331626057625,0.258564405143261,0,0,0,0,0,0.272867829823981,0,0.259628997263262,0,0,0,0,0,0,0,0,0,0,0,0.230484437516757,0,0,0,0.218758048599257,0,0,0,0.201320683956146,0.324518233537674,0.221841151441948,0,0.168657556617701,0,0,0,0.281190821075271,0,0,0,0,0,0.216668581912637,0,0,0,0,0,0,0.293626179110329,0,0.225150828334418,0,0,0,0.309958294034004,0,0,0,0,0,0,0,0.253950502723455,0.249196621727196,0.252152337498373,0.228463244234131,0,0.197053238335583
0,0.217709720228335,0,0.176577974381394,0,0.190356377343978,0,0,0.215618506073952,0,0,0.291278868913651,0,0,0,0.205850170673551,0.195351807400584,0.214131013293351,0.210084480047226,0.224142350256443,0,0,0,0.398243069648743,0,0.255244197116958,0.201928347349167,0,0,0,0,0,0,0,0,0.312312573194504,0,0.209161143969087,0,0,0,0.268374708471912,0,0,0,0.180758076409499,0,0.239007189869881,0,0.175393749276797,0,0.210500169545412,0,0,0.20075960457325,0.233292082945506,0,0.29127058510979,0,0,0,0.244551299249425,0.235347092151642,0,0,0,0.15882541735967,0,0.241252854466438,0,0.276395261287689,0,0.316542707383633,0,0,0,0,0,0,0,0.253223038571221,0,0.201917586046419,0.191538918763399,0.270413673179255,0,0
0,0,0,0,0,0,0.196076934289488,0,0,0,0,0,0.150212417294881,0,0,0,0,0,0,0,0.183672261949429,0,0,0,0,0,0,0,0.132564863190055,0,0.147869064613264,0,0,0,0,0,0.1879148255359,0,0.172016644628311,0,0,0,0,0,0.517199337482452,0,0.278844525416692,0,0,0,0,0,0.168258627459036,0,0,0,0.195435114473773,0,0.151840845945182,0,0,0,0,0.208171354059624,0,0,0,0,0,0.335826456546783,0,0.317429653622887,0,0.273433830155883,0,0,0,0,0,0.212156816115302,0,0.190052805713245,0.170446262930078,0.182920868198077,0.240951731204987,0,0
0,0,0,0.339577794075012,0,0,0,0.297795554002126,0,0.291278868913651,0,0,0,0.284348636865616,0,0,0,0,0,0.162180115754652,0,0,0,0,0,0,0,0,0,0,0,0,0,0,0,0.134688293561339,0,0.121570328735325,0,0,0,0.390856365362803,0,0.483044013381004,0,0.343290720345839,0,0,0,0.299842923879623,0,0,0,0.335091173648834,0,0,0,0.282770825715593,0,0,0,0,0.221310631775941,0.319713830947876,0,0,0,0,0,0,0,0,0.386885902711323,0,0,0,0,0,0.247247909506162,0,0.149584161738555,0,0.135978237051388,0,0.349084214617809,0,0
0,0,0,0,0.210498303174973,0,0.226818271912634,0,0,0,0.150212417294881,0,0,0,0.198283308496078,0,0,0,0,0,0,0,0,0,0,0,0.160305321216583,0,0.145646120980382,0,0.145000340541204,0,0,0,0,0,0,0,0,0,0,0,0,0,0,0,0,0,0,0,0.219353511929512,0,0.202361207455397,0,0,0,0.184524890321952,0,0.207777439669738,0,0.20651234805584,0,0,0.2841736972332,0,0,0,0,0,0.162703722715378,0,0,0,0,0,0,0,0,0,0,0,0,0.190481759118082,0.224646501657036,0,0,0
0,0,0,0,0,0,0,0,0,0,0,0.284348636865616,0,0,0,0.236381933093071,0,0,0,0,0,0,0,0,0,0,0,0,0,0,0,0,0,0,0,0,0,0,0,0,0,0,0,0,0,0,0,0,0,0,0,0,0,0,0,0,0,0.288873938222726,0,0.220414543790477,0,0,0,0,0,0,0,0,0,0,0,0,0,0,0,0,0,0,0,0,0,0,0.29503408074379,0,0,0,0
0.197981070194926,0,0,0,0.202913085619609,0,0,0,0.231165741020715,0,0,0,0.198283308496078,0,0,0,0.240300294425752,0.188400998711586,0.269290834665298,0,0,0,0,0,0.262931793928146,0,0.264016570015387,0,0,0,0,0,0,0,0,0,0,0,0,0,0,0,0,0,0,0,0,0,0.241372063755989,0,0.190300542541913,0,0,0,0.239227025338582,0,0,0,0.186231057401057,0,0.218266552331251,0,0,0,0,0,0,0,0,0.185414072985833,0,0,0,0,0,0,0,0,0,0,0,0,0.255749392879489,0.278849688467679,0,0,0
0,0,0,0,0,0.117787554860115,0,0,0,0.205850170673551,0,0,0,0.236381933093071,0,0,0,0.165559756549749,0,0,0,0,0,0,0,0.186010941326081,0,0,0,0,0,0,0,0,0,0,0,0,0,0,0,0,0,0,0,0,0,0,0,0,0,0.116670556366444,0,0,0,0.171165620287259,0,0,0,0.236375144549779,0,0.164163962006569,0,0,0,0,0,0,0.236807070672512,0,0,0,0,0,0,0,0,0,0,0,0,0,0.202188059593896,0,0,0,0
0,0,0,0,0,0,0,0,0.234299352500908,0.195351807400584,0,0,0,0,0.240300294425752,0,0,0.169224870447261,0.321251100663489,0,0,0.178205117583275,0.162271377622749,0,0.199602461719917,0,0.194738787999988,0,0.201877628763517,0,0,0,0,0,0,0,0.390183005068037,0,0.379335820674896,0.348916500806808,0.378880798816681,0.315171182155609,0.299582758134809,0,0.336304903030396,0,0.310684151119656,0,0,0,0,0,0,0,0.220532011240721,0,0.354654431343079,0,0,0,0.222027176763953,0,0.353562700748444,0.313851517438889,0,0.195845204663564,0,0.181936398148537,0,0.210619550352254,0,0,0.338292241096497,0.34194012482961,0,0,0,0,0.360343442076728,0.376168817991302,0.375228583812714,0.380924639376727,0.222203352993924,0.219327670237828,0.347136641590341,0,0.29674926617842
0,0,0,0,0,0,0,0,0.198331626057625,0.214131013293351,0,0,0,0,0.188400998711586,0.165559756549749,0.169224870447261,0,0.303420618471157,0,0,0.187594898006258,0,0.193852977869206,0.193835482001305,0.178783433351493,0.17092276258128,0.143850509363871,0,0,0,0,0,0,0,0.350616763035456,0.403593212366104,0,0,0.336643059551716,0,0.308048021303464,0.269507429114094,0,0.34713488817215,0,0.297609259684881,0,0,0,0,0,0,0,0.219560119509697,0.227991178631783,0,0,0,0,0.180534958839417,0.171598428487778,0.363637377818425,0.32254034280777,0.139130711555481,0,0.174905256146476,0,0.193365772998573,0,0,0,0,0.349574148654938,0,0,0,0,0.360338350311357,0.367478447931784,0.352339969327052,0.356829207804468,0.213607113822031,0.165682520016387,0.307335609793663,0.326991856098175,0.263250342673726
0,0.476459264755249,0.256090015172958,0,0.285764098167419,0,0,0,0.258564405143261,0.210084480047226,0,0,0,0,0.269290834665298,0,0.321251100663489,0.303420618471157,0,0.319456875324249,0.421408295631409,0,0,0,0,0,0,0,0,0,0,0,0,0,0,0.381434543805868,0.439807751096121,0.390655387192965,0.425373767430966,0.351747054518677,0.363186835533097,0.263156145156684,0.264384436389053,0.373937718240561,0.525659096367816,0.328897795506886,0.309793528455954,0.208804249763489,0.340621105262211,0.355234546320779,0,0,0,0,0.241308644413948,0,0.369665503501892,0.397680127306988,0,0,0,0,0.356355949435183,0.327344132717266,0,0,0,0,0,0,0,0,0.413404461499807,0.420983335801533,0,0,0,0,0.402146823467352,0.44423667919706,0.411532647416071,0.45322053668972,0.270910913205966,0.252664892209901,0.423973540310781,0.3008401236896,0.274748899307348
0,0,0,0.294183135032654,0,0.255774177699221,0,0.250674172615012,0,0.224142350256443,0,0.162180115754652,0,0,0,0,0,0,0.319456875324249,0,0,0,0,0,0,0,0,0,0,0,0,0,0,0,0,0.154784139093413,0,0.15140093812498,0,0.297869235277176,0,0.317265167832375,0,0,0,0.292805124350168,0,0.303989335894585,0.272961467504501,0.261155622346061,0,0.279497275749842,0,0,0,0,0,0.414559296797961,0,0,0,0,0.250325141394564,0,0,0,0,0,0,0,0,0,0.436755647261937,0,0,0,0,0,0.198274787405023,0,0.170188358547736,0,0.191610500927676,0.221886575222015,0.237078899186518,0,0
0,0,0,0,0.200274434019242,0,0.183086862625635,0,0,0,0.183672261949429,0,0,0,0,0,0,0,0.421408295631409,0,0,0,0,0,0,0,0,0,0,0,0,0,0,0,0,0,0.20354070304893,0,0.197245376054328,0,0.26457017660141,0,0.323341220617294,0,0,0,0.233700629703853,0.286053046584129,0.257247865200043,0,0.246457905715538,0,0.217629044893242,0,0,0,0.185845330731064,0,0.28878519932429,0,0,0,0,0.231968432224997,0,0,0,0,0,0,0,0.347477555274963,0,0.297807351900981,0,0,0,0,0,0.227769333903792,0,0.243311108964862,0.180193336817779,0.174282946756908,0.234540485750849,0,0
0,0,0,0,0,0,0,0,0,0,0,0,0,0,0,0,0.178205117583275,0.187594898006258,0,0,0,0,0.082429249110547,0.181424882795129,0,0.165318451144479,0,0,0,0,0,0,0,0,0,0,0,0.203185008473548,0,0,0,0,0,0,0,0,0,0.43520113825798,0,0.296068202038961,0,0,0,0,0,0,0,0.340660939613978,0,0,0,0,0,0,0.230557035631796,0,0.328531818091869,0,0.446137948830922,0,0.338946653736962,0,0,0,0,0,0,0,0,0,0.207963969333591,0,0.162646195943087,0.233426192096922,0,0,0
0,0,0,0,0,0,0,0,0,0,0,0,0,0,0,0,0.162271377622749,0,0,0,0,0.082429249110547,0,0,0.196068523124464,0,0.20644485908691,0,0.154862584999284,0,0,0,0,0,0,0,0,0,0.145121249456366,0,0,0,0,0,0,0,0,0,0.381035691735768,0,0,0,0,0,0,0,0,0,0,0,0,0,0,0,0.0832220613956451,0.212244609158238,0,0.190688883052453,0,0.270608573769912,0,0.2106830792607,0,0,0,0,0,0,0,0,0,0.297415950081565,0.167507397091528,0.170110779783584,0,0,0
0,0,0,0,0,0,0,0,0,0.398243069648743,0,0,0,0,0,0,0,0.193852977869206,0,0,0,0.181424882795129,0,0,0,0.18718397796154,0,0,0,0,0,0,0,0,0,0,0,0.389532853272699,0,0,0,0,0,0,0,0,0,0,0,0.337851199507713,0,0,0,0,0,0.155223263871102,0,0,0,0,0,0,0,0,0.283919512139012,0,0.212694701949755,0,0.249643529454867,0,0.3520303606987,0,0,0,0,0,0,0,0,0,0.416237979371479,0,0.189595687408117,0,0.34371169090271,0,0
0.245885732769966,0,0,0,0,0,0,0,0.272867829823981,0,0,0,0,0,0.262931793928146,0,0.199602461719917,0.193835482001305,0,0,0,0,0.196068523124464,0,0,0,0.207268660496223,0,0,0,0,0,0,0,0,0,0,0,0.165603305512387,0,0,0,0,0,0,0,0,0.393150448799133,0.223436694811372,0,0,0,0,0,0.292768050432205,0,0,0,0,0,0.263107468976694,0,0,0,0,0.216821614073382,0,0.202878658757196,0,0.24533585505905,0,0,0,0,0,0,0,0,0,0,0,0.21469845013185,0.178563822192164,0.218548950739205,0.217323899105355,0,0
0,0,0,0,0,0,0,0,0,0.255244197116958,0,0,0,0,0,0.186010941326081,0,0.178783433351493,0,0,0,0.165318451144479,0,0.18718397796154,0,0,0,0,0,0,0,0,0,0,0,0,0,0,0,0,0,0,0,0,0,0,0,0,0,0,0,0,0,0,0,0.23521600663662,0,0,0,0,0,0.196805140801838,0,0,0,0,0.170500040054321,0,0.192075674689025,0,0.230564638972282,0,0,0,0,0,0,0,0,0,0,0,0.1819192578198,0.204657942056656,0,0,0
0,0,0,0,0,0,0,0,0.259628997263262,0.201928347349167,0,0,0.160305321216583,0,0.264016570015387,0,0.194738787999988,0.17092276258128,0,0,0,0,0.20644485908691,0,0.207268660496223,0,0,0,0.219477399562796,0,0,0,0,0,0,0,0,0,0,0,0,0,0,0,0,0,0,0,0.416234152317047,0,0,0,0,0,0.235746666789055,0,0.432104378938675,0,0.289293270558119,0,0.271259164810181,0,0,0,0,0.227300153022081,0,0.23845279955231,0,0.228819039167769,0,0.389091303348541,0,0,0,0,0,0,0,0,0,0,0.195778181747209,0.236361446479956,0,0,0
0,0,0,0,0,0,0,0,0,0,0,0,0,0,0,0,0,0.143850509363871,0,0,0,0,0,0,0,0,0,0,0,0,0,0,0,0,0,0,0,0,0,0,0,0,0,0,0,0,0,0,0,0,0,0,0,0,0,0,0,0.317026138305664,0,0.13302743434906,0,0,0,0,0,0,0,0,0.185968302190304,0,0.285440387572834,0,0,0,0,0,0,0,0,0,0,0,0.148805008318863,0,0,0,0
0,0,0,0,0,0,0,0,0,0,0.132564863190055,0,0.145646120980382,0,0,0,0.201877628763517,0,0,0,0,0,0.154862584999284,0,0,0,0.219477399562796,0,0,0,0.13630308443502,0,0,0,0,0,0,0,0,0,0,0,0,0,0,0,0,0,0,0,0,0,0,0,0,0,0,0,0.154796843170462,0,0,0,0,0,0,0.261369996837207,0,0,0,0.21937096118927,0,0.229525075344834,0,0.15232895992019,0,0,0,0,0,0,0,0,0.185943028046971,0.235622620800646,0,0,0
0,0,0,0,0,0,0,0,0,0,0,0,0,0,0,0,0,0,0,0,0,0,0,0,0,0,0,0,0,0,0,0,0,0,0,0,0,0,0,0,0,0,0,0,0,0,0,0,0,0,0,0,0,0,0,0,0,0.315925896167755,0,0,0,0,0,0,0,0,0,0,0,0,0,0,0.115845705504003,0,0,0,0,0,0,0,0,0,0,0,0,0,0
0,0,0,0,0,0,0,0,0,0,0.147869064613264,0,0.145000340541204,0,0,0,0,0,0,0,0,0,0,0,0,0,0,0,0.13630308443502,0,0,0,0,0,0,0,0,0,0.151267945065523,0,0,0,0,0,0,0,0,0,0,0,0,0,0,0,0,0,0.206877746452124,0,0.15178364941052,0,0,0,0,0.274334620684385,0,0,0,0,0,0,0,0.133267781420334,0,0.194228917511683,0,0,0,0,0,0.281707048416138,0,0.193100629702359,0.160392577702902,0.13207939863205,0.299514293670654,0,0
0,0,0,0,0,0,0,0,0,0,0,0,0,0,0,0,0,0,0,0,0,0,0,0,0,0,0,0,0,0,0,0,0.254531372373349,0.288255716860294,0.283569678664207,0.158935215572516,0,0,0,0.187118165194988,0,0,0,0,0,0,0,0.408091292045144,0.444934294223785,0.197792482376099,0,0,0,0,0,0,0,0,0,0,0,0,0,0,0,0,0,0,0,0,0,0,0,0,0.350213900848557,0.255624002218246,0.318239878173228,0.178968757390976,0.274360141364717,0.376452027687005,0,0,0.327800329121483,0,0,0,0
0,0,0,0,0,0,0,0,0,0,0,0,0,0,0,0,0,0,0,0,0,0,0,0,0,0,0,0,0,0,0,0.254531372373349,0,0,0.247951371329171,0,0.197281303327708,0,0,0,0,0,0,0,0,0,0,0.485451071063677,0,0,0,0,0,0,0,0,0,0,0,0,0,0,0,0,0,0,0,0,0,0,0,0,0,0,0.443476757188456,0.387203490406438,0.296639367938042,0.439512670956383,0.285379985968272,0.401648834154203,0,0,0.232738753077253,0,0,0,0
0,0,0,0,0,0,0,0,0,0,0,0,0,0,0,0,0,0,0,0,0,0,0,0,0,0,0,0,0,0,0,0.288255716860294,0,0,0.191096872591448,0.145118120397236,0.17657695710659,0.195917972922325,0.133101897438367,0,0,0,0,0,0,0,0,0.412475547758785,0,0.52105147923742,0,0,0,0,0,0,0,0,0,0,0,0,0,0,0,0,0,0,0,0,0,0,0,0,0.381833550653287,0,0.246824340019774,0.182155588269234,0.212060953569786,0,0.419621687914644,0,0.261526171571838,0,0.37922340631485,0,0
0,0,0,0,0,0,0,0,0,0,0,0,0,0,0,0,0,0,0,0,0,0,0,0,0,0,0,0,0,0,0,0.283569678664207,0.247951371329171,0.191096872591448,0,0,0.201726226256022,0.174211905535423,0.18641225539454,0,0,0,0,0,0,0,0,0.395304965647347,0.460041062987369,0,0,0,0,0,0,0,0,0,0,0,0,0,0,0,0,0,0,0,0,0,0,0,0,0,0.318752298752467,0.412637901306152,0.204492966350284,0.28292286703952,0,0.203069352810228,0.169201649725437,0.244720151366895,0.176785803955457,0.246462552249432,0,0,0
0,0,0,0.3283371925354,0,0.235932106152177,0,0,0,0.312312573194504,0,0.134688293561339,0,0,0,0,0,0.350616763035456,0.381434543805868,0.154784139093413,0,0,0,0,0,0,0,0,0,0,0,0.158935215572516,0,0.145118120397236,0,0,0.177725560682588,0.184691181735625,0.113350396546034,0.394597655534744,0,0.333322006113389,0.366096129020055,0.460818144408139,0,0.227165046410683,0.34705975651741,0.333162007871831,0.28184500336647,0.336741791417201,0,0,0,0,0,0,0,0.369093507528305,0,0,0,0,0.242219425278817,0,0,0,0,0,0,0,0,0,0,0,0.19856008887291,0,0.173310681986503,0,0.271302278421766,0.268137592822313,0.241296022699747,0,0.192640489998479,0.320369616150856,0.292177677659665,0.318267643451691,0
0,0,0.160008567074935,0,0.207713634622368,0,0,0,0,0,0.1879148255359,0,0,0,0,0,0.390183005068037,0.403593212366104,0.439807751096121,0,0.20354070304893,0,0,0,0,0,0,0,0,0,0,0,0.197281303327708,0.17657695710659,0.201726226256022,0.177725560682588,0,0.110221324488521,0.205516264092825,0,0.306997599701087,0.431387305259705,0.372042201676415,0,0.494201292594274,0,0.290199911477519,0.23765037380732,0.248911908339886,0.213111281394958,0.273511024812857,0,0,0,0,0,0.193102548605409,0,0,0,0,0,0.377025991678238,0.235149406017553,0,0,0,0,0,0,0,0,0,0.317352814333779,0,0.184496873191425,0,0.205630788539952,0.23814948241819,0.237184544280449,0,0.241127083987999,0.207417957599813,0.276966506358749,0.237571045590156,0,0.368670709431171
0,0,0,0,0,0,0,0,0,0.209161143969087,0,0.121570328735325,0,0,0,0,0,0,0.390655387192965,0.15140093812498,0,0.203185008473548,0,0.389532853272699,0,0,0,0,0,0,0,0,0,0.195917972922325,0.174211905535423,0.184691181735625,0.110221324488521,0,0.144991037746271,0,0,0.219477491378784,0,0.450784176588058,0,0.32007896900177,0,0.405398722781855,0,0.408461710657267,0,0,0,0,0,0.216863843798637,0,0.145904734730721,0,0,0,0,0.266942268941138,0,0.325703416975106,0,0.341556881934824,0,0,0,0,0,0,0,0,0,0.390107800563176,0.171555580810095,0.228594907668716,0,0.248295967967146,0.11864245776087,0.168876012994183,0.303384220158612,0.327378011920622,0.316951478521029,0
0,0,0,0,0,0,0,0,0.230484437516757,0,0.172016644628311,0,0,0,0,0,0.379335820674896,0,0.425373767430966,0,0.197245376054328,0,0.145121249456366,0,0.165603305512387,0,0,0,0,0,0.151267945065523,0,0,0.133101897438367,0.18641225539454,0.113350396546034,0.205516264092825,0.144991037746271,0,0,0,0,0.297584232475076,0,0,0,0.286311109860738,0.543395841681717,0.31063460608471,0,0,0,0,0,0.370448005550048,0,0.197081030894584,0,0,0,0,0,0,0.204518490696075,0,0.211277743180593,0,0.218169767972599,0,0,0,0,0,0.180156879825518,0,0,0,0.194422321300954,0.329294204711914,0.256245660543856,0.151325214792181,0.216125627818118,0.19954760280328,0.2240033687164,0.252663971706368,0,0.38973930478096
0,0,0,0.321288451552391,0.30313640832901,0,0,0,0,0,0,0,0,0,0,0,0.348916500806808,0.336643059551716,0.351747054518677,0.297869235277176,0,0,0,0,0,0,0,0,0,0,0,0.187118165194988,0,0,0,0.394597655534744,0,0,0,0,0.329257518053055,0.334053389558371,0.292727667589982,0.39666211605072,0,0.285997541017363,0.31099334359169,0.278940722143108,0.271247463566916,0.253964959317214,0,0,0,0,0,0,0,0.337198744217555,0,0,0,0,0.313941017181555,0.313494271039963,0,0,0,0,0,0,0,0,0.350959239097742,0,0.198647148694311,0,0,0,0.301155622060202,0.349638188523906,0.288390986310939,0.377009928226471,0.346305038085428,0.337809920310974,0.302128825485008,0,0.313837289810181
0,0,0.285941061377525,0,0.25905206102006,0,0,0,0,0,0,0,0,0,0,0,0.378880798816681,0,0.363186835533097,0,0.26457017660141,0,0,0,0,0,0,0,0,0,0,0,0,0,0,0,0.306997599701087,0,0,0.329257518053055,0,0.31314742565155,0.274543174989567,0.279281944036484,0.379582136869431,0,0.26660680334333,0.261414562982898,0.231967574812786,0,0.268326794505119,0,0,0,0,0,0.271065357327461,0,0.300933063030243,0,0,0,0,0.284937709800361,0,0,0,0,0,0,0,0,0,0.314984172582626,0,0,0,0.276525884866714,0.278489977121353,0.257335680649503,0,0.299219042062759,0.305049457784855,0.322393357753754,0.300077903948154,0,0.324171518906951
0,0.317602309007798,0,0.285047899517748,0.286913722753525,0.25293455272913,0,0,0,0.268374708471912,0,0.390856365362803,0,0,0,0,0.315171182155609,0.308048021303464,0.263156145156684,0.317265167832375,0,0,0,0,0,0,0,0,0,0,0,0,0,0,0,0.333322006113389,0.431387305259705,0.219477491378784,0,0.334053389558371,0.31314742565155,0,0.232919738013964,0,0,0.282324286301931,0.249627370387316,0.330114485148121,0.315258339047432,0.313612641455713,0.300609260797501,0,0,0,0,0,0,0.347879366974036,0,0,0,0,0.360509570200735,0.277490109205246,0,0,0,0,0,0,0.309914371371269,0,0.345288484949315,0.300792932510376,0,0,0,0,0.307046312093735,0.317976436018944,0.341564765920053,0.348469167947769,0.259792736046644,0.320121735334396,0.355151427592474,0.228982705753297,0.205391590793928
0.275526992424771,0,0.308525628685951,0.301173806190491,0.279736061779301,0,0,0,0.218758048599257,0,0,0,0,0,0,0,0.299582758134809,0.269507429114094,0.264384436389053,0,0.323341220617294,0,0,0,0,0,0,0,0,0,0,0,0,0,0,0.366096129020055,0.372042201676415,0,0.297584232475076,0.292727667589982,0.274543174989567,0.232919738013964,0,0,0.38052898645401,0.258695542812347,0.312755635357761,0.403018985094363,0.323917217608893,0,0.282924520307117,0,0,0,0.279574406643709,0,0.352632762047282,0.326786532998085,0.298164968689283,0,0,0,0.324097219854593,0.350270091720364,0,0,0,0,0,0,0,0.358019436781223,0.33736801892519,0.376685771315048,0,0,0,0.303911507129669,0.324571049875683,0.364574415114745,0.345743417739868,0.361297216986616,0.29938039644119,0.291889414191246,0.333348593580536,0,0.272979999215476
0,0,0,0,0,0,0,0,0,0,0,0.483044013381004,0,0,0,0,0,0,0.373937718240561,0,0,0,0,0,0,0,0,0,0,0,0,0,0,0,0,0.460818144408139,0,0.450784176588058,0,0.39666211605072,0.279281944036484,0,0,0,0,0.523744398355484,0,0,0,0,0,0,0,0,0,0,0,0.487726834558305,0,0,0,0,0.415849804878235,0,0,0,0,0,0,0,0,0,0.482827989494099,0,0,0,0,0,0.463879823867529,0,0.513850822065869,0,0.254242663582166,0,0.547120212128869,0,0
0,0,0,0,0,0,0,0,0,0,0.517199337482452,0,0,0,0,0,0.336304903030396,0.34713488817215,0.525659096367816,0,0,0,0,0,0,0,0,0,0,0,0,0,0,0,0,0,0.494201292594274,0,0,0,0.379582136869431,0,0.38052898645401,0,0,0,0,0,0,0,0,0,0,0,0,0,0.467282354831696,0,0,0,0,0,0,0.508431851863861,0,0,0,0,0,0,0,0,0,0.476486895765577,0,0,0,0,0,0.552660979722675,0,0.540619530040642,0.390313769380252,0,0.497780114794389,0,0.36864772439003
0,0,0,0.198784738779068,0,0.278653388542514,0,0,0,0.180758076409499,0,0.343290720345839,0,0,0,0,0,0,0.328897795506886,0.292805124350168,0,0,0,0,0,0,0,0,0,0,0,0,0,0,0,0.227165046410683,0,0.32007896900177,0,0.285997541017363,0,0.282324286301931,0.258695542812347,0.523744398355484,0,0,0,0.286778676588284,0.286938913911581,0.229202773422003,0,0.340357005596161,0,0,0,0,0,0.380621806372328,0,0,0,0,0.291712893323983,0,0,0,0,0,0,0,0,0,0.411900085866998,0,0,0,0,0,0.308020107311532,0.302689015865326,0.389707705847724,0,0.25477409696579,0,0.268361697310845,0.401804804801941,0
0,0,0.20876874406881,0.288430094718933,0.229986192067088,0,0.219659405095237,0,0.201320683956146,0,0.278844525416692,0,0,0,0,0,0.310684151119656,0.297609259684881,0.309793528455954,0,0.233700629703853,0,0,0,0,0,0,0,0,0,0,0,0,0,0,0.34705975651741,0.290199911477519,0,0.286311109860738,0.31099334359169,0.26660680334333,0.249627370387316,0.312755635357761,0,0,0,0,0.262781143188477,0.29304961281494,0,0.257092534718306,0,0,0,0.212286360561848,0,0.318747362920216,0,0.228381628791491,0,0,0,0.301858425140381,0.294415784316113,0,0,0,0,0,0,0,0.353062197566032,0,0.363657647371292,0,0,0,0,0.332173384229342,0.291539967846539,0.372785091400146,0.320367859192357,0.309283094931833,0.22325211763382,0.299862671141722,0.288844347000122,0.353772370790949
0,0.335139065980911,0,0,0.26629689806386,0.282682470977306,0,0,0.324518233537674,0.239007189869881,0,0,0,0,0,0,0,0,0.208804249763489,0.303989335894585,0.286053046584129,0.43520113825798,0,0,0.393150448799133,0,0,0,0,0,0,0.408091292045144,0.485451071063677,0.412475547758785,0.395304965647347,0.333162007871831,0.23765037380732,0.405398722781855,0.543395841681717,0.278940722143108,0.261414562982898,0.330114485148121,0.403018985094363,0,0,0.286778676588284,0.262781143188477,0,0.389728857806939,0.36469245023311,0.27691663056612,0.274107456207275,0,0,0,0,0.269964814186096,0.342132970690727,0,0,0,0,0.288915683825811,0.254268510267138,0.410600081086159,0,0,0.438450196385384,0,0,0,0,0.377595901489258,0,0.360979635682371,0.368129069811566,0.363830302909118,0.374403724964294,0.310063265329276,0.38961078615565,0.4047011944931,0.384083850070452,0.448514786164612,0.364664589113827,0.424316469840105,0.195132434368134,0.359085351228714
0.196373498881387,0,0.182860700034998,0,0.272024181851169,0,0,0,0.221841151441948,0,0,0,0,0,0.241372063755989,0,0,0,0.340621105262211,0.272961467504501,0.257247865200043,0,0.381035691735768,0,0.223436694811372,0,0.416234152317047,0,0,0,0,0.444934294223785,0,0,0.460041062987369,0.28184500336647,0.248911908339886,0,0.31063460608471,0.271247463566916,0.231967574812786,0.315258339047432,0.323917217608893,0,0,0.286938913911581,0.29304961281494,0.389728857806939,0,0.259724666674932,0.240008485153181,0,0,0,0.225550297498703,0,0.311834850658973,0.338356703519821,0.367613917902896,0,0.284278236717607,0,0.259684145450592,0.26317528411746,0,0.33811772424709,0,0.241520497563121,0,0.331100484347779,0,0.3625827303425,0,0.334409185818263,0.396836111942927,0,0,0.303164114651171,0.286808975040913,0.280618733922938,0,0.303945842844686,0.352087334998852,0.411436051130295,0.28068358003919,0,0.268875923294287
0,0.207537807202596,0,0.200316974918048,0,0.238938864320517,0,0,0,0.175393749276797,0,0.299842923879623,0,0,0,0,0,0,0.355234546320779,0.261155622346061,0,0.296068202038961,0,0.337851199507713,0,0,0,0,0,0,0,0.197792482376099,0,0.52105147923742,0,0.336741791417201,0.213111281394958,0.408461710657267,0,0.253964959317214,0,0.313612641455713,0,0,0,0.229202773422003,0,0.36469245023311,0.259724666674932,0,0,0,0,0,0,0.288121203365533,0,0.332271013706356,0,0.3155313651778,0,0.242690937890523,0.339195779091875,0,0.317550032893063,0,0.35128702038321,0,0.293163489236171,0,0.318700427131623,0,0.274318793536843,0,0.197982732545246,0,0.265514156023661,0,0.280872461955582,0.278892107307911,0.350601167855751,0,0.338049374985365,0,0.277519842000406,0.277324348688126,0
0.176529809832573,0,0.209522387612674,0,0.200735413906148,0,0.172335167725881,0,0.168657556617701,0,0,0,0.219353511929512,0,0.190300542541913,0,0,0,0,0,0.246457905715538,0,0,0,0,0,0,0,0,0,0,0,0,0,0,0,0.273511024812857,0,0,0,0.268326794505119,0.300609260797501,0.282924520307117,0,0,0,0.257092534718306,0.27691663056612,0.240008485153181,0,0,0,0.226694539189339,0,0.164416328072548,0,0.251641167948643,0,0.196542429347192,0,0.211386547451562,0,0,0.342174226730507,0,0,0,0,0,0,0,0,0,0.32277275621891,0,0,0,0,0.318858444690704,0.299356543178697,0,0,0.192672310595183,0.214289024472237,0.285901429290748,0,0.260564143459002
0,0,0,0.308477878570557,0,0.145609487326228,0,0.257305103831175,0,0.210500169545412,0,0,0,0,0,0.116670556366444,0,0,0,0.279497275749842,0,0,0,0,0,0,0,0,0,0,0,0,0,0,0,0,0,0,0,0,0,0,0,0,0,0.340357005596161,0,0.274107456207275,0,0,0,0,0,0.229653893546625,0,0.201616133749485,0,0.28100000392823,0,0,0,0.242359701544046,0.323057800531387,0,0,0,0,0,0,0,0,0,0,0,0,0,0,0,0,0,0,0,0.157644856307242,0,0.244562677164309,0,0
0,0,0,0,0.251644370019735,0,0.203155919311403,0,0,0,0.168258627459036,0,0.202361207455397,0,0,0,0,0,0,0,0.217629044893242,0,0,0,0,0,0,0,0,0,0,0,0,0,0,0,0,0,0,0,0,0,0,0,0,0,0,0,0,0,0.226694539189339,0,0,0,0,0,0.190856378591313,0,0.204590201377869,0,0,0,0,0.261468020826578,0,0,0,0,0,0,0,0,0,0,0,0,0,0,0,0,0,0,0.170936730788247,0.151382461190224,0,0,0
0,0,0,0,0,0.238915468752384,0,0.272266537422621,0,0,0,0.335091173648834,0,0,0,0,0,0,0,0,0,0,0,0,0,0,0,0,0,0,0,0,0,0,0,0,0,0,0,0,0,0,0,0,0,0,0,0,0,0,0,0.229653893546625,0,0,0,0,0,0.32048486085499,0,0,0,0,0,0,0,0,0,0,0,0,0,0,0,0,0,0,0,0,0,0,0,0,0.174735173583031,0,0,0,0
0.218701581574149,0,0.200501916500238,0,0.170378742777571,0,0,0,0.281190821075271,0.20075960457325,0,0,0,0,0.239227025338582,0,0.220532011240721,0.219560119509697,0.241308644413948,0,0,0,0,0,0.292768050432205,0,0.235746666789055,0,0,0,0,0,0,0,0,0,0,0,0.370448005550048,0,0,0,0.279574406643709,0,0,0,0.212286360561848,0,0.225550297498703,0,0.164416328072548,0,0,0,0,0,0,0,0,0,0.236805675254352,0,0,0,0,0,0,0.355878085457865,0,0.224619353288098,0,0,0,0,0,0,0,0,0,0,0,0.376369614350168,0.270965195053981,0.247650723904371,0.236476803198457,0,0.227248430252075
0,0.263590545708483,0,0.19737740702885,0,0.207234112090535,0,0,0,0.233292082945506,0,0,0,0,0,0.171165620287259,0,0.227991178631783,0,0,0,0,0,0.155223263871102,0,0.23521600663662,0,0,0,0,0,0,0,0,0,0,0,0.216863843798637,0,0,0,0,0,0,0,0,0,0,0,0.288121203365533,0,0.201616133749485,0,0,0,0,0,0,0,0,0,0.256741097216139,0,0,0,0,0.230818930268288,0,0,0,0,0,0,0,0,0,0,0,0,0,0.25293189941383,0,0.216473383108775,0,0,0,0
0,0,0.230967002182171,0,0.248847681615088,0,0.16677583694458,0,0,0,0.195435114473773,0,0.184524890321952,0,0,0,0.354654431343079,0,0.369665503501892,0,0.185845330731064,0,0,0,0,0,0.432104378938675,0,0,0,0.206877746452124,0,0,0,0,0,0.193102548605409,0,0.197081030894584,0,0.271065357327461,0,0.352632762047282,0,0.467282354831696,0,0.318747362920216,0.269964814186096,0.311834850658973,0,0.251641167948643,0,0.190856378591313,0,0,0,0,0,0.306567406259183,0,0.314972117543221,0,0,0.292220560379839,0,0,0,0,0,0.423325707083163,0,0.369690404855055,0,0.316937011889261,0,0,0,0,0,0.291817068718374,0,0.26812016754494,0.175018740063107,0.176265016198158,0.334160905170569,0,0.363740811745326
0,0.240642166799969,0,0.315822551445085,0,0.28590858893262,0,0.236370265483856,0,0.29127058510979,0,0.282770825715593,0,0.288873938222726,0,0,0,0,0.397680127306988,0.414559296797961,0,0.340660939613978,0,0,0,0,0,0.317026138305664,0,0.315925896167755,0,0,0,0,0,0.369093507528305,0,0.145904734730721,0,0.337198744217555,0,0.347879366974036,0.326786532998085,0.487726834558305,0,0.380621806372328,0,0.342132970690727,0.338356703519821,0.332271013706356,0,0.28100000392823,0,0.32048486085499,0,0,0,0,0,0.333608929873318,0,0.291375395324495,0.344432060844707,0.303201019763947,0.302576601689244,0,0.357941888272762,0,0.354459123265359,0,0.380098893689786,0,0.354277441562596,0,0,0,0,0,0.323063530894213,0.288323879241943,0.400693655014038,0,0.366575892136349,0,0.327309763055048,0.386823728199928,0
0,0,0.21656752686675,0,0.231761773427327,0,0.272154070436954,0,0,0,0.151840845945182,0,0.207777439669738,0,0.186231057401057,0,0,0,0,0,0.28878519932429,0,0,0,0,0,0.289293270558119,0,0.154796843170462,0,0.15178364941052,0,0,0,0,0,0,0,0,0,0.300933063030243,0,0.298164968689283,0,0,0,0.228381628791491,0,0.367613917902896,0,0.196542429347192,0,0.204590201377869,0,0,0,0.306567406259183,0,0,0,0.268195974615823,0,0,0.298609550510134,0,0.320612251758575,0,0,0,0.426086922918541,0,0.338082858295174,0,0.30075523342405,0,0,0,0,0,0.318128019571304,0,0,0.179700578061434,0.223528154194355,0.263852714782669,0,0
0,0,0,0.262312270700932,0,0,0,0,0,0,0,0,0,0.220414543790477,0,0.236375144549779,0,0,0,0,0,0,0,0,0,0,0,0.13302743434906,0,0,0,0,0,0,0,0,0,0,0,0,0,0,0,0,0,0,0,0,0,0.3155313651778,0,0,0,0,0,0,0,0.333608929873318,0,0,0,0.230417490005493,0,0,0.290054351091385,0,0.306948810815811,0,0.327974834763412,0,0.38653535417148,0,0,0,0,0,0,0,0,0,0,0,0,0,0.294469232360522,0,0
0.228567223507782,0,0,0,0.204915330387079,0,0,0,0.216668581912637,0,0,0,0.20651234805584,0,0.218266552331251,0,0.222027176763953,0.180534958839417,0,0,0,0,0,0,0.263107468976694,0,0.271259164810181,0,0,0,0,0,0,0,0,0,0,0,0,0,0,0,0,0,0,0,0,0,0.284278236717607,0,0.211386547451562,0,0,0,0.236805675254352,0,0.314972117543221,0,0.268195974615823,0,0,0,0,0,0,0,0,0.263122273923515,0,0.24095752792919,0,0,0,0,0,0,0,0,0,0,0,0,0.232858501556443,0.247305207782322,0.337116569280624,0,0
0,0.294647335365254,0,0,0,0.183317703505357,0,0,0,0.244551299249425,0,0,0,0,0,0.164163962006569,0,0.171598428487778,0,0,0,0,0,0,0,0.196805140801838,0,0,0,0,0,0,0,0,0,0,0,0,0,0,0,0,0,0,0,0,0,0,0,0.242690937890523,0,0.242359701544046,0,0,0,0.256741097216139,0,0.291375395324495,0,0.230417490005493,0,0,0,0,0,0,0,0,0.175525397062302,0,0,0,0,0,0,0,0,0,0,0,0,0,0.19719636774598,0,0.242787346243858,0,0
0,0,0,0.284529255195097,0,0.313109979838938,0,0.220339241041534,0,0.235347092151642,0,0.221310631775941,0,0,0,0,0.353562700748444,0.363637377818425,0.356355949435183,0.250325141394564,0,0,0,0,0,0,0,0,0,0,0,0,0,0,0,0.242219425278817,0.377025991678238,0.266942268941138,0,0.313941017181555,0,0.360509570200735,0.324097219854593,0.415849804878235,0,0.291712893323983,0.301858425140381,0.288915683825811,0.259684145450592,0.339195779091875,0,0.323057800531387,0,0,0,0,0,0.344432060844707,0,0,0,0,0,0.278705835342407,0,0,0,0,0,0,0.357795234769583,0,0.367498571851424,0.310930162668228,0,0,0,0,0.309604701748269,0.351233443617821,0.343057643945006,0.367045871913433,0.260130036455028,0,0.328282698557213,0.36063277721405,0.351725816726685
0,0,0.258414641022682,0,0.24531225427236,0,0.209622772753631,0,0,0,0.208171354059624,0.319713830947876,0.2841736972332,0,0,0,0.313851517438889,0.32254034280777,0.327344132717266,0,0.231968432224997,0,0,0,0,0,0,0,0,0,0.274334620684385,0,0,0,0,0,0.235149406017553,0,0.204518490696075,0.313494271039963,0.284937709800361,0.277490109205246,0.350270091720364,0,0.508431851863861,0,0.294415784316113,0.254268510267138,0.26317528411746,0,0.342174226730507,0,0.261468020826578,0,0,0,0.292220560379839,0.303201019763947,0.298609550510134,0,0,0,0.278705835342407,0,0,0,0,0,0,0.395819783210754,0,0.336872109499845,0,0.306532640406426,0,0,0,0,0.335533226529757,0.308076468370046,0,0.309432846534601,0.208303731500892,0.140645069526691,0.336588342550394,0,0.364570077508688
0,0,0,0,0,0,0,0,0,0,0,0,0,0,0,0,0,0.139130711555481,0,0,0,0.230557035631796,0.0832220613956451,0.283919512139012,0,0,0,0,0,0,0,0,0,0,0,0,0,0.325703416975106,0,0,0,0,0,0,0,0,0,0.410600081086159,0,0.317550032893063,0,0,0,0,0,0,0,0.302576601689244,0,0.290054351091385,0,0,0,0,0,0,0.300551734576302,0,0.289010285304583,0,0.33979174590312,0,0,0,0,0,0,0,0,0,0.312312758132815,0,0.155336057692766,0.291493583470583,0.293218796451886,0,0
0,0,0,0,0,0,0,0,0,0,0,0,0,0,0,0,0.195845204663564,0,0,0,0,0,0.212244609158238,0,0.216821614073382,0,0.227300153022081,0,0.261369996837207,0,0,0,0,0,0,0,0,0,0.211277743180593,0,0,0,0,0,0,0,0,0,0.33811772424709,0,0,0,0,0,0,0,0,0,0.320612251758575,0,0,0,0,0,0,0,0,0.233565701266467,0,0.301401207252791,0,0.332409354532877,0,0.307584884266059,0,0,0,0,0,0,0,0.284309711350605,0.191922368044439,0.148357513546944,0,0,0
0,0,0,0,0,0,0,0,0,0.15882541735967,0,0,0,0,0,0,0,0.174905256146476,0,0,0,0.328531818091869,0,0.212694701949755,0,0.170500040054321,0,0,0,0,0,0,0,0,0,0,0,0.341556881934824,0,0,0,0,0,0,0,0,0,0,0,0.35128702038321,0,0,0,0,0,0.230818930268288,0,0.357941888272762,0,0.306948810815811,0,0,0,0,0.300551734576302,0,0,0,0.300219957167521,0,0.379340876588377,0,0,0,0,0,0,0,0,0,0.310623082607419,0,0.155583813439968,0,0.294207253340465,0,0
0.23413830747207,0,0,0,0,0,0,0,0.293626179110329,0,0,0,0,0,0,0,0.181936398148537,0,0,0,0,0,0.190688883052453,0,0.202878658757196,0,0.23845279955231,0,0,0,0,0,0,0,0,0,0,0,0.218169767972599,0,0,0,0,0,0,0,0,0.438450196385384,0.241520497563121,0,0,0,0,0,0.355878085457865,0,0,0,0,0,0.263122273923515,0,0,0,0,0.233565701266467,0,0,0,0.265473525247303,0,0,0,0,0,0,0,0,0,0,0,0.284739007447527,0.16861192745788,0.122426682710648,0.268212838388152,0,0
0,0,0,0,0,0,0,0,0,0.241252854466438,0,0,0,0,0,0.236807070672512,0,0.193365772998573,0,0,0,0.446137948830922,0,0.249643529454867,0,0.192075674689025,0,0.185968302190304,0,0,0,0,0,0,0,0,0,0,0,0,0,0,0,0,0,0,0,0,0,0.293163489236171,0,0,0,0,0,0,0,0.354459123265359,0,0.327974834763412,0,0.175525397062302,0,0,0.289010285304583,0,0.300219957167521,0,0,0,0.335599528979664,0,0,0,0,0,0,0,0,0,0,0,0.176217072831203,0,0.235015258193016,0,0
0.21709465701133,0,0,0,0,0,0,0,0.225150828334418,0,0.335826456546783,0,0.162703722715378,0,0.185414072985833,0,0.210619550352254,0,0,0,0,0,0.270608573769912,0,0.24533585505905,0,0.228819039167769,0,0.21937096118927,0,0,0,0,0,0,0,0,0,0,0,0,0,0,0,0,0,0,0,0.331100484347779,0,0,0,0,0,0.224619353288098,0,0.423325707083163,0,0.426086922918541,0,0.24095752792919,0,0,0.395819783210754,0,0.301401207252791,0,0.265473525247303,0,0,0,0.403174757402931,0,0,0,0,0,0,0,0,0,0,0.208840514958641,0,0.222935169935226,0,0
0,0,0,0.306477934122086,0,0,0,0,0,0.276395261287689,0,0,0,0,0,0,0,0,0,0,0,0.338946653736962,0,0.3520303606987,0,0.230564638972282,0,0.285440387572834,0,0,0,0,0,0,0,0,0,0,0,0,0,0.309914371371269,0,0,0,0,0,0,0,0.318700427131623,0,0,0,0,0,0,0,0.380098893689786,0,0.38653535417148,0,0,0.357795234769583,0,0.33979174590312,0,0.379340876588377,0,0.335599528979664,0,0,0,0.329634745577736,0,0,0,0,0,0.307626992464066,0,0.345049870326529,0,0.160745367407799,0,0.334628088850724,0,0
0,0,0.309682011604309,0,0,0,0,0,0,0,0.317429653622887,0,0,0,0,0,0,0,0,0,0.347477555274963,0,0.2106830792607,0,0,0,0.389091303348541,0,0.229525075344834,0,0.133267781420334,0,0,0,0,0,0,0,0,0,0,0,0.358019436781223,0,0,0,0.353062197566032,0,0.3625827303425,0,0,0,0,0,0,0,0.369690404855055,0,0.338082858295174,0,0,0,0,0.336872109499845,0,0.332409354532877,0,0,0,0.403174757402931,0,0,0,0.285218562744113,0,0,0,0,0,0.318307619203221,0,0.335741339291272,0.152512506434792,0.207103610038757,0.365363247692585,0,0.365488111972809
0,0.394617289304733,0,0.346733494371664,0,0.30851799249649,0,0,0,0.316542707383633,0,0.386885902711323,0,0,0,0,0.338292241096497,0,0.413404461499807,0.436755647261937,0,0,0,0,0,0,0,0,0,0.115845705504003,0,0,0,0,0,0,0,0,0,0.350959239097742,0,0.345288484949315,0.33736801892519,0.482827989494099,0,0.411900085866998,0,0.377595901489258,0,0.274318793536843,0,0,0,0,0,0,0,0.354277441562596,0,0,0,0,0.367498571851424,0,0,0,0,0,0,0,0.329634745577736,0,0,0,0,0,0,0,0.324691377918829,0.336045876145363,0.353071554116349,0,0.380593976963346,0,0.364020256149954,0.381544873394348,0
0,0,0.34071818452615,0,0.304515892267227,0,0,0,0.309958294034004,0,0.273433830155883,0,0,0,0,0,0.34194012482961,0.349574148654938,0.420983335801533,0,0.297807351900981,0,0,0,0,0,0,0,0.15232895992019,0,0.194228917511683,0,0,0,0,0,0.317352814333779,0,0.180156879825518,0,0.314984172582626,0.300792932510376,0.376685771315048,0,0.476486895765577,0,0.363657647371292,0,0.334409185818263,0,0.32277275621891,0,0,0,0,0,0.316937011889261,0,0.30075523342405,0,0,0,0.310930162668228,0.306532640406426,0,0.307584884266059,0,0,0,0,0,0.285218562744113,0,0,0,0,0,0,0.313262462615967,0.314987133722752,0,0.269043964595723,0.191261055534833,0,0.426765295925122,0,0.395339276706963
0,0,0,0,0,0,0,0,0,0,0,0,0,0,0,0,0,0,0,0,0,0,0,0,0,0,0,0,0,0,0,0.350213900848557,0.443476757188456,0.381833550653287,0.318752298752467,0.19856008887291,0,0,0,0.198647148694311,0,0,0,0,0,0,0,0.360979635682371,0.396836111942927,0.197982732545246,0,0,0,0,0,0,0,0,0,0,0,0,0,0,0,0,0,0,0,0,0,0,0,0,0,0.47348383298287,0.234229221194983,0.332366973161697,0.251873083313306,0.473265977599953,0,0,0.345033648286679,0,0,0,0
0,0,0,0,0,0,0,0,0,0,0,0,0,0,0,0,0,0,0,0,0,0,0,0,0,0,0,0,0,0,0,0.255624002218246,0.387203490406438,0,0.412637901306152,0,0.184496873191425,0,0,0,0,0,0,0,0,0,0,0.368129069811566,0,0,0,0,0,0,0,0,0,0,0,0,0,0,0,0,0,0,0,0,0,0,0,0,0,0,0.47348383298287,0,0,0.367662619653286,0.29250667989254,0.335280904593076,0,0,0.238972790188649,0,0,0,0
