0,0,749.762454137206,0,52.7110349535942,0,0,0,881.90482339263,0,0,0,0,0,0,0,16.5488739311695,11.0032485723495,91.6796793788671,0,3.42552669346333,0,0,0,0.356226056814194,0,0,0,0,0,0,0,0,0,0,0,2.91490225493908,0,0.144409835338593,1.19149832427502,42.7516708225012,0.749597191810608,258.642564117908,0,0,1.47093078494072,94.1991887837648,60.7817457914352,567.963982701302,0.346237063407898,22.4164004325867,0,0,0,629.830971449614,0,34.8655649721622,0,0,0,165.276858717203,0,0,52.1567581295967,0,0,0,16.0144181847572,0,1.45923271775246,0,1.09127695858479,0,0.605120733380318,0,0,0,0,1.63103548437357,348.814426586032,0,32.5853324979544,322.074440643191,5.54390263557434,612.523124575615,0,6.34271758794785
0,0,0,430.797427117825,0,30.1744489073753,0,0,0,782.528863936663,0,0,0,0,0,0,0.974650278687477,1.12656278908253,4.80724357068539,0,0,0,0,12.8554555475712,0,0,0,0,0,0,0,0,0,0,0,0,0,5.49913835525513,0,2.01298813521862,0,347.453881666064,0.889263063669205,0,0,0.460599631071091,0.156171277165413,3.02473393082619,0,341.404879555106,0,0,0,0,0,443.731876432896,0,6.09652104973793,0,2.62900885939598,0,210.462869301438,0,0,0,0,57.5561994016171,0,3.71168226003647,0,1.6834751367569,0,0,0,0,0,0,0,1.60597760975361,0,3.2469103038311,0,162.390330508351,8.57493326067924,168.429635673761,6.76259392499924,0
749.762454137206,0,0,0,599.103431463242,0,0,0,751.628238201141,0,0,0,0,0,0,0,0,0,0.28415834903717,0,1.73950856924057,0,0,0,0,0,0,0,0,0,0,0,0,0,0,0,3.42962153255939,0,1.35394892096519,0,8.29057765007019,0,100.830369718373,0,0,0.29875710606575,9.26877212524414,0,73.9409028291702,0,242.41428360343,0,0,0,396.948356628418,0,95.0107508897781,0,13.4795933365822,0,57.1679697334766,0,0,13.8904100954533,0,0,0,0,0,0,0,4.40028165280819,0,14.5540651828051,0,0,0,0,0,14.7738175094128,0,8.49543991684914,66.5423971787095,0.332411736249924,657.344261370599,0,18.6589684635401
0,430.797427117825,0,0,0,252.091646164656,0,0,0,631.739290326834,0,0,0,0,0,0,0,0.404191583395004,7.36334422230721,3.25795164704323,0,0,0,0,0,0,0,0,0,0,0,0,0,0,0,2.33942230790854,0,0,0,25.7320947647095,0.300789549946785,142.206522025168,2.84925580024719,0,0,165.256321363151,0,1.77336743474007,1.49228106439114,101.541253104806,0,11.0075819194317,0,0,0,150.605016887188,0,8.75863127410412,0,27.4990925192833,0,5.20014521479607,4.43679240345955,0.577507972717285,0,0,0,0,0,0,0,0,39.3745524287224,0,0,0,0,0,55.3989082351327,0,16.4316184818745,0.303891181945801,362.463427484035,12.4797890782356,819.236212588847,1.44424223154783,0
52.7110349535942,0,599.103431463242,0,0,0,8.34963095188141,0,570.269757390022,0,6.88904482126236,0,0,0,0,0,0.475759893655777,0.189933404326439,0,0,141.517279446125,0,0,0,0,0,0,0,0,0,0,0,0,0,0,0,22.2256878316402,0,1.75691020488739,0,16.6812332868576,0,14.9586421102285,0,0,0,6.51450064778328,0,8.56913274526596,0,692.591885149479,0,10.0282890796661,0,325.337773472071,0,127.598055526614,0,3.0003559589386,0,1.32487440109253,0,0,96.4415473490953,0,0,0,0,0,0,0,0.866580426692963,0,4.25679574906826,0,0,0,0,0,52.8244977593422,0,2.20674392580986,443.474917069077,0,538.986295938492,0,3.2187959253788
0,30.1744489073753,0,252.091646164656,0,0,0,0,0,176.052707701921,0,0,0,0,0,20.8896511048079,0,0.730603918433189,4.98515567928553,126.377742648125,0,0,0,0,0,0,0,0,0,0,0,0,0,0,0,75.8740123063326,0,0,0,43.6516442075372,0,49.3306189402938,3.29882325232029,0,0,328.24348834157,0,0,5.13335461914539,19.0798700377345,0,283.070047155023,0,0,0,36.2209869921207,0,3.42619729042053,0,7.38475799560547,0,0.311373054981232,389.658309027553,0,0,0,0,0,0,0,0,0,25.8005825579166,0,0,0,0,0,620.369116812944,0,20.2090375646949,0.572210311889648,1656.27157705277,303.675102651119,696.844244152308,1.04677714407444,0
0,0,0,0,8.34963095188141,0,0,0,0,0,0,0,0,0,0,0,0,0,0,0,2.29434514045715,0,0,0,0,0,0,0,0,0,0,0,0,0,0,0,0,0,0,0,0,0,0,0,0,0,0,0,0,0,40.2982440888882,0,279.164670199156,0,0,0,0,0,0,0,0,0,0,0,0,0,0,0,0,0,0,0,0,0,0,0,0,0,0,0,0,0,154.136899530888,0,0,0,0
0,0,0,0,0,0,0,0,0,0,0,0,0,2.98912286758423,0,0,0,0,0,0,0,0,0,0,0,0,0,0,0,0,0,0,0,0,0,0,0,0,0,0,0,0,0,0,0,0,0,0,0,0,0,15.1031924188137,0,202.431231737137,0,0,0,0,0,1,0,0,0,0,0,0,0,0,0,0,0,0,0,0,0,0,0,0,0,0,0,0,209.877162307501,0,0,0,0
881.90482339263,0,751.628238201141,0,570.269757390022,0,0,0,0,0,0,0,0,0,302.814381062984,0,302.385443866253,30.4024748206139,15.5031076818705,0,0,0,0,0,287.725840687752,0,19.3011399060488,0,0,0,0,0,0,0,0,0,0,0,11.4792951345444,0,1.37341564893723,0.161233067512512,181.312549710274,0,0,0,0.898728847503662,0,18.4011637866497,0,155.20899450779,0,0,0,3138.20547023416,0,16.7286471426487,0,2.1807222366333,0,363.589892417192,0,0,2.33824849128723,0,0,0,137.179808139801,0,224.837379544973,0,0,0,2.11188527941704,0,0,0,0,0,0,0,1.2415529191494,837.997950345278,4.74335542321205,193.696842968464,0,53.847493737936
0,782.528863936663,0,631.739290326834,0,176.052707701921,0,0,0,0,0,0,0,0,0,101.234984576702,1.88313782215118,121.317241087556,138.656048163772,0,0,0.201783090829849,0,107.094406172633,0,2.78853121399879,0,0,0,0,0,0,0,0,0,0.105806104838848,0,114.702918082476,0,3.9178554713726,0,59.4398670494556,0.62878081202507,0,0,15.5419644489884,0,0.603999376296997,0,75.8481548726559,0,62.6969209611416,0,0,0,1086.35496550798,0,0,0,0,0,37.6939578056335,0,0,0.204211920499802,0,277.506992578506,0,2.07756997644901,0,0,0,2.61182776093483,0,0,0,0,0,0.699390441179276,0,67.3812481015921,0,1349.35505703092,24.7859688997269,153.940017864108,75.7529718577862,0
0,0,0,0,6.88904482126236,0,0,0,0,0,0,0,0,0,0,0,0,0,0,0,222.62296102941,0,0,0,0,0,0,0,0,0,15.005847454071,0,0,0,0,0,102.122799038887,0,337.004425644875,0,0,0,0,0,0,0,0,0,0,0,53.3477991521358,0,4.03265386819839,0,0,0,2433.76025447249,0,0,0,0,0,0,4.87734858691692,0,0,0,0,0,0,0,1,0,3.11595585942268,0,0,0,0,0,0.151064857840538,0,0,714.439341425896,0,0,0,0
0,0,0,0,0,0,0,0,0,0,0,0,0,9,0,0,0,0,0,555.282460331917,0,0,0,0,0,0,0,48.2115206718445,0,4.69489908218384,0,0,0,0,0,13.6538915634155,0,1167.93237280846,0,0,0,0,0,0,0,0,0,0,0,0,0,0,0,0,0,0,0,984.892173349857,0,23.7533075809479,0,0,509.253987818956,0,0,0,0,0,0,0,47.3362538814545,0,20.7396874427795,0,0,0,0,0,0,0,16.1120690107346,0,238.318825542927,0,52.0093555450439,0,0
0,0,0,0,0,0,0,0,0,0,0,0,0,0,550.98943823576,0,0,0,0,0,0,0,0,0,0,0,0,0,13.9974938631058,0,0,0,0,0,0,0,0,0,0,0,0,0,0,0,0,0,0,0,0,0,0,0,0,0,0,0,0,0,159.902602791786,0,32.8676716089249,0,0,0,0,0,0,0,0,0,0,0,0,0,0,0,0,0,0,0,0,0,39.5401710271835,50.1629409790039,0,0,0
0,0,0,0,0,0,0,2.98912286758423,0,0,0,9,0,0,0,99.9095721244812,0,0,0,0,0,0,0,0,0,0,0,3.09125307202339,0,0,0,0,0,0,0,0,0,0,0,0,0,0,0,0,0,0,0,0,0,0,0,0,0,0,0,0,0,0,0,629.795222371817,0,47.1966413259506,0,0,0,0,0,0,6.16975113749504,0,13.2471969127655,0,0,0,0,0,0,0,0,0,0,0,158.508202791214,155.59367364645,0,0,0
0,0,0,0,0,0,0,0,302.814381062984,0,0,0,550.98943823576,0,0,0,397.03709885478,27.3168144226074,13.3838453888893,0,0,0,0,0,2.99409955739975,0,15.5800186395645,0,0,0,0,0,0,0,0,0,0,0,0,0,0,0,0,0,0,0,0,0,0,0,101.288338273764,0,0,0,119.221882611513,0,0,0,282.902927994728,0,820.918970674276,0,0,0,0,0,0,0.671089380979538,0,187.226731687784,0,0,0,0,0,0,0,0,0,0,0,0,236.970534265041,16.1135229766369,0,0,0
0,0,0,0,0,20.8896511048079,0,0,0,101.234984576702,0,0,0,99.9095721244812,0,0,0,164.712494283915,0,0,0,0.361282229423523,0,53.4313673824072,0,6.09355962276459,0,0,0,0,0,0,0,0,0,0,0,2.7859363257885,0,0,0,0,0,0,0,0,0,0,0,7.1498216688633,0,51.8072009086609,0,0,0,14.0386835932732,0,0.608406066894531,0,116.550401091576,0,218.648554414511,0,0,0,0,16.3175126165152,0,1.84091681241989,0,0,0,0,0,0,0,0,0,0,0,4.1983909457922,0,166.461305275559,0.363497018814087,0,0,0
16.5488739311695,0.974650278687477,0,0,0.475759893655777,0,0,0,302.385443866253,1.88313782215118,0,0,0,0,397.03709885478,0,0,15585.0176769197,3933.98616449535,0,1.30449831485748,0,101.088442504406,0,22.1764180660248,1.77375096082687,1107.11842033267,0,0,0,0,0,0,0,0,4.90498192608356,0.949241101741791,0,1.63517117500305,87.9826503172517,58.4977911934257,64.4863604158163,158.164859846234,1.81232213973999,1.8098299652338,42.528952896595,104.247607260942,0,0.56862860918045,1.43353314697742,0,0,0,0,11.9265797138214,0,1.87205977737904,0.616450190544128,0,0,8.17427241802216,4.27169394493103,3.1209776699543,44.7260243445635,0,1.47238305211067,0,0,0,196.87768304348,0.296450525522232,0.171349510550499,1.78020092844963,1.97982400655746,0,0,0,0,56.5825800448656,187.047137312591,23.9566341638565,62.1590254753828,14165.1138981432,735.618315219879,349.915057867765,4.8619501888752,17.461022362113
11.0032485723495,1.12656278908253,0,0.404191583395004,0.189933404326439,0.730603918433189,0,0,30.4024748206139,121.317241087556,0,0,0,0,27.3168144226074,164.712494283915,15585.0176769197,0,5893.03425714374,0,0,6.29376655817032,0,1278.86585195363,0,905.159285634756,1.02156221866608,0,0,0,0,0,0,0,0,3.36795496940613,0.478705197572708,0,0.600828111171722,69.4021867066622,12.1867990791798,73.2633769065142,28.3638424426317,3.76166027784348,0.302905380725861,28.535760357976,35.7988261282444,0,0.682583078742027,1.0738428235054,0,0,0,0,0,3.10560834407806,0.295561969280243,0,0,0,0,269.210768252611,2.81721717119217,24.1760058999062,0.915760666131973,0,8.75909548997879,0,113.598569273949,0,0,0,2.89919406175613,0,0,0,0,0,59.5812743082643,103.877732805908,21.2838413715363,17.8756712526083,15882.6020001695,359.203913718462,137.99215182662,13.1086807101965,2.41308102011681
91.6796793788671,4.80724357068539,0.28415834903717,7.36334422230721,0,4.98515567928553,0,0,15.5031076818705,138.656048163772,0,0,0,0,13.3838453888893,0,3933.98616449535,5893.03425714374,0,0,0.979485958814621,0,0,93.8676552772522,0,2.26528286933899,0,0,0,0,0,0,0,0,0,108.197418637574,7.64947010576725,0,2.55260327458382,1094.14533159882,273.145980462432,1880.39276202768,978.153513759375,91.5486167669296,20.9062467217445,499.369457684457,391.661812886596,0.435593783855438,9.49975620210171,18.4570999369025,0,0,0,0,0,0,11.6304262578487,22.1166896522045,0,0,0,0.532533228397369,35.249799400568,239.0448320508,0,0,0,0,0,0,0.553846314549446,0.820848673582077,153.482507742941,14.0383084416389,0,0,0,0,1361.40335954726,1044.88361132145,856.74548971653,338.417892232537,7478.67741443962,287.522684946656,3106.61112330109,287.726009689271,102.675552710891
0,0,0,3.25795164704323,0,126.377742648125,0,0,0,0,0,555.282460331917,0,0,0,0,0,0,0,0,0,0,0,0,0,0,0,0,0,0,0,0,0,0,0,1092.1962198019,0,187.829965651035,0,0,0,0,0,0,0,8.46604645252228,0,0,0,0,0,0,0,0,0,0,0,0,0,0,0,0,3025.23149836063,0,0,0,0,0,0,0,0,0,0,0,0,0,0,0,145.633058995008,0,16.5645237565041,0,353.006668657064,2.21234965324402,75.4940127134323,0,0
3.42552669346333,0,1.73950856924057,0,141.517279446125,0,2.29434514045715,0,0,0,222.62296102941,0,0,0,0,0,1.30449831485748,0,0.979485958814621,0,0,0,0,0,0,0,0,0,0,0,0,0,0,0,0,0,1890.3534605056,0,543.124716803432,0,2.30891551077366,0,6.33702956140041,0,0,0,17.1110859513283,0,0,0,267.655122876167,0,14.6070993542671,0,0,0,1887.95445033163,0,0,0,0,0,0,1925.19600833207,0,0,0,0,0,0,0,1.49505920708179,0,62.881256967783,0,0,0,0,0.171962305903435,193.794386297464,0,297.472182065248,627.717353075743,4.8979155421257,84.5007692277431,0,1.2218624651432
0,0,0,0,0,0,0,0,0,0.201783090829849,0,0,0,0,0,0.361282229423523,0,6.29376655817032,0,0,0,0,173.466721951962,546.667722135782,0,786.801587894559,0,106.70472663641,0,0,0,0,0,0,0,0,0,498.905575424433,0,0,0,0,0,0,0,0,0,6.84519648551941,0,116.070471167564,0,0,0,0,0,0.58709380030632,0,0,0,0,0,0,0,0,6349.34994237125,100.365297913551,796.654136925936,0,230.288275957108,0,294.206031188369,0,0,0,0,0,0,0,0,0,568.13632646203,0,1140.19399392605,28.8049141168594,0.729047417640686,0,0
0,0,0,0,0,0,0,0,0,0,0,0,0,0,0,0,101.088442504406,0,0,0,0,173.466721951962,0,0,260.282576024532,0,3.34111964702606,0,2.57868993282318,0,0,0,0,0,0,0,0,0,700.44681096077,0,0,0,0,0,0,0,0,0,148.659284293652,0,0,0,0,0,0,0,0,0,0,0,0,0,0,0,1,4053.04060159624,0,116.735595062375,0,1.3346973657608,0,3.34175252914429,0,0,0,0,0,0,0,0,0,536.558263838291,998.529248684645,88.885389983654,0,0,0
0,12.8554555475712,0,0,0,0,0,0,0,107.094406172633,0,0,0,0,0,53.4313673824072,0,1278.86585195363,93.8676552772522,0,0,546.667722135782,0,0,0,454.22963885963,0,0,0,0,0,0,0,0,0,0,0,253.90581703186,0,0,0,7.48481011390686,1.00938820838928,0,0,0,0,2.98444676399231,0,9.40238043665886,0,0,0,0,0,56.1999450773001,0,0,0,0,0,1.18005993962288,0,0,481.552870050073,0,2247.51558700204,0,283.209063738585,0,4.23015883564949,0,0,0,0,0,0,0,0,0,330.526345849037,0,909.312769189477,0,10.7838017046452,0.341286569833755,0
0.356226056814194,0,0,0,0,0,0,0,287.725840687752,0,0,0,0,0,2.99409955739975,0,22.1764180660248,0,0,0,0,0,260.282576024532,0,0,0,297.700780451298,0,0,0,0,0,0,0,0,0,0,0,285.053565233946,0,0,0,0,0,0,0,0,0,9.33893519639969,0,0,0,0,0,297.656573727727,0,0,0,0,0,77.7012352198362,0,0,0,0,227.143037050962,0,743.66488301754,0,837.966453149915,0,0,0,0,0,0,0,0,0,0,0,71.8554540574551,771.761319816113,0,59.6591428220272,0,0
0,0,0,0,0,0,0,0,0,2.78853121399879,0,0,0,0,0,6.09355962276459,1.77375096082687,905.159285634756,2.26528286933899,0,0,786.801587894559,0,454.22963885963,0,0,0,524.436152517796,0,0,0,0,0,0,0,0,0,1.98256599903107,0,0,0,0,0,0,0,0,0,0,0,0,0,0,0,0,0,1.44902311265469,0,0,0,36.1925283968449,0,0,0,0,227.586224764585,0,52.6843247711658,0,1363.07948929071,0,63.7027312815189,0,0,0,0,0,0,0,0,0,7.73177912831306,0,607.549297273159,0,0,0,0
0,0,0,0,0,0,0,0,19.3011399060488,0,0,0,0,0,15.5800186395645,0,1107.11842033267,1.02156221866608,0,0,0,0,3.34111964702606,0,297.700780451298,0,0,0,411.8254814744,0,0,0,0,0,0,0,0,0,0.782693415880203,0,0,0,0,0,0,0,0,0,0,0,0,0,0,0,1.43096800148487,0,0,0,0,0,3.06307929754257,0,0,0,0,0,0,5.9196819961071,0,1001.94916580617,0,0,0,0,0,0,0,0,0,0,0,0,270.410074651241,3.64165663719177,0,0,0
0,0,0,0,0,0,0,0,0,0,0,48.2115206718445,0,3.09125307202339,0,0,0,0,0,0,0,106.70472663641,0,0,0,524.436152517796,0,0,0,801.297378927469,0,0,0,0,0,0,0,34.9251664876938,0,0,0,0,0,0,0,0,0,0,0,0,0,0,0,0,0,0,0,0,0,147.710346311331,0,0,0,0,24.9421291649342,0,0,0,282.425298541784,0,704.557435825467,0,4.85311985015869,0,0,0,0,0,0,0,1,0,0,0,0,0,0
0,0,0,0,0,0,0,0,0,0,0,0,13.9974938631058,0,0,0,0,0,0,0,0,0,2.57868993282318,0,0,0,411.8254814744,0,0,0,357.212520301342,0,0,0,0,0,0,0,0,0,0,0,0,0,0,0,0,0,0,0,0,0,0,0,0,0,0,0,0,0,0,0,0,0,0,0,0,0,0,92.4717681407928,0,1092.38137710094,0,0,0,0,0,0,0,0,0,5.54697608947754,75.3939496278763,0,0,0,0
0,0,0,0,0,0,0,0,0,0,0,4.69489908218384,0,0,0,0,0,0,0,0,0,0,0,0,0,0,0,801.297378927469,0,0,0,0,0,0,0,0,0,387.384362459183,0,0,0,0,0,0,0,0,0,0,0,0,0,0,0,0,0,0,0,188.800764739513,0,0,0,0,0,0,0,0,0,0,0,0,86.3460832238197,0,864.31793409586,0,0,0,0,0,0,0,7.62113642692566,0,5.80905723571777,0,0,0,0
0,0,0,0,0,0,0,0,0,0,15.005847454071,0,0,0,0,0,0,0,0,0,0,0,0,0,0,0,0,0,357.212520301342,0,0,0,0,0,0,0,0,0,52.1517195701599,0,0,0,0,0,0,0,0,0,0,0,0,0,0,0,0,0,0.316250503063202,0,0,0,0,0,0,0.526961535215378,0,0,0,0,0,0,0,372.413723289967,0,6.81625527143478,0,0,0,0,0,0,0,0,28.6560771465302,0,0,0,0
0,0,0,0,0,0,0,0,0,0,0,0,0,0,0,0,0,0,0,0,0,0,0,0,0,0,0,0,0,0,0,0,3217.69693902135,98.8697177022696,153.844464540482,507.978472225368,16.4348496198654,0,0,0,0,0,0,0,0,0,0,2354.81417725235,0,0,0,0,0,0,0,0,0,0,0,0,0,0,0,0,0,0,0,0,0,0,0,0,0,0,401.327529683709,959.74388229847,95.0581854134798,74.6260199099779,178.59592204541,19.2274825572968,0,0,989.002517163754,0,0,0,0
0,0,0,0,0,0,0,0,0,0,0,0,0,0,0,0,0,0,0,0,0,0,0,0,0,0,0,0,0,0,0,3217.69693902135,0,228.075915053487,122.527795657516,16.9848842024803,944.921026647091,0,0,0,0,0,0,0,0,0,0,845.262528270483,0,0,0,0,0,0,0,0,0,0,0,0,0,0,0,0,0,0,0,0,0,0,0,0,0,0,402.259522944689,2365.41070812941,57.6872825473547,618.077784597874,0,250.648479640484,0,0,325.146984651685,0,0,0,0
0,0,0,0,0,0,0,0,0,0,0,0,0,0,0,0,0,0,0,0,0,0,0,0,0,0,0,0,0,0,0,98.8697177022696,228.075915053487,0,5424.02490451932,477.729900330305,0,80.5256784558296,0,0,0,0,0,0,0,0,0,4008.20358411968,8.10155338048935,0,0,0,0,0,0,0,0,0,0,0,0,0,0,0,0,0,0,0,0,0,0,0,0,0,26.7924080640078,120.62288877368,2564.22974430025,1533.38637621701,63.923666998744,0,96.7187333703041,0,1385.10667690635,9.36469161510468,0,0,0
0,0,0,0,0,0,0,0,0,0,0,0,0,0,0,0,0,0,0,0,0,0,0,0,0,0,0,0,0,0,0,153.844464540482,122.527795657516,5424.02490451932,0,0,1460.79339528084,321.811752319336,348.737205356359,0,0,0,0,0,0,0,0,3137.74507342279,135.382851034403,0,0,0,0,0,0,0,0,0,0,0,0,0,0,0,0,0,0,0,0,0,0,0,0,0,20.3329174220562,80.538272485137,1668.79585516453,3873.37699757516,8.02776974439621,79.2332440167665,2.96787929534912,287.166486382484,1411.28097507358,0,0.383444368839264,0,0
0,0,0,2.33942230790854,0,75.8740123063326,0,0,0,0.105806104838848,0,13.6538915634155,0,0,0,0,4.90498192608356,3.36795496940613,108.197418637574,1092.1962198019,0,0,0,0,0,0,0,0,0,0,0,507.978472225368,16.9848842024803,477.729900330305,0,0,1070.00251248479,641.54711586237,0,23.9827235713601,0,103.483600132167,1.54764690995216,15.8467819094658,0,67.0211286768317,0.304305255413055,1240.87106265128,32.839040145278,14.5634343922138,0,0,0,0,0,0,0,5.00211314111948,0,0,0,0,1407.05987930298,0,0,0,0,0,0,0,0,0,1.79525940865278,0,138.49640108645,0,419.853545866907,0,9979.47033150494,490.387055009604,1061.47277952731,0.922696232795715,762.219702459872,0.413234561681747,365.820355571806,16.7621238082647,0.34387019276619
2.91490225493908,0,3.42962153255939,0,22.2256878316402,0,0,0,0,0,102.122799038887,0,0,0,0,0,0.949241101741791,0.478705197572708,7.64947010576725,0,1890.3534605056,0,0,0,0,0,0,0,0,0,0,16.4348496198654,944.921026647091,0,1460.79339528084,1070.00251248479,0,0,954.111976072192,1.61890801787376,8.55040183663368,2.61638758331537,6.86594872921705,0,0.321947410702705,1.20591136813164,98.6716873794794,34.9319143295288,5.413608469069,0,19.4393252432346,0,0,0,0,0,191.448645442724,0.254133671522141,0,0,0,0,0.132573872804642,381.180760629475,0,0,0,0,0,0,0,0.817779734730721,0,0.526412822306156,3.52862930297852,106.297753408551,0.462597876787186,480.958021044731,38.5311195030808,9402.98648291826,0,2188.15897382051,1686.51145675778,514.041031822562,260.695215173066,0,1.18412700295448
0,5.49913835525513,0,0,0,0,0,0,0,114.702918082476,0,1167.93237280846,0,0,0,2.7859363257885,0,0,0,187.829965651035,0,498.905575424433,0,253.90581703186,0,1.98256599903107,0,34.9251664876938,0,387.384362459183,0,0,0,80.5256784558296,321.811752319336,641.54711586237,0,0,239.417327284813,0,0,2.64182674884796,7.43294495344162,0,0,29.1233376115561,0,3005.66034573317,3.06203931570053,109.19198563695,0,0,0,0,0,65.5822620689869,0,157.685597851872,0,0,0,0,351.229873731732,0,253.412000358105,0,700.185339003801,0,0,0,0,0,228.914764881134,0,0,0,254.662897109985,71.7675151228905,811.198490992188,0,10842.5583961904,0,1990.56590737402,700.263326197863,31.2551247179508,5.79113000631332,0
0.144409835338593,0,1.35394892096519,0,1.75691020488739,0,0,0,11.4792951345444,0,337.004425644875,0,0,0,0,0,1.63517117500305,0.600828111171722,2.55260327458382,0,543.124716803432,0,700.44681096077,0,285.053565233946,0,0.782693415880203,0,0,0,52.1517195701599,0,0,0,348.737205356359,0,954.111976072192,239.417327284813,0,0.221041083335876,1.58115443587303,0,100.965473860502,0,0,0,21.7621400654316,1808.02801910043,269.349800348282,0,0,0,0,0,9.23612278699875,0,62.3564919829369,0,0,0,0,0,0,193.57370762527,0,330.005331933498,0,879.882947742939,0,69.7943844795227,0,9.25748184323311,0,0.701158344745636,0,0,0,125.50672930479,0,264.36018846184,45.7448055744171,12344.5698409677,1932.86455669999,14.1719254255295,207.360900886357,0,4.81866475939751
1.19149832427502,2.01298813521862,0,25.7320947647095,0,43.6516442075372,0,0,0,3.9178554713726,0,0,0,0,0,0,87.9826503172517,69.4021867066622,1094.14533159882,0,0,0,0,0,0,0,0,0,0,0,0,0,0,0,0,23.9827235713601,1.61890801787376,0,0.221041083335876,0,4.73558028042316,2821.51890124381,49.2036239802837,11.4698798060417,0,1046.37488862872,12.6936838403344,231.116436690092,5.17418519407511,237.953329056501,0,0,0,0,0,0,0,8.41679930686951,0,0,0,0,13.685704305768,4.78384535014629,0,0,0,0,0,0,0.138900101184845,0,17.4663010835648,0.37462642788887,0,0,0,0,292.548272244632,21.7297659739852,127.53000523895,6.12606891989708,1023.9419394806,23.7015512660146,1198.04939380288,68.3848692923784,0.826120100915432
42.7516708225012,0,8.29057765007019,0.300789549946785,16.6812332868576,0,0,0,1.37341564893723,0,0,0,0,0,0,0,58.4977911934257,12.1867990791798,273.145980462432,0,2.30891551077366,0,0,0,0,0,0,0,0,0,0,0,0,0,0,0,8.55040183663368,0,1.58115443587303,4.73558028042316,0,5.8000086247921,1207.34006637335,0,19.2544385790825,7.53544735908508,440.436183877289,23.2413235008717,87.5592584758997,0.174442246556282,5.96251904964447,0,0,0,0,0,93.7677879333496,0,0.524829924106598,0,0.407354831695557,0,0,169.705257952213,0,0,0,0,0,0,0,2.78384581208229,0,5.59434787929058,0,6.84462705254555,0,0,0.191116213798523,552.15279545635,0,121.347508400679,248.478546783328,9.93574798107147,1260.41841287166,0,109.474825292826
0.749597191810608,347.453881666064,0,142.206522025168,0,49.3306189402938,0,0,0.161233067512512,59.4398670494556,0,0,0,0,0,0,64.4863604158163,73.2633769065142,1880.39276202768,0,0,0,0,7.48481011390686,0,0,0,0,0,0,0,0,0,0,0,103.483600132167,2.61638758331537,2.64182674884796,0,2821.51890124381,5.8000086247921,0,285.687979876995,12.5043379366398,0,390.036255069077,9.24071285128593,1.97504219412804,4.61833861470222,404.229757644236,0,0.620670199394226,0,0,0,0.56204229593277,0,247.514499686658,0,0,0,0,22.3788361102343,4.34818974137306,0,0,0,0,0.241238415241241,0,16.3835989832878,0,383.187325626612,0,0,0,0,0,1409.21478636563,21.0224979370832,457.491500914097,7.96310617029667,2055.14499142766,11.0150385648012,4712.67210103571,836.274405531585,2.8879958242178
258.642564117908,0.889263063669205,100.830369718373,2.84925580024719,14.9586421102285,3.29882325232029,0,0,181.312549710274,0.62878081202507,0,0,0,0,0,0,158.164859846234,28.3638424426317,978.153513759375,0,6.33702956140041,0,0,1.00938820838928,0,0,0,0,0,0,0,0,0,0,0,1.54764690995216,6.86594872921705,7.43294495344162,100.965473860502,49.2036239802837,1207.34006637335,285.687979876995,0,2.06949734687805,106.024289861321,23.3169586732984,710.273021176457,66.5589525401592,305.1033308357,0,4.04292134940624,0,0,0,2.61505572497845,0,1206.59978728741,0,0,0,0.272968024015427,0,0,370.699911959469,0,0,0,4.79418534040451,0,0.259737998247147,0,42.6879167258739,0.801212951540947,25.9252659231424,0,0,0,0,16.6629501581192,2475.88776697218,10.3665507286787,408.492748387158,1675.11676031351,22.2214279770851,6997.3447996825,3.5569796860218,1086.93774825335
0,0,0,0,0,0,0,0,0,0,0,0,0,0,0,0,1.81232213973999,3.76166027784348,91.5486167669296,0,0,0,0,0,0,0,0,0,0,0,0,0,0,0,0,15.8467819094658,0,0,0,11.4698798060417,0,12.5043379366398,2.06949734687805,0,0,15.3235383927822,1.81914043426514,0,0,0.572670936584473,0,0,0,0,0,0,0,3.97923675179482,0,0,0,0,0,0,0,0,0,0,0,0,0,0,29.7838075757027,0,0,0,0,0,153.89565743506,0.503182291984558,181.184449374676,0,9.28930923342705,1.20790100097656,297.882611520588,0,0
0,0,0,0,0,0,0,0,0,0,0,0,0,0,0,0,1.8098299652338,0.302905380725861,20.9062467217445,0,0,0,0,0,0,0,0,0,0,0,0,0,0,0,0,0,0.321947410702705,0,0,0,19.2544385790825,0,106.024289861321,0,0,0.399232119321823,5.5963042974472,0,0,0,0,0,0,0,0,0,0,0,0,0,0,0,0,6.67097482085228,0,0,0,0,0,0,0,0,0,0,0,0,0,0,0,31.9772819280624,0,5.58309991657734,13.6297432333231,1.44233638048172,116.701319530606,0,10.1415314674377
1.47093078494072,0.460599631071091,0.29875710606575,165.256321363151,0,328.24348834157,0,0,0,15.5419644489884,0,0,0,0,0,0,42.528952896595,28.535760357976,499.369457684457,8.46604645252228,0,0,0,0,0,0,0,0,0,0,0,0,0,0,0,67.0211286768317,1.20591136813164,29.1233376115561,0,1046.37488862872,7.53544735908508,390.036255069077,23.3169586732984,15.3235383927822,0.399232119321823,0,5.88415567576885,0.233796268701553,18.0772744268179,37.045023791492,0,0.639449551701546,0,0,0,0,1.28478908538818,32.7656913250685,0,0,0,0,1623.55176670849,3.89689166843891,0,0,0,0,0.174343779683113,0,0.425056308507919,0,122.610337011516,0,0,0,0,0,2799.42710309476,24.2452339977026,1027.94338276237,0.708477854728699,514.344844557345,6.04251021146774,4536.32007791847,10.2115311026573,2.11069452762604
94.1991887837648,0.156171277165413,9.26877212524414,0,6.51450064778328,0,0,0,0.898728847503662,0,0,0,0,0,0,0,104.247607260942,35.7988261282444,391.661812886596,0,17.1110859513283,0,0,0,0,0,0,0,0,0,0,0,0,0,0,0.304305255413055,98.6716873794794,0,21.7621400654316,12.6936838403344,440.436183877289,9.24071285128593,710.273021176457,1.81914043426514,5.5963042974472,5.88415567576885,0,2.825155377388,63.7849505394697,0.173622727394104,3.14931274950504,0,0,0,0.678233087062836,0,71.4817530661821,0,0,0,0,0,0.492304757237434,596.16139703989,0,0,0,0,0,0,0,3.05746725201607,0,31.4295697361231,0,0,0,0,7.16831777989864,2203.97431785613,1.16389653086662,679.925863146782,432.52432090044,21.0612008720636,1293.32933657616,0.149805456399918,25.7571868300438
60.7817457914352,3.02473393082619,0,1.77336743474007,0,0,0,0,0,0.603999376296997,0,0,0,0,0,0,0,0,0.435593783855438,0,0,6.84519648551941,0,2.98444676399231,0,0,0,0,0,0,0,2354.81417725235,845.262528270483,4008.20358411968,3137.74507342279,1240.87106265128,34.9319143295288,3005.66034573317,1808.02801910043,231.116436690092,23.2413235008717,1.97504219412804,66.5589525401592,0,0,0.233796268701553,2.825155377388,0,2163.89307381213,329.421203657985,0,0,0,0,0,0,10.8881297409534,0,0,0,0,0,0,2.30387306213379,4.20813596248627,0,2.44121259450912,0.3052918612957,0,0.537177428603172,0,0,0,0,1512.1453763321,3545.79713726044,497.797295838594,2325.02443553507,2046.61811324954,588.303480476141,474.466697454453,12.4155080914497,1498.22864472121,97.3314002454281,1272.23562836647,0,0
567.963982701302,0,73.9409028291702,1.49228106439114,8.56913274526596,5.13335461914539,0,0,18.4011637866497,0,0,0,0,0,0,0,0.56862860918045,0.682583078742027,9.49975620210171,0,0,0,148.659284293652,0,9.33893519639969,0,0,0,0,0,0,0,0,8.10155338048935,135.382851034403,32.839040145278,5.413608469069,3.06203931570053,269.349800348282,5.17418519407511,87.5592584758997,4.61833861470222,305.1033308357,0,0,18.0772744268179,63.7849505394697,2163.89307381213,0,3.55374357104301,2.47324365377426,0,0,0,37.840891957283,0,90.7964720726013,0,0,0,13.8467964828014,0,0,19.6991787403822,0,251.723860144615,0,46.3334299325943,0,17.1971428394318,0,9.680619597435,0,0.435316532850266,0,28.8484656512737,8.36157190799713,107.976612746716,9.23765626549721,1272.78167556971,0.355243161320686,385.432314656675,306.670915022492,1.94327110052109,557.839099764824,0,1.6182064563036
0.346237063407898,341.404879555106,0,101.541253104806,0,19.0798700377345,0,0,0,75.8481548726559,0,0,0,0,0,7.1498216688633,1.43353314697742,1.0738428235054,18.4570999369025,0,0,116.070471167564,0,9.40238043665886,0,0,0,0,0,0,0,0,0,0,0,14.5634343922138,0,109.19198563695,0,237.953329056501,0.174442246556282,404.229757644236,0,0.572670936584473,0,37.045023791492,0.173622727394104,329.421203657985,3.55374357104301,0,0,22.2607980072498,0,0,0,46.8428881168365,0,83.4620775952935,0,135.17405205965,0,101.445241034031,0.664612546563148,0.108100928366184,286.392065957189,0,8.50870075821877,0,168.405698984861,0,218.10488858819,0,1.56759317219257,0,1.99865579605103,0,11.8161691129208,0,66.775746896863,0,211.242986485362,0,115.903079845011,0,443.811011612415,6.49063409119844,0
22.4164004325867,0,242.41428360343,0,692.591885149479,0,40.2982440888882,0,155.20899450779,0,53.3477991521358,0,0,0,101.288338273764,0,0,0,0,0,267.655122876167,0,0,0,0,0,0,0,0,0,0,0,0,0,0,0,19.4393252432346,0,0,0,5.96251904964447,0,4.04292134940624,0,0,0,3.14931274950504,0,2.47324365377426,0,0,0,48.903101682663,0,44.670537173748,0,62.8845849484205,0,12.196988940239,0,293.010301172733,0,0,106.095994412899,0,0,0,0,0,0,0,0,0,0.295829176902771,0,0,0,0,0,48.9625122249126,0,1.71795070171356,262.623982354999,0,382.86392942071,0,0.278793036937714
0,0,0,11.0075819194317,0,283.070047155023,0,15.1031924188137,0,62.6969209611416,0,0,0,0,0,51.8072009086609,0,0,0,0,0,0,0,0,0,0,0,0,0,0,0,0,0,0,0,0,0,0,0,0,0,0.620670199394226,0,0,0,0.639449551701546,0,0,0,22.2607980072498,0,0,0,0.716688632965088,0,3.2775830924511,0,103.357150375843,0,109.372622340918,0,126.296065032482,0,0,0,0,0,0,0,0,0,0,0,0,0,0,0,0,0,0,0,0,12.7191637605429,0,7.51272624731064,0,0
0,0,0,0,10.0282890796661,0,279.164670199156,0,0,0,4.03265386819839,0,0,0,0,0,0,0,0,0,14.6070993542671,0,0,0,0,0,0,0,0,0,0,0,0,0,0,0,0,0,0,0,0,0,0,0,0,0,0,0,0,0,48.903101682663,0,0,0,0,0,0,0,0,0,0,0,0,0,0,0,0,0,0,0,0,0,0,0,0,0,0,0,0,0,0,0,17.0323523879051,0,5.91797876358032,0,0
0,0,0,0,0,0,0,202.431231737137,0,0,0,0,0,0,0,0,0,0,0,0,0,0,0,0,0,0,0,0,0,0,0,0,0,0,0,0,0,0,0,0,0,0,0,0,0,0,0,0,0,0,0,0.716688632965088,0,0,0,0,0,0,0,0,0,0,0,0,0,0,0,0,0,0,0,0,0,0,0,0,0,0,0,0,0,0,84.5178572535515,0,0,0,0
629.830971449614,0,396.948356628418,0,325.337773472071,0,0,0,3138.20547023416,0,0,0,0,0,119.221882611513,0,11.9265797138214,0,0,0,0,0,0,0,297.656573727727,0,1.43096800148487,0,0,0,0,0,0,0,0,0,0,0,9.23612278699875,0,0,0,2.61505572497845,0,0,0,0.678233087062836,0,37.840891957283,0,44.670537173748,0,0,0,0,0,5.45101600885391,0,1.93054491281509,0,473.953023940325,0,0,2.50665152072906,0,0,0,356.30822686851,0,99.200344696641,0,0,0,1.91030192375183,0,0,0,0,0,0,0,70.8397080600262,29.951780796051,0,168.170925140381,0,0
0,443.731876432896,0,150.605016887188,0,36.2209869921207,0,0,0,1086.35496550798,0,0,0,0,0,14.0386835932732,0,3.10560834407806,0,0,0,0.58709380030632,0,56.1999450773001,0,1.44902311265469,0,0,0,0,0,0,0,0,0,0,0,65.5822620689869,0,0,0,0.56204229593277,0,0,0,0,0,0,0,46.8428881168365,0,3.2775830924511,0,0,0,0,0,0.313826352357864,0,0,0,229.282526433468,0,0,0,0,817.063260480762,0,3.00676491856575,0,0,0,0,0,0,0,0,0,0,0,97.2877875119448,0,43.9785866737366,0,94.251185297966,0.41117200255394,0
34.8655649721622,0,95.0107508897781,0,127.598055526614,0,0,0,16.7286471426487,0,2433.76025447249,0,0,0,0,0,1.87205977737904,0.295561969280243,11.6304262578487,0,1887.95445033163,0,0,0,0,0,0,0,0,0,0.316250503063202,0,0,0,0,0,191.448645442724,0,62.3564919829369,0,93.7677879333496,0,1206.59978728741,0,0,1.28478908538818,71.4817530661821,10.8881297409534,90.7964720726013,0,62.8845849484205,0,0,0,5.45101600885391,0,0,0,3.20837128162384,0,16.0343614816666,0,0,1731.87395722419,0,0,0,0,0,0,0,122.935872510076,0,164.698196798563,0,0,0,0,0,89.8849574401975,0,10.1226991266012,242.402693122625,1.00296917557716,1951.79635667056,0,191.386115342379
0,6.09652104973793,0,8.75863127410412,0,3.42619729042053,0,0,0,0,0,984.892173349857,0,0,0,0.608406066894531,0.616450190544128,0,22.1166896522045,0,0,0,0,0,0,0,0,0,0,188.800764739513,0,0,0,0,0,5.00211314111948,0.254133671522141,157.685597851872,0,8.41679930686951,0,247.514499686658,0,3.97923675179482,0,32.7656913250685,0,0,0,83.4620775952935,0,103.357150375843,0,0,0,0.313826352357864,0,0,0,150.50971955061,0,13.1197943389416,302.785833775997,0,0,0,0,0,3.7902744114399,0,163.969677776098,0,643.370104178786,0,0,0,0,0,4.33292733132839,0,108.601232290268,0,31.4149364680052,0,1066.90107598901,53.988907545805,0
0,0,13.4795933365822,0,3.0003559589386,0,0,0,2.1807222366333,0,0,0,159.902602791786,0,282.902927994728,0,0,0,0,0,0,0,0,0,0,0,0,0,0,0,0,0,0,0,0,0,0,0,0,0,0.524829924106598,0,0,0,0,0,0,0,0,0,12.196988940239,0,0,0,1.93054491281509,0,3.20837128162384,0,0,0,3.56164145469666,0,0,0,0,0,0,0,0,21.4930449724197,0,0,0,0,0,0,0,0,0,0,0,0,61.170897513628,2.06269860267639,17.6352199018002,0,0
0,2.62900885939598,0,27.4990925192833,0,7.38475799560547,0,1,0,0,0,23.7533075809479,0,629.795222371817,0,116.550401091576,0,0,0,0,0,0,0,0,0,36.1925283968449,0,147.710346311331,0,0,0,0,0,0,0,0,0,0,0,0,0,0,0,0,0,0,0,0,0,135.17405205965,0,109.372622340918,0,0,0,0,0,150.50971955061,0,0,0,134.701585501432,0.263507425785065,0,0,0,0,0,488.173289865255,0,51.4253553450108,0,0,0,0,0,0,0,0,0,0,0,0,0,56.029202401638,0,0
165.276858717203,0,57.1679697334766,0,1.32487440109253,0,0,0,363.589892417192,0,0,0,32.8676716089249,0,820.918970674276,0,8.17427241802216,0,0,0,0,0,0,0,77.7012352198362,0,3.06307929754257,0,0,0,0,0,0,0,0,0,0,0,0,0,0.407354831695557,0,0.272968024015427,0,0,0,0,0,13.8467964828014,0,293.010301172733,0,0,0,473.953023940325,0,16.0343614816666,0,3.56164145469666,0,0,0,0,0.98412024974823,0,0,0,68.7431345880032,0,222.065202027559,0,0,0,0,0,0,0,0,0,0,0,0,26.0109733343124,0,102.132117182016,0,0
0,210.462869301438,0,5.20014521479607,0,0.311373054981232,0,0,0,37.6939578056335,0,0,0,47.1966413259506,0,218.648554414511,4.27169394493103,269.210768252611,0.532533228397369,0,0,0,0,1.18005993962288,0,0,0,0,0,0,0,0,0,0,0,0,0,0,0,0,0,0,0,0,0,0,0,0,0,101.445241034031,0,126.296065032482,0,0,0,229.282526433468,0,13.1197943389416,0,134.701585501432,0,0,0,0,0,0,33.6917659938335,0,129.538248360157,0,2.03350257873535,0,0,0,0,0,0,0,0,0,0,0,73.1456559449434,0,0,0,0
0,0,0,4.43679240345955,0,389.658309027553,0,0,0,0,0,509.253987818956,0,0,0,0,3.1209776699543,2.81721717119217,35.249799400568,3025.23149836063,0,0,0,0,0,0,0,0,0,0,0,0,0,0,0,1407.05987930298,0.132573872804642,351.229873731732,0,13.685704305768,0,22.3788361102343,0,0,0,1623.55176670849,0.492304757237434,0,0,0.664612546563148,0,0,0,0,0,0,0,302.785833775997,0,0.263507425785065,0,0,0,0.377066403627396,0,0,0,0,0,0,1.44060665369034,0,308.22457036376,0,0,0,0,0,1269.80612489581,0.391679048538208,512.266346767545,0.975561738014221,1240.51602092385,17.3522582650185,1126.74749498069,2.77993592619896,0
52.1567581295967,0,13.8904100954533,0.577507972717285,96.4415473490953,0,0,0,2.33824849128723,0,4.87734858691692,0,0,0,0,0,44.7260243445635,24.1760058999062,239.0448320508,0,1925.19600833207,0,0,0,0,0,0,0,0,0,0.526961535215378,0,0,0,0,0,381.180760629475,0,193.57370762527,4.78384535014629,169.705257952213,4.34818974137306,370.699911959469,0,6.67097482085228,3.89689166843891,596.16139703989,2.30387306213379,19.6991787403822,0.108100928366184,106.095994412899,0,0,0,2.50665152072906,0,1731.87395722419,0,0,0,0.98412024974823,0,0.377066403627396,0,0,0,0,0,0,0,0,84.6579254716635,0,335.034403644502,0,0,0,0,5.13014712929726,1808.69233563542,3.01022119820118,769.416524454951,326.030149616301,22.6457040160894,1072.36153545231,2.41235321760178,33.3864892274141
0,0,0,0,0,0,0,0,0,0.204211920499802,0,0,0,0,0,0,0,0.915760666131973,0,0,0,6349.34994237125,1,481.552870050073,0,227.586224764585,0,24.9421291649342,0,0,0,0,0,0,0,0,0,253.412000358105,0,0,0,0,0,0,0,0,0,4.20813596248627,0,286.392065957189,0,0,0,0,0,0,0,0,0,0,0,0,0,0,0,0,766.695297211409,0,270.644701659679,0,745.718822747469,0,0,0,0,0,0,0,0,0,356.19732862711,0,337.476569384336,0,0,0,0
0,0,0,0,0,0,0,0,0,0,0,0,0,0,0,0,1.47238305211067,0,0,0,0,100.365297913551,4053.04060159624,0,227.143037050962,0,0,0,0,0,0,0,0,0,0,0,0,0,330.005331933498,0,0,0,0,0,0,0,0,0,251.723860144615,0,0,0,0,0,0,0,0,0,0,0,0,0,0,0,0,0,0,337.554945528507,0,16.6947920024395,0,3.99945378303528,0,0,0,0,0,0,0,0,0,264.205492660403,458.429217398167,8.27056360244751,6.72919538617134,0,0
0,57.5561994016171,0,0,0,0,0,0,0,277.506992578506,0,0,0,0,0,16.3175126165152,0,8.75909548997879,0,0,0,796.654136925936,0,2247.51558700204,0,52.6843247711658,0,0,0,0,0,0,0,0,0,0,0,700.185339003801,0,0,0,0,0,0,0,0,0,2.44121259450912,0,8.50870075821877,0,0,0,0,0,817.063260480762,0,0,0,0,0,33.6917659938335,0,0,766.695297211409,0,0,0,266.721548825502,0,51.7385879456997,0,0,0,0,0,0,0,0,0,1363.17160508037,0,475.075038149953,0,19.8879023194313,0,0
16.0144181847572,0,0,0,0,0,0,0,137.179808139801,0,0,0,0,0,0.671089380979538,0,0,0,0,0,0,0,116.735595062375,0,743.66488301754,0,5.9196819961071,0,0,0,0,0,0,0,0,0,0,0,879.882947742939,0,0,0,4.79418534040451,0,0,0,0,0.3052918612957,46.3334299325943,0,0,0,0,0,356.30822686851,0,0,0,0,0,68.7431345880032,0,0,0,0,337.554945528507,0,0,0,189.672521442175,0,0,0,0,0,0,0,0,0,0,0,546.13532102108,217.643161833286,0,359.326584458351,0,0
0,3.71168226003647,0,0,0,0,0,0,0,2.07756997644901,0,0,0,6.16975113749504,0,1.84091681241989,0,113.598569273949,0,0,0,230.288275957108,0,283.209063738585,0,1363.07948929071,0,282.425298541784,0,0,0,0,0,0,0,0,0,0,0,0,0,0.241238415241241,0,0,0,0.174343779683113,0,0,0,168.405698984861,0,0,0,0,0,3.00676491856575,0,3.7902744114399,0,488.173289865255,0,129.538248360157,0,0,270.644701659679,0,266.721548825502,0,0,0,975.685111761093,0,0,0,0,0,0,0,0,0,2.39718541502953,0,100.020405471325,0,41.6301796734333,0,0
1.45923271775246,0,0,0,0,0,0,0,224.837379544973,0,0,0,0,0,187.226731687784,0,196.87768304348,0,0,0,0,0,1.3346973657608,0,837.966453149915,0,1001.94916580617,0,92.4717681407928,0,0,0,0,0,0,0,0,0,69.7943844795227,0,0,0,0.259737998247147,0,0,0,0,0.537177428603172,17.1971428394318,0,0,0,0,0,99.200344696641,0,0,0,21.4930449724197,0,222.065202027559,0,0,0,0,16.6947920024395,0,189.672521442175,0,0,0,77.4745003581047,0,0,0,0,0,0,0,0,0,6.82587534189224,4.86476999521255,0,40.6144292205572,0,0
0,1.6834751367569,0,0,0,0,0,0,0,0,0,47.3362538814545,0,13.2471969127655,0,0,0.296450525522232,0,0.553846314549446,0,0,294.206031188369,0,4.23015883564949,0,63.7027312815189,0,704.557435825467,0,86.3460832238197,0,0,0,0,0,0,0,0,0,0.138900101184845,0,16.3835989832878,0,0,0,0.425056308507919,0,0,0,218.10488858819,0,0,0,0,0,0,0,163.969677776098,0,51.4253553450108,0,2.03350257873535,1.44060665369034,0,745.718822747469,0,51.7385879456997,0,975.685111761093,0,0,0,0,0,0,0,0,0,0.243394330143929,0,7,0,2.71792440116405,0,547.497820004821,2.44416385889053,0
1.09127695858479,0,4.40028165280819,0,0.866580426692963,0,0,0,0,0,1,0,0,0,0,0,0.171349510550499,0,0.820848673582077,0,1.49505920708179,0,3.34175252914429,0,0,0,0,0,1092.38137710094,0,372.413723289967,0,0,0,0,0,0.817779734730721,0,9.25748184323311,0,2.78384581208229,0,42.6879167258739,0,0,0,3.05746725201607,0,9.680619597435,0,0,0,0,0,0,0,122.935872510076,0,0,0,0,0,0,84.6579254716635,0,3.99945378303528,0,0,0,77.4745003581047,0,0,0,15.127437710762,0,0,0,0,0,5.92702648043633,0,24.7290341854095,10.4882857352495,0,124.418887123466,0,12.2853235006332
0,0,0,39.3745524287224,0,25.8005825579166,0,0,0,2.61182776093483,0,20.7396874427795,0,0,0,0,1.78020092844963,2.89919406175613,153.482507742941,0,0,0,0,0,0,0,0,4.85311985015869,0,864.31793409586,0,0,0,0,0,1.79525940865278,0,228.914764881134,0,17.4663010835648,0,383.187325626612,0.801212951540947,29.7838075757027,0,122.610337011516,0,0,0,1.56759317219257,0,0,0,0,0,0,0,643.370104178786,0,0,0,0,308.22457036376,0,0,0,0,0,0,0,0,0,0,0,0,0,0,0,24.0202478170395,0.647918581962585,120.844471335411,0,132.590597823262,0,1215.22191667557,118.358099758625,0
0.605120733380318,0,14.5540651828051,0,4.25679574906826,0,0,0,2.11188527941704,0,3.11595585942268,0,0,0,0,0,1.97982400655746,0,14.0383084416389,0,62.881256967783,0,0,0,0,0,0,0,0,0,6.81625527143478,0,0,0,0,0,0.526412822306156,0,0.701158344745636,0.37462642788887,5.59434787929058,0,25.9252659231424,0,0,0,31.4295697361231,0,0.435316532850266,0,0.295829176902771,0,0,0,1.91030192375183,0,164.698196798563,0,0,0,0,0,0,335.034403644502,0,0,0,0,0,0,0,15.127437710762,0,0,0,0,0,0,0,46.5105329826474,0,480.603904187679,45.8265928924084,0.737191870808601,292.695925816894,0,15.5447863936424
0,0,0,0,0,0,0,0,0,0,0,0,0,0,0,0,0,0,0,0,0,0,0,0,0,0,0,0,0,0,0,401.327529683709,402.259522944689,26.7924080640078,20.3329174220562,138.49640108645,3.52862930297852,0,0,0,0,0,0,0,0,0,0,1512.1453763321,0,1.99865579605103,0,0,0,0,0,0,0,0,0,0,0,0,0,0,0,0,0,0,0,0,0,0,0,0,0,210.456904232502,161.521300554276,6.9614098072052,477.306891277432,0.40977880358696,0,0,358.635559767485,0,0,0,0
0,0,0,0,0,0,0,0,0,0,0,0,0,0,0,0,0,0,0,0,0,0,0,0,0,0,0,0,0,0,0,959.74388229847,2365.41070812941,120.62288877368,80.538272485137,0,106.297753408551,0,0,0,6.84462705254555,0,0,0,0,0,0,3545.79713726044,28.8484656512737,0,0,0,0,0,0,0,0,0,0,0,0,0,0,0,0,0,0,0,0,0,0,0,0,0,210.456904232502,0,31.7613332271576,201.12459641695,0,666.469766721129,0,0,88.2869060486555,0,0,0,0
0,0,0,0,0,0,0,0,0,0,0,0,0,0,0,0,0,0,0,0,0,0,0,0,0,0,0,0,0,0,0,95.0581854134798,57.6872825473547,2564.22974430025,1668.79585516453,419.853545866907,0.462597876787186,254.662897109985,0,0,0,0,0,0,0,0,0,497.797295838594,8.36157190799713,11.8161691129208,0,0,0,0,0,0,0,0,0,0,0,0,0,0,0,0,0,0,0,0,0,0,0,0,161.521300554276,31.7613332271576,0,173.543756857514,24.6920465230942,0,76.4112567305565,0,374.757704555988,0.532411217689514,0,0,0
