0,0,0.127036654160303,0,0.145537704229355,0,0,0,0.145294644164043,0,0,0,0,0,0,0,0,0,0.246661692857742,0,0,0,0,0,0.191843875284706,0,0,0,0,0,0,0,0,0,0,0,0,0,0.239395454525948,0,0.310601572195689,0,0.284708432189309,0,0,0,0,0,0.207664187769501,0,0,0,0,0,0.179613767399816,0,0,0,0.165583241730928,0,0.171899475414177,0,0,0,0,0,0,0.206833276508459,0,0.198113148411115,0,0,0,0.359578356146812,0,0,0,0,0,0.370222568511963,0,0,0.164926674860733,0,0.240582571128489,0,0.237020989879966
0,0,0,0.151756739572567,0,0,0,0,0,0.172284466366876,0,0,0,0,0,0,0,0.332347393035889,0.364353746175766,0,0,0,0,0,0,0,0,0,0,0,0,0,0,0,0,0,0,0.189843369854821,0,0.247045186161995,0,0.299781783711945,0,0,0,0.302229652802149,0,0.272818017130097,0,0.198560305032248,0,0,0,0,0,0.198559755736437,0,0.215693637728691,0,0.185495786702455,0,0.179092193313409,0.248592421412468,0,0,0,0,0,0,0,0,0,0.285332014163335,0,0,0,0,0,0.354156416759156,0,0.411418175697327,0,0.213185107543856,0,0.231191214675423,0.345513892173767,0
0.127036654160303,0,0,0,0.146330515099796,0,0,0,0.114440863519102,0,0,0,0,0,0,0,0,0,0.234246986252921,0,0,0,0,0,0,0,0,0,0,0,0,0,0,0,0,0,0.224100396037102,0,0,0,0.224052329030302,0,0.236121256718572,0,0,0.220855638384819,0.209214307367802,0.225536318761962,0.175232160952874,0.263865262269974,0.202105575419487,0,0,0,0.155288090192994,0,0.202570202611387,0,0.161336947232485,0,0.147831790149212,0,0,0.227689711885019,0,0,0,0,0,0,0,0,0,0,0,0,0,0,0.29504007101059,0.254218859447015,0,0.295210740395955,0.204199664008159,0,0.195340784849709,0,0.241701620675269
0,0.151756739572567,0,0,0,0,0,0,0,0.142764896154404,0,0,0,0,0,0,0,0,0.242233633995056,0.160743914544582,0,0,0,0,0,0,0,0,0,0,0,0,0,0,0,0,0,0,0,0.219097688794136,0.270036101341248,0.234717992849128,0,0,0,0.223500319609517,0,0,0,0.156730314598808,0,0,0,0,0,0.154536681679579,0,0.238514353831609,0,0.202761208540515,0,0.170616773622377,0.223829455673695,0,0,0,0,0,0,0,0.248617847760518,0,0.280754118509915,0,0,0,0,0,0.239894876256585,0,0.299005505111482,0,0.212754822980899,0,0.207237374130173,0.233362518250942,0
0.145537704229355,0,0.146330515099796,0,0,0,0,0,0.156702894669999,0,0,0,0.154039329886436,0,0.151622404147239,0,0,0,0,0,0.159340053950213,0,0,0,0,0,0,0,0,0,0,0,0,0,0,0,0,0,0,0,0,0,0.228195041418076,0,0,0,0,0.186937227845192,0.185888484120369,0,0.156887621040175,0,0,0,0,0,0.218244016170502,0,0.152258449431622,0,0.160213997560567,0,0,0.170367267355323,0,0,0,0,0,0,0,0,0,0,0,0,0,0,0,0,0,0,0.142305775941489,0,0.189021365062611,0,0
0,0,0,0,0,0,0,0.133513194508851,0,0,0,0.128154516220093,0,0,0,0,0,0,0,0,0,0,0,0,0,0,0,0,0,0,0,0,0,0,0,0,0,0,0,0,0,0,0,0,0,0,0,0,0,0,0,0.160279612988234,0,0.154556611180305,0,0,0,0.202532394064797,0,0,0,0,0,0,0,0,0,0,0,0,0,0,0,0,0,0,0,0,0,0,0,0,0.127673353254795,0,0.173412644863129,0,0
0,0,0,0,0,0,0,0,0,0,0.167961340397596,0,0.136606132653024,0,0,0,0,0,0,0,0,0,0,0,0,0,0,0,0,0,0,0,0,0,0,0,0,0,0,0,0,0,0,0,0,0,0,0,0,0,0,0,0.171951046325266,0,0,0,0.180919876211398,0,0.173343841359019,0,0,0,0,0,0,0,0,0,0,0,0,0,0,0,0,0,0,0,0,0,0,0,0.166108756380923,0.179656724135081,0,0,0
0,0,0,0,0,0.133513194508851,0,0,0,0,0,0,0,0,0,0,0,0,0,0,0,0,0,0,0,0,0,0,0,0,0,0,0,0,0,0,0,0,0,0,0,0,0,0,0,0,0,0,0,0,0,0,0,0.17761262678183,0,0,0,0.173504344962381,0,0,0,0,0,0,0,0,0,0,0,0,0,0,0,0,0,0,0,0,0,0,0,0,0.147337326904138,0,0,0,0
0.145294644164043,0,0.114440863519102,0,0.156702894669999,0,0,0,0,0,0,0,0.136820700764656,0,0.180081546034974,0,0.126952208578587,0,0,0,0,0,0,0,0.209173362363469,0,0.192284891191794,0,0,0,0,0,0,0,0,0,0,0,0.158582000765536,0,0.204607635736465,0,0.227430539471763,0,0,0,0,0,0.144798320437235,0,0.158557986219724,0,0,0,0.220135117987752,0,0.141488242894411,0,0,0,0.193763705236571,0,0,0,0,0,0,0.245455789969478,0,0.196378866884303,0,0,0,0,0,0,0,0,0,0.222102299332619,0,0.258784491050092,0.147306637774254,0.123922366648912,0.157480778405842,0,0.209394101053476
0,0.172284466366876,0,0.142764896154404,0,0,0,0,0,0,0,0,0,0,0,0.153619774602927,0,0,0,0,0,0.124708071351051,0,0.2403765179609,0,0.165437906980515,0,0,0,0,0,0,0,0,0,0,0,0.255682012935479,0,0,0,0.165901958942413,0,0,0,0,0,0.285286605358124,0,0.169687048428588,0,0,0,0,0,0.206081830447279,0,0,0,0,0,0.151280368674561,0,0,0,0,0.214820297419006,0,0.158760841935873,0,0,0,0,0,0,0,0,0,0,0,0.286669867688959,0,0.147054844129716,0,0.248749315366149,0,0
0,0,0,0,0,0,0.167961340397596,0,0,0,0,0,0.173118298743353,0,0,0,0,0,0,0,0.142254165876092,0,0,0,0,0,0,0,0.181846524805439,0,0.152864379576549,0,0,0,0,0,0.125843516053402,0,0.147533463960017,0,0,0,0,0,0,0,0,0,0,0,0,0,0,0,0,0,0.157532851263435,0,0.170045857667836,0,0,0,0,0.147943964991413,0,0,0,0,0,0,0,0.177689064708021,0,0.163028350930948,0,0,0,0,0,0.148749297701987,0,0.153284581378102,0.142729461733663,0.121110402047634,0,0,0
0,0,0,0,0,0.128154516220093,0,0,0,0,0,0,0,0.183635720043583,0,0,0,0,0,0.155258490867151,0,0,0,0,0,0,0,0,0,0.146914281524145,0,0,0,0,0,0.135487355979589,0,0.168193206260371,0,0,0,0,0,0,0,0,0,0,0,0,0,0.15400904417038,0,0,0,0,0,0.172778466719741,0,0.190752148206198,0,0,0.148733646016229,0,0,0,0,0,0,0,0,0,0.176706364750862,0,0,0,0,0,0.137853087409388,0,0.171909326387237,0,0.1582358193529,0,0.147421306371689,0,0
0,0,0,0,0.154039329886436,0,0.136606132653024,0,0.136820700764656,0,0.173118298743353,0,0,0,0.133750909939408,0,0,0,0,0,0,0,0,0,0,0,0.102242391556501,0,0.192219197750092,0,0,0,0,0,0,0,0,0,0,0,0,0,0,0,0,0,0,0,0,0,0.150711684542544,0,0,0,0.130332440137863,0,0.156233243205968,0,0.163414493820282,0,0.153967145830393,0,0,0,0,0,0,0,0,0,0,0,0,0,0,0,0,0,0,0,0,0,0.153355869737338,0.164863920605286,0,0,0
0,0,0,0,0,0,0,0,0,0,0,0.183635720043583,0,0,0,0.167778084462043,0,0,0,0,0,0,0,0,0,0.152863893906275,0,0.199369033888995,0,0,0,0,0,0,0,0,0,0,0,0,0,0,0,0,0,0,0,0,0,0,0,0,0,0,0,0,0,0.19800076532093,0,0.181349340905448,0,0.166801015428011,0,0,0,0,0,0,0.156738236546516,0,0.201325226575136,0,0,0,0,0,0,0,0,0,0,0,0.174213367232418,0.180782991635092,0,0,0
0,0,0,0,0.151622404147239,0,0,0,0.180081546034974,0,0,0,0.133750909939408,0,0,0,0.180166174258505,0,0,0,0,0,0,0,0.214341700077057,0,0.174466267228127,0,0,0,0,0,0,0,0,0,0,0,0,0,0,0,0,0,0,0,0,0,0,0,0.155533774916468,0,0,0,0.141883981015001,0,0,0,0.142925486678169,0,0.145608267223341,0,0,0,0,0,0,0,0,0.162317877014478,0,0,0,0,0,0,0,0,0,0,0,0,0.139136320330958,0,0,0,0
0,0,0,0,0,0,0,0,0,0.153619774602927,0,0,0,0.167778084462043,0,0,0,0,0,0,0,0,0,0.155238302690642,0,0.139378002948231,0,0,0,0,0,0,0,0,0,0,0,0,0,0,0,0,0,0,0,0,0,0,0,0,0,0,0,0,0,0.171479493876298,0,0,0,0.173277103217544,0,0.165360838576649,0,0,0,0,0,0,0.130899882316589,0,0,0,0,0,0,0,0,0,0,0,0,0,0.153808027097624,0.166150573641062,0,0,0
0,0,0,0,0,0,0,0,0.126952208578587,0,0,0,0,0,0.180166174258505,0,0,0.165620716633568,0.282475145260757,0,0,0,0,0,0.162779451319666,0,0.130542879505306,0,0,0,0,0,0,0,0,0,0,0,0,0.271559708258685,0.274880486136337,0.234633093204679,0.246176476234739,0.250829920172691,0.261714726686478,0.261213014523188,0.266160815954208,0,0,0.241204991936684,0,0,0,0,0,0,0.264333948493004,0.280095959703128,0,0,0.180964931845665,0,0.296969732642174,0.307997925316586,0,0,0,0.150564208626747,0,0.140987365002985,0,0,0.302362542260777,0,0,0,0,0,0.297981603665555,0.300041355363285,0.2985648497635,0.337246716022491,0.168230652112993,0,0.287527907781209,0.237478052576383,0.253629709665592
0,0.332347393035889,0,0,0,0,0,0,0,0,0,0,0,0,0,0,0.165620716633568,0,0.284650231710118,0,0,0.122655179351568,0,0.190469294786453,0,0.159754864871502,0.153936592432169,0,0,0,0,0,0,0,0,0,0,0,0,0.256960850208998,0.276139945546283,0.247919273003936,0.244705333416142,0.250324661915119,0,0.283921350381876,0.28223432240815,0,0.245875895023346,0.230071693658829,0,0,0,0,0,0,0.238283589482307,0.315792826784624,0,0,0,0,0.293371590701017,0.307074518998464,0,0,0,0,0.1385583622115,0.185272360841433,0.277582099040349,0,0.316075952906235,0,0,0,0,0,0.310339622890077,0.298306968430398,0.312299424906572,0.274811387062073,0.165068593328787,0.13136700610543,0.295359114569719,0.250417553385099,0.246194231510162
0.246661692857742,0.364353746175766,0.234246986252921,0.242233633995056,0,0,0,0,0,0,0,0,0,0,0,0,0.282475145260757,0.284650231710118,0,0,0,0,0,0,0,0,0.170693635940552,0,0,0,0,0,0,0,0,0.291819050908089,0,0,0,0.280414989535069,0.292714619704318,0.219753858688529,0.223065904489746,0.206115335496989,0.313013407588005,0.329421475334459,0.283138233254994,0.202851191163063,0.216248168547948,0.214319545598257,0,0,0,0,0,0,0.256241167585055,0.331308704857924,0,0.284020086129506,0,0,0.31181042263141,0.325919587591853,0,0,0,0,0,0.239947045842806,0,0,0.329944310879165,0,0,0,0,0,0.34986609533449,0.317253932767335,0.341885327282263,0.337908883507435,0.231165932086599,0,0.310767265854449,0.257179244877176,0.225636461768487
0,0,0,0.160743914544582,0,0,0,0,0,0,0,0.155258490867151,0,0,0,0,0,0,0,0,0,0,0,0,0,0,0,0,0,0,0,0,0,0,0,0.16616298523934,0,0.167233129375599,0,0,0,0,0,0,0,0,0,0,0,0,0,0.234220147132874,0,0,0,0,0,0.208577885228486,0,0.303131178021431,0,0,0.175952421133495,0,0,0,0,0,0,0,0,0,0.134707890450954,0,0,0,0,0,0.184644339632649,0,0.173532957907851,0,0.139223920181394,0,0.236184901352656,0,0
0,0,0,0,0.159340053950213,0,0,0,0,0,0.142254165876092,0,0,0,0,0,0,0,0,0,0,0,0,0,0,0,0,0,0,0,0,0,0,0,0,0,0.155969255264024,0,0.151088155157143,0,0,0,0,0,0,0,0,0,0,0,0,0,0,0,0,0,0.131553097887652,0,0,0,0,0,0,0.171976961342781,0,0,0,0,0,0,0,0,0,0.131447270512581,0,0,0,0,0,0.156305149859603,0,0.149160291478038,0.135709646459856,0.118487495929003,0.140894048288465,0,0
0,0,0,0,0,0,0,0,0,0.124708071351051,0,0,0,0,0,0,0,0.122655179351568,0,0,0,0,0.097985411436271,0.131687966037969,0,0.191326846633482,0,0.178640291699465,0,0,0,0,0,0.13785767108202,0,0,0,0.202773712913732,0,0,0,0,0,0,0,0,0,0,0,0.360592151465623,0,0,0,0,0,0.151449680328369,0,0,0,0,0,0,0,0,0.151011340177681,0.102410342708324,0.144105217242536,0,0.192729387511598,0,0.170837624680475,0,0,0,0,0,0,0,0,0,0.214911360477172,0,0.113944293005172,0.122033420007631,0,0,0
0,0,0,0,0,0,0,0,0,0,0,0,0,0,0,0,0,0,0,0,0,0.097985411436271,0,0,0.134677938793797,0,0,0,0.152134933439242,0,0,0,0,0,0,0,0,0,0.187140311794413,0,0,0,0,0,0,0,0,0,0.259041181993934,0,0,0,0,0,0,0,0,0,0,0,0,0,0,0,0.10404538371637,0.176328260180625,0,0.153669835627079,0,0,0,0.142350594584758,0,0,0,0,0,0,0,0,0,0.172857707251662,0.121683455314709,0.123908125795424,0,0,0
0,0,0,0,0,0,0,0,0,0.2403765179609,0,0,0,0,0,0.155238302690642,0,0.190469294786453,0,0,0,0.131687966037969,0,0,0,0.202232384840951,0,0,0,0,0,0,0,0.150725971907377,0,0,0,0.164262506841831,0.184068143367767,0,0,0,0,0,0,0,0,0,0,0,0,0,0,0,0,0.205855267249966,0,0,0,0,0,0.169348685691754,0,0,0.150204054589541,0,0.16269928676749,0,0.197766683058929,0,0,0,0,0,0,0,0,0,0,0,0.197904836813002,0.148628190159798,0.146134979424514,0.130575966089964,0.365106247365475,0,0
0.191843875284706,0,0,0,0,0,0,0,0.209173362363469,0,0,0,0,0,0.214341700077057,0,0.162779451319666,0,0,0,0,0,0.134677938793797,0,0,0,0.194383977539837,0,0,0,0,0,0,0,0,0,0,0,0.158456643887239,0,0,0,0,0,0,0,0,0,0.163114826877912,0,0,0,0,0,0.233217435321589,0,0,0,0,0,0.186819538474083,0,0,0,0,0.161715754356823,0,0.182446199700014,0,0.182816681469449,0,0,0,0,0,0,0,0,0,0,0,0.201851241846583,0.144618458428436,0,0.204525426030159,0,0
0,0,0,0,0,0,0,0,0,0.165437906980515,0,0,0,0.152863893906275,0,0.139378002948231,0,0.159754864871502,0,0,0,0.191326846633482,0,0.202232384840951,0,0,0,0.181099865886964,0,0,0,0,0,0,0,0,0,0,0,0,0,0,0,0,0,0,0,0,0,0,0,0,0,0,0,0,0,0,0,0.136638551950455,0,0.173736790441117,0,0,0,0,0.185152220050084,0,0.176934810311306,0,0.191898650290178,0,0,0,0,0,0,0,0,0,0,0,0.164805371027726,0,0,0,0
0,0,0,0,0,0,0,0,0.192284891191794,0,0,0,0.102242391556501,0,0.174466267228127,0,0.130542879505306,0.153936592432169,0.170693635940552,0,0,0,0,0,0.194383977539837,0,0,0,0.157448346866707,0,0,0,0,0,0,0,0,0,0,0,0,0,0,0,0,0,0,0,0,0,0,0,0,0,0.202549107372761,0,0,0,0,0,0,0,0,0,0,0,0,0.189858570694923,0,0.182100046728108,0,0.179762513591693,0,0,0,0,0,0,0,0,0,0,0.158578810783533,0,0,0,0
0,0,0,0,0,0,0,0,0,0,0,0,0,0.199369033888995,0,0,0,0,0,0,0,0.178640291699465,0,0,0,0.181099865886964,0,0,0,0.186634460319511,0,0,0,0,0,0,0,0.166713523126093,0,0,0,0,0,0,0,0,0,0,0,0,0,0,0,0,0,0,0,0,0,0.21327975905743,0,0,0,0,0.180912809303174,0,0,0,0.164070402937276,0,0.176313781835058,0,0.166704870304283,0,0,0,0,0,0,0,0.168517171481141,0,0.174553254417136,0.163372303453921,0,0,0
0,0,0,0,0,0,0,0,0,0,0.181846524805439,0,0.192219197750092,0,0,0,0,0,0,0,0,0,0.152134933439242,0,0,0,0.157448346866707,0,0,0,0.16450199621533,0,0,0,0,0,0,0,0.165274874829664,0,0,0,0,0,0,0,0,0,0,0,0,0,0,0,0,0,0.173377204195474,0,0.18522809073329,0,0,0,0,0,0,0.164520335814918,0,0,0,0.181246193391936,0,0.169028911431568,0,0.170221331444654,0,0,0,0,0,0,0,0.16101973375525,0.149858098539735,0.144257911934262,0,0,0
0,0,0,0,0,0,0,0,0,0,0,0.146914281524145,0,0,0,0,0,0,0,0,0,0,0,0,0,0,0,0.186634460319511,0,0,0,0,0,0,0,0,0,0.181036214607108,0,0,0,0,0,0,0,0,0,0,0,0,0,0,0,0,0,0,0,0.175310581922531,0,0,0,0,0,0,0,0,0,0,0,0,0.186772424469041,0,0.158194896686626,0,0,0,0,0,0,0,0.172627902890067,0,0.178791880847946,0,0,0,0
0,0,0,0,0,0,0,0,0,0,0.152864379576549,0,0,0,0,0,0,0,0,0,0,0,0,0,0,0,0,0,0.16450199621533,0,0,0,0,0,0,0,0,0,0.157304562500252,0,0,0,0,0,0,0,0,0,0,0,0,0,0,0,0,0,0.161160547445171,0,0,0,0,0,0,0,0,0,0,0,0,0,0,0.151083681303843,0,0.159803450973921,0,0,0,0,0,0,0,0.157528926703811,0.136344273885091,0,0,0,0
0,0,0,0,0,0,0,0,0,0,0,0,0,0,0,0,0,0,0,0,0,0,0,0,0,0,0,0,0,0,0,0,0.122152747123072,0.24650714271947,0.175780440866947,0.160321140647397,0.114473549664141,0.304716974496841,0,0,0,0,0,0,0,0,0,0.222925685981909,0.388588786125183,0,0,0,0,0,0,0,0,0,0,0,0,0,0,0,0,0,0,0,0,0,0,0,0,0,0.304561106166591,0.255671864285344,0.254720410470628,0.105912950422083,0.306745461180431,0.124260369890003,0.357578545808792,0,0.117892187206144,0,0,0,0
0,0,0,0,0,0,0,0,0,0,0,0,0,0,0,0,0,0,0,0,0,0,0,0,0,0,0,0,0,0,0,0.122152747123072,0,0.104615251057678,0.169440110553713,0,0.159121139166246,0,0,0,0,0,0,0,0,0,0,0.310253242410502,0.395879358053207,0.396442065636317,0,0,0,0,0,0,0,0,0,0,0,0,0,0,0,0,0,0,0,0,0,0,0,0,0.175623884874401,0.268791795768858,0.336218036711216,0.177760320490804,0.407431116299843,0.161748397522248,0.23805995285511,0,0.11239819587675,0,0,0,0
0,0,0,0,0,0,0,0,0,0,0,0,0,0,0,0,0,0,0,0,0,0.13785767108202,0,0.150725971907377,0,0,0,0,0,0,0,0.24650714271947,0.104615251057678,0,0.214194756362011,0.142975230728219,0,0.224067232876766,0.437119559661762,0,0,0,0,0,0,0,0,0.361927397965175,0.390691518783569,0,0,0,0,0,0,0,0,0,0,0,0,0,0,0,0,0,0.151414701342583,0,0,0,0,0,0,0,0.289043380242716,0.300412125885487,0.235307965112617,0.177608191203573,0.190539984002736,0,0.216222595587287,0.289906509424726,0.162988831756644,0.15064054567899,0,0,0
0,0,0,0,0,0,0,0,0,0,0,0,0,0,0,0,0,0,0,0,0,0,0,0,0,0,0,0,0,0,0,0.175780440866947,0.169440110553713,0.214194756362011,0,0,0.148514760061236,0.275697958181825,0.38109737504056,0,0,0,0,0,0,0,0,0.393568059482039,0.319684572910008,0.454209004839261,0,0,0,0,0,0,0,0,0,0,0,0,0,0,0,0,0,0,0,0,0,0,0,0,0.340313111958296,0.28611213893024,0.220558384711395,0.204440909034465,0.398100703209639,0.179148239126097,0.285673852621412,0.347447284190016,0.173841353985577,0.127036482095718,0,0,0
0,0,0,0,0,0,0,0,0,0,0,0.135487355979589,0,0,0,0,0,0,0.291819050908089,0.16616298523934,0,0,0,0,0,0,0,0,0,0,0,0.160321140647397,0,0.142975230728219,0,0,0.175726099467192,0.126744864573928,0,0.163621254942634,0.142988982796669,0,0,0,0,0.157441780023964,0,0.248378636185513,0.175977312028408,0.14900279045105,0,0,0,0,0,0,0,0.222871365114337,0,0.210676451524099,0,0,0.173388617282564,0,0,0,0,0,0,0,0.243433944880962,0,0.225703611969948,0,0.165425539391933,0,0.143461220463117,0,0.171022480485771,0.14985542330477,0.150003456487888,0,0.143755438771467,0.0887746959924698,0.187047418511035,0,0
0,0,0.224100396037102,0,0,0,0,0,0,0,0.125843516053402,0,0,0,0,0,0,0,0,0,0.155969255264024,0,0,0,0,0,0,0,0,0,0,0.114473549664141,0.159121139166246,0,0.148514760061236,0.175726099467192,0,0,0.131961935626636,0,0.171636959022664,0,0.212945401668549,0,0,0,0.178684813380241,0.286768026589378,0.178712682775509,0,0,0,0,0,0,0,0.142184002456641,0,0,0,0,0,0,0.148896756280627,0,0,0,0,0,0,0,0,0,0,0.12883753157956,0.150321179421877,0,0.15359136360312,0.161319628091795,0.170548595328531,0,0.139507205416895,0.153139275617502,0.17305363714695,0.199934622801062,0,0
0,0.189843369854821,0,0,0,0,0,0,0,0.255682012935479,0,0.168193206260371,0,0,0,0,0,0,0,0.167233129375599,0,0.202773712913732,0,0.164262506841831,0,0,0,0.166713523126093,0,0.181036214607108,0,0.304716974496841,0,0.224067232876766,0.275697958181825,0.126744864573928,0,0,0.162711089575753,0,0,0.198099543650945,0,0,0,0,0,0.591168503314862,0,0.353657074710902,0,0,0,0,0,0.250485710501671,0,0.16986678417235,0,0,0,0,0.172140788166754,0,0.180143734804173,0,0.196330920430452,0,0,0,0.173809299135909,0,0.177969445289067,0,0.335115667846468,0,0.244774081927585,0.142233577982479,0.149748298481543,0,0.177908861272736,0.151952815032442,0.201888653301112,0.270663625742127,0.29474201798439,0,0
0.239395454525948,0,0,0,0,0,0,0,0.158582000765536,0,0.147533463960017,0,0,0,0,0,0,0,0,0,0.151088155157143,0,0.187140311794413,0.184068143367767,0.158456643887239,0,0,0,0.165274874829664,0,0.157304562500252,0,0,0.437119559661762,0.38109737504056,0,0.131961935626636,0.162711089575753,0,0,0,0,0.136751184860865,0,0,0,0,0.572369580943229,0.315644432693582,0,0,0,0,0,0.218494941051125,0,0.14648386937697,0,0,0,0,0,0,0.148011672223101,0,0.192864707634109,0,0.179926624034614,0,0.227693863213062,0,0.165443074135553,0,0.163501785816373,0,0,0.162618797024091,0.169816586887464,0,0.15741818441957,0.146198267600528,0.208827316755932,0.165669092550467,0.137848657477333,0.318768436763258,0,0
0,0.247045186161995,0,0.219097688794136,0,0,0,0,0,0,0,0,0,0,0,0,0.271559708258685,0.256960850208998,0.280414989535069,0,0,0,0,0,0,0,0,0,0,0,0,0,0,0,0,0.163621254942634,0,0,0,0,0.28843192756176,0.26855539008235,0.228043409554582,0.27946957881036,0,0.261303266706359,0.203457145392895,0,0,0.202546799199267,0,0,0,0,0,0,0.276846647262573,0.242054333239794,0,0.212789216637611,0,0,0.240632037091399,0.24608102440834,0,0,0,0,0,0,0.238669004291296,0,0.24053694414241,0,0,0,0,0,0.234006331757058,0.296287295718988,0.209057051156248,0,0.268389428186717,0,0.281794097973697,0.268445872343504,0.256246298551559
0.310601572195689,0,0.224052329030302,0.270036101341248,0,0,0,0,0.204607635736465,0,0,0,0,0,0,0,0.274880486136337,0.276139945546283,0.292714619704318,0,0,0,0,0,0,0,0,0,0,0,0,0,0,0,0,0.142988982796669,0.171636959022664,0,0,0.28843192756176,0,0.236189523780787,0.250585320236813,0.242854567037688,0.294329633315404,0.249955697357655,0.23180944844114,0.22432338198026,0.173471715568961,0.295933395624161,0,0,0,0,0,0,0.2338199573569,0.298278422819244,0.187895938754082,0,0,0,0.261509567499161,0.222102906461644,0,0,0,0,0,0,0,0,0.287878543138504,0.24363648281856,0,0,0,0,0.308027828281576,0.228882040739809,0.294619888067245,0.244262207780154,0.269339058885262,0,0.245529092921384,0.235682658851147,0.264377656024556
0,0.299781783711945,0,0.234717992849128,0,0,0,0,0,0.165901958942413,0,0,0,0,0,0,0.234633093204679,0.247919273003936,0.219753858688529,0,0,0,0,0,0,0,0,0,0,0,0,0,0,0,0,0,0,0.198099543650945,0,0.26855539008235,0.236189523780787,0,0.181989457051663,0.223766811104382,0,0.256456594181189,0.218130954230825,0.307232111692429,0,0.254567283149466,0,0,0,0,0,0.19350329041481,0,0.30907684406982,0,0.234630434773862,0,0.231529153883457,0.302784984675022,0.266909153333732,0,0,0,0,0,0,0.315520576635996,0,0.281525080164274,0,0,0,0,0,0.294177474346684,0.260662870346636,0.27008451564349,0.279014910260836,0.209259866005791,0,0.26210163896943,0.25773772743513,0.182633609045297
0.284708432189309,0,0.236121256718572,0,0.228195041418076,0,0,0,0.227430539471763,0,0,0,0,0,0,0,0.246176476234739,0.244705333416142,0.223065904489746,0,0,0,0,0,0,0,0,0,0,0,0,0,0,0,0,0,0.212945401668549,0,0.136751184860865,0.228043409554582,0.250585320236813,0.181989457051663,0,0.199193939566612,0.358274008546557,0.25120668510596,0.221826955300585,0.249138467985651,0.252494247793327,0.266521632671356,0.210138872265816,0,0,0,0.201032787561417,0,0.264019626379013,0.23687895834446,0,0,0,0,0.258305802941322,0.261109911550687,0,0,0,0,0,0,0,0,0.250818891450763,0,0,0,0,0,0.262631502488385,0.30515126528268,0.271602306514978,0.312247723713517,0.215503065285369,0,0.264336679313706,0.205676533281803,0.220053708978376
0,0,0,0,0,0,0,0,0,0,0,0,0,0,0,0,0.250829920172691,0.250324661915119,0.206115335496989,0,0,0,0,0,0,0,0,0,0,0,0,0,0,0,0,0,0,0,0,0.27946957881036,0.242854567037688,0.223766811104382,0.199193939566612,0,0,0.254778127307477,0.24353286921978,0,0,0.259891584515572,0,0,0,0,0,0,0,0.330012728770574,0,0,0,0,0.2365527972579,0.25029905885458,0,0,0,0,0,0,0,0,0.299446724355221,0,0,0,0,0,0.32483778045914,0.295365475946003,0.299606299826077,0,0.210366662878257,0,0.277466121722351,0.232508510351181,0.1837785333395
0,0,0,0,0,0,0,0,0,0,0,0,0,0,0,0,0.261714726686478,0,0.313013407588005,0,0,0,0,0,0,0,0,0,0,0,0,0,0,0,0,0,0,0,0,0,0.294329633315404,0,0.358274008546557,0,0,0,0.307830740697682,0,0.231974616646767,0,0,0,0,0,0,0,0,0,0,0,0,0,0,0.28121680021286,0,0,0,0,0,0,0,0,0,0,0,0,0,0,0,0.362220295249148,0,0.429620623588562,0.358748190932804,0,0.446206161766562,0,0
0,0.302229652802149,0.220855638384819,0.223500319609517,0,0,0,0,0,0,0,0,0,0,0,0,0.261213014523188,0.283921350381876,0.329421475334459,0,0,0,0,0,0,0,0,0,0,0,0,0,0,0,0,0.157441780023964,0,0,0,0.261303266706359,0.249955697357655,0.256456594181189,0.25120668510596,0.254778127307477,0,0,0.20002427875106,0.203248351812363,0,0.158098856452852,0,0,0,0,0,0,0.258970454335213,0.268643748348973,0,0.225406937978484,0,0,0.22444881549939,0.279935896396637,0,0,0,0,0,0,0,0,0.281219738225142,0,0,0,0,0,0.272158924879684,0.286825819147958,0.315732765314723,0.351259022951126,0.270221741098139,0,0.253130814614491,0.281872701644897,0.222071638703346
0,0,0.209214307367802,0,0,0,0,0,0,0,0,0,0,0,0,0,0.266160815954208,0.28223432240815,0.283138233254994,0,0,0,0,0,0,0,0,0,0,0,0,0,0,0,0,0,0.178684813380241,0,0,0.203457145392895,0.23180944844114,0.218130954230825,0.221826955300585,0.24353286921978,0.307830740697682,0.20002427875106,0,0.195743772387505,0.176590730962546,0,0.188896894454956,0,0,0,0,0,0.281024291606273,0.23810213804245,0.1856709420681,0,0,0,0.23004983935286,0.225531162047649,0,0,0,0,0,0,0,0,0.281212672591209,0,0,0,0,0,0.256775675889324,0.213175377556259,0.280595523118973,0.309903715629704,0.260653391805026,0,0.226400313834461,0,0.235732478754861
0,0.272818017130097,0.225536318761962,0,0.186937227845192,0,0,0,0,0.285286605358124,0,0,0,0,0,0,0,0,0.202851191163063,0,0,0,0,0,0,0,0,0,0,0,0,0.222925685981909,0.310253242410502,0.361927397965175,0.393568059482039,0.248378636185513,0.286768026589378,0.591168503314862,0.572369580943229,0,0.22432338198026,0.307232111692429,0.249138467985651,0,0,0.203248351812363,0.195743772387505,0,0.372200826487691,0.380755805127686,0,0,0,0,0,0,0.243082441034771,0,0,0,0,0,0,0.270444542169571,0,0,0,0,0,0,0.198885813355446,0,0.207316882908344,0,0.401392559828035,0.370515524876253,0.334155212592556,0.365795123302284,0.363698982675929,0.342675514486537,0.393966258752266,0.392222922462267,0.31848317053291,0.437747359275818,0.338061782525727,0,0
0.207664187769501,0,0.175232160952874,0,0.185888484120369,0,0,0,0.144798320437235,0,0,0,0,0,0,0,0,0.245875895023346,0.216248168547948,0,0,0,0.259041181993934,0,0.163114826877912,0,0,0,0,0,0,0.388588786125183,0.395879358053207,0.390691518783569,0.319684572910008,0.175977312028408,0.178712682775509,0,0.315644432693582,0,0.173471715568961,0,0.252494247793327,0,0.231974616646767,0,0.176590730962546,0.372200826487691,0,0.315441028835873,0,0,0,0,0.144864697423246,0,0.232698238445717,0.233077183365822,0.162936086633376,0,0.156470395092453,0,0,0.229836530983448,0,0.228625848187412,0,0.240635440182888,0,0.229045746151139,0,0.199725364049276,0,0.213813332375139,0.367209924118859,0.293787870556116,0.373267710208893,0.25627076625824,0.349869927373089,0.179436324148214,0.373159319162369,0.239206632522688,0.277483692272985,0,0.242467076391049,0,0.284385833357062
0,0.198560305032248,0.263865262269974,0.156730314598808,0,0,0,0,0,0.169687048428588,0,0,0,0,0,0,0.241204991936684,0.230071693658829,0.214319545598257,0,0,0.360592151465623,0,0,0,0,0,0,0,0,0,0,0.396442065636317,0,0.454209004839261,0.14900279045105,0,0.353657074710902,0,0.202546799199267,0.295933395624161,0.254567283149466,0.266521632671356,0.259891584515572,0,0.158098856452852,0,0.380755805127686,0.315441028835873,0,0,0,0,0,0,0.164389357325577,0,0.228598023773333,0,0.19735600353375,0,0.165722955571543,0.25836500691043,0,0.227883759357355,0,0.31760436296463,0,0.199400614173907,0,0.214496177767956,0,0.205134482113951,0,0.343380090865222,0.36385088507086,0.372499883174896,0.386083424091339,0.274965620386563,0,0.233202704831902,0,0.311877831131754,0,0.246305894908233,0,0
0,0,0.202105575419487,0,0.156887621040175,0,0,0,0.158557986219724,0,0,0,0.150711684542544,0,0.155533774916468,0,0,0,0,0,0,0,0,0,0,0,0,0,0,0,0,0,0,0,0,0,0,0,0,0,0,0,0.210138872265816,0,0,0,0.188896894454956,0,0,0,0,0,0,0,0,0,0.222344459784337,0,0.180585134029388,0,0.189523161249954,0,0,0,0,0,0,0,0,0,0,0,0,0,0,0,0,0,0,0.20414112508297,0,0.307202309370041,0.148442957691754,0,0.213608622456653,0,0
0,0,0,0,0,0.160279612988234,0,0,0,0,0,0.15400904417038,0,0,0,0,0,0,0,0.234220147132874,0,0,0,0,0,0,0,0,0,0,0,0,0,0,0,0,0,0,0,0,0,0,0,0,0,0,0,0,0,0,0,0,0,0,0,0,0,0,0,0,0,0,0,0,0,0,0,0,0,0,0,0,0,0,0,0,0,0,0,0,0,0,0.154708214104176,0,0,0,0
0,0,0,0,0,0,0.171951046325266,0,0,0,0,0,0,0,0,0,0,0,0,0,0,0,0,0,0,0,0,0,0,0,0,0,0,0,0,0,0,0,0,0,0,0,0,0,0,0,0,0,0,0,0,0,0,0,0,0,0,0,0,0,0,0,0,0,0,0,0,0,0,0,0,0,0,0,0,0,0,0,0,0,0,0,0.160422965294064,0.157418496906757,0,0,0
0,0,0,0,0,0.154556611180305,0,0.17761262678183,0,0,0,0,0,0,0,0,0,0,0,0,0,0,0,0,0,0,0,0,0,0,0,0,0,0,0,0,0,0,0,0,0,0,0,0,0,0,0,0,0,0,0,0,0,0,0,0,0,0.158526987936653,0,0,0,0,0,0,0,0,0,0,0,0,0,0,0,0,0,0,0,0,0,0,0,0,0.160136442631483,0,0,0,0
0.179613767399816,0,0.155288090192994,0,0,0,0,0,0.220135117987752,0,0,0,0.130332440137863,0,0.141883981015001,0,0,0,0,0,0,0,0,0,0.233217435321589,0,0.202549107372761,0,0,0,0,0,0,0,0,0,0,0,0.218494941051125,0,0,0,0.201032787561417,0,0,0,0,0,0.144864697423246,0,0,0,0,0,0,0,0.163744732737541,0,0.162688575007699,0,0.193446106985211,0,0,0,0,0,0,0.27552993447554,0,0.236613520317607,0,0,0,0,0,0,0,0,0,0,0,0.293700581849223,0.165737949011307,0,0.187550049013383,0,0
0,0.198559755736437,0,0.154536681679579,0,0,0,0,0,0.206081830447279,0,0,0,0,0,0.171479493876298,0,0,0,0,0,0.151449680328369,0,0.205855267249966,0,0,0,0,0,0,0,0,0,0,0,0,0,0.250485710501671,0,0,0,0.19350329041481,0,0,0,0,0,0,0,0.164389357325577,0,0,0,0,0,0,0,0.196044698357582,0,0.199739617606004,0,0.207964489193556,0,0,0,0,0.240957660721494,0,0,0,0,0,0.248816013336182,0,0,0,0,0,0,0,0.311328327097741,0,0.164842836558819,0,0.284950945271205,0.192382678389549,0
0,0,0.202570202611387,0,0.218244016170502,0,0.180919876211398,0,0.141488242894411,0,0.157532851263435,0,0.156233243205968,0,0,0,0.264333948493004,0.238283589482307,0.256241167585055,0,0.131553097887652,0,0,0,0,0,0,0,0.173377204195474,0,0.161160547445171,0,0,0,0,0,0.142184002456641,0,0.14648386937697,0.276846647262573,0.2338199573569,0,0.264019626379013,0,0,0.258970454335213,0.281024291606273,0.243082441034771,0.232698238445717,0,0.222344459784337,0,0,0,0.163744732737541,0,0,0.275468868017197,0.162773555440687,0,0.158241255127865,0,0,0.253476220312373,0,0,0,0,0,0,0,0.298915264574257,0,0.201744977590339,0,0,0,0,0.248634720842044,0.19319515420418,0.244922652840614,0.160876909234964,0.145083558508905,0.148920137541635,0.277004988423379,0,0.258750349283218
0,0.215693637728691,0,0.238514353831609,0,0.202532394064797,0,0.173504344962381,0,0,0,0.172778466719741,0,0.19800076532093,0,0,0.280095959703128,0.315792826784624,0.331308704857924,0.208577885228486,0,0,0,0,0,0,0,0,0,0.175310581922531,0,0,0,0,0,0.222871365114337,0,0.16986678417235,0,0.242054333239794,0.298278422819244,0.30907684406982,0.23687895834446,0.330012728770574,0,0.268643748348973,0.23810213804245,0,0.233077183365822,0.228598023773333,0,0,0,0.158526987936653,0,0.196044698357582,0.275468868017197,0,0,0.247373737179091,0,0.197803155372017,0.293314008354758,0,0,0,0,0,0,0,0.33556999360037,0,0.371543304072059,0,0,0,0,0,0.251452742718007,0.280770224332809,0.207263122002284,0.276987016201019,0.198371971855867,0,0.285680622246229,0.330745184650788,0
0.165583241730928,0,0.161336947232485,0,0.152258449431622,0,0.173343841359019,0,0,0,0.170045857667836,0,0.163414493820282,0,0.142925486678169,0,0,0,0,0,0,0,0,0,0,0,0,0,0.18522809073329,0,0,0,0,0,0,0,0,0,0,0,0.187895938754082,0,0,0,0,0,0.1856709420681,0,0.162936086633376,0,0.180585134029388,0,0,0,0.162688575007699,0,0.162773555440687,0,0,0,0.190680304640218,0,0,0,0,0,0,0,0,0,0,0.208840285271165,0,0,0,0,0,0,0,0.198248840868473,0,0,0.160687463896983,0.154497959794433,0.192720236316804,0,0
0,0.185495786702455,0,0.202761208540515,0,0,0,0,0,0,0,0.190752148206198,0,0.181349340905448,0,0.173277103217544,0,0,0.284020086129506,0.303131178021431,0,0,0,0,0,0.136638551950455,0,0.21327975905743,0,0,0,0,0,0,0,0.210676451524099,0,0,0,0.212789216637611,0,0.234630434773862,0,0,0,0.225406937978484,0,0,0,0.19735600353375,0,0,0,0,0,0.199739617606004,0,0.247373737179091,0,0,0,0.201856668464664,0.27239316216735,0,0,0,0.200268901884556,0,0.217884957768542,0,0.207950173670043,0,0.243845229347547,0,0,0,0,0,0.241643461037655,0,0.307933807373047,0,0.176568623548879,0.183445172874551,0.213783930783922,0.208327859640121,0
0.171899475414177,0,0.147831790149212,0,0.160213997560567,0,0,0,0.193763705236571,0,0,0,0.153967145830393,0,0.145608267223341,0,0.180964931845665,0,0,0,0,0,0,0,0.186819538474083,0,0,0,0,0,0,0,0,0,0,0,0,0,0,0,0,0,0,0,0,0,0,0,0.156470395092453,0,0.189523161249954,0,0,0,0.193446106985211,0,0.158241255127865,0,0.190680304640218,0,0,0,0,0,0,0,0,0,0,0,0,0,0,0,0,0,0,0,0,0,0,0,0.157889972720295,0,0.178982662657897,0,0
0,0.179092193313409,0,0.170616773622377,0,0,0,0,0,0.151280368674561,0,0,0,0.166801015428011,0,0.165360838576649,0,0,0,0,0,0,0,0.169348685691754,0,0.173736790441117,0,0,0,0,0,0,0,0,0,0,0,0,0,0,0,0.231529153883457,0,0,0,0,0,0,0,0.165722955571543,0,0,0,0,0,0.207964489193556,0,0.197803155372017,0,0.201856668464664,0,0,0.232541881501675,0,0,0,0,0,0.182717409942831,0,0,0,0.272597014904022,0,0,0,0,0,0.261454006036123,0,0.226674541831017,0,0.151407609056485,0,0.202204086714321,0,0
0,0.248592421412468,0,0.223829455673695,0,0,0,0,0,0,0,0.148733646016229,0,0,0,0,0.296969732642174,0.293371590701017,0.31181042263141,0.175952421133495,0,0,0,0,0,0,0,0,0,0,0,0,0,0,0,0.173388617282564,0,0.172140788166754,0,0.240632037091399,0.261509567499161,0.302784984675022,0.258305802941322,0.2365527972579,0,0.22444881549939,0.23004983935286,0,0,0.25836500691043,0,0,0,0,0,0,0,0.293314008354758,0,0.27239316216735,0,0.232541881501675,0,0,0,0,0,0,0,0,0.327152039517056,0,0.301892347755979,0,0,0,0,0,0.235749731672461,0.380628287792206,0.25007676212223,0,0.204558474988472,0,0.254439394282238,0.30198410525918,0.29931053519249
0,0,0.227689711885019,0,0.170367267355323,0,0,0,0,0,0.147943964991413,0,0,0,0,0,0.307997925316586,0.307074518998464,0.325919587591853,0,0.171976961342781,0,0,0,0,0,0,0,0,0,0,0,0,0,0,0,0.148896756280627,0,0.148011672223101,0.24608102440834,0.222102906461644,0.266909153333732,0.261109911550687,0.25029905885458,0.28121680021286,0.279935896396637,0.225531162047649,0.270444542169571,0.229836530983448,0,0,0,0,0,0,0,0.253476220312373,0,0,0,0,0,0,0,0,0,0,0,0,0,0,0.249981822852556,0,0.228761886060238,0,0,0,0,0.333433374762535,0.196459418401707,0.322541505098343,0.276256127478958,0.170880206081022,0,0.255248437617837,0.23063001781702,0.274861356243491
0,0,0,0,0,0,0,0,0,0,0,0,0,0,0,0,0,0,0,0,0,0.151011340177681,0.10404538371637,0.150204054589541,0,0,0,0.180912809303174,0,0,0,0,0,0,0,0,0,0.180143734804173,0,0,0,0,0,0,0,0,0,0,0,0.227883759357355,0,0,0,0,0,0,0,0,0,0,0,0,0,0,0,0.115140347679456,0.182348887293315,0,0.21729787228548,0,0.258834001924928,0,0,0,0,0,0,0,0,0,0.216615710758639,0,0.129941980644572,0.137872996940917,0,0,0
0,0,0,0,0,0,0,0,0,0,0,0,0,0,0,0,0,0,0,0,0,0.102410342708324,0.176328260180625,0,0.161715754356823,0,0,0,0.164520335814918,0,0,0,0,0,0,0,0,0,0.192864707634109,0,0,0,0,0,0,0,0,0,0.228625848187412,0,0,0,0,0,0,0,0,0,0,0,0,0,0,0,0.115140347679456,0,0,0.224489627631685,0,0.20539279744115,0,0.177612075085441,0,0,0,0,0,0,0,0,0,0.194015938900126,0.139600708677123,0.152681321650743,0,0,0
0,0,0,0,0,0,0,0,0,0.214820297419006,0,0,0,0,0,0,0,0,0,0,0,0.144105217242536,0,0.16269928676749,0,0.185152220050084,0,0,0,0,0,0,0,0.151414701342583,0,0,0,0.196330920430452,0,0,0,0,0,0,0,0,0,0,0,0.31760436296463,0,0,0,0,0,0.240957660721494,0,0,0,0.200268901884556,0,0,0,0,0.182348887293315,0,0,0,0.189562506635081,0,0.171510547399521,0,0,0,0,0,0,0,0,0,0.265096314954666,0,0.144765171044403,0,0.34310389270908,0,0
0.206833276508459,0,0,0,0,0,0,0,0.245455789969478,0,0,0,0,0,0,0,0.150564208626747,0,0,0,0,0,0.153669835627079,0,0.182446199700014,0,0.189858570694923,0,0,0,0,0,0,0,0,0,0,0,0.179926624034614,0,0,0,0,0,0,0,0,0,0.240635440182888,0,0,0,0,0,0.27552993447554,0,0,0,0,0,0,0,0,0,0,0.224489627631685,0,0,0,0.213486507898424,0,0,0,0,0,0,0,0,0,0,0,0.253840372426274,0.153051480278373,0,0.221676019737215,0,0
0,0,0,0,0,0,0,0,0,0.158760841935873,0,0,0,0.156738236546516,0,0.130899882316589,0,0.1385583622115,0,0,0,0.192729387511598,0,0.197766683058929,0,0.176934810311306,0,0.164070402937276,0,0,0,0,0,0,0,0,0,0,0,0,0,0,0,0,0,0,0,0,0,0.199400614173907,0,0,0,0,0,0,0,0,0,0.217884957768542,0,0.182717409942831,0,0,0.21729787228548,0,0.189562506635081,0,0,0,0.266618620652853,0,0,0,0,0,0,0,0,0,0,0,0.152519672070859,0.144249938428402,0,0,0
0.198113148411115,0,0,0,0,0,0,0,0.196378866884303,0,0,0,0,0,0.162317877014478,0,0.140987365002985,0.185272360841433,0.239947045842806,0,0,0,0,0,0.182816681469449,0,0.182100046728108,0,0.181246193391936,0,0,0,0,0,0,0,0,0,0.227693863213062,0,0,0,0,0,0,0,0,0,0.229045746151139,0,0,0,0,0,0.236613520317607,0,0,0,0,0,0,0,0,0,0,0.20539279744115,0,0.213486507898424,0,0,0,0.202708360663607,0,0,0,0,0,0,0,0,0,0,0.174044496429864,0,0.214425971671458,0,0
0,0,0,0.248617847760518,0,0,0,0,0,0,0,0,0,0.201325226575136,0,0,0,0.277582099040349,0,0,0,0.170837624680475,0,0,0,0.191898650290178,0,0.176313781835058,0,0.186772424469041,0,0,0,0,0,0.243433944880962,0,0.173809299135909,0,0.238669004291296,0,0.315520576635996,0,0,0,0,0,0.198885813355446,0,0.214496177767956,0,0,0,0,0,0,0,0.33556999360037,0,0.207950173670043,0,0,0.327152039517056,0,0.258834001924928,0,0.171510547399521,0,0.266618620652853,0,0,0,0.178595506990293,0,0,0,0,0,0.261967502534389,0,0.174427820780479,0,0.17663243584653,0.161173569567894,0.34717080735025,0.333110964298248,0
0,0,0,0,0,0,0,0,0,0,0.177689064708021,0,0,0,0,0,0,0,0,0,0,0,0.142350594584758,0,0,0,0.179762513591693,0,0.169028911431568,0,0.151083681303843,0,0,0,0,0,0,0,0.165443074135553,0,0,0,0,0,0,0,0,0,0.199725364049276,0,0,0,0,0,0,0,0.298915264574257,0,0.208840285271165,0,0,0,0,0.249981822852556,0,0.177612075085441,0,0,0,0.202708360663607,0,0,0,0.257276046949048,0,0,0,0,0,0,0,0.202369115615295,0.152623509290418,0.168030242689631,0.26558689152201,0,0
0,0.285332014163335,0,0.280754118509915,0,0,0,0,0,0,0,0.176706364750862,0,0,0,0,0.302362542260777,0.316075952906235,0.329944310879165,0.134707890450954,0,0,0,0,0,0,0,0.166704870304283,0,0.158194896686626,0,0,0,0,0,0.225703611969948,0,0.177969445289067,0,0.24053694414241,0.287878543138504,0.281525080164274,0.250818891450763,0.299446724355221,0,0.281219738225142,0.281212672591209,0.207316882908344,0,0.205134482113951,0,0,0,0,0,0.248816013336182,0,0.371543304072059,0,0.243845229347547,0,0.272597014904022,0.301892347755979,0,0,0,0,0,0,0,0.178595506990293,0,0,0,0,0,0,0,0.303440384070079,0.324070473512014,0.224427698799682,0,0.22890042709034,0,0.336525051327462,0.319917308698807,0.218832314014435
0.359578356146812,0,0,0,0,0,0,0,0,0,0.163028350930948,0,0,0,0,0,0,0,0,0,0.131447270512581,0,0,0,0,0,0,0,0.170221331444654,0,0.159803450973921,0,0,0,0,0,0,0,0.163501785816373,0,0.24363648281856,0,0,0,0,0,0,0,0.213813332375139,0,0,0,0,0,0,0,0.201744977590339,0,0,0,0,0,0,0.228761886060238,0,0,0,0,0,0,0,0.257276046949048,0,0,0,0,0,0,0,0.223539516329765,0,0.234828004617343,0.165811471641064,0,0.281769258901477,0,0
0,0,0,0,0,0,0,0,0,0,0,0,0,0,0,0,0,0,0,0,0,0,0,0,0,0,0,0,0,0,0,0.304561106166591,0.175623884874401,0.289043380242716,0.340313111958296,0.165425539391933,0.12883753157956,0.335115667846468,0,0,0,0,0,0,0,0,0,0.401392559828035,0.367209924118859,0.343380090865222,0,0,0,0,0,0,0,0,0,0,0,0,0,0,0,0,0,0,0,0,0,0,0,0,0,0.410556323133032,0.282339559564392,0.3479956202209,0.21675360173095,0.292925506660884,0.323494675613585,0,0.169838767498732,0,0,0,0
0,0,0,0,0,0,0,0,0,0,0,0,0,0,0,0,0,0,0,0,0,0,0,0,0,0,0,0,0,0,0,0.255671864285344,0.268791795768858,0.300412125885487,0.28611213893024,0,0.150321179421877,0,0,0,0,0,0,0,0,0,0,0.370515524876253,0.293787870556116,0.36385088507086,0,0,0,0,0,0,0,0,0,0,0,0,0,0,0,0,0,0,0,0,0,0,0,0,0.410556323133032,0,0.37890012934804,0.284172703121708,0.404712809302702,0.213761113269671,0,0,0.205225076307269,0,0,0,0
0,0,0,0,0,0,0,0,0,0,0,0,0,0,0,0,0,0,0,0,0,0,0,0,0,0,0,0,0,0,0,0.254720410470628,0.336218036711216,0.235307965112617,0.220558384711395,0.143461220463117,0,0.244774081927585,0.162618797024091,0,0,0,0,0,0,0,0,0.334155212592556,0.373267710208893,0.372499883174896,0,0,0,0,0,0,0,0,0,0,0,0,0,0,0,0,0,0,0,0,0,0,0,0,0.282339559564392,0.37890012934804,0,0.190519588403485,0.258204318155519,0,0.23218793513063,0.27911295437477,0.164283615706319,0.183667295745441,0,0,0
0,0,0,0,0,0,0,0,0,0,0,0,0,0,0,0,0,0,0,0,0,0,0,0,0,0,0,0,0,0,0,0.105912950422083,0.177760320490804,0.177608191203573,0.204440909034465,0,0.15359136360312,0.142233577982479,0.169816586887464,0,0,0,0,0,0,0,0,0.365795123302284,0.25627076625824,0.386083424091339,0,0,0,0,0,0,0,0,0,0,0,0,0,0,0,0,0,0,0,0,0,0,0,0,0.3479956202209,0.284172703121708,0.190519588403485,0,0.385781139135361,0.220101485434247,0.204184402416392,0.215844909922282,0.1752516480395,0.153731876984239,0.424830853939056,0,0
0,0.354156416759156,0.29504007101059,0.239894876256585,0,0,0,0,0,0,0,0.137853087409388,0,0,0,0,0.297981603665555,0.310339622890077,0.34986609533449,0.184644339632649,0,0,0,0,0,0,0,0,0,0,0,0.306745461180431,0.407431116299843,0.190539984002736,0.398100703209639,0.171022480485771,0.161319628091795,0.149748298481543,0,0.234006331757058,0.308027828281576,0.294177474346684,0.262631502488385,0.32483778045914,0,0.272158924879684,0.256775675889324,0.363698982675929,0.349869927373089,0.274965620386563,0,0,0,0,0,0,0.248634720842044,0.251452742718007,0,0.241643461037655,0,0.261454006036123,0.235749731672461,0.333433374762535,0,0,0,0,0,0,0.261967502534389,0,0.303440384070079,0,0.21675360173095,0.404712809302702,0.258204318155519,0.385781139135361,0,0.304043053918415,0.245712704033188,0.218307465314865,0.192002520709534,0,0.321666933281155,0.343409158174808,0.248733222484589
0.370222568511963,0,0.254218859447015,0,0,0,0,0,0.222102299332619,0,0.148749297701987,0,0,0,0,0,0.300041355363285,0.298306968430398,0.317253932767335,0,0.156305149859603,0,0,0,0,0,0,0,0,0,0,0.124260369890003,0.161748397522248,0,0.179148239126097,0.14985542330477,0.170548595328531,0,0.15741818441957,0.296287295718988,0.228882040739809,0.260662870346636,0.30515126528268,0.295365475946003,0.362220295249148,0.286825819147958,0.213175377556259,0.342675514486537,0.179436324148214,0,0.20414112508297,0,0,0,0,0,0.19319515420418,0.280770224332809,0.198248840868473,0,0,0,0.380628287792206,0.196459418401707,0,0,0,0,0,0,0,0,0.324070473512014,0.223539516329765,0.292925506660884,0.213761113269671,0,0.220101485434247,0.304043053918415,0,0.320513519975874,0.219138882842879,0.173075895170757,0,0.336643743546383,0.293624252080917,0.326865758817151
