0,0,7.83397123217583,0,0,0,0,0,26.7994177937508,0,0,0,0,0,0,0,0.2564916908741,1.09124557673931,524.756651684642,0,0,0,0,0,0,0,0,0,0,0,0,0,0,0,0,0,0,0,0,0,0,0,0,0,34.5203964710236,0,29.1948473453522,0,122.148467928171,0,0,0,0,0,206.449587106705,0,0,0,0,0,0,0,0,0,0,0,0,0,0,0,0,0,0,0,0,0,0,0,0,0,0,0,164.601786464453,0,674.76989197731,0,0
0,0,0,30.9770843908191,0,9.33404339849949,0,0,0,1504.41482651234,0,0,0,0,0,0,0,2.36350458860397,271.879725471139,0.127533823251724,0,0,0,6.08621193468571,0,0,0,0,0,0,0,0,0,0,0,0,0,108.051600173116,0,62.3971050679684,0,602.473361477256,0,0,0,447.822913900018,0,0,0,156.501486584544,0,0,0,0,0,264.878106459975,0,116.643117524683,0,70.4303209260106,0,110.129084907472,16.2164548262954,0,0,0,1.9647062420845,0,13.295263260603,0,6.0299948900938,0,50.8553281277418,0,0,0,0,0,85.728224620223,0,40.9151399880648,0,271.063764192164,0,689.368152916431,1.48673856258392,0
7.83397123217583,0,0,0,365.416544184089,0,0,0,187.621151596308,0,0,0,0,0,0,0,0,0,4.97286619246006,0,0,0,0,0,0,0,0,0,0,0,0,0,0,0,0,0,0,0,0,0,0,0,0,0,1.53785645961761,0,71.0818654000759,0,62.0927346646786,0,164.661577418447,0,0,0,221.659893408418,0,88.352880269289,0,362.73760266602,0,161.157649844885,0,0,0,0,0,0,0,0,0,0,0,0,0,0,0,0,0,0,0,0,0,76.069387614727,0,147.728508383036,0,0
0,30.9770843908191,0,0,0,447.673267319798,0,0,0,78.4826696887612,0,1.24187751114368,0,0,0,0,0,3.25865000486374,9.59968671947718,26.1265748739243,0,0,0,0.284788608551025,0,0,0,0,0,0,0,0,0,0,0,5.37710580229759,0,22.6607648730278,0,11.1689680442214,0,95.3750781044364,0,0,0,130.487045072019,0,0,0,397.804613679647,0,75.6650775671005,0,0,0,359.995003923774,0,77.9095968231559,0,437.060500130057,0,401.48689249903,12.8926763981581,0,0,0,0,0,0,0,4.53032866120338,0,161.790981777012,0,0,0,0,0,47.9774269834161,0,18.8990959376097,0,596.976864300668,0,587.125984728336,2.42155794799328,0
0,0,365.416544184089,0,0,0,0,0,35.7536400556564,0,0,0,0,0,0,0,0,0,0,0,0,0,0,0,0,0,0,0,0,0,0,0,0,0,0,0,4.22017949819565,0,0,0,0,0,0,0,0,0,0,0,0,0,75.4784594923258,0,0,0,0,0,0,0,12.4780466258526,0,0.730023086071014,0,0,0,0,0,0,0,0,0,0,0,0,0,0,0,0,0,0,0,0,0,534.72614556551,3.53606861829758,33.7006639242172,0,0
0,9.33404339849949,0,447.673267319798,0,0,0,0,0,6.86344906687737,0,1.00090470910072,0,0,0,0,0,0,0,41.1747211813927,0,0,0,0,0,0,0,0,0,0,0,0,0,0,0,1.03287696838379,0,1.35731565952301,0,0.902411997318268,0,8.25355140119791,0,0,0,0.351025372743607,0,0,0,0.418575018644333,0,785.656438112259,0,8,0,0,0,30.5006310641766,0,59.7698314040899,0,16.1819838285446,0,0,0,0,0,0,0,0,0.843989297747612,0,6.96060813963413,0,0,0,0,0,2.57674650847912,0,0.159546390175819,0,355.452979303896,0,62.7202184200287,0,0
0,0,0,0,0,0,0,0,0,0,0,0,0,0,0,0,0,0,0,0,0,0,0,0,0,0,0,0,0,0,0,0,0,0,0,0,0,0,0,0,0,0,0,0,0,0,0,0,0,0,0,0,21,0,0,0,83.2646980285645,0,0,0,0,0,0,0,0,0,0,0,0,0,0,0,0,0,0,0,0,0,0,0,0,0,7,0,0,0,0
0,0,0,0,0,0,0,0,0,0,0,0,0,0,0,0,0,0,0,27.1518661677837,0,0,0,0,0,0,0,0,0,0,0,0,0,0,0,0,0,0,0,0,0,0,0,0,0,0,0,0,0,0,0,0,0,2,0,0,0,0,0,13,0,0,0,0,0,0,0,0,0,0,0,0,0,0,0,0,0,0,0,0,0,0,2,0,0,0,0
26.7994177937508,0,187.621151596308,0,35.7536400556564,0,0,0,0,0,0,0,0,0,747.708352744579,0,176.303453236818,0,0.193512439727783,0,0,0,0,0,24.7498009204865,0,0,0,0,0,0,0,0,0,0,0,0,0,0,0,0,0,3.87735742330551,0,0,0,0,0,84.4252650737762,0,0,0,0,0,103.550726354122,0,0,0,9.28710246086121,0,123.548851311207,0,0,0,0,0,0,14.6118440628052,0,0,0,0,0,0,0,0,0,0,0,0,0,0,575.124732002616,442.335848689079,28.6321945041418,0,36.3010195791721
0,1504.41482651234,0,78.4826696887612,0,6.86344906687737,0,0,0,0,0,0,0,0,0,11.9862641096115,0,18.5197614580393,13.0406338572502,0.084210179746151,0,0,0,3.78631244599819,0,0,0,0,0,0,0,0,0,0,0,0,0,176.463987924159,0,7.1662598028779,0,179.984764181077,0,0,0,18.9074259996414,0,0,0,9.71827405691147,0,0,0,0,0,675.103431291878,0,2.6135751157999,0,8.0358387902379,0,63.1357344686985,0,0,0,0,15.7741696387529,0,0,0,0.295864462852478,0,46.4044013917446,0,0,0,0,0,10.7511661872268,0,75.5737426280975,0,1299.16336984932,1497.39252355695,141.265440516174,3.9038844704628,0
0,0,0,0,0,0,0,0,0,0,0,0,557.80603864789,0,0,0,0,0,0,0,1281.50949123502,0,0,0,0,0,0,0,688.443286150694,0,0,0,0,0,0,0,600.083227783442,0,2641.2714753747,0,0,0,0,0,0,0,0,0,0,0,0,0,0,0,0,0,1046.76619762182,0,626.175091683865,0,0,0,0,862.102871596813,0,0,0,0,0,0,0,528.078837513924,0,0,0,0,0,0,0,24.3022317290306,0,594.955105543137,747.370469450951,450.30378049612,0,0,0
0,0,0,1.24187751114368,0,1.00090470910072,0,0,0,0,0,0,0,1,0,0,0,0,1.29804128408432,242.715654045343,0,0,0,0,0,0,0,16.1049604415894,0,95.1648864150047,0,0,0,0,0,110.186921596527,0,265.469228982925,0,0,0,0,0,0,0,0.227679520845413,0,0,0,0,0,23.1297953724861,0,0,0,0.237349823117256,0,1385.90724171698,0,60.0460571348667,0,2.40644437074661,28.7966372668743,0,0,0,0,0,0,0,194.007177114487,0,1,0,0,0,0,0,0.591158211231232,0,70.2647285461426,0,81.1817589998245,0,22.9546466320753,0,0
0,0,0,0,0,0,0,0,0,0,557.80603864789,0,0,0,0,0,0,0,0,0,0,0,0,0,0,0,0,0,84.6078944206238,0,36.3744126558304,0,0,0,0,0,0,0,0,0,0,0,0,0,0,0,0,0,0,0,0,0,0,0,0,0,0,0,47.3860791921616,0,0,0,0,0,0,0,0,0,0,0,0,0,0,0,0,0,0,0,0,0,0,0,838.682372152805,2166.17031013966,0,0,0
0,0,0,0,0,0,0,0,0,0,0,1,0,0,0,183.400254875422,0,0,0,0,0,0,0,0,0,0,0,118.03089594841,0,0,0,0,0,0,0,0,0,0,0,0,0,0,0,0,0,0,0,0,0,0,0,0,0,0,0,0,0,0,0,1418.73403945565,0,335.388643175364,0,0,0,0,0,0,0,0,20.1434051990509,0,0,0,0,0,0,0,0,0,0,0,65.090929299593,343.90088288486,0,0,0
0,0,0,0,0,0,0,0,747.708352744579,0,0,0,0,0,0,0,21.4956859648228,0,0,0,0,0,0,0,0,0,0,0,0,0,0,0,0,0,0,0,0,0,0,0,0,0,0,0,0,0,0,0,0,0,0,0,0,0,11.2839547991753,0,0,0,126.33790820837,0,145.629545450211,0,0,0,0,0,0,0,0,0,0,0,0,0,0,0,0,0,0,0,0,0,208.314040735364,71.5928297042847,0,0,0
0,0,0,0,0,0,0,0,0,11.9862641096115,0,0,0,183.400254875422,0,0,0,7.71512082219124,0,0,0,0,0,0,0,0,0,4,0,0,0,0,0,0,0,0,0,0,0,0,0,0,0,0,0,0,0,0,0,14.4484205842018,0,0,0,0,0,0,0,0,0,29.6821395158768,0,103.951743423939,0,0,0,0,0,0,0,0,0,0,0,0,0,0,0,0,0,0,0,0,174.353099942207,611.306378364563,0,0,0
0.2564916908741,0,0,0,0,0,0,0,176.303453236818,0,0,0,0,0,21.4956859648228,0,0,6244.07750749588,5078.22724428028,0,0,0,43.226166844368,0,0.787413060665131,0,889.790495455265,0,389.133113324642,0,0,0,0,0,0,0,0,0,0,0,0,0.176015317440033,0.545357286930084,2.54248139262199,1.72996652126312,2.0830100774765,0,0,0,0,0,0,0,0,7.13402462005615,0,0,0,0,0,0,0,0,0,0,22.8240366280079,0,0,0,411.430205076933,0,143.766771972179,0,0,0,0,0,0,0,0,0.288681924343109,0,8107.18656353652,398.593294858932,44.5394396781921,0,0
1.09124557673931,2.36350458860397,0,3.25865000486374,0,0,0,0,0,18.5197614580393,0,0,0,0,0,7.71512082219124,6244.07750749588,0,5126.01113186032,0,0,30.1766793727875,0,124.883770883083,0,1308.43389907479,0,38.5312142372131,0,0,0,0,0,0,0,0,0,3.95183682441711,0,12.1496356800199,0,128.867360427976,0,13.533656001091,0.293045729398727,36.40452298522,0.9943817704916,0,0,2.54804536700249,0,0,0,0,0,0.528293371200562,0,0,0,0,0,4.77705478668213,0.771642997860909,0,26.6238844394684,0,24.2328651696444,0,398.059721499681,0,0,0,86.6112207621336,0,0,0,0,0,44.9696203023195,0,47.0135917663574,0,9271.50526671112,1169.14340057969,371.472301885486,71.6200876384974,0
524.756651684642,271.879725471139,4.97286619246006,9.59968671947718,0,0,0,0,0.193512439727783,13.0406338572502,0,1.29804128408432,0,0,0,0,5078.22724428028,5126.01113186032,0,0,0,0,0,4.36277748644352,0,0,0,0,0,0,0,0,0,0,0,0,0,9.88628736138344,0,215.276731401682,0,1132.46772470325,583.605521038175,396.762172393501,485.600958302617,3023.56141871959,323.496166735888,0,7.96852868795395,13.4946811944246,0,0,0,0,0,0.475441783666611,0,4.79959055781364,0,1.74942922592163,0,0,26.3474115207791,0,0,0,1.10604980587959,0,0,0,0.382915765047073,0,271.907649077475,0,0,0,0,0,1948.42554631084,0,556.230591282248,0,9774.43035791814,46.7615827322006,8429.51470780373,280.13390609622,0
0,0.127533823251724,0,26.1265748739243,0,41.1747211813927,0,27.1518661677837,0,0.084210179746151,0,242.715654045343,0,0,0,0,0,0,0,0,0,0,0,0,0,0,0,0,0,0,0,0,0,0,0,474.582112967968,0,0,0,0.626508541405201,0,0.874609038233757,0,0,0,0.165617972612381,0,0,0,0.258298605680466,0,20.9787547290325,0,1.05235242843628,0,0,0,905.205028370023,0,90.9271490722895,0,0,1977.58217306435,0,0,0,0,0,1.10845713317394,0,21.6118166744709,0,0,0,0,0,0,0,112.526650071144,0,0.829878501594067,0,314.637366056442,3.86219453811646,233.461857803166,0,0
0,0,0,0,0,0,0,0,0,0,1281.50949123502,0,0,0,0,0,0,0,0,0,0,0,0,0,0,0,0,0,0,0,0,0,0,0,0,0,1242.99919128418,0,651.484204411507,0,0,0,0,0,0,0,7.63820379972458,0,0,0,0.439613401889801,0,51.4941194057465,0,0,0,630.602226525545,0,0,0,0,0,0,1962.79328393936,0,0,0,0,0,0,0,0,0,0,0,0,0,0,0,74.2671214342117,0,0,402.988491654396,0,0,0,0
0,0,0,0,0,0,0,0,0,0,0,0,0,0,0,0,0,30.1766793727875,0,0,0,0,6807.60234025121,40.6983471512794,0,704.431404709816,0,29.2716956138611,0,0,0,0,0,0,0,0,0,2230.22484321892,76.833435356617,0,0,0,0,0,0,0,0,0,0,105.620820656419,0,0,0,0,0,0,0,2.30760848522186,0,0,0,0,0,0,2191.24813348055,2787.41677606106,89.0442360937595,0,201.804874420166,0,119.25816346705,0,0,0,0,0,0,0,0,0,1681.88427865505,53.9272099733353,2139.25046470761,446.758125662804,0,0,0
0,0,0,0,0,0,0,0,0,0,0,0,0,0,0,0,43.226166844368,0,0,0,0,6807.60234025121,0,0,77.6155637800694,0,210.711081385612,0,411.323913812637,0,0,0,0,0,0,0,0,93.636801302433,1201.02361628413,0,0,0,0,0,0,0,0,0,46.9490696191788,0,0,0,0,0,0,0,0,0,0,0,0,0,0,0,424.600560307503,12512.6590213627,0,813.836450606585,0,347.284457683563,0,1438.6329652667,0,0,0,0,0,0,0,0,0,1879.68872433901,1566.82827940583,301.696953177452,0,0,0
0,6.08621193468571,0,0.284788608551025,0,0,0,0,0,3.78631244599819,0,0,0,0,0,0,0,124.883770883083,4.36277748644352,0,0,40.6983471512794,0,0,0,701.665948450565,0,0,0,0,0,0,0,0,0,0,0,604.970778942108,0,0.254324316978455,0,9.1794478520751,0,0,0,0,0,0,0,19.2992385774851,0,0,0,0,0,0.951948940753937,0,0,0,0,0,0,0,0,15.8795886188745,0,974.618833959103,0,1545.21516659856,0,0,0,3.24883460998535,0,0,0,0,0,1.21602061390877,0,98.3911204040051,0,610.368439257145,0,20.5210625529289,4.57706241309643,0
0,0,0,0,0,0,0,0,24.7498009204865,0,0,0,0,0,0,0,0.787413060665131,0,0,0,0,0,77.6155637800694,0,0,0,0,0,0,0,0,0,0,0,0,0,0,0,207.176452457905,0,0,0,2.03541412949562,0,0,0,0,0.248135715723038,4.5894011259079,0,0,0,0,0,17.2692053318024,0,0,0,0,0,0,0,0,0,0,101.424796879292,0,140.253763645887,0,0,0,0,0,0,0,0,0,0,0,0,0,450.708480387926,168.721573039889,0.317576140165329,16.1221445053816,0,0
0,0,0,0,0,0,0,0,0,0,0,0,0,0,0,0,0,1308.43389907479,0,0,0,704.431404709816,0,701.665948450565,0,0,0,0,0,0,0,0,0,0,0,0,0,0,0,0,0,0,0,0,0,0,0,0,0,0,0,0,0,0,0,0,0,0,0,0,0,0,0,0,61.5183370113373,0,180.059218525887,0,164.652863144875,0,0,0,0,0,0,0,0,0,0,0,0,0,235.921864211559,2.55365610122681,0,0,0
0,0,0,0,0,0,0,0,0,0,0,0,0,0,0,0,889.790495455265,0,0,0,0,0,210.711081385612,0,0,0,0,0,0,0,0,0,0,0,0,0,0,0,0,0,0,0,0,0,0,0,0,0,0,0,0,0,0,0,0,0,0,0,0,0,0,0,0,0,0,88.5891144275665,0,0,0,137.160767793655,0,0,0,0,0,0,0,0,0,0,0,0,113.699334621429,0,0,0,0
0,0,0,0,0,0,0,0,0,0,0,16.1049604415894,0,118.03089594841,0,4,0,38.5312142372131,0,0,0,29.2716956138611,0,0,0,0,0,0,0,457.315376460552,0,0,0,0,0,0,0,15.2954297065735,0,0,0,0,0,0,0,0,0,0,0,0,0,0,0,0,0,0,0,0,0,0,0,0,0,0,210.694793820381,0,0,0,0,0,2714.33713299036,0,32.5984647870064,0,0,0,0,0,0,0,0,0,1043.64655631781,817.23482966423,0,0,0
0,0,0,0,0,0,0,0,0,0,688.443286150694,0,84.6078944206238,0,0,0,389.133113324642,0,0,0,0,0,411.323913812637,0,0,0,0,0,0,0,208.374509871006,0,0,0,0,0,0,0,5.78496909141541,0,0,0,0,0,0,0,0,0,0,0,0,0,0,0,0,0,0,0,0,0,0,0,0,0,0,14.4229226112366,0,0,0,0,0,3225.75433626771,0,14.7727185189724,0,0,0,0,0,0,0,0,856.605963796377,2411.77579808235,0,0,0
0,0,0,0,0,0,0,0,0,0,0,95.1648864150047,0,0,0,0,0,0,0,0,0,0,0,0,0,0,0,457.315376460552,0,0,0,0,0,0,0,0,0,361.073835134506,0,0,0,0,0,0,0,0,0,0,0,0,0,0,0,0,0,0,0,766.652709960938,0,0,0,0,0,0,0,0,0,0,0,0,566.713162660599,0,168.018117070198,0,0,0,0,0,0,0,0,0,0,0,0,0,0
0,0,0,0,0,0,0,0,0,0,0,0,36.3744126558304,0,0,0,0,0,0,0,0,0,0,0,0,0,0,0,208.374509871006,0,0,0,0,0,0,0,0,0,759.006752461195,0,0,0,0,0,0,0,0,0,0,0,0,0,0,0,0,0,0,0,27.7837985157967,0,0,0,0,0,0,0,0,0,0,0,0,49.8033565282822,0,197.887078046799,0,0,0,0,0,0,0,12.7092733681202,118.872997313738,36.9384891986847,0,0,0
0,0,0,0,0,0,0,0,0,0,0,0,0,0,0,0,0,0,0,0,0,0,0,0,0,0,0,0,0,0,0,0,671.839352607727,218.592389971018,53.8966698050499,155.814477831125,116.170946091413,0,0,0,0,0,0,0,0,0,0,280.501268163323,9.23032659292221,0.208559647202492,0,0,0,0,0,0,0,0,0,0,0,0,0,0,0,0,0,0,0,0,0,0,0,0,174.743383437395,385.238561153412,192.405496262014,21.4850100278854,421.262979954481,22.4089353382587,0.175962045788765,0,34.0640484541655,0,0,0,0
0,0,0,0,0,0,0,0,0,0,0,0,0,0,0,0,0,0,0,0,0,0,0,0,0,0,0,0,0,0,0,671.839352607727,0,0,182.694442883134,261.393757462502,583.439550310373,0,0,0,0,0,0,0,0,0,0,737.362198412418,7.51238095760345,13.2677711248398,0,0,0,0,0,0,0,0,0,0,0,0,0,0,0,0,0,0,0,0,0,0,0,0,641.354603797197,1799.4650734961,41.9269495010376,155.83445392549,218.62745308876,37.641482770443,0,0,336.581911087036,0,0,0,0
0,0,0,0,0,0,0,0,0,0,0,0,0,0,0,0,0,0,0,0,0,0,0,0,0,0,0,0,0,0,0,218.592389971018,0,0,1187.70185640454,31.8301135897636,0.617400407791138,0,124.881160974503,1.53049473464489,0,1.00241181254387,0,0,0,0,0,1119.35125595331,14.6606976538897,65.5264271646738,0,0,0,0,0,0,0,0,0,0,0,0,0,0,0,0,0,0,0,0,0,0,0,0,47.7054288983345,0,3123.28000976145,2167.29296702147,30.9725023508072,0,89.9498139470816,21.4358957260847,297.881103023887,5.46980023384094,2.85507233440876,0,0
0,0,0,0,0,0,0,0,0,0,0,0,0,0,0,0,0,0,0,0,0,0,0,0,0,0,0,0,0,0,0,53.8966698050499,182.694442883134,1187.70185640454,0,0,55.4563142061234,122.609340757132,55.7608997672796,0,0,0,1,0,0,0,0,1243.08939611912,4.24499374628067,3.87864431738853,0,0,0,0,0,0,0,0,0,0,0,0,0,0,0,0,0,0,0,0,0,0,0,0,4.00226604938507,8.82011248171329,2719.17527717352,2623.93601611257,56.9190410077572,19.8851267397404,24.6460252404213,58.1954504847527,98.788067728281,1.7796722650528,0,0,0
0,0,0,5.37710580229759,0,1.03287696838379,0,0,0,0,0,110.186921596527,0,0,0,0,0,0,0,474.582112967968,0,0,0,0,0,0,0,0,0,0,0,155.814477831125,261.393757462502,31.8301135897636,0,0,3445.39956435561,2346.9741139859,0,101.271140128374,0,0,0,0,0,137.294916406274,0,51.4877845197916,5.24720138311386,3.1894191801548,0,4.37575420737267,0,0,0,0,0,108.524572715163,0,10.3715617954731,0,0.274060189723969,499.842254817486,0,0,0,0,0,0,0,0,0,0,0,483.476599812508,9.58296251296997,801.526333808899,0,21146.3665733337,1476.73665496707,587.099171221256,0,5754.72122557461,41.1407714486122,390.784185111523,0,0
0,0,0,0,4.22017949819565,0,0,0,0,0,600.083227783442,0,0,0,0,0,0,0,0,0,1242.99919128418,0,0,0,0,0,0,0,0,0,0,116.170946091413,583.439550310373,0.617400407791138,55.4563142061234,3445.39956435561,0,1,644.740461200476,0,0.343523055315018,0,0,0,0,0,0,629.267715260386,3.7123509645462,0,0,0,0,0,0,0,697.360497385263,0,0,0,0,0,0,3019.05830731988,0,0,0,0,0,0,0,0,0,0,0,407.977200627327,0,422.598335772753,3811.98612219095,13155.5007420331,0,24.9675562977791,2825.31438297033,0.885757327079773,254.121019005775,0,0
0,108.051600173116,0,22.6607648730278,0,1.35731565952301,0,0,0,176.463987924159,0,265.469228982925,0,0,0,0,0,3.95183682441711,9.88628736138344,0,0,2230.22484321892,93.636801302433,604.970778942108,0,0,0,15.2954297065735,0,361.073835134506,0,0,0,0,122.609340757132,2346.9741139859,1,0,949.361628100276,0,0,20.9576396346092,5.13917505741119,0,0,0,0,379.337140440941,11.5804006010294,144.813281603158,0,0,0,0,0,89.0998350530863,0,1337.54336684942,0,3.84834384918213,0,0.734180480241776,3.47542893886566,0,1226.03733812273,1.59684777259827,172.064728230238,1.21274721622467,0,0,557.38495361805,0,35.6014733910561,0,0,0,1225.72764837742,40.5395876765251,751.911600351334,0,12706.6383478567,246.327080085874,1798.54623034596,367.218871563673,130.315946832299,3.9887011051178,0
0,0,0,0,0,0,0,0,0,0,2641.2714753747,0,0,0,0,0,0,0,0,0,651.484204411507,76.833435356617,1201.02361628413,0,207.176452457905,0,0,0,5.78496909141541,0,759.006752461195,0,0,124.881160974503,55.7608997672796,0,644.740461200476,949.361628100276,0,0,0,0,90.6690261811018,0,0,0,0,154.75521312654,201.329587325454,9.38700889050961,0,0,0,0,1,0,1612.70203584433,0,0,0,0,0,0,562.430944800377,0,251.568170249462,0,646.636121988297,0,0,0,0.381151109933853,0,43.5192331075668,0,0,0,27.9748641550541,0,66.9472942352295,105.993484050035,18649.2788556367,2193.34876106679,193.667236804962,231.74043880403,0,0
0,62.3971050679684,0,11.1689680442214,0,0.902411997318268,0,0,0,7.1662598028779,0,0,0,0,0,0,0,12.1496356800199,215.276731401682,0.626508541405201,0,0,0,0.254324316978455,0,0,0,0,0,0,0,0,0,1.53049473464489,0,101.271140128374,0,0,0,0,1.49008464813232,376.16097419709,0,49.2000194862485,0,732.662465035915,4.87980437278748,33.1031047701836,6.40345859527588,1324.92657990009,0,0,0,0,0,4.102071210742,0,17.2009452879429,0,5.32847449928522,0,2.76208760589361,471.284181304276,0,0,0,1.19774205982685,0,0,0,1.74428457021713,0,8.80183353275061,0,1.51876890659332,0,0,0,1978.91504564136,0,59.5585804954171,0,85.7550869509578,0,2528.0755931288,79.8599894791842,0
0,0,0,0,0,0,0,0,0,0,0,0,0,0,0,0,0,0,0,0,0,0,0,0,0,0,0,0,0,0,0,0,0,0,0,0,0.343523055315018,0,0,1.49008464813232,0,0,75.710873529315,0,0,0,1907.65432541072,39.417917445302,1079.73346175253,0,0,0,0,0,0,0,0,0,0,0,0,0,0,184.698421314359,0,0,0,0,0,0,0,0,0,0,0,2.17916068434715,0,0,0,676.867499366403,0,0,0,0,1533.19728241861,0,0
0,602.473361477256,0,95.3750781044364,0,8.25355140119791,0,0,0,179.984764181077,0,0,0,0,0,0,0.176015317440033,128.867360427976,1132.46772470325,0.874609038233757,0,0,0,9.1794478520751,0,0,0,0,0,0,0,0,0,1.00241181254387,0,0,0,20.9576396346092,0,376.16097419709,0,0,161.547846019268,38.881448790431,0.152178570628166,87.3224107548594,0,12.4427580833435,0,558.227979153395,0,0,0,0,0,119.590716511011,0,53.9109750837088,0,18.9773455262184,0,7.50964342057705,61.0244028717279,0,1.05335819721222,0,83.7783016562462,0,0,0,0,0,49.8979142010212,0,0,0,0,0,865.044417120516,0,175.862369135022,1.38748644292355,1035.63257949799,0,2761.68775352836,66.407286323607,0
0,0,0,0,0,0,0,0,3.87735742330551,0,0,0,0,0,0,0,0.545357286930084,0,583.605521038175,0,0,0,0,0,2.03541412949562,0,0,0,0,0,0,0,0,0,1,0,0,5.13917505741119,90.6690261811018,0,75.710873529315,161.547846019268,0,0.752011090517044,179.934716284275,0.164754197001457,805.786800533533,10.6556338369846,149.948343098164,1.82165339589119,0,0,0,0,0.577876567840576,0,0,0,0,0,0,0,0,20.9628640115261,0,0,0,6.79894454777241,0,0,0,0,0,4.90979552268982,0,0,0,0,0,3.71153175830841,9.55467936396599,67.8083427995443,893.764713153243,57.8480981141329,4058.67870643735,0,1551.78838211298
0,0,0,0,0,0,0,0,0,0,0,0,0,0,0,0,2.54248139262199,13.533656001091,396.762172393501,0,0,0,0,0,0,0,0,0,0,0,0,0,0,0,0,0,0,0,0,49.2000194862485,0,38.881448790431,0.752011090517044,0,0.932832151651382,131.149704441428,0,0,0,0,0,0,0,0,0,0,0,0,0,0,0,0,23.6032216697931,0,0,0,0,0,0,0,0,0,0,0,0,0,0,0,115.044400684536,0,2.93606501817703,0,130.76234741509,0,670.549273312092,1.64744532108307,0
34.5203964710236,0,1.53785645961761,0,0,0,0,0,0,0,0,0,0,0,0,0,1.72996652126312,0.293045729398727,485.600958302617,0,0,0,0,0,0,0,0,0,0,0,0,0,0,0,0,0,0,0,0,0,0,0.152178570628166,179.934716284275,0.932832151651382,0,0.267762750387192,477.406722515821,0,0,0,0,0,0,0,0,0,0,0,0,0,0,0,0,0,0,0,0,0,0,0,0,0,0,0,0,0,0,0,0.126817464828491,0,0,0,520.705236785114,0,989.37503452599,0,7.98247918486595
0,447.822913900018,0,130.487045072019,0,0.351025372743607,0,0,0,18.9074259996414,0,0.227679520845413,0,0,0,0,2.0830100774765,36.40452298522,3023.56141871959,0.165617972612381,0,0,0,0,0,0,0,0,0,0,0,0,0,0,0,137.294916406274,0,0,0,732.662465035915,0,87.3224107548594,0.164754197001457,131.149704441428,0.267762750387192,0,10.8250741958618,0,0,2.28956934809685,0,0,0,0,0,0.267179176211357,0,2.47482521831989,0,0.525033101439476,0,0,689.288274288177,0,0,0,0,0,0,0,0.97386322915554,0,10.0879119709134,0,0,0,0,0,2278.28438298404,0,673.302540138364,0,1257.51203271002,0,7097.95177194476,3.72854286432266,0
29.1948473453522,0,71.0818654000759,0,0,0,0,0,0,0,0,0,0,0,0,0,0,0.9943817704916,323.496166735888,0,7.63820379972458,0,0,0,0,0,0,0,0,0,0,0,0,0,0,0,0,0,0,4.87980437278748,1907.65432541072,0,805.786800533533,0,477.406722515821,10.8250741958618,0,0,3.72075423598289,0,0,0,0,0,0,0,0,0,0,0,0,0,0,828.487729400396,0,0,0,0,0,0,0,0,0,0,0,0,0,0,0.800964772701263,1993.67909355462,0,0,66.9717160761356,0,5528.9248483479,0,0
0,0,0,0,0,0,0,0,0,0,0,0,0,0,0,0,0,0,0,0,0,0,0,0,0.248135715723038,0,0,0,0,0,0,280.501268163323,737.362198412418,1119.35125595331,1243.08939611912,51.4877845197916,629.267715260386,379.337140440941,154.75521312654,33.1031047701836,39.417917445302,12.4427580833435,10.6556338369846,0,0,0,0,0,1882.61701621115,2509.11625540257,0,0,0,0,0,1.49783134460449,0,0,0,0,0,0,0,0,0,0,1.70385158061981,2.29424867033958,0,0,0,0,0,26.958114027977,236.068875193596,248.212495744228,192.63156940788,530.512728303671,1478.60378426313,440.817705050111,1551.26122938097,2138.3509824127,3246.28699022532,10.335250556469,361.033222287893,0,0
122.148467928171,0,62.0927346646786,0,0,0,0,0,84.4252650737762,0,0,0,0,0,0,0,0,0,7.96852868795395,0,0,0,46.9490696191788,0,4.5894011259079,0,0,0,0,0,0,9.23032659292221,7.51238095760345,14.6606976538897,4.24499374628067,5.24720138311386,3.7123509645462,11.5804006010294,201.329587325454,6.40345859527588,1079.73346175253,0,149.948343098164,0,0,0,3.72075423598289,1882.61701621115,0,703.81552529335,0,0,0,0,0,0,0,0,0,0,0,0,0,0,0,149.442041024566,0,40.337462246418,0,0,0,54.2143905907869,0,215.050096690655,234.696875363588,33.3776448369026,3.22185301780701,16.3575518131256,113.957273155451,301.164871156216,79.696906760335,1506.99036926031,1128.08401891589,1.5014380812645,1072.89130939543,0,0
0,156.501486584544,0,397.804613679647,0,0.418575018644333,0,0,0,9.71827405691147,0,0,0,0,0,14.4484205842018,0,2.54804536700249,13.4946811944246,0.258298605680466,0,105.620820656419,0,19.2992385774851,0,0,0,0,0,0,0,0.208559647202492,13.2677711248398,65.5264271646738,3.87864431738853,3.1894191801548,0,144.813281603158,9.38700889050961,1324.92657990009,0,558.227979153395,1.82165339589119,0,0,2.28956934809685,0,2509.11625540257,703.81552529335,0,0,0,0,0,0,6.13298389315605,0,178.469340018928,0,13.0623843297362,0,156.582052461803,9.30942521989346,0,145.79458925128,0,95.440131098032,0,64.4574555456638,0,304.729480162263,0,306.17344673723,0,326.962023228407,0.175542756915092,3.53988565504551,2.88702046871185,348.243109881878,3.36326250433922,884.811020672321,65.9945597946644,2304.84751744568,0.577793151140213,1238.76662906259,2.15290044248104,0
0,0,164.661577418447,0,75.4784594923258,0,0,0,0,0,0,0,0,0,0,0,0,0,0,0,0.439613401889801,0,0,0,0,0,0,0,0,0,0,0,0,0,0,0,0,0,0,0,0,0,0,0,0,0,0,0,0,0,0,0,0,0,0,0,119.34987924993,0,17.0848392546177,0,0,0,0,10.2965381890535,0,0,0,0,0,0,0,0,0,0,0,0,0,0,0,0,0,0,375.712522268295,0,151.624006718397,0,0
0,0,0,75.6650775671005,0,785.656438112259,0,0,0,0,0,23.1297953724861,0,0,0,0,0,0,0,20.9787547290325,0,0,0,0,0,0,0,0,0,0,0,0,0,0,0,4.37575420737267,0,0,0,0,0,0,0,0,0,0,0,0,0,0,0,0,0,0,0,25.1588710546494,0,127.96945913136,0,17.8467951714993,0,0,1.07697504758835,0,0,0,0,0,0,0,0,0,0.164194390177727,0,0,0,0,0,0,0,0,0,13.5409916341305,0.413537919521332,20.4992914125323,0,0
0,0,0,0,0,0,21,0,0,0,0,0,0,0,0,0,0,0,0,0,51.4941194057465,0,0,0,0,0,0,0,0,0,0,0,0,0,0,0,0,0,0,0,0,0,0,0,0,0,0,0,0,0,0,0,0,0,0,0,0,0,0,0,0,0,0,0,0,0,0,0,0,0,0,0,0,0,0,0,0,0,0,0,0,0,58.0824496746063,0,0,0,0
0,0,0,0,0,8,0,2,0,0,0,0,0,0,0,0,0,0,0,1.05235242843628,0,0,0,0,0,0,0,0,0,0,0,0,0,0,0,0,0,0,0,0,0,0,0,0,0,0,0,0,0,0,0,0,0,0,0,0,0,16.8207379281521,0,4,0,0,0,0,0,0,0,0,0,0,0,0,0,0,0,0,0,0,0,0,0,0,4,0,0,0,0
206.449587106705,0,221.659893408418,0,0,0,0,0,103.550726354122,0,0,0,0,0,11.2839547991753,0,7.13402462005615,0,0,0,0,0,0,0,17.2692053318024,0,0,0,0,0,0,0,0,0,0,0,0,0,1,0,0,0,0.577876567840576,0,0,0,0,0,0,0,0,0,0,0,0,0,0,0,0,0,0,0,0,0,0,0,0,775.037178874016,0,0,0,0,0,0,0,0,0,0,0,0,0,1,25.2193740606308,0,27.7593312263489,0,0
0,264.878106459975,0,359.995003923774,0,0,0,0,0,675.103431291878,0,0.237349823117256,0,0,0,0,0,0.528293371200562,0.475441783666611,0,0,0,0,0.951948940753937,0,0,0,0,0,0,0,0,0,0,0,0,0,89.0998350530863,0,4.102071210742,0,119.590716511011,0,0,0,0.267179176211357,0,1.49783134460449,0,6.13298389315605,0,25.1588710546494,0,0,0,0,0,1.37436960637569,0,0.915706545114517,0,181.917263552547,0,0,0,0,22.5018534660339,0,0,0,1.02468256652355,0,46.8186998590827,0,0,0,0,0,4.13252903521061,0,79.7687037363648,0,241.762689746916,0,88.7137336581945,0.280912950634956,0
0,0,88.352880269289,0,0,0,83.2646980285645,0,0,0,1046.76619762182,0,0,0,0,0,0,0,0,0,630.602226525545,0,0,0,0,0,0,0,0,0,0,0,0,0,0,0,697.360497385263,0,1612.70203584433,0,0,0,0,0,0,0,0,0,0,0,119.34987924993,0,0,0,0,0,0,0,281.523979946971,0,3,0,0,756.128915578127,0,0,0,0,0,0,0,721.153542384505,0,617.318828657269,0,0,0,0,0,3.45789897441864,0,66.6434909999371,601.340027630329,208.839018106461,665.176313057542,0,0
0,116.643117524683,0,77.9095968231559,0,30.5006310641766,0,0,0,2.6135751157999,0,1385.90724171698,0,0,0,0,0,0,4.79959055781364,905.205028370023,0,2.30760848522186,0,0,0,0,0,0,0,766.652709960938,0,0,0,0,0,108.524572715163,0,1337.54336684942,0,17.2009452879429,0,53.9109750837088,0,0,0,2.47482521831989,0,0,0,178.469340018928,0,127.96945913136,0,16.8207379281521,0,1.37436960637569,0,0,0,954.018527165055,0,83.2810830175877,878.395668245852,0,86.6123825758696,0,0,0,46.3709707707167,0,1138.56251434982,0,754.310237579048,0,0,0,0,0,40.5943089053035,0,181.780232347548,0,38.2768880203366,7.78932899236679,744.043735668063,0.426093697547913,0
0,0,362.73760266602,0,12.4780466258526,0,0,0,9.28710246086121,0,626.175091683865,0,47.3860791921616,0,126.33790820837,0,0,0,0,0,0,0,0,0,0,0,0,0,0,0,27.7837985157967,0,0,0,0,0,0,0,0,0,0,0,0,0,0,0,0,0,0,0,17.0848392546177,0,0,0,0,0,281.523979946971,0,0,0,175.461332634091,0,0,29.8721853047609,0,0,0,0,0,0,0,0,0,0,0,0,0,0,0,0,0,0,568.411948800087,90.9386548995972,431.578118339181,0,0
0,70.4303209260106,0,437.060500130057,0,59.7698314040899,0,13,0,8.0358387902379,0,60.0460571348667,0,1418.73403945565,0,29.6821395158768,0,0,1.74942922592163,90.9271490722895,0,0,0,0,0,0,0,0,0,0,0,0,0,0,0,10.3715617954731,0,3.84834384918213,0,5.32847449928522,0,18.9773455262184,0,0,0,0.525033101439476,0,0,0,13.0623843297362,0,17.8467951714993,0,4,0,0.915706545114517,0,954.018527165055,0,0,0,478.349478088319,30.2362738400698,0,1.77665017545223,0,0,0,153.434405080974,0,569.103202410042,0,47.7828627228737,0,0,0,0,0,4.66174115985632,0,4.7913932800293,0,72.8135963380337,304.653197050095,263.423425480723,0.269897907972336,0
0,0,161.157649844885,0,0.730023086071014,0,0,0,123.548851311207,0,0,0,0,0,145.629545450211,0,0,0,0,0,0,0,0,0,0,0,0,0,0,0,0,0,0,0,0,0,0,0,0,0,0,0,0,0,0,0,0,0,0,0,0,0,0,0,0,0,3,0,175.461332634091,0,0,0,0,0,0,0,0,0,0,0,0,0,0,0,0,0,0,0,0,0,0,0,306.46746891737,0,1.99993322789669,0,0
0,110.129084907472,0,401.48689249903,0,16.1819838285446,0,0,0,63.1357344686985,0,2.40644437074661,0,335.388643175364,0,103.951743423939,0,4.77705478668213,0,0,0,0,0,0,0,0,0,0,0,0,0,0,0,0,0,0.274060189723969,0,0.734180480241776,0,2.76208760589361,0,7.50964342057705,0,0,0,0,0,0,0,156.582052461803,0,0,0,0,0,181.917263552547,0,83.2810830175877,0,478.349478088319,0,0,0.259545378386974,0,0,0,0.962514221668243,0,16.0840722024441,0,12.5412807017565,0,48.6562226936221,0,0,0,0,0,1.82918310165405,0,3.64990691840649,0,179.765923388302,0,90.11913947016,0.391655921936035,0
0,16.2164548262954,0,12.8926763981581,0,0,0,0,0,0,0,28.7966372668743,0,0,0,0,0,0.771642997860909,26.3474115207791,1977.58217306435,0,0,0,0,0,0,0,0,0,0,0,0,0,0,0,499.842254817486,0,3.47542893886566,0,471.284181304276,0,61.0244028717279,0,23.6032216697931,0,689.288274288177,0,0,0,9.30942521989346,0,1.07697504758835,0,0,0,0,0,878.395668245852,0,30.2362738400698,0,0.259545378386974,0,0,0,0,0,0,0.632262960076332,0,70.7255984544754,0,273.874471411109,0,0,0,0,0,186.348825104535,0,55.8807908818126,0,143.320507630706,0,796.644351553172,0,0
0,0,0,0,0,0,0,0,0,0,862.102871596813,0,0,0,0,0,0,0,0,0,1962.79328393936,0,0,0,0,0,0,0,0,0,0,0,0,0,0,0,3019.05830731988,0,562.430944800377,0,184.698421314359,0,20.9628640115261,0,0,0,828.487729400396,0,0,0,10.2965381890535,0,0,0,0,0,756.128915578127,0,29.8721853047609,0,0,0,0,0,0,0,0,0,0,0,0,0,0,159.157209038734,0,0,0,0,0,438.702900379896,0,38.3194905817509,241.441033452749,0,928.989717081189,0,0
0,0,0,0,0,0,0,0,0,0,0,0,0,0,0,0,0,26.6238844394684,0,0,0,2191.24813348055,424.600560307503,15.8795886188745,0,61.5183370113373,0,210.694793820381,0,0,0,0,0,0,0,0,0,1226.03733812273,0,0,0,1.05335819721222,0,0,0,0,0,0,0,145.79458925128,0,0,0,0,0,0,0,86.6123825758696,0,1.77665017545223,0,0,0,0,0,125.679101645947,185.375747442245,0,36.8734351545572,0,429.705912202597,0,0,0,0,0,0,0,0,0,514.873524934053,0,2781.24899470806,288.061848849058,4.90831723809242,0,0
0,0,0,0,0,0,0,0,0,0,0,0,0,0,0,0,22.8240366280079,0,0,0,0,2787.41677606106,12512.6590213627,0,101.424796879292,0,88.5891144275665,0,14.4229226112366,0,0,0,0,0,0,0,0,1.59684777259827,251.568170249462,0,0,0,0,0,0,0,0,0,149.442041024566,0,0,0,0,0,0,0,0,0,0,0,0,0,0,0,125.679101645947,0,0,46.8958800137043,0,2.37275433540344,0,6.35731244087219,0,4.59119498729706,0,0,0,0,0,0,0,609.115157991648,2621.89320728183,156.402975261211,0.295097440481186,0,0
0,1.9647062420845,0,0,0,0,0,0,0,15.7741696387529,0,0,0,0,0,0,0,24.2328651696444,1.10604980587959,0,0,89.0442360937595,0,974.618833959103,0,180.059218525887,0,0,0,0,0,0,0,0,0,0,0,172.064728230238,0,1.19774205982685,0,83.7783016562462,0,0,0,0,0,1.70385158061981,0,95.440131098032,0,0,0,0,0,22.5018534660339,0,0,0,0,0,0.962514221668243,0,0,185.375747442245,0,0,0,183.147275686264,0,10.9101932048798,0,0,0,0,0,0,0,0.468895971775055,0,403.439758896828,0,889.668476268649,0,291.688342764974,2.99226078391075,0
0,0,0,0,0,0,0,0,14.6118440628052,0,0,0,0,0,0,0,0,0,0,0,0,0,813.836450606585,0,140.253763645887,0,0,0,0,0,0,0,0,0,0,0,0,1.21274721622467,646.636121988297,0,0,0,6.79894454777241,0,0,0,0,2.29424867033958,40.337462246418,0,0,0,0,0,775.037178874016,0,0,0,0,0,0,0,0,0,0,46.8958800137043,0,0,0,0,0,0,0,0,0,0,0,0,0,0,0.85035665333271,809.216134637594,52.6783426254988,0.578212231397629,406.77508752048,0,0
0,13.295263260603,0,0,0,0,0,0,0,0,0,0,0,0,0,0,0,398.059721499681,0,1.10845713317394,0,201.804874420166,0,1545.21516659856,0,164.652863144875,0,0,0,0,0,0,0,0,0,0,0,0,0,0,0,0,0,0,0,0,0,0,0,64.4574555456638,0,0,0,0,0,0,0,46.3709707707167,0,153.434405080974,0,16.0840722024441,0.632262960076332,0,36.8734351545572,0,183.147275686264,0,0,0,540.866507336497,0,0,0,0,0,0,0,0,0,0,0,178.110459655523,0,3.46284499764442,0,0
0,0,0,0,0,0,0,0,0,0,0,0,0,0,0,0,411.430205076933,0,0,0,0,0,347.284457683563,0,0,0,137.160767793655,0,0,0,0,0,0,0,0,0,0,0,0,0,0,0,0,0,0,0,0,0,0,0,0,0,0,0,0,0,0,0,0,0,0,0,0,0,0,2.37275433540344,0,0,0,0,0,0,0,0,0,0,0,0,0,0,0,0,6.12002041935921,0,0,0,0
0,6.0299948900938,0,4.53032866120338,0,0.843989297747612,0,0,0,0.295864462852478,0,194.007177114487,0,20.1434051990509,0,0,0,0,0.382915765047073,21.6118166744709,0,119.25816346705,0,0,0,0,0,2714.33713299036,0,566.713162660599,0,0,0,0,0,0,0,557.38495361805,0,1.74428457021713,0,0,0,0,0,0.97386322915554,0,0,0,304.729480162263,0,0,0,0,0,1.02468256652355,0,1138.56251434982,0,569.103202410042,0,12.5412807017565,70.7255984544754,0,429.705912202597,0,10.9101932048798,0,540.866507336497,0,0,0,7.35542824864388,0,0,0,0,0,2.6177069991827,0,142.838313341141,0,181.578141763806,325.411018490791,215.358627840877,0,0
0,0,0,0,0,0,0,0,0,0,528.078837513924,0,0,0,0,0,143.766771972179,0,0,0,0,0,1438.6329652667,0,0,0,0,0,3225.75433626771,0,49.8033565282822,0,0,0,0,0,0,0,0.381151109933853,0,0,0,0,0,0,0,0,0,54.2143905907869,0,0,0,0,0,0,0,721.153542384505,0,0,0,0,0,0,0,0,6.35731244087219,0,0,0,0,0,0,0,333.611022129655,0,0,0,0,0,0,0,220.786344334483,388.59544467926,229.422481954098,92.8636231422424,0,0
0,50.8553281277418,0,161.790981777012,0,6.96060813963413,0,0,0,46.4044013917446,0,1,0,0,0,0,0,86.6112207621336,271.907649077475,0,0,0,0,3.24883460998535,0,0,0,32.5984647870064,0,168.018117070198,0,0,0,0,0,0,0,35.6014733910561,0,8.80183353275061,0,49.8979142010212,0,0,0,10.0879119709134,0,0,0,306.17344673723,0,0.164194390177727,0,0,0,46.8186998590827,0,754.310237579048,0,47.7828627228737,0,48.6562226936221,273.874471411109,0,0,0,0,0,0,0,7.35542824864388,0,0,0,0,0,0,0,12.8075731992722,0,237.515080988407,0,136.526447661221,0,672.81630307436,2.54119080305099,0
0,0,0,0,0,0,0,0,0,0,0,0,0,0,0,0,0,0,0,0,0,0,0,0,0,0,0,0,14.7727185189724,0,197.887078046799,0,0,0,0,0,0,0,43.5192331075668,0,0,0,4.90979552268982,0,0,0,0,26.958114027977,215.050096690655,0,0,0,0,0,0,0,617.318828657269,0,0,0,0,0,0,159.157209038734,0,4.59119498729706,0,0,0,0,0,333.611022129655,0,0,0,0,0,0,0,0,0,917.530298635364,81.7402344346046,19.1391496658325,1700.65727518499,0,0
0,0,0,0,0,0,0,0,0,0,0,0,0,0,0,0,0,0,0,0,0,0,0,0,0,0,0,0,0,0,0,174.743383437395,641.354603797197,47.7054288983345,4.00226604938507,483.476599812508,0,0,0,1.51876890659332,0,0,0,0,0,0,0,236.068875193596,234.696875363588,326.962023228407,0,0,0,0,0,0,0,0,0,0,0,0,0,0,0,0,0,0,0,0,0,0,0,0,0,324.238421976566,159.291522108018,79.5345851182938,71.5249480307102,2.33348703384399,0,0,15.5128350257874,0,0,0,0
0,0,0,0,0,0,0,0,0,0,0,0,0,0,0,0,0,0,0,0,0,0,0,0,0,0,0,0,0,0,0,385.238561153412,1799.4650734961,0,8.82011248171329,9.58296251296997,407.977200627327,0,0,0,2.17916068434715,0,0,0,0,0,0,248.212495744228,33.3776448369026,0.175542756915092,0,0,0,0,0,0,0,0,0,0,0,0,0,0,0,0,0,0,0,0,0,0,0,0,324.238421976566,0,19.5291318893433,123.98764398694,10.5691542625427,12.3725038766861,0,0,341.421231389046,0,0,0,0
0,0,0,0,0,0,0,0,0,0,0,0,0,0,0,0,0,0,0,0,0,0,0,0,0,0,0,0,0,0,0,192.405496262014,41.9269495010376,3123.28000976145,2719.17527717352,801.526333808899,0,1225.72764837742,0,0,0,0,0,0,0,0,0,192.63156940788,3.22185301780701,3.53988565504551,0,0,0,0,0,0,0,0,0,0,0,0,0,0,0,0,0,0,0,0,0,0,0,0,159.291522108018,19.5291318893433,0,1327.96967256069,345.415547713637,0,50.8931848704815,1.96238243579865,90.9571589678526,0,0.814611688256264,0,0
0,0,0,0,0,0,0,0,0,0,0,0,0,0,0,0,0,0,0,0,0,0,0,0,0,0,0,0,0,0,0,21.4850100278854,155.83445392549,2167.29296702147,2623.93601611257,0,422.598335772753,40.5395876765251,27.9748641550541,0,0,0,0,0,0,0,0,530.512728303671,16.3575518131256,2.88702046871185,0,0,0,0,0,0,0,0,0,0,0,0,0,0,0,0,0,0,0,0,0,0,0,0,79.5345851182938,123.98764398694,1327.96967256069,0,23.8737516701221,0,131.363727033138,144.914672732353,246.243487477303,0,0,0,0
0,85.728224620223,0,47.9774269834161,0,2.57674650847912,0,0,0,10.7511661872268,0,0.591158211231232,0,0,0,0,0,44.9696203023195,1948.42554631084,112.526650071144,0,0,0,1.21602061390877,0,0,0,0,0,0,0,421.262979954481,218.62745308876,30.9725023508072,56.9190410077572,21146.3665733337,3811.98612219095,751.911600351334,0,1978.91504564136,0,865.044417120516,0,115.044400684536,0.126817464828491,2278.28438298404,0.800964772701263,1478.60378426313,113.957273155451,348.243109881878,0,0,0,0,0,4.13252903521061,0,40.5943089053035,0,4.66174115985632,0,1.82918310165405,186.348825104535,0,0,0,0.468895971775055,0,0,0,2.6177069991827,0,12.8075731992722,0,71.5249480307102,10.5691542625427,345.415547713637,23.8737516701221,0,2217.30161547661,617.815092921257,0,3707.2755003348,119.718512415886,2351.42343693227,140.319553799927,0
0,0,0,0,0,0,0,0,0,0,24.3022317290306,0,0,0,0,0,0,0,0,0,74.2671214342117,0,0,0,0,0,0,0,0,0,0,22.4089353382587,37.641482770443,0,19.8851267397404,1476.73665496707,13155.5007420331,0,66.9472942352295,0,676.867499366403,0,3.71153175830841,0,0,0,1993.67909355462,440.817705050111,301.164871156216,3.36326250433922,0,0,0,0,0,0,3.45789897441864,0,0,0,0,0,0,438.702900379896,0,0,0,0,0,0,0,0,0,0,2.33348703384399,12.3725038766861,0,0,2217.30161547661,0,0,1.2120777964592,1092.3309366405,3,2055.60249972343,0,0
0,40.9151399880648,0,18.8990959376097,0,0.159546390175819,0,0,0,75.5737426280975,0,70.2647285461426,0,0,0,0,0.288681924343109,47.0135917663574,556.230591282248,0.829878501594067,0,1681.88427865505,0,98.3911204040051,0,0,0,0,0,0,0,0.175962045788765,0,89.9498139470816,24.6460252404213,587.099171221256,0,12706.6383478567,105.993484050035,59.5585804954171,0,175.862369135022,9.55467936396599,2.93606501817703,0,673.302540138364,0,1551.26122938097,79.696906760335,884.811020672321,0,0,0,0,0,79.7687037363648,0,181.780232347548,0,4.7913932800293,0,3.64990691840649,55.8807908818126,0,514.873524934053,0,403.439758896828,0.85035665333271,0,0,142.838313341141,0,237.515080988407,0,0,0,50.8931848704815,131.363727033138,617.815092921257,0,0,284.277224093676,2433.31042303145,332.705747142434,2076.69954681396,233.137356594205,0
0,0,0,0,0,0,0,0,0,0,594.955105543137,0,0,0,0,0,0,0,0,0,0,53.9272099733353,1879.68872433901,0,450.708480387926,0,0,0,0,0,12.7092733681202,0,0,21.4358957260847,58.1954504847527,0,24.9675562977791,246.327080085874,18649.2788556367,0,0,1.38748644292355,67.8083427995443,0,0,0,0,2138.3509824127,1506.99036926031,65.9945597946644,0,0,0,0,1,0,66.6434909999371,0,0,0,0,0,0,38.3194905817509,0,609.115157991648,0,809.216134637594,0,0,0,220.786344334483,0,917.530298635364,0,0,1.96238243579865,144.914672732353,0,1.2120777964592,284.277224093676,0,2121.65921099484,263.661122724414,666.505442738533,0,0
164.601786464453,271.063764192164,76.069387614727,596.976864300668,534.72614556551,355.452979303896,7,2,575.124732002616,1299.16336984932,747.370469450951,81.1817589998245,838.682372152805,65.090929299593,208.314040735364,174.353099942207,8107.18656353652,9271.50526671112,9774.43035791814,314.637366056442,402.988491654396,2139.25046470761,1566.82827940583,610.368439257145,168.721573039889,235.921864211559,113.699334621429,1043.64655631781,856.605963796377,0,118.872997313738,34.0640484541655,336.581911087036,297.881103023887,98.788067728281,5754.72122557461,2825.31438297033,1798.54623034596,2193.34876106679,85.7550869509578,0,1035.63257949799,893.764713153243,130.76234741509,520.705236785114,1257.51203271002,66.9717160761356,3246.28699022532,1128.08401891589,2304.84751744568,375.712522268295,13.5409916341305,58.0824496746063,4,25.2193740606308,241.762689746916,601.340027630329,38.2768880203366,568.411948800087,72.8135963380337,306.46746891737,179.765923388302,143.320507630706,241.441033452749,2781.24899470806,2621.89320728183,889.668476268649,52.6783426254988,178.110459655523,6.12002041935921,181.578141763806,388.59544467926,136.526447661221,81.7402344346046,15.5128350257874,341.421231389046,90.9571589678526,246.243487477303,3707.2755003348,1092.3309366405,2433.31042303145,2121.65921099484,0,11027.2338962555,9596.95859456807,67.7289741113782,133.833305478096
0,0,0,0,3.53606861829758,0,0,0,442.335848689079,1497.39252355695,450.30378049612,0,2166.17031013966,343.90088288486,71.5928297042847,611.306378364563,398.593294858932,1169.14340057969,46.7615827322006,3.86219453811646,0,446.758125662804,301.696953177452,0,0.317576140165329,2.55365610122681,0,817.23482966423,2411.77579808235,0,36.9384891986847,0,0,5.46980023384094,1.7796722650528,41.1407714486122,0.885757327079773,367.218871563673,193.667236804962,0,0,0,57.8480981141329,0,0,0,0,10.335250556469,1.5014380812645,0.577793151140213,0,0.413537919521332,0,0,0,0,208.839018106461,7.78932899236679,90.9386548995972,304.653197050095,0,0,0,0,288.061848849058,156.402975261211,0,0.578212231397629,0,0,325.411018490791,229.422481954098,0,19.1391496658325,0,0,0,0,119.718512415886,3,332.705747142434,263.661122724414,11027.2338962555,0,42.6897989958525,0,0
