0,0,13.8659415543079,0,28.8150863647461,0,0,0,11.8217451572418,0,0,0,0,0,0,0,16.6680728594462,0,12.2791999578476,0,0,0,0,0,0,0,0,0,0,0,0,0,0,0,0,0,0,0,32.5210742950439,0,40.1406722068787,61.4916763305664,16.0360516505163,0,31.9706249237061,0,32.165844483809,0,7.43925010376562,0,0,0,0,0,4.68037429722873,0,15.7704703467233,0,13.5965958178883,0,9.22394507271903,0,0,35.5056762695312,0,0,0,0,0,0,0,0,0,19.1867514252663,0,0,0,0,0,47.2254456414117,0,39.6013317108154,18.5801065638661,31.2396812438965,11.5190232713253,0,7.39743117023917
0,0,0,11.162045173645,0,24.1205371856689,0,0,0,13.1104195471853,0,0,0,9.28042721748352,0,10.2173142799964,0,49.1512985229492,24.4140677261353,0,0,0,0,12.3561509336744,0,0,0,0,0,0,0,0,0,0,0,34.7065213521322,0,18.8975529330117,0,41.1429977416992,0,20.9177884555234,0,0,0,29.8902382850647,33.3111381530762,0,0,7.8821553702126,0,22.5657653808594,0,0,0,8.15685428040368,0,12.3699800438351,0,8.8654168175488,0,8.5123998510254,30.9341005706787,0,0,0,14.1492985421278,0,13.3927515574864,0,11.8936906294389,0,27.1250808238983,0,0,0,0,0,47.5254761695862,0,16.0886979001634,0,18.5432572051098,28.649728502546,14.5839770902914,14.2423375447591,0
13.8659415543079,0,0,0,11.4342855811119,0,0,0,17.3207106781006,0,0,0,0,0,0,0,0,0,55.8024826049805,0,31.9994144439697,0,0,0,0,0,0,0,0,0,0,0,0,0,0,0,26.4068111843533,0,37.8806419372559,42.8099479675293,31.6950178146362,59.1647300720215,33.1406509340271,0,0,39.8862476348877,21.875127860478,0,13.7061044630015,0,12.0217916170756,0,0,0,0,0,21.7066939862569,0,0,52.5112342834473,6.19773777325948,0,0,31.9972769419352,0,0,0,0,0,0,0,0,0,30.0606458981832,0,0,0,0,46.8079566955566,48.2884600503104,0,41.5051040649414,25.4142908213431,8.27658149174282,23.8610042392445,0,22.4456195831299
0,11.162045173645,0,0,0,13.3579474225336,0,0,0,19.6256994284116,0,0,0,0,0,9.1369338300493,0,0,61.7827758789062,10.820574760437,0,0,0,25.2233152389526,0,0,0,0,0,0,0,0,0,0,0,29.2441522424871,0,29.9004255022321,0,39.9766715014422,0,39.3008578553492,0,0,0,22.3428549707672,52.9388160705566,0,0,14.512026659405,0,12.0789631007786,0,0,0,13.0869265556335,71.4214401245117,8.50472071219464,0,6.25575759632867,0,8.69283679127693,22.2105284820903,0,0,0,25.5067534013228,0,0,0,0,0,32.0139611816406,0,0,0,0,0,30.3084683418274,0,38.5382446561541,0,23.5196840047836,0,23.1233877200639,38.0614366531372,0
28.8150863647461,0,11.4342855811119,0,0,0,7.70357656478882,0,0,0,0,0,0,0,0,0,0,0,0,0,4.92270840917315,0,0,0,0,0,0,0,0,0,0,0,0,0,0,0,13.2462153434753,0,0,0,0,0,0,0,0,0,24.0126647949219,0,0,0,5.86128237647732,0,6.17678610483805,0,0,0,22.5526261329651,0,7.05034897062514,0,6.96961688995361,0,0,0,0,0,0,0,0,0,0,0,0,0,0,0,0,0,0,0,0,0,5.55548512209155,10.5480270385742,7.44667255814011,0,0
0,24.1205371856689,0,13.3579474225336,0,0,0,3.02560607024602,0,33.6630849838257,0,0,0,0,0,0,0,0,38.1081619262695,4.56372106075287,0,0,0,0,0,0,0,0,0,0,0,0,0,0,0,31.3423218727112,0,0,0,39.5789330601692,0,43.6532504860012,0,21.8962688446045,0,36.1725803375244,42.9391021728516,0,0,30.4321269512177,0,4.2419217841266,0,0,0,0,0,29.8057432174683,0,21.8366451263428,0,7.44699263572693,14.7380257844925,0,0,0,38.7361755371094,0,0,0,0,0,40.3348786490304,0,0,0,0,0,43.9840759277344,0,46.1215515136719,0,13.9318534872914,6.26031985372867,32.9462569168921,35.6363677978516,0
0,0,0,0,7.70357656478882,0,0,0,0,0,2.95722019672394,0,0,0,0,0,0,0,0,0,6.9325868670757,0,0,0,0,0,0,0,0,0,0,0,0,0,0,0,0,0,0,0,0,0,0,0,0,0,0,0,0,0,4.65190669206473,0,4.3614450280865,0,0,0,9.91097735233363,0,6.51935158669949,0,0,0,0,14.385389239289,0,0,0,0,0,0,0,0,0,0,0,0,0,0,0,0,0,0,2.75719046592712,2.91298694963808,0,0,0
0,0,0,0,0,3.02560607024602,0,0,0,0,0,0,0,0,0,0,0,0,0,0,0,0,0,0,0,0,0,0,0,0,0,0,0,0,0,0,0,0,0,0,0,0,0,0,0,0,0,0,0,0,0,3.98421574521948,0,3.94989853391842,0,0,0,4.00329138835271,0,0,0,0,0,0,0,0,0,0,0,0,0,0,0,0,0,0,0,0,0,0,0,0,3.10060520399184,0,0,0,0
11.8217451572418,0,17.3207106781006,0,0,0,0,0,0,0,0,0,0,0,4.37560906635939,0,5.46193593426755,0,12.3124942684174,0,24.5907764434814,0,0,0,3.14685516972696,0,0,0,0,0,0,0,0,0,0,0,62.1734313964844,0,13.7329635620117,0,40.7453505198161,0,17.3773037052523,0,31.1618285179138,0,31.2330963751849,0,21.1497378600271,0,0,0,0,0,6.42546391825858,0,21.7084697690503,0,24.8373420238495,0,6.80805751299247,0,0,34.7376377105713,0,0,0,2.94863224029541,0,8.5177755355835,0,23.3914629618327,0,23.0028435990617,0,0,0,0,0,50.1174486987996,0,41.8554988641005,9.64049253067187,4.27798681259155,19.2951232781751,0,8.21841532621926
0,13.1104195471853,0,19.6256994284116,0,33.6630849838257,0,0,0,0,0,0,0,30.689172744751,0,6.26468876361847,0,78.9299011230469,38.3676056861877,0,0,0,0,4.43619586808474,0,4.32866835594177,0,0,0,0,0,0,0,0,0,0,0,14.3127492252661,0,53.7109359741211,0,18.8941549743514,0,32.1457748413086,0,46.1167407035828,0,0,0,18.7492882789127,0,41.379674911499,0,0,0,4.30045313183327,0,23.1357431411743,0,21.9999904632568,0,11.2420236825943,45.1703605651855,0,0,0,5.85652504192563,0,21.4282989501953,0,26.0329170227051,0,22.0676484107971,0,0,0,0,0,44.7029081980387,0,19.6490404389121,0,12.0310984946049,3.89907380535796,16.621816491456,5.95634466229063,0
0,0,0,0,0,0,2.95722019672394,0,0,0,0,0,2.95631408691406,0,0,0,0,0,0,0,3.41158053319748,0,0,0,0,0,0,0,5.28902578353882,0,9.19259075357996,0,0,0,0,0,3.02061206102371,0,2.83621832397249,0,0,0,0,0,0,0,0,0,0,0,3.06139385700226,0,0,0,0,0,7.32276809357753,0,5.82858395954919,0,0,0,0,2.95703983306885,0,0,0,0,0,0,0,2.95859050750732,0,0,0,0,0,0,0,0,0,0,3.10629407113249,2.84882352465675,0,0,0
0,0,0,0,0,0,0,0,0,0,0,0,0,4.85304302054566,0,0,0,0,0,3.63839754131105,0,0,0,0,0,0,0,0,0,3.36641159852346,0,0,0,0,0,5.32072963078817,0,4.45810592545403,0,0,0,0,0,0,0,0,0,0,0,0,0,11.3688577810923,0,0,0,0,0,5.50650766249948,0,2.96187543869019,0,0,3.14437627792358,0,0,0,0,0,0,0,3.41470789909363,0,4.74664045424357,0,0,0,0,0,6.66662973827786,0,6.95962210496267,0,4.88034528704542,2.75237035751343,0,0,0
0,0,0,0,0,0,0,0,0,0,2.95631408691406,0,0,0,4.64436162145514,0,0,0,0,0,0,0,0,0,0,0,0,0,5.55522271565029,0,0,0,0,0,0,0,0,0,0,0,0,0,0,0,0,0,0,0,13.2385554909706,0,0,0,0,0,0,0,8.47348431178502,0,3.99614868047594,0,4.28793840408325,0,0,0,0,0,0,0,0,0,0,6.62382666269938,0,0,0,0,0,0,0,0,0,0,2.80932925876818,3.13362321100737,17.3719695409139,0,0
0,9.28042721748352,0,0,0,0,0,0,0,30.689172744751,0,4.85304302054566,0,0,0,3.16436599848563,0,0,0,0,0,0,0,0,0,0,0,0,0,0,0,0,0,0,0,36.0418167114258,0,0,0,0,0,0,0,0,0,0,0,0,0,5.04567103550352,0,0,0,0,0,0,0,13.7074849422161,0,3.26181062044099,0,3.73345536845071,0,0,0,0,0,0,4.63505482673645,0,3.58390090465546,0,15.6183681488037,0,0,0,0,0,0,0,0,0,4.23843435680165,0,24.6892280578613,0,0
0,0,0,0,0,0,0,0,4.37560906635939,0,0,0,4.64436162145514,0,0,0,0,0,0,0,0,0,0,0,0,0,0,0,0,0,0,0,0,0,0,0,0,0,0,0,0,0,0,0,0,0,0,0,12.8294153690338,0,0,0,0,0,9.66261768341064,0,5.67954794565837,0,5.41210816587721,0,3.40691644567633,0,0,0,0,0,0,0,0,3.14649654079128,0,9.20315301418304,0,0,0,0,0,0,0,0,0,0,3.46275914126429,3.26605415344238,15.2303977012634,0,0
0,10.2173142799964,0,9.1369338300493,0,0,0,0,0,6.26468876361847,0,0,0,3.16436599848563,0,0,0,2.82149346669515,0,0,0,0,0,4.61749496570853,0,3.58733558654785,0,0,0,0,0,0,0,0,0,0,0,41.7674617767334,0,48.4681854248047,0,44.9729726690995,0,0,0,37.2026934623718,0,0,0,11.1778726682943,0,3.648318618536,0,0,0,4.8398937269261,0,0,0,3.27626902610064,0,3.82437249623477,40.0810527801514,0,0,0,2.74139213562012,0,3.50779067145454,0,3.97254157066345,0,43.0448246002197,0,0,0,0,0,56.1473789215088,0,54.2365131378174,0,19.4534798349653,0,39.6964584103337,0,0
16.6680728594462,0,0,0,0,0,0,0,5.46193593426755,0,0,0,0,0,0,0,0,26.412169059804,20.5762698804199,0,49.6967926025391,0,5.35969064755147,0,3.72491371220556,0,4.80039792555444,0,8.95428339640299,0,0,0,0,0,0,100.714632034302,81.792478683147,0,0,80.5792809440976,62.0877404242205,67.4080504852087,45.4395833192048,58.9629788398743,46.098335777841,73.5618489200908,53.076560729752,0,0,70.8395767211914,105.301124572754,0,0,0,0,0,68.2889998299735,0,0,0,0,0,83.0541243119673,60.4886161940438,0,4.76789028413834,115.723937988281,0,0,0,0,10.5694353580475,92.3718910217285,57.0459146499634,0,0,0,0,90.416950068523,72.3922885819977,77.761464436849,60.1853024055218,17.9999216276001,11.8454266501061,55.7811488888998,62.9785388401576,43.2464570377184
0,49.1512985229492,0,0,0,0,0,0,0,78.9299011230469,0,0,0,0,0,2.82149346669515,26.412169059804,0,21.9085822162778,0,0,0,0,5.80515384674072,0,5.45609789171654,0,0,0,0,0,0,0,0,0,93.4893917507596,100.388437906901,0,0,74.7882190456052,86.2406349182129,57.2060744403849,59.5254339330337,54.1111494700114,65.6915302276611,65.1645356699907,71.7383658167828,0,0,65.6325378417969,0,0,0,0,0,0,77.8681106567383,51.0849647521973,0,0,0,40.049837231636,76.3728179931641,86.9891519546509,3.27237892150879,0,0,0,4.50529160598914,0,7.4095516204834,0,67.5384207831489,91.3631896972656,0,0,0,0,85.4586963844299,97.5881605757044,70.6575134277344,80.4632434844971,15.9674526411032,11.0350752457704,66.9027131842088,53.5004509220953,71.1932977040609
12.2791999578476,24.4140677261353,55.8024826049805,61.7827758789062,0,38.1081619262695,0,0,12.3124942684174,38.3676056861877,0,0,0,0,0,0,20.5762698804199,21.9085822162778,0,46.6352119445801,45.7565307617188,0,0,0,0,0,0,0,0,0,0,0,0,0,0,68.0261092503866,82.3337575008995,45.2179260253906,0,55.4071435355355,58.2296272736251,29.9730623773014,21.8462020970754,30.4435040737901,32.2441181655114,51.5611641502237,49.4130666656199,0,13.0417528152466,37.7303337097168,68.6357930501302,46.4102554321289,0,0,0,56.604808807373,53.2899717754788,40.5986359914144,0,0,0,0,60.5342075443268,56.1954932396228,0,0,43.6385943889618,0,0,0,0,0,37.4254012014352,48.5609684944153,0,0,0,0,65.4343450466576,69.5754264446154,50.3497861088186,57.8837420145671,14.0828847724662,29.0963495030548,45.5661816189495,29.8302268804256,38.5319049513552
0,0,0,10.820574760437,0,4.56372106075287,0,0,0,0,0,3.63839754131105,0,0,0,0,0,0,46.6352119445801,0,0,0,0,0,0,0,0,0,0,0,0,0,0,0,0,6.63034482527007,0,5.11115989574166,0,0,0,0,0,0,0,10.5046846085822,0,0,0,0,0,12.3350231014952,0,0,0,0,0,7.08311119504,0,14.8073641272152,0,0,5.1205898881287,0,0,0,0,0,0,0,0,0,0,0,0,0,0,0,7.8717212736922,0,11.602681239446,0,4.12115647755756,0,8.64099657912003,61.2344551086426,0
0,0,31.9994144439697,0,4.92270840917315,0,6.9325868670757,0,24.5907764434814,0,3.41158053319748,0,0,0,0,0,49.6967926025391,0,45.7565307617188,0,0,0,0,0,0,0,0,0,0,0,0,0,0,0,0,0,6.06171656957346,0,7.05502128956923,0,83.2189559936523,0,60.7301254272461,0,0,0,18.4944768116392,0,0,0,8.46032120535771,0,14.4333866437276,0,0,0,5.18918795199008,0,0,0,0,0,0,8.41391596830026,0,0,0,0,0,0,0,0,0,0,0,0,0,0,0,9.32774044168176,0,19.5128350374175,6.74569246985696,0,9.36486892214792,0,0
0,0,0,0,0,0,0,0,0,0,0,0,0,0,0,0,0,0,0,0,0,0,2.9355656835768,8.03646902029946,0,4.7809383590594,0,5.66500094558011,0,0,0,0,0,0,0,0,0,7.91506702693429,0,0,0,0,0,0,0,0,0,0,0,8.35041154359842,0,0,0,0,0,0,0,0,0,0,0,0,0,0,5.21795639470035,0,8.28239652402231,0,9.70366003914217,0,9.80713351103511,0,0,0,0,0,0,0,0,0,8.16866240601182,0,5.06655206006081,3.98720231087379,0,0,0
0,0,0,0,0,0,0,0,0,0,0,0,0,0,0,0,5.35969064755147,0,0,0,0,2.9355656835768,0,0,6.71249885241191,0,5.97169919783069,0,4.42425531148911,0,0,0,0,0,0,0,0,0,8.14715225677791,0,0,0,0,0,0,0,0,0,7.03315123200625,0,0,0,0,0,0,0,0,0,0,0,0,0,0,0,0,5.48912107862647,0,5.79620871692896,0,7.52143649447639,0,5.26809461976661,0,0,0,0,0,0,0,0,0,11.8674060791434,4.21637628759657,3.11076532125473,16.3015946608323,0,0
0,12.3561509336744,0,25.2233152389526,0,0,0,0,0,4.43619586808474,0,0,0,0,0,4.61749496570853,0,5.80515384674072,0,0,0,8.03646902029946,0,0,0,4.68669721105094,0,0,0,0,0,0,0,0,0,0,0,7.70045506289183,0,0,0,38.5993871688843,0,0,0,0,0,0,0,17.1549737850825,0,0,0,0,0,4.42833089098638,0,0,0,0,0,6.41774430274963,49.7746963500977,0,5.72182825810647,0,4.29734400001179,0,4.90511768786112,0,0,0,0,0,0,0,0,0,0,0,11.0250385854178,0,5.3158649168116,0,52.6055526733398,0,0
0,0,0,0,0,0,0,0,3.14685516972696,0,0,0,0,0,0,0,3.72491371220556,0,0,0,0,0,6.71249885241191,0,0,0,2.95354843139648,0,0,0,0,0,0,0,0,0,0,0,5.94197856918458,0,0,0,0,0,0,0,0,0,0,0,0,0,0,0,5.73476894865645,0,0,0,0,0,0,0,0,0,0,3.98919422853561,0,4.36187876331424,0,3.95956538728446,0,0,0,0,0,0,0,0,0,0,0,7.81985015329152,3.2445241807231,0,7.16424036026001,0,0
0,0,0,0,0,0,0,0,0,4.32866835594177,0,0,0,0,0,3.58733558654785,0,5.45609789171654,0,0,0,4.7809383590594,0,4.68669721105094,0,0,0,3.70541837755239,0,0,0,0,0,0,0,0,0,0,0,0,0,0,0,0,0,0,0,0,0,0,0,0,0,0,0,0,0,0,0,8.74983692169189,0,5.73019549340913,0,0,6.92982749672918,0,6.65774687131246,0,5.13802217434726,0,3.92230238074876,0,0,0,0,0,0,0,0,0,0,0,4.38804984465241,0,0,0,0
0,0,0,0,0,0,0,0,0,0,0,0,0,0,0,0,4.80039792555444,0,0,0,0,0,5.97169919783069,0,2.95354843139648,0,0,0,9.12098204995704,0,0,0,0,0,0,0,0,0,0,0,0,0,0,0,0,0,0,0,0,0,0,0,0,0,0,0,0,0,0,0,3.23740371068319,0,0,0,0,3.50317574871911,0,0,0,4.93949175004195,0,5.63529765649915,0,0,0,0,0,0,0,0,0,0,4.85666699563303,5.91374731063843,0,0,0
0,0,0,0,0,0,0,0,0,0,0,0,0,0,0,0,0,0,0,0,0,5.66500094558011,0,0,0,3.70541837755239,0,0,0,4.56447285076357,0,0,0,0,0,0,0,0,0,0,0,0,0,0,0,0,0,0,0,0,0,0,0,0,0,0,0,0,0,3.58880665085532,0,0,0,0,8.03683503662668,0,0,0,6.78290376446464,0,5.17541618123968,0,0,0,0,0,0,0,0,0,3.75805644989014,0,3.9768803146448,2.74528660093035,0,0,0
0,0,0,0,0,0,0,0,0,0,5.28902578353882,0,5.55522271565029,0,0,0,8.95428339640299,0,0,0,0,0,4.42425531148911,0,0,0,9.12098204995704,0,0,0,5.04084420815492,0,0,0,0,0,0,0,6.47568257676589,0,0,0,0,0,0,0,0,0,0,0,0,0,0,0,0,0,0,0,7.28228878974915,0,0,0,0,0,0,5.96394756862095,0,0,0,9.31286366030855,0,5.08549343248381,0,13.0734548568726,0,0,0,0,0,0,0,10.9614388942719,4.00023049574632,3.6195874473323,0,0,0
0,0,0,0,0,0,0,0,0,0,0,3.36641159852346,0,0,0,0,0,0,0,0,0,0,0,0,0,0,0,4.56447285076357,0,0,0,0,0,0,0,0,0,4.85787839889526,0,0,0,0,0,0,0,0,0,0,0,0,0,0,0,0,0,0,0,6.73118257522583,0,0,0,0,0,0,0,0,0,0,0,0,4.43695659637451,0,5.0271303684912,0,0,0,0,0,0,0,5.4085320692796,0,3.06330738896909,0,0,0,0
0,0,0,0,0,0,0,0,0,0,9.19259075357996,0,0,0,0,0,0,0,0,0,0,0,0,0,0,0,0,0,5.04084420815492,0,0,0,0,0,0,0,0,0,7.79638490735031,0,0,0,0,0,0,0,0,0,0,0,0,0,0,0,0,0,10.1741661519715,0,0,0,0,0,0,0,0,0,0,0,0,0,0,7.86757860183716,0,8.39904204565692,0,0,0,0,0,0,0,10.8798498689693,0,0,0,0,0
0,0,0,0,0,0,0,0,0,0,0,0,0,0,0,0,0,0,0,0,0,0,0,0,0,0,0,0,0,0,0,0,3.75218309188376,4.1995670245244,0,10.0698177567068,0,0,0,0,0,0,0,0,0,0,0,6.06444121929938,0,12.9464616775513,0,0,0,0,0,0,0,0,0,0,0,0,0,0,0,0,0,0,0,0,0,0,0,0,3.65500468264023,4.57939410209656,3.21543811559677,0,6.66009814560585,0,0,0,3.27793082751726,0,0,0,0
0,0,0,0,0,0,0,0,0,0,0,0,0,0,0,0,0,0,0,0,0,0,0,0,0,0,0,0,0,0,0,3.75218309188376,0,4.87867082868304,0,0,6.7960939904054,0,0,0,0,0,0,0,0,0,0,3.55274437733416,0,0,0,0,0,0,0,0,0,0,0,0,0,0,0,0,0,0,0,0,0,0,0,0,0,0,2.93558575047387,3.27045644715775,0,0,0,8.46727557849606,0,0,2.8307404756546,0,0,0,0
0,0,0,0,0,0,0,0,0,0,0,0,0,0,0,0,0,0,0,0,0,0,0,0,0,0,0,0,0,0,0,4.1995670245244,4.87867082868304,0,3.82214931892269,3.05697711308797,0,4.01691805124283,14.9653749465942,0,0,0,0,0,0,0,0,4.21563356236158,0,4.37215694785118,0,0,0,0,0,0,0,0,0,0,0,0,0,0,0,0,0,0,0,0,0,0,0,0,6.34253756305839,4.69310466448466,4.01808976001673,4.6612337085436,5.04783544717012,0,5.70698123782289,0,2.94470759868622,8.8886137008667,0,0,0
0,0,0,0,0,0,0,0,0,0,0,0,0,0,0,0,0,0,0,0,0,0,0,0,0,0,0,0,0,0,0,0,0,3.82214931892269,0,0,3.67025837633345,0,4.07063026295768,0,0,0,0,0,0,0,0,4.11091125618676,5.52080681296282,0,0,0,0,0,0,0,0,0,0,0,0,0,0,0,0,0,0,0,0,0,0,0,0,0,0,5.86929688453674,4.33183887842539,3.70516839883266,0,7.91023405075073,0,4.20858334587968,3.04921565771103,0,0,0,0
0,34.7065213521322,0,29.2441522424871,0,31.3423218727112,0,0,0,0,0,5.32072963078817,0,36.0418167114258,0,0,100.714632034302,93.4893917507596,68.0261092503866,6.63034482527007,0,0,0,0,0,0,0,0,0,0,0,10.0698177567068,0,3.05697711308797,0,0,3.44886472350673,5.06595417677298,3.50576324462891,20.813795537215,0,44.9016168566718,0,47.5614602830675,0,20.4091980064308,0,16.9762898975728,0,12.920951924135,0,22.1943381437615,0,0,0,37.5289649963379,0,19.0564430091116,0,21.597209589822,0,45.209098815918,10.0766754276048,0,0,0,0,0,0,0,0,0,55.1790962219238,0,5.70514969348907,0,6.24116992950439,0,7.24060238819224,3.32634910415201,10.7173396585068,0,6.42265635687616,5.71547112464905,23.4068004685479,46.5323884146554,0
0,0,26.4068111843533,0,13.2462153434753,0,0,0,62.1734313964844,0,3.02061206102371,0,0,0,0,0,81.792478683147,100.388437906901,82.3337575008995,0,6.06171656957346,0,0,0,0,0,0,0,0,0,0,0,6.7960939904054,0,3.67025837633345,3.44886472350673,0,0,5.15600248426199,0,36.5191655439489,0,56.4946592929317,0,51.4088145237343,0,51.2885044764166,9.20730954408646,10.23771394326,0,28.00048828125,38.9322509765625,0,0,0,0,50.802912818061,0,0,0,0,0,0,9.89176417322992,0,0,0,0,0,0,0,0,0,79.4555892944336,0,4.37075486327663,0,10.4040562744382,133.242980957031,7.47321258003793,0,9.32163674327362,11.1547878821369,4.57638737559319,41.3334529962433,0,50.6168473561605
0,18.8975529330117,0,29.9004255022321,0,0,0,0,0,14.3127492252661,0,4.45810592545403,0,0,0,41.7674617767334,0,0,45.2179260253906,5.11115989574166,0,7.91506702693429,0,7.70045506289183,0,0,0,0,0,4.85787839889526,0,0,0,4.01691805124283,0,5.06595417677298,0,0,2.94116520881653,0,0,22.7567941801889,0,0,0,13.9092049825759,0,5.71648727604217,0,9.5946395598028,0,0,0,0,0,15.5301282405853,0,9.11119217439131,0,0,0,23.6878471374512,8.01032178255976,0,9.16088219040508,0,8.68994046934519,0,0,0,5.57283272345861,0,6.51230422143013,0,0,0,3.95485696425805,0,8.69703833760821,0,6.21442858443502,0,7.30345532771435,7.85665912628174,7.03428304754198,0,0
32.5210742950439,0,37.8806419372559,0,0,0,0,0,13.7329635620117,0,2.83621832397249,0,0,0,0,0,0,0,0,0,7.05502128956923,0,8.14715225677791,0,5.94197856918458,0,0,0,6.47568257676589,0,7.79638490735031,0,0,14.9653749465942,4.07063026295768,3.50576324462891,5.15600248426199,2.94116520881653,0,0,0,0,66.8868446350098,0,0,0,16.3334803202796,4.57919982785968,7.01404341129117,0,0,0,0,0,8.7248201268242,0,4.86276912689209,0,0,0,0,0,0,6.52425183520198,0,11.7298826782171,0,7.11863624542717,0,0,0,16.1163610563878,0,11.46646900177,0,0,0,3.44351077079773,0,8.0383449943216,0,7.07070768580717,5.64881184529363,5.58391203012485,12.6791112316979,0,78.5690841674805
0,41.1429977416992,42.8099479675293,39.9766715014422,0,39.5789330601692,0,0,0,53.7109359741211,0,0,0,0,0,48.4681854248047,80.5792809440976,74.7882190456052,55.4071435355355,0,0,0,0,0,0,0,0,0,0,0,0,0,0,0,0,20.813795537215,0,0,0,0,0,23.2080694621156,58.9334335327148,28.5951943372815,0,14.6740417923233,61.8316162654332,8.08326101303101,0,7.49334530198955,68.1035842895508,49.2062440599714,0,0,0,49.7797838846842,63.0723648071289,51.6398331324259,0,43.1360740661621,0,39.7011961936951,11.1551583283384,0,0,0,62.1033229827881,0,0,0,0,0,63.4667367374196,0,0,0,0,0,17.7243981766152,125.551307678223,64.4308639526367,90.1193351745605,52.9376717398177,89.9335683186849,17.9991602131393,25.553599345347,0
40.1406722068787,0,31.6950178146362,0,0,0,0,0,40.7453505198161,0,0,0,0,0,0,0,62.0877404242205,86.2406349182129,58.2296272736251,0,83.2189559936523,0,0,0,0,0,0,0,0,0,0,0,0,0,0,0,36.5191655439489,0,0,0,0,80.2256507873535,24.7091308750844,0,30.3411959239415,0,19.7327093538926,5.58451700210571,4.87565467722069,15.0510946909587,46.575679397583,0,0,0,0,0,48.2130430221558,0,0,0,0,0,0,8.43130227007897,0,0,0,0,0,0,0,0,0,56.5458602905273,0,0,0,0,112.884155273438,16.6635698820089,0,45.3371977965037,53.0910049196106,77.2705688476562,18.0881099394992,0,27.3650565431232
61.4916763305664,20.9177884555234,59.1647300720215,39.3008578553492,0,43.6532504860012,0,0,0,18.8941549743514,0,0,0,0,0,44.9729726690995,67.4080504852087,57.2060744403849,29.9730623773014,0,0,0,0,38.5993871688843,0,0,0,0,0,0,0,0,0,0,0,44.9016168566718,0,22.7567941801889,0,23.2080694621156,80.2256507873535,0,15.581957919257,18.3412358825931,0,22.55099382718,62.1872920332284,7.91830081939697,0,16.2687747491033,65.7982597351074,51.1268312339015,0,0,0,46.2370628992716,0,51.4802145276751,0,40.8302711140026,0,29.7385748824632,29.9531491513838,76.7045455932617,0,0,40.9815669589572,0,25.9347791671753,0,23.188401222229,0,25.9954625857182,0,0,0,0,0,38.2625600103989,98.9510215123494,35.155686046138,122.250775655111,19.1097247858746,63.7077291693006,16.6770031924974,16.1034764676179,0
16.0360516505163,0,33.1406509340271,0,0,0,0,0,17.3773037052523,0,0,0,0,0,0,0,45.4395833192048,59.5254339330337,21.8462020970754,0,60.7301254272461,0,0,0,0,0,0,0,0,0,0,0,0,0,0,0,56.4946592929317,0,66.8868446350098,58.9334335327148,24.7091308750844,15.581957919257,0,0,15.4222457625071,80.1923446655273,20.6767450616855,4.45128972795275,7.25430355219263,0,47.7572269928761,0,0,0,0,0,26.0894882970721,0,31.5049745896283,0,33.3016552395291,0,50.3044395446777,29.0901311129841,0,0,0,0,0,0,0,16.3182962641996,0,18.7087900896028,0,0,0,0,81.7435607910156,37.5670808145682,0,41.606251189203,14.6527711062928,27.28446093921,17.0648080422709,86.2171173095703,13.4342010516338
0,0,0,0,0,21.8962688446045,0,0,0,32.1457748413086,0,0,0,0,0,0,58.9629788398743,54.1111494700114,30.4435040737901,0,0,0,0,0,0,0,0,0,0,0,0,0,0,0,0,47.5614602830675,0,0,0,28.5951943372815,0,18.3412358825931,0,0,0,21.8970530690818,47.0214265187581,0,0,43.4258937835693,0,0,0,0,0,0,0,0,0,0,0,0,29.3561980647426,0,0,0,0,0,0,0,0,0,47.1911506652832,0,0,0,0,0,41.6367582574113,75.354133605957,32.4507267691872,0,21.7907666166623,68.8874435424805,20.8527563728135,13.0432747667486,0
31.9706249237061,0,0,0,0,0,0,0,31.1618285179138,0,0,0,0,0,0,0,46.098335777841,65.6915302276611,32.2441181655114,0,0,0,0,0,0,0,0,0,0,0,0,0,0,0,0,0,51.4088145237343,0,0,0,30.3411959239415,0,15.4222457625071,0,0,74.4992055892944,23.1997087285632,0,0,0,0,0,0,0,0,0,41.6149895985921,0,0,0,0,0,64.3758163452148,29.0305814837465,0,0,0,0,0,0,0,0,0,0,0,0,0,0,79.2437210083008,41.7679833167238,0,37.2963812771965,32.2718931477645,53.6854667663574,21.3795129617055,41.0518455505371,23.5209251077552
0,29.8902382850647,39.8862476348877,22.3428549707672,0,36.1725803375244,0,0,0,46.1167407035828,0,0,0,0,0,37.2026934623718,73.5618489200908,65.1645356699907,51.5611641502237,10.5046846085822,0,0,0,0,0,0,0,0,0,0,0,0,0,0,0,20.4091980064308,0,13.9092049825759,0,14.6740417923233,0,22.55099382718,80.1923446655273,21.8970530690818,74.4992055892944,0,54.3802560170492,0,0,29.0569490588274,0,44.1469062805176,0,0,0,48.7335459391276,47.47882715861,38.124789669527,0,36.5733318328857,0,36.132748237023,12.2483122042942,52.4685173034668,0,0,50.5145301818848,0,0,0,0,0,44.7901376526931,0,0,0,0,0,30.8808129695082,84.7779076894124,20.2422430539796,0,45.9997511157017,84.2063573201497,20.4257756349622,46.0043915665668,88.2015419006348
32.165844483809,33.3111381530762,21.875127860478,52.9388160705566,24.0126647949219,42.9391021728516,0,0,31.2330963751849,0,0,0,0,0,0,0,53.076560729752,71.7383658167828,49.4130666656199,0,18.4944768116392,0,0,0,0,0,0,0,0,0,0,0,0,0,0,0,51.2885044764166,0,16.3334803202796,61.8316162654332,19.7327093538926,62.1872920332284,20.6767450616855,47.0214265187581,23.1997087285632,54.3802560170492,0,0,31.8290471076965,38.5592880249023,41.9901180267334,0,0,0,0,44.8688430786133,29.1390211450881,0,24.4175701141357,0,37.4801769256592,0,109.18041229248,14.5471531643832,0,0,0,0,0,0,0,0,0,41.4458289024157,0,0,0,0,77.6132620705499,27.7630063272728,0,25.6848253216031,42.791419345693,65.5563549242522,22.6652419797195,93.5980424880981,40.2450864706466
0,0,0,0,0,0,0,0,0,0,0,0,0,0,0,0,0,0,0,0,0,0,0,0,0,0,0,0,0,0,0,6.06444121929938,3.55274437733416,4.21563356236158,4.11091125618676,16.9762898975728,9.20730954408646,5.71648727604217,4.57919982785968,8.08326101303101,5.58451700210571,7.91830081939697,4.45128972795275,0,0,0,0,0,4.62013257760082,5.33016361725405,0,0,0,0,0,0,0,0,0,0,0,0,0,0,0,0,0,0,0,0,0,0,0,0,6.99314025930456,5.04171804367228,4.43661346435547,4.01643886753157,14.3940739377404,8.42880534506886,5.44613626447775,5.22169115146001,5.46378076255071,6.66122976938883,4.70175765343993,0,0
7.43925010376562,0,13.7061044630015,0,0,0,0,0,21.1497378600271,0,0,0,13.2385554909706,0,12.8294153690338,0,0,0,13.0417528152466,0,0,0,7.03315123200625,0,0,0,0,0,0,0,0,0,0,0,5.52080681296282,0,10.23771394326,0,7.01404341129117,0,4.87565467722069,0,7.25430355219263,0,0,0,31.8290471076965,4.62013257760082,0,10.821870803833,46.2173458099365,0,0,0,0,0,8.79013572825064,0,10.8514977272819,0,8.76328851754152,0,0,0,0,5.57629988186153,0,3.99922633171082,0,0,0,6.52083215405864,0,8.85261197388172,0,4.72593835809014,0,4.58938386302968,0,7.28207964864114,0,6.15472406090611,7.23195560129595,28.2058178583781,7.85551939653065,0,18.9808483123779
0,7.8821553702126,0,14.512026659405,0,30.4321269512177,0,0,0,18.7492882789127,0,0,0,5.04567103550352,0,11.1778726682943,70.8395767211914,65.6325378417969,37.7303337097168,0,0,8.35041154359842,0,17.1549737850825,0,0,0,0,0,0,0,12.9464616775513,0,4.37215694785118,0,12.920951924135,0,9.5946395598028,0,7.49334530198955,15.0510946909587,16.2687747491033,0,43.4258937835693,0,29.0569490588274,38.5592880249023,5.33016361725405,10.821870803833,0,0,45.5737130641937,0,0,0,20.6863604651557,60.5596885681152,13.5536546518928,0,6.14334951233618,0,8.33529130819705,29.1538080059031,0,6.17894151809368,0,5.83021544938973,0,5.00452295487577,0,5.21905458216764,0,7.86710801124573,0,0,0,0,0,12.865523857595,0,7.77857205648532,0,8.53304043958437,35.7628746032715,8.89040410721626,19.3823149998983,0
0,0,12.0217916170756,0,5.86128237647732,0,4.65190669206473,0,0,0,3.06139385700226,0,0,0,0,0,105.301124572754,0,68.6357930501302,0,8.46032120535771,0,0,0,0,0,0,0,0,0,0,0,0,0,0,0,28.00048828125,0,0,68.1035842895508,46.575679397583,65.7982597351074,47.7572269928761,0,0,0,41.9901180267334,0,46.2173458099365,0,0,0,5.26928406411951,0,0,0,10.2086154401302,0,5.99228273205373,0,6.47369762186734,0,0,51.8553894042969,0,0,0,0,0,0,0,0,0,41.6851317087809,0,0,0,0,57.1975631713867,52.96139390128,0,48.8297157287598,6.80375201552064,0,26.2431607014925,0,0
0,22.5657653808594,0,12.0789631007786,0,4.2419217841266,0,3.98421574521948,0,41.379674911499,0,11.3688577810923,0,0,0,3.648318618536,0,0,46.4102554321289,12.3350231014952,0,0,0,0,0,0,0,0,0,0,0,0,0,0,0,22.1943381437615,38.9322509765625,0,0,49.2062440599714,0,51.1268312339015,0,0,0,44.1469062805176,0,0,0,45.5737130641937,0,0,0,4.98869999762504,0,0,0,6.36193268096193,0,4.17797009761517,0,6.45214640177213,17.4147385656834,0,0,0,0,0,0,0,0,0,0,0,0,0,0,0,22.1904034647448,0,50.7122917175293,0,26.1039796284267,0,17.5731700943512,0,0
0,0,0,0,6.17678610483805,0,4.3614450280865,0,0,0,0,0,0,0,0,0,0,0,0,0,14.4333866437276,0,0,0,0,0,0,0,0,0,0,0,0,0,0,0,0,0,0,0,0,0,0,0,0,0,0,0,0,0,5.26928406411951,0,0,0,0,0,7.4809158154023,0,4.16254887810673,0,0,0,0,14.1188891410828,0,0,0,0,0,0,0,0,0,0,0,0,0,0,0,0,0,0,2.78780755629906,0,0,0,0
0,0,0,0,0,0,0,3.94989853391842,0,0,0,0,0,0,0,0,0,0,0,0,0,0,0,0,0,0,0,0,0,0,0,0,0,0,0,0,0,0,0,0,0,0,0,0,0,0,0,0,0,0,0,4.98869999762504,0,0,0,0,0,4.84504789113998,0,0,0,0,0,0,0,0,0,0,0,0,0,0,0,0,0,0,0,0,0,0,0,0,3.06246143579483,0,0,0,0
4.68037429722873,0,0,0,0,0,0,0,6.42546391825858,0,0,0,0,0,9.66261768341064,0,0,0,0,0,0,0,0,0,5.73476894865645,0,0,0,0,0,0,0,0,0,0,0,0,0,8.7248201268242,0,0,0,0,0,0,0,0,0,0,0,0,0,0,0,0,0,0,0,0,0,4.85182690394433,0,0,0,0,0,0,3.96867690606806,0,0,0,0,0,0,0,0,0,0,0,0,0,14.5729046549116,10.005706577301,0,6.49328765869141,0,0
0,8.15685428040368,0,13.0869265556335,0,0,0,0,0,4.30045313183327,0,0,0,0,0,4.8398937269261,0,0,56.604808807373,0,0,0,0,4.42833089098638,0,0,0,0,0,0,0,0,0,0,0,37.5289649963379,0,15.5301282405853,0,49.7797838846842,0,46.2370628992716,0,0,0,48.7335459391276,44.8688430786133,0,0,20.6863604651557,0,0,0,0,0,0,0,41.5079345703125,0,0,0,4.99063250848225,0,0,0,0,7.3741694280546,0,0,0,0,0,0,0,0,0,0,0,49.6170425415039,0,18.4296242396037,0,19.0997983773549,25.0188484191895,20.1024715120547,0,0
15.7704703467233,0,21.7066939862569,71.4214401245117,22.5526261329651,0,9.91097735233363,0,21.7084697690503,0,7.32276809357753,0,8.47348431178502,0,5.67954794565837,0,68.2889998299735,77.8681106567383,53.2899717754788,0,5.18918795199008,0,0,0,0,0,0,0,0,0,10.1741661519715,0,0,0,0,0,50.802912818061,0,4.86276912689209,63.0723648071289,48.2130430221558,0,26.0894882970721,0,41.6149895985921,47.47882715861,29.1390211450881,0,8.79013572825064,60.5596885681152,10.2086154401302,0,7.4809158154023,0,0,0,0,0,5.41897506539973,61.958080291748,12.5657447304642,0,0,15.9383283861322,0,0,0,0,0,0,0,5.86870965801302,0,10.8944672707024,0,0,0,0,51.637020111084,47.9488948223203,0,51.1137840270996,22.6056999710531,0,12.5328153317463,57.4359951019287,18.4583976268768
0,12.3699800438351,0,8.50472071219464,0,29.8057432174683,0,4.00329138835271,0,23.1357431411743,0,5.50650766249948,0,13.7074849422161,0,0,0,51.0849647521973,40.5986359914144,7.08311119504,0,0,0,0,0,0,0,0,0,6.73118257522583,0,0,0,0,0,19.0564430091116,0,9.11119217439131,0,51.6398331324259,0,51.4802145276751,0,0,0,38.124789669527,0,0,0,13.5536546518928,0,6.36193268096193,0,4.84504789113998,0,41.5079345703125,0,0,0,5.35868670440945,0,12.1922592586941,12.6552518011096,0,0,0,0,0,9.9735894203186,0,5.16612153393882,0,6.45027699664842,0,0,0,0,0,24.7706931137744,0,8.86216264858581,0,11.9902805509046,47.2014770507812,7.55842156057113,17.8963203430176,0
13.5965958178883,0,0,0,7.05034897062514,0,6.51935158669949,0,24.8373420238495,0,5.82858395954919,0,3.99614868047594,0,5.41210816587721,0,0,0,0,0,0,0,0,0,0,0,0,0,7.28228878974915,0,0,0,0,0,0,0,0,0,0,0,0,0,31.5049745896283,0,0,0,24.4175701141357,0,10.8514977272819,0,5.99228273205373,0,4.16254887810673,0,0,0,5.41897506539973,0,0,0,5.11372283328003,0,0,35.3369750976562,0,0,0,0,0,3.17018175125122,0,5.36290070106243,0,29.2559388478597,0,0,0,0,0,0,0,0,23.4933171272278,0,15.4616106407983,0,0
0,8.8654168175488,52.5112342834473,6.25575759632867,0,21.8366451263428,0,0,0,21.9999904632568,0,2.96187543869019,0,3.26181062044099,0,3.27626902610064,0,0,0,14.8073641272152,0,0,0,0,0,8.74983692169189,0,3.58880665085532,0,0,0,0,0,0,0,21.597209589822,0,0,0,43.1360740661621,0,40.8302711140026,0,0,0,36.5733318328857,0,0,0,6.14334951233618,0,4.17797009761517,0,0,0,0,61.958080291748,5.35868670440945,0,0,0,4.85062207765137,20.4528512540071,0,0,0,24.6004085540771,0,5.70303824111706,0,3.95114607603654,0,34.3186521530151,0,0,0,0,0,23.1673146761381,0,45.850715637207,0,33.5757274532318,0,15.4835332794412,0,0
9.22394507271903,0,6.19773777325948,0,6.96961688995361,0,0,0,6.80805751299247,0,0,0,4.28793840408325,0,3.40691644567633,0,0,0,0,0,0,0,0,0,0,0,3.23740371068319,0,0,0,0,0,0,0,0,0,0,0,0,0,0,0,33.3016552395291,0,0,0,37.4801769256592,0,8.76328851754152,0,6.47369762186734,0,0,0,4.85182690394433,0,12.5657447304642,0,5.11372283328003,0,0,0,0,0,0,0,0,4.85685443878174,0,3.1413961092631,0,5.95329466232887,0,35.8236970901489,0,0,0,0,56.0631637573242,47.176633199056,0,0,17.1310126384099,0,21.0958676161589,0,0
0,8.5123998510254,0,8.69283679127693,0,7.44699263572693,0,0,0,11.2420236825943,0,0,0,3.73345536845071,0,3.82437249623477,0,40.049837231636,0,0,0,0,0,6.41774430274963,0,5.73019549340913,0,0,0,0,0,0,0,0,0,45.209098815918,0,23.6878471374512,0,39.7011961936951,0,29.7385748824632,0,0,0,36.132748237023,0,0,0,8.33529130819705,0,6.45214640177213,0,0,0,4.99063250848225,0,12.1922592586941,0,4.85062207765137,0,0,32.0828039381239,0,0,0,5.34646125097533,0,5.13495801412142,0,3.46222389371772,0,42.2609477043152,0,0,0,0,0,40.683935546875,0,45.5988931655884,0,36.8476243019104,49.8200531005859,20.4400122403066,0,0
0,30.9341005706787,0,22.2105284820903,0,14.7380257844925,0,0,0,45.1703605651855,0,3.14437627792358,0,0,0,40.0810527801514,83.0541243119673,76.3728179931641,60.5342075443268,5.1205898881287,0,0,0,49.7746963500977,0,0,0,0,0,0,0,0,0,0,0,10.0766754276048,0,8.01032178255976,0,11.1551583283384,0,29.9531491513838,50.3044395446777,29.3561980647426,64.3758163452148,12.2483122042942,109.18041229248,0,0,29.1538080059031,0,17.4147385656834,0,0,0,0,0,12.6552518011096,0,20.4528512540071,0,32.0828039381239,0,91.1577377319336,0,0,0,0,0,0,0,0,36.2275790373484,0,0,0,0,0,10.7668190341526,109.54273223877,10.4250321485558,0,27.5177975772582,79.02685546875,20.3185357527543,53.6526544570923,0
35.5056762695312,0,31.9972769419352,0,0,0,14.385389239289,0,34.7376377105713,0,2.95703983306885,0,0,0,0,0,60.4886161940438,86.9891519546509,56.1954932396228,0,8.41391596830026,0,0,0,0,0,0,0,0,0,0,0,0,0,0,0,9.89176417322992,0,6.52425183520198,0,8.43130227007897,76.7045455932617,29.0901311129841,0,29.0305814837465,52.4685173034668,14.5471531643832,0,0,0,51.8553894042969,0,14.1188891410828,0,0,0,15.9383283861322,0,35.3369750976562,0,0,0,91.1577377319336,0,0,0,0,0,0,0,0,0,0,27.9742626521898,0,0,0,0,0,22.4578054937823,0,14.7850177346206,39.2306590262212,77.2849617004395,16.4608368242768,101.316360473633,35.4282283782959
0,0,0,0,0,0,0,0,0,0,0,0,0,0,0,0,0,3.27237892150879,0,0,0,5.21795639470035,0,5.72182825810647,0,6.92982749672918,0,8.03683503662668,0,0,0,0,0,0,0,0,0,9.16088219040508,0,0,0,0,0,0,0,0,0,0,0,6.17894151809368,0,0,0,0,0,0,0,0,0,0,0,0,0,0,0,0,5.03707851338263,0,8.7729833563854,0,5.36762618731303,0,0,0,0,0,0,0,0,0,6.62531318354561,0,6.51958640022383,3.79868926172671,0,0,0
0,0,0,0,0,0,0,0,0,0,0,0,0,0,0,0,4.76789028413834,0,0,0,0,0,5.48912107862647,0,3.98919422853561,0,3.50317574871911,0,5.96394756862095,0,0,0,0,0,0,0,0,0,11.7298826782171,0,0,0,0,0,0,0,0,0,5.57629988186153,0,0,0,0,0,0,0,0,0,0,0,0,0,0,0,0,0,0,5.36807103289498,0,4.01119291782379,0,3.92650771272957,0,0,0,0,0,0,0,0,0,10.9918589417223,5.71492968797684,3.13782691955566,19.7713489532471,0,0
0,14.1492985421278,0,25.5067534013228,0,38.7361755371094,0,0,0,5.85652504192563,0,0,0,0,0,2.74139213562012,115.723937988281,0,43.6385943889618,0,0,8.28239652402231,0,4.29734400001179,0,6.65774687131246,0,0,0,0,0,0,0,0,0,0,0,8.68994046934519,0,62.1033229827881,0,40.9815669589572,0,0,0,50.5145301818848,0,0,0,5.83021544938973,0,0,0,0,0,7.3741694280546,0,0,0,24.6004085540771,0,5.34646125097533,0,0,5.03707851338263,0,0,0,4.87320166504729,0,4.56732689539591,0,0,0,0,0,0,0,0,0,11.0587492439691,0,15.3378803766691,0,8.66403222638507,0,0
0,0,0,0,0,0,0,0,2.94863224029541,0,0,0,0,0,0,0,0,0,0,0,0,0,5.79620871692896,0,4.36187876331424,0,0,0,0,0,0,0,0,0,0,0,0,0,7.11863624542717,0,0,0,0,0,0,0,0,0,3.99922633171082,0,0,0,0,0,3.96867690606806,0,0,0,0,0,4.85685443878174,0,0,0,0,5.36807103289498,0,0,0,4.53253922462463,0,0,0,0,0,0,0,0,0,0,0,7.09928906639329,4.99465612931685,0,4.79607433080673,0,0
0,13.3927515574864,0,0,0,0,0,0,0,21.4282989501953,0,0,0,4.63505482673645,0,3.50779067145454,0,4.50529160598914,0,0,0,9.70366003914217,0,4.90511768786112,0,5.13802217434726,0,6.78290376446464,0,0,0,0,0,0,0,0,0,0,0,0,0,25.9347791671753,0,0,0,0,0,0,0,5.00452295487577,0,0,0,0,0,0,0,9.9735894203186,0,5.70303824111706,0,5.13495801412142,0,0,8.7729833563854,0,4.87320166504729,0,0,0,4.40811677680296,0,0,0,0,0,0,0,0,0,8.61974716186523,0,4.04119735015066,0,10.1254234313965,0,0
0,0,0,0,0,0,0,0,8.5177755355835,0,0,0,0,0,3.14649654079128,0,0,0,0,0,0,0,7.52143649447639,0,3.95956538728446,0,4.93949175004195,0,9.31286366030855,0,0,0,0,0,0,0,0,0,0,0,0,0,0,0,0,0,0,0,0,0,0,0,0,0,0,0,0,0,3.17018175125122,0,3.1413961092631,0,0,0,0,4.01119291782379,0,4.53253922462463,0,0,0,4.43918099483298,0,0,0,0,0,0,0,0,0,0,6.11884188652039,0,0,0,0
0,11.8936906294389,0,0,0,0,0,0,0,26.0329170227051,0,3.41470789909363,0,3.58390090465546,0,3.97254157066345,0,7.4095516204834,0,0,0,9.80713351103511,0,0,0,3.92230238074876,0,5.17541618123968,0,4.43695659637451,0,0,0,0,0,0,0,5.57283272345861,0,0,0,23.188401222229,0,0,0,0,0,0,0,5.21905458216764,0,0,0,0,0,0,0,5.16612153393882,0,3.95114607603654,0,3.46222389371772,0,0,5.36762618731303,0,4.56732689539591,0,4.40811677680296,0,0,0,3.1510990858078,0,0,0,0,0,0,0,3.89779559003896,0,4.53560677596501,0,8.49009279872096,0,0
0,0,0,0,0,0,0,0,23.3914629618327,0,2.95859050750732,0,6.62382666269938,0,9.20315301418304,0,10.5694353580475,0,0,0,0,0,5.26809461976661,0,0,0,5.63529765649915,0,5.08549343248381,0,7.86757860183716,0,0,0,0,0,0,0,16.1163610563878,0,0,0,16.3182962641996,0,0,0,0,0,6.52083215405864,0,0,0,0,0,0,0,5.86870965801302,0,5.36290070106243,0,5.95329466232887,0,0,0,0,3.92650771272957,0,0,0,4.43918099483298,0,0,0,4.72538356673449,0,0,0,0,0,0,0,6.98430046898361,8.7914437353611,7.75353233878677,10.9232742682747,0,0
0,27.1250808238983,0,32.0139611816406,0,40.3348786490304,0,0,0,22.0676484107971,0,4.74664045424357,0,15.6183681488037,0,43.0448246002197,92.3718910217285,67.5384207831489,37.4254012014352,0,0,0,0,0,0,0,0,0,0,5.0271303684912,0,0,0,0,0,55.1790962219238,0,6.51230422143013,0,63.4667367374196,0,25.9954625857182,0,47.1911506652832,0,44.7901376526931,0,0,0,7.86710801124573,0,0,0,0,0,0,0,6.45027699664842,0,34.3186521530151,0,42.2609477043152,36.2275790373484,0,0,0,0,0,0,0,3.1510990858078,0,0,0,0,0,0,0,68.9687504975692,0,6.09260647366012,0,26.0115621198307,89.3723754882812,12.4988094922739,20.1835976101103,0
19.1867514252663,0,30.0606458981832,0,0,0,0,0,23.0028435990617,0,0,0,0,0,0,0,57.0459146499634,91.3631896972656,48.5609684944153,0,0,0,0,0,0,0,0,0,13.0734548568726,0,8.39904204565692,0,0,0,0,0,79.4555892944336,0,11.46646900177,0,56.5458602905273,0,18.7087900896028,0,0,0,41.4458289024157,0,8.85261197388172,0,41.6851317087809,0,0,0,0,0,10.8944672707024,0,29.2559388478597,0,35.8236970901489,0,0,27.9742626521898,0,0,0,0,0,0,0,4.72538356673449,0,0,0,0,0,0,0,58.9317873001099,0,11.0814048860754,28.0319956450434,60.362174987793,9.61499105548037,0,18.5293087145177
0,0,0,0,0,0,0,0,0,0,0,0,0,0,0,0,0,0,0,0,0,0,0,0,0,0,0,0,0,0,0,3.65500468264023,2.93558575047387,6.34253756305839,0,5.70514969348907,0,0,0,0,0,0,0,0,0,0,0,6.99314025930456,0,0,0,0,0,0,0,0,0,0,0,0,0,0,0,0,0,0,0,0,0,0,0,0,0,0,0,0,3.87200891971588,0,5.03093478571285,0,0,0,4.62847758269244,0,0,0,0
0,0,0,0,0,0,0,0,0,0,0,0,0,0,0,0,0,0,0,0,0,0,0,0,0,0,0,0,0,0,0,4.57939410209656,3.27045644715775,4.69310466448466,5.86929688453674,0,4.37075486327663,0,0,0,0,0,0,0,0,0,0,5.04171804367228,4.72593835809014,0,0,0,0,0,0,0,0,0,0,0,0,0,0,0,0,0,0,0,0,0,0,0,0,0,0,0,4.86214137077332,4.33725400548993,0,5.62253996802539,0,0,2.95808345079422,0,0,0,0
0,0,0,0,0,0,0,0,0,0,0,0,0,0,0,0,0,0,0,0,0,0,0,0,0,0,0,0,0,0,0,3.21543811559677,0,4.01808976001673,4.33183887842539,6.24116992950439,0,3.95485696425805,0,0,0,0,0,0,0,0,0,4.43661346435547,0,0,0,0,0,0,0,0,0,0,0,0,0,0,0,0,0,0,0,0,0,0,0,0,0,0,3.87200891971588,4.86214137077332,0,0,4.15160134633382,0,3.65921467490818,0,4.584799279972,0,0,0,0
0,0,0,0,0,0,0,0,0,0,0,0,0,0,0,0,0,0,0,0,0,0,0,0,0,0,0,0,0,0,0,0,0,4.6612337085436,3.70516839883266,0,10.4040562744382,0,3.44351077079773,0,0,0,0,0,0,0,0,4.01643886753157,4.58938386302968,0,0,0,0,0,0,0,0,0,0,0,0,0,0,0,0,0,0,0,0,0,0,0,0,0,0,4.33725400548993,0,0,0,9.22356581861955,0,4.26484366000538,3.68666565418243,0,0,0,0
0,47.5254761695862,46.8079566955566,30.3084683418274,0,43.9840759277344,0,0,0,44.7029081980387,0,6.66662973827786,0,0,0,56.1473789215088,90.416950068523,85.4586963844299,65.4343450466576,7.8717212736922,0,0,0,0,0,0,0,0,0,0,0,6.66009814560585,0,5.04783544717012,0,7.24060238819224,133.242980957031,8.69703833760821,0,17.7243981766152,112.884155273438,38.2625600103989,81.7435607910156,41.6367582574113,79.2437210083008,30.8808129695082,77.6132620705499,14.3940739377404,0,12.865523857595,57.1975631713867,22.1904034647448,0,0,0,49.6170425415039,51.637020111084,24.7706931137744,0,23.1673146761381,56.0631637573242,40.683935546875,10.7668190341526,0,0,0,0,0,0,0,0,0,68.9687504975692,0,5.03093478571285,0,4.15160134633382,0,0,118.433166503906,9.73323163326684,78.805534362793,31.1771011518718,91.116707611084,35.0704821219354,39.1780245499255,128.974838256836
