0,0,0.147383804898709,0,0,0,0,0,0.253267379875621,0,0,0,0,0,0,0,0.305192840871988,0,0.381137245231205,0,0,0,0.235016599297523,0,0,0,0,0,0,0,0,0,0,0,0,0,0,0,0,0,0.423067493098123,0,0.242336617482285,0,0,0,0,0,0.179739509174164,0,0.278405219316483,0,0,0,0.247677799390287,0,0.301975497975945,0,0.210343163898763,0,0.210520254064152,0,0,0.356544973949591,0,0,0,0,0,0.227178245782852,0,0,0,0.37255086004734,0,0,0,0,0,0.405127291168485,0,0.402128974596659,0.213514723161939,0,0.263385255317219,0,0
0,0,0,0.159875312687889,0,0,0,0,0,0.190892552120098,0,0,0,0,0,0,0,0.241672098636627,0.286526329815388,0,0,0,0,0.249885796472944,0,0,0,0,0,0,0,0,0,0,0,0,0,0.252173483371735,0,0.379709736867384,0,0.242770230726284,0,0,0,0.32771785184741,0,0,0,0.195243390454086,0,0.200400507450104,0,0,0,0.252389535797594,0,0.351371079683304,0,0,0,0.207910001160899,0.442446529865265,0,0,0,0.265029538422823,0,0,0,0,0,0.336659148335457,0,0,0,0,0,0.414122427618781,0,0,0,0.184715204252935,0,0.241745050152143,0.27838446572423,0
0.147383804898709,0,0,0,0.177120033119406,0,0,0,0.189448639750481,0,0,0,0,0,0,0,0,0,0,0,0,0,0,0,0,0,0,0,0,0,0,0,0,0,0,0,0,0,0,0,0,0,0.286287313420996,0,0,0,0,0,0.154324410552228,0,0.209676461724135,0,0,0,0,0,0.15200350763677,0,0.171870080488069,0,0,0,0,0.264423727989197,0,0,0,0,0,0,0,0,0,0.322610694915056,0,0,0,0,0,0,0,0,0.164616733789444,0,0.242024511942324,0,0.215338662266731
0,0.159875312687889,0,0,0,0.209765821781962,0,0,0,0.176891635243709,0,0,0,0,0,0,0.316645309329033,0.343105534712474,0.304189413785934,0.186636134982109,0,0,0,0,0,0,0,0,0,0,0,0,0,0,0,0.211928920447826,0,0,0,0.299080056579489,0,0.296712794503354,0,0,0,0.247573978560311,0,0,0,0.190512060306289,0,0.218015789555816,0,0,0,0.146451201289892,0,0.277466729073457,0,0.241663005192273,0,0.217024967074394,0.290828968469913,0,0,0,0.260835617780685,0,0,0,0,0,0.319742987668792,0,0,0,0,0,0.32993136420846,0,0,0,0.197622388228774,0,0.269723901157072,0.24659291881582,0
0,0,0.177120033119406,0,0,0,0.205274239182472,0,0.135075218718627,0,0.205589970404452,0,0,0,0,0,0,0,0,0,0.185613620739717,0,0,0,0,0,0,0,0,0,0,0,0,0,0,0,0.180496588349342,0,0,0,0,0,0.222376264058627,0,0,0,0,0,0,0,0.218387396267009,0,0.223245703105657,0,0.134561092489296,0,0.2124146570762,0,0.212538585066795,0,0,0,0,0.201262583335241,0,0,0,0,0,0,0,0,0,0.264054924249649,0,0,0,0,0,0,0,0,0.1357090006272,0.161515296651767,0.174323605964097,0,0.203294888138771
0,0,0,0.209765821781962,0,0,0,0.263917416334152,0,0.191212439040343,0,0.257925748825073,0,0,0,0,0,0,0,0.193266624153334,0,0,0,0,0,0,0,0,0,0,0,0,0,0,0,0.164208292961121,0,0,0,0,0,0.234720369180044,0,0,0,0.244131162762642,0,0,0,0.255837142467499,0,0.227721909909802,0,0.263027131557465,0,0.20803401293233,0,0.217470018636613,0,0,0,0,0.174875921436719,0,0,0,0,0,0,0,0,0,0,0,0,0,0,0,0.263610566655795,0,0,0,0.189364112215117,0,0.202954834894656,0,0
0,0,0,0,0.205274239182472,0,0,0,0,0,0.150156868355615,0,0,0,0,0,0,0,0,0,0.144597623141567,0,0,0,0,0,0,0,0,0,0,0,0,0,0,0,0,0,0,0,0,0,0,0,0,0,0,0,0,0,0.192368754973778,0,0.197802900920569,0,0,0,0.214961106223719,0,0.164680853486061,0,0,0,0,0.147250500840878,0,0,0,0,0,0,0,0,0,0,0,0,0,0,0,0,0,0,0.155182875259671,0.189025823926104,0,0,0
0,0,0,0,0,0.263917416334152,0,0,0,0,0,0.17164924989144,0,0,0,0,0,0,0,0.123325120125498,0,0,0,0,0,0,0,0,0,0,0,0,0,0,0,0,0,0,0,0,0,0,0,0,0,0,0,0,0,0,0,0.2108739684477,0,0.18924119042675,0,0,0,0.207613225663658,0,0.176804032568869,0,0,0.191221306818763,0,0,0,0,0,0,0,0,0,0,0,0,0,0,0,0,0,0,0,0.165747885975768,0.158545061945915,0,0,0
0.253267379875621,0,0.189448639750481,0,0.135075218718627,0,0,0,0,0,0,0,0,0,0.153279552324897,0,0.178734857478267,0.183424973487854,0.207517208023505,0,0,0,0.201425954699516,0,0.198769838611285,0,0.146135103176622,0,0,0,0,0,0,0,0,0,0,0,0.296593062915244,0,0,0,0.264005793477293,0,0,0,0,0.186713650822639,0.237573888152838,0,0.237419811487198,0,0,0,0.245596107588195,0,0.199453733861446,0,0.222285870462656,0,0.208154447203459,0,0,0,0,0,0,0.189096245914698,0,0.172391759231687,0,0,0,0,0,0,0,0,0,0,0,0.166413874328136,0.1915489257807,0,0.282412585999068,0,0.283090770244598
0,0.190892552120098,0,0.176891635243709,0,0.191212439040343,0,0,0,0,0,0,0,0,0,0.202867265641689,0.175353214144707,0.172172774888085,0.216306197348722,0,0,0,0,0.279258558437938,0,0.174596533179283,0.144008278846741,0,0,0,0,0,0,0,0,0,0,0.248177426392022,0,0,0,0.230951883003745,0,0,0,0,0,0,0,0.207462728023529,0,0.205040825330294,0,0,0,0.269871952681692,0,0,0,0,0,0.210057704624805,0,0,0,0,0.284241556293435,0,0.1662591000398,0,0,0,0,0,0,0,0,0,0.377276241779327,0,0.243046721668108,0,0.203420255658622,0.148204818367958,0.239933961259269,0.220031773050626,0
0,0,0,0,0.205589970404452,0,0.150156868355615,0,0,0,0,0,0.163833900692716,0,0,0,0,0,0,0,0.15812417249769,0,0,0,0,0,0,0,0.150293239206076,0,0.168647265682618,0,0,0,0,0,0.162886565968172,0,0.161241905408611,0,0,0,0,0,0,0,0,0,0,0,0.202414950444585,0,0.196227714419365,0,0,0,0.205725982723375,0,0.162576901523963,0,0,0,0,0.161992225050926,0,0,0,0,0,0,0,0,0,0.15971942320466,0,0,0,0,0,0.150399684781136,0,0.154286066806594,0.168143089459855,0.150681886821985,0,0,0
0,0,0,0,0,0.257925748825073,0,0.17164924989144,0,0,0,0,0,0.157086459605983,0,0,0,0,0,0.156877751018377,0,0,0,0,0,0,0,0.149981724588495,0,0.209406277074062,0,0,0,0,0,0.166634005442203,0,0.167480701812184,0,0,0,0,0,0,0,0,0,0,0,0,0,0.274773240089417,0,0.192572563886642,0,0,0,0.206881287426509,0,0.159837613457983,0,0,0.165941521419249,0,0,0,0,0,0,0,0,0,0.246692216205398,0,0,0,0,0,0.166312651024587,0,0.153562695432122,0,0.17126631809444,0,0.247040911577642,0,0
0,0,0,0,0,0,0,0,0,0,0.163833900692716,0,0,0,0.126870817504823,0,0.105998910963535,0,0,0,0,0,0,0,0,0,0.110482297837734,0,0.157881962756316,0,0,0,0,0,0,0,0,0,0,0,0,0,0,0,0,0,0,0,0,0,0,0,0.163395276293159,0,0,0,0.17020451345227,0,0.155251912230795,0,0,0,0,0,0,0,0,0,0,0,0,0.10995739325881,0,0,0,0,0,0,0,0,0,0,0.141755114495754,0.192983761429787,0,0,0
0,0,0,0,0,0,0,0,0,0,0,0.157086459605983,0,0,0,0.153054773807526,0,0,0,0,0,0,0,0,0,0.180653932814797,0,0.173259125412011,0,0,0,0,0,0,0,0,0,0,0,0,0,0,0,0,0,0,0,0,0,0,0,0,0,0,0,0,0,0.163529955988746,0,0.170713683344406,0,0,0,0,0,0,0,0,0.136339464873979,0,0.156687647104263,0,0.179687750836213,0,0,0,0,0,0,0,0,0,0.159109609822432,0,0,0,0
0,0,0,0,0,0,0,0,0.153279552324897,0,0,0,0.126870817504823,0,0,0,0.153528050726487,0.159780943766236,0.252661794424057,0,0,0,0.138531990349293,0,0.132000058889389,0.158189475536346,0.129795185084106,0,0.120197985659946,0,0,0,0,0,0,0,0,0,0,0,0,0,0.292390137910843,0,0,0,0,0,0,0,0,0,0,0,0.218392512947321,0,0,0,0.13113958388567,0,0.130137505475432,0,0,0,0,0,0,0.142215892672539,0.152805812656879,0.141823758060733,0,0.127787537872791,0,0,0,0,0,0,0,0,0,0,0.139499670168494,0.187855675816536,0.287643512090047,0,0
0,0,0,0,0,0,0,0,0,0.202867265641689,0,0,0,0.153054773807526,0,0,0.156219410972717,0.153895053928085,0.173618441075087,0,0,0,0,0.14994315803051,0,0.183940946179278,0,0,0,0,0,0,0,0,0,0,0,0,0,0,0,0,0,0,0,0,0,0,0,0,0,0.188925276199977,0,0,0,0.223469874660174,0,0,0,0,0,0.217847233638167,0,0,0,0,0,0,0.181069974824786,0,0,0,0,0,0,0,0,0,0,0,0,0,0.159298244428325,0.212166607379913,0.398344904184341,0,0
0.305192840871988,0,0,0.316645309329033,0,0,0,0,0.178734857478267,0.175353214144707,0,0,0.105998910963535,0,0.153528050726487,0.156219410972717,0,0.176199702931692,0.260148675125929,0,0.425239354372025,0.127619788050652,0.144668563724179,0.195172307746751,0.153204393144069,0.170640037563003,0.141579240607897,0,0.124527172495921,0,0,0,0,0,0,0.357691168785095,0.414418319861094,0,0,0.28118104448444,0.378039664799167,0.25129941651007,0.251010888862231,0,0,0.341665595769882,0.317169491540302,0,0,0,0,0,0,0,0.140407348317759,0,0.380726958576002,0.321414947509766,0,0,0.155572979691181,0.15714643760161,0,0.381837150123384,0,0.145488642015547,0,0.164959427398831,0.168380491516512,0.151017630770802,0,0.129980707033114,0.276178807020187,0.376859810791518,0,0,0,0,0.332260929979384,0.418062901425198,0,0.409344983952386,0.182007132549972,0.167681260241403,0.37807202719304,0.260085802525282,0.257427564925618
0,0.241672098636627,0,0.343105534712474,0,0,0,0,0.183424973487854,0.172172774888085,0,0,0,0,0.159780943766236,0.153895053928085,0.176199702931692,0,0.296259895175857,0,0,0.131263498182052,0.154447432867316,0.158918601327709,0.172513042887052,0.148559871980761,0.154051657400879,0.125744618136774,0,0,0,0,0,0,0,0.312381684780121,0,0,0,0.363586768507957,0.310339691117406,0.284567186030848,0.243265129625797,0,0,0.425151037318366,0,0,0,0,0,0,0,0,0,0.178885407745838,0.352789312601089,0.351977674798532,0,0,0.147666166226069,0.157685120019221,0.444577693939209,0.35089014683451,0.132177028805017,0.158910548935334,0,0.178925234377384,0.155519831784402,0.167861596131936,0,0,0.368000961840153,0.402306944131851,0,0,0,0,0.411655964359405,0.400225813451566,0,0,0.177288573366688,0.163098172881664,0.388294661538003,0.279295017614084,0.232320189476013
0.381137245231205,0.286526329815388,0,0.304189413785934,0,0,0,0,0.207517208023505,0.216306197348722,0,0,0,0,0.252661794424057,0.173618441075087,0.260148675125929,0.296259895175857,0,0,0.398371040821075,0,0.241970217227936,0.265456438064575,0.22627799709638,0.224325705142248,0.192271500825882,0,0,0,0,0,0,0,0,0.32761266703407,0.362882606983185,0.187790796745057,0,0.302430261841595,0.287304037229676,0.225165967736687,0.213831923816092,0,0,0.414177576997387,0.287647871888782,0.255507376044989,0.240700448552767,0.272589867934585,0,0.236728139221668,0,0,0,0.256849662345998,0.348182608683904,0.317169293331412,0,0,0.193898171186447,0.150173760950565,0.353465606184567,0.315878353073253,0,0,0,0.24465545018514,0.253124945257839,0.191165670752525,0,0,0.34009996941988,0.378368230660756,0,0,0.310858614742756,0,0.351139648425533,0.326760005207952,0.212369684023517,0.4271360039711,0.238031129743406,0,0.332958779152484,0.241948461316151,0.224111410067571
0,0,0,0.186636134982109,0,0.193266624153334,0,0.123325120125498,0,0,0,0.156877751018377,0,0,0,0,0,0,0,0,0,0,0,0,0,0,0,0,0,0,0,0,0,0,0,0.154142451384482,0,0.148370638617084,0,0,0,0,0,0,0,0,0,0,0,0,0,0.242029466480017,0,0,0,0,0,0.192448439421477,0,0,0,0,0.158585882869634,0,0,0,0,0,0,0,0,0,0,0,0,0,0,0,0.179660045632444,0,0.163556748302653,0,0.146566371208635,0,0.188444946019315,0,0
0,0,0,0,0.185613620739717,0,0.144597623141567,0,0,0,0.15812417249769,0,0,0,0,0,0.425239354372025,0,0.398371040821075,0,0,0,0,0,0,0,0,0,0,0,0,0,0,0,0,0,0.166237743894259,0,0.115485721790209,0,0.390998780727386,0,0,0,0,0,0.30935760277013,0,0,0,0.202602203935385,0,0.16430716470201,0,0,0,0.189070055026882,0,0,0,0,0,0,0.197606793429347,0,0,0,0,0,0,0,0,0,0,0,0,0,0,0,0.197564317611376,0,0.202739497610167,0.158959415028343,0.140866640423025,0.266316224889057,0,0
0,0,0,0,0,0,0,0,0,0,0,0,0,0,0,0,0.127619788050652,0.131263498182052,0,0,0,0,0.139183660852723,0.161651565748103,0,0.154506591813905,0,0.159443632761637,0,0,0,0,0,0,0,0,0,0.174476004532457,0.129066872927878,0.287048488855362,0,0,0,0,0,0,0,0,0,0.244334835716536,0,0,0,0,0,0,0,0,0,0,0,0,0,0,0.219320809593466,0.143985398113728,0.187615399604494,0,0.153560726903379,0,0.156352287680983,0,0,0,0,0,0,0,0,0,0.197864778829042,0.135481588542461,0.137721604692329,0.133943746676264,0,0,0
0.235016599297523,0,0,0,0,0,0,0,0.201425954699516,0,0,0,0,0,0.138531990349293,0,0.144668563724179,0.154447432867316,0.241970217227936,0,0,0.139183660852723,0,0,0.160039520931655,0,0.133290815558554,0,0.141087337356547,0,0,0,0,0,0,0,0,0.119119993100564,0.215775453013302,0,0,0,0.393604576587677,0,0,0,0,0,0.293760469329713,0,0,0,0,0,0,0,0,0,0,0,0,0,0,0,0.147698521614075,0.175729005969804,0,0.194197179640041,0.130629733204842,0.233858099621203,0,0.299282104011428,0,0.354404916365941,0,0,0,0,0,0,0,0.218521410680927,0.138356080673273,0.130246721208096,0.311603277921677,0,0
0,0.249885796472944,0,0,0,0,0,0,0,0.279258558437938,0,0,0,0,0,0.14994315803051,0.195172307746751,0.158918601327709,0.265456438064575,0,0,0.161651565748103,0,0,0,0.160554225955691,0,0,0,0,0,0,0,0.220780685544014,0,0,0,0.223844313675219,0,0,0,0,0,0,0,0,0,0,0,0.236561089066359,0,0,0,0,0,0.306196203508547,0,0,0,0,0,0.249699346721172,0,0,0.234899327158928,0,0.188948633197955,0,0.166523829102516,0,0,0,0,0,0,0,0.228302262723446,0,0,0,0.207559420812598,0,0.138580269727015,0,0.286805318490319,0,0
0,0,0,0,0,0,0,0,0.198769838611285,0,0,0,0,0,0.132000058889389,0,0.153204393144069,0.172513042887052,0.22627799709638,0,0,0,0.160039520931655,0,0,0,0.158555929691105,0,0,0,0,0,0,0,0,0,0,0,0.151485747154354,0,0,0,0.283448750322515,0,0,0,0,0.408140286803246,0.238570522586877,0,0,0,0,0,0.271758627394835,0,0,0,0,0,0.240738496184349,0,0,0.248729348182678,0,0.206838402027142,0,0.17181086081004,0,0.164436473031721,0,0.347330224514008,0,0.242927372455597,0,0,0,0,0,0.332534044981003,0,0.192845147359567,0.153250951180016,0,0.26112508729455,0,0
0,0,0,0,0,0,0,0,0,0.174596533179283,0,0,0,0.180653932814797,0.158189475536346,0.183940946179278,0.170640037563003,0.148559871980761,0.224325705142248,0,0,0.154506591813905,0,0.160554225955691,0,0,0.136101968586445,0.153405230946657,0,0,0,0,0,0,0,0,0,0,0,0.339729458093643,0,0,0,0,0,0,0,0,0,0,0,0,0,0,0,0,0,0,0,0,0,0.195246866345406,0,0,0.152937061488628,0.138401255011559,0.16461381483032,0,0.178965225171106,0,0.169069066643715,0,0,0,0,0,0,0,0,0,0,0,0.154872756429835,0,0.358374565839767,0,0
0,0,0,0,0,0,0,0,0.146135103176622,0.144008278846741,0,0,0.110482297837734,0,0.129795185084106,0,0.141579240607897,0.154051657400879,0.192271500825882,0,0,0,0.133290815558554,0,0.158555929691105,0.136101968586445,0,0,0.123016497758633,0,0,0,0,0,0,0,0,0,0,0,0,0,0,0,0,0,0,0,0,0,0,0,0,0,0,0,0,0,0,0,0.125980178825557,0,0,0,0,0.165221188530744,0,0.174214144044363,0.299071431159973,0.130811279857791,0,0.132474714890122,0,0,0,0,0,0,0,0,0,0,0.129653196728479,0,0,0,0
0,0,0,0,0,0,0,0,0,0,0,0.149981724588495,0,0.173259125412011,0,0,0,0.125744618136774,0,0,0,0.159443632761637,0,0,0,0.153405230946657,0,0,0,0.150880014375512,0,0,0,0,0,0,0,0.154198924389978,0,0,0,0,0,0,0,0,0,0,0,0,0,0,0,0,0,0,0,0.160980236861441,0,0.180301213117897,0,0,0,0,0.127577444538474,0,0,0,0.173480676692664,0,0.170859681370184,0,0.164305769439254,0,0,0,0,0,0,0,0.158970254190852,0,0.157328009605408,0,0,0,0
0,0,0,0,0,0,0,0,0,0,0.150293239206076,0,0.157881962756316,0,0.120197985659946,0,0.124527172495921,0,0,0,0,0,0.141087337356547,0,0,0,0.123016497758633,0,0,0,0.158490991170861,0,0,0,0,0,0,0,0.169864029717325,0,0,0,0,0,0,0,0,0,0.331349760293961,0,0,0,0,0,0,0,0.1492889970541,0,0.159246641728613,0,0,0,0,0,0,0.180521135267458,0,0,0,0.126689380833081,0,0.168859668987514,0,0.154311871675194,0,0,0,0,0,0,0,0.178821434370346,0.128157065217865,0,0,0,0
0,0,0,0,0,0,0,0,0,0,0,0.209406277074062,0,0,0,0,0,0,0,0,0,0,0,0,0,0,0,0.150880014375512,0,0,0,0,0,0,0,0,0,0.206163053673339,0,0,0,0,0,0,0,0,0,0,0,0,0,0,0,0,0,0,0,0.213674888515673,0,0,0,0,0,0,0,0,0,0,0,0,0.160631507221195,0,0.222735435113421,0,0,0,0,0,0,0,0.168916102831926,0,0,0,0,0,0
0,0,0,0,0,0,0,0,0,0,0.168647265682618,0,0,0,0,0,0,0,0,0,0,0,0,0,0,0,0,0,0.158490991170861,0,0,0,0,0,0,0,0,0,0.151038622626891,0,0,0,0,0,0,0,0,0,0,0,0,0,0,0,0,0,0.163432456007818,0,0,0,0,0,0,0,0,0,0,0,0,0,0,0,0,0.166093711705171,0,0,0,0,0,0,0,0.155069702050903,0.151169893145561,0,0,0,0
0,0,0,0,0,0,0,0,0,0,0,0,0,0,0,0,0,0,0,0,0,0,0,0,0,0,0,0,0,0,0,0,0.257599338626831,0,0.165998266339302,0.159089520059783,0.130956244316291,0,0,0,0,0,0,0,0,0,0,0.44826672328519,0,0,0,0,0,0,0,0,0,0,0,0,0,0,0,0,0,0,0,0,0,0,0,0,0,0,0.217888186102793,0.289530953670324,0.25407767156139,0.259145959065511,0.187472585983136,0.475823078481924,0,0,0.225259260363775,0,0,0,0
0,0,0,0,0,0,0,0,0,0,0,0,0,0,0,0,0,0,0,0,0,0,0,0,0,0,0,0,0,0,0,0.257599338626831,0,0.137150949239731,0.200378057857354,0.136043707297908,0.158611514910009,0,0,0,0.176885038614273,0,0,0,0,0,0,0.484569626367735,0,0,0,0,0,0,0,0,0,0,0,0,0,0,0,0,0,0,0,0,0,0,0,0,0,0,0.247560124411845,0.358863887385222,0.354161769151688,0.238360963323537,0.142165306076575,0.214868008466842,0,0,0.174462982063101,0,0,0,0
0,0,0,0,0,0,0,0,0,0,0,0,0,0,0,0,0,0,0,0,0,0,0,0.220780685544014,0,0,0,0,0,0,0,0,0.137150949239731,0,0.192771402509622,0.159696383473554,0.122466312193159,0.325935558336961,0.150006389408781,0,0,0.401391714811325,0,0,0,0,0,0.27998254821268,0.509473850329717,0.336227923631668,0,0,0,0,0,0,0,0,0,0,0,0,0,0,0,0,0,0,0,0,0,0,0,0,0,0.323218435049057,0.215218866535121,0.207526095803811,0.175489769870883,0,0.341105367567228,0.145946918676297,0.176037601027332,0.171005107462406,0.255571317146806,0,0
0,0,0,0,0,0,0,0,0,0,0,0,0,0,0,0,0,0,0,0,0,0,0,0,0,0,0,0,0,0,0,0.165998266339302,0.200378057857354,0.192771402509622,0,0,0.175304641846467,0.181701228022575,0.186901385188103,0,0,0,0,0,0,0,0,0.372272686353313,0.379649519920349,0.533425509929657,0,0,0,0,0,0,0,0,0,0,0,0,0,0,0,0,0,0,0,0,0,0,0,0,0.173103412443941,0.21986730566079,0.169109558407217,0.254759166623011,0,0.190615327598957,0,0.217701010152979,0.195350795325653,0,0.404132351279259,0,0
0,0,0,0.211928920447826,0,0.164208292961121,0,0,0,0,0,0.166634005442203,0,0,0,0,0.357691168785095,0.312381684780121,0.32761266703407,0.154142451384482,0,0,0,0,0,0,0,0,0,0,0,0.159089520059783,0.136043707297908,0.159696383473554,0,0,0.142882093138449,0.180199377882843,0.130543215459661,0.26837316561829,0,0.288164378868209,0,0,0,0.221893333234229,0,0.325554221486434,0.262616652995348,0.277662209102086,0,0.272481262683868,0,0,0,0,0,0.17837667812599,0,0.328691989183426,0,0,0.178143556428249,0,0,0,0,0,0,0,0,0,0,0,0.211492413282394,0.20755399280581,0.169590302880116,0,0.200620192903375,0.159592516009549,0.255838160935682,0,0.169959601083343,0.166174139862969,0.174460753072369,0.29119473695755,0
0,0,0,0,0.180496588349342,0,0,0,0,0,0.162886565968172,0,0,0,0,0,0.414418319861094,0,0.362882606983185,0,0.166237743894259,0,0,0,0,0,0,0,0,0,0,0.130956244316291,0.158611514910009,0.122466312193159,0.175304641846467,0.142882093138449,0,0,0.179811896932276,0,0.251728886285344,0,0.344870115319888,0,0,0,0.262031404912927,0.375891311094165,0.238018429279327,0,0.195690758526325,0,0,0,0,0,0.18236451954404,0,0,0,0,0,0,0.215217780794486,0,0,0,0,0,0,0,0,0,0,0.152751639093223,0.191293988486886,0.137421906739473,0.17955945836909,0.147343827625676,0.207539079886409,0,0.230659521532805,0.168603843706258,0.164543377006917,0.192934059749352,0.309134408831596,0
0,0.252173483371735,0,0,0,0,0,0,0,0.248177426392022,0,0.167480701812184,0,0,0,0,0,0,0.187790796745057,0.148370638617084,0,0.174476004532457,0.119119993100564,0.223844313675219,0,0,0,0.154198924389978,0,0.206163053673339,0,0,0,0.325935558336961,0.181701228022575,0.180199377882843,0,0,0.157968829470429,0,0,0.184057562640219,0,0,0,0.232642039656639,0,0.523955217840379,0,0.234747797223655,0,0.248976626992226,0,0,0,0.294287663021702,0,0.175708449785988,0,0,0,0.274082943797112,0.168992336203412,0,0.214171241634354,0.14184658229351,0.266172381999135,0,0,0,0.157317135589463,0,0.218966885108604,0,0,0,0.328100258327392,0.484628915786743,0.216895085879761,0,0.202868044710466,0.15911749606034,0.183361197212789,0.166171348837006,0.280356632714922,0,0
0,0,0,0,0,0,0,0,0.296593062915244,0,0.161241905408611,0,0,0,0,0,0,0,0,0,0.115485721790209,0.129066872927878,0.215775453013302,0,0.151485747154354,0,0,0,0.169864029717325,0,0.151038622626891,0,0,0.150006389408781,0.186901385188103,0.130543215459661,0.179811896932276,0.157968829470429,0,0,0,0,0.227056081904921,0,0,0,0,0.505571848595584,0.254825684101948,0,0.316126316785812,0,0,0,0.354001769213424,0,0.188452798384007,0,0,0,0.34712245464325,0,0,0.207022354006767,0,0.274755134260654,0,0.187209158781029,0,0.287045210599899,0,0.330179827455028,0,0.336616536229849,0,0,0.160124748945236,0.278983083341948,0.189343453130939,0.199272823164961,0.193828628934109,0.205323642347124,0.189995225341338,0.336137527724107,0.323722416406158,0,0.207027933814309
0,0.379709736867384,0,0.299080056579489,0,0,0,0,0,0,0,0,0,0,0,0,0.28118104448444,0.363586768507957,0.302430261841595,0,0,0.287048488855362,0,0,0,0.339729458093643,0,0,0,0,0,0,0,0,0,0.26837316561829,0,0,0,0,0.280642867088318,0.279806641025449,0.271355519071221,0,0,0.188353517144876,0.29070283472538,0.320746839046478,0.285694658756256,0.218610334348072,0,0,0,0,0,0,0.344387292861938,0.311791208055284,0,0,0,0,0.242474536763297,0,0,0,0,0,0,0,0,0,0.308697581291199,0,0,0,0,0,0.263532571410511,0.360970139503479,0,0,0.30088156126123,0,0.311243277997721,0.28991735865057,0
0.423067493098123,0,0,0,0,0,0,0,0,0,0,0,0,0,0,0,0.378039664799167,0.310339691117406,0.287304037229676,0,0.390998780727386,0,0,0,0,0,0,0,0,0,0,0,0.176885038614273,0,0,0,0.251728886285344,0,0,0.280642867088318,0,0.279783984317499,0.275389982005789,0,0,0,0.328673832683049,0.169751756373913,0.229245239478022,0.230324625968933,0,0,0,0,0,0,0,0,0,0,0,0,0,0.28164349030878,0,0,0,0,0,0,0,0,0,0.277469843626022,0,0.166406385600567,0,0,0.281646832823753,0.271669221968115,0,0.294470736756921,0.325904695570929,0,0.292265585832609,0,0.291643027947949
0,0.242770230726284,0,0.296712794503354,0,0.234720369180044,0,0,0,0.230951883003745,0,0,0,0,0,0,0.25129941651007,0.284567186030848,0.225165967736687,0,0,0,0,0,0,0,0,0,0,0,0,0,0,0.401391714811325,0,0.288164378868209,0,0.184057562640219,0,0.279806641025449,0.279783984317499,0,0.287590141085318,0,0,0.301176520330565,0.243326343595982,0.444922802579957,0.355773303574986,0.304905851178455,0,0.261043515056372,0,0,0,0.281482888192966,0,0.312951983210254,0,0.301130873816354,0,0.206668615341187,0.300252637515465,0.288652077317238,0,0,0,0,0.30812880396843,0,0,0,0.303947215374464,0.251410454511642,0,0,0.451633907854557,0.458800926804543,0.289670941400361,0.298738753157003,0,0,0.295514098040616,0.308611875772476,0.299502278383289,0.281887862190057,0.312367689736346
0.242336617482285,0,0.286287313420996,0,0.222376264058627,0,0,0,0.264005793477293,0,0,0,0,0,0.292390137910843,0,0.251010888862231,0.243265129625797,0.213831923816092,0,0,0,0.393604576587677,0,0.283448750322515,0,0,0,0,0,0,0,0,0,0,0,0.344870115319888,0,0.227056081904921,0.271355519071221,0.275389982005789,0.287590141085318,0,0,0,0,0.270294849035041,0.476610069039953,0.375198815406358,0.510173360506693,0.270367980003357,0,0,0,0.298390151760013,0,0.336792888621563,0,0.296877920627594,0,0.298128362745047,0,0,0.304099756397984,0,0,0,0,0,0.205627918243408,0,0.295746207237244,0,0.270588371234062,0,0,0,0,0.28504484295845,0.310177855287801,0,0.440702331917627,0.293799521412526,0.284528509196308,0.301037199774827,0.323823336871434,0.236820842281332
0,0,0,0,0,0,0,0,0,0,0,0,0,0,0,0,0,0,0,0,0,0,0,0,0,0,0,0,0,0,0,0,0,0,0,0,0,0,0,0,0,0,0,0,0,0,0,0,0,0,0,0,0,0,0,0,0,0.352846443653107,0,0,0,0,0,0,0,0,0,0,0,0,0,0,0,0,0,0,0,0,0,0,0,0,0.465719699859619,0,0,0,0
0,0,0,0,0,0,0,0,0,0,0,0,0,0,0,0,0,0,0,0,0,0,0,0,0,0,0,0,0,0,0,0,0,0,0,0,0,0,0,0,0,0,0,0,0,0,0,0,0,0,0,0,0,0,0,0,0,0,0,0,0,0,0,0,0,0,0,0,0,0,0,0,0,0,0,0,0,0,0,0,0,0,0,0,0,0,0
0,0.32771785184741,0,0.247573978560311,0,0.244131162762642,0,0,0,0,0,0,0,0,0,0,0.341665595769882,0.425151037318366,0.414177576997387,0,0,0,0,0,0,0,0,0,0,0,0,0,0,0,0,0.221893333234229,0,0.232642039656639,0,0.188353517144876,0,0.301176520330565,0,0,0,0,0,0,0,0,0,0,0,0,0,0,0,0.248422959598444,0,0.23121090233326,0,0,0.249176192448882,0,0,0,0,0,0,0.316812425851822,0,0,0.260290384969928,0,0,0,0,0,0.28465205532971,0,0.304375918611648,0,0.363835560493782,0,0.251267254428763,0,0
0,0,0,0,0,0,0,0,0,0,0,0,0,0,0,0,0.317169491540302,0,0.287647871888782,0,0.30935760277013,0,0,0,0,0,0,0,0,0,0,0,0,0,0,0,0.262031404912927,0,0,0.29070283472538,0.328673832683049,0.243326343595982,0.270294849035041,0,0,0,0,0.302494645118713,0.31797510633866,0,0,0,0,0,0,0,0.24840187728405,0,0,0,0,0,0,0.263980521217725,0,0,0,0,0,0,0,0,0,0.268630802631378,0,0,0,0,0.307405441999435,0.287812086105209,0,0.340847825970162,0.295358249798734,0,0.338059674656909,0.263719044625759,0.285412616199917
0,0,0,0,0,0,0,0,0.186713650822639,0,0,0,0,0,0,0,0,0,0.255507376044989,0,0,0,0,0,0.408140286803246,0,0,0,0,0,0,0.44826672328519,0.484569626367735,0.27998254821268,0.372272686353313,0.325554221486434,0.375891311094165,0.523955217840379,0.505571848595584,0.320746839046478,0.169751756373913,0.444922802579957,0.476610069039953,0,0,0,0.302494645118713,0,0.410852915718513,0.388341456670392,0,0,0,0,0.257425665855408,0,0,0,0,0,0,0,0,0,0,0.432755544781685,0,0.384476572275162,0,0,0,0,0,0,0.371079798769112,0.406528640387104,0.263181038861033,0.332032279435734,0.296645176583698,0.32479928466466,0.475736647844315,0.350106719662161,0.51127283424271,0.602279901504517,0.468211802990002,0.397713425755501,0.381745427846909
0.179739509174164,0,0.154324410552228,0,0,0,0,0,0.237573888152838,0,0,0,0,0,0,0,0,0,0.240700448552767,0,0,0,0.293760469329713,0,0.238570522586877,0,0,0,0.331349760293961,0,0,0,0,0.509473850329717,0.379649519920349,0.262616652995348,0.238018429279327,0,0.254825684101948,0.285694658756256,0.229245239478022,0.355773303574986,0.375198815406358,0,0,0,0.31797510633866,0.410852915718513,0,0.374041639268398,0,0,0,0,0.249563455581665,0,0.148244068026543,0,0.169281769366491,0,0.17923770348231,0,0,0,0,0.291815297390387,0,0.258489514098448,0,0.247975697120031,0,0.262642687939583,0,0.222510679165522,0,0.211237023274104,0,0,0.254170700375523,0.232944746801171,0,0.27048293898254,0.526802035968388,0,0.325774157318738,0,0.422911781072617
0,0.195243390454086,0,0.190512060306289,0,0.255837142467499,0,0,0,0.207462728023529,0,0,0,0,0,0,0,0,0.272589867934585,0,0,0.244334835716536,0,0.236561089066359,0,0,0,0,0,0,0,0,0,0.336227923631668,0.533425509929657,0.277662209102086,0,0.234747797223655,0,0.218610334348072,0.230324625968933,0.304905851178455,0.510173360506693,0,0,0,0,0.388341456670392,0.374041639268398,0,0,0.185837371105498,0,0,0,0.243906861543655,0,0.341551529950109,0,0.197803489471737,0,0.187218467163485,0.369140088558197,0,0.263452350028924,0,0.312118869004669,0,0.37288627329659,0,0.327647843768439,0,0.258016627085836,0,0,0.256603211164474,0.249291524291039,0.484934628009796,0.208779820470186,0,0.300068300817307,0,0.383714197628751,0,0.288588988907206,0.284612536430359,0
0.278405219316483,0,0.209676461724135,0,0.218387396267009,0,0.192368754973778,0,0.237419811487198,0,0.202414950444585,0,0,0,0,0,0,0,0,0,0.202602203935385,0,0,0,0,0,0,0,0,0,0,0,0,0,0,0,0.195690758526325,0,0.316126316785812,0,0,0,0.270367980003357,0,0,0,0,0,0,0,0,0,0.197568627053432,0,0.187061309613086,0,0.229355013917107,0,0.204318731040745,0,0,0,0,0.198458328843117,0,0,0,0,0,0,0,0,0,0,0,0,0,0,0,0,0,0,0,0,0.238384842744161,0,0
0,0.200400507450104,0,0.218015789555816,0,0.227721909909802,0,0.2108739684477,0,0.205040825330294,0,0.274773240089417,0,0,0,0.188925276199977,0,0,0.236728139221668,0.242029466480017,0,0,0,0,0,0,0,0,0,0,0,0,0,0,0,0.272481262683868,0,0.248976626992226,0,0,0,0.261043515056372,0,0,0,0,0,0,0,0.185837371105498,0,0,0,0.248661477367083,0,0.213286914456059,0,0.239631479125562,0,0.179868027567863,0,0.193454772233963,0.218635225296021,0,0,0,0,0,0,0,0,0,0,0,0,0,0,0,0,0,0,0,0.209488725155787,0,0.24794674295871,0,0
0,0,0,0,0.223245703105657,0,0.197802900920569,0,0,0,0.196227714419365,0,0.163395276293159,0,0,0,0,0,0,0,0.16430716470201,0,0,0,0,0,0,0,0,0,0,0,0,0,0,0,0,0,0,0,0,0,0,0,0,0,0,0,0,0,0.197568627053432,0,0,0,0,0,0.226985671182686,0,0.204899891517883,0,0,0,0,0.180868700519204,0,0,0,0,0,0,0,0,0,0,0,0,0,0,0,0,0,0,0.151479496675379,0.144319665431976,0,0,0
0,0,0,0,0,0.263027131557465,0,0.18924119042675,0,0,0,0.192572563886642,0,0,0,0,0,0,0,0,0,0,0,0,0,0,0,0,0,0,0,0,0,0,0,0,0,0,0,0,0,0,0,0,0,0,0,0,0,0,0,0.248661477367083,0,0,0,0,0,0.229011800368888,0,0.176329143907664,0,0,0.209902391519765,0,0,0,0,0,0,0,0,0,0,0,0,0,0,0,0,0,0,0,0.18621603903525,0,0,0,0
0.247677799390287,0,0,0,0.134561092489296,0,0,0,0.245596107588195,0,0,0,0,0,0.218392512947321,0,0.140407348317759,0,0,0,0,0,0,0,0.271758627394835,0,0,0,0,0,0,0,0,0,0,0,0,0,0.354001769213424,0,0,0,0.298390151760013,0,0,0,0,0.257425665855408,0.249563455581665,0,0.187061309613086,0,0,0,0,0,0,0,0.303776770830154,0,0.258802242091169,0,0,0,0,0,0,0.198807880282402,0,0.220056510397366,0,0,0,0,0,0,0,0,0,0,0,0.17238304913044,0.21722573876006,0,0.276859670551434,0,0
0,0.252389535797594,0,0.146451201289892,0,0.20803401293233,0,0,0,0.269871952681692,0,0,0,0,0,0.223469874660174,0,0.178885407745838,0.256849662345998,0,0,0,0,0.306196203508547,0,0,0,0,0,0,0,0,0,0,0,0,0,0.294287663021702,0,0,0,0.281482888192966,0,0,0,0,0,0,0,0.243906861543655,0,0.213286914456059,0,0,0,0,0,0,0,0,0,0.213526344348518,0,0,0,0,0.268994023020451,0,0.1725754737854,0,0,0,0,0,0,0,0,0,0.375070720911026,0,0.234638920319932,0,0.231594065106229,0,0.264536997083054,0.235181786119938,0
0.301975497975945,0,0.15200350763677,0,0.2124146570762,0,0.214961106223719,0,0.199453733861446,0,0.205725982723375,0,0.17020451345227,0,0,0,0.380726958576002,0.352789312601089,0.348182608683904,0,0.189070055026882,0,0,0,0,0,0,0,0.1492889970541,0,0.163432456007818,0,0,0,0,0,0.18236451954404,0,0.188452798384007,0.344387292861938,0,0,0.336792888621563,0,0,0,0.24840187728405,0,0.148244068026543,0,0.229355013917107,0,0.226985671182686,0,0,0,0,0,0.222885258046977,0,0.179863098554495,0,0,0.256962508357237,0,0,0,0,0,0,0,0.214588284492493,0,0.435501983230428,0,0,0,0,0,0.241708901759825,0,0.182990871657405,0.269705512629443,0.151362061500549,0.313659926621926,0,0.348679861336043
0,0.351371079683304,0,0.277466729073457,0,0.217470018636613,0,0.207613225663658,0,0,0,0.206881287426509,0,0.163529955988746,0,0,0.321414947509766,0.351977674798532,0.317169293331412,0.192448439421477,0,0,0,0,0,0,0,0.160980236861441,0,0.213674888515673,0,0,0,0,0,0.17837667812599,0,0.175708449785988,0,0.311791208055284,0,0.312951983210254,0,0.352846443653107,0,0.248422959598444,0,0,0,0.341551529950109,0,0.239631479125562,0,0.229011800368888,0,0,0,0,0,0.207928186714254,0,0.217909842729568,0.316600201743664,0,0,0,0,0,0,0,0.303671057336032,0,0.295723077578422,0,0,0,0,0,0.195252358542218,0,0.159790882853424,0,0.204686563931979,0,0.36274892610247,0.322679282755268,0
0.210343163898763,0,0.171870080488069,0,0.212538585066795,0,0.164680853486061,0,0.222285870462656,0,0.162576901523963,0,0.155251912230795,0,0.13113958388567,0,0,0,0,0,0,0,0,0,0,0,0,0,0.159246641728613,0,0,0,0,0,0,0,0,0,0,0,0,0,0.296877920627594,0,0,0,0,0,0.169281769366491,0,0.204318731040745,0,0.204899891517883,0,0.303776770830154,0,0.222885258046977,0,0,0,0.230844132784699,0,0,0,0,0,0,0,0,0.171350583434105,0,0,0,0,0,0,0,0,0,0,0,0,0.16714962720871,0,0.199969561388161,0,0
0,0,0,0.241663005192273,0,0,0,0.176804032568869,0,0,0,0.159837613457983,0,0.170713683344406,0,0,0,0,0,0,0,0,0,0,0,0,0,0.180301213117897,0,0,0,0,0,0,0,0.328691989183426,0,0,0,0,0,0.301130873816354,0,0,0,0.23121090233326,0,0,0,0.197803489471737,0,0.179868027567863,0,0.176329143907664,0,0,0,0.207928186714254,0,0,0,0.187316849150441,0,0,0,0,0,0,0,0,0.174321641142552,0,0.314531147480011,0,0,0,0,0,0.324061661958694,0,0,0,0.184862901385014,0,0.236938076714675,0,0
0.210520254064152,0,0,0,0,0,0,0,0.208154447203459,0,0,0,0,0,0.130137505475432,0,0.155572979691181,0.147666166226069,0.193898171186447,0,0,0,0,0,0.240738496184349,0,0.125980178825557,0,0,0,0,0,0,0,0,0,0,0,0.34712245464325,0,0,0,0.298128362745047,0,0,0,0,0,0.17923770348231,0,0,0,0,0,0.258802242091169,0,0.179863098554495,0,0.230844132784699,0,0,0,0,0,0,0,0,0.135208964347839,0,0.263165861368179,0,0,0,0,0,0,0,0,0,0,0,0,0.150758882815188,0,0.264780231497505,0,0
0,0.207910001160899,0,0.217024967074394,0,0,0,0,0,0.210057704624805,0,0,0,0,0,0.217847233638167,0.15714643760161,0.157685120019221,0.150173760950565,0,0,0,0,0.249699346721172,0,0.195246866345406,0,0,0,0,0,0,0,0,0,0,0,0.274082943797112,0,0,0,0.206668615341187,0,0,0,0,0,0,0,0.187218467163485,0,0.193454772233963,0,0,0,0.213526344348518,0,0.217909842729568,0,0.187316849150441,0,0,0,0,0,0,0,0,0.183337154842558,0,0,0,0,0,0,0,0,0,0,0,0,0,0.167428535223007,0,0.21231797337532,0,0
0,0.442446529865265,0,0.290828968469913,0,0.174875921436719,0,0.191221306818763,0,0,0,0.165941521419249,0,0,0,0,0,0.444577693939209,0.353465606184567,0.158585882869634,0,0,0,0,0,0,0,0,0,0,0,0,0,0,0,0.178143556428249,0,0.168992336203412,0,0.242474536763297,0,0.300252637515465,0,0,0,0.249176192448882,0,0,0,0.369140088558197,0,0.218635225296021,0,0.209902391519765,0,0,0,0.316600201743664,0,0,0,0,0,0,0,0,0,0,0,0,0,0,0.412823261670124,0,0,0,0,0,0.24495630951512,0,0.233031174297943,0,0.14804112758118,0,0.277858880770147,0,0
0.356544973949591,0,0.264423727989197,0,0.201262583335241,0,0.147250500840878,0,0,0,0.161992225050926,0,0,0,0,0,0.381837150123384,0.35089014683451,0.315878353073253,0,0.197606793429347,0,0,0,0.248729348182678,0,0,0,0,0,0,0,0,0,0,0,0.215217780794486,0,0.207022354006767,0,0.28164349030878,0.288652077317238,0.304099756397984,0,0,0,0.263980521217725,0,0,0,0.198458328843117,0,0.180868700519204,0,0,0,0.256962508357237,0,0,0,0,0,0,0,0,0,0,0,0.350144684314728,0,0,0,0,0.356092597047488,0,0,0,0,0,0.267193831358456,0,0.299090916737478,0.264359428757621,0,0.304688317657989,0,0.314921608742546
0,0,0,0,0,0,0,0,0,0,0,0,0,0,0,0,0,0.132177028805017,0,0,0,0.219320809593466,0.147698521614075,0.234899327158928,0,0.152937061488628,0,0.127577444538474,0,0,0,0,0,0,0,0,0,0.214171241634354,0,0,0,0,0,0,0,0,0,0,0,0.263452350028924,0,0,0,0,0,0,0,0,0,0,0,0,0,0,0,0,0.244877983019295,0,0.254327980343436,0,0.153743775053458,0,0,0,0,0,0,0,0,0,0.249690910007413,0,0.147407703428415,0.161487558856606,0,0,0
0,0,0,0,0,0,0,0,0,0,0,0,0,0,0,0,0.145488642015547,0.158910548935334,0,0,0,0.143985398113728,0.175729005969804,0,0.206838402027142,0.138401255011559,0.165221188530744,0,0.180521135267458,0,0,0,0,0,0,0,0,0.14184658229351,0.274755134260654,0,0,0,0,0,0,0,0,0.432755544781685,0.291815297390387,0,0,0,0,0,0,0,0,0,0,0,0,0,0,0,0,0,0,0.193200391087983,0,0.143243362506231,0,0.298382007364947,0,0.353143057652882,0,0,0,0,0,0,0,0.238242812661411,0.14646976678581,0.155960038304329,0.328470289707184,0,0
0,0.265029538422823,0,0.260835617780685,0,0,0,0,0,0.284241556293435,0,0,0,0,0,0,0,0,0,0,0,0.187615399604494,0,0.188948633197955,0,0.16461381483032,0,0,0,0,0,0,0,0,0,0,0,0.266172381999135,0,0,0,0,0,0,0,0,0,0,0,0.312118869004669,0,0,0,0,0,0.268994023020451,0,0,0,0,0,0,0,0,0.244877983019295,0,0,0,0.344896886178425,0,0.353048331207699,0,0,0,0,0,0,0,0,0,0.249356772300581,0,0.141570459916649,0,0.271066251210868,0,0
0,0,0,0,0,0,0,0,0.189096245914698,0,0,0,0,0,0.142215892672539,0,0.164959427398831,0.178925234377384,0.24465545018514,0,0,0,0.194197179640041,0,0.17181086081004,0,0.174214144044363,0,0,0,0,0,0,0,0,0,0,0,0.187209158781029,0,0,0,0,0,0,0,0,0.384476572275162,0.258489514098448,0,0,0,0,0,0.198807880282402,0,0,0,0,0,0.135208964347839,0,0,0,0,0.193200391087983,0,0,0,0.166190924847292,0,0.350169125944376,0,0,0,0,0,0,0,0,0,0.18672246968045,0.171138596128334,0,0.235356066287972,0,0
0,0,0,0,0,0,0,0,0,0.1662591000398,0,0,0,0.136339464873979,0.152805812656879,0.181069974824786,0.168380491516512,0.155519831784402,0.253124945257839,0,0,0.153560726903379,0.130629733204842,0.166523829102516,0,0.178965225171106,0.299071431159973,0.173480676692664,0,0,0,0,0,0,0,0,0,0,0,0,0,0.30812880396843,0,0,0,0,0,0,0,0.37288627329659,0,0,0,0,0,0.1725754737854,0,0,0,0,0,0.183337154842558,0,0.350144684314728,0.254327980343436,0,0.344896886178425,0,0,0,0.195503620661568,0,0,0,0,0,0,0,0.30938795208931,0,0,0,0.166120961162798,0,0.345633774995804,0,0
0.227178245782852,0,0,0,0,0,0,0,0.172391759231687,0,0,0,0,0,0.141823758060733,0,0.151017630770802,0.167861596131936,0.191165670752525,0,0,0,0.233858099621203,0,0.164436473031721,0,0.130811279857791,0,0.126689380833081,0,0,0,0,0,0,0,0,0,0.287045210599899,0,0,0,0.205627918243408,0,0,0.316812425851822,0,0,0.247975697120031,0,0,0,0,0,0.220056510397366,0,0,0,0.171350583434105,0,0.263165861368179,0,0,0,0,0.143243362506231,0,0.166190924847292,0,0,0,0.314765145055583,0,0,0,0,0,0,0,0,0,0.279365062713623,0.137104062553571,0,0.193342282816216,0,0
0,0,0,0,0,0,0,0,0,0,0,0,0,0.156687647104263,0,0,0,0,0,0,0,0.156352287680983,0,0,0,0.169069066643715,0,0.170859681370184,0,0.160631507221195,0,0,0,0,0,0,0,0.157317135589463,0,0,0,0,0,0,0,0,0,0,0,0.327647843768439,0,0,0,0,0,0,0,0.303671057336032,0,0.174321641142552,0,0,0,0,0.153743775053458,0,0.353048331207699,0,0.195503620661568,0,0,0,0.291678607463837,0,0,0,0,0,0,0,0.206450193107128,0,0.159927923518878,0,0.377270584756678,0,0
0,0,0,0,0,0,0,0,0,0,0,0,0.10995739325881,0,0.127787537872791,0,0.129980707033114,0,0,0,0,0,0.299282104011428,0,0.347330224514008,0,0.132474714890122,0,0.168859668987514,0,0,0,0,0,0,0,0,0,0.330179827455028,0,0,0,0.295746207237244,0,0,0,0,0,0.262642687939583,0,0,0,0,0,0,0,0.214588284492493,0,0,0,0,0,0,0,0,0.298382007364947,0,0.350169125944376,0,0.314765145055583,0,0,0,0.200437164835392,0,0,0,0,0,0,0,0.264558741362512,0.118393013711836,0,0,0,0
0,0.336659148335457,0,0.319742987668792,0,0,0,0,0,0,0,0.246692216205398,0,0.179687750836213,0,0,0.276178807020187,0.368000961840153,0.34009996941988,0,0,0,0,0,0,0,0,0.164305769439254,0,0.222735435113421,0,0,0,0,0,0,0,0.218966885108604,0,0.308697581291199,0,0.303947215374464,0,0,0,0.260290384969928,0,0,0,0.258016627085836,0,0,0,0,0,0,0,0.295723077578422,0,0.314531147480011,0,0,0.412823261670124,0,0,0,0,0,0,0,0.291678607463837,0,0,0,0,0,0,0,0.319171742796898,0,0.220661876737609,0,0.318267336568317,0,0.380290839568756,0.349386240306653,0
0.37255086004734,0,0.322610694915056,0,0.264054924249649,0,0,0,0,0,0.15971942320466,0,0,0,0,0,0.376859810791518,0.402306944131851,0.378368230660756,0,0,0,0.354404916365941,0,0.242927372455597,0,0,0,0.154311871675194,0,0.166093711705171,0,0,0,0,0,0,0,0.336616536229849,0,0.277469843626022,0.251410454511642,0.270588371234062,0,0,0,0.268630802631378,0,0.222510679165522,0,0,0,0,0,0,0,0.435501983230428,0,0,0,0,0,0,0.356092597047488,0,0.353143057652882,0,0,0,0,0,0.200437164835392,0,0,0,0,0,0,0,0,0,0.237592138259882,0.288768928793688,0,0.331627804640826,0,0.316334940138317
0,0,0,0,0,0,0,0,0,0,0,0,0,0,0,0,0,0,0,0,0,0,0,0,0,0,0,0,0,0,0,0.217888186102793,0.247560124411845,0,0.173103412443941,0.211492413282394,0.152751639093223,0,0,0,0,0,0,0,0,0,0,0.371079798769112,0,0,0,0,0,0,0,0,0,0,0,0,0,0,0,0,0,0,0,0,0,0,0,0,0,0,0,0.321678836160982,0.269162987432783,0,0.196582808989931,0.392814084887505,0,0,0.220806363056291,0,0,0,0
0,0,0,0,0,0,0,0,0,0,0,0,0,0,0,0,0,0,0,0,0,0,0,0,0,0,0,0,0,0,0,0.289530953670324,0.358863887385222,0.323218435049057,0.21986730566079,0.20755399280581,0.191293988486886,0,0,0,0.166406385600567,0,0,0,0,0,0,0.406528640387104,0.211237023274104,0.256603211164474,0,0,0,0,0,0,0,0,0,0,0,0,0,0,0,0,0,0,0,0,0,0,0,0,0.321678836160982,0,0,0.320386938923582,0.204199098050594,0.261206760724663,0,0,0.219087068936718,0,0,0,0
0,0,0,0,0,0,0,0,0,0,0,0,0,0,0,0,0,0,0.310858614742756,0,0,0,0,0.228302262723446,0,0,0,0,0,0,0,0.25407767156139,0.354161769151688,0.215218866535121,0.169109558407217,0.169590302880116,0.137421906739473,0.328100258327392,0.160124748945236,0,0,0.451633907854557,0,0,0,0,0,0.263181038861033,0,0.249291524291039,0,0,0,0,0,0,0,0,0,0,0,0,0,0,0,0,0,0,0,0,0,0,0,0,0.269162987432783,0,0,0.244183522649109,0.278091195599535,0,0.306477366528217,0,0.163820932287237,0.189442706604799,0,0,0
0,0,0,0,0,0,0,0,0,0,0,0,0,0,0,0,0,0,0,0,0,0,0,0,0,0,0,0,0,0,0,0.259145959065511,0.238360963323537,0.207526095803811,0.254759166623011,0,0.17955945836909,0.484628915786743,0.278983083341948,0,0,0.458800926804543,0,0,0,0,0,0.332032279435734,0,0.484934628009796,0,0,0,0,0,0,0,0,0,0,0,0,0,0,0,0,0,0,0,0,0,0,0,0,0,0.320386938923582,0.244183522649109,0,0,0.236683483783375,0,0.253524075673141,0.226072459419568,0.228328332304955,0,0,0
