0,0,116.471903830767,0,0,0,0,0,397.245774760842,0,0,0,0,0,0,0,2.44285652041435,0,130.231333747506,0,0,0,0,0,4.02030819654465,0,0,0,0,0,0,0,0,0,0,0,0,0,8.57679329812527,0,0,0,140.963179320097,0,0,0,6.0219981521368,0,174.268888413906,0,0,0,0,0,63.56295324862,0,0,0,0,0,23.0900458097458,0,0,2.51748313009739,0,0,0,0.235253438353539,0,0,0,0,0,0,0,0,0,0,0,21.1910490691662,0,4.22898483276367,158.600462958217,0,274.683782607317,0,1.45885324478149
0,0,0,104.258279830217,0,0,0,0,0,418.620321899652,0,0,0,0,0,0,0,2.17249219119549,20.4937716126442,0,0,0,0,44.7613558620214,0,0,0,0,0,0,0,0,0,0,0,0,0,9.41351290047169,0,1.55664357542992,0,47.9395902454853,0,0.492173790931702,0,0,0,0,0,172.215857863426,0,0,0,0,0,502.007758647203,0,1.95981656014919,0,0,0,133.629244327545,0,0,0,0,161.433740094304,0,0,0,0,0,0,0,0,0,0,0,7.47012774646282,0,13.8501227945089,0,81.1130573302507,0,120.497806638479,4.22617715597153,0
116.471903830767,0,0,0,3.96234929561615,0,0,0,56.7099228203297,0,0,0,0,0,0,0,0,0,1.66276565939188,0,0.399196162819862,0,0,0,0,0,0,0,0,0,0,0,0,0,0,0,0,0,0.485688358545303,0,3.89078303426504,0,65.5070762187243,0,0,0,20.8012766614556,0,307.864171624184,0,54.0989649742842,0,0,0,31.5563272833824,0,3.12883305549622,0,288.422460272908,0,38.1478354632854,0,0,10.9002970680594,0,0,0,0,0,0,0,0,0,1.56493455171585,0,0,0,0,0,10.2852857336402,0,8.48270189762115,253.793535031378,0,306.653931997716,0,0
0,104.258279830217,0,0,0,395.657516434789,0,0,0,31.4924727082253,0,0.411003947257996,0,0,0,0,0.189457252621651,0,7.38164612650871,0,0,0,0,0,0,0,0,0,0,0,0,0,0,0,0,5.25349187850952,0,0,0,15.7723950892687,0,191.548836514354,1.45565691590309,0,0,41.4011771380901,0.172486364841461,0.296624064445496,2.47858822345734,162.285080820322,0,18.8551124334335,0,0,0,0,0,121.652756974101,0,4.9059796333313,0,1.9371030330658,12.9945878237486,0,0,0,0,0,0,0,0,0,3.05387297272682,0,0,0,0,0,7.66839184612036,0,19.8947937935591,0,1083.63722549379,9.62031352519989,845.916511639953,17.0909219384193,0
0,0,3.96234929561615,0,0,0,24.4556947946548,0,22.8614180833101,0,0,0,0,0,0,0,0,0,0,0,179.74684292078,0,0,0,0,0,0,0,0,0,0,0,0,0,0,0,1.22200204432011,0,0,0,0,0,17.7831571698189,0,0,0,6.62414876371622,0,23.04576356709,0,1808.19804602861,0,82.5059831142426,0,0,0,6.71367239952087,0,5.94779920578003,0,0,0,0,16.4801452755928,0,0,0,0,0,0,0,0,0,0.396144509315491,0,0,0,0,0,11.5211704075336,0,3.67810279130936,735.492861546576,0,191.804042555392,0,0
0,0,0,395.657516434789,0,0,0,137.122389614582,0,160.188658237457,0,0,0,0,0,0,0,0,0,118.65227432549,0,0,0,0,0,0,0,0,0,0,0,0,0,0,0,9.77295424044132,0,0,0,4.38376538455486,0,37.23244766891,0,0,0,118.359592989087,0,0.260279953479767,0,6.23758405447006,0,489.911913633347,0,0.929842114448547,0,0,0,51.121373206377,0,15.5872643887997,0,0,99.8039499819279,0,0,0,0,0,0,0,0,0,0,0,0,0,0,0,87.5262965261936,0,3.71375313401222,0,1394.49533908069,47.0205400288105,427.555538132787,2.30231428146362,0
0,0,0,0,24.4556947946548,0,0,0,0,0,0,0,65.4830584526062,0,0,0,0,0,0,0,24.6613706052303,0,0,0,0,0,0,0,0,0,0,0,0,0,0,0,0,0,0,0,0,0,0,0,0,0,0,0,0,0,44.3024560213089,0,160.537451505661,0,0,0,42.4103386104107,0,17.7059794962406,0,0,0,0,0,0,0,0,0,0,0,0,0,0,0,0,0,0,0,0,0,0,0,9.23952341079712,0,0,0,0
0,0,0,0,0,137.122389614582,0,0,0,0,0,0,0,0,0,0,0,0,0,1.64850616455078,0,0,0,0,0,0,0,0,0,0,0,0,0,0,0,12.4448201060295,0,0,0,0,0,0,0,0,0,0,0,0,0,0,0,14.8743132352829,0,306.567848265171,0,0,0,0,0,3.59187161922455,0,0,1.61873799562454,0,0,0,0,0,0,0,0,0,0,0,0,0,0,0,0,0,0,0,929.038715839386,74.0351327061653,0,0,0
397.245774760842,0,56.7099228203297,0,22.8614180833101,0,0,0,0,0,0,0,0,0,80.9588961899281,0,10.3693068027496,0,0.548281222581863,0,1.85201680660248,0,0,0,299.149256303906,0,0,0,0,0,0,0,0,0,0,0,0,0,19.9417094886303,0,0.193066939711571,0,80.6492081880569,0,0,0,5.66298376023769,0,116.899298846722,0,46.7379115223885,0,0,0,1258.33521591127,0,22.4528639316559,0,0,0,9.84303152561188,0,0,1.01827912777662,0,0,0,255.829248905182,0,0,0,0,0,0.939743876457214,0,0,0,0,0,2.07729747891426,0,1.96337643265724,1097.34096771479,0.182005167007446,508.795361362398,0,1.33462601900101
0,418.620321899652,0,31.4924727082253,0,160.188658237457,0,0,0,0,0,0,0,0,0,193.600038081408,118.613830909133,899.311764195561,37.4699762314558,0,0,0,0,295.363614633679,0,23.7343844771385,0,0,0,0,0,0,0,0,0,0,0,307.291795149446,0,0,0,2.561244815588,0,0,0,0,0.417360857129097,0,0,77.7043901085854,0,0,0,0,0,476.046022608876,0,0,0,0,0,450.412268221378,0,0,0,0,86.4993148446083,0,10.2845907211304,0,0,0,0,0,0,0,0,0,0,0,172.941864848137,0,455.862838059664,7.23721531033516,160.522489383817,0,0
0,0,0,0,0,0,0,0,0,0,0,0,128.999016165733,0,0,0,0,0,0,0,357.023829340935,0,0,0,0,0,0,0,7.98482394218445,0,25.3798910975456,0,0,0,0,0,0,0,187.537276685238,0,0,0,0,0,0,0,0,0,0,0,0,0,0,0,0,0,1755.93881414831,0,199.318231582642,0,0,0,0,0,0,0,0,0,0,0,0,0,0,54.1916058063507,0,0,0,0,0,0,0,0,71.6493204236031,0,0,0,0
0,0,0,0.411003947257996,0,0,0,0,0,0,0,0,0,44.5477874279022,0,0,0,0,0,297.655951142311,0,0,0,0,0,0,0,0,0,143.033542871475,0,0,0,0,0,8.47099423408508,0,794.421182870865,0,0,0,0,0,0,0,3.70928451418877,0,0,0,0,0,0,0,0,0,0,0,518.472135365009,0,0,0,0,60.8365972936153,0,0,0,0,0,0,0,0,0,1.02178375422955,0,0,0,0,0,0.855713054537773,0,156.633568108082,0,118.099804997444,0,2.25813764333725,0,0
0,0,0,0,0,0,65.4830584526062,0,0,0,128.999016165733,0,0,0,278.346908837557,0,0,0,0,0,0,0,0,0,0,0,0,0,67.9558549523354,0,0,0,0,0,0,0,0,0,0,0,0,0,0,0,0,0,0,0,0,0,3.2246915102005,0,24.0122133493423,0,0,0,1.89692054688931,0,502.508090510964,0,79.8978642821312,0,0,0,0,0,0,0,0,0,0,4.17045307159424,0,0,0,0,0,0,0,0,0,0,1,0,0,0,0
0,0,0,0,0,0,0,0,0,0,0,44.5477874279022,0,0,0,15.7080752849579,0,6.34363414347172,0,0,0,0,0,0,0,4.32323610782623,0,64.025283575058,0,0,0,0,0,0,0,0,0,0,0,0,0,0,0,0,0,0,0,0,0,0,0,0,0,0,0,0,0,35.1360082626343,0,180.01434803009,0,0,0,0,0,0,0,0,0,0,2.01674628257751,0,0,0,0,0,0,0,0,0,0,0,173.83601513505,43.0001584887505,0,0,0
0,0,0,0,0,0,0,0,80.9588961899281,0,0,0,278.346908837557,0,0,0,0,0,0,0,0,0,0,0,1.92201614379883,0,0,0,0,0,0,0,0,0,0,0,0,0,0,0,0,0,0,0,0,0,0,0,0,0,0,0,0,0,29.470042720437,0,0,0,71.7582653909922,0,226.850661367178,0,0,0,0,0,0,1.82630023360252,0,0,0,0,0,0,0,0,0,0,0,0,0,0,33.4900088310242,0,0,0,0
0,0,0,0,0,0,0,0,0,193.600038081408,0,0,0,15.7080752849579,0,0,15.9552380740643,321.337048083544,5.14748847484589,0,0,0,0,0,0,35.8142508864403,0,0,0,0,0,0,0,0,0,0,0,0,0,0,0,0.811561167240143,0,0,0,0,0,0,0,0,0,0,0,0,0,44.7759869098663,0,0,0,0,0,328.719453811646,0,0,0,0,0,0,113.855049490929,0,0,0,0,0,0,0,0,0,0,0,0,0,95.9643115997314,3.10796332359314,0,0,0
2.44285652041435,0,0,0.189457252621651,0,0,0,0,10.3693068027496,118.613830909133,0,0,0,0,0,15.9552380740643,0,15567.5022547245,4532.94748345017,0,0,0,0,0.791516363620758,0,38.4798662960529,67.124091386795,0,3,0,0,0,0,0,0,0,0,0,1.12493896484375,41.8004146814346,2.22136350721121,28.8857259750366,32.9822738170624,0.511027455329895,0,4.1369145065546,35.5879541933537,0,0.141563057899475,1.71174222230911,0,0,0,0,0,0.553466975688934,0.136509820818901,0.454450666904449,0,0,0,0,0,38.2622121199965,0,0,0,0,9.94298851490021,0,0,0,0,0,0,0,0,0,35.4942410215735,63.0693126693368,12.971106082201,35.8004951551557,14242.6332037747,2883.03484854102,54.1194937303662,7.92792202532291,6.82572437822819
0,2.17249219119549,0,0,0,0,0,0,0,899.311764195561,0,0,0,6.34363414347172,0,321.337048083544,15567.5022547245,0,5000.55321829021,0,0,0,0,57.6611843556166,0,345.181573823094,0,0,0,0,0,0,0,0,0,0,0,0,0,159.665687583387,11.3692623972893,141.927877552807,36.1646971553564,3.63527742028236,0,23.9647684395313,32.9332189634442,0,0.198407381772995,3.46057677268982,0,0,0,0,0,4.66728958487511,0,9.24249768257141,0,0,0,101.281051903963,1.07844959944487,22.3193001449108,2.93600678443909,0,0,0,118.339680433273,0,0,0,0,0,0,0,0,0,151.235018320382,100.710268720984,50.9619625657797,56.8632006347179,17034.2163412571,5279.53485421836,155.90108615905,30.8218439519405,10.0623924434185
130.231333747506,20.4937716126442,1.66276565939188,7.38164612650871,0,0,0,0,0.548281222581863,37.4699762314558,0,0,0,0,0,5.14748847484589,4532.94748345017,5000.55321829021,0,0,0.722826480865479,0,0,0,0,6.08585786819458,0,0,0,0,0,0,0,0,0,0,0,7.52596113085747,38.5456268414855,796.319358162582,88.8329575285316,998.13011033833,694.644585467875,15.2631743401289,57.8835369795561,111.717964164913,660.318940497935,0,4.90415976941586,23.7623579651117,0,0,0,0,0,0,3.14994876086712,83.5278847366571,0,0,0,0,7.61558276414871,679.459057942033,0,0,0,0,3.11819624900818,0,0,0,4.01795768737793,11.479012131691,0,0,0,0,1103.74695327878,1847.22559560835,418.433250747621,873.183567874134,9822.42797489464,180.903694182634,2229.82856423408,215.707572788,178.526297979057
0,0,0,0,0,118.65227432549,0,1.64850616455078,0,0,0,297.655951142311,0,0,0,0,0,0,0,0,0,0,0,0,0,0,0,0,0,2.44940710067749,0,0,0,0,0,1488.13522461057,0,61.3980306982994,0,0,0,0,0,0,0,121.98322147131,0,0,0,0,0,0,0,0,0,0,0,18.5388240665197,0,0,0,0,1442.07355722785,0,0,0,0,0,0,0,0,0,1.03464630246162,0,0,0,0,0,837.048281401396,0,3.9207307100296,0,427.960489854217,0.770345985889435,1.51887199282646,0,0
0,0,0.399196162819862,0,179.74684292078,0,24.6613706052303,0,1.85201680660248,0,357.023829340935,0,0,0,0,0,0,0,0.722826480865479,0,0,0,0,0,0,0,0,0,0,0,0,0,0,0,0,0,977.036210358143,0,471.583207279444,0,0,0,0.149695441126823,0,0,0,27.3133076354861,0,0,0,121.011220395565,0,17.4471818208694,0,0,0,64.9133609980345,0,0,0,0,0,0,1532.76407237351,0,0,0,0,0,0,0,0,0,1.71012812852859,0,0,0,0,0,319.113384798169,0,310.123360350728,168.729851230979,0,293.488472685218,0,0
0,0,0,0,0,0,0,0,0,0,0,0,0,0,0,0,0,0,0,0,0,0,17.6289117336273,104.955652952194,0,0,0,110.861100971699,0,0,0,0,0,0,0,0,0,152.56963455677,0,0,0,0,0,0,0,0,0,0,0,67.2773817181587,0,0,0,0,0,0,0,0,0,0,0,0,0,0,2026.17966084182,0,62.009655892849,0,0.282281368970871,0,17.2795524001122,0,0,0,0,0,0,0,0,0,1.68553674221039,0,288.205495893955,0,0,0,0
0,0,0,0,0,0,0,0,0,0,0,0,0,0,0,0,0,0,0,0,0,17.6289117336273,0,0,61.4081711322069,0,1,0,108.622231185436,0,0,0,0,0,0,0,0,0,318.721114292741,0,0,0,0,0,0,0,0,0.904650390148163,0,0,0,0,0,0,0,0,0,0,0,0,0,0,0,0,0,1778.97148059309,0,2.60972690582275,0,0,0,6.50733417272568,0,0,0,0,0,0,0,0,0,155.415892139077,432.713635340333,4.22834354639053,0,0,0
0,44.7613558620214,0,0,0,0,0,0,0,295.363614633679,0,0,0,0,0,0,0.791516363620758,57.6611843556166,0,0,0,104.955652952194,0,0,0,669.529561817646,0,0,0,0,0,0,0,0,0,0,0,244.886322304606,0,0,0,0.696177303791046,0,0,0,0,0,0,0,4.0023377686739,0,0,0,0,0,121.134280100465,0,0,0,0,0,0,0,0,22.8107461929321,0,263.940086573362,0,569.798788994551,0,0,0,0,0,0,0,0,0,0,0,114.112934961915,0,108.010318726301,0,236.309234067798,0,0
4.02030819654465,0,0,0,0,0,0,0,299.149256303906,0,0,0,0,0,1.92201614379883,0,0,0,0,0,0,0,61.4081711322069,0,0,0,6.953010648489,0,0,0,0,0,0,0,0,0,0,0,386.022356688976,0,0,0,0,0,0,0,0,0,5.69987185299397,0,0,0,0,0,433.090661600232,0,0,0,0,0,0,0,0,0,0,242.228662997484,0,545.846418589354,0,199.600226163864,0,0,0,0,0,0,0,6.49585248529911,0,0,0,480.725287929177,101.157890498638,1.63508585095406,6.13237757980824,0,0
0,0,0,0,0,0,0,0,0,23.7343844771385,0,0,0,4.32323610782623,0,35.8142508864403,38.4798662960529,345.181573823094,6.08585786819458,0,0,0,0,669.529561817646,0,0,0,0,0,0,0,0,0,0,0,0,0,5.38901948928833,0,0,0,2.53566336631775,0,0,0,0,0,0,0,0,0,0,0,0,0,0,0,0,0,1.49290400743484,0,2.87672919034958,0,0,1,0,204.097129017115,0,292.106607764959,0,5.92600029706955,0,0,0,0,0,0,0,0.151759222149849,0,0.286586880683899,0,216.359960094094,20.5107566565275,3.46250513195992,0,0
0,0,0,0,0,0,0,0,0,0,0,0,0,0,0,0,67.124091386795,0,0,0,0,0,1,0,6.953010648489,0,0,0,49.7594795972109,0,0,0,0,0,0,0,0,0,0,0,0,0,0,0,0,0,0,0,0,0,0,0,0,0,0,0,0,0,0,0,0,0,0,0,0,0,0,0,0,401.713685587049,0,9.90745635330677,0,0,0,0,0,0,0,0,0,0,156.258722066879,0,0,0,0
0,0,0,0,0,0,0,0,0,0,0,0,0,64.025283575058,0,0,0,0,0,0,0,110.861100971699,0,0,0,0,0,0,0,0,0,0,0,0,0,0,0,0,0,0,0,0,0,0,0,0,0,0,0,0,0,0,0,0,0,0,0,0,0,4.49920028448105,0,0,0,0,0,0,0,0,0,0,602.130423665047,0,3.4590665102005,0,0,0,0,0,0,0,0,0,0,0,0,0,0
0,0,0,0,0,0,0,0,0,0,7.98482394218445,0,67.9558549523354,0,0,0,3,0,0,0,0,0,108.622231185436,0,0,0,49.7594795972109,0,0,0,10.8475341796875,0,0,0,0,0,0,0,73.7707236111164,0,0,0,0,0,0,0,0,0.960315853357315,0,0,0,0,0,0,0,0,3,0,90.424849063158,0,0,0,0,0,0,5.58041191101074,0,0,0,104.605078279972,0,996.906983494759,0,63.1399216651917,0,0,0,0,0,0,0,7.70914435386658,15.5692713260651,80.8433084487915,0.339001029729843,0,0
0,0,0,0,0,0,0,0,0,0,0,143.033542871475,0,0,0,0,0,0,0,2.44940710067749,0,0,0,0,0,0,0,0,0,0,0,0,0,0,0,0,0,2,0,1.44914919137955,0,0,0,0,0,2.64156278967857,0,0,0,0,0,0,0,0,0,0,0,2.7564549446106,0,0,0,0,0,0,0,0,0,0,0,0,0,0,267.550644308329,0,0,0,0,0,0,0,1,0,0,0,1.20945620536804,0,0
0,0,0,0,0,0,0,0,0,0,25.3798910975456,0,0,0,0,0,0,0,0,0,0,0,0,0,0,0,0,0,10.8475341796875,0,0,0,0,0,0,0,0,0,337.700440824032,0,0,0,0,0,0,0,0,0,0,0,0,0,0,0,0,0,2,0,0,0,0,0,0,0,0,0,0,0,0,0,0,51.3361282348633,0,264.175752162933,0,0,0,0,0,0,0,2,0,0,0,0,0
0,0,0,0,0,0,0,0,0,0,0,0,0,0,0,0,0,0,0,0,0,0,0,0,0,0,0,0,0,0,0,0,613.280615627766,211.809354782104,22.5650137662888,659.70423553884,117.359657555819,0,0,0,0,0,0,0,0,0,0,354.846231818199,4.02832388877869,0,0,0,0,0,0,0,0,0,0,0,0,0,0,0,0,0,0,0,0,0,0,0,0,0,6258.1132729128,190.176704615355,85.2653996497393,19.4689168930054,565.834641329944,28.2686810195446,0,0,619.829921603203,0,0,0,0
0,0,0,0,0,0,0,0,0,0,0,0,0,0,0,0,0,0,0,0,0,0,0,0,0,0,0,0,0,0,0,613.280615627766,0,147.558869034052,58.0539882332087,30.0748026669025,387.472330510616,0,0,0,0,0,0,0,0,0,0,1360.67656546831,17.2306498885155,0,0,0,0,0,0,0,0,0,0,0,0,0,0,0,0,0,0,0,0,0,0,0,0,0,1371.6891078949,4272.80925880373,15.8582961559296,136.24649977684,23.3604097962379,835.276302650571,0,0,164.878450393677,0,0,0,0
0,0,0,0,0,0,0,0,0,0,0,0,0,0,0,0,0,0,0,0,0,0,0,0,0,0,0,0,0,0,0,211.809354782104,147.558869034052,0,2019.14280837774,522.524559408426,0,325.637866973877,17.4513818621635,0,0,0,0,0,0,0,0,5378.02687613666,230.749316304922,13.0343665778637,0,0,0,0,0,0,0,0,0,0,0,0,0,0,0,0,0,0,0,0,12.9081736207008,0,0.936694115400314,0,333.08087772131,27.8999403119087,2165.63470932841,938.592163920403,170.014073982835,16.4505411982536,423.197271570563,12.0286689996719,431.404063820839,0,2.52150982618332,0,0
0,0,0,0,0,0,0,0,0,0,0,0,0,0,0,0,0,0,0,0,0,0,0,0,0,0,0,0,0,0,0,22.5650137662888,58.0539882332087,2019.14280837774,0,0,68.0056960582733,0,84.1895863413811,0,0,0,0.405039340257645,0,0,0,0,1946.75250694156,256.620803803205,2.47767296433449,0,0,0,0,0,0,0,0,0,0,0,0,0,0,0,0,0,0,0,0,0,0,0,0,2.46154892444611,68.6389173567295,378.021317124367,2054.02031113207,0,97.1621621847153,0,55.5265823304653,285.063450366259,0,1.74051922559738,0,0
0,0,0,5.25349187850952,0,9.77295424044132,0,12.4448201060295,0,0,0,8.47099423408508,0,0,0,0,0,0,0,1488.13522461057,0,0,0,0,0,0,0,0,0,0,0,659.70423553884,30.0748026669025,522.524559408426,0,0,1141.85019528866,906.178976029158,0,0.804516017436981,0,1.82747560739517,0,0,0,13.8971283435822,0,197.127829760313,47.6019772291183,18.7688884139061,0,0,0,0,0,0,0,0,0,0,0,0,685.727221399546,0,0,0,0,0,0,0,0,0,0,0,32.6518303006887,1.50893020629883,7.5470815077424,0,15393.3009266853,239.486825585365,475.21212798357,0,3230.19266206026,271.625920772552,57.2846366167068,0,0
0,0,0,0,1.22200204432011,0,0,0,0,0,0,0,0,0,0,0,0,0,0,0,977.036210358143,0,0,0,0,0,0,0,0,0,0,117.359657555819,387.472330510616,0,68.0056960582733,1141.85019528866,0,0,791.167767822742,0,5.66480302810669,0,1.39045998454094,0,0,0,2.13405315577984,285.669906646013,61.2104666233063,0,18.1045766919851,0,0,0,0,0,2.39517742395401,0,4.54628512263298,0,0,0,0,159.534723326564,0,0,0,0,0,0,0,0,0,0,45.6006702184677,123.693885982037,0,22.116578578949,279.499792486429,14245.4287758172,0,325.891184389591,3689.81146974862,405.105606675148,349.575489029288,0,0
0,9.41351290047169,0,0,0,0,0,0,0,307.291795149446,0,794.421182870865,0,0,0,0,0,0,7.52596113085747,61.3980306982994,0,152.56963455677,0,244.886322304606,0,5.38901948928833,0,0,0,2,0,0,0,325.637866973877,0,906.178976029158,0,0,12,1.84334261715412,0,3.40056398510933,0,0,0,81.2591391503811,0,937.014707833529,0,1258.9765034765,0,0,0,0,0,145.383796393871,0,53.3594970703125,0,0,0,0.568129897117615,212.116804689169,0,172.051335066557,0,550.118323996663,0,0,0,516.150180339813,0,9.3037573993206,0,0,0,26.652520686388,0,1427.89424728602,0,6040.17206595838,0,1343.67496867478,210.545102447271,86.5610986351967,3.73794305324554,0
8.57679329812527,0,0.485688358545303,0,0,0,0,0,19.9417094886303,0,187.537276685238,0,0,0,0,0,1.12493896484375,0,38.5456268414855,0,471.583207279444,0,318.721114292741,0,386.022356688976,0,0,0,73.7707236111164,0,337.700440824032,0,0,17.4513818621635,84.1895863413811,0,791.167767822742,12,0,0,0,11.2495799660683,39.5908966585994,0,0,0,83.6680859923363,685.788765564561,308.194907322526,3.42250680923462,0.470142707228661,0,0,0,32.3418973684311,0,53.4240933656693,0,0,0,0,0,0,470.096986971796,0,164.380910784006,0,124.778865128756,0,0,0,13.2513178288937,0,36.2196945548058,0,0,3.78197860717773,244.116895139217,1.57579946517944,349.790799498558,0,10098.3822886795,1219.50156516582,57.2279550880194,253.497763410211,0,19.4879018217325
0,1.55664357542992,0,15.7723950892687,0,4.38376538455486,0,0,0,0,0,0,0,0,0,0,41.8004146814346,159.665687583387,796.319358162582,0,0,0,0,0,0,0,0,0,0,1.44914919137955,0,0,0,0,0,0.804516017436981,0,1.84334261715412,0,0,3.85382300615311,2863.37043174356,31.5349531844258,52.9565954655409,1.60614538192749,1138.11578614265,13.6689633280039,35.0439511239529,0,1161.62642367184,0,0,0,0,0,0,1.69332110881805,69.9624089449644,0,0,0,0,171.29170101136,7.58806834369898,0,0,0,0,0,0,0,0,7.44623151421547,0,0,0,0,0,2460.08189871162,13.8732161000371,98.407229334116,10.8699154108763,920.816627077758,25.2828870043159,2330.88609531522,215.600041233003,5.7887419462204
0,0,3.89078303426504,0,0,0,0,0,0.193066939711571,0,0,0,0,0,0,0,2.22136350721121,11.3692623972893,88.8329575285316,0,0,0,0,0,0,0,0,0,0,0,0,0,0,0,0,0,5.66480302810669,0,0,3.85382300615311,0,3.35663849115372,169.238204173744,1.46317744255066,6.99690523743629,0.550651073455811,101.62681441009,1.84447550773621,458.905732952058,0,9.06450672447681,0,0,0,0,0,3.22586745023727,0,1.46321450173855,0,0,0,0,156.481557570398,0,0,0,0,0,0,0,0,0,0.128820762038231,0,0,0,0,0.211477622389793,1149.62838700414,0,5.57767885923386,39.3856951072812,3.67241634428501,528.246789038181,0.226924225687981,47.4876138791442
0,47.9395902454853,0,191.548836514354,0,37.23244766891,0,0,0,2.561244815588,0,0,0,0,0,0.811561167240143,28.8857259750366,141.927877552807,998.13011033833,0,0,0,0,0.696177303791046,0,2.53566336631775,0,0,0,0,0,0,0,0,0,1.82747560739517,0,3.40056398510933,11.2495799660683,2863.37043174356,3.35663849115372,0,247.625729687512,53.8318413794041,0,262.829512350261,11.2374077439308,65.4557748138905,9.65773333609104,167.960754781961,0.290300130844116,0,0,0,0,0,0.93926203250885,1685.04043322802,0,0,0,0,356.478528812528,17.1576075181365,0,0,0,0,0,0,0,0,35.9817487150431,0,0,0,0,0.965458393096924,1773.11923852563,38.1786338761449,283.282483041286,21.9638306200504,1837.22149546444,21.4109063744545,3697.94605872035,1874.27522941679,7.33568063378334
140.963179320097,0,65.5070762187243,1.45565691590309,17.7831571698189,0,0,0,80.6492081880569,0,0,0,0,0,0,0,32.9822738170624,36.1646971553564,694.644585467875,0,0.149695441126823,0,0,0,0,0,0,0,0,0,0,0,0,0,0.405039340257645,0,1.39045998454094,0,39.5908966585994,31.5349531844258,169.238204173744,247.625729687512,0,0,8.67158698290586,4.38092678785324,529.580882571638,8.88548308610916,348.556530445814,0,39.8270247429609,0,0,0,11.6698312461376,0,73.4831167832017,0.43166708946228,0.680409401655197,0,0,0,0,718.833764068782,0,0,0,0,0,0,0,0,0,219.203021928668,0,0,0,0,27.4048593789339,2127.39913482964,6.35339872539043,500.840798266232,1599.19464018941,7.66825839877129,3994.18098029494,3.36396087706089,620.954455062747
0,0.492173790931702,0,0,0,0,0,0,0,0,0,0,0,0,0,0,0.511027455329895,3.63527742028236,15.2631743401289,0,0,0,0,0,0,0,0,0,0,0,0,0,0,0,0,0,0,0,0,52.9565954655409,1.46317744255066,53.8318413794041,0,0,0,3.27728140354156,0,0,0,0,0,0,0,0,0,0,0,38.3350459933281,0,0,0,0,2.94954669475555,0,0,0,0,0,0,0,0,0,8.12883502244949,0,0,0,0,0,93.6430401057005,0,111.339774087071,1.48395454883575,2.94448176026344,0,130.397936955094,10.9191021025181,0
0,0,0,0,0,0,0,0,0,0,0,0,0,0,0,0,0,0,57.8835369795561,0,0,0,0,0,0,0,0,0,0,0,0,0,0,0,0,0,0,0,0,1.60614538192749,6.99690523743629,0,8.67158698290586,0,0,0,13.1320516690612,0,0,0,0,0,0,0,0,0,0,0,0,0,0,0,0,5.79352673143148,0,0,0,0,0,0,0,0,0,0,0,0,0,0,0,69.833953820169,0,22.3288910165429,3.57077657431364,0,7.04264684766531,0,0.34272526204586
0,0,0,41.4011771380901,0,118.359592989087,0,0,0,0,0,3.70928451418877,0,0,0,0,4.1369145065546,23.9647684395313,111.717964164913,121.98322147131,0,0,0,0,0,0,0,0,0,2.64156278967857,0,0,0,0,0,13.8971283435822,0,81.2591391503811,0,1138.11578614265,0.550651073455811,262.829512350261,4.38092678785324,3.27728140354156,0,0,1.04664985835552,19.4896479994059,9.55135223269463,115.231302917004,0,0,0,0,0,0,0,493.359236113727,0,0,0,0,1496.68965408951,1.14824458956718,0,0,0,0,0,0,0,0,130.302655048668,0,0,0,0,0,3012.44680034369,2.14132104814053,1077.53330483288,5.65602353215218,380.867576576769,5.24945508688688,959.208996526897,27.486918091774,0
6.0219981521368,0,20.8012766614556,0.172486364841461,6.62414876371622,0,0,0,5.66298376023769,0.417360857129097,0,0,0,0,0,0,35.5879541933537,32.9332189634442,660.318940497935,0,27.3133076354861,0,0,0,0,0,0,0,0,0,0,0,0,0,0,0,2.13405315577984,0,83.6680859923363,13.6689633280039,101.62681441009,11.2374077439308,529.580882571638,0,13.1320516690612,1.04664985835552,0,0,70.111710190773,0,11.017809830606,0,0,0,3.72421024739742,0,5.37770830839872,1.47268903255463,0.39565221965313,0,0,0,0,1746.70181908458,0,0,0,0,0,0,0,0,0,3.75400523841381,0,0,0,0,9.00547847151756,594.765004642308,4.9568943977356,604.442352592945,368.496708914638,7.98177798837423,1134.72307371348,8.65049013495445,14.9908780306578
0,0,0,0.296624064445496,0,0.260279953479767,0,0,0,0,0,0,0,0,0,0,0,0,0,0,0,0,0.904650390148163,0,0,0,0,0,0.960315853357315,0,0,354.846231818199,1360.67656546831,5378.02687613666,1946.75250694156,197.127829760313,285.669906646013,937.014707833529,685.788765564561,35.0439511239529,1.84447550773621,65.4557748138905,8.88548308610916,0,0,19.4896479994059,0,0,2013.17439049482,843.876702189445,0,0,0,0,0,0,0,0,0,0,0,0,0,0,0,0.680375754833221,0,0,0,0,110.513725966215,1.81410875916481,3.29781371355057,0,1366.60382600129,514.622324511409,1231.7705284059,331.39039029181,603.79936876893,838.892255529761,529.522727996111,685.125867933035,1530.08608415723,922.589293628931,576.816188499331,0.237250447273254,0
174.268888413906,0,307.864171624184,2.47858822345734,23.04576356709,0,0,0,116.899298846722,0,0,0,0,0,0,0,0.141563057899475,0.198407381772995,4.90415976941586,0,0,0,0,0,5.69987185299397,0,0,0,0,0,0,4.02832388877869,17.2306498885155,230.749316304922,256.620803803205,47.6019772291183,61.2104666233063,0,308.194907322526,0,458.905732952058,9.65773333609104,348.556530445814,0,0,9.55135223269463,70.111710190773,2013.17439049482,0,71.2739067077637,20.7960419952869,0,0,0,96.7404071092606,0,5.07006008177996,0.370991975069046,0.854010656476021,0,60.2652648687363,0,0.896262541413307,42.4275695309043,0,1.10420829057693,0,0,0,0,0,0,0,4.8840297460556,0.994548082351685,0.530274093151093,216.232587993145,39.8162828087807,28.8090968430042,1454.6452479437,0,595.900438971817,327.67734888196,0.683339476585388,1052.73453050852,0,21.7061002254486
0,172.215857863426,0,162.285080820322,0,6.23758405447006,0,0,0,77.7043901085854,0,0,0,0,0,0,1.71174222230911,3.46057677268982,23.7623579651117,0,0,67.2773817181587,0,4.0023377686739,0,0,0,0,0,0,0,0,0,13.0343665778637,2.47767296433449,18.7688884139061,0,1258.9765034765,3.42250680923462,1161.62642367184,0,167.960754781961,0,0,0,115.231302917004,0,843.876702189445,71.2739067077637,0,0,0,0,0,0,0.188123553991318,0,151.970869071782,0,6.56889931857586,0,28.6806520372629,37.5646451115608,0,613.951459690928,0,18.6569660007954,0,0.803684413433075,0,424.112188637257,0,250.310817524791,0,0,0,18.0147730708122,0,168.284721121192,0,445.487844988704,0.28195509314537,186.251242190599,3.76491144299507,809.669149242342,2.99089246243238,0
0,0,54.0989649742842,0,1808.19804602861,0,44.3024560213089,0,46.7379115223885,0,0,0,3.2246915102005,0,0,0,0,0,0,0,121.011220395565,0,0,0,0,0,0,0,0,0,0,0,0,0,0,0,18.1045766919851,0,0.470142707228661,0,9.06450672447681,0.290300130844116,39.8270247429609,0,0,0,11.017809830606,0,20.7960419952869,0,0,0,4.36900544166565,0,2.83007478713989,0,23.9753454625607,0,230.871018961072,0,7.10889074206352,0,0,36.2154974937439,0,0,0,0,0,0,0,0,0,0,0,0,0,0,0,22.6061301380396,0,1.20684245228767,372.143885493279,0,253.534675650299,0,0
0,0,0,18.8551124334335,0,489.911913633347,0,14.8743132352829,0,0,0,0,0,0,0,0,0,0,0,0,0,0,0,0,0,0,0,0,0,0,0,0,0,0,0,0,0,0,0,0,0,0,0,0,0,0,0,0,0,0,0,0,0,68.4553005695343,0,0,0,55.3850292861462,0,16.0751069486141,0,16.7103035449982,0,0,0,0,0,0,0,0,0,0,0,0,0,0,0,0,0,0,0.89387571811676,0,328.347932547331,0,25.6235534548759,0,0
0,0,0,0,82.5059831142426,0,160.537451505661,0,0,0,0,0,24.0122133493423,0,0,0,0,0,0,0,17.4471818208694,0,0,0,0,0,0,0,0,0,0,0,0,0,0,0,0,0,0,0,0,0,0,0,0,0,0,0,0,0,4.36900544166565,0,0,0,0,0,116.138386070728,0,19.2496705055237,0,0,0,0,0,0,0,0,0,0,0,0,0,0,0,0,0,0,0,0,0,0,0,88.6494580507278,0,0,0,0
0,0,0,0,0,0.929842114448547,0,306.567848265171,0,0,0,0,0,0,0,0,0,0,0,0,0,0,0,0,0,0,0,0,0,0,0,0,0,0,0,0,0,0,0,0,0,0,0,0,0,0,0,0,0,0,0,68.4553005695343,0,0,0,0,0,0.464478582143784,0,1.33347818255424,0,0,0,0,0,0,0,0,0,0,0,0,0,0,0,0,0,0,0,0,0,0,209.549973726273,18.875877737999,0,0,0
63.56295324862,0,31.5563272833824,0,0,0,0,0,1258.33521591127,0,0,0,0,0,29.470042720437,0,0,0,0,0,0,0,0,0,433.090661600232,0,0,0,0,0,0,0,0,0,0,0,0,0,32.3418973684311,0,0,0,11.6698312461376,0,0,0,3.72421024739742,0,96.7404071092606,0,2.83007478713989,0,0,0,0,0,2.03216198086739,0,0,0,0,0,0,1.69982855021954,0,0,0,952.528960168362,0,0,0,0,0,0,0,0,0,0,0,2.51665811240673,0,13.1037865132093,53.4825300350785,0,71.0950304269791,0,0
0,502.007758647203,0,0,0,0,0,0,0,476.046022608876,0,0,0,0,0,44.7759869098663,0.553466975688934,4.66728958487511,0,0,0,0,0,121.134280100465,0,0,0,0,0,0,0,0,0,0,0,0,0,145.383796393871,0,0,0,0,0,0,0,0,0,0,0,0.188123553991318,0,0,0,0,0,0,0,0,0,0,0,225.23542791605,0,0,0.195927709341049,0,236.254869222641,0,0,0,0,0,0,0,0,0,0,0,0,0,294.692974492908,0,4.72923395037651,0,31.1557068228722,0,0
0,0,3.12883305549622,0,6.71367239952087,0,42.4103386104107,0,22.4528639316559,0,1755.93881414831,0,1.89692054688931,0,0,0,0.136509820818901,0,3.14994876086712,0,64.9133609980345,0,0,0,0,0,0,0,3,0,2,0,0,0,0,0,2.39517742395401,0,53.4240933656693,1.69332110881805,3.22586745023727,0.93926203250885,73.4831167832017,0,0,0,5.37770830839872,0,5.07006008177996,0,23.9753454625607,0,116.138386070728,0,2.03216198086739,0,0,0,73.2851680368185,0,23.7466059178114,0,0,47.2884471639991,0,0,0,0,0,0,0,0,0,129.167761445045,0,0,0,0,0.126551806926727,4.62275592237711,0,1.46093699336052,53.0310886129737,0,875.659943148494,0,12.7083641588688
0,1.95981656014919,0,121.652756974101,0,51.121373206377,0,0,0,0,0,518.472135365009,0,35.1360082626343,0,0,0.454450666904449,9.24249768257141,83.5278847366571,18.5388240665197,0,0,0,0,0,0,0,0,0,2.7564549446106,0,0,0,0,0,0,0,53.3594970703125,0,69.9624089449644,0,1685.04043322802,0.43166708946228,38.3350459933281,0,493.359236113727,1.47268903255463,0,0.370991975069046,151.970869071782,0,55.3850292861462,0,0.464478582143784,0,0,0,0,0,165.57061816752,0,50.5078404247761,899.43785944581,0.217923432588577,0,0,0,0,0,0,7.60729822516441,0,540.471670851111,0,0,0,0,0,135.891656711698,0,12.8847639262676,0,149.124515816569,1.41895630955696,902.893789999187,570.727432459593,0.415647834539413
0,0,288.422460272908,0,5.94779920578003,0,17.7059794962406,0,0,0,199.318231582642,0,502.508090510964,0,71.7582653909922,0,0,0,0,0,0,0,0,0,0,0,0,0,90.424849063158,0,0,0,0,0,0,0,4.54628512263298,0,0,0,1.46321450173855,0,0.680409401655197,0,0,0,0.39565221965313,0,0.854010656476021,0,230.871018961072,0,19.2496705055237,0,0,0,73.2851680368185,0,0,0,197.553414806724,0,0,0.279190689325333,0,0,0,0,0,0,0,189.671603381634,0,0,0,0,0,0,0,2.67614572495222,0,0,0,0,122.613279044628,0,0
0,0,0,4.9059796333313,0,15.5872643887997,0,3.59187161922455,0,0,0,0,0,180.01434803009,0,0,0,0,0,0,0,0,0,0,0,1.49290400743484,0,4.49920028448105,0,0,0,0,0,0,0,0,0,0,0,0,0,0,0,0,0,0,0,0,0,6.56889931857586,0,16.0751069486141,0,1.33347818255424,0,0,0,165.57061816752,0,0,0,0,0,0,0,0,0,0,1.59643915295601,0,563.255909517407,0,0.437201142311096,0,0,0,0,0,0,0,0,0,132.333391755819,0,0.220966547727585,0,0
23.0900458097458,0,38.1478354632854,0,0,0,0,0,9.84303152561188,0,0,0,79.8978642821312,0,226.850661367178,0,0,0,0,0,0,0,0,0,0,0,0,0,0,0,0,0,0,0,0,0,0,0,0,0,0,0,0,0,0,0,0,0,60.2652648687363,0,7.10889074206352,0,0,0,0,0,23.7466059178114,0,197.553414806724,0,0,0,0,0,0,0,0,0,0,0,0,0,0,0,0,0,0,0,0,0,0,0,0,0,0,0,0
0,133.629244327545,0,1.9371030330658,0,0,0,0,0,450.412268221378,0,0,0,0,0,328.719453811646,0,101.281051903963,0,0,0,0,0,0,0,2.87672919034958,0,0,0,0,0,0,0,0,0,0,0,0.568129897117615,0,0,0,0,0,0,0,0,0,0,0,28.6806520372629,0,16.7103035449982,0,0,0,225.23542791605,0,50.5078404247761,0,0,0,0,0,0,0,0,3.572689011693,0,4.98002642393112,0,18.2121830880642,0,0,0,0,0,0,0,0,0,0,0,150.381997644901,2.92590445280075,0.514828488230705,0,0
0,0,0,12.9945878237486,0,99.8039499819279,0,1.61873799562454,0,0,0,60.8365972936153,0,0,0,0,0,1.07844959944487,7.61558276414871,1442.07355722785,0,0,0,0,0,0,0,0,0,0,0,0,0,0,0,685.727221399546,0,212.116804689169,0,171.29170101136,0,356.478528812528,0,2.94954669475555,0,1496.68965408951,0,0,0.896262541413307,37.5646451115608,0,0,0,0,0,0,0,899.43785944581,0,0,0,0,0,0,0,0,0,0,0,0,0,0,66.908691175282,0,0,0,0,0,2858.82499627769,0,298.573812358081,0,544.838084444404,5.23827078938484,362.253847070038,39.2660447359085,0
2.51748313009739,0,10.9002970680594,0,16.4801452755928,0,0,0,1.01827912777662,0,0,0,0,0,0,0,38.2622121199965,22.3193001449108,679.459057942033,0,1532.76407237351,0,0,0,0,0,0,0,0,0,0,0,0,0,0,0,159.534723326564,0,470.096986971796,7.58806834369898,156.481557570398,17.1576075181365,718.833764068782,0,5.79352673143148,1.14824458956718,1746.70181908458,0,42.4275695309043,0,36.2154974937439,0,0,0,1.69982855021954,0,47.2884471639991,0.217923432588577,0.279190689325333,0,0,0,0,0,0,0,0,0,0,0,0,0,0,15.3302866220474,0,0,0,0,5.72421962022781,720.946546904743,3.18823331594467,799.06208267808,423.550020799041,13.1744333952665,1698.35069285333,2.39656345546246,22.6961782947183
0,0,0,0,0,0,0,0,0,0,0,0,0,0,0,0,0,2.93600678443909,0,0,0,2026.17966084182,0,22.8107461929321,0,1,0,0,0,0,0,0,0,0,0,0,0,172.051335066557,0,0,0,0,0,0,0,0,0,0,0,613.951459690928,0,0,0,0,0,0.195927709341049,0,0,0,0,0,0,0,0,0,0,97.3935806751251,0,0,0,0.735161781311035,0,0,0,0,0,0,0,0,0,25.2553668916225,0,179.039098143578,0,1.10517120361328,0,0
0,0,0,0,0,0,0,0,0,0,0,0,0,0,0,0,0,0,0,0,0,0,1778.97148059309,0,242.228662997484,0,0,0,5.58041191101074,0,0,0,0,0,0,0,0,0,164.380910784006,0,0,0,0,0,0,0,0,0.680375754833221,1.10420829057693,0,0,0,0,0,0,0,0,0,0,0,0,0,0,0,0,0,0,100.149994984269,0,180.408197045326,0,69.4616273641586,0,0,0,0,0,0,0,0,0,195.192863896489,75.0436178743839,1.58789509534836,0,0,0
0,161.433740094304,0,0,0,0,0,0,0,86.4993148446083,0,0,0,0,0,0,0,0,0,0,0,62.009655892849,0,263.940086573362,0,204.097129017115,0,0,0,0,0,0,0,0,0,0,0,550.118323996663,0,0,0,0,0,0,0,0,0,0,0,18.6569660007954,0,0,0,0,0,236.254869222641,0,0,0,0,0,3.572689011693,0,0,97.3935806751251,0,0,0,301.227374911308,0,0,0,0,0,0,0,0,0,0,0,591.846486181021,0,71.1664737164974,0,256.709688767791,0,0
0.235253438353539,0,0,0,0,0,0,0,255.829248905182,0,0,0,0,0,1.82630023360252,0,0,0,0,0,0,0,2.60972690582275,0,545.846418589354,0,0,0,0,0,0,0,0,0,0,0,0,0,124.778865128756,0,0,0,0,0,0,0,0,0,0,0,0,0,0,0,952.528960168362,0,0,0,0,0,0,0,0,0,0,100.149994984269,0,0,0,0,0,0,0,0,0,0,0,1.02082192897797,0,0,0,123.652156054974,4.75343322753906,0,28.6758540868759,0,0
0,0,0,0,0,0,0,0,0,10.2845907211304,0,0,0,0,0,113.855049490929,9.94298851490021,118.339680433273,3.11819624900818,0,0,0.282281368970871,0,569.798788994551,0,292.106607764959,0,0,0,0,0,0,0,0,0,0,0,0,0,0,0,0,0,0,0,0,0,0,0,0.803684413433075,0,0,0,0,0,0,0,0,0,1.59643915295601,0,4.98002642393112,0,0,0,0,301.227374911308,0,0,0,296.01640984416,0,0,0,0,0,0,0,0,0,0,0,99.147806763649,3.17960530519485,4.28149193525314,0,0
0,0,0,0,0,0,0,0,0,0,0,0,0,0,0,0,0,0,0,0,0,0,0,0,199.600226163864,0,401.713685587049,0,104.605078279972,0,0,0,0,0,0,0,0,0,0,0,0,0,0,0,0,0,0,0,0,0,0,0,0,0,0,0,0,0,0,0,0,0,0,0,0,180.408197045326,0,0,0,0,0,239.209153696895,0,0,0,0,0,0,0,0,0,0,0.472213834524155,0,0,0,0
0,0,0,0,0,0,0,0,0,0,0,0,0,2.01674628257751,0,0,0,0,0,0,0,17.2795524001122,0,0,0,5.92600029706955,0,602.130423665047,0,0,0,0,0,12.9081736207008,0,0,0,516.150180339813,0,0,0,0,0,0,0,0,0,110.513725966215,0,424.112188637257,0,0,0,0,0,0,0,7.60729822516441,0,563.255909517407,0,18.2121830880642,0,0,0.735161781311035,0,0,0,296.01640984416,0,0,0,1.45899718999863,0,0,0,0,0,0,0,441.670702069998,0,3.78797876834869,0.563900351524353,1.70706598460674,0,0
0,0,0,0,0,0,0,0,0,0,0,0,4.17045307159424,0,0,0,0,0,0,0,0,0,6.50733417272568,0,0,0,9.90745635330677,0,996.906983494759,0,51.3361282348633,0,0,0,0,0,0,0,13.2513178288937,0,0,0,0,0,0,0,0,1.81410875916481,0,0,0,0,0,0,0,0,0,0,189.671603381634,0,0,0,0,0,0,69.4616273641586,0,0,0,239.209153696895,0,0,0,125.669130802155,0,0,0,0,0,0,0,16.3080107569695,0.204289570450783,0,1.17112803459167,0,0
0,0,0,3.05387297272682,0,0,0,0,0,0,0,1.02178375422955,0,0,0,0,0,0,4.01795768737793,1.03464630246162,0,0,0,0,0,0,0,3.4590665102005,0,267.550644308329,0,0,0,0.936694115400314,0,0,0,9.3037573993206,0,7.44623151421547,0,35.9817487150431,0,8.12883502244949,0,130.302655048668,0,3.29781371355057,0,250.310817524791,0,0,0,0,0,0,0,540.471670851111,0,0.437201142311096,0,0,66.908691175282,0,0,0,0,0,0,0,1.45899718999863,0,0,0,0,0,0,0,18.0878480896354,0,608.262263894081,0,5.90472821891308,0.707902133464813,119.325837418437,12.7708726227283,0
0,0,1.56493455171585,0,0.396144509315491,0,0,0,0.939743876457214,0,54.1916058063507,0,0,0,0,0,0,0,11.479012131691,0,1.71012812852859,0,0,0,0,0,0,0,63.1399216651917,0,264.175752162933,0,0,0,0,0,0,0,36.2196945548058,0,0.128820762038231,0,219.203021928668,0,0,0,3.75400523841381,0,4.8840297460556,0,0,0,0,0,0,0,129.167761445045,0,0,0,0,0,0,15.3302866220474,0,0,0,0,0,0,0,125.669130802155,0,0,0,0,0,0,0,4.77029486000538,0,0,20.452026322484,0.749576672911644,228.772575393319,0,117.231947913766
0,0,0,0,0,0,0,0,0,0,0,0,0,0,0,0,0,0,0,0,0,0,0,0,0,0,0,0,0,0,0,6258.1132729128,1371.6891078949,333.08087772131,2.46154892444611,32.6518303006887,45.6006702184677,0,0,0,0,0,0,0,0,0,0,1366.60382600129,0.994548082351685,0,0,0,0,0,0,0,0,0,0,0,0,0,0,0,0,0,0,0,0,0,0,0,0,0,0,336.476621359587,38.8024290055037,3.19394701719284,12.6176605820656,43.9096295237541,0,0,887.910897791386,0,0,0,0
0,0,0,0,0,0,0,0,0,0,0,0,0,0,0,0,0,0,0,0,0,0,0,0,0,0,0,0,0,0,0,190.176704615355,4272.80925880373,27.8999403119087,68.6389173567295,1.50893020629883,123.693885982037,0,0,0,0,0,0,0,0,0,0,514.622324511409,0.530274093151093,0,0,0,0,0,0,0,0,0,0,0,0,0,0,0,0,0,0,0,0,0,0,0,0,0,336.476621359587,0,2.50115332007408,246.681226864457,0,775.411919280887,0,0,423.895765930414,0,0,0,0
0,0,0,0,0,0,0,0,0,0,0,0,0,0,0,0,0,0,0,0,0,0,0,0,0,0,0,0,0,0,0,85.2653996497393,15.8582961559296,2165.63470932841,378.021317124367,7.5470815077424,0,26.652520686388,3.78197860717773,0,0,0,0,0,0,0,0,1231.7705284059,216.232587993145,18.0147730708122,0,0,0,0,0,0,0,0,0,0,0,0,0,0,0,0,0,0,0,0,0,0,0,0,38.8024290055037,2.50115332007408,0,10.7827425003052,4.48215800523758,0.872503578662872,282.677998036146,3.63538125157356,149.711145192385,0,8.81147980690002,0,0
0,0,0,0,0,0,0,0,0,0,0,0,0,0,0,0,0,0,0,0,0,0,0,0,6.49585248529911,0,0,0,0,0,0,19.4689168930054,136.24649977684,938.592163920403,2054.02031113207,0,22.116578578949,0,244.116895139217,0,0,0.965458393096924,0,0,0,0,0,331.39039029181,39.8162828087807,0,0,0,0,0,0,0,0,0,0,0,0,0,0,0,0,0,0,1.02082192897797,0,0,0,0,0,0,3.19394701719284,246.681226864457,10.7827425003052,0,0,133.878151834011,0,219.889181494713,103.560230791569,0,1.39490288496017,0,0
0,7.47012774646282,0,7.66839184612036,0,87.5262965261936,0,0,0,0,0,0.855713054537773,0,0,0,0,35.4942410215735,151.235018320382,1103.74695327878,837.048281401396,0,0,0,0,0,0.151759222149849,0,0,0,0,0,565.834641329944,23.3604097962379,170.014073982835,0,15393.3009266853,279.499792486429,1427.89424728602,1.57579946517944,2460.08189871162,0.211477622389793,1773.11923852563,27.4048593789339,93.6430401057005,0,3012.44680034369,9.00547847151756,603.79936876893,28.8090968430042,168.284721121192,0,0,0,0,0,0,0.126551806926727,135.891656711698,0,0,0,0,2858.82499627769,5.72421962022781,0,0,0,0,0,0,0,0,18.0878480896354,0,12.6176605820656,0,4.48215800523758,0,0,72.6820667386055,1737.21018192917,17.4526566118002,2255.2297944203,30.5228445976973,1751.27635988593,251.299766674638,7.20637319982052
21.1910490691662,0,10.2852857336402,0,11.5211704075336,0,0,0,2.07729747891426,0,0,0,0,0,0,0,63.0693126693368,100.710268720984,1847.22559560835,0,319.113384798169,0,0,0,0,0,0,0,0,0,0,28.2686810195446,835.276302650571,16.4505411982536,97.1621621847153,239.486825585365,14245.4287758172,0,349.790799498558,13.8732161000371,1149.62838700414,38.1786338761449,2127.39913482964,0,69.833953820169,2.14132104814053,594.765004642308,838.892255529761,1454.6452479437,0,22.6061301380396,0,0,0,2.51665811240673,0,4.62275592237711,0,2.67614572495222,0,0,0,0,720.946546904743,0,0,0,0,0,0,0,0,0,4.77029486000538,43.9096295237541,775.411919280887,0.872503578662872,133.878151834011,72.6820667386055,0,9.1432459205389,603.400728389621,1795.02128298581,40.9184660837054,2303.01362035424,7.79951049387455,215.991776712239
0,13.8501227945089,0,19.8947937935591,0,3.71375313401222,0,0,0,172.941864848137,0,156.633568108082,0,0,0,0,12.971106082201,50.9619625657797,418.433250747621,3.9207307100296,0,1.68553674221039,0,114.112934961915,0,0.286586880683899,0,0,0,1,0,0,0,423.197271570563,0,475.21212798357,0,6040.17206595838,0,98.407229334116,0,283.282483041286,6.35339872539043,111.339774087071,0,1077.53330483288,4.9568943977356,529.522727996111,0,445.487844988704,0,0.89387571811676,0,0,0,294.692974492908,0,12.8847639262676,0,0,0,0,298.573812358081,3.18823331594467,25.2553668916225,0,591.846486181021,0,0,0,441.670702069998,0,608.262263894081,0,0,0,282.677998036146,0,1737.21018192917,9.1432459205389,0,2.55798964202404,243.321535199881,8.88757966458797,827.851884499192,345.398268550634,1.04862016439438
4.22898483276367,0,8.48270189762115,0,3.67810279130936,0,0,0,1.96337643265724,0,0,0,0,0,0,0,35.8004951551557,56.8632006347179,873.183567874134,0,310.123360350728,0,155.415892139077,0,480.725287929177,0,0,0,7.70914435386658,0,2,0,0,12.0286689996719,55.5265823304653,0,325.891184389591,0,10098.3822886795,10.8699154108763,5.57767885923386,21.9638306200504,500.840798266232,1.48395454883575,22.3288910165429,5.65602353215218,604.442352592945,685.125867933035,595.900438971817,0.28195509314537,1.20684245228767,0,0,0,13.1037865132093,0,1.46093699336052,0,0,0,0,0,0,799.06208267808,0,195.192863896489,0,123.652156054974,0,0,0,16.3080107569695,0,0,0,0,3.63538125157356,219.889181494713,17.4526566118002,603.400728389621,2.55798964202404,0,710.4467722103,17.5140506476164,1287.81258093566,4.1859009116888,335.10276542604
