0,0,0.176763501018286,0,0,0,0,0,0.217210814437569,0,0,0,0,0,0,0,0,0,0,0,0,0,0,0,0,0,0,0,0,0,0,0,0,0,0,0,0,0,0,0,0,0,0,0,0,0,0,0,0.144648894836957,0,0,0,0,0,0.211477125084007,0,0,0,0,0,0.212662324309349,0,0,0,0,0,0,0,0,0,0,0,0,0,0,0,0,0,0,0,0,0,0.282234847158581,0,0.176493153195171,0,0
0,0,0,0.150227445695135,0,0,0,0,0,0.213829770351874,0,0,0,0,0,0,0,0,0,0,0,0,0,0.339002287387848,0,0,0,0,0,0,0,0,0,0,0,0,0,0,0,0,0,0.245195888810688,0,0,0,0,0,0,0,0.163693229007094,0,0,0,0,0,0.251881068964538,0,0.193657234311104,0,0,0,0.194622189551592,0,0,0,0,0.303209890921911,0,0,0,0,0,0,0,0,0,0,0,0,0,0,0,0.18834275202306,0,0.198648903626228,0,0
0.176763501018286,0,0,0,0.182052247044517,0,0,0,0.138943806290627,0,0.305227398872375,0,0,0,0,0,0,0,0.24732294678688,0,0,0,0,0,0,0,0,0,0,0,0,0,0,0,0,0,0.323458790779114,0,0.34736626346906,0,0.258100143500737,0,0.272239769907559,0,0,0,0.205302113089068,0.294753104448318,0.259801485016942,0,0.190596086531878,0,0,0,0.182799166211715,0,0.323117047548294,0,0.180850613862276,0,0,0,0,0.254822881519794,0,0,0,0,0,0,0,0,0,0.333728458732367,0,0,0,0,0,0.303373664617538,0,0.340431962694441,0.130659785754276,0,0.20951810469767,0,0.26170564070344
0,0.150227445695135,0,0,0,0.176736262316505,0,0,0,0.150391019880772,0,0,0,0,0,0,0,0,0.287377732992172,0,0,0,0,0,0,0,0,0,0,0,0,0,0,0,0,0.246361443290004,0,0,0,0.276539965679771,0,0.285456111854758,0,0.290224432945251,0,0.248867076360732,0,0.307385502383113,0,0.23813009091088,0,0.23349509810664,0,0,0,0,0,0.268143500201404,0,0,0,0.212902067601681,0.282653886641635,0,0.324426352977753,0,0,0,0,0,0.317867454886436,0,0.324272608924135,0,0,0,0,0,0.315109425783157,0,0.339749643715416,0,0.202557329569132,0.115935754030943,0.212615022042366,0,0
0,0,0.182052247044517,0,0,0,0,0,0,0,0,0,0,0,0,0,0,0,0.273281037807465,0,0.24025517826279,0,0,0,0,0,0,0,0,0,0,0,0,0,0,0,0.277328282594681,0,0.264979839324951,0,0.277785072922707,0,0.277529370889329,0,0.275145351886749,0,0.236997984445248,0.301626609071441,0.292620045198521,0.265454590320587,0.266745552144669,0,0,0,0,0,0.294032494227091,0,0.254206448793411,0,0.257473543286324,0,0,0.244652866134568,0,0,0,0,0,0,0,0,0,0.307864801337322,0,0,0,0,0,0.28741773756014,0,0.304334875415353,0.256974839654408,0,0.217823699838997,0,0.246910759144359
0,0,0,0.176736262316505,0,0,0,0,0,0,0,0,0,0,0,0,0,0,0.276974946260452,0.154204160642268,0,0,0,0,0,0,0,0,0,0,0,0,0,0,0,0.233350800143348,0,0,0,0.211941987276077,0,0.278778094053268,0,0,0,0.210191855453095,0,0.304918179909388,0,0.290579722987281,0,0.212503357657364,0,0,0,0.205159787088633,0,0,0,0,0,0,0.232772696303995,0,0,0,0,0,0,0,0.335476487874985,0,0,0,0,0,0,0,0.226314976811409,0,0,0,0.115396599356945,0.115128481388092,0.195182927780681,0,0
0,0,0,0,0,0,0,0,0,0,0.234720386288784,0,0,0,0,0,0,0,0,0,0,0,0,0,0,0,0,0,0,0,0,0,0,0,0,0,0,0,0,0,0,0,0,0,0,0,0,0,0,0,0.148539513349533,0,0.188890444735686,0,0,0,0.212836100504949,0,0,0,0,0,0,0,0,0,0,0,0,0,0,0,0,0,0,0,0,0,0,0,0,0,0,0,0,0,0
0,0,0,0,0,0,0,0,0,0,0,0.150878116488457,0,0,0,0,0,0,0,0,0,0,0,0,0,0,0,0,0,0,0,0,0,0,0,0,0,0,0,0,0,0,0,0,0,0,0,0,0,0,0,0,0,0.261191616455714,0,0,0,0,0,0,0,0,0,0,0,0,0,0,0,0,0,0,0,0,0,0,0,0,0,0,0,0,0,0,0,0,0
0.217210814437569,0,0.138943806290627,0,0,0,0,0,0,0,0,0,0,0,0.231435577234914,0,0.193800773590102,0.192116086577114,0.199864141397424,0,0,0,0.186926287909349,0.182112881541252,0.204216619706987,0,0.199016297701746,0,0,0,0,0,0,0,0,0,0,0,0.213299480080605,0.290878981351852,0.308143556118011,0.259464353322983,0.27835718691349,0,0,0.288519576191902,0.184669407705466,0.286432832479477,0.209627504150073,0,0,0,0,0,0.228979937026119,0,0,0,0,0,0.205855429172516,0,0,0.248647898435593,0.170904278755188,0,0,0.248731276163688,0.18166521191597,0.183638527989388,0,0,0,0.353181034326553,0,0,0,0,0,0.334778308868408,0,0.217413584773357,0.196915385420621,0,0.225803095221519,0,0.251195818185806
0,0.213829770351874,0,0.150391019880772,0,0,0,0,0,0,0,0,0,0,0,0.212278321866066,0.251859987420695,0.251036166787861,0.273924061312125,0,0,0.180284813046455,0,0.222938352050605,0.176144823431969,0.196636288530297,0.177658289670944,0,0,0,0,0,0,0,0,0,0,0.217586608396636,0,0.278338998556137,0.279769748449326,0,0,0,0,0,0,0,0,0,0,0,0,0,0,0.255174830044601,0,0,0,0,0,0.201429117809642,0,0,0,0,0.220136559435299,0,0.203629851341248,0,0,0,0,0,0,0,0,0,0,0,0.216662310995162,0,0.210646685417831,0.174452632665634,0.186944904071944,0,0
0,0,0.305227398872375,0,0,0,0.234720386288784,0,0,0,0,0,0.256877253452937,0,0,0,0,0,0,0,0.285097049904012,0,0,0,0,0,0,0,0,0,0.217218864341857,0,0,0,0,0,0.18831870172705,0,0.194446354500345,0,0.348985493183136,0,0.404395624995232,0,0.459718346595764,0,0.362156362231098,0,0.366009771823883,0,0,0,0.215761134570295,0,0,0,0.243600594581534,0,0.250472903251648,0,0,0,0,0.296030834079928,0,0,0,0,0,0,0,0,0,0.414539455473423,0,0,0,0,0,0.303101614117622,0,0.347140721570362,0.197030144220097,0,0.341824462016424,0,0.412263736128807
0,0,0,0,0,0,0,0.150878116488457,0,0,0,0,0,0.110702183842659,0,0,0,0,0,0.193176458684499,0,0,0,0,0,0,0,0,0,0.200699348012103,0,0,0,0,0,0.137657999164528,0,0.172350596663993,0,0,0,0,0,0,0,0.234088358283043,0,0,0,0.262020468711853,0,0,0,0,0,0,0,0.25138168499104,0,0,0,0,0.278783792657639,0,0.360510683059692,0,0,0,0,0,0.34820475855044,0,0.268039305514269,0,0,0,0,0,0.252806907892227,0,0.195775044247575,0,0.209936891850124,0,0.22630002823743,0,0
0,0,0,0,0,0,0,0,0,0,0.256877253452937,0,0,0,0,0,0,0,0,0,0,0,0,0,0,0,0,0,0,0,0,0,0,0,0,0,0,0,0,0,0,0,0,0,0,0,0,0,0,0,0,0,0,0,0,0,0.23274369011907,0,0,0,0,0,0,0,0,0,0,0,0,0,0,0,0,0,0,0,0,0,0,0,0,0,0,0,0,0,0
0,0,0,0,0,0,0,0,0,0,0,0.110702183842659,0,0,0,0.130661271512508,0,0.156544810533524,0,0,0,0,0,0,0,0.13859848678112,0,0,0,0,0,0,0,0,0,0,0,0,0,0,0,0,0,0,0,0,0,0,0,0,0,0,0,0,0,0,0,0.110523901879787,0,0.191797796350259,0,0,0,0,0,0,0,0,0,0,0.191404481232166,0,0,0,0,0,0,0,0,0,0,0,0,0,0,0,0
0,0,0,0,0,0,0,0,0.231435577234914,0,0,0,0,0,0,0,0.179426005521608,0.182683802313275,0.233324199914932,0,0,0,0.180157691240311,0,0.192363029718399,0,0.191832131147385,0,0,0,0,0,0,0,0,0,0,0,0,0,0,0,0,0,0,0,0,0,0,0,0,0,0,0,0.253338843584061,0,0,0,0,0,0.20478131622076,0,0,0,0,0,0,0,0,0.156860843300819,0,0,0,0,0,0,0,0,0,0,0,0,0.191498018313377,0,0,0,0
0,0,0,0,0,0,0,0,0,0.212278321866066,0,0,0,0.130661271512508,0,0,0.162055380642414,0.179010161520106,0.227322950959206,0,0,0.166542649269104,0,0.20364660427377,0,0.187693091278726,0,0,0,0,0,0,0,0,0,0,0,0,0,0,0,0,0,0,0,0,0,0,0,0,0,0,0,0,0,0.166648097336292,0,0,0,0,0,0.180113409459591,0,0,0,0,0.199522595852613,0,0.202164620161057,0,0,0,0,0,0,0,0,0,0,0,0,0,0.190180587086165,0,0,0,0
0,0,0,0,0,0,0,0,0.193800773590102,0.251859987420695,0,0,0,0,0.179426005521608,0.162055380642414,0,0.21032294845551,0.317285313089639,0,0,0.149076659232378,0.14518905846385,0.212607563146063,0.181271889890674,0.198683046030276,0.176841008919056,0,0.153013974428177,0,0,0,0,0,0,0.329965952195619,0.349475339732387,0.305186003446579,0.346635896712542,0.311300956188364,0.316745561666978,0.293313394161477,0.298152103345153,0,0.314353027514049,0.316436594298908,0.313936650753021,0.285597870747248,0.315169083575408,0.312958220640818,0,0,0,0,0.193509544645037,0,0,0,0,0,0.186355477746795,0,0.315005704760551,0.303291221459707,0.142200959846377,0.145388334134563,0,0,0.162157493829727,0.164210246875882,0,0,0.32382333278656,0.339021931091944,0,0.316370725631714,0,0,0.342747441647243,0.340507362481099,0.329709628842912,0.333077358251268,0.211444425532124,0.219811005559232,0.311422280154445,0.281630760058761,0.309359978227054
0,0,0,0,0,0,0,0,0.192116086577114,0.251036166787861,0,0,0,0.156544810533524,0.182683802313275,0.179010161520106,0.21032294845551,0,0.295320433826268,0,0,0.15147192287189,0.191110337942334,0.187016950588708,0.19482835544937,0.158716842327846,0.176924868952483,0.147545244348677,0,0,0,0,0,0,0,0.345928738928503,0.349536137655377,0.360935617238283,0.311817586421967,0.322596143082131,0.317335074022412,0.298207619772685,0.301644614109626,0.327899760007858,0.296054124832153,0.324050301754916,0.319465997318427,0.35564923286438,0.325652007545744,0.311049446463585,0,0,0,0,0,0,0,0,0,0,0.176543340086937,0.170924952626228,0.325415501067805,0,0.136457384976207,0.266895640641451,0.197496647084201,0,0.161985183944521,0.157180560752749,0.324685022234917,0,0.334557690223058,0.312718838453293,0,0,0,0,0.345809732455956,0.338644905222787,0.34648104920739,0.325062900781631,0.205161572028873,0.230085058496939,0.310572461181919,0.307940814963409,0.326605025264952
0,0,0.24732294678688,0.287377732992172,0.273281037807465,0.276974946260452,0,0,0.199864141397424,0.273924061312125,0,0,0,0,0.233324199914932,0.227322950959206,0.317285313089639,0.295320433826268,0,0.368740528821945,0.389280021190643,0.229216657578945,0.264107482773917,0.276427334126754,0.25098869185169,0.267711567027228,0.245777532458305,0,0,0,0.324364930391312,0,0,0,0,0.371892744517265,0.373007428405746,0.391264912369963,0.347713096552536,0.335823670971868,0.323055043055656,0.264448762538192,0.259703076356336,0.489566092316812,0.463634288953087,0.348305111287824,0.357364834150776,0.296554924713241,0.33067976467071,0.312074884772301,0,0,0,0,0.211907334625721,0,0.301892717679342,0.29715376496315,0,0,0,0,0.331369940508803,0.322454080537513,0.275184735655785,0.259015649557114,0,0,0.270322099328041,0,0.330571299249476,0,0.355433734538762,0.344551011919975,0,0.258287578821182,0,0,0.380747131954434,0.374698210696272,0.363978202628714,0.344868716465521,0.256818318910581,0.27083239518106,0.33587898631818,0.279202415888745,0.276024239895108
0,0,0,0,0,0.154204160642268,0,0,0,0,0,0.193176458684499,0,0,0,0,0,0,0.368740528821945,0,0,0,0,0,0,0,0,0,0,0.281606450676918,0,0,0,0,0,0.182310268689779,0,0.204794520586729,0,0.295644924044609,0,0,0,0,0,0.247076129783755,0,0,0,0,0,0.175314113497734,0,0,0,0,0,0.232641829627341,0,0,0,0,0.258885586657729,0,0.356831699609756,0,0,0,0,0,0.358501471579075,0,0.329934737937791,0,0,0,0,0,0.288506069840386,0,0.305824657923461,0,0.182899046108707,0,0.221703776975676,0,0
0,0,0,0,0.24025517826279,0,0,0,0,0,0.285097049904012,0,0,0,0,0,0,0,0.389280021190643,0,0,0,0,0,0,0,0,0,0,0,0.393765091896057,0,0,0,0,0,0.136431527373038,0,0.128183979186274,0,0.335722997784615,0,0.298632197655164,0,0.439772347609202,0,0.321523724518942,0,0.31402737647295,0,0,0,0,0,0,0,0.365439176559448,0,0,0,0,0,0,0.252783891732154,0,0,0,0,0,0,0,0,0,0.412420353671508,0,0,0,0,0,0.195982583712057,0,0.250193877855717,0.1756663773272,0,0.224712026942717,0,0
0,0,0,0,0,0,0,0,0,0.180284813046455,0,0,0,0,0,0.166542649269104,0.149076659232378,0.15147192287189,0.229216657578945,0,0,0,0.110602352987317,0.163622844306862,0,0.137511052583393,0,0,0,0,0,0,0,0,0,0,0,0.175388761684982,0,0,0,0,0,0,0,0.341510891914368,0.31608858704567,0,0,0.224995207916843,0,0,0,0,0,0,0,0.366210558093511,0,0.356313185049937,0,0,0.34834960103035,0,0.219556476586983,0,0.175931583074006,0,0.245761214391045,0,0.315932265775544,0,0,0,0,0,0,0,0,0,0.221018557726748,0,0.153190698294862,0.240425462411209,0.221792042255402,0,0
0,0,0,0,0,0,0,0,0.186926287909349,0,0,0,0,0,0.180157691240311,0,0.14518905846385,0.191110337942334,0.264107482773917,0,0,0.110602352987317,0,0.174975082278252,0.13847324913185,0,0.14623249519979,0,0.135168691476186,0,0,0,0,0,0,0,0,0,0.173698473681686,0,0,0.231338948011398,0.276467740535736,0,0,0.290921449661255,0,0,0.237530741633405,0,0,0,0,0,0,0,0.393972463905811,0,0,0,0.174632057547569,0,0,0,0.11741304025054,0.208772115494155,0,0.21905735693872,0,0.278587435682615,0,0.232788202854303,0,0.395088329911232,0,0,0,0,0,0.301484763622284,0.278587281703949,0.192693291588667,0.149878536836089,0.136908228063713,0.250181959248057,0,0
0,0.339002287387848,0,0,0,0,0,0,0.182112881541252,0.222938352050605,0,0,0,0,0,0.20364660427377,0.212607563146063,0.187016950588708,0.276427334126754,0,0,0.163622844306862,0.174975082278252,0,0.225863861186164,0.159831607935287,0.157390967011452,0,0,0,0,0,0,0,0,0,0,0.207828746006197,0,0.310509949922562,0.287760019302368,0,0,0,0,0.281217843294144,0,0,0,0.243224037139215,0,0,0,0,0,0.297006119961862,0,0.349378138780594,0,0.370753169059753,0,0.165344143907229,0,0,0.229989510887267,0,0.180836421375778,0,0.224844081699848,0,0.315662175416946,0,0,0,0,0,0,0,0.267265290021896,0.313038438558578,0.240550341003615,0,0.188890116140467,0,0.310500767133007,0.219889372587204,0
0,0,0,0,0,0,0,0,0.204216619706987,0.176144823431969,0,0,0,0,0.192363029718399,0,0.181271889890674,0.19482835544937,0.25098869185169,0,0,0,0.13847324913185,0.225863861186164,0,0.169436447322369,0.190488312117479,0,0,0,0,0,0,0,0,0,0,0,0.236832480083724,0,0,0.220801889896393,0.237942546606064,0,0,0,0,0,0.248621987149753,0,0,0,0,0,0.236414387822151,0,0,0,0,0,0,0,0,0,0.189863666892052,0.129011997292119,0,0.175045291684112,0,0,0,0,0,0,0,0,0,0,0.326942880948385,0,0.380867809057236,0.218137697126325,0.186185167920772,0,0.260396931122975,0,0
0,0,0,0,0,0,0,0,0,0.196636288530297,0,0,0,0.13859848678112,0,0.187693091278726,0.198683046030276,0.158716842327846,0.267711567027228,0,0,0.137511052583393,0,0.159831607935287,0.169436447322369,0,0,0.127054511258999,0,0,0,0,0,0,0,0,0,0,0,0,0,0.262410551309586,0,0,0,0,0,0,0,0,0,0,0,0,0,0,0,0,0,0,0,0,0,0,0.1356537366304,0,0.161499146737304,0,0.162167900552352,0,0.175757214426994,0,0,0,0,0,0,0,0.298157185316086,0,0,0,0.16275547473621,0,0,0,0
0,0,0,0,0,0,0,0,0.199016297701746,0.177658289670944,0,0,0,0,0.191832131147385,0,0.176841008919056,0.176924868952483,0.245777532458305,0,0,0,0.14623249519979,0.157390967011452,0.190488312117479,0,0,0,0.13017088919878,0,0,0,0,0,0,0,0,0,0,0,0,0,0,0,0,0,0,0,0,0,0,0,0,0,0,0,0,0,0,0,0.202623081703981,0,0,0,0,0.117353659791824,0,0.175139966460825,0,0.132356998692641,0,0,0,0,0,0,0,0,0,0.281611144542694,0.301083832979202,0,0.182028342948733,0,0,0,0
0,0,0,0,0,0,0,0,0,0,0,0,0,0,0,0,0,0.147545244348677,0,0,0,0,0,0,0,0.127054511258999,0,0,0,0.197999323407809,0,0,0,0,0,0,0,0,0,0,0,0,0,0,0,0,0,0,0,0,0,0,0,0,0,0,0,0,0,0,0,0,0,0,0.171422164381286,0,0,0,0,0,0.218956101348016,0,0.194444702603878,0,0,0,0,0,0,0,0.213595237334569,0,0.120790348603175,0,0,0,0
0,0,0,0,0,0,0,0,0,0,0,0,0,0,0,0,0.153013974428177,0,0,0,0,0,0.135168691476186,0,0,0,0.13017088919878,0,0,0,0,0,0,0,0,0,0,0,0.214073553681374,0,0,0,0,0,0,0,0,0,0,0,0,0,0,0,0,0,0,0,0,0,0,0,0,0,0,0,0,0,0,0,0,0.232705752852165,0,0.249769424439454,0,0,0,0,0,0,0,0.187168558609897,0.152004747341077,0.10844462364912,0,0,0
0,0,0,0,0,0,0,0,0,0,0,0.200699348012103,0,0,0,0,0,0,0,0.281606450676918,0,0,0,0,0,0,0,0.197999323407809,0,0,0,0,0,0,0,0,0,0.203871504826979,0,0,0,0,0,0,0,0.336721032857895,0,0,0,0,0,0,0,0,0,0,0,0.242063390576969,0,0,0,0,0.324019881395193,0,0,0,0,0,0,0,0,0,0.213661811586159,0,0,0,0,0,0.320669665932655,0,0.302700451442174,0,0,0,0,0,0
0,0,0,0,0,0,0,0,0,0,0.217218864341857,0,0,0,0,0,0,0,0.324364930391312,0,0.393765091896057,0,0,0,0,0,0,0,0,0,0,0,0,0,0,0,0,0,0.126905478537083,0,0,0,0,0,0.418303489685059,0,0.3763031235763,0,0,0,0,0,0,0,0,0,0.336275668031927,0,0,0,0,0,0,0.410102099180222,0,0,0,0,0,0,0,0,0,0.244515632608123,0,0,0,0,0,0,0,0.20297281841437,0.157057881355286,0,0.345704019069672,0,0
0,0,0,0,0,0,0,0,0,0,0,0,0,0,0,0,0,0,0,0,0,0,0,0,0,0,0,0,0,0,0,0,0.439939137372336,0,0,0.207767046474885,0,0,0,0,0,0,0,0,0,0,0,0.54080320350129,0,0,0,0,0,0,0,0,0,0,0,0,0,0,0,0,0,0,0,0,0,0,0,0,0,0,0.382909179082333,0.579576544831781,0.606411842827024,0.518689453601837,0.444800843649051,0,0,0,0.465785819856606,0,0,0,0
0,0,0,0,0,0,0,0,0,0,0,0,0,0,0,0,0,0,0,0,0,0,0,0,0,0,0,0,0,0,0,0.439939137372336,0,0,0.263398562868436,0.142479369416833,0.251043941793234,0,0,0,0,0,0,0,0,0,0,0.504964338239648,0.366633540075837,0.576741516590118,0,0,0,0,0,0,0,0,0,0,0,0,0,0,0,0,0,0,0,0,0,0,0,0,0.379220874850847,0.381177070259365,0,0.572336427816728,0.475748462916969,0.237590018577046,0,0,0.30187240449669,0,0,0,0
0,0,0,0,0,0,0,0,0,0,0,0,0,0,0,0,0,0,0,0,0,0,0,0,0,0,0,0,0,0,0,0,0,0,0.374199574012833,0.177212714552879,0,0.209282155993373,0,0.35452800989151,0,0.333143919706345,0,0,0,0,0,0.492532697147371,0.571814954280853,0.539595477283001,0,0,0,0,0,0,0,0,0,0,0,0,0,0,0,0,0,0,0,0,0,0,0,0,0.287418169634683,0,0.359850680289649,0.320415781678692,0.33361466950292,0.437390457838774,0.515927906355841,0,0.21683991048485,0.341457366943359,0.496092289686203,0,0
0,0,0,0,0,0,0,0,0,0,0,0,0,0,0,0,0,0,0,0,0,0,0,0,0,0,0,0,0,0,0,0,0.263398562868436,0.374199574012833,0,0.484900325536728,0.181182817581597,0,0.224697772194357,0,0.35618644952774,0,0,0,0,0,0.379771053791046,0.564913415321593,0.41720567101782,0.531692961851756,0,0,0,0,0,0,0,0,0,0,0,0,0,0,0,0,0,0,0,0,0,0,0,0,0,0.246559636350031,0.302232571679448,0.40130906308726,0.478234935551882,0.306324162408615,0.564902472496033,0.347327721806673,0.345339407496697,0.169325266565595,0.411644728914384,0,0
0,0,0,0.246361443290004,0,0.233350800143348,0,0,0,0,0,0.137657999164528,0,0,0,0,0.329965952195619,0.345928738928503,0.371892744517265,0.182310268689779,0,0,0,0,0,0,0,0,0,0,0,0.207767046474885,0.142479369416833,0.177212714552879,0.484900325536728,0,0.172535077753392,0.235717131390665,0,0.334245909344066,0.342549979686737,0.317392615335328,0.330511435866356,0.450537830591202,0.392227113246918,0.317140529918768,0.340097896754742,0.434876154905016,0,0.302657242977258,0,0,0,0,0,0,0,0.208549498021603,0,0,0,0,0.245042325152077,0,0,0,0,0,0,0,0.35218557715416,0,0.354137162367503,0,0.287998594545029,0,0.198073238134384,0.47052039206028,0.260328401979565,0.254061707428523,0.268296568926532,0,0.20625795104501,0.364585288257963,0.328492301587875,0.356030018679027,0
0,0,0.323458790779114,0,0.277328282594681,0,0,0,0,0,0.18831870172705,0,0,0,0,0,0.349475339732387,0.349536137655377,0.373007428405746,0,0.136431527373038,0,0,0,0,0,0,0,0,0,0,0,0.251043941793234,0,0.181182817581597,0.172535077753392,0,0,0.233868181603666,0.359567910432816,0.336355920212391,0.289431323607763,0.332757321280121,0,0.443243169358798,0.360858917236328,0.323083988900455,0.313836190426214,0.260704459050509,0.238047305403686,0,0,0,0,0,0,0,0,0,0,0,0,0,0.270003582148448,0,0,0,0,0,0,0,0,0,0.348596086104711,0,0.269671727187377,0,0.231861953284139,0.209615625999868,0.253562039208445,0,0.275549443072924,0.240257359228305,0.370457091126483,0.287610894593657,0.35010039806366,0.349675254179881
0,0,0,0,0,0,0,0,0,0.217586608396636,0,0.172350596663993,0,0,0,0,0.305186003446579,0.360935617238283,0.391264912369963,0.204794520586729,0,0.175388761684982,0,0.207828746006197,0,0,0,0,0,0.203871504826979,0,0,0,0.209282155993373,0,0.235717131390665,0,0,0,0.357413211039134,0.370246827602386,0.362634843117312,0.401559054851532,0.465496160917812,0,0.331613332283597,0.368006259202957,0.419956972475556,0,0.309898865526005,0,0,0,0,0,0,0,0.186181545789753,0,0,0,0,0.321926025407655,0,0.244279724235336,0,0.32742727547884,0,0,0,0.212052094936371,0,0.211944693013241,0,0,0,0.203558335701625,0,0.269111327839415,0.332183659076691,0.25541754364249,0,0.164862490229545,0.15339050109147,0.369831229437072,0.360687084496021,0
0,0,0.34736626346906,0,0.264979839324951,0,0,0,0.213299480080605,0,0.194446354500345,0,0,0,0,0,0.346635896712542,0.311817586421967,0.347713096552536,0,0.128183979186274,0,0.173698473681686,0,0.236832480083724,0,0,0,0.214073553681374,0,0.126905478537083,0,0,0,0.224697772194357,0,0.233868181603666,0,0,0.323021024465561,0.337917359975668,0,0.325741572801126,0,0.424914033026309,0,0.314981061871312,0.638898399614152,0.413796598712603,0,0,0,0,0,0.275038406252861,0,0.22597383342006,0,0,0,0,0,0,0.2993173066775,0,0.217885966523219,0,0.258458519330272,0,0,0,0.220135127918588,0,0.188362969883851,0,0,0,0.235341850490797,0.366713136434555,0.251973031508126,0.155225530266762,0.255186911681285,0.200191466109862,0.200614170428434,0.349860211820093,0,0.338437251001596
0,0,0,0.276539965679771,0,0.211941987276077,0,0,0.290878981351852,0.278338998556137,0,0,0,0,0,0,0.311300956188364,0.322596143082131,0.335823670971868,0.295644924044609,0,0,0,0.310509949922562,0,0,0,0,0,0,0,0,0,0.35452800989151,0,0.334245909344066,0.359567910432816,0.357413211039134,0.323021024465561,0,0.310960050672293,0.304614204150276,0.298996526002884,0.33510180951854,0.325527027249336,0.313493762939191,0.251472973823547,0.28154223463913,0.251089584827423,0.246341398322634,0,0.241204150021076,0,0,0,0,0,0.328149932835783,0,0,0,0,0.295588381245114,0,0.327441918849945,0,0,0,0.323062241077423,0,0.323680621385574,0,0.328657823981661,0,0,0,0,0,0.318936655612737,0.338550905386607,0.31854207607127,0.360603183507919,0.319428325362658,0,0.330346704091173,0.299621940794445,0.301312357187271
0,0,0.258100143500737,0,0.277785072922707,0,0,0,0.308143556118011,0.279769748449326,0.348985493183136,0,0,0,0,0,0.316745561666978,0.317335074022412,0.323055043055656,0,0.335722997784615,0,0,0.287760019302368,0,0,0,0,0,0,0,0,0,0,0.35618644952774,0.342549979686737,0.336355920212391,0.370246827602386,0.337917359975668,0.310960050672293,0,0.279972717165947,0.292664210525224,0,0.340744401310004,0.289427399635315,0.259773131458158,0.293928517002455,0.25977889050233,0.288812381029129,0.283281713724136,0,0,0,0,0,0.306761735251972,0,0,0,0,0,0,0.284859053181402,0,0,0,0,0,0,0,0.344863772392273,0,0.279738691505752,0,0,0,0,0.352169452442063,0.297837875375532,0.324823860611234,0.289786922372878,0.305649953905274,0.254120796918869,0.313242930313905,0.264622580260038,0.274306055418281
0,0.245195888810688,0,0.285456111854758,0,0.278778094053268,0,0,0.259464353322983,0,0,0,0,0,0,0,0.293313394161477,0.298207619772685,0.264448762538192,0,0,0,0.231338948011398,0,0.220801889896393,0.262410551309586,0,0,0,0,0,0,0,0.333143919706345,0,0.317392615335328,0.289431323607763,0.362634843117312,0,0.304614204150276,0.279972717165947,0,0.255801306614553,0.239062319258376,0.22258585691452,0.312939456029187,0.255826478203138,0.371939445243162,0.292983574792743,0.298076811521835,0,0,0,0,0,0,0,0.336599316877029,0,0,0,0,0.331401182540105,0,0.341286522738728,0,0,0,0,0,0.344591460891606,0,0.339542914302962,0,0,0,0.314192116260529,0,0.312978764053499,0.319250606000423,0.348459300388226,0.304319014151891,0.271788760991715,0.302927672863007,0.299317187051684,0.264273802090484,0.271255791187286
0,0,0.272239769907559,0,0.277529370889329,0,0,0,0.27835718691349,0,0.404395624995232,0,0,0,0,0,0.298152103345153,0.301644614109626,0.259703076356336,0,0.298632197655164,0,0.276467740535736,0,0.237942546606064,0,0,0,0,0,0,0,0,0,0,0.330511435866356,0.332757321280121,0.401559054851532,0.325741572801126,0.298996526002884,0.292664210525224,0.255801306614553,0,0.233467295765877,0.270186808274453,0.28571291403337,0.302391466397691,0.281448004640796,0.296495591025603,0,0.286881491541862,0,0,0,0,0,0.321965691674015,0,0,0,0,0,0,0.345323702336498,0,0,0,0,0,0,0,0.350408643484116,0,0.342187550193046,0,0,0,0,0.314926379256778,0.310005178912958,0.331208934386571,0.349851174378546,0.251227991839754,0,0.3115848647345,0.231155350804329,0.228037623186412
0,0,0,0.290224432945251,0,0,0,0,0,0,0,0,0,0,0,0,0,0.327899760007858,0.489566092316812,0,0,0,0,0,0,0,0,0,0,0,0,0,0,0,0,0.450537830591202,0,0.465496160917812,0,0.33510180951854,0,0.239062319258376,0.233467295765877,0,0,0.32538231317099,0,0.49495467543602,0,0.316621239483356,0,0,0,0,0,0,0,0.375929445028305,0,0,0,0,0.329369152282796,0,0.418259412050247,0,0,0,0,0,0.413019480804602,0,0.459935281011793,0,0,0,0,0,0.410218748177246,0,0.505067162824349,0.353433728218079,0.284965332746506,0,0.346056649795709,0.276947029762798,0
0,0,0,0,0.275145351886749,0,0,0,0,0,0.459718346595764,0,0,0,0,0,0.314353027514049,0.296054124832153,0.463634288953087,0,0.439772347609202,0,0,0,0,0,0,0,0,0,0.418303489685059,0,0,0,0,0.392227113246918,0.443243169358798,0,0.424914033026309,0.325527027249336,0.340744401310004,0.22258585691452,0.270186808274453,0,0,0,0.312792719120071,0.316032069069999,0.353878843598068,0,0,0,0,0,0,0,0.477925315499306,0,0,0,0,0,0,0.359554479519526,0,0,0,0,0,0,0,0,0,0.459612080273596,0,0,0,0,0.355641849339008,0.448107114974284,0,0.486519455021313,0.260040034850438,0.398701846599579,0.443690810554711,0,0.393604017794132
0,0,0,0.248867076360732,0,0.210191855453095,0,0,0.288519576191902,0,0,0.234088358283043,0,0,0,0,0.316436594298908,0.324050301754916,0.348305111287824,0.247076129783755,0,0.341510891914368,0.290921449661255,0.281217843294144,0,0,0,0,0,0.336721032857895,0,0,0,0,0,0.317140529918768,0.360858917236328,0.331613332283597,0,0.313493762939191,0.289427399635315,0.312939456029187,0.28571291403337,0.32538231317099,0,0,0.244316954697881,0.298971474661932,0.258039589111622,0.299564050121394,0,0.217915513166567,0,0,0,0,0,0.278876258012576,0,0.270598404109478,0,0,0.279513625397439,0,0.357821895480156,0,0,0,0,0,0.361709582325596,0,0.371137806707225,0,0,0,0,0,0.31326470421739,0.324636625392096,0.34820254555137,0.326130151748657,0.309534502124377,0,0.317765845040179,0.326923170751268,0
0,0,0.205302113089068,0,0.236997984445248,0,0,0,0.184669407705466,0,0.362156362231098,0,0,0,0,0,0.313936650753021,0.319465997318427,0.357364834150776,0,0.321523724518942,0.31608858704567,0,0,0,0,0,0,0,0,0.3763031235763,0,0,0,0.379771053791046,0.340097896754742,0.323083988900455,0.368006259202957,0.314981061871312,0.251472973823547,0.259773131458158,0.255826478203138,0.302391466397691,0,0.312792719120071,0.244316954697881,0,0.295030928164158,0.275691826231954,0.340947051843007,0.293653077549405,0,0,0,0,0,0.368680068149286,0.293012022972107,0,0,0,0,0.297848199804624,0.298842867571229,0,0,0,0,0,0,0.307422816753387,0.356321215629578,0.336248993873596,0.393437114417764,0,0,0,0,0.304367773234844,0.292641049049557,0.310547709465027,0.371006391840653,0.273913317584786,0.189312107861042,0.316326359775519,0.285434663295746,0.30319549836017
0,0,0.294753104448318,0.307385502383113,0.301626609071441,0.304918179909388,0,0,0.286432832479477,0,0,0,0,0,0,0,0.285597870747248,0.35564923286438,0.296554924713241,0,0,0,0,0,0,0,0,0,0,0,0,0.54080320350129,0.504964338239648,0.492532697147371,0.564913415321593,0.434876154905016,0.313836190426214,0.419956972475556,0.638898399614152,0.28154223463913,0.293928517002455,0.371939445243162,0.281448004640796,0.49495467543602,0.316032069069999,0.298971474661932,0.295030928164158,0,0.358592226101299,0.468193654938447,0.280931621789932,0.289937205612659,0,0,0,0,0.323074758052826,0,0,0,0,0,0.315407045185566,0.320598754286766,0,0,0,0,0,0,0.333464592695236,0,0.35408682624499,0.338509269382643,0.465907374420498,0.579361336715255,0.59178742860063,0.619569835039532,0.503360098999017,0.362518588740765,0.561331895589829,0.495510660416631,0.400983119881939,0.364610257901643,0.418514928402731,0.292708218097687,0.319756388664246
0.144648894836957,0,0.259801485016942,0,0.292620045198521,0,0,0,0.209627504150073,0,0.366009771823883,0,0,0,0,0,0.315169083575408,0.325652007545744,0.33067976467071,0,0.31402737647295,0,0.237530741633405,0,0.248621987149753,0,0,0,0,0,0,0,0.366633540075837,0.571814954280853,0.41720567101782,0,0.260704459050509,0,0.413796598712603,0.251089584827423,0.25977889050233,0.292983574792743,0.296495591025603,0,0.353878843598068,0.258039589111622,0.275691826231954,0.358592226101299,0,0.415526356548071,0.29615393280983,0,0,0,0.168313397538094,0,0.383264561795225,0.329337984323502,0,0,0,0,0.2564737200737,0.306881938357742,0,0.326708468122743,0,0.220007901841944,0,0.303530658703101,0.329031050205231,0.344345678486032,0.338530272245407,0.305590456124486,0,0.379733872764251,0.60913348197937,0.233453761041164,0.34514007717371,0.312719804856856,0.325381507476171,0.312884890893642,0.367656956921955,0.302237409353256,0.312062909679144,0.316659212112427,0.278560241373877
0,0.163693229007094,0,0.23813009091088,0.265454590320587,0.290579722987281,0,0,0,0,0,0.262020468711853,0,0,0,0,0.312958220640818,0.311049446463585,0.312074884772301,0,0,0.224995207916843,0,0.243224037139215,0,0,0,0,0,0,0,0,0.576741516590118,0.539595477283001,0.531692961851756,0.302657242977258,0.238047305403686,0.309898865526005,0,0.246341398322634,0.288812381029129,0.298076811521835,0,0.316621239483356,0,0.299564050121394,0.340947051843007,0.468193654938447,0.415526356548071,0,0,0.254847463220358,0,0,0,0.1621584217338,0,0.371540733630007,0,0.369208354502916,0,0.175474248149178,0.310219479565935,0,0.30902072847695,0,0.278640857354842,0,0.186506720928891,0,0.320282622291928,0,0.326433160226711,0.317786455154419,0,0.579473525285721,0.489876513679822,0.519457285602888,0.308022838143796,0.291788909584284,0.372911353938823,0,0.377685433711606,0,0.343376649186631,0.316699570731113,0
0,0,0.190596086531878,0,0.266745552144669,0,0.148539513349533,0,0,0,0,0,0,0,0,0,0,0,0,0,0,0,0,0,0,0,0,0,0,0,0,0,0,0,0,0,0,0,0,0,0.283281713724136,0,0.286881491541862,0,0,0,0.293653077549405,0.280931621789932,0.29615393280983,0,0,0,0.157142862677574,0,0,0,0,0,0.23817004263401,0,0.247115895152092,0,0,0.275841665538875,0,0,0,0,0,0,0,0,0,0,0,0,0,0,0,0.273675039410591,0,0.288857638835907,0.303836464881897,0,0.241880855390004,0,0
0,0,0,0.23349509810664,0,0.212503357657364,0,0,0,0,0,0,0,0,0,0,0,0,0,0.175314113497734,0,0,0,0,0,0,0,0,0,0,0,0,0,0,0,0,0,0,0,0.241204150021076,0,0,0,0,0,0.217915513166567,0,0.289937205612659,0,0.254847463220358,0,0,0,0,0,0,0,0.231082734465599,0,0.23462070807626,0,0.20167395038836,0.237456152715334,0,0,0,0,0,0,0,0,0,0,0,0,0,0,0,0.211753904819489,0,0,0,0,0,0.204077132046223,0,0
0,0,0,0,0,0,0.188890444735686,0,0,0,0.215761134570295,0,0,0,0,0,0,0,0,0,0,0,0,0,0,0,0,0,0,0,0,0,0,0,0,0,0,0,0,0,0,0,0,0,0,0,0,0,0,0,0.157142862677574,0,0,0,0,0,0.206593006849289,0,0,0,0,0,0,0,0,0,0,0,0,0,0,0,0,0,0,0,0,0,0,0,0,0,0,0,0,0,0
0,0,0,0,0,0,0,0.261191616455714,0,0,0,0,0,0,0,0,0,0,0,0,0,0,0,0,0,0,0,0,0,0,0,0,0,0,0,0,0,0,0,0,0,0,0,0,0,0,0,0,0,0,0,0,0,0,0,0,0,0,0,0,0,0,0,0,0,0,0,0,0,0,0,0,0,0,0,0,0,0,0,0,0,0,0,0,0,0,0
0.211477125084007,0,0.182799166211715,0,0,0,0,0,0.228979937026119,0,0,0,0,0,0.253338843584061,0,0.193509544645037,0,0.211907334625721,0,0,0,0,0,0.236414387822151,0,0,0,0,0,0,0,0,0,0,0,0,0,0.275038406252861,0,0,0,0,0,0,0,0,0,0.168313397538094,0,0,0,0,0,0,0,0,0,0,0,0,0,0,0,0,0,0,0.241658803030669,0,0,0,0,0,0,0,0,0,0,0,0,0,0.249511097952471,0.21399435671893,0,0.1962839504083,0,0
0,0.251881068964538,0,0,0,0.205159787088633,0,0,0,0.255174830044601,0,0,0,0,0,0.166648097336292,0,0,0,0,0,0,0,0.297006119961862,0,0,0,0,0,0,0,0,0,0,0,0,0,0,0,0,0,0,0,0,0,0,0,0,0,0.1621584217338,0,0,0,0,0,0,0,0,0,0,0,0.177175630504886,0,0,0,0,0.297705527321965,0,0,0,0,0,0,0,0,0,0,0,0,0,0.235076575540006,0,0.183311792593154,0,0.276064600076592,0,0
0,0,0.323117047548294,0,0.294032494227091,0,0.212836100504949,0,0,0,0.243600594581534,0,0.23274369011907,0,0,0,0,0,0.301892717679342,0,0.365439176559448,0,0.393972463905811,0,0,0,0,0,0,0,0.336275668031927,0,0,0,0,0,0,0,0.22597383342006,0,0.306761735251972,0,0.321965691674015,0,0.477925315499306,0,0.368680068149286,0.323074758052826,0.383264561795225,0,0,0,0.206593006849289,0,0,0,0,0,0.275906593105865,0,0.258133585806246,0,0,0.359070093206987,0,0.416328070561091,0,0,0,0.419788383245468,0,0.452811315423866,0,0.446304756734106,0,0,0,0,0,0.34102194584333,0,0.444063630811176,0.220823513952697,0,0.375073034136269,0,0.372408121824265
0,0.193657234311104,0,0.268143500201404,0,0,0,0,0,0,0,0.25138168499104,0,0.110523901879787,0,0,0,0,0.29715376496315,0.232641829627341,0,0.366210558093511,0,0.349378138780594,0,0,0,0,0,0.242063390576969,0,0,0,0,0,0.208549498021603,0,0.186181545789753,0,0.328149932835783,0,0.336599316877029,0,0.375929445028305,0,0.278876258012576,0.293012022972107,0,0.329337984323502,0.371540733630007,0,0.231082734465599,0,0,0,0,0,0,0,0.29757543849182,0,0,0.333880671776212,0,0.395827310910592,0,0.389996930956841,0,0.407946245423679,0,0.382162992363302,0,0.317263250081957,0,0,0,0,0,0.3028943821274,0,0.37073604493011,0,0.191230837787901,0,0.302748859085535,0.353661000728607,0
0,0,0.180850613862276,0,0.254206448793411,0,0,0,0,0,0.250472903251648,0,0,0,0,0,0,0,0,0,0,0,0,0,0,0,0,0,0,0,0,0,0,0,0,0,0,0,0,0,0,0,0,0,0,0,0,0,0,0,0.23817004263401,0,0,0,0,0,0.275906593105865,0,0,0,0.26563480257988,0,0,0,0,0,0,0,0,0,0,0,0,0,0,0,0,0,0,0,0,0,0,0,0.211854010820389,0,0
0,0,0,0,0,0,0,0,0,0,0,0,0,0.191797796350259,0,0,0,0,0,0,0,0.356313185049937,0,0.370753169059753,0,0,0,0,0,0,0,0,0,0,0,0,0,0,0,0,0,0,0,0,0,0.270598404109478,0,0,0,0.369208354502916,0,0.23462070807626,0,0,0,0,0,0.29757543849182,0,0,0,0,0.292834711702246,0,0.398569673299789,0,0.389000746938917,0,0.394461143016815,0,0.357101488921071,0,0,0,0,0,0,0,0,0,0,0,0,0,0.300038738095242,0,0
0.212662324309349,0,0,0,0.257473543286324,0,0,0,0.205855429172516,0,0,0,0,0,0.20478131622076,0,0.186355477746795,0.176543340086937,0,0,0,0,0.174632057547569,0,0,0,0.202623081703981,0,0,0,0,0,0,0,0,0,0,0,0,0,0,0,0,0,0,0,0,0,0,0,0.247115895152092,0,0,0,0,0,0.258133585806246,0,0.26563480257988,0,0,0,0,0,0,0,0,0,0,0,0,0,0,0,0,0,0,0,0,0,0,0,0.195316097010737,0,0,0,0
0,0.194622189551592,0,0.212902067601681,0,0,0,0,0,0.201429117809642,0,0,0,0,0,0.180113409459591,0,0.170924952626228,0,0,0,0,0,0.165344143907229,0,0,0,0,0,0,0,0,0,0,0,0,0,0,0,0,0,0,0,0,0,0,0,0,0,0.175474248149178,0,0.20167395038836,0,0,0,0.177175630504886,0,0,0,0,0,0,0,0,0,0,0.164837474624316,0,0,0,0,0,0,0,0,0,0,0,0,0,0,0,0.185558359356637,0,0.17902957201004,0,0
0,0,0,0.282653886641635,0,0.232772696303995,0,0,0,0,0,0.278783792657639,0,0,0,0,0.315005704760551,0.325415501067805,0.331369940508803,0.258885586657729,0,0.34834960103035,0,0,0,0,0,0,0,0.324019881395193,0,0,0,0,0,0.245042325152077,0,0.321926025407655,0,0.295588381245114,0,0.331401182540105,0,0.329369152282796,0,0.279513625397439,0.297848199804624,0.315407045185566,0.2564737200737,0.310219479565935,0,0.237456152715334,0,0,0,0,0,0.333880671776212,0,0.292834711702246,0,0,0,0,0.360312278115231,0,0,0,0.272264540195465,0,0.35701694065689,0,0.361281560168732,0,0,0,0,0,0.311383512097074,0.35010027885437,0.373380533177745,0,0.235524527888785,0.322665095329285,0.335054512471107,0.306812817400152,0
0,0,0.254822881519794,0,0.244652866134568,0,0,0,0.248647898435593,0,0.296030834079928,0,0,0,0,0,0.303291221459707,0,0.322454080537513,0,0.252783891732154,0,0,0,0,0,0,0,0,0,0.410102099180222,0,0,0,0,0,0.270003582148448,0,0.2993173066775,0,0.284859053181402,0,0.345323702336498,0,0.359554479519526,0,0.298842867571229,0.320598754286766,0.306881938357742,0,0.275841665538875,0,0,0,0,0,0.359070093206987,0,0,0,0,0,0,0,0,0.366097420454025,0,0,0,0,0,0.423646166920662,0,0.398413195690944,0,0,0,0,0,0.309505600787506,0,0.298033182771461,0.210645702156809,0.232489335536957,0.326092652456042,0,0.338179510086775
0,0,0,0.324426352977753,0,0,0,0,0.170904278755188,0,0,0.360510683059692,0,0,0,0,0.142200959846377,0.136457384976207,0.275184735655785,0.356831699609756,0,0.219556476586983,0.11741304025054,0.229989510887267,0.189863666892052,0.1356537366304,0,0.171422164381286,0,0,0,0,0,0,0,0,0,0.244279724235336,0,0.327441918849945,0,0.341286522738728,0,0.418259412050247,0,0.357821895480156,0,0,0,0.30902072847695,0,0,0,0,0,0,0,0.395827310910592,0,0.398569673299789,0,0,0.360312278115231,0,0,0,0.211448789378743,0,0.285682004801235,0,0.380602731943301,0,0.331023616686154,0,0,0,0,0,0.335179582238197,0,0.322120639120762,0,0.176982662438051,0.172998580336571,0.348395027068197,0.360679924488068,0
0,0,0,0,0,0,0,0,0,0,0,0,0,0,0,0,0.145388334134563,0.266895640641451,0.259015649557114,0,0,0,0.208772115494155,0,0.129011997292119,0,0.117353659791824,0,0,0,0,0,0,0,0,0,0,0,0.217885966523219,0,0,0,0,0,0,0,0,0,0.326708468122743,0,0,0,0,0,0,0,0.416328070561091,0,0,0,0,0,0,0.366097420454025,0,0,0,0.200007126907284,0,0.286649255313963,0,0.399625710214525,0,0.403190852822484,0,0,0,0,0,0,0,0.311814227114612,0.132459861205684,0,0.425690030509775,0,0
0,0.303209890921911,0,0,0,0,0,0,0,0.220136559435299,0,0,0,0,0,0.199522595852613,0,0.197496647084201,0,0,0,0.175931583074006,0,0.180836421375778,0,0.161499146737304,0,0,0,0,0,0,0,0,0,0,0,0.32742727547884,0,0,0,0,0,0,0,0,0,0,0,0.278640857354842,0,0,0,0,0,0.297705527321965,0,0.389996930956841,0,0.389000746938917,0,0.164837474624316,0,0,0.211448789378743,0,0,0,0.205509399094492,0,0.366935027191062,0,0,0,0,0,0,0,0,0,0.314790645237166,0,0.159495241853387,0,0.406696263654732,0,0
0,0,0,0,0,0,0,0,0.248731276163688,0,0,0,0,0,0,0,0,0,0,0,0,0,0.21905735693872,0,0.175045291684112,0,0.175139966460825,0,0,0,0,0,0,0,0,0,0,0,0.258458519330272,0,0,0,0,0,0,0,0,0,0.220007901841944,0,0,0,0,0,0.241658803030669,0,0,0,0,0,0,0,0,0,0,0.200007126907284,0,0,0,0.251149758915691,0,0,0,0,0,0,0,0,0,0,0,0.225809411168098,0.132969874356474,0,0.265559001880534,0,0
0,0,0,0,0,0,0,0,0.18166521191597,0.203629851341248,0,0,0,0,0,0.202164620161057,0.162157493829727,0.161985183944521,0.270322099328041,0,0,0.245761214391045,0,0.224844081699848,0,0.162167900552352,0,0,0,0,0,0,0,0,0,0,0,0,0,0.323062241077423,0,0,0,0,0,0,0,0,0,0.186506720928891,0,0,0,0,0,0,0,0.407946245423679,0,0.394461143016815,0,0,0.272264540195465,0,0.285682004801235,0,0.205509399094492,0,0,0,0.343380501034561,0,0,0,0,0,0,0,0,0,0,0,0.173532838396954,0,0.178665436804295,0,0
0,0,0,0,0,0,0,0,0.183638527989388,0,0,0,0,0,0.156860843300819,0,0.164210246875882,0.157180560752749,0,0,0,0,0.278587435682615,0,0,0,0.132356998692641,0,0,0,0,0,0,0,0,0,0,0,0,0,0,0,0,0,0,0,0,0,0.303530658703101,0,0,0,0,0,0,0,0.419788383245468,0,0,0,0,0,0,0,0,0.286649255313963,0,0.251149758915691,0,0,0,0.367524667057449,0,0.423964490493139,0,0,0,0,0,0,0,0,0.182420321382009,0,0.428053617477417,0,0
0,0,0,0.317867454886436,0,0.335476487874985,0,0,0,0,0,0.34820475855044,0,0.191404481232166,0,0,0,0.324685022234917,0.330571299249476,0.358501471579075,0,0.315932265775544,0,0.315662175416946,0,0.175757214426994,0,0.218956101348016,0,0,0,0,0,0,0,0.35218557715416,0,0.212052094936371,0,0.323680621385574,0,0.344591460891606,0,0.413019480804602,0,0.361709582325596,0.307422816753387,0.333464592695236,0.329031050205231,0.320282622291928,0,0,0,0,0,0,0,0.382162992363302,0,0.357101488921071,0,0,0.35701694065689,0,0.380602731943301,0,0.366935027191062,0,0.343380501034561,0,0,0,0.33610686371167,0,0,0,0,0,0.336069906751315,0,0.257552169223942,0,0.32084031701088,0,0.352676985778875,0.369703990717729,0
0,0,0,0,0,0,0,0,0,0,0,0,0,0,0,0,0,0,0,0,0,0,0.232788202854303,0,0,0,0,0,0.232705752852165,0,0,0,0,0,0,0,0,0,0.220135127918588,0,0.344863772392273,0,0.350408643484116,0,0,0,0.356321215629578,0,0.344345678486032,0,0,0,0,0,0,0,0.452811315423866,0,0,0,0,0,0,0.423646166920662,0,0.399625710214525,0,0,0,0.367524667057449,0,0,0,0.399242497164163,0,0,0,0,0,0,0,0.301326254170812,0.147494331002235,0,0.454616288787552,0,0
0,0,0,0.324272608924135,0,0,0,0,0,0,0,0.268039305514269,0,0,0,0,0.32382333278656,0.334557690223058,0.355433734538762,0.329934737937791,0,0,0,0,0,0,0,0.194444702603878,0,0.213661811586159,0,0,0,0,0,0.354137162367503,0,0.211944693013241,0,0.328657823981661,0,0.339542914302962,0,0.459935281011793,0,0.371137806707225,0.336248993873596,0.35408682624499,0.338530272245407,0.326433160226711,0,0,0,0,0,0,0,0.317263250081957,0,0,0,0,0.361281560168732,0,0.331023616686154,0,0,0,0,0,0.33610686371167,0,0,0,0,0,0,0,0.349910108280964,0.334422538677851,0.356817365599892,0,0.323192750414213,0,0.358750273155261,0.384964338298571,0
0,0,0.333728458732367,0,0.307864801337322,0,0,0,0.353181034326553,0,0.414539455473423,0,0,0,0,0,0.339021931091944,0.312718838453293,0.344551011919975,0,0.412420353671508,0,0.395088329911232,0,0,0,0,0,0.249769424439454,0,0.244515632608123,0,0,0,0,0,0.348596086104711,0,0.188362969883851,0,0.279738691505752,0,0.342187550193046,0,0.459612080273596,0,0.393437114417764,0.338509269382643,0.305590456124486,0.317786455154419,0,0,0,0,0,0,0.446304756734106,0,0,0,0,0,0,0.398413195690944,0,0.403190852822484,0,0,0,0.423964490493139,0,0.399242497164163,0,0,0,0,0,0,0.330615639686584,0.313387427317993,0.309384286403656,0.32326856033017,0.325494867508058,0,0.387221504681933,0,0.367785873035791
0,0,0,0,0,0,0,0,0,0,0,0,0,0,0,0,0,0,0,0,0,0,0,0,0,0,0,0,0,0,0,0.382909179082333,0.379220874850847,0.287418169634683,0,0.287998594545029,0,0,0,0,0,0,0,0,0,0,0,0.465907374420498,0,0,0,0,0,0,0,0,0,0,0,0,0,0,0,0,0,0,0,0,0,0,0,0,0,0,0,0.457920324855189,0.31718070316353,0,0.355166354210638,0,0,0,0.346662388518453,0,0,0,0
