0,0,0,0,0,0,0,0,0.113654009462334,0,0,0,0,0,0,0,0,0,0.26833107139347,0,0,0,0,0,0,0,0,0,0,0,0,0,0,0,0,0,0,0,0,0,0,0,0.183174671605229,0,0.231984888513883,0,0,0,0.192558244243264,0,0,0,0,0,0.126428935301396,0,0,0,0,0,0.111547872722896,0,0,0,0,0,0,0,0,0,0,0,0,0,0,0,0,0,0,0,0,0,0.189831653142145,0.22671812180091,0.270675761930894,0,0
0,0,0,0.153571113944054,0,0,0,0,0,0.127987882437419,0,0,0,0,0,0.216414323762843,0,0,0,0,0,0,0,0,0,0,0,0,0,0,0,0,0,0,0,0,0,0,0,0,0,0,0,0,0,0,0,0,0,0.220869512522015,0,0,0,0,0,0.136207580472996,0,0.232001677155495,0,0.211251960860358,0,0.183681216338568,0,0,0,0,0,0,0,0,0,0,0,0,0,0,0,0,0,0,0,0,0.116786393401218,0,0.157178865512833,0,0
0,0,0,0,0.157764658031848,0,0,0,0,0,0,0,0,0,0,0,0,0,0.201041787862778,0,0,0,0,0,0,0,0,0,0,0,0,0,0,0,0,0,0,0,0,0,0,0,0.223671806710107,0,0.230776484523501,0,0.192645519971848,0,0,0,0,0,0,0,0,0,0,0,0,0,0,0,0,0,0,0,0,0,0,0,0,0,0,0,0,0,0,0,0,0,0,0,0.314930351391455,0.24406449397405,0.249233275305393,0,0
0,0.153571113944054,0,0,0,0.14457132402665,0,0,0,0,0,0.131753452122211,0,0,0,0,0,0,0,0.169149918327275,0,0,0,0,0,0,0,0,0,0,0,0,0,0,0,0,0,0,0,0,0,0.154628795691026,0,0,0,0,0,0,0,0.232499107718468,0,0,0,0,0,0,0,0,0,0,0,0,0,0,0,0,0,0,0,0,0,0,0,0,0,0,0,0,0,0,0,0,0.160852762349581,0,0.210343802924312,0,0
0,0,0.157764658031848,0,0,0,0.0992189347743988,0,0.120645109564066,0,0,0,0,0,0,0,0,0,0,0,0.11863312125206,0,0,0,0,0,0,0,0,0,0,0,0,0,0,0,0,0,0,0,0,0,0,0,0,0,0,0,0,0,0,0,0,0,0,0,0,0,0,0,0,0,0,0,0,0,0,0,0,0,0,0,0,0,0,0,0,0,0,0,0,0,0.163904298071025,0,0.161654460956069,0,0
0,0,0,0.14457132402665,0,0,0,0.178839307101,0,0,0,0,0,0,0,0,0,0,0,0.145494440636214,0,0,0,0,0,0,0,0,0,0,0,0,0,0,0,0.182621906583126,0,0,0,0,0,0,0,0,0,0,0,0,0,0,0,0.142016217648313,0,0.135929074693233,0,0,0,0.140975704416633,0,0.139098988958832,0,0.129114461131394,0.179795488715172,0,0,0,0,0,0,0,0,0,0,0,0,0,0,0,0.158038514852524,0,0,0,0.159178469523613,0.161968562262974,0.162932984406749,0,0
0,0,0,0,0.0992189347743988,0,0,0,0,0,0,0,0,0,0,0,0,0,0,0,0.118990915436899,0,0,0,0,0,0,0,0,0,0,0,0,0,0,0,0,0,0,0,0,0,0,0,0,0,0,0,0,0,0,0,0.177284408909031,0,0,0,0.152677848935127,0,0.137972964594762,0,0,0,0,0,0,0,0,0,0,0,0,0,0,0,0,0,0,0,0,0,0,0,0.151862565824326,0.17511972039938,0,0,0
0,0,0,0,0,0.178839307101,0,0,0,0,0,0.15669035166502,0,0.170566745102406,0,0,0,0,0,0.156006755777027,0,0,0,0,0,0,0,0,0,0,0,0,0,0,0,0,0,0,0,0,0,0,0,0,0,0,0,0,0,0,0,0.170148617691464,0,0.145971554021041,0,0,0,0.141352728009224,0,0.147781297564507,0,0,0,0,0,0,0,0,0,0,0,0,0,0,0,0,0,0,0,0,0,0,0.167829204457739,0.198608077552221,0,0,0
0.113654009462334,0,0,0,0.120645109564066,0,0,0,0,0,0,0,0,0,0.161456045690582,0,0.156127163444657,0,0,0,0,0,0,0,0.177544484535853,0,0.147207541125161,0,0,0,0,0,0,0,0,0,0,0,0.206043755466288,0,0,0,0.164711602032185,0,0,0,0,0,0,0,0,0,0,0,0.199351712331321,0,0,0,0,0,0.163893920155198,0,0,0,0,0,0,0.219054598248366,0,0.157207056879997,0,0,0,0,0,0,0,0,0,0,0,0.215188089146543,0.151016925853819,0.181625764085868,0.172839901099602,0,0.144752323627472
0,0.127987882437419,0,0,0,0,0,0,0,0,0,0,0,0,0,0.176202822437878,0,0.146180874820114,0.179221218123155,0,0,0,0,0.206013679504395,0,0.150302342834641,0,0,0,0,0,0,0,0,0,0,0,0.200692869722843,0,0,0,0,0,0,0,0,0,0,0,0,0,0,0,0,0,0.192818586219473,0,0,0,0,0,0.158198638941453,0,0,0,0,0,0,0.159135584664695,0,0,0,0,0,0,0,0,0,0,0,0.170490333554791,0,0.159379993162438,0.144003817334247,0.127305070310831,0,0
0,0,0,0,0,0,0,0,0,0,0,0,0,0,0,0,0,0,0,0,0.103176287385855,0,0,0,0,0,0,0,0,0,0,0,0,0,0,0,0,0,0,0,0,0,0,0,0,0,0,0,0,0,0,0,0,0,0,0,0.0925279911379956,0,0,0,0,0,0,0.106405384105737,0,0,0,0,0,0,0,0,0,0,0,0,0,0,0,0,0,0,0,0,0,0,0
0,0,0,0.131753452122211,0,0,0,0.15669035166502,0,0,0,0,0,0.173217738419771,0,0,0,0,0,0.165408085315835,0,0,0,0,0,0,0,0.17727904810625,0,0,0,0,0,0,0,0.143551621163629,0,0.160075029078171,0,0,0,0,0,0,0,0,0,0,0,0,0,0,0,0,0,0,0,0.169245387137678,0,0.221205582395196,0,0,0.133374211688836,0,0,0,0,0,0,0,0.20677535443805,0,0.151869624853134,0,0,0,0,0,0.141317866742611,0,0.161723748925217,0,0.155220106223951,0.18353296816349,0,0,0
0,0,0,0,0,0,0,0,0,0,0,0,0,0,0,0,0,0,0,0,0,0,0,0,0,0,0,0,0.188459955155849,0,0,0,0,0,0,0,0,0,0,0,0,0,0,0,0,0,0,0,0,0,0,0,0,0,0,0,0,0,0.134423463063878,0,0,0,0,0,0,0,0,0,0,0,0,0.179939204123285,0,0,0,0,0,0,0,0,0,0,0.19201066565881,0.185184450639832,0,0,0
0,0,0,0,0,0,0,0.170566745102406,0,0,0,0.173217738419771,0,0,0,0.186268728403818,0,0.171425193548203,0,0,0,0,0,0,0,0,0,0,0,0,0,0,0,0,0,0,0,0,0,0,0,0,0,0,0,0,0,0,0,0,0,0,0,0,0,0,0,0.153167945235523,0,0.18239604562278,0,0.18799292032675,0,0,0,0,0,0,0,0,0.168163345650185,0,0,0,0,0,0,0,0,0,0,0,0.167627546231021,0.197624033120409,0,0,0
0,0,0,0,0,0,0,0,0.161456045690582,0,0,0,0,0,0,0,0.156767745570439,0,0,0,0,0,0,0,0.180596200749278,0,0.163536618862833,0,0,0,0,0,0,0,0,0,0,0,0,0,0,0,0,0,0,0,0,0,0,0,0,0,0,0,0,0,0,0,0,0,0.15182519989908,0,0,0,0,0,0,0,0,0,0,0,0,0,0,0,0,0,0,0,0,0,0.149209780006632,0.143193454297595,0,0,0
0,0.216414323762843,0,0,0,0,0,0,0,0.176202822437878,0,0,0,0.186268728403818,0,0,0,0.167195245623589,0,0,0,0,0,0,0,0.145563768113361,0,0,0,0,0,0,0,0,0,0,0,0,0,0,0,0,0,0,0,0,0,0,0,0.185903429985046,0,0,0,0,0,0.183589899769196,0,0,0,0.175811130180955,0,0.178512361719026,0,0,0,0,0,0,0.149296304758857,0,0.225188001990318,0,0,0,0,0,0,0,0,0,0,0,0.16709585044244,0.219653584715293,0,0,0
0,0,0,0,0,0,0,0,0.156127163444657,0,0,0,0,0,0.156767745570439,0,0,0.135114924501261,0.205802997097843,0,0,0.139963221938714,0.151209674623764,0,0.161903426191188,0,0.139592790355285,0,0,0,0,0,0,0,0,0,0,0,0,0,0,0,0.145405811568101,0,0,0,0,0,0,0,0,0,0,0,0,0,0,0,0,0,0,0,0,0,0,0.15851493909855,0,0,0,0.1629403690929,0,0,0,0,0,0,0,0,0,0,0,0,0.161121296075247,0.171752420225797,0.203088238835335,0,0
0,0,0,0,0,0,0,0,0,0.146180874820114,0,0,0,0.171425193548203,0,0.167195245623589,0.135114924501261,0,0.21739728464926,0,0,0.163868653331782,0.152050826536573,0.15305182006624,0.125904570745174,0.191966143270202,0,0.146014153957367,0,0,0,0,0,0,0,0,0,0,0,0,0,0.229878796204444,0,0,0,0,0,0,0,0,0,0,0,0,0,0.178544737398624,0,0,0,0,0,0.143746634324392,0,0,0.150854901224375,0.171887204051018,0.152624770998955,0,0.185855678198012,0,0,0,0,0,0,0,0,0,0,0,0,0,0.150387883104888,0.186747797725014,0.247857798423086,0.26782064139843,0
0.26833107139347,0,0.201041787862778,0,0,0,0,0,0,0.179221218123155,0,0,0,0,0,0,0.205802997097843,0.21739728464926,0,0,0,0,0,0,0,0,0,0,0,0,0,0,0,0,0,0,0,0,0,0.289097198140873,0,0.227496410718279,0.172924553807211,0.251701855554413,0.183727395968347,0.258392740217122,0,0,0,0,0,0,0,0,0,0,0,0,0,0,0,0,0,0,0,0,0,0,0,0,0,0,0,0,0,0,0,0,0.287857919931412,0,0,0,0.194064319567357,0.199388023895713,0.215601762824316,0.222841650620103,0.158049297805121
0,0,0,0.169149918327275,0,0.145494440636214,0,0.156006755777027,0,0,0,0.165408085315835,0,0,0,0,0,0,0,0,0,0,0,0,0,0,0,0,0,0,0,0,0,0,0,0.161280310695822,0,0,0,0,0,0,0,0,0,0.140675668205534,0,0,0,0,0,0,0,0,0,0,0,0.17252433548371,0,0,0,0,0.172767794931597,0,0,0,0,0,0,0,0,0,0.153217123945554,0,0,0,0,0,0.185471345195689,0,0,0,0.156659440467246,0,0.17193283268818,0,0
0,0,0,0,0.11863312125206,0,0.118990915436899,0,0,0,0.103176287385855,0,0,0,0,0,0,0,0,0,0,0,0,0,0,0,0,0,0,0,0,0,0,0,0,0,0.157634684797561,0,0,0,0,0,0,0,0,0,0,0,0,0,0,0,0,0,0,0,0.134133808508952,0,0,0,0,0,0,0.105376333255192,0,0,0,0,0,0,0,0,0,0,0,0,0,0,0,0.183018250390887,0,0,0.143424020885532,0,0,0,0
0,0,0,0,0,0,0,0,0,0,0,0,0,0,0,0,0.139963221938714,0.163868653331782,0,0,0,0,0.150780587395032,0.150406887391945,0,0.169870104520552,0,0.187506550977092,0,0,0,0,0,0,0,0,0,0.14353579311054,0,0,0,0,0,0,0,0,0,0,0,0.320596381470009,0,0,0,0,0,0,0,0,0,0,0,0,0,0,0.158705738547596,0.167300333344453,0.111270763973395,0,0.311162551641464,0,0.228213708708758,0,0,0,0,0,0,0,0,0,0.153867369599931,0,0.14382728240158,0.153726871728021,0,0,0
0,0,0,0,0,0,0,0,0,0,0,0,0,0,0,0,0.151209674623764,0.152050826536573,0,0,0,0.150780587395032,0,0,0.151577865858099,0,0,0,0.153467443073168,0,0,0,0,0,0,0,0,0,0.143914682025972,0,0,0,0,0,0,0,0,0,0.333903223276138,0,0,0,0,0,0,0,0,0,0,0,0,0,0,0,0,0.141583900950797,0,0.135922045636494,0,0,0,0.177371241152287,0,0,0,0,0,0,0,0,0,0.173114624601979,0.132662753450898,0.188308177566206,0,0,0
0,0,0,0,0,0,0,0,0,0.206013679504395,0,0,0,0,0,0,0,0.15305182006624,0,0,0,0.150406887391945,0,0,0,0.137453471155216,0,0,0,0,0,0,0,0,0,0,0,0.125191012754085,0,0,0,0,0,0,0,0,0,0,0,0.357803012643542,0,0,0,0,0,0,0,0,0,0,0,0,0,0,0.145877160192629,0,0.14988574729516,0,0.167724935584758,0,0.333834927706491,0,0,0,0,0,0,0,0,0,0.126531919154028,0,0.140926826533607,0.195056090364233,0,0,0
0,0,0,0,0,0,0,0,0.177544484535853,0,0,0,0,0,0.180596200749278,0,0.161903426191188,0.125904570745174,0,0,0,0,0.151577865858099,0,0,0,0.142749063670635,0,0,0,0,0,0,0,0,0,0,0,0.143521148635417,0,0,0,0,0,0,0,0,0,0,0,0,0,0,0,0,0,0,0,0,0,0.169385362281041,0,0,0,0,0.180595330845297,0,0.147697706423376,0,0.174693684295687,0,0,0,0,0,0,0,0,0,0,0,0.168771608560174,0.157945864252235,0.181923553347588,0,0,0
0,0,0,0,0,0,0,0,0,0.150302342834641,0,0,0,0,0,0.145563768113361,0,0.191966143270202,0,0,0,0.169870104520552,0,0.137453471155216,0,0,0,0,0,0,0,0,0,0,0,0,0,0,0,0,0,0,0,0,0,0,0,0,0,0.36247581243515,0,0,0,0,0,0.149423114489764,0,0,0,0,0,0.140947983241998,0,0,0,0,0.156748384237289,0,0.157755879767551,0,0.32969350345207,0,0,0,0,0,0,0,0,0,0,0,0.155683102652826,0.132276698946953,0,0,0
0,0,0,0,0,0,0,0,0.147207541125161,0,0,0,0,0,0.163536618862833,0,0.139592790355285,0,0,0,0,0,0,0,0.142749063670635,0,0,0,0,0,0,0,0,0,0,0,0,0,0,0,0,0,0,0,0,0,0,0,0,0,0,0,0,0,0,0,0,0,0.199901924891905,0,0.169567861612521,0,0,0,0,0,0,0.143056230885642,0,0.161708737583945,0,0,0,0,0,0,0,0,0,0,0,0,0.145660141596989,0,0,0,0
0,0,0,0,0,0,0,0,0,0,0,0.17727904810625,0,0,0,0,0,0.146014153957367,0,0,0,0.187506550977092,0,0,0,0,0,0,0,0.167786433956677,0,0,0,0,0,0,0,0.183982690175374,0,0,0,0,0,0,0,0,0,0,0,0,0,0,0,0,0,0,0,0.207357069477439,0,0,0,0,0,0,0.159178244034675,0,0,0,0,0,0.161419442966039,0,0.172509611839742,0,0,0,0,0,0,0,0,0,0.155901646241546,0.197734072217791,0,0,0
0,0,0,0,0,0,0,0,0,0,0,0,0.188459955155849,0,0,0,0,0,0,0,0,0,0.153467443073168,0,0,0,0,0,0,0,0,0,0,0,0,0,0,0,0.0794316232204437,0,0,0,0,0,0,0,0,0,0,0,0,0,0,0,0,0,0,0,0,0,0,0,0,0,0,0.171000229735528,0,0,0,0,0,0.150729256272316,0,0,0,0,0,0,0,0,0,0,0.107820390704425,0.194451580522582,0,0,0
0,0,0,0,0,0,0,0,0,0,0,0,0,0,0,0,0,0,0,0,0,0,0,0,0,0,0,0.167786433956677,0,0,0,0,0,0,0,0,0,0.178367172984777,0,0,0,0,0,0,0,0,0,0,0,0,0,0,0,0,0,0,0,0,0,0,0,0,0,0,0,0,0,0,0,0,0.192541796734879,0,0.167293002828956,0,0,0,0,0,0,0,0.183342420356205,0,0.152968531847,0,0,0,0
0,0,0,0,0,0,0,0,0,0,0,0,0,0,0,0,0,0,0,0,0,0,0,0,0,0,0,0,0,0,0,0,0,0,0,0,0,0,0,0,0,0,0,0,0,0,0,0,0,0,0,0,0,0,0,0,0,0,0,0,0,0,0,0,0,0,0,0,0,0,0,0,0,0,0,0,0,0,0,0,0,0,0,0,0,0,0
0,0,0,0,0,0,0,0,0,0,0,0,0,0,0,0,0,0,0,0,0,0,0,0,0,0,0,0,0,0,0,0,0.179062092175277,0.251642750503189,0.1992810614731,0.18521866586405,0.268257093429565,0,0,0,0,0,0,0,0,0,0,0.265133707012177,0.322456519973965,0.371570674619618,0,0,0,0,0,0,0,0,0,0,0,0,0,0,0,0,0,0,0,0,0,0,0,0,0.2741432236863,0.222073586923735,0.302736228177961,0.206510535875956,0,0.248114919556039,0,0.214226961135864,0.158978996378279,0.179433704415957,0,0,0
0,0,0,0,0,0,0,0,0,0,0,0,0,0,0,0,0,0,0,0,0,0,0,0,0,0,0,0,0,0,0,0.179062092175277,0,0.202479215959708,0,0.201141708530486,0.221125463813038,0,0,0,0,0,0,0,0,0,0,0.199960534552149,0,0.243062809109688,0,0,0,0,0,0,0,0,0,0,0,0,0,0,0,0,0,0,0,0,0,0,0,0,0,0.139225395867908,0.31422233581543,0,0,0.213739032483646,0,0.250352136790752,0.144218159686117,0.243674885481596,0,0,0
0,0,0,0,0,0,0,0,0,0,0,0,0,0,0,0,0,0,0,0,0,0,0,0,0,0,0,0,0,0,0,0.251642750503189,0.202479215959708,0,0.186875261844845,0.189586245096647,0,0.237927030854755,0.331920550628142,0,0,0,0,0,0,0,0,0.298862233331905,0.311828601969914,0,0,0,0,0,0,0,0,0,0,0,0,0,0,0,0,0,0,0,0,0,0,0,0,0,0.281567437849084,0.221057996153831,0.252257824287006,0.185020299685513,0,0,0.25047877624079,0.262477825561615,0.328990121509833,0,0.469501137733459,0,0
0,0,0,0,0,0,0,0,0,0,0,0,0,0,0,0,0,0,0,0,0,0,0,0,0,0,0,0,0,0,0,0.1992810614731,0,0.186875261844845,0,0,0.135651324601734,0.254712200164795,0.166450375365832,0,0,0,0,0,0,0,0,0.237791050034456,0,0,0,0,0,0,0,0,0,0,0,0,0,0,0,0,0,0,0,0,0,0,0,0,0,0,0,0,0.215283080935478,0.162678033949059,0,0.161165078835828,0.293014212088151,0.165104198970912,0.202235794570073,0,0,0,0
0,0,0,0,0,0.182621906583126,0,0,0,0,0,0.143551621163629,0,0,0,0,0,0,0,0.161280310695822,0,0,0,0,0,0,0,0,0,0,0,0.18521866586405,0.201141708530486,0.189586245096647,0,0,0.220767574338656,0.162665746870794,0,0.148577330068001,0,0.221687996983528,0,0,0,0.165813417538353,0,0.418950728289,0.149868801236153,0.166260658078036,0,0,0,0,0,0,0,0.153775864969129,0,0,0,0,0.190664459972278,0,0,0,0,0,0,0,0,0,0,0,0.148762082060178,0,0.156499747186899,0,0.171408214039496,0.320485803517403,0,0,0.190339494772299,0.236524715456687,0.171276407216287,0,0
0,0,0,0,0,0,0,0,0,0,0,0,0,0,0,0,0,0,0,0,0.157634684797561,0,0,0,0,0,0,0,0,0,0,0.268257093429565,0.221125463813038,0,0.135651324601734,0.220767574338656,0,0,0.120837567737822,0,0.171555280685425,0,0.15179122487704,0,0,0,0,0.561791308146103,0.16796287894249,0,0,0,0,0,0,0,0,0,0,0,0,0,0,0.10041537694633,0,0,0,0,0,0,0,0,0,0,0,0.170556962490082,0,0,0.206234698971877,0.218469817203651,0,0.120252813475254,0.157548384158205,0.184135687456165,0.194952719209427,0,0
0,0,0,0,0,0,0,0,0,0.200692869722843,0,0.160075029078171,0,0,0,0,0,0,0,0,0,0.14353579311054,0,0.125191012754085,0,0,0,0.183982690175374,0,0.178367172984777,0,0,0,0.237927030854755,0.254712200164795,0.162665746870794,0,0,0.335356859117746,0,0,0,0,0,0,0,0,0.433577106167863,0.475204187631607,0.169535383582115,0,0,0,0,0,0.206958755850792,0,0.157723980454298,0,0,0,0,0,0,0.20739301274283,0,0.145545474357075,0,0,0,0.188861630111933,0,0.17219159731143,0,0,0,0.214545510295365,0,0.15054687425912,0,0.171437684013038,0.229114693510963,0.285167650874655,0.371251160899798,0.187223042462553,0,0
0,0,0,0,0,0,0,0,0.206043755466288,0,0,0,0,0,0,0,0,0,0,0,0,0,0.143914682025972,0,0.143521148635417,0,0,0,0.0794316232204437,0,0,0,0,0.331920550628142,0.166450375365832,0,0.120837567737822,0.335356859117746,0,0,0,0,0,0,0,0,0,0.434117441996932,0.297995190063027,0,0,0,0,0,0.227275893092155,0,0,0,0,0,0,0,0,0,0,0.269841701030731,0,0.165535437933942,0,0,0,0,0,0,0,0,0.296254053711891,0.187127321958542,0,0.151244013625033,0.375524950136832,0.215926639014431,0.207262178279152,0.136284441040839,0.212585986126214,0,0
0,0,0,0,0,0,0,0,0,0,0,0,0,0,0,0,0,0,0.289097198140873,0,0,0,0,0,0,0,0,0,0,0,0,0,0,0,0,0.148577330068001,0,0,0,0,0,0.265759950596432,0.250550231537634,0.330043655874092,0,0.227379481863255,0,0.173193656026371,0.192006832857927,0.153053606121766,0,0,0,0,0,0,0,0,0,0,0,0,0.437792599201202,0,0,0,0,0,0,0,0,0,0,0,0,0,0,0,0.167913633282336,0,0.228413665006238,0,0.255803950274351,0.218891367316246,0.256121433346647,0.373965486884117,0
0,0,0,0,0,0,0,0,0,0,0,0,0,0,0,0,0,0,0,0,0,0,0,0,0,0,0,0,0,0,0,0,0,0,0,0,0.171555280685425,0,0,0,0,0,0.218306382038922,0,0.332285705819187,0,0.159557783687522,0.221300800500268,0.181254825552759,0.270797878503799,0,0,0,0,0,0,0,0,0,0,0,0,0,0.236252382397652,0,0,0,0,0,0,0,0,0,0,0,0,0,0,0,0.212577100748937,0,0,0.211784427849258,0,0.233943035263937,0,0.272299046962316
0,0,0,0.154628795691026,0,0,0,0,0,0,0,0,0,0,0,0,0,0.229878796204444,0.227496410718279,0,0,0,0,0,0,0,0,0,0,0,0,0,0,0,0,0.221687996983528,0,0,0,0.265759950596432,0,0,0.184583872308334,0.364375090620814,0,0.282778046062203,0,0.238679654896259,0.277528840709816,0.243617887485477,0,0,0,0,0,0,0,0,0,0,0,0,0.361393928527832,0,0,0,0,0,0,0,0,0,0,0,0,0,0,0,0.371178238167085,0,0.404694075647153,0,0.257483025138177,0.245457887649536,0.326150795794405,0.377985447555213,0
0.183174671605229,0,0.223671806710107,0,0,0,0,0,0.164711602032185,0,0,0,0,0,0,0,0.145405811568101,0,0.172924553807211,0,0,0,0,0,0,0,0,0,0,0,0,0,0,0,0,0,0.15179122487704,0,0,0.250550231537634,0.218306382038922,0.184583872308334,0,0.19873510879799,0.18100256476517,0.215801564083524,0.20328526739678,0.294583236974365,0.200834333655313,0.17130496352911,0,0,0,0,0,0,0.301436126232147,0,0,0,0,0,0,0.228256280384293,0,0,0,0,0,0,0,0,0,0.171080986658732,0,0,0,0,0.230919480323792,0.142834566533566,0,0.147419160803159,0.22833992031109,0.179237351861111,0.226334898958481,0,0.220152262588342
0,0,0,0,0,0,0,0,0,0,0,0,0,0,0,0,0,0,0.251701855554413,0,0,0,0,0,0,0,0,0,0,0,0,0,0,0,0,0,0,0,0,0.330043655874092,0,0.364375090620814,0.19873510879799,0,0,0.272640786212749,0,0,0,0.265328526496887,0,0,0,0,0,0,0,0,0,0,0,0,0,0,0,0,0,0,0,0,0,0,0,0,0,0,0,0,0.454481484258876,0,0.478692412376404,0,0.198770046610554,0.219005445347113,0.290805942734609,0.445846992460164,0
0.231984888513883,0,0.230776484523501,0,0,0,0,0,0,0,0,0,0,0,0,0,0,0,0.183727395968347,0,0,0,0,0,0,0,0,0,0,0,0,0,0,0,0,0,0,0,0,0,0.332285705819187,0,0.18100256476517,0,0,0,0.343415046765887,0,0.252925455570221,0,0,0,0,0,0,0,0,0,0,0,0,0,0,0.349093125512203,0,0,0,0,0,0,0,0,0,0,0,0,0,0,0,0,0,0,0.192728614052203,0.216780780681542,0.223008183875182,0,0.209172690223003
0,0,0,0,0,0,0,0,0,0,0,0,0,0,0,0,0,0,0.258392740217122,0.140675668205534,0,0,0,0,0,0,0,0,0,0,0,0,0,0,0,0.165813417538353,0,0,0,0.227379481863255,0,0.282778046062203,0.215801564083524,0.272640786212749,0,0,0,0,0,0.206127040088177,0,0,0,0,0,0,0,0,0,0,0,0,0.19612644414107,0,0,0,0,0,0,0,0,0,0,0,0,0,0,0,0.172290124871709,0,0.378955602645874,0,0.227321232358615,0.228479027748108,0.226242075037015,0,0
0,0,0.192645519971848,0,0,0,0,0,0,0,0,0,0,0,0,0,0,0,0,0,0,0,0,0,0,0,0,0,0,0,0,0,0,0,0,0,0,0,0,0,0.159557783687522,0,0.20328526739678,0,0.343415046765887,0,0,0.201807092875242,0.20006273024612,0,0,0,0,0,0,0,0,0,0,0,0,0,0,0.240276269674472,0,0,0,0,0,0,0,0,0,0,0,0,0,0,0,0.186657256641231,0,0,0.204800702694883,0,0.197168208194987,0,0.286186617612839
0,0,0,0,0,0,0,0,0,0,0,0,0,0,0,0,0,0,0,0,0,0,0,0,0,0,0,0,0,0,0,0.265133707012177,0.199960534552149,0.298862233331905,0.237791050034456,0.418950728289,0.561791308146103,0.433577106167863,0.434117441996932,0.173193656026371,0.221300800500268,0.238679654896259,0.294583236974365,0,0,0,0.201807092875242,0,0.318973895282309,0.276134113565281,0,0,0,0,0,0,0,0,0,0,0,0,0,0,0,0,0,0,0,0,0,0,0,0,0.243246567971779,0.243182017584331,0.314208753936664,0.316451572544045,0.212996892631054,0.389295703893406,0.430401428501649,0.429139322038211,0.328941718074486,0.448841267824173,0.287633316309607,0,0
0.192558244243264,0,0,0,0,0,0,0,0,0,0,0,0,0,0,0,0,0,0,0,0,0,0.333903223276138,0,0,0,0,0,0,0,0,0.322456519973965,0,0.311828601969914,0,0.149868801236153,0.16796287894249,0.475204187631607,0.297995190063027,0.192006832857927,0.181254825552759,0.277528840709816,0.200834333655313,0,0.252925455570221,0,0.20006273024612,0.318973895282309,0,0.269778847327975,0,0,0,0,0,0,0.192694614330928,0,0.193760171532631,0,0.120394903362966,0,0,0.1862826527475,0,0.26848004433051,0,0.168256834149361,0,0.190421181961451,0,0.204331757560853,0,0.156107172369957,0.240903942535321,0.278846329450607,0.324995582302411,0.241692617535591,0.199671130627394,0.298846478149483,0.407625138759613,0.264340045715728,0.305714304240707,0.168321117758751,0.233021349434804,0,0.265651422739029
0,0.220869512522015,0,0.232499107718468,0,0,0,0,0,0,0,0,0,0,0,0.185903429985046,0,0,0,0,0,0.320596381470009,0,0.357803012643542,0,0.36247581243515,0,0,0,0,0,0.371570674619618,0.243062809109688,0,0,0.166260658078036,0,0.169535383582115,0,0.153053606121766,0.270797878503799,0.243617887485477,0.17130496352911,0.265328526496887,0,0.206127040088177,0,0.276134113565281,0.269778847327975,0,0,0,0,0,0,0.156730918721719,0,0.302425903933389,0,0.215500260676656,0,0.214319077938531,0,0,0.318651093302742,0,0.359076690673828,0,0.344268775648541,0,0.307617917656898,0,0.317347328156926,0,0,0,0.299560308456421,0,0.193867073868556,0.171817570924759,0.167050529271364,0,0.263335266818708,0,0.216742631353844,0,0
0,0,0,0,0,0,0,0,0,0,0,0,0,0,0,0,0,0,0,0,0,0,0,0,0,0,0,0,0,0,0,0,0,0,0,0,0,0,0,0,0,0,0,0,0,0,0,0,0,0,0,0,0,0,0,0,0,0,0,0,0,0,0,0,0,0,0,0,0,0,0,0,0,0,0,0,0,0,0,0,0,0,0,0,0,0,0
0,0,0,0,0,0.142016217648313,0,0.170148617691464,0,0,0,0,0,0,0,0,0,0,0,0,0,0,0,0,0,0,0,0,0,0,0,0,0,0,0,0,0,0,0,0,0,0,0,0,0,0,0,0,0,0,0,0,0,0.139923720418111,0,0,0,0.163449050089906,0,0.135470266258994,0,0,0,0,0,0,0,0,0,0,0,0,0,0,0,0,0,0,0,0,0,0,0.149826770720556,0.144593200564963,0,0,0
0,0,0,0,0,0,0.177284408909031,0,0,0,0,0,0,0,0,0,0,0,0,0,0,0,0,0,0,0,0,0,0,0,0,0,0,0,0,0,0,0,0,0,0,0,0,0,0,0,0,0,0,0,0,0,0,0,0,0,0.151563853025436,0,0.123253485187888,0,0,0,0,0,0,0,0,0,0,0,0,0,0,0,0,0,0,0,0,0,0,0,0.153379702009261,0.14742386341095,0,0,0
0,0,0,0,0,0.135929074693233,0,0.145971554021041,0,0,0,0,0,0,0,0,0,0,0,0,0,0,0,0,0,0,0,0,0,0,0,0,0,0,0,0,0,0,0,0,0,0,0,0,0,0,0,0,0,0,0,0.139923720418111,0,0,0,0,0,0.171183181305726,0,0,0,0,0,0,0,0,0,0,0,0,0,0,0,0,0,0,0,0,0,0,0,0,0.155583719412486,0,0,0,0
0.126428935301396,0,0,0,0,0,0,0,0.199351712331321,0,0,0,0,0,0,0,0,0,0,0,0,0,0,0,0,0,0,0,0,0,0,0,0,0,0,0,0,0,0.227275893092155,0,0,0,0,0,0,0,0,0,0,0,0,0,0,0,0,0,0,0,0,0,0,0,0,0,0,0,0,0.228970453927391,0,0,0,0,0,0,0,0,0,0,0,0,0,0.23603898680435,0.198176163582154,0,0,0,0
0,0.136207580472996,0,0,0,0,0,0,0,0.192818586219473,0,0,0,0,0,0.183589899769196,0,0.178544737398624,0,0,0,0,0,0,0,0.149423114489764,0,0,0,0,0,0,0,0,0,0,0,0.206958755850792,0,0,0,0,0,0,0,0,0,0,0,0.156730918721719,0,0,0,0,0,0,0,0,0,0,0,0.168245864884248,0,0,0,0,0,0,0,0,0,0,0,0,0,0,0,0,0,0,0.216459900140762,0,0.169078324211411,0,0.218631379306316,0,0
0,0,0,0,0,0,0.152677848935127,0,0,0,0.0925279911379956,0,0,0,0,0,0,0,0,0,0.134133808508952,0,0,0,0,0,0,0,0,0,0,0,0,0,0,0,0,0,0,0,0,0,0.301436126232147,0,0,0,0,0,0.192694614330928,0,0,0,0.151563853025436,0,0,0,0,0,0.211067978044351,0,0.194200336933136,0,0,0.200321549033806,0,0,0,0,0,0.194560915231705,0,0.254351832891164,0,0.211524766954509,0,0,0,0,0,0,0,0,0.11029937702546,0,0.302917087156522,0,0.300707563757896
0,0.232001677155495,0,0,0,0.140975704416633,0,0.141352728009224,0,0,0,0.169245387137678,0,0.153167945235523,0,0,0,0,0,0.17252433548371,0,0,0,0,0,0,0,0.207357069477439,0,0,0,0,0,0,0,0.153775864969129,0,0.157723980454298,0,0,0,0,0,0,0,0,0,0,0,0.302425903933389,0,0.163449050089906,0,0.171183181305726,0,0,0,0,0,0.18201586823815,0,0.303438454866409,0.122814411297441,0,0,0,0,0,0,0,0.198212063063312,0,0.353566034482076,0,0,0,0,0,0.150345757603645,0,0.137019768357277,0,0.162152916475227,0,0.185345360323002,0,0
0,0,0,0,0,0,0.137972964594762,0,0,0,0,0,0.134423463063878,0,0,0,0,0,0,0,0,0,0,0,0,0,0.199901924891905,0,0,0,0,0,0,0,0,0,0,0,0,0,0,0,0,0,0,0,0,0,0.193760171532631,0,0,0,0.123253485187888,0,0,0,0.211067978044351,0,0,0,0.156568531214185,0,0,0,0,0,0,0,0,0.179962624036349,0,0.183679874660233,0,0,0,0,0,0,0,0,0,0,0.152415636683406,0.161366170126459,0,0,0
0,0.211251960860358,0,0,0,0.139098988958832,0,0.147781297564507,0,0,0,0.221205582395196,0,0.18239604562278,0,0.175811130180955,0,0,0,0,0,0,0,0,0,0,0,0,0,0,0,0,0,0,0,0,0,0,0,0,0,0,0,0,0,0,0,0,0,0.215500260676656,0,0.135470266258994,0,0,0,0,0,0.18201586823815,0,0,0,0.188165077253392,0,0,0,0,0,0,0,0,0,0,0,0,0,0,0,0,0,0,0,0,0.170969522871455,0.216169690092405,0.221863360702991,0,0
0.111547872722896,0,0,0,0,0,0,0,0.163893920155198,0,0,0,0,0,0.15182519989908,0,0,0,0,0,0,0,0,0,0.169385362281041,0,0.169567861612521,0,0,0,0,0,0,0,0,0,0,0,0,0,0,0,0,0,0,0,0,0,0.120394903362966,0,0,0,0,0,0,0,0.194200336933136,0,0.156568531214185,0,0,0,0,0,0,0,0,0,0,0.165974737883642,0,0.203007431966918,0,0,0,0,0,0,0,0,0,0,0.166764624416828,0,0,0,0
0,0.183681216338568,0,0,0,0.129114461131394,0,0,0,0.158198638941453,0,0,0,0.18799292032675,0,0.178512361719026,0,0.143746634324392,0,0,0,0,0,0,0,0.140947983241998,0,0,0,0,0,0,0,0,0,0,0,0,0,0,0,0,0,0,0,0,0,0,0,0.214319077938531,0,0,0,0,0,0.168245864884248,0,0.303438454866409,0,0.188165077253392,0,0,0,0,0,0,0,0,0.14804852434567,0,0,0,0,0,0,0,0,0,0,0,0,0,0.148371614754473,0.206972562222781,0.235634610056877,0,0
0,0,0,0,0,0.179795488715172,0,0,0,0,0,0.133374211688836,0,0,0,0,0,0,0,0.172767794931597,0,0,0,0,0,0,0,0,0,0,0,0,0,0,0,0.190664459972278,0,0,0,0.437792599201202,0,0.361393928527832,0,0,0,0.19612644414107,0,0,0,0,0,0,0,0,0,0,0,0.122814411297441,0,0,0,0,0,0,0,0,0,0,0,0,0,0,0,0,0,0,0,0,0.262362600259178,0,0.271029895773981,0,0.165945605381951,0.170623764395714,0.297138936766962,0,0
0,0,0,0,0,0,0,0,0,0,0.106405384105737,0,0,0,0,0,0,0,0,0,0.105376333255192,0,0,0,0,0,0,0,0,0,0,0,0,0,0,0,0.10041537694633,0,0,0,0.236252382397652,0,0.228256280384293,0,0.349093125512203,0,0.240276269674472,0,0.1862826527475,0,0,0,0,0,0,0,0.200321549033806,0,0,0,0,0,0,0,0,0,0,0,0,0,0,0,0,0,0,0,0,0,0,0,0,0,0.0969083111267537,0,0.216380655369927,0,0
0,0,0,0,0,0,0,0,0,0,0,0,0,0,0,0,0,0.150854901224375,0,0,0,0.158705738547596,0,0.145877160192629,0,0,0,0.159178244034675,0,0,0,0,0,0,0,0,0,0.20739301274283,0,0,0,0,0,0,0,0,0,0,0,0.318651093302742,0,0,0,0,0,0,0,0,0,0,0,0,0,0,0,0.0997914522886276,0.242730758452505,0,0.305761969968921,0,0.314653964257324,0,0,0,0,0,0,0,0,0,0.177545097718636,0,0.141359223771775,0.146579873676483,0,0,0
0,0,0,0,0,0,0,0,0,0,0,0,0,0,0,0,0.15851493909855,0.171887204051018,0,0,0,0.167300333344453,0.141583900950797,0,0.180595330845297,0,0,0,0.171000229735528,0,0,0,0,0,0,0,0,0,0.269841701030731,0,0,0,0,0,0,0,0,0,0.26848004433051,0,0,0,0,0,0,0,0,0,0,0,0,0,0,0,0.0997914522886276,0,0,0.143944536646207,0,0.234541241796861,0,0.256969328376803,0,0,0,0,0,0,0,0,0,0.320366424281855,0.135731085133267,0.178390736558608,0,0,0
0,0,0,0,0,0,0,0,0,0,0,0,0,0,0,0,0,0.152624770998955,0,0,0,0.111270763973395,0,0.14988574729516,0,0.156748384237289,0,0,0,0,0,0,0,0,0,0,0,0.145545474357075,0,0,0,0,0,0,0,0,0,0,0,0.359076690673828,0,0,0,0,0,0,0,0,0,0,0,0,0,0,0.242730758452505,0,0,0,0.305049425363541,0,0.326396704185754,0,0,0,0,0,0,0,0,0,0.131061993263386,0,0,0,0.109277129173279,0,0
0,0,0,0,0,0,0,0,0.219054598248366,0,0,0,0,0,0,0,0,0,0,0,0,0,0.135922045636494,0,0.147697706423376,0,0.143056230885642,0,0,0,0,0,0,0,0,0,0,0,0.165535437933942,0,0,0,0,0,0,0,0,0,0.168256834149361,0,0,0,0,0,0.228970453927391,0,0,0,0,0,0,0,0,0,0,0.143944536646207,0,0,0,0.197395046241581,0,0,0,0,0,0,0,0,0,0,0,0.173350031845845,0.141917446299511,0,0,0,0
0,0,0,0,0,0,0,0,0,0.159135584664695,0,0,0,0,0,0.149296304758857,0,0.185855678198012,0,0,0,0.311162551641464,0,0.167724935584758,0,0.157755879767551,0,0,0,0,0,0,0,0,0,0,0,0,0,0,0,0,0,0,0,0,0,0,0,0.344268775648541,0,0,0,0,0,0,0,0,0,0,0,0.14804852434567,0,0,0.305761969968921,0,0.305049425363541,0,0,0,0.30248876067057,0,0,0,0,0,0,0,0,0,0,0,0.174378910511732,0,0,0,0
0,0,0,0,0,0,0,0,0.157207056879997,0,0,0,0,0,0,0,0.1629403690929,0,0,0,0,0,0,0,0.174693684295687,0,0.161708737583945,0,0,0,0,0,0,0,0,0,0,0,0,0,0,0,0,0,0,0,0,0,0.190421181961451,0,0,0,0,0,0,0,0.194560915231705,0,0.179962624036349,0,0.165974737883642,0,0,0,0,0.234541241796861,0,0.197395046241581,0,0,0,0.243516798476414,0,0,0,0,0,0,0,0,0,0,0.156128423695533,0,0,0,0
0,0,0,0,0,0,0,0,0,0,0,0.20677535443805,0,0.168163345650185,0,0.225188001990318,0,0,0,0,0,0.228213708708758,0,0.333834927706491,0,0.32969350345207,0,0.161419442966039,0,0.192541796734879,0,0,0,0,0,0,0,0.188861630111933,0,0,0,0,0,0,0,0,0,0,0,0.307617917656898,0,0,0,0,0,0,0,0.198212063063312,0,0,0,0,0,0,0.314653964257324,0,0.326396704185754,0,0.30248876067057,0,0,0,0.234018534421921,0,0,0,0,0,0,0,0.317422684033712,0,0.158867985206215,0,0,0,0
0,0,0,0,0,0,0,0,0,0,0,0,0.179939204123285,0,0,0,0,0,0,0,0,0,0.177371241152287,0,0,0,0,0,0.150729256272316,0,0,0,0,0,0,0,0,0,0,0,0,0,0,0,0,0,0,0,0.204331757560853,0,0,0,0,0,0,0,0.254351832891164,0,0.183679874660233,0,0.203007431966918,0,0,0,0,0.256969328376803,0,0,0,0.243516798476414,0,0,0,0.221224693442459,0,0,0,0,0,0,0,0,0.150288165587446,0,0,0,0
0,0,0,0,0,0,0,0,0,0,0,0.151869624853134,0,0,0,0,0,0,0,0.153217123945554,0,0,0,0,0,0,0,0.172509611839742,0,0.167293002828956,0,0,0,0,0,0,0,0.17219159731143,0,0,0,0,0,0,0,0,0,0,0,0.317347328156926,0,0,0,0,0,0,0,0.353566034482076,0,0,0,0,0,0,0,0,0,0,0,0,0.234018534421921,0,0,0,0,0,0,0,0,0,0.168178174945346,0,0.195021456793735,0,0.297615573526575,0,0
0,0,0,0,0,0,0,0,0,0,0,0,0,0,0,0,0,0,0,0,0,0,0,0,0,0,0,0,0,0,0,0,0,0,0,0,0,0,0,0,0,0,0.171080986658732,0,0,0,0,0,0.156107172369957,0,0,0,0,0,0,0,0.211524766954509,0,0,0,0,0,0,0,0,0,0,0,0,0,0,0.221224693442459,0,0,0,0,0,0,0,0,0,0,0,0,0,0,0
0,0,0,0,0,0,0,0,0,0,0,0,0,0,0,0,0,0,0,0,0,0,0,0,0,0,0,0,0,0,0,0.2741432236863,0,0.281567437849084,0,0.148762082060178,0,0,0,0,0,0,0,0,0,0,0,0.243246567971779,0.240903942535321,0,0,0,0,0,0,0,0,0,0,0,0,0,0,0,0,0,0,0,0,0,0,0,0,0,0,0.25809600452582,0.324828783684936,0,0,0,0,0.229740113019943,0.139215048402548,0,0,0,0
0,0,0,0,0,0,0,0,0,0,0,0,0,0,0,0,0,0,0,0,0,0,0,0,0,0,0,0,0,0,0,0.222073586923735,0.139225395867908,0.221057996153831,0,0,0.170556962490082,0,0,0,0,0,0,0,0,0,0,0.243182017584331,0.278846329450607,0,0,0,0,0,0,0,0,0,0,0,0,0,0,0,0,0,0,0,0,0,0,0,0,0,0.25809600452582,0,0,0.268692291208676,0,0.166225692645336,0,0.304320496616063,0.152690270059818,0,0,0,0
0,0,0,0,0,0,0,0,0,0,0,0,0,0,0,0,0,0,0,0,0,0,0,0,0,0,0,0,0,0,0,0.302736228177961,0.31422233581543,0.252257824287006,0.215283080935478,0.156499747186899,0,0.214545510295365,0.296254053711891,0,0,0,0,0,0,0,0,0.314208753936664,0.324995582302411,0.299560308456421,0,0,0,0,0,0,0,0,0,0,0,0,0,0,0,0,0,0,0,0,0,0,0,0,0.324828783684936,0,0,0,0,0,0.282311790613008,0.355878636240959,0.253348237411542,0,0,0,0
0,0,0,0,0,0,0,0,0,0,0,0,0,0,0,0,0,0,0,0,0,0,0,0,0,0,0,0,0,0,0,0.206510535875956,0,0.185020299685513,0.162678033949059,0,0,0,0.187127321958542,0,0,0,0,0,0,0,0,0.316451572544045,0.241692617535591,0,0,0,0,0,0,0,0,0,0,0,0,0,0,0,0,0,0,0,0,0,0,0,0,0,0,0.268692291208676,0,0,0,0,0,0.229965981607344,0.152316961437464,0,0,0,0
0,0,0,0,0,0.158038514852524,0,0,0,0,0,0.141317866742611,0,0,0,0,0,0,0.287857919931412,0.185471345195689,0,0,0,0,0,0,0,0,0,0,0,0,0,0,0,0.171408214039496,0.206234698971877,0.15054687425912,0,0.167913633282336,0,0.371178238167085,0.230919480323792,0.454481484258876,0,0.172290124871709,0,0.212996892631054,0.199671130627394,0.193867073868556,0,0,0,0,0,0,0,0.150345757603645,0,0,0,0,0.262362600259178,0,0,0,0,0,0,0,0,0,0,0,0,0,0,0,0,0.307247898838121,0.254607310671298,0,0.178336588531425,0.187689904023537,0.329511302231748,0.486676080684577,0
0,0,0,0,0,0,0,0,0,0,0,0,0,0,0,0,0,0,0,0,0.183018250390887,0,0,0,0,0,0,0,0,0,0,0.248114919556039,0.213739032483646,0,0.161165078835828,0.320485803517403,0.218469817203651,0,0.151244013625033,0,0.212577100748937,0,0.142834566533566,0,0,0,0.186657256641231,0.389295703893406,0.298846478149483,0.171817570924759,0,0,0,0,0,0,0,0,0,0,0,0,0,0,0,0,0,0,0,0,0,0,0,0,0,0.166225692645336,0,0,0.307247898838121,0,0,0.112218188828435,0.153435344757346,0.317890860516616,0.184102851483557,0,0.144795522093773
0,0,0,0,0,0,0,0,0,0.170490333554791,0,0.161723748925217,0,0,0,0,0,0,0,0,0,0.153867369599931,0,0.126531919154028,0,0,0,0,0,0.183342420356205,0,0,0,0.25047877624079,0.293014212088151,0,0,0.171437684013038,0.375524950136832,0.228413665006238,0,0.404694075647153,0,0.478692412376404,0,0.378955602645874,0,0.430401428501649,0.407625138759613,0.167050529271364,0,0,0,0,0,0.216459900140762,0,0.137019768357277,0,0,0,0,0.271029895773981,0,0.177545097718636,0,0.131061993263386,0,0,0,0.317422684033712,0,0.168178174945346,0,0,0,0.282311790613008,0,0.254607310671298,0,0,0.401147675864837,0.25142151533747,0.271718357006709,0.421423867268752,0.454863896836405,0
0,0,0,0,0,0,0,0,0.215188089146543,0,0,0,0,0,0,0,0,0,0,0,0,0,0.173114624601979,0,0.168771608560174,0,0,0,0,0,0,0.214226961135864,0.250352136790752,0.262477825561615,0.165104198970912,0,0.120252813475254,0.229114693510963,0.215926639014431,0,0,0,0.147419160803159,0,0,0,0,0.429139322038211,0.264340045715728,0,0,0,0,0,0.23603898680435,0,0,0,0,0,0,0,0,0,0,0.320366424281855,0,0.173350031845845,0,0,0,0,0,0,0.229740113019943,0.304320496616063,0.355878636240959,0.229965981607344,0,0.112218188828435,0.401147675864837,0,0.167761360980863,0.0992168837951289,0.426554956765317,0,0
0.189831653142145,0.116786393401218,0.314930351391455,0.160852762349581,0.163904298071025,0.159178469523613,0.151862565824326,0.167829204457739,0.151016925853819,0.159379993162438,0,0.155220106223951,0.19201066565881,0.167627546231021,0.149209780006632,0.16709585044244,0.161121296075247,0.150387883104888,0.194064319567357,0.156659440467246,0.143424020885532,0.14382728240158,0.132662753450898,0.140926826533607,0.157945864252235,0.155683102652826,0.145660141596989,0.155901646241546,0.107820390704425,0.152968531847,0,0.158978996378279,0.144218159686117,0.328990121509833,0.202235794570073,0.190339494772299,0.157548384158205,0.285167650874655,0.207262178279152,0.255803950274351,0.211784427849258,0.257483025138177,0.22833992031109,0.198770046610554,0.192728614052203,0.227321232358615,0.204800702694883,0.328941718074486,0.305714304240707,0.263335266818708,0,0.149826770720556,0.153379702009261,0.155583719412486,0.198176163582154,0.169078324211411,0.11029937702546,0.162152916475227,0.152415636683406,0.170969522871455,0.166764624416828,0.148371614754473,0.165945605381951,0.0969083111267537,0.141359223771775,0.135731085133267,0,0.141917446299511,0.174378910511732,0.156128423695533,0.158867985206215,0.150288165587446,0.195021456793735,0,0.139215048402548,0.152690270059818,0.253348237411542,0.152316961437464,0.178336588531425,0.153435344757346,0.25142151533747,0.167761360980863,0,0.21483267945353,0.223144777385584,0.264166079762001,0.195349123472758
0.22671812180091,0,0.24406449397405,0,0,0.161968562262974,0.17511972039938,0.198608077552221,0.181625764085868,0.144003817334247,0,0.18353296816349,0.185184450639832,0.197624033120409,0.143193454297595,0.219653584715293,0.171752420225797,0.186747797725014,0.199388023895713,0,0,0.153726871728021,0.188308177566206,0.195056090364233,0.181923553347588,0.132276698946953,0,0.197734072217791,0.194451580522582,0,0,0.179433704415957,0.243674885481596,0,0,0.236524715456687,0.184135687456165,0.371251160899798,0.136284441040839,0.218891367316246,0,0.245457887649536,0.179237351861111,0.219005445347113,0.216780780681542,0.228479027748108,0,0.448841267824173,0.168321117758751,0,0,0.144593200564963,0.14742386341095,0,0,0,0,0,0.161366170126459,0.216169690092405,0,0.206972562222781,0.170623764395714,0,0.146579873676483,0.178390736558608,0,0,0,0,0,0,0,0,0,0,0,0,0.187689904023537,0.317890860516616,0.271718357006709,0.0992168837951289,0.21483267945353,0,0.224100135577222,0,0
0.270675761930894,0.157178865512833,0.249233275305393,0.210343802924312,0.161654460956069,0.162932984406749,0,0,0.172839901099602,0.127305070310831,0,0,0,0,0,0,0.203088238835335,0.247857798423086,0.215601762824316,0.17193283268818,0,0,0,0,0,0,0,0,0,0,0,0,0,0.469501137733459,0,0.171276407216287,0.194952719209427,0.187223042462553,0.212585986126214,0.256121433346647,0.233943035263937,0.326150795794405,0.226334898958481,0.290805942734609,0.223008183875182,0.226242075037015,0.197168208194987,0.287633316309607,0.233021349434804,0.216742631353844,0,0,0,0,0,0.218631379306316,0.302917087156522,0.185345360323002,0,0.221863360702991,0,0.235634610056877,0.297138936766962,0.216380655369927,0,0,0.109277129173279,0,0,0,0,0,0.297615573526575,0,0,0,0,0,0.329511302231748,0.184102851483557,0.421423867268752,0.426554956765317,0.223144777385584,0.224100135577222,0,0.440839290514106,0.244875610019047
0,0,0,0,0,0,0,0,0,0,0,0,0,0,0,0,0,0.26782064139843,0.222841650620103,0,0,0,0,0,0,0,0,0,0,0,0,0,0,0,0,0,0,0,0,0.373965486884117,0,0.377985447555213,0,0.445846992460164,0,0,0,0,0,0,0,0,0,0,0,0,0,0,0,0,0,0,0,0,0,0,0,0,0,0,0,0,0,0,0,0,0,0,0.486676080684577,0,0.454863896836405,0,0.264166079762001,0,0.440839290514106,0,0
0,0,0,0,0,0,0,0,0.144752323627472,0,0,0,0,0,0,0,0,0,0.158049297805121,0,0,0,0,0,0,0,0,0,0,0,0,0,0,0,0,0,0,0,0,0,0.272299046962316,0,0.220152262588342,0,0.209172690223003,0,0.286186617612839,0,0.265651422739029,0,0,0,0,0,0,0,0.300707563757896,0,0,0,0,0,0,0,0,0,0,0,0,0,0,0,0,0,0,0,0,0,0,0.144795522093773,0,0,0.195349123472758,0,0.244875610019047,0,0
