0,0,52.9870995879173,0,0,0,0,0,202.155265361071,0,0,0,0,0,0,0,5.52424955368042,0.335727006196976,26.8434210717678,0,0,0,0,0,0,0,0,0,0,0,0,0,0,0,0,0,0,0,0,0,1.01456367969513,0,57.9433954656124,0,0,0,0,0,43.420911192894,0,0,0,0,0,100.38029846549,0,1.48118896782398,0,0,0,4.21935796737671,0,0,0,0,0,0,0,0,0,0,0,0,0,0,0,0,0,0,0.506471022963524,0,0,52.3477803617716,3.86006379127502,43.0979986041784,0,0
0,0,0,65.1642614006996,0,1.05398547649384,0,0,0,243.371293321252,0,0,0,0,0,0,0,0,4.57749176025391,0,0,0,0,0.643876969814301,0,0,0,0,0,0,0,0,0,0,0,1.3459804058075,0,0,0,0,0,472.113109514117,0,0,0,0,0,0,0,143.978352993727,0,0,0,0,0,387.137843966484,0,1.09959128499031,0,0,0,33.7645376324654,0.340594410896301,0,0,0,0,0,4.30129164457321,0,1.54238063097,0,0.945842921733856,0,0,0,0,0,14.6196139901876,0,2.63864421844482,0,50.5334210544825,0,469.121702373028,13.9010514616966,0
52.9870995879173,0,0,0,426.026880085468,0,0,0,568.175095498562,0,0,0,0,0,0,0,0,0,1.50602394342422,0,0,0,0,0,0,0,0,0,0,0,0,0,0,0,0,0,0.120990186929703,0,0,0,1.37183205783367,0,35.6366214305162,0,0,0,0.75289586186409,0,22.9868074208498,0,36.4622105360031,0,0,0,169.307317227125,0,38.1091204285622,0,3.74846875667572,0,28.8871087431908,0,0,5.86809392273426,0,0,0,0,0,0,0,0,0,0,0,0,0,0,0,11.9383944869041,0,5.96014606952667,347.61266541481,0,395.219019263983,0,10.0487516522408
0,65.1642614006996,0,0,0,335.542678415775,0,0,0,543.797360539436,0,0.855353116989136,0,0,0,0,0,0.895272761583328,3.1825236082077,3.56898441910744,0,0,0,0,0,0,0,0,0,0,0,0,0,0,0,2.64775109291077,0,0,0,11.1224181056023,0.81571364402771,17.3505174145103,0.210043504834175,0,0,5.17216898500919,0,0.594531238079071,1.00696110725403,315.852944195271,0,301.743373632431,0,0,0,754.391593575478,0,88.2062073200941,0,32.0449106097221,0,62.9586898982525,4.93245416879654,0,0,0,0,0,0,0,0,0,20.9832484424114,0,0,0,0,0,4.04766236245632,0.382152527570724,10.9449231028557,0,651.235802263021,5.92014357447624,1235.15350381285,1.49004018306732,0
0,0,426.026880085468,0,0,0,0,0,36.500962972641,0,0,0,0,0,0,0,0,0,0,0,49.2322134971619,0,0,0,0,0,0,0,0,0,0,0,0,0,0,0,0.256292700767517,0,0,0,0,0,5.29452082514763,0,0,0,0.275189369916916,0,6.40375062823296,0,159.822634801269,0,0,0,10.8060035705566,0,9.1799607872963,0,0,0,0,0,0,2.40249373018742,0,0,0,0,0,0,0,0,0,0.397311478853226,0,0,0,0,0,1.24140585958958,0,0.588635265827179,218.775555804372,0.543238759040833,356.976617231965,0,1.85213224589825
0,1.05398547649384,0,335.542678415775,0,0,0,34.746426820755,0,5.10619175434113,0,0,0,0,0,0,0,0,0.652734100818634,51.671598315239,0,0,0,0,0,0,0,0,0,0,0,0,0,0,0,21.9205386936665,0,0,0,2.44841340184212,0,2.42450967431068,0,0,0,23.8600403368473,0,0,0,3.7252012938261,0,107.285884916782,0,0,0,0,0,11.1377373486757,0,0,0,94.4352660775185,26.4650387167931,0,0,0,0,0,0,0,0,0,1.14616477489471,0,0,0,0,0,13.3380882591009,0,0.488672986626625,0,705.996494963765,0,225.815800994635,0,0
0,0,0,0,0,0,0,0,0,0,112.608781844378,0,0,0,0,0,0,0,0,0,14.5293754339218,0,0,0,0,0,0,0,0,0,0,0,0,0,0,0,0,0,0,0,0,0,0,0,0,0,0,0,0,0,0,0,4.89661979675293,0,0,0,9.39186161756516,0,0,0,0,0,0,0,0,0,0,0,0,0,0,0,0,0,0,0,0,0,0,0,0,0,97.2703704833984,0,0,0,0
0,0,0,0,0,34.746426820755,0,0,0,0,0,1,0,0,0,0,0,0,0,0,0,0,0,0,0,0,0,0,0,0,0,0,0,0,0,0,0,0,0,0,0,0,0,0,0,0,0,0,0,0,0,0,0,305.145537376404,0,0,0,3.04920017719269,0,0,0,0,0,0,0,0,0,0,0,0,0,0,0,0,0,0,0,0,0,0,0,0,114.410398244858,0,0,0,0
202.155265361071,0,568.175095498562,0,36.500962972641,0,0,0,0,0,0,0,0,0,1.70273280143738,0,236.224123865366,38.5632335245609,3.55767732858658,0,0,0,0,0,19.8342151641846,0,1.61042654514313,0,0,0,0,0,0,0,0,0,0,0,155.274874687195,0,0,0,5.05796441435814,0,0,0,0,0,13.5350158214569,0,0,0,0,0,904.729397684336,0,0.537713766098022,0,0,0,8.21152198314667,0,0,0,0,0,0,8.6662113070488,0,2,0,0,0,0,0,0,0,0,0,0,0,62.1504973620176,222.540544688702,0,114.874707520008,0,0.354285657405853
0,243.371293321252,0,543.797360539436,0,5.10619175434113,0,0,0,0,0,0,0,0,0,86.1824563443661,0,52.631272405386,0,0,0,0,0,24.2921619266272,0,0,0,0,0,0,0,0,0,0,0,0,0,13.5320147424936,0,0,0,152.908586576581,0,0,0,0,0,0,0,21.2341685593128,0,0,0,0,0,862.513831973076,0,0,0,0,0,2.72086358070374,0,0,0,0,160.374076873064,0,0,0,0,0,0,0,0,0,0,0,0,0,9.6103421151638,0,627.942988619208,0,45.7724174261093,52.8407854884863,0
0,0,0,0,0,0,112.608781844378,0,0,0,0,0,70.0690903663635,0,0,0,0,0,0,0,99.6866668611765,0,0,0,0,0,0,0,0,0,171.683340936899,0,0,0,0,0,0,0,655.148897707462,0,0,0,0,0,0,0,0.289594918489456,0,0,0,0,0,6.08982515335083,0,0,0,1600.18738934398,0,0,0,0,0,0,177.612620458007,0,0,0,0,0,0,0,0,0,13.0974413156509,0,0,0,0,0,0.785016924142838,0,101.534893929958,181.842830687761,0,0.297043651342392,0,0
0,0,0,0.855353116989136,0,0,0,1,0,0,0,0,0,67.8710036426783,0,0,0,0,0,527.81261408329,0,0,0,0,0,0,0,0.220314547419548,0,18.8191093355417,0,0,0,0,0,351.297443240881,0,885.035454764962,0,0,0,0,0,0,0,2.53860858082771,0,0,0,0,0,4.51146417856216,0,0.928102970123291,0,0,0,4027.61861810088,0,7,0,0,154.643442451954,0,0,0,0,0,0,0,0,0,266.934234693646,0,0,0,0,0,85.4836826324463,0,33.5509969890118,0,341.367883011699,0,21.2442727088928,0,0
0,0,0,0,0,0,0,0,0,0,70.0690903663635,0,0,0,0,0,0,0,0,0,0,0,0,0,0,0,0,0,0,0,0,0,0,0,0,0,0,0,0,0,0,0,0,0,0,0,0,0,0,0,0,0,0,0,0,0,33.7497382164001,0,436.936663210392,0,0,0,0,0,0,0,0,0,0,0,0,0,0,0,0,0,0,0,0,0,0,0,7,0,0,0,0
0,0,0,0,0,0,0,0,0,0,0,67.8710036426783,0,0,0,1.5548574924469,0,0,0,0,0,0,0,0,0,0,0,241.561924576759,0,3.63099254667759,0,0,0,0,0,0,0,0,0,0,0,0,0,0,0,0,0,0,0,0,0,0,0,0,0,0,0,43.7982567250729,0,647.20101198554,0,25.7734234035015,0,0,0,0,0,0,63.9917010962963,0,17.0273752212524,0,15.4751705527306,0,0,0,0,0,0,0,0,0,90.6982824802399,11.0841054916382,0,0,0
0,0,0,0,0,0,0,0,1.70273280143738,0,0,0,0,0,0,0,19.8625874519348,16.2600718736649,8.80105972290039,0,0,0,0,0,0,0,0,0,0,0,0,0,0,0,0,0,0,0,0,0,0,0,0,0,0,0,0,0,0,0,0,0,0,0,5,0,0,0,19.5804969072342,0,147.936136245728,0,0,0,0,0,0,0,0,0,0,0,0,0,0,0,0,0,0,0,0,0,13.7103624939919,0,0,0,0
0,0,0,0,0,0,0,0,0,86.1824563443661,0,0,0,1.5548574924469,0,0,0,15.211713373661,0,0,0,0,0,0,0,0.699466228485107,0,0,0,0,0,0,0,0,0,0,0,0,0,0,0,0,0,0,0,0,0,0,0,0,0,23.1889306306839,0,0,0,7.62711825966835,0,0,0,2.3656148314476,0,117.379367232323,0,0,0,0,0,0,5.34412130713463,0,0,0,0,0,0,0,0,0,0,0,0,0,10.3186622262001,38.9808101654053,0,0,0
5.52424955368042,0,0,0,0,0,0,0,236.224123865366,0,0,0,0,0,19.8625874519348,0,0,12004.3693773896,4760.31698967516,0,0,0,402.516495883465,0,8.17792320251465,0,344.243392065167,0,3.36426591873169,0,0,0,0,0,0,1.55138027667999,0.357274413108826,0,0,3.40575921535492,59.8622201383114,40.4241819828749,60.5000461861491,3.01966355741024,2.70368432998657,12.1617103219032,30.8020576760173,0,0,0,0,0,0,0,0,0,2.51487825810909,2.81665164232254,0,0,28.5687478780746,0,6.14834004640579,15.0149308890104,0,4.05794954299927,0,0,0,61.3495056927204,0,0,2.59628757834435,0,0,0,0,0,117.247689254582,146.800395391881,23.9195119142532,4.82595980912447,14952.1335102767,4148.72646339238,152.006986804307,12.661878734827,32.7166517078876
0.335727006196976,0,0,0.895272761583328,0,0,0,0,38.5632335245609,52.631272405386,0,0,0,0,16.2600718736649,15.211713373661,12004.3693773896,0,5050.40412138402,0,0,188.829782038927,0.858272939920425,120.821150064468,0,0,42.6052095293999,0,0,0,0,0,0,0,0,5.2874654084444,0.113143019378185,0.474437594413757,0,7.65093430876732,28.8699352294207,45.5687369257212,11.0463052839041,0.209783926606178,0,4.66880455613136,5.63284243643284,0,0,0,0,0,0,0,0,0,1.2225501537323,0,0,0,5.13755914568901,0,2.11258181929588,0.803680747747421,13.9674636125565,0,40.8951672315598,0,0,10.3773898780346,0,0,5.87078583240509,0,0,0,0,0,162.104019097984,65.8334080055356,42.8474590182304,5.21579046547413,13723.358828716,2501.02387440205,80.3196629807353,12.3988499343395,15.9372957646847
26.8434210717678,4.57749176025391,1.50602394342422,3.1825236082077,0,0.652734100818634,0,0,3.55767732858658,0,0,0,0,0,8.80105972290039,0,4760.31698967516,5050.40412138402,0,0,0,0,0.214239805936813,0,0,0,12.7094020247459,0,0,0,0,0,0,0,0,51.1090749576688,11.9756810218096,5.81829617917538,0,129.422640904784,777.461700715125,838.11482951045,480.746169067919,73.1660851091146,15.1498375535011,56.3011319190264,224.193536601961,0,1.54595994949341,6.58857725560665,0,3.19150829315186,0,0,0,0,17.9454304277897,22.8909287303686,0,0,0,0,104.840390890837,62.069290779531,0,0,0,0,0,4.30866718292236,0,0,146.446558594704,0,0,0,0,0,1891.55376695096,1431.66663030535,762.586809873581,126.556303799152,10431.5654952228,398.940170995891,2464.99399141222,239.700325652957,184.46779717505
0,0,0,3.56898441910744,0,51.671598315239,0,0,0,0,0,527.81261408329,0,0,0,0,0,0,0,0,0,0,0,0,0,0,0,0,0,0,0,0,0,0,0,2164.34003719687,0,165.115096077323,0,0,0,0,0,0,0,13.7320446372032,0,0,0,0,0,41.1129059195518,0,0,0,0,0,37.7846585810184,0,0,0,0,635.706891477108,0,0,0,0,0,0,0,0,0,1.90081262588501,0,0,0,0,0,453.808826416731,0,14.7644972801208,0,322.613057643175,0,75.1445003300905,0.537043690681458,0
0,0,0,0,49.2322134971619,0,14.5293754339218,0,0,0,99.6866668611765,0,0,0,0,0,0,0,0,0,0,0,0,0,0,0,0,0,0,0,0,0,0,0,0,0,515.869513481855,0,472.577150523663,0,0,0,0.280854433774948,0,0,0,11.7572109848261,0,0,0,0,0,0,0,0,0,34.228156760335,0,0,0,0,0,0,433.71826031059,0,0,0,0,0,0,0,0,0,0,0,0,0,0,0,739.387968063354,0,7.27971437573433,212.286105036736,0,147.960283562541,0,0
0,0,0,0,0,0,0,0,0,0,0,0,0,0,0,0,0,188.829782038927,0,0,0,0,146.617643088102,40.9255447387695,0,0,0,195.026363998652,0,0,0,0,0,0,0,0,0,1149.56663778424,26.0021123886108,0,0,0,0,0,0,0,0,0,0,120.32532890141,0,0,0,0,0,0,0,0,0,0,0,0,0,0,6234.71456840634,93.0350511074066,0,0,0.418521136045456,0,127.580029010773,0,0,0,0,0,0,0,0,0,458.458191245794,0,663.758067429066,262.280064225197,0,0,0
0,0,0,0,0,0,0,0,0,0,0,0,0,0,0,0,402.516495883465,0.858272939920425,0.214239805936813,0,0,146.617643088102,0,0,67.1305931806564,0,1.28990224003792,0,1.45116710662842,0,0,0,0,0,0,1.98808610439301,0,0,525.100558534265,0,0,0,0,0,0,0,0,0,93.2554476112127,0,0,0,0,0,0,0,0,0,0,0,1.68803787231445,0,0,0,7.23797231912613,5439.59894604236,0,0,0,0.22640623152256,0,0,0,0,0,0,0,0,0,0,0,148.771442189813,984.796940237284,96.7428167462349,1.7665604352951,0,0
0,0.643876969814301,0,0,0,0,0,0,0,24.2921619266272,0,0,0,0,0,0,0,120.821150064468,0,0,0,40.9255447387695,0,0,0,0.497383922338486,0,0,0,0,0,0,0,0,0,0,0,313.290035396814,0,0,0,1.07584254443645,0,0,0,0,0,0,0,1.36630553007126,0,0,0,0,0,268.989005193114,0,0,0,0,0,0,0,0,77.7421571612358,0,326.219465315342,0,4.56203143298626,0,0,0,0,0,0,0,0,0,0,0,251.148875817657,0,139.779656648636,0,0.274280816316605,0,0
0,0,0,0,0,0,0,0,19.8342151641846,0,0,0,0,0,0,0,8.17792320251465,0,0,0,0,0,67.1305931806564,0,0,0,48.1852884292603,0,0,0,0,0,0,0,0,0,0,0,33.6249630153179,0,0,0,0,0,0,0,0,0,1.67570355534554,0,0,0,0,0,62.9332585632801,0,0,0,0,0,0,0,0,0,0,124.211319953203,0,83.0934289395809,0,175.506964564323,0,0,0,0,0,0,0,0,0,0,0,10.1649971604347,50.9054716974497,0,10.2367361783981,0,0
0,0,0,0,0,0,0,0,0,0,0,0,0,0,0,0.699466228485107,0,0,0,0,0,0,0,0.497383922338486,0,0,0,54.7632155418396,0,0,0,0,0,0,0,0,0,0,0,0,0,0,0,0,0,0,0,0,0,0,0,0,0,0,0,0.239542543888092,0,0,0,0,0,0,0,0,13.9281958043575,0,0,0,452.327512294054,0,4.33705830574036,0,0,0,0,0,0,0,0,0,0,0,1,2,0,0,0
0,0,0,0,0,0,0,0,1.61042654514313,0,0,0,0,0,0,0,344.243392065167,42.6052095293999,12.7094020247459,0,0,0,1.28990224003792,0,48.1852884292603,0,0,0,0,0,0,0,0,0,0,0,0,0,0,0,0.711832880973816,0,0,0,0,0,0,0,0,0,0,0,0,0,14.4943423271179,0,0,0,0,0,0,0,0,0.265679270029068,0,0,0,31.2975016832352,0,341.803993195295,0,0,0,0,0,0,0,0,0.699388265609741,0,0,0,54.7623738050461,18.92089381814,0.249970406293869,0,1.8598906993866
0,0,0,0,0,0,0,0,0,0,0,0.220314547419548,0,241.561924576759,0,0,0,0,0,0,0,195.026363998652,0,0,0,54.7632155418396,0,0,0,63.0280318409204,0,0,0,0,0,0,0,56.7878108024597,0,0,0,0,0,0,0,0,0,0,0,0,0,0,0,0,0,0,0,0,0,77.9687687158585,0,0.327253371477127,0,0,10.0056950449944,0,0,0,121.307899296284,0,1113.47701515257,0,111.240634858608,0,0,0,0,0,0,0,0,0,7.81749528646469,0,0,0,0
0,0,0,0,0,0,0,0,0,0,0,0,0,0,0,0,3.36426591873169,0,0,0,0,0,1.45116710662842,0,0,0,0,0,0,0,3,0,0,0,0,0,0,0,45.1936967372894,0,0,0,0,0,0,0,0,0,0,0,0,0,0,0,0,0,0,0,0,0,0,0,0,0,0,24.749341905117,0,0,0,0,0,143.443739652634,0,0,0,0,0,0,0,0,0,0,6.93912863731384,0,0,0,0
0,0,0,0,0,0,0,0,0,0,0,18.8191093355417,0,3.63099254667759,0,0,0,0,0,0,0,0,0,0,0,0,0,63.0280318409204,0,0,0,0,0,0,0,0,0,154.691958963871,0,0,0,0,0,0,0,0,0,0,0,0,0,0,0,0,0,0,0,35.6876539438963,0,0,0,0,0,0,0,0,0,0,0,0,0,0,647.04707454145,0,0,0,0,0,0,0,3.52471071481705,0,22.219208240509,0,0,0,0
0,0,0,0,0,0,0,0,0,0,171.683340936899,0,0,0,0,0,0,0,0,0,0,0,0,0,0,0,0,0,3,0,0,0,0,0,0,0,0,0,0,0,0,0,0,0,0,0,0,0,0,0,0,0,0,0,0,0,122.118617475033,0,0,0,0,0,0,0,0,0,0,0,0,0,0,4,0,550.662241637707,0,0,0,0,0,0,0,0.986397922039032,0,0,0,0,0
0,0,0,0,0,0,0,0,0,0,0,0,0,0,0,0,0,0,0,0,0,0,0,0,0,0,0,0,0,0,0,0,51.6220515072346,64.0828226208687,0,580.050439178944,0,0,0,0,0,0,0,0,0,0,0,249.709035992622,0,1.60354793071747,0,0,0,0,0,0,0,0,0,0,0,0,0,0,0,0,0,0,0,0,0,0,0,0,451.546723097563,6.37193262577057,7.54705162346363,0,286.512688070536,0,0,0,99.7784142494202,0,0,0,0
0,0,0,0,0,0,0,0,0,0,0,0,0,0,0,0,0,0,0,0,0,0,0,0,0,0,0,0,0,0,0,51.6220515072346,0,0.893186748027802,112.056808114052,0,59.1770973205566,0,0,0,0,0,0,0,0,0,0,1246.94221135974,0,5.88226363062859,0,0,0,0,0,0,0,0,0,0,0,0,0,0,0,0,0,0,0,0,0,0,0,0,87.8747879862785,2334.87000513077,0.327607929706573,62.8580618202686,5.93885153532028,86.3690343797207,0,0,452.532079279423,0,0,0,0
0,0,0,0,0,0,0,0,0,0,0,0,0,0,0,0,0,0,0,0,0,0,0,0,0,0,0,0,0,0,0,64.0828226208687,0.893186748027802,0,157.471935063601,206.58154925704,0,112.232795715332,0,0,0,0,0,0,0,0,0,924.632295623422,0,0,0,0,0,0,0,0,0,0,0,0,0,0,0,0,0,0,0,0,0,0,0,0,0,0,107.778022557497,0,1121.70065918565,0,168.27368298173,0,144.315447509289,0,163.596954017878,24.0723932981491,0,0,0
0,0,0,0,0,0,0,0,0,0,0,0,0,0,0,0,0,0,0,0,0,0,0,0,0,0,0,0,0,0,0,0,112.056808114052,157.471935063601,0,0,321.682034403086,3,113.84299993515,0,0,0.951234847307205,0,0,0,0,0,2293.34093868732,22.7359479367733,12.0870080888271,0,0,0,0,0,0,0,0,0,0,0,0,0,0.282356351613998,0,0,0,0,0,0,0,0,0,0,0,103.501694515347,297.619563221931,937.804365307093,0,62.0097913742065,0,456.569469243288,252.247222542763,0,12.6206382513046,0,0
0,1.3459804058075,0,2.64775109291077,0,21.9205386936665,0,0,0,0,0,351.297443240881,0,0,0,0,1.55138027667999,5.2874654084444,51.1090749576688,2164.34003719687,0,0,1.98808610439301,0,0,0,0,0,0,0,0,580.050439178944,0,206.58154925704,0,0,730.969186723232,1578.45385225862,0,0.223947092890739,0.979384794831276,27.5793760493398,0.655337080359459,32.6632689386606,0,81.1106415465474,0,113.956849634647,3.19330424070358,2.41286993026733,0,10.2145259082317,0,0,0,0,0,31.5772470980883,0,0,0,0,731.984481498599,0.604816950857639,0,0,0,0,0,0,0,0,3.65949403494596,0,180.802960336208,0,138.157473385334,0,18216.3447155654,160.56419750303,1745.53262470663,0,3699.32164618373,66.4498685598373,98.6940744444728,11.0855272188783,0
0,0,0.120990186929703,0,0.256292700767517,0,0,0,0,0,0,0,0,0,0,0,0.357274413108826,0.113143019378185,11.9756810218096,0,515.869513481855,0,0,0,0,0,0,0,0,0,0,0,59.1770973205566,0,321.682034403086,730.969186723232,0,1.54881417751312,2055.02623772621,0,1.29995969682932,0,8.23368625342846,0,0,0,64.3226291909814,37.8610818982124,2.6251245290041,0,0,0,0,0,0,0,5.59415598213673,0.232830941677094,0,0,0,0,0,376.385264150798,0,0,0,0,0,0,0,0,0,0,0,37.2407188564539,0,134.80902993679,472.399844869971,14029.666330643,0.15059506893158,652.688299246132,3301.43699137121,54.5720638334751,106.862207524478,0,0.375886023044586
0,0,0,0,0,0,0,0,0,13.5320147424936,0,885.035454764962,0,0,0,0,0,0.474437594413757,5.81829617917538,165.115096077323,0,1149.56663778424,0,313.290035396814,0,0,0,56.7878108024597,0,154.691958963871,0,0,0,112.232795715332,3,1578.45385225862,1.54881417751312,0,78.9092828035355,0,0,0.340845994651318,0,0,0,105.092814877629,0,9.56121349334717,0,162.953973844647,0,0,0,0,0,67.4422058165073,0,334.564703553915,0,0,0,0,796.921148732305,0,295.047209262848,0,276.311599254608,0,0.396787345409393,0,0,0,72.7826445400715,0,0,0,20.0371721088886,0,887.223198123276,0,10776.1344067007,0,1174.82520286739,49.7104127407074,145.797817409039,0.145780339837074,0
0,0,0,0,0,0,0,0,155.274874687195,0,655.148897707462,0,0,0,0,0,0,0,0,0,472.577150523663,26.0021123886108,525.100558534265,0,33.6249630153179,0,0,0,45.1936967372894,0,0,0,0,0,113.84299993515,0,2055.02623772621,78.9092828035355,0,0,0,0,0,0,0,0,1.03482151031494,8.61814397573471,597.884398251772,0,0,0,0,0,100.997918367386,0,298.055139034986,0,0,0,0,0,0,309.202668517828,0,201.528241455555,0,168.272049099207,0,0,0,0,0,0,0,0,0,65.6998733580112,0,1155.93662022054,0,7333.40263498574,1649.79725500941,59.578675031662,72.0267466008663,0,0
0,0,0,11.1224181056023,0,2.44841340184212,0,0,0,0,0,0,0,0,0,0,3.40575921535492,7.65093430876732,129.422640904784,0,0,0,0,0,0,0,0,0,0,0,0,0,0,0,0,0.223947092890739,0,0,0,0,1.2200345993042,396.718506619334,0.546656757593155,18.4660390615463,0,11.4952712208033,0,0,0,153.78231113404,0,0,0,0,0,0,0,2.22045256942511,0,0,0,0,22.9230820089579,0,0,0,0,0,0,0,0,0,2.63533000648022,0,0,0,0,0,270.88521130383,0.150291532278061,6.07264150679111,0,55.5644661039114,1.34139637649059,545.151729799807,67.9470118135214,0.882450342178345
1.01456367969513,0,1.37183205783367,0.81571364402771,0,0,0,0,0,0,0,0,0,0,0,0,59.8622201383114,28.8699352294207,777.461700715125,0,0,0,0,0,0,0,0.711832880973816,0,0,0,0,0,0,0,0,0.979384794831276,1.29995969682932,0,0,1.2200345993042,0,8.37184054404497,1618.42581824213,0.514203161001205,13.3442229628563,2.08975049853325,318.954764693975,0,21.8802306354046,0.332273215055466,0,0,0,0,0,0,14.621588870883,0.98330320417881,0,0,0,0,3.92350789159536,192.59054595232,0,0,0,0,0,0,0,0,1.15991286933422,0,0,0,0,0,28.9698687791824,516.023312091827,8.0895159393549,18.8100793361664,307.700109876692,15.1969114094973,1992.62275324017,0.623229339718819,198.131333693862
0,472.113109514117,0,17.3505174145103,0,2.42450967431068,0,0,0,152.908586576581,0,0,0,0,0,0,40.4241819828749,45.5687369257212,838.11482951045,0,0,0,0,1.07584254443645,0,0,0,0,0,0,0,0,0,0,0.951234847307205,27.5793760493398,0,0.340845994651318,0,396.718506619334,8.37184054404497,0,73.2181956395507,9.36136052012444,0,129.46074269712,5.61481662094593,60.4413235187531,4.34231147170067,819.072655521333,0,0.374724417924881,0,0,0,0,0,428.054095707834,0,0,0,0,219.707340717316,1.85517260432243,0,0,0,0,0,0,11.0424551069736,0,433.822519749403,0,0,0,0,0,2088.02441117913,26.6365386247635,423.999988868833,1.44412848353386,2173.92515138537,21.4074894934893,3571.62872377038,1692.0383522585,4.91170138120651
57.9433954656124,0,35.6366214305162,0.210043504834175,5.29452082514763,0,0,0,5.05796441435814,0,0,0,0,0,0,0,60.5000461861491,11.0463052839041,480.746169067919,0,0.280854433774948,0,0,0,0,0,0,0,0,0,0,0,0,0,0,0.655337080359459,8.23368625342846,0,0,0.546656757593155,1618.42581824213,73.2181956395507,0,0.138446390628815,9.27535107731819,2.14892721176147,98.5920766592026,150.978979319334,360.093960940838,2.72688090801239,0,0,0,0,0,0,640.531454265118,0.38676330447197,0,0,0,0,2.50048446655273,129.617100842297,0,0,0,0,0,0,0,0,0.6879852861166,63.097256988287,0,0,0,0,39.4104339629412,1718.70497918874,5.26960900425911,44.2136275172234,1956.21080043912,11.7727789580822,5465.00301597267,1.65902923047543,2440.69260013103
0,0,0,0,0,0,0,0,0,0,0,0,0,0,0,0,3.01966355741024,0.209783926606178,73.1660851091146,0,0,0,0,0,0,0,0,0,0,0,0,0,0,0,0,32.6632689386606,0,0,0,18.4660390615463,0.514203161001205,9.36136052012444,0.138446390628815,0,0,9.46771705150604,0,0,0,0,0,0,0,0,0,0,0,0,0,0,0,0,10.4711683988571,0,0,0,0,0,0,0,0,0,1.95916742086411,0,0,0,0,0,308.051510542631,0,150.749125480652,0,32.188635930419,0.249541506171227,35.6715462058783,0,2.07742057740688
0,0,0,0,0,0,0,0,0,0,0,0,0,0,0,0,2.70368432998657,0,15.1498375535011,0,0,0,0,0,0,0,0,0,0,0,0,0,0,0,0,0,0,0,0,0,13.3442229628563,0,9.27535107731819,0,0,0,2.16293217241764,0,0,0,0,0,0,0,0,0,0,0,0,0,0,0,0,0.29616791009903,0,0,0,0,0,0,0,0,0,0,0,0,0,0,0,22.9282875806093,0,1.11467601358891,3.76992857456207,0,33.3807223439217,0,1.91632951796055
0,0,0,5.17216898500919,0,23.8600403368473,0,0,0,0,0,2.53860858082771,0,0,0,0,12.1617103219032,4.66880455613136,56.3011319190264,13.7320446372032,0,0,0,0,0,0,0,0,0,0,0,0,0,0,0,81.1106415465474,0,105.092814877629,0,11.4952712208033,2.08975049853325,129.46074269712,2.14892721176147,9.46771705150604,0,0,0.400331303477287,0,2.47059726715088,19.6690749526024,0,16.371096432209,0,0,0,0,0,74.3284740522504,0,0,0,0,1594.54339656979,0,0,0,0,0,0,0,0,0,253.579304620624,0,0,0,0,0,1254.09147701412,0.865896299481392,587.043495342135,0,85.1972340196371,0,898.424227289855,0.9050672352314,0
0,0,0.75289586186409,0,0.275189369916916,0,0,0,0,0,0.289594918489456,0,0,0,0,0,30.8020576760173,5.63284243643284,224.193536601961,0,11.7572109848261,0,0,0,0,0,0,0,0,0,0,0,0,0,0,0,64.3226291909814,0,1.03482151031494,0,318.954764693975,5.61481662094593,98.5920766592026,0,2.16293217241764,0.400331303477287,0,0,9.01337863504887,0,0.329518586397171,0,0,0,0,0,63.8063882216811,0,0,0,0,0,0.150741130113602,221.153707869351,0,0,0,0,0,0,0,0,0.205301091074944,0.154496490955353,0,0,0,0,6.59225656092167,1678.13950316608,5.76084478199482,459.021782800555,132.400284282863,2.32576820999384,711.362839795649,0.151452407240868,10.2228737324476
0,0,0,0.594531238079071,0,0,0,0,0,0,0,0,0,0,0,0,0,0,0,0,0,0,0,0,0,0,0,0,0,0,0,249.709035992622,1246.94221135974,924.632295623422,2293.34093868732,113.956849634647,37.8610818982124,9.56121349334717,8.61814397573471,0,0,60.4413235187531,150.978979319334,0,0,0,0,0,1526.13324321806,2317.91010025144,0,0,0,0,0,0,0,0.484917014837265,0,0,0,0,2.3533787727356,0,0,0,0,0,0,0,0,0,0.201765939593315,0,117.74339568615,1063.35111746192,428.438884198666,303.752192676067,2356.66346874833,849.803645849228,5.64364147186279,0,3746.13896147907,3.59058803319931,932.296222731471,0,1.2395042181015
43.420911192894,0,22.9868074208498,1.00696110725403,6.40375062823296,0,0,0,13.5350158214569,0,0,0,0,0,0,0,0,0,1.54595994949341,0,0,0,93.2554476112127,0,1.67570355534554,0,0,0,0,0,0,0,0,0,22.7359479367733,3.19330424070358,2.6251245290041,0,597.884398251772,0,21.8802306354046,4.34231147170067,360.093960940838,0,0,2.47059726715088,9.01337863504887,1526.13324321806,0,110.203204751015,0,0,0,0,2.44632288813591,0,38.4079321697354,0,0,0,0,0,0,24.6575210615993,0,335.74923157692,0,13.1086871922016,0,0,0,0,0,0.432398065924644,0,0,0,4.52036592364311,23.7092024683952,48.5856303051114,0,576.016155190766,1174.082026802,0.726541817188263,714.071871347725,0,12.6170370429754
0,143.978352993727,0,315.852944195271,0,3.7252012938261,0,0,0,21.2341685593128,0,0,0,0,0,0,0,0,6.58857725560665,0,0,120.32532890141,0,1.36630553007126,0,0,0,0,0,0,0,1.60354793071747,5.88226363062859,0,12.0870080888271,2.41286993026733,0,162.953973844647,0,153.78231113404,0.332273215055466,819.072655521333,2.72688090801239,0,0,19.6690749526024,0,2317.91010025144,110.203204751015,0,0,1.9408852905035,0,0,0,58.8040671944618,0,13.4858320951462,0,0.193794012069702,0,66.9603911340237,8.03984200954437,0,188.952280193567,0,85.2205031514168,0,37.4176239967346,0,32.2032768577337,0,91.4568886607885,0,3.19840860366821,4.01738023757935,14.888376057148,0,1174.37049354613,0,133.293079406023,0,518.168609395623,3.03688195347786,1077.85285610706,69.6512605845928,0
0,0,36.4622105360031,0,159.822634801269,0,0,0,0,0,0,0,0,0,0,0,0,0,0,0,0,0,0,0,0,0,0,0,0,0,0,0,0,0,0,0,0,0,0,0,0,0,0,0,0,0,0.329518586397171,0,0,0,0,0,0,0,0,0,32.7097739428282,0,0,0,0,0,0,0,0,0,0,0,0,0,0,0,0,0,0,0,0,0,0,0,0,0,130.188323140144,0,266.70054885745,0,0
0,0,0,301.743373632431,0,107.285884916782,0,0,0,0,0,4.51146417856216,0,0,0,23.1889306306839,0,0,3.19150829315186,41.1129059195518,0,0,0,0,0,0,0,0,0,0,0,0,0,0,0,10.2145259082317,0,0,0,0,0,0.374724417924881,0,0,0,16.371096432209,0,0,0,1.9408852905035,0,0,0,0,0,0,0,221.248519003391,0,50.1382805109024,0,215.246134608984,241.728178024292,0,0,0,0,0,0,0,0,0,0,0,0,0,0,0,26.6409274041653,0,0,0,33.6978866755962,0,57.7427809536457,0,0
0,0,0,0,0,0,4.89661979675293,0,0,0,6.08982515335083,0,0,0,0,0,0,0,0,0,0,0,0,0,0,0,0,0,0,0,0,0,0,0,0,0,0,0,0,0,0,0,0,0,0,0,0,0,0,0,0,0,0,0,0,0,0,0,0,0,0,0,0,0,0,0,0,0,0,0,0,0,0,0,0,0,0,0,0,0,0,0,2.75981950759888,0,0,0,0
0,0,0,0,0,0,0,305.145537376404,0,0,0,0.928102970123291,0,0,0,0,0,0,0,0,0,0,0,0,0,0,0,0,0,0,0,0,0,0,0,0,0,0,0,0,0,0,0,0,0,0,0,0,0,0,0,0,0,0,0,0,0,178.657549679279,0,0,0,0,0,0,0,0,0,0,0,0,0,0,0,0,0,0,0,0,0,0,0,0,133.673258781433,0,0,0,0
100.38029846549,0,169.307317227125,0,10.8060035705566,0,0,0,904.729397684336,0,0,0,0,0,5,0,0,0,0,0,0,0,0,0,62.9332585632801,0,14.4943423271179,0,0,0,0,0,0,0,0,0,0,0,100.997918367386,0,0,0,0,0,0,0,0,0,2.44632288813591,0,0,0,0,0,0,0,0,0,0.729846656322479,0,32.1851395368576,0,0,0,0,0,0,689.890727847815,0,21.8013744354248,0,0,0,0,0,0,0,0,0,0,0,265.911995440722,4.41122323274612,0,79.9298857450485,0,0
0,387.137843966484,0,754.391593575478,0,0,0,0,0,862.513831973076,0,0,0,0,0,7.62711825966835,0,0,0,0,0,0,0,268.989005193114,0,0.239542543888092,0,0,0,0,0,0,0,0,0,0,0,67.4422058165073,0,0,0,0,0,0,0,0,0,0,0,58.8040671944618,0,0,0,0,0,0,0,0,0,0,0,59.7067599892616,0,0,0,0,416.089622035623,0,0,0,0,0,0.225507363677025,0,0,0,0,0,0,0.146616652607918,161.127399593592,0,7.07728931307793,0,4.44480209052563,0,0
1.48118896782398,0,38.1091204285622,0,9.1799607872963,0,9.39186161756516,0,0.537713766098022,0,1600.18738934398,0,33.7497382164001,0,0,0,2.51487825810909,1.2225501537323,17.9454304277897,0,34.228156760335,0,0,0,0,0,0,0,0,0,122.118617475033,0,0,0,0,0,5.59415598213673,0,298.055139034986,0,14.621588870883,0,640.531454265118,0,0,0,63.8063882216811,0,38.4079321697354,0,32.7097739428282,0,0,0,0,0,0,0,5.61085522174835,0,0,0,0,1013.80317366123,0,0,0,0,0,0,0,17.2066203951836,0,90.1301362216473,0,0,0,0,2.58300256729126,103.9758778736,0,18.2093859612942,247.719050206244,0,1088.87070981413,0,212.015001684427
0,1.09959128499031,0,88.2062073200941,0,11.1377373486757,0,3.04920017719269,0,0,0,4027.61861810088,0,43.7982567250729,0,0,2.81665164232254,0,22.8909287303686,37.7846585810184,0,0,0,0,0,0,0,0,0,35.6876539438963,0,0,0,0,0,31.5772470980883,0.232830941677094,334.564703553915,0,2.22045256942511,0.98330320417881,428.054095707834,0.38676330447197,0,0,74.3284740522504,0,0.484917014837265,0,13.4858320951462,0,221.248519003391,0,178.657549679279,0,0,0,0,0,158.065699547529,0,2.50350689888,1137.474318102,0,0,0,0,0,16.3869259953499,0,238.548805594444,0,497.931906417012,0,0,0,0,0,21.5272502377629,0.28608912974596,2.92523780465126,0,131.588625073433,0.184499099850655,705.358667314053,156.971090346575,0
0,0,3.74846875667572,0,0,0,0,0,0,0,0,0,436.936663210392,0,19.5804969072342,0,0,0,0,0,0,0,0,0,0,0,0,0,0,0,0,0,0,0,0,0,0,0,0,0,0,0,0,0,0,0,0,0,0,0,0,0,0,0,0.729846656322479,0,5.61085522174835,0,0,0,144.149824678898,0,0,0,0,0,0,0,0,0,0,0,0,0,0,0,0,0,0,0,0,0,22.0372259616852,0,2.08285853266716,0,0
0,0,0,32.0449106097221,0,0,0,0,0,0,0,7,0,647.20101198554,0,2.3656148314476,0,0,0,0,0,0,0,0,0,0,0,77.9687687158585,0,0,0,0,0,0,0,0,0,0,0,0,0,0,0,0,0,0,0,0,0,0.193794012069702,0,50.1382805109024,0,0,0,0,0,158.065699547529,0,0,0,165.416255444288,0,0,0,0,0,0,82.0812019109726,0,96.9073615074158,0,0,0,0,0,0,0,0,0,0,0,14.3918690681458,7.39254283905029,2.81578946113586,0,0
4.21935796737671,0,28.8871087431908,0,0,0,0,0,8.21152198314667,0,0,0,0,0,147.936136245728,0,28.5687478780746,5.13755914568901,0,0,0,0,1.68803787231445,0,0,0,0,0,0,0,0,0,0,0,0,0,0,0,0,0,0,0,0,0,0,0,0,0,0,0,0,0,0,0,32.1851395368576,0,0,0,144.149824678898,0,0,0,0,0,0,0,0,6.32405483722687,0,89.7464509904385,0,0,0,0,0,0,0,0,0,1.05021095275879,0,0,27.3114779293537,0,24.4689622372389,0,0
0,33.7645376324654,0,62.9586898982525,0,94.4352660775185,0,0,0,2.72086358070374,0,0,0,25.7734234035015,0,117.379367232323,0,0,0,0,0,0,0,0,0,0,0,0.327253371477127,0,0,0,0,0,0,0,0,0,0,0,0,0,0,0,0,0,0,0,0,0,66.9603911340237,0,215.246134608984,0,0,0,59.7067599892616,0,2.50350689888,0,165.416255444288,0,0,0,0,0,0,0,0,217.040248185396,0,5.40786415338516,0,0,0,0,0,0,0,0,0,0,0,0,0,3.43076059222221,0,0
0,0.340594410896301,0,4.93245416879654,0,26.4650387167931,0,0,0,0,0,154.643442451954,0,0,0,0,6.14834004640579,2.11258181929588,104.840390890837,635.706891477108,0,0,0,0,0,0,0,0,0,0,0,0,0,0,0,731.984481498599,0,796.921148732305,0,22.9230820089579,3.92350789159536,219.707340717316,2.50048446655273,10.4711683988571,0,1594.54339656979,0.150741130113602,2.3533787727356,0,8.03984200954437,0,241.728178024292,0,0,0,0,0,1137.474318102,0,0,0,0,0,2.17196887731552,0,0,0,0,0,0,0.415128707885742,0,400.286065809429,0,0,0,0,0,1456.36191502959,5.06106799840927,677.485593877733,0,967.796076588333,1.09147261083126,1376.60528036952,8.78548263013363,2.54585342109203
0,0,5.86809392273426,0,2.40249373018742,0,0,0,0,0,177.612620458007,0,0,0,0,0,15.0149308890104,0.803680747747421,62.069290779531,0,433.71826031059,0,0,0,0,0,0.265679270029068,0,0,0,0,0,0,0,0.282356351613998,0.604816950857639,376.385264150798,0,309.202668517828,0,192.59054595232,1.85517260432243,129.617100842297,0,0.29616791009903,0,221.153707869351,0,24.6575210615993,0,0,0,0,0,0,0,1013.80317366123,0,0,0,0,0,2.17196887731552,0,0,0,0,0,0,0,0,0,0,0.297917783260345,0,0,0,0,3.88610372692347,2954.40302730352,1.15606904029846,318.143558196723,168.72443921119,1.76716564595699,990.948911495507,0,43.0913700461388
0,0,0,0,0,0,0,0,0,0,0,0,0,0,0,0,0,13.9674636125565,0,0,0,6234.71456840634,7.23797231912613,77.7421571612358,0,13.9281958043575,0,10.0056950449944,0,0,0,0,0,0,0,0,0,295.047209262848,0,0,0,0,0,0,0,0,0,0,0,188.952280193567,0,0,0,0,0,0,0,0,0,0,0,0,0,0,0,0,17.119343817234,0,61.4266140162945,0,160.0979578197,0,0,0,0,0,0,0,0,0,143.979727864265,0,137.99964505434,0,0,0,0
0,0,0,0,0,0,0,0,0,0,0,0,0,0,0,0,4.05794954299927,0,0,0,0,93.0350511074066,5439.59894604236,0,124.211319953203,0,0,0,24.749341905117,0,0,0,0,0,0,0,0,0,201.528241455555,0,0,0,0,0,0,0,0,0,335.74923157692,0,0,0,0,0,0,0,0,0,0,0,0,0,0,0,0,0,0,10.7342739999294,0,0,0,0,0,0,0,0,0,0,0,0,0,161.789900809526,415.774700447917,6.32859128713608,0,0,0
0,0,0,0,0,0,0,0,0,160.374076873064,0,0,0,0,0,0,0,40.8951672315598,0,0,0,0,0,326.219465315342,0,0,0,0,0,0,0,0,0,0,0,0,0,276.311599254608,0,0,0,0,0,0,0,0,0,0,0,85.2205031514168,0,0,0,0,0,416.089622035623,0,0,0,0,0,0,0,0,17.119343817234,0,0,0,153.921972557902,0,0,0,0,0,0,0,0,0,0,0,549.005224376917,0,74.4730353653431,0,65.6012297570705,0,0
0,0,0,0,0,0,0,0,8.6662113070488,0,0,0,0,0,0,0,0,0,0,0,0,0,0,0,83.0934289395809,0,31.2975016832352,0,0,0,0,0,0,0,0,0,0,0,168.272049099207,0,0,0,0,0,0,0,0,0,13.1086871922016,0,0,0,0,0,689.890727847815,0,0,0,0,0,6.32405483722687,0,0,0,0,10.7342739999294,0,0,0,8.72308415174484,0,0,0,0,0,0,0,0,0,0,0,558.875436007977,49.5859518051147,0,38.2854635417461,0,0
0,4.30129164457321,0,0,0,0,0,0,0,0,0,0,0,63.9917010962963,0,5.34412130713463,0,0,0,0,0,0.418521136045456,0,4.56203143298626,0,452.327512294054,0,121.307899296284,0,0,0,0,0,0,0,0,0,0.396787345409393,0,0,0,0,0,0,0,0,0,0,0,37.4176239967346,0,0,0,0,0,0,0,16.3869259953499,0,82.0812019109726,0,217.040248185396,0,0,61.4266140162945,0,153.921972557902,0,0,0,301.065459549427,0,0,0,0,0,0,0,0,0,0,0,0,0,0,0,0
0,0,0,0,0,0,0,0,2,0,0,0,0,0,0,0,61.3495056927204,10.3773898780346,4.30866718292236,0,0,0,0.22640623152256,0,175.506964564323,0,341.803993195295,0,0,0,0,0,0,0,0,0,0,0,0,0,0,0,0,0,0,0,0,0,0,0,0,0,0,0,21.8013744354248,0,0,0,0,0,89.7464509904385,0,0,0,0,0,0,8.72308415174484,0,0,0,0,0,0,0,0,0,0,0,0,0,0,8.61243216693401,0,0,0,0
0,1.54238063097,0,0,0,0,0,0,0,0,0,0,0,17.0273752212524,0,0,0,0,0,0,0,127.580029010773,0,0,0,4.33705830574036,0,1113.47701515257,0,0,0,0,0,0,0,0,0,0,0,0,0,11.0424551069736,0,0,0,0,0,0,0,32.2032768577337,0,0,0,0,0,0,0,238.548805594444,0,96.9073615074158,0,5.40786415338516,0.415128707885742,0,160.0979578197,0,0,0,301.065459549427,0,0,0,208.83550336957,0,0,0,0,0,0,0,0,0,0.640691459178925,0,1.23829835653305,2.36159428954124,0
0,0,0,0,0,0,0,0,0,0,0,0,0,0,0,0,0,0,0,0,0,0,0,0,0,0,0,0,143.443739652634,0,4,0,0,0,0,0,0,0,0,0,0,0,0,0,0,0,0,0,0,0,0,0,0,0,0,0,17.2066203951836,0,0,0,0,0,0,0,0,0,0,0,0,0,0,0,0,0,0,0,0,0,0,0,0,0,0,0,1.85305643081665,0,0
0,0.945842921733856,0,20.9832484424114,0,1.14616477489471,0,0,0,0,0,266.934234693646,0,15.4751705527306,0,0,2.59628757834435,5.87078583240509,146.446558594704,1.90081262588501,0,0,0,0,0,0,0,111.240634858608,0,647.04707454145,0,0,0,0,0,3.65949403494596,0,72.7826445400715,0,2.63533000648022,1.15991286933422,433.822519749403,0.6879852861166,1.95916742086411,0,253.579304620624,0.205301091074944,0.201765939593315,0,91.4568886607885,0,0,0,0,0,0.225507363677025,0,497.931906417012,0,0,0,0,400.286065809429,0,0,0,0,0,0,0,208.83550336957,0,0,0,0,0,0,0,60.4271625503898,2.14133529365063,23.3526934087276,1.00775337219238,133.783073380589,5.21716229617596,414.859759107232,304.42790068686,0.184127062559128
0,0,0,0,0.397311478853226,0,0,0,0,0,13.0974413156509,0,0,0,0,0,0,0,0,0,0,0,0,0,0,0,0,0,0,0,550.662241637707,0,0,0,0,0,0,0,0,0,0,0,63.097256988287,0,0,0,0.154496490955353,0,0.432398065924644,0,0,0,0,0,0,0,90.1301362216473,0,0,0,0,0,0,0.297917783260345,0,0,0,0,0,0,0,0,0,0,0,0,0,0,0,0.132535517215729,0,14.2824809849262,2.80933958292007,0,110.474592402577,0,3.76338028907776
0,0,0,0,0,0,0,0,0,0,0,0,0,0,0,0,0,0,0,0,0,0,0,0,0,0,0,0,0,0,0,451.546723097563,87.8747879862785,107.778022557497,0,180.802960336208,0,0,0,0,0,0,0,0,0,0,0,117.74339568615,0,3.19840860366821,0,0,0,0,0,0,0,0,0,0,0,0,0,0,0,0,0,0,0,0,0,0,0,0,0,0,82.7254011929035,0,151.26067866385,0,0,0,7.65790116786957,0,0,0,0
0,0,0,0,0,0,0,0,0,0,0,0,0,0,0,0,0,0,0,0,0,0,0,0,0,0,0,0,0,0,0,6.37193262577057,2334.87000513077,0,103.501694515347,0,37.2407188564539,0,0,0,0,0,0,0,0,0,0,1063.35111746192,0,4.01738023757935,0,0,0,0,0,0,0,0,0,0,0,0,0,0,0,0,0,0,0,0,0,0,0,0,0,0,0,323.533005669713,0,70.2396620064974,0,0,349.017304718494,0,0,0,0
0,0,0,0,0,0,0,0,0,0,0,0,0,0,0,0,0,0,0,0,0,0,0,0,0,0,0,0,0,0,0,7.54705162346363,0.327607929706573,1121.70065918565,297.619563221931,138.157473385334,0,20.0371721088886,0,0,0,0,0,0,0,0,0,428.438884198666,0,14.888376057148,0,0,0,0,0,0,0,0,0,0,0,0,0,0,0,0,0,0,0,0,0,0,0,0,82.7254011929035,0,0,0,44.9312574863434,0,292.160788506269,0,291.332025647163,17.29370033741,0,0,0
0,0,0,0,0,0,0,0,0,0,0,0,0,0,0,0,0,0,0,0,0,0,0,0,0,0,0,0,0,0,0,0,62.8580618202686,0,937.804365307093,0,134.80902993679,0,65.6998733580112,0,0,0,0,0,0,0,0,303.752192676067,4.52036592364311,0,0,0,0,0,0,0,0,0,0,0,0,0,0,0,0,0,0,0,0,0,0,0,0,0,0,323.533005669713,0,0,0,42.6959704756737,0,117.876084163785,60.3079770505428,0,1.42096737027168,0,0
0,14.6196139901876,0,4.04766236245632,0,13.3380882591009,0,0,0,0,0,85.4836826324463,0,0,0,0,117.247689254582,162.104019097984,1891.55376695096,453.808826416731,0,0,0,0,0,0,0.699388265609741,0,0,0,0,286.512688070536,5.93885153532028,168.27368298173,0,18216.3447155654,472.399844869971,887.223198123276,0,270.88521130383,28.9698687791824,2088.02441117913,39.4104339629412,308.051510542631,0,1254.09147701412,6.59225656092167,2356.66346874833,23.7092024683952,1174.37049354613,0,26.6409274041653,0,0,0,0,2.58300256729126,21.5272502377629,0,0,0,0,1456.36191502959,3.88610372692347,0,0,0,0,0,0,0,0,60.4271625503898,0,151.26067866385,0,44.9312574863434,0,0,83.7219980359077,2051.96650996059,1.10569105297327,4128.33893220127,159.821320638061,1614.37144917995,164.625409282744,8.75609427690506
0.506471022963524,0,11.9383944869041,0.382152527570724,1.24140585958958,0,0,0,0,0,0.785016924142838,0,0,0,0,0,146.800395391881,65.8334080055356,1431.66663030535,0,739.387968063354,0,0,0,0,0,0,0,0,0,0,0,86.3690343797207,0,62.0097913742065,160.56419750303,14029.666330643,0,1155.93662022054,0.150291532278061,516.023312091827,26.6365386247635,1718.70497918874,0,22.9282875806093,0.865896299481392,1678.13950316608,849.803645849228,48.5856303051114,0,0,0,0,0,0,0.146616652607918,103.9758778736,0.28608912974596,0,0,1.05021095275879,0,5.06106799840927,2954.40302730352,0,0,0,0,0,0,0,0,2.14133529365063,0.132535517215729,0,70.2396620064974,0,42.6959704756737,83.7219980359077,0,13.5818596184254,1921.49340703338,1951.90527813882,39.4153690561652,2377.53304863721,6.90877090394497,73.1893450394273
0,2.63864421844482,0,10.9449231028557,0,0.488672986626625,0,0,0,9.6103421151638,0,33.5509969890118,0,0,0,0,23.9195119142532,42.8474590182304,762.586809873581,14.7644972801208,0,458.458191245794,0,251.148875817657,0,0,0,0,0,3.52471071481705,0,0,0,144.315447509289,0,1745.53262470663,0.15059506893158,10776.1344067007,0,6.07264150679111,8.0895159393549,423.999988868833,5.26960900425911,150.749125480652,0,587.043495342135,5.76084478199482,5.64364147186279,0,133.293079406023,0,0,0,0,0,161.127399593592,0,2.92523780465126,0,0,0,0,677.485593877733,1.15606904029846,143.979727864265,0,549.005224376917,0,0,0,0,0,23.3526934087276,0,0,0,292.160788506269,0,2051.96650996059,13.5818596184254,0,0.438522219657898,506.752827726305,88.5705796033144,550.909083515406,474.350501313806,0.235828742384911
0,0,5.96014606952667,0,0.588635265827179,0,0,0,62.1504973620176,0,101.534893929958,0,0,0,0,0,4.82595980912447,5.21579046547413,126.556303799152,0,7.27971437573433,0,148.771442189813,0,10.1649971604347,0,0,0,0,0,0.986397922039032,0,0,0,456.569469243288,0,652.688299246132,0,7333.40263498574,0,18.8100793361664,1.44412848353386,44.2136275172234,0,1.11467601358891,0,459.021782800555,0,576.016155190766,0,0,0,0,0,265.911995440722,0,18.2093859612942,0,0,0,0,0,0,318.143558196723,0,161.789900809526,0,558.875436007977,0,0,0,0,1.00775337219238,14.2824809849262,0,0,0,117.876084163785,1.10569105297327,1921.49340703338,0.438522219657898,0,588.884075134993,1.58189049363136,218.706301815808,0,18.9414979219437
52.3477803617716,50.5334210544825,347.61266541481,651.235802263021,218.775555804372,705.996494963765,97.2703704833984,114.410398244858,222.540544688702,627.942988619208,181.842830687761,341.367883011699,7,90.6982824802399,13.7103624939919,10.3186622262001,14952.1335102767,13723.358828716,10431.5654952228,322.613057643175,212.286105036736,663.758067429066,984.796940237284,139.779656648636,50.9054716974497,1,54.7623738050461,7.81749528646469,6.93912863731384,22.219208240509,0,99.7784142494202,452.532079279423,163.596954017878,252.247222542763,3699.32164618373,3301.43699137121,1174.82520286739,1649.79725500941,55.5644661039114,307.700109876692,2173.92515138537,1956.21080043912,32.188635930419,3.76992857456207,85.1972340196371,132.400284282863,3746.13896147907,1174.082026802,518.168609395623,130.188323140144,33.6978866755962,2.75981950759888,133.673258781433,4.41122323274612,7.07728931307793,247.719050206244,131.588625073433,22.0372259616852,14.3918690681458,27.3114779293537,0,967.796076588333,168.72443921119,137.99964505434,415.774700447917,74.4730353653431,49.5859518051147,0,8.61243216693401,0.640691459178925,0,133.783073380589,2.80933958292007,7.65790116786957,349.017304718494,291.332025647163,60.3079770505428,4128.33893220127,1951.90527813882,506.752827726305,588.884075134993,0,4182.62993176281,4985.08976044506,317.910116419196,273.257436320186
3.86006379127502,0,0,5.92014357447624,0.543238759040833,0,0,0,0,0,0,0,0,11.0841054916382,0,38.9808101654053,4148.72646339238,2501.02387440205,398.940170995891,0,0,262.280064225197,96.7428167462349,0,0,2,18.92089381814,0,0,0,0,0,0,24.0723932981491,0,66.4498685598373,54.5720638334751,49.7104127407074,59.578675031662,1.34139637649059,15.1969114094973,21.4074894934893,11.7727789580822,0.249541506171227,0,0,2.32576820999384,3.59058803319931,0.726541817188263,3.03688195347786,0,0,0,0,0,0,0,0.184499099850655,0,7.39254283905029,0,0,1.09147261083126,1.76716564595699,0,6.32859128713608,0,0,0,0,0,0,5.21716229617596,0,0,0,17.29370033741,0,159.821320638061,39.4153690561652,88.5705796033144,1.58189049363136,4182.62993176281,0,79.7677873373032,6.65819764137268,3.91158081591129
