0,0,3.91466876983643,0,0,0,0,0,3.69881945927938,0,0,0,0,0,3.90668147343856,0,0,0,9.24248441984487,0,0,0,0,0,20.4891796112061,0,0,0,0,0,0,0,0,0,0,0,0,0,31.1335945129395,0,0,0,0,0,0,0,0,0,3.65823591182383,0,0,0,0,0,5.37785156965256,0,0,0,0,0,4.74038308858871,0,0,0,0,0,0,31.6461696624756,0,0,0,0,0,0,0,0,0,0,0,0,0,0,3.48256936073303,0,4.6228723526001,0,0
0,0,0,10.4461414813995,0,0,0,0,0,3.62239117470999,0,0,0,0,0,0,0,0,0,0,0,37.1781616210938,0,15.2832235336304,0,0,0,0,0,0,0,0,0,0,0,0,0,18.1632966041565,0,0,0,6.9659442504247,0,0,0,0,0,0,0,12.1009205814152,0,0,0,0,0,4.50663065328831,0,0,0,0,0,4.94428658485413,0,0,0,0,0,0,0,0,9.70956325531006,0,0,0,0,0,0,0,0,0,18.4650795474374,0,5.4628850966692,0,13.5268897117778,0,0
3.91466876983643,0,0,0,5.08497491029217,0,0,0,4.34638613097522,0,0,0,0,0,0,0,0,0,0,0,0,0,0,0,0,0,0,0,0,0,0,0,0,0,0,0,0,0,32.6096750895182,0,0,0,31.1638477870396,0,0,0,11.4053361264704,0,5.68023153277935,0,2.74837827682495,0,0,0,8.41934289251055,0,22.192307472229,0,0,0,0,0,0,0,0,0,0,0,0,0,0,36.3998641967773,0,25.7297092437744,0,0,0,0,0,0,0,42.665098462786,16.9385276521955,0,6.27596311077501,0,0
0,10.4461414813995,0,0,0,3.74505858672293,0,0,0,5.12988000322682,0,0,0,0,0,0,0,56.0423164367676,41.6569585800171,12.6218357086182,0,0,0,0,0,0,0,0,0,0,0,0,0,0,0,27.1261466798328,0,0,0,40.6045126233782,0,28.9434449332101,0,0,0,15.1842858476576,0,35.8278846740723,0,6.97746292395251,0,0,0,0,0,0,0,11.5798826217651,0,0,0,0,12.725298166275,0,0,0,0,0,0,0,0,0,0,0,0,0,0,0,47.465138068566,0,0,0,28.6013918443751,25.5020171483358,8.2633200592697,0,0
0,0,5.08497491029217,0,0,0,3.83031558073484,0,3.64207984507084,0,0,0,0,0,0,0,0,0,0,0,0,0,0,0,34.5109329223633,0,0,0,0,0,0,0,0,0,0,0,0,0,0,0,0,0,0,0,0,0,16.0481325037339,0,0,0,3.89460145769217,0,4.03120791912079,0,2.990997838974,0,0,0,6.41609215736389,0,6.62001132965088,0,0,0,0,0,0,0,0,0,0,0,0,0,0,0,0,0,0,0,0,0,3.48511344929574,0,11.0649450936101,0,0
0,0,0,3.74505858672293,0,0,0,6.13082599639893,0,0,0,4.64878082275391,0,0,0,0,0,0,0,0,0,0,0,0,0,0,0,0,0,0,0,0,0,0,0,0,0,0,0,0,0,0,0,0,0,0,0,0,0,0,0,2.8475187420845,0,3.11099957674742,0,0,0,2.98626634530854,0,0,0,0,0,0,0,0,0,0,0,0,0,0,0,0,0,0,0,0,0,0,0,0,0,0,2.91656675338745,0,0
0,0,0,0,3.83031558073484,0,0,0,0,0,0,0,2.85452389717102,0,0,0,0,0,0,0,0,0,0,0,0,0,0,0,0,0,0,0,0,0,0,0,0,0,0,0,0,0,0,0,0,0,0,0,0,0,0,0,3.38057984856411,0,0,0,2.72511386871338,0,3.85449515779813,0,0,0,0,0,0,0,0,0,0,0,0,0,0,0,0,0,0,0,0,0,0,0,3.80172695094392,0,0,0,0
0,0,0,0,0,6.13082599639893,0,0,0,0,0,3.18971241487039,0,0,0,0,0,0,0,2.82099811236064,0,0,0,0,0,0,0,0,0,0,0,0,0,0,0,0,0,0,0,0,0,0,0,0,0,0,0,0,0,0,0,2.95254349708557,0,3.58657875494524,0,0,0,0,0,0,0,0,0,0,0,0,0,0,0,0,0,0,0,0,0,0,0,0,0,0,0,0,4.11854387521744,0,6.27072811126709,0,0
3.69881945927938,0,4.34638613097522,0,3.64207984507084,0,0,0,0,0,0,0,0,0,3.7764928817749,0,19.4901781082153,0,0,0,0,0,0,0,21.7729792467753,0,0,0,0,0,0,0,0,0,0,0,0,0,23.8235349628287,0,0,0,0,0,0,0,0,0,21.3299207755498,0,0,0,0,0,11.6569700042751,0,0,0,0,0,5.60274078295781,0,0,0,0,0,0,21.3284122322788,0,0,0,0,0,0,0,0,0,37.8654479980469,0,0,0,27.6389982747097,7.03802021344503,3.43676861639946,28.0031759575622,0,0
0,3.62239117470999,0,5.12988000322682,0,0,0,0,0,0,0,0,0,0,0,4.57172606468201,0,0,10.6481499671936,0,0,26.3508896074797,0,9.93682560553918,0,21.5127878189087,0,0,0,0,0,0,0,0,0,0,0,18.8941256451772,0,0,0,12.4025592803955,0,0,0,0,0,0,0,22.9718990325928,0,0,0,0,0,4.32443241762078,0,0,0,0,0,5.41161759387064,0,0,33.4816372611306,0,20.1858736673991,0,17.2857818603516,0,0,0,0,0,0,0,0,0,0,0,18.8026487045495,0,8.76522403160731,3.04448003768921,3.15418195724487,9.27923488616943,0
0,0,0,0,0,0,0,0,0,0,0,0,3.69813416660696,0,0,0,0,0,0,0,3.79717911815643,0,0,0,0,0,0,0,2.83490949869156,0,5.08640100034996,0,0,0,0,0,4.8535597527674,0,6.11438718769285,0,0,0,0,0,0,0,0,0,0,0,0,0,3.58221435546875,0,0,0,4.86315848014901,0,3.08271912003861,0,0,0,0,5.4321332344642,0,29.7869834899902,0,0,0,0,0,10.7784708255813,0,8.50214825243485,0,0,0,0,0,6.66640872425503,0,7.66329578074013,6.99681924437942,0,13.2650918960571,0,0
0,0,0,0,0,4.64878082275391,0,3.18971241487039,0,0,0,0,0,2.85576444405776,0,0,0,0,0,2.95626139640808,0,0,0,0,0,0,0,2.74750804901123,0,0,0,0,0,0,0,3.14582216739655,0,3.28522796630859,0,0,0,0,0,0,0,0,0,0,0,0,0,0,0,2.84341847896576,0,0,0,3.34867043892543,0,2.95393837125678,0,0,5.67917639558966,0,0,0,0,0,0,0,0,0,0,0,0,0,0,0,0,0,0,0,3.18708568960428,0,5.70661211013794,0,0
0,0,0,0,0,0,2.85452389717102,0,0,0,3.69813416660696,0,0,0,3.37713152786781,0,0,0,0,0,0,0,0,0,0,0,0,0,2.90806156992912,0,0,0,0,0,0,0,0,0,0,0,0,0,0,0,0,0,0,0,0,0,0,0,3.49223487517413,0,0,0,5.15315190067998,0,4.62123972681753,0,3.46403469358172,0,0,0,0,0,0,0,0,11.1875028610229,0,3.3798511505127,0,22.5208053588867,0,0,0,0,0,0,0,0,3.15139383222999,0,0,0,0
0,0,0,0,0,0,0,0,0,0,0,2.85576444405776,0,0,0,0,0,0,0,0,0,0,0,0,0,0,0,0,0,0,0,0,0,0,0,0,0,0,0,0,0,0,0,0,0,0,0,0,0,0,0,0,0,0,0,0,0,0,0,2.96770406564077,0,0,0,0,0,0,0,0,0,0,2.76766660809517,0,0,0,0,0,0,0,0,0,0,0,3.08764514923096,4.18490476608276,0,0,0
3.90668147343856,0,0,0,0,0,0,0,3.7764928817749,0,0,0,3.37713152786781,0,0,0,0,0,0,0,0,0,0,0,23.6745621363322,0,0,0,0,0,0,0,0,0,0,0,0,0,28.7534679836697,0,0,0,0,0,0,0,0,0,18.2568684707988,0,0,0,0,0,5.73169085786149,0,0,0,3.55416447706897,0,4.20003329817929,0,0,0,0,0,0,22.6038598147306,0,12.3968354083122,0,6.86103771754674,0,0,0,0,0,0,0,0,0,33.1663451561561,15.486375617981,0,32.903014256404,0,0
0,0,0,0,0,0,0,0,0,4.57172606468201,0,0,0,0,0,0,0,0,0,0,0,0,0,3.24249778295818,0,3.19406369754246,0,0,0,0,0,0,0,0,0,0,0,0,0,0,0,0,0,0,0,0,0,0,0,21.6947140693665,0,0,0,0,0,5.90895875930786,0,0,0,0,0,4.43327990868934,0,0,0,0,9.91442680358887,0,8.05247602462769,0,0,0,0,0,0,0,0,0,0,0,0,0,0,0,0,0,0
0,0,0,0,0,0,0,0,19.4901781082153,0,0,0,0,0,0,0,0,10.5660761567899,19.0864465382088,0,42.1076942443848,0,5.60162407427039,0,6.80631383741745,23.8676213582357,6.45722779569267,0,0,0,0,0,0,0,0,0,0,0,0,0,0,37.0595128536224,30.9416394233704,40.2407808548365,28.2574603522002,33.9254150390625,42.7025451660156,0,60.4318675994873,0,0,0,0,0,0,0,0,0,0,0,0,0,0,45.1897807401769,27.141387462616,55.2855292856693,0,0,30.1565159161886,0,0,60.9751055790828,0,46.384040541119,0,0,0,0,0,0,0,56.6774113696554,9.52368862778896,11.6948440319655,42.7900248056366,42.6146450042725,35.0731646979033
0,0,0,56.0423164367676,0,0,0,0,0,0,0,0,0,0,0,0,10.5660761567899,0,23.3785122812997,0,0,10.8572792649269,0,0,10.5735195477804,13.220347380746,21.7030811309814,0,0,0,0,0,0,0,0,0,0,0,0,0,0,32.2122595502042,46.8714818358421,40.6138297474903,45.335355758667,47.8004169464111,0,0,0,0,0,0,0,0,0,0,0,0,0,0,0,0,0,0,18.2656075424618,0,0,0,21.361342782066,0,0,0,0,73.7362594604492,0,0,0,0,64.9976348876953,0,0,63.0482978820801,10.3968099542075,6.15167172286674,43.4435761155753,29.0527878080096,48.4915445115831
9.24248441984487,0,0,41.6569585800171,0,0,0,0,0,10.6481499671936,0,0,0,0,0,0,19.0864465382088,23.3785122812997,0,0,32.0374513467153,0,0,0,26.7164192199707,0,0,0,0,0,0,0,0,0,0,0,0,6.95730543136597,28.9363594055176,61.0725784301758,0,14.0731488888973,14.302006597603,22.7349171019123,13.3808301407693,36.0908205032349,23.1282448157286,0,42.3940254211426,34.5472450256348,0,0,0,0,0,0,29.5971536636353,24.4080028533936,0,0,0,0,0,32.4242922200097,0,53.3228781326957,0,0,40.0596580505371,0,0,48.9045451901994,24.6695518493652,36.1920701184887,0,0,0,0,56.2962265014648,0,38.0984001159668,45.9441523672152,13.447494340901,34.7060970756986,28.0716628311624,14.0155688241471,19.1189868592583
0,0,0,12.6218357086182,0,0,0,2.82099811236064,0,0,0,2.95626139640808,0,0,0,0,0,0,0,0,0,0,0,0,0,0,0,0,0,0,0,0,0,0,0,3.98440433330223,0,3.38552931272067,0,0,0,0,0,0,0,5.86489164829254,0,0,0,0,0,0,0,0,0,0,0,10.4770957185672,0,0,0,0,4.22129673725221,0,0,0,0,0,0,0,0,0,0,0,0,0,0,0,3.37580311409781,0,5.28780062519587,0,3.87125453520357,0,6.14298249107518,0,0
0,0,0,0,0,0,0,0,0,0,3.79717911815643,0,0,0,0,0,42.1076942443848,0,32.0374513467153,0,0,0,0,0,0,0,0,0,0,0,0,0,0,0,0,0,5.19974847923445,0,7.53025759209832,0,0,0,21.6332648595174,0,23.0856590270996,0,16.8594704959907,0,0,0,0,0,0,0,0,0,4.59447998006197,0,0,0,0,0,0,6.27242943675154,0,0,0,0,0,0,0,0,0,8.22062369187673,0,0,0,0,0,5.12403258524443,0,9.81163822548299,6.65561609745026,0,6.82864754850214,0,19.1009960174561
0,37.1781616210938,0,0,0,0,0,0,0,26.3508896074797,0,0,0,0,0,0,0,10.8572792649269,0,0,0,0,4.2585715003796,8.73301938252571,0,6.18649285508875,0,2.96883448958397,0,0,0,0,0,0,0,0,0,4.77973975581035,0,0,0,0,0,0,0,0,0,0,0,4.55201952648163,0,0,0,0,0,32.1498597145081,0,0,0,0,0,0,0,0,5.2569186181069,0,12.5239349263055,0,7.81939607471615,0,9.52035494645437,0,0,0,0,0,0,0,0,0,6.23713000327062,0,4.35586953090817,3.32261728618456,0,0,0
0,0,0,0,0,0,0,0,0,0,0,0,0,0,0,0,5.60162407427039,0,0,0,0,4.2585715003796,0,0,5.48761077846389,0,2.89159897395543,0,3.56483541897365,0,0,0,0,0,0,0,0,0,9.27688666793319,0,0,0,0,0,0,0,0,0,7.37924192569874,0,0,0,0,0,0,0,0,0,0,0,0,0,0,0,0,5.07961823857873,0,6.106901960402,0,4.73161632210545,0,6.28204257370996,0,0,0,0,0,0,0,0,0,13.2375689071902,3.78049710793929,4.898028546764,0,0,0
0,15.2832235336304,0,0,0,0,0,0,0,9.93682560553918,0,0,0,0,0,3.24249778295818,0,0,0,0,0,8.73301938252571,0,0,0,6.22548787616124,0,0,0,0,0,0,0,0,0,0,0,6.16843728761415,0,0,0,11.7898570270073,0,0,0,0,0,0,0,14.250323499952,0,0,0,0,0,15.4767593755955,0,14.8928694725037,0,0,0,3.60643252459439,0,0,14.0753811126532,0,6.02276332610476,0,5.71591915854489,0,11.1422023773193,0,0,0,0,0,0,0,0,0,15.1396949507973,0,8.07364078490965,0,12.8716486930847,11.4965818277995,0
20.4891796112061,0,0,0,34.5109329223633,0,0,0,21.7729792467753,0,0,0,0,0,23.6745621363322,0,6.80631383741745,10.5735195477804,26.7164192199707,0,0,0,5.48761077846389,0,0,0,3.27089214324951,0,0,0,0,0,0,0,0,0,0,0,4.5074279795056,0,0,0,0,0,0,0,0,0,25.5002610342843,0,0,0,0,0,19.7122789046147,0,0,0,0,0,23.5813358747042,0,0,0,0,7.29350820807524,0,5.14703170222058,0,3.94935118741003,0,0,0,0,0,0,0,0,0,0,0,9.97617479938789,4.68291788826586,0,50.1472816467285,0,0
0,0,0,0,0,0,0,0,0,21.5127878189087,0,0,0,0,0,3.19406369754246,23.8676213582357,13.220347380746,0,0,0,6.18649285508875,0,6.22548787616124,0,0,0,2.99479235070092,0,0,0,0,0,0,0,0,0,18.9639654159546,0,0,0,0,0,0,0,0,0,0,0,0,0,0,0,0,0,18.009446233511,0,0,0,0,0,4.70292874862408,0,0,6.90323514096877,0,6.11032971711616,0,5.2681591779191,0,5.12638648696568,0,0,0,0,0,0,0,0,0,20.6427516937256,0,14.5061644025751,2.85216988325119,0,0,0
0,0,0,0,0,0,0,0,0,0,0,0,0,0,0,0,6.45722779569267,21.7030811309814,0,0,0,0,2.89159897395543,0,3.27089214324951,0,0,0,0,0,0,0,0,0,0,0,0,0,0,0,0,0,0,0,0,0,0,0,0,0,0,0,0,0,0,0,0,0,0,0,0,0,0,0,0,0,0,0,0,3.22934913335733,0,0,0,0,0,0,0,0,0,0,0,0,3.53384409155897,0,0,0,0
0,0,0,0,0,0,0,0,0,0,0,2.74750804901123,0,0,0,0,0,0,0,0,0,2.96883448958397,0,0,0,2.99479235070092,0,0,0,3.23428045881206,0,0,0,0,0,0,0,8.24367146492004,0,0,0,0,0,0,0,0,0,0,0,0,0,0,0,0,0,0,0,0,0,0,0,0,0,0,0,0,0,0,3.58471262454987,0,4.06296424342315,0,0,0,0,0,0,0,0,0,5.40906772090168,0,3.16854158950889,0,0,0,0
0,0,0,0,0,0,0,0,0,0,2.83490949869156,0,2.90806156992912,0,0,0,0,0,0,0,0,0,3.56483541897365,0,0,0,0,0,0,0,4.22645537190967,0,0,0,0,0,0,0,4.60356635079348,0,0,0,30.8216781616211,0,0,0,0,0,0,0,0,0,0,0,0,0,13.6990385055542,0,2.8333122253418,0,0,0,0,0,0,4.07225410754864,0,0,0,0,0,4.36450123616073,0,15.374658425649,0,0,0,0,0,0,0,0,4.55414720535278,2.92392281691233,22.4364080429077,0,0
0,0,0,0,0,0,0,0,0,0,0,0,0,0,0,0,0,0,0,0,0,0,0,0,0,0,0,3.23428045881206,0,0,0,0,0,0,0,0,0,3.92040770787459,0,0,0,0,0,0,0,0,0,0,0,0,0,0,0,0,0,0,0,3.66170179843903,0,0,0,0,0,0,0,0,0,0,0,0,3.43916563426747,0,4.26854114136481,0,0,0,0,0,0,0,6.74443845251414,0,3.28176819857429,0,0,0,0
0,0,0,0,0,0,0,0,0,0,5.08640100034996,0,0,0,0,0,0,0,0,0,0,0,0,0,0,0,0,0,4.22645537190967,0,0,0,0,0,0,0,0,0,3.81703879160759,0,0,0,0,0,0,0,0,0,0,0,0,0,0,0,0,0,6.02023826292412,0,2.73566269874573,0,0,0,0,0,0,0,0,0,0,0,0,3.46407898478635,0,3.82034010181622,0,0,0,0,0,0,0,3.74281721818643,6.2811348716934,2.85019588470459,0,0,0
0,0,0,0,0,0,0,0,0,0,0,0,0,0,0,0,0,0,0,0,0,0,0,0,0,0,0,0,0,0,0,0,4.94175391873686,7.6372470955054,11.4514983722142,3.22198044118427,16.660530090332,0,0,12.5970096588135,20.3062610626221,0,0,0,0,0,0,5.2158462931032,16.3765385367654,10.4433080355326,0,0,0,0,0,0,0,0,0,0,0,0,0,0,0,0,0,0,0,0,0,0,0,0,3.9206344858755,6.37246752537049,8.38059765689976,0,5.13242758671443,21.3099026150174,0,0,3.31146744665156,0,18.1879841486613,0,0
0,0,0,0,0,0,0,0,0,0,0,0,0,0,0,0,0,0,0,0,0,0,0,0,0,0,0,0,0,0,0,4.94175391873686,0,5.37122213213067,4.93374846642276,4.50410865482531,3.57072992295754,0,0,0,0,0,0,0,0,0,0,4.53101269634927,0,12.396285533905,0,0,0,0,0,0,0,0,0,0,0,0,0,0,0,0,0,0,0,0,0,0,0,0,6.65994297579715,3.22239644613771,0,4.62049928392683,13.2089059352875,4.19288992668901,0,0,3.33839837054616,0,0,0,0
0,0,0,0,0,0,0,0,0,0,0,0,0,0,0,0,0,0,0,0,0,0,0,0,0,0,0,0,0,0,0,7.6372470955054,5.37122213213067,0,4.69751626974624,5.78578667083048,17.2417430877686,3.53523886137904,6.70429603124069,0,0,0,0,0,0,0,0,5.4903212968166,11.479808807373,5.47248363494873,0,0,0,0,0,0,0,0,0,0,0,0,0,0,0,0,0,0,0,0,0,0,0,0,8.53491479792493,10.2466548283895,4.69271830251012,6.34472845867276,5.59260416148331,16.3787436969038,5.09742002776175,10.5306581656138,3.97561672952781,4.2707746297121,0,0,0
0,0,0,0,0,0,0,0,0,0,0,0,0,0,0,0,0,0,0,0,0,0,0,0,0,0,0,0,0,0,0,11.4514983722142,4.93374846642276,4.69751626974624,0,0,5.33904809189317,8.92833185195923,5.34009642058458,0,0,0,0,0,0,0,0,4.05519681703645,4.72283970445826,0,0,0,0,0,0,0,0,0,0,0,0,0,0,0,0,0,0,0,0,0,0,0,0,0,9.20131179264614,7.98639278308205,6.73080776158501,4.40991795111429,0,6.21523985469393,9.46572240193685,5.04509233084279,3.84577919622386,3.13275941935453,9.44425106048584,0,0
0,0,0,27.1261466798328,0,0,0,0,0,0,0,3.14582216739655,0,0,0,0,0,0,0,3.98440433330223,0,0,0,0,0,0,0,0,0,0,0,3.22198044118427,4.50410865482531,5.78578667083048,0,0,3.29327841974654,4.5216199956234,0,11.2771879196167,21.0524016789028,25.7352752685547,0,0,0,12.4416911181282,0,8.16969847821054,16.5246852493286,11.7422294249901,0,0,0,0,0,0,0,30.9988198280334,0,0,0,0,4.22809183228332,0,0,0,0,0,0,0,0,0,0,0,4.30800366401672,0,8.32598397979847,0,4.48129828061925,12.7179060349098,6.79439795935369,0,4.01660220254455,4.23360217412313,20.3184199112141,29.5781221389771,0
0,0,0,0,0,0,0,0,0,0,4.8535597527674,0,0,0,0,0,0,0,0,0,5.19974847923445,0,0,0,0,0,0,0,0,0,0,16.660530090332,3.57072992295754,17.2417430877686,5.33904809189317,3.29327841974654,0,0,5.34092159674379,0,0,0,0,0,0,0,2.74415707588196,7.23306980397966,0,0,0,0,0,0,0,0,4.95453590154648,0,0,0,0,0,0,7.68809526561743,0,0,0,0,0,0,0,0,0,0,0,3.39339234300716,16.7350686073303,3.9148608835376,0,5.23644255316093,0,5.63285177864091,4.27386238372974,3.02140955364003,3.77911984786559,0,0
0,18.1632966041565,0,0,0,0,0,0,0,18.8941256451772,0,3.28522796630859,0,0,0,0,0,0,6.95730543136597,3.38552931272067,0,4.77973975581035,0,6.16843728761415,0,18.9639654159546,0,8.24367146492004,0,3.92040770787459,0,0,0,3.53523886137904,8.92833185195923,4.5216199956234,0,0,6.13052292066078,0,0,15.4695013828848,0,0,0,0,0,4.86321183478478,0,6.69309335947037,0,0,0,0,0,21.2657040465112,0,17.0094194412231,0,0,0,0,4.14697618285815,0,4.32501533856759,0,0,0,0,0,5.55996257918222,0,3.44525681336721,0,0,0,4.53917406945333,7.38258695602417,5.45697894199289,0,4.80229939975246,5.42743674191562,4.48622260382431,3.81565997799238,13.1904436205824,16.9774588217003,0
31.1335945129395,0,32.6096750895182,0,0,0,0,0,23.8235349628287,0,6.11438718769285,0,0,0,28.7534679836697,0,0,0,28.9363594055176,0,7.53025759209832,0,9.27688666793319,0,4.5074279795056,0,0,0,4.60356635079348,0,3.81703879160759,0,0,6.70429603124069,5.34009642058458,0,5.34092159674379,6.13052292066078,0,0,0,0,20.8531676342613,0,0,0,27.7839908599854,5.52689821877795,4.61761968056995,0,0,0,0,0,19.3011896622908,0,7.11121152043343,0,0,0,29.0073018137614,0,0,0,0,8.37780554935496,0,6.95150458247613,0,0,0,8.97720758538497,0,3.15012540457384,0,0,8.32770721867399,11.7645573043823,0,7.28614195612814,9.08319888616863,4.92964379051654,4.41159187767604,3.82576629266901,19.0547801218535,0,0
0,0,0,40.6045126233782,0,0,0,0,0,0,0,0,0,0,0,0,0,0,61.0725784301758,0,0,0,0,0,0,0,0,0,0,0,0,12.5970096588135,0,0,0,11.2771879196167,0,0,0,0,15.7660016279954,13.9353610810721,0,21.7687546579461,0,7.79226201302127,0,11.5767349889201,12.0413413689275,6.60279509009961,0,0,0,0,0,0,0,0,0,0,0,0,5.8598108291626,0,0,0,0,0,0,0,0,0,0,0,0,0,0,0,5.00264310585825,21.2105454789831,6.79090711474419,0,15.0414675076803,0,8.00374556016249,13.3847881498791,0
0,0,0,0,0,0,0,0,0,0,0,0,0,0,0,0,0,0,0,0,0,0,0,0,0,0,0,0,0,0,0,20.3062610626221,0,0,0,21.0524016789028,0,0,0,15.7660016279954,0,0,12.0309042215347,0,0,0,4.08357016406075,17.9565137227376,6.17176374751413,11.2670740952363,0,0,0,0,0,0,0,0,0,0,0,0,0,5.90211009979248,0,0,0,0,0,0,0,0,0,0,0,0,0,0,21.1939367394698,5.38919059151695,0,0,0,0,5.39550904308068,0,0
0,6.9659442504247,0,28.9434449332101,0,0,0,0,0,12.4025592803955,0,0,0,0,0,0,37.0595128536224,32.2122595502042,14.0731488888973,0,0,0,0,11.7898570270073,0,0,0,0,0,0,0,0,0,0,0,25.7352752685547,0,15.4695013828848,0,13.9353610810721,0,0,8.96620110339589,9.58716782685873,0,15.3347208538209,0,4.66120099678314,0,7.33900401044432,0,0,0,0,0,0,0,11.6373665457186,0,0,0,0,17.7073645462861,46.9128837585449,0,0,0,0,0,0,14.1872242450714,0,8.24204580068588,0,0,0,0,0,14.9389488998593,0,11.3753120599617,52.1350173950195,9.52668927626402,21.7791143894196,6.89170345330831,6.67351604045459,43.3190078735352
0,0,31.1638477870396,0,0,0,0,0,0,0,0,0,0,0,0,0,30.9416394233704,46.8714818358421,14.302006597603,0,21.6332648595174,0,0,0,0,0,0,0,30.8216781616211,0,0,0,0,0,0,0,0,0,20.8531676342613,0,12.0309042215347,8.96620110339589,0,27.9124397951014,6.36730649844319,0,8.23990202824275,5.34987456685021,8.06111557187825,0,0,0,0,0,32.2749862670898,0,17.7467354055037,0,0,0,0,0,0,26.7479540109634,0,35.5760007260451,0,0,0,0,0,27.9872039720124,0,16.9307857084995,0,0,0,9.68616580963135,0,9.69459314346313,0,27.9155021276169,8.23552265312558,16.9745222240686,10.8094355518307,0,8.47345114716696
0,0,0,0,0,0,0,0,0,0,0,0,0,0,0,0,40.2407808548365,40.6138297474903,22.7349171019123,0,0,0,0,0,0,0,0,0,0,0,0,0,0,0,0,0,0,0,0,21.7687546579461,0,9.58716782685873,27.9124397951014,0,34.506233215332,17.1261348777347,0,0,0,0,0,0,0,0,0,0,0,0,0,0,0,0,23.1034622192383,44.5927124023438,0,0,0,0,0,0,0,0,0,47.4171005249023,0,0,0,0,25.8972395383395,0,18.8684749603271,59.1576728820801,20.4486515078924,15.8964339819821,15.7112768498537,4.99987256804178,33.4340181350708
0,0,0,0,0,0,0,0,0,0,0,0,0,0,0,0,28.2574603522002,45.335355758667,13.3808301407693,0,23.0856590270996,0,0,0,0,0,0,0,0,0,0,0,0,0,0,0,0,0,0,0,0,0,6.36730649844319,34.506233215332,0,0,4.64240060461328,0,0,0,0,0,0,0,0,0,0,0,0,0,0,0,0,20.9599021911621,0,0,0,0,0,0,0,0,0,25.3376639684041,0,0,0,0,0,0,0,43.2149340311686,14.9249099802088,0,11.783767405651,0,31.0492390394211
0,0,0,15.1842858476576,0,0,0,0,0,0,0,0,0,0,0,0,33.9254150390625,47.8004169464111,36.0908205032349,5.86489164829254,0,0,0,0,0,0,0,0,0,0,0,0,0,0,0,12.4416911181282,0,0,0,7.79226201302127,0,15.3347208538209,0,17.1261348777347,0,0,0,0,0,17.9666534423828,0,0,0,0,0,0,0,16.1740589480028,0,0,0,0,10.6357608642419,0,0,0,0,0,0,0,0,0,0,0,0,0,0,0,10.0476603504163,0,0,0,18.3811424859136,24.2506275177002,7.01540803442088,0,0
0,0,11.4053361264704,0,16.0481325037339,0,0,0,0,0,0,0,0,0,0,0,42.7025451660156,0,23.1282448157286,0,16.8594704959907,0,0,0,0,0,0,0,0,0,0,0,0,0,0,0,2.74415707588196,0,27.7839908599854,0,4.08357016406075,0,8.23990202824275,0,4.64240060461328,0,0,0,13.5634373346965,0,0,0,0,0,0,0,19.7900235493978,0,0,0,0,0,0,7.09198753576893,0,44.7584266185761,0,0,0,0,0,38.31698374205,0,23.1442280858755,0,0,0,0,0,5.25438946691053,0,38.4281209893183,18.7566566467285,0,9.06745823937203,0,0
0,0,0,35.8278846740723,0,0,0,0,0,0,0,0,0,0,0,0,0,0,0,0,0,0,0,0,0,0,0,0,0,0,0,5.2158462931032,4.53101269634927,5.4903212968166,4.05519681703645,8.16969847821054,7.23306980397966,4.86321183478478,5.52689821877795,11.5767349889201,17.9565137227376,4.66120099678314,5.34987456685021,0,0,0,0,0,6.22757892330263,7.65393598420949,0,0,0,0,0,0,0,0,0,0,0,0,0,0,0,0,0,0,0,0,0,0,0,0,6.88544822946608,4.62806428075446,6.02147176528134,6.34867468409503,9.8190304038962,6.87309930488254,6.01181636282203,5.10314886954241,5.43236771442609,5.11578525437249,5.23292060096735,0,0
3.65823591182383,0,5.68023153277935,0,0,0,0,0,21.3299207755498,0,0,0,0,0,18.2568684707988,0,60.4318675994873,0,42.3940254211426,0,0,0,7.37924192569874,0,25.5002610342843,0,0,0,0,0,0,16.3765385367654,0,11.479808807373,4.72283970445826,16.5246852493286,0,0,4.61761968056995,12.0413413689275,6.17176374751413,0,8.06111557187825,0,0,0,13.5634373346965,6.22757892330263,0,10.454631440383,0,0,0,0,23.8941036973681,0,19.4141111964853,0,8.31546948696005,0,25.2257130255446,0,0,0,0,6.4044002332995,0,15.2093707527433,0,19.628388505233,0,18.281580324215,0,13.9311527828518,13.3405588374418,3.61028078750328,0,3.80154579877853,15.6233199731544,6.73571661998293,0,6.94507653030842,15.3537816836916,0,13.8965768547246,0,0
0,12.1009205814152,0,6.97746292395251,0,0,0,0,0,22.9718990325928,0,0,0,0,0,21.6947140693665,0,0,34.5472450256348,0,0,4.55201952648163,0,14.250323499952,0,0,0,0,0,0,0,10.4433080355326,12.396285533905,5.47248363494873,0,11.7422294249901,0,6.69309335947037,0,6.60279509009961,11.2670740952363,7.33900401044432,0,0,0,17.9666534423828,0,7.65393598420949,10.454631440383,0,0,0,0,0,0,19.3265935279228,0,4.28917622566223,0,0,0,14.595724701036,0,0,5.76731662796841,0,7.76114589235057,0,9.53973500159249,0,6.90408162352661,0,4.44907565677867,0,3.59122860431671,0,8.89278203865577,0,5.93766445076311,16.0135950452274,6.17358918676275,0,13.9564849253054,25.6538782119751,6.93224126282308,13.5217613379161,0
0,0,2.74837827682495,0,3.89460145769217,0,0,0,0,0,0,0,0,0,0,0,0,0,0,0,0,0,0,0,0,0,0,0,0,0,0,0,0,0,0,0,0,0,0,0,0,0,0,0,0,0,0,0,0,0,0,0,2.95404596328735,0,0,0,0,0,4.83173152378627,0,4.92234404881795,0,0,0,0,0,0,0,0,0,0,0,0,0,0,0,0,0,0,0,0,0,4.38536041079004,0,34.0883140563965,0,0
0,0,0,0,0,2.8475187420845,0,2.95254349708557,0,0,0,0,0,0,0,0,0,0,0,0,0,0,0,0,0,0,0,0,0,0,0,0,0,0,0,0,0,0,0,0,0,0,0,0,0,0,0,0,0,0,0,0,0,2.97389245033264,0,0,0,3.16996002197266,0,0,0,0,0,0,0,0,0,0,0,0,0,0,0,0,0,0,0,0,0,0,0,0,0,0,6.10453748703003,0,0
0,0,0,0,4.03120791912079,0,3.38057984856411,0,0,0,3.58221435546875,0,3.49223487517413,0,0,0,0,0,0,0,0,0,0,0,0,0,0,0,0,0,0,0,0,0,0,0,0,0,0,0,0,0,0,0,0,0,0,0,0,0,2.95404596328735,0,0,0,0,0,3.36898732185364,0,3.74124531830307,0,0,0,0,0,0,0,0,0,0,0,0,0,0,0,0,0,0,0,0,0,0,0,4.06172526050621,0,0,0,0
0,0,0,0,0,3.11099957674742,0,3.58657875494524,0,0,0,2.84341847896576,0,0,0,0,0,0,0,0,0,0,0,0,0,0,0,0,0,0,0,0,0,0,0,0,0,0,0,0,0,0,0,0,0,0,0,0,0,0,0,2.97389245033264,0,0,0,0,0,2.97619485855103,0,0,0,0,0,0,0,0,0,0,0,0,0,0,0,0,0,0,0,0,0,0,0,0,4.06860741615295,0,0,0,0
5.37785156965256,0,8.41934289251055,0,2.990997838974,0,0,0,11.6569700042751,0,0,0,0,0,5.73169085786149,0,0,0,0,0,0,0,0,0,19.7122789046147,0,0,0,0,0,0,0,0,0,0,0,0,0,19.3011896622908,0,0,0,32.2749862670898,0,0,0,0,0,23.8941036973681,0,0,0,0,0,0,0,0,0,0,0,10.4063676467309,0,0,0,0,0,0,21.584407258541,0,0,0,0,0,0,0,0,0,0,0,0,0,21.4028326344244,17.0253779671409,0,29.543378867355,0,0
0,4.50663065328831,0,0,0,0,0,0,0,4.32443241762078,0,0,0,0,0,5.90895875930786,0,0,0,0,0,32.1498597145081,0,15.4767593755955,0,18.009446233511,0,0,0,0,0,0,0,0,0,0,0,21.2657040465112,0,0,0,0,0,0,0,0,0,0,0,19.3265935279228,0,0,0,0,0,0,0,0,0,0,0,4.60283821650914,0,0,34.1986157700822,0,19.2542105742863,0,20.4084099663628,0,0,0,0,0,0,0,0,0,0,0,20.204604601338,0,20.4556547950296,0,18.4660933017731,0,0
0,0,22.192307472229,0,0,0,2.72511386871338,0,0,0,4.86315848014901,0,5.15315190067998,0,0,0,0,0,29.5971536636353,0,4.59447998006197,0,0,0,0,0,0,0,13.6990385055542,0,6.02023826292412,0,0,0,0,0,4.95453590154648,0,7.11121152043343,0,0,0,17.7467354055037,0,0,0,19.7900235493978,0,19.4141111964853,0,0,0,3.36898732185364,0,0,0,0,0,5.06723781654662,0,3.65280015845048,0,0,6.17645491917928,0,30.2580567541577,0,0,0,5.28170251846313,0,10.6219181276965,0,6.55770176184901,0,0,0,0,0,6.12135028839111,0,26.5354623969172,6.4278313640981,0,6.44245553963539,0,0
0,0,0,11.5798826217651,0,2.98626634530854,0,0,0,0,0,3.34867043892543,0,0,0,0,0,0,24.4080028533936,10.4770957185672,0,0,0,14.8928694725037,0,0,0,0,0,3.66170179843903,0,0,0,0,0,30.9988198280334,0,17.0094194412231,0,0,0,11.6373665457186,0,0,0,16.1740589480028,0,0,0,4.28917622566223,0,3.16996002197266,0,2.97619485855103,0,0,0,0,0,3.37542617321014,0,0,10.3295361263118,0,0,0,0,0,0,0,3.79990121606108,0,3.33098037026145,0,0,0,0,0,27.1043796539307,0,0,0,18.9014090498288,0,6.83965102573358,12.39690370727,0
0,0,0,0,6.41609215736389,0,3.85449515779813,0,0,0,3.08271912003861,0,4.62123972681753,0,3.55416447706897,0,0,0,0,0,0,0,0,0,0,0,0,0,2.8333122253418,0,2.73566269874573,0,0,0,0,0,0,0,0,0,0,0,0,0,0,0,0,0,8.31546948696005,0,4.83173152378627,0,3.74124531830307,0,0,0,5.06723781654662,0,0,0,5.41234848944695,0,0,0,0,0,0,0,0,7.94399179927016,0,5.83467081291218,0,34.4144821166992,0,0,0,0,0,0,0,25.6294238350608,3.99346282376963,0,0,0,0
0,0,0,0,0,0,0,0,0,0,0,2.95393837125678,0,2.96770406564077,0,0,0,0,0,0,0,0,0,0,0,0,0,0,0,0,0,0,0,0,0,0,0,0,0,0,0,0,0,0,0,0,0,0,0,0,0,0,0,0,0,0,0,3.37542617321014,0,0,0,0,0,0,0,0,0,0,0,0,0,0,0,0,0,0,0,0,0,0,0,0,0,0,0,0,0
4.74038308858871,0,0,0,6.62001132965088,0,0,0,5.60274078295781,0,0,0,3.46403469358172,0,4.20003329817929,0,0,0,0,0,0,0,0,0,23.5813358747042,0,0,0,0,0,0,0,0,0,0,0,0,0,29.0073018137614,0,0,0,0,0,0,0,0,0,25.2257130255446,0,4.92234404881795,0,0,0,10.4063676467309,0,3.65280015845048,0,5.41234848944695,0,0,0,0,0,0,0,0,24.0348498278325,0,10.2576691408822,0,11.6854478070324,0,26.1869855360551,0,0,0,0,0,0,0,30.256889853679,23.6809145927429,0,27.5237733356988,0,0
0,4.94428658485413,0,0,0,0,0,0,0,5.41161759387064,0,0,0,0,0,4.43327990868934,0,0,0,0,0,0,0,3.60643252459439,0,4.70292874862408,0,0,0,0,0,0,0,0,0,0,0,0,0,0,0,0,0,0,0,0,0,0,0,14.595724701036,0,0,0,0,0,4.60283821650914,0,0,0,0,0,0,0,0,0,0,11.1753311014175,0,5.724770162235,0,0,0,0,0,0,0,0,0,0,0,0,0,3.1764543056488,0,16.5874664472497,0,0
0,0,0,12.725298166275,0,0,0,0,0,0,0,5.67917639558966,0,0,0,0,0,0,0,4.22129673725221,0,0,0,0,0,0,0,0,0,0,0,0,0,0,0,4.22809183228332,0,4.14697618285815,0,5.8598108291626,0,17.7073645462861,0,23.1034622192383,0,10.6357608642419,0,0,0,0,0,0,0,0,0,0,0,10.3295361263118,0,0,0,0,0,0,0,0,0,0,0,0,0,0,0,0,0,0,0,0,6.95910877966041,0,6.23768274884828,0,4.57380412101746,0,6.77826969190077,0,0
0,0,0,0,0,0,0,0,0,0,5.4321332344642,0,0,0,0,0,45.1897807401769,0,32.4242922200097,0,6.27242943675154,0,0,0,0,0,0,0,0,0,0,0,0,0,0,0,7.68809526561743,0,0,0,5.90211009979248,46.9128837585449,26.7479540109634,44.5927124023438,20.9599021911621,0,7.09198753576893,0,0,0,0,0,0,0,0,0,6.17645491917928,0,0,0,0,0,0,0,0,37.1777179859303,0,0,0,0,0,25.6545474957197,0,17.5247668506943,0,0,0,0,0,4.99172530609723,0,33.0035954617906,16.5968180779488,0,10.2515344595269,0,26.307324886322
0,0,0,0,0,0,0,0,0,33.4816372611306,0,0,0,0,0,0,27.141387462616,18.2656075424618,0,0,0,5.2569186181069,0,14.0753811126532,0,6.90323514096877,0,0,0,0,0,0,0,0,0,0,0,4.32501533856759,0,0,0,0,0,0,0,0,0,0,0,5.76731662796841,0,0,0,0,0,34.1986157700822,0,0,0,0,0,0,0,0,0,0,10.0416173289593,0,12.3418193765589,0,4.91213581134111,0,0,0,0,0,0,0,0,0,4.59133354414494,0,5.97451931450543,5.05733337402344,0,0,0
0,0,0,0,0,0,0,0,0,0,29.7869834899902,0,0,0,0,0,55.2855292856693,0,53.3228781326957,0,0,0,5.07961823857873,0,7.29350820807524,0,0,0,4.07225410754864,0,0,0,0,0,0,0,0,0,8.37780554935496,0,0,0,35.5760007260451,0,0,0,44.7584266185761,0,6.4044002332995,0,0,0,0,0,0,0,30.2580567541577,0,0,0,0,0,0,37.1777179859303,0,0,0,8.4655873631471,0,4.46208821382738,0,6.00420724453186,0,21.2136709690094,0,0,0,0,0,0,0,6.55741799474195,7.25683375737853,0,33.9765000960406,0,0
0,0,0,0,0,0,0,0,0,20.1858736673991,0,0,0,0,0,9.91442680358887,0,0,0,0,0,12.5239349263055,0,6.02276332610476,0,6.11032971711616,0,0,0,0,0,0,0,0,0,0,0,0,0,0,0,0,0,0,0,0,0,0,0,7.76114589235057,0,0,0,0,0,19.2542105742863,0,0,0,0,0,11.1753311014175,0,0,10.0416173289593,0,0,0,8.85705055302087,0,9.82899888356527,0,0,0,0,0,0,0,0,0,0,0,19.4861928394863,0,11.8192253112793,0,0
31.6461696624756,0,0,0,0,0,0,0,21.3284122322788,0,0,0,0,0,22.6038598147306,0,0,0,0,0,0,0,6.106901960402,0,5.14703170222058,0,0,0,0,0,0,0,0,0,0,0,0,0,6.95150458247613,0,0,0,0,0,0,0,0,0,15.2093707527433,0,0,0,0,0,21.584407258541,0,0,0,0,0,24.0348498278325,0,0,0,0,8.4655873631471,0,0,0,6.03946238214319,0,0,0,0,0,0,0,0,0,0,0,7.78995525836945,9.01402416683379,0,6.49899530410767,0,0
0,0,0,0,0,0,0,0,0,17.2857818603516,0,0,0,0,0,8.05247602462769,30.1565159161886,21.361342782066,40.0596580505371,0,0,7.81939607471615,0,5.71591915854489,0,5.2681591779191,0,3.58471262454987,0,0,0,0,0,0,0,0,0,0,0,0,0,0,0,0,0,0,0,0,0,9.53973500159249,0,0,0,0,0,20.4084099663628,0,0,0,0,0,5.724770162235,0,0,12.3418193765589,0,8.85705055302087,0,0,0,5.16520613502641,0,0,0,0,0,0,0,0,0,17.4913247426351,0,16.2585067051213,0,13.9479635556539,0,0
0,0,0,0,0,0,0,0,0,0,0,0,11.1875028610229,0,12.3968354083122,0,0,0,0,0,0,0,4.73161632210545,0,3.94935118741003,0,3.22934913335733,0,0,0,0,0,0,0,0,0,0,0,0,0,0,0,0,0,0,0,0,0,19.628388505233,0,0,0,0,0,0,0,5.28170251846313,0,7.94399179927016,0,10.2576691408822,0,0,0,0,4.46208821382738,0,6.03946238214319,0,0,0,5.77832804643191,0,0,0,0,0,0,0,0,0,18.9461918836515,2.9678917994866,0,0,0,0
0,9.70956325531006,0,0,0,0,0,0,0,0,0,0,0,2.76766660809517,0,0,0,0,0,0,0,9.52035494645437,0,11.1422023773193,0,5.12638648696568,0,4.06296424342315,0,3.43916563426747,0,0,0,0,0,0,0,5.55996257918222,0,0,0,14.1872242450714,0,0,0,0,0,0,0,6.90408162352661,0,0,0,0,0,0,0,3.79990121606108,0,0,0,0,0,0,4.91213581134111,0,9.82899888356527,0,5.16520613502641,0,0,0,6.03847054962639,0,0,0,0,0,0,0,5.02310068054852,0,6.89662485122681,0,6.84358013536512,16.4841502053397,0
0,0,36.3998641967773,0,0,0,0,0,0,0,10.7784708255813,0,3.3798511505127,0,6.86103771754674,0,60.9751055790828,0,48.9045451901994,0,0,0,6.28204257370996,0,0,0,0,0,4.36450123616073,0,3.46407898478635,0,0,0,0,0,0,0,8.97720758538497,0,0,0,27.9872039720124,0,0,0,38.31698374205,0,18.281580324215,0,0,0,0,0,0,0,10.6219181276965,0,5.83467081291218,0,11.6854478070324,0,0,25.6545474957197,0,6.00420724453186,0,0,0,5.77832804643191,0,0,0,11.9169052024455,0,0,0,0,0,0,0,15.7899326906106,20.3837488636057,0,21.0095994869868,0,0
0,0,0,0,0,0,0,0,0,0,0,0,0,0,0,0,0,0,24.6695518493652,0,0,0,0,0,0,0,0,0,0,4.26854114136481,0,0,0,0,0,0,0,3.44525681336721,0,0,0,8.24204580068588,0,0,0,0,0,0,0,4.44907565677867,0,0,0,0,0,0,0,3.33098037026145,0,0,0,0,0,0,0,0,0,0,0,0,6.03847054962639,0,0,0,0,0,0,0,0,0,4.82389562253458,0,19.0923874718802,0,5.3705815079519,13.4264259840313,0
0,0,25.7297092437744,0,0,0,0,0,0,0,8.50214825243485,0,22.5208053588867,0,0,0,46.384040541119,73.7362594604492,36.1920701184887,0,8.22062369187673,0,0,0,0,0,0,0,15.374658425649,0,3.82034010181622,0,0,0,0,0,0,0,3.15012540457384,0,0,0,16.9307857084995,47.4171005249023,25.3376639684041,0,23.1442280858755,0,13.9311527828518,0,0,0,0,0,0,0,6.55770176184901,0,34.4144821166992,0,26.1869855360551,0,0,17.5247668506943,0,21.2136709690094,0,0,0,0,0,11.9169052024455,0,0,0,0,0,0,0,0,0,9.38364719607289,25.8803155577028,54.0327281951904,13.0619513055004,0,19.3811552047729
0,0,0,0,0,0,0,0,0,0,0,0,0,0,0,0,0,0,0,0,0,0,0,0,0,0,0,0,0,0,0,3.9206344858755,6.65994297579715,8.53491479792493,9.20131179264614,4.30800366401672,0,0,0,0,0,0,0,0,0,0,0,6.88544822946608,13.3405588374418,3.59122860431671,0,0,0,0,0,0,0,0,0,0,0,0,0,0,0,0,0,0,0,0,0,0,0,0,0,7.3615815027164,7.27203717716237,0,4.26446329319777,0,0,0,4.06981715838114,0,0,0,0
0,0,0,0,0,0,0,0,0,0,0,0,0,0,0,0,0,0,0,0,0,0,0,0,0,0,0,0,0,0,0,6.37246752537049,3.22239644613771,10.2466548283895,7.98639278308205,0,3.39339234300716,0,0,0,0,0,0,0,0,0,0,4.62806428075446,3.61028078750328,0,0,0,0,0,0,0,0,0,0,0,0,0,0,0,0,0,0,0,0,0,0,0,0,0,7.3615815027164,0,0,6.90235443565081,0,6.45965493586625,0,0,3.70375544329484,0,0,0,0
0,0,0,0,0,0,0,0,0,0,0,0,0,0,0,0,0,0,0,0,0,0,0,0,0,0,0,0,0,0,0,8.38059765689976,0,4.69271830251012,6.73080776158501,8.32598397979847,16.7350686073303,4.53917406945333,8.32770721867399,0,0,0,0,0,0,0,0,6.02147176528134,0,8.89278203865577,0,0,0,0,0,0,0,0,0,0,0,0,0,0,0,0,0,0,0,0,0,0,0,0,7.27203717716237,0,0,8.73407945734389,6.08787525607421,18.1668411890666,5.13374579890608,11.8113775253296,4.51490185968169,5.36788060913788,9.28086757659912,0,0
0,0,0,0,0,0,0,0,37.8654479980469,0,0,0,0,0,0,0,0,0,0,0,0,0,0,0,0,0,0,0,0,0,0,0,4.62049928392683,6.34472845867276,4.40991795111429,0,3.9148608835376,7.38258695602417,11.7645573043823,0,0,0,9.68616580963135,0,0,0,0,6.34867468409503,3.80154579877853,0,0,0,0,0,0,0,0,0,0,0,0,0,0,0,0,0,0,0,0,0,0,0,0,0,0,6.90235443565081,8.73407945734389,0,0,4.59160663861731,10.2994102478027,6.82429987916655,4.82450579390759,3.3735178788503,8.74975733757019,0,0
0,0,0,47.465138068566,0,0,0,0,0,0,0,0,0,0,0,0,0,64.9976348876953,56.2962265014648,3.37580311409781,0,0,0,0,0,0,0,0,0,0,0,5.13242758671443,13.2089059352875,5.59260416148331,0,4.48129828061925,0,5.45697894199289,0,5.00264310585825,21.1939367394698,14.9389488998593,0,25.8972395383395,0,10.0476603504163,0,9.8190304038962,15.6233199731544,5.93766445076311,0,0,0,0,0,0,0,27.1043796539307,0,0,0,0,6.95910877966041,0,0,0,0,0,0,0,0,0,0,0,4.26446329319777,0,6.08787525607421,0,0,24.9352246614603,6.13510496096974,0,5.49064539720912,9.72092819213867,9.55502282935627,20.1530867200909,0
0,0,0,0,0,0,0,0,0,0,6.66640872425503,0,0,0,0,0,0,0,0,0,5.12403258524443,0,0,0,0,0,0,0,0,0,0,21.3099026150174,4.19288992668901,16.3787436969038,6.21523985469393,12.7179060349098,5.23644255316093,0,7.28614195612814,21.2105454789831,5.38919059151695,0,9.69459314346313,0,0,0,5.25438946691053,6.87309930488254,6.73571661998293,16.0135950452274,0,0,0,0,0,0,6.12135028839111,0,0,0,0,0,0,4.99172530609723,0,0,0,0,0,0,0,0,0,0,0,6.45965493586625,18.1668411890666,4.59160663861731,24.9352246614603,0,0,5.30843052920102,6.56665511575847,3.56675985455513,9.89381518262498,0,0
0,18.4650795474374,0,0,0,0,0,0,0,18.8026487045495,0,0,0,0,0,0,0,0,38.0984001159668,5.28780062519587,0,6.23713000327062,0,15.1396949507973,0,20.6427516937256,0,5.40906772090168,0,6.74443845251414,0,0,0,5.09742002776175,9.46572240193685,6.79439795935369,0,4.80229939975246,9.08319888616863,6.79090711474419,0,11.3753120599617,0,18.8684749603271,0,0,0,6.01181636282203,0,6.17358918676275,0,0,0,0,0,20.204604601338,0,0,0,0,0,0,6.23768274884828,0,4.59133354414494,0,0,0,17.4913247426351,0,5.02310068054852,0,4.82389562253458,0,0,0,5.13374579890608,10.2994102478027,6.13510496096974,0,0,9.42146829458383,6.87052934538869,5.35798233295932,9.08460048747517,15.8577996975667,0
0,0,42.665098462786,0,0,0,0,0,27.6389982747097,0,7.66329578074013,0,0,0,33.1663451561561,0,56.6774113696554,63.0482978820801,45.9441523672152,0,9.81163822548299,0,13.2375689071902,0,9.97617479938789,0,0,0,0,0,3.74281721818643,0,0,10.5306581656138,5.04509233084279,0,5.63285177864091,5.42743674191562,4.92964379051654,0,0,52.1350173950195,27.9155021276169,59.1576728820801,43.2149340311686,0,38.4281209893183,5.10314886954241,6.94507653030842,0,0,0,0,0,21.4028326344244,0,26.5354623969172,0,25.6294238350608,0,30.256889853679,0,0,33.0035954617906,0,6.55741799474195,0,7.78995525836945,0,18.9461918836515,0,15.7899326906106,0,9.38364719607289,0,0,11.8113775253296,6.82429987916655,0,5.30843052920102,9.42146829458383,0,11.693131688067,3.647818812202,30.420763515657,0,31.057918548584
3.48256936073303,5.4628850966692,16.9385276521955,28.6013918443751,3.48511344929574,0,3.80172695094392,4.11854387521744,7.03802021344503,8.76522403160731,6.99681924437942,3.18708568960428,3.15139383222999,3.08764514923096,15.486375617981,0,9.52368862778896,10.3968099542075,13.447494340901,3.87125453520357,6.65561609745026,4.35586953090817,3.78049710793929,8.07364078490965,4.68291788826586,14.5061644025751,3.53384409155897,3.16854158950889,4.55414720535278,3.28176819857429,6.2811348716934,3.31146744665156,3.33839837054616,3.97561672952781,3.84577919622386,4.01660220254455,4.27386238372974,4.48622260382431,4.41159187767604,15.0414675076803,0,9.52668927626402,8.23552265312558,20.4486515078924,14.9249099802088,18.3811424859136,18.7566566467285,5.43236771442609,15.3537816836916,13.9564849253054,4.38536041079004,0,4.06172526050621,4.06860741615295,17.0253779671409,20.4556547950296,6.4278313640981,18.9014090498288,3.99346282376963,0,23.6809145927429,3.1764543056488,4.57380412101746,16.5968180779488,5.97451931450543,7.25683375737853,19.4861928394863,9.01402416683379,16.2585067051213,2.9678917994866,6.89662485122681,20.3837488636057,19.0923874718802,25.8803155577028,4.06981715838114,3.70375544329484,4.51490185968169,4.82450579390759,5.49064539720912,6.56665511575847,6.87052934538869,11.693131688067,0,5.62800096326869,14.6521551824868,10.3661696724229,17.17841468917
0,0,0,25.5020171483358,0,0,0,0,3.43676861639946,3.04448003768921,0,0,0,4.18490476608276,0,0,11.6948440319655,6.15167172286674,34.7060970756986,0,0,3.32261728618456,4.898028546764,0,0,2.85216988325119,0,0,2.92392281691233,0,2.85019588470459,0,0,4.2707746297121,3.13275941935453,4.23360217412313,3.02140955364003,3.81565997799238,3.82576629266901,0,0,21.7791143894196,16.9745222240686,15.8964339819821,0,24.2506275177002,0,5.11578525437249,0,25.6538782119751,0,0,0,0,0,0,0,0,0,0,0,0,0,0,5.05733337402344,0,0,0,0,0,0,0,0,54.0327281951904,0,0,5.36788060913788,3.3735178788503,9.72092819213867,3.56675985455513,5.35798233295932,3.647818812202,5.62800096326869,0,10.2715515988299,0,35.6912155151367
4.6228723526001,13.5268897117778,6.27596311077501,8.2633200592697,11.0649450936101,2.91656675338745,0,6.27072811126709,28.0031759575622,3.15418195724487,13.2650918960571,5.70661211013794,0,0,32.903014256404,0,42.7900248056366,43.4435761155753,28.0716628311624,6.14298249107518,6.82864754850214,0,0,12.8716486930847,50.1472816467285,0,0,0,22.4364080429077,0,0,18.1879841486613,0,0,9.44425106048584,20.3184199112141,3.77911984786559,13.1904436205824,19.0547801218535,8.00374556016249,5.39550904308068,6.89170345330831,10.8094355518307,15.7112768498537,11.783767405651,7.01540803442088,9.06745823937203,5.23292060096735,13.8965768547246,6.93224126282308,34.0883140563965,6.10453748703003,0,0,29.543378867355,18.4660933017731,6.44245553963539,6.83965102573358,0,0,27.5237733356988,16.5874664472497,6.77826969190077,10.2515344595269,0,33.9765000960406,11.8192253112793,6.49899530410767,13.9479635556539,0,6.84358013536512,21.0095994869868,5.3705815079519,13.0619513055004,0,0,9.28086757659912,8.74975733757019,9.55502282935627,9.89381518262498,9.08460048747517,30.420763515657,14.6521551824868,10.2715515988299,0,8.75685626665751,14.8499324992427
0,0,0,0,0,0,0,0,0,9.27923488616943,0,0,0,0,0,0,42.6146450042725,29.0527878080096,14.0155688241471,0,0,0,0,11.4965818277995,0,0,0,0,0,0,0,0,0,0,0,29.5781221389771,0,16.9774588217003,0,13.3847881498791,0,6.67351604045459,0,4.99987256804178,0,0,0,0,0,13.5217613379161,0,0,0,0,0,0,0,12.39690370727,0,0,0,0,0,0,0,0,0,0,0,0,16.4841502053397,0,13.4264259840313,0,0,0,0,0,20.1530867200909,0,15.8577996975667,0,10.3661696724229,0,8.75685626665751,0,0
0,0,0,0,0,0,0,0,0,0,0,0,0,0,0,0,35.0731646979033,48.4915445115831,19.1189868592583,0,19.1009960174561,0,0,0,0,0,0,0,0,0,0,0,0,0,0,0,0,0,0,0,0,43.3190078735352,8.47345114716696,33.4340181350708,31.0492390394211,0,0,0,0,0,0,0,0,0,0,0,0,0,0,0,0,0,0,26.307324886322,0,0,0,0,0,0,0,0,0,19.3811552047729,0,0,0,0,0,0,0,31.057918548584,17.17841468917,35.6912155151367,14.8499324992427,0,0
