0,0,12.6110448403792,0,0,0,0,0,6.2236999720335,0,0,0,0,0,0,0,28.3631381988525,27.8307285308838,13.018837709145,0,26.8671709696452,0,0,0,0,0,0,0,0,0,0,0,0,0,0,82.4537658691406,53.0277733435998,0,27.4658330281576,69.0537261962891,0,0,19.9519991029667,0,0,0,20.834192276001,53.2706680297852,9.75050415712244,0,0,0,0,0,7.24454854726791,0,11.7929846613031,0,13.0498720407486,0,9.41876425842444,0,0,22.5376686227733,0,0,0,0,0,0,0,20.8748168945312,0,24.0065199534098,0,0,0,0,59.6293067932129,43.2413830858596,0,29.5018017108624,13.7681283876631,0,11.1292739993729,0,0
0,0,0,4.8837882399559,0,0,0,0,0,4.58168512059931,0,0,0,0,0,0,0,0,12.4281911232642,0,0,0,0,0,0,0,0,0,0,0,0,0,0,0,0,0,0,0,0,0,0,8.72196871482286,0,0,0,0,0,0,0,5.53294566744252,0,0,0,0,0,5.99227873484294,0,24.2321662902832,0,0,0,5.52537642647238,0,0,0,0,8.24246567946214,0,3.42649466991425,0,0,0,24.5056018829346,0,0,0,0,0,44.4408798217773,0,29.3271007537842,0,5.49381373790984,30.5754432678223,6.72990905428396,13.362340927124,0
12.6110448403792,0,0,0,10.6202525627322,0,0,0,7.17026365938641,0,0,0,0,0,0,0,0,0,0,0,0,0,0,0,0,0,0,0,0,0,0,0,0,0,0,0,0,0,0,0,0,37.0837516784668,26.0783949721093,0,0,0,27.4391919885363,56.4623489379883,17.9712924773876,0,8.93963770336575,0,0,0,8.70999481942919,0,18.4964370981176,0,9.39610323905945,0,6.87993939717611,0,0,45.2311808268229,0,0,0,0,0,0,0,28.2192707061768,0,26.0395129521688,0,0,0,0,0,67.5646107991536,0,0,13.8966526696176,0,15.3167790548979,0,19.2732379436493
0,4.8837882399559,0,0,0,7.52059742097575,0,0,0,6.66388660344211,0,0,0,0,0,0,52.0166416168213,0,48.7372135015634,0,0,0,0,0,0,0,0,0,0,0,0,0,0,0,0,19.1705318133036,162.355361938477,0,0,37.9549668334251,0,25.235692987737,35.0134925842285,0,0,20.4395279884338,45.562255859375,49.5699723766696,34.6570368391095,29.5196306340432,0,5.99991148552937,0,0,0,5.36812483150268,0,10.2609116053581,0,4.40124798534263,0,0,0,62.5591468811035,0,0,0,0,0,0,33.9179954528809,0,31.6658047570123,0,0,0,0,0,44.9564008712769,87.9266166687012,0,82.1255569458008,18.5168638389439,30.3400440216064,16.0962339542392,17.7689202915538,0
0,0,10.6202525627322,0,0,0,0,0,0,0,0,0,0,0,0,0,0,0,0,0,7.26969809243173,0,0,0,0,0,0,0,0,0,0,0,0,0,0,0,16.5003211900785,0,0,0,41.7887369791667,0,46.2476659502302,0,0,0,32.6088885554561,63.5807723999023,47.8337481362479,0,5.10099866079248,0,0,0,0,0,10.9828628843481,0,3.79155858925411,0,0,0,0,66.5948238372803,0,0,0,0,0,0,0,0,0,38.743111928304,0,0,0,0,107.349761962891,22.5319423675537,0,0,23.0619819838068,33.4139165878296,21.1127134621476,0,0
0,0,0,7.52059742097575,0,0,0,3.26791544820442,0,7.15086393449821,0,6.94083817799886,0,0,0,0,0,0,68.796745300293,6.23149856399087,0,0,0,0,0,0,0,0,0,0,0,0,0,0,0,14.3593863798224,0,0,0,40.7546215057373,0,36.1100250244141,33.1545372009277,0,0,9.25097370147705,0,54.7099227905273,34.2376174926758,36.2288347880046,0,3.97328775185944,0,3.12880903198606,0,2.77403008937836,0,6.31542563438416,0,0,0,2.7391505241394,10.3736160596212,0,0,0,0,0,0,0,0,0,0,0,0,0,0,0,12.9250056743622,0,0,0,7.88353854268541,4.27821523045737,7.82911362576841,57.2204895019531,0
0,0,0,0,0,0,0,0,0,0,0,0,3.17072677612305,0,0,0,0,0,0,0,0,0,0,0,0,0,0,0,0,0,0,0,0,0,0,0,0,0,0,0,0,0,0,0,0,0,0,0,0,0,0,0,2.92877719137404,0,0,0,0,0,0,0,0,0,0,0,0,0,0,0,0,0,0,0,0,0,0,0,0,0,0,0,0,0,0,2.95672261714935,0,0,0
0,0,0,0,0,3.26791544820442,0,0,0,0,0,4.00775984770212,0,0,0,0,0,0,0,0,0,0,0,0,0,0,0,0,0,0,0,0,0,0,0,0,0,0,0,0,0,0,0,0,0,0,0,0,0,0,0,3.32752613127232,0,3.46349021905585,0,0,0,4.32055897559984,0,0,0,0,0,0,0,0,0,0,0,0,0,0,0,0,0,0,0,0,0,0,0,0,0,0,0,0,0
6.2236999720335,0,7.17026365938641,0,0,0,0,0,0,0,0,0,0,0,3.11813624973955,0,0,0,15.7173002560933,0,0,0,0,0,2.93745517730713,0,0,0,0,0,0,0,0,0,0,0,0,0,5.6236844747916,0,0,0,29.5037393569946,0,0,0,26.8091888427734,0,9.34949989976554,0,0,0,0,0,5.17717845885839,0,0,0,0,0,7.00355126602309,0,0,31.4996089935303,0,0,0,3.30977833271027,0,0,0,30.6820602416992,0,32.0053648948669,0,0,0,0,0,46.9931938171387,0,6.93272365842547,5.80746446108685,2.88855481147766,11.8979775033346,0,21.6364345550537
0,4.58168512059931,0,6.66388660344211,0,7.15086393449821,0,0,0,0,0,0,0,0,0,3.1634629368782,0,0,37.0415878295898,0,0,30.8753566741943,0,3.18333765528849,0,0,0,0,0,0,0,0,0,0,0,0,0,10.2603688103812,0,0,0,14.7327165149507,0,0,0,0,0,16.2649668002951,46.1800079345703,19.5020631489001,0,8.23626828193665,0,0,0,4.30094425050484,0,31.1964874267578,0,0,0,3.05668110317654,0,0,0,0,4.5102854569753,0,0,0,0,0,0,0,0,0,0,0,0,0,10.0230766259707,0,4.99090081130522,5.19927705206522,7.35821023714327,22.7666683197021,0
0,0,0,0,0,0,0,0,0,0,0,0,3.02429717381795,0,0,0,0,0,0,0,4.08468327482706,0,0,0,0,0,0,0,2.92902255058289,0,3.43037068199467,0,0,0,0,0,2.98311518819145,0,5.05215619544725,0,0,0,0,0,0,0,0,0,0,0,0,0,0,0,0,0,5.22638544668137,0,3.57596679776907,0,0,0,0,5.26789224509037,0,0,0,0,0,0,0,3.25930428504944,0,4.17028218821475,0,0,0,0,0,6.45616717636585,0,0,4.11343961773497,0,0,0,0
0,0,0,0,0,6.94083817799886,0,4.00775984770212,0,0,0,0,0,3.39926321266671,0,0,0,0,0,7.88387942048648,0,0,0,0,0,0,0,0,0,7.47021616891373,0,0,0,0,0,5.16381210547227,0,5.03865591310309,0,0,0,0,0,0,0,0,0,0,0,0,0,4.92269485730391,0,4.42348576475073,0,0,0,6.17312857294667,0,2.87411577999592,0,0,9.50047736284209,0,0,0,0,0,0,0,0,0,7.97291929381234,0,0,0,0,0,0,0,9.75071458816528,0,5.46982845369011,0,4.81869823357155,0,0
0,0,0,0,0,0,3.17072677612305,0,0,0,3.02429717381795,0,0,0,0,0,0,0,0,0,0,0,0,0,0,0,0,0,3.70188470681508,0,0,0,0,0,0,0,0,0,0,0,0,0,0,0,0,0,0,0,0,0,0,0,0,0,0,0,6.33053245544434,0,3.1378103017807,0,0,0,0,0,0,0,0,0,0,0,0,4.10733878612518,0,0,0,0,0,0,0,0,0,0,2.74772608280182,2.99058938026428,0,0,0
0,0,0,0,0,0,0,0,0,0,0,3.39926321266671,0,0,0,2.85203468799591,0,0,0,0,0,0,0,0,0,0,0,0,0,0,0,0,0,0,0,0,0,0,0,0,0,0,0,0,0,0,0,0,0,0,0,0,0,2.74675130844116,0,0,0,3.99554861846723,0,3.07226645449797,0,0,0,0,0,0,0,0,0,0,0,0,0,0,0,0,0,0,0,0,0,0,3.54852519315832,0,0,0,0
0,0,0,0,0,0,0,0,3.11813624973955,0,0,0,0,0,0,0,0,0,0,0,0,0,0,0,0,0,0,0,0,0,0,0,0,0,0,0,0,0,0,0,0,0,0,0,0,0,0,0,0,0,0,0,0,0,4.73009059429169,0,0,0,0,0,3.37003099819845,0,0,0,0,0,0,0,0,0,0,0,0,0,0,0,0,0,0,0,0,0,2.96413636207581,2.87839640889849,0,0,0
0,0,0,0,0,0,0,0,0,3.1634629368782,0,0,0,2.85203468799591,0,0,32.2443351745605,13.5056370566873,0,0,0,0,0,0,0,0,0,0,0,0,0,0,0,0,0,0,0,0,0,0,0,0,0,0,0,0,0,0,0,0,0,0,0,0,0,3.10304794992719,0,0,0,3.06133472919464,0,2.78893909454346,0,0,0,0,0,0,0,0,0,0,0,0,0,0,0,0,0,0,0,0,9.920578956604,0,0,0,0
28.3631381988525,0,0,52.0166416168213,0,0,0,0,0,0,0,0,0,0,0,32.2443351745605,0,22.5242453018231,26.4410276201292,0,0,0,11.6040933075405,0,8.78719365596771,0,14.4887034201622,0,0,0,0,0,0,0,0,89.0857387889515,80.5655619303385,0,0,65.7517734936306,58.4203387669155,62.1858791228264,42.6097796170608,0,0,93.8761863708496,56.2729419654524,0,105.757362365723,70.7931976318359,0,0,0,0,0,0,68.7856101989746,68.2993857065837,0,0,0,0,0,67.2758061242482,0,0,0,0,0,0,0,0,70.6100570678711,55.7082023620605,0,0,0,0,75.2171679057047,75.8465101141679,89.280382792155,59.9278302873884,18.5702043626814,5.93348449941249,62.0874844730491,85.7609596252441,37.7324347019196
27.8307285308838,0,0,0,0,0,0,0,0,0,0,0,0,0,0,13.5056370566873,22.5242453018231,0,27.0175510429368,0,0,3.31264570781163,63.7385196685791,0,0,3.01161730289459,43.1221718788147,0,0,0,0,0,0,0,0,96.1329515897311,86.8363418579102,0,0,77.9818126750442,0,55.4127699395885,72.3064234806941,51.3671722412109,0,0,77.2632633209228,0,0,59.6844635009766,0,0,0,0,0,0,0,82.9169709341867,0,0,0,0,0,86.3289251327515,3.06911094983419,0,0,0,0,0,0,0,77.7226577758789,96.2435735066732,0,0,0,0,86.6021327748018,101.055412603884,57.2208347320557,80.4506306648254,15.888660496723,5.13616922333127,72.5440578990512,55.7903001958674,69.6989568074544
13.018837709145,12.4281911232642,0,48.7372135015634,0,68.796745300293,0,0,15.7173002560933,37.0415878295898,0,0,0,0,0,0,26.4410276201292,27.0175510429368,0,0,44.8827082316081,0,0,0,0,0,51.0364842414856,0,0,0,0,0,0,0,0,65.6009182869938,69.229818653416,44.2761535644531,0,45.4399470513272,47.1200873726293,24.9892326127542,27.475585179999,15.3999852112361,21.1022343268761,51.0215356009347,42.4100363384092,47.3930416107178,15.1478796262999,48.8007307486101,0,0,0,0,0,39.4888458251953,45.9699997901917,35.355742278852,0,0,0,0,65.0139389038086,50.512865960598,0,0,0,0,0,0,35.9189395904541,0,35.1650670847498,41.3525794695501,0,0,74.83447265625,0,56.4127994077194,56.7677993540631,46.1915525824337,45.5645619780929,16.7651370468788,0,31.1006509071786,23.3105487784656,25.6805347533936
0,0,0,0,0,6.23149856399087,0,0,0,0,0,7.88387942048648,0,0,0,0,0,0,0,0,0,0,0,0,0,0,0,0,0,0,0,0,0,0,0,4.7131842642932,0,4.11340572440798,0,20.9049396514893,0,0,0,0,0,9.36855923852255,0,0,0,0,0,7.36766052246094,0,0,0,0,0,10.4399522804632,0,0,0,0,4.69720813554266,0,0,0,0,0,0,0,0,0,13.8642624428398,0,0,0,0,0,5.14194577002744,0,18.867755132563,0,5.21112190629648,0,6.91823744381175,0,0
26.8671709696452,0,0,0,7.26969809243173,0,0,0,0,0,4.08468327482706,0,0,0,0,0,0,0,44.8827082316081,0,0,0,0,0,0,0,0,0,0,0,0,0,0,0,0,0,5.27125916310025,0,5.54101506769657,0,0,0,0,0,0,0,14.4426100630509,0,46.5713818868001,0,13.7790454228719,0,0,0,0,0,3.59629707055933,0,8.60739135742188,0,0,0,0,7.66970241400166,0,0,0,0,0,0,0,0,0,10.1533440351486,0,0,0,0,0,9.3314515803869,0,8.7519991831346,6.8189411517552,26.0391502380371,6.50665570961104,0,0
0,0,0,0,0,0,0,0,0,30.8753566741943,0,0,0,0,0,0,0,3.31264570781163,0,0,0,0,3.19680203710284,5.50556022702283,0,3.11468545907934,0,3.79237156647902,0,0,0,0,0,0,0,0,0,3.99566529510368,0,0,0,0,0,0,0,0,0,23.9827187856038,0,6.51723055072598,0,0,0,0,0,0,0,0,0,0,0,0,0,0,5.53270515692024,0,6.84790762075397,0,3.9905646613666,0,4.00396004395607,0,0,0,0,0,0,0,0,0,7.66390346765518,0,3.98914549863227,2.87589478492737,0,0,0
0,0,0,0,0,0,0,0,0,0,0,0,0,0,0,0,11.6040933075405,63.7385196685791,0,0,0,3.19680203710284,0,0,4.16128845214844,0,2.88450140373729,0,3.24243047123864,0,0,0,0,0,0,0,0,0,3.33793858574195,0,0,0,0,0,0,0,0,0,5.95342925427452,0,0,0,0,0,0,0,0,0,0,0,0,0,0,0,0,5.31709496370114,0,4.60962809687075,0,3.07551774978638,0,6.23801249232372,0,0,0,0,0,0,0,0,0,4.83346807214367,3.88279298333561,2.72942288716634,0,0,0
0,0,0,0,0,0,0,0,0,3.18333765528849,0,0,0,0,0,0,0,0,0,0,0,5.50556022702283,0,0,0,3.2722649458916,0,0,0,0,0,0,0,0,0,0,0,6.85420182952307,0,0,0,0,0,0,0,0,0,13.20927734375,0,4.38846417268117,0,0,0,0,0,3.53008745088206,0,0,0,0,0,11.2021608352661,0,0,5.73989125433422,0,3.82326814970994,0,3.60831953497494,0,0,0,0,0,0,0,0,0,0,0,4.77194699128469,0,5.43575242906809,0,6.61652970049116,0,0
0,0,0,0,0,0,0,0,2.93745517730713,0,0,0,0,0,0,0,8.78719365596771,0,0,0,0,0,4.16128845214844,0,0,0,2.75837613855089,0,0,0,0,0,0,0,0,0,0,0,5.39337741088316,0,0,0,19.9161643981934,0,0,0,0,0,5.52344726684482,0,0,0,0,0,3.65598695187629,0,0,0,0,0,4.01114082336426,0,0,0,0,8.74585604530641,0,3.94015753755764,0,3.39594655969869,0,0,0,0,0,0,0,0,0,0,0,5.05135588365443,13.9832872152328,0,9.92526247700055,0,0
0,0,0,0,0,0,0,0,0,0,0,0,0,0,0,0,0,3.01161730289459,0,0,0,3.11468545907934,0,3.2722649458916,0,0,0,0,0,0,0,0,0,0,0,0,0,0,0,0,0,0,0,0,0,0,0,0,0,0,0,0,0,0,0,0,0,0,0,0,0,0,0,0,4.68039408949919,0,3.80863805106192,0,3.30958718519944,0,3.16643214225769,0,0,0,0,0,0,0,0,0,0,0,3.14424709195182,0,0,0,0
0,0,0,0,0,0,0,0,0,0,0,0,0,0,0,0,14.4887034201622,43.1221718788147,51.0364842414856,0,0,0,2.88450140373729,0,2.75837613855089,0,0,0,0,0,0,0,0,0,0,0,0,0,0,0,0,0,0,0,0,0,0,0,0,0,0,0,0,0,0,0,0,0,0,0,0,0,0,0,0,0,0,0,0,3.03221580386162,0,0,0,0,0,0,0,0,0,86.8385887145996,0,0,19.3748207525773,0,0,0,0
0,0,0,0,0,0,0,0,0,0,0,0,0,0,0,0,0,0,0,0,0,3.79237156647902,0,0,0,0,0,0,0,0,0,0,0,0,0,0,0,3.4889329360879,0,0,0,0,0,0,0,0,0,0,0,0,0,0,0,0,0,0,0,0,0,2.95010242462158,0,0,0,0,0,0,0,0,0,0,5.49961548288837,0,3.15568804740906,0,0,0,0,0,0,0,4.30481958389282,0,0,0,0,0,0
0,0,0,0,0,0,0,0,0,0,2.92902255058289,0,3.70188470681508,0,0,0,0,0,0,0,0,0,3.24243047123864,0,0,0,0,0,0,0,3.12376098632812,0,0,0,0,0,0,0,2.84492254257202,0,0,0,0,0,0,0,0,0,0,0,0,0,0,0,0,0,0,0,0,0,0,0,0,0,0,3.12840875335362,0,0,0,0,0,3.06212438444297,0,3.23780298233032,0,0,0,0,0,0,0,4.21060609817505,3.00878614187241,0,0,0,0
0,0,0,0,0,0,0,0,0,0,0,7.47021616891373,0,0,0,0,0,0,0,0,0,0,0,0,0,0,0,0,0,0,0,0,0,0,0,0,0,3.67385728218976,0,0,0,0,0,0,0,0,0,0,0,0,0,0,0,0,0,0,0,8.65746072277878,0,0,0,0,0,0,0,0,0,0,0,0,7.81566852331161,0,5.15471756844528,0,0,0,0,0,0,0,4.22928905487061,0,9.31382179260254,0,0,0,0
0,0,0,0,0,0,0,0,0,0,3.43037068199467,0,0,0,0,0,0,0,0,0,0,0,0,0,0,0,0,0,3.12376098632812,0,0,0,0,0,0,0,0,0,2.99617489901456,0,0,0,0,0,0,0,0,0,0,0,0,0,0,0,0,0,4.38245580248211,0,0,0,0,0,0,12.6516075134277,0,0,0,0,0,0,0,2.94479041099548,0,3.18559691382618,0,0,0,0,0,0,0,0,3.22088511236783,0,0,0,0
0,0,0,0,0,0,0,0,0,0,0,0,0,0,0,0,0,0,0,0,0,0,0,0,0,0,0,0,0,0,0,0,4.26384860085852,5.38879096508026,0,4.48340123082107,2.88002168613931,0,0,0,16.6924495697021,0,0,0,0,0,0,5.1397602945548,11.9795812833877,8.07173766030206,0,0,0,0,0,0,0,0,0,0,0,0,0,0,0,0,0,0,0,0,0,0,0,0,5.68446214493741,4.76070752510658,4.37488470077515,0,4.80983563250649,0,0,0,4.18576001424132,0,0,0,0
0,0,0,0,0,0,0,0,0,0,0,0,0,0,0,0,0,0,0,0,0,0,0,0,0,0,0,0,0,0,0,4.26384860085852,0,0,0,5.5388605594635,2.83626435279846,0,0,0,0,0,0,0,0,0,0,4.84264186510263,7.94742345809937,0,0,0,0,0,0,0,0,0,0,0,0,0,0,0,0,0,0,0,0,0,0,0,0,0,4.61969595485263,3.98132377258878,0,2.74019277095795,0,5.03047060807546,0,0,3.34554338015043,0,0,0,0
0,0,0,0,0,0,0,0,0,0,0,0,0,0,0,0,0,0,0,0,0,0,0,0,0,0,0,0,0,0,0,5.38879096508026,0,0,4.60885762434739,4.83072030888154,0,6.7457150337308,0,0,0,0,0,0,0,0,0,4.61805316800728,0,10.8401267017637,0,0,0,0,0,0,0,0,0,0,0,0,0,0,0,0,0,0,0,0,0,0,0,0,6.12566318511963,0,4.81465412608198,4.51401972010516,8.05184954246588,0,7.46737833279316,0,6.26832882309636,0,21.2117748260498,0,0
0,0,0,0,0,0,0,0,0,0,0,0,0,0,0,0,0,0,0,0,0,0,0,0,0,0,0,0,0,0,0,0,0,4.60885762434739,0,0,3.43192356191935,0,3.27086343647035,0,0,0,0,0,0,0,0,5.33549868231395,0,0,0,0,0,0,0,0,0,0,0,0,0,0,0,0,0,0,0,0,0,0,0,0,0,0,0,2.96474003791809,3.64955894152323,3.63525984925857,0,8.81738741324237,0,4.07812519624931,3.44781044551304,0,0,0,0
82.4537658691406,0,0,19.1705318133036,0,14.3593863798224,0,0,0,0,0,5.16381210547227,0,0,0,0,89.0857387889515,96.1329515897311,65.6009182869938,4.7131842642932,0,0,0,0,0,0,0,0,0,0,0,4.48340123082107,5.5388605594635,4.83072030888154,0,0,3.65445986736652,6.07610687406996,3.09560640652974,61.3083839661036,0,45.7730674018031,0,0,72.6253280639648,29.5672408254523,0,16.8703774650892,27.3631620407104,22.5960210942898,0,44.9610335032145,0,0,0,0,0,55.2733323233468,0,0,0,0,6.86818918910429,108.365386962891,0,0,0,0,0,0,0,0,74.1428779602051,0,5.32906622284824,0,7.24183103358349,0,7.5218585268065,64.6625315666199,6.73891496213514,113.801406860352,6.59514595988307,5.00295674800873,22.1213246638576,45.1882330472352,0
53.0277733435998,0,0,162.355361938477,16.5003211900785,0,0,0,0,0,2.98311518819145,0,0,0,0,0,80.5655619303385,86.8363418579102,69.229818653416,0,5.27125916310025,0,0,0,0,0,0,0,0,0,0,2.88002168613931,2.83626435279846,0,3.43192356191935,3.65445986736652,0,3.73307151407809,4.5351387860492,108.470085144043,33.2824765614101,0,53.9085545539856,0,53.5411758422852,0,47.9214288711548,16.6253771781921,24.1217503074772,0,26.5228412891256,0,0,0,0,0,3.60792472567898,0,21.6452191670736,0,0,0,0,9.7788912596546,0,0,0,0,0,0,0,0,0,63.1683940887451,0,3.19252185756657,0,4.64169872759249,121.00866317749,6.83094477416051,130.578979492188,4.78815834349094,5.34870807451705,6.45373647742801,16.5297929742363,0,51.0487358093262
0,0,0,0,0,0,0,0,0,10.2603688103812,0,5.03865591310309,0,0,0,0,0,0,44.2761535644531,4.11340572440798,0,3.99566529510368,0,6.85420182952307,0,0,0,3.4889329360879,0,3.67385728218976,0,0,0,6.7457150337308,0,6.07610687406996,3.73307151407809,0,3.00309123311724,45.0947608947754,0,6.5021546036005,0,0,0,12.8825089425752,0,4.92971358299255,0,7.11341526964511,0,0,0,0,0,9.48944553496346,0,7.38175429768032,0,0,0,0,5.34883446043188,0,8.25627984809875,0,7.33358458466564,0,0,0,3.81161111906955,0,5.75831007957458,0,0,0,6.30810581251632,0,9.00939421877467,0,6.16514362197825,3.37185108661652,5.52219525973002,0,5.67272571074335,0,0
27.4658330281576,0,0,0,0,0,0,0,5.6236844747916,0,5.05215619544725,0,0,0,0,0,0,0,0,0,5.54101506769657,0,3.33793858574195,0,5.39337741088316,0,0,0,2.84492254257202,0,2.99617489901456,0,0,0,3.27086343647035,3.09560640652974,4.5351387860492,3.00309123311724,0,0,0,0,29.0212936401367,0,0,0,12.2387924194336,4.29156084646258,5.59496914984166,0,0,0,0,0,8.31353151798248,0,4.96980543931325,0,0,0,0,0,0,10.5155256200211,0,7.28791047080618,0,5.24532384554545,0,0,0,3.57828283309937,0,3.99240602673711,0,0,0,3.94927338862508,0,6.18606132466988,4.30069546968165,4.98858704782721,5.4661325126135,3.29430478811264,5.85523057194317,0,23.9364833831787
69.0537261962891,0,0,37.9549668334251,0,40.7546215057373,0,0,0,0,0,0,0,0,0,0,65.7517734936306,77.9818126750442,45.4399470513272,20.9049396514893,0,0,0,0,0,0,0,0,0,0,0,0,0,0,0,61.3083839661036,108.470085144043,45.0947608947754,0,0,29.1646709442139,18.8671905840927,24.9611696667141,28.0918127940251,0,19.0340197239937,51.8873123369719,6.01299615204334,35.7712602615356,7.98718998805586,0,65.7627258300781,0,0,0,36.4534683227539,48.4657207835804,46.2576181061414,0,34.2143402099609,0,0,14.2469168680011,67.1499035047448,0,0,0,0,0,0,0,0,47.0121969223022,87.7898483276367,0,0,0,0,31.3297743196,89.5357407017758,46.9187433151972,81.6187400817871,38.9577478730535,0,15.5325598203293,20.0997978895903,0
0,0,0,0,41.7887369791667,0,0,0,0,0,0,0,0,0,0,0,58.4203387669155,0,47.1200873726293,0,0,0,0,0,0,0,0,0,0,0,0,16.6924495697021,0,0,0,0,33.2824765614101,0,0,29.1646709442139,0,52.2916069030762,19.0804723124755,0,0,0,11.6454015325327,9.16289614680053,5.70536636013582,10.7013243313493,46.0534477233887,0,0,0,0,0,45.6712500254313,0,0,0,0,0,0,28.0030833125114,0,0,0,0,0,0,0,0,0,63.8281860351562,0,0,0,0,107.020629882812,7.34178143314468,0,8.78234137807574,31.0040086816858,0,14.0921136360281,0,18.8063259124756
0,8.72196871482286,37.0837516784668,25.235692987737,0,36.1100250244141,0,0,0,14.7327165149507,0,0,0,0,0,0,62.1858791228264,55.4127699395885,24.9892326127542,0,0,0,0,0,0,0,0,0,0,0,0,0,0,0,0,45.7730674018031,0,6.5021546036005,0,18.8671905840927,52.2916069030762,0,9.49650617388936,13.0209548208449,28.326189994812,26.4959483444691,47.2329119727725,19.2795806211584,47.5874502008611,16.8466284778361,0,41.9643974304199,0,0,0,33.5711769376482,0,19.0020047355626,0,37.0107383728027,0,0,18.2253712090579,62.5696349143982,0,0,0,0,0,0,20.948068300883,0,19.9507167819502,0,0,0,0,0,27.1209457104023,65.5880077907017,41.2782751083374,68.9327259063721,15.6682706811791,8.02354954571283,14.4430959937638,11.1733543217712,46.7131462097168
19.9519991029667,0,26.0783949721093,35.0134925842285,46.2476659502302,33.1545372009277,0,0,29.5037393569946,0,0,0,0,0,0,0,42.6097796170608,72.3064234806941,27.475585179999,0,0,0,0,0,19.9161643981934,0,0,0,0,0,0,0,0,0,0,0,53.9085545539856,0,29.0212936401367,24.9611696667141,19.0804723124755,9.49650617388936,0,0,6.63632615407308,29.8953742980957,16.3562279757613,11.2654624836785,11.628404143236,11.9873819351196,47.2237580617269,0,0,0,34.3894992125662,0,20.3315245376146,98.5768585205078,29.3505947213424,0,29.3576251211621,0,0,24.0396995894763,0,0,0,19.1381774902344,0,0,0,17.2669216107719,52.7563018798828,19.1530836142084,0,0,0,0,76.8037648200989,27.8373683313544,54.0286293029785,29.1753374804621,15.2810934838244,15.2732186317444,14.4606867536134,32.0104970932007,9.29719609398231
0,0,0,0,0,0,0,0,0,0,0,0,0,0,0,0,0,51.3671722412109,15.3999852112361,0,0,0,0,0,0,0,0,0,0,0,0,0,0,0,0,0,0,0,0,28.0918127940251,0,13.0209548208449,0,0,0,0,0,0,0,0,0,0,0,0,0,23.9277420043945,0,0,0,0,0,0,0,44.6387786865234,0,0,0,0,0,0,0,0,0,0,0,0,0,0,33.5513292551041,44.5238774617513,0,0,14.5174632633434,0,19.9775643746058,0,0
0,0,0,0,0,0,0,0,0,0,0,0,0,0,0,0,0,0,21.1022343268761,0,0,0,0,0,0,0,0,0,0,0,0,0,0,0,0,72.6253280639648,53.5411758422852,0,0,0,0,28.326189994812,6.63632615407308,0,0,0,14.9520807266235,0,0,32.0295829772949,0,0,0,0,0,0,0,0,0,0,0,0,0,29.3838653564453,0,0,0,0,0,0,0,0,0,0,0,0,0,0,47.2627296447754,36.5612692151751,0,0,13.7848549570356,0,6.69329203730044,0,0
0,0,0,20.4395279884338,0,9.25097370147705,0,0,0,0,0,0,0,0,0,0,93.8761863708496,0,51.0215356009347,9.36855923852255,0,0,0,0,0,0,0,0,0,0,0,0,0,0,0,29.5672408254523,0,12.8825089425752,0,19.0340197239937,0,26.4959483444691,29.8953742980957,0,0,0,0,45.029966207651,25.9255480766296,28.6903457252347,0,0,0,0,0,0,0,13.4622548347296,0,0,0,0,8.04027463021513,0,0,0,0,0,0,0,0,0,15.5218175854002,0,0,0,0,0,25.075578309859,0,13.768261908855,0,17.049024131563,0,12.3727775526127,29.0479545593262,0
20.834192276001,0,27.4391919885363,45.562255859375,32.6088885554561,0,0,0,26.8091888427734,0,0,0,0,0,0,0,56.2729419654524,77.2632633209228,42.4100363384092,0,14.4426100630509,0,0,0,0,0,0,0,0,0,0,0,0,0,0,0,47.9214288711548,0,12.2387924194336,51.8873123369719,11.6454015325327,47.2329119727725,16.3562279757613,0,14.9520807266235,0,0,36.0559005737305,39.5679607952342,24.6501522064209,43.0841529846191,0,0,0,0,0,33.6276547413952,74.0574913024902,0,0,0,0,0,16.4808331211006,0,0,0,0,0,0,0,0,89.5483741760254,47.1076278686523,0,0,0,0,75.1431257157099,16.7065532690918,71.0775909423828,19.7206176421222,32.8632004053954,22.4422971407572,19.5786402970044,50.915153503418,37.0160672324044
53.2706680297852,0,56.4623489379883,49.5699723766696,63.5807723999023,54.7099227905273,0,0,0,16.2649668002951,0,0,0,0,0,0,0,0,47.3930416107178,0,0,23.9827187856038,0,13.20927734375,0,0,0,0,0,0,0,5.1397602945548,4.84264186510263,4.61805316800728,5.33549868231395,16.8703774650892,16.6253771781921,4.92971358299255,4.29156084646258,6.01299615204334,9.16289614680053,19.2795806211584,11.2654624836785,0,0,45.029966207651,36.0559005737305,0,5.82069818234404,7.62416074947994,64.6960296630859,0,0,0,65.4842224121094,16.1710276603699,56.1436157226562,67.6600761413574,0,63.6578330993652,0,0,41.3005714416504,56.8670349121094,0,0,15.4523596763611,0,0,0,0,0,65.5946731567383,74.1126708984375,5.81773424573962,5.48541991159444,6.04920982790517,4.94382554070089,10.0086023710166,9.15639347130678,9.34495747864246,6.94799315929413,6.04431458586977,7.64863244692485,11.9883013899608,31.4133625030518,0
9.75050415712244,0,17.9712924773876,34.6570368391095,47.8337481362479,34.2376174926758,0,0,9.34949989976554,46.1800079345703,0,0,0,0,0,0,105.757362365723,0,15.1478796262999,0,46.5713818868001,0,5.95342925427452,0,5.52344726684482,0,0,0,0,0,0,11.9795812833877,7.94742345809937,0,0,27.3631620407104,24.1217503074772,0,5.59496914984166,35.7712602615356,5.70536636013582,47.5874502008611,11.628404143236,0,0,25.9255480766296,39.5679607952342,5.82069818234404,0,6.23843402763552,46.2687899271647,0,0,0,8.81751287138307,0,42.6391440482989,54.5391750335693,29.3858767747879,0,5.49619666478967,0,25.4704747200012,39.8183295726776,0,5.81984825713185,0,7.38157291595752,0,0,0,4.77959669904506,53.1662139892578,36.4827530384064,14.0191011428833,9.24377031326294,0,6.91679722922189,30.955304145813,14.6486759207559,0,5.40793753760768,11.1329742009855,24.343843045442,13.3742672916679,0,0
0,5.53294566744252,0,29.5196306340432,0,36.2288347880046,0,0,0,19.5020631489001,0,0,0,0,0,0,70.7931976318359,59.6844635009766,48.8007307486101,0,0,6.51723055072598,0,4.38846417268117,0,0,0,0,0,0,0,8.07173766030206,0,10.8401267017637,0,22.5960210942898,0,7.11341526964511,0,7.98718998805586,10.7013243313493,16.8466284778361,11.9873819351196,0,32.0295829772949,28.6903457252347,24.6501522064209,7.62416074947994,6.23843402763552,0,0,42.9233150482178,0,0,0,10.3920698903856,0,9.62182705194358,0,4.31341781616211,0,5.16132270206105,17.9749703529554,58.1347618103027,4.98468965413619,0,7.83833473360437,0,4.1166849891648,0,4.08548493629847,0,13.9857079657641,0,5.49689769744873,0,8.20034668034521,0,11.9507080505321,0,6.02106366234441,0,11.7860437714227,32.2622604370117,10.3793535075496,19.3457277950488,0
0,0,8.93963770336575,0,5.10099866079248,0,0,0,0,0,0,0,0,0,0,0,0,0,0,0,13.7790454228719,0,0,0,0,0,0,0,0,0,0,0,0,0,0,0,26.5228412891256,0,0,0,46.0534477233887,0,47.2237580617269,0,0,0,43.0841529846191,64.6960296630859,46.2687899271647,0,0,0,0,0,0,0,6.35854996659082,0,4.17884811583687,0,0,0,0,12.7335443496704,0,0,0,0,0,0,0,0,0,0,0,0,0,0,0,20.8691787719727,0,0,31.4899974380221,36.6721229553223,11.7000434408245,0,0
0,0,0,5.99991148552937,0,3.97328775185944,0,3.32752613127232,0,8.23626828193665,0,4.92269485730391,0,0,0,0,0,0,0,7.36766052246094,0,0,0,0,0,0,0,0,0,0,0,0,0,0,0,44.9610335032145,0,0,0,65.7627258300781,0,41.9643974304199,0,0,0,0,0,0,0,42.9233150482178,0,0,0,3.61848648389181,0,2.95990228652954,0,3.96028441334098,0,2.79641944169998,0,2.9100860006669,0,0,0,0,0,0,0,0,0,0,40.1862182617188,0,0,0,0,0,16.7379302978516,0,0,0,5.3630435303466,5.7727165222168,16.9458740419812,40.1085586547852,0
0,0,0,0,0,0,2.92877719137404,0,0,0,0,0,0,0,0,0,0,0,0,0,0,0,0,0,0,0,0,0,0,0,0,0,0,0,0,0,0,0,0,0,0,0,0,0,0,0,0,0,0,0,0,0,0,0,0,0,2.74777340888977,0,0,0,0,0,0,0,0,0,0,0,0,0,0,0,0,0,0,0,0,0,0,0,0,0,0,2.95032052993774,0,0,0
0,0,0,0,0,3.12880903198606,0,3.46349021905585,0,0,0,4.42348576475073,0,2.74675130844116,0,0,0,0,0,0,0,0,0,0,0,0,0,0,0,0,0,0,0,0,0,0,0,0,0,0,0,0,0,0,0,0,0,0,0,0,0,3.61848648389181,0,0,0,0,0,4.83965874195099,0,0,0,0,0,0,0,0,0,0,0,0,0,0,0,0,0,0,0,0,0,0,0,0,2.809987505277,0,0,0,0
7.24454854726791,0,8.70999481942919,0,0,0,0,0,5.17717845885839,0,0,0,0,0,4.73009059429169,0,0,0,0,0,0,0,0,0,3.65598695187629,0,0,0,0,0,0,0,0,0,0,0,0,0,8.31353151798248,0,0,0,34.3894992125662,0,0,0,0,65.4842224121094,8.81751287138307,0,0,0,0,0,0,0,0,0,0,0,5.60292993211574,0,0,0,0,0,0,3.74584069322137,0,0,0,0,0,37.0756378173828,0,0,0,0,0,0,0,5.48164270001073,7.9360968796712,36.4719142913818,12.0402021530977,0,0
0,5.99227873484294,0,5.36812483150268,0,2.77403008937836,0,0,0,4.30094425050484,0,0,0,0,0,3.10304794992719,0,0,39.4888458251953,0,0,0,0,3.53008745088206,0,0,0,0,0,0,0,0,0,0,0,0,0,9.48944553496346,0,36.4534683227539,0,33.5711769376482,0,23.9277420043945,0,0,0,16.1710276603699,0,10.3920698903856,0,2.95990228652954,0,0,0,0,0,31.1299991607666,0,0,0,8.65233793533106,0,0,0,0,3.92803573386614,0,9.78495494842529,0,0,0,34.8015975952148,0,0,0,0,0,0,0,7.74412479238995,0,18.2834974500868,0,10.7335323995732,0,0
11.7929846613031,0,18.4964370981176,0,10.9828628843481,0,0,0,0,0,5.22638544668137,0,6.33053245544434,0,0,0,68.7856101989746,0,45.9699997901917,0,3.59629707055933,0,0,0,0,0,0,0,0,0,4.38245580248211,0,0,0,0,0,3.60792472567898,0,4.96980543931325,48.4657207835804,45.6712500254313,0,20.3315245376146,0,0,0,33.6276547413952,56.1436157226562,42.6391440482989,0,6.35854996659082,0,2.74777340888977,0,0,0,0,0,4.02344852031023,0,4.8562437693278,0,0,7.75119815748246,0,0,0,0,0,0,0,3.89052358968758,81.4853210449219,6.25047618144006,0,0,0,0,48.5027084350586,49.7970562744141,0,0,23.8138747972863,35.933038075765,9.20930108598176,0,15.1365124031349
0,24.2321662902832,0,10.2609116053581,0,6.31542563438416,0,4.32055897559984,0,31.1964874267578,0,6.17312857294667,0,3.99554861846723,0,0,68.2993857065837,82.9169709341867,35.355742278852,10.4399522804632,0,0,0,0,0,0,0,0,0,8.65746072277878,0,0,0,0,0,55.2733323233468,0,7.38175429768032,0,46.2576181061414,0,19.0020047355626,98.5768585205078,0,0,13.4622548347296,74.0574913024902,67.6600761413574,54.5391750335693,9.62182705194358,0,3.96028441334098,0,4.83965874195099,0,31.1299991607666,0,0,0,4.56245351427853,0,5.60825545787811,10.1928822844575,83.1814880371094,0,0,0,0,0,0,4.45840108491541,0,5.64443736466494,0,0,0,0,0,55.9288402981228,91.1497611999512,24.8783743040902,0,14.9794571096614,0,12.6733688095739,19.2531239509583,0
13.0498720407486,0,9.39610323905945,0,3.79155858925411,0,0,0,0,0,3.57596679776907,0,3.1378103017807,0,0,0,0,0,0,0,8.60739135742188,0,0,0,0,0,0,0,0,0,0,0,0,0,0,0,21.6452191670736,0,0,0,0,0,29.3505947213424,0,0,0,0,0,29.3858767747879,0,4.17884811583687,0,0,0,0,0,4.02344852031023,0,0,0,4.53817435105642,0,0,9.31854230165482,0,0,0,0,0,0,0,3.98303213005974,0,36.1703224182129,0,0,0,0,0,0,0,0,24.8682891726494,0,8.83997560731063,0,0
0,0,0,4.40124798534263,0,0,0,0,0,0,0,2.87411577999592,0,3.07226645449797,0,3.06133472919464,0,0,0,0,0,0,0,0,0,0,0,2.95010242462158,0,0,0,0,0,0,0,0,0,0,0,34.2143402099609,0,37.0107383728027,0,0,0,0,0,63.6578330993652,0,4.31341781616211,0,2.79641944169998,0,0,0,0,0,4.56245351427853,0,0,0,4.46726270715396,9.67678260803223,0,0,0,0,0,0,0,3.13603830337524,0,0,0,0,0,0,0,0,0,0,0,2.9596652767875,0,7.75738330841064,0,0
9.41876425842444,0,6.87993939717611,0,0,0,0,0,7.00355126602309,0,0,0,0,0,3.37003099819845,0,0,0,0,0,0,0,0,0,4.01114082336426,0,0,0,0,0,0,0,0,0,0,0,0,0,0,0,0,0,29.3576251211621,0,0,0,0,0,5.49619666478967,0,0,0,0,0,5.60292993211574,0,4.8562437693278,0,4.53817435105642,0,0,0,0,89.7040939331055,0,0,0,7.3950400352478,0,0,0,0,0,0,0,0,0,0,0,0,0,0,39.8824596405029,0,17.7750218457515,0,0
0,5.52537642647238,0,0,0,2.7391505241394,0,0,0,3.05668110317654,0,0,0,0,0,2.78893909454346,0,0,0,0,0,0,0,11.2021608352661,0,0,0,0,0,0,0,0,0,0,0,0,0,0,0,0,0,0,0,0,0,0,0,0,0,5.16132270206105,0,2.9100860006669,0,0,0,8.65233793533106,0,5.60825545787811,0,4.46726270715396,0,0,0,0,0,0,9.60294471288982,0,3.07240586502607,0,0,0,0,0,0,0,0,0,0,0,0,0,0,0,5.83533022321504,0,0
0,0,0,0,0,10.3736160596212,0,0,0,0,0,9.50047736284209,0,0,0,0,0,0,65.0139389038086,4.69720813554266,0,0,0,0,0,0,0,0,0,0,0,0,0,0,0,6.86818918910429,0,5.34883446043188,0,14.2469168680011,0,18.2253712090579,0,0,0,8.04027463021513,0,41.3005714416504,25.4704747200012,17.9749703529554,0,0,0,0,0,0,0,10.1928822844575,0,9.67678260803223,0,0,0,0,0,0,0,0,0,0,14.2015204429626,0,17.0180460970167,0,0,0,0,0,10.4770788042181,0,17.3445694388975,0,7.57304470557866,16.8546447753906,12.8288805544053,15.5649285316467,0
22.5376686227733,0,45.2311808268229,62.5591468811035,66.5948238372803,0,0,0,31.4996089935303,0,5.26789224509037,0,0,0,0,0,67.2758061242482,86.3289251327515,50.512865960598,0,7.66970241400166,0,0,0,0,0,0,0,0,0,12.6516075134277,0,0,0,0,108.365386962891,9.7788912596546,0,10.5155256200211,67.1499035047448,28.0030833125114,62.5696349143982,24.0396995894763,44.6387786865234,29.3838653564453,0,16.4808331211006,56.8670349121094,39.8183295726776,58.1347618103027,12.7335443496704,0,0,0,0,0,7.75119815748246,83.1814880371094,9.31854230165482,0,89.7040939331055,0,0,0,0,0,0,0,0,0,0,0,92.4714965820312,13.3716800295157,0,0,0,0,85.1175806145919,17.166673163582,0,11.7206969923443,37.3618913477273,40.3146324157715,14.0170234653295,72.3027572631836,27.8478922843933
0,0,0,0,0,0,0,0,0,0,0,0,0,0,0,0,0,3.06911094983419,0,0,0,5.53270515692024,0,5.73989125433422,0,4.68039408949919,0,0,0,0,0,0,0,0,0,0,0,8.25627984809875,0,0,0,0,0,0,0,0,0,0,0,4.98468965413619,0,0,0,0,0,0,0,0,0,0,0,0,0,0,0,0,6.08921125175068,0,4.29691738570297,0,3.80272015383546,0,0,0,0,0,0,0,0,0,6.32340833923477,0,6.7324501499053,0,0,0,0
0,0,0,0,0,0,0,0,0,0,0,0,0,0,0,0,0,0,0,0,0,0,5.31709496370114,0,8.74585604530641,0,0,0,3.12840875335362,0,0,0,0,0,0,0,0,0,7.28791047080618,0,0,0,0,0,0,0,0,0,5.81984825713185,0,0,0,0,0,0,0,0,0,0,0,0,0,0,0,0,0,0,10.1787524846884,0,0,0,4.69297455523136,0,10.9782104492188,0,0,0,0,0,0,0,4.84804529155697,4.67004183679819,0,0,0,0
0,8.24246567946214,0,0,0,0,0,0,0,4.5102854569753,0,0,0,0,0,0,0,0,0,0,0,6.84790762075397,0,3.82326814970994,0,3.80863805106192,0,0,0,0,0,0,0,0,0,0,0,7.33358458466564,0,0,0,0,0,0,0,0,0,15.4523596763611,0,7.83833473360437,0,0,0,0,0,3.92803573386614,0,0,0,0,0,9.60294471288982,0,0,6.08921125175068,0,0,0,4.99240690824449,0,3.26600229740143,0,0,0,0,0,0,0,0,0,7.2639739266256,0,11.467525501509,0,6.01116535428394,0,0
0,0,0,0,0,0,0,0,3.30977833271027,0,0,0,0,0,0,0,0,0,0,0,0,0,4.60962809687075,0,3.94015753755764,0,0,0,0,0,0,0,0,0,0,0,0,0,5.24532384554545,0,0,0,19.1381774902344,0,0,0,0,0,7.38157291595752,0,0,0,0,0,3.74584069322137,0,0,0,0,0,7.3950400352478,0,0,0,0,10.1787524846884,0,0,0,5.73636657933155,0,0,0,0,0,0,0,0,0,0,0,5.73497628451444,14.8390824706466,0,8.04219721428143,0,0
0,3.42649466991425,0,0,0,0,0,0,0,0,0,0,0,0,0,0,0,0,0,0,0,3.9905646613666,0,3.60831953497494,0,3.30958718519944,0,0,0,0,0,0,0,0,0,0,0,0,0,0,0,0,0,0,0,0,0,0,0,4.1166849891648,0,0,0,0,0,9.78495494842529,0,0,0,0,0,3.07240586502607,0,0,4.29691738570297,0,4.99240690824449,0,0,0,3.67520311483696,0,0,0,0,0,0,0,0,0,0,0,3.29145418802897,0,4.84937193636167,0,0
0,0,0,0,0,0,0,0,0,0,0,0,0,0,0,0,0,0,0,0,0,0,3.07551774978638,0,3.39594655969869,0,3.03221580386162,0,0,0,0,0,0,0,0,0,0,0,0,0,0,0,0,0,0,0,0,0,0,0,0,0,0,0,0,0,0,0,0,0,0,0,0,0,0,0,0,5.73636657933155,0,0,0,3.45534252298289,0,0,0,0,0,0,0,0,0,0,2.74811172485352,0,0,0,0
0,0,0,33.9179954528809,0,0,0,0,0,0,0,0,0,0,0,0,0,0,35.9189395904541,0,0,4.00396004395607,0,0,0,3.16643214225769,0,5.49961548288837,0,7.81566852331161,0,0,0,0,0,0,0,3.81161111906955,0,0,0,20.948068300883,0,0,0,0,0,0,0,4.08548493629847,0,0,0,0,0,0,0,4.45840108491541,0,3.13603830337524,0,0,14.2015204429626,0,3.80272015383546,0,3.26600229740143,0,3.67520311483696,0,0,0,4.01849358611637,0,0,0,0,0,0,0,4.77219760290442,0,23.9325408935547,0,7.57472791413004,21.1875476837158,0
20.8748168945312,0,28.2192707061768,0,0,0,0,0,30.6820602416992,0,3.25930428504944,0,4.10733878612518,0,0,0,0,0,0,0,0,0,6.23801249232372,0,0,0,0,0,3.06212438444297,0,2.94479041099548,0,0,0,0,0,0,0,3.57828283309937,0,0,0,17.2669216107719,0,0,0,0,0,4.77959669904506,0,0,0,0,0,0,0,3.89052358968758,0,3.98303213005974,0,0,0,0,0,0,4.69297455523136,0,0,0,3.45534252298289,0,0,0,3.9942460547794,0,0,0,0,0,60.6923179626465,0,5.160659178164,26.9453835354911,0,9.83162344921203,0,19.8523387908936
0,24.5056018829346,0,31.6658047570123,0,0,0,0,0,0,0,7.97291929381234,0,0,0,0,70.6100570678711,77.7226577758789,35.1650670847498,13.8642624428398,0,0,0,0,0,0,0,3.15568804740906,0,5.15471756844528,0,0,0,0,0,74.1428779602051,0,5.75831007957458,0,47.0121969223022,0,19.9507167819502,52.7563018798828,0,0,15.5218175854002,89.5483741760254,65.5946731567383,53.1662139892578,13.9857079657641,0,40.1862182617188,0,0,0,34.8015975952148,81.4853210449219,5.64443736466494,0,0,0,0,17.0180460970167,92.4714965820312,0,0,0,0,0,0,4.01849358611637,0,0,0,0,0,0,0,54.6446182416833,0,8.04584877631244,0,38.3734157593524,0,15.9057253997615,21.6390909048227,0
24.0065199534098,0,26.0395129521688,0,38.743111928304,0,0,0,32.0053648948669,0,4.17028218821475,0,0,0,0,0,55.7082023620605,96.2435735066732,41.3525794695501,0,10.1533440351486,0,0,0,0,0,0,0,3.23780298233032,0,3.18559691382618,0,0,0,0,0,63.1683940887451,0,3.99240602673711,87.7898483276367,63.8281860351562,0,19.1530836142084,0,0,0,47.1076278686523,74.1126708984375,36.4827530384064,0,0,0,0,0,37.0756378173828,0,6.25047618144006,0,36.1703224182129,0,0,0,0,13.3716800295157,0,10.9782104492188,0,0,0,0,0,3.9942460547794,0,0,0,0,0,0,0,52.8337039241084,0,4.35029742853321,28.8820011738866,0,15.3545472107682,0,20.1243592046922
0,0,0,0,0,0,0,0,0,0,0,0,0,0,0,0,0,0,0,0,0,0,0,0,0,0,0,0,0,0,0,5.68446214493741,4.61969595485263,6.12566318511963,0,5.32906622284824,0,0,0,0,0,0,0,0,0,0,0,5.81773424573962,14.0191011428833,5.49689769744873,0,0,0,0,0,0,0,0,0,0,0,0,0,0,0,0,0,0,0,0,0,0,0,0,0,0,7.07563509714036,0,5.61015831121877,0,0,0,5.72394135966897,0,0,0,0
0,0,0,0,0,0,0,0,0,0,0,0,0,0,0,0,0,0,0,0,0,0,0,0,0,0,0,0,0,0,0,4.76070752510658,3.98132377258878,0,2.96474003791809,0,3.19252185756657,0,0,0,0,0,0,0,0,0,0,5.48541991159444,9.24377031326294,0,0,0,0,0,0,0,0,0,0,0,0,0,0,0,0,0,0,0,0,0,0,0,0,0,0,0,0,8.43150247846331,0,3.89374276822613,0,0,4.75610558519658,0,0,0,0
0,0,0,0,0,0,0,0,0,0,0,0,0,0,0,0,0,0,74.83447265625,0,0,0,0,0,0,0,0,0,0,0,0,4.37488470077515,0,4.81465412608198,3.64955894152323,7.24183103358349,0,6.30810581251632,0,0,0,0,0,0,0,0,0,6.04920982790517,0,8.20034668034521,0,0,0,0,0,0,0,0,0,0,0,0,0,0,0,0,0,0,0,0,0,0,0,0,7.07563509714036,0,0,4.78766409556071,9.76783442301446,0,5.44255710657846,0,8.38008391607058,0,0,0,0
0,0,0,0,0,0,0,0,0,0,0,0,0,0,0,0,0,0,0,0,0,0,0,0,0,0,0,0,0,0,0,0,2.74019277095795,4.51401972010516,3.63525984925857,0,4.64169872759249,0,3.94927338862508,0,0,0,0,0,0,0,0,4.94382554070089,6.91679722922189,0,0,0,0,0,0,0,0,0,0,0,0,0,0,0,0,0,0,0,0,0,0,0,0,0,0,8.43150247846331,4.78766409556071,0,0,7.62503424518185,0,4.25558295569711,3.26682348291582,0,0,0,0
59.6293067932129,44.4408798217773,0,44.9564008712769,107.349761962891,12.9250056743622,0,0,0,0,0,0,0,0,0,0,75.2171679057047,86.6021327748018,56.4127994077194,5.14194577002744,0,0,0,0,0,0,0,0,0,0,0,4.80983563250649,0,8.05184954246588,0,7.5218585268065,121.00866317749,9.00939421877467,0,31.3297743196,107.020629882812,27.1209457104023,76.8037648200989,33.5513292551041,47.2627296447754,25.075578309859,75.1431257157099,10.0086023710166,30.955304145813,11.9507080505321,0,16.7379302978516,0,0,0,0,48.5027084350586,55.9288402981228,0,0,0,0,10.4770788042181,85.1175806145919,0,0,0,0,0,0,0,0,54.6446182416833,0,5.61015831121877,0,9.76783442301446,0,0,102.089582504765,8.12527931583735,93.7779541015625,25.4353789512186,0,28.7654605550476,36.650088356455,61.9673767089844
43.2413830858596,0,67.5646107991536,87.9266166687012,22.5319423675537,0,0,0,46.9931938171387,0,6.45616717636585,0,0,0,0,0,75.8465101141679,101.055412603884,56.7677993540631,0,9.3314515803869,0,0,0,0,0,86.8385887145996,0,0,0,0,0,5.03047060807546,0,8.81738741324237,64.6625315666199,6.83094477416051,0,6.18606132466988,89.5357407017758,7.34178143314468,65.5880077907017,27.8373683313544,44.5238774617513,36.5612692151751,0,16.7065532690918,9.15639347130678,14.6486759207559,0,20.8691787719727,0,0,0,0,0,49.7970562744141,91.1497611999512,0,0,0,0,0,17.166673163582,0,0,0,0,0,0,0,60.6923179626465,0,52.8337039241084,0,3.89374276822613,0,7.62503424518185,102.089582504765,0,94.1218528747559,7.76938482887537,37.366447256702,57.2037841796875,30.0671822066589,85.2063781738281,34.5101092992254
0,29.3271007537842,0,0,0,0,0,0,0,10.0230766259707,0,9.75071458816528,0,0,0,0,89.280382792155,57.2208347320557,46.1915525824337,18.867755132563,0,7.66390346765518,0,4.77194699128469,0,0,0,4.30481958389282,0,4.22928905487061,0,0,0,7.46737833279316,0,6.73891496213514,130.578979492188,6.16514362197825,4.30069546968165,46.9187433151972,0,41.2782751083374,54.0286293029785,0,0,13.768261908855,71.0775909423828,9.34495747864246,0,6.02106366234441,0,0,0,0,0,7.74412479238995,0,24.8783743040902,0,0,0,0,17.3445694388975,0,6.32340833923477,0,7.2639739266256,0,0,0,4.77219760290442,0,8.04584877631244,0,0,0,5.44255710657846,0,8.12527931583735,94.1218528747559,0,4.84468841552734,9.70842507223016,0,10.0499320143207,19.5282947540283,58.5967140197754
29.5018017108624,0,0,82.1255569458008,0,0,0,0,6.93272365842547,0,0,0,0,0,0,0,59.9278302873884,80.4506306648254,45.5645619780929,0,8.7519991831346,0,4.83346807214367,0,5.05135588365443,0,0,0,4.21060609817505,0,0,0,0,0,4.07812519624931,113.801406860352,4.78815834349094,3.37185108661652,4.98858704782721,81.6187400817871,8.78234137807574,68.9327259063721,29.1753374804621,0,0,0,19.7206176421222,6.94799315929413,5.40793753760768,0,0,0,0,0,5.48164270001073,0,0,0,0,0,0,0,0,11.7206969923443,0,4.84804529155697,0,5.73497628451444,0,0,0,5.160659178164,0,4.35029742853321,0,0,0,4.25558295569711,93.7779541015625,7.76938482887537,4.84468841552734,0,18.0023800917346,7.51976087093353,14.1258344111672,57.7147407531738,22.3180193777529
