0,0,0.187046875142389,0,0,0,0,0,0.158888205753315,0,0,0,0,0,0,0,0.344561449355549,0.285754928986232,0.32963070376166,0,0.369326949119568,0,0,0.238081313669682,0.209316251309294,0,0,0,0,0,0,0,0,0,0,0,0,0.291315257549286,0,0,0.406251422508999,0.229474719081606,0.239027421497831,0,0,0,0.319005363580713,0,0.161305317831277,0,0,0,0,0,0.182423742002119,0,0.298539580127528,0,0.158197191233436,0,0.165129355984886,0,0,0.287618844554974,0,0,0.243837743997574,0.205834481332983,0,0.195159465074539,0,0,0,0.386706838607788,0,0,0,0,0.258307337760925,0.384785273160887,0.375629186630249,0.422680568032795,0.267232008594804,0.213982780774434,0.325486126016603,0,0.132422256150416
0,0,0,0.135906644830746,0,0,0,0,0,0.136195731223435,0,0,0,0,0,0.153154544532299,0,0,0.395672402598641,0,0,0,0,0.170052245259285,0,0,0,0,0,0,0,0,0,0,0,0,0,0,0,0.454949056729674,0,0.302414247835124,0.258197635412216,0,0,0.303195491433144,0,0,0,0.179450554254293,0,0.152849964797497,0,0,0,0.160524876785798,0,0.302303536070718,0,0,0,0.172477506411572,0.318072140216827,0,0,0,0,0,0,0,0.239915147423744,0,0.34126453101635,0,0,0,0,0,0.416098281061006,0,0.441383987665176,0,0.262322388396695,0.277691379189491,0.25152138367026,0.252950340509415,0
0.187046875142389,0,0,0.260356426239014,0.118503049015999,0,0,0,0.11635717501243,0,0,0,0,0,0,0,0.231212869286537,0,0.287677742540836,0.29178574681282,0.127382958573954,0,0,0,0,0,0,0,0,0,0,0,0,0,0,0,0.197063289582729,0,0,0,0.252877679467201,0.282961408297221,0.268336227120355,0,0,0.257786303758621,0.266209721565247,0,0.149712962355163,0.254711166024208,0.161967552108009,0,0,0,0.11269988402398,0,0.270997635770164,0,0.222463558130155,0,0,0,0.25528621673584,0.233949589508551,0,0,0.278124332427979,0,0,0,0,0,0.288212865591049,0.283100290288185,0,0,0,0,0,0.291212522493296,0,0.313104133520808,0.202018683494697,0.204330909997225,0.252573664624002,0,0.27958003928264
0,0.135906644830746,0.260356426239014,0,0,0.136082736449642,0,0,0,0.126988287676464,0,0,0,0,0,0,0.247090071439743,0.267635084688663,0.245550299684207,0.155996578435103,0,0,0,0.210258111357689,0,0,0,0,0,0,0,0,0,0,0,0.167128547518091,0.241856149264744,0.177290573716164,0,0.267072740774434,0.262377460797628,0.28708932680446,0.27273456454277,0,0,0.205987024814525,0.267232964436213,0.246866000816226,0,0.248193237727339,0.252035439014435,0.160639575561282,0,0,0,0.172861438244581,0.299094423651695,0.25863710227536,0.313575853904088,0.179224129248139,0,0.175764792381901,0.230398203645434,0.292858233054479,0,0,0,0,0,0,0.259587030857801,0,0.276904742826115,0,0,0,0,0,0.264825896586392,0.256895586848259,0.298408209479281,0.312935754656792,0.183112337976694,0.173101354390383,0.23526645906674,0.263015776872635,0
0,0,0.118503049015999,0,0,0,0.161483255299655,0,0.123227617004886,0,0.134352371096611,0,0,0,0,0,0,0.243937432765961,0,0,0.161683992772806,0,0,0,0,0,0,0,0,0,0,0,0,0,0,0,0.145033317804337,0,0,0,0.195394953091939,0,0.217255332817634,0,0,0,0.181436354294419,0,0.221949830651283,0,0.207987477990889,0,0,0,0.105183990672231,0,0.221242359528939,0.259855449199677,0,0,0,0,0,0.175588654672227,0,0,0,0,0,0,0,0,0,0.240345276064343,0,0,0,0,0,0.215759343334607,0.274607837200165,0.245322884060442,0.158859945939258,0.163959331015746,0.178952807965486,0,0.191642716526985
0,0,0,0.136082736449642,0,0,0,0.117628283798695,0,0,0,0.141520478977607,0,0.196401562009539,0,0.198370717465878,0,0,0,0.17364857762348,0,0,0,0,0,0,0,0,0,0,0,0,0,0,0,0.175879069287843,0,0,0,0,0,0.29106679558754,0,0,0,0,0,0,0,0.258349061012268,0,0.166062066002804,0,0.129862880334258,0,0,0,0.215465575456619,0,0.22749479327883,0,0.199176426231861,0.149575612603164,0,0,0,0,0,0,0,0,0,0.249945521354675,0,0,0,0,0,0.195426717400551,0,0,0,0.17901175513715,0.175983398842315,0.151494506973287,0,0
0,0,0,0,0.161483255299655,0,0,0,0,0,0.12463474303484,0,0,0,0,0,0,0,0,0,0.151720427259614,0,0,0,0,0,0,0,0,0,0,0,0,0,0,0,0,0,0,0,0,0,0,0,0,0,0,0,0,0,0.171518057584763,0,0.155647072408881,0,0,0,0.163632993896802,0,0,0,0,0,0,0.105244870164565,0,0,0,0,0,0,0,0,0,0,0,0,0,0,0,0,0,0,0.157662449316829,0.152039967477322,0,0,0
0,0,0,0,0,0.117628283798695,0,0,0,0,0,0.1496202647686,0,0,0,0,0,0,0,0.118685156464168,0,0,0,0,0,0,0,0,0,0,0,0,0,0,0,0.146608591079712,0,0,0,0,0,0,0,0,0,0,0,0,0,0,0,0,0,0.14058988665541,0,0,0,0.143956195055084,0,0,0,0,0.124243702290123,0,0,0,0,0,0,0,0,0,0,0,0,0,0,0,0,0,0,0,0.123577867531114,0,0.109952285885811,0,0
0.158888205753315,0,0.11635717501243,0,0.123227617004886,0,0,0,0,0.171268716454506,0,0,0,0,0.14027169689668,0,0.20169771216321,0.174136058986187,0.239661132100593,0,0,0,0,0,0.161085425535353,0,0.163506713178423,0,0,0,0,0,0,0,0,0,0,0,0.151908302436704,0.271591901779175,0.327805149555206,0.26280677318573,0.179039724529363,0,0.355001777410507,0,0.413034938275814,0,0.223041707277298,0,0,0,0,0,0.193070643099801,0,0.347187101840973,0,0,0,0.155518266009657,0,0,0,0,0,0,0.2419851757586,0,0.215055354616859,0,0,0,0.402931517362595,0,0,0,0,0.395029604434967,0.360848800224416,0,0.206357486182597,0.17482898640517,0,0.26269819824533,0,0.154824048706463
0,0.136195731223435,0,0.126988287676464,0,0,0,0,0.171268716454506,0,0,0,0,0,0,0.145426341465541,0.160248316147111,0.167507771343931,0.14970018220349,0,0,0,0,0.164742144302298,0,0,0,0,0,0,0,0,0,0,0,0,0,0.206856777270635,0,0.236249290406704,0,0.173520441311346,0,0,0,0,0,0,0,0.181998312473297,0,0.148940488696098,0,0,0,0.190277242493247,0,0.222843190655112,0,0,0,0.179520060618718,0.20367531478405,0,0,0,0.196991007097743,0,0,0,0,0,0.22586477175355,0,0,0,0,0,0.248279549181461,0,0.226785901614598,0,0.156407024677938,0.173427918153565,0.149595020400981,0.148992709815502,0
0,0,0,0,0.134352371096611,0,0.12463474303484,0,0,0,0,0,0.164796359779074,0,0,0,0,0,0,0,0.15525319834143,0,0,0,0,0,0,0,0,0,0.183528137068416,0,0,0,0,0,0.15286743066022,0,0.155723298441424,0,0,0,0,0,0,0,0,0,0,0,0,0,0.148422741020719,0,0,0,0.157455938783134,0,0.167141786523354,0,0,0,0,0.210188209300949,0,0,0,0,0,0,0,0,0,0.235108926892281,0,0,0,0,0,0.154777598131921,0,0.163124391379265,0.161147463452574,0.169947049021721,0,0,0
0,0,0,0,0,0.141520478977607,0,0.1496202647686,0,0,0,0,0,0.16784907454521,0,0,0,0,0,0.167052775079189,0,0,0,0,0,0,0,0.182729601860046,0,0.140968805489441,0,0,0,0,0,0.163981046355532,0,0.153299258116253,0,0,0,0,0,0,0,0,0,0,0,0,0,0,0,0.201291639553873,0,0,0,0.1683249524916,0,0.184590224867912,0,0,0.142093876079477,0,0,0,0,0,0,0,0.175426572362582,0,0.176912886401018,0,0,0,0,0,0.173108576072587,0,0.152472984977067,0,0.168265989577943,0,0.1495093757456,0,0
0,0,0,0,0,0,0,0,0,0,0.164796359779074,0,0,0,0.136928977423839,0,0,0,0,0,0,0,0,0,0,0,0,0,0.107646465301514,0,0,0,0,0,0,0,0,0,0,0,0,0,0,0,0,0,0,0,0,0,0,0,0,0,0,0,0.152221483240525,0,0.166690038978628,0,0.149340271949768,0,0,0,0,0,0,0,0,0,0,0,0,0,0,0,0,0,0,0,0,0,0.156714384555817,0.139150678490599,0,0,0
0,0,0,0,0,0.196401562009539,0,0,0,0,0,0.16784907454521,0,0,0,0.170363942626864,0,0.136432236746738,0,0,0,0,0,0,0,0,0,0.146344917558007,0,0,0,0,0,0,0,0,0,0,0,0,0,0,0,0,0,0,0,0,0,0,0,0,0,0,0,0,0,0.191573875291007,0,0.167479960880575,0,0.191696947569367,0,0,0,0,0,0,0,0,0.155981501924391,0,0,0,0,0,0,0,0,0,0,0,0.161071278671424,0.188803009497814,0,0,0
0,0,0,0,0,0,0,0,0.14027169689668,0,0,0,0.136928977423839,0,0,0,0.136880281143913,0.145447830359141,0,0,0,0,0,0,0.160934343934059,0,0.11513023575147,0,0,0,0,0,0,0,0,0,0,0,0,0,0,0,0,0,0,0,0,0,0,0,0,0,0,0,0.162147903984243,0,0.154945433139801,0,0.1562498860575,0,0.171002782436449,0,0,0,0,0,0,0,0,0.137305736541748,0,0.14390038450559,0,0,0,0,0,0,0,0,0,0,0.129109272338224,0,0,0,0
0,0.153154544532299,0,0,0,0.198370717465878,0,0,0,0.145426341465541,0,0,0,0.170363942626864,0,0,0.132785275578499,0.151226399176651,0.182914756238461,0,0,0,0,0.201469630002975,0,0.157881799171556,0,0,0,0,0,0,0,0,0,0,0,0,0,0,0,0,0,0,0,0,0,0,0,0,0,0,0,0,0,0.183724500238895,0,0,0,0.204728413747732,0,0.176513843980383,0,0,0,0,0.197068259119987,0,0.155607634120517,0,0,0,0,0,0,0,0,0,0,0,0,0,0.154094814793782,0.164396718676601,0,0,0
0.344561449355549,0,0.231212869286537,0.247090071439743,0,0,0,0,0.20169771216321,0.160248316147111,0,0,0,0,0.136880281143913,0.132785275578499,0,0.150253249747739,0.274570923132861,0,0,0.133062124252319,0.130398591550497,0.156408052394787,0.15316904668582,0.161319723183458,0.134861038582219,0,0,0,0,0,0,0,0,0,0,0,0,0.2808119013669,0.304011503855387,0.24699450135231,0.246994674076205,0,0.233611156543096,0,0.310463028862363,0,0,0.264782105882963,0,0.239608079195023,0,0,0.164715096868318,0.162995864947637,0.322267994994209,0.254421174526215,0,0,0.169855505228043,0,0.294600081443787,0.282013645602597,0,0,0,0.173028501868248,0,0.142565706868966,0,0,0,0.31880934196606,0,0,0,0,0.31443183407897,0.340643905639095,0,0.363973533511162,0.218159237645243,0.140029408534368,0.303264130529024,0,0.254076752223467
0.285754928986232,0,0,0.267635084688663,0.243937432765961,0,0,0,0.174136058986187,0.167507771343931,0,0,0,0.136432236746738,0.145447830359141,0.151226399176651,0.150253249747739,0,0.26135152524196,0,0,0.117229854974609,0.112095661461353,0.153368094991121,0.145108183026314,0.135419493048342,0.15609907772806,0.13558291868273,0,0,0,0,0,0,0,0,0,0,0,0.290056600466671,0.28694867272422,0.255539280323076,0.24841232140859,0,0.248053749402364,0.256487008929253,0.299133958419164,0,0,0.273811439673106,0,0,0,0,0.178496822714806,0.167299178561994,0.275061244001755,0.319549411535263,0,0.149955093860626,0,0.151435978710651,0.276537984609604,0.254028614610434,0.137892255792394,0,0.153406083583832,0.129790753126144,0.135581786497536,0,0.145375069289003,0,0.269168347120285,0.315079234540462,0,0,0,0,0.325446726517244,0.316351290122211,0.375768512487411,0.349871678011758,0.17318790984179,0.164521883613091,0.295090304154736,0.280500839153926,0.247045623905518
0.32963070376166,0.395672402598641,0.287677742540836,0.245550299684207,0,0,0,0,0.239661132100593,0.14970018220349,0,0,0,0,0,0.182914756238461,0.274570923132861,0.26135152524196,0,0,0.340947061777115,0,0.267494320869446,0.182077459458794,0.249536183618364,0.240202926927143,0.225790539383888,0,0,0,0,0,0,0,0,0.251933939754963,0,0,0,0.333315885870992,0.290159179171568,0.215885568967938,0.214320661720912,0,0.209513041026452,0.295790749580361,0.320330925820387,0,0.251019895076752,0.249716410040855,0.221239070097605,0.231523603200912,0,0,0.273197680711746,0.161937423050404,0.330059476895258,0.328524944729337,0.216102793812752,0,0,0.211148167649905,0.275767066412502,0.282394346296787,0,0,0.134171043833097,0,0,0,0,0,0.343807512415307,0.310010079475282,0,0,0,0,0.398550995272497,0.337742919092297,0.439046853946315,0.366388453136791,0.224029371053513,0.269293004912989,0.325234801238733,0.236017583732885,0.222070266703265
0,0,0.29178574681282,0.155996578435103,0,0.17364857762348,0,0.118685156464168,0,0,0,0.167052775079189,0,0,0,0,0,0,0,0,0,0,0,0,0,0,0,0,0,0.167196124792099,0,0,0,0,0,0.156676594537481,0,0.146253838238341,0,0.214195782939593,0,0.24833334711465,0.243276298046112,0,0,0.197123944759369,0,0,0,0.234016437083483,0,0.230768790675534,0,0,0,0,0,0.173913188429192,0,0,0,0,0.158404574522542,0,0,0,0,0,0,0,0,0,0.247423708438873,0,0,0,0,0,0.18094018919032,0,0.174186920446734,0,0.152956913859013,0.126275969876183,0.164723180648353,0,0
0.369326949119568,0,0.127382958573954,0,0.161683992772806,0,0.151720427259614,0,0,0,0.15525319834143,0,0,0,0,0,0,0,0.340947061777115,0,0,0,0,0,0,0,0,0,0,0,0,0,0,0,0,0,0.154257207787387,0,0.146541520139609,0,0.181698407639157,0,0.249973255395889,0,0,0,0.295501731909238,0,0.203038707375526,0,0.208761593828543,0,0.112934148753993,0,0,0,0.173364281661393,0,0,0,0,0,0,0.239652458004503,0,0,0,0,0,0,0,0,0,0.298537509194736,0,0,0,0,0.233883872628212,0.162943244248481,0,0.163500834674983,0.147543338772991,0.138340041041374,0.195498867919951,0,0.391254037618637
0,0,0,0,0,0,0,0,0,0,0,0,0,0,0,0,0.133062124252319,0.117229854974609,0,0,0,0,0.0960971068664723,0.151276247278297,0,0.147103545023128,0,0.121134887848582,0,0,0,0,0,0,0,0,0,0.223537832009201,0.0863140111323446,0,0,0.377972558140755,0.464998349547386,0,0,0,0,0.507734358310699,0.514101654291153,0.325129608809948,0,0,0,0,0,0,0,0,0,0,0,0,0,0,0.15391657741516,0.109769111406058,0.217807730204529,0,0.242933769311224,0,0.172552383608288,0,0,0,0,0,0.136690378189087,0,0,0,0.250460236906855,0.124249064922333,0.110432782949438,0.106911123205315,0.489676560674395,0,0
0,0,0,0,0,0,0,0,0,0,0,0,0,0,0,0,0.130398591550497,0.112095661461353,0.267494320869446,0,0,0.0960971068664723,0,0.0793954027550561,0.14834988281536,0,0.141241120360792,0,0.146220141824554,0,0,0,0,0,0,0,0,0.099257903667737,0.12169168746593,0,0,0,0,0,0,0,0,0,0.424511366290972,0,0,0,0,0,0,0,0,0,0,0,0,0,0,0,0.0962147269111413,0.139944295400297,0,0.156652181041102,0,0.147854891945859,0,0.139632413826757,0,0,0,0,0.164858669042587,0,0,0,0.124667595414554,0.126935492185029,0.0948869810743098,0.0907497532455854,0,0,0
0.238081313669682,0.170052245259285,0,0.210258111357689,0,0,0,0,0,0.164742144302298,0,0,0,0,0,0.201469630002975,0.156408052394787,0.153368094991121,0.182077459458794,0,0,0.151276247278297,0.0793954027550561,0,0,0.124302544433679,0,0,0,0,0,0,0,0,0,0,0,0.182611254984851,0,0,0,0.215124017000198,0,0,0,0,0,0,0,0.235030218958855,0,0,0,0,0,0.202560116079721,0,0,0,0,0,0,0,0,0.190064382718669,0,0.195365544167908,0,0.241476888436338,0,0,0,0,0,0,0,0,0,0,0,0.228185013751268,0,0.150254726391872,0.24281735966603,0.298818086273968,0,0
0.209316251309294,0,0,0,0,0,0,0,0.161085425535353,0,0,0,0,0,0.160934343934059,0,0.15316904668582,0.145108183026314,0.249536183618364,0,0,0,0.14834988281536,0,0,0,0.147929227948189,0,0,0,0,0,0,0,0,0,0,0,0.345585508332923,0,0.242824792861938,0,0.195586204528809,0,0,0,0.265984535217285,0,0.248943464795374,0,0,0,0,0,0.219201263359615,0,0.289068967103958,0,0,0,0.213623028993607,0,0,0,0,0.157372795314674,0,0.202890053765858,0,0.16369268770625,0,0,0,0.31454148888588,0,0,0,0,0.26377135515213,0.257997155189514,0,0.26070635051777,0.159297909432401,0,0.362232462763786,0,0.247914791107178
0,0,0,0,0,0,0,0,0,0,0,0,0,0,0,0.157881799171556,0.161319723183458,0.135419493048342,0.240202926927143,0,0,0.147103545023128,0,0.124302544433679,0,0,0,0.145181215726412,0,0,0,0,0,0,0,0,0,0,0,0,0,0,0,0,0,0,0,0,0,0,0,0,0,0,0,0,0,0,0,0,0,0.166041448712349,0,0,0.151699559034213,0,0.11536280771912,0,0.157658829523081,0,0,0,0,0,0,0,0,0,0,0,0,0,0.160585797809321,0,0,0,0
0,0,0,0,0,0,0,0,0.163506713178423,0,0,0,0,0,0.11513023575147,0,0.134861038582219,0.15609907772806,0.225790539383888,0,0,0,0.141241120360792,0,0.147929227948189,0,0,0,0,0,0,0,0,0,0,0,0,0,0,0,0,0,0,0,0,0,0.293157041072845,0,0,0,0,0,0,0,0,0,0,0,0,0,0,0,0,0,0,0.168212380260229,0,0,0,0.147630749122491,0,0,0,0,0,0,0,0,0,0,0,0,0.136783064239555,0,0,0,0
0,0,0,0,0,0,0,0,0,0,0,0.182729601860046,0,0.146344917558007,0,0,0,0.13558291868273,0,0,0,0.121134887848582,0,0,0,0.145181215726412,0,0,0,0.147322245754337,0,0,0,0,0,0,0,0.147001319825649,0,0,0,0,0,0,0,0,0,0,0,0,0,0,0,0,0,0,0,0.158325262367725,0,0.148452088236809,0,0,0,0,0.134841862779397,0,0,0,0.13830770063214,0,0.155505144388937,0,0.149908496193515,0,0,0,0,0,0,0,0.149095684606978,0,0.149531028342486,0.165260965625445,0,0,0
0,0,0,0,0,0,0,0,0,0,0,0,0.107646465301514,0,0,0,0,0,0,0,0,0,0.146220141824554,0,0,0,0,0,0,0,0.126642563821454,0,0,0,0,0,0,0,0.1370886216561,0,0,0,0,0,0,0,0,0,0,0,0,0,0,0,0,0,0,0,0,0,0,0,0,0,0,0,0,0,0,0,0,0.142181453839788,0,0.159541798865094,0,0,0,0,0,0,0,0.143684439361095,0.140687968451203,0.100716672837734,0,0,0
0,0,0,0,0,0,0,0,0,0,0,0.140968805489441,0,0,0,0,0,0,0,0.167196124792099,0,0,0,0,0,0,0,0.147322245754337,0,0,0,0,0,0,0,0,0,0.143949747306876,0,0,0,0,0,0,0,0,0,0,0,0,0,0,0,0,0,0,0,0.150718131363392,0,0,0,0,0.170262590050697,0,0,0,0,0,0,0,0.166607859535752,0,0.1505464282439,0,0,0,0,0,0,0,0.152130285079039,0,0.151837580451151,0,0,0,0
0,0,0,0,0,0,0,0,0,0,0.183528137068416,0,0,0,0,0,0,0,0,0,0,0,0,0,0,0,0,0,0.126642563821454,0,0,0,0,0,0,0,0,0,0,0,0,0,0,0,0,0,0,0,0,0,0,0,0,0,0,0,0,0,0,0,0,0,0,0,0,0,0,0,0,0,0,0.119517201324925,0,0.152792341424795,0,0,0,0,0,0,0,0.137936773257596,0.150487132610813,0,0,0,0
0,0,0,0,0,0,0,0,0,0,0,0,0,0,0,0,0,0,0,0,0,0,0,0,0,0,0,0,0,0,0,0,0.185113885949895,0.295422753519263,0.187329057604074,0.156670461480434,0.121467398464437,0,0,0,0,0,0,0,0,0,0,0.458785242858209,0.433741105454309,0.399848490953445,0,0,0,0,0,0,0,0,0,0,0,0,0,0,0,0,0,0,0,0,0,0,0,0,0.225786338158475,0.130057345198707,0.143218492157757,0.134985355692997,0.159786068587279,0.122886081823172,0,0,0.122562225151341,0,0,0,0
0,0,0,0,0,0,0,0,0,0,0,0,0,0,0,0,0,0,0,0,0,0,0,0,0,0,0,0,0,0,0,0.185113885949895,0,0.166765229487271,0.251245500519872,0,0.160686675393791,0,0,0,0,0,0,0,0,0,0,0.432385003095462,0.501531258225441,0.415978441635768,0,0,0,0,0,0,0,0,0,0,0,0,0,0,0,0,0,0,0,0,0,0,0,0,0.170731435667574,0.278596055424066,0.14786189282313,0,0,0.150282416700712,0,0,0.121665626933629,0,0,0,0
0,0,0,0,0,0,0,0,0,0,0,0,0,0,0,0,0,0,0,0,0,0,0,0,0,0,0,0,0,0,0,0.295422753519263,0.166765229487271,0,0.183828987569758,0.12831783229536,0.095482373938841,0.246350384703497,0.198883679063841,0,0,0,0,0,0,0,0,0.398124359044674,0.434493277342089,0.37960488597552,0,0,0,0,0,0,0,0,0,0,0,0,0,0,0,0,0,0,0,0,0,0,0,0,0.372240927957353,0.158918097615242,0.168300748324636,0.171083430132726,0.168680952721938,0.101824216544628,0.316631036112085,0.148263462604238,0.284725644573662,0.154039226472378,0.441316227118174,0,0
0,0,0,0,0,0,0,0,0,0,0,0,0,0,0,0,0,0,0,0,0,0,0,0,0,0,0,0,0,0,0,0.187329057604074,0.251245500519872,0.183828987569758,0,0.142531547695398,0.150013488412739,0.139576644426392,0.201218531673981,0,0,0,0.595808684825897,0,0,0,0,0.384070564049367,0.638338108857473,0.43863545358181,0,0,0,0,0,0,0,0,0,0,0,0,0,0,0,0,0,0,0,0,0,0,0,0,0.18674011528492,0.154714326063792,0.168796108372015,0.197447988160309,0.144814647493824,0.140400162202401,0,0.231918422854505,0.261093562682633,0.159136316180229,0,0,0
0,0,0,0.167128547518091,0,0.175879069287843,0,0.146608591079712,0,0,0,0.163981046355532,0,0,0,0,0,0,0.251933939754963,0.156676594537481,0,0,0,0,0,0,0,0,0,0,0,0.156670461480434,0,0.12831783229536,0.142531547695398,0,0.141376058217533,0.128801292755135,0.12984443627871,0.230480167426561,0,0.282588281565242,0.291956692934036,0,0,0.177604778962476,0,0.39664222419947,0,0.22994466813711,0,0.183437889272516,0,0,0,0,0,0.162079180222794,0,0,0,0,0.163270365042268,0,0,0,0,0,0,0,0,0,0.259643758336703,0,0.162289350432284,0,0.156577000307963,0.141258906386793,0.173951914147005,0.146544912884247,0.167288682593331,0,0.1483762394424,0.155337150801312,0.171112715571492,0,0
0,0,0.197063289582729,0.241856149264744,0.145033317804337,0,0,0,0,0,0.15286743066022,0,0,0,0,0,0,0,0,0,0.154257207787387,0,0,0,0,0,0,0,0,0,0,0.121467398464437,0.160686675393791,0.095482373938841,0.150013488412739,0.141376058217533,0,0.10125555155369,0.167130569822261,0.228163192048669,0.237969323992729,0.30063259601593,0.266606944302718,0,0,0.229358348250389,0.237580388784409,0.257708486914635,0.297037502129873,0.321229706207911,0.198726896483165,0,0,0,0,0,0.171350110518305,0.309026807546616,0.236379459500313,0,0,0,0.216073304414749,0.167947713769339,0,0,0,0,0,0,0,0,0.29425635933876,0.252480217814446,0.118674109083541,0.155665213863055,0.11799331754446,0.158222980009249,0.161622205529157,0.172500451886805,0,0.194744114181036,0.154991263138962,0.134746363746519,0.218262000353473,0,0
0.291315257549286,0,0,0.177290573716164,0,0,0,0,0,0.206856777270635,0,0.153299258116253,0,0,0,0,0,0,0,0.146253838238341,0,0.223537832009201,0.099257903667737,0.182611254984851,0,0,0,0.147001319825649,0,0.143949747306876,0,0,0,0.246350384703497,0.139576644426392,0.128801292755135,0.10125555155369,0,0.166332525058209,0,0,0.298581322655082,0.452723688804186,0,0,0.251861393451691,0,0.583699847937558,0.553408076015996,0.417029004464758,0,0,0,0,0,0.267867296934128,0,0.162170491210813,0,0,0,0,0.16659386090257,0,0.277065121894899,0.115660560245697,0.276693057728472,0,0.302958190441132,0,0.163898590200418,0,0.180579730316445,0,0,0,0.18986775694679,0.139429410235791,0.193096690366958,0.127049509200114,0.189515829747357,0.162901603683297,0.267840593103876,0.34696908051809,0.515190389170244,0,0
0,0,0,0,0,0,0,0,0.151908302436704,0,0.155723298441424,0,0,0,0,0,0,0,0,0,0.146541520139609,0.0863140111323446,0.12169168746593,0,0.345585508332923,0,0,0,0.1370886216561,0,0,0,0,0.198883679063841,0.201218531673981,0.12984443627871,0.167130569822261,0.166332525058209,0,0,0,0.371733084321022,0.428471799407686,0,0,0,0,0.511351843899911,0.377668279728407,0.521060715119044,0,0,0,0,0.282368023341625,0,0.157443199128117,0,0,0,0,0,0,0.196463756444978,0.224769932528337,0.162683472558055,0.375788688659668,0.288721525838705,0,0,0,0.137833947068071,0,0.154541238064462,0,0,0.16277964413166,0.195315225670735,0,0.193317755805496,0.213630973104981,0.205555153364078,0.213240645925062,0.222565478480914,0.402727624472699,0,0
0,0.454949056729674,0,0.267072740774434,0,0,0,0,0.271591901779175,0.236249290406704,0,0,0,0,0,0,0.2808119013669,0.290056600466671,0.333315885870992,0.214195782939593,0,0,0,0,0,0,0,0,0,0,0,0,0,0,0,0.230480167426561,0.228163192048669,0,0,0,0.29760176812609,0.270254028867776,0.270065822679064,0,0.266256868839264,0.260811332487658,0.316015634685755,0.162391147514184,0,0.230377737302629,0,0.235396790504456,0,0,0,0.168898358941078,0.301874488592148,0.285321425551023,0,0,0,0.230306290090084,0.262608694504081,0,0,0,0,0,0,0,0.273256093263626,0,0.279612237756903,0.277549088001251,0,0,0,0,0.258184232716175,0.307645162162573,0.312448224141484,0.299684718251228,0.312492585499148,0.293011979145162,0.258334716319141,0.329807765564026,0.250310133610453
0.406251422508999,0,0.252877679467201,0.262377460797628,0.195394953091939,0,0,0,0.327805149555206,0,0,0,0,0,0,0,0.304011503855387,0.28694867272422,0.290159179171568,0,0.181698407639157,0,0,0,0.242824792861938,0,0,0,0,0,0,0,0,0,0,0,0.237969323992729,0,0,0.29760176812609,0,0.270242145115679,0.260891630230213,0,0.242942374944687,0.257895261049271,0.295489245735937,0.128919333219528,0.221186182943398,0.269976850599051,0.211765438558594,0,0,0,0.227362416684628,0,0.271049596640197,0.317960232496262,0.235441008696751,0,0,0,0,0.223487932187635,0,0,0,0,0,0,0,0,0.294843956828117,0.283865726129575,0,0,0,0,0.323671415448189,0.248786591399386,0,0.219869998942283,0.306735177191696,0.286838446855545,0.29896724933119,0,0.291166971688685
0.229474719081606,0.302414247835124,0.282961408297221,0.28708932680446,0,0.29106679558754,0,0,0.26280677318573,0.173520441311346,0,0,0,0,0,0,0.24699450135231,0.255539280323076,0.215885568967938,0.24833334711465,0,0.377972558140755,0,0.215124017000198,0,0,0,0,0,0,0,0,0,0,0,0.282588281565242,0.30063259601593,0.298581322655082,0.371733084321022,0.270254028867776,0.270242145115679,0,0.257306752639396,0,0.250786212086678,0.262765487655997,0.29502340555191,0.359695540534125,0.357099350421659,0.314521968531294,0.282474845647812,0.24396373849848,0,0,0,0.202854067087173,0.252352703362703,0.266076619935851,0,0,0,0.256586581468582,0.247755897243818,0.258232727646828,0.379396915435791,0,0.256235407665372,0,0,0,0,0,0.254619385475761,0.28812463581562,0,0,0,0,0.304400143487966,0.293032701248708,0.362065169621598,0.278760403394699,0.269793426958103,0.266172199282381,0.295518603633318,0.225222836248577,0.225533644358317
0.239027421497831,0.258197635412216,0.268336227120355,0.27273456454277,0.217255332817634,0,0,0,0.179039724529363,0,0,0,0,0,0,0,0.246994674076205,0.24841232140859,0.214320661720912,0.243276298046112,0.249973255395889,0.464998349547386,0,0,0.195586204528809,0,0,0,0,0,0,0,0,0,0.595808684825897,0.291956692934036,0.266606944302718,0.452723688804186,0.428471799407686,0.270065822679064,0.260891630230213,0.257306752639396,0,0,0.195455411832561,0.276465982198715,0.285308288696363,0.400835620860259,0.328017090726383,0.350243847343055,0.239546263363303,0.228080615401268,0,0,0.204226141571999,0,0.293233926296959,0,0.250901624986104,0,0.245086627081037,0.20989878475666,0.230255931615829,0.254976404347318,0.423639446496964,0,0.276318058371544,0,0,0,0,0,0.345213651657104,0.25277797137446,0,0,0,0,0.28773005830275,0.27362355371639,0.379466818137602,0.363146360746414,0.262916059666181,0.276508102453116,0.266032575442897,0.17966628074646,0.206319541726005
0,0,0,0,0,0,0,0,0,0,0,0,0,0,0,0,0,0,0,0,0,0,0,0,0,0,0,0,0,0,0,0,0,0,0,0,0,0,0,0,0,0,0,0,0,0,0,0,0,0,0,0,0,0,0,0,0,0,0,0,0,0,0,0,0,0,0,0,0,0,0,0,0,0,0,0,0,0,0,0,0,0,0,0,0,0,0
0,0,0,0,0,0,0,0,0.355001777410507,0,0,0,0,0,0,0,0.233611156543096,0.248053749402364,0.209513041026452,0,0,0,0,0,0,0,0,0,0,0,0,0,0,0,0,0,0,0,0,0.266256868839264,0.242942374944687,0.250786212086678,0.195455411832561,0,0,0,0.289756195992231,0,0,0.314630270004272,0,0,0,0,0,0,0,0,0,0,0,0,0,0.317177176475525,0,0,0,0,0,0,0,0,0,0.289859473705292,0,0,0,0,0.2632976770401,0.279429204438044,0,0.412673681974411,0.217454001955364,0,0.247123303184719,0,0.213208190032414
0,0.303195491433144,0.257786303758621,0.205987024814525,0,0,0,0,0,0,0,0,0,0,0,0,0,0.256487008929253,0.295790749580361,0.197123944759369,0,0,0,0,0,0,0,0,0,0,0,0,0,0,0,0.177604778962476,0.229358348250389,0.251861393451691,0,0.260811332487658,0.257895261049271,0.262765487655997,0.276465982198715,0,0,0,0.277303785085678,0.218863156106737,0.288583219051361,0.232090627937986,0.265379101037979,0,0,0,0,0,0.271852411329746,0.250782823190093,0,0,0,0.188261047005653,0.202897091328926,0.262962508201599,0,0,0,0,0,0,0,0,0.252365719813567,0,0,0,0,0,0.266179079048152,0.251035250723362,0.342809054851532,0.295379221439362,0.251026913523674,0.270397245883942,0.246976964428428,0,0
0.319005363580713,0,0.266209721565247,0.267232964436213,0.181436354294419,0,0,0,0.413034938275814,0,0,0,0,0,0,0,0.310463028862363,0.299133958419164,0.320330925820387,0,0.295501731909238,0,0,0,0.265984535217285,0,0.293157041072845,0,0,0,0,0,0,0,0,0,0.237580388784409,0,0,0.316015634685755,0.295489245735937,0.29502340555191,0.285308288696363,0,0.289756195992231,0.277303785085678,0,0.267088502645493,0.26766008079052,0,0.203755045548463,0,0,0,0.207738630473614,0,0.306578748263754,0,0.21363181527704,0,0,0,0,0.245887296972075,0,0,0,0,0,0,0,0.277922719717026,0.281565427780151,0.315213445425034,0,0,0,0,0.325806204229593,0.313623259948049,0,0.424403577474829,0.317227933696798,0.287146987393498,0.324706218373296,0,0.318409764104419
0,0,0,0.246866000816226,0,0,0,0,0,0,0,0,0,0,0,0,0,0,0,0,0,0.507734358310699,0,0,0,0,0,0,0,0,0,0.458785242858209,0.432385003095462,0.398124359044674,0.384070564049367,0.39664222419947,0.257708486914635,0.583699847937558,0.511351843899911,0.162391147514184,0.128919333219528,0.359695540534125,0.400835620860259,0,0,0.218863156106737,0.267088502645493,0,0.540303279224902,0.379357835494603,0.213820055127144,0,0,0,0,0,0,0.284525960683823,0,0,0,0.231104552745819,0.189674824476242,0,0.487125583489736,0,0,0,0,0,0,0,0.254408180713654,0,0.364650329289795,0.407381091527322,0.191718489433942,0.275746107011674,0.27026074616622,0.156879512411429,0.514382643519707,0.584340650512931,0.502622793918406,0.263682854018713,0.554792283306352,0,0
0.161305317831277,0,0.149712962355163,0,0.221949830651283,0,0,0,0.223041707277298,0,0,0,0,0,0,0,0,0,0.251019895076752,0,0.203038707375526,0.514101654291153,0.424511366290972,0,0.248943464795374,0,0,0,0,0,0,0.433741105454309,0.501531258225441,0.434493277342089,0.638338108857473,0,0.297037502129873,0.553408076015996,0.377668279728407,0,0.221186182943398,0.357099350421659,0.328017090726383,0,0,0.288583219051361,0.26766008079052,0.540303279224902,0,0.36343062314708,0.221450889912935,0,0,0,0.21617576399365,0,0.192601499408484,0,0.194562295856683,0,0.165515633161672,0,0,0.23225158985172,0.500353996952375,0.222292131716662,0.364381767809391,0.24166117149471,0,0.199197685662306,0,0.189770660835963,0,0.288185858726501,0,0,0,0,0,0.227020047502507,0.523207063476245,0.368252301625675,0.476298220993317,0.287934837016192,0.285257449286872,0,0
0,0.179450554254293,0.254711166024208,0.248193237727339,0,0.258349061012268,0,0,0,0.181998312473297,0,0,0,0,0,0,0.264782105882963,0.273811439673106,0.249716410040855,0.234016437083483,0,0.325129608809948,0,0.235030218958855,0,0,0,0,0,0,0,0.399848490953445,0.415978441635768,0.37960488597552,0.43863545358181,0.22994466813711,0.321229706207911,0.417029004464758,0.521060715119044,0.230377737302629,0.269976850599051,0.314521968531294,0.350243847343055,0,0.314630270004272,0.232090627937986,0,0.379357835494603,0.36343062314708,0,0.264333687722683,0.233421832323074,0,0,0,0.183292186685971,0.292241672674815,0.255353708746354,0,0.26653633585998,0,0.257411981564622,0.233682702367122,0.266008883714676,0.248630721231594,0,0.280944032594562,0,0.313886104927042,0,0.206618329575553,0,0.199377788155059,0,0,0,0,0,0.172550885310007,0.294687950983644,0.362825960784719,0.492180817893573,0.37527574563014,0.260812549541394,0.283534789663054,0,0.230170525610447
0,0,0.161967552108009,0.252035439014435,0.207987477990889,0,0.171518057584763,0,0,0,0,0,0,0,0,0,0,0,0.221239070097605,0,0.208761593828543,0,0,0,0,0,0,0,0,0,0,0,0,0,0,0,0.198726896483165,0,0,0,0.211765438558594,0.282474845647812,0.239546263363303,0,0,0.265379101037979,0.203755045548463,0.213820055127144,0.221450889912935,0.264333687722683,0,0,0,0,0,0,0.235942513896869,0,0.229270532727242,0,0.182165286163004,0,0,0.230984782247506,0,0,0,0,0,0,0,0,0,0.252260990002576,0,0,0,0,0.275373116135597,0.232317468212321,0,0.258118502457033,0.168208552439782,0.171988844871521,0.225647315726424,0,0.239573163290819
0,0.152849964797497,0,0.160639575561282,0,0.166062066002804,0,0,0,0.148940488696098,0,0,0,0,0,0,0.239608079195023,0,0.231523603200912,0.230768790675534,0,0,0,0,0,0,0,0,0,0,0,0,0,0,0,0.183437889272516,0,0,0,0.235396790504456,0,0.24396373849848,0.228080615401268,0,0,0,0,0,0,0.233421832323074,0,0,0,0,0,0,0.281572788953781,0.226883964737256,0,0,0,0,0.141146071255207,0,0,0,0,0,0,0,0,0,0.241953666563387,0,0,0,0,0,0.264741419706234,0,0.271299234032631,0,0.173305016011,0,0.221508627282638,0,0
0,0,0,0,0,0,0.155647072408881,0,0,0,0.148422741020719,0,0,0,0,0,0,0,0,0,0.112934148753993,0,0,0,0,0,0,0,0,0,0,0,0,0,0,0,0,0,0,0,0,0,0,0,0,0,0,0,0,0,0,0,0,0,0,0,0.157622186576619,0,0,0,0,0,0,0.107841112006169,0,0,0,0,0,0,0,0,0,0,0,0,0,0,0,0,0,0,0.132969628016536,0,0,0,0
0,0,0,0,0,0.129862880334258,0,0.14058988665541,0,0,0,0.201291639553873,0,0,0,0,0,0,0,0,0,0,0,0,0,0,0,0,0,0,0,0,0,0,0,0,0,0,0,0,0,0,0,0,0,0,0,0,0,0,0,0,0,0,0,0,0,0.196127355732541,0,0.167380199664169,0,0,0.13488495349884,0,0,0,0,0,0,0,0,0,0,0,0,0,0,0,0,0,0,0,0.154314630199224,0,0,0,0
0.182423742002119,0,0.11269988402398,0,0.105183990672231,0,0,0,0.193070643099801,0,0,0,0,0,0.162147903984243,0,0.164715096868318,0.178496822714806,0.273197680711746,0,0,0,0,0,0.219201263359615,0,0,0,0,0,0,0,0,0,0,0,0,0,0.282368023341625,0,0.227362416684628,0,0.204226141571999,0,0,0,0.207738630473614,0,0.21617576399365,0,0,0,0,0,0,0,0.226753689348698,0,0,0,0.183080929943493,0,0,0.1998650431633,0,0,0,0.221008596136982,0,0.195891397935088,0,0,0,0.237986570596695,0,0,0,0,0,0.230718577449972,0,0.283738759350805,0.165226980034883,0,0.207611417858907,0,0.15755938404593
0,0.160524876785798,0,0.172861438244581,0,0,0,0,0,0.190277242493247,0,0,0,0,0,0.183724500238895,0.162995864947637,0.167299178561994,0.161937423050404,0,0,0,0,0.202560116079721,0,0,0,0,0,0,0,0,0,0,0,0,0,0.267867296934128,0,0.168898358941078,0,0.202854067087173,0,0,0,0,0,0,0,0.183292186685971,0,0,0,0,0,0,0,0.203263476490974,0,0,0,0.188033134986957,0,0,0,0,0.219409127000184,0,0.203123196959496,0,0,0,0.200385734438896,0,0,0,0,0,0,0,0.24683240999002,0,0.150309645958866,0,0.171718195838443,0,0
0.298539580127528,0,0.270997635770164,0.299094423651695,0.221242359528939,0,0.163632993896802,0,0.347187101840973,0,0.157455938783134,0,0.152221483240525,0,0.154945433139801,0,0.322267994994209,0.275061244001755,0.330059476895258,0,0.173364281661393,0,0,0,0.289068967103958,0,0,0,0,0,0,0,0,0,0,0,0.171350110518305,0,0.157443199128117,0.301874488592148,0.271049596640197,0.252352703362703,0.293233926296959,0,0,0.271852411329746,0.306578748263754,0,0.192601499408484,0.292241672674815,0.235942513896869,0.281572788953781,0.157622186576619,0,0.226753689348698,0,0,0,0.224567541255141,0,0.181105382563103,0,0,0.299572392237737,0,0,0,0,0,0,0,0.235396502166986,0.355418801307678,0.23656657859683,0,0,0,0,0.320448666810989,0.249236211486039,0.276272058486938,0.233762012691948,0.216661495553734,0.324736523277619,0.297610212078709,0,0.309564001006739
0,0.302303536070718,0,0.25863710227536,0.259855449199677,0.215465575456619,0,0.143956195055084,0,0.222843190655112,0,0.1683249524916,0,0.191573875291007,0,0,0.254421174526215,0.319549411535263,0.328524944729337,0.173913188429192,0,0,0,0,0,0,0,0.158325262367725,0,0.150718131363392,0,0,0,0,0,0.162079180222794,0.309026807546616,0.162170491210813,0,0.285321425551023,0.317960232496262,0.266076619935851,0,0,0,0.250782823190093,0,0.284525960683823,0,0.255353708746354,0,0.226883964737256,0,0.196127355732541,0,0.203263476490974,0,0,0,0.185175320438746,0,0.234644586841265,0.187867545943031,0,0.251767283005099,0,0.284443289041519,0,0.287002592132642,0,0.272709789887052,0,0.323041847487568,0,0,0,0,0,0.21610929283003,0.280239860216777,0.289320247693801,0,0.209027062761946,0.291848410665989,0.286577469343296,0.294119489265651,0
0.158197191233436,0,0.222463558130155,0.313575853904088,0,0,0,0,0,0,0.167141786523354,0,0.166690038978628,0,0.1562498860575,0,0,0,0.216102793812752,0,0,0,0,0,0,0,0,0,0,0,0,0,0,0,0,0,0.236379459500313,0,0,0,0.235441008696751,0,0.250901624986104,0,0,0,0.21363181527704,0,0.194562295856683,0,0.229270532727242,0,0,0,0,0,0.224567541255141,0,0,0,0.16958261636454,0,0,0.227784309249658,0,0,0,0,0,0,0,0,0,0.257365869979064,0,0,0,0,0.244874022901058,0.251433268837307,0,0.285465194420381,0.163300045806429,0.144053138792515,0.23152099503042,0,0
0,0,0,0.179224129248139,0,0.22749479327883,0,0,0,0,0,0.184590224867912,0,0.167479960880575,0,0.204728413747732,0,0.149955093860626,0,0,0,0,0,0,0,0,0,0.148452088236809,0,0,0,0,0,0,0,0,0,0,0,0,0,0,0,0,0,0,0,0,0,0.26653633585998,0,0,0,0.167380199664169,0,0,0,0.185175320438746,0,0,0,0.231188646241939,0,0,0.250380826847894,0,0.278115342060725,0,0.319668561220169,0,0.233108010069997,0,0,0,0,0,0,0,0.272786930203438,0,0,0,0.192356141277285,0.182329601224731,0.254824172705412,0,0
0.165129355984886,0,0,0,0,0,0,0,0.155518266009657,0,0,0,0.149340271949768,0,0.171002782436449,0,0.169855505228043,0,0,0,0,0,0,0,0.213623028993607,0,0,0,0,0,0,0,0,0,0,0,0,0,0,0,0,0,0.245086627081037,0,0,0,0,0,0.165515633161672,0,0.182165286163004,0,0,0,0.183080929943493,0,0.181105382563103,0,0.16958261636454,0,0,0,0,0,0,0,0,0.199072461236607,0,0.173916892872916,0,0,0,0,0,0,0,0,0,0,0,0,0.166633124152819,0,0.194610801559907,0,0
0,0.172477506411572,0,0.175764792381901,0,0.199176426231861,0,0,0,0.179520060618718,0,0,0,0.191696947569367,0,0.176513843980383,0,0.151435978710651,0.211148167649905,0,0,0,0,0,0,0.166041448712349,0,0,0,0,0,0,0,0,0,0,0,0,0,0.230306290090084,0,0.256586581468582,0.20989878475666,0,0,0.188261047005653,0,0.231104552745819,0,0.257411981564622,0,0,0,0,0,0.188033134986957,0,0.234644586841265,0,0.231188646241939,0,0,0,0,0.256481667980552,0,0.233634534691061,0,0.261239229984905,0,0,0,0.269574811061223,0,0,0,0,0,0.29869420081377,0,0,0,0.200865007066814,0.152006498622623,0.228359398742517,0,0
0,0.318072140216827,0.25528621673584,0.230398203645434,0,0.149575612603164,0,0.124243702290123,0,0.20367531478405,0,0.142093876079477,0,0,0,0,0.294600081443787,0.276537984609604,0.275767066412502,0.158404574522542,0,0,0,0,0,0,0,0,0,0.170262590050697,0,0,0,0,0,0.163270365042268,0.216073304414749,0.16659386090257,0,0.262608694504081,0,0.247755897243818,0.230255931615829,0,0,0.202897091328926,0,0.189674824476242,0,0.233682702367122,0,0.141146071255207,0,0.13488495349884,0,0,0,0.187867545943031,0,0,0,0,0,0.316816002130508,0,0,0,0,0,0,0.266411773860455,0,0.317798243638892,0,0,0,0,0,0.199569987294185,0.29880291223526,0.267163876942904,0.259473592042923,0.173581043223568,0.161240890622139,0.253402023185204,0.277555167675018,0
0.287618844554974,0,0.233949589508551,0.292858233054479,0.175588654672227,0,0.105244870164565,0,0,0,0.210188209300949,0,0,0,0,0,0.282013645602597,0.254028614610434,0.282394346296787,0,0.239652458004503,0,0,0,0,0,0,0,0,0,0,0,0,0,0,0,0.167947713769339,0,0.196463756444978,0,0.223487932187635,0.258232727646828,0.254976404347318,0,0.317177176475525,0.262962508201599,0.245887296972075,0,0.23225158985172,0.266008883714676,0.230984782247506,0,0.107841112006169,0,0.1998650431633,0,0.299572392237737,0,0.227784309249658,0,0,0,0.316816002130508,0,0,0,0,0,0,0,0,0.272579760714011,0.280505836009979,0.310704802482947,0,0,0,0,0.283958733081818,0.227233975709877,0,0.305406700207594,0.203613326333246,0.249241098761559,0.280858765518697,0,0.264087299257517
0,0,0,0,0,0,0,0,0,0,0,0,0,0,0,0,0,0.137892255792394,0,0,0,0.15391657741516,0.0962147269111413,0.190064382718669,0,0.151699559034213,0,0.134841862779397,0,0,0,0,0,0,0,0,0,0.277065121894899,0.224769932528337,0,0,0.379396915435791,0.423639446496964,0,0,0,0,0.487125583489736,0.500353996952375,0.248630721231594,0,0,0,0,0,0,0,0.251767283005099,0,0.250380826847894,0,0.256481667980552,0,0,0,0.109048843383789,0.246348442768287,0,0.256333679174692,0,0.266225450332203,0,0,0,0,0,0,0,0,0,0.226140401872242,0.541491687297821,0.13862124675652,0.103005036711693,0.394333675503731,0,0
0,0,0,0,0,0,0,0,0,0,0,0,0,0,0,0,0,0,0,0,0,0.109769111406058,0.139944295400297,0,0.157372795314674,0,0.168212380260229,0,0,0,0,0,0,0,0,0,0,0.115660560245697,0.162683472558055,0,0,0,0,0,0,0,0,0,0.222292131716662,0,0,0,0,0,0,0,0,0,0,0,0,0,0,0,0.109048843383789,0,0,0.181340556021209,0,0.166212679419601,0,0.175621423010643,0,0,0,0,0,0,0,0,0.107473981877168,0.155822527325395,0.116173971689284,0.0889446996152401,0,0,0
0.243837743997574,0,0.278124332427979,0,0,0,0,0,0,0.196991007097743,0,0,0,0,0,0.197068259119987,0,0.153406083583832,0.134171043833097,0,0,0.217807730204529,0,0.195365544167908,0,0.11536280771912,0,0,0,0,0,0,0,0,0,0,0,0.276693057728472,0.375788688659668,0,0,0.256235407665372,0.276318058371544,0,0,0,0,0,0.364381767809391,0.280944032594562,0,0,0,0,0,0.219409127000184,0,0.284443289041519,0,0.278115342060725,0,0.233634534691061,0,0,0.246348442768287,0,0,0,0.265786399517755,0,0.300384242357551,0,0.192122533917427,0,0,0,0,0,0,0,0.281420569372861,0.469667375087738,0.192151741728983,0.254505044397186,0.302346927603495,0,0
0.205834481332983,0,0,0,0,0,0,0,0.2419851757586,0,0,0,0,0,0,0,0.173028501868248,0.129790753126144,0,0,0,0,0.156652181041102,0,0.202890053765858,0,0,0,0,0,0,0,0,0,0,0,0,0,0.288721525838705,0,0,0,0,0,0,0,0,0,0.24166117149471,0,0,0,0,0,0.221008596136982,0,0,0,0,0,0.199072461236607,0,0,0,0,0.181340556021209,0,0,0,0.207169124645553,0,0,0,0,0,0,0,0,0,0,0,0.257866177969334,0.181370935457594,0,0.351681855572781,0,0
0,0,0,0,0,0,0,0,0,0,0,0,0,0,0,0.155607634120517,0,0.135581786497536,0,0,0,0.242933769311224,0,0.241476888436338,0,0.157658829523081,0,0.13830770063214,0,0,0,0,0,0,0,0,0,0.302958190441132,0,0,0,0,0,0,0,0,0,0,0,0.313886104927042,0,0,0,0,0,0.203123196959496,0,0.287002592132642,0,0.319668561220169,0,0.261239229984905,0,0,0.256333679174692,0,0.265786399517755,0,0,0,0.342893991117709,0,0,0,0,0,0,0,0,0,0.30529930123261,0,0.129377851319132,0,0.285438284277916,0,0
0.195159465074539,0,0,0,0,0,0,0,0.215055354616859,0,0,0,0,0,0.137305736541748,0,0.142565706868966,0,0,0,0,0,0.147854891945859,0,0.16369268770625,0,0.147630749122491,0,0,0,0,0,0,0,0,0,0,0,0,0,0,0,0,0,0,0,0,0,0.199197685662306,0,0,0,0,0,0.195891397935088,0,0,0,0,0,0.173916892872916,0,0,0,0,0.166212679419601,0,0.207169124645553,0,0,0,0.193496466559522,0,0,0,0,0,0,0,0,0,0,0.127823831140995,0,0.21017428449655,0,0
0,0.239915147423744,0,0.259587030857801,0,0,0,0,0,0,0,0.175426572362582,0,0.155981501924391,0,0,0,0.145375069289003,0,0,0,0.172552383608288,0,0,0,0,0,0.155505144388937,0,0.166607859535752,0,0,0,0,0,0,0,0.163898590200418,0,0.273256093263626,0,0,0,0,0,0,0,0,0,0.206618329575553,0,0,0,0,0,0,0,0.272709789887052,0,0.233108010069997,0,0,0.266411773860455,0,0.266225450332203,0,0.300384242357551,0,0.342893991117709,0,0,0,0.160112844665109,0,0,0,0,0,0.229188874363899,0,0.163830898349935,0,0.149766167083672,0.163296781480312,0.251328971236944,0,0
