0,0,0.108161625266075,0,0,0,0,0,0.159858004198418,0,0,0,0,0,0,0,0.289264125701709,0.26244913538297,0.247240109697861,0,0,0,0,0,0,0,0,0,0,0,0,0,0,0,0,0,0,0,0,0.27863085269928,0,0.27195817232132,0.367086261834787,0,0,0,0.324576985836029,0,0.228843460400258,0,0,0,0,0,0.189553852766752,0,0,0,0,0,0.24208077119494,0,0.262689918279648,0,0,0,0,0,0,0,0,0,0,0,0,0,0,0,0,0.425887908786535,0,0,0.229014515149884,0,0.304071959304182,0,0
0,0,0,0.132288658071922,0,0,0,0,0,0.162522065398448,0,0,0,0,0,0,0.294122271239758,0.325632618023799,0.23846190482378,0,0,0,0,0.186390548944473,0,0,0,0,0,0,0,0,0,0,0,0,0,0,0,0.374096353848775,0,0.277944653161934,0,0.321669220924377,0,0.325998476573399,0.325123131275177,0,0,0.181408289354295,0,0,0,0,0,0.199889106594998,0,0.294119119644165,0,0,0,0.213801168511773,0.236755087971687,0,0,0,0.210384971622763,0,0.200378748774528,0,0,0,0.337035293380419,0,0,0,0,0,0.378020977973938,0,0.494457349181175,0,0.15726786733351,0,0.301254971000629,0.239492081105709,0
0.108161625266075,0,0,0.257040411233902,0.17087347060442,0,0,0,0.135063907131553,0,0,0,0,0,0,0,0,0,0.257552842299143,0,0,0,0,0,0,0,0,0,0,0,0,0,0,0,0.298819422721863,0,0.201575197279453,0,0,0.241784860690435,0.254764164869602,0,0.272500903785977,0,0.25170961022377,0,0.222095465660095,0.26737750073274,0.229894533954762,0,0.194752891632644,0,0,0,0.178390271961689,0,0.247998627523581,0.284643650054932,0.164601457615693,0,0,0,0.271335154771805,0,0,0,0,0,0,0,0,0.294263303279877,0,0.289536292850971,0,0,0,0,0,0.309765338897705,0,0.292504012584686,0.255261297523975,0.259402115979502,0.268940202000996,0,0.237589040398598
0,0.132288658071922,0.257040411233902,0,0,0.179044246673584,0,0,0,0.13178060610186,0,0,0,0,0,0,0.286047145724297,0.287528038024902,0.269398986361921,0.180891432932445,0,0,0,0,0,0,0,0,0,0,0,0,0,0,0,0.202945789694786,0,0,0,0.252790405794426,0,0.264997321863969,0.259966537356377,0.256033509969711,0,0.221977185570832,0.244445960968733,0.303801402449608,0.262905593961477,0.230029263102741,0,0.237124770051903,0,0,0,0.173220973333408,0.272598430514336,0.259793710850534,0.265824854373932,0.213851197674626,0,0.23842740803957,0.250444885662624,0.262379288673401,0,0,0,0,0,0,0.27764305472374,0,0.292106816980326,0.276084735989571,0,0,0,0,0.281682173411051,0.312828779220581,0.29808446764946,0,0.208984353673567,0.265326103305115,0.256447594741909,0.252532346890523,0.291280299425125
0,0,0.17087347060442,0,0,0,0,0,0.152095138677396,0,0,0,0,0,0.180929602326258,0,0,0,0,0,0.16303813457489,0,0,0,0,0,0,0,0,0,0,0,0,0,0,0,0,0,0,0.241819068789482,0.242821166912715,0,0.259692482212011,0,0,0,0,0.330986201763153,0.251476402793612,0,0.168658484620127,0,0,0,0.180383816361427,0,0,0,0,0,0.175605152575475,0,0,0.165241524577141,0,0,0,0,0,0,0,0,0,0,0,0,0,0,0,0,0,0,0.201923610499272,0.238505214452744,0.192261812930135,0,0.284651041030884
0,0,0,0.179044246673584,0,0,0,0.168634973466396,0,0.172521859407425,0,0,0,0,0,0.186769100526969,0,0,0.253582671284676,0,0,0,0,0,0,0,0,0,0,0,0,0,0,0,0,0.148989667495092,0,0,0,0.249806329607964,0,0.235265407711267,0,0,0,0,0,0.314029157161713,0.267622351646423,0.259544745087624,0,0.212790302759723,0,0.261152058839798,0,0.163505539298058,0,0.209500387310982,0,0.173671692609787,0,0.162530386989767,0.164634108543396,0,0,0,0,0,0,0,0,0,0,0,0,0,0,0,0,0,0,0,0.181399471229977,0.250331819057465,0.217140386501948,0,0
0,0,0,0,0,0,0,0,0,0,0.142007595256848,0,0.16333344206214,0,0,0,0,0,0,0,0,0,0,0,0,0,0,0,0,0,0,0,0,0,0,0,0,0,0,0,0,0,0,0,0,0,0,0,0,0,0,0,0.177058302721039,0,0,0,0.153207045458435,0,0.135655028855099,0,0,0,0,0,0,0,0,0,0,0,0,0,0,0,0,0,0,0,0,0,0,0,0,0,0,0,0
0,0,0,0,0,0.168634973466396,0,0,0,0,0,0.139374028461484,0,0.143851324915886,0,0,0,0,0,0.14268800119559,0,0,0,0,0,0,0,0,0,0,0,0,0,0,0,0,0,0,0,0,0,0,0,0,0,0,0,0,0,0,0,0.201927173825411,0,0.197614461880678,0,0,0,0.161865331041507,0,0.161898634356001,0,0,0.176745910197496,0,0,0,0,0,0,0,0,0,0,0,0,0,0,0,0,0,0,0,0.154599959030747,0,0,0,0
0.159858004198418,0,0.135063907131553,0,0.152095138677396,0,0,0,0,0,0,0,0,0,0.152123171765849,0,0.178654626649331,0.174393889404112,0.235417331258456,0,0,0,0,0,0.220047963517053,0,0,0,0,0,0,0,0,0,0,0,0,0,0.224762091520601,0.224149063229561,0,0,0.16602596193552,0,0,0,0,0,0.160019917454984,0,0.173538078864415,0,0,0,0.208981414542565,0,0,0,0,0,0.169880515430123,0,0,0,0,0,0,0.173148586469538,0,0.155616725129741,0,0,0,0,0,0,0,0,0.287967383861542,0,0,0.256130303474183,0.173937104295574,0.174539372324944,0.199587153632249,0,0
0,0.162522065398448,0,0.13178060610186,0,0.172521859407425,0,0,0,0,0,0,0,0,0,0.182490749670579,0,0.194522572060426,0,0,0,0,0,0.23269023373723,0,0.153392617125064,0,0,0,0,0,0,0,0.241098936647177,0,0,0,0.235480800322418,0,0,0,0.151539054614576,0,0,0,0,0,0.31681512909777,0,0.227105180130285,0,0,0,0,0,0.214459683896034,0,0,0,0,0,0.192197751719505,0,0,0,0,0.223298568725586,0,0,0,0,0,0.315375447273254,0,0,0,0.225141446057119,0,0,0,0.253213184130819,0,0.16951802364492,0,0.188941428639414,0,0
0,0,0,0,0,0,0.142007595256848,0,0,0,0,0,0.154597015666568,0,0,0,0,0,0,0,0.124440739174252,0,0,0,0,0,0,0,0,0,0.17492021047152,0,0,0,0,0,0.12544306386498,0,0.146809481103851,0,0,0,0,0,0,0,0,0,0,0,0,0,0,0,0,0,0.210371484113782,0,0.14347467944026,0,0,0,0,0.261141192913055,0,0,0,0,0,0,0,0,0,0.191085681319237,0,0,0,0,0,0.149256530528267,0,0.152780493750622,0.159807832290729,0,0,0,0
0,0,0,0,0,0,0,0.139374028461484,0,0,0,0,0,0.14978746862601,0,0,0,0,0,0.137189255036035,0,0,0,0,0,0,0,0.164035374422868,0,0.162700155377388,0,0,0,0,0,0.15997813642025,0,0.16395915494017,0,0,0,0.290256083011627,0,0,0,0.246899425983429,0,0,0,0,0,0.16675333992431,0,0.17176397047613,0,0,0,0.200518778114019,0,0.175680109204818,0,0,0.183802783249659,0,0,0,0,0,0,0,0.144352853298187,0,0.231547856540011,0,0,0,0,0,0.182085496145529,0,0.158673441280489,0,0.160768108371692,0,0.380766838788986,0,0
0,0,0,0,0,0,0.16333344206214,0,0,0,0.154597015666568,0,0,0,0.197453138384002,0,0,0,0,0,0,0,0,0,0,0,0,0,0,0,0,0,0,0,0,0,0,0,0,0,0,0,0,0,0,0,0,0,0,0,0,0,0,0,0,0,0.179471969375244,0,0.211231859723727,0,0.210600140265056,0,0,0,0,0,0,0,0,0,0,0.203589783774482,0,0,0,0,0,0,0,0,0,0,0,0,0,0,0
0,0,0,0,0,0,0,0.143851324915886,0,0,0,0.14978746862601,0,0,0,0.171550053689215,0,0,0,0,0,0,0,0,0,0.160842128098011,0,0,0,0,0,0,0,0,0,0,0,0,0,0,0,0,0,0,0,0,0,0,0,0,0,0.154912915080786,0,0,0,0,0,0.176349417729811,0,0.16013821210557,0,0.13726313806632,0,0,0,0,0,0,0,0,0.15760447912746,0,0,0,0,0,0,0,0,0,0,0,0.175975467290795,0.241976283490658,0,0,0
0,0,0,0,0.180929602326258,0,0,0,0.152123171765849,0,0,0,0.197453138384002,0,0,0,0.162296393087932,0,0,0,0,0,0,0,0,0,0.1242727307049,0,0,0,0,0,0,0,0,0,0,0,0,0,0,0,0,0,0,0,0,0,0,0,0.187245092279202,0,0,0,0.175074826440086,0,0,0,0.228096181892941,0,0.18369064014405,0,0,0,0,0,0,0,0,0.159417316317558,0,0,0,0,0,0,0,0,0,0,0,0,0.162693798149887,0,0,0,0
0,0,0,0,0,0.186769100526969,0,0,0,0.182490749670579,0,0,0,0.171550053689215,0,0,0.184656992554665,0.148427953406916,0,0,0,0,0,0,0,0,0,0.126379624009132,0,0,0,0,0,0,0,0,0,0,0,0,0,0,0,0,0,0,0,0,0,0,0,0.156180661916733,0,0,0,0.183408817592657,0,0,0,0.156250201557812,0,0.15927760852262,0,0,0,0,0,0,0,0,0.13484401255846,0,0,0,0,0,0,0,0,0,0,0,0.16395595262448,0.164065853754679,0,0,0
0.289264125701709,0.294122271239758,0,0.286047145724297,0,0,0,0,0.178654626649331,0,0,0,0,0,0.162296393087932,0.184656992554665,0,0.193490711469777,0.278488765711966,0,0,0.186037061469895,0.15300959458744,0.145241588354111,0.148546241030291,0.226228459427754,0.174192749059353,0,0.121365690976381,0,0,0,0,0,0,0.360365942120552,0.374847188591957,0,0,0.324721026471106,0.319865903920597,0.295428999611792,0.283471159416915,0.327043790192831,0.303145914756019,0.33392041760522,0.324689254722493,0,0,0,0,0,0,0,0,0,0.286019360025724,0.311046078801155,0,0,0.13570094704628,0,0.321674563761415,0.303837286042316,0.149176731705666,0,0,0.133423134684563,0,0.18086499757454,0,0,0.32935960094134,0.332730064789454,0,0,0,0,0.359486276321363,0.349033406052344,0.340505801141262,0.426449447870255,0.197716509351518,0.149472476116249,0.347860055811265,0.289474303765995,0.286765695569363
0.26244913538297,0.325632618023799,0,0.287528038024902,0,0,0,0,0.174393889404112,0.194522572060426,0,0,0,0,0,0.148427953406916,0.193490711469777,0,0.305811963328931,0,0,0.144466035749002,0,0.13374184196194,0.167385994995895,0.137633165646646,0,0.138897214944546,0,0,0,0,0,0,0,0.31136167049408,0.365131050348282,0,0,0.327173305209726,0.328417629003525,0.290135928692708,0.287970186182947,0.34441080596298,0.308535397052765,0.344237149242432,0.35329191821614,0,0.299531832337379,0,0,0,0,0,0,0.197376176714897,0.302351668477058,0.320144812266032,0,0,0,0.165717163911233,0.306635722517967,0.319337505102158,0.140971531470617,0,0,0,0.164037835999177,0,0.137930139899254,0,0.330030077033573,0.31336643298467,0,0,0,0,0.35704463664927,0.371912525418927,0.356500123228346,0,0.173009349804914,0.173039916304894,0.355726018630339,0.295793882767919,0.290347710251808
0.247240109697861,0.23846190482378,0.257552842299143,0.269398986361921,0,0.253582671284676,0,0,0.235417331258456,0,0,0,0,0,0,0,0.278488765711966,0.305811963328931,0,0.253272444009781,0,0.234218627214432,0,0.224238365888596,0.207413059473038,0.209216681974275,0,0,0,0,0,0,0,0,0,0.344028570435264,0.333055143726283,0,0,0.332509145235473,0.346038666613605,0.277130769237654,0.247686957527373,0.340757853478837,0.277785279692333,0.313221913907263,0.320243064649206,0,0.240852764674595,0.269851267337799,0,0,0,0,0,0,0.318871982155308,0.371172993492197,0.274828433990479,0,0,0,0.309188723037097,0.305668809187056,0.21708045899868,0,0,0,0.235106974840164,0,0,0,0.399625444412231,0.376099443397461,0,0,0,0,0.360113807442492,0.359688229722084,0.416931229638543,0.429356770382987,0.24683839108791,0.253799716631571,0.39028943357218,0.285687506753428,0.261099690471097
0,0,0,0.180891432932445,0,0,0,0.14268800119559,0,0,0,0.137189255036035,0,0,0,0,0,0,0.253272444009781,0,0,0,0,0,0,0,0,0,0,0,0,0,0,0,0,0.172981754524345,0,0.141161924418138,0,0.230616936087608,0,0.259016090631485,0,0.266984552145004,0,0.346862703561783,0,0.286438405513763,0,0.244432583451271,0,0.1511178885897,0,0,0,0,0,0.208429336547852,0,0,0,0,0.190299663186176,0,0,0,0,0,0,0,0,0,0.255679941922426,0,0,0,0,0,0.193694450752235,0,0.200538721901399,0,0.179896221550948,0.270151687519891,0.233735277255376,0.198495402932167,0
0,0,0,0,0.16303813457489,0,0,0,0,0,0.124440739174252,0,0,0,0,0,0,0,0,0,0,0,0,0,0,0,0,0,0,0,0,0,0,0,0,0,0.16112473670694,0,0.133790251870568,0.228628247976303,0.250771149992943,0,0.280125888685385,0,0,0,0.271563917398453,0.29520321637392,0.244199785319242,0,0.210066065192223,0,0,0,0,0,0.223333434712502,0,0,0,0,0,0,0.206504290037826,0,0,0,0,0,0,0,0,0,0,0,0,0,0,0,0.20204697680137,0,0.147978441306838,0.200681581265397,0.248041044920683,0.233811542200737,0,0
0,0,0,0,0,0,0,0,0,0,0,0,0,0,0,0,0.186037061469895,0.144466035749002,0.234218627214432,0,0,0,0.10281817901593,0.11423335588014,0,0.141560160244505,0,0.138914635777473,0,0,0,0,0,0,0,0,0,0.138627416092683,0,0,0,0,0.27953639626503,0,0,0,0,0.373020049105299,0,0.213978394621708,0,0,0,0,0,0,0,0,0,0,0,0,0,0,0.20581122499232,0.11164686953028,0.115179981352115,0,0,0,0.190731308289937,0,0,0,0,0,0,0,0,0,0.161409945132579,0,0.126014229544735,0.120516528345011,0.363617648681005,0.261035829782486,0
0,0,0,0,0,0,0,0,0,0,0,0,0,0,0,0,0.15300959458744,0,0,0,0,0.10281817901593,0,0,0.164431370863442,0,0.172289190323729,0,0.159703828394413,0,0,0,0,0,0,0,0,0,0.14318760500701,0,0,0,0,0,0,0,0,0,0.187115350594887,0,0,0,0,0,0,0,0,0,0,0,0,0,0,0,0,0.169351518999782,0,0.188271903207428,0,0.172571618109941,0,0.231558386484782,0,0,0,0,0,0,0,0,0,0.167285550950151,0.158239035786817,0.158466733619571,0,0,0
0,0.186390548944473,0,0,0,0,0,0,0,0.23269023373723,0,0,0,0,0,0,0.145241588354111,0.13374184196194,0.224238365888596,0,0,0.11423335588014,0,0,0,0.16130870472954,0,0,0,0,0,0,0,0.259313881397247,0,0,0,0.157379051869212,0,0,0,0,0,0,0,0,0,0.345618236727185,0,0.228241310129321,0,0,0,0,0,0.246911742910743,0,0,0,0,0,0.213375739753246,0,0,0.185826418468276,0,0.169081266895674,0,0.167607184913423,0,0,0,0,0,0,0,0.229311019182205,0,0,0,0.182153562067357,0,0.143673597756079,0,0.241529556635384,0,0
0,0,0,0,0,0,0,0,0.220047963517053,0,0,0,0,0,0,0,0.148546241030291,0.167385994995895,0.207413059473038,0,0,0,0.164431370863442,0,0,0,0.162640563000796,0,0,0,0,0,0,0,0,0,0,0,0.158213964826667,0,0,0.284295558929443,0,0,0,0,0,0,0.251824296951294,0,0,0,0,0,0.238493196169535,0,0,0,0,0,0,0,0,0,0,0.184521063955294,0,0.168853977614123,0,0.144726436883211,0,0,0,0,0,0,0,0,0,0,0,0.230884698075308,0.143228542244295,0,0.287145411426371,0,0
0,0,0,0,0,0,0,0,0,0.153392617125064,0,0,0,0.160842128098011,0,0,0.226228459427754,0.137633165646646,0.209216681974275,0,0,0.141560160244505,0,0.16130870472954,0,0,0,0.140241879312431,0,0,0,0,0,0,0,0,0,0,0,0,0,0,0,0.294298678636551,0,0.293447375297546,0,0,0,0,0,0,0,0,0,0.153000194579363,0,0,0,0,0,0.165130630135536,0,0,0,0,0.14430007030224,0,0.175487321467345,0,0.193158730864525,0,0,0,0,0,0,0,0.282195717096329,0.336936891078949,0,0,0.136217700583594,0,0.342088803648949,0,0
0,0,0,0,0,0,0,0,0,0,0,0,0,0,0.1242727307049,0,0.174192749059353,0,0,0,0,0,0.172289190323729,0,0.162640563000796,0,0,0,0.148816453559058,0,0,0,0,0,0,0,0,0,0,0,0,0,0,0,0,0,0,0,0,0,0,0,0,0,0,0,0,0,0,0,0.166962860950402,0,0,0,0,0,0,0.159394253195669,0,0.158516758077842,0,0.155649635195732,0,0,0,0,0,0,0,0,0,0,0.170697918547703,0.189362019300461,0,0,0
0,0,0,0,0,0,0,0,0,0,0,0.164035374422868,0,0,0,0.126379624009132,0,0.138897214944546,0,0,0,0.138914635777473,0,0,0,0.140241879312431,0,0,0,0.160427091773166,0,0,0,0,0,0,0,0.127196754018466,0,0,0,0,0,0,0,0,0,0,0,0,0,0,0,0,0,0,0,0.167377297440146,0,0.175175040960312,0,0,0,0,0.216884173086432,0,0,0,0.209094414996994,0,0.167998965380146,0,0.152677167545665,0,0,0,0,0,0,0,0.125918552279472,0,0.133867125091111,0,0,0,0
0,0,0,0,0,0,0,0,0,0,0,0,0,0,0,0,0.121365690976381,0,0,0,0,0,0.159703828394413,0,0,0,0.148816453559058,0,0,0,0.135059705211057,0,0,0,0,0,0,0,0.146190393073805,0,0,0,0,0,0,0,0,0,0,0,0,0,0,0,0,0,0.142320066690445,0,0,0,0,0,0,0,0,0.187997361024221,0,0,0,0.136011689901352,0,0.183065601600911,0,0.158063868455815,0,0,0,0,0,0,0,0,0.164543878907959,0,0,0,0
0,0,0,0,0,0,0,0,0,0,0,0.162700155377388,0,0,0,0,0,0,0,0,0,0,0,0,0,0,0,0.160427091773166,0,0,0,0,0,0,0,0,0,0.151805295121102,0,0,0,0,0,0,0,0,0,0,0,0,0,0,0,0,0,0,0,0.171137043088675,0,0,0,0,0,0,0,0,0,0,0,0,0.169302693353249,0,0.180537943069528,0,0,0,0,0,0,0,0.187012668918161,0,0,0,0,0,0
0,0,0,0,0,0,0,0,0,0,0.17492021047152,0,0,0,0,0,0,0,0,0,0,0,0,0,0,0,0,0,0.135059705211057,0,0,0,0,0,0,0,0,0,0.167047523893416,0,0,0,0,0,0,0,0,0,0,0,0,0,0,0,0,0,0.20789189543575,0,0,0,0,0,0,0,0,0,0,0,0,0,0,0,0,0.220978233825277,0,0,0,0,0,0,0,0.209896569973544,0.138633534312248,0,0,0,0
0,0,0,0,0,0,0,0,0,0,0,0,0,0,0,0,0,0,0,0,0,0,0,0,0,0,0,0,0,0,0,0,0.167214382406088,0.244340712825457,0.3008027947866,0.174651158313272,0,0,0,0,0,0,0,0,0,0,0,0.500094061576699,0.482480391860008,0.427695627013842,0,0,0,0,0,0,0,0,0,0,0,0,0,0,0,0,0,0,0,0,0,0,0,0,0.244711592523381,0.190891425544522,0.256566418764683,0.277719191142491,0.190659761695879,0.302493640910024,0,0,0.201600466073416,0,0.382642850279808,0,0
0,0,0,0,0,0,0,0,0,0,0,0,0,0,0,0,0,0,0,0,0,0,0,0,0,0,0,0,0,0,0,0.167214382406088,0,0.196667385952813,0.182697274618679,0.140326589345932,0.15514165567963,0,0,0,0,0,0,0,0,0,0,0.507416984077302,0.38167916238308,0.556884825229645,0,0,0,0,0,0,0,0,0,0,0,0,0,0,0,0,0,0,0,0,0,0,0,0,0.191575609474329,0.344698487514099,0.203874477744102,0.227402584546286,0.193881146911834,0.314836991365722,0,0,0.183533482618265,0,0,0,0
0,0,0,0,0,0,0,0,0,0.241098936647177,0,0,0,0,0,0,0,0,0,0,0,0,0,0.259313881397247,0,0,0,0,0,0,0,0.244340712825457,0.196667385952813,0,0.251712478142274,0.146279910637531,0,0.296230793096344,0.133888691663742,0,0,0.308925956487656,0,0,0,0,0,0.401935157884029,0.43771524050019,0.561046075158649,0,0,0,0,0,0.323157042264938,0,0,0,0,0,0,0,0,0,0,0.230858281254768,0,0,0,0,0,0,0,0.264093892239943,0.217389926314354,0.227244683157469,0.21566657189812,0.158995164776671,0,0.510082112942766,0.568297386169434,0.196575670955997,0,0.361195576190948,0,0
0,0,0.298819422721863,0,0,0,0,0,0,0,0,0,0,0,0,0,0,0,0,0,0,0,0,0,0,0,0,0,0,0,0,0.3008027947866,0.182697274618679,0.251712478142274,0,0,0.166585230939793,0,0.216815220993577,0,0,0,0.390701413154602,0,0,0,0,0.372653598984571,0.385386149088542,0.388901335000992,0,0,0,0,0,0,0,0,0,0,0,0,0,0.294507503509521,0,0,0,0,0,0,0,0,0,0,0.27445705384016,0.214138553671117,0.204887340365777,0.228495094698088,0,0.197618898414337,0,0.309367280146821,0.238478131273377,0.182969905436039,0.39011972590729,0,0
0,0,0,0.202945789694786,0,0.148989667495092,0,0,0,0,0,0.15997813642025,0,0,0,0,0.360365942120552,0.31136167049408,0.344028570435264,0.172981754524345,0,0,0,0,0,0,0,0,0,0,0,0.174651158313272,0.140326589345932,0.146279910637531,0,0,0.148482560011001,0.18352356635803,0,0.302347150444984,0,0.300265152293902,0,0.383431311164583,0,0.210446759243496,0,0.620021023069109,0,0.439458856980006,0,0,0,0,0,0,0.298603594303131,0.179929013053576,0,0,0,0,0.186472389059255,0,0,0,0,0,0,0,0,0,0.293466508388519,0,0.180596989922618,0.108942575752735,0.180762770337558,0,0.208263941581339,0.150627042033843,0.229707126434033,0,0.164885537996888,0.165844250988487,0.20387826625843,0.343334989888327,0
0,0,0.201575197279453,0,0,0,0,0,0,0,0.12544306386498,0,0,0,0,0,0.374847188591957,0.365131050348282,0.333055143726283,0,0.16112473670694,0,0,0,0,0,0,0,0,0,0,0,0.15514165567963,0,0.166585230939793,0.148482560011001,0,0,0.164317132698165,0,0.293215319514275,0,0.313818688328202,0,0.371648321549098,0,0.234338729580243,0.285836040973663,0.218421801924706,0,0,0,0,0,0,0,0.116915317624807,0,0,0,0,0,0,0.159285242342903,0,0,0,0,0,0,0,0,0,0,0,0.177768063428531,0,0.211359344596087,0.174953111853355,0.194763523703301,0,0.192973718928974,0.161452137207946,0.171471480904632,0.223268788882844,0,0.347331295410792
0,0,0,0,0,0,0,0,0,0.235480800322418,0,0.16395915494017,0,0,0,0,0,0,0,0.141161924418138,0,0.138627416092683,0,0.157379051869212,0,0,0,0.127196754018466,0,0.151805295121102,0,0,0,0.296230793096344,0,0.18352356635803,0,0,0.184666919004586,0,0,0.219312269985676,0,0,0,0,0,0.486275190466257,0,0.36477159217207,0,0,0,0,0,0.271130072498975,0,0.184164897849162,0,0,0,0,0.18267088662833,0,0.155218209679854,0,0.160751254597436,0,0,0,0.236878981957069,0,0.194930288020302,0,0,0,0.229299112703998,0,0.210238979913686,0,0.228139563243981,0.14231439307332,0.159961062296868,0.146459720035394,0.296666546266968,0,0
0,0,0,0,0,0,0,0,0.224762091520601,0,0.146809481103851,0,0,0,0,0,0,0,0,0,0.133790251870568,0,0.14318760500701,0,0.158213964826667,0,0,0,0.146190393073805,0,0.167047523893416,0,0,0.133888691663742,0.216815220993577,0,0.164317132698165,0.184666919004586,0,0,0,0,0.19647643636716,0,0,0,0,0.644961462082716,0.311037768121366,0,0,0,0,0,0.297607556060331,0,0.167507244383588,0,0,0,0,0,0,0.206733887083828,0,0.176185792168746,0,0.280999637462876,0,0,0,0.24573552235961,0,0.167162763911325,0,0,0.22402768333753,0.253599511040375,0,0.217100319416273,0.210767956476816,0.231511098004749,0.14846378027097,0.140598663896845,0.337034919656931,0,0
0.27863085269928,0.374096353848775,0.241784860690435,0.252790405794426,0.241819068789482,0.249806329607964,0,0,0.224149063229561,0,0,0,0,0,0,0,0.324721026471106,0.327173305209726,0.332509145235473,0.230616936087608,0.228628247976303,0,0,0,0,0,0,0,0,0,0,0,0,0,0,0.302347150444984,0,0,0,0,0.311869889497757,0.289098513308877,0.294452901293592,0.428494527397386,0.33281118273735,0.300251039484191,0.319560396260229,0.207466654479504,0,0.200246159719872,0,0.223873540759087,0,0,0,0,0.262455391517857,0.296170129694722,0.281020283699036,0.223936572670937,0,0,0.311486507015466,0.280333656668663,0,0,0,0,0,0,0,0,0.29881426303283,0.326844416558743,0,0,0,0,0.341555524002953,0.288977032357996,0.277161090419843,0.281069904565811,0.309028597576969,0.293839237093925,0.303109760085005,0.380239308872375,0.318064242601395
0,0,0.254764164869602,0,0.242821166912715,0,0,0,0,0,0,0,0,0,0,0,0.319865903920597,0.328417629003525,0.346038666613605,0,0.250771149992943,0,0,0,0,0,0,0,0,0,0,0,0,0,0,0,0.293215319514275,0,0,0.311869889497757,0,0.26385066062212,0.290547693481477,0.402693927288055,0.383767626682917,0.305454187095165,0.30644148045313,0.268593870780685,0.199881188751295,0,0,0,0,0,0,0,0.261918734069224,0,0.276842847466469,0,0.240460678935051,0,0.348251223564148,0.268803356760916,0,0,0,0,0,0,0,0,0,0.326369073910591,0,0,0,0,0.366895708967658,0.261811000713813,0,0.331372275948524,0.325597129396948,0.309652010599772,0.280406599422857,0.281829883654912,0.350783496641594
0.27195817232132,0.277944653161934,0,0.264997321863969,0,0.235265407711267,0,0,0,0.151539054614576,0,0.290256083011627,0,0,0,0,0.295428999611792,0.290135928692708,0.277130769237654,0.259016090631485,0,0,0,0,0.284295558929443,0,0,0,0,0,0,0,0,0.308925956487656,0,0.300265152293902,0,0.219312269985676,0,0.289098513308877,0.26385066062212,0,0.218485692068865,0.319526347605621,0.280465135971705,0.27784313275611,0.324716526549309,0.418184751066668,0.379269272089005,0.355219529773773,0,0,0,0,0,0.270049378275871,0.278012397197577,0.346132814073574,0,0.321841279665629,0,0.246927753090858,0.309854113560721,0.312636122107506,0,0,0,0,0,0,0.330693465613184,0,0.335401798103661,0.289427638053894,0,0,0,0,0.315338805149978,0.371647429562384,0.384626260996981,0.362625896930695,0.28672024587461,0.318318835748681,0.334261564385179,0.27569566786943,0.267910291041647
0.367086261834787,0,0.272500903785977,0.259966537356377,0.259692482212011,0,0,0,0.16602596193552,0,0,0,0,0,0,0,0.283471159416915,0.287970186182947,0.247686957527373,0,0.280125888685385,0.27953639626503,0,0,0,0,0,0,0,0,0,0,0,0,0.390701413154602,0,0.313818688328202,0,0.19647643636716,0.294452901293592,0.290547693481477,0.218485692068865,0,0,0.290050448749655,0.330097436904907,0.286705209470704,0.413455110408512,0.345974507330642,0.408464968204498,0,0,0,0,0.244433078914881,0,0.333008864561622,0.292779192328453,0.306864842124607,0,0.277849942445755,0,0.287294087665422,0.289199593397938,0,0,0,0,0,0,0,0.320801460080677,0,0.344380619171798,0,0,0,0,0.344552493095398,0.319605638107549,0.296975612640381,0.311623660692324,0.279265458637229,0.301509922104222,0.300074150667136,0.30657696723938,0.250352285418242
0,0.321669220924377,0,0.256033509969711,0,0,0,0,0,0,0,0,0,0,0,0,0.327043790192831,0.34441080596298,0.340757853478837,0.266984552145004,0,0,0,0,0,0.294298678636551,0,0,0,0,0,0,0,0,0,0.383431311164583,0,0,0,0.428494527397386,0.402693927288055,0.319526347605621,0,0,0.267891824245453,0.302871506128992,0.399682655930519,0,0,0,0,0,0,0,0,0,0,0.399522852897644,0,0,0,0,0.304462069502244,0.349858870108922,0,0,0,0,0,0,0,0,0.381416946649551,0,0,0,0,0,0.42743905198456,0.395082366466522,0.432460329749367,0,0.311954265832901,0.28736138343811,0.438404352988227,0.332410649142482,0
0,0,0.25170961022377,0,0,0,0,0,0,0,0,0,0,0,0,0,0.303145914756019,0.308535397052765,0.277785279692333,0,0,0,0,0,0,0,0,0,0,0,0,0,0,0,0,0,0.371648321549098,0,0,0.33281118273735,0.383767626682917,0.280465135971705,0.290050448749655,0.267891824245453,0,0,0.361595822036813,0,0,0,0,0,0,0,0,0,0.298369031931673,0,0,0,0,0,0.334453850984573,0.321367116692739,0,0,0,0,0,0,0,0,0.270569652318954,0.387628667056561,0,0,0,0,0.383415104945501,0.416138799690106,0,0.492476269602776,0.252145784619813,0.274175345897675,0.405865462592397,0.301080405712128,0.263750654127863
0,0.325998476573399,0,0.221977185570832,0,0,0,0,0,0,0,0.246899425983429,0,0,0,0,0.33392041760522,0.344237149242432,0.313221913907263,0.346862703561783,0,0,0,0,0,0.293447375297546,0,0,0,0,0,0,0,0,0,0.210446759243496,0,0,0,0.300251039484191,0.305454187095165,0.27784313275611,0.330097436904907,0.302871506128992,0,0,0.338323911553935,0.315922498703003,0.239534199237823,0.253513159230351,0,0,0,0,0,0,0.273247764660762,0.284924408434925,0.26287567615509,0,0,0,0.257685700205221,0.310975890074457,0,0,0,0,0,0,0,0,0.301016068382628,0.256292462348938,0,0,0,0,0.30717652711019,0.372089625646671,0.365703723914041,0,0.260529344513912,0.296529252827168,0.334133668441993,0.276645291596651,0.336048722267151
0.324576985836029,0.325123131275177,0.222095465660095,0.244445960968733,0,0,0,0,0,0,0,0,0,0,0,0,0.324689254722493,0.35329191821614,0.320243064649206,0,0.271563917398453,0,0,0,0,0,0,0,0,0,0,0,0,0,0,0,0.234338729580243,0,0,0.319560396260229,0.30644148045313,0.324716526549309,0.286705209470704,0.399682655930519,0.361595822036813,0.338323911553935,0,0.277062673121691,0.281596245784913,0,0,0,0,0,0,0,0.266295086878997,0.273094356060028,0.259486518122933,0,0,0,0.325127999641393,0.267914627116058,0,0,0,0,0,0,0,0,0.313555985689163,0.287503031007251,0,0,0,0,0.377661192812115,0.278511822986593,0.296076059341431,0.324463626663936,0.297264882725132,0.291010380439136,0.315854714638013,0.373829908668995,0.280586204276635
0,0,0.26737750073274,0.303801402449608,0.330986201763153,0.314029157161713,0,0,0,0.31681512909777,0,0,0,0,0,0,0,0,0,0.286438405513763,0.29520321637392,0.373020049105299,0,0.345618236727185,0,0,0,0,0,0,0,0.500094061576699,0.507416984077302,0.401935157884029,0.372653598984571,0.620021023069109,0.285836040973663,0.486275190466257,0.644961462082716,0.207466654479504,0.268593870780685,0.418184751066668,0.413455110408512,0,0,0.315922498703003,0.277062673121691,0,0.391616929592229,0.418595031823016,0,0,0,0,0,0.326550406114808,0.29535545706749,0.302234053611755,0.307457327842712,0,0.345639765262604,0,0.312712204456329,0.276873390376568,0.40433887460015,0,0.348263879617055,0,0,0,0.312002122402191,0,0.326854422688484,0.292161196470261,0.438340186793497,0.397015942737532,0.295432927803351,0.30228861079664,0.432282761649457,0.389824353830686,0.472704036236861,0.468777183021108,0.408976530618166,0.334394353628159,0.424157966385369,0.377958172559738,0
0.228843460400258,0,0.229894533954762,0.262905593961477,0.251476402793612,0.267622351646423,0,0,0.160019917454984,0,0,0,0,0,0,0,0,0.299531832337379,0.240852764674595,0,0.244199785319242,0,0.187115350594887,0,0.251824296951294,0,0,0,0,0,0,0.482480391860008,0.38167916238308,0.43771524050019,0.385386149088542,0,0.218421801924706,0,0.311037768121366,0,0.199881188751295,0.379269272089005,0.345974507330642,0,0,0.239534199237823,0.281596245784913,0.391616929592229,0,0.338412453298983,0.211166068911552,0,0,0,0.230530809848867,0,0.252299700256275,0.273600459098816,0.270439529418945,0,0.224918021294086,0,0.259358912706375,0.246383642156919,0,0.24840498314454,0,0.318718355829998,0,0.220805481170552,0,0.229974233097844,0,0.251091568807109,0.499471409962727,0,0,0,0.278996229171753,0.283262553495287,0,0.298320405011182,0.356736952400937,0.291665847102801,0.331420127267935,0,0.27618645131588
0,0.181408289354295,0,0.230029263102741,0,0.259544745087624,0,0,0,0.227105180130285,0,0,0,0,0,0,0,0,0.269851267337799,0.244432583451271,0,0.213978394621708,0,0.228241310129321,0,0,0,0,0,0,0,0.427695627013842,0.556884825229645,0.561046075158649,0.388901335000992,0.439458856980006,0,0.36477159217207,0,0.200246159719872,0,0.355219529773773,0.408464968204498,0,0,0.253513159230351,0,0.418595031823016,0.338412453298983,0,0,0,0,0,0,0.24895794121992,0.243554085493088,0.215626860347887,0,0.230064164847136,0,0.242744546097059,0.254818671360248,0,0.217837481803837,0,0.239105447002177,0,0.233459932419161,0,0.253587626735976,0,0.246562199758702,0,0,0,0,0.336269199848175,0.284444262286027,0.23839894682169,0.259958701231549,0,0.353379766935154,0.28025440685451,0.291303362126745,0.303698623776436,0
0,0,0.194752891632644,0,0.168658484620127,0,0,0,0.173538078864415,0,0,0,0,0,0.187245092279202,0,0,0,0,0,0.210066065192223,0,0,0,0,0,0,0,0,0,0,0,0,0,0,0,0,0,0,0,0,0,0,0,0,0,0,0,0.211166068911552,0,0,0,0.179061592618624,0,0.18722124050595,0,0.247730286155148,0,0.249733831846353,0,0.188782777377339,0,0,0.268361617411886,0,0,0,0,0,0,0,0,0,0,0,0,0,0,0,0.265710964798927,0,0,0.181226740232328,0,0.22260443319877,0,0
0,0,0,0.237124770051903,0,0.212790302759723,0,0.201927173825411,0,0,0,0.16675333992431,0,0.154912915080786,0,0.156180661916733,0,0,0,0.1511178885897,0,0,0,0,0,0,0,0,0,0,0,0,0,0,0,0,0,0,0,0.223873540759087,0,0,0,0,0,0,0,0,0,0,0,0,0,0.228703214991383,0,0.189331829547882,0,0.201737596359088,0,0.202710300683975,0,0.161102328449488,0.254152402281761,0,0,0,0,0,0,0,0,0,0,0,0,0,0,0,0,0,0,0,0.197250046645818,0,0.215565798495779,0,0
0,0,0,0,0,0,0.177058302721039,0,0,0,0,0,0,0,0,0,0,0,0,0,0,0,0,0,0,0,0,0,0,0,0,0,0,0,0,0,0,0,0,0,0,0,0,0,0,0,0,0,0,0,0.179061592618624,0,0,0,0,0,0.18168574757874,0,0,0,0,0,0,0,0,0,0,0,0,0,0,0,0,0,0,0,0,0,0,0,0,0,0.167172153790792,0,0,0,0
0,0,0,0,0,0.261152058839798,0,0.197614461880678,0,0,0,0.17176397047613,0,0,0,0,0,0,0,0,0,0,0,0,0,0,0,0,0,0,0,0,0,0,0,0,0,0,0,0,0,0,0,0,0,0,0,0,0,0,0,0.228703214991383,0,0,0,0,0,0.231985908777534,0,0,0,0,0,0,0,0,0,0,0,0,0,0,0,0,0,0,0,0,0,0,0,0,0.136321514844894,0,0.233881432563066,0,0
0.189553852766752,0,0.178390271961689,0,0.180383816361427,0,0,0,0.208981414542565,0,0,0,0,0,0.175074826440086,0,0,0,0,0,0,0,0,0,0.238493196169535,0,0,0,0,0,0,0,0,0,0,0,0,0,0.297607556060331,0,0,0,0.244433078914881,0,0,0,0,0,0.230530809848867,0,0.18722124050595,0,0,0,0,0,0,0,0,0,0.215198784105239,0,0,0,0,0,0,0.247640781614213,0,0.209790746370951,0,0,0,0,0,0,0,0,0,0,0,0.322844143063232,0.201573010413877,0,0.229667269336663,0,0
0,0.199889106594998,0,0.173220973333408,0,0.163505539298058,0,0,0,0.214459683896034,0,0,0,0,0,0.183408817592657,0,0.197376176714897,0,0,0,0,0,0.246911742910743,0,0.153000194579363,0,0,0,0,0,0,0,0.323157042264938,0,0,0,0.271130072498975,0,0,0,0.270049378275871,0,0,0,0,0,0.326550406114808,0,0.24895794121992,0,0.189331829547882,0,0,0,0,0,0,0,0,0,0.241975600020901,0,0,0,0,0.248095609341996,0,0.224671016282895,0,0,0,0,0,0,0,0.249636119917819,0,0,0,0.292306683939271,0,0.215861706754991,0,0.229017934124721,0,0
0,0,0.247998627523581,0.272598430514336,0,0,0.153207045458435,0,0,0,0.210371484113782,0,0.179471969375244,0,0,0,0.286019360025724,0.302351668477058,0.318871982155308,0,0.223333434712502,0,0,0,0,0,0,0,0.142320066690445,0,0.20789189543575,0,0,0,0,0.298603594303131,0.116915317624807,0,0.167507244383588,0.262455391517857,0.261918734069224,0.278012397197577,0.333008864561622,0,0.298369031931673,0.273247764660762,0.266295086878997,0.29535545706749,0.252299700256275,0.243554085493088,0.247730286155148,0,0.18168574757874,0,0,0,0,0.283779472112656,0.239227327213782,0.256766349077225,0.241285339959206,0,0.27521732961759,0.288294545132231,0,0,0,0,0,0,0.311360031366348,0.306044405469528,0.283110350370407,0.302011012620454,0,0,0,0,0.299952665964762,0.267130059315198,0.308304995298386,0.27096825219312,0.280455114030419,0.320369211527017,0.307933080680837,0.295723646879196,0.335805343334065
0,0.294119119644165,0.284643650054932,0.259793710850534,0,0.209500387310982,0,0.161865331041507,0,0,0,0.200518778114019,0,0.176349417729811,0,0,0.311046078801155,0.320144812266032,0.371172993492197,0.208429336547852,0,0,0,0,0,0,0,0.167377297440146,0,0.171137043088675,0,0,0,0,0,0.179929013053576,0,0.184164897849162,0,0.296170129694722,0,0.346132814073574,0.292779192328453,0.399522852897644,0,0.284924408434925,0.273094356060028,0.302234053611755,0.273600459098816,0.215626860347887,0,0.201737596359088,0,0.231985908777534,0,0,0.283779472112656,0,0.289336234331131,0.237785982022976,0.299700945615768,0.239761730557994,0.291729182170892,0,0,0,0.282016813755035,0,0,0,0.339656771457457,0,0.263951209910466,0.286938399076462,0,0,0,0,0.287332529631945,0.361642807722092,0.210956946453627,0,0.231515355991281,0.329981290631824,0.325890959249817,0.354264115047927,0
0,0,0.164601457615693,0.265824854373932,0,0,0.135655028855099,0,0,0,0.14347467944026,0,0.211231859723727,0,0.228096181892941,0,0,0,0.274828433990479,0,0,0,0,0,0,0,0,0,0,0,0,0,0,0,0,0,0,0,0,0.281020283699036,0.276842847466469,0,0.306864842124607,0,0,0.26287567615509,0.259486518122933,0.307457327842712,0.270439529418945,0,0.249733831846353,0,0,0,0,0,0.239227327213782,0.289336234331131,0,0,0.231094874308578,0,0.284924775362015,0.277112811803818,0,0,0,0,0,0,0,0.214403304423011,0,0.30825079480807,0,0,0,0,0,0.226963311433792,0,0,0.243868795888765,0.241570465266705,0.315708589222696,0,0.262692660093307
0,0,0,0.213851197674626,0,0.173671692609787,0,0.161898634356001,0,0,0,0.175680109204818,0,0.16013821210557,0,0.156250201557812,0,0,0,0,0,0,0,0,0,0,0,0.175175040960312,0,0,0,0,0,0,0,0,0,0,0,0.223936572670937,0,0.321841279665629,0,0,0,0,0,0,0,0.230064164847136,0,0.202710300683975,0,0,0,0,0.256766349077225,0.237785982022976,0,0,0,0.154314883408092,0.259674936532974,0,0,0,0,0,0,0,0.201680454466723,0,0,0,0,0,0,0,0.263560235500336,0.250415354967117,0,0,0.154819172388189,0.230215519666672,0.235354666005481,0,0
0.24208077119494,0,0,0,0.175605152575475,0,0,0,0.169880515430123,0,0,0,0.210600140265056,0,0.18369064014405,0,0.13570094704628,0,0,0,0,0,0,0,0,0,0.166962860950402,0,0,0,0,0,0,0,0,0,0,0,0,0,0.240460678935051,0,0.277849942445755,0,0,0,0,0.345639765262604,0.224918021294086,0,0.188782777377339,0,0,0,0.215198784105239,0,0.241285339959206,0.299700945615768,0.231094874308578,0,0,0,0,0,0,0,0,0.209418009063511,0,0.184688550233841,0,0,0,0,0,0,0,0,0,0.359942853450775,0,0,0.172608743421733,0,0.22717674434185,0,0.273467838764191
0,0.213801168511773,0,0.23842740803957,0,0.162530386989767,0,0,0,0.192197751719505,0,0,0,0.13726313806632,0,0.15927760852262,0,0.165717163911233,0,0,0,0,0,0.213375739753246,0,0.165130630135536,0,0,0,0,0,0,0,0,0,0,0,0,0,0,0,0.246927753090858,0,0,0,0,0,0,0,0.242744546097059,0,0.161102328449488,0,0,0,0.241975600020901,0,0.239761730557994,0,0.154314883408092,0,0,0,0,0,0,0.208689247159397,0,0,0,0,0,0,0,0,0,0,0,0,0,0,0,0.165575881760257,0.151830930262804,0.225991695441983,0,0
0.262689918279648,0.236755087971687,0.271335154771805,0.250444885662624,0,0.164634108543396,0,0.176745910197496,0,0,0,0.183802783249659,0,0,0,0,0.321674563761415,0.306635722517967,0.309188723037097,0.190299663186176,0,0,0,0,0,0,0,0,0,0,0,0,0,0,0,0.186472389059255,0,0.18267088662833,0,0.311486507015466,0.348251223564148,0.309854113560721,0.287294087665422,0.304462069502244,0.334453850984573,0.257685700205221,0.325127999641393,0.312712204456329,0.259358912706375,0.254818671360248,0,0.254152402281761,0,0,0,0,0.27521732961759,0.291729182170892,0.284924775362015,0.259674936532974,0,0,0,0.284590426418516,0,0,0,0,0,0,0.31717891395092,0,0.316202059306136,0.285059370100498,0,0,0,0,0.270253425461225,0.283190324902534,0.305488873717435,0.310155689716339,0.238402118538059,0.300309134381158,0.323481214692494,0.27936456664916,0.348686292767525
0,0,0,0.262379288673401,0.165241524577141,0,0,0,0,0,0.261141192913055,0,0,0,0,0,0.303837286042316,0.319337505102158,0.305668809187056,0,0.206504290037826,0,0,0,0,0,0,0,0,0,0,0,0,0,0.294507503509521,0,0.159285242342903,0,0.206733887083828,0.280333656668663,0.268803356760916,0.312636122107506,0.289199593397938,0.349858870108922,0.321367116692739,0.310975890074457,0.267914627116058,0.276873390376568,0.246383642156919,0,0.268361617411886,0,0,0,0,0,0.288294545132231,0,0.277112811803818,0,0,0,0.284590426418516,0,0,0,0,0,0,0,0,0,0,0.329590709947551,0,0,0,0,0.325279260873795,0.24968614539159,0.296837121248245,0.317582966387272,0.243169283154218,0.317731946706772,0.309930812975985,0.281039230525494,0.287032259477151
0,0,0,0,0,0,0,0,0,0,0,0,0,0,0,0,0.149176731705666,0.140971531470617,0.21708045899868,0,0,0.20581122499232,0,0.185826418468276,0,0,0,0.216884173086432,0,0,0,0,0,0,0,0,0,0.155218209679854,0,0,0,0,0,0,0,0,0,0.40433887460015,0,0.217837481803837,0,0,0,0,0,0,0,0,0,0,0,0,0,0,0,0,0.202120152983203,0,0,0,0.260251316095589,0,0,0,0,0,0,0,0,0,0.203783152004083,0,0.123857215393421,0.108781658113003,0,0,0
0,0,0,0,0,0,0,0,0,0,0,0,0,0,0,0,0,0,0,0,0,0.11164686953028,0.169351518999782,0,0.184521063955294,0,0,0,0.187997361024221,0,0,0,0,0,0,0,0,0,0.176185792168746,0,0,0,0,0,0,0,0,0,0.24840498314454,0,0,0,0,0,0,0,0,0,0,0,0,0,0,0,0,0,0,0.187321127017043,0,0,0,0.234581902746327,0,0,0,0,0,0,0,0,0,0.259889354626107,0.134069361440513,0.153100028634071,0,0,0
0,0.210384971622763,0,0,0,0,0,0,0,0.223298568725586,0,0,0,0,0,0,0,0,0,0,0,0.115179981352115,0,0.169081266895674,0,0.14430007030224,0,0,0,0,0,0,0,0.230858281254768,0,0,0,0.160751254597436,0,0,0,0,0,0,0,0,0,0.348263879617055,0,0.239105447002177,0,0,0,0,0,0.248095609341996,0,0.282016813755035,0,0,0,0.208689247159397,0,0,0.202120152983203,0,0,0,0.217685746404181,0,0.260056643879839,0,0,0,0,0,0.266478896141052,0,0,0,0.247857234102708,0,0.134092994779348,0,0.257577834434288,0,0
0,0,0,0,0,0,0,0,0.173148586469538,0,0,0,0,0,0,0,0.133423134684563,0,0,0,0,0,0.188271903207428,0,0.168853977614123,0,0.159394253195669,0,0,0,0,0,0,0,0,0,0,0,0.280999637462876,0,0,0,0,0,0,0,0,0,0.318718355829998,0,0,0,0,0,0.247640781614213,0,0,0,0,0,0.209418009063511,0,0,0,0,0.187321127017043,0,0,0,0.217755719404155,0,0,0,0,0,0,0,0,0,0,0,0.281361395550286,0.14450925309211,0,0.359048613144652,0,0
0,0.200378748774528,0,0,0,0,0,0,0,0,0,0,0,0,0,0,0,0.164037835999177,0.235106974840164,0,0,0,0,0.167607184913423,0,0.175487321467345,0,0.209094414996994,0,0,0,0,0,0,0,0,0,0,0,0,0,0,0,0,0,0,0,0,0,0.233459932419161,0,0,0,0,0,0.224671016282895,0,0,0,0,0,0,0,0,0,0,0.217685746404181,0,0,0,0.24132564775149,0,0,0,0,0,0,0,0,0,0,0,0.167412207002127,0,0.193998300479454,0,0
0,0,0,0,0,0,0,0,0.155616725129741,0,0,0,0,0,0.159417316317558,0,0.18086499757454,0,0,0,0,0,0.172571618109941,0,0.144726436883211,0,0.158516758077842,0,0.136011689901352,0,0,0,0,0,0,0,0,0,0,0,0,0,0,0,0,0,0,0,0.220805481170552,0,0,0,0,0,0.209790746370951,0,0,0,0,0,0.184688550233841,0,0,0,0,0,0,0.217755719404155,0,0,0,0,0,0,0,0,0,0,0,0,0,0,0.168467076989107,0,0.20420714509156,0,0
0,0,0,0.27764305472374,0,0,0,0,0,0,0,0.144352853298187,0,0.15760447912746,0,0.13484401255846,0,0.137930139899254,0,0,0,0.190731308289937,0,0,0,0.193158730864525,0,0.167998965380146,0,0.169302693353249,0,0,0,0,0,0,0,0.236878981957069,0,0,0,0.330693465613184,0,0,0,0,0,0.312002122402191,0,0.253587626735976,0,0,0,0,0,0,0.311360031366348,0.339656771457457,0,0.201680454466723,0,0,0.31717891395092,0,0.260251316095589,0,0.260056643879839,0,0.24132564775149,0,0,0,0.238583464776316,0,0,0,0,0,0,0,0.287047678029537,0,0.145614138657942,0,0.315444571407218,0.315222769975662,0
0,0,0.294263303279877,0,0,0,0,0,0,0,0,0,0.203589783774482,0,0,0,0,0,0,0,0,0,0.231558386484782,0,0,0,0.155649635195732,0,0.183065601600911,0,0,0,0,0,0,0,0,0,0.24573552235961,0,0,0,0.320801460080677,0,0,0,0,0,0.229974233097844,0,0,0,0,0,0,0,0.306044405469528,0,0.214403304423011,0,0,0,0,0,0,0.234581902746327,0,0,0,0,0,0,0,0.336199991012874,0,0,0,0,0,0,0,0.266756831599881,0.237833879888058,0,0.319842674902507,0,0.342314501603444
0,0.337035293380419,0,0.292106816980326,0,0,0,0,0,0.315375447273254,0,0.231547856540011,0,0,0,0,0.32935960094134,0.330030077033573,0.399625444412231,0.255679941922426,0,0,0,0,0,0,0,0.152677167545665,0,0.180537943069528,0,0,0,0,0,0.293466508388519,0,0.194930288020302,0,0.29881426303283,0,0.335401798103661,0,0.381416946649551,0.270569652318954,0.301016068382628,0.313555985689163,0.326854422688484,0,0.246562199758702,0,0,0,0,0,0,0.283110350370407,0.263951209910466,0,0,0,0,0.316202059306136,0,0,0,0,0,0,0,0.238583464776316,0,0,0.28324019908905,0,0,0,0,0.291268607867616,0.269434243440628,0.251222442896242,0,0.338138327798771,0.363429601490498,0.35837534180743,0.382420802984057,0
0,0,0.289536292850971,0.276084735989571,0,0,0,0,0,0,0.191085681319237,0,0,0,0,0,0.332730064789454,0.31336643298467,0.376099443397461,0,0,0,0,0,0,0,0,0,0.158063868455815,0,0.220978233825277,0,0,0,0,0,0,0,0.167162763911325,0.326844416558743,0.326369073910591,0.289427638053894,0.344380619171798,0,0.387628667056561,0.256292462348938,0.287503031007251,0.292161196470261,0.251091568807109,0,0,0,0,0,0,0,0.302011012620454,0.286938399076462,0.30825079480807,0,0,0,0.285059370100498,0.329590709947551,0,0,0,0,0,0,0,0.336199991012874,0.28324019908905,0,0,0,0,0,0.34088696539402,0.286008993892566,0,0.290778777031944,0.401317887809647,0.344312710421426,0.33428187566223,0,0.372532785648391
