0,66.707223256429,54.078022480011,0,0,0,0,0,8.65658420889001,76.9299774169922,0,0,0,0,0,0,13.9965469837189,59.6696910858154,10.0386098198269,0,0,0,0,0,0,0,0,0,0,0,0,0,0,0,0,0,0,45.8861217498779,18.5960173606873,0,26.942366969083,54.9079077584403,23.2521384789451,0,53.1737492879232,0,21.4838260353589,32.4711700903403,7.85801099904378,64.6870422363281,0,0,0,0,6.33311878985608,66.2973937988281,23.1061910482553,0,0,0,0,0,0,20.2351616490496,0,0,0,0,0,0,0,33.6357471566451,0,27.9080889144186,0,0,0,0,0,28.4224660113952,0,28.4039531969557,9.59485152089004,34.6284694671631,15.9866785531243,0,17.4605112075806
66.707223256429,0,0,4.78608583907286,0,0,0,0,0,9.84855844290431,0,0,0,0,0,3.63818926437228,0,0,10.1604625225067,0,0,0,0,0,0,0,0,0,0,0,0,0,0,0,0,0,0,16.4335627597311,42.1514167785645,24.1270939509074,0,19.7034448532473,38.8994409243266,0,0,18.028698161497,0,33.1017397229917,60.315401006628,13.8210261041075,0,0,0,0,0,7.42155790378444,67.3718668619792,8.390265035817,0,0,67.4960759480794,5.6207057501449,0,0,0,0,7.21550776019241,0,9.29223585128784,0,13.5878299747605,0,23.4120136054594,0,0,0,0,0,25.6858744621277,0,16.60615203717,0,13.1163911838128,28.1094970703125,13.5589875097638,0,0
54.078022480011,0,0,0,4.77748107910156,0,0,0,3.49722751704129,0,0,0,0,0,0,0,54.7526321411133,0,42.4847869873047,0,0,0,0,0,0,0,0,0,0,0,0,0,0,0,0,0,16.1623296737671,0,22.3562049865723,0,31.7433608661998,35.6925392150879,29.6458452981815,0,0,0,18.2545167378017,41.7506795883179,22.0766713018232,27.8113856315613,0,0,0,0,0,0,22.8119419642857,0,0,0,0,0,0,20.6383285522461,0,0,0,0,0,0,0,29.3882926702499,0,26.0558846592903,0,0,0,0,0,44.2341341291155,0,22.7758674621582,18.9268379046999,0,21.9154812671188,0,0
0,4.78608583907286,0,0,0,7.24616399524435,0,0,0,6.19987201690674,0,0,0,0,0,4.27947696050008,55.1603580050998,86.3115539550781,51.3337225914001,10.2726175968464,0,0,0,0,0,0,0,0,0,0,0,0,0,0,0,0,0,28.6203308105469,0,30.4569813288175,81.5210113525391,28.133288875841,42.2687578201294,0,0,20.7710216437714,85.1572189331055,40.988047681536,56.1174011230469,16.4914604457649,0,0,0,0,0,6.20411077920381,0,11.297762792451,0,5.42933467030525,0,5.38888308834228,16.3318424224854,0,0,0,22.1971950531006,0,0,0,28.2312831878662,0,27.2055507954814,88.7996673583984,0,0,0,0,27.9182447132311,95.5513458251953,28.9511539385869,0,15.1745366926171,0,18.6928208809689,0,0
0,0,4.77748107910156,0,0,0,0,0,3.5048088365131,0,0,0,0,0,0,0,0,0,0,0,4.35653798638677,0,0,0,0,0,0,0,0,0,0,0,0,0,0,0,4.8789878487587,0,0,0,30.3355627059937,30.9400329589844,32.5623318654186,0,0,0,23.9862575531006,44.4850834437779,40.4363110780716,33.9571027755737,5.79015819096969,0,0,0,3.74683633717624,0,0,0,0,0,2.72858822345734,0,0,0,0,0,0,0,0,0,0,0,0,0,0,0,0,0,0,44.9554443359375,0,0,5.02089063184602,0,13.0153354695547,0,0
0,0,0,7.24616399524435,0,0,0,0,0,0,0,2.73476529121399,0,0,0,0,55.383129119873,58.3833379745483,54.1926148732503,4.30175524223142,0,0,0,0,0,0,0,0,0,0,0,0,0,0,0,8.21334552764893,0,31.1976356506348,0,33.1748363246088,0,33.4525755507436,43.1859512329102,0,0,22.283314259847,87.7531127929688,43.5385319846017,0,34.2735129370206,0,3.56841380812905,0,0,0,15.4710224270821,0,5.17744604178837,0,0,0,0,5.06610252468157,0,0,0,0,0,0,0,0,0,33.2825825119019,0,0,0,0,0,33.2601601736886,0,31.6536510467529,0,8.86322719804172,0,12.65910460799,0,0
0,0,0,0,0,0,0,0,0,0,0,0,0,0,0,0,0,0,0,0,3.79255922317505,0,0,0,0,0,0,0,0,0,0,0,0,0,0,0,0,0,0,0,0,0,0,0,0,0,0,0,0,0,0,0,0,0,0,0,0,0,0,0,0,0,0,2.88395380973816,0,0,0,0,0,0,0,0,0,0,0,0,0,0,0,0,0,0,0,0,0,0,0
0,0,0,0,0,0,0,0,0,0,0,0,0,0,0,0,0,0,0,0,0,0,0,0,0,0,0,0,0,0,0,0,0,0,0,0,0,0,0,0,0,0,0,0,0,0,0,0,0,0,0,0,0,0,0,0,0,2.95875096321106,0,2.73090839385986,0,0,0,0,0,0,0,0,0,0,0,0,0,0,0,0,0,0,0,0,0,0,3.39228305464885,4.76314493795721,0,0,0
8.65658420889001,0,3.49722751704129,0,3.5048088365131,0,0,0,0,0,0,0,0,0,0,0,5.42219593524933,0,5.0979628596987,0,0,0,0,0,0,0,0,0,0,0,0,0,0,0,0,0,0,0,0,0,0,0,8.59887571083872,0,0,0,0,0,9.65365230430991,0,0,0,0,0,7.64482127574452,0,19.6284551620483,0,0,0,2.89314896972091,0,0,15.4443717797597,0,0,0,0,0,0,0,24.1879474805749,0,23.0556155775011,0,0,0,0,0,23.9372730255127,0,14.2707364463806,3.60480188599299,4.21161655818715,9.22164200974586,0,17.6534767150879
76.9299774169922,9.84855844290431,0,6.19987201690674,0,0,0,0,0,0,0,0,0,0,0,3.03849052825635,0,5.46581935882568,0,0,0,0,0,0,0,0,0,0,0,0,0,0,0,0,0,0,0,20.2082991035361,0,0,0,18.3967738408906,58.3886137008667,0,0,0,0,46.5731358528137,68.9107907613118,36.4000659942627,0,0,0,0,0,7.4687459763382,81.4294662475586,0,0,0,0,2.93070620428734,0,0,0,0,16.1453907554214,0,0,0,0,0,32.444220512144,0,0,0,0,0,29.3849220275879,0,12.7676656392156,0,6.45552441590752,3.64347348389802,11.9259066410639,0,0
0,0,0,0,0,0,0,0,0,0,0,0,3.19259576190193,0,0,0,0,0,0,0,3.1611777283498,0,0,0,0,0,0,0,3.08900074082978,0,2.73206210136414,0,0,0,0,0,3.08334127877722,0,3.3365969690558,0,0,0,0,0,0,0,0,0,0,0,0,0,0,0,0,0,2.93239735384456,0,3.35766739577777,0,0,0,0,3.9801421083253,0,0,0,0,0,0,0,0,0,0,0,0,0,0,0,3.2325558980306,0,3.33064843610276,2.87310294101113,2.87504595362079,0,0,0
0,0,0,0,0,2.73476529121399,0,0,0,0,0,0,0,3.27194610238075,0,0,0,0,0,3.47545198883329,0,0,0,0,0,0,0,0,0,0,0,0,0,0,0,4.13904892785106,0,3.20771969874595,0,0,0,0,0,0,0,0,0,0,0,0,0,0,0,0,0,0,0,2.96042197715193,0,3.45078816526357,0,0,3.84244139112593,0,0,0,0,0,0,0,3.66330152066028,0,3.1111906675192,0,0,0,0,0,0,0,0,0,3.02154836575847,3.04452625910441,4.57417657690228,0,0
0,0,0,0,0,0,0,0,0,0,3.19259576190193,0,0,0,3.00612524029994,0,0,0,0,0,0,0,0,0,0,0,3.57023477554321,0,3.4191205784103,0,0,0,0,0,0,0,0,0,0,0,0,0,0,0,0,0,0,0,0,0,0,0,0,0,0,0,3.28276777267456,0,3.15954260508219,0,0,0,0,0,0,0,0,0,0,0,0,3.82780687014262,0,0,0,0,0,0,0,0,0,0,3.24317590610401,2.87473288335298,0,0,0
0,0,0,0,0,0,0,0,0,0,0,3.27194610238075,0,0,0,2.91164823414987,0,0,0,0,0,0,0,0,0,0,0,2.84375737068501,0,0,0,0,0,0,0,0,0,0,0,0,0,0,0,0,0,0,0,0,0,0,0,0,0,0,0,0,0,3.00879986513229,0,2.99290915287392,0,2.89227608497852,0,0,0,0,0,0,0,0,3.21776611529864,0,0,0,0,0,0,0,0,0,0,0,4.7217650905488,5.21238980716516,0,0,0
0,0,0,0,0,0,0,0,0,0,0,0,3.00612524029994,0,0,0,3.89296101121341,0,0,0,0,0,0,0,0,0,4.48425931930542,0,2.875556257036,0,0,0,0,0,0,0,0,0,0,0,0,0,0,0,0,0,0,0,0,0,0,0,0,0,0,0,0,0,2.98243942593954,0,3.25729712572965,0,0,0,0,0,0,0,0,0,0,0,0,0,0,0,0,0,0,0,0,0,3.41011647473682,3.68112398110903,0,0,0
0,3.63818926437228,0,4.27947696050008,0,0,0,0,0,3.03849052825635,0,0,0,2.91164823414987,0,0,0,6.53154815601397,0,0,0,0,0,0,0,0,0,0,0,0,0,0,0,0,0,0,0,0,0,0,0,0,0,0,0,0,0,0,0,3.52298986911774,0,0,0,0,0,3.0280645026101,0,0,0,0,0,2.77132787704468,0,0,0,0,0,0,0,0,0,0,0,0,0,0,0,0,0,0,0,0,4.50832450288837,3.94835541239776,0,0,0
13.9965469837189,0,54.7526321411133,55.1603580050998,0,55.383129119873,0,0,5.42219593524933,0,0,0,0,0,3.89296101121341,0,0,11.5668035581798,20.3437917043622,0,0,0,0,0,0,0,2.89222168922424,0,0,0,0,0,0,0,0,0,0,62.8596229553223,0,58.4141137971351,50.467005808834,51.4500269512798,39.6906434482144,0,39.2227840423584,50.8205400140908,47.5017662968552,80.7866897583008,90.8681507110596,67.9953994750977,0,0,0,0,0,0,61.7223036629813,69.3752085367839,0,0,0,0,0,36.1635881933835,0,0,0,0,0,0,0,67.5181785159641,64.2332713787372,40.3253299568502,0,0,0,0,58.2955038514856,49.6518273056596,61.0446853637695,42.6509642346215,14.7484187835951,0,43.4667753704677,43.977845509847,0
59.6696910858154,0,0,86.3115539550781,0,58.3833379745483,0,0,0,5.46581935882568,0,0,0,0,0,6.53154815601397,11.5668035581798,0,17.5690354421849,0,0,2.8644302636385,0,0,0,2.81858509778976,0,0,0,0,0,0,0,0,0,0,0,0,0,50.2510261196861,60.4185280124186,42.8522498567226,54.9908101742084,0,61.5065828959147,48.0978943273445,56.1530969519364,0,59.6753234863281,48.449437713623,0,0,0,0,0,57.7294616699219,0,0,0,0,0,0,0,52.735559463501,0,0,0,0,2.77304899692535,0,0,80.9523468017578,51.6179449999774,61.7815258319561,0,0,0,0,51.7477727206248,61.6680140603182,47.422397664388,57.922821933276,11.0021651283566,4.33604921378367,47.4767199593282,29.9757202996148,0
10.0386098198269,10.1604625225067,42.4847869873047,51.3337225914001,0,54.1926148732503,0,0,5.0979628596987,0,0,0,0,0,0,0,20.3437917043622,17.5690354421849,0,0,0,0,0,0,0,0,0,0,0,0,0,0,0,0,0,0,0,64.4837341308594,26.0733394622803,46.3798255577586,43.7255971195538,36.5690291297885,41.0691579634707,0,8.87124916602825,38.3762671667893,38.4873060909537,50.4929542541504,39.7234722614288,41.7192500785545,0,0,0,0,0,19.3288879394531,36.2987728118896,60.920304107666,0,0,71.8319358825684,0,27.081693649292,33.372234582901,0,0,0,0,0,0,0,45.0144717043096,39.5833867229115,38.5776507139874,0,0,0,0,40.8406419100827,41.8757064166429,37.3944765110405,41.6940800535913,11.296995086913,0,35.9562393090103,25.549632693446,0
0,0,0,10.2726175968464,0,4.30175524223142,0,0,0,0,0,3.47545198883329,0,0,0,0,0,0,0,0,0,0,0,0,0,0,0,0,0,0,0,0,0,0,0,3.32658798259065,0,3.0566475957496,0,34.7841567993164,0,40.9436016082764,0,0,0,0,0,0,0,33.3176689147949,0,3.75886704524358,0,0,0,0,0,4.31008634731216,0,0,0,0,3.52780577782038,0,0,0,0,0,0,0,0,0,0,0,0,0,0,0,10.8186118125916,0,2.73251295089722,0,5.61866814749582,0,7.12128995932065,0,0
0,0,0,0,4.35653798638677,0,3.79255922317505,0,0,0,3.1611777283498,0,0,0,0,0,0,0,0,0,0,0,0,0,0,0,0,0,0,0,0,0,0,0,0,0,3.6815523343068,0,3.47423477272887,0,0,0,0,0,0,0,0,0,43.5954048156738,28.8766746520996,3.08003699211847,0,3.22985482215881,0,0,0,3.66012184184781,0,0,0,0,0,0,2.85528930952383,0,0,0,0,0,0,0,0,0,0,0,0,0,0,0,3.57298946667004,0,3.3067113052715,15.6285167336464,0,5.33605471527254,0,0
0,0,0,0,0,0,0,0,0,0,0,0,0,0,0,0,0,2.8644302636385,0,0,0,0,3.72222257314223,0,0,3.23751362164815,0,2.99863945604047,0,0,0,0,0,0,0,0,0,3.62836430538298,3.27537666340018,0,0,0,0,0,0,0,0,0,0,7.46274732701919,0,0,0,0,0,0,0,0,0,0,0,0,0,0,3.26474245646768,4.10529203658237,5.6028208732605,0,6.21155014038086,0,4.64868916627253,0,0,0,0,0,0,0,0,0,2.74405908584595,3.61761960616479,3.17983101945582,2.92974352836609,0,0,0
0,0,0,0,0,0,0,0,0,0,0,0,0,0,0,0,0,0,0,0,0,3.72222257314223,0,0,3.15787840810456,0,3.02182136882435,0,3.32287869473837,0,0,0,0,0,0,0,0,0,3.27838562219648,0,0,0,0,0,0,0,0,0,0,0,0,0,0,0,0,0,0,0,0,0,0,0,0,0,2.82400978751805,3.07276390358325,0,2.8685936875587,0,3.33357459268509,0,3.65433402437913,0,0,0,0,0,0,0,0,0,3.56898869167675,3.15656649001862,3.0690937227673,0,0,0
0,0,0,0,0,0,0,0,0,0,0,0,0,0,0,0,0,0,0,0,0,0,0,0,0,2.79925105969111,0,0,0,0,0,0,0,0,0,0,0,4.01286605989496,0,0,0,0,0,0,0,0,0,0,0,0,0,0,0,0,0,0,0,0,0,0,0,0,0,0,0,0,3.17708185586062,0,2.92618014894683,0,0,0,0,0,0,0,0,0,0,0,6.72863479042619,0,4.93143520571969,4.85048294067383,5.05560708045959,0,0
0,0,0,0,0,0,0,0,0,0,0,0,0,0,0,0,0,0,0,0,0,0,3.15787840810456,0,0,0,3.16535317196566,0,0,0,0,0,0,0,0,0,0,0,3.52875935415108,0,0,0,0,0,0,0,0,0,0,0,0,0,0,0,0,0,0,0,0,0,0,0,0,0,0,0,0,3.90756511688232,0,3.12801690367353,0,0,0,0,0,0,0,0,0,0,0,4.85477601902825,4.29758019106729,3.90029795964559,5.57885720812041,0,0
0,0,0,0,0,0,0,0,0,0,0,0,0,0,0,0,0,2.81858509778976,0,0,0,3.23751362164815,0,2.79925105969111,0,0,0,0,0,0,0,0,0,0,0,0,0,0,0,0,0,0,0,0,0,0,0,0,0,3.7338137456349,0,0,0,0,0,0,0,0,0,0,0,0,0,0,0,0,0,0,2.95726022487733,0,4.46384593797108,0,0,0,0,0,0,0,0,0,0,0,2.92721871749775,0,0,0,0
0,0,0,0,0,0,0,0,0,0,0,0,3.57023477554321,0,4.48425931930542,0,2.89222168922424,0,0,0,0,0,3.02182136882435,0,3.16535317196566,0,0,0,3.34515007682469,0,0,0,0,0,0,0,0,0,0,0,0,0,0,0,0,0,0,0,0,0,0,0,0,0,0,0,0,0,3.40561319898058,0,0,0,0,0,0,0,0,2.73389636553251,0,2.85623632987573,0,0,0,0,0,0,0,0,0,0,0,0,3.91773343086243,0,0,0,0
0,0,0,0,0,0,0,0,0,0,0,0,0,2.84375737068501,0,0,0,0,0,0,0,2.99863945604047,0,0,0,0,0,0,0,3.14118875571287,0,0,0,0,0,0,0,3.18618270754814,0,0,0,0,0,0,0,0,0,0,0,3.01004726971899,0,0,0,0,0,0,0,0,0,2.85841347130252,0,0,0,0,3.55355373253186,0,0,0,0,0,3.25732984834937,0,0,0,0,0,0,0,0,0,0,0,3.13534923319547,0,0,0,0
0,0,0,0,0,0,0,0,0,0,3.08900074082978,0,3.4191205784103,0,2.875556257036,0,0,0,0,0,0,0,3.32287869473837,0,0,0,3.34515007682469,0,0,0,3.07677926231982,0,0,0,0,0,0,0,2.93592534690607,0,0,0,0,0,0,0,0,0,0,0,0,0,0,0,0,0,3.16270192464193,0,3.50851502546984,0,2.73630897204081,0,0,0,0,0,0,0,0,2.80458597342173,0,3.20755446871218,0,3.71293429533641,0,0,0,0,0,0,0,0,2.9714215209447,4.99738402424789,0,0,0
0,0,0,0,0,0,0,0,0,0,0,0,0,0,0,0,0,0,0,0,0,0,0,0,0,0,0,3.14118875571287,0,0,0,0,0,0,0,0,0,2.9692661747961,0,0,0,0,0,0,0,0,0,0,0,0,0,0,0,0,0,0,0,0,0,0,0,0,0,0,0,0,0,0,0,0,3.69578060428868,0,3.21143871214655,0,0,0,0,0,0,0,3.1322974661986,0,3.4007322377172,3.82347708695555,0,0,0
0,0,0,0,0,0,0,0,0,0,2.73206210136414,0,0,0,0,0,0,0,0,0,0,0,0,0,0,0,0,0,3.07677926231982,0,0,0,0,0,0,0,0,0,3.13427912989142,0,0,0,0,0,0,0,0,0,0,0,0,0,0,0,0,0,2.72999715805054,0,0,0,0,0,0,0,0,0,0,0,0,0,0,0,0,0,0,0,0,0,0,0,0,0,2.9423129605312,2.80158446729183,0,0,0
0,0,0,0,0,0,0,0,0,0,0,0,0,0,0,0,0,0,0,0,0,0,0,0,0,0,0,0,0,0,0,0,5.03032141174304,3.01564447085063,5.2148385589773,5.86967587503985,4.49251582145691,0,0,0,0,0,0,0,0,0,0,5.34999290047487,13.4291604060047,5.01814297835032,0,0,0,0,0,0,0,0,0,0,0,0,0,0,0,0,0,0,0,0,0,0,0,0,3.0379271676313,5.11003940275669,0,4.61949042030809,5.76310489986436,15.0282775320188,0,0,3.05485763916603,0,0,0,0
0,0,0,0,0,0,0,0,0,0,0,0,0,0,0,0,0,0,0,0,0,0,0,0,0,0,0,0,0,0,0,5.03032141174304,0,4.58232605366306,3.2879693031311,3.34361871083577,4.76086956682339,0,0,9.44244480133057,0,0,0,0,0,0,0,6.69645316017322,6.16211032867432,9.78623899983746,0,0,0,0,0,0,0,0,0,0,0,0,0,0,0,0,0,0,0,0,0,0,0,0,5.28022385090989,3.41249010008435,0,2.83326471768893,5.65974149920724,5.84115079397292,0,0,3.68510933603559,0,0,0,0
0,0,0,0,0,0,0,0,0,0,0,0,0,0,0,0,0,0,0,0,0,0,0,0,0,0,0,0,0,0,0,3.01564447085063,4.58232605366306,0,4.64116367708962,2.93525080198652,0,3.14788389205933,2.73707985877991,13.4074869155884,0,0,0,0,0,0,0,4.56977251976485,14.9531390666962,9.48051945368449,0,0,0,0,0,0,0,0,0,0,0,0,0,0,0,0,0,0,0,0,0,0,0,0,0,4.17697318394979,2.9639746415413,4.37341053114997,3.03003393468403,0,3.24843575336315,0,5.53291567549648,0,20.1084204779731,0,0
0,0,0,0,0,0,0,0,0,0,0,0,0,0,0,0,0,0,0,0,0,0,0,0,0,0,0,0,0,0,0,5.2148385589773,3.2879693031311,4.64116367708962,0,0,3.06421980575511,3.62922407275411,3.00005974592986,0,0,0,15.071347951889,0,0,0,0,4.07628307079713,6.74207863807678,8.26064392924309,0,0,0,0,0,0,0,0,0,0,0,0,0,0,0,0,0,0,0,0,0,61.8322257995605,0,0,5.030758884218,0,3.01629480415227,3.1087829745005,9.06731643676758,3.03507531029837,3.90709707339605,2.95537275456368,4.53892157223019,0,10.9669963892768,0,0
0,0,0,0,0,8.21334552764893,0,0,0,0,0,4.13904892785106,0,0,0,0,0,0,0,3.32658798259065,0,0,0,0,0,0,0,0,0,0,0,5.86967587503985,3.34361871083577,2.93525080198652,0,0,3.50161080584252,2.86259782958675,0,12.696399028184,0,0,0,0,0,10.1572839563543,0,4.90689325478463,0,3.58286046981812,0,0,0,0,0,0,0,3.9331634296084,0,0,0,0,3.72449485983326,0,0,0,0,0,0,0,0,0,0,0,4.32769607536673,7.66028507550557,3.15997677027257,0,3.4720704547586,4.13869104443303,3.11677794390182,0,3.79539534370498,7.89994649056638,11.8705131858587,0,0
0,0,16.1623296737671,0,4.8789878487587,0,0,0,0,0,3.08334127877722,0,0,0,0,0,0,0,0,0,3.6815523343068,0,0,0,0,0,0,0,0,0,0,4.49251582145691,4.76086956682339,0,3.06421980575511,3.50161080584252,0,0,3.13265549160411,0,0,0,0,0,0,0,0,5.80928501998179,27.1928855895996,18.1738948822021,3.10647130012512,0,0,0,0,0,4.23290547277869,0,0,0,0,0,0,3.90433745782403,0,0,0,0,0,0,0,0,0,0,5.59133964558546,3.69921969170676,0,3.42728511524652,3.44406906919195,3.56814545463598,0,3.09938576758615,4.34089639663696,3.3805845143527,11.9338693497029,0,0
45.8861217498779,16.4335627597311,0,28.6203308105469,0,31.1976356506348,0,0,0,20.2082991035361,0,3.20771969874595,0,0,0,0,62.8596229553223,0,64.4837341308594,3.0566475957496,0,3.62836430538298,0,4.01286605989496,0,0,0,3.18618270754814,0,2.9692661747961,0,0,0,3.14788389205933,3.62922407275411,2.86259782958675,0,0,3.40711059738983,0,0,8.39254452784856,18.2706737518311,0,0,32.1482849121094,0,7.99448503977662,33.1763763427734,8.27531152421778,0,0,0,0,0,21.3015263644132,0,3.6211947579556,0,0,50.2772102355957,0,3.45913491660151,0,3.58570640381068,0,4.18529877603054,0,0,0,0,0,3.57985592821739,0,0,0,2.93972887490925,4.15903187051732,0,0,3.36115222838938,3.52050632520523,8.6297172204672,10.0915899276733,6.44761701004497,0,0
18.5960173606873,42.1514167785645,22.3562049865723,0,0,0,0,0,0,0,3.3365969690558,0,0,0,0,0,0,0,26.0733394622803,0,3.47423477272887,3.27537666340018,3.27838562219648,0,3.52875935415108,0,0,0,2.93592534690607,0,3.13427912989142,0,0,2.73707985877991,3.00005974592986,0,3.13265549160411,3.40711059738983,0,0,0,28.6912288665771,3.92430724228285,0,0,0,0,6.60829943447022,6.28509915513652,0,0,0,0,0,6.58935089111328,51.9004554748535,3.91023847254905,0,0,0,0,0,0,4.07727789371572,3.66415114469931,3.65645006269601,0,4.68981919160999,0,0,0,3.37122355737994,0,2.72109866142273,0,0,2.82895991537306,2.7434458732605,0,3.69345817149886,3.41709997103764,3.35695364431252,3.67107817641011,14.3038244247437,5.741439261182,0,0
0,24.1270939509074,0,30.4569813288175,0,33.1748363246088,0,0,0,0,0,0,0,0,0,0,58.4141137971351,50.2510261196861,46.3798255577586,34.7841567993164,0,0,0,0,0,0,0,0,0,0,0,0,9.44244480133057,13.4074869155884,0,12.696399028184,0,0,0,0,80.0140106266943,21.2351225268865,69.4972594434565,15.7984139919281,0,10.3002105411257,79.0486992427281,5.68207086686847,11.690827355935,7.85773758040225,0,0,0,0,0,35.0885314941406,0,37.5377630150836,0,0,0,0,3.08900326093038,73.0628448486328,0,0,0,0,0,0,0,99.9883728027344,41.025722435237,107.281055450439,0,14.5416131323956,0,0,7.54320275012335,79.9613575254168,31.544404230799,87.1460479736328,32.052469363947,0,16.9106890371934,26.9143571853638,0
26.942366969083,0,31.7433608661998,81.5210113525391,30.3355627059937,0,0,0,0,0,0,0,0,0,0,0,50.467005808834,60.4185280124186,43.7255971195538,0,0,0,0,0,0,0,0,0,0,0,0,0,0,0,0,0,0,0,0,80.0140106266943,0,82.8446838378906,19.7734688003709,0,22.5461151676793,73.7901430458858,7.06792736023552,9.59332660472754,10.8197302810627,12.2382758458455,0,0,0,0,0,0,38.7326020886821,0,0,0,0,0,0,15.2901725496328,0,0,0,0,0,0,0,43.1861990325305,93.4044765125621,41.8425206098511,0,10.9869704723358,0,0,75.6562449455261,25.2196820712442,80.4950714111328,34.1081388581408,33.8466765928191,0,16.3954448099753,0,30.9110581609938
54.9079077584403,19.7034448532473,35.6925392150879,28.133288875841,30.9400329589844,33.4525755507436,0,0,0,18.3967738408906,0,0,0,0,0,0,51.4500269512798,42.8522498567226,36.5690291297885,40.9436016082764,0,0,0,0,0,0,0,0,0,0,0,0,0,0,0,0,0,8.39254452784856,28.6912288665771,21.2351225268865,82.8446838378906,0,15.2514312278223,15.3893880844116,14.5610934699454,18.2725103190187,79.6850856599354,11.0586249381491,37.6687556413504,16.1490226535054,0,0,0,0,0,24.503835868723,54.0101432800293,25.1567706089475,0,34.6982148488363,56.6475448608398,25.0842911195961,0,85.1639556884766,0,0,44.4119758605957,0,0,0,24.6195802688599,53.8407745361328,27.5970298540522,56.8614562988281,0,0,0,0,35.1688792770559,71.1025609515962,15.2248187128946,66.1232852935791,21.915877641245,0,17.1885346143687,10.8430135451167,32.1055564880371
23.2521384789451,38.8994409243266,29.6458452981815,42.2687578201294,32.5623318654186,43.1859512329102,0,0,8.59887571083872,58.3886137008667,0,0,0,0,0,0,39.6906434482144,54.9908101742084,41.0691579634707,0,0,0,0,0,0,0,0,0,0,0,0,0,0,0,15.071347951889,0,0,18.2706737518311,3.92430724228285,69.4972594434565,19.7734688003709,15.2514312278223,0,0,13.4063810044081,61.2927800907808,28.8490079158457,13.8573614191418,20.2930026406748,32.7874553468492,0,0,0,0,12.6766597543444,45.7907460530599,27.3470947050279,95.8925247192383,0,0,29.0621479596847,52.2980422973633,0,35.6250173680417,0,0,0,2.95831799507141,0,0,0,27.9495058498584,51.2396869659424,27.3248452903768,0,0,24.3038363456726,0,75.1592513190375,24.9165086699981,26.7980824984037,29.4248843924386,21.1342748950762,6.57757108639448,17.9999905919913,0,26.8691101130985
0,0,0,0,0,0,0,0,0,0,0,0,0,0,0,0,0,0,0,0,0,0,0,0,0,0,0,0,0,0,0,0,0,0,0,0,0,0,0,15.7984139919281,0,15.3893880844116,0,0,0,11.5626900272985,0,0,0,0,0,0,0,0,0,0,0,0,0,0,0,0,0,0,0,0,0,0,0,0,0,0,0,0,0,0,0,0,0,0,0,0,13.721482783556,0,13.2296586036682,0,0
53.1737492879232,0,0,0,0,0,0,0,0,0,0,0,0,0,0,0,39.2227840423584,61.5065828959147,8.87124916602825,0,0,0,0,0,0,0,0,0,0,0,0,0,0,0,0,0,0,0,0,0,22.5461151676793,14.5610934699454,13.4063810044081,0,0,72.1701431274414,15.7137883822123,25.2078596750895,25.4852387950105,0,0,0,0,0,0,0,0,0,0,0,54.1435661315918,0,0,0,0,0,0,0,0,0,0,0,0,48.5035781860352,0,0,0,0,0,27.9010483403825,0,31.6187749750474,9.45787813409497,0,18.8250350368784,9.02895832061768,15.9994602203369
0,18.028698161497,0,20.7710216437714,0,22.283314259847,0,0,0,0,0,0,0,0,0,0,50.8205400140908,48.0978943273445,38.3762671667893,0,0,0,0,0,0,0,0,0,0,0,0,0,0,0,0,10.1572839563543,0,32.1482849121094,0,10.3002105411257,73.7901430458858,18.2725103190187,61.2927800907808,11.5626900272985,72.1701431274414,0,74.7926470438639,29.20625515988,0,32.6516795749158,0,0,0,0,0,21.016525109609,88.1370162963867,30.8279504776001,0,19.516227722168,0,28.2119935353597,5.14277541226354,76.9073791503906,0,0,0,0,0,0,0,102.474353790283,35.5333276465103,75.9931106567383,0,0,0,0,26.1124209246212,76.1101802307882,30.6511543667959,81.8737707699046,24.617861381212,0,18.4626781362538,0,0
21.4838260353589,0,18.2545167378017,85.1572189331055,23.9862575531006,87.7531127929688,0,0,0,0,0,0,0,0,0,0,47.5017662968552,56.1530969519364,38.4873060909537,0,0,0,0,0,0,0,0,0,0,0,0,0,0,0,0,0,0,0,0,79.0486992427281,7.06792736023552,79.6850856599354,28.8490079158457,0,15.7137883822123,74.7926470438639,0,56.4160232543945,35.3836920153011,0,0,0,0,0,0,0,33.67519564288,0,0,0,0,0,0,21.9235996259225,0,0,0,0,0,0,0,37.8659485500792,86.8654657999675,36.2349482347222,0,0,0,0,80.0680374145508,29.4655376564373,85.7708415985107,36.6085999883371,27.0179831963703,0,22.1123132728463,0,31.5548538794884
32.4711700903403,33.1017397229917,41.7506795883179,40.988047681536,44.4850834437779,43.5385319846017,0,0,0,46.5731358528137,0,0,0,0,0,0,80.7866897583008,0,50.4929542541504,0,0,0,0,0,0,0,0,0,0,0,0,5.34999290047487,6.69645316017322,4.56977251976485,4.07628307079713,4.90689325478463,5.80928501998179,7.99448503977662,6.60829943447022,5.68207086686847,9.59332660472754,11.0586249381491,13.8573614191418,0,25.2078596750895,29.20625515988,56.4160232543945,0,10.1226850739711,6.39750010847222,0,0,0,0,0,39.2208688909357,33.8628294395678,39.536928994315,0,45.9375686645508,36.0993978182475,41.7416467666626,0,0,0,0,0,0,0,0,0,61.834839630127,57.0793665568034,60.3482687473297,6.94067817605106,7.37175861081702,7.91025439765718,4.1633834101111,5.59527197240633,7.89018338825949,9.20498255559053,0,7.63477481051329,5.7563916683197,13.2146061418509,15.8573784828186,0
7.85801099904378,60.315401006628,22.0766713018232,56.1174011230469,40.4363110780716,0,0,0,9.65365230430991,68.9107907613118,0,0,0,0,0,0,90.8681507110596,59.6753234863281,39.7234722614288,0,43.5954048156738,0,0,0,0,0,0,0,0,0,0,13.4291604060047,6.16211032867432,14.9531390666962,6.74207863807678,0,27.1928855895996,33.1763763427734,6.28509915513652,11.690827355935,10.8197302810627,37.6687556413504,20.2930026406748,0,25.4852387950105,0,35.3836920153011,10.1226850739711,0,12.2557029010743,0,0,0,0,0,59.4366703033447,32.1785704765791,0,0,0,15.7559873308454,65.1682872772217,0,49.9709560394287,0,3.43885064125061,0,0,0,0,0,49.8996092366501,0,40.2255829311553,0,7.09496318149251,26.3662185668945,11.4383986790975,21.3376232494007,14.7339669004217,35.3154054788443,5.85214494650855,21.7910934192894,24.5271150588989,15.365539091817,0,23.8581814084734
64.6870422363281,13.8210261041075,27.8113856315613,16.4914604457649,33.9571027755737,34.2735129370206,0,0,0,36.4000659942627,0,0,0,0,0,3.52298986911774,67.9953994750977,48.449437713623,41.7192500785545,33.3176689147949,28.8766746520996,7.46274732701919,0,0,0,3.7338137456349,0,3.01004726971899,0,0,0,5.01814297835032,9.78623899983746,9.48051945368449,8.26064392924309,3.58286046981812,18.1738948822021,8.27531152421778,0,7.85773758040225,12.2382758458455,16.1490226535054,32.7874553468492,0,0,32.6516795749158,0,6.39750010847222,12.2557029010743,0,0,0,0,0,0,30.9330479665236,52.3693084716797,15.5606575458684,0,16.3891965866089,0,26.7138479601952,42.299077351888,0,7.93474502211449,0,8.59327897158536,0,5.32281478031262,0,5.88581204691599,0,26.1215831547976,47.6063613891602,0,12.1945152871857,15.7640857696533,15.5288422107697,5.97236517169057,20.7034731592451,11.326118672162,0,10.0966875720111,0,14.8259072254323,19.5490529537201,0
0,0,0,0,5.79015819096969,0,0,0,0,0,0,0,0,0,0,0,0,0,0,0,3.08003699211847,0,0,0,0,0,0,0,0,0,0,0,0,0,0,0,3.10647130012512,0,0,0,0,0,0,0,0,0,0,0,0,0,0,0,0,0,0,0,0,0,0,0,0,0,0,6.43942907878331,0,0,0,0,0,0,0,0,0,0,0,0,0,0,0,0,0,0,3.17009341905987,0,2.83835324119119,0,0
0,0,0,0,0,3.56841380812905,0,0,0,0,0,0,0,0,0,0,0,0,0,3.75886704524358,0,0,0,0,0,0,0,0,0,0,0,0,0,0,0,0,0,0,0,0,0,0,0,0,0,0,0,0,0,0,0,0,0,0,0,0,0,0,0,0,0,0,3.2881445089976,0,0,0,0,0,0,0,0,0,0,0,0,0,0,0,0,0,0,0,3.03341084787215,0,6.10571479797363,0,0
0,0,0,0,0,0,0,0,0,0,0,0,0,0,0,0,0,0,0,0,3.22985482215881,0,0,0,0,0,0,0,0,0,0,0,0,0,0,0,0,0,0,0,0,0,0,0,0,0,0,0,0,0,0,0,0,0,0,0,0,0,0,0,0,0,0,0,0,0,0,0,0,0,0,0,0,0,0,0,0,0,0,0,0,0,2.83576742808024,0,0,0,0
0,0,0,0,0,0,0,0,0,0,0,0,0,0,0,0,0,0,0,0,0,0,0,0,0,0,0,0,0,0,0,0,0,0,0,0,0,0,0,0,0,0,0,0,0,0,0,0,0,0,0,0,0,0,0,0,0,0,0,0,0,0,0,0,0,0,0,0,0,0,0,0,0,0,0,0,0,0,0,0,0,0,4.27181692889137,5.97516018761529,0,0,0
6.33311878985608,0,0,0,3.74683633717624,0,0,0,7.64482127574452,0,0,0,0,0,0,0,0,0,0,0,0,0,0,0,0,0,0,0,0,0,0,0,0,0,0,0,0,0,6.58935089111328,0,0,0,12.6766597543444,0,0,0,0,0,0,0,0,0,0,0,0,0,0,0,0,0,0,0,0,0,0,0,0,0,0,0,0,0,0,0,0,0,0,0,0,0,0,8.17085419595242,3.64265757145179,10.3360109329224,10.9049003757716,0,0
66.2973937988281,7.42155790378444,0,6.20411077920381,0,15.4710224270821,0,0,0,7.4687459763382,0,0,0,0,0,3.0280645026101,0,57.7294616699219,19.3288879394531,0,0,0,0,0,0,0,0,0,0,0,0,0,0,0,0,0,0,21.3015263644132,51.9004554748535,35.0885314941406,0,24.503835868723,45.7907460530599,0,0,21.016525109609,0,39.2208688909357,59.4366703033447,30.9330479665236,0,0,0,0,0,0,0,27.4774640401204,0,0,68.1444778442383,3.7864550944269,0,0,0,0,8.5016636547533,0,0,0,0,0,31.0643129802886,0,0,0,0,0,0,0,19.1917371872144,0,8.55689882323068,38.5324172973633,16.4736044532028,0,0
23.1061910482553,67.3718668619792,22.8119419642857,0,0,0,0,0,19.6284551620483,81.4294662475586,2.93239735384456,0,3.28276777267456,0,0,0,61.7223036629813,0,36.2987728118896,0,3.66012184184781,0,0,0,0,0,0,0,3.16270192464193,0,2.72999715805054,0,0,0,0,0,4.23290547277869,0,3.91023847254905,0,38.7326020886821,54.0101432800293,27.3470947050279,0,0,88.1370162963867,33.67519564288,33.8628294395678,32.1785704765791,52.3693084716797,0,0,0,0,0,0,0,0,3.84307703052659,0,6.05932839711507,0,0,4.89220739177793,0,0,0,0,0,0,0,7.7129525041693,0,5.9577781366326,0,0,0,0,0,10.1899932821592,0,5.04425271018213,8.51948127223224,2.74000215530396,11.1845488296144,0,15.6391248703003
0,8.390265035817,0,11.297762792451,0,5.17744604178837,0,2.95875096321106,0,0,0,2.96042197715193,0,3.00879986513229,0,0,69.3752085367839,0,60.920304107666,4.31008634731216,0,0,0,0,0,0,0,0,0,0,0,0,0,0,0,3.9331634296084,0,3.6211947579556,0,37.5377630150836,0,25.1567706089475,95.8925247192383,0,0,30.8279504776001,0,39.536928994315,0,15.5606575458684,0,0,0,0,0,27.4774640401204,0,0,0,3.15885259071012,0,13.9802752733231,3.90832206802647,0,16.060863494873,0,0,0,6.51080785299602,0,5.86454257337671,0,5.84253834101427,0,0,0,0,0,34.9679832458496,0,19.4783244848251,0,4.23063512734347,4.07073418189739,7.86600435639783,0,0
0,0,0,0,0,0,0,0,0,0,3.35766739577777,0,3.15954260508219,0,2.98243942593954,0,0,0,0,0,0,0,0,0,0,0,3.40561319898058,0,3.50851502546984,0,0,0,0,0,0,0,0,0,0,0,0,0,0,0,0,0,0,0,0,0,0,0,0,0,0,0,3.84307703052659,0,0,0,3.60348653793335,0,0,0,0,0,0,0,0,0,0,4.01009875535965,0,0,0,0,0,0,0,0,0,0,3.18792809889867,2.88827617963155,7.19837856292725,0,0
0,0,0,5.42933467030525,0,0,0,2.73090839385986,0,0,0,3.45078816526357,0,2.99290915287392,0,0,0,0,0,0,0,0,0,0,0,0,0,2.85841347130252,0,0,0,0,0,0,0,0,0,0,0,0,0,34.6982148488363,0,0,0,19.516227722168,0,45.9375686645508,0,16.3891965866089,0,0,0,0,0,0,0,3.15885259071012,0,0,0,11.4211893081665,0,0,0,0,0,0,4.23805287390044,0,4.43642826080322,0,0,0,0,0,0,0,0,0,0,0,3.17879903823771,3.60794436948221,17.0016270160675,0,0
0,67.4960759480794,0,0,2.72858822345734,0,0,0,2.89314896972091,0,0,0,0,0,3.25729712572965,0,0,0,71.8319358825684,0,0,0,0,0,0,0,0,0,2.73630897204081,0,0,0,0,0,0,0,0,50.2772102355957,0,0,0,56.6475448608398,29.0621479596847,0,54.1435661315918,0,0,36.0993978182475,15.7559873308454,0,0,0,0,0,0,68.1444778442383,6.05932839711507,0,3.60348653793335,0,0,0,0,0,0,0,0,0,0,0,0,18.1305706160409,0,84.9376525878906,0,0,0,0,0,80.9968795776367,0,0,4.94411797978532,0,10.6542428570543,0,0
0,5.6207057501449,0,5.38888308834228,0,0,0,0,0,2.93070620428734,0,0,0,2.89227608497852,0,2.77132787704468,0,0,0,0,0,0,0,0,0,0,0,0,0,0,0,0,0,0,0,0,0,0,0,0,0,25.0842911195961,52.2980422973633,0,0,28.2119935353597,0,41.7416467666626,65.1682872772217,26.7138479601952,0,0,0,0,0,3.7864550944269,0,13.9802752733231,0,11.4211893081665,0,0,0,0,0,0,0,0,0,0,17.8876273291452,0,22.4407442637852,0,0,0,0,0,0,0,30.398567199707,0,34.8832761101101,3.36598148941994,17.4209674138289,0,0
0,0,0,16.3318424224854,0,5.06610252468157,0,0,0,0,0,3.84244139112593,0,0,0,0,0,0,27.081693649292,3.52780577782038,0,0,0,0,0,0,0,0,0,0,0,0,0,0,0,3.72449485983326,0,3.45913491660151,0,3.08900326093038,0,0,0,0,0,5.14277541226354,0,0,0,42.299077351888,0,3.2881445089976,0,0,0,0,0,3.90832206802647,0,0,0,0,0,0,0,0,0,0,0,0,0,0,8.84477964569541,0,0,0,0,0,4.61968659065865,0,4.93353176761318,0,2.96363857388496,0,4.53608774548248,0,0
20.2351616490496,0,20.6383285522461,0,0,0,2.88395380973816,0,15.4443717797597,0,3.9801421083253,0,0,0,0,0,36.1635881933835,52.735559463501,33.372234582901,0,2.85528930952383,0,0,0,0,0,0,0,0,0,0,0,0,0,0,0,3.90433745782403,0,4.07727789371572,73.0628448486328,15.2901725496328,85.1639556884766,35.6250173680417,0,0,76.9073791503906,21.9235996259225,0,49.9709560394287,0,6.43942907878331,0,0,0,0,0,4.89220739177793,0,0,0,0,0,0,0,0,0,0,0,0,0,0,44.9780039787292,0,8.54334480000339,0,0,0,0,71.1086196899414,5.3409762088003,0,5.06652594625679,22.3324610834219,0,8.085514723707,0,0
0,0,0,0,0,0,0,0,0,0,0,0,0,0,0,0,0,0,0,0,0,3.26474245646768,2.82400978751805,0,0,0,0,3.55355373253186,0,0,0,0,0,0,0,0,0,3.58570640381068,3.66415114469931,0,0,0,0,0,0,0,0,0,0,7.93474502211449,0,0,0,0,0,0,0,16.060863494873,0,0,0,0,0,0,0,4.8089757691259,4.53751497761957,0,5.94064731003916,0,10.6270662219169,0,0,0,0,0,0,0,0,0,0,4.76447446005685,3.16682876726476,2.95334041118622,25.7771739959717,0,0
0,0,0,0,0,0,0,0,0,0,0,0,0,0,0,0,0,0,0,0,0,4.10529203658237,3.07276390358325,0,0,0,0,0,0,0,0,0,0,0,0,0,0,0,3.65645006269601,0,0,0,0,0,0,0,0,0,3.43885064125061,0,0,0,0,0,0,0,0,0,0,0,0,0,0,0,4.8089757691259,0,0,0,0,0,0,0,0,0,0,0,0,0,0,0,0,4.57642502403259,3.43433312566212,2.99437012672424,0,0,0
0,7.21550776019241,0,22.1971950531006,0,0,0,0,0,16.1453907554214,0,0,0,0,0,0,0,0,0,0,0,5.6028208732605,0,3.17708185586062,0,0,0,0,0,0,0,0,0,0,0,0,0,4.18529877603054,0,0,0,44.4119758605957,0,0,0,0,0,0,0,8.59327897158536,0,0,0,0,0,8.5016636547533,0,0,0,0,0,0,0,0,4.53751497761957,0,0,0,4.84929881322952,0,9.33570500383986,0,0,0,0,0,0,0,0,0,5.14604405236724,0,7.65503046793096,0,5.0510371085211,0,0
0,0,0,0,0,0,0,0,0,0,0,0,0,0,0,0,0,0,0,0,0,0,2.8685936875587,0,3.90756511688232,0,2.73389636553251,0,0,0,0,0,0,0,0,0,0,0,4.68981919160999,0,0,0,2.95831799507141,0,0,0,0,0,0,0,0,0,0,0,0,0,0,0,0,0,0,0,0,0,0,0,0,0,0,2.85109522468165,0,0,0,0,0,0,0,0,0,0,0,7.35824223929851,3.41995439529419,0,4.65993802764199,0,0
0,9.29223585128784,0,0,0,0,0,0,0,0,0,0,0,0,0,0,0,2.77304899692535,0,0,0,6.21155014038086,0,2.92618014894683,0,2.95726022487733,0,0,0,0,0,0,0,0,0,0,0,0,0,0,0,0,0,0,0,0,0,0,0,5.32281478031262,0,0,0,0,0,0,0,6.51080785299602,0,4.23805287390044,0,0,0,0,5.94064731003916,0,4.84929881322952,0,0,0,6.83208425276972,0,0,0,0,0,0,0,0,0,0,0,2.88884567401626,0,22.0322621663411,0,0
0,0,0,0,0,0,0,0,0,0,0,0,0,0,0,0,0,0,0,0,0,0,3.33357459268509,0,3.12801690367353,0,2.85623632987573,0,2.80458597342173,0,0,0,0,0,0,0,0,0,0,0,0,0,0,0,0,0,0,0,0,0,0,0,0,0,0,0,0,0,0,0,0,0,0,0,0,0,0,2.85109522468165,0,0,0,0,0,0,0,0,0,0,0,0,0,0,0,0,0,0,0
0,13.5878299747605,0,28.2312831878662,0,0,0,0,0,0,0,3.66330152066028,0,3.21776611529864,0,0,0,0,0,0,0,4.64868916627253,0,0,0,4.46384593797108,0,3.25732984834937,0,3.69578060428868,0,0,0,0,0,0,0,0,0,0,0,24.6195802688599,0,0,0,0,0,0,0,5.88581204691599,0,0,0,0,0,0,0,5.86454257337671,0,4.43642826080322,0,17.8876273291452,0,0,10.6270662219169,0,9.33570500383986,0,6.83208425276972,0,0,0,2.99631369113922,0,0,0,0,0,0,0,0,0,4.31801858118602,0,8.80539797393942,0,0
33.6357471566451,0,29.3882926702499,0,0,0,0,0,24.1879474805749,0,0,0,3.82780687014262,0,0,0,67.5181785159641,80.9523468017578,45.0144717043096,0,0,0,3.65433402437913,0,0,0,0,0,3.20755446871218,0,0,0,0,0,61.8322257995605,0,0,0,3.37122355737994,99.9883728027344,43.1861990325305,53.8407745361328,27.9495058498584,0,0,102.474353790283,37.8659485500792,61.834839630127,49.8996092366501,0,0,0,0,0,0,0,7.7129525041693,0,4.01009875535965,0,18.1305706160409,0,0,44.9780039787292,0,0,0,0,0,0,0,0,0,3.75613040537448,0,0,0,0,0,60.2296345710754,0,72.3765691121419,24.7015112914537,0,29.0757160870604,0,19.6359597524007
0,23.4120136054594,0,27.2055507954814,0,33.2825825119019,0,0,0,32.444220512144,0,3.1111906675192,0,0,0,0,64.2332713787372,51.6179449999774,39.5833867229115,0,0,0,0,0,0,0,0,0,0,3.21143871214655,0,0,0,0,0,0,0,3.57985592821739,0,41.025722435237,93.4044765125621,27.5970298540522,51.2396869659424,0,0,35.5333276465103,86.8654657999675,57.0793665568034,0,26.1215831547976,0,0,0,0,0,31.0643129802886,0,5.84253834101427,0,0,0,22.4407442637852,8.84477964569541,0,0,0,0,0,0,0,2.99631369113922,0,0,0,0,0,0,0,53.8107795715332,98.4094333648682,15.0961226224899,85.4105453491211,25.6884456588508,0,15.0236934860831,20.6159084701538,0
27.9080889144186,0,26.0558846592903,88.7996673583984,0,0,0,0,23.0556155775011,0,0,0,0,0,0,0,40.3253299568502,61.7815258319561,38.5776507139874,0,0,0,0,0,0,0,0,0,3.71293429533641,0,0,0,0,0,0,0,0,0,2.72109866142273,107.281055450439,41.8425206098511,56.8614562988281,27.3248452903768,0,48.5035781860352,75.9931106567383,36.2349482347222,60.3482687473297,40.2255829311553,47.6063613891602,0,0,0,0,0,0,5.9577781366326,0,0,0,84.9376525878906,0,0,8.54334480000339,0,0,0,0,0,0,0,3.75613040537448,0,0,0,0,0,66.7360534667969,70.3271789550781,56.8968540713084,71.3104782104492,13.8606864302247,26.3772991768112,2.74325895309448,22.207935304296,0,19.5690599722021
0,0,0,0,0,0,0,0,0,0,0,0,0,0,0,0,0,0,0,0,0,0,0,0,0,0,0,0,0,0,0,3.0379271676313,5.28022385090989,0,5.030758884218,4.32769607536673,5.59133964558546,0,0,0,0,0,0,0,0,0,0,6.94067817605106,0,0,0,0,0,0,0,0,0,0,0,0,0,0,0,0,0,0,0,0,0,0,0,0,0,0,0,12.4800117085962,0,5.37889956746783,5.14607115572753,15.7233131877307,0,0,3.16516091877764,0,0,0,0
0,0,0,0,0,0,0,0,0,0,0,0,0,0,0,0,0,0,0,0,0,0,0,0,0,0,0,0,0,0,0,5.11003940275669,3.41249010008435,4.17697318394979,0,7.66028507550557,3.69921969170676,0,0,14.5416131323956,10.9869704723358,0,0,0,0,0,0,7.37175861081702,7.09496318149251,12.1945152871857,0,0,0,0,0,0,0,0,0,0,0,0,0,0,0,0,0,0,0,0,0,0,0,0,12.4800117085962,0,0,0,16.090158144633,4.79803236150916,0,0,3.63199503487403,0,14.9839900334676,0,0
0,0,0,0,0,0,0,0,0,0,0,0,0,0,0,0,0,0,0,0,0,0,0,0,0,0,0,0,0,0,0,0,0,2.9639746415413,3.01629480415227,3.15997677027257,0,2.93972887490925,2.82895991537306,0,0,0,24.3038363456726,0,0,0,0,7.91025439765718,26.3662185668945,15.7640857696533,0,0,0,0,0,0,0,0,0,0,0,0,0,0,0,0,0,0,0,0,0,0,0,0,0,0,0,3.48807394504547,4.24748015199971,0,0,0,5.42002874902151,0,0,0,0
0,0,0,0,0,0,0,0,0,0,0,0,0,0,0,0,0,0,0,0,0,0,0,0,0,0,0,0,0,0,0,4.61949042030809,2.83326471768893,4.37341053114997,3.1087829745005,0,3.42728511524652,4.15903187051732,2.7434458732605,0,0,0,0,0,0,0,0,4.1633834101111,11.4383986790975,15.5288422107697,0,0,0,0,0,0,0,0,0,0,0,0,0,0,0,0,0,0,0,0,0,0,0,66.7360534667969,5.37889956746783,0,3.48807394504547,0,0,4.08685538575456,5.21952632904053,0,3.90898811479539,0,15.4531943672582,0,0
0,25.6858744621277,0,27.9182447132311,0,33.2601601736886,0,0,0,29.3849220275879,0,0,0,0,0,0,58.2955038514856,51.7477727206248,40.8406419100827,10.8186118125916,0,0,0,0,0,0,0,0,0,0,0,5.76310489986436,5.65974149920724,3.03003393468403,9.06731643676758,3.4720704547586,3.44406906919195,0,0,7.54320275012335,75.6562449455261,35.1688792770559,75.1592513190375,0,0,26.1124209246212,80.0680374145508,5.59527197240633,21.3376232494007,5.97236517169057,0,0,0,0,0,0,0,34.9679832458496,0,0,0,0,4.61968659065865,71.1086196899414,0,0,0,0,0,0,0,0,53.8107795715332,70.3271789550781,5.14607115572753,16.090158144633,4.24748015199971,0,0,6.99311535676838,35.7234254564558,80.2715272903442,7.93342519839934,2.93418910286643,24.99266195137,0,0
28.4224660113952,0,44.2341341291155,95.5513458251953,44.9554443359375,0,0,0,23.9372730255127,0,3.2325558980306,0,0,0,0,0,49.6518273056596,61.6680140603182,41.8757064166429,0,3.57298946667004,0,0,0,0,0,0,0,0,0,0,15.0282775320188,5.84115079397292,0,3.03507531029837,4.13869104443303,3.56814545463598,0,3.69345817149886,79.9613575254168,25.2196820712442,71.1025609515962,24.9165086699981,0,27.9010483403825,76.1101802307882,29.4655376564373,7.89018338825949,14.7339669004217,20.7034731592451,0,0,0,0,0,0,10.1899932821592,0,0,0,80.9968795776367,0,0,5.3409762088003,0,0,0,0,0,0,0,60.2296345710754,98.4094333648682,56.8968540713084,15.7233131877307,4.79803236150916,0,4.08685538575456,6.99311535676838,0,87.7379379272461,43.5956088697209,22.6637765108016,3.45053935311531,25.0925592053465,0,21.9225917543684
0,16.60615203717,0,28.9511539385869,0,31.6536510467529,0,0,0,12.7676656392156,0,0,0,0,0,0,61.0446853637695,47.422397664388,37.3944765110405,2.73251295089722,0,2.74405908584595,0,6.72863479042619,0,0,0,0,0,3.1322974661986,0,0,0,3.24843575336315,3.90709707339605,3.11677794390182,0,3.36115222838938,3.41709997103764,31.544404230799,80.4950714111328,15.2248187128946,26.7980824984037,0,0,30.6511543667959,85.7708415985107,9.20498255559053,35.3154054788443,11.326118672162,0,0,0,0,0,19.1917371872144,0,19.4783244848251,0,0,0,30.398567199707,4.93353176761318,0,0,0,5.14604405236724,0,0,0,0,0,15.0961226224899,71.3104782104492,0,0,0,5.21952632904053,35.7234254564558,87.7379379272461,0,4.64462084279341,11.8748252070086,0,14.2883903416893,16.3870502471924,0
28.4039531969557,0,22.7758674621582,0,0,0,0,0,14.2707364463806,0,3.33064843610276,0,0,0,0,0,42.6509642346215,57.922821933276,41.6940800535913,0,3.3067113052715,3.61761960616479,3.56898869167675,0,4.85477601902825,0,0,0,0,0,0,0,0,0,2.95537275456368,0,3.09938576758615,3.52050632520523,3.35695364431252,87.1460479736328,34.1081388581408,66.1232852935791,29.4248843924386,0,31.6187749750474,81.8737707699046,36.6085999883371,0,5.85214494650855,0,0,0,0,0,8.17085419595242,0,5.04425271018213,0,0,0,0,0,0,5.06652594625679,4.76447446005685,4.57642502403259,0,7.35824223929851,0,0,0,72.3765691121419,85.4105453491211,13.8606864302247,0,0,0,0,80.2715272903442,43.5956088697209,4.64462084279341,0,23.5277479640047,2.94562649726868,9.12025844103229,0,21.8292392583994
