0,0,78.5356654524803,0,39.2721788883209,0,0,0,7.0936556905508,0,22.4264790266752,0,67.7353509962559,0,44.9091432094574,0,19.749846547842,2.37309601902962,83.9588290303946,0,11.9007430374622,0,5.12288048863411,0,0,0,6.73698158562183,0,109.264757528901,0,26.2698057442904,0,0,0,0,0,0,0,95.3890038952231,0,0,0.338395372033119,91.3980679064989,0,7.72735646367073,0,28.8007739335299,0,121.545038059354,0.413200795650482,0,0,0,0,38.0875585377216,0,25.1843013763428,0,5.80901193618774,0,201.727524191141,0,0,79.013195887208,0,2.16197344660759,0,2.17906567454338,0,5.80230683088303,0,85.1471759974957,0,30.4594278335571,0,0,0,0,0,0,0,144.788743808866,158.265580661595,0.385790020227432,262.178732290864,0,24.8887654393911
0,0,0,332.703206390142,0,0,0,0,0,484.489451095462,0,0,0,0,0,82.5395208597183,1.82155519723892,0.247219800949097,18.3121462613344,0,0,42.8272179216146,0,4.38885591924191,0,1.2862513512373,0,0,0,0,0,0,0,0.363899722695351,0,0,0,16.1675955951214,0,0,0,122.886867329478,17.1943494975567,0,0,434.724631100893,0,2.02071192860603,0,375.02373740077,0,0,0,0,0,251.414810419083,0,150.636545181274,0,16.2138469219208,0,411.935935467482,0,0,60.455295547843,0,28.906787648797,0,16.3896105885506,0,1.96129910647869,0,1.15450894832611,0,0,0,1.70841298997402,0,0,0,0.80583319067955,0,166.48125115037,0,216.376255095005,7.10597741603851,0
78.5356654524803,0,0,0,0,0,0,0,20.6232480406761,0,0,0,0.360737353563309,0,3.90225553512573,0,0,0,0,0,0,0,1.73836410045624,0,0,0,0,0,0,0,0,0,0,0,0,0,0,0,0,0,0,0,0,0,7.5922699868679,0,0,0,148.807113945484,0,0,0,0,0,0,0,0,0,0,0,10.7826970815659,0,0,0,0,0,0,0,0,0,0,0,0,0,0,0,0,0,0,0,0,0.231991708278656,77.626476675272,0,423.686282247305,0,0
0,332.703206390142,0,0,0,0,0,0,0,23.9852505773306,0,0,0,0,0,1.66590690612793,0,0,6.39060664176941,0,0,0,0,0,0,0,0,0,0,0,0,0,0,0,0,0,0,0,0,0,0,0,0,0,0,50.8464134782553,0,0,0,177.37724545598,0,6.13126730918884,0,0,0,13.433919146657,0,0,0,0,0,29.6898596584797,0,0,0,0,0,0,0,0,0,0,0,0,0,0,0,0,0,0,0,0,73.5507175475359,0,66.8225904256105,0,0
39.2721788883209,0,0,0,0,0,0.436031937599182,0,16.6550109386444,0,0,0,49.8298368453979,0,10.7925419807434,0,0,0,0,0,4.98930928111076,0,0,0,0,0,0,0,0,0,0,0,0,0,0,0,0,0,0,0,0,0,0,0,0,0,0,0,0,0,27.7615949809551,0,47.4157746434212,0,41.1189015507698,0,44.5882461667061,0,0,0,0,0,0,12.7444924116135,0,0,0,0,0,0,0,0,0,0,0,0,0,0,0,0,0,0,105.28484800458,0,0,0,0
0,0,0,0,0,0,0,0,0,69.4235737323761,0,0,0,180.62243783474,0,112.311868071556,0,0,0,0,0,0,0,0,0,0,0,0,0,0,0,0,0,0,0,0,0,0,0,0,0,0,0,0,0,0,0,0,0,0,0,67.984615445137,0,0,0,0,0,0,0,178.891313880682,0,1.08737063407898,0,0,0,0,0,0,0,0,0,0,0,0,0,0,0,0,0,0,0,0,207.317432641983,0,0,0,0
0,0,0,0,0.436031937599182,0,0,0,0,0,16.0201848447323,0,82.4385432600975,0,0,0,0,0,0,0,33.8722016215324,0,0,0,0,0,0,0,0,0,0,0,0,0,0,0,0,0,0,0,0,0,0,0,0,0,0,0,0,0,0,0,102.086585402489,0,0,0,134.955472320318,0,18.0519465208054,0,0,0,0,16.6896963119507,0,0,0,0,0,0,0,0,0,0,0,0,0,0,0,0,0,0,214.933476984501,0,0,0,0
0,0,0,0,0,0,0,0,0,0,0,0,0,33.5949491262436,0,0,0,0,0,0,0,0,0,0,0,0,0,0,0,0,0,0,0,0,0,0,0,0,0,0,0,0,0,0,0,0,0,0,0,0,0,0,0,0,0,0,0,0,0,0,0,0,0,0,0,0,0,0,0,0,0,0,0,0,0,0,0,0,0,0,0,0,6.70405864715576,0,0,0,0
7.0936556905508,0,20.6232480406761,0,16.6550109386444,0,0,0,0,0.159986957907677,8.6689290702343,0,9.03826776146889,0,36.1819026619196,0,263.837410628796,16.5063601881266,122.409178838134,0,86.9177795872092,0,20.6860902011395,0.18461862206459,29.8702326565981,0,69.2668182551861,1.02896118164062,60.3632319867611,0,6.87486115098,0,0,0,0,0,0,4.66217133402824,140.788199484348,0,0,5.86037248373032,65.2132959663868,0,0,3.49851132184267,101.851827070117,0,22.5397417843342,0.642280556261539,0,0,0,0,41.6391244679689,0,0.708225846290588,0,8.07503414154053,0,63.8366349935532,0,0,77.5977515354753,1.04109731316566,8.70510831475258,0.212491258978844,12.5989388823509,0,64.4017676413059,0,78.0378715246916,1.94066134095192,21.8832122981548,0,0,1.11733645200729,0,0,0,2.31176593154669,181.380686402321,318.797211132944,9.28638322651386,38.9036855325103,1.10277807712555,24.5965838134289
0,484.489451095462,0,23.9852505773306,0,69.4235737323761,0,0,0.159986957907677,0,0,1.45416556298733,0,0,0,464.673269033432,11.6767438650131,241.092205688357,349.39357676357,0,0.197020947933197,48.5875543653965,0,76.1238413751125,0,265.046931326389,0,1.75888036191463,0,0,0,0,0,2.82259957492352,0,0,0,63.6145201250911,1.02840560674667,0,0,151.276151902974,53.2683301270008,0.34786219894886,0,254.788459569216,2.12630033493042,42.5796104371548,0,65.2710656374693,0,0,0,0,0,260.682133123279,0,2.01412042975426,0,0,0,87.1448993384838,0,0.100082635879517,93.2952568978071,0,8.98065331578255,0.234649494290352,332.461756661534,0,14.7105325460434,0,7.80566623806953,0,0,0,14.1542264744639,0,0,0,95.7011452913284,1.94928501546383,732.003313966095,31.9633801877499,64.6247597187757,11.4795759618282,3.01698718965054
22.4264790266752,0,0,0,0,0,16.0201848447323,0,8.6689290702343,0,0,0,136.752828210592,0,3.01833693683147,0,37.5939471274614,0.824934303760529,31.4941980987787,0,432.091763302684,0,3.42058630287647,0,2.5694896876812,0,3.29699340462685,0,103.397633671761,0,99.8679095804691,0,0,0,0,0,1.36320707201958,1.73392029106617,357.151304744184,0,0,0,24.6265347748995,0,0,0.228792145848274,4.17274747788906,0,36.8381327092648,0.15102943778038,0,0,13.3066975474358,0,7.60251933336258,0,1688.33756266534,0,47.3149877786636,0,9.74466128647327,0,0,31.4757831245661,0,0,0,9.01542370021343,0,1.57428540289402,0,39.1248617321253,0,74.1464887261391,0,0,0.15088777244091,0,0,0,0,162.655696004629,545.216683313251,3.24216598272324,122.002889484167,0.622814655303955,4.94540606439114
0,0,0,0,0,0,0,0,0,1.45416556298733,0,0,0,41.0840878486633,0,0,0,0,2.23989981412888,207.616795539856,0,0,0,0,0,0,0,24.6148828864098,0,108.571939244866,0,0,0,1.57072637975216,0,0,0,116.35311961174,0,0,0,52.999820202589,0,0,0,0,0,0,0,48.0477638095617,0,0,0,0,0,0,0,434.911423683167,0,102.500361204147,0,0,140.230976477265,0,1.02793303132057,0,0,0,0.213601231575012,0,0.600781925022602,0,219.057536363602,0,0,0,28.1266312450171,0,0,0,59.2229469716549,0,90.4594864845276,0,255.59901432693,4.23375058174133,0
67.7353509962559,0,0.360737353563309,0,49.8298368453979,0,82.4385432600975,0,9.03826776146889,0,136.752828210592,0,0,0,95.9366400241852,0,21.0296035706997,0,73.3712027221918,0,1.50427159667015,0,1.83079025149345,0,3.7590092420578,0,69.2209493517876,0,109.496054023504,0,41.0546329468489,0,0,0,0,0,0,0,4.01694278419018,0,0,0.177360713481903,57.3928246349096,0,0,0,11.0565827190876,0,15.9961970001459,0,3.81236624717712,0,58.2186896204948,0,1.21385204792023,0,25.6702120751143,0,406.781366810203,0,373.423323526978,0,0,20.0147515982389,0,0.628806948661804,0.180375352501869,0.738309800624847,0,58.6790489852428,0,46.5277625918388,0,36.5823576301336,0,0,0,0,0,0,0,5.09915387630463,100.031745269895,79.272840321064,17.5151399821043,0,10.5442992299795
0,0,0,0,0,180.62243783474,0,33.5949491262436,0,0,0,41.0840878486633,0,0,0,67.2778972387314,0,0,0,0,0,0,0,0,0,20.4750580787659,0,0,0,0,0,0,0,0,0,0,0,0,0,0,0,0,0,0,0,0,0,0,0,0,0,11.3760852813721,0,0,0,0,0,0,0,808.754698753357,0,1.55120360851288,0,0,0,0,0,0,0,0,55.6273401975632,0,0,0,0,0,0,0,0,0,0,0,567.212956607342,30.9275829195976,0,0,0
44.9091432094574,0,3.90225553512573,0,10.7925419807434,0,0,0,36.1819026619196,0,3.01833693683147,0,95.9366400241852,0,0,0,105.648048222065,0.604512095451355,188.130990669131,0,20.4747312813997,0,18.5808509290218,0,13.1043389588594,0,517.130535528064,0,320.991972744465,0,4.2213180065155,0,0,0,0,0,0,1.15821915864944,33.0093773007393,0,0,0.167526587843895,191.705443635583,0,0,0.132071793079376,45.4764339476824,0,21.2465748488903,0.139639168977737,5.38818740844727,0,0,0,18.3033479750156,0,0.253821849822998,0,100.23539365828,0,765.566890507936,0,0,57.9287543967366,0,13.0538163334131,0,10.9890279471874,0,282.560546547174,0,101.961476713419,0,2.07203483581543,0,0,0,0,0,0,0.867908298969269,23.2959901094437,321.823532022536,230.234909638762,48.1118734031916,0,37.1199440956116
0,82.5395208597183,0,1.66590690612793,0,112.311868071556,0,0,0,464.673269033432,0,0,0,67.2778972387314,0,0,0.9438556432724,40.9359015077353,41.0664774179459,0,0,46.5857672393322,0,143.10370747745,0,388.637663245201,0,8.96210578083992,0,0,0,0,0,0.141436025500298,0,0,0,10.9785618409514,0.534766674041748,0,0,13.8794829174876,6.31678092479706,0.405310124158859,0,28.5083006992936,0,1.92716542631388,0.369816392660141,11.7395973801613,0,0,0,0,0,59.7570074051619,0,0.207507744431496,0,15.1366791725159,0,99.0430384576321,0,0,64.6733619868755,0,7.73807582259178,0,517.177192553878,0,1.58709615468979,0,0.230024054646492,0,0,0,0.928860560059547,0,0,0,4.46131761372089,0,115.323844432831,4.62803629040718,5.15173554420471,1.39707420766354,0
19.749846547842,1.82155519723892,0,0,0,0,0,0,263.837410628796,11.6767438650131,37.5939471274614,0,21.0296035706997,0,105.648048222065,0.9438556432724,0,6722.19690841436,2818.00419853628,0,296.691070981324,33.1903423666954,1383.63369528949,57.4078058600426,339.674843207002,9.93499979376793,1739.49723255634,0,644.620625562966,0,12.7592348605394,0,0,20.8001000136137,0,0,0,307.451206982136,762.698610410094,0,0,310.315024107695,394.944998010993,16.9718998223543,0,144.248907260597,297.801925979555,30.3325714021921,201.146661818027,99.5723951011896,0,0,0,0,102.921605736017,3.94724979996681,8.92108142375946,0,0,0,27.9263685643673,1.99901641905308,0,239.192756004632,32.0813234597445,822.047989368439,31.2275765538216,165.106378346682,11.7850703597069,847.23659619689,0.915518969297409,1062.00659200549,8.41378530859947,43.8313130736351,0,0,46.7155765593052,0,0,0,248.541586898267,1227.50326546282,6516.23776524514,15931.5612035245,259.462785489857,15.6498317271471,57.3083671927452
2.37309601902962,0.247219800949097,0,0,0,0,0,0,16.5063601881266,241.092205688357,0.824934303760529,0,0,0,0.604512095451355,40.9359015077353,6722.19690841436,0,2930.77638676763,0,34.9482323080301,1697.57552096248,11.0991412103176,991.300904512405,28.2143060415983,488.13343796134,0.750529140233994,5.85579776763916,4.50697161257267,0,3.48156741261482,0,0,48.096857085824,0,0,0,1337.68856754154,95.4701550006866,0,0,439.820054754615,48.715408436954,7.30112329125404,0,101.178659923375,43.611296467483,77.7333683371544,9.11213307082653,170.064792692661,0,0,0,0,12.314861625433,10.402317866683,0,1.81985759735107,0,0,0.984937131404877,34.446765601635,0,35.067462310195,1601.40650257468,0.976826846599579,363.168828681111,16.8496379107237,319.826332852244,0.904945984482765,53.1041805297136,13.6500935703516,18.5200054273009,3.44652470946312,0,0,65.9880156964064,0,0,0,1139.64605425298,87.0936256945133,7866.38442745805,18534.3839604706,81.2781337052584,11.2039998918772,9.62810282409191
83.9588290303946,18.3121462613344,0,6.39060664176941,0,0,0,0,122.409178838134,349.39357676357,31.4941980987787,2.23989981412888,73.3712027221918,0,188.130990669131,41.0664774179459,2818.00419853628,2930.77638676763,0,0,225.948322720826,127.918516613543,33.8614238649607,168.083438009024,85.4984110891819,124.027320884168,75.579584851861,2.88831041753292,143.13608379662,0,27.130700558424,0,0,45.0574931055307,0,0,0,649.520041354001,545.965309783816,0,0,1859.38548161834,953.383574664593,115.684068009257,0,886.742742732167,327.780214130878,181.23559563607,53.6347650587559,351.195081353188,0,0,0,0,81.6257342919707,235.334098793566,7.97716325521469,2.07735675573349,1.14733293652534,0,178.213106825948,30.0295934826136,0,231.018170110881,185.348646864295,10.9393718391657,56.0225476622581,37.6360810548067,161.296630740166,41.487046122551,13.8253273591399,135.303698986769,35.0212984234095,16.6576890796423,0,0,156.361494094133,0,0,0,851.188401572406,488.365921892226,6520.69744414836,1433.78849099576,586.228843413293,141.467626780272,82.3753374069929
0,0,0,0,0,0,0,0,0,0,0,207.616795539856,0,0,0,0,0,0,0,0,0,0,0,0,0,0,0,0,0,0,0,0,0,0,0,462.153898388147,0,87.7465496659279,0,0,0,4.29085677862167,0,0,0,160.045556813478,0,0,0,1.8549163043499,0,0,0,0,0,0,0,50.1236602663994,0,0,0,0,1544.94234292209,0,0,0,0,0,0,0,0,0,0,0,0,0,2.28540417551994,0,103.120198071003,0,1.35616266727448,0,134.979928687215,0,607.772958159447,0,0
11.9007430374622,0,0,0,4.98930928111076,0,33.8722016215324,0,86.9177795872092,0.197020947933197,432.091763302684,0,1.50427159667015,0,20.4747312813997,0,296.691070981324,34.9482323080301,225.948322720826,0,0,0.591667592525482,14.5755227208138,1.51557302474976,253.663157895207,0,6.65495646744967,0,60.686043843627,0,1.04501283168793,0,0,0,0,0,6.08750772476196,3.95061627030373,240.221483901143,0,0,1.29749846458435,273.082658477128,0,0,0.20875857770443,29.1157342642546,0.157646358013153,218.375626206398,0.138014435768127,6.28224509954453,0,5.61995154619217,0,75.8615021035075,0,515.256482243538,0,52.6397321373224,0,55.3883175328374,0,0,1158.8400849998,0.129808589816093,3.21714216470718,0,133.187160789967,0.964891090989113,12.1755083799362,0,87.0551501065493,0,0.420005679130554,0,0,0.167174890637398,0,0,17.9416451454163,3.3486393019557,197.664828017354,720.386669754982,22.0960907489061,236.693634681404,0.190110325813293,19.6198142468929
0,42.8272179216146,0,0,0,0,0,0,0,48.5875543653965,0,0,0,0,0,46.5857672393322,33.1903423666954,1697.57552096248,127.918516613543,0,0.591667592525482,0,291.622448667884,328.712983518839,0.648466303944588,621.945543140173,0,186.64365041256,0,0,0,0,0,45.8035582602024,0,0,0,2290.59179902822,17.8382652625442,0,0,96.7963651269674,2.40930007398129,0,0,12.9647385179996,0.194582849740982,24.449956163764,0,250.261486247182,0,0,0,0,0,37.5602903068066,0,1.41578844189644,0,0,0,23.540238648653,0,0,12469.4374640733,9.4020060300827,409.590703174472,0,419.288974002004,0,234.439948886633,0.624187648296356,13.7210527807474,0,0,0,34.2400270327926,0,0,0,945.656618766487,13.5980566442013,4783.49192465842,2660.38349746168,201.536112830043,5.7775476872921,0.925399601459503
5.12288048863411,0,1.73836410045624,0,0,0,0,0,20.6860902011395,0,3.42058630287647,0,1.83079025149345,0,18.5808509290218,0,1383.63369528949,11.0991412103176,33.8614238649607,0,14.5755227208138,291.622448667884,0,0,792.138053223491,0,668.338684648275,0,920.506084233522,0,0.253668308258057,0,0,0,0,0,0,0.191097646951675,1457.66098887473,0,0,0.516065657138824,80.6027665585279,0,0,0.183237731456757,13.0983882397413,0,180.643260359764,0,0,0,0,0,8.23552407324314,0,5.22008354961872,0,0.513406217098236,0,9.6547823548317,0,0,12.3427891582251,120.856040745974,12372.2282861322,0,324.208518728614,0,500.345346242189,0,826.40291723609,0,13.8919341266155,0,0,0,0,0,0,0,660.309042364359,3300.30090586841,2470.18416759372,42.798498108983,0,7.56925675272942
0,4.38885591924191,0,0,0,0,0,0,0.18461862206459,76.1238413751125,0,0,0,0,0,143.10370747745,57.4078058600426,991.300904512405,168.083438009024,0,1.51557302474976,328.712983518839,0,0,0.308407187461853,342.457191899419,0,1.90949574112892,0,0,0,0,0,20.1462191939354,0,0,0,465.76053391397,16.6366131752729,0,0,175.929473221302,0.850675448775291,1.37713634967804,0,20.6562974527478,1.37902224063873,41.2934270203114,0,72.5965770334005,0,0,0,0,0,41.8295802772045,0,0,0,0,0,106.764339447021,0,0,492.480119287968,2.26517176628113,263.442996665835,0.284632831811905,349.109122142196,0,53.8434027135372,1.74040031433105,0.858113169670105,0,0,0,16.2129798829556,0,0,0,307.944260239601,6.79945231974125,599.205007851124,5.17891873419285,13.838405109942,2.93274092674255,0
0,0,0,0,0,0,0,0,29.8702326565981,0,2.5694896876812,0,3.7590092420578,0,13.1043389588594,0,339.674843207002,28.2143060415983,85.4984110891819,0,253.663157895207,0.648466303944588,792.138053223491,0.308407187461853,0,1.31666135787964,120.360273033381,0,67.0774685889482,0,7.3597097992897,0,0,0,0,0,0,3.68705423176289,1246.87542018294,0,0,5.27162244915962,199.427207514644,0,0,1.72024758160114,86.3370310589671,0,334.283981069922,1.97769784927368,0,0,0,0,14.1843525022268,0.204971730709076,15.3379905819893,0,0,0,2.90081125497818,0,0,82.00216370821,0,321.051364064217,2.07814788818359,795.462632074952,0.329778075218201,224.819351032376,0,199.631592839956,0,44.7019530981779,0,0,0,0,0,0,0.723310902714729,1079.45273461193,699.121753558517,22.1320154219866,105.543092444539,0,6.33069813251495
0,1.2862513512373,0,0,0,0,0,0,0,265.046931326389,0,0,0,20.4750580787659,0,388.637663245201,9.93499979376793,488.13343796134,124.027320884168,0,0,621.945543140173,0,342.457191899419,1.31666135787964,0,0.250566393136978,44.9982877373695,0,0,0,0,0,0.87371289730072,0,0,0,43.755157224834,0.22957481443882,0,0,22.3980038464069,5.75020010769367,1.78445065021515,0,9.3144760876894,0.899756357073784,2.04499247670174,0,19.4258340150118,0,0,0,0,0,63.1604973822832,0,0.123487569391727,0,23.8071479797363,0,276.539420932531,0,0.493373557925224,570.66104285419,0,61.9440144300461,0,1650.4488273859,0,337.876065090299,0,2.8471167460084,0,0,0,3.20771744847298,0,0,0,14.2392247244716,0.981031477451324,508.597706258297,219.155468434095,6.01382438838482,2.72182911634445,0
6.73698158562183,0,0,0,0,0,0,0,69.2668182551861,0,3.29699340462685,0,69.2209493517876,0,517.130535528064,0,1739.49723255634,0.750529140233994,75.579584851861,0,6.65495646744967,0,668.338684648275,0,120.360273033381,0.250566393136978,0,0,762.768038153648,0,0,0,0,0,0,0,0,0,57.502741470933,0,0,0,73.5335449427366,0,0,1.24005281925201,14.5226710438728,0,45.3317554295063,0.615233324468136,0,0,0,0,100.895872533321,0,0,0,0,0,200.742704838514,0,0,10.4174377322197,1.06892359256744,241.741290315986,0,74.1699712276459,0,1379.13930271566,0,438.597793236375,0,2.96737244725227,0,0,0.105155415832996,0,0,0,0,80.340460896492,245.83928001672,53.0169575065374,15.3089801371098,0,8.58255343139172
0,0,0,0,0,0,0,0,1.02896118164062,1.75888036191463,0,24.6148828864098,0,0,0,8.96210578083992,0,5.85579776763916,2.88831041753292,0,0,186.64365041256,0,1.90949574112892,0,44.9982877373695,0,0,0,192.663682639599,0,0,0,0,0,0,0,12.0356030762196,0,0,0,0,0,0,0,0.214182674884796,0,0,0,0.201977074146271,0,0,0,0,0,0.387003868818283,0,0,0,0,0,8.64233285188675,0,0,13.7373262196779,0,0,0,62.5101640224457,0,2587.45845127106,0,9.13832667469978,0,0,0,0.688979640603065,0,0,0,6.60762314498425,0,311.932193368673,258.160786181688,0.177161529660225,0.218299552798271,0
109.264757528901,0,0,0,0,0,0,0,60.3632319867611,0,103.397633671761,0,109.496054023504,0,320.991972744465,0,644.620625562966,4.50697161257267,143.13608379662,0,60.686043843627,0,920.506084233522,0,67.0774685889482,0,762.768038153648,0,0,0,323.00253367424,0,0,0.81092357635498,0,0,0,0.614801645278931,189.947075143456,0,0,0.990845493972301,109.843714788556,0,0,2.38134939968586,68.9990196153522,0,42.2361438572407,0,0,0,0,0,38.7383302152157,0,64.8637821227312,0,5.38423827290535,0,283.064310804009,0,0,133.099783994257,0,627.8760548383,0.194926664233208,40.2613136619329,0,773.223132789135,0,4369.82439412177,0,70.5100153833628,0,0,0,0,0,0,0,78.513980589807,939.31707906723,1326.44852496684,62.0289098098874,0,37.1589661389589
0,0,0,0,0,0,0,0,0,0,0,108.571939244866,0,0,0,0,0,0,0,0,0,0,0,0,0,0,0,192.663682639599,0,0,0,0,0,0,0,0,0,16.3726533055305,0,0,0,0.235195577144623,0,0,0,0,0,0,0,3.00004783272743,0,0,0,0,0,0,0,15.8242269158363,0,0,0,0,0,0,0,0,0,0,0,0,4.32246971130371,0,856.843282863498,0,0,0,0,0,0,0,74.1166203916073,0,67.9006894230843,0,0,0,0
26.2698057442904,0,0,0,0,0,0,0,6.87486115098,0,99.8679095804691,0,41.0546329468489,0,4.2213180065155,0,12.7592348605394,3.48156741261482,27.130700558424,0,1.04501283168793,0,0.253668308258057,0,7.3597097992897,0,0,0,323.00253367424,0,0,0,0,0,0,0,0,0,506.479884855449,0,0,0.270517408847809,10.9091677069664,0,0,0.309578001499176,4.6325680911541,0,20.1089467406273,0,0,0,0,0,9.10904642939568,0,165.213143467903,0,57.5709945559502,0,0,0,0,1.88265058398247,0,0,0,5.52690777182579,0,0,0,455.110869094729,0,596.067783743143,0,0,0,0,0,0,1.84060990810394,360.78559371084,225.817937940359,217.813067898154,15.0081755965948,0,2.12248855829239
0,0,0,0,0,0,0,0,0,0,0,0,0,0,0,0,0,0,0,0,0,0,0,0,0,0,0,0,0,0,0,0,0,0,0,54.4760818481445,0,0,0,27.8525097966194,0,0,0,0,0,0,0,42.2046998441219,0,129.087758868933,0,0,0,0,0,0,0,0,0,0,0,0,0,0,0,0,0,0,0,0,0,0,0,0,261.234275579453,0,8.17567375302315,0,99.5068385004997,0,0,0,90.7083449363708,0,0,0,0
0,0,0,0,0,0,0,0,0,0,0,0,0,0,0,0,0,0,0,0,0,0,0,0,0,0,0,0,0,0,0,0,0,0,0,0,0,0,0,0,0,0,0,0,0,0,0,0,0,0,0,0,0,0,0,0,0,0,0,0,0,0,0,0,0,0,0,0,0,0,0,0,0,0,0,3,0,0,0,0,0,0,49.2198829650879,0,0,0,0
0,0.363899722695351,0,0,0,0,0,0,0,2.82259957492352,0,1.57072637975216,0,0,0,0.141436025500298,20.8001000136137,48.096857085824,45.0574931055307,0,0,45.8035582602024,0,20.1462191939354,0,0.87371289730072,0,0,0.81092357635498,0,0,0,0,0,482.57980582118,104.723444357514,0,502.46025814116,140.8482985273,0,0,9.98603463172913,15.0459256768227,1.73205196857452,0,5.21976901590824,0.556517839431763,657.568313479424,0,0.629810020327568,0,0,0,0,0,2.55607028305531,0,1.43780961632729,0,0,0,0.910605370998383,0,0,12.2432902678847,0,16.2126753032207,0,2.11940768361092,0,0.421377718448639,0,1.56588824093342,0,24.9991807341576,0,3226.31802546978,256.203693389893,33.504422172904,0,420.293709859252,109.187885031104,957.757002547383,4.05879871547222,4.62661117315292,1.34230946004391,0.212543174624443
0,0,0,0,0,0,0,0,0,0,0,0,0,0,0,0,0,0,0,0,0,0,0,0,0,0,0,0,0,0,0,0,0,482.57980582118,0,0,0,6.35427129268646,32.707503169775,0,0,0,4.87097930908203,0,0,0,0,549.111808806658,16.5528226047754,0,0,0,0,0,0,0,0,0,0,0,0,0,0,0,0,0,0,0,0,0,0,0,0,0,0,0,407.665034160018,1495.7408400476,0,0,17.1351679861546,232.117122635245,125.155914962292,0,0.819820061326027,0,0
0,0,0,0,0,0,0,0,0,0,0,0,0,0,0,0,0,0,0,462.153898388147,0,0,0,0,0,0,0,0,0,0,0,54.4760818481445,0,104.723444357514,0,0,118.269602537155,49.8690674602985,0,2.45537948608398,0,0,0,0,0,43.4366990327835,0,87.9847906827927,0,0,0,0,0,0,0,0,0,0,0,0,0,0,439.279811769724,0,0,0,0,0,0,0,0,0,0,0,6.44814521074295,0,60.3138134926558,0,1323.88413572311,0,61.4854015558958,0,417.530505090952,21.7982217371464,183.531281620264,0,0
0,0,0,0,0,0,0,0,0,0,1.36320707201958,0,0,0,0,0,0,0,0,0,6.08750772476196,0,0,0,0,0,0,0,0,0,0,0,0,0,0,118.269602537155,0,0,242.134499281645,0,4.67186880111694,0,0,0,0,0,0,0,0,0,0,0,0,0,0,0,0,0,0,0,0,0,0,122.545942544937,0,0,0,0,0,0,0,0,0,0,0,0,0,0,18.5909776687622,1622.65792399645,0,38.2320126593113,1038.0887542367,23.4687027037144,68.7277834415436,0,0
0,16.1675955951214,0,0,0,0,0,0,4.66217133402824,63.6145201250911,1.73392029106617,116.35311961174,0,0,1.15821915864944,10.9785618409514,307.451206982136,1337.68856754154,649.520041354001,87.7465496659279,3.95061627030373,2290.59179902822,0.191097646951675,465.76053391397,3.68705423176289,43.755157224834,0,12.0356030762196,0.614801645278931,16.3726533055305,0,0,0,502.46025814116,6.35427129268646,49.8690674602985,0,0,1798.60450287163,0,0,546.428931057453,25.6010902971029,3.47757306694984,0,91.4762459471822,3.60986670851707,186.948874667287,0,239.659932084382,0,0,0,0,2.81212794780731,31.8637469410896,0,7.32392756640911,0,0,0,2.68358546495438,159.592401057482,0,731.277960181236,0,265.086622595787,0.174235790967941,44.8375122770667,0,131.762491419911,0,193.464200623333,0,0,0,1249.84277765453,0.169067814946175,18.8361646234989,0,12970.0687385052,605.884584054351,3070.05992151052,95.3139467835426,770.085253238678,26.4813813492656,0.208533227443695
95.3890038952231,0,0,0,0,0,0,0,140.788199484348,1.02840560674667,357.151304744184,0,4.01694278419018,0,33.0093773007393,0.534766674041748,762.698610410094,95.4701550006866,545.965309783816,0,240.221483901143,17.8382652625442,1457.66098887473,16.6366131752729,1246.87542018294,0.22957481443882,57.502741470933,0,189.947075143456,0,506.479884855449,0,0,140.8482985273,32.707503169775,0,242.134499281645,1798.60450287163,0,0,0,15.4486741125584,1148.3491338715,1.77779074013233,0,5.86744134873152,144.719365686178,91.5382698625326,1522.66161981225,4.71265774965286,0,0,0,0,90.3248752579093,0.353780090808868,162.619877137244,0,0.638140313327312,0,32.8780861869454,0,0,106.405182607472,4.80125915259123,494.160641536117,10.8690016567707,533.784325197339,1.28834160417318,63.8035175874829,0,962.465887285769,0.139839321374893,447.716701738536,0,0,338.612064734101,4.49925346672535,0,174.741377472878,1195.33549046516,18595.0391364992,2319.77910739928,223.767264209688,533.660683237016,0.123354084789753,37.3975306600332
0,0,0,0,0,0,0,0,0,0,0,0,0,0,0,0,0,0,0,0,0,0,0,0,0,0,0,0,0,0,0,27.8525097966194,0,0,0,2.45537948608398,0,0,0,0,0,6.38962721824646,0,0,0,0,0,117.466045022011,0,71.1603679656982,0,0,0,0,0,0,0,0,0,0,0,0,97.4675319194794,0,0,0,0,0,0,0,0,0,0,0,16.5407191812992,0,0,0,402.124170035124,0,0,0,97.9229317605495,0,275.976093769073,0,0
0,0,0,0,0,0,0,0,0,0,0,0,0,0,0,0,0,0,0,0,0,0,0,0,0,0,0,0,0,0,0,0,0,0,0,0,4.67186880111694,0,0,0,0,0,10.9405804872513,0,0,0,555.03629732132,3.84829998016357,56.9019509553909,0,0,0,0,0,0,0,0,0,0,0,0,0,0,14.2646644115448,0,0,0,0,0,0,0,0,0,0,0,0,0,0,0,49.1423876285553,0,0,0,0,255.620239555836,0,0
0.338395372033119,122.886867329478,0,0,0,0,0,0,5.86037248373032,151.276151902974,0,52.999820202589,0.177360713481903,0,0.167526587843895,13.8794829174876,310.315024107695,439.820054754615,1859.38548161834,4.29085677862167,1.29749846458435,96.7963651269674,0.516065657138824,175.929473221302,5.27162244915962,22.3980038464069,0,0,0.990845493972301,0.235195577144623,0.270517408847809,0,0,9.98603463172913,0,0,0,546.428931057453,15.4486741125584,6.38962721824646,0,0,870.283486485481,7.27521170675755,0,774.640354983509,4.2878223657608,200.04146926105,0,442.632635116577,0,0,0,0,2.97228273749352,134.056569710374,0,173.605812504888,0,0,0,11.9078892916441,2.39759066700935,4.16117314994335,131.82971496135,0,85.868173122406,2.65878011286259,100.337800726295,0,12.34382802248,0.194228202104568,276.771173000336,0,0,0,42.5089988484979,0,0,0,723.154494330287,19.1389916166663,1884.70175269246,195.709763944149,1394.03483160585,160.562129080296,0.141542285680771
91.3980679064989,17.1943494975567,0,0,0,0,0,0,65.2132959663868,53.2683301270008,24.6265347748995,0,57.3928246349096,0,191.705443635583,6.31678092479706,394.944998010993,48.715408436954,953.383574664593,0,273.082658477128,2.40930007398129,80.6027665585279,0.850675448775291,199.427207514644,5.75020010769367,73.5335449427366,0,109.843714788556,0,10.9091677069664,0,0,15.0459256768227,4.87097930908203,0,0,25.6010902971029,1148.3491338715,0,10.9405804872513,870.283486485481,0,0,4,1.19736715406179,1775.02365623415,1828.87728524208,1360.821153,17.8686783611774,0,0,0,0,79.2546030730009,47.6345136612654,1.47889930009842,0,0.376339182257652,0,113.143275216222,2.45741654932499,0,275.038165874779,3.8037967979908,15.9916831701994,0.329434633255005,118.166898563504,9.31244395673275,42.0800518393517,0,93.8258659914136,0.648166418075562,65.3726600557566,0,0,46.8940680325031,0,0,0,74.2054575234652,630.181844264269,3819.21928648651,30.5758645385504,2064.55524795502,28.3143357038498,523.020001865923
0,0,0,0,0,0,0,0,0,0.34786219894886,0,0,0,0,0,0.405310124158859,16.9718998223543,7.30112329125404,115.684068009257,0,0,0,0,1.37713634967804,0,1.78445065021515,0,0,0,0,0,0,0,1.73205196857452,0,0,0,3.47757306694984,1.77779074013233,0,0,7.27521170675755,0,0,0,40.2100314497948,0.151093050837517,5.82063069939613,0,1.04161329567432,0,0,0,0,0,1.69226409494877,0,0,0,0,0,0,0,0,0.878266930580139,0,0.174231261014938,0,1.32188594341278,0,0,0,0,0,0,0,0.888665780425072,0,0,0,5.67889079451561,0,337.839372217655,2.49469135701656,91.1863713562489,1.99128112196922,0
7.72735646367073,0,7.5922699868679,0,0,0,0,0,0,0,0,0,0,0,0,0,0,0,0,0,0,0,0,0,0,0,0,0,0,0,0,0,0,0,0,0,0,0,0,0,0,0,4,0,0,0,12.5716814100742,0,0,0,0,0,0,0,0,0,0,0,0,0,0,0,0,0,0,0,0,0,0,0,0,0,0,0,0,0,0,0,0,0,0,0,186.787797927856,0,209.244665652514,0,0
0,434.724631100893,0,50.8464134782553,0,0,0,0,3.49851132184267,254.788459569216,0.228792145848274,0,0,0,0.132071793079376,28.5083006992936,144.248907260597,101.178659923375,886.742742732167,160.045556813478,0.20875857770443,12.9647385179996,0.183237731456757,20.6562974527478,1.72024758160114,9.3144760876894,1.24005281925201,0.214182674884796,2.38134939968586,0,0.309578001499176,0,0,5.21976901590824,0,43.4366990327835,0,91.4762459471822,5.86744134873152,0,0,774.640354983509,1.19736715406179,40.2100314497948,0,0,2.19193936139345,37.1826993301511,0,67.544823743403,0,0,0,0,3.96236768364906,111.000583402812,0,2.29552090167999,0,0,0.343297272920609,4.66396072506905,1253.82355639338,1.95323081314564,32.2292006090283,0,8.7243323251605,2.21612117439508,40.802691757679,0,7.9368989020586,0.680937230587006,0.862909644842148,0,0,0,6.28575097024441,0,141.93900758028,0,92.8169052824378,7.02993459999561,856.007794648409,74.4120909199119,766.88926255703,12.9862982109189,0.248114168643951
28.8007739335299,0,0,0,0,0,0,0,101.851827070117,2.12630033493042,4.17274747788906,0,11.0565827190876,0,45.4764339476824,0,297.801925979555,43.611296467483,327.780214130878,0,29.1157342642546,0.194582849740982,13.0983882397413,1.37902224063873,86.3370310589671,0.899756357073784,14.5226710438728,0,68.9990196153522,0,4.6325680911541,0,0,0.556517839431763,0,0,0,3.60986670851707,144.719365686178,0,555.03629732132,4.2878223657608,1775.02365623415,0.151093050837517,12.5716814100742,2.19193936139345,0,1.51388072967529,10.9011672139168,1.24391892552376,0,0,0,0,77.9861555993557,0,28.7261217534542,0,24.3016567379236,0,96.5004974454641,0.274933949112892,0,238.507713101804,1.70290936529636,2.19689022004604,0,38.8748533129692,0.787951052188873,9.90015857666731,0,51.8508645221591,0,2.83764958381653,0,0,2.48794910311699,0,0,189.204210698605,3.339066401124,113.117014117539,491.056476704776,21.2983650118113,1638.04166857153,0,152.423252522945
0,2.02071192860603,0,0,0,0,0,0,0,42.5796104371548,0,0,0,0,0,1.92716542631388,30.3325714021921,77.7333683371544,181.23559563607,0,0.157646358013153,24.449956163764,0,41.2934270203114,0,2.04499247670174,0,0,0,0,0,42.2046998441219,0,657.568313479424,549.111808806658,87.9847906827927,0,186.948874667287,91.5382698625326,117.466045022011,3.84829998016357,200.04146926105,1828.87728524208,5.82063069939613,0,37.1826993301511,1.51388072967529,0,107.47580781579,717.97294652462,0,0,0,0,0.178193598985672,22.8196927160025,0,0,0,0,0.262210875749588,5.42470274865627,0,0.207221567630768,10.7879557013512,0,16.6415244340897,1.13731002807617,8.92373052239418,0,0.110982984304428,0,0,0,131.490857869387,0,191.322397977114,319.405335605145,56.3389557600021,0,258.892996504903,31.7408629357815,1521.73810719699,28.226410523057,321.006506964564,3.52745063602924,9.65091294050217
121.545038059354,0,148.807113945484,0,0,0,0,0,22.5397417843342,0,36.8381327092648,0,15.9961970001459,0,21.2465748488903,0.369816392660141,201.146661818027,9.11213307082653,53.6347650587559,0,218.375626206398,0,180.643260359764,0,334.283981069922,0,45.3317554295063,0,42.2361438572407,0,20.1089467406273,0,0,0,16.5528226047754,0,0,0,1522.66161981225,0,56.9019509553909,0,1360.821153,0,0,0,10.9011672139168,107.47580781579,0,61.5219250023365,0,0,0,0,26.3604005128145,0,98.3531718105078,0,41.9190326631069,0,160.269024387002,0,0,108.066463291645,0,96.4096811413765,0,176.887814328074,0,37.4117609262466,0,330.698695510626,0,132.821454778314,0,0,0,20.8457843959332,0,42.5603134632111,0,2384.26305169612,246.13126938045,6.65283270180225,1555.84736336023,0,13.6219644844532
0.413200795650482,375.02373740077,0,177.37724545598,0,0,0,0,0.642280556261539,65.2710656374693,0.15102943778038,48.0477638095617,0,0,0.139639168977737,11.7395973801613,99.5723951011896,170.064792692661,351.195081353188,1.8549163043499,0.138014435768127,250.261486247182,0,72.5965770334005,1.97769784927368,19.4258340150118,0.615233324468136,0.201977074146271,0,3.00004783272743,0,129.087758868933,0,0.629810020327568,0,0,0,239.659932084382,4.71265774965286,71.1603679656982,0,442.632635116577,17.8686783611774,1.04161329567432,0,67.544823743403,1.24391892552376,717.97294652462,61.5219250023365,0,0,18.5951213240623,0,0,0.236684054136276,45.4406829178333,0,262.517818078399,0,11.8127069473267,0,23.7709443867207,49.3458316624165,1.78306236863136,296.477290466428,0,59.708903029561,0.469293475151062,61.6133279949427,0,262.33986056596,0.788786053657532,443.536303237081,0,23.6367115974426,0,10.2344096377492,0,80.6349813938141,0,753.861422084272,1.70215551555157,598.835387386382,23.1899378150702,683.675825819373,28.9401192963123,0.160424754023552
0,0,0,0,27.7615949809551,0,0,0,0,0,0,0,3.81236624717712,0,5.38818740844727,0,0,0,0,0,6.28224509954453,0,0,0,0,0,0,0,0,0,0,0,0,0,0,0,0,0,0,0,0,0,0,0,0,0,0,0,0,0,0,0,2,0,0,0,0,0,0,0,0,0,0,4.82467663288116,0,0,0,0,0,0,0,0,0,0,0,0,0,0,0,0,0,0,1,0,30.1552081108093,0,0
0,0,0,6.13126730918884,0,67.984615445137,0,0,0,0,0,0,0,11.3760852813721,0,0,0,0,0,0,0,0,0,0,0,0,0,0,0,0,0,0,0,0,0,0,0,0,0,0,0,0,0,0,0,0,0,0,0,18.5951213240623,0,0,0,23.7363061904907,0,0,0,0,0,402.709930688143,0,144.64557120204,0,0,0,0,0,0,0,0,0,0,0,0,0,0,0,0,0,0,0,0,33.0244216918945,0,0,0,0
0,0,0,0,47.4157746434212,0,102.086585402489,0,0,0,13.3066975474358,0,58.2186896204948,0,0,0,0,0,0,0,5.61995154619217,0,0,0,0,0,0,0,0,0,0,0,0,0,0,0,0,0,0,0,0,0,0,0,0,0,0,0,0,0,2,0,0,0,0,0,2.51306545734406,0,4.87678587436676,0,0,0,0,20.5670930147171,0,0,0,0,0,0,0,0,0,0,0,0,0,0,0,0,0,0,26.5855133235455,0,0,0,0
0,0,0,0,0,0,0,0,0,0,0,0,0,0,0,0,0,0,0,0,0,0,0,0,0,0,0,0,0,0,0,0,0,0,0,0,0,0,0,0,0,0,0,0,0,0,0,0,0,0,0,23.7363061904907,0,0,0,0,0,0,0,0,0,0,0,0,0,0,0,0,0,0,0,0,0,0,0,0,0,0,0,0,0,0,0,0,0,0,0
38.0875585377216,0,0,0,41.1189015507698,0,0,0,41.6391244679689,0,7.60251933336258,0,1.21385204792023,0,18.3033479750156,0,102.921605736017,12.314861625433,81.6257342919707,0,75.8615021035075,0,8.23552407324314,0,14.1843525022268,0,100.895872533321,0,38.7383302152157,0,9.10904642939568,0,0,0,0,0,0,2.81212794780731,90.3248752579093,0,0,2.97228273749352,79.2546030730009,0,0,3.96236768364906,77.9861555993557,0.178193598985672,26.3604005128145,0.236684054136276,0,0,0,0,0,0.56084007024765,1.62198027968407,0,0,0,4.00908586382866,0,0,43.1500042974949,0,1.27145053446293,0,5.63201972842216,0,88.2420308887959,0,48.7013867050409,0,14.2837133556604,0,0,0.893185555934906,0,0,0,3.58821311593056,144.491821400821,181.425943128765,4.83410932123661,40.8547419905663,0.378216415643692,14.9298344105482
0,251.414810419083,0,13.433919146657,0,0,0,0,0,260.682133123279,0,0,0,0,0,59.7570074051619,3.94724979996681,10.402317866683,235.334098793566,0,0,37.5602903068066,0,41.8295802772045,0.204971730709076,63.1604973822832,0,0.387003868818283,0,0,0,0,0,2.55607028305531,0,0,0,31.8637469410896,0.353780090808868,0,0,134.056569710374,47.6345136612654,1.69226409494877,0,111.000583402812,0,22.8196927160025,0,45.4406829178333,0,0,0,0,0.56084007024765,0,0,0,0,0,0,111.100315123796,0,0,123.907775789499,0,24.6396455764771,0,198.119931414723,0,21.472890496254,0,2.53330543637276,0,0,0,4.05306708067656,0,0,0,22.1565593481064,0,302.876559451222,10.0038922727108,35.564914509654,6.54335837066174,1.84452901780605
25.1843013763428,0,0,0,44.5882461667061,0,134.955472320318,0,0.708225846290588,0,1688.33756266534,0,25.6702120751143,0,0.253821849822998,0,8.92108142375946,0,7.97716325521469,0,515.256482243538,0,5.22008354961872,0,15.3379905819893,0,0,0,64.8637821227312,0,165.213143467903,0,0,0,0,0,0,0,162.619877137244,0,0,0,1.47889930009842,0,0,0,28.7261217534542,0,98.3531718105078,0,0,0,2.51306545734406,0,1.62198027968407,0,0,0,279.93619582057,0,61.8007168769836,0,0,249.276446506381,0,0,0,8.40088748931885,0,7.66598575562239,0,67.3883911371231,0,398.928033173084,0,0,0,0,0,0,0,112.27555218339,145.568444013596,0,352.52960935235,0,0.553050220012665
0,150.636545181274,0,0,0,0,0,0,0,2.01412042975426,0,434.911423683167,0,0,0,0.207507744431496,0,1.81985759735107,2.07735675573349,50.1236602663994,0,1.41578844189644,0,0,0,0.123487569391727,0,0,0,15.8242269158363,0,0,0,1.43780961632729,0,0,0,7.32392756640911,0,0,0,173.605812504888,0,0,0,2.29552090167999,0,0,0,262.517818078399,0,0,0,0,0,0,0,0,0,80.9072781801224,0,0,9.57010725140572,0,3.27932947874069,0,0,0,0.304741874337196,0,51.1601762771606,0,146.643109381199,0,0,0,1.33244369924068,0,0,0,19.7781252413988,0,28.4082295298576,2.48295259475708,443.448112130165,4.58058202266693,0
5.80901193618774,0,0,0,0,0,18.0519465208054,0,8.07503414154053,0,47.3149877786636,0,406.781366810203,0,100.23539365828,0,0,0,1.14733293652534,0,52.6397321373224,0,0.513406217098236,0,0,0,0,0,5.38423827290535,0,57.5709945559502,0,0,0,0,0,0,0,0.638140313327312,0,0,0,0.376339182257652,0,0,0,24.3016567379236,0,41.9190326631069,0,0,0,4.87678587436676,0,0,0,279.93619582057,0,0,0,223.217019096017,0,0,131.048699244857,0,0,0,0,0,2.11778157949448,0,91.4935568273067,0,54.4211078286171,0,0,0,0,0,0,0,0.986099258065224,18.2758293747902,0.323348075151443,14.5682543665171,0,0
0,16.2138469219208,0,0,0,178.891313880682,0,0,0,0,0,102.500361204147,0,808.754698753357,0,15.1366791725159,0,0,0,0,0,0,0,0,0,23.8071479797363,0,0,0,0,0,0,0,0,0,0,0,0,0,0,0,0,0,0,0,0,0,0,0,11.8127069473267,0,402.709930688143,0,0,0,0,0,80.9072781801224,0,0,0,0,0,0,0,0,0,0,7.79821014404297,0,53.7838729023933,0,0,0,0,0,0,0,0,0,0,0,177.765884101391,9.6544823050499,0,0,0
201.727524191141,0,10.7826970815659,0,0,0,0,0,63.8366349935532,0,9.74466128647327,0,373.423323526978,0,765.566890507936,0,27.9263685643673,0.984937131404877,178.213106825948,0,55.3883175328374,0,9.6547823548317,0,2.90081125497818,0,200.742704838514,0,283.064310804009,0,0,0,0,0,0,0,0,0,32.8780861869454,0,0,0,113.143275216222,0,0,0.343297272920609,96.5004974454641,0.262210875749588,160.269024387002,0,0,0,0,0,4.00908586382866,0,61.8007168769836,0,223.217019096017,0,0,0,0,283.93717584759,0,2.59168902039528,0,2.69703729450703,0,98.0573034137487,0,258.345080122352,0,18.8123952150345,0,0,0,0,0,0,0,69.9656926617026,429.111758217216,149.132343694568,108.181222721934,0,24.8826684951782
0,411.935935467482,0,29.6898596584797,0,1.08737063407898,0,0,0,87.1448993384838,0,0,0,1.55120360851288,0,99.0430384576321,1.99901641905308,34.446765601635,30.0295934826136,0,0,23.540238648653,0,106.764339447021,0,276.539420932531,0,8.64233285188675,0,0,0,0,0,0.910605370998383,0,0,0,2.68358546495438,0,0,0,11.9078892916441,2.45741654932499,0,0,4.66396072506905,0.274933949112892,5.42470274865627,0,23.7709443867207,0,144.64557120204,0,0,0,111.100315123796,0,0,0,0,0,0,0,0,41.951446890831,0,3.44317045807838,0,239.198652178049,0,0.49790221452713,0,0,0,0,0,0.904426723718643,0,0,0,4.84227272868156,0.296302407979965,40.0918425619602,1.45258620381355,1.39845848083496,0.72064296901226,0
0,0,0,0,0,0,0,0,0,0,0,140.230976477265,0,0,0,0,0,0,0,1544.94234292209,0,0,0,0,0,0,0,0,0,0,0,0,0,0,0,439.279811769724,0,159.592401057482,0,97.4675319194794,0,2.39759066700935,0,0,0,1253.82355639338,0,0,0,49.3458316624165,0,0,0,0,0,0,0,9.57010725140572,0,0,0,0,0,0,0,0,0,0,0,0,0,0,0.654719293117523,0,0,0,7.37175849080086,0,97.4242840707302,0,27.5001654922962,0,96.7236223816872,0,425.678680062294,0,0
79.013195887208,0,0,0,12.7444924116135,0,16.6896963119507,0,77.5977515354753,0.100082635879517,31.4757831245661,0,20.0147515982389,0,57.9287543967366,0,239.192756004632,35.067462310195,231.018170110881,0,1158.8400849998,0,12.3427891582251,0,82.00216370821,0.493373557925224,10.4174377322197,0,133.099783994257,0,1.88265058398247,0,0,0,0,0,122.545942544937,0,106.405182607472,0,14.2646644115448,4.16117314994335,275.038165874779,0,0,1.95323081314564,238.507713101804,0.207221567630768,108.066463291645,1.78306236863136,4.82467663288116,0,20.5670930147171,0,43.1500042974949,0,249.276446506381,0,131.048699244857,0,283.93717584759,0,0,0,2.0285908728838,3.70432487130165,0.211632594466209,48.3078077733517,0.191354796290398,24.9284963011742,0,115.936566188931,0,0.546854615211487,0,0,0.576247736811638,0,0,75.090496301651,2.80028742551804,110.970478095114,637.925716079772,38.1409454196692,472.528970062733,0.11170007288456,24.2861040756106
