0,0,0.0314011655158697,0,0.0002312779447541,0,0,0,0.0561037796351111,0,0,0,0,0,0.00372650056555083,0,0,0,0.00119124044747679,0,0,0,0,0,0,0,0,0,0,0,0,0,0,0,0,0,6.5931784488996e-06,0,0,0,0,0,8.65340292486646e-05,0,0,0,2.45525043191627e-05,0,0.00734292140768698,0,0,0,0,0,0.0795241646177202,0,0,0,0,0,0.0308833510956051,0,0,0,0,0,0,0.00497415997570575,0,0,0,0,0,0,0,0,0,0,0,1.57606628204914e-05,0,2.43149265222926e-05,0.00205680975092006,0,0.00165290584006237,0,0.000834917434900257
0,0,0,0.0275855604822807,0,0,0,0,0,0.0723455913432742,0,0,0,0,0,0.000182164101119018,3.07114697672251e-06,3.11887018084534e-05,0.00122119587945767,0.000413939773993986,0,0,0,0.000421811675914274,0,0,0,0,0,0,0,0,0,0,0,0.00021970851463652,0,0,0,0.000482191346265793,2.80221187013525e-05,0.00378276069231176,0,0.000575689181359742,0,0.000554406920627302,0,0,0,0.00801885953265398,0,0,0,0,0,0.109399112140473,0,0.00439114518469376,0,0.00142755687403898,0,0.0170700606187576,0.00368307149198859,0,0,0,0.014009573030999,0,0,0,0.000103984921859831,0,0.0025177839858359,0,0,0,0,0,0.00162591674821906,0,0.000446002767655795,0,0.00177780952962572,0,0.0115082100637949,0.000191860655404802,0
0.0314011655158697,0,0,0,0.00817092517227693,0,0,0,0.0197253488302835,0,0,0,0,0,0,0,0,0,0.00018916024391956,0,0.000340794035220251,0,0,0,0,0,0,0,0,0,0,0,0,0,0,0,4.35731212258006e-05,0,0,0,0.000154629846483425,0,0.00168678607806733,0,0.00100994327087755,1.85653406257634e-05,0.000238510037012757,2.21628790042314e-05,0.0054952958964977,0,0.0099869648795275,0,0,0,0.0932039642510448,0,0.0010051041140385,0,0.00187687875802957,0,0.00223394341364206,0,0,5.39104656509845e-05,0,0,0,0,0,0,0,0,0,0,0,0,0,0,0,6.68760426971292e-05,0,1.50154270679012e-05,0.000493972233551753,0,0.0101246653081169,0,0.0116352310758251
0,0.0275855604822807,0,0,0,0.0121776411352006,0,0,0,0.000433647710221012,0,0.000573618307373003,0,0,0,0.00815625837232848,0,0,0.000110214009413528,9.88971197999392e-05,0,0,0,0,0,0,0,0,0,0,0,0,0,0,0,5.34100746753412e-05,0,0,0,0.000382212681691912,0,0.00147760162825075,0,0,0,0.000384442591594056,0,0,0,0.00453622808165892,0,0.00293376944745506,0,0,0,0.00918244275216826,0,0.00706035789586557,0,0.00184140067321044,0,0.00654198770967,0.000321941461791151,0,0,0,0,0,0,0,0.000699384069110506,0,0.00155269555364306,0,0,0,0,0,0.000149153182274082,2.46994774820783e-06,6.84831567008378e-05,0,0.000318085606452166,3.70994448003174e-06,0.0109331072157631,0,0
0.0002312779447541,0,0.00817092517227693,0,0,0,0.0282104120204604,0,0.00193549072019029,0,0,0,0.00114931452544978,0,0.00637164930421491,0,0,0,0,0,0.0050700001365629,0,0,0,0,0,0,0,0,0,0,0,0,0,0,0,0.000650673538104903,0,0,0,0,0,2.26988766233941e-05,0,0,0,0,0,0,0,0.102844724605492,0,0.00718037668103564,0,0.000890773578385108,0,0.000351124570582607,0,0.00874721059675964,0,0.0123473507003773,0,0,5.63263979957913e-05,0,0,0,0,0,0,0,0,0,0,0,0,0,0,0,5.11247439316071e-05,0,0,0.00476881516372207,0.000635435907518588,0.00175832743317318,0,0.000186275705091121
0,0,0,0.0121776411352006,0,0,0,0.0053756860089814,0,8.48837565924857e-05,0,7.47562904722203e-05,0,0.000245027678820277,0,0.00416062439737619,0,0,0,0.00415027541428345,0,0,0,0,0,0,0,0,0,0,0,0,0,0,0,1.58115784089968e-05,0,0,0,0,0,0.000432833580173609,0,0,0,4.77326357398299e-05,0,0,0,8.77553712075002e-05,0,0.0574867331727237,0,0.00303610721163953,0,0.0018314076657645,0,0.00300745768261192,0,0.00176542432901919,0,0.00338472653572661,0.000308353237135289,0,0,0,0,0,0,0,4.67827056147372e-05,0,0,0,0,0,0,0,0,0,0,0,0.0013453876898662,0.000451476178884946,0.00179549380188523,0,0
0,0,0,0,0.0282104120204604,0,0,0,0,0,0.00237653431659385,0,0.00960855524052221,0,0,0,0,0,0,0,0,0,0,0,0,0,0,0,0,0,0,0,0,0,0,0,0,0,0,0,0,0,0,0,0,0,0,0,0,0,0.0414040717057038,0,0.0941393289720179,0,0,0,0.00577009036233114,0,3.89882761990849e-05,0,0,0,0,0,0,0,0,0,0,0,0,0,0,0,0,0,0,0,0,0,0,0,0.00202428568875499,6.53511600935827e-06,0,0,0
0,0,0,0,0,0.0053756860089814,0,0,0,0,0,0.00102440517579142,0,0,0,0,0,0,0,0.000950583020171394,0,0,0,0,0,0,0,0,0,0,0,0,0,0,0,0.000221764219312871,0,0,0,0,0,0,0,0,0,0,0,0,0,0,0,0.00730861485214911,0,0.0548662542315747,0,0,0,0.00858535404158626,0,0.00112294030237785,0,0,0,0,0,0,0,0,0,0,0,0,0,0,0,0,0,0,0.000250255695826352,0,0,0,0.00139870304640848,3.02652138718309e-05,0,0,0
0.0561037796351111,0,0.0197253488302835,0,0.00193549072019029,0,0,0,0,0,0,0,0,0,0.0185170009891528,0,9.26304405683574e-05,3.67534186640471e-05,0.000323116142822213,0,0.000117872454985695,0,0,0,0.00712486050641831,0,0.00535216526687799,0,0,0,0,0,0,0,0,0,2.33903667897136e-05,0,0.000242958183901912,0,0,0,0.00199685315859984,0,0.000261644653971715,0,0,0,0.000384350879237108,0,0.000524402444907566,0,0,0,0.105069006399769,0,6.02073519215263e-05,0,8.87862666501555e-05,0,0.0368200562474571,0,0,0,0,0,0,0.0158370803311345,0,0.00195217698584307,0,0,0,0,0,0,0,0,0,1.08518267284124e-05,0,7.33499012825711e-06,0.00456382697295416,0.000142011292755143,0.00102127228730596,0,0
0,0.0723455913432742,0,0.000433647710221012,0,8.48837565924857e-05,0,0,0,0,0,0,0,0,0,0.0830478286946027,0,0.00170477397212544,0,0.000109178251266313,0,0,0,0.0109127299608357,0,0,0,0,0,0,0,0,0,0,0,1.40427974509814e-05,0,0.000431266373361146,0,0.000201570501748293,0,0.00459702236428,0,0,0,0,0,0,0,0.00199461722323362,0,0,0,0,0,0.0917879639990628,0,0.00201939733034069,0,1.81948187159744e-05,0,0.0110038159628912,0.00137085011081477,0,0,0,0.0475047081433163,0,0.00301598780307846,0,4.78290931175615e-05,0,0.0013709297533057,0,0,0,0,0,9.84834774536462e-05,0,0.000884903365685655,0,0.00310022552545245,0.00297210979996654,0.00383885473097109,0.000942964775367733,0
0,0,0,0,0,0,0.00237653431659385,0,0,0,0,0,0.00478151743466803,0,0,0,0,0,7.62918446958619e-06,0,0.0152132794265064,0,0,0,0,0,0,0,0,0,0.00374399002105012,0,0,0,0,0,0.000645891265072605,0,0.00789727125398836,0,0,0,0,0,0,0,2.25193657276098e-05,0,0,0,0,0,0.0029561551720732,0,0,0,0.0680647713096377,0,0.00379052952582467,0,0,0,0,0.0067964779878824,0,0,0,0,0,0,0,0,0,0.00307323607045212,0,0,0,0,0,7.73184582980012e-07,0,0.00106871602996277,0.00127069431544856,0,0.000469787529330751,0,0
0,0,0,0.000573618307373003,0,7.47562904722203e-05,0,0.00102440517579142,0,0,0,0,0,0.00576023399947486,0,0,0,0,0,0.0130528810182881,0,0,0,0,0,0,0,0.000243507818637519,0,0.00198756327462163,0,0,0,0,0,0.000827692041199786,0,0.00311243885713209,0,0,0,0,0,0,0,0,0,0,0,0,0,0,0,0,0,0,0,0.0893964184185526,0,0.0136722868365023,0,0,0.000168043389044133,0,0,0,0,0,0,0,0,0,0.0040260879987112,0,0,0,0,0,0.000328407918854085,0,0.00107632840560549,0,0.000159913756070948,0,0.000298519100730544,0,0
0,0,0,0,0.00114931452544978,0,0.00960855524052221,0,0,0,0.00478151743466803,0,0,0,0.00295310334425698,0,0,0,0,0,0,0,0,0,0,0,0,0,0.000239275228486854,0,0,0,0,0,0,0,0,0,0,0,0,0,0,0,0,0,0,0,0,0,0,0,0.00660242088327807,0,0,0,0.000613841979553722,0,0.0565523304779791,0,0.00229494527064361,0,0,0,0,0,0,0,0,0,0,0.000887130825031779,0,0,0,0,0,0,0,0,0,0,0.00169500939099129,0.00108821350686453,0,0,0
0,0,0,0,0,0.000245027678820277,0,0,0,0,0,0.00576023399947486,0,0,0,0.00576537531325437,0,2.22626232999612e-05,0,0,0,0,0,0,0,0,0,0.00152238017466749,0,0,0,0,0,0,0,0,0,0,0,0,0,0,0,0,0,0,0,0,0,0,0,0,0,0,0,0,0,0.000429554889592123,0,0.0636442386207569,0,0.00184054718590537,0,0,0,0,0,0,0.000967835432459784,0,0.000987711614776534,0,0,0,0,0,0,0,0,0,0,0,0.0024060902492805,0.00727839025321424,0,0,0
0.00372650056555083,0,0,0,0.00637164930421491,0,0,0,0.0185170009891528,0,0,0,0.00295310334425698,0,0,0,0,0,0,0,0,0,0,0,0,0,0.0053105379722934,0,0,0,0,0,0,0,0,0,0,0,0,0,0,0,0,0,0,0,0,0,0,0,8.16317078924161e-05,0,0,0,0.00330344864469317,0,0,0,0.00240765779718472,0,0.094693187946737,0,0,0,0,0,0,0.00128808344242837,0,0.00472382187496338,0,0,0,0,0,0,0,0,0,0,0,2.16197590263105e-06,1.87542075858982e-05,0,8.38530957582267e-05,0,0
0,0.000182164101119018,0,0.00815625837232848,0,0.00416062439737619,0,0,0,0.0830478286946027,0,0,0,0.00576537531325437,0,0,0.000178483561939092,0.00458238488472687,2.82286040738768e-05,0.00020438703228122,0,0,0,0.0168490301624844,0,0.00109546592758955,0,0,0,0,0,0,0,0,0,9.42714042337091e-07,0,3.04883330103926e-05,0,0.00016336417924271,0,0.000193678079587021,0,0,0,0.00025698208010367,0,0,0,0.000281058209570149,0,0.000786860053662748,0,0,0,0.00212267564201768,0,0.00171414372646649,0,0.00309163200946489,0,0.0304118226792251,0,0,0,0,0.0147072229381591,0,0.00393895989267402,0,4.82387050290906e-05,0,0,0,0,0,0,0,0,0,0.000351598364123103,0,0.00223173775418203,0.00215515889288753,0.000288807237731254,0,0
0,3.07114697672251e-06,0,0,0,0,0,0,9.26304405683574e-05,0,0,0,0,0,0,0.000178483561939092,0,0.101096531728245,0.0403743773791286,0,0,0.000282875508675335,0.00657843196665864,0.000156050294778962,0.000225098731581945,0.000168616543778391,0.00953576798156346,0,0.000278795849039362,0,0,0,0,0,0,1.18563308677481e-05,1.40272813261693e-05,0,0,1.18689693274993e-05,0.0004177034462331,0.000131088889167144,0.000282225504199337,7.52617328674675e-05,0.000249712367970566,0.000168546612902827,0.000131313865208961,0,4.61274696203896e-05,0,0,0,0,0,0,0,0,6.15754608707797e-06,0,0,0,0,0.000374714817282606,2.6558168167755e-05,2.15102657230885e-06,0.000530691506997381,0,0.000441924918958419,0.000226729231523531,0.00303223506256351,0,0,1.64013095372016e-06,0,0,0,0,0,0.000124825363430198,0.000167754999018578,9.04860505451089e-06,3.8982153368793e-06,0.0163778695494381,0.00271240002057695,0.000568323308538522,7.38113512322974e-05,8.1905834710313e-05
0,3.11887018084534e-05,0,0,0,0,0,0,3.67534186640471e-05,0.00170477397212544,0,0,0,2.22626232999612e-05,0,0.00458238488472687,0.101096531728245,0,0.0354006119541864,0,0,0.00220672848373767,0.000144326980974023,0.00105640696996055,4.5812878553108e-06,0.0152110683601862,0.000278772410847177,0,0,0,0,0,0,0,0,7.91083280684678e-06,4.1345766253289e-06,0,0,0,0.000131871873334732,7.1361245017317e-05,8.5154016784532e-05,5.89207724513605e-05,7.61806354115209e-05,2.95479059793619e-05,0.000123308778132138,0,2.09247780618843e-06,3.06936645917924e-06,0,0,0,0,0,5.04961984905125e-05,0,4.48803236629966e-06,0,0,0,0.000466005420650294,0.000215064111306935,0,0.000149148929691488,1.92367748511703e-05,0.000162575142285276,5.55275750538495e-05,0.0109048990842536,4.38810382449189e-05,0,0,0,0,0,0,0,0,5.64912642520371e-05,5.11172713849498e-05,2.76211998023876e-06,0,0.0149490886205979,0.00359825359600529,0.000202822600287606,5.08632245560696e-05,1.09280461263848e-05
0.00119124044747679,0.00122119587945767,0.00018916024391956,0.000110214009413528,0,0,0,0,0.000323116142822213,0,7.62918446958619e-06,0,0,0,0,2.82286040738768e-05,0.0403743773791286,0.0354006119541864,0,0.00026516534574921,0,7.32747858775559e-06,4.45498841036961e-05,7.05988681282561e-05,0,7.32959549818357e-05,9.67375267340107e-05,0,0,0,6.29435872795121e-05,0,0,0,0,0.000611080774825664,0.000762053214725693,0,0.000112576151533244,0.000866083949749385,0.0154639922327069,0.0212971790914025,0.0242358489508517,0.0121571247157091,0.0126079971638837,0.00620275544125127,0.00769073639438687,3.87103058017836e-05,0.00218093958059226,0.000181365503926087,0,0,0,0,3.74336769366854e-05,5.25408942976188e-05,1.42705771238414e-05,0.000292266706054573,0,2.27837256068202e-05,4.15598634696785e-06,5.02855352364285e-06,0.0193026027385137,0.00112922907729184,0,7.49938607225295e-06,0,0,0.00021233823178062,9.68254079252709e-05,2.97106973060355e-05,0,0.000254574960731038,0.000183026643622461,0,3.48752449662613e-05,0,0,0.00693628076178528,0.00760153301702216,0.00071450745640248,0.000622572794726071,0.00825442975861972,4.83412311343927e-05,0.0358613114495067,0.014265522757085,0.00616901093519487
0,0.000413939773993986,0,9.88971197999392e-05,0,0.00415027541428345,0,0.000950583020171394,0,0.000109178251266313,0,0.0130528810182881,0,0,0,0.00020438703228122,0,0,0.00026516534574921,0,0,0,0,0,0,0,0,0,0,0,0,0,0,0,0,0.0107823353304155,0,0.00114202542520949,0,6.26393999161815e-05,0,0.000291440150855771,0,0.000212929644693105,0,0.000686254493239974,0,0,0,1.0815872139194e-05,0,9.76929812944883e-05,0,0,0,0,0,0.015690362012826,0,0.000129032126492866,0,0,0.0988179476547073,0,0,0,0,0,0,0,8.25820294215156e-05,0,0.00128736839921374,0,0,0,0,0,0.00220900594053304,9.7823976825188e-07,0.000194270352008963,0,0.00190955768643452,0,0.00460436703819889,0.000588931425906969,0
0,0,0.000340794035220251,0,0.0050700001365629,0,0,0,0.000117872454985695,0,0.0152132794265064,0,0,0,0,0,0,0,0,0,0,0,0,0,0,0,0,0,0,0,0.00013410148394385,0,0,0,0,0,0.00397326188597709,0,0.000781822189828697,0,2.41412352427021e-05,0,0,0,0,0,0.00101115992268778,0,0,0,0.0134398219041207,0,0,0,2.48458471794315e-05,0,0.00256875785081028,0,8.76019084967228e-05,0,9.63489064497005e-05,0,0,0.081388456176757,0,0,0,0,0,0,0,0,0,0.000173031958226069,0,0,0,0,0,0.00159593640604713,0,1.5504059201926e-05,0.000789333674042053,0,0.00374922451477414,0,0
0,0,0,0,0,0,0,0,0,0,0,0,0,0,0,0,0.000282875508675335,0.00220672848373767,7.32747858775559e-06,0,0,0,0.00112068814427768,0.00266142282716182,0,0.00225035693447136,0,0.00263180836073755,0,0,0,0,0,0,0,0,0,0.00236531429766444,0,0,0,0,3.78619530993552e-06,0,0,0,0,0,0,0.000469855827948998,0,0,0,0,0,0,0,0,0,0,0,0,0,0,0.0861981550297007,0.000158954639381629,0.00100900479884975,0,0.00120904714803075,0,0.00170629370373021,0,0,0,0,0,0,0,0,0,0.00241954192871407,0,0.00287774904335778,0.000900503914692306,0,0,0
0,0,0,0,0,0,0,0,0,0,0,0,0,0,0,0,0.00657843196665864,0.000144326980974023,4.45498841036961e-05,0,0,0.00112068814427768,0,0,0.000762569724476477,0,0.000715564805075969,0,0.000814985570988075,0,0,0,0,0,0,0,0,0,0.00163109748106975,0,0,0,0,0,0,0,0,0,0.000127823832892322,0,0,0,0,0,0,0,0,0,0,0,0,0,0,0,0,0.0625230738805352,0,0.000187274005291925,0,4.24114012054343e-05,0,0.00158969415134125,0,0,0,0,0,0,0,0,0,0.00130884008128981,0.00217642826039361,0.000138502401784828,6.7352585334716e-06,0,0
0,0.000421811675914274,0,0,0,0,0,0,0,0.0109127299608357,0,0,0,0,0,0.0168490301624844,0.000156050294778962,0.00105640696996055,7.05988681282561e-05,0,0,0.00266142282716182,0,0,0,0.0493845519442317,0,0,0,0,0,0,0,0,0,0,0,0.00420038005792267,0,0,0,0,0,0,0,0,0,0,0,0.000722939588319508,0,0,0,0,0,0.00396422596206534,0,0,0,0,0,0.00170404229260542,0,0,0.00191586381606826,0,0.0916429274045627,0,0.0166800509790248,0,0,0,0,0,0,0,0,0,0,0,0.00262891520610975,0,0.000811910649632875,2.70291087595409e-05,9.18381676069122e-05,0,0
0,0,0,0,0,0,0,0,0.00712486050641831,0,0,0,0,0,0,0,0.000225098731581945,4.5812878553108e-06,0,0,0,0,0.000762569724476477,0,0,0,0.0385382931316215,0,0,0,0,0,0,0,0,0,0,0,0.00168585749553598,0,0,0,0.000580441298751684,0,0,0,0,0,0.000396300102818648,0,0,0,0,0,0.0059806991088746,0,0,0,0,0,0,0,0,0,0,0.000668934460328988,0,0.141769668059445,0,0.0467272883705507,0,0,0,0,0,0,0,0,0,0,0,0.00190898184279135,0.000297324333095862,0,1.13920900223102e-05,0,0
0,0,0,0,0,0,0,0,0,0,0,0,0,0,0,0.00109546592758955,0.000168616543778391,0.0152110683601862,7.32959549818357e-05,0,0,0.00225035693447136,0,0.0493845519442317,0,0,0.00014816321144595,0.00550853621767028,0,0,0,0,0,0,0,0,0,0,0,0,0,0,0,0,0,0,0,0,0,0,0,0,0,0,0,0,0,0,0,0,0,0.000286775595272648,0,0,0.00280044607500457,0,0.0106874117128622,0,0.0569471471781619,0,0.00622829330987795,0,0,0,0,0,0,0,0,0,3.6880336909465e-05,0,0.000986661682834608,6.40410132503701e-06,0,0,0
0,0,0,0,0,0,0,0,0.00535216526687799,0,0,0,0,0,0.0053105379722934,0,0.00953576798156346,0.000278772410847177,9.67375267340107e-05,0,0,0,0.000715564805075969,0,0.0385382931316215,0.00014816321144595,0,0,0.00986524188763581,0,0,0,0,0,0,0,0,0,4.23821137927066e-06,0,0,0,0,0,0,0,0,0,0,0,0,0,0,0,0.00130625458564661,0,0,0,0,0,0.00455482728716878,0,0,0,0,0.00112255892411198,0,0.0186470860759179,9.7228213203196e-05,0.0920486576443688,0,0.010172498651081,0,0,0,0,0,0,0,0,0,0,0.000551624332823045,0,0,0,0
0,0,0,0,0,0,0,0,0,0,0,0.000243507818637519,0,0.00152238017466749,0,0,0,0,0,0,0,0.00263180836073755,0,0,0,0.00550853621767028,0,0,0,0.0106115063509474,0,0,0,0,0,0,0,0.000147457635073497,0,0,0,0,0,0,0,0,0,0,0,0,0,0,0,0,0,0,0,0,0,0.00331648829118495,0,0,0,0,0.000911138860770366,0,0,0,0.00126155686873847,0,0.0418191699920021,0,0.00632942055376797,0,0,0,0,0,0,0,8.5054049877783e-05,0,0.000740059377370575,0.000883054833985437,0,0,0
0,0,0,0,0,0,0,0,0,0,0,0,0.000239275228486854,0,0,0,0.000278795849039362,0,0,0,0,0,0.000814985570988075,0,0,0,0.00986524188763581,0,0,0,0.0111703423994775,0,0,0,0,0,0,0,0.000214092681518157,0,0,0,0,0,0,0,0,0,0,0,0,0,0,0,0,0,0,0,0.00334147300978723,0,0,0,0,0,0,0.000452533830573983,0,0,0,0.0048145945012447,0,0.0375305108881288,0,0,0,0,0,0,0,0,0,0.00052074770841328,6.96309947428418e-05,1.07995988128803e-05,0,0,0
0,0,0,0,0,0,0,0,0,0,0,0.00198756327462163,0,0,0,0,0,0,0,0,0,0,0,0,0,0,0,0.0106115063509474,0,0,0,0,0,0,0,0,0,0.00171578185118466,0,0,0,0,0,0,0,0,0,0,0,0,0,0,0,0,0,0,0,0.000212651577398383,0,0,0,0,2.03873783770109e-05,0,0,0,0,0,0,0,0.00226593122514004,0,0.0356123397993834,0,0,0,0,0,0,0,0.000551411035866597,0,0.000110783093870947,0,0,0,0
0,0,0,0,0,0,0,0,0,0,0.00374399002105012,0,0,0,0,0,0,0,6.29435872795121e-05,0,0.00013410148394385,0,0,0,0,0,0,0,0.0111703423994775,0,0,0,0,0,0,0,0,0,0.00306716662558087,0,0,0,5.02477847206143e-05,0,0,0,6.81584724372491e-05,0,0,0,0,0,0,0,0,0,0.00348185473202843,0,0,0,0,0,0,0.000115781884769143,0,0,0,0,0,0,0,0.00275692692236232,0,0.0200883889914923,0,0,0,0,0,5.81527496161917e-06,0,0.00071468603136688,8.87853941854642e-05,0,0.000822250529965363,0,9.48152257544761e-05
0,0,0,0,0,0,0,0,0,0,0,0,0,0,0,0,0,0,0,0,0,0,0,0,0,0,0,0,0,0,0,0,0.0444044800043782,0.0106747874658714,7.56039209337182e-05,0.00274676524067399,0.000643567164077674,0,0,0,0,0,0,0,0,0,0,0.0324973664940585,7.05747433258517e-05,0.000602858656638824,0,0,0,0,0,0,0,0,0,0,0,0,0,0,0,0,0,0,0,0,0,0,0,0,0.11970989515211,0.00568445225430544,0.00373040500278902,0.00110741922158447,0.00163425989097646,5.67782613476253e-06,0,0,0.000326782353400584,0,0,0,0
0,0,0,0,0,0,0,0,0,0,0,0,0,0,0,0,0,0,0,0,0,0,0,0,0,0,0,0,0,0,0,0.0444044800043782,0,0.00029107121285946,0.0157574900032306,0.000614462568216094,0.00209324853058751,0,0,0,0,0,0,0,0,0,0,0.061477357594903,0.000313204735683963,0.00177019798563758,0,0,0,0,0,0,0,0,0,0,0,0,0,0,0,0,0,0,0,0,0,0,0,0,0.0240577795437072,0.0915073987890666,0,0.00104313335524786,3.09634869838585e-06,0.000663642739912048,0,0,0.000881372513634071,0,0,0,0
0,0,0,0,0,0,0,0,0,0,0,0,0,0,0,0,0,0,0,0,0,0,0,0,0,0,0,0,0,0,0,0.0106747874658714,0.00029107121285946,0,0.0417107677546558,0.00112603222820701,0,0.000499361621269427,0,0,0,0,0,0,0,0,0,0.0519347683512675,0,0.00132374250682051,0,0,0,0,0,0,0,0,0,0,0,0,0,0,0,0,0,0,0,0,0,0,0,0,0.000610008539727563,0,0.109240895956625,0.00199592297311759,0.000523964150203001,0,0.000423635854236185,0,0.000899966931512055,8.30122373211878e-05,0,0,0
0,0,0,0,0,0,0,0,0,0,0,0,0,0,0,0,0,0,0,0,0,0,0,0,0,0,0,0,0,0,0,7.56039209337182e-05,0.0157574900032306,0.0417107677546558,0,0,0.00265894246562996,0.00106426674952867,0.00323483034176297,0,0,0,0,0,0,0,0,0.0146275466956903,0.000330931320548863,0,0,0,0,0,0,0,0,0,0,0,0,0,0,0,0,0,0,0,0,0,0,0,0,0,0,0.0141011746917022,0.0101583577136357,0.0408199445404113,0,0.000339329824055131,0.000342701484707958,0.00202824671410843,0.000747070906786705,0.00064235852889961,0,0,0
0,0.00021970851463652,0,5.34100746753412e-05,0,1.58115784089968e-05,0,0.000221764219312871,0,1.40427974509814e-05,0,0.000827692041199786,0,0,0,9.42714042337091e-07,1.18563308677481e-05,7.91083280684678e-06,0.000611080774825664,0.0107823353304155,0,0,0,0,0,0,0,0,0,0,0,0.00274676524067399,0.000614462568216094,0.00112603222820701,0,0,0.00397075011253608,0.00767209405597967,0,0.000117761080754181,8.40291337940174e-06,0.000486490869550555,9.20025250787285e-07,0.000141909110360037,1.16771576738467e-05,0.000392529699254877,9.72748230302612e-06,0.000924445677865335,0,0.000307053053147629,1.65591327543329e-06,0,0,3.39071677148711e-05,0,1.10097205542542e-05,2.82195626540634e-06,0.00035063719245205,0,3.14824202733633e-05,0,4.64155392370213e-06,0.00909616168469893,0,0,0,1.06233684137415e-06,0,0,0,1.63728629437743e-05,0,1.37451266458965e-05,0,0.000452747024827031,0.000199223609860377,0.000413604777032498,0,0.0666043950199831,0.000569665410397632,0.00221350341480666,0,0.007225577058641,0.000541424270140301,0.00175171431512869,0.000153268134354531,4.06761649108142e-06
6.5931784488996e-06,0,4.35731212258006e-05,0,0.000650673538104903,0,0,0,2.33903667897136e-05,0,0.000645891265072605,0,0,0,0,0,1.40272813261693e-05,4.1345766253289e-06,0.000762053214725693,0,0.00397326188597709,0,0,0,0,0,0,0,0,0,0,0.000643567164077674,0.00209324853058751,0,0.00265894246562996,0.00397075011253608,0,0,0.0040403903329959,0,0.000169778050687323,0,0.00051440414090306,2.77592849160329e-06,0.000296119834165372,8.96482918150256e-06,0.000377089177283056,8.87388297650057e-05,1.38987049172505e-05,0,0.000848119737135358,0,0,0,6.0632059662612e-05,0,0.000279910955974973,6.66397077178887e-06,8.16257198882797e-05,0,1.80837695935794e-06,0,8.93054789358324e-06,0.00279884379230682,0,0,0,0,0,0,0,0,0,1.37537534584852e-06,0.000102108630984476,0.00114717540001592,0,0.000207296957694359,0.000248513039457957,0.0867383917970289,0,0.00178703276896614,0.00609526094447,0.00158371240195384,0.00207314968068646,0,8.43862817519019e-05
0,0,0,0,0,0,0,0,0,0.000431266373361146,0,0.00311243885713209,0,0,0,3.04883330103926e-05,0,0,0,0.00114202542520949,0,0.00236531429766444,0,0.00420038005792267,0,0,0,0.000147457635073497,0,0.00171578185118466,0,0,0,0.000499361621269427,0.00106426674952867,0.00767209405597967,0,0,0.000435873106250151,0,0,2.58033893868987e-05,0,0,0,0,0,0.00191065265274339,0,0.00174931655960591,0,0,0,0,0,2.32846198849911e-05,0,0.00215487632066971,0,0,0,1.86093027314033e-06,0.000334174153602742,0,0.00245339953203426,0,0.00225422357249456,0,9.18202811990206e-06,0,0.000245815999926161,0,0.0042654251242863,0,0,0,7.92689686679147e-05,0.000169126885055568,0.00266731545108154,0,0.0560753019743454,5.43394071428338e-06,0.00121651782098047,1.68097493088534e-05,0.000542737563433579,0,0
0,0,0,0,0,0,0,0,0.000242958183901912,0,0.00789727125398836,0,0,0,0,0,0,0,0.000112576151533244,0,0.000781822189828697,0,0.00163109748106975,0,0.00168585749553598,0,4.23821137927066e-06,0,0.000214092681518157,0,0.00306716662558087,0,0,0,0.00323483034176297,0,0.0040403903329959,0.000435873106250151,0,0,8.49196396414958e-06,0,0.000203814350634363,0,0,0,9.4848546353182e-05,0.00199465594292976,0.000546143927687697,0,0,0,0,0,8.444529380883e-05,0,0.000198650592275224,0,0,0,0,0,0,3.68889739697552e-05,0,0.00120728365259468,0,0.00280392653830554,0,6.33661284857784e-06,0,0.000330875682436302,0,0.00246448793621782,0,0,8.20041876863729e-06,0.000482140741778729,4.54908679263411e-07,0.00281840052807872,0,0.0461522437238425,0.00132745312347996,8.7488108373372e-05,0.00134708864083103,0,0.000141193682054023
0,0.000482191346265793,0,0.000382212681691912,0,0,0,0,0,0.000201570501748293,0,0,0,0,0,0.00016336417924271,1.18689693274993e-05,0,0.000866083949749385,6.26393999161815e-05,0,0,0,0,0,0,0,0,0,0,0,0,0,0,0,0.000117761080754181,0,0,0,0,0,0.00525628730545886,0,0.000761679783836942,0,0.00130132993537048,2.09109031319311e-05,0.000128818001901825,0,0.0010154928719901,0,0,0,0,0,0,0,0.00059120312908234,0,0.000124755617947786,0,0,0.00326405479077363,0,0,0,0,0,0,0,7.00172353268706e-05,0,1.74946456970929e-05,0,0,0,0,0,0.000895111617898453,0,0.000204266829582935,0,0.000123813684474186,0,0.00303099426092617,0.0020302014828745,0
0,2.80221187013525e-05,0.000154629846483425,0,0,0,0,0,0,0,0,0,0,0,0,0,0.0004177034462331,0.000131871873334732,0.0154639922327069,0,2.41412352427021e-05,0,0,0,0,0,0,0,0,0,0,0,0,0,0,8.40291337940174e-06,0.000169778050687323,0,8.49196396414958e-06,0,0,0.000272243777250823,0.0547909702125449,0.000774829016811209,0.0245917564075295,0.000224281719226273,0.00943137183754681,6.59469060526226e-05,0.0037042610240605,8.02477565959745e-06,0,0,0,0,4.27024351112475e-05,0,0.000156401297026762,3.40704573453632e-05,0,1.75906828465938e-05,0,0,0.000673683503210612,0.000550757322758008,0,0,0,0,0,0,5.09132211417109e-06,0,0,7.13009805092207e-05,0,0,0,0,8.49919534671526e-05,0.00340578369803618,8.38516029661863e-06,0.000241135636269975,0.000452319589518406,0,0.018667675605011,0.000331875746956172,0.00733301622007166
0,0.00378276069231176,0,0.00147760162825075,0,0.000432833580173609,0,0,0,0.00459702236428,0,0,0,0,0,0.000193678079587021,0.000131088889167144,7.1361245017317e-05,0.0212971790914025,0.000291440150855771,0,0,0,0,0,0,0,0,0,0,0,0,0,0,0,0.000486490869550555,0,2.58033893868987e-05,0,0.00525628730545886,0.000272243777250823,0,0.000204610410910038,0.0037688317906557,0.000576349195653141,0.0052890872273929,7.6844794926789e-05,6.15523294864289e-06,2.56565326703167e-05,0.00225460083147902,0,0,0,0,0,0.000673338764328106,0,0.00217327913370173,0,0.00112360410906862,0,0.000296936754732471,0.0331983683856581,5.98009058048901e-06,0,0,0.00135748406500204,0,0,0,0.000152190855471374,0,0.0014169961137773,0,0,0,0,0,0.0067522589288351,4.80871821313899e-05,0.000824106552445529,0,0.0036677955706568,0,0.0279689494273086,0.0255127908660195,4.09775177681176e-05
8.65340292486646e-05,0,0.00168678607806733,0,2.26988766233941e-05,0,0,0,0.00199685315859984,0,0,0,0,0,0,0,0.000282225504199337,8.5154016784532e-05,0.0242358489508517,0,0,3.78619530993552e-06,0,0,0.000580441298751684,0,0,0,0,0,5.02477847206143e-05,0,0,0,0,9.20025250787285e-07,0.00051440414090306,0,0.000203814350634363,0,0.0547909702125449,0.000204610410910038,0,0.000213903629751209,0.011235743548449,0.000140320442675641,0.00176505340813849,0.000389559913735534,0.00986293756250509,3.00199348955943e-06,6.39675787109027e-05,0,0,0,0.00034536669887081,0,0.00076642714457384,0,2.92428308955679e-05,5.68596781338904e-06,3.07538195373158e-05,0,0.000312026992531056,0.000769529501582273,0,0,0,0.000440075026463387,0,0,0,0,1.27376805470171e-05,0.000726357582883685,0,3.18687620864072e-05,0,0,6.52617522318741e-05,0.00769794960678078,0,0.000339790417997914,0.00257125341526142,0,0.0493499374492459,2.00379500749025e-05,0.0458895255943387
0,0.000575689181359742,0,0,0,0,0,0,0,0,0,0,0,0,0,0,7.52617328674675e-05,5.89207724513605e-05,0.0121571247157091,0.000212929644693105,0,0,0,0,0,0,0,0,0,0,0,0,0,0,0,0.000141909110360037,2.77592849160329e-06,0,0,0.000761679783836942,0.000774829016811209,0.0037688317906557,0.000213903629751209,0,0.00213204976220909,0.00164397411010523,0.000121271406091278,0,9.84978455914891e-06,4.44334476654234e-05,0,0,0,0,0,0,0,0.000191125357898681,0,0,0,0,0.00569757269920074,7.50436118780807e-05,0,0,0,0,0,0,0,0,6.58563403712636e-05,0,0,0,0,0,0.00188188777713247,8.55310901854826e-05,9.79547901918419e-05,0,0.000142405462697616,0,0.00350148147707558,0.0107521917662479,0.000163280801490518
0,0,0.00100994327087755,0,0,0,0,0,0.000261644653971715,0,0,0,0,0,0,0,0.000249712367970566,7.61806354115209e-05,0.0126079971638837,0,0,0,0,0,0,0,0,0,0,0,0,0,0,0,0,1.16771576738467e-05,0.000296119834165372,0,0,0,0.0245917564075295,0.000576349195653141,0.011235743548449,0.00213204976220909,0,0.000459404218324644,0.00281068212274968,0.000197412177183141,0.00190360494574679,0,0,0,0,0,0.00086031434903505,0,0,4.64546134042922e-05,0,0,0,0,0.00108264737809814,0.000439032627656732,0,0,0,0,0,0,0,0,5.00384522860581e-05,0,0,9.07025715413722e-05,0,0,0.000128714984145206,0.00304170487244121,0,5.32003941648288e-05,0.000799188326449615,0,0.00587052396614663,0.000781623054743512,0.00298367382789101
0,0.000554406920627302,1.85653406257634e-05,0.000384442591594056,0,4.77326357398299e-05,0,0,0,0,0,0,0,0,0,0.00025698208010367,0.000168546612902827,2.95479059793619e-05,0.00620275544125127,0.000686254493239974,0,0,0,0,0,0,0,0,0,0,0,0,0,0,0,0.000392529699254877,8.96482918150256e-06,0,0,0.00130132993537048,0.000224281719226273,0.0052890872273929,0.000140320442675641,0.00164397411010523,0.000459404218324644,0,3.24777327102729e-05,0,8.80248440881826e-06,0.000322149194234959,0,0,0,0,0,0.000754500762392363,3.74979472711517e-06,0.00238079146409204,0,0.00109118828183528,0,0.000282240304046982,0.0152504986492082,6.23001646259764e-06,0,0,0,0,0,0,0.000362767420471004,0,0.000796910591916048,0,0,0,0,0,0.00291499952603962,6.53779281566505e-05,0.00083678533790721,0,0.000580776234768495,0,0.0082041541420403,0.000342311767914206,1.06968693773174e-05
2.45525043191627e-05,0,0.000238510037012757,0,0,0,0,0,0,0,2.25193657276098e-05,0,0,0,0,0,0.000131313865208961,0.000123308778132138,0.00769073639438687,0,0.00101115992268778,0,0,0,0,0,0,0,0,0,6.81584724372491e-05,0,0,0,0,9.72748230302612e-06,0.000377089177283056,0,9.4848546353182e-05,2.09109031319311e-05,0.00943137183754681,7.6844794926789e-05,0.00176505340813849,0.000121271406091278,0.00281068212274968,3.24777327102729e-05,0,0,0.000330360026356663,4.26812217061166e-06,0.00014765047752717,0,0,0,5.37065407399176e-05,0,0.00156535209620241,0,1.77310862861341e-05,0,0,0,0.000311227442543631,0.0392038338911365,0,0,0,0,0,0,5.0378657140593e-06,0,5.38124908525556e-06,0.000911626762461165,0,0,0,0,6.44724838048779e-05,0.0077174499735555,1.10582287117067e-05,0.000422552118518761,0.000422011409624897,0,0.0121772055484168,0,0.000369437214478061
0,0,2.21628790042314e-05,0,0,0,0,0,0,0,0,0,0,0,0,0,0,0,3.87103058017836e-05,0,0,0,0,0,0,0,0,0,0,0,0,0.0324973664940585,0.061477357594903,0.0519347683512675,0.0146275466956903,0.000924445677865335,8.87388297650057e-05,0.00191065265274339,0.00199465594292976,0.000128818001901825,6.59469060526226e-05,6.15523294864289e-06,0.000389559913735534,0,0.000197412177183141,0,0,0,0.0575625579990995,0.0702921746171489,0,0,0,0,0,0,0,0,0,0,0,0,0,0,0,0,0,0,0,0,0,0,0,0,0.0136236804804577,0.0399928838581388,0.00992831393526783,0.00856191733020513,0.00213397112090224,0.00138243393599762,7.90456631748031e-06,0.0041995536561641,0.00284218077826662,8.14804967234385e-06,0.00263017822460241,0,0
0.00734292140768698,0,0.0054952958964977,0,0,0,0,0,0.000384350879237108,0,0,0,0,0,0,0,4.61274696203896e-05,2.09247780618843e-06,0.00218093958059226,0,0,0,0.000127823832892322,0,0.000396300102818648,0,0,0,0,0,0,7.05747433258517e-05,0.000313204735683963,0,0.000330931320548863,0,1.38987049172505e-05,0,0.000546143927687697,0,0.0037042610240605,2.56565326703167e-05,0.00986293756250509,9.84978455914891e-06,0.00190360494574679,8.80248440881826e-06,0.000330360026356663,0.0575625579990995,0,0.00358111081297184,5.88676260276986e-06,0,0,0,0.00168942217068741,9.21358927056257e-06,3.4513580640938e-06,0,4.28748165789863e-06,2.5054892483084e-06,0.000974064016251947,0,5.17624260799227e-05,0,0,0.00637294129416427,0,0.00333656851116716,0,0.00134135907275894,0,0.00252945025550349,3.22539661129126e-06,0.000853233508879495,0,0.000247663427900258,0,0.000390534887641423,2.22357680146047e-06,0.00133395902778694,0,0.00642965579132491,0.00258480548450909,0,0.00642460323512851,0,0.00109055566402852
0,0.00801885953265398,0,0.00453622808165892,0,8.77553712075002e-05,0,0,0,0.00199461722323362,0,0,0,0,0,0.000281058209570149,0,3.06936645917924e-06,0.000181365503926087,1.0815872139194e-05,0,0.000469855827948998,0,0.000722939588319508,0,0,0,0,0,0,0,0.000602858656638824,0.00177019798563758,0.00132374250682051,0,0.000307053053147629,0,0.00174931655960591,0,0.0010154928719901,8.02477565959745e-06,0.00225460083147902,3.00199348955943e-06,4.44334476654234e-05,0,0.000322149194234959,4.26812217061166e-06,0.0702921746171489,0.00358111081297184,0,0,0,0,0,0,0.00171054924928075,0,0.00312906789412998,0,0.00165335733756751,0,0.00110780530011522,0.000574201150957576,0,0.00450216842388992,0,0.00767155902270899,0,0.00021998566015553,0,0.007364862240342,0,0.00143492974408544,0,0.000701460340989515,7.87592367378778e-05,0.000380787459336085,0,0.00849888367968504,1.94946362583054e-06,0.00543552165206347,0,0.00264608154495875,0,0.00674818417583633,6.33454097882661e-05,0
0,0,0.0099869648795275,0,0.102844724605492,0,0.0414040717057038,0,0.000524402444907566,0,0,0,0,0,8.16317078924161e-05,0,0,0,0,0,0.0134398219041207,0,0,0,0,0,0,0,0,0,0,0,0,0,0,1.65591327543329e-06,0.000848119737135358,0,0,0,0,0,6.39675787109027e-05,0,0,0,0.00014765047752717,0,5.88676260276986e-06,0,0,0,0.0239060550835344,0,0,0,0.000954919156812427,0,0.000874798939097936,0,0.00324175192124468,0,0,0.00385378964598934,0,0,0,0,0,0,0,0,0,0,0,0,0,0,0,0.000214151028485171,0,0,0.00178591992532173,2.97760462578253e-05,0.00817775094881188,0,0
0,0,0,0.00293376944745506,0,0.0574867331727237,0,0.00730861485214911,0,0,0,0,0,0,0,0.000786860053662748,0,0,0,9.76929812944883e-05,0,0,0,0,0,0,0,0,0,0,0,0,0,0,0,0,0,0,0,0,0,0,0,0,0,0,0,0,0,0,0,0,0,0.00268134615714141,0,0,0,0.00772654696430414,0,0.00325410701337174,0,0.00354375480155606,5.1504871652632e-05,0,0,0,0,0,0,0,0,0,0,0,0,0,0,0,0,0,0,0,0.000315897965610252,7.58680345457787e-05,0.000547174845155298,0,0
0,0,0,0,0.00718037668103564,0,0.0941393289720179,0,0,0,0.0029561551720732,0,0.00660242088327807,0,0,0,0,0,0,0,0,0,0,0,0,0,0,0,0,0,0,0,0,0,0,0,0,0,0,0,0,0,0,0,0,0,0,0,0,0,0.0239060550835344,0,0,0,0,0,0.0056345539513469,0,2.03418070295154e-05,0,0,0,0,0,0,0,0,0,0,0,0,0,0,0,0,0,0,0,0,0,0,0,0.00100000380795442,0,0,0,0
0,0,0,0,0,0.00303610721163953,0,0.0548662542315747,0,0,0,0,0,0,0,0,0,0,0,0,0,0,0,0,0,0,0,0,0,0,0,0,0,0,0,3.39071677148711e-05,0,0,0,0,0,0,0,0,0,0,0,0,0,0,0,0.00268134615714141,0,0,0,0,0,0.000548429824096353,0,1.76027387469967e-05,0,0,0,0,0,0,0,0,0,0,0,0,0,0,0,0,0,0,5.88818539649106e-05,0,0,0,0.000268909536113693,0.000119882295564363,0,0,0
0.0795241646177202,0,0.0932039642510448,0,0.000890773578385108,0,0,0,0.105069006399769,0,0,0,0,0,0.00330344864469317,0,0,0,3.74336769366854e-05,0,2.48458471794315e-05,0,0,0,0.0059806991088746,0,0.00130625458564661,0,0,0,0,0,0,0,0,0,6.0632059662612e-05,0,8.444529380883e-05,0,4.27024351112475e-05,0,0.00034536669887081,0,0.00086031434903505,0,5.37065407399176e-05,0,0.00168942217068741,0,0,0,0,0,0,0,0.000229672198971499,0,0.000382707916704778,0,0.0241083204049067,0,0,0,0,0,0,0.084080677962827,0,0.000809321491393983,0,0,0,0,0,0,0,0,0,3.85804658289426e-06,0,0.000115946512368487,0.000438466175942322,0,0.00248780550558924,0,0.000621092073760592
0,0.109399112140473,0,0.00918244275216826,0,0.0018314076657645,0,0,0,0.0917879639990628,0,0,0,0,0,0.00212267564201768,0,5.04961984905125e-05,5.25408942976188e-05,0,0,0,0,0.00396422596206534,0,0,0,0,0,0,0,0,0,0,0,1.10097205542542e-05,0,2.32846198849911e-05,0,0,0,0.000673338764328106,0,0,0,0.000754500762392363,0,0,9.21358927056257e-06,0.00171054924928075,0,0,0,0,0,0,0,0.00016344648088714,0,8.18604991608056e-05,0,0.0059651091083209,9.44545658883346e-05,0,0,0,0.0366231836481047,0,0.000367951688069263,0,6.78789459851638e-05,0,0.000455809698254095,0,0,0,0,0,4.61034972688585e-06,0,0.00019036428240121,0,0.000208692872661936,4.55943365394097e-05,0.00193720027631772,0,0
0,0,0.0010051041140385,0,0.000351124570582607,0,0.00577009036233114,0,6.02073519215263e-05,0,0.0680647713096377,0,0.000613841979553722,0,0,0,0,0,1.42705771238414e-05,0,0.00256875785081028,0,0,0,0,0,0,0,0,0,0.00348185473202843,0,0,0,0,2.82195626540634e-06,0.000279910955974973,0,0.000198650592275224,0,0.000156401297026762,0,0.00076642714457384,0,0,3.74979472711517e-06,0.00156535209620241,0,3.4513580640938e-06,0,0.000954919156812427,0,0.0056345539513469,0,0.000229672198971499,0,0,0,0.00214395873159083,0,0,0,0,0.0153705624044125,0,0,0,0,0,0,0,0.00314364461344206,0,0.013221003603057,0,0,0,0,9.58850476021171e-07,0.00119690266862811,0,2.78044038062377e-05,0.000490793742011677,0,0.0156040891816604,0,0
0,0.00439114518469376,0,0.00706035789586557,0,0.00300745768261192,0,0.00858535404158626,0,0.00201939733034069,0,0.0893964184185526,0,0.000429554889592123,0,0.00171414372646649,6.15754608707797e-06,4.48803236629966e-06,0.000292266706054573,0.015690362012826,0,0,0,0,0,0,0,0,0,0.000212651577398383,0,0,0,0,0,0.00035063719245205,6.66397077178887e-06,0.00215487632066971,0,0.00059120312908234,3.40704573453632e-05,0.00217327913370173,0,0.000191125357898681,4.64546134042922e-05,0.00238079146409204,0,0,0,0.00312906789412998,0,0.00772654696430414,0,0.000548429824096353,0,0.00016344648088714,0,0,0,0.0197040844619209,0,0.00249700025868889,0.0176986200384261,0,0.000121055229596092,0,7.95415253339847e-05,0,0.000197773542538324,0,0.0240308595890951,0,0.0333762222846706,0,0,0,0,0,0.000382009476470915,3.55955714823872e-06,0.00537408103158056,0,0.000786186395907318,0,0.0134115559402789,0.000470221696654872,0
0,0,0.00187687875802957,0,0.00874721059675964,0,3.89882761990849e-05,0,8.87862666501555e-05,0,0.00379052952582467,0,0.0565523304779791,0,0.00240765779718472,0,0,0,0,0,8.76019084967228e-05,0,0,0,0,0,0,0,0.00334147300978723,0,0,0,0,0,0,0,8.16257198882797e-05,0,0,0,0,0,2.92428308955679e-05,0,0,0,1.77310862861341e-05,0,4.28748165789863e-06,0,0.000874798939097936,0,2.03418070295154e-05,0,0.000382707916704778,0,0.00214395873159083,0,0,0,0.00416928294987566,0,0,0.000248321968525988,0,0,0,0,0,0.000819051795389081,0,0.00510673519072211,0,0,0,0,0,0,0,2.35905724656134e-05,0,0,0.000701841859020415,0.00048729941446238,0.00132936646839071,0,0
0,0.00142755687403898,0,0.00184140067321044,0,0.00176542432901919,0,0.00112294030237785,0,1.81948187159744e-05,0,0.0136722868365023,0,0.0636442386207569,0,0.00309163200946489,0,0,2.27837256068202e-05,0.000129032126492866,0,0,0,0,0,0,0,0.00331648829118495,0,0,0,0,0,0,0,3.14824202733633e-05,0,0,0,0.000124755617947786,1.75906828465938e-05,0.00112360410906862,5.68596781338904e-06,0,0,0.00109118828183528,0,0,2.5054892483084e-06,0.00165335733756751,0,0.00325410701337174,0,1.76027387469967e-05,0,8.18604991608056e-05,0,0.0197040844619209,0,0,0,0.0131404054742281,0.0019525964606225,0,0.000102226920462929,0,0.00048163449831629,0,0.0105155609597437,0,0.01511823912294,0,0.000845172278591165,0,0,0,0,0,6.94923950898654e-05,3.59034728053205e-06,0.000106553670736947,0,0.000675075931694738,0.00157291394298234,0.00707588283115676,3.36990363292659e-05,0
0.0308833510956051,0,0.00223394341364206,0,0.0123473507003773,0,0,0,0.0368200562474571,0,0,0,0.00229494527064361,0,0.094693187946737,0,0,0,4.15598634696785e-06,0,9.63489064497005e-05,0,0,0,0,0,0.00455482728716878,0,0,0,0,0,0,0,0,0,1.80837695935794e-06,0,0,0,0,0,3.07538195373158e-05,0,0,0,0,0,0.000974064016251947,0,0.00324175192124468,0,0,0,0.0241083204049067,0,0,0,0.00416928294987566,0,0,0,0,0,0,0,0,0.000908751037564012,0,0.0306608041518108,0,0,0,0,0,0,0,0,0,6.63225627054965e-06,0,0,0.000142424590323496,1.10898440282743e-05,0.000503395269565052,0,0
0,0.0170700606187576,0,0.00654198770967,0,0.00338472653572661,0,0,0,0.0110038159628912,0,0,0,0.00184054718590537,0,0.0304118226792251,0,0.000466005420650294,5.02855352364285e-06,0,0,0,0,0.00170404229260542,0,0.000286775595272648,0,0,0,0,0,0,0,0,0,4.64155392370213e-06,0,1.86093027314033e-06,0,0,0,0.000296936754732471,0,0,0,0.000282240304046982,0,0,0,0.00110780530011522,0,0.00354375480155606,0,0,0,0.0059651091083209,0,0.00249700025868889,0,0.0131404054742281,0,0,4.80095287107261e-05,0,0,0,0.00426385939291972,0,0.00660405530328332,0,0.000105428898077435,0,2.94175986590719e-05,0,0,0,0,0,1.10674889417155e-05,0,6.3011203513995e-05,0,0.00021868446001845,0.000305295554735172,0.000718544888213661,0,0
0,0.00368307149198859,0,0.000321941461791151,0,0.000308353237135289,0,0,0,0.00137085011081477,0,0.000168043389044133,0,0,0,0,0.000374714817282606,0.000215064111306935,0.0193026027385137,0.0988179476547073,0,0,0,0,0,0,0,0,0,2.03873783770109e-05,0,0,0,0,0,0.00909616168469893,8.93054789358324e-06,0.000334174153602742,0,0.00326405479077363,0.000673683503210612,0.0331983683856581,0.000312026992531056,0.00569757269920074,0.00108264737809814,0.0152504986492082,0.000311227442543631,0,5.17624260799227e-05,0.000574201150957576,0,5.1504871652632e-05,0,0,0,9.44545658883346e-05,0,0.0176986200384261,0,0.0019525964606225,0,4.80095287107261e-05,0,1.62751370053055e-05,3.48133270076871e-05,0,2.9547055990341e-05,0,7.69239774742911e-05,0,0.00314590647388196,0,0.0085938344414462,0,0,0,0,0,0.00626587462260912,0.000109100514952378,0.00433602289153717,0,0.00218905135150272,0,0.0155322865847362,0.00343444675924733,6.94187861784296e-05
