0,0,0.155707666507134,0,0,0,0,0,0.232831014520735,0,0,0,0,0,0,0,0.428685665130615,0,0.455787710960095,0,0,0,0,0,0.30638019314834,0,0,0,0,0,0,0,0,0,0,0,0,0,0.303545489907265,0,0,0,0.38649913539857,0,0,0,0.427903061111768,0,0.32868294479712,0,0,0,0,0,0.153955925256014,0,0,0,0,0,0.220755217330796,0,0,0.378907263278961,0,0,0,0.255911260843277,0,0,0,0,0,0,0,0,0,0,0,0.453146341545828,0,0.443614470107215,0.34668138762936,0,0.356245876735486,0,0.340603113174438
0,0,0,0.142011356036194,0,0,0,0,0,0.25144818225309,0,0,0,0,0,0,0,0.280720192193985,0.359251359895784,0,0,0,0,0.269630704625793,0,0,0,0,0,0,0,0,0,0,0,0,0,0.347735470533371,0,0.356329306960106,0,0.253951810218476,0,0.444667756557465,0,0,0,0,0,0.204599730884344,0,0,0,0,0,0.269816995198212,0,0.265863966196775,0,0,0,0.198307015655334,0,0,0,0,0.275524184380695,0,0,0,0,0,0,0,0,0,0,0,0.473067052224103,0,0.340882837772369,0,0.270351808388435,0,0.212865729759814,0.22201656922698,0
0.155707666507134,0,0,0,0.182905241847038,0,0,0,0.150846443210657,0,0,0,0,0,0,0,0,0,0.26361346244812,0,0.243693202733994,0,0,0,0,0,0,0,0,0,0,0,0,0,0,0,0,0,0.292056903243065,0,0.255290126428008,0,0.283130511925876,0,0,0,0.221449768636376,0,0.194879520553945,0,0.214796308826351,0,0,0,0.151618024005609,0,0.269773911152567,0,0.228169447618974,0,0.215658096042839,0,0,0.268078864935566,0,0,0,0,0,0,0,0,0,0.280912816524506,0,0,0,0,0,0.290635475888848,0,0.313314391594184,0.276552837100452,0,0.251445036766449,0,0
0,0.142011356036194,0,0,0,0.21564802543031,0,0,0,0.150232259184122,0,0.25798311829567,0,0,0,0,0.2916319668293,0,0.304130758345127,0,0,0,0,0,0,0,0,0,0,0,0,0,0,0,0,0.140059694647789,0,0,0,0.282065874040127,0,0.315331522745696,0.274137636025747,0,0,0.231024857995839,0.276305645704269,0.250463634729385,0.256707698106766,0.204340043559409,0,0.235402111762336,0,0,0,0,0,0.266028105197842,0,0.213242053985596,0,0.204544395208359,0.268087537027895,0,0,0,0,0,0,0,0,0,0.285151410102844,0,0,0,0,0,0.296959557703563,0,0.313223012469032,0,0.178181611011019,0.135111404582858,0.213893221342686,0.299116045236588,0
0,0,0.182905241847038,0,0,0,0.149077402427793,0,0.163963059132749,0,0,0,0,0,0,0,0,0,0,0,0.17029206207688,0,0,0,0,0,0,0,0,0,0,0,0,0,0,0,0.202511981129646,0,0,0,0,0,0.267272250218825,0,0,0,0.21257050037384,0,0.247439902424812,0,0.171606521087664,0,0.136705802904593,0,0,0,0.203135829705458,0,0.287226544486152,0,0,0,0,0.1845961779356,0,0,0,0,0,0,0,0,0,0.250046908855438,0,0,0,0,0,0.226792652159929,0,0.275800247987111,0.186442022720973,0,0.182671607447707,0,0
0,0,0,0.21564802543031,0,0,0,0.206699494596409,0,0.169429963894105,0,0,0,0,0,0,0,0,0,0.287868676273975,0,0,0,0,0,0,0,0,0,0,0,0,0,0,0,0.224480490883191,0,0,0,0.286880276269383,0,0.272032086338316,0,0,0,0.297520059253181,0,0.25971707701683,0,0.264172648390134,0,0.222361540596788,0,0.191767364740372,0,0,0,0.197416154648128,0,0.185802068029131,0,0,0.306791460878557,0,0,0,0,0,0,0,0,0,0,0,0,0,0,0,0.282454116125181,0,0.278889454901218,0,0.203868396175213,0.203189613670111,0.254285339760569,0.270636051893234,0
0,0,0,0,0.149077402427793,0,0,0,0,0,0,0,0.206781581044197,0,0,0,0,0,0,0,0.150425980488459,0,0,0,0,0,0,0,0,0,0,0,0,0,0,0,0,0,0,0,0,0,0,0,0,0,0,0,0,0,0.138777786149428,0,0.147152728690156,0,0,0,0.276929128081051,0,0.222332716520344,0,0,0,0,0,0,0,0,0,0,0,0,0,0,0,0,0,0,0,0,0,0,0,0.151700049638748,0,0,0,0
0,0,0,0,0,0.206699494596409,0,0,0,0,0,0,0,0,0,0,0,0,0,0.154708012938499,0,0,0,0,0,0,0,0,0,0,0,0,0,0,0,0.203656604083685,0,0,0,0,0,0,0,0,0,0,0,0,0,0,0,0.216107711195946,0,0.18892286574266,0,0,0,0,0,0.167201792200406,0,0,0.149845689535141,0,0,0,0,0,0,0,0,0,0,0,0,0,0,0,0,0,0,0,0.192816320403802,0.122860686582887,0,0,0
0.232831014520735,0,0.150846443210657,0,0.163963059132749,0,0,0,0,0,0,0,0,0,0.170191878240381,0,0.193432185798883,0,0.346231281757355,0,0.182213231921196,0,0,0,0.251303373018572,0,0,0,0,0,0,0,0,0,0,0,0,0,0.17650509639731,0,0.220962047576904,0,0.272697169408702,0,0,0,0.205162264406681,0,0.364457957751246,0,0.191768260563121,0,0,0,0.265372808201981,0,0.341094202938534,0,0,0,0.16671983897686,0,0,0.259311959147453,0,0,0,0.313998230874421,0,0,0,0,0,0.326563015580177,0,0,0,0,0,0.222163941711187,0,0.271103575825691,0.263193959573453,0.368050873279572,0.342588654875478,0,0.275001391768456
0,0.25144818225309,0,0.150232259184122,0,0.169429963894105,0,0,0,0,0,0,0,0,0,0.187094529930329,0.170449465622797,0.165236612558365,0.197998178005219,0,0,0,0,0.322856521655841,0,0.184240925643179,0,0,0,0,0,0,0,0,0,0,0,0.275779231230623,0,0,0,0.200554186105728,0,0,0,0,0.234754227101803,0,0,0.221830852743652,0,0,0,0,0,0.258476682958119,0,0,0,0,0,0.204314280991201,0,0,0,0,0.374156548380852,0,0.210064813494682,0,0,0,0,0,0,0,0,0,0,0,0.245913347875585,0,0.183453469762677,0.171940318412251,0.257285131225446,0,0
0,0,0,0,0,0,0,0,0,0,0,0,0.168968044536214,0,0,0,0,0,0,0,0.127190358871716,0,0,0,0,0,0,0,0.198606503506502,0,0.115340677531142,0,0,0,0,0,0,0,0.124855977680647,0,0,0,0,0,0,0,0,0,0,0,0,0,0,0,0,0,0.193184874889552,0,0.216610729548989,0,0,0,0,0,0,0,0,0,0,0,0,0,0,0.132103861442634,0,0,0,0,0,0,0,0,0.126277503948058,0,0,0,0
0,0,0,0.25798311829567,0,0,0,0,0,0,0,0,0,0.160389505326748,0,0,0,0,0,0.122455630699793,0,0,0,0,0,0,0,0,0,0.126600179564336,0,0,0,0,0,0.140367556363344,0,0.144911260319162,0,0,0,0,0,0,0,0.260217692170824,0,0,0,0,0,0,0,0,0,0,0,0.224205831655556,0,0,0,0,0.186820420803446,0,0,0,0,0,0,0,0,0,0.217564722895622,0,0,0,0,0,0.270557507872581,0,0.161109264162216,0,0.142807560611744,0,0.195104459921519,0,0
0,0,0,0,0,0,0.206781581044197,0,0,0,0.168968044536214,0,0,0,0.211833594877313,0,0,0,0,0,0,0,0,0,0,0,0,0,0.19441828590173,0,0,0,0,0,0,0,0,0,0,0,0,0,0,0,0,0,0,0,0,0,0.173754088580608,0,0.216030719876289,0,0,0,0.266270986625126,0,0.228060694706913,0,0.231266221227615,0,0,0,0,0,0,0,0,0,0,0.220168647666772,0,0,0,0,0,0,0,0,0,0,0.147006466984749,0,0,0,0
0,0,0,0,0,0,0,0,0,0,0,0.160389505326748,0,0,0,0.181839417666197,0,0.139719510450959,0,0,0,0,0,0,0,0.12923785381847,0,0.200987659635082,0,0,0,0,0,0,0,0,0,0,0,0,0,0,0,0,0,0,0,0,0,0,0,0,0,0,0,0,0,0.160605491449436,0,0.127741446162199,0,0,0,0,0,0,0,0,0,0,0.188969805836678,0,0,0,0,0,0,0,0,0,0,0,0.154513775010904,0.142952331474849,0,0,0
0,0,0,0,0,0,0,0,0.170191878240381,0,0,0,0.211833594877313,0,0,0,0,0,0,0,0,0,0,0,0.286570943892002,0,0,0,0,0,0,0,0,0,0,0,0,0,0,0,0,0,0,0,0,0,0,0,0,0,0,0,0,0,0.241569288261235,0,0,0,0.226529939317553,0,0.20539597761631,0,0,0,0,0,0,0.323048004082271,0,0,0,0,0,0,0,0,0,0,0,0,0,0,0.176425983508428,0,0,0,0
0,0,0,0,0,0,0,0,0,0.187094529930329,0,0,0,0.181839417666197,0,0,0.162710092961788,0.155258873843272,0.208422814806302,0,0,0,0,0,0,0.143751737760737,0,0,0,0,0,0,0,0,0,0,0,0,0,0,0,0.270570069551468,0,0,0,0,0,0,0,0,0,0,0,0,0,0.176103348412165,0,0,0,0,0,0.194652171236164,0,0,0,0,0,0,0.173606299360593,0,0,0,0,0,0,0,0,0,0,0,0,0,0.148929417133331,0.160088360309601,0,0,0
0.428685665130615,0,0,0.2916319668293,0,0,0,0,0.193432185798883,0.170449465622797,0,0,0,0,0,0.162710092961788,0,0.180856649709512,0.29596111599382,0,0,0,0,0.17152002453804,0,0.16489165232462,0.172892498873895,0,0.133995731671651,0,0,0,0,0,0,0,0,0,0.399914532899857,0.315815024268933,0.289960318803787,0.302137188731678,0.280190990484775,0.292997390031815,0,0.303298463424047,0.289059712902292,0,0.267749905586243,0.295178949832916,0,0,0,0,0,0.160809226334095,0.318015217781067,0.304741750160853,0,0,0,0,0,0.314782912532489,0,0,0,0,0.173796104888121,0,0,0,0,0,0,0,0,0,0.332491138417806,0.324441518448293,0.347214033526759,0.322358757592319,0.240948538327304,0.158751322415902,0.310529106645845,0.2942106292436,0.298193470885356
0,0.280720192193985,0,0,0,0,0,0,0,0.165236612558365,0,0,0,0.139719510450959,0,0.155258873843272,0.180856649709512,0,0.279120276752295,0,0,0,0,0.177714778631926,0,0.150851427328643,0,0,0,0,0,0,0,0,0,0,0,0,0,0.326134852509,0.330321582880887,0.31045969931392,0.28218189213011,0.26991131901741,0,0.296158008954742,0.287204634463578,0,0.266661703586578,0.293429732322693,0,0,0,0,0,0.168904575705528,0,0.330158936349969,0,0,0,0.159005768105879,0.322522446513176,0.301010061440797,0.142886266112328,0,0,0,0.156180578949196,0,0,0,0,0,0,0,0,0,0.344577211816356,0.31348758365637,0.380445428889432,0.329129989532863,0.201100096964133,0.143813749381384,0.327216497073189,0.296915027830336,0.280261673710563
0.455787710960095,0.359251359895784,0.26361346244812,0.304130758345127,0,0,0,0,0.346231281757355,0.197998178005219,0,0,0,0,0,0.208422814806302,0.29596111599382,0.279120276752295,0,0,0.43282425403595,0,0,0,0,0.225913414731622,0,0,0,0,0,0,0,0,0,0,0,0.416036049524943,0.434640886055099,0.346918903023287,0.328396119964801,0.332159953009171,0.241617877694377,0.384323417076043,0.314004761439103,0.315040097583698,0.293920278798065,0,0.304296180605888,0.282642470598221,0,0,0,0,0,0,0.359488178044558,0.384107493374446,0,0,0,0,0.3302001953125,0.319358653616248,0,0,0,0,0.168553203344345,0,0,0,0.443812906742096,0.387034326791763,0,0,0,0,0.396713249761833,0.347729106745563,0.439453749018454,0.386729901642144,0.260114914429784,0.252901152652853,0.365196720828872,0.281739962578133,0.240773748668878
0,0,0,0,0,0.287868676273975,0,0.154708012938499,0,0,0,0.122455630699793,0,0,0,0,0,0,0,0,0,0,0,0,0,0,0,0,0,0.180757686495781,0,0,0,0,0,0.147052468530312,0,0.150990628219884,0,0,0,0,0,0,0,0.262214138025516,0,0,0,0,0,0,0,0,0,0,0,0.22517228188614,0,0,0,0,0.210874689441084,0,0,0,0,0,0,0,0,0,0.216320338845253,0,0,0,0,0,0.185273843857721,0,0.252326655719015,0,0.17115343856503,0.122647278010845,0.347935577233632,0,0
0,0,0.243693202733994,0,0.17029206207688,0,0.150425980488459,0,0.182213231921196,0,0.127190358871716,0,0,0,0,0,0,0,0.43282425403595,0,0,0,0,0,0,0,0,0,0,0,0,0,0,0,0,0,0.190605976596111,0,0.25168303987027,0,0,0,0.300774037837982,0,0,0,0.343242305956903,0,0,0,0.179244168195295,0,0.157743283680507,0,0,0,0.13463029470937,0,0,0,0,0,0,0.248234209220648,0,0,0,0,0,0,0,0,0,0.231777653098106,0,0,0,0,0,0.182068418126461,0,0.302403983268617,0.184681657283383,0,0.222040514702147,0,0
0,0,0,0,0,0,0,0,0,0,0,0,0,0,0,0,0,0,0,0,0,0,0.0888421796262264,0.103909880474762,0,0,0,0.180738839396038,0,0,0,0,0,0,0,0,0,0.139343910520115,0,0,0,0,0,0,0,0,0,0,0,0.203448615793331,0,0,0,0,0,0,0,0,0,0,0,0,0,0,0.177565781607465,0,0.210801282035771,0,0.192528635263443,0,0.160440889813683,0,0,0,0,0,0,0,0,0,0.221875950694084,0,0.11853812049982,0,0,0,0
0,0,0,0,0,0,0,0,0,0,0,0,0,0,0,0,0,0,0,0,0,0.0888421796262264,0,0,0.236246331349799,0,0.124950811266899,0,0.210259941616499,0,0,0,0,0,0,0,0,0,0.263604700705255,0,0,0,0,0,0,0,0,0.543546378612518,0,0,0,0,0,0,0,0,0,0,0,0,0,0,0,0,0,0.201367555158054,0,0.260550861557325,0,0,0,0.218114775262381,0,0,0,0,0,0,0,0,0,0.410374506828513,0.184284056125559,0.176433666050434,0,0,0
0,0.269630704625793,0,0,0,0,0,0,0,0.322856521655841,0,0,0,0,0,0,0.17152002453804,0.177714778631926,0,0,0,0.103909880474762,0,0,0,0.216750360644141,0,0,0,0,0,0,0,0,0,0,0,0.316304964847886,0,0,0,0.202701725065708,0,0,0,0,0,0,0,0.281973097059462,0,0,0,0,0,0.374657422667596,0,0,0,0,0,0,0,0,0.1066575974226,0,0.265199722415143,0,0.189338486035802,0,0,0,0,0,0,0,0,0,0,0,0.284994412242442,0,0.173162721881741,0,0.300066403325102,0,0
0.30638019314834,0,0,0,0,0,0,0,0.251303373018572,0,0,0,0,0,0.286570943892002,0,0,0,0,0,0,0,0.236246331349799,0,0,0,0.208959636588891,0,0,0,0,0,0,0,0,0,0,0,0.263923642295663,0,0,0,0,0,0,0,0,0,0.370817984405317,0,0,0,0,0,0.280005193096356,0,0,0,0,0,0,0,0,0,0,0.252514616485865,0,0.301946344170671,0,0.146224684282845,0,0,0,0,0,0,0,0.314532146642083,0,0,0,0.334350731779659,0.273062305997557,0.296574823558331,0.382926106452942,0,0
0,0,0,0,0,0,0,0,0,0.184240925643179,0,0,0,0.12923785381847,0,0.143751737760737,0.16489165232462,0.150851427328643,0.225913414731622,0,0,0,0,0.216750360644141,0,0,0,0,0,0,0,0,0,0,0,0,0,0.372565284371376,0,0,0,0.225337520241737,0,0,0,0,0,0,0,0,0,0,0,0,0,0,0,0,0,0.210875046253204,0,0.165018580853939,0,0,0.163193181157112,0,0.26126460725342,0,0.191744369414686,0,0.204083003676855,0,0,0,0,0,0,0,0.271601885557175,0,0.371175289154053,0,0.169265598564484,0.142302110949729,0.35031110899789,0,0
0,0,0,0,0,0,0,0,0,0,0,0,0,0,0,0,0.172892498873895,0,0,0,0,0,0.124950811266899,0,0.208959636588891,0,0,0,0.233917191156892,0,0,0,0,0,0,0,0,0,0,0,0,0,0,0,0,0,0,0,0,0,0,0,0,0,0,0,0,0,0,0,0,0,0,0,0,0,0,0,0,0.237036979159101,0,0.246939234195217,0,0,0,0,0,0,0,0,0,0,0.149901185260744,0,0,0,0
0,0,0,0,0,0,0,0,0,0,0,0,0,0.200987659635082,0,0,0,0,0,0,0,0.180738839396038,0,0,0,0,0,0,0,0,0,0,0,0,0,0,0,0,0,0,0,0,0,0,0,0,0,0,0,0,0,0,0,0,0,0,0,0,0,0.219094474400793,0,0,0,0,0,0,0,0,0,0,0.211231966072054,0,0.250567257404327,0,0,0,0,0,0,0,0,0,0,0,0,0,0
0,0,0,0,0,0,0,0,0,0,0.198606503506502,0,0.19441828590173,0,0,0,0.133995731671651,0,0,0,0,0,0.210259941616499,0,0,0,0.233917191156892,0,0,0,0.107737306505442,0,0,0,0,0,0,0,0.211655884333279,0,0,0,0,0,0,0,0,0.428747922182083,0,0,0,0,0,0,0,0,0.132199729482333,0,0.213006284944019,0,0,0,0,0,0,0.217466156397547,0,0,0,0.256355430018397,0,0.211041549873965,0,0.0957441739737988,0,0,0,0,0,0,0,0.242925052531064,0.24190720419089,0.133114948868752,0.424241781234741,0,0
0,0,0,0,0,0,0,0,0,0,0,0.126600179564336,0,0,0,0,0,0,0,0.180757686495781,0,0,0,0,0,0,0,0,0,0,0,0,0,0,0,0,0,0.118029519915581,0,0.35686868429184,0,0,0,0,0,0.261633342930249,0,0,0,0,0,0,0,0,0,0,0,0.25323773920536,0,0,0,0,0,0,0,0,0,0,0,0,0,0,0.218053688365838,0,0,0,0,0,0,0,0.144313290715218,0,0,0,0.317147940397263,0,0
0,0,0,0,0,0,0,0,0,0,0.115340677531142,0,0,0,0,0,0,0,0,0,0,0,0,0,0,0,0,0,0.107737306505442,0,0,0,0,0,0,0,0,0,0.176650991371597,0,0,0,0,0,0,0,0,0,0,0,0,0,0,0,0,0,0.127872578799725,0,0,0,0,0,0,0,0,0,0,0,0,0,0,0.116196584816162,0,0.14011883104427,0,0,0,0,0,0,0,0.172887064516544,0,0,0,0,0
0,0,0,0,0,0,0,0,0,0,0,0,0,0,0,0,0,0,0,0,0,0,0,0,0,0,0,0,0,0,0,0,0.388874085263583,0.287388287253022,0.515438484294074,0.226779540867491,0.153310159806694,0,0,0,0,0,0,0,0,0,0,0.420783227389185,0.524904906749725,0,0,0,0,0,0,0,0,0,0,0,0,0,0,0,0,0,0,0,0,0,0,0,0,0,0.454782072152424,0.30701445766653,0.275664815193285,0.514051965691827,0.236419246484888,0.306452057634791,0,0,0.193066953408827,0,0,0,0
0,0,0,0,0,0,0,0,0,0,0,0,0,0,0,0,0,0,0,0,0,0,0,0,0,0,0,0,0,0,0,0.388874085263583,0,0.258576872232168,0.31139739709241,0.166265574870286,0.145856170792288,0,0,0,0,0,0,0,0,0,0,0.465225377349564,0.489642645631518,0,0,0,0,0,0,0,0,0,0,0,0,0,0,0,0,0,0,0,0,0,0,0,0,0,0.387819362560803,0.281524558454373,0.229943533306536,0.390241448131819,0.175677139844213,0.280577695293987,0,0,0.244455400009115,0,0,0,0
0,0,0,0,0,0,0,0,0,0,0,0,0,0,0,0,0,0,0,0,0,0,0,0,0,0,0,0,0,0,0,0.287388287253022,0.258576872232168,0,0.254628133115656,0.184190714915833,0,0.353748873802664,0.611953971641404,0,0,0,0,0,0,0,0,0.499395776044204,0.481713673188573,0.487140687612387,0,0,0,0,0,0,0,0,0,0,0,0,0,0,0,0,0,0,0,0,0.354521418439931,0,0.360065509875615,0,0.430111412864282,0.227620983945912,0.344015212171663,0.196188417734771,0.264455597405717,0.486067187327605,0.354344581878324,0.589018212424384,0.286728305668812,0,0.408463686704636,0,0
0,0,0,0,0,0,0,0,0,0,0,0,0,0,0,0,0,0,0,0,0,0,0,0,0,0,0,0,0,0,0,0.515438484294074,0.31139739709241,0.254628133115656,0,0,0.146798952059312,0,0.237467348575592,0,0,0,0.47247239947319,0,0,0,0,0.430494784602185,0.505196510720998,0.44282989948988,0,0,0,0,0,0,0,0,0,0,0,0,0,0,0,0,0,0,0,0,0,0,0,0,0.519235213597616,0.245616267745694,0.308864075031694,0.230812426090865,0,0.340928193769957,0,0.261260400477209,0.22111732702134,0,0.448338441550732,0,0
0,0,0,0.140059694647789,0,0.224480490883191,0,0.203656604083685,0,0,0,0.140367556363344,0,0,0,0,0,0,0,0.147052468530312,0,0,0,0,0,0,0,0,0,0,0,0.226779540867491,0.166265574870286,0.184190714915833,0,0,0.176316974624077,0.160399380461074,0,0.317907929420471,0,0.236422777175903,0,0,0,0.185045139988263,0,0.271999862452268,0.232353162880127,0.233408775467139,0,0,0,0,0,0,0,0,0,0,0,0,0.187060925766266,0,0,0,0,0,0,0,0,0,0,0,0.248591621164922,0.221987724304199,0.239197554066777,0,0.229079140676987,0.168080907518213,0.199842689342958,0,0.18519937607799,0.155934582331351,0.194857001304626,0,0
0,0,0,0,0.202511981129646,0,0,0,0,0,0,0,0,0,0,0,0,0,0,0,0.190605976596111,0,0,0,0,0,0,0,0,0,0,0.153310159806694,0.145856170792288,0,0.146798952059312,0.176316974624077,0,0,0.207455883747426,0,0.180795896266188,0,0.244626350700855,0,0,0,0.192291110754013,0.18204306644368,0.207184109091759,0,0.22114693605509,0,0,0,0,0,0.230409440398216,0,0.225236861543222,0,0,0,0,0.201544785011215,0,0,0,0,0,0,0,0,0,0,0.166880093990488,0.196832529772287,0,0.12506662096296,0.188116315033352,0.218572647795465,0,0.188271974441722,0.179992592478472,0.171846926879527,0.220719896733146,0,0
0,0.347735470533371,0,0,0,0,0,0,0,0.275779231230623,0,0.144911260319162,0,0,0,0,0,0,0.416036049524943,0.150990628219884,0,0.139343910520115,0,0.316304964847886,0,0.372565284371376,0,0,0,0.118029519915581,0,0,0,0.353748873802664,0,0.160399380461074,0,0,0.184759786973397,0.256539523601532,0,0.322468563914299,0,0,0,0.257582352894127,0,0.550097932610709,0,0.425325386467818,0,0,0,0,0,0.356469312903061,0,0.244365870597817,0,0,0,0.312313497066498,0.155420105607636,0,0.258476546183229,0,0.370728407505054,0,0,0,0.397151833189071,0,0.309736528179862,0,0,0,0.268052624464035,0,0.226378449905463,0,0.251976942116321,0,0.199340457385578,0.439164955019951,0.283915652856231,0.428304195404053,0
0.303545489907265,0,0.292056903243065,0,0,0,0,0,0.17650509639731,0,0.124855977680647,0,0,0,0,0,0.399914532899857,0,0.434640886055099,0,0.25168303987027,0,0.263604700705255,0,0.263923642295663,0,0,0,0.211655884333279,0,0.176650991371597,0,0,0.611953971641404,0.237467348575592,0,0.207455883747426,0.184759786973397,0,0,0,0.318374667436846,0.372898153522435,0,0,0,0.352904679186373,0.543087431585102,0.458908758119301,0.396167080510746,0.274159699678421,0,0,0,0.168531722888566,0,0.17081482914534,0,0,0,0,0,0,0.297483045076564,0,0.314501961159123,0,0.248505080393592,0,0,0,0.212345368031299,0,0.164031466019565,0,0,0.392739295959473,0.297462161264752,0.371239274740219,0.238289154502318,0,0.261422004455504,0.29240796041963,0.32299538855167,0.379709812766042,0,0.39900502121007
0,0.356329306960106,0,0.282065874040127,0,0.286880276269383,0,0,0,0,0,0,0,0,0,0,0.315815024268933,0.326134852509,0.346918903023287,0,0,0,0,0,0,0,0,0,0,0.35686868429184,0,0,0,0,0,0.317907929420471,0,0.256539523601532,0,0,0.324482870101929,0.345328056389365,0.284819716888089,0.429608941344278,0.389326930046082,0.252962782105634,0.30690507638839,0.233673576204503,0,0.191125486443685,0,0,0,0,0,0,0.31099945306778,0.269117761982812,0,0,0,0,0.271132436891397,0.311714510707294,0,0,0,0,0,0,0,0,0.270119124054909,0,0,0,0,0,0.289615570262392,0.313384865224361,0.352382966322813,0.336857465761048,0.341605300129346,0.326918539765117,0.343328155891197,0.368353211912124,0.277439844608307
0,0,0.255290126428008,0,0,0,0,0,0.220962047576904,0,0,0,0,0,0,0,0.289960318803787,0.330321582880887,0.328396119964801,0,0,0,0,0,0,0,0,0,0,0,0,0,0,0,0,0,0.180795896266188,0,0,0.324482870101929,0,0.288460666934649,0.256538703195586,0.32499372959137,0.436703488230705,0.26672089099884,0.214150053733274,0.166955634951591,0.338545870899822,0,0.226389811436335,0,0,0,0,0,0.242270878950755,0,0.237587817013264,0,0,0,0,0.207615436078977,0,0,0,0,0,0,0,0,0,0.32718288898468,0,0,0,0,0.22333987057209,0.26102897379309,0,0.295320515831312,0.296712125976418,0.288659695535898,0.218970060580616,0.259682536125183,0.289046863024985
0,0.253951810218476,0,0.315331522745696,0,0.272032086338316,0,0,0,0.200554186105728,0,0,0,0,0,0.270570069551468,0.302137188731678,0.31045969931392,0.332159953009171,0,0,0,0,0.202701725065708,0,0.225337520241737,0,0,0,0,0,0,0,0,0,0.236422777175903,0,0.322468563914299,0.318374667436846,0.345328056389365,0.288460666934649,0,0.241389432451227,0.4508756245176,0,0.308510818206415,0.265788330086346,0.443587002990482,0.399679122699632,0.285324687491733,0.253539234399796,0,0,0,0,0,0.287455230951309,0.332503123457833,0,0,0,0,0.328297777707621,0.285082285487375,0,0,0,0,0,0,0,0,0.336661932261094,0,0,0,0,0.469771027565002,0.357054506231616,0.294309122585937,0.403497978544502,0.318021151050925,0.298735915812857,0.312414027073167,0.328295929272854,0.291001056587625,0.266570813457171
0.38649913539857,0,0.283130511925876,0.274137636025747,0.267272250218825,0,0,0,0.272697169408702,0,0,0,0,0,0,0,0.280190990484775,0.28218189213011,0.241617877694377,0,0.300774037837982,0,0,0,0,0,0,0,0,0,0,0,0,0,0.47247239947319,0,0.244626350700855,0,0.372898153522435,0.284819716888089,0.256538703195586,0.241389432451227,0,0,0.244576523485391,0.298065382242203,0.271474154906303,0.498892575502396,0.355574043297803,0,0.270838507925564,0,0,0,0.269798393547535,0,0.303313397741937,0.268487453460693,0.259220266342163,0,0,0,0,0.287963430872545,0,0,0,0,0,0,0,0,0,0.308214422265689,0,0,0,0,0.309105327352881,0.290911840529137,0.324517855420709,0.323866722448227,0.280151920290343,0.278120222687721,0.302663147815258,0.247672720087899,0.283333032608292
0,0.444667756557465,0,0,0,0,0,0,0,0,0,0,0,0,0,0,0.292997390031815,0.26991131901741,0.384323417076043,0,0,0,0,0,0,0,0,0,0,0,0,0,0,0,0,0,0,0,0,0.429608941344278,0.32499372959137,0.4508756245176,0,0,0,0.325542231400808,0,0,0,0,0,0,0,0,0,0,0,0.425312084310195,0,0,0,0,0.366331785917282,0,0,0,0,0,0,0,0,0,0.438773080706596,0,0,0,0,0,0.487460995903996,0,0.567859463662986,0.293006092309952,0.276940623298287,0,0.531354225494645,0.508316401588289,0
0,0,0,0,0,0,0,0,0,0,0,0,0,0,0,0,0,0,0.314004761439103,0,0,0,0,0,0,0,0,0,0,0,0,0,0,0,0,0,0,0,0,0.389326930046082,0.436703488230705,0,0.244576523485391,0,0,0,0.259450870255629,0,0,0,0,0,0,0,0,0,0,0,0,0,0,0,0,0.331279062412002,0,0,0,0,0,0,0,0,0,0,0,0,0,0,0,0.401065043084425,0,0.484355770308396,0.24769090116024,0,0.306058273783752,0,0.285136975347996
0,0,0,0.231024857995839,0,0.297520059253181,0,0,0,0,0,0.260217692170824,0,0,0,0,0.303298463424047,0.296158008954742,0.315040097583698,0.262214138025516,0,0,0,0,0,0,0,0,0,0.261633342930249,0,0,0,0,0,0.185045139988263,0,0.257582352894127,0,0.252962782105634,0.26672089099884,0.308510818206415,0.298065382242203,0.325542231400808,0,0,0.259570121765137,0.214277431834489,0.196205478161573,0.226489531362186,0,0,0,0,0,0,0,0.286569656437503,0,0,0,0,0.284396640798884,0.337949603796005,0,0,0,0,0,0,0,0,0.270347969429771,0,0,0,0,0,0.239614172144877,0.282542884349823,0.315527357244581,0.31774811233793,0.298533323999137,0.27000955823395,0.293702547727862,0.302772785627073,0
0.427903061111768,0,0.221449768636376,0.276305645704269,0.21257050037384,0,0,0,0.205162264406681,0.234754227101803,0,0,0,0,0,0,0.289059712902292,0.287204634463578,0.293920278798065,0,0.343242305956903,0,0,0,0,0,0,0,0,0,0,0,0,0,0,0,0.192291110754013,0,0.352904679186373,0.30690507638839,0.214150053733274,0.265788330086346,0.271474154906303,0,0.259450870255629,0.259570121765137,0,0,0.234593997993869,0,0.227224635501062,0,0,0,0.211113996803761,0,0.266552758216858,0.364376127719879,0.255121499300003,0,0,0,0,0.211634568031829,0,0,0,0,0,0,0,0,0,0.316238190978765,0,0,0,0,0.310771675486314,0.274222045287255,0.334556375231062,0.375486121854827,0.292430438002959,0.294679356217384,0.26140256983285,0.266404196619987,0.260185743123293
0,0,0,0.250463634729385,0,0.25971707701683,0,0,0,0,0,0,0,0,0,0,0,0,0,0,0,0,0.543546378612518,0,0,0,0,0,0.428747922182083,0,0,0.420783227389185,0.465225377349564,0.499395776044204,0.430494784602185,0.271999862452268,0.18204306644368,0.550097932610709,0.543087431585102,0.233673576204503,0.166955634951591,0.443587002990482,0.498892575502396,0,0,0.214277431834489,0,0,0.469535515743679,0.347692825676623,0,0,0,0,0,0,0,0,0,0,0,0,0,0,0,0.552829802036285,0,0,0,0,0.436302384805112,0.434043836593628,0.417006808519363,0,0.419727728992664,0.370985779332818,0.438016039507637,0.436686164090046,0.271428460350679,0.30701994548486,0.482285289938581,0.569082901863693,0.521685135927761,0.772903670779372,0.425415420902498,0.333601117134094,0
0.32868294479712,0,0.194879520553945,0.256707698106766,0.247439902424812,0,0,0,0.364457957751246,0,0,0,0,0,0,0,0.267749905586243,0.266661703586578,0.304296180605888,0,0,0,0,0,0.370817984405317,0,0,0,0,0,0,0.524904906749725,0.489642645631518,0.481713673188573,0.505196510720998,0.232353162880127,0.207184109091759,0,0.458908758119301,0,0.338545870899822,0.399679122699632,0.355574043297803,0,0,0.196205478161573,0.234593997993869,0.469535515743679,0,0.35433061066128,0.242217245697975,0,0,0,0.192903087361828,0,0.262876326839129,0.266200587153435,0.250688187777996,0,0.238867456422133,0,0.252184972167015,0.232406136785683,0,0.248506706207991,0,0,0,0,0,0,0,0.235237147945624,0.505751967430115,0.403684556484222,0.44035767164041,0.432841791161175,0.246198362360398,0.355105986937913,0,0.432570884054191,0.383706898813633,0.300862796604633,0.300886785193284,0,0.331970965745402
0,0.204599730884344,0,0.204340043559409,0,0.264172648390134,0,0,0,0.221830852743652,0,0,0,0,0,0,0.295178949832916,0.293429732322693,0.282642470598221,0,0,0.203448615793331,0,0.281973097059462,0,0,0,0,0,0,0,0,0,0.487140687612387,0.44282989948988,0.233408775467139,0,0.425325386467818,0.396167080510746,0.191125486443685,0,0.285324687491733,0,0,0,0.226489531362186,0,0.347692825676623,0.35433061066128,0,0,0,0,0,0,0.397838294506073,0,0.24541800112673,0,0.262647135899617,0,0.226575879777064,0.252058340191114,0,0.252574897128893,0,0.304368391633034,0,0.243070594966412,0,0.421388090902831,0,0.262930082919814,0,0,0,0.299218593537807,0,0.215158168762806,0,0.307621367638274,0.385163247585297,0.280677063686024,0.394446068339878,0.264466325096786,0.263551572337747,0
0,0,0.214796308826351,0,0.171606521087664,0,0.138777786149428,0,0.191768260563121,0,0,0,0.173754088580608,0,0,0,0,0,0,0,0.179244168195295,0,0,0,0,0,0,0,0,0,0,0,0,0,0,0,0.22114693605509,0,0.274159699678421,0,0.226389811436335,0.253539234399796,0.270838507925564,0,0,0,0.227224635501062,0,0.242217245697975,0,0,0,0.169950105249882,0,0.143573597073555,0,0.199411808437592,0,0.266446406522619,0,0.211173497140408,0,0,0.22026735913316,0,0,0,0,0,0,0,0,0,0,0,0,0,0,0,0.235856395214796,0,0.281701669096947,0.190573936511933,0,0.207611276333227,0,0
0,0,0,0.235402111762336,0,0.222361540596788,0,0.216107711195946,0,0,0,0,0,0,0,0,0,0,0,0,0,0,0,0,0,0,0,0,0,0,0,0,0,0,0,0,0,0,0,0,0,0,0,0,0,0,0,0,0,0,0,0,0,0.222158240549492,0,0,0,0.188893109942094,0,0.19355436837351,0,0.180075173576673,0,0,0,0,0,0,0,0,0,0,0,0,0,0,0,0,0,0,0.281159609556198,0,0.210561452991853,0,0.243972579160562,0,0
0,0,0,0,0.136705802904593,0,0.147152728690156,0,0,0,0,0,0.216030719876289,0,0,0,0,0,0,0,0.157743283680507,0,0,0,0,0,0,0,0,0,0,0,0,0,0,0,0,0,0,0,0,0,0,0,0,0,0,0,0,0,0.169950105249882,0,0,0,0,0,0.27294428782915,0,0.26763643976301,0,0,0,0,0,0,0,0,0,0,0,0,0,0,0,0,0,0,0,0,0,0,0,0.157651940310324,0,0,0,0
0,0,0,0,0,0.191767364740372,0,0.18892286574266,0,0,0,0,0,0,0,0,0,0,0,0,0,0,0,0,0,0,0,0,0,0,0,0,0,0,0,0,0,0,0,0,0,0,0,0,0,0,0,0,0,0,0,0.222158240549492,0,0,0,0,0,0.215772062540054,0,0.205124383171399,0,0,0,0,0,0,0,0,0,0,0,0,0,0,0,0,0,0,0,0,0,0,0.198921476310663,0.12637150633548,0,0,0
0.153955925256014,0,0.151618024005609,0,0,0,0,0,0.265372808201981,0,0,0,0,0,0.241569288261235,0,0,0,0,0,0,0,0,0,0.280005193096356,0,0,0,0,0,0,0,0,0,0,0,0,0,0.168531722888566,0,0,0,0.269798393547535,0,0,0,0.211113996803761,0,0.192903087361828,0,0.143573597073555,0,0,0,0,0,0.245676347187587,0,0,0,0,0,0,0.223009680708249,0,0,0,0.295823598351813,0,0,0,0,0,0,0,0,0,0,0,0.235695447772741,0,0.22831256768188,0.210306661669165,0,0.213415184191295,0,0
0,0.269816995198212,0,0,0,0,0,0,0,0.258476682958119,0,0,0,0,0,0.176103348412165,0.160809226334095,0.168904575705528,0,0,0,0,0,0.374657422667596,0,0,0,0,0,0,0,0,0,0,0,0,0,0.356469312903061,0,0,0,0,0,0,0,0,0,0,0,0.397838294506073,0,0,0,0,0,0,0,0,0,0,0,0.189487685975821,0,0,0.35048434138298,0,0.350084105705621,0,0,0,0,0,0,0,0,0,0,0,0,0,0.339114779636344,0,0.200901904702187,0,0.331388150321113,0,0
0,0,0.269773911152567,0,0.203135829705458,0,0.276929128081051,0,0.341094202938534,0,0.193184874889552,0,0.266270986625126,0,0,0,0.318015217781067,0,0.359488178044558,0,0.13463029470937,0,0,0,0,0,0,0,0.132199729482333,0,0.127872578799725,0,0,0,0,0,0.230409440398216,0,0.17081482914534,0.31099945306778,0.242270878950755,0.287455230951309,0.303313397741937,0,0,0,0.266552758216858,0,0.262876326839129,0,0.199411808437592,0,0.27294428782915,0,0.245676347187587,0,0,0,0.274852146133781,0,0.276182566984342,0,0,0.311098711808091,0,0,0,0,0,0,0,0,0,0.13780035097152,0,0,0,0,0.2905233502388,0.26239978741197,0,0.346263557672501,0.263509218077191,0,0.319013937882268,0,0.345820705095927
0,0.265863966196775,0,0.266028105197842,0,0.197416154648128,0,0,0,0,0,0.224205831655556,0,0.160605491449436,0,0,0.304741750160853,0.330158936349969,0.384107493374446,0.22517228188614,0,0,0,0,0,0,0,0,0,0.25323773920536,0,0,0,0,0,0,0,0.244365870597817,0,0.269117761982812,0,0.332503123457833,0.268487453460693,0.425312084310195,0,0.286569656437503,0.364376127719879,0,0.266200587153435,0.24541800112673,0,0.188893109942094,0,0.215772062540054,0,0,0,0,0,0.197997669733706,0,0.220467301883868,0.286851397468471,0.306416362524033,0,0,0,0,0,0,0.290205484628677,0,0.313995063515966,0,0,0,0,0,0.2628841633568,0,0.303908872253755,0,0.310722108422355,0.355842882394791,0.293679206873071,0.387317432086473,0.313489109277725
0,0,0.228169447618974,0,0.287226544486152,0,0.222332716520344,0,0,0,0.216610729548989,0,0.228060694706913,0,0.226529939317553,0,0,0,0,0,0,0,0,0,0,0,0,0,0.213006284944019,0,0,0,0,0,0,0,0.225236861543222,0,0,0,0.237587817013264,0,0.259220266342163,0,0,0,0.255121499300003,0,0.250688187777996,0,0.266446406522619,0,0.26763643976301,0,0,0,0.274852146133781,0,0,0,0.260785196267825,0,0,0.251158475875854,0,0,0,0,0,0,0,0.252629377670511,0,0,0,0,0,0,0,0.23934930562973,0,0,0,0,0.245440774741657,0,0
0,0,0,0.213242053985596,0,0.185802068029131,0,0.167201792200406,0,0,0,0,0,0.127741446162199,0,0,0,0,0,0,0,0,0,0,0,0.210875046253204,0,0.219094474400793,0,0,0,0,0,0,0,0,0,0,0,0,0,0,0,0,0,0,0,0,0,0.262647135899617,0,0.19355436837351,0,0.205124383171399,0,0,0,0.197997669733706,0,0,0,0,0,0,0,0,0,0,0.232454985380173,0,0.24959562138796,0,0.272509515285492,0,0,0,0,0,0,0,0,0,0.162105687060638,0,0.29646772146225,0,0
0.220755217330796,0,0.215658096042839,0,0,0,0,0,0.16671983897686,0,0,0,0.231266221227615,0,0.20539597761631,0,0,0,0,0,0,0,0,0,0,0,0,0,0,0,0,0,0,0,0,0,0,0,0,0,0,0,0,0,0,0,0,0,0.238867456422133,0,0.211173497140408,0,0,0,0,0,0.276182566984342,0,0.260785196267825,0,0,0,0,0,0,0,0,0,0,0,0,0,0,0,0,0,0,0,0,0,0,0,0,0,0,0,0
0,0.198307015655334,0,0.204544395208359,0,0,0,0,0,0.204314280991201,0,0,0,0,0,0.194652171236164,0,0.159005768105879,0,0,0,0,0,0,0,0.165018580853939,0,0,0,0,0,0,0,0,0,0,0,0.312313497066498,0,0,0,0,0,0,0,0,0,0,0,0.226575879777064,0,0.180075173576673,0,0,0,0.189487685975821,0,0.220467301883868,0,0,0,0,0,0,0,0,0.241495114564896,0,0.209827815492948,0,0.25258478700225,0,0,0,0,0,0,0,0,0,0,0,0.162921179489917,0.165263287723064,0.24694811552763,0,0
0,0,0,0.268087537027895,0,0.306791460878557,0,0.149845689535141,0,0,0,0.186820420803446,0,0,0,0,0,0.322522446513176,0.3302001953125,0.210874689441084,0,0,0,0,0,0,0,0,0,0,0,0,0,0,0,0.187060925766266,0,0.155420105607636,0,0.271132436891397,0,0.328297777707621,0,0.366331785917282,0,0.284396640798884,0,0,0.252184972167015,0.252058340191114,0,0,0,0,0,0,0,0.286851397468471,0,0,0,0,0,0,0,0,0,0,0,0,0,0,0.248170173779037,0,0,0,0,0,0.238317842085204,0,0.266708844651779,0,0.209139431320966,0.154960744082928,0.286290795903573,0.312798469174992,0
0.378907263278961,0,0.268078864935566,0,0.1845961779356,0,0,0,0.259311959147453,0,0,0,0,0,0,0,0.314782912532489,0.301010061440797,0.319358653616248,0,0.248234209220648,0,0,0,0,0,0,0,0,0,0,0,0,0,0,0,0.201544785011215,0,0.297483045076564,0.311714510707294,0.207615436078977,0.285082285487375,0.287963430872545,0,0.331279062412002,0.337949603796005,0.211634568031829,0,0.232406136785683,0,0.22026735913316,0,0,0,0.223009680708249,0,0.311098711808091,0.306416362524033,0.251158475875854,0,0,0,0,0,0,0,0,0,0,0,0,0,0,0.268759582340717,0,0,0,0,0.325975232654148,0.270773746717735,0.346141798155648,0.348663639598571,0.301227628488627,0.301723721462327,0.289421163165698,0.292636884110315,0.262093359151402
0,0,0,0,0,0,0,0,0,0,0,0,0,0,0,0,0,0.142886266112328,0,0,0,0.177565781607465,0,0.1066575974226,0,0.163193181157112,0,0,0,0,0,0,0,0,0,0,0,0.258476546183229,0,0,0,0,0,0,0,0,0,0,0,0.252574897128893,0,0,0,0,0,0.35048434138298,0,0,0,0,0,0,0,0,0,0,0.20291808558793,0,0,0,0.142726257443428,0,0,0,0,0,0,0,0,0,0.287592110463551,0,0.204262213025353,0,0.481773614883423,0,0
0,0,0,0,0,0,0,0,0,0,0,0,0,0,0,0,0,0,0,0,0,0,0.201367555158054,0,0.252514616485865,0,0,0,0.217466156397547,0,0,0,0,0,0,0,0,0,0.314501961159123,0,0,0,0,0,0,0,0,0.552829802036285,0.248506706207991,0,0,0,0,0,0,0,0,0,0,0,0,0,0,0,0,0,0,0.257930620799999,0,0.20568141921495,0,0.199735763337877,0,0,0,0,0,0,0,0,0,0.459642514449111,0.190094696574433,0.355851516127586,0,0,0
0,0.275524184380695,0,0,0,0,0,0,0,0.374156548380852,0,0,0,0,0,0,0,0,0,0,0,0.210801282035771,0,0.265199722415143,0,0.26126460725342,0,0,0,0,0,0,0,0,0,0,0,0.370728407505054,0,0,0,0,0,0,0,0,0,0,0,0.304368391633034,0,0,0,0,0,0.350084105705621,0,0,0,0,0,0.241495114564896,0,0,0.20291808558793,0,0,0,0.214932305675544,0,0,0,0,0,0,0,0,0,0,0,0.288883026835897,0,0.251178995129608,0,0.371453696435636,0,0
0.255911260843277,0,0,0,0,0,0,0,0.313998230874421,0,0,0,0,0,0.323048004082271,0,0,0,0,0,0,0,0.260550861557325,0,0.301946344170671,0,0,0,0,0,0,0,0,0,0,0,0,0,0.248505080393592,0,0,0,0,0,0,0,0,0,0,0,0,0,0,0,0.295823598351813,0,0,0,0,0,0,0,0,0,0,0.257930620799999,0,0,0,0,0,0,0,0,0,0,0,0.341865360736847,0,0,0,0.271732391137157,0.226636419693629,0,0.133537804087003,0,0
0,0,0,0,0,0,0,0,0,0.210064813494682,0,0,0,0,0,0.173606299360593,0.173796104888121,0.156180578949196,0.168553203344345,0,0,0.192528635263443,0,0.189338486035802,0,0.191744369414686,0,0,0,0,0,0,0,0,0,0,0,0,0,0,0,0,0,0,0,0,0,0,0,0.243070594966412,0,0,0,0,0,0,0,0,0,0.232454985380173,0,0.209827815492948,0,0,0,0,0.214932305675544,0,0,0,0.284593497082859,0,0,0,0,0,0,0,0,0,0,0,0.181927080919494,0.153442542999983,0.253682288858626,0,0
0,0,0,0,0,0,0,0,0,0,0,0,0,0,0,0,0,0,0,0,0,0,0,0,0.146224684282845,0,0.237036979159101,0,0.256355430018397,0,0,0,0,0,0,0,0,0,0,0,0,0,0,0,0,0,0,0,0,0,0,0,0,0,0,0,0,0,0,0,0,0,0,0,0,0.20568141921495,0,0,0,0,0,0.244467095971653,0,0,0,0,0,0,0,0,0,0,0.184360638260841,0,0,0,0
0,0,0,0,0,0,0,0,0,0,0,0,0,0.188969805836678,0,0,0,0,0,0,0,0.160440889813683,0,0,0,0.204083003676855,0,0.211231966072054,0,0,0,0,0,0.354521418439931,0,0,0,0.397151833189071,0,0,0,0,0,0,0,0,0,0.436302384805112,0,0.421388090902831,0,0,0,0,0,0,0,0.290205484628677,0,0.24959562138796,0,0.25258478700225,0,0,0.142726257443428,0,0,0,0.284593497082859,0,0,0,0.282599697510401,0,0,0,0,0,0,0,0.318523881079293,0,0.387218808134397,0.393453642725945,0.393484840790431,0,0
0,0,0,0,0,0,0,0,0,0,0,0,0.220168647666772,0,0,0,0,0,0,0,0,0,0.218114775262381,0,0,0,0.246939234195217,0,0.211041549873965,0,0.116196584816162,0,0,0,0,0,0,0,0.212345368031299,0,0,0,0,0,0,0,0,0.434043836593628,0,0,0,0,0,0,0,0,0,0,0.252629377670511,0,0,0,0,0,0,0.199735763337877,0,0,0,0.244467095971653,0,0,0,0.100888278526373,0,0,0,0,0,0,0,0.205613953932639,0.311818987131119,0,0.401852309703827,0,0
0,0,0,0.285151410102844,0,0,0,0,0,0,0,0.217564722895622,0,0,0,0,0,0,0.443812906742096,0.216320338845253,0,0,0,0,0,0,0,0.250567257404327,0,0.218053688365838,0,0,0,0.360065509875615,0,0,0,0.309736528179862,0,0.270119124054909,0,0.336661932261094,0,0.438773080706596,0,0.270347969429771,0,0.417006808519363,0,0.262930082919814,0,0,0,0,0,0,0,0.313995063515966,0,0.272509515285492,0,0,0.248170173779037,0,0,0,0,0,0,0,0.282599697510401,0,0,0,0,0,0,0,0.264688695079825,0,0.300354419254474,0,0.351885158568621,0.410647958517075,0.306838664961489,0.397985344583338,0
0,0,0.280912816524506,0,0.250046908855438,0,0,0,0.326563015580177,0,0.132103861442634,0,0,0,0,0,0,0,0.387034326791763,0,0.231777653098106,0,0,0,0,0,0,0,0.0957441739737988,0,0.14011883104427,0,0,0,0,0,0,0,0.164031466019565,0,0.32718288898468,0,0.308214422265689,0,0,0,0.316238190978765,0,0.235237147945624,0,0,0,0,0,0,0,0.13780035097152,0,0,0,0,0,0,0.268759582340717,0,0,0,0,0,0,0,0.100888278526373,0,0,0,0,0,0,0,0.332768445665186,0,0,0.369808677679453,0.384800046682358,0.361548974163158,0,0.381547113259633
0,0,0,0,0,0,0,0,0,0,0,0,0,0,0,0,0,0,0,0,0,0,0,0,0,0,0,0,0,0,0,0.454782072152424,0.387819362560803,0.430111412864282,0.519235213597616,0.248591621164922,0.166880093990488,0,0,0,0,0,0,0,0,0,0,0.419727728992664,0.505751967430115,0,0,0,0,0,0,0,0,0,0,0,0,0,0,0,0,0,0,0,0,0,0,0,0,0,0,0.377657503957052,0.284363504428909,0.388216103116671,0.256987955598604,0.297007883499776,0,0,0.411744885532944,0,0,0,0
0,0,0,0,0,0,0,0,0,0,0,0,0,0,0,0,0,0,0,0,0,0,0,0,0,0,0,0,0,0,0,0.30701445766653,0.281524558454373,0.227620983945912,0.245616267745694,0.221987724304199,0.196832529772287,0,0,0,0,0,0,0,0,0,0,0.370985779332818,0.403684556484222,0,0,0,0,0,0,0,0,0,0,0,0,0,0,0,0,0,0,0,0,0,0,0,0,0,0.377657503957052,0,0.197918087244034,0.254931881078112,0,0.265336770675737,0,0,0.231021427721172,0,0,0,0
0,0,0,0,0,0,0,0,0,0,0,0,0,0,0,0,0,0,0,0,0,0,0,0,0,0,0,0,0,0,0,0.275664815193285,0.229943533306536,0.344015212171663,0.308864075031694,0.239197554066777,0,0.268052624464035,0.392739295959473,0,0,0,0,0,0,0,0,0.438016039507637,0.44035767164041,0.299218593537807,0,0,0,0,0,0,0,0,0,0,0,0,0,0,0,0,0,0,0,0,0,0,0,0,0.284363504428909,0.197918087244034,0,0.362877507101406,0.26525285243988,0.470100343227386,0.275487967508604,0.406491428613663,0.296033377249037,0,0.38759147922198,0,0
0,0,0,0,0,0,0,0,0,0,0,0,0,0,0,0,0,0,0,0,0,0,0,0,0.314532146642083,0,0,0,0,0,0,0.514051965691827,0.390241448131819,0.196188417734771,0.230812426090865,0,0.12506662096296,0,0.297462161264752,0,0,0.469771027565002,0,0,0,0,0,0.436686164090046,0.432841791161175,0,0,0,0,0,0,0,0,0,0,0,0,0,0,0,0,0,0,0.341865360736847,0,0,0,0,0,0,0.388216103116671,0.254931881078112,0.362877507101406,0,0,0.165703917294741,0,0.257202866198978,0.218902905234846,0,0.443822801113129,0,0
0,0.473067052224103,0,0.296959557703563,0,0.282454116125181,0,0,0,0,0,0.270557507872581,0,0,0,0,0.332491138417806,0.344577211816356,0.396713249761833,0.185273843857721,0,0,0,0,0,0.271601885557175,0,0,0,0,0,0.236419246484888,0.175677139844213,0.264455597405717,0,0.229079140676987,0.188116315033352,0.226378449905463,0.371239274740219,0.289615570262392,0.22333987057209,0.357054506231616,0.309105327352881,0.487460995903996,0,0.239614172144877,0.310771675486314,0.271428460350679,0.246198362360398,0.215158168762806,0,0,0,0,0,0,0.2905233502388,0.2628841633568,0,0,0,0,0.238317842085204,0.325975232654148,0,0,0,0,0,0,0,0,0.264688695079825,0,0.256987955598604,0,0.26525285243988,0,0,0.25843384847479,0.251884746717684,0.356151440313884,0.308172562069443,0.346092309842828,0.369947659942598,0.374233560735834,0.310847945073072
0.453146341545828,0,0.290635475888848,0,0.226792652159929,0,0,0,0.222163941711187,0,0,0,0,0,0,0,0.324441518448293,0.31348758365637,0.347729106745563,0,0.182068418126461,0,0,0,0,0,0,0,0,0,0,0.306452057634791,0.280577695293987,0.486067187327605,0.340928193769957,0.168080907518213,0.218572647795465,0,0.238289154502318,0.313384865224361,0.26102897379309,0.294309122585937,0.290911840529137,0,0.401065043084425,0.282542884349823,0.274222045287255,0.30701994548486,0.355105986937913,0,0.235856395214796,0,0,0,0.235695447772741,0,0.26239978741197,0,0.23934930562973,0,0,0,0,0.270773746717735,0,0,0,0,0,0,0,0,0,0.332768445665186,0.297007883499776,0.265336770675737,0.470100343227386,0.165703917294741,0.25843384847479,0,0.345033027231693,0.282505357868588,0.284873625112483,0.316467056671778,0.314380877105283,0.310308573501451,0.285176782774144
