0,0,64.3485845476389,0,2.15897083282471,0,0,0,136.045707017183,0,0,0,0,0,0,0,0.290177285671234,1.19846928119659,68.8294988721609,0,0,0,0,0,0,0,0,0,0,0,0,0,0,0,0,0,1.0664180368185,0,0.576231941580772,0,8.7505117058754,0,189.502675905824,0,0,0.678603827953339,1.57618650794029,0,55.0283228904009,0.260536313056946,0,0,0,0,37.9889276921749,0,13.1187867671251,0,37.742456138134,0,36.1301205456257,0,0.201726540923119,0,0,0,0,0.388780891895294,0,0,0,0,0,25.8540188968182,0,0,0,0,0,37.3763230144978,0,24.5667125433683,107.928331181407,0,474.544229462743,0,0.596110790967941
0,0,0,17.7657903432846,0,12.6527910232544,0,0,0,107.951459020376,0,0,0,0,0,0,0,0.376386106014252,23.4132928103209,0,0,0,0,0,0,0,0,0,0,0,0,0,0,0,0,0.269488513469696,0,0,0,1.58376006782055,0,458.604755848646,0,0,0,0.648192852735519,0.588135123252869,0,0,332.098147898912,0,0,0,0,0,8.88516983389854,0,8.99189510941505,0,13.649186745286,0,30.7227741777897,0.616936534643173,0,0,0,0,0,0,0,1.2986706495285,0,6.70747794210911,0,0,0,0,0,6.88316847383976,0.557130396366119,2.40647125244141,0,90.4133597016335,0,506.223340958357,23.8507017791271,0
64.3485845476389,0,0,7.68382877111435,205.641673952341,0,0,0,72.4256461411715,0,0,0,0,0,0,0,0,0,15.747683018446,0,0,0,0,0,0,0,0,0,0,0,0,0,0,0,0,1.28650176525116,24.3672494143248,0,0,0,6.04145337641239,1.01213683187962,123.099934831262,0,0,0,5.17359928786755,4.41251967847347,136.171723514795,9.70956130325794,187.33179935813,2.03333951532841,0,0,22.9894777536392,0.14656563103199,78.7824696600437,1.24051462113857,35.2265873253345,1.24717170000076,2.85931098461151,0,0,1.44255018234253,0,0,0,0,0,0,0,0,1.18209804594517,35.4480808973312,0,0,0,0,0.105835594236851,25.6746350973845,0,2.27351579070091,151.084848463535,0,617.286181524396,0,22.1902462244034
0,17.7657903432846,7.68382877111435,0,0.167150184512138,133.055098414421,0,0,0,51.225207850337,0,0,0,0,0,0,3.07753729820251,0.214559853076935,6.61794045567513,1.17333495616913,0,0,0,0,0,0,0,0,0,0,0,0,0,0,0,13.0074535012245,0.154837399721146,0,0,15.4271009713411,5.24388698488474,92.2311796694994,1.29642789065838,0.240689158439636,0,4.77074164152145,9.05298862606287,0,1.06404341757298,160.861582495272,0,279.054226964712,0,0,0,10.534271478653,0.517497971653938,60.721357986331,0,187.242708295584,0,88.0851950496435,1.32523931562901,0.214096426963806,0,0,0,0,0,0,3.86951813101768,0,64.3005761504173,1.10236679017544,0,0,0,0,37.7567207962275,14.9190411493182,14.0709303617477,0.145939201116562,214.604488179088,0,523.71529019624,12.7739477008581,0
2.15897083282471,0,205.641673952341,0.167150184512138,0,0,0,0,5.66686195135117,0,0,0,0,0,35.6194508671761,0,0,0,0,0,63.1905521154404,0,0,0,0,0,0,0,0,0,0,0,0,0,0,0,0.861095011234283,0,0,0,1.31813967227936,0,21.8743971884251,0,0,0,3.13615846633911,0,3.71169228851795,1.57480919361115,269.59778688848,0,0,0,0.453926563262939,0,2.74983841180801,0,0,0,1.67178964614868,0,0,63.5127272903919,0,0,0,0,0,0,0,0,0,0,0,0,0,0,0,23.1060503125191,0,0,39.7594432681799,0,71.9691401869059,0,3.38750982284546
0,12.6527910232544,0,133.055098414421,0,0,0,0,0,50.9569911360741,0,0,0,0,0,0,0,0,0,10.741730928421,0,0,0,0,0,0,0,0,0,0,0,0,0,0,0,1.27662962675095,0,0,0,0,0,10.6172703206539,0,0,0,0,3.49063336849213,0,0,4.6175277531147,0,385.57407027483,0,0,0,0,0,4.23124948143959,0,6.42205181717873,0,20.5178311765194,0.924975663423538,0,0,0,0,0,0,0,0,0,5.3154052644968,0,0,0,0,0,12.7167085409164,0,0.81347131729126,0,128.908767938614,0,315.17100225389,0,0
0,0,0,0,0,0,0,0,0,0,0,0,0,0,0,0,0,0,0,0,7.64285206794739,0,0,0,0,0,0,0,0,0,0,0,0,0,0,0,45.6772358417511,0,0,0,0,0,0,0,0,0,0,0,0,0,21.6884098649025,0,498.564992815256,0,0,0,16.8746410161257,0,26.5011150687933,0,0,0,0,2.55441379547119,0,0,0,0,0,0,0,0,0,0,0,0,0,0,0,25.5046310424805,0,0,68.2570819854736,0,0,0,0
0,0,0,0,0,0,0,0,0,0,0,0,0,0,0,0,0,0,0,5,0,0,0,0,0,0,0,0,0,0,0,0,0,0,0,0,0,0,0,0,0,0,0,0,0,0,0,0,0,0,0,9.89874604344368,0,17.6613659262657,0,0,0,264.069145992398,0,64.4652475267649,0,0,2.69667573273182,0,0,0,0,0,0,0,0,0,0,0,0,0,0,0,0,0,0,0,4,0,0,0,0
136.045707017183,0,72.4256461411715,0,5.66686195135117,0,0,0,0,0,0,0,0,0,148.626105815172,0,136.271386548877,4.06329613924026,11.4914977997541,0,0,0,0,0,14.1857944279909,0,55.8046677112579,0,0,0,0,0,0,0,0,0,0,0,40.9958760589361,0,0,0,40.1865984350443,0,0,0,0,0,64.0243510454893,0,8.0360946059227,0,0,0,654.94550730288,0,0,0,0.390442579984665,0,438.645992219448,0,0,0,0,0,0,15.6670967340469,0,0,0,0,0,5.29147297143936,0,0,0,0,0,0,0,0,159.69475454092,0,77.5470478087664,0,3.01559412479401
0,107.951459020376,0,51.225207850337,0,50.9569911360741,0,0,0,0,0,0,0,0,0,471.615170508623,0,38.0448530912399,3.03495380282402,0,0,0.885114014148712,0,147.779010161757,0,48.979135453701,0,0,0,0,0,0,0,0,0,0,0,39.7842636108398,0,0,0.435518085956573,57.3452883660793,0,0,0,0.166556894779205,0,0,0,15.760068193078,0,140.686094999313,0,0,0,729.798363998532,0,0,0,8.19476565718651,0,380.912847012281,0,0,0,0,53.8756842166185,0,95.5707582235336,0,0.248759970068932,0,0.462230414152145,0,0,0,0,0,1.08507390320301,2.82519274950027,21.8983296453953,0,436.940651029348,0,71.6332065910101,6.10386788845062,0
0,0,0,0,0,0,0,0,0,0,0,0,196.178156614304,0,0,0,0,0,0,0,783.623383313417,0,0,0,0,0,0,0,0,0,32.8016244769096,0,0,0,0,0,132.808232367039,0,1050.471775949,0,0,0,0,0,0,0,0,0,0,0,0.38906255364418,0,0,0,0,0,2592.09948043525,0,292.310932397842,0,0,0,0,388.914418071508,0,0,0,0,0,0,0,94.5095521211624,0,39.5473174154758,0,0,0,0,0,36.7708066999912,0,152.630103811622,177.816955387592,0,0,0,0
0,0,0,0,0,0,0,0,0,0,0,0,0,65.1692018508911,0,0,0,0,0,402.707367420197,0,0,0,0,0,0,0,2,0,21.0674823820591,0,0,0,0,0,268.232027322054,0,318.702506065369,0,0,0,0,0,0,0,0,0,0,0,0,0,8.47843766212463,0,0,0,0,0,2036.4657253027,0,412.328011572361,0,0,215.899531602859,0,0,0,0,0,0,0,102.615853965282,0,147.219334304333,0,0,0,0,0,51.3783972263336,0,8.03447365760803,0,111.860781848431,0,33.6438279151917,0,0
0,0,0,0,0,0,0,0,0,0,196.178156614304,0,0,0,0,0,0,0,0,0,0,0,0,0,0,0,0,0,0,0,0,0,0,0,0,0,0,0,0,0,0,0,0,0,0,0,0,0,0,0,0,0,0,0,0,0,78.6764248907566,0,333.796788811684,0,0,0,0,0,0,0,0,0,0,0,0,23.2884359359741,0,0,0,0,0,0,0,0,0,0,89.0830684900284,0,0,0,0
0,0,0,0,0,0,0,0,0,0,0,65.1692018508911,0,0,0,0,0,0,0,0,0,0,0,0,0,0,0,0,0,0,0,0,0,0,0,0,0,0,0,0,0,0,0,0,0,0,0,0,0,0,0,0,0,0,0,0,0,0,0,1966.63793432713,0,0,0,0,0,0,0,0,0,0,5.49394136667252,0,0,0,0,0,0,0,0,0,0,0,68.4563596248627,11,0,0,0
0,0,0,0,35.6194508671761,0,0,0,148.626105815172,0,0,0,0,0,0,0,0,0,0,0,0,0,0,0,0,0,2.83117294311523,0,0,0,0,0,0,0,0,0,0,0,0,0,0,0,0,0,0,0,0,0,0,0,26.1930657029152,0,0,0,44.6609060168266,0,0,0,0.863411158323288,0,212.651859462261,0,0,0,0,0,0,0,0,0,0,0,0,0,0,0,0,0,0,0,0,0,92.601006925106,128.972707509995,0,0,0
0,0,0,0,0,0,0,0,0,471.615170508623,0,0,0,0,0,0,0,0,0,0,0,0,0,0,0,0,0,0,0,0,0,0,0,0,0,0,0,0,0,0,0,0,0,0,0,0,0,0,0,0,0,0,0,0,0,84.2156294584274,0,0,0,0.84273162484169,0,45.4834522008896,0,0,0,0,0,0,0,0,0,0,0,0,0,0,0,0,0,0,0,0,169.223415493965,15.959545135498,0,0,0
0.290177285671234,0,0,3.07753729820251,0,0,0,0,136.271386548877,0,0,0,0,0,0,0,0,16596.018292591,4252.52859777212,0,0,0,16.8219853937626,0,1.02805984020233,0,74.0232099741697,0,0,0,0,0,0,0.599424600601196,0,2.46846440434456,10.2948061600327,0,0,48.4091134518385,50.4126687496901,46.4058836847544,58.1772879883647,0.361474335193634,2.65455100685358,39.6282421723008,58.5641766414046,2.14362549781799,0,9.52286198735237,1.86691224575043,0.20768541097641,0,0,0.554384231567383,1.98952448368073,2.06903427839279,1.90695396065712,0,0,0,1.61931920051575,26.5472389832139,0,0,0,0,0,0,50.9418725967407,0.509290337562561,0,31.2973044514656,17.4712673723698,0,0,0,0,119.996590480208,129.533028557897,22.8086326569319,21.5012764036655,10577.7354519442,350.347906470299,258.511234991252,18.1963214725256,26.8537735491991
1.19846928119659,0.376386106014252,0,0.214559853076935,0,0,0,0,4.06329613924026,38.0448530912399,0,0,0,0,0,0,16596.018292591,0,3654.79452231526,0,0,13.6394090652466,0,130.201766908169,0,6.25744736194611,1.79877024888992,0,0,0,0,0,0,0,0,1.32496012747288,0,0,0,56.8098923638463,33.7973457500339,93.0380458161235,23.9146582782269,1.25691428780556,0,34.0458629801869,24.5789120793343,0,0.617229521274567,11.717471703887,0,1.26985847949982,0,0,0,0,0.366585671901703,4.53723558783531,0,0,0,0,27.2176607325673,0.695760130882263,38.872398853302,0,3.37321925163269,0,4.17176365852356,0,0,0,42.5831164866686,11.7919171154499,0,0,0,0,97.4081841036677,44.7892265021801,15.6538221538067,7.63483002781868,6281.439904809,188.510151267052,163.908054053783,36.0083004981279,7.68668051064014
68.8294988721609,23.4132928103209,15.747683018446,6.61794045567513,0,0,0,0,11.4914977997541,3.03495380282402,0,0,0,0,0,0,4252.52859777212,3654.79452231526,0,0,0,0,4.45734548568726,0,0,0,0,0,0,0,0,0,0,4.84696197509766,0,17.2949267923832,67.6486096680164,2.19990396499634,0.69025057554245,749.451524205506,677.327744632959,1116.15045556426,824.076199159026,24.8965170830488,39.1417636573315,428.07392154634,657.567075677216,13.9715970158577,18.6453021168709,61.3709274083376,0,2.68212103843689,0,0,0,0,28.1724506169558,13.6485076099634,1.55557543039322,2.23958730697632,0,0.447858139872551,188.330162093043,18.4360363930464,0,0,0,0,0,0,1.42923517525196,0,203.076929137111,231.228878587484,0,4.36865812540054,2.12900619208813,2.66673612594604,1548.51707095653,1562.4454504475,229.649466082454,123.203977838159,4287.65633504093,0,2165.51452725381,412.315309152007,330.9470115453
0,0,0,1.17333495616913,0,10.741730928421,0,5,0,0,0,402.707367420197,0,0,0,0,0,0,0,0,0,0,0,0,0,0,0,0,0,0,0,0,0,0,0,316.120780929923,0,140.67188835144,0,0,0,0,0,0,0,2.42438536882401,0,0,0,0,0,0,0,0,0,0,0,40.0119033455849,0,0,0,0,901.887686237693,0,0,0,0,0,0,0,0,0,0,0,0,0,0,0,190.227617517114,0,0,0,140.539853751659,0,267.972524702549,0,0
0,0,0,0,63.1905521154404,0,7.64285206794739,0,0,0,783.623383313417,0,0,0,0,0,0,0,0,0,0,0,0,0,0,0,0,0,0,0,0,0,0,0,0,0,1602.80183188617,0,322.401586294174,0,0,0,0,0,0,0,1.06054127216339,0,0,0,19.637939542532,0,0,0,0,0,218.971251755953,0,0,0,0,0,0,1684.18827986717,0,0,0,0,0,0,0,0,0,0,0,0,0,0,0,468.032852590084,0,1.52560856938362,54.1300162672997,0,11.7830185592175,0,0
0,0,0,0,0,0,0,0,0,0.885114014148712,0,0,0,0,0,0,0,13.6394090652466,0,0,0,0,35.5871090888977,56.471515879035,0,0,0,20.9000272750854,0,0,0,0,0,0,0,0,0,2159.18694743514,0,0,0,0,0,0,0,0,0,38.5702317357063,0,208.414987802505,0,0,0,0,0,4.11679609119892,0,0,0,0,0,0,0,0,4471.94017809629,2,231.954704001546,0,11.8956953436136,0,33.0141467452049,0,0,0,0,0,0,0,0,0,786.766057312489,0,230.588011354208,0,0.398158937692642,0,0
0,0,0,0,0,0,0,0,0,0,0,0,0,0,0,0,16.8219853937626,0,4.45734548568726,0,0,35.5871090888977,0,0,33.4317232221365,0,2.4151006937027,0,2,0,0,0,0,0,0,0,0,0,1171.96694737673,0,0,0,0,0,0,0,0,0,113.139400243759,0,0,0,0,0,0,0,0,0,0,0,0,0,0,0,0,4253.28736078739,0,18.3798510730267,0,183.840653926134,0,5,0,0,0,0,0,0,0,0,0,305.796651899815,36.4136598706245,0,3.69360825419426,0,0
0,0,0,0,0,0,0,0,0,147.779010161757,0,0,0,0,0,0,0,130.201766908169,0,0,0,56.471515879035,0,0,0,198.379616856575,0,0,0,0,0,0,0,0,0,0,0,332.093890428543,0,0,0,0,0,0,0,0,0,0,0,0.96425324678421,0,0,0,0,0,129.895281687379,0,0,0,0,0,0,0,0,28.1605852097273,0,702.940878689289,0,328.890204161406,0,0,0,0,0,0,0,0,0,0,0,263.364749222994,0,139.688884228468,0,12.3060791641474,0,0
0,0,0,0,0,0,0,0,14.1857944279909,0,0,0,0,0,0,0,1.02805984020233,0,0,0,0,0,33.4317232221365,0,0,0,54.3559342026711,0,0,0,0,0,0,0,0,0,0,0,615.631379261613,0,0,0,7.61587876081467,0,0,0,0,0.846750497817993,5.38518503308296,0,0,0,0,0,290.014493957162,0,0,0,0,0,0,0,0,0,0,33.6012466847897,0,496.412202134728,0,136.75659519434,0,0,0,0,0,0,0,0,0,0,0,256.240119799972,17.1395698338747,0,42.3227940201759,0,0
0,0,0,0,0,0,0,0,0,48.979135453701,0,0,0,0,0,0,0,6.25744736194611,0,0,0,0,0,198.379616856575,0,0,0,5.71199321746826,0,0,0,0,0,0,0,0,0,0,0,0,0,0,0,0,0,0,0,0,0,0,0,0,0,0,0,0,0,0,0,1,0,0,0,0,0.480313509702682,0,7.6940832734108,0,58.1528818011284,0,0,0,0,0,0,0,0,0,0,0,0,0,2.41096150875092,0,0,0,0
0,0,0,0,0,0,0,0,55.8046677112579,0,0,0,0,0,2.83117294311523,0,74.0232099741697,1.79877024888992,0,0,0,0,2.4151006937027,0,54.3559342026711,0,0,0,43.8214886784554,0,0,0,0,0,0,0,0,0,0,0,0,0,0,0,0,0,0,0,0,0,0,0,0,0,10.9964256584644,0,0,0,0,0,0,0,0,0,0,95.4327682256699,0,0,0,34.3899393081665,0,0.81071200966835,0,0,0,0,0,0,0,0,0,0,8.65197610855103,0,0,0,0
0,0,0,0,0,0,0,0,0,0,0,2,0,0,0,0,0,0,0,0,0,20.9000272750854,0,0,0,5.71199321746826,0,0,0,36.2183160185814,0,0,0,0,0,0,0,53.3525629043579,0,0,0,0,0,0,0,0,0,0,0,0,0,0,0,0,0,0,0,0,0,73.447490632534,0,0,0,0,20.8495974838734,0,0,0,3.71965624392033,0,1477.45929089189,0,0,0,0,0,0,0,0,0,49.467428445816,0,133.921722888947,0,0,0,0
0,0,0,0,0,0,0,0,0,0,0,0,0,0,0,0,0,0,0,0,0,0,2,0,0,0,43.8214886784554,0,0,0,52.9097934365273,0,0,0,0,0,0,0,8.45582655072212,0,0,0,0,0,0,0,0,0,0,0,0,0,0,0,0,0,0,0,3,0,0,0,0,0,0,0,0,0,0,65.5951491892338,0,301.855001628399,0,56.6612749099731,0,0,0,0,0,0,0,9.74618399143219,64.7413039207458,7.09262943267822,0,0,0
0,0,0,0,0,0,0,0,0,0,0,21.0674823820591,0,0,0,0,0,0,0,0,0,0,0,0,0,0,0,36.2183160185814,0,0,0,0,0,0,0,0,0,78.6517419815063,0,0,0,0,0,0,0,0,0,0,0,0,0,0,0,0,0,0,0,19.1505341380835,0,0,0,0,0,0,0,0,0,0,0,0,160.872291117907,0,440.257789239287,0,0,0,0,0,0,0,1.03023186326027,0,17.4172010421753,0,0,0,0
0,0,0,0,0,0,0,0,0,0,32.8016244769096,0,0,0,0,0,0,0,0,0,0,0,0,0,0,0,0,0,52.9097934365273,0,0,0,0,0,0,0,0,0,44.0407226681709,0,0,0,0,0,0,0,0,0,0,0,0,0,0,0,0,0,6.54818084836006,0,0,0,0,0,0,0,0,0,0,0,0,0,0,62.2026335895061,0,261.331919908524,0,0,0,0,0,0,0,17.6816104054451,9.3499927520752,0,0,0,0
0,0,0,0,0,0,0,0,0,0,0,0,0,0,0,0,0,0,0,0,0,0,0,0,0,0,0,0,0,0,0,0,0,59.4343892335892,0,372.305524110794,0,0,0,0,0,0,0,0,0,0,0,904.396484315395,0,0.767845660448074,0,0,0,0,0,0,0,0,0,0,0,0,0,0,0,0,0,0,0,0,0,0,0,0,530.127803459764,0,79.180185765028,0,120.382202625275,2.77158498764038,0,0,34.8238994479179,0,0,0,0
0,0,0,0,0,0,0,0,0,0,0,0,0,0,0,0,0,0,0,0,0,0,0,0,0,0,0,0,0,0,0,0,0,0,7.9740272462368,0,431.362803027034,0,0,0,0,0,0,0,0,0,0.239755809307098,346.239592388272,6.11679825186729,0,0,0,0,0,0,0,0,0,0,0,0,0,0,0,0,0,0,0,0,0,0,0,0,0,0,1347.34978055954,0,20.8543603420258,0,193.510000661016,0,0.367854833602905,160.054409980774,0,0,0,0
0,0,0,0,0,0,0,0,0,0,0,0,0,0,0,0,0.599424600601196,0,4.84696197509766,0,0,0,0,0,0,0,0,0,0,0,0,59.4343892335892,0,0,4.35175719857216,268.897743612528,0,249.717236712575,0,0,0,0.915125787258148,0,0,0,0,0,447.044306635857,0,88.1783763617277,0,0,0,0,0,0,0,0,0,0.256443202495575,0,0,0,0,0,0,0,0,0,0,0,0,0,0,51.1913611888885,0,1426.68810373545,12.4145990312099,131.716501191258,0,277.89114227891,0,45.2909474074841,0,0,0,0
0,0,0,0,0,0,0,0,0,0,0,0,0,0,0,0,0,0,0,0,0,0,0,0,0,0,0,0,0,0,0,0,7.9740272462368,4.35175719857216,0,0,184.351402550936,0,7.52027642726898,0,0,0,0,0,0,0,0,390.509780064225,0,0,0,0,0,0,0,0,0,0,0,0,0,0,0,0,0,0,0,0,0,0,0,0,0,0,0,179.618764415383,0,1169.2406938076,0,104.62150105834,0,17.4918325543404,42.0323462188244,0,0,0,0
0,0.269488513469696,1.28650176525116,13.0074535012245,0,1.27662962675095,0,0,0,0,0,268.232027322054,0,0,0,0,2.46846440434456,1.32496012747288,17.2949267923832,316.120780929923,0,0,0,0,0,0,0,0,0,0,0,372.305524110794,0,268.897743612528,0,0,724.367934405804,1716.5825740844,0,3.75128775835037,0.141838386654854,6.97433425486088,0,0.348048627376556,0,14.7192596644163,0.471280217170715,333.723862856627,0,34.1398317813873,0,0.386623322963715,0,0,0,0,0,130.963575914502,0,0,0,0,1067.52836641669,0,0,0,0,0,0,0,0,0,4.36837404966354,0,306.792520403862,0,279.785442113876,0,15821.5656019747,190.604427367449,679.415708839893,0,1385.06337409467,128.261729598045,42.1601521074772,2.67089822888374,0
1.0664180368185,0,24.3672494143248,0.154837399721146,0.861095011234283,0,45.6772358417511,0,0,0,132.808232367039,0,0,0,0,0,10.2948061600327,0,67.6486096680164,0,1602.80183188617,0,0,0,0,0,0,0,0,0,0,0,431.362803027034,0,184.351402550936,724.367934405804,0,0,1069.90196028352,0,8.68779213726521,0,42.5005240440369,0,6.0019853413105,0.505431592464447,64.0468150451779,187.741756074131,68.2239814698696,0.124258384108543,1.71676135063171,0.734861373901367,0,0,0,0,2.73635476827621,0,0,0,0,0,1.14680993556976,1507.2454630658,0,0,0,0,0,0,0,0,2.38660216331482,2.87789103388786,0,683.668456628919,0,836.425691232085,545.400475427508,18088.5628426969,0.381271347403526,245.553955584764,1534.11010310054,4.57851886749268,301.547511436045,0,1.45360662043095
0,0,0,0,0,0,0,0,0,39.7842636108398,0,318.702506065369,0,0,0,0,0,0,2.19990396499634,140.67188835144,0,2159.18694743514,0,332.093890428543,0,0,0,53.3525629043579,0,78.6517419815063,0,0,0,249.717236712575,0,1716.5825740844,0,0,67.6214017868042,0,0,5.5733305811882,0,0,0,4.31844979524612,0,563.18758328259,0,330.668695241213,0,0,0,0,0,28.7108131498098,0,402.3363057971,0,0,0,0,211.979487404227,0,767.253758907318,0,586.461643025279,0,0,0,43.6908402293921,0,105.951104819775,0,0,0,40.2695718705654,0,615.539033889771,0,7956.55071014166,1,778.95715649426,0,21.7037529945374,0,0
0.576231941580772,0,0,0,0,0,0,0,40.9958760589361,0,1050.471775949,0,0,0,0,0,0,0,0.69025057554245,0,322.401586294174,0,1171.96694737673,0,615.631379261613,0,0,0,8.45582655072212,0,44.0407226681709,0,0,0,7.52027642726898,0,1069.90196028352,67.6214017868042,0,0,0,0,13.0224993079901,0,0,0,5.41050571203232,457.493220239878,472.277214825153,0,0,0,0,0,5.47189894318581,0,518.675364494324,0,0,0,0,0,0,71.3222226798534,0,523.240887627006,0,637.235539138317,0,15.7645141482353,0,41.6819176077843,0,1.89568871259689,0,1.63280129432678,0,11.0396912246943,0,822.603267624974,0,9506.55489213765,479.740386858582,0,297.467655017972,0,0
0,1.58376006782055,0,15.4271009713411,0,0,0,0,0,0,0,0,0,0,0,0,48.4091134518385,56.8098923638463,749.451524205506,0,0,0,0,0,0,0,0,0,0,0,0,0,0,0,0,3.75128775835037,0,0,0,0,9.38241146504879,1793.8097409904,3.57805404067039,33.8359607234597,0,223.494224049151,13.72077485919,48.6373698413372,43.8409588336945,600.431593179703,0,6.18787561357021,0,0,0,0,0,3.35323728621006,0,2.06285679340363,0,0,302.222707018256,1.28271639347076,0,0,0,0,0,0,0,0,12.2513951808214,1.24500921368599,0,0,0,0,402.703865423799,22.0436986833811,23.9250075221062,0.746395349502563,146.366952970624,0,1217.96389982104,164.246479965746,0.16911506652832
8.7505117058754,0,6.04145337641239,5.24388698488474,1.31813967227936,0,0,0,0,0.435518085956573,0,0,0,0,0,0,50.4126687496901,33.7973457500339,677.327744632959,0,0,0,0,0,0,0,0,0,0,0,0,0,0,0,0,0.141838386654854,8.68779213726521,0,0,9.38241146504879,0,10.2292675971985,938.004112094641,0,44.1022628396749,6.46356458961964,400.8974102512,3.39670631289482,562.231352701783,22.0994355306029,0,2.15489433705807,0,0,0,0,7.96469731628895,0.144591987133026,0,0.188222095370293,0,0,5.71837384998798,121.068167984486,0,0,0,0,0,0,0,0,0.762705221772194,28.4341367036104,0,0,0,0,8.83931684494019,619.619621515274,3.26443031430244,20.9704663008451,242.346375517547,0,1758.76022599638,1.89613358676434,139.136930033565
0,458.604755848646,1.01213683187962,92.2311796694994,0,10.6172703206539,0,0,0,57.3452883660793,0,0,0,0,0,0,46.4058836847544,93.0380458161235,1116.15045556426,0,0,0,0,0,0,0,0,0,0,0,0,0,0,0.915125787258148,0,6.97433425486088,0,5.5733305811882,0,1793.8097409904,10.2292675971985,0,111.245778419077,87.2588777989149,0,161.037275128067,12.4048976004124,12.906530842185,0,861.515444636345,0,31.4820184856653,0,0,0,1.6125331223011,0.414850786328316,67.8187746107578,0,50.3934854865074,0,26.3678291887045,500.119278542697,0,0.211537957191467,0,4.863132417202,0,0,0,20.1007642149925,0,334.972772985697,2.51557989418507,0,0,1.50735902786255,0,915.117684096098,10.2404487282038,43.4098973274231,0,2336.3975540027,0,2970.6873048991,1158.86029788852,0.740506961941719
189.502675905824,0,123.099934831262,1.29642789065838,21.8743971884251,0,0,0,40.1865984350443,0,0,0,0,0,0,0,58.1772879883647,23.9146582782269,824.076199159026,0,0,0,0,0,7.61587876081467,0,0,0,0,0,0,0,0,0,0,0,42.5005240440369,0,13.0224993079901,3.57805404067039,938.004112094641,111.245778419077,0,0,55.8082135468721,0,234.452457234263,22.5734276771545,371.131336018443,2.31307734549046,3.43384465575218,0,0,0,3.7429786324501,0,76.2685504406691,0.142890706658363,30.0447475612164,0,9.9725381731987,0,0.815934091806412,77.535260528326,0,0,0,33.207062959671,0,2.24328994750977,0,0,0.351276218891144,521.786674171686,0,0.468099266290665,0,2.41406488418579,4.53565785288811,1031.13835886866,0.555993378162384,30.8093894273043,2070.99788170308,0,4166.08519458771,0.589479878544807,1042.7643943876
0,0,0,0.240689158439636,0,0,0,0,0,0,0,0,0,0,0,0,0.361474335193634,1.25691428780556,24.8965170830488,0,0,0,0,0,0,0,0,0,0,0,0,0,0,0,0,0.348048627376556,0,0,0,33.8359607234597,0,87.2588777989149,0,0,0,7.84915307164192,0.354738771915436,0,0,2.03614650666714,0,0,0,0,0,0,0,0.313518047332764,0,0,0,0,1.98344914615154,0,0,0,0,0,0,0,0,0,1.94600690901279,0,0,0,0,0,41.8580322563648,0,2.06590583920479,0,16.4647745043039,0,69.0449612438679,16.4169770181179,0
0,0,0,0,0,0,0,0,0,0,0,0,0,0,0,0,2.65455100685358,0,39.1417636573315,0,0,0,0,0,0,0,0,0,0,0,0,0,0,0,0,0,6.0019853413105,0,0,0,44.1022628396749,0,55.8082135468721,0,0,0,41.8227105587721,0,0.733110815286636,0,0,0,0,0,0,0,0.20321162045002,0,0,0,0,0,0,1.51399862766266,0,0,0,0,0,0,0,0,0,7.46362346410751,0,0,0,0,0.972067296504974,109.615614160895,0,4.06064465641975,111.714302718639,0,98.5495508909225,0.290750354528427,9.36242926120758
0.678603827953339,0.648192852735519,0,4.77074164152145,0,0,0,0,0,0.166556894779205,0,0,0,0,0,0,39.6282421723008,34.0458629801869,428.07392154634,2.42438536882401,0,0,0,0,0,0,0,0,0,0,0,0,0,0,0,14.7192596644163,0.505431592464447,4.31844979524612,0,223.494224049151,6.46356458961964,161.037275128067,0,7.84915307164192,0,0,9.34224542230368,3.84120811522007,0,26.6743754222989,0,0,0,0,0,0,1.57097744941711,35.4577238410711,0,0,0,0.166651725769043,1876.17631313205,0,0,0,0,0,0,0,1.36058443784714,0,108.195885024965,0.269210815429688,0,0,0.458831965923309,0,1217.31923738122,12.5372537821531,701.518833369017,0.387225061655045,127.93058527261,0,840.617915093899,22.8596155643463,0
1.57618650794029,0.588135123252869,5.17359928786755,9.05298862606287,3.13615846633911,3.49063336849213,0,0,0,0,0,0,0,0,0,0,58.5641766414046,24.5789120793343,657.567075677216,0,1.06054127216339,0,0,0,0,0,0,0,0,0,0,0,0.239755809307098,0,0,0.471280217170715,64.0468150451779,0,5.41050571203232,13.72077485919,400.8974102512,12.4048976004124,234.452457234263,0.354738771915436,41.8227105587721,9.34224542230368,0,3.22836062312126,4.6460816860199,2.2340739518404,0,3.96326453238726,0,0,0,0,20.3875964730978,3.73959776759148,0,0.138170853257179,0,0,0.971195608377457,2598.47760576755,0,0,0,0,0,0,0.973583996295929,0,3.02825047075748,53.1254803538322,0,0,0,0,29.9217888861895,1620.56816293299,0.790995985269547,302.806939594448,263.252181351185,0,1376.74165078253,2.59693866223097,9.31727880239487
0,0,4.41251967847347,0,0,0,0,0,0,0,0,0,0,0,0,0,2.14362549781799,0,13.9715970158577,0,0,38.5702317357063,0,0,0.846750497817993,0,0,0,0,0,0,904.396484315395,346.239592388272,447.044306635857,390.509780064225,333.723862856627,187.741756074131,563.18758328259,457.493220239878,48.6373698413372,3.39670631289482,12.906530842185,22.5734276771545,0,0,3.84120811522007,3.22836062312126,0,2610.82515096664,2875.63436469436,0,0.23437325656414,0,0,0,0,0,0,0,0,0,0,2.05610574781895,0,13.8890947252512,0,0,0.746398270130157,0,1.11210387945175,0,0,1.0093230009079,0.311497986316681,245.344527095556,1358.96223585308,363.777362719178,206.169646307826,1192.67385786772,2202.23216610402,1137.75208967924,454.136138021946,4016.38783587515,0,1938.91792225838,0.195344880223274,0
55.0283228904009,0,136.171723514795,1.06404341757298,3.71169228851795,0,0,0,64.0243510454893,0,0,0,0,0,0,0,0,0.617229521274567,18.6453021168709,0,0,0,113.139400243759,0,5.38518503308296,0,0,0,0,0,0,0,6.11679825186729,0,0,0,68.2239814698696,0,472.277214825153,43.8409588336945,562.231352701783,0,371.131336018443,0,0.733110815286636,0,4.6460816860199,2610.82515096664,0,321.104535728693,0.452437713742256,0,0,0,3.71930822730064,0,62.7574079781771,0,34.6126472055912,0,6.32652857899666,0,0,0.339052364230156,0,160.315041750669,0,35.8840498328209,0,23.2465024292469,0,98.7463947236538,1.39463567733765,344.765179023147,0,27.6285824328661,0,17.6757383346558,0,351.068513318896,0,444.957956433296,1872.21797822416,0,3590.28250968456,0,16.5903482288122
0.260536313056946,332.098147898912,9.70956130325794,160.861582495272,1.57480919361115,4.6175277531147,0,0,0,15.760068193078,0,0,0,0,0,0,9.52286198735237,11.717471703887,61.3709274083376,0,0,208.414987802505,0,0.96425324678421,0,0,0,0,0,0,0,0.767845660448074,0,88.1783763617277,0,34.1398317813873,0.124258384108543,330.668695241213,0,600.431593179703,22.0994355306029,861.515444636345,2.31307734549046,2.03614650666714,0,26.6743754222989,2.2340739518404,2875.63436469436,321.104535728693,0,0,38.9339113533497,0,0,0,27.7561909407377,0.156566739082336,180.038001403213,0,137.769320949912,0,60.3714299201965,18.1495607569814,0,200.924083530903,0,47.2730392664671,0,113.183983996511,0,446.779126554728,0,314.196163490415,1.85494562238455,4.53670543432236,0,8.42355193197727,0,585.300298251212,7.73138166964054,460.613473474979,3.90001394599676,1359.09088891,0,2649.27628958225,103.30657312274,0
0,0,187.33179935813,0,269.59778688848,0,21.6884098649025,0,8.0360946059227,0,0.38906255364418,0,0,0,26.1930657029152,0,1.86691224575043,0,0,0,19.637939542532,0,0,0,0,0,0,0,0,0,0,0,0,0,0,0,1.71676135063171,0,0,0,0,0,3.43384465575218,0,0,0,0,0,0.452437713742256,0,0,0,15.3109540343285,0,1.03896939754486,0,49.1440164446831,0,54.874331459403,0,167.01453229785,0.826554417610168,0,35.9789910912514,0,0,0,0,0,0,0,0,0,6.69068187475204,0,0,0,0,0,0.486817389726639,0,1.2883335351944,286.235753670335,0,131.498936772346,0,0
0,0,2.03333951532841,279.054226964712,0,385.57407027483,0,9.89874604344368,0,140.686094999313,0,8.47843766212463,0,0,0,0,0.20768541097641,1.26985847949982,2.68212103843689,0,0,0,0,0,0,0,0,0,0,0,0,0,0,0,0,0.386623322963715,0.734861373901367,0,0,6.18787561357021,2.15489433705807,31.4820184856653,0,0,0,0,3.96326453238726,0.23437325656414,0,38.9339113533497,0,0,0,0,0,15.9233525693417,0.539106979966164,162.301830083132,0,61.3968655467033,0,51.4181805551052,0.207850188016891,0.22501739859581,0,0,0,0,0,0,0.907317161560059,0,48.8020876795053,0,0,0,0,0,20.9386135190725,6.96881282329559,27.5004386603832,1.20938213169575,153.888474300504,0,148.777630023658,5.51365453004837,0
0,0,0,0,0,0,498.564992815256,0,0,0,0,0,0,0,0,0,0,0,0,0,0,0,0,0,0,0,0,0,0,0,0,0,0,0,0,0,0,0,0,0,0,0,0,0,0,0,0,0,0,0,15.3109540343285,0,0,0,0,0,406.642737209797,0,142.75056886673,0,0,0,0,11.4706813395023,0,0,0,0,0,0,0,0,0,0,0,0,0,0,0,0,0,0,7.14208364486694,0,0,0,0
0,0,0,0,0,0,0,17.6613659262657,0,0,0,0,0,0,0,0,0,0,0,0,0,0,0,0,0,0,0,0,0,0,0,0,0,0,0,0,0,0,0,0,0,0,0,0,0,0,0,0,0,0,0,0,0,0,0,0,0,223.145066469908,0,44.7827068567276,0,0,9.3984219878912,0,0,0,0,0,0,0,0,0,0,0,0,0,0,0,0,0,0,0,1.92960861325264,0,0,0,0
37.9889276921749,0,22.9894777536392,0,0.453926563262939,0,0,0,654.94550730288,0,0,0,0,0,44.6609060168266,0,0.554384231567383,0,0,0,0,0,0,0,290.014493957162,0,10.9964256584644,0,0,0,0,0,0,0,0,0,0,0,5.47189894318581,0,0,0,3.7429786324501,0,0,0,0,0,3.71930822730064,0,1.03896939754486,0,0,0,0,0,1.04256558418274,0,0,0,439.119733154774,0,0,0,0,0,0,292.227150782943,0,0,0,0,0,0,0,0,0,0,0,0,0,8.03541001677513,3.84130981564522,0,70.2296187877655,0,0
0,8.88516983389854,0.14656563103199,10.534271478653,0,0,0,0,0,729.798363998532,0,0,0,0,0,84.2156294584274,1.98952448368073,0,0,0,0,4.11679609119892,0,129.895281687379,0,0,0,0,0,0,0,0,0,0,0,0,0,28.7108131498098,0,0,0,1.6125331223011,0,0,0,0,0,0,0,27.7561909407377,0,15.9233525693417,0,0,0,0,0,1.06035721302032,0,2.55936527252197,0,302.056834027171,0,0,0.535586595535278,0,206.692982912064,0,0,0,0,0,0,0,0,0,0,0,0,0,279.907152175903,0,4.77012874186039,0,6.70474711060524,0,0
13.1187867671251,0,78.7824696600437,0.517497971653938,2.74983841180801,0,16.8746410161257,0,0,0,2592.09948043525,0,78.6764248907566,0,0,0,2.06903427839279,0.366585671901703,28.1724506169558,0,218.971251755953,0,0,0,0,0,0,0,0,0,6.54818084836006,0,0,0,0,0,2.73635476827621,0,518.675364494324,0,7.96469731628895,0.414850786328316,76.2685504406691,0,0.20321162045002,1.57097744941711,20.3875964730978,0,62.7574079781771,0.156566739082336,49.1440164446831,0.539106979966164,406.642737209797,0,1.04256558418274,0,0,0.152785539627075,478.728454679251,0,22.0823568105698,0,0,363.317607060075,0,0,0,0,0,0,0,24.868658810854,0,222.774828821421,0,0,0,0,0,12.4457272738218,0,13.7332980036736,143.086246594787,0,549.721740394831,2.10896778106689,18.0668396055698
0,8.99189510941505,1.24051462113857,60.721357986331,0,4.23124948143959,0,264.069145992398,0,0,0,2036.4657253027,0,0,0,0,1.90695396065712,4.53723558783531,13.6485076099634,40.0119033455849,0,0,0,0,0,0,0,0,0,19.1505341380835,0,0,0,0,0,130.963575914502,0,402.3363057971,0,3.35323728621006,0.144591987133026,67.8187746107578,0.142890706658363,0.313518047332764,0,35.4577238410711,3.73959776759148,0,0,180.038001403213,0,162.301830083132,0,223.145066469908,0,1.06035721302032,0.152785539627075,0,0,131.519426271319,0,19.3302017301321,486.498412132263,0,0,0,0,0,0,0,35.1371027231216,0,822.799421831965,0.318853169679642,0,0,0,0,30.9091048687696,4.9684391617775,1.72971284389496,0.307862311601639,92.6123253181577,0,510.753940984607,3.60331040620804,0
37.742456138134,0,35.2265873253345,0,0,0,26.5011150687933,0,0.390442579984665,0,292.310932397842,0,333.796788811684,0,0.863411158323288,0,0,0,1.55557543039322,0,0,0,0,0,0,0,0,0,3,0,0,0,0,0,0,0,0,0,0,0,0,0,30.0447475612164,0,0,0,0,0,34.6126472055912,0,54.874331459403,0,142.75056886673,0,0,0,478.728454679251,0,0,0,224.570404008031,0,0,0,0,0,0,0,0,0,0,0,0,1.33796337246895,0,0,0,0,0,0,0,0,38.9649359285831,0,130.546590536833,0,2.27585929632187
0,13.649186745286,1.24717170000076,187.242708295584,0,6.42205181717873,0,64.4652475267649,0,8.19476565718651,0,412.328011572361,0,1966.63793432713,0,0.84273162484169,0,0,2.23958730697632,0,0,0,0,0,0,1,0,73.447490632534,0,0,0,0,0,0.256443202495575,0,0,0,0,0,2.06285679340363,0.188222095370293,50.3934854865074,0,0,0,0,0.138170853257179,0,0,137.769320949912,0,61.3968655467033,0,44.7827068567276,0,2.55936527252197,0,131.519426271319,0,0,0,159.392272055149,0,0,0,0,0,0,8.10974216461182,0,1.43057537078857,0,30.5763453990221,0,0,0,0,0,14.4508358091116,2.5976147800684,3.36182764172554,0,44.7160041183233,0,93.1420576572418,9.47910875082016,0
36.1301205456257,0,2.85931098461151,0,1.67178964614868,0,0,0,438.645992219448,0,0,0,0,0,212.651859462261,0,0,0,0,0,0,0,0,0,0,0,0,0,0,0,0,0,0,0,0,0,0,0,0,0,0,0,9.9725381731987,0,0,0,0,0,6.32652857899666,0,167.01453229785,0,0,0,439.119733154774,0,22.0823568105698,0,224.570404008031,0,0,0,0,0,0,0,0,0,0,0,0,0,0,1.7946809232235,0,0,0,0,0,0,0,0,5.63785779476166,40.5250045061111,24.572162181139,0,1.23567345738411
0,30.7227741777897,0,88.0851950496435,0,20.5178311765194,0,0,0,380.912847012281,0,0,0,0,0,45.4834522008896,1.61931920051575,0,0.447858139872551,0,0,0,0,0,0,0,0,0,0,0,0,0,0,0,0,0,0,0,0,0,0,26.3678291887045,0,0,0,0.166651725769043,0,0,0,60.3714299201965,0.826554417610168,51.4181805551052,0,0,0,302.056834027171,0,19.3302017301321,0,159.392272055149,0,0,0.342354208230972,0,0,0,1.04490998387337,0,28.4480018615723,0,4.5473844408989,0,28.8274696320295,0,0,0,0,0,0,0.138109311461449,1.79954946041107,0,31.7653262466192,0,36.4809790998697,6.24990719556808,0
0.201726540923119,0.616936534643173,0,1.32523931562901,0,0.924975663423538,0,2.69667573273182,0,0,0,215.899531602859,0,0,0,0,26.5472389832139,27.2176607325673,188.330162093043,901.887686237693,0,0,0,0,0,0,0,0,0,0,0,0,0,0,0,1067.52836641669,1.14680993556976,211.979487404227,0,302.222707018256,5.71837384998798,500.119278542697,0.815934091806412,1.98344914615154,0,1876.17631313205,0.971195608377457,2.05610574781895,0,18.1495607569814,0,0.207850188016891,0,9.3984219878912,0,0,0,486.498412132263,0,0,0,0.342354208230972,0,0,0,0,0,0,0,0,2.27150994539261,0,364.016204379499,0.740238040685654,0,0,0,0,1897.05698638409,4.64661029726267,585.425769671798,0.251844346523285,236.69814093411,0,1332.18298041075,0.722603797912598,0.167701542377472
0,0,1.44255018234253,0.214096426963806,63.5127272903919,0,2.55441379547119,0,0,0,388.914418071508,0,0,0,0,0,0,0.695760130882263,18.4360363930464,0,1684.18827986717,0,0,0,0,0,0,0,0,0,0,0,0,0,0,0,1507.2454630658,0,71.3222226798534,1.28271639347076,121.068167984486,0,77.535260528326,0,1.51399862766266,0,2598.47760576755,0,0.339052364230156,0,35.9789910912514,0.22501739859581,11.4706813395023,0,0,0,363.317607060075,0,0,0,0,0,0,0,0,0,0,0,0,0,0,0,1.37579697370529,74.403410539031,0,0,0,0,0.190813332796097,1683.61216185242,0,436.196982130408,121.989474326372,0,1288.84210510552,0,0
0,0,0,0,0,0,0,0,0,0,0,0,0,0,0,0,0,38.872398853302,0,0,0,4471.94017809629,0,28.1605852097273,0,0.480313509702682,0,20.8495974838734,0,0,0,0,0,0,0,0,0,767.253758907318,0,0,0,0.211537957191467,0,0,0,0,0,13.8890947252512,0,200.924083530903,0,0,0,0,0,0.535586595535278,0,0,0,0,0,0,0,0,0,0,378.908296838403,0,283.996289297938,0,119.946179792285,0,0,0,0,0,0,0,0,0,339.859574258327,0,221.861586511135,0,11.0073022246361,0,0
0,0,0,0,0,0,0,0,0,0,0,0,0,0,0,0,0,0,0,0,0,2,4253.28736078739,0,33.6012466847897,0,95.4327682256699,0,0,0,0,0,0,0,0,0,0,0,523.240887627006,0,0,0,0,0,0,0,0,0,160.315041750669,0,0,0,0,0,0,0,0,0,0,0,0,0,0,0,0,0,0,61.8267761468887,0,148.210934430361,0,0.659929990768433,0,0,0,0,0,0,0,0,0,544.926236137748,2.82754638791084,0,0,0,0
0,0,0,0,0,0,0,0,0,53.8756842166185,0,0,0,0,0,0,0,3.37321925163269,0,0,0,231.954704001546,0,702.940878689289,0,7.6940832734108,0,0,0,0,0,0,0,0,0,0,0,586.461643025279,0,0,0,4.863132417202,0,0,0,0,0,0,0,47.2730392664671,0,0,0,0,0,206.692982912064,0,0,0,0,0,1.04490998387337,0,0,378.908296838403,0,0,0,227.474212661386,0,14.3277765363455,0,0,0,0,0,0,0,0,0,1226.73387666047,0,64.764468818903,0,258.260038658977,0,0
0.388780891895294,0,0,0,0,0,0,0,15.6670967340469,0,0,0,0,0,0,0,0,0,0,0,0,0,18.3798510730267,0,496.412202134728,0,0,0,0,0,0,0,0,0,0,0,0,0,637.235539138317,0,0,0,33.207062959671,0,0,0,0,0.746398270130157,35.8840498328209,0,0,0,0,0,292.227150782943,0,0,0,0,0,0,0,0,0,0,61.8267761468887,0,0,0,180.14882671833,0,0,0,0,0,0,0,0,0,0,0,625.014723241329,38.0886962413788,0,394.550249040127,0,0
0,0,0,0,0,0,0,0,0,95.5707582235336,0,0,0,0,0,0,0,4.17176365852356,0,0,0,11.8956953436136,0,328.890204161406,0,58.1528818011284,0,3.71965624392033,0,0,0,0,0,0,0,0,0,0,0,0,0,0,0,0,0,0,0,0,0,113.183983996511,0,0,0,0,0,0,0,0,0,8.10974216461182,0,28.4480018615723,0,0,283.996289297938,0,227.474212661386,0,0,0,242.437706559896,0,0,0,0,0,0,0,0,0,0,0,8.85327470302582,0,0,0,0
0,0,0,0,0,0,0,0,0,0,0,0,0,0,0,0,50.9418725967407,0,0,0,0,0,183.840653926134,0,136.75659519434,0,34.3899393081665,0,65.5951491892338,0,0,0,0,0,0,0,0,0,15.7645141482353,0,0,0,2.24328994750977,0,0,0,0,1.11210387945175,23.2465024292469,0,0,0,0,0,0,0,0,0,0,0,0,0,0,0,0,148.210934430361,0,180.14882671833,0,0,0,263.175464779139,0,0,0,0,0,0,0,0,0,2.20196229219437,5.34879323840141,0,26.0373646914959,0,0
0,1.2986706495285,0,3.86951813101768,0,0,0,0,0,0.248759970068932,0,102.615853965282,0,5.49394136667252,0,0,0.509290337562561,0,1.42923517525196,0,0,33.0141467452049,0,0,0,0,0,1477.45929089189,0,160.872291117907,0,0,0,0,0,0,0,43.6908402293921,0,0,0,20.1007642149925,0,0,0,1.36058443784714,0.973583996295929,0,0,446.779126554728,0,0.907317161560059,0,0,0,0,0,35.1371027231216,0,1.43057537078857,0,4.5473844408989,2.27150994539261,0,119.946179792285,0,14.3277765363455,0,242.437706559896,0,0,0,42.735316991806,0.513663947582245,0,0,0,0,0.941201731562614,0.172227308154106,183.03806860745,0,14.9195607677102,1,44.5113799124956,1.75758108496666,0
0,0,0,0,0,0,0,0,0,0,94.5095521211624,0,23.2884359359741,0,0,0,0,0,0,0,0,0,5,0,0,0,0.81071200966835,0,301.855001628399,0,62.2026335895061,0,0,0,0,0,0,0,41.6819176077843,0,0,0,0,0,0,0,0,0,98.7463947236538,0,0,0,0,0,0,0,24.868658810854,0,0,0,0,0,0,0,0,0.659929990768433,0,0,0,263.175464779139,0,0,0,7.91834533214569,0,0,0,0,0,0,0,246.07466904819,12.1680592894554,0,2.60726624727249,0,0
0,6.70747794210911,1.18209804594517,64.3005761504173,0,5.3154052644968,0,0,0,0.462230414152145,0,147.219334304333,0,0,0,0,31.2973044514656,42.5831164866686,203.076929137111,0,0,0,0,0,0,0,0,0,0,440.257789239287,0,0,0,0,0,4.36837404966354,2.38660216331482,105.951104819775,0,12.2513951808214,0.762705221772194,334.972772985697,0.351276218891144,1.94600690901279,0,108.195885024965,3.02825047075748,1.0093230009079,1.39463567733765,314.196163490415,0,48.8020876795053,0,0,0,0,0,822.799421831965,0,30.5763453990221,0,28.8274696320295,364.016204379499,1.37579697370529,0,0,0,0,0,0,42.735316991806,0,0,0,0,0,0,0,64.0564433708787,8.83516081422567,442.471977517009,0.179807782173157,339.762481711805,0,396.305163130164,40.9227389544249,0.331305593252182
25.8540188968182,0,35.4480808973312,1.10236679017544,0,0,0,0,5.29147297143936,0,39.5473174154758,0,0,0,0,0,17.4712673723698,11.7919171154499,231.228878587484,0,0,0,0,0,0,0,0,0,56.6612749099731,0,261.331919908524,0,0,0,0,0,2.87789103388786,0,1.89568871259689,1.24500921368599,28.4341367036104,2.51557989418507,521.786674171686,0,7.46362346410751,0.269210815429688,53.1254803538322,0.311497986316681,344.765179023147,1.85494562238455,6.69068187475204,0,0,0,0,0,222.774828821421,0.318853169679642,1.33796337246895,0,1.7946809232235,0,0.740238040685654,74.403410539031,0,0,0,0,0,0,0.513663947582245,7.91834533214569,0,0,0,0,0,0,5.31397703289986,41.8816920667887,0.459546238183975,228.109525039792,481.893451556563,0,890.327026933432,0,69.5938475430012
0,0,0,0,0,0,0,0,0,0,0,0,0,0,0,0,0,0,0,0,0,0,0,0,0,0,0,0,0,0,0,530.127803459764,0,51.1913611888885,0,306.792520403862,0,0,0,0,0,0,0,0,0,0,0,245.344527095556,0,4.53670543432236,0,0,0,0,0,0,0,0,0,0,0,0,0,0,0,0,0,0,0,0,0,0,0,0,0,0,535.695904687047,0,495.541120171547,0,0,0,21.7220773696899,0,0,0,0
0,0,0,0,0,0,0,0,0,0,0,0,0,0,0,0,0,0,4.36865812540054,0,0,0,0,0,0,0,0,0,0,0,0,0,1347.34978055954,0,179.618764415383,0,683.668456628919,0,1.63280129432678,0,0,0,0.468099266290665,0,0,0,0,1358.96223585308,27.6285824328661,0,0,0,0,0,0,0,0,0,0,0,0,0,0,0,0,0,0,0,0,0,0,0,0,0,0,0,0,672.034036979079,0,850.446269348264,0,4.32207722961903,203.476699709892,0,0,0,0
0,0,0,0,0,0,0,0,0,0,0,0,0,0,0,0,0,0,2.12900619208813,0,0,0,0,0,0,0,0,0,0,0,0,79.180185765028,0,1426.68810373545,0,279.785442113876,0,40.2695718705654,0,0,0,1.50735902786255,0,0,0,0.458831965923309,0,363.777362719178,0,8.42355193197727,0,0,0,0,0,0,0,0,0,0,0,0,0,0,0,0,0,0,0,0,0,0,0,0,535.695904687047,0,0,0,221.193950355053,0,540.173134818673,0,42.2037685513496,0,0,0,0
0,0,0,0,0,0,0,0,0,0,0,0,0,0,0,0,0,0,2.66673612594604,0,0,0,0,0,0,0,0,0,0,0,0,0,20.8543603420258,12.4145990312099,1169.2406938076,0,836.425691232085,0,11.0396912246943,0,0,0,2.41406488418579,0,0,0,0,206.169646307826,17.6757383346558,0,0,0,0,0,0,0,0,0,0,0,0,0,0,0,0,0,0,0,0,0,0,0,0,0,0,672.034036979079,0,0,0.313904017210007,409.327884458005,0,36.6391900479794,130.720314115286,0,0.63757985830307,0,0.677579462528229
0,6.88316847383976,0.105835594236851,37.7567207962275,0,12.7167085409164,0,0,0,1.08507390320301,0,51.3783972263336,0,0,0,0,119.996590480208,97.4081841036677,1548.51707095653,190.227617517114,0,0,0,0,0,0,0,0,0,0,0,120.382202625275,0,131.716501191258,0,15821.5656019747,545.400475427508,615.539033889771,0,402.703865423799,8.83931684494019,915.117684096098,4.53565785288811,41.8580322563648,0.972067296504974,1217.31923738122,29.9217888861895,1192.67385786772,0,585.300298251212,0,20.9386135190725,0,0,0,0,0,30.9091048687696,0,14.4508358091116,0,0,1897.05698638409,0.190813332796097,0,0,0,0,0,0,0.941201731562614,0,64.0564433708787,5.31397703289986,495.541120171547,0,221.193950355053,0.313904017210007,0,93.796021297574,1821.6352750212,4.52441509068012,1173.65033436567,0,1588.76334860176,142.958018779755,1.15817901492119
