0,0,0.00511282128310751,0,0,0,0,0,0.00681975258667694,0,0,0,0,0,0,0,8.21217981857962e-05,3.42417377367115e-06,0.0014181416407413,0,0,0,0,0,0,0,0,0,0,0,0,0,0,0,0,0,3.63855363762157e-06,0,8.88951953830213e-06,2.17471391672697e-05,0.000425091670073833,0,0.0035444834642586,0,0,0,0.000119111861826523,0,0.00405965710358206,5.8014790444769e-05,0,0,0,0,0.0149892969542999,0,4.93022075181678e-05,0,0,0,0.016669593268246,0,3.61954113433666e-05,0,0,0,0,0,0,0,0,0,0,0,0,0,0,0,9.08976078022728e-07,4.25255919672286e-05,0,1.06120017677598e-05,0.000154268024638986,0,0.00187840673335466,0,0.000154528567686225
0,0,0,0.00379972074431173,0,0,0,0,0,0.0280962379114404,0,0,0,0,0,0,7.15195917194109e-06,0,0.000712714397094027,0,0,0,0,0,0,0,0,0,0,0,0,0,0,0,0,0,0,0,0,5.093783671083e-05,0,0.000150807368490704,0,0,0,0,0,0,0,0.00108993885807113,0,0,0,0,0,0.0725606438406423,1.57847933022551e-05,0,0,0,0,0,0,0,0,0,0,0,0,0,0,0,0,0,0,0,0,0,5.04594223017265e-05,6.31921346636071e-06,1.43266921712851e-05,3.62760372434397e-06,5.72528378135006e-05,0,0.000495083362215295,0,0
0.00511282128310751,0,0,0,0.00462884447557745,0,0,0,0.0414558382203103,0,0,0,0,0,0,0,0,0,0.000101006401060425,0,0,0,0,0,0,0,0,0,0,0,0,0,0,0,0,0,1.35760446547871e-05,0,0,0,0.000494526608658453,0,0.00218640162800533,0,0,0,0.000575225774809293,4.10262779531843e-05,0.0103318129339389,0,0.0491685004991502,0,0,0,0.00662193564174328,0,6.31319170903205e-05,0,0,0,0.000303400917620322,0,0,7.82877980160775e-05,0,0,0,0,0,0,0,0,0,0,0,0,0,0,0,2.78401681292789e-06,0,1.4283239969516e-05,0.000338750770021906,0,0.00856717172342946,0,0.000610604849544295
0,0.00379972074431173,0,0,0,0.0354972785058439,0,0,0,0.0233371159013204,0,0,0,0,0,0,0,3.40191537648668e-06,0.000106945592248124,0.000281595548843586,0,0,0,0,0,0,0,0,0,0,0,0,0,0,0,1.40710878238689e-05,0,0,2.18207323247156e-06,0.00479803630470175,0,0.0132792093485231,0.000317550119742088,6.86012704225521e-05,0,0.00506805029980519,0.000163380695837319,0,0.000395266367913069,0.0129203437046269,0,0.0133796942230849,0,0,0,0.085381130062517,0,0.00271039685386561,0,0.00192784791793884,0,0.0011507537285946,0.0015227698066396,0,0,0,0,0,0,0,0,0,0.00175388304885167,0,0,0,0,0,0.00032890905299735,0,0.000351655497584224,0,0.000435403861138138,0,0.0237576931733055,0.00096920612174833,0
0,0,0.00462884447557745,0,0,0,0,0,0.00118197663595899,0,0,0,0.000441346102361337,0,0,0,0,0,5.71303853216971e-06,0,0.0110357696211017,0,0,0,0,0,0,0,0,0,0,0,0,0,0,0,4.43290155499224e-06,0,0,0,8.75208949890698e-05,0,0.000168799761328267,0,0,0,0.000314344631910232,0,0.000354623811782522,0,0.0793516570218495,0,0.0015408051054655,0,0,0,0,0,0,0,0.00673689966329028,0,0,0.00102752628939285,0,0,0,0,0,0,0,0,0,0,0,0,0,0,0,2.53028905837326e-05,0,0,0.00102293180769113,0,0.00459722944298746,0,0
0,0,0,0.0354972785058439,0,0,0,0,0,0.000840717090999699,0,0.000213672612294284,0,0,0,0,0,0,0,0.00534243377238601,0,0,0,0,0,0,0,0,0,0,0,0,0,0,0,2.32358470630854e-05,0,0,0,0.000200683696521697,0,6.80532836953623e-05,1.19944349372992e-05,0,0,4.89509482089068e-05,0,0,0,0.000140654128266215,0,0.0259846890426483,0,0,0,0,0,0.00038537500677502,0,7.97860464306892e-05,0,0,0.000532355235106148,0,0,0,0,0,0,0,0,0,0,0,0,0,0,0,5.40701367969422e-05,0,0,0,0.000606902927413571,0,0.0057067498328019,0,0
0,0,0,0,0,0,0,0,0,0,0.00257357429844633,0,0.00110219757108426,0,0,0,0,0,0,0,0.000358008515674839,0,0,0,0,0,0,0,0,0,0,0,0,0,0,0,0,0,0,0,0,0,0,0,0,0,0,0,0,0,0.00112333328255686,0,0.00433400397205332,0,0,0,0.00319078914473463,0,0,0,0,0,0,0,0,0,0,0,0,0,0,0,0,0,0,0,0,0,0,0,0,0,4.46652074095227e-05,0,0,0,0
0,0,0,0,0,0,0,0,0,0,0,0.00015690120563401,0,0,0,0,0,0,0,0,0,0,0,0,0,0,0,0,0,0,0,0,0,0,0,0,0,0,0,0,0,0,0,0,0,0,0,0,0,0,0,0,0,0,0,0,0,0.00283507900917143,0,0,0,0,0,0,0,0,0,0,0,0,0,0,0,0,0,0,0,0,0,0,0,0,0,0,0,0,0
0.00681975258667694,0,0.0414558382203103,0,0.00118197663595899,0,0,0,0,0,0,0,0,0,0.0181207022699663,0,9.51235957071003e-05,0,0,0,0,0,0,0,0.000212543692444459,0,0.000908674425221731,0,0,0,0,0,0,0,0,0,0,0,0.00290738991698542,0,0,0,0.00118711458630806,0,0,0,0,0,0.000653840091131373,0,0,0,0,0,0.165025963088161,0,0,0,0,0,0,0,0,0,0,0,0,0.000183198771004766,0,0.000946299967246739,0,0,0,0,0,0,0,0,0,0,0,0.000646707317370703,0.00139067950466233,0,0.00548429318903184,0,0
0,0.0280962379114404,0,0.0233371159013204,0,0.000840717090999699,0,0,0,0,0,0,0,0,0,0.00867193804713529,0,0,0,0,0,0,0,0.00294796341873363,0,0.000339967693183962,0,0,0,0,0,0,0,0,0,2.00907303255711e-06,0,0.00106746599881075,0,0,0,0.00461313755047136,0,0,0,1.62723202534667e-05,0,0,0,0,0,0,0,0,0,0.118383722847568,0,0,0,0,0,0.000650956194600483,0,0,0,0,0.00508118072740399,0,0,0,0,0,0,0,0,0,0,0,0,0,0.00029548526133771,0,0.00104103728519407,0,0.00894171659567826,0,0
0,0,0,0,0,0,0.00257357429844633,0,0,0,0,0,0,0,0,0,0,0,6.2154702506815e-05,0,0.0425268860495931,0,0,0,0,0,0,0,0,0,6.64518976906223e-05,0,0,0,0,0,0.0019865492833558,0,0.00495363719857887,0,1.96929613239652e-05,0,8.60829587976429e-05,0,0,0,1.82076762631913e-05,0,4.06511600670115e-05,0,0,0,0.00529479051693628,0,0,0,0.0398317427104247,0,0,0,0,0,0,0.016025648657807,0,0,0,0,0,0,0,4.38196780939916e-06,0,0.00336575325191906,0,0,0,0,0,0.000456956481781049,0,0.000543924972422577,0.00039947712230055,0,0.00026322072804227,0,7.85849041289328e-05
0,0,0,0,0,0.000213672612294284,0,0.00015690120563401,0,0,0,0,0,0.00443818437355969,0,0,0,0,0,0.0219741676726198,0,0,0,0,0,0,0,0,0,0.00287416402167804,0,0,0,0,0,0.0011025733684446,0,0.00843835347709584,0,0,0,0,0,0,0,0,0,0,0,0,0,0.000763571654290679,0,0.00250220031349929,0,0,0,0.0397154742257812,0,0.000260763884041639,0,0,0.0160621244478773,0,0,0,0,0,0,0,0,0,0.00299321689948137,0,0,0,0,0,0.000379160265334919,0,0.00210663400333946,0,0.000156176687717021,0,0,0,0
0,0,0,0,0.000441346102361337,0,0.00110219757108426,0,0,0,0,0,0,0,9.8110069881684e-05,0,0,0,0,0,0,0,0,0,0,0,0,0,0,0,0,0,0,0,0,0,0,0,0,0,0,0,0,0,0,0,0,0,0,0,0,0,0,0,0,0,0,0,0.00600268289288443,0,0,0,0,0,0,0,0,0,0,8.87420954537115e-05,0,0,0,0,0,0,0,0,0,0,0,0,0,0,0,0,0
0,0,0,0,0,0,0,0,0,0,0,0.00443818437355969,0,0,0,0,0,0,0,0,0,0,0,0,0,0,0,0,0,0,0,0,0,0,0,0,0,0,0,0,0,0,0,0,0,0,0,0,0,0,0,0,0,0,0,0,0,0.001793950656181,0,0.00246416243730427,0,0,0,0,0,0,0,0,0,0,0,0,0,0,0,0,0,0,0,0,0,0,0,0,0,0,0
0,0,0,0,0,0,0,0,0.0181207022699663,0,0,0,9.8110069881684e-05,0,0,0,7.64199614190412e-06,0,0,0,0,0,0,0,0,0,0.000162231240272655,0,0,0,0,0,0,0,0,0,0,0,0,0,0,0,0,0,0,0,0,0,0,0,0,0,0,0,0.0087339730652029,0,0,0,6.77782300044782e-05,0,0.000346844483690406,0,0,0,0,0,0,0,0,0.000164086652763599,0,0,0,0,0,0,0,0,0,0,0,0,0,0,0,0,0
0,0,0,0,0,0,0,0,0,0.00867193804713529,0,0,0,0,0,0,0,0,0,0,0,0,0,0.000439934141919895,0,0,0,0,0,0,0,0,0,0,0,0,0,0,0,0,0,0,0,0,0,0,0,0,0,0,0,0,0,0,0,0.0405013195218523,0,0,0,0,0,0.00398387183090413,0,0,0,0,0.00793856266242152,0,0,0,0,0,0,0,0,0,0,0,0,0,0,0,5.18464252333126e-05,0,0,0,0
8.21217981857962e-05,7.15195917194109e-06,0,0,0,0,0,0,9.51235957071003e-05,0,0,0,0,0,7.64199614190412e-06,0,0,0.116770709277852,0.0621755027852045,0,2.59522951854174e-06,7.04542488883358e-05,0.000758867732402663,8.4414989725585e-05,0.000619941448538287,0,0.000134706165495602,0,0,0,0,0,0,0,0,0,2.33074601360649e-05,0,8.47462647887628e-06,0.000412447351477375,0.000488016052180253,6.6845302004234e-05,0.000245439010873251,0,0,0.000425969901532999,0.000599159799568298,0,2.74464100219243e-05,0,0,0,0,0,0,0,1.95161045024224e-05,1.70432583003721e-06,4.00394101643351e-06,0,0,0,0.000103088863940543,0.000154939833439821,0,0,0,1.76549252699451e-05,0,0.00190980417275367,0,0,0,3.00927632509142e-05,0,0,0,0,0.000377357583284482,0.000597222147090969,2.7014705876602e-05,9.02218832902769e-05,0.0256768615883251,0.00865415360314736,0.00045785209697139,7.32562273405765e-06,5.97060854617062e-05
3.42417377367115e-06,0,0,3.40191537648668e-06,0,0,0,0,0,0,0,0,0,0,0,0,0.116770709277852,0,0.0722505629256717,0,0,0.000869022609762339,0,0.00343535771313995,0,0,0,0,0,0,0,0,0,0,0,1.28711692125956e-06,1.35375970125869e-05,0,4.89834955876811e-06,0.000377746312517004,0.00039076819142243,9.37738624787349e-05,8.40502396636818e-05,0,0,0.000350750681176761,0.000430189657811755,0,0,8.04743878158264e-06,0,0,0,0,0,0,6.02466891709573e-06,6.81859866022774e-06,0,0,0,0,8.20128260638838e-05,3.90351192325549e-05,0,0,7.50836735631811e-05,0,0.000459954678557669,0,0,0,0,0,0,0,0,0,0.00023014742747156,0.000425992142186181,5.5435026278117e-05,9.97480756444694e-05,0.0244526205655273,0.00924218480691057,0.000242940310887988,3.01842892970448e-05,2.7487397376716e-05
0.0014181416407413,0.000712714397094027,0.000101006401060425,0.000106945592248124,5.71303853216971e-06,0,0,0,0,0,6.2154702506815e-05,0,0,0,0,0,0.0621755027852045,0.0722505629256717,0,0.000112020300948081,0.000139114651187882,0,0,9.71665306275463e-05,0,0,0,0,0,0,0.000216556743823376,0,0,0,0,0.000274734425876377,0.000499294327363259,0,0.000623719808986394,0.0319352044161689,0.0242544077542348,0.0172698672631318,0.0141202002053287,0,0.000228423676176939,0.0158802608485029,0.0153401956829869,0,2.79741978574577e-05,0.00083018897000629,0,0,0,0,0,0,0.00161396903033509,0.00230846020746023,0,0,0,0,0.00376350310896423,0.00606879966932751,0,0,0,0,0,0,0,2.75647394376609e-05,0.0014066696242827,0.00234957443835095,0,0,0,0,0.0214171987433346,0.0141555181344117,0.00633685217136974,0.00446421942366962,0.0109302357805646,9.95427589399684e-05,0.0353471530291748,0.00305357533355345,0.00370704350928021
0,0,0,0.000281595548843586,0,0.00534243377238601,0,0,0,0,0,0.0219741676726198,0,0,0,0,0,0,0.000112020300948081,0,0,0,0,0,0,0,0,0,0,0,0,0,0,0,0,0.0110303482814852,0,0.000248104808737778,0,9.29786809864106e-06,0,0.00011573664807298,0,0,0,0.00116324132182047,0,0,0,0,0,0.000132346148486253,0,0,0,0,0,0.0026843983819921,0,0,0,0,0.0765009179671362,0,0,0,0,0,0,0,0,0,0.000178884512809088,0,0,0,0,0,0.00427547680468581,0,0.00289077862869814,0,0.00162593953615862,0,0.00252287883562922,4.3671943865271e-05,0
0,0,0,0,0.0110357696211017,0,0.000358008515674839,0,0,0,0.0425268860495931,0,0,0,0,0,2.59522951854174e-06,0,0.000139114651187882,0,0,0,0,0,0,0,0,0,0,0,0.000144605837352695,0,0,0,0,0,0.00655158844937653,0,0.00195865341218375,0,3.61509372254437e-05,0,7.27309360887601e-05,0,0,0,0.000247831100409237,0,1.03722717538749e-05,0,0.020837340615865,0,0.000489200231809565,0,0,0,0.00230885741983606,0,0,0,0,0,0,0.0688503011427352,0,0,0,0,0,0,0,0,0,0.00176141436711854,0,0,0,0,0,0.00912211178605218,0,0.00124312309069663,0.000500966478685328,0,0.0022107070580137,0,5.04707334939597e-05
0,0,0,0,0,0,0,0,0,0,0,0,0,0,0,0,7.04542488883358e-05,0.000869022609762339,0,0,0,0,0.000996262411993698,0.000714256158079849,0,0.000125274125738387,0,0.000353658915901049,0,0,0,0,0,0,0,0,0,0.00552422365873802,0.000387187785551605,0,0,0,0,0,0,0,0,0,0,0.00125679582417668,0,0,0,0,0,0,0,0,0,0,0,0,0,0,0.056006634651185,0,0.00344220254533084,0,7.92558181656845e-05,0,0.000405055315729969,0,0,0,0,0,0,0,0,0,0.00611684472408939,0,0.000522092399545822,0,4.12052466747501e-05,0,0
0,0,0,0,0,0,0,0,0,0,0,0,0,0,0,0,0.000758867732402663,0,0,0,0,0.000996262411993698,0,0,0.000819890454406738,0,0,0,0,0,0,0,0,0,0,0,0,0,0.0023460155042133,0,0,0,0,0,0,0,0,0,0.00514424939358439,0,0,0,0,0,0,0,5.68155700592451e-06,0,0,0,0,0,0,0,0,0.0392609391805457,0,0.000718460757675519,0,1.66629179148003e-05,0,0.000239382661930007,0,0,0,0,0,0,0,0,0,0.00645219141417142,0.000415573766628408,0,0,0,0
0,0,0,0,0,0,0,0,0,0.00294796341873363,0,0,0,0,0,0.000439934141919895,8.4414989725585e-05,0.00343535771313995,9.71665306275463e-05,0,0,0.000714256158079849,0,0,0,0.0225641285437901,0,0,0,0,0,0,0,0,0,0,0,0.00840757310833159,0,0,0,0.000167992406096465,0,0,0,0,0,0,0,0.00278742355829463,0,0,0,0,0,0.00784379761445839,0,0,0,0,0,0.00547925176193295,0,0,0.000326356300394853,0,0.0604448504523824,0,0.0117154036038108,0,0,0,0,0,0,0,0,0,0,0,0.00272467164081411,0,0.000356105128226081,0,0.00307153545964353,0,0
0,0,0,0,0,0,0,0,0.000212543692444459,0,0,0,0,0,0,0,0.000619941448538287,0,0,0,0,0,0.000819890454406738,0,0,0,0.0515309669553023,0,0,0,0,0,0,0,0,0,0,0,0.0035189333372173,0,0,0,0.000416182834756991,0,0,0,0,0,0.000480435315489543,0,0,0,0,0,0.00260405316537115,0,0,0,0,0,0,0,0,0,0,0.000120783311887401,0,0.0353831155716348,0,0.0288727844253571,0,0,0,0,0,0,0,0,0,0,0,0.000994268159306759,0.00028492603453857,0,0.00209211135532752,0,0
0,0,0,0,0,0,0,0,0,0.000339967693183962,0,0,0,0,0,0,0,0,0,0,0,0.000125274125738387,0,0.0225641285437901,0,0,0,8.82360081905734e-05,0,0,0,0,0,0,0,0,0,0,0,0,0,0,0,0,0,0,0,0,0,0,0,0,0,0,0,0,0,0,0,0,0,0.00226843121227727,0,0,1.10838092117979e-05,0,0.0253070824643739,0,0.00613486316147618,0,0,0,0,0,0,0,0,0,0,0,0,0,1.90371076992023e-05,0,0,0,0
0,0,0,0,0,0,0,0,0.000908674425221731,0,0,0,0,0,0.000162231240272655,0,0.000134706165495602,0,0,0,0,0,0,0,0.0515309669553023,0,0,0,0,0,0,0,0,0,0,0,0,0,0,0,0,0,0,0,0,0,0,0,0,0,0,0,0,0,0.00677783184212044,0,0,0,0,0,0.000333672750916517,0,0,0,0,0.000117294734579862,0,0.0260076739406785,0,0.0193940116210005,0,0,0,0,0,0,0,0,0,0,0,0,4.38896495466253e-06,0,0,0,0
0,0,0,0,0,0,0,0,0,0,0,0,0,0,0,0,0,0,0,0,0,0.000353658915901049,0,0,0,8.82360081905734e-05,0,0,0,0.0168382655493792,0,0,0,0,0,0,0,0.00242431525788248,0,0,0,0,0,0,0,0,0,0,0,0,0,0,0,0,0,0,0,0,0,0,0,0,0,0,0.00174871705754375,0,0,0,0.00499569674348902,0,0.0217757134686579,0,0.00211895080052739,0,0,0,0,0,0,0,0.000381877508943959,0,4.34878975141996e-06,0,0,0,0
0,0,0,0,0,0,0,0,0,0,0,0,0,0,0,0,0,0,0,0,0,0,0,0,0,0,0,0,0,0,5.96512316255551e-05,0,0,0,0,0,0,0,2.7377377043348e-05,0,0,0,0,0,0,0,0,0,0,0,0,0,0,0,0,0,0,0,0,0,0,0,0,0,0,3.74134576222598e-05,0,0,0,0,0,0.0133729176966284,0,0.000143619698064867,0,0,0,0,0,0,0,0.00101986395115056,2.9309452203926e-05,0.000249316642966518,0,0,0
0,0,0,0,0,0,0,0,0,0,0,0.00287416402167804,0,0,0,0,0,0,0,0,0,0,0,0,0,0,0,0.0168382655493792,0,0,0,0,0,0,0,0,0,0.00415619151630592,0,0,0,0,0,0,0,0,0,0,0,0,0,0,0,0,0,0,0,0.00263191883977867,0,0,0,0,0,0,0,0,0,0,0,0,0.00015524563795417,0,0.0394443885178875,0,0,0,0,0,0,0,0,0,1.34822171451722e-05,0,0,0,0
0,0,0,0,0,0,0,0,0,0,6.64518976906223e-05,0,0,0,0,0,0,0,0.000216556743823376,0,0.000144605837352695,0,0,0,0,0,0,0,5.96512316255551e-05,0,0,0,0,0,0,0,0,0,0.000401852753934928,0,6.69964515128893e-05,0,0.000600503850106947,0,0,0,2.65738718178477e-05,0,0,0,0,0,0,0,0,0,0.010269521228264,0,0,0,0,0,0,0.00123327871666355,0,0,0,0,0,0,0,0.000388558332714665,0,0.0181480300625874,0,0,0,0,0,5.08111932713451e-05,0,0.000162856031786545,6.39414064303997e-06,0,0.00084446004856369,0,0.00150711980805764
0,0,0,0,0,0,0,0,0,0,0,0,0,0,0,0,0,0,0,0,0,0,0,0,0,0,0,0,0,0,0,0,0.105016237605354,0.00188021583152412,0.000185826129657068,0.00119683247041984,0.000204032842403956,0,0,0,0,0,0,0,0,0,0,0.179539961865595,0.00010924010156368,0,0,0,0,0,0,0,0,0,0,0,0,0,0,0,0,0,0,0,0,0,0,0,0,0,0.0516612117917892,0.0276297709848917,0,0,0.00407826117439808,0.000122078365045764,0,0,0.00106237123292604,0,0,0,0
0,0,0,0,0,0,0,0,0,0,0,0,0,0,0,0,0,0,0,0,0,0,0,0,0,0,0,0,0,0,0,0.105016237605354,0,0.00093829529976252,0.000889720420821083,1.37166472427342e-05,0.00204399277274388,0,0,0,0,0,0,0,0,0,0,0.120241480442927,0.000126367127755813,0,0,0,0,0,0,0,0,0,0,0,0,0,0,0,0,0,0,0,0,0,0,0,0,0,0.0121787185292083,0.27075264856895,0,4.41619161299981e-05,3.29062352072185e-05,0.00769356046901077,0,0,0.000852142363564259,0,0,0,0
0,0,0,0,0,0,0,0,0,0,0,0,0,0,0,0,0,0,0,0,0,0,0,0,0,0,0,0,0,0,0,0.00188021583152412,0.00093829529976252,0,0.137020120945977,0.00152061780190919,0,0.000670264704500618,0,0,0,0,0,0,0,0,0,0.104585644914325,5.14853064756352e-05,0,0,0,0,0,0,0,0,0,0,0,0,0,0,0,0,0,0,0,0,0,0,0,0,0,0,0.000202645727021718,0.0474254141283292,0.000851161660514515,0.000280290357950875,0,0.0006137630961412,0,0.000367273854955022,0,0,0,0
0,0,0,0,0,0,0,0,0,0,0,0,0,0,0,0,0,0,0,0,0,0,0,0,0,0,0,0,0,0,0,0.000185826129657068,0.000889720420821083,0.137020120945977,0,0,0.00121100938017108,0,0.000994103584181155,0,0,0,0,0,0,0,0,0.122011101407526,0.000187014875629575,0.000192601225366751,0,0,0,0,0,0,0,0,0,0,0,0,0,0,0,0,0,0,0,0,0,0,0,0,0,0.000481566016465075,0.0446845989288084,0.0891660094396785,0,0.00177418539771483,0,0.00555025215313952,0.000368697867954024,0,0,0,0
0,0,0,1.40710878238689e-05,0,2.32358470630854e-05,0,0,0,2.00907303255711e-06,0,0.0011025733684446,0,0,0,0,0,1.28711692125956e-06,0.000274734425876377,0.0110303482814852,0,0,0,0,0,0,0,0,0,0,0,0.00119683247041984,1.37166472427342e-05,0.00152061780190919,0,0,0.00389860671187939,0.00508642655681189,0,3.50371697199872e-05,0,9.0781518826523e-05,0,0,0,0.000638136110536471,0,0.00507844747132249,6.02131283913465e-05,9.95624471917503e-05,4.83688824779176e-06,0,0,0,0,0,0,3.66997505235229e-05,0,0,0,0,0.00451794214768793,0,0,0,0,0,0,0,0,0,0,0,7.69575180119355e-05,0,0.00148090162877662,0,0.0342319364765208,0.00227626652703975,0.000405473690991284,0,0.00227487933459809,0.00101281353909382,0.00157754433187299,5.70487842062603e-05,0
3.63855363762157e-06,0,1.35760446547871e-05,0,4.43290155499224e-06,0,0,0,0,0,0.0019865492833558,0,0,0,0,0,2.33074601360649e-05,1.35375970125869e-05,0.000499294327363259,0,0.00655158844937653,0,0,0,0,0,0,0,0,0,0,0.000204032842403956,0.00204399277274388,0,0.00121100938017108,0.00389860671187939,0,0,0.00599257153752704,6.04376263525883e-06,5.44557054971569e-05,2.62228258423577e-06,0.000210835666074217,0,0,8.07357990654763e-06,0.000816864981962748,0.00301331108798932,0.000152560911064052,1.36865719815632e-05,2.3029759780305e-05,0,0,0,0,0,0.000126225684931806,0,0,0,0,0,0,0.000930298398846454,0,0,0,0,0,0,0,1.66784687731431e-06,0,1.74568728191155e-05,0.000321689490475835,0.000183247708687136,0,0.000576722327095121,0.000890552006764643,0.044958286956521,0,0.000341815595164905,0.00154049050250609,0.00132692496858447,0.00104066356316723,0,4.76992183100554e-05
0,0,0,0,0,0,0,0,0,0.00106746599881075,0,0.00843835347709584,0,0,0,0,0,0,0,0.000248104808737778,0,0.00552422365873802,0,0.00840757310833159,0,0,0,0.00242431525788248,0,0.00415619151630592,0,0,0,0.000670264704500618,0,0.00508642655681189,0,0,0.00118042754660341,0,0,0.000110341979990384,0,0,0,0,0,3.13740805464174e-05,0,0.0068261560917541,0,0,0,0,0,0.00157557832237421,0,0.000465717184309617,0,0,0,0,0.00172214796198108,0,0.000559018052895192,0,0.00416123121017815,0,0,0,0.000448240267729496,0,0.000731238716414223,0,0,0,0.00106483440035723,0,0.00136433361017704,0,0.0552326350859614,0,0.00202115814152441,3.64566291055468e-05,0.00471097940851125,0,0
8.88951953830213e-06,0,0,2.18207323247156e-06,0,0,0,0,0.00290738991698542,0,0.00495363719857887,0,0,0,0,0,8.47462647887628e-06,4.89834955876811e-06,0.000623719808986394,0,0.00195865341218375,0.000387187785551605,0.0023460155042133,0,0.0035189333372173,0,0,0,2.7377377043348e-05,0,0.000401852753934928,0,0,0,0.000994103584181155,0,0.00599257153752704,0.00118042754660341,0,2.04849114413669e-06,8.81866583136501e-05,0,0.00128782305164642,0,0,6.77923923440843e-06,0.000288795016586058,0.00120242162596403,0.00714550599872596,0,0,0,0,0,0.00168899368526012,0,0.000637506690670153,0,0,0,0,0,0,0.0013616788719401,0.000213937975570531,0.00054357428935274,0,0.00165947046723754,0,0,0,1.02373869341162e-05,0,0,0,0,0,0.00225623266058084,3.59702405288455e-06,0.00417469256396997,7.21178093954222e-06,0.051414319380559,0.000543383712348099,1.60384279297432e-05,0.0052175939477698,0,0.000118152657038039
2.17471391672697e-05,5.093783671083e-05,0,0.00479803630470175,0,0.000200683696521697,0,0,0,0,0,0,0,0,0,0,0.000412447351477375,0.000377746312517004,0.0319352044161689,9.29786809864106e-06,0,0,0,0,0,0,0,0,0,0,0,0,0,0,0,3.50371697199872e-05,6.04376263525883e-06,0,2.04849114413669e-06,0,0.000895077314336815,0.0739144184745154,0.00142247350463018,0.000484574772172179,0.000170813664724261,0.0252739200023083,0.00113633515905798,0,6.20660283333178e-06,0.0221876609177489,0,0,0,0,0,0,2.99201883698717e-05,0.000600788705081885,0,0,0,0,0.0112247612644964,0.000349707442300895,0,0,0,0,0,0,0,0,0.00037578827051072,0.000138540179337576,0,0,0,0,0.00553637390025016,0.000283753190047635,0.000575879570536186,6.93476814260243e-05,0.000451993428647005,2.85542486808724e-05,0.0332183740228044,0.00791361074689451,0.000226380973169625
0.000425091670073833,0,0.000494526608658453,0,8.75208949890698e-05,0,0,0,0,0,1.96929613239652e-05,0,0,0,0,0,0.000488016052180253,0.00039076819142243,0.0242544077542348,0,3.61509372254437e-05,0,0,0,0,0,0,0,0,0,6.69964515128893e-05,0,0,0,0,0,5.44557054971569e-05,0,8.81866583136501e-05,0.000895077314336815,0,0.000365840771864495,0.0647960798416461,0,0.00199710105481783,0.000600099677277577,0.024165296789916,0.000493478294869639,0.0108326881696568,0,5.58336190257499e-05,0,0,0,0,0,0.00124244934525098,0,0,0,0,0,7.56617494198806e-05,0.0107627413119775,0,0,0,0,0,0,0,0,0,0.000928301050647311,0,0,0,0,0.000209940530140172,0.00842886602010103,3.77530999025286e-05,0.000535910844925987,0.000330321502330062,0,0.0345905723019865,1.23996766365854e-05,0.0168145560674403
0,0.000150807368490704,0,0.0132792093485231,0,6.80532836953623e-05,0,0,0,0.00461313755047136,0,0,0,0,0,0,6.6845302004234e-05,9.37738624787349e-05,0.0172698672631318,0.00011573664807298,0,0,0,0.000167992406096465,0,0,0,0,0,0,0,0,0,0,0,9.0781518826523e-05,2.62228258423577e-06,0.000110341979990384,0,0.0739144184745154,0.000365840771864495,0,0.00761580578026332,0.00016246308392944,0,0.00587880224261768,9.90803927077471e-05,0.0010830309666634,1.14120914249706e-05,0.0152138308533033,0,0,0,0,0,3.34375858955364e-05,0,0.01666927938909,0,0,0,0,0.0213645588734623,0,0,0,0.00141745819781134,0,0,0,1.57240251645288e-05,5.78092654126353e-05,0.0144238264104345,4.17992459410613e-05,0,0,0,0,0.0138793274504153,6.55746552896969e-05,0.00182861643525479,5.52120824362791e-05,0.00242472639955285,0.000104248714950184,0.104968138895286,0.0158418105901421,0
0.0035444834642586,0,0.00218640162800533,0.000317550119742088,0.000168799761328267,1.19944349372992e-05,0,0,0.00118711458630806,0,8.60829587976429e-05,0,0,0,0,0,0.000245439010873251,8.40502396636818e-05,0.0141202002053287,0,7.27309360887601e-05,0,0,0,0.000416182834756991,0,0,0,0,0,0.000600503850106947,0,0,0,0,0,0.000210835666074217,0,0.00128782305164642,0.00142247350463018,0.0647960798416461,0.00761580578026332,0,0,0.000898006683353275,0.000412963362409,0.0105718940803118,0.00335805884256407,0.0149215212418547,4.86655580391622e-05,6.63842570787948e-05,0,0,0,0.000133229776383499,0,0.0187378475857337,4.32026673892077e-05,0.000241086935896569,0,0,0,0.000142711811652125,0.00763357161112808,0,0,0,1.61366704391241e-05,0,0,0,0.00103971161592222,0,0.0169611091296147,0,0,0,0,0.00022427899125441,0.0126442267937978,2.05047181272222e-05,0.00419804503280406,0.00452768219817461,4.88292649458767e-06,0.128784925897842,0.000202073545387415,0.0569220399416755
0,0,0,6.86012704225521e-05,0,0,0,0,0,0,0,0,0,0,0,0,0,0,0,0,0,0,0,0,0,0,0,0,0,0,0,0,0,0,0,0,0,0,0,0.000484574772172179,0,0.00016246308392944,0,0,0,0.000157913025310407,0,0,0,0,0,0,0,0,0,0,0,0,0,0,0,0,0.000115013799313669,0,0,0,0,0,0,0,0,0,0,0,0,0,0,0,1.73451819424216e-05,0,0,0,2.51527648502571e-05,0,0.00159216997009934,0,0
0,0,0,0,0,0,0,0,0,0,0,0,0,0,0,0,0,0,0.000228423676176939,0,0,0,0,0,0,0,0,0,0,0,0,0,0,0,0,0,0,0,0,0.000170813664724261,0.00199710105481783,0,0.000898006683353275,0,0,0,0.000939058246583177,0,0,0,0,0,0,0,0,0,0,0,0,0,0,0,0,0.000392217389832191,0,0,0,0,0,0,0,0,0,0.000141549228523845,0,0,0,0,0,0.000188486752487456,0,0,1.97263169768831e-05,0,0.0016551751940576,0,0
0,0,0,0.00506805029980519,0,4.89509482089068e-05,0,0,0,1.62723202534667e-05,0,0,0,0,0,0,0.000425969901532999,0.000350750681176761,0.0158802608485029,0.00116324132182047,0,0,0,0,0,0,0,0,0,0,0,0,0,0,0,0.000638136110536471,8.07357990654763e-06,0,6.77923923440843e-06,0.0252739200023083,0.000600099677277577,0.00587880224261768,0.000412963362409,0.000157913025310407,0,0,0.00084210344740193,0.000777814429047563,0.000664073422864211,0.00160266427250251,0,1.62929530549139e-05,0,0,0,1.15348912361553e-05,0,0.0077271262912107,0,0,0,0,0.0816190105922678,0.00039289889134952,0,0,0,0,0,0,0,0,0.00279105863762911,1.87439700176083e-05,0,0,0,0,0.0130442529581226,0.000361263693596843,0.00668486396431818,3.50966692089092e-05,0.00104874214019922,4.22998628413848e-05,0.0363167116808843,0.000143596276167819,0.000265903267389678
0.000119111861826523,0,0.000575225774809293,0.000163380695837319,0.000314344631910232,0,0,0,0,0,1.82076762631913e-05,0,0,0,0,0,0.000599159799568298,0.000430189657811755,0.0153401956829869,0,0.000247831100409237,0,0,0,0,0,0,0,0,0,2.65738718178477e-05,0,0,0,0,0,0.000816864981962748,0,0.000288795016586058,0.00113633515905798,0.024165296789916,9.90803927077471e-05,0.0105718940803118,0,0.000939058246583177,0.00084210344740193,0,0.000151384814096871,0.00180880608954153,0,1.70842077404007e-05,0,0,0,0,0,0.000638747908346317,0,0,0,0,0,0.000256871205993539,0.0219735397980237,0,0,0,0,0,0,0,9.10902739601795e-05,0,0.000876172327026947,0,0,0,0,0.000305115714600549,0.0174448221656185,4.60250070539393e-05,0.0028747318150458,0.000485654294512184,0,0.0115268427724588,0,0.000113066704176593
0,0,4.10262779531843e-05,0,0,0,0,0,0,0,0,0,0,0,0,0,0,0,0,0,0,0,0,0,0,0,0,0,0,0,0,0.179539961865595,0.120241480442927,0.104585644914325,0.122011101407526,0.00507844747132249,0.00301331108798932,3.13740805464174e-05,0.00120242162596403,0,0.000493478294869639,0.0010830309666634,0.00335805884256407,0,0,0.000777814429047563,0.000151384814096871,0,0.0794440600216217,0.059288302542246,8.20804681401924e-05,0,0,0,0,0,0.000247336747538853,0,0,0,0,0,0,0,0,0,0,0,0,0,0,0,0,0,0.0454292943928611,0.104588336353083,0.0197833440780659,0.0116434699599618,0.00702046280318078,0.0152173608804739,0.000197478942732164,0.000229877094320582,0.00644524158503305,0,0.0169998051664981,0,0
0.00405965710358206,0,0.0103318129339389,0.000395266367913069,0.000354623811782522,0,0,0,0.000653840091131373,0,4.06511600670115e-05,0,0,0,0,0,2.74464100219243e-05,0,2.79741978574577e-05,0,1.03722717538749e-05,0,0.00514424939358439,0,0.000480435315489543,0,0,0,0,0,0,0.00010924010156368,0.000126367127755813,5.14853064756352e-05,0.000187014875629575,6.02131283913465e-05,0.000152560911064052,0,0.00714550599872596,6.20660283333178e-06,0.0108326881696568,1.14120914249706e-05,0.0149215212418547,0,0,0.000664073422864211,0.00180880608954153,0.0794440600216217,0,0.00341658681471936,0.000537409648373107,0,0,0,0.00102264839395753,0,0.00263799000962406,0,2.73305129676966e-05,0,0.00662397119274966,0,0,0.0009070782307856,0,0.0106333674396071,0,0.00890384626603232,0,0.000938191036330833,0,0.0244101957124291,0,0.00292398139967145,0,0,0,0,0.000114539622779646,0.00477159200323885,0,0.0141744486421295,0.00351011537850196,0,0.0330898870291007,0,9.88271409938565e-05
5.8014790444769e-05,0.00108993885807113,0,0.0129203437046269,0,0.000140654128266215,0,0,0,0,0,0,0,0,0,0,0,8.04743878158264e-06,0.00083018897000629,0,0,0.00125679582417668,0,0.00278742355829463,0,0,0,0,0,0,0,0,0,0,0.000192601225366751,9.95624471917503e-05,1.36865719815632e-05,0.0068261560917541,0,0.0221876609177489,0,0.0152138308533033,4.86655580391622e-05,0,0,0.00160266427250251,0,0.059288302542246,0.00341658681471936,0,0,0,0,0,0,0.000192308178202131,0,0.0082015920771175,0,0.0019824239843381,0,0.00358594619242373,0.00212226149892108,0,0.00453972037323635,0,0.0144437001645613,0,0.0103814901505551,0,0.0115616264097736,0,0.00299952137977056,0,0,0,0.000249238535398461,0,0.000932707694493552,7.4636091157383e-06,0.00409597073825129,0,0.00349424344652716,2.62020944151427e-06,0.0332943120554552,0.0007123820591513,0
0,0,0.0491685004991502,0,0.0793516570218495,0,0.00112333328255686,0,0,0,0,0,0,0,0,0,0,0,0,0,0.020837340615865,0,0,0,0,0,0,0,0,0,0,0,0,0,0,4.83688824779176e-06,2.3029759780305e-05,0,0,0,5.58336190257499e-05,0,6.63842570787948e-05,0,0,0,1.70842077404007e-05,8.20804681401924e-05,0.000537409648373107,0,0,0,0,0,0,0,0.00995197389106212,0,0,0,0.00617010918917439,0,0,0.0157309961220405,0,0,0,0,0,0,0,0,0,0,0,0,0,0,0,0.000147093078395365,0,0,0.00324252277655993,0,0.00809657787688604,0,0
0,0,0,0.0133796942230849,0,0.0259846890426483,0,0,0,0,0,0.000763571654290679,0,0,0,0,0,0,0,0.000132346148486253,0,0,0,0,0,0,0,0,0,0,0,0,0,0,0,0,0,0,0,0,0,0,0,0,0,1.62929530549139e-05,0,0,0,0,0,0,0,0,0,0,0,0.00924858381619128,0,0.00871832198141285,0,0.00413882466009742,4.77094522951227e-05,0,0,0,0,0,0,0,0,0,0,0,0,0,0,0,7.64238762141623e-06,0,0,0,0,0,0.000992814815140577,0,0
0,0,0,0,0.0015408051054655,0,0.00433400397205332,0,0,0,0.00529479051693628,0,0,0,0,0,0,0,0,0,0.000489200231809565,0,0,0,0,0,0,0,0,0,0,0,0,0,0,0,0,0,0,0,0,0,0,0,0,0,0,0,0,0,0,0,0,0,0,0,0.0152767043595511,0,0,0,0,0,0,0.00277105148206499,0,0,0,0,0,0,0,0,0,0,0,0,0,0,0,0,0,0,6.77648315089963e-05,0,0,0,0
0,0,0,0,0,0,0,0,0,0,0,0.00250220031349929,0,0,0,0,0,0,0,0,0,0,0,0,0,0,0,0,0,0,0,0,0,0,0,0,0,0,0,0,0,0,0,0,0,0,0,0,0,0,0,0,0,0,0,0,0,0.00698492028549514,0,0,0,0,0,0,0,0,0,0,0,0,0,0,0,0,0,0,0,0,0,0,0,0,0,0,0,0,0
0.0149892969542999,0,0.00662193564174328,0,0,0,0,0,0.165025963088161,0,0,0,0,0,0.0087339730652029,0,0,0,0,0,0,0,0,0,0.00260405316537115,0,0.00677783184212044,0,0,0,0,0,0,0,0,0,0,0,0.00168899368526012,0,0,0,0.000133229776383499,0,0,0,0,0,0.00102264839395753,0,0,0,0,0,0,0,0,0,0,0,0.0191919298888588,0,0,0,0,0,0,0.0122721912010769,0,0.00325202955652321,0,0,0,0,0,0,0,0,0,0,0,0.00188152902308858,1.18710517315571e-05,0,0.0030369375312066,0,0
0,0.0725606438406423,0,0.085381130062517,0,0,0,0,0,0.118383722847568,0,0,0,0,0,0.0405013195218523,0,0,0,0,0,0,0,0.00784379761445839,0,0,0,0,0,0,0,0,0,0,0,0,0,0.00157557832237421,0,0,0,3.34375858955364e-05,0,0,0,1.15348912361553e-05,0,0,0,0.000192308178202131,0,0,0,0,0,0,0,0,0,0,0,0.0109484516010053,0,0,0,0,0.0022634265941469,0,0,0,0,0,0,0,0,0,0,0,0,0,0.00211304642918819,0,0.000175502566339994,0,0.000229908642962716,0,0
4.93022075181678e-05,1.57847933022551e-05,6.31319170903205e-05,0,0,0,0.00319078914473463,0,0,0,0.0398317427104247,0,0,0,0,0,1.95161045024224e-05,6.02466891709573e-06,0.00161396903033509,0,0.00230885741983606,0,5.68155700592451e-06,0,0,0,0,0,0,0,0.010269521228264,0,0,0,0,0,0.000126225684931806,0,0.000637506690670153,2.99201883698717e-05,0.00124244934525098,0,0.0187378475857337,0,0,0,0.000638747908346317,0.000247336747538853,0.00263799000962406,0,0.00995197389106212,0,0.0152767043595511,0,0,0,0,0,0.0147992126102844,0,0,0,0,0.0534859706982808,0,0,0,0,0,0,0,0.00587000201396956,0,0.107162105843147,0,0,0,0,9.96859017106215e-06,0.00131712687782919,0,0.000284653361025003,0.000458750717999686,0,0.0259433298650182,0,0.0125100073299963
0,0,0,0.00271039685386561,0,0.00038537500677502,0,0.00283507900917143,0,0,0,0.0397154742257812,0,0.001793950656181,0,0,1.70432583003721e-06,6.81859866022774e-06,0.00230846020746023,0.0026843983819921,0,0,0,0,0,0,0,0,0,0.00263191883977867,0,0,0,0,0,3.66997505235229e-05,0,0.000465717184309617,0,0.000600788705081885,0,0.01666927938909,4.32026673892077e-05,0,0,0.0077271262912107,0,0,0,0.0082015920771175,0,0.00924858381619128,0,0.00698492028549514,0,0,0,0,0,0.00629216300250887,0,0.000445372326398741,0.0371571786113018,0,0,0,0,0,0,0,0,0,0.0261705056959265,0,0,0,0,0,0.000166078286192391,5.45999373526742e-06,3.35842423014356e-05,0,0.000156894100506653,4.46981714923739e-05,0.0208765656554234,0.0102216721577703,0
0,0,0,0,0,0,0,0,0,0,0,0,0.00600268289288443,0,6.77782300044782e-05,0,4.00394101643351e-06,0,0,0,0,0,0,0,0,0,0,0,0,0,0,0,0,0,0,0,0,0,0,0,0,0,0.000241086935896569,0,0,0,0,0,2.73305129676966e-05,0,0,0,0,0,0,0,0.0147992126102844,0,0,0,0.000798894660210344,0,0,0.000998968889443283,0,0,0,0,0,0.00690982831940444,0,3.66743289352509e-05,0,7.14480044831742e-05,0,0,0,0,0,6.43332575136503e-06,0,0,0,0,0.000653386473634067,0,0.000138930691065972
0,0,0,0.00192784791793884,0,7.97860464306892e-05,0,0,0,0,0,0.000260763884041639,0,0.00246416243730427,0,0,0,0,0,0,0,0,0,0,0,0,0,0,0,0,0,0,0,0,0,0,0,0,0,0,0,0,0,0,0,0,0,0,0,0.0019824239843381,0,0.00871832198141285,0,0,0,0,0,0.00629216300250887,0,0,0,0.00611368966424269,5.13371579677357e-05,0,0,0,0,0,0,0,7.14949565008283e-05,0,0,0,0,0,0,0,0,0,0,0,0,0,6.05543340702637e-05,0,0
0.016669593268246,0,0.000303400917620322,0,0.00673689966329028,0,0,0,0,0,0,0,0,0,0.000346844483690406,0,0,0,0,0,0,0,0,0,0,0,0.000333672750916517,0,0,0,0,0,0,0,0,0,0,0,0,0,0,0,0,0,0,0,0,0,0.00662397119274966,0,0.00617010918917439,0,0,0,0.0191919298888588,0,0,0,0.000798894660210344,0,0,0,0,0,0,0,0,0,0,0.00868787745958612,0,0,0,0,0,0,0,0,0,0,0,0,2.31060469595488e-05,0,0.00111064419750938,0,0
0,0,0,0.0011507537285946,0,0,0,0,0,0.000650956194600483,0,0,0,0,0,0.00398387183090413,0,0,0,0,0,0,0,0.00547925176193295,0,0.00226843121227727,0,0,0,0,0,0,0,0,0,0,0,0,0,0,0,0,0,0,0,0,0,0,0,0.00358594619242373,0,0.00413882466009742,0,0,0,0.0109484516010053,0,0.000445372326398741,0,0.00611368966424269,0,0,0,0,0,0,0.00597259885751008,0,0.00236906593343296,0,0,0,0,0,0,0,0,0,0,0,0,0,7.06564272250413e-06,0,0,0,0
3.61954113433666e-05,0,0,0.0015227698066396,0,0.000532355235106148,0,0,0,0,0,0.0160621244478773,0,0,0,0,0.000103088863940543,8.20128260638838e-05,0.00376350310896423,0.0765009179671362,0,0,0,0,0,0,0,0,0,0,0,0,0,0,0,0.00451794214768793,0,0.00172214796198108,0,0.0112247612644964,7.56617494198806e-05,0.0213645588734623,0.000142711811652125,0.000115013799313669,0,0.0816190105922678,0.000256871205993539,0,0,0.00212226149892108,0,4.77094522951227e-05,0,0,0,0,0,0.0371571786113018,0,5.13371579677357e-05,0,0,0,2.66595412257021e-05,0,0,0,0,0,0,0,0,0.00496898889297296,1.02199213610249e-05,0,0,0,0,0.0186414718548065,7.7053007848866e-05,0.00291452931896455,9.8648142011732e-06,0.00128110854402597,2.92480440153761e-05,0.0246719150105468,0.00247541200392588,0
0,0,7.82877980160775e-05,0,0.00102752628939285,0,0,0,0,0,0.016025648657807,0,0,0,0,0,0.000154939833439821,3.90351192325549e-05,0.00606879966932751,0,0.0688503011427352,0,0,0,0,0,0,0,0,0,0.00123327871666355,0,0,0,0,0,0.000930298398846454,0,0.0013616788719401,0.000349707442300895,0.0107627413119775,0,0.00763357161112808,0,0.000392217389832191,0.00039289889134952,0.0219735397980237,0,0.0009070782307856,0,0.0157309961220405,0,0.00277105148206499,0,0,0,0.0534859706982808,0,0.000998968889443283,0,0,0,2.66595412257021e-05,0,0,0,0,0,0,0,0,0.000784433518945253,0,0.0161840541110817,0,0,0,0,5.89098985424041e-05,0.0213905844358757,1.34265158532498e-05,0.0128776807747764,0.000404369677943909,0,0.0146988448988237,0,0.000510498274329514
0,0,0,0,0,0,0,0,0,0,0,0,0,0,0,0,0,0,0,0,0,0.056006634651185,0,0.000326356300394853,0,1.10838092117979e-05,0,0.00174871705754375,0,0,0,0,0,0,0,0,0,0.000559018052895192,0.000213937975570531,0,0,0,0,0,0,0,0,0,0,0.00453972037323635,0,0,0,0,0,0,0,0,0,0,0,0,0,0,0,0,0.00974136605547783,0,0.00508521372470079,0,0.00457898849625019,0,0,0,0,0,0,0,0,0,0.00655562926514074,0,0.000232709101699878,2.4257781255975e-06,3.83835889049946e-05,0,0
0,0,0,0,0,0,0,0,0,0,0,0,0,0,0,0,0,0,0,0,0,0,0.0392609391805457,0,0.000120783311887401,0,0.000117294734579862,0,3.74134576222598e-05,0,0,0,0,0,0,0,0,0,0.00054357428935274,0,0,0,0,0,0,0,0,0,0.0106333674396071,0,0,0,0,0,0,0,0,0,0,0,0,0,0,0,0,0,0,0.00447506533875577,0,0.00154625036881776,0,0.000907309917269968,0,9.55575922636164e-06,0,0,0,0,0,0,0,0.00768215375162362,6.42425955450828e-05,2.83086736706942e-05,0,0,0
0,0,0,0,0,0,0,0,0,0.00508118072740399,0,0,0,0,0,0.00793856266242152,0,7.50836735631811e-05,0,0,0,0.00344220254533084,0,0.0604448504523824,0,0.0253070824643739,0,0,0,0,0,0,0,0,0,0,0,0.00416123121017815,0,0,0,0.00141745819781134,0,0,0,0,0,0,0,0.0144437001645613,0,0,0,0,0,0.0022634265941469,0,0,0,0,0,0.00597259885751008,0,0,0.00974136605547783,0,0,0,0.0948604808417822,0,0.000876562487032353,0,0,0,0,0,0,0,0,0,0.00308630931090929,0,0.000275252329824821,0,0.0145614398488534,0,0
0,0,0,0,0,0,0,0,0.000183198771004766,0,0,0,0,0,0,0,1.76549252699451e-05,0,0,0,0,0,0.000718460757675519,0,0.0353831155716348,0,0.0260076739406785,0,0,0,0,0,0,0,0,0,0,0,0.00165947046723754,0,0,0,1.61366704391241e-05,0,0,0,0,0,0.00890384626603232,0,0,0,0,0,0.0122721912010769,0,0,0,0,0,0,0,0,0,0,0.00447506533875577,0,0,0,0.000215978232576371,0,0,0,0,0,0,0,0,0,0,0,0.00025452960152555,1.87429529479866e-05,0,0.00327880923240271,0,0
0,0,0,0,0,0,0,0,0,0,0,0,0,0,0,0,0,0.000459954678557669,0,0,0,7.92558181656845e-05,0,0.0117154036038108,0,0.00613486316147618,0,0.00499569674348902,0,0,0,0,0,0,0,0,0,0,0,0,0,0,0,0,0,0,0,0,0,0.0103814901505551,0,0,0,0,0,0,0,0,0,0,0,0.00236906593343296,0,0,0.00508521372470079,0,0.0948604808417822,0,0,0,0.0180576966170971,0,0,0,0,0,0,0,0,0,1.17517126977922e-05,0,0.000126425916850418,0,0,0,0
0,0,0,0,0,0,0,0,0.000946299967246739,0,0,0,8.87420954537115e-05,0,0.000164086652763599,0,0.00190980417275367,0,0,0,0,0,1.66629179148003e-05,0,0.0288727844253571,0,0.0193940116210005,0,0,0,0,0,0,0,0,0,0,0,0,0,0,0,0,0,0,0,0,0,0.000938191036330833,0,0,0,0,0,0.00325202955652321,0,0,0,0.00690982831940444,0,0.00868787745958612,0,0,0,0,0.00154625036881776,0,0.000215978232576371,0,0,0,0.0205166329856133,0,0,0,0,0,0,0,0,0,0,2.4088562328845e-05,0,0,0,0
0,0,0,0,0,0,0,0,0,0,0,0,0,0,0,0,0,0,0,0,0,0.000405055315729969,0,0,0,0,0,0.0217757134686579,0,0.00015524563795417,0,0,0,0,0,0,0,0.000448240267729496,0,0,0,1.57240251645288e-05,0,0,0,0,0,0,0,0.0115616264097736,0,0,0,0,0,0,0,0,0,7.14949565008283e-05,0,0,0,0,0.00457898849625019,0,0.000876562487032353,0,0.0180576966170971,0,0,0,0.00180074991467719,0,0,0,0,0,0,0,2.87948793600876e-05,0,0,0,7.71031154717561e-05,0,0
0,0,0,0,0,0,0,0,0,0,4.38196780939916e-06,0,0,0,0,0,0,0,2.75647394376609e-05,0,0,0,0.000239382661930007,0,0,0,0,0,0.0133729176966284,0,0.000388558332714665,0,0,0,0,0,1.66784687731431e-06,0,1.02373869341162e-05,0,0,5.78092654126353e-05,0.00103971161592222,0,0,0,9.10902739601795e-05,0,0.0244101957124291,0,0,0,0,0,0,0,0.00587000201396956,0,3.66743289352509e-05,0,0,0,0,0.000784433518945253,0,0.000907309917269968,0,0,0,0.0205166329856133,0,0,0,0.00813149959074479,0,0,0,0,0,2.28723449483786e-05,0,0.00383134462133793,1.13365866391675e-05,0,0.00145251848013552,0,0.00041925940087234
0,0,0,0.00175388304885167,0,0,0,0,0,0,0,0.00299321689948137,0,0,0,0,0,0,0.0014066696242827,0.000178884512809088,0,0,0,0,0,0,0,0.00211895080052739,0,0.0394443885178875,0,0,0,0,0,0,0,0.000731238716414223,0,0.00037578827051072,0,0.0144238264104345,0,0,0,0.00279105863762911,0,0,0,0.00299952137977056,0,0,0,0,0,0,0,0.0261705056959265,0,0,0,0,0.00496898889297296,0,0,0,0,0,0,0,0.00180074991467719,0,0,0,0,0,0,0,3.75072658337588e-05,0,0.000829885052277485,0,3.56762417609661e-05,1.58891009323981e-05,0.0180455244934304,0.00856234470177761,0
0,0,0,0,0,0,0,0,0,0,0.00336575325191906,0,0,0,0,0,3.00927632509142e-05,0,0.00234957443835095,0,0.00176141436711854,0,0,0,0,0,0,0,0.000143619698064867,0,0.0181480300625874,0,0,0,0,0,1.74568728191155e-05,0,0,0.000138540179337576,0.000928301050647311,4.17992459410613e-05,0.0169611091296147,0,0.000141549228523845,1.87439700176083e-05,0.000876172327026947,0,0.00292398139967145,0,0,0,0,0,0,0,0.107162105843147,0,7.14480044831742e-05,0,0,0,1.02199213610249e-05,0.0161840541110817,0,9.55575922636164e-06,0,0,0,0,0,0.00813149959074479,0,0,0,0,0,0,6.6235216474031e-06,0.000709217026263588,0,0.00289943696815124,0.000138174709304233,0,0.0275578291285003,0,0.034046697275784
0,0,0,0,0,0,0,0,0,0,0,0,0,0,0,0,0,0,0,0,0,0,0,0,0,0,0,0,0,0,0,0.0516612117917892,0.0121787185292083,0,0,7.69575180119355e-05,0.000321689490475835,0,0,0,0,0,0,0,0,0,0,0.0454292943928611,0,0,0,0,0,0,0,0,0,0,0,0,0,0,0,0,0,0,0,0,0,0,0,0,0,0,0,0.00108943038450685,0,0,0.00193783740632458,0.000261791203257285,0,0,0.00034450961646563,0,0,0,0
0,0,0,0,0,0,0,0,0,0,0,0,0,0,0,0,0,0,0,0,0,0,0,0,0,0,0,0,0,0,0,0.0276297709848917,0.27075264856895,0.000202645727021718,0.000481566016465075,0,0.000183247708687136,0,0,0,0,0,0,0,0,0,0,0.104588336353083,0,0,0,0,0,0,0,0,0,0,0,0,0,0,0,0,0,0,0,0,0,0,0,0,0,0,0.00108943038450685,0,0,0.000406787732481675,0,0.011567755198904,0,0,0.000137058041065078,0,0,0,0
0,0,0,0,0,0,0,0,0,0,0,0,0,0,0,0,0,0,0,0,0,0,0,0,0,0,0,0,0,0,0,0,0,0.0474254141283292,0.0446845989288084,0.00148090162877662,0,0.00106483440035723,0,0,0,0,0,0,0,0,0,0.0197833440780659,0,0.000249238535398461,0,0,0,0,0,0,0,0,0,0,0,0,0,0,0,0,0,0,0,0,0,0,0,0,0,0,0,0,0.00364059448501349,0,0.00444109591645639,0,0.000795792966634128,0,0,0,0
