0,0,6.34634579899155,0,18.7168547766549,0,0,0,4.48847394416461,0,0,0,0,0,9.10232639312744,0,0,0,20.79554271698,0,0,0,0,0,7.76713514328003,0,0,0,0,0,0,0,0,0,0,0,26.0454577956089,0,19.7701031463315,0,0,42.6176643371582,18.2828370063393,0,13.8615379333496,0,31.4128978252411,33.1497888565063,7.37244979027779,0,19.5651531219482,0,0,0,5.41478534620635,0,17.3055992126465,0,0,0,3.36455726623535,0,0,29.985267162323,0,0,0,6.65218257904053,0,5.65685216903687,0,0,0,0,0,0,0,0,0,30.346609433492,0,0,13.7305333031167,39.2376861572266,15.5790225264369,0,9.38646262312589
0,0,0,3.98055883795915,0,0,0,0,0,4.7374592815685,0,0,0,0,0,5.37153812971982,0,0,7.29481894829694,0,0,0,0,3.84168417223038,0,0,0,0,0,0,0,0,0,0,0,0,0,11.2094317519146,38.3756084442139,27.6501436898875,0,14.275015941688,0,0,0,20.7487703601519,0,0,0,4.99939410229947,0,0,0,0,0,4.51375669649203,0,5.69721129016271,0,4.21094179153442,0,5.14084105913331,32.9260159831936,0,0,0,4.88668760760077,0,6.63730804543746,0,4.91635559244854,0,48.2393417358398,0,0,0,0,0,33.3920364862756,0,9.87068424224853,0,8.32872846339009,0,5.02490796228321,4.61638832092285,0
6.34634579899155,0,0,0,12.2017051378886,0,0,0,7.9491615096728,0,0,0,0,0,0,0,0,0,0,0,15.9564962387085,0,0,0,0,0,0,0,0,0,0,0,0,0,0,0,17.8593917734483,0,29.1769676208496,0,0,0,29.9652849833171,0,0,0,24.3445057868958,0,13.4310273549496,0,13.20029431123,0,0,0,7.71897290128961,0,3.00920594015787,0,4.97216933303409,0,6.48732597177679,0,0,12.8284614562988,0,0,0,0,0,0,0,0,0,0,0,0,0,0,0,17.0851669671401,0,0,12.4442169463093,10.658286412557,14.0700886753761,0,0
0,3.98055883795915,0,0,0,6.14881531895791,0,0,0,5.45233376104324,0,15.5216511195561,0,24.7894554138184,0,0,0,0,33.8862205081516,26.0551411912248,0,0,0,0,0,0,0,0,0,0,0,0,0,0,0,14.2236038843791,0,38.9622251987457,0,28.1889112356937,0,31.0181720786624,0,0,0,18.8463509836928,0,0,0,4.15990287065506,0,6.41710087285942,0,0,0,6.1177371245429,0,12.6980547139493,0,5.21339454012125,0,6.46420244115081,23.3311647035613,0,0,0,0,0,0,0,0,0,36.3887042999268,0,0,0,0,0,33.3483891588576,0,33.9600112438202,0,8.64572489375977,5.79737297693888,8.30996558804921,25.2283677187833,0
18.7168547766549,0,12.2017051378886,0,0,0,0,0,3.88321827261867,0,0,0,0,0,0,0,0,0,0,0,0,0,0,0,0,0,0,0,0,0,0,0,0,0,0,0,21.8206629753113,0,0,0,0,0,36.7751617431641,0,0,0,0,0,24.4515423407921,0,4.34622258026694,0,3.44227010011673,0,21.6627359390259,0,0,0,0,0,0,0,0,14.1911841305819,0,0,0,0,0,0,0,0,0,0,0,0,0,0,0,22.2090377807617,0,0,6.32372354277101,7.00487121782805,24.9700874559807,0,0
0,0,0,6.14881531895791,0,0,0,3.20878341527489,0,3.52939302634194,0,5.08745616879956,0,0,0,5.24179868247565,0,0,0,9.1515345620174,0,0,0,0,0,0,0,0,0,0,0,0,0,0,0,11.5168568466021,0,38.9652659098307,0,0,0,26.1822280883789,0,0,0,25.9789302431304,0,0,0,0,0,3.7606662425909,0,3.49144214742324,0,0,0,24.4884905448327,0,21.856559753418,0,3.86246408972629,27.7726131887997,0,0,0,0,0,0,0,0,0,36.5985107421875,0,0,0,0,0,13.8442349559382,0,39.1412887573242,0,4.81943540072735,3.74295537471771,6.32416147905621,29.2396450042725,0
0,0,0,0,0,0,0,0,0,0,0,0,0,0,0,0,0,0,0,0,0,0,0,0,0,0,0,0,0,0,0,0,0,0,0,0,0,0,0,0,0,0,0,0,0,0,0,0,0,0,3.06371581554413,0,3.69055834817298,0,0,0,0,0,4.85626252492269,0,0,0,0,0,0,0,0,0,0,0,0,0,0,0,0,0,0,0,0,0,0,0,3.26640602804366,0,0,0,0
0,0,0,0,0,3.20878341527489,0,0,0,0,0,4.00848161781227,0,3.70407897233963,0,0,0,0,0,0,0,0,0,0,0,0,0,0,0,0,0,0,0,0,0,0,0,0,0,0,0,0,0,0,0,0,0,0,0,0,0,3.85755481038775,0,3.47358517530488,0,0,0,4.17278787264457,0,0,0,0,0,0,0,0,0,0,0,0,0,0,0,0,0,0,0,0,0,0,0,0,2.86603917093838,2.87421083450317,0,0,0
4.48847394416461,0,7.9491615096728,0,3.88321827261867,0,0,0,0,0,0,0,0,0,3.80454833545382,0,3.07828411459923,0,29.6127977371216,0,0,0,0,0,5.04251508014958,0,3.00316792726517,0,0,0,0,0,0,0,0,0,24.394955529107,0,10.1771902618827,0,0,38.3994903564453,29.6970317981861,0,0,0,0,22.8184413909912,13.0161956378392,38.3483238220215,0,0,0,0,3.78807845670561,0,0,0,0,0,4.21359586715698,0,0,14.7457881655012,0,0,0,4.24934155926733,0,0,0,0,0,0,0,0,0,0,0,0,0,0,5.96414386061735,5.62706133815813,25.0623652608771,0,0
0,4.7374592815685,0,5.45233376104324,0,3.52939302634194,0,0,0,0,0,0,0,0,0,3.70703415172856,0,0,4.35429944441869,0,0,0,0,4.36027396917343,0,0,0,0,0,0,0,0,0,0,0,0,0,9.49442636966705,0,0,0,0,0,0,0,0,0,0,0,5.05411792794863,0,8.63995409011841,0,0,0,3.15730594127114,0,30.777717590332,0,0,0,3.41788947847154,0,0,0,0,4.58870974870828,0,4.73751366138458,0,0,0,0,0,0,0,0,0,0,0,11.1770618687505,0,3.56613257065625,3.84531329540496,4.54591162502766,0,0
0,0,0,0,0,0,0,0,0,0,0,0,2.74678337574005,0,0,0,0,0,0,0,3.13886843746855,0,0,0,0,0,0,0,0,0,2.95956254005432,0,0,0,0,0,0,0,3.59145187456673,0,0,0,0,0,0,0,0,0,0,0,0,0,0,0,0,0,5.2679808651042,0,0,0,0,0,0,3.91289565355881,0,0,0,0,0,0,0,2.95455896854401,0,5.91422308009604,0,0,0,0,0,0,0,0,3.0052614443832,0,5.05967426300049,0,0
0,0,0,15.5216511195561,0,5.08745616879956,0,4.00848161781227,0,0,0,0,0,4.04328867253041,0,0,0,0,38.0884559631348,3.69880647546402,0,0,0,0,0,0,0,2.8499182065328,0,3.63735268115997,0,0,0,0,0,3.43155925273895,0,4.02334469664823,0,35.744106165568,0,19.7769053510127,0,0,0,25.4228364096748,0,0,0,19.6285452409224,0,5.53804309641729,0,3.39483767464047,0,0,0,4.76980931896508,0,6.46658584919382,0,0,7.94265979408739,0,0,0,0,0,0,0,0,0,3.90735931347071,0,0,0,0,0,25.5149333501349,0,6.66017788564655,0,5.13727806164668,5.72623001382901,16.9137267321956,18.6479006486061,69.5973815917969
0,0,0,0,0,0,0,0,0,0,2.74678337574005,0,0,0,0,0,0,0,0,0,0,0,0,0,0,0,0,0,0,0,0,0,0,0,0,0,0,0,0,0,0,0,0,0,0,0,0,0,0,0,0,0,0,0,0,0,0,0,2.86308279633522,0,4.23502286275228,0,0,0,0,0,0,0,0,0,0,3.23779456666175,0,0,0,0,0,0,0,0,0,0,0,0,0,0,0
0,0,0,24.7894554138184,0,0,0,3.70407897233963,0,0,0,4.04328867253041,0,0,0,4.24449434045885,0,0,0,0,0,0,0,0,0,0,0,5.02756816148758,0,0,0,0,0,0,0,0,0,0,0,0,0,15.1163187026978,0,0,0,0,0,0,0,16.365873336792,0,0,0,0,0,0,0,4.6905600417744,0,3.28294595489736,0,5.29601103067398,0,0,0,0,0,0,0,0,3.08499071333143,0,0,0,0,0,0,0,0,0,0,0,4.17995421160822,0,0,0,0
9.10232639312744,0,0,0,0,0,0,0,3.80454833545382,0,0,0,0,0,0,0,0,0,0,0,0,0,0,0,4.42441783348719,0,3.18961169719696,0,0,0,0,0,0,0,0,0,0,0,0,0,0,0,0,0,0,0,0,0,0,0,0,0,0,0,4.06290816890143,0,0,0,0,0,4.88369800908225,0,0,0,0,0,0,0,0,4.05317294597626,0,2.74880838394165,0,0,0,0,0,0,0,0,0,0,2.86095789500645,0,0,0,0
0,5.37153812971982,0,0,0,5.24179868247565,0,0,0,3.70703415172856,0,0,0,4.24449434045885,0,0,34.1253781318665,9.16126596563524,40.1286849975586,0,0,0,0,0,0,5.12070704328603,0,0,0,0,0,0,0,0,0,0,0,0,0,0,0,0,75.4998397827148,0,0,0,0,0,0,5.14342641830444,0,6.82764250581915,0,0,0,0,0,0,0,4.49150771642253,0,3.67190994447841,0,0,0,0,0,0,3.0357421040535,0,6.22859541575114,0,0,0,0,0,0,0,0,0,0,0,7.04280122156654,8.00810779455497,0,0,0
0,0,0,0,0,0,0,0,3.07828411459923,0,0,0,0,0,0,34.1253781318665,0,15.3733529737425,14.9001331750853,0,0,0,4.62927576347634,27.1440575463431,0,28.0746479034424,3.20442833696924,0,4.004798412323,0,0,0,0,0,0,0,0,75.8840179443359,0,70.5847735404968,69.5905312487954,73.3173046112061,52.8999203921415,0,49.1555671691895,66.3292038257305,59.8480949401855,0,64.0221628625709,0,0,0,0,0,0,0,0,0,0,0,0,0,77.448969448314,71.87353515625,0,0,0,0,0,3.5551646232605,0,0,89.8424072265625,0,0,0,0,0,79.5205637613932,77.5852225167411,82.2643432617188,65.945726553599,9.53293860624311,26.62995896155,55.6261135169438,49.3933016459147,46.8907707477438
0,0,0,0,0,0,0,0,0,0,0,0,0,0,0,9.16126596563524,15.3733529737425,0,22.7006715342647,54.9528305053711,0,2.72172594070435,0,13.6351459270174,0,7.95534804344177,0,4.46323119458698,0,0,0,0,0,0,0,0,0,50.8800291581587,0,62.4138872146606,72.9214252520211,42.8944479194847,58.7398181642805,0,54.4133949279785,49.9442098212965,71.2943676842584,0,73.4617414792379,0,0,0,0,0,0,0,0,0,0,0,0,0,57.0613822471805,75.3295542399089,0,0,0,0,0,0,5.48226579030355,0,0,0,0,0,0,0,60.9517296958568,77.3045587539673,51.5895529526931,68.5130571637835,10.8158341686997,9.45076881228146,54.0608806195466,39.911595902353,58.5830154418945
20.79554271698,7.29481894829694,0,33.8862205081516,0,0,0,0,29.6127977371216,4.35429944441869,0,38.0884559631348,0,0,0,40.1286849975586,14.9001331750853,22.7006715342647,0,40.9631743528405,0,0,0,24.378763961792,0,0,0,0,0,0,0,0,0,0,0,38.4243939717611,0,41.2952793375651,23.7766895294189,39.2548499626688,43.567438242472,23.5707579417828,25.867783507151,0,26.7871694905417,34.0990810409027,38.882359734319,0,39.7518637788951,22.2935371398926,0,0,0,0,0,0,0,47.2421760559082,0,0,0,0,44.9445724791092,55.7035289340549,0,0,0,0,0,0,0,0,0,0,0,0,0,0,48.3216571466439,43.8750041790223,43.3409815746805,42.7538510274079,12.2760910557373,12.7974491869505,28.4882418981607,20.496480977106,26.0902332507217
0,0,0,26.0551411912248,0,9.1515345620174,0,0,0,0,0,3.69880647546402,0,0,0,0,0,54.9528305053711,40.9631743528405,0,0,0,0,0,0,0,0,0,0,0,0,0,0,0,0,5.58695839351638,0,5.73820830490183,0,37.9349817796187,0,25.0665108240568,0,0,0,19.3778250785909,0,0,77.882942199707,18.9394757407052,0,0,0,0,0,0,0,6.82825608702673,0,29.7712535858154,0,0,5.97848593314818,0,0,0,0,0,0,0,0,0,0,0,0,0,0,0,7.59298318451264,0,4.88342290295097,0,10.8399502673457,19.7471657991409,12.7857819294199,19.0871378300895,0
0,0,15.9564962387085,0,0,0,0,0,0,0,3.13886843746855,0,0,0,0,0,0,0,0,0,0,0,0,0,0,0,0,0,0,0,0,0,0,0,0,0,5.45947666378206,0,4.46119516629439,0,0,0,0,0,0,0,6.20146223476955,0,0,0,16.6550731658936,0,0,0,0,0,3.81668110816709,0,0,0,0,0,0,3.78505160862749,0,0,0,0,0,0,0,0,0,0,0,0,0,0,0,7.0179799079895,0,7.82689843177795,4.73402564063272,0,6.83788834980556,0,0
0,0,0,0,0,0,0,0,0,0,0,0,0,0,0,0,0,2.72172594070435,0,0,0,0,4.89646391412213,6.73692798614502,0,0,0,3.99780860847356,0,0,0,0,0,0,0,0,0,4.42707947095235,3.0266410112381,0,0,0,0,0,0,0,0,0,0,10.7065547406673,0,0,0,0,0,0,0,0,0,0,0,0,0,0,4.27171111812103,5.3974139559621,2.95994067192078,0,0,0,5.63755890541718,0,0,0,0,0,0,0,0,0,5.98358166461088,0,3.62709032676197,4.47454152227957,21.1275253295898,0,0
0,0,0,0,0,0,0,0,0,0,0,0,0,0,0,0,4.62927576347634,0,0,0,0,4.89646391412213,0,0,8.15808590970089,0,4.14119356473287,0,2.7484724521637,0,0,0,0,0,0,0,0,0,6.74057888331767,0,0,0,0,0,0,0,0,27.5964889526367,7.99879313917721,46.3974761962891,0,0,0,0,0,0,0,0,0,0,0,0,0,0,5.81929940696156,4.6977513616119,0,5.4524191194965,0,4.37316943998412,0,3.79003439903259,0,0,0,0,0,0,0,0,0,5.67543038645399,4.9442743036672,4.57239334787913,0,0,0
0,3.84168417223038,0,0,0,0,0,0,0,4.36027396917343,0,0,0,0,0,0,27.1440575463431,13.6351459270174,24.378763961792,0,0,6.73692798614502,0,0,0,0,0,0,0,0,0,0,0,0,0,0,0,4.16493773075842,0,0,0,0,0,0,0,0,0,0,0,4.08266087259565,0,0,0,0,0,4.90384178589552,0,0,0,0,0,0,0,0,6.12181445530483,0,3.4541593357525,0,3.16599978340997,0,0,0,0,0,0,0,0,0,0,0,5.8868578807363,0,10.9792585739723,33.2090454101562,4.53392714262009,0,0
7.76713514328003,0,0,0,0,0,0,0,5.04251508014958,0,0,0,0,0,4.42441783348719,0,0,0,0,0,0,0,8.15808590970089,0,0,0,3.3216508065953,0,0,0,0,0,0,0,0,0,0,0,5.991148094356,0,0,30.4389781951904,0,0,0,0,0,17.4374889373779,6.12663001280565,0,0,0,0,0,3.94528735142488,0,0,0,0,0,5.84300654343884,0,0,0,0,9.16183137962385,0,3.76435710656015,0,3.68861778373392,0,0,0,0,0,0,0,0,0,0,0,7.4209334792861,7.60375524620152,12.3248299277106,35.0189266204834,0,0
0,0,0,0,0,0,0,0,0,0,0,0,0,0,0,5.12070704328603,28.0746479034424,7.95534804344177,0,0,0,0,0,0,0,0,0,5.36532480186886,0,0,0,0,0,0,0,0,0,0,0,0,0,0,0,0,0,0,0,0,0,0,0,0,0,0,0,0,0,0,0,0,0,0,0,0,3.0756373795596,0,0,0,3.02412360555985,0,7.22281089195838,0,0,0,0,0,0,0,84.5760040283203,0,0,0,8.20529961931533,10.795319943679,0,0,0
0,0,0,0,0,0,0,0,3.00316792726517,0,0,0,0,0,3.18961169719696,0,3.20442833696924,0,0,0,0,0,4.14119356473287,0,3.3216508065953,0,0,0,3.88517864890721,0,0,0,0,0,0,0,0,0,0,0,0,0,0,0,0,0,0,0,0,0,0,0,0,0,5.25752388824851,0,0,0,0,0,6.60829838391008,0,0,0,0,3.0679860273997,0,4.96907056172689,0,4.58912130607072,0,5.6652613679568,0,0,0,0,0,0,0,0,0,0,3.4476938681169,0,0,0,0
0,0,0,0,0,0,0,0,0,0,0,2.8499182065328,0,5.02756816148758,0,0,0,4.46323119458698,0,0,0,3.99780860847356,0,0,0,5.36532480186886,0,0,0,3.74412046869596,0,0,0,0,0,0,0,5.64734963008336,0,0,0,0,0,0,0,0,0,0,0,12.8140573678193,0,0,0,0,0,0,0,0,0,4.05644879230233,0,0,0,0,5.93950540249742,0,0,0,5.28364562988281,0,4.9130765285833,0,2.86820686830057,0,0,0,0,0,0,0,5.42985213518143,0,3.61919796807425,4.54457719696378,13.2107187158921,0,0
0,0,0,0,0,0,0,0,0,0,0,0,0,0,0,0,4.004798412323,0,0,0,0,0,2.7484724521637,0,0,0,3.88517864890721,0,0,0,3.25658017505299,0,0,0,0,0,0,0,0,0,0,0,0,0,0,0,0,0,7.9711548941476,0,0,0,0,0,0,0,0,0,0,0,0,0,0,0,0,0,0,0,0,5.21830875608656,0,4.00183910673315,0,4.87699630737305,0,0,0,0,0,0,0,0,3.39387205101195,5.275465965271,0,0,0
0,0,0,0,0,0,0,0,0,0,0,3.63735268115997,0,0,0,0,0,0,0,0,0,0,0,0,0,0,0,3.74412046869596,0,0,0,0,0,0,0,0,0,3.16305621465047,0,0,0,0,0,0,0,0,0,0,0,0,0,0,0,0,0,0,0,9.22374534606934,0,0,0,0,0,0,0,0,0,0,0,0,3.17186254003774,0,3.50583396149778,0,0,0,0,0,0,0,0,0,5.04077219963074,4.74588510513306,0,0,0
0,0,0,0,0,0,0,0,0,0,2.95956254005432,0,0,0,0,0,0,0,0,0,0,0,0,0,0,0,0,0,3.25658017505299,0,0,0,0,0,0,0,0,0,2.85553849660433,0,0,0,0,0,0,0,0,0,0,0,0,0,0,0,0,0,5.7250126619808,0,0,0,0,0,0,0,0,0,0,0,0,0,0,3.83460369110107,0,6.41318350218185,0,0,0,0,0,0,0,0,0,0,0,0,0
0,0,0,0,0,0,0,0,0,0,0,0,0,0,0,0,0,0,0,0,0,0,0,0,0,0,0,0,0,0,0,0,3.3251790229012,5.18124203171049,0,3.05239401597243,0,0,0,0,0,0,0,0,0,0,0,5.34447957455793,0,12.8209267457326,0,0,0,0,0,0,0,0,0,0,0,0,0,0,0,0,0,0,0,0,0,0,0,0,4.12764238693554,11.9410594304403,4.49971183141073,0,4.68139260577172,16.9584574699402,0,0,3.34753210031534,0,0,0,0
0,0,0,0,0,0,0,0,0,0,0,0,0,0,0,0,0,0,0,0,0,0,0,0,0,0,0,0,0,0,0,3.3251790229012,0,0,11.7987857378271,0,3.34801377991373,0,0,0,0,0,0,0,0,0,0,7.38553434569173,4.89442388216654,7.00088040033976,0,0,0,0,0,0,0,0,0,0,0,0,0,0,0,0,0,0,0,0,0,0,0,0,4.75582486391068,6.41951184228673,0,11.1281777487861,0,4.33080288728078,0,0,4.61199582981158,30.0622787475586,0,0,0
0,0,0,0,0,0,0,0,0,0,0,0,0,0,0,0,0,0,0,0,0,0,0,0,0,0,0,0,0,0,0,5.18124203171049,0,0,5.7055529222457,3.08354437748591,0,3.30802782177925,14.7568888664246,0,0,0,0,0,0,0,0,3.95122495743464,0,9.22338849526865,0,0,0,0,0,0,0,0,0,0,0,0,0,0,0,0,0,0,0,0,0,0,0,0,3.81021589499254,2.74606895446777,3.71965885396589,7.69072137757352,4.89831638660561,0,5.1406704510728,32.1700401306152,4.72339602853313,5.00220998640983,0,0,0
0,0,0,0,0,0,0,0,0,0,0,0,0,0,0,0,0,0,0,0,0,0,0,0,0,0,0,0,0,0,0,0,11.7987857378271,5.7055529222457,0,0,5.57265864064988,4.9985198204334,6.66380736716746,0,0,19.4654593260392,0,0,0,0,0,7.35364301136111,4.22958681354784,19.5917995873984,0,0,0,0,0,0,0,0,0,0,0,0,0,0,0,0,0,0,0,0,0,0,0,0,0,15.8952404086509,4.26109807990318,5.56895842024421,0,8.9774875428779,25.3780124370868,5.98415332216966,7.76705610556681,6.3742213820209,26.3470840454102,0,0
0,0,0,14.2236038843791,0,11.5168568466021,0,0,0,0,0,3.43155925273895,0,0,0,0,0,0,38.4243939717611,5.58695839351638,0,0,0,0,0,0,0,0,0,0,0,3.05239401597243,0,3.08354437748591,0,0,5.71529056426983,6.03283154338128,7.09498568852742,8.5203761763689,0,28.2687749862671,0,0,0,14.4526485513758,0,5.35048153314246,0,10.9559062004089,0,17.4322929382324,0,0,0,0,0,6.98383038384574,0,0,0,0,6.90590276090329,0,0,0,0,0,0,0,0,0,0,0,2.90650776004791,0,3.16632808509626,0,6.51031945001435,8.73234329410412,5.89731030392527,32.0310478210449,4.98320897107203,3.9840098006054,6.58302992234115,0,0
26.0454577956089,0,17.8593917734483,0,21.8206629753113,0,0,0,24.394955529107,0,0,0,0,0,0,0,0,0,0,0,5.45947666378206,0,0,0,0,0,0,0,0,0,0,0,3.34801377991373,0,5.57265864064988,5.71529056426983,0,8.18671278158824,6.05998797249309,0,40.0533276451959,0,39.5781219761546,0,0,0,19.8120244466341,5.13839117765427,34.6109284798304,0,20.2689100462815,0,0,0,21.1964230483837,0,17.7904684702555,0,19.0503514607747,0,21.3183194328757,0,0,5.86504614523479,0,0,0,0,0,0,0,0,0,0,0,3.12719353098069,0,6.58442585202467,7.20336606998572,5.36964427391272,0,7.33399009180407,5.33042152218841,4.27764239971772,10.7759403798729,0,0
0,11.2094317519146,0,38.9622251987457,0,38.9652659098307,0,0,0,9.49442636966705,0,4.02334469664823,0,0,0,0,75.8840179443359,50.8800291581587,41.2952793375651,5.73820830490183,0,4.42707947095235,0,4.16493773075842,0,0,0,5.64734963008336,0,3.16305621465047,0,0,0,3.30802782177925,4.9985198204334,6.03283154338128,8.18671278158824,0,6.6742663424876,38.8429705301921,0,29.9860891945618,64.3208122253418,0,0,27.1222474379618,0,3.96829577394434,0,5.36585524207667,0,0,0,0,0,11.7766243539205,0,5.28213267042345,0,0,0,0,11.052066658341,0,6.59146202872781,0,5.78526321053505,0,0,0,9.81744352139925,0,4.58593759130924,0,0,0,3.03542768254,11.6965994468102,13.5399077236652,0,5.68815833213405,9.96960067749023,5.63758417563487,3.66992079230803,10.8281644166672,22.7974208453122,0
19.7701031463315,38.3756084442139,29.1769676208496,0,0,0,0,0,10.1771902618827,0,3.59145187456673,0,0,0,0,0,0,0,23.7766895294189,0,4.46119516629439,3.0266410112381,6.74057888331767,0,5.991148094356,0,0,0,0,0,2.85553849660433,0,0,14.7568888664246,6.66380736716746,7.09498568852742,6.05998797249309,6.6742663424876,0,0,0,21.3817047507076,33.9265918731689,0,0,0,18.3900690078735,6.54276972457464,5.98697411417961,26.7519544873919,0,0,0,0,10.9025342270732,0,5.14819269180298,36.8774948120117,0,51.9594688415527,0,0,0,5.29533845802833,0,5.96386592120937,0,8.52745604190144,0,0,0,0,0,4.66867191651288,0,0,0,8.55445788153287,0,7.16641006324763,15.5001218175888,5.57879798014692,7.3815532970373,4.69379594299231,22.3851535397907,0,11.4888254801432
0,27.6501436898875,0,28.1889112356937,0,0,0,0,0,0,0,35.744106165568,0,0,0,0,70.5847735404968,62.4138872146606,39.2548499626688,37.9349817796187,0,0,0,0,0,0,0,0,0,0,0,0,0,0,0,8.5203761763689,0,38.8429705301921,0,0,62.3845125470843,22.7840747641289,47.5696545585257,0,36.3221073150635,17.7337122212261,53.8706245422363,4.86349582672119,64.315357130401,6.7058855285868,0,0,0,0,0,0,0,40.3157096996642,0,52.4985275268555,0,0,10.3908962685359,0,0,0,0,0,0,0,0,0,36.4465826511383,0,0,0,0,0,9.34665950531168,64.9321327209473,13.7948338483175,66.357942199707,25.2173434148768,0,17.2495612214523,38.2695030006202,47.4463038126628
0,0,0,0,0,0,0,0,0,0,0,0,0,0,0,0,69.5905312487954,72.9214252520211,43.567438242472,0,0,0,0,0,0,0,0,0,0,0,0,0,0,0,0,0,40.0533276451959,0,0,62.3845125470843,0,58.9421624635395,19.1241978255494,0,30.4836550156275,61.0159149169922,14.885561670496,0,34.0606116989874,0,0,0,0,0,49.9439125061035,0,0,76.3395080566406,0,0,0,0,71.9515564658425,9.98322673182334,0,0,0,0,0,0,0,0,0,0,0,0,0,0,70.9878684334133,10.5728547621112,83.5763549804688,48.4720279436845,36.3549647183519,65.8135375976562,18.1311936246024,57.6685203552246,34.0059599523191
42.6176643371582,14.275015941688,0,31.0181720786624,0,26.1822280883789,0,0,38.3994903564453,0,0,19.7769053510127,0,15.1163187026978,0,0,73.3173046112061,42.8944479194847,23.5707579417828,25.0665108240568,0,0,0,0,30.4389781951904,0,0,0,0,0,0,0,0,0,19.4654593260392,28.2687749862671,0,29.9860891945618,21.3817047507076,22.7840747641289,58.9421624635395,0,11.5444568014387,11.2132835388184,0,25.5183507637845,52.360878944397,12.6731414665659,58.3866513226483,10.4084086977736,38.0265464782715,26.4431056976318,0,0,43.8087418874105,0,0,15.9811520693206,0,34.4620380401611,0,28.8203716278076,27.2395658888972,0,0,0,0,34.7329687391009,0,0,0,0,21.0822502681187,0,0,0,0,18.8824621836344,28.2246276971294,67.3461532592773,30.5472051585379,27.609903880528,15.108105380304,9.46387672424316,14.3578665300599,10.2558918755485,49.9264617919922
18.2828370063393,0,29.9652849833171,0,36.7751617431641,0,0,0,29.6970317981861,0,0,0,0,0,0,75.4998397827148,52.8999203921415,58.7398181642805,25.867783507151,0,0,0,0,0,0,0,0,0,0,0,0,0,0,0,0,0,39.5781219761546,64.3208122253418,33.9265918731689,47.5696545585257,19.1241978255494,11.5444568014387,0,31.5657730102539,18.5417987794587,46.9715593858199,19.7510858996979,11.8823781013489,19.7687616269302,0,42.2661323547363,0,0,0,35.6547896944243,0,0,47.7766647338867,0,0,0,0,55.3419738848185,28.841670979539,0,0,0,0,0,0,0,0,0,0,0,0,0,0,58.0605302254359,28.8553442191113,62.1861750284831,35.8114888149759,13.1564941737599,46.3324181556702,16.7857012002476,41.96910269601,12.0979155505576
0,0,0,0,0,0,0,0,0,0,0,0,0,0,0,0,0,0,0,0,0,0,0,0,0,0,0,0,0,0,0,0,0,0,0,0,0,0,0,0,0,11.2132835388184,31.5657730102539,0,0,0,0,0,0,0,0,0,0,0,0,0,0,0,0,0,0,0,26.4363555908203,0,0,0,0,0,0,0,0,0,0,0,0,0,0,0,34.407772064209,0,0,0,26.9047050476074,0,18.728875041008,0,0
13.8615379333496,0,0,0,0,0,0,0,0,0,0,0,0,0,0,0,49.1555671691895,54.4133949279785,26.7871694905417,0,0,0,0,0,0,0,0,0,0,0,0,0,0,0,0,0,0,0,0,36.3221073150635,30.4836550156275,0,18.5417987794587,0,0,30.2840773264567,28.2769056797028,0,24.434988377458,0,0,0,0,0,0,0,0,0,0,0,0,0,43.3489646911621,43.3758735656738,0,0,0,0,0,0,0,0,0,0,0,0,0,0,44.556640625,42.925048828125,0,28.5046418507894,15.1004554054193,0,12.5404377346947,47.1373291015625,22.3941631317139
0,20.7487703601519,0,18.8463509836928,0,25.9789302431304,0,0,0,0,0,25.4228364096748,0,0,0,0,66.3292038257305,49.9442098212965,34.0990810409027,19.3778250785909,0,0,0,0,0,0,0,0,0,0,0,0,0,0,0,14.4526485513758,0,27.1222474379618,0,17.7337122212261,61.0159149169922,25.5183507637845,46.9715593858199,0,30.2840773264567,0,58.1454287937709,0,63.3063543319702,18.340359226026,0,31.5831699371338,0,0,0,0,0,23.8538134773572,0,28.5632629394531,0,30.1232166290283,14.8911042384061,0,0,0,0,0,0,0,0,0,32.8160965510777,0,0,0,0,0,18.40067985756,65.565261147239,27.694800518061,65.3038970947266,22.388606435737,65.8554859161377,16.3803262516356,30.8664682049221,47.3545933385049
31.4128978252411,0,24.3445057868958,0,0,0,0,0,0,0,0,0,0,0,0,0,59.8480949401855,71.2943676842584,38.882359734319,0,6.20146223476955,0,0,0,0,0,0,0,0,0,0,0,0,0,0,0,19.8120244466341,0,18.3900690078735,53.8706245422363,14.885561670496,52.360878944397,19.7510858996979,0,28.2769056797028,58.1454287937709,0,0,31.3548174543553,0,0,0,0,0,0,0,0,0,0,0,0,0,71.4330177307129,12.6874352118548,0,0,0,0,0,0,0,0,0,0,0,0,0,0,0,18.4547952841694,0,26.2146852425234,24.6186321003422,49.0411559513637,18.8536822403428,52.2956899007161,39.0379012425741
33.1497888565063,0,0,0,0,0,0,0,22.8184413909912,0,0,0,0,0,0,0,0,0,0,0,0,0,27.5964889526367,0,17.4374889373779,0,0,0,0,0,0,5.34447957455793,7.38553434569173,3.95122495743464,7.35364301136111,5.35048153314246,5.13839117765427,3.96829577394434,6.54276972457464,4.86349582672119,0,12.6731414665659,11.8823781013489,0,0,0,0,0,4.36814894219154,8.39294575118755,0,0,0,0,27.4450922012329,0,0,0,0,0,0,0,0,0,0,21.3876171112061,0,20.2703107198079,0,0,0,0,0,0,5.48396565150796,6.15736680107652,3.61643175827829,8.31391098537043,6.24491553907079,7.01194403808832,18.1489753214518,9.41880182046739,7.5752907413416,9.43965892880051,8.87123166128647,0,0
7.37244979027779,0,13.4310273549496,0,24.4515423407921,0,0,0,13.0161956378392,0,0,0,0,0,0,0,64.0221628625709,73.4617414792379,39.7518637788951,77.882942199707,0,0,7.99879313917721,0,6.12663001280565,0,0,0,7.9711548941476,0,0,0,4.89442388216654,0,4.22958681354784,0,34.6109284798304,0,5.98697411417961,64.315357130401,34.0606116989874,58.3866513226483,19.7687616269302,0,24.434988377458,63.3063543319702,31.3548174543553,4.36814894219154,0,3.19821234985634,29.432032585144,0,0,0,27.4380253772346,0,0,0,0,0,3.85207254290581,0,73.9953434156335,45.9499849671842,0,4.57951056957245,0,4.10728218005254,0,4.97319579626385,0,4.43427085876465,0,5.26307153701782,0,0,0,4.47885541915894,75.880429983139,39.6719865051668,79.3159866333008,11.7514836197225,29.8787658390501,64.0985529639504,23.5884346354944,52.5611069997152,18.0131758106884
0,4.99939410229947,0,4.15990287065506,0,0,0,0,38.3483238220215,5.05411792794863,0,19.6285452409224,0,16.365873336792,0,5.14342641830444,0,0,22.2935371398926,18.9394757407052,0,10.7065547406673,46.3974761962891,4.08266087259565,0,0,0,12.8140573678193,0,0,0,12.8209267457326,7.00088040033976,9.22338849526865,19.5917995873984,10.9559062004089,0,5.36585524207667,26.7519544873919,6.7058855285868,0,10.4084086977736,0,0,0,18.340359226026,0,8.39294575118755,3.19821234985634,0,0,0,0,0,45.3776206970215,7.70507180690765,0,8.54979838141434,0,5.03692399660746,0,6.12311462817653,19.9344595803155,0,13.176254266463,44.2093372344971,6.86855537444353,37.4985322952271,3.2262871830087,0,7.38852153366911,0,13.481517970562,0,10.3269847869873,8.39100360870361,5.22188429832458,21.1707225527082,4.90487283468246,0,5.17015835941776,29.2345210181342,9.28306017795184,14.7920351028442,6.97872482348835,8.00642204284668,0
19.5651531219482,0,13.20029431123,0,4.34622258026694,0,3.06371581554413,0,0,0,0,0,0,0,0,0,0,0,0,0,16.6550731658936,0,0,0,0,0,0,0,0,0,0,0,0,0,0,0,20.2689100462815,0,0,0,0,38.0265464782715,42.2661323547363,0,0,0,0,0,29.432032585144,0,0,0,3.03893918991089,0,0,0,0,0,2.74045057296753,0,0,0,0,10.484921280543,0,0,0,0,0,0,0,0,0,0,0,0,0,0,0,19.411767578125,0,0,16.4698670178652,0,8.57618847260108,0,0
0,0,0,6.41710087285942,0,3.7606662425909,0,3.85755481038775,0,8.63995409011841,0,5.53804309641729,0,0,0,6.82764250581915,0,0,0,0,0,0,0,0,0,0,0,0,0,0,0,0,0,0,0,17.4322929382324,0,0,0,0,0,26.4431056976318,0,0,0,31.5831699371338,0,0,0,0,0,0,0,4.35930432303477,0,3.372642993927,0,4.8003420060194,0,3.44172644723545,0,3.3862234801054,32.1156050364176,0,0,0,0,0,0,0,0,0,0,0,0,0,0,0,44.432014465332,0,0,0,7.32762787697163,3.58273231983185,11.2462298266859,34.1075477600098,0
0,0,0,0,3.44227010011673,0,3.69055834817298,0,0,0,0,0,0,0,0,0,0,0,0,0,0,0,0,0,0,0,0,0,0,0,0,0,0,0,0,0,0,0,0,0,0,0,0,0,0,0,0,0,0,0,3.03893918991089,0,0,0,0,0,0,0,4.59000657543992,0,0,0,0,0,0,0,0,0,0,0,0,0,0,0,0,0,0,0,0,0,0,0,0,0,0,0,0
0,0,0,0,0,3.49144214742324,0,3.47358517530488,0,0,0,3.39483767464047,0,0,0,0,0,0,0,0,0,0,0,0,0,0,0,0,0,0,0,0,0,0,0,0,0,0,0,0,0,0,0,0,0,0,0,0,0,0,0,4.35930432303477,0,0,0,0,0,3.30239159107208,0,0,0,0,0,0,0,0,0,0,0,0,0,0,0,0,0,0,0,0,0,0,0,0,4.33216141617816,0,0,0,0
5.41478534620635,0,7.71897290128961,0,21.6627359390259,0,0,0,3.78807845670561,0,0,0,0,0,4.06290816890143,0,0,0,0,0,0,0,0,0,3.94528735142488,0,5.25752388824851,0,0,0,0,0,0,0,0,0,21.1964230483837,0,10.9025342270732,0,49.9439125061035,43.8087418874105,35.6547896944243,0,0,0,0,27.4450922012329,27.4380253772346,45.3776206970215,0,0,0,0,0,0,0,0,2.74917054176331,0,5.38133892646203,0,0,18.211333621632,0,0,0,4.96736776828766,0,0,0,0,0,0,0,0,0,0,0,20.90179655287,0,31.3338012695312,15.9656920592831,0,24.5068785672027,0,29.2616500854492
0,4.51375669649203,0,6.1177371245429,0,0,0,0,0,3.15730594127114,0,0,0,0,0,0,0,0,0,0,0,0,0,4.90384178589552,0,0,0,0,0,0,0,0,0,0,0,0,0,11.7766243539205,0,0,0,0,0,0,0,0,0,0,0,7.70507180690765,0,3.372642993927,0,0,0,0,0,18.3599201838175,0,0,0,4.7374153137207,19.9103412628174,0,0,0,5.18349432117409,0,8.55558857773289,0,10.3250846862793,0,0,0,0,0,0,0,0,0,10.6481648305567,0,15.0018579959869,0,6.82689917737787,0,0
17.3055992126465,0,3.00920594015787,0,0,0,0,0,0,0,5.2679808651042,0,0,0,0,0,0,0,0,0,3.81668110816709,0,0,0,0,0,0,0,0,0,5.7250126619808,0,0,0,0,0,17.7904684702555,0,5.14819269180298,0,0,0,0,0,0,0,0,0,0,0,0,0,0,0,0,0,0,0,0,0,0,0,0,7.91649495435683,0,0,0,0,0,0,0,0,0,4.62722385772551,0,0,0,0,0,17.6121252845315,0,0,8.1588155493006,0,4.38431514114267,0,0
0,5.69721129016271,0,12.6980547139493,0,24.4884905448327,0,4.17278787264457,0,30.777717590332,0,4.76980931896508,0,4.6905600417744,0,0,0,0,47.2421760559082,6.82825608702673,0,0,0,0,0,0,0,0,0,9.22374534606934,0,0,0,0,0,6.98383038384574,0,5.28213267042345,36.8774948120117,40.3157096996642,76.3395080566406,15.9811520693206,47.7766647338867,0,0,23.8538134773572,0,0,0,8.54979838141434,0,4.8003420060194,0,3.30239159107208,0,18.3599201838175,0,0,0,6.09228526787037,0,5.93627296125188,12.0415902286639,0,0,0,0,0,0,0,4.80123576521873,0,5.76118036595787,0,0,0,0,0,32.5313137620687,0,7.39149134103642,47.7740173339844,11.6956571638128,5.14831686019897,11.415149465454,16.3945280793425,0
0,0,4.97216933303409,0,0,0,4.85626252492269,0,0,0,0,0,2.86308279633522,0,0,0,0,0,0,0,0,0,0,0,0,0,0,0,0,0,0,0,0,0,0,0,19.0503514607747,0,0,0,0,0,0,0,0,0,0,0,0,0,2.74045057296753,0,4.59000657543992,0,2.74917054176331,0,0,0,0,0,0,0,0,10.8335912525654,0,0,0,0,0,0,0,4.25638223829724,0,0,0,0,0,0,0,18.0506137212118,0,0,20.2393785559613,0,9.50699979994032,0,0
0,4.21094179153442,0,5.21339454012125,0,21.856559753418,0,0,0,0,0,6.46658584919382,0,3.28294595489736,0,4.49150771642253,0,0,0,29.7712535858154,0,0,0,0,0,0,0,4.05644879230233,0,0,0,0,0,0,0,0,0,0,51.9594688415527,52.4985275268555,0,34.4620380401611,0,0,0,28.5632629394531,0,0,0,5.03692399660746,0,3.44172644723545,0,0,0,0,0,6.09228526787037,0,0,0,4.48776025085126,22.9530500684466,0,0,0,0,0,5.61824852770025,0,3.53138696280393,0,12.6693030920896,0,0,0,0,0,0,0,0,0,5.91185445444925,0,14.5368947353003,0,0
3.36455726623535,0,6.48732597177679,0,0,0,0,0,4.21359586715698,0,0,0,4.23502286275228,0,4.88369800908225,0,0,0,0,0,0,0,0,0,5.84300654343884,0,6.60829838391008,0,0,0,0,0,0,0,0,0,21.3183194328757,0,0,0,0,0,0,0,0,0,0,0,3.85207254290581,0,0,0,0,0,5.38133892646203,0,0,0,0,0,0,0,0,18.4277448654175,0,0,0,4.20633792877197,0,6.14481056685996,0,0,0,0,0,0,0,0,0,20.6065055228568,0,0,22.9657024036754,0,12.3048248384513,0,0
0,5.14084105913331,0,6.46420244115081,0,3.86246408972629,0,0,0,3.41788947847154,0,0,0,5.29601103067398,0,3.67190994447841,0,0,0,0,0,0,0,0,0,0,0,0,0,0,0,0,0,0,0,0,0,0,0,0,0,28.8203716278076,0,0,0,30.1232166290283,0,0,0,6.12311462817653,0,3.3862234801054,0,0,0,4.7374153137207,0,5.93627296125188,0,4.48776025085126,0,0,25.0147953033447,0,0,0,6.29020753587995,0,8.07532089451949,0,5.06279190738549,0,0,0,0,0,0,0,0,0,0,0,3.18641845558001,0,10.6431249300639,0,0
0,32.9260159831936,0,23.3311647035613,0,27.7726131887997,0,0,0,0,0,7.94265979408739,0,0,0,0,77.448969448314,57.0613822471805,44.9445724791092,5.97848593314818,0,0,0,0,0,0,0,0,0,0,0,0,0,0,0,6.90590276090329,0,11.052066658341,0,10.3908962685359,71.9515564658425,27.2395658888972,55.3419738848185,26.4363555908203,43.3489646911621,14.8911042384061,71.4330177307129,0,73.9953434156335,19.9344595803155,0,32.1156050364176,0,0,0,19.9103412628174,0,12.0415902286639,0,22.9530500684466,0,25.0147953033447,0,0,0,0,0,0,0,0,0,0,36.8421133526585,0,0,0,0,0,11.6795453252489,72.0186147689819,10.6033282691035,75.5957260131836,29.8690344243835,51.5122979482015,18.4072262851704,22.1973506409918,55.7236906963846
29.985267162323,0,12.8284614562988,0,14.1911841305819,0,0,0,14.7457881655012,0,3.91289565355881,0,0,0,0,0,71.87353515625,75.3295542399089,55.7035289340549,0,3.78505160862749,0,0,0,0,0,0,0,0,0,0,0,0,0,0,0,5.86504614523479,0,5.29533845802833,0,9.98322673182334,0,28.841670979539,0,43.3758735656738,0,12.6874352118548,0,45.9499849671842,0,10.484921280543,0,0,0,18.211333621632,0,7.91649495435683,0,10.8335912525654,0,18.4277448654175,0,0,0,0,0,0,0,0,0,0,0,0,0,0,0,0,0,0,9.34951568861206,0,43.6712825723397,7.14254332569085,0,15.7385899833312,0,0
0,0,0,0,0,0,0,0,0,0,0,0,0,0,0,0,0,0,0,0,0,4.27171111812103,5.81929940696156,6.12181445530483,0,3.0756373795596,0,5.93950540249742,0,0,0,0,0,0,0,0,0,6.59146202872781,0,0,0,0,0,0,0,0,0,0,0,13.176254266463,0,0,0,0,0,0,0,0,0,0,0,0,0,0,0,9.24159366434271,2.95966267585754,0,3.87040915842409,0,6.28877500572257,0,9.89818096160889,0,0,0,0,0,0,0,6.12190990420113,0,3.63842213614551,3.51977450052897,23.3100388844808,0,0
0,0,0,0,0,0,0,0,0,0,0,0,0,0,0,0,0,0,0,0,0,5.3974139559621,4.6977513616119,0,9.16183137962385,0,3.0679860273997,0,0,0,0,0,0,0,0,0,0,0,5.96386592120937,0,0,0,0,0,0,0,0,21.3876171112061,4.57951056957245,44.2093372344971,0,0,0,0,0,0,0,0,0,0,0,0,0,0,9.24159366434271,0,0,5.72969789144052,0,4.28486329615116,0,0,0,0,0,0,0,0,0,0,0,4.98406511294417,4.62074598453564,5.61196980555852,0,0,0
0,4.88668760760077,0,0,0,0,0,0,0,4.58870974870828,0,0,0,0,0,0,0,0,0,0,0,2.95994067192078,0,3.4541593357525,0,0,0,0,0,0,0,0,0,0,0,0,0,5.78526321053505,0,0,0,0,0,0,0,0,0,0,0,6.86855537444353,0,0,0,0,0,5.18349432117409,0,0,0,0,0,6.29020753587995,0,0,2.95966267585754,0,0,0,3.93346263006622,0,9.98025353138263,0,0,0,0,0,0,0,0,0,5.63273531293112,0,5.95140361785889,0,4.40722127291031,0,0
6.65218257904053,0,0,0,0,0,0,0,4.24934155926733,0,0,0,0,0,0,0,0,0,0,0,0,0,5.4524191194965,0,3.76435710656015,0,4.96907056172689,0,0,0,0,0,0,0,0,0,0,0,8.52745604190144,0,0,34.7329687391009,0,0,0,0,0,20.2703107198079,4.10728218005254,37.4985322952271,0,0,0,0,4.96736776828766,0,0,0,0,0,4.20633792877197,0,0,0,0,5.72969789144052,0,0,0,3.26675238816634,0,0,0,0,0,0,0,0,0,0,0,8.02845040234652,7.98973826476079,9.99005535670689,38.5968811201013,0,0
0,6.63730804543746,0,0,0,0,0,0,0,4.73751366138458,0,0,0,0,0,3.0357421040535,0,0,0,0,0,0,0,3.16599978340997,0,3.02412360555985,0,5.28364562988281,0,0,0,0,0,0,0,0,0,0,0,0,0,0,0,0,0,0,0,0,0,3.2262871830087,0,0,0,0,0,8.55558857773289,0,0,0,5.61824852770025,0,8.07532089451949,0,0,3.87040915842409,0,3.93346263006622,0,0,0,3.35647233522495,0,0,0,0,0,0,0,0,0,0,0,0,0,0,0,0
5.65685216903687,0,0,0,0,0,0,0,0,0,0,0,0,0,4.05317294597626,0,3.5551646232605,0,0,0,0,0,4.37316943998412,0,3.68861778373392,0,4.58912130607072,0,5.21830875608656,0,0,0,0,0,0,0,0,0,0,0,0,0,0,0,0,0,0,0,4.97319579626385,0,0,0,0,0,0,0,0,0,0,0,6.14481056685996,0,0,0,0,4.28486329615116,0,3.26675238816634,0,0,0,4.71444722584316,0,0,0,0,0,0,0,0,0,0,14.7332230806351,0,21.3765287399292,0,0
0,4.91635559244854,0,0,0,0,0,0,0,0,0,0,0,3.08499071333143,0,6.22859541575114,0,5.48226579030355,0,0,0,5.63755890541718,0,0,0,7.22281089195838,0,4.9130765285833,0,3.17186254003774,0,0,0,0,0,0,0,9.81744352139925,0,0,0,0,0,0,0,0,0,0,0,7.38852153366911,0,0,0,0,0,10.3250846862793,0,4.80123576521873,0,3.53138696280393,0,5.06279190738549,0,0,6.28877500572257,0,9.98025353138263,0,3.35647233522495,0,0,0,3.62611676077557,0,0,0,0,0,0,0,5.36472070076886,0,4.61863513239499,5.17877526283264,11.0768925608934,0,0
0,0,0,0,0,0,0,0,0,0,2.95455896854401,0,3.23779456666175,0,2.74880838394165,0,0,0,0,0,0,0,3.79003439903259,0,0,0,5.6652613679568,0,4.00183910673315,0,3.83460369110107,0,0,0,0,0,0,0,0,0,0,0,0,0,0,0,0,0,4.43427085876465,0,0,0,0,0,0,0,0,0,4.25638223829724,0,0,0,0,0,0,0,0,0,0,4.71444722584316,0,0,0,3.55955422552008,0,0,0,0,0,0,0,4.31558640267447,0,0,0,0,0
0,48.2393417358398,0,36.3887042999268,0,36.5985107421875,0,0,0,0,0,3.90735931347071,0,0,0,0,89.8424072265625,0,0,0,0,0,0,0,0,0,0,2.86820686830057,0,3.50583396149778,0,0,0,0,0,0,0,4.58593759130924,0,36.4465826511383,0,21.0822502681187,0,0,0,32.8160965510777,0,0,0,13.481517970562,0,0,0,0,0,0,0,5.76118036595787,0,12.6693030920896,0,0,36.8421133526585,0,9.89818096160889,0,0,0,0,0,3.62611676077557,0,0,0,0,0,0,0,30.7702071716735,0,4.72418889415918,0,34.107274382455,5.15793282931088,22.3726594053554,19.6005232103409,0
0,0,0,0,0,0,0,0,0,0,5.91422308009604,0,0,0,0,0,0,0,0,0,0,0,0,0,0,0,0,0,4.87699630737305,0,6.41318350218185,0,0,0,0,0,0,0,4.66867191651288,0,0,0,0,0,0,0,0,0,5.26307153701782,0,0,0,0,0,0,0,4.62722385772551,0,0,0,0,0,0,0,0,0,0,0,0,0,0,3.55955422552008,0,0,0,0,0,0,0,0,0,3.41983710016523,8.65285348892212,0,3.29605654875437,0,0
0,0,0,0,0,0,0,0,0,0,0,0,0,0,0,0,0,0,0,0,0,0,0,0,0,0,0,0,0,0,0,4.12764238693554,4.75582486391068,3.81021589499254,0,2.90650776004791,0,0,0,0,0,0,0,0,0,0,0,5.48396565150796,0,10.3269847869873,0,0,0,0,0,0,0,0,0,0,0,0,0,0,0,0,0,0,0,0,0,0,0,0,0,12.6560996373494,3.29513954789671,0,4.21346403639994,18.4133977890015,0,0,3.63244995926366,0,0,0,0
0,0,0,0,0,0,0,0,0,0,0,0,0,0,0,0,0,0,0,0,0,0,0,0,0,0,0,0,0,0,0,11.9410594304403,6.41951184228673,2.74606895446777,15.8952404086509,0,3.12719353098069,0,0,0,0,0,0,0,0,0,0,6.15736680107652,0,8.39100360870361,0,0,0,0,0,0,0,0,0,0,0,0,0,0,0,0,0,0,0,0,0,0,0,0,12.6560996373494,0,0,6.19967735360522,0,4.66302523920613,0,0,4.02880220023953,51.0459136962891,0,0,0
0,0,0,0,0,0,0,0,0,0,0,0,0,0,0,0,0,0,0,0,0,0,0,0,0,0,0,0,0,0,0,4.49971183141073,0,3.71965885396589,4.26109807990318,3.16632808509626,0,3.03542768254,0,0,0,0,0,0,0,0,0,3.61643175827829,0,5.22188429832458,0,0,0,0,0,0,0,0,0,0,0,0,0,0,0,0,0,0,0,0,0,0,0,0,3.29513954789671,0,0,0,5.72533241907756,0,4.94166027682527,0,4.13384017944336,0,0,0,0
0,0,0,0,0,0,0,0,0,0,0,0,0,0,0,0,0,0,0,0,0,0,0,0,0,0,0,0,0,0,0,0,11.1281777487861,7.69072137757352,5.56895842024421,0,6.58442585202467,11.6965994468102,8.55445788153287,0,0,18.8824621836344,0,0,0,0,0,8.31391098537043,4.47885541915894,21.1707225527082,0,0,0,0,0,0,0,0,0,0,0,0,0,0,0,0,0,0,0,0,0,0,0,0,0,6.19967735360522,0,0,0,8.95477496014999,0,4.2538311790537,7.5836466825158,12.0305508077145,0,0,0
0,33.3920364862756,0,33.3483891588576,0,13.8442349559382,0,0,0,0,0,25.5149333501349,0,0,0,0,79.5205637613932,60.9517296958568,48.3216571466439,7.59298318451264,0,0,0,0,0,84.5760040283203,0,0,0,0,0,4.68139260577172,0,4.89831638660561,0,6.51031945001435,7.20336606998572,13.5399077236652,0,9.34665950531168,70.9878684334133,28.2246276971294,58.0605302254359,34.407772064209,44.556640625,18.40067985756,0,6.24491553907079,75.880429983139,4.90487283468246,0,44.432014465332,0,0,0,0,0,32.5313137620687,0,0,0,0,11.6795453252489,0,0,0,0,0,0,0,0,0,30.7702071716735,0,4.21346403639994,0,5.72533241907756,0,0,14.3186446143548,7.37329574340866,73.9963404337565,21.7861905711968,26.2530517578125,24.6311542506871,30.6095115220561,56.947905476888
30.346609433492,0,17.0851669671401,0,22.2090377807617,0,0,0,0,0,0,0,0,0,0,0,77.5852225167411,77.3045587539673,43.8750041790223,0,7.0179799079895,0,0,0,0,0,0,0,0,0,0,16.9584574699402,4.33080288728078,0,8.9774875428779,8.73234329410412,5.36964427391272,0,7.16641006324763,64.9321327209473,10.5728547621112,67.3461532592773,28.8553442191113,0,42.925048828125,65.565261147239,18.4547952841694,7.01194403808832,39.6719865051668,0,19.411767578125,0,0,0,20.90179655287,0,17.6121252845315,0,18.0506137212118,0,20.6065055228568,0,72.0186147689819,9.34951568861206,0,0,0,0,0,0,0,0,0,0,18.4133977890015,4.66302523920613,0,8.95477496014999,14.3186446143548,0,0,9.58652803732943,10.0423316059194,13.2503305912018,22.0861278026142,65.9192212422689,24.0621529897054
0,9.87068424224853,0,33.9600112438202,0,39.1412887573242,0,0,0,11.1770618687505,0,6.66017788564655,0,0,0,0,82.2643432617188,51.5895529526931,43.3409815746805,4.88342290295097,0,5.98358166461088,0,5.8868578807363,0,0,0,5.42985213518143,0,0,0,0,0,5.1406704510728,25.3780124370868,5.89731030392527,0,5.68815833213405,15.5001218175888,13.7948338483175,83.5763549804688,30.5472051585379,62.1861750284831,0,0,27.694800518061,0,18.1489753214518,79.3159866333008,5.17015835941776,0,0,0,0,0,10.6481648305567,0,7.39149134103642,0,0,0,0,10.6033282691035,0,6.12190990420113,0,5.63273531293112,0,0,0,5.36472070076886,0,4.72418889415918,0,0,0,4.94166027682527,0,7.37329574340866,0,0,23.2244603633881,11.7336269167534,13.2786321980613,16.1076931182479,21.6282139732724,0
0,0,0,0,0,0,0,0,0,0,0,0,0,0,0,0,65.945726553599,68.5130571637835,42.7538510274079,0,7.82689843177795,0,5.67543038645399,0,7.4209334792861,0,0,0,0,0,0,0,0,32.1700401306152,5.98415332216966,32.0310478210449,7.33399009180407,9.96960067749023,5.57879798014692,66.357942199707,48.4720279436845,27.609903880528,35.8114888149759,0,28.5046418507894,65.3038970947266,26.2146852425234,9.41880182046739,11.7514836197225,29.2345210181342,0,0,0,0,31.3338012695312,0,0,47.7740173339844,0,0,0,0,75.5957260131836,43.6712825723397,0,4.98406511294417,0,8.02845040234652,0,0,0,4.31558640267447,0,3.41983710016523,0,0,0,4.2538311790537,73.9963404337565,9.58652803732943,23.2244603633881,0,12.8913526047231,7.40011475441304,35.2889249333864,56.7868728637695,19.7060868010229
