0,0,18.7465436935425,0,0,0,0,0,12.2200198062112,0,0,0,0,0,5.80335045211455,0,24.8101196289062,0,28.8770591947767,0,18.3561708786908,0,0,0,35.385498046875,0,0,0,0,0,0,0,0,0,48.2535240866921,0,39.5624221454967,0,0,0,0,0,15.2145953459188,0,0,0,30.0737177063437,41.6249198913574,7.3752725265528,0,0,0,0,0,3.35030863132883,64.3483047485352,6.76673374005726,0,2.96319961547852,0,7.24600396156311,0,0,12.2637769176114,0,0,0,2.94132709503174,0,0,0,0,0,6.7458381652832,0,0,0,51.0022773742676,0,35.5424884940093,0,51.5002346038818,8.32212860555763,31.7255806758486,10.6367764307174,0,13.3044065345417
0,0,0,38.3781114305769,0,0,0,0,0,12.3847054962842,0,26.2818075180054,0,17.5424953672621,64.4826812744141,13.152610505222,64.4598795572917,22.4569866495971,26.4400875330222,35.9844695802719,0,0,0,5.05081030955681,72.7470245361328,22.0767554759979,72.6134643554688,27.9702434539795,0,0,0,0,0,0,84.7454732259115,56.0592231750488,68.441650390625,49.9301109313965,81.3264999389648,54.8999112447103,0,17.1450748032048,72.6546681722005,19.6777139260219,0,22.8789424360567,72.3052041190011,0,0,19.0978704704635,0,0,0,0,0,15.5898246215934,0,18.4506317547389,0,16.9442378997803,0,12.5417870509213,32.0938931536083,0,0,0,10.6068465142023,0,34.8142652864809,0,0,0,0,0,0,0,0,0,41.1903546916114,76.9243224007743,48.0784223729914,0,21.7112337973422,30.120272059044,23.5199699384107,11.7642915947684,0
18.7465436935425,0,0,0,4.22036504745483,0,0,0,13.6688737869263,0,0,0,0,0,14.9926070107354,0,0,0,0,0,0,0,0,0,0,0,0,0,0,0,0,0,0,0,52.2695999145508,0,0,0,0,0,0,0,26.9266014099121,0,0,0,16.0271975199382,0,12.0096390247345,0,2.74281060695648,0,0,0,17.6952836513519,0,0,0,0,0,12.6536893844604,0,0,18.8028774261475,0,0,0,0,0,0,0,0,0,0,0,0,0,0,0,0,0,0,0,0,6.15758577195966,0,0
0,38.3781114305769,0,0,0,0,0,0,60.6471290588379,24.467829059152,0,48.775276184082,0,38.8733882904053,0,39.5040697209975,57.383971623012,24.316565748506,21.7017825324731,15.3804161955671,0,0,0,43.5843486785889,108.701103210449,54.9916458129883,0,51.014741897583,0,0,0,0,0,0,98.143310546875,22.3625763163847,74.4875869750977,0,67.9280166625977,81.6218185424805,0,17.6731747540561,74.3529708862305,9.64253662008988,0,51.6726255701549,70.8916280110677,104.636512756348,81.017204284668,28.2023329575857,0,0,0,0,0,35.6938373020717,0,43.5661315917969,0,0,0,39.483679983351,17.7964147113074,0,0,0,39.6397318840027,79.7634162902832,55.654821395874,0,0,0,0,0,0,0,0,0,18.5927611716888,71.812754313151,69.6548118591309,84.5422172546387,20.1077723387677,39.8921165657043,18.352351359569,17.2171913003022,70.3719024658203
0,0,4.22036504745483,0,0,0,3.34564403692881,0,3.86705157870338,0,0,0,0,0,8.44568252563477,0,0,0,0,0,8.4697470664978,0,0,0,0,0,0,0,0,0,0,0,0,0,0,0,9.57356479432848,0,0,0,0,0,0,0,0,0,11.7287130355835,0,0,0,4.68405362775555,0,4.58111333847046,0,4.00704784393311,0,3.57814294186191,0,3.17531943321228,0,10.6290664672852,0,0,10.2097240216804,0,0,0,0,0,0,0,0,0,0,0,0,0,0,0,10.0680650364269,0,0,6.22534188577684,5.27024842191626,8.19818378331368,0,0
0,0,0,0,0,0,0,3.00499008252071,0,0,0,0,0,9.52792532920837,0,19.5545746351543,0,0,0,3.82387553561818,0,0,0,0,0,0,0,0,0,0,0,0,0,0,0,4.10531812906265,0,0,0,0,0,0,0,0,0,0,0,0,0,0,0,4.33210621897124,0,0,0,0,0,4.3494061795492,0,6.98546206488193,0,8.36971681032862,0,0,0,0,0,0,0,0,0,0,0,0,0,0,0,0,0,0,0,0,8.39989505403785,11.6612770557404,3.2271051555872,0,0
0,0,0,0,3.34564403692881,0,0,0,0,0,3.32883548736572,0,0,0,0,0,0,0,0,0,5.66950763826785,0,0,0,0,0,0,0,0,0,0,0,0,0,0,0,13.7738409042358,0,0,0,0,0,0,0,0,0,0,0,0,0,4.36901704470317,0,3.06411471275183,0,0,0,3.99991888999939,0,0,0,0,0,0,8.82996602556599,0,0,0,0,0,0,0,0,0,0,0,0,0,0,0,13.4495468139648,0,0,3.97971648345759,0,0,0,0
0,0,0,0,0,3.00499008252071,0,0,0,0,0,9.80319142341614,0,0,0,0,0,0,0,4.7364389282642,0,0,0,0,0,0,0,0,0,0,0,0,0,0,0,4.00487058503287,0,0,0,0,0,0,0,0,0,0,0,0,0,0,0,2.95775890350342,0,3.43746618670087,0,0,0,5.32036027454195,0,0,0,0,6.79155345295751,0,0,0,0,0,0,0,0,0,0,0,0,0,0,0,0,0,0,0,3.77611931459063,3.31173729896545,0,0,0
12.2200198062112,0,13.6688737869263,60.6471290588379,3.86705157870338,0,0,0,0,0,0,0,0,0,8.72778726563309,0,19.5479005349649,94.0658620198568,31.5240300645431,0,0,0,0,0,15.669270497102,0,15.1150967776775,106.536834716797,0,0,0,0,0,65.4848709106445,60.3665511721656,0,22.6174020593817,0,19.5411728200778,0,0,0,21.0591757332141,70.5842895507812,0,74.8876419067383,25.0118838698421,47.4993081092834,16.3058235168457,0,6.21059489250183,0,0,0,11.5053161347674,0,0,0,0,0,8.20414576890334,0,74.432975769043,22.1903162683759,0,0,0,16.5243436098099,0,15.2553317420026,0,0,0,0,0,0,0,65.0526415506999,0,23.6002729203966,0,33.3814227581024,18.1436775196662,12.7182108154201,19.7244290098911,0,28.6688910080836
0,12.3847054962842,0,24.467829059152,0,0,0,0,0,0,0,35.7671573638916,0,38.4327285473163,0,16.4906076010283,59.4172804696219,13.8139852977934,17.0431852804779,38.9937319074358,0,0,0,6.69491311860463,63.7671318054199,24.5078185349703,0,30.6388874053955,0,0,0,0,0,0,0,50.1942352294922,56.6111869812012,40.7486877441406,57.3177146911621,44.6879799582741,0,17.648829464131,90.2749328613281,16.7026236732051,0,25.1855904240819,54.3125228881836,0,0,14.7497576757242,0,0,0,0,0,7.8718923109671,0,39.9839100837708,0,0,0,20.4584305908369,29.9640581624971,0,0,0,4.89117947982175,0,26.9224966049194,0,0,0,0,0,0,0,0,0,44.5665744879307,69.4646352132161,47.0756638390677,0,14.2857915224011,33.0661225538144,23.6272166550791,7.79205862155631,0
0,0,0,0,0,0,3.32883548736572,0,0,0,0,0,5.40568715231172,0,0,0,0,0,0,0,5.45262562147655,0,0,0,0,0,0,0,0,0,4.35123570263386,0,0,0,0,0,3.07862210273743,0,5.03735078698364,0,0,0,14.1121860422114,0,0,0,12.6546419733449,0,0,0,0,0,8.03918743133545,0,0,0,4.59400938664164,0,4.77657843188003,0,0,0,0,8.49444322177538,0,0,0,0,0,0,0,0,0,5.62656165304638,0,0,0,0,0,0,0,6.04560508226094,5.50536304884785,56.1752586364746,8.91238328176328,0,21.1139237603476
0,26.2818075180054,0,48.775276184082,0,0,0,9.80319142341614,0,35.7671573638916,0,0,0,4.73023026927388,0,18.275239944458,0,46.4175665482231,58.5124706086658,7.74489481068012,0,0,0,0,0,0,0,0,0,4.01379294323742,0,0,0,0,0,6.74128485441208,0,6.39903679585639,0,0,0,0,0,0,0,64.0822048187256,0,0,0,14.7879886477248,0,0,0,4.32172335897173,0,33.3025846481323,0,5.53685245966755,0,4.30717592992281,0,21.8864777882894,9.49013504892866,0,0,0,0,0,48.1705352783203,0,0,0,4.14359774589539,0,0,0,0,0,20.9873479366303,0,8.5511906290259,0,8.0327527562003,25.0121758241279,5.42771640376768,0,0
0,0,0,0,0,0,0,0,0,0,5.40568715231172,0,0,0,3.121537733078,0,0,0,0,0,10.8275858561198,0,0,0,0,0,0,0,3.34060365289122,0,0,0,0,0,0,0,0,0,0,0,0,0,20.4605407714844,0,0,0,0,0,0,0,0,0,0,0,0,0,5.52074576018754,0,4.33375240774716,0,3.90388751029968,0,0,16.5086479187012,0,0,0,0,0,0,0,6.50754244592455,0,0,0,0,0,0,0,0,0,0,3.88880419373959,5.55386471276236,19.9538356781006,0,25.8749628067017
0,17.5424953672621,0,38.8733882904053,0,9.52792532920837,0,0,0,38.4327285473163,0,4.73023026927388,0,0,0,6.41093951350095,0,17.5433015704155,50.4312719345093,23.1441397666931,0,0,0,18.223548968633,0,8.88030513774517,0,5.71981257200241,0,0,0,0,0,0,0,22.9420708974202,0,0,0,0,0,43.6649169921875,0,42.0487403869629,0,96.808708190918,0,0,0,12.3890873709721,0,9.16556476796222,0,0,115.684616088867,25.1568565368652,0,13.1846892126075,0,4.79389438096642,0,8.94335786998272,93.5518760681152,0,0,0,38.9995410919189,0,10.3771618885316,0,4.58209673563639,0,0,0,0,0,0,0,0,0,0,0,7.48059659476847,7.344826696273,17.2613277703189,56.8913078308105,0
5.80335045211455,64.4826812744141,14.9926070107354,0,8.44568252563477,0,0,0,8.72778726563309,0,0,0,3.121537733078,0,0,0,16.653994326158,0,42.2298804389106,0,0,0,0,0,13.8031110875747,0,9.31645193636812,0,0,0,0,0,0,0,58.079662322998,0,24.4730051676432,0,73.6771926879883,0,0,0,40.7571246203254,0,0,0,30.4709947870133,51.2639923095703,17.4820213317871,0,6.30815249681473,0,0,0,7.37064747559397,0,0,0,3.83567107064383,0,4.36904996639784,0,0,25.762066595895,0,0,0,25.093518614769,0,12.3649244668349,0,0,0,0,0,0,0,0,0,25.6629497293047,0,0,10.1706584266145,9.94292174322453,23.2480884455316,0,34.1698684692383
0,13.152610505222,0,39.5040697209975,0,19.5545746351543,0,0,0,16.4906076010283,0,18.275239944458,0,6.41093951350095,0,0,0,13.719176641039,44.0208793640137,24.162152231956,0,0,0,11.9869609225181,0,11.523619930246,0,14.9250575907436,0,0,0,0,0,0,105.806793212891,24.5032149723598,0,113.99340057373,0,0,0,33.8914650615893,98.6361897786458,40.7091422542449,0,48.1845638751984,99.5374170939128,0,0,10.2657015570279,0,11.5971641349792,0,0,0,11.0739354186958,0,14.8736115810033,0,8.15010743563338,0,7.59471343583522,24.0800152799509,0,0,0,25.900149216523,0,12.8312918450505,0,0,0,0,0,0,0,0,0,55.614143371582,0,0,0,20.3684830693988,17.4430198798506,21.2285350163778,42.5027377605438,0
24.8101196289062,64.4598795572917,0,57.383971623012,0,0,0,0,19.5479005349649,59.4172804696219,0,0,0,0,16.653994326158,0,0,12.1388408371693,22.333226895311,70.69606590271,0,24.1851196289062,8.83063603937626,18.898100313933,13.8222391962491,23.0034442689684,13.6965476727218,34.0421717961629,4.53080368041992,0,0,0,0,53.5580863952637,55.6333126456051,57.4193687438965,49.9326819395408,0,28.8419608544866,0,0,85.1638450622559,35.089466434833,50.9664421081543,48.5550346374512,74.8866184779576,38.9447349888263,53.9316541498358,41.4293956756592,0,0,0,0,0,18.1226479212443,78.1250030517578,0,0,0,0,35.6291225978306,53.9706726074219,76.6493391036987,48.3387470245361,0,10.5943960198403,20.2376250235931,25.3275101857308,31.57068790089,11.5454755732888,0,0,0,0,0,0,0,57.6593955357869,127.257789611816,50.8775202261435,0,28.5793432889285,15.1797998067553,17.2534242872132,39.5504731326036,0,43.8514090451327
0,22.4569866495971,0,24.316565748506,0,0,0,0,94.0658620198568,13.8139852977934,0,46.4175665482231,0,17.5433015704155,0,13.719176641039,12.1388408371693,0,19.4522864452154,42.8764859543366,0,9.77647181588139,0,10.3567917420943,54.7631416320801,11.1470482686331,23.9709053039551,19.561264059013,0,0,0,0,0,0,98.3813842773438,46.5234471834623,65.9639984130859,49.3696297865648,63.1185092926025,55.347460047404,0,25.9060492583164,63.5568747747512,42.5435611724854,0,37.251262741587,59.9646933343675,109.320526123047,0,20.6222359675883,0,44.6048316955566,0,0,97.2799224853516,14.2807062462587,0,32.9848100413447,0,0,0,16.420334515602,37.8468653943057,0,9.10314174772619,0,10.3758543686949,54.0326042175293,16.7606499276418,0,21.0993094091062,0,0,0,0,0,0,0,41.8410271538628,53.695428636339,56.5147947653746,69.5178718566895,13.1407073917276,19.048888045602,30.6480017013362,28.9569748023461,0
28.8770591947767,26.4400875330222,0,21.7017825324731,0,0,0,0,31.5240300645431,17.0431852804779,0,58.5124706086658,0,50.4312719345093,42.2298804389106,44.0208793640137,22.333226895311,19.4522864452154,0,44.7975525742485,63.8479690551758,0,0,14.6961813944014,33.2100433562566,46.6543687184652,33.4591666495446,77.8408692677816,0,0,0,0,0,61.7719519478934,56.8989641731034,39.8329611968994,40.3002304905809,11.8568365924499,29.2973375110374,68.7871536254883,0,10.4234439260605,28.3036938634051,12.3573629114012,5.0823681815978,44.8692683113946,23.3957634259513,52.1034498581519,45.1725381215413,23.4451208114624,0,0,0,0,33.1113339701007,23.4135545677027,0,43.2495369911194,0,0,43.4995427926381,47.9516039106581,38.3129404062547,43.795794078282,0,0,14.9833287133111,32.5542397807828,34.9824993994928,35.1730041503906,0,0,0,0,0,0,68.5566482543945,55.4587494850159,35.4602784865942,33.4949299803725,68.9678438731602,32.5079355592077,14.8101804169411,26.880360683276,24.3059038712443,9.84775832354699,18.7353265815311
0,35.9844695802719,0,15.3804161955671,0,3.82387553561818,0,4.7364389282642,0,38.9937319074358,0,7.74489481068012,0,23.1441397666931,0,24.162152231956,70.69606590271,42.8764859543366,44.7975525742485,0,0,0,0,0,93.0622329711914,0,0,56.4268074035645,0,9.58387413024902,0,0,0,0,0,6.90920565684913,91.2015914916992,7.31214177106738,0,26.7258154551188,0,47.1513661604661,101.512875874837,29.4691333770752,0,11.6992442341751,92.3105850219727,0,0,17.0977347320485,0,9.14695636431376,0,5.83073970249721,0,37.0132886001042,0,10.714122704864,0,12.2375797622505,94.6110076904297,24.5086333271471,9.67254686289962,0,0,0,0,103.942268371582,49.6572297414144,0,0,0,7.71676111221313,0,0,0,0,0,6.36077643317738,0,11.8096868115825,0,24.2254142401759,44.9316526057916,23.6572501119329,36.3462023735046,0
18.3561708786908,0,0,0,8.4697470664978,0,5.66950763826785,0,0,0,5.45262562147655,0,10.8275858561198,0,0,0,0,0,63.8479690551758,0,0,0,0,0,0,0,0,0,0,0,0,0,0,0,0,0,4.62470702418933,0,4.69397791226705,0,0,0,13.4487124969039,0,0,0,7.51931603592221,0,0,0,0,0,10.5453265326364,0,0,0,6.62284339115184,0,0,0,0,0,0,5.07116948388685,0,0,0,0,0,0,0,0,0,0,0,0,0,0,0,4.58892661503383,0,21.8151574134827,4.28793759708287,4.58177264531453,8.95121466347771,0,17.0228798700416
0,0,0,0,0,0,0,0,0,0,0,0,0,0,0,0,24.1851196289062,9.77647181588139,0,0,0,0,6.74884568678366,7.09344976432621,0,7.3371686342532,0,4.93939671177745,0,0,0,0,0,0,0,0,0,5.21110365116339,0,0,0,0,0,0,0,0,0,0,0,9.27918905809701,0,0,0,0,0,0,0,0,0,0,0,0,0,0,5.19442243269627,4.17402661698205,4.75877992155338,0,11.77810453251,0,5.67331023815551,0,0,0,0,0,0,0,0,0,5.50649221160195,0,4.69037387927798,4.09186514742174,0,0,0
0,0,0,0,0,0,0,0,0,0,0,0,0,0,0,0,8.83063603937626,0,0,0,0,6.74884568678366,0,0,4.08405556678772,0,4.777270771839,0,3.85771901875932,0,0,0,0,0,0,0,0,0,7.71721681572756,0,0,0,0,0,0,0,0,0,0,0,0,0,0,0,0,0,0,0,0,0,0,0,0,0,4.80947041511536,4.90156063902386,0,3.40602139631907,0,4.40477340649336,0,4.62274084552642,0,0,0,0,0,0,0,0,0,10.7669593266078,6.38081581183322,5.48387321607769,0,0,0
0,5.05081030955681,0,43.5843486785889,0,0,0,0,0,6.69491311860463,0,0,0,18.223548968633,0,11.9869609225181,18.898100313933,10.3567917420943,14.6961813944014,0,0,7.09344976432621,0,0,0,8.93914495497207,0,17.6721739950059,0,0,0,0,0,0,0,0,0,4.54310118269037,0,0,0,11.9539476211625,39.5002555847168,24.2524934768677,0,102.893661499023,0,0,0,7.36443670590719,0,0,0,0,0,4.85889662589346,0,0,0,0,0,9.24757020814078,42.657642364502,0,15.915264993607,0,4.97514191992473,0,7.59606963354914,0,16.75071610442,0,0,0,0,0,0,0,56.4225311279297,0,3.53875929309476,0,7.25560887323642,31.5639198144277,9.05442476481722,10.7145647903283,0
35.385498046875,72.7470245361328,0,108.701103210449,0,0,0,0,15.669270497102,63.7671318054199,0,0,0,0,13.8031110875747,0,13.8222391962491,54.7631416320801,33.2100433562566,93.0622329711914,0,0,4.08405556678772,0,0,0,6.68075322278655,0,0,0,0,0,0,104.267372131348,74.4618165152414,0,56.1042105356852,0,6.20803393098645,0,0,0,27.7757007466223,0,29.6954968770345,73.3669128417969,54.885764280955,70.0006281534831,3.86919498443604,0,0,0,0,0,13.2945337124418,0,0,0,0,0,9.8833794593811,0,89.3699264526367,0,0,4.32716387968797,0,3.83367244437733,0,6.81272875134346,0,0,0,0,0,0,0,65.0938232421875,0,51.8757033171477,0,45.6178469955921,15.9918177014146,37.4144876743185,47.3825699942453,86.4355850219727,38.932853937149
0,22.0767554759979,0,54.9916458129883,0,0,0,0,0,24.5078185349703,0,0,0,8.88030513774517,0,11.523619930246,23.0034442689684,11.1470482686331,46.6543687184652,0,0,7.3371686342532,0,8.93914495497207,0,0,0,12.0361870957844,0,0,0,0,0,0,0,0,0,0,0,0,0,13.3810040610177,0,60.5827541351318,0,98.7707061767578,97.9293594360352,0,0,0,0,0,0,0,0,21.1686823050181,0,0,0,9.60216233604833,0,10.8088915607717,65.5349311828613,0,9.14845867482772,0,5.66815609363622,0,6.0203870723122,119.279739379883,10.200064849479,0,0,0,0,0,0,0,75.1850757598877,0,61.4598426818848,0,15.12413925935,19.108557300828,13.2717498868376,16.5276034673055,0
0,72.6134643554688,0,0,0,0,0,0,15.1150967776775,0,0,0,0,0,9.31645193636812,0,13.6965476727218,23.9709053039551,33.4591666495446,0,0,0,4.777270771839,0,6.68075322278655,0,0,0,0,0,0,0,0,0,70.3831157684326,0,53.6510729108538,0,15.9555151279156,0,0,0,57.8530685989945,0,0,0,50.0514292035784,0,0,0,0,0,0,0,15.3304962065162,0,0,0,0,0,9.35467521349589,0,0,43.4282722473145,0,10.8666027386983,0,9.00637925440265,0,4.75587711836162,0,0,0,0,0,0,0,73.7361831665039,0,52.9103722205529,0,20.033625125885,22.1017459170385,34.7644497462681,46.8693139212472,0,55.7607498168945
0,27.9702434539795,0,51.014741897583,0,0,0,0,106.536834716797,30.6388874053955,0,0,0,5.71981257200241,0,14.9250575907436,34.0421717961629,19.561264059013,77.8408692677816,56.4268074035645,0,4.93939671177745,0,17.6721739950059,0,12.0361870957844,0,0,0,3.78562676906586,0,0,0,0,119.075965881348,0,0,0,0,0,0,0,0,58.8148880004883,0,90.2382736206055,0,0,0,0,0,0,0,0,0,0,0,0,0,5.11791409764971,0,15.984401067098,78.0403480529785,0,6.37290024623817,0,20.0544567108154,0,9.2024948131079,0,4.32381535058863,0,0,0,0,0,0,0,0,0,0,0,8.38176232562077,7.32925098575115,55.2146918773651,0,0
0,0,0,0,0,0,0,0,0,0,0,0,3.34060365289122,0,0,0,4.53080368041992,0,0,0,0,0,3.85771901875932,0,0,0,0,0,0,0,4.42638540962367,0,0,0,0,0,0,0,3.59870290756226,0,0,0,0,0,0,0,0,0,0,0,0,0,0,0,0,0,0,0,2.96410703659058,0,0,0,0,0,0,4.43678035736084,0,0,0,0,0,4.49119220971574,0,4.30168803343697,0,0,0,0,0,0,0,0,3.45221254560682,3.35434019139835,0,0,0
0,0,0,0,0,0,0,0,0,0,0,4.01379294323742,0,0,0,0,0,0,0,9.58387413024902,0,0,0,0,0,0,0,3.78562676906586,0,0,0,0,0,0,0,0,0,7.02625291444817,0,0,0,0,0,0,0,0,0,0,0,0,0,0,0,0,0,0,0,5.30592973447153,0,0,0,0,0,0,0,0,0,0,0,0,2.74177805582682,0,4.19031966847481,0,0,0,0,0,0,0,12.4691336128738,0,2.77523704369863,0,6.74041414260864,0,0
0,0,0,0,0,0,0,0,0,0,4.35123570263386,0,0,0,0,0,0,0,0,0,0,0,0,0,0,0,0,0,4.42638540962367,0,0,0,0,0,0,0,0,0,7.30869680795914,0,0,0,0,0,0,0,0,0,0,0,0,0,0,0,0,0,2.99264435768127,0,0,0,0,0,0,0,0,0,0,0,0,0,0,0,0,4.32376210639874,0,0,0,0,0,0,0,8.97760887619872,6.54306745529175,0,5.15299346009079,0,0
0,0,0,0,0,0,0,0,0,0,0,0,0,0,0,0,0,0,0,0,0,0,0,0,0,0,0,0,0,0,0,0,0,0,0,0,0,0,0,0,0,0,0,0,0,0,0,0,0,0,0,0,0,0,0,0,0,0,0,0,0,0,0,0,0,0,0,0,0,0,0,0,0,0,2.74724721908569,0,0,0,0,0,0,0,0,0,0,0,0
0,0,0,0,0,0,0,0,0,0,0,0,0,0,0,0,0,0,0,0,0,0,0,0,0,0,0,0,0,0,0,0,0,0,0,2.94848847389221,3.06630822022756,0,0,0,0,0,0,0,0,0,0,3.05567345023155,0,0,0,0,0,0,0,0,0,0,0,0,0,0,0,0,0,0,0,0,0,0,0,0,0,0,0,2.84274981419245,0,0,0,2.95131921768188,0,0,2.94953875108199,0,0,0,0
0,0,0,0,0,0,0,0,65.4848709106445,0,0,0,0,0,0,0,53.5580863952637,0,61.7719519478934,0,0,0,0,0,104.267372131348,0,0,0,0,0,0,0,0,0,6.12024072191434,0,0,4.45195709656332,0,0,0,0,21.4288045453354,0,0,0,0,7.93847624675648,0,0,0,0,0,0,0,0,0,0,0,0,0,0,0,0,0,0,0,0,0,0,0,0,0,0,0,0,3.40424076696137,10.9679962304922,0,0,4.30473012334845,0,5.40699155266221,71.2123743693034,0,0,22.0914554595947
48.2535240866921,84.7454732259115,52.2695999145508,98.143310546875,0,0,0,0,60.3665511721656,0,0,0,0,0,58.079662322998,105.806793212891,55.6333126456051,98.3813842773438,56.8989641731034,0,0,0,0,0,74.4618165152414,0,70.3831157684326,119.075965881348,0,0,0,0,0,6.12024072191434,0,0,5.5036871354442,5.85266061623891,6.26260964977544,0,0,0,13.6428370631544,98.1398162841797,0,114.772201538086,75.6668701171875,6.14083231755665,8.94112004869404,0,0,0,0,0,61.9150695800781,100.086006164551,0,0,0,0,0,130.711807250977,118.087139129639,0,0,0,0,76.7300084431966,0,78.6480140686035,0,0,0,0,0,0,8.62329655524456,4.69419438890191,115.84610748291,44.6000828552246,0,6.74128905290829,22.5042113040044,71.2229119604761,51.3884216757382,0,20.5945311459628
0,56.0592231750488,0,22.3625763163847,0,4.10531812906265,0,4.00487058503287,0,50.1942352294922,0,6.74128485441208,0,22.9420708974202,0,24.5032149723598,57.4193687438965,46.5234471834623,39.8329611968994,6.90920565684913,0,0,0,0,0,0,0,0,0,0,0,0,2.94848847389221,0,0,0,4.43493062480132,5.69731866080185,0,5.82072798831404,8.63021532831521,37.5435870488485,19.4168172200521,29.4478786175068,0,12.1951294216044,0,3.52637413978577,0,60.5455169677734,0,11.1423707008362,0,4.63795328140259,0,67.8354187011719,0,5.31500720977783,0,11.8850866953532,0,25.4942705254806,7.67508521528219,0,0,0,0,0,45.3224029541016,0,0,0,0,0,0,0,0,0,4.70792401178546,6.91771806345373,4.33377629518509,0,5.8488490742445,10.2785750212639,9.16170079015916,0,0
39.5624221454967,68.441650390625,0,74.4875869750977,9.57356479432848,0,13.7738409042358,0,22.6174020593817,56.6111869812012,3.07862210273743,0,0,0,24.4730051676432,0,49.9326819395408,65.9639984130859,40.3002304905809,91.2015914916992,4.62470702418933,0,0,0,56.1042105356852,0,53.6510729108538,0,0,0,0,0,3.06630822022756,0,5.5036871354442,4.43493062480132,0,0,9.44728495279948,0,4.98191987551176,76.2797012329102,36.7202131770482,0,27.1018161773682,30.3997051239014,16.9799992429449,4.97343756650624,15.5169154297222,3.21464768052101,10.1496934890747,0,16.045916112264,0,28.2330373612461,71.8421325683594,0,0,0,0,22.9652769401591,0,90.4068832397461,6.34637109841346,0,0,0,54.2241268157959,96.4918670654297,47.8770506722586,0,0,0,0,0,2.91651816801591,0,4.85932193631711,6.8033218084897,4.57244502166311,0,9.05991318761086,10.4741303666809,23.8504721560377,14.7306261815267,0,33.2455199392218
0,49.9301109313965,0,0,0,0,0,0,0,40.7486877441406,0,6.39903679585639,0,0,0,113.99340057373,0,49.3696297865648,11.8568365924499,7.31214177106738,0,5.21110365116339,0,4.54310118269037,0,0,0,0,0,7.02625291444817,0,0,0,4.45195709656332,5.85266061623891,5.69731866080185,0,0,4.59853035470714,0,0,4.71396996928196,0,0,0,0,0,3.76723015106331,0,16.3526593844096,0,0,0,0,0,40.9339408874512,0,9.32826648750038,0,0,0,0,8.12524339977218,0,3.59896540641785,0,6.66109492327716,0,0,0,0,0,10.8465417042375,0,0,0,6.20694205678743,10.4739496231079,3.75761946610042,0,7.18891355347261,3.37693500518799,7.25599513411785,8.10319828583022,6.23400810392279,0,0
0,81.3264999389648,0,67.9280166625977,0,0,0,0,19.5411728200778,57.3177146911621,5.03735078698364,0,0,0,73.6771926879883,0,28.8419608544866,63.1185092926025,29.2973375110374,0,4.69397791226705,0,7.71721681572756,0,6.20803393098645,0,15.9555151279156,0,3.59870290756226,0,7.30869680795914,0,0,0,6.26260964977544,0,9.44728495279948,4.59853035470714,0,0,0,0,10.980881923112,0,27.8158798217773,0,30.3874898418303,10.170046183798,11.4589629732072,0,0,0,0,0,15.3169287941673,0,6.44262258152903,0,0,0,0,0,94.3951187133789,7.89273845510823,0,11.2746614309458,0,6.17612501588791,0,21.2882488965988,0,3.59730774561564,0,5.82526277412068,0,0,0,5.60891646515551,0,46.3811414241791,0,4.241266200769,9.61585359036923,47.349905946038,9.62999919695284,0,19.8309927838189
0,54.8999112447103,0,81.6218185424805,0,0,0,0,0,44.6879799582741,0,0,0,0,0,0,0,55.347460047404,68.7871536254883,26.7258154551188,0,0,0,0,0,0,0,0,0,0,0,0,0,0,0,5.82072798831404,0,0,0,0,0,0,0,0,0,6.32700281790883,0,0,0,7.304160700904,0,0,0,0,0,45.4045486450195,0,32.4094864527384,0,0,0,53.7227210998535,24.6095651626587,0,0,0,0,0,0,0,0,0,0,0,0,0,0,0,4.04815599538957,17.8514366149902,5.4314153936674,0,47.9727418899536,58.419815826416,4.99120946774267,32.7452144622803,0
0,0,0,0,0,0,0,0,0,0,0,0,0,0,0,0,0,0,0,0,0,0,0,0,0,0,0,0,0,0,0,0,0,0,0,8.63021532831521,4.98191987551176,0,0,0,0,0,0,0,0,16.4786392620632,6.23968744277954,3.80362997194713,3.70666023772629,0,0,0,0,0,0,0,0,0,0,0,0,0,0,0,0,0,0,0,0,0,0,0,0,0,0,4.27766382694244,0,0,16.7223180424083,3.33293562400632,0,0,7.36296497244584,0,5.39348712576054,0,0
0,17.1450748032048,0,17.6731747540561,0,0,0,0,0,17.648829464131,0,0,0,43.6649169921875,0,33.8914650615893,85.1638450622559,25.9060492583164,10.4234439260605,47.1513661604661,0,0,0,11.9539476211625,0,13.3810040610177,0,0,0,0,0,0,0,0,0,37.5435870488485,76.2797012329102,4.71396996928196,0,0,0,0,8.74881765640972,7.71403213031864,0,12.5005665835455,0,3.27444271246592,0,13.5177275422332,0,0,0,0,0,17.2190596100531,0,0,0,0,0,43.4116334915161,26.4944076725931,0,0,0,10.3194880594734,0,16.5091734070709,0,0,0,4.85997724533081,0,0,0,0,0,41.2285992958966,0,8.19871656822436,0,9.83285518951888,33.092151989808,7.69626379041056,6.01491837398812,0
15.2145953459188,72.6546681722005,26.9266014099121,74.3529708862305,0,0,0,0,21.0591757332141,90.2749328613281,14.1121860422114,0,20.4605407714844,0,40.7571246203254,98.6361897786458,35.089466434833,63.5568747747512,28.3036938634051,101.512875874837,13.4487124969039,0,0,39.5002555847168,27.7757007466223,0,57.8530685989945,0,0,0,0,0,0,21.4288045453354,13.6428370631544,19.4168172200521,36.7202131770482,0,10.980881923112,0,0,8.74881765640972,0,16.6172191926411,5.34184322673447,95.6055006547408,22.8631642242037,8.98803854623415,7.45085804777189,68.7666717529297,0,0,0,0,16.7212844128879,78.6430153846741,11.8358463786897,111.604637145996,0,0,49.0647990362985,88.2359733581543,93.4383115768433,14.2136500211266,0,0,33.3055458068848,25.1026197846173,91.9362335205078,54.0165754318237,0,0,0,0,0,0,29.5837514776933,14.2189328572185,84.5128839666193,58.9740672981652,129.525802612305,11.8754601405314,23.3119026406561,49.4926025234518,10.4821210212419,16.7587797294964,7.4785987682614
0,19.6777139260219,0,9.64253662008988,0,0,0,0,70.5842895507812,16.7026236732051,0,0,0,42.0487403869629,0,40.7091422542449,50.9664421081543,42.5435611724854,12.3573629114012,29.4691333770752,0,0,0,24.2524934768677,0,60.5827541351318,0,58.8148880004883,0,0,0,0,0,0,98.1398162841797,29.4478786175068,0,0,0,0,0,7.71403213031864,16.6172191926411,0,3.76494294718692,8.41038539109443,67.1394882202148,0,0,21.4291555616591,0,0,0,0,0,24.6443072636922,0,61.2526664733887,0,0,0,43.3044208526611,22.9558925968393,0,0,0,18.6227588856474,34.8106498718262,56.0947480201721,0,0,0,0,0,0,0,0,0,27.7757936477661,0,0,0,13.2517404018284,40.8313393884776,6.14058468544829,8.9559973956723,0
0,0,0,0,0,0,0,0,0,0,0,0,0,0,0,0,48.5550346374512,0,5.0823681815978,0,0,0,0,0,29.6954968770345,0,0,0,0,0,0,0,0,0,0,0,27.1018161773682,0,27.8158798217773,0,0,0,5.34184322673447,3.76494294718692,0,0,11.6387853092617,0,0,0,0,0,0,0,0,0,0,0,0,0,48.1877250671387,0,0,0,0,0,0,28.8769521713257,0,0,0,0,0,0,0,0,0,0,0,41.8791475296021,0,26.5153923034668,6.55718109863145,0,6.03390685138323,0,9.91187286376953
0,22.8789424360567,0,51.6726255701549,0,0,0,0,74.8876419067383,25.1855904240819,0,64.0822048187256,0,96.808708190918,0,48.1845638751984,74.8866184779576,37.251262741587,44.8692683113946,11.6992442341751,0,0,0,102.893661499023,73.3669128417969,98.7707061767578,0,90.2382736206055,0,0,0,0,0,0,114.772201538086,12.1951294216044,30.3997051239014,0,0,6.32700281790883,16.4786392620632,12.5005665835455,95.6055006547408,8.41038539109443,0,0,81.4985275268555,0,0,22.6627359849246,0,0,0,0,0,25.3732169015067,0,17.4771584073703,0,0,0,45.4437607474949,13.1530739314183,0,0,0,0,0,48.7353991553897,0,0,0,0,0,0,0,0,0,12.5238391436063,17.8628206253052,19.7503913773431,116.688537597656,31.8459746465326,46.4836628468413,9.07854170147285,17.3101376094551,102.860427856445
30.0737177063437,72.3052041190011,16.0271975199382,70.8916280110677,11.7287130355835,0,0,0,25.0118838698421,54.3125228881836,12.6546419733449,0,0,0,30.4709947870133,99.5374170939128,38.9447349888263,59.9646933343675,23.3957634259513,92.3105850219727,7.51931603592221,0,0,0,54.885764280955,97.9293594360352,50.0514292035784,0,0,0,0,0,0,0,75.6668701171875,0,16.9799992429449,0,30.3874898418303,0,6.23968744277954,0,22.8631642242037,67.1394882202148,11.6387853092617,81.4985275268555,0,81.5025863647461,24.3742074966431,77.252197265625,0,0,0,0,29.9316763260785,69.6765060424805,15.7387257575989,0,0,0,25.4558906979031,81.2958335876465,89.8739884320427,4.77211334993831,0,0,0,51.5997185958059,95.3327827453613,52.1742341783312,0,0,0,0,0,0,0,46.6867389678955,87.764283074273,17.5576396603254,0,44.4342248223045,32.2511462334455,48.2767784822228,7.69950468223412,0,26.5701941914029
41.6249198913574,0,0,104.636512756348,0,0,0,0,47.4993081092834,0,0,0,0,0,51.2639923095703,0,53.9316541498358,109.320526123047,52.1034498581519,0,0,0,0,0,70.0006281534831,0,0,0,0,0,0,0,3.05567345023155,7.93847624675648,6.14083231755665,3.52637413978577,4.97343756650624,3.76723015106331,10.170046183798,0,3.80362997194713,3.27444271246592,8.98803854623415,0,0,0,81.5025863647461,0,3.66066787583487,2.88475060462952,0,0,0,0,55.7621027628581,0,0,0,0,0,0,0,0,0,0,0,0,74.6028579711914,0,63.8094291687012,0,0,0,0,2.73934984207153,0,4.2543118596077,4.95050535327667,0,4.6272662652956,8.75571842193603,6.96843414647239,19.7071572446823,60.1999124799456,18.2256198868607,0,22.5655384858449
7.3752725265528,0,12.0096390247345,81.017204284668,0,0,0,0,16.3058235168457,0,0,0,0,0,17.4820213317871,0,41.4293956756592,0,45.1725381215413,0,0,0,0,0,3.86919498443604,0,0,0,0,0,0,0,0,0,8.94112004869404,0,15.5169154297222,0,11.4589629732072,0,3.70666023772629,0,7.45085804777189,0,0,0,24.3742074966431,3.66066787583487,0,3.11073368787766,0,0,0,0,17.0673503875732,0,2.92967557907104,0,0,0,2.86842714945475,0,0,0,0,3.27857875823975,0,3.14828947612218,0,33.7438697814941,0,2.72469449043274,0,3.24870104649488,0,0,0,7.48539360940456,0,9.64370110630989,0,9.09800570465294,10.5139352613025,63.7429606119792,8.9765520300184,0,9.8611634581588
0,19.0978704704635,0,28.2023329575857,0,0,0,0,0,14.7497576757242,0,14.7879886477248,0,12.3890873709721,0,10.2657015570279,0,20.6222359675883,23.4451208114624,17.0977347320485,0,9.27918905809701,0,7.36443670590719,0,0,0,0,0,0,0,0,0,0,0,60.5455169677734,3.21464768052101,16.3526593844096,0,7.304160700904,0,13.5177275422332,68.7666717529297,21.4291555616591,0,22.6627359849246,77.252197265625,2.88475060462952,3.11073368787766,0,0,0,0,0,0,23.9661555192908,0,7.90536465222323,0,8.94185199737549,0,6.33605288532045,18.7871377811221,0,6.50638698129093,0,3.30939908663432,0,11.0008411407471,65.1540145874023,0,0,4.92804965647784,0,0,0,0,0,28.5314343316214,91.7892430623372,7.75206763183369,0,15.6095835909469,36.0587825775146,7.85686591892708,16.21198117733,0
0,0,2.74281060695648,0,4.68405362775555,0,4.36901704470317,0,6.21059489250183,0,0,0,0,0,6.30815249681473,0,0,0,0,0,0,0,0,0,0,0,0,0,0,0,0,0,0,0,0,0,10.1496934890747,0,0,0,0,0,0,0,0,0,0,0,0,0,0,0,0,0,0,0,3.09372341204033,0,0,0,7.46793038890047,0,0,11.2214736938477,0,0,0,0,0,0,0,0,0,0,0,0,0,0,0,11.1747941970825,0,0,8.03871854420366,12.8973764364536,0,0,0
0,0,0,0,0,4.33210621897124,0,2.95775890350342,0,0,0,0,0,9.16556476796222,0,11.5971641349792,0,44.6048316955566,0,9.14695636431376,0,0,0,0,0,0,0,0,0,0,0,0,0,0,0,11.1423707008362,0,0,0,0,0,0,0,0,0,0,0,0,0,0,0,0,0,0,0,0,0,3.01190320650736,0,4.99527869905744,0,7.60899046489171,0,0,0,0,0,0,0,0,0,0,0,0,0,0,0,0,0,0,0,0,10.163959683569,12.5458965742682,5.66138224447927,0,0
0,0,0,0,4.58111333847046,0,3.06411471275183,0,0,0,8.03918743133545,0,0,0,0,0,0,0,0,0,10.5453265326364,0,0,0,0,0,0,0,0,0,0,0,0,0,0,0,16.045916112264,0,0,0,0,0,0,0,0,0,0,0,0,0,0,0,0,0,0,0,4.48742415210393,0,0,0,0,0,0,12.7259636658889,0,0,0,0,0,0,0,0,0,0,0,0,0,0,0,12.3761761188507,0,0,4.27353904007265,5.99072710673014,0,0,0
0,0,0,0,0,0,0,3.43746618670087,0,0,0,4.32172335897173,0,0,0,0,0,0,0,5.83073970249721,0,0,0,0,0,0,0,0,0,0,0,0,0,0,0,4.63795328140259,0,0,0,0,0,0,0,0,0,0,0,0,0,0,0,0,0,0,0,0,0,0,0,2.95578213171525,0,0,0,0,0,0,0,0,0,0,0,0,0,0,0,0,0,0,0,0,0,0,4.11627276975717,0,0,0,0
3.35030863132883,0,17.6952836513519,0,4.00704784393311,0,0,0,11.5053161347674,0,0,0,0,115.684616088867,7.37064747559397,0,18.1226479212443,97.2799224853516,33.1113339701007,0,0,0,0,0,13.2945337124418,0,15.3304962065162,0,0,0,0,0,0,0,61.9150695800781,0,28.2330373612461,0,15.3169287941673,0,0,0,16.7212844128879,0,0,0,29.9316763260785,55.7621027628581,17.0673503875732,0,0,0,0,0,0,110.745544433594,6.83741846084595,0,0,0,4.88497133239319,0,0,30.3806845925071,0,0,0,13.5121390372515,0,13.5506058011736,0,0,0,6.90846399827437,0,0,0,63.3365427652995,0,29.3467795174077,0,19.1380027770996,19.5408210670247,20.8355629994319,20.2584997078158,0,38.9844970703125
64.3483047485352,15.5898246215934,0,35.6938373020717,0,0,0,0,0,7.8718923109671,0,33.3025846481323,0,25.1568565368652,0,11.0739354186958,78.1250030517578,14.2807062462587,23.4135545677027,37.0132886001042,0,0,0,4.85889662589346,0,21.1686823050181,0,0,0,0,0,0,0,0,100.086006164551,67.8354187011719,71.8421325683594,40.9339408874512,0,45.4045486450195,0,17.2190596100531,78.6430153846741,24.6443072636922,0,25.3732169015067,69.6765060424805,0,0,23.9661555192908,0,0,0,0,110.745544433594,0,0,32.9522113800049,0,0,0,15.7983145978716,31.738766853383,0,0,0,4.42016771297581,0,24.5408786270354,0,0,0,0,0,0,0,0,0,51.504178943056,79.7961858113607,42.7684814453125,0,16.6982296598172,39.549480369256,23.4892467358718,10.5646364490191,0
6.76673374005726,0,0,0,3.57814294186191,0,3.99991888999939,0,0,0,4.59400938664164,0,5.52074576018754,0,0,0,0,0,0,0,6.62284339115184,0,0,0,0,0,0,0,0,0,2.99264435768127,0,0,0,0,0,0,0,6.44262258152903,0,0,0,11.8358463786897,0,0,0,15.7387257575989,0,2.92967557907104,0,3.09372341204033,0,4.48742415210393,0,6.83741846084595,0,0,0,5.45387224379077,0,4.69682016739478,0,0,10.7607580738631,0,0,0,0,0,5.47116234085777,0,3.75094392213477,0,4.61391228873555,0,0,0,0,0,0,0,5.4855215549469,5.63262511587377,0,6.77730483719797,0,13.881290949308
0,18.4506317547389,0,43.5661315917969,0,4.3494061795492,0,5.32036027454195,0,39.9839100837708,0,5.53685245966755,0,13.1846892126075,0,14.8736115810033,0,32.9848100413447,43.2495369911194,10.714122704864,0,0,0,0,0,0,0,0,0,5.30592973447153,0,0,0,0,0,5.31500720977783,0,9.32826648750038,0,32.4094864527384,0,0,111.604637145996,61.2526664733887,0,17.4771584073703,0,0,0,7.90536465222323,0,3.01190320650736,0,0,0,32.9522113800049,0,0,0,8.76049043278931,0,13.1282732981902,7.25374169437225,0,0,0,0,0,46.4502487182617,0,0,0,3.79047693953168,0,0,0,0,0,69.7175750732422,0,14.5097481822356,0,7.98618422844883,19.2116429060698,11.6945742175693,0,0
2.96319961547852,0,0,0,3.17531943321228,0,0,0,0,0,4.77657843188003,0,4.33375240774716,0,3.83567107064383,0,0,0,0,0,0,0,0,0,0,0,0,0,2.96410703659058,0,0,0,0,0,0,0,0,0,0,0,0,0,0,0,0,0,0,0,0,0,0,0,0,0,0,0,5.45387224379077,0,0,0,3.05808103084564,0,0,0,0,0,0,0,0,0,0,3.29721476554871,0,0,0,0,0,0,0,0,0,0,3.81253418186808,4.46196387753342,0,0,0
0,16.9442378997803,0,0,0,6.98546206488193,0,0,0,0,0,4.30717592992281,0,4.79389438096642,0,8.15010743563338,0,0,0,12.2375797622505,0,0,0,0,0,9.60216233604833,0,5.11791409764971,0,0,0,0,0,0,0,11.8850866953532,0,0,0,0,0,0,0,0,0,0,0,0,0,8.94185199737549,0,4.99527869905744,0,2.95578213171525,0,0,0,8.76049043278931,0,0,0,5.56006412633828,11.1835003994379,0,0,0,0,0,9.99419874959178,0,3.96774374354969,0,0,0,0,0,0,0,0,0,0,0,7.22661261336502,9.81264192565193,12.2338999448678,0,0
7.24600396156311,0,12.6536893844604,0,10.6290664672852,0,0,0,8.20414576890334,0,0,0,3.90388751029968,0,4.36904996639784,0,35.6291225978306,0,43.4995427926381,94.6110076904297,0,0,0,0,9.8833794593811,0,9.35467521349589,0,0,0,0,0,0,0,0,0,22.9652769401591,0,0,0,0,0,49.0647990362985,0,48.1877250671387,0,25.4558906979031,0,2.86842714945475,0,7.46793038890047,0,0,0,4.88497133239319,0,4.69682016739478,0,3.05808103084564,0,0,0,0,23.7899767045052,0,0,0,0,0,3.58725649118423,0,0,0,7.30716238021851,0,0,0,0,0,23.6205111703755,0,0,18.5998563402538,15.8820035265596,21.6961975693703,0,51.1498527526855
0,12.5417870509213,0,39.483679983351,0,8.36971681032862,0,0,0,20.4584305908369,0,21.8864777882894,0,8.94335786998272,0,7.59471343583522,53.9706726074219,16.420334515602,47.9516039106581,24.5086333271471,0,0,0,9.24757020814078,0,10.8088915607717,0,15.984401067098,0,0,0,0,0,0,130.711807250977,25.4942705254806,0,0,0,53.7227210998535,0,43.4116334915161,88.2359733581543,43.3044208526611,0,45.4437607474949,81.2958335876465,0,0,6.33605288532045,0,7.60899046489171,0,0,0,15.7983145978716,0,13.1282732981902,0,5.56006412633828,0,0,31.6912022189818,0,0,0,27.1593821048737,0,12.3441778586461,0,0,0,0,0,0,0,0,0,49.2896325247628,80.2788467407227,66.1273295084635,0,19.1720790212154,23.9747602683889,22.9127702330643,53.2953414916992,0
0,32.0938931536083,0,17.7964147113074,0,0,0,6.79155345295751,74.432975769043,29.9640581624971,0,9.49013504892866,0,93.5518760681152,0,24.0800152799509,76.6493391036987,37.8468653943057,38.3129404062547,9.67254686289962,0,0,0,42.657642364502,89.3699264526367,65.5349311828613,0,78.0403480529785,0,0,0,0,0,0,118.087139129639,7.67508521528219,90.4068832397461,8.12524339977218,94.3951187133789,24.6095651626587,0,26.4944076725931,93.4383115768433,22.9558925968393,0,13.1530739314183,89.8739884320427,0,0,18.7871377811221,0,0,0,0,0,31.738766853383,0,7.25374169437225,0,11.1835003994379,0,31.6912022189818,0,91.1700439453125,0,0,48.5371505737305,0,51.3537968529595,0,0,0,0,0,0,0,0,95.4978332519531,13.0997058650786,90.6526752048069,12.7625158079527,93.5224380493164,30.956206175192,45.4575865834632,20.0894150091921,21.7877100568069,0
12.2637769176114,0,18.8028774261475,0,10.2097240216804,0,8.82996602556599,0,22.1903162683759,0,8.49444322177538,0,16.5086479187012,0,25.762066595895,0,48.3387470245361,0,43.795794078282,0,5.07116948388685,0,0,0,0,0,43.4282722473145,0,0,0,0,0,0,0,0,0,6.34637109841346,0,7.89273845510823,0,0,0,14.2136500211266,0,0,0,4.77211334993831,0,0,0,11.2214736938477,0,12.7259636658889,0,30.3806845925071,0,10.7607580738631,0,0,0,23.7899767045052,0,91.1700439453125,0,0,0,0,54.4156366984049,0,48.7025337219238,0,0,0,0,0,0,0,0,0,6.5892957188189,0,7.75466556806822,7.07515470592767,14.1265138444446,6.78634179720269,0,15.0529052019119
0,0,0,0,0,0,0,0,0,0,0,0,0,0,0,0,0,9.10314174772619,0,0,0,5.19442243269627,4.80947041511536,15.915264993607,0,9.14845867482772,0,6.37290024623817,0,0,0,0,0,0,0,0,0,3.59896540641785,0,0,0,0,0,0,0,0,0,0,0,6.50638698129093,0,0,0,0,0,0,0,0,0,0,0,0,0,0,0,0,4.44904788012977,0,10.3435588228075,0,5.95835474506021,0,0,0,0,0,0,0,0,0,6.9272563644484,0,4.70912608889972,4.2098089671201,0,0,0
0,0,0,0,0,0,0,0,0,0,0,0,0,0,0,0,10.5943960198403,0,0,0,0,4.17402661698205,4.90156063902386,0,4.32716387968797,0,10.8666027386983,0,4.43678035736084,0,0,0,0,0,0,0,0,0,11.2746614309458,0,0,0,0,0,0,0,0,0,3.27857875823975,0,0,0,0,0,0,0,0,0,0,0,0,0,0,0,0,0,0,0,0,5.38088347361638,0,0,0,0,0,0,0,0,0,0,0,2.87201418479284,5.76975637632059,6.90671788011506,0,0,0
0,10.6068465142023,0,39.6397318840027,0,0,0,0,0,4.89117947982175,0,0,0,38.9995410919189,0,25.900149216523,20.2376250235931,10.3758543686949,14.9833287133111,0,0,4.75877992155338,0,4.97514191992473,0,5.66815609363622,0,20.0544567108154,0,0,0,0,0,0,0,0,0,6.66109492327716,0,0,0,10.3194880594734,33.3055458068848,18.6227588856474,0,0,0,0,0,3.30939908663432,0,0,0,0,0,4.42016771297581,0,0,0,0,0,27.1593821048737,48.5371505737305,0,4.44904788012977,0,0,0,8.33297144230657,0,0,0,0,0,0,0,0,0,47.6018142700195,0,7.37172676654572,0,8.9613745351981,29.5063631013892,12.4739742605819,9.44976038282568,0
2.94132709503174,0,0,79.7634162902832,0,0,0,0,16.5243436098099,0,0,0,0,0,25.093518614769,0,25.3275101857308,54.0326042175293,32.5542397807828,103.942268371582,0,0,3.40602139631907,0,3.83367244437733,0,9.00637925440265,0,0,0,0,0,0,0,76.7300084431966,0,54.2241268157959,0,6.17612501588791,0,0,0,25.1026197846173,34.8106498718262,28.8769521713257,0,51.5997185958059,74.6028579711914,3.14828947612218,0,0,0,0,0,13.5121390372515,0,0,0,0,0,0,0,0,54.4156366984049,0,0,0,0,0,7.85231272776922,0,0,0,0,0,0,0,77.5039367675781,0,54.3814460754395,0,21.0273532470067,13.0795902693691,38.5888631781753,39.2142590826208,0,33.9306409835815
0,34.8142652864809,0,55.654821395874,0,0,0,0,0,26.9224966049194,0,48.1705352783203,0,10.3771618885316,0,12.8312918450505,31.57068790089,16.7606499276418,34.9824993994928,49.6572297414144,0,11.77810453251,0,7.59606963354914,0,6.0203870723122,0,9.2024948131079,0,0,0,0,0,0,0,45.3224029541016,96.4918670654297,0,0,0,0,16.5091734070709,91.9362335205078,56.0947480201721,0,48.7353991553897,95.3327827453613,0,0,11.0008411407471,0,0,0,0,0,24.5408786270354,0,46.4502487182617,0,9.99419874959178,0,12.3441778586461,51.3537968529595,0,10.3435588228075,0,8.33297144230657,0,0,0,5.12495597753558,0,0,0,0,0,0,0,74.0156211853027,0,59.3707580566406,0,21.3209223421994,22.8594845231838,13.9366308105879,25.346074740092,0
