0,0,11.6673531383276,0,0,0,0,0,43.5044902861118,0,0,0,0,0,0,0,0,0,0,0,0.154798611998558,0,0,0,0,0,0,0,0,0,0,0,0,0,0,0,0,0,0,0,0,0,0.60813108086586,0,0,0,9.95943884551525,0,94.2451974153519,0,0,0,0,0,19.2780440151691,0,1.33809454739094,0,0,0,0,0,0,2.44390707463026,0,0,0,0,0,0,0,0,0,0.736483231186867,0,0,0,0,0,0,0,0.318103224039078,0,0,16.632501617074,0,0
0,0,0,114.291744157672,0,0,0,0,0,430.652396842837,0,0,0,0.917596936225891,0,5.48182688653469,0,18.3514510765672,115.905167922378,0,0,0,0,0.374517932534218,0,3.42881512641907,0,0,0,0,0,0,0,0,0,0,0,6.67635167390108,0,0,0,166.779817640781,0,0.682390689849854,0,0,0,0,0,152.397071957588,0,0,0,0,0,342.779139559716,0,0.840877771377563,0,6.16611160337925,0,4.71314734965563,0,0,0,0,14.7522566989064,0,2.37640435248613,0,1.10165258497,0,15.2232846319675,0,0,0,0,0,0,0,47.4266773313284,0,241.19167163223,3.48930788040161,322.359094075859,2.11969876289368,0
11.6673531383276,0,0,0,119.552813649178,0,0,0,104.602533921599,0,0,0,0,0,0,0,0.621720135211945,0,1.99572682380676,0,0,0,0,0,0,0,0,0,0,0,0,0,0,0,0,0,0,0,0,0,0,0,45.9043636843562,0,0,0,14.5718109607697,0,29.9404456242919,0,37.0850547552109,0,0,0,48.7017842233181,0,49.7448943257332,0,37.5734817236662,0,1.09338369965553,0,0,9.72344250977039,0,0,0,0,0,0,0,0.262360841035843,0,6.54199832677841,0,0,0,0,0,0,0,0.406408205628395,59.9954297691584,0,350.106687769294,0,0
0,114.291744157672,0,0,0,175.660725221038,0,0,0,490.828820079565,0,0,0,0,0,0,0.373433798551559,0.586965799331665,9.8229358419776,0,0,0,0,0,0,0,0,0,0,0,0,0,0,0,0,3.54163360595703,0,0,0,0,0,108.12912145257,0.149329826235771,0.431839287281036,0,33.5196293145418,0,0,0,62.2127428203821,0,246.02620446682,0,0,0,200.910461038351,0,17.0211180597544,0,40.237791031599,0,3.7083101272583,12.46766500175,0,0,0,0,0,0,0,6.72826368361712,0,16.1566831320524,0,0,0,0,0,0,0,2.1957593858242,0,155.141441762447,0,942.666684105992,0,0
0,0,119.552813649178,0,0,0,1.36165750026703,0,97.8168190717697,0,0,0,0,0,0,0,0,0,0,0,44.9938655644655,0,0,0,0,0,0,0,0,0,0,0,0,0,0,0,0.192841187119484,0,0,0,0,0,0,0,0,0,35.3720490336418,0,0,0,57.2850501090288,0,0,0,4.53931379318237,0,4.9987864792347,0,0,0,0,0,0,28.4829073697329,0,0,0,0,0,0,0,0,0,0,0,0,0,0,0,0.746428310871124,0,0,283.600254759192,33.9910225868225,192.037295386195,0,0
0,0,0,175.660725221038,0,0,0,0,0,72.3794506788254,0,1.93861004710197,0,0,0,0,0,0,0,0,0,0,0,0,0,0,0,0,0,0,0,0,0,0,0,9.83614420890808,0,0,0,0,0,0.810360699892044,0,0,0,1.08566597104073,0,0,0,0.223347380757332,0,313.798187255859,0,0,0,23.0320125818253,0,10.0488414466381,0,0,0,18.1390083432198,7.05674076080322,0,0,0,0,0,0,0,0,0,0.334391698241234,0,0,0,0,0,0,0,0,0,749.578320473433,0,168.186942234635,0,0
0,0,0,0,1.36165750026703,0,0,0,0,0,53.5164350271225,0,0,0,0,0,0,0,0,0,30.0191899240017,0,0,0,0,0,0,0,0,0,0,0,0,0,0,0,0,0,0,0,0,0,0,0,0,0,0,0,0,0,1.8554153740406,0,132.386600613594,0,0,0,96.6247717142105,0,0,0,0,0,0,0,0,0,0,0,0,0,0,0,0,0,0,0,0,0,0,0,0,0,57.1448606550694,0,0,0,0
0,0,0,0,0,0,0,0,0,0,0,36.8827330768108,0,0,0,0,0,0,0,135.035679936409,0,0,0,0,0,0,0,0,0,0,0,0,0,0,0,0,0,0,0,0,0,0,0,0,0,0,0,0,0,0,0,0,0,22.5797832608223,0,0,0,107.596766889095,0,0,0,0,155.300369918346,0,0,0,0,0,0,0,0,0,0,0,0,0,0,0,0,0,0,0,21.8582396507263,0,0,0,0
43.5044902861118,0,104.602533921599,0,97.8168190717697,0,0,0,0,0,0,0,0,0,34.2680706977844,0,208.226849541068,0.50742694735527,18.7794401347637,0,0,0,0.248203188180923,0,5.46606014668941,0,0.376523047685623,0,0,0,0,0,0,0,0,0,0,0,3.70843780040741,0,0,0.158122390508652,2.7614734172821,2.96478748321533,0,0,0,0,0,0,23.9899886846542,0,0,0,38.7660690248013,0,26.8574795126915,0,53.4265450835228,0,26.4884850978851,0,0,0,0,0,0,0.886133790016174,0,0,0,0,0,1.06505772471428,0,0,0,0,0,0,0,7.08849522471428,125.788709953427,0,7.71921940147877,0,0
0,430.652396842837,0,490.828820079565,0,72.3794506788254,0,0,0,0,0,0,0,0,0,266.644163876772,8.82154846191406,154.045172140002,22.6214438825846,0,0,0.319689452648163,0,1.77599242329597,0,0.899718642234802,0,0,0,0,0,0,0,0,0,0,0,4.59464737772942,0,0,0,8.56755344569683,0,0,0,0,0,0,0,55.1201370805502,0,7.18180984258652,0,0,0,156.109357260168,0,0,0,0.102464400231838,0,7.0905798971653,3.33455862104893,0,1.3104761838913,0,19.5141826793551,0,2.51953033357859,0,0,0,0,0,0,0,0,0,0,0,5.15758985280991,0,582.449973598123,136.980899691582,60.7529369592667,0,0
0,0,0,0,0,0,53.5164350271225,0,0,0,0,0,493.890094012022,0,0,0,0,0,0.645221248269081,0,620.512130483985,0,0,0,0,0,0,0,0,0,59.2920849323273,0,0,0,0,0,127.368577346206,0,2020.79490089417,0,0,0,0.221706300973892,0,0,0,1.67604923248291,0,0,0,0,0,22.8259483575821,0,0,0,1003.45812167227,0,374.811746351421,0,0,0,0,304.221187233925,0,0,0,0,0,0,0,0,0,12.708607673645,0,0,0,0,0,44.7029398530722,0,473.904376357794,1187.77716649324,0,7.56040044128895,0,0
0,0,0,0,0,1.93861004710197,0,36.8827330768108,0,0,0,0,0,681.646009743214,0,0,0,0,0,57.9904909133911,0,0,0,0,0,0,0,4.6659140586853,0,86.8457767963409,0,0,0,0,0,91.9981564283371,0,573.384155869484,0,0,0,0,0,0,0,0,0,0,0,0,0,0,0,124.491823643446,0,0,0,1343.41899360716,0,417.10468877852,0,0,69.71136033535,0,0,0,0,0,0,0,0.421009719371796,0,175.755293875933,0,0,0,0,0,12.4364946484566,0,84.9090150892735,0,80.2259822487831,0,0,0,0
0,0,0,0,0,0,0,0,0,0,493.890094012022,0,0,0,23.0040459036827,0,9.26474256813526,0,0,0,0,0,0,0,0,0,0.770916000008583,0,112.370411574841,0,0,0,0,0,0,0,0,0,0,0,0,0,0,0,0,0,0,0,0,0,0,0,0,0,0,0,25.5267369151115,0,1244.20585492253,0,0,0,0,0,0,0,0,0,0,0,0,0,0,0,0,0,0,0,0,0,0,0,158.601726837456,261.90119767189,0,0,0
0,0.917596936225891,0,0,0,0,0,0,0,0,0,681.646009743214,0,0,0,7.70179027318954,0,0,0,0,0,0,0,0,0,83.9245384931564,0,13.9619497805834,0,27.8485018014908,0,0,0,0,0,0,0,0,0,0,0,0,0,0,0,0,0,0,0,0,0,0,0,0,0,0,0,386.882414698601,0,1728.12943609059,0,10.6217081397772,0,0,0,0,0,0,4.92745077610016,0,2.57301998138428,0,3.82687366008759,0,0,0,0,0,0,0,0,0,447.859207212925,264.062273353338,0,0,0
0,0,0,0,0,0,0,0,34.2680706977844,0,0,0,23.0040459036827,0,0,0,10.1476651579142,0,22.1458278894424,0,0,0,0,0,0,0,0.296104520559311,0,0,0,0,0,0,0,0,0,0,0,0,0,0,0,0,0,0,0,3.35049331188202,0,0,0,1,0,0,0,0,0,0.333733916282654,0,64.7622527182102,0,10.9449599981308,0,0,0,0,0,0,0,0,0,0,0,0,0,0,0,0,0,0,0,0,0,0.278241336345673,0,0,0,0
0,5.48182688653469,0,0,0,0,0,0,0,266.644163876772,0,0,0,7.70179027318954,0,0,0,218.414507597685,9.43522948026657,0,0,0,0,0,0,2.50743954628706,0,0,0,0,0,0,0,0,0,0,0,4.24608667194843,0,0,0,1.81627389788628,0,1.45564091205597,0,0,0,0,0,0,0,1.52716100215912,0,0,0,190.540373113006,0,0,0,82.4534489586949,0,42.9693148210645,0,0,0,0,10.2107052728534,0,1.69667249917984,0,0,0,0,0,0,0,0,0,0,0,2.17208053916693,0,151.062785342336,27.2519579231739,0.813536062836647,1.18707764148712,0
0,0,0.621720135211945,0.373433798551559,0,0,0,0,208.226849541068,8.82154846191406,0,0,9.26474256813526,0,10.1476651579142,0,0,3629.74446547031,4138.105401963,0,0,0,293.917561978102,0,96.5222366899252,2.45515584945679,1193.20397338271,0,45.7170735746622,0,0,0,0,0,0,0,0,0,2.40709513425827,0,0.149760469794273,60.278894290328,218.186770312488,22.997861161828,5.93951378762722,0,160.214679375291,0,0,0,0,0,0,0,35.8383734822273,0,37.2820210009813,0,3.52273453772068,0,88.8453206121922,0,0,16.8832028433681,4.69307947158813,86.0803899765015,7.57563608884811,58.8859579861164,0,175.902470394969,1.10981836915016,18.9038684815168,4.21678494662046,27.0815632045269,0,0,0,0,0,0.46110762655735,3.3495724350214,59.1210962533951,3694.83152023703,222.856634512544,306.342719994485,55.7935470044613,107.125636965036
0,18.3514510765672,0,0.586965799331665,0,0,0,0,0.50742694735527,154.045172140002,0,0,0,0,0,218.414507597685,3629.74446547031,0,4441.6073403284,0,0,449.332862913609,0,133.19833137095,4.99198007583618,987.918915316463,0,2,0,0,0,0,0,0,0,0,0,0,0,0,0,271.921517193317,48.7092766985297,131.455571323633,0.833843931555748,5.87715320289135,39.5185205340385,0,0,0.854939706623554,0,0,0,0,0,74.3603207468987,2.44988115131855,1.07815332710743,0,0,0,26.0513517409563,0,0.950306206941605,111.330205127597,0,79.9445068091154,0,11.8188504874706,0,7.5921333283186,0,18.244677901268,2.25949181616306,0,0,0,0,0,0,7.05579457432032,0.309156477451324,1941.47203732282,202.095338284969,274.759375579655,109.843980535865,10.3817279487848
0,115.905167922378,1.99572682380676,9.8229358419776,0,0,0,0,18.7794401347637,22.6214438825846,0.645221248269081,0,0,0,22.1458278894424,9.43522948026657,4138.105401963,4441.6073403284,0,0,0.229292973875999,8.32187038660049,0,7.39209733903408,35.7529331892729,0.735592603683472,31.5424893647432,0,0,0,0.886436760425568,0,0,0,0,0,0,0,2.2072562277317,2.23923517763615,1.78971880674362,1079.30289168656,889.762245096266,864.235872112215,12.5838379114866,40.7252220362425,2137.18712043017,0,0,2.36876524984837,0,0,0,0,0,0.228851467370987,145.805077835917,7.1905082911253,0,0,10.5040383934975,2.82694935798645,0,60.0227718576789,6.40818344056606,0.907636106014252,3.27422893047333,2.23701691627502,0,1.40824419260025,17.8349509909749,2.11476657539606,66.5618855282664,64.4400508701801,0,0,0,0,0,2.13894060254097,35.936471119523,28.6254475563765,2416.91683486104,5.79733660817146,3105.04393312335,454.871492184699,269.386694304645
0,0,0,0,0,0,0,135.035679936409,0,0,0,57.9904909133911,0,0,0,0,0,0,0,0,0,0,0,0,0,0,0,0,0,0,0,0,0,0,0,1259.04131014645,0,1.58258391916752,0,0,0,0,0,0,0,0,0,0,0,0,0,0,0,0,0,0,0,0,0,0,0,0,1033.73620486259,0,0,0,0,0,0,0,0,0,0,0,0,0,0,0,310.977466210723,0,0,0,60.8715968132019,0,0,0,0
0.154798611998558,0,0,0,44.9938655644655,0,30.0191899240017,0,0,0,620.512130483985,0,0,0,0,0,0,0,0.229292973875999,0,0,0,0,0,0,0,0,0,0,0,0.396309301257133,0,0,0,0,0,1194.7906075716,0,85.8539695441723,0,0,0,0,0,0,0,1.28472916781902,0,0,0,63.1502862274647,0,31.7035646140575,0,0,0,43.9565322995186,0,0,0,0,0,0,236.970856443048,0,0,0,0,0,0,0,0,0,1.67986389994621,0,0,0,0,0,789.279420137405,0,0.958173155784607,849.336278676987,14.5884081274271,51.2013515681028,0,0
0,0,0,0,0,0,0,0,0,0.319689452648163,0,0,0,0,0,0,0,449.332862913609,8.32187038660049,0,0,0,732.290302872658,22.7811877727509,0,24.9491031169891,0,35.8402951359749,0,0,0,0,0,0,0,0,0,403.190007671714,0,0,0,0,0,0.405065387487411,0,0,0,0,0,7.94496700167656,0,0,0,0,0,0,0,0,0,0,0,0,0,0,3886.39746849239,0,6.33709073066711,0,12.4589419364929,0,19.3539066314697,0,0,0,0,0,0,0,0,0,658.998641133308,0,1070.03234156966,215.800902098417,0.503154501318932,0,0
0,0,0,0,0,0,0,0,0.248203188180923,0,0,0,0,0,0,0,293.917561978102,0,0,0,0,732.290302872658,0,0,43.7903755903244,0,0.774164199829102,0,189.97393143177,0,0,0,0,0,0,0,0,0,815.749159812927,0,0,0.188983201980591,0,0,0,0,0,0,0,0,0,0,0,0,0,0,0,0,0,0,0,0,0,0,40.0599519908428,10323.6123643368,0,108.320254087448,0,0,0,109.069678246975,0,0,0,0,0,0,0,0,0,779.904300421476,1682.14735871553,1522.64751949906,0,0,0
0,0.374517932534218,0,0,0,0,0,0,0,1.77599242329597,0,0,0,0,0,0,0,133.19833137095,7.39209733903408,0,0,22.7811877727509,0,0,0,43.00368706882,0,0,0,0,0,0,0,0,0,0,0,330.335592776537,0,0,0,4.36071559786797,0,0,0,0,0,0,0,1.34746035933495,0,0,0,0,0,2.09226609021425,0,0,0,0.530066668987274,0,0.556939646601677,0,0,0,0,80.416485697031,0,25.7592434436083,0,0.14507557451725,0,0,0,0,0,0,0,0,0,146.14664684236,0,287.924407526851,0,23.1683749333024,0,0
0,0,0,0,0,0,0,0,5.46606014668941,0,0,0,0,0,0,0,96.5222366899252,4.99198007583618,35.7529331892729,0,0,0,43.7903755903244,0,0,0,107.325911402702,0,0,0,0,0,0,0,0,0,0,0,312.623790219426,0,0,1.63319432735443,2.17955541610718,0,0,0,0,0,0,0,0,0,0,0,0,0,0,0,18.999324195087,0,38.3750372976065,0,0,0,0,1.74316310882568,0,345.749060183764,0,178.909388929605,0,0,0.183973267674446,0,0,0,0,0,0,0,0,30.0059083104134,116.11517880857,0.195623308420181,0,5.83202116191387,0
0,3.42881512641907,0,0,0,0,0,0,0,0.899718642234802,0,0,0,83.9245384931564,0,2.50743954628706,2.45515584945679,987.918915316463,0.735592603683472,0,0,24.9491031169891,0,43.00368706882,0,0,0,0,0,0,0,0,0,0,0,0,0,3.32109561562538,0,0,0,0,0,0,0,0,0,0,0,0,0,0,0,0,0,15.9466497786343,0,0,0,101.54578807205,0,9.75914458930492,0,0,116.86466884613,0,69.9567963778973,0,1.21766865253448,0,0.191341668367386,0,0.441075533628464,0,0,0,0,0,0,0,5.45955684781075,0,5.12910330295563,0.354563415050507,0.169779315590858,0,0
0,0,0,0,0,0,0,0,0.376523047685623,0,0,0,0.770916000008583,0,0.296104520559311,0,1193.20397338271,0,31.5424893647432,0,0,0,0.774164199829102,0,107.325911402702,0,0,0,2.03422278165817,0,0,0,0,0,0,0,0,0,0.278666436672211,0,0,0,0.67676106095314,0,0,0,0,0,0,0,0,0,0,0,0.66967761516571,0,0,0,29.5685815811157,0,23.6299132108688,0,0,0,0,0,0,68.1393290162086,0,246.740952149034,0,0,0,0,0,0,0,0,0,0,0,1.03510272502899,104.711811989546,0.812993466854095,1.67092441022396,0,0
0,0,0,0,0,0,0,0,0,0,0,4.6659140586853,0,13.9619497805834,0,0,0,2,0,0,0,35.8402951359749,0,0,0,0,0,0,0,919.432146668434,0,0,0,0,0,0,0,120.411628007889,0,0,0,0,0,0,0,0,0,0,0,0,0,0,0,0,0,0,0,0,0,178.690726563334,0,0,0,0,45.0569590628147,0,0,0,65.9739376306534,0,1728.76789578795,0,155.498241662979,0,0,0,0,0,0,0,5.36804533004761,0,86.2487231492996,7.36900064349174,0,0,0
0,0,0,0,0,0,0,0,0,0,0,0,112.370411574841,0,0,0,45.7170735746622,0,0,0,0,0,189.97393143177,0,0,0,2.03422278165817,0,0,0,36.1798508167267,0,0,0,0,0,0,0,561.662102043629,0,0,0,0,0,0,0,0,0,0,0,0,0,0,0,0,0,0,0,231.657970786095,0,0,0,0,0,0,4.74719822406769,0,0,0,0,0,2446.82468387485,0,1.10007071495056,0,0,0,0,0,0,0,69.5683034360409,725.853966608644,435.288062602282,0,0,0
0,0,0,0,0,0,0,0,0,0,0,86.8457767963409,0,27.8485018014908,0,0,0,0,0,0,0,0,0,0,0,0,0,919.432146668434,0,0,0,0,0,0,0,0,0,1054.29449148476,0,0,0,0,0,0,0,0,0,0,0,0,0,0,0,0,0,0,0,17.9467395395041,0,16.0251047611237,0,0,0,0,0,0,0,0,0,0,438.886916637421,0,135.55977678299,0,0,0,0,0,0,0,259.164063930511,0,67.2110974192619,0,0,0,0
0,0,0,0,0,0,0,0,0,0,59.2920849323273,0,0,0,0,0,0,0,0.886436760425568,0,0.396309301257133,0,0,0,0,0,0,0,36.1798508167267,0,0,0,0,0,0,0,0,0,154.934820771217,0,0,0,0.280402511358261,0,0,0,2.64082360267639,0,0,0,0,0,0,0,0,0,71.2196300476789,0,0,0,0,0,0,19.7291671037674,0,0,0,0,0,0,0,0,0,279.873894229531,0,0,0,0,0,0,0,28.7026539593935,0.476468153297901,0,0.742468938231468,0,0
0,0,0,0,0,0,0,0,0,0,0,0,0,0,0,0,0,0,0,0,0,0,0,0,0,0,0,0,0,0,0,0,1546.73373524845,35.1073248684406,0,410.243323609233,79.3021261096001,0,0,0,0,0,0,0,0,0,0,785.002853833139,0.169377669692039,0,0,0,0,0,0,0,0,0,0,0,0,0,0,0,0,0,0,0,0,0,0,0,0,0,665.52214409411,840.003816857934,12.7165783643723,0,248.683411642909,201.431032553315,0,0,169.821635574102,0,0,0,0
0,0,0,0,0,0,0,0,0,0,0,0,0,0,0,0,0,0,0,0,0,0,0,0,0,0,0,0,0,0,0,1546.73373524845,0,12.5322749316692,19.6931377649307,27.2280428409576,262.103834211826,0,0,0,0,0,0,0,0,0,0,576.46565066278,0,0,0,0,0,0,0,0,0,0,0,0,0,0,0,0,0,0,0,0,0,0,0,0,0,0,356.831867039204,723.909324124455,9.64285480976105,7.99141120910645,103.253849521279,903.141744941473,0,0,108.719402134418,0,0,0,0
0,0,0,0,0,0,0,0,0,0,0,0,0,0,0,0,0,0,0,0,0,0,0,0,0,0,0,0,0,0,0,35.1073248684406,12.5322749316692,0,2402.75053878874,474.763530313969,0,316.553377375007,73.3929785639048,0,0,0,0,0,0,0,0,939.477036386728,10.2249671220779,0,0,0,0,0,0,0.178552746772766,0,0,0,0,0,0,0,0,0,0,0,0,0,0,0,0,0,0,59.8202339708805,77.6971026360989,2201.6561069563,2298.07505095005,65.8926337212324,0.435247540473938,53.3813406229019,125.240890726447,411.221972063184,1.2245919406414,0.967844903469086,0,0
0,0,0,0,0,0,0,0,0,0,0,0,0,0,0,0,0,0,0,0,0,0,0,0,0,0,0,0,0,0,0,0,19.6931377649307,2402.75053878874,0,0,415.190794438124,108.546300411224,385.875524051487,0,0,0,0,0,0,0,0,908.539873123169,2.92370682954788,0,0,0,0,0,0,0,0,0,0,0,0,0,0,0,0,0,0,0,0,0,0,0,0,0,0,95.4396889805794,196.569334417582,1628.39388825744,0,254.123619705439,11.0459107160568,223.244719818234,205.489414550364,0,0,0,0
0,0,0,3.54163360595703,0,9.83614420890808,0,0,0,0,0,91.9981564283371,0,0,0,0,0,0,0,1259.04131014645,0,0,0,0,0,0,0,0,0,0,0,410.243323609233,27.2280428409576,474.763530313969,0,0,1556.96646205336,1145.62781626731,51.7618566155434,43.6633970737457,0,0,0,0,0,1.44836115837097,0.859005808830261,8.23080991208553,0,79.7606129199266,0,0,0,0,0,0,0,0.484893918037415,0,0,0,0,591.836667269468,0,0,0,0,0,0,0,0,0,0,0,341.054699018598,9.05914309620857,476.176925092936,0,16947.570610784,1198.22950603068,228.029007099569,6.62802907824516,3308.18660013378,1076.00246009231,208.907610081136,0,0
0,0,0,0,0.192841187119484,0,0,0,0,0,127.368577346206,0,0,0,0,0,0,0,0,0,1194.7906075716,0,0,0,0,0,0,0,0,0,0,79.3021261096001,262.103834211826,0,415.190794438124,1556.96646205336,0,3.26224602758884,1251.45379003137,0,21.5228509306908,0,0,4.26032543182373,0,0,19.9696137309074,0,86.6496521607041,5.23277771472931,0.202419981360435,0,0,0,0,0,11.2531542778015,0,0,0,0,0,0,94.6634232848883,0,0,0,0,0,0,0,0,0,0,28.0969338715076,106.225922688842,0,47.2203348875046,224.627294510603,16110.1203155294,0,271.187239848077,4256.75471559167,1211.39968040586,223.97464980185,0,0
0,6.67635167390108,0,0,0,0,0,0,0,4.59464737772942,0,573.384155869484,0,0,0,4.24608667194843,0,0,0,1.58258391916752,0,403.190007671714,0,330.335592776537,0,3.32109561562538,0,120.411628007889,0,1054.29449148476,0,0,0,316.553377375007,108.546300411224,1145.62781626731,3.26224602758884,0,1364.90755434334,0,0,3.02086973190308,0,0,0,0,0,1219.50487844646,1.60529607534409,76.0851722210646,0,0,0,0,0,70.6010272204876,0,653.541103929281,0,0,0,2.07267816364765,8.4953600615263,0,176.967823013663,0,301.816231817007,0,5.70524033904076,0,134.614483892918,0,671.853054210544,0,0,0,270.387145519257,147.12787592411,2603.97924995422,0.312887907028198,12457.3012908176,588.850384786725,1691.80318533629,271.060463622212,25.5352557823062,0,0
0,0,0,0,0,0,0,0,3.70843780040741,0,2020.79490089417,0,0,0,0,0,2.40709513425827,0,2.2072562277317,0,85.8539695441723,0,815.749159812927,0,312.623790219426,0,0.278666436672211,0,561.662102043629,0,154.934820771217,0,0,73.3929785639048,385.875524051487,51.7618566155434,1251.45379003137,1364.90755434334,0,0,0,0,31.8638463020325,0,0,0,3.06731405854225,667.157359629869,370.88596843183,0,0,0,0,0,14.6509053111076,0,438.371567115188,0,23.5606671571732,0,0,0,0,15.3829461783171,0,366.436460658908,0,355.865230560303,0,0.869547218084335,0,52.2404924035072,0,120.560512080789,0,0,0,495.250808045268,0,775.079443477094,13.718353509903,14048.9081335217,1952.49832101911,108.706519782543,116.858018651605,0,0
0,0,0,0,0,0,0,0,0,0,0,0,0,0,0,0,0,0,2.23923517763615,0,0,0,0,0,0,0,0,0,0,0,0,0,0,0,0,43.6633970737457,0,0,0,0,0,470.356106162071,0,0,0,433.945586889982,0,11.728880032897,0,260.843662962317,0,0,0,0,0,0,0,0,0,0,0,0,307.201892182231,0,0,0,0,0,0,0,0,0,0,0,0,0,0,0,599.673300072551,0,0,0,19.5944197028875,0,3384.61941560358,126.280429363251,0
0,0,0,0,0,0,0,0,0,0,0,0,0,0,0,0,0.149760469794273,0,1.78971880674362,0,0,0,0,0,0,0,0,0,0,0,0,0,0,0,0,0,21.5228509306908,0,0,0,0,0.838835120201111,36.0172547101974,0,0,0.391917124390602,1369.08529470861,37.6581926420331,263.612224340439,0.178252011537552,0,0,0,0,0,0,2.12477931380272,0,0,0,0,0,0,400.337558925152,0,0,0,0,0,0,0,0.185337424278259,0,0.212615594267845,0,0,0,0,1.5256712436676,312.454248845577,0,0.20227175951004,4.80629235506058,3.05501152575016,1896.38689212501,0,7.76220336556435
0,166.779817640781,0,108.12912145257,0,0.810360699892044,0,0,0.158122390508652,8.56755344569683,0,0,0,0,0,1.81627389788628,60.278894290328,271.921517193317,1079.30289168656,0,0,0,0.188983201980591,4.36071559786797,1.63319432735443,0,0,0,0,0,0,0,0,0,0,0,0,3.02086973190308,0,470.356106162071,0.838835120201111,0,433.217413961887,176.833011716604,1.78328731656075,27.7493161857128,10.4044074565172,7.55400064587593,0.291177153587341,356.28371399641,0,0.391589879989624,0,0,0,18.6550114303827,1.09459683299065,52.0570877790451,0,11.249476224184,0,3.97937308996916,0.684467613697052,0.174173519015312,0,0,55.9763829559088,0,5.31600295007229,0,57.621521294117,0,336.406682103872,0.44910492002964,0,2.54242372512817,0,0,79.7790677845478,0,114.164165571332,0.98730880022049,1354.5282684043,0.551333487033844,6038.5788429305,734.442559964955,4.0739777982235
0.60813108086586,0,45.9043636843562,0.149329826235771,0,0,0,0,2.7614734172821,0,0.221706300973892,0,0,0,0,0,218.186770312488,48.7092766985297,889.762245096266,0,0,0,0,0,2.17955541610718,0,0.67676106095314,0,0,0,0.280402511358261,0,0,0,0,0,0,0,31.8638463020325,0,36.0172547101974,433.217413961887,0,15.920557141304,6.83063194155693,1.20086915791035,426.110918372869,73.5868723392487,249.738344982266,8.46363152563572,0,0,0,0,0,0,1818.14053229988,0,10.7706390023232,0,0,0,0,208.657920390368,0,0,0,10.3443918824196,0,4.44283139705658,0.848720565438271,46.5646478533745,4.12007761001587,130.756106242537,0,0,0,0,0,17.2891265749931,0.102966547012329,59.2391538470984,972.717932574451,6.4500574618578,5143.4464283213,17.289655841887,627.542296648026
0,0.682390689849854,0,0.431839287281036,0,0,0,0,2.96478748321533,0,0,0,0,0,0,1.45564091205597,22.997861161828,131.455571323633,864.235872112215,0,0,0.405065387487411,0,0,0,0,0,0,0,0,0,0,0,0,0,0,4.26032543182373,0,0,0,0,176.833011716604,15.920557141304,0,0,10.2036503553391,12.6047976016998,0,0,0,0,0,0,0,0,0,0.23848195374012,0.558558493852615,0,0,0,0,0,0.968325674533844,0,0,0,0,0,0,1.68690547347069,0,5.74487546086311,0,0,0,0,0,0,0,7.4564967751503,0.407260000705719,150.164841070771,0,656.53406740725,28.8016052693129,3.39055326581001
0,0,0,0,0,0,0,0,0,0,0,0,0,0,0,0,5.93951378762722,0.833843931555748,12.5838379114866,0,0,0,0,0,0,0,0,0,0,0,0,0,0,0,0,0,0,0,0,0,0,1.78328731656075,6.83063194155693,0,0,0,8.38994401693344,0,0,0,0,0,0,0,0,0,0.134476825594902,0,0,0,0,0,0,0,0,0,0,0,0,0,0,0,0.165407583117485,0,0,0,0,0,0,0,0,0.749198913574219,37.6218030154705,0,49.5626506209373,0,0
0,0,0,33.5196293145418,0,1.08566597104073,0,0,0,0,0,0,0,0,0,0,0,5.87715320289135,40.7252220362425,0,0,0,0,0,0,0,0,0,0,0,0,0,0,0,0,1.44836115837097,0,0,0,433.945586889982,0.391917124390602,27.7493161857128,1.20086915791035,10.2036503553391,0,0,5.7785219848156,0,1.95012211799622,78.1707576662302,0,0.549191445112228,0,0,0,0,0,2.5248683989048,0,0,0,0,461.854490965605,0,0,0,0,0,0,0,4.895029053092,0,47.2149475812912,0,0,0,0,0,868.985851436853,0.649813711643219,17.9292333573103,0,6.98496252298355,0,3799.03553526849,0.194326832890511,0
9.95943884551525,0,14.5718109607697,0,35.3720490336418,0,0,0,0,0,1.67604923248291,0,0,0,3.35049331188202,0,160.214679375291,39.5185205340385,2137.18712043017,0,1.28472916781902,0,0,0,0,0,0,0,0,0,2.64082360267639,0,0,0,0,0.859005808830261,19.9696137309074,0,3.06731405854225,0,1369.08529470861,10.4044074565172,426.110918372869,12.6047976016998,8.38994401693344,5.7785219848156,0,0,52.0649238079786,0.64880108833313,3.30750992894173,0,0,0,0,0,125.176522642374,0,0,0,0,0,0,999.657203838229,0,0,0,0,0,0,0,3.24905960261822,0.319360762834549,101.739132925868,0,0,0,0,0,1135.48099753261,0.164987280964851,34.5983497053385,407.303067915142,0,3890.60128360242,9.60907435417175,58.1156864464283
0,0,0,0,0,0,0,0,0,0,0,0,0,0,0,0,0,0,0,0,0,0,0,0,0,0,0,0,0,0,0,785.002853833139,576.46565066278,939.477036386728,908.539873123169,8.23080991208553,0,1219.50487844646,667.157359629869,11.728880032897,37.6581926420331,7.55400064587593,73.5868723392487,0,0,0,0,0,1748.88247717917,710.008274659514,0,0,0,0,0,0,0,0,0,0,0,0,0,0,0,0,0,0,0,0,0,0,0,0,1028.34967403114,2441.07594046742,524.567206516862,408.727512657642,3228.01462873071,3397.0171443224,451.40632776916,400.63985593617,2767.82270286977,0.687094807624817,359.847816586494,0,0
94.2451974153519,0,29.9404456242919,0,0,0,0,0,0,0,0,0,0,0,0,0,0,0,0,0,0,0,0,0,0,0,0,0,0,0,0,0.169377669692039,0,10.2249671220779,2.92370682954788,0,86.6496521607041,1.60529607534409,370.88596843183,0,263.612224340439,0.291177153587341,249.738344982266,0,0,1.95012211799622,52.0649238079786,1748.88247717917,0,275.423811092973,0,0,0,0,0,0,42.7299193590879,0,2.68025346845388,0,0.218323178589344,0,0,0.16738885641098,0,0,0,49.4279276877642,0,2.27531956136227,0,11.8112174868584,0,56.5456581711769,0,43.6478063762188,0,61.504015058279,7.10731488466263,776.742842622101,0,128.640121400356,1432.44959677756,7.75492811203003,875.272772282362,0,0
0,152.397071957588,0,62.2127428203821,0,0.223347380757332,0,0,0,55.1201370805502,0,0,0,0,0,0,0,0.854939706623554,2.36876524984837,0,0,7.94496700167656,0,1.34746035933495,0,0,0,0,0,0,0,0,0,0,0,79.7606129199266,5.23277771472931,76.0851722210646,0,260.843662962317,0.178252011537552,356.28371399641,8.46363152563572,0,0,78.1707576662302,0.64880108833313,710.008274659514,275.423811092973,0,0,0,0,0,0,153.143779084086,0,48.7104108482599,0,92.5166442468762,0,34.453036390245,11.2486664950848,0,17.2146968096495,0,30.6222580224276,0,37.2286183536053,0,221.58984041214,0,47.678375788033,0,14.9794244766235,1.73128831386566,7.83735516667366,1.00341629981995,406.094662882388,4.10619279742241,155.735350161791,0,840.060987457633,0,1136.5182897076,0.578012585639954,0
0,0,37.0850547552109,0,57.2850501090288,0,1.8554153740406,0,23.9899886846542,0,0,0,0,0,1,0,0,0,0,0,63.1502862274647,0,0,0,0,0,0,0,0,0,0,0,0,0,0,0,0.202419981360435,0,0,0,0,0,0,0,0,0,3.30750992894173,0,0,0,0,0,0,0,99.586559548974,0,14.7568998336792,0,0.438949823379517,0,0,0,0,149.738974660635,0,0,0,0,0,0,0,0,0,0,0,0,0,0,0,2.77028740942478,0,0,31.3237600624561,0,59.1245385110378,0,0
0,0,0,246.02620446682,0,313.798187255859,0,0,0,7.18180984258652,0,0,0,0,0,1.52716100215912,0,0,0,0,0,0,0,0,0,0,0,0,0,0,0,0,0,0,0,0,0,0,0,0,0,0.391589879989624,0,0,0,0.549191445112228,0,0,0,0,0,0,0,0,0,11.0000800490379,0,58.2816317826509,0,5.38355621695518,0,50.0741246640682,5.34165728092194,0,0,0,0,0,0,0,0,0,0,0,0,0,0,0,0.35783164203167,0,0,0,214.863664090633,0,48.1610975414515,0,0
0,0,0,0,0,0,132.386600613594,0,0,0,22.8259483575821,0,0,0,0,0,0,0,0,0,31.7035646140575,0,0,0,0,0,0,0,0,0,0,0,0,0,0,0,0,0,0,0,0,0,0,0,0,0,0,0,0,0,0,0,0,0,0,0,7.46480056643486,0,0,0,0,0,0,0,0,0,0,0,0,0,0,0,0,0,0,0,0,0,0,0,0,0,79.2485123574734,0,0,0,0
0,0,0,0,0,0,0,22.5797832608223,0,0,0,124.491823643446,0,0,0,0,0,0,0,0,0,0,0,0,0,0,0,0,0,0,0,0,0,0,0,0,0,0,0,0,0,0,0,0,0,0,0,0,0,0,0,0,0,0,0,0,0,201.978276640177,0,0,0,0,0,0,0,0,0,0,0,0,0,0,0,0,0,0,0,0,0,0,0,0,5.41309225559235,0,0,0,0
19.2780440151691,0,48.7017842233181,0,4.53931379318237,0,0,0,38.7660690248013,0,0,0,0,0,0,0,35.8383734822273,0,0,0,0,0,0,0,0,0,0.66967761516571,0,0,0,0,0,0,0,0,0,0,0,14.6509053111076,0,0,0,0,0,0,0,0,0,0,0,99.586559548974,0,0,0,0,0,8.42313581705093,0,54.298152923584,0,38.7692618668079,0,0,0,0,0,0,0,0,0,0,0,0,0,0,0,0,0,0,0,0,19.2600896954536,0,0,5.9816957116127,0,0
0,342.779139559716,0,200.910461038351,0,23.0320125818253,0,0,0,156.109357260168,0,0,0,0,0,190.540373113006,0,74.3603207468987,0.228851467370987,0,0,0,0,2.09226609021425,0,15.9466497786343,0,0,0,0,0,0,0,0.178552746772766,0,0,0,70.6010272204876,0,0,0,18.6550114303827,0,0,0,0,0,0,0,153.143779084086,0,11.0000800490379,0,0,0,0,0,0,0,3.63041992112994,0,158.15296555683,1.2932054400444,0,0,0,49.1488381065428,0,12.1601131744683,0,0.313396796584129,0,0,0,0,0,0,0,0,0,135.079122766852,0,152.79353107512,33.0816950201988,64.7621106132865,0,0
1.33809454739094,0,49.7448943257332,0,4.9987864792347,0,96.6247717142105,0,26.8574795126915,0,1003.45812167227,0,25.5267369151115,0,0.333733916282654,0,37.2820210009813,2.44988115131855,145.805077835917,0,43.9565322995186,0,0,0,0,0,0,0,0,0,71.2196300476789,0,0,0,0,0,11.2531542778015,0,438.371567115188,0,2.12477931380272,1.09459683299065,1818.14053229988,0.23848195374012,0.134476825594902,0,125.176522642374,0,42.7299193590879,0,14.7568998336792,0,7.46480056643486,0,8.42313581705093,0,0,0,237.382830396295,0,7.97341853380203,0,0,685.773114010692,0,0,0,0,0,0,0,1022.62685775757,0,1165.76502317935,0,0,0,0,0,7.57210744917393,0.895653367042542,296.96258431673,268.028275638819,0,1021.66308422387,0,25.1290200352669
0,0.840877771377563,0,17.0211180597544,0,10.0488414466381,0,107.596766889095,0,0,0,1343.41899360716,0,386.882414698601,0,0,0,1.07815332710743,7.1905082911253,0,0,0,0,0,0,0,0,0,0,17.9467395395041,0,0,0,0,0,0.484893918037415,0,653.541103929281,0,0,0,52.0570877790451,0,0.558558493852615,0,2.5248683989048,0,0,0,48.7104108482599,0,58.2816317826509,0,201.978276640177,0,0,0,0,0,219.830713585019,0,0.326653301715851,118.630884885788,0,0,0,0.392682462930679,0,1.96303713321686,0,139.312163218856,0,899.28288166225,0,0,0,0,0,0,0,101.140883564949,0,13.9668972492218,0,213.762653812766,0,0
0,0,37.5734817236662,0,0,0,0,0,53.4265450835228,0,374.811746351421,0,1244.20585492253,0,64.7622527182102,0,3.52273453772068,0,0,0,0,0,0,0,18.999324195087,0,29.5685815811157,0,231.657970786095,0,0,0,0,0,0,0,0,0,23.5606671571732,0,0,0,10.7706390023232,0,0,0,0,0,2.68025346845388,0,0.438949823379517,0,0,0,54.298152923584,0,237.382830396295,0,0,0,46.3875347077847,0,0,0.191678985953331,0,0,0,51.2729507014155,0,165.752600848675,0,183.107104621828,0,21.7188609242439,0,0,0,0,0,0,0,91.3208599984646,399.700405150652,74.8572909832001,2.54787111282349,0,0
0,6.16611160337925,0,40.237791031599,0,0,0,0,0,0.102464400231838,0,417.10468877852,0,1728.12943609059,0,82.4534489586949,0,0,0,0,0,0,0,0.530066668987274,0,101.54578807205,0,178.690726563334,0,16.0251047611237,0,0,0,0,0,0,0,0,0,0,0,11.249476224184,0,0,0,0,0,0,0,92.5166442468762,0,5.38355621695518,0,0,0,3.63041992112994,0,219.830713585019,0,0,0,292.336671620607,0.988110333681107,0,0,0,21.3527479544282,0,223.543432176113,0,89.2104459553957,0,5.87470619380474,0,0,0,0,0,0,0,6.29207047820091,0,223.159100875258,0,55.1973633766174,0,0
0,0,1.09338369965553,0,0,0,0,0,26.4884850978851,0,0,0,0,0,10.9449599981308,0,88.8453206121922,0,10.5040383934975,0,0,0,0,0,38.3750372976065,0,23.6299132108688,0,0,0,0,0,0,0,0,0,0,0,0,0,0,0,0,0,0,0,0,0,0.218323178589344,0,0,0,0,0,38.7692618668079,0,7.97341853380203,0,46.3875347077847,0,0,0,0,0,0,0,0,1.1502284258604,0,16.3969887569547,0,0.12991002202034,0,0,0,0,0,0,0,0,0,0,0,1,0,0,0
0,4.71314734965563,0,3.7083101272583,0,18.1390083432198,0,0,0,7.0905798971653,0,0,0,10.6217081397772,0,42.9693148210645,0,26.0513517409563,2.82694935798645,0,0,0,0,0.556939646601677,0,9.75914458930492,0,0,0,0,0,0,0,0,0,0,0,2.07267816364765,0,0,0,3.97937308996916,0,0,0,0,0,0,0,34.453036390245,0,50.0741246640682,0,0,0,158.15296555683,0,0.326653301715851,0,292.336671620607,0,0,0,0,2.41535115242004,0,25.4649354666471,0,26.857581064105,0,0,0,0,0,0,0,0,0,0,0,10.6830975040793,0,21.2362275421619,0,29.7798902243376,0,0
0,0,0,12.46766500175,0,7.05674076080322,0,155.300369918346,0,3.33455862104893,0,69.71136033535,0,0,0,0,0,0,0,1033.73620486259,0,0,0,0,0,0,0,0,0,0,0,0,0,0,0,591.836667269468,0,8.4953600615263,0,307.201892182231,0,0.684467613697052,0,0,0,461.854490965605,0,0,0,11.2486664950848,0,5.34165728092194,0,0,0,1.2932054400444,0,118.630884885788,0,0.988110333681107,0,0,0,0,0,0,0.176624476909637,0,1.07899165153503,0,59.6693714857101,0,119.452987492085,0,0,0,0,0,1225.24286200106,0,22.4166782796383,0,241.924223303795,0,633.518134221435,0,0
2.44390707463026,0,9.72344250977039,0,28.4829073697329,0,0,0,0,0,304.221187233925,0,0,0,0,0,16.8832028433681,0.950306206941605,60.0227718576789,0,236.970856443048,0,0,0,0,0,0,0,0,0,19.7291671037674,0,0,0,0,0,94.6634232848883,0,15.3829461783171,0,400.337558925152,0.174173519015312,208.657920390368,0.968325674533844,0,0,999.657203838229,0,0.16738885641098,0,149.738974660635,0,0,0,0,0,685.773114010692,0,0.191678985953331,0,0,0,0,0,0,0,0,0,0,0,0,32.7214773744345,0,291.442375943065,0,0,0,0,0,1578.18467961252,0,79.1904376745224,156.828506544232,0,812.833333164454,0.469393461942673,6.29897367954254
0,0,0,0,0,0,0,0,0,1.3104761838913,0,0,0,0,0,0,4.69307947158813,111.330205127597,6.40818344056606,0,0,3886.39746849239,40.0599519908428,0,0,116.86466884613,0,45.0569590628147,0,0,0,0,0,0,0,0,0,176.967823013663,0,0,0,0,0,0,0,0,0,0,0,17.2146968096495,0,0,0,0,0,0,0,0,0,0,0,2.41535115242004,0,0,0,0,6.04267060756683,0,6.39593052864075,0,13.551322042942,0,0,0,0,0,0,0,0,0,433.144069045782,0,432.724236577749,9.31511545181274,0.231979355216026,0,0
0,0,0,0,0,0,0,0,0,0,0,0,0,0,0,0,86.0803899765015,0,0.907636106014252,0,0,0,10323.6123643368,0,1.74316310882568,0,0,0,4.74719822406769,0,0,0,0,0,0,0,0,0,366.436460658908,0,0,0,0,0,0,0,0,0,0,0,0,0,0,0,0,0,0,0,0,0,0,0,0,0,0,0,0,17.9941543936729,0,0,0,17.0336371660233,0,0,0,0,0,0,0,0,0,168.889979571104,551.123228088021,284.376550957561,1.3963737487793,0,0
0,14.7522566989064,0,0,0,0,0,0,0,19.5141826793551,0,0,0,0,0,10.2107052728534,7.57563608884811,79.9445068091154,3.27422893047333,0,0,6.33709073066711,0,80.416485697031,0,69.9567963778973,0,0,0,0,0,0,0,0,0,0,0,301.816231817007,0,0,0,55.9763829559088,0,0,0,0,0,0,0,30.6222580224276,0,0,0,0,0,49.1488381065428,0,0.392682462930679,0,21.3527479544282,0,25.4649354666471,0.176624476909637,0,6.04267060756683,0,0,0,307.164476141334,0,31.8019903749228,0,0,0,0,0,0,0,0,0,151.632664069533,0,207.4576722458,0.903399370610714,223.989104256034,0,0
0,0,0,0,0,0,0,0,0.886133790016174,0,0,0,0,0,0,0,58.8859579861164,0,2.23701691627502,0,0,0,108.320254087448,0,345.749060183764,0,68.1393290162086,0,0,0,0,0,0,0,0,0,0,0,355.865230560303,0,0,0,10.3443918824196,0,0,0,0,0,49.4279276877642,0,0,0,0,0,0,0,0,0,51.2729507014155,0,1.1502284258604,0,0,0,0,17.9941543936729,0,0,0,32.2444427460432,0,0,0,0,0,0,0,0,0,0,0,248.298448398709,201.599223166704,2.76846499741077,18.6297200322151,1.46679449081421,0
0,2.37640435248613,0,0,0,0,0,0,0,2.51953033357859,0,0,0,4.92745077610016,0,1.69667249917984,0,11.8188504874706,0,0,0,12.4589419364929,0,25.7592434436083,0,1.21766865253448,0,65.9739376306534,0,0,0,0,0,0,0,0,0,5.70524033904076,0,0,0,5.31600295007229,0,0,0,0,0,0,0,37.2286183536053,0,0,0,0,0,12.1601131744683,0,1.96303713321686,0,223.543432176113,0,26.857581064105,1.07899165153503,0,6.39593052864075,0,307.164476141334,0,0,0,611.642241209745,0,0,0,0,0,0,0,0,0,5.57524751126766,0,73.6737582087517,0.313046872615814,7.55254311859608,0,0
0,0,0,0,0,0,0,0,0,0,0,0,0,0,0,0,175.902470394969,0,1.40824419260025,0,0,0,0,0,178.909388929605,0,246.740952149034,0,0,0,0,0,0,0,0,0,0,0,0.869547218084335,0,0,0,4.44283139705658,0,0,0,0,0,2.27531956136227,0,0,0,0,0,0,0,0,0,165.752600848675,0,16.3969887569547,0,0,0,0,0,0,32.2444427460432,0,0,0,140.60812368989,0,0,0,0,0,0,0,0,0,0,16.7223936021328,0.221629589796066,0.388649761676788,0,0
0,1.10165258497,0,6.72826368361712,0,0,0,0,0,0,0,0.421009719371796,0,2.57301998138428,0,0,1.10981836915016,7.5921333283186,17.8349509909749,0,0,19.3539066314697,0,0.14507557451725,0,0.191341668367386,0,1728.76789578795,0,438.886916637421,0,0,0,0,0,0,0,134.614483892918,0,0,0,57.621521294117,0.848720565438271,1.68690547347069,0,4.895029053092,0,0,0,221.58984041214,0,0,0,0,0,0.313396796584129,0,139.312163218856,0,89.2104459553957,0,0,59.6693714857101,0,13.551322042942,0,31.8019903749228,0,611.642241209745,0,0,0,171.981107130647,0,0,0,0,0,0,0,106.867247827351,0,65.1086719334126,0.958054423332214,134.770185470581,0.173105299472809,0
0,0,0.262360841035843,0,0,0,0,0,0,0,0,0,0,0,0,0,18.9038684815168,0,2.11476657539606,0,0,0,109.069678246975,0,0,0,0,0,2446.82468387485,0,0,0,0,0,0,0,0,0,52.2404924035072,0,0.185337424278259,0,46.5646478533745,0,0,0,3.24905960261822,0,11.8112174868584,0,0,0,0,0,0,0,1022.62685775757,0,183.107104621828,0,0.12991002202034,0,0,32.7214773744345,0,17.0336371660233,0,0,0,140.60812368989,0,0,0,128.271417692304,0,0,0,0,0,0,0,568.920884877443,59.6704219281673,19.388479501009,13.9713706821203,0.190703019499779,0
0,15.2232846319675,0,16.1566831320524,0,0.334391698241234,0,0,0,0,0,175.755293875933,0,3.82687366008759,0,0,4.21678494662046,18.244677901268,66.5618855282664,0,0,0,0,0,0.183973267674446,0.441075533628464,0,155.498241662979,0,135.55977678299,0,0,0,0,0,0,0,671.853054210544,0,0,0,336.406682103872,4.12007761001587,5.74487546086311,0.165407583117485,47.2149475812912,0.319360762834549,0,0,47.678375788033,0,0,0,0,0,0,0,899.28288166225,0,5.87470619380474,0,0,119.452987492085,0,0,0,0,0,0,0,171.981107130647,0,0,0,0,0,0,0,0,0,123.728846371174,0,19.5289229974151,0,913.529949076474,12.7782230973244,0
0.736483231186867,0,6.54199832677841,0,0,0,0,0,1.06505772471428,0,12.708607673645,0,0,0,0,0,27.0815632045269,2.25949181616306,64.4400508701801,0,1.67986389994621,0,0,0,0,0,0,0,1.10007071495056,0,279.873894229531,0,0,0,0,0,0,0,120.560512080789,0,0.212615594267845,0.44910492002964,130.756106242537,0,0,0,101.739132925868,0,56.5456581711769,0,0,0,0,0,0,0,1165.76502317935,0,21.7188609242439,0,0,0,0,291.442375943065,0,0,0,0,0,0,0,128.271417692304,0,0,0,0,0,0,0,0,0,418.993696928024,35.0125547647476,0,257.553902596235,1.1389894336462,13.9323554933071
0,0,0,0,0,0,0,0,0,0,0,0,0,0,0,0,0,0,0,0,0,0,0,0,0,0,0,0,0,0,0,665.52214409411,356.831867039204,59.8202339708805,0,341.054699018598,28.0969338715076,0,0,0,0,0,0,0,0,0,0,1028.34967403114,0,14.9794244766235,0,0,0,0,0,0,0,0,0,0,0,0,0,0,0,0,0,0,0,0,0,0,0,0,0,697.899741843343,227.811074376106,0,588.46939343214,588.78486263752,0,0,125.543042629957,0,1.68726360797882,0,0
0,0,0,0,0,0,0,0,0,0,0,0,0,0,0,0,0,0,0,0,0,0,0,0,0,0,0,0,0,0,0,840.003816857934,723.909324124455,77.6971026360989,95.4396889805794,9.05914309620857,106.225922688842,0,0,0,0,2.54242372512817,0,0,0,0,0,2441.07594046742,43.6478063762188,1.73128831386566,0,0,0,0,0,0,0,0,0,0,0,0,0,0,0,0,0,0,0,0,0,0,0,0,697.899741843343,0,22.2499147951603,1038.96481756866,529.759530089796,1538.77921652794,0,0,169.605390772223,0,1.3010328412056,0,0
0,0,0,0,0,0,0,0,0,0,0,0,0,0,0,0,0,0,0,0,0,0,0,0,0,0,0,0,0,0,0,12.7165783643723,9.64285480976105,2201.6561069563,196.569334417582,476.176925092936,0,270.387145519257,0,0,0,0,0,0,0,0,0,524.567206516862,0,7.83735516667366,0,0,0,0,0,0,0,0,0,0,0,0,0,0,0,0,0,0,0,0,0,0,0,0,227.811074376106,22.2499147951603,0,30.529842376709,477.706259161234,0,405.931882314384,0,171.641709938645,0,0,0,0
0,0,0,0,0,0,0,0,0,0,0,0,0,0,0,0,0,0,0,0,0,0,0,0,0,0,0,0,0,0,0,0,7.99141120910645,2298.07505095005,1628.39388825744,0,47.2203348875046,147.12787592411,495.250808045268,0,0,0,0,0,0,0,0,408.727512657642,61.504015058279,1.00341629981995,0,0,0,0,0,0,0,0,0,0,0,0,0,0,0,0,0,0,0,0,0,0,0,0,0,1038.96481756866,30.529842376709,0,0,185.282973796129,0,101.363906525075,219.189753331244,0,0,0,0
0,0,0,0,0,0,0,0,0,0,0,12.4364946484566,0,0,0,0,0,0,0,310.977466210723,0,0,0,0,0,0,0,0,0,0,0,248.683411642909,103.253849521279,65.8926337212324,0,16947.570610784,224.627294510603,2603.97924995422,0,599.673300072551,1.5256712436676,79.7790677845478,0,0,0,868.985851436853,0,3228.01462873071,7.10731488466263,406.094662882388,0,0.35783164203167,0,0,0,0,0,0,0,0,0,0,1225.24286200106,0,0,0,0,0,0,0,0,0,0,0,588.46939343214,529.759530089796,477.706259161234,0,0,3586.15618345886,1908.99282161146,0,2688.61105366051,261.33606788516,1369.58181139082,0,0
0,0,0,0,0.746428310871124,0,0,0,0,0,44.7029398530722,0,0,0,0,0,0.46110762655735,0,2.13894060254097,0,789.279420137405,0,0,0,0,0,0,0,0,0,0,201.431032553315,903.141744941473,0.435247540473938,254.123619705439,1198.22950603068,16110.1203155294,0.312887907028198,775.079443477094,0,312.454248845577,0,17.2891265749931,0,0,0.649813711643219,1135.48099753261,3397.0171443224,776.742842622101,4.10619279742241,2.77028740942478,0,0,0,0,0,7.57210744917393,0,0,0,0,0,0,1578.18467961252,0,0,0,0,0,0,0,0,0,0,588.78486263752,1538.77921652794,0,185.282973796129,3586.15618345886,0,0,995.759785540402,2680.79937450588,132.833208292723,1054.10497151315,0,0
0,47.4266773313284,0,2.1957593858242,0,0,0,0,0,5.15758985280991,0,84.9090150892735,0,0,0,2.17208053916693,3.3495724350214,7.05579457432032,35.936471119523,0,0,658.998641133308,0,146.14664684236,0,5.45955684781075,0,5.36804533004761,0,259.164063930511,0,0,0,53.3813406229019,11.0459107160568,228.029007099569,0,12457.3012908176,13.718353509903,0,0,114.164165571332,0.102966547012329,7.4564967751503,0,17.9292333573103,0.164987280964851,451.40632776916,0,155.735350161791,0,0,0,0,0,135.079122766852,0.895653367042542,101.140883564949,0,6.29207047820091,0,10.6830975040793,22.4166782796383,0,433.144069045782,0,151.632664069533,0,5.57524751126766,0,106.867247827351,0,123.728846371174,0,0,0,405.931882314384,0,1908.99282161146,0,0,3.92038714885712,1170.20097698271,105.340125322342,297.255716554821,19.2751828283072,0
