0,0,0.194206310560306,0,0,0,0,0,0.221743937264881,0,0,0,0,0,0,0,0.366082781875456,0.284755080938339,0.370482097411978,0,0.518580108880997,0,0,0,0,0,0,0,0,0,0,0,0,0,0,0,0.42335643991828,0,0.494339817762375,0.320455729961395,0,0,0.324776990146473,0,0,0,0.472483361721039,0.385571349750866,0.223387706959457,0,0.196785857392983,0,0,0,0.261774137328212,0,0.303316727280617,0,0,0,0.223771508889539,0,0,0.473699147051031,0,0,0,0,0,0,0,0,0,0,0,0,0,0,0,0.470120172520153,0,0.526008674502373,0.277263892638056,0.277315378189087,0.269359683168345,0,0.289516612887383
0,0,0,0.214871840767339,0,0.19882040359508,0,0,0,0.257406800009665,0,0,0,0,0,0,0,0,0.139816533774137,0,0,0,0,0.2450320507586,0,0,0,0,0,0,0,0,0,0,0,0,0,0,0,0,0,0.145473776012659,0,0,0,0,0,0,0,0.223256259854581,0,0.188826485322072,0,0,0,0.225015320569226,0,0,0,0,0,0,0,0,0,0,0.239757351577282,0,0,0,0,0,0,0,0,0,0,0,0,0,0,0,0.177642218575576,0,0.249435227128524,0.150474034249783,0
0.194206310560306,0,0,0,0.123836644925177,0,0,0,0.148203547184284,0,0,0,0,0,0,0,0,0,0.330145773534872,0,0,0,0,0,0,0,0,0,0,0,0,0,0,0,0,0,0,0,0,0,0.287781476974487,0,0.268727098902067,0,0,0,0,0,0.172294434479305,0,0.204969881756886,0,0,0,0.16756036984069,0,0.150615949841107,0,0,0,0,0,0,0,0,0,0,0,0,0,0,0,0,0,0,0,0,0,0,0.29993087053299,0,0,0.256888376684162,0,0.155483714259223,0,0
0,0.214871840767339,0,0,0,0.20365623028382,0,0,0,0.245081462599801,0,0,0,0,0,0,0,0.28662034869194,0.25841446859496,0,0,0,0,0.275247299671173,0,0,0,0,0,0,0,0,0,0,0,0,0.266187608242035,0,0,0.296979670664843,0,0.327270872206712,0.287775849444526,0,0,0.238008975982666,0.278087782859802,0.295036762952805,0.294793722597328,0.282576373194234,0,0.167249843478203,0,0,0,0.268847653673867,0,0.32991727689902,0,0,0,0,0.261877834796906,0.250371545553207,0,0,0.276458829641342,0,0,0,0,0,0.349191995767447,0.305364042520523,0,0,0,0,0.311783725168647,0.288822467128436,0,0.311930134892464,0.230694593711831,0,0.243338368706558,0.318068204278296,0
0,0,0.123836644925177,0,0,0,0.129941344261169,0,0.180632849272929,0,0,0,0,0,0,0,0,0,0,0,0.236076850740783,0,0,0,0,0,0,0,0,0,0,0,0,0,0,0,0.208642451809003,0,0,0,0.228608582168818,0,0.256309852004051,0,0,0,0.185801360011101,0,0.23079066830022,0,0.216849178626326,0,0.140810964300352,0,0.175024203956127,0,0.278340584288041,0,0.219005601894524,0,0.20928696791331,0,0,0.2736297166282,0,0,0,0,0,0,0,0,0,0.299753531813622,0,0,0,0,0,0.244062101415225,0,0,0.181416210652602,0.173681236803532,0.227537504056605,0,0
0,0.19882040359508,0,0.20365623028382,0,0,0,0,0,0.201623358293658,0,0,0,0,0,0,0.323940813541412,0.285998731851578,0.28292960524559,0.171129763126373,0,0,0,0,0,0,0,0,0,0,0,0,0,0.347865581512451,0,0,0.287965476512909,0,0,0.281841729301959,0,0.277325827409239,0.282599329948425,0,0,0.256781326687854,0.272166639566422,0.273553744490658,0.274540107165064,0.278312090581114,0,0.189808802472221,0,0,0,0.188184630344896,0.285816788673401,0.297020060675485,0,0,0,0,0.189274561901887,0.299966275691986,0,0,0,0,0,0,0,0,0.296654269099236,0,0,0,0,0,0.297684006392956,0.264949470758438,0,0,0.215665012993644,0,0.248324559489832,0.262916068236033,0
0,0,0,0,0.129941344261169,0,0,0,0,0,0,0,0.144797675311565,0,0,0,0,0,0,0,0.197537034749985,0,0,0,0,0,0,0,0,0,0,0,0,0,0,0,0,0,0,0,0,0,0,0,0,0,0,0,0,0,0,0,0.171034346024195,0,0,0,0,0,0.177808441221714,0,0,0,0,0,0,0,0,0,0,0,0,0,0,0,0,0,0,0,0,0,0,0,0.17627450912668,0.160401339928768,0,0,0
0,0,0,0,0,0,0,0,0,0,0,0,0,0.127860316603454,0,0,0,0,0,0,0,0,0,0,0,0,0,0,0,0,0,0,0,0,0,0,0,0,0,0,0,0,0,0,0,0,0,0,0,0,0,0.136794102306549,0,0.154265983593325,0,0,0,0.143315022190412,0,0.156578063964844,0,0,0,0,0,0,0,0,0,0,0,0,0,0,0,0,0,0,0,0,0,0,0,0,0,0,0
0.221743937264881,0,0.148203547184284,0,0.180632849272929,0,0,0,0,0.19850542023778,0,0,0,0,0.229804921895266,0.222460573911667,0.302056579811689,0.216305109615229,0.285148973645448,0,0,0,0,0,0.215014569917504,0.210765314953668,0.240000936795365,0,0,0,0,0,0,0,0.273989379405975,0,0,0,0.257997947503459,0.381112784147263,0,0.334337413311005,0.285147845745087,0,0.314651936292648,0,0.323516675829887,0,0.205514361051952,0,0.205158014189113,0,0,0,0.292067480605515,0,0,0,0,0,0.219101311130957,0.186659649014473,0,0,0,0,0,0.23770195744488,0.230441085994244,0.193120109538237,0,0,0,0,0,0,0,0,0.340157598257065,0.302834063768387,0,0.271926194429398,0.212557647117349,0,0.223583271357648,0.312832444906235,0.257238809019327
0,0.257406800009665,0,0.245081462599801,0,0.201623358293658,0,0,0.19850542023778,0,0,0,0,0,0,0.185616382612632,0.191438815723627,0.211600469871306,0.218961849261861,0,0.28550311923027,0,0,0.276815048764261,0,0.19935704022646,0,0,0,0,0,0,0,0.334881653388341,0,0,0,0.296576137800306,0,0,0,0.15809678895907,0.228164613246918,0,0,0,0.249091491103172,0,0,0.263336896896362,0,0.204648124483915,0,0,0,0.28233042814252,0,0,0,0,0,0.182043969631195,0,0,0,0,0.258719904948089,0,0.219756871461868,0,0,0,0,0,0,0,0.355334967374802,0,0,0,0.304834260351987,0,0.247267889966495,0,0.251448439700263,0,0
0,0,0,0,0,0,0,0,0,0,0,0,0.130029069632292,0,0,0,0,0,0.358147755265236,0,0.274927218521343,0,0,0,0,0,0,0,0.132024328410625,0,0,0,0,0,0,0,0.225659350779924,0,0.141184313466477,0,0,0,0,0,0.314304500818253,0,0.371570327877998,0,0,0,0.24440186843276,0,0,0,0,0,0.20926779482899,0,0.137930797412992,0,0,0,0,0.296013971213746,0,0,0,0,0,0,0,0.131012876401655,0,0.424343571066856,0,0,0,0,0,0.299450300241771,0,0.131382770030885,0.168233784625856,0.167158355751565,0.376334730121825,0,0.443550020456314
0,0,0,0,0,0,0,0,0,0,0,0,0,0.163309909403324,0,0,0,0,0,0.25393645340765,0,0,0,0,0,0,0,0,0,0.251412917935629,0,0,0,0,0,0,0,0.168496447374354,0,0,0,0,0,0,0,0.282736040651798,0,0,0,0,0,0,0,0,0,0,0,0.214186066873621,0,0,0,0,0.231296996275584,0,0,0,0,0,0,0,0,0,0.273708687722683,0,0,0,0,0,0,0,0.177290456126566,0,0.188888793729119,0,0.262518209218979,0,0
0,0,0,0,0,0,0.144797675311565,0,0,0,0.130029069632292,0,0,0,0,0,0.165445068695893,0.14718359708786,0,0,0,0,0,0,0,0,0.164098434150219,0,0,0,0,0,0,0,0,0,0,0,0,0,0,0,0,0,0,0,0,0,0,0,0,0,0,0,0,0,0,0,0.296509023755789,0,0,0,0,0,0,0,0,0,0,0,0,0,0,0,0,0,0,0,0,0,0,0,0.163434640566508,0.147291593253613,0,0,0
0,0,0,0,0,0,0,0.127860316603454,0,0,0,0.163309909403324,0,0,0,0.159807170430819,0,0.196083089129792,0,0,0,0,0,0,0,0,0,0,0,0,0,0,0,0,0,0,0,0,0,0,0,0,0,0,0,0,0,0,0,0,0,0.153267824649811,0,0.131251110192986,0,0,0,0.144557511074501,0,0.154139873882135,0,0,0,0,0,0,0,0,0,0,0,0,0,0,0,0,0,0,0,0,0,0,0.151157540318213,0,0,0,0
0,0,0,0,0,0,0,0,0.229804921895266,0,0,0,0,0,0,0,0.167539826952494,0.168587749495226,0,0,0.359345465898514,0,0,0,0,0.17051362991333,0.174072084682328,0,0,0,0,0,0,0,0,0,0,0,0,0,0,0,0,0,0,0,0,0,0,0,0,0,0,0,0.234026862515344,0,0,0,0,0,0.158733069896698,0,0,0,0,0,0,0,0.163399234414101,0.174434910217921,0,0,0,0,0,0,0,0,0,0,0,0,0.176460029773934,0,0.288803070783615,0,0
0,0,0,0,0,0,0,0,0.222460573911667,0.185616382612632,0,0,0,0.159807170430819,0,0,0.179607443198436,0.178967894826617,0.223724719633659,0,0,0,0,0.19185996055603,0,0.169714029754202,0.168538592755795,0,0,0,0,0,0,0,0,0,0.228540182113647,0,0,0,0,0,0.235086381435394,0,0,0,0.27223014831543,0,0,0,0,0,0,0,0,0,0,0,0,0.249453567645767,0,0.151602931320667,0,0,0,0,0,0,0.168222732841969,0.179067179560661,0,0,0,0,0,0,0,0,0,0,0,0,0.175580824482716,0.17624079529196,0.264344021677971,0,0
0.366082781875456,0,0,0,0,0.323940813541412,0,0,0.302056579811689,0.191438815723627,0,0,0.165445068695893,0,0.167539826952494,0.179607443198436,0,0.177408573950786,0.283123101925414,0,0.367073871195316,0,0.135267421603203,0.184136410057545,0.184125927090645,0.171774980035566,0.169284609431385,0,0,0,0,0,0,0,0,0,0.318467623421124,0,0.345860717051169,0.330719055994502,0.246449192365011,0.298557878119274,0.268690536591676,0.334565098796572,0.278221185008685,0.293329272951399,0.320556711752592,0.315402641892433,0.223374277353287,0.308390732515942,0,0,0,0,0.192483725456091,0,0.329500683716365,0.331918567419052,0,0,0.177808730517115,0.175143126269867,0,0.370060610771179,0,0.140373528003693,0,0,0.175240744370967,0.180644155662255,0,0,0.352902695536613,0.368714438544379,0,0,0,0,0.336288603314434,0.339362211104979,0,0.360228012502193,0.223784156906651,0.220533820713022,0.297752936099319,0.293343867126264,0.270993138500985
0.284755080938339,0,0,0.28662034869194,0,0.285998731851578,0,0,0.216305109615229,0.211600469871306,0,0,0.14718359708786,0.196083089129792,0.168587749495226,0.178967894826617,0.177408573950786,0,0.26597188592646,0,0.342845946550369,0,0,0.1409466133586,0.2418342679739,0.174627519911841,0.167446813786153,0.191168749704957,0,0,0,0,0,0,0,0,0.304844439029694,0,0.302519460519155,0.320408459230898,0,0.289438318330347,0.265231092693284,0.31579150557518,0.271227773278952,0.28466822677537,0.289110288800051,0.318218664689497,0.277727290987968,0.300092721357942,0,0,0,0,0.170924071222544,0,0.291820377111435,0.34163561463356,0,0,0.183296000957489,0.17803147320564,0,0.332076033949852,0,0,0,0,0.175006894074647,0.168158687824427,0,0,0.335535099109014,0.317942932248116,0.310130998492241,0,0,0,0.325611087395318,0.303373259140386,0,0.318144336342812,0.192367655120325,0.198924770913177,0.289289302555686,0.294671265464841,0.26038573624996
0.370482097411978,0.139816533774137,0.330145773534872,0.25841446859496,0,0.28292960524559,0,0,0.285148973645448,0.218961849261861,0.358147755265236,0,0,0,0,0.223724719633659,0.283123101925414,0.26597188592646,0,0,0.384974083191232,0,0,0.185451107860451,0.192120291292667,0.232214282308005,0.237243550590106,0,0,0,0,0,0,0,0,0,0.360506185708624,0,0.374845064907189,0.362494171798411,0.294905114173889,0.292393846621268,0.22828576685497,0.424465861837885,0.240092453593648,0.305599215779115,0.352804928353316,0.30205494886826,0.257926821708679,0.327741832014798,0.227829948067665,0,0,0,0,0,0.362949238220851,0.352981403950722,0,0,0,0.228755559772253,0.293518170714378,0.383425468142996,0,0,0,0,0.234147850762714,0.231403883833152,0,0.30255714058876,0.386796036362648,0.35043632264795,0.308364394638273,0,0,0,0.361022735042442,0.364359777378567,0,0.369342271039768,0.234672682572926,0.268619186603106,0.314394531870052,0.302792762414111,0.23078026807269
0,0,0,0,0,0.171129763126373,0,0,0,0,0,0.25393645340765,0,0,0,0,0,0,0,0,0,0,0,0,0,0,0,0,0,0,0,0,0,0,0,0.149291507385083,0,0.187575868293841,0,0.251006275415421,0,0,0,0,0,0.399410536297812,0,0,0,0,0,0,0,0,0,0,0,0.235126063227654,0,0,0,0,0.233266956571212,0,0,0,0,0,0,0,0,0,0,0,0,0,0,0,0.172489377906296,0,0.16290094036349,0,0.245702463132995,0,0.263600589129432,0,0
0.518580108880997,0,0,0,0.236076850740783,0,0.197537034749985,0,0,0.28550311923027,0.274927218521343,0,0,0,0.359345465898514,0,0.367073871195316,0.342845946550369,0.384974083191232,0,0,0,0,0,0,0,0,0,0,0,0,0,0,0,0,0,0.251317094153662,0,0.309086668248877,0.361942455172539,0.302360767126083,0.296889960765839,0.35150110863504,0,0.359108343720436,0,0.375611497304941,0,0.31135513054,0,0.261854406487611,0,0.243529330600392,0,0,0,0.294144736055249,0,0,0,0,0,0,0.282124422490597,0,0,0,0,0,0,0,0.381091982126236,0,0.336217427109307,0,0,0,0,0.337162479758263,0.270875512316037,0,0.306469043672726,0.201293158558531,0,0.366390418733819,0,0.464948236942291
0,0,0,0,0,0,0,0,0,0,0,0,0,0,0,0,0,0,0,0,0,0,0.118374573687712,0.09351552054286,0,0,0,0,0,0,0,0,0,0,0,0,0,0.23116477846989,0.112338079015414,0,0,0,0,0,0,0,0,0.380585914850235,0,0.397121912847131,0,0,0,0,0,0,0,0,0,0,0,0,0,0,0.225141511694724,0,0,0,0,0,0,0,0,0,0,0,0,0,0,0,0.226318850753904,0,0.103006888286404,0,0.387283806289945,0,0
0,0,0,0,0,0,0,0,0,0,0,0,0,0,0,0,0.135267421603203,0,0,0,0,0.118374573687712,0,0,0.234422501176596,0,0,0,0,0,0,0,0,0,0,0,0,0,0.433220163160443,0,0,0,0,0,0,0,0,0,0.510881157482372,0,0,0,0,0,0,0,0,0,0,0,0,0,0,0,0,0.242456123896475,0,0.329065459115165,0,0.246468722820282,0,0,0,0,0,0,0,0,0,0,0,0.415184497806643,0.166780156325804,0,0.376138175909336,0,0
0,0.2450320507586,0,0.275247299671173,0,0,0,0,0,0.276815048764261,0,0,0,0,0,0.19185996055603,0.184136410057545,0.1409466133586,0.185451107860451,0,0,0.09351552054286,0,0,0,0,0,0,0,0,0,0,0,0.339807242155075,0,0,0,0.247851953068466,0,0,0,0,0,0,0,0,0,0,0,0,0,0,0,0,0,0.264920373496256,0,0,0,0,0,0,0,0,0,0,0.223492876819845,0,0.193286150693893,0.14443065226078,0,0,0,0,0,0,0,0,0,0,0.193569551058602,0,0.160224336206068,0,0.302980408072472,0,0
0,0,0,0,0,0,0,0,0.215014569917504,0,0,0,0,0,0,0,0.184125927090645,0.2418342679739,0.192120291292667,0,0,0,0.234422501176596,0,0,0,0,0,0,0,0,0,0,0,0,0,0,0,0.255685924607165,0,0,0,0,0,0,0,0,0,0.294769749511033,0,0,0,0,0,0.251977032423019,0,0,0,0,0,0,0,0,0,0,0.178513117962413,0,0.207255083653662,0,0.186396792531013,0,0,0,0,0,0,0,0,0,0,0,0.216591621129326,0.177408522367477,0,0.27398741543293,0,0
0,0,0,0,0,0,0,0,0.210765314953668,0.19935704022646,0,0,0,0,0.17051362991333,0.169714029754202,0.171774980035566,0.174627519911841,0.232214282308005,0,0,0,0,0,0,0,0.169128812849522,0,0,0,0,0,0,0,0,0,0,0,0,0.336100578308105,0,0,0.223282366991043,0,0,0,0.278075493872166,0,0,0,0,0,0,0,0,0,0,0,0,0,0.173738166689873,0.164193193117777,0,0,0,0,0.14888136397148,0,0.149220529368253,0.166194945573807,0,0,0,0,0,0,0,0,0.284991517663002,0,0,0.28362649679184,0.180405343738978,0.171369336545467,0.288417175412178,0,0
0,0,0,0,0,0,0,0,0.240000936795365,0,0,0,0.164098434150219,0,0.174072084682328,0.168538592755795,0.169284609431385,0.167446813786153,0.237243550590106,0,0,0,0,0,0,0.169128812849522,0,0,0,0,0,0,0,0,0,0,0,0,0,0.273943811655045,0,0,0,0,0,0,0,0,0,0,0,0,0,0,0,0,0,0,0,0,0.177416756749153,0,0,0,0,0.167529849069459,0,0,0,0.171342104673386,0,0,0,0,0,0,0,0,0.271203964948654,0,0,0,0.182685227470195,0,0,0,0.221056178212166
0,0,0,0,0,0,0,0,0,0,0,0,0,0,0,0,0,0.191168749704957,0,0,0,0,0,0,0,0,0,0,0,0,0,0,0,0,0,0,0,0,0,0,0,0,0,0,0,0,0,0,0,0,0,0,0,0,0,0,0,0,0,0.135819743573666,0,0,0,0,0,0,0,0,0,0,0.184574665392146,0,0.207085893342369,0,0,0,0,0,0,0,0,0,0.145000720024109,0,0,0,0
0,0,0,0,0,0,0,0,0,0,0.132024328410625,0,0,0,0,0,0,0,0,0,0,0,0,0,0,0,0,0,0,0,0.122025918960571,0,0,0,0,0,0,0,0,0,0,0,0,0,0,0,0,0,0,0,0,0,0,0,0,0,0,0,0,0,0,0,0,0,0,0,0,0,0,0,0,0.105764928273857,0,0,0,0,0,0,0,0,0,0,0,0,0,0,0
0,0,0,0,0,0,0,0,0,0,0,0.251412917935629,0,0,0,0,0,0,0,0,0,0,0,0,0,0,0,0,0,0,0,0,0,0,0,0,0,0,0,0,0,0,0,0,0,0,0,0,0,0,0,0,0,0,0,0,0,0.251661762595177,0,0,0,0,0,0,0,0,0,0,0,0,0,0,0.154233624616628,0,0,0,0,0,0,0,0.13227427303791,0,0,0,0,0,0
0,0,0,0,0,0,0,0,0,0,0,0,0,0,0,0,0,0,0,0,0,0,0,0,0,0,0,0,0.122025918960571,0,0,0,0,0,0,0,0,0,0,0,0,0,0,0,0,0,0,0,0,0,0,0,0,0,0,0,0,0,0,0,0,0,0,0,0,0,0,0,0,0,0,0.119213566184044,0,0.335725032857486,0,0,0,0,0,0,0,0.455643087625504,0.0975381806492805,0,0,0,0
0,0,0,0,0,0,0,0,0,0,0,0,0,0,0,0,0,0,0,0,0,0,0,0,0,0,0,0,0,0,0,0,0.386110949067123,0.291639865669486,0,0.221522513244833,0,0,0,0,0,0,0,0,0,0,0,0.497452865127005,0.527755144603398,0,0,0,0,0,0,0,0,0,0,0,0,0,0,0,0,0,0,0,0,0,0,0,0,0,0.493095001659283,0.288321374134554,0.387255074287003,0.541404763857524,0.208346642553806,0.553706906936771,0,0,0.281421277284622,0,0,0,0
0,0,0,0,0,0,0,0,0,0,0,0,0,0,0,0,0,0,0,0,0,0,0,0,0,0,0,0,0,0,0,0.386110949067123,0,0.311630080091326,0,0.155792787671089,0.142440686331076,0,0,0,0,0,0,0,0,0,0,0.580567400936687,0.54024205605189,0,0,0,0,0,0,0,0,0,0,0,0,0,0,0,0,0,0,0,0,0,0,0,0,0,0.535221915235483,0.290460206648984,0.42468164735454,0.373824451746963,0,0.477087033499409,0,0,0.217006507930876,0,0,0,0
0,0,0,0,0,0.347865581512451,0,0,0,0.334881653388341,0,0,0,0,0,0,0,0,0,0,0,0,0,0.339807242155075,0,0,0,0,0,0,0,0.291639865669486,0.311630080091326,0,0.205565230969023,0.224349331012163,0.201088756661523,0.351811001584736,0,0,0,0.392394721508026,0.456440170605977,0,0,0.366417124867439,0,0.54382702265496,0.471288273892095,0.499909223879085,0,0,0,0,0,0,0.439902722835541,0,0,0,0,0,0,0,0,0,0,0,0,0,0,0,0.353655964136124,0,0.414136057269984,0.270989552140236,0.308651669412504,0.164628254655582,0.289531915495385,0.448978373878881,0.393602226523386,0.443389195203781,0.295642600134686,0,0.435839354991913,0,0
0,0,0,0,0,0,0,0,0.273989379405975,0,0,0,0,0,0,0,0,0,0,0,0,0,0,0,0,0,0,0,0,0,0,0,0,0.205565230969023,0,0,0.161073655682675,0,0.241445676206301,0,0,0,0,0,0,0,0,0.35203628941117,0.45128608122468,0,0,0,0,0,0,0,0,0,0,0,0,0,0,0,0,0,0,0,0,0,0,0,0,0,0,0.316737052053213,0.41687332445801,0.221600767795547,0,0.239304165769782,0,0.29710510672956,0.211673526668254,0,0,0,0
0,0,0,0,0,0,0,0,0,0,0,0,0,0,0,0,0,0,0,0.149291507385083,0,0,0,0,0,0,0,0,0,0,0,0.221522513244833,0.155792787671089,0.224349331012163,0,0,0.186516960941212,0.175622618178333,0,0,0,0.304618775844574,0,0,0,0.20654999917167,0,0.379213430915013,0.220668076791547,0.235499519854784,0,0,0,0,0,0,0,0,0,0,0,0,0.171638918285434,0,0,0,0,0,0,0,0,0,0,0,0.211000519494216,0,0.231057684269606,0,0.217290042767437,0.179356276988983,0.232308307954346,0,0.181496351930307,0.218123149126768,0.188133838604081,0,0
0.42335643991828,0,0,0.266187608242035,0.208642451809003,0.287965476512909,0,0,0,0,0.225659350779924,0,0,0,0,0.228540182113647,0.318467623421124,0.304844439029694,0.360506185708624,0,0.251317094153662,0,0,0,0,0,0,0,0,0,0,0,0.142440686331076,0.201088756661523,0.161073655682675,0.186516960941212,0,0,0.199889887668275,0.324508816003799,0.264023787019276,0.328982641299566,0.301883345107417,0,0.326755922574263,0.22764654358228,0.320761338220091,0.161930019242896,0.27916175838826,0.28778014332056,0.22853641139298,0,0,0,0,0,0.308821970262242,0,0,0,0,0,0.276205092668533,0.248795588225126,0,0,0,0,0,0,0,0.325608640909195,0,0.315572798851147,0,0,0.18922327489269,0,0.209668595397301,0.230835246901678,0,0.229713339865452,0.201336967083485,0.23887005324165,0.304948493821222,0,0.322425715923309
0,0,0,0,0,0,0,0,0,0.296576137800306,0,0.168496447374354,0,0,0,0,0,0,0,0.187575868293841,0,0.23116477846989,0,0.247851953068466,0,0,0,0,0,0,0,0,0,0.351811001584736,0,0.175622618178333,0,0,0.119069657598933,0,0,0,0,0,0,0.221933767199516,0,0.437519512363192,0,0.476543910971171,0,0,0,0,0,0.341657131594956,0,0,0,0,0,0,0.173156340606511,0,0.459828393799918,0,0.270751324171821,0,0,0,0,0,0.149853896349669,0,0,0,0.310336963014884,0,0.202095330083469,0,0.283983202666459,0.142758966224571,0.217951383983547,0.275292783975601,0.381143779845899,0,0
0.494339817762375,0,0,0,0,0,0,0,0.257997947503459,0,0.141184313466477,0,0,0,0,0,0.345860717051169,0.302519460519155,0.374845064907189,0,0.309086668248877,0.112338079015414,0.433220163160443,0,0.255685924607165,0,0,0,0,0,0,0,0,0,0.241445676206301,0,0.199889887668275,0.119069657598933,0,0.324369609355927,0.291213909784953,0.346739456057549,0.371032901729147,0,0.462473183870316,0,0.39191189441416,0.342466248691767,0.547610627949462,0.333964079618454,0.307898193597794,0,0,0,0.305954468846321,0,0.259522880117099,0,0,0,0,0,0,0.340364946528583,0,0.376691737533442,0,0.288748333715413,0.271977007389069,0,0,0,0,0.361788541078568,0,0,0,0.257036594906822,0.303703933954239,0.264061547232869,0.13052599132061,0.276840721983928,0.21514294719707,0.1442836150527,0.364992305390782,0,0.401310039684176
0.320455729961395,0,0,0.296979670664843,0,0.281841729301959,0,0,0.381112784147263,0,0,0,0,0,0,0,0.330719055994502,0.320408459230898,0.362494171798411,0.251006275415421,0.361942455172539,0,0,0,0,0.336100578308105,0.273943811655045,0,0,0,0,0,0,0,0,0,0.324508816003799,0,0.324369609355927,0,0.264379590749741,0.381526206225902,0.297432586841854,0.573325337587294,0.290848445892334,0.31370251067407,0.362591474586063,0.310779580628717,0.306260650445308,0.338481065020588,0,0,0,0,0,0,0.336375132203102,0.298170226461747,0,0,0,0,0.254518698010026,0.282948136329651,0,0,0,0,0.342522591352463,0,0,0,0.323631424253637,0,0.258441280041422,0,0,0,0.31051602870686,0.34322223007679,0.319632053375244,0.322116073220968,0.338651830797464,0.271928340196609,0.373204108379534,0.489510386414724,0.2840011654229
0,0,0.287781476974487,0,0.228608582168818,0,0,0,0,0,0,0,0,0,0,0,0.246449192365011,0,0.294905114173889,0,0.302360767126083,0,0,0,0,0,0,0,0,0,0,0,0,0,0,0,0.264023787019276,0,0.291213909784953,0.264379590749741,0,0.312799215316772,0.265818152433405,0,0.364983022212982,0.26148933172226,0.246547767776867,0.178251727563994,0.241127729032173,0,0.244682894647121,0,0,0,0,0,0.29445685059936,0.280304044485092,0,0,0,0,0,0.261565916400443,0,0,0,0,0,0,0,0,0,0.319159083068371,0,0,0,0,0.294603258371353,0.290616370727388,0,0.266396183682525,0.289833183495366,0,0.27139994940824,0,0.238437597453594
0,0.145473776012659,0,0.327270872206712,0,0.277325827409239,0,0,0.334337413311005,0.15809678895907,0,0,0,0,0,0,0.298557878119274,0.289438318330347,0.292393846621268,0,0.296889960765839,0,0,0,0,0,0,0,0,0,0,0,0,0.392394721508026,0,0.304618775844574,0.328982641299566,0,0.346739456057549,0.381526206225902,0.312799215316772,0,0.2224349005941,0.529178472447807,0.221567742992193,0.363667013839042,0.308936409865107,0.336750853174532,0.322027446329594,0.324390707031052,0,0,0,0,0,0,0.281599789857864,0.358673847586144,0,0,0,0,0.375421319646065,0.348094195127487,0,0,0,0,0,0,0,0,0.359057082845506,0.276721388101578,0.30365627532204,0,0,0,0.411482276484632,0.333672560147337,0.317509010434151,0.360181785546816,0.267147694095375,0.268667702873548,0.35017821748734,0.309206452526677,0.262177576837332
0.324776990146473,0,0.268727098902067,0.287775849444526,0.256309852004051,0.282599329948425,0,0,0.285147845745087,0.228164613246918,0,0,0,0,0,0.235086381435394,0.268690536591676,0.265231092693284,0.22828576685497,0,0.35150110863504,0,0,0,0,0.223282366991043,0,0,0,0,0,0,0,0.456440170605977,0,0,0.301883345107417,0,0.371032901729147,0.297432586841854,0.265818152433405,0.2224349005941,0,0.29364050924778,0.200819642327758,0.276176428176322,0.273614544181482,0.330946617692277,0.391093050687346,0.256348527012727,0.264656042214483,0,0,0,0,0,0.361206091462208,0.327363526821136,0,0,0,0,0,0.3266658269313,0,0,0,0,0.262464791536331,0,0,0,0.329670627008785,0.340697064286187,0,0,0.468058347702026,0,0.312190729367026,0.303320909965157,0,0.359454950417468,0.264796822256196,0.238563846796751,0.270774786293819,0.237105812187548,0.208454570690808
0,0,0,0,0,0,0,0,0,0,0,0,0,0,0,0,0.334565098796572,0.31579150557518,0.424465861837885,0,0,0,0,0,0,0,0,0,0,0,0,0,0,0,0,0,0,0,0,0.573325337587294,0,0.529178472447807,0.29364050924778,0,0,0.406032349914312,0.34964394569397,0.463625263422728,0,0.542911491755928,0,0,0,0,0,0,0,0.43727599978447,0,0,0,0,0,0,0,0,0,0,0,0,0,0,0.426297488622367,0,0.470503320296605,0,0,0,0.526774736285815,0.358620375394821,0,0.39199831088384,0.363369657224371,0,0.506674182589291,0.528036822064393,0
0,0,0,0,0,0,0,0,0.314651936292648,0,0.314304500818253,0,0,0,0,0,0.278221185008685,0.271227773278952,0.240092453593648,0,0.359108343720436,0,0,0,0,0,0,0,0,0,0,0,0,0,0,0,0.326755922574263,0,0.462473183870316,0.290848445892334,0.364983022212982,0.221567742992193,0.200819642327758,0,0,0,0.340828190069823,0.285300824791193,0,0.242090945442518,0,0,0,0,0,0,0.32683006922404,0,0,0,0,0,0,0.473689727923449,0,0,0,0,0,0,0,0,0,0.462844461202621,0,0,0,0,0.29756885766983,0.332776633199414,0,0.433750632529457,0.250289871011462,0.235896863043308,0.255511422761499,0.264081686735153,0.217171725543106
0,0,0,0.238008975982666,0,0.256781326687854,0,0,0,0,0,0.282736040651798,0,0,0,0,0.293329272951399,0.28466822677537,0.305599215779115,0.399410536297812,0,0,0,0,0,0,0,0,0,0,0,0,0,0.366417124867439,0,0.20654999917167,0.22764654358228,0.221933767199516,0,0.31370251067407,0.26148933172226,0.363667013839042,0.276176428176322,0.406032349914312,0,0,0.317253494262695,0.267978353834734,0.270569425724779,0.290087229354791,0,0,0,0,0,0,0.321539908647537,0.389710391637855,0,0,0,0,0.311526030818565,0.302389562129974,0,0,0,0,0,0,0,0,0.409765888000057,0.29149004817009,0,0,0,0,0.310454747425237,0.297799698331139,0.275893105736262,0,0.258412800659398,0.187447556108236,0.337665011446752,0.365779246645744,0.25350687901179
0.472483361721039,0,0,0.278087782859802,0.185801360011101,0.272166639566422,0,0,0.323516675829887,0.249091491103172,0.371570327877998,0,0,0,0,0.27223014831543,0.320556711752592,0.289110288800051,0.352804928353316,0,0.375611497304941,0,0,0,0,0.278075493872166,0,0,0,0,0,0,0,0,0,0,0.320761338220091,0,0.39191189441416,0.362591474586063,0.246547767776867,0.308936409865107,0.273614544181482,0.34964394569397,0.340828190069823,0.317253494262695,0,0.259471982717514,0.27721656989571,0.33778268205268,0.222175640364488,0,0,0,0,0,0.350599586645641,0.29766442378362,0,0,0,0,0.314950317144394,0.377549633929867,0,0,0,0,0.272340148687363,0.302324935793877,0,0,0.337391801178455,0.376050655144017,0,0,0,0,0.369508505813659,0.379731091072929,0,0.445217575571414,0.346551130609622,0,0.317089517835799,0.284812228037761,0.270581231230781
0.385571349750866,0,0,0.295036762952805,0,0.273553744490658,0,0,0,0,0,0,0,0,0,0,0.315402641892433,0.318218664689497,0.30205494886826,0,0,0.380585914850235,0,0,0,0,0,0,0,0,0,0.497452865127005,0.580567400936687,0.54382702265496,0.35203628941117,0.379213430915013,0.161930019242896,0.437519512363192,0.342466248691767,0.310779580628717,0.178251727563994,0.336750853174532,0.330946617692277,0.463625263422728,0.285300824791193,0.267978353834734,0.259471982717514,0,0.536616519849018,0.337713751008475,0.263429939746857,0,0,0,0,0,0.434699150648984,0.321131780743599,0,0,0,0,0,0.361137843132019,0,0,0,0,0,0,0,0.37288835644722,0.336350311835607,0,0.601012130386263,0.556037477321095,0.497202405754985,0.418517333795616,0.336978424410931,0.508295940321365,0.395059639069107,0.431231898453996,0.472246136956359,0.24322634935379,0.436937387852535,0.365551623757239,0.264306113123894
0.223387706959457,0,0.172294434479305,0.294793722597328,0.23079066830022,0.274540107165064,0,0,0.205514361051952,0,0,0,0,0,0,0,0.223374277353287,0.277727290987968,0.257926821708679,0,0.31135513054,0,0.510881157482372,0,0.294769749511033,0,0,0,0,0,0,0.527755144603398,0.54024205605189,0.471288273892095,0.45128608122468,0.220668076791547,0.27916175838826,0,0.547610627949462,0.306260650445308,0.241127729032173,0.322027446329594,0.391093050687346,0,0,0.270569425724779,0.27721656989571,0.536616519849018,0,0.428651046496206,0.211383593722808,0,0,0,0.228776306698197,0,0.26781288892567,0.32130761941274,0.206740294829492,0,0.204702492029483,0,0,0.275001137233947,0,0.473843359220576,0,0.286093508273783,0,0.18242363474871,0,0.251034200191498,0.349237312873205,0.264765618368983,0.550826575607061,0,0.463847382058357,0.512000819047292,0.31345972429989,0.384279166854629,0,0.396107918470852,0.447582547414453,0.262812301516533,0.319935568982613,0.301744014024734,0.310807824134827
0,0.223256259854581,0,0.282576373194234,0,0.278312090581114,0,0,0,0.263336896896362,0,0,0,0,0,0,0.308390732515942,0.300092721357942,0.327741832014798,0,0,0.397121912847131,0,0,0,0,0,0,0,0,0,0,0,0.499909223879085,0,0.235499519854784,0.28778014332056,0.476543910971171,0.333964079618454,0.338481065020588,0,0.324390707031052,0.256348527012727,0.542911491755928,0.242090945442518,0.290087229354791,0.33778268205268,0.337713751008475,0.428651046496206,0,0,0,0,0,0,0,0,0.354324411864233,0,0,0,0,0.358495607972145,0.364303603768349,0.249622983967557,0,0.281348252444605,0,0.300029911100864,0,0.338567369660131,0,0.352386819799084,0,0.235391245931387,0,0.255710435851576,0,0.331906730576848,0.347964581516054,0.406784225611797,0.359325520694256,0.296669852606575,0.25824873149395,0.317798090709231,0.375340684715397,0.302716881036758
0.196785857392983,0,0.204969881756886,0,0.216849178626326,0,0,0,0.205158014189113,0,0.24440186843276,0,0,0,0,0,0,0,0.227829948067665,0,0.261854406487611,0,0,0,0,0,0,0,0,0,0,0,0,0,0,0,0.22853641139298,0,0.307898193597794,0,0.244682894647121,0,0.264656042214483,0,0,0,0.222175640364488,0.263429939746857,0.211383593722808,0,0,0,0.148586183786392,0,0.214854043937221,0,0.272562600418096,0,0.216548970220394,0,0.21184978391542,0,0,0.277189247608185,0,0,0,0.251763015985489,0,0,0,0,0,0.292289823293686,0,0,0,0,0,0.248884779517539,0,0,0.223438883097328,0.200630253728698,0.241746309184236,0,0
0,0.188826485322072,0,0.167249843478203,0,0.189808802472221,0,0.136794102306549,0,0.204648124483915,0,0,0,0.153267824649811,0,0,0,0,0,0,0,0,0,0,0,0,0,0,0,0,0,0,0,0,0,0,0,0,0,0,0,0,0,0,0,0,0,0,0,0,0,0,0,0.149160595489787,0,0.167832297086716,0,0,0,0.13058493916805,0,0.165959745645523,0,0,0,0,0,0,0,0,0,0,0,0,0,0,0,0,0,0,0,0,0,0,0,0,0
0,0,0,0,0.140810964300352,0,0.171034346024195,0,0,0,0,0,0,0,0,0,0,0,0,0,0.243529330600392,0,0,0,0,0,0,0,0,0,0,0,0,0,0,0,0,0,0,0,0,0,0,0,0,0,0,0,0,0,0.148586183786392,0,0,0,0,0,0,0,0,0,0,0,0,0,0,0,0,0,0,0,0,0,0,0,0,0,0,0,0,0,0,0,0.172636093885711,0.15406769482713,0,0,0
0,0,0,0,0,0,0,0.154265983593325,0,0,0,0,0,0.131251110192986,0,0,0,0,0,0,0,0,0,0,0,0,0,0,0,0,0,0,0,0,0,0,0,0,0,0,0,0,0,0,0,0,0,0,0,0,0,0.149160595489787,0,0,0,0,0,0.151077174182449,0,0.144248204098807,0,0,0,0,0,0,0,0,0,0,0,0,0,0,0,0,0,0,0,0,0,0,0,0,0,0,0
0.261774137328212,0,0.16756036984069,0,0.175024203956127,0,0,0,0.292067480605515,0,0,0,0,0,0.234026862515344,0,0.192483725456091,0.170924071222544,0,0,0,0,0,0,0.251977032423019,0,0,0,0,0,0,0,0,0,0,0,0,0,0.305954468846321,0,0,0,0,0,0,0,0,0,0.228776306698197,0,0.214854043937221,0,0,0,0,0,0,0,0.177271509399781,0,0.232225557236994,0,0,0,0,0,0,0.234494134783745,0,0,0,0,0,0,0,0,0,0,0,0,0,0.26491426342043,0.19624579846859,0,0.272887885018631,0,0
0,0.225015320569226,0,0.268847653673867,0,0.188184630344896,0,0,0,0.28233042814252,0,0,0,0,0,0,0,0,0,0,0,0,0,0.264920373496256,0,0,0,0,0,0,0,0,0,0,0,0,0,0.341657131594956,0,0,0,0,0,0,0,0,0,0,0,0,0,0.167832297086716,0,0,0,0,0,0,0,0,0,0,0,0,0,0,0.226704253431629,0,0,0,0,0,0,0,0,0,0.349275320768356,0,0,0,0.310469425031556,0,0.260572512944539,0,0.251092981014933,0,0
0.303316727280617,0,0.150615949841107,0,0.278340584288041,0.285816788673401,0,0,0,0,0.20926779482899,0,0,0,0,0,0.329500683716365,0.291820377111435,0.362949238220851,0,0.294144736055249,0,0,0,0,0,0,0,0,0,0,0,0,0.439902722835541,0,0,0.308821970262242,0,0.259522880117099,0.336375132203102,0.29445685059936,0.281599789857864,0.361206091462208,0,0.32683006922404,0.321539908647537,0.350599586645641,0.434699150648984,0.26781288892567,0,0.272562600418096,0,0,0,0,0,0,0.298290938138962,0.215390960626964,0,0.221083057481189,0,0,0.33848373220138,0,0,0,0.205937340855598,0,0,0,0.395092315971851,0,0.414237706945009,0,0,0,0,0.305987397829692,0.304135737258574,0,0.351847290992737,0.267451136878559,0.252703547477722,0.342907405849155,0,0.371862436042112
0,0,0,0.32991727689902,0,0.297020060675485,0,0.143315022190412,0,0,0,0.214186066873621,0,0.144557511074501,0,0,0.331918567419052,0.34163561463356,0.352981403950722,0.235126063227654,0,0,0,0,0,0,0,0,0,0.251661762595177,0,0,0,0,0,0,0,0,0,0.298170226461747,0.280304044485092,0.358673847586144,0.327363526821136,0.43727599978447,0,0.389710391637855,0.29766442378362,0.321131780743599,0.32130761941274,0.354324411864233,0,0,0,0.151077174182449,0,0,0.298290938138962,0,0,0.14694310900043,0,0,0.369787598833995,0.320390969514847,0,0,0,0,0,0,0,0,0.42190682058749,0.326689839363098,0,0,0,0,0.296631743701605,0.317895591259003,0,0,0.316049157252795,0,0.380318601313609,0.365814478269645,0.288669943809509
0,0,0,0,0.219005601894524,0,0.177808441221714,0,0,0,0.137930797412992,0,0.296509023755789,0,0,0,0,0,0,0,0,0,0,0,0,0,0,0,0,0,0,0,0,0,0,0,0,0,0,0,0,0,0,0,0,0,0,0,0.206740294829492,0,0.216548970220394,0,0,0,0.177271509399781,0,0.215390960626964,0,0,0,0.239093543116062,0,0,0,0,0,0,0.211078880354762,0,0.219249851173825,0,0.205993168056011,0,0,0,0,0,0,0,0,0,0,0.140401769429445,0,0.232784703373909,0,0
0,0,0,0,0,0,0,0.156578063964844,0,0,0,0,0,0.154139873882135,0,0.249453567645767,0,0,0,0,0,0,0,0,0,0,0,0.135819743573666,0,0,0,0,0,0,0,0,0,0,0,0,0,0,0,0,0,0,0,0,0,0,0,0.13058493916805,0,0.144248204098807,0,0,0,0.14694310900043,0,0,0,0.232635307312012,0,0,0,0,0,0,0,0,0.123217470943928,0,0,0,0,0,0,0,0,0,0,0,0,0,0,0,0
0.223771508889539,0,0,0,0.20928696791331,0,0,0,0.219101311130957,0,0,0,0,0,0.158733069896698,0,0.177808730517115,0.183296000957489,0,0,0,0,0,0,0,0.173738166689873,0.177416756749153,0,0,0,0,0,0,0,0,0,0,0,0,0,0,0,0,0,0,0,0,0,0.204702492029483,0,0.21184978391542,0,0,0,0.232225557236994,0,0.221083057481189,0,0.239093543116062,0,0,0,0,0,0,0,0,0.198797490199407,0.166137516498566,0.206076099747612,0,0.208852383494377,0,0,0,0,0,0,0,0,0,0,0.223552092909813,0,0,0,0
0,0,0,0,0,0,0,0,0.186659649014473,0.182043969631195,0,0,0,0,0,0.151602931320667,0.175143126269867,0.17803147320564,0.228755559772253,0,0,0,0,0,0,0.164193193117777,0,0,0,0,0,0,0,0,0,0,0,0,0,0,0,0,0,0,0,0,0,0,0,0,0,0.165959745645523,0,0,0,0,0,0,0,0.232635307312012,0,0,0,0,0,0,0,0,0.152564197778702,0,0,0,0,0,0,0,0,0,0,0,0,0,0.179649087375608,0.173629961907864,0,0,0
0,0,0,0.261877834796906,0,0.189274561901887,0,0,0,0,0,0.231296996275584,0,0,0,0,0,0,0.293518170714378,0.233266956571212,0,0,0,0,0,0,0,0,0,0,0,0,0,0,0,0.171638918285434,0.276205092668533,0.173156340606511,0,0.254518698010026,0,0.375421319646065,0,0,0,0.311526030818565,0.314950317144394,0,0,0.358495607972145,0,0,0,0,0,0,0,0.369787598833995,0,0,0,0,0,0,0,0,0,0,0,0,0,0,0.400973856449127,0,0,0,0,0,0.22793125841634,0,0.25226616403278,0,0.208067415274204,0.256318849853322,0.321132829996663,0.412837276856105,0
0.473699147051031,0,0,0.250371545553207,0.2736297166282,0.299966275691986,0,0,0,0,0.296013971213746,0,0,0,0,0,0.370060610771179,0.332076033949852,0.383425468142996,0,0.282124422490597,0,0,0,0,0,0,0,0,0,0,0,0,0,0,0,0.248795588225126,0,0.340364946528583,0.282948136329651,0.261565916400443,0.348094195127487,0.3266658269313,0,0.473689727923449,0.302389562129974,0.377549633929867,0.361137843132019,0.275001137233947,0.364303603768349,0.277189247608185,0,0,0,0,0,0.33848373220138,0.320390969514847,0,0,0,0,0,0,0,0,0,0,0,0,0,0.395536124706268,0,0.35913960974792,0,0,0,0,0.308568276464939,0.266226500512223,0,0.356367081887013,0.359068829243577,0.212945264577866,0.341155473307331,0.363837093114853,0.405980831482908
0,0,0,0,0,0,0,0,0,0,0,0,0,0,0,0,0,0,0,0,0,0.225141511694724,0,0,0,0,0,0,0,0,0,0,0,0,0,0,0,0.459828393799918,0,0,0,0,0,0,0,0,0,0,0,0.249622983967557,0,0,0,0,0,0,0,0,0,0,0,0,0,0,0,0,0.174568862535737,0,0.288259266434531,0,0.273840862119591,0,0,0,0,0,0,0,0,0,0.270663577692671,0,0.253618994727731,0,0,0,0
0,0,0,0,0,0,0,0,0,0,0,0,0,0,0,0,0.140373528003693,0,0,0,0,0,0.242456123896475,0,0.178513117962413,0,0.167529849069459,0,0,0,0,0,0,0,0,0,0,0,0.376691737533442,0,0,0,0,0,0,0,0,0,0.473843359220576,0,0,0,0,0,0,0,0,0,0,0,0,0,0,0,0,0,0,0.242621614701218,0,0.256325036152684,0,0.248752795159817,0,0,0,0,0,0,0,0,0,0.35485513861992,0.257424093196901,0,0.380588628351688,0,0
0,0.239757351577282,0,0.276458829641342,0,0,0,0,0,0.258719904948089,0,0,0,0,0,0,0,0,0,0,0,0,0,0.223492876819845,0,0.14888136397148,0,0,0,0,0,0,0,0,0,0,0,0.270751324171821,0,0,0,0,0,0,0,0,0,0,0,0.281348252444605,0,0,0,0,0,0.226704253431629,0,0,0,0,0,0,0,0,0.174568862535737,0,0,0,0.319111701514986,0,0,0,0,0,0,0,0,0,0,0,0.267523402368189,0,0.261363372206688,0,0.346362382173538,0,0
0,0,0,0,0,0,0,0,0.23770195744488,0,0,0,0,0,0,0,0,0,0,0,0,0,0.329065459115165,0,0.207255083653662,0,0,0,0,0,0,0,0,0,0,0,0,0,0.288748333715413,0,0,0,0,0,0,0,0,0,0.286093508273783,0,0.251763015985489,0,0,0,0.234494134783745,0,0.205937340855598,0,0.211078880354762,0,0.198797490199407,0,0,0,0,0.242621614701218,0,0,0,0.170286887911735,0,0,0,0,0,0,0,0,0,0,0,0.290474817992309,0,0,0.348715844596254,0,0
0,0,0,0,0,0,0,0,0.230441085994244,0.219756871461868,0,0,0,0,0.163399234414101,0.168222732841969,0.175240744370967,0.175006894074647,0.234147850762714,0,0,0,0,0.193286150693893,0,0.149220529368253,0,0,0,0,0,0,0,0,0,0,0,0,0.271977007389069,0.342522591352463,0,0,0.262464791536331,0,0,0,0.272340148687363,0,0,0.300029911100864,0,0,0,0,0,0,0,0,0,0,0.166137516498566,0.152564197778702,0,0,0.288259266434531,0,0.319111701514986,0,0,0,0.238269615386214,0,0,0,0,0,0,0,0.293648719787598,0,0,0,0.18875567941633,0,0.286994189023972,0,0.243023633956909
0,0,0,0,0,0,0,0,0.193120109538237,0,0,0,0,0,0.174434910217921,0.179067179560661,0.180644155662255,0.168158687824427,0.231403883833152,0,0,0,0.246468722820282,0.14443065226078,0.186396792531013,0.166194945573807,0.171342104673386,0,0,0,0,0,0,0,0,0,0,0,0,0,0,0,0,0,0,0,0.302324935793877,0,0.18242363474871,0,0,0,0,0,0,0,0,0,0.219249851173825,0,0.206076099747612,0,0,0,0,0.256325036152684,0,0.170286887911735,0,0,0,0.229163800968843,0,0,0,0,0,0,0,0,0,0,0.188288055229605,0.157966762781143,0.16581233929504,0,0
0,0,0,0,0,0,0,0,0,0,0,0,0,0,0,0,0,0,0,0,0,0,0,0,0,0,0,0.184574665392146,0,0,0,0,0,0,0,0,0,0,0,0,0,0,0,0,0,0,0,0,0,0.338567369660131,0,0,0,0,0,0,0,0,0,0.123217470943928,0,0,0,0,0.273840862119591,0,0,0,0.238269615386214,0,0,0,0.249387468644642,0,0,0,0,0,0,0,0.267122750729322,0,0,0,0,0,0
0,0,0,0,0,0,0,0,0,0,0.131012876401655,0,0,0,0,0,0,0,0.30255714058876,0,0.381091982126236,0,0,0,0,0,0,0,0.105764928273857,0,0.119213566184044,0,0,0,0,0,0.325608640909195,0,0,0,0,0,0,0,0,0,0,0.37288835644722,0.251034200191498,0,0,0,0,0,0,0,0.395092315971851,0,0.205993168056011,0,0.208852383494377,0,0,0.395536124706268,0,0.248752795159817,0,0,0,0.229163800968843,0,0,0,0.426853678031274,0,0,0,0,0,0.288494765758514,0,0.297219302551246,0,0,0.397828839719296,0,0
0,0,0,0.349191995767447,0,0.296654269099236,0,0,0,0,0,0.273708687722683,0,0,0,0,0.352902695536613,0.335535099109014,0.386796036362648,0,0,0,0,0,0,0,0,0.207085893342369,0,0.154233624616628,0,0,0,0.353655964136124,0,0,0,0.149853896349669,0,0.323631424253637,0,0.359057082845506,0.329670627008785,0.426297488622367,0,0.409765888000057,0.337391801178455,0.336350311835607,0.349237312873205,0.352386819799084,0,0,0,0,0,0,0,0.42190682058749,0,0,0,0,0.400973856449127,0,0,0,0,0,0,0,0.249387468644642,0,0,0,0.306288152933121,0,0,0,0.318252442086615,0,0.272371651973454,0,0.348141515708488,0,0.393928562875662,0.377423020926389,0.316358417272568
0,0,0,0.305364042520523,0.299753531813622,0,0,0,0,0,0.424343571066856,0,0,0,0,0,0.368714438544379,0.317942932248116,0.35043632264795,0,0.336217427109307,0,0,0,0,0,0,0,0,0,0.335725032857486,0,0,0,0,0,0.315572798851147,0,0.361788541078568,0,0.319159083068371,0.276721388101578,0.340697064286187,0,0.462844461202621,0.29149004817009,0.376050655144017,0,0.264765618368983,0,0.292289823293686,0,0,0,0,0,0.414237706945009,0.326689839363098,0,0,0,0,0,0.35913960974792,0,0,0,0,0,0,0,0.426853678031274,0,0,0,0,0,0,0.311686664819717,0.312273129502649,0,0.293941647870334,0.357991120219231,0,0.347794685177702,0,0.323240876197815
0,0,0,0,0,0,0,0,0,0,0,0,0,0,0,0,0,0.310130998492241,0.308364394638273,0,0,0,0,0,0,0,0,0,0,0,0,0.493095001659283,0.535221915235483,0.414136057269984,0,0.211000519494216,0,0,0,0.258441280041422,0,0.30365627532204,0,0.470503320296605,0,0,0,0.601012130386263,0.550826575607061,0.235391245931387,0,0,0,0,0,0,0,0,0,0,0,0,0,0,0,0,0,0,0,0,0,0,0.306288152933121,0,0,0.327653647959232,0.442012191299469,0.553396681944529,0.189046091295236,0.586553390942586,0,0.475471198558807,0.337332666665316,0,0.318949444426431,0.317833107709885,0
0,0,0,0,0,0,0,0,0,0,0,0,0,0,0,0,0,0,0,0,0,0,0,0,0,0,0,0,0,0,0,0.288321374134554,0.290460206648984,0.270989552140236,0.316737052053213,0,0,0,0,0,0,0,0,0,0,0,0,0.556037477321095,0,0,0,0,0,0,0,0,0,0,0,0,0,0,0,0,0,0,0,0,0,0,0,0,0,0,0.327653647959232,0,0.286077330058271,0.304271843397256,0,0.3196282578113,0,0,0.196136683225632,0,0,0,0
0,0,0,0,0,0,0,0,0,0.355334967374802,0,0,0,0,0,0,0,0,0,0,0,0,0,0,0,0,0,0,0,0,0,0.387255074287003,0.42468164735454,0.308651669412504,0.41687332445801,0.231057684269606,0.18922327489269,0.310336963014884,0,0,0,0,0.468058347702026,0,0,0,0,0.497202405754985,0.463847382058357,0.255710435851576,0,0,0,0,0,0.349275320768356,0,0,0,0,0,0,0,0,0,0,0,0,0,0,0,0,0,0,0.442012191299469,0.286077330058271,0,0.17880741606156,0.2840190636806,0.472049203183916,0.289148588738744,0.449042439460754,0.343790538394402,0,0.442716663082441,0,0
0,0,0,0,0,0,0,0,0,0,0,0,0,0,0,0,0,0,0,0,0,0,0,0,0,0,0,0,0,0,0,0.541404763857524,0.373824451746963,0.164628254655582,0.221600767795547,0,0,0,0.257036594906822,0,0,0,0,0,0,0,0,0.418517333795616,0.512000819047292,0,0,0,0,0,0,0,0,0,0,0,0,0,0,0,0,0,0,0,0,0,0,0,0,0,0.553396681944529,0.304271843397256,0.17880741606156,0,0,0.302591371741004,0,0.315800037445627,0.151218054013524,0,0,0,0
