0,0,42.4570465683937,0,0,0,0,0,111.149190247059,0,0,0,0,0,0,0,0.933342814445496,0,88.4982175827026,0,0.320335775613785,0,0,0,38.0784239470959,0,0,0,0,0,0,0,0,0,0,0,0,0,44.2115472704172,0,0,0,3.26872244477272,0,0,0,0,1.62769025564194,69.0345988571644,0,0,0,0,0,17.2237319946289,0,0.273131519556046,0,3.73500518500805,0,24.9354618042707,0,0,1.48867040872574,0,0,0,77.7572736591101,0,54.9117211550474,0,0,0,3.2351590692997,0,0,0,0,0,0,0,9.68024913966656,29.1812254339457,0,97.0844961702824,0,0.289080709218979
0,0,0,64.8611698746681,0,0,0,0,0,137.178033486009,0,0,0,0,0,0,0,0,12.2058723270893,0,0,1.83818456530571,0,8.87250242382288,0,0,0,0,0,0,0,0,0,0,0,0,0,34.1982331573963,0,0,0,7.13419389724731,0,0,0,0,0,17.0301007330418,0,210.277612730861,0,0,0,0,0,55.2978656738997,0,0,0,1.12693136930466,0,94.8827341198921,0,0,1.71883842349052,0,9.22539315372705,0,6.54872533679008,0,0,0,0,0,0,0,0,0,0,0,11.3296472579241,0,59.2392930239439,0,176.0959071666,0,0
42.4570465683937,0,0,0,8.56056030094624,0,0,0,59.5977079570293,0,0,0,0,0,0,0,0.294989466667175,0,4.8173119276762,0,0.555136203765869,0,0,0,1.55248844623566,0,0,0,0,0,0,0,0,0,0,0,0,0,19.4936027377844,0,0,0,23.2437654584646,0,0,0,55.7486685663462,1.82088753581047,297.978545799851,0,32.0005860328674,0,0,0,75.2078371047974,0,3.70123983919621,0,13.1747797727585,0,39.8824838846922,0,0,4.41354210674763,0,0,0,8.77640107274055,0,0,0,0,0,16.9485758244991,0,0,0,0,0,0,0,32.0325778871775,26.2151279896498,0,647.81838029623,0,0
0,64.8611698746681,0,0,0,33.4843751192093,0,0,0,21.1203281581402,0,0,0,0,0,3.08826610445976,0,0.268515318632126,0.181592047214508,1.48640304803848,0,0,0,0.317851096391678,0,0,0,0,0,0,0,0,0,0,0,0,0,2.52648392319679,0,0,0,15.8929315656424,0,0,0,2.44500061869621,0,2.90853019058704,0,58.6574905216694,0,0.665963709354401,0,0,0,30.1352789103985,0,0.943669021129608,0,4.38134771585464,0,111.356518447399,1.01883344352245,0,0,0,0.150065898895264,0,0,0,1.53514368832111,0,4.95846883952618,0,0,0,0,0,0,0,2.79939405620098,0,67.5264900177717,0,873.494456857443,0.436697095632553,0
0,0,8.56056030094624,0,0,0,12.4291644096375,0,0,0,0,0,0.356395870447159,0,0,0,0,0,0,0,0,0,0,0,0,0,0,0,0,0,0,0,0,0,0,0,0,0,0,0,0,0,0,0,0,0,0,0,0,0,259.421073779464,0,49.3357694447041,0,55.1219673156738,0,28.0885823667049,0,11.8604394197464,0,4.91733402013779,0,0,2.03311157226562,0,0,0,0,0,0,0,0,0,0.274445593357086,0,0,0,0,0,0,0,0,0.325169324874878,0,119.327286109328,0,0
0,0,0,33.4843751192093,0,0,0,0,0,0,0,0,0,0,0,0,0,0,0,7.08780682086945,0,0,0,0,0,0,0,0,0,0,0,0,0,0,0,0,0,0,0,0,0,0,0,0,0,0,0,0,0,0,0,0,0,0,0,0,0,0,0,0,0,0,3.5030751824379,0,0,0,0,0,0,0,0,0,0,0,0,0,0,0,0,0,0,0,1.77990162372589,0,43.2151425480843,0,0
0,0,0,0,12.4291644096375,0,0,0,0,0,3.23698398470879,0,0.248957395553589,0,0,0,0,0,0,0,0,0,0,0,0,0,0,0,0,0,0,0,0,0,0,0,0,0,0,0,0,0,0,0,0,0,0,0,0,0,0,0,128.374922513962,0,0,0,48.2862512171268,0,39.2672885805368,0,0,0,0,0,0,0,0,0,0,0,0,0,0,0,0,0,0,0,0,0,0,0,20.5021691322327,0,0,0,0
0,0,0,0,0,0,0,0,0,0,0,0,0,0,0,0,0,0,0,0,0,0,0,0,0,0,0,0,0,0,0,0,0,0,0,0,0,0,0,0,0,0,0,0,0,0,0,0,0,0,0,0,0,0,0,0,0,6.12662887573242,0,0,0,0,0,0,0,0,0,0,0,0,0,0,0,0,0,0,0,0,0,0,0,0,0,0,0,0,0
111.149190247059,0,59.5977079570293,0,0,0,0,0,0,0,0,0,0,0,0,0,1.27020874619484,0,0,0,0,0,0,0,136.54982008785,0,0.403401792049408,0,0,0,0,0,0,0,0,0,0,0,65.6895876973867,0,0,0,0,0,0,0,1.49120938777924,0,12.6711021065712,0,0,0,0,0,124.470306053758,0,0,0,0,0,9.40274402499199,0,0,0,0,0,0,270.975079655647,0,34.6519137918949,0,0,0,0,0,0,0,0,0,0,0,33.9216857403517,49.552684545517,0,9.41865912079811,0,0
0,137.178033486009,0,21.1203281581402,0,0,0,0,0,0,0,0,0,0,0,3.51199154555798,0,0,0,0,0,18.2273728251457,0,9.82484932988882,0,0,0,0,0,0,0,0,0,0,0,0,0,160.394828505814,0,0,0,0,0,0,0,0,0,43.6039221957326,0,35.7262956947088,0,0,0,0,0,274.100414782763,0,0,0,0,0,7.18541696667671,0,0,21.8669826984406,0,16.5224129632115,0,0.889471188187599,0,0.206644415855408,0,0,0,0,0,0,0,0,0,121.374236553907,0,98.029183357954,0,9.92959174513817,0,0
0,0,0,0,0,0,3.23698398470879,0,0,0,0,0,183.985469684005,0,0,0,0,0,0,0,57.21503251791,0,0,0,0,0,0,0,17.6151493191719,0,50.1326195597649,0,0,0,0,0,0,0,497.836038410664,0,0,0,0,0,0,0,0,0,0,0,0,0,30.8341888189316,0,0,0,2137.31649433076,0,115.133405953646,0,0,0,0,7.00069662928581,0,0,0,0,0,0,0,0.199656531214714,0,317.277627810836,0,0,0,0,0,0,0,52.2781750559807,278.362412810326,0,0,0,0
0,0,0,0,0,0,0,0,0,0,0,0,0,87.3539769053459,0,0,0,0,0,604.01982294023,0,0,0,0,0,0,0,0,0,192.240563452244,0,0,0,0,0,0,0,388.418990522623,0,0,0,0,0,0,0,0,0,0,0,0,0,0,0,0,0,0,0,927.411117643118,0,193.598208189011,0,0,211.974784582853,0,0,0,0,0,0,0,58.2336368560791,0,33.5381184369326,0,0,0,0,0,0,0,25.3411291837692,0,74.9021847248077,0,7.02968406677246,0,0
0,0,0,0,0.356395870447159,0,0.248957395553589,0,0,0,183.985469684005,0,0,0,3.79958289861679,0,0,0,0,0,0,0,0,0,0,0,0,0,135.284817904234,0,0,0,0,0,0,0,0,0,0,0,0,0,0,0,0,0,0,0,0,0,0,0,0,0,0,0,43.203562527895,0,964.584573730826,0,1.2728933095932,0,0,0,0,0,0,0,0,0,0,46.0760772079229,0,0,0,0,0,0,0,0,0,0,42.2079486846924,0,0,0,0
0,0,0,0,0,0,0,0,0,0,0,87.3539769053459,0,0,0,0,0,0,0,0,0,0,0,0,0,0,0,28.2242545485497,0,0,0,0,0,0,0,0,0,0,0,0,0,0,0,0,0,0,0,0,0,0,0,0,0,0,0,0,0,0,0,156.664250820875,0,0,0,0,0,0,0,0,0,0,35.5279646515846,0,0,0,0,0,0,0,0,0,0,0,16.6547021865845,9.10196304321289,0,0,0
0,0,0,0,0,0,0,0,0,0,0,0,3.79958289861679,0,0,0,46.6466421484947,0,0.997927606105804,0,0,0,0,0,0,0,0,0,0,0,0,0,0,0,0,0,0,0,0,0,0,0,0,0,0,0,0,0,0,0,0,0,0,0,0,0,0,0,3.2079556286335,0,107.730804651976,0,0,0,0,0,0,0,0,0,0,0,0,0,0,0,0,0,0,0,0,0,0,0,1.50890052318573,0,0.312970817089081
0,0,0,3.08826610445976,0,0,0,0,0,3.51199154555798,0,0,0,0,0,0,0,0,0,0,0,0.170294314622879,0,7.03896546363831,0,1,0,1.38634553551674,0,0,0,0,0,0,0,0,0,1.78250232338905,0,0,0,0,0,0,0,0,0,0.190653219819069,0,0,0,0,0,0,0,10.0424561500549,0,0,0,2.05915665626526,0,31.0315287709236,0,0,0.807931333780289,0,0.446717873215675,0,0.576521143317223,0,5.78626921772957,0,0,0,0,0,0,0,0,0,2.69370628893375,0,1,0,0,0,0
0.933342814445496,0,0.294989466667175,0,0,0,0,0,1.27020874619484,0,0,0,0,0,46.6466421484947,0,0,7450.97794546187,3155.22255453467,0,10.2928001135588,0,0,0,0,0,15.2909457683563,0,0,0,0,0,0,0,0,0,0,0,0.580178380012512,0,0,35.0264594107866,428.507691480219,21.717290610075,48.138080060482,3.07527640461922,0,0,14.6650004684925,0,0,0,0,0,0,0,0.484018206596375,0,0,0,0,0,0,21.5822499841452,0,0,0,0,0,0,0.244007661938667,1.74607129395008,0,78.5001635104418,0,0,0,0,0,0,1.77819085121155,63.4873651117086,2640.77062027901,13.7402011007071,299.12180954963,10.8192032724619,50.6330974549055
0,0,0,0.268515318632126,0,0,0,0,0,0,0,0,0,0,0,0,7450.97794546187,0,3263.32729453593,0,3.34171938896179,0,0,0,0,4.32726794481277,0,0,0,0,0,0,0,0,0,0,0,0,0,0,0,235.014183409512,27.5853315442801,99.5809923261404,4.4569011926651,25.6286149024963,0,0,0.902239739894867,22.5904395878315,0,0,0,0,0,0,0,1.15304593741894,0,0,0,0,0.246720790863037,1.05817568302155,0,0,0,0,0,0,5.05540393292904,0,35.4956004917622,0,0,0,0,0,0.190236777067184,0,22.288081549108,0.968481689691544,3409.8479372412,1169.39455521107,130.053550466895,64.2045278698206,3.48227840662003
88.4982175827026,12.2058723270893,4.8173119276762,0.181592047214508,0,0,0,0,0,0,0,0,0,0,0.997927606105804,0,3155.22255453467,3263.32729453593,0,0,28.0001851320267,0,0,0,0,0,0,0,0,0,0,0,0,0,0,0,0,0,0.430325776338577,1.14274823665619,0,1969.95074318349,1872.68671558797,715.990582436323,403.725490748882,111.924745932221,2.14392536878586,0,44.8245993852615,100.33683745563,0,0,0,0,0,0,1.07000821828842,2.60488338768482,0.187752231955528,0,0.794177085161209,0,0.171949848532677,40.1790986061096,1.07836675643921,0,0,0,0,0,12.876191213727,0,121.995473265648,142.174980252981,0,0,0,0,0,1.37891018390656,117.975610971451,127.225861147046,2825.3083775267,8.96660532057285,2622.36553431302,557.781511798501,230.89966379106
0,0,0,1.48640304803848,0,7.08780682086945,0,0,0,0,0,604.01982294023,0,0,0,0,0,0,0,0,0,0,0,0,0,0,0,0,0,0,0,0,0,0,0,211.136049821973,0,228.120420902967,0,2.88432332873344,0,0,0,0,0,0.281553626060486,0,0,0,0,0,0,0,0,0,0,0,28.0311044454575,0,0,0,0,716.658844128251,0,0,0,0,0,0,0,0,0,0.625950157642365,0,0,0,0,0,149.761141061783,0,51.1326839327812,0,71.7573775202036,8.27399492263794,119.960608407855,0,0
0.320335775613785,0,0.555136203765869,0,0,0,0,0,0,0,57.21503251791,0,0,0,0,0,10.2928001135588,3.34171938896179,28.0001851320267,0,0,0,0,0,0,0,0,0,0,0,0,0,0,0,0,0,447.954384639859,0,52.304459631443,0,0,0,10.9989760518074,0,0.985750675201416,0,96.9198409616947,0,0,0,0,0,0,0,0,0,143.214424461126,0,0,0,0.217259228229523,0,0,1542.65232285857,0,0,0,0,0,0,0,0,0,49.6580840796232,0,0,0,0,0,114.094417914748,0,20.1990743279457,42.7553493380547,0,143.194983482361,0,7.83057868480682
0,1.83818456530571,0,0,0,0,0,0,0,18.2273728251457,0,0,0,0,0,0.170294314622879,0,0,0,0,0,0,10.7264201939106,127.915049791336,0,136.769340693951,0,165.14726498723,0,0,0,0,0,0,0,0,0,469.335257515311,0,0,0,0,0,0,0,0,0,6.7468010187149,0,39.7155768722296,0,0,0,0,0,10.4805552214384,0,0,0,0,0,11.4772193580866,0,0,4357.31881295145,0,196.158486008644,0,290.886966869235,0,137.084304571152,0,1.52813738584518,0,0,0,0,0,0,0,294.242126986384,0,950.793790921569,39.4033759236336,0.235114678740501,0,0
0,0,0,0,0,0,0,0,0,0,0,0,0,0,0,0,0,0,0,0,0,10.7264201939106,0,0,0,0,13.3924809396267,0,156.741736590862,0,0,0,0,0,0,0,0,0,740.030082240701,0,0,0,0,0,0,0,0,0,186.625392943621,0,0,0,0,0,0,0,0,0,0,0,0,0,0,0,0,3585.44286587834,0,0,0,37.503282815218,0,131.337734311819,0,0,0,0,0,0,0,0,0,173.10264736414,505.581587195396,40.1189287900925,0,0,0
0,8.87250242382288,0,0.317851096391678,0,0,0,0,0,9.82484932988882,0,0,0,0,0,7.03896546363831,0,0,0,0,0,127.915049791336,0,0,0,4.85074111819267,0,0,0,0,0,0,0,0,0,0,0,53.2285509109497,0,0,0,0,0,0,0,0,0,3.6597580909729,0,22.3052837625146,0,0,0,0,0,61.2026798054576,0,0,0,0,0,39.6860559210181,0,0,30.9827741086483,0,124.050614982843,0,101.373242229223,0,0,0,0,0,0,0,0,0,0,0,6.81533414125443,0,8.07967606186867,0,0,0,0
38.0784239470959,0,1.55248844623566,0,0,0,0,0,136.54982008785,0,0,0,0,0,0,0,0,0,0,0,0,0,0,0,0,0,19.2675306797028,0,0,0,0,0,0,0,0,0,0,0,43.4852901995182,0,0,0,0,0,0,0,0,0,0,0,0,0,0,0,24.9524943232536,0,0,0,2.45830525457859,0,12.5014382004738,0,0,0,0,0,0,73.3276589363813,0,83.2115982472897,0,0,0,0,0,0,0,0,0,0,0,13.1203906238079,75.3504381775856,0,0,0,0
0,0,0,0,0,0,0,0,0,0,0,0,0,0,0,1,0,4.32726794481277,0,0,0,136.769340693951,0,4.85074111819267,0,0,0,57.402219504118,0,0,0,0,0,0,0,0,0,0,0,0,0,0,0,0,0,0,0,0,0,0.181224375963211,0,0,0,0,0,1.61251327395439,0,0,0,22.707722440362,0,24.0608495697379,0,0,154.095688164234,0,0.607763946056366,0,588.176850900054,0,37.4223980158567,0,0,0,0,0,0,0,0,0,0,0,7.54987907409668,0,0,0,0
0,0,0,0,0,0,0,0,0.403401792049408,0,0,0,0,0,0,0,15.2909457683563,0,0,0,0,0,13.3924809396267,0,19.2675306797028,0,0,0,55.1987284421921,0,0,0,0,0,0,0,0,0,0,0,0,0,0,0,0,0,0,0,0,0,0,0,0,0,0,0,0,0,0.949474334716797,0,21.4626400321722,0,0,0,0,49.7779605686665,0,0,0,247.978823453188,0,26.3217820227146,0,0,0,0,0,0,0,0,0,0,0,0,0,0,0
0,0,0,0,0,0,0,0,0,0,0,0,0,28.2242545485497,0,1.38634553551674,0,0,0,0,0,165.14726498723,0,0,0,57.402219504118,0,0,0,49.5667870938778,0,0,0,0,0,0,0,171.272329568863,0,0,0,0,0,0,0,0,0,0,0,0,0,0,0,0,0,0,0,0,0,19.6941603571177,0,23.736695766449,0,0,177.724796444178,0,0,0,17.6309863626957,0,1655.31032105535,0,1.79816921055317,0,0,0,0,0,0,0,66.8543701469898,0,81.9432738721371,4.73566162586212,0,0,0
0,0,0,0,0,0,0,0,0,0,17.6151493191719,0,135.284817904234,0,0,0,0,0,0,0,0,0,156.741736590862,0,0,0,55.1987284421921,0,0,0,255.7408772856,0,0,0,0,0,0,0,82.6222217977047,0,0,0,0,0,0,0,0,0,0,0,0,0,0,0,0,0,0,0,44.0925954729319,0,0,0,0,0,0,66.4979838430882,0,0,0,18.9332816302776,0,1555.32134171575,0,2.56551899015903,0,0,0,0,0,0,0,84.7808862477541,14.2377206981182,0,0,0,0
0,0,0,0,0,0,0,0,0,0,0,192.240563452244,0,0,0,0,0,0,0,0,0,0,0,0,0,0,0,49.5667870938778,0,0,0,0,0,0,0,0,0,107.591452747583,0,0,0,0,0,0,0,0,0,0,0,0,0,0,0,0,0,0,0,10.7417574226856,0,0,0,0,0,0,0,0,0,0,0,0,130.655156910419,0,487.686635330319,0,0,0,0,0,0,0,0.945446074008942,0,6.83944433927536,0,0,0,0
0,0,0,0,0,0,0,0,0,0,50.1326195597649,0,0,0,0,0,0,0,0,0,0,0,0,0,0,0,0,0,255.7408772856,0,0,0,0,0,0,0,0,0,277.051773279905,0,0,0,0,0,0,0,0,0,0,0,0,0,0,0,0,0,46.8938436508179,0,0,0,0,0,0,0,0,0,0,0,0,0,0,183.137657791376,0,655.888483211398,0,0,0,0,0,0,0,78.7839172929525,0.253208935260773,0,0,0,0
0,0,0,0,0,0,0,0,0,0,0,0,0,0,0,0,0,0,0,0,0,0,0,0,0,0,0,0,0,0,0,0,101.831436663866,34.389201939106,0,130.919454187155,36.9020590186119,0,0,7.90510779619217,9.21015813946724,0,0,0,0,0,0,205.59938287735,34.892540127039,1.88727605342865,0,0,0,0,0,0,0,0,0,0,0,0,0,0,0,0,0,0,0,0,0,0,0,0,747.890380710363,193.927387028933,33.3858987987041,0,489.413023173809,61.8870848417282,0,0,173.025168657303,0,0,0,0
0,0,0,0,0,0,0,0,0,0,0,0,0,0,0,0,0,0,0,0,0,0,0,0,0,0,0,0,0,0,0,101.831436663866,0,3.08339667320251,4.94512811303139,1.42659831047058,108.404254823923,0,0,6.82789924740791,2.75095117092133,0,0,0,0,0,6.65937869250774,1616.13800151646,10.5819992274046,0,0,0,0,0,0,0,0,0,0,0,0,0,0,0,0,0,0,0,0,0,0,0,0,0,111.729735925794,1122.64279921353,0,82.8971477597952,19.9992510080338,64.6418336629868,0,0,107.636791110039,0,9.5583570599556,0,0
0,0,0,0,0,0,0,0,0,0,0,0,0,0,0,0,0,0,0,0,0,0,0,0,0,0,0,0,0,0,0,34.389201939106,3.08339667320251,0,76.5147135853767,673.136283606291,19.5664973258972,229.62649539113,2.20981705188751,0,0,0,0,0,0,0,0,730.508800968528,0,0,0,0,0,0,0,0,0,0,0,0,0,0,0,0,0,0,0,0,0,0,0,0,0,0,4.52954950928688,0,1645.1404029727,51.4379791021347,312.735612511635,0,409.508150428534,1.39044153690338,300.827954769135,55.77954018116,0,0,0
0,0,0,0,0,0,0,0,0,0,0,0,0,0,0,0,0,0,0,0,0,0,0,0,0,0,0,0,0,0,0,0,4.94512811303139,76.5147135853767,0,0,402.416711270809,0,142.521957531571,0,0,0,0,0,0,0,0,985.237341225147,6.60138690471649,0,0,0,0,0,0,0,0,0,0,0,0,0,0,0,0,0,0,0,0,0,0,0,0,0,0,81.7256084382534,5.59277868270874,2068.9453625828,0,193.60641053319,0,395.903396487236,107.523832887411,1.69191026687622,0,0,0
0,0,0,0,0,0,0,0,0,0,0,0,0,0,0,0,0,0,0,211.136049821973,0,0,0,0,0,0,0,0,0,0,0,130.919454187155,1.42659831047058,673.136283606291,0,0,364.347349822521,1535.3381575346,0,62.0702612549067,28.6746302247047,0.645079970359802,0,0,0,95.4423780441284,0,120.594631701708,24.9087689071894,6.34361010789871,0,0,0,0,0,0,0,0,0,0,0,0,532.362992465496,0,0,0,0,0,0,0,0,0,0,0,7.63197113573551,1.3674384355545,298.276833742857,0,11562.5354823023,12.1383765786886,549.841346219182,0,730.31969332695,1.71091830730438,121.149418234825,0,0
0,0,0,0,0,0,0,0,0,0,0,0,0,0,0,0,0,0,0,0,447.954384639859,0,0,0,0,0,0,0,0,0,0,36.9020590186119,108.404254823923,19.5664973258972,402.416711270809,364.347349822521,0,0,1357.55126111954,0,1.39048308134079,0,0,0,0,0,0.549168467521667,7.68054807186127,2.6692296564579,0,0,0,0,0,0,0,0,0,0,0,0,0,0,222.861262127757,0,0,0,0,0,0,0,0,0,0,0,76.0533221065998,0,215.133241117001,4.27303762733936,15992.5679252818,0,929.646645210683,2283.03875906765,50.7948972731829,14.0473126620054,0,0
0,34.1982331573963,0,2.52648392319679,0,0,0,0,0,160.394828505814,0,388.418990522623,0,0,0,1.78250232338905,0,0,0,228.120420902967,0,469.335257515311,0,53.2285509109497,0,0,0,171.272329568863,0,107.591452747583,0,0,0,229.62649539113,0,1535.3381575346,0,0,74.3198280930519,0,0,1.90788698196411,0,0,0,0,0,305.587393954396,0,110.619322136045,0,0,0,0,0,117.97052142024,0,108.765087634325,0,0,0,33.0018837153912,7.42566551268101,0,359.147183805704,0,139.987365782261,0,0,0,36.7492960393429,0,734.262494802475,0,0,0,157.417799711227,0,295.317090213299,0,14318.6769843847,6.83340978622437,2118.83741229028,197.77064268291,103.04925173521,0,0
44.2115472704172,0,19.4936027377844,0,0,0,0,0,65.6895876973867,0,497.836038410664,0,0,0,0,0,0.580178380012512,0,0.430325776338577,0,52.304459631443,0,740.030082240701,0,43.4852901995182,0,0,0,82.6222217977047,0,277.051773279905,0,0,2.20981705188751,142.521957531571,0,1357.55126111954,74.3198280930519,0,0,0,0,6.60108515620232,0,0,0,1.21773824095726,458.04070314765,51.7599373459816,0,0,0,0,0,30.0023956596851,0,73.6835532486439,0,5.00371706485748,0,3.28998221457005,0,0,0.913862943649292,0,177.523788198829,0,390.635025769472,0,0,0,58.1081396639347,0,136.081249266863,0,0,0,254.804213151336,0,573.55553163588,0,15858.3799028248,1686.95967854559,0.707021057605743,83.0523580163717,0,0
0,0,0,0,0,0,0,0,0,0,0,0,0,0,0,0,0,0,1.14274823665619,2.88432332873344,0,0,0,0,0,0,0,0,0,0,0,7.90510779619217,6.82789924740791,0,0,62.0702612549067,0,0,0,0,46.209302932024,1603.4969612658,0,1.73216104507446,0,678.063014410436,15.8035396337509,13.5713618844748,11.4928200915456,277.87641826272,0,0,0,0,0,0,0,0,0,0,0,0,179.941519409418,0,0,0,0,0,0,0,0,0,0,0,5.04793971776962,3.08566075563431,0,0,1896.43031214178,15.3190525025129,30.4689121246338,0,9.98013252019882,0,2597.06925945729,0,0
0,0,0,0,0,0,0,0,0,0,0,0,0,0,0,0,0,0,0,0,0,0,0,0,0,0,0,0,0,0,0,9.21015813946724,2.75095117092133,0,0,28.6746302247047,1.39048308134079,0,0,46.209302932024,0,0,128.110612690449,0,0,4.71931438148022,697.402667969465,230.89745849371,119.034562110901,36.4423772990704,0,0,0,0,0,0,0,0,0,0,0,0,1.41744256019592,244.55389367044,0,0,0,0,0,0,0,0,0,0,18.6759212762117,6.19272795319557,0,0,205.752741456032,1102.56275352836,0,0,2.60930660367012,0,2142.86419759691,0,0
0,7.13419389724731,0,15.8929315656424,0,0,0,0,0,0,0,0,0,0,0,0,35.0264594107866,235.014183409512,1969.95074318349,0,0,0,0,0,0,0,0,0,0,0,0,0,0,0,0,0.645079970359802,0,1.90788698196411,0,1603.4969612658,0,0,145.981796234846,291.701946556568,2.30638164281845,507.79047575593,0,18.0824271142483,0,927.400518193841,0,0,0,0,0,0,0,26.9006986916065,0,0,0,0.537713050842285,45.5662894099951,0,2.70567712187767,0,0,0,1.98588338494301,0,80.4266918897629,0,265.746990561485,0,0,0,0,0,942.869199439883,0,212.008439436555,0,1212.39935806394,0.360672205686569,5268.26537781954,2521.00583662093,3.24928516149521
3.26872244477272,0,23.2437654584646,0,0,0,0,0,0,0,0,0,0,0,0,0,428.507691480219,27.5853315442801,1872.68671558797,0,10.9989760518074,0,0,0,0,0,0,0,0,0,0,0,0,0,0,0,0,0,6.60108515620232,0,128.110612690449,145.981796234846,0,12.3345587849617,190.660026952624,16.5333011448383,221.188354179263,37.4251727610826,865.738399982452,0,0.985844120383263,0,0,0,1.08951625227928,0,25.2787555456161,0,5.8279999345541,0,1.08488392829895,0,0,55.5970293879509,0,0,0,0,0,0,0,13.6294240951538,0.421657562255859,377.783467337489,0,2.03486201167107,0,0.23360338807106,0,141.038405567408,0,247.402296617627,1110.71177706122,17.145983286202,6415.95588588715,1.17094850540161,1677.80618353188
0,0,0,0,0,0,0,0,0,0,0,0,0,0,0,0,21.717290610075,99.5809923261404,715.990582436323,0,0,0,0,0,0,0,0,0,0,0,0,0,0,0,0,0,0,0,0,1.73216104507446,0,291.701946556568,12.3345587849617,0,23.2273475527763,90.7282286286354,0,0,0,5.78475254774094,0,0,0,0,0,0,0,0,0,0,0,0,0,0,0,0,0,0,0,0,0,0,2.64579677581787,0,0,0,0,0,0,0,5.05527600646019,0,236.935996331275,15.6775863319635,232.232242926955,79.0991023778915,0.236529618501663
0,0,0,0,0,0,0,0,0,0,0,0,0,0,0,0,48.138080060482,4.4569011926651,403.725490748882,0,0.985750675201416,0,0,0,0,0,0,0,0,0,0,0,0,0,0,0,0,0,0,0,0,2.30638164281845,190.660026952624,23.2273475527763,0,3.31643629074097,1.55557560920715,0,0,0.784793853759766,0,0,0,0,0,0,0,0,0,0,0,0,0,0,0,0,0,0,0,0,0,0,0,6.24913319945335,0,0,0,0,0,0,0,1.32660871744156,66.993911601603,12.5404047518969,204.268230393529,2.41664153337479,9.06732329726219
0,0,0,2.44500061869621,0,0,0,0,0,0,0,0,0,0,0,0,3.07527640461922,25.6286149024963,111.924745932221,0.281553626060486,0,0,0,0,0,0,0,0,0,0,0,0,0,0,0,95.4423780441284,0,0,0,678.063014410436,4.71931438148022,507.79047575593,16.5333011448383,90.7282286286354,3.31643629074097,0,62.1075505018234,0,0,76.6077196598053,0,0,0,0,0,0,0,1.16952474415302,0,0,0,0,1421.62203228474,0,0,0,0,0,0,0,2.30260820686817,0,40.7537142634392,0,0,0.194926083087921,0,0,1366.20538561046,0.393971174955368,39.1755868494511,0,128.051654100418,0.457682311534882,3228.30968631804,32.8626861572266,1.24459326267242
0,0,55.7486685663462,0,0,0,0,0,1.49120938777924,0,0,0,0,0,0,0,0,0,2.14392536878586,0,96.9198409616947,0,0,0,0,0,0,0,0,0,0,0,6.65937869250774,0,0,0,0.549168467521667,0,1.21773824095726,15.8035396337509,697.402667969465,0,221.188354179263,0,1.55557560920715,62.1075505018234,0,30.6177640855312,156.519403316081,0,1.6812895834446,0,0,0,0.738261684775352,0,20.6431235969067,0,0.800746962428093,0,3.75763294100761,0,0,3243.10818511248,0,0,0,0,0,0,0,0,0,100.408147141337,3.51773963868618,20.3154511451721,0,0,21.9071474671364,1249.45283852518,0,107.080816581845,89.4003525972366,0,3695.35939995944,0,0
1.62769025564194,17.0301007330418,1.82088753581047,2.90853019058704,0,0,0,0,0,43.6039221957326,0,0,0,0,0,0.190653219819069,0,0,0,0,0,6.7468010187149,0,3.6597580909729,0,0,0,0,0,0,0,205.59938287735,1616.13800151646,730.508800968528,985.237341225147,120.594631701708,7.68054807186127,305.587393954396,458.04070314765,13.5713618844748,230.89745849371,18.0824271142483,37.4251727610826,0,0,0,30.6177640855312,0,1657.63384767622,365.903923757374,0,0,0,0,2.68158119916916,52.274429038167,0,0,0,0,0,6.88921782374382,0,0,6.22024583816528,0,13.5150091946125,0,0,0,0,0,0,0,1088.48393009603,1316.02805528045,866.025384277105,517.302490726113,1551.32781065255,2196.61369532347,388.457583010197,639.407276198268,1197.08122235537,9.3188933134079,267.80984993279,0,0
69.0345988571644,0,297.978545799851,0,0,0,0,0,12.6711021065712,0,0,0,0,0,0,0,14.6650004684925,0.902239739894867,44.8245993852615,0,0,0,186.625392943621,0,0,0,0,0,0,0,0,34.892540127039,10.5819992274046,0,6.60138690471649,24.9087689071894,2.6692296564579,0,51.7599373459816,11.4928200915456,119.034562110901,0,865.738399982452,0,0,0,156.519403316081,1657.63384767622,0,119.244164459407,0,0,0,0,14.7852548956871,0,83.2801771610975,0,95.6767613589764,0,64.2913693636656,0,0,1.19445967674255,0,634.559971302748,0,2.05427983403206,0,20.1660270690918,0,366.935321837664,0,151.916213989258,517.94780549407,2.84005057811737,0,9.1638947725296,219.050530791283,1031.59322234988,0,688.782968558371,190.727279409766,0,1045.51947943121,0,8.16754451394081
0,210.277612730861,0,58.6574905216694,0,0,0,0,0,35.7262956947088,0,0,0,0,0,0,0,22.5904395878315,100.33683745563,0,0,39.7155768722296,0,22.3052837625146,0,0.181224375963211,0,0,0,0,0,1.88727605342865,0,0,0,6.34361010789871,0,110.619322136045,0,277.87641826272,36.4423772990704,927.400518193841,0,5.78475254774094,0.784793853759766,76.6077196598053,0,365.903923757374,119.244164459407,0,0,0,0,0,0,79.0294312238693,0,88.0235497355461,0,41.6507672965527,0,154.04132039845,35.5711212307215,0,244.776190280914,0,13.2269789725542,0,137.519850805402,0,486.925568684936,0,192.064545080066,0,0.20970693230629,0.995656073093414,0.859916388988495,0,264.480088710785,33.8382189720869,431.279102101922,0,351.415010213852,0,2185.10034905374,13.9375464320183,0
0,0,32.0005860328674,0,259.421073779464,0,0,0,0,0,0,0,0,0,0,0,0,0,0,0,0,0,0,0,0,0,0,0,0,0,0,0,0,0,0,0,0,0,0,0,0,0,0.985844120383263,0,0,0,1.6812895834446,0,0,0,0,0,50.6497954130173,0,11.5110855549574,0,44.2516705840826,0,28.7362570911646,0,55.2291596978903,0,0,14.6226025819778,0,0,0,0,0,0,0,0,0,0.905777588486671,0,0,0,0,0,0,0,0.78109684586525,4.56405241787434,0,213.257124051452,0,0
0,0,0,0.665963709354401,0,0,0,0,0,0,0,0,0,0,0,0,0,0,0,0,0,0,0,0,0,0,0,0,0,0,0,0,0,0,0,0,0,0,0,0,0,0,0,0,0,0,0,0,0,0,0,0,0,0,0,0,0,10.7834042310715,0,0,0,0,0,0,0,0,0,0,0,0,0,0,0,0,0,0,0,0,0,0,0,0,0,0,0,0,0
0,0,0,0,49.3357694447041,0,128.374922513962,0,0,0,30.8341888189316,0,0,0,0,0,0,0,0,0,0,0,0,0,0,0,0,0,0,0,0,0,0,0,0,0,0,0,0,0,0,0,0,0,0,0,0,0,0,0,50.6497954130173,0,0,0,0,0,156.723180368543,0,66.8615637123585,0,0,0,0,0,0,0,0,0,0,0,0,0,0,0,0,0,0,0,0,0,0,0,11.8341338634491,0,0,0,0
0,0,0,0,0,0,0,0,0,0,0,0,0,0,0,0,0,0,0,0,0,0,0,0,0,0,0,0,0,0,0,0,0,0,0,0,0,0,0,0,0,0,0,0,0,0,0,0,0,0,0,0,0,0,0,0,0,50.3969810009003,0,0,0,0,0,0,0,0,0,0,0,0,0,0,0,0,0,0,0,0,0,0,0,0,0,0,0,0,0
17.2237319946289,0,75.2078371047974,0,55.1219673156738,0,0,0,124.470306053758,0,0,0,0,0,0,0,0,0,0,0,0,0,0,0,24.9524943232536,0,0,0,0,0,0,0,0,0,0,0,0,0,30.0023956596851,0,0,0,1.08951625227928,0,0,0,0.738261684775352,2.68158119916916,14.7852548956871,0,11.5110855549574,0,0,0,0,0,0,0,2.34441268444061,0,22.0892782211304,0,0,0,0,0,0,82.4457822740078,0,2.30493432283401,0,0,0,0,0,0,0,0,0,0,0,17.1047066301107,0.998882904648781,0,67.934478983283,0,0
0,55.2978656738997,0,30.1352789103985,0,0,0,0,0,274.100414782763,0,0,0,0,0,10.0424561500549,0,0,0,0,0,10.4805552214384,0,61.2026798054576,0,1.61251327395439,0,0,0,0,0,0,0,0,0,0,0,117.97052142024,0,0,0,0,0,0,0,0,0,52.274429038167,0,79.0294312238693,0,0,0,0,0,0,0,0,0,0,0,63.7654537856579,0,0,12.1124346405268,0,48.5443680211902,0,20.8918260633945,0,0,0,0,0,0,0,0,0,0,0,50.0209221318364,0,20.9099435508251,0,42.470119535923,0,0
0.273131519556046,0,3.70123983919621,0,28.0885823667049,0,48.2862512171268,0,0,0,2137.31649433076,0,43.203562527895,0,0,0,0.484018206596375,0,1.07000821828842,0,143.214424461126,0,0,0,0,0,0,0,0,0,46.8938436508179,0,0,0,0,0,0,0,73.6835532486439,0,0,0,25.2787555456161,0,0,0,20.6431235969067,0,83.2801771610975,0,44.2516705840826,0,156.723180368543,0,0,0,0,0,596.645338743925,0,10.1334735304117,0,0,472.182165548205,0,0,0,0,0,34.4845045506954,0,681.367139801383,0,544.019317850471,0,0,0,0,0,0,0,177.643152095377,85.7330696135759,0,930.154370635748,0,0
0,0,0,0.943669021129608,0,0,0,6.12662887573242,0,0,0,927.411117643118,0,0,0,0,0,1.15304593741894,2.60488338768482,28.0311044454575,0,0,0,0,0,0,0,0,0,10.7417574226856,0,0,0,0,0,0,0,108.765087634325,0,0,0,26.9006986916065,0,0,0,1.16952474415302,0,0,0,88.0235497355461,0,10.7834042310715,0,50.3969810009003,0,0,0,0,0,434.751198068261,0,35.7582236528397,446.095686689019,0,1.46231842041016,0,0,0,32.5960287153721,0,568.642099380493,0,414.376844704151,0,0,0,0,0,0,0,87.0780739784241,0,9.39090168476105,0,733.448707893491,0,0
3.73500518500805,0,13.1747797727585,0,11.8604394197464,0,39.2672885805368,0,0,0,115.133405953646,0,964.584573730826,0,3.2079556286335,0,0,0,0.187752231955528,0,0,0,0,0,2.45830525457859,0,0.949474334716797,0,44.0925954729319,0,0,0,0,0,0,0,0,0,5.00371706485748,0,0,0,5.8279999345541,0,0,0,0.800746962428093,0,95.6767613589764,0,28.7362570911646,0,66.8615637123585,0,2.34441268444061,0,596.645338743925,0,0,0,528.225248649716,0,0,6.61830681562424,0,0,0,3.26058566570282,0,389.971344143152,0,972.630725711584,0,0,0,0,0,0,0,0,0,2.66929768025875,16.8115148991346,0,204.099350839853,0,0.346579641103745
0,1.12693136930466,0,4.38134771585464,0,0,0,0,0,0,0,193.598208189011,0,156.664250820875,0,2.05915665626526,0,0,0,0,0,0,0,0,0,22.707722440362,0,19.6941603571177,0,0,0,0,0,0,0,0,0,0,0,0,0,0,0,0,0,0,0,0,0,41.6507672965527,0,0,0,0,0,0,0,434.751198068261,0,0,0,147.329918920994,17.7190684974194,0,0,0,0,0,211.908033698797,0,782.519801586866,0,0,0,0,0,0,0,0,0,0,0,46.2516937255859,18.2037668228149,41.2018786072731,0,0
24.9354618042707,0,39.8824838846922,0,4.91733402013779,0,0,0,9.40274402499199,0,0,0,1.2728933095932,0,107.730804651976,0,0,0,0.794177085161209,0,0.217259228229523,0,0,0,12.5014382004738,0,21.4626400321722,0,0,0,0,0,0,0,0,0,0,0,3.28998221457005,0,0,0,1.08488392829895,0,0,0,3.75763294100761,0,64.2913693636656,0,55.2291596978903,0,0,0,22.0892782211304,0,10.1334735304117,0,528.225248649716,0,0,0,0,0,0,0,0,3.83962658047676,0,416.45882190764,0,8.3528171479702,0,1.40438009798527,0,0,0,0,0,0,0,4.77667978405952,0.984643459320068,0,55.9866947233677,0,0
0,94.8827341198921,0,111.356518447399,0,0,0,0,0,7.18541696667671,0,0,0,0,0,31.0315287709236,0,0,0,0,0,11.4772193580866,0,39.6860559210181,0,24.0608495697379,0,23.736695766449,0,0,0,0,0,0,0,0,0,33.0018837153912,0,0,0,0.537713050842285,0,0,0,0,0,6.88921782374382,0,154.04132039845,0,0,0,0,0,63.7654537856579,0,35.7582236528397,0,147.329918920994,0,0,7.89503717422485,0,5.82714360952377,0,11.0574536174536,0,82.0109558030963,0,5.5324809551239,0,0,0,0,0,0,0,0,0,22.6854339241982,0,49.7590593397617,0,38.080206155777,0,0
0,0,0,1.01883344352245,0,3.5030751824379,0,0,0,0,0,211.974784582853,0,0,0,0,0,0.246720790863037,0.171949848532677,716.658844128251,0,0,0,0,0,0,0,0,0,0,0,0,0,0,0,532.362992465496,0,7.42566551268101,0,179.941519409418,1.41744256019592,45.5662894099951,0,0,0,1421.62203228474,0,0,0,35.5711212307215,0,0,0,0,0,0,0,446.095686689019,0,17.7190684974194,0,7.89503717422485,0,0,0,0,0,0,0,0,3.76397886872292,0,140.11056125164,0,0,0,0,0,1433.51213000715,0,93.5240548551083,0,71.9235044419765,0,988.062208026648,0,0
1.48867040872574,0,4.41354210674763,0,2.03311157226562,0,0,0,0,0,7.00069662928581,0,0,0,0,0,21.5822499841452,1.05817568302155,40.1790986061096,0,1542.65232285857,0,0,0,0,0,0,0,0,0,0,0,0,0,0,0,222.861262127757,0,0.913862943649292,0,244.55389367044,0,55.5970293879509,0,0,0,3243.10818511248,0,1.19445967674255,0,14.6226025819778,0,0,0,0,0,472.182165548205,0,6.61830681562424,0,0,0,0,0,0,0,0,0,0,0,0,0,0,135.630835205317,0,0,0,0,0,1684.3422652632,0,142.8905582726,52.0123296976089,0,1200.71378074586,0,13.9992374777794
0,1.71883842349052,0,0,0,0,0,0,0,21.8669826984406,0,0,0,0,0,0.807931333780289,0,0,1.07836675643921,0,0,4357.31881295145,0,30.9827741086483,0,154.095688164234,0,177.724796444178,0,0,0,0,0,0,0,0,0,359.147183805704,0,0,0,2.70567712187767,0,0,0,0,0,6.22024583816528,0,244.776190280914,0,0,0,0,0,12.1124346405268,0,1.46231842041016,0,0,0,5.82714360952377,0,0,0,0,252.656277626753,0,269.480792582035,0,1120.02998477221,0,17.8488676249981,0,0,0,0,0,0,0,1014.50557383895,0,241.297005176544,25.4504899084568,5.89248356223106,0,0
0,0,0,0,0,0,0,0,0,0,0,0,0,0,0,0,0,0,0,0,0,0,3585.44286587834,0,0,0,49.7779605686665,0,66.4979838430882,0,0,0,0,0,0,0,0,0,177.523788198829,0,0,0,0,0,0,0,0,0,634.559971302748,0,0,0,0,0,0,0,0,0,0,0,0,0,0,0,0,0,0,0,0,146.938081428409,0,439.557856455445,0,0.387280017137527,0,0,0,0,0,0,0,779.582069724798,36.1939010322094,10.8579803705215,0,0,0
0,9.22539315372705,0,0.150065898895264,0,0,0,0,0,16.5224129632115,0,0,0,0,0,0.446717873215675,0,0,0,0,0,196.158486008644,0,124.050614982843,0,0.607763946056366,0,0,0,0,0,0,0,0,0,0,0,139.987365782261,0,0,0,0,0,0,0,0,0,13.5150091946125,0,13.2269789725542,0,0,0,0,0,48.5443680211902,0,0,0,0,0,11.0574536174536,0,0,252.656277626753,0,0,0,121.946986317635,0,1.28849557042122,0,0,0,0,0,0,0,0,0,11.5857613384724,0,1.75174576044083,0,0,0,0
77.7572736591101,0,8.77640107274055,0,0,0,0,0,270.975079655647,0,0,0,0,0,0,0,0,0,0,0,0,0,0,0,73.3276589363813,0,0,0,0,0,0,0,0,0,0,0,0,0,390.635025769472,0,0,0,0,0,0,0,0,0,2.05427983403206,0,0,0,0,0,82.4457822740078,0,0,0,3.26058566570282,0,3.83962658047676,0,0,0,0,0,0,0,0,54.9158422797918,0,0,0,0,0,0,0,0,0,0,0,284.756897807121,9.58572900295258,0,1.98881775140762,0,0
0,6.54872533679008,0,0,0,0,0,0,0,0.889471188187599,0,0,0,0,0,0.576521143317223,0,0,0,0,0,290.886966869235,0,101.373242229223,0,588.176850900054,0,17.6309863626957,0,0,0,0,0,0,0,0,0,0,0,0,0,1.98588338494301,0,0,0,0,0,0,0,137.519850805402,0,0,0,0,0,20.8918260633945,0,32.5960287153721,0,211.908033698797,0,82.0109558030963,0,0,269.480792582035,0,121.946986317635,0,0,0,683.74329611659,0,0,0,0,0,0,0,0,0,0,0,0.793409675359726,0,16.7710572481155,0,0
54.9117211550474,0,0,0,0,0,0,0,34.6519137918949,0,0,0,0,0,0,0,0,0,0,0,0,0,37.503282815218,0,83.2115982472897,0,247.978823453188,0,18.9332816302776,0,0,0,0,0,0,0,0,0,0,0,0,0,0,0,0,0,0,0,20.1660270690918,0,0,0,0,0,2.30493432283401,0,34.4845045506954,0,389.971344143152,0,416.45882190764,0,0,0,0,146.938081428409,0,54.9158422797918,0,0,0,270.907659262419,0,0,0,0,0,0,0,0,0,0,0,0,17.0050354599953,0,0
0,0,0,1.53514368832111,0,0,0,0,0,0.206644415855408,0,58.2336368560791,0,35.5279646515846,0,5.78626921772957,0.244007661938667,5.05540393292904,12.876191213727,0,0,137.084304571152,0,0,0,37.4223980158567,0,1655.31032105535,0,130.655156910419,0,0,0,0,0,0,0,36.7492960393429,0,0,0,80.4266918897629,0,0,0,2.30260820686817,0,0,0,486.925568684936,0,0,0,0,0,0,0,568.642099380493,0,782.519801586866,0,5.5324809551239,3.76397886872292,0,1120.02998477221,0,1.28849557042122,0,683.74329611659,0,0,0,637.976399615407,0,0,0,0,0,0,0,443.3232858181,0,58.5405820012093,35.7169340848923,226.548426151276,3.12367814779282,0
0,0,0,0,0,0,0,0,0,0,0.199656531214714,0,46.0760772079229,0,0,0,1.74607129395008,0,0,0,0,0,131.337734311819,0,0,0,26.3217820227146,0,1555.32134171575,0,183.137657791376,0,0,0,0,0,0,0,58.1081396639347,0,0,0,13.6294240951538,0,0,0,0,0,366.935321837664,0,0,0,0,0,0,0,681.367139801383,0,972.630725711584,0,8.3528171479702,0,0,0,0,439.557856455445,0,0,0,270.907659262419,0,0,0,714.387692481279,0,0,0,0,0,0,0,446.954154476523,10.5188136100769,0,136.162320613861,0,0
0,0,0,4.95846883952618,0,0,0,0,0,0,0,33.5381184369326,0,0,0,0,0,35.4956004917622,121.995473265648,0.625950157642365,0,1.52813738584518,0,0,0,0,0,1.79816921055317,0,487.686635330319,0,0,0,0,0,0,0,734.262494802475,0,0,0,265.746990561485,0.421657562255859,2.64579677581787,0,40.7537142634392,0,0,0,192.064545080066,0,0,0,0,0,0,0,414.376844704151,0,0,0,0,140.11056125164,0,17.8488676249981,0,0,0,0,0,637.976399615407,0,0,0,0,0,0,0,0,0,788.06818369031,0,92.7011041939259,0,653.741419911385,35.570418804884,0
3.2351590692997,0,16.9485758244991,0,0.274445593357086,0,0,0,0,0,317.277627810836,0,0,0,0,0,78.5001635104418,0,142.174980252981,0,49.6580840796232,0,0,0,0,0,0,0,2.56551899015903,0,655.888483211398,0,0,0,0,0,0,0,136.081249266863,0,0,0,377.783467337489,0,6.24913319945335,0,100.408147141337,0,151.916213989258,0,0.905777588486671,0,0,0,0,0,544.019317850471,0,0,0,1.40438009798527,0,0,135.630835205317,0,0.387280017137527,0,0,0,0,0,714.387692481279,0,0,0,0,0,0,0,0,0,972.25940194726,109.733548946679,0,362.234712064266,0,19.04917922616
0,0,0,0,0,0,0,0,0,0,0,0,0,0,0,0,0,0,0,0,0,0,0,0,0,0,0,0,0,0,0,747.890380710363,111.729735925794,4.52954950928688,0,7.63197113573551,0,0,0,5.04793971776962,18.6759212762117,0,0,0,0,0,3.51773963868618,1088.48393009603,517.94780549407,0.20970693230629,0,0,0,0,0,0,0,0,0,0,0,0,0,0,0,0,0,0,0,0,0,0,0,0,0,600.107793629169,415.070683985949,0,1061.42252451181,274.47975499928,0,0,60.9302967786789,0,5.70036695897579,0,0
0,0,0,0,0,0,0,0,0,0,0,0,0,0,0,0,0,0,0,0,0,0,0,0,0,0,0,0,0,0,0,193.927387028933,1122.64279921353,0,81.7256084382534,1.3674384355545,76.0533221065998,0,0,3.08566075563431,6.19272795319557,0,2.03486201167107,0,0,0.194926083087921,20.3154511451721,1316.02805528045,2.84005057811737,0.995656073093414,0,0,0,0,0,0,0,0,0,0,0,0,0,0,0,0,0,0,0,0,0,0,0,0,600.107793629169,0,0,655.449473142624,671.758707538247,2005.50641182065,0,0,31.9596521258354,0,25.1767059862614,0,0
0,0,0,0,0,0,0,0,0,0,0,0,0,0,0,0,0,0,0,0,0,0,0,0,0,0,0,0,0,0,0,33.3858987987041,0,1645.1404029727,5.59277868270874,298.276833742857,0,157.417799711227,0,0,0,0,0,0,0,0,0,866.025384277105,0,0.859916388988495,0,0,0,0,0,0,0,0,0,0,0,0,0,0,0,0,0,0,0,0,0,0,0,0,415.070683985949,0,0,1,525.780353367329,0,992.422869950533,0,100.252610579133,7.10647302865982,0,0,0
0,0,0,0,0,0,0,0,0,0,0,0,0,0,0,0,0,0,0,0,0,0,0,0,0,0,0,0,0,0,0,0,82.8971477597952,51.4379791021347,2068.9453625828,0,215.133241117001,0,254.804213151336,0,0,0,0.23360338807106,0,0,0,0,517.302490726113,9.1638947725296,0,0,0,0,0,0,0,0,0,0,0,0,0,0,0,0,0,0,0,0,0,0,0,0,0,0,655.449473142624,1,0,0,395.491086393595,0,1119.65326020122,168.37416870892,0,0.186470791697502,0,0
0,0,0,0,0,0,0,0,0,0,0,0,0,0,0,0,0,0.190236777067184,0,149.761141061783,0,0,0,0,0,0,0,0,0,0,0,489.413023173809,19.9992510080338,312.735612511635,0,11562.5354823023,4.27303762733936,295.317090213299,0,1896.43031214178,205.752741456032,942.869199439883,0,0,0,1366.20538561046,21.9071474671364,1551.32781065255,219.050530791283,264.480088710785,0,0,0,0,0,0,0,0,0,0,0,0,1433.51213000715,0,0,0,0,0,0,0,0,0,0,0,1061.42252451181,671.758707538247,525.780353367329,0,0,494.806536480784,918.360117793083,0,171.124345362186,0,1767.50935775787,0,0
0,0,0,0,0,0,0,0,0,0,0,0,0,0,0,0,0,0,1.37891018390656,0,114.094417914748,0,0,0,0,0,0,0,0,0,0,61.8870848417282,64.6418336629868,0,193.60641053319,12.1383765786886,15992.5679252818,0,573.55553163588,15.3190525025129,1102.56275352836,0,141.038405567408,0,0,0.393971174955368,1249.45283852518,2196.61369532347,1031.59322234988,33.8382189720869,0,0,0,0,0,0,0,0,0,0,0,0,0,1684.3422652632,0,0,0,0,0,0,0,0,0,0,274.47975499928,2005.50641182065,0,395.491086393595,494.806536480784,0,0,802.85347186029,259.599414587021,0.472984492778778,2298.2890715301,0,0
0,11.3296472579241,0,2.79939405620098,0,0,0,0,0,121.374236553907,0,25.3411291837692,0,0,0,2.69370628893375,1.77819085121155,22.288081549108,117.975610971451,51.1326839327812,0,294.242126986384,0,6.81533414125443,0,0,0,66.8543701469898,0,0.945446074008942,0,0,0,409.508150428534,0,549.841346219182,0,14318.6769843847,0,30.4689121246338,0,212.008439436555,0,5.05527600646019,0,39.1755868494511,0,388.457583010197,0,431.279102101922,0,0,0,0,0,50.0209221318364,0,87.0780739784241,0,0,0,22.6854339241982,93.5240548551083,0,1014.50557383895,0,11.5857613384724,0,0,0,443.3232858181,0,788.06818369031,0,0,0,992.422869950533,0,918.360117793083,0,0,2.47736382484436,681.935335673392,459.750733956695,481.750870898366,18.6278787702322,0
9.68024913966656,0,32.0325778871775,0,0,0,0,0,33.9216857403517,0,52.2781750559807,0,0,0,0,0,63.4873651117086,0.968481689691544,127.225861147046,0,20.1990743279457,0,173.10264736414,0,13.1203906238079,0,0,0,84.7808862477541,0,78.7839172929525,0,0,1.39044153690338,395.903396487236,0,929.646645210683,6.83340978622437,15858.3799028248,0,0,0,247.402296617627,0,1.32660871744156,0,107.080816581845,639.407276198268,688.782968558371,0,0.78109684586525,0,0,0,17.1047066301107,0,177.643152095377,0,2.66929768025875,0,4.77667978405952,0,0,142.8905582726,0,779.582069724798,0,284.756897807121,0,0,0,446.954154476523,0,972.25940194726,0,0,0,1119.65326020122,0,802.85347186029,2.47736382484436,0,1047.01284982264,9.65658494830132,467.650692880154,0.200863197445869,15.8423810601234
29.1812254339457,59.2392930239439,26.2151279896498,67.5264900177717,0.325169324874878,1.77990162372589,20.5021691322327,0,49.552684545517,98.029183357954,278.362412810326,74.9021847248077,42.2079486846924,16.6547021865845,0,1,2640.77062027901,3409.8479372412,2825.3083775267,71.7573775202036,42.7553493380547,950.793790921569,505.581587195396,8.07967606186867,75.3504381775856,7.54987907409668,0,81.9432738721371,14.2377206981182,6.83944433927536,0.253208935260773,173.025168657303,107.636791110039,300.827954769135,107.523832887411,730.31969332695,2283.03875906765,2118.83741229028,1686.95967854559,9.98013252019882,2.60930660367012,1212.39935806394,1110.71177706122,236.935996331275,66.993911601603,128.051654100418,89.4003525972366,1197.08122235537,190.727279409766,351.415010213852,4.56405241787434,0,11.8341338634491,0,0.998882904648781,20.9099435508251,85.7330696135759,9.39090168476105,16.8115148991346,46.2516937255859,0.984643459320068,49.7590593397617,71.9235044419765,52.0123296976089,241.297005176544,36.1939010322094,1.75174576044083,9.58572900295258,0.793409675359726,0,58.5405820012093,10.5188136100769,92.7011041939259,109.733548946679,60.9302967786789,31.9596521258354,100.252610579133,168.37416870892,171.124345362186,259.599414587021,681.935335673392,1047.01284982264,0,573.63814778626,2889.51036642492,87.9726274609566,76.3024661242962
0,0,0,0,0,0,0,0,0,0,0,0,0,9.10196304321289,0,0,13.7402011007071,1169.39455521107,8.96660532057285,8.27399492263794,0,39.4033759236336,40.1189287900925,0,0,0,0,4.73566162586212,0,0,0,0,0,55.77954018116,1.69191026687622,1.71091830730438,50.7948972731829,197.77064268291,0.707021057605743,0,0,0.360672205686569,17.145983286202,15.6775863319635,12.5404047518969,0.457682311534882,0,9.3188933134079,0,0,0,0,0,0,0,0,0,0,0,18.2037668228149,0,0,0,0,25.4504899084568,10.8579803705215,0,0,0,0,35.7169340848923,0,0,0,0,0,7.10647302865982,0,0,0.472984492778778,459.750733956695,9.65658494830132,573.63814778626,0,54.2310341969132,0,0.718765139579773
