0,0,254.181560456753,0,0,0,0,0,40.1576790213585,0,0,0,0,0,0,0,0,0,159.916490077972,0,0,0,0,0,10.2416159510612,0,0,0,0,0,0,0,0,0,0,0,0.704081356525421,0,8.82291559875011,0,0,0,123.421262785792,0,1.08304619789124,0,0,0,47.6995003968477,0,0,0,0,0,63.1485742330551,0,0,0,0,0,0,0,0,0,0,0,0,19.9316347241402,0,0,0,0,0,0,0,0,0,0,0,0,0,0,216.300122529268,0.787130057811737,126.358500957489,0,61.6021076142788
0,0,0,80.5258923768997,0,0,0,0,0,216.083561912179,0,0,0,0,0,0,0,0,0,0,0,0,0,0.273827791213989,0,0,0,0,0,0,0,0,0,0,0,0,0,0,0,0,0,5.07625275850296,0,0,0,0,0,0,0,448.022699713707,0,0,0,0,0,115.313418716192,0,2.70802545547485,0,0,0,0,0,0,0,0,34.0866259485483,0,0,0,0,0,0,0,0,0,0,0,0,0,0.541338533163071,0,368.915226697922,0,195.527919188142,15.7710316181183,0
254.181560456753,0,0,0,89.4777665138245,0,0,0,0.334204763174057,0,0,0,0,0,0,0,0,0,74.4415442049503,0,0,0,0,0,0,0,0,0,0,0,0,0,0,0,0,0,27.3324654400349,0,0.401704013347626,0,0,0,108.99544686079,0,1.67434000968933,0,76.5811387896538,0,59.3022853732109,0,24.4760632514954,0,0,0,15.7887075543404,0,8.37949860095978,0,9.06264597177505,0,0,0,0,2.21619608998299,0,0,0,0,0,0,0,0,0,0,0,0,0,0,0,0,0,0,196.726261377335,0,327.901940181851,0,3.97530195116997
0,80.5258923768997,0,0,0,26.9618707895279,0,0,0,0,0,0,0,0,0,0,0,0,0,0,0,0,0,0,0,0,0,0,0,0,0,0,0,0,0,0,0,0,0,0,0,4.3599699139595,0,0,0,0,0,0,0,9.81438058614731,0,37.6951150894165,0,0,0,0,0,3.47527503967285,0,0,0,0,116.671576291323,0,0,0,0,0,0,0,0,0,2.30910831689835,0,0,0,0,0,0,0,0,0,24.9043534994125,4.96650838851929,427.254646450281,0,0
0,0,89.4777665138245,0,0,0,56.3526495099068,0,6.07788068056107,0,0,0,0,0,0,0,0,0,0,0,0,0,0,0,0,0,0,0,0,0,0,0,0,0,0,0,0,0,0,0,0,0,2.90182024240494,0,0,0,0,0,0,0,41.1450977623463,0,96.3671860694885,0,9.88983994722366,0,0,0,0,0,0.80372142791748,0,0,0,0,0,0,0,0,0,0,0,0,0,0,0,0,0,0,0,0,0,154.369547277689,136.092984676361,0.398478120565414,0,0
0,0,0,26.9618707895279,0,0,0,0,0,4.69187521934509,0,0,0,0,0,0,0,0,0,38.0657280534506,0,0,0,0,0,0,0,0,0,0,0,0,0,0,0,67.0102419704199,0,0.170138955116272,0,4.87660624086857,0,13.3067416101694,0,0,0,25.4899266213179,0,6.8217099905014,0,36.5389122962952,0,31.5791608095169,0,0,0,0,0,15.1765476763248,0,0,0,0,309.228199750185,0,1.81657829880714,0,0,0,0,0,7.68119317293167,0,13.1978771090508,0,0,0,0,0,9.86982482671738,0,8.23373860120773,0,192.211504757404,0,43.2080062478781,0,0
0,0,0,0,56.3526495099068,0,0,0,0,0,0,0,0,0,0,0,0,0,0,0,39.1440275013447,0,0,0,0,0,0,0,0,0,0,0,0,0,0,0,0,0,0,0,0,0,0,0,0,0,0,0,0,0,8.08581703901291,0,314.412165522575,0,0,0,11.8656677007675,0,0,0,0,0,0,0,0,0,0,0,0,0,0,0,0,0,0,0,0,0,0,0,0,0,185.127255737782,0,0,0,0
0,0,0,0,0,0,0,0,0,0,0,65.8420006036758,0,0,0,0,0,0,0,0,0,0,0,0,0,0,0,0,0,0,0,0,0,0,0,0,0,0,0,0,0,0,0,0,0,0,0,0,0,0,0,0,0,35.4420554339886,0,0,0,72.5887013673782,0,0,0,0,0,0,0,0,0,0,0,0,0,0,0,0,0,0,0,0,0,0,0,0,43.1076502799988,0,0,0,0
40.1576790213585,0,0.334204763174057,0,6.07788068056107,0,0,0,0,20.827135629952,0,0,0,0,140.247511804104,1.46046009659767,910.441463895142,242.157906763256,110.511680543423,0,0,1.02961933612823,17.5262828171253,15.9750611782074,98.1265710741282,5.3543273806572,57.3818034529686,0,0,0,0,0,0,0,0,0.62639008462429,11.130597949028,0.359571516513824,57.9124490916729,0,0,0.377129375934601,10.1156998276711,0,0,0,0,0,18.5834167003632,0.285915225744247,0,0,0,0,391.877138122916,7.88681002706289,0,0,0,0,79.8317711055279,2.81340643763542,0,0,0,24.8611961901188,15.2841687500477,64.8412493616343,0,79.387761220336,0,0,0,0,0,0,0,0,2.50774228572845,0.316494524478912,1.9607435464859,72.8639628887177,877.806914918125,50.8903252780437,3.81921258568764,0.621247589588165,4.94297897815704
0,216.083561912179,0,0,0,4.69187521934509,0,0,20.827135629952,0,0,0,0,0.492888480424881,4.24071449041367,54.657217502594,269.066698074341,1059.69632451236,131.592466950417,0,0,3.90453088283539,0.854596793651581,43.4668161123991,2.29451879858971,26.673454105854,4.92865455150604,0,0,0,0,0,0,0,0,2.96472157537937,0,31.9580227434635,0,0.194405913352966,0,4.46323525905609,3.59856362640858,0,1.20879817008972,0.314795315265656,0,0,0.601325690746307,70.2812486588955,0,0,0,0,37.1525813341141,260.21532407403,0,0,0,0,3.12002751231194,16.1506435871124,0,0,4.46576464176178,0,125.969805181026,0,6.65834778547287,0.503636285662651,0,0,0,0,0,0,0,0,4.80971355736256,3.24969428777695,90.7871093302965,1.20666444301605,640.208083964884,26.9839119613171,117.819360256195,0.64397656917572,0
0,0,0,0,0,0,0,0,0,0,0,0,12.9593634605408,0,0,0,0,0,0,0,180.74672318995,0,0,0,0,0,0,0,0,0,56.6821786463261,0,0,0,0,0,0,0,310.601925164461,0,0,0,0,0,0,0,11.266038313508,0,0.333769887685776,0,1.50309044122696,0,0,0,3.30180758237839,0,663.265736103058,0,49.7356994152069,0,0,0,0,12.4959399998188,0,0,0,0,0,0,0,0,0,36.3242090344429,0,0,0,0,0,1.4930375367403,0,149.705462798476,79.3796139955521,0,2.73320928215981,0,0
0,0,0,0,0,0,0,65.8420006036758,0,0,0,0,0,27.9604292213917,0,0,0,0,0,45.0513024330139,0,0,0,0,0,0,0,5.78083753585815,0,80.2300719022751,0,0,0,0,0,8.00431509315968,0,52.4625731110573,0,0,0,2.93762563169003,0,0,0,6.3198157697916,0,0.430258333683014,0,2.61790220439434,0,0,0,37.8777249455452,0,0,0,1152.84648096561,0,122.31503815949,0,0,98.6484917700291,0,10.2809739559889,0,0,0,0,0,299.887999534607,0,127.420471861959,0,0,0,0,0,9.99826228618622,0,3.55262270569801,0,182.750914722681,0,4.42677646875381,0,0
0,0,0,0,0,0,0,0,0,0,12.9593634605408,0,0,0,4.81257653236389,0,0,0,0,0,0,0,0,0,0,0,0,0,0,0,0,0,0,0,0,0,0,0,0,0,0,0,0,0,0,0,0,0,0,0,0,0,0,0,0,0,22.0600159168243,0,5.04342079162598,0,0,0,0,0,0,0,0,0,0,0,0,0,0,0,0,0,0,0,0,0,0,0,0,0,0,0,0
0,0,0,0,0,0,0,0,0,0.492888480424881,0,27.9604292213917,0,0,0,17.2281719446182,0,15.0915356874466,0,0,0,0,0,0,0,1.1506861448288,0,0,0,0,0,0,0,0,0,0,0,0,0,0,0,0,0,0,0,0,0,0,0,0,0,0,0,0,0,0,0,39.6221777200699,0,168.476537838578,0,2.24356234073639,0.429792404174805,0,0,0,0,0,5.97360336780548,0,72.3590306639671,0,0,0,0,0,0,0,0,0,0,0,0,1,0.225159496068954,0,0
0,0,0,0,0,0,0,0,140.247511804104,4.24071449041367,0,0,4.81257653236389,0,0,0.386111244559288,669.124176993966,81.3926975876093,17.6731405258179,0,0,0,17.8979494869709,4.53227925300598,9.53588816523552,0,159.429331898689,0,5.15097606182098,0,0,0,0,0,0,0,0,0,0.752422034740448,0,0,0,0,0,0,0,0,0,0,0,0,0,0,0,117.559513181448,0.680625021457672,0,0,0,0,336.27756434679,0,0,0,0,11.3176503479481,0,17.1069343686104,1.15057528018951,70.2488998770714,0,30.3014674186707,0,0,0,0,0,0,0,0.195384979248047,0,0,162.259438186884,1.07939398288727,0,0,0
0,0,0,0,0,0,0,0,1.46046009659767,54.657217502594,0,0,0,17.2281719446182,0.386111244559288,0,86.6881742328405,353.236117556691,15.7102773189545,0,0,0,0.230308294296265,11.2182644605637,1.65240882337093,20.7216067314148,0,0,0,0,0,0,0,0,0,0,0,0.569474101066589,0,0,0,1.69483578205109,0,0,0,0,0,0,0,0,0,0,0,0,3.55988442152739,52.2661792039871,0,0,0,49.6064894199371,0,67.3523879349232,0,0,3.96877253055573,0,1.38661828637123,0,1.64685881137848,0,0,0,0,0,0,0,0,0,0.442640602588654,0,0,0,117.230891898274,3.38455808162689,0,0,0
0,0,0,0,0,0,0,0,910.441463895142,269.066698074341,0,0,0,0,669.124176993966,86.6881742328405,0,9194.53932406008,4619.26732559502,0,0,21.5394479334354,595.847809314728,154.819035172462,287.17321395874,56.3887683674693,893.498082265258,0,98.4558188915253,0,0,0,1.69588381052017,0,5.06815215945244,51.1447508484125,33.6512669995427,7.09239262342453,6.40300768613815,12.2974538952112,22.4005190655589,79.7064948529005,209.369725085795,10.5320367366076,6.40390726923943,14.4157123118639,1.79419279098511,8.50099968910217,41.1129546836019,6.51241306960583,0,0,0,0,691.645713329315,103.456223756075,0,0.218540444970131,0,0,404.953640326858,40.7505891174078,0.609411850571632,0,11.1006372272968,227.792277574539,46.5915773361921,135.78749781847,9.65248674154282,676.555549770594,0,47.2813066244125,0.669808223843575,0.348326534032822,0,2.88590334355831,0,8.9057838767767,59.0749632939696,135.540047518909,38.6523204892874,21.3075015991926,8866.0318120867,110.899653017521,88.7875059768558,12.6044646948576,0
0,0,0,0,0,0,0,0,242.157906763256,1059.69632451236,0,0,0,15.0915356874466,81.3926975876093,353.236117556691,9194.53932406008,0,4244.88532298803,0.656754076480865,0,108.236387878656,20.090071156621,388.339181274176,109.51806345582,666.794768124819,33.6396327465773,0.650371134281158,0,0,0,0,0,0,3.03155159950256,63.7575598433614,32.055342271924,31.1563537567854,3.11495479941368,29.3115726560354,11.1893816366792,84.9614064693451,111.113100230694,9.82695426046848,2.541414052248,19.4074404090643,2.43034410476685,4.30855497717857,26.4395930916071,5.43850886821747,0,0,0,0,262.274636223912,417.004568681121,0,0.249595582485199,0,0,52.0361043065786,231.925106570125,0.145906165242195,1.24290405213833,191.995176911354,5.25563557446003,88.2243547141552,41.2475855648518,81.154970690608,47.2299345731735,0,0,4.33269289135933,0.626153454184532,0,1.60485100746155,0,13.9588958919048,83.2267626076937,89.8789577931166,67.3257744908333,3.94033701717854,8208.28209178895,738.46526491642,89.3235404789448,28.8097654134035,0
159.916490077972,0,74.4415442049503,0,0,0,0,0,110.511680543423,131.592466950417,0,0,0,0,17.6731405258179,15.7102773189545,4619.26732559502,4244.88532298803,0,0.633028447628021,0.11728210747242,5.05461567640305,17.2252940535545,40.0004072189331,44.6665952652693,30.1764284521341,14.0949820131063,0,0,0,0,0,6.44180220365524,0,35.2576058954,522.106379359961,254.468803659081,70.2554051354527,1.44844552874565,207.655801676214,134.439166873693,834.373874805868,1736.66726655513,142.223572909832,62.1408968567848,259.950332038105,20.1139105260372,39.3163415342569,309.788610108197,34.6147524863482,0,0,0,0,61.1738410145044,39.3184057921171,0.417377501726151,8.22352659702301,0,0,17.0533955395222,9.56929907202721,4.14922122657299,0,6.28350713849068,1.5031646490097,25.5718299299479,6.36736708879471,0.378252506256104,32.8815061748028,5.25580662488937,0.192904770374298,41.5994259417057,3.30756769329309,0,8.87286168336868,0,46.0404132753611,661.784713789821,833.381531298161,517.101097695529,139.030750602484,5468.96274484694,12.4643274694681,1062.89684230089,184.43406881392,38.2719779312611
0,0,0,0,0,38.0657280534506,0,0,0,0,0,45.0513024330139,0,0,0,0,0,0.656754076480865,0.633028447628021,0,0,0,0,0,0,0,0,3.51929508149624,0,19.2270756810904,0,0,0,0,0,380.008041635156,0,199.54519777,0,5.24360048770905,0,8.90518707036972,0,0,0,36.5188210010529,0,1.81561648845673,0,12.0118201524019,0,0.32060581445694,0,0,0,0,0,147.547708973289,0,2.51332870125771,0,0,654.931540176272,0,12.272103831172,0,0,0,0,0,80.1841821670532,0,326.186543568969,0,0,0,0,0,378.480935744941,0,1063.09721249342,0,111.634045466781,0.615159749984741,13.9337067753077,0,0
0,0,0,0,0,0,39.1440275013447,0,0,0,180.74672318995,0,0,0,0,0,0,0,0.11728210747242,0,0,0,0,0,0,0,0,0,0,0,0,0,0,0,0,0,451.764912575483,0,93.3561259359121,0,1.34718427807093,0,0,0,0,0,78.1853711754084,0.175821557641029,5.59699234366417,0,1.07016089558601,0,16.768549323082,0,0,0,112.134567156434,0,0,0,0,0,0,1045.78853042424,0,0,0,0,0,0,0,17.9552853107452,0,17.3135493695736,0,0,0,0,0,148.585320085287,0,98.6085867285728,351.127979159355,0,66.531368561089,0,0
0,0,0,0,0,0,0,0,1.02961933612823,3.90453088283539,0,0,0,0,0,0,21.5394479334354,108.236387878656,5.05461567640305,0,0,0,1384.9313967824,153.61765833199,0,37.133045271039,0.299213528633118,164.07473129034,0,0,0,0,0,0,0,0,0,1326.38018161058,4.05348289012909,0,0,0,0,0,0,0,0,0,0,284.302107125521,0,0,0,0,1.42467188835144,0,0,0,0,0,0,0,0,0,9098.96091906726,353.445357769728,146.463819354773,0,99.0303158462048,0,299.292667731643,0,0,0,0,0,0,0,0,0,439.078566133976,9.68907827138901,1341.87326903641,133.923162728548,0.461495995521545,0,0
0,0,0,0,0,0,0,0,17.5262828171253,0.854596793651581,0,0,0,0,17.8979494869709,0.230308294296265,595.847809314728,20.090071156621,17.2252940535545,0,0,1384.9313967824,0,0.267749041318893,164.967731446028,0,112.554537981749,0,102.778265267611,0,0,0,0,0,7.27568960189819,0,0,2.97071346640587,1604.04646901786,0,0,0,3.26213809847832,0,0,0,0.981401413679123,25.4622736573219,260.482736200094,0,0,0,0,0,19.0490784943104,9.6108570098877,0,0,0,0,6.07772940397263,0,0,0,69.265152990818,12049.4997364581,0.870800256729126,179.077481046319,0,87.4144650399685,0,122.686396300793,0,7.41038420796394,0,0,0,0,0,0.960058078169823,0,795.737990751863,1992.92651060224,46.2407758831978,2.47333705425262,0,2.24171543121338
0,0.273827791213989,0,0,0,0,0,0,15.9750611782074,43.4668161123991,0,0,0,0,4.53227925300598,11.2182644605637,154.819035172462,388.339181274176,40.0004072189331,0,0,153.61765833199,0.267749041318893,0,2.14509773254395,62.3982529491186,0,0,0,0,0,0,0,0,0,0,0.677933752536774,488.198181480169,0,0,0.796746850013733,0,1.31003637611866,0,0,0,0,0,0,30.3015200942755,0,0,0,0,11.6506412923336,182.806481793523,0,0,0,0,0,4.8996573984623,0,0,229.654461801052,1.23435962200165,934.722976133227,0,315.728677019477,0,23.3523091077805,0,0.230171903967857,0,0,0,0,0,0,1.46828657388687,71.6048203408718,0,188.315793305635,3.02527809143066,16.601799428463,0,0
10.2416159510612,0,0,0,0,0,0,0,98.1265710741282,2.29451879858971,0,0,0,0,9.53588816523552,1.65240882337093,287.17321395874,109.51806345582,44.6665952652693,0,0,0,164.967731446028,2.14509773254395,0,6.67699256539345,92.7565270215273,0,0,0,0,0,0,0,0,0,0,0,370.890577793121,0,0,0,0.351657688617706,0,0,0,0,0,0.784457072615623,0,0,0,0,0,148.576388120651,8.97106029093266,0,0,0,0,13.8952131271362,0.172054499387741,0,0,0,271.745237618685,0.334749341011047,767.83770172298,0,56.7639701664448,0,0,0,0,0,0,0,0,1.39901113510132,0.129966303706169,1.62328028678894,202.560440808535,438.20192939043,0.422168016433716,9.5389866232872,0,0
0,0,0,0,0,0,0,0,5.3543273806572,26.673454105854,0,0,0,1.1506861448288,0,20.7216067314148,56.3887683674693,666.794768124819,30.1764284521341,0,0,37.133045271039,0,62.3982529491186,6.67699256539345,0,0.126152753829956,6.43999043107033,0,0,0,0,0,0,0,0,0,5.42112737894058,0,0,0,0,0,0,0,0,0,0,0,0,0,0,0,0,8.3553270176053,6.4215589761734,0,0,0,6.86866818368435,0,16.7389761656523,0,0,85.9099395573139,0,11.3275832533836,1.03842294216156,363.777925908566,0.41453255712986,72.4375187903643,0,0,0,0,0,0,0,0,0.292474806308746,0,0,171.516310609877,5.66993135213852,0,0,0
0,0,0,0,0,0,0,0,57.3818034529686,4.92865455150604,0,0,0,0,159.429331898689,0,893.498082265258,33.6396327465773,14.0949820131063,0,0,0.299213528633118,112.554537981749,0,92.7565270215273,0.126152753829956,0,0,1.50760614871979,0,0,0,0,0,0,1.2381364107132,0,0,0,0,0,0,0,0,0,0,0,0,0.429839491844177,0,0,0,0,0,29.8064260780811,0,0,0,0,0,97.9240812957287,0,0,0,0,30.6027259528637,2.54717063903809,57.5330564677715,0,813.670437648892,0,5.69892063736916,0,0,0,0,0,0,0,0,1.31643903255463,0,175.062550276518,0.823617219924927,0.366936802864075,0,0
0,0,0,0,0,0,0,0,0,0,0,5.78083753585815,0,0,0,0,0,0.650371134281158,0,3.51929508149624,0,164.07473129034,0,0,0,6.43999043107033,0,0,0,155.581824526191,0,0,0,0,0,1.40812754631042,0,76.0496465861797,0,0,0,2.8833424448967,0,0,0,1.62624955177307,0,0.158442035317421,0,0.166557520627975,0,0,0,0,0,0,0,7.55783045291901,0,14.4781125932932,0,0,3.66463658213615,0,287.029681295156,0,0,0,97.314580053091,0,1408.13989041746,0,11.2500328421593,0,0,0,0,0,0.820045426487923,0,88.4527049660683,0,127.486335277557,4.09874439239502,1.02420738339424,0,0
0,0,0,0,0,0,0,0,0,0,0,0,0,0,5.15097606182098,0,98.4558188915253,0,0,0,0,0,102.778265267611,0,0,0,1.50760614871979,0,0,0,49.2291828393936,0,0,0,0,0,0,0,86.1087523698807,0,0,0,0,0,0,0,0,0,0,0,0,0,0,0,0,0,0,0,0,0,11.7697896957397,0,0,0,0,38.8434479534626,0,0,0,91.1439421027899,0,2071.43443292379,0,39.7433083057404,0,0,0,0,0,0,0,79.0396472960711,33.1631959080696,0,0,0,0
0,0,0,0,0,0,0,0,0,0,0,80.2300719022751,0,0,0,0,0,0,0,19.2270756810904,0,0,0,0,0,0,0,155.581824526191,0,0,0,0,0,0,0,2.97977842390537,0,351.253696128726,0,0.205191284418106,0,12.2697770819068,0,0,0,5.64626893401146,0,0.279947459697723,0,1.38232432305813,0,0,0,0,0,0,0,126.826017901301,0,0,0,0,21.061357870698,0,25.6593375504017,0,0,0,0,0,231.095253497362,0,1533.83176457882,0,0,0,0,0,4.05562438070774,0,102.837666228414,0,260.56645603478,173.297377124429,10.2969495356083,2.31948193907738,0
0,0,0,0,0,0,0,0,0,0,56.6821786463261,0,0,0,0,0,0,0,0,0,0,0,0,0,0,0,0,0,49.2291828393936,0,0,0,0,0,0,0,0,0,117.979959845543,0,0,0,0,0,0,0,0.74867145717144,0,0,0,0,0,0,0,0,0,5.72705355286598,0,0,0,0,0,0,0,0,0,0,0,0,0,0,0,0,492.29420542717,0,0,0,0,0,0,0,78.3502160012722,37.7428156137466,0,0,0,0
0,0,0,0,0,0,0,0,0,0,0,0,0,0,0,0,0,0,0,0,0,0,0,0,0,0,0,0,0,0,0,0,869.549988120794,194.937240600586,191.841025680304,778.549640238285,1407.01634302735,0,0,0.227924257516861,0,0.721890464425087,0,0,0,2.43533267080784,7.93861871957779,173.2526884377,0,142.052945435047,0,0,0,0,0,0,0,0.372318208217621,0,0,0,0,0.434852838516235,1.09647324681282,0,0,0,0,0,0,0.178329482674599,0,3.09468621015549,0,1528.32735171914,116.6861089468,251.501486361027,32.6628774702549,2444.17934650183,341.818461537361,26.0334858745337,0,2581.56315091252,0,25.9666731953621,0,0
0,0,0,0,0,0,0,0,0,0,0,0,0,0,0,0,1.69588381052017,0,6.44180220365524,0,0,0,0,0,0,0,0,0,0,0,0,869.549988120794,0,2.51912605762482,207.427439570427,52.7420947253704,860.885096654296,0,0,0,1.95944881439209,4.46003916859627,32.3508515357971,0,0,1.94401395320892,0.330258339643478,402.688021540642,57.3324224948883,6.10756886005402,0,0,0,0,0,0,0,0.469166100025177,0,0,0,0,0,0,0,0,0,0,0,0,0,0,0,0,312.523523837328,1254.34299224615,4.53003293275833,141.826863408089,25.3218745738268,391.566455662251,0,2.55950674414635,541.814525693655,0,16.0823470205069,0.700790405273438,0
0,0,0,0,0,0,0,0,0,0,0,0,0,0,0,0,0,0,0,0,0,0,0,0,0,0,0,0,0,0,0,194.937240600586,2.51912605762482,0,2353.30155402422,274.142902135849,1.20017671585083,273.676897644997,69.1701068282127,0,0,15.1682103127241,0.996022015810013,0,0,1.51278650760651,0,1022.70035162568,1.94319838285446,1075.60581210256,0,0,0,0,0,0,0,2.19166350364685,0,0,0,0,1.30157293379307,0,0,0,0,0,0,0,0,0,2.51641449332237,0,109.204835981131,0,3992.0250107646,1442.56634932756,197.385036364198,0.630972743034363,1586.87124304473,0,958.895827293396,0,2.08651998639107,0,0
0,0,0,0,0,0,0,0,0,0,0,0,0,0,0,0,5.06815215945244,3.03155159950256,35.2576058954,0,0,0,7.27568960189819,0,0,0,0,0,0,0,0,191.841025680304,207.427439570427,2353.30155402422,0,90.5482674241066,296.196855738759,176.19416052103,330.446198999882,0,5.30560666322708,40.1611168831587,173.270763427019,0,2.17637680470943,0,18.7784245014191,1596.44452674687,75.5861732512712,50.7008439004421,0,0,0,0,0,0,0,0,0,0,0,0,0,0.266206175088882,0,9.82641914486885,0,0,0,0,0,0,0.405842900276184,0.846695885062218,72.9088358432055,16.2534374296665,1680.30552992225,2170.46161913872,18.4484962075949,188.026016488671,107.498331159353,671.08151704073,713.94829338789,3.28274145722389,55.6190471798182,0.531776264309883,0
0,0,0,0,0,67.0102419704199,0,0,0.62639008462429,2.96472157537937,0,8.00431509315968,0,0,0,0,51.1447508484125,63.7575598433614,522.106379359961,380.008041635156,0,0,0,0,0,0,1.2381364107132,1.40812754631042,0,2.97977842390537,0,778.549640238285,52.7420947253704,274.142902135849,90.5482674241066,0,827.596265509725,1959.47758650035,93.0384147763252,278.898647241294,5.2265372723341,841.127401761711,31.6641402095556,15.6986623853445,0,360.446681492031,5.95848362147808,65.2468425184488,1.63104273378849,67.1047637909651,0,0,0,0,0.152526095509529,0,0,30.3252939879894,0,0,0,0,442.681948393583,0.160672262310982,5.26030107587576,0,0,0,0,0,23.6674527823925,0,112.188583545387,2.08611154556274,107.758255958557,88.0248402655125,162.352732628584,2.47035676240921,14275.0477498546,313.671134918928,1106.40785996616,71.8982176482677,5147.65328589827,1161.24545538425,712.76464714855,70.562736146152,1.76095820963383
0.704081356525421,0,27.3324654400349,0,0,0,0,0,11.130597949028,0,0,0,0,0,0,0,33.6512669995427,32.055342271924,254.468803659081,0,451.764912575483,0,0,0.677933752536774,0,0,0,0,0,0,0,1407.01634302735,860.885096654296,1.20017671585083,296.196855738759,827.596265509725,0,38.47646959126,1850.76541748643,1.09380158782005,225.048651307821,33.6399114578962,979.59283759445,0,13.5303812325001,3.89080998301506,303.297079741955,178.55266110599,123.358638748527,10.8257435560226,0,0,0,0,1.92021048069,0,0.794718280434608,0,0,0,0,0,0,444.944807320833,0,0,0,0,0,0,0,0,0,14.1988059431314,422.659563273191,136.264936342835,0,263.756303459406,204.813073530793,18428.4855809063,2.94961512088776,1428.5513497293,4804.98758810759,582.582459896803,547.097524240613,0.459804490208626,3.48319198191166
0,0,0,0,0,0.170138955116272,0,0,0.359571516513824,31.9580227434635,0,52.4625731110573,0,0,0,0.569474101066589,7.09239262342453,31.1563537567854,70.2554051354527,199.54519777,0,1326.38018161058,2.97071346640587,488.198181480169,0,5.42112737894058,0,76.0496465861797,0,351.253696128726,0,0,0,273.676897644997,176.19416052103,1959.47758650035,38.47646959126,0,571.675679385662,9.06804323941469,0,148.034953221679,0.715512603521347,8.95693764090538,0,146.133152678609,0,742.32285515964,0.349439054727554,1104.16372093558,0,0,0,0,1.78522554039955,1.22458274662495,0,6.61404183506966,0,0,0,0.307433873414993,145.332387514412,0,296.36785286665,0,501.834931820631,0,0,0,85.3542445525527,0,115.701515227556,0,0,0,105.524963319302,6.43451011180878,676.670051597059,5.34539093077183,17303.1690541506,90.4813787192106,4707.13719204068,1281.18912912905,397.776120588183,75.9016641378403,0
8.82291559875011,0,0.401704013347626,0,0,0,0,0,57.9124490916729,0,310.601925164461,0,0,0,0.752422034740448,0,6.40300768613815,3.11495479941368,1.44844552874565,0,93.3561259359121,4.05348289012909,1604.04646901786,0,370.890577793121,0,0,0,86.1087523698807,0,117.979959845543,0,0,69.1701068282127,330.446198999882,93.0384147763252,1850.76541748643,571.675679385662,0,0,0,0,190.623628586531,0,0,0,3.60759329795837,207.719891130924,556.840278148651,0,0,0,0,0,4.70844122767448,0,44.1004920303822,0,0,0,0,0,0,16.927256450057,0,1648.10258960724,0,74.4208818078041,0,0,0,1.72123062610626,0,113.798413798213,0,0,12.5381704568863,91.7064040154219,3.96535858511925,487.693108916283,250.29902741313,15101.1437602341,3172.8541790396,1010.14214225113,193.455985665321,0,7.73068290948868
0,0,0,0,0,4.87660624086857,0,0,0,0.194405913352966,0,0,0,0,0,0,12.2974538952112,29.3115726560354,207.655801676214,5.24360048770905,0,0,0,0,0,0,0,0,0,0.205191284418106,0,0.227924257516861,0,0,0,278.898647241294,1.09380158782005,9.06804323941469,0,0,0.307373516261578,551.079274058342,5.43335502594709,0.947014570236206,0.359579771757126,432.478312760592,0,65.0692062526941,2.89390812814236,326.043711766601,0,0,0,0,0,0,0,6.2723683565855,0,0.60421758890152,0,0.273391395807266,111.845868647099,0,0.850583404302597,0,0,0,0,0,5.69410656392574,0,42.6968760937452,0,7.2923481464386,0,1.89527598023415,0,817.071860969067,3.45024274289608,96.2314481437206,0,45.6552428081632,0.303190022706985,612.906397506595,18.4252177104354,0
0,0,0,0,0,0,0,0,0,0,0,0,0,0,0,0,22.4005190655589,11.1893816366792,134.439166873693,0,1.34718427807093,0,0,0.796746850013733,0,0,0,0,0,0,0,0,1.95944881439209,0,5.30560666322708,5.2265372723341,225.048651307821,0,0,0.307373516261578,0,21.5856413915753,296.228733420372,0,2.6752524971962,1.53775259107351,960.745174922049,239.097511395812,979.294746398926,62.4873270988464,0,0,0,0,0,0,3.43564283847809,0,0,0,0,0,0,199.228153407574,0,0,0,0,0,0,0,2.07454650104046,0,19.3621279373765,0,12.8069622814655,0,2.85435765981674,1.81072265654802,808.080149456859,1.9054789096117,55.190967053175,43.5044433474541,1.36261528730392,220.711224496365,1.87225912511349,0
0,5.07625275850296,0,4.3599699139595,0,13.3067416101694,0,0,0.377129375934601,4.46323525905609,0,2.93762563169003,0,0,0,1.69483578205109,79.7064948529005,84.9614064693451,834.373874805868,8.90518707036972,0,0,0,0,0,0,0,2.8833424448967,0,12.2697770819068,0,0.721890464425087,4.46003916859627,15.1682103127241,40.1611168831587,841.127401761711,33.6399114578962,148.034953221679,0,551.079274058342,21.5856413915753,0,332.817516416311,3.55792404711246,0.207979634404182,237.540185518563,20.8950061649084,601.553643867373,111.287778228521,888.319349050522,0,0,0,0,0,0,0.573814809322357,488.172401696444,0,0.508650302886963,0,0,344.369489848614,2.73600378632545,24.8393349051476,0,0,1.04467225074768,0,0,111.423130691051,0,1222.48238767684,3.11154246330261,0,1.34565514326096,0.734286993741989,55.9251184165478,869.558171547949,148.335322290659,1178.15699106455,28.475956812501,592.833329647779,2.45690160989761,3112.80423661321,358.425083488226,0.934927955269814
123.421262785792,0,108.99544686079,0,2.90182024240494,0,0,0,10.1156998276711,3.59856362640858,0,0,0,0,0,0,209.369725085795,111.113100230694,1736.66726655513,0,0,0,3.26213809847832,1.31003637611866,0.351657688617706,0,0,0,0,0,0,0,32.3508515357971,0.996022015810013,173.270763427019,31.6641402095556,979.59283759445,0.715512603521347,190.623628586531,5.43335502594709,296.228733420372,332.817516416311,0,0.159853234887123,146.42791929841,7.90498304367065,711.525460615754,300.132375538349,1353.65081842244,31.1177919507027,0,0,0,0,0.395835354924202,2.00433327257633,7.31891502439976,0,0,0,0.213104054331779,0,0.774214029312134,463.951771259308,0,0,0,0.794660449028015,0,1.73417982459068,0,17.7729865014553,2.1222717165947,242.975315451622,0,82.9387065470219,0,198.52238163352,21.8244512453675,2936.45188435167,10.2505493611097,1354.77162791789,1222.67260154337,6.25619867444038,3351.37308782339,0.657203167676926,744.342908248305
0,0,0,0,0,0,0,0,0,0,0,0,0,0,0,0,10.5320367366076,9.82695426046848,142.223572909832,0,0,0,0,0,0,0,0,0,0,0,0,0,0,0,0,15.6986623853445,0,8.95693764090538,0,0.947014570236206,0,3.55792404711246,0.159853234887123,0,0,13.307454764843,0,0,0,0,0,0,0,0,0,0.778063535690308,0,0,0,0,0,0,0,0,0,0,0,0,0,0,0,0,0,0,0,0,0,0,10.9829226136208,1.97127062082291,53.3946035951376,0,11.7716167122126,0,31.0364014059305,0,0
1.08304619789124,0,1.67434000968933,0,0,0,0,0,0,1.20879817008972,0,0,0,0,0,0,6.40390726923943,2.541414052248,62.1408968567848,0,0,0,0,0,0,0,0,0,0,0,0,0,0,0,2.17637680470943,0,13.5303812325001,0,0,0.359579771757126,2.6752524971962,0.207979634404182,146.42791929841,0,0,0,1.78466400504112,0,1.75109076499939,0,0,0,0,0,0,0,0,0,0,0,0,0,0,0,0,0,0,0,0,0.536797285079956,0,0,0,0,0,0,0,0,0,33.6767251044512,0,1.51900696754456,33.4324787855148,0.205783322453499,12.3990108370781,0,0
0,0,0,0,0,25.4899266213179,0,0,0,0.314795315265656,0,6.3198157697916,0,0,0,0,14.4157123118639,19.4074404090643,259.950332038105,36.5188210010529,0,0,0,0,0,0,0,1.62624955177307,0,5.64626893401146,0,2.43533267080784,1.94401395320892,1.51278650760651,0,360.446681492031,3.89080998301506,146.133152678609,0,432.478312760592,1.53775259107351,237.540185518563,7.90498304367065,13.307454764843,0,0,0,44.0520249605179,7.33860093355179,235.312362864614,0,0,0,0,0.719338074326515,0,0,51.8425856158137,0,1.45503537356853,0,0,787.268023639917,0,7.39296872913837,0,0,0,0,0,45.9153755158186,0,215.07827051729,0,3.72885799407959,0,5.26322668790817,0.80830591917038,347.254604496062,6.52991860359907,580.008710935712,2.48383030295372,119.395780481398,5.41602116823196,786.775546357036,16.5940114557743,0
0,0,76.5811387896538,0,0,0,0,0,0,0,11.266038313508,0,0,0,0,0,1.79419279098511,2.43034410476685,20.1139105260372,0,78.1853711754084,0,0.981401413679123,0,0,0,0,0,0,0,0.74867145717144,7.93861871957779,0.330258339643478,0,18.7784245014191,5.95848362147808,303.297079741955,0,3.60759329795837,0,960.745174922049,20.8950061649084,711.525460615754,0,1.78466400504112,0,0,140.556992977858,531.118786342442,209.804941117764,0,0,0,0,0,0,184.549815267324,0,0,0,0,0,0,404.657665446401,0,0,0,0,0,0,0,86.3097537457943,0.11980664730072,302.753633357584,0,0.96822726726532,2.35509729385376,23.9224259853363,0.480107948184013,2573.38712208718,0,1248.51212268323,168.953416362405,1.45205613970757,1427.65250657499,0.516104340553284,13.2954143881798
0,0,0,0,0,6.8217099905014,0,0,0,0,0,0.430258333683014,0,0,0,0,8.50099968910217,4.30855497717857,39.3163415342569,1.81561648845673,0.175821557641029,0,25.4622736573219,0,0,0,0,0.158442035317421,0,0.279947459697723,0,173.2526884377,402.688021540642,1022.70035162568,1596.44452674687,65.2468425184488,178.55266110599,742.32285515964,207.719891130924,65.0692062526941,239.097511395812,601.553643867373,300.132375538349,0,0,44.0520249605179,140.556992977858,0,745.065181791782,2693.17870588601,0,0,0,0,0,0,2.64157485961914,4.59475342929363,0,0,0,0,34.7497588694096,15.3970260769129,0,11.3517357110977,0,0,0,0,1.55098855495453,3.43593241274357,5.65050226449966,6.14619110524654,115.971382111311,372.79989272356,268.709606409073,1013.89560805261,471.200251922011,573.578300788999,297.075491532683,379.444218404591,573.769583925605,5.0570353269577,911.877286091447,6.8833259344101,6.09097337722778
47.6995003968477,0,59.3022853732109,0,0,0,0,0,18.5834167003632,0.601325690746307,0.333769887685776,0,0,0,0,0,41.1129546836019,26.4395930916071,309.788610108197,0,5.59699234366417,0,260.482736200094,0,0.784457072615623,0,0.429839491844177,0,0,0,0,0,57.3324224948883,1.94319838285446,75.5861732512712,1.63104273378849,123.358638748527,0.349439054727554,556.840278148651,2.89390812814236,979.294746398926,111.287778228521,1353.65081842244,0,1.75109076499939,7.33860093355179,531.118786342442,745.065181791782,0,19.9916874468327,0,0,0,0,17.2584472447634,1.02128124237061,126.065383583307,0.15707540512085,0,0,0,0,0.24299980700016,62.7165598869324,0,808.583036750555,0,153.272258371115,0,34.5678323209286,0,373.385951474309,0.259462520480156,436.715812832117,0,55.76345038414,0,205.215318411589,9.50112795829773,1019.08343069255,3.06991738080978,857.927682548761,226.415345221758,0.356171935796738,1131.22553773224,0.441256523132324,59.220336869359
0,448.022699713707,0,9.81438058614731,0,36.5389122962952,0,0,0.285915225744247,70.2812486588955,0,2.61790220439434,0,0,0,0,6.51241306960583,5.43850886821747,34.6147524863482,12.0118201524019,0,284.302107125521,0,30.3015200942755,0,0,0,0.166557520627975,0,1.38232432305813,0,142.052945435047,6.10756886005402,1075.60581210256,50.7008439004421,67.1047637909651,10.8257435560226,1104.16372093558,0,326.043711766601,62.4873270988464,888.319349050522,31.1177919507027,0,0,235.312362864614,209.804941117764,2693.17870588601,19.9916874468327,0,0,0,0,0,0,90.3469993621111,1.89083056151867,168.396151855588,0,0,0,3.15688294172287,132.543137185276,22.7103140056133,371.789732769132,0,208.994520127773,0,74.198819488287,0,90.4588790386915,1.90339380502701,64.41164290905,6.09502825140953,48.343050211668,5.28144872188568,177.271125018597,45.9248795807362,270.985531106591,26.2619543224573,1948.3448754698,15.5587214380503,223.655512318015,0.846907436847687,1800.47709095478,6.649119541049,1.53433927893639
0,0,24.4760632514954,0,41.1450977623463,0,8.08581703901291,0,0,0,1.50309044122696,0,0,0,0,0,0,0,0,0,1.07016089558601,0,0,0,0,0,0,0,0,0,0,0,0,0,0,0,0,0,0,0,0,0,0,0,0,0,0,0,0,0,0,0,53.5086193084717,0,6.61178159713745,0,115.119028836489,0,35.5401601791382,0,0,0,0,0,0,0,0,0,0,0,0,0,0,0,0,0,0,0,0,0,0,0,7.67812132835388,0,0,0,0
0,0,0,37.6951150894165,0,31.5791608095169,0,0,0,0,0,0,0,0,0,0,0,0,0,0.32060581445694,0,0,0,0,0,0,0,0,0,0,0,0,0,0,0,0,0,0,0,0,0,0,0,0,0,0,0,0,0,0,0,0,0,0,0,0,0,60.6299245655537,0,22.4707155227661,0,2,61.9254501461983,0,0,0,0,0,0,0,0,0,0,0,0,0,0,0,0,0,0,0,0,0,3.10463464260101,0,0
0,0,0,0,96.3671860694885,0,314.412165522575,0,0,0,0,0,0,0,0,0,0,0,0,0,16.768549323082,0,0,0,0,0,0,0,0,0,0,0,0,0,0,0,0,0,0,0,0,0,0,0,0,0,0,0,0,0,53.5086193084717,0,0,0,0,0,57.4389985799789,0,7.18555355072021,0,0,0,0,0,0,0,0,0,0,0,0,0,0,0,0,0,0,0,0,0,0,0,111.890698075294,0,0,0,0
0,0,0,0,0,0,0,35.4420554339886,0,0,0,37.8777249455452,0,0,0,0,0,0,0,0,0,0,0,0,0,0,0,0,0,0,0,0,0,0,0,0,0,0,0,0,0,0,0,0,0,0,0,0,0,0,0,0,0,0,0,0,0,27.0833840072155,0,0,0,0,0,0,0,0,0,0,0,0,0,0,0,0,0,0,0,0,0,0,0,0,0,0,0,0,0
63.1485742330551,0,15.7887075543404,0,9.88983994722366,0,0,0,391.877138122916,37.1525813341141,3.30180758237839,0,0,0,117.559513181448,3.55988442152739,691.645713329315,262.274636223912,61.1738410145044,0,0,1.42467188835144,19.0490784943104,11.6506412923336,148.576388120651,8.3553270176053,29.8064260780811,0,0,0,0,0,0,0,0,0.152526095509529,1.92021048069,1.78522554039955,4.70844122767448,0,0,0,0.395835354924202,0,0,0.719338074326515,0,0,17.2584472447634,0,6.61178159713745,0,0,0,0,14.1055802032351,4.9053270816803,0,0,0,81.4479804635048,3.72135475277901,0,3.01752018928528,0,4.98729130625725,3.05827987194061,26.6785679906607,0,49.3184162825346,0,0,0,0,0,0,0,0,0,0.361078992486,4.58111763000488,11.0764494240284,489.639706507325,2.10276998579502,3.11712375283241,0,0
0,115.313418716192,0,0,0,0,0,0,7.88681002706289,260.21532407403,0,0,0,0,0.680625021457672,52.2661792039871,103.456223756075,417.004568681121,39.3184057921171,0,0,0,9.6108570098877,182.806481793523,8.97106029093266,6.4215589761734,0,0,0,0,0,0,0,0,0,0,0,1.22458274662495,0,0,0,0,2.00433327257633,0.778063535690308,0,0,0,0,1.02128124237061,90.3469993621111,0,0,0,0,14.1055802032351,0,0,0.214993506669998,0,0,0.389584332704544,8.96095107495785,0,0,1.84891045093536,0,314.63279864192,0.528536677360535,4.42603665590286,0.384183764457703,0,0,0,0,0,0,0,0,0.186430796980858,1.24505472183228,35.6860715150833,0,195.609627380967,6.27800226211548,2.33056651055813,0,0
0,0,8.37949860095978,0,0,0,11.8656677007675,0,0,0,663.265736103058,0,22.0600159168243,0,0,0,0,0,0.417377501726151,0,112.134567156434,0,0,0,0,0,0,0,0,0,5.72705355286598,0,0,0,0,0,0.794718280434608,0,44.1004920303822,0,3.43564283847809,0.573814809322357,7.31891502439976,0,0,0,184.549815267324,2.64157485961914,126.065383583307,1.89083056151867,115.119028836489,0,57.4389985799789,0,4.9053270816803,0,0,0,118.758245110512,0,0,0,0,573.555671349168,0,0,0,0,0,68.0233346819878,0,296.303910821676,0,228.223552256823,0,0,0,0,0,37.4792593196034,0,11.1226900517941,7.93561255931854,0,139.408159211278,0,0
0,2.70802545547485,0,3.47527503967285,0,15.1765476763248,0,72.5887013673782,0,0,0,1152.84648096561,0,39.6221777200699,0,0,0.218540444970131,0.249595582485199,8.22352659702301,147.547708973289,0,0,0,0,0,0,0,7.55783045291901,0,126.826017901301,0,0.372318208217621,0.469166100025177,2.19166350364685,0,30.3252939879894,0,6.61404183506966,0,6.2723683565855,0,488.172401696444,0,0,0,51.8425856158137,0,4.59475342929363,0.15707540512085,168.396151855588,0,60.6299245655537,0,27.0833840072155,0,0.214993506669998,0,0,0,227.891961306334,0,4.02513062953949,403.241774633527,0,23.5918027758598,0,0,0,0,0,533.035724133253,0,732.235122203827,0,0,0,0,0,28.7771407365799,0.130026206374168,16.9354326725006,0,60.6310807913542,3.48305934667587,625.45209223032,3.86346374452114,0
0,0,9.06264597177505,0,0,0,0,0,0,0,49.7356994152069,0,5.04342079162598,0,0,0,0,0,0,0,0,0,0,0,0,0,0,0,0,0,0,0,0,0,0,0,0,0,0,0,0,0,0,0,0,0,0,0,0,0,35.5401601791382,0,7.18555355072021,0,0,0,118.758245110512,0,0,0,0,0,0,3.544562458992,0,0,0,0,0,0.827195346355438,0,50.1575262546539,0,0,0,0,0,0,0,0,0,0,0,0,6.72563463449478,0,0
0,0,0,0,0,0,0,0,0,0,0,122.31503815949,0,168.476537838578,0,49.6064894199371,0,0,0,2.51332870125771,0,0,0,0,0,6.86866818368435,0,14.4781125932932,0,0,0,0,0,0,0,0,0,0,0,0.60421758890152,0,0.508650302886963,0,0,0,1.45503537356853,0,0,0,0,0,22.4707155227661,0,0,0,0,0,227.891961306334,0,0,0,60.6786760091782,7.9720011651516,0,0,0,0,0,18.5482949912548,0,673.895196974277,0,0,0,0,0,0,0,0.206914156675339,0,0,0,21.3163337409496,0,1.23046857118607,0,0
0,0,0,0,0.80372142791748,0,0,0,79.8317711055279,3.12002751231194,0,0,0,0,336.27756434679,0,404.953640326858,52.0361043065786,17.0533955395222,0,0,0,6.07772940397263,0,13.8952131271362,0,97.9240812957287,0,11.7697896957397,0,0,0,0,0,0,0,0,0,0,0,0,0,0.213104054331779,0,0,0,0,0,0,0,0,0,0,0,81.4479804635048,0.389584332704544,0,0,0,0,0,1.85531854629517,0,0,0,6.31427282094955,0,5.58239501714706,0,35.6953946053982,0,8.88892257213593,0,0,0,0,0,0,0,0,0,0,106.929983109236,0,0,0,0
0,0,0,0,0,0,0,0,2.81340643763542,16.1506435871124,0,0,0,2.24356234073639,0,67.3523879349232,40.7505891174078,231.925106570125,9.56929907202721,0,0,0,0,4.8996573984623,0.172054499387741,16.7389761656523,0,0,0,0,0,0,0,0,0,0,0,0.307433873414993,0,0.273391395807266,0,0,0,0,0,0,0,0,0,3.15688294172287,0,2,0,0,3.72135475277901,8.96095107495785,0,4.02513062953949,0,60.6786760091782,1.85531854629517,0,0,0,0,0,1.97745299339294,0,4.24096298217773,0.692493140697479,0.248597502708435,0,0,0,0,0,0,0,0,0.183997079730034,0,0,47.4449261724949,0,0,0,0
0,0,0,116.671576291323,0,309.228199750185,0,0,0,0,0,98.6484917700291,0,0.429792404174805,0,0,0.609411850571632,0.145906165242195,4.14922122657299,654.931540176272,0,0,0,0,0,0,0,3.66463658213615,0,21.061357870698,0,0.434852838516235,0,1.30157293379307,0,442.681948393583,0,145.332387514412,0,111.845868647099,0,344.369489848614,0.774214029312134,0,0,787.268023639917,0,34.7497588694096,0.24299980700016,132.543137185276,0,61.9254501461983,0,0,0,0,0,403.241774633527,0,7.9720011651516,0,0,0,0,19.8135482370853,0,0,0,0,0,123.592587262392,0,386.355024799705,0,0.597229659557343,0,0.227458313107491,0,829.809267215431,0,291.286070108414,0,99.7520051673055,8.27556876838207,563.916413590312,1.16670259833336,0.274938404560089
0,0,2.21619608998299,0,0,0,0,0,0,0,12.4959399998188,0,0,0,0,0,0,1.24290405213833,0,0,1045.78853042424,0,0,0,0,0,0,0,0,0,0,1.09647324681282,0,0,0.266206175088882,0.160672262310982,444.944807320833,0,16.927256450057,0,199.228153407574,2.73600378632545,463.951771259308,0,0,0,404.657665446401,15.3970260769129,62.7165598869324,22.7103140056133,0,0,0,0,3.01752018928528,0,573.555671349168,0,3.544562458992,0,0,0,0,0,0,0,0,0,0,0,0,109.163169190288,0,109.040110245347,0,0,0,0,0,656.550869449973,0,236.518982321024,360.880639970303,0,718.635942570865,0,12.9495556354523
0,0,0,0,0,1.81657829880714,0,0,0,4.46576464176178,0,10.2809739559889,0,0,0,3.96877253055573,11.1006372272968,191.995176911354,6.28350713849068,12.272103831172,0,9098.96091906726,69.265152990818,229.654461801052,0,85.9099395573139,0,287.029681295156,0,25.6593375504017,0,0,0,0,0,5.26030107587576,0,296.36785286665,0,0.850583404302597,0,24.8393349051476,0,0,0,7.39296872913837,0,0,0,371.789732769132,0,0,0,0,0,1.84891045093536,0,23.5918027758598,0,0,0,0,19.8135482370853,0,0,1.74454486370087,285.268559932709,0,77.9487500786781,1.14188730716705,1329.05014926195,0,57.0816700011492,0,0,0,0,0,4.06521176546812,0,437.888729006052,0,376.809544086456,74.4007612764835,10.9865174144506,2.2353929579258,0
0,0,0,0,0,0,0,0,24.8611961901188,0,0,0,0,0,11.3176503479481,0,227.792277574539,5.25563557446003,1.5031646490097,0,0,353.445357769728,12049.4997364581,1.23435962200165,271.745237618685,0,30.6027259528637,0,38.8434479534626,0,0,0,0,0,9.82641914486885,0,0,0,1648.10258960724,0,0,0,0,0,0,0,0,11.3517357110977,808.583036750555,0,0,0,0,0,4.98729130625725,0,0,0,0,0,6.31427282094955,0,0,0,1.74454486370087,0,0,595.647545680404,0,319.670946627855,0,172.88709422946,0,0.668067991733551,0,0,0,0,0,0,0,691.93530331552,615.883161887527,5.22198313474655,0.308189243078232,0,0
0,34.0866259485483,0,0,0,0,0,0,15.2841687500477,125.969805181026,0,0,0,0,0,1.38661828637123,46.5915773361921,88.2243547141552,25.5718299299479,0,0,146.463819354773,0.870800256729126,934.722976133227,0.334749341011047,11.3275832533836,2.54717063903809,0,0,0,0,0,0,0,0,0,0,501.834931820631,0,0,0,0,0,0,0,0,0,0,0,208.994520127773,0,0,0,0,3.05827987194061,314.63279864192,0,0,0,0,0,1.97745299339294,0,0,285.268559932709,0,0,0,303.319721490145,0,83.032112300396,0,0,0,0,0,0,0,0,0,313.507214859128,0,170.78351020813,2.08936268091202,34.0056760013103,0,0
19.9316347241402,0,0,0,0,0,0,0,64.8412493616343,0,0,0,0,0,17.1069343686104,0,135.78749781847,41.2475855648518,6.36736708879471,0,0,0,179.077481046319,0,767.83770172298,1.03842294216156,57.5330564677715,0,0,0,0,0,0,0,0,0,0,0,74.4208818078041,0,0,1.04467225074768,0.794660449028015,0,0,0,0,0,153.272258371115,0,0,0,0,0,26.6785679906607,0.528536677360535,0,0,0,0,5.58239501714706,0,0,0,0,595.647545680404,0,0,0,19.3043407201767,0,0,0,0,0,0,0,0,0,0,0,9.00792679190636,156.835103362799,0,42.2945124804974,0,0
