0,0.816629901528358,58.6539907157421,0,0,0,0,0,489.410814702511,0,0,0,0,0,1.7510729432106,0,0.397482395172119,0,106.595990180969,0,0,0,0,0,0,0,0,0,0,0,0,0,0,0,0,0,0,0.870671004056931,0.45841446518898,2.40043687820435,2.76467871665955,0.1999451816082,122.402916669846,0,0,0,15.2517577260733,14.9211933761835,289.408053904772,0.42145611345768,0,0,0,0,55.4431456625462,0,0,0,0,0,50.1072783470154,0,0,0,0,0,0,0,0,2.07195580005646,0,0.763011574745178,0,5.69737538695335,0,0,0,0,0,65.5597277879715,0,5.75110346078873,115.246246144176,0.176875323057175,298.137133657932,0,24.1777973622084
0.816629901528358,0,0,94.78655564785,0,0,0,0,0.265856504440308,206.681122362614,0,0,0,0,0,0,0,0,3.9721465408802,0,0,0,0,0,0,0,0,0,0,0,0,0,0,0,0,0,0,0,0,3.81012418866158,0,50.6977682709694,0,0,0,10.6042376309633,0,2.34824873507023,0.266008526086807,379.69746106863,0,0,0,0,0,97.7167806923389,0,46.8958793878555,0,41.3485930860043,0,44.2636266946793,6.93845172226429,0,0,0,0,0,1.53676462173462,0,2.54751992225647,0,3.04981605708599,0,0,0,0,0,25.0577411800623,0,3.73518905043602,0,157.552352949977,0,442.003353506327,0.42636251449585,0
58.6539907157421,0,0,0,26.5568825602531,0,0,0,75.0632346570492,0,0,0,0,0,0,0,0.343267761170864,0.142300173640251,2.1339259147644,0,0,0,0,0,0,0,0,0,0,0,0,0,0,0,0.344885066151619,0,0.727893263101578,0,0,0.145807698369026,19.4816759228706,0,117.278655931354,0,0,0,6.79271007329226,1.76553635299206,51.0694307982922,0,110.595450371504,0,0,0,15.8735592961311,0,120.238183274865,0,164.401921063662,0,15.0799073427916,0,0,0.235849291086197,0,0,0,0,0,0,0,1.62364955246449,0,40.7200866937637,0,0,0,0.160051882266998,0,9.19455587863922,0,5.50678080320358,42.2923898547888,5.32089886069298,404.688360482454,0,4.82443833351135
0,94.78655564785,0,0,0,135.981880933046,0,0,0,77.2464247941971,0,3.01212275028229,0,0,0,0,0.912662640213966,0.313902273774147,2.97106570005417,0,0,0,0,0,0,0,0,0,0,0,0,0,0,0.316352918744087,0,29.1921961307526,0.39893838763237,0.171312749385834,0,38.7694237828255,0,104.202356621623,1.60935156047344,0.730751574039459,0,15.1623093634844,0,20.9279294312,18.8179757371545,149.864178709686,0,183.968327313662,0,0,0,0,0,280.493776962161,0,220.264618605375,0,110.197946876287,34.1519250273705,0,0,0,0,0,0,0,4.51236107945442,0,44.2749695181847,0,0,0,0,0,50.7157490774989,0.638464316725731,9.0102489516139,0.166423499584198,75.681357383728,9.35378094762564,1310.27785947919,1.77647356688976,0
0,0,26.5568825602531,0,0,0,6.84130477905273,0,2.22347831726074,0,0,0,0,0,0,0,0,0,0,0,25.0631002783775,0,0,0,0,0,0,0,0,0,0,0,0,0,0,0,2.15270709991455,0,0,0,3.35172215104103,0,9.52405524253845,0,0,0,6.56513437628746,2.33368700742722,8.99507451057434,0,229.615385591984,0,17.1562515497208,0,3.09203171730042,0,0,0,0,0,0,0,0,1.94418597221375,0,0,0,0,0,0,0,0,0,2.46626424789429,0,0,0,0,0,0,0,0.23473733663559,180.856081426144,0.345045775175095,566.390965759754,0,0.578924775123596
0,0,0,135.981880933046,0,0,0,0,0,0,0,58.8256241679192,0,0,0,42.6615213155746,0,0,0,9.844850897789,0,0,0,0,0,0,0,0,0,0,0,0,0,0,0,3.8741295337677,0,0,0,0.243792146444321,0,4.78318522870541,0,0,0,2.16825860738754,0,0.488515645265579,0,4.34999263286591,0,159.725684076548,0,21.3025131225586,0,0,0,67.7564734220505,0,0.614331901073456,0,0,7.58675593137741,0,0,0,0,0,0,0,0,0,0.395077228546143,0,0,0,0,0,12.1045168042183,0,0,0,288.974427416921,0.205595165491104,757.521748781204,0,0
0,0,0,0,6.84130477905273,0,0,0,0,0,1.67388796806335,0,0,0,0,0,0,0,0,0,57.4595360457897,0,0,0,0,0,0,0,0,0,0,0,0,0,0,0,0,0,0,0,0,0,0,0,0,0,0,0,0,0,2.63508534431458,0,4.41659212112427,0,0,0,0,0,0,0,0,0,0,6.44095873832703,0,0,0,0,0,0,0,0,0,0,0,0,0,0,0,0,0,0,33.3035286068916,0,11.4655507802963,0,0
0,0,0,0,0,0,0,0,0,0,0,2.12006139755249,0,0,0,0,0,0,0,0,0,0,0,0,0,0,0,0,0,0,0,0,0,0,0,0,0,0,0,0,0,0,0,0,0,0,0,0,0,0,0,0,0,253.825044631958,0,0,0,2.12003588676453,0,1,0,0,0,0,0,0,0,0,0,0,0,0,0,0,0,0,0,0,0,0,0,0,1,3,0,0,0
489.410814702511,0.265856504440308,75.0632346570492,0,2.22347831726074,0,0,0,0,7.82277294993401,0,0,0,0,34.6883214861155,0,149.490790426731,61.731191188097,235.259723052382,0,0,0,0,0,1.98416173458099,0,0,0,0,0,0,0,0,0,0,0,0,0.231797367334366,79.0681802332401,8.55973453819752,0,1.14385804533958,154.246164441109,0,0,2.68015962839127,0,1.90547353029251,29.5484490990639,0,0,0,0,0,1160.04429708421,0,0,0,0,0,41.7449351549149,0,0.686990827322006,0,0,0,0,25.3936624825001,0,5.11185604333878,0,0,0.344672173261642,5.27639743685722,0,0,0,0,10.9669202417135,0.601551458239555,0,37.4466822147369,633.062758386135,0.759470731019974,289.145310461521,0,11.4928507804871
0,206.681122362614,0,77.2464247941971,0,0,0,0,7.82277294993401,0,0,0,0,0,0,74.5124023854733,2.60317051410675,0,143.32509124279,0,0,0,0,183.906082943082,0,59.5863884687424,0,0,0,0,0,0,0,1.73332418501377,0,0,0,108.562133386731,0,0.659265637397766,0,20.6253549158573,0,0,0,0.350233644247055,2.12617540359497,0,0,253.877416491508,0,0,0,0,0,526.221054270864,0,0.509957671165466,0,0,0,40.8072233200073,0,0,0,0,45.7652457952499,0,14.9914677143097,0,0,0,3.50099885463715,0,0,0,11.6088892221451,0,0,0,45.6082944273949,0,1066.68129478395,0,395.023481540382,2.34717527031898,0
0,0,0,0,0,0,1.67388796806335,0,0,0,0,0,755.693770885468,0,0,0,0,0,0,0,837.050196707249,0,0,0,0,0,0,0,156.094216823578,0,31.7758662700653,0,0,0,0,0,17.6042776107788,0,1124.08247283101,0,0,0,0,0,0,0,0,0,0,0,17.4927699565887,0,127.841767191887,0,0,0,726.668414026499,0,92.5200552940369,0,0,0,0,185.628107994795,0,0,0,0,0,0,0,180.513495922089,0,0,0,0,0,0,0,46.8568396568298,0,72.4918713271618,204.035449832678,39.6480340361595,0,0,0
0,0,0,3.01212275028229,0,58.8256241679192,0,2.12006139755249,0,0,0,0,0,2152.84620678425,0,0,0,0,0.396459758281708,666.898480772972,0,0,0,0,0,0,0,3,0,4.90569293498993,0,0,0,0,0,1287.69424122572,0,777.013383477926,0,0,0,0,0,0,0,0,0,0,0,0,0,1.75337779521942,0,0,0,0,0,1542.61946004629,0,1417.70062816143,0,0,381.556919455528,0,0,0,0,0,0,0,0,0,21.4297808408737,0,0,0,0,0,92.21567684412,0,383.859455764294,0,311.540588051081,0,30.7852109670639,0,0
0,0,0,0,0,0,0,0,0,0,755.693770885468,0,0,0,8.49342358112335,0,0,0,0,0,0,0,0,0,0,0,0,0,0,0,0,0,0,0,0,0,0,0,0,0,0,0,0,0,0,0,0,0,0,0,0,0,0,0,0,0,188.984990715981,0,45.7036336362362,0,21.4689343571663,0,0,0,0,0,0,0,0,0,0,0,0,0,0,0,0,0,0,0,0,0,0,0,0,0,0
0,0,0,0,0,0,0,0,0,0,0,2152.84620678425,0,0,0,266.788090527058,0,0,0,0,0,0,0,0,0,0,0,0,0,0,0,0,0,0,0,0,0,0,0,0,0,0,0,0,0,0,0,0,0,0,0,0,0,0,0,0,0,1793.65499633551,0,204.604073166847,0,108.164487302303,0,0,0,0,0,0,7.85618448257446,0,0,0,0,0,0,0,0,0,0,0,0,0,141.468130588531,14.6104300022125,0,0,0
1.7510729432106,0,0,0,0,0,0,0,34.6883214861155,0,0,0,8.49342358112335,0,0,0,0,0,0,0,0,0,0,0,0,0,0,0,0,0,0,0,0,0,0,0,0,0,0,0,0,0,0,0,0,0,0,0,0.59465217590332,0,0,0,0,0,55.6836446225643,0,0,0,7.62004652619362,0,144.572471678257,0,0,0,0,0,0,0,0,0,0,0,0,0,0,0,0,0,0,0,0,0,0,0,0,0,0
0,0,0,0,0,42.6615213155746,0,0,0,74.5124023854733,0,0,0,266.788090527058,0,0,0,0,0,0,0,0,0,0,0,0,0,32.0221798419952,0,0,0,0,0,0,0,0,0,0,0,0,0,0,0,0,0,0,0,0,0,0,0,149.135980725288,0,0,0,62.5008621513844,0,0,0,32.9337419867516,0,204.827660679817,0,0,0,0,0,0,9.04105162620544,0,37.8489606380463,0,0,0,0,0,0,0,0,0,0,0,13.1977234482765,0,0,0,0
0.397482395172119,0,0.343267761170864,0.912662640213966,0,0,0,0,149.490790426731,2.60317051410675,0,0,0,0,0,0,0,15646.703773059,4876.36799029261,0,0,0,4.02197647094727,1.13748213648796,16.9285400211811,0.421711951494217,29.2490499615669,0,0,0,0,0,0,0,0,0,0,0,0,120.567071281374,128.792181529105,54.5504021346569,175.095993176103,4.39376726746559,0,74.8592731058598,177.373814709485,0,0.399343833327293,2.37286606431007,0.20470780134201,0,0,0,0,0,0.193063735961914,0.788367107510567,0,0,0,0,6.63021696358919,0.462049826979637,0,73.5668721199036,8.04724931716919,0,70.8114538490772,135.086143136024,0,0,2.77005314826965,4.5545511841774,0,0,0,0,146.291751198471,247.096735686064,22.7105883955956,70.0897041782737,6640.50968971103,168.784297794104,334.354668103158,0,10.4045984745026
0,0,0.142300173640251,0.313902273774147,0,0,0,0,61.731191188097,0,0,0,0,0,0,0,15646.703773059,0,4519.73996988684,0,0,0,0,11.438050955534,28.680828332901,39.3751563131809,0.932140946388245,0,0,0,0,0,0,0,0,0,0,0,0,175.001649193466,50.6166164502501,133.536446973681,43.5970249921083,4.09787863492966,0,89.5754931420088,66.9432283341885,0,0,4.00469729304314,0.124123252928257,0,0,0,0,0,0,0.960140883922577,0,0,0,0,5.77005465328693,1.34193757176399,0,0,61.1981219053268,0,427.255121946335,0,0,0,4.22878635674715,4.58576773107052,0,0,0,0,188.174615226686,100.693606242537,26.5394927039742,26.036498233676,4789.62038403004,357.417335987091,261.431873895228,1.28005559742451,4.94672860205173
106.595990180969,3.9721465408802,2.1339259147644,2.97106570005417,0,0,0,0,235.259723052382,143.32509124279,0,0.396459758281708,0,0,0,0,4876.36799029261,4519.73996988684,0,0,0,0,0,0,1.42102640867233,0.32856810092926,0,0,0,0,0,0,0,0,0,0,0.866743102669716,0,0,1434.82966483384,866.074291154742,1119.51443535835,913.542996175587,155.312693357468,0,641.827028915286,1142.67669542879,0.188039720058441,0.759258612990379,55.0991558209062,1.07734489440918,0,0,0,0,1.85178714990616,1.95323853939772,8.8188883960247,0,0.180555880069733,0.235464528203011,0.919890224933624,72.497629493475,25.7676068991423,0,0,0,0,4.84494909644127,0,3.78699684143066,0.533221423625946,80.51203263551,61.138633877039,0,0,0,0,1649.94503139704,1786.19676868618,313.333257965744,503.254064694047,3412.25730039924,8.3720031157136,3122.95923102647,12.9782748073339,108.255239486694
0,0,0,0,0,9.844850897789,0,0,0,0,0,666.898480772972,0,0,0,0,0,0,0,0,0,0,0,0,0,0,0,0,0,0,0,0,0,0,0,1199.87189489603,0,799.652161359787,0,0,0,0,0,0,0,0,0,0,0,0,0,0,0,0,0,0,0,243.833514302969,0,0,0,0,306.174399152398,0,0,0,0,0,0,0,0,0,0,0,0,0,0,0,428.001970395446,0,508.769160628319,0,92.2833859324455,0,2.43341463804245,0,0
0,0,0,0,25.0631002783775,0,57.4595360457897,0,0,0,837.050196707249,0,0,0,0,0,0,0,0,0,0,0,0,0,0,0,0,0,0,0,0,0,0,0,0,0,1715.58595648408,0,110.006630480289,0,0.126825973391533,0,0,0,0,0,0.432190477848053,0,0,0,4.837781727314,0,46.3908581733704,0,0,0,512.171238064766,0,0,0,0,0,0,247.385186553001,0,0,0,0,0,0,0,0,0,0,0,0,0,0,0,1067.45163370669,0,13.1653728485107,31.1017587184906,0,5.58669900894165,0,0
0,0,0,0,0,0,0,0,0,0,0,0,0,0,0,0,0,0,0,0,0,0,476.866001993418,141.791919022799,0,180.153679251671,0,1,0,0,0,0,0,0,0,0,0,2981.95356318355,1,0,0,0,0,0,0,0,0,2.14320689439774,0,158.284019887447,0,0,0,0,0,0,0,0,0,0,0,0,0,0,5062.01373523474,213.464028716087,17.9590300321579,0,169.364826440811,0,5.24466466903687,0,0,0,0,0,0.938726454973221,0,0,0,1003.92835009098,0,1109.57159173489,169.830586075783,0,0,0
0,0,0,0,0,0,0,0,0,0,0,0,0,0,0,0,4.02197647094727,0,0,0,0,476.866001993418,0,0,162.859534621239,0,0,0,175.303509831429,0,0,0,0,0,0,0,0,3.45607447624207,1013.90275540948,0,0,0,0,0,0,0,0,0.6763995885849,325.140994220972,0,0,0,0,0,0,0,0,0,0,0,0,0,0,0,4.64498901367188,5802.67020654678,0,53.162268280983,0,5.7594992518425,0,89.2380204200745,0,0,0,0,0,0,0,0,0,302.674729019403,859.97131729126,1.11909162998199,0,0,0
0,0,0,0,0,0,0,0,0,183.906082943082,0,0,0,0,0,0,1.13748213648796,11.438050955534,0,0,0,141.791919022799,0,0,0,354.383869424462,0,0,0,0,0,0,0,0.258473634719849,0,0,0,483.582418888807,0,0,0,0.620778530836105,0,0,0,0,0,0,0,29.6817154586315,0,0,0,0,0,56.9372814595699,0,0,0,0,0,0,0,0,34.0797597169876,0,700.727401718497,0,3.84030795097351,0,0,0,0,0,0,0,0.245308771729469,0,0,0,428.676738321781,0,358.525489911437,0,32.1371514201164,0,0
0,0,0,0,0,0,0,0,1.98416173458099,0,0,0,0,0,0,0,16.9285400211811,28.680828332901,1.42102640867233,0,0,0,162.859534621239,0,0,0,70.9962086677551,0,0,0,0,0,0,0,0,0,0,0,383.789434581995,0,0,0,0,0,0,0,0,0,14.688391238451,0,0,0,0,0,1.06472665071487,0,0,0,0,0,0,0,0,0,0,104.040668070316,0,416.646950334311,0,446.172855317593,0,0,0,0,0,0,0,0,0,0,0,232.723323196173,19.9562840461731,0,29.9849216341972,0,0
0,0,0,0,0,0,0,0,0,59.5863884687424,0,0,0,0,0,0,0.421711951494217,39.3751563131809,0.32856810092926,0,0,180.153679251671,0,354.383869424462,0,0,0,111.213164448738,0,0,0,0,0,0,0,0,0,0,0,0,0,0,0,0,0,0,0,0,0,0,0,0,0,0,0,0,0,0,0,0,0,0,0,0,177.079307317734,0,652.149018719792,0,194.245358631015,0,25.1332100629807,0,0,0,0,0,0,0,0,0,0,0,3.04123362898827,0,0,0,0
0,0,0,0,0,0,0,0,0,0,0,0,0,0,0,0,29.2490499615669,0.932140946388245,0,0,0,0,0,0,70.9962086677551,0,0,0,76.536429643631,0,0,0,0,0,0,0,0,0,0,0,0,0,0,0,0,0,0,0,0,0,0,0,0,0,0,0,0,0,0,0,0,0,0,0,0,0,0,0,0,30.5527546405792,0,754.675901770592,0,0,0,0,0,0,0,0,0,0,0,0,0,0,0
0,0,0,0,0,0,0,0,0,0,0,3,0,0,0,32.0221798419952,0,0,0,0,0,1,0,0,0,111.213164448738,0,0,0,1382.9718452692,0,0,0,0,0,0,0,7,0,0,0,0,0,0,0,0,0,0,0,0,0,0,0,0,0,0,0,4.3533787727356,0,0.265206933021545,0,4.28645133972168,0,0,119.614589929581,0,0,0,446.733624458313,0,314.696649700403,0,33.1427638530731,0,0,0,0,0,0,0,0.613321468234062,0,4.54983043670654,0,0,0,0
0,0,0,0,0,0,0,0,0,0,156.094216823578,0,0,0,0,0,0,0,0,0,0,0,175.303509831429,0,0,0,76.536429643631,0,0,0,295.406764686108,0,0,0,0,0,0,0,59.3689132928848,0,0,0,0,0,0,0,0,0,0,0,0,0,0,0,0,0,0,0,0,0,0,0,0,0,0,18.3369075059891,0,0,0,0,0,408.600695759058,0,137.997477829456,0,0,0,0,0,0,0,28.6702498197556,48.6088703870773,0,0,0,0
0,0,0,0,0,0,0,0,0,0,0,4.90569293498993,0,0,0,0,0,0,0,0,0,0,0,0,0,0,0,1382.9718452692,0,0,0,0,0,0,0,0,0,11.7290323972702,0,0,0,0,0,0,0,0,0,0,0,0,0,0,0,0,0,0,0,10.0328509807587,0,0,0,0,0,0,0,0,0,0,0,0,389.574038505554,0,201.572839021683,0,0,0,0,0,0,0,49.9858750104904,0,4.52281188964844,0,0,0,0
0,0,0,0,0,0,0,0,0,0,31.7758662700653,0,0,0,0,0,0,0,0,0,0,0,0,0,0,0,0,0,295.406764686108,0,0,0,0,0,0,0,0,0,124.591990470886,0,0,0,0,0,0,0,0,0,0,0,0,0,0,0,0,0,73.0311591625214,0,0,0,0,0,0,0,0,0,0,0,0,0,0,340.432644367218,0,130.760961204767,0,0,0,0,0,0,0,106.870084285736,0,0,0,0,0
0,0,0,0,0,0,0,0,0,0,0,0,0,0,0,0,0,0,0,0,0,0,0,0,0,0,0,0,0,0,0,0,1214.92674195766,112.861061453819,0,1051.52519840002,21.7612597942352,0,0,0,0,0,0,0,0,0,0,964.981279432774,1.03500482439995,3.92332862317562,0,0,0,0,0,0,0,0,0,0,0,0,0,0,0,0,0,0,0,0,0,0,0,0,2038.91490070522,1053.25759407878,62.5361023247242,0,243.251559197903,0,0,0,412.309511005878,0,0,0,0
0,0,0,0,0,0,0,0,0,0,0,0,0,0,0,0,0,0,0,0,0,0,0,0,0,0,0,0,0,0,0,1214.92674195766,0,52.1188333332539,38.5850801467896,69.3532221317291,1503.46435505152,0,0,0,0,0,0,0,0,0,0,543.614522397518,0,2.1786729991436,0,0,0,0,0,0,0,0,0,0,0,0,0,0,0,0,0,0,0,0,0,0,0,0,649.172222793102,2796.03162297606,9.44575476646423,11.0159418582916,16.4841970205307,588.524932265282,0,0,72.1515238285065,0,0,0,0
0,0,0,0.316352918744087,0,0,0,0,0,1.73332418501377,0,0,0,0,0,0,0,0,0,0,0,0,0,0.258473634719849,0,0,0,0,0,0,0,112.861061453819,52.1188333332539,0,903.628749758005,266.164187304676,0,230.330270767212,0,0.181403905153275,0,0,0,0,0,0.316286519169807,0,5829.00772316754,34.6333511471748,9.21326598525047,0,0,0,0,0,0.891697317361832,0,0,0,0,0,0,0.122368045151234,0,0,0,3.81002388894558,1.0270299911499,0,0,0,0,0,0,109.696412056684,5.71279537677765,1352.30758856982,1049.78761458397,128.123631231487,0,221.994574457407,3.08388476073742,57.7523199170828,0,9.27338848263025,0,0
0,0,0.344885066151619,0,0,0,0,0,0,0,0,0,0,0,0,0,0,0,0,0,0,0,0,0,0,0,0,0,0,0,0,0,38.5850801467896,903.628749758005,0,0,1314.72598710656,2.19755363464355,315.651437848806,0,0.927426904439926,0,4.41841834783554,0,0,0.121383868157864,1.5414035320282,5153.62281048298,13.3282501995564,13.5172279030085,0,0,0,0,0,0,0,0,0,0,0,0,0,0,0,0,0,0,0,0,0,0,0,0.485538154840469,0.342561155557632,128.464120388031,596.355961799622,1274.68604046106,0,459.581018701196,0,157.55008661747,55.8848201334476,0,15.0595355927944,0,0
0,0,0,29.1921961307526,0,3.8741295337677,0,0,0,0,0,1287.69424122572,0,0,0,0,0,0,0,1199.87189489603,0,0,0,0,0,0,0,0,0,0,0,1051.52519840002,69.3532221317291,266.164187304676,0,0,819.450630098581,3130.41540381312,0,0.749898493289948,0,0,0,0.557661831378937,0,14.0107854306698,0,71.9729226827621,1.54548478126526,3.05216047167778,0,7.74026222527027,0,0,0,0,0,27.5095455646515,0,0,0,0,960.033435255289,0,0,0,0,0,0,0,0,0,0,0,444.342146903276,155.857712030411,380.449585095048,0,9123.24662719667,706.158374577761,595.320714384317,0,902.357317462564,1.63495004177094,254.513638183475,0,0
0,0,0.727893263101578,0.39893838763237,2.15270709991455,0,0,0,0,0,17.6042776107788,0,0,0,0,0,0,0,0.866743102669716,0,1715.58595648408,0,0,0,0,0,0,0,0,0,0,21.7612597942352,1503.46435505152,0,1314.72598710656,819.450630098581,0,2,3803.14820814133,0,19.0244792103767,0,0,0,0,0,7.98608256131411,26.615603864193,8.19365575909615,1.76990568637848,2.5266165137291,0,0,0,0,0,17.9974857568741,0,0,0,0,0,0,319.30086992681,0,0,0,0,0,0,0,0,0,0,0,750.805410981178,0,432.551696836948,199.106590807438,7427.04372061044,0,550.099876627326,826.702436998487,66.1612921953201,199.323780097067,0,0
0.870671004056931,0,0,0.171312749385834,0,0,0,0,0.231797367334366,108.562133386731,0,777.013383477926,0,0,0,0,0,0,0,799.652161359787,0,2981.95356318355,3.45607447624207,483.582418888807,0,0,0,7,0,11.7290323972702,0,0,0,230.330270767212,2.19755363464355,3130.41540381312,2,0,93.5089394450188,0,0,3.9197361767292,0,0,0,0.300295606255531,0,294.428728625178,14.9306964576244,517.874830245972,0,0,0,0,0,48.6555337160826,0,965.495929807425,0,0,0,0,63.72843067348,0,619.847431153059,0,298.638346329331,0.883522152900696,0,0,123.44546020031,0,154.766749233007,0,0,0,237.125207141042,305.568815171719,952.46362632513,0,8429.00806726515,488.707820415497,788.732507288456,29.2605761140585,121.14627507329,0.452320158481598,0
0.45841446518898,0,0,0,0,0,0,0,79.0681802332401,0,1124.08247283101,0,0,0,0,0,0,0,0,0,110.006630480289,1,1013.90275540948,0,383.789434581995,0,0,0,59.3689132928848,0,124.591990470886,0,0,0,315.651437848806,0,3803.14820814133,93.5089394450188,0,0,0,0,0,0,0,0,0,142.684955731034,774.695754796267,1.97760650515556,0,0,0,0,32.0060866773129,0,215.655666291714,0,0,0,0,0,0,12.4814445376396,0,199.35064420104,0,168.707498043776,0,0,0,47.2348782420158,0,20.0576118826866,0,0,0,129.662701562047,0,1134.23987925053,0,10054.2524033189,395.891607627273,2.92342811822891,77.0344659090042,0,0
2.40043687820435,3.81012418866158,0.145807698369026,38.7694237828255,0,0.243792146444321,0,0,8.55973453819752,0.659265637397766,0,0,0,0,0,0,120.567071281374,175.001649193466,1434.82966483384,0,0,0,0,0,0,0,0,0,0,0,0,0,0,0.181403905153275,0,0.749898493289948,0,0,0,0,12.5692877173424,1843.44613486528,4.58687229454517,35.6116382628679,0,733.827187992632,12.9023279249668,159.151555746794,0.924638360738754,464.07572799921,0,0.476796418428421,0,0,0,0,0,3.47519175708294,0,3.08159700036049,0,4.41282669454813,200.26585894078,0,0,0,0,0,0,0,3.59168246388435,0,39.8432986065745,0,0,0,0,0,1300.46954164654,18.0229634866118,114.893532395363,2.97665795683861,344.590757414699,34.0200929641724,2245.74950256199,56.3979290127754,0
2.76467871665955,0,19.4816759228706,0,3.35172215104103,0,0,0,0,0,0,0,0,0,0,0,128.792181529105,50.6166164502501,866.074291154742,0,0.126825973391533,0,0,0,0,0,0,0,0,0,0,0,0,0,0.927426904439926,0,19.0244792103767,0,0,12.5692877173424,0,7.73332077264786,1155.66340604424,0,0,2.52086259424686,944.828205615282,83.1133590638638,245.795772723854,0,6.35029654204845,0,0,0,0.549851059913635,0,0.648183301091194,0,1.81908585131168,0,0,0,0.135869055986404,617.783930130303,0,0,0,0,0,0,0,0.943396106362343,0,66.1388910189271,0,0,0,0.6035515666008,2.7781151086092,1470.70533049107,0,278.133907772601,313.506217516959,25.7468672767282,1405.17184127122,0.687519371509552,71.9097407311201
0.1999451816082,50.6977682709694,0,104.202356621623,0,4.78318522870541,0,0,1.14385804533958,20.6253549158573,0,0,0,0,0,0,54.5504021346569,133.536446973681,1119.51443535835,0,0,0,0,0.620778530836105,0,0,0,0,0,0,0,0,0,0,0,0,0,3.9197361767292,0,1843.44613486528,7.73332077264786,0,329.66242672503,7.99848183989525,0,362.440312936902,8.33894679695368,25.4197953641415,4.75942242890596,184.783421061933,0,3.80944712460041,0,0,0,1.0265771150589,0,111.382088936865,0,10.2481502741575,0,8.08704249560833,129.511668510735,0,0,0,0,0,1.2227638065815,0,51.9572674632072,0,725.977685555816,0.115581676363945,0,0,0,0,844.326111808419,5.81379850953817,303.153684340417,3.42752329260111,1457.38953415304,84.6051330566406,5930.14011659473,429.631688714027,0
122.402916669846,0,117.278655931354,1.60935156047344,9.52405524253845,0,0,0,154.246164441109,0,0,0,0,0,0,0,175.095993176103,43.5970249921083,913.542996175587,0,0,0,0,0,0,0,0,0,0,0,0,0,0,0,4.41841834783554,0,0,0,0,4.58687229454517,1155.66340604424,329.66242672503,0,0,0,9.02763261646032,872.434027850628,42.2182688564062,269.894700817764,1.4119229093194,34.1821519583464,0,0,0,7.96226620674133,0,64.8764999136329,0.253724694252014,7.95391696691513,0,6.33209665119648,0,0,40.8385038524866,0,0,0,0,0.814227104187012,0,0,92.2758087515831,0.261376604437828,625.698384746909,0,0,0,0,7.56995709985495,1323.94598868489,5.88585522770882,538.393311597407,1707.55957630277,116.459961235523,5492.86106774956,1.02791154384613,436.314829744399
0,0,0,0.730751574039459,0,0,0,0,0,0,0,0,0,0,0,0,4.39376726746559,4.09787863492966,155.312693357468,0,0,0,0,0,0,0,0,0,0,0,0,0,0,0,0,0.557661831378937,0,0,0,35.6116382628679,0,7.99848183989525,0,0,0,6.21283975243568,0,0,0,0,0,0,0,0,0,0,0,0,0,0,0,0,0,0,0,0,0,0,0,0,0,0,3.14228343963623,0,0,0,0,0,164.637407779694,0.375493466854095,47.7459620535374,0,10.2803902924061,0,36.8155164420605,0,0
0,0,0,0,0,0,0,0,0,0,0,0,0,0,0,0,0,0,0,0,0,0,0,0,0,0,0,0,0,0,0,0,0,0,0,0,0,0,0,0,0,0,0,0,0,0,0,0,0,0,0,0,0,0,0,0,0,0,0,0,0,0,0,0,0,0,0,0,0,0,0,0,0,0,0,0,0,0,0,0,0,0,0,0,0,0,0
0,10.6042376309633,0,15.1623093634844,0,2.16825860738754,0,0,2.68015962839127,0.350233644247055,0,0,0,0,0,0,74.8592731058598,89.5754931420088,641.827028915286,0,0,0,0,0,0,0,0,0,0,0,0,0,0,0.316286519169807,0.121383868157864,14.0107854306698,0,0.300295606255531,0,733.827187992632,2.52086259424686,362.440312936902,9.02763261646032,6.21283975243568,0,0,13.1325848549604,16.5063882693648,21.0138333588839,93.4273591265082,0,0,0,0,0,0,0,23.4063371494412,0,1.12371335923672,0,3.83459435403347,876.57186678797,0.190874457359314,0,0,0,0,0,0,0.990170136094093,0,106.866070427001,0,0,0,0.121050842106342,0,715.26132299006,9.39376423507929,257.340121433139,0.273619323968887,281.924554817379,18.0997660309076,1387.29339963198,3.5622531324625,0.137284755706787
15.2517577260733,0,6.79271007329226,0,6.56513437628746,0,0,0,0,2.12617540359497,0,0,0,0,0,0,177.373814709485,66.9432283341885,1142.67669542879,0,0.432190477848053,0,0,0,0,0,0,0,0,0,0,0,0,0,1.5414035320282,0,7.98608256131411,0,0,12.9023279249668,944.828205615282,8.33894679695368,872.434027850628,0,0,13.1325848549604,0,1.73753978312016,82.9670634716749,0.526609040796757,5.26826317608356,0,0,0,0,0,11.424826733768,0,2.92127197980881,0,0.720786452293396,0,1.32827235013247,1066.30774063617,0,0,0,0,0,0,0.99055016040802,0.851599261164665,1.87347102165222,88.1073365956545,0,0,0,0,16.5711306929588,1629.75568646938,0.520386040210724,368.369497358799,497.725884176791,56.6625381559134,1282.60343033075,1.24437630176544,21.2052419409156
14.9211933761835,2.34824873507023,1.76553635299206,20.9279294312,2.33368700742722,0.488515645265579,0,0,1.90547353029251,0,0,0,0,0,0,0,0,0,0.188039720058441,0,0,2.14320689439774,0.6763995885849,0,0,0,0,0,0,0,0,964.981279432774,543.614522397518,5829.00772316754,5153.62281048298,71.9729226827621,26.615603864193,294.428728625178,142.684955731034,159.151555746794,83.1133590638638,25.4197953641415,42.2182688564062,0,0,16.5063882693648,1.73753978312016,0,2940.21534313262,1136.79859283566,1.57090348005295,0,0,0,0,0,0.434557557106018,0.246733739972115,0.922536224126816,1.84729984402657,0,0.183169588446617,0.424723863601685,0,1.44315192103386,0,0,13.1912314295769,0,0,0.366996347904205,0,0.558641955256462,1.09524296224117,8205.49183896184,7553.11318945885,714.409614980221,940.698700785637,961.03211992979,1176.09853388369,16.8160237073898,95.4017341434956,577.664305597544,0.260315418243408,1031.83185131103,0,0
289.408053904772,0.266008526086807,51.0694307982922,18.8179757371545,8.99507451057434,0,0,0,29.5484490990639,0,0,0,0,0,0.59465217590332,0,0.399343833327293,0,0.759258612990379,0,0,0,325.140994220972,0,14.688391238451,0,0,0,0,0,0,1.03500482439995,0,34.6333511471748,13.3282501995564,1.54548478126526,8.19365575909615,14.9306964576244,774.695754796267,0.924638360738754,245.795772723854,4.75942242890596,269.894700817764,0,0,21.0138333588839,82.9670634716749,2940.21534313262,0,156.433955945075,17.892780855298,0.788735419511795,0,0,82.1192217767239,0,25.8049782663584,0.496771529316902,18.8290240615606,1.30051203072071,30.818232357502,0.564759075641632,0.164112538099289,9.72211900353432,0,564.129551708698,0,554.880292475224,0,189.869859755039,0,286.346876204014,0.864846795797348,12.8294253274798,15.4994942843914,27.8608381152153,3.09097616374493,1.46379861235619,4.38388357311487,374.229167193174,0,835.258840851486,557.90379281342,37.3750474825501,1256.11787156016,0.325531721115112,0.193832263350487
0.42145611345768,379.69746106863,0,149.864178709686,0,4.34999263286591,0,0,0,253.877416491508,0,0,0,0,0,0,2.37286606431007,4.00469729304314,55.0991558209062,0,0,158.284019887447,0,29.6817154586315,0,0,0,0,0,0,0,3.92332862317562,2.1786729991436,9.21326598525047,13.5172279030085,3.05216047167778,1.76990568637848,517.874830245972,1.97760650515556,464.07572799921,0,184.783421061933,1.4119229093194,0,0,93.4273591265082,0.526609040796757,1136.79859283566,156.433955945075,0,0,6.46048048138618,0,0,0,8.8800193965435,0,227.930137202144,0,190.682041972876,0,65.9784984588623,25.1318429708481,0,169.756324112415,0,95.5144467651844,1.07645638287067,373.784898519516,0,624.136285215616,0,418.10034365952,0,3.34072715044022,0.760157853364944,1.18268893659115,0.305340826511383,411.951368048787,2.46895033866167,750.104802444577,5.50794768333435,187.182611249387,18.916058152914,995.222594171762,14.3321435451508,0
0,0,110.595450371504,0,229.615385591984,0,2.63508534431458,0,0,0,17.4927699565887,0,0,0,0,0,0.20470780134201,0.124123252928257,1.07734489440918,0,4.837781727314,0,0,0,0,0,0,0,0,0,0,0,0,0,0,0,2.5266165137291,0,0,0,6.35029654204845,0,34.1821519583464,0,0,0,5.26826317608356,1.57090348005295,17.892780855298,0,0,0,2.6252818107605,0,0,0,22.9635045826435,0,0,0,0,0,0,0.223238319158554,0,0,0,0,0,0,0,0,0,3.09975883364677,0,0,0,0,0,3.22070728242397,0,3.03085276484489,200.984471395612,0.333189651370049,551.546657919884,0,0
0,0,0,183.968327313662,0,159.725684076548,0,0,0,0,0,1.75337779521942,0,0,0,149.135980725288,0,0,0,0,0,0,0,0,0,0,0,0,0,0,0,0,0,0,0,7.74026222527027,0,0,0,0.476796418428421,0,3.80944712460041,0,0,0,0,0,0,0.788735419511795,6.46048048138618,0,0,0,0,0,0,0,5.04766914248466,0,0,0,0,8.95293119549751,0,0,0,0,0,0,0,0,0,0.974025368690491,0,0,0,0,0,1.55299309641123,0,0,0,39.9632895588875,0,323.630293935537,0,0
0,0,0,0,17.1562515497208,0,4.41659212112427,0,0,0,127.841767191887,0,0,0,0,0,0,0,0,0,46.3908581733704,0,0,0,0,0,0,0,0,0,0,0,0,0,0,0,0,0,0,0,0,0,0,0,0,0,0,0,0,0,2.6252818107605,0,0,0,0,0,38.2875112891197,0,0,0,0,0,0,0,0,0,0,0,0,0,0,0,0,0,0,0,0,0,0,0,0,0,19.5869753360748,1.56434154510498,40.6331779956818,0,0
0,0,0,0,0,21.3025131225586,0,253.825044631958,0,0,0,0,0,0,0,0,0,0,0,0,0,0,0,0,0,0,0,0,0,0,0,0,0,0,0,0,0,0,0,0,0,0,0,0,0,0,0,0,0,0,0,0,0,0,0,0,0,0,0,0,0,0,0,0,0,0,0,0,0,0,0,0,0,0,0,0,0,0,0,0,0,0,24.929562330246,0,0,0,0
55.4431456625462,0,15.8735592961311,0,3.09203171730042,0,0,0,1160.04429708421,0,0,0,0,0,55.6836446225643,0,0,0,0,0,0,0,0,0,1.06472665071487,0,0,0,0,0,0,0,0,0,0,0,0,0,32.0060866773129,0,0.549851059913635,0,7.96226620674133,0,0,0,0,0,82.1192217767239,0,0,0,0,0,0,0,2.81445479393005,0,0,0,215.394929677248,0,0,0.624479353427887,0,0,0,177.419917270541,0,81.4941546022892,0,0,0,4.35868221521378,0,0,0,0,0,0,0,76.5521799474955,78.6844664514065,0,50.0708113312721,0,0
0,97.7167806923389,0,0,0,0,0,0,0,526.221054270864,0,0,0,0,0,62.5008621513844,0,0,1.85178714990616,0,0,0,0,56.9372814595699,0,0,0,0,0,0,0,0,0,0.891697317361832,0,0,0,48.6555337160826,0,0,0,1.0265771150589,0,0,0,0,0,0,0,8.8800193965435,0,0,0,0,0,0,0,0,0,0,0,188.549971848726,0,0,0,0,191.375034809113,0,0,0,0,0,0,0,0,0,8.39034587144852,0,0,0,216.582369491458,0,77.9737584590912,0,144.266891360283,0,0
0,0,120.238183274865,0,0,0,0,0,0,0,726.668414026499,0,188.984990715981,0,0,0,0.193063735961914,0,1.95323853939772,0,512.171238064766,0,0,0,0,0,0,0,0,0,73.0311591625214,0,0,0,0,0,17.9974857568741,0,215.655666291714,0,0.648183301091194,0,64.8764999136329,0,0,0,11.424826733768,0.434557557106018,25.8049782663584,0,22.9635045826435,0,38.2875112891197,0,2.81445479393005,0,0,0,559.870463803411,0,4.55656337738037,0,0,307.460985004902,0,0,0,0,0,0,0,1118.45326000452,0,857.365771368146,0,0,0,0,0,26.0693411976099,0,17.1084279865026,335.258438080549,1.53945645689964,1273.8434799239,0,5.54482764005661
0,46.8958793878555,0,280.493776962161,0,67.7564734220505,0,2.12003588676453,0,0.509957671165466,0,1542.61946004629,0,1793.65499633551,0,0,0.788367107510567,0.960140883922577,8.8188883960247,243.833514302969,0,0,0,0,0,0,0,4.3533787727356,0,10.0328509807587,0,0,0,0,0,27.5095455646515,0,965.495929807425,0,3.47519175708294,0,111.382088936865,0.253724694252014,0,0,23.4063371494412,0,0.246733739972115,0.496771529316902,227.930137202144,0,5.04766914248466,0,0,0,0,0,0,0,899.051559001207,0,41.8408928364515,261.159234419465,0,0.906337887048721,0,0,0,17.704081505537,0,698.572571203113,0,705.225766003132,0,0,0,0,0,15.4994391798973,0,215.35475243628,0,648.785521730781,7.09872405230999,1665.6010446772,15.1971558630466,0
0,0,164.401921063662,0,0,0,0,0,0,0,92.5200552940369,0,45.7036336362362,0,7.62004652619362,0,0,0,0,0,0,0,0,0,0,0,0,0,0,0,0,0,0,0,0,0,0,0,0,0,1.81908585131168,0,7.95391696691513,0,0,0,2.92127197980881,0.922536224126816,18.8290240615606,0,0,0,0,0,0,0,559.870463803411,0,0,0,77.3647432029247,0,0,7.16047537326813,0,0,0,0,0,63.3440908193588,0,54.7889011800289,0,2.27421151101589,0,0,0,0,0,3.36125779151917,0,4.07828024029732,0.27583347260952,0.248360373079777,129.2532838732,0,0.203364789485931
0,41.3485930860043,0,220.264618605375,0,0.614331901073456,0,1,0,0,0,1417.70062816143,0,204.604073166847,0,32.9337419867516,0,0,0.180555880069733,0,0,0,0,0,0,0,0,0.265206933021545,0,0,0,0,0,0,0,0,0,0,0,3.08159700036049,0,10.2481502741575,0,0,0,1.12371335923672,0,1.84729984402657,1.30051203072071,190.682041972876,0,0,0,0,0,0,0,899.051559001207,0,0,0,136.007558971643,16.0532253980637,0,0,0,0.680706977844238,0,166.825549945235,0,105.604108035564,0,3.80966141819954,0,0,0,0,0,0,0,0.250456094741821,0,158.569085717201,1.64455115795135,153.903587162495,0,0
50.1072783470154,0,15.0799073427916,0,0,0,0,0,41.7449351549149,0,0,0,21.4689343571663,0,144.572471678257,0,0,0,0.235464528203011,0,0,0,0,0,0,0,0,0,0,0,0,0,0,0,0,0,0,0,0,0,0,0,6.33209665119648,0,0,0,0.720786452293396,0,30.818232357502,0,0,0,0,0,215.394929677248,0,4.55656337738037,0,77.3647432029247,0,0,0,0,0,0,0,0,0,0,0,0,2.48672425746918,0,0.380801066756248,0,0,0,0,0,7.10807347297668,0,3.70285257697105,0.685600563883781,0,19.4867427647114,0,0.428427070379257
0,44.2636266946793,0,110.197946876287,0,0,0,0,0,40.8072233200073,0,0,0,108.164487302303,0,204.827660679817,0,0,0.919890224933624,0,0,0,0,0,0,0,0,4.28645133972168,0,0,0,0,0,0,0,0,0,0,0,4.41282669454813,0,8.08704249560833,0,0,0,3.83459435403347,0,0.183169588446617,0.564759075641632,65.9784984588623,0,0,0,0,0,188.549971848726,0,41.8408928364515,0,136.007558971643,0,0,0,0,0,0,0,0,112.007634788752,0,4.46773564815521,0,3.69229942560196,0,0,0,0,0,0.987356446683407,0,0.572021991014481,0,11.1772372275591,0,50.4164910390973,0,0
0,6.93845172226429,0,34.1519250273705,0,7.58675593137741,0,0,0.686990827322006,0,0,381.556919455528,0,0,0,0,6.63021696358919,5.77005465328693,72.497629493475,306.174399152398,0,0,0,0,0,0,0,0,0,0,0,0,0,0.122368045151234,0,960.033435255289,0,63.72843067348,0,200.26585894078,0.135869055986404,129.511668510735,0,0,0,876.57186678797,1.32827235013247,0.424723863601685,0.164112538099289,25.1318429708481,0,8.95293119549751,0,0,0,0,0,261.159234419465,0,16.0532253980637,0,0,0,0,0,0,0,0,2.31171640753746,0,49.9517253041267,0,155.548483662307,0,0,0,0,0,772.266518086195,2.26377504318953,282.913587123156,0,160.608662702143,5.74064737558365,1297.80448085815,0.269949316978455,0
0,0,0.235849291086197,0,1.94418597221375,0,6.44095873832703,0,0,0,185.628107994795,0,0,0,0,0,0.462049826979637,1.34193757176399,25.7676068991423,0,247.385186553001,0,0,0,0,0,0,0,0,0,0,0,0,0,0,0,319.30086992681,0,12.4814445376396,0,617.783930130303,0,40.8385038524866,0,0,0.190874457359314,1066.30774063617,0,9.72211900353432,0,0.223238319158554,0,0,0,0.624479353427887,0,307.460985004902,0,7.16047537326813,0,0,0,0,0,0,0,0,0,0,0,0,9.50699973106384,0,191.644679918885,0,0,0,0,0,1094.62482273579,0,234.053923681378,127.625667147338,1.09565826505423,1509.1244636476,0,0
0,0,0,0,0,0,0,0,0,0,0,0,0,0,0,0,0,0,0,0,0,5062.01373523474,4.64498901367188,34.0797597169876,0,177.079307317734,0,119.614589929581,0,0,0,0,0,0,0,0,0,619.847431153059,0,0,0,0,0,0,0,0,0,1.44315192103386,0,169.756324112415,0,0,0,0,0,0,0,0.906337887048721,0,0,0,0,0,0,0,0,215.849709659815,0,123.975355654955,0,57.6127607822418,0,0,0,0,0,1.29403531551361,0,0,0,688.886231482029,0,320.65743163228,3.50410580635071,0.356923609972,0,0
0,0,0,0,0,0,0,0,0,0,0,0,0,0,0,0,73.5668721199036,0,0,0,0,213.464028716087,5802.67020654678,0,104.040668070316,0,0,0,18.3369075059891,0,0,0,0,0,0,0,0,0,199.35064420104,0,0,0,0,0,0,0,0,0,564.129551708698,0,0,0,0,0,0,0,0,0,0,0,0,0,0,0,0,0,0,275.337793529034,0,212.619670063257,0,485.899625226855,0,2.364626288414,0,0,0,0,0,0,0,756.249605715275,91.27155610919,0,1.44129854440689,0,0
0,0,0,0,0,0,0,0,0,45.7652457952499,0,0,0,0,0,0,8.04724931716919,61.1981219053268,0,0,0,17.9590300321579,0,700.727401718497,0,652.149018719792,0,0,0,0,0,0,0,3.81002388894558,0,0,0,298.638346329331,0,0,0,0,0,0,0,0,0,0,0,95.5144467651844,0,0,0,0,0,191.375034809113,0,0,0,0.680706977844238,0,0,0,0,215.849709659815,0,0,0,261.562004968524,0,3.77033016085625,0,0,0,0,0,29.6257613897324,0,0,0,1146.85078859329,0,466.234043866396,0,153.927933126688,0,0
0,0,0,0,0,0,0,0,25.3936624825001,0,0,0,0,0,0,0,0,0,0,0,0,0,53.162268280983,0,416.646950334311,0,0,0,0,0,0,0,0,1.0270299911499,0,0,0,0.883522152900696,168.707498043776,0,0,0,0,0,0,0,0,13.1912314295769,554.880292475224,1.07645638287067,0,0,0,0,177.419917270541,0,0,0,0,0,0,0,0,0,0,275.337793529034,0,0,0,569.82292586565,0,2.70525848865509,0,0,0,0,0,0,0,0,0,1594.88500659168,7.87714900076389,0,250.195473179221,0,0
0,1.53676462173462,0,0,0,0,0,0,0,14.9914677143097,0,0,0,7.85618448257446,0,9.04105162620544,70.8114538490772,427.255121946335,4.84494909644127,0,0,169.364826440811,0,3.84030795097351,0,194.245358631015,0,446.733624458313,0,0,0,0,0,0,0,0,0,0,0,0,0,1.2227638065815,0.814227104187012,0,0,0,0,0,0,373.784898519516,0,0,0,0,0,0,0,17.704081505537,0,166.825549945235,0,112.007634788752,2.31171640753746,0,123.975355654955,0,261.562004968524,0,0,0,327.927469730377,0,0,0,0,0,0,0,0.749943971633911,0,0,0,73.8957442492247,0,8.62579846382141,0,0
2.07195580005646,0,0,0,0,0,0,0,5.11185604333878,0,0,0,0,0,0,0,135.086143136024,0,0,0,0,0,5.7594992518425,0,446.172855317593,0,30.5527546405792,0,0,0,0,0,0,0,0,0,0,0,0,0,0,0,0,0,0,0,0,0,189.869859755039,0,0,0,0,0,81.4941546022892,0,0,0,63.3440908193588,0,0,0,0,0,0,212.619670063257,0,569.82292586565,0,0,0,246.446010857821,0,0,0,0,0,0,0,0,0,0,0,0,20.0025505125523,0,0
0,2.54751992225647,0,4.51236107945442,0,0,0,0,0,0,0,0,0,0,0,37.8489606380463,0,0,3.78699684143066,0,0,5.24466466903687,0,0,0,25.1332100629807,0,314.696649700403,0,389.574038505554,0,0,0,0,0,0,0,123.44546020031,0,3.59168246388435,0,51.9572674632072,0,0,0,0.990170136094093,0.99055016040802,0.366996347904205,0,624.136285215616,0,0,0,0,0,0,0,698.572571203113,0,105.604108035564,0,4.46773564815521,49.9517253041267,0,57.6127607822418,0,3.77033016085625,0,327.927469730377,0,0,0,896.271736174822,0,0,0,0,0,1.47086059302092,0,516.576914995909,0,5.55089085549116,0.576352417469025,559.6562878564,7.53164100646973,0
0.763011574745178,0,1.62364955246449,0,0,0,0,0,0,0,180.513495922089,0,0,0,0,0,0,0,0.533221423625946,0,0,0,89.2380204200745,0,0,0,754.675901770592,0,408.600695759058,0,340.432644367218,0,0,0,0,0,0,0,47.2348782420158,0,0.943396106362343,0,92.2758087515831,0,0,0,0.851599261164665,0,286.346876204014,0,0,0,0,0,0,0,1118.45326000452,0,54.7889011800289,0,2.48672425746918,0,0,9.50699973106384,0,485.899625226855,0,2.70525848865509,0,246.446010857821,0,0,0,664.270744919777,0,0,0,0,0,0.401014268398285,0,911.454269886017,192.759881868958,34.9956121444702,624.218709170818,0,11.0959665775299
0,3.04981605708599,0,44.2749695181847,0,0.395077228546143,0,0,0.344672173261642,3.50099885463715,0,21.4297808408737,0,0,0,0,2.77005314826965,4.22878635674715,80.51203263551,0,0,0,0,0,0,0,0,33.1427638530731,0,201.572839021683,0,0,0,0,0,0,0,154.766749233007,0,39.8432986065745,0,725.977685555816,0.261376604437828,3.14228343963623,0,106.866070427001,1.87347102165222,0.558641955256462,0.864846795797348,418.10034365952,0,0.974025368690491,0,0,0,0,0,705.225766003132,0,3.80966141819954,0,3.69229942560196,155.548483662307,0,0,0,0,0,0,0,896.271736174822,0,0,0,0,0,0,0,65.5863434001803,3.63367588818073,696.127011343837,0,55.1172095313668,2.64921700954437,1926.38253953308,196.938917085528,0.324209362268448
5.69737538695335,0,40.7200866937637,0,2.46626424789429,0,0,0,5.27639743685722,0,0,0,0,0,0,0,4.5545511841774,4.58576773107052,61.138633877039,0,0,0,0,0,0,0,0,0,137.997477829456,0,130.760961204767,0,0,0,0.485538154840469,0,0,0,20.0576118826866,0,66.1388910189271,0.115581676363945,625.698384746909,0,0,0,88.1073365956545,1.09524296224117,12.8294253274798,0,3.09975883364677,0,0,0,4.35868221521378,0,857.365771368146,0,2.27421151101589,0,0.380801066756248,0,0,191.644679918885,0,2.364626288414,0,0,0,0,0,664.270744919777,0,0,0,0,0,0,0.269176542758942,124.214917309582,0,1164.55459043384,44.5736647769809,2.82859238237143,2398.93613414466,0,138.331911250949
0,0,0,0,0,0,0,0,0,0,0,0,0,0,0,0,0,0,0,0,0,0,0,0,0,0,0,0,0,0,0,2038.91490070522,649.172222793102,109.696412056684,0.342561155557632,444.342146903276,0,0,0,0,0,0,0,0,0,0,0,8205.49183896184,15.4994942843914,3.34072715044022,0,0,0,0,0,0,0,0,0,0,0,0,0,0,0,0,0,0,0,0,0,0,0,0,0,667.04749545455,153.029898449779,0,681.838741779327,0,0,0,703.743555486202,0,0,0,0
0,0,0,0,0,0,0,0,0,0,0,0,0,0,0,0,0,0,0,0,0,0,0,0,0,0,0,0,0,0,0,1053.25759407878,2796.03162297606,5.71279537677765,128.464120388031,155.857712030411,750.805410981178,0,0,0,0,0,0,0,0,0,0,7553.11318945885,27.8608381152153,0.760157853364944,0,0,0,0,0,0,0,0,0,0,0,0,0,0,0,0,0,0,0,0,0,0,0,0,667.04749545455,0,19.163310945034,234.539960592985,2.68602418899536,811.853619486094,0,0,609.357353746891,0,0,0,0
0,0,0,0,0,0,0,0,0,11.6088892221451,0,0,0,0,0,0,0,0,0,0,0,0.938726454973221,0,0.245308771729469,0,0,0,0,0,0,0,62.5361023247242,9.44575476646423,1352.30758856982,596.355961799622,380.449585095048,0,237.125207141042,0,0,0,0,0,0,0,0.121050842106342,0,714.409614980221,3.09097616374493,1.18268893659115,0,0,0,0,0,8.39034587144852,0,0,0,0,0,0,0,0,1.29403531551361,0,29.6257613897324,0,0,0,0,0,0,0,153.029898449779,19.163310945034,0,860.513403981924,301.687559127808,0,468.778431147337,0.202136561274529,167.675558239222,0,1.60946740210056,0,0
0,0,0.160051882266998,0,0,0,0,0,0,0,0,0,0,0,0,0,0,0,0,0,0,0,0,0,0,0,0,0,0,0,0,0,11.0159418582916,1049.78761458397,1274.68604046106,0,432.551696836948,305.568815171719,129.662701562047,0,0.6035515666008,0,0,0,0,0,0,940.698700785637,1.46379861235619,0.305340826511383,0,0,0,0,0,0,0,0,0,0,0,0,0,0,0,0,0,0,0,0,0,0,0,0,0,234.539960592985,860.513403981924,0,0,1291.44379962981,0,410.911249026656,182.676020361483,0,2.29583317041397,0,0
