0,0,0,0,0,0,0,0,66.9454022794962,0.479197531938553,0,0,0,0,0,0,11.8946370482445,0,28.4893232733011,0,0,0,0,0,0,0,0,0,0,0,0,0,0,0,0,0,0,1.00727447867393,30.0481769740582,0,18.0436409637332,0,343.549394115806,0,0,0,12.9922571778297,1.44692674279213,18.7690875828266,10.0413390696049,0,0,0,0,0,1.17178475856781,0,0,0,0,0,0,0,0.496677450835705,0,0,1.56564991176128,0,0,0,0,0,0,0.952214449644089,0,0,0,0,0,62.0097164213657,0.403854191303253,48.6751240715384,691.616170726717,0,1047.52560780197,0,6.30257013440132
0,0,0,241.434380978346,0,1.20370841026306,0,0,0,390.375659815967,0,0,0,0,0,0,0,0,45.3208700865507,0,0,0,0,1.11988617479801,0,0,0,0,0,0,0,0,0,0,0,0,0,16.3278805017471,5.24922759830952,8.2632118538022,0,674.753102377057,0,0,0,7.55308759212494,0,0,0.195873022079468,480.887367382646,0,0,0,0,2.23169855773449,47.3134851455688,0,0.108927175402641,0,0,0,0.252210974693298,0.886017113924026,0,0,0.264897912740707,0,0.962155759334564,0,0,0.369699507951736,0,3.95310225337744,0,0,0,0,0,46.5999229252338,0,14.7083434313536,1.54449434578419,1015.85740990192,0,1116.32282479107,0,0
0,0,0,0,0,0,0,0,0,0,0,0,0,0,0,0,0,0,0,0,0,0,0,0,0,0,0,0,0,0,0,0,0,0,0,0,0,0,0,0,0,0,145.25357542932,0,0,0,0,1.48787075281143,10.7094885855913,2.99707044661045,0,0,0,0,0,0,0,0,0,0,0,0,0,0,0,0,0,0,0,0,0,0,0,0,0,0,0,0,0,0,0,0,307.373114198446,0,271.47230322659,0,0
0,241.434380978346,0,0,0,221.668603301048,0,0,0,68.6142052337527,0,0,0,0,0,0,0,0,0,0,0,0,0,1.18500350415707,0,0,0,0,0,0,0,0,0,0,0,1.29126632213593,0,3.90096764266491,0,1.02191570401192,0,253.477667465806,0,0,0,0,0,0,0,151.184166610241,0,17.0616942048073,0,0,0,0,0,25.4464802145958,0,0,0,16.3051192760468,0,0,0,0,0,0,0,0,0,0,0.439060844480991,0,0,0,0,0,8.35992589592934,0,2.69523375481367,0,339.460485853255,11.3985197842121,937.707757942379,0,0
0,0,0,0,0,0,1.05974304676056,0,0,0,17.5643383860588,0,0,0,0,0,0,0,0,0,33.9055949747562,0,0,0,0,0,0,0,0,0,0,0,0,0,0,0,0,0,0,0,0,0,0,0,0,0,0,0,0,0,82.7642370462418,0,0,0,0,0,0.901340544223785,0,0,0,0,0,0,0,0,0,0,0,0,0,0,0,0,0,0,0,0,0,0,0,0,0,54.0483534187078,1.15452370047569,34.0916837453842,0,0
0,1.20370841026306,0,221.668603301048,0,0,0,196.895875275135,0,0,0,130.414971470833,0,0,0,0,0,0,0,236.229448854923,0,0,0,0,0,0,0,0,0,0,0,0,0,0,0,33.150337561965,0,0,0,0,0,0,0,0,0,0,0,0,0,1.23939371109009,0,1.34869027137756,0,1.70338380336761,0,71.0455131530762,0,0,0,0,0,0,4.54024440050125,0,0,0,0,0,0,0,0,0,0,0,0,0,0,0,0,0,0,0,2931.848662287,0.244204580783844,11.1123196035624,0,0
0,0,0,0,1.05974304676056,0,0,0,0,0,0,0,0,0,0,0,0,0,0,0,0,0,0,0,0,0,0,0,0,0,0,0,0,0,0,0,0,0,0,0,0,0,0,0,0,0,0,0,0,0,0,0,0,0,0,0,0,0,0,0,0,0,0,0,0,0,0,0,0,0,0,0,0,0,0,0,0,0,0,0,0,0,0,0,0,0,0
0,0,0,0,0,196.895875275135,0,0,0,0,0,0,0,0,0,0,0,0,0,15.8043206334114,0,0,0,0,0,0,0,0,0,0,0,0,0,0,0,0,0,0,0,0,0,0,0,0,0,0,0,0,0,0,0,0,0,249.814425349236,0,0,0,0,0,396.829496741295,0,0,0,0,0,0,0,0,0,0,0,0,0,0,0,0,0,0,0,0,0,0,4.66708898544312,0,0,0,0
66.9454022794962,0,0,0,0,0,0,0,0,0,0,0,0,0,382.856335580349,0,7.51197449862957,0,17.2781452387571,0,0,0,0,0,0,0,513.563077807426,0,0,0,0,0,0,0,0,0,0,0,30.3988029956818,0,0.162231370806694,0,13.8788716942072,0,0,0,0,0,1.7319019511342,0.32691590487957,0,0,0,0,62.1879978775978,0,0.478894799947739,0,0,0,699.93743032217,0,0,0,0,0,0,0,0,1104.85016390681,0,0.193314537405968,0,21.383149780333,0,0,0,0,0,0,0.134305968880653,0,295.763347290456,0,72.1619384139776,0,0
0.479197531938553,390.375659815967,0,68.6142052337527,0,0,0,0,0,0,0,0,0,0,0,245.071374416351,0.597261436283588,329.468457102776,6.59706999361515,0,0,0,0,12.7736926823854,0,0,0,0,0,0,0,0,0,0,0,0,0,120.909071967006,4.83583143353462,0,0,109.706325635314,0,0,0,0,0.141844168305397,0,0,33.2647121697664,0,0,0,0,0.63161563873291,291.549688741565,0,10.9856113046408,0,0,0,1,0,0,0,0.786324262619019,36.3716060519218,0.826895296573639,0,0,33.0534157156944,0,24.0241175591946,0,0,0,0,0,0,0,74.184716373682,4.35860225558281,1469.59056329727,14.4895417690277,55.1723538935184,35.9290253669024,0
0,0,0,0,17.5643383860588,0,0,0,0,0,0,0,1,0,0,0,0,0,0,0,547.453750610352,0,0,0,0,0,0,0,0,0,0,0,0,0,0,0,332.014510214329,0,188.448858916759,0,0,0,0,0,0,0,0,0,0,0,0,0,0,0,0,0,78.0259739160538,0,20,0,0,0,0,76.3158459663391,0,0,0,0,0,0,0,0,0,0,0,0,0,0,0,0,0,0,337.312057971954,0,0,0,0
0,0,0,0,0,130.414971470833,0,0,0,0,0,0,0,0,0,0,0,0,0,2599.05667170882,0,0,0,0,0,0,0,0,0,0,0,0,0,0,0,169.913753569126,0,196.078316450119,0,0,0,0,0,0,0,0,0,0,0,0,0,8.20659971237183,0,0,0,0,0,891.524283409119,0,7,0,0,459.338456839323,0,0,0,0,0,0,0,17.0048725605011,0,93.7583975791931,0,0,0,0,0,0,0,0,0,428.649485558271,0,0,0,0
0,0,0,0,0,0,0,0,0,0,1,0,0,0,993.412062227726,0,0,0,0,0,0,0,0,0,0,0,0,0,129.646041631699,0,0,0,0,0,0,0,0,0,0,0,0,0,0,0,0,0,0,0,0,0,0,0,0,0,0,0,0,0,1,0,0,0,0,0,0,0,0,0,0,0,0,0,0,0,0,0,0,0,0,0,0,0,384.127661943436,0,0,0,0
0,0,0,0,0,0,0,0,0,0,0,0,0,0,0,0,0,0,0,0,0,0,0,0,0,0,0,0,0,0,0,0,0,0,0,0,0,0,0,0,0,0,0,0,0,0,0,0,0,0,0,0,0,0,0,0,0,400.644844174385,0,309.574912786484,0,0,0,0,0,0,0,0,0,0,178.925154209137,0,0,0,0,0,0,0,0,0,0,0,999.078414112329,71.999210357666,0,0,0
0,0,0,0,0,0,0,0,382.856335580349,0,0,0,993.412062227726,0,0,0,0,0,0,0,0,0,0,0,0,0,0,0,0,0,0,0,0,0,0,0,0,0,0,0,0,0,0,0,0,0,0,0,0,0,0,0,0,0,0,0,0,0,0,0,0,0,0,0,0,0,0,0,0,0,0,0,0,0,0,0,0,0,0,0,0,0,149.956324994564,0,0,0,0
0,0,0,0,0,0,0,0,0,245.071374416351,0,0,0,0,0,0,0,0,0,0,0,0,0,0,0,0,0,0,0,0,0,0,0,0,0,0,0,0,0,0,0,0,0,0,0,0,0,0,0,0,0,0,0,0,0,0,0,0,0,0,0,0,0,0,0,0,0,0,0,0,0,0,0,0,0,0,0,0,0,0,0,0,493.466147303581,0,0,0,0
11.8946370482445,0,0,0,0,0,0,0,7.51197449862957,0.597261436283588,0,0,0,0,0,0,0,20848.4645743296,3355.6821173057,0,0,0,165.067830234766,0,0,0,220.068061500788,0,48.1269654631615,0,0,0,0,0,0,0,0,0,1.96688079833984,57.2555242925882,243.271275624633,17.7637293040752,84.3362892791629,4.64278565347195,0,8.44950774312019,15.728044770658,0,0,0.17668080329895,0,0,0,0,0,0,0,0.148080363869667,0,0,0,0,1.54207347333431,0,0,0,0,0,0,0,2.21937552839518,0,6.83645385503769,2.37671558558941,0,0,0,0,133.353222426027,215.461178027093,83.5315325707197,140.007762156427,6653.94725617766,15.6790556311607,584.330269753933,4.83076798915863,11.380599193275
0,0,0,0,0,0,0,0,0,329.468457102776,0,0,0,0,0,0,20848.4645743296,0,5881.07314578444,0,0,1.39098048210144,0,0,0,13,0,0,0,0,0,0,0,0,0,0,0,0,0,267.441340476274,139.986597299576,85.8280358985066,64.6523080207407,7.49473305046558,0,20.5262618586421,19.4484521895647,0,0,0.956503175199032,0,0,0,0,0,0,0,5.02941016107798,0,0,0,0,1.12906063348055,0.24566575139761,0,0,0,0,0,0,19.084178455174,0,60.1999268829823,0.327291436493397,0,0,0,0,307.240441896021,121.786075390875,346.394495539367,57.3730611279607,6829.40513997525,618.086467772722,1048.5607893765,10.8526024445891,2.09655869007111
28.4893232733011,45.3208700865507,0,0,0,0,0,0,17.2781452387571,6.59706999361515,0,0,0,0,0,0,3355.6821173057,5881.07314578444,0,0,0,0,0,0,0,0,0,0,0,0,0,0,0,0,0,0,0,1.04752963781357,1.56682582199574,1000.02178955823,1037.86321988702,406.389326751232,393.609658591449,212.891099795699,0,953.969166740775,1503.97120595723,0,0,2.15305735170841,0,0,0,0,0,0,0.163628995418549,1.71843190491199,0,0,0,0,34.770431317389,16.1017857417464,0,0,0,0,0,0,13.4536082521081,0.904894128441811,134.707299627364,23.3206317424774,0,0,0,0,1622.94710089266,1144.04408938438,1156.00653473288,549.800559647381,5585.6214659363,0,6007.88686099648,47.5739183872938,59.9249578490853
0,0,0,0,0,236.229448854923,0,15.8043206334114,0,0,0,2599.05667170882,0,0,0,0,0,0,0,0,0,0,0,0,0,0,0,0,0,0,0,0,0,0,0,1322.94755649567,0,25,0,0,0,0,0,0,0,10.6768825054169,0,0,0,0,0,12.2698383927345,0,0,0,0,0,436.325094163418,0,0,0,0,1334.4005779326,0,0,0,0,0,0,0,0,0,0,0,0,0,0,0,16.8619678020477,0,0,0,920.925095811486,0,20.2216074168682,0,0
0,0,0,0,33.9055949747562,0,0,0,0,0,547.453750610352,0,0,0,0,0,0,0,0,0,0,0,0,0,0,0,0,0,0,0,0,0,0,0,0,0,344.258627861738,0,421.03291541338,0,0,0,0,0,0,0,0,0,0,0,88.1936005055904,0,0,0,0,0,237.648143529892,0,0,0,0,0,0,1740.82403811812,0,0,0,0,0,0,0,0,0,0,0,0,0,0,0,26.8396167755127,0,0,68.1405025720596,0,29.7143261432648,0,0
0,0,0,0,0,0,0,0,0,0,0,0,0,0,0,0,0,1.39098048210144,0,0,0,0,1587.42510178685,75.6640560626984,0,762.794672608376,0,0,0,0,0,0,0,0,0,0,0,1554.34011593461,0,0,0,0,0,0,0,0,0,0,0,0,0,0,0,0,0,0,0,0,0,0,0,0,0,0,5024.88072013855,46.6913492679596,2.97597861289978,0,0,0,0,0,0,0,0,0,0,0,0,0,93.0122386813164,0,2183.88096046448,1116.385946244,0,0,0
0,0,0,0,0,0,0,0,0,0,0,0,0,0,0,0,165.067830234766,0,0,0,0,1587.42510178685,0,0,1,0,1126.83744120598,0,0,0,0,0,0,0,0,0,0,0.458887919783592,276.286081016064,0,0,0,0,0,0,0,0,2.03390772640705,225.279584944248,1.24135130643845,0,0,0,0,0,0,0,0,0,0,0,0,0,0,320.562636852264,7736.50796611607,1.52503828704357,0,0,1255.12984532118,0,3.26446181535721,0,0,0,0,0,0,0,0,0.37951585650444,83.7215396016836,1214.86256934702,15.816301971674,0.144380867481232,0,0
0,1.11988617479801,0,1.18500350415707,0,0,0,0,0,12.7736926823854,0,0,0,0,0,0,0,0,0,0,0,75.6640560626984,0,0,0.178009778261185,114.258926391602,0,0,0,0,0,0,0,0,0,0,0,1195.59038420022,1.39322139322758,0,0,0.877896547317505,0,0,0,0,0,4.98765742778778,0.616778895258904,0,0,0,0,0,0.357693865895271,33.4223947972059,0,0,0,0,0,0,0,0,193.791330933571,0.532483398914337,429.924755290151,0.334430798888206,58.1294631958008,0,0,0,0,0,0,0,0,0,0,0,47.0216914713383,4.28110161423683,93.1135193556547,0.188629344105721,2.97414575517178,0,0
0,0,0,0,0,0,0,0,0,0,0,0,0,0,0,0,0,0,0,0,0,0,1,0.178009778261185,0,0,32.1957865953445,0,0,0,0,0,0,0,0,0,0,0,17.3713984340429,0,0,0,0,0,0,0,0,0,0,0.187953233718872,0,0,0,0,0,0,0,0,0,0,0,0,0,0,0,103.284938693047,0,52.1455220431089,0,1901.68849223852,0,0,0,0,0,0,0,0,0,0,0,20.5148420780897,0,0,0,0,0
0,0,0,0,0,0,0,0,0,0,0,0,0,0,0,0,0,13,0,0,0,762.794672608376,0,114.258926391602,0,0,0,217.199174880981,0,0,0,0,0,0,0,0,0,0,0,0,0,0,0,0,0,0,0,0,0,0,0,0,0,0,0,0,0,0,0,0,0,0,0,0,512.998496711254,0,0,0,0,0,18.9341683387756,0,0,0,0,0,0,0,0,0,0,0,599.909107208252,0,0,0,0
0,0,0,0,0,0,0,0,513.563077807426,0,0,0,0,0,0,0,220.068061500788,0,0,0,0,0,1126.83744120598,0,32.1957865953445,0,0,0,27.494453638792,0,0,0,0,0,0,0,0,0,0,0,0,0,0,0,0,0,0,0,0,0,0,0,0,0,0,0,0,0,0,0,0,0,0,0,0,1354.56467741728,0,0,0,0,0,0,0,0,0,0,0,0,0,0,0,0,201.129524856806,0,0,0,0
0,0,0,0,0,0,0,0,0,0,0,0,0,0,0,0,0,0,0,0,0,0,0,0,0,217.199174880981,0,0,0,2,0,0,0,0,0,0,0,10.3766670227051,0,0,0,0,0,0,0,0,0,0,0,0,0,0,0,0,0,0,0,0,0,711.955346137285,0,0,0,0,0,0,0,0,369.829432398081,0,3076.5224738121,0,0,0,0,0,0,0,0,0,0,0,585.881826728582,0,0,0,0
0,0,0,0,0,0,0,0,0,0,0,0,129.646041631699,0,0,0,48.1269654631615,0,0,0,0,0,0,0,0,0,27.494453638792,0,0,0,2,0,0,0,0,0,0,0,21.7514319419861,0,0,0,0,0,0,0,0,0,0,0,0,0,0,0,0,0,0,0,0,0,0,0,0,0,0,0,0,0,0,365.357915937901,0,1418.82973271608,0,0,0,0,0,0,0,0,0,0,58.7933415472507,0.820592999458313,0,0,0
0,0,0,0,0,0,0,0,0,0,0,0,0,0,0,0,0,0,0,0,0,0,0,0,0,0,0,2,0,0,0,0,0,0,0,0,0,4,0,0,0,0,0,0,0,0,0,0,0,0,0,0,0,0,0,0,0,0,0,0,0,0,0,0,0,0,0,0,0,0,538.031318068504,0,29.8823353052139,0,0,0,0,0,0,0,0,0,16.2440524101257,0,0,0,0
0,0,0,0,0,0,0,0,0,0,0,0,0,0,0,0,0,0,0,0,0,0,0,0,0,0,0,0,2,0,0,0,0,0,0,0,0,0,156.920158416033,0,0,0,0,0,0,0,0,0,0,0,0,0,0,0,0,0,0,0,0,0,0,0,0,0,0,0,0,0,0,0,0,0,0,128.359909057617,0,0,0,0,0,0,0,0,0,0,0,0,0
0,0,0,0,0,0,0,0,0,0,0,0,0,0,0,0,0,0,0,0,0,0,0,0,0,0,0,0,0,0,0,0,4371.02160100639,188.58611613512,0,295.515060901642,0,0,0,0,0,0,0,0,0,0,0,1293.78030224144,11.8301905989647,3.04852557182312,0,0,0,0,0,0,0,0,0,0,0,0,0,0,0,0,0,0,0,0,0,0,0,0,1148.4631935358,431.519840478897,38.7112366855145,0,0,0,0,0,295.936379671097,0,0,0,0
0,0,0,0,0,0,0,0,0,0,0,0,0,0,0,0,0,0,0,0,0,0,0,0,0,0,0,0,0,0,0,4371.02160100639,0,0,2.77743244171143,19.3897273540497,229.785841107368,0,0,0.370120257139206,0,0,0,0,0,0,0,861.77106076479,0.685875594615936,5.21211005747318,0,0,0,0,0,0,0,0,0,0,0,0,0,0,0,0,0,0,0,0,0,0,0,0,585.57522881031,1715.45389407873,0,1.32682168483734,0,54.7806408405304,0,0,148.155235409737,0,0,0,0
0,0,0,0,0,0,0,0,0,0,0,0,0,0,0,0,0,0,0,0,0,0,0,0,0,0,0,0,0,0,0,188.58611613512,0,0,1530.44332669675,35.3017276525497,0,8.68830665946007,5.91719856858253,0,0,0,0,0,0,0,0,2625.41373594105,8.78236435353756,0,0,0,0,0,0.468388319015503,0,0,0,0,0,0,0,0,0,0,0,0,0,0,0,0,0,0,0,437.575089514256,0,1447.24802362919,318.371765851974,12.7147723436356,0,20.2917470633984,2.77734600007534,80.7726250886917,0,0,0,0
0,0,0,0,0,0,0,0,0,0,0,0,0,0,0,0,0,0,0,0,0,0,0,0,0,0,0,0,0,0,0,0,2.77743244171143,1530.44332669675,0,0,1,13.4723329842091,178.124635100365,0,0,0,0,0,0,0,0,2124.4902599901,0,6.9704227745533,0,0,0,0,0,0,0,0,0,0,0,0,0,0,0,0,0,0,0,0,0,0,0,0,0,0,498.576340258121,3178.00296345353,0,0,10.0536402463913,0,293.408456519246,49.3590544462204,0.951638296246529,0,0
0,0,0,1.29126632213593,0,33.150337561965,0,0,0,0,0,169.913753569126,0,0,0,0,0,0,0,1322.94755649567,0,0,0,0,0,0,0,0,0,0,0,295.515060901642,19.3897273540497,35.3017276525497,0,0,3835.76138970256,2809.40071761608,0,0,0,0,0,0,0,5.00534915924072,0,296.402143478394,0,0,0,0,0,0,0,0,0,26.712993234396,0,0,0,0,2932.50114387274,0,0,0,0,0,0,0,0,0,0,0,2308.06153678894,0,779.977856099606,0,10783.1664784849,894.85967028141,557.27730602026,0,3100.11501854658,60.5295980274677,44.3168623745441,0,0
0,0,0,0,0,0,0,0,0,0,332.014510214329,0,0,0,0,0,0,0,0,0,344.258627861738,0,0,0,0,0,0,0,0,0,0,0,229.785841107368,0,1,3835.76138970256,0,0,1011.93412792683,0,0,0,2.9046736061573,0,0,0,0,462.138446509838,0.448039382696152,0.310606271028519,0,0,0,0,0,0,1333.92666882277,0,0,0,0,0,0,1819.36628195643,0,0,0,0,0,0,0,0,0,0,0,2719.50766280293,0,607.129014968872,650.460412085056,3669.29508596659,0,772.151269197464,3533.97031098604,853.123877137899,66.8852781951427,0,0
1.00727447867393,16.3278805017471,0,3.90096764266491,0,0,0,0,0,120.909071967006,0,196.078316450119,0,0,0,0,0,0,1.04752963781357,25,0,1554.34011593461,0.458887919783592,1195.59038420022,0,0,0,10.3766670227051,0,4,0,0,0,8.68830665946007,13.4723329842091,2809.40071761608,0,0,287.800050333142,0,0,26.4142860025167,0,0,0,0,0,1468.74124252796,16.7601980417967,72.644731938839,0,0,0,0,19.1409400999546,160.044652938843,0,371.009435683489,0,0,0,0,20,0,4438.61045342684,13.4962740540504,2017.13895732164,20.4550228118896,0,0,1431.14550277591,0,968.376027524471,0,0,0,19,0,900.421594202518,0,4389.0170455128,266.425420083106,765.228627175093,3.12368695437908,147.194516524673,0,0
30.0481769740582,5.24922759830952,0,0,0,0,0,0,30.3988029956818,4.83583143353462,188.448858916759,0,0,0,0,0,1.96688079833984,0,1.56682582199574,0,421.03291541338,0,276.286081016064,1.39322139322758,17.3713984340429,0,0,0,21.7514319419861,0,156.920158416033,0,0,5.91719856858253,178.124635100365,0,1011.93412792683,287.800050333142,0,0,0,0,3.55702984333038,0,0,0,0,1239.28218045831,210.94552461803,217.730650641024,0,0,0,0,14.7918479889631,46.8479305654764,1082.10289683938,0,0,0,0,0,0,484.84013235569,0,1171.65162809193,95.0119635462761,1128.50356183946,0,0,0,395.976559370756,0,3281.73872379959,0,0,0.535964608192444,303.390180528164,0,316.587937951088,772.703606233001,4531.12850052118,904.426000222564,158.018335282803,189.779896691442,0,0
0,8.2632118538022,0,1.02191570401192,0,0,0,0,0,0,0,0,0,0,0,0,57.2555242925882,267.441340476274,1000.02178955823,0,0,0,0,0,0,0,0,0,0,0,0,0,0.370120257139206,0,0,0,0,0,0,0,18.832752391696,2389.54355391115,2.9656647965312,16.2312245070934,0,396.957060702145,9.29979936033487,423.115682274103,803.028954714537,4877.6783939153,0,0,0,0,0,0,0,0,0,0,0,0,8.40921644866467,0.0957510843873024,0,0,0,0,0,0,0,0,7.17522205412388,0,0,0,0,0,178.908225506544,19.4360519573092,38.4155404418707,4.90463524311781,532.888994880021,0,2978.96265596151,80.679124802351,0
18.0436409637332,0,0,0,0,0,0,0,0.162231370806694,0,0,0,0,0,0,0,243.271275624633,139.986597299576,1037.86321988702,0,0,0,0,0,0,0,0,0,0,0,0,0,0,0,0,0,0,0,0,18.832752391696,0,0.912318147718906,997.715988226235,0.438111990690231,0,4.21304435282946,1177.11773851514,1.65797463059425,563.219559118152,196.003407165408,0,0,0,0,0,0,0,0,0,0,0,0,0.671161592006683,65.803108215332,0,0,0,0,0,0,0.108134917914867,0,0.0895660668611526,0,0,0,0,0,34.1963584497571,151.743279881775,6.32113252580166,6.13352102041245,762.879416465759,0,1674.19938600063,0,2.72189356386662
0,674.753102377057,0,253.477667465806,0,0,0,0,0,109.706325635314,0,0,0,0,0,0,17.7637293040752,85.8280358985066,406.389326751232,0,0,0,0,0.877896547317505,0,0,0,0,0,0,0,0,0,0,0,0,0,26.4142860025167,0,2389.54355391115,0.912318147718906,0,291.023154243827,11.0761171877384,0,16.3570230677724,0.559736497700214,8.12329505383968,47.2196009457111,1200.82474353909,0,0,0,0,0,2.11076565086842,0,14.5251448005438,0,0,0,1.29468901455402,39.579171821475,0.0984309762716293,0,0,2.57504196465015,0,0,0,67.1598165929317,0,779.369439288974,0,0,0,0,0,1370.82086142525,1.61770759522915,332.619186297059,0.257441014051437,1883.32521022856,0,4368.70794555545,102.367476552725,0.156080320477486
343.549394115806,0,145.25357542932,0,0,0,0,0,13.8788716942072,0,0,0,0,0,0,0,84.3362892791629,64.6523080207407,393.609658591449,0,0,0,0,0,0,0,0,0,0,0,0,0,0,0,0,0,2.9046736061573,0,3.55702984333038,2.9656647965312,997.715988226235,291.023154243827,0,0.104081191122532,0,0.125974163413048,180.832223981619,19.326191931963,888.891974925995,1.81792083382607,0,0,0,0,0,0,0.325543791055679,0,0,0,0,0,0,120.774791419506,0,0,0,0,0,0,0,0.623145207762718,0,138.246008485556,0,0,0,0.934883862733841,0.468228757381439,580.755598805845,1.46903184056282,49.4980905875564,2210.35770851374,0,4499.02771432698,0,40.8667951226234
0,0,0,0,0,0,0,0,0,0,0,0,0,0,0,0,4.64278565347195,7.49473305046558,212.891099795699,0,0,0,0,0,0,0,0,0,0,0,0,0,0,0,0,0,0,0,0,16.2312245070934,0.438111990690231,11.0761171877384,0.104081191122532,0,0,3.69549806416035,0.0749418810009956,0,0,0,0,0,0,0,0,0,0,0,0,0,0,0,0,0,0,0,0,0,0,0,0,0,0,0,0,0,0,0,28.6636890843511,4.26627889275551,3.89848060160875,2.58168721199036,47.0689961910248,0,30.0616138875484,0,0
0,0,0,0,0,0,0,0,0,0,0,0,0,0,0,0,0,0,0,0,0,0,0,0,0,0,0,0,0,0,0,0,0,0,0,0,0,0,0,0,0,0,0,0,0,0,0,0,0,0,0,0,0,0,0,0,0,0,0,0,0,0,0,0,0,0,0,0,0,0,0,0,0,0,0,0,0,0,0,0,0,0,0,0,0,0,0
0,7.55308759212494,0,0,0,0,0,0,0,0,0,0,0,0,0,0,8.44950774312019,20.5262618586421,953.969166740775,10.6768825054169,0,0,0,0,0,0,0,0,0,0,0,0,0,0,0,5.00534915924072,0,0,0,396.957060702145,4.21304435282946,16.3570230677724,0.125974163413048,3.69549806416035,0,0,7.99156415462494,0,0,0,0,0,0,0,0,0,0,0,0,0,0,0,908.648656755686,0.0991415455937386,0,0,0,0,0,0,0,0,0.0735530778765678,0,0,0,0,0,778.115484975278,15.6646757051349,46.1922783702612,2.83302371948957,566.568656653166,0,906.830258637667,0,1.1996659040451
12.9922571778297,0,0,0,0,0,0,0,0,0.141844168305397,0,0,0,0,0,0,15.728044770658,19.4484521895647,1503.97120595723,0,0,0,0,0,0,0,0,0,0,0,0,0,0,0,0,0,0,0,0,9.29979936033487,1177.11773851514,0.559736497700214,180.832223981619,0.0749418810009956,0,7.99156415462494,0,0,0.395900994539261,0,0,0,0,0,0,0,0,0,0,0,0,0,0.648945733904839,154.099723041058,0,0,0,0,0,0,0,0,0.204861626029015,0,0,0,0,0,30.8522645235062,467.983869723976,8.68580126017332,433.532357022166,602.135721497238,0,831.269129909575,0,0
1.44692674279213,0,1.48787075281143,0,0,0,0,0,0,0,0,0,0,0,0,0,0,0,0,0,0,0,2.03390772640705,4.98765742778778,0,0,0,0,0,0,0,1293.78030224144,861.77106076479,2625.41373594105,2124.4902599901,296.402143478394,462.138446509838,1468.74124252796,1239.28218045831,423.115682274103,1.65797463059425,8.12329505383968,19.326191931963,0,0,0,0,0,1712.97845257819,7340.90804958344,0,0,0,0,3.02677598595619,1.44439113140106,0,0,0,0,0,0,0,0,0,15.6827016025782,48.0592863410711,7.18065539002419,0,0,0,0,0,0,408.633228391409,632.679250523448,89.6889142096043,373.223790884018,2526.51839977503,567.006988674402,1381.31959378719,1732.78687302768,3433.8752104938,1.66264137625694,346.372088715434,0,0
18.7690875828266,0.195873022079468,10.7094885855913,0,0,0,0,0,1.7319019511342,0,0,0,0,0,0,0,0,0,0,0,0,0,225.279584944248,0.616778895258904,0,0,0,0,0,0,0,11.8301905989647,0.685875594615936,8.78236435353756,0,0,0.448039382696152,16.7601980417967,210.94552461803,803.028954714537,563.219559118152,47.2196009457111,888.891974925995,0,0,0,0.395900994539261,1712.97845257819,0,4770.80111433566,0,0,0,0,0,2.99201500415802,0,0,0,0,0,0,0,0,0,4.14934034645557,6.09569568932056,11.5829845070839,0,21.1227132380009,0,12.590580612421,0,180.04463031888,0,13.2077817320824,0,0.811661720275879,108.820854067802,116.004543125629,11.0786044150591,36.5207389593124,3459.37161463499,7.48573982715607,1985.68411979824,0.544684365391731,0
10.0413390696049,480.887367382646,2.99707044661045,151.184166610241,0,1.23939371109009,0,0,0.32691590487957,33.2647121697664,0,0,0,0,0,0,0.17668080329895,0.956503175199032,2.15305735170841,0,0,0,1.24135130643845,0,0.187953233718872,0,0,0,0,0,0,3.04852557182312,5.21211005747318,0,6.9704227745533,0,0.310606271028519,72.644731938839,217.730650641024,4877.6783939153,196.003407165408,1200.82474353909,1.81792083382607,0,0,0,0,7340.90804958344,4770.80111433566,0,0,0,0,0,18.9605830162764,0,0,70.9712510704994,0,20.4644148349762,0,127.662657260895,0,0,0.240589842200279,10.0022821426392,0,19.8128191456199,5.58263845741749,0,116.769917279482,0,46.8586388081312,0,9.72557938098907,23.4079877436161,0,1.01054401695728,782.815914928913,0,310.903904885054,190.597184121609,4750.99037997425,0.528145849704742,2066.04566822201,98.0145852863789,0
0,0,0,0,82.7642370462418,0,0,0,0,0,0,0,0,0,0,0,0,0,0,0,88.1936005055904,0,0,0,0,0,0,0,0,0,0,0,0,0,0,0,0,0,0,0,0,0,0,0,0,0,0,0,0,0,0,0,0,0,0,0,0,0,0,0,0,0,0,0,0,0,0,0,0,0,0,0,0,0,0,0,0,0,0,0,0,0,35.7041035294533,0,0,0,0
0,0,0,17.0616942048073,0,1.34869027137756,0,0,0,0,0,8.20659971237183,0,0,0,0,0,0,0,12.2698383927345,0,0,0,0,0,0,0,0,0,0,0,0,0,0,0,0,0,0,0,0,0,0,0,0,0,0,0,0,0,0,0,0,0,0,0,0,0,58.1350600719452,0,0,0,0,0,0,0,0,0,0,0,0,0,0,0,0,0,0,0,0,0,0,0,0,444.787661194801,0,94.4618305563927,0,0
0,0,0,0,0,0,0,0,0,0,0,0,0,0,0,0,0,0,0,0,0,0,0,0,0,0,0,0,0,0,0,0,0,0,0,0,0,0,0,0,0,0,0,0,0,0,0,0,0,0,0,0,0,0,0,0,0,0,0,0,0,0,0,0,0,0,0,0,0,0,0,0,0,0,0,0,0,0,0,0,0,0,0,0,0,0,0
0,0,0,0,0,1.70338380336761,0,249.814425349236,0,0,0,0,0,0,0,0,0,0,0,0,0,0,0,0,0,0,0,0,0,0,0,0,0,0,0,0,0,0,0,0,0,0,0,0,0,0,0,0,0,0,0,0,0,0,0,0,0,0,0,1,0,0,0,0,0,0,0,0,0,0,0,0,0,0,0,0,0,0,0,0,0,0,20.5487530231476,0,0,0,0
0,2.23169855773449,0,0,0,0,0,0,62.1879978775978,0.63161563873291,0,0,0,0,0,0,0,0,0,0,0,0,0,0.357693865895271,0,0,0,0,0,0,0,0,0,0.468388319015503,0,0,0,19.1409400999546,14.7918479889631,0,0,0,0,0,0,0,0,3.02677598595619,0,18.9605830162764,0,0,0,0,0,13.0906027257442,0,0,0,0,1,0,0,0,0,0,20.5266773998737,42.8988011628389,0,0,0,0,0,0,0,0,0,0,0,0,19.7236988022923,128.335798859596,11.4606261849403,0.755899325013161,29.6899329870939,0,0
1.17178475856781,47.3134851455688,0,0,0,71.0455131530762,0,0,0,291.549688741565,0,0,0,0,0,0,0,0,0,0,0,0,0,33.4223947972059,0,0,0,0,0,0,0,0,0,0,0,0,0,160.044652938843,46.8479305654764,0,0,2.11076565086842,0,0,0,0,0,1.44439113140106,2.99201500415802,0,0,0,0,0,13.0906027257442,0,0,0,0,0,0,1,0,0,0,0.600769311189651,310.832542672753,15.0620388239622,0,0,0,0,0,0,0,0,0,0,0,0,219.281010597944,36.6581560373306,52.0008531361818,1.04387900233269,35.8608453124762,0,0
0,0,0,0,0.901340544223785,0,0,0,0.478894799947739,0,78.0259739160538,0,0,0,0,0,0,0,0.163628995418549,0,237.648143529892,0,0,0,0,0,0,0,0,0,0,0,0,0,0,0,1333.92666882277,0,1082.10289683938,0,0,0,0.325543791055679,0,0,0,0,0,0,0,0,0,0,0,0,0,0,0,0,0,0,0,0,142.510890722275,0,0,0,0,0,0,0,0,0,2.15567490458488,0,0,0,0,0,0,0,0,447.035858377814,0,68.6915894001722,0,0.289177864789963
0,0.108927175402641,0,25.4464802145958,0,0,0,0,0,10.9856113046408,0,891.524283409119,0,400.644844174385,0,0,0.148080363869667,5.02941016107798,1.71843190491199,436.325094163418,0,0,0,0,0,0,0,0,0,0,0,0,0,0,0,26.712993234396,0,371.009435683489,0,0,0,14.5251448005438,0,0,0,0,0,0,0,70.9712510704994,0,58.1350600719452,0,0,0,0,0,0,0,96.5212382078171,0,0,12.3334683179855,0,0,0,0,0,31.0526643693447,0,582.50637216866,0,439.420235306025,0,0,0,0,0,0,0,0,0,124.666595995426,0,287.004782482982,25.4015825837851,0
0,0,0,0,0,0,0,0,0,0,20,0,1,0,0,0,0,0,0,0,0,0,0,0,0,0,0,0,0,0,0,0,0,0,0,0,0,0,0,0,0,0,0,0,0,0,0,0,0,0,0,0,0,0,0,0,0,0,0,0,0,0,0,0,0,0,0,0,0,0,0,0,0,0,0,0,0,0,0,0,0,0,0,0,0,0,0
0,0,0,0,0,0,0,396.829496741295,0,0,0,7,0,309.574912786484,0,0,0,0,0,0,0,0,0,0,0,0,0,711.955346137285,0,0,0,0,0,0,0,0,0,0,0,0,0,0,0,0,0,0,0,0,0,20.4644148349762,0,0,0,1,0,0,0,96.5212382078171,0,0,0,0.963765010237694,0,0,0,0,0,0,4.64331802725792,0,144.42749029398,0,0,0,0,0,0,0,0,0,0,0,214.587394237518,0,0.362904459238052,0,0
0,0,0,0,0,0,0,0,699.93743032217,0,0,0,0,0,0,0,0,0,0,0,0,0,0,0,0,0,0,0,0,0,0,0,0,0,0,0,0,0,0,0,0,0,0,0,0,0,0,0,0,0,0,0,0,0,1,0,0,0,0,0,0,0,0,0,0,0,0,0,0,0,0,0,0,0,0,0,0,0,0,0,0,0,73.7559232115746,0,0,0,0
0,0.252210974693298,0,16.3051192760468,0,0,0,0,0,1,0,0,0,0,0,0,0,0,0,0,0,0,0,0,0,0,0,0,0,0,0,0,0,0,0,0,0,0,0,0,0,1.29468901455402,0,0,0,0,0,0,0,127.662657260895,0,0,0,0,0,1,0,0,0,0.963765010237694,0,0,0,0,0,0,20.1461363434792,0,57.4003963023424,0,26.8292749524117,0,0,0,0,0,0,0,0,0,0,0,218.454487204552,0,58.6368889659643,0,0
0,0.886017113924026,0,0,0,4.54024440050125,0,0,0,0,0,459.338456839323,0,0,0,0,1.54207347333431,1.12906063348055,34.770431317389,1334.4005779326,0,0,0,0,0,0,0,0,0,0,0,0,0,0,0,2932.50114387274,0,20,0,8.40921644866467,0.671161592006683,39.579171821475,0,0,0,908.648656755686,0.648945733904839,0,0,0,0,0,0,0,0,0,0,12.3334683179855,0,0,0,0,0,0,0,0,0,0,0,0,0,0,133.108637630939,0,0,0,0,0,16.5582242012024,3.85833678394556,4.16580855846405,0.366730481386185,274.579974263906,0,593.286809593439,0,0
0.496677450835705,0,0,0,0,0,0,0,0,0,76.3158459663391,0,0,0,0,0,0,0.24566575139761,16.1017857417464,0,1740.82403811812,0,0,0,0,0,0,0,0,0,0,0,0,0,0,0,1819.36628195643,0,484.84013235569,0.0957510843873024,65.803108215332,0.0984309762716293,120.774791419506,0,0,0.0991415455937386,154.099723041058,0,0,0,0,0,0,0,0,0,142.510890722275,0,0,0,0,0,0,0,0,0,0,0,0,0,0,0,0,0,0,0,0,0,0.106524966657162,0.59975977241993,0,91.6992387920618,189.792224854231,0,371.78475330025,0,0
0,0,0,0,0,0,0,0,0,0,0,0,0,0,0,0,0,0,0,0,0,5024.88072013855,320.562636852264,193.791330933571,0,512.998496711254,0,0,0,0,0,0,0,0,0,0,0,4438.61045342684,0,0,0,0,0,0,0,0,0,0,0,0.240589842200279,0,0,0,0,0,0,0,0,0,0,0,0,0,0,0,0,0,0,6,0,1.71922957897186,0,0,0,0,0,0,0,0,0,299.638641864061,0,780.170011103153,85.3057304620743,0,0,0
0,0.264897912740707,0,0,0,0,0,0,0,0.786324262619019,0,0,0,0,0,0,0,0,0,0,0,46.6913492679596,7736.50796611607,0.532483398914337,103.284938693047,0,1354.56467741728,0,0,0,0,0,0,0,0,0,0,13.4962740540504,1171.65162809193,0,0,0,0,0,0,0,0,15.6827016025782,4.14934034645557,10.0022821426392,0,0,0,0,0,0.600769311189651,0,0,0,0,0,0,0,0,0,0,3.8602000027895,14.2672789394855,0,389.038169443607,0,25.4175628423691,0,0,0,0,0,0,0,0,10.1524087935686,607.547447621822,346.558505654335,0,3.60048392415047,0,0
1.56564991176128,0,0,0,0,0,0,0,0,36.3716060519218,0,0,0,0,0,0,0,0,0,0,0,2.97597861289978,1.52503828704357,429.924755290151,0,0,0,0,0,0,0,0,0,0,0,0,0,2017.13895732164,95.0119635462761,0,0,2.57504196465015,0,0,0,0,0,48.0592863410711,6.09569568932056,0,0,0,0,0,20.5266773998737,310.832542672753,0,0,0,0,0,20.1461363434792,0,0,0,3.8602000027895,0,24.5602106601,31.5884373784065,0,0,0,0,0,0,0,0,0,0,0,425.835813313723,106.505487963557,169.197499260306,2.54895478487015,23.0532858073711,0,0
0,0.962155759334564,0,0,0,0,0,0,0,0.826895296573639,0,0,0,0,0,0,0,0,0,0,0,0,0,0.334430798888206,52.1455220431089,0,0,0,0,0,0,0,0,0,0,0,0,20.4550228118896,1128.50356183946,0,0,0,0,0,0,0,0,7.18065539002419,11.5829845070839,19.8128191456199,0,0,0,0,42.8988011628389,15.0620388239622,0,0,0,0,0,0,0,0,0,14.2672789394855,24.5602106601,0,0,0,0,0,0,0,0,0,0,0,0,0,37.7646279335022,964.160640358925,18.8482306748629,1.54735980927944,16.9687098190188,0,0
0,0,0,0,0,0,0,0,0,0,0,0,0,0,0,0,0,0,0,0,0,0,0,58.1294631958008,0,0,0,369.829432398081,0,0,0,0,0,0,0,0,0,0,0,0,0,0,0,0,0,0,0,0,0,5.58263845741749,0,0,0,0,0,0,0,31.0526643693447,0,4.64331802725792,0,57.4003963023424,0,0,6,0,31.5884373784065,0,0,0,265.936791524291,0,0,0,0,0,0,0,0,0,0,0,28.418919801712,0,0.552658587694168,0,0
0,0,0,0,0,0,0,0,1104.85016390681,0,0,0,0,0,0,0,0,0,0,0,0,0,1255.12984532118,0,1901.68849223852,0,0,0,365.357915937901,0,0,0,0,0,0,0,0,0,0,0,0,0,0,0,0,0,0,0,21.1227132380009,0,0,0,0,0,0,0,0,0,0,0,0,0,0,0,0,389.038169443607,0,0,0,0,0,18.6889717876911,0,0,0,0,0,0,0,0,0,0,57.9957101941109,0,0,0,0
0,0.369699507951736,0,0,0,0,0,0,0,33.0534157156944,0,17.0048725605011,0,178.925154209137,0,0,2.21937552839518,19.084178455174,13.4536082521081,0,0,0,0,0,0,18.9341683387756,0,3076.5224738121,0,538.031318068504,0,0,0,0,0,0,0,1431.14550277591,0,0,0.108134917914867,67.1598165929317,0,0,0,0,0,0,0,116.769917279482,0,0,0,0,0,0,0,582.50637216866,0,144.42749029398,0,26.8292749524117,0,0,1.71922957897186,0,0,0,265.936791524291,0,0,0,159.660032704473,0,0,0,0,0,0,0,0,0.130723059177399,229.204697936773,0,139.988691076636,37.6176187545061,0
0,0,0,0,0,0,0,0,0.193314537405968,0,0,0,0,0,0,0,0,0,0.904894128441811,0,0,0,3.26446181535721,0,0,0,0,0,1418.82973271608,0,0,0,0,0,0,0,0,0,395.976559370756,0,0,0,0.623145207762718,0,0,0,0,0,12.590580612421,0,0,0,0,0,0,0,0,0,0,0,0,0,0,0,0,25.4175628423691,0,0,0,18.6889717876911,0,0,0,41.816118568182,0,0,0,0,0,0,0,11.9774849414825,2.02499982714653,0,8.68531912565231,0,0.630000323057175
0,3.95310225337744,0,0.439060844480991,0,0,0,0,0,24.0241175591946,0,93.7583975791931,0,0,0,0,6.83645385503769,60.1999268829823,134.707299627364,0,0,0,0,0,0,0,0,0,0,29.8823353052139,0,0,0,0,0,0,0,968.376027524471,0,7.17522205412388,0.0895660668611526,779.369439288974,0,0,0,0.0735530778765678,0.204861626029015,0,0,46.8586388081312,0,0,0,0,0,0,0,439.420235306025,0,0,0,0,133.108637630939,0,0,0,0,0,0,0,159.660032704473,0,0,0,0,0,0,0,0,0.388153523206711,3.16781842708588,0.136832743883133,977.064728520811,0.130584761500359,2130.84965437651,100.953396648169,0
0.952214449644089,0,0,0,0,0,0,0,21.383149780333,0,0,0,0,0,0,0,2.37671558558941,0.327291436493397,23.3206317424774,0,0,0,0,0,0,0,0,0,0,0,128.359909057617,0,0,0,0,0,0,0,3281.73872379959,0,0,0,138.246008485556,0,0,0,0,0,180.04463031888,0,0,0,0,0,0,0,2.15567490458488,0,0,0,0,0,0,0,0,0,0,0,0,0,0,41.816118568182,0,0,0,0,0,0,0,0,0,0,220.287150233984,0,779.323495775461,0,8.33029168844223
0,0,0,0,0,0,0,0,0,0,0,0,0,0,0,0,0,0,0,0,0,0,0,0,0,0,0,0,0,0,0,1148.4631935358,585.57522881031,437.575089514256,0,2308.06153678894,0,0,0,0,0,0,0,0,0,0,0,408.633228391409,0,9.72557938098907,0,0,0,0,0,0,0,0,0,0,0,0,0,0,0,0,0,0,0,0,0,0,0,0,0,5.60401630401611,446.23972645402,0,7.98438489437103,0,0,0,208.563836097717,0,0,0,0
0,0,0,0,0,0,0,0,0,0,0,0,0,0,0,0,0,0,0,0,0,0,0,0,0,0,0,0,0,0,0,431.519840478897,1715.45389407873,0,0,0,2719.50766280293,0,0,0,0,0,0,0,0,0,0,632.679250523448,13.2077817320824,23.4079877436161,0,0,0,0,0,0,0,0,0,0,0,0,0,0,0,0,0,0,0,0,0,0,0,0,5.60401630401611,0,0,0,0,34.3004168272018,0,0,25.189368724823,0,0,0,0
0,0,0,0,0,0,0,0,0,0,0,0,0,0,0,0,0,0,0,0,0,0,0,0,0,0,0,0,0,0,0,38.7112366855145,0,1447.24802362919,498.576340258121,779.977856099606,0,19,0.535964608192444,0,0,0,0,0,0,0,0,89.6889142096043,0,0,0,0,0,0,0,0,0,0,0,0,0,0,0,0,0,0,0,0,0,0,0,0,0,0,446.23972645402,0,0,0,62.4834426641464,0,1,0,392.434809803963,0,0,0,0
0,0,0,0,0,0,0,0,0,0,0,0,0,0,0,0,0,0,0,0,0,0,0,0,0,0,0,0,0,0,0,0,1.32682168483734,318.371765851974,3178.00296345353,0,607.129014968872,0,303.390180528164,0,0,0,0.934883862733841,0,0,0,0,373.223790884018,0.811661720275879,1.01054401695728,0,0,0,0,0,0,0,0,0,0,0,0,0,0,0,0,0,0,0,0,0,0,0,0,0,0,0,0,0,8,0,7.65044379234314,92.7856772691011,45.3113156557083,0,0,0
0,46.5999229252338,0,8.35992589592934,0,0,0,0,0,0,0,0,0,0,0,0,133.353222426027,307.240441896021,1622.94710089266,16.8619678020477,0,0,0,0,0,0,0,0,0,0,0,0,0,12.7147723436356,0,10783.1664784849,650.460412085056,900.421594202518,0,178.908225506544,34.1963584497571,1370.82086142525,0.468228757381439,28.6636890843511,0,778.115484975278,30.8522645235062,2526.51839977503,108.820854067802,782.815914928913,0,0,0,0,0,0,0,0,0,0,0,0,16.5582242012024,0.106524966657162,0,0,0,0,0,0,0,0,0,0,7.98438489437103,0,62.4834426641464,0,0,265.372443377972,1130.86716048419,10.77071210742,1200.41991121322,0,2007.84793621302,2.94618155062199,0
62.0097164213657,0,0,0,0,0,0,0,0,0,0,0,0,0,0,0,215.461178027093,121.786075390875,1144.04408938438,0,26.8396167755127,0,0,0,0,0,0,0,0,0,0,0,54.7806408405304,0,0,894.85967028141,3669.29508596659,0,316.587937951088,19.4360519573092,151.743279881775,1.61770759522915,580.755598805845,4.26627889275551,0,15.6646757051349,467.983869723976,567.006988674402,116.004543125629,0,0,0,0,0,0,0,0,0,0,0,0,0,3.85833678394556,0.59975977241993,0,0,0,0,0,0,0,0,0.388153523206711,0,0,34.3004168272018,0,8,265.372443377972,0,17.9153907522559,388.861666746438,1215.07893198729,2.24979823827744,532.401398371905,0,0
0.403854191303253,14.7083434313536,0,2.69523375481367,0,0,0,0,0.134305968880653,74.184716373682,0,0,0,0,0,0,83.5315325707197,346.394495539367,1156.00653473288,0,0,93.0122386813164,0.37951585650444,47.0216914713383,0,0,0,0,0,0,0,0,0,20.2917470633984,10.0536402463913,557.27730602026,0,4389.0170455128,772.703606233001,38.4155404418707,6.32113252580166,332.619186297059,1.46903184056282,3.89848060160875,0,46.1922783702612,8.68580126017332,1381.31959378719,11.0786044150591,310.903904885054,0,0,0,0,19.7236988022923,219.281010597944,0,0,0,0,0,0,4.16580855846405,0,299.638641864061,10.1524087935686,425.835813313723,37.7646279335022,0,0,0,0,3.16781842708588,0,0,0,1,0,1130.86716048419,17.9153907522559,0,316.963164739311,2018.92129700631,35.1531118154526,322.194934684783,27.0255776941776,0
48.6751240715384,1.54449434578419,0,0,0,0,0,0,0,4.35860225558281,0,0,0,0,0,0,140.007762156427,57.3730611279607,549.800559647381,0,0,0,83.7215396016836,4.28110161423683,20.5148420780897,0,0,0,0,0,0,0,0,2.77734600007534,0,0,772.151269197464,266.425420083106,4531.12850052118,4.90463524311781,6.13352102041245,0.257441014051437,49.4980905875564,2.58168721199036,0,2.83302371948957,433.532357022166,1732.78687302768,36.5207389593124,190.597184121609,0,0,0,0,128.335798859596,36.6581560373306,0,0,0,0,0,0,0.366730481386185,91.6992387920618,0,607.547447621822,106.505487963557,964.160640358925,0,0,0.130723059177399,11.9774849414825,0.136832743883133,0,0,0,0,7.65044379234314,10.77071210742,388.861666746438,316.963164739311,0,1566.36792096496,57.3360946625471,711.745594546199,0,0.437747597694397
691.616170726717,1015.85740990192,307.373114198446,339.460485853255,54.0483534187078,2931.848662287,0,4.66708898544312,295.763347290456,1469.59056329727,337.312057971954,428.649485558271,384.127661943436,999.078414112329,149.956324994564,493.466147303581,6653.94725617766,6829.40513997525,5585.6214659363,920.925095811486,68.1405025720596,2183.88096046448,1214.86256934702,93.1135193556547,0,599.909107208252,201.129524856806,585.881826728582,58.7933415472507,16.2440524101257,0,295.936379671097,148.155235409737,80.7726250886917,293.408456519246,3100.11501854658,3533.97031098604,765.228627175093,904.426000222564,532.888994880021,762.879416465759,1883.32521022856,2210.35770851374,47.0689961910248,0,566.568656653166,602.135721497238,3433.8752104938,3459.37161463499,4750.99037997425,35.7041035294533,444.787661194801,0,20.5487530231476,11.4606261849403,52.0008531361818,447.035858377814,124.666595995426,0,214.587394237518,73.7559232115746,218.454487204552,274.579974263906,189.792224854231,780.170011103153,346.558505654335,169.197499260306,18.8482306748629,28.418919801712,57.9957101941109,229.204697936773,2.02499982714653,977.064728520811,220.287150233984,208.563836097717,25.189368724823,392.434809803963,92.7856772691011,1200.41991121322,1215.07893198729,2018.92129700631,1566.36792096496,0,13043.1554045975,7176.98677612096,188.69111789763,165.414832107723
0,0,0,11.3985197842121,1.15452370047569,0.244204580783844,0,0,0,14.4895417690277,0,0,0,71.999210357666,0,0,15.6790556311607,618.086467772722,0,0,0,1116.385946244,15.816301971674,0.188629344105721,0,0,0,0,0.820592999458313,0,0,0,0,0,49.3590544462204,60.5295980274677,853.123877137899,3.12368695437908,158.018335282803,0,0,0,0,0,0,0,0,1.66264137625694,7.48573982715607,0.528145849704742,0,0,0,0,0.755899325013161,1.04387900233269,0,0,0,0,0,0,0,0,85.3057304620743,0,2.54895478487015,1.54735980927944,0,0,0,0,0.130584761500359,0,0,0,0,45.3113156557083,0,2.24979823827744,35.1531118154526,57.3360946625471,13043.1554045975,0,11.2317946404219,0,0
1047.52560780197,1116.32282479107,271.47230322659,937.707757942379,34.0916837453842,11.1123196035624,0,0,72.1619384139776,55.1723538935184,0,0,0,0,0,0,584.330269753933,1048.5607893765,6007.88686099648,20.2216074168682,29.7143261432648,0,0.144380867481232,2.97414575517178,0,0,0,0,0,0,0,0,0,0,0.951638296246529,44.3168623745441,66.8852781951427,147.194516524673,189.779896691442,2978.96265596151,1674.19938600063,4368.70794555545,4499.02771432698,30.0616138875484,0,906.830258637667,831.269129909575,346.372088715434,1985.68411979824,2066.04566822201,0,94.4618305563927,0,0,29.6899329870939,35.8608453124762,68.6915894001722,287.004782482982,0,0.362904459238052,0,58.6368889659643,593.286809593439,371.78475330025,0,3.60048392415047,23.0532858073711,16.9687098190188,0.552658587694168,0,139.988691076636,8.68531912565231,2130.84965437651,779.323495775461,0,0,0,0,2007.84793621302,532.401398371905,322.194934684783,711.745594546199,7176.98677612096,11.2317946404219,0,215.393076241016,160.621865473688
0,0,0,0,0,0,0,0,0,35.9290253669024,0,0,0,0,0,0,4.83076798915863,10.8526024445891,47.5739183872938,0,0,0,0,0,0,0,0,0,0,0,0,0,0,0,0,0,0,0,0,80.679124802351,0,102.367476552725,0,0,0,0,0,0,0.544684365391731,98.0145852863789,0,0,0,0,0,0,0,25.4015825837851,0,0,0,0,0,0,0,0,0,0,0,0,37.6176187545061,0,100.953396648169,0,0,0,0,0,2.94618155062199,0,27.0255776941776,0,188.69111789763,0,215.393076241016,0,0
6.30257013440132,0,0,0,0,0,0,0,0,0,0,0,0,0,0,0,11.380599193275,2.09655869007111,59.9249578490853,0,0,0,0,0,0,0,0,0,0,0,0,0,0,0,0,0,0,0,0,0,2.72189356386662,0.156080320477486,40.8667951226234,0,0,1.1996659040451,0,0,0,0,0,0,0,0,0,0,0.289177864789963,0,0,0,0,0,0,0,0,0,0,0,0,0,0,0.630000323057175,0,8.33029168844223,0,0,0,0,0,0,0,0.437747597694397,165.414832107723,0,160.621865473688,0,0
