0,0.228624657942699,0.239124622324417,0.234566301107407,0,0,0,0,0.346216399018073,0.263903790464004,0,0,0,0,0.204368826166718,0.218752697110176,0.23268850838847,0.209797613728209,0.274358723002873,0,0,0,0,0,0,0,0.214555149277051,0,0,0,0,0,0,0,0,0.349314540624619,0,0,0,0,0,0.306335836648941,0.210819537135271,0.310403365641832,0.324911241347973,0,0,0,0.261844282258641,0.186478808522224,0,0,0,0,0.285014998966857,0.211631238460541,0,0,0,0,0.216965738084258,0,0,0.250718951225281,0,0,0,0.19928839802742,0,0.243172518833719,0,0,0,0,0,0,0,0,0.38765861839056,0,0,0,0.270106968516854,0.298419362481903,0.318074210693962,0,0.183276444673538
0.228624657942699,0,0.27824030816555,0.240149884107145,0,0,0,0,0.310432574152946,0.4222775429815,0,0,0,0,0,0.207021913467309,0.218972946869002,0.220583367949495,0.230202278367565,0,0,0,0,0,0,0,0,0,0,0,0,0,0,0,0,0,0,0,0,0,0,0.162405105610179,0,0.299739559491475,0.342447727918625,0,0,0,0.211973786354065,0.260722756385803,0,0,0,0,0.253542698919773,0.199839413349633,0,0.204340398311615,0,0,0.198517695069313,0.222647904333743,0,0,0,0,0.201356849500111,0,0,0,0,0,0,0,0,0,0,0,0,0,0,0,0.287644923994668,0.587695643305779,0.260957489571264,0.200137731794533,0
0.239124622324417,0.27824030816555,0,0.233733795583248,0,0,0,0,0.299558443512688,0.238502366202218,0,0,0,0,0.175173403695226,0,0.246459332185906,0.212443061644518,0.26666895561404,0,0,0,0,0,0,0,0.195399612188339,0,0,0,0,0,0,0.281921327114105,0,0,0,0,0,0,0,0,0.323742726674447,0.318898439407349,0.284903764724731,0,0.333892645438512,0,0.253657736201236,0,0,0,0,0,0.219537937641144,0,0,0,0,0,0.161398810999734,0.199212357401848,0,0.213117948107127,0,0,0,0,0,0.215550407767296,0,0,0,0,0,0,0,0,0.415223389863968,0.268946852772794,0,0,0.268414798917042,0.300154969096184,0.277688911473751,0.328449904918671,0.352387670427561
0.234566301107407,0.240149884107145,0.233733795583248,0,0,0,0,0,0.412678301334381,0.422988229843437,0,0,0,0,0,0.233086531360944,0.249388289238725,0.228269847015203,0.255608463866843,0,0,0,0,0,0,0,0,0,0,0,0,0,0,0,0,0.284012109041214,0,0,0,0,0,0.297231779968152,0,0,0,0.279376159111659,0,0,0,0.251879825377564,0,0,0,0,0,0.312098131431797,0,0,0,0,0.197414144873619,0.253876899927855,0.217826507985592,0,0,0,0,0,0,0,0,0,0,0,0,0,0,0,0.228860884904861,0,0,0,0.273596349467592,0.367533665150404,0.273676959176858,0.313945196770333,0
0,0,0,0,0,0,0,0,0,0,0,0,0,0,0,0,0,0,0,0,0,0,0,0,0,0,0,0,0,0,0,0,0,0,0,0,0,0,0,0,0,0,0,0,0,0,0,0,0,0,0,0,0,0,0,0,0,0,0,0,0,0,0,0,0,0,0,0,0,0,0,0,0,0,0,0,0,0,0,0,0,0,0,0,0,0,0
0,0,0,0,0,0,0,0,0,0.211600845798533,0,0,0,0,0,0,0,0,0.308602802455425,0.250129005738667,0,0,0,0,0,0,0,0,0,0,0,0,0,0,0,0,0,0,0,0,0,0,0,0,0,0,0,0,0,0,0,0,0,0,0.263567805290222,0.233271136879921,0,0,0,0,0,0,0,0,0,0,0,0,0,0,0,0,0,0,0,0,0,0,0,0,0,0,0.24715240679004,0.208056890964508,0,0,0
0,0,0,0,0,0,0,0,0,0,0,0,0,0,0,0,0,0,0,0,0.244879732529322,0,0,0,0,0,0,0,0,0,0,0,0,0,0,0,0,0,0,0,0,0,0,0,0,0,0,0,0,0,0,0,0,0,0,0,0,0,0,0,0,0,0,0,0,0,0,0,0,0,0,0,0,0,0,0,0,0,0,0,0,0,0.262221625218025,0,0,0,0
0,0,0,0,0,0,0,0,0,0,0,0,0,0,0,0,0,0,0,0,0,0,0,0,0,0,0,0,0,0,0,0,0,0,0,0,0,0,0,0,0,0,0,0,0,0,0,0,0,0,0,0,0,0,0,0,0,0,0,0,0,0,0,0,0,0,0,0,0,0,0,0,0,0,0,0,0,0,0,0,0,0,0,0,0,0,0
0.346216399018073,0.310432574152946,0.299558443512688,0.412678301334381,0,0,0,0,0,0.425025954194691,0,0,0,0,0.187207418017334,0.180437386035919,0.205208128406675,0.237750840941217,0.328674122513407,0,0,0,0,0,0.274804713347783,0,0.24457053343455,0,0,0,0,0,0,0,0,0.375480401515961,0.349149972200394,0.371089339256287,0.238268272669026,0.359508574008942,0.285098522901535,0.361496970057487,0.293403103475657,0.368883690663746,0.349082407744034,0,0,0,0.286401922814548,0,0,0,0,0,0.214616323748718,0,0,0,0,0,0.190928949312453,0.17086161673069,0,0,0,0,0,0.263582027161498,0,0.226396544774373,0,0,0,0,0,0,0,0,0.406776507695516,0.370648503303528,0.397941499948502,0.257837515425038,0.26750994431756,0.188100759746201,0.406110557598354,0,0.245438319849379
0.263903790464004,0.4222775429815,0.238502366202218,0.422988229843437,0,0.211600845798533,0,0,0.425025954194691,0,0,0,0,0,0,0.1847981102615,0.259759901979259,0.188894232748016,0.324882607243873,0,0,0,0,0.247940683364868,0,0.270448410511017,0,0,0,0,0,0,0,0,0,0.371440827846527,0,0.250984342716565,0,0,0,0.307064003113544,0,0.40781432390213,0.422681248363327,0,0,0,0,0.320498272776604,0,0,0,0,0.266790384054184,0.21768356983038,0,0,0,0,0.191455334424973,0.197265751346161,0,0,0,0,0.304157786210131,0,0.242227616054671,0,0,0,0,0,0,0,0,0,0,0,0.32317689830257,0,0.292453640405836,0.181204666720011,0.443053775517887,0.283497567474842,0
0,0,0,0,0,0,0,0,0,0,0,0,0,0,0,0,0,0,0,0,0.26543935144163,0,0,0,0,0,0,0,0.137948726614316,0,0.227895465989908,0,0,0,0,0,0.225376597157231,0,0.210866626159499,0,0,0,0,0,0,0,0.366340786218643,0,0.39180400967598,0,0,0,0,0,0,0,0.270447936169592,0,0.232993269508535,0,0,0,0,0.250280714470201,0,0,0,0,0,0,0,0,0,0.229392452275052,0,0,0,0,0,0,0,0.156767538013427,0.211693059612987,0,0,0,0
0,0,0,0,0,0,0,0,0,0,0,0,0,0.218681914938821,0,0,0,0,0.398766309022903,0.298229985753027,0,0,0,0,0,0,0,0.189462344897421,0,0.255877793704257,0,0,0,0,0,0.296399365578379,0,0.203981225346697,0,0.278131932020187,0,0.336174547672272,0,0,0,0.370829021646863,0,0,0,0.477299965918064,0,0,0,0,0,0,0,0.283407737140311,0,0.218939319252968,0,0,0.322070481225769,0,0,0,0,0,0,0,0.406061583757401,0,0.273204351149833,0,0,0,0,0,0.304242836932341,0,0.302442235455393,0,0.260466639877884,0.197612531483173,0.303634130141952,0.490085914731026,0
0,0,0,0,0,0,0,0,0,0,0,0,0,0,0.135872654907115,0,0.149764519184828,0,0,0,0,0,0,0,0,0,0,0,0,0,0,0,0,0,0,0,0,0,0,0,0,0,0,0,0,0,0,0,0,0,0,0,0,0,0,0,0,0,0.106134596679892,0,0.141619820561674,0,0,0,0,0,0,0,0,0,0,0,0,0,0,0,0,0,0,0,0,0,0.149338766466826,0,0,0,0
0,0,0,0,0,0,0,0,0,0,0,0.218681914938821,0,0,0,0.201038368880996,0,0.163271695375443,0,0,0,0,0,0,0,0.195272182424863,0,0,0,0,0,0,0,0,0,0,0,0,0,0,0,0,0,0,0,0,0,0,0,0,0,0,0,0,0,0,0,0,0,0.209594975225627,0,0.203293379706641,0,0,0,0,0,0,0.184127077460289,0,0.128606915473938,0,0,0,0,0,0,0,0,0,0,0,0.189817693457007,0.174644299424612,0,0,0
0.204368826166718,0,0.175173403695226,0,0,0,0,0,0.187207418017334,0,0,0,0.135872654907115,0,0,0,0.170133767636803,0.15788518935442,0.203427233375036,0,0,0,0,0,0,0,0,0,0,0,0,0,0,0,0,0,0,0,0,0,0,0,0,0,0,0,0,0,0.213817864656448,0,0,0,0,0,0.193569494982253,0,0,0,0.107369820658977,0,0.171618064015248,0,0,0,0,0,0,0,0,0.14523521065712,0,0,0,0,0,0,0,0,0,0,0,0,0.171567359014961,0.177451134371905,0.300961196422577,0,0
0.218752697110176,0.207021913467309,0,0.233086531360944,0,0,0,0,0.180437386035919,0.1847981102615,0,0,0,0.201038368880996,0,0,0.164931987013136,0.181071305853932,0.189953920595786,0,0,0,0,0,0,0.252240976072707,0,0,0,0,0,0,0,0,0,0,0,0,0,0,0,0,0,0,0,0,0,0,0,0.194696962833405,0,0,0,0,0.1446303576231,0.187345459423167,0,0,0,0,0,0.20124484838379,0,0,0,0,0,0,0.206967222193877,0,0,0,0,0,0,0,0,0,0,0,0,0,0.193904625794602,0.175955565646291,0.251473039388657,0,0
0.23268850838847,0.218972946869002,0.246459332185906,0.249388289238725,0,0,0,0,0.205208128406675,0.259759901979259,0,0,0.149764519184828,0,0.170133767636803,0.164931987013136,0,0.15516467574723,0.21988901332643,0,0,0,0.175853745804893,0,0,0,0.176577968177972,0,0,0,0,0,0,0,0.325216740369797,0.346152146657308,0.349348872900009,0.388699859380722,0.350411102175713,0.36695396900177,0.302806824445724,0.340832631696354,0.335231714352533,0.33584908192808,0.31885058377628,0,0,0,0.255080509930849,0.331136897206306,0,0,0,0,0.191052633268393,0.195960256915826,0,0.367284953594208,0,0,0.169775635728556,0,0,0,0,0.207511261105537,0,0,0,0.167192779895332,0,0,0,0,0,0,0,0.284647196531296,0.336796815906252,0.328591930238824,0.3757197757562,0.372460398823023,0.225298959466107,0.170522402353444,0.344761389362461,0,0.334792099893093
0.209797613728209,0.220583367949495,0.212443061644518,0.228269847015203,0,0,0,0,0.237750840941217,0.188894232748016,0,0,0,0.163271695375443,0.15788518935442,0.181071305853932,0.15516467574723,0,0.204322606769751,0,0,0.188195152885535,0,0.158924837907155,0,0.216779620054379,0.169930472970009,0,0,0,0,0.292278736829758,0,0,0,0.362547596295675,0,0,0,0.372955173254013,0.261130124330521,0.301813059382968,0.294004460175832,0.315830866495768,0.326168175666563,0.287652038037777,0.273272305727005,0,0.210872429609299,0.203099184566074,0,0,0,0,0.182744031407169,0.178540086269853,0,0,0,0,0.157899742325147,0.195879263113707,0,0,0.185952655332429,0,0,0,0.22445891031595,0.140926614403725,0,0,0,0,0,0,0,0,0.239569172263145,0.351516485214233,0.387775257229805,0.325173765420914,0.201689305351395,0.185389860757018,0.299986436053621,0.318574354052544,0
0.274358723002873,0.230202278367565,0.26666895561404,0.255608463866843,0,0.308602802455425,0,0,0.328674122513407,0.324882607243873,0,0.398766309022903,0,0,0.203427233375036,0.189953920595786,0.21988901332643,0.204322606769751,0,0,0,0,0,0,0,0,0.195219874382019,0,0,0,0,0.284534777913775,0,0.202507101354145,0.209076314761832,0.344912882963521,0.334732744582864,0.364091061257027,0.366054892539978,0.309979236469819,0.242306607216597,0.252803821968288,0.260186212471662,0.31244785969074,0.292221567752757,0.274775562009641,0.279503439703295,0.246396981405489,0.287709826313028,0.312663387041539,0,0,0,0,0.287955654231278,0.271444853322179,0.26734384894371,0.330140069127083,0,0,0.197748531897863,0.228299744427204,0.2639140188694,0.281340770423412,0,0,0,0,0,0.169570602476597,0.379621934890747,0,0.364448912240363,0.326744221150875,0,0.228947013616562,0.334293136994044,0.258845920860767,0.342465534572691,0.308582332730293,0.382146144492759,0.380888713208529,0.240082335353651,0.248202886232685,0.298215935754296,0.288427837575093,0.250750601291656
0,0,0,0,0,0.250129005738667,0,0,0,0,0,0.298229985753027,0,0,0,0,0,0,0,0,0,0,0,0,0,0,0,0,0,0.277490263183912,0,0.252396792173386,0,0.245457764714956,0,0.23276099562645,0,0.302311359633245,0,0.243894264101982,0,0.265704452991486,0,0,0,0.388872656939376,0,0.223632410168648,0,0.344717998057604,0,0,0,0,0,0,0,0.395447493482187,0,0,0,0,0.320091704256924,0,0,0,0,0,0,0,0.424041613370557,0,0.350734018288697,0,0.203632965683937,0,0.282428711652756,0,0.230788167781147,0,0.337111865668781,0,0.205785776916388,0,0.299802693827399,0,0
0,0,0,0,0,0,0.244879732529322,0,0,0,0.26543935144163,0,0,0,0,0,0,0,0,0,0,0,0,0,0,0,0,0,0,0,0,0,0.258867117762566,0,0.283428549766541,0,0.222450410326322,0,0.247508846194808,0,0.279969740658998,0,0.276683315634727,0,0,0,0.352930759780416,0.271079391241074,0.371825109828602,0,0,0,0,0,0,0,0.348917317144802,0,0,0,0,0,0,0.296503061287925,0,0,0,0,0,0,0,0,0,0.316092103677498,0,0.249010480940342,0,0.268987277692015,0,0.232027310224788,0,0.335712675416462,0.248160062129037,0,0.378394871782721,0,0
0,0,0,0,0,0,0,0,0,0,0,0,0,0,0,0,0,0.188195152885535,0,0,0,0,0.143077968486718,0.206527557293022,0,0.293716523757915,0,0.249185647639929,0,0,0,0,0,0.300295919179916,0,0,0,0.281802039282231,0,0,0,0,0,0,0,0,0,0,0,0.239646254216923,0,0,0,0,0,0,0,0,0,0,0,0,0,0,0.252809781675195,0,0.173505771372999,0,0.286824671331272,0,0.247967127777502,0,0,0,0,0,0,0,0,0,0.234614530709428,0,0.180738517998259,0.155327520436711,0,0,0
0,0,0,0,0,0,0,0,0,0,0,0,0,0,0,0,0.175853745804893,0,0,0,0,0.143077968486718,0,0,0.390473100211885,0,0.23089227632626,0,0.26985622288888,0,0,0,0,0,0,0,0,0,0.312979025418817,0,0,0,0,0,0,0,0,0,0.131981567790111,0,0,0,0,0,0,0,0,0,0,0,0,0,0,0,0,0.257073255437196,0,0.326140321728911,0,0.26706592474665,0,0.279074982073628,0,0,0,0,0,0,0,0,0,0.383559105816407,0.253226875128485,0.15618418995291,0,0,0
0,0,0,0,0,0,0,0,0,0.247940683364868,0,0,0,0,0,0,0,0.158924837907155,0,0,0,0.206527557293022,0,0,0,0.32813610564655,0,0,0,0,0,0,0,0,0,0,0,0.315441658744564,0,0,0,0.221842206074196,0,0,0,0,0,0,0,0.322736690648728,0,0,0,0,0,0.2731615267694,0,0,0,0,0,0,0,0,0.248545099589331,0,0.294784840710742,0,0.282865585446758,0,0.334898203611374,0,0,0,0,0,0,0,0,0,0.349558796167998,0,0.195063081880411,0,0.314301134284699,0.266335138678551,0
0,0,0,0,0,0,0,0,0.274804713347783,0,0,0,0,0,0,0,0,0,0,0,0,0,0.390473100211885,0,0,0,0.191837997175753,0,0,0,0,0,0,0,0,0,0,0,0.397525295966846,0,0,0,0.24859910631833,0,0,0,0,0,0,0,0,0,0,0,0.255056634793679,0,0,0,0,0,0,0,0,0,0,0.3992074729059,0,0.273502921022169,0,0.267805253807218,0,0,0,0,0,0,0,0,0,0,0,0.376475025808824,0.319858525505685,0.342709988355637,0.258204761673422,0,0.230701988190413
0,0,0,0,0,0,0,0,0,0.270448410511017,0,0,0,0.195272182424863,0,0.252240976072707,0,0.216779620054379,0,0,0,0.293716523757915,0,0.32813610564655,0,0,0,0.274135379327668,0,0,0,0,0,0,0,0,0,0.363937561418496,0,0,0,0.282135933637619,0,0,0,0,0,0,0,0.414627745466412,0,0,0,0,0,0.262383049974839,0,0,0,0,0,0.262960389256477,0,0,0.33472583094817,0,0.455919869994932,0,0.309260560812442,0,0.315039403244572,0,0,0,0,0,0,0,0,0,0.365424747383872,0,0.244121279897569,0,0.355876927574476,0,0
0.214555149277051,0,0.195399612188339,0,0,0,0,0,0.24457053343455,0,0,0,0,0,0,0,0.176577968177972,0.169930472970009,0.195219874382019,0,0,0,0.23089227632626,0,0.191837997175753,0,0,0,0.225839293920077,0,0,0,0,0,0,0,0,0,0.278366749485334,0,0,0,0,0,0,0,0,0,0,0,0,0,0,0,0.26020011305809,0,0,0,0,0,0.257237315177917,0,0,0,0,0.247034549254637,0,0.231570949777961,0,0.284019729416019,0,0.275803852412436,0,0,0,0,0,0,0,0,0,0.239044338464737,0.207776286243964,0,0.274226509034634,0,0
0,0,0,0,0,0,0,0,0,0,0,0.189462344897421,0,0,0,0,0,0,0,0,0,0.249185647639929,0,0,0,0.274135379327668,0,0,0,0.259190228587377,0,0,0,0,0,0,0,0.249903510917317,0,0,0,0,0,0,0,0,0,0,0,0,0,0,0,0,0,0,0,0.231019777747301,0,0,0,0,0,0,0.277108815678379,0,0,0,0.278456053685868,0,0.268574818358344,0,0,0,0,0,0,0,0,0,0.23881455262502,0,0.278466045856476,0,0,0,0
0,0,0,0,0,0,0,0,0,0,0.137948726614316,0,0,0,0,0,0,0,0,0,0,0,0.26985622288888,0,0,0,0.225839293920077,0,0,0,0.234636702320792,0,0,0,0,0,0,0,0.249106574665617,0,0,0,0,0,0,0,0,0,0,0,0,0,0,0,0,0,0,0,0,0,0,0,0,0,0,0.288115044434865,0,0,0,0.236524947815471,0,0.264043089457581,0,0,0,0,0,0,0,0,0,0.343884110450745,0.21773727155394,0,0,0,0
0,0,0,0,0,0,0,0,0,0,0,0.255877793704257,0,0,0,0,0,0,0,0.277490263183912,0,0,0,0,0,0,0,0.259190228587377,0,0,0,0,0,0,0,0,0,0.309442612818248,0,0,0,0,0,0,0,0,0,0,0,0,0,0,0,0,0,0,0,0.259681329913232,0,0,0,0,0.262873987356822,0,0,0,0,0,0,0,0.284758767657441,0,0.206219722121097,0,0,0,0,0,0.24326828122139,0,0.27284142737453,0,0.284901541882548,0,0,0,0
0,0,0,0,0,0,0,0,0,0,0.227895465989908,0,0,0,0,0,0,0,0,0,0,0,0,0,0,0,0,0,0.234636702320792,0,0,0,0,0,0,0,0,0,0.170952261869724,0,0,0,0,0,0,0,0,0,0,0,0,0,0,0,0,0,0.223124247530232,0,0,0,0,0,0,0,0,0,0,0,0,0,0,0,0,0.228742007178321,0,0,0,0,0,0,0,0.165225084736405,0,0,0,0,0
0,0,0,0,0,0,0,0,0,0,0,0,0,0,0,0,0,0.292278736829758,0.284534777913775,0.252396792173386,0,0,0,0,0,0,0,0,0,0,0,0,0.299556370576223,0.352670307081889,0.393750098347664,0.396738646207032,0,0.298712622374296,0,0.21463129731516,0.191311120986938,0.265265291763677,0,0,0,0.269416160530904,0.247322961688042,0.225314019713551,0.263415437191725,0.257322827296859,0,0,0,0,0,0,0.266615509986877,0.3150801637343,0,0,0,0,0.262648165225983,0,0,0,0,0,0,0,0.343745395541191,0,0.32512636253467,0,0.231960432199032,0,0.284446854239855,0,0.312428178817586,0.27766415476799,0.315624304612478,0,0.294004389001886,0,0.260918095707893,0.315431326627731,0
0,0,0,0,0,0,0,0,0,0,0,0,0,0,0,0,0,0,0,0,0.258867117762566,0,0,0,0,0,0,0,0,0,0,0.299556370576223,0,0.438814558088779,0.258511412004798,0.39296984960956,0.297666886787929,0,0.257652521133423,0,0.212143037468195,0,0.272703761404211,0,0,0,0.236795777755399,0.276017230290633,0.251805473764737,0,0,0,0,0,0,0,0.276003609100978,0,0,0,0,0,0,0.249361409081353,0,0,0,0,0,0,0,0,0,0,0.348166626047444,0.21203348610331,0,0.231679289399282,0.416938644079935,0.243273360929528,0,0.32188458442688,0.272613487936355,0,0.262782846559893,0,0
0,0,0.281921327114105,0,0,0,0,0,0,0,0,0,0,0,0,0,0,0,0.202507101354145,0.245457764714956,0,0.300295919179916,0,0,0,0,0,0,0,0,0,0.352670307081889,0.438814558088779,0,0.44262441394355,0.43789476023317,0.498422626548812,0.438447354569679,0.64753083884716,0.251590051111721,0.303239375352859,0.267780716440319,0.223974507965454,0.460949301719666,0,0.287385854515747,0.33818859855334,0.314534784673258,0.374572643866906,0.368678844644225,0,0,0,0,0,0,0,0.319911670871079,0,0,0,0,0.304761354860507,0,0,0,0,0,0,0,0.368261456489563,0,0.327012441040557,0,0.282351512252615,0,0.386556081210032,0.433847993185729,0.36564158359383,0.478105719504731,0.486123344691383,0.374086169525981,0.295074448613457,0.248900632495465,0.291929007686199,0,0
0,0,0,0,0,0,0,0,0,0,0,0,0,0,0,0,0.325216740369797,0,0.209076314761832,0,0.283428549766541,0,0,0,0,0,0,0,0,0,0,0.393750098347664,0.258511412004798,0.44262441394355,0,0.435554375399405,0.370015489684233,0.230744378133254,0.368067664242555,0,0.235079043051776,0.400213350852331,0.228606849057334,0,0,0,0.279931882062019,0.298118537171099,0.289735870918042,0,0,0,0,0,0,0,0.282716572284698,0,0,0,0,0,0,0.244716391898692,0,0,0,0,0,0,0,0,0,0.293781399726868,0.370738849043846,0.239880129694939,0.495247442727891,0.394343240980532,0.49506955162475,0.331853188794746,0.403981059789658,0.298619127119133,0.457356708711826,0.333611886203289,0.279587504758715,0,0.294523153454065
0.349314540624619,0,0,0.284012109041214,0,0,0,0,0.375480401515961,0.371440827846527,0,0.296399365578379,0,0,0,0,0.346152146657308,0.362547596295675,0.344912882963521,0.23276099562645,0,0,0,0,0,0,0,0,0,0,0,0.396738646207032,0.39296984960956,0.43789476023317,0.435554375399405,0,0.308714506396076,0.283161912574078,0,0.278231910575291,0,0.345816134638393,0.334571431577206,0.392671853012681,0.336226369653429,0.252701521964417,0,0.339951829722053,0,0.331862708374884,0,0,0,0,0.419718205928802,0,0,0.308589099058464,0,0,0,0.35189014673233,0.239614873713775,0,0,0,0,0,0,0,0.347213046891349,0,0.322164840435469,0,0.30307872728868,0,0.415241595967899,0.412085562944412,0.288244060231902,0.312412414285872,0.288985847757008,0,0.296225831556981,0.28609999611571,0.355602834252833,0.388899167999625,0
0,0,0,0,0,0,0,0,0.349149972200394,0,0.225376597157231,0,0,0,0,0,0.349348872900009,0,0.334732744582864,0,0.222450410326322,0,0,0,0,0,0,0,0,0,0,0,0.297666886787929,0.498422626548812,0.370015489684233,0.308714506396076,0,0,0.257375100957017,0,0.224187976121902,0.394343227148056,0.374955676317785,0.27208411693573,0.39303166951452,0,0.233445333951228,0.312820584275002,0.294703114288964,0,0,0,0,0,0,0,0.28667026758194,0,0,0,0,0,0,0.244667209950941,0,0,0,0,0,0,0,0,0,0.29064801122461,0,0.24079903960228,0.506036714902,0.388960807013653,0.516073616651388,0.27534615840348,0,0.283890337303503,0.270429532537524,0.253435036127185,0.28860747637385,0,0.364584620182331
0,0,0,0,0,0,0,0,0.371089339256287,0.250984342716565,0,0.203981225346697,0,0,0,0,0.388699859380722,0,0.364091061257027,0.302311359633245,0,0.281802039282231,0,0.315441658744564,0,0.363937561418496,0,0.249903510917317,0,0.309442612818248,0,0.298712622374296,0,0.438447354569679,0.230744378133254,0.283161912574078,0,0,0.264197674393654,0.305489056309064,0,0.298768042415324,0.392961323261261,0.399476317564646,0.421863600611687,0.306901354681362,0,0.48563264463232,0,0.324370993402965,0,0,0,0,0,0.236193928581018,0,0.345146749168634,0,0,0,0,0.293793781051756,0,0.258186515941626,0,0.284952967024098,0,0.375481367958429,0,0.264685723644037,0,0.30242056862728,0,0.293547560771306,0,0.384528002568654,0,0.274040340562519,0,0.292390996435426,0.153866250600134,0.301808360264059,0.320357250422239,0.338987605491032,0.427614056662227,0
0,0,0,0,0,0,0,0,0.238268272669026,0,0.210866626159499,0,0,0,0,0,0.350411102175713,0,0.366054892539978,0,0.247508846194808,0,0.312979025418817,0,0.397525295966846,0,0.278366749485334,0,0.249106574665617,0,0.170952261869724,0,0.257652521133423,0.64753083884716,0.368067664242555,0,0.257375100957017,0.264197674393654,0,0,0.273815939823786,0,0.314301661441201,0,0,0,0.292036393450366,0.450821031976683,0.29723951777165,0,0,0,0,0,0.207664497196674,0,0.231052588958007,0,0,0,0,0,0,0.306368212646513,0,0.403457580900647,0,0.322360442311696,0,0,0,0.269707010571773,0,0.297767378962957,0,0.271570265293121,0,0.316105314454679,0,0.282089171612827,0,0.28368640603069,0.229226187453724,0.438598487827647,0.21893499080776,0,0.416191238781501
0,0,0,0,0,0,0,0,0.359508574008942,0,0,0.278131932020187,0,0,0,0,0.36695396900177,0.372955173254013,0.309979236469819,0.243894264101982,0,0,0,0,0,0,0,0,0,0,0,0.21463129731516,0,0.251590051111721,0,0.278231910575291,0,0.305489056309064,0,0,0,0.255442811048769,0.272042130430539,0.357283177226782,0.332237815856934,0.243601729694647,0,0.285343061330097,0,0.239615003197965,0,0,0,0,0,0,0,0.316908824702968,0,0,0,0,0.260467845637624,0,0,0,0,0,0,0,0.362123896678289,0,0.333893954753876,0,0.245536273285266,0,0.238401066097948,0,0.300981473277785,0,0.315642303197968,0,0.296279994305223,0.309439998865128,0.295179422331762,0.363943876491653,0
0,0,0,0,0,0,0,0,0.285098522901535,0,0,0,0,0,0,0,0.302806824445724,0.261130124330521,0.242306607216597,0,0.279969740658998,0,0,0,0,0,0,0,0,0,0,0.191311120986938,0.212143037468195,0.303239375352859,0.235079043051776,0,0.224187976121902,0,0.273815939823786,0,0,0,0.234442299739881,0,0,0,0.275880777795843,0.238694652774424,0.198553637339828,0,0,0,0,0,0,0,0.309381425380707,0,0,0,0,0,0,0.317212521033699,0,0,0,0,0,0,0,0,0,0.293153136968613,0,0.256020668802379,0,0.23615671073397,0,0.275429279561396,0,0.281793027371168,0.235273096178259,0,0.173118603085318,0,0.271738618612289
0.306335836648941,0.162405105610179,0,0.297231779968152,0,0,0,0,0.361496970057487,0.307064003113544,0,0.336174547672272,0,0,0,0,0.340832631696354,0.301813059382968,0.252803821968288,0.265704452991486,0,0,0,0.221842206074196,0,0.282135933637619,0,0,0,0,0,0.265265291763677,0,0.267780716440319,0.400213350852331,0.345816134638393,0.394343227148056,0.298768042415324,0,0.255442811048769,0,0,0.23850802713778,0.459755640928492,0.257427780164613,0.335696912096535,0.253274440765381,0.216904798288525,0.26955222338438,0.233273513017622,0,0,0,0,0,0,0,0.400868397926082,0,0,0,0,0.366848868969219,0,0,0,0.266733036429872,0,0.2761646029022,0,0.439021068950032,0,0.4202912323569,0,0.268594311816352,0,0.272935773777962,0,0.340757119088945,0.322140693664551,0.371189106204942,0,0.228697567947747,0.299842476481345,0.298289290338078,0.269281698787863,0
0.210819537135271,0,0.323742726674447,0,0,0,0,0,0.293403103475657,0,0,0,0,0,0,0,0.335231714352533,0.294004460175832,0.260186212471662,0,0.276683315634727,0,0,0,0.24859910631833,0,0,0,0,0,0,0,0.272703761404211,0.223974507965454,0.228606849057334,0.334571431577206,0.374955676317785,0.392961323261261,0.314301661441201,0.272042130430539,0.234442299739881,0.23850802713778,0,0.281088002664702,0.424788461574777,0.278249651193619,0.36050776492592,0.239242715194043,0.264826415041545,0.306269913911819,0,0,0,0,0.290231201224602,0.250983260571957,0.342232934199274,0.247163623571396,0,0,0,0,0.306040704250336,0.371049721453306,0,0,0,0.270717813883509,0,0,0.424670577049255,0.343098804354668,0.34491503238678,0.427102322379748,0,0.230992594155772,0.266165986657143,0.247703474215947,0.330983916395589,0.352356126445936,0.391723121915545,0.377353723286078,0.24107491397334,0.302804166608387,0.302833318680099,0.272209534049034,0.301803735125074
0.310403365641832,0.299739559491475,0.318898439407349,0,0,0,0,0,0.368883690663746,0.40781432390213,0,0,0,0,0,0,0.33584908192808,0.315830866495768,0.31244785969074,0,0,0,0,0,0,0,0,0,0,0,0,0,0,0.460949301719666,0,0.392671853012681,0.27208411693573,0.399476317564646,0,0.357283177226782,0,0.459755640928492,0.281088002664702,0,0.22782371146015,0.319363830378279,0,0.444511443376541,0,0.442608284950256,0,0,0,0,0.379798407355944,0,0,0,0,0,0,0,0.383600175380707,0,0,0,0,0,0,0,0,0,0.413358710706234,0,0,0,0.440445929765701,0,0.41106704020973,0.296579271554947,0.425783772021532,0,0.320587372091019,0.300761009341684,0.377992041519887,0.378258287906647,0
0.324911241347973,0.342447727918625,0.284903764724731,0,0,0,0,0,0.349082407744034,0.422681248363327,0,0,0,0,0,0,0.31885058377628,0.326168175666563,0.292221567752757,0,0,0,0,0,0,0,0,0,0,0,0,0,0,0,0,0.336226369653429,0.39303166951452,0.421863600611687,0,0.332237815856934,0,0.257427780164613,0.424788461574777,0.22782371146015,0,0.332711845636368,0.37604096531868,0,0.437333003334377,0.392509758472443,0,0,0,0,0.344773961438073,0,0,0,0,0,0,0,0,0,0,0,0,0,0,0,0,0,0.395402610301971,0,0,0,0,0,0.340049912532171,0.386304003917254,0.344350044216429,0.406423678000768,0.301403305606346,0.307102211706695,0.337588479579215,0.299326126774152,0.36530458016528
0,0,0,0.279376159111659,0,0,0,0,0,0,0,0.370829021646863,0,0,0,0,0,0.287652038037777,0.274775562009641,0.388872656939376,0,0,0,0,0,0,0,0,0,0,0,0.269416160530904,0,0.287385854515747,0,0.252701521964417,0,0.306901354681362,0,0.243601729694647,0,0.335696912096535,0.278249651193619,0.319363830378279,0.332711845636368,0,0,0.282392117234827,0,0.324686233563857,0,0,0,0,0,0,0,0.409281472295834,0,0,0,0,0.321873909211514,0,0,0,0,0,0,0,0.445346736245685,0,0.427314175870912,0,0.263345297425985,0,0.288174093581359,0,0.25972525319249,0,0.338116477554043,0,0.27483590743665,0.275567039847374,0.278342922895845,0.334629946947098,0
0,0,0.333892645438512,0,0,0,0,0,0,0,0.366340786218643,0,0,0,0,0,0,0.273272305727005,0.279503439703295,0,0.352930759780416,0,0,0,0,0,0,0,0,0,0,0.247322961688042,0.236795777755399,0.33818859855334,0.279931882062019,0,0.233445333951228,0,0.292036393450366,0,0.275880777795843,0.253274440765381,0.36050776492592,0,0.37604096531868,0,0,0.290167189869784,0.293320089031797,0,0,0,0,0,0,0,0.354622275185311,0,0,0,0,0,0,0.270060666013642,0,0,0,0,0,0,0,0.39482170343399,0,0.338753317231717,0,0.23101849958562,0,0.273049908061313,0,0.258156757465073,0,0.266264588229374,0.296675292457022,0.306399941444397,0.286116069936448,0,0.360978736660697
0,0,0,0,0,0,0,0,0,0,0,0,0,0,0,0,0,0,0.246396981405489,0.223632410168648,0.271079391241074,0,0,0,0,0,0,0,0,0,0,0.225314019713551,0.276017230290633,0.314534784673258,0.298118537171099,0.339951829722053,0.312820584275002,0.48563264463232,0.450821031976683,0.285343061330097,0.238694652774424,0.216904798288525,0.239242715194043,0.444511443376541,0,0.282392117234827,0.290167189869784,0,0.24081874539105,0.216099199675207,0,0,0,0,0,0,0.299547275900841,0.325082408388456,0,0,0,0,0.355507217887519,0.346449055885141,0,0,0,0,0,0,0.349586521585782,0,0.334014445543289,0.32081063836813,0.231774410957264,0.214531473286165,0.279176564090098,0.289101339396543,0.312388024960471,0.294088253383576,0.485891218344944,0.39582763171196,0.23667585899061,0.521123316671167,0.263424080058501,0.30004096031189,0.292636643350124
0.261844282258641,0.211973786354065,0.253657736201236,0,0,0,0,0,0.286401922814548,0,0.39180400967598,0,0,0,0.213817864656448,0,0.255080509930849,0.210872429609299,0.287709826313028,0,0.371825109828602,0,0.131981567790111,0,0,0,0,0,0,0,0,0.263415437191725,0.251805473764737,0.374572643866906,0.289735870918042,0,0.294703114288964,0,0.29723951777165,0,0.198553637339828,0.26955222338438,0.264826415041545,0,0.437333003334377,0,0.293320089031797,0.24081874539105,0,0.359287858009338,0,0,0,0,0.242508882284164,0,0.304299674928188,0,0,0,0,0,0,0.311804731893871,0,0.200711111072451,0,0,0,0,0,0.418948720791145,0,0.432190850160076,0,0.211021227017045,0,0.255476727495043,0.333863466978073,0.301246539480528,0,0.337583620016931,0.315003666382299,0.315269726514816,0.313988888991211,0,0.379162007969791
0.186478808522224,0.260722756385803,0,0.251879825377564,0,0,0,0,0,0.320498272776604,0,0.477299965918064,0,0,0,0.194696962833405,0.331136897206306,0.203099184566074,0.312663387041539,0.344717998057604,0,0.239646254216923,0,0.322736690648728,0,0.414627745466412,0,0,0,0,0,0.257322827296859,0,0.368678844644225,0,0.331862708374884,0,0.324370993402965,0,0.239615003197965,0,0.233273513017622,0.306269913911819,0.442608284950256,0.392509758472443,0.324686233563857,0,0.216099199675207,0.359287858009338,0,0,0,0,0,0,0.281822276115417,0,0.385607519083553,0,0,0,0.217696979641914,0.388726478344516,0,0.250686989816493,0,0.352319839361467,0,0.383596470668202,0,0.391200684771246,0,0.39425348627801,0,0.257049801310307,0,0.360325191713316,0,0.345331117704038,0,0.332501872000344,0,0.265748553604415,0.329778989156087,0.349455603297699,0.377342229666503,0
0,0,0,0,0,0,0,0,0,0,0,0,0,0,0,0,0,0,0,0,0,0,0,0,0,0,0,0,0,0,0,0,0,0,0,0,0,0,0,0,0,0,0,0,0,0,0,0,0,0,0,0,0,0,0,0,0,0,0,0,0,0,0,0,0,0,0,0,0,0,0,0,0,0,0,0,0,0,0,0,0,0,0,0,0,0,0
0,0,0,0,0,0,0,0,0,0,0,0,0,0,0,0,0,0,0,0,0,0,0,0,0,0,0,0,0,0,0,0,0,0,0,0,0,0,0,0,0,0,0,0,0,0,0,0,0,0,0,0,0,0,0,0,0,0,0,0,0,0,0,0,0,0,0,0,0,0,0,0,0,0,0,0,0,0,0,0,0,0,0,0,0,0,0
0,0,0,0,0,0,0,0,0,0,0,0,0,0,0,0,0,0,0,0,0,0,0,0,0,0,0,0,0,0,0,0,0,0,0,0,0,0,0,0,0,0,0,0,0,0,0,0,0,0,0,0,0,0,0,0,0,0,0,0,0,0,0,0,0,0,0,0,0,0,0,0,0,0,0,0,0,0,0,0,0,0,0,0,0,0,0
0,0,0,0,0,0,0,0,0,0,0,0,0,0,0,0,0,0,0,0,0,0,0,0,0,0,0,0,0,0,0,0,0,0,0,0,0,0,0,0,0,0,0,0,0,0,0,0,0,0,0,0,0,0,0,0,0,0,0,0,0,0,0,0,0,0,0,0,0,0,0,0,0,0,0,0,0,0,0,0,0,0,0,0,0,0,0
0.285014998966857,0.253542698919773,0.219537937641144,0,0,0.263567805290222,0,0,0.214616323748718,0.266790384054184,0,0,0,0,0.193569494982253,0.1446303576231,0.191052633268393,0.182744031407169,0.287955654231278,0,0,0,0,0,0.255056634793679,0,0.26020011305809,0,0,0,0,0,0,0,0,0.419718205928802,0,0,0.207664497196674,0,0,0,0.290231201224602,0.379798407355944,0.344773961438073,0,0,0,0.242508882284164,0,0,0,0,0,0,0.197183452546597,0,0,0,0,0.20110798903874,0,0,0,0,0,0,0.300819358516198,0,0.219953089642028,0,0,0,0,0,0,0,0,0.368088583151499,0.382265776395798,0,0.256454765796661,0.249590891523697,0.200066914781928,0.426108836063317,0,0.271919276622625
0.211631238460541,0.199839413349633,0,0.312098131431797,0,0.233271136879921,0,0,0,0.21768356983038,0,0,0,0,0,0.187345459423167,0.195960256915826,0.178540086269853,0.271444853322179,0,0,0,0,0.2731615267694,0,0.262383049974839,0,0,0,0,0,0,0,0,0,0,0,0.236193928581018,0,0,0,0,0.250983260571957,0,0,0,0,0,0,0.281822276115417,0,0,0,0,0.197183452546597,0,0,0,0,0,0,0.193504830653017,0,0,0,0,0.28423160975799,0,0.245349060211863,0,0,0,0,0,0,0,0,0,0.333016991615295,0,0.342241048812866,0,0.231003309867048,0.202676730496543,0.294399162488324,0,0
0,0,0,0,0,0,0,0,0,0,0.270447936169592,0,0,0,0,0,0,0,0.26734384894371,0,0.348917317144802,0,0,0,0,0,0,0,0,0,0.223124247530232,0.266615509986877,0.276003609100978,0,0.282716572284698,0,0.28667026758194,0,0.231052588958007,0,0.309381425380707,0,0.342232934199274,0,0,0,0.354622275185311,0.299547275900841,0.304299674928188,0,0,0,0,0,0,0,0,0,0.169604271650314,0,0,0,0,0.378853753097495,0,0,0,0,0,0.331420625510969,0,0.46620133036459,0,0.406475744404636,0,0.266641825437546,0,0.288852163723537,0,0.279901469126344,0,0.274849720299244,0.28357752263546,0.317793518304825,0.413023372938064,0,0.366613211540075
0,0.204340398311615,0,0,0,0,0,0,0,0,0,0.283407737140311,0,0,0,0,0.367284953594208,0,0.330140069127083,0.395447493482187,0,0,0,0,0,0,0,0.231019777747301,0,0.259681329913232,0,0.3150801637343,0,0.319911670871079,0,0.308589099058464,0,0.345146749168634,0,0.316908824702968,0,0.400868397926082,0.247163623571396,0,0,0.409281472295834,0,0.325082408388456,0,0.385607519083553,0,0,0,0,0,0,0,0,0,0.295264871074603,0,0,0.387679822473799,0,0,0,0,0,0,0,0.48064060151577,0,0.352455871209582,0,0.301215246319771,0,0.325624815442345,0,0.323977055197412,0,0.298364920832437,0,0.295594732980339,0.358113199472427,0.389710461145632,0.488149430425394,0
0,0,0,0,0,0,0,0,0,0,0.232993269508535,0,0.106134596679892,0,0.107369820658977,0,0,0,0,0,0,0,0,0,0,0,0,0,0,0,0,0,0,0,0,0,0,0,0,0,0,0,0,0,0,0,0,0,0,0,0,0,0,0,0,0,0.169604271650314,0,0,0,0,0,0,0,0,0,0,0,0,0,0,0,0,0,0,0,0,0,0,0,0,0,0.113817850748698,0,0,0,0
0,0,0,0,0,0,0,0,0,0,0,0.218939319252968,0,0.209594975225627,0,0,0,0,0,0,0,0,0,0,0,0,0,0,0,0,0,0,0,0,0,0,0,0,0,0,0,0,0,0,0,0,0,0,0,0,0,0,0,0,0,0,0,0.295264871074603,0,0,0,0,0,0,0,0,0,0,0,0,0.136784526519477,0,0,0,0,0,0,0,0,0,0,0,0,0,0,0,0
0.216965738084258,0.198517695069313,0.161398810999734,0.197414144873619,0,0,0,0,0.190928949312453,0.191455334424973,0,0,0.141619820561674,0,0.171618064015248,0,0.169775635728556,0.157899742325147,0.197748531897863,0,0,0,0,0,0,0,0.257237315177917,0,0,0,0,0,0,0,0,0,0,0,0,0,0,0,0,0,0,0,0,0,0,0,0,0,0,0,0.20110798903874,0,0,0,0,0,0,0,0,0,0,0,0,0,0,0.272085138455485,0,0,0,0,0,0,0,0,0,0,0,0,0.170090828669876,0.174710680450593,0.257345037534833,0,0
0,0.222647904333743,0.199212357401848,0.253876899927855,0,0,0,0,0.17086161673069,0.197265751346161,0,0,0,0.203293379706641,0,0.20124484838379,0,0.195879263113707,0.228299744427204,0,0,0,0,0,0,0.262960389256477,0,0,0,0,0,0,0,0,0,0.35189014673233,0,0,0,0,0,0,0,0,0,0,0,0,0,0.217696979641914,0,0,0,0,0,0.193504830653017,0,0,0,0,0,0,0,0,0,0,0,0,0.219603341828276,0,0,0,0,0,0,0,0,0,0,0,0,0,0.216295177766048,0.194078409617924,0.24149996538957,0,0
0,0,0,0.217826507985592,0,0,0,0,0,0,0,0.322070481225769,0,0,0,0,0,0,0.2639140188694,0.320091704256924,0,0,0,0,0,0,0,0,0,0.262873987356822,0,0.262648165225983,0,0.304761354860507,0,0.239614873713775,0,0.293793781051756,0,0.260467845637624,0,0.366848868969219,0.306040704250336,0.383600175380707,0,0.321873909211514,0,0.355507217887519,0,0.388726478344516,0,0,0,0,0,0,0,0.387679822473799,0,0,0,0,0,0,0,0,0,0,0,0,0.446712583131184,0,0.390528582703095,0,0.251952420387949,0,0.332585268343488,0,0.246834425537063,0,0.296502719388196,0,0.329949531911148,0.307282269001007,0.310612431607025,0.358096193522215,0
0.250718951225281,0,0.213117948107127,0,0,0,0,0,0,0,0.250280714470201,0,0,0,0,0,0,0,0.281340770423412,0,0.296503061287925,0,0,0,0,0,0,0,0,0,0,0,0.249361409081353,0,0.244716391898692,0,0.244667209950941,0,0.306368212646513,0,0.317212521033699,0,0.371049721453306,0,0,0,0.270060666013642,0.346449055885141,0.311804731893871,0,0,0,0,0,0,0,0.378853753097495,0,0,0,0,0,0,0,0,0,0,0,0,0,0,0.466065317392349,0,0.3830450502038,0,0.225574605166912,0,0.264201795771008,0,0.257979947117424,0,0.3357902571246,0.31946851975388,0,0.300830129436353,0,0.363534270689405
0,0,0,0,0,0,0,0,0,0,0,0,0,0,0,0,0,0.185952655332429,0,0,0,0.252809781675195,0,0.248545099589331,0,0.33472583094817,0,0.277108815678379,0,0,0,0,0,0,0,0,0,0.258186515941626,0,0,0,0,0,0,0,0,0,0,0,0.250686989816493,0,0,0,0,0,0,0,0,0,0,0,0,0,0,0,0,0.366550380984942,0,0.300139989154261,0,0.27583318112985,0,0,0,0,0,0,0,0,0,0.284374623894691,0,0.201994122821709,0.169206837973287,0,0,0
0,0,0,0,0,0,0,0,0,0,0,0,0,0,0,0,0.207511261105537,0,0,0,0,0,0.257073255437196,0,0.3992074729059,0,0.247034549254637,0,0.288115044434865,0,0,0,0,0,0,0,0,0,0.403457580900647,0,0,0,0,0,0,0,0,0,0.200711111072451,0,0,0,0,0,0,0,0,0,0,0,0,0,0,0,0,0,0,0.369657962457508,0,0.246571189852861,0,0.263579372291257,0,0,0,0,0,0,0,0,0,0.365730367734884,0.315638543900491,0,0,0,0
0,0.201356849500111,0,0,0,0,0,0,0,0.304157786210131,0,0,0,0,0,0,0,0,0,0,0,0.173505771372999,0,0.294784840710742,0,0.455919869994932,0,0,0,0,0,0,0,0,0,0,0,0.284952967024098,0,0,0,0.266733036429872,0,0,0,0,0,0,0,0.352319839361467,0,0,0,0,0,0.28423160975799,0,0,0,0,0,0,0,0,0.366550380984942,0,0,0,0.414155621141037,0,0.386390596628189,0,0,0,0,0,0,0,0,0,0.361550872592389,0,0.232871973325336,0,0.320883913955429,0.256105647589031,0
0.19928839802742,0,0,0,0,0,0,0,0.263582027161498,0,0,0,0,0,0,0,0,0,0,0,0,0,0.326140321728911,0,0.273502921022169,0,0.231570949777961,0,0,0,0,0,0,0,0,0,0,0,0.322360442311696,0,0,0,0.270717813883509,0,0,0,0,0,0,0,0,0,0,0,0.300819358516198,0,0,0,0,0,0,0,0,0,0,0.369657962457508,0,0,0,0.226458740505305,0,0,0,0,0,0,0,0,0,0,0,0.357767144097992,0.323987216038524,0,0.228716656245211,0,0.250199864928921
0,0,0,0,0,0,0,0,0,0.242227616054671,0,0,0,0.184127077460289,0,0.206967222193877,0,0.22445891031595,0,0,0,0.286824671331272,0,0.282865585446758,0,0.309260560812442,0,0.278456053685868,0,0,0,0,0,0,0,0,0,0.375481367958429,0,0,0,0.2761646029022,0,0,0,0,0,0,0,0.383596470668202,0,0,0,0,0,0.245349060211863,0,0,0,0,0,0.219603341828276,0,0,0.300139989154261,0,0.414155621141037,0,0,0,0.360712668401781,0,0,0,0,0,0,0,0,0,0.364535076290737,0,0.26821626437037,0,0.324378374218941,0.247602313756943,0
0.243172518833719,0,0.215550407767296,0,0,0,0,0,0.226396544774373,0,0,0,0,0,0.14523521065712,0,0.167192779895332,0.140926614403725,0.169570602476597,0,0,0,0.26706592474665,0,0.267805253807218,0,0.284019729416019,0,0.236524947815471,0,0,0,0,0,0,0,0,0,0,0,0,0,0,0,0,0,0,0,0,0,0,0,0,0,0.219953089642028,0,0.331420625510969,0,0,0,0.272085138455485,0,0,0,0,0.246571189852861,0,0.226458740505305,0,0,0,0.319121495072096,0,0.458566444615523,0,0,0,0,0,0,0,0,0.193168058991432,0,0.275504836745751,0,0
0,0,0,0,0,0,0,0,0,0,0,0.406061583757401,0,0.128606915473938,0,0,0,0,0.379621934890747,0.424041613370557,0,0.247967127777502,0,0.334898203611374,0,0.315039403244572,0,0.268574818358344,0,0.284758767657441,0,0.343745395541191,0,0.368261456489563,0,0.347213046891349,0,0.264685723644037,0,0.362123896678289,0,0.439021068950032,0.424670577049255,0,0,0.445346736245685,0,0.349586521585782,0,0.391200684771246,0,0,0,0,0,0,0,0.48064060151577,0,0.136784526519477,0,0,0.446712583131184,0,0.27583318112985,0,0.386390596628189,0,0.360712668401781,0,0,0,0.464533965131402,0,0.338313783208529,0,0.350954681634903,0,0.356155841815762,0,0.250338092446327,0,0.280384504701942,0,0.47493870384418,0.502443194389343,0
0,0,0,0,0,0,0,0,0,0,0,0,0,0,0,0,0,0,0,0,0,0,0.279074982073628,0,0,0,0.275803852412436,0,0.264043089457581,0,0,0,0,0,0,0,0,0,0.269707010571773,0,0,0,0.343098804354668,0,0,0,0.39482170343399,0,0.418948720791145,0,0,0,0,0,0,0,0.46620133036459,0,0,0,0,0,0,0.466065317392349,0,0.263579372291257,0,0,0,0.319121495072096,0,0,0,0.459507811230918,0,0,0,0,0,0,0,0.268175780773163,0.25069198012352,0,0.365022293884646,0,0.411742091178894
0,0,0,0,0,0,0,0,0,0,0,0.273204351149833,0,0,0,0,0,0,0.364448912240363,0.350734018288697,0,0,0,0,0,0,0,0,0,0.206219722121097,0,0.32512636253467,0,0.327012441040557,0,0.322164840435469,0,0.30242056862728,0,0.333893954753876,0,0.4202912323569,0.34491503238678,0.413358710706234,0.395402610301971,0.427314175870912,0,0.334014445543289,0,0.39425348627801,0,0,0,0,0,0,0,0.352455871209582,0,0,0,0,0.390528582703095,0,0,0,0,0,0,0,0.464533965131402,0,0,0,0.31032580775874,0,0.338641513038326,0,0.331437263815176,0,0.299006429391744,0,0.33376468853517,0.353125020861626,0.479759063091009,0.479259157226286,0
0,0,0,0,0,0,0,0,0,0,0.229392452275052,0,0,0,0,0,0,0,0.326744221150875,0,0.316092103677498,0,0,0,0,0,0,0,0,0,0.228742007178321,0,0,0,0.293781399726868,0,0.29064801122461,0,0.297767378962957,0,0.293153136968613,0,0.427102322379748,0,0,0,0.338753317231717,0.32081063836813,0.432190850160076,0,0,0,0,0,0,0,0.406475744404636,0,0,0,0,0,0,0.3830450502038,0,0,0,0,0,0.458566444615523,0,0.459507811230918,0,0,0,0,0,0.308650280038516,0,0.274815021660821,0,0.331496701617705,0.336328983306885,0,0.522960171929135,0,0.486737410588698
0,0,0,0,0,0,0,0,0,0,0,0,0,0,0,0,0,0,0,0.203632965683937,0,0,0,0,0,0,0,0,0,0,0,0.231960432199032,0.348166626047444,0.282351512252615,0.370738849043846,0.30307872728868,0,0.293547560771306,0,0.245536273285266,0,0.268594311816352,0,0,0,0.263345297425985,0,0.231774410957264,0,0.257049801310307,0,0,0,0,0,0,0,0.301215246319771,0,0,0,0,0.251952420387949,0,0,0,0,0,0,0,0.338313783208529,0,0.31032580775874,0,0,0,0.26972798499272,0,0.223189131695439,0,0.296977398487238,0,0.265438240495595,0,0.276832166573276,0.338487029075623,0
0,0,0,0,0,0,0,0,0,0,0,0,0,0,0,0,0,0,0.228947013616562,0,0.249010480940342,0,0,0,0,0,0,0,0,0,0,0,0.21203348610331,0,0.239880129694939,0,0.24079903960228,0,0.271570265293121,0,0.256020668802379,0,0.230992594155772,0,0,0,0.23101849958562,0.214531473286165,0.211021227017045,0,0,0,0,0,0,0,0.266641825437546,0,0,0,0,0,0,0.225574605166912,0,0,0,0,0,0,0,0,0,0,0,0,0,0.237728571762209,0,0.190402158260345,0,0.292007550597191,0.219527799222204,0.218992538750172,0.219840572288867,0,0
