0,0,0.154220636308628,0,0,0,0,0,0.145134676354272,0,0,0,0,0,0,0,0.300024956464767,0,0.302127431146801,0,0,0,0,0,0,0,0,0,0,0,0,0,0,0,0,0,0,0,0,0,0.43433541059494,0,0.389945017832976,0,0,0,0.355160385370255,0,0.190685907567415,0,0,0,0,0,0.165425343523102,0,0,0,0,0,0.251544670446923,0,0,0,0,0,0,0,0,0,0,0,0,0,0,0,0,0,0,0,0,0,0.316963293089354,0,0.304362702012902,0,0.348722416779091
0,0,0,0.139404972394307,0,0,0,0,0,0.17537221327424,0,0,0,0,0,0.19590507140931,0.363249063491821,0.34743857383728,0.353704928529674,0,0,0,0,0,0,0,0,0,0,0,0,0,0,0,0,0.444561868906021,0.352857321500778,0,0,0.438377737998962,0.303542057673136,0.384658410367758,0,0,0,0.477876560500831,0,0,0,0.187134477568312,0,0,0,0,0,0.163945222273469,0,0.370769143104553,0,0,0,0.2070040001319,0.4645398516404,0,0,0,0,0,0,0,0,0,0.40592110529542,0,0,0,0,0,0.459272527824277,0.44028702378273,0.429604701697826,0,0.297366000781549,0,0.327557196861572,0.390874415636063,0
0.154220636308628,0,0,0,0.221204705701934,0,0,0,0.172022697600451,0,0,0,0,0,0,0,0.31160095334053,0,0.326281860470772,0,0,0,0.322174489498138,0,0,0,0,0,0,0,0,0,0,0,0,0.299543440341949,0.282098640377323,0,0.262520998716354,0,0.322220433325995,0.308124641577403,0.324475550781126,0,0,0,0.343863341738196,0.276235342025757,0.217903500747296,0.320490688085556,0.312014728784561,0,0,0,0.182954348488287,0,0.335157889872789,0,0.340463306432889,0,0.272312334793455,0,0,0.279772877693176,0,0.334999084472656,0,0,0,0,0,0.324479300528765,0,0.349960567429662,0,0,0,0,0,0.291139992902864,0,0.359812284338063,0.283192996668001,0.277698828483657,0.332617098848426,0,0.333480790257454
0,0.139404972394307,0,0,0,0.158968446510179,0,0,0,0.176406336561689,0,0,0,0,0,0,0,0.3270123898983,0.272486433386803,0.300818109512329,0,0,0,0,0,0,0,0,0,0.307947446902593,0,0,0,0,0,0.247930353077558,0,0.345843106508255,0,0.288655169308186,0,0.320674617754089,0,0,0,0.28395842730999,0,0,0,0.186090682139281,0,0,0,0,0,0.194629660540527,0,0.275325144739712,0,0.24496349540292,0,0.208120129123712,0.319698260663307,0,0,0,0,0,0,0,0.334654942154884,0,0.347500042242258,0,0,0,0,0,0.306761575432924,0,0.365715246647596,0,0.311643367272909,0.38218178468592,0.292085135770127,0.3204331189394,0
0,0,0.221204705701934,0,0,0,0.193523177634115,0,0.262609694263723,0,0,0,0,0,0.288441559793998,0,0,0,0,0,0.177870328227679,0,0,0,0,0,0,0,0,0,0,0,0,0,0,0,0.238534019216076,0,0,0,0,0,0.276208981871605,0,0,0,0,0,0.262798503041267,0,0.265657833417007,0,0.17838273689432,0,0.242898856218045,0,0,0,0,0,0.294241212308407,0,0,0.193877971486041,0,0,0,0,0,0,0,0,0,0,0,0,0,0,0,0.239701434969902,0,0.315686136484146,0.222474795624391,0.21045635920018,0.259105079539932,0,0
0,0,0,0.158968446510179,0,0,0,0,0,0.185891994833946,0,0,0,0,0,0.217523053785165,0,0,0,0.207972519099712,0,0,0,0,0,0,0,0,0,0,0,0,0,0,0,0.236860267817974,0,0,0,0,0,0.252546161413193,0,0,0,0.228552889078856,0,0,0,0,0,0.457953893649044,0,0.201565481722355,0,0,0,0.22893974930048,0,0.16729074716568,0,0.268122543891271,0.227798990905285,0,0,0,0,0,0,0,0,0,0,0,0,0,0,0,0.298612087965012,0,0.296729326248169,0,0.264378051672663,0,0.209353100508451,0,0
0,0,0,0,0.193523177634115,0,0,0,0,0,0.148566087086995,0,0.22644280269742,0,0,0,0,0,0,0,0,0,0,0,0,0,0,0,0,0,0,0,0,0,0,0,0,0,0,0,0,0,0,0,0,0,0,0,0,0,0.176834302192385,0,0.178184792399406,0,0,0,0.151723431423306,0,0.228545132279396,0,0,0,0,0,0,0,0,0,0,0,0,0,0,0,0,0,0,0,0,0,0,0,0.22785619944334,0,0,0,0
0,0,0,0,0,0,0,0,0,0,0,0,0,0.234174873654534,0,0,0,0,0,0,0,0,0,0,0,0,0,0,0,0,0,0,0,0,0,0,0,0,0,0,0,0,0,0,0,0,0,0,0,0,0,0,0,0.295625662519818,0,0,0,0,0,0.216295212507248,0,0,0,0,0,0,0,0,0,0,0,0,0,0,0,0,0,0,0,0,0,0,0.264564865957136,0,0,0,0
0.145134676354272,0,0.172022697600451,0,0.262609694263723,0,0,0,0,0,0,0,0,0,0.252874608006742,0,0.171289637684822,0.193208679556847,0,0,0,0,0.303336709737778,0,0.148658603429794,0,0.139099404215813,0,0,0,0,0,0,0,0,0,0.268992064254625,0,0.191441466410955,0,0.25920432806015,0,0.243170327373913,0,0,0,0.261861890554428,0.336876839399338,0.224622414580413,0,0.279727747982687,0,0,0,0.248903675482016,0,0,0,0,0,0.236901490525766,0,0,0.24365608394146,0,0,0,0.254813190072011,0,0.16163444519043,0,0,0,0.284790813922882,0,0,0,0,0,0.317409545183182,0,0.224174217266195,0.232131898628814,0.211120746545977,0.242701985246065,0,0.211816374212503
0,0.17537221327424,0,0.176406336561689,0,0.185891994833946,0,0,0,0,0,0,0,0,0,0.216066121926595,0,0.209901176393032,0,0,0,0,0,0.297431513667107,0,0,0,0,0,0,0,0,0,0,0,0.216055200994015,0,0.207492860034108,0,0,0,0.183058992649118,0,0,0,0.232906222343445,0,0,0,0.197683840990067,0,0,0,0,0,0.304770232078601,0,0.309098253647486,0,0,0,0.174074091658687,0.265133447945118,0,0,0,0.329763253432948,0,0,0,0,0,0.295317063728968,0,0,0,0,0,0.242442067712545,0,0.303976893424988,0,0.193344069150638,0.206789165735245,0.187499873223715,0.159375444054604,0
0,0,0,0,0,0,0.148566087086995,0,0,0,0,0,0,0,0,0,0,0,0,0,0.135269313174136,0,0,0,0,0,0,0,0,0,0.272852063179016,0,0,0,0,0,0.112894812443604,0,0.147423507548965,0,0,0,0,0,0,0,0,0,0,0,0,0,0.200081294545761,0,0,0,0.199636272152475,0,0,0,0,0,0,0.186421796679497,0,0,0,0,0,0,0,0,0,0.293639772404463,0,0,0,0,0,0,0,0.241148231551051,0.115518738425547,0,0.218546912819147,0,0
0,0,0,0,0,0,0,0,0,0,0,0,0,0.243890369310975,0,0,0,0,0.378525584936142,0.139662635860158,0,0,0,0,0,0,0,0,0,0.253037221729755,0,0,0,0,0,0.141747352751819,0,0.178715907583374,0,0,0,0.381625026464462,0,0,0,0.265832748264074,0,0,0,0.303370326757431,0,0.173692528158426,0,0,0,0,0,0.239394635081291,0,0.234291748780953,0,0,0.222437215790357,0,0,0,0,0,0,0,0.236824532349904,0,0.275691442191601,0,0,0,0,0,0.267611879855394,0,0.261737949662394,0,0.145221745426005,0,0.347491831580798,0,0
0,0,0,0,0,0,0.22644280269742,0,0,0,0,0,0,0,0.260038703044013,0,0,0,0,0,0,0,0,0,0,0,0,0,0.201427203416824,0,0,0,0,0,0,0,0,0,0,0,0,0,0,0,0,0,0,0,0,0,0,0,0,0,0,0,0.186460968255997,0,0.2378921212852,0,0.263767909147952,0,0,0,0,0,0,0,0,0,0,0.214995473623276,0,0,0,0,0,0,0,0,0,0,0.223294364288449,0.181302666664124,0,0,0
0,0,0,0,0,0,0,0.234174873654534,0,0,0,0.243890369310975,0,0,0,0.136617896386555,0,0,0,0,0,0,0,0,0,0,0,0.258589523392064,0,0,0,0,0,0,0,0,0,0,0,0,0,0,0,0,0,0,0,0,0,0,0,0,0,0,0,0,0,0.226448583331975,0,0.235958095131025,0,0,0,0,0,0,0,0,0.291401109293751,0,0.268691992169028,0,0,0,0,0,0,0,0,0,0,0,0.251396486801761,0.23474113047123,0,0,0
0,0,0,0,0.288441559793998,0,0,0,0.252874608006742,0,0,0,0.260038703044013,0,0,0,0,0,0,0,0,0,0,0,0.190044140815735,0,0.193080589175224,0,0.157420921325684,0,0,0,0,0,0,0,0,0,0,0,0,0,0,0,0,0,0,0,0.28718832560948,0,0.324352478697186,0,0,0,0.16883180141449,0,0,0,0.265776231100685,0,0.241278756232489,0,0,0,0,0,0,0.225328400731087,0,0.200489660555666,0,0.239224553108215,0,0,0,0,0,0,0,0,0,0,0.246313377131794,0.164163900501776,0,0,0
0,0.19590507140931,0,0,0,0.217523053785165,0,0,0,0.216066121926595,0,0,0,0.136617896386555,0,0,0,0.181042537093163,0,0,0,0,0,0,0,0,0,0,0,0,0,0,0,0,0,0,0,0,0,0,0,0,0,0,0,0,0,0,0,0.190065851265734,0,0.27435020560568,0,0,0,0.191987434402108,0,0,0,0.21709413998792,0,0.255210894089873,0,0,0,0,0,0,0.261734227339427,0,0,0,0,0,0,0,0,0,0,0,0,0,0.201193639302048,0,0,0,0
0.300024956464767,0.363249063491821,0.31160095334053,0,0,0,0,0,0.171289637684822,0,0,0,0,0,0,0,0,0.201056790655595,0.309859916267503,0.287418574094772,0,0.210266247391701,0.171774473905447,0,0,0.37872251868248,0.152252143796752,0,0.13827957212925,0,0,0,0,0,0,0.340968093276024,0.387866939604282,0,0,0.300465333461761,0.369443410386642,0.302330818027258,0.329146396904048,0,0,0.338166854530573,0.356457742172129,0,0.303089946508408,0.304996307939291,0,0,0,0,0,0,0,0,0,0,0,0,0.371303864245145,0.34090723162112,0.18695380538702,0.121292471003376,0,0,0.194966726005077,0.180769309401512,0,0,0.346523463726044,0.369526791572571,0,0,0,0,0.370534601476457,0.372707519324845,0.338065731525421,0.393438610058386,0.222409522513407,0.170632780423049,0.37432883683528,0.295344450644084,0.316685559309047
0,0.34743857383728,0,0.3270123898983,0,0,0,0,0.193208679556847,0.209901176393032,0,0,0,0,0,0.181042537093163,0.201056790655595,0,0.318574757530474,0.373894736170769,0,0.13251088125205,0.205821931362152,0.20312862470746,0,0.166616500226351,0,0.188313141465187,0,0,0,0,0,0,0,0.332807021296543,0.342289576927821,0,0,0.284366324543953,0.368873758852937,0.294338114638078,0.324013028341004,0,0,0.329846211994181,0.344919377849216,0,0.324886336922646,0.335480034351349,0,0,0,0,0,0,0,0,0,0,0,0,0.350047731715621,0.337583706929133,0.176450153191884,0,0,0,0.174020524852532,0,0,0,0.340764976210064,0.321237593889236,0,0,0,0,0.334530816292663,0.367458179593086,0.344281286001205,0.374714314937592,0.247104065686135,0.180119167527427,0.350521074810831,0.307932482432511,0.320554062724113
0.302127431146801,0.353704928529674,0.326281860470772,0.272486433386803,0,0,0,0,0,0,0,0.378525584936142,0,0,0,0,0.309859916267503,0.318574757530474,0,0.374907909555638,0,0.27220918238163,0.337930470705032,0,0,0.308714181184769,0,0,0,0.428205221891403,0,0,0,0,0,0.344216768655396,0.393051703521355,0.360679508551307,0,0.278428008963524,0.39371824969751,0.247190593610234,0.319544168358784,0.375355059450323,0.268531878789266,0.358612472034729,0.400135426022482,0.361444979906082,0.348546679649088,0.274600536415451,0,0,0,0,0,0,0,0.345754479820078,0,0,0,0,0.384734821568282,0.353833160916781,0.25898202881217,0,0,0,0.297550333870782,0,0,0.3465356528759,0.35991983908288,0.423798487945036,0,0,0,0,0.353393582498542,0.404250620415224,0.341210483448334,0.453278844214075,0.270105920352167,0.265702188891523,0.394666450055448,0.263593316665286,0.297173593180221
0,0,0,0.300818109512329,0,0.207972519099712,0,0,0,0,0,0.139662635860158,0,0,0,0,0.287418574094772,0.373894736170769,0.374907909555638,0,0,0,0,0,0,0,0,0,0,0.221118569374084,0,0,0,0,0,0.22943917269314,0,0.225318412416849,0,0.240507915616035,0,0.354014724493027,0.356322824954987,0,0,0.302816114673725,0,0,0,0.327340563138326,0,0.181737718482812,0,0,0,0.274550596872966,0,0.199897240688826,0,0,0,0,0.289429346404838,0,0,0,0,0,0,0,0,0,0.252730041742325,0,0,0,0,0,0.278788902331911,0,0.247557533972235,0,0.256432966415927,0.359647423028946,0.352169416951282,0.410723894834518,0
0,0,0,0,0.177870328227679,0,0,0,0,0,0.135269313174136,0,0,0,0,0,0,0,0,0,0,0,0,0,0,0,0,0,0,0,0,0,0,0,0,0,0.238592319163821,0,0.19591550603509,0,0,0,0,0,0,0,0.254892893135548,0,0,0,0.194056587293744,0,0,0,0,0,0.196153149008751,0,0,0,0,0,0,0.20982433444731,0,0,0,0,0,0,0,0.329154789447784,0,0.281055279076099,0,0,0,0,0,0.256271410013101,0,0.27170925339063,0.238539195697726,0,0.267020052129572,0,0
0,0,0,0,0,0,0,0,0,0,0,0,0,0,0,0,0.210266247391701,0.13251088125205,0.27220918238163,0,0,0,0.106028049252927,0.190075767536958,0,0.125606689602137,0,0.167360944673419,0,0,0,0,0,0,0,0,0,0.389210793252726,0,0,0,0,0,0,0,0,0,0.580187678337097,0,0.349504771065547,0,0,0,0,0,0,0,0,0,0,0,0,0,0,0.222482311733075,0,0.298861790816862,0,0.272853435948491,0,0.266598637374799,0,0,0,0,0,0,0,0,0,0.277557871912156,0,0.145538588589126,0.171031378902668,0.518972396850586,0,0
0,0,0.322174489498138,0,0,0,0,0,0.303336709737778,0,0,0,0,0,0,0,0.171774473905447,0.205821931362152,0.337930470705032,0,0,0.106028049252927,0,0,0.235519920786222,0,0.127535142965855,0,0.294557457479338,0,0,0,0,0,0,0,0.338137835264206,0,0.255298069135729,0,0.314240962266922,0,0.359614558517933,0,0,0,0.339665040373802,0,0.278665690316873,0,0,0,0,0,0,0,0.323296298583349,0,0,0,0,0,0,0.343805217080646,0.130378842353821,0.212811133338737,0,0.277924400449979,0,0.333221945798758,0,0.302122835978671,0,0.325022795796394,0,0,0,0,0,0.319264084100723,0,0.254850975965542,0.150726161257859,0.199094976891171,0.338707445396317,0,0
0,0,0,0,0,0,0,0,0,0.297431513667107,0,0,0,0,0,0,0,0.20312862470746,0,0,0,0.190075767536958,0,0,0,0,0,0,0,0,0,0,0,0,0,0,0,0.232935283060481,0,0,0,0.207064738640418,0,0,0,0,0,0,0,0.303654513188771,0,0,0,0,0,0,0,0,0,0,0,0,0,0,0.190742727459931,0,0.247671558922549,0,0.202744777229699,0,0.263913214206696,0,0,0,0,0,0,0,0,0,0.274325090785359,0,0.195849526259634,0,0.166976411511579,0.239996314048767,0
0,0,0,0,0,0,0,0,0.148658603429794,0,0,0,0,0,0.190044140815735,0,0,0,0,0,0,0,0.235519920786222,0,0,0,0.160360920078614,0,0,0,0,0,0,0,0,0,0,0,0.230341633896769,0,0,0,0,0,0,0,0,0,0,0,0,0,0,0,0.175231996178627,0,0,0,0,0,0.193399533629417,0,0,0,0,0.266688373455635,0,0.236240410334996,0,0.216948413994254,0,0,0,0,0,0,0,0,0,0,0,0.243958247991219,0.132323399186134,0,0.191036788613669,0,0
0,0,0,0,0,0,0,0,0,0,0,0,0,0,0,0,0.37872251868248,0.166616500226351,0.308714181184769,0,0,0.125606689602137,0,0,0,0,0,0,0,0,0,0,0,0,0,0,0,0,0,0,0,0,0,0,0,0,0,0,0,0,0,0,0,0,0,0,0,0,0,0,0,0,0,0,0,0,0,0,0.203856144472957,0,0.264054793332304,0,0,0,0,0,0,0,0,0,0,0,0.176151426136494,0.0951658710837364,0,0,0
0,0,0,0,0,0,0,0,0.139099404215813,0,0,0,0,0,0.193080589175224,0,0.152252143796752,0,0,0,0,0,0.127535142965855,0,0.160360920078614,0,0,0,0.142903096973896,0,0,0,0,0,0,0,0,0,0,0,0,0,0,0,0,0,0,0,0,0,0,0,0,0,0.136717848479748,0,0,0,0,0,0.237294373603968,0,0,0,0,0,0,0.1872778236866,0,0.180797533352594,0,0,0,0,0,0,0,0,0,0,0,0,0.157534770838177,0,0,0,0
0,0,0,0,0,0,0,0,0,0,0,0,0,0.258589523392064,0,0,0,0.188313141465187,0,0,0,0.167360944673419,0,0,0,0,0,0,0,0.135531874497732,0,0,0,0,0,0,0,0,0,0,0,0,0,0,0,0,0,0,0,0,0,0,0,0,0,0,0,0,0,0.281206007798513,0,0,0,0,0.209519637467926,0,0,0,0.27674725651741,0,0.26234240912053,0,0.193921958698946,0,0,0,0,0,0,0,0,0,0.21251380443573,0,0,0,0
0,0,0,0,0,0,0,0,0,0,0,0,0.201427203416824,0,0.157420921325684,0,0.13827957212925,0,0,0,0,0,0.294557457479338,0,0,0,0.142903096973896,0,0,0,0,0,0,0,0,0,0,0,0,0,0,0,0,0,0,0,0,0,0,0,0,0,0,0,0,0,0.318372756242752,0,0.238099520405134,0,0.243631407618523,0,0,0,0,0,0,0,0,0.266075491905212,0,0.224611615405724,0,0.349505871534348,0,0,0,0,0,0,0,0,0,0,0.332382276654243,0,0
0,0,0,0.307947446902593,0,0,0,0,0,0,0,0.253037221729755,0,0,0,0,0,0,0.428205221891403,0.221118569374084,0,0,0,0,0,0,0,0.135531874497732,0,0,0,0,0,0,0,0,0,0.150060251463151,0,0,0,0.36069997719356,0,0,0,0.282841218014558,0,0,0,0,0,0,0,0,0,0,0,0.266524290629462,0,0.251712083816528,0,0,0.27273382867376,0,0,0,0,0,0,0,0.235807802366174,0,0.256351932145071,0,0,0,0,0,0.406361788511276,0,0.202447932093374,0,0.348973030322476,0.342936187982559,0.361736338833968,0,0
0,0,0,0,0,0,0,0,0,0,0.272852063179016,0,0,0,0,0,0,0,0,0,0,0,0,0,0,0,0,0,0,0,0,0,0,0,0,0,0,0,0,0,0,0,0,0,0,0,0,0,0,0,0,0,0,0,0,0,0.197414968140198,0,0,0,0,0,0,0,0,0,0,0,0,0,0,0.2395881531494,0,0.229226034892871,0,0,0,0,0,0.300231575965881,0,0.274398723244667,0,0,0,0,0
0,0,0,0,0,0,0,0,0,0,0,0,0,0,0,0,0,0,0,0,0,0,0,0,0,0,0,0,0,0,0,0,0.139761174718539,0.308578541887201,0,0.189880333971559,0,0,0,0,0,0,0,0,0,0,0,0.291385991983331,0,0.380853354930878,0,0,0,0,0,0,0,0,0,0,0,0,0,0,0,0,0,0,0,0,0,0,0,0,0.223047896663005,0.165228084661067,0.232799848505095,0,0.267653982081775,0,0,0,0.169941463253715,0,0,0,0
0,0,0,0,0,0,0,0,0,0,0,0,0,0,0,0,0,0,0,0,0,0,0,0,0,0,0,0,0,0,0,0.139761174718539,0,0.125285958024589,0.278662008674521,0.361824780702591,0.278341486785539,0,0,0,0,0,0,0,0,0,0,0.360111017924372,0.463717009872198,0,0,0,0,0,0,0,0,0,0,0,0,0,0,0,0,0,0,0,0,0,0,0,0,0,0,0.281400636191896,0,0.261379440173958,0,0.302046458857123,0,0,0.179542928527702,0,0.397265881299973,0,0
0,0,0,0,0,0,0,0,0,0,0,0,0,0,0,0,0,0,0,0,0,0,0,0,0,0,0,0,0,0,0,0.308578541887201,0.125285958024589,0,0.160959266198212,0.131615366622969,0,0.297804235155324,0,0,0,0,0,0,0,0,0,0.317122870066779,0,0.329812582333883,0,0,0,0,0,0,0,0,0,0,0,0,0,0,0,0,0,0,0,0,0,0,0,0,0.252546555877472,0.155772693455219,0.184213308283895,0,0.227085979070873,0,0.313511302379461,0,0.28999385969526,0,0,0,0
0,0,0,0,0,0,0,0,0,0,0,0,0,0,0,0,0,0,0,0,0,0,0,0,0,0,0,0,0,0,0,0,0.278662008674521,0.160959266198212,0,0,0.152048778819277,0,0.301680929627683,0,0,0,0,0,0,0,0,0.289197119810831,0.442390064398448,0.534914791584015,0,0,0,0,0,0,0,0,0,0,0,0,0,0,0,0,0,0,0,0,0,0,0,0,0,0.240507636998975,0.159927614785444,0.256789636512405,0,0.241297764846912,0,0.330075442928959,0.174459666013718,0,0.401009768247604,0,0
0,0.444561868906021,0.299543440341949,0.247930353077558,0,0.236860267817974,0,0,0,0.216055200994015,0,0.141747352751819,0,0,0,0,0.340968093276024,0.332807021296543,0.344216768655396,0.22943917269314,0,0,0,0,0,0,0,0,0,0,0,0.189880333971559,0.361824780702591,0.131615366622969,0,0,0.414491816454156,0.193373521896275,0,0.265307384439641,0.371191124121348,0.313056710905345,0.327814030647278,0.468087156613668,0,0.342581542869729,0.318519126623869,0.496705113878024,0.322399742901325,0.326906461185879,0,0.203478085143226,0,0,0,0.21469687918822,0,0.24161772028758,0,0.263796555203991,0,0.25220774878294,0.282768751101734,0.325988084077835,0.336725771427155,0,0,0,0.278932839632034,0,0,0,0.353033226269942,0,0.193905338252846,0,0.156089925224131,0,0.257430514865526,0.429487021885953,0.256065254366229,0.378511756658554,0.209706383830327,0.188728815472838,0.308837543601533,0.342389465300078,0.335027694702148
0,0.352857321500778,0.282098640377323,0,0.238534019216076,0,0,0,0.268992064254625,0,0.112894812443604,0,0,0,0,0,0.387866939604282,0.342289576927821,0.393051703521355,0,0.238592319163821,0,0.338137835264206,0,0,0,0,0,0,0,0,0,0.278341486785539,0,0.152048778819277,0.414491816454156,0,0,0.244272688624054,0,0.30610372166742,0.289371794462204,0.358907892166272,0,0,0.348556026816368,0.3008869065913,0.414398817922555,0.338040461018682,0,0.243673234500668,0,0,0,0.272862383164465,0,0.199015088379383,0.294257551431656,0.2765853703022,0,0.271238681674004,0,0,0.273786296958117,0,0,0,0,0,0,0,0.32387371857961,0,0.288494153817495,0,0.281621744550816,0,0.27088563425536,0.542582229844161,0.266779461792162,0,0.287549891888462,0.213681952493451,0.179253417876125,0.300273172525239,0,0.387114369206958
0,0,0,0.345843106508255,0,0,0,0,0,0.207492860034108,0,0.178715907583374,0,0,0,0,0,0,0.360679508551307,0.225318412416849,0,0.389210793252726,0,0.232935283060481,0,0,0,0,0,0.150060251463151,0,0,0,0.297804235155324,0,0.193373521896275,0,0,0.132366801202297,0.294518053531647,0,0.341267103819471,0,0,0,0.355258204456833,0,0.678655828300275,0,0.457760658932895,0,0,0,0,0,0,0,0.204330040556842,0,0,0,0,0.30891170157836,0,0.393621534311699,0,0.30686879951881,0,0,0,0.278168499469757,0,0.329093494762977,0,0,0,0.239979194911351,0,0.281488681154894,0,0.272267220834631,0,0.275664828691443,0.243374193708102,0.399005776846951,0.375579506158829,0
0,0,0.262520998716354,0,0,0,0,0,0.191441466410955,0,0.147423507548965,0,0,0,0,0,0,0,0,0,0.19591550603509,0,0.255298069135729,0,0.230341633896769,0,0,0,0,0,0,0,0,0,0.301680929627683,0,0.244272688624054,0.132366801202297,0,0,0,0,0.194288592785597,0,0,0,0.269417267055547,0.456915056416348,0.354960499871752,0,0,0,0,0,0.220216957930948,0,0.186779742439588,0,0,0,0,0,0,0.22828886465789,0,0.314781568857386,0,0.29167558029294,0,0,0,0.330795575590695,0,0.273063202699025,0,0,0,0.16954920558553,0,0.265360200185986,0.129283015926679,0.290847500707452,0.224027094315804,0,0.307500203450521,0,0
0,0.438377737998962,0,0.288655169308186,0,0,0,0,0,0,0,0,0,0,0,0,0.300465333461761,0.284366324543953,0.278428008963524,0.240507915616035,0,0,0,0,0,0,0,0,0,0,0,0,0,0,0,0.265307384439641,0,0.294518053531647,0,0,0.337319612503052,0.27446538956154,0.257096081972122,0.426044672727585,0,0.245536292954865,0,0,0,0.305761016905308,0,0,0,0,0,0,0,0.265333563089371,0,0,0,0,0.319100680805388,0.333053529262543,0,0,0,0,0,0,0.296517868836721,0,0.290891303902581,0,0,0,0,0,0.338602697354629,0,0.255302231854353,0,0.281427933597097,0.309504300355911,0.258455322092242,0.269588498906656,0.350413888692856
0.43433541059494,0.303542057673136,0.322220433325995,0,0,0,0,0,0.25920432806015,0,0,0,0,0,0,0,0.369443410386642,0.368873758852937,0.39371824969751,0,0,0,0.314240962266922,0,0,0,0,0,0,0,0,0,0,0,0,0.371191124121348,0.30610372166742,0,0,0.337319612503052,0,0.316649480660756,0.347249661156619,0,0.385661959648132,0.392709951190387,0.368974208512827,0.247697493433952,0.275117009282112,0,0,0,0,0,0,0,0.301761068900426,0,0,0,0,0,0.413154932359854,0.329845873143301,0,0,0,0,0,0,0,0.331940650939941,0.364369779825211,0.294992822521138,0,0,0,0,0.373785676325069,0.302406416580958,0.385534316301346,0.323960715866819,0.370121684111109,0.341001090904077,0.359655359244998,0.330948033928871,0.383377748841796
0,0.384658410367758,0.308124641577403,0.320674617754089,0,0.252546161413193,0,0,0,0.183058992649118,0,0.381625026464462,0,0,0,0,0.302330818027258,0.294338114638078,0.247190593610234,0.354014724493027,0,0,0,0.207064738640418,0,0,0,0,0,0.36069997719356,0,0,0,0,0,0.313056710905345,0.289371794462204,0.341267103819471,0,0.27446538956154,0.316649480660756,0,0.260586970330964,0.363789349794388,0,0.314855689756394,0.313409274443984,0.354585409164429,0.35197526216507,0.382381572269055,0,0,0,0,0,0.284667566418648,0,0.364086243462689,0,0.376953999201457,0,0.408010476827621,0.346999494794667,0.311112329363823,0,0,0,0,0,0,0.371706470968277,0,0.357113906116209,0.322285354137421,0,0,0,0.392434328794479,0.313827805055435,0.297132316231728,0.325380413478594,0.368087738752365,0.290685975847296,0.322615194785802,0.308588375193023,0.258245224617688,0.279148424665133
0.389945017832976,0,0.324475550781126,0,0.276208981871605,0,0,0,0.243170327373913,0,0,0,0,0,0,0,0.329146396904048,0.324013028341004,0.319544168358784,0.356322824954987,0,0,0.359614558517933,0,0,0,0,0,0,0,0,0,0,0,0,0.327814030647278,0.358907892166272,0,0.194288592785597,0.257096081972122,0.347249661156619,0.260586970330964,0,0,0.230536194518209,0.318200618028641,0.372081390832231,0.35384267363055,0.350595567478692,0,0,0,0,0,0.278289093212648,0,0.355234287679195,0,0,0,0.369944715499878,0,0.360238774464681,0.372023844032444,0,0.341569662094116,0,0,0,0,0,0.363687967034903,0.276400297880173,0.415459049159083,0,0,0,0,0.322646117636136,0.363770745896999,0.345350205898285,0.449051330194754,0.315777966491891,0.322651165418136,0.350364639803348,0.275098264217377,0.345793788184083
0,0,0,0,0,0,0,0,0,0,0,0,0,0,0,0,0,0,0.375355059450323,0,0,0,0,0,0,0,0,0,0,0,0,0,0,0,0,0.468087156613668,0,0,0,0.426044672727585,0,0.363789349794388,0,0,0,0.43147807319959,0,0,0,0,0,0,0,0,0,0,0,0,0,0,0,0,0.540685560968187,0,0,0,0,0,0,0,0,0,0,0,0,0,0,0,0.469618090324932,0,0.562878263848169,0,0.313876152038574,0,0.520864297946294,0,0
0,0,0,0,0,0,0,0,0,0,0,0,0,0,0,0,0,0,0.268531878789266,0,0,0,0,0,0,0,0,0,0,0,0,0,0,0,0,0,0,0,0,0,0.385661959648132,0,0.230536194518209,0,0,0,0.398699223995209,0,0,0,0,0,0,0,0,0,0,0,0,0,0,0,0,0,0,0,0,0,0,0,0,0,0,0,0,0,0,0,0,0.214137524366379,0,0,0.219751647114754,0,0.302464557381777,0,0
0,0.477876560500831,0,0.28395842730999,0,0.228552889078856,0,0,0,0.232906222343445,0,0.265832748264074,0,0,0,0,0.338166854530573,0.329846211994181,0.358612472034729,0.302816114673725,0,0,0,0,0,0,0,0,0,0.282841218014558,0,0,0,0,0,0.342581542869729,0.348556026816368,0.355258204456833,0,0.245536292954865,0.392709951190387,0.314855689756394,0.318200618028641,0.43147807319959,0,0,0.378524581591288,0,0,0.295317796369394,0,0,0,0,0,0.252958257283483,0,0.296251392612855,0,0,0,0.220643863081932,0.30112977554153,0.329007983207703,0,0,0,0,0,0,0.310582184791565,0,0.323124687572953,0,0,0,0,0,0.314136837940963,0.379366645589471,0.426030904342309,0.391186088323593,0.340334479685072,0.302241004310375,0.308016109179255,0.282146134972572,0.305692553520203
0.355160385370255,0,0.343863341738196,0,0,0,0,0,0.261861890554428,0,0,0,0,0,0,0,0.356457742172129,0.344919377849216,0.400135426022482,0,0.254892893135548,0,0.339665040373802,0,0,0,0,0,0,0,0,0,0,0,0,0.318519126623869,0.3008869065913,0,0.269417267055547,0,0.368974208512827,0.313409274443984,0.372081390832231,0,0.398699223995209,0.378524581591288,0,0.26363131403923,0.331609772010283,0.28017720580101,0,0,0,0,0,0,0.296726460086888,0,0,0,0.272088408470154,0,0.330570533871651,0.303299869419771,0,0.34988971054554,0,0,0,0,0,0.324504413034605,0,0.300796121270174,0,0,0,0,0.378552331374242,0.307251572668374,0.371952911218007,0.320332226133905,0.351839235017055,0.296379286795855,0.34993972782244,0.314854780832926,0.369779218326915
0,0,0.276235342025757,0,0,0,0,0,0.336876839399338,0,0,0,0,0,0,0,0,0,0.361444979906082,0,0,0.580187678337097,0,0,0,0,0,0,0,0,0,0.291385991983331,0.360111017924372,0.317122870066779,0.289197119810831,0.496705113878024,0.414398817922555,0.678655828300275,0.456915056416348,0,0.247697493433952,0.354585409164429,0.35384267363055,0,0,0,0.26363131403923,0,0.424723776364496,0.440548062859437,0,0,0,0,0,0,0,0,0,0,0,0,0.435824334621429,0,0.535355736811956,0,0,0,0,0,0.43637153506279,0,0.381697982549667,0,0.360291808749002,0.359223092036328,0.344789590922338,0.360077331307562,0.34260564029356,0.350435311349191,0.523592078958759,0.528232065274993,0.538849999992734,0.385255326827367,0.592182411941568,0,0.375555396080017
0.190685907567415,0,0.217903500747296,0,0.262798503041267,0,0,0,0.224622414580413,0,0,0,0,0,0.28718832560948,0,0.303089946508408,0.324886336922646,0.348546679649088,0,0,0,0.278665690316873,0,0,0,0,0,0,0,0,0,0.463717009872198,0,0.442390064398448,0.322399742901325,0.338040461018682,0,0.354960499871752,0,0.275117009282112,0.35197526216507,0.350595567478692,0,0,0,0.331609772010283,0.424723776364496,0,0.395622253417969,0,0,0,0,0.187794481453143,0,0.305315214763866,0,0.312835845467332,0,0.275852435896563,0,0,0.351672455668449,0,0.311607131470155,0,0.322956711053848,0,0.353495996445417,0,0.351305538551815,0,0.424041484160857,0,0.432379705210527,0,0.3709076052082,0,0.32657486968957,0,0.36399111797717,0.356741135228079,0.307123171431678,0.350528926220125,0,0.39710182413249
0,0.187134477568312,0.320490688085556,0.186090682139281,0,0,0,0,0,0.197683840990067,0,0.303370326757431,0,0,0,0.190065851265734,0.304996307939291,0.335480034351349,0.274600536415451,0.327340563138326,0,0.349504771065547,0,0.303654513188771,0,0,0,0,0,0,0,0.380853354930878,0,0.329812582333883,0.534914791584015,0.326906461185879,0,0.457760658932895,0,0.305761016905308,0,0.382381572269055,0,0,0,0.295317796369394,0.28017720580101,0.440548062859437,0.395622253417969,0,0,0,0,0,0,0.209275265534719,0,0.328652600547479,0,0.299519831935565,0,0.225296807865943,0.354878215461361,0,0.301818381371665,0,0.290467016707511,0,0.290304270737311,0,0.314856712788832,0,0.324254910984347,0,0.329355955123901,0.377751305699348,0.374470655734722,0,0.350449193823845,0,0.350092761164947,0,0.477316071857577,0.329140654925642,0.327410199196307,0.358469343185425,0
0,0,0.312014728784561,0,0.265657833417007,0,0.176834302192385,0,0.279727747982687,0,0,0,0,0,0.324352478697186,0,0,0,0,0,0.194056587293744,0,0,0,0,0,0,0,0,0,0,0,0,0,0,0,0.243673234500668,0,0,0,0,0,0,0,0,0,0,0,0,0,0,0,0.150627187142769,0,0.239914904941212,0,0.197507524555856,0,0,0,0.289106676524336,0,0,0.189785762024777,0,0,0,0,0,0,0,0,0,0,0,0,0,0,0,0.242304719984531,0,0,0,0,0.258882615139432,0,0
0,0,0,0,0,0.457953893649044,0,0,0,0,0,0.173692528158426,0,0,0,0.27435020560568,0,0,0,0.181737718482812,0,0,0,0,0,0,0,0,0,0,0,0,0,0,0,0.203478085143226,0,0,0,0,0,0,0,0,0,0,0,0,0,0,0,0,0,0.242693461477757,0,0,0,0.175347937168656,0,0,0,0.285717959365537,0,0,0,0,0,0,0,0,0,0,0,0,0,0,0,0,0,0,0,0,0.285821708922203,0,0.184123456478119,0,0
0,0,0,0,0.17838273689432,0,0.178184792399406,0,0,0,0.200081294545761,0,0,0,0,0,0,0,0,0,0,0,0,0,0,0,0,0,0,0,0,0,0,0,0,0,0,0,0,0,0,0,0,0,0,0,0,0,0,0,0.150627187142769,0,0,0,0,0,0.205946516020586,0,0,0,0,0,0,0,0,0,0,0,0,0,0,0,0,0,0,0,0,0,0,0,0,0,0,0,0,0,0
0,0,0,0,0,0.201565481722355,0,0.295625662519818,0,0,0,0,0,0,0,0,0,0,0,0,0,0,0,0,0,0,0,0,0,0,0,0,0,0,0,0,0,0,0,0,0,0,0,0,0,0,0,0,0,0,0,0.242693461477757,0,0,0,0,0,0.148898589611053,0,0,0,0,0,0,0,0,0,0,0,0,0,0,0,0,0,0,0,0,0,0,0,0,0.293644537528356,0,0,0,0
0.165425343523102,0,0.182954348488287,0,0.242898856218045,0,0,0,0.248903675482016,0,0,0,0,0,0.16883180141449,0,0,0,0,0,0,0,0,0,0.175231996178627,0,0.136717848479748,0,0,0,0,0,0,0,0,0,0.272862383164465,0,0.220216957930948,0,0,0,0.278289093212648,0,0,0,0,0,0.187794481453143,0,0.239914904941212,0,0,0,0,0,0.339365243911743,0,0,0,0.202524006804999,0,0,0,0,0,0,0.266436322686378,0,0,0,0.292980283498764,0,0.282359838485718,0,0,0,0,0,0,0,0.280037398816961,0.224303570912056,0.218741388483481,0.305248221074502,0,0.254446059465408
0,0.163945222273469,0,0.194629660540527,0,0,0,0,0,0.304770232078601,0,0,0,0,0,0.191987434402108,0,0,0,0.274550596872966,0,0,0,0,0,0,0,0,0,0,0,0,0,0,0,0.21469687918822,0,0,0,0,0,0.284667566418648,0,0,0,0.252958257283483,0,0,0,0.209275265534719,0,0,0,0,0,0,0,0.294147253036499,0,0,0,0.15478923440594,0.247209504246712,0,0,0,0.311804010051823,0,0,0,0,0,0.320302069187164,0,0,0,0,0,0,0,0.331099838018417,0,0.212509456162269,0,0.192028495669365,0,0
0,0,0.335157889872789,0,0,0,0.151723431423306,0,0,0,0.199636272152475,0,0.186460968255997,0,0,0,0,0,0,0,0.196153149008751,0,0.323296298583349,0,0,0,0,0,0.318372756242752,0,0.197414968140198,0,0,0,0,0,0.199015088379383,0,0.186779742439588,0,0.301761068900426,0,0.355234287679195,0,0,0,0.296726460086888,0,0.305315214763866,0,0.197507524555856,0,0.205946516020586,0,0.339365243911743,0,0,0,0.252148441502437,0,0.31144299748398,0,0,0.239038826750337,0,0.321887976593441,0,0.323099758476019,0,0.332150709899989,0,0.294588492570707,0,0.30661011153632,0,0,0,0,0,0.306557398775349,0,0.325524192156091,0.311698398419789,0.377860724925995,0.300557835281327,0,0.390955120325089
0,0.370769143104553,0,0.275325144739712,0,0.22893974930048,0,0,0,0.309098253647486,0,0.239394635081291,0,0.226448583331975,0,0,0,0,0.345754479820078,0.199897240688826,0,0,0,0,0,0,0,0,0,0.266524290629462,0,0,0,0,0,0.24161772028758,0.294257551431656,0.204330040556842,0,0.265333563089371,0,0.364086243462689,0,0,0,0.296251392612855,0,0,0,0.328652600547479,0,0.175347937168656,0,0.148898589611053,0,0.294147253036499,0,0,0,0.315870988449847,0,0.263842802246412,0.303156488581452,0,0,0,0,0,0,0,0.404395669584384,0,0.331817936987588,0,0,0,0,0,0.291881490498781,0,0.270878616772907,0,0.295363135165996,0.324027568101883,0.326461593863856,0.372001072125775,0
0,0,0.340463306432889,0,0,0,0.228545132279396,0,0,0,0,0,0.2378921212852,0,0.265776231100685,0,0,0,0,0,0,0,0,0,0,0,0,0,0.238099520405134,0,0,0,0,0,0,0,0.2765853703022,0,0,0,0,0,0,0,0,0,0,0,0.312835845467332,0,0,0,0,0,0,0,0.252148441502437,0,0,0,0.26768849288834,0,0,0,0,0,0,0.326022177934647,0,0.333493354916573,0,0.274030075618561,0,0,0,0,0,0,0,0,0,0,0.232895085002695,0.281806290149689,0.341308027258552,0,0
0,0,0,0.24496349540292,0,0.16729074716568,0,0.216295212507248,0,0,0,0.234291748780953,0,0.235958095131025,0,0.21709413998792,0,0,0,0,0,0,0,0,0,0,0,0.281206007798513,0,0.251712083816528,0,0,0,0,0,0.263796555203991,0,0,0,0,0,0.376953999201457,0,0,0,0,0,0,0,0.299519831935565,0,0,0,0,0,0,0,0.315870988449847,0,0,0,0.247848067743083,0.32317393747243,0,0,0,0,0,0.301731386104005,0,0.378843466590222,0,0.362686544656754,0,0,0,0,0,0.259737080335617,0,0,0,0.24203541316092,0,0.312248794622319,0,0
0.251544670446923,0,0.272312334793455,0,0.294241212308407,0,0,0,0.236901490525766,0,0,0,0.263767909147952,0,0.241278756232489,0,0,0,0,0,0,0,0,0,0.193399533629417,0,0.237294373603968,0,0.243631407618523,0,0,0,0,0,0,0,0.271238681674004,0,0,0,0,0,0.369944715499878,0,0,0,0.272088408470154,0,0.275852435896563,0,0.289106676524336,0,0,0,0.202524006804999,0,0.31144299748398,0,0.26768849288834,0,0,0,0,0.367699265480042,0,0,0,0.229778504106989,0,0.236333215192183,0,0.276632897555828,0,0,0,0,0,0,0,0,0,0,0.273479028452526,0.233724882205327,0.319994209715016,0,0.349763989448547
0,0.2070040001319,0,0.208120129123712,0,0.268122543891271,0,0,0,0.174074091658687,0,0,0,0,0,0.255210894089873,0,0,0,0,0,0,0,0,0,0,0,0,0,0,0,0,0,0,0,0.25220774878294,0,0,0,0,0,0.408010476827621,0,0,0,0.220643863081932,0,0,0,0.225296807865943,0,0.285717959365537,0,0,0,0.15478923440594,0,0.263842802246412,0,0.247848067743083,0,0,0.252909233172735,0,0,0,0,0,0.260986677714084,0,0.300158911943436,0,0.29272535443306,0,0,0,0,0,0.245393154876573,0,0,0,0.225051619112492,0,0.258301035811504,0,0
0,0.4645398516404,0,0.319698260663307,0,0.227798990905285,0,0,0,0.265133447945118,0,0.222437215790357,0,0,0,0,0.371303864245145,0.350047731715621,0.384734821568282,0.289429346404838,0,0,0,0,0,0,0,0,0,0.27273382867376,0,0,0,0,0,0.282768751101734,0,0.30891170157836,0,0.319100680805388,0.413154932359854,0.346999494794667,0.360238774464681,0.540685560968187,0,0.30112977554153,0.330570533871651,0.435824334621429,0,0.354878215461361,0,0,0,0,0,0.247209504246712,0,0.303156488581452,0,0.32317393747243,0,0.252909233172735,0,0.366111129522324,0,0,0,0,0,0,0.370079653878366,0,0.317615800008358,0,0,0,0,0,0.308474512624219,0.398811702926954,0.391566833228732,0.402843594551086,0.361127516326061,0.333630236419472,0.338696163484962,0.333954486716,0.345786020159721
0,0,0.279772877693176,0,0.193877971486041,0,0,0,0.24365608394146,0,0.186421796679497,0,0,0,0,0,0.34090723162112,0.337583706929133,0.353833160916781,0,0.20982433444731,0,0.343805217080646,0,0,0,0,0,0,0,0,0,0,0,0,0.325988084077835,0.273786296958117,0,0.22828886465789,0.333053529262543,0.329845873143301,0.311112329363823,0.372023844032444,0,0,0.329007983207703,0.303299869419771,0,0.351672455668449,0,0.189785762024777,0,0,0,0,0,0.239038826750337,0,0,0,0.367699265480042,0,0.366111129522324,0,0,0.347538640101751,0,0.338094413280487,0,0,0,0.339470558507102,0,0.303569835865109,0,0,0,0,0.354083734750748,0.310181096305559,0,0.287238695418453,0.265779540511006,0.278619654476643,0.318841790301694,0.264314502477646,0.328617423772812
0,0,0,0,0,0,0,0,0,0,0,0,0,0,0,0,0.18695380538702,0.176450153191884,0.25898202881217,0,0,0.222482311733075,0.130378842353821,0.190742727459931,0,0,0,0.209519637467926,0,0,0,0,0,0,0,0.336725771427155,0,0.393621534311699,0,0,0,0,0,0,0,0,0,0.535355736811956,0,0.301818381371665,0,0,0,0,0,0,0,0,0,0,0,0,0,0,0,0,0.289216972458706,0,0.278669806883523,0,0.306486290456491,0,0,0,0,0,0,0,0,0,0.311902776663073,0,0.167652648104274,0,0.514755621552467,0,0
0,0,0.334999084472656,0,0,0,0,0,0,0,0,0,0,0,0,0,0.121292471003376,0,0,0,0,0,0.212811133338737,0,0.266688373455635,0,0,0,0,0,0,0,0,0,0,0,0,0,0.314781568857386,0,0,0,0.341569662094116,0,0,0,0.34988971054554,0,0.311607131470155,0,0,0,0,0,0,0,0.321887976593441,0,0,0,0,0,0,0.347538640101751,0,0,0,0.282441179234473,0,0.321173837906878,0,0.29045139714038,0,0.309240493923426,0,0,0,0,0,0,0,0.383236660867808,0.136337797135808,0,0.35521971302874,0,0
0,0,0,0,0,0,0,0,0,0.329763253432948,0,0,0,0,0,0,0,0,0,0,0,0.298861790816862,0,0.247671558922549,0,0,0,0,0,0,0,0,0,0,0,0,0,0.30686879951881,0,0,0,0,0,0,0,0,0,0,0,0.290467016707511,0,0,0,0,0,0.311804010051823,0,0,0,0,0,0,0,0,0.289216972458706,0,0,0,0.248610985226336,0,0.28147004544735,0,0,0,0,0,0,0,0,0,0.322884687762691,0,0,0,0.242676756608075,0,0
0,0,0,0,0,0,0,0,0.254813190072011,0,0,0,0,0,0.225328400731087,0,0,0,0,0,0,0,0.277924400449979,0,0.236240410334996,0,0.1872778236866,0,0,0,0,0,0,0,0,0,0,0,0.29167558029294,0,0,0,0,0,0,0,0,0,0.322956711053848,0,0,0,0,0,0.266436322686378,0,0.323099758476019,0,0.326022177934647,0,0.229778504106989,0,0,0.338094413280487,0,0.282441179234473,0,0,0,0.253954328471722,0,0.340963060051445,0,0,0,0,0,0,0,0,0,0.336683474358294,0.136263024565336,0,0.303938850441718,0,0
0,0,0,0,0,0,0,0,0,0,0,0,0,0.291401109293751,0,0.261734227339427,0.194966726005077,0.174020524852532,0.297550333870782,0,0,0.272853435948491,0,0.202744777229699,0,0.203856144472957,0,0.27674725651741,0,0,0,0,0,0,0,0.278932839632034,0,0,0,0,0,0,0,0,0,0,0,0,0,0.290304270737311,0,0,0,0,0,0,0,0,0,0.301731386104005,0,0.260986677714084,0,0,0.278669806883523,0,0.248610985226336,0,0,0,0.359690960512122,0,0,0,0,0,0,0,0,0,0.334279924631119,0,0.225162155926228,0,0,0,0
0,0,0,0,0,0,0,0,0.16163444519043,0,0,0,0,0,0.200489660555666,0,0.180769309401512,0,0,0,0,0,0.333221945798758,0,0.216948413994254,0,0.180797533352594,0,0.266075491905212,0,0,0,0,0,0,0,0,0,0,0,0,0,0,0,0,0,0,0,0.353495996445417,0,0,0,0,0,0,0,0.332150709899989,0,0.333493354916573,0,0.236333215192183,0,0,0,0,0.321173837906878,0,0.253954328471722,0,0,0,0.313925899360158,0,0.359101146459579,0,0,0,0,0,0,0,0,0.156024349197535,0,0.191122547288736,0,0
0,0,0,0.334654942154884,0,0,0,0,0,0,0,0.236824532349904,0,0.268691992169028,0,0,0,0,0,0,0,0.266598637374799,0,0.263913214206696,0,0.264054793332304,0,0.26234240912053,0,0.235807802366174,0,0,0,0,0,0,0,0.278168499469757,0,0.296517868836721,0,0.371706470968277,0,0,0,0.310582184791565,0,0.43637153506279,0,0.314856712788832,0,0,0,0,0,0,0,0.404395669584384,0,0.378843466590222,0,0.300158911943436,0.370079653878366,0,0.306486290456491,0,0.28147004544735,0,0.359690960512122,0,0,0,0.365072578617505,0,0,0,0,0,0.358950167894363,0,0.28607191210754,0,0.372982436418533,0,0.371336360371882,0.390604917492185,0
0,0,0.324479300528765,0,0,0,0,0,0,0,0,0,0.214995473623276,0,0.239224553108215,0,0,0,0.3465356528759,0,0.329154789447784,0,0.302122835978671,0,0,0,0,0,0.224611615405724,0,0.2395881531494,0,0,0,0,0,0.32387371857961,0,0.330795575590695,0,0.331940650939941,0,0.363687967034903,0,0,0,0.324504413034605,0,0.351305538551815,0,0,0,0,0,0.292980283498764,0,0.294588492570707,0,0.274030075618561,0,0.276632897555828,0,0,0.339470558507102,0,0.29045139714038,0,0.340963060051445,0,0.313925899360158,0,0,0,0.276268691816932,0,0,0,0,0,0.329000269257745,0,0.32158280926016,0.371075423558553,0.340534508228302,0.351952124662047,0,0.357765734195709
0,0.40592110529542,0,0.347500042242258,0,0,0,0,0,0.295317063728968,0,0.275691442191601,0,0,0,0,0.346523463726044,0.340764976210064,0.35991983908288,0.252730041742325,0,0,0,0,0,0,0,0.193921958698946,0,0.256351932145071,0,0,0,0,0,0.353033226269942,0,0.329093494762977,0,0.290891303902581,0.364369779825211,0.357113906116209,0.276400297880173,0,0,0.323124687572953,0,0.381697982549667,0,0.324254910984347,0,0,0,0,0,0.320302069187164,0,0.331817936987588,0,0.362686544656754,0,0.29272535443306,0.317615800008358,0,0,0,0,0,0,0,0.365072578617505,0,0,0,0,0,0,0,0.33591363657462,0.332151681184769,0.300323697762406,0,0.397438178137865,0.364726229147478,0.369464176311951,0.402050528329672,0
0,0,0.349960567429662,0,0,0,0,0,0.284790813922882,0,0.293639772404463,0,0,0,0,0,0.369526791572571,0.321237593889236,0.423798487945036,0,0.281055279076099,0,0.325022795796394,0,0,0,0,0,0.349505871534348,0,0.229226034892871,0,0,0,0,0,0.288494153817495,0,0.273063202699025,0,0.294992822521138,0.322285354137421,0.415459049159083,0,0,0,0.300796121270174,0,0.424041484160857,0,0,0,0,0,0.282359838485718,0,0.30661011153632,0,0,0,0,0,0,0.303569835865109,0,0.309240493923426,0,0,0,0.359101146459579,0,0.276268691816932,0,0,0,0,0,0,0.291065812110901,0.304186887197918,0,0.350724240353093,0.404175443238899,0.342589457829793,0.37183535104098,0,0.429354050329753
0,0,0,0,0,0,0,0,0,0,0,0,0,0,0,0,0,0,0,0,0,0,0,0,0,0,0,0,0,0,0,0.223047896663005,0,0.252546555877472,0,0.193905338252846,0,0,0,0,0,0,0,0,0,0,0,0.360291808749002,0,0.329355955123901,0,0,0,0,0,0,0,0,0,0,0,0,0,0,0,0,0,0,0,0,0,0,0,0,0,0,0.26758220318764,0,0.253637628223122,0,0,0,0.141896878289325,0,0,0,0
0,0,0,0,0,0,0,0,0,0,0,0,0,0,0,0,0,0,0,0,0,0,0,0,0,0,0,0,0,0,0,0.165228084661067,0.281400636191896,0.155772693455219,0.240507636998975,0,0.281621744550816,0,0,0,0,0,0,0,0,0,0,0.359223092036328,0.432379705210527,0.377751305699348,0,0,0,0,0,0,0,0,0,0,0,0,0,0,0,0,0,0,0,0,0,0,0,0,0,0,0,0.284272930622101,0,0.296531511856629,0,0,0.189515615728768,0,0,0,0
0,0,0,0,0,0,0,0,0,0,0,0,0,0,0,0,0,0,0,0,0,0,0,0,0,0,0,0,0,0,0,0.232799848505095,0,0.184213308283895,0.159927614785444,0.156089925224131,0,0.239979194911351,0,0,0,0,0,0,0,0,0,0.344789590922338,0,0.374470655734722,0,0,0,0,0,0,0,0,0,0,0,0,0,0,0,0,0,0,0,0,0,0,0,0,0.26758220318764,0,0,0,0.291702020992624,0,0.291328792697389,0,0.166846426751684,0,0,0,0
0,0,0,0,0,0,0,0,0,0,0,0,0,0,0,0,0,0,0,0,0,0,0,0,0,0,0,0,0,0,0,0,0.261379440173958,0,0.256789636512405,0,0.27088563425536,0,0.16954920558553,0,0,0.392434328794479,0,0,0,0,0,0.360077331307562,0.3709076052082,0,0,0,0,0,0,0,0,0,0,0,0,0,0,0,0,0,0,0,0,0,0,0,0,0,0,0.284272930622101,0,0,0,0.314913447367723,0,0.263239322612617,0.381367396314939,0,0.369347363710403,0,0
