0,0,0.0150507108306227,0,4.14694439604853e-05,0,0,0,0.0247000608324862,0,0,0,0.000872922741277317,0,0.0656307902465155,0,0.000111536192223862,2.64506129526158e-05,0.00321010211160806,0,2.80290839182237e-05,0,0,0,0.00975645687816333,0,0.00077868725362641,0,0,0,0,0,0,0,0,0,3.03298864051945e-05,0,0.000430286885873977,8.13694955074679e-06,7.08985502940281e-05,7.88733250956853e-06,0.00858158834019566,0,0.00385410943772653,0,0.010678079260659,1.10567112690557e-05,0.0519397266888712,0,0.00103244473923086,0,0,0,0.0388907743313599,0,0.000398607690579753,0,0.00275511301070881,0,0.0963865668534699,0,0,0.00492774592132594,0,0,0,0.0171281445058668,0,0.0421704169428576,0,0.000340881800932007,0,0.000429446153475694,0,0,0,1.40479084402057e-05,0,0.000171981386468258,0,0.00072207280695024,0.000880239685954522,1.69843659266703e-05,0.00671296321526855,0,3.18525033931099e-05
0,0,0,0.0825273134788468,0,0.00544390228106365,0,0,0,0.0761109059475975,0,7.8185325694629e-05,0,0,0,0.00850659151459623,6.5321039391191e-06,3.55685689634587e-05,0.00587714397024805,0,0,0,0,0.0271764154211138,6.87391897494566e-05,5.90928361088585e-05,0,0,0,0,0,0,0,0,0,0.000128818465715588,0,0.000551572506777597,0,0.0111794486584228,0,0.00829116025830708,1.36642461443454e-05,0,0,0.00372914777487031,1.89802470198149e-05,0,0,0.0710675596241282,0,2.54928993883127e-05,0,0,0,0.102227184412851,0,0.00323657098398203,0,0.00631972391777946,0,0.0367611227116309,0,0,0,0,0.0537293243991189,0,0.00659378851459873,0,0.0134043559942137,0,0.011082224099954,0,0,0,0,0,0.000165455918121917,0,0.000503869520786242,0,0.0016040349382798,2.06975772690054e-06,0.0259503387303578,0.000552778180375924,0
0.0150507108306227,0,0,0,0.000722674930242686,0,0,0,0,0,0,0,0.000694564361217145,0,0.0108290328234628,0,0,0,1.4213802606615e-05,0,0,0,0,0,3.34986275909131e-05,0,0,0,0,0,0,0,0,0,0,0,0,0,0,0,0,0,0.00162064532276488,0,0.000414634553052844,0,0.000190162701758387,0,0.00694582470544585,0,0.0102317182434336,0,0,0,0.0201839718490704,0,0.00124191109202838,0,0.0136165345156861,0,0.0450804016578906,0,0,0,0,0,0,0.000129665756050799,0,0.00028819880882359,0,0,0,0,0,0,0,0,0,0,0,0,0.000112268394025527,1.61262959196676e-05,0.00248993218094153,0,0
0,0.0825273134788468,0,0,0,0.0607611088714972,0,0,0,0.0584260243721354,0,5.61797968657961e-05,0,0,0,0,6.2763638082814e-06,9.4098985866355e-05,0.00185985299916948,0.00180694187865423,0,0,0,0.000264438567575086,0,0,0,0,0,0,0,0,0,0,0,0.000645198699973742,0,0.000139907202592934,0,0.00818954729710839,0,0.0120263358713255,8.82231409741225e-05,0.000750910964247373,4.91715284076273e-05,0.00711499857857675,0.000110051223193231,0,0,0.026089215800363,0,0.058151141482066,0,0,0,0.131720108057415,0,0.00146303306424262,0,0.00378392128461934,0,0.0487679851036303,0.0174333067664382,5.88105363196183e-05,0,0,0.00107529476042423,0,0,0,0.00138108716582886,0,0.00548268988493042,0,0,0,0,0,0.000821668996864594,1.44442227670627e-06,0.0002824791547067,0,0.00124816349644043,1.78232052894963e-06,0.0142572474046586,0.000583715654044019,2.84533468263405e-05
4.14694439604853e-05,0,0.000722674930242686,0,0,0,0.0032477112070059,0,0.0134526583047491,0,0,0,0.00638507720463557,0,0.0139481888089184,0,0,0,0,0,0.000270676812942107,0,0,0,0,0,5.1451596254593e-05,0,0,0,0,0,0,0,0,0,7.66086827258877e-05,0,0,0,0,0,0,0,0,0,0,0,0,0,0.0105379704752713,0,0,0,0.000366767953209892,0,0,0,0.00215689064074388,0,0.0163473250254609,0,0,0,0,0,0,0,0,0,0,0,0,0,0,0,0,0,0,0,0,6.762800789553e-06,0.000394743606219054,0,5.59979794319374e-05,0,0
0,0.00544390228106365,0,0.0607611088714972,0,0,0,0.00424687928429207,0,0.00901607930298697,0,0,0,0,0,0,0,0,2.81603402378678e-05,0.00777023061516858,0,0,0,0,0,0,0,0,0,0,0,0,0,0,0,0.00162534541916988,0,0,0,0.000160930994950899,0,0.00141635964843546,3.9070129402817e-05,0.000138613433979237,0,8.42470690687607e-06,0,0,0,8.85552071678165e-05,0,0.0294170322083162,0,0,0,0.0205473439918107,0,0,0,3.00532976290251e-05,0,0.00485606022582834,0.000266604053830121,0,0,0,0,0,0,0,2.36186045606932e-05,0,0.000132557670891279,0,0,0,0,0,0.000685867816052259,0,1.67697250066333e-05,0,0.00130505870072125,0.00258574978091309,0.00264100437155742,0.000132621675354968,0
0,0,0,0,0.0032477112070059,0,0,0,0,0,0,0,0.00305067519049227,0,0,0,0,0,0,0,0,0,0,0,0,0,0,0,0,0,0,0,0,0,0,0,0,0,0,0,0,0,0,0,0,0,0,0,0,0,0.00165825726034562,0,0.00333323201188876,0,0,0,0,0,0.00578724318403628,0,0,0,0,0,0,0,0,0,0,0,0,0,0,0,0,0,0,0,0,0,0,0,0.000345501399034176,0.00083869577225772,0,0,0
0,0,0,0,0,0.00424687928429207,0,0,0,0,0,0.00111869359683096,0,0,0,0,0,0,0,0,0,0,0,0,0,0,0,0,0,0,0,0,0,0,0,0,0,0,0,0,0,0,0,0,0,0,0,0,0,0,0,0.00198644116960378,0,0.0132841016741155,0,0,0,0.00822367941288703,0,0,0,0,0,0,0,0,0,0,0,0,0,0,0,0,0,0,0,0,0,0,0,0,2.11297564560618e-05,1.06918996607419e-05,0,0,0
0.0247000608324862,0,0,0,0.0134526583047491,0,0,0,0,0,0,0,0,0,0.0218387792059929,0,0.00427776286498409,2.21243724215281e-05,0.000729403757268205,0,0,0,0,0,0.0127884880971952,0,0.00322044159553989,0,0,0,0,0,0,0,2.57033659597952e-05,0,1.24095210028542e-05,2.06246707878604e-06,0.00085588386621275,0.00016419294969721,0.000339135528910757,0,0.00545131381521149,0,0.000331612732898063,0,0.00100489225358118,0.000112548466830081,0.041061448799235,0,0.00819098595719199,0,0,0,0.072276829556673,0,0,0,7.56651586930758e-05,0,0.0031381169976648,0,0,0.000341543658162932,0,0,0,0.00914232760250162,0,0.00868794238883377,0,0,0,0.00181810560665962,0,0,0,9.35128646591919e-05,0,5.32264278105177e-05,0,0.003785084886889,0.001797876964158,5.95487946051418e-06,0.0017552040422692,0,0.000722810598536947
0,0.0761109059475975,0,0.0584260243721354,0,0.00901607930298697,0,0,0,0,0,0,0,0,0,0.0263424063477131,7.33632579202534e-06,0.00192462983177403,6.72717991172187e-05,0,0,0,0,0.033449797918068,0,0.00264100520528124,0,0,0,0,0,0,0,0,0,8.24285697055948e-06,0,0.00023784253215269,0,0.00274860386491619,0,0.00865726685954998,4.92169695877895e-06,0.000162619760942013,0,9.64626116742952e-05,0,8.72312535816714e-05,0,0.00851900207497723,0,0.000368611265830182,0,0,0,0.0695689162839143,0,0.000846333087816324,0,0.00065327862233593,0,0.00303591226945885,0,0,0,0,0.00711662381213433,0,0.00170711528558274,0,0.00478341437587182,0,0.0301920633811506,0,0,0,0,0,2.15703628205369e-05,0,0.00011421526650246,0,0.00119156242584959,0.00023062947204383,0.00280677656874388,0.00185269279487262,0
0,0,0,0,0,0,0,0,0,0,0,0,0.00292958188174999,0,0,0,0,0,0,0,0.014596606372521,0,0,0,0,0,0,0,0.00200727548859779,0,0.0012413485921362,0,0,0,0,0,0.000502194292619107,0,0.00278482612551551,0,0,0,0,0,0,0,0,0,0,0,0,0,0,0,0,0,0.0373836716037069,0,0.000896517667943025,0,0,0,0,0.00311668604219464,0,0,0,0,0,0,0,0.00493206171794318,0,0.00703988314081855,0,0,0,0,0,0,0,9.55441809931816e-05,0.000491202175365296,0.000106157799366557,5.11852899582103e-06,0,0
0,7.8185325694629e-05,0,5.61797968657961e-05,0,0,0,0.00111869359683096,0,0,0,0,0,0.0117373453393653,0,0,0,0,1.17961897890186e-05,0.0116641487910149,0,0,0,0,0,0,0,3.44504888580819e-05,0,0.00190543737315625,0,0,0,0,0,0.00020115875967589,0,0.00120795675666419,0,9.41189340657477e-05,0,1.2718219105667e-05,0,0,0,0.000372972561431221,0,0,0,8.56028996966971e-05,0,0,0,6.80387820466422e-05,0,0,0,0.131449794096535,0,0.00882696676562883,0,0,0.0147419965085332,0,0,0,0,0,0,0,8.23784963713357e-06,0,0.00562191940687592,0,0,0,0,0,0.000137386653545399,0,1.93536100542413e-05,0,0.00091695856239695,0,0.00136126388332132,3.81415272304143e-05,0
0.000872922741277317,0,0.000694564361217145,0,0.00638507720463557,0,0.00305067519049227,0,0,0,0.00292958188174999,0,0,0,0.012107966326593,0,0,0,0,0,0,0,0,0,5.18751133060055e-05,0,1.49385616179935e-05,0,0.000255347150173984,0,0,0,0,0,0,0,0,0,2.40323837033264e-05,0,0,0,4.63875942667508e-05,0,0,0,1.47293933881037e-05,6.96192329062022e-06,0,0,0.00112332191456708,0,0.00747891228875427,0,0.000111758930224539,0,0.0048141381514085,0,0.0427140451308507,0,0.00296572574219742,0,0,0,0,0,0,0.000154624974825528,0,2.6551810184671e-05,0,0.00290213252728337,0,0,0,0,0,0,0,0,0,6.89819283739009e-05,0.000412524945380187,0.000100667347749693,0.000122052465149729,0,1.61690530306458e-05
0,0,0,0,0,0,0,0,0,0,0,0.0117373453393653,0,0,0,0.0025932806349178,0,0,0,0,0,0,0,0,0,0.000206870760239531,0,0.00567421895853649,0,0.00229381577978864,0,0,0,0,0,0,0,0,0,0,0,0,0,0,0,0,0,0,0,0,0,0,0,0,0,0,0,0.00445575378352151,0,0.0292862745751248,0,0,0,0,0,0,0,0,0.00012382451482424,0,0.00794324737355671,0,0,0,0,0,0,0,0,0,0,0,0.000324429410024131,0.000770041583059263,0,0,0
0.0656307902465155,0,0.0108290328234628,0,0.0139481888089184,0,0,0,0.0218387792059929,0,0,0,0.012107966326593,0,0,0,0.00294808054442301,0,3.57095810016655e-05,0,0,0,0,0,0.00624467119674228,0,0.00248901110275971,0,0,0,0,0,0,0,0,0,0,0,0.00077210157348812,0,1.40638740224084e-05,1.9655212089248e-05,0.00143954789470496,0,0.000678435171980246,0,0.000226859143300039,0.000269399844055369,0.000474282258276181,2.01187968837934e-05,0.00679554742309368,0,0,0,0.0373954770850169,0,0.000111082362241263,0,0.0118829235743232,0,0.159279835297141,0,0,0,0,0,0,0.0103753462074962,0,0.0041344587536949,0,5.13241648150142e-05,0,0,0,0,0,0,0,0,0,0.0014195134071579,0.000799142273715793,4.76133422589793e-05,0.000414042228570499,0,2.41272937567566e-05
0,0.00850659151459623,0,0,0,0,0,0,0,0.0263424063477131,0,0,0,0.0025932806349178,0,0,0,0.00157089516158033,0,0,0,0,0,0.00721748998433315,0,0.0130690043188683,0,0,0,0,0,0,0,0,0,0,0,9.85111933975407e-06,0,0,0,0,0,0,0,0,0,0,0,0.000561427542087788,0,0.00404110936127383,0,0,0,0.00270109128243805,0,0,0,0,0,0.0284251225926292,0,0,0,0,0.000386579677607668,0,0.014639937239889,0,1.84827423256225e-05,0,0,0,0,0,0,0,0,0,0,0,0.000446745847471705,7.46965279649581e-05,0.000102827802137877,0,0
0.000111536192223862,6.5321039391191e-06,0,6.2763638082814e-06,0,0,0,0,0.00427776286498409,7.33632579202534e-06,0,0,0,0,0.00294808054442301,0,0,0.08423768313887,0.0447307717971588,0,0,0,0.00108501737472109,0,0.00154404886836277,0,0.00881546675943141,0,0.000114548910805681,0,0,0,0,0,0,8.84091767941648e-06,1.30983607319436e-06,0,0.000207247634211664,0.000317604490817451,0.000103612602813759,0.000114559180627629,0.00103566519543711,1.61146854553501e-06,0.000218122039821363,9.40096210668268e-05,0.00129488430252488,0,0.000349737965729017,3.30692207074118e-05,0,0,0,0,6.47867758178198e-05,0,0,0,0,0,0.00253486760209625,0,0,0.000193121293191304,0,0.00081089899750779,0,8.8813651704966e-05,0,0.00342099278076513,0,0.000137345544788946,3.26763730535859e-05,7.00820558504988e-05,0,0,0,0,3.33857239132101e-05,0.000172309548708951,3.88915820422446e-05,0.000737017481107528,0.0219742161169712,0.0307014870438345,0.00133417299483139,3.12384937055934e-05,0.000750551450437222
2.64506129526158e-05,3.55685689634587e-05,0,9.4098985866355e-05,0,0,0,0,2.21243724215281e-05,0.00192462983177403,0,0,0,0,0,0.00157089516158033,0.08423768313887,0,0.04031455440554,0,0,0.00236912278509736,0,8.45318247099812e-05,0,0.0055844356143886,0,0,0,0,0,0,0,0,0,6.3964676227802e-05,1.62074051737048e-05,4.64028095524508e-05,1.56433191518362e-05,0.00301611757993711,8.18583117354221e-05,0.00109313428200573,0.00089382629491528,1.40648494606308e-05,0.000105555142658819,0.000807179643432922,0.0009728486083709,2.66760870104071e-05,0.000509771269051697,7.02951625618439e-05,0,0,0,0,4.53031182111224e-06,7.16094870472164e-06,0,0,6.77590070551361e-06,1.44067972966379e-05,4.82940901826146e-06,0.00083020599671178,0,0.000332303974102224,0.000887128980091688,0,8.80607449291692e-06,5.4010184890428e-06,0.00354072036511289,0,1.49309047943941e-06,0,0.000294530056646174,1.50263316685879e-05,0,0,0,0,7.98243014358214e-05,6.55388835996156e-05,0.000310778177429994,0.000378728850378952,0.0429480583551324,0.0699960254714404,0.00106819155696499,0.000502861452470039,0.000101269097240375
0.00321010211160806,0.00587714397024805,1.4213802606615e-05,0.00185985299916948,0,2.81603402378678e-05,0,0,0.000729403757268205,6.72717991172187e-05,0,1.17961897890186e-05,0,0,3.57095810016655e-05,0,0.0447307717971588,0.04031455440554,0,8.23301293558225e-06,0,0,0,0,4.22672659335351e-05,0,0,0,0,0,0,0,0,0,0,0.000522099916802703,0.000135922070974829,0.000258725596400736,0.000451798311675873,0.0387134285615314,0.00336153435878287,0.015966738469553,0.0286406385340658,0.000638150318221223,0.00522809406574611,0.0183566311598082,0.0406194306684183,2.7433638872866e-05,0.00686336644843545,0.00092319734984017,0,4.47558868587752e-05,0,0,0.000440663012278908,6.09882243711982e-05,0,9.10323282501676e-05,3.79113275594074e-05,7.68260539963685e-06,0.000133758186775695,1.61787510435593e-05,0,0.00716818937446605,0,0,6.76339211061472e-06,5.80614028130358e-05,0,0.000383059339398734,0.000144796093916786,0,0.00306419028803664,0.000224184921796702,0,0,0,0,0.000615241910122982,0.0012701879869665,0.00147239839358924,0.00327508500314192,0.0280108356680333,0.00405023647977034,0.0170231813652305,0.00424543447909682,0.00606622136664459
0,0,0,0.00180694187865423,0,0.00777023061516858,0,0,0,0,0,0.0116641487910149,0,0,0,0,0,0,8.23301293558225e-06,0,0,0,0,0,0,0,0,0,0,0,0,0,0,0,0,0.00713899385971209,0,0.00238161357246437,0,0.00150234175691739,0,1.67477504719074e-05,0,0,0,0.010852162032791,0,0,0,0,0,0.000176121403573383,0,0,0,0,0,0.0291713204777662,0,0,0,0,0.0887042185898101,0,0,0,0,0,0,0,0,0,0.00044262674911294,0,0,0,0,0,0.00157266473813579,0,0.000344002892385763,0,0.000742731306040453,0,0.002207660524394,0,0
2.80290839182237e-05,0,0,0,0.000270676812942107,0,0,0,0,0,0.014596606372521,0,0,0,0,0,0,0,0,0,0,0,0,0,0,0,0,0,0,0,0,0,0,0,0,0,0.00384634608088415,0,0.00579391426860356,0,0,0,1.87329794894722e-05,0,0,0,0.000622666351133883,0,0.00197497316461964,0,0,0,0,0,0,0,0.00407948711644576,0,0.000671395882726808,0,0.000333415723227272,0,0,0.0662458582927406,0,0,0,0,0,0,0,0,0,0,0,0,0,0,0,0.000479981877383538,0,0.00249914314720338,0.00237147843624057,0,0.00191847121256307,0,0
0,0,0,0,0,0,0,0,0,0,0,0,0,0,0,0,0,0.00236912278509736,0,0,0,0,0.00542875067007557,0.00191545590322439,0,0.000899548196383735,0,0.00127025820772726,0,0,0,0,0,0,0,0,0,0.00511261889083337,1.21835465462453e-05,0,0,0,0,0,0,0,0,0,0,0.00290986184380528,0,0,0,0,0,0,0,0,0,0,0,0,0,0,0.0559878203916696,1.6824578580468e-05,0.00122328571270328,0,0.00142209033704933,0,0.005638902680198,0,0,0,0,0,0,0,0,0,0.00208096910693529,0,0.00271122384447447,0.00459018348710932,0,0,0
0,0,0,0,0,0,0,0,0,0,0,0,0,0,0,0,0.00108501737472109,0,0,0,0,0.00542875067007557,0,0,0.00732872970303674,0,0.00178553406721467,0,0.0023022281028193,0,0,0,0,0,0,0,0,0.000606892513583368,0.0102351614075008,0,0,0,0,0,0,0,0,1.12336578097784e-05,0.00322383204193588,0,0,0,0,0,6.29170757346804e-06,0,0,0,0,0,0,0,0,0,0.000784702365528377,0.0716831568510605,0,0.00598343339717662,0,0.00316981904433239,0,0.000542776912625302,0,0,0,0,0,0,0,0,0,0.000245758512302616,0.00438597703936759,0.00384884693209823,0,0,0
0,0.0271764154211138,0,0.000264438567575086,0,0,0,0,0,0.033449797918068,0,0,0,0,0,0.00721748998433315,0,8.45318247099812e-05,0,0,0,0.00191545590322439,0,0,0,0.0513412984271932,0,0.0008153326553731,0,0,0,0,0,0,0,0,0,0.00591501040751186,0,2.80639930420575e-05,0,0.00106506241758011,0,0,0,0,0,0,0,0.0107036726209873,0,0,0,0,0,0.0296536690004153,0,0.000436795667391211,0,0.000523324660088936,0,0.000526063491166952,0,0,0.00146749585661213,0,0.107909068801192,0,0.112571435875022,0,0.026524102971704,0,0.000920316724491459,0,0,0,0,0,0,0,0.0022676773252529,0,0.000396707344282745,0,0.000888418413665352,0,0
0.00975645687816333,6.87391897494566e-05,3.34986275909131e-05,0,0,0,0,0,0.0127884880971952,0,0,0,5.18751133060055e-05,0,0.00624467119674228,0,0.00154404886836277,0,4.22672659335351e-05,0,0,0,0.00732872970303674,0,0,0,0.0144823556601938,0,0,0,0,0,0,0,0,0,0,1.20975352139021e-05,0.00171807793969994,0,9.21933902151511e-06,5.49917195504929e-05,0.00235281482655152,0,7.52901464176961e-05,0,0.000331587528717445,0.000569504482621023,0.00183931793227464,0,0,0,0,0,0.0684009474834313,5.30704285829609e-05,0,0,0.00038895058839148,0,0.022598166070518,0,0,1.34463635954271e-05,0,0.0150467312165351,0,0.1697034100855,0,0.0343682290091275,0,0,0,0,0,0,0,0,0,3.72610554639653e-06,0,0.000758874843639214,0.00171968009622801,0.000384886658164106,0.001214194111531,0,0
0,5.90928361088585e-05,0,0,0,0,0,0,0,0.00264100520528124,0,0,0,0.000206870760239531,0,0.0130690043188683,0,0.0055844356143886,0,0,0,0.000899548196383735,0,0.0513412984271932,0,0,0,0.012445996831782,0,0,0,0,0,0,0,0,0,0.000509677934485442,0,0,0,0.000116227922592207,0,0,0,0,0,0,0,0.000134955991143957,0,0,0,0,0,0.000528080702427743,0,0,0,8.46797756438381e-05,0,0.00334406665705775,0,0,0.0038332126975643,0,0.0181754324522038,0,0.106997323406027,0,0.00609902372306051,0,0,0,0,0,0,0,0,0,0.000214425280163077,0,0.000331282866896376,1.52489920672046e-06,0.000101106191098881,0,0
0.00077868725362641,0,0,0,5.1451596254593e-05,0,0,0,0.00322044159553989,0,0,0,1.49385616179935e-05,0,0.00248901110275971,0,0.00881546675943141,0,0,0,0,0,0.00178553406721467,0,0.0144823556601938,0,0,0,0.00435374811053258,0,0,0,0,0,0,0,0,5.0387533680081e-06,0.000234274027055842,0,0,4.55853899728209e-05,3.85003871952584e-05,0,0,0,2.0423084584625e-05,0.000278156826154487,0.000450547692476985,0,0,0,0,0,0.0101407945033732,0,0,0,3.83191106199132e-05,0,0.00635336078354311,0,0,2.3334296681513e-05,0,0.00145372832377245,0,0.0283311632595283,0,0.137419623548126,0,0.0034427947347081,0,0,0,0,0,0,0,0,0,0.000349599657168404,0.000497676206015652,2.43092864696178e-05,0.00013475919185208,0,0
0,0,0,0,0,0,0,0,0,0,0,3.44504888580819e-05,0,0.00567421895853649,0,0,0,0,0,0,0,0.00127025820772726,0,0.0008153326553731,0,0.012445996831782,0,0,0,0.0069123061870714,0,0,0,0,0,0,0,8.22666242036438e-05,0,0,0,0,0,0,0,0,0,0,0,0.00108940920027391,0,0,0,0,0,0,0,1.91542167824461e-05,0,0.00680290915661453,0,0,0,0,0.00147055208936295,0,0,0,0.00548216673058963,0,0.0624937529125245,0,0.000400682590352827,0,0,0,0,0,0,0,5.28493010015585e-05,0,0.000672146033759923,0.0027510039251508,2.79268209686665e-05,0,0
0,0,0,0,0,0,0,0,0,0,0.00200727548859779,0,0.000255347150173984,0,0,0,0.000114548910805681,0,0,0,0,0,0.0023022281028193,0,0,0,0.00435374811053258,0,0,0,0.00656647252672507,0,0,0,0,0,0,0,2.57807514661952e-05,0,0,0,0,0,0,0,0,0,0.000667834295595378,0,0,0,0,0,0,0,0,0,8.89106692011709e-05,0,0,0,0,0,0,0.00120631785195641,0,0,0,0.00131979402528689,0,0.0443123546314685,0,0.000390253075842909,0,0,0,0,0,0,0,6.35254495436961e-05,0.000248909375670076,0.000440266861951322,0,0,0
0,0,0,0,0,0,0,0,0,0,0,0.00190543737315625,0,0.00229381577978864,0,0,0,0,0,0,0,0,0,0,0,0,0,0.0069123061870714,0,0,0,0,0,0,0,0,0,0.000930407050752944,0,0,0,0,0,0,0,0,0,0,0,0,0,0,0,0,0,0,0,0.00437554256349984,0,0.000343179758090846,0,0,0,0,0,0,0,0,0,0,0.0106606333934783,0,0.0350293915784645,0,0,0,0,0,0,0,0.000302692077009546,0,7.89663160340052e-05,1.06586230685934e-05,0,0,0
0,0,0,0,0,0,0,0,0,0,0.0012413485921362,0,0,0,0,0,0,0,0,0,0,0,0,0,0,0,0,0,0.00656647252672507,0,0,0,0,0,0,0,0,0,0.00202110576815764,0,0,0,0,0,0,0,0,0,0,0,0,0,0,0,0,0,1.9637088173069e-05,0,0,0,0,0,0,0,0,0,0,0,0,0,0,0.00960898555933657,0,0.0277215695271104,0,0,0,0,0,0,0,0.000564828243926093,3.33351578511501e-05,0,0,0,0
0,0,0,0,0,0,0,0,0,0,0,0,0,0,0,0,0,0,0,0,0,0,0,0,0,0,0,0,0,0,0,0,0.0209427062034666,0.00205320539358442,0,0.00399990473554089,0,0,0,0,0.000923848004599519,0,0,0,0,0,0,0.0190995616805181,0.00216199402231957,0.00237114656221173,0,0,0,0,0,0,0,0,0,0,0,0,0,0.000270927059162559,0,0,0,0,0,0,0,0,0,0,0.0664061824518848,0,0,0,0.00419550231666126,0,0,0,0.000807473853403299,0,0,0,0
0,0,0,0,0,0,0,0,0,0,0,0,0,0,0,0,0,0,0,0,0,0,0,0,0,0,0,0,0,0,0,0.0209427062034666,0,0,0,0,0.00109354382517342,0,0,0,0,0,0,0,0,0,0,0.00220339755892727,0,0,0,0,0,0,0,0,0,0,0,0,0,0,0,0,0,0,0,0,0,0,0,0,0,0,0.00177967114233626,0.016340654839498,0,0,0,7.21310628123521e-05,0,0,0.000426385590904142,0,0,0,0
0,0,0,0,0,0,0,0,0,0,0,0,0,0,0,0,0,0,0,0,0,0,0,0,0,0,0,0,0,0,0,0.00205320539358442,0,0,0.046875292486116,0.00129165372237122,0,0.000873899725093334,0,0,0,0,0,0,0,0,0,0.0172572006057077,0,0.000518248553512291,0,0,0,0,0,0,0,0,0,0,0,0,0,0,0,0,0,0,0,0,0,0,0,0,0.000216708200806097,0,0.0996319549486061,0.0194216423044774,0.00152736111090776,0,0.00438297944675051,0,0.000189882055089823,7.73933117402902e-05,0,0,0
0,0,0,0,0,0,0,0,2.57033659597952e-05,0,0,0,0,0,0,0,0,0,0,0,0,0,0,0,0,0,0,0,0,0,0,0,0,0.046875292486116,0,0,0.001269438649203,0.000100137659332237,0.000949293998284001,0,0.00247199204962945,0.00129474796793119,0.000489070295160274,0,0,0,2.10365427270646e-05,0.0684823757394249,0.0055851530271105,0.000348290222252852,0,0,0,0,2.52103273425878e-05,0,0,0,0,0,0,0,0,4.43866887910681e-05,0,0,0,0,0,0,0,0,0,0,0,0,0.0177049285383332,0.146918205546674,0,0.000833117923735609,0,0.00610011522128727,0.000930117580985548,0.000337173513263845,0.000123519916072963,0,0
0,0.000128818465715588,0,0.000645198699973742,0,0.00162534541916988,0,0,0,8.24285697055948e-06,0,0.00020115875967589,0,0,0,0,8.84091767941648e-06,6.3964676227802e-05,0.000522099916802703,0.00713899385971209,0,0,0,0,0,0,0,0,0,0,0,0.00399990473554089,0,0.00129165372237122,0,0,0.00217446410118028,0.00327214900539759,0,0.00130809376668423,0.000300767987111783,0.000358496878377146,1.10194583548975e-05,3.04191626988596e-06,0,0.00272849581585112,2.00992576151495e-05,0.00195977487167848,3.04624599262665e-05,0.000737185447280575,0,0.000497427276571902,0,0,0,3.26424719431633e-06,0,0.000194635442053941,0,2.56404424423616e-06,0,0,0.00536308675708422,9.27991869924959e-06,0,0,0,0,3.01850728405911e-06,0,2.02652096874512e-05,0,0.000429337858055184,0,0.00149308172175171,0,3.22031163173616e-05,0,0.045630705516608,0.0013249399756807,0.00344811905509738,0,0.0053569243668265,0.000598752043672341,0.00163395779729327,0.000235748710631787,0
3.03298864051945e-05,0,0,0,7.66086827258877e-05,0,0,0,1.24095210028542e-05,0,0.000502194292619107,0,0,0,0,0,1.30983607319436e-06,1.62074051737048e-05,0.000135922070974829,0,0.00384634608088415,0,0,0,0,0,0,0,0,0,0,0,0.00109354382517342,0,0.001269438649203,0.00217446410118028,0,0,0.00199065045598563,6.44422836870284e-07,0.0042511638789031,0,0.000244313829068664,0,1.5567026545256e-06,0,0.00180803863241306,0.00144005828734664,0.000162890962966277,0,0,0,0,0,3.29084189929757e-06,0,0.000154207924800658,0,1.66439959466575e-05,0,2.37887027339431e-05,0,0,0.00367864637581338,0,0,0,0,0,1.78166864119962e-05,0,0,0,0,0,0,0,0.00059274323313577,0.000542489378464483,0.0436358570626425,0,0.00363320888817988,0.00441174206075852,0.00015783313671451,0.000734490346710131,0,4.99854262356839e-05
0,0.000551572506777597,0,0.000139907202592934,0,0,0,0,2.06246707878604e-06,0.00023784253215269,0,0.00120795675666419,0,0,0,9.85111933975407e-06,0,4.64028095524508e-05,0.000258725596400736,0.00238161357246437,0,0.00511261889083337,0.000606892513583368,0.00591501040751186,1.20975352139021e-05,0.000509677934485442,5.0387533680081e-06,8.22666242036438e-05,0,0.000930407050752944,0,0,0,0.000873899725093334,0.000100137659332237,0.00327214900539759,0,0,0.00115760528819122,0.000241920993063451,0,0.000297624769531326,3.00342337799253e-06,1.03517589493286e-05,0,0.00357279426263061,9.78894456243721e-06,0.00359769708534833,0,0.0035303360024377,0,0,0,0,3.01465424313305e-06,0.000231067517283063,0,5.48577149147721e-05,0,0,0,1.32741058485122e-05,0.00641098182770396,2.52989508512519e-06,0.00283364467860367,0,0.000977014405250512,9.23216646583338e-06,0.00165415692771655,0,0.004649550379031,0,0.000639754089461921,0,0,0,0.000948745170464178,0,0.00186987873102131,0,0.0952495970795601,0.00154851328013929,0.00504717712804812,0.000193491469241337,0.00379804033388422,6.98701568736164e-05,1.18998037422493e-05
0.000430286885873977,0,0,0,0,0,0,0,0.00085588386621275,0,0.00278482612551551,0,2.40323837033264e-05,0,0.00077210157348812,0,0.000207247634211664,1.56433191518362e-05,0.000451798311675873,0,0.00579391426860356,1.21835465462453e-05,0.0102351614075008,0,0.00171807793969994,0,0.000234274027055842,0,2.57807514661952e-05,0,0.00202110576815764,0,0,0,0.000949293998284001,0,0.00199065045598563,0.00115760528819122,0,1.19969493248158e-06,1.53231462235612e-05,0.000118708476163776,0.00251562962645815,0,0.000105393865660588,0,0.00144723024918274,0.00584517704388083,0.00188178648783531,5.48585380295813e-05,0,0,0,0,0.00168983485555832,0,0.000300488135967233,0,7.63628910732522e-05,0,0.00136962341003839,0,0,0.00264666883416872,0,0.00337094356635134,0,0.00449954702339705,0,0.00158604915555156,0,4.16152218602796e-05,0,0.00153379247744954,0,0,0,0.00176795649082703,0,0.00166431797760891,0,0.0751033701852631,0.00913562576356096,0.00504132158180611,0.00245946613434959,5.39540258618558e-06,7.88075452500831e-05
8.13694955074679e-06,0.0111794486584228,0,0.00818954729710839,0,0.000160930994950899,0,0,0.00016419294969721,0.00274860386491619,0,9.41189340657477e-05,0,0,0,0,0.000317604490817451,0.00301611757993711,0.0387134285615314,0.00150234175691739,0,0,0,2.80639930420575e-05,0,0,0,0,0,0,0,0,0,0,0,0.00130809376668423,6.44422836870284e-07,0.000241920993063451,1.19969493248158e-06,0,6.5465275635069e-05,0.0616871951727577,0.00135591529181423,0.0120264740189758,0.000116519743755193,0.0784186268577017,0.0011793341552228,0.00022463036678572,7.24313222018888e-05,0.0847127852656101,0,0.00036445535508333,0,0,0,0.00185841151795557,0,0.000291379269465716,0,0.000135128844038153,0,0.000183084687396416,0.0326132565968822,0.000204059210133679,0,0,0.000179990497133142,0,1.73207892739647e-05,0,0.000845365405907811,0,0.0128468540349277,0.000191891401876229,0,0,0,0,0.0073126371922605,6.79035623455942e-06,0.00241615670289491,3.44456299739778e-05,0.00369421738713801,0.000214686723919317,0.0450244523137416,0.0222820777052309,0.000343769766748173
7.08985502940281e-05,0,0,0,0,0,0,0,0.000339135528910757,0,0,0,0,0,1.40638740224084e-05,0,0.000103612602813759,8.18583117354221e-05,0.00336153435878287,0,0,0,0,0,9.21933902151511e-06,0,0,0,0,0,0,0.000923848004599519,0,0,0.00247199204962945,0.000300767987111783,0.0042511638789031,0,1.53231462235612e-05,6.5465275635069e-05,0,3.76197117613089e-05,0.00970532653782355,0,0.000165072317985789,3.88473431729513e-05,0.016962452937141,0.0268957221283541,0.0494199881556137,0.00018155339294303,0,0,0,0,6.5322720673616e-05,0,0,0,0,0,2.19279699330352e-05,0,0,0.0556324524703168,0,0,0,0,0,5.40062004832473e-05,0,0,0,8.824301717719e-06,0,0.000268943724222481,0,0.000134916110459593,0.000108532439069567,0.00573328193751189,0,0.000156840624742298,0.000590101210341932,1.15781691860775e-06,0.0257138548758035,0,0.00281218368029383
7.88733250956853e-06,0.00829116025830708,0,0.0120263358713255,0,0.00141635964843546,0,0,0,0.00865726685954998,0,1.2718219105667e-05,0,0,1.9655212089248e-05,0,0.000114559180627629,0.00109313428200573,0.015966738469553,1.67477504719074e-05,0,0,0,0.00106506241758011,5.49917195504929e-05,0.000116227922592207,4.55853899728209e-05,0,0,0,0,0,0,0,0.00129474796793119,0.000358496878377146,0,0.000297624769531326,0.000118708476163776,0.0616871951727577,3.76197117613089e-05,0,0.00996678088172765,0.00122324363624934,6.70666973141733e-05,0.0118727209437778,0.00036881567010964,0.035169702534432,0.00145636977499527,0.0688928365902419,0,0.00143192989025709,0,0,0,0.00974363201002084,0,0.000351769663717561,0,0.000475584027972623,0,0.000791430162023192,0,4.94848608370774e-05,0,0,0.00152404677123404,0,0.000958957678942248,1.61193383185006e-05,0.00167593555253087,0,0.00900376217345985,0,0,0,0,0.000213459253670392,0.000448457295681909,1.20316199969127e-05,0.00110321663399488,0.000287563292799709,0.0115191715878907,0.000228207509953425,0.0262104888328519,0.00955432022015374,7.92717180799587e-05
0.00858158834019566,1.36642461443454e-05,0.00162064532276488,8.82231409741225e-05,0,3.9070129402817e-05,0,0,0.00545131381521149,4.92169695877895e-06,0,0,4.63875942667508e-05,0,0.00143954789470496,0,0.00103566519543711,0.00089382629491528,0.0286406385340658,0,1.87329794894722e-05,0,0,0,0.00235281482655152,0,3.85003871952584e-05,0,0,0,0,0,0,0,0.000489070295160274,1.10194583548975e-05,0.000244313829068664,3.00342337799253e-06,0.00251562962645815,0.00135591529181423,0.00970532653782355,0.00996678088172765,0,2.84221528983411e-05,0.00552348195045025,0.000105579854280492,0.0459101722148169,0.00356693518831983,0.0227655096479896,0.0056054743926466,0.000215132661880033,0,0,0,0.00605146043467557,0,0,0,0.00106628628161074,0,0.00519938731527509,0,0,0.00765267387178082,0,0,0,0.00370817372093296,0,0.00240706192556109,8.52779875390518e-06,2.71627963135765e-05,9.86878890906378e-05,7.82807777897918e-05,0,0,0,0.000381760540188112,1.20886208822228e-05,0.000685810940285593,2.72975740186512e-05,0.00311400699485043,0.012109920519603,0.00058587732772957,0.0156643287530236,0.000119095444054698,0.00709676316276828
0,0,0,0.000750910964247373,0,0.000138613433979237,0,0,0,0.000162619760942013,0,0,0,0,0,0,1.61146854553501e-06,1.40648494606308e-05,0.000638150318221223,0,0,0,0,0,0,0,0,0,0,0,0,0,0,0,0,3.04191626988596e-06,0,1.03517589493286e-05,0,0.0120264740189758,0,0.00122324363624934,2.84221528983411e-05,0,0,0.0020315758830249,8.40124402670726e-06,0,0,0.000110721868902289,0,8.54037785897408e-05,0,0,0,0,0,1.57663561050313e-05,0,0,0,0,0,0,0,0,0,0,0,0,8.88227328546022e-06,0,0.000679875507162036,0,0,0,0,0,1.37004918747129e-05,0,2.87085175133411e-05,0,5.25447280799189e-05,1.12566521428777e-06,0.000850252721172008,0.00199532142263312,0
0.00385410943772653,0,0.000414634553052844,4.91715284076273e-05,0,0,0,0,0.000331612732898063,0,0,0,0,0,0.000678435171980246,0,0.000218122039821363,0.000105555142658819,0.00522809406574611,0,0,0,0,0,7.52901464176961e-05,0,0,0,0,0,0,0,0,0,0,0,1.5567026545256e-06,0,0.000105393865660588,0.000116519743755193,0.000165072317985789,6.70666973141733e-05,0.00552348195045025,0,0,8.2526675363034e-06,0.0220389717908396,1.12292125139563e-05,0.00156093555681939,1.42394247798202e-05,0,0,0,0,0.000472221703583416,0,0,0,3.9419241123796e-05,0,0.00157600835306333,0,0,0.00237514008994775,0,0,0,9.35283716859137e-05,0,0.00132976796942549,0,0,0,0,0,0,0,0,0,2.94513992079457e-05,0,9.14440292848502e-05,0.000426028739157843,2.66052627677705e-05,0.000733530575576265,0,0.00261238631694392
0,0.00372914777487031,0,0.00711499857857675,0,8.42470690687607e-06,0,0,0,9.64626116742952e-05,0,0.000372972561431221,0,0,0,0,9.40096210668268e-05,0.000807179643432922,0.0183566311598082,0.010852162032791,0,0,0,0,0,0,0,0,0,0,0,0,0,0,0,0.00272849581585112,0,0.00357279426263061,0,0.0784186268577017,3.88473431729513e-05,0.0118727209437778,0.000105579854280492,0.0020315758830249,8.2526675363034e-06,0,0.000202805142060881,0,0,0.00130609886528816,0,0,0,0,7.92274392082473e-05,0.000216324437334457,0,0.000219003520263111,0,0,0,0,0.052377308440616,4.31047504133462e-05,0,0,5.60572578630547e-05,0,0,0,0.000375723326444851,0,0.00840153925816552,0,0,0,0,0,0.00336699544703018,1.7989883936947e-05,0.00514125724391092,2.02787534934896e-05,0.00166626868135767,2.18007132026609e-05,0.0189228886934501,0.00159578818493115,0
0.010678079260659,1.89802470198149e-05,0.000190162701758387,0.000110051223193231,0,0,0,0,0.00100489225358118,0,0,0,1.47293933881037e-05,0,0.000226859143300039,0,0.00129488430252488,0.0009728486083709,0.0406194306684183,0,0.000622666351133883,0,0,0,0.000331587528717445,0,2.0423084584625e-05,0,0,0,0,0,0,0,2.10365427270646e-05,2.00992576151495e-05,0.00180803863241306,9.78894456243721e-06,0.00144723024918274,0.0011793341552228,0.016962452937141,0.00036881567010964,0.0459101722148169,8.40124402670726e-06,0.0220389717908396,0.000202805142060881,0,5.23309857066148e-05,0.00849731340171789,5.2827223952993e-06,1.36342377717307e-05,0,0,0,0.00106380720472383,4.61993725054163e-05,0.00013634730145536,0,0.000155731877585938,0,0.00113076521911346,0,0,0.0379674450442889,0,0,0,0.00042853665395542,0,0.00166675356369345,0,1.32364011940976e-05,0,0.000212545266458529,0,0,0,6.22548978770708e-06,9.76730939794835e-06,0.00323406467703526,2.09386461662739e-05,0.00412910961997713,0.00222037985115475,0.000198279279006183,0.0212908975738657,0.000178956968847741,0.00491293319651183
1.10567112690557e-05,0,0,0,0,0,0,0,0.000112548466830081,8.72312535816714e-05,0,0,6.96192329062022e-06,0,0.000269399844055369,0,0,2.66760870104071e-05,2.7433638872866e-05,0,0,0,1.12336578097784e-05,0,0.000569504482621023,0,0.000278156826154487,0,0,0,0,0.0190995616805181,0.00220339755892727,0.0172572006057077,0.0684823757394249,0.00195977487167848,0.00144005828734664,0.00359769708534833,0.00584517704388083,0.00022463036678572,0.0268957221283541,0.035169702534432,0.00356693518831983,0,1.12292125139563e-05,0,5.23309857066148e-05,0,0.0279726424968486,0.0928218403965358,0,0,0,0,0.000140781376979813,1.98226195013192e-05,0,0,1.4346020569279e-05,0,6.99028757965444e-05,0,0,0.00385084028327602,0,0.000127622481123041,0,9.38881044643468e-05,0.000109297127074227,0.000701285922134817,0.000166023999353898,0,6.2160370669405e-05,0,0.000413766495096971,0.00767810437329876,0.0106856167622961,0.0214120090160803,0.00215549368313998,0.00141413246752687,0.00104833897976783,0.0124781336524185,0.00863562211182807,0.00304129547342601,0.00930217262999635,0,0
0.0519397266888712,0,0.00694582470544585,0,0,0,0,0,0.041061448799235,0,0,0,0,0,0.000474282258276181,0,0.000349737965729017,0.000509771269051697,0.00686336644843545,0,0.00197497316461964,0,0.00322383204193588,0,0.00183931793227464,0,0.000450547692476985,0,0.000667834295595378,0,0,0.00216199402231957,0,0,0.0055851530271105,3.04624599262665e-05,0.000162890962966277,0,0.00188178648783531,7.24313222018888e-05,0.0494199881556137,0.00145636977499527,0.0227655096479896,0,0.00156093555681939,0,0.00849731340171789,0.0279726424968486,0,0.0274502243647877,0.00147039195432622,0,0,0,0.0280922523493924,0,0.0019194571084787,0,0.0011631860709476,0,0.0311998956862423,0,0,0.0166662237884589,0,0.00314228500180053,0,0.00800421759422266,0,0.0144934536428655,0,0.0242164994866185,1.2810355229728e-05,0.0167188166201686,5.36293510593308e-05,0.00497453415274238,0,0.00384005410928401,9.92760193462994e-05,0.00087711335232844,0,0.00448731200415548,0.0038603767901025,2.11741215712905e-05,0.045476842216378,0,0.00113902354839866
0,0.0710675596241282,0,0.026089215800363,0,8.85552071678165e-05,0,0,0,0.00851900207497723,0,8.56028996966971e-05,0,0,2.01187968837934e-05,0.000561427542087788,3.30692207074118e-05,7.02951625618439e-05,0.00092319734984017,0,0,0.00290986184380528,0,0.0107036726209873,0,0.000134955991143957,0,0.00108940920027391,0,0,0,0.00237114656221173,0,0.000518248553512291,0.000348290222252852,0.000737185447280575,0,0.0035303360024377,5.48585380295813e-05,0.0847127852656101,0.00018155339294303,0.0688928365902419,0.0056054743926466,0.000110721868902289,1.42394247798202e-05,0.00130609886528816,5.2827223952993e-06,0.0928218403965358,0.0274502243647877,0,0,2.8284644848557e-05,0,0,0,0.0104504167223979,0,0.000443593385721066,0,0.00396011165163553,0,0.0062827120686928,2.39309992601379e-05,0,0.00222082536243979,0,0.00244624260235874,0,0.0046567591627752,3.51770398953483e-05,0.0368845662985659,0,0.0167967352416757,0,0,0,0.00762291183614675,0,0.00194639278804232,1.19310805639677e-06,0.00533055224896596,0.000105655535569429,0.00785453001123246,9.89597551863758e-05,0.0476361537281921,0.000731899218837746,0
0.00103244473923086,0,0.0102317182434336,0,0.0105379704752713,0,0.00165825726034562,0,0.00819098595719199,0,0,0,0.00112332191456708,0,0.00679554742309368,0,0,0,0,0,0,0,0,0,0,0,0,0,0,0,0,0,0,0,0,0,0,0,0,0,0,0,0.000215132661880033,0,0,0,1.36342377717307e-05,0,0.00147039195432622,0,0,0,0.000911674285061816,0,0.00196039656688513,0,0,0,0.00120697399795563,0,0.018010230894806,0,0,0.00017647480720864,0,0,0,0,0,0,0,0,0,0,0,0,0,0,0,0,0,0,1.47073713876929e-05,0,0,0,0
0,2.54928993883127e-05,0,0.058151141482066,0,0.0294170322083162,0,0.00198644116960378,0,0.000368611265830182,0,0,0,0,0,0.00404110936127383,0,0,4.47558868587752e-05,0.000176121403573383,0,0,0,0,0,0,0,0,0,0,0,0,0,0,0,0.000497427276571902,0,0,0,0.00036445535508333,0,0.00143192989025709,0,8.54037785897408e-05,0,0,0,0,0,2.8284644848557e-05,0,0,0,0.00352416285319379,0,0.00323361663488527,0,0.000120924420954821,0,6.42227398601563e-05,0,0.00259342745233383,0.00181374472908338,0,0,0,0,0,0,0,0,0,3.3717034447326e-05,0,0,0,0,0,0.000349707765569428,0,1.65302246618923e-06,0,0.000380067295577076,0,0.00150165884990438,3.31368698542498e-05,0
0,0,0,0,0,0,0.00333323201188876,0,0,0,0,0,0.00747891228875427,0,0,0,0,0,0,0,0,0,0,0,0,0,0,0,0,0,0,0,0,0,0,0,0,0,0,0,0,0,0,0,0,0,0,0,0,0,0.000911674285061816,0,0,0,0,0,0,0,0.00037081867405495,0,0,0,0,0,0,0,0,0,0,0,0,0,0,0,0,0,0,0,0,0,0,0,6.07277569402262e-06,0,0,0,0
0,0,0,0,0,0,0,0.0132841016741155,0,0,0,6.80387820466422e-05,0,0,0,0,0,0,0,0,0,0,0,0,0,0,0,0,0,0,0,0,0,0,0,0,0,0,0,0,0,0,0,0,0,0,0,0,0,0,0,0.00352416285319379,0,0,0,0,0,0.0113256126546683,0,0,0,0,0,0,0,0,0,0,0,0,0,0,0,0,0,0,0,0,0,0,0,0,0.000127426563598371,0,0,0,0
0.0388907743313599,0,0.0201839718490704,0,0.000366767953209892,0,0,0,0.072276829556673,0,0,0,0.000111758930224539,0,0.0373954770850169,0,6.47867758178198e-05,4.53031182111224e-06,0.000440663012278908,0,0,0,6.29170757346804e-06,0,0.0684009474834313,0,0.0101407945033732,0,0,0,0,0,0,0,2.52103273425878e-05,0,3.29084189929757e-06,3.01465424313305e-06,0.00168983485555832,0,6.5322720673616e-05,0,0.00605146043467557,0,0.000472221703583416,7.92274392082473e-05,0.00106380720472383,0.000140781376979813,0.0280922523493924,0,0.00196039656688513,0,0,0,0,7.23567896018986e-05,0,0,0.000431832641725161,0,0.0220777429292528,0,0,0.000386122864990532,0,0,0,0.0827793958726415,0,0.0331700478787027,0,0,0,0.000168783401251508,0,0,0,0,0,2.12657408034105e-05,0,0.00265490980459449,0.000530454807984537,1.89107791270399e-05,0.00422962603384711,2.74287088807012e-05,0.000684786005058151
0,0.102227184412851,0,0.131720108057415,0,0.0205473439918107,0,0,0,0.0695689162839143,0,0,0,0,0,0.00270109128243805,0,7.16094870472164e-06,6.09882243711982e-05,0,0,0,0,0.0296536690004153,5.30704285829609e-05,0.000528080702427743,0,0,0,0,0,0,0,0,0,3.26424719431633e-06,0,0.000231067517283063,0,0.00185841151795557,0,0.00974363201002084,0,0,0,0.000216324437334457,4.61993725054163e-05,1.98226195013192e-05,0,0.0104504167223979,0,0.00323361663488527,0,0,7.23567896018986e-05,0,0,0.00230652181840447,0,0.00248469673993127,0,0.0105059103687638,0,0,0,0,0.0152068654676668,0,0.00289973237265503,0,0.0140695578525095,0,0.0199536815631111,0,0,0,0,0,1.75505601051206e-05,0,5.38663554872066e-05,0,0.000191915004825907,0,0.00614605490817594,0.000826421358219034,0
0.000398607690579753,0,0.00124191109202838,0,0,0,0,0,0,0,0.0373836716037069,0,0.0048141381514085,0,0.000111082362241263,0,0,0,0,0,0.00407948711644576,0,0,0,0,0,0,0,0,0,1.9637088173069e-05,0,0,0,0,0,0.000154207924800658,0,0.000300488135967233,0,0,0,0,0,0,0,0.00013634730145536,0,0.0019194571084787,0,0,0,0,0,0,0,0,0,0.0116071878794197,0,0.00204184910735416,0,0,0.023537662895503,0,0,0,0,0,0.000262313302026154,0,5.4027232097173e-05,0,0.00559464552531117,0,0,0,0,0,2.52779215945625e-06,0,0.000750031981766719,0.000191885022198678,0,0.00729307237775978,0,0
0,0.00323657098398203,0,0.00146303306424262,0,0,0,0.00822367941288703,0,0.000846333087816324,0,0.131449794096535,0,0.00445575378352151,0,0,0,0,9.10323282501676e-05,0.0291713204777662,0,0,0,0.000436795667391211,0,0,0,1.91542167824461e-05,0,0.00437554256349984,0,0,0,0,0,0.000194635442053941,0,5.48577149147721e-05,0,0.000291379269465716,0,0.000351769663717561,0,1.57663561050313e-05,0,0.000219003520263111,0,0,0,0.000443593385721066,0,0.000120924420954821,0,0.0113256126546683,0,0.00230652181840447,0,0,0,0.0100451289463231,0,0.0010829673491826,0.0168083878753684,0,0,0,0.000835112484542863,0,4.11347948691583e-05,0,0.0178147302490667,0,0.0268832201091495,0,0,0,0,0,0.000415581592520841,1.53580513368347e-06,0,0,0.000192299273432083,0,0.0068852982913553,3.49324026913741e-05,0
