0,0,0.143467297481204,0,0,0,0,0,0.178659418390857,0,0,0,0,0,0,0,0,0,0.188286833465099,0,0,0,0,0,0,0,0,0,0,0,0,0,0,0,0,0,0,0,0.178760856389999,0,0,0,0.150223468126047,0,0,0,0.293136984109879,0.265657514333725,0.181055078393587,0,0,0,0,0,0.192240927786974,0,0.206274976332982,0,0.176238611340523,0,0.224104009253878,0,0,0,0,0,0,0.241847467422485,0,0.23304104542031,0,0,0,0.259089946746826,0,0,0,0,0,0,0,0.297086000442505,0.157521866067687,0,0.131689746552715,0,0.143212020397186
0,0,0,0.136720534297638,0,0,0,0,0,0.195596245767511,0,0,0,0.191001698374748,0,0,0,0,0.254393365234137,0,0,0,0,0,0,0,0,0,0,0,0,0,0,0,0,0,0,0.197413668036461,0,0,0,0.174996307017384,0,0,0,0.223358899354935,0,0,0,0.17523199790643,0,0.19830096914218,0,0,0,0.258890391953226,0,0.242522023618221,0,0,0,0.194837193346131,0,0,0,0,0.217273234152326,0,0,0,0,0,0,0,0,0,0,0,0.309272289276123,0,0,0,0.135538126738787,0.170908733056142,0.149921106457333,0.132726085505315,0
0.143467297481204,0,0,0,0.16457408253156,0,0,0,0.144011352187357,0,0,0,0,0,0,0,0,0,0.15453432003657,0,0,0,0,0,0,0,0,0,0,0,0,0,0,0,0,0,0.140710577368736,0,0,0,0,0,0.272615492343903,0,0,0,0.225198300555348,0,0.169718452236232,0,0.229469178795815,0,0,0,0.147500280208058,0,0.223540087158863,0,0.210052197568872,0,0.166191464191989,0,0,0,0,0,0,0,0,0,0,0,0,0,0,0,0,0,0,0,0,0,0.139730014680129,0,0.208954517349378,0,0
0,0.136720534297638,0,0,0,0.136990873446298,0,0,0,0.137978827194223,0,0.194719016551971,0,0,0,0,0,0,0.183345599680819,0.170623708516359,0,0,0,0,0,0,0,0,0,0,0,0,0,0,0,0.158198790417777,0,0,0,0.230509407818317,0,0.193127500307229,0.223178219795227,0,0,0.194829437066801,0.228287287056446,0,0,0.196046580217387,0,0.180311235271651,0,0,0,0.148280886993293,0,0.218755351085412,0,0.225502614947883,0,0.149936683716313,0.215788035205117,0,0,0,0,0,0,0,0.254644751548767,0,0.271788120269775,0,0,0,0,0,0.237414048225791,0,0.266649284823374,0,0.146022575520045,0.191655412316322,0.16502734620273,0,0
0,0,0.16457408253156,0,0,0,0.184082853106352,0,0.148499219167617,0,0,0,0,0,0.127974872787793,0,0,0,0,0,0,0,0,0,0,0,0,0,0,0,0,0,0,0,0,0,0.131296737212688,0,0,0,0,0,0,0,0,0,0,0,0,0,0.187857973754749,0,0.182000704547938,0,0.143732420373254,0,0.219562262296677,0,0.175855413982362,0,0.158517852425575,0,0,0,0,0,0,0,0,0,0,0,0,0,0,0,0,0,0,0,0,0,0.159429109099691,0,0.160717604005248,0,0
0,0,0,0.136990873446298,0,0,0,0,0,0.168986266309565,0,0.184536965055899,0,0,0,0,0,0,0,0,0,0,0,0,0,0,0,0,0,0,0,0,0,0,0,0.11191680803895,0,0,0,0.213536190489928,0,0.194444358348846,0,0,0,0.18477218154865,0.204534903168678,0,0,0.188070866279304,0,0.174873274248658,0,0,0,0.142202926107815,0,0.23238149009369,0,0.187450297790415,0,0.180883348745815,0.193137146532536,0,0,0,0,0,0,0,0,0,0,0,0,0,0,0,0.194493715961774,0,0.273731738328934,0,0.122869033978057,0.193247962743044,0.163519501605982,0,0
0,0,0,0,0.184082853106352,0,0,0,0,0,0,0,0,0,0,0,0,0,0,0,0,0,0,0,0,0,0,0,0,0,0,0,0,0,0,0,0,0,0,0,0,0,0,0,0,0,0,0,0,0,0.191310690292317,0,0.164150353133176,0,0,0,0.163612388354495,0,0.176813724824763,0,0,0,0,0,0,0,0,0,0,0,0,0,0,0,0,0,0,0,0,0,0,0,0.18655884762605,0,0,0,0
0,0,0,0,0,0,0,0,0,0,0,0.16687335169246,0,0.143590495818191,0,0,0,0,0,0.143662855215371,0,0,0,0,0,0,0,0,0,0,0,0,0,0,0,0,0,0,0,0,0,0,0,0,0,0,0,0,0,0,0,0.149549968049912,0,0.16559693915877,0,0,0,0.179093728836318,0,0.148957830199525,0,0,0.126778315338824,0,0,0,0,0,0,0,0,0,0,0,0,0,0,0,0,0,0.219782963395119,0,0.165195450670533,0.126272812485695,0,0,0
0.178659418390857,0,0.144011352187357,0,0.148499219167617,0,0,0,0,0,0,0,0,0,0.129042096436024,0,0.175035873055458,0,0.177553032125745,0,0,0,0,0,0,0,0,0,0,0,0,0,0,0,0,0,0.135217019915581,0,0.16738819082578,0,0,0,0.175941079545955,0,0,0,0,0.178243808448315,0.242112442851067,0,0.146010239919027,0,0,0,0.184919433478785,0,0,0,0,0,0,0,0,0,0,0,0,0.206491531758774,0,0,0,0,0,0,0,0,0,0.234538853168488,0,0,0,0.2762446179986,0.165518593688209,0.198169420424261,0.180512977479878,0,0.150904944964818
0,0.195596245767511,0,0.137978827194223,0,0.168986266309565,0,0,0,0,0,0,0,0,0,0.158960431591788,0,0,0.193621040467756,0,0,0,0,0.165711997967699,0,0,0,0,0,0,0,0,0,0,0,0.14584256708622,0,0.179958153516054,0,0,0,0.207653891163326,0,0,0,0.174420234560967,0,0,0,0.190828070044518,0,0.199350058917595,0,0,0,0.243955917343281,0,0.183052510023117,0,0,0,0.161856128469757,0.184172943234444,0,0,0,0.168163458831975,0,0,0,0,0,0,0,0,0,0,0,0.202359840273857,0,0,0,0.183649736600918,0.206693908189262,0.206791288004472,0.164754060988731,0
0,0,0,0,0,0,0,0,0,0,0,0,0.182604324817657,0,0,0,0,0,0,0,0.173294706227502,0,0,0,0,0,0,0,0.186946950320687,0,0.174124539982189,0,0,0,0,0,0.118192765898634,0,0.152670315162103,0,0,0,0,0,0,0,0,0,0,0,0,0,0,0,0,0,0.185190435588171,0,0.169577959045491,0,0,0,0,0.152732817722218,0,0,0,0,0,0,0,0.165630653500557,0,0.189111806973136,0,0,0,0,0,0.109606479853392,0,0.152471543905827,0.163497663454457,0.133868515491486,0.261795714497566,0,0
0,0,0,0.194719016551971,0,0.184536965055899,0,0.16687335169246,0,0,0,0,0,0.175850622289296,0,0,0,0,0.326483935117722,0.137228061393239,0,0,0,0,0,0,0,0.174213761868684,0,0.173667176553966,0,0,0,0,0,0.169636314113935,0,0.16773349027765,0,0,0,0.313132673501968,0,0,0,0,0,0,0,0.278275430202484,0,0.199282351136208,0,0.201723013500698,0,0,0,0.187643458734386,0,0.18051516809943,0,0,0.139658122995475,0,0,0,0,0,0,0,0.193961422385708,0,0.197635687815333,0,0,0,0,0,0.263923764228821,0,0.222628139835947,0,0.156411832369311,0.153383375145495,0.244999581804642,0,0
0,0,0,0,0,0,0,0,0,0,0.182604324817657,0,0,0,0.149981128713809,0,0,0,0,0,0,0,0,0,0,0,0.135336897239603,0,0.128556275676037,0,0.189266666769981,0,0,0,0,0,0,0,0,0,0,0,0,0,0,0,0,0,0.176852345466614,0,0,0,0,0,0.178382232785225,0,0.173094345925792,0,0.166050218003553,0,0.153389227635498,0,0,0,0,0,0,0,0,0.139447754878422,0,0.152418644112699,0,0.18051715195179,0,0,0,0,0,0,0,0,0.191968009955641,0.269853650033474,0,0,0
0,0.191001698374748,0,0,0,0,0,0.143590495818191,0,0,0,0.175850622289296,0,0,0,0.168931614363558,0,0,0,0,0,0,0,0,0,0.186179601993316,0,0.166609862792319,0,0,0,0,0,0,0,0,0,0,0,0,0,0,0,0,0,0,0,0,0,0.186874762177467,0,0,0,0.151898175477982,0,0,0,0.182726713306567,0,0.17234962515165,0,0.173815557970133,0,0,0,0,0,0,0.183734614402056,0,0.160983834943149,0,0,0,0,0,0,0,0,0,0,0,0.161266861875591,0.174330499023199,0,0,0
0,0,0,0,0.127974872787793,0,0,0,0.129042096436024,0,0,0,0.149981128713809,0,0,0,0.145010900768367,0,0,0,0,0,0,0,0,0,0.166663258403972,0,0.169754076004028,0,0,0,0,0,0,0,0,0,0,0,0,0,0,0,0,0,0,0,0.179694905877113,0,0,0,0,0,0.16609118382136,0,0,0,0.164502453708718,0,0.156499115735527,0,0,0,0,0,0,0,0,0.167495631147176,0,0.157150286842476,0,0,0,0,0,0,0,0,0,0,0.161072371957394,0,0,0,0
0,0,0,0,0,0,0,0,0,0.158960431591788,0,0,0,0.168931614363558,0,0,0,0.114259542524815,0,0,0,0,0,0,0,0.139478115126108,0,0.180355808536212,0,0,0,0,0,0,0,0,0,0,0,0,0,0,0,0,0,0,0,0,0,0.201149731226589,0,0,0,0,0,0.166737843304873,0,0,0,0.17302961276502,0,0.190694423723985,0,0,0,0,0,0,0.187823638319969,0,0.176325020566583,0,0,0,0,0,0,0,0,0,0,0,0.190362160229803,0.259276103032263,0,0,0
0,0,0,0,0,0,0,0,0.175035873055458,0,0,0,0,0,0.145010900768367,0,0,0.134895676948896,0.215511876840176,0,0,0,0.170236864686012,0,0.12968818630491,0,0.146845515881855,0,0,0,0,0,0,0,0,0,0,0,0,0,0,0,0,0,0,0,0,0,0,0,0,0,0,0,0.170758525530497,0,0,0,0,0,0.158939358437717,0,0,0,0,0.175272956490517,0,0.159264743328094,0,0.145389615583259,0,0.136631111658755,0,0,0,0,0,0,0,0,0,0,0.161242764037579,0.225824186514164,0,0,0
0,0,0,0,0,0,0,0,0,0,0,0,0,0,0,0.114259542524815,0.134895676948896,0,0.181998654853178,0,0,0.147063520550728,0,0.129475813359022,0,0.134202763544662,0,0.130323439836502,0,0,0,0,0,0,0,0,0,0,0,0,0,0,0,0,0,0,0,0,0,0,0,0,0,0,0,0,0,0,0,0,0.132316783070564,0.143159061670303,0,0,0,0,0,0,0.164779845560562,0,0.157178193330765,0,0,0,0,0,0,0,0,0,0,0,0.161044251855922,0.203034873082213,0,0,0
0.188286833465099,0.254393365234137,0.15453432003657,0.183345599680819,0,0,0,0,0.177553032125745,0.193621040467756,0,0.326483935117722,0,0,0,0,0.215511876840176,0.181998654853178,0,0.272263154387474,0,0,0,0.156687396764755,0.133934593200684,0,0.221604456504186,0,0,0,0,0,0,0,0,0,0,0,0,0.301456005823632,0.238377431631088,0.197452253803405,0.201877692062015,0.397080184221268,0.252416692780092,0.285676120422295,0.306646261678198,0.217562882229686,0.198371270769521,0.225474245694219,0,0,0,0,0.206762939691544,0.196106889418193,0,0.269317178262605,0,0,0,0,0.306941645710092,0.261114403605461,0,0,0.168505105121834,0.13412387855351,0,0.218827158212662,0.30445773260934,0,0.313244694471359,0,0,0,0,0,0.308246893097174,0,0.313066206394862,0,0.184494466910548,0.203131391211998,0.30872948391915,0.233865346210568,0.194949144408816
0,0,0,0.170623708516359,0,0,0,0.143662855215371,0,0,0,0.137228061393239,0,0,0,0,0,0,0.272263154387474,0,0,0,0,0,0,0,0,0,0,0,0,0,0,0,0,0.165349226910621,0,0.178424827241434,0,0.248613208532333,0,0.310923864444097,0,0,0,0.242394785347738,0,0,0,0,0,0,0,0,0,0,0,0.175068754684982,0,0,0,0,0.163942360359689,0,0,0,0,0,0,0,0.267721701413393,0,0.250408057655607,0,0,0,0,0,0.193901029342784,0,0.236738872980033,0,0.138997649617734,0.166075110435486,0.189854424886816,0,0
0,0,0,0,0,0,0,0,0,0,0.173294706227502,0,0,0,0,0,0,0,0,0,0,0,0,0,0,0,0,0,0,0,0,0,0,0,0,0,0.133107733677377,0,0.165030968494904,0,0,0,0,0,0,0,0,0,0,0,0,0,0,0,0,0,0.237451523709624,0,0,0,0,0,0,0.184310109204597,0,0,0,0,0,0,0,0,0,0.313731501936913,0,0,0,0,0,0.152108597790016,0,0.160732544165977,0.139461105626621,0,0.295766221625464,0,0
0,0,0,0,0,0,0,0,0,0,0,0,0,0,0,0,0,0.147063520550728,0,0,0,0,0.0940899715986785,0.136287579596043,0,0.159518655703728,0,0.153736383772232,0,0,0,0,0,0.172423988580704,0.180482506752014,0,0,0.136933732218358,0.135732440860011,0,0,0,0,0,0,0,0,0,0.171617726484934,0.184533452864775,0,0,0,0,0,0,0,0,0,0,0,0,0,0,0.164847458793033,0.103227482615984,0.134590040414761,0,0.17278059761026,0,0.142575592375719,0,0,0,0,0,0.166612756722852,0,0,0,0.156165759585728,0.113699356959739,0.123676901163769,0.174207486642095,0,0,0
0,0,0,0,0,0,0,0,0,0,0,0,0,0,0,0,0.170236864686012,0,0,0,0,0.0940899715986785,0,0,0.142616619804391,0,0.160981480150469,0,0.129000198723895,0,0,0,0,0,0,0,0,0.0870314203202724,0.132116021372861,0,0,0,0,0,0,0,0,0,0.183879831816349,0,0,0,0,0,0,0,0,0,0,0,0,0,0,0,0.120286897710729,0.155460184007542,0,0.171005013585091,0,0.157135584487997,0,0.139188826613956,0,0,0,0,0.131909262388945,0.212023440003395,0,0,0.111513496122577,0.153230432845369,0.123920867580107,0.186222108287944,0,0,0
0,0,0,0,0,0,0,0,0,0.165711997967699,0,0,0,0,0,0,0,0.129475813359022,0.156687396764755,0,0,0.136287579596043,0,0,0,0.156437027626313,0,0,0,0,0,0,0,0,0,0,0,0.159207618715775,0,0,0,0.170899692508909,0,0,0,0,0,0,0,0.206896290183067,0,0,0,0,0,0.212935358285904,0,0,0,0,0,0,0,0,0.129006423056126,0,0.170025286091938,0,0.137871563434601,0,0,0,0,0,0,0,0,0,0,0,0.1702986536026,0,0.164207558004768,0,0.150572076439857,0.174914166331291,0
0,0,0,0,0,0,0,0,0,0,0,0,0,0,0,0,0.12968818630491,0,0.133934593200684,0,0,0,0.142616619804391,0,0,0,0.152941480278969,0,0,0,0,0,0,0,0,0,0,0,0.139338007945119,0,0,0,0,0,0,0,0,0,0.206411016319531,0,0,0,0,0,0.307562458921563,0,0,0,0,0,0,0,0,0,0,0.203255081520631,0,0.186419752873774,0,0.17799993094645,0,0.223375573754311,0,0,0,0,0,0,0,0,0,0.205219823246201,0.14053643984554,0.220032960176468,0,0,0
0,0,0,0,0,0,0,0,0,0,0,0,0,0.186179601993316,0,0.139478115126108,0,0.134202763544662,0,0,0,0.159518655703728,0,0.156437027626313,0,0,0,0.14125453538083,0,0,0,0,0,0,0,0,0,0,0,0,0,0,0,0,0,0,0,0,0,0,0,0,0,0,0,0,0,0,0,0.178038753569126,0,0.161504861186532,0,0,0.16978552427592,0,0.202317259141377,0,0.171232407176885,0,0.157298792315566,0,0,0,0,0,0,0,0,0,0,0,0.145980983972549,0.128458902239799,0,0,0
0,0,0,0,0,0,0,0,0,0,0,0,0.135336897239603,0,0.166663258403972,0,0.146845515881855,0,0.221604456504186,0,0,0,0.160981480150469,0,0.152941480278969,0,0,0,0.168742328882217,0,0,0,0,0,0,0,0,0,0,0,0,0,0,0,0,0,0,0,0,0,0,0,0,0,0,0,0,0,0.136413995921612,0,0.166048739726345,0,0,0,0,0.158493589877034,0,0.145527986566658,0,0.157956231269957,0,0.161628484016373,0,0,0,0,0,0,0,0,0,0,0.147226580401074,0,0,0,0
0,0,0,0,0,0,0,0,0,0,0,0.174213761868684,0,0.166609862792319,0,0.180355808536212,0,0.130323439836502,0,0,0,0.153736383772232,0,0,0,0.14125453538083,0,0,0,0.148594283474528,0,0,0,0,0,0,0,0.151181292075377,0,0,0,0,0,0,0,0,0,0,0,0,0,0,0,0,0,0,0,0.183440658450127,0,0.190232291033393,0,0.172169484990708,0,0,0.158704290878685,0,0,0,0.154684264072473,0,0.160394506450073,0,0.167966778945009,0,0,0,0,0,0,0,0.136723826328913,0,0.148568922649609,0.18935322958902,0,0,0
0,0,0,0,0,0,0,0,0,0,0.186946950320687,0,0.128556275676037,0,0.169754076004028,0,0,0,0,0,0,0,0.129000198723895,0,0,0,0.168742328882217,0,0,0,0.171832971995877,0,0,0,0,0,0,0,0.161562344607185,0,0,0,0,0,0,0,0,0,0,0,0,0,0,0,0,0,0.18807145083944,0,0.149969045008565,0,0.151074022054672,0,0,0,0,0.15534004807299,0,0,0,0.137292600140489,0,0.154688075889417,0,0.167776608779546,0,0,0,0,0,0,0,0.157518646347203,0.134297623374948,0.219221885259054,0,0,0
0,0,0,0,0,0,0,0,0,0,0,0.173667176553966,0,0,0,0,0,0,0,0,0,0,0,0,0,0,0,0.148594283474528,0,0,0,0,0,0,0,0,0,0.150142341274126,0,0,0,0,0,0,0,0,0,0,0,0,0,0,0,0,0,0,0,0.18257524043958,0,0.189591747191217,0,0,0.233762040734291,0,0,0,0,0,0,0,0.156392196770839,0,0.176070818261189,0,0,0,0,0,0,0,0.157625206684073,0,0.167222423696673,0.183919512173709,0.264904335141182,0,0
0,0,0,0,0,0,0,0,0,0,0.174124539982189,0,0.189266666769981,0,0,0,0,0,0,0,0,0,0,0,0,0,0,0,0.171832971995877,0,0,0,0,0,0,0,0,0,0.159889232961367,0,0,0,0,0,0,0,0,0,0,0,0,0,0,0,0,0,0.163976478407968,0,0,0,0,0,0,0,0,0,0,0,0,0,0,0.170792356133461,0,0.169397564008999,0,0,0,0,0,0,0,0.164987538211249,0.147376816471418,0,0,0,0
0,0,0,0,0,0,0,0,0,0,0,0,0,0,0,0,0,0,0,0,0,0,0,0,0,0,0,0,0,0,0,0,0.158100737842935,0.212140802294016,0.135250762104988,0.167083194492557,0.169384669983524,0,0,0,0,0,0,0,0,0,0,0.360657417925738,0,0,0,0,0,0,0,0,0,0,0,0,0,0,0,0,0,0,0,0,0,0,0,0,0,0,0.19340598146682,0.182377460903885,0.227306839458796,0.29791796207428,0.331684606014103,0.202118352226174,0,0,0.159555597061461,0,0,0,0
0,0,0,0,0,0,0,0,0,0,0,0,0,0,0,0,0,0,0,0,0,0,0,0,0,0,0,0,0,0,0,0.158100737842935,0,0,0.199172834555308,0.158851634214322,0.181096203159541,0,0,0,0,0,0,0,0,0,0,0.314643707244375,0.298841997981071,0,0,0,0,0,0,0,0,0,0,0,0,0,0,0,0,0,0,0,0,0,0,0,0,0,0.190673161011476,0.224271828539955,0.278495686394828,0.243765742038236,0.261154999488226,0.281419542609226,0,0,0.165674673462356,0,0.305384735266368,0,0
0,0,0,0,0,0,0,0,0,0,0,0,0,0,0,0,0,0,0,0,0,0.172423988580704,0,0,0,0,0,0,0,0,0,0.212140802294016,0,0,0.19142197130799,0.15569679108962,0,0.186382736811858,0.188091446493947,0,0,0,0,0,0,0,0,0.478399499662613,0,0.266606211662292,0,0,0,0,0,0,0,0,0,0,0,0,0,0,0,0,0,0,0,0,0,0,0,0,0.268807142547199,0.219550038377444,0.252681300550982,0.192732897967193,0.182548468646398,0,0.233307183395933,0.326083651242348,0.171963089264017,0.174301669001579,0,0,0
0,0,0,0,0,0,0,0,0,0,0,0,0,0,0,0,0,0,0,0,0,0.180482506752014,0,0,0,0,0,0,0,0,0,0.135250762104988,0.199172834555308,0.19142197130799,0,0.261035975813866,0.163297579265558,0.150297944535728,0.190648011863232,0,0,0,0.244054511189461,0,0,0.362912863492966,0,0.321750071842268,0.328727693430015,0.294978393862645,0,0,0,0,0,0,0,0,0,0,0,0,0,0,0,0,0,0,0,0,0,0,0,0,0.306170579265146,0.198354658835074,0.228860345398281,0.242377678383272,0.304841329080467,0.160077757759783,0.188351687732016,0.26207270446312,0.170473567326553,0.190945763673101,0.3636090927789,0,0
0,0,0,0.158198790417777,0,0.11191680803895,0,0,0,0.14584256708622,0,0.169636314113935,0,0,0,0,0,0,0,0.165349226910621,0,0,0,0,0,0,0,0,0,0,0,0.167083194492557,0.158851634214322,0.15569679108962,0.261035975813866,0,0.1461841997754,0.166283705667025,0,0.187640923474516,0,0.239055827260017,0.214403480291367,0,0,0.167074597307614,0.223699674010277,0.287454192145643,0.247755487759908,0.202907760595453,0,0,0,0,0,0,0,0.211038922891021,0,0,0,0,0.16839137504076,0,0,0,0,0,0,0,0,0,0.239284783601761,0,0.180674086844141,0.251514175534248,0.226966584494355,0.238633349537849,0.171515527016214,0.177095494848309,0.218427281431051,0,0.176539751612125,0.239329936974447,0.187408348659286,0,0
0,0,0.140710577368736,0,0.131296737212688,0,0,0,0.135217019915581,0,0.118192765898634,0,0,0,0,0,0,0,0,0,0.133107733677377,0,0,0,0,0,0,0,0,0,0,0.169384669983524,0.181096203159541,0,0.163297579265558,0.1461841997754,0,0.0861763954162598,0.148974884713673,0.21787237127622,0.15584765185809,0,0.19143849114577,0,0,0.1829699203372,0.177877290785233,0.233775956841076,0.19843848581825,0.438398540019989,0,0,0,0,0.147554636001587,0,0,0,0,0,0,0,0.194654688239098,0.146668307445376,0,0,0,0,0,0,0,0,0,0,0.164526546834618,0.165726635924407,0,0.195073034200403,0.149688145332786,0.168717102088728,0.0918250307440758,0.177302272688637,0.200659804543271,0.324559689715153,0.18647275188067,0,0
0,0.197413668036461,0,0,0,0,0,0,0,0.179958153516054,0,0.16773349027765,0,0,0,0,0,0,0,0.178424827241434,0,0.136933732218358,0.0870314203202724,0.159207618715775,0,0,0,0.151181292075377,0,0.150142341274126,0,0,0,0.186382736811858,0.150297944535728,0.166283705667025,0.0861763954162598,0,0.169441078831484,0.296308726072311,0,0.147432821674631,0,0,0,0.260770952701569,0,0.317072212113999,0.49344702064991,0,0,0,0,0,0,0.21891371011734,0,0.179066246747971,0,0,0,0,0.224980992078781,0,0.18437712684968,0,0.169067972464793,0,0,0,0.187861145952263,0,0.167888451814651,0,0.295735120773315,0,0.236254668212032,0.183245934545994,0.196596674162789,0,0.171581945019965,0.216412416967139,0.146913632500681,0.167113927277652,0.199270677735221,0.149136207997799,0
0.178760856389999,0,0,0,0,0,0,0,0.16738819082578,0,0.152670315162103,0,0,0,0,0,0,0,0,0,0.165030968494904,0.135732440860011,0.132116021372861,0,0.139338007945119,0,0,0,0.161562344607185,0,0.159889232961367,0,0,0.188091446493947,0.190648011863232,0,0.148974884713673,0.169441078831484,0,0,0,0,0.183235281871425,0,0,0,0,0.431765737060696,0.224179500959954,0,0,0,0,0,0.15013325214386,0,0.164549854314216,0,0,0,0,0,0,0.165882294338037,0.125498821338018,0.156257916468641,0,0.17493466671024,0,0,0,0.15859318123414,0,0.175639770286424,0,0,0.210674690703551,0.219795992057952,0,0.15201595402028,0.158353379504247,0.165931145409148,0.148358459076989,0.175874723358588,0.236136832050163,0,0.186366260051727
0,0,0,0.230509407818317,0,0.213536190489928,0,0,0,0,0,0,0,0,0,0,0,0,0.301456005823632,0.248613208532333,0,0,0,0,0,0,0,0,0,0,0,0,0,0,0,0.187640923474516,0.21787237127622,0.296308726072311,0,0,0.209657311439514,0.273425435200714,0.234004401498371,0.347184538841248,0,0.231566105359279,0.209795764940126,0.300273224485643,0.300508320331573,0.201767583030212,0,0,0,0,0,0.238372206687927,0,0.250880521039168,0,0.230719491839409,0,0,0.22687870684792,0,0,0,0,0,0,0,0.323704451322556,0,0.298593819141388,0,0,0,0,0,0.221091552918984,0.287184327840805,0.305488609708846,0,0.26742322861471,0.283489423380657,0.288770523673317,0.266557744845296,0
0,0,0,0,0,0,0,0,0,0,0,0,0,0,0,0,0,0,0.238377431631088,0,0,0,0,0,0,0,0,0,0,0,0,0,0,0,0,0,0.15584765185809,0,0,0.209657311439514,0,0,0.259547810938753,0,0.265042707324028,0.182559870183468,0.208741562360436,0.269677020609379,0.169447143471824,0.223206366101901,0,0,0,0,0,0,0,0.197964325547218,0,0,0,0,0,0.236710977166092,0,0,0,0,0,0,0,0,0,0,0,0,0,0,0,0.239746512051787,0,0.186200805271373,0.238676508099346,0,0.302783067161082,0,0.236594338647344
0,0.174996307017384,0,0.193127500307229,0,0.194444358348846,0,0,0,0.207653891163326,0,0.313132673501968,0,0,0,0,0,0,0.197452253803405,0.310923864444097,0,0,0,0.170899692508909,0,0,0,0,0,0,0,0,0,0,0,0.239055827260017,0,0.147432821674631,0,0.273425435200714,0,0,0.184674201368475,0.410235901673635,0,0.236794955527943,0.248357106000185,0.22468675673008,0.188697502017021,0.267246018317138,0,0,0,0,0,0.260866490633864,0,0.299594251103089,0,0,0,0,0.320365046545611,0,0,0,0,0,0,0,0.306464395696117,0,0.339844448626905,0,0,0,0,0,0.290889223738621,0,0.311423551223114,0,0.18461036720642,0.254958495000998,0.277343735152991,0.240700886167866,0
0.150223468126047,0,0.272615492343903,0.223178219795227,0,0,0,0,0.175941079545955,0,0,0,0,0,0,0,0,0,0.201877692062015,0,0,0,0,0,0,0,0,0,0,0,0,0,0,0,0.244054511189461,0.214403480291367,0.19143849114577,0,0.183235281871425,0.234004401498371,0.259547810938753,0.184674201368475,0,0,0.355663866273473,0.215771264443963,0.27633350925601,0.252867769359089,0.202466631709726,0.222551771750053,0,0,0,0,0,0,0.316528068648444,0.247040763497353,0,0,0,0,0.23935163517793,0.313636702485383,0,0,0,0.137404680252075,0,0,0,0,0,0.307325524548369,0,0,0,0.238491922616959,0.233018908988346,0.329605381935835,0.272237658500671,0.237840959181388,0.210016480317289,0.267076104879379,0.272889378978975,0.267457038164139,0.207643129628935
0,0,0,0,0,0,0,0,0,0,0,0,0,0,0,0,0,0,0.397080184221268,0,0,0,0,0,0,0,0,0,0,0,0,0,0,0,0,0,0,0,0,0.347184538841248,0,0.410235901673635,0,0,0,0.321027748286724,0,0,0,0,0,0,0,0,0,0,0,0.333785369992256,0,0,0,0,0.399430957436562,0,0,0,0,0,0,0,0.334064215421677,0,0.406542047858238,0,0,0,0,0,0.381555736064911,0,0.393713394800822,0,0.28207249726568,0,0.418066871915272,0.440207846024457,0
0,0,0,0,0,0,0,0,0,0,0,0,0,0,0,0,0,0,0.252416692780092,0,0,0,0,0,0,0,0,0,0,0,0,0,0,0,0,0,0,0,0,0,0.265042707324028,0,0.355663866273473,0,0,0,0.339136930263561,0,0,0,0,0,0,0,0,0,0,0,0,0,0,0,0,0,0,0,0,0,0,0,0,0,0,0,0,0,0,0,0,0,0,0,0.241858009869854,0.265234619379044,0.346033921791957,0,0
0,0.223358899354935,0,0.194829437066801,0,0.18477218154865,0,0,0,0.174420234560967,0,0,0,0,0,0,0,0,0.285676120422295,0.242394785347738,0,0,0,0,0,0,0,0,0,0,0,0,0,0,0.362912863492966,0.167074597307614,0.1829699203372,0.260770952701569,0,0.231566105359279,0.182559870183468,0.236794955527943,0.215771264443963,0.321027748286724,0,0,0.214478446751513,0.230241596698761,0.209193289279938,0.218921768645357,0,0.196002691984177,0,0,0,0.196779479086399,0,0.254614307197055,0,0,0,0,0.256131481663927,0,0,0,0,0,0,0,0.299130602524831,0,0.296098726987839,0,0,0,0,0,0.239318873708769,0.197019398212433,0.287159236585316,0,0.247983385868767,0.265277027495598,0.240453820167982,0.267856150865555,0
0.293136984109879,0,0.225198300555348,0.228287287056446,0,0.204534903168678,0,0,0,0,0,0,0,0,0,0,0,0,0.306646261678198,0,0,0,0,0,0,0,0,0,0,0,0,0,0,0,0,0.223699674010277,0.177877290785233,0,0,0.209795764940126,0.208741562360436,0.248357106000185,0.27633350925601,0,0.339136930263561,0.214478446751513,0,0.288949178531766,0.255097073289233,0.247760864240783,0,0,0,0,0,0,0.308822610974312,0.254832789301872,0,0,0,0,0.233066848972264,0.234895584977967,0,0,0,0,0,0,0,0,0,0.349164217710495,0,0,0,0,0.228187544005258,0.213539245376798,0,0,0.258037930233463,0.281447619199753,0.261970392142648,0,0
0.265657514333725,0,0,0,0,0,0,0,0.178243808448315,0,0,0,0,0,0,0,0,0,0.217562882229686,0,0,0,0,0,0,0,0,0,0,0,0,0.360657417925738,0.314643707244375,0.478399499662613,0.321750071842268,0.287454192145643,0.233775956841076,0.317072212113999,0.431765737060696,0.300273224485643,0.269677020609379,0.22468675673008,0.252867769359089,0,0,0.230241596698761,0.288949178531766,0,0.341786357648405,0.322671205981782,0,0,0,0,0,0,0,0.263977080583572,0,0,0,0,0,0,0,0,0,0,0,0,0,0,0,0,0.378504195403665,0.376706182133863,0.36812437091421,0.273766101788352,0.382957083917169,0.326972726048578,0.303878421779552,0.418447226297318,0.259250308938172,0.20978102253543,0.345841845093099,0,0.37934011220932
0.181055078393587,0,0.169718452236232,0,0,0,0,0,0.242112442851067,0,0,0,0.176852345466614,0,0.179694905877113,0,0,0,0.198371270769521,0,0,0.171617726484934,0.183879831816349,0,0.206411016319531,0,0,0,0,0,0,0,0.298841997981071,0,0.328727693430015,0.247755487759908,0.19843848581825,0.49344702064991,0.224179500959954,0.300508320331573,0.169447143471824,0.188697502017021,0.202466631709726,0,0,0.209193289279938,0.255097073289233,0.341786357648405,0,0.320561581055323,0.129995658993721,0,0,0,0.238415959211745,0,0.230152215522069,0,0.191331181675196,0,0.230475824545411,0,0,0,0.167738780379295,0.201409580770775,0,0.219642090744206,0,0.20712253398755,0,0.203115641617503,0,0.230983578779312,0.341220408678055,0.222880908736476,0.415418088436127,0.259214186144096,0.329340606927872,0.221667328978036,0.398023883501689,0.231660720785022,0.23471902267951,0,0.252612295723275,0,0.328687101602554
0,0.17523199790643,0,0.196046580217387,0,0.188070866279304,0,0,0,0.190828070044518,0,0.278275430202484,0,0.186874762177467,0,0.201149731226589,0,0,0.225474245694219,0,0,0.184533452864775,0,0.206896290183067,0,0,0,0,0,0,0,0,0,0.266606211662292,0.294978393862645,0.202907760595453,0.438398540019989,0,0,0.201767583030212,0.223206366101901,0.267246018317138,0.222551771750053,0,0,0.218921768645357,0.247760864240783,0.322671205981782,0.320561581055323,0,0,0.186654794216156,0,0,0,0.193779957294464,0,0.296189123353401,0,0.309538616488377,0,0.177305914581783,0.245385266614683,0,0.187930182495833,0,0.208691217005253,0,0,0,0.243438345990304,0,0.259631091288545,0,0,0.283680163323879,0.263965302124256,0.295209507147471,0.255002117907251,0.283954660097758,0.220681330270093,0,0.236218667970302,0.259582510590553,0.267583527747941,0.278086631248395,0
0,0,0.229469178795815,0,0.187857973754749,0,0.191310690292317,0,0.146010239919027,0,0,0,0,0,0,0,0,0,0,0,0,0,0,0,0,0,0,0,0,0,0,0,0,0,0,0,0,0,0,0,0,0,0,0,0,0,0,0,0.129995658993721,0,0,0,0.208802144933533,0,0.144833455128329,0,0.218549573248157,0,0.178366148899687,0,0.161876632683118,0,0,0,0,0,0,0,0,0,0,0,0,0,0,0,0,0,0,0,0,0,0.173521841117522,0,0.268479559722456,0,0
0,0.19830096914218,0,0.180311235271651,0,0.174873274248658,0,0.149549968049912,0,0.199350058917595,0,0.199282351136208,0,0,0,0,0,0,0,0,0,0,0,0,0,0,0,0,0,0,0,0,0,0,0,0,0,0,0,0,0,0,0,0,0,0.196002691984177,0,0,0,0.186654794216156,0,0,0,0,0,0.180170825485027,0,0.253223880860933,0,0.192706539844855,0,0.179930677765036,0,0,0,0,0,0,0,0,0,0,0,0,0,0,0,0,0,0,0,0,0.170727195640405,0,0,0,0
0,0,0,0,0.182000704547938,0,0.164150353133176,0,0,0,0,0,0,0,0,0,0,0,0,0,0,0,0,0,0,0,0,0,0,0,0,0,0,0,0,0,0,0,0,0,0,0,0,0,0,0,0,0,0,0,0.208802144933533,0,0,0,0,0,0.174379121512175,0,0.177750472636784,0,0,0,0,0,0,0,0,0,0,0,0,0,0,0,0,0,0,0,0,0,0,0,0.163794025554693,0,0,0,0
0,0,0,0,0,0,0,0.16559693915877,0,0,0,0.201723013500698,0,0.151898175477982,0,0,0,0,0,0,0,0,0,0,0,0,0,0,0,0,0,0,0,0,0,0,0,0,0,0,0,0,0,0,0,0,0,0,0,0,0,0,0,0,0,0,0,0.195950429852403,0,0,0,0,0,0,0,0,0,0,0,0,0,0,0,0,0,0,0,0,0,0,0,0,0.166911156935112,0,0,0,0
0.192240927786974,0,0.147500280208058,0,0.143732420373254,0,0,0,0.184919433478785,0,0,0,0.178382232785225,0,0.16609118382136,0,0.170758525530497,0,0.206762939691544,0,0,0,0,0,0.307562458921563,0,0,0,0,0,0,0,0,0,0,0,0.147554636001587,0,0.15013325214386,0,0,0,0,0,0,0,0,0,0.238415959211745,0,0.144833455128329,0,0,0,0,0,0,0,0,0,0.228945625202538,0,0,0,0,0,0,0.24980751285411,0,0.242830040554206,0,0,0,0,0,0,0,0,0,0,0,0.347680441003579,0.165939611708843,0.188108006119728,0.210948014259338,0,0
0,0.258890391953226,0,0.148280886993293,0,0.142202926107815,0,0,0,0.243955917343281,0,0,0,0,0,0.166737843304873,0,0,0.196106889418193,0,0,0,0,0.212935358285904,0,0,0,0,0,0,0,0,0,0,0,0,0,0.21891371011734,0,0.238372206687927,0,0.260866490633864,0,0,0,0.196779479086399,0,0,0,0.193779957294464,0,0.180170825485027,0,0,0,0,0,0.204610764980316,0,0,0,0.189587561090787,0,0,0,0,0.217965925888469,0,0,0,0,0,0,0,0,0,0,0,0,0,0,0,0.215014801498075,0,0.250930214685107,0.222521108388901,0
0.206274976332982,0,0.223540087158863,0,0.219562262296677,0,0.163612388354495,0,0,0,0.185190435588171,0,0.173094345925792,0,0,0,0,0,0,0,0.237451523709624,0,0,0,0,0,0,0,0.18807145083944,0,0.163976478407968,0,0,0,0,0,0,0,0.164549854314216,0,0,0,0.316528068648444,0,0,0,0.308822610974312,0,0.230152215522069,0,0.218549573248157,0,0.174379121512175,0,0,0,0,0,0.192856983721346,0,0.189883696682313,0,0,0.261840586846103,0,0,0,0,0,0,0,0.295593457839042,0,0.268384981389403,0,0,0,0,0,0,0,0.235398889297531,0.146100773504286,0.117127089202404,0.325742466331093,0,0
0,0.242522023618221,0,0.218755351085412,0,0.23238149009369,0,0.179093728836318,0,0.183052510023117,0,0.187643458734386,0,0.182726713306567,0,0,0,0,0.269317178262605,0.175068754684982,0,0,0,0,0,0,0,0.183440658450127,0,0.18257524043958,0,0,0,0,0,0.211038922891021,0,0.179066246747971,0,0.250880521039168,0.197964325547218,0.299594251103089,0.247040763497353,0.333785369992256,0,0.254614307197055,0.254832789301872,0.263977080583572,0,0.296189123353401,0,0.253223880860933,0,0.195950429852403,0,0.204610764980316,0,0,0,0.284854987998309,0,0.330153038104375,0.230480978280908,0,0,0,0,0,0.283913157880306,0,0.259895198856463,0,0.238699132724937,0,0,0,0,0,0.25038129389286,0,0.266505188982074,0,0.17516478718054,0.189598526273455,0.319137426579403,0.330865457653999,0
0.176238611340523,0,0.210052197568872,0,0.175855413982362,0,0.176813724824763,0,0,0,0.169577959045491,0,0.166050218003553,0,0.164502453708718,0,0,0,0,0,0,0,0,0,0,0,0.136413995921612,0,0.149969045008565,0,0,0,0,0,0,0,0,0,0,0,0,0,0,0,0,0,0,0,0.191331181675196,0,0.178366148899687,0,0.177750472636784,0,0,0,0.192856983721346,0,0,0,0.162855871415769,0,0,0,0,0,0,0,0,0.188778235183822,0,0.212874270184378,0,0,0,0,0,0,0,0,0,0,0.169110926254344,0.166489480105975,0.233763528084327,0,0
0,0,0,0.225502614947883,0,0.187450297790415,0,0.148957830199525,0,0,0,0.18051516809943,0,0.17234962515165,0,0.17302961276502,0,0,0,0,0,0,0,0,0,0.178038753569126,0,0.190232291033393,0,0.189591747191217,0,0,0,0,0,0,0,0,0,0.230719491839409,0,0,0,0,0,0,0,0,0,0.309538616488377,0,0.192706539844855,0,0,0,0,0,0.284854987998309,0,0,0,0.193690440479046,0,0,0,0,0,0,0.236337471674097,0,0.204777156728297,0,0.156435549259186,0,0,0,0,0,0,0,0,0,0.173058904142994,0.169048987329006,0.309139654824608,0,0
0.224104009253878,0,0.166191464191989,0,0.158517852425575,0,0,0,0,0,0,0,0.153389227635498,0,0.156499115735527,0,0.158939358437717,0.132316783070564,0,0,0,0,0,0,0,0,0.166048739726345,0,0.151074022054672,0,0,0,0,0,0,0,0,0,0,0,0,0,0,0,0,0,0,0,0.230475824545411,0,0.161876632683118,0,0,0,0.228945625202538,0,0.189883696682313,0,0.162855871415769,0,0,0,0,0,0,0,0,0.208801284432411,0,0.196931930453134,0,0.168415356766094,0,0,0,0,0,0,0,0,0,0,0.159624412762267,0.205743867490027,0.217311225831509,0,0
0,0.194837193346131,0,0.149936683716313,0,0.180883348745815,0,0,0,0.161856128469757,0,0,0,0.173815557970133,0,0.190694423723985,0,0.143159061670303,0,0,0,0,0,0,0,0.161504861186532,0,0.172169484990708,0,0,0,0,0,0,0,0,0,0,0,0,0,0,0,0,0,0,0,0,0,0.177305914581783,0,0.179930677765036,0,0,0,0.189587561090787,0,0.330153038104375,0,0.193690440479046,0,0,0,0,0,0,0,0,0.205724865198135,0,0.186826897440133,0,0,0,0,0,0,0,0,0,0,0,0.203941239338172,0.246839947998524,0,0,0
0,0,0,0.215788035205117,0,0.193137146532536,0,0.126778315338824,0,0.184172943234444,0,0.139658122995475,0,0,0,0,0,0,0.306941645710092,0.163942360359689,0,0,0,0,0,0,0,0,0,0.233762040734291,0,0,0,0,0,0.16839137504076,0.194654688239098,0.224980992078781,0,0.22687870684792,0,0.320365046545611,0.23935163517793,0.399430957436562,0,0.256131481663927,0.233066848972264,0,0,0.245385266614683,0,0,0,0,0,0,0,0.230480978280908,0,0,0,0,0,0,0,0,0,0,0,0,0.296279218243925,0,0.290060986559112,0,0,0,0,0,0.207480129365913,0,0.299293594315038,0,0.160582282148593,0.282430440187454,0.27093879784312,0.35416322350502,0
0,0,0,0,0,0,0,0,0,0,0.152732817722218,0,0,0,0,0,0,0,0.261114403605461,0,0.184310109204597,0,0,0,0,0,0,0,0,0,0,0,0,0,0,0,0.146668307445376,0,0.165882294338037,0,0.236710977166092,0,0.313636702485383,0,0,0,0.234895584977967,0,0,0,0,0,0,0,0,0,0.261840586846103,0,0,0,0,0,0,0,0,0,0,0,0,0,0,0.294052743911743,0,0.306219326241596,0,0,0,0,0,0.211792741822619,0,0.17278113819304,0.1528509626145,0,0.302361847771497,0,0.430742621421814
0,0,0,0,0,0,0,0,0,0,0,0,0,0,0,0,0,0,0,0,0,0.164847458793033,0.120286897710729,0.129006423056126,0,0.16978552427592,0,0.158704290878685,0,0,0,0,0,0,0,0,0,0.18437712684968,0.125498821338018,0,0,0,0,0,0,0,0,0,0.167738780379295,0.187930182495833,0,0,0,0,0,0,0,0,0,0,0,0,0,0,0,0.136424513653331,0.118721293906371,0,0.17690520523035,0,0.178638137224858,0,0,0,0,0,0.159041067585349,0,0,0,0.208720882713162,0.0981519892811775,0.155994828799763,0.162424792602303,0,0,0
0,0,0,0,0,0,0,0,0,0,0,0,0,0,0,0,0.175272956490517,0,0,0,0,0.103227482615984,0.155460184007542,0,0.203255081520631,0,0.158493589877034,0,0.15534004807299,0,0,0,0,0,0,0,0,0,0.156257916468641,0,0,0,0,0,0,0,0,0,0.201409580770775,0,0,0,0,0,0,0,0,0,0,0,0,0,0,0,0.136424513653331,0,0,0.200758829788,0,0.219799166015789,0,0.186728505284401,0,0,0,0,0,0,0,0,0,0.214333743158185,0.135609446916865,0.166736785322428,0,0,0
0,0.217273234152326,0,0,0,0,0,0,0,0.168163458831975,0,0,0,0,0,0,0,0,0.168505105121834,0,0,0.134590040414761,0,0.170025286091938,0,0.202317259141377,0,0,0,0,0,0,0,0,0,0,0,0.169067972464793,0,0,0,0,0,0,0,0,0,0,0,0.208691217005253,0,0,0,0,0,0.217965925888469,0,0,0,0,0,0,0,0,0.118721293906371,0,0,0,0,0,0,0,0,0,0,0,0,0,0,0,0.274442627558725,0,0.178064961346888,0,0.199616421546255,0,0
0.241847467422485,0,0,0,0,0,0,0,0.206491531758774,0,0,0,0,0,0,0,0.159264743328094,0,0.13412387855351,0,0,0,0.171005013585091,0,0.186419752873774,0,0.145527986566658,0,0,0,0,0,0,0,0,0,0,0,0.17493466671024,0,0,0,0.137404680252075,0,0,0,0,0,0.219642090744206,0,0,0,0,0,0.24980751285411,0,0,0,0,0,0.208801284432411,0,0,0,0,0.200758829788,0,0,0,0.20645095979174,0,0.213796054323514,0,0,0,0,0,0,0,0,0,0.306331333227274,0.160320956955353,0.209420830011368,0,0,0
0,0,0,0,0,0,0,0,0,0,0,0,0,0.183734614402056,0,0.187823638319969,0,0.164779845560562,0,0,0,0.17278059761026,0,0.137871563434601,0,0.171232407176885,0,0.154684264072473,0,0,0,0,0,0,0,0,0,0,0,0,0,0,0,0,0,0,0,0,0,0,0,0,0,0,0,0,0,0.283913157880306,0,0.236337471674097,0,0.205724865198135,0,0,0.17690520523035,0,0,0,0,0,0.154843333860238,0,0,0,0,0,0,0,0,0,0,0,0.159463156818175,0.134425386786461,0,0,0
0.23304104542031,0,0,0,0,0,0,0,0,0,0,0,0.139447754878422,0,0.167495631147176,0,0.145389615583259,0,0.218827158212662,0,0,0,0.157135584487997,0,0.17799993094645,0,0.157956231269957,0,0.137292600140489,0,0,0,0,0,0,0,0,0,0,0,0,0,0,0,0,0,0,0,0.20712253398755,0,0,0,0,0,0.242830040554206,0,0,0,0.188778235183822,0,0.196931930453134,0,0,0,0,0.219799166015789,0,0.20645095979174,0,0,0,0.198732938274182,0,0,0,0,0,0,0,0,0,0,0.155347302731346,0,0,0,0
0,0,0,0.254644751548767,0,0,0,0,0,0,0,0.193961422385708,0,0.160983834943149,0,0.176325020566583,0,0.157178193330765,0.30445773260934,0.267721701413393,0,0.142575592375719,0,0,0,0.157298792315566,0,0.160394506450073,0,0.156392196770839,0,0,0,0,0,0,0,0.187861145952263,0,0.323704451322556,0,0.306464395696117,0,0.334064215421677,0,0.299130602524831,0,0,0,0.243438345990304,0,0,0,0,0,0,0,0.259895198856463,0,0.204777156728297,0,0.186826897440133,0.296279218243925,0,0.178638137224858,0,0,0,0.154843333860238,0,0,0,0.238427618426168,0,0,0,0,0,0.267929385105769,0,0.210820161354187,0,0.162657182989738,0.179037535419831,0.312277777536401,0.332952350378036,0
0,0,0,0,0,0,0,0,0,0,0.165630653500557,0,0.152418644112699,0,0.157150286842476,0,0.136631111658755,0,0,0,0,0,0.139188826613956,0,0.223375573754311,0,0.161628484016373,0,0.154688075889417,0,0.170792356133461,0,0,0,0,0,0,0,0.15859318123414,0,0,0,0,0,0,0,0,0,0.203115641617503,0,0,0,0,0,0,0,0.295593457839042,0,0.212874270184378,0,0.168415356766094,0,0,0.294052743911743,0,0.186728505284401,0,0.213796054323514,0,0.198732938274182,0,0,0,0.273451020044309,0,0,0,0,0,0,0,0.172279229460287,0.140617705974265,0.144466547735372,0.312609905997912,0,0
0,0,0,0.271788120269775,0,0,0,0,0,0,0,0.197635687815333,0,0,0,0,0,0,0.313244694471359,0.250408057655607,0,0,0,0,0,0,0,0.167966778945009,0,0.176070818261189,0,0,0,0,0,0.239284783601761,0,0.167888451814651,0,0.298593819141388,0,0.339844448626905,0,0.406542047858238,0,0.296098726987839,0,0,0,0.259631091288545,0,0,0,0,0,0,0,0.238699132724937,0,0.156435549259186,0,0,0.290060986559112,0,0,0,0,0,0,0,0.238427618426168,0,0,0,0,0,0,0,0.305645768841108,0,0.288191824675875,0,0.179292127582713,0.167942354083061,0.347041089047668,0.369082676039802,0
0.259089946746826,0,0,0,0,0,0,0,0,0,0.189111806973136,0,0.18051715195179,0,0,0,0,0,0,0,0.313731501936913,0,0,0,0,0,0,0,0.167776608779546,0,0.169397564008999,0,0,0,0,0,0,0,0.175639770286424,0,0,0,0.307325524548369,0,0,0,0.349164217710495,0,0.230983578779312,0,0,0,0,0,0,0,0.268384981389403,0,0,0,0,0,0,0.306219326241596,0,0,0,0,0,0,0,0.273451020044309,0,0,0,0,0,0,0,0,0,0.256765620927344,0.17576419867453,0.168357166376981,0.354248599205753,0,0.248076424002647
0,0,0,0,0,0,0,0,0,0,0,0,0,0,0,0,0,0,0,0,0,0,0,0,0,0,0,0,0,0,0,0.19340598146682,0.190673161011476,0.268807142547199,0.306170579265146,0.180674086844141,0.164526546834618,0.295735120773315,0,0,0,0,0,0,0,0,0,0.378504195403665,0.341220408678055,0,0,0,0,0,0,0,0,0,0,0,0,0,0,0,0,0,0,0,0,0,0,0,0,0,0,0.314802361534488,0.271494116099289,0.308542523047198,0.229924132355111,0.339530366359227,0.311914447695017,0,0.194789895269929,0,0,0,0
0,0,0,0,0,0,0,0,0,0,0,0,0,0,0,0,0,0,0,0,0,0,0,0,0,0,0,0,0,0,0,0.182377460903885,0.224271828539955,0.219550038377444,0.198354658835074,0.251514175534248,0.165726635924407,0,0,0,0,0,0,0,0,0,0,0.376706182133863,0.222880908736476,0.283680163323879,0,0,0,0,0,0,0,0,0,0,0,0,0,0,0,0,0,0,0,0,0,0,0,0,0.314802361534488,0,0.255179552058888,0.274319443853562,0.304914694058042,0.244817469153871,0.303381130099297,0,0.184578387747172,0,0.297105020284653,0,0
0,0,0,0,0,0,0,0,0,0,0,0,0,0,0,0,0,0,0,0,0,0.166612756722852,0.131909262388945,0,0,0,0,0,0,0,0,0.227306839458796,0.278495686394828,0.252681300550982,0.228860345398281,0.226966584494355,0,0.236254668212032,0.210674690703551,0,0,0,0,0,0,0,0,0.36812437091421,0.415418088436127,0.263965302124256,0,0,0,0,0,0,0,0,0,0,0,0,0,0,0.159041067585349,0,0,0,0,0,0,0,0,0,0.271494116099289,0.255179552058888,0,0.244941896095394,0.275118539328858,0.299913590153058,0.291766556974341,0.332379736643743,0.188373371819655,0.189696467848438,0.354031722992659,0,0
0,0,0,0,0,0,0,0,0.234538853168488,0,0,0,0,0,0,0,0,0,0,0,0,0,0.212023440003395,0,0,0,0,0,0,0,0,0.29791796207428,0.243765742038236,0.192732897967193,0.242377678383272,0.238633349537849,0.195073034200403,0.183245934545994,0.219795992057952,0,0,0,0.238491922616959,0,0,0,0,0.273766101788352,0.259214186144096,0.295209507147471,0,0,0,0,0,0,0,0,0,0,0,0,0,0,0,0,0,0,0,0,0,0,0,0,0.308542523047198,0.274319443853562,0.244941896095394,0,0.299431146275285,0.281229558668724,0.227800538929382,0.216702672941074,0.191466018881928,0.200879488479007,0.326938785448834,0,0
0,0.309272289276123,0,0.237414048225791,0,0.194493715961774,0,0,0,0.202359840273857,0,0.263923764228821,0,0,0,0,0,0,0.308246893097174,0.193901029342784,0,0,0,0,0,0,0,0,0,0,0,0.331684606014103,0.261154999488226,0.182548468646398,0.304841329080467,0.171515527016214,0.149688145332786,0.196596674162789,0,0.221091552918984,0,0.290889223738621,0.233018908988346,0.381555736064911,0,0.239318873708769,0.228187544005258,0.382957083917169,0.329340606927872,0.255002117907251,0,0,0,0,0,0,0,0.25038129389286,0,0,0,0,0.207480129365913,0,0,0,0,0,0,0,0.267929385105769,0,0.305645768841108,0,0.229924132355111,0.304914694058042,0.275118539328858,0.299431146275285,0,0.31973824003998,0.230999086715399,0,0.164243438727743,0.166760751619715,0.326478783300343,0.32617438835663,0
0,0,0,0,0,0,0,0,0,0,0.109606479853392,0,0,0,0,0,0,0,0,0,0.152108597790016,0,0,0,0,0,0,0,0,0,0,0.202118352226174,0.281419542609226,0,0.160077757759783,0.177095494848309,0.168717102088728,0,0.15201595402028,0.287184327840805,0.239746512051787,0,0.329605381935835,0,0,0.197019398212433,0.213539245376798,0.326972726048578,0.221667328978036,0.283954660097758,0,0,0,0,0,0,0,0,0,0,0,0,0,0.211792741822619,0,0,0,0,0,0,0,0,0,0,0.339530366359227,0.244817469153871,0.299913590153058,0.281229558668724,0.31973824003998,0,0,0.213856307615912,0.168295983860439,0.194641392754049,0.285287341030649,0,0.346832136313121
