0,0,0.140050122768973,0,0.14865892380476,0,0,0,0.13007200880996,0,0,0,0,0,0,0,0.227235964366368,0,0.206542464797614,0,0,0,0,0,0,0,0,0,0,0,0,0,0,0,0,0,0,0,0.153908752491453,0,0.270097877943155,0.318269163370132,0.241629537603038,0,0.226501181721687,0,0.258290119694941,0.279939979314804,0.24695065865914,0,0,0,0,0,0.138652519156882,0,0.161956884396764,0,0.1921128295362,0,0.112669437277046,0,0,0,0,0,0,0,0,0,0,0,0,0.236030176281929,0,0,0,0,0,0,0,0.163299555388781,0.153920050853124,0.16041217982769,0.188075196912399,0,0.258869230747223
0,0,0,0.129696248172412,0,0,0,0,0,0.134527417571539,0,0,0,0,0,0,0,0,0,0,0,0,0,0,0,0,0,0,0,0,0,0,0,0,0,0,0,0,0,0,0,0.126938193504299,0,0.368239283561707,0,0,0,0,0,0.110001566509406,0,0,0,0,0,0.131725789518705,0,0,0,0.113911142306668,0,0.118747194812578,0,0,0,0,0.198367598853754,0,0,0,0,0,0,0,0,0,0,0,0,0,0,0,0.179432944093544,0.208717288449407,0.16086123172791,0,0
0.140050122768973,0,0,0,0.100082985421484,0,0,0,0.10755214819535,0,0,0,0,0,0,0,0,0,0.191065020276153,0,0.165246795862913,0,0,0,0,0,0,0,0,0,0,0,0,0,0,0.150191083550453,0.156233830798057,0,0.192572607235475,0,0.182386920664662,0,0.225665506670964,0,0.20897308417729,0,0.188779999676127,0,0.126252811816004,0,0.176096315705968,0,0,0,0.125393243506551,0,0.165968366960684,0,0.132150032323041,0,0.118733904617173,0,0,0.222162191630215,0,0,0,0,0,0,0,0,0,0.24337100982666,0,0,0,0,0,0.20137194056217,0,0,0.157692912652498,0.145497990151246,0.18298642605678,0,0
0,0.129696248172412,0,0,0,0,0,0,0,0.134688287581268,0,0,0,0,0,0,0,0,0,0,0,0,0,0,0,0,0,0,0,0,0,0,0,0,0,0,0,0,0,0,0,0,0,0,0,0,0,0,0,0.117139302387139,0,0,0,0,0,0.124461512798102,0,0,0,0.113990803807974,0,0.115206541493535,0,0,0,0,0,0,0,0,0,0,0,0,0,0,0,0,0,0,0,0,0.151324016212578,0,0,0,0
0.14865892380476,0,0.100082985421484,0,0,0,0,0,0.160987102985382,0,0,0,0,0,0,0,0,0,0,0,0.14025416970253,0,0,0,0,0,0,0,0,0,0,0,0,0,0,0,0.158421695232391,0,0,0,0,0,0,0,0,0,0.195380225777626,0,0,0,0.170151289857802,0,0.169093755975602,0,0.0966229146967332,0,0.153644055128098,0,0.135019072830075,0,0,0,0,0.169885326709066,0,0,0,0,0,0,0,0,0,0,0,0,0,0,0,0.162694620589415,0,0,0.1559645436248,0.200003400808427,0.141009423314341,0,0
0,0,0,0,0,0,0,0,0,0.16678109102779,0,0,0,0,0,0.167726532979445,0,0,0,0,0,0,0,0,0,0,0,0,0,0,0,0,0,0,0,0,0,0,0,0,0,0,0,0,0,0,0,0,0,0,0,0.197219941532239,0,0.181101620197296,0,0,0,0,0,0,0,0.167031094431877,0,0,0,0,0,0,0,0,0,0,0,0,0,0,0,0,0,0,0,0,0.15667237655407,0.159088645043761,0,0,0
0,0,0,0,0,0,0,0,0,0,0,0,0,0,0,0,0,0,0,0,0,0,0,0,0,0,0,0,0,0,0,0,0,0,0,0,0,0,0,0,0,0,0,0,0,0,0,0,0,0,0.181785015498891,0,0.162351192791704,0,0,0,0.147093996157249,0,0.151782886410246,0,0,0,0,0,0,0,0,0,0,0,0,0,0,0,0,0,0,0,0,0,0,0,0,0,0,0,0
0,0,0,0,0,0,0,0,0,0,0,0.191739842295647,0,0.199156731367111,0,0,0,0,0,0,0,0,0,0,0,0,0,0,0,0,0,0,0,0,0,0,0,0,0,0,0,0,0,0,0,0,0,0,0,0,0,0.169650309961142,0,0.186817873913298,0,0,0,0.182111016728661,0,0.128440799339423,0,0,0,0,0,0,0,0,0,0,0,0,0,0,0,0,0,0,0,0,0,0,0.168829649686813,0.209890400821512,0,0,0
0.13007200880996,0,0.10755214819535,0,0.160987102985382,0,0,0,0,0,0,0,0,0,0,0,0.188023732818035,0,0.200243420806475,0,0,0,0,0,0,0,0,0,0,0,0,0,0,0,0,0,0,0,0.205023503303528,0,0.235754348910772,0,0.189073881104825,0,0,0,0.22415070448603,0,0.245706006884575,0,0,0,0,0,0.213903197774389,0,0,0,0,0,0.151436343789101,0,0,0,0,0,0,0,0,0,0,0,0,0,0,0,0,0,0,0,0,0.271397858858109,0.179078088549922,0.170222548354003,0.216056388106432,0,0
0,0.134527417571539,0,0.134688287581268,0,0.16678109102779,0,0,0,0,0,0,0,0,0,0.182784070189183,0,0.180078057731901,0.139160285393397,0,0,0,0,0.204888328909874,0,0,0,0.175616435706615,0,0,0,0,0,0,0,0,0,0,0,0,0,0.136210353424152,0,0,0,0,0,0,0,0.0879820138216019,0,0,0,0,0,0.16027664549129,0,0,0,0,0,0.180584328423301,0,0,0,0,0.216305567668034,0,0,0,0,0,0,0,0,0,0,0,0,0,0,0,0.168231399584329,0.196224768960945,0.147371940137375,0,0
0,0,0,0,0,0,0,0,0,0,0,0,0,0,0,0,0,0,0,0,0.142797214218548,0,0,0,0,0,0,0,0,0,0.297374164446806,0,0,0,0,0,0,0,0.237966304997993,0,0,0,0,0,0,0,0,0,0,0,0,0,0,0,0,0,0.164176693669072,0,0,0,0,0,0,0.152982149393328,0,0,0,0,0,0,0,0,0,0.268595533370972,0,0,0,0,0,0,0,0.203608708580335,0,0,0.149124279618263,0,0
0,0,0,0,0,0,0,0.191739842295647,0,0,0,0,0,0.178572825514353,0,0,0,0,0,0.1613109392163,0,0,0,0,0,0,0,0,0,0.300662516192956,0,0,0,0,0,0.167802512645721,0,0.23521324092475,0,0,0,0,0,0,0,0,0,0,0,0,0,0,0,0,0,0,0,0.208413308383576,0,0.201448883116245,0,0,0.18043264746666,0,0,0,0,0,0,0,0,0,0.241419673172964,0,0,0,0,0,0,0,0.246507480740547,0,0.195212556383549,0.236376691417596,0.139246619343758,0,0
0,0,0,0,0,0,0,0,0,0,0,0,0,0,0,0,0,0,0,0,0,0,0,0,0,0,0,0,0,0,0,0,0,0,0,0,0,0,0,0,0,0,0,0,0,0,0,0,0,0,0,0,0,0,0,0,0.190729996875713,0,0.190090983672049,0,0,0,0,0,0,0,0,0,0,0,0,0,0,0,0,0,0,0,0,0,0,0,0.207509259478404,0.204590978175863,0,0,0
0,0,0,0,0,0,0,0.199156731367111,0,0,0,0.178572825514353,0,0,0,0.156294507639749,0,0.195746141401204,0,0,0,0,0,0,0,0,0,0.230090675642714,0,0,0,0,0,0,0,0,0,0,0,0,0,0,0,0,0,0,0,0,0,0,0,0,0,0,0,0,0,0,0,0.160868147318376,0,0,0,0,0,0,0,0,0,0,0,0,0,0,0,0,0,0,0,0,0,0,0.189301688057981,0.22294457170117,0,0,0
0,0,0,0,0,0,0,0,0,0,0,0,0,0,0,0,0,0,0,0,0,0,0,0,0,0,0,0,0,0,0,0,0,0,0,0,0,0,0,0,0,0,0,0,0,0,0,0,0,0,0,0,0,0,0,0,0,0,0,0,0,0,0,0,0,0,0,0,0,0,0,0,0,0,0,0,0,0,0,0,0,0,0.171963542457519,0.171486875590639,0,0,0
0,0,0,0,0,0.167726532979445,0,0,0,0.182784070189183,0,0,0,0.156294507639749,0,0,0,0.185956884463296,0,0,0,0,0,0,0,0,0,0.196575423081716,0,0,0,0,0,0,0,0,0,0,0,0,0,0,0,0,0,0,0,0,0,0,0,0.156692747160685,0,0,0,0,0,0,0,0.152131335301833,0,0.157706052064896,0,0,0,0,0,0,0,0,0,0,0,0,0,0,0,0,0,0,0,0,0.194146398203859,0.200031933362208,0,0,0
0.227235964366368,0,0,0,0,0,0,0,0.188023732818035,0,0,0,0,0,0,0,0,0.151486831429925,0.212542626347724,0,0,0,0.247901726479285,0,0.199019555002451,0,0.243460031536718,0,0.225450805746592,0,0,0,0,0,0,0,0,0,0,0,0.221891698205755,0.148396380245686,0.176956717098175,0.169956237077713,0.145326092839241,0,0.253360669612885,0,0,0,0,0,0,0,0,0,0,0,0.187262862920761,0,0,0,0,0,0,0.23198638856411,0,0,0,0.223998074020658,0,0.220758886386951,0,0,0,0,0,0,0,0.201656386256218,0,0,0.179824344877726,0.16523546906547,0.241636667083553,0,0.188510651771839
0,0,0,0,0,0,0,0,0,0.180078057731901,0,0,0,0.195746141401204,0,0.185956884463296,0.151486831429925,0,0.247068054914748,0,0,0.216296169161797,0,0.258554408947627,0,0.174045756459236,0,0.178863791045764,0,0,0,0,0,0,0,0,0,0,0,0,0,0,0,0,0,0,0,0,0,0,0,0,0,0,0,0,0,0,0,0,0,0.190363888628781,0,0,0.207675120660237,0,0.251376658678055,0,0,0,0,0,0,0,0,0,0,0,0,0,0,0,0.194824077826184,0.171652487028729,0,0,0
0.206542464797614,0,0.191065020276153,0,0,0,0,0,0.200243420806475,0.139160285393397,0,0,0,0,0,0,0.212542626347724,0.247068054914748,0,0,0,0,0,0,0.135914653539658,0,0,0,0,0,0,0,0,0,0,0,0,0,0.186640456318855,0.159264268619674,0.259105936841601,0.15184135088939,0.197231322305989,0.1992320277465,0.197061256621964,0.288483195135239,0.283976990602023,0,0.238600075244904,0,0,0,0,0,0,0,0.208763315665479,0,0.197403291022623,0,0.183249741792679,0,0,0.273764796555042,0,0,0,0,0,0,0,0,0.172790663937728,0.238716111280197,0,0,0,0,0.204423062503338,0.240753459130845,0,0.253230749292577,0.181562544555536,0.171076078169249,0.2540831077394,0.142183632248168,0.196796866895021
0,0,0,0,0,0,0,0,0,0,0,0.1613109392163,0,0,0,0,0,0,0,0,0,0,0,0,0,0,0,0,0,0,0,0,0,0,0,0.213515429001934,0,0.189466150308197,0,0,0,0,0,0,0,0,0,0,0,0,0,0,0,0,0,0,0,0.160989751701787,0,0,0,0,0.183990033852157,0,0,0,0,0,0,0,0,0,0.178716663271189,0,0,0,0,0,0.182020127773285,0,0,0,0.192721455235674,0,0.135366590693593,0,0
0,0,0.165246795862913,0,0.14025416970253,0,0,0,0,0,0.142797214218548,0,0,0,0,0,0,0,0,0,0,0,0,0,0,0,0,0,0,0,0,0,0,0,0,0,0.171388407903058,0,0.184967711567879,0,0,0,0,0,0,0,0,0,0,0,0.20217153429985,0,0,0,0,0,0.152974566066624,0,0.21600741147995,0,0,0,0,0.176037487219757,0,0,0,0,0,0,0,0,0,0,0,0,0,0,0,0.178763244821373,0,0.163882695138454,0.149687054352118,0,0.161011004447937,0,0
0,0,0,0,0,0,0,0,0,0,0,0,0,0,0,0,0,0.216296169161797,0,0,0,0,0.198070047838377,0.203773897825455,0.238603517413139,0,0,0,0,0,0,0,0,0,0,0,0,0.228851085249204,0,0,0,0,0,0,0,0,0,0,0,0.154155433177948,0,0,0,0,0,0,0,0,0,0,0,0,0,0,0.244723923601348,0.184569384924052,0.196216725640827,0,0,0,0,0,0,0,0,0,0,0,0,0,0.182877813220321,0,0.228471005150527,0.265508616346739,0,0,0
0,0,0,0,0,0,0,0,0,0,0,0,0,0,0,0,0.247901726479285,0,0,0,0,0.198070047838377,0,0,0.188825515199857,0,0.286194741725922,0,0,0,0,0,0,0,0,0,0,0,0.207922189150538,0,0,0,0,0,0,0,0,0,0,0,0,0,0,0,0,0,0,0,0,0,0,0,0,0,0.247009546632242,0.178598002072651,0,0.212247130126716,0,0,0,0.229545797194753,0,0,0,0,0,0,0,0,0,0,0.245149225006474,0.226699948806639,0,0,0
0,0,0,0,0,0,0,0,0,0.204888328909874,0,0,0,0,0,0,0,0.258554408947627,0,0,0,0.203773897825455,0,0,0,0,0,0,0,0,0,0,0,0.223519682884216,0,0,0,0.229125467594713,0,0,0,0,0,0,0,0,0,0,0,0.203268054127693,0,0,0,0,0,0,0,0,0,0,0,0,0,0,0.230779732887944,0,0.215373921462081,0,0,0,0,0,0,0,0,0,0.220993220806122,0,0,0,0.196870632907924,0,0.229486284445423,0,0.263406068086624,0,0
0,0,0,0,0,0,0,0,0,0,0,0,0,0,0,0,0.199019555002451,0,0.135914653539658,0,0,0.238603517413139,0.188825515199857,0,0,0,0,0,0,0,0,0,0,0,0,0,0,0,0.194417809850948,0,0,0,0.110174726694822,0,0,0,0,0.406666499376297,0,0.423724323511124,0,0,0,0,0,0,0,0,0,0,0,0,0,0,0,0.192781936377287,0,0.210545993513531,0,0,0,0,0,0,0,0,0,0,0,0,0,0,0.226615920421566,0.238943154613177,0,0,0
0,0,0,0,0,0,0,0,0,0,0,0,0,0,0,0,0,0.174045756459236,0,0,0,0,0,0,0,0,0,0,0,0,0,0,0,0,0,0,0,0,0,0,0,0,0,0,0,0,0,0,0,0,0,0,0,0,0,0,0,0,0,0,0,0,0,0,0,0,0,0,0,0,0,0,0,0,0,0,0,0,0,0,0,0,0.17805565521121,0,0,0,0
0,0,0,0,0,0,0,0,0,0,0,0,0,0,0,0,0.243460031536718,0,0,0,0,0,0.286194741725922,0,0,0,0,0,0,0,0,0,0,0,0,0,0,0,0,0,0,0,0,0,0,0,0,0,0,0,0,0,0,0,0,0,0,0,0,0,0,0,0,0,0,0,0,0,0,0,0,0,0,0,0,0,0,0,0,0,0,0,0.260979816914932,0,0,0,0
0,0,0,0,0,0,0,0,0,0.175616435706615,0,0,0,0.230090675642714,0,0.196575423081716,0,0.178863791045764,0,0,0,0,0,0,0,0,0,0,0,0.267175091101843,0,0,0,0,0,0,0,0,0,0,0,0,0,0,0,0,0,0,0,0,0,0,0,0,0,0,0,0,0,0,0,0,0,0,0,0,0,0,0,0,0.144207530788013,0,0.232589309414228,0,0,0,0,0,0,0,0,0,0.233663989305981,0.242227016153875,0,0,0
0,0,0,0,0,0,0,0,0,0,0,0,0,0,0,0,0.225450805746592,0,0,0,0,0,0,0,0,0,0,0,0,0,0.234831946236747,0,0,0,0,0,0,0,0.21423273513446,0,0,0,0,0,0,0,0,0,0,0,0,0,0,0,0,0,0,0,0.182391925669107,0,0,0,0,0,0,0,0,0,0,0,0,0.221701985147047,0,0.218111582100391,0,0,0,0,0,0,0,0.205586796457117,0.226219074745384,0.21736862231046,0,0,0
0,0,0,0,0,0,0,0,0,0,0,0.300662516192956,0,0,0,0,0,0,0,0,0,0,0,0,0,0,0,0.267175091101843,0,0,0,0,0,0,0,0,0,0,0,0,0,0,0,0,0,0,0,0,0,0,0,0,0,0,0,0,0,0.289203435182571,0,0,0,0,0,0,0,0,0,0,0,0,0.269660538328545,0,0.198048576712608,0,0,0,0,0,0,0,0,0,0.182994596441002,0.198747379084428,0,0,0
0,0,0,0,0,0,0,0,0,0,0.297374164446806,0,0,0,0,0,0,0,0,0,0,0,0,0,0,0,0,0,0.234831946236747,0,0,0,0,0,0,0,0,0,0.244685091244908,0,0,0,0,0,0,0,0,0,0,0,0,0,0,0,0,0,0.263011443771814,0,0,0,0,0,0,0,0,0,0,0,0,0,0,0.226896071472229,0,0.226210376234363,0,0,0,0,0,0,0,0.199064013400421,0,0,0,0,0
0,0,0,0,0,0,0,0,0,0,0,0,0,0,0,0,0,0,0,0,0,0,0,0,0,0,0,0,0,0,0,0,0.223730464997752,0.25749002115859,0.249941248785366,0,0.255146688818932,0,0,0,0,0,0,0,0,0,0,0.281550772418831,0.337017199969223,0.345116612315178,0,0,0,0,0,0,0,0,0,0,0,0,0,0,0,0,0,0,0,0,0,0,0,0,0.275108652447763,0.241769812913588,0.219286582287336,0,0.296259969472885,0.248436857237775,0,0,0.232589170336723,0,0,0,0
0,0,0,0,0,0,0,0,0,0,0,0,0,0,0,0,0,0,0,0,0,0,0,0,0,0,0,0,0,0,0,0.223730464997752,0,0.219271999961391,0.326916416486104,0.249064148992908,0.248020335458792,0,0,0,0,0,0,0,0,0,0,0.274201106936579,0.346795111894608,0.322532286698168,0,0,0,0,0,0,0,0,0,0,0,0,0,0,0,0,0,0,0,0,0,0,0,0,0.243779226543679,0.255834146933215,0.213352285739448,0,0.266774572134018,0.239601432294636,0,0,0.257736943041285,0,0,0,0
0,0,0,0,0,0,0,0,0,0,0,0,0,0,0,0,0,0,0,0,0,0,0,0.223519682884216,0,0,0,0,0,0,0,0.25749002115859,0.219271999961391,0,0.240733987301614,0,0.173403183296496,0.314487028867006,0,0,0,0,0,0,0,0,0,0.279938712692299,0.259676042379755,0,0,0,0,0,0,0,0,0,0,0,0,0,0,0,0,0,0,0,0,0,0,0,0,0,0.24417114927285,0.209963856057988,0.253580688091747,0.261738962090084,0.16041108717521,0,0.2655849915487,0.311623752117157,0.192663541560372,0,0,0,0
0,0,0,0,0,0,0,0,0,0,0,0,0,0,0,0,0,0,0,0,0,0,0,0,0,0,0,0,0,0,0,0.249941248785366,0.326916416486104,0.240733987301614,0,0.183530245666151,0.197913601001104,0.387888389229774,0.267716619703505,0,0,0,0,0,0,0,0,0.37373840275838,0,0.44471779399448,0,0,0,0,0,0,0,0,0,0,0,0,0,0,0,0,0,0,0,0,0,0,0,0,0.234025131378855,0.320006075832579,0.242896052188431,0.183767400268051,0,0,0.354845032257878,0.322770863771439,0.204455487665162,0,0,0,0
0,0,0.150191083550453,0,0,0,0,0,0,0,0,0.167802512645721,0,0,0,0,0,0,0,0.213515429001934,0,0,0,0,0,0,0,0,0,0,0,0,0.249064148992908,0,0.183530245666151,0,0.23820503159917,0.160052697445107,0.189807762702306,0.194086593389511,0.331542468307944,0,0,0,0,0,0,0.388510243237568,0.364097738066199,0.18128690123558,0,0,0,0,0,0,0,0,0,0,0,0,0.198802140975044,0,0,0,0,0,0,0,0,0,0,0,0.213333159685135,0.24881830087332,0,0,0.213218750034236,0.227934055595413,0.171469845111595,0,0.210596785363437,0.234897142548124,0.205649518247308,0,0
0,0,0.156233830798057,0,0.158421695232391,0,0,0,0,0,0,0,0,0,0,0,0,0,0,0,0.171388407903058,0,0,0,0,0,0,0,0,0,0,0.255146688818932,0.248020335458792,0.173403183296496,0.197913601001104,0.23820503159917,0,0.173269540071487,0.165203238173015,0.143593870103359,0.144420059991556,0,0,0,0,0,0.118156902492046,0.392390699536087,0.42227556121846,0.197337965170542,0.177051231265068,0,0,0,0,0,0.197025759653612,0,0.166938076416651,0,0,0,0,0.176805526018143,0,0,0,0,0,0,0,0,0,0,0.244976208490484,0.25304237306118,0.184591747130509,0,0.197049040783633,0.18977678010013,0.172258719801903,0.168928835176032,0.169444801714914,0.219957506182229,0.131868714919767,0,0
0,0,0,0,0,0,0,0,0,0,0,0.23521324092475,0,0,0,0,0,0,0,0.189466150308197,0,0.228851085249204,0,0.229125467594713,0,0,0,0,0,0,0,0,0,0.314487028867006,0.387888389229774,0.160052697445107,0.173269540071487,0,0.233487148356713,0,0,0,0,0,0,0,0,0.522814650603941,0,0.260645454861052,0,0,0,0,0,0,0,0.226496959844142,0,0,0,0,0.179275231701987,0,0.226292793137139,0,0.250687413359785,0,0,0,0.192597158253193,0,0.247962852757351,0,0,0,0.240421235561371,0.240878628672294,0.157726530706501,0,0.203814866944591,0.281015529316299,0.191976404856091,0.137210699851098,0.311867358783881,0,0
0.153908752491453,0,0.192572607235475,0,0,0,0,0,0.205023503303528,0,0.237966304997993,0,0,0,0,0,0,0,0.186640456318855,0,0.184967711567879,0,0.207922189150538,0,0.194417809850948,0,0,0,0.21423273513446,0,0.244685091244908,0,0,0,0.267716619703505,0.189807762702306,0.165203238173015,0.233487148356713,0,0,0,0,0.195210299297665,0,0.2114497423172,0,0.199153294165929,0.480860388152388,0.195721452434858,0.473663930476239,0,0,0,0,0.231798633933067,0,0.28174006293483,0,0.188427194952965,0,0,0,0,0,0,0.220270189409815,0,0.236974565303224,0,0,0,0.201113296300173,0,0.233476170471233,0,0,0,0.257121520241102,0,0.155244420061404,0.198441819565738,0.223079644140853,0.206498799730342,0,0.151127223102819,0,0
0,0,0,0,0,0,0,0,0,0,0,0,0,0,0,0,0,0,0.159264268619674,0,0,0,0,0,0,0,0,0,0,0,0,0,0,0,0,0.194086593389511,0.143593870103359,0,0,0,0.223045860018049,0.258248121993056,0,0,0,0.255566035490383,0,0.275376550209375,0.263867233773905,0.201348332860499,0,0,0,0,0,0,0,0,0,0,0,0,0,0,0,0,0,0,0,0,0,0,0,0,0.248499858379364,0.329215858131647,0,0,0.225602040162835,0.291793571785092,0,0,0.161298915743828,0,0.246375238867202,0.251974137056442,0
0.270097877943155,0,0.182386920664662,0,0,0,0,0,0.235754348910772,0,0,0,0,0,0,0,0.221891698205755,0,0.259105936841601,0,0,0,0,0,0,0,0,0,0,0,0,0,0,0,0,0.331542468307944,0.144420059991556,0,0,0.223045860018049,0,0.239716917276382,0.25343094475764,0.192756399512291,0.256532138781395,0,0.214804906082049,0.210769544282464,0.190413149745247,0.225136677640072,0.1679348051548,0,0,0,0,0,0.198649171478174,0,0.206921914298283,0,0.191143322322104,0,0,0.21661563962698,0,0,0,0,0,0,0,0,0,0,0,0,0,0,0.237837618589401,0.126312722142445,0,0.158846154808998,0.202573056492141,0,0.248510024253541,0,0.247505509576132
0.318269163370132,0.126938193504299,0,0,0,0,0,0,0,0.136210353424152,0,0,0,0,0,0,0.148396380245686,0,0.15184135088939,0,0,0,0,0,0,0,0,0,0,0,0,0,0,0,0,0,0,0,0,0.258248121993056,0.239716917276382,0,0.181001549115028,0.200811757818683,0,0.265931999294654,0.182203575968742,0.231174901127815,0.212604393645868,0.233210580409116,0,0,0,0,0,0,0,0.237504699661688,0.218502402305603,0,0,0,0.406202860176563,0,0,0,0.163639694452286,0.215757094323635,0,0,0.213273583542581,0,0.252739857800686,0,0,0,0,0,0.292527389721336,0,0.403218165040016,0,0.202236984276837,0,0.267584093485175,0.248298338825838,0.162953689694405
0.241629537603038,0,0.225665506670964,0,0,0,0,0,0.189073881104825,0,0,0,0,0,0,0,0.176956717098175,0,0.197231322305989,0,0,0,0,0,0.110174726694822,0,0,0,0,0,0,0,0,0,0,0,0,0,0.195210299297665,0,0.25343094475764,0.181001549115028,0,0.177034202963114,0.188685319322193,0,0.234406955286417,0.343119382858276,0.224554502044934,0.345578342676163,0.186371386051178,0,0,0,0.192647233605385,0,0.225765829905868,0,0.226337983885396,0,0.204133341709773,0,0,0.298506930470467,0,0,0,0.208482255935669,0,0,0,0,0,0.269948428601361,0,0,0,0,0,0.28479093986686,0,0.274424914802824,0.196209092560553,0.149717426858842,0.240797031511341,0,0.173563726973243
0,0.368239283561707,0,0,0,0,0,0,0,0,0,0,0,0,0,0,0.169956237077713,0,0.1992320277465,0,0,0,0,0,0,0,0,0,0,0,0,0,0,0,0,0,0,0,0,0,0.192756399512291,0.200811757818683,0.177034202963114,0,0,0.28178053631572,0,0,0,0,0,0,0,0,0,0,0,0,0,0,0,0,0,0,0,0,0,0,0,0,0,0,0,0,0,0,0,0,0,0,0,0,0.168912308756262,0,0.198707491637232,0,0
0.226501181721687,0,0.20897308417729,0,0,0,0,0,0,0,0,0,0,0,0,0,0.145326092839241,0,0.197061256621964,0,0,0,0,0,0,0,0,0,0,0,0,0,0,0,0,0,0,0,0.2114497423172,0,0.256532138781395,0,0.188685319322193,0,0,0,0.246173088884408,0,0.221785813570023,0,0,0,0,0,0,0,0.220675755706098,0,0.197978838493949,0,0,0,0,0.271222710609436,0,0,0,0,0,0,0,0,0,0,0,0,0,0,0,0.192496910691261,0,0,0.195855853523602,0,0.241884413234731,0,0
0,0,0,0,0,0,0,0,0,0,0,0,0,0,0,0,0,0,0.288483195135239,0,0,0,0,0,0,0,0,0,0,0,0,0,0,0,0,0,0,0,0,0.255566035490383,0,0.265931999294654,0,0.28178053631572,0,0,0,0,0,0,0,0,0,0,0,0,0,0,0,0,0,0,0.303095076765333,0,0,0,0,0,0,0,0,0,0,0,0,0,0,0,0.229263576641495,0,0.265075599441403,0,0.198798519608222,0,0.256415820497793,0,0
0.258290119694941,0,0.188779999676127,0,0.195380225777626,0,0,0,0.22415070448603,0,0,0,0,0,0,0,0.253360669612885,0,0.283976990602023,0,0,0,0,0,0,0,0,0,0,0,0,0,0,0,0,0,0.118156902492046,0,0.199153294165929,0,0.214804906082049,0.182203575968742,0.234406955286417,0,0.246173088884408,0,0,0,0.190353036344608,0,0.179401806310603,0,0,0,0.179797305911779,0,0.208579028722633,0,0.193114588452902,0,0.175326725298708,0,0,0.256624888628721,0,0,0,0,0,0,0,0,0,0.237514927983284,0,0,0,0,0,0.236677576527462,0,0.247116888562838,0.229106636759919,0,0.214638688858459,0,0.249370584885279
0.279939979314804,0,0,0,0,0,0,0,0,0,0,0,0,0,0,0,0,0,0,0,0,0,0,0,0.406666499376297,0,0,0,0,0,0,0.281550772418831,0.274201106936579,0.279938712692299,0.37373840275838,0.388510243237568,0.392390699536087,0.522814650603941,0.480860388152388,0.275376550209375,0.210769544282464,0.231174901127815,0.343119382858276,0,0,0,0,0,0.347280067929871,0.354915763392139,0,0,0,0,0,0,0,0,0,0,0,0,0,0,0,0,0,0.291019916906953,0,0,0,0,0,0,0.331754489450116,0.308991290855785,0.290205040680511,0.303985218060952,0.33477921846556,0.309768490255623,0.424138381010233,0.406050900589893,0.326185934803671,0,0.360784377845434,0,0
0.24695065865914,0,0.126252811816004,0,0,0,0,0,0.245706006884575,0,0,0,0,0,0,0,0,0,0.238600075244904,0,0,0,0,0,0,0,0,0,0,0,0,0.337017199969223,0.346795111894608,0.259676042379755,0,0.364097738066199,0.42227556121846,0,0.195721452434858,0.263867233773905,0.190413149745247,0.212604393645868,0.224554502044934,0,0.221785813570023,0,0.190353036344608,0.347280067929871,0,0.283191047935441,0,0,0,0,0,0,0.239049608579704,0,0.250187897019916,0,0.174889028072357,0,0,0,0,0.178498862311244,0,0.207565475255251,0,0.176243854444022,0,0.194803126701495,0,0.237425550818443,0.36628031382313,0.31422464479063,0,0.280334788418951,0.323215165199378,0.296277279244817,0,0.179620204227311,0.235515220141639,0,0.215993425106027,0,0
0,0.110001566509406,0,0.117139302387139,0,0,0,0,0,0.0879820138216019,0,0,0,0,0,0,0,0,0,0,0,0.154155433177948,0,0.203268054127693,0.423724323511124,0,0,0,0,0,0,0.345116612315178,0.322532286698168,0,0.44471779399448,0.18128690123558,0.197337965170542,0.260645454861052,0.473663930476239,0.201348332860499,0.225136677640072,0.233210580409116,0.345578342676163,0,0,0,0,0.354915763392139,0.283191047935441,0,0,0,0,0,0,0,0,0.132829078251407,0,0.0933580100536346,0,0,0,0,0.141959797006284,0,0.23890425497666,0.378738895058632,0,0,0.179796942537374,0,0.156586835781733,0,0.325178114635808,0.350648191470055,0,0.275932235901172,0.27289232602027,0.325283585914544,0.256243079170292,0.410470441294213,0.268727135084332,0,0.212620861151002,0,0
0,0,0.176096315705968,0,0.170151289857802,0,0.181785015498891,0,0,0,0,0,0,0,0,0,0,0,0,0,0.20217153429985,0,0,0,0,0,0,0,0,0,0,0,0,0,0,0,0.177051231265068,0,0,0,0.1679348051548,0,0.186371386051178,0,0,0,0.179401806310603,0,0,0,0,0,0.150604232828668,0,0,0,0.181729970672696,0,0.14134915440232,0,0,0,0,0.227009003577025,0,0,0,0,0,0,0,0,0,0,0,0,0,0,0,0.213485111567107,0,0,0.129109930615504,0,0.199534997447497,0,0
0,0,0,0,0,0.197219941532239,0,0.169650309961142,0,0,0,0,0,0,0,0.156692747160685,0,0,0,0,0,0,0,0,0,0,0,0,0,0,0,0,0,0,0,0,0,0,0,0,0,0,0,0,0,0,0,0,0,0,0,0,0,0,0,0,0,0,0,0,0,0.147569927717409,0,0,0,0,0,0,0,0,0,0,0,0,0,0,0,0,0,0,0,0,0.173192819533266,0.147048681395725,0,0,0
0,0,0,0,0.169093755975602,0,0.162351192791704,0,0,0,0,0,0,0,0,0,0,0,0,0,0,0,0,0,0,0,0,0,0,0,0,0,0,0,0,0,0,0,0,0,0,0,0,0,0,0,0,0,0,0,0.150604232828668,0,0,0,0,0,0.173976138234138,0,0.132355555891991,0,0,0,0,0,0,0,0,0,0,0,0,0,0,0,0,0,0,0,0,0,0,0,0.198085993528366,0,0,0,0
0,0,0,0,0,0.181101620197296,0,0.186817873913298,0,0,0,0,0,0,0,0,0,0,0,0,0,0,0,0,0,0,0,0,0,0,0,0,0,0,0,0,0,0,0,0,0,0,0,0,0,0,0,0,0,0,0,0,0,0,0,0,0,0,0,0,0,0,0,0,0,0,0,0,0,0,0,0,0,0,0,0,0,0,0,0,0,0,0.179920661007672,0.216469646042044,0,0,0
0.138652519156882,0,0.125393243506551,0,0.0966229146967332,0,0,0,0.213903197774389,0,0,0,0,0,0,0,0,0,0,0,0,0,0,0,0,0,0,0,0,0,0,0,0,0,0,0,0,0,0.231798633933067,0,0,0,0.192647233605385,0,0,0,0.179797305911779,0,0,0,0,0,0,0,0,0,0,0,0,0,0.127526752723073,0,0,0,0,0,0,0.177416208645572,0,0,0,0,0,0,0,0,0,0,0,0,0,0.251679301261902,0.115356528382192,0.153195768594742,0.147439721266966,0,0
0,0.131725789518705,0,0.124461512798102,0,0,0,0,0,0.16027664549129,0,0,0,0,0,0,0,0,0,0,0,0,0,0,0,0,0,0,0,0,0,0,0,0,0,0,0,0,0,0,0,0,0,0,0,0,0,0,0,0,0,0,0,0,0,0,0,0,0,0,0,0,0,0,0,0,0.209035638500662,0,0,0,0,0,0,0,0,0,0,0,0,0,0,0,0.149333405203838,0.160062558072455,0.16316129740041,0,0
0.161956884396764,0,0.165968366960684,0,0.153644055128098,0,0.147093996157249,0,0,0,0.164176693669072,0,0.190729996875713,0,0,0,0,0,0.208763315665479,0,0.152974566066624,0,0,0,0,0,0,0,0,0,0.263011443771814,0,0,0,0,0,0.197025759653612,0,0.28174006293483,0,0.198649171478174,0,0.225765829905868,0,0.220675755706098,0,0.208579028722633,0,0.239049608579704,0,0.181729970672696,0,0.173976138234138,0,0,0,0,0,0.210642012326341,0,0.16180779498357,0,0,0.227001748008672,0,0,0,0,0,0,0,0,0,0.24281873542491,0,0,0,0,0,0.253699720931835,0,0.194682884912986,0.174895695072633,0,0.207123303649394,0,0
0,0,0,0,0,0,0,0.182111016728661,0,0,0,0.208413308383576,0,0,0,0,0,0,0,0.160989751701787,0,0,0,0,0,0,0,0,0,0.289203435182571,0,0,0,0,0,0,0,0.226496959844142,0,0,0,0.237504699661688,0,0,0,0,0,0,0,0.132829078251407,0,0,0,0,0,0,0,0,0,0.144341620616615,0,0.139664932257599,0.148836834258155,0,0,0,0,0,0,0,0.204605558887124,0,0.284612953133596,0,0,0,0,0,0,0,0,0,0.203389667053446,0.216027434523757,0.250686524279656,0,0
0.1921128295362,0,0.132150032323041,0,0.135019072830075,0,0.151782886410246,0,0,0,0,0,0.190090983672049,0,0,0,0.187262862920761,0,0.197403291022623,0,0.21600741147995,0,0,0,0,0,0,0,0.182391925669107,0,0,0,0,0,0,0,0.166938076416651,0,0.188427194952965,0,0.206921914298283,0.218502402305603,0.226337983885396,0,0.197978838493949,0,0.193114588452902,0,0.250187897019916,0,0.14134915440232,0,0.132355555891991,0,0,0,0.210642012326341,0,0,0,0,0,0,0.247268328529138,0,0,0,0,0,0,0,0.175824995224292,0,0,0,0,0,0,0,0.226214591244405,0,0.246576637029648,0.200149374851063,0.199580693802638,0.202877848019496,0,0
0,0.113911142306668,0,0.113990803807974,0,0,0,0.128440799339423,0,0,0,0.201448883116245,0,0.160868147318376,0,0.152131335301833,0,0,0,0,0,0,0,0,0,0,0,0,0,0,0,0,0,0,0,0,0,0,0,0,0,0,0,0,0,0,0,0,0,0.0933580100536346,0,0,0,0,0,0,0,0.144341620616615,0,0,0,0.135000310341517,0,0,0,0,0,0,0,0,0,0,0,0,0,0,0,0,0,0,0,0,0.182262364233129,0.193673390947484,0,0,0
0.112669437277046,0,0.118733904617173,0,0,0,0,0,0.151436343789101,0,0,0,0,0,0,0,0,0,0.183249741792679,0,0,0,0,0,0,0,0,0,0,0,0,0,0,0,0,0,0,0,0,0,0.191143322322104,0,0.204133341709773,0,0,0,0.175326725298708,0,0.174889028072357,0,0,0,0,0,0.127526752723073,0,0.16180779498357,0,0,0,0,0,0,0,0,0,0,0,0,0,0,0,0,0,0,0,0,0,0,0,0,0,0.174543470144272,0,0.163290424706185,0,0
0,0.118747194812578,0,0.115206541493535,0,0.167031094431877,0,0,0,0.180584328423301,0,0,0,0,0,0.157706052064896,0,0.190363888628781,0,0,0,0,0,0,0,0,0,0,0,0,0,0,0,0,0,0,0,0,0,0,0,0,0,0,0,0,0,0,0,0,0,0.147569927717409,0,0,0,0,0,0.139664932257599,0,0.135000310341517,0,0,0,0,0,0,0,0,0,0,0,0,0,0,0,0,0,0,0,0,0,0,0.173123824142335,0.18580876373952,0,0,0
0,0,0,0,0,0,0,0,0,0,0,0.18043264746666,0,0,0,0,0,0,0,0.183990033852157,0,0,0,0,0,0,0,0,0,0,0,0,0,0,0,0.198802140975044,0,0.179275231701987,0,0,0,0.406202860176563,0,0,0,0.303095076765333,0,0,0,0,0,0,0,0,0,0,0,0.148836834258155,0,0,0,0,0,0,0,0,0,0,0,0,0,0,0,0,0,0,0,0,0,0,0.198657929897308,0,0.185143148536618,0,0.340427317190915,0.407352805137634,0
0,0,0.222162191630215,0,0.169885326709066,0,0,0,0,0,0.152982149393328,0,0,0,0,0,0,0,0.273764796555042,0,0.176037487219757,0,0,0,0,0,0,0,0,0,0,0,0,0,0,0,0.176805526018143,0,0,0,0.21661563962698,0,0.298506930470467,0,0.271222710609436,0,0.256624888628721,0,0,0,0.227009003577025,0,0,0,0,0,0.227001748008672,0,0.247268328529138,0,0,0,0,0,0,0,0,0,0,0,0,0,0,0,0,0,0,0,0,0.208068222684019,0,0,0.227593378350139,0,0.270540229370231,0,0
0,0,0,0,0,0,0,0,0,0,0,0,0,0,0,0,0,0.207675120660237,0,0,0,0.244723923601348,0.247009546632242,0.230779732887944,0,0,0,0,0,0,0,0,0,0,0,0,0,0.226292793137139,0,0,0,0,0,0,0,0,0,0,0,0.141959797006284,0,0,0,0,0,0,0,0,0,0,0,0,0,0,0,0.211768279403679,0,0,0,0,0,0,0,0,0,0,0,0,0,0,0.227470952669779,0,0.222470517150217,0.279349585565593,0,0,0
0,0,0,0,0,0,0,0,0,0,0,0,0,0,0,0,0.23198638856411,0,0,0,0,0.184569384924052,0.178598002072651,0,0.192781936377287,0,0,0,0,0,0,0,0,0,0,0,0,0,0.220270189409815,0,0,0,0,0,0,0,0,0,0.178498862311244,0,0,0,0,0,0,0,0,0,0,0,0,0,0,0,0.211768279403679,0,0,0.174882776051197,0,0.21999004021287,0,0,0,0,0,0,0,0,0,0,0,0.255324248382245,0.239609378423355,0.201442836746842,0,0,0
0,0.198367598853754,0,0,0,0,0,0,0,0.216305567668034,0,0,0,0,0,0,0,0.251376658678055,0,0,0,0.196216725640827,0,0.215373921462081,0,0,0,0,0,0,0,0,0,0,0,0,0,0.250687413359785,0,0,0,0.163639694452286,0,0,0,0,0,0,0,0.23890425497666,0,0,0,0,0,0.209035638500662,0,0,0,0,0,0,0,0,0,0,0,0,0,0,0,0,0,0,0,0,0,0,0,0,0.263101993605148,0,0.221231957246467,0,0.242690905596908,0,0
0,0,0,0,0,0,0,0,0,0,0,0,0,0,0,0,0,0,0,0,0,0,0.212247130126716,0,0.210545993513531,0,0,0,0,0,0,0,0,0,0,0,0,0,0.236974565303224,0,0,0.215757094323635,0.208482255935669,0,0,0,0,0.291019916906953,0.207565475255251,0.378738895058632,0,0,0,0,0.177416208645572,0,0,0,0,0,0,0,0,0,0,0.174882776051197,0,0,0,0,0,0,0,0,0,0,0,0,0,0,0.387312099337578,0.232388748062981,0.208493067160705,0,0.225465683450162,0,0
0,0,0,0,0,0,0,0,0,0,0,0,0,0,0,0,0,0,0,0,0,0,0,0,0,0,0,0,0,0,0,0,0,0,0,0,0,0,0,0,0,0,0,0,0,0,0,0,0,0,0,0,0,0,0,0,0,0,0,0,0,0,0,0,0,0,0,0,0,0,0,0,0,0,0,0,0,0,0,0,0,0,0,0,0,0,0
0,0,0,0,0,0,0,0,0,0,0,0,0,0,0,0,0.223998074020658,0,0,0,0,0,0,0,0,0,0,0,0,0,0,0,0,0,0,0,0,0,0,0,0,0,0,0,0,0,0,0,0.176243854444022,0,0,0,0,0,0,0,0,0,0,0,0,0,0,0,0,0.21999004021287,0,0,0,0,0,0,0,0,0,0,0,0,0,0,0,0,0.232297173235565,0,0,0,0
0,0,0,0,0,0,0,0,0,0,0,0,0,0,0,0,0,0,0,0,0,0,0,0,0,0,0,0.144207530788013,0,0.269660538328545,0,0,0,0,0,0,0,0.192597158253193,0,0,0,0.213273583542581,0,0,0,0,0,0,0,0.179796942537374,0,0,0,0,0,0,0,0.204605558887124,0,0,0,0,0,0,0,0,0,0,0,0,0,0,0.180075917478877,0,0,0,0,0,0,0,0.191679992379933,0,0.226182781562612,0.236162935383618,0.207348514944315,0,0
0,0,0,0,0,0,0,0,0,0,0,0,0,0,0,0,0.220758886386951,0,0,0,0,0,0.229545797194753,0,0,0,0,0,0.221701985147047,0,0.226896071472229,0,0,0,0,0,0,0,0.201113296300173,0,0,0,0,0,0,0,0,0,0.194803126701495,0,0,0,0,0,0,0,0,0,0.175824995224292,0,0,0,0,0,0,0,0,0,0,0,0,0,0,0.180828409890334,0,0,0,0,0,0,0,0.150685374935468,0.218823806362381,0.210980658935121,0.215023249387741,0,0
0,0,0,0,0,0,0,0,0,0,0,0.241419673172964,0,0,0,0,0,0,0.172790663937728,0.178716663271189,0,0,0,0,0,0,0,0.232589309414228,0,0.198048576712608,0,0,0,0,0,0,0,0.247962852757351,0,0,0,0.252739857800686,0,0,0,0,0,0,0,0.156586835781733,0,0,0,0,0,0,0,0.284612953133596,0,0,0,0,0,0,0,0,0,0,0,0,0.180075917478877,0,0,0,0,0,0,0,0,0,0.167945937812328,0,0.203038981105342,0.195926361556711,0.296009558374779,0.22591308504343,0
0.236030176281929,0,0.24337100982666,0,0,0,0,0,0,0,0.268595533370972,0,0,0,0,0,0,0,0.238716111280197,0,0,0,0,0,0,0,0,0,0.218111582100391,0,0.226210376234363,0,0,0,0,0,0,0,0.233476170471233,0,0,0,0.269948428601361,0,0,0,0.237514927983284,0,0.237425550818443,0,0,0,0,0,0,0,0.24281873542491,0,0,0,0,0,0,0,0,0,0,0,0,0,0,0.180828409890334,0,0,0,0,0,0,0,0,0,0.146439595096466,0.261096135278543,0,0.288010846697478,0,0
0,0,0,0,0,0,0,0,0,0,0,0,0,0,0,0,0,0,0,0,0,0,0,0,0,0,0,0,0,0,0,0.275108652447763,0.243779226543679,0.24417114927285,0.234025131378855,0.213333159685135,0.244976208490484,0,0,0.248499858379364,0,0,0,0,0,0,0,0.331754489450116,0.36628031382313,0.325178114635808,0,0,0,0,0,0,0,0,0,0,0,0,0,0,0,0,0,0,0,0,0,0,0,0,0,0.270131569212446,0.231130642100022,0,0.288306444883347,0.34432045618693,0,0,0.217622841397921,0,0,0,0
0,0,0,0,0,0,0,0,0,0,0,0,0,0,0,0,0,0,0,0,0,0,0,0,0,0,0,0,0,0,0,0.241769812913588,0.255834146933215,0.209963856057988,0.320006075832579,0.24881830087332,0.25304237306118,0,0,0.329215858131647,0,0,0,0,0,0,0,0.308991290855785,0.31422464479063,0.350648191470055,0,0,0,0,0,0,0,0,0,0,0,0,0,0,0,0,0,0,0,0,0,0,0,0,0.270131569212446,0,0.19495601952076,0,0.320463240966884,0,0,0,0.244857323247679,0,0,0,0
0,0,0,0,0,0,0,0,0,0,0,0,0,0,0,0,0,0,0,0,0,0,0,0.220993220806122,0,0,0,0,0,0,0,0.219286582287336,0.213352285739448,0.253580688091747,0.242896052188431,0,0.184591747130509,0.240421235561371,0,0,0,0,0,0,0,0,0,0.290205040680511,0,0,0,0,0,0,0,0,0,0,0,0,0,0,0,0,0,0,0,0,0,0,0,0,0,0,0.231130642100022,0.19495601952076,0,0.245776189999147,0,0,0.264047097828653,0.283827140927315,0.190971923992038,0,0,0,0
0,0,0,0,0,0,0,0,0,0,0,0,0,0,0,0,0,0,0,0,0,0,0,0,0,0,0,0,0,0,0,0,0,0.261738962090084,0.183767400268051,0,0,0.240878628672294,0.257121520241102,0,0,0,0,0,0,0,0,0.303985218060952,0.280334788418951,0.275932235901172,0,0,0,0,0,0,0,0,0,0,0,0,0,0,0,0,0,0,0,0,0,0,0,0,0,0,0.245776189999147,0,0,0,0.241571683436632,0,0.263128820767937,0,0,0,0
0,0,0,0,0,0,0,0,0,0,0,0,0,0,0,0,0,0,0.204423062503338,0.182020127773285,0,0,0,0,0,0,0,0,0,0,0,0.296259969472885,0.266774572134018,0.16041108717521,0,0.213218750034236,0.197049040783633,0.157726530706501,0,0.225602040162835,0.237837618589401,0.292527389721336,0,0,0,0.229263576641495,0,0.33477921846556,0.323215165199378,0.27289232602027,0,0,0,0,0,0,0,0,0,0,0,0,0,0,0,0,0,0,0,0,0,0,0,0,0.288306444883347,0.320463240966884,0,0,0,0.223283529019535,0.178728057246511,0,0.214731212766585,0.213483351832266,0.292565618959111,0.374347612261772,0
0,0,0.20137194056217,0,0.162694620589415,0,0,0,0,0,0,0,0,0,0,0,0.201656386256218,0,0.240753459130845,0,0.178763244821373,0,0,0,0,0,0,0,0,0,0,0.248436857237775,0.239601432294636,0,0,0.227934055595413,0.18977678010013,0,0.155244420061404,0.291793571785092,0.126312722142445,0,0.28479093986686,0,0.192496910691261,0,0.236677576527462,0.309768490255623,0.296277279244817,0.325283585914544,0.213485111567107,0,0,0,0,0,0.253699720931835,0,0.226214591244405,0,0,0,0,0.208068222684019,0,0,0,0,0,0,0,0,0,0,0.34432045618693,0,0,0,0.223283529019535,0,0,0.155264801516719,0.169114033388643,0.164986067471783,0.270893207063546,0,0.254807531833649
0,0,0,0,0,0,0,0,0,0,0,0.246507480740547,0,0,0,0,0,0,0,0,0,0.182877813220321,0,0.196870632907924,0,0,0,0,0,0,0,0,0,0.2655849915487,0.354845032257878,0.171469845111595,0.172258719801903,0.203814866944591,0.198441819565738,0,0,0.403218165040016,0,0,0,0.265075599441403,0,0.424138381010233,0,0.256243079170292,0,0,0,0,0,0,0,0,0,0,0,0,0.198657929897308,0,0.227470952669779,0,0.263101993605148,0.387312099337578,0,0,0.191679992379933,0,0.167945937812328,0,0,0,0.264047097828653,0.241571683436632,0.178728057246511,0,0,0.281544480332226,0.203393649460118,0.166255729893843,0.268147344345853,0.39366826415062,0
0.163299555388781,0,0,0,0,0,0,0,0.271397858858109,0,0.203608708580335,0,0,0,0,0,0,0,0.253230749292577,0,0.163882695138454,0,0,0,0,0,0,0,0.205586796457117,0,0.199064013400421,0,0,0.311623752117157,0.322770863771439,0,0.168928835176032,0.281015529316299,0.223079644140853,0,0.158846154808998,0,0.274424914802824,0,0,0,0.247116888562838,0.406050900589893,0.179620204227311,0.410470441294213,0,0,0,0,0.251679301261902,0,0.194682884912986,0,0.246576637029648,0,0,0,0,0,0,0.255324248382245,0,0.232388748062981,0,0,0,0.150685374935468,0,0.146439595096466,0,0,0.283827140927315,0,0,0.155264801516719,0.281544480332226,0,0.217129124170258,0,0.283996061694742,0,0
0.153920050853124,0.179432944093544,0.157692912652498,0.151324016212578,0.1559645436248,0.15667237655407,0,0.168829649686813,0.179078088549922,0.168231399584329,0,0.195212556383549,0.207509259478404,0.189301688057981,0.171963542457519,0.194146398203859,0.179824344877726,0.194824077826184,0.181562544555536,0.192721455235674,0.149687054352118,0.228471005150527,0.245149225006474,0.229486284445423,0.226615920421566,0.17805565521121,0.260979816914932,0.233663989305981,0.226219074745384,0.182994596441002,0,0.232589170336723,0.257736943041285,0.192663541560372,0.204455487665162,0.210596785363437,0.169444801714914,0.191976404856091,0.206498799730342,0.161298915743828,0.202573056492141,0.202236984276837,0.196209092560553,0.168912308756262,0.195855853523602,0.198798519608222,0.229106636759919,0.326185934803671,0.235515220141639,0.268727135084332,0.129109930615504,0.173192819533266,0.198085993528366,0.179920661007672,0.115356528382192,0.149333405203838,0.174895695072633,0.203389667053446,0.200149374851063,0.182262364233129,0.174543470144272,0.173123824142335,0.185143148536618,0.227593378350139,0.222470517150217,0.239609378423355,0.221231957246467,0.208493067160705,0,0.232297173235565,0.226182781562612,0.218823806362381,0.203038981105342,0.261096135278543,0.217622841397921,0.244857323247679,0.190971923992038,0.263128820767937,0.214731212766585,0.169114033388643,0.203393649460118,0.217129124170258,0,0.224242313048487,0.217369180985404,0.168112455805143,0.187438596236078
0.16041217982769,0.208717288449407,0.145497990151246,0,0.200003400808427,0.159088645043761,0,0.209890400821512,0.170222548354003,0.196224768960945,0,0.236376691417596,0.204590978175863,0.22294457170117,0.171486875590639,0.200031933362208,0.16523546906547,0.171652487028729,0.171076078169249,0,0,0.265508616346739,0.226699948806639,0,0.238943154613177,0,0,0.242227016153875,0.21736862231046,0.198747379084428,0,0,0,0,0,0.234897142548124,0.219957506182229,0.137210699851098,0,0,0,0,0.149717426858842,0,0,0,0,0,0,0,0,0.147048681395725,0,0.216469646042044,0.153195768594742,0.160062558072455,0,0.216027434523757,0.199580693802638,0.193673390947484,0,0.18580876373952,0,0,0.279349585565593,0.201442836746842,0,0,0,0,0.236162935383618,0.210980658935121,0.195926361556711,0,0,0,0,0,0.213483351832266,0.164986067471783,0.166255729893843,0,0.224242313048487,0,0.144435301423073,0,0
0.188075196912399,0.16086123172791,0.18298642605678,0,0.141009423314341,0,0,0,0.216056388106432,0.147371940137375,0.149124279618263,0.139246619343758,0,0,0,0,0.241636667083553,0,0.2540831077394,0.135366590693593,0.161011004447937,0,0,0.263406068086624,0,0,0,0,0,0,0,0,0,0,0,0.205649518247308,0.131868714919767,0.311867358783881,0.151127223102819,0.246375238867202,0.248510024253541,0.267584093485175,0.240797031511341,0.198707491637232,0.241884413234731,0.256415820497793,0.214638688858459,0.360784377845434,0.215993425106027,0.212620861151002,0.199534997447497,0,0,0,0.147439721266966,0.16316129740041,0.207123303649394,0.250686524279656,0.202877848019496,0,0.163290424706185,0,0.340427317190915,0.270540229370231,0,0,0.242690905596908,0.225465683450162,0,0,0.207348514944315,0.215023249387741,0.296009558374779,0.288010846697478,0,0,0,0,0.292565618959111,0.270893207063546,0.268147344345853,0.283996061694742,0.217369180985404,0.144435301423073,0,0.325770707542052,0.212884554550761
0,0,0,0,0,0,0,0,0,0,0,0,0,0,0,0,0,0,0.142183632248168,0,0,0,0,0,0,0,0,0,0,0,0,0,0,0,0,0,0,0,0,0.251974137056442,0,0.248298338825838,0,0,0,0,0,0,0,0,0,0,0,0,0,0,0,0,0,0,0,0,0.407352805137634,0,0,0,0,0,0,0,0,0,0.22591308504343,0,0,0,0,0,0.374347612261772,0,0.39366826415062,0,0.168112455805143,0,0.325770707542052,0,0
0.258869230747223,0,0,0,0,0,0,0,0,0,0,0,0,0,0,0,0.188510651771839,0,0.196796866895021,0,0,0,0,0,0,0,0,0,0,0,0,0,0,0,0,0,0,0,0,0,0.247505509576132,0.162953689694405,0.173563726973243,0,0,0,0.249370584885279,0,0,0,0,0,0,0,0,0,0,0,0,0,0,0,0,0,0,0,0,0,0,0,0,0,0,0,0,0,0,0,0,0.254807531833649,0,0,0.187438596236078,0,0.212884554550761,0,0
