0,0,14.6264557540417,0,0,0,0,0,225.414909690619,0,0,0,0,0,0,0,1.13220328092575,0.195170521736145,35.8155663311481,0,0,0,0,0,0.173332199454308,0,0,0,0,0,0,0,0,0,0,0,0,0.203811138868332,0,0,0,0,41.810803823173,0,0,1.26044166088104,6.21409527957439,1.4704552590847,182.935474336147,0,0,0,0,0,258.331515848637,0,0.292364090681076,0,3.87296319007874,0,5.69293308258057,0,0,0,0,0,0,0.38271751999855,0,0,0,0,0,0,0,0,0,0,0.553000450134277,4.39352534711361,0,0,143.927646264434,0,254.28917247057,0,0
0,0,0,0,0,0,0,0,0,38.5025553703308,0,0,0,0,0,0.470174491405487,0,0,8.37210100889206,0,0,0,0,0.349230527877808,0,0,0,0,0,0,0,0,0,0,0,0,0,0,0.153741747140884,2.39467588067055,0,87.3789335042238,0,0.197299182415009,0,0.686862722039223,0,0,0,105.52124927938,0,0,0,0,0,170.313994765282,0,0.295429423451424,0,0,0,15.7634775042534,2.11545348167419,0,0,0,1.28192709386349,0,0,0,0,0,4.87123502790928,0,0,0,0,0,2.83003044128418,0,0,0,270.190734952688,0,308.193624392152,0,0
14.6264557540417,0,0,0,0,0,0,0,5.41860151290894,0,0,0,0,0,0,0,1.36156913638115,0.13508340716362,5.13305619359016,0,0,0,0,0,0,0,0,0,0,0,0,0,0,0,0,0,0,0,0,0,4.8561529815197,0,41.4159345924854,0,0,0,5.98613727092743,7.0352595448494,111.636408731341,0,116.105582743883,0,0,0,4.61380898952484,0,3.54806683957577,0,84.7960662394762,0,1.51998151838779,0,0,3.83084842562675,0,0,0,0,0,0,0,0,0,0,0,0,0,0.848772644996643,0,5.25163132697344,0,0,53.0231525450945,0,334.597829937935,0,4.74947407841682
0,0,0,0,0,14.1091071367264,0,0,0,0,0,0,0,0,0,0,0,0,0.188129156827927,1.45270124077797,0,0,0,0,0,0,0,0,0,0,0,0,0,0,0,6.54201284050941,0,0,0,5.06608381867409,0,59.843932621181,0,0,0,0,0,0.245907932519913,0,27.614817738533,0,19.0928961634636,0,0,0,0,0,84.2525226324797,0,219.597683727741,0,89.6060443073511,52.3231131434441,0,0,0,0,0,0,0,0,0,13.1475228518248,0,0,0,0,0,15.1803507655859,0,4.83664065599442,0,44.3282555118203,0.450424835085869,422.613645337522,4.07364250719547,0
0,0,0,0,0,0,83.3386453390121,0,29.1734079122543,0,0,0,6.30885148048401,0,0,0,0,0,0,0,0,0,0,0,0,0,0,0,0,0,0,0,0,0,0,0,0,0,0,0,0,0,3.59136265516281,0,0,0,0.584910333156586,0.735055506229401,0,0,428.436186164618,0,0,0,5.33522284030914,0,41.9245584011078,0,0,0,0,0,0,6.93278098106384,0,0,0,0,0,0,0,0,0,0,0,0,0,0,0,1.31642916798592,0,0,694.16197681427,1,54.3296563923359,0,0.19885590672493
0,0,0,14.1091071367264,0,0,0,1.18277680873871,0,0,0,0,0,0,0,27.6250756978989,0,0,0,64.2809132933617,0,0,0,0,0,0,0,0,0,0,0,0,0,0,0,9.59110152721405,0,0,0,0,0,7.37325251102448,0,0,0,0,0,1.17961034178734,0,7.80555526912212,0,461.340149760246,0,0,0,0,0,0,0,0,0,13.9581537842751,5.25303739309311,0,0,0,0,0,0,0,0,0,0,0,0,0,0,0,0.39298552274704,0,0,0,495.681208595634,177.672384381294,182.061028689146,0,0
0,0,0,0,83.3386453390121,0,0,0,0,0,0,0,19.5697135925293,0,0,0,0,0,0,0,0,0,0,0,0,0,0,0,0,0,0,0,0,0,0,0,0,0,0,0,0,0,0,0,0,0,0,0,0,0,61.5206706523895,0,90.3438614606857,0,0,0,167.460962235928,0,1.29087913036346,0,0,0,0,0,0,0,0,0,0,0,0,0,0,0,0,0,0,0,0,0,0,0,104.762411594391,17.2997636795044,38.2263488769531,0,0
0,0,0,0,0,1.18277680873871,0,0,0,0,0,18.6660795211792,0,48.1605286598206,0,0,0,0,0,131.85812073946,0,0,0,0,0,0,0,0,0,0,0,0,0,0,0,0,0,0,0,0,0,0,0,0,0,0,0,0,0,0,0,124.097218215466,0,812.368309617043,0,0,0,118.534205794334,0,122.189989805222,0,0,0,0,0,0,0,0,0,0,0,0,0,0,0,0,0,0,0,0,0,0,132.916223347187,14.332818031311,0,0,0
225.414909690619,0,5.41860151290894,0,29.1734079122543,0,0,0,0,0,0,0,0,0,6.25122672319412,0,0,0,0.548232197761536,0,0,0,0,0,16.5507841110229,0,5.09168410301208,0,0,0,0,0,0,0,0.67081418633461,0,0,0,56.939713716507,0,0,0,6.50028139352798,0,0,0,0,0,0,0,0,0,0,0,924.031554743648,0,0.993785977363586,0,0,0,7.93030118942261,0,0,0,0,0,0,9.99762915074825,0,84.6695042848587,0,0,0,0,0,0,0,3.29626347124577,0,0,0,92.9218315780163,1192.73097020388,14.2869452834129,43.6200795918703,0,0.698475182056427
0,38.5025553703308,0,0,0,0,0,0,0,0,0,0,0,0,0,510.178638264537,0,0,0,0,0,0,0,43.020191013813,0,0,0,0,0,0,0,0,0,2.57441483438015,0,0,0,12.3523293435574,0.179987877607346,0,0,6.30089373886585,0,0,0,0,0,0.576015740633011,0,0,0,0,0,0,0,421.833649069071,0,0,0,0,0,55.1048220396042,0,0,0,0,92.615949138999,0,0,0,0,0,0,0,0,0,15.1028158813715,0,0,0,104.182505071163,0,1384.20968525112,762.18266351521,107.984449490905,0,0
0,0,0,0,0,0,0,0,0,0,0,0,354.767481446266,0,0,0,0,0,0,0,566.534606516361,0,0,0,0,0,0,0,6,0,0,0,0,0,0,0,579.620966345072,0,1264.42850761116,0,0,0,0,0,0,0,0,0,0,0,0,0,0,0,0,0,738.373098507524,0,457.07168418169,0,0,0,0,185.668513894081,0,0,0,0,0,0,0,3,0,58.1033625602722,0,0,0,0,0,11.0299142599106,0,333.530627019703,398.338846296072,1.41518878936768,3.76963305473328,0,0
0,0,0,0,0,0,0,18.6660795211792,0,0,0,0,0,1739.88712057471,0,0,0,0,0,360.328510403633,0,0,0,0,0,0,0,45.7399996519089,0,0,0,0,0,0,0,564.881407141685,0,1290.78207269311,0,0,0,0,0,0,0,0,0,0,0,0,0,0,0,7.83482468128204,0,0,0,876.385572999716,0,788.653392314911,0,0,85.3487386703491,0,0,0,0,0,0,0,48.9374392032623,0,31.1831710636616,0,0,0,0,0,74.4945965111256,0,354.97282063961,0,273.181850925088,3.26067852973938,1.7507241666317,0,0
0,0,0,0,6.30885148048401,0,19.5697135925293,0,0,0,354.767481446266,0,0,0,25.6984006762505,0,0,0,0,0,0,0,0,0,0,0,0,0,0,0,0,0,0,0,0,0,0,0,0,0,0,0,0,0,0,0,0,0,0,0,0,0,0,0,0,0,8.31565344333649,0,812.020359307528,0,4.17108958959579,0,0,0,0,0,0,0,0,0,0,0,0,0,0,0,0,0,0,0,0,0,629.962592959404,388.461419552565,0,0,0
0,0,0,0,0,0,0,48.1605286598206,0,0,0,1739.88712057471,0,0,0,1,0,0,0,0,0,0,0,0,0,0,0,35.1112354397774,0,0,0,0,0,0,0,0,0,0,0,0,0,0,0,0,0,0,0,0,0,0,0,0,0,10.935870885849,0,0,0,143.291277378798,0,1868.27920433879,0,241.207031130791,0,0,0,0,0,0,0,0,71.9631448984146,0,0,0,0,0,0,0,0,0,0,0,227.033670783043,173.986153542995,0,0,0
0,0,0,0,0,0,0,0,6.25122672319412,0,0,0,25.6984006762505,0,0,0,0,0,0,0,0,0,0,0,0,0,120.414471149445,0,0,0,0,0,0,0,0,0,0,0,0,0,0,0,0,0,0,0,0,0,0,0,0,0,0,0,2.65962678194046,0,0,0,32.3460965305567,0,154.07882809639,0,0,0,0,0,0,0,0,33.2077488899231,0,1,0,0,0,0,0,0,0,0,0,0,5.39961986243725,25.4290771484375,0,0,0
0,0.470174491405487,0,0,0,27.6250756978989,0,0,0,510.178638264537,0,0,0,1,0,0,0,1.80897974967957,0,0,0,0,0,0,0,0,0,0,0,0,0,0,0,0,0,0,0,0,0,0,0,0,0,0,0,0,0,0,0,0,0,0,0,0,0,13.2747381776571,0,0,0,0,0,40.0844893455505,0,0,0,0,7.37093575298786,0,0,0,0,0,0,0,0,0,0,0,0,0,0,0,588.703300237656,84.728237092495,0,0,0
1.13220328092575,0,1.36156913638115,0,0,0,0,0,0,0,0,0,0,0,0,0,0,9672.29648473859,2421.11026537418,0,0,22.3667491227388,763.226634949446,99.4245890602469,184.871268942952,149.697167821229,490.593835562468,0,0,0,0,0,0,0,0,0,0,0,0,26.6623054295778,32.9515447840095,70.8388481065631,157.585882030427,1.19580969214439,26.9921729490161,11.4863623827696,142.529970981181,0,0,0,0,0,0,0,0,0,1.76570397615433,6.19976431131363,0,0,0,0,6.48487018048763,0.649629637598991,17.184694647789,31.4158463478088,0,55.4659487009048,22.2509315013885,52.6607977151871,0,0,1.04798203706741,0,0,0,0,0,35.0371306538582,41.3568235114217,2.29645538330078,0,4016.04474566132,387.091551974416,236.749251030385,8.7836539298296,74.3294379860163
0.195170521736145,0,0.13508340716362,0,0,0,0,0,0,0,0,0,0,0,0,1.80897974967957,9672.29648473859,0,2798.33045113832,0,0,375.777861863375,78.306034013629,156.352006703615,115.715216204524,871.177793160081,25.6636329293251,0,0,0,0,0,0,0,0,0.121193654835224,0,0,0,50.3819958642125,9.00941254198551,125.200646564364,62.6597658991814,1.86588530242443,3.25848793983459,6.41672807186842,68.4382915720344,0,0,0.98276162147522,0,0,0,0,0,0,1.34924708306789,3.86422380805016,0,0,0,0,5.81509113311768,0,155.474149346352,19.8632148355246,0.519770324230194,60.4049130380154,205.390970140696,1.55927157402039,0,0,1.92272283136845,0,0,0,0,0,47.7541390508413,26.9312990605831,0,0,4500.69463656843,668.426557779312,155.584997184575,30.9153786301613,22.9387510940433
35.8155663311481,8.37210100889206,5.13305619359016,0.188129156827927,0,0,0,0,0.548232197761536,0,0,0,0,0,0,0,2421.11026537418,2798.33045113832,0,0,0,0.950065970420837,7.34834080934525,3.38820917904377,0.636410355567932,0,7.79311956465244,0,0,0,0,0,0,0,0,0.49433670938015,0,0,0,741.934692032635,247.820736579597,1165.76497301459,1060.94704578817,76.7999479025602,159.720585212111,221.660165823996,953.466056860983,1.46878804266453,0.565619878470898,8.83453626930714,0.301233291625977,0,0,0,0,0,11.4559618979692,41.6515186131001,0,0,0,0,48.8795191347599,21.5189048051834,0,0,0,1.18615221977234,0,1.16425541043282,0,0,44.2853008806705,1.0492467880249,0,0,0,0,888.201634250581,288.29118873179,26.4278333336115,0,2506.89958274364,2.62747891247272,2791.7177420035,284.178601637483,395.949787788093
0,0,0,1.45270124077797,0,64.2809132933617,0,131.85812073946,0,0,0,360.328510403633,0,0,0,0,0,0,0,0,0,0,0,0,0,0,0,0,0,0,0,0,0,0,0,598.006639584899,0,181.539458334446,0,0,0,0,0,0,0,0,0,0,0,0.21016164124012,0,6.01293504238129,0,1,0,0,0,7.67125129699707,0,0,0,0,1450.97044210136,0,0,0,0,0,0,0,0,0,0,0,0,0,0,0,96.5997391790152,0,1,0,136.922664344311,4.12814176082611,130.080659002066,0,0
0,0,0,0,0,0,0,0,0,0,566.534606516361,0,0,0,0,0,0,0,0,0,0,0,0,0,0,0,0,0,0,0,0,0,0,0,0,0,876.44187964499,0,335.309787750244,0,0,0,0,0,0,0,1.51584994792938,0.416353076696396,0.136433735489845,0,24.9404076486826,0,0,0,0,0,716.122142747045,0,0.419509291648865,0,0,0,0,687.368036076427,0,0,0,0,0,0,0,0,0,0,0,0,0,0,0,333.044049434364,0,168.252819344401,54.1734668314457,4.98483458161354,102.863559365273,0,0
0,0,0,0,0,0,0,0,0,0,0,0,0,0,0,0,22.3667491227388,375.777861863375,0.950065970420837,0,0,0,238.879116266966,316.868655145168,1.75147068500519,205.41327162087,2.00232124328613,62.2027767896652,0,0,0,0,0,0,0,0,0,1396.78463870287,0,0,0,0,0.165617600083351,0,0,0,0,0,0,182.798587426543,0,0,0,0,0,0,0,0,0,0,0,0,0,0,4607.83160284162,15.5807046890259,29.2466929107904,0,99.6007189452648,0,27.9524405300617,0,0,0,0,0,0,0,0,0,525.700779289007,0,1508.92495444417,264.313420534134,0.235602483153343,0,0
0,0,0,0,0,0,0,0,0,0,0,0,0,0,0,0,763.226634949446,78.306034013629,7.34834080934525,0,0,238.879116266966,0,0,53.1306761056185,7.2319565564394,568.293064817786,0,168.92847520113,0,0,0,0,0,0,0,0,3,683.524962440133,0,0,0.17463056743145,0.3287423402071,0,0,0,0.258271515369415,0,170.693696796894,0,0,0,0,0,0,0,0,0,0,0,0,0,0,0.192553132772446,0,5274.50949627161,0,9.38167709112167,0,135.999022185802,0,11.3182415962219,0,0,0,0,0,0,0,0,0,427.990678101778,912.285574555397,62.395176678896,0.478232353925705,0,0.426042854785919
0,0.349230527877808,0,0,0,0,0,0,0,43.020191013813,0,0,0,0,0,0,99.4245890602469,156.352006703615,3.38820917904377,0,0,316.868655145168,0,0,4.20301151275635,121.249245166779,0,0,0,0,0,0,0,0.805121272802353,0,0,0,313.536486402154,0.837067902088165,0,0,0,0,0,0,0,0.567732274532318,4.63988530635834,0.212605819106102,33.6379781365395,0,0,0,0,0,12.5501125454903,0,0,0,0,0,0,0,0,288.38691419363,0,408.711384296417,0.715549349784851,77.4519222974777,0,0,0,0,0,0,0,11.1673298478127,0,0,0,140.944580182433,0,313.001417145133,7.70806169509888,17.8026846945286,0,0.150637537240982
0.173332199454308,0,0,0,0,0,0,0,16.5507841110229,0,0,0,0,0,0,0,184.871268942952,115.715216204524,0.636410355567932,0,0,1.75147068500519,53.1306761056185,4.20301151275635,0,3.94801288843155,366.611822202802,0,0,0,0,0,0,0,0,0,0,0.214343205094337,362.501188054681,0,0,0.141630709171295,2.37051129341125,0,0,0,0,1.27809707820415,114.260660082102,0,0,0,0,0,102.025004893541,0,0,0,0,0,0.232819572091103,0,0,0,0,49.2526385784149,0,410.692940413952,0,240.21697729826,0,0,0,0,0,0,0,0.219210848212242,0.170376688241959,0.650366187095642,0,87.3008905351162,120.603815987706,0.274709284305573,90.3674804866314,0,0
0,0,0,0,0,0,0,0,0,0,0,0,0,0,0,0,149.697167821229,871.177793160081,0,0,0,205.41327162087,7.2319565564394,121.249245166779,3.94801288843155,0,0,95.4137742817402,0,0,0,0,0,0,0,0,0,0,0,0,0,0,0.165444493293762,0,0,0,0,0,0,0,0,0,0,0,0,0,0,0,0,0,0,0,0,0,13.1359009742737,0.378453940153122,3.05131983757019,0.969629168510437,551.719367295504,0,68.5544033944607,0,0,0,0,0,0,0,0,0,0,0,249.502178549767,7.93574863672256,0,0,0
0,0,0,0,0,0,0,0,5.09168410301208,0,0,0,0,0,120.414471149445,0,490.593835562468,25.6636329293251,7.79311956465244,0,0,2.00232124328613,568.293064817786,0,366.611822202802,0,0,0,139.945415735245,0,0,0,0,0,0,0,0,0,0,0,0,0,0,0,0,0,0,0,0,0,0,0,0,0,7.06028842926025,0,0,0,0,0,0,0,0,0,0,36.4928879439831,0,185.052190274,0,28.6029813885689,0,5.00891351699829,0,0,0,0,0,0,0,0,0,0,114.244940474629,0,0,0,0.167630523443222
0,0,0,0,0,0,0,0,0,0,0,45.7399996519089,0,35.1112354397774,0,0,0,0,0,0,0,62.2027767896652,0,0,0,95.4137742817402,0,0,0,366.983141988516,0,0,0,0,0,0,0,1,0,0,0,0,0,0,0,0,0,0,0,0,0,0,0,0,0,0,0,0,0,105.3665984869,0,0,0,0,185.093273043633,0,0,0,280.098853975534,0,2249.66583541036,0,195.982332602143,0,0,0,0,0,0,0,9.05906069278717,0,114.426400184631,54.2541093826294,0,0,0
0,0,0,0,0,0,0,0,0,0,6,0,0,0,0,0,0,0,0,0,0,0,168.92847520113,0,0,0,139.945415735245,0,0,0,331.593148112297,0,0,0,0,0,0,0,122.742163598537,0,0,0,0,0,0,0,0,0,0,0,0,0,0,0,0,0,0,0,25.2514848709106,0,0,0,0,0,0,110.234871387482,0,0,0,56.2728183269501,0,280.23416171968,0,94.4568469524384,0,0,0,0,0,0,0,89.7399220466614,1,1,0,0,0
0,0,0,0,0,0,0,0,0,0,0,0,0,0,0,0,0,0,0,0,0,0,0,0,0,0,0,366.983141988516,0,0,0,0,0,0,0,0,0,85.4474090337753,0,0,0,0,0,0,0,0,0,0,0,0,0,0,0,0,0,0,0,0,0,0,0,0,0,0,0,0,0,0,0,0,294.092180579901,0,356.246126592159,0,0,0,0,0,0,0,297.570366933942,0,0,0,0,0,0
0,0,0,0,0,0,0,0,0,0,0,0,0,0,0,0,0,0,0,0,0,0,0,0,0,0,0,0,331.593148112297,0,0,0,0,0,0,0,0,0,359.067129254341,0,0,0,0,0,0,0,0,0,0,0,0,0,0,0,0,0,0,0,0,0,0,0,0,0,0,0,0,0,0,0,0,0,0,140.176687508821,0,0,0,0,0,0,0,156.449285745621,4.15013951063156,0,0,0,0
0,0,0,0,0,0,0,0,0,0,0,0,0,0,0,0,0,0,0,0,0,0,0,0,0,0,0,0,0,0,0,0,1104.53418123722,39.9312027692795,99.2531436085701,361.397683292627,3.12964206933975,0,0,0,0,0,0,0,0,0,0,2845.85171943903,0,92.5759615004063,0,0,0,0,0,0,0,0,0,0,0,0,0,0,0,0,0,0,0,0,0,0,0,0,1322.27289199084,472.599771112204,0,8.92881891131401,187.912660673261,34.9280897378922,0,0,631.66179394722,0,0.288183182477951,0,0
0,0,0,0,0,0,0,0,0,0,0,0,0,0,0,0,0,0,0,0,0,0,0,0,0,0,0,0,0,0,0,1104.53418123722,0,0,5.66640394926071,3.5037085711956,216.152554780245,0,0,0,0,0,0,0,0,0,0,1173.51420491934,2.72774463891983,0,0,0,0,0,0,0,0,0,0,0,0,0,0,0,0,0,0,0,0,0,0,0,0,0,129.551578521729,758.914199098945,0,0,0,220.192520499229,0,0,127.751214504242,0,0,0,0
0,0,0,0,0,0,0,0,0,2.57441483438015,0,0,0,0,0,0,0,0,0,0,0,0,0,0.805121272802353,0,0,0,0,0,0,0,39.9312027692795,0,0,2627.69271960855,666.673669569194,0,131.294657468796,29.75844424963,0,0,0.53081738948822,0,0,0,0,0,4777.85744947195,2.57747188210487,42.0629582852125,0,0,0,0,0,0,0,0,0,0,0,0,0,0,0,0,0,0,0,0,0,0,0,0,2.0207993388176,0,1350.97634940594,1077.55073100328,224.572493560612,0,588.136284910142,0.445087179541588,723.840337336063,0,4.20316818356514,0,0
0,0,0,0,0,0,0,0,0.67081418633461,0,0,0,0,0,0,0,0,0,0,0,0,0,0,0,0,0,0,0,0,0,0,99.2531436085701,5.66640394926071,2627.69271960855,0,0,777.051694117486,1.39386379718781,100.512181602418,0,0,0,1.52860742807388,0,0,0,0,4626.33727923036,6.69810703396797,0,0.277063339948654,0,0,0,0,0,0,0,0,0,0,0,0,0,0,0,0,0,0,0,0,0,0,0,3.43057686090469,0.724654853343964,1031.11864480376,1336.07583072782,0,496.558553002775,0,31.139338850975,187.095683634281,0,1.29661649465561,0,0
0,0,0,6.54201284050941,0,9.59110152721405,0,0,0,0,0,564.881407141685,0,0,0,0,0,0.121193654835224,0.49433670938015,598.006639584899,0,0,0,0,0,0,0,0,0,0,0,361.397683292627,3.5037085711956,666.673669569194,0,0,1975.586992383,1818.1140922755,83.0196571350098,3.63075523078442,0,0,0,0,0,8.85434662550688,0,32.0239455103874,0,13.1452822089195,0,23.6516115069389,0,0,0,0,0,241.6697935462,0,1.30315618216991,0,0,916.94204428792,0,0,0,0,0,0,0,0,0,0,0,1445.17920169234,93.3603335022926,539.776294358075,0,17074.5901742205,938.802570074797,116.293005160987,0,1971.12793624401,448.714458495378,152.177505761385,0.754154562950134,0
0,0,0,0,0,0,0,0,0,0,579.620966345072,0,0,0,0,0,0,0,0,0,876.44187964499,0,0,0,0,0,0,0,0,0,0,3.12964206933975,216.152554780245,0,777.051694117486,1975.586992383,0,0,2615.27584075928,0,0,0,0,0,0,0.0991639643907547,0,0.147685319185257,0,0,10.271503046155,0,0,0,0,0,483.22678399086,0,1.04639826714993,0,0,0,0,601.833574622869,0,0,0,0,0,0,0,0,0,0,0,93.1790624409914,0,330.754098549485,146.182147279382,18553.8423259556,0,248.156451523304,2029.95192974806,672.672522395849,72.0165250301361,0,0
0.203811138868332,0,0,0,0,0,0,0,0,12.3523293435574,0,1290.78207269311,0,0,0,0,0,0,0,181.539458334446,0,1396.78463870287,3,313.536486402154,0.214343205094337,0,0,1,0,85.4474090337753,0,0,0,131.294657468796,1.39386379718781,1818.1140922755,0,0,497.397118106484,0,0,6.96705484390259,0,0,0,0.775302715599537,0,2033.96492989361,11.4929022341967,267.293398991227,0,0,0,0,0,0,0,544.275483310223,0,0,0,0,61.419618204236,0,414.445636481047,0,201.250282019377,0,0,0,2.48099747300148,0,103.098598301411,0,0,0,610.327224045992,0.589981555938721,1351.8913096413,0,13881.0690097287,3.63452695310116,2059.9891704917,58.8260309696198,196.598493054509,0.845438420772552,0.29090228676796
0,0.153741747140884,0,0,0,0,0,0,56.939713716507,0.179987877607346,1264.42850761116,0,0,0,0,0,0,0,0,0,335.309787750244,0,683.524962440133,0.837067902088165,362.501188054681,0,0,0,122.742163598537,0,359.067129254341,0,0,29.75844424963,100.512181602418,83.0196571350098,2615.27584075928,497.397118106484,0,0,0,0.240227997303009,0,0,0,0,0,1997.09130489826,791.576897650957,3.32970520853996,0,0,0,0,99.5163415521383,0.176614552736282,701.512492567301,0,0,0,0,0,0,141.62869811058,0,455.369081929326,1.7396467924118,239.663830280304,0,0,0,1.75774729251862,0,3.96513414382935,0,0,27.0336799323559,199.693022072315,17.3736159801483,1208.65436640382,62.2289410829544,12801.2568215206,2728.59927749634,203.060312688351,60.3787130564451,0,0
0,2.39467588067055,0,5.06608381867409,0,0,0,0,0,0,0,0,0,0,0,0,26.6623054295778,50.3819958642125,741.934692032635,0,0,0,0,0,0,0,0,0,0,0,0,0,0,0,0,3.63075523078442,0,0,0,0,0.105809897184372,2468.87836898863,14.7055895775557,31.5356070101261,0.94858306646347,142.772718451917,0.716699488461018,21.2546823769808,0,197.52788631618,0,0,0,0,0,0,0.749491035938263,17.6550975888968,0,0,0,0,146.543815009296,0,0,0,0,0.923127055168152,0,0,0,0,38.2788291573524,0,0,0,0,0,1241.88445058465,1.93224938213825,16.4510044455528,0,331.501600891352,0,1591.05314996839,232.644189916551,0.11247555911541
0,0,4.8561529815197,0,0,0,0,0,0,0,0,0,0,0,0,0,32.9515447840095,9.00941254198551,247.820736579597,0,0,0,0,0,0,0,0,0,0,0,0,0,0,0,0,0,0,0,0,0.105809897184372,0,3.21605847030878,931.406150653958,0,41.8035717308521,1.19963955879211,391.548543170094,6.06744569540024,53.8751756846905,1.15878283977509,1.72191651165485,0,0,0,0,0,4.46607445180416,0,0,0,0,0,0,141.546419069171,0,0,0,0,0,0,0,0,0,0,0,0,0,0,2.50556557625532,935.007277935743,0,8.30071938037872,108.76273624599,0,2070.38777181506,0,208.137627378106
0,87.3789335042238,0,59.843932621181,0,7.37325251102448,0,0,0,6.30089373886585,0,0,0,0,0,0,70.8388481065631,125.200646564364,1165.76497301459,0,0,0,0.17463056743145,0,0.141630709171295,0,0,0,0,0,0,0,0,0.53081738948822,0,0,0,6.96705484390259,0.240227997303009,2468.87836898863,3.21605847030878,0,256.020041748881,14.5056153982878,0.891250520944595,82.7941713035107,22.0984618216753,157.275600664318,4.34950569272041,1145.88691283762,0,0,0,0,0,10.6394374370575,0,357.636643715203,0,0,0,0,51.8955718874931,1.92887726426125,0,0,0.966157495975494,0,0,0,0,0,173.917997524142,0.193723753094673,0,0,0,0,1369.03895176947,1.20905037224293,16.369976349175,0,1934.59100748599,2.62606833875179,3975.61962161958,1072.23705524951,7.58501657098532
41.810803823173,0,41.4159345924854,0,3.59136265516281,0,0,0,6.50028139352798,0,0,0,0,0,0,0,157.585882030427,62.6597658991814,1060.94704578817,0,0,0.165617600083351,0.3287423402071,0,2.37051129341125,0.165444493293762,0,0,0,0,0,0,0,0,1.52860742807388,0,0,0,0,14.7055895775557,931.406150653958,256.020041748881,0,0,50.0079922452569,0.583234541118145,652.856365449727,114.528719633818,419.258345708251,10.5535845533013,14.6825228333473,0,0,0,0,0,713.378710031509,0,0,0,6.87085612118244,0,2.33757321536541,73.4340742081404,0,0,0,0.242995634675026,0,0,0,0,0,56.3248106539249,0,0,0,8.43943351507187,4.71951574087143,482.466186515987,0,6.66859573125839,1003.74530754983,10.3385603874922,5817.34506552666,0.81371109187603,1862.59233769774
0,0.197299182415009,0,0,0,0,0,0,0,0,0,0,0,0,0,0,1.19580969214439,1.86588530242443,76.7999479025602,0,0,0,0,0,0,0,0,0,0,0,0,0,0,0,0,0,0,0,0,31.5356070101261,0,14.5056153982878,0,0,0,23.9892792254686,2.24210357666016,3.12063479423523,0,5.52551817893982,0,0,0,0,0,0,0,0.848245739936829,0,0,0,0,5.69530123472214,0,0,0,0,0,0,0,0,0,0.564715132117271,0,0,0,0,0,89.0983473807573,3.19355797767639,3.31383496522903,0,26.4688833802938,0,46.0968048125505,0.671460673213005,0
0,0,0,0,0,0,0,0,0,0,0,0,0,0,0,0,26.9921729490161,3.25848793983459,159.720585212111,0,0,0,0,0,0,0,0,0,0,0,0,0,0,0,0,0,0,0,0,0.94858306646347,41.8035717308521,0.891250520944595,50.0079922452569,0,0,0,88.3761572390795,0,0,0,0,0,0,0,0,0,0.271421432495117,0,0,0,0,0,0,0.239717274904251,0,0,0,0,0,0,0,0,0,0,0,0,0,0,1.77025313675404,65.6243673563004,0,0,23.3102772086859,0,122.101904541254,0,10.5296970754862
1.26044166088104,0.686862722039223,0,0,0,0,0,0,0,0,0,0,0,0,0,0,11.4863623827696,6.41672807186842,221.660165823996,0,0,0,0,0,0,0,0,0,0,0,0,0,0,0,0,8.85434662550688,0.0991639643907547,0.775302715599537,0,142.772718451917,1.19963955879211,82.7941713035107,0.583234541118145,23.9892792254686,0,0,2.02190792560577,2.00805607438087,0,7.9761995151639,0,0,0,0,0,0,0,21.2293997183442,0,0,0,0,1119.47600075603,0,0,0,0,0,0,0,0,0,27.0563739538193,0,0,0,0,0,679.176271751523,0.336387783288956,304.581264868379,0,61.487589366734,0,715.538515068591,2.9912623167038,1.03393721580505
6.21409527957439,0,5.98613727092743,0,0.584910333156586,0,0,0,0,0,0,0,0,0,0,0,142.529970981181,68.4382915720344,953.466056860983,0,1.51584994792938,0,0.258271515369415,0.567732274532318,0,0,0,0,0,0,0,0,0,0,0,0,0,0,0,0.716699488461018,391.548543170094,22.0984618216753,652.856365449727,2.24210357666016,88.3761572390795,2.02190792560577,0,6.76750445365906,4.16887892782688,0,2.92419123649597,0,0,0,0,0,36.633913770318,0,0,0,0,0,0,767.954700633883,0,0,0,0,0,0,0,0,0,4.35013003647327,0,0,0,0,3.60651758313179,1588.50019370764,0.316324323415756,11.9283451288939,298.327238678932,0,1899.75626976043,0.337990120053291,27.1877331808209
1.4704552590847,0,7.0352595448494,0.245907932519913,0.735055506229401,1.17961034178734,0,0,0,0.576015740633011,0,0,0,0,0,0,0,0,1.46878804266453,0,0.416353076696396,0,0,4.63988530635834,1.27809707820415,0,0,0,0,0,0,2845.85171943903,1173.51420491934,4777.85744947195,4626.33727923036,32.0239455103874,0.147685319185257,2033.96492989361,1997.09130489826,21.2546823769808,6.06744569540024,157.275600664318,114.528719633818,3.12063479423523,0,2.00805607438087,6.76750445365906,0,3104.59762261808,2470.14470295608,5.22196632623672,0,0,0,0,0,1.66677971184254,1.63870788365602,0,0,0,0,0.10987700521946,4.94148540496826,0,0,4.78916987776756,0,0,0,0,0,0.197503715753555,0,158.144511565566,933.941764697433,184.805345833302,1474.3028421104,227.40799883008,76.4216798245907,208.271164298058,477.71883893013,2037.63071289659,0,588.084798686206,0.1135658249259,1.39080810546875
182.935474336147,0,111.636408731341,0,0,0,0,0,0,0,0,0,0,0,0,0,0,0,0.565619878470898,0,0.136433735489845,0,170.693696796894,0.212605819106102,114.260660082102,0,0,0,0,0,0,0,2.72774463891983,2.57747188210487,6.69810703396797,0,0,11.4929022341967,791.576897650957,0,53.8751756846905,4.34950569272041,419.258345708251,0,0,0,4.16887892782688,3104.59762261808,0,653.445568576455,16.8805838376284,0,0,0,41.2885774374008,0,11.6151715964079,0,0,0,24.4486839473248,0,0,4.34937882423401,0,381.931381836534,0.565185487270355,125.430584922433,0,72.39754986763,0,5.57274281978607,0,0,0,0,0,11.5097180306911,0,197.261300206184,0.182041987776756,663.123205110431,582.192060783505,0.384774476289749,1145.34604039043,0,7.65067128837109
0,105.52124927938,0,27.614817738533,0,7.80555526912212,0,0,0,0,0,0,0,0,0,0,0,0.98276162147522,8.83453626930714,0.21016164124012,0,182.798587426543,0,33.6379781365395,0,0,0,0,0,0,0,92.5759615004063,0,42.0629582852125,0,13.1452822089195,0,267.293398991227,3.32970520853996,197.52788631618,1.15878283977509,1145.88691283762,10.5535845533013,5.52551817893982,0,7.9761995151639,0,2470.14470295608,653.445568576455,0,0,0,0,0,0,0,0,10.8323428034782,0,2.02702116966248,0,0,0.59894947707653,0,464.552913382649,0,69.7386592775583,0,9.5027037113905,0,46.3117864876986,0,22.7750587761402,0,0,14.5261242389679,0,0,119.992278754711,0,101.520134657621,2.6370999366045,712.838483117521,0,748.210419975221,19.4711061865091,0
0,0,116.105582743883,0,428.436186164618,0,61.5206706523895,0,0,0,0,0,0,0,0,0,0,0,0.301233291625977,0,24.9404076486826,0,0,0,0,0,0,0,0,0,0,0,0,0,0.277063339948654,0,10.271503046155,0,0,0,1.72191651165485,0,14.6825228333473,0,0,0,2.92419123649597,5.22196632623672,16.8805838376284,0,0,0,51.796021938324,0,0,0,87.5817103385925,0,0.757994651794434,0,52.4597021192312,0,0,5.240309715271,0,0,0,0,0,0,0,0,0,0,0,0,0,0.238345086574554,0,1.12652513384819,0,0,178.39409558475,5.25196048617363,378.07476298511,0,0
0,0,0,19.0928961634636,0,461.340149760246,0,124.097218215466,0,0,0,0,0,0,0,0,0,0,0,6.01293504238129,0,0,0,0,0,0,0,0,0,0,0,0,0,0,0,23.6516115069389,0,0,0,0,0,0,0,0,0,0,0,0,0,0,0,0,0,84.4507466554642,0,0,0,46.2585428953171,0,2.66852217912674,0,0,5.47441360354424,0,0,0,0,0,0,0,0,0,0,0,0,0,0,0,3.20744577050209,0,0,0,284.786757096648,79.1542501449585,58.5604138672352,0,0
0,0,0,0,0,0,90.3438614606857,0,0,0,0,0,0,0,0,0,0,0,0,0,0,0,0,0,0,0,0,0,0,0,0,0,0,0,0,0,0,0,0,0,0,0,0,0,0,0,0,0,0,0,51.796021938324,0,0,0,0,0,79.6601665616035,0,74.1638597249985,0,0,0,0,0,0,0,0,0,0,0,0,0,0,0,0,0,0,0,0,0,0,0,29.2151846885681,40.8210577964783,0,0,0
0,0,0,0,0,0,0,812.368309617043,0,0,0,7.83482468128204,0,10.935870885849,0,0,0,0,0,1,0,0,0,0,0,0,0,0,0,0,0,0,0,0,0,0,0,0,0,0,0,0,0,0,0,0,0,0,0,0,0,84.4507466554642,0,0,0,0,0,16.6685018539429,0,0,0,0,0,0,0,0,0,0,0,0,0,0,0,0,0,0,0,0,0,0,0,0,53.1376071572304,0,0,0,0
258.331515848637,0,4.61380898952484,0,5.33522284030914,0,0,0,924.031554743648,0,0,0,0,0,2.65962678194046,0,0,0,0,0,0,0,0,0,102.025004893541,0,7.06028842926025,0,0,0,0,0,0,0,0,0,0,0,99.5163415521383,0,0,0,0,0,0,0,0,0,41.2885774374008,0,0,0,0,0,0,0,0,0,0,0,74.1640572249889,0,0,0,0,0,0,306.078987538815,0,19.1873039603233,0,0,0,0,0,0,0,5.37644025683403,0,0,0,251.442329630256,148.290996864438,0.841169238090515,137.104665592313,0,0
0,170.313994765282,0,0,0,0,0,0,0,421.833649069071,0,0,0,0,0,13.2747381776571,0,0,0,0,0,0,0,12.5501125454903,0,0,0,0,0,0,0,0,0,0,0,0,0,0,0.176614552736282,0,0,10.6394374370575,0,0,0,0,0,0,0,0,0,0,0,0,0,0,0,0,0,0,0,117.616126358509,0,0,0,0,214.769629225135,0,0,0,0,0,0,0,0,0,1.64554062485695,0,0,0,2.7027627825737,0,72.7052575051785,0,126.215797677636,0,0
0.292364090681076,0,3.54806683957577,0,41.9245584011078,0,167.460962235928,0,0.993785977363586,0,738.373098507524,0,8.31565344333649,0,0,0,1.76570397615433,1.34924708306789,11.4559618979692,0,716.122142747045,0,0,0,0,0,0,0,0,0,0,0,0,0,0,0,483.22678399086,0,701.512492567301,0.749491035938263,4.46607445180416,0,713.378710031509,0,0.271421432495117,0,36.633913770318,1.66677971184254,11.6151715964079,0,87.5817103385925,0,79.6601665616035,0,0,0,0,0,151.754711702466,0,2.27646754682064,0,0,840.059933267534,0,0,0,0,0,0,0,0,0,181.864595890045,0,0,0,0.184449434280396,0,41.426041521132,0,58.4135675281286,593.435352265835,18.873663187027,1373.70135290176,0,61.3019828945398
0,0.295429423451424,0,84.2525226324797,0,0,0,118.534205794334,0,0,0,876.385572999716,0,143.291277378798,0,0,6.19976431131363,3.86422380805016,41.6515186131001,7.67125129699707,0,0,0,0,0,0,0,0,0,0,0,0,0,0,0,241.6697935462,0,544.275483310223,0,17.6550975888968,0,357.636643715203,0,0.848245739936829,0,21.2293997183442,0,1.63870788365602,0,10.8323428034782,0,46.2585428953171,0,16.6685018539429,0,0,0,0,0,135.043205633759,0,0.211961448192596,57.5213410705328,0,0,0,0,0,0,0,0,0,491.407524362206,0,0,0,0,0,32.8201992958784,0,90.1664044260979,0,287.886396445334,46.6987739801407,732.232872016728,78.1991640925407,0
3.87296319007874,0,84.7960662394762,0,0,0,1.29087913036346,0,0,0,457.07168418169,0,812.020359307528,0,32.3460965305567,0,0,0,0,0,0.419509291648865,0,0,0,0,0,0,0,25.2514848709106,0,0,0,0,0,0,0,1.04639826714993,0,0,0,0,0,0,0,0,0,0,0,0,0,0.757994651794434,0,74.1638597249985,0,0,0,151.754711702466,0,0,0,195.756204873323,0,0,0.244661927223206,0,0,0,0,0,0,0,0.526873052120209,0,0,0,0,0,0,0,0,0,0,296.488483220339,37.748204022646,125.158738225698,0,0
0,0,0,219.597683727741,0,0,0,122.189989805222,0,0,0,788.653392314911,0,1868.27920433879,0,0,0,0,0,0,0,0,0,0,0,0,0,105.3665984869,0,0,0,0,0,0,0,1.30315618216991,0,0,0,0,0,0,0,0,0,0,0,0,0,2.02702116966248,0,2.66852217912674,0,0,0,0,0,135.043205633759,0,0,0,0,1.141765832901,0,0,0,0,0,0,0,260.679543763399,0,0,0,0,0,0,0,0.544720828533173,0,0,0,118.631902545691,258.244472622871,16.8513097763062,0,0
5.69293308258057,0,1.51998151838779,0,0,0,0,0,7.93030118942261,0,0,0,4.17108958959579,0,154.07882809639,0,0,0,0,0,0,0,0,0,0.232819572091103,0,0,0,0,0,0,0,0,0,0,0,0,0,0,0,0,0,6.87085612118244,0,0,0,0,0,24.4486839473248,0,52.4597021192312,0,0,0,74.1640572249889,0,2.27646754682064,0,195.756204873323,0,0,0,0,0,0,0,0,1.10586625337601,0,0,0,0,0,0,0,0,0,0,0,0,0,0,30.6634910702705,0,70.8487873077393,0,0
0,15.7634775042534,0,89.6060443073511,0,13.9581537842751,0,0,0,55.1048220396042,0,0,0,241.207031130791,0,40.0844893455505,0,0,0,0,0,0,0,0,0,0,0,0,0,0,0,0,0,0,0,0,0,0,0,0,0,0,0,0,0,0,0,0,0,0,0,0,0,0,0,117.616126358509,0,0.211961448192596,0,0,0,0,0,0,0,0,0,0,107.917892158031,0,0,0,0,0,0,0,0,0,0,0,0,0,133.059507846832,44.6780977249146,0.611633896827698,0,0
0,2.11545348167419,0,52.3231131434441,0,5.25303739309311,0,0,0,0,0,85.3487386703491,0,0,0,0,6.48487018048763,5.81509113311768,48.8795191347599,1450.97044210136,0,0,0,0,0,0,0,0,0,0,0,0,0,0,0,916.94204428792,0,61.419618204236,0,146.543815009296,0,51.8955718874931,2.33757321536541,5.69530123472214,0,1119.47600075603,0,0.10987700521946,0,0.59894947707653,0,5.47441360354424,0,0,0,0,0,57.5213410705328,0,1.141765832901,0,0,0,0,0,0,0,0,0,0,0,0,5.83405508100986,0,0,0,0,0,822.769204966724,0,161.472561620176,0,30.9405864477158,3.96661102771759,769.777029618621,2.16229295730591,0
0,0,3.83084842562675,0,6.93278098106384,0,0,0,0,0,185.668513894081,0,0,0,0,0,0.649629637598991,0,21.5189048051834,0,687.368036076427,0,0.192553132772446,0,0,0,0,0,0,0,0,0,0,0,0,0,601.833574622869,0,141.62869811058,0,141.546419069171,1.92887726426125,73.4340742081404,0,0.239717274904251,0,767.954700633883,4.94148540496826,4.34937882423401,0,5.240309715271,0,0,0,0,0,840.059933267534,0,0.244661927223206,0,0,0,0,0,0,0,0,0,0,0,0,0,0,13.973269931972,0,0,0,0,0,1377.96566528082,0,92.0081222131848,114.424338504672,0.90821784734726,981.072313800454,0,2.5992830991745
0,0,0,0,0,0,0,0,0,0,0,0,0,0,0,0,17.184694647789,155.474149346352,0,0,0,4607.83160284162,0,288.38691419363,0,13.1359009742737,0,185.093273043633,0,0,0,0,0,0,0,0,0,414.445636481047,0,0,0,0,0,0,0,0,0,0,0,464.552913382649,0,0,0,0,0,0,0,0,0,0,0,0,0,0,0,0,372.11249704659,0,435.752927213907,0,491.394268482924,0,0,0,0,0,0,0,0,0,308.766745477915,0,151.904798895121,26.5040258169174,0,0,0
0,0,0,0,0,0,0,0,0,0,0,0,0,0,0,0,31.4158463478088,19.8632148355246,0,0,0,15.5807046890259,5274.50949627161,0,49.2526385784149,0.378453940153122,36.4928879439831,0,110.234871387482,0,0,0,0,0,0,0,0,0,455.369081929326,0,0,0,0,0,0,0,0,0,381.931381836534,0,0,0,0,0,0,0,0,0,0,0,0,0,0,0,0,0,0,79.0387955307961,0,45.870675817132,0,56.2022936940193,0,0,0,0,0,0,0,0,0,223.075864031911,889.023308709264,0,0,0,0
0,1.28192709386349,0,0,0,0,0,0,0,92.615949138999,0,0,0,0,0,7.37093575298786,0,0.519770324230194,0,0,0,29.2466929107904,0,408.711384296417,0,3.05131983757019,0,0,0,0,0,0,0,0,0,0,0,201.250282019377,1.7396467924118,0,0,0.966157495975494,0,0,0,0,0,4.78916987776756,0.565185487270355,69.7386592775583,0,0,0,0,0,214.769629225135,0,0,0,0,0,0,0,0,372.11249704659,0,0,0,72.6215043067932,0,0.667188674211502,0,0,0,0,0,13.8252943009138,0,0,0,366.191083773971,0,217.858161509037,0,115.230406031013,0,0
0.38271751999855,0,0,0,0,0,0,0,9.99762915074825,0,0,0,0,0,0,0,55.4659487009048,60.4049130380154,1.18615221977234,0,0,0,9.38167709112167,0.715549349784851,410.692940413952,0.969629168510437,185.052190274,0,0,0,0,0,0,0,0,0,0,0,239.663830280304,0.923127055168152,0,0,0.242995634675026,0,0,0,0,0,125.430584922433,0,0,0,0,0,306.078987538815,0,0,0,0,0,1.10586625337601,0,0,0,0,79.0387955307961,0,0,0,315.494305998087,0,0,0.158323645591736,0,0,0,0,0.177822351455688,0,0,0,400.854910731316,37.4867871254683,0,27.1802161037922,0,0
0,0,0,0,0,0,0,0,0,0,0,0,0,0,0,0,22.2509315013885,205.390970140696,0,0,0,99.6007189452648,0,77.4519222974777,0,551.719367295504,0,280.098853975534,0,0,0,0,0,0,0,0,0,0,0,0,0,0,0,0,0,0,0,0,0,9.5027037113905,0,0,0,0,0,0,0,0,0,0,0,107.917892158031,0,0,435.752927213907,0,72.6215043067932,0,0,0,226.68283046782,0,0,0,0,0,0,0,0,0,0,0,136.123651623726,0,0,0,0
0,0,0,0,0,0,0,0,84.6695042848587,0,0,0,0,0,33.2077488899231,0,52.6607977151871,1.55927157402039,1.16425541043282,0,0,0,135.999022185802,0,240.21697729826,0,28.6029813885689,0,56.2728183269501,0,0,0,0,0,0,0,0,0,0,0,0,0,0,0,0,0,0,0,72.39754986763,0,0,0,0,0,19.1873039603233,0,0,0,0,0,0,0,0,0,0,45.870675817132,0,315.494305998087,0,0,0,18.7594737112522,0,0,0,0,0,0,0,0,0,0,17.3784037232399,0,0,0,0
0,0,0,0,0,0,0,0,0,0,0,48.9374392032623,0,71.9631448984146,0,0,0,0,0,0,0,27.9524405300617,0,0,0,68.5544033944607,0,2249.66583541036,0,294.092180579901,0,0,0,0,0,0,0,2.48099747300148,0,0,0,0,0,0,0,0,0,0,0,46.3117864876986,0,0,0,0,0,0,0,0,0,260.679543763399,0,0,0,0,491.394268482924,0,0.667188674211502,0,226.68283046782,0,0,0,50.3122452497482,0,0,0,0,0,0,0,226.580659851432,0,71.31672757864,0,0,0,0
0,0,0,0,0,0,0,0,0,0,3,0,0,0,1,0,0,0,0,0,0,0,11.3182415962219,0,0,0,5.00891351699829,0,280.23416171968,0,0,0,0,0,0,0,0,0,1.75774729251862,0,0,0,0,0,0,0,0,0,5.57274281978607,0,0,0,0,0,0,0,0,0,0.526873052120209,0,0,0,0,0,0,56.2022936940193,0,0,0,18.7594737112522,0,0,0,0,0,0,0,0,0,0,0,79.282624065876,4,0,0,0,0
0,4.87123502790928,0,13.1475228518248,0,0,0,0,0,0,0,31.1831710636616,0,0,0,0,1.04798203706741,1.92272283136845,44.2853008806705,0,0,0,0,0,0,0,0,195.982332602143,0,356.246126592159,0,0,0,0,0,0,0,103.098598301411,0,38.2788291573524,0,173.917997524142,0,0.564715132117271,0,27.0563739538193,0,0.197503715753555,0,22.7750587761402,0,0,0,0,0,0,0,491.407524362206,0,0,0,0,5.83405508100986,0,0,0,0,0.158323645591736,0,0,50.3122452497482,0,0,0,0,0,0,0,29.0731654465199,0,285.313214510679,0,47.9866849780083,0,320.37689640373,45.9194818735123,0
0,0,0,0,0,0,0,0,0,0,58.1033625602722,0,0,0,0,0,0,0,1.0492467880249,0,0,0,0,0,0,0,0,0,94.4568469524384,0,140.176687508821,0,0,0,0,0,0,0,3.96513414382935,0,0,0.193723753094673,56.3248106539249,0,0,0,4.35013003647327,0,0,0,0,0,0,0,0,0,181.864595890045,0,0,0,0,0,0,13.973269931972,0,0,0,0,0,0,0,0,0,0,0,0,0,0,0,1.15750572085381,0,132.001989126205,126.11365494132,0,455.474733307958,0,11.719464212656
0,0,0,0,0,0,0,0,0,0,0,0,0,0,0,0,0,0,0,0,0,0,0,0,0,0,0,0,0,0,0,1322.27289199084,129.551578521729,2.0207993388176,3.43057686090469,1445.17920169234,0,0,0,0,0,0,0,0,0,0,0,158.144511565566,0,0,0,0,0,0,0,0,0,0,0,0,0,0,0,0,0,0,0,0,0,0,0,0,0,0,0,110.176573336124,485.022297024727,0,332.68902015686,0.872707188129425,0,0,64.1134014725685,0,0,0,0
0,0,0,0,0,0,0,0,0,0,0,0,0,0,0,0,0,0,0,0,0,0,0,0,0,0,0,0,0,0,0,472.599771112204,758.914199098945,0,0.724654853343964,93.3603335022926,93.1790624409914,0,0,0,0,0,0,0,0,0,0,933.941764697433,0,14.5261242389679,0,0,0,0,0,0,0,0,0,0,0,0,0,0,0,0,0,0,0,0,0,0,0,0,110.176573336124,0,0,265.132900357246,2.3506423830986,486.177485845983,0,0,318.01593926549,0,0,0,0
0,0,0,0,0,0,0,0,0,15.1028158813715,0,0,0,0,0,0,0,0,0,0,0,0,0,11.1673298478127,0,0,0,0,0,0,0,0,0,1350.97634940594,1031.11864480376,539.776294358075,0,610.327224045992,27.0336799323559,0,0,0,0,0,0,0,0,184.805345833302,0,0,0,0,0,0,0,1.64554062485695,0,0,0,0,0,0,0,0,0,0,13.8252943009138,0,0,0,0,0,0,0,485.022297024727,0,0,56.5668444633484,467.397750362754,0,355.794021189213,0,725.171367496252,0,0,0,0
0,0,0.848772644996643,0,0,0,0,0,3.29626347124577,0,0,0,0,0,0,0,0,0,0,0,0,0,0,0,0.219210848212242,0,0,0,0,0,0,8.92881891131401,0,1077.55073100328,1336.07583072782,0,330.754098549485,0.589981555938721,199.693022072315,0,0,0,8.43943351507187,0,0,0,0,1474.3028421104,11.5097180306911,0,0.238345086574554,0,0,0,5.37644025683403,0,0.184449434280396,0,0,0,0,0,0,0,0,0,0,0.177822351455688,0,0,0,0,0,0,0,265.132900357246,56.5668444633484,0,0,372.256565637887,0,605.238378316164,204.767286978662,0,9.34363570809364,0,0
0.553000450134277,2.83003044128418,0,15.1803507655859,0,0.39298552274704,0,0,0,0,0,74.4945965111256,0,0,0,0,35.0371306538582,47.7541390508413,888.201634250581,96.5997391790152,0,0,0,0,0.170376688241959,0,0,0,0,0,0,187.912660673261,0,224.572493560612,0,17074.5901742205,146.182147279382,1351.8913096413,17.3736159801483,1241.88445058465,2.50556557625532,1369.03895176947,4.71951574087143,89.0983473807573,1.77025313675404,679.176271751523,3.60651758313179,227.40799883008,0,119.992278754711,0,3.20744577050209,0,0,0,0,0,32.8201992958784,0,0.544720828533173,0,0,822.769204966724,0,0,0,0,0,0,0,0,0,29.0731654465199,0,332.68902015686,2.3506423830986,467.397750362754,0,0,8.55569684505463,349.648787163198,0,1723.31697178632,124.130152523518,1318.17644702643,223.880862899125,0.4012101739645
4.39352534711361,0,5.25163132697344,0,1.31642916798592,0,0,0,0,0,11.0299142599106,0,0,0,0,0,41.3568235114217,26.9312990605831,288.29118873179,0,333.044049434364,0,0,0,0.650366187095642,0,0,0,0,0,0,34.9280897378922,220.192520499229,0,496.558553002775,938.802570074797,18553.8423259556,0,1208.65436640382,1.93224938213825,935.007277935743,1.20905037224293,482.466186515987,3.19355797767639,65.6243673563004,0.336387783288956,1588.50019370764,76.4216798245907,197.261300206184,0,1.12652513384819,0,0,0,0,0,41.426041521132,0,0,0,0,0,0,1377.96566528082,0,0,0,0,0,0,0,0,0,1.15750572085381,0.872707188129425,486.177485845983,0,372.256565637887,8.55569684505463,0,0,751.369999967515,2899.07458608598,364.384981542826,1628.66915626824,0.0996193736791611,97.3253204301
0,0,0,4.83664065599442,0,0,0,0,0,104.182505071163,0,354.97282063961,0,0,0,0,2.29645538330078,0,26.4278333336115,1,0,525.700779289007,0,140.944580182433,0,0,0,9.05906069278717,0,297.570366933942,0,0,0,588.136284910142,0,116.293005160987,0,13881.0690097287,62.2289410829544,16.4510044455528,0,16.369976349175,0,3.31383496522903,0,304.581264868379,0.316324323415756,208.271164298058,0.182041987776756,101.520134657621,0,0,0,0,0,2.7027627825737,0,90.1664044260979,0,0,0,0,161.472561620176,0,308.766745477915,0,366.191083773971,0,0,0,226.580659851432,0,285.313214510679,0,0,0,355.794021189213,0,349.648787163198,0,0,0,893.016004547477,3.82335624098778,101.451486937702,2.32816445827484,0
0,0,0,0,0,0,0,0,92.9218315780163,0,333.530627019703,0,0,0,0,0,0,0,0,0,168.252819344401,0,427.990678101778,0,87.3008905351162,0,0,0,89.7399220466614,0,156.449285745621,0,0,0.445087179541588,31.139338850975,0,248.156451523304,3.63452695310116,12801.2568215206,0,8.30071938037872,0,6.66859573125839,0,0,0,11.9283451288939,477.71883893013,663.123205110431,2.6370999366045,0,0,0,0,251.442329630256,0,58.4135675281286,0,0,0,0,0,0,92.0081222131848,0,223.075864031911,0,400.854910731316,0,0,0,79.282624065876,0,132.001989126205,0,0,0,605.238378316164,0,751.369999967515,0,0,1639.21262524277,29.1423649787903,21.1189707517624,0,0
