0,0,70.8651070892811,0,0,0,0,0,151.470591962337,0,0,0,0,0,0,0,0,0,0,0,0,0,0,0,0,0,0,0,0,0,0,0,0,0,0,0,0,0,0,0,0,0,66.3983059078455,0,0,0.196484498679638,0,0,153.778050154448,0,0,0,0,0,274.330843240023,0,1.6157833635807,0,0,0,47.5536959171295,0,0,0,0,0,0,0,0,0,0,0,0,4.40756852924824,0,0,0,0,0,0,0,0,32.850905880332,0,509.766451790929,0,0.52840980887413
0,0,0,25.987053617835,0,0,0,0,0,103.877765312791,0,0,0,0,0,0,0.48424881696701,1.43177449703217,21.0029313415289,0,0,0,0,0,0,0,0,0,0,0,0,0,0,0,0,0,0,0,0,0,0,154.256189674139,0,0.380871534347534,0,118.571771621704,0.095239982008934,0,0,207.255787529051,0,0,0,0,0,280.394933283329,0,5.19777889549732,0,1.37162452936172,0,16.8375638723373,0,0,0,0,0,0,0,0,0,0,7.30824947357178,0,0,0,0,0,0,0,0,0,41.3375028371811,0,252.851552896202,0,0
70.8651070892811,0,0,0,197.838362559676,0,0,0,254.831923887134,0,0,0,0,0,0,0,3.09330475330353,0.3158258497715,8.09199648350477,0,7.57609355449677,0,0,0,0,0,0,0,0,0,0,0,0,0,0,0,2.67826819419861,0,0,0,8.51807947456837,0,89.4924937039614,0,2.45787792652845,0.723045170307159,170.697790883482,0.341447740793228,73.6290239989758,0,28.6022092401981,0,0,0,110.620442226529,0,35.7032214775681,0,11.0139482095838,0,2.39025083184242,0,0.23659311234951,0.724942520260811,0,0,0,0,0,0,0,0,1.17999796569347,18.6570419818163,0,0,0,0,0,4.41000984609127,0,0,645.810191184282,0.167480036616325,819.446252577007,0,44.9199947863817
0,25.987053617835,0,0,0,164.667104572058,0,0,0,131.188973143697,0,0.757731720805168,0,0,0,0,0.265182636678219,0.818245723843575,5.67274577915668,0,0,0,0,0,0,0,0,0,0,0,0,0,0,0,0,0.727997288107872,0,1.03929539769888,0,0.571637377142906,0,79.6211994737387,0.107661478221416,6.56345665454865,0,132.384943313897,0,0,0,33.1926501244307,0,56.4174889922142,0,0,0,365.709706097841,0,77.1154831275344,0,1.53062984347343,0,7.76623860001564,4.41638414561749,0,0,0,0,0,0,0,0.14478862285614,0,21.3281039446592,0,0,0,0,0,1.0556233972311,0,0,0,390.88246499747,0,552.656862147152,0.194092184305191,0
0,0,197.838362559676,0,0,0,94.8824811577797,0,23.1067472696304,0,4.62811803817749,0,161.856768250465,0,0,0,0,0,0,0,216.276616379619,0,0,0,0,0,0,0,0,0,0,0,0,0,0,0,0,0,0,0,0,0,1.27406942844391,0,0,0,5.94358609616756,0,0.309026159346104,0,951.377377018332,0,5.1144996881485,0,0,0,10.7299398630857,0,123.505082324147,0,0,0,0,17.3747125416994,0,0,0,0,0,0,0,0,0,0,0,0,0,0,0,0.488601297140121,0,0,557.421465754509,0,167.755447402596,0,1.18391287326813
0,0,0,164.667104572058,0,0,0,1.45278120040894,0,112.868010878563,0,0,0,0,0,0,0,0,0.0875498577952385,8.9986943602562,0,0,0,0,0,0,0,0,0,0,0,0,0,0,0,139.728435277939,0,0,0,0,0,1.05894736200571,0,1.52443709969521,0,48.9776090830564,0,0,0,0,0,173.149641931057,0,0,0,0,0,4.98000037670135,0,4.35503047704697,0,212.902705907822,30.9186804145575,0,0,0,0,0,0,0,0,0,0.172210961580276,0,0,0,0,0,16.487208366394,0,0,0,108.005984336138,0,192.960685379803,0,0
0,0,0,0,94.8824811577797,0,0,0,0,0,0,0,0,0,0,0,0,0,0,0,361.910853654146,0,0,0,0,0,0,0,0,0,0,0,0,0,0,0,100.466303527355,0,0,0,0,0,0,0,0,0,0,0,0,0,104.7127558887,0,210.320574522018,0,0,0,185.866176173091,0,80.8418291807175,0,0,0,0,203.304482221603,0,0,0,0,0,0,0,0,0,0,0,0,0,0,0,0,0,0,134.544130474329,0,0,0,0
0,0,0,0,0,1.45278120040894,0,0,0,0,0,0,0,0,0,0,0,0,0,25.9445903301239,0,0,0,0,0,0,0,0,0,0,0,0,0,0,0,0,0,0,0,0,0,0,0,0,0,0,0,0,0,0,0,33.6886543631554,0,208.023820698261,0,0,0,149.336282879114,0,0,0,0,0,0,0,0,0,0,0,0,0,0,0,0,0,0,0,0,0,0,0,0,311.285981714725,0,0,0,0
151.470591962337,0,254.831923887134,0,23.1067472696304,0,0,0,0,0,0,0,0,0,0,0,152.14726999402,27.6537809967995,35.6574306488037,0,0,0,0,0,1.54170659184456,0,0,0,0,0,0,0,0,0,0,0,0,0,11.9196347594261,0,0,0,15.287318110466,0,0,0.163577064871788,7.56268759071827,0,13.0027343928814,0,0.931541740894318,0,0,0,1501.69779071212,0,1.77248764038086,0,0,0,6.48182454705238,0,0,0,0,0,0,93.9242980778217,0,0,0,0,0,3.83764879405499,0,0,0,0,0,0,0,6.45748354494572,400.98396679759,11.5038701295853,55.2751948535442,0,3.77906480431557
0,103.877765312791,0,131.188973143697,0,112.868010878563,0,0,0,0,0,0,0,0,0,152.259428650141,0,79.1790394186974,0.146605104207993,0,0,0,0,15.7682238817215,0,75.9560980796814,0,0,0,0,0,0,0,0,0,0,0,20.6175435334444,0,0,0,16.7296671420336,0,0,0,0,0,0,0,0.646473199129105,0,0,0,0,0,628.603265106678,0,3.93512645363808,0,0,0,24.6852699667215,0,0,0,0,2.58030998706818,0,103.403702497482,0,0,0,1.95180994272232,0,0,0,1.38440728187561,0,0,0,37.1581078469753,0,289.494594871998,12.334195047617,172.527476720512,1.0171265155077,0
0,0,0,0,4.62811803817749,0,0,0,0,0,0,0,2.90878117084503,0,0,0,0,0,0,0,1132.632122159,0,0,0,0,0,0,0,0,0,24.0361444950104,0,0,0,0,0,812.658861264586,0,1649.13397964835,0,0,0,0,0,0,0,0,0,0,0,3.81876230239868,0,0,0,0,0,3613.02327619493,0,6.78649878501892,0,0,0,0,695.314210966229,0,0,0,0,0,0,0,0,0,7.63751554489136,0,0,0,0,0,153.659510016441,0,413.849852591753,641.762355566025,0,0,0,0
0,0,0,0.757731720805168,0,0,0,0,0,0,0,0,0,193.934620380402,0,0,0,0,0,464.644465565681,0,0,0,0,0,0,0,39.5361196100712,0,56.788978934288,0,0,0,0,0,443.847042039037,0,1989.87001478672,0,0,0,0,0,0,0,0.887089312076569,0,0,0,0,0,1.75323528051376,0,0,0,0,0,2490.23991531134,0,1030.02310580015,0,0,76.5289024412632,0,0,0,0,0,0,0,4.73986887931824,0,228.279064416885,0,0,0,0,0,5.03776599466801,0,29.5958965420723,0,797.091494292021,73.4327011108398,23.5317873060703,0,0
0,0,0,0,161.856768250465,0,0,0,0,0,2.90878117084503,0,0,0,0,0,5.90404093265533,0,0,0,0,0,0,0,0,0,0,0,0,0,0,0,0,0,0,0,0,0,0,0,0,0,0,0,0,0,0,0,0,0,12.8963377475739,0,0,0,0,0,3.35595548152924,0,298.012948274612,0,11,0,0,0,0,0,0,0,0,0,0,0,0,0,0,0,0,0,0,0,0,0,123.392508149147,42.2956542372704,0,0,0
0,0,0,0,0,0,0,0,0,0,0,193.934620380402,0,0,0,11.0571761727333,0,0,0,0,0,0,0,0,0,0,0,0,0,0,0,0,0,0,0,0,0,0,0,0,0,0,0,0,0,0,0,0,0,0,0,0,0,0,0,0,0,61.1696610450745,0,753.122010052204,0,39.6015073210001,0,0,0,0,0,0,0,0,10.9691934585571,0,0,0,0,0,0,0,0,0,0,0,100.277690172195,71.6528490185738,0,0,0
0,0,0,0,0,0,0,0,0,0,0,0,0,0,0,0,137.198202669621,0,0,0,0,0,0,0,0,0,53.8032293617725,0,0,0,0,0,0,0,0,0,0,0,0,0,0,0,0,0,0,0,0,0,0,0,0,0,0,0,6.91941533982754,0,0,0,19.8093161284924,0,237.229876443744,0,0,0,0,0,0,0,0,47.0538723915815,0,61.0129185914993,0,0,0,0,0,0,0,0,0,0,94.4203451871872,2,0,0,0
0,0,0,0,0,0,0,0,0,152.259428650141,0,0,0,11.0571761727333,0,0,0,31.5797870159149,0,0,0,0,0,0,0,0,0,0,0,0,0,0,0,0,0,0,0,0,0,0,0,0,0,0,0,0,0,0,0,0,0,0,0,0,0,79.763924613595,0,0,0,29.927134141326,0,134.200637578964,0,0,0,0,0,0,0,0,0,0,0,0,0,0,0,0,0,0,0,0,16.5445616543293,9.04031991958618,0,0,0
0,0.48424881696701,3.09330475330353,0.265182636678219,0,0,0,0,152.14726999402,0,0,0,5.90404093265533,0,137.198202669621,0,0,3389.6268478632,654.071440309286,0,0,0,81.1962559223175,0,109.198969870806,0,14.5230659246445,0,37.7830855846405,0,0,0,0,0,0,0,0,0,0,0,0,14.4085075557232,6.61329039931297,0.51151841878891,0,33.863250374794,0,0,0,0.337591707706451,0,0,0,0,36.2495269775391,0.792585372924805,2.55963099002838,0,0.544040083885193,0,145.501933842897,0,0.190988346934319,0,0,3,0,11.1666476726532,0,19.1748994588852,0,11.2449202537537,4.20545554161072,2.23696300387383,0,0,0,0,0,0,0,0,783.32098968327,119.432084597647,43.472367502749,2.52889232337475,2.30446624755859
0,1.43177449703217,0.3158258497715,0.818245723843575,0,0,0,0,27.6537809967995,79.1790394186974,0,0,0,0,0,31.5797870159149,3389.6268478632,0,429.865043260157,0,0,248.724615573883,0,43.1037500351667,54.9840997457504,218.082440629601,0,0,0,0,0,0,0,0,0,0,0,0,0,0,2.60016591846943,65.5383677259088,21.5069205015898,0.364747226238251,0,29.304396726191,25.4931817054749,0,0,0.15824955701828,0,0,0,0,0,81.2220173925161,0,15.9662922099233,0,0,0,1.65144324302673,0.976858988404274,0,0,0,0,19.7261887788773,0,0,0,0,32.690029554069,0,0,0,0,0,0,0,0.99342542886734,0,4231.19154389203,16.9597570002079,215.628232367337,5.53736253082752,2.32614001631737
0,21.0029313415289,8.09199648350477,5.67274577915668,0,0.0875498577952385,0,0,35.6574306488037,0.146605104207993,0,0,0,0,0,0,654.071440309286,429.865043260157,0,0,0,0,0,0,3.4375159740448,0,0,0,0,0,0,0,0,0,0,0,0,0,0,9.65297120809555,414.401110194623,644.256570614874,1641.23817896098,184.241566881537,207.528385952115,2548.41081517935,1495.57049009204,0.267390757799149,3.94652117788792,15.8972004354,0.228997200727463,0.808425411581993,0,0,21.3470310270786,0.377645581960678,14.5501670092344,71.2946002334356,0,0,0,0.226057291030884,10.7290212959051,0.337345868349075,0,0,0,0,0,0,0,0,104.576526366174,77.7911020666361,0,0,0,0,0,3.3703285753727,0.329134851694107,0.280054718255997,1599.59359592944,12.9592609927058,6803.15347322822,113.124867543578,247.507392287254
0,0,0,0,0,8.9986943602562,0,25.9445903301239,0,0,0,464.644465565681,0,0,0,0,0,0,0,0,0,0,0,0,0,0,0,0,0,0,0,0,0,0,0,773.923461139202,0,97.2232494354248,0,0,0,0,0,0,0,0,0,0,0,0,0,3.46153476834297,0,56.4208723306656,0,0,0,408.796691119671,0,0,0,0,708.787447243929,0,0,0,0,0,0,0,0,0,0,0,0,0,0,0,397.609664440155,0,0,0,132.240941300988,0,36.2635962069035,0,0
0,0,7.57609355449677,0,216.276616379619,0,361.910853654146,0,0,0,1132.632122159,0,0,0,0,0,0,0,0,0,0,0,0,0,0,0,0,0,0,0,0,0,0,0,0,0,983.755057275295,0,235.473745137453,0,0,0,0,0,0,0,0,0,0,0,141.19571775198,0,13.7154002785683,0,0,0,259.795573353767,0,0.447337478399277,0,0,0,0,2322.7090716362,0,0,0,0,0,0,0,0,0,2.71320486068726,0,0,0,0,0,130.149763599038,0,6.20175725221634,475.520604461432,0,151.581417828798,0,0
0,0,0,0,0,0,0,0,0,0,0,0,0,0,0,0,0,248.724615573883,0,0,0,0,28.9905149936676,179.159336030483,0,9.72516861557961,0,38.0828700661659,0,0,0,0,0,0,0,0,0,1489.64651787281,0,0,0,0,0,0,0,0,0,0,0,119.519086450338,0,0,0,0,0,0,0,0,0,0,0,0,0,0,3607.66077040136,0,71.0041456222534,0,3.68551480770111,0,135.162429884076,0,0,0,0,0,0,0,0,0,597.080537006259,0,530.805816829205,9.28901863098145,0,0,0
0,0,0,0,0,0,0,0,0,0,0,0,0,0,0,0,81.1962559223175,0,0,0,0,28.9905149936676,0,0,94.0749342143536,0,9.17742729187012,0,8.9654426574707,0,0,0,0,0,0,0,0,0,465.257432192564,0,0,0,0,0,0,0,0,0,0,0,0,0,0,0,0,0,0,0,0,0,0,0,0,0,0,1544.07434350252,0,307.713490128517,0,0,0,0,0,0,0,0,0,0,0,0,0,133.478187084198,95.2291861474514,38.5931010246277,0,0,0
0,0,0,0,0,0,0,0,0,15.7682238817215,0,0,0,0,0,0,0,43.1037500351667,0,0,0,179.159336030483,0,0,0,0,0,0,0,0,0,0,0,0.496675133705139,0,0,0,524.672775655985,0,0,0,0,0,0,0,0,0,0,0,3.39417964220047,0,0,0,0,0,155.858792990446,0,0,0,0,0,0,0,0,144.777848720551,0,812.150369212031,0,53.1510409116745,0,0,0,0,0,0,0,8.80433860421181,0,0,0,153.057693377137,0,60.301312237978,0,3.1050885617733,0,0
0,0,0,0,0,0,0,0,1.54170659184456,0,0,0,0,0,0,0,109.198969870806,54.9840997457504,3.4375159740448,0,0,0,94.0749342143536,0,0,0,43.3560264408588,0,0,0,0,0,0,0,0.908454060554504,0,0,0,80.6000692844391,0,0,0.256228804588318,0,0,0,0,0,0,0,0,0,0,0,0,39.3862628936768,0,0,0,0,0,0,0,0,0,0,148.927864819765,0,349.382463425398,0,65.4402490258217,0,0,0,0,0,0,0,18.7688010334969,0,0,0,95.2060057520866,21.8637449741364,0,9.74849927425385,0,0
0,0,0,0,0,0,0,0,0,75.9560980796814,0,0,0,0,0,0,0,218.082440629601,0,0,0,9.72516861557961,0,0,0,0,0,52.0785062909126,0,0,0,0,0,0,0,0,0,0,0,0,0,0,0,0,0,0,0,0,0,0,0,0,0,0,0,28.4700455665588,0,0,0,0,0,0,0,0,0,0,0,0,43.9048641622066,0,7.14622831344604,0,0,0,0,0,0,0,0,0,0,0,0.663757503032684,0,0,0,0
0,0,0,0,0,0,0,0,0,0,0,0,0,0,53.8032293617725,0,14.5230659246445,0,0,0,0,0,9.17742729187012,0,43.3560264408588,0,0,0,0,0,0,0,0,0,0,0,0,0,0,0,0,0,0,0,0,0,0,0,0,0,0,0,0,0,0,0,0,0,0,0,0,0,0,0,0,120.955396741629,0,29.6948984563351,0,0.804512232542038,0,0.373550891876221,0,0,0,0,0,0,0,0,0,0,22.3503640592098,0,0,0,0
0,0,0,0,0,0,0,0,0,0,0,39.5361196100712,0,0,0,0,0,0,0,0,0,38.0828700661659,0,0,0,52.0785062909126,0,0,0,671.823087275028,0,0,0,0,0,0,0,92.1363877058029,0,0,0,0,0,0,0,0,0,0,0,0,0,0,0,0,0,0,0,0,0,1,0,0,0,0,69.9795496463776,0,0,0,0.605452060699463,0,1179.92789793015,0,114.213343024254,0,0,0,0,0,0,0,69.9572885632515,0,236.17332804203,27.5364151000977,0,0,0
0,0,0,0,0,0,0,0,0,0,0,0,0,0,0,0,37.7830855846405,0,0,0,0,0,8.9654426574707,0,0,0,0,0,0,0,34.6111102104187,0,0,0,0,0,0,0,34.2037394046783,0,0,0,0,0,0,0,0,0,0,0,0,0,0,0,0,0,0,0,63.6871665716171,0,0,0,0,0,0,0,0,0,0,0,0,58.5359554290771,0,0,0,0,0,0,0,0,0,0,143.762626945972,62.1469532251358,0,0,0
0,0,0,0,0,0,0,0,0,0,0,56.788978934288,0,0,0,0,0,0,0,0,0,0,0,0,0,0,0,671.823087275028,0,0,0,0,0,0,0,0,0,749.632261097431,0,0,0,0,0,0,0,0,0,0,0,0,0,0,0,0,0,0,0,3.33198347687721,0,0,0,0,0,0,0,0,0,0,0,0,992.724543392658,0,491.556011587381,0,0,0,0,0,0,0,198.411804229021,0,59.3206996619701,0,0,0,0
0,0,0,0,0,0,0,0,0,0,24.0361444950104,0,0,0,0,0,0,0,0,0,0,0,0,0,0,0,0,0,34.6111102104187,0,0,0,0,0,0,0,0,0,137.631680846214,0,0,0,0,0,0,0,0,0,0,0,0,0,0,0,0,0,0,0,0,0,0,0,0,0,0,0,0,0,0,0,0,0,0,69.4599282741547,0,0,0,0,0,0,0,26.3922901153564,4.24427938461304,0,0,0,0
0,0,0,0,0,0,0,0,0,0,0,0,0,0,0,0,0,0,0,0,0,0,0,0,0,0,0,0,0,0,0,0,873.545663192868,23.5415446907282,4.47062635421753,285.174936652184,188.34214553237,0,0,0,0,0,0,0,0,0,0,859.731327280402,0,0,0,0,0,0,0,0,0,0,0,0,0,0,0,0,0,0,0,0,0,0,0,0,0,0,1584.06458827853,106.95522749424,44.0695379823446,0,875.489386796951,219.194748550653,0,0,4.70409846305847,0,0,0,0
0,0,0,0,0,0,0,0,0,0,0,0,0,0,0,0,0,0,0,0,0,0,0,0,0,0,0,0,0,0,0,873.545663192868,0,0,189.332776486874,5.14288949966431,338.555679410696,0,0,0,0,0,0,0,0,0,0,1233.47738806903,10.6979616880417,16.0154821872711,0,0,0,0,0,0,0,0,0,0,0,0,0,0,0,0,0,0,0,0,0,0,0,0,426.187074691057,860.037372395396,2.98280847072601,30.9223441630602,63.3752326071262,603.524353146553,0,0,78.5418553948402,0,5.23534905910492,0,0
0,0,0,0,0,0,0,0,0,0,0,0,0,0,0,0,0,0,0,0,0,0,0,0.496675133705139,0,0,0,0,0,0,0,23.5415446907282,0,0,765.031823784113,587.460524588823,0,215.054006174207,23.6909776926041,0,0,0,0,0,0,0,0,836.859507903457,0,43.8997554183006,0,0,0,0,0,0,0,0,0,0,0,0,0,0,0,0,0,0,0,0,0,0,0,0,181.237998098135,0,3558.80272193253,576.090001747012,132.862002722919,0,427.617543250322,0.405740588903427,186.901065438986,0,0,0,0
0,0,0,0,0,0,0,0,0,0,0,0,0,0,0,0,0,0,0,0,0,0,0,0,0.908454060554504,0,0,0,0,0,0,4.47062635421753,189.332776486874,765.031823784113,0,0,306.444158762693,72.3550887107849,146.657244503498,0,0,0,0,0,0,0,0,686.688155114651,0.994886577129364,1.28600692749023,0,0,0,0,0,0,0,0,0,0,0,0,0,0,0,0,0,0,0,0,0,0,0,0,12.2154673486948,131.752317965031,785.813035905361,3038.19886405766,2.53569677472115,66.8876940906048,176.115828156471,504.770986482501,341.777906656265,0,0,0,0
0,0,0,0.727997288107872,0,139.728435277939,0,0,0,0,0,443.847042039037,0,0,0,0,0,0,0,773.923461139202,0,0,0,0,0,0,0,0,0,0,0,285.174936652184,5.14288949966431,587.460524588823,0,0,2910.21706679463,4222.31554250419,107.434597849846,72.6738388389349,0,0.851139724254608,0,0,0,25.863077044487,0,96.8702481091022,0.900998428463936,16.5887276679277,0,1.86853551864624,0,0,0,0,0,131.746359452605,0,0,0,0,577.913075938821,0,0,0,0,0,0,0,0,0,0,0,515.673086419702,9.29900470376015,660.437270879745,0,21635.6017500162,861.865218639374,927.088368281722,0.244585275650024,3185.75106176734,282.213761031628,232.757203638554,0,0
0,0,2.67826819419861,0,0,0,100.466303527355,0,0,0,812.658861264586,0,0,0,0,0,0,0,0,0,983.755057275295,0,0,0,0,0,0,0,0,0,0,188.34214553237,338.555679410696,0,306.444158762693,2910.21706679463,0,0,6276.99803197384,4.3122256398201,6.44671940803528,0,1.61249643564224,0,0,0,38.2356045544147,208.404961258173,52.973758071661,0,2.8269804418087,0,0,0,0,0,854.394158065319,0,1.77187621593475,0,0,0,0,1679.28709162772,0,0,0,0,0,0,0,0,0,0,102.386384010315,322.15547041595,0,1062.35977563262,2794.97183609009,20453.287646085,0,2620.97011905909,2001.2791826725,144.243805199862,291.890913814306,0,0
0,0,0,1.03929539769888,0,0,0,0,0,20.6175435334444,0,1989.87001478672,0,0,0,0,0,0,0,97.2232494354248,0,1489.64651787281,0,524.672775655985,0,0,0,92.1363877058029,0,749.632261097431,0,0,0,215.054006174207,72.3550887107849,4222.31554250419,0,0,784.703319251537,0,0,37.644673615694,0,0.189612612128258,0,0.211030185222626,0,1643.48367016017,0,331.085047885776,0,0,0,0,0,139.740019738674,0,1305.16332063079,0,0.763630777597427,0,0,39.7461359500885,0,739.852077066898,0,786.919851690531,0,0,0,198.289705872536,0,352.027976006269,0,0,0,92.6802331358194,24.0486173629761,1229.60178299993,0,18183.525360398,514.605857551098,2256.8741376996,42.1813666820526,164.728702947497,0,0
0,0,0,0,0,0,0,0,11.9196347594261,0,1649.13397964835,0,0,0,0,0,0,0,0,0,235.473745137453,0,465.257432192564,0,80.6000692844391,0,0,0,34.2037394046783,0,137.631680846214,0,0,23.6909776926041,146.657244503498,107.434597849846,6276.99803197384,784.703319251537,0,0,0,0,0,0,0,0,0,260.251299023628,28.1262076795101,0,0,0,0,0,105.753332480788,0,915.792226195335,0,0,0,0,0,0,192.094752550125,0,610.545428603888,0,548.489658653736,0,0,0,9.94185212254524,0,31.5715583562851,0,0,16.2993886321783,240.567625835538,0.160301581025124,918.379128947854,513.503567010164,16785.4801551327,880.073268711567,1,301.932373613119,0,0
0,0,0,0.571637377142906,0,0,0,0,0,0,0,0,0,0,0,0,0,0,9.65297120809555,0,0,0,0,0,0,0,0,0,0,0,0,0,0,0,0,72.6738388389349,4.3122256398201,0,0,0,0,128.37541230768,0,1.69795951247215,0.122579343616962,110.611123554409,0.101372003555298,235.028345674276,57.0027172863483,274.90947599709,0,0,0,0,0,0,0,0.989148236811161,0,0,0,0,39.6674706935883,0,0,0,0,0,0,0,0,0,0.145960867404938,0,0,0,0.489720851182938,0,1216.6546548903,2.23182189464569,4.66963648796082,0,10.9471291005611,0,336.052826337516,0,0
0,0,8.51807947456837,0,0,0,0,0,0,0,0,0,0,0,0,0,0,2.60016591846943,414.401110194623,0,0,0,0,0,0,0,0,0,0,0,0,0,0,0,0,0,6.44671940803528,0,0,0,0,0.10829208791256,525.500459514558,1.30477759242058,34.160526573658,18.3206005915999,1127.57978020608,119.606897965074,335.333936065435,0,0,0,0,0,0.882867157459259,0,1.11683359742165,0,0.217034704983234,0,0,0,0,34.324566245079,0,0,0,0,0,0,0,0,0,4.61224287748337,0,4.26208978891373,0,0,0,942.314026191831,0,24.7204605937004,138.293659731746,4.03144252300262,1395.13841628283,0,30.901162520051
0,154.256189674139,0,79.6211994737387,0,1.05894736200571,0,0,0,16.7296671420336,0,0,0,0,0,0,14.4085075557232,65.5383677259088,644.256570614874,0,0,0,0,0,0.256228804588318,0,0,0,0,0,0,0,0,0,0,0.851139724254608,0,37.644673615694,0,128.37541230768,0.10829208791256,0,285.586200319231,80.9716763719916,0.43759685754776,1088.4402500391,6.00695095211267,32.7246895134449,0.422651082277298,228.709586851299,0,0.153597593307495,0,0,0,5.05640681833029,0.484201490879059,832.539817042649,0,30.493940807879,0,4.24636416137218,28.6651527583599,0,0,0,2.41536217927933,0,0,0,3.08400723338127,0,425.133638978004,0,0,0,0,0,0.930315256118774,0,7.15961815416813,0,1397.95316781849,2.08276093751192,5955.90481623262,525.59300788492,2.63574576377869
66.3983059078455,0,89.4924937039614,0.107661478221416,1.27406942844391,0,0,0,15.287318110466,0,0,0,0,0,0,0,6.61329039931297,21.5069205015898,1641.23817896098,0,0,0,0,0,0,0,0,0,0,0,0,0,0,0,0,0,1.61249643564224,0,0,0,525.500459514558,285.586200319231,0,2.75121415406466,58.9200389832258,29.1537280604243,727.288893803954,74.1812694221735,373.791741847992,0,0.625255227088928,0,0,0,36.2211542725563,0,171.244916275144,4.79782824218273,1.31930284947157,0,0.575716137886047,0,0,0.716628730297089,0,0,0,0,0,0,0,1.44679176807404,9.60553945600986,529.423622712493,0,0,0,0,0,2.22564667463303,0,3.30092009902,1568.89307667315,13.6451258808374,8042.48900313675,0,978.489917635918
0,0.380871534347534,0,6.56345665454865,0,1.52443709969521,0,0,0,0,0,0,0,0,0,0,0.51151841878891,0.364747226238251,184.241566881537,0,0,0,0,0,0,0,0,0,0,0,0,0,0,0,0,0,0,0.189612612128258,0,1.69795951247215,1.30477759242058,80.9716763719916,2.75121415406466,0,0.852142870426178,518.585156299174,4.36893754452467,0,0,0.277532607316971,0,0.976280525326729,0,0,0,0.384660586714745,0,4.64158552139997,0,0,0,0.701094388961792,0,0,0,0,0,0,0,0,0,0,1.75063453614712,0,0,0,0,0,0,0,0,0,70.3551955372095,0,425.934781096876,5.11498975753784,0.833582401275635
0,0,2.45787792652845,0,0,0,0,0,0,0,0,0,0,0,0,0,0,0,207.528385952115,0,0,0,0,0,0,0,0,0,0,0,0,0,0,0,0,0,0,0,0,0.122579343616962,34.160526573658,0.43759685754776,58.9200389832258,0.852142870426178,0,7.26962619274855,136.020934648812,0.30702605843544,0.588497132062912,0,0,0,0,0,0.516879796981812,0,0.132433399558067,0.141748666763306,0,0,0,0,0,0,0,0,0,0,0,0,0,0,0.155890211462975,1.63994792103767,0,0,0,0,0,0,0,0,29.3208850473166,0.743239626288414,290.428843483329,2.12000155448914,0.697046458721161
0.196484498679638,118.571771621704,0.723045170307159,132.384943313897,0,48.9776090830564,0,0,0.163577064871788,0,0,0.887089312076569,0,0,0,0,33.863250374794,29.304396726191,2548.41081517935,0,0,0,0,0,0,0,0,0,0,0,0,0,0,0,0,25.863077044487,0,0.211030185222626,0,110.611123554409,18.3206005915999,1088.4402500391,29.1537280604243,518.585156299174,7.26962619274855,0,105.320869170129,1.26179826259613,0,67.9220150560141,0,40.9947095215321,0,0,1.33280262351036,13.9999940618873,0.300779327750206,412.95515166223,0,4.78515827655792,0,1.98585826903582,750.846397288144,0,0,0,0,0,0,0,0,0,90.5695952475071,1.08880190551281,0,0,0,0,8.30611085891724,0,0,0,542.613506890833,0.979867234826088,6473.58272077143,20.783985696733,2.58612555265427
0,0.095239982008934,170.697790883482,0,5.94358609616756,0,0,0,7.56268759071827,0,0,0,0,0,0,0,0,25.4931817054749,1495.57049009204,0,0,0,0,0,0,0,0,0,0,0,0,0,0,0,0,0,38.2356045544147,0,0,0.101372003555298,1127.57978020608,6.00695095211267,727.288893803954,4.36893754452467,136.020934648812,105.320869170129,0,4.25221553444862,43.9032994061708,0.241888627409935,4.71446140110493,0,0,0,23.1301603540778,0,163.311274893582,1.10476373136044,4.81666215509176,0,1.78457570075989,0,0,1604.61464482546,0,0,0,0,0,0,0,0,2.62959690392017,36.5794246718287,0,0,0,0,0,440.910262331367,0,0,730.575544416904,4.51254540681839,5945.14871507138,0,34.0065433233976
0,0,0.341447740793228,0,0,0,0,0,0,0,0,0,0,0,0,0,0,0,0.267390757799149,0,0,0,0,0,0,0,0,0,0,0,0,859.731327280402,1233.47738806903,836.859507903457,686.688155114651,96.8702481091022,208.404961258173,1643.48367016017,260.251299023628,235.028345674276,119.606897965074,32.7246895134449,74.1812694221735,0,0.30702605843544,1.26179826259613,4.25221553444862,0,1082.28014810383,3117.11695937812,0.29567277431488,0,0,0,0,0,0,0,0,0,0,0,0,0,0,0,1.79181653261185,0,0,0,0,0,0,0,680.302247747779,3192.98032957315,642.512184754014,681.62294664979,4808.38965633512,3526.32073904574,1132.5059440285,2129.19178390503,3085.2994132936,0.149680227041245,1187.32379977405,0,0
153.778050154448,0,73.6290239989758,0,0.309026159346104,0,0,0,13.0027343928814,0,0,0,0,0,0,0,0,0,3.94652117788792,0,0,0,0,0,0,0,0,0,0,0,0,0,10.6979616880417,0,0.994886577129364,0.900998428463936,52.973758071661,0,28.1262076795101,57.0027172863483,335.333936065435,0.422651082277298,373.791741847992,0,0.588497132062912,0,43.9032994061708,1082.28014810383,0,310.402417749166,0,0,0,0,4.7981408983469,0,4.42533102631569,0.257389426231384,0,0,0,0,0,0,0,0,0,1.24815282225609,0,0,0,152.298442780972,0,9.25004950165749,3.01731944084167,96.4491755962372,2.28258046507835,0,177.937298223376,596.18297290802,0,630.007825508714,882.308776423335,1.58198063075542,1585.57129485905,0,58.6523936092854
0,207.255787529051,0,33.1926501244307,0,0,0,0,0,0.646473199129105,0,0,0,0,0,0,0.337591707706451,0.15824955701828,15.8972004354,0,0,119.519086450338,0,3.39417964220047,0,0,0,0,0,0,0,0,16.0154821872711,43.8997554183006,1.28600692749023,16.5887276679277,0,331.085047885776,0,274.90947599709,0,228.709586851299,0,0.277532607316971,0,67.9220150560141,0.241888627409935,3117.11695937812,310.402417749166,0,0,0,0,0,0,45.9464069604874,0,84.6674594059587,0,11.3453707396984,0,23.4020455926657,0,0,252.974479168653,0,77.980578660965,0,6.88715362548828,0,24.4087767899036,0,9.60589498281479,0,18.5222768187523,38.3482894301414,15.4279442876577,0,770.943756103516,1.84722119569778,984.405585005879,0,981.945139482617,0,1658.600380674,4.11757454276085,0
0,0,28.6022092401981,0,951.377377018332,0,104.7127558887,0,0.931541740894318,0,3.81876230239868,0,12.8963377475739,0,0,0,0,0,0.228997200727463,0,141.19571775198,0,0,0,0,0,0,0,0,0,0,0,0,0,0,0,2.8269804418087,0,0,0,0,0,0.625255227088928,0,0,0,4.71446140110493,0.29567277431488,0,0,0,0,91.4173807799816,0,1.68773686885834,0,38.5437934696674,0,215.162536233664,0,0,0,0,9.05732324719429,0,0,0,0,0,0,0,0,0,0,0,0,0,0,0,6.39371602237225,0,0,731.555206745863,0,52.7634228020906,0,0
0,0,0,56.4174889922142,0,173.149641931057,0,33.6886543631554,0,0,0,1.75323528051376,0,0,0,0,0,0,0.808425411581993,3.46153476834297,0,0,0,0,0,0,0,0,0,0,0,0,0,0,0,1.86853551864624,0,0,0,0,0,0.153597593307495,0,0.976280525326729,0,40.9947095215321,0,0,0,0,0,0,0,0,0,0,0,261.363809801638,0,27.7938040494919,0,0.977592289447784,0.412300288677216,0,0,0,0,0,0,0,0,0,1.28702297061682,0,0,0,0,0,0.309449464082718,0,0,0,137.54960128665,0,113.945617340505,0,0
0,0,0,0,5.1144996881485,0,210.320574522018,0,0,0,0,0,0,0,0,0,0,0,0,0,13.7154002785683,0,0,0,0,0,0,0,0,0,0,0,0,0,0,0,0,0,0,0,0,0,0,0,0,0,0,0,0,0,91.4173807799816,0,0,0,0,0,395.703171998262,0,7.87692260742188,0,0,0,0,3.16763043403625,0,0,0,0,0,0,0,0,0,0,0,0,0,0,0,0,0,0,22.2114958763123,0,0,0,0
0,0,0,0,0,0,0,208.023820698261,0,0,0,0,0,0,0,0,0,0,0,56.4208723306656,0,0,0,0,0,0,0,0,0,0,0,0,0,0,0,0,0,0,0,0,0,0,0,0,0,0,0,0,0,0,0,0,0,0,0,0,0,46.7976222485304,0,0,0,0,0,0,0,0,0,0,0,0,0,0,0,0,0,0,0,0,0,0,0,0,384.168050944805,0,0,0,0
274.330843240023,0,110.620442226529,0,0,0,0,0,1501.69779071212,0,0,0,0,0,6.91941533982754,0,36.2495269775391,0,21.3470310270786,0,0,0,0,0,39.3862628936768,0,0,0,0,0,0,0,0,0,0,0,0,0,105.753332480788,0,0.882867157459259,0,36.2211542725563,0,0.516879796981812,1.33280262351036,23.1301603540778,0,4.7981408983469,0,1.68773686885834,0,0,0,0,0,4.33850651979446,0,0,0,386.869823679328,0,0,0,0,0,0,290.118097424507,0,67.8895592391491,0,0,0,10.7404954880476,0,0,0,1.58912637829781,0,0,0,92.1040230095387,221.756035789847,8.85746839642525,111.029790952802,0,11.5266328006983
0,280.394933283329,0,365.709706097841,0,0,0,0,0,628.603265106678,0,0,0,0,0,79.763924613595,0.792585372924805,81.2220173925161,0.377645581960678,0,0,0,0,155.858792990446,0,28.4700455665588,0,0,0,0,0,0,0,0,0,0,0,139.740019738674,0,0,0,5.05640681833029,0,0.384660586714745,0,13.9999940618873,0,0,0,45.9464069604874,0,0,0,0,0,0,0,5.66672185063362,0,0,0,208.503362968564,1.25620148330927,0,0,0,1069.39515927434,0,33.7211337089539,0,0,0,3.08106164634228,0,0,0,4.39857262372971,0,0,0,352.029472649097,0,345.703314334154,26.3171994239092,267.395238481462,0,0
1.6157833635807,0,35.7032214775681,0,10.7299398630857,0,185.866176173091,0,1.77248764038086,0,3613.02327619493,0,3.35595548152924,0,0,0,2.55963099002838,0,14.5501670092344,0,259.795573353767,0,0,0,0,0,0,0,0,0,0,0,0,0,0,0,854.394158065319,0,915.792226195335,0,1.11683359742165,0.484201490879059,171.244916275144,0,0.132433399558067,0.300779327750206,163.311274893582,0,4.42533102631569,0,38.5437934696674,0,395.703171998262,0,4.33850651979446,0,0,0,101.165349394083,0,0,0,0,546.558719947934,0,0,0,0,0,0,0,2.01746094226837,0,78.4989185482264,0,0,0,0,0,321.478889681399,0,32.1899791657925,395.410888068378,0.570778399705887,1223.94389514625,0,85.1629774421453
0,5.19777889549732,0,77.1154831275344,0,4.98000037670135,0,149.336282879114,0,3.93512645363808,0,2490.23991531134,0,61.1696610450745,0,0,0,15.9662922099233,71.2946002334356,408.796691119671,0,0,0,0,0,0,0,0,0,3.33198347687721,0,0,0,0,0,131.746359452605,0,1305.16332063079,0,0.989148236811161,0,832.539817042649,4.79782824218273,4.64158552139997,0.141748666763306,412.95515166223,1.10476373136044,0,0.257389426231384,84.6674594059587,0,261.363809801638,0,46.7976222485304,0,5.66672185063362,0,0,0,802.581701554358,0,4.73282089829445,1422.75040108711,0,0,0,0,0,0,0,153.305703058839,0,1009.5272064656,0,0,0,0,0,27.9969892054796,0,12.9384689927101,0,1090.17059650272,0,1529.60770766437,8.86088132858276,0
0,0,11.0139482095838,0,123.505082324147,0,80.8418291807175,0,0,0,6.78649878501892,0,298.012948274612,0,19.8093161284924,0,0.544040083885193,0,0,0,0.447337478399277,0,0,0,0,0,0,0,63.6871665716171,0,0,0,0,0,0,0,1.77187621593475,0,0,0,0.217034704983234,0,1.31930284947157,0,0,0,4.81666215509176,0,0,0,215.162536233664,0,7.87692260742188,0,0,0,101.165349394083,0,0,0,62.416123688221,0,0,9.45812828838825,0,0,0,0,0,3.78941631317139,0,269.826031088829,0,0,0,0,0,0,0,15.3528868481517,0,0,245.430608525872,13.6944073438644,31.5525940135121,0,1.25752784311771
0,1.37162452936172,0,1.53062984347343,0,4.35503047704697,0,0,0,0,0,1030.02310580015,0,753.122010052204,0,29.927134141326,0,0,0,0,0,0,0,0,0,0,0,1,0,0,0,0,0,0,0,0,0,0.763630777597427,0,0,0,30.493940807879,0,0,0,4.78515827655792,0,0,0,11.3453707396984,0,27.7938040494919,0,0,0,0,0,802.581701554358,0,0,0,194.586582452059,0.72733998298645,0,0,0,0,0,0,0,0,0,0.54522667825222,0,0,0,0,0,0,0,0,0,289.83551903069,188.846128642559,65.124190017581,0,0
47.5536959171295,0,2.39025083184242,0,0,0,0,0,6.48182454705238,0,0,0,11,0,237.229876443744,0,145.501933842897,0,0,0,0,0,0,0,0,0,0,0,0,0,0,0,0,0,0,0,0,0,0,0,0,0,0.575716137886047,0,0,0,1.78457570075989,0,0,0,0,0,0,0,386.869823679328,0,0,0,62.416123688221,0,0,0,0,0,0,0,0,0,0,55.120027333498,0,30.2755197286606,0,0,0,0,0,0,0,0,0,0,106.174666345119,0,2.00106896460056,0,0
0,16.8375638723373,0,7.76623860001564,0,212.902705907822,0,0,0,24.6852699667215,0,0,0,39.6015073210001,0,134.200637578964,0,1.65144324302673,0.226057291030884,0,0,0,0,0,0,0,0,0,0,0,0,0,0,0,0,0,0,0,0,0,0,4.24636416137218,0,0.701094388961792,0,1.98585826903582,0,0,0,23.4020455926657,0,0.977592289447784,0,0,0,208.503362968564,0,4.73282089829445,0,194.586582452059,0,0,0,0,0,0,0,0,24.3048055768013,0,0,0,1.72024410963058,0,0,0,0,0,0,0,0,0,69.1223559230566,0,52.1806946620345,0,0
0,0,0.23659311234951,4.41638414561749,0,30.9186804145575,0,0,0,0,0,76.5289024412632,0,0,0,0,0.190988346934319,0.976858988404274,10.7290212959051,708.787447243929,0,0,0,0,0,0,0,0,0,0,0,0,0,0,0,577.913075938821,0,39.7461359500885,0,39.6674706935883,0,28.6651527583599,0,0,0,750.846397288144,0,0,0,0,0,0.412300288677216,0,0,0,1.25620148330927,0,1422.75040108711,0,0.72733998298645,0,0,0,0,0,0,0,0,0,0,0,0,63.8563028126955,0,0,0,0,0,956.636393733323,0,0,0,138.978527531028,0,974.385614156723,0,0
0,0,0.724942520260811,0,17.3747125416994,0,203.304482221603,0,0,0,695.314210966229,0,0,0,0,0,0,0,0.337345868349075,0,2322.7090716362,0,0,0,0,0,0,0,0,0,0,0,0,0,0,0,1679.28709162772,0,192.094752550125,0,34.324566245079,0,0.716628730297089,0,0,0,1604.61464482546,0,0,0,9.05732324719429,0,3.16763043403625,0,0,0,546.558719947934,0,9.45812828838825,0,0,0,0,0,0,0,0,0,0,0,0,0,0,20.2378220409155,0,0,0,0,0,422.07855451107,0,9.10145527124405,455.490564227104,0,1353.10880430043,0,0.464748486876488
0,0,0,0,0,0,0,0,0,0,0,0,0,0,0,0,0,0,0,0,0,3607.66077040136,0,144.777848720551,0,0,0,69.9795496463776,0,0,0,0,0,0,0,0,0,739.852077066898,0,0,0,0,0,0,0,0,0,0,0,252.974479168653,0,0,0,0,0,0,0,0,0,0,0,0,0,0,0,0,327.079008743167,0,5.99334353208542,0,410.408772587776,0,0,0,0,0,15.1995196640491,0,0,0,989.834388002753,0,379.202136844397,0,0,0,0
0,0,0,0,0,0,0,0,0,0,0,0,0,0,0,0,3,0,0,0,0,0,1544.07434350252,0,148.927864819765,0,120.955396741629,0,0,0,0,0,0,0,0,0,0,0,610.545428603888,0,0,0,0,0,0,0,0,0,0,0,0,0,0,0,0,0,0,0,0,0,0,0,0,0,0,0,0,1364.02045692503,0,1,0,0,0,0,0,0,0,0.369344174861908,0,0,0,303.486834287643,181.18587359786,6.65473222732544,0.294569373130798,0,0
0,0,0,0,0,0,0,0,0,2.58030998706818,0,0,0,0,0,0,0,0,0,0,0,71.0041456222534,0,812.150369212031,0,0,0,0,0,0,0,0,0,0,0,0,0,786.919851690531,0,0,0,2.41536217927933,0,0,0,0,0,1.79181653261185,0,77.980578660965,0,0,0,0,0,1069.39515927434,0,0,0,0,0,0,0,0,327.079008743167,0,0,0,155.047515302896,0,38.0791160464287,0,0,0,0,0,8.78274710476398,0,0,0,393.010090067983,0,60.4387277066708,0,228.381819292903,0,0
0,0,0,0,0,0,0,0,93.9242980778217,0,0,0,0,0,0,0,11.1666476726532,19.7261887788773,0,0,0,0,307.713490128517,0,349.382463425398,0,29.6948984563351,0,0,0,0,0,0,0,0,0,0,0,548.489658653736,0,0,0,0,0,0,0,0,0,1.24815282225609,0,0,0,0,0,290.118097424507,0,0,0,0,0,0,0,0,0,0,1364.02045692503,0,0,0,5.71436256170273,0,0,0,0,0,0,0,4.86990830302238,0,0,0,441.768182933331,20.4473422169685,0,66.369996830821,0,0
0,0,0,0,0,0,0,0,0,103.403702497482,0,0,0,0,0,0,0,0,0,0,0,3.68551480770111,0,53.1510409116745,0,43.9048641622066,0,0.605452060699463,0,0,0,0,0,0,0,0,0,0,0,0,0,0,0,0,0,0,0,0,0,6.88715362548828,0,0,0,0,0,33.7211337089539,0,0,0,0,0,24.3048055768013,0,0,5.99334353208542,0,155.047515302896,0,0,0,466.057880669832,0,0,0,0,0,0,0,0,0,0,0,2,0,0,0,0
0,0,0,0,0,0,0,0,0,0,0,0,0,0,47.0538723915815,0,19.1748994588852,0,0,0,0,0,0,0,65.4402490258217,0,0.804512232542038,0,0,0,0,0,0,0,0,0,0,0,0,0,0,0,0,0,0,0,0,0,0,0,0,0,0,0,67.8895592391491,0,0,0,3.78941631317139,0,55.120027333498,0,0,0,0,1,0,5.71436256170273,0,0,0,129.912575960159,0,0,0,0,0,0,0,0,0,0,46.3854444921017,0,0,0,0
0,0,0,0.14478862285614,0,0,0,0,0,0,0,4.73986887931824,0,10.9691934585571,0,0,0,0,0,0,0,135.162429884076,0,0,0,7.14622831344604,0,1179.92789793015,0,992.724543392658,0,0,0,0,0,0,0,198.289705872536,0,0,0,3.08400723338127,0,0,0,0,0,0,0,24.4087767899036,0,0,0,0,0,0,0,153.305703058839,0,0,0,0,0,0,410.408772587776,0,38.0791160464287,0,466.057880669832,0,0,0,9.77533276379108,0,0,0,0,0,0,0,255.404162362218,0,361.671197891235,7.16072750091553,10.6608280241489,0,0
0,0,0,0,0,0,0,0,0,0,0,0,0,0,61.0129185914993,0,11.2449202537537,0,0,0,0,0,0,0,0,0,0.373550891876221,0,58.5359554290771,0,0,0,0,0,0,0,0,0,9.94185212254524,0,0,0,1.44679176807404,0,0,0,0,0,152.298442780972,0,0,0,0,0,0,0,2.01746094226837,0,269.826031088829,0,30.2755197286606,0,0,0,0,0,0,0,0,129.912575960159,0,0,0,87.6591619551182,0,0,0,0,0,0,0,323.718591868877,183.700051307678,117.959816932678,13.5374073684216,0,0
0,7.30824947357178,1.17999796569347,21.3281039446592,0,0.172210961580276,0,0,0,1.95180994272232,0,228.279064416885,0,0,0,0,4.20545554161072,32.690029554069,104.576526366174,0,0,0,0,0,0,0,0,114.213343024254,0,491.556011587381,0,0,0,0,0,0,0,352.027976006269,0,0.145960867404938,0,425.133638978004,9.60553945600986,1.75063453614712,0.155890211462975,90.5695952475071,2.62959690392017,0,0,9.60589498281479,0,1.28702297061682,0,0,0,3.08106164634228,0,1009.5272064656,0,0.54522667825222,0,1.72024410963058,63.8563028126955,0,0,0,0,0,0,0,9.77533276379108,0,0,0,0,0,0,0,0,0,39.6049183011055,0,380.2697949633,0,442.705600827932,9.25852286815643,0.159655764698982
4.40756852924824,0,18.6570419818163,0,0,0,0,0,3.83764879405499,0,7.63751554489136,0,0,0,0,0,2.23696300387383,0,77.7911020666361,0,2.71320486068726,0,0,0,0,0,0,0,0,0,69.4599282741547,0,0,0,0,0,0,0,31.5715583562851,0,4.61224287748337,0,529.423622712493,0,1.63994792103767,1.08880190551281,36.5794246718287,0,9.25004950165749,0,0,0,0,0,10.7404954880476,0,78.4989185482264,0,0,0,0,0,0,20.2378220409155,0,0,0,0,0,0,0,87.6591619551182,0,0,0,0,0,0,0,0.788185507059097,0,169.130466490984,83.3835664391518,0.129146784543991,2585.88863709569,0,34.6015494316816
0,0,0,0,0,0,0,0,0,0,0,0,0,0,0,0,0,0,0,0,0,0,0,0,0,0,0,0,0,0,0,1584.06458827853,426.187074691057,181.237998098135,12.2154673486948,515.673086419702,102.386384010315,0,0,0,0,0,0,0,0,0,0,680.302247747779,3.01731944084167,18.5222768187523,0,0,0,0,0,0,0,0,0,0,0,0,0,0,0,0,0,0,0,0,0,0,0,0,0,101.435361504555,340.275933846831,2.69794635474682,1177.79525756836,24.174193829298,0,0,133.470595687628,0,10.5787204504013,0,0
0,0,0,0,0,0,0,0,0,0,0,0,0,0,0,0,0,0,0,0,0,0,0,0,0,0,0,0,0,0,0,106.95522749424,860.037372395396,0,131.752317965031,9.29900470376015,322.15547041595,0,0,0,4.26208978891373,0,0,0,0,0,0,3192.98032957315,96.4491755962372,38.3482894301414,0,0,0,0,0,0,0,0,0,0,0,0,0,0,0,0,0,0,0,0,0,0,0,0,101.435361504555,0,2.09503388404846,942.183852702379,210.008641570807,965.265097096562,0,0,263.247198879719,0,12.5683442652225,0,0
0,0,0,0,0,0,0,0,0,1.38440728187561,0,0,0,0,0,0,0,0,0,0,0,0,0,8.80433860421181,0,0,0,0,0,0,0,44.0695379823446,2.98280847072601,3558.80272193253,785.813035905361,660.437270879745,0,92.6802331358194,16.2993886321783,0.489720851182938,0,0,0,0,0,0,0,642.512184754014,2.28258046507835,15.4279442876577,0,0,0,0,0,4.39857262372971,0,0,0,0,0,0,0,0,15.1995196640491,0,8.78274710476398,0,0,0,0,0,0,0,340.275933846831,2.09503388404846,0,273.394494518638,37.6940749287605,0,918.173989385366,19.3183133453131,139.573276504874,2.2344975322485,17.8774870634079,0,0
0,0,0,0,0,0,0,0,0,0,0,0,0,0,0,0,0,0,0,0,0,0,0,0,18.7688010334969,0,0,0,0,0,0,0,30.9223441630602,576.090001747012,3038.19886405766,0,1062.35977563262,24.0486173629761,240.567625835538,0,0,0,0,0,0,0,0,681.62294664979,0,0,0,0,0,0,1.58912637829781,0,0,0,0,0,0,0,0,0,0,0.369344174861908,0,4.86990830302238,0,0,0,0,0,0,2.69794635474682,942.183852702379,273.394494518638,0,0,9.78515261411667,18.0244417190552,836.019654452801,701.120986282825,3.1110263466835,0,0,0
0,0,0,1.0556233972311,0,16.487208366394,0,0,0,0,0,5.03776599466801,0,0,0,0,0,0,0,397.609664440155,0,0,0,0,0,0,0,0,0,0,0,875.489386796951,63.3752326071262,132.862002722919,2.53569677472115,21635.6017500162,2794.97183609009,1229.60178299993,0.160301581025124,1216.6546548903,0,0.930315256118774,0,0,0,8.30611085891724,0,4808.38965633512,177.937298223376,770.943756103516,0,0.309449464082718,0,0,0,0,0,27.9969892054796,0,0,0,0,956.636393733323,0,0,0,0,0,0,0,0,0,0,0,1177.79525756836,210.008641570807,37.6940749287605,0,0,552.948191568255,2903.85544983298,0.581025749444962,4896.91073653847,131.537899628282,324.16565836966,0,0
0,0,4.41000984609127,0,0.488601297140121,0,0,0,0,0,153.659510016441,0,0,0,0,0,0,0,3.3703285753727,0,130.149763599038,0,0,0,0,0,0,0,0,0,0,219.194748550653,603.524353146553,0,66.8876940906048,861.865218639374,20453.287646085,0,918.379128947854,2.23182189464569,942.314026191831,0,2.22564667463303,0,0,0,440.910262331367,3526.32073904574,596.18297290802,1.84722119569778,6.39371602237225,0,0,0,0,0,321.478889681399,0,15.3528868481517,0,0,0,0,422.07855451107,0,0,0,0,0,0,0,0,0,0.788185507059097,24.174193829298,965.265097096562,0,9.78515261411667,552.948191568255,0,0.389931291341782,2779.63139141351,3668.96336646378,10.4435070753098,743.139694586396,0,0.996205255389214
0,0,0,0,0,0,0,0,0,37.1581078469753,0,29.5958965420723,0,0,0,0,0,0.99342542886734,0.329134851694107,0,0,597.080537006259,0,153.057693377137,0,0,0,69.9572885632515,0,198.411804229021,0,0,0,427.617543250322,176.115828156471,927.088368281722,0,18183.525360398,513.503567010164,4.66963648796082,0,7.15961815416813,0,0,0,0,0,1132.5059440285,0,984.405585005879,0,0,0,0,0,352.029472649097,0,12.9384689927101,0,0,0,0,0,0,989.834388002753,0,393.010090067983,0,0,0,255.404162362218,0,39.6049183011055,0,0,0,918.173989385366,18.0244417190552,2903.85544983298,0.389931291341782,0,68.4762687385082,2199.96314571798,99.5284684002399,181.86950455606,0,0
0,0,0,0,0,0,0,0,6.45748354494572,0,413.849852591753,0,0,0,0,0,0,0,0.280054718255997,0,6.20175725221634,0,133.478187084198,0,95.2060057520866,0,0,0,0,0,26.3922901153564,0,0,0.405740588903427,504.770986482501,0.244585275650024,2620.97011905909,514.605857551098,16785.4801551327,0,24.7204605937004,0,3.30092009902,0,0,0,0,2129.19178390503,630.007825508714,0,0,0,0,0,92.1040230095387,0,32.1899791657925,0,0,0,0,0,0,9.10145527124405,0,303.486834287643,0,441.768182933331,0,0,0,323.718591868877,0,169.130466490984,0,0,19.3183133453131,836.019654452801,0.581025749444962,2779.63139141351,68.4762687385082,0,1784.23422727734,22.8942290246487,533.008258312941,0,0
