0,0,97.3580252230167,0,0,0,0,0,160.954037904739,0,0,0,0,0,0,0,2.05555185675621,0,49.4490700513124,0,0,0,0,0,0,0,0,0,0,0,0,0,0,0,0,0,0.56773966550827,0,1.29312998056412,0,0,0,10.3011853396893,0,0,0,0,14.1915327310562,338.778624340892,0,0,0,0,0,57.9957301616669,0,0,0,0,0,4.33903688192368,0,0,1.01544749736786,0,0,0,0,0,0,0,0,0,0,0,0,0,0,0,1.75496745109558,0,0,32.7269361615181,0,621.463425129652,0,1.44382527470589
0,0,0,51.5166750848293,0,0,0,0,0,199.773512661457,0,0,0,0,0,8.79456378519535,0.787489235401154,0,151.81101796031,0,0,0,0,1.46841146051884,0,0,0,0,0,0,0,0,0,0,0,3.49277019500732,0,10.081986322999,0,0,0,244.572944045067,0,0,0,1.27862700819969,0,0.221862480044365,0,178.162327170372,0,0,0,0,0,140.289304584265,0,7.21027399599552,0,0,0,35.3661555349827,8.34608371555805,0,0,0,3.77229759097099,0,0,0,0,0,16.2606047689915,0,0,0,0,0,10.2234957069159,0,3.84539973735809,0.261877030134201,116.738811165094,0.386727064847946,552.984063237906,0.453620687127113,0
97.3580252230167,0,0,0,100.521011710167,0,0,0,44.3303390443325,0,0,0,0,0,0,0,0,0,0,0,0.450977712869644,0,0,0,0,0,0,0,0,0,0,0,0,0,0,0,1.60599613189697,0,0,0,0,0,41.5178931206465,0,0,0,0.895767748355865,11.5657694935799,156.330075070262,0.203066468238831,47.192392334342,0,0,0,270.362016633153,0,0,0,26.9014536738396,0,85.6570480018854,0,0,0.171214789152145,0,0,0,0,0,0,0,0,0,0,0,0,0,0,0,0.238332077860832,0,0,83.3064571768045,0,351.703937277198,0,5.39230614900589
0,51.5166750848293,0,0,0,120.688226476312,0,0,0,276.271218627691,0,0,0,0,0,0,0,1.2618114054203,19.6780061870813,0,0,0,0,0,0,0,0,0,0,0,0,0,0,0,0,0,0,0.517733812332153,0,6.70770236104727,0,141.200251698494,1.44476234912872,0.633392632007599,0,7.35564458370209,0,28.2728469595313,2.09933312237263,140.082489669323,0,142.626287862659,0,0,0,244.651219069958,0,39.320503115654,0,3.62273740768433,0,14.1592789888382,3.24359706044197,0,0,0,0,0,0,0,0,0,22.3316424041986,0,0,0,0,0,10.1080578267574,0.574790894985199,0,0,374.776397161186,6.53772230446339,482.50973431021,0.223135933279991,0
0,0,100.521011710167,0,0,0,0,0,0,0,0,0,0,0,14.8961606025696,0,0,0,0,0,0,0,0,0,0,0,0,0,0,0,0,0,0,0,0,0,0,0,0,0,0,0,0,0,0,0,0,0,0,0,7,0,0,0,0,0,0,0,0,0,39.8399064540863,0,0,0,0,0,0,0,0,0,0,0,0,0,0,0,0,0,0,0,0,0,51.0583812594414,0,2.27027666568756,0,0
0,0,0,120.688226476312,0,0,0,77.7535474300385,0,12.0584735870361,0,1.49085521697998,0,0,0,0,0,0.210203438997269,0.176682487130165,17.0146489143372,0,0,0,0,0,0,0,0,0,0,0,0,0,0,0,0.945842027664185,0,0,0,0,0,1.36479794979095,0,0,0,0,0,0,0,0,0,249.755818709731,0,0,0,0,0,4.10193219780922,0,5.70029240846634,0,5.92666816711426,10.2127845287323,0,0,0,0,0,0,0,0,0,0,0,0,0,0,0,0,0,0,0,850.323298230767,31.1591141223907,123.216157868505,0,0
0,0,0,0,0,0,0,0,0,0,0,0,0,0,0,0,0,0,0,0,0,0,0,0,0,0,0,0,0,0,0,0,0,0,0,0,0,0,0,0,0,0,0,0,0,0,0,0,0,0,0,0,4,0,0,0,37.2934234142303,0,1,0,0,0,0,0,0,0,0,0,0,0,0,0,0,0,0,0,0,0,0,0,0,0,85.9570288658142,0,0,0,0
0,0,0,0,0,77.7535474300385,0,0,0,0,0,20.7475230097771,0,0,0,0,0,0,0,0,0,0,0,0,0,0,0,0,0,0,0,0,0,0,0,0,0,0,0,0,0,0,0,0,0,0,0,0,0,0,0,39.3627835512161,0,310.992813229561,0,0,0,147.295935511589,0,9.67740750312805,0,0,0,0,0,0,0,0,0,0,0,0,0,0,0,0,0,0,0,0,0,0,103.319375813007,0,0,0,0
160.954037904739,0,44.3303390443325,0,0,0,0,0,0,0,0,0,0,0,136.714272797108,0,3.94729351997375,0,0,0,0,0,0,0,247.369914531708,0,3.14441514015198,0,0,0,0,0,0,0,0,0,0,0,34.6071226000786,0,0,0,0.846973150968552,0,0,0,0,0.451406449079514,10.2805866599083,0,0,0,0,0,518.993108958006,0,0,0,0,0,79.3741868138313,0,0,0,0,0,0,85.1800369024277,0,0,0,0,0,0,0,0,0,0,0,0,0,0.25953397154808,483.878178477287,0,63.4512659907341,0,0
0,199.773512661457,0,276.271218627691,0,12.0584735870361,0,0,0,0,0,0,0,0,0,286.48935559392,0,52.8287064433098,0,0,0,0,0,60.8167840838432,0,7,0,0,0,0,0,0,0,0,0,0,0,9.09425276517868,0,0,0,14.3585047125816,0,0,0,0,0,0,0,10.8389928489923,0,0,0,0,0,296.551868245006,0,0,0,0,0,88.359314084053,0,0,0,0,92.4341559708118,0,0,0,0,0,0,0,0,0,0,0,0,0,0.62522266805172,0,1331.13982178271,455.473488867283,78.2274923622608,0,0
0,0,0,0,0,0,0,0,0,0,0,0,55.4375383257866,0,0,0,0,0,0,0,657.649709224701,0,0,0,0,0,0,0,0,0,66.3095990717411,0,0,0,0,0,1.05361747741699,0,627.534567609429,0,0,0,0,0,0,0,0,0,0,0,0,0,0,0,0,0,1409.24624353647,0,1,0,0,0,0,10.456858754158,0,0,0,0,0,0,0,0,0,497.130739063025,0,0,0,0,0,0,0,92.5983022749424,296.436945319176,0,55.8620705008507,0,0
0,0,0,0,0,1.49085521697998,0,20.7475230097771,0,0,0,0,0,111.472693666816,0,0,0,0,0,313.943864583969,0,0,0,0,0,0,0,3.36609053611755,0,43.2902181744576,0,0,0,0,0,565.827974677086,0,185.0363240242,0,0,0,1.35498005151749,0,0,0,0,0,0,0,0,0,30.9035301357508,0,14.4712694883347,0,0,0,2485.09201043844,0,319.953396916389,0,0,77.41609993577,0,0,0,0,0,0,0,1,0,121.077682122588,0,0,0,0,0,256.323042087257,0,9.2575094550848,0,617.6394572258,208.081170678139,17.1439769864082,1.09713315963745,0
0,0,0,0,0,0,0,0,0,0,55.4375383257866,0,0,0,23.8891243934631,0,0,0,0,0,0,0,0,0,0,0,0,0,0,0,0,0,0,0,0,0,0,0,0,0,0,0,0,0,0,0,0,0,0,0,0,0,0,0,0,0,27.9027201533318,0,266.549563348293,0,5.85205006599426,0,0,0,0,0,0,0,0,0,0,0,0,0,0,0,0,0,0,0,0,0,42.539719581604,0,0,0,0
0,0,0,0,0,0,0,0,0,0,0,111.472693666816,0,0,0,2,0,0,0,0,0,0,0,0,0,0,0,20.7737102508545,0,0,0,0,0,0,0,0,0,0,0,0,0,0,0,0,0,0,0,0,0,0,0,10.8686888217926,0,0,0,0,0,18.8296664655209,0,509.844404488802,0,7,0,0,0,0,0,0,0,0,0,0,0,0,0,0,0,0,0,0,0,0,162.544292867184,14.997856259346,0,0,0
0,0,0,0,14.8961606025696,0,0,0,136.714272797108,0,0,0,23.8891243934631,0,0,0,0,0,0,0,0,0,0,0,0,0,1,0,0,0,0,0,0,0,0,0,0,0,0,0,0,0,0,0,0,0,0,0,0,0,0,0,0,0,4.28227984905243,0,0,0,17.6640722155571,0,14.8105794787407,0,0,0,0,0,0,0,0,0,0,0,0,0,0,0,0,0,0,0,0,0,38.4350039958954,11.910306930542,0,0,0
0,8.79456378519535,0,0,0,0,0,0,0,286.48935559392,0,0,0,2,0,0,0,239.202445089817,0,0,0,0,0,0,0,0,0,0,0,0,0,0,0,0,0,0,0,0,0,0,0,0,0,0,0,0,0,0,0,5.23438294231892,0,0,0,0,0,63.096099704504,0,0,0,0,0,56.7019214034081,0,0,0,0,0,0,0,0,0,0,0,0,0,0,0,0,0,0,0,0,459.168120026588,116.326793313026,8.61676719784737,0,0
2.05555185675621,0.787489235401154,0,0,0,0,0,0,3.94729351997375,0,0,0,0,0,0,0,0,13377.8337347955,4556.87940457463,2.16594743728638,0.163722991943359,0,131.884825527668,0,407.463785052299,0,187.586739182472,0,0,0,0,0,0,0,0,1.56724870204926,17.5055355578661,0.143931686878204,0,27.7088458240032,46.4886831119657,12.7698179483414,105.075076252222,6.51387333869934,6.43656575679779,15.6614081561565,17.5251494348049,0,22.4962430745363,0,0,0,0,0,0,0,0,0.985493421554565,0,0,0,0,20.2770828604698,22.3616042658687,0,0,0,8.10386264324188,0,26.0483109951019,0,0,0.586454689502716,3.82233446836472,0,0,0,0,80.8152419626713,80.7736091017723,1.2238904684782,20.306772261858,5209.19159021229,937.079838693142,92.8370728939772,4.25569631159306,20.2542028725147
0,0,0,1.2618114054203,0,0.210203438997269,0,0,0,52.8287064433098,0,0,0,0,0,239.202445089817,13377.8337347955,0,4300.40520682186,3.22712767124176,0,167.127246618271,0.382296442985535,153.307919830084,1.29998016357422,445.587582796812,1.76000416278839,0,0,0,0,0,0,0,0,0,5.8604384213686,0,1.52544391155243,14.7133836299181,22.8552264869213,22.2692830562592,28.1680063456297,1.73703467845917,3.6058509349823,7.97138457000256,12.7106594890356,0,15.3641649335623,0,0,0,0,0,0,1.31261864304543,0,0.885781481862068,0,0,0,4.95702505111694,21.1486029624939,20.7175526767969,0,0,6.3548521399498,0,0,0,0,0,1.04974508285522,7.25248362123966,0,0,0,0,67.2017658352852,59.0712800472975,9.12845449149609,11.5476030409336,7006.91732636094,2168.72313854098,66.5865009278059,10.4332352876663,4.06129834055901
49.4490700513124,151.81101796031,0,19.6780061870813,0,0.176682487130165,0,0,0,0,0,0,0,0,0,0,4556.87940457463,4300.40520682186,0,41.3249288201332,3.85015124082565,0,0,0,0,0,0,0,0,0,0,0,0,0,0,49.7760933339596,218.466208264232,22.2666897326708,6.71582970023155,619.379597947001,667.607790380716,1049.14369924366,2139.77269102633,126.133944630623,42.5778627097607,313.070798829198,348.279011368752,0,428.777834922075,0.738527715206146,0,0,0,0,0,0,1.35950779914856,35.7941173017025,0,0,0,0,431.01313662529,370.543977163732,0,0,0,0,0,0,0,15.7058735638857,114.598196536303,66.7397171854973,0,0,0,0,2162.81201537699,1148.53423891962,341.126510933042,288.950275078416,4186.89589776844,0,1964.3318355307,663.896406173706,139.697228610516
0,0,0,0,0,17.0146489143372,0,0,0,0,0,313.943864583969,0,0,0,0,2.16594743728638,3.22712767124176,41.3249288201332,0,0,0,0,0,0,0,0,0,0,0,0,0,0,0,0,638.980068609118,0,127.589815139771,0,0,1.70908468961716,30.3787054717541,0.187083020806313,3.74808251857758,0,27.7973386496305,0,0.943812489509583,0,0,0,51.4185484647751,0,0,0,0,0,347.102536872029,0,0,0,0,2148.213216573,0,0,0,0,0,0,0,0,0,17.3167348355055,0,0,0,0,0,463.895089127123,0,91.5465717837214,0,461.560686081648,3.27350127696991,180.320808917284,24.2914189100266,0
0,0,0.450977712869644,0,0,0,0,0,0,0,657.649709224701,0,0,0,0,0,0.163722991943359,0,3.85015124082565,0,0,0,0,0,0,0,0,0,0,0,0,0,0,0,0,0,888.820985749364,0,86.0978034734726,0,0,0,0.514229983091354,0,0,0,0.30686828494072,0,0,0,0,0,0,0,0,0,301.827603086829,0,0,0,0,0,0,991.611422911286,0,0,0,0,0,0,0,0,0,0,0,0,0,0,0,79.0202826559544,0,10.7651218026876,1116.50084893405,0,20.0764070823789,0,0
0,0,0,0,0,0,0,0,0,0,0,0,0,0,0,0,0,167.127246618271,0,0,0,0,188.266383141279,33.568312138319,0,168.376145631075,0,27.3602712154388,0,0,0,0,0,0,0,0,0,871.020977333188,0,0,0,0,0,0,0,0,0,0,0,54.2439693510532,0,0,0,0,0,0,0,0,0,0,0,0,0,0,3696.6859677285,20.5995993763208,0,0,38.9156060963869,0,111.073576375842,0,0,0,0,0,0,0,0,0,375.042353793979,0,930.839798152447,58.3516820669174,0,0,0
0,0,0,0,0,0,0,0,0,0,0,0,0,0,0,0,131.884825527668,0.382296442985535,0,0,0,188.266383141279,0,0,190.207777410746,0,8.85297012329102,0,52.5932077169418,0,0,0,0,0,0.389382213354111,0,0,0,1035.54778894782,0,0,0,0,0,0,0,0,11.6737979054451,8.59295347332954,0,0,0,0,0,0,0,0,0,0,0,0,0,0,0,5.82658696174622,5407.49858409166,0,56.0373730957508,0,1.47358149290085,0,0.807786405086517,0,0,0,0,0,0,0,0,0,531.209189340472,1690.32296976447,165.202248185873,0,0,0
0,1.46841146051884,0,0,0,0,0,0,0,60.8167840838432,0,0,0,0,0,0,0,153.307919830084,0,0,0,33.568312138319,0,0,0,118.45028975606,0,0,0,0,0,0,0,0,0,0,0,292.093995556235,0,0,0,0.311702460050583,0,0,0,0,0,0,0,255.919988885522,0,0,0,0,0,60.2771360576153,0,0,0,0,0,0,0,0,7.05233705043793,0,1007.2407220453,0,462.416440814734,0,3.31623089313507,0,0,0,0,0,0,0,0,0,35.4474492520094,0,60.7965411096811,0,38.4038473665714,0,0
0,0,0,0,0,0,0,0,247.369914531708,0,0,0,0,0,0,0,407.463785052299,1.29998016357422,0,0,0,0,190.207777410746,0,0,0,531.528011053801,0,0,0,0,0,0,0,0,0,0,0,333.94016700983,0,0,0,0,0,0,0,0,0,0,0,0,0,0,0,219.638112455606,0,0,0,0,0,0,0,0,0,0,144.374868750572,0,1163.1940432936,0,154.728365987539,0,0,0,0,0,0,0,0,0,0,0,324.849944606423,420.535019412637,0,0,0,0
0,0,0,0,0,0,0,0,0,7,0,0,0,0,0,0,0,445.587582796812,0,0,0,168.376145631075,0,118.45028975606,0,0,0,0,0,0,0,0,0,0,0,0,0,0,0,0,0,0,0,0,0,0,0,0,0,16.7410496175289,0,0,0,0,0,0,0,0,0,0,0,0,0,0,0,0,6.4836950302124,0,539.531576931477,0,0,0,0,0,0,0,0,0,0,0,0,0,27.3284128904343,0,0.681468605995178,0,0
0,0,0,0,0,0,0,0,3.14441514015198,0,0,0,0,0,1,0,187.586739182472,1.76000416278839,0,0,0,0,8.85297012329102,0,531.528011053801,0,0,0,5.44217878580093,0,0,0,0,0,0,0,0,0,0,0,0,0,0,0,0,0,0,0,0,0,0,0,0,0,0,0,0,0,0,0,0,0,0,0,0,16.1911933422089,0,219.329282283783,0,67.9737353622913,0,9.46604484319687,0,0,0,0,0,0,0,0,0,0,279.232339143753,0,0,0,0
0,0,0,0,0,0,0,0,0,0,0,3.36609053611755,0,20.7737102508545,0,0,0,0,0,0,0,27.3602712154388,0,0,0,0,0,0,0,450.766118824482,0,0,0,0,0,0,0,89.8778729438782,0,0,0,0,0,0,0,0,0,0,0,0,0,0,0,0,0,0,0,0,0,0,0,0,0,0,55.9352310448885,0,0,0,0,0,602.296344667673,0,1.76730620861053,0,0,0,0,0,0,0,0,0,517.615642815828,454.308179885149,0,0,0
0,0,0,0,0,0,0,0,0,0,0,0,0,0,0,0,0,0,0,0,0,0,52.5932077169418,0,0,0,5.44217878580093,0,0,0,256.476169586182,0,0,0,0,0,0,0,108.24719363451,0,0,0,0,0,0,0,0,0,0,0,0,0,0,0,0,0,0,0,0,0,0,0,0,0,0,79.876075938344,0,0,0,16.4938009977341,0,604.891347795725,0,0,0,0,0,0,0,0,0,0,34.8282404839993,0,0,0,0
0,0,0,0,0,0,0,0,0,0,0,43.2902181744576,0,0,0,0,0,0,0,0,0,0,0,0,0,0,0,450.766118824482,0,0,0,0,0,0,0,0,0,0,0,0,0,0,0,0,0,0,0,0,0,0,0,0,0,0,0,0,0,4.81129351258278,0,0,0,0,0,0,0,0,0,0,0,0,7.68071460723877,0,508.158562272787,0,0,0,0,0,0,0,19.5571330785751,0,31.0632784962654,54.7708602249622,0,0,0
0,0,0,0,0,0,0,0,0,0,66.3095990717411,0,0,0,0,0,0,0,0,0,0,0,0,0,0,0,0,0,256.476169586182,0,0,0,0,0,0,0,0,0,330.578596293926,0,0,0,0,0,0,0,0,0,0,0,0,0,0,0,0,0,2.75015503168106,0,0,0,0,0,0,0,0,0,0,0,0,0,0,67.5778750181198,0,732.484341919422,0,0,0,0,0,0,0,116.303374439478,2.53745925426483,0,0,0,0
0,0,0,0,0,0,0,0,0,0,0,0,0,0,0,0,0,0,0,0,0,0,0,0,0,0,0,0,0,0,0,0,82.4487061947584,1.75048339366913,0,280.114726580679,0.71297749876976,0,0,0,0,0,0,0,0,0,0,1223.85737208277,2.97138422727585,10.9167470186949,0,0,0,0,0,0,0,0,0,0,0,0,0,0,0,0,0,0,0,0,0,0,0,0,811.209800414741,8.91017538309097,17.6842710971832,0,187.438941791654,26.0062432512641,0,0,300.27321536839,0,0,0,0
0,0,0,0,0,0,0,0,0,0,0,0,0,0,0,0,0,0,0,0,0,0,0,0,0,0,0,0,0,0,0,82.4487061947584,0,0,28.4675567299128,43.6467290073633,143.027789384127,0,0,1.05165898799896,0,0,0,0,0,0,0,1199.52755242586,77.4408127069473,3.63173639774323,0,0,0,0,0,0,0,0,0,0,0,0,0,0,0,0,0,0,0,0,0,0,0,0,15.2694886475801,372.442449569702,0,88.6130367517471,21.9829290658236,118.096010714769,0,0,196.992344856262,0,0,0,0
0,0,0,0,0,0,0,0,0,0,0,0,0,0,0,0,0,0,0,0,0,0,0,0,0,0,0,0,0,0,0,1.75048339366913,0,0,449.452864199877,430.105756402016,22.4731587916613,169.853935003281,2,0,0,0,0,0,0,0,0,533.706618636847,0,45.4420745372772,0,0,0,0,0,0,0,0,0,0,0,0,0,0,0,0,0,0,0,0,0,0,0,0,86.7232379317284,0,1388.45260065794,32.002854898572,332.26868340373,0,325.178214102983,0,282.099789500237,0,0,0,0
0,0,0,0,0,0,0,0,0,0,0,0,0,0,0,0,0,0,0,0,0,0,0.389382213354111,0,0,0,0,0,0,0,0,0,28.4675567299128,449.452864199877,0,0.163212642073631,237.562460020185,8.69281256198883,103.504963353276,0.737174510955811,0,0,0.692068457603455,0,0,0,0,2812.65257100761,1.63035589456558,1.29623162746429,0,0,0,0,0,0,0,0,0,0,0,0,0,0,0,0,0,0,0,0,0,0,0,0,0,53.6999685168266,98.5135109722614,1648.16600343585,0,60.0909983664751,0,83.0528329461813,790.00659532845,2.92606201767921,2.49976217746735,0,0
0,3.49277019500732,0,0,0,0.945842027664185,0,0,0,0,0,565.827974677086,0,0,0,0,1.56724870204926,0,49.7760933339596,638.980068609118,0,0,0,0,0,0,0,0,0,0,0,280.114726580679,43.6467290073633,430.105756402016,0.163212642073631,0,668.347250580788,2526.19820519537,9.30523626506329,11.3135782852769,1.54666213691235,9.9955400750041,1.0076085999608,4.28530591726303,0,16.6653967872262,1.94997327029705,327.443866208196,0,21.6617258638144,0,0,0,0,0,0,0,335.496997728944,0,0,0,0,499.20599630475,0,0,0,0,0,0,0,0,0,2.04859800636768,0,420.604193225503,0.144535928964615,187.361530721188,3.51744659245014,14916.3236928433,333.013950414956,965.491990864277,3.82402035593987,3272.96642931551,208.725896596909,139.22205722332,15.1643382161856,0
0.56773966550827,0,1.60599613189697,0,0,0,0,0,0,0,1.05361747741699,0,0,0,0,0,17.5055355578661,5.8604384213686,218.466208264232,0,888.820985749364,0,0,0,0,0,0,0,0,0,0,0.71297749876976,143.027789384127,22.4731587916613,237.562460020185,668.347250580788,0,44.1671224907041,2010.62128092349,2.13204669952393,26.6458157002926,2.94118206202984,73.5620778053999,0,26.2854465991259,0.415748745203018,79.0691146180034,89.0236233174801,12.2198820859194,0,0,0,0,0,0,0,0,0,0,0,0,0,0,652.053868278861,0,0,0,0,0,0,0,0.401936367154121,0,1.36646513640881,0,284.799213513732,0,160.907413631678,97.9305688142776,12684.5182620361,0.306009255349636,1700.88900186121,5048.29472150654,576.964245349169,294.862428255379,0,8.40809199213982
0,10.081986322999,0,0.517733812332153,0,0,0,0,0,9.09425276517868,0,185.0363240242,0,0,0,0,0.143931686878204,0,22.2666897326708,127.589815139771,0,871.020977333188,0,292.093995556235,0,0,0,89.8778729438782,0,0,0,0,0,169.853935003281,8.69281256198883,2526.19820519537,44.1671224907041,0,587.901443585753,0.800951026380062,0.136656209826469,19.4676853120327,0,4.05503225326538,0,20.8153010904789,0,1333.86216074228,0,1029.22366318107,0,0,0,0,0,52.4285209774971,0,378.578195035458,0,0,0,0,339.68495490402,0,175.482146888971,0,163.180821150541,0,0,0,302.863301351666,0,2.16071374714375,0,0,0,17.1074398458004,0.161120310425758,1222.06510455906,10.4160709828138,12991.4415743798,661.125509902835,2794.97555429488,309.36212182045,327.49723315239,15.7219839841127,0
1.29312998056412,0,0,0,0,0,0,0,34.6071226000786,0,627.534567609429,0,0,0,0,0,0,1.52544391155243,6.71582970023155,0,86.0978034734726,0,1035.54778894782,0,333.94016700983,0,0,0,108.24719363451,0,330.578596293926,0,0,2,103.504963353276,9.30523626506329,2010.62128092349,587.901443585753,0,0,0.35306404531002,4.09065157175064,5.47763459384441,0,0,0,3.9789676964283,578.043234169483,7.11516380310059,1.26367390155792,0,0,0,0,20.9978868365288,0,211.967168912292,0,0,0,0,0,0,81.7790700495243,0,317.115181803703,0,214.825043037534,0,0,0,0,0,244.482632726431,0,0.28179857134819,0,100.757509559393,0,878.099221982062,22.4633482694626,16188.6474762931,3150.23866613954,164.228065177798,55.6711824685335,0,0.314001530408859
0,0,0,6.70770236104727,0,0,0,0,0,0,0,0,0,0,0,0,27.7088458240032,14.7133836299181,619.379597947001,0,0,0,0,0,0,0,0,0,0,0,0,0,1.05165898799896,0,0.737174510955811,11.3135782852769,2.13204669952393,0.800951026380062,0,0,0,1321.14409428835,10.0016610622406,12.8853696882725,0,72.4247382581234,0,204.133502855897,7.26009294390678,391.70391318202,0,1.08802735805511,0,0,0,0.394001841545105,0,6.3218015730381,0,0,0,0,242.87774117291,5.44889211654663,0,0,0,0,0,0,0,0,33.3089234977961,0,0,0,0,0,327.616568543017,5.46416106820107,85.5621713846922,0.479118138551712,96.4223994016647,0,638.208782061934,115.305775478482,0
0,0,0,0,0,0,0,0,0,0,0,0,0,0,0,0,46.4886831119657,22.8552264869213,667.607790380716,1.70908468961716,0,0,0,0,0,0,0,0,0,0,0,0,0,0,0,1.54666213691235,26.6458157002926,0.136656209826469,0.35306404531002,0,0,2.12698316574097,1021.65179413557,0,63.8162930011749,3.77104878425598,38.6027438789606,31.5255501866341,160.036214798689,0,0,0,0,0,0,0,0,1.03209936618805,0,0,0,0,0,69.3826971948147,0,0,0,0,0,0,0,0.20390111207962,0,5.81527569890022,0,0,0,0,12.5225743055344,634.205855734646,0,41.69498719275,191.906272545457,0,382.51908801496,2.13644313812256,30.7118793725967
0,244.572944045067,0,141.200251698494,0,1.36479794979095,0,0,0,14.3585047125816,0,1.35498005151749,0,0,0,0,12.7698179483414,22.2692830562592,1049.14369924366,30.3787054717541,0,0,0,0.311702460050583,0,0,0,0,0,0,0,0,0,0,0,9.9955400750041,2.94118206202984,19.4676853120327,4.09065157175064,1321.14409428835,2.12698316574097,0,285.32661639154,14.8724879920483,0,70.9697630703449,9.01155258715153,226.871802330017,4.22577291727066,927.949021175504,0,13.4057206362486,0,0,0,5.48681831359863,0,368.328496947885,0,6.15396553277969,0,1.63446444272995,370.791764870286,1.37468791007996,0,0,0,0,0,0,3.60199677944183,0,644.959179833531,0,0,0,0,0,1181.28999584168,8.30399928987026,219.32187871635,4.13689121603966,2561.9895183295,8.32993054389954,3471.74239174277,1741.56121595204,0
10.3011853396893,0,41.5178931206465,1.44476234912872,0,0,0,0,0.846973150968552,0,0,0,0,0,0,0,105.075076252222,28.1680063456297,2139.77269102633,0.187083020806313,0.514229983091354,0,0,0,0,0,0,0,0,0,0,0,0,0,0.692068457603455,1.0076085999608,73.5620778053999,0,5.47763459384441,10.0016610622406,1021.65179413557,285.32661639154,0,1.16345076262951,14.89961835742,0.254003047943115,656.687037542462,230.054194062948,2528.2497432977,0,0,0,0,0,9.37073720991611,0,20.3811755478382,0.249893486499786,0,0,0.492231667041779,0,13.997853025794,465.922247849405,0,0,0,0,0,0,0,108.080430746078,0,280.152835294604,0,0,0,11.9805126935244,23.309121504426,768.489128381014,0.386464416980743,251.31683754921,3787.0901421085,1.37752676010132,2223.83807134628,4.38841636478901,358.456638813019
0,0,0,0.633392632007599,0,0,0,0,0,0,0,0,0,0,0,0,6.51387333869934,1.73703467845917,126.133944630623,3.74808251857758,0,0,0,0,0,0,0,0,0,0,0,0,0,0,0,4.28530591726303,0,4.05503225326538,0,12.8853696882725,0,14.8724879920483,1.16345076262951,0,0,3.54453897476196,0,0,1.78402537107468,0,0,0,0,0,0,0,0,4.67070880532265,0,0,0,0,5.67341835796833,2.45529413223267,0,0,0,0,0,0,0,0,9.38230028748512,0,0,0,0,0,68.9116579145193,0.885491967201233,15.6258887052536,0,30.5081738233566,0,23.2850472331047,0.579959452152252,0
0,0,0,0,0,0,0,0,0,0,0,0,0,0,0,0,6.43656575679779,3.6058509349823,42.5778627097607,0,0,0,0,0,0,0,0,0,0,0,0,0,0,0,0,0,26.2854465991259,0,0,0,63.8162930011749,0,14.89961835742,0,0,0,17.3468929827213,0,4.00886632502079,0,0,0,0,0,0,0,0,0,0,0,0,0,0.254943042993546,15.6291619390249,0,0,0,0,0,0,0,0,0,8.31911051273346,0,0,0,0,0,92.5202336013317,0,14.1492384672165,46.1176529526711,0,44.2322445958853,0,3.15024781227112
0,1.27862700819969,0,7.35564458370209,0,0,0,0,0,0,0,0,0,0,0,0,15.6614081561565,7.97138457000256,313.070798829198,27.7973386496305,0,0,0,0,0,0,0,0,0,0,0,0,0,0,0,16.6653967872262,0.415748745203018,20.8153010904789,0,72.4247382581234,3.77104878425598,70.9697630703449,0.254003047943115,3.54453897476196,0,0,2.68013802170753,5.66700749099255,0,0.171572968363762,0,0,0,0,0,0,0,26.1589320227504,0,0.122366189956665,0,0,865.9640282318,1.00201892852783,0,0,0,0,0,0,0.180426239967346,0,29.3146764263511,0,0,0,0,0,169.457301348448,3.24104318022728,214.390324227512,0.988491415977478,42.9731103330851,0,150.379370033741,6.17156773805618,0
0,0,0.895767748355865,0,0,0,0,0,0,0,0,0,0,0,0,0,17.5251494348049,12.7106594890356,348.279011368752,0,0.30686828494072,0,0,0,0,0,0,0,0,0,0,0,0,0,0,1.94997327029705,79.0691146180034,0,3.9789676964283,0,38.6027438789606,9.01155258715153,656.687037542462,0,17.3468929827213,2.68013802170753,0,0,37.5000697821379,0,0,0,0,0,0.338826447725296,0,0,0,0,0,0,0,2.14341241121292,1095.67761318386,0,0,0,0,0,0,0,0.431633919477463,0,12.9403179064393,0,0,0,0,8.51671531796455,446.280303306878,4.51982569694519,109.609285205603,93.1834185495973,0,334.326047375798,2.65239816904068,11.625611692667
14.1915327310562,0.221862480044365,11.5657694935799,28.2728469595313,0,0,0,0,0.451406449079514,0,0,0,0,0,0,0,0,0,0,0.943812489509583,0,0,11.6737979054451,0,0,0,0,0,0,0,0,1223.85737208277,1199.52755242586,533.706618636847,2812.65257100761,327.443866208196,89.0236233174801,1333.86216074228,578.043234169483,204.133502855897,31.5255501866341,226.871802330017,230.054194062948,0,0,5.66700749099255,0,0,2542.65690909326,5520.37116828561,0,0.444552183151245,0,0,1.86759185791016,1.17067539691925,0.272319167852402,9.28031452745199,0,0.182469099760056,0,0,1.35892809927464,0,0,0.689945816993713,0,0,0,0,0.867985367774963,0.589136183261871,3.19459686428308,6.68307299166918,915.562101304531,747.865857958794,119.292276054621,357.599440976977,1514.59979806095,1737.32456226647,57.113791257143,1833.41550335288,2424.63120950758,17.281901627779,630.637028716505,0.101870946586132,0.387407019734383
338.778624340892,0,156.330075070262,2.09933312237263,0,0,0,0,10.2805866599083,0,0,0,0,0,0,0,22.4962430745363,15.3641649335623,428.777834922075,0,0,0,8.59295347332954,0,0,0,0,0,0,0,0,2.97138422727585,77.4408127069473,0,1.63035589456558,0,12.2198820859194,0,7.11516380310059,7.26009294390678,160.036214798689,4.22577291727066,2528.2497432977,1.78402537107468,4.00886632502079,0,37.5000697821379,2542.65690909326,0,113.341857776046,0,0,0,0,15.4534229040146,0,71.9943215847015,0.249222323298454,7.36247007548809,0,10.5890910178423,0,0,77.7592118307948,0,33.7506389915943,0,8.77669206261635,0,234.129905670881,0,482.358716160059,0,54.5379325151443,0.786964893341064,107.961245298386,0,49.510835558176,5.09817740321159,498.252168238163,0.431112349033356,193.417958900332,711.895796835423,0.293137937784195,2018.39123521,0,165.036537960172
0,178.162327170372,0.203066468238831,140.082489669323,0,0,0,0,0,10.8389928489923,0,0,0,0,0,5.23438294231892,0,0,0.738527715206146,0,0,54.2439693510532,0,255.919988885522,0,16.7410496175289,0,0,0,0,0,10.9167470186949,3.63173639774323,45.4420745372772,1.29623162746429,21.6617258638144,0,1029.22366318107,1.26367390155792,391.70391318202,0,927.949021175504,0,0,0,0.171572968363762,0,5520.37116828561,113.341857776046,0,0,0,0,0,0,21.4284445643425,0,74.6892385855317,0,19.5283579081297,0,72.5681217759848,0.508629590272903,0,491.290561586618,0,196.607113152742,0,26.2122068405151,0,757.396202340722,0.152486622333527,31.4747809097171,0,3.98111888766289,0.924381077289581,60.1780298501253,0.457652300596237,904.597920939326,0.281577974557877,1152.74454125762,3.81126952171326,1001.40037344396,0.526299744844437,2053.63218905777,0.74864873290062,0
0,0,47.192392334342,0,7,0,0,0,0,0,0,0,0,0,0,0,0,0,0,0,0,0,0,0,0,0,0,0,0,0,0,0,0,0,0,0,0,0,0,0,0,0,0,0,0,0,0,0,0,0,0,0,0,0,0,0,43.8209298104048,0,3.28158274292946,0,0,0,0,0,0,0,0,0,0,0,0,0,0,0,0,0,0,0,0,0,0,0,0,0,39.916298225522,0,0
0,0,0,142.626287862659,0,249.755818709731,0,39.3627835512161,0,0,0,30.9035301357508,0,10.8686888217926,0,0,0,0,0,51.4185484647751,0,0,0,0,0,0,0,0,0,0,0,0,0,0,0,0,0,0,0,1.08802735805511,0,13.4057206362486,0,0,0,0,0,0.444552183151245,0,0,0,0,0,20.7971661090851,0,0,0,134.572331696749,0,83.1417987644672,0,11.9903994202614,18.8137757778168,0,0,0,0,0,0,0,0,0,0,0,0,0,0,0,0,0,0,0,158.048512846231,0,95.6028640121222,0,0
0,0,0,0,0,0,4,0,0,0,0,0,0,0,0,0,0,0,0,0,0,0,0,0,0,0,0,0,0,0,0,0,0,0,0,0,0,0,0,0,0,0,0,0,0,0,0,0,0,0,0,0,0,0,0,0,302.092404782772,0,0,0,0,0,0,0,0,0,0,0,0,0,0,0,0,0,0,0,0,0,0,0,0,0,3.30603957176208,0,0,0,0
0,0,0,0,0,0,0,310.992813229561,0,0,0,14.4712694883347,0,0,0,0,0,0,0,0,0,0,0,0,0,0,0,0,0,0,0,0,0,0,0,0,0,0,0,0,0,0,0,0,0,0,0,0,0,0,0,20.7971661090851,0,0,0,0,0,40.6583374142647,0,0,0,0,0,0,0,0,0,0,0,0,0,0,0,0,0,0,0,0,0,0,0,0,59.5746022462845,0,0,0,0
57.9957301616669,0,270.362016633153,0,0,0,0,0,518.993108958006,0,0,0,0,0,4.28227984905243,0,0,0,0,0,0,0,0,0,219.638112455606,0,0,0,0,0,0,0,0,0,0,0,0,0,20.9978868365288,0,0,0,9.37073720991611,0,0,0,0.338826447725296,1.86759185791016,15.4534229040146,0,0,0,0,0,0,0,0,0,0,0,57.7199874222279,0,0,0,0,0,0,408.438871890306,0,0,0,0,0,0,0,0,0,0,0,0,0,31.6287450641394,78.8347299546003,0,46.7500570118427,0,1.28093707561493
0,140.289304584265,0,244.651219069958,0,0,0,0,0,296.551868245006,0,0,0,0,0,63.096099704504,0,1.31261864304543,0,0,0,0,0,60.2771360576153,0,0,0,0,0,0,0,0,0,0,0,0,0,52.4285209774971,0,0.394001841545105,0,5.48681831359863,0,0,0,0,0,1.17067539691925,0,21.4284445643425,0,0,0,0,0,0,0,0,0,0,0,79.5007166862488,0,0,0,0,253.293565973639,0,0,0,0,0,0,0,0,0,0,0,1.54371938109398,0,45.3959220200777,0,93.5103939026594,0.629208087921143,47.8190858364105,0,0
0,0,0,0,0,0,37.2934234142303,0,0,0,1409.24624353647,0,27.9027201533318,0,0,0,0,0,1.35950779914856,0,301.827603086829,0,0,0,0,0,0,0,0,0,2.75015503168106,0,0,0,0,0,0,0,211.967168912292,0,0,0,20.3811755478382,0,0,0,0,0.272319167852402,71.9943215847015,0,43.8209298104048,0,302.092404782772,0,0,0,0,0,220.276900976896,0,22.2843231111765,0,0,109.330789983273,0,0,0,0,0,0,0,55.5994510650635,0,467.166761986911,0,0,0,0,0,0.56782603263855,0,78.8522680550814,44.3384715467691,0,422.254301860929,0,0
0,7.21027399599552,0,39.320503115654,0,4.10193219780922,0,147.295935511589,0,0,0,2485.09201043844,0,18.8296664655209,0,0,0.985493421554565,0.885781481862068,35.7941173017025,347.102536872029,0,0,0,0,0,0,0,0,0,4.81129351258278,0,0,0,0,0,335.496997728944,0,378.578195035458,0,6.3218015730381,1.03209936618805,368.328496947885,0.249893486499786,4.67070880532265,0,26.1589320227504,0,9.28031452745199,0.249222323298454,74.6892385855317,0,134.572331696749,0,40.6583374142647,0,0,0,0,0,431.401429608464,0,0,814.769881300628,1.51265931129456,0,0,0,0,0,0,185.302627027035,0,721.39161734283,0,0,0,0,0,80.4304171204567,0,21.3404945284128,0,748.543238863349,0,1204.79689949006,66.3952469974756,0
0,0,26.9014536738396,0,0,0,1,0,0,0,1,0,266.549563348293,0,17.6640722155571,0,0,0,0,0,0,0,0,0,0,0,0,0,0,0,0,0,0,0,0,0,0,0,0,0,0,0,0,0,0,0,0,0,7.36247007548809,0,3.28158274292946,0,0,0,0,0,220.276900976896,0,0,0,39.6777938753366,0,0,1.32434177398682,0,0,0,0,0,1.86003810167313,0,10.5485669076443,0,2.21078397333622,0,0,0,0,0,0,0,0.164493605494499,2,0,98.2156099081039,0,0
0,0,0,3.62273740768433,0,5.70029240846634,0,9.67740750312805,0,0,0,319.953396916389,0,509.844404488802,0,0,0,0,0,0,0,0,0,0,0,0,0,0,0,0,0,0,0,0,0,0,0,0,0,0,0,6.15396553277969,0,0,0,0.122366189956665,0,0.182469099760056,0,19.5283579081297,0,83.1417987644672,0,0,0,0,0,431.401429608464,0,0,0,166.595193505287,1.94867289066315,0,0,0,0,0,79.6015646159649,0,773.78280761838,0,0,0,0,0,0,0,0,0,0,0,46.5115891993046,0,23.8666655048728,0,0
4.33903688192368,0,85.6570480018854,0,39.8399064540863,0,0,0,79.3741868138313,0,0,0,5.85205006599426,0,14.8105794787407,0,0,0,0,0,0,0,0,0,0,0,0,0,0,0,0,0,0,0,0,0,0,0,0,0,0,0,0.492231667041779,0,0,0,0,0,10.5890910178423,0,0,0,0,0,57.7199874222279,0,22.2843231111765,0,39.6777938753366,0,0,0,0,0,0,0,0,2.07301878929138,0,63.6501182019711,0,0.926758080720901,0,0,0,0,0,0,0,0,0,0,29.317729011178,15.9718658924103,24.0033132135868,0,0
0,35.3661555349827,0,14.1592789888382,0,5.92666816711426,0,0,0,88.359314084053,0,0,0,7,0,56.7019214034081,0,4.95702505111694,0,0,0,0,0,0,0,0,0,0,0,0,0,0,0,0,0,0,0,0,0,0,0,1.63446444272995,0,0,0,0,0,0,0,72.5681217759848,0,11.9903994202614,0,0,0,79.5007166862488,0,0,0,166.595193505287,0,0,0,0,0,0,0,0,13.2389424741268,0,2.81300947070122,0,0,0,0,0,0,0,0,0,0,0,78.6468699574471,26.6980773210526,31.618312343955,0,0
0,8.34608371555805,0,3.24359706044197,0,10.2127845287323,0,0,0,0,0,77.41609993577,0,0,0,0,20.2770828604698,21.1486029624939,431.01313662529,2148.213216573,0,0,0,0,0,0,0,0,0,0,0,0,0,0,0,499.20599630475,0,339.68495490402,0,242.87774117291,0,370.791764870286,13.997853025794,5.67341835796833,0.254943042993546,865.9640282318,2.14341241121292,1.35892809927464,0,0.508629590272903,0,18.8137757778168,0,0,0,0,0,814.769881300628,0,1.94867289066315,0,0,0,5.07687625288963,0,0,0,0,0,0,2.88813012838364,0,515.004260987043,0,0,0,0,0,1430.29383117706,2.697917714715,628.542157024145,0,291.028949424624,0,558.211930148304,63.5402003675699,0
1.01544749736786,0,0.171214789152145,0,0,0,0,0,0,0,10.456858754158,0,0,0,0,0,22.3616042658687,20.7175526767969,370.543977163732,0,991.611422911286,0,0,0,0,0,0,0,0,0,0,0,0,0,0,0,652.053868278861,0,81.7790700495243,5.44889211654663,69.3826971948147,1.37468791007996,465.922247849405,2.45529413223267,15.6291619390249,1.00201892852783,1095.67761318386,0,77.7592118307948,0,0,0,0,0,0,0,109.330789983273,1.51265931129456,1.32434177398682,0,0,0,5.07687625288963,0,0,0,0,0,0,0,0,2.83665576577187,0,94.6167725250125,0,0,0,0,3.4713044911623,641.604638695717,0,228.02967108041,967.627083010972,0,1327.54985585809,0,3.92516453564167
0,0,0,0,0,0,0,0,0,0,0,0,0,0,0,0,0,0,0,0,0,3696.6859677285,5.82658696174622,7.05233705043793,0,0,0,55.9352310448885,0,0,0,0,0,0,0,0,0,175.482146888971,0,0,0,0,0,0,0,0,0,0,0,491.290561586618,0,0,0,0,0,0,0,0,0,0,0,0,0,0,0,0,4.16187244653702,0,71.9253436326981,0,716.522066883743,0,0,0,0,0,0,0,0,0,248.824906468391,0.274552583694458,242.82622615993,15.0911147892475,1.06737077236176,0,0
0,0,0,0,0,0,0,0,0,0,0,0,0,0,0,0,0,0,0,0,0,20.5995993763208,5407.49858409166,0,144.374868750572,0,16.1911933422089,0,79.876075938344,0,0,0,0,0,0,0,0,0,317.115181803703,0,0,0,0,0,0,0,0,0.689945816993713,33.7506389915943,0,0,0,0,0,0,0,0,0,0,0,0,0,0,0,0,0,0,106.598446339369,0,26.1286926567554,0,4.21214456856251,0,0,0,0,0,0,0,0,0,204.677532404661,406.397324383259,41.3900302946568,0,0,0
0,3.77229759097099,0,0,0,0,0,0,0,92.4341559708118,0,0,0,0,0,0,0,6.3548521399498,0,0,0,0,0,1007.2407220453,0,6.4836950302124,0,0,0,0,0,0,0,0,0,0,0,163.180821150541,0,0,0,0,0,0,0,0,0,0,0,196.607113152742,0,0,0,0,0,253.293565973639,0,0,0,0,0,0,0,0,4.16187244653702,0,0,0,15.2102422714233,0,0,0,0,0,0,0,0,0,0,0,109.260342776775,0,6.19721330702305,0,197.505200892687,0,0
0,0,0,0,0,0,0,0,85.1800369024277,0,0,0,0,0,0,0,8.10386264324188,0,0,0,0,0,56.0373730957508,0,1163.1940432936,0,219.329282283783,0,0,0,0,0,0,0,0,0,0,0,214.825043037534,0,0,0,0,0,0,0,0,0,8.77669206261635,0,0,0,0,0,408.438871890306,0,0,0,0,0,2.07301878929138,0,0,0,0,106.598446339369,0,0,0,175.976638883352,0,0,0,0,0,0,0,0,0,0,0,310.427769258618,136.580691605806,0,0,0,0
0,0,0,0,0,0,0,0,0,0,0,0,0,0,0,0,0,0,0,0,0,38.9156060963869,0,462.416440814734,0,539.531576931477,0,0,0,0,0,0,0,0,0,0,0,0,0,0,0,0,0,0,0,0,0,0,0,26.2122068405151,0,0,0,0,0,0,0,0,0,79.6015646159649,0,13.2389424741268,0,0,71.9253436326981,0,15.2102422714233,0,0,0,217.413690626621,0,0,0,0,0,0,0,0,0,0.766945958137512,0,1.46383285522461,0,0.772986769676208,0,0
0,0,0,0,0,0,0,0,0,0,0,0,0,0,0,0,26.0483109951019,0,0,0,0,0,1.47358149290085,0,154.728365987539,0,67.9737353622913,0,16.4938009977341,0,0,0,0,0,0,0,0,0,0,0,0,0,0,0,0,0,0,0,234.129905670881,0,0,0,0,0,0,0,0,0,1.86003810167313,0,63.6501182019711,0,0,0,0,26.1286926567554,0,175.976638883352,0,0,0,50.1437160074711,0,0,0,0,0,0,0,0,0,0,37.5542709827423,0,0,0,0
0,0,0,0,0,0,0,0,0,0,0,1,0,0,0,0,0,0,0,0,0,111.073576375842,0,3.31623089313507,0,0,0,602.296344667673,0,7.68071460723877,0,0,0,0,0,0,0,302.863301351666,0,0,0,3.60199677944183,0,0,0,0.180426239967346,0,0.867985367774963,0,757.396202340722,0,0,0,0,0,0,0,185.302627027035,0,773.78280761838,0,2.81300947070122,2.88813012838364,0,716.522066883743,0,0,0,217.413690626621,0,0,0,17.7455494403839,0,0,0,0,0,0,0,97.9118510633707,0,87.2003921568394,17.4585310816765,37.0107619613409,0,0
0,0,0,0,0,0,0,0,0,0,0,0,0,0,0,0,0,0,15.7058735638857,0,0,0,0.807786405086517,0,0,0,9.46604484319687,0,604.891347795725,0,67.5778750181198,0,0,0,0,0,0.401936367154121,0,0,0,0.20390111207962,0,108.080430746078,0,0,0,0.431633919477463,0.589136183261871,482.358716160059,0.152486622333527,0,0,0,0,0,0,55.5994510650635,0,10.5485669076443,0,0.926758080720901,0,0,2.83665576577187,0,4.21214456856251,0,0,0,50.1437160074711,0,0,0,184.168805837631,0,0,0,0,0,1.09513223171234,0,140.334860570729,39.8647581189871,0,209.229918166995,0,0
0,16.2606047689915,0,22.3316424041986,0,0,0,0,0,0,0,121.077682122588,0,0,0,0,0.586454689502716,1.04974508285522,114.598196536303,17.3167348355055,0,0,0,0,0,0,0,1.76730620861053,0,508.158562272787,0,0,0,0,0,2.04859800636768,0,2.16071374714375,0,33.3089234977961,0,644.959179833531,0,9.38230028748512,0,29.3146764263511,0,3.19459686428308,0,31.4747809097171,0,0,0,0,0,0,0,721.39161734283,0,0,0,0,515.004260987043,0,0,0,0,0,0,0,17.7455494403839,0,0,0,0,0,0,0,75.1683131977916,0,218.212898626924,0,429.056431904435,0.605980396270752,468.258491784334,200.263728961349,0
0,0,0,0,0,0,0,0,0,0,497.130739063025,0,0,0,0,0,3.82233446836472,7.25248362123966,66.7397171854973,0,0,0,0,0,0,0,0,0,0,0,732.484341919422,0,0,0,0,0,1.36646513640881,0,244.482632726431,0,5.81527569890022,0,280.152835294604,0,8.31911051273346,0,12.9403179064393,6.68307299166918,54.5379325151443,0,0,0,0,0,0,0,467.166761986911,0,2.21078397333622,0,0,0,0,94.6167725250125,0,0,0,0,0,0,0,184.168805837631,0,0,0,0,0,0,2.78315278887749,31.5382089614868,0.767903566360474,444.167485892773,177.370592206717,0,705.673723205924,0,14.6362600624561
0,0,0,0,0,0,0,0,0,0,0,0,0,0,0,0,0,0,0,0,0,0,0,0,0,0,0,0,0,0,0,811.209800414741,15.2694886475801,86.7232379317284,0,420.604193225503,0,0,0,0,0,0,0,0,0,0,0,915.562101304531,0.786964893341064,3.98111888766289,0,0,0,0,0,0,0,0,0,0,0,0,0,0,0,0,0,0,0,0,0,0,0,0,0,0,267.857581615448,0,94.1583231240511,7.24961376190186,0.495507895946503,0,87.1593877375126,0,0,0,0
0,0,0,0,0,0,0,0,0,0,0,0,0,0,0,0,0,0,0,0,0,0,0,0,0,0,0,0,0,0,0,8.91017538309097,372.442449569702,0,53.6999685168266,0.144535928964615,284.799213513732,0,0.28179857134819,0,0,0,0,0,0,0,0,747.865857958794,107.961245298386,0.924381077289581,0,0,0,0,0,0,0,0,0,0,0,0,0,0,0,0,0,0,0,0,0,0,0,0,0,0,0,546.631461977959,0,251.251298949122,0,0,90.6954617649317,0,0.393402397632599,0,0
0,0,0,0,0,0,0,0,0,0,0,0,0,0,0,0,0,0,0,0,0,0,0,0,0,0,0,0,0,0,0,17.6842710971832,0,1388.45260065794,98.5135109722614,187.361530721188,0,17.1074398458004,0,0,0,0,0,0,0,0,0,119.292276054621,0,60.1780298501253,0,0,0,0,0,0,0,0,0,0,0,0,0,0,0,0,0,0,0,0,0,0,0,0,267.857581615448,0,0,2.32535693049431,275.329762548208,0,437.533003911376,0,160.012250542641,0,0,0,0
0,0,0,0,0,0,0,0,0,0,0,0,0,0,0,0,0,0,0,0,0,0,0,0,0,0,0,0,0,0,0,0,88.6130367517471,32.002854898572,1648.16600343585,3.51744659245014,160.907413631678,0.161120310425758,100.757509559393,0,0,0,11.9805126935244,0,0,0,0,357.599440976977,49.510835558176,0.457652300596237,0,0,0,0,0,0,0,0,0,0,0,0,0,0,0,0,0,0,0,0,0,0,0,0,0,546.631461977959,2.32535693049431,0,0,257.220597580075,0,278.78378097713,377.6492741853,0,5.43792532384396,0,0
0,10.2234957069159,0,10.1080578267574,0,0,0,0,0,0,0,256.323042087257,0,0,0,0,80.8152419626713,67.2017658352852,2162.81201537699,463.895089127123,0,0,0,0,0,0,0,0,0,0,0,187.438941791654,21.9829290658236,332.26868340373,0,14916.3236928433,97.9305688142776,1222.06510455906,0,327.616568543017,12.5225743055344,1181.28999584168,23.309121504426,68.9116579145193,0,169.457301348448,8.51671531796455,1514.59979806095,5.09817740321159,904.597920939326,0,0,0,0,0,1.54371938109398,0,80.4304171204567,0,0,0,0,1430.29383117706,3.4713044911623,0,0,0,0,0,0,0,0,75.1683131977916,2.78315278887749,94.1583231240511,0,275.329762548208,0,0,45.2667257636786,2411.12989323586,2.54749350249767,1931.01880774647,48.6715458333492,848.363451845944,359.335774429142,3.75314773619175
1.75496745109558,0,0.238332077860832,0.574790894985199,0,0,0,0,0,0,0,0,0,0,0,0,80.7736091017723,59.0712800472975,1148.53423891962,0,79.0202826559544,0,0,0,0,0,0,0,0,0,0,26.0062432512641,118.096010714769,0,60.0909983664751,333.013950414956,12684.5182620361,10.4160709828138,878.099221982062,5.46416106820107,634.205855734646,8.30399928987026,768.489128381014,0.885491967201233,92.5202336013317,3.24104318022728,446.280303306878,1737.32456226647,498.252168238163,0.281577974557877,0,0,0,0,0,0,0.56782603263855,0,0,0,0,0,2.697917714715,641.604638695717,0,0,0,0,0,0,0,1.09513223171234,0,31.5382089614868,7.24961376190186,251.251298949122,0,257.220597580075,45.2667257636786,0,0,1548.8059052676,1920.74217609316,1.81105276942253,891.617163218558,0.63165545463562,41.7182233333588
0,3.84539973735809,0,0,0,0,0,0,0,0.62522266805172,0,9.2575094550848,0,0,0,0,1.2238904684782,9.12845449149609,341.126510933042,91.5465717837214,0,375.042353793979,0,35.4474492520094,0,0,0,0,0,19.5571330785751,0,0,0,325.178214102983,0,965.491990864277,0.306009255349636,12991.4415743798,22.4633482694626,85.5621713846922,0,219.32187871635,0.386464416980743,15.6258887052536,0,214.390324227512,4.51982569694519,57.113791257143,0.431112349033356,1152.74454125762,0,0,0,0,0,45.3959220200777,0,21.3404945284128,0,0,0,0,628.542157024145,0,248.824906468391,0,109.260342776775,0,0.766945958137512,0,97.9118510633707,0,218.212898626924,0.767903566360474,0.495507895946503,0,437.533003911376,0,2411.12989323586,0,0,3.97821891307831,832.102775648236,45.6242795288563,395.784558609128,334.265552461147,0
0,0.261877030134201,0,0,0,0,0,0,0.25953397154808,0,92.5983022749424,0,0,0,0,0,20.306772261858,11.5476030409336,288.950275078416,0,10.7651218026876,0,531.209189340472,0,324.849944606423,0,0,0,0,0,116.303374439478,0,0,0,83.0528329461813,3.82402035593987,1700.88900186121,661.125509902835,16188.6474762931,0.479118138551712,41.69498719275,4.13689121603966,251.31683754921,0,14.1492384672165,0.988491415977478,109.609285205603,1833.41550335288,193.417958900332,3.81126952171326,0,0,0,0,31.6287450641394,0,78.8522680550814,0,0.164493605494499,0,0,0,0,228.02967108041,0.274552583694458,204.677532404661,0,310.427769258618,0,0,0,140.334860570729,0,444.167485892773,0,0,0,278.78378097713,2.54749350249767,1548.8059052676,3.97821891307831,0,1989.63342987746,98.3208317905664,1030.44786934555,7.18187761306763,47.2784521877766
