0,0,0.0371530147690863,0,0,0,0,0,0.0139737633851393,0,0,0,0,0,0,0,0.000184164002751452,2.24551029804847e-05,0.000402995799536518,0,0,0,0,0,0,0,0,0,0,0,0,0,0,0,0,0,2.15815370738211e-06,0,9.16418397733422e-06,0,0.000288911492861651,0,0.00742163156656863,0,0,0,0.000399039449920874,0.000140154696569935,0.00367680450289457,9.4502075775021e-05,0,0,0,0,0.0405384256045293,0,0.000584734479847699,0,2.6933933250893e-05,0,0.0147989013434396,0,0,1.37573666903928e-05,0,0,0,0,0,0.000611904343936001,0,0,0,0.00126157978486271,0,0,0,0,0,8.76320131422618e-05,0,0.000125028587037907,0.000516965129303665,9.60980939170827e-06,0.0152633073546348,0,0
0,0,0,0.00365962911366793,0,0.000541320011039126,0,0,0,0.0227453142246478,0,0,0,0,0,9.38228716351956e-05,2.45230859591885e-05,1.31116229259828e-05,0.00134648658088354,0,0,0,0,0.00017340616708004,0,0,0,0,0,0,0,0,0,0,0,0,0,6.26711291706362e-05,0,0.000151675851298527,0,0.0280403350565127,0,0,0,8.47672952734715e-05,0,2.64962179027171e-05,0,0.00330220628599139,0,0,0,0,0,0.0250670273981593,0,0.00380136174990632,0,0.000125963033172012,0,0.0202358895748957,8.96172547853406e-06,0,0,0,0.00618439232926499,0,0,0,0.0013568198820541,0,0.00115545913903643,0,0,0,0,0,2.78482821150835e-05,0,8.84376966185874e-05,0,0.000359524768025104,0,0.0193618675593641,8.61503630725758e-05,0
0.0371530147690863,0,0,0,0.000481276821827793,0,0,0,0.00150348268696756,0,0,0,0,0,0,0,2.3914441659648e-05,0,9.84516361256867e-06,0,6.48362266888443e-05,0,0,0,0,0,0,0,0,0,0,0,0,0,0,0,8.2724795638488e-06,0,3.82912925968662e-06,0,0.000213652487992248,0,0.00355862705516878,0,0,0,0.000348639402753914,0,0.00542799504446962,0.000102918535886567,0.000154316342281809,0,0,0,0.00197732705059724,0,0.00159270537154759,0,0.00158017238138404,0,0.000660062751730736,0,0,2.70215323241534e-05,0,0,0,0,0,0,0,0,0,0.00354615413170341,0,0,0,0,0,0.000119579581828985,0,0.000122345468062476,5.13708414297724e-05,0,0.00876129023688329,0,0.000192850718195718
0,0.00365962911366793,0,0,0,0.0342410994147184,0,0,0,0.00219141041989346,0,0.00139627296830236,0,0,0,0,0,0,0.000580087795460631,0.00436772704227349,0,0,0,0.000496609464465575,0,0,0,0,0,0,0,0,0,0,0,0.000106546154541851,0,0.000155372753225429,0,0.00183697834032977,0,0.010318139940248,0,0,0,0.00144833224810746,0,0,0,0.00539813163484715,0,0.00972786496485466,0,0,0,0.00118440817704088,0,0.00531188395481017,0,0.0132840916437551,0,0.0163983203214762,0.00188330676032046,0,0,0,0.00165050867212705,0,0,0,0,0,0.00470855339739484,0,0,0,0,0,0.000127604921238442,0,0.000177656271011573,0,0.000206415609893443,0,0.00781659233549206,6.03943513244809e-05,0
0,0,0.000481276821827793,0,0,0,0,0,0,0,0,0,0,0,0,0,0,0,0,0,0.0174088692473485,0,0,0,0,0,0,0,0,0,0,0,0,0,0,0,0.000250980381104933,0,0,0,2.77796120927386e-05,0,0.000944490946895296,0,0,0,0,0,0,0.000874081433288475,0,0,0,0,0.00043430621620059,0,0.000231908713816317,0,0,0,0,0,0,0.0014134283754027,0,0,0,0,0,0,0,0,0,0,0,0,0,0,0,2.30482462687529e-05,0,0,1.36921839994706e-05,0,0.00799898455536458,0,0
0,0.000541320011039126,0,0.0342410994147184,0,0,0,0.00319268312169238,0,0.00780387833464063,0,0.00311334959645753,0,0,0,0,0,0,0,0.0029008120834466,0,0,0,0,0,0,0,0,0,0,0,0,0,0,0,6.34348725725431e-05,0,0,0,0.000191561424521625,0,0.000172093884274751,0,0,0,0,0,0,0,0,0,0.0399869874745419,0,0.0125938772398004,0,0,0,0.0163499459414231,0,0.000258907382421987,0,0,3.41514099214818e-05,0,0,0,0,0,0,0,0,0,0,0,0,0,0,0,0,0,0,0,0.000453453963694296,0.000116720740530276,0.00361772636317591,0,0
0,0,0,0,0,0,0,0,0,0,7.2706537646872e-05,0,0.00635133865188991,0,0,0,0,0,0,0,0,0,0,0,0,0,0,0,0,0,0,0,0,0,0,0,0,0,0,0,0,0,0,0,0,0,0,0,0,0,0,0,0.000829641833291832,0,0,0,0.00139082047870762,0,0.0160741851247838,0,0,0,0,0,0,0,0,0,0,0,0,0,0,0,0,0,0,0,0,0,0,0,0,0,0,0,0
0,0,0,0,0,0.00319268312169238,0,0,0,0,0,0.000270402535968607,0,0.00076736476053425,0,0,0,0,0,0.0059338318615162,0,0,0,0,0,0,0,0,0,0,0,0,0,0,0,1.26770828501321e-05,0,0,0,0,0,0,0,0,0,0,0,0,0,0,0,0,0,0.0235690208839652,0,0,0,0.00589871818445072,0,0.00471054916696692,0,0,0,0,0,0,0,0,0,0,0,0,0,0,0,0,0,0,0,0,0,0,0.00223473241147685,6.16384113527602e-06,0,0,0
0.0139737633851393,0,0.00150348268696756,0,0,0,0,0,0,0,0,0,0,0,0.0091950112157846,0,0.00585453900408825,7.38842205834302e-05,4.95956713880252e-05,0,0,0,0,0,0.00122369522618062,0,0,0,0,0,0,0,0,0,0,0,0,0,4.15311754343759e-05,0,4.73509968131778e-05,0,0.000578141938692014,0,0,6.10752801327659e-06,3.28504268669325e-05,1.56634868136112e-05,0.00124085610671359,0,0,0,0,0,0.0904266585228643,0,1.30320046660076e-05,0,0,0,0.0240398513383981,0,0,0,0,0,0,0.00164438862209221,0,0.000242599593874876,0,0,0,0,0,0,0,0,0,5.89824028958795e-06,0,7.0650213766693e-05,0.00164642106041123,0.000236804959732301,0.00395376769145217,0,3.81412319434603e-05
0,0.0227453142246478,0,0.00219141041989346,0,0.00780387833464063,0,0,0,0,0,0,0,0,0,0.0112604590974189,0,0.00223866553267576,0.000744818729851402,0,0,0,0,0.0171022542298944,0,0.00505551788882334,0,0,0,0,0,0,0,0,0,0,0,0.000291461127566516,0,0,0,0.00435871381571513,0,0,0,0,0,0,0,2.115708486268e-05,0,0,0,0,0,0.102487700582266,0,7.53733428795656e-05,0,0,0,0.00246774048663297,0,0,0,0,0.0208828320063951,0,0,0,0,0,0.000549623680151712,0,0,0,0,0,0,0,0.00060488059233598,0,0.00246849221086615,0.000711795729354169,0.0013946604346089,0.000697764100169481,0
0,0,0,0,0,0,7.2706537646872e-05,0,0,0,0,0,0.0165789752031945,0,0,0,0,0,0,0,0.102392938588645,0,0,0,0,0,0,0,0,0,0.0303251131476611,0,0,0,0,0,0.0052853173499478,0,0.0137744221720892,0,0,0,0,0,0,0,6.56022036731705e-05,0,0,0,0,0,0,0,0,0,0.093610765384842,0,0.03449830671564,0,0,0,0,0.0274157084940949,0,0,0,0,0,0,0,0,0,0.00603689081660356,0,0,0,0,0,0.000802098362160592,0,0.00324048602888793,0.000626235770211233,0,0.000658167647073176,0,0
0,0,0,0.00139627296830236,0,0.00311334959645753,0,0.000270402535968607,0,0,0,0,0,0.0186192334843045,0,0,0,0,0,0.0903159831245082,0,0,0,0,0,0,0,0.00199485713490709,0,0.0147177944880459,0,0,0,0,0,0.00478655092350822,0,0.0259265781345941,0,0,0,0,0,0,0,0,0,0,0,0,0,0.00134060692709997,0,0.00110993216514056,0,0,0,0.217733272005448,0,0.0183335024345804,0,0,0.0125733545236854,0,0,0,0,0,0,0,0.00205674936211416,0,0.0325208667987225,0,0,0,0,0,5.86320313241149e-05,0,0.00149089832290851,0,0.000847034120808712,0.000121157650093878,0.000639015436099719,0,0
0,0,0,0,0,0,0.00635133865188991,0,0,0,0.0165789752031945,0,0,0,0.000859507202503447,0,0,0,0,0,0,0,0,0,0,0,0,0,0.000527579129165488,0,0,0,0,0,0,0,0,0,0,0,0,0,0,0,0,0,0,0,0,0,0,0,0.000484412819267688,0,0,0,0.00674561291310559,0,0.0134651484341659,0,0,0,0,0,0,0,0,0,0,0,0,7.60213024044278e-05,0,0,0,0,0,0,0,0,0,0,9.52424712256668e-05,0.000149163036006863,0,0,0
0,0,0,0,0,0,0,0.00076736476053425,0,0,0,0.0186192334843045,0,0,0,0.00263642508995934,0,0,0,0,0,0,0,0,0,0,0,0.00155347750493931,0,0,0,0,0,0,0,0,0,0,0,0,0,0,0,0,0,0,0,0,0,0,0,0,0,0,0,0,0,0.00379232413358515,0,0.113475208372471,0,0.000827662319352385,0,0,0,0,0,0,0,0,0.00266879354290441,0,0,0,0,0,0,0,0,0,0,0,0.00204222944880625,0.00178827344337743,0,0,0
0,0,0,0,0,0,0,0,0.0091950112157846,0,0,0,0.000859507202503447,0,0,0,0.00286902518436517,0.000130925968903976,0,0,0,0,0,0,0,0,0.000103912585118202,0,0,0,0,0,0,0,0,0,0,0,0,0,0,0,0,0,0,0,0,0,0,0,0,0,0,0,0.000162509554711379,0,0,0,0.0133631632646927,0,0.019666674952489,0,0,0,0,0,0,0,0,0,0,0,0,0,0,0,0,0,0,0,0,0,0.000512758821148684,0,2.63284486016566e-05,0,0
0,9.38228716351956e-05,0,0,0,0,0,0,0,0.0112604590974189,0,0,0,0.00263642508995934,0,0,0,0,0,0,0,0,0,0.00133825795998707,0,0.000834711658827425,0,0.00802708130576404,0,0,0,0,0,0,0,0,0,2.14830914034452e-05,0,0,0,0,0,0,0,0,0,0,0,0,0,0,0,0,0,0.0138147476996742,0,0,0,0,0,0.0166767630306149,0,0,0,0,0.00486496598773604,0,0.00130440692606628,0,0.000707682169466183,0,0,0,0,0,0,0,0,0,9.86948349175048e-05,0,9.2833270173287e-06,0.000501262456918126,1.33541344396003e-05,0,0
0.000184164002751452,2.45230859591885e-05,2.3914441659648e-05,0,0,0,0,0,0.00585453900408825,0,0,0,0,0,0.00286902518436517,0,0,0.144692028404762,0.0636877052579906,0,0,0.000159491722627521,0.00469379755915343,0.000185290351405081,0,1.09387416224771e-05,0.0225872076596302,0,0.00873034469749593,0,0,0,0,0,0,2.01536645475973e-05,6.79327879555324e-05,0,1.99076839843598e-05,0.000759065380806355,0.00157348094711188,0.000674208127190589,0.00280928481740733,3.1800671931134e-05,4.12558400748935e-06,0.000428543058897188,0.000677399577880531,0,1.79066954344247e-05,0,0,0,0,0,0.00270862805590674,0,0.000105367977915604,3.47568745393684e-06,0,0,0.000223668278254139,0,7.67628242616193e-05,0.000105910570337335,0,0.000146169827291303,0,0,0,0.000930389865202557,0,0.000354442088970486,0.000137969873833661,0.000561225198703846,0,0,0,0,0.000379561029722401,0.0012903690204871,0.00015859395987035,0.000541582951710626,0.0168085283027518,0.000350695133376218,0.00549277078189189,0.00010434457570862,0.000902557397236541
2.24551029804847e-05,1.31116229259828e-05,0,0,0,0,0,0,7.38842205834302e-05,0.00223866553267576,0,0,0,0,0.000130925968903976,0,0.144692028404762,0,0.0544168170891325,0,0,0.00513438121137019,0.000101015328990943,0.00472323241703181,0,0.0134165145130494,0,0.00121130840986075,0,0,0,0,0,0,0,7.74533217801966e-06,1.42367817584556e-05,2.7865950054136e-06,0,0.000976426203972085,0.00121651469044941,0.00133017714499609,0.000941995667860831,1.73904925151148e-05,0,0.000401810331842826,0.000479637542783623,0,0,0,0,0,0,0,0.000127475148924374,0,0,1.06687824656766e-05,0,0,0,0,1.4567253869206e-05,0.00012362735508607,0.000829090414573724,0,0,0,0,0,0,0,1.77275501492973e-05,5.05638888525636e-05,0,0,0,0,0.000231421416912197,0.000375396604844905,3.89188905831506e-05,0.000104500730684548,0.028577859783544,0.00109983958765251,0.00209940449400915,0.000467577944578784,0.000139970751977316
0.000402995799536518,0.00134648658088354,9.84516361256867e-06,0.000580087795460631,0,0,0,0,4.95956713880252e-05,0.000744818729851402,0,0,0,0,0,0,0.0636877052579906,0.0544168170891325,0,0,0,0,3.71817404718876e-06,0.00169496757273862,0,0,6.35830470557819e-05,0,0,0,0,0,0,0,0,0.000228131415163422,0.00032238140971418,0.00012208337217722,8.39680456862573e-05,0.0373757745726747,0.0260908297171703,0.065958470361099,0.0349546775737178,0.00145128276715591,0,0.012971211519092,0.006419376847635,7.62381549421144e-06,0.000206609120866355,0.000529566205330092,0,0,0,0,4.38083220732077e-05,5.90106755689689e-05,0.00047543872447351,0.000502170922987086,0,0,0,0,0.0020968005941977,0.00154166646349391,0,0,3.1386448629593e-05,0,0,0,0,0,0.00333760211907322,0.00287899062052439,0,0,0,2.53111925593811e-05,0.00678708240810546,0.0104473089590496,0.00310263139231219,0.00339158842911629,0.0118733960750694,0,0.0583656213978236,0.0194396386797107,0.00883353975299123
0,0,0,0.00436772704227349,0,0.0029008120834466,0,0.0059338318615162,0,0,0,0.0903159831245082,0,0,0,0,0,0,0,0,0,0,0,0,0,0,0,0,0,0,0,0,0,0,0,0.0146811147396794,0,0.00474295017511815,0,0,0,0,0,0,0,2.83894255128231e-05,0,0,0,0,0,0.00162301972003751,0,0.0058660866648471,0,0,0,0.0635521706258782,0,0,0,0,0.075156373025574,0,0,0,0,0,0,0,0,0,0.0019564409942729,0,0,0,0,0,0.00262431584061335,0,0.00153759235248902,0,0.00183182146260609,0,0.0068327845822546,0,0
0,0,6.48362266888443e-05,0,0.0174088692473485,0,0,0,0,0,0.102392938588645,0,0,0,0,0,0,0,0,0,0,0,0,0,0,0,0,0,0,0,0,0,0,0,0,0,0.0147134279492069,0,0.00734354166417764,0,3.07036528795742e-05,0,0,0,0,0,7.77565336387539e-05,0,0,0,0.00619810449354573,0,0,0,0.0067889516129243,0,0.022370027413936,0,0,0,0,0,0,0.0293726315896438,0,0,0,0,0,0,0,0,0,2.34125986150828e-05,0,0,0,0,0,0.000717534852080788,0,0.000518533226678581,0.00145305070837273,5.77905225661078e-06,0.0040887460812601,0,0
0,0,0,0,0,0,0,0,0,0,0,0,0,0,0,0,0.000159491722627521,0.00513438121137019,0,0,0,0,0.00998895593035928,0.00339819093061923,0,0.00168562629037114,0,0.00299857598940481,0,0,0,0,0,0,0,0,0,0.0205860857243512,0,0,0,0,0,0,0,0,0,0,0,0.000543887823328665,0,0,0,0,0,0,0,0,0,0,0,1.08755065377926e-05,0,0,0.112581238231004,0.00156368416912142,0.00631772187147279,0,0.00167591951492844,0,0.000299287157843829,0,0,0,0,0,0,0,0,0,0.00571172350002212,0,0.00624728298778062,0.00119501719461719,0,0,0
0,0,0,0,0,0,0,0,0,0,0,0,0,0,0,0,0.00469379755915343,0.000101015328990943,3.71817404718876e-06,0,0,0.00998895593035928,0,0,0.000144005385752206,0,7.78523117332952e-05,0,0.00368931626798444,0,0,0,0,0,0,0,0,0,0.0180736068076273,0,0,0,0,0,0,0,0,0,0.00553324397465524,0,0,0,0,0,0,0,0,0,0,0,0,0,0,0,0.000108318265690416,0.171041450941512,0,0.000236617468574876,0,0.00230436803813228,0,0.00374615028792074,0,0,0,0,0,0,0,0,0,0.00901161056826143,0.00925638074918464,0.00347403919136472,2.20285706523755e-06,0,0
0,0.00017340616708004,0,0.000496609464465575,0,0,0,0,0,0.0171022542298944,0,0,0,0,0,0.00133825795998707,0.000185290351405081,0.00472323241703181,0.00169496757273862,0,0,0.00339819093061923,0,0,0,0.0280532355245947,0,0,0,0,0,0,0,0,0,0,0,0.00955977976097688,0,0,0,5.56695076915209e-05,0,0,0,0,0,0,0,8.98214029591378e-05,0,0,0,0,0,0.0109386271257201,0,0,0,0,0,0.00269836544375396,0,0,0.00472991411540016,0,0.108855641138716,0,7.4589659945788e-05,0,0,0,0.0002332390135258,0,0,0,0,0,0,0,0.00075685441861296,0,0.00046044799518043,0,5.83777496021212e-05,0,0
0,0,0,0,0,0,0,0,0.00122369522618062,0,0,0,0,0,0,0,0,0,0,0,0,0,0.000144005385752206,0,0,0,0.0315505421074829,0,0,0,0,0,0,0,0,0,0,0,0.00127733871117341,0,0,0,0,0,0,0,0,0,0.00133822453964197,0,0,0,0,0,0.00509385384301213,0,0,0,0,0,0,0,0,0,0,0.00862938662679735,0,0.151125706649521,0,0.000388281649347806,0,6.5528649429325e-05,0,0,0,0,0,0,0,0,0,0.000933382757175874,0.000257356775981487,0,0.0010294222289981,0,0
0,0,0,0,0,0,0,0,0,0.00505551788882334,0,0,0,0,0,0.000834711658827425,1.09387416224771e-05,0.0134165145130494,0,0,0,0.00168562629037114,0,0.0280532355245947,0,0,0,0.0145761203318299,0,0,0,0,0,0,0,0,0,0,0,0,0,0,0,0,0,0,0,0,0,0,0,0,0,0,0,0,0,0,0,0,0,0,0,0,0.0120252103003129,0,0.00870565672725799,0,0.0335781049544452,0,0.00687055879721658,0,0,0,0,0,0,0,0,0,0,0,0.0013710289416853,1.6979259593238e-05,0,0,0
0,0,0,0,0,0,0,0,0,0,0,0,0,0,0.000103912585118202,0,0.0225872076596302,0,6.35830470557819e-05,0,0,0,7.78523117332952e-05,0,0.0315505421074829,0,0,0,0.00495012097165562,0,0,0,0,0,0,0,0,0,0,0,0,0,0,0,0,0,0,0,0,0,0,0,0,0,0,0,0,0,0,0,0,0,0,0,0,0.000261970309709735,0,0.0116381085088671,0,0.0278424834416642,0,0.0323698986216405,0,0,0,0,0,0,0,0,0,0,0.00095384762126859,0,0,0,0
0,0,0,0,0,0,0,0,0,0,0,0.00199485713490709,0,0.00155347750493931,0,0.00802708130576404,0,0.00121130840986075,0,0,0,0.00299857598940481,0,0,0,0.0145761203318299,0,0,0,0.0128536854311948,0,0,0,0,0,0,0,0.000273361897579548,0,0,0,0,0,0,0,0,0,0,0,0,0,0,0,0,0,0,0,0,0,0.00012013830682619,0,0,0,0,0.00245107337606907,0,0,0,0.0124539310007727,0,0.0734813379489724,0,0,0,0,0,0,0,0,0,0.000348499845250139,0,0.00237175076342467,0.00027054264894629,0,0,0
0,0,0,0,0,0,0,0,0,0,0,0,0.000527579129165488,0,0,0,0.00873034469749593,0,0,0,0,0,0.00368931626798444,0,0,0,0.00495012097165562,0,0,0,0.0187019691039421,0,0,0,0,0,0,0,0.00221271814091017,0,0,0,0,0,0,0,0,0,0,0,0,0,0,0,0,0,0,0,0.000125210743868615,0,0,0,0,0,0,0.00184903331760798,0,0,0,0,0,0.0185998378185854,0,0.00419109471478072,0,0,0,0,0,0,0,0.000121130851377613,0.00286056046475802,0.000321920438215941,0,0,0
0,0,0,0,0,0,0,0,0,0,0,0.0147177944880459,0,0,0,0,0,0,0,0,0,0,0,0,0,0,0,0.0128536854311948,0,0,0,0,0,0,0,0,0,0.0114930129815976,0,0,0,0,0,0,0,0,0,0,0,0,0,0,0,0,0,0,0,0.00342535973411909,0,0,0,0,0,0,0,0,0,0,0,0,0.0656388262574664,0,0.083420710623347,0,0,0,0,0,0,0,0.00354904933837324,0,0.000236441533305332,0,0,0,0
0,0,0,0,0,0,0,0,0,0,0.0303251131476611,0,0,0,0,0,0,0,0,0,0,0,0,0,0,0,0,0,0.0187019691039421,0,0,0,0,0,0,0,0,0,0.0172735465151173,0,0,0,0,0,0,0,0,0,0,0,0,0,0,0,0,0,0.00219456114837966,0,0,0,0,0,0,0,0,0,0,0,0,0,0,0.000236132654415295,0,0.044945157211021,0,0,0,0,0,0,0,0.0012110215598677,6.47531427537589e-05,0,0,0,0
0,0,0,0,0,0,0,0,0,0,0,0,0,0,0,0,0,0,0,0,0,0,0,0,0,0,0,0,0,0,0,0,0.112915412501351,0.00937020214111424,0.000293488311506422,0.00650387042094221,4.79718130932559e-05,0,0,0,0,0,0,0,0,0,0,0.0672357763495833,0,0,0,0,0,0,0,0,0,0,0,0,0,0,0,0,0,0,0,0,0,0,0,0,0,0,0.106208892270602,0.00448084734131774,0.00631624811412699,0,0.00534709817525904,0,0,0,0.000291202484333714,0,0,0,0
0,0,0,0,0,0,0,0,0,0,0,0,0,0,0,0,0,0,0,0,0,0,0,0,0,0,0,0,0,0,0,0.112915412501351,0,0.000418871476861227,0.000325733611280903,0.000341422925729955,0.00654103688052919,0,0,0,0,0,0,0,0,0,0,0.0756731820675815,0.000148260529490037,0.00122615778949735,0,0,0,0,0,0,0,0,0,0,0,0,0,0,0,0,0,0,0,0,0,0,0,0,0.0863782181764468,0.0616925240572477,6.95674918133318e-05,0.00648586599205267,1.10189935735214e-05,0.0025456033686802,0,0,0.000748593625034128,0,3.85806142211298e-05,0,0
0,0,0,0,0,0,0,0,0,0,0,0,0,0,0,0,0,0,0,0,0,0,0,0,0,0,0,0,0,0,0,0.00937020214111424,0.000418871476861227,0,0.181929804502375,0.00777711460034682,0,0.0057682703131078,0,0,0,0.00183965187411337,0,0,0,0,0,0.0545266934798244,8.48137494225982e-05,0,0,0,0,0,0,0,0,0,0,0,0,0,0,0,0,0,0,0,0,0,0,0,0,0,0.00499444795543952,0,0.126384872068837,0.172915429656852,0.00513297744884711,0,0.00476112355854139,0.000863563341106556,0.000805748631400003,5.84392371421263e-06,0,0,0
0,0,0,0,0,0,0,0,0,0,0,0,0,0,0,0,0,0,0,0,0,0,0,0,0,0,0,0,0,0,0,0.000293488311506422,0.000325733611280903,0.181929804502375,0,2.70268843555188e-06,0.00411740174562673,0,0.00142206314049393,0,0,0,0.00817382529198227,0,0,0,0,0.0529056683414708,0.000456501119822957,4.03893788046986e-05,0,0,0,0,0,0,0,0,0,0,0,0,0,0,0,0,0,0,0,0,0,0,0,0,0.000202500108874855,0.00111904539798599,0.103284936422752,0.141477145691105,1.49537973683564e-05,0.00128287540690102,0.00156089960927567,0.00378656671944361,0.0010822233460134,2.95233995057738e-05,0.000123330187104649,0,0
0,0,0,0.000106546154541851,0,6.34348725725431e-05,0,1.26770828501321e-05,0,0,0,0.00478655092350822,0,0,0,0,2.01536645475973e-05,7.74533217801966e-06,0.000228131415163422,0.0146811147396794,0,0,0,0,0,0,0,0,0,0,0,0.00650387042094221,0.000341422925729955,0.00777711460034682,2.70268843555188e-06,0,0.0103438747232194,0.0275422603027185,0.000333727911757949,0.000105102553272528,3.93840291744621e-06,0.000151909535090996,3.12424304552529e-06,6.05024519159279e-06,0,0.000237231764306125,0,0.00104605046270878,0,0.000141555293839943,0,0,0,0,0,0,0,0.00122165139178345,0,0,0,0,0.0133501776278856,0,0,0,0,0,0,0,0,0,3.8192126522197e-06,0,0.00770647570742528,1.45272945484688e-05,0.0125831598972076,9.65370694149833e-05,0.111931830947615,0.00100906479085023,0.0252346108934636,5.69039325795098e-06,0.00811194964835513,0.00220421697811131,0.00101134435254424,5.12315896969366e-05,0
2.15815370738211e-06,0,8.2724795638488e-06,0,0.000250980381104933,0,0,0,0,0,0.0052853173499478,0,0,0,0,0,6.79327879555324e-05,1.42367817584556e-05,0.00032238140971418,0,0.0147134279492069,0,0,0,0,0,0,0,0,0,0,4.79718130932559e-05,0.00654103688052919,0,0.00411740174562673,0.0103438747232194,0,3.98260925023631e-05,0.0203564324423567,0,1.50849938663626e-05,0,0.000333229156857426,0,0,0,0.000205847988910834,0.000635389269677425,4.26633180525694e-05,5.2905558385403e-05,4.20349586905931e-06,0,0,0,0.000125363995688061,0,0.00215484903043689,0,0,0,0,0,0,0.0190979221724017,0,0,0,0,0,0,0,0,0,1.81474147501972e-06,0.0015422737660998,0.0103020344776302,0,0.00966630825752642,0.0110413251926949,0.0843536527849071,0.0001060306397886,0.00475517725302583,0.00634389434507452,0.00276585946028532,0.00103269138640713,0,7.60851795819135e-05
0,6.26711291706362e-05,0,0.000155372753225429,0,0,0,0,0,0.000291461127566516,0,0.0259265781345941,0,0,0,2.14830914034452e-05,0,2.7865950054136e-06,0.00012208337217722,0.00474295017511815,0,0.0205860857243512,0,0.00955977976097688,0,0,0,0.000273361897579548,0,0.0114930129815976,0,0,0,0.0057682703131078,0,0.0275422603027185,3.98260925023631e-05,0,0.00629504803523535,2.176729249893e-05,0,0.00513698023616279,4.1076908835318e-06,2.75185181503683e-06,0,0.000202029532856221,0,0.00841583470021067,0,0.00113885637517851,0,0,0,0,0,0.000798368288895554,0,0.0126822982815179,0,0,0,7.115612190946e-06,0.0052333258303399,0,0.0266262012724846,0,0.00671517601580533,0,8.25653065729577e-05,0,0.000112724680219642,0,0.0320772860832517,0,0,0,0.00436471257890547,0.000114805931788888,0.00661983459788103,4.15043233831205e-06,0.158845505605643,0.00487018676996251,0.00622019101564074,0.000650639266019958,0.00148570092793941,0,0
9.16418397733422e-06,0,3.82912925968662e-06,0,0,0,0,0,4.15311754343759e-05,0,0.0137744221720892,0,0,0,0,0,1.99076839843598e-05,0,8.39680456862573e-05,0,0.00734354166417764,0,0.0180736068076273,0,0.00127733871117341,0,0,0,0.00221271814091017,0,0.0172735465151173,0,0,0,0.00142206314049393,0.000333727911757949,0.0203564324423567,0.00629504803523535,0,0,2.94115323810269e-06,0,0.00594084528917894,0,0,0,2.11784063627521e-05,0.00288605184041054,0.00201921082422782,0,0,0,0,0,0.000561004507836772,0,0.0123290369492289,0,0,0,0,0,0,0.00251231243034575,0,0.0122624296825842,0,0.00576853740114536,0,0,0,0.00207019141866159,0,0.00227268334730014,0,0,0.000295992708527852,0.00287561700836628,5.71372387280039e-05,0.00661466305635198,0.00276745752817125,0.0749469320169851,0.00538488835554297,0.00137772217882934,0.00104228838440184,0,2.76310384929886e-05
0,0.000151675851298527,0,0.00183697834032977,0,0.000191561424521625,0,0,0,0,0,0,0,0,0,0,0.000759065380806355,0.000976426203972085,0.0373757745726747,0,0,0,0,0,0,0,0,0,0,0,0,0,0,0,0,0.000105102553272528,0,2.176729249893e-05,0,0,0.00037132022224383,0.0822313269043715,0.000384982494643639,0.00240369016910016,0,0.0175378815033554,0.000107192925834583,0.00128116025988546,0,0.0287532409211311,0,0,0,0,0,0,0,0.000144129173218162,0,0,0,8.7896639386699e-05,0.00180426883289513,0,0,0,0,0,0,0,0,0,0.00060428270161547,2.10130953948672e-05,0,0,0,0,0.00791540712706916,7.65126924876768e-05,0.000997489423828721,0,0.00107254316409782,0,0.03936579711486,0.0191853509431812,0.00014231453937051
0.000288911492861651,0,0.000213652487992248,0,2.77796120927386e-05,0,0,0,4.73509968131778e-05,0,0,0,0,0,0,0,0.00157348094711188,0.00121651469044941,0.0260908297171703,0,3.07036528795742e-05,0,0,0,0,0,0,0,0,0,0,0,0,0,0,3.93840291744621e-06,1.50849938663626e-05,0,2.94115323810269e-06,0.00037132022224383,0,0.000542441185722694,0.0718352085975031,0.000167783199443065,0.00094019031618945,0.000230608730904039,0.0121813680297876,0,0.00588390159793111,2.24378694968332e-05,0,0,0,0,0.000110592785878386,0,0.00123154329075298,0,0,0,0,0,0,0.00128065384413588,0,0,0,0,0,0,0,0,0,0.000700019203730246,0,0,0,1.04899726379483e-05,4.38908166854618e-05,0.00404479263792407,0,0.000353271585363233,0.00113518455149671,0,0.0295268846267694,0.000691115687903751,0.00758290647533309
0,0.0280403350565127,0,0.010318139940248,0,0.000172093884274751,0,0,0,0.00435871381571513,0,0,0,0,0,0,0.000674208127190589,0.00133017714499609,0.065958470361099,0,0,0,0,5.56695076915209e-05,0,0,0,0,0,0,0,0,0,0.00183965187411337,0,0.000151909535090996,0,0.00513698023616279,0,0.0822313269043715,0.000542441185722694,0,0.00883052490628578,0.000250397084903786,0,0.00865719242272996,0.000219381530087191,0.0799553149231631,6.58158124922728e-05,0.0229858570194062,0,0,0,0,0,0.000693991489640832,0,0.00915099258364254,0,0,0,1.29803843317442e-05,0.010356058875395,3.2871219054535e-05,0,0,6.04242132072781e-05,0,0,0,3.45058107026944e-05,0,0.0586824640167477,0,0,0,0,0,0.00547940496693415,5.92008270146434e-05,0.00422733019543148,9.71668396215856e-06,0.00750085175141113,5.19025091473157e-05,0.0976619128100798,0.0310515295170287,0.000198147701060216
0.00742163156656863,0,0.00355862705516878,0,0.000944490946895296,0,0,0,0.000578141938692014,0,0,0,0,0,0,0,0.00280928481740733,0.000941995667860831,0.0349546775737178,0,0,0,0,0,0,0,0,0,0,0,0,0,0,0,0.00817382529198227,3.12424304552529e-06,0.000333229156857426,4.1076908835318e-06,0.00594084528917894,0.000384982494643639,0.0718352085975031,0.00883052490628578,0,0,0.00112973915165191,6.47183755210048e-05,0.0030943459978687,0.0938662893403693,0.0107161966179197,3.13880417302107e-05,0,0,0,0,0.00121161440425306,0,0.0255615087252628,0,0,0,0,0,1.12086048715247e-05,0.00618897443773258,0,0,0,1.68324838874586e-05,0,0,0,0,3.94792207451624e-05,0.0175076278158185,0,0,0,0.000124996542164307,4.65349010121096e-05,0.0109774182758631,3.39530969402111e-05,0.00676742814714767,0.00725811629103109,0.000154097811691114,0.101052666713219,0.000128798205000073,0.0143782702194946
0,0,0,0,0,0,0,0,0,0,0,0,0,0,0,0,3.1800671931134e-05,1.73904925151148e-05,0.00145128276715591,0,0,0,0,0,0,0,0,0,0,0,0,0,0,0,0,6.05024519159279e-06,0,2.75185181503683e-06,0,0.00240369016910016,0.000167783199443065,0.000250397084903786,0,0,0,0.000571693504010505,0,0,0,0.000240812612513769,0,0,0,0,0,0,0,0,0,0,0,0,6.08747484442083e-05,0,0,0,0,0,0,0,0,0,4.07164868518098e-05,0,0,0,0,0,9.57873371201925e-05,4.08823104941676e-06,7.42802702150162e-05,0,7.06950744222336e-06,0,0.000369026487756447,0.00084966401536736,0
0,0,0,0,0,0,0,0,0,0,0,0,0,0,0,0,4.12558400748935e-06,0,0,0,0,0,0,0,0,0,0,0,0,0,0,0,0,0,0,0,0,0,0,0,0.00094019031618945,0,0.00112973915165191,0,0,0,0.000333759396221411,0,0,0,0,0,0,0,0,0,0,0,0,0,0,0,0,9.38006787852244e-05,0,0,0,0,0,0,0,0,0,0,0,0,0,0,0,7.17294921078234e-05,0,5.40713210665003e-06,3.85809761616594e-05,0,7.74899487860474e-05,0,0
0,8.47672952734715e-05,0,0.00144833224810746,0,0,0,0,6.10752801327659e-06,0,0,0,0,0,0,0,0.000428543058897188,0.000401810331842826,0.012971211519092,2.83894255128231e-05,0,0,0,0,0,0,0,0,0,0,0,0,0,0,0,0.000237231764306125,0,0.000202029532856221,0,0.0175378815033554,0.000230608730904039,0.00865719242272996,6.47183755210048e-05,0.000571693504010505,0,0,5.98655503920753e-05,0,0,3.64640314999261e-05,0,0,0,0,0,0,1.29356261782817e-05,0.000402666212093168,0,0,0,0,0.045382515918799,0,0,0,0,0,0,0,0,0,0.0031039099844928,0.000116610726655043,0,0,0,0,0.00586061185028602,2.33408624379648e-05,0.00721492726414588,0,0.000289239860045228,0,0.0209432536467658,0.000744495993175024,4.00787556445832e-05
0.000399039449920874,0,0.000348639402753914,0,0,0,0,0,3.28504268669325e-05,0,6.56022036731705e-05,0,0,0,0,0,0.000677399577880531,0.000479637542783623,0.006419376847635,0,7.77565336387539e-05,0,0,0,0,0,0,0,0,0,0,0,0,0,0,0,0.000205847988910834,0,2.11784063627521e-05,0.000107192925834583,0.0121813680297876,0.000219381530087191,0.0030943459978687,0,0.000333759396221411,5.98655503920753e-05,0,0,0,0.000297958407414946,0,0,0,0,4.18224265746227e-05,0,0.000160675272192144,0,0,0,0,0,0,0.0440102499394887,0,0,0,0,0,0,0,0,9.00742836364707e-06,0.000964579475999677,0,0,0,0,1.31837986302666e-05,0.00391128491610944,1.33195835691672e-05,0.0021528784704112,0.00073393796377545,0,0.00936897393629139,1.84134172037925e-05,0.000155515951329044
0.000140154696569935,2.64962179027171e-05,0,0,0,0,0,0,1.56634868136112e-05,0,0,0,0,0,0,0,0,0,7.62381549421144e-06,0,0,0,0,0,0,0,0,0,0,0,0,0.0672357763495833,0.0756731820675815,0.0545266934798244,0.0529056683414708,0.00104605046270878,0.000635389269677425,0.00841583470021067,0.00288605184041054,0.00128116025988546,0,0.0799553149231631,0.0938662893403693,0,0,0,0,0,0.0371898537147816,0.2016403833819,0,0,0,0,0,0,0,0,0,0,0,0,0,0,0,0,0,0,0,0,0,0,0,0,0.0420104633922253,0.0225516206005529,0.0244681407784004,0.00986920782749189,0.0105996980336314,0.00366205964637836,0.00311700789080297,0.000938876258594846,0.0105524127931557,0.000184000784104201,0.0161253696538668,0,0
0.00367680450289457,0,0.00542799504446962,0,0,0,0,0,0.00124085610671359,0,0,0,0,0,0,0,1.79066954344247e-05,0,0.000206609120866355,0,0,0,0.00553324397465524,0,0.00133822453964197,0,0,0,0,0,0,0,0.000148260529490037,8.48137494225982e-05,0.000456501119822957,0,4.26633180525694e-05,0,0.00201921082422782,0,0.00588390159793111,6.58158124922728e-05,0.0107161966179197,0,0,0,0,0.0371898537147816,0,0.0125512214076276,0,0,0,0,0.00369977689522909,0,0.00124039263565543,0,0,0,0.00135683363759839,0,0,0,0,0.0100809027383619,0,0.0240181569760597,0,0.000375983939020521,0,0.00188479832099625,0,0.00482494115006863,0,0,0,0.00130727397014495,1.51257304121448e-06,0.000559739519499614,3.72139851319178e-06,0.00369809585725464,0.00137723481099879,5.52224822698279e-05,0.0188495115895642,0,0.000173061917088402
9.4502075775021e-05,0.00330220628599139,0.000102918535886567,0.00539813163484715,0.000874081433288475,0,0,0,0,2.115708486268e-05,0,0,0,0,0,0,0,0,0.000529566205330092,0,0,0.000543887823328665,0,8.98214029591378e-05,0,0,0,0,0,0,0,0,0.00122615778949735,0,4.03893788046986e-05,0.000141555293839943,5.2905558385403e-05,0.00113885637517851,0,0.0287532409211311,2.24378694968332e-05,0.0229858570194062,3.13880417302107e-05,0.000240812612513769,0,3.64640314999261e-05,0.000297958407414946,0.2016403833819,0.0125512214076276,0,0,0,0,0,0.0001167098962988,0,0,0.000957006531259929,0,0,0,0.00119895114876226,0,0,0.000470329876935799,0,0.000200957922172994,0,0.00545972547712373,0,0.00224908984803979,0,0.00566856705430698,0,0.00022885776714719,0,0.00204576119529625,5.69867136696468e-05,0.0055389278010699,1.1469450976383e-05,0.00582128907475232,0,0.000974656602591197,0,0.0266419657892246,0.000491478727298058,0
0,0,0.000154316342281809,0,0,0,0,0,0,0,0,0,0,0,0,0,0,0,0,0,0.00619810449354573,0,0,0,0,0,0,0,0,0,0,0,0,0,0,0,4.20349586905931e-06,0,0,0,0,0,0,0,0,0,0,0,0,0,0,0,0,0,0,0,0.00940457026588196,0,0.000292732832115683,0,0,0,0,0.00319137053900449,0,0,0,0,0,0,0,0,0,0,0,0,0,0,0,5.10981158719274e-06,0,0,3.70183670703025e-05,0,0.0077098401467081,0,0
0,0,0,0.00972786496485466,0,0.0399869874745419,0,0,0,0,0,0.00134060692709997,0,0,0,0,0,0,0,0.00162301972003751,0,0,0,0,0,0,0,0,0,0,0,0,0,0,0,0,0,0,0,0,0,0,0,0,0,0,0,0,0,0,0,0,0,0.0140224562341564,0,0,0,0.0125199501757557,0,0,0,0,0.000296977121403949,0,0,0,0,0,0,0,0,0,0,0,0,0,0,0,0,0,0,0,0.00172496869796129,0.000151343117088977,0.000609023947481047,0,0
0,0,0,0,0,0,0.000829641833291832,0,0,0,0,0,0.000484412819267688,0,0,0,0,0,0,0,0,0,0,0,0,0,0,0,0,0,0,0,0,0,0,0,0,0,0,0,0,0,0,0,0,0,0,0,0,0,0,0,0,0,0,0,0.0126031867724866,0,8.72000112127121e-05,0,0,0,0,0,0,0,0,0,0,0,0,0,0,0,0,0,0,0,0,0,0,0,0,0,0,0,0
0,0,0,0,0,0.0125938772398004,0,0.0235690208839652,0,0,0,0.00110993216514056,0,0,0,0,0,0,0,0.0058660866648471,0,0,0,0,0,0,0,0,0,0,0,0,0,0,0,0,0,0,0,0,0,0,0,0,0,0,0,0,0,0,0,0.0140224562341564,0,0,0,0,0,0.0422993350996449,0,0.00131790193149507,0,0,0,0,0,0,0,0,0,0,0,0,0,0,0,0,0,0,0,0,0,0,0.000759498969786359,0,0,0,0
0.0405384256045293,0,0.00197732705059724,0,0.00043430621620059,0,0,0,0.0904266585228643,0,0,0,0,0,0.000162509554711379,0,0.00270862805590674,0.000127475148924374,4.38083220732077e-05,0,0.0067889516129243,0,0,0,0.00509385384301213,0,0,0,0,0,0,0,0,0,0,0,0.000125363995688061,0,0.000561004507836772,0,0.000110592785878386,0,0.00121161440425306,0,0,0,4.18224265746227e-05,0,0.00369977689522909,0.0001167098962988,0,0,0,0,0,0,0.000130126906694767,0,0.000149622372646596,0,0.0731037203019643,0,0,0.0028206148206146,0,0,0,0.0152918387856466,0,0.00269698789349072,0,0,0,0.00019658662574876,0,0,0,0,0,2.43734118824957e-05,0,0.00137471987862606,0.000598471379578236,0,0.0109526303214957,0,0
0,0.0250670273981593,0,0.00118440817704088,0,0,0,0,0,0.102487700582266,0,0,0,0,0,0.0138147476996742,0,0,5.90106755689689e-05,0,0,0,0,0.0109386271257201,0,0,0,0,0,0,0,0,0,0,0,0,0,0.000798368288895554,0,0,0,0.000693991489640832,0,0,0,0,0,0,0,0,0,0,0,0,0,0,0,0,0,0,0,0.00817393182667736,0,0,0,0,0.102299899012653,0,0,0,0,0,0,0,0,0,0,0,0,0,0.00393027726730669,0,6.44312813076698e-05,0,0.00228003268608634,0,0
0.000584734479847699,0,0.00159270537154759,0,0.000231908713816317,0,0.00139082047870762,0,1.30320046660076e-05,0,0.093610765384842,0,0.00674561291310559,0,0,0,0.000105367977915604,0,0.00047543872447351,0,0.022370027413936,0,0,0,0,0,0,0,0,0,0.00219456114837966,0,0,0,0,0,0.00215484903043689,0,0.0123290369492289,0,0.00123154329075298,0,0.0255615087252628,0,0,1.29356261782817e-05,0.000160675272192144,0,0.00124039263565543,0,0.00940457026588196,0,0.0126031867724866,0,0.000130126906694767,0,0,0,0.00886710042523886,0,0,0,0,0.0080525201896744,0,0,0,0,0,0,0,0.00139750776577574,0,0.0646318709205936,0,0,0,0,3.84935164254321e-06,6.09217994828453e-05,0,0.00107381216407423,0.00148359655675638,0,0.0301051804172941,0,0.00224539361957846
0,0.00380136174990632,0,0.00531188395481017,0,0.0163499459414231,0,0.00589871818445072,0,7.53733428795656e-05,0,0.217733272005448,0,0.00379232413358515,0,0,3.47568745393684e-06,1.06687824656766e-05,0.000502170922987086,0.0635521706258782,0,0,0,0,0,0,0,0,0,0.00342535973411909,0,0,0,0,0,0.00122165139178345,0,0.0126822982815179,0,0.000144129173218162,0,0.00915099258364254,0,0,0,0.000402666212093168,0,0,0,0.000957006531259929,0,0.0125199501757557,0,0.0422993350996449,0,0,0,0,0,0.0122747388850439,0,0.000268264912489955,0.0384915801650317,0,0,0,6.46275390742699e-05,0,0,0,0.00617400728050265,0,0.051136532332185,0,0,0,0,0,7.85524724266277e-06,0,3.68909741188265e-05,0,0.00142724706724987,0,0.0156621700685734,0.0013337516553885,0
2.6933933250893e-05,0,0.00158017238138404,0,0,0,0.0160741851247838,0,0,0,0.03449830671564,0,0.0134651484341659,0,0.0133631632646927,0,0,0,0,0,0,0,0,0,0,0,0,0,0.000125210743868615,0,0,0,0,0,0,0,0,0,0,0,0,0,0,0,0,0,0,0,0,0,0.000292732832115683,0,8.72000112127121e-05,0,0.000149622372646596,0,0.00886710042523886,0,0,0,0.000501059105317281,0,0,0.000116572044818245,0,0,0,0,0,0,0,0.000824690195347904,0,0.000395839563656311,0,0,0,0,0,0,0,0,0.000104084432498745,0,0.00162652068504292,0,0
0,0.000125963033172012,0,0.0132840916437551,0,0.000258907382421987,0,0.00471054916696692,0,0,0,0.0183335024345804,0,0.113475208372471,0,0,0,0,0,0,0,0,0,0,0,0,0,0.00012013830682619,0,0,0,0,0,0,0,0,0,0,0,0,0,0,0,0,0,0,0,0,0,0,0,0,0,0.00131790193149507,0,0,0,0.0122747388850439,0,0,0,0,0,0,0,0,0,0,0,0,0.00348088294212845,0,0,0,0,0,0,0,0,0,0,0,0.00183280772622303,0.000261771918293485,2.81676183645464e-05,0,0
0.0147989013434396,0,0.000660062751730736,0,0,0,0,0,0.0240398513383981,0,0,0,0,0,0.019666674952489,0,0.000223668278254139,0,0,0,0,0,0,0,0,0,0,0,0,0,0,0,0,0,0,0,0,0,0,0,0,0,0,0,0,0,0,0,0.00135683363759839,0,0,0,0,0,0.0731037203019643,0,0,0,0.000501059105317281,0,0,0,0,0,0,0,0,0,0,0,0,0.00326077057882843,0,0.00147249368806719,0,0,0,0,0,0,0,0,3.36367555151458e-05,0,0.000149261321335031,0,0
0,0.0202358895748957,0,0.0163983203214762,0,0,0,0,0,0.00246774048663297,0,0,0,0.000827662319352385,0,0.0166767630306149,0,0,0,0,0,1.08755065377926e-05,0,0.00269836544375396,0,0,0,0,0,0,0,0,0,0,0,0,0,7.115612190946e-06,0,8.7896639386699e-05,0,1.29803843317442e-05,0,0,0,0,0,0,0,0.00119895114876226,0,0,0,0,0,0.00817393182667736,0,0.000268264912489955,0,0,0,0,0,0,0.000110337384059834,0,0.00518323378162244,0,0.00356656232719328,0,1.2473206942207e-05,0,0.000279745091418902,0,0,0,0,0,0,0,3.81972393393706e-05,0,4.63057267552358e-06,0,0.00120415341249505,0,0
0,8.96172547853406e-06,0,0.00188330676032046,0,3.41514099214818e-05,0,0,0,0,0,0.0125733545236854,0,0,0,0,7.67628242616193e-05,1.4567253869206e-05,0.0020968005941977,0.075156373025574,0,0,0,0,0,0,0,0,0,0,0,0,0,0,0,0.0133501776278856,0,0.0052333258303399,0,0.00180426883289513,0,0.010356058875395,1.12086048715247e-05,6.08747484442083e-05,0,0.045382515918799,0,0,0,0,0,0.000296977121403949,0,0,0,0,0,0.0384915801650317,0,0,0,0,0,0,0,0,0,0,0,0,0,0,0.00867362322012818,0,0,0,0,0,0.0060730153769524,7.70064998262938e-07,0.0146939102953422,0,0.00276125678635353,0,0.0390779078611631,0.000204605913538413,0
1.37573666903928e-05,0,2.70215323241534e-05,0,0.0014134283754027,0,0,0,0,0,0.0274157084940949,0,0,0,0,0,0.000105910570337335,0.00012362735508607,0.00154166646349391,0,0.0293726315896438,0,0,0,0,0,0,0,0,0,0,0,0,0,0,0,0.0190979221724017,0,0.00251231243034575,0,0.00128065384413588,3.2871219054535e-05,0.00618897443773258,0,9.38006787852244e-05,0,0.0440102499394887,0,0,0,0.00319137053900449,0,0,0,0.0028206148206146,0,0.0080525201896744,0,0.000116572044818245,0,0,0,0,0,0,0,0,0,0,0,0,0,0,0.010463600407522,0,0,0,0,0,0.0125029866031859,0,0.00667246346256554,0.00120533167102624,3.68397159473453e-06,0.0219137629865088,0,0.000348417699615451
0,0,0,0,0,0,0,0,0,0,0,0,0,0,0,0,0,0.000829090414573724,0,0,0,0.112581238231004,0.000108318265690416,0.00472991411540016,0,0.0120252103003129,0,0.00245107337606907,0,0,0,0,0,0,0,0,0,0.0266262012724846,0,0,0,0,0,0,0,0,0,0,0,0.000470329876935799,0,0,0,0,0,0,0,0,0,0,0,0.000110337384059834,0,0,0,0,0.0211507722807536,0,0.00455091201163089,0,0.00448057460867165,0,0,0,0,0,0,0,0,0,0.00442400785309474,0,0.00277321111424893,0.000377792314270161,0,0,0
0,0,0,0,0,0,0,0,0,0,0,0,0,0,0,0,0.000146169827291303,0,0,0,0,0.00156368416912142,0.171041450941512,0,0.00862938662679735,0,0.000261970309709735,0,0.00184903331760798,0,0,0,0,0,0,0,0,0,0.0122624296825842,0,0,0,0,0,0,0,0,0,0.0100809027383619,0,0,0,0,0,0,0,0,0,0,0,0,0,0,0,0,0,0,0.00225986360345986,0,0.0103740564223354,0,0.00974876077479225,0,0,0,0,0,0,0,0,0,0.0048931946568422,0.00708931904832608,0.000470064197569417,5.36444001674843e-05,0,0
0,0.00618439232926499,0,0.00165050867212705,0,0,0,0,0,0.0208828320063951,0,0,0,0,0,0.00486496598773604,0,0,3.1386448629593e-05,0,0,0.00631772187147279,0,0.108855641138716,0,0.00870565672725799,0,0,0,0,0,0,0,0,0,0,0,0.00671517601580533,0,0,0,6.04242132072781e-05,0,0,0,0,0,0,0,0.000200957922172994,0,0,0,0,0,0.102299899012653,0,6.46275390742699e-05,0,0,0,0.00518323378162244,0,0,0.0211507722807536,0,0,0,0.015294636075733,0,0.000562306222400106,0,0.000190474067674945,0,0,0,0,0,0,0,0.00600372360740389,0,0.0001152849570776,0,0.00138476268201097,7.2836874721002e-05,0
0,0,0,0,0,0,0,0,0.00164438862209221,0,0,0,0,0,0,0,0,0,0,0,0,0,0.000236617468574876,0,0.151125706649521,0,0.0116381085088671,0,0,0,0,0,0,0,0,0,0,0,0.00576853740114536,0,0,0,1.68324838874586e-05,0,0,0,0,0,0.0240181569760597,0,0,0,0,0,0.0152918387856466,0,0,0,0,0,0,0,0,0,0,0.00225986360345986,0,0,0,0.0278299453145055,0,0.00014095116831684,0,0,0,0,0,0,0,0,0,0.00370243921617175,0.000133725449088214,0,0.00218037104774364,0,0
0,0,0,0,0,0,0,0,0,0,0,0,0,0,0,0.00130440692606628,0,0,0,0,0,0.00167591951492844,0,7.4589659945788e-05,0,0.0335781049544452,0,0.0124539310007727,0,0,0,0,0,0,0,0,0,8.25653065729577e-05,0,0,0,0,0,0,0,0,0,0,0,0.00545972547712373,0,0,0,0,0,0,0,0,0,0,0,0.00356656232719328,0,0,0.00455091201163089,0,0.015294636075733,0,0,0,0.00495956300276007,0,0.000349584901830231,0,0,0,0,0,0,0,9.4326875234077e-05,0,0.00035069361494462,1.36340706131625e-06,0.000640989989562471,0,0
0.000611904343936001,0,0,0,0,0,0,0,0.000242599593874876,0,0,0,0,0,0,0,0.000930389865202557,0,0,0,0,0,0.00230436803813228,0,0.000388281649347806,0,0.0278424834416642,0,0,0,0,0,0,0,0,0,0,0,0,0,0,0,0,0,0,0,0,0,0.000375983939020521,0,0,0,0,0,0.00269698789349072,0,0,0,0,0,0,0,0,0,0,0.0103740564223354,0,0.0278299453145055,0,0,0,0.00627846175444352,0,0,0,0,0,0,0,0,0,0,0.000142384617412049,0,0,0,0
0,0.0013568198820541,0,0,0,0,0,0,0,0,0,0.00205674936211416,0,0.00266879354290441,0,0.000707682169466183,0,0,0,0,0,0.000299287157843829,0,0,0,0.00687055879721658,0,0.0734813379489724,0,0.0656388262574664,0,0,0,0,0,0,0,0.000112724680219642,0,0,0,3.45058107026944e-05,0,0,0,0,0,0,0,0.00224908984803979,0,0,0,0,0,0,0,0.00617400728050265,0,0.00348088294212845,0,1.2473206942207e-05,0,0,0.00448057460867165,0,0.000562306222400106,0,0.00495956300276007,0,0,0,0.000507963197965018,0,0,0,0,0,0,0,0.000140481169355602,0,0.00129227561972926,0.000102667942003826,0.00026098337013649,0,0
0,0,0,0,0,0,0,0,0,0,0,0,7.60213024044278e-05,0,0,0,0.000354442088970486,0,0,0,0,0,0.00374615028792074,0,6.5528649429325e-05,0,0.0323698986216405,0,0.0185998378185854,0,0.000236132654415295,0,0,0,0,0,0,0,0.00207019141866159,0,0,0,0,0,0,0,0,0,0.00188479832099625,0,0,0,0,0,0,0,0.00139750776577574,0,0.000824690195347904,0,0.00326077057882843,0,0,0,0,0.00974876077479225,0,0.00014095116831684,0,0.00627846175444352,0,0,0,0.000447272093124667,0,0,0,0,0,0,0,0.00392972624128543,0.00319934702803976,0.000294502451168967,1.06802384913949e-05,0,0
