0,0,13.9137241552164,0,33.2721099853516,0,0,0,9.20625232756138,0,0,0,0,0,0,0,42.2684478759766,40.1562995910645,13.9264151219166,0,0,0,0,0,0,0,0,0,0,0,0,0,0,0,0,0,56.3123715718587,0,12.2683737277985,0,30.6239819960161,0,16.0200723191828,0,0,47.8603248596191,18.8474452972412,0,7.39492447250768,97.1643829345703,0,0,0,0,10.2432391359693,0,16.1980235135114,0,13.0447342119719,0,13.1589207184024,0,64.392448425293,0,0,0,0,16.26930809021,0,0,0,0,0,26.6090408124422,0,0,0,0,0,45.614027187742,0,31.1012927223654,18.0955045499899,0,13.6403964463073,0,16.0070424079895
0,0,0,15.8534433465255,0,8.64423608779907,0,0,0,6.93151325132789,0,0,0,0,0,0,0,31.1568813323975,12.4113154062411,0,0,0,0,0,0,0,0,0,0,0,0,0,0,0,0,59.046573638916,0,0,0,32.713836034139,0,19.6483106619046,0,0,0,36.1439342498779,61.7926807403564,0,0,8.15734723002412,0,0,0,0,0,5.84606674739293,0,16.1588455736637,0,15.0270842469257,0,8.42159129155649,25.255708694458,0,0,0,0,0,0,0,43.1976661682129,0,27.2069948369806,0,0,0,0,0,46.6659609476725,99.2008819580078,32.1025531768799,0,15.3188397417363,0,14.9320358373193,11.9932732093029,0
13.9137241552164,0,0,51.1855953216553,13.2276069615338,0,0,0,6.52340224385262,0,0,0,0,0,0,0,0,0,41.0120004766128,0,0,0,0,0,0,0,0,0,0,0,0,0,0,0,0,30.764856338501,26.0178797321935,0,0,0,31.6474162207709,72.921070098877,24.0791636980497,0,0,0,22.7469425201416,34.5193500518799,22.5534843650915,59.691930658677,9.00721529232604,61.9999173482259,0,0,3.65338211793166,63.8365631103516,11.2704738664627,67.5876007080078,6.06350195407867,58.0206089019775,2.72976171970367,0,0,32.42236328125,0,0,0,0,0,0,0,0,75.4432708740234,30.8436531398607,0,0,0,0,68.3230361938477,27.3593274525234,0,67.7255783081055,23.1724454342331,0,24.2793161681752,0,20.5828959147135
0,15.8534433465255,51.1855953216553,0,77.5764083862305,8.77073456535877,0,0,0,9.6979004246848,0,0,0,0,0,0,96.3614540100098,64.9528274536133,60.5240961710612,6.12346124649048,0,0,0,0,0,0,0,0,0,0,0,0,0,0,0,35.0853486537933,102.25594329834,0,0,37.8697141346179,46.3566997234638,26.5135617158851,71.0783596038818,25.2857704162598,0,36.3661348342896,64.3178535910214,0,119.624507904053,11.5269191239607,0,9.31580422354526,0,0,0,6.63255083560944,65.2658367156982,16.7190410822965,0,5.65331330521162,0,6.10860639313857,26.4396314620972,61.1340293884277,0,0,0,0,0,0,30.8443728360263,0,34.1046592679798,73.7663230895996,0,0,0,0,43.0187313821581,74.0455820560455,39.7859415574507,78.3706283569336,18.7393968749901,0,28.0852510546738,19.8531874084473,0
33.2721099853516,0,13.2276069615338,77.5764083862305,0,0,0,0,7.1621363957723,0,0,0,0,0,3.90114501465199,0,0,0,0,0,5.94442610414872,0,0,0,0,0,0,0,0,0,0,0,0,0,0,0,6.32232999801636,0,0,0,50.7143592834473,0,38.3878156488592,0,0,0,38.0483283996582,0,42.4794216156006,67.4750900268555,5.30440783656501,0,0,0,14.5677490234375,0,18.6496345202128,0,0,0,3.67959296703339,0,0,6.39651432158841,0,0,0,0,0,0,0,0,0,0,0,0,0,0,0,9.42212071021398,0,0,16.2841023658884,0,32.8698464393616,0,35.813850402832
0,8.64423608779907,0,8.77073456535877,0,0,0,0,0,6.38237888216972,0,0,0,0,0,0,0,0,0,4.76459250952068,0,0,0,0,0,0,0,0,0,0,0,0,0,0,0,4.75235176086426,0,0,0,0,0,34.4672156742641,0,0,0,0,62.2352161407471,0,0,36.3926210403442,0,4.27731450734564,0,0,0,0,0,28.8079109191895,0,9.67630777359009,0,11.0672062887272,22.0065932273865,0,0,0,0,0,0,0,0,0,43.0349933079311,0,0,0,0,0,11.9455085153933,0,47.5427322387695,0,11.0687813013792,0,9.07247644064417,0,0
0,0,0,0,0,0,0,0,0,0,0,0,0,0,0,0,0,0,0,0,2.94640525182088,0,0,0,0,0,0,0,0,0,0,0,0,0,0,0,2.98126199028709,0,0,0,0,0,0,0,0,0,0,0,0,0,4.16912384466691,0,4.02156687560965,0,0,0,6.52616543873497,0,6.26944208145142,0,0,0,0,3.58767580986023,0,0,0,0,0,0,0,0,0,0,0,0,0,0,0,4.73686647415161,0,0,3.00146449529208,0,0,0,0
0,0,0,0,0,0,0,0,0,0,0,0,0,0,0,0,0,0,0,3.84742403030396,0,0,0,0,0,0,0,0,0,0,0,0,0,0,0,0,0,0,0,0,0,0,0,0,0,0,0,0,0,0,0,7.97352737538955,0,5.18843724177434,0,0,0,9.53866437797863,0,8.77600128437669,0,0,14.304017829895,0,0,0,0,0,0,0,0,0,0,0,0,0,0,0,0,0,0,0,2.85633850097656,0,0,0,0
9.20625232756138,0,6.52340224385262,0,7.1621363957723,0,0,0,0,0,0,0,0,0,4.50687126385964,0,12.8778293351515,35.6002763112386,14.3092956868085,0,0,0,0,0,12.3716222763062,0,7.60471645355225,0,0,0,0,0,0,0,0,0,0,0,9.00281064684798,0,0,0,13.1487146139145,0,0,0,0,0,7.08641916097597,0,6.4581881250654,0,0,0,8.13075740864726,0,0,0,30.7985343933105,0,5.09327749011798,0,0,0,0,0,0,19.0938054991931,0,0,0,0,0,33.1296820640564,0,0,0,0,0,0,0,0,17.2572576422941,0,12.1463539062307,0,8.20720545450846
0,6.93151325132789,0,9.6979004246848,0,6.38237888216972,0,0,0,0,0,0,0,0,0,3.85555672028485,0,2.95507992230929,23.7167290774259,0,0,25.8733399709066,0,5.42727111392934,0,3.56124679722003,0,0,0,0,0,0,0,0,0,0,0,7.15860970630202,0,0,57.4376640319824,15.556800627998,0,0,0,39.0297698974609,0,0,0,15.2579370996226,0,9.52325287043491,0,0,0,7.2709318595946,0,0,0,7.92856191186344,0,5.97010447749172,0,0,0,0,11.478838469236,0,3.23500860139225,0,48.3062477111816,0,47.242546081543,0,0,0,0,0,56.4720344543457,93.8598327636719,11.8854597806931,0,12.0717540879607,0,9.89516357363087,4.50474662780762,0
0,0,0,0,0,0,0,0,0,0,0,0,3.84415370576522,0,0,0,0,0,0,0,4.12175287635365,0,0,0,0,0,0,0,0,0,4.17329050027407,0,0,0,0,0,3.01078339985439,0,4.29461572948656,0,0,0,0,0,0,0,0,0,0,0,7.56497764587402,0,0,0,0,0,6.09542715510921,0,5.2422931042824,0,0,0,0,4.66661330338182,0,0,0,0,0,0,0,3.64270350512336,0,5.87466377152337,0,0,0,0,0,4.31717709132603,0,7.62956288337708,3.22611074137494,0,0,0,0
0,0,0,0,0,0,0,0,0,0,0,0,0,2.86796458562215,0,0,0,0,0,3.5321013768514,0,0,0,0,0,0,0,2.84973990917206,0,6.23897559788762,0,0,0,0,0,4.76002689536291,0,3.49558937426695,0,0,0,0,0,0,0,0,0,0,0,0,0,9.35578870773315,0,0,0,0,0,6.53983907784193,0,3.35213422278563,0,0,3.78785444373515,0,0,0,0,0,0,0,2.94851662053002,0,7.10641150170184,0,0,0,0,0,8.00659926487849,0,3.71780514717102,0,3.43880877571721,0,3.19072346389294,0,0
0,0,0,0,0,0,0,0,0,0,3.84415370576522,0,0,0,0,0,0,0,0,0,0,0,0,0,0,0,0,0,0,0,0,0,0,0,0,0,0,0,0,0,0,0,0,0,0,0,0,0,0,0,0,0,0,0,0,0,8.40601760593813,0,4.00712905680468,0,0,0,0,0,0,0,0,0,0,0,0,2.74283248186111,0,0,0,0,0,0,0,0,0,0,2.95170412744795,0,0,0,0
0,0,0,0,0,0,0,0,0,0,0,2.86796458562215,0,0,0,0,0,0,0,0,0,0,0,0,0,0,0,0,0,0,0,0,0,0,0,0,0,0,0,0,0,0,0,0,0,0,0,0,0,0,0,0,0,0,0,0,0,0,0,3.08799740156585,0,0,0,0,0,0,0,0,0,0,2.8016836643219,0,0,0,0,0,0,0,0,0,0,0,3.02857474948085,2.85371808572249,0,0,0
0,0,0,0,3.90114501465199,0,0,0,4.50687126385964,0,0,0,0,0,0,0,0,0,0,0,0,0,0,0,0,0,8.67016220092773,0,0,0,0,0,0,0,0,0,0,0,0,0,0,0,0,0,0,0,0,0,0,0,5.35993402004242,0,0,0,5.54216521647241,0,0,0,5.57139277458191,0,3.90661227906523,0,0,0,0,0,0,0,0,0,0,0,0,0,0,0,0,0,0,0,0,0,3.01370532057259,3.05105753889624,0,0,0
0,0,0,0,0,0,0,0,0,3.85555672028485,0,0,0,0,0,0,0,0,0,0,0,0,0,0,0,0,0,0,0,0,0,0,0,0,0,0,0,0,0,0,0,0,0,0,0,0,0,0,0,0,0,0,0,0,0,4.6685108145078,0,0,0,4.72906446456909,0,3.91762618223826,0,0,0,0,0,0,0,0,0,0,0,0,0,0,0,0,0,0,0,0,3.06372847380462,2.86408976146153,0,0,0
42.2684478759766,0,0,96.3614540100098,0,0,0,0,12.8778293351515,0,0,0,0,0,0,0,0,20.3471552429052,20.5201167459949,0,0,0,20.4365562597911,0,2.96031808853149,0,9.36304851770401,0,0,0,0,0,0,139.396331787109,0,90.1058451334635,86.8631834983826,0,0,67.8459934299275,58.8928294059558,59.3799425193242,49.7817767994516,97.5195083618164,46.6517111460368,61.2906681114519,55.6151934099627,67.4558334350586,0,54.1515710618761,57.4402542114258,90.8879165649414,0,0,2.75230741500854,55.804801940918,73.028874206543,71.52423731486,0,0,0,84.0390777587891,69.6261032233804,0,0,0,0,0,0,2.86252331733704,71.9369964599609,0,56.7089217214873,50.6789964211954,0,0,0,0,74.9198433313614,81.2006477209238,60.7205945795233,60.7887967427572,14.1715803647231,5.62181907800528,57.6722080936635,55.5367981837346,46.8923755735159
40.1562995910645,31.1568813323975,0,64.9528274536133,0,0,0,0,35.6002763112386,2.95507992230929,0,0,0,0,0,0,20.3471552429052,0,18.9412639942965,0,0,3.02513677733285,0,3.67380270503816,0,4.1779948870341,36.9730749130249,0,0,0,0,0,0,0,0,99.2099787394206,0,0,0,65.94610765818,72.5601938924482,48.8529218243014,61.9663489285637,62.2689155578613,0,59.8272000967738,58.4839495849609,0,61.7777709960938,55.3136126200358,0,46.3676338195801,0,0,0,0,79.9534606933594,39.9622124565972,0,0,0,0,71.8578876666169,54.4731140136719,3.00681265195211,0,4.63507640361786,0,6.64477181434631,0,0,0,48.6368341667708,58.6745522442986,0,0,0,0,76.6982590170468,85.0020747551551,64.4310874938965,72.6761542426215,14.0508152343023,3.86067653179169,56.8649049230141,46.4782177504673,64.7183024088542
13.9264151219166,12.4113154062411,41.0120004766128,60.5240961710612,0,0,0,0,14.3092956868085,23.7167290774259,0,0,0,0,0,0,20.5201167459949,18.9412639942965,0,0,0,0,36.5665721893311,0,0,0,0,0,0,0,0,0,0,77.2894134521484,0,74.0097857713699,75.5042958823583,79.2809791564941,95.6923751831055,48.4791256398485,50.1997355132544,24.922354962099,29.8599651713784,18.4730137704124,29.6821753034052,45.6492771148682,44.7964414324079,80.9012009756906,37.7398983804803,53.0651337570614,0,60.6888084411621,0,0,0,0,42.0000689188639,42.4833183288574,30.1126909255981,38.9332275390625,0,50.983865737915,58.9673762169058,55.4046982213071,0,0,0,0,0,0,43.469518661499,0,47.0499363785798,39.220191705947,0,74.4710655212402,91.0470523834229,81.5198669433594,59.797584385119,63.6180202522255,50.4456070867078,52.8033868880499,14.3228875477009,0,41.2503987821806,30.9696051480448,31.8207163978041
0,0,0,6.12346124649048,0,4.76459250952068,0,3.84742403030396,0,0,0,3.5321013768514,0,0,0,0,0,0,0,0,0,0,0,0,0,0,0,0,0,0,0,0,0,0,0,4.76966491679555,0,3.11687594021068,0,0,0,0,0,0,0,12.1343870162964,0,0,0,0,0,0,0,0,0,0,0,5.64197192408822,0,0,0,0,4.06635514734105,0,0,0,0,0,0,0,0,0,0,0,0,0,0,0,7.90892324492901,0,0,0,4.00867026975785,0,3.92028536575641,0,0
0,0,0,0,5.94442610414872,0,2.94640525182088,0,0,0,4.12175287635365,0,0,0,0,0,0,0,0,0,0,0,0,0,0,0,0,0,0,0,0,0,0,0,0,0,3.35464478986433,0,3.8928517769959,0,0,0,0,0,0,0,10.4768815040588,0,0,0,6.7913658789226,0,0,0,0,0,3.8630953750225,0,0,0,0,0,0,3.95868416226955,0,0,0,0,0,0,0,0,0,0,0,0,0,0,0,6.23302027951702,0,10.0114658474922,2.83241049809889,0,3.93331419626872,0,0
0,0,0,0,0,0,0,0,0,25.8733399709066,0,0,0,0,0,0,0,3.02513677733285,0,0,0,0,3.24462380011876,10.0245972581812,0,0,0,3.22549877847944,0,0,0,0,0,0,0,0,0,6.19606940161547,0,0,0,0,0,0,0,0,0,19.8663872259635,0,7.89821123153391,0,0,0,0,0,28.6328028270176,0,0,0,0,0,0,0,0,5.16239561956548,2.75184285640717,10.2413947785974,0,10.1104647432055,0,6.62349300606306,0,0,0,0,0,0,0,0,0,11.2389852381485,0,14.7579661715226,0,19.3347034454346,0,0
0,0,0,0,0,0,0,0,0,0,0,0,0,0,0,0,20.4365562597911,0,36.5665721893311,0,0,3.24462380011876,0,0,6.95681719481945,0,2.88419413566589,0,2.85293984413147,0,0,0,0,0,0,0,0,0,4.23278345376465,0,0,0,0,0,0,0,0,0,4.77294034605858,0,0,0,0,0,0,0,0,0,0,0,0,0,0,0,0,5.34466525867547,0,6.19961871820338,0,3.36723963039763,0,2.82434158325195,0,0,0,0,0,0,0,0,0,5.28310103837182,6.63621965770064,0,15.5418753623962,0,0
0,0,0,0,0,0,0,0,0,5.42727111392934,0,0,0,0,0,0,0,3.67380270503816,0,0,0,10.0245972581812,0,0,0,3.5829823824514,0,0,0,0,0,0,0,0,0,0,0,6.25939139023043,0,0,0,0,0,0,0,0,0,0,0,12.8339490890503,0,0,0,0,0,4.43002427004386,0,0,0,0,0,0,0,0,4.86805168320151,0,4.7083361055647,0,3.99427791617133,0,0,0,0,0,0,0,0,0,0,0,6.49230120482484,0,3.9547461685927,0,15.7508685588837,0,0
0,0,0,0,0,0,0,0,12.3716222763062,0,0,0,0,0,0,0,2.96031808853149,0,0,0,0,0,6.95681719481945,0,0,0,4.18492156145524,0,0,0,0,0,0,0,0,0,0,0,6.1086729239085,0,0,0,20.5005865830642,0,0,0,0,26.2398300170898,7.92069473266602,0,0,0,0,0,5.27235814516018,0,0,0,0,0,0,0,0,0,0,5.90946444982215,0,6.38871945468634,0,4.51712580278617,0,0,0,0,0,0,0,0,0,0,0,6.67727337503433,16.3006221961975,0,10.5860568589942,0,0
0,0,0,0,0,0,0,0,0,3.56124679722003,0,0,0,0,0,0,0,4.1779948870341,0,0,0,0,0,3.5829823824514,0,0,0,3.37016773223877,0,0,0,0,0,0,0,0,0,0,0,0,0,0,0,0,0,0,0,0,0,0,0,0,0,0,0,0,0,0,0,4.22698497772217,0,0,0,0,6.83317613601685,0,3.82406377792358,0,3.73182292317235,0,0,0,0,0,0,0,0,0,0,0,0,0,10.244930267334,0,0,0,0
0,0,0,0,0,0,0,0,7.60471645355225,0,0,0,0,0,8.67016220092773,0,9.36304851770401,36.9730749130249,0,0,0,0,2.88419413566589,0,4.18492156145524,0,0,0,2.87695923718539,0,0,0,0,0,0,0,0,0,0,0,0,0,0,0,0,0,0,0,0,0,0,0,0,0,7.7400013923645,0,0,0,0,0,0,0,0,0,0,3.10200565275939,0,0,0,3.41935431957245,0,4.10373342037201,0,0,0,0,0,0,0,0,0,0,14.7986921787262,0,0,0,0
0,0,0,0,0,0,0,0,0,0,0,2.84973990917206,0,0,0,0,0,0,0,0,0,3.22549877847944,0,0,0,3.37016773223877,0,0,0,3.97112294343802,0,0,0,0,0,0,0,3.099773645401,0,0,0,0,0,0,0,0,0,0,0,0,0,0,0,0,0,0,0,0,0,2.85189755966789,0,0,0,0,4.07098868915013,0,0,0,4.61266334851583,0,3.44355372535367,0,0,0,0,0,0,0,0,0,3.18948631936854,0,2.94506752490997,0,0,0,0
0,0,0,0,0,0,0,0,0,0,0,0,0,0,0,0,0,0,0,0,0,0,2.85293984413147,0,0,0,2.87695923718539,0,0,0,4.09946755568186,0,0,0,0,0,0,0,3.4392032623291,0,0,0,0,0,0,0,0,0,0,0,0,0,0,0,0,0,0,0,3.21718160311381,0,0,0,0,0,0,0,0,0,0,3.99562665488985,0,3.74984698328707,0,3.3959604634179,0,0,0,0,0,0,0,3.87272167205811,3.40284338703862,2.95786917209625,0,0,0
0,0,0,0,0,0,0,0,0,0,0,6.23897559788762,0,0,0,0,0,0,0,0,0,0,0,0,0,0,0,3.97112294343802,0,0,0,0,0,0,0,0,0,2.89468655586243,0,0,0,0,0,0,0,0,0,0,0,0,0,0,0,0,0,0,0,9.37855161031087,0,0,0,0,0,0,0,0,0,0,0,0,5.36050483422686,0,5.77372354915343,0,0,0,0,0,0,0,5.71220421791077,0,2.88242936134338,0,0,0,0
0,0,0,0,0,0,0,0,0,0,4.17329050027407,0,0,0,0,0,0,0,0,0,0,0,0,0,0,0,0,0,4.09946755568186,0,0,0,0,0,0,0,0,0,5.07874553386982,0,0,0,0,0,0,0,0,0,0,0,0,0,0,0,0,0,3.98066517885993,0,0,0,0,0,0,0,0,0,0,0,0,0,0,4.59865629105341,0,4.26911607348775,0,0,0,0,0,0,0,4.53971107109733,3.16528034210205,0,0,0,0
0,0,0,0,0,0,0,0,0,0,0,0,0,0,0,0,0,0,0,0,0,0,0,0,0,0,0,0,0,0,0,0,0,3.66461201650756,0,3.86664388997711,0,0,0,0,0,0,0,0,0,0,0,5.07756990067502,0,22.4261236190796,0,0,0,0,0,0,0,0,0,0,0,0,0,0,0,0,0,0,0,0,0,0,0,0,6.52476205225812,0,5.48777071634928,0,6.83235415796033,15.7868032455444,0,0,3.89577231407166,0,0,0,0
0,0,0,0,0,0,0,0,0,0,0,0,0,0,0,0,0,0,0,0,0,0,0,0,0,0,0,0,0,0,0,0,0,0,18.5814303716024,0,7.56702358282207,0,0,0,0,0,0,0,0,0,49.201789855957,7.45731083805521,8.03180887699127,0,0,0,0,0,0,0,0,0,0,0,0,0,0,0,0,0,0,0,0,0,0,0,0,0,0,7.46400577901015,0,6.44182657344001,0,13.9468483228753,0,31.5957260131836,3.48029522895813,0,0,0,0
0,0,0,0,0,0,0,0,0,0,0,0,0,0,0,0,139.396331787109,0,77.2894134521484,0,0,0,0,0,0,0,0,0,0,0,0,3.66461201650756,0,0,7.61802419026693,5.10888129636782,0,6.36500583247765,0,0,0,57.8195571899414,0,0,0,0,0,6.22216354557537,0,10.2669906935222,0,0,0,0,0,0,0,0,0,86.6166763305664,0,0,0,0,0,0,0,0,0,0,0,0,0,0,4.42651504516602,0,5.35874829460413,7.83106199017277,14.5597368031013,0,6.28318669644831,0,11.0791980674711,0,0,0,0
0,0,0,0,0,0,0,0,0,0,0,0,0,0,0,0,0,0,0,0,0,0,0,0,0,0,0,0,0,0,0,0,18.5814303716024,7.61802419026693,0,0,9.39546994797818,0,7.68781826370641,0,0,0,0,0,0,0,0,5.39019339719265,0,0,0,0,0,0,0,0,0,0,0,0,0,0,0,0,0,0,0,0,0,0,0,0,0,0,0,8.15600601712564,0,4.75308528585532,0,19.9542615454076,0,7.65556263923645,6.82989762624105,0,0,0,0
0,59.046573638916,30.764856338501,35.0853486537933,0,4.75235176086426,0,0,0,0,0,4.76002689536291,0,0,0,0,90.1058451334635,99.2099787394206,74.0097857713699,4.76966491679555,0,0,0,0,0,0,0,0,0,0,0,3.86664388997711,0,5.10888129636782,0,0,4.01968383132401,4.84355774747359,0,51.979571501414,115.941947937012,47.9160904657273,0,60.7337551116943,0,48.9094639068995,106.259429931641,9.83012936643498,0,27.24937321923,0,72.7832260131836,0,0,0,0,0,5.02203583407712,0,0,0,0,7.38195156307437,0,0,0,0,0,0,0,0,0,81.3404420216878,0,3.00383375330669,0,6.18992348593108,0,6.07100281195597,7.20868754611825,7.33602178448981,0,6.9119443790438,3.15873183855196,23.5083365440369,50.0415789286296,0
56.3123715718587,0,26.0178797321935,102.25594329834,6.32232999801636,0,2.98126199028709,0,0,0,3.01078339985439,0,0,0,0,0,86.8631834983826,0,75.5042958823583,0,3.35464478986433,0,0,0,0,0,0,0,0,0,0,0,7.56702358282207,0,9.39546994797818,4.01968383132401,0,0,5.87299584471833,0,60.1921470165253,0,50.9747639973958,0,59.4284138679504,106.749980926514,40.6639813243092,24.3688072324957,26.7539593513023,98.1129608154297,38.974193572998,46.5686912536621,0,0,0,0,29.7126409212748,0,0,0,0,0,127.155632019043,6.16790464817555,0,0,0,0,0,0,0,0,115.824559529622,55.6236701965332,0,13.103106411847,0,13.0491446604176,6.99276948042891,7.18843485990905,168.508155822754,9.97979826259613,8.13863545094969,3.12816305160522,20.8668703672621,0,43.5839889526367
0,0,0,0,0,0,0,0,0,7.15860970630202,0,3.49558937426695,0,0,0,0,0,0,79.2809791564941,3.11687594021068,0,6.19606940161547,0,6.25939139023043,0,0,0,3.099773645401,0,2.89468655586243,0,0,0,6.36500583247765,0,4.84355774747359,0,0,2.9508815407753,0,0,4.59535056611766,0,0,0,21.4045271873474,0,6.39727867397145,0,7.34434118046857,0,0,0,0,0,12.0706220514634,0,3.54196102760698,0,0,0,0,4.60505787949813,0,5.58489279874733,0,8.7750614465986,0,0,0,5.43149707849743,0,2.9230363491254,0,0,0,6.84121542069518,0,9.65523717890538,0,5.66845888889727,2.96223402023315,5.47972960405279,0,4.75198809111991,0,0
12.2683737277985,0,0,0,0,0,0,0,9.00281064684798,0,4.29461572948656,0,0,0,0,0,0,0,95.6923751831055,0,3.8928517769959,0,4.23278345376465,0,6.1086729239085,0,0,0,3.4392032623291,0,5.07874553386982,0,0,0,7.68781826370641,0,5.87299584471833,2.9508815407753,0,0,0,0,8.25618455626748,0,0,0,33.2353851318359,6.49805311682802,6.29306885168398,0,0,0,0,0,13.6321862459183,0,3.68508609911291,0,0,0,0,0,0,4.46516744792461,0,5.33421413431113,0,7.5337160045176,0,11.9454601727999,0,3.9504339835223,0,4.22507858276367,0,36.8519821166992,0,10.7798944928429,0,9.64414152992636,0,5.72087464662665,4.40594679690804,0,6.17520950858436,0,0
0,32.713836034139,0,37.8697141346179,0,0,0,0,0,0,0,0,0,0,0,0,67.8459934299275,65.94610765818,48.4791256398485,0,0,0,0,0,0,0,0,0,0,0,0,0,0,0,0,51.979571501414,0,0,0,0,50.5428763628006,19.8402743399062,74.5425262451172,33.5090151794197,0,22.6209624910486,82.1576315072867,6.7527894790356,12.6181682773999,6.9317278058416,0,49.3937244415283,0,0,0,0,0,70.0086994171143,0,39.6010131835938,0,0,10.0194600746584,52.9369430541992,0,0,0,0,0,0,0,0,58.7774456787109,98.4861221313477,0,0,0,0,18.9025964830921,109.003294771368,57.3299907235538,75.365592956543,48.8880823696361,0,15.808099454598,26.4797707753522,90.995964050293
30.6239819960161,0,31.6474162207709,46.3566997234638,50.7143592834473,0,0,0,0,57.4376640319824,0,0,0,0,0,0,58.8928294059558,72.5601938924482,50.1997355132544,0,0,0,0,0,0,0,0,0,0,0,0,0,0,0,0,115.941947937012,60.1921470165253,0,0,50.5428763628006,0,63.6300434536404,20.5574966817042,0,32.7606051518367,73.6401668548584,13.262255689223,12.7781040668488,7.95748588659397,20.8185193893757,0,49.7072410583496,0,0,0,0,45.2885699801975,53.0768356323242,0,48.2643394470215,0,0,93.3340148925781,7.87741510726904,0,0,0,0,0,0,0,0,91.5494867960612,52.7902255148258,0,0,0,0,103.71440410614,22.1002476182107,95.0453567504883,61.157735487994,47.4714592653623,0,13.3175122207529,58.8711306254069,25.9227076939174
0,19.6483106619046,72.921070098877,26.5135617158851,0,34.4672156742641,0,0,0,15.556800627998,0,0,0,0,0,0,59.3799425193242,48.8529218243014,24.922354962099,0,0,0,0,0,0,0,0,0,0,0,0,0,0,57.8195571899414,0,47.9160904657273,0,4.59535056611766,0,19.8402743399062,63.6300434536404,0,12.4271094986562,14.9972389765035,0,25.4658921137452,82.7903831005096,24.4281749175145,0,16.3060656218939,0,38.5935245676244,0,0,0,29.6338758468628,54.5231227874756,20.1316385355863,0,28.3531804645763,0,32.0737033746181,25.5083927866666,0,25.0679168701172,0,15.9105766296387,0,0,0,17.6503283060514,0,20.3372141024646,70.7414064407349,0,0,64.8963108062744,0,28.2833711120616,93.2690259760076,40.5155156850815,0,12.2549559101342,0,13.2091041583155,8.8169300003118,48.8635800679525
16.0200723191828,0,24.0791636980497,71.0783596038818,38.3878156488592,0,0,0,13.1487146139145,0,0,0,0,0,0,0,49.7817767994516,61.9663489285637,29.8599651713784,0,0,0,0,0,20.5005865830642,0,0,0,0,0,0,0,0,0,0,0,50.9747639973958,0,8.25618455626748,74.5425262451172,20.5574966817042,12.4271094986562,0,0,15.1098479083244,0,20.8315793096739,17.8471444129944,12.2962397824634,55.5104026794434,35.6186113357544,0,0,0,28.9516102927072,0,21.6111090755463,88.2102279663086,27.1443923374392,0,26.5372709386489,0,87.5237035751343,21.096271025283,0,0,0,17.910179717868,0,28.2016739845276,0,0,88.016674041748,15.2395760344435,0,48.1435089111328,0,40.207836151123,114.788133621216,33.927814000734,87.0996856689453,44.6881075965034,14.7363917626182,0,11.9239536268272,77.9447949727376,11.2868968356008
0,0,0,25.2857704162598,0,0,0,0,0,0,0,0,0,0,0,0,97.5195083618164,62.2689155578613,18.4730137704124,0,0,0,0,0,0,0,0,0,0,0,0,0,0,0,0,60.7337551116943,0,0,0,33.5090151794197,0,14.9972389765035,0,0,0,19.7219554294239,48.6001091003418,0,0,50.6823699474335,0,0,0,0,0,0,0,41.4920463562012,0,0,0,0,29.1679795583089,0,0,0,0,0,0,0,0,0,45.0083827972412,0,0,0,0,0,48.4679962770782,0,46.6150830586751,0,17.2165482163429,0,14.5355403923988,22.3407141014382,0
0,0,0,0,0,0,0,0,0,0,0,0,0,0,0,0,46.6517111460368,0,29.6821753034052,0,0,0,0,0,0,0,0,0,0,0,0,0,0,0,0,0,59.4284138679504,0,0,0,32.7606051518367,0,15.1098479083244,0,0,0,11.2295019377523,0,13.2541241645813,0,0,0,0,0,0,0,41.2827186584473,0,0,0,0,0,0,55.3884010314941,0,0,0,0,0,0,0,0,0,39.2267958323161,0,0,0,0,51.5276641845703,44.7711996511251,0,42.1943486531576,15.6602663479599,0,10.4102711938594,37.9630546569824,23.3574288686117
47.8603248596191,36.1439342498779,0,36.3661348342896,0,0,0,0,0,39.0297698974609,0,0,0,0,0,0,61.2906681114519,59.8272000967738,45.6492771148682,12.1343870162964,0,0,0,0,0,0,0,0,0,0,0,0,0,0,0,48.9094639068995,106.749980926514,21.4045271873474,0,22.6209624910486,73.6401668548584,25.4658921137452,0,19.7219554294239,0,0,69.188711983817,62.6448656717936,0,46.943544599745,0,0,0,0,0,0,71.9612426757812,36.8562387965974,0,0,0,60.9947166442871,9.19203357407765,0,0,0,0,0,0,0,43.5489905221122,0,42.3746583863309,105.935989379883,0,0,52.1684506734212,0,29.8418831262042,99.8812110207298,16.6557829602119,79.1133575439453,40.6901090273293,0,23.8413268185714,39.390939440046,0
18.8474452972412,61.7926807403564,22.7469425201416,64.3178535910214,38.0483283996582,62.2352161407471,0,0,0,0,0,0,0,0,0,0,55.6151934099627,58.4839495849609,44.7964414324079,0,10.4768815040588,0,0,0,0,0,0,0,0,0,0,0,49.201789855957,0,0,106.259429931641,40.6639813243092,0,33.2353851318359,82.1576315072867,13.262255689223,82.7903831005096,20.8315793096739,48.6001091003418,11.2295019377523,69.188711983817,0,38.9531650543213,38.3169403076172,70.6072224703702,0,68.2653821309408,0,0,0,0,32.8169977616291,77.460334777832,0,71.0526657104492,0,0,72.9639218648275,13.5291509600247,0,0,0,0,0,0,86.3985595703125,0,84.6284154256185,35.5002651321754,0,0,0,0,91.6907535552978,24.8655188208869,89.4050827026367,16.4381931577149,42.5267315861286,0,19.7352021697077,71.9898700714111,44.2773007286919
0,0,34.5193500518799,0,0,0,0,0,0,0,0,0,0,0,0,0,67.4558334350586,0,80.9012009756906,0,0,19.8663872259635,0,0,26.2398300170898,0,0,0,0,0,0,5.07756990067502,7.45731083805521,6.22216354557537,5.39019339719265,9.83012936643498,24.3688072324957,6.39727867397145,6.49805311682802,6.7527894790356,12.7781040668488,24.4281749175145,17.8471444129944,0,0,62.6448656717936,38.9531650543213,0,5.7660714518576,5.87167444507317,0,83.8507614135742,0,0,0,0,0,0,0,0,0,0,52.8928890228271,0,20.6637321754738,0,0,25.9278335571289,0,32.4310007095337,0,0,93.3742065429688,52.5326614379883,7.07922209533282,7.64582735509537,5.64334873141946,8.11957482605129,12.9349146583363,10.3243470731475,9.70883717078657,8.4374155501703,6.48145841455794,0,7.77233747681469,62.1588134765625,0
7.39492447250768,0,22.5534843650915,119.624507904053,42.4794216156006,0,0,0,7.08641916097597,0,0,0,0,0,0,0,0,61.7777709960938,37.7398983804803,0,0,0,4.77294034605858,0,7.92069473266602,0,0,0,0,0,0,0,8.03180887699127,0,0,0,26.7539593513023,0,6.29306885168398,12.6181682773999,7.95748588659397,0,12.2962397824634,0,13.2541241645813,0,38.3169403076172,5.7660714518576,0,8.08993310440843,41.8566455841064,0,0,0,4.79203057289124,0,5.99549484838006,0,7.71572391803448,0,6.82954651117325,0,0,47.4155216217041,0,4.37145686364389,0,8.17638408286231,0,4.99027341604233,0,4.55538327043707,107.051666259766,7.9336708198423,0,12.3227303489562,0,13.1235401215761,0,22.6552957807268,0,5.84759047662161,9.58243855728953,0,8.38051563657105,0,19.3883580728011
97.1643829345703,8.15734723002412,59.691930658677,11.5269191239607,67.4750900268555,36.3926210403442,0,0,0,15.2579370996226,0,0,0,0,0,0,54.1515710618761,55.3136126200358,53.0651337570614,0,0,7.89821123153391,0,12.8339490890503,0,0,0,0,0,0,0,22.4261236190796,0,10.2669906935222,0,27.24937321923,98.1129608154297,7.34434118046857,0,6.9317278058416,20.8185193893757,16.3060656218939,55.5104026794434,50.6823699474335,0,46.943544599745,70.6072224703702,5.87167444507317,8.08993310440843,0,0,27.8172215355767,0,0,0,7.62727628435407,55.9840278625488,8.01679094657537,0,7.34998417225751,0,8.67788923127311,28.4382643938065,0,5.52909216168639,0,9.28508389182389,0,8.66221310123461,0,5.44571680941824,0,9.45268353584566,84.0715454101562,3.50237445831299,0,13.8863948475231,0,22.4773998686809,91.1073905944824,5.7253827069078,86.6863757542202,11.4097123006454,0,9.72785566032559,17.1944680707208,0
0,0,9.00721529232604,0,5.30440783656501,0,4.16912384466691,0,6.4581881250654,0,7.56497764587402,0,0,0,5.35993402004242,0,57.4402542114258,0,0,0,6.7913658789226,0,0,0,0,0,0,0,0,0,0,0,0,0,0,0,38.974193572998,0,0,0,0,0,35.6186113357544,0,0,0,0,0,41.8566455841064,0,0,0,6.0483130911986,0,5.80364656448364,0,7.64964195719936,0,4.93125080462522,0,6.03425804335496,71.8425903320312,0,6.74426523844401,0,0,0,0,0,0,0,0,0,40.4750142097473,0,0,0,0,0,47.8229370117188,0,46.1780891418457,6.39638088717319,0,12.5848789173076,0,0
0,0,61.9999173482259,9.31580422354526,0,4.27731450734564,0,7.97352737538955,0,9.52325287043491,0,9.35578870773315,0,0,0,0,90.8879165649414,46.3676338195801,60.6888084411621,0,0,0,0,0,0,0,0,0,0,0,0,0,0,0,0,72.7832260131836,46.5686912536621,0,0,49.3937244415283,49.7072410583496,38.5935245676244,0,0,0,0,68.2653821309408,83.8507614135742,0,27.8172215355767,0,0,0,0,0,9.88089057726738,74.3571688334147,9.50898700101035,0,5.30664863305933,0,6.37265948454539,66.2885055541992,78.2144317626953,0,0,0,0,0,0,42.4330215454102,0,44.4692636572796,0,0,0,0,0,66.2273744623712,70.5787792205811,49.3776805584247,85.576488494873,15.9018624404933,0,38.1949909378148,32.8461305444891,0
0,0,0,0,0,0,4.02156687560965,0,0,0,0,0,0,0,0,0,0,0,0,0,0,0,0,0,0,0,0,0,0,0,0,0,0,0,0,0,0,0,0,0,0,0,0,0,0,0,0,0,0,0,6.0483130911986,0,0,0,0,0,8.84599546571672,0,4.21322640714974,0,0,0,0,13.4540740816217,0,0,0,0,0,0,0,0,0,0,0,0,0,0,0,0,0,0,2.9588794708252,0,0,0,0
0,0,0,0,0,0,0,5.18843724177434,0,0,0,0,0,0,0,0,0,0,0,0,0,0,0,0,0,0,0,0,0,0,0,0,0,0,0,0,0,0,0,0,0,0,0,0,0,0,0,0,0,0,0,0,0,0,0,0,0,7.22328912368666,0,6.36212477684021,0,0,10.1111152031842,0,0,0,0,0,0,0,0,0,0,0,0,0,0,0,0,0,0,0,7.61076554385099,0,0,0,0
10.2432391359693,0,3.65338211793166,0,14.5677490234375,0,0,0,8.13075740864726,0,0,0,0,0,5.54216521647241,0,2.75230741500854,0,0,0,0,0,0,0,5.27235814516018,0,7.7400013923645,0,0,0,0,0,0,0,0,0,0,0,13.6321862459183,0,0,0,28.9516102927072,0,0,0,0,0,4.79203057289124,0,5.80364656448364,0,0,0,0,0,24.8892421722412,0,0,0,5.45326680682277,0,0,0,0,0,0,5.40484999771693,0,0,0,0,0,0,0,0,0,0,0,0,0,9.32122045093113,22.8868913650513,0,11.1985443796815,0,0
0,5.84606674739293,63.8365631103516,6.63255083560944,0,0,0,0,0,7.2709318595946,0,0,0,0,0,4.6685108145078,55.804801940918,0,0,0,0,28.6328028270176,0,4.43002427004386,0,0,0,0,0,0,0,0,0,0,0,0,0,12.0706220514634,0,0,0,29.6338758468628,0,0,0,0,0,0,0,7.62727628435407,0,9.88089057726738,0,0,0,0,0,34.569709777832,0,8.0859091758728,0,6.56140947874367,0,0,29.7503576278687,0,8.08521735453777,0,0,0,0,0,0,0,0,0,0,0,0,0,10.1971421840949,0,17.5256682932377,0,18.3817594164894,0,0
16.1980235135114,0,11.2704738664627,65.2658367156982,18.6496345202128,0,6.52616543873497,0,0,0,6.09542715510921,0,8.40601760593813,0,0,0,73.028874206543,79.9534606933594,42.0000689188639,0,3.8630953750225,0,0,0,0,0,0,0,0,0,3.98066517885993,0,0,0,0,0,29.7126409212748,0,3.68508609911291,0,45.2885699801975,54.5231227874756,21.6111090755463,0,41.2827186584473,71.9612426757812,32.8169977616291,0,5.99549484838006,55.9840278625488,7.64964195719936,74.3571688334147,8.84599546571672,0,24.8892421722412,0,0,89.271125793457,6.49300804035468,0,4.59499782185222,0,0,8.61652035905112,0,0,0,0,0,0,0,3.7304767437701,0,5.22906778267855,0,0,0,0,0,48.3817089520968,0,13.5989997386932,24.9821553230286,0,14.6947653172811,108.147407531738,19.6780901688796
0,16.1588455736637,67.5876007080078,16.7190410822965,0,28.8079109191895,0,9.53866437797863,0,0,0,6.53983907784193,0,0,0,0,71.52423731486,39.9622124565972,42.4833183288574,5.64197192408822,0,0,0,0,0,0,0,0,0,9.37855161031087,0,0,0,0,0,5.02203583407712,0,3.54196102760698,0,70.0086994171143,53.0768356323242,20.1316385355863,88.2102279663086,41.4920463562012,0,36.8562387965974,77.460334777832,0,0,8.01679094657537,0,9.50898700101035,0,7.22328912368666,0,34.569709777832,89.271125793457,0,0,7.47852489698765,0,17.5823550059878,11.2122838414532,0,0,0,0,0,0,0,5.16693445963737,0,6.67994028262047,86.760124206543,0,0,0,0,48.5512151105688,108.481747627258,57.7439727783203,91.9148406982422,22.9999971980542,0,11.2380840421067,18.0282909393311,0
13.0447342119719,0,6.06350195407867,0,0,0,6.26944208145142,0,30.7985343933105,0,5.2422931042824,0,4.00712905680468,0,5.57139277458191,0,0,0,30.1126909255981,0,0,0,0,0,0,0,0,0,3.21718160311381,0,0,0,0,0,0,0,0,0,0,0,0,0,27.1443923374392,0,0,0,0,0,7.71572391803448,0,4.93125080462522,0,4.21322640714974,0,0,0,6.49300804035468,0,0,0,4.45175188794695,0,0,0,0,0,0,0,0,0,0,0,0,32.8692493438721,0,0,0,0,0,0,0,0,18.2363785764445,0,18.7914664040009,0,21.3585796356201
0,15.0270842469257,58.0206089019775,5.65331330521162,0,9.67630777359009,0,8.77600128437669,0,7.92856191186344,0,3.35213422278563,0,3.08799740156585,0,4.72906446456909,0,0,38.9332275390625,0,0,0,0,0,0,4.22698497772217,0,2.85189755966789,0,0,0,0,0,86.6166763305664,0,0,0,0,0,39.6010131835938,48.2643394470215,28.3531804645763,0,0,0,0,71.0526657104492,0,0,7.34998417225751,0,5.30664863305933,0,6.36212477684021,0,8.0859091758728,0,7.47852489698765,0,0,0,3.2696314160253,0,0,0,0,0,0,2.75286066532135,0,13.0309646129608,0,40.1258149147034,0,0,0,0,0,56.3989866256714,89.7536706924438,45.353524017334,0,15.0952638178541,0,28.3477593229172,25.8801696483905,0
13.1589207184024,0,2.72976171970367,0,3.67959296703339,0,0,0,5.09327749011798,0,0,0,0,0,3.90661227906523,0,0,0,0,0,0,0,0,0,0,0,0,0,0,0,0,0,0,0,0,0,0,0,0,0,0,0,26.5372709386489,0,0,0,0,0,6.82954651117325,0,6.03425804335496,0,0,0,5.45326680682277,0,4.59499782185222,0,4.45175188794695,0,0,0,0,0,0,0,0,0,0,0,0,0,0,32.4698931376139,0,0,0,0,0,0,0,0,18.4298361048979,3.37463668823242,20.8017954176123,0,20.3706652323405
0,8.42159129155649,0,6.10860639313857,0,11.0672062887272,0,0,0,5.97010447749172,0,0,0,0,0,3.91762618223826,84.0390777587891,0,50.983865737915,0,0,0,0,0,0,0,0,0,0,0,0,0,0,0,0,0,0,0,0,0,0,32.0737033746181,0,0,0,60.9947166442871,0,0,0,8.67788923127311,71.8425903320312,6.37265948454539,0,0,0,6.56140947874367,0,17.5823550059878,0,3.2696314160253,0,0,41.4664535522461,0,0,0,20.4024186134338,0,3.23651010649545,0,35.572333744594,0,39.2872684084136,0,0,0,0,0,0,87.9754943847656,45.098508199056,0,16.6524450118283,0,31.4214782416821,24.9600297927856,0
64.392448425293,25.255708694458,0,26.4396314620972,0,22.0065932273865,0,14.304017829895,0,0,0,3.78785444373515,0,0,0,0,69.6261032233804,71.8578876666169,58.9673762169058,4.06635514734105,0,0,0,0,0,0,0,0,0,0,0,0,0,0,0,7.38195156307437,127.155632019043,4.60505787949813,0,10.0194600746584,93.3340148925781,25.5083927866666,87.5237035751343,29.1679795583089,0,9.19203357407765,72.9639218648275,52.8928890228271,0,28.4382643938065,0,66.2885055541992,0,10.1111152031842,0,0,0,11.2122838414532,0,0,0,41.4664535522461,0,0,0,0,0,0,0,0,38.5253403186798,0,22.7080276664752,95.6043090820312,0,0,0,0,14.4838305244642,121.522928237915,13.6950346926172,89.4025268554688,39.6002494981608,0,17.6894354019833,52.0284055074056,81.0760803222656
0,0,32.42236328125,61.1340293884277,6.39651432158841,0,3.58767580986023,0,0,0,4.66661330338182,0,0,0,0,0,0,54.4731140136719,55.4046982213071,0,3.95868416226955,0,0,0,0,0,0,0,0,0,0,0,0,0,0,0,6.16790464817555,0,4.46516744792461,52.9369430541992,7.87741510726904,0,21.096271025283,0,55.3884010314941,0,13.5291509600247,0,47.4155216217041,0,6.74426523844401,78.2144317626953,13.4540740816217,0,0,0,8.61652035905112,0,0,0,0,0,0,0,0,0,0,0,0,0,0,0,93.18017578125,21.7735247391921,0,0,0,0,90.0274200439453,11.5461127061922,0,7.92924426443815,11.4267495352289,0,14.5561366947056,0,0
0,0,0,0,0,0,0,0,0,0,0,0,0,0,0,0,0,3.00681265195211,0,0,0,5.16239561956548,0,4.86805168320151,0,6.83317613601685,0,4.07098868915013,0,0,0,0,0,0,0,0,0,5.58489279874733,0,0,0,25.0679168701172,0,0,0,0,0,20.6637321754738,0,5.52909216168639,0,0,0,0,0,29.7503576278687,0,0,0,0,0,0,0,0,0,0,5.96954265344338,0,9.85540955759714,0,4.44914528523111,0,0,0,0,0,0,0,0,0,7.28218796910429,0,7.61775848928806,0,21.4142703276414,0,0
0,0,0,0,0,0,0,0,0,0,0,0,0,0,0,0,0,0,0,0,0,2.75184285640717,5.34466525867547,0,5.90946444982215,0,3.10200565275939,0,0,0,0,0,0,0,0,0,0,0,5.33421413431113,0,0,0,0,0,0,0,0,0,4.37145686364389,0,0,0,0,0,0,0,0,0,0,0,0,0,0,0,0,0,0,4.58491083404474,0,3.50887597287109,0,6.13082933425903,0,0,0,0,0,0,0,0,0,6.37483964652896,7.84746923446655,0,0,0,0
0,0,0,0,0,0,0,0,0,11.478838469236,0,0,0,0,0,0,0,4.63507640361786,0,0,0,10.2413947785974,0,4.7083361055647,0,3.82406377792358,0,0,0,0,0,0,0,0,0,0,0,8.7750614465986,0,0,0,15.9105766296387,0,0,0,0,0,0,0,9.28508389182389,0,0,0,0,0,8.08521735453777,0,0,0,0,0,20.4024186134338,0,0,5.96954265344338,0,0,0,8.0373562271572,0,10.1022028221804,0,0,0,0,0,0,0,0,0,7.92050316719552,0,14.2093349837545,0,10.0237701282698,0,0
16.26930809021,0,0,0,0,0,0,0,19.0938054991931,0,0,0,0,0,0,0,0,0,0,0,0,0,6.19961871820338,0,6.38871945468634,0,0,0,0,0,0,0,0,0,0,0,0,0,7.5337160045176,0,0,0,17.910179717868,0,0,0,0,25.9278335571289,8.17638408286231,0,0,0,0,0,5.40484999771693,0,0,0,0,0,0,0,0,0,0,4.58491083404474,0,0,0,3.82993199098064,0,0,0,0,0,0,0,0,0,0,0,6.47662441095035,17.9090192658561,0,8.01487773830806,0,0
0,0,0,0,0,0,0,0,0,3.23500860139225,0,0,0,0,0,0,0,6.64477181434631,0,0,0,10.1104647432055,0,3.99427791617133,0,3.73182292317235,0,4.61266334851583,0,0,0,0,0,0,0,0,0,0,0,0,0,0,0,0,0,0,0,0,0,8.66221310123461,0,0,0,0,0,0,0,0,0,2.75286066532135,0,3.23651010649545,0,0,9.85540955759714,0,8.0373562271572,0,0,0,5.69066196693285,0,0,0,0,0,0,0,0,0,0,0,9.18323123455048,0,0,0,0
0,0,0,0,0,0,0,0,0,0,0,0,0,0,0,0,2.86252331733704,0,0,0,0,0,3.36723963039763,0,4.51712580278617,0,3.41935431957245,0,3.99562665488985,0,0,0,0,0,0,0,0,0,11.9454601727999,0,0,0,28.2016739845276,0,0,0,0,32.4310007095337,4.99027341604233,0,0,0,0,0,0,0,0,0,0,0,0,0,0,0,0,3.50887597287109,0,3.82993199098064,0,0,0,3.95538347084205,0,0,0,0,0,0,0,0,0,11.0276112556458,27.4399070739746,0,11.7274338657206,0,0
0,43.1976661682129,0,30.8443728360263,0,0,0,0,0,48.3062477111816,0,2.94851662053002,0,2.8016836643219,0,0,71.9369964599609,0,43.469518661499,0,0,6.62349300606306,0,0,0,0,0,3.44355372535367,0,5.36050483422686,0,0,0,0,0,0,0,5.43149707849743,0,0,0,17.6503283060514,0,0,0,43.5489905221122,86.3985595703125,0,0,5.44571680941824,0,42.4330215454102,0,0,0,0,0,5.16693445963737,0,13.0309646129608,0,35.572333744594,38.5253403186798,0,4.44914528523111,0,10.1022028221804,0,5.69066196693285,0,0,0,4.58255164296019,88.2819900512695,0,0,0,0,52.3632965087891,114.496688842773,7.60038047960956,0,25.4633165359497,2.95827293395996,23.9628311171048,36.4981250762939,0
0,0,0,0,0,0,0,0,0,0,3.64270350512336,0,2.74283248186111,0,0,0,0,0,0,0,0,0,2.82434158325195,0,0,0,4.10373342037201,0,3.74984698328707,0,4.59865629105341,0,0,0,0,0,0,0,3.9504339835223,0,0,0,0,0,0,0,0,0,4.55538327043707,0,0,0,0,0,0,0,3.7304767437701,0,0,0,0,0,0,0,0,6.13082933425903,0,0,0,3.95538347084205,0,0,0,4.41701815128326,0,0,0,0,0,0,0,6.98437261787131,5.27882182598114,0,5.61429452896118,0,0
0,27.2069948369806,75.4432708740234,34.1046592679798,0,43.0349933079311,0,0,0,47.242546081543,0,7.10641150170184,0,0,0,0,56.7089217214873,48.6368341667708,47.0499363785798,0,0,0,0,0,0,0,0,0,0,5.77372354915343,0,0,0,0,0,81.3404420216878,115.824559529622,2.9230363491254,0,58.7774456787109,91.5494867960612,20.3372141024646,88.016674041748,45.0083827972412,0,42.3746583863309,84.6284154256185,93.3742065429688,107.051666259766,9.45268353584566,0,44.4692636572796,0,0,0,0,0,6.67994028262047,0,40.1258149147034,0,39.2872684084136,22.7080276664752,93.18017578125,0,0,0,0,0,0,4.58255164296019,0,0,0,0,0,0,0,64.9224201422087,110.65737024943,4.11503116517246,99.2044525146484,33.488693967727,0,22.5987825553843,29.8250272614615,79.7058029174805
26.6090408124422,0,30.8436531398607,73.7663230895996,0,0,0,0,33.1296820640564,0,5.87466377152337,0,0,0,0,0,50.6789964211954,58.6745522442986,39.220191705947,0,0,0,0,0,0,0,0,0,3.3959604634179,0,4.26911607348775,0,0,0,0,0,55.6236701965332,0,4.22507858276367,98.4861221313477,52.7902255148258,70.7414064407349,15.2395760344435,0,39.2267958323161,105.935989379883,35.5002651321754,52.5326614379883,7.9336708198423,84.0715454101562,40.4750142097473,0,0,0,0,0,5.22906778267855,86.760124206543,32.8692493438721,0,32.4698931376139,0,95.6043090820312,21.7735247391921,0,0,0,0,0,0,88.2819900512695,4.41701815128326,0,0,0,0,0,0,106.819413321359,62.4317628479004,87.5454559326172,5.29372294936129,30.5189603645768,0,13.4342981163376,0,21.0061205203717
0,0,0,0,0,0,0,0,0,0,0,0,0,0,0,0,0,0,0,0,0,0,0,0,0,0,0,0,0,0,0,6.52476205225812,0,4.42651504516602,0,3.00383375330669,0,0,0,0,0,0,0,0,0,0,0,7.07922209533282,0,3.50237445831299,0,0,0,0,0,0,0,0,0,0,0,0,0,0,0,0,0,0,0,0,0,0,0,0,0,0,6.10412013275203,0,8.1022649936479,0,0,0,3.94990235567093,0,0,0,0
0,0,0,0,0,0,0,0,0,0,0,0,0,0,0,0,0,0,74.4710655212402,0,0,0,0,0,0,0,0,0,0,0,0,0,7.46400577901015,0,8.15600601712564,0,13.103106411847,0,36.8519821166992,0,0,0,48.1435089111328,0,0,0,0,7.64582735509537,12.3227303489562,0,0,0,0,0,0,0,0,0,0,0,0,0,0,0,0,0,0,0,0,0,0,0,0,0,0,0,0,9.87118288420464,0,10.7482407261642,0,20.0825392405192,5.72054470622021,0,0,0,0
0,0,0,0,0,0,0,0,0,0,0,0,0,0,0,0,0,0,91.0470523834229,0,0,0,0,0,0,0,0,0,0,0,0,5.48777071634928,0,5.35874829460413,0,6.18992348593108,0,6.84121542069518,0,0,0,64.8963108062744,0,0,0,52.1684506734212,0,5.64334873141946,0,13.8863948475231,0,0,0,0,0,0,0,0,0,0,0,0,0,0,0,0,0,0,0,0,0,0,0,0,6.10412013275203,0,0,0,11.1084260735247,0,6.43268988222024,0,4.39614600605435,0,0,0,0
0,0,0,0,0,0,0,0,0,0,0,0,0,0,0,0,0,0,81.5198669433594,0,0,0,0,0,0,0,0,0,0,0,0,0,6.44182657344001,7.83106199017277,4.75308528585532,0,13.0491446604176,0,10.7798944928429,0,0,0,40.207836151123,0,0,0,0,8.11957482605129,13.1235401215761,0,0,0,0,0,0,0,0,0,0,0,0,0,0,0,0,0,0,0,0,0,0,0,0,0,0,9.87118288420464,0,0,114.903434753418,16.8032753177633,0,6.9722434360048,6.55265231029962,0,64.1996231079102,0,41.7297515869141
0,46.6659609476725,68.3230361938477,43.0187313821581,0,11.9455085153933,0,0,0,56.4720344543457,0,8.00659926487849,0,0,0,0,74.9198433313614,76.6982590170468,59.797584385119,7.90892324492901,0,0,0,0,0,0,0,0,0,0,0,6.83235415796033,0,14.5597368031013,0,6.07100281195597,6.99276948042891,9.65523717890538,0,18.9025964830921,103.71440410614,28.2833711120616,114.788133621216,48.4679962770782,51.5276641845703,29.8418831262042,91.6907535552978,12.9349146583363,0,22.4773998686809,0,66.2273744623712,0,0,0,0,0,48.5512151105688,0,56.3989866256714,0,0,14.4838305244642,90.0274200439453,0,0,0,0,0,0,52.3632965087891,0,64.9224201422087,106.819413321359,8.1022649936479,0,11.1084260735247,114.903434753418,0,53.1798106381591,9.83848790973918,103.987998962402,24.7129141478615,0,28.7339496073936,40.7792986311051,92.5854110717773
