0,59.3433816697862,22.1491795877616,69.340217590332,0,0,0,0,8.02772597944926,69.1756973266602,0,0,0,0,8.86332623163859,0,0,0,24.9496856416975,0,0,0,0,0,26.2136383056641,0,0,0,0,0,0,0,0,0,0,0,0,41.2613976422478,26.4280452728271,0,46.9728028433664,0,30.5707496413611,0,0,0,50.6345443725586,32.5366740226746,9.6107460149363,47.2908635139465,0,0,0,0,7.31099435451419,0,12.0607350667318,0,11.2909027735392,0,11.7231585499961,0,0,66.153528213501,0,0,47.8248558044434,16.7777590751648,52.3013458251953,13.5595709482829,0,0,0,16.5598260385019,0,0,0,0,0,48.4281568527222,0,9.28223133087158,20.7692520644075,63.1176948547363,17.1574010853299,0,17.5352210998535
59.3433816697862,0,74.4954376220703,10.1297824006332,0,0,0,0,73.3155002593994,7.39334579853347,0,0,0,0,77.7531661987305,11.8063858151436,0,0,0,0,0,0,0,13.7135311762492,0,0,0,0,0,0,0,0,0,0,0,0,0,17.9389524968465,45.1339067731585,0,0,19.8630354459896,0,0,0,0,0,30.1235446929932,45.0473327636719,8.39649626383415,0,12.8741957346598,0,0,62.2207244424259,7.18417316471658,0,8.55126651128133,0,7.57031675104825,0,8.24582585163206,0,0,0,0,19.4063558578491,50.7143832683563,0,0,0,0,0,0,0,0,0,0,0,0,0,46.4198807729802,13.9010979464797,0,13.1211605695791,0,0
22.1491795877616,74.4954376220703,0,38.3000259399414,6.16019913705729,0,0,0,2.75340437889099,0,0,0,0,0,0,0,52.2696100870768,61.3440315246582,33.4104648936879,0,8.3627527259117,0,0,0,26.5672607421875,0,0,0,0,0,0,0,0,0,0,0,0,0,31.3774433135986,32.8009808858236,26.96076063743,37.2037315368652,27.1703866646003,0,0,31.5891575813293,17.5464087445685,50.4922841389974,22.5762101683286,47.2450043360392,7.59252350631802,0,0,0,7.21809406826894,0,9.11885323524475,0,3.94356009695265,0,4.90981425331757,0,45.9199447631836,42.046989440918,0,0,0,0,0,0,0,0,0,27.2447271125261,0,0,0,0,36.0233968098958,36.9425031366483,0,32.2966452731362,24.1054372673943,71.5835876464844,21.5467842232226,67.5840148925781,27.3397435506185
69.340217590332,10.1297824006332,38.3000259399414,0,0,4.46035467386246,0,0,0,19.2978591578347,0,0,0,0,0,0,59.936269124349,52.4015621858485,36.3458790779114,0,0,0,0,0,0,0,0,0,0,0,0,0,0,0,0,0,0,30.9305190693248,54.5765328658254,26.3824233437299,0,26.1740175897935,35.7815855344137,21.8099568684896,0,16.7705690800643,27.0348196029663,46.6522870557062,35.7048391614641,21.8651203974056,0,5.39184713363647,0,0,70.5764823913574,0,0,23.7064850916628,0,3.72647722389387,0,3.98573424632733,28.5585714067732,0,0,0,64.9480323791504,60.3448609113693,0,0,0,0,25.5938341851328,0,0,0,0,0,37.0366695670671,0,33.2930537514065,55.5891966643157,23.3773447381916,50.6168763902452,23.739265023745,26.2407790289985,0
0,0,6.16019913705729,0,0,0,2.71553039550781,0,3.68733259042104,0,0,0,0,0,0,90.8053894042969,55.5610294342041,54.1667823791504,39.2307437896729,0,8.21973083263788,0,0,0,0,0,0,0,0,0,0,0,0,0,0,0,8.77797280825101,0,0,0,33.3094997406006,39.8092918395996,28.0547486796524,0,0,0,0,0,41.1160011291504,56.976692199707,3.83127103436668,0,0,0,5.94321393966675,0,7.76053454325749,0,0,0,3.57272124290466,0,0,10.6764868100484,0,0,0,0,0,0,0,0,0,33.8317222595215,0,0,0,0,38.9589157104492,43.6150236129761,0,0,10.5346700004909,32.6270812749863,8.60522993264712,0,30.4815120697021
0,0,0,4.46035467386246,0,0,0,3.6485896544023,0,0,0,0,0,0,0,0,0,0,0,2.82462718963623,0,0,0,0,0,0,0,0,0,0,0,0,0,0,0,2.73917675018311,0,0,0,0,0,0,0,0,0,0,0,0,0,0,0,3.63662553855351,0,3.47191717889574,0,0,0,7.3167015926258,0,0,0,0,8.64771142319171,0,0,0,0,0,0,0,0,0,0,0,0,0,0,0,0,0,0,0,3.17938788393711,0,3.21600326399008,0,0
0,0,0,0,2.71553039550781,0,0,0,0,0,7.37867450714111,0,0,0,0,0,0,0,0,0,3.1152365538809,0,0,0,0,0,0,0,0,0,0,0,0,0,0,0,0,0,0,0,0,0,0,0,0,0,0,0,0,0,3.59629744953579,0,5.08264753222466,0,0,0,4.56734788417816,0,12.4404881795247,0,0,0,0,3.69326492804515,0,0,0,0,0,0,0,0,0,0,0,0,0,0,0,0,0,0,0,0,0,0,0
0,0,0,0,0,3.6485896544023,0,0,0,0,0,0,0,0,0,0,0,0,0,12.8739404678345,0,0,0,0,0,0,0,0,0,0,0,0,0,0,0,0,0,0,0,0,0,0,0,0,0,0,0,0,0,0,0,5.04250585115873,0,3.30990747043065,0,0,0,11.3407454463645,0,4.2190446111891,0,0,12.785499819282,0,0,0,0,0,0,0,0,0,0,0,0,0,0,0,0,0,0,0,0,0,0,0,0
8.02772597944926,73.3155002593994,2.75340437889099,0,3.68733259042104,0,0,0,0,0,0,0,0,0,4.21163712377134,0,6.3265406134215,23.0505185560747,15.1020877333893,0,8.63733325004578,0,0,0,8.49933889779177,0,0,0,0,0,0,0,0,0,0,0,0,47.4393622080485,16.4646137237549,35.4518852233887,35.2989082336426,0,22.6228952646255,0,0,0,0,41.0535488128662,16.7622359780704,54.1878000895182,0,0,0,0,7.17167457579463,0,23.0281950632731,0,0,0,5.71417271039065,0,0,63.7909660339355,0,0,53.7700004577637,12.4441002621154,0,3.12913385033607,0,0,0,22.9285494940621,0,0,0,0,0,37.252488304587,0,19.3576702893337,7.55488996852031,4.77649353345235,23.8438287284506,0,8.01706981658936
69.1756973266602,7.39334579853347,0,19.2978591578347,0,0,0,0,0,0,0,0,0,0,0,3.52993370302068,0,3.94165482785967,20.1578947703044,0,0,0,0,9.48935364246368,0,0,0,0,0,0,0,0,0,0,0,0,0,12.3271246476607,50.4489380972726,0,0,22.5282848358154,0,0,0,0,0,0,57.3299140930176,4.94249587309988,0,8.36414770726804,0,0,0,7.64076037530775,0,0,0,0,0,5.87153637661384,0,0,0,0,17.2011420998392,61.6089305877686,2.8290520849682,0,0,0,24.413916905721,0,0,0,0,0,50.5611038208008,0,17.3765145043796,55.2235819498698,5.38029322470726,5.0851082630705,20.1304412204507,13.4732046127319,0
0,0,0,0,0,0,7.37867450714111,0,0,0,0,0,3.43935656547546,0,0,0,0,0,0,0,3.49064555014072,0,0,0,0,0,0,0,0,0,3.11504170894623,0,0,0,0,0,3.24097589771432,0,3.46159554534257,0,0,0,0,0,0,0,0,0,0,0,0,0,0,0,0,0,4.50830330875994,0,4.06217981734366,0,0,0,0,3.54802295073722,0,0,0,0,0,0,0,2.97744917869568,0,3.23902424176534,0,0,0,0,0,3.2006113102187,0,4.42671061980747,3.33924651145935,0,2.85439479351044,0,0
0,0,0,0,0,0,0,0,0,0,0,0,0,4.74851216651775,0,0,0,0,0,5.25565771880697,0,0,0,0,0,0,0,3.65154248476028,0,5.39112177762118,0,0,0,0,0,4.12263269396223,0,3.83778876617175,0,0,0,0,0,0,0,0,0,0,0,0,0,4.84218215942383,0,0,0,0,0,4.40005526638304,0,4.26316189143969,0,0,3.94667193338201,0,0,0,0,0,0,0,3.55610944543566,0,3.01611251722683,0,0,0,0,0,5.04782687012966,0,4.89942111207553,0,5.02943763657222,0,0,0,0
0,0,0,0,0,0,0,0,0,0,3.43935656547546,0,0,0,2.97629077588358,0,0,0,0,0,0,0,0,0,0,0,0,0,3.1273331458752,0,0,0,0,0,0,0,0,0,0,0,0,0,0,0,0,0,0,0,0,0,0,0,0,0,0,0,4.94858978534567,0,4.10555496801108,0,3.06474262125352,0,0,0,0,0,0,0,0,0,0,0,0,0,0,0,0,0,0,0,0,0,3.12821925178017,3.55243090103412,0,0,0
0,0,0,0,0,0,0,0,0,0,0,4.74851216651775,0,0,0,3.26027167631575,0,0,0,0,0,0,0,0,0,0,0,3.16408918301264,0,0,0,0,0,0,0,0,0,0,0,0,0,0,0,0,0,0,0,0,0,0,0,0,0,0,0,0,0,5.16844963984213,0,3.77160813370966,0,3.02010035704053,0,0,0,0,0,0,0,0,3.04454803466797,0,0,0,0,0,0,0,0,0,0,0,3.06041394209885,3.27194678358899,0,0,0
8.86332623163859,77.7531661987305,0,0,0,0,0,0,4.21163712377134,0,0,0,2.97629077588358,0,0,0,4.78949337189014,23.6475896835327,0,0,0,0,0,0,0,0,3.16789245605469,0,0,0,0,0,0,0,0,0,0,0,0,0,0,0,0,0,0,0,0,0,4.08697871367137,0,0,0,0,0,4.76489701271057,0,0,0,3.50170158472928,0,4.29548962544469,0,0,0,0,0,0,0,0,0,0,0,0,0,0,0,0,0,0,0,0,0,3.79686597950202,4.27779763882974,0,0,0
0,11.8063858151436,0,0,90.8053894042969,0,0,0,0,3.52993370302068,0,0,0,3.26027167631575,0,0,26.2268415338853,6.28817025104443,52.2211100260417,0,0,0,0,0,0,0,0,3.41196759541829,0,0,0,0,0,0,0,0,0,30.3050727844238,0,0,0,0,0,0,0,0,0,0,0,3.58068537712097,0,0,0,0,0,6.34511955695994,0,0,0,2.90589225460106,0,4.02282764699108,0,0,0,0,17.2692852020264,0,2.95569658279419,0,4.4515028834343,0,0,0,0,0,0,0,0,0,0,0,3.68229232618819,4.25107326618461,20.1860097249349,0,0
0,0,52.2696100870768,59.936269124349,55.5610294342041,0,0,0,6.3265406134215,0,0,0,0,0,4.78949337189014,26.2268415338853,0,14.615310102375,20.2912520952622,0,0,0,11.306872844696,18.3981331719293,4.44454347702765,21.7118234634399,3.10482635746998,0,0,0,0,0,0,0,0,0,56.5906181335449,0,0,61.1541566500699,54.0167015129921,47.4920113899041,36.1014414790106,43.1096587181091,35.1239485837975,48.6008462905884,44.0208711952999,0,0,0,59.2238693237305,0,0,0,26.964874903361,0,69.2465400695801,0,0,0,59.640869140625,0,64.90842628479,57.5248895842454,0,0,0,7.14968395233154,0,3.22789650176888,0,0,58.507740020752,48.3602434794108,0,0,0,0,67.116635088335,56.5348429847009,66.8634329901801,53.0080249092796,12.4332936720862,25.1454035975212,44.9937435053787,46.9935855865479,37.9966833326552
0,0,61.3440315246582,52.4015621858485,54.1667823791504,0,0,0,23.0505185560747,3.94165482785967,0,0,0,0,23.6475896835327,6.28817025104443,14.615310102375,0,15.2013650041295,0,0,0,0,6.57363270772131,0,3.85908275753704,0,3.20493772625923,0,0,0,0,0,0,0,68.9149322509766,0,0,0,54.7792630666315,56.5284593516383,40.014039326169,44.8764690894865,35.4222373595605,45.4667601812453,43.4331125409416,53.8183600834438,0,0,50.1618804931641,69.6753387451172,0,0,0,44.4570865631104,0,64.0202407836914,61.1882438659668,0,0,0,3.78811812400818,43.7671496073405,63.8106791178385,0,0,0,33.5197334289551,3.20450318181837,0,3.16078567504883,0,35.2204246520996,40.3870048522949,0,0,0,0,59.8569608052572,59.9746858773111,54.6925100438735,56.8599909210205,10.0118072776408,11.0853182853735,46.7004573987543,35.9785840776232,43.2487884521484
24.9496856416975,0,33.4104648936879,36.3458790779114,39.2307437896729,0,0,0,15.1020877333893,20.1578947703044,0,0,0,0,0,52.2211100260417,20.2912520952622,15.2013650041295,0,0,0,0,0,0,17.5572190761566,35.1707611083984,0,0,0,0,0,0,0,0,0,53.7853355407715,62.128173828125,32.7161903381348,31.5514245033264,37.6055403781602,36.9110034549245,23.3238567326123,21.9359617297845,27.4636361559232,16.707323667979,31.3626274052163,29.7590461667202,0,0,36.6212029457092,39.3633480072021,0,0,0,33.7298820813497,0,28.2787823677063,21.976893561227,0,0,41.7910514831543,0,44.513854821523,39.1943295318956,0,0,0,2.9828088760376,0,0,0,0,26.1535084632135,35.1665922078219,0,0,0,0,43.6892278252756,37.1199441751763,41.3309138946533,39.2343125490798,13.2997435226947,26.3822677339519,30.00142451881,15.3094730810686,20.4931095794395
0,0,0,0,0,2.82462718963623,0,12.8739404678345,0,0,0,5.25565771880697,0,0,0,0,0,0,0,0,0,0,0,0,0,0,0,0,0,0,0,0,0,0,0,4.41638423548948,0,4.93871983621694,0,0,0,0,0,0,0,0,0,0,0,0,0,3.153543885718,0,0,0,0,0,4.87753828554033,0,0,0,0,4.98638431539341,0,0,0,0,0,0,0,0,0,0,0,0,0,0,0,5.28947286198779,0,4.19533302257587,0,6.69760604602535,0,0,0,0
0,0,8.3627527259117,0,8.21973083263788,0,3.1152365538809,0,8.63733325004578,0,3.49064555014072,0,0,0,0,0,0,0,0,0,0,0,0,0,0,0,0,0,0,0,0,0,0,0,0,0,3.42617938401534,0,3.9487046654239,0,0,0,26.4672771453857,0,0,0,0,58.0879535675049,31.2576293945312,0,9.37165712515513,0,4.08796031507727,0,12.5669602751732,0,3.93120579462989,0,0,0,11.4692673683167,0,0,3.69900519146248,0,0,0,0,0,0,0,0,0,0,0,0,0,0,0,3.55327284647071,0,3.33139363924662,5.09186947397339,0,20.337079055169,0,0
0,0,0,0,0,0,0,0,0,0,0,0,0,0,0,0,0,0,0,0,0,0,4.81557267889919,8.28272397858756,0,0,0,3.61506029963493,0,0,0,0,0,0,0,0,0,6.61689403088151,4.59104979100652,0,0,0,0,0,0,0,0,0,0,11.0489694645156,0,0,0,0,0,27.3813311258952,0,0,0,0,0,0,0,0,4.59341626795497,5.43491080479744,13.3032947578569,0,2.96404360771179,0,3.60709051719079,0,0,0,0,0,11.9153084754944,0,0,0,11.9853127638499,6.80809044837952,4.20388074888699,4.0203144285414,0,0,0
0,0,0,0,0,0,0,0,0,0,0,0,0,0,0,0,11.306872844696,0,0,0,0,4.81557267889919,0,0,7.05063043560898,0,5.2181729447274,0,3.23481948861798,0,0,0,0,0,0,0,0,8.07459589972425,4.3623717835377,0,0,0,0,0,0,0,0,0,5.83802843945367,0,0,0,0,0,0,0,0,0,0,0,0,0,0,0,5.29078544008321,3.99359003362254,0,16.3019673774117,0,4.60026392729386,0,5.42200530492342,0,0,0,0,0,0,0,0,0,5.94205215007831,4.54650469446601,4.28458274528384,0,0,0
0,13.7135311762492,0,0,0,0,0,0,0,9.48935364246368,0,0,0,0,0,0,18.3981331719293,6.57363270772131,0,0,0,8.28272397858756,0,0,0,0,0,0,0,0,0,0,0,0,0,0,0,6.49011848160747,35.5244560241699,0,0,0,0,0,0,0,0,0,0,6.73552989959717,0,0,0,0,0,4.29371384916634,0,0,0,0,0,6.11103782057762,0,0,5.98581575666155,0,4.37145990771256,0,3.23086397882019,0,0,0,0,0,0,0,10.0007066726685,0,0,0,12.3923507831245,0,5.0501640403972,0,7.08971285820007,0,0
26.2136383056641,0,26.5672607421875,0,0,0,0,0,8.49933889779177,0,0,0,0,0,0,0,4.44454347702765,0,17.5572190761566,0,0,0,7.05063043560898,0,0,0,4.26255989957739,0,0,0,0,0,0,0,0,0,0,0,5.24988621990116,0,0,0,0,0,0,0,0,0,0,0,0,0,0,0,7.11080999209963,0,0,0,0,0,30.6935367584229,0,0,0,0,4.75116633285176,0,3.13132318104205,0,4.13374849215856,0,0,0,0,0,0,0,0,0,0,0,7.35836326853276,4.48360901484724,0,6.62982896169027,0,0
0,0,0,0,0,0,0,0,0,0,0,0,0,0,0,0,21.7118234634399,3.85908275753704,35.1707611083984,0,0,0,0,0,0,0,0,2.92185526802426,0,0,0,0,0,0,0,0,0,0,0,0,0,0,0,0,0,0,0,0,0,0,0,0,0,0,0,0,0,0,0,0,0,2.89602789011869,0,0,0,0,3.40611347030191,0,3.05916380882263,0,2.9467066526413,0,0,0,0,0,0,0,0,0,0,0,4.2353265815311,0,0,0,0
0,0,0,0,0,0,0,0,0,0,0,0,0,0,3.16789245605469,0,3.10482635746998,0,0,0,0,0,5.2181729447274,0,4.26255989957739,0,0,0,3.28526122371356,0,0,0,0,0,0,0,0,0,0,0,0,0,0,0,0,0,0,0,0,0,0,0,0,0,0,0,0,0,0,0,0,0,0,0,0,4.00685977935791,0,4.52901054831112,0,4.31457122802734,0,3.11263525485992,0,0,0,0,0,0,0,0,0,0,3.25077900765599,0,0,0,0
0,0,0,0,0,0,0,0,0,0,0,3.65154248476028,0,3.16408918301264,0,3.41196759541829,0,3.20493772625923,0,0,0,3.61506029963493,0,0,0,2.92185526802426,0,0,0,3.18997368183765,0,0,0,0,0,0,0,3.41643258503505,0,0,0,0,0,0,0,0,0,0,0,0,0,0,0,0,0,0,0,0,0,3.52918736284429,0,2.92055211283944,0,0,3.06114661693573,0,0,0,3.50974202666964,0,3.5575722319509,0,3.65416384965946,0,0,0,0,0,0,0,3.43366822989091,0,2.98854096304803,3.43064549991063,0,0,0
0,0,0,0,0,0,0,0,0,0,0,0,3.1273331458752,0,0,0,0,0,0,0,0,0,3.23481948861798,0,0,0,3.28526122371356,0,0,0,3.31838533941623,0,0,0,0,0,0,0,2.91492967149045,0,0,0,0,0,0,0,0,0,0,0,0,0,0,0,0,0,0,0,0,0,0,0,0,0,0,2.74090695381165,0,0,0,3.06876537074213,0,3.0582576811783,0,4.12018631082593,0,0,0,0,0,0,0,3.14261889457703,2.96185655064053,3.55508577823639,0,0,0
0,0,0,0,0,0,0,0,0,0,0,5.39112177762118,0,0,0,0,0,0,0,0,0,0,0,0,0,0,0,3.18997368183765,0,0,0,0,0,0,0,0,0,3.20919713595056,0,0,0,0,0,0,0,0,0,0,0,0,0,0,0,0,0,0,0,0,0,0,0,0,0,0,0,0,0,0,0,0,3.91056475486511,0,4.61045408555352,0,0,0,0,0,0,0,3.44043486349044,0,3.01270255020687,0,0,0,0
0,0,0,0,0,0,0,0,0,0,3.11504170894623,0,0,0,0,0,0,0,0,0,0,0,0,0,0,0,0,0,3.31838533941623,0,0,0,0,0,0,0,0,0,3.31567479593588,0,0,0,0,0,0,0,0,0,0,0,0,0,0,0,0,0,4.4059972858429,0,0,0,0,0,0,0,0,0,0,0,0,0,0,3.1815392604241,0,3.35783334447866,0,0,0,0,0,0,0,3.64520524563746,0,0,0,0,0
0,0,0,0,0,0,0,0,0,0,0,0,0,0,0,0,0,0,0,0,0,0,0,0,0,0,0,0,0,0,0,0,3.82324058729485,7.43444051818242,3.24879159246172,3.30769618405592,3.63441714825837,0,0,0,0,0,0,0,0,0,0,4.77068195359441,7.24108140012051,4.52673703432083,0,0,0,0,0,0,0,0,0,0,0,0,0,0,0,0,0,0,0,0,0,0,0,0,3.71773557426277,4.484670253332,7.04100959300995,17.1835842132568,3.24316799585466,3.88141723588712,0,0,4.6344236549066,0,0,0,0
0,0,0,0,0,0,0,0,0,0,0,0,0,0,0,0,0,0,0,0,0,0,0,0,0,0,0,0,0,0,0,3.82324058729485,0,6.42981433868408,4.44995684623718,3.3422990595231,2.99275159835815,0,0,10.9564323425293,0,0,0,0,0,0,0,4.54264517040814,4.15386027097702,10.0416592121124,0,0,0,0,0,0,0,0,0,0,0,0,0,0,0,0,0,0,0,0,0,0,0,0,4.27259689031826,5.32173414288854,6.10645198822021,9.53905506134033,3.8119930465047,3.99195704740636,0,0,4.11080516865051,0,0,0,0
0,0,0,0,0,0,0,0,0,0,0,0,0,0,0,0,0,0,0,0,0,0,0,0,0,0,0,0,0,0,0,7.43444051818242,6.42981433868408,0,4.58551410319845,3.49637479216583,0,3.82848820184406,6.74897741476695,0,0,0,0,0,0,0,0,4.97645174388616,0,0,0,0,0,0,0,0,0,0,0,0,0,0,0,0,0,0,0,0,0,0,0,0,0,0,4.13648559065426,4.88590013279634,4.35490033014907,4.81771754110809,4.61895651306425,0,4.78891906911327,16.0938371311535,4.00368309020996,3.74945936203003,0,0,0
0,0,0,0,0,0,0,0,0,0,0,0,0,0,0,0,0,0,0,0,0,0,0,0,0,0,0,0,0,0,0,3.24879159246172,4.44995684623718,4.58551410319845,0,0,3.7770916596055,5.37909656029972,3.66731938443927,0,0,0,0,0,0,0,0,5.51673339719738,6.22648100852966,0,0,0,0,0,0,0,0,0,0,0,0,0,0,0,0,0,0,0,0,0,0,0,0,0,3.16826176643372,3.5069797039032,4.09634670457154,4.80587022458062,2.756523821089,4.93220077857484,3.78345787393211,4.30791856638447,4.81968779330487,5.02380527555943,17.6835117340088,0,0
0,0,0,0,0,2.73917675018311,0,0,0,0,0,4.12263269396223,0,0,0,0,0,68.9149322509766,53.7853355407715,4.41638423548948,0,0,0,0,0,0,0,0,0,0,0,3.30769618405592,3.3422990595231,3.49637479216583,0,0,3.14404227341924,4.32253205059345,6.52083745210067,10.9405631761293,9.22641986608505,32.8148326873779,116.096473693848,0,0,0,0,5.83602829804787,8.608962059021,14.8664651711782,0,2.88409599891076,0,0,0,0,0,4.3602759374116,0,0,0,0,4.72757218229787,0,0,0,0,0,0,0,0,0,0,0,4.02285178838201,4.78240298251716,4.54104046276638,0,4.98507088433866,3.5923091670445,6.19765563489456,0,4.06242642163459,4.27274194227911,13.5759609969205,0,0
0,0,0,0,8.77797280825101,0,0,0,0,0,3.24097589771432,0,0,0,0,0,56.5906181335449,0,62.128173828125,0,3.42617938401534,0,0,0,0,0,0,0,0,0,0,3.63441714825837,2.99275159835815,0,3.7770916596055,3.14404227341924,0,9.28731409708659,4.39513435828364,0,3.59112169002664,0,37.729434967041,0,0,0,34.4085922241211,3.22804551805769,0,0,22.5692558288574,0,0,0,0,0,3.31787819652767,0,0,0,0,0,0,4.07648291706673,0,0,0,0,0,0,0,0,0,39.7148017883301,4.58388520947736,3.55096042181422,0,4.65875629115749,3.65263332138542,5.19641976214513,0,6.18887220294439,3.56292562675954,2.91773598334369,17.2005894309596,0,0
41.2613976422478,17.9389524968465,0,30.9305190693248,0,0,0,0,47.4393622080485,12.3271246476607,0,3.83778876617175,0,0,0,30.3050727844238,0,0,32.7161903381348,4.93871983621694,0,6.61689403088151,8.07459589972425,6.49011848160747,0,0,0,3.41643258503505,0,3.20919713595056,0,0,0,3.82848820184406,5.37909656029972,4.32253205059345,9.28731409708659,0,8.17432331609573,38.2170238494873,0,27.8890277226766,0,0,0,0,0,8.48172719193705,25.7329473495483,8.23896129190922,0,0,0,0,40.6922595500946,14.7037792608142,0,4.52661920964461,0,0,0,26.340799331665,4.89033331925219,0,5.11440019524513,15.3873194058736,9.36123843726281,30.0181902625344,12.3447275615874,0,4.23655005318395,0,3.57482940593471,0,0,0,5.40072423822424,4.63139210027807,5.29425030002346,0,5.42046560631796,15.4928153432254,7.60628620764338,27.0868314901988,20.4191399315993,0,0
26.4280452728271,45.1339067731585,31.3774433135986,54.5765328658254,0,0,0,0,16.4646137237549,50.4489380972726,3.46159554534257,0,0,0,0,0,0,0,31.5514245033264,0,3.9487046654239,4.59104979100652,4.3623717835377,35.5244560241699,5.24988621990116,0,0,0,2.91492967149045,0,3.31567479593588,0,0,6.74897741476695,3.66731938443927,6.52083745210067,4.39513435828364,8.17432331609573,0,0,0,32.263557434082,22.1840025273765,0,0,0,0,9.78483095830758,4.34799219362484,32.5525018331167,0,0,0,0,13.0502251243591,40.9302088419596,3.40602084501522,0,0,0,28.447639465332,0,0,4.52083485755161,8.08336369196574,4.43273852180032,32.9738279387008,6.79856088192922,36.5693416595459,0,0,3.16110270274313,0,3.50723488899312,0,0,4.35466175729578,5.37657557956634,3.56741153752362,6.66878556424057,3.87372559521518,4.39857923786858,8.93486719464082,4.92080934424149,25.2362675324254,0,0
0,0,32.8009808858236,26.3824233437299,0,0,0,0,35.4518852233887,0,0,0,0,0,0,0,61.1541566500699,54.7792630666315,37.6055403781602,0,0,0,0,0,0,0,0,0,0,0,0,0,10.9564323425293,0,0,10.9405631761293,0,38.2170238494873,0,0,57.6748809080857,17.7718528584236,59.1413110097249,20.9806205384872,45.4956932067871,11.1586255958024,48.2176489830017,6.9488398741821,7.68689820448267,7.22946380444293,0,0,0,0,0,0,0,31.8649915059408,0,0,0,0,8.19898241299849,94.3513984680176,0,0,48.9454803466797,0,0,0,0,0,38.0605291478774,0,0,14.4906673431396,0,0,13.8779378931954,79.0935960249467,37.7780531688973,87.1240310668945,33.5126606694117,46.6690444356387,16.7500120985879,31.213371515274,0
46.9728028433664,0,26.96076063743,0,33.3094997406006,0,0,0,35.2989082336426,0,0,0,0,0,0,0,54.0167015129921,56.5284593516383,36.9110034549245,0,0,0,0,0,0,0,0,0,0,0,0,0,0,0,0,9.22641986608505,3.59112169002664,0,0,57.6748809080857,0,61.2517366911236,17.8488697359805,44.9666442871094,21.3496310407944,73.6664962768555,12.2018257261649,5.08079110347588,8.73711693405673,7.01189017295837,39.6550248463949,0,0,0,38.0907790444114,0,32.6042369495739,0,36.1763122558594,0,36.9989678955078,0,0,6.07009355866312,0,0,0,0,0,0,0,0,0,22.7286044850069,0,0,0,0,76.3510664871761,11.6108228786361,0,51.0113148280552,38.014096507081,62.789073063777,14.7532320191395,97.9885177612305,15.519495055789
0,19.8630354459896,37.2037315368652,26.1740175897935,39.8092918395996,0,0,0,0,22.5282848358154,0,0,0,0,0,0,47.4920113899041,40.014039326169,23.3238567326123,0,0,0,0,0,0,0,0,0,0,0,0,0,0,0,0,32.8148326873779,0,27.8890277226766,32.263557434082,17.7718528584236,61.2517366911236,0,10.8210984511737,9.6723531918648,59.554069519043,17.5405752658844,46.0920988384046,12.5358155749695,18.1183039347331,14.5984440055101,0,0,0,0,0,23.5208034515381,0,10.5910195522308,0,19.2430595397949,0,21.5286591847738,18.6969639119648,52.6444263458252,0,0,34.9354069016197,40.7417869567871,43.2524700164795,0,0,0,13.9371546971703,0,0,0,0,0,20.5717921885042,64.9134925206502,35.4992343283988,46.0337097167969,18.2935043079012,29.7216876492609,14.9820629269675,10.3181408792047,0
30.5707496413611,0,27.1703866646003,35.7815855344137,28.0547486796524,0,0,0,22.6228952646255,0,0,0,0,0,0,0,36.1014414790106,44.8764690894865,21.9359617297845,0,26.4672771453857,0,0,0,0,0,0,0,0,0,0,0,0,0,0,116.096473693848,37.729434967041,0,22.1840025273765,59.1413110097249,17.8488697359805,10.8210984511737,0,27.4228909810384,8.14291895220154,62.5420411427816,19.3914532442109,9.54365311484588,14.1144197337553,31.7208490371704,31.6137995450002,0,0,0,31.6930530659358,0,18.5019316134245,0,29.8236886753755,0,31.0748255705532,0,67.056037902832,20.3177761725511,0,0,0,27.8105476512465,0,0,0,0,0,14.4114721872792,0,0,0,0,64.1937719345093,16.3847003029024,0,31.9007779398272,17.1911876609305,31.5883690826875,13.2361213394348,0,7.41673033736473
0,0,0,21.8099568684896,0,0,0,0,0,0,0,0,0,0,0,0,43.1096587181091,35.4222373595605,27.4636361559232,0,0,0,0,0,0,0,0,0,0,0,0,0,0,0,0,0,0,0,0,20.9806205384872,44.9666442871094,9.6723531918648,27.4228909810384,0,0,15.6035665784563,30.4856624603271,0,0,31.696003595988,0,0,0,0,0,0,0,0,0,0,0,0,23.099938659668,0,0,0,0,0,0,0,0,0,0,0,0,0,0,0,25.2242490070622,90.5027542114258,39.5679321289062,0,27.4113768100739,45.150820684433,16.926991764435,22.0253079732259,0
0,0,0,0,0,0,0,0,0,0,0,0,0,0,0,0,35.1239485837975,45.4667601812453,16.707323667979,0,0,0,0,0,0,0,0,0,0,0,0,0,0,0,0,0,0,0,0,45.4956932067871,21.3496310407944,59.554069519043,8.14291895220154,0,0,42.1860911051432,12.4190517104402,0,0,0,24.840950012207,0,0,0,0,0,0,0,0,0,0,0,0,21.9020467358966,0,0,0,0,0,0,0,0,0,0,0,0,0,0,53.688045501709,22.7172434472418,0,29.2339500427246,24.6158684015274,40.1625604629517,11.4685702611936,0,0
0,0,31.5891575813293,16.7705690800643,0,0,0,0,0,0,0,0,0,0,0,0,48.6008462905884,43.4331125409416,31.3626274052163,0,0,0,0,0,0,0,0,0,0,0,0,0,0,0,0,0,0,0,0,11.1586255958024,73.6664962768555,17.5405752658844,62.5420411427816,15.6035665784563,42.1860911051432,0,14.3202691396077,0,0,22.9517097473145,0,0,0,0,46.9635162353516,0,40.127254486084,32.2219715118408,0,0,0,0,8.85695944668672,0,0,0,0,0,0,0,0,0,33.5505798564238,45.157112121582,0,0,0,0,17.917978638019,69.5624589920044,13.8973394552867,61.2049560546875,32.9450881697915,41.4890672243558,12.0896715885211,31.7697067260742,0
50.6345443725586,0,17.5464087445685,27.0348196029663,0,0,0,0,0,0,0,0,0,0,0,0,44.0208711952999,53.8183600834438,29.7590461667202,0,0,0,0,0,0,0,0,0,0,0,0,0,0,0,0,0,34.4085922241211,0,0,48.2176489830017,12.2018257261649,46.0920988384046,19.3914532442109,30.4856624603271,12.4190517104402,14.3202691396077,0,0,21.7339738287577,0,27.7665328979492,0,0,0,38.5471462673611,0,28.1412346522013,0,0,0,24.3108530044556,0,30.7087084452311,12.1699044974241,0,0,0,47.2559623718262,0,0,0,0,0,33.3197219428115,0,0,0,0,69.0894288283128,19.8233363091345,0,29.8950719933665,32.0872565945712,56.1224857330322,16.4440961356352,40.2233695983887,13.0353985627492
32.5366740226746,30.1235446929932,50.4922841389974,46.6522870557062,0,0,0,0,41.0535488128662,0,0,0,0,0,0,0,0,0,0,0,58.0879535675049,0,0,0,0,0,0,0,0,0,0,4.77068195359441,4.54264517040814,4.97645174388616,5.51673339719738,5.83602829804787,3.22804551805769,8.48172719193705,9.78483095830758,6.9488398741821,5.08079110347588,12.5358155749695,9.54365311484588,0,0,0,0,0,6.90830648686067,7.28706137585601,44.5908508300781,0,0,0,35.3507597446442,0,0,0,0,0,0,0,0,0,14.0953941345215,0,21.0236755098615,18.7346071004868,0,0,0,0,0,0,4.14948657450785,5.14630111164626,5.47439169157774,5.19662743846053,7.65638171876227,5.20089366213351,6.97244754433632,12.0486304792743,6.4316747359316,15.845706392737,13.777599505164,0,0
9.6107460149363,45.0473327636719,22.5762101683286,35.7048391614641,41.1160011291504,0,0,0,16.7622359780704,57.3299140930176,0,0,0,0,4.08697871367137,0,0,0,0,0,31.2576293945312,0,5.83802843945367,0,0,0,0,0,0,0,0,7.24108140012051,4.15386027097702,0,6.22648100852966,8.608962059021,0,25.7329473495483,4.34799219362484,7.68689820448267,8.73711693405673,18.1183039347331,14.1144197337553,0,0,0,21.7339738287577,6.90830648686067,0,7.8256847249798,46.6315892537435,0,0,0,10.6670595125388,0,6.53394020712653,0,8.16152466472827,0,9.27291178132556,59.8791007995605,0,43.5351104736328,0,4.06267856070714,38.2870946611677,5.74960680235,0,4.01947042127935,0,3.6456993061143,0,13.2083307013792,0,6.57923056339395,0,3.63950490951538,11.0579876899719,5.92307317453968,30.6617546081543,4.51301398078601,9.49367045781274,27.5535475413005,11.4149001521144,0,18.1513630002737
47.2908635139465,8.39649626383415,47.2450043360392,21.8651203974056,56.976692199707,0,0,0,54.1878000895182,4.94249587309988,0,0,0,0,0,3.58068537712097,0,50.1618804931641,36.6212029457092,0,0,11.0489694645156,0,6.73552989959717,0,0,0,0,0,0,0,4.52673703432083,10.0416592121124,0,0,14.8664651711782,0,8.23896129190922,32.5525018331167,7.22946380444293,7.01189017295837,14.5984440055101,31.7208490371704,31.696003595988,0,22.9517097473145,0,7.28706137585601,7.8256847249798,0,0,0,0,0,56.8927132288615,10.9925422948949,0,5.90441240892002,0,5.01234806939395,0,5.23081780302113,29.686882019043,62.1899299621582,4.86479472175694,0,7.5584609290605,43.6493938575357,7.95645707768279,0,6.11438273212033,0,12.3696042574369,0,0,12.6308798789978,0,15.6039204597473,11.847345368572,10.6648853619893,5.85708421149724,35.7508981452798,10.8528720635921,38.3165392194475,13.3384979349574,0,0
0,0,7.59252350631802,0,3.83127103436668,0,3.59629744953579,0,0,0,0,0,0,0,0,0,59.2238693237305,69.6753387451172,39.3633480072021,0,9.37165712515513,0,0,0,0,0,0,0,0,0,0,0,0,0,0,0,22.5692558288574,0,0,0,39.6550248463949,0,31.6137995450002,0,24.840950012207,0,27.7665328979492,44.5908508300781,46.6315892537435,0,0,0,3.1937130178724,0,5.87311261892319,0,4.35267047072243,0,3.91662360562219,0,7.91205678667341,0,0,15.0194444656372,0,0,0,0,0,0,0,0,0,32.3136157989502,0,0,0,0,0,43.2145120957318,0,42.3030824661255,14.3562608599663,0,9.34388244923234,0,38.2797050476074
0,12.8741957346598,0,5.39184713363647,0,3.63662553855351,0,5.04250585115873,0,8.36414770726804,0,4.84218215942383,0,0,0,0,0,0,0,3.153543885718,0,0,0,0,0,0,0,0,0,0,0,0,0,0,0,2.88409599891076,0,0,0,0,0,0,0,0,0,0,0,0,0,0,0,0,0,3.42109712057335,0,6.71333862753475,0,5.03301547202799,0,3.05988498356031,0,0,7.79545902827429,0,0,0,0,0,0,0,0,0,0,0,0,0,0,0,0,0,0,0,3.5750515460968,0,5.4527222769601,0,0
0,0,0,0,0,0,5.08264753222466,0,0,0,0,0,0,0,0,0,0,0,0,0,4.08796031507727,0,0,0,0,0,0,0,0,0,0,0,0,0,0,0,0,0,0,0,0,0,0,0,0,0,0,0,0,0,3.1937130178724,0,0,0,0,0,6.195145446263,0,9.34471001344569,0,0,0,0,5.06125545501709,0,0,0,0,0,0,0,0,0,0,0,0,0,0,0,0,0,0,3.0313656674491,0,0,0,0
0,0,0,0,0,3.47191717889574,0,3.30990747043065,0,0,0,0,0,0,0,0,0,0,0,0,0,0,0,0,0,0,0,0,0,0,0,0,0,0,0,0,0,0,0,0,0,0,0,0,0,0,0,0,0,0,0,3.42109712057335,0,0,0,0,0,9.54596336571666,0,3.55437577918724,0,0,10.4433465164925,0,0,0,0,0,0,0,0,0,0,0,0,0,0,0,0,0,0,0,3.00294804573059,0,0,0,0
7.31099435451419,62.2207244424259,7.21809406826894,70.5764823913574,5.94321393966675,0,0,0,7.17167457579463,0,0,0,0,0,4.76489701271057,0,26.964874903361,44.4570865631104,33.7298820813497,0,12.5669602751732,0,0,0,7.11080999209963,0,0,0,0,0,0,0,0,0,0,0,0,40.6922595500946,13.0502251243591,0,38.0907790444114,0,31.6930530659358,0,0,46.9635162353516,38.5471462673611,35.3507597446442,10.6670595125388,56.8927132288615,5.87311261892319,0,0,0,0,61.8255882263184,20.3491421427046,0,5.04489040374756,0,8.16872955519769,0,0,36.3517937660217,0,0,50.3705242701939,7.96849000453949,0,5.17008147493799,0,0,0,32.8260104235481,0,0,0,0,64.6314697265625,42.8019661696061,0,13.4621525285518,12.7241296838962,19.7929121653239,22.4168566942215,0,35.788557434082
0,7.18417316471658,0,0,0,0,0,0,0,7.64076037530775,0,0,0,0,0,6.34511955695994,0,0,0,0,0,27.3813311258952,0,4.29371384916634,0,0,0,0,0,0,0,0,0,0,0,0,0,14.7037792608142,40.9302088419596,0,0,23.5208034515381,0,0,0,0,0,0,0,10.9925422948949,0,6.71333862753475,0,0,61.8255882263184,0,0,0,0,0,0,8.48390816562951,0,0,0,0,6.8274011876848,63.0761566162109,2.85190176963806,0,0,0,27.0896186828613,0,0,0,0,0,0,0,18.1907446817693,45.8256462097168,7.37597259831807,0,9.36489148247511,0,0
12.0607350667318,0,9.11885323524475,0,7.76053454325749,0,4.56734788417816,0,23.0281950632731,0,4.50830330875994,0,4.94858978534567,0,0,0,69.2465400695801,64.0202407836914,28.2787823677063,0,3.93120579462989,0,0,0,0,0,0,0,0,0,4.4059972858429,0,0,0,0,0,3.31787819652767,0,3.40602084501522,0,32.6042369495739,0,18.5019316134245,0,0,40.127254486084,28.1412346522013,0,6.53394020712653,0,4.35267047072243,0,6.195145446263,0,20.3491421427046,0,0,0,5.09369363178502,0,6.03943537016335,0,0,7.21221611062778,0,0,0,0,0,0,0,5.13817223559978,0,4.80826671316166,0,0,0,0,0,17.2333967452464,0,4.73832855645348,4.84954018285959,4.16831648349762,7.56827795505524,0,45.0982818603516
0,8.55126651128133,0,23.7064850916628,0,7.3167015926258,0,11.3407454463645,0,0,0,4.40005526638304,0,5.16844963984213,0,0,0,61.1882438659668,21.976893561227,4.87753828554033,0,0,0,0,0,0,0,0,0,0,0,0,0,0,0,4.3602759374116,0,4.52661920964461,0,31.8649915059408,0,10.5910195522308,0,0,0,32.2219715118408,0,0,0,5.90441240892002,0,5.03301547202799,0,9.54596336571666,0,0,0,0,0,6.22724104083697,0,5.11326233964217,5.69628839196786,0,18.3819251060486,0,0,53.697395324707,14.327992105484,0,5.35073795799815,0,5.34637175967915,0,0,0,0,0,6.26684857169284,0,7.50341561088643,0,6.33481458625103,40.8244400024414,7.48234783825857,0,0
11.2909027735392,0,3.94356009695265,0,0,0,12.4404881795247,0,0,0,4.06217981734366,0,4.10555496801108,0,3.50170158472928,0,0,0,0,0,0,0,0,0,0,0,0,0,0,0,0,0,0,0,0,0,0,0,0,0,36.1763122558594,0,29.8236886753755,0,0,0,0,0,8.16152466472827,0,3.91662360562219,0,9.34471001344569,0,5.04489040374756,0,5.09369363178502,0,0,0,3.96467177318288,0,0,41.7682723999023,0,0,0,0,0,5.11567997932434,0,6.00519437148791,0,13.0815132757028,0,0,0,0,0,39.4110670823317,0,36.0535936355591,3.21186214174543,3.27110260327657,15.6558174940005,0,0
0,7.57031675104825,0,3.72647722389387,0,0,0,4.2190446111891,0,0,0,4.26316189143969,0,3.77160813370966,0,2.90589225460106,0,0,0,0,0,0,0,0,0,0,0,3.52918736284429,0,0,0,0,0,0,0,0,0,0,0,0,0,19.2430595397949,0,0,0,0,0,0,0,5.01234806939395,0,3.05988498356031,0,3.55437577918724,0,0,0,6.22724104083697,0,0,0,3.85685897454983,5.57364082336426,0,20.6863975524902,0,12.1550679206848,0,6.92439121208834,0,4.70611187635306,0,9.2424259185791,0,0,0,0,0,0,0,0,0,3.37590718487158,3.12833869170684,8.35206602633684,0,0
11.7231585499961,0,4.90981425331757,0,3.57272124290466,0,0,0,5.71417271039065,0,0,0,3.06474262125352,0,4.29548962544469,0,59.640869140625,0,41.7910514831543,0,11.4692673683167,0,0,0,30.6935367584229,0,0,0,0,0,0,0,0,0,0,0,0,0,28.447639465332,0,36.9989678955078,0,31.0748255705532,0,0,0,24.3108530044556,0,9.27291178132556,0,7.91205678667341,0,0,0,8.16872955519769,0,6.03943537016335,0,3.96467177318288,0,0,0,0,36.9458573659261,0,0,0,17.8065040111542,0,11.4556728839874,0,8.22702211959689,0,15.4970428161621,0,0,0,0,0,40.9762197577435,0,35.5431259379667,15.61640001297,64.5750503540039,18.8206133069573,0,35.86296971639
0,8.24582585163206,0,3.98573424632733,0,0,0,0,0,5.87153637661384,0,0,0,3.02010035704053,0,4.02282764699108,0,3.78811812400818,0,0,0,0,0,6.11103782057762,0,2.89602789011869,0,2.92055211283944,0,0,0,0,0,0,0,0,0,26.340799331665,0,0,0,21.5286591847738,0,0,0,0,0,0,59.8791007995605,5.23081780302113,0,0,0,0,0,8.48390816562951,0,5.11326233964217,0,3.85685897454983,0,0,0,0,0,0,18.6234808529125,0,4.37340027046204,0,3.59721030129327,0,0,0,0,0,0,0,0,0,0,0,5.09345350450682,4.53898106680976,14.9844355370739,0,0
0,0,45.9199447631836,28.5585714067732,0,8.64771142319171,0,12.785499819282,0,0,0,3.94667193338201,0,0,0,0,64.90842628479,43.7671496073405,44.513854821523,4.98638431539341,0,0,0,0,0,0,0,0,0,0,0,0,0,0,0,4.72757218229787,0,4.89033331925219,0,8.19898241299849,0,18.6969639119648,67.056037902832,23.099938659668,0,8.85695944668672,30.7087084452311,0,0,29.686882019043,0,7.79545902827429,0,10.4433465164925,0,0,0,5.69628839196786,0,5.57364082336426,0,0,0,0,0,0,0,0,0,0,0,0,12.1195626958211,0,0,0,0,0,8.05954274740807,0,5.09219297631692,0,9.71572232640479,36.7455072402954,11.3826320140039,40.6111297607422,0
66.153528213501,0,42.046989440918,0,10.6764868100484,0,3.69326492804515,0,63.7909660339355,0,3.54802295073722,0,0,0,0,0,57.5248895842454,63.8106791178385,39.1943295318956,0,3.69900519146248,0,0,0,0,0,0,0,0,0,0,0,0,0,0,0,4.07648291706673,0,4.52083485755161,94.3513984680176,6.07009355866312,52.6444263458252,20.3177761725511,0,21.9020467358966,0,12.1699044974241,0,43.5351104736328,62.1899299621582,15.0194444656372,0,5.06125545501709,0,36.3517937660217,0,7.21221611062778,0,41.7682723999023,0,36.9458573659261,0,0,0,0,0,0,0,0,0,0,0,0,26.3090255578359,0,0,0,0,99.8544578552246,11.5033105088572,89.8498382568359,9.91305811455752,8.75953255684908,69.0840209960938,13.9685966866121,0,0
0,0,0,0,0,0,0,0,0,0,0,0,0,0,0,0,0,0,0,0,0,4.59341626795497,5.29078544008321,5.98581575666155,0,0,0,3.06114661693573,0,0,0,0,0,0,0,0,0,5.11440019524513,8.08336369196574,0,0,0,0,0,0,0,0,14.0953941345215,0,4.86479472175694,0,0,0,0,0,0,0,18.3819251060486,0,20.6863975524902,0,0,0,0,0,7.22621627648671,7.61846199859098,0,4.72293980842619,0,6.60001741311061,0,15.3652048110962,0,0,0,0,0,0,0,7.19686477154369,0,3.57172444378589,3.98313071629772,16.468225479126,0,0
0,0,0,0,0,0,0,0,0,0,0,0,0,0,0,0,0,0,0,0,0,5.43491080479744,3.99359003362254,0,4.75116633285176,0,4.00685977935791,0,2.74090695381165,0,0,0,0,0,0,0,0,15.3873194058736,4.43273852180032,0,0,0,0,0,0,0,0,0,4.06267856070714,0,0,0,0,0,0,0,0,0,0,0,0,0,0,0,7.22621627648671,0,0,6.04002116354395,0,7.1758975982666,0,4.18220682179227,0,0,0,0,0,0,0,0,0,4.53046829109892,3.55206153491815,4.58368653059006,44.2767333984375,0,0
47.8248558044434,19.4063558578491,0,64.9480323791504,0,0,0,0,53.7700004577637,17.2011420998392,0,0,0,0,0,17.2692852020264,0,0,0,0,0,13.3032947578569,0,4.37145990771256,0,3.40611347030191,0,0,0,0,0,0,0,0,0,0,0,9.36123843726281,32.9738279387008,48.9454803466797,0,34.9354069016197,0,0,0,0,0,21.0236755098615,38.2870946611677,7.5584609290605,0,0,0,0,50.3705242701939,6.8274011876848,0,0,0,12.1550679206848,0,18.6234808529125,0,0,7.61846199859098,0,0,39.8797462169941,4.24804745222393,0,8.87901728947957,0,0,0,0,0,0,0,48.1317749023438,0,13.2461256384036,33.9403488739677,18.9940619949709,65.0107650756836,7.60561040657266,0,0
16.7777590751648,50.7143832683563,0,60.3448609113693,0,0,0,0,12.4441002621154,61.6089305877686,0,0,0,0,0,0,7.14968395233154,33.5197334289551,2.9828088760376,0,0,0,16.3019673774117,0,3.13132318104205,0,4.52901054831112,0,0,0,0,0,0,0,0,0,0,30.0181902625344,6.79856088192922,0,0,40.7417869567871,27.8105476512465,0,0,0,47.2559623718262,18.7346071004868,5.74960680235,43.6493938575357,0,0,0,0,7.96849000453949,63.0761566162109,0,53.697395324707,0,0,17.8065040111542,0,0,0,0,6.04002116354395,39.8797462169941,0,0,3.68632211685181,0,0,0,0,0,0,0,0,0,0,35.5956497192383,7.82843525241934,16.8841361560466,15.5430970191956,20.7712122806862,0,0
52.3013458251953,0,0,0,0,0,0,0,0,2.8290520849682,0,0,0,0,0,2.95569658279419,0,3.20450318181837,0,0,0,2.96404360771179,0,3.23086397882019,0,3.05916380882263,0,3.50974202666964,0,0,0,0,0,0,0,0,0,12.3447275615874,36.5693416595459,0,0,43.2524700164795,0,0,0,0,0,0,0,7.95645707768279,0,0,0,0,0,2.85190176963806,0,14.327992105484,0,6.92439121208834,0,4.37340027046204,0,0,4.72293980842619,0,4.24804745222393,0,0,0,6.53975504630193,0,0,0,0,0,0,0,0,0,9.74261152744293,0,3.36220843451364,0,12.226612663269,0,0
13.5595709482829,0,0,0,0,0,0,0,3.12913385033607,0,0,0,0,0,0,0,3.22789650176888,0,0,0,0,0,4.60026392729386,0,4.13374849215856,0,4.31457122802734,0,3.06876537074213,0,0,0,0,0,0,0,0,0,0,0,0,0,0,0,0,0,0,0,4.01947042127935,0,0,0,0,0,5.17008147493799,0,0,0,5.11567997932434,0,11.4556728839874,0,0,0,0,7.1758975982666,0,3.68632211685181,0,0,0,4.59750341206062,0,0,0,0,0,0,0,0,0,0,3.41416797098124,0,3.37981200218201,0,0
0,0,0,0,0,0,0,0,0,0,0,3.55610944543566,0,3.04454803466797,0,4.4515028834343,0,3.16078567504883,0,0,0,3.60709051719079,0,0,0,2.9467066526413,0,3.5575722319509,0,3.91056475486511,0,0,0,0,0,0,0,4.23655005318395,0,0,0,0,0,0,0,0,0,0,0,6.11438273212033,0,0,0,0,0,0,0,5.35073795799815,0,4.70611187635306,0,3.59721030129327,0,0,6.60001741311061,0,8.87901728947957,0,6.53975504630193,0,0,0,4.29832263826167,0,0,0,0,0,0,0,4.47498105333738,0,3.2970173254383,3.23795497689617,4.7326437830925,0,0
0,0,0,0,0,0,0,0,0,0,2.97744917869568,0,0,0,0,0,0,0,0,0,0,0,5.42200530492342,0,0,0,3.11263525485992,0,3.0582576811783,0,3.1815392604241,0,0,0,0,0,0,0,3.16110270274313,0,0,0,0,0,0,0,0,0,3.6456993061143,0,0,0,0,0,0,0,5.13817223559978,0,6.00519437148791,0,8.22702211959689,0,0,0,0,4.18220682179227,0,0,0,4.59750341206062,0,0,0,3.20881482743725,0,0,0,0,0,0,0,0,0,0,8.50549021473637,0,0
0,0,0,25.5938341851328,0,0,0,0,0,24.413916905721,0,3.01611251722683,0,0,0,0,58.507740020752,35.2204246520996,26.1535084632135,0,0,0,0,0,0,0,0,3.65416384965946,0,4.61045408555352,0,0,0,0,0,0,0,3.57482940593471,0,38.0605291478774,0,13.9371546971703,0,0,0,33.5505798564238,0,0,0,12.3696042574369,0,0,0,0,0,27.0896186828613,0,5.34637175967915,0,9.2424259185791,0,0,12.1195626958211,0,15.3652048110962,0,0,0,0,0,4.29832263826167,0,0,0,0,0,0,0,50.8781539069282,0,4.14290360003235,0,12.5873151848191,37.4959759712219,13.0573231622858,18.4041283471244,0
16.5598260385019,0,27.2447271125261,0,33.8317222595215,0,0,0,22.9285494940621,0,3.23902424176534,0,0,0,0,0,48.3602434794108,40.3870048522949,35.1665922078219,0,0,0,0,0,0,0,0,0,4.12018631082593,0,3.35783334447866,0,0,0,0,0,39.7148017883301,0,3.50723488899312,0,22.7286044850069,0,14.4114721872792,0,0,45.157112121582,33.3197219428115,0,13.2083307013792,0,32.3136157989502,0,0,0,32.8260104235481,0,4.80826671316166,0,13.0815132757028,0,15.4970428161621,0,0,26.3090255578359,0,0,0,0,0,0,0,3.20881482743725,0,0,0,0,0,0,0,38.7049575016416,0,3.97624980290731,23.1983181011828,0,7.91217079674225,0,16.0152132246229
0,0,0,0,0,0,0,0,0,0,0,0,0,0,0,0,0,0,0,0,0,0,0,0,0,0,0,0,0,0,0,3.71773557426277,4.27259689031826,4.13648559065426,3.16826176643372,4.02285178838201,4.58388520947736,0,0,0,0,0,0,0,0,0,0,4.14948657450785,0,0,0,0,0,0,0,0,0,0,0,0,0,0,0,0,0,0,0,0,0,0,0,0,0,0,0,5.32982149743807,8.37543530518052,6.81208864847819,4.05835867572475,5.66304890314738,0,0,4.31911636452649,0,0,0,0
0,0,0,0,0,0,0,0,0,0,0,0,0,0,0,0,0,0,0,0,0,0,0,0,0,0,0,0,0,0,0,4.484670253332,5.32173414288854,4.88590013279634,3.5069797039032,4.78240298251716,3.55096042181422,0,0,14.4906673431396,0,0,0,0,0,0,0,5.14630111164626,6.57923056339395,12.6308798789978,0,0,0,0,0,0,0,0,0,0,0,0,0,0,0,0,0,0,0,0,0,0,0,0,5.32982149743807,0,6.17586962381999,10.1687729306019,0,4.02920915948796,0,17.4943695068359,4.26940527037969,0,0,0,0
