0,0,0.152140267870643,0,0,0,0,0,0.169211873944503,0,0,0,0,0,0,0,0.387668028473854,0.364717148244381,0.455370663886978,0,0,0,0,0,0,0,0,0,0,0,0,0,0,0,0,0,0.408657314876715,0.384825766086578,0.360747545957565,0,0.434123571429934,0,0.323288284919479,0,0,0,0.394530802965164,0,0.165918368377067,0,0,0,0,0,0.198641438792171,0,0.388467907905579,0,0,0,0.218696559667587,0,0,0.353516817092896,0,0,0,0,0,0,0,0,0,0.405574557456103,0,0,0,0,0.389357795317968,0.409716675720983,0,0.428579412400723,0.379447128337163,0,0.285071802387635,0,0
0,0,0,0.165355354547501,0,0.175942679867148,0,0,0,0.157812826841126,0,0.401779443025589,0,0,0,0.144551336765289,0.365002304315567,0.34904424349467,0.417772386485422,0.221196413040161,0,0,0,0,0,0,0,0,0,0,0,0,0,0,0,0.419324983358383,0,0,0,0,0,0.288009207165717,0.288886785507202,0,0,0,0,0,0,0.154610918003058,0,0.182948700634056,0,0,0,0.170709974865998,0,0.219220489263535,0,0.217294111847878,0,0.175417037576622,0.458225257694721,0,0,0,0,0,0,0,0.31611704826355,0,0.445202007889748,0,0,0,0,0,0.436056085551778,0.402635097503662,0.480818512439728,0,0.398111880219803,0,0.207535590633659,0,0
0.152140267870643,0,0,0,0.218993042906125,0,0,0,0.175087218753238,0,0,0,0,0,0.246499836444855,0,0,0,0.293838500976562,0,0,0,0,0,0,0,0,0,0,0,0,0,0,0,0,0,0.326132333278656,0,0,0,0.333433164490594,0,0.343684016088004,0,0,0,0.277048310637474,0,0.172422327291054,0,0.203240480745724,0,0,0,0.179241230222662,0,0.30540805203574,0,0,0,0.203320373865691,0,0,0.285183884203434,0,0,0,0,0,0,0,0.348028182983398,0,0.352050721645355,0,0,0,0,0,0.330403946936131,0.372969329357147,0.3317999958992,0.240482239650958,0.256176233291626,0.310965357906564,0,0.304911010224244
0,0.165355354547501,0,0,0,0.154457637067161,0,0,0,0.188267499512556,0,0,0,0.228442661464214,0,0.234353438019753,0,0,0.315767422318459,0.331008613109589,0,0,0,0,0,0,0,0,0,0,0,0,0,0,0,0.335392712056637,0,0.367255315184593,0,0.30911899805069,0,0.338019893855177,0,0,0,0,0,0,0,0.227054805347794,0,0.209855319175198,0,0,0,0.174956514341075,0,0.319308317005634,0,0.206143128600988,0,0.203597192580883,0.284410007794698,0,0,0,0,0,0.329927772283554,0,0.35089006125927,0,0.368281301330118,0,0,0,0,0,0.346772361132834,0,0.376473558576483,0,0.261784955325411,0.286009440819422,0.295075808330016,0.294206847963126,0
0,0,0.218993042906125,0,0,0,0.221326722240071,0,0.196957455514228,0,0,0,0,0,0,0,0,0,0.37991389632225,0,0.190344433633634,0,0,0,0,0,0,0,0,0,0,0,0,0,0,0,0.189555430412292,0,0,0,0,0,0,0,0,0,0,0,0,0,0.222762347393644,0,0.263622492551804,0,0.195477068424225,0,0.270448006689548,0,0.22661118209362,0,0,0,0,0.309947912891706,0,0,0,0,0,0,0,0,0,0.30230787396431,0,0,0,0,0,0.282138255735238,0,0,0.18062835854703,0.193465836533979,0.20795276608814,0,0
0,0.175942679867148,0,0.154457637067161,0,0,0,0,0,0.206382328644395,0,0,0,0.178138038399173,0,0.181225315278227,0,0,0.277421504259109,0.228081417935235,0,0,0,0,0,0,0,0,0,0,0,0,0,0,0,0.213577864468098,0,0,0,0,0,0.26246342939489,0,0,0,0,0,0,0,0.216622732579708,0,0.200833730379252,0,0,0,0.183124792169441,0,0.238525180220604,0,0.198548158705235,0,0.187868963678678,0.300123900175095,0,0,0,0,0,0,0,0.328394651412964,0,0.307329386472702,0,0,0,0,0,0.229539112498363,0,0,0,0.198479528558637,0.240731351291303,0.223272457474568,0.232828468084335,0
0,0,0,0,0.221326722240071,0,0,0,0,0,0.216604576869444,0,0,0,0,0,0,0,0,0,0.159252439226423,0,0,0,0,0,0,0,0,0,0,0,0,0,0,0,0,0,0,0,0,0,0,0,0,0,0,0,0,0,0.236940294313125,0,0.20227772689403,0,0,0,0.201492261927144,0,0,0,0,0,0,0.151067957282066,0,0,0,0,0,0,0,0,0,0,0,0,0,0,0,0.133788683052574,0,0,0.179599300026894,0.175147773376827,0,0,0
0,0,0,0,0,0,0,0,0,0,0,0,0,0,0,0,0,0,0,0,0,0,0,0,0,0,0,0,0,0,0,0,0,0,0,0.168832454830408,0,0,0,0,0,0,0,0,0,0,0,0,0,0,0,0,0,0.214336276738001,0,0,0,0.203117522171565,0,0.143117405474186,0,0,0.166006948798895,0,0,0,0,0,0,0,0,0,0,0,0,0,0,0,0.215465885069635,0,0,0,0.173780037897878,0.163331002928317,0,0,0
0.169211873944503,0,0.175087218753238,0,0.196957455514228,0,0,0,0,0,0,0,0,0,0.165037186495189,0,0.167886758844058,0,0.246253337711096,0,0,0,0,0,0.227914899587631,0,0,0,0,0,0,0,0,0,0,0,0,0,0.304605374542566,0,0,0.389635368305094,0.193909380617349,0,0,0,0,0.461853444576263,0.193355140901507,0,0.195793359199675,0,0,0,0.218556179025742,0,0,0,0,0,0.181489577971845,0,0,0,0,0,0,0.310420983716061,0,0,0,0,0,0,0,0,0,0,0,0,0,0.324036639316806,0.195663010048629,0.221578403743876,0.207136043970356,0,0.297475874423981
0,0.157812826841126,0,0.188267499512556,0,0.206382328644395,0,0,0,0,0,0,0,0,0,0.175021969782772,0.147479727864265,0.164604219443658,0,0,0,0.319551378488541,0,0.196040087512561,0,0,0,0,0,0,0,0,0,0,0,0.21380980014801,0,0.273121750844805,0,0,0,0.255849800778158,0,0,0,0,0,0,0,0.26251811001982,0,0.211951606987435,0,0,0,0.209950920811074,0,0.2337138004601,0,0.236969098448753,0,0.205642931097377,0,0,0,0,0.258449117502859,0,0,0,0,0,0,0,0,0,0,0,0,0,0.306325220788012,0,0.194492521256966,0.285628110170364,0.181311594951596,0,0
0,0,0,0,0,0,0.216604576869444,0,0,0,0,0,0.16817908319381,0,0,0,0,0,0,0,0.186929499741111,0,0,0,0,0,0,0,0.156865510073575,0,0.228574288302454,0,0,0,0,0,0.156198555576629,0,0.173709520215381,0,0,0,0,0,0,0,0,0,0,0,0,0,0.211847334106763,0,0,0,0.241402326700818,0,0.173379004304692,0,0,0,0,0.15769629455633,0,0,0,0,0,0,0,0,0,0.239609419810967,0,0,0,0,0,0.128477125550094,0,0,0.165083763189614,0.185998251040777,0,0,0
0,0.401779443025589,0,0,0,0,0,0,0,0,0,0,0,0.159136450677006,0,0,0,0,0.494491577148438,0.161177578171293,0,0,0,0,0,0,0,0,0,0.226201810874045,0,0,0,0,0,0.133476703367647,0,0.162144393390491,0,0,0,0.475555181503296,0,0,0,0,0,0,0,0,0,0,0,0.163001548498869,0,0,0,0.229326801139267,0,0.171458958235291,0,0,0.202350429974156,0,0,0,0,0,0,0,0,0,0.262463870619313,0,0,0,0,0,0.132055656038798,0,0.177760470509529,0,0.151324938038034,0,0.404607623815536,0,0
0,0,0,0,0,0,0,0,0,0,0.16817908319381,0,0,0,0.17660760439255,0,0,0,0,0,0,0,0,0,0,0,0,0,0.131654821336269,0,0,0,0,0,0,0,0,0,0,0,0,0,0,0,0,0,0,0,0,0,0,0,0.146285742521286,0,0,0,0.167342750805205,0,0.210505187681743,0,0.163734479319482,0,0,0,0,0,0,0,0,0,0,0,0,0,0,0,0,0,0,0,0,0,0.165241316922249,0.164198820789655,0,0,0
0,0,0,0.228442661464214,0,0.178138038399173,0,0,0,0,0,0.159136450677006,0,0,0,0.176284856146032,0,0,0,0,0,0,0,0,0,0.35612428188324,0,0.184952111707793,0,0,0,0,0,0,0,0,0,0,0,0,0,0,0,0,0,0,0,0,0,0,0,0,0,0.137668938799338,0,0,0,0.142315842211246,0,0.224768985338067,0,0.16766915996285,0,0,0,0,0,0,0.333435573075947,0,0,0,0,0,0,0,0,0,0,0,0,0,0.180858582234572,0.224216158775722,0,0,0
0,0,0.246499836444855,0,0,0,0,0,0.165037186495189,0,0,0,0.17660760439255,0,0,0,0.154169418320463,0.14880957454443,0,0,0,0,0,0,0,0,0.12568187713623,0,0,0,0,0,0,0,0,0,0,0,0,0,0,0,0,0,0,0,0,0,0.226869232952595,0,0.17043693177402,0,0,0,0.176099050112746,0,0,0,0.199894719910853,0,0.233789879907953,0,0,0,0,0,0,0,0,0,0,0,0,0,0,0,0,0,0,0,0,0,0.149341235669064,0.142337727049987,0,0,0
0,0.144551336765289,0,0.234353438019753,0,0.181225315278227,0,0,0,0.175021969782772,0,0,0,0.176284856146032,0,0,0,0.14960499222462,0,0,0,0,0,0,0,0,0,0,0,0,0,0,0,0,0,0,0,0,0,0,0,0.327094100415707,0,0,0,0,0,0,0,0.228963114321232,0,0.209662500668216,0,0,0,0.178288514441565,0,0.244644820690155,0,0.219652875067567,0,0.183462763374502,0.293295413255692,0,0,0,0,0,0.301704968015353,0,0,0,0,0,0,0,0,0,0,0,0,0,0.186184596144751,0.238295611739159,0.205772683024406,0,0
0.387668028473854,0.365002304315567,0,0,0,0,0,0,0.167886758844058,0.147479727864265,0,0,0,0,0.154169418320463,0,0,0.154449594550903,0.284635681205226,0,0,0,0.158524304324267,0,0.151800191607969,0.1389376936901,0.158459765427316,0,0.140473671257496,0,0,0,0,0,0,0.3750009768539,0.344343018073302,0,0,0.307360672950745,0.32840300981815,0.29384900463952,0.294729118625964,0.277127802371979,0,0.32838417424096,0.306158728897572,0.336201697587967,0,0.302569001913071,0,0,0,0,0,0,0,0.397057592868805,0,0,0.147786917164922,0,0.308199636638165,0.311179747184118,0,0,0,0,0,0.137566542625427,0,0,0,0,0,0,0,0,0.365084581077099,0.342908861356623,0.44798219203949,0.371488630771637,0.196465372390304,0.134596746114796,0.327524367471536,0.316276408731937,0.300399897495906
0.364717148244381,0.34904424349467,0,0,0,0,0,0,0,0.164604219443658,0,0,0,0,0.14880957454443,0.14960499222462,0.154449594550903,0,0.308072774349541,0,0,0.186979055404663,0,0,0,0.150010725781587,0.156179881095886,0.18649086356163,0,0,0,0,0,0,0,0.400419142097235,0.362539519866308,0,0,0.327702425420284,0.311858147382736,0.30371623314344,0.297511427104473,0.315595015883446,0,0.345376761336076,0.350682765245438,0,0.310763716697693,0.418230444192886,0,0,0,0,0,0,0,0,0,0,0,0,0.310201075341966,0.336113959550858,0,0,0,0,0.169628219751569,0,0,0,0,0,0,0,0,0,0.36435786061562,0.350627930326895,0.426578789949417,0,0.207145202299694,0.158255886618509,0.360670601328214,0.301914594003132,0.292911348598344
0.455370663886978,0.417772386485422,0.293838500976562,0.315767422318459,0.37991389632225,0.277421504259109,0,0,0.246253337711096,0,0,0.494491577148438,0,0,0,0,0.284635681205226,0.308072774349541,0,0.459726937115192,0,0,0,0,0,0,0.23977621893088,0,0,0,0,0,0,0,0.261703938245773,0.40465588924251,0.380037311409495,0.465153046629646,0.399102926254272,0.34531388122861,0.394617912584338,0.261059577369319,0.243547264576971,0.231454894744924,0,0.307299432501329,0.284961299135767,0.368169754743576,0.32700090110302,0.329711091789332,0,0.247615814208984,0,0,0,0,0.388139026363691,0.411825315518813,0,0,0,0,0.35244870141371,0.331728225794889,0,0,0,0.154315870255232,0,0,0.385361135005951,0,0.445609950331541,0.424164744559675,0,0,0,0.368568778038025,0.385115475797584,0.380485102254846,0.484140811384552,0.461022242337843,0.285227792986948,0.275124598294497,0.37885992613955,0.231146079700763,0.273091813898338
0,0.221196413040161,0,0.331008613109589,0,0.228081417935235,0,0,0,0,0,0.161177578171293,0,0,0,0,0,0,0.459726937115192,0,0,0,0,0,0,0,0,0,0,0,0,0,0,0,0,0.188359497122378,0,0.191770173164836,0,0,0,0.404827803373337,0,0,0,0.371431954205036,0,0,0,0.271085143089294,0,0.282899732895309,0,0,0,0,0,0.250536169688981,0,0.339398264884949,0,0,0.260432228507616,0,0,0,0,0,0.358720511198044,0,0.363073319196701,0,0.313314825296402,0,0,0,0,0,0.219616615167766,0,0.233343502675945,0,0.161464852963885,0,0.297803007535168,0,0
0,0,0,0,0.190344433633634,0,0.159252439226423,0,0,0,0.186929499741111,0,0,0,0,0,0,0,0,0,0,0,0,0,0,0,0,0,0,0,0,0,0,0,0,0,0.17190932244287,0,0.143659681994088,0,0,0,0.31021973490715,0,0,0,0.255263403058052,0.238960936665535,0.236935421824455,0,0.194604223854439,0,0.168421032674172,0,0,0,0.181976609156885,0,0,0,0,0,0,0.189494142406865,0,0,0,0,0,0,0,0,0,0.353066856210882,0,0,0,0,0,0.183902661877069,0,0,0.181138340073327,0.216382806499799,0.25896021670799,0,0
0,0,0,0,0,0,0,0,0,0.319551378488541,0,0,0,0,0,0,0,0.186979055404663,0,0,0,0,0.106949278774361,0.211924245782036,0,0.166517063975334,0,0.146587320736476,0,0,0,0,0,0,0,0,0,0.250677414837374,0,0,0,0,0,0,0,0,0,0,0,0.289830764378208,0,0,0,0,0,0.254800342023373,0,0.348383476336797,0,0,0,0,0,0,0.225896428518547,0.0683165788650513,0.235365536559179,0,0.236262737048997,0,0.250817065792424,0,0.344877362251282,0,0,0,0,0,0,0,0.237708900878849,0,0.134147842725118,0.148248023408301,0.359472038490432,0,0
0,0,0,0,0,0,0,0,0,0,0,0,0,0,0,0,0.158524304324267,0,0,0,0,0.106949278774361,0,0,0.133496844898099,0,0.153055363467761,0,0.184541362173417,0,0,0,0,0,0,0,0,0.149433877319098,0.244054269790649,0,0,0,0,0,0,0,0,0.483131609857082,0.315029557139585,0,0,0,0,0,0,0,0,0,0,0,0,0,0,0,0,0.225843348623992,0,0.230455291914005,0,0.204839604168103,0,0.300283719192852,0,0,0,0,0,0,0,0,0,0.230470861854224,0.16017067198699,0.365441173315048,0.250045822667224,0,0
0,0,0,0,0,0,0,0,0,0.196040087512561,0,0,0,0,0,0,0,0,0,0,0,0.211924245782036,0,0,0,0.170992104780106,0,0,0,0,0,0,0,0,0,0,0,0.195173926968524,0,0,0,0,0,0,0,0,0,0,0,0.257449927606753,0,0,0,0,0,0.227864665898887,0,0.305497169494629,0,0.317478865385056,0,0,0,0,0.237197804533773,0,0.192632718608406,0,0.165908242411473,0,0,0,0,0,0,0,0,0,0,0,0.163793732774885,0,0.118893594726136,0,0.268802577257156,0,0
0,0,0,0,0,0,0,0,0.227914899587631,0,0,0,0,0,0,0,0.151800191607969,0,0,0,0,0,0.133496844898099,0,0,0,0.173820834255443,0,0,0,0,0,0,0,0,0,0,0,0.181553563787317,0,0,0.385825469096502,0.282057700188536,0,0,0,0,0.550858994325002,0.258429062579359,0,0,0,0,0,0.257800967509585,0,0,0,0,0,0,0,0,0,0,0.218827205800241,0,0.208075019465638,0,0.183978460828795,0,0,0,0,0,0,0,0,0,0,0,0.191804620352658,0.226536463862075,0.358647706179783,0.295952244874943,0,0
0,0,0,0,0,0,0,0,0,0,0,0,0,0.35612428188324,0,0,0.1389376936901,0.150010725781587,0,0,0,0.166517063975334,0,0.170992104780106,0,0,0,0.155489822559886,0,0,0,0,0,0,0,0,0,0,0,0,0,0,0,0,0,0,0,0,0,0,0,0,0,0,0,0,0,0.363581508398056,0,0.389287878023951,0,0,0,0,0.222424340778834,0,0.155453389510512,0,0.19487221345499,0,0,0,0,0,0,0,0,0,0.350658804178238,0,0,0,0.175538896227912,0,0,0,0
0,0,0,0,0,0,0,0,0,0,0,0,0,0,0.12568187713623,0,0.158459765427316,0.156179881095886,0.23977621893088,0,0,0,0.153055363467761,0,0.173820834255443,0,0,0,0.152131803333759,0,0,0,0,0,0,0,0,0,0,0,0,0,0,0,0,0,0,0,0,0,0,0,0,0,0.138479925692081,0,0,0,0,0,0,0,0,0,0,0,0,0.176987209548689,0,0.182605821247164,0,0.163932671149572,0,0,0,0,0,0,0.366620630025864,0,0,0,0.17400123909408,0.152732536196709,0,0,0
0,0,0,0,0,0,0,0,0,0,0,0,0,0.184952111707793,0,0,0,0.18649086356163,0,0,0,0.146587320736476,0,0,0,0.155489822559886,0,0,0,0.160338378412937,0,0,0,0,0,0,0,0.151273009677728,0,0,0,0,0,0,0,0,0,0,0,0,0,0,0,0,0,0,0,0,0,0.178150951862335,0,0,0,0,0,0,0,0,0.217939146186994,0,0.180857318793197,0,0.220566295385361,0,0,0,0,0,0,0,0.16137671371301,0,0.195896810191309,0.157980422888483,0,0,0
0,0,0,0,0,0,0,0,0,0,0.156865510073575,0,0.131654821336269,0,0,0,0.140473671257496,0,0,0,0,0,0.184541362173417,0,0,0,0.152131803333759,0,0,0,0.159140961496411,0,0,0,0,0,0,0,0.222342759370804,0,0,0,0,0,0,0,0,0,0,0,0,0,0,0,0,0,0.14524807408452,0,0.149540146191915,0,0,0,0,0,0,0.183408168809754,0,0,0,0.232929797126697,0,0.188665528898553,0,0.156961810450221,0,0,0,0,0,0,0,0.244234844628308,0.169473379197782,0.190661830295409,0,0,0
0,0,0,0,0,0,0,0,0,0,0,0.226201810874045,0,0,0,0,0,0,0,0,0,0,0,0,0,0,0,0.160338378412937,0,0,0,0,0,0,0,0,0,0.180416110181069,0,0,0,0,0,0,0,0,0,0,0,0,0,0,0,0,0,0,0,0.213690769515539,0,0,0,0,0,0,0,0,0,0,0,0,0.191973248665983,0,0.23496829808827,0,0,0,0,0,0,0,0.173665447903506,0,0.164266405834092,0,0,0,0
0,0,0,0,0,0,0,0,0,0,0.228574288302454,0,0,0,0,0,0,0,0,0,0,0,0,0,0,0,0,0,0.159140961496411,0,0,0,0,0,0,0,0,0,0.218086465538203,0,0,0,0,0,0,0,0,0,0,0,0,0,0,0,0,0,0.253393648612884,0,0,0,0,0,0,0,0,0,0,0,0,0,0,0.180983245372772,0,0.239984845113225,0,0,0,0,0,0,0,0.244803182550312,0,0,0,0,0
0,0,0,0,0,0,0,0,0,0,0,0,0,0,0,0,0,0,0,0,0,0,0,0,0,0,0,0,0,0,0,0,0.298874491344619,0.176581089695295,0,0.161533554208775,0.239084269152954,0,0,0,0,0,0,0,0,0,0,0.424055438573709,0,0,0,0,0,0,0,0,0,0,0,0,0,0,0,0,0,0,0,0,0,0,0,0,0,0,0.276938177005029,0.412904191410067,0.158888914867451,0,0.255473402073363,0.241066033020616,0,0,0.209294797535139,0,0,0,0
0,0,0,0,0,0,0,0,0,0,0,0,0,0,0,0,0,0,0,0,0,0,0,0,0,0,0,0,0,0,0,0.298874491344619,0,0,0,0.200185253694179,0.1944380153782,0,0,0,0,0,0,0,0,0,0,0.562440866313013,0.561061807654121,0.56087281430761,0,0,0,0,0,0,0,0,0,0,0,0,0,0,0,0,0,0,0,0,0,0,0,0,0.235633433818817,0.282917000059368,0,0.246409968022377,0.250448533368331,0.228854030550244,0,0,0.216256667859852,0,0,0,0
0,0,0,0,0,0,0,0,0,0,0,0,0,0,0,0,0,0,0,0,0,0,0,0,0,0,0,0,0,0,0,0.176581089695295,0,0,0.175217373459131,0.181086736675896,0,0.269481735978341,0.122611314961405,0.262443691492081,0,0,0,0,0,0,0,0.237846416388385,0,0.316348417151359,0,0,0,0,0,0,0,0,0,0,0,0,0,0,0,0,0,0,0,0,0,0,0,0,0.19921337813139,0,0.210238558568698,0.173613108110194,0.199622537903611,0,0.276883158309574,0.121489327400923,0.244474679231644,0,0,0.36275652050972,0
0,0,0,0,0,0,0,0,0,0,0,0,0,0,0,0,0,0,0.261703938245773,0,0,0,0,0,0,0,0,0,0,0,0,0,0,0.175217373459131,0,0,0.172317440767074,0.174918236962536,0.31889276262246,0,0.312676221132278,0.754078686237335,0.325639049212138,0,0,0,0.349501053492228,0.254126700415061,0.300954665057361,0.425140152374903,0,0,0,0,0,0,0,0,0,0,0,0,0,0,0,0,0,0,0,0,0,0,0,0,0,0.3221295773983,0.183748855761119,0.263607763916434,0,0.205088554152421,0.244933219892638,0.206472173457344,0.214424341455225,0.250364304653236,0.76976490020752,0,0.315523982048035
0,0.419324983358383,0,0.335392712056637,0,0.213577864468098,0,0.168832454830408,0,0.21380980014801,0,0.133476703367647,0,0,0,0,0.3750009768539,0.400419142097235,0.40465588924251,0.188359497122378,0,0,0,0,0,0,0,0,0,0,0,0.161533554208775,0.200185253694179,0.181086736675896,0,0,0.171494517136704,0.188707882354934,0.130875834009864,0.319207302675951,0,0.340613390671785,0.289326429367065,0.41006433179504,0,0.369810570297497,0.331145107746124,0.327645676831404,0.287924587726593,0.311281454136324,0,0.217241610034128,0,0.14499476115878,0,0.214517660439014,0,0.171518418430586,0,0.328755761186282,0,0.340819656848907,0.279599619440104,0,0,0,0,0,0.309773162007332,0,0.313626788556576,0,0.305283309597718,0,0.186370189109492,0.208709960873576,0.1809981493734,0.272826185449958,0.237300124272621,0.204675509156408,0.252882790867799,0,0.202467824832168,0.217455820808155,0.279536588731032,0.371547569588917,0.327268972992897
0.408657314876715,0,0.326132333278656,0,0.189555430412292,0,0,0,0,0,0.156198555576629,0,0,0,0,0,0.344343018073302,0.362539519866308,0.380037311409495,0,0.17190932244287,0,0,0,0,0,0,0,0,0,0,0.239084269152954,0.1944380153782,0,0.172317440767074,0.171494517136704,0,0,0.181353453493774,0,0.321371159245891,0,0.324581089791993,0,0,0,0.328812712552287,0.301128601638583,0.328858287626828,0,0.234045508232984,0,0,0,0,0,0.170658948976977,0,0,0,0,0,0.373649269342422,0.236787368502312,0,0,0,0,0,0,0,0,0,0.356648989021778,0.286527498846962,0.292010341803784,0,0.230703798473231,0.165450402547843,0.234414646699385,0,0.250493212450385,0.20145772735551,0.254703466944835,0.24453810992695,0,0.343308263128589
0.384825766086578,0,0,0.367255315184593,0,0,0,0,0,0.273121750844805,0,0.162144393390491,0,0,0,0,0,0,0.465153046629646,0.191770173164836,0,0.250677414837374,0.149433877319098,0.195173926968524,0,0,0,0.151273009677728,0,0.180416110181069,0,0,0,0.269481735978341,0.174918236962536,0.188707882354934,0,0,0.137939709617058,0.32036296526591,0,0.428925794363022,0,0,0,0.370413483253547,0,0.275429811006162,0,0.392029448464006,0,0.311481401324272,0,0,0,0.307784658334954,0,0.179682701393809,0,0.367582678794861,0,0,0.314331258295138,0,0.260513848485877,0,0.316308181476779,0,0,0,0.251739147209352,0,0.24564688732266,0,0,0,0.271841737259667,0,0.243896886035165,0,0.229512052963698,0.156767758322351,0.193817966021442,0.177709167557103,0.379839504969881,0.431506219837401,0
0.360747545957565,0,0,0,0,0,0,0,0.304605374542566,0,0.173709520215381,0,0,0,0,0,0,0,0.399102926254272,0,0.143659681994088,0,0.244054269790649,0,0.181553563787317,0,0,0,0.222342759370804,0,0.218086465538203,0,0,0.122611314961405,0.31889276262246,0.130875834009864,0.181353453493774,0.137939709617058,0,0,0.323558613657951,0.452025729417801,0.284724105510019,0,0,0,0.359326258301735,0.493746142616639,0.403103847646291,0,0,0,0,0,0.364978728725992,0,0.154217415224045,0,0,0,0,0,0,0.159038567915559,0,0.332439012116998,0,0.281758550188092,0,0,0,0.252078197620533,0,0.224020598714168,0,0,0.125480771064758,0.251589264566376,0.137743055820465,0.263994650836445,0.14145430651578,0.229464157706917,0.247362333462964,0.315697660024213,0.306853132843971,0,0.319764170795679
0,0,0,0.30911899805069,0,0,0,0,0,0,0,0,0,0,0,0,0.307360672950745,0.327702425420284,0.34531388122861,0,0,0,0,0,0,0,0,0,0,0,0,0,0,0.262443691492081,0,0.319207302675951,0,0.32036296526591,0,0,0.224425088082041,0.304449277786874,0.258981148401896,0.390358731150627,0,0.403099861233792,0,0.487151907782675,0.288508894274364,0.366020872886006,0,0.26571220656236,0,0,0,0.233316197991371,0,0.373000711202621,0,0.330971986055374,0,0,0.256629164420789,0,0,0,0,0,0,0,0,0,0.30561310450236,0,0.347553446888924,0,0,0,0.277812676025427,0.270391362054007,0.292861424277734,0,0.310729098199998,0.293858299652735,0.276964487095643,0.31065378771789,0
0.434123571429934,0,0.333433164490594,0,0,0,0,0,0,0,0,0,0,0,0,0,0.32840300981815,0.311858147382736,0.394617912584338,0,0,0,0,0,0,0,0,0,0,0,0,0,0,0,0.312676221132278,0,0.321371159245891,0,0.323558613657951,0.224425088082041,0,0.280326056480408,0.289569898206439,0,0,0,0.382213411645757,0.267844766378403,0.248714855681097,0,0.294006505182811,0,0,0,0,0,0.369533848762512,0,0,0,0,0,0.371442019939423,0.336771344229326,0,0,0,0,0,0,0,0,0,0.308546503384908,0,0.237912371754646,0,0.253616392612457,0.239939215779304,0.281386472365955,0,0.351206734776497,0.356179866297492,0.311754703521729,0.305991665981307,0,0.32550410098946
0,0.288009207165717,0,0.338019893855177,0,0.26246342939489,0,0,0.389635368305094,0.255849800778158,0,0.475555181503296,0,0,0,0.327094100415707,0.29384900463952,0.30371623314344,0.261059577369319,0.404827803373337,0,0,0,0,0.385825469096502,0,0,0,0,0,0,0,0,0,0.754078686237335,0.340613390671785,0,0.428925794363022,0.452025729417801,0.304449277786874,0.280326056480408,0,0.316299537094585,0.229884353840923,0,0.244191635551491,0,0.436267755114206,0.493361507282882,0.398966475370312,0,0.285076323170941,0,0,0.308137863874435,0.29001398000025,0,0.38339955134415,0,0.347351613489887,0,0.304435055604023,0.351258619495764,0,0.348210155963898,0,0.36768360932668,0.405594398578008,0.358272072341707,0,0.395616598103357,0,0.415908939189108,0,0,0,0,0,0.31611762709326,0.308692245185375,0.429435598262178,0.54969584941864,0.351363615996514,0.341685998673532,0.331225286477528,0.258049967770916,0.326220957769288
0.323288284919479,0.288886785507202,0.343684016088004,0,0,0,0,0,0.193909380617349,0,0,0,0,0,0,0,0.294729118625964,0.297511427104473,0.243547264576971,0,0.31021973490715,0,0,0,0.282057700188536,0,0,0,0,0,0,0,0,0,0.325639049212138,0.289326429367065,0.324581089791993,0,0.284724105510019,0.258981148401896,0.289569898206439,0.316299537094585,0,0.279950104653835,0,0,0.250726158420245,0.458945362163442,0.317510254070108,0.481213423940871,0.263325990488132,0,0,0,0.264512660151178,0,0.396296034174517,0,0.420744600282474,0,0,0,0.308999508619308,0.348971531536784,0,0,0,0.219285398721695,0,0,0,0.411035567522049,0,0.376185764383553,0,0.298944264650345,0,0.321365892887115,0.32057245572408,0.309664876321278,0,0.342518092029625,0.301822488840585,0.327127725563266,0.320397510513289,0.460292369127274,0.261572404675019
0,0,0,0,0,0,0,0,0,0,0,0,0,0,0,0,0.277127802371979,0.315595015883446,0.231454894744924,0,0,0,0,0,0,0,0,0,0,0,0,0,0,0,0,0.41006433179504,0,0,0,0.390358731150627,0,0.229884353840923,0.279950104653835,0,0,0.263668782114983,0,0,0,0.242358086837663,0,0,0,0,0,0,0,0,0,0,0,0,0.390096987669285,0,0,0,0,0,0,0,0,0,0.474106192588806,0,0,0,0,0,0.37014747301086,0,0.445741244337776,0,0.227193113254464,0,0.266412907466292,0.193966580347882,0
0,0,0,0,0,0,0,0,0,0,0,0,0,0,0,0,0,0,0,0,0,0,0,0,0,0,0,0,0,0,0,0,0,0,0,0,0,0,0,0,0,0,0,0,0,0,0.343887448310852,0,0,0,0,0,0,0,0,0,0,0,0,0,0,0,0,0,0,0,0,0,0,0,0,0,0,0,0,0,0,0,0,0.416552051901817,0,0,0,0,0,0,0
0,0,0,0,0,0,0,0,0,0,0,0,0,0,0,0,0.32838417424096,0.345376761336076,0.307299432501329,0.371431954205036,0,0,0,0,0,0,0,0,0,0,0,0,0,0,0,0.369810570297497,0,0.370413483253547,0,0.403099861233792,0,0.244191635551491,0,0.263668782114983,0,0,0.29857262969017,0,0.264115065336227,0.2760229408741,0,0,0,0,0,0,0,0,0,0,0,0,0.313899604802392,0,0,0,0,0,0,0,0,0,0.379097521305084,0,0,0,0,0,0.380313118085975,0.354475299517314,0.417364990009981,0,0.292615482386421,0.270015947520733,0.338454913176682,0.241863638889499,0
0.394530802965164,0,0.277048310637474,0,0,0,0,0,0,0,0,0,0,0,0,0,0.306158728897572,0.350682765245438,0.284961299135767,0,0.255263403058052,0,0,0,0,0,0,0,0,0,0,0,0,0,0.349501053492228,0.331145107746124,0.328812712552287,0,0.359326258301735,0,0.382213411645757,0,0.250726158420245,0,0.343887448310852,0.29857262969017,0,0.348186671733856,0.346007385424205,0,0.279273629188538,0,0,0,0,0,0.339070991575718,0,0,0,0,0,0.301868796348572,0.265212519058272,0,0,0,0,0,0,0,0,0,0.371511522680521,0,0,0,0,0.376927822828293,0.328977103478142,0,0.373106117280114,0.288203063607216,0,0.343521375280839,0,0.261077273637056
0,0,0,0,0,0,0,0,0.461853444576263,0,0,0,0,0,0,0,0.336201697587967,0,0.368169754743576,0,0.238960936665535,0,0.483131609857082,0,0.550858994325002,0,0,0,0,0,0,0.424055438573709,0.562440866313013,0.237846416388385,0.254126700415061,0.327645676831404,0.301128601638583,0.275429811006162,0.493746142616639,0.487151907782675,0.267844766378403,0.436267755114206,0.458945362163442,0,0,0,0.348186671733856,0,0.490596566802109,0.518284750177211,0,0,0,0,0,0,0,0,0,0,0,0,0,0,0,0.447045888219561,0,0,0,0,0,0,0,0,0.430674655584321,0.517668295890369,0.302652506318725,0.256425649365958,0.36669001642489,0.32119486786559,0.297744937371789,0.519594368539822,0.5506616876773,0.315593180911882,0.515754489188916,0.351500675082207,0.362266099452972
0.165918368377067,0,0.172422327291054,0,0,0,0,0,0.193355140901507,0,0,0,0,0,0.226869232952595,0,0,0.310763716697693,0.32700090110302,0,0.236935421824455,0,0.315029557139585,0,0.258429062579359,0,0,0,0,0,0,0,0.561061807654121,0,0.300954665057361,0.287924587726593,0.328858287626828,0,0.403103847646291,0.288508894274364,0.248714855681097,0.493361507282882,0.317510254070108,0,0,0.264115065336227,0.346007385424205,0.490596566802109,0,0.363011923299304,0.14150570333004,0.227313846349716,0,0,0.212276142723155,0,0.263773485684928,0,0.316309227370748,0,0.198893703406837,0,0,0.324692949652672,0,0.33414146086822,0,0.271291015037584,0,0.29795783171692,0,0.27432655868396,0,0.246971705103222,0,0.432502278480037,0,0.286574741139224,0.227369678517183,0.309532594534499,0,0.389397284144767,0.474545373719671,0.451990436762571,0.334214874032724,0,0.28892860739004
0,0.154610918003058,0,0.227054805347794,0,0.216622732579708,0,0,0,0.26251811001982,0,0,0,0,0,0.228963114321232,0.302569001913071,0.418230444192886,0.329711091789332,0.271085143089294,0,0.289830764378208,0,0.257449927606753,0,0,0,0,0,0,0,0,0.56087281430761,0.316348417151359,0.425140152374903,0.311281454136324,0,0.392029448464006,0,0.366020872886006,0,0.398966475370312,0.481213423940871,0.242358086837663,0,0.2760229408741,0,0.518284750177211,0.363011923299304,0,0,0.222710636875978,0,0,0,0.254731733239058,0,0.320022865757346,0,0.294025103939642,0,0.198896012457621,0.370315343141556,0,0.27215273030691,0,0.2559514505596,0,0.264045790015232,0,0.302335245280781,0,0.351571198098015,0,0.34885076350636,0.514304963871837,0.325721307020438,0,0.344584584727178,0.304993918538094,0.386886726356502,0,0.561271458928481,0.284022328528491,0.321387995363317,0.250421799146212,0
0,0,0.203240480745724,0,0.222762347393644,0,0.236940294313125,0,0.195793359199675,0,0,0,0,0,0.17043693177402,0,0,0,0,0,0.194604223854439,0,0,0,0,0,0,0,0,0,0,0,0,0,0,0,0.234045508232984,0,0,0,0.294006505182811,0,0.263325990488132,0,0,0,0.279273629188538,0,0.14150570333004,0,0,0,0.247439560730283,0,0.177810032259334,0,0.236058233384668,0,0.204027339592855,0,0.164839807678671,0,0,0.314255012182502,0,0,0,0,0,0,0,0,0,0.300110565291511,0,0,0,0,0,0.306264644861221,0,0.290784686803818,0.199539388762787,0.194834766577381,0.245178648520356,0,0.247636467218399
0,0.182948700634056,0,0.209855319175198,0,0.200833730379252,0,0,0,0.211951606987435,0,0,0,0,0,0.209662500668216,0,0,0.247615814208984,0.282899732895309,0,0,0,0,0,0,0,0,0,0,0,0,0,0,0,0.217241610034128,0,0.311481401324272,0,0.26571220656236,0,0.285076323170941,0,0,0,0,0,0,0.227313846349716,0.222710636875978,0,0,0,0,0,0.207786218201751,0,0.26862775442323,0,0.224227705518522,0,0.211383899446014,0.334087931164881,0,0,0,0,0,0.311446949839592,0,0.308058453457696,0,0.330712744249747,0,0,0,0,0,0.257433855189727,0,0.333861158788204,0,0.19869124010959,0.201339709298576,0.267709506765861,0.244962033629417,0
0,0,0,0,0.263622492551804,0,0.20227772689403,0,0,0,0.211847334106763,0,0.146285742521286,0,0,0,0,0,0,0,0.168421032674172,0,0,0,0,0,0,0,0,0,0,0,0,0,0,0,0,0,0,0,0,0,0,0,0,0,0,0,0,0,0.247439560730283,0,0,0,0,0,0.209499407420184,0,0.218017643825574,0,0,0,0,0.170178130269051,0,0,0,0,0,0,0,0,0,0,0,0,0,0,0,0,0,0,0.170835784375668,0.169064551591873,0,0,0
0,0,0,0,0,0,0,0.214336276738001,0,0,0,0.163001548498869,0,0.137668938799338,0,0,0,0,0,0,0,0,0,0,0,0,0,0,0,0,0,0,0,0,0,0.14499476115878,0,0,0,0,0,0,0,0,0,0,0,0,0,0,0,0,0,0,0,0,0,0.200895564205814,0,0,0,0,0,0,0,0,0,0,0,0,0,0,0,0,0,0,0,0,0,0,0,0,0.151923974038016,0.147258907556534,0,0,0
0.198641438792171,0,0.179241230222662,0,0.195477068424225,0,0,0,0.218556179025742,0,0,0,0,0,0.176099050112746,0,0,0,0,0,0,0,0,0,0.257800967509585,0,0.138479925692081,0,0,0,0,0,0,0,0,0,0,0,0.364978728725992,0,0,0.308137863874435,0.264512660151178,0,0,0,0,0,0.212276142723155,0,0.177810032259334,0,0,0,0,0,0,0,0,0,0.211584657170745,0,0,0,0,0,0,0.310319201657053,0,0,0,0,0,0,0,0,0,0,0,0,0,0.37020709208752,0.248427042648906,0.359876808192995,0.232740999758244,0,0
0,0.170709974865998,0,0.174956514341075,0,0.183124792169441,0,0,0,0.209950920811074,0,0,0,0,0,0.178288514441565,0,0,0,0,0,0.254800342023373,0,0.227864665898887,0,0,0,0,0,0,0,0,0,0,0,0.214517660439014,0,0.307784658334954,0,0.233316197991371,0,0.29001398000025,0,0,0,0,0,0,0,0.254731733239058,0,0.207786218201751,0,0,0,0,0,0.23201083811,0,0.227966225147247,0,0.211400847180166,0,0,0,0,0.28298899680467,0,0,0,0,0,0.312000264724096,0,0,0,0,0,0,0,0.324967357471134,0,0.180799749706473,0,0.230194456086439,0.24049374461174,0
0.388467907905579,0,0.30540805203574,0,0.270448006689548,0,0.201492261927144,0,0,0,0.241402326700818,0,0.167342750805205,0,0,0,0,0,0.388139026363691,0,0.181976609156885,0,0,0,0,0,0,0,0.14524807408452,0,0.253393648612884,0,0,0,0,0,0.170658948976977,0,0.154217415224045,0,0.369533848762512,0,0.396296034174517,0,0,0,0.339070991575718,0,0.263773485684928,0,0.236058233384668,0,0.209499407420184,0,0,0,0,0,0.278927650388198,0,0.249367812901367,0,0,0.340779131479341,0,0,0,0,0,0.332145359653693,0,0.394911430243935,0,0.412481103963771,0,0,0,0,0,0.272820564052638,0,0.346336632966995,0.315844371914864,0.309838643670082,0.3443457040877,0,0.347588769027165
0,0.219220489263535,0,0.319308317005634,0,0.238525180220604,0,0.203117522171565,0,0.2337138004601,0,0.229326801139267,0,0.142315842211246,0,0.244644820690155,0.397057592868805,0,0.411825315518813,0.250536169688981,0,0.348383476336797,0,0.305497169494629,0,0.363581508398056,0,0,0,0.213690769515539,0,0,0,0,0,0.171518418430586,0,0.179682701393809,0,0.373000711202621,0,0.38339955134415,0,0,0,0,0,0,0,0.320022865757346,0,0.26862775442323,0,0.200895564205814,0,0.23201083811,0,0,0,0.310522303589292,0,0.30214285003204,0.336019125737425,0,0.329665205768637,0,0.334564417600632,0,0.356359019720306,0,0.378899473417165,0,0.362954691350774,0,0,0,0,0,0.302081779105023,0,0.345867276709113,0,0.324482786194845,0.343956126408143,0.349071118841643,0.378383556169829,0
0,0,0,0,0.22661118209362,0,0,0,0,0,0.173379004304692,0,0.210505187681743,0,0.199894719910853,0,0,0,0,0,0,0,0,0,0,0,0,0,0.149540146191915,0,0,0,0,0,0,0,0,0,0,0,0,0,0.420744600282474,0,0,0,0,0,0.316309227370748,0,0.204027339592855,0,0.218017643825574,0,0,0,0.278927650388198,0,0,0,0.280847070230679,0,0,0.365135006606579,0,0,0,0,0,0.299628783047684,0,0.382436681404171,0,0,0,0,0,0,0,0.294030368328094,0,0,0.252304323017597,0,0.356188456902559,0,0.385618698596954
0,0.217294111847878,0,0.206143128600988,0,0.198548158705235,0,0.143117405474186,0,0.236969098448753,0,0.171458958235291,0,0.224768985338067,0,0.219652875067567,0,0,0,0.339398264884949,0,0,0,0.317478865385056,0,0.389287878023951,0,0.178150951862335,0,0,0,0,0,0,0,0.328755761186282,0,0.367582678794861,0,0.330971986055374,0,0.347351613489887,0,0,0,0,0,0,0,0.294025103939642,0,0.224227705518522,0,0,0,0.227966225147247,0,0.310522303589292,0,0,0,0.304884236517616,0.339561097132854,0,0.312180663148562,0,0.316498768925667,0,0.347644487575612,0,0.396222465979132,0,0.360381685729538,0,0,0,0,0,0.330329440888904,0,0.348730139434338,0,0.200504237732717,0.250280838087201,0.29582717155709,0.324217760314544,0
0.218696559667587,0,0.203320373865691,0,0,0,0,0,0.181489577971845,0,0,0,0.163734479319482,0,0.233789879907953,0,0.147786917164922,0,0,0,0,0,0,0,0,0,0,0,0,0,0,0,0,0,0,0,0,0,0,0,0,0,0,0,0,0,0,0,0.198893703406837,0,0.164839807678671,0,0,0,0.211584657170745,0,0.249367812901367,0,0.280847070230679,0,0,0,0,0,0,0,0,0,0,0.228289349802903,0,0.229323834180832,0,0,0,0,0,0,0,0,0,0,0.168200419843197,0.134466528892517,0.216588787057183,0,0
0,0.175417037576622,0,0.203597192580883,0,0.187868963678678,0,0,0,0.205642931097377,0,0,0,0.16766915996285,0,0.183462763374502,0,0,0,0,0,0,0,0,0,0,0,0,0,0,0,0,0,0,0,0.340819656848907,0,0,0,0,0,0.304435055604023,0,0,0,0,0,0,0,0.198896012457621,0,0.211383899446014,0,0,0,0.211400847180166,0,0.30214285003204,0,0.304884236517616,0,0,0.242190092802048,0,0,0,0,0,0.267903244282518,0,0.392541468143463,0,0.322431658705076,0,0,0,0,0,0,0,0.372895285487175,0,0.182647818664335,0.241455867886543,0.232387608650959,0.246228963136673,0
0,0.458225257694721,0,0.284410007794698,0,0.300123900175095,0,0.166006948798895,0,0,0,0.202350429974156,0,0,0,0.293295413255692,0.308199636638165,0.310201075341966,0.35244870141371,0.260432228507616,0,0,0,0,0,0,0,0,0,0,0,0,0,0,0,0.279599619440104,0.373649269342422,0.314331258295138,0,0.256629164420789,0.371442019939423,0.351258619495764,0.308999508619308,0.390096987669285,0,0.313899604802392,0.301868796348572,0,0,0.370315343141556,0,0.334087931164881,0,0,0,0,0,0.336019125737425,0,0.339561097132854,0,0.242190092802048,0,0,0.334947325289249,0,0.330996471643448,0,0.352458315901458,0,0.35821842936178,0,0.355324313979641,0,0,0,0,0,0.277065337000924,0.354745662212372,0.367018853074701,0,0.225310017886971,0,0.359623276899432,0.338528354580586,0
0.353516817092896,0,0.285183884203434,0,0.309947912891706,0,0.151067957282066,0,0,0,0.15769629455633,0,0,0,0,0,0.311179747184118,0.336113959550858,0.331728225794889,0,0.189494142406865,0,0,0,0,0,0,0,0,0,0,0,0,0,0,0,0.236787368502312,0,0.159038567915559,0,0.336771344229326,0,0.348971531536784,0,0,0,0.265212519058272,0,0.324692949652672,0,0.314255012182502,0,0.170178130269051,0,0,0,0.340779131479341,0,0.365135006606579,0,0,0,0,0,0,0,0,0,0,0.355571091175079,0,0,0,0.405488962271334,0,0,0,0,0.316157619158427,0.282830266482595,0,0.291057382954492,0.247700871068698,0.237478981415431,0.350181214846737,0,0.325733311036054
0,0,0,0,0,0,0,0,0,0,0,0,0,0,0,0,0,0,0,0,0,0.225896428518547,0,0.237197804533773,0,0.222424340778834,0,0,0,0,0,0,0,0,0,0,0,0.260513848485877,0,0,0,0.348210155963898,0,0,0,0,0,0,0,0.27215273030691,0,0,0,0,0,0,0,0.329665205768637,0,0.312180663148562,0,0,0.334947325289249,0,0,0,0.247620956325381,0,0.290069621417782,0,0.297031751660919,0,0.333517014980316,0,0,0,0,0,0,0,0.282616000988123,0,0.141947356717927,0,0.330860777543141,0,0
0,0,0,0,0,0,0,0,0,0,0,0,0,0,0,0,0,0,0,0,0,0.0683165788650513,0.225843348623992,0,0.218827205800241,0,0,0,0.183408168809754,0,0,0,0,0,0,0,0,0,0.332439012116998,0,0,0,0,0,0,0,0,0.447045888219561,0.33414146086822,0,0,0,0,0,0,0,0,0,0,0,0,0,0,0,0,0,0,0.223344948953405,0,0.246118204668164,0,0.260107937679081,0,0,0,0,0,0,0,0,0,0.269652060400217,0.17365357611667,0,0.255404863287421,0,0
0,0,0,0,0,0,0,0,0,0.258449117502859,0,0,0,0,0,0,0,0,0,0,0,0.235365536559179,0,0.192632718608406,0,0.155453389510512,0,0,0,0,0,0,0,0,0,0,0,0.316308181476779,0,0,0,0.36768360932668,0,0,0,0,0,0,0,0.2559514505596,0,0,0,0,0,0.28298899680467,0,0.334564417600632,0,0.316498768925667,0,0,0.330996471643448,0,0.247620956325381,0,0,0,0.229400240949222,0,0.324109636924484,0,0,0,0,0,0,0,0.303956791758537,0,0.314190925414344,0,0.155194104782173,0,0.297228865556835,0.322874814271927,0
0,0,0,0,0,0,0,0,0.310420983716061,0,0,0,0,0,0,0,0,0,0.154315870255232,0,0,0,0.230455291914005,0,0.208075019465638,0,0.176987209548689,0,0,0,0,0,0,0,0,0,0,0,0.281758550188092,0,0,0.405594398578008,0.219285398721695,0,0,0,0,0,0.271291015037584,0,0,0,0,0,0.310319201657053,0,0,0,0,0,0,0,0,0,0,0.223344948953405,0,0,0,0.235762410183107,0,0.267630477746328,0,0,0,0,0,0,0,0,0,0.283591580191924,0.166918217222772,0.372063703835011,0.260069432596748,0,0
0,0,0,0.329927772283554,0,0,0,0,0,0,0,0,0,0.333435573075947,0,0.301704968015353,0,0.169628219751569,0,0.358720511198044,0,0.236262737048997,0,0.165908242411473,0,0.19487221345499,0,0.217939146186994,0,0,0,0,0,0,0,0.309773162007332,0,0,0,0,0,0.358272072341707,0,0,0,0,0,0,0,0.264045790015232,0,0.311446949839592,0,0,0,0,0,0.356359019720306,0,0.347644487575612,0,0.267903244282518,0.352458315901458,0,0.290069621417782,0,0.229400240949222,0,0,0,0.378981372808338,0,0.420942455530167,0,0,0,0,0,0.323381513357162,0,0.267356276512146,0,0.195639084244883,0.332832396030426,0.37539444565773,0,0
0,0,0,0,0,0,0,0,0,0,0,0,0,0,0,0,0.137566542625427,0,0,0,0,0,0.204839604168103,0,0.183978460828795,0,0.182605821247164,0,0.232929797126697,0,0,0,0,0,0,0,0,0,0,0,0,0,0,0,0,0,0,0,0.29795783171692,0,0,0,0,0,0,0,0.332145359653693,0,0.299628783047684,0,0.228289349802903,0,0,0.355571091175079,0,0.246118204668164,0,0.235762410183107,0,0,0,0.30543158610457,0,0,0,0,0,0,0,0,0,0,0.162583787242572,0,0.191007981076837,0,0
0,0.31611704826355,0,0.35089006125927,0,0.328394651412964,0,0,0,0,0,0,0,0,0,0,0,0,0.385361135005951,0.363073319196701,0,0.250817065792424,0,0,0,0,0,0.180857318793197,0,0.191973248665983,0,0,0,0,0,0.313626788556576,0,0.251739147209352,0,0,0,0.395616598103357,0,0,0,0,0,0,0,0.302335245280781,0,0.308058453457696,0,0,0,0,0,0.378899473417165,0,0.396222465979132,0,0.392541468143463,0.35821842936178,0,0.297031751660919,0,0.324109636924484,0,0.378981372808338,0,0,0,0.33897453660749,0,0,0,0,0,0.316156408853001,0,0.276730391563791,0,0.338649416292036,0.374139418204625,0.392016807023217,0.404971437321769,0
0,0,0.348028182983398,0,0,0,0,0,0,0,0,0,0,0,0,0,0,0,0,0,0,0,0.300283719192852,0,0,0,0.163932671149572,0,0.188665528898553,0,0.180983245372772,0,0,0,0,0,0,0,0.252078197620533,0,0,0,0.411035567522049,0,0,0,0,0,0.27432655868396,0,0,0,0,0,0,0,0.394911430243935,0,0.382436681404171,0,0.229323834180832,0,0,0,0,0.260107937679081,0,0.267630477746328,0,0.30543158610457,0,0,0,0.286047866102308,0,0,0,0,0,0,0,0.250192276701964,0.183793889753746,0,0.404345823185784,0,0
0,0.445202007889748,0,0.368281301330118,0,0.307329386472702,0,0,0,0,0,0.262463870619313,0,0,0,0,0,0,0.445609950331541,0.313314825296402,0,0.344877362251282,0,0,0,0,0,0.220566295385361,0,0.23496829808827,0,0,0,0,0,0.305283309597718,0,0.24564688732266,0,0.30561310450236,0,0.415908939189108,0,0.474106192588806,0,0.379097521305084,0,0,0,0.351571198098015,0,0.330712744249747,0,0,0,0.312000264724096,0,0.362954691350774,0,0.360381685729538,0,0.322431658705076,0.355324313979641,0,0.333517014980316,0,0,0,0.420942455530167,0,0.33897453660749,0,0,0,0,0,0,0,0.309753635277351,0,0.310483251765914,0,0.426234065993445,0.38146991468966,0.361858775135887,0.433252555725838,0
0.405574557456103,0,0.352050721645355,0,0.30230787396431,0,0,0,0,0,0.239609419810967,0,0,0,0,0,0,0,0.424164744559675,0,0.353066856210882,0,0,0,0,0,0,0,0.156961810450221,0,0.239984845113225,0,0,0,0,0,0.356648989021778,0,0.224020598714168,0,0.308546503384908,0,0.376185764383553,0,0,0,0.371511522680521,0,0.246971705103222,0,0.300110565291511,0,0,0,0,0,0.412481103963771,0,0,0,0,0,0,0.405488962271334,0,0,0,0,0,0,0,0.286047866102308,0,0,0,0,0,0,0.348144948482513,0.297539101405577,0,0.290748097694637,0.409708330407739,0,0.414989803890958,0,0.393447016224717
0,0,0,0,0,0,0,0,0,0,0,0,0,0,0,0,0,0,0,0,0,0,0,0,0,0,0,0,0,0,0,0.276938177005029,0.235633433818817,0.19921337813139,0,0.186370189109492,0.286527498846962,0,0,0.347553446888924,0,0,0,0,0,0,0,0.430674655584321,0,0.34885076350636,0,0,0,0,0,0,0,0,0,0,0,0,0,0,0,0,0,0,0,0,0,0,0,0,0,0.474937351621114,0.283102729018287,0,0.291760077300973,0.377444565296173,0.33967387676239,0,0.190931817464461,0,0,0,0
