0,0,0.203688673006783,0,0.177234978629993,0,0,0,0.27060855782629,0,0,0,0,0,0,0,0.373607165180147,0.331092772575525,0.308116581334787,0,0,0,0,0,0.266980240742366,0,0.313521027565002,0,0.324048936367035,0,0,0,0,0,0,0,0.457892507314682,0,0.434270352125168,0,0.537141382694244,0,0.105016670056752,0,0,0,0.350633233785629,0,0.209150106299157,0,0.181142618258794,0,0,0,0.190863739985686,0,0,0,0,0,0.149546816945076,0,0,0,0,0,0,0,0,0,0,0.196337223052979,0,0,0,0,0,0,0,0.438224487006664,0,0,0.24893886839388,0.312176510691643,0.13436624189915,0,0.0986439883708954
0,0,0,0.199858418421437,0,0.180410854518414,0,0,0,0.248114524680105,0,0,0,0,0,0,0,0,0.100656550791528,0,0,0.28727525472641,0,0.255835526368835,0,0,0,0,0,0,0,0,0,0,0,0,0,0,0,0,0,0.309718079037136,0,0,0,0,0,0,0,0.210610515702127,0,0.230089893858684,0,0,0,0.217121309927992,0,0.294913031525545,0,0.239878222346306,0,0.220724359154701,0.317742079496384,0,0.363758355379105,0,0.214633725583553,0,0,0,0.379316926002502,0,0,0,0,0,0,0,0,0,0,0,0.265916020587158,0,0.243342963769362,0,0
0.203688673006783,0,0,0,0.154306102518727,0,0,0,0.183641504496336,0,0,0,0,0,0,0,0,0,0,0,0,0,0,0,0,0,0,0,0,0,0,0,0,0,0,0,0,0,0,0,0,0,0.288824886083603,0,0,0,0.17238518094391,0,0.121714832903496,0,0.153150996459382,0,0,0,0.151685412973166,0,0.278592149416606,0,0,0,0,0,0,0.187519025802612,0,0,0,0,0,0,0,0,0,0.298138320446014,0,0,0,0,0,0,0,0,0.219035660925632,0,0.163919927750374,0,0.272929012775421
0,0.199858418421437,0,0,0,0.233494297631325,0,0,0,0.224419000394204,0,0,0,0,0,0,0,0,0.13789127767086,0,0,0,0,0,0,0,0,0,0,0,0,0,0,0,0,0,0,0,0,0,0,0.324174307286739,0,0,0,0.171240500041417,0,0,0,0.158235756680369,0,0,0,0,0,0.177868389908005,0,0,0,0,0,0,0,0,0,0,0,0,0,0,0,0,0,0,0,0,0,0,0,0,0,0,0.205944144891368,0,0.175577070955656,0,0
0.177234978629993,0,0.154306102518727,0,0,0,0.215000830482746,0,0.156547207385302,0,0.286089440186818,0,0,0,0,0,0,0,0,0,0.296328814339268,0,0,0,0,0,0,0,0,0,0,0,0,0,0,0,0.276662886142731,0,0.25225655734539,0,0.273708851387103,0,0.271834935061634,0,0,0,0.209954436668145,0.272257858089038,0.272693235959326,0,0.215431243725142,0,0,0,0.155057583004236,0,0.240763227039195,0,0,0,0,0,0,0.274583202238963,0,0,0,0,0,0,0,0,0,0.324593438633851,0,0,0,0,0,0.254664701409638,0,0.293715079625448,0.194122959576223,0,0.188367150204543,0,0.267602612574895
0,0.180410854518414,0,0.233494297631325,0,0,0,0.20023204865979,0,0.215759642918905,0,0,0,0,0,0,0,0,0.256714522838593,0,0,0,0,0,0,0,0,0,0,0,0,0,0,0.2841467410326,0,0.264408528804779,0,0,0,0,0,0.273893828902926,0.260444279760122,0,0,0.201403256190025,0,0.28120265007019,0.233619347214699,0.249473229050636,0,0.24901686722075,0,0.201278623337894,0,0.214744718237357,0,0.294617401702063,0,0.193658277392387,0,0,0.260482251644135,0,0.3385069668293,0,0,0,0,0,0.315776139497757,0,0.328689455986023,0.30348265171051,0.257836673408747,0,0.283463913202286,0,0.294589514533679,0,0.334834623065862,0,0.237573404836914,0.197154402732849,0.242836746491798,0.258573174476624,0
0,0,0,0,0.215000830482746,0,0,0,0,0,0.140207402408123,0,0.17345546306141,0,0,0,0,0,0,0,0.242580138146877,0,0,0,0,0,0,0,0,0,0,0,0,0,0,0,0,0,0,0,0,0,0,0,0,0,0,0,0,0,0,0,0.190682669352341,0,0,0,0,0,0.240257463925253,0,0,0,0,0.267862209677696,0,0,0,0,0,0,0,0,0,0,0,0,0,0,0,0,0,0,0.204246842048385,0.198114678263664,0,0,0
0,0,0,0,0,0.20023204865979,0,0,0,0,0,0.228856103122234,0,0.209358621388674,0,0,0,0,0,0.244554802775383,0,0,0,0,0,0,0,0,0,0,0,0,0,0,0,0,0,0,0,0,0,0,0,0,0,0,0,0,0,0,0,0.190140665854727,0,0.182994968616045,0,0,0,0,0,0.216940739698577,0,0,0,0,0,0,0,0,0,0,0,0,0,0,0,0,0,0,0,0,0,0,0.256605082270942,0.263072517864844,0,0,0
0.27060855782629,0,0.183641504496336,0,0.156547207385302,0,0,0,0,0.203366592526436,0,0,0.244959628830353,0,0.166728101201414,0,0.303206179721422,0.250806810270096,0.286347692043094,0,0,0,0,0,0.21892556674586,0,0.174586116797752,0,0.203125700354576,0,0,0,0,0,0,0,0,0,0.311563460165973,0.324285089969635,0,0.299053251743317,0.296957385540009,0.38295590877533,0,0,0,0,0.252173087111226,0,0,0,0,0,0.253511784270762,0,0,0,0.312662959098816,0,0.193114314807786,0,0,0,0,0,0,0.209182114899158,0,0.177823886585732,0,0,0,0,0,0,0,0,0.388368060191472,0.32416329284509,0.352526466051737,0.243749771515528,0.2456549975776,0.237056545913219,0.283276809221607,0,0
0,0.248114524680105,0,0.224419000394204,0,0.215759642918905,0,0,0.203366592526436,0,0,0,0,0,0,0.193679162189721,0.22169206433353,0.204231402459316,0.213741148570005,0,0,0.19827277213335,0,0.276873485276512,0,0.202657375206698,0,0,0,0,0,0,0,0,0,0.379126071929932,0.392537713050842,0.167200809050547,0,0,0,0.317583815091186,0.263654142618179,0,0,0,0,0,0,0.27036452293396,0,0,0,0,0.219661707679431,0.182057088076038,0,0,0,0,0,0.168695632206357,0,0,0,0,0.288374111585811,0.155537873506546,0.204491607099771,0,0,0,0,0,0,0,0,0,0.354969412088394,0.292599648237228,0.305316522717476,0.346493944525719,0.208876291995839,0.142754063010216,0.298296045239379,0,0
0,0,0,0,0.286089440186818,0,0.140207402408123,0,0,0,0,0,0.297711213645728,0,0,0,0.417196214199066,0,0.353286005556583,0,0.267321653131928,0,0,0,0,0,0,0,0.293309966412683,0,0.282647531010486,0,0,0,0,0,0.250391352921724,0,0.237278736237731,0,0.260755851864815,0,0.38855409906024,0,0,0,0.3646515080562,0.258690983057022,0.301126505840908,0,0,0,0.156143762171268,0,0,0,0.259111790832143,0,0.342436949412028,0,0.347914487123489,0,0,0.3060154427965,0,0,0,0,0,0.375597506761551,0,0.329948029374775,0,0.364190801562748,0,0,0.281498521566391,0,0,0.286775705906061,0,0.288065530290113,0.198524501738456,0.229301473529068,0.428025443639074,0,0.396276503801346
0,0,0,0,0,0,0,0.228856103122234,0,0,0,0,0,0.288555096055186,0,0,0,0,0,0.246181681625771,0,0,0,0,0,0,0,0,0,0.294142492115498,0,0,0,0,0,0.120834709703922,0,0.193030057691685,0,0,0,0,0,0,0,0.30196889964017,0,0,0,0,0,0,0,0,0,0,0,0.257700781126085,0,0.277420787672911,0,0,0.239708192055188,0,0,0,0,0,0,0,0,0,0.286154555540977,0,0,0,0,0,0,0,0.21133837030759,0,0.240286911983653,0,0.215736001729965,0,0
0,0,0,0,0,0,0.17345546306141,0,0.244959628830353,0,0.297711213645728,0,0,0,0.134021447598934,0,0.178346302027266,0.284170846144358,0.281069025397301,0,0,0,0,0,0.206734299659729,0.202332437038422,0.178819132347902,0,0.145478129304118,0,0,0,0,0,0,0,0,0,0,0,0,0,0,0.358685284852982,0,0,0,0,0,0,0,0,0.136666242033243,0,0,0,0.324189433997328,0,0.184873934715025,0,0.119104191660881,0,0,0,0,0,0,0,0,0.215731720129649,0,0.353985778490702,0,0,0,0,0,0,0.360213041305542,0,0,0,0.162281229360537,0.174560957377957,0,0,0
0,0,0,0,0,0,0,0.209358621388674,0,0,0,0.288555096055186,0,0,0,0.177414208650589,0,0.17964245495843,0.335242211818695,0,0,0,0,0,0,0.177276772935746,0,0.176107834066663,0,0,0,0,0,0,0,0,0,0,0,0,0,0,0,0,0,0,0,0,0,0,0,0.215200555986828,0,0,0,0,0,0,0,0.298311438895469,0,0.177108762785792,0,0,0,0,0,0,0.169058970486124,0,0,0,0,0,0,0,0,0,0,0,0,0,0.184826135215625,0,0,0,0
0,0,0,0,0,0,0,0,0.166728101201414,0,0,0,0.134021447598934,0,0,0,0.194443618761194,0.25689562327332,0.272292826856886,0,0,0,0,0,0.213398236193155,0,0.1715743390045,0,0.155317112803459,0,0,0,0,0,0,0,0,0,0,0,0,0,0.238476425409317,0,0,0,0,0,0.389174818992615,0,0.124885976314545,0,0,0,0.154431983355492,0,0,0,0,0,0.158067196350673,0,0,0,0,0,0,0,0.162973076105118,0.181306637146256,0,0,0,0,0,0,0,0,0,0,0,0.326525539159775,0.195270191022784,0.179463397605079,0,0,0
0,0,0,0,0,0,0,0,0,0.193679162189721,0,0,0,0.177414208650589,0,0,0.245401016539998,0.200726707757957,0.222647994756699,0,0,0.19579616189003,0,0.167489955822627,0,0.186307300187168,0,0.175669848918915,0,0,0,0,0,0,0,0,0,0,0,0,0,0,0,0,0,0,0,0,0,0,0,0,0,0,0,0.172144619240002,0,0,0,0.37284716963768,0,0.153811742231917,0,0,0.191566914319992,0,0,0,0.182205201668102,0,0,0,0,0,0,0,0,0,0,0,0,0,0.203922045260373,0.187449753284454,0,0,0
0.373607165180147,0,0,0,0,0,0,0,0.303206179721422,0.22169206433353,0.417196214199066,0,0.178346302027266,0,0.194443618761194,0.245401016539998,0,0.231491772316774,0.284506007246695,0,0,0.200183163397014,0.136549842825958,0.23425440788269,0.20965527452711,0.234177343665607,0.167894298625565,0,0.181510284160956,0,0.389300107955933,0,0,0,0,0.378818588952223,0.392389506101608,0,0.370410659483501,0.32783255726099,0.342180813352267,0.323676159200461,0.315895577073097,0.340994642674923,0.322378657758236,0.340442501008511,0.304398766718805,0.322887772321701,0.373071903983752,0.315757046143214,0,0,0,0,0.22062373747851,0.230633253142947,0.312662079930305,0,0.168676437891048,0,0.192858772844444,0.363917291164398,0.360498577356339,0.282325714826584,0.149065643548965,0,0,0.202845055730112,0.210368884870639,0.172065760288074,0,0,0.329027757048607,0.376528479158878,0,0,0.36583748459816,0,0.366455432477888,0.376648834438493,0.366214133799076,0.377209389015384,0.213336810228696,0.178379412090778,0.348327838518518,0.302028089761734,0.305217206478119
0.331092772575525,0,0,0,0,0,0,0,0.250806810270096,0.204231402459316,0,0,0.284170846144358,0.17964245495843,0.25689562327332,0.200726707757957,0.231491772316774,0,0.281594530200854,0,0,0.145862221064008,0,0.157418414791848,0.258081138718362,0.170948815585219,0.210320328176022,0.198505759973244,0.252588421106339,0,0.368767529726028,0,0,0,0,0.34853557497263,0.393199480813125,0,0.400268569588661,0.324055820703506,0.327220141887665,0.304017245769501,0.319174880161881,0.346364238045432,0.385081455111504,0.328700671593348,0.324263915419579,0.354420989751816,0.330603584647179,0.332516878843307,0,0,0,0,0.262825952172279,0.204085109152382,0,0,0.155985698103905,0.17854779958725,0.248653451353312,0.195788661596076,0,0.36190165579319,0.153546895831823,0,0.155242592096329,0.255730519692103,0.170344359808498,0.205929508379528,0.185971647500992,0,0,0.360074758529663,0,0,0.354938305914402,0,0.355660384968866,0.395393059522875,0.355741538107395,0.383264617063105,0.210952764279385,0.257379200055847,0.343821196232812,0,0
0.308116581334787,0.100656550791528,0,0.13789127767086,0,0.256714522838593,0,0,0.286347692043094,0.213741148570005,0.353286005556583,0,0.281069025397301,0.335242211818695,0.272292826856886,0.222647994756699,0.284506007246695,0.281594530200854,0,0,0.294109934568405,0.25425595174665,0.250830322504044,0.218705823240073,0.262830880781015,0.271531626582146,0.25201214896515,0,0.283927400197302,0,0.353540935686656,0,0,0.269219393531481,0,0.364740091144659,0.390667942647011,0,0.371374141838815,0.31278510820685,0.365673706298921,0.25774007360655,0.2398380119691,0.405818049245932,0.36146936497905,0.30215104274226,0.301386684179306,0.275963130497163,0.313483247799533,0.33384526355399,0,0,0,0,0.272149784224374,0.228570269311176,0.320145923644304,0,0,0,0.258409201167524,0.256168385346731,0.32396292090416,0.275014543107578,0,0,0.147126898169518,0.250658445060253,0.284620354473591,0.254574186168611,0,0,0.37563184994023,0.378517612030632,0.367007255554199,0,0.318662245259729,0,0.356839367881092,0.37690703881503,0.366383446783436,0.376346840640482,0.256894826101683,0.249656760858165,0.311676851456816,0.300641417503357,0.277643057771704
0,0,0,0,0,0,0,0.244554802775383,0,0,0,0.246181681625771,0,0,0,0,0,0,0,0,0,0,0,0,0,0,0,0,0,0,0,0,0,0,0,0.150888915652427,0,0.130585307371803,0,0.217927493155003,0,0,0,0,0,0.237463496152948,0,0.319380730390549,0.294535338878632,0,0,0,0,0,0,0,0,0.264813869893551,0,0,0,0,0.193854146648561,0,0,0,0,0,0,0,0,0,0.342854392528534,0,0,0,0,0,0.184027239195608,0,0.258131092487592,0,0.233112794301772,0,0.209114088312439,0,0
0,0,0,0,0.296328814339268,0,0.242580138146877,0,0,0,0.267321653131928,0,0,0,0,0,0,0,0.294109934568405,0,0,0,0,0,0,0,0,0,0,0,0.308904289222154,0,0,0,0,0,0.240476221943386,0,0.219027392872993,0,0.262878393381834,0,0.360910457025454,0,0.27636730670929,0,0.27832793402222,0.27959600687027,0.303052944486791,0,0.321260637044907,0,0,0,0,0,0.334288136838576,0,0,0,0,0,0,0.264409714857096,0,0,0,0,0,0,0,0.377326160669327,0,0.379826014456542,0,0,0,0,0,0.266978488723088,0,0.279898449276761,0.196506858566555,0.174100011587143,0.371333409797761,0,0.393983280658722
0,0.28727525472641,0,0,0,0,0,0,0,0.19827277213335,0,0,0,0,0,0.19579616189003,0.200183163397014,0.145862221064008,0.25425595174665,0,0,0,0.105468504627546,0.151634810492396,0,0.133058053980532,0,0.186811210895048,0,0,0,0,0,0,0,0,0,0.161774193192214,0,0,0,0,0,0,0,0,0,0.325590364138285,0,0.269286390608304,0,0,0,0,0,0.169318243861198,0,0.328718404724913,0,0,0,0,0.320187502437168,0,0.209304619110263,0,0.254709583389408,0,0.23598909491095,0.17366886138916,0.324965780088297,0,0.279404100030661,0,0,0,0.167400164529681,0,0,0,0.22014448084627,0.15401699145635,0.133337212097368,0.138164500395457,0.285935116016259,0,0
0,0,0,0,0,0,0,0,0,0,0,0,0,0,0,0,0.136549842825958,0,0.250830322504044,0,0,0.105468504627546,0,0,0.129991343865792,0,0.136466716780611,0,0.193454816937447,0,0,0,0,0,0,0,0,0,0.135371804856264,0,0,0,0,0,0,0,0,0,0.217522325474889,0,0,0,0,0,0,0,0,0,0,0,0,0,0,0,0.128427933047124,0.222584811891148,0,0.212280705571175,0,0.133560986991258,0,0,0,0,0,0,0,0,0,0,0,0.195908176530268,0.115401717211519,0.0894454112276435,0,0,0
0,0.255835526368835,0,0,0,0,0,0,0,0.276873485276512,0,0,0,0,0,0.167489955822627,0.23425440788269,0.157418414791848,0.218705823240073,0,0,0.151634810492396,0,0,0.143273830413818,0.13926813701311,0,0,0,0,0,0,0,0,0,0,0,0.202027726918459,0,0,0,0,0,0,0,0,0,0,0,0.227108751352017,0,0,0,0,0,0.334435630589724,0,0.320324420928955,0,0,0,0.215781209116079,0,0,0.179248239845037,0,0.210196683231623,0,0.214689852232918,0,0.32293318460385,0,0,0,0,0,0.130101909240087,0,0.358623087406158,0.351859539747238,0.211668574779823,0,0.159349024092424,0,0.283585474482311,0,0
0.266980240742366,0,0,0,0,0,0,0,0.21892556674586,0,0,0,0.206734299659729,0,0.213398236193155,0,0.20965527452711,0.258081138718362,0.262830880781015,0,0,0,0.129991343865792,0.143273830413818,0,0,0.153988135508215,0,0,0,0,0,0,0,0,0,0,0,0.204455343710965,0,0,0,0.240574955940247,0,0,0,0,0,0.31211621698105,0,0,0,0,0,0.189698248055943,0.234614834189415,0,0,0,0,0.217910454741546,0,0,0,0,0,0,0.17353636354208,0.301781862974167,0.166011837715248,0,0,0,0,0,0,0,0,0,0.356424570083618,0,0.139629778367552,0.196427089215462,0.235308602452278,0.289692891060665,0,0
0,0,0,0,0,0,0,0,0,0.202657375206698,0,0,0.202332437038422,0.177276772935746,0,0.186307300187168,0.234177343665607,0.170948815585219,0.271531626582146,0,0,0.133058053980532,0,0.13926813701311,0,0,0,0.173702616531115,0,0,0,0,0,0,0,0,0.307167619466782,0,0,0,0,0.261517599225044,0,0,0,0,0,0,0,0.230684914871266,0,0,0,0,0,0.186502321877263,0,0,0,0,0,0.186982881543892,0,0,0.148730070516467,0,0.160026526562472,0,0.178628273754347,0,0.169209286570549,0,0,0,0,0,0,0,0,0.421815305948257,0,0,0.167060140390048,0.161630615592003,0,0,0
0.313521027565002,0,0,0,0,0,0,0,0.174586116797752,0,0,0,0.178819132347902,0,0.1715743390045,0,0.167894298625565,0.210320328176022,0.25201214896515,0,0,0,0.136466716780611,0,0.153988135508215,0,0,0,0.186140601634979,0,0,0,0,0,0,0,0,0,0,0,0,0.251733958721161,0,0,0,0,0,0,0,0,0,0,0,0,0.171452385458079,0.205000579357147,0,0,0,0,0.168773852643513,0,0,0,0,0.187447987496853,0,0.178742594443835,0,0.149491081312621,0,0,0,0,0,0,0,0,0,0,0,0,0.183483253545901,0.187628913274471,0,0,0
0,0,0,0,0,0,0,0,0,0,0,0,0,0.176107834066663,0,0.175669848918915,0,0.198505759973244,0,0,0,0.186811210895048,0,0,0,0.173702616531115,0,0,0,0.132283351580862,0,0,0,0,0,0,0,0.160127918530059,0,0,0,0,0,0,0,0,0,0,0,0,0,0,0,0,0,0,0,0,0,0.087930208692948,0,0,0,0,0.197919371209556,0,0,0,0.163591102578423,0,0.231221324151886,0,0.135626275994276,0,0,0,0,0,0,0.41881737112999,0.199345504330552,0,0.174598654376641,0.152488440275192,0,0,0
0.324048936367035,0,0,0,0,0,0,0,0.203125700354576,0,0.293309966412683,0,0.145478129304118,0,0.155317112803459,0,0.181510284160956,0.252588421106339,0.283927400197302,0,0,0,0.193454816937447,0,0,0,0.186140601634979,0,0,0,0.203470719712121,0,0,0,0,0,0,0,0,0,0,0.235516548156738,0,0,0,0,0,0,0,0,0,0,0,0,0,0,0.32193795144558,0,0.347213599724429,0,0.190578803420067,0,0,0,0,0,0,0,0,0.203550543297421,0,0.266793396395157,0,0.188047420978546,0,0,0,0,0.35789281129837,0,0,0,0.172265279965783,0.166974646349748,0,0,0
0,0,0,0,0,0,0,0,0,0,0,0.294142492115498,0,0,0,0,0,0,0,0,0,0,0,0,0,0,0,0.132283351580862,0,0,0,0,0,0,0,0,0,0.153394446595685,0,0,0,0,0,0,0,0,0,0,0,0,0,0,0,0,0,0,0,0.307951379377963,0,0,0,0,0,0,0,0,0,0,0,0,0.238861054182053,0,0.249962836962723,0,0,0,0,0,0,0,0.187978156795311,0,0.132999935187399,0,0,0,0
0,0,0,0,0,0,0,0,0,0,0.282647531010486,0,0,0,0,0,0.389300107955933,0.368767529726028,0.353540935686656,0,0.308904289222154,0,0,0,0,0,0,0,0.203470719712121,0,0,0,0,0,0,0,0.324200712972217,0,0.249489176445282,0,0.292536303400993,0,0.409310583025217,0,0,0,0.413711200778683,0.326106866200765,0.320999541703392,0,0,0,0,0,0,0,0.308952448691459,0,0,0,0,0,0,0.347216814481718,0,0,0,0,0,0,0,0.266845224555149,0,0.213070802662254,0,0,0,0,0,0.306030376149075,0,0.289725725550249,0.32861531774203,0,0.449172121863211,0,0.449004924959607
0,0,0,0,0,0,0,0,0,0,0,0,0,0,0,0,0,0,0,0,0,0,0,0,0,0,0,0,0,0,0,0,0.33075714190295,0.324501162838368,0.245835769244216,0.235089560398961,0.211895159175319,0,0,0.289828017354012,0,0.276897728443146,0.24741467833519,0,0,0.304773973094092,0,0.424895392745051,0.332096338272095,0,0,0,0,0,0,0,0,0,0,0,0,0,0.277125135064125,0,0,0,0,0,0,0,0,0,0.362603843212128,0,0.397252195199629,0.394778808764488,0.358454590042432,0.366663883714115,0.452102991894275,0.485863453230342,0.31586392223835,0,0.219664552080703,0,0.259163364768028,0,0
0,0,0,0,0,0,0,0,0,0,0,0,0,0,0,0,0,0,0,0,0,0,0,0,0,0,0,0,0,0,0,0.33075714190295,0,0.416274411258874,0.416131261449594,0.155390006303787,0.253402511420015,0,0,0,0,0,0,0,0,0,0.272351086139679,0.391394842334174,0.341016526091589,0,0,0,0,0,0,0,0,0,0,0,0,0,0,0,0,0,0,0,0,0,0,0,0,0,0.35329778768889,0.347278711752345,0.430216631955571,0.408770064019585,0.147428930708856,0.338018441825347,0,0,0.232563399966425,0,0,0,0
0,0,0,0,0,0.2841467410326,0,0,0,0,0,0,0,0,0,0,0,0,0.269219393531481,0,0,0,0,0,0,0,0,0,0,0,0,0.324501162838368,0.416274411258874,0,0.260363828948905,0.237270931168036,0.404364655415217,0.241972649116305,0.365543901920319,0.350362316767375,0,0.279581796791818,0.287140141214643,0,0,0.320484950944975,0.365342885255814,0.484527777446477,0.446990926669339,0.22640160011018,0,0,0,0,0,0,0,0,0,0,0,0,0.347073525190353,0,0,0,0,0,0,0,0,0,0.34413828594344,0,0.341910949484868,0.441130414605141,0.300922974159118,0.201607694699946,0.275408005432748,0.446889785428842,0.235260644827479,0.487840595535743,0.271581738861278,0,0.311857775334389,0,0
0,0,0,0,0,0,0,0,0,0,0,0,0,0,0,0,0,0,0,0,0,0,0,0,0,0,0,0,0,0,0,0.245835769244216,0.416131261449594,0.260363828948905,0,0.43121336535974,0.221318974904716,0,0.380756740059171,0,0,0,0.35296419262886,0,0,0.420720607042313,0,0.493391563549583,0.429122532455667,0,0,0,0,0,0,0,0,0,0,0,0,0,0,0,0,0,0,0,0,0,0,0,0,0,0.393569844856597,0.440489537186093,0.350959454777918,0.276704481583385,0,0.33230647566738,0,0.467716862520309,0.189396105327849,0,0.346252374351025,0,0.379538714885712
0,0,0,0,0,0.264408528804779,0,0,0,0.379126071929932,0,0.120834709703922,0,0,0,0,0.378818588952223,0.34853557497263,0.364740091144659,0.150888915652427,0,0,0,0,0,0,0,0,0,0,0,0.235089560398961,0.155390006303787,0.237270931168036,0.43121336535974,0,0.163022402178826,0.216101995597914,0.189639501695363,0.266572522512381,0,0.372139373949938,0.327959596433423,0.437099749165954,0,0.289078341946006,0,0.3220934620341,0.285369555652142,0.27111254632473,0,0,0,0,0,0,0,0.18533630669117,0,0,0,0,0.181401633905743,0,0,0,0,0,0,0,0,0,0.36724194586277,0,0.353128806310515,0,0.255397400685719,0.455219864845276,0.243786048532044,0.146308104662297,0.228548061214813,0,0.212417175399637,0.176731805606821,0.339289813564065,0.373575374484062,0
0.457892507314682,0,0,0,0.276662886142731,0,0,0,0,0.392537713050842,0.250391352921724,0,0,0,0,0,0.392389506101608,0.393199480813125,0.390667942647011,0,0.240476221943386,0,0,0,0,0.307167619466782,0,0,0,0,0.324200712972217,0.211895159175319,0.253402511420015,0.404364655415217,0.221318974904716,0.163022402178826,0,0,0.226975054049959,0.335867047309875,0.292611412130869,0.288919746875763,0.339137563205148,0,0.365799106084383,0.40227971971035,0.28557972942502,0.180097381775099,0.28637898141898,0,0,0,0,0,0,0,0.334193314824785,0,0,0,0,0,0,0.260734160717011,0,0,0,0,0,0,0,0,0,0.336340451851869,0.163019299507141,0.332189087740711,0.447252988815308,0.413311222783562,0.15664725814263,0.263449508950505,0,0.258185973388611,0.220195963830931,0.187184448958765,0.374534484369593,0,0.353189164400101
0,0,0,0,0,0,0,0,0,0.167200809050547,0,0.193030057691685,0,0,0,0,0,0,0,0.130585307371803,0,0.161774193192214,0,0.202027726918459,0,0,0,0.160127918530059,0,0.153394446595685,0,0,0,0.241972649116305,0,0.216101995597914,0,0,0.164473311806267,0.198979154229164,0,0.31777404900868,0,0.435208469629288,0,0.26180712133646,0,0.355627077107398,0.298647493124008,0.312310744654686,0,0,0,0,0,0.359426617622375,0,0.268839668801853,0,0,0,0,0.15709453793924,0,0.274514632293667,0,0.305815498034159,0,0.262686431407928,0,0.303150687098503,0,0.23862065103921,0,0.224839627742767,0,0.237719857673112,0,0.261462160057883,0,0.224025974738186,0.163636341691017,0.164486160435361,0.155272257123554,0.347649382660165,0,0
0.434270352125168,0,0,0,0.25225655734539,0,0,0,0.311563460165973,0,0.237278736237731,0,0,0,0,0,0.370410659483501,0.400268569588661,0.371374141838815,0,0.219027392872993,0,0.135371804856264,0,0.204455343710965,0,0,0,0,0,0.249489176445282,0,0,0.365543901920319,0.380756740059171,0.189639501695363,0.226975054049959,0.164473311806267,0,0,0.29312778711319,0,0.287591174741586,0,0,0,0.339539225399494,0.320550581812859,0.467802565609992,0,0,0,0,0,0.278346712652006,0,0.275703207954117,0,0,0,0,0,0,0.307037791139201,0,0.170857906240184,0,0.262062431652417,0,0,0,0,0,0.29465537071228,0,0,0,0.221145349740982,0.228040820130935,0.262072235969811,0.167634715791792,0.241195642501876,0.162672781321252,0.148658112183804,0.332710704471492,0,0.366069108247757
0,0,0,0,0,0,0,0,0.324285089969635,0,0,0,0,0,0,0,0.32783255726099,0.324055820703506,0.31278510820685,0.217927493155003,0,0,0,0,0,0,0,0,0,0,0,0.289828017354012,0,0.350362316767375,0,0.266572522512381,0.335867047309875,0.198979154229164,0,0,0,0.311879889402555,0.292276485608174,0.33254736661911,0,0.301112292039264,0.361681044101715,0.316583158517325,0.331527471542358,0.30085188240716,0,0,0,0,0.334583252668381,0,0,0.315755208333333,0,0,0,0,0.316233809311669,0,0,0,0,0,0,0,0,0,0.34396355599165,0,0.223363315893544,0,0.326820971339606,0,0.307270015226849,0.36672605574131,0.303820993540422,0,0.302507055883712,0.314545422792435,0.302996546280484,0.24149315059185,0
0.537141382694244,0,0,0,0.273708851387103,0,0,0,0,0,0.260755851864815,0,0,0,0,0,0.342180813352267,0.327220141887665,0.365673706298921,0,0.262878393381834,0,0,0,0,0,0,0,0,0,0.292536303400993,0,0,0,0,0,0.292611412130869,0,0.29312778711319,0,0,0,0.275512722816633,0.411530494689941,0.367763002713521,0,0.247104143652367,0.223991659103018,0.307491791931758,0,0,0,0,0,0,0,0.293726464733481,0,0,0,0,0,0,0.260977917586464,0,0,0,0,0,0.297884106636047,0,0,0,0.32616087483863,0,0.33803579211235,0,0.347597390413284,0.347903364896774,0.282349945274754,0,0.265016776410121,0.32256109295068,0.319785326719284,0.300692741584972,0,0.30117704719305
0,0.309718079037136,0,0.324174307286739,0,0.273893828902926,0,0,0.299053251743317,0.317583815091186,0,0,0,0,0,0,0.323676159200461,0.304017245769501,0.25774007360655,0,0,0,0,0,0,0.261517599225044,0.251733958721161,0,0.235516548156738,0,0,0.276897728443146,0,0.279581796791818,0,0.372139373949938,0.288919746875763,0.31777404900868,0,0.311879889402555,0,0,0.239806716254249,0.317582176304331,0,0.360465727881635,0.325133830308914,0.234574096461574,0.268314987421036,0.235198574629934,0,0,0,0,0,0.192254349589348,0,0.364564183354378,0,0,0,0,0.403063800547597,0.314649492502213,0.39013844066196,0,0,0,0,0,0.382028753558795,0,0.353102628328812,0,0.304599066575368,0,0.307244003073782,0,0.332597907701207,0.338591078625006,0.351463196924347,0.348311614990234,0.236933474623463,0.272082859819586,0.320812864994399,0.227328953891109,0.255870014429092
0.105016670056752,0,0.288824886083603,0,0.271834935061634,0.260444279760122,0,0,0.296957385540009,0.263654142618179,0.38855409906024,0,0,0,0.238476425409317,0,0.315895577073097,0.319174880161881,0.2398380119691,0,0.360910457025454,0,0,0,0.240574955940247,0,0,0,0,0,0.409310583025217,0.24741467833519,0,0.287140141214643,0.35296419262886,0.327959596433423,0.339137563205148,0,0.287591174741586,0.292276485608174,0.275512722816633,0.239806716254249,0,0.235648156868087,0.210412263870239,0.277261291084618,0.326764076899628,0.276663215461504,0.29720153891592,0.29120685504033,0,0,0,0,0,0,0.366797833662966,0.262327373027802,0,0,0.319617986679077,0,0.344782710075378,0.362567242876551,0,0,0,0,0,0,0,0,0.344409245252609,0.364940335101051,0.292515347401301,0,0.291726569264707,0.303154423832893,0.335407306943367,0.326627407833886,0.358238329355781,0.347427357021667,0.26378377652642,0.284628624717395,0.279842786454897,0,0.244351708872133
0,0,0,0,0,0,0,0,0.38295590877533,0,0,0,0.358685284852982,0,0,0,0.340994642674923,0.346364238045432,0.405818049245932,0,0,0,0,0,0,0,0,0,0,0,0,0,0,0,0,0.437099749165954,0,0.435208469629288,0,0.33254736661911,0.411530494689941,0.317582176304331,0.235648156868087,0,0,0.385033731659253,0,0.415084391832352,0,0.444529606650273,0,0,0,0,0,0.340440779924393,0,0,0,0,0,0,0,0,0,0,0,0,0,0,0,0,0.429013463466064,0,0,0,0.494651660323143,0,0.468413241077899,0.39572623040941,0.520498649468498,0.428336456418037,0.385200232551211,0.323776625096798,0.438386866679558,0.360392391681671,0
0,0,0,0,0,0,0,0,0,0,0,0,0,0,0,0,0.322378657758236,0.385081455111504,0.36146936497905,0,0.27636730670929,0,0,0,0,0,0,0,0,0,0,0,0,0,0,0,0.365799106084383,0,0,0,0.367763002713521,0,0.210412263870239,0,0,0,0.269863513608774,0,0.27775701880455,0,0,0,0,0,0,0,0.299313902854919,0,0,0,0,0,0,0.262323200702667,0,0,0,0,0,0,0,0,0,0,0,0,0,0,0.436629821856817,0.353568031969998,0,0.371622770031293,0.328603446483612,0.32605953514576,0.282205583527684,0,0.222149389485518
0,0,0,0.171240500041417,0,0.201403256190025,0,0,0,0,0,0.30196889964017,0,0,0,0,0.340442501008511,0.328700671593348,0.30215104274226,0.237463496152948,0,0,0,0,0,0,0,0,0,0,0,0.304773973094092,0,0.320484950944975,0.420720607042313,0.289078341946006,0.40227971971035,0.26180712133646,0,0.301112292039264,0,0.360465727881635,0.277261291084618,0.385033731659253,0,0,0,0.306699491822891,0.296186474236575,0.344542627811432,0,0,0,0,0,0,0,0.378599181935027,0,0,0,0,0.300141217008226,0,0.388871351877848,0,0,0,0,0,0.404038965702057,0,0.410252262406755,0,0.282752846777439,0,0.316209339043673,0,0.292608940836207,0.374425649642944,0.373815310991439,0.280299782752991,0.280405306763574,0,0.290129024807943,0.351341348521563,0
0.350633233785629,0,0.17238518094391,0,0.209954436668145,0,0,0,0,0,0.3646515080562,0,0,0,0,0,0.304398766718805,0.324263915419579,0.301386684179306,0,0.27832793402222,0,0,0,0,0,0,0,0,0,0.413711200778683,0,0.272351086139679,0.365342885255814,0,0,0.28557972942502,0,0.339539225399494,0.361681044101715,0.247104143652367,0.325133830308914,0.326764076899628,0,0.269863513608774,0,0,0.296275021031845,0.297964426875114,0,0.209566503763199,0,0,0,0,0,0.358136013944944,0,0,0,0,0,0,0.266589309531468,0,0,0,0,0,0,0,0,0,0.408693471724105,0,0,0.343502908945084,0.316219180822372,0.367213358481725,0.276968547786895,0.375777781009674,0.379127017766959,0.225753634493204,0.258552499115467,0.277180272545184,0,0.376918500096634
0,0,0,0,0.272257858089038,0.28120265007019,0,0,0,0,0.258690983057022,0,0,0,0,0,0.322887772321701,0.354420989751816,0.275963130497163,0.319380730390549,0.27959600687027,0.325590364138285,0,0,0,0,0,0,0,0,0.326106866200765,0.424895392745051,0.391394842334174,0.484527777446477,0.493391563549583,0.3220934620341,0.180097381775099,0.355627077107398,0.320550581812859,0.316583158517325,0.223991659103018,0.234574096461574,0.276663215461504,0.415084391832352,0,0.306699491822891,0.296275021031845,0,0.480872823794017,0.299815074422143,0.265591382980347,0,0,0,0,0,0.319533824920654,0.308465912938118,0,0,0,0,0.327056191585682,0.28598042424411,0.381886163949966,0,0,0.302795097231865,0,0,0,0,0.35401055932045,0.336297936737537,0.514905815081606,0.340453398407706,0.431887623539732,0.511081894077361,0.391543770853766,0.354509057062013,0.386784239113331,0.551457854330787,0.347420954082523,0.28384305536747,0.330103464475852,0.359189093112946,0.299049275616805
0.209150106299157,0,0.121714832903496,0,0.272693235959326,0.233619347214699,0,0,0.252173087111226,0,0.301126505840908,0,0,0,0.389174818992615,0,0.373071903983752,0.330603584647179,0.313483247799533,0.294535338878632,0.303052944486791,0,0.217522325474889,0,0.31211621698105,0,0,0,0,0,0.320999541703392,0.332096338272095,0.341016526091589,0.446990926669339,0.429122532455667,0.285369555652142,0.28637898141898,0.298647493124008,0.467802565609992,0.331527471542358,0.307491791931758,0.268314987421036,0.29720153891592,0,0.27775701880455,0.296186474236575,0.297964426875114,0.480872823794017,0,0,0.277299590408802,0,0,0,0.169250135620435,0,0.281121529944955,0,0.208499202132225,0,0.207993411812289,0,0.351110357046127,0.298385869912402,0,0.240237411961221,0,0.226891047128752,0,0.203619759214126,0,0.238259939328734,0.36024022102356,0.339989196422488,0.251657724380493,0.313943788997437,0.431870013199471,0.34383078569021,0.308647721178002,0.341652512732075,0.382182151079178,0.441251417373431,0.391332723178788,0.289867073297501,0.300324839361122,0,0.280524865695924
0,0.210610515702127,0,0.158235756680369,0,0.249473229050636,0,0,0,0.27036452293396,0,0,0,0,0,0,0.315757046143214,0.332516878843307,0.33384526355399,0,0,0.269286390608304,0,0.227108751352017,0,0.230684914871266,0,0,0,0,0,0,0,0.22640160011018,0,0.27111254632473,0,0.312310744654686,0,0.30085188240716,0,0.235198574629934,0.29120685504033,0.444529606650273,0,0.344542627811432,0,0.299815074422143,0,0,0,0.234219415734212,0,0,0,0.160306215286255,0,0.357118144181653,0,0.212741376832128,0,0,0.338825584050046,0,0.33886464773899,0,0.298573215660595,0,0.270502898261088,0,0.341982047466131,0,0.340677194416333,0,0.24427231028676,0,0.278880404189546,0,0.309634158470198,0,0.295358484538,0,0.307648297889452,0,0.324271494043179,0.336650420929871,0
0.181142618258794,0,0.153150996459382,0,0.215431243725142,0,0,0,0,0,0,0,0,0,0.124885976314545,0,0,0,0,0,0.321260637044907,0,0,0,0,0,0,0,0,0,0,0,0,0,0,0,0,0,0,0,0,0,0,0,0,0,0.209566503763199,0.265591382980347,0.277299590408802,0,0,0,0,0,0.16597343236208,0,0.220703882903888,0,0,0,0.134954959154129,0,0,0.271301909330043,0,0,0,0,0,0,0,0,0,0,0,0,0,0,0,0,0,0,0.165156725853209,0,0.22807951271534,0,0
0,0.230089893858684,0,0,0,0.24901686722075,0,0.190140665854727,0,0,0,0,0,0.215200555986828,0,0,0,0,0,0,0,0,0,0,0,0,0,0,0,0,0,0,0,0,0,0,0,0,0,0,0,0,0,0,0,0,0,0,0,0.234219415734212,0,0,0,0.178145173192024,0,0,0,0.28046707296744,0,0.25580628712972,0,0.24212957918644,0,0,0,0,0,0,0,0,0,0,0,0,0,0,0,0,0,0,0,0,0.209247595951205,0,0,0,0
0,0,0,0,0,0,0.190682669352341,0,0,0,0.156143762171268,0,0.136666242033243,0,0,0,0,0,0,0,0,0,0,0,0,0,0,0,0,0,0,0,0,0,0,0,0,0,0,0,0,0,0,0,0,0,0,0,0,0,0,0,0,0,0,0,0,0,0.129536002874374,0,0,0,0,0,0,0,0,0,0,0,0,0,0,0,0,0,0,0,0,0,0,0,0,0,0,0,0
0,0,0,0,0,0.201278623337894,0,0.182994968616045,0,0,0,0,0,0,0,0,0,0,0,0,0,0,0,0,0,0,0,0,0,0,0,0,0,0,0,0,0,0,0,0,0,0,0,0,0,0,0,0,0,0,0,0.178145173192024,0,0,0,0,0,0,0,0,0,0,0,0,0,0,0,0,0,0,0,0,0,0,0,0,0,0,0,0,0,0,0.226719816794267,0,0,0,0
0.190863739985686,0,0.151685412973166,0,0.155057583004236,0,0,0,0.253511784270762,0.219661707679431,0,0,0,0,0.154431983355492,0,0.22062373747851,0.262825952172279,0.272149784224374,0,0,0,0,0,0.189698248055943,0,0.171452385458079,0,0,0,0,0,0,0,0,0,0,0,0.278346712652006,0.334583252668381,0,0,0,0,0,0,0,0,0.169250135620435,0,0.16597343236208,0,0,0,0,0,0,0,0,0,0.162269545575747,0,0,0,0,0,0,0.192022460011336,0,0.166956276529365,0,0,0,0,0,0,0,0,0,0.360704481601715,0,0.211910136952633,0.207765405089847,0.222338521054813,0.322780191898346,0,0
0,0.217121309927992,0,0.177868389908005,0,0.214744718237357,0,0,0,0.182057088076038,0,0,0,0,0,0.172144619240002,0.230633253142947,0.204085109152382,0.228570269311176,0,0,0.169318243861198,0,0.334435630589724,0.234614834189415,0.186502321877263,0.205000579357147,0,0,0,0,0,0,0,0,0,0,0.359426617622375,0,0,0,0.192254349589348,0,0.340440779924393,0,0,0,0,0,0.160306215286255,0,0,0,0,0,0,0,0,0,0,0,0.186656579375267,0,0,0,0,0.290039205976895,0,0.187037200729052,0.21256248652935,0,0,0,0,0,0,0,0,0,0,0.346440364917119,0,0.178265900043637,0,0.307012036442757,0,0
0,0,0.278592149416606,0,0.240763227039195,0,0,0,0,0,0.259111790832143,0,0.324189433997328,0,0,0,0.312662079930305,0,0.320145923644304,0,0.334288136838576,0,0,0,0,0,0,0,0.32193795144558,0,0.308952448691459,0,0,0,0,0,0.334193314824785,0,0.275703207954117,0,0.293726464733481,0,0.366797833662966,0,0.299313902854919,0,0.358136013944944,0.319533824920654,0.281121529944955,0,0.220703882903888,0,0,0,0,0,0,0,0.291150952000981,0,0.205521332720915,0,0,0.340879704147167,0,0.389295727014542,0,0,0,0.375630363821983,0,0.363277862110408,0,0.351281480243543,0,0,0,0,0,0.302049065481371,0,0.308067501661105,0.251989641516912,0.205184012651443,0.320595986842385,0,0.371254968015771
0,0.294913031525545,0,0,0,0.294617401702063,0,0,0,0,0,0.257700781126085,0,0,0,0,0,0,0,0.264813869893551,0,0.328718404724913,0,0.320324420928955,0,0,0,0,0,0.307951379377963,0,0,0,0,0,0.18533630669117,0,0.268839668801853,0,0.315755208333333,0,0.364564183354378,0.262327373027802,0,0,0.378599181935027,0,0.308465912938118,0,0.357118144181653,0,0.28046707296744,0,0,0,0,0,0,0,0.227635606229305,0,0.225477847915429,0.31762491939943,0,0.343953211274412,0,0.330554171250417,0,0.37419384624809,0,0.391147218057034,0,0.34918256520828,0,0.302032053470612,0,0.327382147312164,0,0,0,0.362571093025225,0,0.25510106057384,0,0.355790662066923,0.470150530338287,0
0,0,0,0,0,0,0.240257463925253,0,0.312662959098816,0,0.342436949412028,0,0.184873934715025,0,0,0,0.168676437891048,0.155985698103905,0,0,0,0,0,0,0,0,0,0,0.347213599724429,0,0,0,0,0,0,0,0,0,0,0,0,0,0,0,0,0,0,0,0.208499202132225,0,0,0,0.129536002874374,0,0,0,0.291150952000981,0,0,0,0.219335696101189,0,0,0,0,0,0,0,0,0.383663319051266,0,0.318268917444742,0,0,0,0,0,0,0,0,0,0,0.161074846982956,0.17592697522857,0.199747577309608,0,0
0,0.239878222346306,0,0,0,0.193658277392387,0,0.216940739698577,0,0,0,0.277420787672911,0,0.298311438895469,0,0.37284716963768,0,0.17854779958725,0,0,0,0,0,0,0,0,0,0.087930208692948,0,0,0,0,0,0,0,0,0,0,0,0,0,0,0,0,0,0,0,0,0,0.212741376832128,0,0.25580628712972,0,0,0,0,0,0.227635606229305,0,0,0,0.354109793901443,0,0,0,0,0,0,0.276555075827572,0,0.249696185385715,0,0,0,0,0,0,0,0,0,0,0,0.17400336265564,0,0,0,0
0.149546816945076,0,0,0,0,0,0,0,0.193114314807786,0,0.347914487123489,0,0.119104191660881,0,0.158067196350673,0,0.192858772844444,0.248653451353312,0.258409201167524,0,0,0,0,0,0.217910454741546,0,0.168773852643513,0,0.190578803420067,0,0,0,0,0,0,0,0,0,0,0,0,0,0.319617986679077,0,0,0,0,0,0.207993411812289,0,0.134954959154129,0,0,0,0.162269545575747,0,0.205521332720915,0,0.219335696101189,0,0,0,0,0,0,0,0,0,0,0.188234746456146,0,0.213648383106504,0,0,0,0,0,0,0,0.332186818122864,0,0,0.194689298545321,0.183240688272885,0,0,0
0,0.220724359154701,0,0,0,0,0,0,0,0.168695632206357,0,0,0,0.177108762785792,0,0.153811742231917,0.363917291164398,0.195788661596076,0.256168385346731,0,0,0,0,0.215781209116079,0,0.186982881543892,0,0,0,0,0,0,0,0,0,0,0,0,0,0,0,0,0,0,0,0,0,0,0,0,0,0.24212957918644,0,0,0,0.186656579375267,0,0.225477847915429,0,0.354109793901443,0,0,0,0,0,0,0,0,0.222296180564966,0,0,0,0,0,0,0,0,0,0,0,0,0,0.189925403104109,0,0,0,0
0,0.317742079496384,0,0,0,0.260482251644135,0,0,0,0,0,0.239708192055188,0,0,0,0,0.360498577356339,0,0.32396292090416,0.193854146648561,0,0.320187502437168,0,0,0,0,0,0,0,0,0,0.277125135064125,0,0.347073525190353,0,0.181401633905743,0,0.15709453793924,0,0.316233809311669,0,0.403063800547597,0.344782710075378,0,0,0.300141217008226,0,0.327056191585682,0.351110357046127,0.338825584050046,0,0,0,0,0,0,0,0.31762491939943,0,0,0,0,0,0,0.327997092157602,0,0.336064368486404,0,0.330968111753464,0,0.345414727591397,0,0.400689950204331,0,0.292339086532593,0,0.315126844578319,0,0.253220296393764,0,0.275351688779249,0,0.271704206600743,0,0.326335186518405,0.347971358082511,0
0,0,0.187519025802612,0,0.274583202238963,0,0.267862209677696,0,0,0,0.3060154427965,0,0,0,0,0,0.282325714826584,0.36190165579319,0.275014543107578,0,0.264409714857096,0,0,0,0,0,0,0,0,0,0.347216814481718,0,0,0,0,0,0.260734160717011,0,0.307037791139201,0,0.260977917586464,0.314649492502213,0.362567242876551,0,0.262323200702667,0,0.266589309531468,0.28598042424411,0.298385869912402,0,0.271301909330043,0,0,0,0,0,0.340879704147167,0,0,0,0,0,0,0,0,0,0,0,0,0,0,0.346568703651428,0,0.373904362881094,0,0,0,0,0,0.287415198088499,0,0.307017875883806,0.216936355568064,0.205727982024352,0.335781906057349,0,0.40458518482985
0,0.363758355379105,0,0,0,0.3385069668293,0,0,0,0,0,0,0,0,0,0.191566914319992,0.149065643548965,0.153546895831823,0,0,0,0.209304619110263,0.128427933047124,0.179248239845037,0,0.148730070516467,0,0.197919371209556,0,0,0,0,0,0,0,0,0,0.274514632293667,0,0,0,0.39013844066196,0,0,0,0.388871351877848,0,0.381886163949966,0,0.33886464773899,0,0,0,0,0,0,0,0.343953211274412,0,0,0,0,0.327997092157602,0,0,0,0.300284431682479,0,0.362760370576775,0,0.276922889517551,0,0.355879617588861,0,0,0,0,0,0,0,0.365868283797065,0,0.130672927447191,0,0.343289627383153,0.37792032957077,0
0,0,0,0,0,0,0,0,0,0,0,0,0,0,0,0,0,0,0,0,0,0,0.222584811891148,0,0,0,0.187447987496853,0,0,0,0,0,0,0,0,0,0,0,0.170857906240184,0,0,0,0,0,0,0,0,0,0.240237411961221,0,0,0,0,0,0,0,0.389295727014542,0,0,0,0,0,0,0,0,0,0,0.217135754070784,0,0.396636967857679,0,0.414080903308946,0,0,0,0,0,0,0,0,0,0.260857016111897,0.119786422806127,0,0,0,0
0,0.214633725583553,0,0,0,0,0,0,0,0.288374111585811,0,0,0,0,0,0,0,0.155242592096329,0.147126898169518,0,0,0.254709583389408,0,0.210196683231623,0,0.160026526562472,0,0,0,0,0,0,0,0,0,0,0,0.305815498034159,0,0,0,0,0,0,0,0,0,0,0,0.298573215660595,0,0,0,0,0,0.290039205976895,0,0.330554171250417,0,0,0,0,0.336064368486404,0,0.300284431682479,0,0,0,0.299330265985595,0,0.364614339825375,0,0.312702119350433,0,0,0,0,0,0,0,0.263940702320314,0,0.161273414336822,0,0.281269602039281,0,0
0,0,0,0,0,0,0,0,0.209182114899158,0.155537873506546,0,0,0,0,0,0,0.202845055730112,0.255730519692103,0.250658445060253,0,0,0,0.212280705571175,0,0.17353636354208,0,0.178742594443835,0,0,0,0,0,0,0,0,0,0,0,0.262062431652417,0,0,0,0,0,0,0,0,0.302795097231865,0.226891047128752,0,0,0,0,0,0.192022460011336,0,0,0,0,0,0,0,0,0,0,0.217135754070784,0,0,0,0.225427126425963,0,0,0,0,0,0,0,0,0,0,0,0.220160554898413,0.220043073258092,0.218087717890739,0.256265544960665,0,0
0,0,0,0,0,0,0,0,0,0.204491607099771,0,0,0,0.169058970486124,0.162973076105118,0.182205201668102,0.210368884870639,0.170344359808498,0.284620354473591,0,0,0.23598909491095,0,0.214689852232918,0.301781862974167,0.178628273754347,0,0.163591102578423,0,0,0,0,0,0,0,0,0,0.262686431407928,0,0,0,0,0,0,0,0,0,0,0,0.270502898261088,0,0,0,0,0,0.187037200729052,0,0.37419384624809,0,0.276555075827572,0,0.222296180564966,0.330968111753464,0,0.362760370576775,0,0.299330265985595,0,0,0.253363251686096,0.290523489789357,0,0,0,0,0,0,0,0,0,0,0.319962829351425,0.163382434928718,0.170705929398537,0.319261441273349,0,0
0,0,0,0,0,0,0,0,0.177823886585732,0,0.375597506761551,0,0.215731720129649,0,0.181306637146256,0,0.172065760288074,0.205929508379528,0.254574186168611,0,0,0.17366886138916,0.133560986991258,0,0.166011837715248,0,0.149491081312621,0,0.203550543297421,0,0,0,0,0,0,0,0,0,0,0,0.297884106636047,0,0,0,0,0,0,0,0.203619759214126,0,0,0,0,0,0.166956276529365,0.21256248652935,0.375630363821983,0,0.383663319051266,0,0.188234746456146,0,0,0,0,0.396636967857679,0,0.225427126425963,0.253363251686096,0,0,0.358977558584552,0,0,0,0,0,0,0,0.345362275838852,0,0.309878617525101,0.175765102133007,0.191532735195425,0,0,0
