0,0,0.149495305418968,0,0,0,0,0,0.178791280388832,0,0,0,0,0,0.155676729977131,0,0,0,0.268373365319052,0,0,0,0,0,0.218424722552299,0,0,0,0,0,0,0,0,0,0,0,0,0,0.230965450406075,0,0,0,0,0,0,0,0,0,0.149159796063893,0,0,0,0,0,0.181740060448647,0,0,0,0,0,0.173300401174596,0,0,0,0,0,0,0.24859057366848,0,0,0,0,0,0,0,0,0,0,0,0,0,0,0.175993678867817,0,0.153759068499009,0,0
0,0,0,0.127663180232048,0,0,0,0,0,0.144143365914859,0,0,0,0,0,0,0,0,0,0,0,0.213592141866684,0,0.295958086848259,0,0,0,0,0,0,0,0,0,0,0,0,0,0.256235266849399,0,0,0,0.337762854993343,0,0,0,0,0,0,0,0.260184133411208,0,0,0,0,0,0.148256504317609,0,0,0,0,0,0.164274099682059,0,0,0,0,0,0,0,0,0.255680680274963,0,0,0,0,0,0,0,0,0,0.210691439867751,0,0.202980033188526,0,0.320417897526752,0,0
0.149495305418968,0,0,0,0.122493963488532,0,0,0,0.130599882225601,0,0,0,0,0,0,0,0,0,0,0,0,0,0,0,0,0,0,0,0,0,0,0,0,0,0,0,0,0,0.246858780582746,0,0,0,0.226914310029575,0,0,0,0.239710641439779,0,0.146216646966776,0,0.135210260748863,0,0,0,0.160432749560901,0,0.229107581079006,0,0,0,0,0,0,0,0,0,0,0,0,0,0,0.285158157348633,0,0.285164672136307,0,0,0,0,0,0,0,0.30866448368345,0.250719749501773,0,0.173940990242842,0,0
0,0.127663180232048,0,0,0,0.135718848360212,0,0,0,0.145750063218812,0,0,0,0,0,0,0,0.255468651652336,0.259319491684437,0.412335932254791,0,0,0,0,0,0,0,0,0,0,0,0,0,0,0,0.212463856985172,0,0,0,0.23118204410587,0,0.242224654981068,0,0,0,0.247122412394075,0,0.250031143426895,0,0.183872005569616,0,0,0,0,0,0,0,0.168906778097153,0,0,0,0,0.358682960271835,0,0,0,0,0,0,0,0,0,0,0,0,0,0,0,0.247362227394031,0,0,0,0.241380754336969,0.267791374524434,0.18843023064429,0,0
0,0,0.122493963488532,0,0,0,0.153571037862163,0,0.166385240852833,0,0,0,0,0,0,0,0,0,0,0,0,0,0,0,0.252769857645035,0,0,0,0,0,0,0,0,0,0,0,0,0,0,0,0,0,0,0,0,0,0.208741583076178,0,0,0,0.213254576216132,0,0.150774179824761,0,0.193922796845436,0,0,0,0.22961413860321,0,0.223257035017014,0,0,0,0,0,0,0,0,0,0,0,0,0,0,0,0,0,0,0,0,0,0.166489905364939,0,0.151390343142504,0,0
0,0,0,0.135718848360212,0,0,0,0.141752734780312,0,0,0,0.141231622546911,0,0,0,0,0,0,0,0,0,0,0,0,0,0,0,0,0,0,0,0,0,0,0,0,0,0,0,0,0,0,0,0,0,0,0,0,0,0,0,0.166650630533695,0,0.198082435876131,0,0,0,0.166284475671618,0,0,0,0,0,0,0,0,0,0,0,0,0,0,0,0,0,0,0,0,0,0,0,0,0,0,0.142528259754181,0,0
0,0,0,0,0.153571037862163,0,0,0,0,0,0,0,0.114372104406357,0,0,0,0,0,0,0,0,0,0,0,0,0,0,0,0,0,0,0,0,0,0,0,0,0,0,0,0,0,0,0,0,0,0,0,0,0,0,0,0.18653773122433,0,0,0,0.245499104261398,0,0.153793082158599,0,0,0,0,0,0,0,0,0,0,0,0,0,0,0,0,0,0,0,0,0,0,0,0.153840624421607,0,0,0,0
0,0,0,0,0,0.141752734780312,0,0,0,0,0,0.194436017121818,0,0,0,0,0,0,0,0.176559597253799,0,0,0,0,0,0,0,0,0,0,0,0,0,0,0,0,0,0,0,0,0,0,0,0,0,0,0,0,0,0,0,0.171822503209114,0,0.19259018518708,0,0,0,0,0,0,0,0,0,0,0,0,0,0,0,0,0,0,0,0,0,0,0,0,0,0,0,0,0.255617546290159,0,0.147386332352956,0,0
0.178791280388832,0,0.130599882225601,0,0.166385240852833,0,0,0,0,0,0,0,0,0,0.144395445883274,0,0.214449534362013,0,0,0,0,0,0,0,0.219629899859428,0,0,0,0,0,0,0,0,0,0,0,0,0,0.256132476010793,0,0,0,0,0,0,0,0,0,0.226369592121669,0,0,0,0,0,0.199059609653012,0,0,0,0,0,0.163287782325194,0,0,0,0,0,0,0.249963544997848,0,0,0,0,0,0,0,0,0,0.272159457206726,0,0,0,0.261454589226667,0.218149810445075,0.279899184021258,0.199037289782746,0,0
0,0.144143365914859,0,0.145750063218812,0,0,0,0,0,0,0,0,0,0,0,0.16731636762619,0,0,0.201393250375986,0,0,0.233923096405832,0,0.174299334486326,0,0.264857292175293,0,0,0,0,0,0,0,0,0,0,0,0.264122215988497,0,0,0,0.290722727775574,0,0,0,0,0,0,0,0.248460829257965,0,0,0,0,0,0.19273895682848,0,0,0,0,0,0.161350374598859,0,0,0.235163389281793,0,0.257985278964043,0,0.197926089167595,0,0,0,0,0,0,0,0,0,0,0,0.233031887672135,0,0.196908898403247,0.194374987483025,0.127794615924358,0.261211454868317,0
0,0,0,0,0,0,0,0,0,0,0,0,0.154989296111508,0,0,0,0,0,0,0,0.131571037530899,0,0,0,0,0,0,0,0.144570591859519,0,0.221937559800565,0,0,0,0,0,0.141801289694254,0,0.155971364605994,0,0,0,0,0,0,0,0,0,0,0,0,0,0.219837620854378,0,0,0,0.183494847845928,0,0.127418454102918,0,0,0,0,0.126071826769755,0,0.289121925830841,0,0,0,0,0,0.231686352619103,0,0.232659310806633,0,0,0,0,0,0.152682445943356,0,0.180456316870887,0.162533376418075,0,0.220010720193386,0,0
0,0,0,0,0,0.141231622546911,0,0.194436017121818,0,0,0,0,0,0.155316537389388,0,0,0,0,0,0.133645798194976,0,0,0,0,0,0,0,0.149954482913017,0,0,0,0,0,0,0,0.163218527436256,0,0.160408453345299,0,0,0,0,0,0,0,0,0,0,0,0,0,0,0,0.210052847862244,0,0,0,0.24130078094701,0,0.162655038268943,0,0,0.140239213000644,0,0,0,0,0,0,0,0,0,0,0,0,0,0,0,0,0,0,0,0.159870160371065,0,0.139200460165739,0,0
0,0,0,0,0,0,0.114372104406357,0,0,0,0.154989296111508,0,0,0,0.137071317382928,0,0,0,0,0,0,0,0,0,0,0,0,0,0.187089340388775,0,0,0,0,0,0,0,0,0,0,0,0,0,0,0,0,0,0,0,0,0,0,0,0.131822329797164,0,0,0,0.151856616001438,0,0.141818341231398,0,0.174941595111574,0,0,0,0,0,0,0,0,0.197439253330231,0,0.167609156668186,0,0.227653801441193,0,0,0,0,0,0,0,0,0.140125322087509,0,0,0,0
0,0,0,0,0,0,0,0,0,0,0,0.155316537389388,0,0,0,0,0,0,0,0,0,0,0,0,0,0,0,0,0,0,0,0,0,0,0,0,0,0,0,0,0,0,0,0,0,0,0,0,0,0,0,0,0,0,0,0,0,0,0,0.133538543681304,0,0,0,0,0,0,0,0,0,0,0.157448718324304,0,0,0,0,0,0,0,0,0,0,0,0.353344798088074,0.344307136535645,0,0,0
0.155676729977131,0,0,0,0,0,0,0,0.144395445883274,0,0,0,0.137071317382928,0,0,0,0,0,0,0,0,0,0,0,0.257816632588704,0,0,0,0,0,0,0,0,0,0,0,0,0,0.282051104638312,0,0,0,0,0,0,0,0,0,0.206232848492536,0,0,0,0,0,0.143766987565401,0,0,0,0.148825000557635,0,0.136231270521434,0,0,0,0,0,0,0.277639830315655,0,0.194883752270793,0,0.128941722639969,0,0,0,0,0,0,0,0,0,0.268507308684863,0.178425586223602,0,0.226208330346988,0,0
0,0,0,0,0,0,0,0,0,0.16731636762619,0,0,0,0,0,0,0,0,0,0,0,0,0,0.191958279986131,0,0.154933524184993,0,0,0,0,0,0,0,0,0,0,0,0,0,0,0,0,0,0,0,0,0,0,0,0.200479388237,0,0,0,0,0,0.162436582446098,0,0,0,0,0,0.12799150048566,0,0,0,0,0.207854077219963,0,0.187193985283375,0,0,0,0,0,0,0,0,0,0,0,0,0,0,0,0,0,0
0,0,0,0,0,0,0,0,0.214449534362013,0,0,0,0,0,0,0,0,0.158300163540232,0.307067223158334,0,0.371127641201019,0,0.158896072914726,0,0.127623448543476,0.148683305581411,0.124735471063827,0,0,0,0,0,0,0,0,0,0,0,0,0,0,0.232717673604687,0.257507891510613,0.251299098134041,0.274985663259207,0.279335170984268,0.320602893829346,0,0.287412360310555,0,0,0,0,0,0,0,0,0,0,0,0,0,0,0.377847426077899,0.146729532629251,0.303549068048596,0,0,0.154467682043711,0,0,0.327412229317885,0,0.334578454494476,0,0,0,0,0,0,0,0.330437849721183,0.187091787301774,0.129551741535103,0.34371521791798,0.238054879009724,0.288238162425027
0,0,0,0.255468651652336,0,0,0,0,0,0,0,0,0,0,0,0,0.158300163540232,0,0.263907811382229,0,0,0.14294888433069,0,0,0.12362198655804,0.155843352266836,0.154306083917618,0,0,0,0,0,0,0,0,0,0,0,0,0,0,0.261475525111303,0.280301063787192,0.27044651074254,0.27870287001133,0.257260233163834,0,0,0,0,0,0,0,0,0,0,0,0,0,0,0,0,0,0,0.145077415224579,0,0,0,0.15506653532031,0,0,0,0,0.288282543420792,0,0,0,0,0.253976881504059,0,0,0.328028827905655,0.164403960943435,0.141408724337586,0.277072868676021,0.258663058280945,0.255065825250414
0.268373365319052,0,0,0.259319491684437,0,0,0,0,0,0.201393250375986,0,0,0,0,0,0,0.307067223158334,0.263907811382229,0,0,0.374844512591759,0,0,0,0.208345144987106,0,0,0,0,0,0,0,0,0,0,0,0,0.208546131849289,0.254334682226181,0.256213009357452,0,0.227972292738992,0.208956263126918,0.260150550280192,0.306734451306155,0.263112471103668,0.244903965256153,0,0.312194669246674,0.236772373318672,0,0,0,0,0,0,0.281424626708031,0.266523241996765,0,0,0,0,0,0.401360659135713,0,0.328224588995394,0,0,0.189096033573151,0,0,0.333480088778262,0.31660732626915,0.343506307369727,0,0,0,0,0.239610210061073,0,0.309570640325546,0.32935293736745,0.231906088596439,0.219394134818961,0.346002130968963,0.234427816299505,0.255199564406566
0,0,0,0.412335932254791,0,0,0,0.176559597253799,0,0,0,0.133645798194976,0,0,0,0,0,0,0,0,0,0,0,0,0,0,0,0,0,0,0,0,0,0,0,0.163757846095279,0,0.165857999599897,0,0,0,0,0,0,0,0.25127920632561,0,0,0,0,0,0,0,0,0,0,0,0.338653130886646,0,0,0,0,0.182454058796894,0,0,0,0,0,0,0,0,0,0,0,0,0,0,0,0.174792518404043,0,0.261967186214259,0,0.161527722153101,0,0.33234981733234,0,0
0,0,0,0,0,0,0,0,0,0,0.131571037530899,0,0,0,0,0,0.371127641201019,0,0.374844512591759,0,0,0,0,0,0,0,0,0,0,0,0,0,0,0,0,0,0.177928703557778,0,0.16877392438247,0,0,0,0.380623757839203,0,0.41508561372757,0,0.214323824746352,0,0,0,0,0,0,0,0,0,0.151435161759786,0,0,0,0,0,0,0.255784278442685,0,0,0,0,0,0,0,0,0,0.271870820224285,0,0,0,0,0,0.148366151671661,0,0.171219973247262,0.212223283536732,0,0.413952885402573,0,0.454811424016953
0,0.213592141866684,0,0,0,0,0,0,0,0.233923096405832,0,0,0,0,0,0,0,0.14294888433069,0,0,0,0,0.111835173109183,0.154103096033263,0,0.203199710386495,0,0.106936946511269,0,0,0,0,0,0,0,0,0,0.21396067593116,0,0,0,0,0,0,0,0,0,0,0,0.303593488872051,0,0,0,0,0,0.25050609211127,0,0,0,0,0,0,0,0,0.252253344683154,0,0.234670315393988,0,0.249846324776158,0,0.17330564931035,0,0,0,0,0,0,0,0,0,0.26666276134638,0,0.147718869731717,0.116556462192017,0,0,0
0,0,0,0,0,0,0,0,0,0,0,0,0,0,0,0,0.158896072914726,0,0,0,0,0.111835173109183,0,0,0.202966016288622,0,0.150655789034707,0,0.192352240639073,0,0,0,0,0,0,0,0,0,0.200071233685489,0,0,0,0,0,0,0,0,0,0.158578878199613,0,0,0,0,0,0,0,0,0,0,0,0,0,0,0,0,0.210537692083455,0,0.251769098930243,0,0.225568582408527,0,0.204274454077736,0,0,0,0,0,0,0,0,0,0.276635641151923,0.131603633923964,0.149803435610187,0,0,0
0,0.295958086848259,0,0,0,0,0,0,0,0.174299334486326,0,0,0,0,0,0.191958279986131,0,0,0,0,0,0.154103096033263,0,0,0,0.190123855023184,0,0,0,0,0,0,0,0,0,0,0,0.198559990605792,0,0,0,0.315583405334775,0,0,0,0,0,0,0,0.234563956303256,0,0,0,0,0,0.243746236693568,0,0.328169271349907,0,0,0,0.19254206019369,0,0,0.233788507275803,0,0.19815804947794,0,0.25149597251511,0,0.326564311981201,0,0,0,0,0,0,0,0,0,0.22922420501709,0,0.19653781887985,0,0.316980437934399,0.280544910430908,0
0.218424722552299,0,0,0,0.252769857645035,0,0,0,0.219629899859428,0,0,0,0,0,0.257816632588704,0,0.127623448543476,0.12362198655804,0.208345144987106,0,0,0,0.202966016288622,0,0,0,0.177326459437609,0,0,0,0,0,0,0,0,0,0,0,0.200140209965227,0,0,0,0,0,0,0,0,0,0.250163429549762,0,0,0,0,0,0.245116277070312,0,0,0,0,0,0.25901475491432,0,0,0,0,0.259616799565942,0,0.239516428460791,0,0.181874018034031,0,0,0,0,0,0,0,0,0,0,0,0.221694511455177,0.169678789490555,0,0.365340739488602,0,0
0,0,0,0,0,0,0,0,0,0.264857292175293,0,0,0,0,0,0.154933524184993,0.148683305581411,0.155843352266836,0,0,0,0.203199710386495,0,0.190123855023184,0,0,0,0.130997853885804,0,0,0,0,0,0,0,0,0,0.240968368947506,0,0,0,0,0,0,0,0,0,0,0,0,0,0,0,0,0,0.241814271081239,0,0,0,0,0,0.150848230668183,0,0,0.201839080560801,0,0.168971699932728,0,0.235527981689434,0,0.225983420143957,0,0,0,0,0,0,0,0,0,0.240691947440306,0,0.170993434416281,0.139680299162865,0,0,0
0,0,0,0,0,0,0,0,0,0,0,0,0,0,0,0,0.124735471063827,0.154306083917618,0,0,0,0,0.150655789034707,0,0.177326459437609,0,0,0,0,0,0,0,0,0,0,0,0,0,0,0,0,0,0,0,0,0,0,0,0,0,0,0,0,0,0,0,0,0,0,0,0,0,0,0,0,0,0,0,0,0.160829902481494,0,0,0,0,0,0,0,0,0,0,0,0,0.131042000587269,0,0,0,0
0,0,0,0,0,0,0,0,0,0,0,0.149954482913017,0,0,0,0,0,0,0,0,0,0.106936946511269,0,0,0,0.130997853885804,0,0,0,0.139782750914837,0,0,0,0,0,0,0,0.206383387744427,0,0,0,0,0,0,0,0,0,0,0,0,0,0,0,0,0,0,0,0,0,0,0,0,0,0,0,0,0,0,0.142189227044582,0,0.213752123064385,0,0,0,0,0,0,0,0,0,0.209440974745809,0,0.141298642139072,0,0,0,0
0,0,0,0,0,0,0,0,0,0,0.144570591859519,0,0.187089340388775,0,0,0,0,0,0,0,0,0,0.192352240639073,0,0,0,0,0,0,0,0.149899758853846,0,0,0,0,0,0,0,0.172060782075825,0,0,0,0.338464200496674,0,0,0,0,0,0,0,0,0,0,0,0,0,0.306403800845146,0,0.190483903884888,0,0,0,0,0,0,0.204969206681618,0,0,0,0,0,0.234510976445015,0,0.323959708213806,0,0,0,0,0,0,0,0,0.159331071078777,0.13364893446366,0.344802841544151,0,0
0,0,0,0,0,0,0,0,0,0,0,0,0,0,0,0,0,0,0,0,0,0,0,0,0,0,0,0.139782750914837,0,0,0,0,0,0,0,0,0,0.157111758222947,0,0,0,0,0,0,0,0,0,0,0,0,0,0,0,0,0,0,0,0.179915944114327,0,0,0,0,0,0,0,0,0,0,0,0,0.138550797367797,0,0.177646830703767,0,0,0,0,0,0,0,0.197463549790889,0,0.149998675725039,0,0,0,0
0,0,0,0,0,0,0,0,0,0,0.221937559800565,0,0,0,0,0,0,0,0,0,0,0,0,0,0,0,0,0,0.149899758853846,0,0,0,0,0,0,0,0,0,0.163489671395375,0,0,0,0,0,0,0,0,0,0,0,0,0,0,0,0,0,0.226781094194058,0,0.156917124986649,0,0,0,0,0,0,0,0,0,0,0,0,0.142781744296786,0,0.216107241049105,0,0,0,0,0,0,0,0.277809535382224,0.170021915397087,0.140693362802267,0,0,0
0,0,0,0,0,0,0,0,0,0,0,0,0,0,0,0,0,0,0,0,0,0,0,0,0,0,0,0,0,0,0,0,0.205917833482518,0.196968813944194,0.198890458260264,0.156257277088506,0.260372042655945,0,0,0.314549565315247,0.320332333445549,0,0,0,0,0,0,0.323366561256451,0.358451065692035,0.378172208865484,0,0,0,0,0,0,0,0,0,0,0,0,0,0,0,0,0,0,0,0,0,0,0,0,0.254792019029301,0.226497262313559,0.258493805624845,0,0.326221884191036,0.325877083672418,0,0,0.183728169555289,0,0.282470643520355,0,0
0,0,0,0,0,0,0,0,0,0,0,0,0,0,0,0,0,0,0,0,0,0,0,0,0,0,0,0,0,0,0,0.205917833482518,0,0.310113566094323,0.306743915181562,0.164657493955211,0.171685775605644,0,0,0,0,0,0,0,0,0,0,0.393125139218066,0,0.493940785527229,0,0,0,0,0,0,0,0,0,0,0,0,0,0,0,0,0,0,0,0,0,0,0,0,0.23955086367695,0.193203812937218,0,0.289195984601974,0.278062185272574,0.207064259198627,0,0,0.186627246055406,0,0,0,0
0,0,0,0,0,0,0,0,0,0,0,0,0,0,0,0,0,0,0,0,0,0,0,0,0,0,0,0,0,0,0,0.196968813944194,0.310113566094323,0,0.250713943248877,0.209366013591571,0.351130061679416,0.259108245455099,0.478503660630372,0,0,0,0,0,0,0,0,0.622890171537073,0.375722825527191,0.349775910377502,0,0,0,0,0,0,0,0,0,0,0,0,0,0,0,0,0,0,0,0,0,0,0,0,0.230773125874235,0.262728492418925,0.283508698497783,0.235838104139215,0.2844925596209,0.365211055114649,0.300306114193165,0.277195195357005,0.255393478731921,0.362763223424554,0,0,0
0,0,0,0,0,0,0,0,0,0,0,0,0,0,0,0,0,0,0,0,0,0,0,0,0,0,0,0,0,0,0,0.198890458260264,0.306743915181562,0.250713943248877,0,0,0.184409564624864,0.517716214060783,0.189783991863712,0,0,0,0,0,0,0,0,0.398288614013898,0.408455776131671,0,0,0,0,0,0,0,0,0,0,0,0,0,0,0,0,0,0,0,0,0,0,0,0,0,0.191092537982123,0.302808401701243,0.29150935472811,0.231466055294584,0,0.234684698812006,0.609798557228512,0.399149052401759,0.226078666737361,0.491156662052328,0.422080904245377,0,0
0,0,0,0.212463856985172,0,0,0,0,0,0,0,0.163218527436256,0,0,0,0,0,0,0,0.163757846095279,0,0,0,0,0,0,0,0,0,0,0,0.156257277088506,0.164657493955211,0.209366013591571,0,0,0.118027526674406,0.187113607944208,0,0.285508441925049,0.307252890297345,0.315731580058734,0,0,0,0.200936626569898,0,0.24627289149378,0.306312988400459,0.278181368341813,0,0,0,0,0,0,0,0.25323073938489,0,0,0,0,0.211936281285191,0,0,0,0,0,0,0,0,0,0,0,0.156898543304867,0,0.273141443718634,0,0.231520281862678,0.190680515021086,0.264082580412689,0,0.192695661246799,0.223136700193087,0.219546696158829,0.380994483828545,0
0,0,0,0,0,0,0,0,0,0,0.141801289694254,0,0,0,0,0,0,0,0,0,0.177928703557778,0,0,0,0,0,0,0,0,0,0,0.260372042655945,0.171685775605644,0.351130061679416,0.184409564624864,0.118027526674406,0,0,0.201707880655636,0,0,0,0,0,0,0,0.218996822834015,0.281071086448652,0,0,0,0,0,0,0,0,0.139523357152939,0,0,0,0,0,0,0.209402809840507,0,0,0,0,0,0,0,0,0,0,0,0.184119019768909,0.323637488484383,0.20874872839167,0,0.240181910966612,0,0.253027993594605,0.19687708396714,0.103827437495484,0.209959778306859,0,0
0,0.256235266849399,0,0,0,0,0,0,0,0.264122215988497,0,0.160408453345299,0,0,0,0,0,0,0.208546131849289,0.165857999599897,0,0.21396067593116,0,0.198559990605792,0,0.240968368947506,0,0.206383387744427,0,0.157111758222947,0,0,0,0.259108245455099,0.517716214060783,0.187113607944208,0,0,0.287507953709119,0,0,0.272670432826213,0,0,0,0,0,0.487672219624614,0,0.293068431849991,0,0,0,0,0,0.276553463000877,0,0.293877765536308,0,0,0,0,0.18543723380814,0,0.25200646599898,0,0,0,0,0,0.245198754859822,0,0.119741190907856,0,0,0,0.191017625105642,0.223138801753521,0.257486663437147,0,0.218962399346955,0.235807915077065,0.194584004738236,0.272877394759821,0.255515872345616,0.265482584970274,0
0.230965450406075,0,0.246858780582746,0,0,0,0,0,0.256132476010793,0,0.155971364605994,0,0,0,0.282051104638312,0,0,0,0.254334682226181,0,0.16877392438247,0,0.200071233685489,0,0.200140209965227,0,0,0,0.172060782075825,0,0.163489671395375,0,0,0.478503660630372,0.189783991863712,0,0.201707880655636,0.287507953709119,0,0,0,0,0.204244820695174,0,0,0,0.263062089681625,0.462381031087979,0.284624022413619,0,0,0,0,0,0.277941363283114,0,0.149974452704191,0,0,0,0.271481475432714,0,0,0,0,0.3479384712955,0,0.266791802883552,0,0,0,0.218324238532468,0,0.17510234938829,0,0,0.619903145533688,0.284092299938202,0,0.268204735674553,0.449139154532499,0.236151001733787,0.187741578433658,0.21692898440159,0.23675603207789,0,0
0,0,0,0.23118204410587,0,0,0,0,0,0,0,0,0,0,0,0,0,0,0.256213009357452,0,0,0,0,0,0,0,0,0,0,0,0,0.314549565315247,0,0,0,0.285508441925049,0,0,0,0,0.295273324617973,0.322184198142013,0,0.301773857129248,0,0.258370478915279,0,0.322207228310647,0.320093535321176,0.206692689816372,0,0,0,0,0,0,0,0,0,0,0,0,0.300117122630278,0,0,0,0,0,0,0,0,0,0,0,0,0,0,0,0.306004449713085,0.284023243379086,0.233638725509601,0,0.229360421936886,0,0.305770388983308,0.514316185599282,0
0,0,0,0,0,0,0,0,0,0,0,0,0,0,0,0,0,0,0,0,0,0,0,0,0,0,0,0,0,0,0,0.320332333445549,0,0,0,0.307252890297345,0,0,0,0.295273324617973,0,0,0.271918770223856,0,0,0,0.253982808729414,0.274246829251448,0.22356008787355,0.281096410912436,0,0,0,0,0,0,0,0,0,0,0,0,0,0.264387786388397,0,0,0,0,0,0,0,0,0,0,0,0,0,0,0.336553024147686,0.267953685130037,0,0,0,0,0.231549395775068,0,0
0,0.337762854993343,0,0.242224654981068,0,0,0,0,0,0.290722727775574,0,0,0,0,0,0,0.232717673604687,0.261475525111303,0.227972292738992,0,0,0,0,0.315583405334775,0,0,0,0,0,0,0,0,0,0,0,0.315731580058734,0,0.272670432826213,0,0.322184198142013,0,0,0.217458911860983,0.27092169426583,0,0.289725745732645,0,0.323228940582104,0,0.293462325876102,0,0,0,0,0,0,0,0.339480815892634,0,0,0,0,0.39890531792834,0.295718401670456,0,0,0,0,0,0,0.373656107982,0,0.40644150197506,0,0,0,0,0,0.364969283857494,0,0.425248474321518,0.289014667272568,0.237028148308852,0.254106339812279,0.340581807180638,0.409824277389361,0.299784153699875
0,0,0.226914310029575,0,0,0,0,0,0,0,0,0,0,0,0,0,0.257507891510613,0.280301063787192,0.208956263126918,0,0.380623757839203,0,0,0,0,0,0,0,0.338464200496674,0,0,0,0,0,0,0,0,0,0.204244820695174,0,0.271918770223856,0.217458911860983,0,0.215753301101572,0.41240142371987,0,0.297268903454145,0.437048001587391,0.281370664251982,0,0,0,0,0,0.279496610164642,0,0.246152317053393,0,0,0,0,0,0,0.387634223327041,0,0.296113487722269,0,0,0,0,0,0.307059758336715,0,0.259613862498533,0,0,0,0.4331876039505,0,0.296717929840088,0,0.283042153979695,0.285916012468792,0.252168000303209,0.317215553740593,0,0.220774628048825
0,0,0,0,0,0,0,0,0,0,0,0,0,0,0,0,0.251299098134041,0.27044651074254,0.260150550280192,0,0,0,0,0,0,0,0,0,0,0,0,0,0,0,0,0,0,0,0,0.301773857129248,0,0.27092169426583,0.215753301101572,0,0.291692972183228,0.265556739436256,0,0,0,0,0,0,0,0,0,0,0,0,0,0,0,0,0.367483973503113,0.332561403512955,0,0,0,0,0,0,0,0,0,0.307676148414612,0,0,0,0,0.280462307425646,0,0.598412752151489,0.354592174291611,0.257469697072443,0.246794891967015,0.269760169019209,0.370666993392068,0.235509052872658
0,0,0,0,0,0,0,0,0,0,0,0,0,0,0,0,0.274985663259207,0.27870287001133,0.306734451306155,0,0.41508561372757,0,0,0,0,0,0,0,0,0,0,0,0,0,0,0,0,0,0,0,0,0,0.41240142371987,0.291692972183228,0,0,0.274234608978244,0,0,0,0,0,0,0,0,0,0,0,0,0,0,0,0,0.4242555975914,0,0,0,0,0,0,0,0,0,0.402581075827281,0,0,0,0,0,0,0,0.378617058197657,0.235241997573111,0,0.375558163057505,0,0.305160528048873
0,0,0,0.247122412394075,0,0,0,0,0,0,0,0,0,0,0,0,0.279335170984268,0.257260233163834,0.263112471103668,0.25127920632561,0,0,0,0,0,0,0,0,0,0,0,0,0,0,0,0.200936626569898,0,0,0,0.258370478915279,0,0.289725745732645,0,0.265556739436256,0,0,0,0,0,0.199557777245839,0,0,0,0,0,0,0,0.340002736803276,0,0,0,0,0.284662098668853,0,0,0,0,0,0,0,0,0,0,0,0,0,0,0,0.260362926127922,0,0,0,0.25719011591064,0.267247349023819,0.216170325035212,0,0
0,0,0.239710641439779,0,0.208741583076178,0,0,0,0,0,0,0,0,0,0,0,0.320602893829346,0,0.244903965256153,0,0.214323824746352,0,0,0,0,0,0,0,0,0,0,0,0,0,0,0,0.218996822834015,0,0.263062089681625,0,0.253982808729414,0,0.297268903454145,0,0.274234608978244,0,0,0,0.209566113352776,0,0,0,0,0,0,0,0.257596598068873,0,0,0,0,0,0,0.270042918735442,0,0.311032392457128,0,0,0,0,0,0.309357054248641,0,0.279873066950434,0,0,0,0,0,0.198115735539588,0,0.319474222189789,0.240020211253847,0,0.283862842416399,0,0
0,0,0,0.250031143426895,0,0,0,0,0,0,0,0,0,0,0,0,0,0,0,0,0,0,0,0,0,0,0,0,0,0,0,0.323366561256451,0.393125139218066,0.622890171537073,0.398288614013898,0.24627289149378,0.281071086448652,0.487672219624614,0.462381031087979,0.322207228310647,0.274246829251448,0.323228940582104,0.437048001587391,0,0,0,0,0,0.471800935144927,0.471214201589025,0,0,0,0,0,0,0,0,0,0,0,0,0,0,0,0,0,0,0,0,0,0,0,0,0.358601078064443,0.38152382877466,0.532032398365067,0.349407765994459,0.409678120606122,0.396845356566942,0.34565437764957,0.434403980444202,0.365820712977143,0.341480502651797,0.427375725283611,0,0
0.149159796063893,0,0.146216646966776,0,0,0,0,0,0.226369592121669,0,0,0,0,0,0.206232848492536,0,0.287412360310555,0,0.312194669246674,0,0,0,0.158578878199613,0,0.250163429549762,0,0,0,0,0,0,0.358451065692035,0,0.375722825527191,0.408455776131671,0.306312988400459,0,0,0.284624022413619,0.320093535321176,0.22356008787355,0,0.281370664251982,0,0,0,0.209566113352776,0.471800935144927,0,0.416935550907217,0,0,0,0,0.248268517000335,0,0.314958727321564,0,0.243855061202214,0,0.210396717999868,0,0,0,0,0.194122681471472,0,0.224843762602125,0,0.264600447133968,0,0.288242592488617,0,0.313999201646812,0.438081448569017,0.450707634290059,0,0.364785350859165,0.413343347795034,0.350145823014704,0,0.369062203244285,0.31755265737402,0,0.311122905621879,0,0
0,0.260184133411208,0,0.183872005569616,0,0,0,0,0,0.248460829257965,0,0,0,0,0,0.200479388237,0,0,0.236772373318672,0,0,0.303593488872051,0,0.234563956303256,0,0,0,0,0,0,0,0.378172208865484,0.493940785527229,0.349775910377502,0,0.278181368341813,0,0.293068431849991,0,0.206692689816372,0.281096410912436,0.293462325876102,0,0,0,0.199557777245839,0,0.471214201589025,0.416935550907217,0,0,0,0,0,0,0.203814803748517,0,0.401160341501236,0,0,0,0.250702348531138,0,0,0.306792090223226,0,0.257287062380625,0,0.275234541986416,0,0.300507679562464,0,0.389624485198189,0,0.475057348608971,0,0.25321102964467,0,0.391640729403922,0.30161093728444,0.293091348226393,0,0.257140950582646,0.213423624634743,0.305589686326559,0.36260907476147,0
0,0,0.135210260748863,0,0.213254576216132,0,0,0,0,0,0,0,0,0,0,0,0,0,0,0,0,0,0,0,0,0,0,0,0,0,0,0,0,0,0,0,0,0,0,0,0,0,0,0,0,0,0,0,0,0,0,0,0.166977146267891,0,0,0,0,0,0.267822197505406,0,0.270266628927655,0,0,0,0,0,0,0,0,0,0,0,0,0,0,0,0,0,0,0,0,0,0.202161910357299,0,0.255131393671036,0,0
0,0,0,0,0,0.166650630533695,0,0.171822503209114,0,0,0,0,0,0,0,0,0,0,0,0,0,0,0,0,0,0,0,0,0,0,0,0,0,0,0,0,0,0,0,0,0,0,0,0,0,0,0,0,0,0,0,0,0,0.171779362992807,0,0,0,0.146697267889977,0,0,0,0,0,0,0,0,0,0,0,0,0,0,0,0,0,0,0,0,0,0,0,0,0,0,0.128157690167427,0,0
0,0,0,0,0.150774179824761,0,0.18653773122433,0,0,0,0.219837620854378,0,0.131822329797164,0,0,0,0,0,0,0,0,0,0,0,0,0,0,0,0,0,0,0,0,0,0,0,0,0,0,0,0,0,0,0,0,0,0,0,0,0,0.166977146267891,0,0,0,0,0,0.245996206998825,0,0.159885388230328,0,0,0,0,0,0,0,0,0,0,0,0,0,0,0,0,0,0,0,0,0,0,0,0.127907072154569,0,0,0,0
0,0,0,0,0,0.198082435876131,0,0.19259018518708,0,0,0,0.210052847862244,0,0,0,0,0,0,0,0,0,0,0,0,0,0,0,0,0,0,0,0,0,0,0,0,0,0,0,0,0,0,0,0,0,0,0,0,0,0,0,0.171779362992807,0,0,0,0,0,0.247371655702591,0,0,0,0,0,0,0,0,0,0,0,0,0,0,0,0,0,0,0,0,0,0,0,0,0.197767732143402,0,0,0,0
0.181740060448647,0,0.160432749560901,0,0.193922796845436,0,0,0,0.199059609653012,0,0,0,0,0,0.143766987565401,0,0,0,0,0,0,0,0,0,0.245116277070312,0,0,0,0,0,0,0,0,0,0,0,0,0,0.277941363283114,0,0,0,0.279496610164642,0,0,0,0,0,0.248268517000335,0,0,0,0,0,0,0,0,0,0,0,0.191879892463867,0,0,0,0,0,0,0.274309528212175,0,0,0,0,0,0,0,0,0,0,0,0,0,0.270634791777306,0.228541686318137,0,0.238705641381881,0,0
0,0.148256504317609,0,0,0,0,0,0,0,0.19273895682848,0,0,0,0,0,0.162436582446098,0,0,0,0,0,0.25050609211127,0,0.243746236693568,0,0.241814271081239,0,0,0,0,0,0,0,0,0,0,0,0.276553463000877,0,0,0,0,0,0,0,0,0,0,0,0.203814803748517,0,0,0,0,0,0,0,0,0,0,0,0.183263814378352,0,0,0.249884331145802,0,0.246748152233305,0,0.236385229561064,0,0,0,0,0,0,0,0,0,0,0,0.229108236675715,0,0.215786200060564,0,0.208718068897724,0,0
0,0,0.229107581079006,0,0,0,0.245499104261398,0,0,0,0.183494847845928,0,0.151856616001438,0,0,0,0,0,0.281424626708031,0,0.151435161759786,0,0,0,0,0,0,0,0.306403800845146,0,0.226781094194058,0,0,0,0,0,0.139523357152939,0,0.149974452704191,0,0,0,0.246152317053393,0,0,0,0.257596598068873,0,0.314958727321564,0,0,0,0.245996206998825,0,0,0,0,0,0.250333414949532,0,0.250325439007659,0,0,0.25214545920199,0,0.302828685158775,0,0,0,0.200324222445488,0,0.294522584996226,0,0.250151094211184,0,0,0,0,0,0.141152948141098,0,0.31304949140045,0.149879638745659,0,0.297002365535728,0,0
0,0,0,0.168906778097153,0,0.166284475671618,0,0,0,0,0,0.24130078094701,0,0,0,0,0,0,0.266523241996765,0.338653130886646,0,0,0,0.328169271349907,0,0,0,0,0,0.179915944114327,0,0,0,0,0,0.25323073938489,0,0.293877765536308,0,0,0,0.339480815892634,0,0,0,0.340002736803276,0,0,0,0.401160341501236,0,0.146697267889977,0,0.247371655702591,0,0,0,0,0,0.197407774627209,0,0,0.313520488003498,0,0,0,0,0,0,0,0.329931806047241,0,0.249675180153413,0,0,0,0,0,0.286253035068512,0,0,0,0.295847945846617,0,0.33895673615248,0.334123041546136,0
0,0,0,0,0.22961413860321,0,0.153793082158599,0,0,0,0.127418454102918,0,0.141818341231398,0,0.148825000557635,0,0,0,0,0,0,0,0,0,0,0,0,0,0.190483903884888,0,0.156917124986649,0,0,0,0,0,0,0,0,0,0,0,0,0,0,0,0,0,0.243855061202214,0,0.267822197505406,0,0.159885388230328,0,0,0,0.250333414949532,0,0,0,0.206766344656001,0,0,0,0,0,0,0,0,0.215433107375835,0,0.266602055718229,0,0.31708887219429,0,0,0,0,0,0,0,0.318058114160191,0.147511275046889,0,0,0,0
0,0,0,0,0,0,0,0,0,0,0,0.162655038268943,0,0.133538543681304,0,0,0,0,0,0,0,0,0,0,0,0,0,0,0,0,0,0,0,0,0,0,0,0,0,0,0,0,0,0,0,0,0,0,0,0,0,0,0,0,0,0,0,0.197407774627209,0,0,0,0,0,0,0,0,0,0,0,0,0,0,0,0,0,0,0,0,0,0,0,0,0,0,0,0,0
0.173300401174596,0,0,0,0.223257035017014,0,0,0,0.163287782325194,0,0,0,0.174941595111574,0,0.136231270521434,0,0,0,0,0,0,0,0,0,0.25901475491432,0,0,0,0,0,0,0,0,0,0,0,0,0,0.271481475432714,0,0,0,0,0,0,0,0,0,0.210396717999868,0,0.270266628927655,0,0,0,0.191879892463867,0,0.250325439007659,0,0.206766344656001,0,0,0,0,0,0,0,0,0.268718002308713,0,0.20102877407757,0,0.193245240065485,0,0.203208056363192,0,0,0,0,0,0,0,0.260271580076553,0.258272221684456,0,0.235647320302565,0,0
0,0.164274099682059,0,0,0,0,0,0,0,0.161350374598859,0,0,0,0,0,0.12799150048566,0,0,0,0,0,0,0,0.19254206019369,0,0.150848230668183,0,0,0,0,0,0,0,0,0,0,0,0,0,0,0,0,0,0,0,0,0,0,0,0.250702348531138,0,0,0,0,0,0.183263814378352,0,0,0,0,0,0,0,0,0,0,0.237485003471375,0,0.248708480763561,0,0,0,0,0,0,0,0,0,0,0,0,0,0.13882739841938,0,0.228842584983162,0,0
0,0,0,0.358682960271835,0,0,0,0,0,0,0,0.140239213000644,0,0,0,0,0,0,0,0.182454058796894,0,0,0,0,0,0,0,0,0,0,0,0,0,0,0,0.211936281285191,0,0.18543723380814,0,0.300117122630278,0,0.39890531792834,0,0.367483973503113,0,0.284662098668853,0,0,0,0,0,0,0,0,0,0,0,0.313520488003498,0,0,0,0,0,0,0,0,0,0,0,0,0,0,0,0,0,0,0,0,0.272574233093725,0,0.346597071722741,0,0.168436827262243,0,0.340746218597062,0,0
0,0,0,0,0,0,0,0,0,0,0.126071826769755,0,0,0,0,0,0.377847426077899,0,0.401360659135713,0,0.255784278442685,0,0,0,0,0,0,0,0,0,0,0,0,0,0,0,0.209402809840507,0,0,0,0.264387786388397,0.295718401670456,0.387634223327041,0.332561403512955,0.4242555975914,0,0.270042918735442,0,0,0,0,0,0,0,0,0,0.25214545920199,0,0,0,0,0,0,0,0,0.324047453977444,0,0,0,0,0,0.309955932104435,0,0.284451622717848,0,0,0,0,0,0.239446738335096,0,0.331678488473783,0.311003939759347,0,0.277889163655598,0,0.394600950181484
0,0,0,0,0,0,0,0,0,0.235163389281793,0,0,0,0,0,0,0.146729532629251,0.145077415224579,0,0,0,0.252253344683154,0,0.233788507275803,0,0.201839080560801,0,0,0,0,0,0,0,0,0,0,0,0.25200646599898,0,0,0,0,0,0,0,0,0,0,0,0.306792090223226,0,0,0,0,0,0.249884331145802,0,0,0,0,0,0,0,0,0,0,0.23464160687045,0,0.268583949151877,0,0.241778322825065,0,0,0,0,0,0,0,0,0,0.263951780626533,0,0.190354175458611,0.119818487763405,0,0,0
0,0,0,0,0,0,0,0,0,0,0.289121925830841,0,0,0,0,0,0.303549068048596,0,0.328224588995394,0,0,0,0.210537692083455,0,0.259616799565942,0,0,0,0.204969206681618,0,0,0,0,0,0,0,0,0,0.3479384712955,0,0,0,0.296113487722269,0,0,0,0.311032392457128,0,0.194122681471472,0,0,0,0,0,0,0,0.302828685158775,0,0,0,0,0,0,0.324047453977444,0,0,0,0.236365714362537,0,0.222644692524931,0,0.280736992756526,0,0.316468109212378,0,0,0,0,0,0,0,0.351775257752977,0.140580448319314,0,0.335337255632176,0,0
0,0,0,0,0,0,0,0,0,0.257985278964043,0,0,0,0,0,0.207854077219963,0,0,0,0,0,0.234670315393988,0,0.19815804947794,0,0.168971699932728,0,0,0,0,0,0,0,0,0,0,0,0,0,0,0,0,0,0,0,0,0,0,0,0.257287062380625,0,0,0,0,0,0.246748152233305,0,0,0,0,0,0.237485003471375,0,0,0.23464160687045,0,0,0,0.224213742409067,0,0.318947702646255,0,0,0,0,0,0,0,0,0,0,0,0.209170122231756,0,0.206368025392294,0,0
0.24859057366848,0,0,0,0,0,0,0,0.249963544997848,0,0,0,0,0,0.277639830315655,0,0,0,0,0,0,0,0.251769098930243,0,0.239516428460791,0,0,0,0,0,0,0,0,0,0,0,0,0,0.266791802883552,0,0,0,0,0,0,0,0,0,0.224843762602125,0,0,0,0,0,0.274309528212175,0,0,0,0,0,0.268718002308713,0,0,0,0,0.236365714362537,0,0,0,0.211579171094027,0,0,0,0,0,0,0,0,0,0,0,0.209693909837649,0.229532014755976,0,0.288202002644539,0,0
0,0,0,0,0,0,0,0,0,0.197926089167595,0,0,0,0,0,0.187193985283375,0.154467682043711,0.15506653532031,0.189096033573151,0,0,0.249846324776158,0,0.25149597251511,0,0.235527981689434,0,0.142189227044582,0,0,0,0,0,0,0,0,0,0,0,0,0,0,0,0,0,0,0,0,0,0.275234541986416,0,0,0,0,0,0.236385229561064,0,0,0,0,0,0.248708480763561,0,0,0.268583949151877,0,0.224213742409067,0,0,0,0.317620081246024,0,0,0,0,0,0,0,0,0,0.256420602401098,0,0.165968804824643,0,0.234339681764444,0,0
0,0,0,0,0,0,0,0,0,0,0,0,0.197439253330231,0,0.194883752270793,0,0,0,0,0,0,0,0.225568582408527,0,0.181874018034031,0,0.160829902481494,0,0,0,0,0,0,0,0,0,0,0,0,0,0,0,0,0,0,0,0,0,0.264600447133968,0,0,0,0,0,0,0,0.200324222445488,0,0.215433107375835,0,0.20102877407757,0,0,0,0,0.222644692524931,0,0.211579171094027,0,0,0,0.301337037770412,0,0,0,0,0,0,0,0,0,0.275957846606271,0.152261098560232,0,0,0,0
0,0.255680680274963,0,0,0,0,0,0,0,0,0,0,0,0.157448718324304,0,0,0,0,0,0,0,0.17330564931035,0,0.326564311981201,0,0.225983420143957,0,0.213752123064385,0,0.138550797367797,0,0,0,0,0,0,0,0.245198754859822,0,0,0,0.373656107982,0,0,0,0,0,0,0,0.300507679562464,0,0,0,0,0,0,0,0.329931806047241,0,0,0,0,0,0,0.241778322825065,0,0.318947702646255,0,0.317620081246024,0,0,0,0.313132454951604,0,0,0,0,0,0,0,0.266414787174198,0,0.179488351941109,0,0.389838269230017,0.36719417146274,0
0,0,0.285158157348633,0,0,0,0,0,0,0,0.231686352619103,0,0.167609156668186,0,0.128941722639969,0,0.327412229317885,0,0.333480088778262,0,0,0,0.204274454077736,0,0,0,0,0,0.234510976445015,0,0.142781744296786,0,0,0,0,0,0,0,0.218324238532468,0,0,0,0.307059758336715,0,0,0,0.309357054248641,0,0.288242592488617,0,0,0,0,0,0,0,0.294522584996226,0,0.266602055718229,0,0.193245240065485,0,0,0.309955932104435,0,0.280736992756526,0,0,0,0.301337037770412,0,0,0,0.331216557233991,0,0,0,0,0,0,0,0.315867529946993,0.228064161824419,0,0.32914697944939,0,0
0,0,0,0,0,0,0,0,0,0,0,0,0,0,0,0,0,0,0.31660732626915,0,0,0,0,0,0,0,0,0,0,0.177646830703767,0,0,0,0,0,0,0,0.119741190907856,0,0,0,0.40644150197506,0,0,0,0,0,0,0,0.389624485198189,0,0,0,0,0,0,0,0.249675180153413,0,0,0,0,0,0,0,0,0,0,0,0,0.313132454951604,0,0,0,0,0,0,0,0,0,0.310015162505002,0,0.330677807331085,0,0.422178665953888,0.367395744511956,0
0,0,0.285164672136307,0,0,0,0,0,0,0,0.232659310806633,0,0.227653801441193,0,0,0,0.334578454494476,0.288282543420792,0.343506307369727,0,0.271870820224285,0,0,0,0,0,0,0,0.323959708213806,0,0.216107241049105,0,0,0,0,0,0,0,0.17510234938829,0,0,0,0.259613862498533,0.307676148414612,0.402581075827281,0,0.279873066950434,0,0.313999201646812,0,0,0,0,0,0,0,0.250151094211184,0,0.31708887219429,0,0.203208056363192,0,0,0.284451622717848,0,0.316468109212378,0,0,0,0,0,0.331216557233991,0,0,0,0,0,0,0,0,0,0.316515231756795,0.31114914481129,0.283323854207993,0.345595689795951,0,0.351445055007935
0,0,0,0,0,0,0,0,0,0,0,0,0,0,0,0,0,0,0,0,0,0,0,0,0,0,0,0,0,0,0,0.254792019029301,0.23955086367695,0.230773125874235,0.191092537982123,0.156898543304867,0,0,0,0,0,0,0,0,0,0,0,0.358601078064443,0.438081448569017,0.475057348608971,0,0,0,0,0,0,0,0,0,0,0,0,0,0,0,0,0,0,0,0,0,0,0,0,0,0.210766520005106,0.285527332469741,0,0.264484161302209,0,0,0,0.239001906911532,0,0,0,0
0,0,0,0,0,0,0,0,0,0,0,0,0,0,0,0,0,0,0,0,0,0,0,0,0,0,0,0,0,0,0,0.226497262313559,0.193203812937218,0.262728492418925,0.302808401701243,0,0.184119019768909,0,0,0,0,0,0,0,0,0,0,0.38152382877466,0.450707634290059,0,0,0,0,0,0,0,0,0,0,0,0,0,0,0,0,0,0,0,0,0,0,0,0,0,0.210766520005106,0,0,0.348116454808217,0,0.305260286277126,0,0,0.198889672523364,0,0,0,0
0,0,0,0,0,0,0,0,0,0,0,0,0,0,0,0,0,0,0,0,0,0,0,0,0,0,0,0,0,0,0,0.258493805624845,0,0.283508698497783,0.29150935472811,0.273141443718634,0.323637488484383,0.191017625105642,0.619903145533688,0,0,0,0,0,0,0,0,0.532032398365067,0,0.25321102964467,0,0,0,0,0,0,0,0,0,0,0,0,0,0,0,0,0,0,0,0,0,0,0,0,0.285527332469741,0,0,0.238905418030125,0.336468241409918,0.334214294122325,0.346949040853484,0.433466398715973,0.244516182731796,0.527217814984497,0.274570286273956,0,0
0,0,0,0,0,0,0,0,0.272159457206726,0,0,0,0,0,0,0,0,0,0,0,0,0,0,0,0,0,0,0,0,0,0,0,0.289195984601974,0.235838104139215,0.231466055294584,0,0.20874872839167,0.223138801753521,0.284092299938202,0,0,0,0.4331876039505,0,0,0,0,0.349407765994459,0.364785350859165,0,0,0,0,0,0,0,0,0,0,0,0,0,0,0,0,0,0,0,0,0,0,0,0,0,0,0.348116454808217,0.238905418030125,0,0,0.342608888429177,0.511115366220474,0.325904323383999,0.194674344730216,0.364933264255524,0.423697689175606,0,0
0,0,0,0.247362227394031,0,0,0,0,0,0,0,0,0,0,0,0,0,0.253976881504059,0.239610210061073,0.174792518404043,0,0,0,0,0,0,0,0,0,0,0,0.326221884191036,0.278062185272574,0.2844925596209,0,0.231520281862678,0,0.257486663437147,0,0.306004449713085,0.336553024147686,0.364969283857494,0,0.280462307425646,0,0.260362926127922,0,0.409678120606122,0.413343347795034,0.391640729403922,0,0,0,0,0,0,0,0.286253035068512,0,0,0,0,0.272574233093725,0,0,0,0,0,0,0,0,0,0,0,0.264484161302209,0,0.336468241409918,0,0,0.329970211045355,0.309805757052421,0,0.197486078310869,0.282390169122002,0.325596095850096,0.43564994858973,0
0,0,0,0,0,0,0,0,0,0,0.152682445943356,0,0,0,0,0,0,0,0,0,0.148366151671661,0,0,0,0,0,0,0,0,0,0,0.325877083672418,0.207064259198627,0.365211055114649,0.234684698812006,0.190680515021086,0.240181910966612,0,0.268204735674553,0.284023243379086,0.267953685130037,0,0.296717929840088,0,0,0,0.198115735539588,0.396845356566942,0.350145823014704,0.30161093728444,0,0,0,0,0,0,0.141152948141098,0,0,0,0,0,0,0.239446738335096,0,0,0,0,0,0,0,0,0,0,0,0.305260286277126,0.334214294122325,0.342608888429177,0.329970211045355,0,0,0.264523541122419,0.205416156642738,0.109775511547923,0.26585851949399,0,0
0,0.210691439867751,0,0,0,0,0,0,0,0.233031887672135,0,0,0,0,0,0,0,0,0.309570640325546,0.261967186214259,0,0.26666276134638,0,0.22922420501709,0,0.240691947440306,0,0.209440974745809,0,0.197463549790889,0,0,0,0.300306114193165,0.609798557228512,0.264082580412689,0,0.218962399346955,0.449139154532499,0.233638725509601,0,0.425248474321518,0,0.598412752151489,0,0,0,0.34565437764957,0,0.293091348226393,0,0,0,0,0,0.229108236675715,0,0,0,0,0,0,0.346597071722741,0,0.263951780626533,0,0,0,0.256420602401098,0,0.266414787174198,0,0.310015162505002,0,0,0,0.346949040853484,0.511115366220474,0.309805757052421,0,0,0.313872127005687,0.21352864763228,0.443898112484903,0.398214453854311,0.438878286712293,0
0,0,0.30866448368345,0,0,0,0,0,0.261454589226667,0,0.180456316870887,0,0,0,0.268507308684863,0,0.330437849721183,0.328028827905655,0.32935293736745,0,0.171219973247262,0,0.276635641151923,0,0.221694511455177,0,0,0,0,0,0.277809535382224,0,0,0.277195195357005,0.399149052401759,0,0.253027993594605,0.235807915077065,0.236151001733787,0,0,0.289014667272568,0.283042153979695,0.354592174291611,0.378617058197657,0,0.319474222189789,0.434403980444202,0.369062203244285,0,0,0,0,0,0.270634791777306,0,0.31304949140045,0,0.318058114160191,0,0.260271580076553,0,0,0.331678488473783,0,0.351775257752977,0,0.209693909837649,0,0.275957846606271,0,0.315867529946993,0,0.316515231756795,0,0,0.433466398715973,0.325904323383999,0,0.264523541122419,0.313872127005687,0,0.220775093201038,0.175605705029824,0.331151465300225,0,0.417482614517212
0.175993678867817,0.202980033188526,0.250719749501773,0.241380754336969,0.166489905364939,0,0.153840624421607,0.255617546290159,0.218149810445075,0.196908898403247,0.162533376418075,0.159870160371065,0.140125322087509,0.353344798088074,0.178425586223602,0,0.187091787301774,0.164403960943435,0.231906088596439,0.161527722153101,0.212223283536732,0.147718869731717,0.131603633923964,0.19653781887985,0.169678789490555,0.170993434416281,0.131042000587269,0.141298642139072,0.159331071078777,0.149998675725039,0.170021915397087,0.183728169555289,0.186627246055406,0.255393478731921,0.226078666737361,0.192695661246799,0.19687708396714,0.194584004738236,0.187741578433658,0.229360421936886,0,0.237028148308852,0.285916012468792,0.257469697072443,0.235241997573111,0.25719011591064,0.240020211253847,0.365820712977143,0.31755265737402,0.257140950582646,0.202161910357299,0,0.127907072154569,0.197767732143402,0.228541686318137,0.215786200060564,0.149879638745659,0.295847945846617,0.147511275046889,0,0.258272221684456,0.13882739841938,0.168436827262243,0.311003939759347,0.190354175458611,0.140580448319314,0.209170122231756,0.229532014755976,0.165968804824643,0.152261098560232,0.179488351941109,0.228064161824419,0.330677807331085,0.31114914481129,0.239001906911532,0.198889672523364,0.244516182731796,0.194674344730216,0.197486078310869,0.205416156642738,0.21352864763228,0.220775093201038,0,0.235962169128697,0.317425095833419,0.225702563960492,0.246397365574484
0,0,0,0.267791374524434,0,0,0,0,0.279899184021258,0.194374987483025,0,0,0,0.344307136535645,0,0,0.129551741535103,0.141408724337586,0.219394134818961,0,0,0.116556462192017,0.149803435610187,0,0,0.139680299162865,0,0,0.13364893446366,0,0.140693362802267,0,0,0.362763223424554,0.491156662052328,0.223136700193087,0.103827437495484,0.272877394759821,0.21692898440159,0,0,0.254106339812279,0.252168000303209,0.246794891967015,0,0.267247349023819,0,0.341480502651797,0,0.213423624634743,0,0,0,0,0,0,0,0,0,0,0,0,0,0,0.119818487763405,0,0,0,0,0,0,0,0,0.283323854207993,0,0,0.527217814984497,0.364933264255524,0.282390169122002,0.109775511547923,0.443898112484903,0.175605705029824,0.235962169128697,0,0.261295063144314,0,0.216427728533745
