0,0,5.94827659986913,0,0,0,0,0,4.83475588756902,0,0,0,0,0,0,0,29.6800510883331,0,17.1415415037246,0,0,0,0,0,0,0,0,0,0,0,0,0,0,0,0,0,56.965984545256,0,42.367157459259,0,50.8512725830078,0,14.7569378847928,0,0,0,0,0,6.21142846270453,0,0,0,0,0,5.28445254672657,0,26.0276374816895,0,0,0,9.24760011545162,0,0,0,0,0,0,0,0,0,0,0,0,28.372745513916,0,0,0,0,56.5033264160156,45.702455705212,0,45.1708111233181,12.7352804831409,0,10.6282995403677,0,0
0,0,0,4.45211958975503,0,8.46424007415771,0,0,0,5.07719628899186,0,0,0,0,0,0,0,0,0,0,0,0,0,8.81705570954543,0,0,0,0,0,0,0,0,0,0,0,0,0,14.5774202346802,0,0,0,9.79624615044429,0,0,0,0,0,0,0,3.96680370966593,0,0,0,0,0,5.32944696981515,0,0,0,0,0,2.74703049659729,0,0,0,0,5.20197584412315,0,0,0,0,0,0,0,0,0,0,0,0,0,0,0,4.73988010073608,0,6.18071066659247,0,0
5.94827659986913,0,0,0,7.75346745763506,0,0,0,5.25171146513541,0,0,0,0,0,0,0,0,0,43.4977462768555,0,0,0,0,0,0,0,0,0,0,0,0,0,0,0,0,0,0,0,35.8310356140137,0,33.1939935684204,0,23.0283787166371,0,25.0951824188232,0,27.4166640113382,0,7.08471389140113,0,7.30196547000966,0,0,0,6.49374375343323,0,26.3075207074483,0,5.95528997480869,0,3.91233191887538,0,0,0,0,0,0,0,0,0,0,32.7163054522346,0,29.025009483099,0,0,0,0,0,58.0681098937988,0,35.4920806884766,14.5875526368618,9.27535343170166,18.8996714494114,0,19.7027383312102
0,4.45211958975503,0,0,0,4.80517504269019,0,0,0,5.18478869933348,0,0,0,0,0,0,0,0,43.1927261352539,0,0,0,0,0,0,0,0,0,0,0,0,0,0,0,0,64.3301239013672,0,0,0,35.2610313415527,0,27.5661802334256,50.4454669952393,26.4481039047241,0,15.8145277359906,0,42.7696289649377,35.8151753498958,31.8602606316203,0,3.82211586769591,0,0,0,4.52121765840621,0,21.441691716512,0,4.20620393753052,0,0,22.271058400472,0,51.2889747619629,0,0,0,0,0,40.4635047912598,0,33.4175600538067,76.7418365478516,45.8220558166504,0,0,0,51.3007398605347,0,37.4844730922154,0,20.7060150771305,0,21.817613363266,20.5005624135335,0
0,0,7.75346745763506,0,0,0,0,0,2.88785755634308,0,0,0,0,0,0,0,0,0,43.4547958374023,0,5.57450652122498,0,0,0,0,0,0,0,0,0,0,0,0,0,0,0,0,0,0,0,42.2224529811314,0,38.0265117645264,0,0,0,36.1776773929596,0,42.0771102905273,0,4.12825792630514,0,8.22563397884369,0,0,0,7.91117356652799,0,5.8521578122269,0,4.18165782781748,0,0,20.0138622283936,0,0,0,0,0,0,0,0,0,43.1249656677246,0,0,0,0,0,61.0276927947998,0,0,36.2456083297729,0,20.0540620662548,0,39.7496376037598
0,8.46424007415771,0,4.80517504269019,0,0,0,4.56120464622333,0,7.29531723369252,0,3.57847106456757,0,3.82008751034737,0,4.29859211228111,0,0,0,4.82472565770149,0,0,0,0,0,0,0,0,0,0,0,0,0,0,0,0,0,0,0,0,0,38.0581150054932,0,0,0,13.5482120116552,0,0,38.5240513937814,41.7497062683105,0,3.73394895604744,0,0,0,5.75805853472816,0,3.23758792877197,0,3.73190439374823,0,2.75470209121704,5.8784834693249,0,0,0,0,0,0,0,0,0,40.423583984375,0,0,0,0,0,49.451150894165,0,44.1001014709473,0,4.85336634838903,0,10.0405754474171,0,0
0,0,0,0,0,0,0,0,0,0,2.74333429336548,0,0,0,0,0,0,0,0,0,0,0,0,0,0,0,0,0,0,0,0,0,0,0,0,0,8.93948068618774,0,0,0,0,0,0,0,0,0,0,0,0,0,3.75657296180725,0,3.06462765017221,0,0,0,3.64121930150018,0,0,0,0,0,0,0,0,0,0,0,0,0,0,0,0,0,0,0,0,0,0,4.64802916844686,0,0,2.87647758997404,0,0,0,0
0,0,0,0,0,4.56120464622333,0,0,0,0,0,4.42972578321184,0,0,0,0,0,0,0,5.94700658564665,0,0,0,0,0,0,0,0,0,0,0,0,0,0,0,3.58322763442993,0,0,0,0,0,0,0,0,0,0,0,0,0,0,0,5.67717456817627,0,3.483196840108,0,0,0,3.60781741142273,0,0,0,0,12.1898118865411,0,0,0,0,0,0,0,0,0,0,0,0,0,0,0,0,0,0,0,3.71353896747936,0,9.14722204208374,0,0
4.83475588756902,0,5.25171146513541,0,2.88785755634308,0,0,0,0,0,0,0,0,0,3.09506567319234,0,29.5555365085602,0,0,0,0,0,0,0,4.50049012357538,0,0,0,0,0,0,0,0,0,0,0,0,0,8.54420479084994,0,0,0,9.04363002876441,0,0,0,0,0,7.05063097817557,0,0,0,0,0,6.18424262141729,0,0,0,0,0,5.4352241326988,0,0,0,0,0,0,4.60765150005435,0,3.84595933268147,0,40.2800025939941,0,0,0,0,0,0,0,0,0,7.84771915923717,5.27955923658429,0,9.35183004413485,0,0
0,5.07719628899186,0,5.18478869933348,0,7.29531723369252,0,0,0,0,0,0,0,0,0,3.85384929502333,87.6774368286133,23.1000182078435,0,0,0,33.7365417480469,0,5.81772512403028,0,9.93786557515462,0,0,0,0,0,0,0,20.458122253418,0,0,0,6.86218181353848,0,0,0,7.7726659350925,0,0,0,0,0,0,0,6.29839385472811,0,0,0,0,0,4.01171290765685,0,0,0,0,0,3.49166870117188,0,0,0,0,3.5654694504208,0,0,0,0,0,0,0,0,0,0,0,0,0,6.78051865100861,0,5.69177738948376,0,6.62562823653221,0,0
0,0,0,0,0,0,2.74333429336548,0,0,0,0,0,3.33766897916794,0,0,0,96.6778335571289,0,52.5492880684989,0,16.3359453519185,0,0,0,0,0,0,0,0,0,3.06782132387161,0,0,0,0,0,24.4557552612745,0,5.48047498918715,0,47.1883557637533,0,23.8842609405518,0,23.9107418060303,0,40.6155862808228,0,45.1969947814941,0,0,0,0,0,0,0,6.27073433512082,0,4.09126465707212,0,0,0,0,18.0544142023722,0,0,0,0,0,0,0,18.9276933670044,0,9.30777223110199,0,0,0,0,0,52.8388710021973,0,9.50712665319443,6.81869371372651,7.60632133483887,43.5198576790946,0,19.0289505178278
0,0,0,0,0,3.57847106456757,0,4.42972578321184,0,0,0,0,0,0,0,0,0,0,0,7.27498251481874,0,0,0,0,0,0,0,0,0,5.20224292069963,0,0,0,0,0,8.64903935297491,0,8.03977548095382,0,0,0,21.3286380767822,0,0,0,17.422626949492,0,0,0,52.3587900797526,0,0,0,0,0,0,0,4.68369604045235,0,0,0,0,6.96385043600331,0,0,0,0,0,0,0,0,0,6.64587873414505,0,0,0,0,0,14.9111629399386,0,9.25303310581616,0,6.34709291551729,12.6193393707275,5.43476714214809,18.4807395935059,0
0,0,0,0,0,0,0,0,0,0,3.33766897916794,0,0,0,3.04565340280533,0,0,0,0,0,0,0,0,0,0,0,0,0,2.7241370677948,0,0,0,0,0,0,0,0,0,0,0,0,0,0,0,0,0,0,0,0,0,0,0,0,0,0,0,0,0,4.30587264154016,0,3.13663504123688,0,0,0,0,0,0,0,0,0,0,2.93255734443665,0,0,0,0,0,0,0,0,0,0,2.85338741540909,0,0,0,0
0,0,0,0,0,3.82008751034737,0,0,0,0,0,0,0,0,0,2.7493017911911,0,0,0,0,0,0,0,0,0,0,0,0,0,0,0,0,0,0,0,0,0,0,0,0,0,0,0,0,0,0,0,0,0,0,0,3.23462096214294,0,0,0,0,0,0,0,6.72734845045841,0,3.07037962807549,0,0,0,0,0,0,0,0,15.2822583516439,0,0,0,0,0,0,0,0,0,0,0,0,0,0,0,0
0,0,0,0,0,0,0,0,3.09506567319234,0,0,0,3.04565340280533,0,0,0,0,0,0,0,0,0,0,0,0,0,0,0,0,0,0,0,0,0,0,0,0,0,0,0,0,0,0,0,0,0,0,0,0,0,0,0,0,0,3.07110314369202,0,0,0,3.66004105125155,0,4.64721542757911,0,0,0,0,0,0,0,0,2.73909648259481,0,0,0,0,0,0,0,0,0,0,0,0,0,0,0,0,0
0,0,0,0,0,4.29859211228111,0,0,0,3.85384929502333,0,0,0,2.7493017911911,0,0,33.3644256591797,15.3202509965215,24.4684658050537,0,0,0,0,0,0,5.79668137762282,0,0,0,0,0,0,0,0,0,0,0,0,0,0,0,0,0,0,0,0,0,0,0,0,0,2.88339193662008,0,0,0,3.38065981864929,0,0,0,4.50276646247277,0,2.91421775817871,0,0,0,0,0,0,0,0,0,0,0,0,0,0,0,0,0,0,0,0,4.89275463301726,0,0,0,0
29.6800510883331,0,0,0,0,0,0,0,29.5555365085602,87.6774368286133,96.6778335571289,0,0,0,0,33.3644256591797,0,21.2070319999149,26.8225661714501,0,0,0,7.77809314019815,0,12.1906116850236,46.8835926055908,8.61950454272722,0,0,0,0,0,0,0,0,86.6716131730513,88.33729380946,0,68.915784072876,63.5177478790283,73.3649241129557,67.8697913625966,43.3663551012675,56.3421516418457,34.0744293212891,100.355458831787,59.3536326090495,47.738037109375,0,77.5449171066284,0,0,0,0,0,0,80.1281890869141,82.8459854125977,69.6545715332031,0,0,0,0,89.5888828701443,0,0,0,24.7006363868713,0,0,0,0,69.6814002990723,70.1481878492567,61.579839070638,0,71.6530208587646,0,77.9852892860534,72.0234632643442,86.9101181030273,71.5155034746442,18.7743333881564,22.5758091638543,51.8243923485279,67.4147584703233,47.1201452775435
0,0,0,0,0,0,0,0,0,23.1000182078435,0,0,0,0,0,15.3202509965215,21.2070319999149,0,25.4519487304394,0,100.771430969238,4.78265841164137,31.6610537442294,8.1878797798826,0,8.25270575965284,0,3.75976107670711,0,0,0,0,0,0,0,100.126815795898,105.174278695243,0,82.2040049235026,80.2865829467773,71.8724975585938,65.5773738225301,65.2166140238444,56.2910194396973,62.189146677653,99.8237361907959,65.4590403238932,0,0,73.5867023468018,0,0,0,0,0,0,0,79.8180694580078,93.3781890869141,0,0,0,83.9187622070312,91.3635737101237,4.48726598262787,0,7.58981148401896,0,5.96103760174343,0,0,134.994232177734,75.6416931152344,92.5813369750977,0,0,0,0,88.6428817300235,89.0176651623784,0,84.1402987311868,17.2219717405967,9.67644455232693,66.3596784319196,0,54.3444529942104
17.1415415037246,0,43.4977462768555,43.1927261352539,43.4547958374023,0,0,0,0,0,52.5492880684989,0,0,0,0,24.4684658050537,26.8225661714501,25.4519487304394,0,0,53.0142713026567,37.8147682189941,53.978432337443,0,0,27.4912939938632,46.6243743896484,0,0,0,0,62.5555152893066,0,0,0,64.015691392562,67.6040488250496,33.5260017939976,57.7154929114551,36.2772664906066,48.5714517211914,25.7275185658183,17.2069691009019,20.3494818210602,12.5867625688895,67.1150856766046,23.0964830858698,50.4693004608154,35.2949281692505,45.4355409755263,67.4492053985596,118.026657104492,0,0,0,0,48.7497942357124,43.4525905609131,49.9987618582589,0,0,0,52.4954863956996,56.2548612523962,0,0,0,0,0,0,0,65.8162724304199,34.7325111754397,48.4849036506985,53.9564078194754,0,57.0038296835763,0,51.1913499826799,51.6773820491587,38.1717601503645,45.1250602614927,19.856036892909,24.0629918792031,29.6427752685327,26.3551531434059,20.2453127076914
0,0,0,0,0,4.82472565770149,0,5.94700658564665,0,0,0,7.27498251481874,0,0,0,0,0,0,0,0,0,0,0,0,0,0,0,0,0,0,0,0,0,0,0,5.22529262123686,0,5.79071462646989,0,11.6451090952245,0,13.9662917852402,0,0,0,8.13690280997962,0,0,0,30.2091217041016,0,0,0,0,0,0,0,5.88238999588799,0,0,0,0,5.13584752481354,0,37.0880298614502,0,0,0,0,0,15.9370674133301,0,9.76842641733131,0,0,0,0,0,7.3939872636795,0,8.65699141577812,0,6.21133501563086,0,7.48695472620417,0,0
0,0,0,0,5.57450652122498,0,0,0,0,0,16.3359453519185,0,0,0,0,0,0,100.771430969238,53.0142713026567,0,0,0,0,0,0,0,0,0,0,0,0,0,0,0,0,0,13.8733264307181,0,14.9714068863479,92.9672317504883,29.3397731123299,62.774715423584,36.9974564405588,0,34.6308428446452,0,40.382928609848,33.5646596636091,33.2432630134351,0,9.85148944617799,0,10.4134934165261,0,0,0,8.44721693329557,0,17.5748896598816,0,0,0,0,9.13260392453373,0,0,0,0,0,0,0,23.2408095911929,0,18.6161618654845,0,0,0,0,98.9661903381348,16.1790085509181,101.95484161377,17.0519317761156,12.2347929058362,0,25.582057649439,0,18.6405116915703
0,0,0,0,0,0,0,0,0,33.7365417480469,0,0,0,0,0,0,0,4.78265841164137,37.8147682189941,0,0,0,3.20366295901212,6.90596582828424,0,6.68037394841512,0,3.89651371814587,0,0,0,0,0,0,0,0,0,7.15518059572789,0,0,0,0,0,0,0,47.191822052002,0,18.9064983568693,0,9.97606214448329,0,0,0,0,0,28.6797571182251,0,30.7418613751729,0,0,0,0,38.5073295235634,0,4.7495630281342,3.30615464846293,6.77394804666782,0,8.94591018838702,0,18.3518974979719,0,15.339522600174,0,0,0,0,0,76.8179931640625,0,10.2395036818335,0,4.70176585105935,2.95903635025024,21.0742769853784,31.6076431274414,0
0,0,0,0,0,0,0,0,0,0,0,0,0,0,0,0,7.77809314019815,31.6610537442294,53.978432337443,0,0,3.20366295901212,0,0,8.8112923053846,0,5.09994922950864,0,3.37664763132731,0,0,0,0,0,0,0,0,0,8.92365885226148,0,0,0,0,0,0,0,0,0,13.6113252509542,0,0,0,0,0,0,0,0,0,0,0,0,0,0,0,0,5.29539367124371,0,14.2982596897882,0,14.1792963608452,0,2.95349752902985,0,0,0,0,0,0,98.1541061401367,0,0,9.29819930777877,5.7145029438495,25.1784119606018,21.9150695800781,0,0
0,8.81705570954543,0,0,0,0,0,0,0,5.81772512403028,0,0,0,0,0,0,0,8.1878797798826,0,0,0,6.90596582828424,0,0,0,3.2880163533347,0,0,0,0,0,0,0,0,0,0,0,6.13277001425905,0,0,0,8.83806610107422,0,0,0,0,0,0,0,6.58044441032779,0,0,0,0,0,5.53135296702385,0,18.1575897598267,0,0,0,0,36.5914012908936,0,11.0020522799918,0,4.07772552107905,0,7.58206896348433,0,11.17638979962,0,0,0,0,0,0,0,0,0,6.26588625493257,0,5.13559912761369,0,7.92680587026808,0,0
0,0,0,0,0,0,0,0,4.50049012357538,0,0,0,0,0,0,0,12.1906116850236,0,0,0,0,0,8.8112923053846,0,0,0,4.8017147526145,0,0,0,0,0,0,0,0,0,0,0,5.04985366384667,0,0,0,0,0,0,0,0,0,10.2811256150405,0,0,0,0,0,5.95766034410961,0,0,0,0,0,0,0,0,0,0,7.95453442846026,0,5.14653728121803,0,6.83159443109977,0,0,0,0,0,0,0,0,0,0,0,4.77331159665034,6.58574473424391,0,9.96019118647032,0,0
0,0,0,0,0,0,0,0,0,9.93786557515462,0,0,0,0,0,5.79668137762282,46.8835926055908,8.25270575965284,27.4912939938632,0,0,6.68037394841512,0,3.2880163533347,0,0,0,2.74808573722839,0,0,0,0,0,0,0,0,0,0,0,0,0,0,0,0,0,0,0,0,0,0,0,0,0,0,0,0,0,0,0,0,0,3.57634425163269,0,0,2.9533904393514,0,2.9779945188953,0,3.16454832828962,0,3.13598155975342,0,0,0,0,0,0,0,0,0,0,0,6.18719978094101,0,0,0,0
0,0,0,0,0,0,0,0,0,0,0,0,0,0,0,0,8.61950454272722,0,46.6243743896484,0,0,0,5.09994922950864,0,4.8017147526145,0,0,0,0,0,0,0,0,0,0,0,0,0,0,0,0,0,0,0,0,0,0,0,0,0,0,0,0,0,11.3981637954712,0,0,0,0,0,2.84778928756714,0,0,0,0,5.39318956028331,0,7.20085614198332,0,3.68837948519774,0,12.4088335037231,0,0,0,0,0,0,0,0,0,0,23.4168478647868,0,0,0,0
0,0,0,0,0,0,0,0,0,0,0,0,0,0,0,0,0,3.75976107670711,0,0,0,3.89651371814587,0,0,0,2.74808573722839,0,0,0,3.25467154345935,0,0,0,0,0,0,0,3.82907021877378,0,0,0,0,0,0,0,0,0,0,0,0,0,0,0,0,0,0,0,0,0,0,0,0,0,0,3.44519455432892,0,0,0,2.91120076179504,0,4.37539965784228,0,3.59502940177917,0,0,0,0,0,0,0,4.86508046277364,0,3.74665038178607,0,0,0,0
0,0,0,0,0,0,0,0,0,0,0,0,2.7241370677948,0,0,0,0,0,0,0,0,0,3.37664763132731,0,0,0,0,0,0,0,3.45536708831787,0,0,0,0,0,0,0,2.73352026939392,0,0,0,0,0,0,0,0,0,0,0,0,0,0,0,0,0,0,0,0,0,0,0,0,0,0,3.58392035961151,0,0,0,5.841424147288,0,4.53614354133606,0,4.5394561290741,0,0,0,0,0,0,0,16.6595858700421,2.95693508783976,0,0,0,0
0,0,0,0,0,0,0,0,0,0,0,5.20224292069963,0,0,0,0,0,0,0,0,0,0,0,0,0,0,0,3.25467154345935,0,0,0,0,0,0,0,0,0,4.77356623367027,0,0,0,22.741117477417,0,0,0,19.9549861907959,0,0,0,0,0,0,0,0,0,0,0,8.31064701080322,0,0,0,0,0,0,0,0,0,0,0,0,0,0,5.45708665661998,0,0,0,0,0,0,0,9.03592297405872,0,4.35379378837452,0,0,0,0
0,0,0,0,0,0,0,0,0,0,3.06782132387161,0,0,0,0,0,0,0,0,0,0,0,0,0,0,0,0,0,3.45536708831787,0,0,0,0,0,0,0,0,0,3.13212589864378,0,0,0,0,0,0,0,0,0,0,0,0,0,0,0,0,0,3.5949592590332,0,0,0,0,0,0,0,0,0,0,0,0,0,0,7.4374822974205,0,6.16100642542995,0,0,0,0,0,0,0,2.75215721130371,3.19867224991322,0,0,0,0
0,0,0,0,0,0,0,0,0,0,0,0,0,0,0,0,0,0,62.5555152893066,0,0,0,0,0,0,0,0,0,0,0,0,0,5.30708592664022,5.43940513826734,12.5810987154643,6.05860951409411,9.605696849823,0,0,0,16.5056338840061,0,0,0,0,46.3205757141113,0,6.95470362407126,12.5893620839195,30.3043239003136,0,0,0,0,0,0,0,0,0,0,0,0,0,0,0,0,0,0,0,0,0,0,0,0,4.40410195848906,6.92501973694058,5.80972766446638,0,7.02219741025441,17.1903376386345,11.1660485267639,0,8.26830120126078,0,22.7197962585761,0,0
0,0,0,0,0,0,0,0,0,0,0,0,0,0,0,0,0,0,0,0,0,0,0,0,0,0,0,0,0,0,0,5.30708592664022,0,7.78744089603424,4.60223987367418,0,3.06910692561756,0,0,0,5.78512477874756,0,0,0,0,0,0,3.83286312922021,4.91179508633084,0,0,0,0,0,0,0,0,0,0,0,0,0,0,0,0,0,0,0,0,0,0,0,0,0,5.48148218924034,4.10586080649609,5.87030744552612,5.73517253001531,0,7.01139485453186,0,0,4.60390483650482,0,0,0,0
0,0,0,0,0,0,0,0,0,20.458122253418,0,0,0,0,0,0,0,0,0,0,0,0,0,0,0,0,0,0,0,0,0,5.43940513826734,7.78744089603424,0,4.96704441669375,6.53971718053538,8.33220446305197,4.82099633478856,6.78944189408246,58.9942932128906,21.9637940146706,0,0,0,0,24.4227523803711,0,6.6963006740461,18.3124200805785,11.2584021659124,0,0,0,0,0,0,0,0,0,0,0,0,0,0,0,0,0,0,0,0,0,0,74.0286254882812,0,4.97668070217659,10.0079345703125,4.46642888977274,4.23723315795263,4.78457282802888,22.8735095977783,6.7631392441806,0,5.9570290776199,0,13.484467567258,0,0
0,0,0,0,0,0,0,0,0,0,0,0,0,0,0,0,0,0,0,0,0,0,0,0,0,0,0,0,0,0,0,12.5810987154643,4.60223987367418,4.96704441669375,0,11.1737241744995,3.36735798252953,0,6.23480532937131,0,0,0,14.9151563644409,0,0,0,0,4.28780694273533,5.28188290596008,0,0,0,0,0,0,0,0,0,0,0,0,0,0,0,0,0,0,0,0,0,0,0,0,0,0,3.78108010572546,6.01427626342667,4.34298635104541,6.49294748306274,8.60510116070509,0,7.55746554073535,4.2424944793286,0,3.64950664838155,0,0
0,0,0,64.3301239013672,0,0,0,3.58322763442993,0,0,0,8.64903935297491,0,0,0,0,86.6716131730513,100.126815795898,64.015691392562,5.22529262123686,0,0,0,0,0,0,0,0,0,0,0,6.05860951409411,0,6.53971718053538,11.1737241744995,0,4.82002085447311,5.69316030172634,4.99980110592312,29.8228628650788,133.512878417969,46.6186299811469,76.2870063781738,0,0,30.207080020495,0,8.77148196009489,72.0517075061798,55.4977513790131,0,0,0,0,0,0,97.3002700805664,12.8302719751994,0,0,0,0,9.3947656149592,124.956317901611,0,0,0,0,0,0,0,181.709381103516,83.7302875518799,113.115215301514,13.1055868907029,0,15.900759434278,0,9.09931495135444,9.47475523551305,5.55727198959945,108.682975769043,8.76697155451106,10.9202167273843,51.5760987052501,46.8166561126709,68.0289154052734
56.965984545256,0,0,0,0,0,8.93948068618774,0,0,0,24.4557552612745,0,0,0,0,0,88.33729380946,105.174278695243,67.6040488250496,0,13.8733264307181,0,0,0,0,0,0,0,0,0,0,9.605696849823,3.06910692561756,8.33220446305197,3.36735798252953,4.82002085447311,0,4.22917032241821,10.5270141182929,0,36.4074799090016,99.5723480224609,47.693584312908,0,56.2471615791321,134.050354003906,51.6672863725756,66.8564682006836,54.0319937748068,125.910614013672,40.8511848449707,0,0,0,0,0,31.4474129972141,0,56.4899997711182,0,0,0,0,19.4867542982916,0,0,0,0,0,0,0,53.575490134103,0,56.1490052736723,14.1811765670776,4.96978964124407,8.36921865746782,3.1642050743103,75.8932625167775,9.838817273974,0,15.2074408407609,9.37844500144989,3.78652157638279,44.7634143904834,0,44.9544545384764
0,14.5774202346802,0,0,0,0,0,0,0,6.86218181353848,0,8.03977548095382,0,0,0,0,0,0,33.5260017939976,5.79071462646989,0,7.15518059572789,0,6.13277001425905,0,0,0,3.82907021877378,0,4.77356623367027,0,0,0,4.82099633478856,0,5.69316030172634,4.22917032241821,0,3.37805807590485,0,0,10.7740739934585,0,24.7298393249512,0,19.7480626408058,0,6.77859971675784,54.5517272949219,6.94662292857012,0,0,0,0,0,7.31352289517721,0,7.04667748345269,0,0,0,0,15.6912272998265,0,11.1699321892102,0,6.55425231245033,0,0,0,10.7273545861244,0,6.06090758035057,0,0,0,5.40275493109332,0,8.7178758127841,0,5.15209163016584,0,4.47403952513776,0,9.95405856742233,0,0
42.367157459259,0,35.8310356140137,0,0,0,0,0,8.54420479084994,0,5.48047498918715,0,0,0,0,0,68.915784072876,82.2040049235026,57.7154929114551,0,14.9714068863479,0,8.92365885226148,0,5.04985366384667,0,0,0,2.73352026939392,0,3.13212589864378,0,0,6.78944189408246,6.23480532937131,4.99980110592312,10.5270141182929,3.37805807590485,0,114.36051940918,60.263249874115,0,24.7277672029846,0,44.9486382007599,136.808776855469,56.1869063506255,5.32042561966239,9.44445262523676,0,0,0,0,0,10.6131839902251,0,17.7313872012463,0,96.6344146728516,0,0,0,0,20.6727504100896,0,7.9749039846944,0,4.9457383423924,0,0,0,80.5336409807205,0,77.995954990387,0,0,2.920296782539,5.9733856085575,118.932706560407,18.1194997357718,0,5.74114765954249,8.00395829599621,4.23496943135415,11.887013138305,0,24.7523639637937
0,0,0,35.2610313415527,0,0,0,0,0,0,0,0,0,0,0,0,63.5177478790283,80.2865829467773,36.2772664906066,11.6451090952245,92.9672317504883,0,0,0,0,0,0,0,0,0,0,0,0,58.9942932128906,0,29.8228628650788,0,0,114.36051940918,0,0,21.2814331339611,49.2315793718611,27.9555225372314,0,11.0992814932323,53.1925182342529,22.9547088742256,49.8953039986747,19.0974790863369,0,0,0,0,0,0,0,45.2726402282715,0,0,0,0,7.48413633270028,99.4321365356445,0,0,0,0,0,0,0,110.393981933594,68.5886554718018,0,28.116849873517,0,16.8755814234416,0,17.4680341796358,96.1592063903809,0,90.0878067016602,50.5545211065383,49.7060890197754,21.5982578586934,20.2105520716253,51.4816741943359
50.8512725830078,0,33.1939935684204,0,42.2224529811314,0,0,0,0,0,47.1883557637533,0,0,0,0,0,73.3649241129557,71.8724975585938,48.5714517211914,0,29.3397731123299,0,0,0,0,0,0,0,0,0,0,16.5056338840061,5.78512477874756,21.9637940146706,0,133.512878417969,36.4074799090016,0,60.263249874115,0,0,0,30.884924175813,0,23.8210954666138,0,20.9327013328158,8.1658177710416,6.77921955597706,0,40.7574585676193,0,0,0,0,0,40.9394009859507,0,40.4851404005481,0,0,0,0,23.9609386481128,0,0,0,0,0,0,0,55.4123546055385,0,50.6297906904078,19.4133898417155,0,23.1877136230469,0,107.918881734212,11.4594469866283,0,36.2011497925068,35.5159406512976,0,12.3779329462943,0,21.9981819168996
0,9.79624615044429,0,27.5661802334256,0,38.0581150054932,0,0,0,7.7726659350925,0,21.3286380767822,0,0,0,0,67.8697913625966,65.5773738225301,25.7275185658183,13.9662917852402,62.774715423584,0,0,8.83806610107422,0,0,0,0,0,22.741117477417,0,0,0,0,0,46.6186299811469,99.5723480224609,10.7740739934585,0,21.2814331339611,0,0,6.47049488077561,16.637009670208,0,20.7239194602417,44.2717692057292,7.8759188722334,53.5518830617269,10.1081009969757,0,34.573787689209,0,0,0,14.9760384559631,49.0682716369629,26.7760538165852,0,0,0,0,20.3756987123727,0,42.1863574981689,0,0,0,0,0,29.1168627057757,0,13.0953735317294,45.5466537475586,27.837894753234,0,30.8637507943546,0,30.2719832471701,83.1634405454,27.3444617428357,73.6163909912109,14.3718063371162,33.8806332432946,15.7667507228097,10.0611592888159,35.0400447845459
14.7569378847928,0,23.0283787166371,50.4454669952393,38.0265117645264,0,0,0,9.04363002876441,0,23.8842609405518,0,0,0,0,0,43.3663551012675,65.2166140238444,17.2069691009019,0,36.9974564405588,0,0,0,0,0,0,0,0,0,0,0,0,0,14.9151563644409,76.2870063781738,47.693584312908,0,24.7277672029846,49.2315793718611,30.884924175813,6.47049488077561,0,0,7.93899217484489,0,13.9215277455269,12.5252206743538,11.8397947795653,18.6469015777111,42.5809912151761,0,0,0,9.17968885826342,0,23.642956629648,0,32.8765065140194,0,0,0,0,37.9387657439228,0,0,0,0,0,0,0,29.9054205161481,52.0530891418457,17.9199377886347,94.0306339263916,0,0,0,51.0444008089461,30.9321156605292,0,28.2786904111321,16.7584739480173,33.654736328125,12.6086044083884,6.58247770581927,8.48554800918653
0,0,0,26.4481039047241,0,0,0,0,0,0,0,0,0,0,0,0,56.3421516418457,56.2910194396973,20.3494818210602,0,0,0,0,0,0,0,0,0,0,0,0,0,0,0,0,0,0,24.7298393249512,0,27.9555225372314,0,16.637009670208,0,0,0,41.0807342529297,0,0,0,31.3122138977051,0,0,0,0,0,0,0,21.1005039215088,0,0,0,0,23.4273700714111,0,0,0,0,0,0,0,0,0,23.8897485278902,0,40.4897518157959,0,35.5280787150065,0,41.38023853302,0,27.918689303928,0,43.4210325876872,0,21.8023353827368,14.5059204101562,0
0,0,25.0951824188232,0,0,0,0,0,0,0,23.9107418060303,0,0,0,0,0,34.0744293212891,62.189146677653,12.5867625688895,0,34.6308428446452,0,0,0,0,0,0,0,0,0,0,0,0,0,0,0,56.2471615791321,0,44.9486382007599,0,23.8210954666138,0,7.93899217484489,0,0,0,9.48177193695644,0,0,0,32.8941879272461,0,0,0,0,0,44.4552999223982,0,26.9633197784424,0,0,0,0,53.8721395220075,0,0,0,0,0,0,0,36.1827774047852,0,35.162335395813,0,0,0,0,55.7507651192801,38.4003492662984,0,34.9158389500209,19.8343538129052,54.4023208618164,11.1359628853313,0,14.7896924269827
0,0,0,15.8145277359906,0,13.5482120116552,0,0,0,0,0,17.422626949492,0,0,0,0,100.355458831787,99.8237361907959,67.1150856766046,8.13690280997962,0,47.191822052002,0,0,0,0,0,0,0,19.9549861907959,0,46.3205757141113,0,24.4227523803711,0,30.207080020495,134.050354003906,19.7480626408058,136.808776855469,11.0992814932323,0,20.7239194602417,0,41.0807342529297,0,0,66.8684978485107,28.7313673185266,27.2308465939648,37.4735238211496,0,16.5799198150635,0,0,0,0,0,15.7620351521865,0,0,0,0,7.51402499601072,127.479187011719,43.5376674107143,0,0,0,0,0,24.694839589736,0,20.5991778356209,75.1660842895508,27.9538034043222,0,25.7120124181112,0,19.4413637621225,146.273601531982,24.7603949133333,0,29.6019423802694,45.7739388602121,14.8992798593634,12.3764595232512,0
0,0,27.4166640113382,0,36.1776773929596,0,0,0,0,0,40.6155862808228,0,0,0,0,0,59.3536326090495,65.4590403238932,23.0964830858698,0,40.382928609848,0,0,0,0,0,0,0,0,0,0,0,0,0,0,0,51.6672863725756,0,56.1869063506255,53.1925182342529,20.9327013328158,44.2717692057292,13.9215277455269,0,9.48177193695644,66.8684978485107,0,0,11.2000088761835,0,35.0972369756454,0,0,0,0,0,39.4064066235612,0,36.9099604841592,0,0,0,60.2291297912598,25.81602738983,0,0,0,0,0,0,0,53.3077386474609,0,48.037886661032,0,0,0,0,70.4481986119197,31.013704945923,0,50.2750313282013,24.8702362808021,0,14.3012549344102,0,27.1002230022265
0,0,0,42.7696289649377,0,0,0,0,0,0,0,0,0,0,0,0,47.738037109375,0,50.4693004608154,0,33.5646596636091,18.9064983568693,0,0,0,0,0,0,0,0,0,6.95470362407126,3.83286312922021,6.6963006740461,4.28780694273533,8.77148196009489,66.8564682006836,6.77859971675784,5.32042561966239,22.9547088742256,8.1658177710416,7.8759188722334,12.5252206743538,0,0,28.7313673185266,0,0,7.04003060008665,7.488166972152,53.0554618835449,0,0,0,0,0,59.640043258667,43.6727116902669,56.8954677581787,0,0,0,24.5508424585516,36.4799759204571,20.3643937671886,0,0,0,0,0,0,0,25.3594263924493,69.658317565918,7.07301657103871,4.69350283556971,6.7099359032176,4.43785623141697,9.77342260611449,7.03796417095658,9.98926080915959,5.61554305404425,5.80811361980265,31.2031383514404,8.65350593925838,0,0
6.21142846270453,0,7.08471389140113,35.8151753498958,42.0771102905273,38.5240513937814,0,0,7.05063097817557,0,45.1969947814941,0,0,0,0,0,0,0,35.2949281692505,0,33.2432630134351,0,13.6113252509542,0,10.2811256150405,0,0,0,0,0,0,12.5893620839195,4.91179508633084,18.3124200805785,5.28188290596008,72.0517075061798,54.0319937748068,54.5517272949219,9.44445262523676,49.8953039986747,6.77921955597706,53.5518830617269,11.8397947795653,0,0,27.2308465939648,11.2000088761835,7.04003060008665,0,15.9591041670905,34.5468865076701,0,0,0,8.53121092536233,0,30.8109114468098,42.6058621126063,16.2096380750898,0,7.5558457568409,0,31.2136211395264,33.2935593605041,0,13.6322065300829,0,7.15979221911212,0,8.92036896485549,0,17.582783866573,55.9773347377777,50.1928286084942,18.0010329213636,5.62181393305461,20.3020247169163,4.84703016281128,53.9288639924964,6.75889926941624,61.0661346435547,6.67095943802879,10.7455201344183,0,11.662624966678,41.5669911702474,43.144474029541
0,3.96680370966593,0,31.8602606316203,0,41.7497062683105,0,0,0,6.29839385472811,0,52.3587900797526,0,0,0,0,77.5449171066284,73.5867023468018,45.4355409755263,30.2091217041016,0,9.97606214448329,0,6.58044441032779,0,0,0,0,0,0,0,30.3043239003136,0,11.2584021659124,0,55.4977513790131,125.910614013672,6.94662292857012,0,19.0974790863369,0,10.1081009969757,18.6469015777111,31.3122138977051,0,37.4735238211496,0,7.488166972152,15.9591041670905,0,0,47.7147903442383,0,0,0,10.3320207595825,0,14.450577998763,0,0,0,0,26.08384262069,0,11.5174220689687,0,7.36946151174348,0,5.3153639237086,0,6.90129331459382,0,16.2778190787958,94.804801940918,24.2325317736753,0,9.94934717091647,0,22.9531812784429,93.0177852085659,7.339928764787,0,17.97892716829,0,10.3056522582021,37.2440786361694,0
0,0,7.30196547000966,0,4.12825792630514,0,3.75657296180725,0,0,0,0,0,0,0,0,0,0,0,67.4492053985596,0,9.85148944617799,0,0,0,0,0,0,0,0,0,0,0,0,0,0,0,40.8511848449707,0,0,0,40.7574585676193,0,42.5809912151761,0,32.8941879272461,0,35.0972369756454,53.0554618835449,34.5468865076701,0,0,0,5.0429309557562,0,0,0,7.9933902368851,0,4.60136475721242,0,4.02003077565111,0,0,13.9078851232723,0,0,0,0,0,0,0,103.253952026367,0,38.9775371551514,0,0,0,0,106.389533996582,42.3720654707689,0,63.4494895935059,29.947585784472,0,14.4106307065309,0,46.2901573181152
0,0,0,3.82211586769591,0,3.73394895604744,0,5.67717456817627,0,0,0,0,0,3.23462096214294,0,2.88339193662008,0,0,118.026657104492,0,0,0,0,0,0,0,0,0,0,0,0,0,0,0,0,0,0,0,0,0,0,34.573787689209,0,0,0,16.5799198150635,0,0,0,47.7147903442383,0,0,0,0,0,0,0,0,0,3.24013872146606,0,3.92462573051453,43.2008323669434,0,0,0,0,0,0,0,0,0,0,0,0,0,0,0,0,0,0,0,3.97704226175944,0,30.7903273105621,26.5495090484619,0
0,0,0,0,8.22563397884369,0,3.06462765017221,0,0,0,0,0,0,0,0,0,0,0,0,0,10.4134934165261,0,0,0,0,0,0,0,0,0,0,0,0,0,0,0,0,0,0,0,0,0,0,0,0,0,0,0,0,0,5.0429309557562,0,0,0,0,0,5.15116631035986,0,3.37315964698792,0,0,0,0,13.0193920135498,0,0,0,0,0,0,0,0,0,0,0,0,0,0,0,40.534065246582,0,0,4.18430928389231,0,0,0,0
0,0,0,0,0,0,0,3.483196840108,0,0,0,0,0,0,0,0,0,0,0,0,0,0,0,0,0,0,0,0,0,0,0,0,0,0,0,0,0,0,0,0,0,0,0,0,0,0,0,0,0,0,0,0,0,0,0,0,0,0,0,0,0,0,0,0,0,0,0,0,0,0,0,0,0,0,0,0,0,0,0,0,0,0,3.90604650974274,0,0,0,0
5.28445254672657,0,6.49374375343323,0,0,0,0,0,6.18424262141729,0,0,0,0,0,3.07110314369202,0,0,0,0,0,0,0,0,0,5.95766034410961,0,11.3981637954712,0,0,0,0,0,0,0,0,0,0,0,10.6131839902251,0,0,0,9.17968885826342,0,0,0,0,0,8.53121092536233,0,0,0,0,0,0,0,0,0,0,0,4.40571392685003,0,0,0,0,0,0,6.75559765122393,0,5.74400485200541,0,0,0,0,0,0,0,0,0,0,0,6.14943191730059,8.81566188812256,0,11.6108169859106,0,0
0,5.32944696981515,0,4.52121765840621,0,5.75805853472816,0,0,0,4.01171290765685,0,0,0,0,0,3.38065981864929,0,0,0,0,0,28.6797571182251,0,5.53135296702385,0,0,0,0,0,0,0,0,0,0,0,0,0,7.31352289517721,0,0,0,14.9760384559631,0,0,0,0,0,0,0,10.3320207595825,0,0,0,0,0,0,0,0,0,0,0,0,0,0,30.0977325439453,0,3.25196568667889,0,0,0,0,0,0,0,0,0,0,0,0,0,6.76244569646901,0,6.79507387028953,0,10.5559351709154,0,0
26.0276374816895,0,26.3075207074483,0,7.91117356652799,0,3.64121930150018,0,0,0,6.27073433512082,0,0,0,0,0,80.1281890869141,0,48.7497942357124,0,8.44721693329557,0,0,0,0,0,0,0,0,0,3.5949592590332,0,0,0,0,97.3002700805664,31.4474129972141,0,17.7313872012463,0,40.9394009859507,49.0682716369629,23.642956629648,0,44.4552999223982,0,39.4064066235612,59.640043258667,30.8109114468098,0,7.9933902368851,0,5.15116631035986,0,0,0,0,0,5.69699540122257,0,7.18468030293783,0,0,13.5543750853915,0,0,0,0,0,0,0,10.6825103763791,94.746452331543,9.46003820293983,0,0,0,0,103.879362106323,43.0565911348612,0,19.9659462468377,14.6815432134922,9.08366618837629,15.1306341737627,0,20.5158750136693
0,0,0,21.441691716512,0,3.23758792877197,0,3.60781741142273,0,0,0,4.68369604045235,0,0,0,0,82.8459854125977,79.8180694580078,43.4525905609131,5.88238999588799,0,30.7418613751729,0,18.1575897598267,0,0,0,0,0,8.31064701080322,0,0,0,0,0,12.8302719751994,0,7.04667748345269,0,45.2726402282715,0,26.7760538165852,0,21.1005039215088,0,15.7620351521865,0,43.6727116902669,42.6058621126063,14.450577998763,0,0,0,0,0,0,0,0,0,0,0,0,10.3873730113751,0,32.7341552528681,0,18.1040984844339,0,5.48095989227295,0,8.25455307307309,0,7.99611448918828,0,0,0,0,0,46.3892265955607,0,19.5925687589143,0,10.1350746495383,0,11.7140882941268,24.0660044352214,0
0,0,5.95528997480869,0,5.8521578122269,0,0,0,0,0,4.09126465707212,0,4.30587264154016,0,3.66004105125155,0,69.6545715332031,93.3781890869141,49.9987618582589,0,17.5748896598816,0,0,0,0,0,0,0,0,0,0,0,0,0,0,0,56.4899997711182,0,96.6344146728516,0,40.4851404005481,0,32.8765065140194,0,26.9633197784424,0,36.9099604841592,56.8954677581787,16.2096380750898,0,4.60136475721242,0,3.37315964698792,0,0,0,5.69699540122257,0,0,0,4.91492508396958,0,0,15.516348657608,0,0,0,0,0,7.7770024032916,0,6.68654959108795,88.52783203125,38.1094578229464,0,0,0,0,94.0515365600586,45.3447443644206,93.9588165283203,36.1343650817871,26.1380896303389,0,23.9500327677454,0,27.1972990036011
0,0,0,4.20620393753052,0,3.73190439374823,0,0,0,0,0,0,0,6.72734845045841,0,4.50276646247277,0,0,0,0,0,0,0,0,0,0,0,0,0,0,0,0,0,0,0,0,0,0,0,0,0,0,0,0,0,0,0,0,0,0,0,3.24013872146606,0,0,0,0,0,0,0,0,0,5.8437934882111,0,0,0,0,0,0,4.52041743861304,0,7.09495279162821,0,0,0,0,0,0,0,0,0,0,0,3.73181021213531,0,0,0,0
9.24760011545162,0,3.91233191887538,0,4.18165782781748,0,0,0,5.4352241326988,0,0,0,3.13663504123688,0,4.64721542757911,0,0,0,0,0,0,0,0,0,0,0,2.84778928756714,0,0,0,0,0,0,0,0,0,0,0,0,0,0,0,0,0,0,0,0,0,7.5558457568409,0,4.02003077565111,0,0,0,4.40571392685003,0,7.18468030293783,0,4.91492508396958,0,0,0,0,0,0,0,0,11.6498407988713,0,4.17283785813733,0,5.8447347432375,0,0,0,0,0,0,0,0,0,0,0,0,30.3988698720932,0,0
0,2.74703049659729,0,0,0,2.75470209121704,0,0,0,3.49166870117188,0,0,0,3.07037962807549,0,2.91421775817871,0,0,0,0,0,0,0,0,0,3.57634425163269,0,0,0,0,0,0,0,0,0,0,0,0,0,0,0,0,0,0,0,0,0,0,0,0,0,3.92462573051453,0,0,0,0,0,0,0,5.8437934882111,0,0,0,0,0,0,0,0,5.49105503559113,0,8.26785201632399,0,0,0,0,0,0,0,0,0,0,0,3.45652752173574,0,0,0,0
0,0,0,22.271058400472,0,5.8784834693249,0,12.1898118865411,0,0,0,6.96385043600331,0,0,0,0,0,83.9187622070312,52.4954863956996,5.13584752481354,0,38.5073295235634,0,36.5914012908936,0,0,0,0,0,0,0,0,0,0,0,9.3947656149592,0,15.6912272998265,0,7.48413633270028,0,20.3756987123727,0,23.4273700714111,0,7.51402499601072,60.2291297912598,24.5508424585516,31.2136211395264,26.08384262069,0,43.2008323669434,0,0,0,0,0,10.3873730113751,0,0,0,0,0,0,41.8961211103734,0,30.0048503875732,0,0,0,20.9563894842913,0,18.8888636781339,0,36.0045585632324,0,60.6393585205078,0,11.3783802026605,91.4771423339844,24.0875170752847,0,10.4669162662936,7.16257834434509,10.6617880458117,14.59831936633,0
0,0,0,0,20.0138622283936,0,0,0,0,0,18.0544142023722,0,0,0,0,0,89.5888828701443,91.3635737101237,56.2548612523962,0,9.13260392453373,0,0,0,0,0,0,0,0,0,0,0,0,0,0,124.956317901611,19.4867542982916,0,20.6727504100896,99.4321365356445,23.9609386481128,0,37.9387657439228,0,53.8721395220075,127.479187011719,25.81602738983,36.4799759204571,33.2935593605041,0,13.9078851232723,0,13.0193920135498,0,0,0,13.5543750853915,0,15.516348657608,0,0,0,0,0,0,0,0,0,0,0,0,35.1775070687999,0,31.0242087164043,87.7229080200195,0,0,0,112.597990671794,20.9555748202601,0,19.0494160137924,26.005628027414,43.3028564453125,28.3192940327856,0,56.6138321269642
0,0,0,51.2889747619629,0,0,0,0,0,0,0,0,0,0,0,0,0,4.48726598262787,0,37.0880298614502,0,4.7495630281342,0,11.0020522799918,0,2.9533904393514,0,3.44519455432892,0,0,0,0,0,0,0,0,0,11.1699321892102,0,0,0,42.1863574981689,0,0,0,43.5376674107143,0,20.3643937671886,0,11.5174220689687,0,0,0,0,0,30.0977325439453,0,32.7341552528681,0,0,0,0,41.8961211103734,0,0,0,6.08389176522465,0,15.2227019134321,0,17.7990832481559,0,18.5757746696472,0,0,0,0,0,0,0,7.89207110693888,0,8.13423579830234,0,23.6307390728136,0,0
0,0,0,0,0,0,0,0,0,0,0,0,0,0,0,0,0,0,0,0,0,3.30615464846293,5.29539367124371,0,7.95453442846026,0,5.39318956028331,0,3.58392035961151,0,0,0,0,0,0,0,0,0,7.9749039846944,0,0,0,0,0,0,0,0,0,13.6322065300829,0,0,0,0,0,0,0,0,0,0,0,0,0,0,0,0,0,0,10.9790473077689,0,8.69586358810293,0,6.31469609520652,0,0,0,0,0,0,0,0,0,6.53369152608224,6.23696428356749,2.86683301925659,21.858033657074,0,0
0,5.20197584412315,0,0,0,0,0,0,0,3.5654694504208,0,0,0,0,0,0,0,7.58981148401896,0,0,0,6.77394804666782,0,4.07772552107905,0,2.9779945188953,0,0,0,0,0,0,0,0,0,0,0,6.55425231245033,0,0,0,0,0,0,0,0,0,0,0,7.36946151174348,0,0,0,0,0,3.25196568667889,0,18.1040984844339,0,0,0,0,30.0048503875732,0,6.08389176522465,0,0,0,5.73548299493268,0,8.71937743028005,0,0,0,0,0,18.9726791381836,0,0,0,6.77872749008884,0,4.63895580686372,0,6.42024891804426,0,0
0,0,0,0,0,0,0,0,4.60765150005435,0,0,0,0,0,0,0,24.7006363868713,0,0,0,0,0,14.2982596897882,0,5.14653728121803,0,7.20085614198332,0,0,0,0,0,0,0,0,0,0,0,4.9457383423924,0,0,0,0,0,0,0,0,0,7.15979221911212,0,0,0,0,0,6.75559765122393,0,0,0,0,0,11.6498407988713,0,0,0,0,10.9790473077689,0,0,0,6.20515965577985,0,6.03228489557902,0,0,0,0,0,0,0,0,0,6.12863838752644,7.99576336145401,0,8.8145237119258,0,0
0,0,0,0,0,0,0,0,0,0,0,0,0,0,0,0,0,5.96103760174343,0,0,0,8.94591018838702,0,7.58206896348433,0,3.16454832828962,0,2.91120076179504,0,0,0,0,0,0,0,0,0,0,0,0,0,0,0,0,0,0,0,0,0,5.3153639237086,0,0,0,0,0,0,0,5.48095989227295,0,4.52041743861304,0,5.49105503559113,0,0,15.2227019134321,0,5.73548299493268,0,0,0,4.67356541093869,0,0,0,0,0,0,0,0,0,0,0,3.31094536009957,0,0,0,0
0,0,0,0,0,0,0,0,3.84595933268147,0,0,0,0,0,2.73909648259481,0,0,0,0,0,0,0,14.1792963608452,0,6.83159443109977,0,3.68837948519774,0,5.841424147288,0,0,0,0,0,0,0,0,0,0,0,0,0,0,0,0,0,0,0,8.92036896485549,0,0,0,0,0,5.74400485200541,0,0,0,7.7770024032916,0,4.17283785813733,0,0,0,0,8.69586358810293,0,6.20515965577985,0,0,0,4.73671982838557,0,0,0,0,0,0,0,0,0,8.95189237594604,0,0,10.5019135773182,0,0
0,0,0,40.4635047912598,0,0,0,0,0,0,0,0,0,15.2822583516439,0,0,0,0,0,15.9370674133301,0,18.3518974979719,0,11.17638979962,0,3.13598155975342,0,4.37539965784228,0,0,0,0,0,0,0,0,0,10.7273545861244,0,0,0,29.1168627057757,0,0,0,24.694839589736,0,0,0,6.90129331459382,0,0,0,0,0,0,0,8.25455307307309,0,7.09495279162821,0,8.26785201632399,20.9563894842913,0,17.7990832481559,0,8.71937743028005,0,4.67356541093869,0,0,0,4.98381249441041,0,0,0,0,0,0,0,6.19324031308734,0,32.2717616558075,0,16.732484514573,0,0
0,0,32.7163054522346,0,0,0,0,0,40.2800025939941,0,18.9276933670044,0,2.93255734443665,0,0,0,0,134.994232177734,65.8162724304199,0,23.2408095911929,0,2.95349752902985,0,0,0,12.4088335037231,0,4.53614354133606,0,7.4374822974205,0,0,0,0,181.709381103516,53.575490134103,0,80.5336409807205,110.393981933594,55.4123546055385,0,29.9054205161481,0,36.1827774047852,0,53.3077386474609,0,17.582783866573,0,103.253952026367,0,0,0,0,0,10.6825103763791,0,6.68654959108795,0,5.8447347432375,0,0,35.1775070687999,0,6.31469609520652,0,6.03228489557902,0,4.73671982838557,0,0,0,7.09173935267772,0,0,0,0,139.85969543457,54.8012396267482,0,6.68628223817438,39.3450161952239,0,20.6315410352416,0,24.3957774120828
0,0,0,33.4175600538067,0,40.423583984375,0,0,0,0,0,6.64587873414505,0,0,0,0,69.6814002990723,75.6416931152344,34.7325111754397,9.76842641733131,0,15.339522600174,0,0,0,0,0,3.59502940177917,0,5.45708665661998,0,0,0,74.0286254882812,0,83.7302875518799,0,6.06090758035057,0,68.5886554718018,0,13.0953735317294,52.0530891418457,23.8897485278902,0,20.5991778356209,0,25.3594263924493,55.9773347377777,16.2778190787958,0,0,0,0,0,0,94.746452331543,7.99611448918828,88.52783203125,0,0,0,18.8888636781339,0,18.5757746696472,0,0,0,0,0,4.98381249441041,0,0,0,72.8893547058105,0,59.8479894002279,0,59.4328498092352,124.979751586914,8.67306592867161,0,41.9772880016229,0,17.2936328525988,21.4658408737183,0
28.372745513916,0,29.025009483099,76.7418365478516,43.1249656677246,0,0,0,0,0,9.30777223110199,0,0,0,0,0,70.1481878492567,92.5813369750977,48.4849036506985,0,18.6161618654845,0,0,0,0,0,0,0,4.5394561290741,0,6.16100642542995,0,0,0,0,113.115215301514,56.1490052736723,0,77.995954990387,0,50.6297906904078,45.5466537475586,17.9199377886347,0,35.162335395813,75.1660842895508,48.037886661032,69.658317565918,50.1928286084942,94.804801940918,38.9775371551514,0,0,0,0,0,9.46003820293983,0,38.1094578229464,0,0,0,0,31.0242087164043,0,0,0,0,0,0,0,7.09173935267772,0,0,0,0,96.9417037963867,0,108.400250752767,53.5234216630128,0,7.03973836169523,33.1997071463486,0,16.6982523118533,0,20.1901845415577
0,0,0,45.8220558166504,0,0,0,0,0,0,0,0,0,0,0,0,61.579839070638,0,53.9564078194754,0,0,0,0,0,0,0,0,0,0,0,0,4.40410195848906,5.48148218924034,4.97668070217659,0,13.1055868907029,14.1811765670776,0,0,28.116849873517,19.4133898417155,27.837894753234,94.0306339263916,40.4897518157959,0,27.9538034043222,0,7.07301657103871,18.0010329213636,24.2325317736753,0,0,0,0,0,0,0,0,0,0,0,0,36.0045585632324,87.7229080200195,0,0,0,0,0,0,0,0,72.8893547058105,0,0,6.21832301266771,6.25251178845115,0,13.3847968273332,21.5129598134972,14.3013896942139,0,15.1179571742261,30.5181563695272,34.4385255046726,0,0
0,0,0,0,0,0,0,0,0,0,0,0,0,0,0,0,0,0,0,0,0,0,0,0,0,0,0,0,0,0,0,6.92501973694058,4.10586080649609,10.0079345703125,3.78108010572546,0,4.96978964124407,0,0,0,0,0,0,0,0,0,0,4.69350283556971,5.62181393305461,0,0,0,0,0,0,0,0,0,0,0,0,0,0,0,0,0,0,0,0,0,0,0,0,0,6.21832301266771,0,0,4.43311649793154,0,8.34715091130516,0,0,6.02526773862979,0,0,0,0
0,0,0,0,0,0,0,0,0,0,0,0,0,0,0,0,71.6530208587646,0,57.0038296835763,0,0,0,0,0,0,0,0,0,0,0,0,5.80972766446638,5.87030744552612,4.46642888977274,6.01427626342667,15.900759434278,8.36921865746782,5.40275493109332,2.920296782539,16.8755814234416,23.1877136230469,30.8637507943546,0,35.5280787150065,0,25.7120124181112,0,6.7099359032176,20.3020247169163,9.94934717091647,0,0,0,0,0,0,0,0,0,0,0,0,60.6393585205078,0,0,0,18.9726791381836,0,0,0,0,0,59.8479894002279,96.9417037963867,6.25251178845115,0,0,6.29447603225708,11.5592012440754,24.8316361109416,5.01489721408095,0,7.68782908946047,30.2403628031413,28.1838968501371,0,0
0,0,0,0,0,0,0,0,0,0,0,0,0,0,0,0,0,0,0,0,0,0,0,0,0,0,0,0,0,0,0,0,5.73517253001531,4.23723315795263,4.34298635104541,0,3.1642050743103,0,5.9733856085575,0,0,0,0,0,0,0,0,4.43785623141697,4.84703016281128,0,0,0,0,0,0,0,0,0,0,0,0,0,0,0,0,0,0,0,0,0,0,0,0,0,0,4.43311649793154,6.29447603225708,0,0,6.27960501570814,0,5.3760808302728,4.59248978951398,0,0,0,0
