0,6.301122158189e-05,0.00487419634576428,0,0,0,0,0,0.150209217410604,0,0,0,0,0,0.00141646121452339,0,0.000557650879508689,7.55926408854937e-05,0.00418740963675028,0,0,0,0,0,0.000220481701553229,0,0,0,0,0,0,0,0,0,0,0,0.000200036757156783,0,0.000494236899169096,0.000360370575917535,0.00993066185396855,3.94127610840074e-05,0.0357199193836347,0,0,0,0.0307051884979647,2.2252718437304e-05,0.043454718405454,0,0,0,0,0,0.0285379204143551,0,0.000741563137779556,0,0,0,0.0222688937195382,0,4.95263293276912e-05,0.00531078112196111,0,0,0,0,0,0,0,0.00204256575059758,0,0.00865848804430827,0,0,0,0,1.73399933747247e-05,0.00343126624696538,1.26797773241642e-05,0.00272955335662361,0.00107220576585116,0,0.0474491994118977,0,0.00473302894198288
6.301122158189e-05,0,0,0.0161780249085828,0,0,0,0,0,0.0989758747594882,0,0,0,0,0,0.00125879243325352,0,6.51335253329567e-06,0.00176904815166824,0,0,0,0,0.00108663306316308,0,0,0,0,0,0,0,0,0,0,0,1.17570143360288e-05,0,0.000193278691394688,0,0.00828520278487181,0,0.0378082711097371,8.62706028135389e-06,0,0,0.00667133106439654,0,0,0,0.0385292677130777,0,0,0,0,0,0.0215388913132695,0,0.000658705590131212,0,4.49307870621074e-05,0,0.00562640404345541,0.00276272782517607,0,0,0,0,0,0,0,8.29592692026929e-05,0,0.00750548976831254,0,0,0,0,0,0.000262512991154618,9.13543901674724e-06,0.000161124808837785,0,0.00114072016367359,0,0.016491874319437,3.38473080393137e-05,0
0.00487419634576428,0,0,0,0.0202931601774016,0,0,0,0.083337732783528,0,0,0,0,0,0,0,0,0,0.000258701320068942,0,0.000230943537721066,0,0,0,0,0,0,0,0,0,0,0,0,0,0,0,0.0005220102041772,0,1.57431986850593e-05,6.83734158907889e-05,0.00300387042622027,9.86807926936452e-06,0.0141747220154063,0,0,0,0.00171712775992183,0,0.0210703744012699,0,0.0364287226605047,0,0,0,0.0247605277968879,0,0.00234133413831155,0,0.000316895141394496,0,0.0398645426893669,0,0,0.000793017347447854,0,0,0,0,0,0,0,0.000986201050740381,0,0.00204082719143248,0,0,0,0,2.54837334872439e-06,0.00064812066487052,0,3.06693656476296e-05,0.00103133454803911,0.000352061740055575,0.0219221399871471,0,0.000327871025985343
0,0.0161780249085828,0,0,0,0.00301630851024045,0,0,0,0.0744526268720272,0,0,0,0,0,0.0389006321517157,3.08428648668187e-05,6.84783350687109e-05,0.0005221053648683,0.00137077802896576,0,0,0,0,0,0,0,0,0,0,0,0,0,0,0,0.00201928205438885,0,8.94920567275971e-06,0,0.00228001473696669,0,0.0091087828715862,0.000130067820699895,0,0,0.00198665279632513,0.000322460057541022,0,0,0.0240487126632298,0,0.0452751520699203,0,0,0,0.02298141908295,0,0.00686756824727841,0,0.00386139901097071,0,0.0648644758931927,0.0147366075577581,6.67198505714091e-05,0,0,0,0,0,0,0.000566987351902987,0,0.0188160395555625,0,0,0,0,0,0.00165093213669421,1.85632027812067e-06,0.000182424661598261,0,0.0014225203490662,4.10507753358881e-05,0.0262597520121897,0.00050720480327107,0
0,0,0.0202931601774016,0,0,0,0,0,0.00306455567254801,0,0,0,0.00165739610006833,0,0.0219640177214814,0,0,0,0,0,0,0,0,0,0,0,0,0,0,0,0,0,0,0,0,0,0.000170442069243299,0,0,0,0,0,0,0,0,0,0,0,0,0,0.073766139022941,0,0,0,0.00221386072663577,0,0.00265276750114884,0,0.00988656813198825,0,0.0256592450426252,0,0,0,0,0,0,0,0,0,0,0,0,0,0,0,0,0,0,0.000115598469950576,0,0,0.0016188480012729,1.91341716091924e-05,0.000329215872901257,0,0
0,0,0,0.00301630851024045,0,0,0,0,0,0.0120439934183042,0,0,0,0.000896353077485109,0,0.0083919981727149,0,0,0,0.0229542116447023,0,0,0,0,0,0,0,0,0,0,0,0,0,0,0,0.00021014931976814,0,6.277442400809e-06,0,0.000271001204800479,0,0.000322269744186568,0,0,0,0,0,0,0,0.00068706203107971,0,0.125325536929551,0,0,0,0.000177531573957238,0,0.000439682044994138,0,0.000996498895598512,0,0.0263782233966796,0.000860560728025041,0,0,0,4.81571951524117e-05,0,0,0,0,0,0.000484295245851172,0,0,0,0,0,0.000173670209633488,0,2.98101467594632e-06,0,0.00326392436946183,0.000262719948368944,0.00430744739387958,0,0
0,0,0,0,0,0,0,0,0,0,4.35630258203588e-05,0,0.0087318214549874,0,0,0,0,0,0,0,0.00242855028251454,0,0,0,0,0,0,0,0,0,0,0,0,0,0,0,1.07189536569767e-05,0,0,0,0,0,0,0,0,0,0,0,0,0,0,0,0.0298557731515685,0,0,0,0.00113826700417158,0,0.0107044973341313,0,0,0,0,0,0,0,0,0,0,0,0,0,0,0,0,0,0,0,0,1.09584445173927e-05,0,0,0.000183679962992773,0,0,0,0
0,0,0,0,0,0,0,0,0,0,0,0.000966686999167238,0,0.00682240998744902,0,0,0,0,0,0.000529188284464077,0,0,0,0,0,0,0,0,0,0,0,0,0,0,0,0,0,0,0,0,0,0,0,0,0,0,0,0,0,0,0,0.0117461620467691,0,0.00241443120169688,0,0,0,0.00283206158624946,0,0.00293958439241887,0,0,0,0,0,0,0,0,0,0,0,0,0,0,0,0,0,0,0,0,0,0,0.00100253283654485,4.28154427915177e-05,0,0,0
0.150209217410604,0,0.083337732783528,0,0.00306455567254801,0,0,0,0,0,0,0,0,0,0.0393053412866728,0,0.00836157507756592,2.24610157063322e-05,0.000936088571750005,0,0,0,0,0,0.0805427807678353,0,0.00728937610903652,0,0,0,0,0,0,0,0,1.65194152038087e-06,9.79078583221817e-05,0,0.000448634182803471,0,8.16693654767842e-05,0,0.0136155123166922,0,0,0,0.000509267489441801,0,0.0362351676710894,0,0.00147812326495741,0,0,0,0.119210096900178,0,0.00307595586061985,0,0.00225293288103422,0,0.0690558555653873,0,0,0.000175869461812111,0,0,0,0.00155344819896801,0,0.000322982120583318,0,0.00186694296885949,0,0.0049367575516765,0,0,0,0,0,7.47168646528754e-05,0,0.000120732866817221,0.00627237562114947,0.000142546854030196,0.00620978904314398,0,0.00287597987714034
0,0.0989758747594882,0,0.0744526268720272,0,0.0120439934183042,0,0,0,0,0,0,0,0,0,0.0990464268001278,9.50791000077214e-05,0.000599720813433254,0.00993992711105307,0,0,0,0,0.0184962970672739,0,0,0,0,0,0,0,0,0,0,0,3.79113675896496e-05,0,0.001212315622823,0,0.0019409523298944,0,0.000969406743411851,0,0,0,0.00176762764454193,1.51419440939064e-05,0,0.000195492653714754,0.0155443193891381,0,0.00165978840860331,0,0,0,0.167368264135072,0,0.000226700615711313,0,0,0,0.0850405422956685,0,0,0,0,0.0172230047947919,0,0,0,0,0,0.00212665001496701,0,0,0,0,0,0.000417245311110535,0,0.00133193560013764,0,0.00550369717835517,2.23616878017763e-05,0.00356001207944511,0,0
0,0,0,0,0,0,4.35630258203588e-05,0,0,0,0,0,0.00930676547952829,0,0,0,0,0,0,0,0.0130257834369588,0,0,0,0,0,0,0,0.00200746736904481,0,0.0165881784456508,0,0,0,0,0,0.00157811035491292,0,0.00379874153670457,0,0,0,0,0,0,0,0,0,0,0,0,0,7.50813858379552e-05,0,0,0,0.217008685379987,0,0.0128417687036953,0,0,0,0,0.000239870992873828,0,0,0,0,0,0,0,6.73059321140616e-05,0,0.00257838822201554,0,0,0,0,0,3.18125432390887e-05,0,0.000571128118065603,0.0016526715264652,0,0,0,0
0,0,0,0,0,0,0,0.000966686999167238,0,0,0,0,0,0.00845887157641231,0,0,0,0,0,0.0385057852423783,0,0,0,0,0,0,0,0.000506141935284614,0,0.0086013226629905,0,0,0,0,0,0.00307449164649802,0,0.0148184775078366,0,0,0,0,0,0,0,0,0,0,0,0,0,6.54465210686139e-05,0,0,0,0,0,0.158169831941288,0,0.0125754739452008,0,0,0.0119486885622885,0,0,0,0,0,0,0,3.66079111699946e-05,0,0.00401067470281288,0,0,0,0,0,0.000395677979091578,0,0.000438651043789114,0,0.00366536669499994,0,0.00131208853521698,0,0
0,0,0,0,0.00165739610006833,0,0.0087318214549874,0,0,0,0.00930676547952829,0,0,0,0.000591313094871008,0,0,0,0,0,0,0,0,0,0,0,0,0,0.00136716919610772,0,0.000702053177240003,0,0,0,0,0,0,0,0,0,0,0,0,0,0,0,0,0,0,0,0,0,5.56287804711012e-05,0,0,0,0.00495017084086925,0,0.0262337964572468,0,0,0,0,0,0,0,0,0,0,0,0,0,0,0,0,0,0,0,0,0,0,0,0.000401781400349686,2.8131214548921e-05,0,0,0
0,0,0,0,0,0.000896353077485109,0,0.00682240998744902,0,0,0,0.00845887157641231,0,0,0,0.00864250758825036,0,0,0,0,0,0,0,0,0,0.00143855060799369,0,8.96177807589993e-05,0,0,0,0,0,0,0,0,0,0,0,0,0,0,0,0,0,0,0,0,0,0,0,0,0,0.0112177026963697,0,0,0,6.1866246767019e-05,0,0.0971358390227194,0,0.00167202894870731,0,0,0,0,0,0,0,0,0,0,0,0,0,0,0,0,0,0,0,0,0.00303382453789192,0.00383452600133262,0,0,0
0.00141646121452339,0,0,0,0.0219640177214814,0,0,0,0.0393053412866728,0,0,0,0.000591313094871008,0,0,0,0.000401912598631158,0,0,0,0,0,0,0,0,0,0.00293687968979397,0,0,0,0,0,0,0,0,0,0,0,0,0,0,0,0,0,0,0,0,0,0,0,0.00430210445273084,0,0,0,0.0081828589293897,0,0,0,0.000154219844262116,0,0.0806059767992122,0,0,0,0,0,0,0,0,0.00553338480955339,0,0,0,0,0,0,0,0,0,0,0,0,0.00119682879659162,8.27622284395714e-05,0,0,0
0,0.00125879243325352,0,0.0389006321517157,0,0.0083919981727149,0,0,0,0.0990464268001278,0,0,0,0.00864250758825036,0,0,0,6.69593983648815e-05,0,0,0,0,0,0.000700649237797291,0,0.00931040942927146,0,0,0,0,0,0,0,0,0,0,0,4.47762537347678e-05,0,9.18887785882083e-05,2.23832952113666e-05,0.000110721778247347,0,0,0,0,0,0,0,0.00199740495554715,0,0.00693776175241367,0,0,0,0.0100195295236711,0,7.31939528599164e-05,0,0.00657657395267013,0,0.0743998475048037,0,0,0,0,0.000542391778488889,0,0.0103717742415312,0,2.0735699580357e-05,0,0.000439895746854487,0,0,0,0,0,7.3867284342586e-06,0,4.20731434456201e-05,0,0.000401511893626737,0,0.000328576135680266,0,0
0.000557650879508689,0,0,3.08428648668187e-05,0,0,0,0,0.00836157507756592,9.50791000077214e-05,0,0,0,0,0.000401912598631158,0,0,0.219803894595262,0.0602093104100491,0,0,5.00574595490356e-05,0.00186505759264867,0.000104055830845497,0.0247640041566035,0.000363741916095871,0.000883339878161866,0,5.63548168660112e-05,0,0,0,0,0,0,9.29882823042842e-05,0.000115111309197646,0,4.64853029825577e-05,0.00463750248856195,0.00135951379420191,0.00118597286441402,0.00161012676879519,4.7870190151418e-05,5.10200004921114e-05,0.00139025457635737,0.00523175236788841,0,2.88848063910822e-05,0,0,0,0,0,0.000168884435727695,0,1.18932404044049e-05,2.28599344468403e-05,0,0,1.30179249031297e-05,0,0.000443488744583007,0.000832694253046678,0,1.63363311906316e-05,0.00017867123903292,0.000101147550986997,0,0,3.36306513782756e-05,3.63956760306624e-05,0.000261687053739079,0.000333002426361189,0,0,0,0,0.000990436145341765,0.00160073790340534,0.000464950959618304,0.000358319140870612,0.0294160542442999,0.00529293410778233,0.0033616467827757,0.000669181927946711,0.000343098166707014
7.55926408854937e-05,6.51335253329567e-06,0,6.84783350687109e-05,0,0,0,0,2.24610157063322e-05,0.000599720813433254,0,0,0,0,0,6.69593983648815e-05,0.219803894595262,0,0.0720120278754037,0,0,0.0013573848136419,0,0.00414393904458919,0,0.0191085700535264,0,0,0,0,0,0,0,0,0,0.000100798498238734,1.65679292732954e-05,0,0,0.00854902339973671,0.000528262268620701,0.0033014776284064,0.000635665286837285,0,4.55444155761174e-05,0.0030315341868863,0.00196129080302153,0,3.09193462414731e-05,1.42511750136085e-05,0,4.41026577267857e-05,0,0,0,1.39778030284665e-05,3.47329822918875e-06,5.71377310924579e-05,0,0,0,5.026849289909e-06,0.000885947600658581,0.000299811000075199,0,0,0.00214799947490979,0,0.00029448189880181,0,1.61343159699285e-05,2.05041497096778e-05,0.000505683086536303,1.47162288256212e-05,0,0,0,0,0.00151139485022307,0.000525870671401439,0.000694000303477535,0.000153962811677668,0.0275338024107344,0.0228053678314493,0.00371596277359792,0.00166485449103346,2.08180321897633e-05
0.00418740963675028,0.00176904815166824,0.000258701320068942,0.0005221053648683,0,0,0,0,0.000936088571750005,0.00993992711105307,0,0,0,0,0,0,0.0602093104100491,0.0720120278754037,0,0,0,2.61834247110727e-05,0,0.000304476780723365,0,0.000219844812303159,0,0,0,0,0,0,0,0,0,0.000523032228735717,0.000288126303202183,8.49700661729484e-06,0.000167969782148184,0.0622567941566962,0.0132663299993765,0.0178693849091939,0.0233532544985159,0.0005472599562185,0.000743936384599738,0.021446901930643,0.0369846781747155,0,0.000379617909003226,6.17766281654521e-05,0,0.000187488603235639,0,0,0.000144583342062003,0,0.000156100306323195,0.00050885094947763,0,8.73347762118731e-05,0,3.23489089894988e-05,0.00624637660427415,0.00829877241554399,0,0,7.14699736884556e-05,0,0,0,4.04102998939506e-05,0.000832373035788026,0.0050780721003906,0.0022095037944213,0,0,0,0,0.00916304252585747,0.00785127604836157,0.00449847704806029,0.00280156815022725,0.0200252407262663,0,0.0350025607200803,0.0101247782189941,0.00547795428554144
0,0,0,0.00137077802896576,0,0.0229542116447023,0,0.000529188284464077,0,0,0,0.0385057852423783,0,0,0,0,0,0,0,0,0,0,0,0,0,0,0,0,0,0,0,0,0,0,0,0.00608146618074103,0,8.30668568078244e-05,0,0,0,4.85613253319167e-05,0,0,0,0.00505474842719497,0,0,0,0.000155353152225006,0,0.00256867281885372,0,0,0,0,0,0.0161214810527209,0,4.12700191705162e-05,0,0,0.198180783722456,0,0,0,0,0,0,0,0,0,0,0,0,0,0,0,0.00317880822961447,0,1.88301530174159e-05,0,0.00221287636917868,0,0.00548661110710433,0,0
0,0,0.000230943537721066,0,0,0,0.00242855028251454,0,0,0,0.0130257834369588,0,0,0,0,0,0,0,0,0,0,0,0,0,0,0,0,0,0,0,0,0,0,0,0,0,0.00974848982588472,0,0.00319313904834896,0,0,0,1.97152989717282e-05,0,0,0,0.00380128152810843,0,0,0,0,0,0.00102837005003585,0,0,0,0.0133837854417342,0,0,0,0,0,0,0.156852232680836,0,0,0,0,0,0,0,0,0,0.000987273813116348,0,0,0,0,0,0.0024843330606229,0,0.000671876909538217,0.0031962035875062,0,0.0128359280779186,0,0
0,0,0,0,0,0,0,0,0,0,0,0,0,0,0,0,5.00574595490356e-05,0.0013573848136419,2.61834247110727e-05,0,0,0,0.00311259143129397,0.00156967898521192,0,0.0012840939754108,0,0.000457088478183651,0,0,0,0,0,0,0,0,0,0.0159137654257618,0,1.39452783736176e-05,0,0,0,0,0,0,0,0,0,0.000597416692243206,0,0,0,0,0,0,0,0,0,0,0,0,0,0,0.0785797933861882,0.00148250416717177,0.00164153450294298,0,0.00204807644740462,0,3.49522293975262e-05,0,0,0,0,0,0,0,0,0,0.00368790240285814,0,0.00583606308519486,0.000623011009312984,0,0,0
0,0,0,0,0,0,0,0,0,0,0,0,0,0,0,0,0.00186505759264867,0,0,0,0,0.00311259143129397,0,0,0.00409943441501519,0,0.00138721407001363,0,0.00205461560027162,0,0,0,0,0,0,0,0,0,0.0111063408871146,0,0,0,0,0,0,0,0,0,0.000858685352594644,0,0,0,0,0,0,0,0,0,0,0,0,0,0,0,0,0.0729626901125591,0,0.000467870853448436,0,0.000430402793715075,0,0,0,0,0,0,0,0,0,0,0,0.00217128157258117,0.00330999975549228,0.00136392803478857,0,0,0
0,0.00108663306316308,0,0,0,0,0,0,0,0.0184962970672739,0,0,0,0,0,0.000700649237797291,0.000104055830845497,0.00414393904458919,0.000304476780723365,0,0,0.00156967898521192,0,0,0,0.0374667557723974,0,0,0,0,0,0,0,0,0,0,0,0.00272980492519087,0,0,0,0,0,0,0,6.92947056198457e-05,0,0,0,0.00203903686903212,0,0,0,0,0,0.0613105473962495,0,0,0,0,0,0.0227809236117973,0,0,0.00332526450573986,0,0.167782202931698,0,0.0457725505157943,0,0,0,0,0,0,0,0,0,0,0,0.00192665628828412,0,0.00438560801416477,0,0.000364573803254831,0,0
0.000220481701553229,0,0,0,0,0,0,0,0.0805427807678353,0,0,0,0,0,0,0,0.0247640041566035,0,0,0,0,0,0.00409943441501519,0,0,0,0.109384412154095,0,0,0,0,0,0,0,0,0,0,0,0.0145062890880926,0,0,0,4.18198260213119e-05,0,0,0,0,4.39118663720199e-05,3.76303088750777e-05,0,0,0,0,0,0.131097811907241,0,0,0,0,0,0,0,0,0,0,0.00473934147480132,0,0.133579624027686,0,0.056437414044458,0,0,0,0,0,0,0,0,0,0,0,0.000744201762154652,0.00176431283347213,0,0,0,0
0,0,0,0,0,0,0,0,0,0,0,0,0,0.00143855060799369,0,0.00931040942927146,0.000363741916095871,0.0191085700535264,0.000219844812303159,0,0,0.0012840939754108,0,0.0374667557723974,0,0,0,0.0108795418993421,0,0,0,0,0,0,0,1.577584950518e-06,0,0,0,0,0,0,0,0,0,0,0.000102139591437204,0,0,0,0,0,0,0,0,0,0,0,0,0,0,0.000642432036206264,0,0,0,0,0.000172309810295701,0,0.139445133851505,0,0.00242811925009403,0,0,0,0,0,0,0,0,1.2330412073315e-05,0,0,0.000596920841881409,0,0,0,0
0,0,0,0,0,0,0,0,0.00728937610903652,0,0,0,0,0,0.00293687968979397,0,0.000883339878161866,0,0,0,0,0,0.00138721407001363,0,0.109384412154095,0,0,0,0.000494501104577143,0,0,0,0,0,0,0,0,0,0,0,0,0,0,0,0,0,0,0,0,0,0,0,0,0,0.000345590000296558,0,0,0,0,0,0,0,0,0,0,3.61578640877269e-05,0,0,0,0.036635053592442,0,0,0,0,0,0,0,0,0,0,0,0,0.0012220329718694,0,0,0,0
0,0,0,0,0,0,0,0,0,0,0,0.000506141935284614,0,8.96177807589993e-05,0,0,0,0,0,0,0,0.000457088478183651,0,0,0,0.0108795418993421,0,0,0,0.000586550305537311,0,0,0,0,0,0,0,0.000293293357978795,0,0,0,0,0,0,0,0,0,0,0,0,0,0,0,0,0,0,0,0.00254247607232824,0,0.0135492703193171,0,0,0,0,0,0,0,0,0.00547311888807583,0,0.0257803538047413,0,0,0,0,0,0,0,0,0,0,0,0.000316223382753457,3.28845499097952e-05,0,0,0
0,0,0,0,0,0,0,0,0,0,0.00200746736904481,0,0.00136716919610772,0,0,0,5.63548168660112e-05,0,0,0,0,0,0.00205461560027162,0,0,0,0.000494501104577143,0,0,0,0.00493699544190568,0,0,0,0,0,0,0,0.00052441794012912,0,0,0,0,0,0,0,0,0,0,0,0,0,0,0,0,0,9.85634948301965e-06,0,0,0,0,0,0,0,0,2.58277796092443e-05,0,0,0,0,0,0.0215971320648081,0,4.60235652787271e-05,0,0,0,0,0,0,0,1.25115768658734e-05,0.000338965262789288,0.000239181410021521,0,0,0
0,0,0,0,0,0,0,0,0,0,0,0.0086013226629905,0,0,0,0,0,0,0,0,0,0,0,0,0,0,0,0.000586550305537311,0,0,0,0,0,0,0,0,0,0.000309699988715604,0,0,0,0,0,0,0,0,0,0,0,0,0,0,0,0,0,0,0,0.00439656901877179,0,0,0,0,0,0,0,0,0,0,0,0,0.00285561426381162,0,0.0332840734356693,0,0,0,0,0,0,0,0,0,0.000154622976596207,0,0,0,0
0,0,0,0,0,0,0,0,0,0,0.0165881784456508,0,0.000702053177240003,0,0,0,0,0,0,0,0,0,0,0,0,0,0,0,0.00493699544190568,0,0,0,0,0,0,0,0,0,0.00255650432644904,0,0,0,0,0,0,0,0,0,0,0,0,0,0,0,0,0,0.00408684745905331,0,0,0,0,0,0,0,0,0,0,0,0,0,0,0,0,0.056353444664539,0,0,0,0,0,0,0,9.53575717777585e-05,0.000410862427774377,0,0,0,0
0,0,0,0,0,0,0,0,0,0,0,0,0,0,0,0,0,0,0,0,0,0,0,0,0,0,0,0,0,0,0,0,0.132869748863696,0.00327134385286211,0,0.00418971343939089,0.000152861718517269,0,0,0,0.000307378678140771,0,0,0,0,0,0,0.0305005568811462,0.00523528655632936,0.000310541135741624,0,0,0,0,0,0,0,0,0,0,0,0,0,0,0,0,0,0,0,0,0,0,0,0,0.0627377272733489,0.0234998626664635,0.00647638295608309,0,0.00201607803860888,0.00016176968383381,0,0,0.00141829179368826,0,0,0,0
0,0,0,0,0,0,0,0,0,0,0,0,0,0,0,0,0,0,0,0,0,0,0,0,0,0,0,0,0,0,0,0.132869748863696,0,0,0.0057783897364669,4.96183909572006e-05,8.05934686191575e-05,0,0,0,0,0,0,0,0,0,0,0.0120485637402783,0,0,0,0,0,0,0,0,0,0,0,0,0,0,0,0,0,0,0,0,0,0,0,0,0,0,0.000300360536506134,0.175635281625858,0,0.000343064139371203,0,0.00130463182302103,0,0,0.000438900838486644,0,0,0,0
0,0,0,0,0,0,0,0,0,0,0,0,0,0,0,0,0,0,0,0,0,0,0,0,0,0,0,0,0,0,0,0.00327134385286211,0,0,0.0658757955366514,0.00416057560417639,0,1.01017592737344e-05,0.000969321434821302,0,0,0,0,0,0,0,0,0.0972964780215584,0.0003301047901615,3.31949045646309e-05,0,0,0,0,0,0,0,0,0,0,0,0,0,0,0,0,0,0,0,0,0,0,0,0,0.000204401606890574,0,0.304929358411775,0.0960696249351793,0.000847976326826111,0,0.00301635958009587,4.36984065412652e-05,0.00138272291536164,1.14911163109355e-05,0,0,0
0,0,0,0,0,0,0,0,0,0,0,0,0,0,0,0,0,0,0,0,0,0,0,0,0,0,0,0,0,0,0,0,0.0057783897364669,0.0658757955366514,0,0,0.00169547130152964,0.000438728521606055,0.00144172601169947,0,0,0,0,0,0,0,0,0.0820185620401384,0.000204923955597577,0.000283478907406315,0,0,0,0,0,0,0,0,0,0,0,0,0,0,0,0,0,0,0,0,0,0,0,0,0,0.0101145737022618,0.00367514819516352,0.410309315432862,0,0.00207499062670463,4.44092586150294e-05,0.00697205215819562,0.000403486253571176,0,0,0,0
0,1.17570143360288e-05,0,0.00201928205438885,0,0.00021014931976814,0,0,1.65194152038087e-06,3.79113675896496e-05,0,0.00307449164649802,0,0,0,0,9.29882823042842e-05,0.000100798498238734,0.000523032228735717,0.00608146618074103,0,0,0,0,0,1.577584950518e-06,0,0,0,0,0,0.00418971343939089,4.96183909572006e-05,0.00416057560417639,0,0,0.00576899041417074,0.0128523187943564,0,0.000155195807945583,2.26677468573188e-05,0.000343070390355663,1.41201443449645e-05,7.19260332299925e-06,0,0.000679542022713164,2.46187558853503e-05,0.00527687407325683,8.49401900313972e-06,0.000164073941047438,0,0.00282522593736287,0,0,0,0,0,0.00421121259648259,0,6.99607014033203e-05,0,7.94164134917589e-05,0.00972560134446478,2.26683944541247e-05,0,0,0,0,0,0,0,0,6.5646252849998e-06,0,0.00317585926571269,4.85137272881455e-05,0.00126016508535595,0,0.140046800163648,0.00441972491697697,0.00407796892237856,6.64058547122887e-06,0.0160820850827104,0.00199214699612922,0.00140747988682002,0.000112548177660068,0
0.000200036757156783,0,0.0005220102041772,0,0.000170442069243299,0,1.07189536569767e-05,0,9.79078583221817e-05,0,0.00157811035491292,0,0,0,0,0,0.000115111309197646,1.65679292732954e-05,0.000288126303202183,0,0.00974848982588472,0,0,0,0,0,0,0,0,0,0,0.000152861718517269,8.05934686191575e-05,0,0.00169547130152964,0.00576899041417074,0,0,0.0137018035149021,4.88568301888573e-06,2.17882455549207e-05,3.35693811245444e-06,0.000257650721888411,0,1.12257686371083e-06,2.41726498715295e-05,0.000734741148377043,8.06223685943381e-05,4.8532686215435e-06,0,3.89672299607919e-05,0,0.000383999229463595,0,0,0,0.00190871425779779,0,3.40625857991511e-05,0,0.000135520328582609,0,0,0.00330624631790829,0,0,0,0,0,0,0,0,0,9.31020107856168e-06,0,0.000598898306436745,0,0.00020161348404699,0.00117251895088176,0.103729120905306,0,0.0136686585444336,0.00628416006911211,0.00226762996599137,0.00169579878681931,0,3.05275702011408e-05
0,0.000193278691394688,0,8.94920567275971e-06,0,6.277442400809e-06,0,0,0,0.001212315622823,0,0.0148184775078366,0,0,0,4.47762537347678e-05,0,0,8.49700661729484e-06,8.30668568078244e-05,0,0.0159137654257618,0,0.00272980492519087,0,0,0,0.000293293357978795,0,0.000309699988715604,0,0,0,1.01017592737344e-05,0.000438728521606055,0.0128523187943564,0,0,0.00498810952308141,2.55455917882444e-06,0,8.79072510679279e-05,0,0,0,0.000546960418355304,0,0.00628807271515243,3.01404336389572e-05,0.00734729987027008,0,0,0,0,0,0.00107761650157304,0,0.00413388545687595,0,0,0,5.25064391981031e-06,0.000567622446794122,0,0.00815927917975802,4.45207705843695e-06,0.00370132281753199,0,0,0,0.000195263225692514,0,0,0,0,0,0,0,0.00448937034069245,0,0.0684285614373506,0.000991849622730689,0.00754143422925405,7.30596638065809e-05,0.00137522018841948,0,0
0.000494236899169096,0,1.57431986850593e-05,0,0,0,0,0,0.000448634182803471,0,0.00379874153670457,0,0,0,0,0,4.64853029825577e-05,0,0.000167969782148184,0,0.00319313904834896,0,0.0111063408871146,0,0.0145062890880926,0,0,0,0.00052441794012912,0,0.00255650432644904,0,0,0.000969321434821302,0.00144172601169947,0,0.0137018035149021,0.00498810952308141,0,2.40658828752719e-06,4.24330550731738e-06,1.03000937015384e-05,0.00033579028071703,0,1.77296579499688e-06,0,0.00198822088527274,0.025525793078207,0.00314814587982229,0.000845641275774011,0,0,0,0,5.43549470735996e-05,0,0.000573555905803522,0,0,0,0,0,0,0.0067591676192135,0,0.00496149679857074,0,0.0103700224432976,0,0,0,3.50093665026386e-06,0,0.000128821093096067,0,0,0,0.000370222478190559,0,0.0104972698176092,0.000300542138929282,0.109866383527509,0.00883476577007954,0.00027371758672858,0.000719857118234383,0,0
0.000360370575917535,0.00828520278487181,6.83734158907889e-05,0.00228001473696669,0,0.000271001204800479,0,0,0,0.0019409523298944,0,0,0,0,0,9.18887785882083e-05,0.00463750248856195,0.00854902339973671,0.0622567941566962,0,0,1.39452783736176e-05,0,0,0,0,0,0,0,0,0,0,0,0,0,0.000155195807945583,4.88568301888573e-06,2.55455917882444e-06,2.40658828752719e-06,0,0.00113333447174227,0.122040339573361,0.000751084315327193,0.00615450954961188,0,0.0245702134049174,0.00377719425146363,0,0,0.00437255552275809,0,0.00100606635899253,0,0,0,0,1.06933989267159e-05,0.00108970524227624,0,0,0,0.000387401845578495,0.00456445510146888,0.000660598441829756,0,0,0,0,0,0,0.000226304632097371,6.93274137547042e-06,0.00521093722375351,2.87818951529898e-05,0,0,0,0,0.00322293933076538,0.000302220941250775,0.00131575033904909,0.00011091357840328,0.00393017301185012,0,0.0236439863044129,0.0354861355243672,0.000136365788003343
0.00993066185396855,0,0.00300387042622027,0,0,0,0,0,8.16693654767842e-05,0,0,0,0,0,0,2.23832952113666e-05,0.00135951379420191,0.000528262268620701,0.0132663299993765,0,0,0,0,0,0,0,0,0,0,0,0,0.000307378678140771,0,0,0,2.26677468573188e-05,2.17882455549207e-05,0,4.24330550731738e-06,0.00113333447174227,0,0.000161436248137222,0.0190574360712932,0,0.000591028339120099,0.000487469224388959,0.00555057774122802,0.0326025211855986,0.13609275860899,0.0229183074083054,0,0,0,0,0,0,0.000130747524942754,0,0,0,0,0,0,0.00129752775282663,0,0,0,0,0,0,0,0.000175551802488052,8.8922966839395e-05,0.000714022971924213,6.34580785585214e-05,1.97040332282502e-05,0,0,0.000108686337366382,0.00410918129683022,9.38524011007602e-06,0.000229455666757873,0.00156932763727226,0,0.0134739072434009,0.00029260426912616,0.0133031490508165
3.94127610840074e-05,0.0378082711097371,9.86807926936452e-06,0.0091087828715862,0,0.000322269744186568,0,0,0,0.000969406743411851,0,0,0,0,0,0.000110721778247347,0.00118597286441402,0.0033014776284064,0.0178693849091939,4.85613253319167e-05,0,0,0,0,0,0,0,0,0,0,0,0,0,0,0,0.000343070390355663,3.35693811245444e-06,8.79072510679279e-05,1.03000937015384e-05,0.122040339573361,0.000161436248137222,0,0.002749342903473,0.00134679270268497,1.2137103643662e-05,0.00621288980673106,0.000892283643803697,0.00114187431083198,0.00206546433855328,0.0417008492168116,0,0.0016475683656038,0,0,0,0.00172312778153205,0,0.00817125520797879,0,0.0001871569233248,0,0.0011663222578694,0.00916036228299251,0.000272703009407387,0,0,0,0,0,0,0.000459148889301736,3.41677942034749e-05,0.0299773820304387,0.000128510937665988,0,0,0,0,0.00584543371523041,0.000107691793006686,0.00138582927823049,5.7436378704556e-05,0.0110998925967038,0,0.0586195657144073,0.0204417446903876,6.27016676915376e-05
0.0357199193836347,8.62706028135389e-06,0.0141747220154063,0.000130067820699895,0,0,0,0,0.0136155123166922,0,0,0,0,0,0,0,0.00161012676879519,0.000635665286837285,0.0233532544985159,0,1.97152989717282e-05,0,0,0,4.18198260213119e-05,0,0,0,0,0,0,0,0,0,0,1.41201443449645e-05,0.000257650721888411,0,0.00033579028071703,0.000751084315327193,0.0190574360712932,0.002749342903473,0,1.09076772959273e-05,0.00358572168939926,0.000342004925203035,0.0968091473406291,0.00302636362190181,0.0477934051252394,0.00256489445186899,0,0,0,0,0.00390989029843677,0,0.00207920531570467,8.65290261813339e-06,0,0,0.00410168201059365,0,2.65213172106808e-05,0.0230936337754861,0,0,0,3.95280695144789e-05,0,0,6.77199581462177e-06,0.00304136543273843,3.48287848957972e-05,0.0103072867647924,0,0,0,0,8.7306652447314e-05,0.00701635457104366,2.90104658607064e-05,0.00144568117556892,0.0113101717779684,1.23977658665984e-06,0.0640902386023769,0.000130592474492366,0.0119897500611654
0,0,0,0,0,0,0,0,0,0,0,0,0,0,0,0,4.7870190151418e-05,0,0.0005472599562185,0,0,0,0,0,0,0,0,0,0,0,0,0,0,0,0,7.19260332299925e-06,0,0,0,0.00615450954961188,0,0.00134679270268497,1.09076772959273e-05,0,0,0.000596608503083027,0,0,0,0,0,0,0,0,0,0,0,2.26917430621071e-05,0,0,0,0,0.000620003326765848,0,0,0,0,0,0,0,0,0,0.000358255775202946,0,0,0,0,0,0.0002462223443848,1.20051697429349e-06,2.5719937121559e-05,0,1.57117720809368e-05,0,0.000362590638882981,0.00047699310272284,0
0,0,0,0,0,0,0,0,0,0,0,0,0,0,0,0,5.10200004921114e-05,4.55444155761174e-05,0.000743936384599738,0,0,0,0,0,0,0,0,0,0,0,0,0,0,0,0,0,1.12257686371083e-06,0,1.77296579499688e-06,0,0.000591028339120099,1.2137103643662e-05,0.00358572168939926,0,0,0,0.000380084770782458,0,0,0,0,0,0,0,0,0,0,0,0,0,0,0,0,0.000234436859962256,0,0,0,0,0,0,0,1.37184808381e-05,0,0,0,0,0,0,0,3.09214011111213e-05,0,1.80189389833794e-05,3.02087352127155e-05,0,0.000268554152367657,0,0.00185412689433047
0,0.00667133106439654,0,0.00198665279632513,0,0,0,0,0,0.00176762764454193,0,0,0,0,0,0,0.00139025457635737,0.0030315341868863,0.021446901930643,0.00505474842719497,0,0,0,6.92947056198457e-05,0,0,0,0,0,0,0,0,0,0,0,0.000679542022713164,2.41726498715295e-05,0.000546960418355304,0,0.0245702134049174,0.000487469224388959,0.00621288980673106,0.000342004925203035,0.000596608503083027,0,0,0.00160603372575157,0,0,0.000476299803094543,0,8.02552178603261e-05,0,0,0,0,0,0.00168063745815224,0,0,0,1.6890087827751e-05,0.0824370277635132,0.000335609174895383,0,0,0,0,0,0,8.02214762252289e-05,0,0.00548464168804747,5.45772676467148e-05,0,0,0,0,0.00794341834081493,0.000301221447858006,0.0132836804027303,4.54986531536885e-05,0.00176976421763224,0,0.0231654034580618,0.000317757108798455,0.000352969669743242
0.0307051884979647,0,0.00171712775992183,0.000322460057541022,0,0,0,0,0.000509267489441801,1.51419440939064e-05,0,0,0,0,0,0,0.00523175236788841,0.00196129080302153,0.0369846781747155,0,0.00380128152810843,0,0,0,0,0.000102139591437204,0,0,0,0,0,0,0,0,0,2.46187558853503e-05,0.000734741148377043,0,0.00198822088527274,0.00377719425146363,0.00555057774122802,0.000892283643803697,0.0968091473406291,0,0.000380084770782458,0.00160603372575157,0,0,0.00167012693357727,0,0,0,0,0,0.00026416294672417,0,0.000937878321627744,5.3252080275111e-06,0,0,0.000174085140177885,0,0.00088738283519369,0.115592358690737,0,0,0,0,0,0,2.71677985973565e-05,0.00132514211539537,0.000125232707778775,0.00489748168368522,0,0,0,0,0.000355360384278527,0.00837916827520837,5.7537613754934e-05,0.00615252752709791,0.00369205255064872,1.17932784522033e-05,0.0416903605830963,0.000396491409927917,0.00206818175669289
2.2252718437304e-05,0,0,0,0,0,0,0,0,0,0,0,0,0,0,0,0,0,0,0,0,0,0,0,4.39118663720199e-05,0,0,0,0,0,0,0.0305005568811462,0.0120485637402783,0.0972964780215584,0.0820185620401384,0.00527687407325683,8.06223685943381e-05,0.00628807271515243,0.025525793078207,0,0.0326025211855986,0.00114187431083198,0.00302636362190181,0,0,0,0,0,0.197464512271714,0.0760901956155094,0,0,0,0,0,0,0,0,0,0,0,0,0,0,0,8.52490943781655e-06,0,0.000105779487779863,0,0,0,0,0,0,0.0196405263832049,0.00541058755243248,0.00379841033545106,0.000909516222267408,0.00200501998506816,0.0035667193054763,0.000689636465681288,0.00935878412936074,0.0109783554373085,0,0.0148591497692289,0,0
0.043454718405454,0,0.0210703744012699,0,0,0,0,0,0.0362351676710894,0.000195492653714754,0,0,0,0,0,0,2.88848063910822e-05,3.09193462414731e-05,0.000379617909003226,0,0,0,0.000858685352594644,0,3.76303088750777e-05,0,0,0,0,0,0,0.00523528655632936,0,0.0003301047901615,0.000204923955597577,8.49401900313972e-06,4.8532686215435e-06,3.01404336389572e-05,0.00314814587982229,0,0.13609275860899,0.00206546433855328,0.0477934051252394,0,0,0,0.00167012693357727,0.197464512271714,0,0.0813335668966222,8.58316228181527e-05,0,0,0,0.00263746094035453,0,0.00370580662128215,0,0.00021839491251386,0,0.0166041068533137,0,1.0195086081503e-05,0.000305546959313547,0,0.000664579682294333,0,0.000171626161180317,0,0.00585311031320509,0,0.00551056566494873,0.00010910863354663,0.00574050759801044,0.0003575989211077,0.0014224986324484,0,0.00032446048719762,0,0.000541751527961958,2.17169876433419e-06,0.00668571422584891,0.00840833575156266,0,0.0558059072098547,0,0.00113815542708178
0,0.0385292677130777,0,0.0240487126632298,0,0.00068706203107971,0,0,0,0.0155443193891381,0,0,0,0,0,0.00199740495554715,0,1.42511750136085e-05,6.17766281654521e-05,0.000155353152225006,0,0.000597416692243206,0,0.00203903686903212,0,0,0,0,0,0,0,0.000310541135741624,0,3.31949045646309e-05,0.000283478907406315,0.000164073941047438,0,0.00734729987027008,0.000845641275774011,0.00437255552275809,0.0229183074083054,0.0417008492168116,0.00256489445186899,0,0,0.000476299803094543,0,0.0760901956155094,0.0813335668966222,0,0,1.79022134379257e-05,0,0,0,0.000314651713207461,0,0.00429890128255509,0,0.000251410040913467,0,0.00938530917154431,0.000196305234812948,0,0.0018820527396738,0,0.00436659348063401,0,0,0,0.00774369759204292,0,0.00472264614766576,1.66419135762318e-05,0.000219007682756704,0,0.00064583811745253,0,0.000213408351470586,0,0.00648803776820474,0.000413601034196462,0.00866417459860314,0,0.0493968293729642,0.000412230728183205,0
0,0,0.0364287226605047,0,0.073766139022941,0,0,0,0.00147812326495741,0,0,0,0,0,0.00430210445273084,0,0,0,0,0,0,0,0,0,0,0,0,0,0,0,0,0,0,0,0,0,3.89672299607919e-05,0,0,0,0,0,0,0,0,0,0,0,8.58316228181527e-05,0,0,0,0.000252111436566338,0,0.00197763112497748,0,0.000536403943098117,0,0.00379221150564872,0,0.00182943802952426,0,0,0,0,0,0,0,0,0,0,0,0,0,0,0,0,0,0,7.84979820544107e-06,0,0,0.000497947066527076,3.17894250443669e-05,0,0,0
0,0,0,0.0452751520699203,0,0.125325536929551,0,0.0117461620467691,0,0.00165978840860331,0,6.54465210686139e-05,0,0,0,0.00693776175241367,0,4.41026577267857e-05,0.000187488603235639,0.00256867281885372,0,0,0,0,0,0,0,0,0,0,0,0,0,0,0,0.00282522593736287,0,0,0,0.00100606635899253,0,0.0016475683656038,0,0,0,8.02552178603261e-05,0,0,0,1.79022134379257e-05,0,0,0,0,0,0,0,0.000627771831302926,0,0.000157201312106237,0,0.0292329418689176,0.00137016166116517,0,0,0,0,0,0,0,0,0,0.0011067331487042,0,0,0,0,0,0.00137208969849342,0,2.62846966572507e-05,0,0.00158809848431193,8.38118957855e-05,0.00590322099662607,0,0
0,0,0,0,0,0,0.0298557731515685,0,0,0,7.50813858379552e-05,0,5.56287804711012e-05,0,0,0,0,0,0,0,0.00102837005003585,0,0,0,0,0,0,0,0,0,0,0,0,0,0,0,0.000383999229463595,0,0,0,0,0,0,0,0,0,0,0,0,0,0.000252111436566338,0,0,0,0,0,0.00777969623408541,0,0.00642909410013744,0,0,0,0,0,0,0,0,0,0,0,0,0,0,0,0,0,0,0,0,2.37825618494204e-05,0,0,0.000304270651366362,0,0,0,0
0,0,0,0,0,0,0,0.00241443120169688,0,0,0,0,0,0.0112177026963697,0,0,0,0,0,0,0,0,0,0,0,0,0,0,0,0,0,0,0,0,0,0,0,0,0,0,0,0,0,0,0,0,0,0,0,0,0,0,0,0,0,0,0,0,0,0.00295196706320768,0,0,0,0,0,0,0,0,0,0,0,0,0,0,0,0,0,0,0,0,0,0,0.00029612541243896,0,0,0,0
0.0285379204143551,0,0.0247605277968879,0,0.00221386072663577,0,0,0,0.119210096900178,0,0,0,0,0,0.0081828589293897,0,0.000168884435727695,0,0.000144583342062003,0,0,0,0,0,0.131097811907241,0,0.000345590000296558,0,0,0,0,0,0,0,0,0,0,0,5.43549470735996e-05,0,0,0,0.00390989029843677,0,0,0,0.00026416294672417,0,0.00263746094035453,0,0.00197763112497748,0,0,0,0,0,0.000723205803595616,0,0.000944075879919811,0,0.0152163175128157,0,0,0,0,0,0,0.0201278988154455,0,0,0,0.000293899478480352,0,0.00104101948042256,0,0,0,0,0,2.82435800622173e-05,0,0.000229880906203511,0.000151455996754373,1.22188982678484e-05,0.00283829367191951,0,0
0,0.0215388913132695,0,0.02298141908295,0,0.000177531573957238,0,0,0,0.167368264135072,0,0,0,0,0,0.0100195295236711,0,1.39778030284665e-05,0,0,0,0,0,0.0613105473962495,0,0,0,0,0,0,0,0,0,0,0,0,0,0.00107761650157304,0,0,0,0.00172312778153205,0,0,0,0,0,0,0,0.000314651713207461,0,0,0,0,0,0,0,8.1622980160922e-05,0,0,0,0.0555871455144519,0.00019051826381277,0,0,0,0.0691942463107375,0,0,0,0,0,0.000904201829708207,0,0,0,0,0,3.16497151235688e-06,0,0.00102485826631154,0,0.000368059451450014,0,0.00241298026875445,0,0
0.000741563137779556,0,0.00234133413831155,0,0.00265276750114884,0,0.00113826700417158,0,0.00307595586061985,0,0.217008685379987,0,0.00495017084086925,0,0,0,1.18932404044049e-05,3.47329822918875e-06,0.000156100306323195,0,0.0133837854417342,0,0,0,0,0,0,0,9.85634948301965e-06,0,0.00408684745905331,0,0,0,0,0,0.00190871425779779,0,0.000573555905803522,1.06933989267159e-05,0.000130747524942754,0,0.00207920531570467,0,0,0,0.000937878321627744,0,0.00370580662128215,0,0.000536403943098117,0,0.00777969623408541,0,0.000723205803595616,0,0,0,0.00928351060520336,0,0.00166702129568363,0,0,0.0239492912915809,0,0,0,0,0,0,0,0.000811988541568324,0,0.00846383931209888,0,0,0,0,0,0.000619168523659647,0,4.7299751853232e-05,0.000766048473527129,4.97737543104133e-05,0.0162848987717082,0,0.000277128319581952
0,0.000658705590131212,0,0.00686756824727841,0,0.000439682044994138,0,0.00283206158624946,0,0.000226700615711313,0,0.158169831941288,0,6.1866246767019e-05,0,7.31939528599164e-05,2.28599344468403e-05,5.71377310924579e-05,0.00050885094947763,0.0161214810527209,0,0,0,0,0,0,0,0.00254247607232824,0,0.00439656901877179,0,0,0,0,0,0.00421121259648259,0,0.00413388545687595,0,0.00108970524227624,0,0.00817125520797879,8.65290261813339e-06,2.26917430621071e-05,0,0.00168063745815224,5.3252080275111e-06,0,0,0.00429890128255509,0,0.000627771831302926,0,0,0,8.1622980160922e-05,0,0,0,0.00211838043194765,0,0.000578434606625255,0.0144927253523726,7.48719599665893e-06,0,0,0,0,0,0,0.0178073053480257,0,0.0515589894023134,0,0,0,0,0,0.00270684483770622,2.97714711976126e-06,1.21595676696953e-05,0,0.00263602339966312,0,0.0282258265867958,0.00052233088604047,0
0,0,0.000316895141394496,0,0.00988656813198825,0,0.0107044973341313,0,0.00225293288103422,0,0.0128417687036953,0,0.0262337964572468,0,0.000154219844262116,0,0,0,0,0,0,0,0,0,0,0,0,0,0,0,0,0,0,0,0,0,3.40625857991511e-05,0,0,0,0,0,0,0,0,0,0,0,0.00021839491251386,0,0.00379221150564872,0,0.00642909410013744,0,0.000944075879919811,0,0.00928351060520336,0,0,0,0.00396165845716021,0,0,0,0,0,0,0,0,0.000958054948842706,0,0.00360936570394446,0,0,0,0,0,0,0,1.82525399804838e-05,0,0,0.000406085813261949,0.000150163624004376,0.000107118749338025,0,0
0,4.49307870621074e-05,0,0.00386139901097071,0,0.000996498895598512,0,0.00293958439241887,0,0,0,0.0125754739452008,0,0.0971358390227194,0,0.00657657395267013,0,0,8.73347762118731e-05,4.12700191705162e-05,0,0,0,0,0,0,0,0.0135492703193171,0,0,0,0,0,0,0,6.99607014033203e-05,0,0,0,0,0,0.0001871569233248,0,0,0,0,0,0,0,0.000251410040913467,0,0.000157201312106237,0,0.00295196706320768,0,0,0,0.00211838043194765,0,0,0,0.00369739800551296,0.000521754977448551,0,0,0,0,0,5.83599835923716e-05,0,0.0205131477462518,0,1.5758505624201e-05,0,0,0,0,0,8.5618560566743e-05,0,1.69542911542339e-06,0,0.00140020242702464,0.00137107712944339,0.000244982260112035,0,0
0.0222688937195382,0,0.0398645426893669,0,0.0256592450426252,0,0,0,0.0690558555653873,0,0,0,0,0,0.0806059767992122,0,1.30179249031297e-05,0,0,0,0,0,0,0,0,0,0,0,0,0,0,0,0,0,0,0,0.000135520328582609,0,0,0,0,0,0.00410168201059365,0,0,0,0.000174085140177885,0,0.0166041068533137,0,0.00182943802952426,0,0,0,0.0152163175128157,0,0.00166702129568363,0,0.00396165845716021,0,0,0,0,9.86701380268936e-05,0,0,0,0.00034242769206197,0,0.00838437517337392,0,8.80007114327159e-05,0,0.000226376436159184,0,0,0,0,0,9.47052433096801e-05,0,1.80727961529952e-06,0.000406604877276037,7.22536382817286e-05,0.00836209329057274,0,4.38045350801136e-05
0,0.00562640404345541,0,0.0648644758931927,0,0.0263782233966796,0,0,0,0.0850405422956685,0,0,0,0.00167202894870731,0,0.0743998475048037,0,5.026849289909e-06,3.23489089894988e-05,0,0,0,0,0.0227809236117973,0,0.000642432036206264,0,0,0,0,0,0,0,0,0,7.94164134917589e-05,0,5.25064391981031e-06,0,0.000387401845578495,0,0.0011663222578694,0,0,0,1.6890087827751e-05,0,0,0,0.00938530917154431,0,0.0292329418689176,0,0,0,0.0555871455144519,0,0.000578434606625255,0,0.00369739800551296,0,0,0.000472875196266039,0,0,0,0.0162330820273352,0,0.00822287090524637,0,0,0,0.000276391364456775,0,0,0,0,0,8.71918052101664e-05,0,9.45854950642853e-06,0,0.000232903238264905,0,0.00216728808972312,0.000102223862516005,0
4.95263293276912e-05,0.00276272782517607,0,0.0147366075577581,0,0.000860560728025041,0,0,0,0,0,0.0119486885622885,0,0,0,0,0.000443488744583007,0.000885947600658581,0.00624637660427415,0.198180783722456,0,0,0,0,0,0,0,0,0,0,0,0,0,0,0,0.00972560134446478,0,0.000567622446794122,0,0.00456445510146888,0,0.00916036228299251,2.65213172106808e-05,0.000620003326765848,0,0.0824370277635132,0.00088738283519369,0,1.0195086081503e-05,0.000196305234812948,0,0.00137016166116517,0,0,0,0.00019051826381277,0,0.0144927253523726,0,0.000521754977448551,0,0.000472875196266039,0,4.56056027334961e-05,0,0,0,0,0,0,0.00118495161656892,0,0.0400539766103833,1.71191123393673e-05,0,0,0,0,0.010496471591542,2.12692728903322e-05,0.00297373527928225,2.22468849807101e-05,0.00196529402460836,0,0.0473019799421444,0.000907091502672912,7.35321278277972e-05
0.00531078112196111,0,0.000793017347447854,6.67198505714091e-05,0,0,0,0,0.000175869461812111,0,0.000239870992873828,0,0,0,0,0,0.000832694253046678,0.000299811000075199,0.00829877241554399,0,0.156852232680836,0,0,0,0,0,0,0,0,0,0,0,0,0,0,2.26683944541247e-05,0.00330624631790829,0,0.0067591676192135,0.000660598441829756,0.00129752775282663,0.000272703009407387,0.0230936337754861,0,0.000234436859962256,0.000335609174895383,0.115592358690737,0,0.000305546959313547,0,0,0,0,0,0,0,0.0239492912915809,7.48719599665893e-06,0,0,9.86701380268936e-05,0,4.56056027334961e-05,0,0,0,0,0,0,0,0,8.1644182484395e-05,3.28209433575995e-05,0.00749922277504968,0,0,0,0,3.04409152515345e-05,0.00876532029175599,7.31392897726168e-06,0.00399667711274287,0.00142887000356715,0,0.0477557429766463,0.000200221165369298,0.000713378671641227
0,0,0,0,0,0,0,0,0,0,0,0,0,0,0,0,0,0,0,0,0,0.0785797933861882,0,0.00332526450573986,0,0,0,0,0,0,0,0,0,0,0,0,0,0.00815927917975802,0,0,0,0,0,0,0,0,0,0,0,0.0018820527396738,0,0,0,0,0,0,0,0,0,0,0,0,0,0,0,0,0.00365039131374943,0,0,0,0,0,0,0,0,0,0,0,0,0,0.0012423753440866,0,0.00180773746284542,0,0,0,0
