0,0,35.6153888255358,0,0,0,0,0,268.033016547561,0,0,0,0,0,0,0,0,0,11.7628160715103,0,0,0,0,0,0,0,0,0,0,0,0,0,0,0,0,0,0,1.32095119357109,1.90395957231522,0,0,0,78.3558283150196,0,0,0,0,0,27.5958952605724,0,0,0,0,0,317.384529694915,0,0,0,0,0,41.2157641351223,0,0,0,0,0,0,2.11449459195137,0,0.362489983439445,0,0,0,0,0,0,0,0,0,0,0,0,193.290858864784,1.73128318786621,167.466686040163,0,0
0,0,0,23.5451105237007,0,0,0,0,0.145281240344048,243.393669068813,0,0,0,0,0,0,0.889449119567871,0.353913962841034,3.95798932015896,0,0,0,0,0,0,0,0,0,0,0,0,0,0,0,0.176893055438995,0,0,0.969087839126587,0.832046404480934,7.11648663878441,0,446.646155506372,0.565907083451748,0,0,2.02978232502937,0,0.120621554553509,1.77466992288828,242.578878879547,0,0,0,0,0,200.159303665161,0,25.9906299263239,0,1.01154154539108,0,28.3542493283749,0.995570957660675,0,0,0,0,0.254614822566509,0,0,0.202878698706627,0,20.4195871427655,0,0,0,0,0,15.6101015657187,0,1.66891024261713,0.731267407536507,192.51359860599,0.25296026468277,315.67812345922,1.50912399590015,0
35.6153888255358,0,0,0,258.241669297218,0,0,0,33.1592000722885,0,0,0,0,0,0,0,5.72796025872231,0,6.32196404784918,0,0,0,0,0,0,0,0,0,0,0,0,0,0,0,0,0,0.182113245129585,0.482094287872314,11.3963822126389,1.0892475694418,22.7471806630492,4.51057686656713,287.830748833716,0,0,0,12.1822343990207,0.436458230018616,11.0169878900051,0,2.92850452661514,0,0,0,112.999468535185,0,50.3311301469803,0,0.980342507362366,0,4.33679836988449,0,0,6.62577876448631,0,0,0,0,0,0,0,0,0,0,0,0,0,0,0.251366727054119,12.4016913175583,0.169856786727905,0.214812815189362,214.454896576703,1.00678103417158,446.468247719109,0,0.630310222506523
0,23.5451105237007,0,0,0,4.3496561050415,0,0,0,13.9946902990341,0,0,0,0,0,0,1.79460971057415,1.89418697357178,23.9256889671087,1.2913271188736,0,0,0,0,0,0,0,0,0,0,0,0,0,0,0,0,0,0,0,42.8136038482189,1.61542737483978,444.507840298116,4.30827574431896,0,0,13.7076508998871,0,7.12300079315901,0,16.4060294926167,0,18.9504485428333,0,0,0,0.796939522027969,0,51.07475233078,0,36.1511540561914,0,46.4199689179659,2.27367043495178,0,0,0,0,0,0,0,0.160785973072052,0,97.0544416755438,0,0,0,0,0,67.5126355737448,0,21.2909862548113,0,136.137209579349,2.74863790720701,252.964739248157,43.9198929518461,0
0,0,258.241669297218,0,0,0,0,0,1,0,0,0,0,0,0,0,0,0,8.45725250244141,0,9.57677185535431,0,0,0,0,0,0,0,0,0,0,0,0,0,0,0,16.5643446147442,0,0,0,2.68446183204651,0,13.6875411868095,0,0,0,1.8408625125885,0,0.792067632079124,0,74.5026651024818,0,0,0,0,0,34.4932025671005,0,0,0,0,0,0,2.46881175041199,0,0,0,0,0,0,0,0,0,0,0,0,0,0,0,82.6401721015573,0,0,31.3460924848914,0,124.270445942879,0,0
0,0,0,4.3496561050415,0,0,0,0,0,1.78113389015198,0,3.71482808887959,0,0,0,0,0.467139214277267,0,0.702765896916389,122.713538423181,0,0,0,0,0,0,0,0,0,0,0,0,0,0,0,3.54251134395599,0,0,0,7.71536947786808,0,30.7498529553413,0,0,0,2.43830105662346,0,8.11483392119408,0.122947096824646,0.47428721934557,0,351.51625841856,0,0,0,0,0,0,0,0,0,0,11.6820019483566,0,0,0,0,0,0,0,0,0,0,0,0,0,0,0,3.65613627433777,0,0,0,150.3221109882,0.411229878664017,115.446467347443,0,0
0,0,0,0,0,0,0,0,0,0,0,0,0,0,0,0,0,0,0,0,3.2722235918045,0,0,0,0,0,0,0,0,0,0,0,0,0,0,0,0,0,0,0,0,0,0,0,0,0,0,0,0,0,0,0,19.2294392585754,0,0,0,0,0,170.245097875595,0,0,0,0,41.7520403862,0,0,0,0,0,0,0,0,0,0,0,0,0,0,0,0,0,0,9.07825934886932,0,0,0,0
0,0,0,0,0,0,0,0,0,0,0,6.34870001673698,0,0,0,0,0,0,0,17.9439765810966,0,0,0,0,0,0,0,0,0,0,0,0,0,0,0,0,0,0,0,0,0,0,0,0,0,0,0,0,0,0,0,225.14067363739,0,311.204168975353,0,0,0,50.7727340757847,0,274.574648410082,0,0,14.6802259981632,0,0,0,0,0,0,0,0,0,0,0,0,0,0,0,0,0,0,0,14.5716989040375,1.70729339122772,0,0,0
268.033016547561,0.145281240344048,33.1592000722885,0,1,0,0,0,0,0,0,0,0,0,9.21336284279823,0,36.6880915760994,0,0.882373854517937,0,0,0,0,0,48.917212754488,0,22.968003064394,0,0,0,0,0,0,0,0.463192313909531,0,0,1.66616950929165,81.7755996733904,0,0,0.809372507035732,53.0639525577426,0,0,0,0,1.3413004130125,76.516113653779,0,1.10531055927277,0,0,0,699.88858152926,0,3.00408017635345,0,0,0,209.131909996271,0,0,0,0,0,0,84.9706552475691,0,16.1100661754608,0,0,0,0,0,0,0,0,0,1.11638769507408,0,105.454448409379,284.463597521186,36.2126780301332,128.335745893419,0,0
0,243.393669068813,0,13.9946902990341,0,1.78113389015198,0,0,0,0,0,0,0,0,0,217.284985333681,0,1.02905698120594,1.83859729766846,0,0,0,0,1.86151787638664,0,0,0,0,0,0,0,0,0,0,0,0,0,5.52880491316319,0,0,0,28.785774409771,0,0,0,0,0,0,0.108721740543842,3.58661407232285,0,0,0,0,0,769.030341759324,0,1.21693448722363,0,30.3594523072243,0,846.255545943975,0,0,0.691949084401131,0,48.365444034338,0,63.5651178956032,0,0,0,2.4012708812952,0,0,0,0.740697860717773,0,0,0,3.04474636912346,0,632.073959708214,606.71810041368,13.2139106243849,0.814241021871567,0
0,0,0,0,0,0,0,0,0,0,0,0,746.453935235739,0,0,0,0,0,0,0,3175.29496967793,0,0,0,0,0,0,0,159.93815779686,0,378.873781859875,0,0,0,0,0,312.481870919466,0,310.510716229677,0,0,0,0,0,0,0,0,0,0,0,0,0,0,0,0,0,1179.34208217263,0,84.6719419658184,0,0,0,0,1021.64707091451,0,0,0,0,0,0,0,71.5757286548615,0,20.8475232124329,0,0,0,0,0,46.7887442708015,0,283.595423668623,339.424357056618,0,0,0,0
0,0,0,0,0,3.71482808887959,0,6.34870001673698,0,0,0,0,0,326.995781779289,0,0,0,0,0,301.656030252576,0,0,0,0,0,0,0,0,0,29.724513977766,0,0,0,0,0,258.777484357357,0,717.911837518215,0,0,0,0.136031284928322,0,0,0,0,0,0,0,0,0,0,0,0,0,0,0,1690.97565965354,0,450.364185750484,0,0,143.885818213224,0,0,0,0,0,0,0,10.8530144691467,0,557.431893408298,0,0,0,0,0,100.439456999302,0,29.4412600696087,0,139.897632926702,3.25690269470215,0,0,0
0,0,0,0,0,0,0,0,0,0,746.453935235739,0,0,0,0,0,0,0,0,0,0,0,0,0,0,0,0,0,29.6083798408508,0,0,0,0,0,0,0,0,0,0,0,0,0,0,0,0,0,0,0,0,0,0,0,0,0,0,0,258.923121064901,0,775.291569173336,0,5.74187755584717,0,0,0,0,0,0,0,0,1.10913407802582,0,1.16373991966248,0,0,0,0,0,0,0,0,0,0,393.260288119316,203.266897559166,0,0,0
0,0,0,0,0,0,0,0,0,0,0,326.995781779289,0,0,0,18.6453942060471,0,0,0,0,0,0,0,0,0,0,0,201.168021917343,0,0,0,0,0,0,0,0,0,0,0,0,0,0,0,0,0,0,0,0,0,0,0,0,0,0,0,0,0,0,0,459.963915348053,0,18.493483543396,0,0,0,0,0,0,0,0,152.558950722218,0,0,0,0,0,0,0,0,0,0,0,1232.02330869436,1382.55361321568,0,0,0
0,0,0,0,0,0,0,0,9.21336284279823,0,0,0,0,0,0,0,396.585562035441,0,0,0,0,0,0,0,20.4168072342873,0,10.0643852949142,0,17.7363594174385,0,0,0,0,0,0,0,0,0,0,0,0,0,0,0,0,0,0,0,0,0,0,0,0,0,39.7789151668549,0,0,0,0,0,287.631362259388,0,0,0,0,0,0,1.28973507881165,0,0,0,0,0,0,0,0,0,0,0,0,0,0,437.001119151711,116.120220050216,0,0,0
0,0,0,0,0,0,0,0,0,217.284985333681,0,0,0,18.6453942060471,0,0,0,6,0,0,0,0,0,0,0,1,0,53.6275115013123,0,0,0,0,0,0,0,0,0,0,0,0,0,0,0,0,0,0,0,0,0,0,0,0,0,0,0,76.3548568636179,0,0,0,0,0,183.763884544373,0,0,0,0,0,0,0,0,0,0,0,0,0,0,0,0,0,0,0,0,272.964646160603,337.344617664814,0,0,0
0,0.889449119567871,5.72796025872231,1.79460971057415,0,0.467139214277267,0,0,36.6880915760994,0,0,0,0,0,396.585562035441,0,0,10229.5614086241,3004.98639582843,1.89592814445496,0,5.24495986104012,11.7504433989525,4.96646147966385,936.727682590485,41.2766914367676,674.874175548553,0,20.1789603233337,0,0,0,0,0,0,0,0,0,0,102.906353987753,121.588291466236,73.7837315574288,67.3238480016589,0,0.396984398365021,36.810595870018,55.791887037456,0,0.197241380810738,1.73640748858452,0,0,0,0,0,1.99968057870865,0,2.54897406697273,0,0.783495247364044,74.70273193717,0.172906771302223,1.87585634738207,8.54303372651339,0,0,0,262.845424026251,1.91787171363831,315.002770364285,0,0,11.1817940920591,0.750723108649254,0,0,0,0,122.958776883781,91.8016760721803,11.0921025127172,5.28897994756699,5719.27775189281,914.722377970815,333.418534077704,5.88188609480858,0.833423972129822
0,0.353913962841034,0,1.89418697357178,0,0,0,0,0,1.02905698120594,0,0,0,0,0,6,10229.5614086241,0,2982.70561896265,0,0,277.664691820741,0,67.6921328902245,1.59116744995117,1516.09046441317,0,0,0,0,0,0,0,0,0,0,0,0,0,139.3836344257,42.6537432074547,151.764193505049,13.7354064881802,0,0,45.2464004009962,14.988614410162,0,0,5.56069421768188,0,0,0,0,0,0.161398902535439,0,3.75366765260696,0,0,0,0,5.06096418201923,1.70608130097389,49.6221997439861,0,0,0,86.7986226379871,0,0,0,70.7185265645385,0,0,0,0,0,176.816389657557,28.570834249258,59.5828745141625,0.219180673360825,3229.07800957561,506.06602101028,309.003885537386,11.30012139678,2.21797525882721
11.7628160715103,3.95798932015896,6.32196404784918,23.9256889671087,8.45725250244141,0.702765896916389,0,0,0.882373854517937,1.83859729766846,0,0,0,0,0,0,3004.98639582843,2982.70561896265,0,2.30635952949524,0,6.27553686499596,0,0,0.417608484625816,0.189104869961739,0,0,0,0,0,0,0,0,0,0,0,0,0,1015.24326070398,1057.54137060046,799.172651275992,471.018181331456,0,1.89480048418045,537.873539708555,550.049018464983,0.549038246273994,1.65109819173813,20.5511431843042,0,0,0,0,0.0844677910208702,0,0,19.7539577186108,0,1.48266427218914,0,0.433473706245422,38.658792167902,66.7509549707174,0,0,0,0,0,0,2.50781807303429,0,350.240104995668,4.62027783691883,0,0,0,0,1252.41148199141,827.689074836671,349.102520398796,49.1545054018497,1460.14193382114,2.08272211253643,3337.43934804946,47.7379924505949,15.2401808798313
0,0,0,1.2913271188736,0,122.713538423181,0,17.9439765810966,0,0,0,301.656030252576,0,0,0,0,1.89592814445496,0,2.30635952949524,0,0,0,0,0,0,0,0,0,0,0,0,0,0,0,0,1326.83358506858,0,781.406777083874,0,0.144057378172874,0,17.9032507240772,0.229026332497597,0,0,0.262815028429031,0,2.32295240461826,0,2.05539337545633,0,0.938936084508896,0,0,0,0,0,822.104357555509,0,4.86811321973801,0,0,1024.67571805418,0,0,0,0,0,0,0,0,0,2.83323320746422,0,0,0,0,0,141.89488004148,0,66.173030897975,0,413.376900538802,15.7136243730783,125.851113334298,0,0
0,0,0,0,9.57677185535431,0,3.2722235918045,0,0,0,3175.29496967793,0,0,0,0,0,0,0,0,0,0,0,0,0,0,0,0,0,0,0,0,0,0,0,0,0,345.765567779541,0,69.2451224327087,0,0.178366839885712,0,0,0,0,0,0,0,0,0,0,0,13.372301697731,0,0,0,282.416827559471,0,0,0,0,0,0,110.867945849895,0,0,0,0,0,0,0,0,0,0,0,0,0,0,0,85.3786587566137,0,0,226.583334326744,2.20409175753593,210.130915552378,0,0
0,0,0,0,0,0,0,0,0,0,0,0,0,0,0,0,5.24495986104012,277.664691820741,6.27553686499596,0,0,0,820.718830794096,42.7388008534908,0,238.776700153947,0,535.319672375917,0,0,0,0,0,0,0,0,0,2864.16495896876,410.905781060457,0.167605683207512,0,0.228276208043098,0,0,0,0,0,0,0,25.3943191766739,0,0,0,0,0,0,0,0,0,0,0,0,0,0,6836.33650942147,826.704090178013,30.5850456058979,0,24.4325362294912,0,17.1866248100996,0,0,0,0,0,2.89799176156521,0,0,0,485.376450911164,192.149016857147,2979.95296397805,1075.68686258793,6.82652403414249,0,0
0,0,0,0,0,0,0,0,0,0,0,0,0,0,0,0,11.7504433989525,0,0,0,0,820.718830794096,0,0,392.628239542246,0,198.636915504932,0,462.005456149578,0,0,0,0,0,0,0,0,10.2693144828081,3265.61852744222,0,0,0.519646823406219,0.898803114891052,0,0,0,0,22.9435811042786,5.48260724544525,0,0,0,0,0,0,0,0,0,0,0,0,0,0,0,2.08496785163879,6054.15909647942,0,138.719690531492,0,168.729982882738,0,58.2168346643448,0,0,0,0,0,0,0,0,0,1261.62641690671,1502.22579467297,78.2992214560509,0.425571426749229,0,0
0,0,0,0,0,0,0,0,0,1.86151787638664,0,0,0,0,0,0,4.96646147966385,67.6921328902245,0,0,0,42.7388008534908,0,0,0,291.050991773605,0,0,0,0,0,0,0,0,0,0,0,323.592827811837,0,0,0,0.159325405955315,0,0,0,0,0,0,0,8.75111155211926,0,0,0,0,0,1.1067861020565,0,0,0,0,0,14.0555337369442,0,0,84.510743945837,0,318.747418522835,0,257.108702242374,0,0,0,0,0,0,0,30.9152045249939,0,0,0,368.246686667204,0,71.0542340129614,0,21.5751133263111,0,0
0,0,0,0,0,0,0,0,48.917212754488,0,0,0,0,0,20.4168072342873,0,936.727682590485,1.59116744995117,0.417608484625816,0,0,0,392.628239542246,0,0,0,208.142278432846,0,0,0,0,0,0,0,0,0,0,2.56046040356159,604.822605341673,0.794318556785583,0,0,0,0,0,0,0,3.0300267636776,12.0184735804796,0,0,0,0,0,20.9668011814356,0,0,0,0,0,14.2487075924873,0,0,0,0,111.70018813014,0,713.136440366507,0,951.06239117682,0,0,0,0,0,0,0,0,0,0,0,168.717750534415,415.086920797825,3.35810185968876,43.8957907706499,0,0
0,0,0,0,0,0,0,0,0,0,0,0,0,0,0,1,41.2766914367676,1516.09046441317,0.189104869961739,0,0,238.776700153947,0,291.050991773605,0,0,0,605.447065666318,0,0,0,0,0,0,0,0,0,0,0,0,0,0.195496335625648,0,0,0,0,0,0,0,0,0,0,0,0,0,0,0,0,0,0,0,0,0,0,182.292332351208,0,15.2848729491234,0,157.419683933258,0,8.22217953205109,0,0,0,0,0,0,0,0,0,0,0,877.26525247097,9.89043128490448,0,0,0
0,0,0,0,0,0,0,0,22.968003064394,0,0,0,0,0,10.0643852949142,0,674.874175548553,0,0,0,0,0,198.636915504932,0,208.142278432846,0,0,0,42.2891788482666,0,0,0,0,0,0,0,0,0,0,0,0,0,0,0,0,0,0,0,0,0,0,0,0,0,7.70238661766052,0,0,0,0,0,0,0,0,0,0,9.68544030189514,0,63.6346080750227,0,303.581118524075,0,10.7286972999573,0,0,0,0,0,0,0,0,0,0,443.533390909433,15.3099430203438,0,0,0
0,0,0,0,0,0,0,0,0,0,0,0,0,201.168021917343,0,53.6275115013123,0,0,0,0,0,535.319672375917,0,0,0,605.447065666318,0,0,0,372.220641106367,0,0,0,0,0,0,0,251.352937996387,0,0,0,0,0,0,0,0,0,0,0,0,0,0,0,0,0,0,0,0,0,0,0,143.740063488483,0,0,388.490456938744,0,0,0,372.101378202438,0,4014.6514660418,0,0,0,0,0,0,0,0,0,22.6201117634773,0,1620.94469925761,1686.91256254911,0,0,0
0,0,0,0,0,0,0,0,0,0,159.93815779686,0,29.6083798408508,0,17.7363594174385,0,20.1789603233337,0,0,0,0,0,462.005456149578,0,0,0,42.2891788482666,0,0,0,9.90669775009155,0,0,0,0,0,0,0,271.748215615749,0,0,0,0,0,0,0,0,0,0,0,0,0,0,0,0,0,12.4017068147659,0,0,0,0,0,0,0,0,35.065809905529,0,0,0,11.3363062143326,0,1444.85890525579,0,0,0,0,0,0,0,0,0,300.7142816782,334.489709675312,577.73331362009,0,0,0
0,0,0,0,0,0,0,0,0,0,0,29.724513977766,0,0,0,0,0,0,0,0,0,0,0,0,0,0,0,372.220641106367,0,0,0,0,0,0,0,0,0,637.971501305699,0,0,0,0,0,0,0,0,0,0,0,0,0,0,0,0,0,0,0,0.769381046295166,0,0,0,0,0,0,0,0,0,0,0,0,1172.0802860558,0,1164.37405751646,0,0,0,0,0,0,0,365.520597264171,0,375.965350449085,10.5936841070652,0,0,0
0,0,0,0,0,0,0,0,0,0,378.873781859875,0,0,0,0,0,0,0,0,0,0,0,0,0,0,0,0,0,9.90669775009155,0,0,0,0,0,0,0,0,0,843.394486308098,0,0,0,0,0,0,0,0,0,0,0,0,0,0,0,0,0,31.0972185432911,0,0,0,0,0,0,0,0,0,0,0,0,0,0,0,0,92.0135581493378,0,0,0,0,0,0,0,263.287399470806,84.0397400259972,0,0,0,0
0,0,0,0,0,0,0,0,0,0,0,0,0,0,0,0,0,0,0,0,0,0,0,0,0,0,0,0,0,0,0,0,611.797230839729,8.72163569927216,0,378.315112471581,159.154444932938,0,0,0,0,0,0,0,0,0,0,180.779061004519,0.44749042391777,0,0,0,0,0,0,0,0,0,0,0,0,0,0,0,0,0,0,0,0,0,0,0,0,0,976.191327258945,169.211773306131,51.7052766382694,0,75.6842097043991,34.2407623529434,0,0,134.602900713682,0,0,0,0
0,0,0,0,0,0,0,0,0,0,0,0,0,0,0,0,0,0,0,0,0,0,0,0,0,0,0,0,0,0,0,611.797230839729,0,4.34009599685669,75.1532062739134,6.31470867991447,647.191798120737,0,0,0,0,0,0,0,0,0,0,2118.41673231125,0.810107707977295,21.6512876749039,0,0,0,0,0,0,0,0,0,0,0,0,0,0,0,0,0,0,0,0,0,0,0,0,792.072006329894,1709.28348205984,1.16670678555965,92.2150532007217,0.54931777715683,179.477063760161,0,0,46.9638966619968,0,0,0,0
0,0,0,0,0,0,0,0,0,0,0,0,0,0,0,0,0,0,0,0,0,0,0,0,0,0,0,0,0,0,0,8.72163569927216,4.34009599685669,0,3314.83704593778,817.776766240597,3.842933177948,203.6275357306,114.524854585528,0,0,0,0,0,0,0,0,2723.85857608914,9.02549323439598,0,0,0,0,0,0,0,0,0,0,0,0,0,0,0,0,0,0,0.302451521158218,0,0,0,0,0,0,20.4876688718796,9.44588334858418,900.909330800176,1625.83767741919,346.127909839153,0.451077729463577,24.3091839551926,46.3033446222544,385.229716747999,0,1.88211612403393,0,0
0,0.176893055438995,0,0,0,0,0,0,0.463192313909531,0,0,0,0,0,0,0,0,0,0,0,0,0,0,0,0,0,0,0,0,0,0,0,75.1532062739134,3314.83704593778,0,0,1645.04486038536,575.690508171916,312.11100487411,0,0,1.12177366018295,0,0,0,0,0,4247.64382533729,8.37105131149292,5.99785408377647,0,0,0,0,1.66770608723164,0,0,0,0,0,0,0,0,0,0,0,0,2.05093306303024,0,0,0,0,0,0,0,79.6721424609423,1117.94282406569,903.879896983504,0,359.980598829687,311.484739169478,204.497883193195,507.170487076044,0,3.40116932988167,0,0
0,0,0,0,0,3.54251134395599,0,0,0,0,0,258.777484357357,0,0,0,0,0,0,0,1326.83358506858,0,0,0,0,0,0,0,0,0,0,0,378.315112471581,6.31470867991447,817.776766240597,0,0,3830.9383443892,3517.66200518608,135.005084425211,58.6240857988596,0,8.36444517970085,0,0,0,0,0,187.795304939151,0,1.74692192673683,0,0.91929018497467,0,0,0,0,0,227.63733574748,0,0,0,0,1203.83391037583,0,0,0,0,0,0,0,0,0,0,0,356.140582501888,59.9889661669731,1339.28249758482,0,19708.6495711654,629.460797011852,4870.2345508337,19.7659368515015,3684.97714477777,405.871863216162,191.411910057068,0,0
0,0,0.182113245129585,0,16.5643446147442,0,0,0,0,0,312.481870919466,0,0,0,0,0,0,0,0,0,345.765567779541,0,0,0,0,0,0,0,0,0,0,159.154444932938,647.191798120737,3.842933177948,1645.04486038536,3830.9383443892,0,24.1976328194141,6949.4508299306,0,0,0,0,0,0,0,11.1642426252365,116.014238119125,0,2.14171314239502,22.8603853732347,0,0,0,0,0,78.2494314312935,0,0,0,0,0,0,437.021599948406,0,0,0,0,0,0,0,0,0,0,300.019129082561,762.150729119778,0,1044.33824243397,4619.39512884617,22329.6246373132,0,553.835591599345,3886.12419565022,1020.39778965712,87.1580087170005,0,0
1.32095119357109,0.969087839126587,0.482094287872314,0,0,0,0,0,1.66616950929165,5.52880491316319,0,717.911837518215,0,0,0,0,0,0,0,781.406777083874,0,2864.16495896876,10.2693144828081,323.592827811837,2.56046040356159,0,0,251.352937996387,0,637.971501305699,0,0,0,203.6275357306,575.690508171916,3517.66200518608,24.1976328194141,0,4500.49900111556,0,0,15.5405722260475,14.8920527547598,0,0,0,0,1586.36749331653,168.860673829913,428.24695597589,0,0,0,0,7.35305404663086,25.6615455001593,0,731.878780961037,0,0,0,0,46.3716436177492,0,4378.18972820044,1.26087117195129,455.78750410676,9.06992422044277,0,0,218.614363729954,0,1931.01414266229,0,0,0,267.519145645201,192.388184040785,479.198405593634,19.8403276205063,23239.7880119309,1064.05894895643,4742.23848713934,617.463609576225,280.87481598556,0,0
1.90395957231522,0.832046404480934,11.3963822126389,0,0,0,0,0,81.7755996733904,0,310.510716229677,0,0,0,0,0,0,0,0,0,69.2451224327087,410.905781060457,3265.61852744222,0,604.822605341673,0,0,0,271.748215615749,0,843.394486308098,0,0,114.524854585528,312.11100487411,135.005084425211,6949.4508299306,4500.49900111556,0,0,0,0.143328100442886,4.75362992286682,0,0,0,0,1236.36402563751,169.998778343201,4.19652336835861,0,0,0,0,220.812749534845,0,784.65107524395,0,0,0,6.20376788079739,0,0,55.3386113643646,9.95674610137939,1035.97494918108,0,778.297714799643,0,1.73119774460793,0,169.107079029083,0,113.53047478199,0,0,42.9456341415644,64.6785523295403,100.976015895605,4230.31983630359,538.011840298772,19368.2454361245,3516.23346193135,225.557766541839,42.5633116066456,0,0
0,7.11648663878441,1.0892475694418,42.8136038482189,0,7.71536947786808,0,0,0,0,0,0,0,0,0,0,102.906353987753,139.3836344257,1015.24326070398,0.144057378172874,0,0.167605683207512,0,0,0.794318556785583,0,0,0,0,0,0,0,0,0,0,58.6240857988596,0,0,0,0,8.38297642767429,1367.59225259721,10.9799351841211,0,0,422.326385445893,10.4282406792045,50.528748139739,0,547.264333404601,0,1.4630741328001,0,0,0,0.133498042821884,0,1.38030721992254,0,0.98048909008503,0,3.90131057798862,97.8312298506498,1.11840307712555,0,0,0,0,0,0,0,0,20.9560848027468,0.662339985370636,0,0,0,0,921.538263782859,7.43549811094999,41.3251363113523,3.00713747739792,496.792529821396,0.67027260363102,1681.14857879281,28.2344451099634,0
0,0,22.7471806630492,1.61542737483978,2.68446183204651,0,0,0,0,0,0,0,0,0,0,0,121.588291466236,42.6537432074547,1057.54137060046,0,0.178366839885712,0,0,0,0,0,0,0,0,0,0,0,0,0,0,0,0,0,0,8.38297642767429,0,38.8440211638808,1636.77281440794,0,30.4504567533731,10.319036975503,1355.46444440633,4.60089499503374,291.891053788364,0,0,0,0,0,0,0,0,0.576118290424347,0,0,0,0,0,415.278350800276,0,0,0,0,0,0,0,0,5.02691289782524,2.0126077234745,0,0,0,0,17.1324691548944,276.304836392403,1.95194086432457,27.1963106095791,333.484474174678,2.56043357402086,1373.18709781021,0.708545684814453,25.0186738967896
0,446.646155506372,4.51057686656713,444.507840298116,0,30.7498529553413,0,0,0.809372507035732,28.785774409771,0,0.136031284928322,0,0,0,0,73.7837315574288,151.764193505049,799.172651275992,17.9032507240772,0,0.228276208043098,0.519646823406219,0.159325405955315,0,0.195496335625648,0,0,0,0,0,0,0,0,1.12177366018295,8.36444517970085,0,15.5405722260475,0.143328100442886,1367.59225259721,38.8440211638808,0,179.569530524313,0,0.288058549165726,243.641209200025,20.4269009977579,128.48684066534,0.334493614733219,1089.50077737123,0,4.12747426331043,0,0,0.077112503349781,23.7421201318502,0,479.457440458238,0,6.70969368517399,0.258574515581131,23.0612925216556,95.646005295217,1.2452427148819,0,0,0,0,0,0,15.1795708984137,0,1064.09352694452,0.233830995857716,0,0,0.19340917468071,0,1009.15891896188,30.1706921383739,144.07574249059,3.37737168371677,1257.57304558903,22.6263721585274,3763.42230670154,147.876721724868,1.63945096731186
78.3558283150196,0.565907083451748,287.830748833716,4.30827574431896,13.6875411868095,0,0,0,53.0639525577426,0,0,0,0,0,0,0,67.3238480016589,13.7354064881802,471.018181331456,0.229026332497597,0,0,0.898803114891052,0,0,0,0,0,0,0,0,0,0,0,0,0,0,14.8920527547598,4.75362992286682,10.9799351841211,1636.77281440794,179.569530524313,0,0,22.4339053332806,5.65164911001921,735.870367430151,604.17973459512,784.454280331731,0.910196833312511,0,0,0,0,21.6358795166016,0,0,0,0,0,0,0.167973086237907,0,234.546492621303,0,0,0,0.241046518087387,0,0,0,0,3.83152629435062,74.0534522682428,0,0,0,0,14.6655666828156,674.983102031052,4.38287746906281,54.0515524819493,1054.08445329219,5.7995508313179,5459.88039337099,0,47.8568080514669
0,0,0,0,0,0,0,0,0,0,0,0,0,0,0,0,0,0,0,0,0,0,0,0,0,0,0,0,0,0,0,0,0,0,0,0,0,0,0,0,0,0,0,0,0,0,0,0,0,0,0,0,0,0,0,0,0,0,0,0,0,0,0,0,0,0,0,0,0,0,0,0,0,0,0,0,0,0,0,0,0,0,0,0,0,0,0
0,0,0,0,0,0,0,0,0,0,0,0,0,0,0,0,0.396984398365021,0,1.89480048418045,0,0,0,0,0,0,0,0,0,0,0,0,0,0,0,0,0,0,0,0,0,30.4504567533731,0.288058549165726,22.4339053332806,0,0,0,2.47682748734951,0,0,0,0,0,0,0,0,0,0,0,0,0,0,0,0,1.88720318675041,0,0,0,0,0,0,0,0,0,0,0,0,0,0,0.141536444425583,20.5447140783072,0,0,4.93983898311853,0,24.8077877238393,0,0.962909340858459
0,2.02978232502937,0,13.7076508998871,0,2.43830105662346,0,0,0,0,0,0,0,0,0,0,36.810595870018,45.2464004009962,537.873539708555,0.262815028429031,0,0,0,0,0,0,0,0,0,0,0,0,0,0,0,0,0,0,0,422.326385445893,10.319036975503,243.641209200025,5.65164911001921,0,0,0,7.87477089464664,2.50241500139236,0,12.0832609683275,0,0,0,0,0,0,0,2.81496461480856,0,0.284547798335552,0,1.08293844759464,496.490108288825,0.745829343795776,0,0,0,0,0,0,0,0,14.4105570092797,0,0,0,0,0,800.871653065085,1.30950094759464,404.65531399101,0,121.012112818658,0.221022307872772,898.668577559292,0,0
0,0,12.1822343990207,0,1.8408625125885,0,0,0,0,0,0,0,0,0,0,0,55.791887037456,14.988614410162,550.049018464983,0,0,0,0,0,0,0,0,0,0,0,0,0,0,0,0,0,11.1642426252365,0,0,10.4282406792045,1355.46444440633,20.4269009977579,735.870367430151,0,2.47682748734951,7.87477089464664,0,1.84242991358042,10.1860274448991,0,0,0,0,0,0,0,0.15590700507164,0,0,0,0,0,0,1187.53950657323,0,0,0,0,0,0,0,0,2.17128600925207,0.222936630249023,0,0,0,0,11.9415159448981,1551.14061316848,5.391871355474,210.448470138013,188.688615389168,0.798462763428688,1141.33635568619,0,2.19784235954285
0,0.120621554553509,0.436458230018616,7.12300079315901,0,8.11483392119408,0,0,1.3413004130125,0,0,0,0,0,0,0,0,0,0.549038246273994,2.32295240461826,0,0,22.9435811042786,0,3.0300267636776,0,0,0,0,0,0,180.779061004519,2118.41673231125,2723.85857608914,4247.64382533729,187.795304939151,116.014238119125,1586.36749331653,1236.36402563751,50.528748139739,4.60089499503374,128.48684066534,604.17973459512,0,0,2.50241500139236,1.84242991358042,0,2448.68291899562,1313.98092136532,0,1.24490696191788,0,0,7.27709984779358,2.98480434715748,0,0.100749939680099,0,1.02846378833055,0,1.80815622210503,0,0.362203821539879,0,3.55578157305717,0,8.26701621711254,0,0,0,0,0.243829444050789,0,6.7819197177887,2199.53863555193,394.428292810917,480.28784789145,667.724524259567,2345.45377559215,222.348344907165,1071.91431753337,1583.92666316777,9.22535749524832,618.61713257432,0,0.0968314483761787
27.5958952605724,1.77466992288828,11.0169878900051,0,0.792067632079124,0.122947096824646,0,0,76.516113653779,0.108721740543842,0,0,0,0,0,0,0.197241380810738,0,1.65109819173813,0,0,0,5.48260724544525,0,12.0184735804796,0,0,0,0,0,0,0.44749042391777,0.810107707977295,9.02549323439598,8.37105131149292,0,0,168.860673829913,169.998778343201,0,291.891053788364,0.334493614733219,784.454280331731,0,0,0,10.1860274448991,2448.68291899562,0,1079.78642643988,0,0,0,0,210.484358623624,0,0,0,8.009103089571,0,31.3799354732037,0,0,1.26896806061268,0,0,0,45.4812527000904,0,12.5894320607185,0,0,0,16.0722645968199,0,2.34887152910233,5.98784328997135,2.75565457344055,0,189.706694692373,22.0885420590639,175.43734537065,550.580258406699,1.35866886377335,620.402517445385,0,0
0,242.578878879547,0,16.4060294926167,0,0.47428721934557,0,0,0,3.58661407232285,0,0,0,0,0,0,1.73640748858452,5.56069421768188,20.5511431843042,2.05539337545633,0,25.3943191766739,0,8.75111155211926,0,0,0,0,0,0,0,0,21.6512876749039,0,5.99785408377647,1.74692192673683,2.14171314239502,428.24695597589,4.19652336835861,547.264333404601,0,1089.50077737123,0.910196833312511,0,0,12.0832609683275,0,1313.98092136532,1079.78642643988,0,0,0.36711049079895,0,0,0.189978882670403,5.55087943375111,0,152.39994584024,0,78.8423671424389,0,15.087727420032,5.10630343854427,0,113.568772658706,0,38.1380398571491,0.410740077495575,3.68212622404099,0,93.0922916829586,0,218.503295190632,0,0,70.1052548587322,0,0.158814027905464,740.572674103081,3.52702617645264,404.57108091563,3.82323810458183,242.481231369078,1.01167019456625,912.368742965162,10.1471289247274,0
0,0,2.92850452661514,0,74.5026651024818,0,0,0,1.10531055927277,0,0,0,0,0,0,0,0,0,0,0,0,0,0,0,0,0,0,0,0,0,0,0,0,0,0,0,22.8603853732347,0,0,0,0,0,0,0,0,0,0,0,0,0,0,0,0,0,0,0,351.380593046546,0,0,0,0,0,0,0,0,0,0,0,0,0,0,0,0,0,0,0,0,0,0,20.6851435229182,0,0,22.2868469357491,0,26.1204609870911,0,0
0,0,0,18.9504485428333,0,351.51625841856,0,225.14067363739,0,0,0,0,0,0,0,0,0,0,0,0.938936084508896,0,0,0,0,0,0,0,0,0,0,0,0,0,0,0,0.91929018497467,0,0,0,1.4630741328001,0,4.12747426331043,0,0,0,0,0,1.24490696191788,0,0.36711049079895,0,0,0,0,0,0,0,15.4911967217922,0,0,0,0,0,0,0,0,0,0,0,0,0,0,0,0,0,0,0,0,1.55996131896973,0,0,0,311.873391188681,0,94.1863778084517,0,0
0,0,0,0,0,0,19.2294392585754,0,0,0,0,0,0,0,0,0,0,0,0,0,13.372301697731,0,0,0,0,0,0,0,0,0,0,0,0,0,0,0,0,0,0,0,0,0,0,0,0,0,0,0,0,0,0,0,0,0,0,0,19.932240486145,0,0,0,0,0,0,0,0,0,0,0,0,0,0,0,0,0,0,0,0,0,0,0,0,0,136.704761564732,0,0,0,0
0,0,0,0,0,0,0,311.204168975353,0,0,0,0,0,0,0,0,0,0,0,0,0,0,0,0,0,0,0,0,0,0,0,0,0,0,0,0,0,0,0,0,0,0,0,0,0,0,0,0,0,0,0,0,0,0,0,0,0,0,0,0.388561218976974,0,0,0,0,0,0,0,0,0,0,0,0,0,0,0,0,0,0,0,0,0,0,85.6206067800522,0,0,0,0
317.384529694915,0,112.999468535185,0,0,0,0,0,699.88858152926,0,0,0,0,0,39.7789151668549,0,0,0,0.0844677910208702,0,0,0,0,0,20.9668011814356,0,7.70238661766052,0,0,0,0,0,0,0,1.66770608723164,0,0,7.35305404663086,220.812749534845,0,0,0.077112503349781,21.6358795166016,0,0,0,0,7.27709984779358,210.484358623624,0.189978882670403,0,0,0,0,0,0,30.3978261053562,0,0,0,347.280660957098,0,0,0,0,0,0,149.084215134382,0,92.1509876251221,0,0,0,0,0,0,0,0,0,0,0,490.545556358993,178.738955512643,36.1244369596243,145.959899142385,0,0
0,200.159303665161,0,0.796939522027969,0,0,0,0,0,769.030341759324,0,0,0,0,0,76.3548568636179,1.99968057870865,0.161398902535439,0,0,0,0,0,1.1067861020565,0,0,0,0,0,0,0,0,0,0,0,0,0,25.6615455001593,0,0.133498042821884,0,23.7421201318502,0,0,0,0,0,2.98480434715748,0,5.55087943375111,0,0,0,0,0,0,0,0,0,4.33229722082615,0,368.756575837731,0,0,1.01435263454914,0,106.320701867342,0,1.72940427064896,0,0,0,0.175554171204567,0,0,0,7.46978516876698,0,0,0,67.9028275460005,0,131.761617042124,98.4648845046759,27.1379734873772,0.382360756397247,0
0,0,50.3311301469803,0,34.4932025671005,0,0,0,3.00408017635345,0,1179.34208217263,0,258.923121064901,0,0,0,0,0,0,0,282.416827559471,0,0,0,0,0,0,0,12.4017068147659,0,31.0972185432911,0,0,0,0,0,78.2494314312935,0,784.65107524395,0,0,0,0,0,0,0,0.15590700507164,0,0,0,351.380593046546,0,19.932240486145,0,30.3978261053562,0,0,0,690.858656391501,0,67.1362866610289,0,0,1146.29520504177,0,0,0,0,0,0,0,13.4103837311268,0,1432.44501441717,0,0,0,0,0,11.1982416510582,0,0,407.668963611126,2.39181798696518,594.800871685147,0,0
0,25.9906299263239,0,51.07475233078,0,0,0,50.7727340757847,0,1.21693448722363,0,1690.97565965354,0,0,0,0,2.54897406697273,3.75366765260696,19.7539577186108,822.104357555509,0,0,0,0,0,0,0,0,0,0.769381046295166,0,0,0,0,0,227.63733574748,0,731.878780961037,0,1.38030721992254,0.576118290424347,479.457440458238,0,0,0,2.81496461480856,0,0.100749939680099,0,152.39994584024,0,15.4911967217922,0,0,0,0,0,0,0,200.140850037336,0,14.184005856514,187.951633028686,0,0,0,0,0,0,0,11.0153985917568,0,579.706098236144,0,0,0,0,0,6.88116797059774,0,75.3165343478322,0,71.1592111587524,0,356.130814678967,6.22296713292599,0
0,0,0.980342507362366,0,0,0,170.245097875595,0,0,0,84.6719419658184,0,775.291569173336,0,0,0,0,0,0,0,0,0,0,0,0,0,0,0,0,0,0,0,0,0,0,0,0,0,0,0,0,0,0,0,0,0,0,0,8.009103089571,0,0,0,0,0,0,0,690.858656391501,0,0,0,18.1687340587378,0,0,0,0,0,0,0,0,0,0,0,0,0,0,0,0,0,0,0,0,0,1107.14951264858,105.09468960762,1.8879674077034,0,0
0,1.01154154539108,0,36.1511540561914,0,0,0,274.574648410082,0,30.3594523072243,0,450.364185750484,0,459.963915348053,0,0,0.783495247364044,0,1.48266427218914,4.86811321973801,0,0,0,0,0,0,0,0,0,0,0,0,0,0,0,0,0,0,0,0.98048909008503,0,6.70969368517399,0,0,0,0.284547798335552,0,1.02846378833055,0,78.8423671424389,0,0,0,0.388561218976974,0,4.33229722082615,0,200.140850037336,0,0,0,4,17.5286545753479,0,0,0,0,0,0,0,0.407943144440651,0,3.19713990390301,0,0,0,0,0,0.96367010474205,0.368200391530991,0.577599555253983,0,380.724536299706,557.059788405895,131.541868463159,0,0
41.2157641351223,0,4.33679836988449,0,0,0,0,0,209.131909996271,0,0,0,5.74187755584717,0,287.631362259388,0,74.70273193717,0,0,0,0,0,0,0,14.2487075924873,0,0,0,0,0,0,0,0,0,0,0,0,0,6.20376788079739,0,0,0.258574515581131,0,0,0,0,0,0,31.3799354732037,0,0,0,0,0,347.280660957098,0,67.1362866610289,0,18.1687340587378,0,0,0,0,0,0,0,0,163.4976477772,0,42.297508969903,0,0,0,0,0,0,0,0,0,0,0,1.6320539265871,107.283002153039,6.98983371257782,4.89889039099216,0,0
0,28.3542493283749,0,46.4199689179659,0,0,0,0,0,846.255545943975,0,0,0,18.493483543396,0,183.763884544373,0.172906771302223,0,0.433473706245422,0,0,0,0,14.0555337369442,0,0,0,143.740063488483,0,0,0,0,0,0,0,0,0,0,0,3.90131057798862,0,23.0612925216556,0.167973086237907,0,0,1.08293844759464,0,1.80815622210503,0,15.087727420032,0,0,0,0,0,368.756575837731,0,14.184005856514,0,4,0,0,0.39611591398716,0,2.21553383767605,0,194.6924931705,0,1.77299112081528,0,0.842303842306137,0,2.35261230170727,0,0,0,0,0,7.25862401723862,0,2.73512570559978,0,130.072462320328,36.2867977321148,60.7143683582544,0,0
0,0.995570957660675,0,2.27367043495178,0,11.6820019483566,0,14.6802259981632,0,0,0,143.885818213224,0,0,0,0,1.87585634738207,5.06096418201923,38.658792167902,1024.67571805418,0,0,0,0,0,0,0,0,0,0,0,0,0,0,0,1203.83391037583,0,46.3716436177492,0,97.8312298506498,0,95.646005295217,0,0,0,496.490108288825,0,0,0,5.10630343854427,0,0,0,0,0,0,0,187.951633028686,0,17.5286545753479,0,0.39611591398716,0,0,0,0,0,0,0,0,0.861978366971016,0,410.356635935605,0,0,0,0,0,1555.45358300954,1.35937750339508,905.264057144523,0,340.669303759933,0,878.063282385468,0.724891275167465,0
0,0,6.62577876448631,0,2.46881175041199,0,41.7520403862,0,0,0,1021.64707091451,0,0,0,0,0,8.54303372651339,1.70608130097389,66.7509549707174,0,110.867945849895,0,0,0,0,0,0,0,0,0,0,0,0,0,0,0,437.021599948406,0,55.3386113643646,1.11840307712555,415.278350800276,1.2452427148819,234.546492621303,0,1.88720318675041,0.745829343795776,1187.53950657323,0.362203821539879,1.26896806061268,0,0,0,0,0,0,0,1146.29520504177,0,0,0,0,0,0,0,0,0,0,0,0,0,0,0,0,1.2389377951622,0,0,0,0,0.838616341352463,1358.51564125717,0.328590750694275,297.175975561142,309.223689056933,0,1226.45389349014,0,1.0120043605566
0,0,0,0,0,0,0,0,0,0.691949084401131,0,0,0,0,0,0,0,49.6221997439861,0,0,0,6836.33650942147,2.08496785163879,84.510743945837,0,182.292332351208,0,388.490456938744,0,0,0,0,0,0,0,0,0,4378.18972820044,9.95674610137939,0,0,0,0,0,0,0,0,0,0,113.568772658706,0,0,0,0,0,1.01435263454914,0,0,0,0,0,2.21553383767605,0,0,0,12.0148596763611,288.152518965304,0,477.017279885709,0,624.788663655519,0,0,0,0,0,0,0,0,0,344.204333662987,0,2240.87734125555,622.744768083096,0.92960113286972,0,0
0,0,0,0,0,0,0,0,0,0,0,0,0,0,0,0,0,0,0,0,0,826.704090178013,6054.15909647942,0,111.70018813014,0,9.68544030189514,0,35.065809905529,0,0,0,0,0,0,0,0,1.26087117195129,1035.97494918108,0,0,0,0,0,0,0,0,3.55578157305717,0,0,0,0,0,0,0,0,0,0,0,0,0,0,0,0,12.0148596763611,0,0,35.4313061833382,0,0,0,0,0,0,0,0,0,0,0,0,0,372.541612222791,1905.23616072536,12.7620826363564,0,0,0
0,0,0,0,0,0,0,0,0,48.365444034338,0,0,0,0,0,0,0,0,0,0,0,30.5850456058979,0,318.747418522835,0,15.2848729491234,0,0,0,0,0,0,0,0,0,0,0,455.78750410676,0,0,0,0,0,0,0,0,0,0,0,38.1380398571491,0,0,0,0,0,106.320701867342,0,0,0,0,0,194.6924931705,0,0,288.152518965304,0,0,0,153.074874222279,0,10.2010150402784,0,0,0,0,0,40.3891653269529,0,0,0,720.305506214499,0,10.423144608736,0,36.4352344274521,0,0
2.11449459195137,0.254614822566509,0,0,0,0,0,0,84.9706552475691,0,0,0,0,0,1.28973507881165,0,262.845424026251,0,0,0,0,0,138.719690531492,0,713.136440366507,0,63.6346080750227,0,0,0,0,0,0,0.302451521158218,2.05093306303024,0,0,9.06992422044277,778.297714799643,0,0,0,0.241046518087387,0,0,0,0,8.26701621711254,45.4812527000904,0.410740077495575,0,0,0,0,149.084215134382,0,0,0,0,0,163.4976477772,0,0,0,0,35.4313061833382,0,0,0,229.875845938921,0,0,0,0,0,0,0,0,0,0,0,601.722506076097,297.154865801334,0.310791283845901,52.3963098078966,0,0
0,0,0,0,0,0,0,0,0,63.5651178956032,0,0,0,0,0,0,1.91787171363831,86.7986226379871,0,0,0,24.4325362294912,0,257.108702242374,0,157.419683933258,0,372.101378202438,0,0,0,0,0,0,0,0,0,0,0,0,0,0,0,0,0,0,0,0,0,3.68212622404099,0,0,0,0,0,1.72940427064896,0,0,0,0,0,1.77299112081528,0,0,477.017279885709,0,153.074874222279,0,0,0,2.98989728093147,0,0,0,0,0,0,0,0,0,0,0,310.88263630867,0,0,0,0
0.362489983439445,0,0,0,0,0,0,0,16.1100661754608,0,0,0,1.10913407802582,0,0,0,315.002770364285,0,0,0,0,0,168.729982882738,0,951.06239117682,0,303.581118524075,0,11.3363062143326,0,0,0,0,0,0,0,0,0,1.73119774460793,0,0,0,0,0,0,0,0,0,12.5894320607185,0,0,0,0,0,92.1509876251221,0,0,0,0,0,42.297508969903,0,0,0,0,0,0,229.875845938921,0,0,0,1.85878682136536,0,0,0,0,0,0,0,0,0,0,686.295718923211,0,4.33301535248756,0,0
0,0.202878698706627,0,0.160785973072052,0,0,0,0,0,0,0,10.8530144691467,0,152.558950722218,0,0,0,0,2.50781807303429,0,0,17.1866248100996,0,0,0,8.22217953205109,0,4014.6514660418,0,1172.0802860558,0,0,0,0,0,0,0,218.614363729954,0,0,0,15.1795708984137,0,0,0,0,0,0,0,93.0922916829586,0,0,0,0,0,0,0,11.0153985917568,0,0.407943144440651,0,0.842303842306137,0.861978366971016,0,624.788663655519,0,10.2010150402784,0,2.98989728093147,0,0,0,170.342212080956,0,0,0,0,0,0,0,187.069621473551,0,532.687086433172,514.838307321072,4.20227353274822,1.58420848846436,0
0,0,0,0,0,0,0,0,0,0,71.5757286548615,0,1.16373991966248,0,0,0,0,0,0,0,0,0,58.2168346643448,0,0,0,10.7286972999573,0,1444.85890525579,0,0,0,0,0,0,0,0,0,169.107079029083,0,0,0,0,0,0,0,0,0,0,0,0,0,0,0,0,0,13.4103837311268,0,0,0,0,0,0,0,0,0,0,0,0,1.85878682136536,0,0,0,89.3428971767426,0,0,0,0,0,0,0,55.8974366933107,1692.72941923141,837.844130814075,0,0,0
0,20.4195871427655,0,97.0544416755438,0,0,0,0,0,2.4012708812952,0,557.431893408298,0,0,0,0,11.1817940920591,70.7185265645385,350.240104995668,2.83323320746422,0,0,0,0,0,0,0,0,0,1164.37405751646,0,0,0,0,0,0,0,1931.01414266229,0,20.9560848027468,5.02691289782524,1064.09352694452,3.83152629435062,0,0,14.4105570092797,2.17128600925207,0.243829444050789,0,218.503295190632,0,0,0,0,0,0.175554171204567,0,579.706098236144,0,3.19713990390301,0,2.35261230170727,410.356635935605,0,0,0,0,0,0,0,170.342212080956,0,0,0,0,0,0,0,21.9091008678079,4.23324556648731,596.724735751748,1.32765364646912,252.115914791822,0.420578747987747,400.922369755805,41.4348470568657,0
0,0,0,0,0,0,0,0,0,0,20.8475232124329,0,0,0,0,0,0.750723108649254,0,4.62027783691883,0,0,0,0,0,0,0,0,0,0,0,92.0135581493378,0,0,0,0,0,0,0,113.53047478199,0.662339985370636,2.0126077234745,0.233830995857716,74.0534522682428,0,0,0,0.222936630249023,0,16.0722645968199,0,0,0,0,0,0,0,1432.44501441717,0,0,0,0,0,0,1.2389377951622,0,0,0,0,0,0,0,89.3428971767426,0,0,0,0,0,0,0.108570337295532,2.75607222318649,0,32.7228352576494,117.363030694425,0,1044.81470111012,0,0
0,0,0,0,0,0,0,0,0,0,0,0,0,0,0,0,0,0,0,0,0,0,0,0,0,0,0,0,0,0,0,976.191327258945,792.072006329894,20.4876688718796,0,356.140582501888,300.019129082561,0,0,0,0,0,0,0,0,0,0,6.7819197177887,0,0,0,0,0,0,0,0,0,0,0,0,0,0,0,0,0,0,0,0,0,0,0,0,0,0,0,53.0713036060333,828.193028405309,0,65.6938946843147,4.10698020458221,0,0,129.300995364785,0,0,0,0
0,0,0,0,0,0,0,0,0,0,0,0,0,0,0,0,0,0,0,0,0,0,0,0,0,0,0,0,0,0,0,169.211773306131,1709.28348205984,9.44588334858418,79.6721424609423,59.9889661669731,762.150729119778,0,0,0,0,0,0,0,0,0,0,2199.53863555193,2.34887152910233,70.1052548587322,0,0,0,0,0,0,0,0,0,0,0,0,0,0,0,0,0,0,0,0,0,0,0,0,53.0713036060333,0,3.53829555213451,956.778945632279,0,2109.94279615581,0,2.31662128865719,255.298177480698,0,0,0,0
0,0,0,0,0,0,0,0,0,0.740697860717773,0,0,0,0,0,0,0,0,0,0,0,2.89799176156521,0,30.9152045249939,0,0,0,0,0,0,0,51.7052766382694,1.16670678555965,900.909330800176,1117.94282406569,1339.28249758482,0,267.519145645201,42.9456341415644,0,0,0.19340917468071,0,0,0,0,0,394.428292810917,5.98784328997135,0,0,0,0,0,0,7.46978516876698,0,0,0,0,0,0,0,0,0,0,40.3891653269529,0,0,0,0,0,0,0,828.193028405309,3.53829555213451,0,223.405585765839,187.109855920076,0,55.9308703243732,2.32083658874035,157.512657985091,1.99681715667248,0.334603190422058,0,0
0,0,0,0,0,0,0,0,0,0,0,0,0,0,0,0,0,0,0,0,0,0,0,0,0,0,0,0,0,0,0,0,92.2150532007217,1625.83767741919,903.879896983504,0,1044.33824243397,192.388184040785,64.6785523295403,0,0,0,0,0,0,0,0,480.28784789145,2.75565457344055,0.158814027905464,0,0,0,0,0,0,0,0,0,0,0,0,0,0,0,0,0,0,0,0,0,0,0,0,0,956.778945632279,223.405585765839,0,0,748.777782000601,26.6285005956888,392.81172542274,671.475117355585,0,0.155784547328949,0,0
0,15.6101015657187,0.251366727054119,67.5126355737448,0,3.65613627433777,0,0,0,0,0,100.439456999302,0,0,0,0,122.958776883781,176.816389657557,1252.41148199141,141.89488004148,0,0,0,0,0,0,0,0,0,0,0,75.6842097043991,0.54931777715683,346.127909839153,0,19708.6495711654,4619.39512884617,479.198405593634,100.976015895605,921.538263782859,17.1324691548944,1009.15891896188,14.6655666828156,0,0.141536444425583,800.871653065085,11.9415159448981,667.724524259567,0,740.572674103081,0,1.55996131896973,0,0,0,0,0,6.88116797059774,0,0.96367010474205,0,7.25862401723862,1555.45358300954,0.838616341352463,0,0,0,0,0,0,0,0,21.9091008678079,0.108570337295532,65.6938946843147,0,187.109855920076,0,0,108.673608005047,626.648260772228,11.2233576774597,5193.5908029601,403.606580503285,729.289835870266,16.1709845140576,0.141005322337151
0,0,12.4016913175583,0,82.6401721015573,0,0,0,1.11638769507408,0,46.7887442708015,0,0,0,0,0,91.8016760721803,28.570834249258,827.689074836671,0,85.3786587566137,0,0,0,0,0,0,0,0,0,0,34.2407623529434,179.477063760161,0.451077729463577,359.980598829687,629.460797011852,22329.6246373132,19.8403276205063,4230.31983630359,7.43549811094999,276.304836392403,30.1706921383739,674.983102031052,0,20.5447140783072,1.30950094759464,1551.14061316848,2345.45377559215,189.706694692373,3.52702617645264,20.6851435229182,0,0,0,0,0,11.1982416510582,0,0,0.368200391530991,0,0,1.35937750339508,1358.51564125717,0,0,0,0,0,0,0,0,4.23324556648731,2.75607222318649,4.10698020458221,2109.94279615581,0,748.777782000601,108.673608005047,0,3.45722408592701,3158.540745534,8854.36186797172,1509.55753273517,1441.69242995977,0.158637151122093,19.3607008159161
