0,0,0.119177885677504,0,0,0,0,0,0.234674898483375,0,0,0,0,0,0,0,0,0,0,0,0,0,0,0,0.181257303059101,0,0,0,0,0,0,0,0,0,0,0,0,0,0,0,0,0,0,0,0,0,0,0,0.113772511482239,0,0,0,0,0,0.272228325473833,0,0,0,0,0,0.185364335775375,0,0,0,0,0,0,0.17994724214077,0,0,0,0,0,0,0,0,0,0,0,0,0,0,0.167464179670241,0,0.170785224228575,0,0
0,0,0,0.163085460430011,0,0.18986788392067,0,0,0,0.206684223771095,0,0,0,0,0,0,0,0,0,0,0,0,0,0,0,0,0,0,0,0,0,0,0,0,0,0,0,0,0,0,0,0.264654528568773,0,0,0,0,0,0,0,0.225918516763393,0,0.193765383923338,0,0,0,0.213132947173409,0,0.299323001078197,0,0,0,0.213822869030205,0,0,0,0,0.207493640739342,0,0.264863252639771,0,0,0,0,0,0,0,0,0,0,0,0,0,0.135033315053215,0,0.204355815236551,0,0
0.119177885677504,0,0,0,0.20496941243901,0,0,0,0.170426815748215,0,0,0,0,0,0,0,0,0,0,0,0,0,0,0,0,0,0,0,0,0,0,0,0,0,0,0,0,0,0,0,0,0,0.269630204886198,0,0,0,0.169227559119463,0,0.125437527894974,0,0.203339718083918,0,0,0,0.195646554231644,0,0.206795765293969,0,0,0,0,0,0,0,0,0,0,0,0,0,0,0,0,0.294887036085129,0,0,0,0,0,0,0,0,0.16158999650328,0,0.16378953835807,0,0.230381160974503
0,0.163085460430011,0,0,0,0.143748622831135,0,0,0,0.153781442566121,0,0,0,0,0,0,0,0,0,0,0,0.322291791439056,0,0,0,0,0,0,0,0,0,0,0,0,0,0.0906078144907951,0,0,0,0,0,0.304541990574863,0,0,0,0.231524303555489,0,0,0,0.29391147394975,0,0.200646664438531,0,0,0,0.143385633826256,0,0.251917579344341,0,0.190975544353326,0,0.194200023077428,0.2435367628932,0,0,0,0,0,0.303811818361282,0,0.313072428107262,0,0.311418832540512,0,0,0,0,0,0,0,0.31130266851849,0,0.132866878138513,0.114457808434963,0.17761109244213,0.221567548811436,0
0,0,0.20496941243901,0,0,0,0.171450365933457,0,0,0,0.289890289306641,0,0.159012329598812,0,0,0,0,0,0.268673590251378,0,0.219675217991445,0,0,0,0,0,0,0,0,0,0,0,0,0,0.265379041433334,0,0.265176180161928,0,0.305085520852696,0,0.238653381665548,0.21035735309124,0.252599755471403,0,0,0,0.233661086112261,0.267381634563208,0.25095671415329,0.244771987199783,0.193791574568584,0,0.172860887165992,0,0.19125319252143,0,0.217786787474742,0,0.197388851702613,0,0,0,0,0.241896752708702,0,0,0,0,0,0,0,0,0,0.296233993687042,0,0,0,0.276668459177017,0,0.26650214308139,0,0.300454638898373,0.187821673945739,0,0.207971777404304,0,0.258138908073306
0,0.18986788392067,0,0.143748622831135,0,0,0,0.200184799730778,0,0,0,0,0,0,0,0,0.315845429897308,0.292964786291122,0.280268986310278,0.197429510994234,0,0,0,0,0,0,0,0,0,0,0,0,0,0.299801260232925,0,0.236631164010966,0,0.304525911808014,0,0.256434735553018,0,0.262803366860828,0,0,0,0.238871194895693,0,0.290762300757195,0.306174963712692,0.272794549343407,0,0.186182899676539,0,0.203124320974537,0,0,0,0.233404517173767,0,0.236109465360641,0,0,0.230296304614231,0,0,0,0,0,0,0,0.293086250623067,0,0.307904080702708,0,0.301155567169189,0,0,0,0.23591115619515,0.302267769972483,0.31673115119338,0.340506702661514,0.171665800792747,0,0.252680622263631,0.242519641915957,0
0,0,0,0,0.171450365933457,0,0,0,0,0,0,0,0.110507896033729,0,0,0,0,0,0,0,0,0,0,0,0,0,0,0,0,0,0,0,0,0,0,0,0,0,0,0,0,0,0,0,0,0,0,0,0,0,0.158275644694056,0,0.161144899502719,0,0,0,0.189561100469695,0,0.123165272176266,0,0,0,0,0,0,0,0,0,0,0,0,0,0,0,0,0,0,0,0,0,0,0,0.154138889920664,0.164264863174336,0,0,0
0,0,0,0,0,0.200184799730778,0,0,0,0,0,0.155510057361774,0,0,0,0,0,0,0,0,0,0,0,0,0,0,0,0,0,0,0,0,0,0,0,0,0,0,0,0,0,0,0,0,0,0,0,0,0,0,0,0.161785334348679,0,0.180411065279534,0,0,0,0,0,0.212084591388702,0,0,0,0,0,0,0,0,0,0,0,0,0,0,0,0,0,0,0,0,0,0,0.167422097372381,0,0,0,0
0.234674898483375,0,0.170426815748215,0,0,0,0,0,0,0.193423716085298,0,0,0,0,0.176865826767904,0,0.221734228416058,0.199936490996104,0.249277376422757,0,0,0.19128629565239,0.204307436943054,0,0.184787045956544,0.201523790756861,0.193192837805283,0,0.21882551908493,0,0,0,0,0,0,0,0,0,0.319281789991591,0,0,0.29512095451355,0.319032251834869,0,0,0,0,0,0,0,0,0,0,0,0.247466019861145,0,0,0,0,0,0.179906100034714,0,0,0,0,0,0,0.162377592377566,0,0.205331672696357,0,0,0,0,0,0,0,0,0.290337294340134,0.365135490894318,0.326637387275696,0.308313108798934,0.211528882100769,0.186757126162129,0.244598750363697,0,0
0,0.206684223771095,0,0.153781442566121,0,0,0,0,0.193423716085298,0,0,0,0,0,0.169364333152771,0.184532009065151,0.190968883272849,0.200907765705254,0.220278299848239,0,0,0.215597168965773,0,0.173584181294646,0.179256811738014,0.191977337002754,0.17862294614315,0,0,0,0,0,0,0,0,0,0,0.177346541709507,0,0.260551631450653,0.248575508594513,0.189439413639215,0.288778573274612,0,0,0,0,0,0,0.230260749294506,0,0,0,0,0.184737220406532,0.221331378039327,0,0,0,0,0.181335851550102,0,0,0,0,0,0.199482565495505,0.169143334031105,0,0.193559497594833,0,0,0,0,0,0,0,0,0,0,0.220306133633261,0.28325167298317,0.17765639865207,0.242309525609016,0.149924028664827,0,0
0,0,0,0,0.289890289306641,0,0,0,0,0,0,0,0.232991109291712,0,0,0,0,0,0,0,0.165298491979656,0,0,0,0,0,0,0,0,0,0.239031746020091,0,0,0,0,0,0.193714529132153,0,0.176564831785543,0,0,0,0,0,0,0,0.3116232107083,0,0,0,0,0,0,0,0,0,0.223929479080197,0,0.230977709094683,0,0,0,0,0.208738712537087,0,0,0,0,0,0,0,0.417768180370331,0,0.35537494739441,0,0,0,0,0,0.292622406035662,0,0.199582525623231,0.178912002374144,0,0.274496736004949,0,0
0,0,0,0,0,0,0,0.155510057361774,0,0,0,0,0,0.165110900998116,0,0,0,0,0.316374748945236,0.144880182191623,0,0,0,0,0,0,0,0,0,0.142543779355343,0,0,0,0,0,0.131729070824094,0,0.155140705513798,0,0,0,0,0,0,0,0,0,0,0,0,0,0,0,0.159787321090698,0,0,0,0.204045345523496,0,0.151413088043531,0,0,0.177796206432175,0,0,0,0,0,0,0,0,0,0.252960443230612,0,0,0,0,0,0.147877209038744,0,0.22571042831023,0,0.16159625598137,0.215050593018532,0,0,0
0,0,0,0,0.159012329598812,0,0.110507896033729,0,0,0,0.232991109291712,0,0,0,0,0,0.155710288343277,0,0.168043538928032,0,0,0,0,0,0,0,0.128491642160548,0,0,0,0,0,0,0,0,0,0,0,0,0,0,0,0,0,0,0,0,0,0,0,0.133687187518392,0,0.119009117484093,0,0,0,0.242300599813461,0,0.182360621185406,0,0.161404363811016,0,0,0,0,0,0,0,0,0.132013201713562,0,0,0,0,0,0,0,0,0,0,0,0,0.151170617341995,0.133358530700207,0,0,0
0,0,0,0,0,0,0,0,0,0,0,0.165110900998116,0,0,0,0,0,0,0,0,0,0,0,0,0,0,0,0.193777158856392,0,0,0,0,0,0,0,0,0,0,0,0,0,0,0,0,0,0,0,0,0,0,0,0.252147063612938,0,0.173782169818878,0,0,0,0.221844023891858,0,0.242221534699202,0,0,0,0,0,0,0,0,0,0,0.13796822912991,0,0,0,0,0,0,0,0,0,0,0,0.19866701147773,0.258369777351618,0,0,0
0,0,0,0,0,0,0,0,0.176865826767904,0.169364333152771,0,0,0,0,0,0,0.18001287038389,0.192085899710655,0.22728544101119,0,0,0,0.202988639473915,0,0.180976059091719,0,0.153820854939263,0,0,0,0,0,0,0,0,0,0,0,0,0.292182147502899,0,0,0,0,0,0,0,0,0.172980802563521,0,0,0,0,0,0.177225068098668,0,0,0,0.166234595372396,0,0.157597116483697,0,0,0,0,0,0,0.193640266855558,0,0.161681405786011,0,0,0,0,0,0,0,0,0,0,0.27887687087059,0,0.165793951286272,0.15787298521217,0,0,0
0,0,0,0,0,0,0,0,0,0.184532009065151,0,0,0,0,0,0,0.189355393250783,0.177936778941625,0.185567528009415,0,0,0,0,0.129483595490456,0,0.159244365990162,0,0,0,0,0,0,0,0,0,0,0,0,0,0,0,0,0,0,0,0,0,0,0,0,0,0,0,0,0,0.184473820030689,0,0,0,0,0,0.356125918527444,0,0,0,0,0.195186038812002,0,0.173035457730293,0,0,0,0,0,0,0,0,0,0,0,0,0,0.166302582016215,0,0,0,0
0,0,0,0,0,0.315845429897308,0,0,0.221734228416058,0.190968883272849,0,0,0.155710288343277,0,0.18001287038389,0.189355393250783,0,0.21274663554428,0.271356164745285,0,0,0.167704337699847,0.136447497776576,0.17129818882261,0.190066650319607,0.194888347759843,0.162007174648022,0,0.153722457587719,0,0,0,0,0,0,0.343331238156871,0.352229216446479,0.349179923534393,0.342510491609573,0.308369490078517,0.314395460097686,0.283541178232745,0.298733487592212,0.316156363912991,0.309497334063053,0.310147829353809,0.295862065120177,0,0.319935828447342,0.321291428473261,0,0,0,0,0.199170822659171,0,0.320155104001363,0,0,0,0.175151520967484,0,0.310310035943985,0.315885835886002,0,0.137715250253677,0.197179436683655,0.206567544602987,0,0.169290095594796,0.277585178613663,0,0.331348784267902,0.343003295361996,0,0,0,0,0.33564950875614,0.341694065482817,0.328850848170427,0.337396915256977,0.212723499046015,0.161997740885196,0.315438508168682,0.294013891901289,0.300583236935464
0,0,0,0,0,0.292964786291122,0,0,0.199936490996104,0.200907765705254,0,0,0,0,0.192085899710655,0.177936778941625,0.21274663554428,0,0.267856456788207,0,0,0.172076592237686,0,0.189405000427874,0.204159154460348,0.180459813096307,0.206903781948818,0,0.239747166633606,0,0,0,0,0,0,0.34301501777437,0.339873380385912,0.334077328443527,0.347088019053141,0.309525506927612,0.314883531016462,0.289225982487664,0.303811198382667,0.302399816838178,0.328984965880712,0.311678224802017,0.33274397429298,0.267733320593834,0.324101611971855,0.30883196182549,0,0.255257099866867,0,0,0.210285382469495,0.216819897294044,0.356792658567429,0.317303985357285,0,0,0.174783070571721,0,0.314869297875298,0.353830526272456,0.149648448452353,0,0.18561863899231,0.212199386386644,0.162844609130513,0.200777261739685,0.300269275903702,0,0.326303124427795,0.321978666952678,0,0,0.270945996046066,0.306335091590881,0.326831818361,0.344465202518872,0.332528898871042,0.345720695379453,0.210605571330616,0.233714718511913,0.313474100692706,0.285725153305314,0.299219033410472
0,0,0,0,0.268673590251378,0.280268986310278,0,0,0.249277376422757,0.220278299848239,0,0.316374748945236,0.168043538928032,0,0.22728544101119,0.185567528009415,0.271356164745285,0.267856456788207,0,0,0.293274819850922,0.262987603743871,0.268944293260574,0.184042797982693,0.23474717411128,0.231742479584434,0.233592445030808,0,0.20315857976675,0,0,0,0,0,0,0.355321231709663,0.367315954501086,0.348090632094277,0.382132950684299,0.311507768719719,0.319731536378031,0.256951380107138,0.255053161478362,0.427030807841689,0.441214291787729,0.349725254074387,0.312917436104874,0.26426746779018,0.306453567412164,0.330408397046002,0.27458955347538,0,0,0,0.241992350667715,0.223260298371315,0.314951928762289,0.297061284383138,0,0,0.209838335712751,0,0.322471031120845,0.311942964792252,0,0,0.209905348718166,0.240898868867329,0,0.233227608459336,0.352742061018944,0,0.343508694759187,0.361868952214718,0,0,0.411400526762009,0.320450554291407,0.354436407074124,0.356962062011838,0.3459184238006,0.358071949906074,0.256596603431888,0.260276437228181,0.347388154093353,0.261743302448936,0.266990454216893
0,0,0,0,0,0.197429510994234,0,0,0,0,0,0.144880182191623,0,0,0,0,0,0,0,0,0,0,0,0,0,0,0,0,0,0,0,0,0,0,0,0.16928236681374,0,0.165330804985459,0,0.253983497619629,0,0,0,0,0,0.267797157168388,0,0,0,0,0,0.204413957893848,0,0,0,0,0,0.155488655776591,0,0,0,0,0.212277889287587,0,0,0,0,0,0,0,0,0,0.317950777709484,0,0,0,0,0,0.221310851476132,0,0.231478562028491,0,0.179731576778423,0,0,0,0
0,0,0,0,0.219675217991445,0,0,0,0,0,0.165298491979656,0,0,0,0,0,0,0,0.293274819850922,0,0,0,0,0,0,0,0,0,0,0,0,0,0,0,0,0,0.153854497025913,0,0.16912720852891,0,0.252336484690507,0,0.31474404864841,0,0.470999151468277,0,0.310855943644256,0.324507236480713,0.280424420038859,0.282497316598892,0,0,0,0,0,0,0.312976503032166,0,0,0,0,0,0,0.236547824533516,0,0,0,0,0,0,0,0.41225145260493,0,0.377755304073033,0,0,0,0,0,0.222479867130359,0,0.212606958310996,0.151372460254901,0.271244794130325,0.318053371684496,0,0
0,0,0,0.322291791439056,0,0,0,0,0.19128629565239,0.215597168965773,0,0,0,0,0,0,0.167704337699847,0.172076592237686,0.262987603743871,0,0,0,0.104249117075888,0.191750875333011,0,0.175619110559361,0,0.171457738830493,0,0,0,0,0,0,0,0,0,0.218874910320534,0,0.333290055394173,0,0.370920880482747,0,0,0,0.358471233397722,0,0.380811020731926,0,0.351496950128278,0,0,0,0,0,0,0,0.340139992535114,0,0,0.186896607279778,0,0.371369510889053,0,0.222513307082026,0.0925933830440044,0.232382703483105,0,0.211673940463764,0,0.323131621640346,0,0.347542781625274,0,0,0,0,0,0.345982000231743,0,0.310333657507642,0,0.137680565713925,0.140139272170407,0.388899668174631,0.396729819476604,0
0,0,0,0,0,0,0,0,0.204307436943054,0,0,0,0,0,0.202988639473915,0,0.136447497776576,0,0.268944293260574,0,0,0.104249117075888,0,0,0.15287331787269,0,0,0,0.219791800811373,0,0,0,0,0,0,0,0,0,0.186858501091193,0,0,0,0.288380533456802,0,0,0,0,0,0.25320767743611,0,0,0,0,0,0,0,0,0,0,0,0,0,0,0,0.102984323352575,0.201342706127275,0,0.192623328233119,0,0.238489575602196,0,0.220439539333864,0,0.260805790435593,0,0,0,0,0,0,0.106646552681923,0.317662378377987,0.132965844611666,0.127409037202597,0.20470629632473,0,0
0,0,0,0,0,0,0,0,0,0.173584181294646,0,0,0,0,0,0.129483595490456,0.17129818882261,0.189405000427874,0.184042797982693,0,0,0.191750875333011,0,0,0,0.140460938523556,0,0,0,0,0,0,0,0,0,0,0,0.181305093562403,0,0,0,0,0,0,0,0,0,0,0,0.278046097880916,0,0,0,0,0,0.158041208982468,0,0.370543291171392,0,0,0,0,0.338054433465004,0,0.21861736090492,0,0.174725863079612,0,0.231409986104284,0,0.315037228167057,0,0,0,0,0,0,0,0,0,0.249134146256579,0,0.160544464607602,0,0.298452004240673,0,0
0.181257303059101,0,0,0,0,0,0,0,0.184787045956544,0.179256811738014,0,0,0,0,0.180976059091719,0,0.190066650319607,0.204159154460348,0.23474717411128,0,0,0,0.15287331787269,0,0,0,0.179641649241631,0,0,0,0,0,0,0,0,0,0,0,0.160767081974172,0.271093428134918,0,0,0,0,0,0,0,0,0.225712062815563,0,0,0,0,0,0.165816258784779,0,0,0,0,0,0.167078526483642,0,0,0,0,0.18490579035943,0,0.168495100824996,0,0.178769182827738,0,0.281900070607662,0,0.323982834815979,0,0,0,0,0,0,0,0.176637819104821,0.190304223204555,0.190654996978609,0.270388919471774,0,0
0,0,0,0,0,0,0,0,0.201523790756861,0.191977337002754,0,0,0,0,0,0.159244365990162,0.194888347759843,0.180459813096307,0.231742479584434,0,0,0.175619110559361,0,0.140460938523556,0,0,0,0.15851769944032,0,0,0,0,0,0,0,0,0,0,0,0,0,0.239749893546104,0,0,0,0,0.266800582408905,0,0,0,0,0,0,0,0,0,0,0,0,0,0,0.162976663559675,0,0,0.178152608275414,0,0.120703218271956,0,0.2138860829512,0,0.111190516163002,0,0,0,0,0,0,0,0.332295954227448,0,0.27515497803688,0,0.174719220898694,0.182151113947233,0.271637469530106,0,0
0,0,0,0,0,0,0,0,0.193192837805283,0.17862294614315,0,0,0.128491642160548,0,0.153820854939263,0,0.162007174648022,0.206903781948818,0.233592445030808,0,0,0,0,0,0.179641649241631,0,0,0,0.142322709473471,0,0,0,0,0,0,0,0,0,0,0,0,0,0,0,0,0,0,0,0.34514969587326,0,0,0,0,0,0.175712612114455,0,0,0,0,0,0.154846043684162,0,0,0,0,0.164862792938948,0,0.156209147402218,0,0.156767698994094,0,0.158931389451027,0.283325493335724,0,0,0,0,0,0,0.342861369252205,0.321430325508118,0,0.162045424998237,0.156114890852145,0,0,0
0,0,0,0,0,0,0,0,0,0,0,0,0,0.193777158856392,0,0,0,0,0,0,0,0.171457738830493,0,0,0,0.15851769944032,0,0,0,0.139414415959223,0,0,0,0,0,0,0,0.157493708068377,0,0,0,0,0,0,0,0,0,0,0,0,0,0,0,0,0,0,0,0,0,0,0,0,0,0,0.200210600767447,0,0,0,0.236555872218949,0,0.164859605875487,0,0.173252676214491,0,0,0,0,0,0,0,0.169417625436416,0,0.162886623006601,0,0,0,0
0,0,0,0,0,0,0,0,0.21882551908493,0,0,0,0,0,0,0,0.153722457587719,0.239747166633606,0.20315857976675,0,0,0,0.219791800811373,0,0,0,0.142322709473471,0,0,0,0.148813092554438,0,0,0,0,0,0,0,0.151040759682655,0,0,0,0,0,0,0,0,0,0.261139750480652,0,0,0,0,0,0.187836289405823,0,0,0,0.169804657498995,0,0.122246438637376,0,0,0,0,0.175652015954256,0,0,0,0.124384179711342,0,0.214682615123504,0,0.153071669283612,0,0,0,0,0,0,0,0.156645274975083,0.154523348961121,0.140283549204469,0,0,0
0,0,0,0,0,0,0,0,0,0,0,0.142543779355343,0,0,0,0,0,0,0,0,0,0,0,0,0,0,0,0.139414415959223,0,0,0,0,0,0,0,0,0,0.160551076647539,0,0,0,0,0,0,0,0,0,0,0,0,0,0,0,0,0,0,0,0.238166709327035,0,0,0,0,0,0,0,0,0,0,0,0,0.173711237192404,0,0.197859190227345,0,0,0,0,0,0,0,0.190243496513367,0,0.141757436096668,0,0,0,0
0,0,0,0,0,0,0,0,0,0,0.239031746020091,0,0,0,0,0,0,0,0,0,0,0,0,0,0,0,0,0,0.148813092554438,0,0,0,0,0,0,0,0,0,0.207661355362286,0,0,0,0.388112753629684,0,0,0,0.29794208918299,0.30713839828968,0.309591948986053,0,0.285022705793381,0,0,0,0,0,0.271693209841334,0,0,0,0,0,0,0.320155475450599,0,0,0,0,0,0,0,0,0,0.252972448944774,0,0,0,0,0,0.277076264222463,0,0.278761404398523,0.153792814662059,0,0.390739053487778,0,0
0,0,0,0,0,0,0,0,0,0,0,0,0,0,0,0,0,0,0,0,0,0,0,0,0,0,0,0,0,0,0,0,0.289129151423772,0.286158040165901,0,0.211233932664484,0,0,0,0.291246622800827,0,0,0,0,0,0,0,0.424400091769486,0,0.341181569629245,0,0.300631821155548,0,0,0,0,0,0,0,0,0,0,0,0,0,0,0,0,0,0,0,0,0,0,0.311613606527676,0.285080190786381,0.313232542893101,0,0.293289410578414,0.366723090410233,0.301943182945251,0,0.311781617830384,0,0.309921629726887,0,0
0,0,0,0,0,0,0,0,0,0,0,0,0,0,0,0,0,0,0,0,0,0,0,0,0,0,0,0,0,0,0,0.289129151423772,0,0.449887005182413,0.221175436375072,0,0.18864631463514,0,0,0,0,0,0,0,0,0,0,0.464524778743718,0.226916149258614,0,0,0,0,0,0,0,0,0,0,0,0,0,0,0,0,0,0,0,0,0,0,0,0,0,0.294095429531216,0.335463638450439,0.404894569516182,0.374662395211912,0.365005544490284,0.24742210973744,0,0,0.200698763368622,0,0,0,0
0,0,0,0,0,0.299801260232925,0,0,0,0,0,0,0,0,0,0,0,0,0,0,0,0,0,0,0,0,0,0,0,0,0,0.286158040165901,0.449887005182413,0,0.267835813043005,0.172127145183098,0,0.157431732242306,0.1791967228055,0.325075726956129,0.318369577328364,0.305496916174889,0,0,0,0.310132539272308,0.289405800402164,0.406805261742189,0.430826072891553,0.397256155099188,0,0.318951338529587,0,0,0,0,0,0,0,0,0,0,0.318294584751129,0,0,0,0.341630965471268,0,0,0,0,0,0.341371208429337,0,0.287666791906724,0.443769931793213,0.236426182375295,0.194037086860492,0.205881303265269,0,0.185759162047395,0.164960827212781,0.188434173179939,0.17921480671926,0.355510062896288,0,0
0,0,0,0,0.265379041433334,0,0,0,0,0,0,0,0,0,0,0,0,0,0,0,0,0,0,0,0,0,0,0,0,0,0,0,0.221175436375072,0.267835813043005,0,0.304334744811058,0.181583079675965,0.41286027431488,0.166761143591957,0,0.331752409537633,0.34173110127449,0.294479212164879,0,0,0.368318796157837,0.270088881254196,0.429425019896689,0.360160834830383,0.417966648936272,0,0,0,0,0,0,0,0,0,0,0,0,0.332020729780197,0.275091309632574,0,0,0,0,0,0,0,0,0,0,0,0.239715720926012,0.231511232256889,0.264564442900045,0.347283512353897,0.231905536718452,0,0.206096246450967,0.175116943658158,0,0.307056494057178,0,0
0,0,0,0.0906078144907951,0,0.236631164010966,0,0,0,0,0,0.131729070824094,0,0,0,0,0.343331238156871,0.34301501777437,0.355321231709663,0.16928236681374,0,0,0,0,0,0,0,0,0,0,0,0.211233932664484,0,0.172127145183098,0.304334744811058,0,0.163809291203506,0.170339554746537,0.165797736495733,0.316677840116123,0.292045766115189,0.322980099230361,0.308228509293662,0.444619915418086,0,0.292220496613046,0.371289908885956,0.398963421325519,0.292996812408621,0.301464275313685,0,0.243657002136821,0,0,0,0,0,0.22418458965318,0,0,0,0,0.198491328519017,0.336301892995834,0,0,0,0,0.331335365772247,0,0.314686792237418,0,0.346446687834603,0.363723387320836,0.288782817652687,0,0.217591034304431,0.302707567811012,0.222245519464998,0.217058944859003,0.256583870406192,0.269394190981984,0.203079133150654,0.189578663557768,0.333786512595534,0.346400160874639,0.330735199153423
0,0,0,0,0.265176180161928,0,0,0,0,0,0.193714529132153,0,0,0,0,0,0.352229216446479,0.339873380385912,0.367315954501086,0,0.153854497025913,0,0,0,0,0,0,0,0,0,0,0,0.18864631463514,0,0.181583079675965,0.163809291203506,0,0.151974007487297,0.185090234250994,0,0.341579569237573,0.316532242298126,0.335792455739445,0.394073754549026,0.432277297973633,0.37257507443428,0.281829819300605,0.232747984925906,0.266923977947626,0.260028010606766,0,0,0,0,0,0,0.204643496700696,0,0,0,0,0,0,0.226529087861834,0,0,0,0,0,0,0.365295588970184,0,0.368493914604187,0.330211507422583,0,0.252656758558459,0,0.281002865699322,0.190103352978462,0.231587162818874,0,0.258790626045104,0.184023474605302,0.172371157234715,0.369370709924862,0.297579705715179,0.347224597747509
0,0,0,0,0,0.304525911808014,0,0,0,0.177346541709507,0,0.155140705513798,0,0,0,0,0.349179923534393,0.334077328443527,0.348090632094277,0.165330804985459,0,0.218874910320534,0,0.181305093562403,0,0,0,0.157493708068377,0,0.160551076647539,0,0,0,0.157431732242306,0.41286027431488,0.170339554746537,0.151974007487297,0,0.141011259730228,0.293252639472485,0,0.32922133230246,0.299817711114883,0.441411667636463,0,0.309278585229601,0.315010219812393,0.513162397879821,0,0.364112053591181,0,0,0,0,0,0.228214010596275,0,0.214508984237909,0,0,0,0,0.238496795552117,0,0.236838891840818,0,0.21829076778515,0,0,0,0.340548306570521,0,0.186117291274898,0,0,0,0.170945074911236,0,0.226176673798242,0.27190176397562,0.228226984090599,0.140590881024088,0.161579302735684,0.160750899706366,0.367411152009041,0.372216045856476,0
0,0,0,0,0.305085520852696,0,0,0,0.319281789991591,0,0.176564831785543,0,0,0,0,0,0.342510491609573,0.347088019053141,0.382132950684299,0,0.16912720852891,0,0.186858501091193,0,0.160767081974172,0,0,0,0.151040759682655,0,0.207661355362286,0,0,0.1791967228055,0.166761143591957,0.165797736495733,0.185090234250994,0.141011259730228,0,0,0.371247670480183,0.345140303884234,0.351247058290502,0,0.463501782520958,0,0.288419695020472,0.245413220697834,0.326371453155232,0,0,0,0,0,0.298209206441815,0,0.201709478026643,0,0,0,0,0,0,0.267123024780433,0,0.206171434127078,0,0.183271802617291,0,0,0,0,0,0.245695208509763,0,0,0,0.184879496403463,0.356421023607254,0.253072691128828,0.164061912335455,0.217097922927599,0.162159364703022,0.146888317582007,0.313483422898032,0.33073017001152,0.373217384923588
0,0,0,0,0,0.256434735553018,0,0,0,0.260551631450653,0,0,0,0,0.292182147502899,0,0.308369490078517,0.309525506927612,0.311507768719719,0.253983497619629,0,0.333290055394173,0,0,0.271093428134918,0,0,0,0,0,0,0.291246622800827,0,0.325075726956129,0,0.316677840116123,0,0.293252639472485,0,0,0.34879744052887,0.307741543780202,0.274498332453811,0.312623345784927,0,0.243938932226876,0,0.273479971349239,0.284682961180806,0.253720067005002,0,0.258777987957001,0,0,0,0,0,0.275097559690475,0,0,0,0,0.312436643187131,0.301616370677948,0,0,0.300148278474808,0,0,0,0.299622867256403,0,0.299351685067527,0.314914246400197,0,0,0.333947896957397,0,0.271870715295275,0.352985189511226,0.257832556155515,0.331480234861374,0.31015878142876,0.297977933287621,0.301357666078161,0.292246217140928,0.30881138642629
0,0,0,0,0.238653381665548,0,0,0,0,0.248575508594513,0,0,0,0,0,0,0.314395460097686,0.314883531016462,0.319731536378031,0,0.252336484690507,0,0,0,0,0,0,0,0,0,0,0,0,0.318369577328364,0.331752409537633,0.292045766115189,0.341579569237573,0,0.371247670480183,0.34879744052887,0,0.268380286438125,0.294025375874823,0,0.330208597438676,0,0.214256254849965,0.29692462698561,0.29485130178954,0.286816857755184,0.24455064535141,0,0,0,0,0,0.287615237491471,0,0,0,0,0,0,0.255877490882035,0,0,0,0,0,0,0,0.280893415212631,0.343377262353897,0.317329527979547,0,0,0.316677540540695,0.302570764941198,0.352306962013245,0.262181037083065,0.357715725898743,0.244145662335066,0.302569060486818,0.284512042999268,0.315710509889119,0.343148946762085,0.300500403384905
0,0.264654528568773,0,0.304541990574863,0.21035735309124,0.262803366860828,0,0,0.29512095451355,0.189439413639215,0,0,0,0,0,0,0.283541178232745,0.289225982487664,0.256951380107138,0,0,0.370920880482747,0,0,0,0.239749893546104,0,0,0,0,0,0,0,0.305496916174889,0.34173110127449,0.322980099230361,0.316532242298126,0.32922133230246,0.345140303884234,0.307741543780202,0.268380286438125,0,0.240457294253402,0.239875590082389,0,0.310510207717411,0.271663129329681,0.292262468647252,0.255888041777489,0.32516310886308,0,0.265180072850651,0,0,0,0,0,0.353379397829877,0,0,0.247376501560211,0,0.353710032173759,0,0.349903829395771,0,0.388157472014427,0,0.395176589488983,0,0.376872698776424,0,0.346036466777571,0.316954736198698,0,0,0.291495215892792,0.247681337594986,0.314947997043036,0.306181711659712,0.32001894987097,0.322109096536511,0.270233499867639,0.283515152477083,0.307802638252802,0.267118802853415,0.237500099465251
0,0,0.269630204886198,0,0.252599755471403,0,0,0,0.319032251834869,0.288778573274612,0,0,0,0,0,0,0.298733487592212,0.303811198382667,0.255053161478362,0,0.31474404864841,0,0.288380533456802,0,0,0,0,0,0,0,0.388112753629684,0,0,0,0.294479212164879,0.308228509293662,0.335792455739445,0.299817711114883,0.351247058290502,0.274498332453811,0.294025375874823,0.240457294253402,0,0.270355736215909,0.260045763049553,0.259810525923967,0.318825136785266,0.325208486428206,0.303507461271027,0.273578037818273,0.269819669425488,0,0,0,0,0,0.323037203281156,0,0,0,0,0,0.284033432602882,0.355306600657977,0,0,0,0,0,0.210397124290466,0,0.405004411935806,0.289980781078339,0.332854262370114,0,0,0.259404450654984,0.277911144651865,0.295224497447143,0.320226936897085,0.287900760769844,0.333113097018729,0.284302988881793,0.29644689815385,0.311456915226249,0.241238753903996,0.230170080944422
0,0,0,0,0,0,0,0,0,0,0,0,0,0,0,0,0.316156363912991,0.302399816838178,0.427030807841689,0,0,0,0,0,0,0,0,0,0,0,0,0,0,0,0,0.444619915418086,0.394073754549026,0.441411667636463,0,0.312623345784927,0,0.239875590082389,0.270355736215909,0,0,0.383367801705996,0.292761892080307,0.303780499845743,0,0.402489010244608,0,0,0,0,0,0,0,0.342409029603004,0,0,0,0,0.322367378256538,0.310534656047821,0,0,0.367417097091675,0,0,0,0.385342746973038,0,0.441570027613304,0,0,0,0,0,0.388054456495674,0.359355464577675,0.480977844761079,0.34287816286087,0.3579797731467,0.336145394378238,0.409343442983097,0.283680321772893,0.242729738354683
0,0,0,0,0,0,0,0,0,0,0,0,0,0,0,0,0.309497334063053,0.328984965880712,0.441214291787729,0,0.470999151468277,0,0,0,0,0,0,0,0,0,0,0,0,0,0,0,0.432277297973633,0,0.463501782520958,0,0.330208597438676,0,0.260045763049553,0,0,0,0.368497312068939,0.342967629432678,0.349346533417702,0,0,0,0,0,0,0,0.470937520265579,0,0,0,0,0,0,0.391234442591667,0,0,0,0,0,0,0,0,0.413467258214951,0.480220651626587,0,0,0,0.334815889596939,0.358972743153572,0.425149732165866,0,0.496323400614213,0.359894544482231,0.316267177462578,0.405582131364861,0,0.358538341522217
0,0,0,0.231524303555489,0,0.238871194895693,0,0,0,0,0,0,0,0,0,0,0.310147829353809,0.311678224802017,0.349725254074387,0.267797157168388,0,0.358471233397722,0,0,0,0,0,0,0,0,0,0,0,0.310132539272308,0.368318796157837,0.292220496613046,0.37257507443428,0.309278585229601,0,0.243938932226876,0,0.310510207717411,0.259810525923967,0.383367801705996,0,0,0.278318703174591,0.276386421918869,0.302177876234055,0.270755117055047,0,0.283568234052709,0,0,0,0,0,0.293231656957913,0,0.222518116235733,0,0,0.282222412595076,0,0.311656966805458,0,0.364645697176456,0,0.354717334111532,0,0.336359031357855,0,0.338656303788692,0.295301735401154,0,0,0.322619075576464,0,0.263079809517216,0.356407411396503,0.302615622376984,0.330144070088863,0.29213212570802,0.274361312389374,0.317395310784466,0.337289315418921,0.25322001427412
0,0,0.169227559119463,0,0.233661086112261,0,0,0,0,0,0.3116232107083,0,0,0,0,0,0.295862065120177,0.33274397429298,0.312917436104874,0,0.310855943644256,0,0,0,0,0.266800582408905,0,0,0,0,0.29794208918299,0,0,0.289405800402164,0.270088881254196,0.371289908885956,0.281829819300605,0.315010219812393,0.288419695020472,0,0.214256254849965,0.271663129329681,0.318825136785266,0.292761892080307,0.368497312068939,0.278318703174591,0,0.275147018504554,0.243569552425854,0.26755028963089,0.24447725340724,0,0,0,0,0,0.309156520718552,0,0,0,0,0,0,0.30259818920343,0,0,0,0,0,0,0,0.370153158903122,0,0.329432766272951,0,0,0.29485023021698,0.286962600130784,0.312857109308243,0.263712467913544,0.384849041700363,0.293725667069259,0.285061295420131,0.27531409534541,0.338823296108355,0,0.326967848389129
0,0,0,0,0.267381634563208,0.290762300757195,0,0,0,0,0,0,0,0,0,0,0,0.267733320593834,0.26426746779018,0,0.324507236480713,0.380811020731926,0,0,0,0,0,0,0,0,0.30713839828968,0.424400091769486,0.464524778743718,0.406805261742189,0.429425019896689,0.398963421325519,0.232747984925906,0.513162397879821,0.245413220697834,0.273479971349239,0.29692462698561,0.292262468647252,0.325208486428206,0.303780499845743,0.342967629432678,0.276386421918869,0.275147018504554,0,0.436376994607165,0.376652346611661,0.307832757631938,0.293754590280128,0,0,0,0,0.292030586798986,0.301108862188729,0,0,0,0,0.287669038147102,0.289727450870886,0.308567374944687,0,0.310484573245049,0,0.331217497587204,0,0.331686650331204,0,0.331233054095385,0.322380976751447,0.380123671137583,0.48434398603303,0.383558897191595,0.449142646854711,0.335952694881065,0.38611023515981,0.322778996322062,0.301016789674759,0.408763280840659,0.326608045667898,0.461501796622783,0.293438573678335,0.306783284459795
0.113772511482239,0,0.125437527894974,0,0.25095671415329,0.306174963712692,0,0,0,0,0,0,0,0,0.172980802563521,0,0.319935828447342,0.324101611971855,0.306453567412164,0,0.280424420038859,0,0.25320767743611,0,0.225712062815563,0,0.34514969587326,0,0.261139750480652,0,0.309591948986053,0,0.226916149258614,0.430826072891553,0.360160834830383,0.292996812408621,0.266923977947626,0,0.326371453155232,0.284682961180806,0.29485130178954,0.255888041777489,0.303507461271027,0,0.349346533417702,0.302177876234055,0.243569552425854,0.436376994607165,0,0.210630923509598,0.271305886762483,0,0,0,0.210358798503876,0,0.294350153870053,0.297490879893303,0,0,0.177571690999545,0,0.27483868598938,0.274944770117156,0,0.294716377179981,0,0.267074917389709,0,0.270765115196506,0,0.27725304132801,0.320315778255463,0.296542954564095,0,0.278047829866409,0.430108554661274,0.296166626949802,0.272446878254414,0.309139414882348,0,0.33243729839089,0.353566680924184,0,0.320147807714165,0,0.305934199346946
0,0.225918516763393,0,0.29391147394975,0.244771987199783,0.272794549343407,0,0,0,0.230260749294506,0,0,0,0,0,0,0.321291428473261,0.30883196182549,0.330408397046002,0,0.282497316598892,0.351496950128278,0,0.278046097880916,0,0,0,0,0,0,0,0.341181569629245,0,0.397256155099188,0.417966648936272,0.301464275313685,0.260028010606766,0.364112053591181,0,0.253720067005002,0.286816857755184,0.32516310886308,0.273578037818273,0.402489010244608,0,0.270755117055047,0.26755028963089,0.376652346611661,0.210630923509598,0,0,0.217536790562528,0,0,0,0.210574098652409,0,0.355814182116549,0,0.261603682488203,0,0.219448271800171,0.323829615622564,0.254988580942154,0.242603781335779,0,0.294925132136005,0,0.30780759781599,0,0.357618057727814,0,0.339908839887486,0,0.307709183011736,0,0.299623953178525,0.425386682152748,0.30917316919626,0.291722007095814,0.309869744541014,0,0.33685067838296,0.394592478871346,0.315826783090784,0.326026313767141,0
0,0,0.203339718083918,0,0.193791574568584,0,0.158275644694056,0,0,0,0,0,0.133687187518392,0,0,0,0,0,0.27458955347538,0,0,0,0,0,0,0,0,0,0,0,0.285022705793381,0,0,0,0,0,0,0,0,0,0.24455064535141,0,0.269819669425488,0,0,0,0.24447725340724,0.307832757631938,0.271305886762483,0,0,0,0.143702739477158,0,0.198559052342378,0,0.221846449814859,0,0.219662837823418,0,0.188419287403425,0,0,0.262235116285662,0,0,0,0,0,0,0,0,0,0.307851187884808,0,0,0,0,0,0.276051349937916,0,0.303615114092827,0.18801113481705,0,0.212211637490097,0,0
0,0.193765383923338,0,0.200646664438531,0,0.186182899676539,0,0.161785334348679,0,0,0,0,0,0.252147063612938,0,0,0,0.255257099866867,0,0.204413957893848,0,0,0,0,0,0,0,0,0,0,0,0.300631821155548,0,0.318951338529587,0,0.243657002136821,0,0,0,0.258777987957001,0,0.265180072850651,0,0,0,0.283568234052709,0,0.293754590280128,0,0.217536790562528,0,0,0,0.206565059044144,0,0.179462365806103,0,0.22670788183564,0,0.239746018999913,0,0.224243554896043,0.268660039512697,0,0,0,0,0,0,0,0.308461979031563,0,0.308151510628787,0,0,0,0.308715969324112,0,0.250892738773398,0,0.310123693943024,0.332628041505814,0.157856291296279,0,0.210465040652205,0.256304035584132,0
0,0,0,0,0.172860887165992,0,0.161144899502719,0,0,0,0,0,0.119009117484093,0,0,0,0,0,0,0,0,0,0,0,0,0,0,0,0,0,0,0,0,0,0,0,0,0,0,0,0,0,0,0,0,0,0,0,0,0,0.143702739477158,0,0,0,0,0,0.184902258217335,0,0,0,0,0,0,0,0,0,0,0,0,0,0,0,0,0,0,0,0,0,0,0,0,0,0.158083437088721,0.16678131185472,0,0,0
0,0,0,0,0,0.203124320974537,0,0.180411065279534,0,0,0,0.159787321090698,0,0.173782169818878,0,0,0,0,0,0,0,0,0,0,0,0,0,0,0,0,0,0,0,0,0,0,0,0,0,0,0,0,0,0,0,0,0,0,0,0,0,0.206565059044144,0,0,0,0,0,0.18262869057556,0,0,0,0,0,0,0,0,0,0,0,0,0,0,0,0,0,0,0,0,0,0,0,0,0.121771296516794,0,0,0,0
0.272228325473833,0,0.195646554231644,0,0.19125319252143,0,0,0,0.247466019861145,0.184737220406532,0,0,0,0,0.177225068098668,0,0.199170822659171,0.210285382469495,0.241992350667715,0,0,0,0,0,0.165816258784779,0,0.175712612114455,0,0.187836289405823,0,0,0,0,0,0,0,0,0,0.298209206441815,0,0,0,0,0,0,0,0,0,0.210358798503876,0,0.198559052342378,0,0,0,0,0,0,0,0,0,0.185182790671076,0,0,0,0,0,0,0.205311898820796,0,0.200506622592608,0,0,0,0,0,0,0,0,0,0,0,0.268116700880486,0.204507261669884,0.164385294914246,0.189607184023073,0,0
0,0.213132947173409,0,0.143385633826256,0,0,0,0,0,0.221331378039327,0,0,0,0,0,0.184473820030689,0,0.216819897294044,0.223260298371315,0,0,0,0,0.158041208982468,0,0,0,0,0,0,0,0,0,0,0,0,0,0.228214010596275,0,0,0,0,0,0,0,0,0,0,0,0.210574098652409,0,0.179462365806103,0,0,0,0,0,0,0,0,0,0.200070039314382,0,0,0,0,0.205893652545193,0,0,0,0,0,0,0,0,0,0,0,0,0,0.287475746870041,0,0.171728095979918,0,0,0,0
0,0,0.206795765293969,0,0.217786787474742,0,0.189561100469695,0,0,0,0.223929479080197,0,0.242300599813461,0,0,0,0.320155104001363,0.356792658567429,0.314951928762289,0,0.312976503032166,0,0,0,0,0,0,0,0,0,0.271693209841334,0,0,0,0,0,0.204643496700696,0,0.201709478026643,0,0.287615237491471,0,0.323037203281156,0,0.470937520265579,0,0.309156520718552,0.292030586798986,0.294350153870053,0,0.221846449814859,0,0.184902258217335,0,0,0,0,0,0.217586356050828,0,0.161082147061825,0,0,0.299053749442101,0,0,0,0,0,0,0,0.462103504068688,0,0.349342527033261,0,0,0,0.276914268732071,0.335068235794703,0.296447032653704,0,0.299937574439738,0.211964068176982,0,0.314915169562612,0,0.349628841731606
0,0.299323001078197,0,0.251917579344341,0,0.233404517173767,0,0,0,0,0,0.204045345523496,0,0.221844023891858,0,0,0,0.317303985357285,0.297061284383138,0.155488655776591,0,0.340139992535114,0,0.370543291171392,0,0,0,0,0,0.238166709327035,0,0,0,0,0,0.22418458965318,0,0.214508984237909,0,0.275097559690475,0,0.353379397829877,0,0.342409029603004,0,0.293231656957913,0,0.301108862188729,0.297490879893303,0.355814182116549,0,0.22670788183564,0,0.18262869057556,0,0,0,0,0,0.370864352802672,0,0.185990229249001,0.308001294656759,0,0.320193505754658,0,0.379418304457832,0,0.413543374064457,0,0.370821958750635,0,0.359182776387934,0,0,0,0.318177103996277,0,0.276898603265484,0.359946221113205,0.309905166881331,0,0.190904385922168,0.357129752635956,0.289747665411885,0.353587144778834,0
0,0,0,0,0.197388851702613,0,0.123165272176266,0,0,0,0.230977709094683,0,0.182360621185406,0,0.166234595372396,0,0,0,0,0,0,0,0,0,0,0,0,0,0.169804657498995,0,0,0,0,0,0,0,0,0,0,0,0,0,0,0,0,0,0,0,0,0,0.219662837823418,0,0,0,0,0,0.217586356050828,0,0,0,0.180113136768341,0,0,0,0,0,0,0,0,0,0,0.20856533044914,0,0.217146481076876,0,0,0,0,0,0,0,0,0.203676941804588,0,0,0,0
0,0,0,0.190975544353326,0,0.236109465360641,0,0.212084591388702,0,0,0,0.151413088043531,0,0.242221534699202,0,0,0,0,0,0,0,0,0,0,0,0,0,0,0,0,0,0,0,0,0,0,0,0,0,0,0,0,0,0,0,0.222518116235733,0,0,0,0.261603682488203,0,0.239746018999913,0,0,0,0,0,0.370864352802672,0,0,0,0.210856965184212,0.38692573706309,0,0,0,0.316848715146383,0,0.245882706395511,0,0.277097006371388,0,0,0,0,0,0,0,0,0,0,0,0.367525195082029,0,0.19732529297471,0,0
0.185364335775375,0,0,0,0,0,0,0,0.179906100034714,0.181335851550102,0,0,0.161404363811016,0,0.157597116483697,0,0.175151520967484,0.174783070571721,0.209838335712751,0,0,0.186896607279778,0,0,0.167078526483642,0,0.154846043684162,0,0.122246438637376,0,0,0,0,0,0,0,0,0,0,0,0,0.247376501560211,0,0,0,0,0,0,0.177571690999545,0,0.188419287403425,0,0,0,0.185182790671076,0,0.161082147061825,0,0.180113136768341,0,0,0,0,0,0,0,0,0.188542127609253,0,0.201374645295896,0,0,0,0,0,0,0,0,0,0,0,0,0.171612444759613,0.165498011960433,0,0,0
0,0.213822869030205,0,0.194200023077428,0,0,0,0,0,0,0,0,0,0,0,0.356125918527444,0,0,0,0,0,0,0,0,0,0.162976663559675,0,0,0,0,0,0,0,0,0,0,0,0,0,0,0,0,0,0,0,0,0,0,0,0.219448271800171,0,0.224243554896043,0,0,0,0.200070039314382,0,0.185990229249001,0,0.210856965184212,0,0,0,0,0,0,0,0,0.209652432799339,0,0,0,0,0,0,0,0,0,0,0,0,0,0,0,0.187574252486229,0,0
0,0,0,0.2435367628932,0,0.230296304614231,0,0,0,0,0,0.177796206432175,0,0,0,0,0.310310035943985,0.314869297875298,0.322471031120845,0.212277889287587,0,0.371369510889053,0,0.338054433465004,0,0,0,0,0,0,0,0,0,0.318294584751129,0.332020729780197,0.198491328519017,0,0.238496795552117,0,0.312436643187131,0,0.353710032173759,0.284033432602882,0.322367378256538,0,0.282222412595076,0,0.287669038147102,0.27483868598938,0.323829615622564,0,0.268660039512697,0,0,0,0,0,0.308001294656759,0,0.38692573706309,0,0,0,0,0.33453588260979,0,0.383112645454027,0,0.400727789039197,0,0.36275202548229,0,0.364419690645527,0,0,0,0.303871929645538,0,0.273436491205164,0.350131303071976,0.31148305664064,0.365674912929535,0.255066967280829,0.314806938171387,0.336388850450283,0.358758209044473,0
0,0,0,0,0.241896752708702,0,0,0,0,0,0.208738712537087,0,0,0,0,0,0.315885835886002,0.353830526272456,0.311942964792252,0,0.236547824533516,0,0,0,0,0,0,0,0,0,0.320155475450599,0,0,0,0.275091309632574,0.336301892995834,0.226529087861834,0,0.267123024780433,0.301616370677948,0.255877490882035,0,0.355306600657977,0.310534656047821,0.391234442591667,0,0.30259818920343,0.289727450870886,0.274944770117156,0.254988580942154,0.262235116285662,0,0,0,0,0,0.299053749442101,0,0,0,0,0,0,0,0,0,0,0,0,0,0,0.378961160778999,0,0.36639204231898,0,0,0,0.300581144435065,0.315855994820595,0.287238196265904,0,0.276526342064798,0.214616101966063,0.277778536081314,0.336106962817056,0,0.36038482977056
0,0,0,0,0,0,0,0,0,0,0,0,0,0,0,0,0,0.149648448452353,0,0,0,0.222513307082026,0.102984323352575,0.21861736090492,0,0.178152608275414,0,0.200210600767447,0,0,0,0,0,0,0,0,0,0.236838891840818,0,0,0,0.349903829395771,0,0,0,0.311656966805458,0,0.308567374944687,0,0.242603781335779,0,0,0,0,0,0,0,0.320193505754658,0,0,0,0,0.33453588260979,0,0,0,0.241612232694919,0,0.289265584788824,0,0.268727201101692,0,0.312624173729043,0,0,0,0,0,0,0,0.291820059940096,0,0.155626565790033,0.120354540646076,0.306083228243025,0,0
0,0,0,0,0,0,0,0,0,0,0,0,0,0,0,0,0.137715250253677,0,0,0,0,0.0925933830440044,0.201342706127275,0,0.18490579035943,0,0.164862792938948,0,0.175652015954256,0,0,0,0,0,0,0,0,0,0.206171434127078,0,0,0,0,0,0,0,0,0,0.294716377179981,0,0,0,0,0,0,0,0,0,0,0,0,0,0,0,0,0,0,0.247053954869226,0,0.279163370276997,0,0.255937434127878,0,0.28653326878945,0,0,0,0,0,0,0,0.306252596295271,0.146278633594513,0,0.201091423630714,0,0
0,0.207493640739342,0,0,0,0,0,0,0,0.199482565495505,0,0,0,0,0,0.195186038812002,0.197179436683655,0.18561863899231,0.209905348718166,0,0,0.232382703483105,0,0.174725863079612,0,0.120703218271956,0,0,0,0,0,0,0,0.341630965471268,0,0,0,0.21829076778515,0,0.300148278474808,0,0.388157472014427,0,0.367417097091675,0,0.364645697176456,0,0.310484573245049,0,0.294925132136005,0,0,0,0,0,0.205893652545193,0,0.379418304457832,0,0.316848715146383,0,0,0.383112645454027,0,0.241612232694919,0,0,0,0.39078449894642,0,0.384482556088703,0,0.372000895440578,0,0,0,0.342366844415665,0,0.346948057413101,0,0.290739907659024,0,0.161835283468104,0,0.342446976030866,0.364341189463933,0
0.17994724214077,0,0,0,0,0,0,0,0.162377592377566,0.169143334031105,0,0,0,0,0.193640266855558,0,0.206567544602987,0.212199386386644,0.240898868867329,0,0,0,0.192623328233119,0,0.168495100824996,0,0.156209147402218,0,0,0,0,0,0,0,0,0,0,0,0.183271802617291,0,0,0,0,0,0,0,0,0,0.267074917389709,0,0,0,0,0,0.205311898820796,0,0,0,0,0,0.188542127609253,0,0,0,0,0.247053954869226,0,0,0,0.243395572248109,0,0.292372650280595,0,0,0,0,0,0,0,0,0,0.220915904958197,0.182454727590084,0.255568563938141,0.2967092338385,0,0
0,0.264863252639771,0,0.303811818361282,0,0,0,0,0,0,0,0,0,0,0,0.173035457730293,0,0.162844609130513,0,0,0,0.211673940463764,0,0.231409986104284,0,0.2138860829512,0,0.236555872218949,0,0,0,0,0,0,0,0.331335365772247,0,0,0,0,0,0.395176589488983,0,0,0,0.354717334111532,0,0.331217497587204,0,0.30780759781599,0,0,0,0,0,0,0,0.413543374064457,0,0.245882706395511,0,0.209652432799339,0.400727789039197,0,0.289265584788824,0,0.39078449894642,0,0,0,0.306479508005013,0,0.420184619724751,0,0,0,0,0,0,0,0,0,0.173378054709995,0,0.393262456445133,0.391611814498901,0
