0,0,0.15888201964624,0,0,0,0,0,0.188335320802625,0,0,0,0,0,0,0,0,0,0.242836539766618,0,0,0,0,0,0,0,0,0,0,0,0,0,0,0,0,0,0.421379059553146,0.339650491873423,0.190879868773314,0,0.341747730970383,0,0.232887970481781,0,0,0,0,0.314860779898507,0.195529912217581,0,0,0,0,0,0.187963361417816,0,0.307218770186106,0,0,0,0.197019410483977,0,0,0,0,0,0,0.165545910596848,0,0,0.367813661694527,0,0,0.325080970923106,0,0,0,0,0,0.384019881486893,0.329600621353496,0.415543355047703,0.22235112734139,0,0.253059703713426,0,0.230928391218185
0,0,0,0.183485483129819,0,0,0,0,0,0.157641656191101,0,0,0,0,0,0.158138230443001,0,0,0.172365179116076,0,0,0,0,0.256039296587308,0,0,0,0,0,0,0,0,0,0,0,0,0,0.305281156446876,0.338410958647728,0,0,0.278760080252375,0.357707053422928,0,0,0,0,0.354320454888227,0,0.266321100562421,0,0,0,0,0,0.181238275778487,0,0.277929957707723,0,0.268987496693929,0,0.213963092636254,0.330370843410492,0,0,0,0.188757738098502,0,0,0,0.333113965888818,0.375498682260513,0.335938438773155,0,0,0,0,0,0.297140061855316,0,0.285607869687833,0.387281256914139,0.1978695344399,0,0.300730753825881,0.299700409173965,0
0.15888201964624,0,0,0,0.229574148377327,0,0,0,0.140164269045705,0,0,0,0,0,0,0,0.292347274720669,0,0.295736223459244,0,0,0,0,0,0,0,0,0,0,0,0,0,0,0,0,0,0,0,0.259434978167216,0,0.29107813835144,0,0.249606541500372,0,0,0,0.245097279548645,0.29969119032224,0.192779946894873,0.280751913785934,0.238279050118045,0,0,0,0.148930944502354,0.318650007247925,0.236202928558581,0,0.195536449106772,0,0,0,0,0.248473300175233,0,0,0,0,0,0,0,0.310690762820067,0,0.308581303177255,0,0,0,0,0,0.310586534440517,0.342342575391134,0.337122082213561,0.247012319112266,0,0.24669951533909,0,0.25896880030632
0,0.183485483129819,0,0,0,0.192914943852111,0,0,0,0.205547034740448,0,0,0,0,0,0,0.290777742862701,0.270304590463638,0.299977630376816,0.300760164856911,0,0,0,0.218193009495735,0,0,0,0,0,0,0,0,0,0,0,0.208171199120226,0,0.282312911222963,0,0.227870990490091,0.367810696363449,0.250295942708066,0.268660455942154,0,0,0.240900345028393,0.268420994281769,0.288998831448884,0,0.195824878532851,0,0.239213417435801,0,0,0,0.184751369059086,0,0.246404477953911,0,0,0,0.241892457008362,0.256503952159123,0.320948362350464,0,0,0.191998779773712,0,0,0,0.293557718923662,0,0.296155175194144,0,0,0,0.318436414003372,0,0.242858945871844,0,0.331889513607432,0.350378404061,0.20627808718531,0,0.225489459607912,0,0.287325948476791
0,0,0.229574148377327,0,0,0,0.193001758307219,0,0.159290160362919,0,0,0,0,0,0.184212546072789,0,0,0,0,0,0,0,0,0,0,0,0,0,0,0,0,0,0,0,0,0,0.285789489746094,0,0,0,0.246456578373909,0,0.241855702721156,0,0,0,0.224131554365158,0.275270044803619,0.244242924451828,0.218795165419579,0.216754716231627,0,0,0,0.159335404634476,0,0.217254271900112,0.28807008266449,0.244407416809173,0,0.177067381364328,0,0,0.194603306742815,0,0,0,0,0,0,0.34542179107666,0,0,0.262075062841177,0,0,0,0,0,0,0,0.281993992626667,0.193395270877296,0,0.19548222897615,0,0.279036998748779
0,0,0,0.192914943852111,0,0,0,0.153356183033723,0,0.207467755391484,0,0,0,0,0,0.22002817264625,0,0,0.238586038351059,0.164226108363696,0,0,0,0,0,0,0,0,0,0,0,0,0,0,0,0.181888917254077,0,0,0,0.217722770571709,0,0.23920627789838,0.258387327194214,0,0,0.225130632519722,0,0.259874537587166,0,0.200482130050659,0,0.198197400701919,0,0.140083143547658,0,0.180089027062058,0,0.202933564782143,0,0.189583852887154,0,0.211898350859842,0.14072088599205,0,0,0,0.185230985283852,0,0,0,0.252691805362701,0,0,0,0,0,0,0,0.175914803969449,0.205881714820862,0,0,0.167959242065748,0,0.20554629867039,0,0
0,0,0,0,0.193001758307219,0,0,0,0,0,0.224603492544213,0,0,0,0,0,0,0,0,0,0.163229340723917,0,0,0,0,0,0,0,0,0,0,0,0,0,0,0,0,0,0,0,0,0,0,0,0,0,0,0,0,0,0.167957517504692,0,0.259013761326952,0,0,0,0.218749116174877,0,0,0,0,0,0,0.14578951895237,0,0,0,0,0,0,0,0,0,0,0,0,0,0,0,0,0,0,0.17335806414485,0,0,0,0
0,0,0,0,0,0.153356183033723,0,0,0,0,0,0.175638209371006,0,0.145464362502098,0,0,0,0,0,0.149392709136009,0,0,0,0,0,0,0,0,0,0,0,0,0,0,0,0,0,0,0,0,0,0,0,0,0,0,0,0,0,0,0,0.177610505050347,0,0.175475945766968,0,0,0,0.174958462300508,0,0.183002956888892,0,0,0,0,0,0,0,0,0,0,0,0,0,0,0,0,0,0,0,0,0,0,0.18763073740734,0,0,0,0
0.188335320802625,0,0.140164269045705,0,0.159290160362919,0,0,0,0,0.296696871519089,0,0,0,0,0.191691023111343,0,0.163058414682746,0,0.308000937104225,0,0,0,0,0,0.162072071380783,0,0,0,0,0,0,0,0,0,0,0,0,0.246997442096472,0.195498733696612,0,0,0.315621227025986,0.231235141235013,0,0,0,0.256430199742317,0.282209247350693,0.164675606284724,0.30407702922821,0,0,0,0,0.222319561649453,0,0.269069351255894,0,0,0,0.237609453854107,0,0,0,0,0,0,0.189237869828939,0,0,0,0,0,0.289641559123993,0,0,0,0,0,0.318310737609863,0.327353964249293,0.214524812348511,0.170501042118606,0,0.18841658547422,0,0
0,0.157641656191101,0,0.205547034740448,0,0.207467755391484,0,0,0.296696871519089,0,0,0,0,0,0,0.204472824596287,0,0.213222272694111,0.322004389762878,0,0,0,0,0.250238262296875,0,0,0,0,0,0,0,0,0,0,0,0,0,0.205981066539174,0,0,0,0.282559528946877,0.310708045959473,0,0,0.311298280954361,0,0.266784310340881,0,0.227209985256195,0,0.236441969871521,0,0,0,0.19572036510778,0.355332732200623,0.301629910866419,0,0,0,0.174967926075825,0,0,0,0,0.248891691780753,0,0.182160299271345,0,0.333067293678011,0.350551158189774,0,0.359644174575806,0,0,0,0,0.289467722177505,0.40431734919548,0.198019373597521,0.363660588860512,0.160785851027094,0,0.2474277673165,0,0
0,0,0,0,0,0,0.224603492544213,0,0,0,0,0,0.229682691635624,0,0,0,0,0,0,0,0.159349775694786,0,0,0,0,0,0,0,0,0,0.197773344520122,0,0,0,0,0,0.153047751103129,0,0.15687257491288,0,0,0,0,0,0,0,0,0,0,0,0,0,0.212056868954709,0,0,0,0.219911206745522,0,0.207795690810471,0,0,0,0,0.177223920822144,0,0,0,0,0,0,0,0,0,0.218164571100514,0,0,0,0,0,0,0,0.164717142107516,0.163628399372101,0,0,0,0
0,0,0,0,0,0,0,0.175638209371006,0,0,0,0,0,0.187888268214935,0,0,0,0,0,0.18963187963587,0,0,0,0,0,0,0,0.201696082949638,0,0.183609078391729,0,0,0,0,0,0.209347757976502,0,0.176119423136383,0,0,0,0,0,0,0,0,0,0,0,0,0,0,0,0.253500461578369,0,0,0,0.22428136689584,0,0.19433124075881,0,0,0.196429458597014,0,0,0,0,0,0,0,0.214417650956999,0,0.211518136093893,0,0,0,0,0,0.232548062689602,0,0.215397389100867,0,0.208536346625668,0,0,0,0
0,0,0,0,0,0,0,0,0,0,0.229682691635624,0,0,0,0.119731486737728,0,0,0,0,0,0,0,0,0,0,0,0.128636562989818,0,0.127414703369141,0,0,0,0,0,0,0,0,0,0,0,0,0,0,0,0,0,0,0,0,0,0,0,0,0,0,0,0.240365260692893,0,0.199913243974995,0,0,0,0,0,0,0,0,0,0,0,0,0,0,0,0,0,0,0,0,0,0,0,0.140370464324951,0,0,0,0
0,0,0,0,0,0,0,0.145464362502098,0,0,0,0.187888268214935,0,0,0,0.103300676427104,0,0,0,0,0,0,0,0,0,0,0,0.170775132768966,0,0,0,0,0,0,0,0,0,0,0,0,0,0,0,0,0,0,0,0,0,0,0,0,0,0.194838166236877,0,0,0,0.186945873778313,0,0.198572612761969,0,0.16992025077343,0,0,0,0,0,0,0,0,0.171662243811981,0,0.188340649008751,0,0,0,0,0,0,0,0,0,0.146624165096066,0.154524862766266,0,0,0
0,0,0,0,0.184212546072789,0,0,0,0.191691023111343,0,0,0,0.119731486737728,0,0,0,0.148607993518913,0,0,0,0,0,0,0,0.147289529442787,0,0.132212439818042,0,0.137606667727232,0,0,0,0,0,0,0,0,0,0,0,0,0,0,0,0,0,0,0,0,0,0.1939337849617,0,0,0,0.163123998790979,0,0,0,0.173286103953918,0,0.168937641796139,0,0,0,0,0,0,0,0,0.141921676695347,0,0,0,0,0,0,0,0,0,0,0,0,0.149543653641428,0,0,0,0
0,0.158138230443001,0,0,0,0.22002817264625,0,0,0,0.204472824596287,0,0,0,0.103300676427104,0,0,0.18702844902873,0.168494786822448,0.257131558656693,0,0,0.170430392026901,0,0,0,0.204508540885789,0,0,0,0,0,0,0,0,0,0,0,0,0,0,0,0,0,0,0,0,0,0,0,0,0,0.256388133764267,0,0,0,0.193249913362356,0,0,0,0,0,0.19038219078704,0,0,0,0,0.245438233017921,0,0.235736550736255,0,0,0,0,0,0,0,0,0,0,0,0,0,0.177170606596129,0,0,0,0
0,0,0.292347274720669,0.290777742862701,0,0,0,0,0.163058414682746,0,0,0,0,0,0.148607993518913,0.18702844902873,0,0.191280649135709,0.282931908841728,0,0,0.195117508371671,0.151019827634366,0.188927483100158,0.193773265143758,0.200146095827222,0.164219845597061,0,0.123594764620066,0,0,0,0,0,0,0.312357774802617,0.346488419506285,0.327428807105337,0.352292440507723,0.315194561456641,0.31649907802542,0.280631487884305,0.283022181810559,0,0,0.299658306054215,0.309516250612629,0.288581728935242,0.326225364208221,0.294338698898043,0,0,0,0,0.192477447755875,0,0.318430137634277,0.305979013442993,0.255464524030685,0,0.171625155583024,0,0.31035493966192,0.309548818148099,0,0.159100505212943,0.177042923867702,0.193179824228944,0,0.167514017334691,0.312832492589951,0.325538370758295,0.315057046711445,0.345769718289375,0,0,0.331392467021942,0.366465926170349,0.314343463267599,0.332498088778563,0.321608883993966,0.347349739529319,0.213752504451424,0.260622650384903,0.319923545916875,0.280231005128692,0.304237149710203
0,0,0,0.270304590463638,0,0,0,0,0,0.213222272694111,0,0,0,0,0,0.168494786822448,0.191280649135709,0,0.337514437316224,0.289455503225327,0,0.168823344176453,0.187041513373454,0.173373245464021,0.174656078219414,0.183185557862485,0.18914986650149,0,0,0,0,0,0,0,0,0.327891993522644,0.349798567869045,0.342476396775637,0.336459857225418,0.302349949424917,0.30497479760969,0.278074825908673,0.294173723175412,0,0,0.301790116743727,0.311499208211899,0.287619762122631,0,0.3013851583004,0,0,0,0,0.195364974439144,0.200814008712769,0.31547024846077,0.301571995019913,0,0,0.174081057310104,0.148972922563553,0.314163523823468,0.284139961004257,0.141196410570826,0.181225460436609,0.169623809067283,0.234009832143784,0.154216039576568,0,0.316730486658903,0,0.297223314642906,0.339691881622587,0,0,0.418530255556107,0.386972337961197,0.314750002785808,0.334185397950932,0.321458847462376,0.347804911803491,0.197128943186197,0.230001484354337,0.303596330717916,0.27774949454599,0.302265291213989
0.242836539766618,0.172365179116076,0.295736223459244,0.299977630376816,0,0.238586038351059,0,0,0.308000937104225,0.322004389762878,0,0,0,0,0,0.257131558656693,0.282931908841728,0.337514437316224,0,0.415124732255936,0,0.279225248556871,0.262421852350235,0.2659136193494,0,0.276533302664757,0.280297428369522,0,0,0,0,0,0,0.294607669115067,0,0.363190960952605,0.395365352561961,0.380736724688457,0.391143326321219,0.320862335695161,0.342540309286288,0.281947528481352,0.287137450444432,0,0,0.309705911674509,0.329955248659582,0.25891074450577,0.327667339608587,0.338200653380737,0,0,0,0,0.23464287178857,0.30918662250042,0.342236071825027,0.32664961181581,0,0,0,0,0.322116476079129,0.325845677692157,0,0,0.268708972260356,0.25546183437109,0.227742180228233,0,0.359230000382433,0.363421995015371,0.374914108879036,0.374586819849833,0,0,0.417129844427109,0.374613329768181,0.363283982262288,0.385689319871248,0.374952490725917,0.405839030059481,0.272470631774318,0.40460516512394,0.369725175262357,0.270697740492997,0.336369312942868
0,0,0,0.300760164856911,0,0.164226108363696,0,0.149392709136009,0,0,0,0.18963187963587,0,0,0,0,0,0.289455503225327,0.415124732255936,0,0,0,0,0,0,0,0,0,0,0,0,0,0,0,0,0.218884753995603,0,0.242754969293269,0,0.371836841106415,0,0.375040367245674,0,0,0,0.269135662487575,0,0,0,0.339430312315623,0,0,0,0,0,0,0,0.177708162655753,0,0,0,0,0.233557739074121,0.415483295917511,0,0,0,0,0,0,0.321690819093159,0,0.233557265500228,0,0,0,0,0,0.231394584171509,0,0.330550724150695,0,0.211426494127283,0.312430918216705,0.219144668181737,0,0
0,0,0,0,0,0,0.163229340723917,0,0,0,0.159349775694786,0,0,0,0,0,0,0,0,0,0,0,0,0,0,0,0,0,0,0,0,0,0,0,0,0,0.179367843398702,0,0.212647101065008,0,0,0,0,0,0,0,0.198938258384403,0,0,0,0.157069958746433,0,0,0,0,0,0.156792876467665,0,0,0,0,0,0,0.225262156269199,0,0,0,0,0,0,0,0.321714639663696,0,0.324080780377755,0,0,0,0,0,0.197659370947529,0,0.286520221687142,0.149516047107884,0,0.177718163430691,0,0
0,0,0,0,0,0,0,0,0,0,0,0,0,0,0,0.170430392026901,0.195117508371671,0.168823344176453,0.279225248556871,0,0,0,0.154838718513332,0.211199866162122,0,0.228499218204926,0,0.208172382388501,0,0,0,0,0,0,0,0.324813991785049,0,0.239476225821784,0,0,0.297913640737534,0,0,0,0,0,0,0,0,0.321098163723946,0,0,0,0,0,0,0,0,0,0,0,0,0,0,0.220603213029817,0,0.204273635521531,0,0.21044412568742,0,0.235156528651714,0,0,0,0,0,0,0,0,0,0.226326164729022,0,0.158936062427106,0.149436292595287,0,0,0
0,0,0,0,0,0,0,0,0,0,0,0,0,0,0,0,0.151019827634366,0.187041513373454,0.262421852350235,0,0,0.154838718513332,0,0,0.211340078505976,0,0.176697428370344,0,0.186307523399591,0,0,0,0,0,0,0,0,0,0.200884329990307,0,0,0.247661873698235,0,0,0,0,0,0,0.117250978946686,0,0,0,0,0,0.19256380200386,0,0,0,0,0,0,0,0,0,0.190652433682132,0.200584219560473,0,0.161864702730146,0,0.181456733684914,0,0.204136993089491,0,0,0,0,0,0,0.324806109070778,0,0,0.238919007472503,0.146808472415929,0.13803624732762,0,0,0
0,0.256039296587308,0,0.218193009495735,0,0,0,0,0,0.250238262296875,0,0,0,0,0,0,0.188927483100158,0.173373245464021,0.2659136193494,0,0,0.211199866162122,0,0,0,0.21181466903848,0,0,0,0,0,0,0,0,0,0,0,0.277867973635071,0,0,0.249962151050568,0,0,0,0,0.274136543273926,0.336974203586578,0,0,0.32277050614357,0,0,0,0,0,0.177447038806147,0,0.302775604384286,0,0,0,0.193338941317052,0,0,0.178702359182247,0,0.198326414451003,0,0.203474908666502,0,0.308861136436462,0,0.278916895389557,0,0,0,0,0,0.295409202575684,0,0.309282605757535,0.370453894138336,0.165721404072093,0,0.199373120814562,0,0
0,0,0,0,0,0,0,0,0.162072071380783,0,0,0,0,0,0.147289529442787,0,0.193773265143758,0.174656078219414,0,0,0,0,0.211340078505976,0,0,0,0.149523844512609,0,0,0,0,0,0,0,0,0,0,0,0.230286043803713,0.310033321380615,0,0,0,0,0,0,0,0,0.14181225001812,0,0,0,0,0,0.229544871328054,0,0,0,0,0,0,0,0,0,0,0.154543831944466,0,0.187975501249666,0,0.180224019511838,0,0,0,0,0,0,0,0,0,0,0,0.210975673150372,0.139340866520478,0,0.17527903128754,0,0
0,0,0,0,0,0,0,0,0,0,0,0,0,0,0,0.204508540885789,0.200146095827222,0.183185557862485,0.276533302664757,0,0,0.228499218204926,0,0.21181466903848,0,0,0,0.196229833547629,0,0,0,0,0,0,0,0,0,0.336652725934982,0,0,0,0.272941440343857,0,0,0,0,0,0,0,0,0,0,0,0,0,0,0,0,0,0,0,0.192077274123828,0,0,0.180581215100411,0,0.180048726499081,0,0.202024252265491,0,0.147969550556607,0,0,0,0,0,0,0,0,0,0.338610798120499,0.276251822710037,0.180144634997023,0,0,0,0
0,0,0,0,0,0,0,0,0,0,0,0,0.128636562989818,0,0.132212439818042,0,0.164219845597061,0.18914986650149,0.280297428369522,0,0,0,0.176697428370344,0,0.149523844512609,0,0,0,0.141669170970612,0,0,0,0,0,0,0,0,0,0,0,0,0,0,0,0,0,0,0,0,0,0,0,0,0,0,0,0,0,0,0,0,0,0,0,0,0.195812560617924,0,0.161943048238754,0,0.17539170750622,0,0.174857945604758,0,0,0,0,0,0,0,0,0,0,0.139586544066083,0,0,0,0.283238530158997
0,0,0,0,0,0,0,0,0,0,0,0.201696082949638,0,0.170775132768966,0,0,0,0,0,0,0,0.208172382388501,0,0,0,0.196229833547629,0,0,0,0.23118978048822,0,0,0,0,0,0,0,0.215056481046809,0,0,0,0,0,0,0,0,0,0,0,0,0,0,0,0,0,0,0,0.214786261320114,0,0.155874887481332,0,0,0,0,0.22769511449054,0,0,0,0.173170989298302,0,0.213233952921244,0,0.205524533987045,0,0,0,0,0,0,0,0.249552843914855,0,0.173741304388513,0.143373316870286,0,0,0
0,0,0,0,0,0,0,0,0,0,0,0,0.127414703369141,0,0.137606667727232,0,0.123594764620066,0,0,0,0,0,0.186307523399591,0,0,0,0.141669170970612,0,0,0,0.216371091929349,0,0,0,0,0,0,0,0.225173057755455,0,0,0,0,0,0,0,0,0,0,0,0,0,0,0,0,0,0,0,0.15765942260623,0,0,0,0,0,0,0.175009921193123,0,0,0,0.146482490680434,0,0.209240487959019,0,0.20620268991878,0,0,0,0,0,0,0,0.258178206104221,0.14183447510004,0.182045987141984,0,0,0
0,0,0,0,0,0,0,0,0,0,0,0.183609078391729,0,0,0,0,0,0,0,0,0,0,0,0,0,0,0,0.23118978048822,0,0,0,0,0,0,0,0,0,0.234937612630822,0,0,0,0,0,0,0,0,0,0,0,0,0,0,0,0,0,0,0,0.160688701603148,0,0.146066173911095,0,0,0,0,0,0,0,0,0,0,0.269316595293478,0,0.199447378824337,0,0,0,0,0,0,0,0.240425744264594,0,0.160043818547445,0,0,0,0
0,0,0,0,0,0,0,0,0,0,0.197773344520122,0,0,0,0,0,0,0,0,0,0,0,0,0,0,0,0,0,0.216371091929349,0,0,0,0,0,0,0,0,0,0.180714318279628,0,0,0,0,0,0,0,0,0,0,0,0,0,0,0,0,0,0.222431758817817,0,0,0,0,0,0,0.400914639234543,0,0,0,0,0,0,0,0.223515862652234,0,0.217459546586098,0,0,0,0,0,0,0,0.160662440849202,0.165341142172876,0,0,0,0
0,0,0,0,0,0,0,0,0,0,0,0,0,0,0,0,0,0,0,0,0,0,0,0,0,0,0,0,0,0,0,0,0.18089746683836,0.228578492999077,0,0.174199439388671,0.15596907834212,0,0,0,0,0,0,0,0,0,0,0.36651693791151,0,0.250306904315948,0,0,0,0,0,0,0,0,0,0,0,0,0,0,0,0,0,0,0,0,0,0,0,0,0.240942431784613,0.212326511740685,0.203344267494274,0,0.188456959586318,0,0,0,0.159408918050962,0,0,0,0
0,0,0,0,0,0,0,0,0,0,0,0,0,0,0,0,0,0,0,0,0,0,0,0,0,0,0,0,0,0,0,0.18089746683836,0,0,0.176867611706257,0.162943544983864,0.212058799968396,0,0,0,0.246905967593193,0,0,0,0,0,0,0.448218912385949,0,0.48915359377861,0,0,0,0,0,0,0,0,0,0,0,0,0,0,0,0,0,0,0,0,0,0,0,0,0.371770083904266,0.264316899275353,0,0.337588485519765,0,0.26348960406617,0,0,0.178407296538353,0,0,0,0
0,0,0,0,0,0,0,0,0,0,0,0,0,0,0,0,0,0,0.294607669115067,0,0,0,0,0,0,0,0,0,0,0,0,0.228578492999077,0,0,0.197410045278399,0.187680895708195,0,0.283721811693124,0.552571972211202,0,0,0.441637173295021,0,0,0,0,0,0.583036242024926,0.510257124900818,0,0,0,0,0,0,0,0,0,0,0,0,0,0,0,0,0,0,0,0,0,0,0,0,0,0.244178508222103,0.223340705037117,0.285793405019926,0.251025918281389,0.234492494584688,0,0.360962456768065,0.466525173825877,0.297372647812772,0.562085328193811,0.474411070346832,0,0
0,0,0,0,0,0,0,0,0,0,0,0,0,0,0,0,0,0,0,0,0,0,0,0,0,0,0,0,0,0,0,0,0.176867611706257,0.197410045278399,0,0,0.179568623980159,0.238159142434597,0.204547308910061,0,0,0,0.321585714817047,0,0,0,0,0.483593539226344,0.40828917755021,0.432078093290329,0,0,0,0,0,0,0,0,0,0,0,0,0,0,0,0,0,0,0,0,0,0,0,0,0,0.18672151863575,0.405928698465938,0.29186110928624,0,0.252264169926371,0.63692706823349,0.431491290507444,0.235170684088065,0.581350088119507,0.387419121960799,0,0
0,0,0,0.208171199120226,0,0.181888917254077,0,0,0,0,0,0.209347757976502,0,0,0,0,0.312357774802617,0.327891993522644,0.363190960952605,0.218884753995603,0,0.324813991785049,0,0,0,0,0,0,0,0,0,0.174199439388671,0.162943544983864,0.187680895708195,0,0,0.147268817368324,0.258003774717576,0,0.200613297954682,0.341372057795525,0.332589607195156,0.331182891130447,0,0,0.290952256247258,0.300247550010681,0.292692516979418,0.2297183573246,0.265572046813292,0,0,0,0,0,0,0.381930559873581,0.153388183625018,0,0,0,0,0.207468286440066,0,0,0,0,0,0,0,0.227305933833122,0,0.311454266309738,0,0.179933144214624,0.168690290302038,0.257814896895605,0,0.237803061270246,0.171649425157479,0.299474203599508,0.370916575193405,0.223193251979531,0.31353672593832,0.230213963960504,0.349481836557388,0.303984016180038
0.421379059553146,0,0,0,0.285789489746094,0,0,0,0,0,0.153047751103129,0,0,0,0,0,0.346488419506285,0.349798567869045,0.395365352561961,0,0.179367843398702,0,0,0,0,0,0,0,0,0,0,0.15596907834212,0.212058799968396,0,0.179568623980159,0.147268817368324,0,0.393613040447235,0.230150151779844,0.289016842842102,0.27620815159753,0.335962394873301,0.348395847003508,0,0,0.359534502029419,0.291832229776962,0.278891799705369,0.274215230097373,0.205935686826706,0,0,0,0,0.35596464574337,0,0.159030454000458,0,0,0,0,0,0.37264476219813,0.261899171149455,0,0,0,0,0,0,0.367621898651123,0.301384415891435,0,0.308918305096172,0,0.251658460893193,0,0.296720775374711,0.167494509443147,0.243660665154605,0.346358100573222,0.283187642012637,0.219060327063254,0.154646188020706,0.247984156736306,0.368798017501831,0.398063764218787
0.339650491873423,0.305281156446876,0,0.282312911222963,0,0,0,0,0.246997442096472,0.205981066539174,0,0.176119423136383,0,0,0,0,0.327428807105337,0.342476396775637,0.380736724688457,0.242754969293269,0,0.239476225821784,0,0.277867973635071,0,0.336652725934982,0,0.215056481046809,0,0.234937612630822,0,0,0,0.283721811693124,0.238159142434597,0.258003774717576,0.393613040447235,0,0.16777451136906,0.344819594174623,0.338442067305247,0.342485364100451,0.347136209408442,0,0,0.315899953025177,0.372362911701202,0.507685100989221,0.405133066432817,0.286310777801907,0,0,0,0,0.27501163052188,0.192387884077819,0.387972891330719,0.231299242346871,0,0,0,0.315469205379486,0.320253229655068,0.369254589080811,0.262019672075288,0,0.295395665208811,0,0,0,0.279362858807454,0,0.194877972940676,0.339075291156769,0,0,0.254293881801527,0.433408856391907,0.296907781134428,0.376884937286377,0.243366330364174,0.436852557423674,0.219734860059587,0.237704206181406,0.271686299755663,0.358037425921513,0.34980187813441
0.190879868773314,0.338410958647728,0.259434978167216,0,0,0,0,0,0.195498733696612,0,0.15687257491288,0,0,0,0,0,0.352292440507723,0.336459857225418,0.391143326321219,0,0.212647101065008,0,0.200884329990307,0,0.230286043803713,0,0,0,0.225173057755455,0,0.180714318279628,0,0,0.552571972211202,0.204547308910061,0,0.230150151779844,0.16777451136906,0,0,0.337534739971161,0.295402973890305,0.320589388303202,0,0,0.340384731690089,0.319447259654056,0.508594579994678,0.402258914915171,0.381120671828588,0,0,0,0,0.200881513004953,0.31389494985342,0.159278812369815,0,0.336467906832695,0,0,0,0,0.271269979510219,0,0.25299087284954,0.320664525032043,0.284185125319048,0,0.313808475713153,0.408695906400681,0.257975417119201,0.374838769435883,0.176573066065064,0,0,0,0.374343281636858,0.360388537247976,0.271150739819515,0.416341479824877,0.246196342787132,0.196792291230855,0.149701136730465,0.224082005093805,0.368321776390076,0.406953557204175
0,0,0,0.227870990490091,0,0.217722770571709,0,0,0,0,0,0,0,0,0,0,0.315194561456641,0.302349949424917,0.320862335695161,0.371836841106415,0,0,0,0,0.310033321380615,0,0,0,0,0,0,0,0,0,0,0.200613297954682,0.289016842842102,0.344819594174623,0,0,0.338540606200695,0.310765467247042,0.283742434100101,0.27941569685936,0,0.253742224203161,0.298979197939237,0.308467323289198,0,0.277457660590697,0,0,0,0,0.27407968044281,0,0.326357394456863,0.232720207642106,0,0,0,0,0.27817520880225,0,0,0,0,0,0,0,0.301019181375918,0.361812800168991,0.317465350031853,0.339684173464775,0.261879002675414,0,0,0,0.256085749800879,0.293350651860237,0.289240998343418,0.36023373901844,0.296767476668395,0,0.269801061467865,0.29915952641103,0.284291693940759
0.341747730970383,0,0.29107813835144,0.367810696363449,0.246456578373909,0,0,0,0,0,0,0,0,0,0,0,0.31649907802542,0.30497479760969,0.342540309286288,0,0,0.297913640737534,0,0.249962151050568,0,0,0,0,0,0,0,0,0.246905967593193,0,0,0.341372057795525,0.27620815159753,0.338442067305247,0.337534739971161,0.338540606200695,0,0.307877615094185,0.334029357561847,0,0,0.313852158685525,0.280835681520368,0.256608297879046,0.313885223374861,0.368034869432449,0,0,0,0,0.27233918436936,0,0.285189312823275,0.332184463739395,0,0,0,0,0.259612143039703,0.293431157294321,0,0,0,0,0,0,0.352699406445026,0.318798662473758,0.354316562414169,0.309564626392196,0,0.271012546760695,0,0.301912784576416,0.342884260874528,0.284114279747009,0.366582322120666,0.304736811486136,0.314944196301015,0,0.29108452837512,0.250355780124664,0.332906736179869
0,0.278760080252375,0,0.250295942708066,0,0.23920627789838,0,0,0.315621227025986,0.282559528946877,0,0,0,0,0,0,0.280631487884305,0.278074825908673,0.281947528481352,0.375040367245674,0,0,0.247661873698235,0,0,0.272941440343857,0,0,0,0,0,0,0,0.441637173295021,0,0.332589607195156,0.335962394873301,0.342485364100451,0.295402973890305,0.310765467247042,0.307877615094185,0,0.27533067872218,0.265335870578009,0,0.316307611958419,0.30091568082571,0.319565499668772,0,0.303187497830875,0,0,0,0,0.278808504343033,0.251448571681976,0.336377033963799,0.30554078466752,0,0.275577972332637,0,0,0.356042781538832,0.333324491977692,0.321050599217415,0,0.214527539908886,0,0,0,0.341473463078497,0.371133933464686,0.356444333897573,0.327238952120145,0,0,0,0,0.325054600947022,0.310889823910068,0.3667077579298,0.33671879076532,0.248797189313003,0.217218686525638,0.28650309100924,0.258088896044692,0.261776827018836
0.232887970481781,0.357707053422928,0.249606541500372,0.268660455942154,0.241855702721156,0.258387327194214,0,0,0.231235141235013,0.310708045959473,0,0,0,0,0,0,0.283022181810559,0.294173723175412,0.287137450444432,0,0,0,0,0,0,0,0,0,0,0,0,0,0,0,0.321585714817047,0.331182891130447,0.348395847003508,0.347136209408442,0.320589388303202,0.283742434100101,0.334029357561847,0.27533067872218,0,0.234782233834267,0,0.290618586043517,0.334677425849643,0.3013046959966,0.285448352033997,0.327749506286953,0.236919239163399,0,0,0,0.238745723221753,0,0.303146659877934,0.321284120281537,0.275271473186357,0,0,0,0.315600900186433,0.346898532606035,0,0,0,0.137873895466328,0,0,0.345988323291143,0.339345880455709,0.357076972723007,0.327818056550679,0,0,0,0.285892132339598,0.3150192492682,0.356107003644562,0.321514203098782,0.364349911142798,0.27483588809938,0.275503987073898,0.306920062568445,0.260922685265541,0.296767639779235
0,0,0,0,0,0,0,0,0,0,0,0,0,0,0,0,0,0,0,0,0,0,0,0,0,0,0,0,0,0,0,0,0,0,0,0,0,0,0,0.27941569685936,0,0.265335870578009,0.234782233834267,0,0,0.321433024747031,0,0,0,0.27375665307045,0,0,0,0,0,0,0.321479648351669,0,0,0,0,0,0.30604550242424,0,0,0,0,0,0,0,0,0,0,0,0,0,0,0,0.342601426623084,0,0,0,0.270234930126563,0.203749626874924,0.289804704984029,0,0
0,0,0,0,0,0,0,0,0,0,0,0,0,0,0,0,0,0,0,0,0,0,0,0,0,0,0,0,0,0,0,0,0,0,0,0,0,0,0,0,0,0,0,0,0,0,0,0,0,0,0,0,0,0,0,0,0,0,0,0,0,0,0,0,0,0,0,0,0,0,0,0,0,0,0,0,0,0,0,0,0,0,0,0,0,0,0
0,0,0,0.240900345028393,0,0.225130632519722,0,0,0,0.311298280954361,0,0,0,0,0,0,0.299658306054215,0.301790116743727,0.309705911674509,0.269135662487575,0,0,0,0.274136543273926,0,0,0,0,0,0,0,0,0,0,0,0.290952256247258,0.359534502029419,0.315899953025177,0.340384731690089,0.253742224203161,0.313852158685525,0.316307611958419,0.290618586043517,0.321433024747031,0,0,0.317004667861121,0.299463445320725,0.248041540384293,0.281078588391405,0,0,0,0,0,0,0.316150436798732,0.256702461673154,0,0.250593423843384,0,0,0.283768576532223,0.293148870269458,0.304462864995003,0,0,0,0,0,0.290553680052618,0.345158159732819,0.298004791752933,0.328685157001019,0,0,0.317361697554588,0,0.257448596411322,0.323352599685842,0.320557137468041,0.341403895616531,0.296728278502798,0.283990032039583,0.27071223023159,0.282708362422206,0.298891443759203
0,0,0.245097279548645,0.268420994281769,0.224131554365158,0,0,0,0.256430199742317,0,0,0,0,0,0,0,0.309516250612629,0.311499208211899,0.329955248659582,0,0.198938258384403,0,0,0.336974203586578,0,0,0,0,0,0,0,0,0,0,0,0.300247550010681,0.291832229776962,0.372362911701202,0.319447259654056,0.298979197939237,0.280835681520368,0.30091568082571,0.334677425849643,0,0,0.317004667861121,0,0.310117890437444,0.26789755156407,0.329014998674393,0,0,0,0,0.212038385371367,0,0.269596294912158,0,0,0,0,0,0.332043836514155,0.287937496414488,0,0,0,0,0,0,0.337086540957292,0.296977187123369,0,0.291602799249813,0,0,0,0,0.344815135002136,0.263602627639225,0.344318976998329,0.32403919123533,0.306719493835243,0,0.288444219070866,0.25337141752243,0.337851682677865
0.314860779898507,0.354320454888227,0.29969119032224,0.288998831448884,0.275270044803619,0.259874537587166,0,0,0.282209247350693,0.266784310340881,0,0,0,0,0,0,0.288581728935242,0.287619762122631,0.25891074450577,0,0,0,0,0,0,0,0,0,0,0,0,0.36651693791151,0.448218912385949,0.583036242024926,0.483593539226344,0.292692516979418,0.278891799705369,0.507685100989221,0.508594579994678,0.308467323289198,0.256608297879046,0.319565499668772,0.3013046959966,0,0,0.299463445320725,0.310117890437444,0,0.398059728856011,0.431472008976069,0,0,0,0,0.284355597427258,0.291762537426419,0.37047960569984,0.325135127703349,0.358846485614777,0,0,0.302928537130356,0.336359954693101,0,0,0,0.315278222163518,0,0,0,0.315400612354279,0,0,0.315156909823418,0.372807209114855,0.488535127711752,0.51513242389875,0.496559851638831,0.48523710464678,0.315357130133744,0.522195635032732,0.645900260366231,0.447147002201633,0,0.392767943394533,0.250105828046799,0
0.195529912217581,0,0.192779946894873,0,0.244242924451828,0,0,0,0.164675606284724,0,0,0,0,0,0,0,0.326225364208221,0,0.327667339608587,0,0,0,0.117250978946686,0,0.14181225001812,0,0,0,0,0,0,0,0,0.510257124900818,0.40828917755021,0.2297183573246,0.274215230097373,0.405133066432817,0.402258914915171,0,0.313885223374861,0,0.285448352033997,0,0,0.248041540384293,0.26789755156407,0.398059728856011,0,0.350535407662392,0.256521284580231,0,0,0,0.183374546885747,0.31091283261776,0.313847933984583,0,0.255544528365135,0,0.195547211462649,0,0,0.290596212659563,0,0.301246054230198,0,0.228742305762493,0,0.321017813682556,0.320266768336296,0.300130413196705,0,0.312080911480554,0,0.407103657722473,0.455204546451569,0.347289071739221,0.275671362876892,0.30787445298263,0.420818312714497,0.31379830522095,0.306446018643653,0.501834452152252,0.319273816595542,0,0.357755407691002
0,0.266321100562421,0.280751913785934,0.195824878532851,0.218795165419579,0.200482130050659,0,0,0.30407702922821,0.227209985256195,0,0,0,0,0,0,0.294338698898043,0.3013851583004,0.338200653380737,0.339430312315623,0,0.321098163723946,0,0.32277050614357,0,0,0,0,0,0,0,0.250306904315948,0.48915359377861,0,0.432078093290329,0.265572046813292,0.205935686826706,0.286310777801907,0.381120671828588,0.277457660590697,0.368034869432449,0.303187497830875,0.327749506286953,0.27375665307045,0,0.281078588391405,0.329014998674393,0.431472008976069,0.350535407662392,0,0,0,0,0,0.254233509302139,0.2240022410347,0.310997049013774,0.298120903278716,0,0.273933082374174,0,0.243047163358534,0.333382401444496,0.293870449066162,0.206861960616979,0,0.248772093882928,0,0,0,0.304554670263862,0.340581402182579,0.356425260052536,0.355584578854697,0.318442080402747,0.482118532061577,0.408373226496306,0.46549352152007,0.316007298204982,0.269039526581764,0.308922798528354,0.380305516719818,0.311964666315004,0.303559690713882,0.305299340422696,0.322625591854254,0.285297840833664
0,0,0.238279050118045,0,0.216754716231627,0,0.167957517504692,0,0,0,0,0,0,0,0.1939337849617,0,0,0,0,0,0.157069958746433,0,0,0,0,0,0,0,0,0,0,0,0,0,0,0,0,0,0,0,0,0,0.236919239163399,0,0,0,0,0,0.256521284580231,0,0,0,0.182330206036568,0,0.185732275247574,0,0,0,0.221655146280924,0,0.190305526057879,0,0,0.204536144932111,0,0,0,0,0,0,0,0,0,0.299227431416512,0,0,0,0,0,0,0,0.306584427754084,0.17917363085444,0,0.240135621693399,0,0
0,0,0,0.239213417435801,0,0.198197400701919,0,0.177610505050347,0,0.236441969871521,0,0,0,0,0,0.256388133764267,0,0,0,0,0,0,0,0,0,0,0,0,0,0,0,0,0,0,0,0,0,0,0,0,0,0,0,0,0,0,0,0,0,0,0,0,0,0.169508828403982,0,0.234723848104477,0,0,0,0.179581878440721,0,0.261220788826113,0.260853171348572,0,0,0,0,0,0,0,0,0,0,0,0,0,0,0,0,0,0,0,0.170024943459966,0,0.179184384644032,0,0
0,0,0,0,0,0,0.259013761326952,0,0,0,0.212056868954709,0,0,0,0,0,0,0,0,0,0,0,0,0,0,0,0,0,0,0,0,0,0,0,0,0,0,0,0,0,0,0,0,0,0,0,0,0,0,0,0.182330206036568,0,0,0,0,0,0.222504644095898,0,0,0,0,0,0,0,0,0,0,0,0,0,0,0,0,0,0,0,0,0,0,0,0,0,0,0,0,0,0
0,0,0,0,0,0.140083143547658,0,0.175475945766968,0,0,0,0.253500461578369,0,0.194838166236877,0,0,0,0,0,0,0,0,0,0,0,0,0,0,0,0,0,0,0,0,0,0,0,0,0,0,0,0,0,0,0,0,0,0,0,0,0,0.169508828403982,0,0,0,0,0,0.208131950348616,0,0.188178065419197,0,0,0,0,0,0,0,0,0,0,0,0,0,0,0,0,0,0,0,0,0,0,0.133197127495493,0,0,0,0
0.187963361417816,0,0.148930944502354,0,0.159335404634476,0,0,0,0.222319561649453,0,0,0,0,0,0.163123998790979,0,0.192477447755875,0.195364974439144,0.23464287178857,0,0,0,0.19256380200386,0,0.229544871328054,0,0,0,0,0,0,0,0,0,0,0,0.35596464574337,0.27501163052188,0.200881513004953,0.27407968044281,0.27233918436936,0.278808504343033,0.238745723221753,0,0,0,0.212038385371367,0.284355597427258,0.183374546885747,0.254233509302139,0.185732275247574,0,0,0,0,0.285849243402481,0.224056692285971,0,0,0,0.216925375478368,0,0,0.192692637443542,0,0,0,0.217079689955875,0,0.19062665104866,0.315863072872162,0.280523620545864,0,0.268748181313276,0,0,0,0.285281181335449,0.263648986816406,0.25240695476532,0.307995769381523,0.227621032673622,0.190676808274912,0.223293796181679,0.196961369762306,0,0
0,0.181238275778487,0.318650007247925,0.184751369059086,0,0.180089027062058,0,0,0,0.19572036510778,0,0,0,0,0,0.193249913362356,0,0.200814008712769,0.30918662250042,0,0,0,0,0.177447038806147,0,0,0,0,0,0,0,0,0,0,0,0,0,0.192387884077819,0.31389494985342,0,0,0.251448571681976,0,0,0,0,0,0.291762537426419,0.31091283261776,0.2240022410347,0,0.234723848104477,0,0,0.285849243402481,0,0,0.264012664556503,0,0,0,0.187404211255766,0,0,0,0,0.185068573170113,0,0,0,0.307341913382212,0,0,0,0,0,0,0,0,0,0.177922148365998,0.261807732284069,0.185526551885737,0,0.190399635023569,0,0
0.307218770186106,0,0.236202928558581,0,0.217254271900112,0,0.218749116174877,0,0.269069351255894,0.355332732200623,0.219911206745522,0,0.240365260692893,0,0,0,0.318430137634277,0.31547024846077,0.342236071825027,0,0.156792876467665,0,0,0,0,0,0,0,0,0,0.222431758817817,0,0,0,0,0.381930559873581,0.159030454000458,0.387972891330719,0.159278812369815,0.326357394456863,0.285189312823275,0.336377033963799,0.303146659877934,0.321479648351669,0,0.316150436798732,0.269596294912158,0.37047960569984,0.313847933984583,0.310997049013774,0,0,0.222504644095898,0,0.224056692285971,0,0,0.322145789861679,0.280677062232752,0,0,0,0.32842230796814,0.276992053244225,0,0,0.327525615692139,0,0,0,0,0.324442343694911,0.365531221032143,0.300866783799748,0,0,0,0,0.329745006561279,0.290552634852273,0.359598133299086,0.292266661673784,0.22478147425697,0,0.313630784051319,0,0.317748918252833
0,0.277929957707723,0,0.246404477953911,0.28807008266449,0.202933564782143,0,0.174958462300508,0,0.301629910866419,0,0.22428136689584,0,0.186945873778313,0,0,0.305979013442993,0.301571995019913,0.32664961181581,0.177708162655753,0,0,0,0.302775604384286,0,0,0,0.214786261320114,0,0.160688701603148,0,0,0,0,0,0.153388183625018,0,0.231299242346871,0,0.232720207642106,0.332184463739395,0.30554078466752,0.321284120281537,0,0,0.256702461673154,0,0.325135127703349,0,0.298120903278716,0,0,0,0.208131950348616,0,0.264012664556503,0.322145789861679,0,0,0.22460968779014,0,0.224113434553146,0.302158895863525,0.324920624494553,0,0,0.283678784966469,0,0,0,0.294724848100936,0,0.253731954791774,0,0,0,0,0,0.239663826192127,0.265943914651871,0.274887950810711,0.368473209440708,0.225267000797856,0.328258454799652,0.311454633624814,0.318449735641479,0.29458087682724
0,0,0.195536449106772,0,0.244407416809173,0,0,0,0,0,0.207795690810471,0,0.199913243974995,0,0.173286103953918,0,0.255464524030685,0,0,0,0,0,0,0,0,0,0,0,0.15765942260623,0,0,0,0,0,0,0,0,0,0.336467906832695,0,0,0,0.275271473186357,0,0,0,0,0.358846485614777,0.255544528365135,0,0.221655146280924,0,0,0,0,0,0.280677062232752,0,0,0,0.200520551344107,0,0,0,0,0,0,0,0,0,0,0.295738935470581,0,0.286599764227867,0,0,0,0,0,0.234980195760727,0.341180384159088,0.307681430876255,0.248391937464476,0,0.281080682976888,0,0
0,0.268987496693929,0,0,0,0.189583852887154,0,0.183002956888892,0,0,0,0.19433124075881,0,0.198572612761969,0,0,0,0,0,0,0,0,0,0,0,0,0,0.155874887481332,0,0.146066173911095,0,0,0,0,0,0,0,0,0,0,0,0.275577972332637,0,0,0,0.250593423843384,0,0,0,0.273933082374174,0,0.179581878440721,0,0.188178065419197,0,0,0,0.22460968779014,0,0,0,0.160992075999578,0.292512690027555,0,0,0,0,0,0,0,0.195228631988816,0,0.18768281241258,0,0,0,0,0,0,0.332326680421829,0.336010694503784,0,0.227553769946098,0,0.298102116212249,0,0
0.197019410483977,0,0,0,0.177067381364328,0,0,0,0.237609453854107,0,0,0,0,0,0.168937641796139,0,0.171625155583024,0.174081057310104,0,0,0,0,0,0,0,0,0,0,0,0,0,0,0,0,0,0,0,0,0,0,0,0,0,0,0,0,0,0,0.195547211462649,0,0.190305526057879,0,0,0,0.216925375478368,0,0,0,0.200520551344107,0,0,0,0,0,0,0.184987440705299,0,0.190855830907822,0,0.218311646580696,0,0,0,0,0,0,0,0,0,0,0,0,0.184966904542795,0,0,0,0
0,0.213963092636254,0,0.241892457008362,0,0.211898350859842,0,0,0,0.174967926075825,0,0,0,0.16992025077343,0,0.19038219078704,0,0.148972922563553,0,0,0,0,0,0.193338941317052,0,0.192077274123828,0,0,0,0,0,0,0,0,0,0,0,0.315469205379486,0,0,0,0,0,0,0,0,0,0.302928537130356,0,0.243047163358534,0,0.261220788826113,0,0,0,0.187404211255766,0,0.224113434553146,0,0.160992075999578,0,0,0,0,0,0,0.195923308531443,0,0.195697706192732,0,0.264543135057796,0,0,0,0,0,0,0,0,0,0,0,0,0,0.312449057896932,0,0
0,0.330370843410492,0,0.256503952159123,0,0.14072088599205,0,0,0,0,0,0.196429458597014,0,0,0,0,0.31035493966192,0.314163523823468,0.322116476079129,0.233557739074121,0,0,0,0,0,0,0,0,0,0,0,0,0,0,0,0.207468286440066,0.37264476219813,0.320253229655068,0,0.27817520880225,0.259612143039703,0.356042781538832,0.315600900186433,0.30604550242424,0,0.283768576532223,0.332043836514155,0.336359954693101,0,0.333382401444496,0,0.260853171348572,0,0,0,0,0.32842230796814,0.302158895863525,0,0.292512690027555,0,0,0,0,0,0,0,0,0,0,0.32306382218574,0.362508744001389,0.301509599580809,0.305248409509659,0,0,0,0,0.284865944269856,0.320546855529149,0.35163707126588,0.367590215471056,0.275766911701514,0.297812473773956,0.294141850873755,0.333265892483971,0.314408783401762
0,0,0.248473300175233,0.320948362350464,0.194603306742815,0,0.14578951895237,0,0,0,0.177223920822144,0,0,0,0,0,0.309548818148099,0.284139961004257,0.325845677692157,0.415483295917511,0.225262156269199,0,0,0,0,0,0,0,0,0,0.400914639234543,0,0,0,0,0,0.261899171149455,0.369254589080811,0.271269979510219,0,0.293431157294321,0.333324491977692,0.346898532606035,0,0,0.293148870269458,0.287937496414488,0,0.290596212659563,0.293870449066162,0.204536144932111,0,0,0,0.192692637443542,0,0.276992053244225,0.324920624494553,0,0,0,0,0,0,0,0,0,0,0,0,0.337345272302628,0.336371267664021,0,0.340846670902182,0,0,0,0.334505811333656,0.311747163534164,0.291268929191766,0.349195569753647,0.353701986751429,0.233968179583728,0,0.246813923357967,0,0.347491676608721
0,0,0,0,0,0,0,0,0,0,0,0,0,0,0,0,0,0.141196410570826,0,0,0,0.220603213029817,0.190652433682132,0.178702359182247,0,0.180581215100411,0,0.22769511449054,0,0,0,0,0,0,0,0,0,0.262019672075288,0,0,0,0.321050599217415,0,0,0,0.304462864995003,0,0,0,0.206861960616979,0,0,0,0,0,0,0,0,0,0,0,0,0,0,0,0,0.28501812821811,0,0.371049752635328,0,0.284616626536557,0,0,0,0,0,0,0,0,0,0.300190514189447,0.385817259550095,0.169812372130043,0.154096961462747,0.332632731646299,0,0
0,0,0,0,0,0,0,0,0,0,0,0,0,0,0,0,0.159100505212943,0.181225460436609,0,0,0,0,0.200584219560473,0,0.154543831944466,0,0.195812560617924,0,0.175009921193123,0,0,0,0,0,0,0,0,0,0.25299087284954,0,0,0,0,0,0,0,0,0,0.301246054230198,0,0,0,0,0,0,0,0,0,0,0,0.184987440705299,0,0,0,0,0,0,0.172528039641453,0,0.304474413573172,0,0.184889144860627,0,0,0,0,0,0,0,0,0,0.28629099591723,0.178292807909074,0.163485060135523,0,0,0
0,0.188757738098502,0,0.191998779773712,0,0.185230985283852,0,0,0,0.248891691780753,0,0,0,0,0,0.245438233017921,0.177042923867702,0.169623809067283,0.268708972260356,0,0,0.204273635521531,0,0.198326414451003,0,0.180048726499081,0,0,0,0,0,0,0,0,0,0,0,0.295395665208811,0.320664525032043,0,0,0.214527539908886,0,0,0,0,0,0.315278222163518,0,0.248772093882928,0,0,0,0,0,0.185068573170113,0.327525615692139,0.283678784966469,0,0,0,0.195923308531443,0,0,0.28501812821811,0,0,0,0.213851951345613,0,0.260870770215988,0,0,0,0,0,0,0,0,0,0.275804032709839,0.39278906583786,0.159905817359686,0,0.211494375788976,0,0
0.165545910596848,0,0,0,0,0,0,0,0.189237869828939,0,0,0,0,0,0,0,0.193179824228944,0.234009832143784,0.25546183437109,0,0,0,0.161864702730146,0,0.187975501249666,0,0.161943048238754,0,0,0,0,0,0,0,0,0,0,0,0.284185125319048,0,0,0,0.137873895466328,0,0,0,0,0,0.228742305762493,0,0,0,0,0,0.217079689955875,0,0,0,0,0,0.190855830907822,0,0,0,0,0.172528039641453,0,0,0,0.210017278203814,0,0,0,0,0,0,0,0,0,0,0,0.269590099894062,0.158412602256265,0,0.169773662090302,0,0.215272627770901
0,0,0,0,0,0,0,0,0,0.182160299271345,0,0,0,0,0,0.235736550736255,0,0.154216039576568,0.227742180228233,0,0,0.21044412568742,0,0.203474908666502,0,0.202024252265491,0,0.173170989298302,0,0,0,0,0,0,0,0,0,0,0,0,0,0,0,0,0,0,0,0,0,0,0,0,0,0,0,0,0,0,0,0,0,0.195697706192732,0,0,0.371049752635328,0,0.213851951345613,0,0,0,0.294520696517653,0,0,0,0,0,0,0,0,0,0,0,0.16747583495453,0,0,0,0
