0,0,37.4611243009567,0,0,0,0,0,164.99283862114,0,0,0,0,0,6.86962473392487,0,3.24121350049973,2.21288913488388,26.7388293147087,0,0,0,0,0,5.12969210743904,0,0,0,0,0,0,0,0,0,0,0,10.0506254285574,0,23.9575497508049,1.06097841262817,31.7168202400208,4.39649803936481,193.632361575961,0,0,0.147926390171051,16.7837666273117,3.54198284447193,267.533408641815,0,0,0,0,0,144.30356541276,0,0,0,0.465207189321518,0,111.872743755579,0,0,0.380243629217148,0,0,0,48.0446014553308,0,1.61224544048309,0,6.64104744791985,0.4642184227705,5.53876216709614,0,0,0,0,0.149550199508667,49.0891644358635,0,62.4567223489285,231.546021416783,0.651039063930511,944.598102763295,0.201336488127708,0.320407330989838
0,0,0,3.01781022548676,0,0,0,0,0,113.424917966127,0,0,0,0,0,3.82056993246078,0.792494930326939,2.06374361366034,31.3467910736799,0,0,0,0,11.4932627528906,0,0.326945692300797,0,0,0,0,0,0,0,0,0,0.768326044082642,0,7.69043798744678,0.112352877855301,9.18597666919231,1.0079772695899,365.864972367883,0.510629445314407,0,0,2.53419750183821,0.551201969385147,0.562753140926361,0.130913749337196,61.8582611680031,0,0,0,0,0,144.039362698793,0,1.18492531776428,0,0,0,30.931484028697,0.12120720744133,0,0,0,28.7804168909788,0,8.88289575278759,0,2.00060129165649,0,2.36245478689671,0,0,0,0,0,74.3871349543333,0.881060615181923,13.5116669386625,0,344.726850926876,0,128.345117121935,0.113724455237389,0
37.4611243009567,0,0,0,84.25450694561,0,0,0,4.55931714177132,0,0,0,0,0,0,0,0.302256077528,1.22959458827972,0.539083018898964,0,1.9996223449707,0,0,0,0,0,0,0,0,0,0,0,0,0,0,0,0.341348052024841,0,2.47250580787659,0,1.79001100361347,0.210981130599976,25.057395234704,0,0,0.131872117519379,7.56784901022911,0,46.581113755703,0,5.20153202116489,0,0,0,23.0433279126883,0,6.08435189723969,0,20.1308590769768,0,16.1721088290215,0,0,12.5923529863358,0,0,0,0,0,0,0,1.48073755204678,0,9.17844316363335,0,0,0,0,0,0.145396053791046,0,8.49232670664787,49.7054193615913,0,143.403724178672,0,0
0,3.01781022548676,0,0,0,12.132038757205,0,0,0,13.7821323275566,0,0,0,0,0,0,0.111053250730038,1.73495183885098,5.92593882977962,0,0,0,0,0,0,0,0,0,0,0,0,0,0,0,0,5.06183581054211,0,1.58984190225601,0,23.4664610028267,0.0943465158343315,112.652552090585,1.63156454265118,0,0,59.7838801816106,0,0,2.44034880399704,160.010361358523,0,93.422236546874,0,0,0,13.3054577112198,0,30.0974649041891,0,10.7402087748051,0,36.4341100156307,9.11920271813869,0,0,0,0,0,0.646745532751083,0,0,0,44.4894483685493,0,0,0,0,0,141.751818358898,0.322399795055389,9.95822413265705,0,143.225371010602,0,359.007414221764,1.25919070839882,0
0,0,84.25450694561,0,0,0,64.0116128921509,0,318.070979207754,0,0,0,36.6484626531601,0,26.9911840558052,0,0,0,0,0,56.98546397686,0,0,0,0,0,0,0,0,0,0,0,0,0,0,0,0,0,0,0,0,0,5.1244615316391,0,0,0,0,0,0,0,1046.47189588845,0,156.12817710638,0,165.597628235817,0,2.78928877413273,0,68.7484912276268,0,41.2882236242294,0,0,14.0228109359741,0,0,0,0,0,0,0,0,0,0,0,0,0,0,0,0,0,0,947.654856324196,89.2471835017204,42.7793239951134,0,0
0,0,0,12.132038757205,0,0,0,20.5570615530014,0,0,0,0,0,0,0,0,0,0,0,32.222260594368,0,0,0,0,0,0,0,0,0,0,0,0,0,0,0,7.45974218845367,0,0,0,0,0,2.58784787356853,0,0,0,0.492002606391907,0,0,0,0,0,809.802543491125,0,34.5511964559555,0,0,0,1.82029309868813,0,0.843667775392532,0,62.1810653209686,34.5110226869583,0,0,0,0,0,0,0,0,0,0,0,0,0,0,0,30.0408505499363,0,1.60950517654419,0,1520.89188984036,1296.64753207564,6.65810327231884,0,0
0,0,0,0,64.0116128921509,0,0,0,0,0,9.52004787325859,0,260.180813312531,0,0,0,0,0,0,0,1.76204526424408,0,0,0,0,0,0,0,0,0,0,0,0,0,0,0,0,0,0,0,0,0,0,0,0,0,0,0,0,0,88.4386424720287,0,540.810058474541,0,0,0,71.846091479063,0,233.698136031628,0,0,0,0,0,0,0,0,0,0,0,0,0,0,0,0,0,0,0,0,0,0,0,522.681487977505,152.71029907465,0,0,0
0,0,0,0,0,20.5570615530014,0,0,0,0,0,9.45120757818222,0,22.7294912338257,0,0,0,0,0,0,0,0,0,0,0,0,0,0,0,0,0,0,0,0,0,1.32830703258514,0,0,0,0,0,0,0,0,0,0,0,0,0,0,0,56.5105274915695,0,413.904202580452,0,0,0,86.9416709542274,0,5.76594996452332,0,0,0,0,0,0,0,0,0,0,0,0,0,0,0,0,0,0,0,0,0,0,458.248360008001,40.323989212513,0,0,0
164.99283862114,0,4.55931714177132,0,318.070979207754,0,0,0,0,0,0,0,0,0,197.646594703197,0,19.1100148111582,4.40955752134323,61.5133984982967,0,0,0,0,0,173.357317149639,0,30.2626272439957,0,0,0,0,0,0,0,0,0,0.648043692111969,0,31.7513242959976,0,1.60834687948227,0.55647999048233,177.63203561306,0,0,0.142106294631958,5.39939521998167,0.51144440472126,80.1967289149761,0,18.2942462861538,0,0,0,1066.55799242854,0,0,0,0,0,329.384481579065,0,0,0,0,0,0,61.9069468080997,0,0,0,0,0,1.5036772787571,0,0,0,0,2.03369092941284,3.11308088153601,0,34.6299382895231,1919.25633357465,129.055281490088,191.308945685625,0,2.15467464923859
0,113.424917966127,0,13.7821323275566,0,0,0,0,0,0,0,0,0,0,0,232.167778223753,0,100.692267715931,0,0,0,0,0,69.2650611996651,0,0,0,0,0,0,0,0,0,0,0,0.211863920092583,0,11.9471627175808,0,1.65187536180019,0,128.620826810598,0,0,0,0.611066043376923,0,0,0,131.8708550632,0,2.06542491912842,0,0,0,640.692032933235,0,4.76762360334396,0,0,0,29.1348145604134,0,0,0,0,28.3260411024094,0,0,0,2.31384241580963,0,5.91926971077919,0,0,0,0,0,1.82088663429022,0.680894792079926,0.212151631712914,0,1664.28112392128,662.948969483376,51.3460357040167,0,0
0,0,0,0,0,0,9.52004787325859,0,0,0,0,0,10.2319481372833,0,0,0,0.67845256626606,0.176269799470901,0.350498043000698,0,265.60945212841,0,0,0,0,0,0,0,0,0,42.2581705451012,0,0,0,0,0,38.332263469696,0,381.216222181916,0,0,0,9.22136405110359,0,0,0,5.19013145565987,0,0.155417412519455,0,0,0,3.51122382283211,0,0,0,1604.43359692395,0,11.9252850413322,0,0,0,0,5.57291211932898,0,0,0,0,0,0,0,0,0,172.826773226261,0,0,0,0,0,1.24692404270172,0,1.55306166410446,117.033430866897,0,7.64595583081245,0,1.40641641616821
0,0,0,0,0,0,0,9.45120757818222,0,0,0,0,0,5.43096175789833,0,0,0,0,0,619.663018107414,0,0,0,0,0,0,0,0,0,14.0069659352303,0,0,0,0,0,119.771463513374,0,443.225157856941,0,0,0,0.119131676852703,0,0,0,0,0,0,0,0,0,4.50372266769409,0,24.4755512475967,0,0,0,1305.7334407419,0,0,0,0,14.6858851909637,0,0,0,0,0,0,0,0,0,193.91054224968,0,0,0,0,0,2.61572539806366,0,23.1013884544373,0,384.838420659304,0,4.17527782917023,0,0
0,0,0,0,36.6484626531601,0,260.180813312531,0,0,0,10.2319481372833,0,0,0,86.8644576668739,0,0,0,0,0,0,0,0,0,0,0,0,0,0,0,0,0,0,0,0,0,0,0,0,0,0,0,1.80594593286514,0,0,0,0,0,5.48412352800369,0,33.1518858671188,0,112.18941283226,0,0,0,2.20075654983521,0,57.8495832681656,0,20.286470323801,0,0,0,0,0,0,0,0,0,0,0,0,0,0,0,0,0,0,0,0,0,191.791917383671,106.33351624012,0.380703330039978,0,0
0,0,0,0,0,0,0,22.7294912338257,0,0,0,5.43096175789833,0,0,0,109.190925508738,0,0,0,0,0,0,0,0,0,26.2679913341999,0,54.2258649468422,0,0,0,0,0,0,0,0,0,0,0,0,0,0,0,0,0,0,0,0,0,0,0,0,0,0,0,0,0,2.71745774149895,0,270.498394966125,0,17.9892336130142,0,0,0,0,0,0,0,0,7.26650679111481,0,0,0,0,0,0,0,0,0,0,0,354.527163922787,430.260844767094,0,0,0
6.86962473392487,0,0,0,26.9911840558052,0,0,0,197.646594703197,0,0,0,86.8644576668739,0,0,0,29.9061920642853,0,1.95194733142853,0,0,0,0,0,0,0,0,0,0,0,0,0,0,0,0,0,0,0,0,0,0,0,1.07958722114563,0,0,0,0,0,15.519837975502,0,21.7043802142143,0,0.836095094680786,0,0.370133399963379,0,0,0,65.9840132594109,0,262.340074360371,0,0,0,0,0.38335195183754,0,0,0,0,0,1.72043094038963,0,0,0,0,0,0,0,0,0,0,487.926933079958,237.208350598812,11.2731959223747,0,0
0,3.82056993246078,0,0,0,0,0,0,0,232.167778223753,0,0,0,109.190925508738,0,0,0,39.1659513711929,0,0,0,0,0,22.0734232068062,0,150.118156313896,0,17.9023282527924,0,0,0,0,0,0,0,0,0,0,0,0,0,0,0,0,0,0,0,0,0,1.64683258533478,0,0.442719250917435,0,0,0,83.3406013846397,0,0,0,3.40218219161034,0,386.04143127799,0,0,0,0,0,0,0,0,0,0,0,0,0,0,0,0,0,0,0,0,168.022057592869,115.541522294283,0,0,0
3.24121350049973,0.792494930326939,0.302256077528,0.111053250730038,0,0,0,0,19.1100148111582,0,0.67845256626606,0,0,0,29.9061920642853,0,0,7764.38249349594,1852.32710591704,2.05739688873291,0,0,313.010666176677,7.62294772267342,90.3027982115746,26.8474363833666,262.471682012081,0,5.28965961933136,0,0,0,0,0,0,2.28336105495691,3.33370979875326,0.148090720176697,1.39643959701061,55.4127284511924,42.9060933291912,35.7678540349007,96.6965842843056,0,0,14.8877577111125,39.0848861038685,0.198930844664574,22.0242384150624,4.30843079090118,0,0,0,0,0,0,0,0.401358924806118,0,0,0.131766095757484,0,0.240325748920441,1.63610687851906,0,127.07811409235,0,93.54492649436,4.86470520496368,34.9064893722534,0,0,2.63539936393499,4.2837203964591,0,0,0,0,52.5991367921233,39.8603258058429,13.8022189289331,53.8102240115404,5010.6155513376,748.09568028152,68.8180537298322,5.79458516091108,14.4114449247718
2.21288913488388,2.06374361366034,1.22959458827972,1.73495183885098,0,0,0,0,4.40955752134323,100.692267715931,0.176269799470901,0,0,0,0,39.1659513711929,7764.38249349594,0,2623.99322011322,0.14066556096077,0,45.1271016895771,0,21.4646079093218,7.65392783284187,213.968808010221,0.214623898267746,33.1601126194,0,0,0,0,0,0,0,5.32268614321947,1.47353867441416,0.296952754259109,0.431196175515652,93.7705394029617,30.2113372683525,100.767851024866,52.9417466670275,0.471412420272827,0,30.9356619715691,19.6696924120188,0.446723371744156,16.9674205631018,8.33265479654074,0,0,0,0,0,7.19728721678257,0,0.935333378612995,0,0,0,4.35606756806374,5.82955092936754,1.23434761166573,23.2583734989166,0,2.56491661071777,0.981000319123268,9.33742672204971,0,14.4229211360216,0.886862546205521,9.86090695112944,2.09636349976063,0,0,0,0,94.1875910386443,20.3604384586215,33.9757167324424,20.2851228266954,5932.08238273859,3095.55920876563,93.2489486783743,10.9033514633775,8.71296501159668
26.7388293147087,31.3467910736799,0.539083018898964,5.92593882977962,0,0,0,0,61.5133984982967,0,0.350498043000698,0,0,0,1.95194733142853,0,1852.32710591704,2623.99322011322,0,1.72485649585724,0,0,0,0,0,1.34811754524708,0,0,0,0,0,0,0,0,0,29.295391894877,49.7780462503433,6.23658921569586,7.48319559544325,538.930127702653,520.235139869153,615.388423293829,817.553759299219,9.43666559457779,0.444780021905899,228.849314659834,406.088260188699,5.69935062527657,127.91184091568,38.6955321654677,0,0,0,0,0.30711242556572,0.115546554327011,0,15.0129036605358,0,0.0942143872380257,0.103667415678501,0,25.0331694856286,45.5374853685498,0,0,0.72261044383049,0,0.252582281827927,0,0.186796829104424,0,80.2552285715938,25.6151218339801,0,0,0,0,562.675060439855,496.815653242171,217.046736598015,275.051146090031,3837.15711850673,17.5481750369072,797.265478268266,41.247978284955,83.6932230070233
0,0,0,0,0,32.222260594368,0,0,0,0,0,619.663018107414,0,0,0,0,2.05739688873291,0.14066556096077,1.72485649585724,0,0,0,0,0,0,0,0,0,0,0,0,0,0,0,0,763.982941716909,0,381.808053076267,0,0.912189245223999,0,0.594339668750763,0,0,0,140.199432939291,0,0,0,0,0,0,0,0,0,0,0,33.7495295107365,0,0,0,0,1760.84113270044,0,0,0,0,0,0,0,0,0,5.24535112082958,0,0,0,0,0,127.201050445437,0,145.894021525979,0,382.977311626077,0,28.2779598534107,0,0
0,0,1.9996223449707,0,56.98546397686,0,1.76204526424408,0,0,0,265.60945212841,0,0,0,0,0,0,0,0,0,0,0,0,0,0,0,0,0,0,0,0,0,0,0,0,0,1849.49839111418,0,1007.68479470909,0,7.98990961909294,0,0.734802097082138,0,0,0,30.2032729387283,0,0.201221480965614,0,42.2071778178215,0,39.5521504580975,0,0,0,683.41722714901,0,0,0,0,0,0,1501.7766643092,0,0,0,0,0,0,0,0,0,0,0,0,0,0,0,284.768033377826,0,153.80891931802,631.502753295004,1.36968064308167,86.9300897046924,0,0
0,0,0,0,0,0,0,0,0,0,0,0,0,0,0,0,0,45.1271016895771,0,0,0,0,1956.24188235402,573.189457252622,0,190.991196453571,0,182.338090509176,0,0,0,0,0,17.3714145421982,2.54377120733261,0,0,1491.17387358844,28.3998487889767,0,0,0,0,0,0,0,0,0,0,160.972468554974,0,0,0,0,0,0,0,0,0,0,0,0,0,0,13831.4788629711,149.205623060465,571.367426022887,0,260.929235726595,0,113.486932888627,0,0,0,0,0,0,1.87823334336281,0,0,493.603787526488,27.8470814228058,3639.85641637444,152.579630851746,0,0,0
0,0,0,0,0,0,0,0,0,0,0,0,0,0,0,0,313.010666176677,0,0,0,0,1956.24188235402,0,0,239.043730378151,0,43.5568860173225,0,213.378944724798,0,0,0,0,0,0,0,0,0,1133.06156762689,0,0,0,0,0,0,0,0,0,161.940254196525,0,0,0,0,0,0,0,0,0,0,0,0,0,0,0,100.326069831848,17363.7506590486,0,325.79519161582,0,1.12116062641144,0,133.932602196932,0,0,0,0,0,0,0,0,0,299.208191558719,8625.80278149992,778.978877425194,0,0,0
0,11.4932627528906,0,0,0,0,0,0,0,69.2650611996651,0,0,0,0,0,22.0734232068062,7.62294772267342,21.4646079093218,0,0,0,573.189457252622,0,0,0,275.876098901033,0,0,0,0,0,0,0,0,0,0,0,860.114040136337,0,0,0,40.1776131689548,0,0,0,0,0,0,0,49.5970996618271,0,0,0,0,0,17.0392240583897,0,0,0,0,0,1.83607816696167,0,0,93.4653113335371,0,2193.60366427898,0,173.819093301892,0,0,0,0,0,0,0,0,0,0,0,169.667855918407,0,563.770431384444,10.2929837703705,30.9918642342091,0,0
5.12969210743904,0,0,0,0,0,0,0,173.357317149639,0,0,0,0,0,0,0,90.3027982115746,7.65392783284187,0,0,0,0,239.043730378151,0,0,0,372.615567773581,0,0,0,0,0,0,0,0,0,0,0,531.330948084593,0,0,0,2.66760095953941,0,0,0,0,1.99269568920135,12.6497566699982,0,0,0,0,0,18.595731317997,0,0,0,0,0,1.06780421733856,0,0,0,0,78.2865486741066,0,1403.23564839363,0,50.5636442601681,0,1.62328195571899,0,0,0,0,0,0,0,0,0,304.750508129597,1275.01445473731,6.91426169872284,40.0231395512819,0,0
0,0.326945692300797,0,0,0,0,0,0,0,0,0,0,0,26.2679913341999,0,150.118156313896,26.8474363833666,213.968808010221,1.34811754524708,0,0,190.991196453571,0,275.876098901033,0,0,0,162.009494781494,0,0,0,0,0,0,0,0,0,0,0,0,0,0,0,0,0,0,0,0,0,0,0,0,0,0,0,0,0,0,0,0,0,122.58621057868,0,0,64.6512925028801,0,186.97178709507,0,657.686534911394,0,27.830922305584,0,0,0,0,0,0,0,0,0,0,0,440.507748737931,0.257720053195953,0,0,0
0,0,0,0,0,0,0,0,30.2626272439957,0,0,0,0,0,0,0,262.471682012081,0.214623898267746,0,0,0,0,43.5568860173225,0,372.615567773581,0,0,0,55.0292054414749,0,0,0,0,0,0,0,0,0,0,0,0,0,0,0,0,0,0,0,0,0,0,0,0,0,1.39872822165489,0,0,0,0.575421869754791,0,1.15970253944397,0,0,0,0,22.6799250245094,0,60.4738286137581,0,223.025674402714,0,1.49087101221085,0,0,0,0,0,0,0,0,0,0,300.804862141609,0,0,0,0
0,0,0,0,0,0,0,0,0,0,0,0,0,54.2258649468422,0,17.9023282527924,0,33.1601126194,0,0,0,182.338090509176,0,0,0,162.009494781494,0,0,0,66.5216571390629,0,0,0,0,0,0,0,112.183205455542,0,0,0,0,0,0,0,0,0,0,0,0,0,0,0,0,0,0,0,0,0,165.380743265152,0,0,0,0,34.4133915305138,0,0,0,15.8745166957378,0,769.191365897655,0,0,0,0,0,0,0,0,0,0,0,333.429421424866,85.9852683544159,0,0,0
0,0,0,0,0,0,0,0,0,0,0,0,0,0,0,0,5.28965961933136,0,0,0,0,0,213.378944724798,0,0,0,55.0292054414749,0,0,0,153.808016732335,0,0,0,0,0,0,0,28.4698554575443,0,0,0,0,0,0,0,0,0,0,0,0,0,0,0,0,0,0,0,0,0,0,0,0,0,0,248.63043653965,0,0,0,0,0,1015.62502397597,0,38.1454600095749,0,0,0,0,0,0,0,0,28.1802932024002,0,0,0,0
0,0,0,0,0,0,0,0,0,0,0,14.0069659352303,0,0,0,0,0,0,0,0,0,0,0,0,0,0,0,66.5216571390629,0,0,0,0,0,0,0,0,0,459.940632104874,0,0,0,0,0,0,0,0,0,0,0,0,0,0,0,0,0,0,0,2.31714236736298,0,0,0,0,0,0,0,0,0,0,0,0,0,0,302.23271176219,0,0,0,0,0,0,0,42.7183991968632,0,143.893964201212,0,0,0,0
0,0,0,0,0,0,0,0,0,0,42.2581705451012,0,0,0,0,0,0,0,0,0,0,0,0,0,0,0,0,0,153.808016732335,0,0,0,0,0,0,0,0,0,446.362860351801,0,0,0,0,0,0,0,0,0,0,0,0,0,0,0,0,0,20.0992903113365,0,0,0,0,0,0,0,0,0,0,0,0,0,0,104.88795606792,0,871.524478107691,0,0,0,0,0,0,0,133.300954475999,214.64575111866,0,0,0,0
0,0,0,0,0,0,0,0,0,0,0,0,0,0,0,0,0,0,0,0,0,0,0,0,0,0,0,0,0,0,0,0,2285.04490986466,16.6336500942707,96.9706192612648,582.354928672314,18.7242996096611,0,0,0,0,0.600233674049377,0,0,0,0,0,2478.13626129925,360.275682091713,107.120689153671,0,0,0,0,0,0,0,0,0,0,0,0,0,0,0,0,0,0,0,0,0,0,0,0,2622.38785645366,399.426344126463,1.7556726038456,68.0815127342939,82.4935087710619,4.07492959499359,0,0,1290.67495116591,0,102.67393347621,0,0
0,0,0,0,0,0,0,0,0,0,0,0,0,0,0,0,0,0,0,0,0,0,0,0,0,0,0,0,0,0,0,2285.04490986466,0,4.1264899969101,203.563848674297,32.9347988963127,532.666034072638,0,0,0,0,0,0,0,0,0,0,1895.01999768615,112.167396828532,0,0,0,0,0,0,0,0,0,0,0,0,0,0,0,0,0,0,0,0,0,0,0,0,0,101.475552678108,3945.1474019438,0,244.315799951553,31.8244714736938,277.769701302052,0,0,1575.65395590663,0,0,0,0
0,0,0,0,0,0,0,0,0,0,0,0,0,0,0,0,0,0,0,0,0,17.3714145421982,0,0,0,0,0,0,0,0,0,16.6336500942707,4.1264899969101,0,2383.46793596447,504.464135736227,4.12719577550888,669.735716879368,63.1370921134949,0,0,41.1391010284424,0,0,0,1.07119655609131,0,2615.22312381864,26.3726860284805,406.275728344917,0,0,0,0,0,0,0,0,0,0,0,0,0,0,0,0,0,0,0,0,0,0,0,0,33.9193187355995,2.40506768226624,5755.71524949372,1151.78941732645,90.7139396965504,0,802.901995927095,20.4410044252872,2798.65013943613,4.23442709445953,94.1797941923141,0,0
0,0,0,0,0,0,0,0,0,0,0,0,0,0,0,0,0,0,0,0,0,2.54377120733261,0,0,0,0,0,0,0,0,0,96.9706192612648,203.563848674297,2383.46793596447,0,3.18040493130684,943.345911487937,61.7828868627548,2047.99675150216,0,0,0,0,0,0,0,0,2453.49405437708,54.0213165283203,22.1671738028526,0,0,0,0,0,0,0,0,0,0,0,0,0,0,0,0,0,0,0,0,0,0,0,0,3.26354342699051,85.4374425858259,1055.97566217184,7834.76440793276,1.45813262462616,204.010268777609,84.0195787847042,1203.93559382856,1473.42679141462,40.3162018656731,6.21968281269073,0,0
0,0.768326044082642,0,5.06183581054211,0,7.45974218845367,0,1.32830703258514,0,0.211863920092583,0,119.771463513374,0,0,0,0,2.28336105495691,5.32268614321947,29.295391894877,763.982941716909,0,0,0,0,0,0,0,0,0,0,0,582.354928672314,32.9347988963127,504.464135736227,3.18040493130684,0,445.313461750746,1366.81513623893,0,21.3643304780126,0,29.5340320169926,1.0032961294055,0.533825159072876,0,100.185761705041,0,374.993862256408,7.64884319901466,11.5154422521591,0,5.03390195965767,0,0,0,0.115637369453907,0,0.833921983838081,0,0,0,0,1210.38884684443,0,0,0,0,0,0,0,0,0,1.24118849635124,0,313.852812454104,0,393.875430271029,0.29947766661644,16275.6451472789,240.167133286595,1259.52096536756,0.236755095422268,4011.34153901041,1101.94130659103,62.3027838915586,2.29302442073822,0.737412124872208
10.0506254285574,0,0.341348052024841,0,0,0,0,0,0.648043692111969,0,38.332263469696,0,0,0,0,0,3.33370979875326,1.47353867441416,49.7780462503433,0,1849.49839111418,0,0,0,0,0,0,0,0,0,0,18.7242996096611,532.666034072638,4.12719577550888,943.345911487937,445.313461750746,0,0,2000.57829197496,0.725655078887939,24.6061422675848,0.487199768424034,41.554918050766,0,0,0.591058380901814,99.5163748934865,79.8810079991817,54.6506514623761,0,1.15504854917526,0,0,0,0,0,3.16044168174267,0,0,0,0.119655974209309,0,0,995.202629312873,0,0,0,0,0,0,0,0.465375915169716,0,2.14171281456947,5.74939322471619,131.086548581719,0.303934365510941,675.329641342163,9.93231037259102,19190.2060717866,0.861666649580002,1814.59476003796,3911.34839756042,1567.74982491136,282.519334442914,0,5.68084088712931
0,7.69043798744678,0,1.58984190225601,0,0,0,0,0,11.9471627175808,0,443.225157856941,0,0,0,0,0.148090720176697,0.296952754259109,6.23658921569586,381.808053076267,0,1491.17387358844,0,860.114040136337,0,0,0,112.183205455542,0,459.940632104874,0,0,0,669.735716879368,61.7828868627548,1366.81513623893,0,0,1417.66547572613,1.64914232492447,0,73.0312529653311,0.209854617714882,0,0,21.7857781201601,0,588.559624701738,0,115.485217422247,0,0,0,0,0,9.04518419504166,0,142.65839907527,0,2.43673425912857,0,1.20848858356476,73.807506352663,0,402.239947453141,0,632.300165742636,0,2.39216655492783,0,58.8919381201267,0,289.613468289375,0,0,0,105.675243675709,8.78039798140526,578.189344078302,0.141962066292763,23828.8653451875,439.805635124445,4514.01004840434,345.657049149275,110.554452165961,0,0
23.9575497508049,0.112352877855301,2.47250580787659,0,0,0,0,0,31.7513242959976,0,381.216222181916,0,0,0,0,0,1.39643959701061,0.431196175515652,7.48319559544325,0,1007.68479470909,28.3998487889767,1133.06156762689,0,531.330948084593,0,0,0,28.4698554575443,0,446.362860351801,0,0,63.1370921134949,2047.99675150216,0,2000.57829197496,1417.66547572613,0,0.275702118873596,4.4271699488163,7.17025741934776,92.2125770151615,0,0,0,29.8398293182254,846.494096964598,30.8343204781413,0.326840907335281,0,0,0,0,29.3984405398369,0,346.933371007442,0,0,0,0.511297464370728,0,0,650.189627662301,0,874.841196238995,0,849.601605385542,0,0,0,48.4758017212152,0,609.966133236885,0,0,41.5371276140213,608.704661399126,1.35590100288391,1288.27571415156,440.18609957397,23648.733494617,6926.45170017332,433.432128965855,156.227082900703,0,3.30063118040562
1.06097841262817,9.18597666919231,0,23.4664610028267,0,0,0,0,0,1.65187536180019,0,0,0,0,0,0,55.4127284511924,93.7705394029617,538.930127702653,0.912189245223999,0,0,0,0,0,0,0,0,0,0,0,0,0,0,0,21.3643304780126,0.725655078887939,1.64914232492447,0.275702118873596,0,12.5312962681055,2236.78046011925,33.2761551588774,14.9631994366646,0,975.670392394066,8.13797809183598,3.07869493961334,5.55305720865726,633.093721739948,0,2.26796618103981,0,0,0,0.64160630106926,0,5.74480827152729,0,0.153028577566147,0,0.312221974134445,81.2319003939629,1.54095458984375,0,0,0,0,0.194780766963959,0,0.249485239386559,0,28.2151890322566,1.12667770683765,0,0,0,0,249.656768701971,14.6090035513043,142.016129247844,18.2585481777787,581.189274340868,0.509559847414494,1252.65647134185,104.023065723479,4.10247022658587
31.7168202400208,1.0079772695899,1.79001100361347,0.0943465158343315,0,0,0,0,1.60834687948227,0,0,0,0,0,0,0,42.9060933291912,30.2113372683525,520.235139869153,0,7.98990961909294,0,0,0,0,0,0,0,0,0,0,0,0,0,0,0,24.6061422675848,0,4.4271699488163,12.5312962681055,0,9.50855556130409,1827.5873311311,0,4.88168682157993,14.9274828061461,965.766438372433,83.8228223621845,697.776130303741,2.90849979221821,0,0,0,0,1.09661172330379,0,0,0.137368395924568,0,0,0,0,0,246.042612031102,0,0,0,0,0,0,0,0,4.66717250645161,4.64313487708569,0,0,0,0,6.8009100034833,1187.70545490831,3.85102365911007,80.3281175941229,458.042546600103,0,1327.39899698645,0.351752132177353,166.955360874534
4.39649803936481,365.864972367883,0.210981130599976,112.652552090585,0,2.58784787356853,0,0,0.55647999048233,128.620826810598,0,0.119131676852703,0,0,0,0,35.7678540349007,100.767851024866,615.388423293829,0.594339668750763,0,0,0,40.1776131689548,0,0,0,0,0,0,0,0.600233674049377,0,41.1391010284424,0,29.5340320169926,0.487199768424034,73.0312529653311,7.17025741934776,2236.78046011925,9.50855556130409,0,327.931081786752,0.698527842760086,1.07769024372101,438.556960642338,5.36663887649775,119.641242340207,25.7547449544072,702.043995477259,0,3.50674752891064,0,0,1.01774477958679,62.3643548190594,0,255.569344565272,0,47.9631121307611,0,216.602627329528,32.5017839893699,0.206046625971794,0,0,35.8088861256838,0.625405535101891,31.2128186970949,0,23.4358995705843,0,400.113183379173,1.95870104432106,0,0,0,0,819.604303427041,8.67971408367157,386.875162117183,15.099008873105,3727.78140514344,18.6628896668553,2271.84846130013,218.021949388087,7.79581489413977
193.632361575961,0.510629445314407,25.057395234704,1.63156454265118,5.1244615316391,0,0,0,177.63203561306,0,9.22136405110359,0,1.80594593286514,0,1.07958722114563,0,96.6965842843056,52.9417466670275,817.553759299219,0,0.734802097082138,0,0,0,2.66760095953941,0,0,0,0,0,0,0,0,0,0,1.0032961294055,41.554918050766,0.209854617714882,92.2125770151615,33.2761551588774,1827.5873311311,327.931081786752,0,0.202687487006187,39.9779715240002,28.6340281441808,1006.46687531471,17.7361977398396,915.318178169429,9.34416006505489,0,0,0,0,36.3702776655555,0,0.752261996269226,1.09589006006718,0.300461083650589,0,13.7896080315113,0.120774030685425,0.774848237633705,198.181305781007,0,0.185862332582474,0,25.1513599455357,0,0,0,8.49812735617161,9.23592414706945,131.972985997796,0,0,0,0,27.1340231969953,818.581821523607,16.7722260653973,734.853393085301,2969.75869662315,4.04304125905037,2498.13141807169,5.64204820990562,172.263336926699
0,0,0,0,0,0,0,0,0,0,0,0,0,0,0,0,0,0.471412420272827,9.43666559457779,0,0,0,0,0,0,0,0,0,0,0,0,0,0,0,0,0.533825159072876,0,0,0,14.9631994366646,0,0.698527842760086,0.202687487006187,0,0,0.6263507604599,0,2.12141942977905,0,0,0,0,0,0,0,0,0,0.729338586330414,0,0,0,0,2.42705678939819,0,0,0,0,0,0,0,0,0,0,0,0,0,0,0,10.9993184804916,0,17.859668135643,0,6.19932076334953,0,8.12170559167862,0,0
0,0,0,0,0,0,0,0,0,0,0,0,0,0,0,0,0,0,0.444780021905899,0,0,0,0,0,0,0,0,0,0,0,0,0,0,0,0,0,0,0,0,0,4.88168682157993,1.07769024372101,39.9779715240002,0,0,0,5.3137331455946,0,0,0,0,0,0,0,0,0,0,0,0,0,0,0,0,0,0,0,0,0,0,0,0,0,0,0,0,0,0,0,0.110687404870987,1.15072400867939,0,0,1.92609499394894,0,1.93781730532646,0,0.189448431134224
0.147926390171051,2.53419750183821,0.131872117519379,59.7838801816106,0,0.492002606391907,0,0,0.142106294631958,0.611066043376923,0,0,0,0,0,0,14.8877577111125,30.9356619715691,228.849314659834,140.199432939291,0,0,0,0,0,0,0,0,0,0,0,0,0,1.07119655609131,0,100.185761705041,0.591058380901814,21.7857781201601,0,975.670392394066,14.9274828061461,438.556960642338,28.6340281441808,0.6263507604599,0,0,10.2331821396947,9.87048994004726,10.402144163847,24.2638124227524,0,0.382161289453506,0,0,0,0,0,13.1741042733192,0,5.00384636223316,0,2.57103508710861,1709.96470936388,1.39896599948406,0,0,0,0,0,0,0.274797052145004,0,63.8123386055231,0,0,0,0,0,1271.90517650545,12.8685245662928,464.310020364821,11.3573761582375,349.038327053189,0.36503392457962,1161.5590697825,8.56642522662878,5.23705463111401
16.7837666273117,0.551201969385147,7.56784901022911,0,0,0,0,0,5.39939521998167,0,5.19013145565987,0,0,0,0,0,39.0848861038685,19.6696924120188,406.088260188699,0,30.2032729387283,0,0,0,0,0,0,0,0,0,0,0,0,0,0,0,99.5163748934865,0,29.8398293182254,8.13797809183598,965.766438372433,5.36663887649775,1006.46687531471,0,5.3137331455946,10.2331821396947,0,0,77.3517004847527,0,0.502283751964569,0,0,0,15.9704283326864,0.236318439245224,0,0.15719935297966,0.193387910723686,0,6.87291409820318,0,0,1038.14260215312,0,0,0,0,0,0,0,0.366291552782059,0.972015500068665,30.5396145954728,0,0,0,0,4.27181077003479,1524.58227739483,0.379845909774303,445.016176208854,541.545944705606,0,897.883471377194,1.25551860034466,19.7601020783186
3.54198284447193,0.562753140926361,0,0,0,0,0,0,0.51144440472126,0,0,0,0,0,0,0,0.198930844664574,0.446723371744156,5.69935062527657,0,0,0,0,0,1.99269568920135,0,0,0,0,0,0,2478.13626129925,1895.01999768615,2615.22312381864,2453.49405437708,374.993862256408,79.8810079991817,588.559624701738,846.494096964598,3.07869493961334,83.8228223621845,119.641242340207,17.7361977398396,2.12141942977905,0,9.87048994004726,0,0,4398.70747900009,2784.77903997898,0,0,0,0,2.06864297389984,0,0,0,0,0,0,0,0,0,0,0,0,1.2682993710041,0,0,0,0,1.87050634622574,0,94.3061999380589,1001.02332340181,244.21996948123,539.717446506023,996.034762248397,856.236511468887,10.7351390421391,25.2550680041313,1622.98758147657,5.80345487594604,838.912203595042,2.3377640247345,1.26415956020355
267.533408641815,0.130913749337196,46.581113755703,2.44034880399704,0,0,0,0,80.1967289149761,0,0.155417412519455,0,5.48412352800369,0,15.519837975502,0,22.0242384150624,16.9674205631018,127.91184091568,0,0.201221480965614,0,161.940254196525,0,12.6497566699982,0,0,0,0,0,0,360.275682091713,112.167396828532,26.3726860284805,54.0213165283203,7.64884319901466,54.6506514623761,0,30.8343204781413,5.55305720865726,697.776130303741,25.7547449544072,915.318178169429,0,0,10.402144163847,77.3517004847527,4398.70747900009,0,130.045497953892,0.496165320277214,0,0,0,29.5429073572159,0,15.5710935294628,0,48.9070099890232,0,199.648910537362,0,0.0978236496448517,21.8710519894958,0,578.300950229168,0,13.7361058592796,0,61.6019494533539,0,364.140202596784,0.605420768260956,66.9920312389731,1.96448743343353,20.1317245364189,2.5348207950592,6.01247954368591,9.07734008878469,336.572602309287,2.02313737571239,407.869101516902,1332.55259979516,0,1959.26219976693,0.464500829577446,90.3456652909517
0,61.8582611680031,0,160.010361358523,0,0,0,0,0,131.8708550632,0,0,0,0,0,1.64683258533478,4.30843079090118,8.33265479654074,38.6955321654677,0,0,160.972468554974,0,49.5970996618271,0,0,0,0,0,0,0,107.120689153671,0,406.275728344917,22.1671738028526,11.5154422521591,0,115.485217422247,0.326840907335281,633.093721739948,2.90849979221821,702.043995477259,9.34416006505489,0,0,24.2638124227524,0,2784.77903997898,130.045497953892,0,0,0,0,0,0,50.2239136248827,0,123.818547591567,0,19.3302784711123,0,75.163587257266,2.62981253862381,0,509.407810240984,0,128.312438637018,0,123.09754563868,0,126.206807613373,0,222.098861813545,0,8.26575499773026,0,25.7920645475388,6.35195371508598,221.296811841428,0,299.908985480666,1.45684242248535,850.290568515658,0.247802913188934,1108.11715707928,23.1212738454342,0.658743292093277
0,0,5.20153202116489,0,1046.47189588845,0,88.4386424720287,0,18.2942462861538,0,0,0,33.1518858671188,0,21.7043802142143,0,0,0,0,0,42.2071778178215,0,0,0,0,0,0,0,0,0,0,0,0,0,0,0,1.15504854917526,0,0,0,0,0,0,0,0,0,0.502283751964569,0,0.496165320277214,0,0,0,306.985800594091,0,28.0609095990658,0,12.2783442288637,0,113.152101919055,0,171.897776216269,0,0,25.42541629076,0,0,0,0,0,0,0,0,0,0,0,0,0,0,0,0,0,0,392.993361800909,8.72741794586182,86.8654592186213,0,0
0,0,0,93.422236546874,0,809.802543491125,0,56.5105274915695,0,2.06542491912842,0,4.50372266769409,0,0,0,0.442719250917435,0,0,0,0,0,0,0,0,0,0,0,0,0,0,0,0,0,0,0,5.03390195965767,0,0,0,2.26796618103981,0,3.50674752891064,0,0,0,0.382161289453506,0,0,0,0,0,0,0,9.07708716392517,0,0,0,56.8529232740402,0,7.31785741448402,0,65.3046069145203,4.75014805793762,0,0,0,0,0,0,0,0,0,0,0,0,0,0,0,41.311180010438,0,0,0,655.263172388077,188.551448792219,17.8082348257303,0,0
0,0,0,0,156.12817710638,0,540.810058474541,0,0,0,3.51122382283211,0,112.18941283226,0,0.836095094680786,0,0,0,0,0,39.5521504580975,0,0,0,0,0,0,0,0,0,0,0,0,0,0,0,0,0,0,0,0,0,0,0,0,0,0,0,0,0,306.985800594091,0,0,0,0,0,331.792920261621,0,195.254007518291,0,0,0,0,13.5249970555305,0,0,0,0,0,0,0,0,0,0,0,0,0,0,0,0,0,0,71.5519876480103,24.2772957086563,0,0,0
0,0,0,0,0,34.5511964559555,0,413.904202580452,0,0,0,24.4755512475967,0,0,0,0,0,0,0,0,0,0,0,0,0,0,0,0,0,0,0,0,0,0,0,0,0,0,0,0,0,0,0,0,0,0,0,0,0,0,0,9.07708716392517,0,0,0,0,0,52.4351801276207,0,35.0587301254272,0,0,0,0,0,0,0,0,0,0,0,0,0,0,0,0,0,0,0,0,0,0,219.11767488718,13.9864423274994,0,0,0
144.30356541276,0,23.0433279126883,0,165.597628235817,0,0,0,1066.55799242854,0,0,0,0,0,0.370133399963379,0,0,0,0.30711242556572,0,0,0,0,0,18.595731317997,0,1.39872822165489,0,0,0,0,0,0,0,0,0,0,0,29.3984405398369,0,1.09661172330379,1.01774477958679,36.3702776655555,0,0,0,15.9704283326864,2.06864297389984,29.5429073572159,0,28.0609095990658,0,0,0,0,0,3.31872075796127,0,0.33844980597496,0,4.57299023866653,0,0,3.09909090399742,0,0,0,2.25128546357155,0,0,0,0,0,1.0223330706358,0,0,0,0,0,0,0.163770526647568,20.4111856818199,243.988397881389,0,310.399020120502,0,0.719552934169769
0,144.039362698793,0,13.3054577112198,0,0,0,0,0,640.692032933235,0,0,0,0,0,83.3406013846397,0,7.19728721678257,0.115546554327011,0,0,0,0,17.0392240583897,0,0,0,0,0,0,0,0,0,0,0,0.115637369453907,0,9.04518419504166,0,0.64160630106926,0,62.3643548190594,0,0,0,0,0.236318439245224,0,0,50.2239136248827,0,0,0,0,0,0,0,1.0470232963562,0,0,0,33.888801664114,0,0,0,0,8.55686694383621,0,0.362643361091614,0,0.409904301166534,0,0.770738214254379,0,0,0,0,0,1.01285910606384,0,0,0,336.045110933483,6.30007940530777,38.8385876119137,0,0
0,0,6.08435189723969,0,2.78928877413273,0,71.846091479063,0,0,0,1604.43359692395,0,2.20075654983521,0,0,0,0,0,0,0,683.41722714901,0,0,0,0,0,0,0,0,0,20.0992903113365,0,0,0,0,0,3.16044168174267,0,346.933371007442,0,0,0,0.752261996269226,0,0,0,0,0,15.5710935294628,0,12.2783442288637,0,331.792920261621,0,3.31872075796127,0,0,0,148.126417756081,0,17.4598821252584,0,0,283.767935335636,0,0,0,0,0,0,0,85.2491306960583,0,96.2583859711885,0,0,0,0,0,4.98907774686813,0,4.47505091130733,28.6554909348488,0,405.033905848861,0,0
0,1.18492531776428,0,30.0974649041891,0,1.82029309868813,0,86.9416709542274,0,4.76762360334396,0,1305.7334407419,0,2.71745774149895,0,0,0.401358924806118,0.935333378612995,15.0129036605358,33.7495295107365,0,0,0,0,0,0,0,0,0,2.31714236736298,0,0,0,0,0,0.833921983838081,0,142.65839907527,0,5.74480827152729,0.137368395924568,255.569344565272,1.09589006006718,0.729338586330414,0,13.1741042733192,0.15719935297966,0,0,123.818547591567,0,56.8529232740402,0,52.4351801276207,0,1.0470232963562,0,0,0,231.306336253881,0,18.7727185636759,184.276314653456,0,0,0,0,0,0.772075742483139,0,163.050172179937,0,334.856337442994,0,0,0,0,0,17.3098541945219,0.272529602050781,5.55789819359779,0,389.840391457081,0,609.205131068826,8.47776117920876,0
0.465207189321518,0,20.1308590769768,0,68.7484912276268,0,233.698136031628,0,0,0,11.9252850413322,0,57.8495832681656,0,65.9840132594109,0,0,0,0,0,0,0,0,0,0,0,0.575421869754791,0,0,0,0,0,0,0,0,0,0,0,0,0,0,0,0.300461083650589,0,0,0,0.193387910723686,0,48.9070099890232,0,113.152101919055,0,195.254007518291,0,0.33844980597496,0,148.126417756081,0,0,0,76.8229710757732,0,0,0,0,0,0,0,0,34.7842209339142,0,100.452230095863,0,0,0,0,0,0,0,0,0,0,23.9286864250898,8.62290179729462,42.3561877012253,0,0
0,0,0,10.7402087748051,0,0.843667775392532,0,5.76594996452332,0,0,0,0,0,270.498394966125,0,3.40218219161034,0,0,0.0942143872380257,0,0,0,0,0,0,0,0,165.380743265152,0,0,0,0,0,0,0,0,0,2.43673425912857,0,0.153028577566147,0,47.9631121307611,0,0,0,5.00384636223316,0,0,0,19.3302784711123,0,7.31785741448402,0,35.0587301254272,0,0,0,231.306336253881,0,0,0,16.0806135833263,0,0,0,0,0,0,1.44434404373169,0,151.641714453697,0,2.8674376308918,0,0,0,0,0,0.701409637928009,0,0,0,107.357712194324,11.4480947256088,46.9687180519104,0,0
111.872743755579,0,16.1721088290215,0,41.2882236242294,0,0,0,329.384481579065,0,0,0,20.286470323801,0,262.340074360371,0,0.131766095757484,0,0.103667415678501,0,0,0,0,0,1.06780421733856,0,1.15970253944397,0,0,0,0,0,0,0,0,0,0.119655974209309,0,0.511297464370728,0,0,0,13.7896080315113,0,0,0,6.87291409820318,0,199.648910537362,0,171.897776216269,0,0,0,4.57299023866653,0,17.4598821252584,0,76.8229710757732,0,0,0,0,2.6096887588501,0,0,0,0,0,93.2335807681084,0,41.7945088744164,0,1.59812764823437,0,0,0,0,0,0.668808370828629,0,1.55972161889076,133.116753593087,135.715321600437,106.812086701393,0,0
0,30.931484028697,0,36.4341100156307,0,62.1810653209686,0,0,0,29.1348145604134,0,0,0,17.9892336130142,0,386.04143127799,0,4.35606756806374,0,0,0,0,0,1.83607816696167,0,122.58621057868,0,0,0,0,0,0,0,0,0,0,0,1.20848858356476,0,0.312221974134445,0,216.602627329528,0.120774030685425,0,0,2.57103508710861,0,0,0,75.163587257266,0,65.3046069145203,0,0,0,33.888801664114,0,18.7727185636759,0,16.0806135833263,0,0,0.850526571273804,0,0,0,12.5883779525757,0,8.33192086219788,0,5.69712167978287,0,9.2613879442215,0,0,0,0,0,0.260467052459717,0,1.90954056382179,0,214.092008188367,30.7664969563484,150.732957646251,0.173766374588013,0
0,0.12120720744133,0,9.11920271813869,0,34.5110226869583,0,0,0,0,0,14.6858851909637,0,0,0,0,0.240325748920441,5.82955092936754,25.0331694856286,1760.84113270044,0,0,0,0,0,0,0,0,0,0,0,0,0,0,0,1210.38884684443,0,73.807506352663,0,81.2319003939629,0,32.5017839893699,0.774848237633705,2.42705678939819,0,1709.96470936388,0,0,0.0978236496448517,2.62981253862381,0,4.75014805793762,0,0,0,0,0,184.276314653456,0,0,0,0.850526571273804,0,0,0,0,0,0,0,0,0.265113413333893,0,131.311515897512,0,0,0,0,0,963.705213263631,1.06618511676788,219.858157195151,0,533.572885066271,8.39224672317505,468.029927678406,1.01603157818317,0.139236837625504
0.380243629217148,0,12.5923529863358,0,14.0228109359741,0,0,0,0,0,5.57291211932898,0,0,0,0,0,1.63610687851906,1.23434761166573,45.5374853685498,0,1501.7766643092,0,0,0,0,0,0,0,0,0,0,0,0,0,0,0,995.202629312873,0,650.189627662301,1.54095458984375,246.042612031102,0.206046625971794,198.181305781007,0,0,1.39896599948406,1038.14260215312,0,21.8710519894958,0,25.42541629076,0,13.5249970555305,0,3.09909090399742,0,283.767935335636,0,0,0,2.6096887588501,0,0,0,0,0,0,0,0,0,0,0.869765467941761,0.0809405297040939,41.861565284431,0,0,0,0,0,1289.1612296477,0,404.136026419699,158.491569370031,0,606.480381719768,0,1.24950689077377
0,0,0,0,0,0,0,0,0,0,0,0,0,0,0,0,0,23.2583734989166,0,0,0,13831.4788629711,100.326069831848,93.4653113335371,0,64.6512925028801,0,34.4133915305138,0,0,0,0,0,0,0,0,0,402.239947453141,0,0,0,0,0,0,0,0,0,0,0,509.407810240984,0,0,0,0,0,0,0,0,0,0,0,0,0,0,0,3.21497964859009,81.195883795619,0,59.0435727536678,0,201.892336010933,0,0,0,0,0,0,0,0,0,281.149881348014,0,517.962731927633,0,0,0,0
0,0,0,0,0,0,0,0,0,0,0,0,0,0,0.38335195183754,0,127.07811409235,0,0,0,0,149.205623060465,17363.7506590486,0,78.2865486741066,0,22.6799250245094,0,248.63043653965,0,0,0,0,0,0,0,0,0,874.841196238995,0,0,0,0.185862332582474,0,0,0,0,0,578.300950229168,0,0,0,0,0,0,0,0,0,0,0,0,0,0,0,3.21497964859009,0,0,179.028900176287,0,193.729923099279,0,178.474097579718,0,0,0,0,0,0,0,0,0,220.629653602839,2704.49285559356,88.0297809243202,0,0,0
0,28.7804168909788,0,0,0,0,0,0,0,28.3260411024094,0,0,0,0,0,0,0,2.56491661071777,0.72261044383049,0,0,571.367426022887,0,2193.60366427898,0,186.97178709507,0,0,0,0,0,0,0,0,0,0,0,632.300165742636,0,0,0,35.8088861256838,0,0,0,0,0,0,0,128.312438637018,0,0,0,0,0,8.55686694383621,0,0,0,0,0,12.5883779525757,0,0,81.195883795619,0,0,0,207.923195779324,0,12.8458764255047,0,0,0,0,0,0,0,0,0,774.390401482582,0,481.149767309427,0.747676730155945,261.211259663105,0,0
48.0446014553308,0,0,0,0,0,0,0,61.9069468080997,0,0,0,0,0,0,0,93.54492649436,0.981000319123268,0,0,0,0,325.79519161582,0,1403.23564839363,0,60.4738286137581,0,0,0,0,0,0,0,0,0,0,0,849.601605385542,0,0,0.625405535101891,25.1513599455357,0,0,0,0,1.2682993710041,13.7361058592796,0,0,0,0,0,2.25128546357155,0,0,0,0,0,0,0,0,0,0,179.028900176287,0,0,0,15.2875924110413,0,1.53677129745483,0,0,0,0,0,0,0,0,0,524.357334852219,627.329270541668,2.40560483932495,174.362197354436,0,0
0,8.88289575278759,0,0.646745532751083,0,0,0,0,0,0,0,0,0,0,0,0,4.86470520496368,9.33742672204971,0.252582281827927,0,0,260.929235726595,0,173.819093301892,0,657.686534911394,0,15.8745166957378,0,0,0,0,0,0,0,0,0,2.39216655492783,0,0.194780766963959,0,31.2128186970949,0,0,0,0,0,0,0,123.09754563868,0,0,0,0,0,0.362643361091614,0,0.772075742483139,0,1.44434404373169,0,8.33192086219788,0,0,59.0435727536678,0,207.923195779324,0,0,0,413.407765328884,0,2.63565696775913,0,0,0,0,0,0.846849620342255,0,2.01651483774185,0,140.071969203651,0,116.897564262152,0,0
1.61224544048309,0,0,0,0,0,0,0,0,0,0,0,0,0,0,0,34.9064893722534,0,0,0,0,0,1.12116062641144,0,50.5636442601681,0,223.025674402714,0,0,0,0,0,0,0,0,0,0,0,0,0,0,0,0,0,0,0,0,0,61.6019494533539,0,0,0,0,0,0,0,0,0,34.7842209339142,0,93.2335807681084,0,0,0,0,193.729923099279,0,15.2875924110413,0,0,0,198.907781749964,0,0,0,0,0,0,0,0,0,0,170.211026310921,0,0,0,0
0,2.00060129165649,0,0,0,0,0,0,0,2.31384241580963,0,0,0,7.26650679111481,0,0,0,14.4229211360216,0.186796829104424,0,0,113.486932888627,0,0,0,27.830922305584,0,769.191365897655,0,0,0,0,0,0,0,0,0,58.8919381201267,0,0.249485239386559,0,23.4358995705843,0,0,0,0.274797052145004,0,0,0,126.206807613373,0,0,0,0,0,0.409904301166534,0,163.050172179937,0,151.641714453697,0,5.69712167978287,0.265113413333893,0,201.892336010933,0,12.8458764255047,0,413.407765328884,0,0,0,85.2917123138905,0,0,0,0,0,0.156001195311546,0,190.709688395262,0,33.6666605845094,4.61150646209717,84.3803727328777,0,0
6.64104744791985,0,1.48073755204678,0,0,0,0,0,0,0,0,0,0,0,1.72043094038963,0,0,0.886862546205521,0,0,0,0,133.932602196932,0,1.62328195571899,0,1.49087101221085,0,1015.62502397597,0,104.88795606792,0,0,0,0,0,0.465375915169716,0,48.4758017212152,0,0,0,8.49812735617161,0,0,0,0.366291552782059,0,364.140202596784,0,0,0,0,0,0,0,85.2491306960583,0,100.452230095863,0,41.7945088744164,0,0,0.869765467941761,0,178.474097579718,0,1.53677129745483,0,198.907781749964,0,0,0,58.6155907809734,0,0,0,0,0,0.260633297264576,0,70.0185595154762,20.4095991104841,0,87.9951260089874,0.255828887224197,0
