0,0.000156577486373233,0.0141266839516591,0,0,0,0,0,0.078280680776127,0,0,0,0,0,0.000423271188622842,0,8.97606039071235e-06,0,0.00416545152007102,0,0,0,0,0,0,0,0,0,0,0,0,0,0,0,0,0,0,1.47342852034863e-05,7.82557707607772e-06,0.000236787854864945,0.000284329577334153,1.11037472163651e-05,0.00698347844138372,0,0,0,0.00110942046123073,0.00105305007070282,0.0157685486288848,2.57001105073246e-05,0,0,0,0,0.0128429804865894,0,0,0,0,0,0.0122302363553196,0,0,0,0,0,0,0,0,0.000346249304909643,0,4.15176612379806e-05,0,0.000858426322002035,0,0,0,0,0,0.000575463907908249,0,8.45315394114576e-05,0.000439486204364491,1.11447713094893e-06,0.00942442972582273,0,0.00725842002541772
0.000156577486373233,0,0,0.0196265775195391,0,0,0,0,4.03209973791271e-05,0.0316050354612598,0,0,0,0,0,0,0,0,0.000153175477775233,0,0,0,0,0,0,0,0,0,0,0,0,0,0,0,0,0,0,0,0,0.000363596150168743,0,0.00276304701214276,0,0,0,0.000739563943368641,0,0.000161825418647939,1.42288596961744e-05,0.0226813690486396,0,0,0,0,0,0.0222767076308212,0,0.00392417702484526,0,0.0030973888097228,0,0.00859154260853136,0.000519461815806854,0,0,0,0,0,0.000212392327558597,0,0.000151547885260422,0,0.000398044368049898,0,0,0,0,0,0.000221264306093423,0,5.51425240653061e-05,0,0.00060003712823166,0,0.0138229722216108,0.000104564689021258,0
0.0141266839516591,0,0,0,0.00589497952301025,0,0,0,0.0135738212861069,0,0,0,0,0,0,0,7.88025299529186e-06,3.37788541073501e-06,8.5808385559813e-05,0,0,0,0,0,0,0,0,0,0,0,0,0,0,0,5.19640007446093e-05,0,8.77815361265483e-06,0,0,1.54859224176596e-05,0.00216426993388853,0,0.00697858755244666,0,0,0,0.000521493232515389,0.000131291043595027,0.00289648813942877,0,0.027043757986097,0,0,0,0.00441545447429032,0,0.0123169620664866,0,0.0155411369590592,0,0.00446812059754117,0,0,1.84314861651099e-05,0,0,0,0,0,0,0,9.19602167271705e-05,0,0.00688420734126095,0,0,0,2.5390954832877e-05,0,8.12218406721167e-05,0,8.18085766349384e-05,0.000161725350104032,3.36797721560147e-05,0.0130914148085872,0,0.00184915235288003
0,0.0196265775195391,0,0,0,0.0270126897286525,0,0,0,0.0132908510496333,0,0.000286527728458209,0,0,0,0,2.07912394515044e-05,7.39237147295407e-06,0.000117878383187835,0,0,0,0,0,0,0,0,0,0,0,0,0,0,4.19566207209064e-05,0,0.00034860933361808,4.79164964102216e-06,2.91817205669905e-06,0,0.0039757396201265,0,0.00591353255731948,9.38862732595657e-05,0.000258856381848298,0,0.00111397465804821,0,0.00151833208012725,0.00104733409359331,0.00935890712689625,0,0.0416265027100726,0,0,0,0,0,0.0249927633923283,0,0.0174508488993129,0,0.024906304719404,0.00270413915219055,0,0,0,0,0,0,0,0.000280575849887661,0,0.0063847382488378,0,0,0,0,0,0.000450724522822963,5.62330428071798e-06,0.000134462264051328,2.46010291508891e-06,0.000289032788908814,5.90811139496456e-05,0.0419309029714953,0.000530290600499053,0
0,0,0.00589497952301025,0,0,0,0.00127149982396546,0,0.000336635627453674,0,0,0,0,0,0,0,0,0,0,0,0.0027886620535167,0,0,0,0,0,0,0,0,0,0,0,0,0,0,0,2.56286849572599e-05,0,0,0,0.000332627619503169,0,0.000532650392657459,0,0,0,0.000465595862979846,0.000160694574320013,0.000480852896168322,0,0.0444603326176693,0,0.00380067591457015,0,0.000662105275768581,0,0,0,0,0,0,0,0,0.000140161923838209,0,0,0,0,0,0,0,0,0,0.000352827519366238,0,0,0,0,0,0,0,3.43243458346496e-06,0.000688759086680576,2.16928063182293e-06,0.0177066336201992,0,0.000157145710211901
0,0,0,0.0270126897286525,0,0,0,0,0,0,0,0.00514007828179655,0,0,0,0.00811286894192162,0,0,0,0.00118043777013704,0,0,0,0,0,0,0,0,0,0,0,0,0,0,0,4.5755092985692e-05,0,0,0,2.28195018072992e-05,0,0.000257811957908991,0,0,0,0.000149092941421724,0,3.31973540686041e-05,0,0.000256712462367569,0,0.0298469005034388,0,0.00452907680209058,0,0,0,0.00557437057065139,0,4.5324768529613e-05,0,0,0.000559433392865792,0,0,0,0,0,0,0,0,0,5.02227468872629e-05,0,0,0,0,0,0.000106692376338847,0,0,0,0.00109970079104436,1.29099711382252e-06,0.0235397762580354,0,0
0,0,0,0,0.00127149982396546,0,0,0,0,0,0.00016163460054501,0,0,0,0,0,0,0,0,0,0.00653840860453512,0,0,0,0,0,0,0,0,0,0,0,0,0,0,0,0,0,0,0,0,0,0,0,0,0,0,0,0,0,0.000530732201397297,0,0.00102366253371441,0,0,0,0,0,0,0,0,0,0,0.00047112302470007,0,0,0,0,0,0,0,0,0,0,0,0,0,0,0,0,0,0,0.000126927158925316,0,0.000360688001635919,0,0
0,0,0,0,0,0,0,0,0,0,0,0.000189825085362576,0,0,0,0,0,0,0,0,0,0,0,0,0,0,0,0,0,0,0,0,0,0,0,0,0,0,0,0,0,0,0,0,0,0,0,0,0,0,0,0,0,0.0573292015460192,0,0,0,0.000178469216091616,0,7.53125495975837e-05,0,0,0,0,0,0,0,0,0,0,0,0,0,0,0,0,0,0,0,0,0,0,3.80953110834525e-06,1.88706544577144e-05,0,0,0
0.078280680776127,4.03209973791271e-05,0.0135738212861069,0,0.000336635627453674,0,0,0,0,0.00103257302492101,0,0,0,0,0.00628981339342328,0,0.00327396297335569,0.00139578064077872,0.00872350089228776,0,0,0,0,0,0.00032005188253352,0,0,0,0,0,0,0,0,0,0,0,0,3.83329382391134e-06,0.00131874808723816,0.000743322880587029,0,5.90073786047871e-05,0.00815879874465342,0,0,0.000174319326886218,0,0.000122558192916771,0.00149752676016299,0,0,0,0,0,0.203695218030162,0,0,0,0,0,0.00762464593327196,0,4.7729241101586e-05,0,0,0,0,0.00416699427990404,0,0.000694356980184723,0,0,3.96243228354928e-05,0.00065831536851438,0,0,0,0,9.5961572062301e-05,5.2171363375672e-06,0,0.00053947650377899,0.0024015354577916,4.74417180375327e-06,0.00875866135203612,0,0.00244061391800162
0,0.0316050354612598,0,0.0132908510496333,0,0,0,0,0.00103257302492101,0,0,0,0,0,0,0.0123436426972244,5.70789351028223e-05,0,0.00532519963658335,0,0,0,0,0.0292076689225492,0,0.00868036873001706,0,0,0,0,0,0,0,0.000187386395350358,0,0,0,0.00179692512546808,0,5.75200121612201e-05,0,0.00106695747896037,0,0,0,2.28597130274093e-05,0.000141072580168908,0,0,0.0143247423843178,0,0,0,0,0,0.0980110027518305,0,3.94307327340531e-05,0,0,0,0.00665208648110566,0,0,0,0,0.00745908993226494,0,0.00182422332650257,0,0,0,0.000404997276170391,0,0,0,0.00137823684449862,0,0,0,0.000663687826815336,0,0.00404730450097627,0,0.0119854813562107,0.000463868621749594,0
0,0,0,0,0,0,0.00016163460054501,0,0,0,0,0,0.0530385875234715,0,0,0,0,0,0,0,0.0599477332747889,0,0,0,0,0,0,0,0.00733956587055786,0,0.00285998522356265,0,0,0,0,0,0.000197864239820623,0,0.0175892111540495,0,0,0,0,0,0,0,0,0,0,0,0.00172512518839422,0,0.0134719180652622,0,0,0,0.0459553172381727,0,0.00556377735720961,0,0,0,0,0.00984947350528747,0,0,0,0,0,0,0,0.0076145149353049,0,0,0,0,0,0,0,0.000392917954163301,0,0.000988119028677516,0.000762583985945992,0.00024170399355042,0,0,0
0,0,0,0.000286527728458209,0,0.00514007828179655,0,0.000189825085362576,0,0,0,0,0,0.130701284654302,0,0,0,0,1.25402425446024e-05,0.0482612786119809,0,0,0,0,0,0,0,0.000153096378198825,0,0.000393510028400138,0,0,0,0,0,0.0142839864293839,0,0.0119327570207858,0,0,0,0,0,0,0,0,0,0,0,0,0,0.000161900068053527,0,0,0,0,0,0.0874823193954578,0,0.0744884087109507,0,0,0.020039754366718,0,0,0,0,0,0,0,0,0,0.00160582846874519,0,0,0,0,0,0.00077537123661637,0,0.00522826829896158,0,0.00116136420705659,0,0.000817472850543033,0,0
0,0,0,0,0,0,0,0,0,0,0.0530385875234715,0,0,0,0.00103799856809574,0,0,0,0,0,0,0,0,0,0,0,0,0,0,0,0,0,0,0,0,0,0,0,0,0,0,0,0,0,0,0,0,0,0,0,0,0,0,0,0,0,0.013006985526733,0,0.00297821164196455,0,0.00263665139611808,0,0,0,0,0,0,0,0,0,0,0,0,0,0,0,0,0,0,0,0,0,0,0,0,0,0
0,0,0,0,0,0,0,0,0,0,0,0.130701284654302,0,0,0,0.0259382716763551,0,0,0,0,0,0,0,0,0,0,0,0,0,0,0,0,0,0,0,0,0,0,0,0,0,0,0,0,0,0,0,0,0,0,0,0,0,0,0,0,0,0.104391515669178,0,0.0110114674635745,0,0.0104169584857859,0,0,0,0,0,0,0.000630158364194264,0,0,0,0,0,0,0,0,0,0,0,0,0,0.000528255455595038,8.8936148669912e-05,0,0,0
0.000423271188622842,0,0,0,0,0,0,0,0.00628981339342328,0,0,0,0.00103799856809574,0,0,0,0,0,0,0,0,0,0,0,0,0,0,0,0,0,0,0,0,0,0,0,0,0,0,0,0,0,0,0,0,0,0,0,3.37554104564916e-05,0,0,0,0,0,0.0155540902203889,0,0,0,0.000721356221330704,0,0.0430275229757872,0,0,0,0,0,0,0,0,0,0,0,0,0,0,0,0,0,0,0,0,0,0,0,0,0,0
0,0,0,0,0,0.00811286894192162,0,0,0,0.0123436426972244,0,0,0,0.0259382716763551,0,0,0,0,0,0,0,0,0,0,0,0,0,0.00238802191926159,0,0,0,0,0,0,0,0,0,0,0,0,0,0,0,0,0,0,0,0,0,0,0,0.0321136917848914,0,0,0,0.0160939526682939,0,0,0,0.00256363528896942,0,0.0440584344443926,0,0,0,0,0,0,0.00134289662122587,0,0.00232102532267798,0,0,0,0,0,0,0,0,0,0,0,5.035992151586e-05,0,0,0,0
8.97606039071235e-06,0,7.88025299529186e-06,2.07912394515044e-05,0,0,0,0,0.00327396297335569,5.70789351028223e-05,0,0,0,0,0,0,0,0.190216140172344,0.0750222013112064,0,0,0,4.92632696214058e-05,2.56299357875835e-05,0.000382738864146431,9.38200943260454e-06,0.000660189804861047,0,0,0,0,0,0,0,0,0,0,0,0,0.00243343708919863,0.00262135035788238,0.000950098895475511,0.00307531241449511,0.000103097725518697,0,0.00140171461403504,0.00333685416555099,0,6.91360849569024e-06,4.25187679352532e-05,4.62930356086592e-06,0,0,0,0,0,3.86959444815746e-06,1.54528758710355e-05,0,0,0,0,0.000126472930490145,8.73002797126992e-06,0,0.00102544370736742,0.000181982121223155,0,0.0015293225280336,0.00297595741959102,0,0,5.92790999999287e-05,9.89141456131117e-05,0,0,0,0,0.000960455329257446,0.00161149865063523,0.000212637992178061,0.00065234012999983,0.0220148309276209,0.000851948960452367,0.004706370325912,0,0.000243442204955521
0,0,3.37788541073501e-06,7.39237147295407e-06,0,0,0,0,0.00139578064077872,0,0,0,0,0,0,0,0.190216140172344,0,0.0711036657054171,0,0,0,0,0.000266326358701652,0.000670167589794291,0.000904853582901376,2.17431788652924e-05,0,0,0,0,0,0,0,0,0,0,0,0,0.00363734255998027,0.0010611784099763,0.00238534622436804,0.000785496600213142,9.95017173069704e-05,0,0.00172353369479096,0.00129427673502404,0,0,7.36509621302304e-05,2.90099108328538e-06,0,0,0,0,0,0,1.93639252960392e-05,0,0,0,0,0.000113159404329547,2.60605816549522e-05,0,0,0.00143031383542437,0,0.00952227856116784,0,0,0,9.33599694241464e-05,0.000102792247829408,0,0,0,0,0.00124716828334796,0.00066289402928626,0.000251868346193091,0.000245604177866506,0.0159545261503547,0.00181723452513867,0.00375569248419336,3.06886818370991e-05,0.000119758110642714
0.00416545152007102,0.000153175477775233,8.5808385559813e-05,0.000117878383187835,0,0,0,0,0.00872350089228776,0.00532519963658335,0,1.25402425446024e-05,0,0,0,0,0.0750222013112064,0.0711036657054171,0,0,0,0,0,0,5.56436056481286e-05,1.25135435135853e-05,0,0,0,0,0,0,0,0,0,0,8.30535911068402e-06,0,0,0.0465038475014762,0.0284518504145761,0.0289104667538545,0.0238872241864232,0.00649151318008642,0,0.0184892633083506,0.0331556602834008,5.39011978613888e-06,1.94332890324266e-05,0.00148453225628259,4.22024778316682e-05,0,0,0,0,7.47849342109521e-05,6.26027951058632e-05,0.000272815230431311,0,5.35384906677678e-06,9.48937155076444e-06,3.60359700006417e-05,0.00214922412591508,0.000752679516068923,0,0,0,0,0.0001754748769298,0,0.000101842058994633,1.36392950784904e-05,0.00287163517284435,0.00223513030505486,0,0,0,0,0.0123477624065293,0.0132663167502794,0.0035560794272172,0.00567037248546345,0.0120597471798641,4.66605708490254e-05,0.059654241449653,0.000530754527317032,0.00450172530817187
0,0,0,0,0,0.00118043777013704,0,0,0,0,0,0.0482612786119809,0,0,0,0,0,0,0,0,0,0,0,0,0,0,0,0,0,0,0,0,0,0,0,0.013784500912523,0,0.0128952238383802,0,0,0,0,0,0,0,0,0,0,0,0,0,0,0,0,0,0,0,0.0167825389003867,0,0,0,0,0.0192133539450361,0,0,0,0,0,0,0,0,0,0,0,0,0,0,0,0.00369519913917016,0,0.0072355195620967,0,0.000348042836533399,0,7.04225094701383e-05,0,0
0,0,0,0,0.0027886620535167,0,0.00653840860453512,0,0,0,0.0599477332747889,0,0,0,0,0,0,0,0,0,0,0,0,0,0,0,0,0,0,0,0,0,0,0,0,0,0.0196283442019993,0,0.00176463776821356,0,9.4056644544668e-06,0,0,0,0,0,2.4685314388471e-05,0,0,0,0.000564370255001468,0,0.0058563227025242,0,0,0,0.0359557194843066,0,0,0,0,0,0,0.01431751499187,0,0,0,0,0,0,0,0,0,0,0,0,0,0,0,0.00907037506621083,0,0.000183373228688229,0.000116928300454055,0,0.000157838649382325,0,0
0,0,0,0,0,0,0,0,0,0,0,0,0,0,0,0,0,0,0,0,0,0,0.00602027527537809,0.003380142778045,0,0.00423726508576924,0,1.97835670405766e-05,0,0,0,0,0,0,0,0,0,0.0310401919154127,1.04651771835051e-05,0,0,0,0,0,0,0,0,4.19041150215272e-05,0,0.00296550864611749,0,0,0,0,0,0,0,0,0,0,0,0,0,0,0.0755829016166934,0.00307988895007053,0.000429770381080159,0,0.00386060690002044,0,9.81329203012483e-05,0,0,0,0,0,2.12983877503229e-05,0,0,0,0.00961879739511918,0,0.00370839300588913,0.000867886283319092,0,0,0
0,0,0,0,0,0,0,0,0,0,0,0,0,0,0,0,4.92632696214058e-05,0,0,0,0,0.00602027527537809,0,0,0.00386092340568334,0,0,0,0.00328905829696647,0,0,0,0,0,0,0,0,3.58322515182884e-05,0.0105682019399387,0,0,0,0,0,0,0,0,1.31264536290681e-05,0.00583594618122542,0,0,0,0,0,0,0,0,0,0,0,0,0,0,0,6.89607462828479e-05,0.0832604441835297,0,0.00126348196285575,0,0.000132878817558242,0,0.0016010266196455,0,0,0,0,0,0,0,0,0,0.00287181297562779,0.00287049895424975,5.70769982906469e-06,0,0,0
0,0,0,0,0,0,0,0,0,0.0292076689225492,0,0,0,0,0,0,2.56299357875835e-05,0.000266326358701652,0,0,0,0.003380142778045,0,0,0,0.0628451616111238,0,0,0,0,0,0,0,3.22105586156168e-05,0,0,0,0.00817000227999043,0,0,0,3.42867369316722e-05,0,0,0,0,0,0,0,0.00179916448969344,0,0,0,0,0,0.013741349134316,0,0,0,0,0,0,0,0,0.00113238724272313,0,0.142714337322392,0,0.000549203872482341,0,0,0,0,0,0,0,3.40824971619793e-05,0,0,0,0.00635133097941582,0,0.00136670688738939,0,0.00101273600886215,0,0
0,0,0,0,0,0,0,0,0.00032005188253352,0,0,0,0,0,0,0,0.000382738864146431,0.000670167589794291,5.56436056481286e-05,0,0,0,0.00386092340568334,0,0,0,0.0146595517741433,0,0,0,0,0,0,0,0,0,0,0,0.00655753250624978,0,0,0,0,0,0,0,0,0,0.000802600477527534,0,0,0,0,0,0.000249672089046816,0,0,0,0,0,0,0,0,0,0,0.0032230192029037,0,0.0893421124491319,0,0.0752209141748891,0,0,0,0,0,0,0,0,0,0,0,0.00342328281864908,7.61175989118998e-05,0,0.000949430772537604,0,0
0,0,0,0,0,0,0,0,0,0.00868036873001706,0,0,0,0,0,0,9.38200943260454e-06,0.000904853582901376,1.25135435135853e-05,0,0,0.00423726508576924,0,0.0628451616111238,0,0,0,0.00781128487771751,0,0,0,0,0,0,0,0,0,0,0,0,0,0,0,0,0,0,0,0,0,0,0,0,0,0,0,0,0,0,0,0,0,0,0,0,0.00577492177196627,0,0.119048745437669,0,0.025692132047867,0,0.00146677618289577,0,0,0,0,0,0,0,0,0,0,0,1.1568200693124e-05,0,0,0,0
0,0,0,0,0,0,0,0,0,0,0,0,0,0,0,0,0.000660189804861047,2.17431788652924e-05,0,0,0,0,0,0,0.0146595517741433,0,0,0,0.00479536514607191,0,0,0,0,0,0,0,0,0,0,0,0,0,0,0,0,0,0,0,0,0,0,0,0,0,0,0,0,0,0,0,0,0,0,0,0,0,0,0,0,0.0050874622980012,0,0.0410161102061732,0,0,0,0,0,0,0,0,0,0,0,0,0,0,0
0,0,0,0,0,0,0,0,0,0,0,0.000153096378198825,0,0,0,0.00238802191926159,0,0,0,0,0,1.97835670405766e-05,0,0,0,0.00781128487771751,0,0,0,0.0913516007721854,0,0,0,0,0,0,0,0.000103262354059552,0,0,0,0,0,0,0,0,0,0,0,0,0,0,0,0,0,0,0,0.00021438879689714,0,1.22187026501195e-05,0,0.000317338601207168,0,0,0.00309129547330505,0,0,0,0.028653301352073,0,0.0125050820069159,0,0.00206915969014143,0,0,0,0,0,0,0,8.06020892306983e-06,0,1.67935972441508e-05,0,0,0,0
0,0,0,0,0,0,0,0,0,0,0.00733956587055786,0,0,0,0,0,0,0,0,0,0,0,0.00328905829696647,0,0,0,0.00479536514607191,0,0,0,0.0175346807995993,0,0,0,0,0,0,0,0.000852462704190428,0,0,0,0,0,0,0,0,0,0,0,0,0,0,0,0,0,0,0,0,0,0,0,0,0,0,0.000422528846908478,0,0,0,0,0,0.0138776854435879,0,0.0077955869839815,0,0,0,0,0,0,0,0.000362455738898282,0.000177862595700872,0,0,0,0
0,0,0,0,0,0,0,0,0,0,0,0.000393510028400138,0,0,0,0,0,0,0,0,0,0,0,0,0,0,0,0.0913516007721854,0,0,0,0,0,0,0,0,0,0.000193358548196214,0,0,0,0,0,0,0,0,0,0,0,0,0,0,0,0,0,0,0,0.00076139114990019,0,0,0,0,0,0,0,0,0,0,0,0,0.0215992033120061,0,0.022677936912589,0,0,0,0,0,0,0,0.00072481639095179,0,1.71450139029895e-05,0,0,0,0
0,0,0,0,0,0,0,0,0,0,0.00285998522356265,0,0,0,0,0,0,0,0,0,0,0,0,0,0,0,0,0,0.0175346807995993,0,0,0,0,0,0,0,0,0,0.00209444071302936,0,0,0,0,0,0,0,0,0,0,0,0,0,0,0,0,0,0.00641074086294703,0,0,0,0,0,0,0,0,0,0,0,0,0,0,0.0176518010911517,0,0.0173308095813845,0,0,0,0,0,0,0,0.00155012236957149,0,0,0,0,0
0,0,0,0,0,0,0,0,0,0,0,0,0,0,0,0,0,0,0,0,0,0,0,0,0,0,0,0,0,0,0,0,0.104321375390948,0.00946503393161284,0,0.0119324717772672,0.000248299998450976,0,0,0,0,0,0,0,0,0,0,0.0531157993612352,4.63058313481715e-05,0.000192348316707463,0,0,0,0,0,0,0,0,0,0,0,0,0,0,0,0,0,0,0,0,0,0,0,0,0.154328800962128,0.0818445547800327,0.0056354061473085,0,0.00208077152236622,0,0,0,0.00154871123799815,0,0,0,0
0,0,0,0,0,0,0,0,0,0,0,0,0,0,0,0,0,0,0,0,0,0,0,0,0,0,0,0,0,0,0,0.104321375390948,0,0.00487091900055611,0.00380786349091839,0.000798090021580833,0.0173977851943166,0,0,0,0,0,0,0,0,0,0,0.0320839569214916,0,0.000113632350190925,0,0,0,0,0,0,0,0,0,0,0,0,0,0,0,0,0,0,0,0,0,0,0,0,0.0541540956173632,0.24010575454313,0.000956725889616511,0.00112413308772945,0.000142497622159097,0.00504310165085261,0,0,0.000272266309636223,0,0,0,0
0,0,0,4.19566207209064e-05,0,0,0,0,0,0.000187386395350358,0,0,0,0,0,0,0,0,0,0,0,0,0,3.22105586156168e-05,0,0,0,0,0,0,0,0.00946503393161284,0.00487091900055611,0,0.0867955764288789,0.00305314690811649,0,0.00370642588345938,0,1.375366072454e-05,0,0,0,0,0,1.85516170609546e-05,0,0.338472706825864,0.00161796510906825,0.000473665427256806,0,0,0,0,0,0.000125644261847003,0,0,0,0,0,0,7.61587331566836e-06,0,0,0,0.00048452013603776,0.000132212929852507,0,0,0,0,0,0,0.00894349270324386,0.000479140751272904,0.133219153067778,0.104171430542421,0.00110490938099494,0,0.00315120580550716,4.33818397575035e-05,0.000217702027309873,0,0.000267348633672123,0,0
0,0,5.19640007446093e-05,0,0,0,0,0,0,0,0,0,0,0,0,0,0,0,0,0,0,0,0,0,0,0,0,0,0,0,0,0,0.00380786349091839,0.0867955764288789,0,0,0.0152647913787133,3.56881854137008e-05,0.00516919050664678,0,7.59656748678653e-05,0,0.000220782931630774,0,0,7.36463235528176e-06,9.49578648238789e-05,0.30944326475402,0.000639597379825578,0.000715803202344013,0,0,0,0,0,0,0,0,0,0,0,0,0,0,0,0,0,0,0,0,0,0,0,5.32271616481719e-05,2.92824846400048e-05,0.0113124445934341,0.0622241177424227,0.134029342232028,0,0.00394795147485718,0,0.00223411913775187,0.000211113552501947,0,0.000441376199134517,0,0
0,0,0,0.00034860933361808,0,4.5755092985692e-05,0,0,0,0,0,0.0142839864293839,0,0,0,0,0,0,0,0.013784500912523,0,0,0,0,0,0,0,0,0,0,0,0.0119324717772672,0.000798090021580833,0.00305314690811649,0,0,0.00503057583078034,0.0226280090152211,0,8.38920544075233e-06,0,0,0,6.76281650387422e-06,0,0.000150252928359633,0,0.000770418950001424,1.58341555569904e-05,3.19096768716642e-05,0,9.20840423629562e-05,0,0,0,0,0,0.000302768507875748,0,0,0,0,0.010405005630406,0,0,0,0,0,0,0,0,0,0,0,0.00502283011443997,0.00176865829723798,0.00440590146902932,0,0.0474779644827616,0.00365551813615192,0.00405956299397077,0,0.00264248565470192,6.87075024180311e-06,0.00229528341894162,0,0
0,0,8.77815361265483e-06,4.79164964102216e-06,2.56286849572599e-05,0,0,0,0,0,0.000197864239820623,0,0,0,0,0,0,0,8.30535911068402e-06,0,0.0196283442019993,0,0,0,0,0,0,0,0,0,0,0.000248299998450976,0.0173977851943166,0,0.0152647913787133,0.00503057583078034,0,1.45074191095773e-05,0.0276898689142065,0,0.000214984083012714,0,0,0,0,0,8.63206280985441e-05,0.000286378666139942,8.43641323154787e-05,1.85976970072833e-05,3.02297357472566e-05,0,0,0,0,0,0.000201645724635732,0,0,0,0,0,0,0.00345986843189976,0,0,0,0,0,0,0,0,0,0,0,0.00856692622996613,0,0.00504171811658567,0.00103876911522761,0.0385432034174641,0,0.00374717218772365,0.00242435801808814,0.000278602014379482,0.00180541183579072,0,0
1.47342852034863e-05,0,0,2.91817205669905e-06,0,0,0,0,3.83329382391134e-06,0.00179692512546808,0,0.0119327570207858,0,0,0,0,0,0,0,0.0128952238383802,0,0.0310401919154127,3.58322515182884e-05,0.00817000227999043,0,0,0,0.000103262354059552,0,0.000193358548196214,0,0,0,0.00370642588345938,3.56881854137008e-05,0.0226280090152211,1.45074191095773e-05,0,0.000829005685263313,0,0,5.42715584009e-05,0,0,0,4.40222530676313e-06,0,0.00430533180907916,0.000205739154915168,0.00733362351129401,0,0,0,0,0,0.000835108907678954,0,0.0146672832150735,0,0,0,0,0.000947874249866794,0,0.00736034064931896,0,0.00505917994400234,1.49918487346772e-05,0,0,0.00174639190750118,0,0.00251497854366106,0,0,0,0.00386723335045619,0.00498944882365998,0.00569914335708261,0,0.0693100919003965,0.00399752813451888,0.00249246323423654,0.000137422312755565,0.0014111060340782,7.80488095308255e-06,0
7.82557707607772e-06,0,0,0,0,0,0,0,0.00131874808723816,0,0.0175892111540495,0,0,0,0,0,0,0,0,0,0.00176463776821356,1.04651771835051e-05,0.0105682019399387,0,0.00655753250624978,0,0,0,0.000852462704190428,0,0.00209444071302936,0,0,0,0.00516919050664678,0,0.0276898689142065,0.000829005685263313,0,0,0,0,0,0,0,0,0,0.00210218798864734,0.0107509279769575,2.82096100546418e-05,0,0,0,0,0.000551619870736683,0,0.00335969812487746,0,0,0,0,0,0,0.000185672232401466,0,0.00231700691136642,0,0.00288778856431955,0,0,0,0.000655284576496729,0,0.000332398854190231,0,0,0,0.0021350507541084,0,0.00676633005960423,0,0.0825879106445482,0.00125308126381328,1.37630083765891e-05,0.000902682427087801,0,0
0.000236787854864945,0.000363596150168743,1.54859224176596e-05,0.0039757396201265,0,2.28195018072992e-05,0,0,0.000743322880587029,5.75200121612201e-05,0,0,0,0,0,0,0.00243343708919863,0.00363734255998027,0.0465038475014762,0,0,0,0,0,0,0,0,0,0,0,0,0,0,1.375366072454e-05,0,8.38920544075233e-06,0,0,0,0,0.000838679397055498,0.0792181606370067,0.000201258046770458,0.00420320314031474,0,0.0381001102374365,0.000678676957264687,0.00818975720299019,3.91513895413043e-05,0.0214229998278433,0,4.73529056338844e-05,0,0,0,0,0,0.000205967806798882,0,0.000168655940073889,0,0.000438041177392479,0.0109560618949275,0,0,0,0,0,0,0,0.000165271596700332,0,0.00316618702304546,0,0,0,0,0,0.0110050731068939,0.000151213949473175,0.00158127053958291,4.06100811916867e-05,0.00128822348768721,0.000207476915680206,0.0608637185864653,0.00626678460254517,0
0.000284329577334153,0,0.00216426993388853,0,0.000332627619503169,0,0,0,0,0,0,0,0,0,0,0,0.00262135035788238,0.0010611784099763,0.0284518504145761,0,9.4056644544668e-06,0,0,0,0,0,0,0,0,0,0,0,0,0,7.59656748678653e-05,0,0.000214984083012714,0,0,0.000838679397055498,0,0.000338342309049382,0.0516451443594648,0,0,0.000133757595230141,0.0508054094731027,0.00437001716434681,0.0105932757801279,0,0.000657312538207197,0,0,0,5.9984842664452e-05,0,4.22723664745981e-05,0,0.000112636895906412,0,0,0,7.6053209047889e-06,0.0336346220762372,0,0,0,0,0,0,0,4.0615481627453e-05,0,0.00575796749874373,0,0,0,5.08253968028679e-05,2.35921331536257e-05,0.0123823317968121,0,0.00381609143436044,0.00117383327669128,0.000157418791409191,0.0385147406893993,8.00791284145015e-05,0.00879038500639497
1.11037472163651e-05,0.00276304701214276,0,0.00591353255731948,0,0.000257811957908991,0,0,5.90073786047871e-05,0.00106695747896037,0,0,0,0,0,0,0.000950098895475511,0.00238534622436804,0.0289104667538545,0,0,0,0,3.42867369316722e-05,0,0,0,0,0,0,0,0,0,0,0,0,0,5.42715584009e-05,0,0.0792181606370067,0.000338342309049382,0,0.0107520240769619,0.000489443249680235,0,0.0133593921703837,0.000310222892977611,0.000931042790302299,0.000151157553884286,0.0062570577639302,0,0.000212361525324907,0,0,0,5.97611546680117e-05,0,0.00450174149164388,0,0.000392033581225848,0,0.000450694827863567,0.00495292897014294,0,0,0,0,0,6.10557645882518e-05,0,0.00175522410432179,0,0.0354940556447024,5.8463164911903e-06,0,0,0,0,0.00669890083737675,4.57570450254113e-05,0.00376455159063336,4.22275194791076e-05,0.00529262179710156,0.000492348305274657,0.132465297767288,0.0254687113592817,0
0.00698347844138372,0,0.00697858755244666,9.38862732595657e-05,0.000532650392657459,0,0,0,0.00815879874465342,0,0,0,0,0,0,0,0.00307531241449511,0.000785496600213142,0.0238872241864232,0,0,0,0,0,0,0,0,0,0,0,0,0,0,0,0.000220782931630774,0,0,0,0,0.000201258046770458,0.0516451443594648,0.0107520240769619,0,0,0,0.000338741569482398,0.0330454931871025,0.00157395782731513,0.00870431471378251,4.85990154727652e-05,0.00195718024360411,0,0,0,0.000469182773696983,0,0.00280395450503035,1.04574839416439e-05,0.000332049625778102,0,0.000378024326167344,0,0,0.00156041890426592,0,0,0,0,4.16537711724445e-05,0,0,0.00297361729333413,1.30858421314044e-05,0.0324355721521858,0,0,0,0,6.02895576497303e-05,0.0104594853474359,7.35281524019232e-05,0.00667249115037773,0.00621195062722329,0.000679619622499511,0.124025942579808,6.27176881899073e-05,0.0272961194660267
0,0,0,0.000258856381848298,0,0,0,0,0,0,0,0,0,0,0,0,0.000103097725518697,9.95017173069704e-05,0.00649151318008642,0,0,0,0,0,0,0,0,0,0,0,0,0,0,0,0,6.76281650387422e-06,0,0,0,0.00420320314031474,0,0.000489443249680235,0,0,0,0.000503798238120213,0,0,0,0,0,0,0,0,0,0,0,0,0,0,0,0,0,0,0,0,0,0,0,0,0,0,0.00055561549978729,0,0,0,0,0,0.00147999992470335,3.3448553064832e-06,0.000726389744353448,0,3.94542994837906e-05,0,0.00122843283023502,0,0
0,0,0,0,0,0,0,0,0,0,0,0,0,0,0,0,0,0,0,0,0,0,0,0,0,0,0,0,0,0,0,0,0,0,0,0,0,0,0,0,0,0,0,0,0,0,0,0,0,0,0,0,0,0,0,0,0,0,0,0,0,0,0,0,0,0,0,0,0,0,0,0,0,0,0,0,0,0,0,0,0,0,0,0,0,0,0
0,0.000739563943368641,0,0.00111397465804821,0,0.000149092941421724,0,0,0.000174319326886218,2.28597130274093e-05,0,0,0,0,0,0,0.00140171461403504,0.00172353369479096,0.0184892633083506,0,0,0,0,0,0,0,0,0,0,0,0,0,0,1.85516170609546e-05,7.36463235528176e-06,0.000150252928359633,0,4.40222530676313e-06,0,0.0381001102374365,0.000133757595230141,0.0133593921703837,0.000338741569482398,0.000503798238120213,0,0,0.000574215035610946,0.000708656806901863,0.00076479292849439,0.00366065985797661,0,0,0,0,0,0,0,0.00112899565981823,0,5.07755350143007e-05,0,0.000275206836594054,0.039594907300669,8.43047818017886e-06,0,0,0,0,0,0,3.86913691881441e-05,0,0.00649898546260926,0,0,0,7.46214015558458e-06,0,0.00586138062821276,7.63422761332822e-05,0.00336310983015229,3.54622098774424e-06,0.00103896061276306,0.000107845833862098,0.0340377459990361,0.000277024129933041,1.10233466150134e-05
0.00110942046123073,0,0.000521493232515389,0,0.000465595862979846,0,0,0,0,0.000141072580168908,0,0,0,0,0,0,0.00333685416555099,0.00129427673502404,0.0331556602834008,0,2.4685314388471e-05,0,0,0,0,0,0,0,0,0,0,0,0,0,9.49578648238789e-05,0,8.63206280985441e-05,0,0,0.000678676957264687,0.0508054094731027,0.000310222892977611,0.0330454931871025,0,0,0.000574215035610946,0,7.54042318723792e-05,0.00304723490234872,2.08372362321332e-05,0.000384966236996709,0,0,0,0,0,0.000590201575075687,0,0.000144803808421594,0,5.5571217840787e-05,0,6.06821842710523e-05,0.0476210929624192,0,0,0,0,0,0,3.90872923637397e-05,3.12496276047912e-05,0.000115689202294903,0.00568049645860579,0,0,0,0,0.00013607432601553,0.013271788046664,6.82303460529431e-06,0.0047897110082526,0.00183592908367987,0.000338121321068085,0.0316629664868028,9.86856138616944e-05,0.00173749367275347
0.00105305007070282,0.000161825418647939,0.000131291043595027,0.00151833208012725,0.000160694574320013,3.31973540686041e-05,0,0,0.000122558192916771,0,0,0,0,0,0,0,0,0,5.39011978613888e-06,0,0,4.19041150215272e-05,1.31264536290681e-05,0,0,0,0,0,0,0,0,0.0531157993612352,0.0320839569214916,0.338472706825864,0.30944326475402,0.000770418950001424,0.000286378666139942,0.00430533180907916,0.00210218798864734,0.00818975720299019,0.00437001716434681,0.000931042790302299,0.00157395782731513,0,0,0.000708656806901863,7.54042318723792e-05,0,0.106340744370862,0.0442428772536268,0.000111356313872153,0,0,0,0,0,2.19700981942557e-05,1.18029009964943e-05,4.47920086341786e-05,8.28255570719793e-05,0,1.29852247599277e-05,1.90365225374908e-05,0,3.67284330551987e-05,0,0,0.000941457504786851,0,0,1.42445414004553e-05,0,3.36207242556674e-05,6.87426941057566e-05,0.443324415828449,0.415771519046527,0.0435761761461874,0.0576373234189679,0.00786429133935912,0.00954466657091309,0.000219269851355984,0.00123368833942438,0.00212748111942781,1.54947343690708e-06,0.025209670661548,0,0
0.0157685486288848,1.42288596961744e-05,0.00289648813942877,0.00104733409359331,0.000480852896168322,0,0,0,0.00149752676016299,0,0,0,0,0,3.37554104564916e-05,0,6.91360849569024e-06,0,1.94332890324266e-05,0,0,0,0.00583594618122542,0,0.000802600477527534,0,0,0,0,0,0,4.63058313481715e-05,0,0.00161796510906825,0.000639597379825578,1.58341555569904e-05,8.43641323154787e-05,0.000205739154915168,0.0107509279769575,3.91513895413043e-05,0.0105932757801279,0.000151157553884286,0.00870431471378251,0,0,0.00076479292849439,0.00304723490234872,0.106340744370862,0,0.00523566948033487,0.000978228651719961,4.31356539253629e-05,0,0,0.00461434671081266,0,0.0010768451173321,1.98007667006902e-05,0.000759847599461659,4.90990841119516e-05,0.00175337703701357,3.08780246116829e-05,6.19409484363691e-06,0.000360111826663702,0,0.0123138784419233,0,0.0304954683937792,0,0.00975517571866353,0,0.00898836646254463,4.15791729135961e-05,0.000637756345283226,0.000683007715708077,0.00124654208684977,0.000150204155017606,7.13873999930624e-05,3.4686467021806e-05,0.00293733093927249,0,0.0102467513763066,0.00202352407202109,0.000217061425488631,0.0278431947190105,1.89092226897522e-05,1.15304278883242e-05
2.57001105073246e-05,0.0226813690486396,0,0.00935890712689625,0,0.000256712462367569,0,0,0,0.0143247423843178,0,0,0,0,0,0,4.25187679352532e-05,7.36509621302304e-05,0.00148453225628259,0,0,0.00296550864611749,0,0.00179916448969344,0,0,0,0,0,0,0,0.000192348316707463,0.000113632350190925,0.000473665427256806,0.000715803202344013,3.19096768716642e-05,1.85976970072833e-05,0.00733362351129401,2.82096100546418e-05,0.0214229998278433,0,0.0062570577639302,4.85990154727652e-05,0,0,0.00366065985797661,2.08372362321332e-05,0.0442428772536268,0.00523566948033487,0,0,0.000395608259529322,0,0,0,0.000570328821897346,0,0.00985260396218736,0,0.0077724716222711,0,0.00403896425619762,0.00102409657046533,0,0.00408834645838889,0,0.00584668992902916,6.62801814170613e-05,0.0202934408817063,0,0.0222957583317453,0,0.0221856853421596,0,0.000161088177834623,3.72699483621255e-05,6.35034876322946e-05,1.64599786871783e-05,0.00331066770237352,1.96807527301317e-05,0.00950456237299002,6.92301125387992e-05,0.000683760845973262,0.000111119285902455,0.0230591785995527,0.000939135247320606,0
0,0,0.027043757986097,0,0.0444603326176693,0,0.000530732201397297,0,0,0,0.00172512518839422,0,0,0,0,0,4.62930356086592e-06,2.90099108328538e-06,4.22024778316682e-05,0,0.000564370255001468,0,0,0,0,0,0,0,0,0,0,0,0,0,0,0,3.02297357472566e-05,0,0,0,0.000657312538207197,0,0.00195718024360411,0,0,0,0.000384966236996709,0.000111356313872153,0.000978228651719961,0,0,0,0.000640546973823056,0,0,0,0.00220347397921428,0,0,0,0,0,0,1.65908606886351e-05,0,0,0,0,0,0,0,0,0,0.000471482050874899,0,0,0,0,0,2.82859353163305e-05,0,4.45893957286544e-05,0.000766627645159157,2.10022822587063e-06,0.0174694865369887,0,0
0,0,0,0.0416265027100726,0,0.0298469005034388,0,0,0,0,0,0.000161900068053527,0,0,0,0.0321136917848914,0,0,0,0,0,0,0,0,0,0,0,0,0,0,0,0,0,0,0,9.20840423629562e-05,0,0,0,4.73529056338844e-05,0,0.000212361525324907,0,0,0,0,0,0,4.31356539253629e-05,0.000395608259529322,0,0,0,0,0,0,0,0.000437387387383617,0,0,0,0,0.000691506246391444,0,0,0,0,0,0,0,0,0,0.000134311268746922,0,0,0,0,0,1.37630329512099e-05,0,0,0,0.000152437965184836,0,0.010252495754363,0,0
0,0,0,0,0.00380067591457015,0,0.00102366253371441,0,0,0,0.0134719180652622,0,0,0,0,0,0,0,0,0,0.0058563227025242,0,0,0,0,0,0,0,0,0,0,0,0,0,0,0,0,0,0,0,0,0,0,0,0,0,0,0,0,0,0.000640546973823056,0,0,0,0,0,0.00391848444855231,0,0,0,0,0,0,0,0,0,0,0,0,0,0,0,0,0,0,0,0,0,0,0,0,0,7.48976638713268e-05,9.90127167295419e-06,0.00131407527485765,0,0
0,0,0,0,0,0.00452907680209058,0,0.0573292015460192,0,0,0,0,0,0,0,0,0,0,0,0,0,0,0,0,0,0,0,0,0,0,0,0,0,0,0,0,0,0,0,0,0,0,0,0,0,0,0,0,0,0,0,0,0,0,0,0,0,0,0,0,0,0,0,0,0,0,0,0,0,0,0,0,0,0,0,0,0,0,0,0,0,0,9.53281984362213e-05,0,0,0,0
0.0128429804865894,0,0.00441545447429032,0,0.000662105275768581,0,0,0,0.203695218030162,0,0,0,0,0,0.0155540902203889,0,0,0,0,0,0,0,0,0,0.000249672089046816,0,0,0,0,0,0,0,0,0,0,0,0,0,0.000551619870736683,0,5.9984842664452e-05,0,0.000469182773696983,0,0,0,0,0,0.00461434671081266,0,0,0,0,0,0,0,0.000283515148487561,0,0,0,0.060846026699654,0,0,4.8181416193577e-05,0,0,0,0.0426592735223644,0,0.0150164274463599,0,0,0,0.000716888552951213,0,0,0,0,0,0,0,0.00113447613100601,0.00030069825718802,0,0.00161115956997587,0,0
0,0.0222767076308212,0,0,0,0,0,0,0,0.0980110027518305,0,0,0,0,0,0.0160939526682939,0,0,7.47849342109521e-05,0,0,0,0,0.013741349134316,0,0,0,0,0,0,0,0,0,0.000125644261847003,0,0,0,0.000835108907678954,0,0,0,5.97611546680117e-05,0,0,0,0,0,0,0,0.000570328821897346,0,0,0,0,0,0,0,0,0,0,0,0.0473565188428267,0,0,0,0,0.0480539966286427,0,0,0,0,0,0,0,0,0,0.00133817316857012,0,0,0,0.00325362412278646,0,0.000298292319656336,0,0.00468315371597522,0,0
0,0,0.0123169620664866,0,0,0,0,0,0,0,0.0459553172381727,0,0.013006985526733,0,0,0,3.86959444815746e-06,0,6.26027951058632e-05,0,0.0359557194843066,0,0,0,0,0,0,0,0,0,0.00641074086294703,0,0,0,0,0,0.000201645724635732,0,0.00335969812487746,0,4.22723664745981e-05,0,0.00280395450503035,0,0,0,0.000590201575075687,2.19700981942557e-05,0.0010768451173321,0,0.00220347397921428,0,0.00391848444855231,0,0.000283515148487561,0,0,0,0.033107860386671,0,0.00046941006475968,0,0,0.0160738701727705,0,0,0,0,0,0,0,0.0466255335177759,0,0.070006188722364,0,0,0,0,0,0.000218089605348271,0,0.000232309424695404,0.00125171393298659,9.36882009498782e-06,0.0342021909094906,0,0.000620157424771276
0,0.00392417702484526,0,0.0249927633923283,0,0.00557437057065139,0,0.000178469216091616,0,3.94307327340531e-05,0,0.0874823193954578,0,0.104391515669178,0,0,1.54528758710355e-05,1.93639252960392e-05,0.000272815230431311,0.0167825389003867,0,0,0,0,0,0,0,0.00021438879689714,0,0.00076139114990019,0,0,0,0,0,0.000302768507875748,0,0.0146672832150735,0,0.000205967806798882,0,0.00450174149164388,1.04574839416439e-05,0,0,0.00112899565981823,0,1.18029009964943e-05,1.98007667006902e-05,0.00985260396218736,0,0.000437387387383617,0,0,0,0,0,0,0,0.0455377366700001,0,0.00362399993309302,0.0132229172725807,0,2.46743400141554e-05,0,0,0,0.00129900075651276,0,0.0301063435849043,0,0.0501743629037191,0,0,0,0,0,0.000129549018342089,0,0.00290507629124743,0,0.00241216038762748,4.2907630426401e-05,0.0434095063626412,0.00145135668557378,0
0,0,0.0155411369590592,0,0,0,0,0,0,0,0.00556377735720961,0,0.00297821164196455,0,0.000721356221330704,0,0,0,0,0,0,0,0,0,0,0,0,0,0,0,0,0,0,0,0,0,0,0,0,0,0.000112636895906412,0,0.000332049625778102,0,0,0,0.000144803808421594,4.47920086341786e-05,0.000759847599461659,0,0,0,0,0,0,0,0.033107860386671,0,0,0,0.00735161705954218,0,0,0.000359020054825702,0,0,0,0,0,0.00510407240265867,0,0.00220882913768297,0,0.000174088990104224,0,0,0,0,0,2.79286753523584e-05,0,5.47703200987166e-05,1.02671621221538e-06,1.50399747790684e-06,0.00339595087734951,0,2.0841894981501e-05
0,0.0030973888097228,0,0.0174508488993129,0,4.5324768529613e-05,0,7.53125495975837e-05,0,0,0,0.0744884087109507,0,0.0110114674635745,0,0.00256363528896942,0,0,5.35384906677678e-06,0,0,0,0,0,0,0,0,1.22187026501195e-05,0,0,0,0,0,0,0,0,0,0,0,0.000168655940073889,0,0.000392033581225848,0,0,0,5.07755350143007e-05,0,8.28255570719793e-05,4.90990841119516e-05,0.0077724716222711,0,0,0,0,0,0,0,0.0455377366700001,0,0,0,0.0105069766418072,0.000759035716775063,0,0,0,5.25825182349227e-05,0,0.0111009811928881,0,0.00429241361746883,0,0.00024650823103977,0,0,0,0,0,0,0,3.3160036259439e-06,0,0.000586503312430184,9.85699661594372e-06,0.00386998718109534,0,0
0.0122302363553196,0,0.00446812059754117,0,0,0,0,0,0.00762464593327196,0,0,0,0.00263665139611808,0,0.0430275229757872,0,0,0,9.48937155076444e-06,0,0,0,0,0,0,0,0,0,0,0,0,0,0,0,0,0,0,0,0,0,0,0,0.000378024326167344,0,0,0,5.5571217840787e-05,0,0.00175337703701357,0,0,0,0,0,0.060846026699654,0,0.00046941006475968,0,0.00735161705954218,0,0,0,0,0,0,0,0,0,0,0,0,0.000141283127567896,0,6.49831162898779e-05,0,0,0,0,0,6.28210255699795e-05,0,5.50544570522333e-05,2.62227594917517e-06,0,0.000631507487389046,0,0.000167747482763415
0,0.00859154260853136,0,0.024906304719404,0,0,0,0,0,0.00665208648110566,0,0,0,0.0104169584857859,0,0.0440584344443926,0,0,3.60359700006417e-05,0,0,0,0,0,0,0,0,0.000317338601207168,0,0,0,0,0,0,0,0,0,0,0,0.000438041177392479,0,0.000450694827863567,0,0,0,0.000275206836594054,0,1.29852247599277e-05,3.08780246116829e-05,0.00403896425619762,0,0,0,0,0,0.0473565188428267,0,0.00362399993309302,0,0.0105069766418072,0,0,0,0,0,0,0,0,0.0163981599495528,0,0.000272339882610032,0,0.000508791451787572,0,0,0,0,0,8.74982437643308e-06,0,8.49554434785853e-06,0,4.26341979846219e-05,0,0.00159692406682547,0,0
0,0.000519461815806854,0,0.00270413915219055,0,0.000559433392865792,0,0,4.7729241101586e-05,0,0,0.020039754366718,0,0,0,0,0.000126472930490145,0.000113159404329547,0.00214922412591508,0.0192133539450361,0,0,0,0,0,0,0,0,0,0,0,0,0,7.61587331566836e-06,0,0.010405005630406,0,0.000947874249866794,0,0.0109560618949275,7.6053209047889e-06,0.00495292897014294,0,0,0,0.039594907300669,6.06821842710523e-05,1.90365225374908e-05,6.19409484363691e-06,0.00102409657046533,0,0.000691506246391444,0,0,0,0,0,0.0132229172725807,0,0.000759035716775063,0,0,0,0,0,0,0,0,0.000153750546071335,0,0.00202973279607049,0,0.0100600491575873,0,0,0,0,0,0.0063798373009711,1.85454252367015e-05,0.00374536446977935,0,0.000594030638934536,3.44063458464108e-05,0.0326278288089494,2.27277901864312e-05,0
0,0,1.84314861651099e-05,0,0.000140161923838209,0,0.00047112302470007,0,0,0,0.00984947350528747,0,0,0,0,0,8.73002797126992e-06,2.60605816549522e-05,0.000752679516068923,0,0.01431751499187,0,0,0,0,0,0,0,0,0,0,0,0,0,0,0,0.00345986843189976,0,0.000185672232401466,0,0.0336346220762372,0,0.00156041890426592,0,0,8.43047818017886e-06,0.0476210929624192,0,0.000360111826663702,0,1.65908606886351e-05,0,0,0,4.8181416193577e-05,0,0.0160738701727705,0,0.000359020054825702,0,0,0,0,0,0,0,0,0,0,0,0,0.000351824442584186,0,0.0125413699219004,0,0,0,0,0,0.00893068217268788,0,0.00305238616938542,0.000471163356515894,6.54706736679592e-06,0.037467245551895,0,0
0,0,0,0,0,0,0,0,0,0,0,0,0,0,0,0,0,0,0,0,0,0.0755829016166934,6.89607462828479e-05,0.00113238724272313,0,0.00577492177196627,0,0.00309129547330505,0,0,0,0,0,0,0,0,0,0.00736034064931896,0,0,0,0,0,0,0,0,0,3.67284330551987e-05,0,0.00408834645838889,0,0,0,0,0,0,0,2.46743400141554e-05,0,0,0,0,0,0,0,0,0.00721073401294728,0,0.00387217294730655,0,0.00138520519217902,0,0,0,0,0,4.01599913162076e-05,0,0,0,0.0074459293165972,0,0.00111590267292555,1.90616639172758e-05,6.28857171541033e-06,0,0
0,0,0,0,0,0,0,0,0,0,0,0,0,0,0,0,0.00102544370736742,0,0,0,0,0.00307988895007053,0.0832604441835297,0,0.0032230192029037,0,0,0,0.000422528846908478,0,0,0,0,0,0,0,0,0,0.00231700691136642,0,0,0,0,0,0,0,0,0,0.0123138784419233,0,0,0,0,0,0,0,0,0,0,0,0,0,0,0,0,0,0,0.00855750728953845,0,0.00635767318221921,0,0.0106005984921985,0,6.93520157400726e-05,0,0,0,0,0,0,0,0.00791934148558694,0.000315067926698334,0,2.43901366702558e-05,0,0
0,0,0,0,0,0,0,0,0,0.00745908993226494,0,0,0,0,0,0,0.000181982121223155,0.00143031383542437,0,0,0,0.000429770381080159,0,0.142714337322392,0,0.119048745437669,0,0,0,0,0,0,0,0.00048452013603776,0,0,0,0.00505917994400234,0,0,0,0,0,0,0,0,0,0,0,0.00584668992902916,0,0,0,0,0,0.0480539966286427,0,0,0,5.25825182349227e-05,0,0,0,0,0.00721073401294728,0,0,0,0.0382876403873585,0,0.00022981409933724,0,0,0,0,0,0.0042102980873828,0,0,0,0.0170325213049668,0,0.00177838568651792,0,0.00487545689346516,0,0
0,0,0,0,0,0,0,0,0.00416699427990404,0,0,0,0,0,0,0,0,0,0,0,0,0,0.00126348196285575,0,0.0893421124491319,0,0,0,0,0,0,0,0,0.000132212929852507,0,0,0,1.49918487346772e-05,0.00288778856431955,0,0,0,0,0,0,0,0,0.000941457504786851,0.0304954683937792,6.62801814170613e-05,0,0,0,0,0.0426592735223644,0,0,0,0,0,0,0,0,0,0,0.00855750728953845,0,0,0,0.0978068864161084,0,0.000148477414152583,0,0,0,0,0,0,0,0,0,0.0234966925964189,3.00572528375736e-05,0,0.00794864364357111,0,0
0,0.000212392327558597,0,0,0,0,0,0,0,0.00182422332650257,0,0,0,0.000630158364194264,0,0.00134289662122587,0.0015293225280336,0.00952227856116784,0.0001754748769298,0,0,0.00386060690002044,0,0.000549203872482341,0,0.025692132047867,0,0.028653301352073,0,0,0,0,0,0,0,0,0,0,0,0,0,6.10557645882518e-05,4.16537711724445e-05,0,0,0,0,0,0,0.0202934408817063,0,0,0,0,0,0,0,0.00129900075651276,0,0.0111009811928881,0,0.0163981599495528,0.000153750546071335,0,0.00387217294730655,0,0.0382876403873585,0,0,0,0.0177368345310558,0,0,0,0,0,0,0,6.5254223244294e-06,0,0,0,0.000279643842861845,0,0.00025630446113298,0,0
