0,0,4.95822837948799,0,0,0,0,0,4.88251815760199,0,0,0,0,0,0,0,34.4163172721863,69.7705993652344,13.4663942732462,0,0,0,0,0,10.7006824016571,0,0,0,0,0,0,0,0,0,0,0,0,0,15.2279603377632,0,0,66.3433303833008,38.71669619424,0,0,0,0,0,8.23083780362056,0,15.41064453125,0,0,0,4.53824307571104,0,40.4420585632324,0,0,0,3.13622619888999,0,0,0,0,0,0,0,0,0,0,0,0,0,0,0,0,0,0,0,0,0,23.1126191956656,0,13.0032789101292,0,0
0,0,0,5.62268713658506,0,0,0,0,0,4.39823567902758,0,0,0,0,0,0,0,0,11.0109378178914,0,0,0,0,16.2557106018066,0,0,0,0,0,0,0,0,0,0,0,0,0,0,0,0,0,13.2405624263141,0,0,0,0,37.1910146077474,0,0,7.18908592592925,0,10.8753547668457,0,0,0,3.85105297912295,0,0,0,0,0,0,0,0,0,0,0,0,0,0,0,0,0,0,0,0,0,0,31.5434036254883,0,0,0,7.69480857075872,13.0845775604248,9.62637012853072,15.8033375740051,0
4.95822837948799,0,0,0,16.9910583496094,0,16.8647921880086,0,6.1793688416481,0,0,0,0,0,0,0,48.9746913909912,0,18.3715243773027,0,28.3773410797119,0,0,0,0,0,0,0,0,0,0,0,0,0,0,0,30.9989795684814,0,26.8228003853246,47.6143798828125,36.4406373160226,0,28.4427103125132,0,0,0,33.3606028305857,0,13.4409873330748,0,9.04682435358272,0,0,0,6.91638014282005,0,24.3753557766185,0,6.44885449713849,0,7.82167196273804,0,0,35.0075774081918,0,0,0,77.6025543212891,0,0,0,0,0,26.0930692127773,0,0,0,0,38.4022598266602,37.397341019068,0,35.5334321022034,16.07736407174,18.1263427734375,17.9801183650121,0,19.9406781403915
0,5.62268713658506,0,0,0,7.05186607620933,0,0,0,5.52093371566461,0,0,0,0,0,0,73.9983444213867,0,25.6207364082336,0,0,0,0,0,0,0,0,0,0,0,0,0,0,0,0,32.2868457794189,29.195689201355,75.9274520874023,0,39.9896382831392,0,23.4829553178519,33.6318702697754,0,0,28.4576187133789,68.4477081298828,38.3259718153212,39.0025075276693,4.70549314313655,0,6.46092175381545,0,0,0,0,0,24.5585836930708,0,0,0,2.73956974347432,19.7522930569119,0,0,0,0,0,0,0,0,0,26.4505302429199,0,0,0,0,0,39.2982665697734,33.0107555389404,36.7757848103841,0,24.3845163689384,25.3063977559408,15.7847352414872,21.7390044819225,0
0,0,16.9910583496094,0,0,0,3.55813544243574,0,0,0,0,0,0,0,0,0,0,0,42.4099769592285,0,11.369242562188,0,0,0,0,0,0,0,0,0,0,0,0,0,0,0,11.9631807804108,0,0,0,47.4810590744019,0,39.3259746006557,0,0,40.7089309692383,0,0,43.4050369262695,0,9.49668347835541,0,0,0,0,0,23.5449363708496,0,3.13107408176769,0,2.86044609546661,0,0,21.7827854156494,0,0,0,0,0,0,0,0,0,0,0,0,0,0,0,41.4987487792969,0,0,8.32143404748705,0,13.6112728886956,0,35.0049362182617
0,0,0,7.05186607620933,0,0,0,0,0,5.04756159829621,0,0,0,0,0,3.2065745871744,0,0,0,2.99047589302063,0,0,0,0,0,0,0,0,0,0,0,0,0,0,0,0,0,0,0,0,0,37.251993560791,0,0,0,0,0,58.7907066345215,0,19.2751779556274,0,3.2864311815843,0,3.1530601978302,0,4.30538259914943,0,3.27054816484451,0,0,0,0,0,0,0,0,0,0,0,0,0,0,38.2908058166504,0,0,0,0,0,0,0,0,0,3.50063423022696,7.16669464111328,5.96579638856356,0,0
0,0,16.8647921880086,0,3.55813544243574,0,0,0,0,0,0,0,4.26182094547484,0,0,0,0,0,0,0,0,0,0,0,0,0,0,0,0,0,0,0,0,0,0,0,0,0,0,0,0,0,0,0,0,0,0,0,0,0,12.275200843811,0,3.12738544940949,0,0,0,25.2320511761834,0,4.34433117856834,0,0,0,0,0,0,0,0,0,0,0,0,0,0,0,0,0,0,0,0,0,0,0,3.33535857961533,3.56736621450871,13.032451581955,0,33.5254096984863
0,0,0,0,0,0,0,0,0,0,0,3.14857846498489,0,0,0,0,0,0,0,0,0,0,0,0,0,0,0,0,0,0,0,0,0,0,0,0,0,0,0,0,0,0,0,0,0,0,0,0,0,0,0,3.82567027012507,0,3.39502389420497,0,0,0,3.81084410330561,0,0,0,0,0,0,0,0,0,0,0,0,0,0,0,0,0,0,0,0,0,0,0,0,2.95094256815703,0,0,0,0
4.88251815760199,0,6.1793688416481,0,0,0,0,0,0,0,0,0,0,0,4.11901481011335,0,3.99930758061616,0,5.78535914421082,0,0,0,13.5846082369486,0,6.99207762565488,0,0,0,0,0,0,0,0,0,0,0,0,0,7.89355355622817,0,0,0,9.62378236225673,0,0,0,0,0,9.37354310353597,0,0,0,0,0,5.75917622887018,0,0,0,0,0,4.99494328706161,0,0,0,0,0,0,5.47488584352094,0,4.04913024107615,0,0,0,0,0,0,0,0,0,0,0,11.7046985135359,4.65812659593156,3.85601703325907,7.18992221624148,0,0
0,4.39823567902758,0,5.52093371566461,0,5.04756159829621,0,0,0,0,0,0,0,0,0,3.08965346548292,0,0,8.57775993347168,0,0,0,0,6.19439765413602,0,0,0,0,0,0,0,0,0,0,0,0,0,7.53885247376854,0,0,0,19.29580263658,0,0,0,0,0,0,0,7.44602135249547,0,9.32468385696411,0,0,0,4.90001737090076,0,0,0,0,0,0,0,0,0,0,5.3624358360584,0,0,0,0,0,0,0,0,0,0,0,0,0,8.90714506162724,0,6.26179885343292,3.90389513969421,19.3571188580859,0,0
0,0,0,0,0,0,0,0,0,0,0,0,3.20069970494225,0,0,0,0,0,0,0,5.29176835016328,0,0,0,0,0,0,0,4.12606769022734,0,3.14975380897522,0,0,0,0,0,4.92885951448285,0,4.95867616049449,0,0,0,0,0,0,0,37.5593338012695,0,0,0,0,0,0,0,0,0,8.59198739268818,0,3.34611817708252,0,0,0,0,10.8501328464065,0,0,0,0,0,0,0,3.72691159437198,0,3.5127296977573,0,0,0,0,0,8.41068269033483,0,7.23703352821634,3.40354287893252,0,0,0,0
0,0,0,0,0,0,0,3.14857846498489,0,0,0,0,0,3.13660108241017,0,0,0,0,0,5.89292782636789,0,0,0,0,0,0,0,3.51832773571923,0,3.10850910787229,0,0,0,0,0,3.30709299304132,0,4.35718018751878,0,0,0,0,0,0,0,16.0211759294782,0,0,0,0,0,0,0,2.88457632064819,0,0,0,5.87028617828604,0,3.36553018887838,0,0,4.51578443602097,0,0,0,0,0,0,0,0,0,4.12007464603944,0,0,0,0,0,5.88957918634509,0,7.42840575335319,0,4.41856029353191,0,13.5994282563527,0,0
0,0,0,0,0,0,4.26182094547484,0,0,0,3.20069970494225,0,0,0,4.03929008137096,0,0,0,0,0,0,0,0,0,0,0,0,0,0,0,0,0,0,0,0,0,0,0,0,0,0,0,0,0,0,0,0,0,0,0,0,0,4.28625472386678,0,0,0,6.64988118669261,0,4.19675050290783,0,2.74233150482178,0,0,0,0,0,0,0,0,0,0,0,0,0,0,0,0,0,0,0,0,0,3.62991502064162,3.79261636569582,0,0,0
0,0,0,0,0,0,0,0,0,0,0,3.13660108241017,0,0,0,3.10909586027265,0,0,0,0,0,0,0,0,0,0,0,3.57906587918599,0,3.68893641233444,0,0,0,0,0,0,0,0,0,0,0,0,0,0,0,0,0,0,0,0,0,0,0,0,0,0,0,3.05036513867049,0,4.68201868754088,0,3.33386980665141,0,0,0,0,0,0,0,0,0,0,0,0,0,0,0,0,0,0,0,0,3.15530426122925,0,0,0,0
0,0,0,0,0,0,0,0,4.11901481011335,0,0,0,4.03929008137096,0,0,0,2.82182510693868,0,0,0,0,0,0,0,0,0,2.7379142443339,0,0,0,0,0,0,0,0,0,0,0,0,0,0,0,0,0,0,0,0,0,0,0,0,0,0,0,4.98861205136334,0,0,0,2.94889402389526,0,4.03065973482792,0,0,0,0,0,0,0,0,3.03708780728854,0,0,0,0,0,0,0,0,0,0,0,0,3.70293716956569,3.60358709593614,0,0,0
0,0,0,0,0,3.2065745871744,0,0,0,3.08965346548292,0,0,0,3.10909586027265,0,0,0,3.37712526321411,0,0,0,0,0,0,0,0,0,0,0,0,0,0,0,0,0,0,0,0,0,0,0,0,0,0,0,0,0,0,0,0,0,2.73831832408905,0,0,0,3.37302334778974,0,0,0,4.22497177124023,0,4.18920698326625,0,0,0,0,0,0,0,0,0,0,0,0,0,0,0,0,0,0,0,0,3.47019940024024,2.98839371999105,0,0,0
34.4163172721863,0,48.9746913909912,73.9983444213867,0,0,0,0,3.99930758061616,0,0,0,0,0,2.82182510693868,0,0,18.5763771843938,24.6821477394274,0,47.8009262084961,9.30920791625977,5.58041797607894,0,6.28483666234942,0,4.50811343126596,0,3.37960910797119,0,0,0,0,0,0,0,60.7215449015299,0,0,66.9241207707537,58.982968175134,52.6282257503933,42.1647192059141,55.4082679748535,47.6930389404297,57.7650573730469,52.9711529490459,0,37.1948027610779,0,0,0,0,0,0,0,62.3013432820638,0,0,0,0,0,0,62.5684124384171,0,0,0,6.26886047335232,0,4.38183032594076,0,4.24160893758138,0,77.7407430013021,0,0,0,0,69.3218381287622,61.8780072575362,67.1277046203613,58.3220363963734,13.2663740272591,6.86934316179394,56.2064143900286,46.331883430481,48.7937681410048
69.7705993652344,0,0,0,0,0,0,0,0,0,0,0,0,0,0,3.37712526321411,18.5763771843938,0,18.8968070645412,0,75.7741775512695,6.00296337742022,0,2.90040302276611,0,5.17023801985936,0,0,0,0,0,0,0,0,0,0,0,0,76.7017822265625,68.6178316388811,68.6819061279297,55.9233058460972,57.5760641479492,52.4703845977783,54.8160648345947,55.106237411499,64.214716152269,0,0,67.6444702148438,0,0,0,0,0,0,72.572790145874,0,0,0,0,0,0,72.5009814814517,5.60992280415126,0,3.38717484474182,0,0,0,0,0,0,61.8323974609375,0,0,0,0,71.0194848565494,72.1209046269806,70.8845876057943,72.6300094604492,10.3560494332721,6.63600069331005,64.2594644968746,51.5747838701521,62.2557531084333
13.4663942732462,11.0109378178914,18.3715243773027,25.6207364082336,42.4099769592285,0,0,0,5.78535914421082,8.57775993347168,0,0,0,0,0,0,24.6821477394274,18.8968070645412,0,0,46.2850087483724,0,0,0,0,0,0,0,0,0,0,0,0,47.7398071289062,0,70.4552097320557,60.2874829218938,51.0429515838623,48.7794085911342,39.8994634054678,43.4906439849728,21.2913521541228,25.756641019864,20.3207558800903,23.1390739480654,31.9931203297206,37.8548240497194,44.4283776283264,13.8621548886569,29.9472353723314,0,40.1359882354736,0,0,0,0,38.9122409349606,22.6663762895685,33.817310333252,0,0,0,21.3241542469371,47.2653079476155,0,0,68.3021945953369,0,0,0,0,0,23.8995711586692,41.8085919062297,0,0,0,0,45.1143938641307,47.8585882243014,38.0058561166128,49.1048774971867,16.4193354640057,52.4876200358073,31.9696383913671,15.5746359770362,28.4582179242914
0,0,0,0,0,2.99047589302063,0,0,0,0,0,5.89292782636789,0,0,0,0,0,0,0,0,0,0,0,0,0,0,0,0,0,0,0,0,0,0,0,4.84282116523755,0,5.61686052175669,0,0,0,0,0,0,0,13.4568862500398,0,0,0,0,0,0,0,0,0,0,0,0,0,0,0,0,3.53712318996276,0,0,0,0,0,0,0,0,0,0,0,0,0,0,0,8.73509898089399,0,20.5521114847877,0,10.6664325169155,19.185266494751,11.1105975116171,0,0
0,0,28.3773410797119,0,11.369242562188,0,0,0,0,0,5.29176835016328,0,0,0,0,0,47.8009262084961,75.7741775512695,46.2850087483724,0,0,0,0,0,0,0,0,0,0,0,0,0,0,0,0,0,4.46181909125449,0,6.42753051067221,0,58.1563262939453,0,31.35478918893,0,29.3634757995605,0,22.514475069548,0,0,0,16.0444244384766,0,0,0,0,0,8.90345093594041,0,0,0,0,0,0,8.45109004817692,0,0,0,0,0,0,0,0,0,0,0,0,0,0,0,12.1378721770399,0,5.75304101535252,8.06754312112734,22.7644624710083,8.2874422229339,0,20.9575440543038
0,0,0,0,0,0,0,0,0,0,0,0,0,0,0,0,9.30920791625977,6.00296337742022,0,0,0,0,4.80794500147879,7.22854740479413,0,3.78206256058209,0,3.15867484145694,0,0,0,0,0,0,0,0,0,5.23633033923119,0,0,0,0,0,0,0,0,0,0,0,5.08637453774986,0,0,0,0,0,0,0,0,0,0,0,0,0,0,5.66229516332065,6.64162416117532,3.59309920462051,0,0,0,2.89064604043961,0,0,0,0,0,0,0,0,0,8.3210149901336,0,4.30789177036188,5.56351742413965,0,0,0
0,0,0,0,0,0,0,0,13.5846082369486,0,0,0,0,0,0,0,5.58041797607894,0,0,0,0,4.80794500147879,0,0,4.82194180271842,0,7.25728565454483,0,3.32576265335083,0,0,0,0,0,0,0,0,4.81250038743019,7.34306110044185,0,0,0,54.3890609741211,0,0,0,0,41.8945223490397,20.5102183886937,0,0,0,0,0,27.957540512085,0,0,0,0,0,0,0,0,0,3.43954332669576,4.78030405537524,0,7.18573771785287,0,12.2180606430975,0,9.18060522219714,0,0,0,0,0,0,0,0,9.66790351000699,5.79100616886909,5.90978083188161,4.92694520195828,30.2268947601318,0,0
0,16.2557106018066,0,0,0,0,0,0,0,6.19439765413602,0,0,0,0,0,0,0,2.90040302276611,0,0,0,7.22854740479413,0,0,0,3.25285613536835,0,0,0,0,0,0,0,0,0,0,0,5.7453005682481,0,0,0,0,40.3673400878906,0,0,0,0,18.2341532177395,0,2.93801331520081,0,0,0,0,0,6.74707941439167,0,0,0,0,0,0,0,0,8.08868542073787,0,3.17583956397497,0,3.46470738084693,0,0,0,0,0,0,0,0,0,0,0,6.24384950758588,0,6.52091721328529,0,25.5810680389404,0,0
10.7006824016571,0,0,0,0,0,0,0,6.99207762565488,0,0,0,0,0,0,0,6.28483666234942,0,0,0,0,0,4.82194180271842,0,0,0,3.09418857955459,0,0,0,0,0,0,0,0,0,0,0,5.21560230229628,0,0,0,35.2331632614136,0,0,0,0,25.6903723666542,5.85925413110728,0,0,0,0,0,6.0005014920846,0,0,0,0,0,0,0,0,0,0,10.8877425946687,0,4.14438368838121,0,4.02032487878994,0,0,0,0,0,0,0,0,0,0,0,9.40870168200883,7.09333168968148,0,7.8202936262147,0,0
0,0,0,0,0,0,0,0,0,0,0,0,0,0,0,0,0,5.17023801985936,0,0,0,3.78206256058209,0,3.25285613536835,0,0,0,3.0867063584535,0,0,0,0,0,0,0,0,0,0,0,0,0,0,0,0,0,0,0,0,0,0,0,0,0,0,0,0,0,0,0,6.30065751075745,0,0,0,0,3.70561937217055,0,3.90211746606184,0,3.29558449013289,0,0,0,0,0,0,0,0,0,0,0,0,0,3.9940814478644,0,0,0,0
0,0,0,0,0,0,0,0,0,0,0,0,0,0,2.7379142443339,0,4.50811343126596,0,0,0,0,0,7.25728565454483,0,3.09418857955459,0,0,0,2.7920156121254,0,0,0,0,0,0,0,0,0,0,0,0,0,0,0,0,0,0,0,0,0,0,0,0,0,0,0,0,0,0,0,0,0,0,0,0,0,0,3.27284166882339,0,3.37030924450267,0,3.74324594844471,0,0,0,0,0,0,0,0,0,0,5.36318061979193,0,0,0,0
0,0,0,0,0,0,0,0,0,0,0,3.51832773571923,0,3.57906587918599,0,0,0,0,0,0,0,3.15867484145694,0,0,0,3.0867063584535,0,0,0,3.4483195397912,0,0,0,0,0,0,0,0,0,0,0,0,0,0,0,0,0,0,0,0,0,0,0,0,0,0,0,3.43837341768988,0,6.52802305892833,0,5.14851999282837,0,0,3.55237012863159,0,0,0,3.43945428133011,0,3.71754906534488,0,4.39136710023521,0,0,0,0,0,0,0,3.99436670800914,0,3.0806001663208,0,0,0,0
0,0,0,0,0,0,0,0,0,0,4.12606769022734,0,0,0,0,0,3.37960910797119,0,0,0,0,0,3.32576265335083,0,0,0,2.7920156121254,0,0,0,3.35106519335195,0,0,0,0,0,0,0,2.99388098716736,0,0,0,0,0,0,0,0,0,0,0,0,0,0,0,0,0,0,0,3.15664291381836,0,0,0,0,0,0,3.16644847393036,0,0,0,3.17316174507141,0,4.32536779597011,0,4.11032210750344,0,0,0,0,0,0,0,5.71411028775302,3.89815702438354,2.98286731207549,0,0,0
0,0,0,0,0,0,0,0,0,0,0,3.10850910787229,0,3.68893641233444,0,0,0,0,0,0,0,0,0,0,0,0,0,3.4483195397912,0,0,0,0,0,0,0,0,0,2.8809449672699,0,0,0,0,0,0,0,0,0,0,0,0,0,0,0,0,0,0,0,3.72959769855846,0,0,0,0,0,0,0,0,0,0,0,0,12.2884518078395,0,4.59684406469517,0,0,0,0,0,0,0,9.62152884413848,0,2.85573744773865,0,0,0,0
0,0,0,0,0,0,0,0,0,0,3.14975380897522,0,0,0,0,0,0,0,0,0,0,0,0,0,0,0,0,0,3.35106519335195,0,0,0,0,0,0,0,0,0,3.07351217477218,0,0,0,0,0,0,0,0,0,0,0,0,0,0,0,0,0,0,0,0,0,0,0,0,0,0,0,0,0,0,0,0,3.40293417579249,0,3.79054955563247,0,0,0,0,0,0,0,3.93505336203665,4.81215783362872,4.14203714963162,0,0,0
0,0,0,0,0,0,0,0,0,0,0,0,0,0,0,0,0,0,0,0,0,0,0,0,0,0,0,0,0,0,0,0,3.3893292466829,4.06155286413251,6.41238682086651,4.55519488203325,3.67545284611591,0,0,0,13.499870201637,0,0,0,0,0,0,5.53758336504174,8.74182178974152,0,0,0,0,0,0,0,0,0,0,0,0,0,0,0,0,0,0,0,0,0,0,0,0,0,7.43189749071154,4.55011147251338,5.71798116986345,4.85203123092651,5.60118957660816,4.96366851532151,0,0,4.58632982202939,0,0,0,0
0,0,0,0,0,0,0,0,0,0,0,0,0,0,0,0,0,0,0,0,0,0,0,0,0,0,0,0,0,0,0,3.3893292466829,0,4.42421709337542,2.87531328201294,3.60250107447306,3.50347351271009,0,0,0,0,0,0,0,0,0,0,3.87733279425522,4.1610661149025,0,0,0,0,0,0,0,0,0,0,0,0,0,0,0,0,0,0,0,0,0,0,0,0,0,5.26188222885132,4.25487942417848,0,4.01301622390747,0,5.8104522673729,0,0,4.15460582261675,0,0,0,0
0,0,0,0,0,0,0,0,0,0,0,0,0,0,0,0,0,0,47.7398071289062,0,0,0,0,0,0,0,0,0,0,0,0,4.06155286413251,4.42421709337542,0,4.16006787279819,3.73885792069965,0,3.83790391661255,3.30568494647741,0,0,21.3731829325358,25.2760437236113,0,0,0,0,5.22520608954258,11.4848717621395,5.48500370979309,0,0,0,0,0,0,0,0,0,0,0,0,0,0,0,0,0,0,0,0,0,0,0,0,7.77099678733132,4.66598808765411,3.97092445762336,6.23773755606888,5.66410173770645,0,6.06805042478773,4.32351192156474,6.17645826021256,0,19.6907429377238,0,0
0,0,0,0,0,0,0,0,0,0,0,0,0,0,0,0,0,0,0,0,0,0,0,0,0,0,0,0,0,0,0,6.41238682086651,2.87531328201294,4.16006787279819,0,3.05126703289193,3.78539922833443,4.11374134487576,3.29473524215894,0,0,0,0,0,0,0,0,5.1055061433438,0,0,0,0,0,0,0,0,0,0,0,0,0,0,0,0,0,0,0,0,0,0,0,0,0,0,0,0,4.68541390438602,4.20341544480818,7.54390872849358,5.22114743007703,0,4.06783284597537,4.48094990099077,0,0,0,0
0,0,0,32.2868457794189,0,0,0,0,0,0,0,3.30709299304132,0,0,0,0,0,0,70.4552097320557,4.84282116523755,0,0,0,0,0,0,0,0,0,0,0,4.55519488203325,3.60250107447306,3.73885792069965,3.05126703289193,0,3.88421234946616,5.38975987194025,7.58280184325271,35.2197346687317,0,53.5226186116536,0,0,0,15.7756788478178,25.7452602386475,5.13029849877832,22.5639362335205,9.27851112683614,0,0,0,0,0,0,48.4528408050537,20.6227974158067,0,0,0,0,4.29129038038033,0,0,0,0,0,0,0,0,0,0,0,9.16036777935456,4.99077980829322,4.33854369785298,0,6.59360172179321,4.1058128550204,9.80703183682054,4.64269590377808,5.13927160003714,4.94898069467185,12.1952278952681,0,0
0,0,30.9989795684814,29.195689201355,11.9631807804108,0,0,0,0,0,4.92885951448285,0,0,0,0,0,60.7215449015299,0,60.2874829218938,0,4.46181909125449,0,0,0,0,0,0,0,0,0,0,3.67545284611591,3.50347351271009,0,3.78539922833443,3.88421234946616,0,4.26893197406422,5.98232731379523,0,18.003316418878,0,35.9477161831326,0,33.0505027770996,0,30.7446796674255,7.52058736717,21.1314899339451,11.8237800598145,19.1475465774536,0,3.27980482578278,0,0,0,6.58983727838054,49.5347442626953,0,0,0,0,0,9.49016530974573,0,0,0,0,0,0,0,0,0,0,3.06066071987152,4.85579371737521,0,6.60953472634039,7.99706905920875,6.21115934744944,0,9.99844326993593,4.7240658477259,4.87798462279855,15.9653564494426,0,35.1820996602376
0,0,0,75.9274520874023,0,0,0,0,0,7.53885247376854,0,4.35718018751878,0,0,0,0,0,0,51.0429515838623,5.61686052175669,0,5.23633033923119,4.81250038743019,5.7453005682481,0,0,0,0,0,2.8809449672699,0,0,0,3.83790391661255,4.11374134487576,5.38975987194025,4.26893197406422,0,3.716482913115,46.2517311096191,0,26.6751554956976,32.5841283630906,0,0,14.3538481507983,49.3016090393066,5.71814228131853,35.251275062561,3.63508343696594,0,0,0,0,0,8.603553999302,0,8.27542355325487,0,0,0,0,8.80965930581093,0,15.1100966892605,6.46997833251953,8.61173864591931,0,0,0,0,0,0,0,0,0,5.15066900068644,0,8.80787370246901,0,5.3870134181975,4.5308548275751,6.26492754142787,3.9743936475118,9.22730531273307,36.7879981994629,0
15.2279603377632,0,26.8228003853246,0,0,0,0,0,7.89355355622817,0,4.95867616049449,0,0,0,0,0,0,76.7017822265625,48.7794085911342,0,6.42753051067221,0,7.34306110044185,0,5.21560230229628,0,0,0,2.99388098716736,0,3.07351217477218,0,0,3.30568494647741,3.29473524215894,7.58280184325271,5.98232731379523,3.716482913115,0,0,0,83.7770690917969,24.4709660790183,54.664794921875,0,0,30.5020847320557,5.56081039046745,5.19704191149225,0,38.9635696411133,0,0,0,10.6655753181222,0,16.9619501239246,0,32.8178062438965,0,0,0,0,10.542829210108,0,9.88139637333813,0,7.2540749262457,0,16.6796888775296,0,5.83794741711374,0,3.74058413939043,0,0,0,4.62761922186994,9.50835770534145,10.6546930048693,5.05843170483907,6.13047418560931,6.35581010011639,4.84692778370597,10.3954183926801,0,10.1654092597961
0,0,47.6143798828125,39.9896382831392,0,0,0,0,0,0,0,0,0,0,0,0,66.9241207707537,68.6178316388811,39.8994634054678,0,0,0,0,0,0,0,0,0,0,0,0,0,0,0,0,35.2197346687317,0,46.2517311096191,0,0,52.0363422393799,19.6012527214973,37.209367740986,25.2627546776851,71.2740097045898,16.2524402622522,63.0258679473609,32.2775801783023,60.0055274963379,8.99383198662614,0,50.2493782043457,0,0,0,0,80.2826858520508,48.0280137062073,0,0,0,0,9.81941257010807,86.0468795776367,71.5641174316406,0,54.4923782348633,0,0,0,0,0,49.3017171223958,77.3214340209961,0,0,0,0,35.581214464247,85.5692730723201,48.7028734197422,92.4853296279907,36.2280107382853,34.762035369873,15.4130697676297,23.735209236723,68.0287418365479
0,0,36.4406373160226,0,47.4810590744019,0,0,0,0,0,0,0,0,0,0,0,58.982968175134,68.6819061279297,43.4906439849728,0,58.1563262939453,0,0,0,0,0,0,0,0,0,0,13.499870201637,0,0,0,0,18.003316418878,0,0,52.0363422393799,0,55.5291448831558,21.9325648231406,0,26.2390115356445,28.0112785611834,18.2218524061126,4.94794146152798,5.4045660650484,19.5984001159668,46.2906769462254,0,0,0,0,0,41.4562695026398,0,0,0,0,0,0,15.7327516218511,0,0,0,52.2644081115723,0,0,0,0,66.16162109375,23.8997843482278,0,6.6381157875061,0,0,90.1879825592041,9.99636831871739,0,18.1234731674194,37.6398035767791,33.3474838950417,14.6038794180795,52.6040407816569,20.2176294196142
66.3433303833008,13.2405624263141,0,23.4829553178519,0,37.251993560791,0,0,0,19.29580263658,0,0,0,0,0,0,52.6282257503933,55.9233058460972,21.2913521541228,0,0,0,0,0,0,0,0,0,0,0,0,0,0,21.3731829325358,0,53.5226186116536,0,26.6751554956976,83.7770690917969,19.6012527214973,55.5291448831558,0,11.1734392386509,14.9116536793788,46.6862831115723,19.1481313000206,53.237396325638,15.300434629894,33.7728071212769,15.4418847461338,0,36.2791705464208,0,0,0,0,59.1900810241699,19.0986976492895,0,0,0,0,17.0398037895482,67.3960978190104,52.634239543568,0,36.3381838480632,0,0,0,0,0,16.7592137813568,0,0,0,0,0,27.6358962760412,68.7741701530688,43.6258205102415,55.6705490112305,18.7648688115798,36.2881204431707,14.4895940764311,15.068809997516,46.9070168545372
38.71669619424,0,28.4427103125132,33.6318702697754,39.3259746006557,0,0,0,9.62378236225673,0,0,0,0,0,0,0,42.1647192059141,57.5760641479492,25.756641019864,0,31.35478918893,0,54.3890609741211,40.3673400878906,35.2331632614136,0,0,0,0,0,0,0,0,25.2760437236113,0,0,35.9477161831326,32.5841283630906,24.4709660790183,37.209367740986,21.9325648231406,11.1734392386509,0,29.4049453735352,11.9435058061893,34.2068533216204,17.7187784507439,20.5946108137296,15.8176260907371,24.214366418344,45.9435754315606,0,0,0,36.4419708251953,0,18.6880871682709,0,30.07892481486,0,0,0,0,25.9419472189974,55.614094543457,50.1414550434459,43.5313051663912,36.3199736186436,0,33.9473371505737,0,19.1310043334961,0,14.581259691096,0,0,0,0,67.9644610995338,22.99745910021,65.9098176956177,33.6572078846871,21.0241263030646,30.4086390464537,16.4357380554961,20.0882787250337,12.3648869753057
0,0,0,0,0,0,0,0,0,0,0,0,0,0,0,0,55.4082679748535,52.4703845977783,20.3207558800903,0,0,0,0,0,0,0,0,0,0,0,0,0,0,0,0,0,0,0,54.664794921875,25.2627546776851,0,14.9116536793788,29.4049453735352,0,0,16.6548263761732,49.990122113909,23.9438959757487,0,13.456644821167,0,0,0,0,0,0,43.3206367492676,18.0190647670201,0,0,0,0,0,54.9336700439453,0,0,51.3279228210449,0,0,0,0,0,18.5051147460937,0,0,0,0,0,30.1696906977402,60.0705795288086,27.5121598561605,52.5669403076172,15.5690990166231,0,20.5838107640453,16.6890379371065,37.1140056610107
0,0,0,0,0,0,0,0,0,0,0,0,0,0,0,0,47.6930389404297,54.8160648345947,23.1390739480654,0,29.3634757995605,0,0,0,0,0,0,0,0,0,0,0,0,0,0,0,33.0505027770996,0,0,71.2740097045898,26.2390115356445,46.6862831115723,11.9435058061893,0,0,0,18.1944606847102,0,27.5523376464844,0,0,0,0,0,0,0,34.5575180053711,0,0,0,0,0,0,26.3341300551956,0,0,0,0,0,0,0,0,0,0,0,0,0,0,79.2185363769531,27.5519816180852,0,33.8711456298828,9.79043616446774,0,10.0762430285585,0,21.1399515469869
0,0,0,28.4576187133789,40.7089309692383,0,0,0,0,0,0,16.0211759294782,0,0,0,0,57.7650573730469,55.106237411499,31.9931203297206,13.4568862500398,0,0,0,0,0,0,0,0,0,0,0,0,0,0,0,15.7756788478178,0,14.3538481507983,0,16.2524402622522,28.0112785611834,19.1481313000206,34.2068533216204,16.6548263761732,0,0,27.7264084926871,36.5171421051025,23.8910776774089,20.8892095497063,46.7428817749023,0,0,0,0,0,43.8798891703288,24.1001021067301,0,0,0,0,6.82275428660039,73.3047866821289,0,0,0,0,0,0,0,0,17.2201614379883,0,0,0,0,0,21.930224633725,44.0721233685811,20.0389050600526,67.1657104492188,23.7505047476137,19.8612359364827,14.3769922596429,22.813585842357,0
0,37.1910146077474,33.3606028305857,68.4477081298828,0,0,0,0,0,0,37.5593338012695,0,0,0,0,0,52.9711529490459,64.214716152269,37.8548240497194,0,22.514475069548,0,0,0,0,0,0,0,0,0,0,0,0,0,0,25.7452602386475,30.7446796674255,49.3016090393066,30.5020847320557,63.0258679473609,18.2218524061126,53.237396325638,17.7187784507439,49.990122113909,18.1944606847102,27.7264084926871,0,38.6014054616292,26.0215147995367,26.7786910533905,42.5859768125746,0,0,0,0,0,34.6099311196527,0,35.4884376525879,0,0,0,89.5943374633789,13.6301189947187,78.2719116210938,0,61.7792015075684,0,0,0,0,0,0,42.3917631308238,0,0,0,0,79.5234170096261,21.3396530811756,66.9644874572754,25.4705841047074,35.1856571300864,31.4976938883464,19.6420965432645,50.0824871063232,37.5656344918644
0,0,0,38.3259718153212,0,58.7907066345215,0,0,0,0,0,0,0,0,0,0,0,0,44.4283776283264,0,0,0,41.8945223490397,18.2341532177395,25.6903723666542,0,0,0,0,0,0,5.53758336504174,3.87733279425522,5.22520608954258,5.1055061433438,5.13029849877832,7.52058736717,5.71814228131853,5.56081039046745,32.2775801783023,4.94794146152798,15.300434629894,20.5946108137296,23.9438959757487,0,36.5171421051025,38.6014054616292,0,7.2250270295194,5.63913364027346,0,0,0,0,25.2531198354868,0,45.3172016143799,57.5150400797526,0,0,0,0,20.2404937744141,0,30.9274802889143,39.957410700181,17.7381851745374,26.0422247066054,0,27.266516049703,0,0,51.994800567627,0,6.0410081264192,4.07336574957229,5.08479195901717,5.67358275366501,8.78552025337457,7.8288669038251,31.1965156612974,19.2988439968654,9.24912618810527,0,14.4206267744416,14.5413861274719,48.7504205703735
8.23083780362056,0,13.4409873330748,39.0025075276693,43.4050369262695,0,0,0,9.37354310353597,0,0,0,0,0,0,0,37.1948027610779,0,13.8621548886569,0,0,0,20.5102183886937,0,5.85925413110728,0,0,0,0,0,0,8.74182178974152,4.1610661149025,11.4848717621395,0,22.5639362335205,21.1314899339451,35.251275062561,5.19704191149225,60.0055274963379,5.4045660650484,33.7728071212769,15.8176260907371,0,27.5523376464844,23.8910776774089,26.0215147995367,7.2250270295194,0,9.77794101238251,32.6669320558247,0,0,0,12.2627939283848,0,30.1288890035529,0,3.1256293296814,0,9.42521770795186,0,0,50.8429267883301,0,20.3140117301736,0,8.78254880932714,0,8.78817582130432,0,7.46983404954274,0,11.020239466115,0,3.45207912581308,0,0,59.49609375,7.64218559238792,64.3661956787109,4.85447264816988,9.68054062730811,26.8076539039612,11.691330041479,0,15.2978363037109
0,7.18908592592925,0,4.70549314313655,0,19.2751779556274,0,0,0,7.44602135249547,0,0,0,0,0,0,0,67.6444702148438,29.9472353723314,0,0,5.08637453774986,0,2.93801331520081,0,0,0,0,0,0,0,0,0,5.48500370979309,0,9.27851112683614,11.8237800598145,3.63508343696594,0,8.99383198662614,19.5984001159668,15.4418847461338,24.214366418344,13.456644821167,0,20.8892095497063,26.7786910533905,5.63913364027346,9.77794101238251,0,0,29.6609048843384,0,0,0,5.90930557250977,0,15.845484495163,0,0,0,0,25.1211706797282,0,5.43217881226245,0,3.31885486841202,0,0,0,0,0,21.1940383911133,0,0,0,4.05416090257706,0,13.0397039047337,82.9441604614258,62.1931686401367,0,19.6960062759602,0,11.1241630510991,14.4466105432653,0
15.41064453125,0,9.04682435358272,0,9.49668347835541,0,12.275200843811,0,0,0,0,0,0,0,0,0,0,0,0,0,16.0444244384766,0,0,0,0,0,0,0,0,0,0,0,0,0,0,0,19.1475465774536,0,38.9635696411133,0,46.2906769462254,0,45.9435754315606,0,0,46.7428817749023,42.5859768125746,0,32.6669320558247,0,0,0,3.19689091046651,0,0,0,7.80076320697126,0,4.17228895542668,0,2.74579870700836,0,0,20.5605731822075,0,0,0,0,0,0,0,0,0,36.5558223724365,0,0,0,0,0,37.4261744463885,0,45.6768520900181,24.3945350646973,35.4721240997314,14.7025964137252,0,33.142209370931
0,10.8753547668457,0,6.46092175381545,0,3.2864311815843,0,3.82567027012507,0,9.32468385696411,0,0,0,0,0,2.73831832408905,0,0,40.1359882354736,0,0,0,0,0,0,0,0,0,0,0,0,0,0,0,0,0,0,0,0,50.2493782043457,0,36.2791705464208,0,0,0,0,0,0,0,29.6609048843384,0,0,0,3.84164673089981,0,3.11038858525074,0,6.95596632251033,0,3.58958642929792,0,3.60343481177714,0,0,0,0,0,0,0,0,0,0,0,0,0,0,0,0,50.6085472106934,0,0,0,9.73490347312047,0,33.6449347786281,30.8743124008179,0
0,0,0,0,0,0,3.12738544940949,0,0,0,0,0,4.28625472386678,0,0,0,0,0,0,0,0,0,0,0,0,0,0,0,0,0,0,0,0,0,0,0,3.27980482578278,0,0,0,0,0,0,0,0,0,0,0,0,0,3.19689091046651,0,0,0,0,0,4.10533239160265,0,5.27364420890808,0,0,0,0,0,0,0,0,0,0,0,0,0,0,0,0,0,0,0,0,0,0,0,2.79599159955978,0,0,0,0
0,0,0,0,0,3.1530601978302,0,3.39502389420497,0,0,0,2.88457632064819,0,0,0,0,0,0,0,0,0,0,0,0,0,0,0,0,0,0,0,0,0,0,0,0,0,0,0,0,0,0,0,0,0,0,0,0,0,0,0,3.84164673089981,0,0,0,0,0,4.81496357917786,0,0,0,0,0,0,0,0,0,0,0,0,0,0,0,0,0,0,0,0,0,0,0,0,0,0,0,0,0
4.53824307571104,0,6.91638014282005,0,0,0,0,0,5.75917622887018,0,0,0,0,0,4.98861205136334,0,0,0,0,0,0,0,27.957540512085,0,6.0005014920846,0,0,0,0,0,0,0,0,0,0,0,0,0,10.6655753181222,0,0,0,36.4419708251953,0,0,0,0,25.2531198354868,12.2627939283848,0,0,0,0,0,0,0,0,0,0,0,5.12047599840768,0,0,0,0,25.4371938705444,0,5.27037365767207,0,14.3052419934954,0,0,0,0,0,0,0,0,0,0,0,9.8174296289968,7.81298410915544,0,9.64551611368522,0,0
0,3.85105297912295,0,0,0,4.30538259914943,0,0,0,4.90001737090076,0,0,0,0,0,3.37302334778974,0,0,0,0,0,0,0,6.74707941439167,0,0,0,0,0,0,0,0,0,0,0,0,0,8.603553999302,0,0,0,0,0,0,0,0,0,0,0,5.90930557250977,0,3.11038858525074,0,0,0,0,0,0,0,0,0,3.58337545394897,0,0,0,0,5.73527605795279,0,0,0,0,0,0,0,0,0,0,0,0,0,9.15717168669626,0,8.90897269919515,0,10.7508557885885,0,0
40.4420585632324,0,24.3753557766185,0,23.5449363708496,0,25.2320511761834,0,0,0,8.59198739268818,0,6.64988118669261,0,0,0,62.3013432820638,72.572790145874,38.9122409349606,0,8.90345093594041,0,0,0,0,0,0,0,0,0,0,0,0,0,0,48.4528408050537,6.58983727838054,0,16.9619501239246,80.2826858520508,41.4562695026398,59.1900810241699,18.6880871682709,43.3206367492676,34.5575180053711,43.8798891703288,34.6099311196527,45.3172016143799,30.1288890035529,0,7.80076320697126,0,4.10533239160265,0,0,0,0,0,4.86283674655757,0,6.94243016839027,0,0,14.7481999469353,0,0,0,0,0,0,0,5.3858201317868,91.6327743530273,13.2003459141098,0,0,0,0,75.363673210144,36.1854397151572,0,33.3342193418474,17.1066543342155,6.13735961914062,17.9757286383629,0,17.5968851904267
0,0,0,24.5585836930708,0,3.27054816484451,0,3.81084410330561,0,0,0,5.87028617828604,0,3.05036513867049,0,0,0,0,22.6663762895685,0,0,0,0,0,0,0,0,3.43837341768988,0,3.72959769855846,0,0,0,0,0,20.6227974158067,49.5347442626953,8.27542355325487,0,48.0280137062073,0,19.0986976492895,0,18.0190647670201,0,24.1001021067301,0,57.5150400797526,0,15.845484495163,0,6.95596632251033,0,4.81496357917786,0,0,0,0,0,2.95487546920776,0,0,4.05019619237238,77.7856903076172,0,0,94.0488510131836,0,0,0,14.3598308563232,0,5.88630500101063,0,0,0,0,0,47.6952043260847,0,11.1834438764132,102.975135803223,23.3265647571914,0,10.5760555443698,16.082744511691,0
0,0,6.44885449713849,0,3.13107408176769,0,4.34433117856834,0,0,0,3.34611817708252,0,4.19675050290783,0,2.94889402389526,0,0,0,33.817310333252,0,0,0,0,0,0,0,0,0,3.15664291381836,0,0,0,0,0,0,0,0,0,32.8178062438965,0,0,0,30.07892481486,0,0,0,35.4884376525879,0,3.1256293296814,0,4.17228895542668,0,5.27364420890808,0,0,0,4.86283674655757,0,0,0,3.98181706474673,0,0,31.5749912261963,0,0,0,0,0,0,0,0,0,0,0,0,0,0,0,43.7108848571777,0,37.0485916137695,4.04445659347445,6.31556864994675,15.6832080110908,0,0
0,0,0,0,0,0,0,0,0,0,0,3.36553018887838,0,4.68201868754088,0,4.22497177124023,0,0,0,0,0,0,0,0,0,6.30065751075745,0,6.52802305892833,0,0,0,0,0,0,0,0,0,0,0,0,0,0,0,0,0,0,0,0,0,0,0,3.58958642929792,0,0,0,0,0,2.95487546920776,0,0,0,3.96690944108096,0,0,0,0,0,0,0,0,0,0,0,0,0,0,0,0,0,0,0,0,3.43665688296398,0,0,0,0
3.13622619888999,0,7.82167196273804,0,2.86044609546661,0,0,0,4.99494328706161,0,0,0,2.74233150482178,0,4.03065973482792,0,0,0,0,0,0,0,0,0,0,0,0,0,0,0,0,0,0,0,0,0,0,0,0,0,0,0,0,0,0,0,0,0,9.42521770795186,0,2.74579870700836,0,0,0,5.12047599840768,0,6.94243016839027,0,3.98181706474673,0,0,0,0,0,0,0,0,4.19181227684021,0,3.24670412805345,0,15.6087918281555,0,15.8966557979584,0,0,0,0,0,0,0,0,4.11870546643696,3.71861011331732,15.0588131632124,0,0
0,0,0,2.73956974347432,0,0,0,0,0,0,0,0,0,3.33386980665141,0,4.18920698326625,0,0,0,0,0,0,0,0,0,0,0,5.14851999282837,0,0,0,0,0,0,0,0,0,0,0,0,0,0,0,0,0,0,0,0,0,0,0,3.60343481177714,0,0,0,3.58337545394897,0,0,0,3.96690944108096,0,0,0,0,0,0,0,0,0,0,0,0,0,0,0,0,0,0,0,0,0,0,3.27658834824195,0,0,0,0
0,0,0,19.7522930569119,0,0,0,0,0,0,0,4.51578443602097,0,0,0,0,0,0,21.3241542469371,3.53712318996276,0,0,0,0,0,0,0,0,0,0,0,0,0,0,0,4.29129038038033,0,8.80965930581093,0,9.81941257010807,0,17.0398037895482,0,0,0,6.82275428660039,89.5943374633789,20.2404937744141,0,25.1211706797282,0,0,0,0,0,0,0,4.05019619237238,0,0,0,0,0,0,0,0,0,0,0,0,0,0,0,0,0,0,0,0,8.4004461921929,0,18.8377575980884,90.2751007080078,19.2309197538039,0,11.2129423745556,15.2778511047363,0
0,0,35.0075774081918,0,21.7827854156494,0,0,0,0,0,10.8501328464065,0,0,0,0,0,62.5684124384171,72.5009814814517,47.2653079476155,0,8.45109004817692,0,0,0,0,0,0,0,0,0,0,0,0,0,0,0,9.49016530974573,0,10.542829210108,86.0468795776367,15.7327516218511,67.3960978190104,25.9419472189974,54.9336700439453,26.3341300551956,73.3047866821289,13.6301189947187,0,50.8429267883301,0,20.5605731822075,0,0,0,0,0,14.7481999469353,77.7856903076172,31.5749912261963,0,0,0,0,0,0,0,0,0,0,0,0,0,0,32.9597759999727,0,0,0,0,88.6132771418645,16.2394569255594,92.5899887084961,16.0061007521126,19.709163627191,40.2779308319092,20.2388274298402,65.9550685882568,33.0108042657375
0,0,0,0,0,0,0,0,0,0,0,0,0,0,0,0,0,5.60992280415126,0,0,0,5.66229516332065,3.43954332669576,8.08868542073787,0,3.70561937217055,0,3.55237012863159,0,0,0,0,0,0,0,0,0,15.1100966892605,0,71.5641174316406,0,52.634239543568,55.614094543457,0,0,0,78.2719116210938,30.9274802889143,0,5.43217881226245,0,0,0,0,0,0,0,0,0,0,0,0,0,0,0,0,7.67699948271273,0,0,0,2.81567687988281,0,0,0,0,0,0,0,0,0,8.92653955319884,0,14.5636650199321,11.4207474440336,37.366367156689,0,0
0,0,0,0,0,0,0,0,0,0,0,0,0,0,0,0,0,0,0,0,0,6.64162416117532,4.78030405537524,0,10.8877425946687,0,0,0,3.16644847393036,0,0,0,0,0,0,0,0,6.46997833251953,9.88139637333813,0,0,0,50.1414550434459,0,0,0,0,39.957410700181,20.3140117301736,0,0,0,0,0,25.4371938705444,0,0,0,0,0,0,0,0,0,0,0,0,10.4134977866502,0,9.70643097288394,0,6.1147855428549,0,0,0,0,0,0,0,0,10.3650121688843,6.19528129726032,20.2118090511614,0,29.2645406490419,0,0
0,0,0,0,0,0,0,0,0,5.3624358360584,0,0,0,0,0,0,0,3.38717484474182,68.3021945953369,0,0,3.59309920462051,0,3.17583956397497,0,3.90211746606184,0,0,0,0,0,0,0,0,0,0,0,8.61173864591931,0,54.4923782348633,0,36.3381838480632,43.5313051663912,51.3279228210449,0,0,61.7792015075684,17.7381851745374,0,3.31885486841202,0,0,0,0,0,5.73527605795279,0,94.0488510131836,0,0,0,0,0,0,7.67699948271273,0,0,0,3.69171382750835,0,0,0,0,0,0,0,0,0,103.413375854492,0,6.6605306251089,0,20.665713350619,22.5034344991048,23.2591598584102,37.2670841217041,0
0,0,77.6025543212891,0,0,0,0,0,5.47488584352094,0,0,0,0,0,0,0,6.26886047335232,0,0,0,0,0,7.18573771785287,0,4.14438368838121,0,3.27284166882339,0,0,0,0,0,0,0,0,0,0,0,7.2540749262457,0,52.2644081115723,0,36.3199736186436,0,0,0,0,26.0422247066054,8.78254880932714,0,0,0,0,0,5.27037365767207,0,0,0,0,0,4.19181227684021,0,0,0,0,10.4134977866502,0,0,0,6.35994508958632,0,3.91560254096985,0,0,0,0,0,0,0,0,0,8.88972624017316,18.9775388912256,25.9477043151855,12.6670309897832,0,0
0,0,0,0,0,0,0,0,0,0,0,0,0,0,0,0,0,0,0,0,0,0,0,3.46470738084693,0,3.29558449013289,0,3.43945428133011,0,0,0,0,0,0,0,0,0,0,0,0,0,0,0,0,0,0,0,0,0,0,0,0,0,0,0,0,0,0,0,0,0,0,0,0,0,0,3.69171382750835,0,0,0,0,0,0,0,0,0,0,0,0,0,0,0,3.21110424995422,0,0,0,0
0,0,0,0,0,0,0,0,4.04913024107615,0,0,0,0,0,3.03708780728854,0,4.38183032594076,0,0,0,0,0,12.2180606430975,0,4.02032487878994,0,3.37030924450267,0,3.17316174507141,0,0,0,0,0,0,0,0,0,16.6796888775296,0,0,0,33.9473371505737,0,0,0,0,27.266516049703,8.78817582130432,0,0,0,0,0,14.3052419934954,0,0,0,0,0,3.24670412805345,0,0,0,0,9.70643097288394,0,6.35994508958632,0,0,0,2.73618459701538,0,0,0,0,0,0,0,0,0,0,24.5582751794295,0,14.9154097693307,0,0
0,0,0,0,0,0,0,0,0,0,0,0,0,0,0,0,0,0,0,0,0,2.89064604043961,0,0,0,0,0,3.71754906534488,0,12.2884518078395,0,0,0,0,0,0,0,0,0,0,0,0,0,0,0,0,0,0,0,0,0,0,0,0,0,0,0,14.3598308563232,0,0,0,0,0,0,2.81567687988281,0,0,0,0,0,0,0,12.6218434122508,0,0,0,0,0,0,0,4.81132810842906,0,3.0558734536171,0,0,0,0
0,0,0,0,0,0,0,0,0,0,3.72691159437198,0,0,0,0,0,4.24160893758138,0,0,0,0,0,9.18060522219714,0,0,0,3.74324594844471,0,4.32536779597011,0,3.40293417579249,0,0,0,0,0,0,0,5.83794741711374,0,0,0,19.1310043334961,0,0,0,0,0,7.46983404954274,0,0,0,0,0,0,0,5.3858201317868,0,0,0,15.6087918281555,0,0,0,0,6.1147855428549,0,3.91560254096985,0,2.73618459701538,0,0,0,4.21041413615732,0,0,0,0,0,0,0,4.43732009983063,4.05676450761054,3.06256055831909,10.1238555541405,0,0
0,0,0,26.4505302429199,0,38.2908058166504,0,0,0,0,0,4.12007464603944,0,0,0,0,0,0,23.8995711586692,0,0,0,0,0,0,0,0,4.39136710023521,0,4.59684406469517,0,0,0,0,0,0,0,0,0,49.3017171223958,66.16162109375,16.7592137813568,0,18.5051147460937,0,17.2201614379883,0,51.994800567627,0,21.1940383911133,0,0,0,0,0,0,91.6327743530273,5.88630500101063,0,0,0,0,0,0,0,0,0,0,0,0,12.6218434122508,0,0,0,0,0,0,0,39.7281589508057,0,9.29996764805006,0,38.1886494500296,0,18.8047979528254,19.9166015625,0
0,0,26.0930692127773,0,0,0,0,0,0,0,3.5127296977573,0,0,0,0,0,77.7407430013021,61.8323974609375,41.8085919062297,0,0,0,0,0,0,0,0,0,4.11032210750344,0,3.79054955563247,0,0,0,0,0,0,0,3.74058413939043,77.3214340209961,23.8997843482278,0,14.581259691096,0,0,0,42.3917631308238,0,11.020239466115,0,36.5558223724365,0,0,0,0,0,13.2003459141098,0,0,0,15.8966557979584,0,0,32.9597759999727,0,0,0,0,0,0,0,4.21041413615732,0,0,0,0,0,0,56.2125129699707,34.309644187369,0,4.28231439117558,15.2713890454673,5.79870167645541,12.1389871533488,0,18.2641680695628
0,0,0,0,0,0,0,0,0,0,0,0,0,0,0,0,0,0,0,0,0,0,0,0,0,0,0,0,0,0,0,7.43189749071154,5.26188222885132,7.77099678733132,0,9.16036777935456,3.06066071987152,0,0,0,0,0,0,0,0,0,0,6.0410081264192,0,0,0,0,0,0,0,0,0,0,0,0,0,0,0,0,0,0,0,0,0,0,0,0,0,0,0,8.7706184387207,5.36365743939366,0,8.33272127001505,0,0,0,5.1280647667361,0,0,0,0
0,0,0,0,0,0,0,0,0,0,0,0,0,0,0,0,0,0,0,0,0,0,0,0,0,0,0,0,0,0,0,4.55011147251338,4.25487942417848,4.66598808765411,0,4.99077980829322,4.85579371737521,0,0,0,6.6381157875061,0,0,0,0,0,0,4.07336574957229,3.45207912581308,0,0,0,0,0,0,0,0,0,0,0,0,0,0,0,0,0,0,0,0,0,0,0,0,0,8.7706184387207,0,0,4.0276276005639,0,8.82513171416864,0,0,4.73525163531303,0,0,0,0
0,0,0,0,0,0,0,0,0,0,0,0,0,0,0,0,0,0,0,0,0,0,0,0,0,0,0,0,0,0,0,5.71798116986345,0,3.97092445762336,4.68541390438602,4.33854369785298,0,5.15066900068644,0,0,0,0,0,0,0,0,0,5.08479195901717,0,4.05416090257706,0,0,0,0,0,0,0,0,0,0,0,0,0,0,0,0,0,0,0,0,0,0,0,0,5.36365743939366,0,0,7.23947752400448,3.83571218561243,0,4.58931770120546,0,6.31437637525446,0,0,0,0
0,0,0,0,0,0,0,0,0,0,0,0,0,0,0,0,0,0,0,0,0,0,0,0,0,0,0,0,0,0,0,4.85203123092651,4.01301622390747,6.23773755606888,4.20341544480818,0,6.60953472634039,0,4.62761922186994,0,0,0,0,0,0,0,0,5.67358275366501,0,0,0,0,0,0,0,0,0,0,0,0,0,0,0,0,0,0,0,0,0,0,0,0,0,0,0,4.0276276005639,7.23947752400448,0,0,6.7924988511291,0,5.26673685886408,4.9796590421881,0,0,0,0
0,31.5434036254883,38.4022598266602,39.2982665697734,0,0,0,0,0,0,0,5.88957918634509,0,0,0,0,69.3218381287622,71.0194848565494,45.1143938641307,8.73509898089399,0,0,0,0,0,0,0,0,0,0,0,5.60118957660816,0,5.66410173770645,7.54390872849358,6.59360172179321,7.99706905920875,8.80787370246901,9.50835770534145,35.581214464247,90.1879825592041,27.6358962760412,67.9644610995338,30.1696906977402,79.2185363769531,21.930224633725,79.5234170096261,8.78552025337457,59.49609375,13.0397039047337,0,50.6085472106934,0,0,0,0,75.363673210144,47.6952043260847,0,0,0,0,8.4004461921929,88.6132771418645,0,0,103.413375854492,0,0,0,0,0,39.7281589508057,56.2125129699707,8.33272127001505,0,3.83571218561243,0,0,82.0721848952143,9.70994562916824,92.0044441223145,16.6085097661249,5.01537920236588,26.8277065363861,27.8910387763142,63.8791736602783
0,0,37.397341019068,33.0107555389404,41.4987487792969,0,0,0,0,0,8.41068269033483,0,0,0,0,0,61.8780072575362,72.1209046269806,47.8585882243014,0,12.1378721770399,0,0,0,0,0,0,0,0,0,0,4.96366851532151,5.8104522673729,0,5.22114743007703,4.1058128550204,6.21115934744944,0,10.6546930048693,85.5692730723201,9.99636831871739,68.7741701530688,22.99745910021,60.0705795288086,27.5519816180852,44.0721233685811,21.3396530811756,7.8288669038251,7.64218559238792,82.9441604614258,37.4261744463885,0,0,0,0,0,36.1854397151572,0,43.7108848571777,0,0,0,0,16.2394569255594,0,0,0,0,0,0,0,0,0,34.309644187369,0,8.82513171416864,0,6.7924988511291,82.0721848952143,0,93.351323445638,9.87230507258711,13.2158291670953,8.71757339783085,19.7486287241424,74.8245913187663,25.2053259587896
0,0,0,36.7757848103841,0,0,0,0,0,8.90714506162724,0,7.42840575335319,0,0,0,0,67.1277046203613,70.8845876057943,38.0058561166128,20.5521114847877,0,8.3210149901336,9.66790351000699,6.24384950758588,0,0,0,3.99436670800914,0,9.62152884413848,0,0,0,6.06805042478773,0,9.80703183682054,0,5.3870134181975,5.05843170483907,48.7028734197422,0,43.6258205102415,65.9098176956177,27.5121598561605,0,20.0389050600526,66.9644874572754,31.1965156612974,64.3661956787109,62.1931686401367,0,0,0,0,0,9.15717168669626,0,11.1834438764132,0,0,0,0,18.8377575980884,92.5899887084961,8.92653955319884,10.3650121688843,6.6605306251089,0,0,0,4.81132810842906,0,9.29996764805006,0,0,0,4.58931770120546,0,9.70994562916824,93.351323445638,0,0,9.24713775901965,7.58835916519165,21.5021097468347,33.9807247161865,0
