0,0,0.0101119346572998,0,0,0,0,0,0.0106648248890427,0,0,0,0,0,0,0,0.000120606344702631,3.32758437874216e-05,0.0077527223869001,0,0,0,0,0,0,0,0,0,0,0,0,0,0,0,0,0,1.00589643224923e-05,0,0,0,0.00110855377219594,0,0.0041798492973846,0,0,0,0,0,0.0016575587118991,0,0,0,0,0,0.037494771014312,0,0,0,0,0,0.000174152526451726,0,0.000173295342636701,0,0,0,0,0,0,0,0,0,0,5.86792776531867e-05,0,0,0,0,2.44223041555909e-05,0.000342138477777875,0,2.50126789684921e-05,0.000168494067204803,0,0.00484836635170414,0,0.000370847196019843
0,0,0,0.00600621489463057,0,0,0,0,0,0.00847912138584844,0,0,0,0,0,0,5.79078135690843e-05,6.6598368484279e-05,0.00310893464319697,0,0,0,0,0,0,0,0,0,0,0,0,0,0,0,0,0,1.94086927368974e-06,0,0,0,0,0.00121503380731591,0,0,0,0,0,0,0,0.00750545511953049,0,0,0,0,0,0.0370831544544803,0,0,0,4.40843420694901e-05,0,0.000291187582715947,0,1.14079433304196e-05,0,0,0,0,0,0,0,0,0,0,0,0,0,0,9.20111162304492e-05,2.80087414578095e-05,0,0,0.000241066650646326,8.50357051239057e-06,0.00219008665262806,0,0
0.0101119346572998,0,0,0.000261231171406424,0.0216162199474952,0,0,0,0.0303940974299403,0,0,0,0,0,0,0,0,0,0.000352294035631403,0,3.86159552300978e-05,0,0,0,0,0,0,0,0,0,0,0,0,0,0,0,2.09855103142249e-05,0,0,0,0.00251585184473287,0.000477247216120136,0.0069839850767154,0,0,0,9.96856164850153e-05,0.00112128254282142,0.0165044967816469,8.96285409373611e-05,0.0141416549135273,0.000387438661290756,0,0,0.0157679147738106,0,0.00335167957355567,8.60279155934286e-05,0.000886978604684964,0,0,0,0,0.000776626110808414,0,0,0,0,0,0,0,0.000148275954287031,5.96838252803766e-05,0.0129703587959095,0,0,0,0,3.639298673681e-06,0.000393600590997714,0,0.000154695690781698,0.000624253774156851,2.31479755604923e-06,0.0140800765567881,0,0.0102199594737912
0,0.00600621489463057,0.000261231171406424,0,0,0.00821323939272034,0,0,0,0.0176332008416137,0,2.50195089725323e-05,0,0,0,0,3.25607409471592e-06,0,0.000233840985754119,0,0,0,0,0,0,0,0,0,0,0,0,0,0,0,0,6.20806723344917e-05,0,0,0,0.00102744120046877,0,0.00552149407831229,0.000361320902023485,0,0,0.000785516057030207,0,0,0,0.0149640208016143,0,0.012872222295167,0,0,0,0.0128348531515658,1.71322617678325e-05,0.0011156356292926,0,0.000230322340316891,0,0.0131358454381438,0.000831730122543014,0,0,0,0,0,0,0,5.03665145214628e-05,0,0.0014978693169025,0.000189715147794096,0,0,0,0,0.000353857692138532,7.62890100503771e-05,0.000155791438693348,0,0.000482743594717138,2.01655408625494e-05,0.00790731685787656,0.000811684577033246,0
0,0,0.0216162199474952,0,0,0,0,0,0.00132439245187759,0,0,0,0,0,0,0,0,0,0,0,0.00106133541374319,0,0,0,0,0,0,0,0,0,0,0,0,0,0,0,0,0,0,0,0,0,0.000225520076628146,0,0,0,0,0.00019521320179899,0.000167328865706434,0,0.0687654612239168,0,0.00245777152121429,0,0,0,0.000229319620997344,0,0.000108429884339661,0,0.000312261495675897,0,1.38834735298667e-05,3.45569480283388e-05,0,0,0,0,0,0,0,0,0,8.20272025265963e-05,0,0,0,0,0,3.95184378164691e-05,3.46250969225474e-06,0,0.000303004267923627,1.25341821066802e-05,0.000905848976380737,0,0
0,0,0,0.00821323939272034,0,0,0,0,0,0.00562780628050718,0,0,0,0,0,0.000456110408617712,0,0,0,0.00534896044728929,0,0,0,0,0,0,0,0,0,0,0,0,0,0,0,8.56866214520947e-05,0,0,0,0.000210962375918906,0,0.000553185802028127,0,0,0,0.000176456138521702,0,0,0,0.000907706811651421,0,0.0476470514790947,0,0,0,0,0,0.000170770813583921,0,0.000192832186346184,0,0.00289026276588278,0.000253936895003649,0,0,0,0,0,0,0,0,0,0,0,0,0,0,0,5.71739305324849e-05,0,0,0,0.000641820375740517,9.01501437323171e-05,0.00300759261082274,0,0
0,0,0,0,0,0,0,0,0,0,0,0,0,0,0,0,0,0,0,0,0,0,0,0,0,0,0,0,0,0,0,0,0,0,0,0,9.54798633110297e-06,0,0,0,0,0,0,0,0,0,0,0,0,0,0.00283047964305068,0,0.0486721151105679,0,0,0,0.0100778948029807,0,0.00698444773773575,0,0,0,0,0,0,0,0,0,0,0,0,0,0,0,0,0,0,0,0,0.000176826657214702,0,0,0.000340255536320265,0,0,0,0
0,0,0,0,0,0,0,0,0,0,0,0,0,0,0,0,0,0,0,0,0,0,0,0,0,0,0,0,0,0,0,0,0,0,0,0,0,0,0,0,0,0,0,0,0,0,0,0,0,0,0,0,0,0.0344187519219118,0,0,0,0.00192708256289115,0,0,0,0,0,0,0,0,0,0,0,0,0,0,0,0,0,0,0,0,0,0,0,0,7.67397887102561e-06,0.000191729400982718,0,0,0
0.0106648248890427,0,0.0303940974299403,0,0.00132439245187759,0,0,0,0,0,0,0,0,0,0.00636676190386935,0,0,0,0,0,0,0,0,0,0.000194861416161149,0,0.000259319291217253,0,0,0,0,0,0,0,0,0,0,0,0.00268995838242723,0,0,0,0.00142125619652704,0,0,0,0,0.000400096425801372,0.00427429431444663,0,0.00720634211895224,0,0,0,0.171347010150858,0,0,0,0,0,0.000732086246332064,0,0,0,0,0,0,0.000492703788576766,0,0.000130005195387639,0,0,0,0,0,0,0,0,0,0,0,0.000545508668329496,0.0015675061918837,0.00154726660133536,0.00427172482963763,0,0
0,0.00847912138584844,0,0.0176332008416137,0,0.00562780628050718,0,0,0,0,0,0,0,0,0,0.0117053555460409,0,0,0,0,0,0,0,0.00648147504097775,0,0,0,0,0,0,0,0,0,0,0,0,0,0.00254736325205949,0,0,0,0.00052468630042628,0,0,0,1.21333083935478e-05,0,0,0,0.00033066586864926,0,0.0030910475696253,0,0,0,0.192402661771734,0,3.12236221549082e-05,0,0,0,0.00692457361448644,0,0,0,0,0.00256209891634468,0,0,0,0,0,0.000296703852551107,0,0,0,0,0,0,0,0.000258875835049108,0,0.000475917760148241,0.000564577920788629,0.00312137219473619,0,0
0,0,0,0,0,0,0,0,0,0,0,0,0.0180507828872175,0,0,0,0,0,0,0,0.0205651900921954,0,0,0,0,0,0,0,0,0,0.00554760619414458,0,0,0,0,0,0.0022331544995222,0,0.00812667796566458,0,0,0,0,0,0,0,0,0,0,0,0,0,0,0,0,0,0.114108047977145,0,0.00351681829774189,0,0,0,0,0.0130947104106492,0,0,0,0,0,0,0,9.29389643715695e-05,0,0.00241893125076937,0,0,0,0,0,0.00224578598946385,0,0.00034970906244034,0.000477674390692999,0,0.000619765927787625,0,0
0,0,0,2.50195089725323e-05,0,0,0,0,0,0,0,0,0,0.0138428472181408,0,0,0,0,4.17911530612152e-05,0.0222348697147845,0,0,0,0,0,0,0,0.00551093113326985,0,0.00364047889724837,0,0,0,0,0,0.00127371608113794,0,0.00342768216750443,0,0,0,0.000273759789589226,0,0,0,0.000241266161137741,0,0,0,0.000113892318824235,0,0.000168145738822082,0,4.32277035023786e-05,0,0,0,0.101651832799365,0,0.0147923302389781,0,0,0.0103514288766272,0,0,0,0,0,0,0,0.00196328867852328,0,0.00364998760231913,0,0,0,0,0,0.000519575135183462,1.89383572751988e-05,0.000491973023451007,0,0.0014525198101579,0.000573800324750881,0.00221257174758668,0,0
0,0,0,0,0,0,0,0,0,0,0.0180507828872175,0,0,0,0,0,0,0,0,0,0,0,0,0,0,0,0,0,0,0,0,0,0,0,0,0,0,0,0,0,0,0,0,0,0,0,0,0,0,0,0,0,0,0,0,0,0.0071082082520023,0,0.000259342832578113,0,0,0,0,0,0,0,0,0,0,0,0,0.00162917102942461,0,0,0,0,0,0,0,0,0,0,3.76385560230119e-06,0,0,0,0
0,0,0,0,0,0,0,0,0,0,0,0.0138428472181408,0,0,0,0.000823225838171397,0,0,0,0,0,0,0,0,0,0,0,0,0,0.000382863212130892,0,0,0,0,0,0,0,0,0,0,0,0,0,0,0,0,0,0,0,0,0,0,0,0.00403338368902312,0,0,0,0.0100137124324815,0,0.00721666021808525,0,0.0039847922371497,0,0,0,0,0,0,0,0,0,0,0,0,0,0,0,0,0,0,0,0,7.67112839479691e-05,0.000289908570918532,0,0,0
0,0,0,0,0,0,0,0,0.00636676190386935,0,0,0,0,0,0,0,0.000519594305143809,0,0,0,0,0,0,0,0,0,0,0,0,0,0,0,0,0,0,0,0,0,0,0,0,0,0,0,0,0,0,0,0,0,0.000231356196754537,0,0,0,0.00694408356269455,0,0,0,7.4231633970653e-05,0,0.00219189828966726,0,0,0,0,0,0,0,0,0.000335739459842443,0,0,0,0,0,0,0,0,0,0,0,0,1.80092852197029e-06,0.000283229107200468,0,0,0
0,0,0,0,0,0.000456110408617712,0,0,0,0.0117053555460409,0,0,0,0.000823225838171397,0,0,0.00043683510852886,0.00395377766032357,6.51876988622731e-05,0,0,0,0,0.00169243961750193,0,0.000237563594746488,0,0,0,0,0,0,0,0,0,0,0,0,0,0,0,0,0,0,0,0,0,0,0,0,0,0,0,0,0,0.0262221331348526,0,0,0,0,0,0.023841289629974,0,0,0,0,0,0,0,0,0,0,0,0,0,0,0,0,1.87500084705618e-06,0,0,0,0.000194285922003429,0.000151745074027377,0,0,0
0.000120606344702631,5.79078135690843e-05,0,3.25607409471592e-06,0,0,0,0,0,0,0,0,0,0,0.000519594305143809,0.00043683510852886,0,0.129616991346854,0.0465966675081008,0,0,8.00771298054931e-06,0.00456146699085243,0.000840641641567764,0,0.00105280865571407,0.00755424364233473,0,4.11946387210308e-05,0,0,0,0,0,0,3.77506592050074e-05,3.47390012846021e-05,0,0,2.40240953890667e-06,0.000120615594731876,0.000251118025289615,0.000135147459292365,0,0,0,3.75480006068231e-05,1.86478042332472e-05,0,0,0,0,0,0,0,0,0,0,0,0,0,3.27803275243883e-05,4.56696891585895e-05,2.46558680443349e-06,0,0,3.16902753203009e-05,0,2.42073866380306e-05,0,0,0,0,0,0,0,0,0,0.000464257139728781,0.000204321378423113,9.96461275762058e-06,2.55637515158302e-05,0.0358375976705887,0.00595857057745522,0.000338526019128883,0.000141629542824572,0.000274813096034034
3.32758437874216e-05,6.6598368484279e-05,0,0,0,0,0,0,0,0,0,0,0,0,0,0.00395377766032357,0.129616991346854,0,0.0474311192029511,0,0,0.000911019042167271,0.000190101844423828,0.00446348589331674,0,0.0157848217906213,0.000201583493770946,6.14123990982241e-05,0,0,0,0,0,0,0,7.91797051452603e-06,1.48166608695027e-05,0,0,0,0.000165886996892704,0.000529458147699043,0.000226090129287057,0,4.59778304965855e-05,0,4.46715807687387e-05,0,0,8.49939125351746e-06,0,0,0,0,0,0,0,2.39413806616693e-05,0,0,0,0.000652052096625899,2.18521487648816e-05,5.90688584338361e-05,7.94461075636767e-05,0,0.00100938524735807,0,0.00170375983626477,0,0,0,0,0,0,0,0,0,0.000261156933104733,0.000275951982328461,4.4604860411982e-05,0,0.0331242184226386,0.0144631808141451,0.000482955378996722,0.000128021147917184,4.57360033253302e-05
0.0077527223869001,0.00310893464319697,0.000352294035631403,0.000233840985754119,0,0,0,0,0,0,0,4.17911530612152e-05,0,0,0,6.51876988622731e-05,0.0465966675081008,0.0474311192029511,0,0,0,0,0,0.00025203147325075,0,0.000482629883048076,0.00016676194154693,0,0,0,0,0,0,0,0,0.000851971494766512,0.000657943716784991,0,0,0.00343537566161262,0.0114756738696055,0.025269318127791,0.0158248001942104,0.000517714101348163,0.00199919385307271,0.00158205004807854,0.00632652599832233,0.000285599348223223,9.27790973850808e-05,0.000411495680461611,0,0,0,0,0,0,0.000569028565036333,0.000809443740286444,0,1.45513690355576e-05,0,0,0.0024818498611787,0.0031775631439744,0,0,1.9062564956466e-05,0,0,0,2.09495953384228e-05,0,0.000678921004718814,0.00218589976634589,0,0,0,0,0.0150728925930025,0.014782225195383,0.00304193120686462,0.000445820381713425,0.00994487469243508,5.25966737340177e-05,0.0363108940483012,0.0100083150194682,0.00795340741430568
0,0,0,0,0,0.00534896044728929,0,0,0,0,0,0.0222348697147845,0,0,0,0,0,0,0,0,0,0,0,0,0,0,0,0,0,0,0,0,0,0,0,0.00647441371855347,0,0.000860606610178901,0,0.000224765204582247,0,2.66800991922591e-05,0,0,0,0,0,0,0,0.000667447811968331,0,0.00451207579283184,0,0,0,0,0,0.00317881011909906,0,0,0,0,0.0226819056850184,0,0,0,0,0,0,0,0,0,5.68545611127715e-05,9.90887641267356e-05,0,0,0,0,0.00489746484561216,0,0.000356185815800649,0,0.000374113339692874,0,0.00165200899933961,0,0
0,0,3.86159552300978e-05,0,0.00106133541374319,0,0,0,0,0,0.0205651900921954,0,0,0,0,0,0,0,0,0,0,0,0,0,0,0,0,0,0,0,0,0,0,0,0,0,0.00668869246430228,0,0.00352234481676524,0,0,0,0,0,0,0,0.000106717924696982,0,0,0,0.000569202799718189,0,0,0,0,0,0.0062837895793814,0,0,0,0,0,0,0.0560998170077142,0,0,0,0,0,0,0,0,0,7.1162433583162e-05,0,0,0,0,0,0.00755211339181886,0,3.05872712390307e-05,0.000597304448533623,0,0.00296796757143997,0,0.000599152576253259
0,0,0,0,0,0,0,0,0,0,0,0,0,0,0,0,8.00771298054931e-06,0.000911019042167271,0,0,0,0,0.00254924210481343,0.000290484268193201,0,0.0023342649260478,0,0.000646656598815532,0,0,0,0,0,0,0,0,0,0.0064190381881582,0,0,0,0,0,0,0,0,0,2.38294900913507e-05,0,0.000340899077248246,0,0,0,0,0,0,0,0,0,0,0,0,0,0,0.0649453909663153,0.000651571028858659,0.00253108891446454,0,0.00105097758692016,0,0.000267643568363571,0,0,0,0,0,0,0,0,0,0.00412307820125461,0,0.00319925539737064,0.00148484363179808,1.30820647918748e-05,0,0
0,0,0,0,0,0,0,0,0,0,0,0,0,0,0,0,0.00456146699085243,0.000190101844423828,0,0,0,0.00254924210481343,0,0,0.00144900843392311,0,0.000905898323091283,0,0.000562020505259199,0,0,0,0,0,0,0,0,0,0.00231064181319387,0,0,0,0,0,0,0,0,0,0.000115843856571721,0,0,0,0,0,0,0,0,0,0,0,0,0,0,0,1.74747844386598e-05,0.0616609731251972,0,0,0,0.000115221393113807,0,0.00168356665214429,0,0,0,0,0,0,0,0,0,0.00411812141364377,0.00294537202575013,0.000861203518687806,0,0,0
0,0,0,0,0,0,0,0,0,0.00648147504097775,0,0,0,0,0,0.00169243961750193,0.000840641641567764,0.00446348589331674,0.00025203147325075,0,0,0.000290484268193201,0,0,0,0.0100803618330726,0,0,0,0,0,0,0,4.96932433714211e-05,0,0,0,0.00149905495954083,0,0,0,0,0,0,0,0,0,0.000184963955838032,0,0.00136739251592131,0,0,0,0,0,0.0171639813013212,0,0,0,0,0,0,0,0,0.00159589866090941,0,0.0865293099708427,0,0.00312331972369947,0,0,0,0,0,0,0,9.26259405710783e-05,0,0,0,0.0020342244638073,0,0.000696438936088617,0.000103167438034113,0.00301457920481255,0,0
0,0,0,0,0,0,0,0,0.000194861416161149,0,0,0,0,0,0,0,0,0,0,0,0,0,0.00144900843392311,0,0,0,0.00140373481097579,0,0,0,0,0,0,0,0,0,0,0,0.0016069977816387,0,0,0,0,0,0,0,0,0.000293099406412805,0.000514894097236694,0,0,0,0,0,0.00359276692894334,0,0,0,0,0,0,0,0,0,0,0.00328053682673984,0,0.21335834849795,0,0.000284185226850893,0,0,0,0,0,0,0,0,0,0,0,0.00109555323722364,0.000748357325910697,0,0.000596898324933031,0,0
0,0,0,0,0,0,0,0,0,0,0,0,0,0,0,0.000237563594746488,0.00105280865571407,0.0157848217906213,0.000482629883048076,0,0,0.0023342649260478,0,0.0100803618330726,0,0,0,0.00437168532718135,0,0,0,0,0,0,0,0,0,0,0,0,0,0,0,0,0,0,0,0,0,0,0,0,0,0,0,0,0,0,0,0,0,0,0,0,0.000159955015106983,0,0.0168943124735615,0,0.000752169736036121,0,0.000207604850187976,0,0,0,0,0,0,0,0,0,0,0,0.000486442529266065,9.93968085239066e-05,0,0,0
0,0,0,0,0,0,0,0,0.000259319291217253,0,0,0,0,0,0,0,0.00755424364233473,0.000201583493770946,0.00016676194154693,0,0,0,0.000905898323091283,0,0.00140373481097579,0,0,0,0.00144525079446479,0,0,0,0,0,0,0,0,0,0,0,0,0,0,0,0,0,0,0,0,0,0,0,0,0,0,0,0,0,0,0,0,0,0,0,0,0.00120189606151532,0,0.00105715322008327,0,0.00510143476244481,0,0,0,0,0,0,0,0,0,0,0,0,0.00024523577382117,1.00008578123387e-05,0,0,0
0,0,0,0,0,0,0,0,0,0,0,0.00551093113326985,0,0,0,0,0,6.14123990982241e-05,0,0,0,0.000646656598815532,0,0,0,0.00437168532718135,0,0,0,0.0130104818409675,0,0,0,0,0,0,0,0.00100551707517629,0,0,0,0,0,0,0,0,0,0,0,0,0,0,0,0,0,0,0,7.02824108164933e-05,0,0.000161153493727615,0,0,0,0,0,0,0,0,0.000338201979717914,0,0.0157944377163228,0,0.00748347037324279,0,0,0,0,0,0,0,0,0,3.16307116091138e-05,1.6167931335076e-05,0,0,0
0,0,0,0,0,0,0,0,0,0,0,0,0,0,0,0,4.11946387210308e-05,0,0,0,0,0,0.000562020505259199,0,0,0,0.00144525079446479,0,0,0,0.00606946258709602,0,0,0,0,0,0,0,9.12578793173593e-05,0,0,0,0,0,0,0,0,0,0,0,0,0,0,0,0,0,0,0,4.05281896910985e-05,0,0,0,0,0,0,1.30951636063044e-05,0,0,0,0.00130283439676711,0,0.0171161918541342,0,0.0121093947762135,0,0,0,0,0,0,0,7.08927810020212e-05,9.14704010769459e-05,0,0,0,0
0,0,0,0,0,0,0,0,0,0,0,0.00364047889724837,0,0.000382863212130892,0,0,0,0,0,0,0,0,0,0,0,0,0,0.0130104818409675,0,0,0,0,0,0,0,0,0,0.000841405575733609,0,0,0,0,0,0,0,0,0,0,0,0,0,0,0,0,0,0,0,0.00150579588911119,0,0,0,0,0,0,0,0,0,0,0,0,0.0159118970888135,0,0.0544143052624684,0,0,0,0,0,0,0,0.000220441716124573,0,0.000170559480083923,5.66429434911697e-06,0,0,0
0,0,0,0,0,0,0,0,0,0,0.00554760619414458,0,0,0,0,0,0,0,0,0,0,0,0,0,0,0,0,0,0.00606946258709602,0,0,0,0,0,0,0,0,0,0.000767231394404641,0,0,0,0,0,0,0,0,0,0,0,0,0,0,0,0,0,0.00198328802439355,0,0,0,0,0,0,0,0,0,0,0,0,0,0,0.00053675159178694,0,0.0489840555648918,0,0,0,0,0,0,0,0.000477383431951891,0.000116013170501578,0,0,0,0
0,0,0,0,0,0,0,0,0,0,0,0,0,0,0,0,0,0,0,0,0,0,0,0,0,0,0,0,0,0,0,0,0.00673529698465514,0.000136147355944961,0,0.00259990748225343,0,0,0,0,0,0,0,0,0,0,0,0.0747044487017718,0,0.000168665586526576,0,0,0,0,0,0,0,0,0,0,0,0,0,0,0,0,0,0,0,0,0,0,0,0,0.116656938171953,0.00704015989670883,0,0,0.00579360237037585,0,0,0,0.00102495623506169,0,0.000106181044521014,0,0
0,0,0,0,0,0,0,0,0,0,0,0,0,0,0,0,0,0,0,0,0,0,0,0,0,0,0,0,0,0,0,0.00673529698465514,0,0,0.00292141494017605,0,0.00384048521585633,0,0,0,0.000321448810830798,0,0,0,0,0,0,0.0835364005968817,7.45984924344556e-05,0,0,0,0,0,0,0,0,0,0,0,0,0,0,0,0,0,0,0,0,0,0,0,0,0,0.0116264412924214,0.144191856693519,0,0.00660131264758955,0,0.0033062009749833,0,0,5.29385301816088e-05,0,0,0,0
0,0,0,0,0,0,0,0,0,0,0,0,0,0,0,0,0,0,0,0,0,0,0,4.96932433714211e-05,0,0,0,0,0,0,0,0.000136147355944961,0,0,0.0531046648480163,0.00463650064515986,0,0.00354214766068801,0,0,0,0.000435825459985566,0,0,0,0,0,0.0587115472274605,0,4.7608154372999e-05,0,0,0,0,0,0,0,0,0,0,0,0,0,0,0,0,0,0,0,0,0,0,0,0,0.00434920212393003,0,0.0831675126834774,0.0134434391627175,0.00432831287148272,0,0.000466641670789604,0,0.000613986955542544,0.000197792588361296,0.00036078075369634,0,0
0,0,0,0,0,0,0,0,0,0,0,0,0,0,0,0,0,0,0,0,0,0,0,0,0,0,0,0,0,0,0,0,0.00292141494017605,0.0531046648480163,0,0,0.00388682380312385,0.000140477789566585,0.00235688420962854,0,0,0,0.000102359210345261,0,0,0,0,0.0397208937911721,5.72026175048573e-05,0,0,0,0,0,0,0,0,0,0,0,0,0,0,0,0,0,0,0,0,0,0,0,0,0,0,0.00551743536386456,0.0365121274897162,0.119902299825957,0,0.00249443447374585,0,0.00417450634552647,0.000419164326714452,0,0,0,0
0,0,0,6.20806723344917e-05,0,8.56866214520947e-05,0,0,0,0,0,0.00127371608113794,0,0,0,0,3.77506592050074e-05,7.91797051452603e-06,0.000851971494766512,0.00647441371855347,0,0,0,0,0,0,0,0,0,0,0,0.00259990748225343,0,0.00463650064515986,0,0,0.00241558741027981,0.0140888671682615,0.000150086042176858,8.72121276822063e-05,1.81303380369513e-05,0.000705873224910388,4.57543015137436e-06,0,0,0.000187808640485783,0,0.00171939117397152,0,0.000135307402395624,0,0.000101460809905952,0,0,0,0,4.44028518841464e-06,0.00212834922208391,0,0,0,0,0.0121883661825705,0,0,0,0,0,0,0,0,0,2.68546942132078e-05,1.20878193001807e-05,0.00161111104058075,0,0.00163645572263085,0,0.124041156681757,0.000903121721956836,0.00185913582979266,0,0.00764548465304988,0.00215901049611912,0.000821327738757168,0.000574443925913761,1.39727153339883e-06
1.00589643224923e-05,1.94086927368974e-06,2.09855103142249e-05,0,0,0,9.54798633110297e-06,0,0,0,0.0022331544995222,0,0,0,0,0,3.47390012846021e-05,1.48166608695027e-05,0.000657943716784991,0,0.00668869246430228,0,0,0,0,0,0,0,0,0,0,0,0.00384048521585633,0,0.00388682380312385,0.00241558741027981,0,0,0.0164678495742169,0,8.42786494643418e-05,2.43245601441772e-05,0.000781141781884781,0,4.80755097557168e-05,0,0.000525009433708775,0.000929190935092691,0.000384876901601285,1.65781400142626e-05,2.60004632312042e-06,0,0,0,0,0,0.000178978197917376,0,0,0,0,0,0,0.00774205328558818,0,0,0,0,0,0,0,0,0,4.48711549732187e-05,0,0.0063219274101113,0,0.00472587413060188,0.00109492467050824,0.145752099696426,0,0.00137738981369998,0.00935935931638473,0.000472640747010305,0.00134063564127221,2.84882485896447e-05,0.000205711108448509
0,0,0,0,0,0,0,0,0,0.00254736325205949,0,0.00342768216750443,0,0,0,0,0,0,0,0.000860606610178901,0,0.0064190381881582,0,0.00149905495954083,0,0,0,0.00100551707517629,0,0.000841405575733609,0,0,0,0.00354214766068801,0.000140477789566585,0.0140888671682615,0,0,0.00123658952794707,0,0,0.000312325187282356,0,0,0,2.32674244571506e-05,0,0.00698383948819052,0,0.00359052897968592,0,0,0,0,0,0.00123746681353697,0,0.000760155006735813,0,0,0,0,0.00336384392850858,0,0.0020730483461027,0,0.00292896659320507,0,0,0,0.000437439008076598,0,0.000938098811686593,0,0,0,0.00481516694740639,1.82377912469199e-05,0.00615261278589223,0,0.0720063434440247,0,0.00325708187035367,0.000323470205820343,0.00364717722144265,0,0
0,0,0,0,0,0,0,0,0.00268995838242723,0,0.00812667796566458,0,0,0,0,0,0,0,0,0,0.00352234481676524,0,0.00231064181319387,0,0.0016069977816387,0,0,0,9.12578793173593e-05,0,0.000767231394404641,0,0,0,0.00235688420962854,0.000150086042176858,0.0164678495742169,0.00123658952794707,0,0,4.35147181186953e-06,0,0.000145478047199556,0,0,0,5.66446648951439e-05,0.00404722708223116,0.00390130672245945,0,0,0,0,0,0.00147785289214766,0,0.00441303238241675,0,0,0,0,0,0,0.00239554099233083,0,0.00165829550617809,0,0.00190388189604993,0,0,0,3.4602475848291e-05,0,7.93664475920807e-05,0,0,0,0.00657973743343335,0,0.00689078020471756,0.000495442943662117,0.081207260772456,0.00426862645409396,0.00017233512410702,0.00273349707043847,0,0
0,0,0,0.00102744120046877,0,0.000210962375918906,0,0,0,0,0,0,0,0,0,0,2.40240953890667e-06,0,0.00343537566161262,0.000224765204582247,0,0,0,0,0,0,0,0,0,0,0,0,0,0,0,8.72121276822063e-05,0,0,0,0,0,0.0103991191373563,1.59621792240592e-05,0,0,0.000795782845489016,0.000151284593871552,0.00187255219606217,0,0.0189140266840994,0,0.000565143345305623,0,0,0,0,0,0.000431038429079319,0,0,0,2.92705500678577e-05,0.00100586611734384,0,0,0,0,0,0,0,0,0,0.000491605302786012,0,0.00333096194471499,0,0,0,0.0107735740799447,4.45723917423096e-05,0.000239780495471586,0,0.000138715828715401,0,0.00938626524144733,0.0185930412884915,0
0.00110855377219594,0,0.00251585184473287,0,0,0,0,0,0,0,0,0,0,0,0,0,0.000120615594731876,0.000165886996892704,0.0114756738696055,0,0,0,0,0,0,0,0,0,0,0,0,0,0.000321448810830798,0,0,1.81303380369513e-05,8.42786494643418e-05,0,4.35147181186953e-06,0,0,0.000371456718776548,0.0274952665679322,0,0.0034053895249489,0,0.0050312073923277,0.002509923041196,0.0154735631509172,0,0.000625944796156524,0.000193374447780004,0,0,0,0,0.000228913688011099,1.95721888063076e-05,9.47318590547772e-06,0,0,0,0,0.00124331441810629,0,0,0,0,0,0,0,0,1.24293866167688e-05,0.00126922442273019,0,0.000309160325527568,0,0,0.000151429388965155,0.00258630889554297,4.2288326065087e-05,2.85237506973791e-05,0.00045580657432504,9.48617045949934e-06,0.0134059040771517,0,0.0318233625860075
0,0.00121503380731591,0.000477247216120136,0.00552149407831229,0,0.000553185802028127,0,0,0,0.00052468630042628,0,0.000273759789589226,0,0,0,0,0.000251118025289615,0.000529458147699043,0.025269318127791,2.66800991922591e-05,0,0,0,0,0,0,0,0,0,0,0,0,0,0.000435825459985566,0,0.000705873224910388,2.43245601441772e-05,0.000312325187282356,0,0.0103991191373563,0.000371456718776548,0,0.0155773182981808,0.0010570998419542,0.00058087537835223,0.003867491843197,2.20385170744981e-05,0.0257873687345936,8.3878077568538e-05,0.0347050595044123,3.78629005261783e-05,0.000401339685253292,0,0,0,0.00110234430809113,7.78523266675104e-05,0.00561608322097366,8.00267928472505e-06,1.49204309460844e-05,0,0.00142758409771127,0.00425240393992285,0,0,0,0,0,0,0,9.37546708631953e-05,0,0.00154646811717821,0.000144999176791851,0,0,0.00128984695865147,0,0.0158498400519646,0.000274679158407385,0.0015448733511426,8.62697442092276e-05,0.00527795158674822,0.000191092868846604,0.0932164434235378,0.165412036973945,0.0002483641955456
0.0041798492973846,0,0.0069839850767154,0.000361320902023485,0.000225520076628146,0,0,0,0.00142125619652704,0,0,0,0,0,0,0,0.000135147459292365,0.000226090129287057,0.0158248001942104,0,0,0,0,0,0,0,0,0,0,0,0,0,0,0,0.000102359210345261,4.57543015137436e-06,0.000781141781884781,0,0.000145478047199556,1.59621792240592e-05,0.0274952665679322,0.0155773182981808,0,0,0.00741212397499236,0,0.0062343492821228,0.0139081684534631,0.0375459904201447,0.00120686120177356,0.00110048830781285,0,0,0,0.000194945096504679,0,0.00357726121631337,3.12112624935669e-05,0,0,1.99027973872179e-05,0,0,0.00410423562998613,0,0,0,2.17051952873548e-05,0,0,0,0.000186307550017599,0.000136348320659273,0.0111901021583341,0,0,0,0,0.000291557111909798,0.0144047125045193,7.88110573080184e-05,0.000431656550090357,0.00397534231399419,5.08896783508924e-05,0.0932776715636176,0.000912956869405443,0.191627978720817
0,0,0,0,0,0,0,0,0,0,0,0,0,0,0,0,0,0,0.000517714101348163,0,0,0,0,0,0,0,0,0,0,0,0,0,0,0,0,0,0,0,0,0,0,0.0010570998419542,0,0,0,0,0,0,0,2.92868029615331e-05,0,0,0,0,0,0,0,0,0,0,0,0,0,0.000192592315872703,0,0,0,0,0,0,0,0,4.06294920723142e-05,0,0,0,0,0,0.000102392229829405,1.07184132601909e-05,4.78024010755612e-05,0,5.47665782107343e-05,1.46729084165502e-06,0.000993860298659453,0.000526716150444067,0
0,0,0,0,0,0,0,0,0,0,0,0,0,0,0,0,0,4.59778304965855e-05,0.00199919385307271,0,0,0,0,0,0,0,0,0,0,0,0,0,0,0,0,0,4.80755097557168e-05,0,0,0,0.0034053895249489,0.00058087537835223,0.00741212397499236,0,0,0,0.00238044799012756,0,0,0,0,0,0,0,0,0,0,0.000100896790728063,0,0,0,0,1.82618396805264e-05,0.000936649404398813,0,0,0,0,0,0,0,0,0,0,0,0,0,0,6.04813490467562e-05,0.00122653095351124,0,3.02003144930024e-05,0.000458151594025723,0,0.0106180593419664,0.000182109327399659,0.0098464988437103
0,0,0,0.000785516057030207,0,0.000176456138521702,0,0,0,1.21333083935478e-05,0,0.000241266161137741,0,0,0,0,0,0,0.00158205004807854,0,0,0,0,0,0,0,0,0,0,0,0,0,0,0,0,0.000187808640485783,0,2.32674244571506e-05,0,0.000795782845489016,0,0.003867491843197,0,0,0,0,0,0,0,0.00328834662380818,0,0.000560189501179381,0,0,0,0,4.62903410050861e-05,0.000240858465192101,0,0,0,0,0.00914766487891949,0,0,0,0,0,0,0,0,0,0.000428091016146936,9.11000816029087e-05,0,0,0,0,0.00319726648913095,0.000147711422601681,0.00184806345681814,1.4119292868247e-05,0.000126714446031714,9.48167037151921e-06,0.00758332382314135,0.000266337182687124,0
0,0,9.96856164850153e-05,0,0,0,0,0,0,0,0,0,0,0,0,0,3.75480006068231e-05,4.46715807687387e-05,0.00632652599832233,0,0.000106717924696982,0,0,0,0,0,0,0,0,0,0,0,0,0,0,0,0.000525009433708775,0,5.66446648951439e-05,0.000151284593871552,0.0050312073923277,2.20385170744981e-05,0.0062343492821228,0,0.00238044799012756,0,0,0.000464601318687903,0.00147503357611793,4.5150945515318e-05,5.78756956148363e-05,0,0,0,0,0,0.000920810402607363,8.21819271498009e-06,0,0,0,0,0,0.0175312115221194,0,0,0,0,0,0,0,7.54629221979327e-06,3.77911245741623e-05,0.00183132686014292,0,0,0,0,0.000133928174182064,0.00824895213075387,4.53688355935263e-05,0.00292593937790309,0.000279200249704668,0,0.0147283987036784,0,0.000224877364789493
0,0,0.00112128254282142,0,0.00019521320179899,0,0,0,0.000400096425801372,0,0,0,0,0,0,0,1.86478042332472e-05,0,0.000285599348223223,0,0,2.38294900913507e-05,0,0.000184963955838032,0.000293099406412805,0,0,0,0,0,0,0.0747044487017718,0.0835364005968817,0.0587115472274605,0.0397208937911721,0.00171939117397152,0.000929190935092691,0.00698383948819052,0.00404722708223116,0.00187255219606217,0.002509923041196,0.0257873687345936,0.0139081684534631,0,0,0,0.000464601318687903,0,0.0740982889781775,0.0830782705618539,0.00010712440826183,0.000117968459144397,0,0,0.0010858086257963,5.54440216506977e-05,0.00057860720944799,0,8.08962573050656e-05,0,0,0,0.000325120903997296,0.000191992902818029,0,4.58204610116612e-05,0.000335635684367493,0.00156400399026958,0,0,0,0,0,0.000350640499102526,0.105735510406438,0.118282961140926,0.0293600882977934,0.014894508657759,0.0268260952736233,0.014339287590851,0.00563379232661029,0.00963320216666449,0.00598017935098813,0,0.0231771978284164,0.000447472488533671,0.000169632257552274
0.0016575587118991,0,0.0165044967816469,0,0.000167328865706434,0,0,0,0.00427429431444663,0,0,0,0,0,0,0,0,0,9.27790973850808e-05,0,0,0,0.000115843856571721,0,0.000514894097236694,0,0,0,0,0,0,0,7.45984924344556e-05,0,5.72026175048573e-05,0,0.000384876901601285,0,0.00390130672245945,0,0.0154735631509172,8.3878077568538e-05,0.0375459904201447,0,0,0,0.00147503357611793,0.0740982889781775,0,0.0166695457419061,0.000420773874003184,0,0,0,0.00360811234058518,0,0.00872873029481641,4.33751723969181e-05,0.00154500450795627,0,0.000398696721457452,0,0,0.000464976640192104,0,0.00999609587051279,0,0.00495796717327914,0,0.00355470379812137,0,0.00586655804564137,9.75451366201559e-06,0.00990996679527282,0,0.000439642377655336,0,0.000609972173837055,0,0.00359288196028675,0,0.0109678932534883,0.00199318544862172,0,0.0309579728892706,1.57026518245374e-05,0.000439702485362166
0,0.00750545511953049,8.96285409373611e-05,0.0149640208016143,0,0.000907706811651421,0,0,0,0.00033066586864926,0,0.000113892318824235,0,0,0,0,0,8.49939125351746e-06,0.000411495680461611,0.000667447811968331,0,0.000340899077248246,0,0.00136739251592131,0,0,0,0,0,0,0,0.000168665586526576,0,4.7608154372999e-05,0,0.000135307402395624,1.65781400142626e-05,0.00359052897968592,0,0.0189140266840994,0,0.0347050595044123,0.00120686120177356,2.92868029615331e-05,0,0.00328834662380818,4.5150945515318e-05,0.0830782705618539,0.0166695457419061,0,0,0.000819320789536394,0,0,0,0.00135728255446888,0,0.0131042185430019,0,0.000603590343011569,0,0.00392761520011852,0.00112445208987142,0,0.0151429092683641,0,0.00576904761035099,0,5.21094745497223e-05,0,0.00843248724461096,0,0.0198451271606509,0,0.00677263118983332,0,0.000240579269754982,0,0.00956337919752666,2.50522425863067e-06,0.0103590970459064,0,0.00172024212285108,2.19851913301154e-05,0.0434866575429196,0.000582317021821355,0
0,0,0.0141416549135273,0,0.0687654612239168,0,0.00283047964305068,0,0.00720634211895224,0,0,0,0,0,0.000231356196754537,0,0,0,0,0,0.000569202799718189,0,0,0,0,0,0,0,0,0,0,0,0,0,0,0,2.60004632312042e-06,0,0,0,0.000625944796156524,3.78629005261783e-05,0.00110048830781285,0,0,0,5.78756956148363e-05,0.00010712440826183,0.000420773874003184,0,0,0,0.00536872285249077,0,0,0,0.00558039714018837,1.18183852912239e-05,0.00773973676646149,0,0.00501135183098068,0,0,0.000154304488894622,0,0,0,0,0,0,0,0,1.93596637267104e-05,0.00126509064928809,0,0,0,0,2.65787905383034e-05,0.000140955605136742,0,9.9772744308547e-05,0.000756818018646595,7.07053379380308e-07,0.00333959449076462,0,0.000652422335524622
0,0,0.000387438661290756,0.012872222295167,0,0.0476470514790947,0,0,0,0.0030910475696253,0,0.000168145738822082,0,0,0,0,0,0,0,0.00451207579283184,0,0,0,0,0,0,0,0,0,0,0,0,0,0,0,0.000101460809905952,0,0,0,0.000565143345305623,0.000193374447780004,0.000401339685253292,0,0,0,0.000560189501179381,0,0.000117968459144397,0,0.000819320789536394,0,0,0,0,0,0.00107543036739009,0.000134291577807251,0.0140954571104915,0,0.00146769290150856,0,0.00740968483734211,0.00352934410228052,0,0,0,0,0,0,0,1.73689500813294e-05,0,0.000255424048857278,8.69443765276821e-05,0,0,0,0,0.00010733670363522,3.13469181747459e-05,1.66907850859576e-05,1.15430342251428e-05,0.000954733435427164,4.20004770493282e-05,0.00666383950921547,7.71701124348996e-05,0
0,0,0,0,0.00245777152121429,0,0.0486721151105679,0,0,0,0,0,0,0,0,0,0,0,0,0,0,0,0,0,0,0,0,0,0,0,0,0,0,0,0,0,0,0,0,0,0,0,0,0,0,0,0,0,0,0,0.00536872285249077,0,0,0,0,0,0.024230812455595,0,0.00551893392094346,0,0,0,0,0,0,0,0,0,0,0,0,0,0,0,0,0,0,0,0,0,0,0,0.000258172066102348,0,0,0,0
0,0,0,0,0,0,0,0.0344187519219118,0,0,0,4.32277035023786e-05,0,0.00403338368902312,0,0,0,0,0,0,0,0,0,0,0,0,0,0,0,0,0,0,0,0,0,0,0,0,0,0,0,0,0,0,0,0,0,0,0,0,0,0,0,0,0,0,0,0.00317871245661488,0,0.00536165580425142,0,0,0,0,0,0,0,0,0,0,0,0,0,0,0,0,0,0,0,0,0,0,0.000257317091170811,1.14520316856215e-05,0,0,0
0.037494771014312,0,0.0157679147738106,0,0,0,0,0,0.171347010150858,0,0,0,0,0,0.00694408356269455,0,0,0,0,0,0,0,0,0,0.00359276692894334,0,0,0,0,0,0,0,0,0,0,0,0,0,0.00147785289214766,0,0,0,0.000194945096504679,0,0,0,0,0.0010858086257963,0.00360811234058518,0,0,0,0,0,0,0,0,0,0,0,0.00330695186349671,0,0,0,0,0,0,0.0462049359682533,0,0.000291588418603104,0,0,0,0,0,0,0,0,0,0,0,0.00358248704793636,0.000280077261749168,0,0.00398279890908657,0,0
0,0.0370831544544803,0,0.0128348531515658,0,0,0,0,0,0.192402661771734,0,0,0,0,0,0.0262221331348526,0,0,0,0,0,0,0,0.0171639813013212,0,0,0,0,0,0,0,0,0,0,0,0,0,0.00123746681353697,0,0,0,0.00110234430809113,0,0,0,0,0,5.54440216506977e-05,0,0.00135728255446888,0,0.00107543036739009,0,0,0,0,0,0,0,0,0,0.0272841999150185,0,0,0,0,0.0465618279853139,0,0,0,0,0,0,0,0,0,3.00462853583677e-05,0,0,0,0.00116844084050233,0,7.27518066340991e-05,0,0.00245677892596163,0,0
0,0,0.00335167957355567,1.71322617678325e-05,0.000229319620997344,0,0.0100778948029807,0,0,0,0.114108047977145,0,0.0071082082520023,0,0,0,0,0,0.000569028565036333,0,0.0062837895793814,0,0,0,0,0,0,0,0,0,0.00198328802439355,0,0,0,0,4.44028518841464e-06,0.000178978197917376,0,0.00441303238241675,0,0.000228913688011099,7.78523266675104e-05,0.00357726121631337,0,0,4.62903410050861e-05,0.000920810402607363,0.00057860720944799,0.00872873029481641,0,0.00558039714018837,0.000134291577807251,0.024230812455595,0,0,0,0,0.000189462132774154,0.00951565922119895,0,0.00287988340175084,0,2.86891999098466e-05,0.0236637407464642,0,0,0,0,0,0,0,0.00657902231742347,0.000141297296020121,0.0316185121268048,0,0,0,0,1.44504305456435e-05,0.000933497156252704,2.51811955690475e-05,0.000241046234181847,0.000888931367053181,0,0.0191755965135518,0,0.00242839157629451
0,0,8.60279155934286e-05,0.0011156356292926,0,0.000170770813583921,0,0.00192708256289115,0,3.12236221549082e-05,0,0.101651832799365,0,0.0100137124324815,0,0,0,2.39413806616693e-05,0.000809443740286444,0.00317881011909906,0,0,0,0,0,0,0,7.02824108164933e-05,0,0.00150579588911119,0,0,0,0,0,0.00212834922208391,0,0.000760155006735813,0,0.000431038429079319,1.95721888063076e-05,0.00561608322097366,3.12112624935669e-05,0,0.000100896790728063,0.000240858465192101,8.21819271498009e-06,0,4.33751723969181e-05,0.0131042185430019,1.18183852912239e-05,0.0140954571104915,0,0.00317871245661488,0,0,0.000189462132774154,0,1.7476349853774e-05,0.0289672486511573,0,2.57839225849689e-05,0.0310791627411118,0,0,0,0,0,2.05355625968048e-05,0,0.0301301870911378,0,0.0574901664108362,0.000409650087805126,0,0,0,0,0.000842027884264433,2.40678037631239e-05,0.00111829259512352,2.03640068834601e-05,0.00217717913300066,0.00010437317057735,0.0110744938531395,0.00255040097620721,0.000248902059731963
0,0,0.000886978604684964,0,0.000108429884339661,0,0.00698444773773575,0,0,0,0.00351681829774189,0,0.000259342832578113,0,7.4231633970653e-05,0,0,0,0,0,0,0,0,0,0,0,0,0,4.05281896910985e-05,0,0,0,0,0,0,0,0,0,0,0,9.47318590547772e-06,8.00267928472505e-06,0,0,0,0,0,8.08962573050656e-05,0.00154500450795627,0,0.00773973676646149,0,0.00551893392094346,0,0,0,0.00951565922119895,1.7476349853774e-05,0,0,0.00861032161917332,0,0,3.03296420216649e-05,0,0,0,0,0,0.003051727455199,0,0.00746831763643167,9.84048964162961e-05,7.59114624675409e-05,0,0,0,0,0,4.63756275989199e-06,0,2.7982371593375e-05,0.000148216335825336,0,0.00101748423024316,0,0
0,4.40843420694901e-05,0,0.000230322340316891,0,0.000192832186346184,0,0,0,0,0,0.0147923302389781,0,0.00721666021808525,0,0,0,0,1.45513690355576e-05,0,0,0,0,0,0,0,0,0.000161153493727615,0,0,0,0,0,0,0,0,0,0,0,0,0,1.49204309460844e-05,0,0,0,0,0,0,0,0.000603590343011569,0,0.00146769290150856,0,0.00536165580425142,0,0,0,0.0289672486511573,0,0,0,0.0104023379992376,0.00119981691722184,0,0,0,0,0,0.00226307894056713,0,0.00561784167191364,0,0,0,0,0,0,0,1.28498592934475e-05,0,0,0,0.00050350043947774,0.000100013252444522,8.03531659361329e-05,0,0
0.000174152526451726,0,0,0,0.000312261495675897,0,0,0,0.000732086246332064,0,0,0,0,0,0.00219189828966726,0,0,0,0,0,0,0,0,0,0,0,0,0,0,0,0,0,0,0,0,0,0,0,0,0,0,0,1.99027973872179e-05,0,0,0,0,0,0.000398696721457452,0,0.00501135183098068,0,0,0,0.00330695186349671,0,0.00287988340175084,0,0.00861032161917332,0,0,0,0,0,0,0,0,0,0,0.00236431639558559,0,0.000128861272584858,6.85663599892441e-05,0,0,0,0,0,0,0,0,0,0,0,6.73637960767681e-05,0,0
0,0.000291187582715947,0,0.0131358454381438,0,0.00289026276588278,0,0,0,0.00692457361448644,0,0,0,0.0039847922371497,0,0.023841289629974,3.27803275243883e-05,0.000652052096625899,0,0,0,0,0,0,0,0,0,0,0,0,0,0,0,0,0,0,0,0,0,2.92705500678577e-05,0,0.00142758409771127,0,0,0,0,0,0,0,0.00392761520011852,0,0.00740968483734211,0,0,0,0.0272841999150185,0,2.57839225849689e-05,0,0.0104023379992376,0,0,0,0,0,0,0.00251267588403782,0,0.00972542259637846,0,0.00394337304759357,0,3.51481005888535e-05,0,0,0,0,0,0,0,0,0,5.34451764120877e-05,7.28616885287965e-05,0.000571671609581471,0,0
0.000173295342636701,0,0,0.000831730122543014,1.38834735298667e-05,0.000253936895003649,0,0,0,0,0,0.0103514288766272,0,0,0,0,4.56696891585895e-05,2.18521487648816e-05,0.0024818498611787,0.0226819056850184,0,0,0,0,0,0,0,0,0,0,0,0,0,0,0,0.0121883661825705,0,0.00336384392850858,0,0.00100586611734384,0,0.00425240393992285,0,0,1.82618396805264e-05,0.00914766487891949,0,0.000325120903997296,0,0.00112445208987142,0,0.00352934410228052,0,0,0,0,2.86891999098466e-05,0.0310791627411118,0,0.00119981691722184,0,0,0,0,0,0,0,0,0,0,0.00186759514336699,0,0.018380005247761,1.08786065195321e-05,0,0,0,0,0.0264400573740982,8.69405724860571e-05,0.00653377571647762,0,0.00139724461368367,1.55191989382162e-06,0.0181787881741249,0.000336754506101628,0.000103741965381054
0,1.14079433304196e-05,0.000776626110808414,0,3.45569480283388e-05,0,0,0,0,0,0.0130947104106492,0,0,0,0,0,2.46558680443349e-06,5.90688584338361e-05,0.0031775631439744,0,0.0560998170077142,0,0,0,0,0,0,0,0,0,0,0,0,0,0,0,0.00774205328558818,0,0.00239554099233083,0,0.00124331441810629,0,0.00410423562998613,0.000192592315872703,0.000936649404398813,0,0.0175312115221194,0.000191992902818029,0.000464976640192104,0,0.000154304488894622,0,0,0,0,0,0.0236637407464642,0,3.03296420216649e-05,0,0,0,0,0,0,0,0,0,0,0,0,8.36542557403708e-05,0,0.0205538182778804,0,0,0,1.97296355900359e-05,8.05118489511904e-05,0.0216942858979601,0,0.00328616352000323,0.000827616204364234,0,0.0253940315038206,0,0.000825166422224587
0,0,0,0,0,0,0,0,0,0,0,0,0,0,0,0,0,7.94461075636767e-05,0,0,0,0.0649453909663153,1.74747844386598e-05,0.00159589866090941,0,0.000159955015106983,0,0,0,0,0,0,0,0,0,0,0,0.0020730483461027,0,0,0,0,0,0,0,0,0,0,0,0.0151429092683641,0,0,0,0,0,0,0,0,0,0,0,0,0,0,0,0,0.00986727382995414,0,0.000819121880575209,0,0.0135759037607601,0,2.41453295986966e-05,0,0,0,0,0,0,0,0.00545972727206744,0,0.000872143772501385,0.000244731035426204,9.27032951463712e-05,0,0
0,0,0,0,0,0,0,0,0,0,0,0,0,0,0,0,0,0,0,0,0,0.000651571028858659,0.0616609731251972,0,0.00328053682673984,0,0.00120189606151532,0,1.30951636063044e-05,0,0,0,0,0,0,0,0,0,0.00165829550617809,0,0,0,0,0,0,0,0,4.58204610116612e-05,0.00999609587051279,0,0,0,0,0,0,0,0,0,0,0,0,0,0,0,0,0,0,0.000588319605040826,0,0.00144177142828996,0,0.0103482521576395,0,0,0,0,0,0,0,0,0,0.00616788391764507,0.000579959728247088,2.87157819116987e-05,0,0,0
0,0,0,0,0,0,0,0,0,0.00256209891634468,0,0,0,0,0,0,3.16902753203009e-05,0.00100938524735807,1.9062564956466e-05,0,0,0.00253108891446454,0,0.0865293099708427,0,0.0168943124735615,0,0,0,0,0,0,0,0,0,0,0,0.00292896659320507,0,0,0,0,0,0,0,0,0,0.000335635684367493,0,0.00576904761035099,0,0,0,0,0,0.0465618279853139,0,0,0,0,0,0.00251267588403782,0,0,0.00986727382995414,0,0,0,0.00940364312984762,0,0,0,0,0,0,0,4.02374973910123e-05,0,0,0,0.00309586702847385,0,0.000491132210810018,1.6005343025405e-06,0.00104314395401472,0,0
0,0,0,0,0,0,0,0,0.000492703788576766,0,0,0,0,0,0,0,0,0,0,0,0,0,0,0,0.21335834849795,0,0.00105715322008327,0,0,0,0,0,0,0,0,0,0,0,0.00190388189604993,0,0,0,2.17051952873548e-05,0,0,0,0,0.00156400399026958,0.00495796717327914,0,0,0,0,0,0.0462049359682533,0,0,0,0,0,0,0,0,0,0,0.000588319605040826,0,0,0,0.00862657769938116,0,0,0,0,0,0,0,0,0,0,0,0.00369883662149613,0.000220278174472827,0,0.00217604486415697,0,0
0,0,0,0,0,0,0,0,0,0,0,0,0,0,0,0,2.42073866380306e-05,0.00170375983626477,0,0,0,0.00105097758692016,0,0.00312331972369947,0,0.000752169736036121,0,0.000338201979717914,0,0,0,0,0,0,0,0,0,0,0,0,0,0,0,0,0,0,0,0,0,5.21094745497223e-05,0,0,0,0,0,0,0,2.05355625968048e-05,0,0.00226307894056713,0,0.00972542259637846,0,0,0.000819121880575209,0,0.00940364312984762,0,0,0,0.0153246535502876,0,0,0,0,0,0,0,0,0,0,0,0.000164293815787283,0,4.65232564249802e-05,0,0
0,0,0,0,0,0,0,0,0.000130005195387639,0,0,0,0,0,0.000335739459842443,0,0,0,0,0,0,0,0.000115221393113807,0,0.000284185226850893,0,0.00510143476244481,0,0.00130283439676711,0,0,0,0,0,0,0,0,0,0,0,0,0,0,0,0,0,0,0,0.00355470379812137,0,0,0,0,0,0.000291588418603104,0,0,0,0.003051727455199,0,0.00236431639558559,0,0,0,0,0.00144177142828996,0,0.00862657769938116,0,0,0,0.00898019886657254,0,0,0,0,0,0,0,0,0,0,7.67035908211255e-06,0,2.97507124677673e-05,0,0
0,0,0,5.03665145214628e-05,0,0,0,0,0,0,0,0.00196328867852328,0,0,0,0,0,0,2.09495953384228e-05,0,0,0.000267643568363571,0,0,0,0.000207604850187976,0,0.0157944377163228,0,0.0159118970888135,0,0,0,0,0,0,0,0.000437439008076598,0,0,0,9.37546708631953e-05,0,0,0,0,0,0,0,0.00843248724461096,0,1.73689500813294e-05,0,0,0,0,0,0.0301301870911378,0,0.00561784167191364,0,0.00394337304759357,0.00186759514336699,0,0.0135759037607601,0,0,0,0.0153246535502876,0,0,0,0.0128427859348542,3.88080503474428e-05,0,0,0,0,3.00167050483195e-05,0,0.00789505947884241,0,0.00035732371751539,0,0.000298229910914014,0,0
