0,0,0.00143495390103844,0,0,0,0,0,0.0833559130357353,0.000275373818577491,0,0,0,0,0,0,7.70364151272593e-05,0,0.00819979487720806,0,0,0,0,0,0,0,0,0,0,0,0,0,0,0,0,0,0,6.53537042642706e-05,6.46551345766088e-05,0,0.000137652266453349,0,0.00136025461006458,0,0,0,0.00108751181092808,0.0012110087489771,0.0140325535480739,0.000213969734002632,0,0,0,0,0.266494489971901,0.000372715823379615,0,0,0,0,0.00943308564054798,0,0,0,0,0,0.000408941283615094,0.0148601120462988,0,0,0,0,0,0,0,0,0,0,0,9.68976537375223e-05,3.21523346520257e-05,7.42211086860545e-05,0.00183762524561934,0,0.0279025488289423,0,0.000479391169980779
0,0,0,0.0494514723184422,0,0.00168096687817546,0,0,0,0.0749417160298639,0,0,0,0,0,0.00270338123421753,0,0,0.0013576482157336,0,0,0,0,8.61293503218643e-05,0,0,0,0,0,0,0,0,0,0,0,0,0,1.7271423903148e-05,0,0.000324073142174734,0,0.00905411377856765,0,0,0,0.00109502001049955,0,0.000299959103501558,0,0.0503356424594044,0,0,0,0,0,0.148011833160478,0,0.00116538795182626,0,0,0,0.0472798434436876,0.000222353376042785,0,0,0,0.000124056687066213,9.69228006567984e-05,3.21662743628754e-05,0,0,0,0.00127024127491561,0,0,0,0,0,0.000616950652071691,0,0.000707775762526279,7.76065632454362e-06,0.000655496569011922,0,0.0180319109920267,0.000343511269532224,0
0.00143495390103844,0,0,4.17033702625603e-05,0.0069204083272652,0,0,0,0.000658805182723906,0.00021885864097768,0,0,0,0,0,0,3.15353604921294e-05,1.81094405483598e-05,0.000271946641933761,0,0.0017245739416828,0,0,0,0,0,0,0,0,0,0,0,0,0,0,0,3.97669345547563e-05,0,0,0.000763852480978881,0.00408308528890526,0.000294716291044932,0.00980193789435924,0,0,0.000135088709788513,0.00474551203420891,0.000170207550370607,0.014834155824008,5.1296322657168e-05,0.00889281741564456,0.000166833465552827,0,0,0.0906214101165006,0,0.0030318407427531,9.05450276521201e-05,0.00293575367337212,0,0.00948510852146085,0,0,0.00515890340063214,0,0,0,0,0,0,0,0,0,2.17563970038325e-05,0,0,0,0,1.4459845243212e-05,0.000140843294490556,0,4.42125386581864e-05,0.000570977719037441,2.06547190182878e-05,0.0269166199470941,0,0.000503621212946797
0,0.0494514723184422,4.17033702625603e-05,0,0,0.0480841235142639,0,0,0,0.0233413773869405,0,0.000125091422762747,0,0,0,0,0.000105658203807095,3.93536370688887e-06,0.000238560107917299,0.000513834239878965,0,0,0,0,0,0,0,0,0,0,0,0,0,0,0,0.000426097625513163,0,0,0,0.00305424275640222,0.00032978278801995,0.00386246672262724,2.73490127638686e-05,0,0,0.00232735951623553,7.36527547604547e-05,0,1.22381202423819e-05,0.0128774090785693,0,0.0191938386698672,0,0,0,0.0736682842901784,0,0.0193325116765281,0,0.00804897556980402,0,0.056732899081635,0.00224123996803695,0,0,0,0,0,0,0,0,0,0.00207619462946293,0,0,0,0,0,0.000189350930378048,6.64315066440174e-07,0.000140797388585183,2.38536959532666e-06,0.000328111047422993,9.84171985329474e-06,0.0231508708178655,0.00113542281971404,0
0,0,0.0069204083272652,0,0,0,0.000393391033867374,0,0.0501370882076654,0,0,0,0,0,0.000211349470191635,0,3.86439434882884e-06,0,5.19164813412108e-05,0,0.0114104154937828,0,0,0,0,0,0,0,0,0,0,0,0,0,0,0,3.82632842607002e-05,0,0,4.18733896496188e-05,0.00048116727768964,2.22122515551235e-05,0.000663550364752596,0,0,0,9.41196662431528e-05,0.000103124698722346,0.000447377738611925,0,0.0600756652156767,0,0.00562831496699182,0,0.00747436336781639,5.19780622003153e-05,2.66026856894164e-05,0,0,0,0,0,0,0.0121192291202853,0,0,0,0,0,0,0,0,0,0,0,0,0,0,0,6.7547210186506e-05,0,0,0.000852985797065577,0,0.00366804100247139,0,0
0,0.00168096687817546,0,0.0480841235142639,0,0,0,0.00893747529118246,0,0.038566408872689,0,0.0079086735386764,0,0,0,0.0103111212708252,0,0,1.28630674187998e-05,0.0704814801578998,0,0,0,0,0,0,0,0,0,0,0,0,0,0,0,0.000996905218275155,0,0,0,0.00200813579000116,0.000236738389943226,0.00117892178472059,0,0,0,0.000210459542140103,1.31414206986733e-05,0,3.69288468623436e-05,0.00199993431087649,0,0.161894805374239,0,0.0281023230410663,0,0.0543675503651759,0,0.00456745029359836,0,0.00316181237171638,0,0.0418390395514529,0.0237623920594967,0,0,0,0,0,0,0,0,0,8.0405282419347e-05,0,0,0,0,0,0.000357467693572742,0,3.3493173071118e-06,0,0.00149972835313124,0.000138957691695504,0.0145148520293197,0,0
0,0,0,0,0.000393391033867374,0,0,0,0,0,0.000226122759633355,0,0.0001221075799549,0,0,0,0,0,0,0,0.00289716866588131,0,0,0,0,0,0,0,0,0,0,0,0,0,0,0,0,0,0,0,0,0,0,0,0,0,0,0,0,0,0.0151569336292695,0,0.0493255901765449,0,0,0,0.0106645847167874,0,0,0,0,0,0,0.000314286426709227,0,0,0,0,0,0,0,0,0,0,0,0,0,0,0,0,0,0,0.000424567003072305,0,0,0,0
0,0,0,0,0,0.00893747529118246,0,0,0,0,0,0.00322198095042057,0,0,0,0,0,0,0,0.0405466261765651,0,0,0,0,0,0,0,0,0,0,0,0,0,0,0,8.80777503280172e-05,0,0,0,2.24372416126586e-05,0,5.5007003437789e-05,0,0,0,0,0,0,5.82644661669025e-05,0,0,0.0191452329864224,0,0.092166221643535,0,0,0,0.00433583596554299,0,0,0,0,0.00380576860537382,0,0,0,0,0,0,0,0,0,0,0,0,0,0,0,1.74902419982882e-05,0,9.47474635085849e-06,0,0.000329318498738907,0,0.000314476414540881,0,0
0.0833559130357353,0,0.000658805182723906,0,0.0501370882076654,0,0,0,0,7.80807669176272e-05,0,0,0,0,0.0911237073098034,0,0.0127388163844868,0,0.00618209330518289,0,0.000221321609202759,0,0,0,0.00160611000379356,0,0.00307570945399568,0,0,0,0,0,3.68414318018522e-05,0,0.000452620288872625,0,0,0.000142486469831517,0.00257103791505952,0,0,0,0.00178159592568752,0,0,0,0,0.000330804515891881,0.000135969309351963,0.000310598433695933,0.00633249359182186,0,0,0,0.0501662845689655,7.44940326369622e-05,0,0,0,0,0.00102266624073407,0,0,0.000593854847478932,0,0,0.00015111085518007,0.000674377499688857,0,0,0,0,0,0,0,2.51710895585399e-05,0,9.31061720457218e-05,0,0,7.93408844042298e-06,0.000801382872017737,0.00814992295171799,5.97253333049548e-05,0.00212523799242235,0,0
0.000275373818577491,0.0749417160298639,0.00021885864097768,0.0233413773869405,0,0.038566408872689,0,0,7.80807669176272e-05,0,0,0,0,0,0,0.0669893028941344,0.00034046168803716,0.00238897672487053,0.00188592388029881,0.00151566371345216,0,0,0,0.000237794954644166,0,0,0,0,0,0,0,1.45131399725272e-05,0,0.00125025454163887,0,6.88627042244455e-05,0,0.00054208579378348,8.60050744311142e-05,0.000375155944161987,0,0.00206296037721085,0,0,0,0.000325911949202151,7.03735700146057e-05,0.000970572125213007,0,0.0068171764179869,0,0.0151048644073911,0,0,0.000327584165358525,0.309766410686236,0,2.29672550065951e-05,0,0.000409507842658204,0,0.0153189322485553,0.000623935213859797,2.61670616680375e-05,0,0,0.00109264026055948,0.000442926393109843,0,0,0,0,4.18574900281003e-05,0,3.51175055064647e-05,0,0.000724720126883536,0,2.57687194707855e-05,3.24206102630233e-05,0.00113094488538869,0,0.0065151991884403,0.000723690120850861,0.00559135094814871,0,0
0,0,0,0,0,0,0.000226122759633355,0,0,0,0,0,0.0363610953143467,0,0,0,0,0,0,0,0.0509177238877869,0,0,0,0,0,0,0,0.00189309037772224,0,0.00764746424896359,0,0,0,0,0,0.00627264767696573,0,0.0115422707546586,0,0,0,0,0,0,0,0,0,0,0,0,0,0.000247058591007023,0,0,0,0.132416417912641,0,0.0228894268925018,0,0,0,0,0.0350033577282941,0,0,0,0,0,0,0,0.000221073304548652,0,0.00287008678027943,0,0,0,0,0,9.50974618093342e-05,0,0.00130066510243639,0.000991656331282106,0,1.92245215623768e-05,0,0
0,0,0,0.000125091422762747,0,0.0079086735386764,0,0.00322198095042057,0,0,0,0,0,0.138068504309466,0,0,0,0,0,0.103004455439241,0,0,0,0,0,0,0,0.00582151229189177,0,0.027640165664538,0,0,0,0,0,0,0,0.0319422410986451,0,0,0,0,0,0,0,8.02584804460247e-06,0,0,0,0,0,0.00221401029264893,0,0.00735257794084965,0,0,0,0.100630671133545,0,0.112387038307021,0,0,0.011012409063846,0,0,0,0,0,0,0,0.000306155562948267,0,0.00166354298561489,0,0,0,0,0,3.93408493481197e-05,0,0.0224058726600313,0,0.000638225074723134,0,0.000391604486841088,0,0
0,0,0,0,0,0,0.0001221075799549,0,0,0,0.0363610953143467,0,0,0,0.156623459860557,0,0,0,0,0,0,0,0,0,0,0,0.000512997191959321,0,0.00186015713916772,0,0,0,0,0,0,0,0,0,0,0,0,0,0,0,0,0,0,0,0,0,0,0,0,0,0,0,0.0126938395396302,0,0.0834834908971321,0,0.227131560486663,0,0,0,0,0,0,0,0,0,0,0.00117753688225792,0,0,0,0,0,0,0,0,0,0,0.00282602391120106,0.00200557442371098,0,0,0
0,0,0,0,0,0,0,0,0,0,0,0.138068504309466,0,0,0,0.0435646494208856,0,0,0,0,0,0,0,0,0,0,0,0,0,0,0,0,0,0,0,0,0,0,0,0,0,0,0,0,0,0,0,0,0,0,0,0,0,0,0,0,0,0.079259981400724,0,0.104901389997663,0,0.000724576495701838,0,0,0,0,0,0,0,0,0,0,0,0,0,0,0,0,0,0,0,0,0.00311682630242792,0.0023036291194911,0,0,0
0,0,0,0,0.000211349470191635,0,0,0,0.0911237073098034,0,0,0,0.156623459860557,0,0,0,0.000423653194241806,0,0,0,0,0,0,0,0.000861125360865342,0,0,0,0,0,0,0,0,0,0,0,0,0,0,0,0,0,0,0,0,0,0,0,0,0,0,0,0,0,0.249264436105182,0,0,0,0,0,0.188722406907425,0,0,0,0,0,0,0,0,0,0,0,0,0,0,0,0,0,0,0,0,0,0.00442543651601306,0.000913840303196772,0,0,0
0,0.00270338123421753,0,0,0,0.0103111212708252,0,0,0,0.0669893028941344,0,0,0,0.0435646494208856,0,0,0.000142717775863698,0.0033250709457238,0,0,0,6.91464330094536e-05,0,0.00184861338517832,0,0,0,0,0,0,0,0,0,0,0,0,0,0,0,0,0,0,0,0,0,0,0,0,0,0,0,0.0154790499980908,0,0,0,0.0612522506046195,0,0,0,0.00589216562133475,0,0.121835772742415,0,0,0,0,0,0,0,0,0,0,0,0,0,0,0,0,0,0,3.50010018328374e-06,0,0.00180490668221994,0.00102251691722673,0,0,0
7.70364151272593e-05,0,3.15353604921294e-05,0.000105658203807095,3.86439434882884e-06,0,0,0,0.0127388163844868,0.00034046168803716,0,0,0,0,0.000423653194241806,0.000142717775863698,0,0.196310964739769,0.0858181930287033,0,0,0,0.00129447347757147,0.000285383846474748,6.65998499266353e-06,5.86662598000731e-05,0.0431103648319779,0,0.00032122189902141,0,0,0,0,0,0,0,0,0,0,0.000115933098812648,0.00188996449880647,0.00154241973403665,0.00447685920344235,0.000229035420497373,0,0.000492944234848676,0.0030288961106191,0,0,0,0,0,0,0,3.16253349724543e-06,8.44659057985982e-06,0,0.000207613911515593,0,0,6.07528846887772e-05,0,6.36544752889125e-05,9.96245806446242e-05,0,0.000109268634027508,0,0,0,3.57176025610169e-05,8.10625343490015e-06,0,0.00027823938358339,0,0,0,0,0,0.000472227916834314,0.000656000161617479,0.00065860045603181,0.000481439549796906,0.0135876891588836,0.0127248277579459,0.00859618281830591,0.000230626956886996,0.000122088917162818
0,0,1.81094405483598e-05,3.93536370688887e-06,0,0,0,0,0,0.00238897672487053,0,0,0,0,0,0.0033250709457238,0.196310964739769,0,0.0839613893994503,0,0,0.00154631301962976,0,0.00363303173594524,0,0.00645690947917252,0,0.000121053283593233,0,0,0,0,0,0,0,0,0,0,0,0.000503096482965163,0.000874866321548249,0.00223797005545894,0.00183733532468087,0.000228447212040702,0,0.00128224139008683,0.00130544853882488,0,0,1.29372728909732e-05,0,3.47060252504314e-06,0,0,0,0,0,0.000317724913741898,0,0,0,0.000152430639417445,6.81256747407443e-05,5.38954418055641e-05,0.000991435082982714,0,0.000357450013449541,0,0.000751838142861531,0,0,0,0.000413927557760873,0,0,0,0,0,0.000872608408134974,0.000273838660171546,0.00128073438888763,0.000277245987901,0.0190249602840251,0.000123214244232556,0.00740142222028923,0.000129022070249374,4.29480274218973e-05
0.00819979487720806,0.0013576482157336,0.000271946641933761,0.000238560107917299,5.19164813412108e-05,1.28630674187998e-05,0,0,0.00618209330518289,0.00188592388029881,0,0,0,0,0,0,0.0858181930287033,0.0839613893994503,0,0,0,0,0,2.45849170203557e-05,0,9.45039711742496e-05,0,0,0,0,0,0,0,0,0,0,0,0,0,0.00609690477470985,0.0145986281945537,0.0171902955205394,0.0242039845549218,0.00157204107104347,0,0.0233677610040336,0.046678691067278,0,0.000142942939958222,8.88820533400138e-05,0,5.04027141334552e-05,0,0,6.33390972438265e-05,0.00013662706792466,0,0.00396505248646052,0,0,0,6.44509200952324e-05,0.000470126971624047,0.000923195445385639,0,0,0,0,0,0,1.66453480110634e-05,0,0.00482600260092774,0,0,0,0,0,0.00578349728528883,0.00491039430386465,0.00817679836803329,0.00515081730134214,0.0165367415403804,7.61056150451728e-06,0.118928339944298,0.00213736539890114,0.00137665908338975
0,0,0,0.000513834239878965,0,0.0704814801578998,0,0.0405466261765651,0,0.00151566371345216,0,0.103004455439241,0,0,0,0,0,0,0,0,0,0,0,0,0,0,0,0,0,0,0,0,0,0,0,0.0570989124314431,0,0.00957490008132238,0,5.37735986200043e-05,0,2.65856815157901e-05,0,0,0,0,0,0,0,0.000147673446430434,0,0.0839122224086222,0,0.105867808011594,0,0.00476137884419304,0,0.0075932304896495,0,0.000119609050182938,0,0.000414015310443511,0.0945959317443589,0,0,0,0,0,0,0,0,0,0,0,0,0,0,0,0.0335785145404601,0,0.00467387193570269,0,0.00333572997334787,0,0.00540388484131061,0,0
0,0,0.0017245739416828,0,0.0114104154937828,0,0.00289716866588131,0,0.000221321609202759,0,0.0509177238877869,0,0,0,0,0,0,0,0,0,0,0,0,0,0,0,0,0,0,0,0.000269078185672881,0,0,0,0,0,0.0297839953381344,0,0.00517612622096645,0,0,0,3.31408376485179e-05,0,0,0,0,0,0,0,0.0366728725635058,0,0.00291809788190307,0,7.45829877758179e-05,0,0.00875640994251856,0,0,0,0,0,0,0.0854001141067273,0,0,0,0,0,0,0,0,0,0,0,0,0,0,0,0.00549468450091854,0,0.00105164003309782,0.000143754452248192,0,0.00783495578213313,0,0
0,0,0,0,0,0,0,0,0,0,0,0,0,0,0,6.91464330094536e-05,0,0.00154631301962976,0,0,0,0,0.0107271822590477,0.00507734351309922,0,0.00477240934933238,0,0.0056554648755834,0,0,0,0,0,0,0,0,0,0.0350838378315833,0,0,0,0,0,0,0,0,0,0,0,0.00307274787824155,0,0,0,0,0,0,0,0,0,0,0,0,0,0,0.107141374014601,0.00127695950157497,0.00271338420855158,0,0.00608524648429838,0,0.00207886909828196,0,0,0,0,0,0,0,0,0,0.00675018529703361,0,0.00981588662899685,0.00216765323031525,0,0,0
0,0,0,0,0,0,0,0,0,0,0,0,0,0,0,0,0.00129447347757147,0,0,0,0,0.0107271822590477,0,0,0.0328510225219673,0,0.00071926429898328,0,0.0145363546145817,0,0,0,0,0,0,0,0,0.000659384356514051,0.018273965846332,0,0,0,0,0,0,0,0,0,0,0,0,0,0,0,0,0,0,0,0,0,0,0,0,0,0,0.147236518223179,0,0.00547555902126251,0,0.000558146786144164,0,0.00106329666278567,0,0,0,0,0,0,0,0,0.000201562906601833,0.0015632577466909,0.00736490433050444,0.00080559646543648,0,0,0
0,8.61293503218643e-05,0,0,0,0,0,0,0,0.000237794954644166,0,0,0,0,0,0.00184861338517832,0.000285383846474748,0.00363303173594524,2.45849170203557e-05,0,0,0.00507734351309922,0,0,0,0.154430823350492,0,0,0,0,0,0,0,0,0,0,0,0.0335626243392964,4.24776388339588e-05,0,0,5.46894722789677e-05,0,0,0,0,0,0.000334132043614672,0,0.00407468788525864,0,0,0,0,0,0.00277975259887605,0,0,0,0,0,0.000589854972316742,0,0,0.000191996937435525,0,0.0377478250432957,0,0.0553479876714891,0,0,0,0,0,0,0,0,0,2.00708979161151e-06,0,0.00322760100810899,0,0.000632402731083945,0,0.000617943171126433,0,0
0,0,0,0,0,0,0,0,0.00160611000379356,0,0,0,0,0,0.000861125360865342,0,6.65998499266353e-06,0,0,0,0,0,0.0328510225219673,0,0,0,0.135728938385126,0,0,0,0,0,0,0,0,0,0,0,0.0136993459329094,0,0,0,0,0,0,0,0,0,0,0,0,0,0,0,0.00029268264278854,0,0,0,0,0,0,0,0,0,0,0.0449955438578281,0,0.0562594817233774,0,0.054716860300417,0,0,0,0,0,0,0,4.30010696482984e-05,0,0,0,0.00771272970289363,0.000824166060655272,0,2.18204373318106e-05,0,0
0,0,0,0,0,0,0,0,0,0,0,0,0,0,0,0,5.86662598000731e-05,0.00645690947917252,9.45039711742496e-05,0,0,0.00477240934933238,0,0.154430823350492,0,0,0,0.00607020831570658,0,0,0,0,0,0,0,0,0,0,0,0,0,0,0,0,0,0,0,0,0,0,0,0,0,0,0,0,0,0,0,0,0,0,0,0,0.00598445682993404,0,0.00631066343350347,0,0.00973319857967152,0,0,0,0,0,0,0,0,0,0,0,0,0,0.000305380337259076,0,0,0,0
0,0,0,0,0,0,0,0,0.00307570945399568,0,0,0,0.000512997191959321,0,0,0,0.0431103648319779,0,0,0,0,0,0.00071926429898328,0,0.135728938385126,0,0,0,0.0337331836999156,0,0,0,0,0,0,0,0,0,0,0,0,0,0,0,0,0,0,0,0,0,0,0,0,0,0.0508662041895624,0,0,0,0,0,0,0,0,0,0,5.57457086322747e-05,0,0.0663047321485108,0,0.00982853574392296,0,0.0012724892730657,0,0,0,0,0,0,0,0,0,0,0.000371503070675276,0,0,0,0
0,0,0,0,0,0,0,0,0,0,0,0.00582151229189177,0,0,0,0,0,0.000121053283593233,0,0,0,0.0056554648755834,0,0,0,0.00607020831570658,0,0,0,0.0512185451833345,0,0,0,0,0,0,0,0.0054542968224892,0,0,0,0,0,0,0,0,0,0,0,0,0,0,0,0,0,0,0,0.000479902884028174,0,0.00187012546728537,0,0,0,0,0.00157754264603847,0,0,0,0.00215397160481618,0,0.220460366708639,0,0.00021899512746246,0,0,0,0,0,0,0,0.00266977461800015,0,0.00198259185992214,0.000504311620814744,0,0,0
0,0,0,0,0,0,0,0,0,0,0.00189309037772224,0,0.00186015713916772,0,0,0,0.00032122189902141,0,0,0,0,0,0.0145363546145817,0,0,0,0.0337331836999156,0,0,0,0.0734863830685473,0,0,0,0,0,0,0,0.00122630669945101,0,0,0,0,0,0,0,0,0,0,0,0,0,0,0,0,0,0.00538575361246972,0,0.00399004515820494,0,0,0,0,0,0,0.00998145972064271,0,0,0,0.0671408442523626,0,0.109271867012698,0,0.0110307900490088,0,0,0,0,0,0,0,0,0.000128938780296291,0.000568013782724881,0,0,0
0,0,0,0,0,0,0,0,0,0,0,0.027640165664538,0,0,0,0,0,0,0,0,0,0,0,0,0,0,0,0.0512185451833345,0,0,0,0,0,0,0,0,0,0.0243080689712217,0,0,0,0,0,0,0,0,0,0,0,0,0,0,0,0,0,0,0,0.0125441286308023,0,0,0,0,0,0,0,0,0,0,0,0,0.0695785323404641,0,0.0500687818123155,0,0,0,0,0,0,0,0.00745529676355381,0,0.000124652842786571,0,0,0,0
0,0,0,0,0,0,0,0,0,0,0.00764746424896359,0,0,0,0,0,0,0,0,0,0.000269078185672881,0,0,0,0,0,0,0,0.0734863830685473,0,0,0,0,0,0,0,0,0,0.00962107247355003,0,0,0,0,0,0,0,0,0,0,0,0,0,0,0,0,0,0.0275497539801974,0,0,0,0,0,0,0,0,0,0,0,0,0,0,0.0434095197859827,0,0.177361752072956,0,0,0,0,0,0,0,0.00236750224599442,0.00032726343156018,0.000116721011500134,0,0,0
0,0,0,0,0,0,0,0,0,1.45131399725272e-05,0,0,0,0,0,0,0,0,0,0,0,0,0,0,0,0,0,0,0,0,0,0,0.278605421292051,0.0119568693565168,0.000639764161761833,0.00109649621646482,0.00060292353944032,9.62586559913793e-05,0,0.000202111567952089,0,0,0,0,0,0,0,0.0129791580292853,0,0.00020064693429199,0,0,0,0,0,0,0,0,0,0,0,0,0,0,0,0,0,0,0,0,0,0,0,0,0.249579208169879,0.108270425539841,0.0146377566119771,8.43174880988812e-05,0.00960954955795846,0.000337583357795348,2.31476937848717e-05,0,0.000483222363762556,0,0,0,0
0,0,0,0,0,0,0,0,3.68414318018522e-05,0,0,0,0,0,0,0,0,0,0,0,0,0,0,0,0,0,0,0,0,0,0,0.278605421292051,0,0.0100715480320293,0.00597958735978104,0.000724054288398379,0.00746359840447443,5.00697355277193e-05,4.19899356807499e-05,0,0,0,0,0,0,0,0,0.252937055378729,0,3.78308977176704e-05,0,0,0,0,0,0,0,0,0,0,0,0,0,0,0,0,0,0,0,0,0,0,0,0,0.425589805431381,0.0280660612061361,0.0122732268493559,0.00359859852745475,0.00374974308241253,0.00186156366577461,0,2.68669616198299e-05,0.000979029239638684,1.45011749996806e-05,0,0,0
0,0,0,0,0,0,0,0,0,0.00125025454163887,0,0,0,0,0,0,0,0,0,0,0,0,0,0,0,0,0,0,0,0,0,0.0119568693565168,0.0100715480320293,0,0.239969281699575,0.00269622518190302,0,0.00387739312239884,0.00177371510849371,0,0,0,0,0,0,0,0,0.0664659820028669,0,1.09885933921591e-05,0,0,0,0,0,0.00396177186643645,0,0,0,0,0,0,0,0,0,0,0.000185802912748854,0,0,0,0,0,0,0,0.00992032886720438,0.00159632253551784,0.131504707161434,0.0252385973887547,0.00155372617877281,0,0.000565751068615019,0.000535601804895723,0.000562249200338214,0,0,0,0
0,0,0,0,0,0,0,0,0.000452620288872625,0,0,0,0,0,0,0,0,0,0,0,0,0,0,0,0,0,0,0,0,0,0,0.000639764161761833,0.00597958735978104,0.239969281699575,0,0.00100311881341557,0.0164284092441849,0.000809948567527902,0.0250031296219631,0,0,0,0,0,0,0,0,0.224238998607241,0,0.000994630567748512,0,0,0,0,0.000577413457863157,0,0,0,0,0,0,0,0,0,0,0,0,0,0,0,0,0,0,0,0.001959286110949,0.00437636538270078,0.123357052311931,0.146734981361603,0,0.000276285814180903,0.000861983283548381,0.0018973998710948,0.00037980770006424,0,0,0,0
0,0,0,0.000426097625513163,0,0.000996905218275155,0,8.80777503280172e-05,0,6.88627042244455e-05,0,0,0,0,0,0,0,0,0,0.0570989124314431,0,0,0,0,0,0,0,0,0,0,0,0.00109649621646482,0.000724054288398379,0.00269622518190302,0.00100311881341557,0,0.0191843949234558,0.0376481617143486,0.000672291683018418,0.000898614312053948,0,1.34639637830601e-05,0,0,0,0.000288719818557807,0,0.00430461551998925,7.12008042760358e-05,0.000360869446457382,0,0.000381126784913186,0,1.75366664667068e-05,0,0.000383920861368133,0,0.000220126928665362,0,2.04059621114619e-05,0,5.16937085810289e-05,0.0144981783576831,0,0,0,0,0,0,0,0,0,0,0,0.00216864558742115,0.000262542836878886,0.0117001444646546,0.000212330072686231,0.183661296446739,0.0197292007795377,0.0155299750754587,0,0.0245458991008405,0.0184784138204797,0.00349087443468121,0,0
0,0,3.97669345547563e-05,0,3.82632842607002e-05,0,0,0,0,0,0.00627264767696573,0,0,0,0,0,0,0,0,0,0.0297839953381344,0,0,0,0,0,0,0,0,0,0,0.00060292353944032,0.00746359840447443,0,0.0164284092441849,0.0191843949234558,0,0,0.0205058598489603,0.000411567650915588,0.000156905160176698,9.00785543865302e-06,4.40137119877616e-05,0,0,0,0.000978199491374262,0.00553098548881644,0.00041474210027147,0.000112788630403365,0,0,0,0,3.16340503196035e-06,0,0.00690976698642612,0,0,0,0,0,0,0.022407112926742,0,0,0,0,0,0,0,0,0,0,0.00676237300538965,0.0686720455527385,0,0.0329043191260117,0.0629593145095998,0.156651936578284,0,0.00412670452746129,0.0150637283844334,0.00925072385380197,0.00313769982379334,0,0
6.53537042642706e-05,1.7271423903148e-05,0,0,0,0,0,0,0.000142486469831517,0.00054208579378348,0,0.0319422410986451,0,0,0,0,0,0,0,0.00957490008132238,0,0.0350838378315833,0.000659384356514051,0.0335626243392964,0,0,0,0.0054542968224892,0,0.0243080689712217,0,9.62586559913793e-05,5.00697355277193e-05,0.00387739312239884,0.000809948567527902,0.0376481617143486,0,0,0.00943233546879413,0,0,0.000135938977876157,0,0,0,0,0,0.0169054083216115,0,0.00571820632573557,0,0,0,0,0.000635517166554146,0.00131209325151051,0,0.0155215071008836,0,0,0,0,0.00978481142636154,0,0.0301874580875403,0,0.0132965072623724,0.00124871810486009,0,0,0.00921136187909462,0,0.0378684273858023,0,8.137523653335e-05,0,0.00179728800022657,0.000424368304815326,0.00827258686886513,1.3493243094542e-05,0.107519391180264,0.00230051292468303,0.00513183671428121,0.001181440774122,0.00173549616827319,0,0
6.46551345766088e-05,0,0,0,0,0,0,0,0.00257103791505952,8.60050744311142e-05,0.0115422707546586,0,0,0,0,0,0,0,0,0,0.00517612622096645,0,0.018273965846332,4.24776388339588e-05,0.0136993459329094,0,0,0,0.00122630669945101,0,0.00962107247355003,0,4.19899356807499e-05,0.00177371510849371,0.0250031296219631,0.000672291683018418,0.0205058598489603,0.00943233546879413,0,0,0,0,6.83000676282028e-05,0,0,0,0,0.000972079863241215,0,0.000487912884287751,0,0,0,0,0.00176623594119013,0.000128082464664219,0.0553483669233102,0,0,0,0,0,0,0.0118516731252741,0,0.0551271960475917,2.43963772639626e-05,0.00436194557699809,0,0,0,0.00132213456434341,0,0.013161795825681,0,1.68394549793154e-05,0.000783610251781659,0.0251155490275849,0.000491042941410595,0.0115087590080633,0.0072082145185038,0.135795106203408,0.0050399440068852,0.000479772406914763,0.000866619803059216,0,0
0,0.000324073142174734,0.000763852480978881,0.00305424275640222,4.18733896496188e-05,0.00200813579000116,0,2.24372416126586e-05,0,0.000375155944161987,0,0,0,0,0,0,0.000115933098812648,0.000503096482965163,0.00609690477470985,5.37735986200043e-05,0,0,0,0,0,0,0,0,0,0,0,0.000202111567952089,0,0,0,0.000898614312053948,0.000411567650915588,0,0,0,0.00588421176307121,0.0283151379794937,0.000295490510418202,0.000405689185980378,0,0.0387959878815286,0.00100312096208643,0.0150462827482763,0.000178990475887428,0.0108840271487571,0,0.000804923811502949,0,0,0.000212434907630997,0.00237888488059181,0,0.00239959462236306,9.1641721799169e-06,0.000385670861824313,0,0.000469506020681291,0.0192307919742677,0,0,0,0,0,0,0,9.10784680019762e-06,0,0.00315803093512505,0,0.000939407956341327,0,2.36169074624309e-05,0,0.0141559853095646,0.00010451944434622,0.000730222832325453,0,0.000479994161232711,3.30039002204788e-05,0.0778791567443649,0.000819472493147036,0
0.000137652266453349,0,0.00408308528890526,0.00032978278801995,0.00048116727768964,0.000236738389943226,0,0,0,0,0,0,0,0,0,0,0.00188996449880647,0.000874866321548249,0.0145986281945537,0,0,0,0,0,0,0,0,0,0,0,0,0,0,0,0,0,0.000156905160176698,0,0,0.00588421176307121,0,0.000661069040281614,0.0322610799319539,0,0,0.000742568954476088,0.0393617945397278,0.00224737382801334,0.0265756391549054,0.000839778262995235,7.84745938783118e-05,0,0,0,0.0010498533082777,0,4.88132468906371e-05,0.000296566874176011,6.48106303322458e-05,0,0,0.000122016629072337,0,0.0191156555909316,0,0,0,0,0,0,0,0,7.45647378353808e-05,0,0,0,0,0,0.000254637312103311,0.00659100318185958,7.2626094417007e-05,0.000373128310948434,0.00119702041198202,1.83512845291796e-05,0.0804344680233246,4.2025196260633e-05,0.00173285157718371
0,0.00905411377856765,0.000294716291044932,0.00386246672262724,2.22122515551235e-05,0.00117892178472059,0,5.5007003437789e-05,0,0.00206296037721085,0,0,0,0,0,0,0.00154241973403665,0.00223797005545894,0.0171902955205394,2.65856815157901e-05,0,0,0,5.46894722789677e-05,0,0,0,0,0,0,0,0,0,0,0,1.34639637830601e-05,9.00785543865302e-06,0.000135938977876157,0,0.0283151379794937,0.000661069040281614,0,0.00583580078386085,0.00489284492557245,0,0.00847344007466078,0.00098689136071133,0.000204830103655736,0,0.00961285147418224,0.000101312774497287,0.0011155683707487,0,0,0.000128916386291764,0.00297352509752749,0,0.041108106167691,0,0.00045151720291684,0,0.000681370822094257,0.00881883789280139,7.01155766496803e-05,0,0,0,1.64926150696949e-05,0,0,0.000684412730373463,0,0.0344530104708145,0,0,0,0,0,0.00593192412827666,0.000123356985273875,0.00415589764797653,0.000180029252952649,0.00393471478230783,0.000261427466128186,0.131322584010232,0.0141577065765599,7.45252753812691e-05
0.00136025461006458,0,0.00980193789435924,2.73490127638686e-05,0.000663550364752596,0,0,0,0.00178159592568752,0,0,0,0,0,0,0,0.00447685920344235,0.00183733532468087,0.0242039845549218,0,3.31408376485179e-05,0,0,0,0,0,0,0,0,0,0,0,0,0,0,0,4.40137119877616e-05,0,6.83000676282028e-05,0.000295490510418202,0.0322610799319539,0.00583580078386085,0,0.000223028286705316,0,0.000503434449458362,0.025175717196031,0.00119363756124344,0.00519294243622325,2.68108856039686e-05,4.0491248823214e-05,0,0,0,0.00451997487329995,9.08875726361421e-06,7.11535169499927e-06,0.000405198111280712,7.1123430802608e-06,0,2.35182628460652e-05,1.71122878481894e-05,1.02257485924927e-05,0.000528571726747754,0,0,0,3.15550515707233e-05,0,0,0,0,0.000582710685480599,0.000230756596006691,0,0,0,0,0.000178261600703174,0.00328539504135275,0.000319125450877802,0.00427482324084435,0.00631823698374557,0.000195112430493288,0.15353173688131,0.000266095503415002,0.0103096890259796
0,0,0,0,0,0,0,0,0,0,0,0,0,0,0,0,0.000229035420497373,0.000228447212040702,0.00157204107104347,0,0,0,0,0,0,0,0,0,0,0,0,0,0,0,0,0,0,0,0,0.000405689185980378,0,0.00489284492557245,0.000223028286705316,0,0,0.000420291328584488,1.18308933013667e-05,0,0,0,0,0,0,0,0,0,0,1.42265702729384e-05,0,0,0,0,1.45037236306232e-05,5.61411024297886e-05,0,0,0,0,0,0,0,0,8.64561497072348e-05,0,0,0,0,0,0.000163831833212452,0,3.67521571119398e-05,1.08977477747355e-05,0.000446357713214712,1.54498275439449e-05,0.00392577092479857,0.000141958575765075,0
0,0,0,0,0,0,0,0,0,0,0,0,0,0,0,0,0,0,0,0,0,0,0,0,0,0,0,0,0,0,0,0,0,0,0,0,0,0,0,0,0,0,0,0,0,0,0,0,0,0,0,0,0,0,0,0,0,0,0,0,0,0,0,0,0,0,0,0,0,0,0,0,0,0,0,0,0,0,0,0,0,0,0,0,0,0,0
0,0.00109502001049955,0.000135088709788513,0.00232735951623553,0,0.000210459542140103,0,0,0,0.000325911949202151,0,8.02584804460247e-06,0,0,0,0,0.000492944234848676,0.00128224139008683,0.0233677610040336,0,0,0,0,0,0,0,0,0,0,0,0,0,0,0,0,0.000288719818557807,0,0,0,0.0387959878815286,0.000742568954476088,0.00847344007466078,0.000503434449458362,0.000420291328584488,0,0,0.000460676372999659,0,0,0.00186840288183151,0,0.000299203007043802,0,0,0,0.000669863056639276,9.66318095990265e-05,0.00182148789815292,4.15152926868546e-05,0.000260944962792144,7.45195532805658e-05,0.000456693001633442,0.0243813457708014,0,0,0,0,0,0,0,5.85391995391434e-06,0,0.000794138356467692,0,0,0,0,0,0.00532064784576516,4.63448231831954e-05,0.00303546669104955,2.54158443459447e-06,0.0015808571714025,3.67555707897849e-05,0.0502847665155527,0.00021294566438016,0
0.00108751181092808,0,0.00474551203420891,7.36527547604547e-05,9.41196662431528e-05,1.31414206986733e-05,0,0,0,7.03735700146057e-05,0,0,0,0,0,0,0.0030288961106191,0.00130544853882488,0.046678691067278,0,0,0,0,0,0,0,0,0,0,0,0,0,0,0,0,0,0.000978199491374262,0,0,0.00100312096208643,0.0393617945397278,0.00098689136071133,0.025175717196031,1.18308933013667e-05,0,0.000460676372999659,0,0.000123473251469141,0.00241665760643765,6.76189021352571e-05,6.00913711147604e-05,9.50485145049076e-06,0,0,0.00535031204373078,0.000254174986131134,1.93121767589206e-05,0.000260699190225689,6.97780004361931e-05,0,2.33198601331194e-05,0,0,0.0347160299872995,0,0,0,0,0,0,0,0,0.000104006436938565,0,0,0,0,0,0.000219816557861441,0.00671117545151724,0.000117232412549779,0.00234444792442177,0.00371086258709305,6.93187205136603e-05,0.0708114676180207,0.000345769520175724,0.000222721976293392
0.0012110087489771,0.000299959103501558,0.000170207550370607,0,0.000103124698722346,0,0,0,0.000330804515891881,0.000970572125213007,0,0,0,0,0,0,0,0,0,0,0,0,0,0.000334132043614672,0,0,0,0,0,0,0,0.0129791580292853,0.252937055378729,0.0664659820028669,0.224238998607241,0.00430461551998925,0.00553098548881644,0.0169054083216115,0.000972079863241215,0.0150462827482763,0.00224737382801334,0.000204830103655736,0.00119363756124344,0,0,0,0.000123473251469141,0,0.002964478374111,0.0979597175082516,0,0,0,0,0.00244194554991304,0.00212409583177493,0,0,0,0,0,0,0,0,0,0,0.00130308730722758,0.00743043414785577,0,0,0,0,0,0,0.797636178312259,0.210818428095135,0.358010924632059,0.0514139196913324,0.0153166025344921,0.01324003306989,0.0175849171740101,0.00239965777231319,0.000984735095485221,8.14483638682389e-06,0.0136253394510266,2.20036279304816e-05,0
0.0140325535480739,0,0.014834155824008,1.22381202423819e-05,0.000447377738611925,3.69288468623436e-05,0,5.82644661669025e-05,0.000135969309351963,0,0,0,0,0,0,0,0,0,0.000142942939958222,0,0,0,0,0,0,0,0,0,0,0,0,0,0,0,0,7.12008042760358e-05,0.00041474210027147,0,0,0.000178990475887428,0.0265756391549054,0,0.00519294243622325,0,0,0,0.00241665760643765,0.002964478374111,0,4.18206566038365e-05,3.56633633596269e-05,0,0,0,0.00865965007740384,0,1.668834165081e-05,0,2.72853437187055e-05,1.05992895540075e-05,0,0,0,6.09233528504469e-05,0,0.000789328758008103,0,2.36077858337814e-05,0,0,0,0,0,0.000162869365418692,0,0,0,0,2.58423471655219e-05,0.00213386096896606,6.87788094484737e-06,8.79737891289663e-06,0.00139368955080788,1.17054241896913e-05,0.0191575237945715,0,0
0.000213969734002632,0.0503356424594044,5.1296322657168e-05,0.0128774090785693,0,0.00199993431087649,0,0,0.000310598433695933,0.0068171764179869,0,0,0,0,0,0,0,1.29372728909732e-05,8.88820533400138e-05,0.000147673446430434,0,0.00307274787824155,0,0.00407468788525864,0,0,0,0,0,0,0,0.00020064693429199,3.78308977176704e-05,1.09885933921591e-05,0.000994630567748512,0.000360869446457382,0.000112788630403365,0.00571820632573557,0.000487912884287751,0.0108840271487571,0.000839778262995235,0.00961285147418224,2.68108856039686e-05,0,0,0.00186840288183151,6.76189021352571e-05,0.0979597175082516,4.18206566038365e-05,0,0,0.000676853120388085,0,0,0.000847299477680731,0.00429835794879238,7.18231290114288e-06,0.00413386190091816,0,0.000300530609999749,0,0.00409540188172926,0.000242423735112719,0,0.00666051176997789,0,0.0193675001554488,0.00136747538799193,0,0,0,0,0.000207608524060475,0,0.0195483359674284,0,0.0115411741357087,0.00101415050173095,0.00123118968884973,1.88943202638317e-05,0.00815118635051327,0.000610326944546604,0.00129419361997268,3.4861161958748e-05,0.0365115604539039,0.000241975406040999,0
0,0,0.00889281741564456,0,0.0600756652156767,0,0.0151569336292695,0,0.00633249359182186,0,0,0,0,0,0,0,0,0,0,0,0.0366728725635058,0,0,0,0,0,0,0,0,0,0,0,0,0,0,0,0,0,0,0,7.84745938783118e-05,0.000101312774497287,4.0491248823214e-05,0,0,0,6.00913711147604e-05,0,3.56633633596269e-05,0,0,0,0,0,0.00172011245738186,0,0,0,0,0,0,0,0,0.0491785975472029,0,0,0,0,0,0,0,0,0,0,0,0,0,0,0,4.61591666511287e-06,0,0,0.000177900240208181,0,0.00267865817294099,0,0
0,0,0.000166833465552827,0.0191938386698672,0,0.161894805374239,0,0.0191452329864224,0,0.0151048644073911,0,0.00221401029264893,0,0,0,0.0154790499980908,0,3.47060252504314e-06,5.04027141334552e-05,0.0839122224086222,0,0,0,0,0,0,0,0,0,0,0,0,0,0,0,0.000381126784913186,0,0,0,0.000804923811502949,0,0.0011155683707487,0,0,0,0.000299203007043802,9.50485145049076e-06,0,0,0.000676853120388085,0,0,0,0,0,0.00121011425267012,0,0.00629279471058027,0,6.36877612566378e-05,0,0.00808103305821963,0.0183675762804864,0,0,0,0,0,0,0,0,0,0.00027542573773909,0,0,0,0,0,0.000251012643914485,0,2.41694377217623e-05,0,0.00145351749331594,2.18837151911201e-05,0.0119650633795147,0,0
0,0,0,0,0.00562831496699182,0,0.0493255901765449,0,0,0,0.000247058591007023,0,0,0,0,0,0,0,0,0,0.00291809788190307,0,0,0,0,0,0,0,0,0,0,0,0,0,0,0,0,0,0,0,0,0,0,0,0,0,0,0,0,0,0,0,0,0,0,0,0,0,0,0,0,0,0,0.00357772237462992,0,0,0,0,0,0,0,0,0,0,0,0,0,0,0,0,0,0,0.000669321571284659,6.8008984211825e-05,0,0,0
0,0,0,0,0,0.0281023230410663,0,0.092166221643535,0,0,0,0.00735257794084965,0,0,0,0,0,0,0,0.105867808011594,0,0,0,0,0,0,0,0,0,0,0,0,0,0,0,1.75366664667068e-05,0,0,0,0,0,0,0,0,0,0,0,0,0,0,0,0,0,0,0,0,0,0.00922996004701216,0,0,0,0,0.00147752928618331,0,0,0,0,0,0,0,0,0,0,0,0,0,0,0,4.78494167371283e-06,0,0,0,0.00120767596263889,0,0.000148619148251442,0,0
0.266494489971901,0,0.0906214101165006,0,0.00747436336781639,0,0,0,0.0501662845689655,0.000327584165358525,0,0,0,0,0.249264436105182,0,3.16253349724543e-06,0,6.33390972438265e-05,0,7.45829877758179e-05,0,0,0,0.00029268264278854,0,0.0508662041895624,0,0,0,0,0,0,0,0.000577413457863157,0,3.16340503196035e-06,0.000635517166554146,0.00176623594119013,0.000212434907630997,0.0010498533082777,0.000128916386291764,0.00451997487329995,0,0,0,0.00535031204373078,0.00244194554991304,0.00865965007740384,0.000847299477680731,0.00172011245738186,0,0,0,0,0.000729343798451241,0,1.35365857020335e-05,0,0,0.0236134722916593,0,0,0.000931941089329962,0,0,0.000288657414674705,0.0184074019953788,0,0.000166866268407583,0,0,0,2.87894060122253e-05,0,0,0,0.000329618854962566,0,0.000105172616386317,0.000160159109843062,0.00119827854356345,0.00114163057810452,1.14315855782355e-06,0.0190044882935473,0,0.000205822374174727
0.000372715823379615,0.148011833160478,0,0.0736682842901784,5.19780622003153e-05,0.0543675503651759,0,0,7.44940326369622e-05,0.309766410686236,0,0,0,0,0,0.0612522506046195,8.44659057985982e-06,0,0.00013662706792466,0.00476137884419304,0,0,0,0.00277975259887605,0,0,0,0,0,0,0,0,0,0.00396177186643645,0,0.000383920861368133,0,0.00131209325151051,0.000128082464664219,0.00237888488059181,0,0.00297352509752749,9.08875726361421e-06,0,0,0.000669863056639276,0.000254174986131134,0.00212409583177493,0,0.00429835794879238,0,0.00121011425267012,0,0,0.000729343798451241,0,0,0.0031296226323565,0,0.000784093332275896,0,0.0728727550945608,0.00330029273779006,0,0,0,0.00966068404345839,0.00163256582148875,0,0,0,0,0.000794513075286279,0,0.000112015434519881,0,0.00266949937354219,0,7.93421233338356e-05,0,0.00501722424235961,0,0.000290987065994474,2.98580999608316e-05,0.0130865901682298,0.000686720011782049,0
0,0,0.0030318407427531,0,2.66026856894164e-05,0,0.0106645847167874,0,0,0,0.132416417912641,0,0.0126938395396302,0,0,0,0,0,0,0,0.00875640994251856,0,0,0,0,0,0,0,0.00538575361246972,0,0.0275497539801974,0,0,0,0,0,0.00690976698642612,0,0.0553483669233102,0,4.88132468906371e-05,0,7.11535169499927e-06,0,0,9.66318095990265e-05,1.93121767589206e-05,0,1.668834165081e-05,7.18231290114288e-06,0,0,0,0,0,0,0,0,0.000839871348894845,0,0,0,0,0.0505321700320305,0,0,0,0,0,0,0,0.000188398200000014,0,0.0168980195473152,0,0,0,0,0,5.24560273015886e-05,0,0.00827198495215824,0.00301744709661315,0.000753770025676651,0.00983477126941733,0,0
0,0.00116538795182626,9.05450276521201e-05,0.0193325116765281,0,0.00456745029359836,0,0.00433583596554299,0,2.29672550065951e-05,0,0.100630671133545,0,0.079259981400724,0,0,0.000207613911515593,0.000317724913741898,0.00396505248646052,0.0075932304896495,0,0,0,0,0,0,0,0.000479902884028174,0,0.0125441286308023,0,0,0,0,0,0.000220126928665362,0,0.0155215071008836,0,0.00239959462236306,0.000296566874176011,0.041108106167691,0.000405198111280712,1.42265702729384e-05,0,0.00182148789815292,0.000260699190225689,0,0,0.00413386190091816,0,0.00629279471058027,0,0.00922996004701216,1.35365857020335e-05,0.0031296226323565,0,0,0,0.00252773092823553,0,0.00199207806509034,0.0211084767065589,0,0,0,0,0,0,0,0.00547172156572052,0,0.071261668995109,0,0,0,0,0,0.00033504179118643,1.43683087866063e-05,0.00788464493064188,8.180505979178e-05,0.00150028620062995,1.9054278393481e-06,0.032448499659814,0.0107416435997444,4.51344593036061e-05
0,0,0.00293575367337212,0,0,0,0,0,0,0,0.0228894268925018,0,0.0834834908971321,0,0,0,0,0,0,0,0,0,0,0,0,0,0,0,0.00399004515820494,0,0,0,0,0,0,0,0,0,0,9.1641721799169e-06,6.48106303322458e-05,0,7.1123430802608e-06,0,0,4.15152926868546e-05,6.97780004361931e-05,0,2.72853437187055e-05,0,0,0,0,0,0,0,0.000839871348894845,0,0,0,0,0,0,0.000618455298178106,0,0,0,0,0,0,0,0.000112661190069042,0,0,0,0,0,0,0,5.66444596512443e-06,0,0,0.00150149621765315,0.00339664116395671,0.00126118382583903,0,0
0,0,0,0.00804897556980402,0,0.00316181237171638,0,0,0,0.000409507842658204,0,0.112387038307021,0,0.104901389997663,0,0.00589216562133475,0,0,0,0.000119609050182938,0,0,0,0,0,0,0,0.00187012546728537,0,0,0,0,0,0,0,2.04059621114619e-05,0,0,0,0.000385670861824313,0,0.00045151720291684,0,0,0,0.000260944962792144,0,0,1.05992895540075e-05,0.000300530609999749,0,6.36877612566378e-05,0,0,0,0.000784093332275896,0,0.00252773092823553,0,0,0,0.0047447619993231,0.000487146784631222,0,0,0,0,0,0,0,8.55805235097477e-05,0,0.000189277325846626,0,0,0,0,0,4.92427229620954e-05,0,5.82899084660823e-06,0,0.00305986554299008,0.000920614662916232,0.00205363161852746,6.05972356548887e-05,0
0.00943308564054798,0,0.00948510852146085,0,0,0,0,0,0.00102266624073407,0,0,0,0.227131560486663,0,0.188722406907425,0,6.07528846887772e-05,0,0,0,0,0,0,0,0,0,0,0,0,0,0,0,0,0,0,0,0,0,0,0,0,0,2.35182628460652e-05,0,0,7.45195532805658e-05,2.33198601331194e-05,0,0,0,0,0,0,0,0.0236134722916593,0,0,0,0,0,0,0,0,0.000161680174820378,0,0,0,0,0,0,0,0,0,0,0,0,0,0,0,1.29282629905995e-06,0,0,0.000940986986139245,0,0.000564433605303493,0,0
0,0.0472798434436876,0,0.056732899081635,0,0.0418390395514529,0,0,0,0.0153189322485553,0,0,0,0.000724576495701838,0,0.121835772742415,0,0.000152430639417445,6.44509200952324e-05,0.000414015310443511,0,0,0,0.000589854972316742,0,0,0,0,0,0,0,0,0,0,0,5.16937085810289e-05,0,0,0,0.000469506020681291,0.000122016629072337,0.000681370822094257,1.71122878481894e-05,0,0,0.000456693001633442,0,0,0,0.00409540188172926,0,0.00808103305821963,0,0,0,0.0728727550945608,0,0.00199207806509034,0,0.0047447619993231,0,0,0.000422221620239999,0,0,0,0.000654554276170557,0,0.00192178156975698,0,0,0,0.00036767154789458,0,0,0,0,0,3.40585567017424e-05,0,4.3732233492599e-05,0,0.000431051910462878,0.000161152937621271,0.00379201466087907,0.000118055221883786,0
0,0.000222353376042785,0,0.00224123996803695,0,0.0237623920594967,0,0.00380576860537382,0,0.000623935213859797,0,0.011012409063846,0,0,0,0,6.36544752889125e-05,6.81256747407443e-05,0.000470126971624047,0.0945959317443589,0,0,0,0,0,0,0,0,0,0,0,0,0,0,0,0.0144981783576831,0,0.00978481142636154,0,0.0192307919742677,0,0.00881883789280139,1.02257485924927e-05,1.45037236306232e-05,0,0.0243813457708014,0,0,0,0.000242423735112719,0,0.0183675762804864,0,0.00147752928618331,0,0.00330029273779006,0,0.0211084767065589,0,0.000487146784631222,0,0.000422221620239999,0,0,0,0,0,0,0,0,1.18245234957558e-05,0,0.00442108205406335,0,0,0,0,0,0.00878781980884628,0,0.0146587067269499,2.07194798637334e-05,0.000608200452163945,2.21786980899619e-05,0.0316612373468357,0.00174204468445845,0
0,0,0.00515890340063214,0,0.0121192291202853,0,0.000314286426709227,0,0.000593854847478932,2.61670616680375e-05,0.0350033577282941,0,0,0,0,0,9.96245806446242e-05,5.38954418055641e-05,0.000923195445385639,0,0.0854001141067273,0,0,0,0,0,0,0,0,0,0,0,0,0,0,0,0.022407112926742,0,0.0118516731252741,0,0.0191156555909316,7.01155766496803e-05,0.000528571726747754,5.61411024297886e-05,0,0,0.0347160299872995,0,6.09233528504469e-05,0,0.0491785975472029,0,0.00357772237462992,0,0.000931941089329962,0,0.0505321700320305,0,0.000618455298178106,0,0.000161680174820378,0,0,0,0,0,0,0,0,0,0,0,0,0.000560942977598008,0,0,0,0,0,0.0105762889579297,0,0.011693678671667,0.000183341214258042,1.22503671044931e-05,0.0246690381466766,0,0
