0,0,0.119395086946695,0,0.203953032692273,0,0,0,0.262016435929215,0,0,0,0,0,0,0,0,0,0,0,0,0,0,0,0,0,0,0,0,0,0,0,0,0,0,0,0,0,0,0,0,0,0.184453278238123,0,0,0,0,0,0.193035173729139,0,0,0,0,0,0.229469194301104,0,0,0,0,0,0,0,0,0,0,0,0,0,0,0,0,0,0,0,0,0,0,0,0,0,0,0,0.207836601501744,0,0.182536402067473,0,0.180426069010388
0,0,0,0.137863739744409,0,0,0,0,0,0.241981021002915,0,0,0,0,0,0,0,0,0,0,0,0,0,0.163033992052078,0,0,0,0,0,0,0,0,0,0,0,0,0,0.245324805378914,0,0,0,0.237034230776455,0,0,0,0,0,0,0,0.188489607877251,0,0,0,0,0,0.181542679710231,0,0.236479684710503,0,0,0,0.172181605361402,0,0,0,0,0,0,0,0,0,0,0,0,0,0,0,0,0,0,0,0,0.245220423759614,0,0.249258784681893,0.281339740114553,0
0.119395086946695,0,0,0,0.161857548356056,0,0,0,0.136355909918036,0,0,0,0,0,0,0,0,0,0,0,0,0,0,0,0,0,0,0,0,0,0,0,0,0,0,0,0.267149433493614,0,0,0,0,0,0.208007248384612,0,0,0,0.166124249177594,0,0.192636290280258,0,0,0,0,0,0.175338295729537,0,0.22135055065155,0,0,0,0,0,0,0.176829695701599,0,0,0,0,0,0,0,0,0,0.291370749473572,0,0,0,0,0,0,0,0,0.124591896221751,0,0.152597963662431,0,0.179312939445178
0,0.137863739744409,0,0,0,0.140759382509824,0,0,0,0.138056634895263,0,0,0,0,0,0.134955244138837,0,0,0,0,0,0,0,0,0,0,0,0,0,0,0,0,0,0,0,0,0,0,0,0.202352181077003,0,0,0,0,0,0.133986558819957,0,0,0,0.142254181290255,0,0,0,0,0,0.156033878525098,0,0.221220228366735,0,0,0,0.203095262249311,0.148718490487053,0,0,0,0,0,0,0,0,0,0,0,0,0,0,0,0,0,0,0,0.120174397499515,0,0.143995659547437,0,0
0.203953032692273,0,0.161857548356056,0,0,0,0,0,0.169692454338074,0,0,0,0,0,0,0,0,0,0.279783770442009,0,0.230700847692788,0,0,0,0,0,0,0,0,0,0.31531348824501,0,0,0,0,0,0.249120292067528,0,0,0,0.237111162298765,0,0.279062233865261,0,0,0,0.220332963835625,0.234037761177335,0.248937675709366,0,0.170465512739287,0,0,0,0.170044471908893,0,0,0,0,0,0,0,0,0.250162693040691,0,0,0,0,0,0,0,0,0,0,0,0,0,0,0.292315751314163,0.251844558864832,0,0.325750678777695,0.206404593586922,0.126845672726631,0.24879870643007,0,0
0,0,0,0.140759382509824,0,0,0,0,0,0.137891354039311,0,0,0,0,0,0,0,0,0,0.177642837166786,0,0,0,0,0,0,0,0,0,0,0,0,0,0,0,0.182917967438698,0,0,0,0,0,0,0,0,0,0.202874715129534,0,0,0,0,0,0.171727433800697,0,0,0,0.174196612710754,0,0.212029904127121,0,0,0,0,0.19136417710904,0,0,0,0,0,0,0,0,0,0,0,0,0,0,0,0,0,0,0,0.154983266389796,0,0.15921721359094,0,0
0,0,0,0,0,0,0,0,0,0,0.222758961383437,0,0,0,0,0,0,0,0,0,0.211102346579234,0,0,0,0,0,0,0,0,0,0,0,0,0,0,0,0.152206003665924,0,0,0,0,0,0,0,0,0,0,0,0,0,0.133769154548645,0,0.18150823533535,0,0,0,0.253863628953695,0,0.186922361453374,0,0,0,0,0,0,0,0,0,0,0,0,0,0,0,0,0,0,0,0,0,0,0,0.206747756989312,0,0,0,0
0,0,0,0,0,0,0,0,0,0,0,0.200429623446813,0,0,0,0,0,0,0,0,0,0,0,0,0,0,0,0,0,0,0,0,0,0,0,0,0,0,0,0,0,0,0,0,0,0,0,0,0,0,0,0,0,0.161595684840627,0,0,0,0.243768641636485,0,0,0,0,0,0,0,0,0,0,0,0,0,0,0,0,0,0,0,0,0,0,0,0,0.162965873877207,0,0,0,0
0.262016435929215,0,0.136355909918036,0,0.169692454338074,0,0,0,0,0,0,0,0,0,0.199101787256567,0,0.217263540956709,0.200265590440143,0.238057239882408,0,0,0,0.187706813216209,0,0.173951003370406,0,0.163899891078472,0,0,0,0,0,0,0,0,0,0,0,0.24801033987539,0,0,0,0.266045462340117,0,0,0,0.212131475624831,0,0.210733987283016,0,0.16042229107448,0,0,0,0.245918423408478,0,0,0,0,0,0.126440346240997,0,0,0,0,0.242165789008141,0,0.220955957887603,0,0.180421793035098,0,0,0,0,0,0,0,0,0,0.382433623075485,0,0.28581016705088,0.221883179486555,0,0.185904066503784,0,0
0,0.241981021002915,0,0.138056634895263,0,0.137891354039311,0,0,0,0,0,0,0,0,0,0.122973341494799,0.190028585217617,0.198554659986662,0.215394452214241,0,0,0.184078618884087,0.184477418661118,0.215755720356745,0,0.166644144058228,0.199611648917198,0,0,0,0,0,0,0.323841691017151,0,0,0,0.286318936966416,0,0,0,0.237150937393308,0,0,0,0,0,0,0,0.218679858687914,0,0,0,0,0,0.248207113653323,0,0,0,0,0,0.139631318673491,0,0,0.262385785579681,0,0.175700132039529,0,0.169349031014876,0,0,0,0,0,0,0,0,0,0,0,0.299153349241294,0,0.224622401167718,0,0.241490564184884,0.254926127195358,0
0,0,0,0,0,0,0.222758961383437,0,0,0,0,0,0.144872857257724,0,0,0,0,0,0.343957670032978,0,0.200942184230903,0,0,0,0,0,0,0,0.141111150383949,0,0.277725438986506,0,0,0,0,0,0.35724912583828,0,0.229474593013918,0,0.330373575290044,0,0.355261194705963,0,0.458639591932297,0.331624925136566,0.336258208926986,0,0.283143838246663,0,0,0,0.178324103355408,0,0,0,0.251155817716534,0,0.162129636044088,0,0,0,0,0.30411723487907,0,0,0,0,0,0,0,0,0,0.321107112935611,0,0,0,0,0,0.297014091502536,0,0.291371166073489,0.187390807247034,0,0.424256105113912,0,0.461371600627899
0,0,0,0,0,0,0,0.200429623446813,0,0,0,0,0,0.206425394053045,0,0,0,0,0,0.13709910500329,0,0.333674281835556,0,0,0,0,0,0,0,0.268346802514676,0,0,0,0,0,0.392063111066818,0,0.170432576030751,0,0.230536793669065,0,0.328009866178036,0,0,0,0.309334345161915,0,0,0,0.294716474082735,0,0,0,0.282800525426865,0,0,0,0.244657012963399,0,0,0,0,0.229778228995669,0,0,0,0,0,0,0,0.3338987454772,0,0.300394470210512,0,0,0,0,0,0.265937617979944,0,0.23854258844989,0,0.185512987610239,0,0.32585501074791,0.320110201835632,0
0,0,0,0,0,0,0,0,0,0,0.144872857257724,0,0,0,0,0,0,0,0,0,0,0,0,0,0,0,0,0,0,0,0,0,0,0,0,0,0,0,0,0,0,0,0,0,0,0,0,0,0,0,0,0,0,0,0,0,0.253801179783685,0,0.210293630462381,0,0,0,0,0,0,0,0,0,0,0,0,0,0,0,0,0,0,0,0,0,0,0,0.220106329988031,0,0,0,0
0,0,0,0,0,0,0,0,0,0,0,0.206425394053045,0,0,0,0.154703853811537,0,0,0,0,0,0,0,0,0,0,0,0,0,0,0,0,0,0,0,0,0,0,0,0,0,0,0,0,0,0,0,0,0,0,0,0,0,0,0,0,0,0.194546271115541,0,0.229830639551601,0,0.156033431312868,0,0,0,0,0,0,0,0,0.19250439496144,0,0,0,0,0,0,0,0,0,0,0,0,0,0,0,0
0,0,0,0,0,0,0,0,0.199101787256567,0,0,0,0,0,0,0,0.163936041067449,0,0,0,0,0,0.156169320146243,0,0,0,0.154194944284179,0,0.157011359930038,0,0,0,0,0,0,0,0,0,0,0,0,0,0,0,0,0,0,0,0.147774368524551,0,0,0,0,0,0,0,0,0,0,0,0.14916228396552,0,0,0,0,0,0,0,0,0,0,0,0,0,0,0,0,0,0,0,0,0,0.212944202494959,0.247865283654796,0,0,0
0,0,0,0.134955244138837,0,0,0,0,0,0.122973341494799,0,0,0,0.154703853811537,0,0,0,0.177711642013406,0,0,0,0,0,0,0,0.154837239919038,0,0,0,0,0,0,0,0,0,0,0,0,0,0,0,0,0,0,0,0,0,0,0,0.180756608362902,0,0,0,0,0,0.111675828695297,0,0,0,0,0,0.17595979321323,0,0,0,0,0,0,0.205071613595292,0,0,0,0,0,0,0,0,0,0,0,0,0,0.186402388848364,0.190008216561415,0,0,0
0,0,0,0,0,0,0,0,0.217263540956709,0.190028585217617,0,0,0,0,0.163936041067449,0,0,0.18146355102887,0.288540421769086,0,0,0.165548904240131,0.166311676264548,0.173644600311915,0.174744696170092,0.170148275115273,0.155514126585823,0,0.18524507433176,0,0.3440982401371,0,0,0,0,0.384905993938446,0,0,0,0.296643376350403,0.351145318576268,0.276627130061388,0.295960688062253,0.363693664471308,0.302203996313943,0.278350740671158,0.319452792406082,0,0,0.288645654916763,0,0,0,0,0.226705469191074,0,0.346970111131668,0.32694910466671,0,0,0.154269185751232,0,0.341830670833588,0.312658697366714,0.153229959309101,0.162717018802107,0.177882857620716,0.176919910770196,0.163514308276631,0.162944114608009,0,0,0,0,0,0,0,0,0.348161599310962,0.345829674830804,0.367395168001002,0.404960741599401,0.210447644159236,0.199202246067149,0.311629774366937,0.316061079502106,0.29801989197731
0,0,0,0,0,0,0,0,0.200265590440143,0.198554659986662,0,0,0,0,0,0.177711642013406,0.18146355102887,0,0.286992992701424,0,0,0.171813861846025,0.172248458745433,0.186066420185135,0.184137315799793,0.155962693560498,0.180336915811554,0.152357288941286,0,0,0.339012533426285,0,0,0,0,0.384878754615784,0,0,0,0,0.364056887725989,0.308647676592781,0.305571423026553,0.326447367668152,0.307372242212296,0.285138607025146,0,0,0,0,0,0,0,0,0.186698123812675,0,0.30308997631073,0,0,0,0.213432058691978,0.169935811993102,0.331328496336937,0.255765080451965,0.195169600844383,0.145702425390482,0.204883320331573,0,0.159440333915479,0.173796573653817,0,0,0,0,0,0,0,0,0.342747706919909,0.359727004766464,0.401324547827244,0.383718576282263,0.224799665971107,0.337655416705225,0.332394599130279,0.262205928564072,0.300367755549295
0,0,0,0,0.279783770442009,0,0,0,0.238057239882408,0.215394452214241,0.343957670032978,0,0,0,0,0,0.288540421769086,0.286992992701424,0,0,0.347103223204613,0.197882942855358,0.236558645236783,0.21065582036972,0.23576801456511,0.194887172430754,0.226239061448723,0.199779272079468,0,0,0.359289411987577,0,0,0,0,0.372106155652678,0.393826931715012,0.389909014105797,0.370482593774796,0.322794270904168,0.3633827982139,0.264350326958104,0.259685920367631,0.358199176860267,0.353805380349128,0.329532052079837,0.326519962513086,0.306149482727051,0.254627929379543,0.270123896002769,0,0,0,0,0,0,0.335745916554802,0.334074446133205,0,0,0.225744639833768,0,0.316481116981733,0.318766898342541,0,0.266172051429749,0,0,0.197206644713879,0.215738382604387,0,0,0.314814805984497,0.365211927890778,0,0,0,0,0.360487797518514,0.383171695950362,0.391924783933994,0.415749348585422,0.237458271766074,0.259811589977256,0.316361138391891,0.278758373939329,0.283978150062954
0,0,0,0,0,0.177642837166786,0,0,0,0,0,0.13709910500329,0,0,0,0,0,0,0,0,0,0,0,0,0,0,0,0,0,0,0,0,0,0,0,0.199589039932574,0,0.120921705558801,0,0,0,0.40456910431385,0.333696782588959,0,0,0.206999950110912,0,0,0,0.294009014964104,0,0.183499872684479,0,0,0,0,0,0.193357143323032,0,0,0,0,0.218759110656707,0,0,0,0,0,0,0,0,0,0.323014774492809,0,0,0,0,0,0.22592870550959,0,0.238033909016165,0,0.157756130795839,0,0.263671140955842,0.315899908542633,0
0,0,0,0,0.230700847692788,0,0.211102346579234,0,0,0,0.200942184230903,0,0,0,0,0,0,0,0.347103223204613,0,0,0,0,0,0,0,0,0,0,0,0.381532165137204,0,0,0,0,0,0.215707466006279,0,0.175345959940127,0,0.261583298444748,0,0.340004215637843,0,0,0,0.315324178763798,0,0.303429841995239,0,0,0,0,0,0,0,0.284810946076766,0,0,0,0,0,0,0.264667483819702,0,0,0,0,0,0,0,0,0,0.418957138061523,0,0,0,0,0,0.237337228638687,0,0.267711049730056,0.148172293168803,0.150942355394363,0.31030928411267,0,0
0,0,0,0,0,0,0,0,0,0.184078618884087,0,0.333674281835556,0,0,0,0,0.165548904240131,0.171813861846025,0.197882942855358,0,0,0,0.13153585502203,0.166212324691951,0,0.186027419387917,0.181214168667793,0.211906020840009,0,0,0,0,0,0.373986199498177,0,0,0,0.22148322211154,0,0,0,0,0,0,0,0,0,0.377979429562887,0,0.291277771564663,0,0,0,0,0,0,0,0.295981276035309,0,0,0,0,0.311640131473541,0,0.199079451179492,0.133689227700233,0.181386285741211,0,0.22832731405894,0,0.269102222760612,0,0.267002775751311,0,0,0,0,0,0.290845990180969,0,0.215188367035958,0,0.148598982313914,0.119431853915254,0,0,0
0,0,0,0,0,0,0,0,0.187706813216209,0.184477418661118,0,0,0,0,0.156169320146243,0,0.166311676264548,0.172248458745433,0.236558645236783,0,0,0.13153585502203,0,0.172906994819641,0.149886131979698,0.178743079304695,0.14257567598779,0,0.1919112200737,0,0,0,0,0,0,0,0,0,0.146766445164449,0,0,0,0,0,0,0,0,0,0.164177937337252,0,0,0,0,0,0,0,0,0,0,0,0.147684526940187,0,0,0,0.129584172167457,0.182492431135802,0,0.163427479168836,0,0.162783051912601,0,0.15779897965947,0,0,0,0,0,0,0.299072682857513,0,0,0.200594936557595,0.154616383212926,0.169823190350024,0,0,0
0,0.163033992052078,0,0,0,0,0,0,0,0.215755720356745,0,0,0,0,0,0,0.173644600311915,0.186066420185135,0.21065582036972,0,0,0.166212324691951,0.172906994819641,0,0,0.173291388995313,0,0.180647134780884,0,0,0,0,0,0,0,0,0,0.173944641087277,0,0,0,0,0,0,0,0,0,0,0,0.242819513721638,0,0,0,0,0,0.188583807221481,0,0,0,0,0,0.139073610305786,0,0,0.193152233572204,0,0.166363113021334,0,0.222120593808874,0,0,0,0,0,0,0,0,0,0,0,0.165223606364572,0,0.198893570318937,0.159173846244812,0.326031487435102,0,0
0,0,0,0,0,0,0,0,0.173951003370406,0,0,0,0,0,0,0,0.174744696170092,0.184137315799793,0.23576801456511,0,0,0,0.149886131979698,0,0,0,0.191468021479146,0,0,0,0,0,0,0,0,0,0,0,0.165574540885595,0,0,0,0,0,0,0,0,0,0.224231058635663,0,0,0,0,0,0.186034695023582,0,0,0,0,0,0,0,0,0,0,0,0,0.187057869331696,0,0.164707298216584,0,0,0,0,0,0,0,0,0,0,0,0.157748154401779,0.163782713996185,0,0,0,0
0,0,0,0,0,0,0,0,0,0.166644144058228,0,0,0,0,0,0.154837239919038,0.170148275115273,0.155962693560498,0.194887172430754,0,0,0.186027419387917,0.178743079304695,0.173291388995313,0,0,0,0.128090292904056,0,0,0,0,0,0,0,0,0,0,0,0,0,0,0,0,0,0,0,0,0,0.255161553621292,0,0,0,0,0,0,0,0,0,0,0,0.158277288079262,0,0,0.243035688996315,0,0.18224782278625,0,0.206383523689829,0,0.233545958995819,0,0,0,0,0,0,0,0,0,0,0,0.156577103924398,0.162039375305176,0,0,0
0,0,0,0,0,0,0,0,0.163899891078472,0.199611648917198,0,0,0,0,0.154194944284179,0,0.155514126585823,0.180336915811554,0.226239061448723,0,0,0.181214168667793,0.14257567598779,0,0.191468021479146,0,0,0,0.205542054027319,0,0,0,0,0,0,0,0,0,0,0,0,0,0,0,0,0,0,0,0.177533420920372,0,0,0,0,0,0.122467733919621,0,0,0,0,0,0.156861814856529,0,0,0,0,0.102865517139435,0.185495376586914,0.145539095704882,0,0.19901041900632,0,0.206845639989926,0,0,0,0,0,0,0,0,0,0,0.171052731626517,0.178094421327114,0,0,0
0,0,0,0,0,0,0,0,0,0,0,0,0,0,0,0,0,0.152357288941286,0.199779272079468,0,0,0.211906020840009,0,0.180647134780884,0,0.128090292904056,0,0,0,0.204707430972569,0,0,0,0,0,0,0,0.175800493359566,0,0,0,0,0,0,0,0,0,0,0,0,0,0,0,0,0,0,0,0,0,0.16504580527544,0,0.169831544160843,0,0,0.170204813281695,0,0,0,0.165384444594383,0,0.227228887156569,0,0.226340930423011,0,0,0,0,0,0,0,0.197451079885165,0,0.136370567346995,0.1722392141819,0,0,0
0,0,0,0,0,0,0,0,0,0,0.141111150383949,0,0,0,0.157011359930038,0,0.18524507433176,0,0,0,0,0,0.1919112200737,0,0,0,0.205542054027319,0,0,0,0.218466266108851,0,0,0,0,0,0,0,0.232304147654964,0,0,0,0,0,0,0,0,0,0,0,0,0,0,0,0,0,0,0,0,0,0,0,0,0,0,0.242858393561272,0,0,0,0.18055784702301,0,0.235525772166069,0,0.19881672312816,0,0,0,0,0,0,0,0.242535062630971,0.189147246571688,0.222484584365572,0,0,0
0,0,0,0,0,0,0,0,0,0,0,0.268346802514676,0,0,0,0,0,0,0,0,0,0,0,0,0,0,0,0.204707430972569,0,0,0,0,0,0,0,0,0,0.215021342454154,0,0,0,0,0,0,0,0,0,0,0,0,0,0,0,0,0,0,0,0.267331574497552,0,0,0,0,0.27112798889478,0,0,0,0,0,0,0,0.241477932643007,0,0.261986922544109,0,0,0,0,0,0.325369358062744,0,0.241205385606736,0,0.22175074617068,0,0,0,0
0,0,0,0,0.31531348824501,0,0,0,0,0,0.277725438986506,0,0,0,0,0,0.3440982401371,0.339012533426285,0.359289411987577,0,0.381532165137204,0,0,0,0,0,0,0,0.218466266108851,0,0,0,0,0,0,0,0.345661040395498,0,0.249203382128919,0,0.309182342555788,0,0.403582050519831,0,0.436167275905609,0,0.363006222175389,0,0.30125384281079,0,0,0,0,0,0,0,0.338432142280397,0,0,0,0,0,0.340227365493774,0.367931336448984,0,0,0,0,0,0,0,0.218896741668383,0,0.259151957915014,0,0.308878242969513,0,0,0.36965049803257,0.314929958776379,0,0.294197692139314,0.242584705352783,0,0.465372918603512,0,0.465905381100518
0,0,0,0,0,0,0,0,0,0,0,0,0,0,0,0,0,0,0,0,0,0,0,0,0,0,0,0,0,0,0,0,0.228776831645519,0.275419351955255,0,0.208246825777028,0,0,0,0,0,0,0,0,0,0,0,0.29331867010878,0,0,0,0,0,0,0,0,0,0,0,0,0,0,0,0,0,0,0,0,0,0,0,0,0,0,0.331958936663481,0.246857621879489,0.406470255014744,0,0.20787655952904,0.179393922289213,0,0,0.229796058200953,0,0.210587710142136,0,0
0,0,0,0,0,0,0,0,0,0,0,0,0,0,0,0,0,0,0,0,0,0,0,0,0,0,0,0,0,0,0,0.228776831645519,0,0,0.279678252008226,0,0.238400720325964,0,0,0,0,0,0,0,0,0,0,0.282624595032798,0,0,0,0,0,0,0,0,0,0,0,0,0,0,0,0,0,0,0,0,0,0,0,0,0,0,0,0.339642564219833,0,0.358088858563591,0,0.293106774506636,0,0,0.264104445352622,0,0,0,0
0,0,0,0,0,0,0,0,0,0.323841691017151,0,0,0,0,0,0,0,0,0,0,0,0.373986199498177,0,0,0,0,0,0,0,0,0,0.275419351955255,0,0,0.52662877130108,0.256299627229974,0,0.255281201812743,0,0,0,0,0,0,0,0,0,0.467806119931839,0.479421536127726,0.39722492992878,0,0,0,0,0,0,0,0,0,0,0,0,0,0,0.41429078578949,0,0,0,0,0,0,0,0,0,0.274726575613022,0,0.315461950529206,0.349278319254518,0.289023051545759,0,0.348719477447643,0,0.211947248470205,0.328600645065308,0.324167661368847,0,0
0,0,0,0,0,0,0,0,0,0,0,0,0,0,0,0,0,0,0,0,0,0,0,0,0,0,0,0,0,0,0,0,0.279678252008226,0.52662877130108,0,0,0.268673107415967,0,0.226478723209559,0,0,0,0.398524010181427,0,0,0,0,0.49156971489785,0.40061325872142,0,0,0,0,0,0,0,0,0,0,0,0,0,0,0,0,0,0,0,0,0,0,0,0,0,0,0.433340363204479,0.392001608833235,0.29846044895735,0,0.325187083004039,0,0.320424673967804,0.231546238453185,0,0,0,0
0,0,0,0,0,0.182917967438698,0,0,0,0,0,0.392063111066818,0,0,0,0,0.384905993938446,0.384878754615784,0.372106155652678,0.199589039932574,0,0,0,0,0,0,0,0,0,0,0,0.208246825777028,0,0.256299627229974,0,0,0.154616983676398,0.206411305035389,0,0.348771718144417,0.3318962007761,0.336494640580245,0.343949994580312,0.401144096420871,0.319716811180115,0.302344547861662,0.34658420085907,0.186426044177653,0.269336700439453,0.275760355843119,0,0,0,0,0,0,0,0.314505434953249,0,0,0,0,0.327916945764739,0,0,0,0,0,0,0,0,0,0,0,0.182103583741318,0,0.31152639325176,0,0.261629719493722,0.287850315299104,0.26358338991293,0,0.194516128236857,0.179123165388244,0.340027367250592,0.352879345417023,0.366156011819839
0,0,0.267149433493614,0,0.249120292067528,0,0.152206003665924,0,0,0,0.35724912583828,0,0,0,0,0,0,0,0.393826931715012,0,0.215707466006279,0,0,0,0,0,0,0,0,0,0.345661040395498,0,0.238400720325964,0,0.268673107415967,0.154616983676398,0,0.398308604955673,0.229601423152556,0,0.27367769495437,0.348003029823303,0.371983585117748,0,0.46356624873673,0,0.266741460802927,0.219348288476467,0.246037320429537,0.272632285952568,0.287312626838684,0,0,0,0.26576891541481,0,0.237967040921961,0,0,0,0,0,0.409977912902832,0.272635561660824,0,0,0,0,0,0,0,0,0,0.3553074101607,0,0.309585090958331,0,0.330587988568319,0.301665697778974,0.248318855467233,0,0.25801354345119,0.196042604302716,0.190178862716917,0.296779833332137,0,0.427452437579632
0,0.245324805378914,0,0,0,0,0,0,0,0.286318936966416,0,0.170432576030751,0,0,0,0,0,0,0.389909014105797,0.120921705558801,0,0.22148322211154,0,0.173944641087277,0,0,0,0.175800493359566,0,0.215021342454154,0,0,0,0.255281201812743,0,0.206411305035389,0.398308604955673,0,0.143576306935686,0,0.404179930686951,0.243999548877279,0,0.434771731495857,0,0.301372408866882,0,0.3665627634345,0,0.253977455942518,0,0,0,0,0,0.270942240953445,0,0.194066691271802,0,0,0,0,0.347014899145473,0,0.340330618448063,0,0.256422077616056,0,0,0,0.30228865953559,0,0.282290454333027,0,0,0,0.288048764069875,0,0.244637200870249,0,0.23137699610762,0.128705018701462,0.162413686478744,0.157603618601958,0.284563281546438,0,0
0,0,0,0,0,0,0,0,0.24801033987539,0,0.229474593013918,0,0,0,0,0,0,0,0.370482593774796,0,0.175345959940127,0,0.146766445164449,0,0.165574540885595,0,0,0,0.232304147654964,0,0.249203382128919,0,0,0,0.226478723209559,0,0.229601423152556,0.143576306935686,0,0,0.290917992591858,0,0.212073227763176,0,0.391767114400864,0,0.350752357393503,0.272785937437763,0.307365027235964,0,0,0,0,0,0.267086362296885,0,0.202696801769776,0,0,0,0,0,0,0.313438259065151,0,0.206058285738292,0,0,0,0,0,0,0,0.253630506495635,0,0,0,0.283746460062301,0.321647584438324,0.26958475013574,0.120634917169809,0.241197642054821,0.16093084183985,0.153509432247963,0.24697147435117,0,0.490153551101685
0,0,0,0.202352181077003,0,0,0,0,0,0,0,0.230536793669065,0,0,0,0,0.296643376350403,0,0.322794270904168,0,0,0,0,0,0,0,0,0,0,0,0,0,0,0,0,0.348771718144417,0,0,0,0,0.320242434740067,0.319392837775059,0.298537967460496,0.318694752843484,0,0.263559431303609,0,0.261856775968633,0,0.26639373854694,0,0,0,0,0,0,0.332441508769989,0.265041929204017,0,0,0,0,0.261604993565688,0,0,0,0,0,0,0,0,0,0.264800683408976,0,0,0,0,0,0.265366703147745,0.362758046388626,0.298097019083798,0.329667463898659,0.305572924159822,0.304709285497665,0.336226220083327,0.293091237545013,0
0,0,0,0,0.237111162298765,0,0,0,0,0,0.330373575290044,0,0,0,0,0,0.351145318576268,0.364056887725989,0.3633827982139,0,0.261583298444748,0,0,0,0,0,0,0,0,0,0.309182342555788,0,0,0,0,0.3318962007761,0.27367769495437,0.404179930686951,0.290917992591858,0.320242434740067,0,0.332529852787654,0.313192306831479,0.31105552315712,0.420753359794617,0.371722847223282,0.272744733003268,0.270218433865479,0.262146486625458,0.236375451087952,0.240396549304326,0,0,0,0,0,0.266464743476648,0,0,0,0,0,0.329756506464698,0.271322413905417,0,0,0,0,0,0,0,0,0,0.321955654025078,0,0.187109366059303,0,0,0.350073387989631,0.327791060797901,0.37367194039481,0.36626951074278,0.329350703582168,0,0.34800128514428,0.282637789845467,0.42409120822275
0,0.237034230776455,0,0,0,0,0,0,0,0.237150937393308,0,0.328009866178036,0,0,0,0,0.276627130061388,0.308647676592781,0.264350326958104,0.40456910431385,0,0,0,0,0,0,0,0,0,0,0,0,0,0,0,0.336494640580245,0.348003029823303,0.243999548877279,0,0.319392837775059,0.332529852787654,0,0.255063468949837,0.224103908670151,0.265575313568115,0.307697895914316,0.310114018619061,0.219593698198491,0.243611897528172,0.243056895451436,0,0,0,0,0,0.263845650922684,0,0.356113155307465,0,0,0,0,0.372098072295183,0,0,0,0,0,0,0,0.3814417719841,0,0.354600586273052,0,0,0,0,0,0.333305611348277,0.33913173132083,0.374905301095213,0.351664893329144,0.230898290300225,0.305990546941757,0.303509947792461,0.24392653075967,0.273039191961288
0.184453278238123,0,0.208007248384612,0,0.279062233865261,0,0,0,0.266045462340117,0,0.355261194705963,0,0,0,0,0,0.295960688062253,0.305571423026553,0.259685920367631,0.333696782588959,0.340004215637843,0,0,0,0,0,0,0,0,0,0.403582050519831,0,0,0,0.398524010181427,0.343949994580312,0.371983585117748,0,0.212073227763176,0.298537967460496,0.313192306831479,0.255063468949837,0,0.25575078651309,0.268078491091728,0.290423179214651,0.333463394578467,0.309376455965589,0.25277155974277,0.259872575600942,0.289161890745163,0,0,0,0,0,0.380718250359808,0.317141130566597,0,0,0,0,0.303167791571468,0.343914174164335,0,0,0,0,0.247610554099083,0,0,0,0.329451978206635,0.418396996600287,0,0,0,0,0.326181224071896,0.353935138495534,0.372203593452771,0.434957104293924,0.239860231280327,0.305141888558865,0.291596684648281,0,0.279041710515249
0,0,0,0,0,0,0,0,0,0,0,0,0,0,0,0,0.363693664471308,0.326447367668152,0.358199176860267,0,0,0,0,0,0,0,0,0,0,0,0,0,0,0,0,0.401144096420871,0,0.434771731495857,0,0.318694752843484,0.31105552315712,0.224103908670151,0.25575078651309,0,0.226005584001541,0.334060451593892,0,0.246579393744469,0,0.258980208499865,0,0,0,0,0,0,0,0.378523031870524,0,0,0,0,0.381229451960988,0,0,0,0,0,0,0,0,0,0.348407804965973,0,0,0,0,0,0.362607004003482,0.355902403593063,0.472197723838518,0,0.278776683035444,0.409419298171997,0.348024518120508,0.244004435837269,0.253636121749878
0,0,0,0,0,0,0,0,0,0,0.458639591932297,0,0,0,0,0,0.302203996313943,0.307372242212296,0.353805380349128,0,0,0,0,0,0,0,0,0,0,0,0.436167275905609,0,0,0,0,0.319716811180115,0.46356624873673,0,0.391767114400864,0,0.420753359794617,0.265575313568115,0.268078491091728,0.226005584001541,0,0.279638290405273,0.35298416018486,0,0,0,0,0,0,0,0,0,0.437946729362011,0,0,0,0,0,0.317280570665995,0.404561176896095,0,0,0,0,0,0,0,0,0,0.45335572399199,0,0,0,0,0.341363974809647,0.456324850810212,0.339474156498909,0.507360815619811,0.328815628999266,0.385125041007996,0.432127409474144,0.282478600740433,0.270158306725564
0,0,0,0.133986558819957,0,0.202874715129534,0,0,0,0,0.331624925136566,0.309334345161915,0,0,0,0,0.278350740671158,0.285138607025146,0.329532052079837,0.206999950110912,0,0,0,0,0,0,0,0,0,0,0,0,0,0,0,0.302344547861662,0,0.301372408866882,0,0.263559431303609,0.371722847223282,0.307697895914316,0.290423179214651,0.334060451593892,0.279638290405273,0,0,0.244979934080651,0.280536308884621,0.262177264615893,0,0.206951700150967,0,0,0,0.215503543615341,0,0.29236227339297,0,0,0,0,0.251932795489379,0,0,0,0,0,0,0,0.325516164302826,0,0.303820559382439,0,0,0,0,0,0.251091631013395,0.348663717508316,0.351014912128448,0,0.290939328917226,0.394971787929535,0.265741559449741,0,0
0,0,0.166124249177594,0,0.220332963835625,0,0,0,0.212131475624831,0,0.336258208926986,0,0,0,0,0,0.319452792406082,0,0.326519962513086,0,0.315324178763798,0,0,0,0,0,0,0,0,0,0.363006222175389,0,0,0,0,0.34658420085907,0.266741460802927,0,0.350752357393503,0,0.272744733003268,0.310114018619061,0.333463394578467,0,0.35298416018486,0,0,0.272769903594797,0.260567842468253,0.347126305103302,0.239565663660566,0,0,0,0.16465912759304,0,0.320814721724566,0,0,0,0,0,0.355592846870422,0.281554310568597,0,0,0,0,0,0,0,0,0,0.378392119117144,0,0.234435854398686,0,0,0.344598636679027,0.274519579958112,0,0.382559629405877,0.264132824563791,0.288024067878723,0.293505629816328,0.283461600542068,0.341790074110031
0,0,0,0,0.234037761177335,0,0,0,0,0,0,0,0,0,0,0,0,0,0.306149482727051,0,0,0.377979429562887,0,0,0,0,0,0,0,0,0,0.29331867010878,0.282624595032798,0.467806119931839,0.49156971489785,0.186426044177653,0.219348288476467,0.3665627634345,0.272785937437763,0.261856775968633,0.270218433865479,0.219593698198491,0.309376455965589,0.246579393744469,0,0.244979934080651,0.272769903594797,0,0.349186046026557,0.368227321298412,0,0,0,0,0,0,0,0,0,0,0,0,0.270468632380168,0.255133700867494,0.406805564195682,0,0,0,0,0,0.370774368445079,0,0.322779253125191,0.33389738202095,0.410746913792108,0.359136954273867,0.380053349789793,0.349761608581356,0.368710413479774,0.276197223738634,0.427162838042844,0.387171446104292,0.244866409469196,0,0.26928660695429,0.31077054142952,0
0.193035173729139,0,0.192636290280258,0,0.248937675709366,0,0,0,0.210733987283016,0,0.283143838246663,0,0,0,0.147774368524551,0,0,0,0.254627929379543,0,0.303429841995239,0,0.164177937337252,0,0.224231058635663,0,0.177533420920372,0,0,0,0.30125384281079,0,0,0.479421536127726,0.40061325872142,0.269336700439453,0.246037320429537,0,0.307365027235964,0,0.262146486625458,0.243611897528172,0.25277155974277,0,0,0.280536308884621,0.260567842468253,0.349186046026557,0,0.276016259477252,0.254945869743824,0,0,0,0.178467560373247,0,0.246302517435767,0,0.207730237800296,0,0.203159812618704,0,0.239494882524014,0.238955039793337,0,0.17913554340743,0,0.240501046057064,0,0.250128240961778,0,0.246618406186181,0,0.315072098452794,0.146688506007195,0.190138243966632,0,0.40356089562929,0.332190920909246,0.267666159779055,0,0.357642156549489,0.270515088042984,0,0.242641490258007,0.295076116919518,0.197798242773673
0,0.188489607877251,0,0.142254181290255,0,0,0,0,0,0.218679858687914,0,0.294716474082735,0,0,0,0.180756608362902,0.288645654916763,0,0.270123896002769,0.294009014964104,0,0.291277771564663,0,0.242819513721638,0,0.255161553621292,0,0,0,0,0,0,0,0.39722492992878,0,0.275760355843119,0.272632285952568,0.253977455942518,0,0.26639373854694,0.236375451087952,0.243056895451436,0.259872575600942,0.258980208499865,0,0.262177264615893,0.347126305103302,0.368227321298412,0.276016259477252,0,0,0,0,0,0,0.183541747048879,0,0.2879182635456,0,0.218030515561501,0,0.187795900616301,0.275262040208535,0,0.310630550626123,0,0.302761921625246,0,0.266206537559628,0,0.298239760855968,0,0.299286609090734,0,0.337070008739829,0,0.374612337997499,0,0.33300742782887,0.292678213119507,0.283209447496912,0,0.259100059828451,0,0.277205326059671,0.29455354809761,0
0,0,0,0,0.170465512739287,0,0.133769154548645,0,0.16042229107448,0,0,0,0,0,0,0,0,0,0,0,0,0,0,0,0,0,0,0,0,0,0,0,0,0,0,0,0.287312626838684,0,0,0,0.240396549304326,0,0.289161890745163,0,0,0,0.239565663660566,0,0.254945869743824,0,0,0,0,0,0.155702515081926,0,0.2179244607687,0,0.283792906999588,0,0.170422261580825,0,0,0.280552850392732,0,0,0,0,0,0,0,0,0,0.296801865100861,0,0,0,0,0,0,0,0,0.224557735522588,0,0.260280296206474,0,0
0,0,0,0,0,0.171727433800697,0,0,0,0,0,0,0,0,0,0,0,0,0,0.183499872684479,0,0,0,0,0,0,0,0,0,0,0,0,0,0,0,0,0,0,0,0,0,0,0,0,0,0.206951700150967,0,0,0,0,0,0,0,0.275626480579376,0,0.193096230427424,0,0.210515568653742,0,0.25823609104295,0,0,0.213490656480707,0,0,0,0,0,0,0,0,0,0,0,0,0,0,0,0,0,0,0,0,0,0,0,0
0,0,0,0,0,0,0.18150823533535,0,0,0,0.178324103355408,0,0,0,0,0,0,0,0,0,0,0,0,0,0,0,0,0,0,0,0,0,0,0,0,0,0,0,0,0,0,0,0,0,0,0,0,0,0,0,0,0,0,0,0,0,0.197046316095761,0,0,0,0,0,0,0,0,0,0,0,0,0,0,0,0,0,0,0,0,0,0,0,0,0,0.176286576348439,0,0,0,0
0,0,0,0,0,0,0,0.161595684840627,0,0,0,0.282800525426865,0,0,0,0,0,0,0,0,0,0,0,0,0,0,0,0,0,0,0,0,0,0,0,0,0,0,0,0,0,0,0,0,0,0,0,0,0,0,0,0.275626480579376,0,0,0,0,0,0.267857700194183,0,0,0,0,0,0,0,0,0,0,0,0,0,0,0,0,0,0,0,0,0,0,0,0,0,0,0,0,0
0.229469194301104,0,0.175338295729537,0,0.170044471908893,0,0,0,0.245918423408478,0,0,0,0,0,0,0,0.226705469191074,0.186698123812675,0,0,0,0,0,0,0.186034695023582,0,0.122467733919621,0,0,0,0,0,0,0,0,0,0.26576891541481,0,0.267086362296885,0,0,0,0,0,0,0,0.16465912759304,0,0.178467560373247,0,0.155702515081926,0,0,0,0,0,0,0,0,0,0.159563852681054,0,0,0,0,0,0,0.216243875079921,0,0.152367057544845,0,0,0,0,0,0,0,0,0,0,0,0,0.25061149738729,0,0.177772281691432,0,0
0,0.181542679710231,0,0.156033878525098,0,0.174196612710754,0,0,0,0.248207113653323,0,0,0,0,0,0.111675828695297,0,0,0,0,0,0,0,0.188583807221481,0,0,0,0,0,0,0,0,0,0,0,0,0,0.270942240953445,0,0,0,0.263845650922684,0,0,0,0.215503543615341,0,0,0,0.183541747048879,0,0.193096230427424,0,0,0,0,0,0,0,0,0,0.162835972953816,0,0,0,0,0.143955919477675,0,0,0,0,0,0,0,0,0,0,0,0,0,0.259673512644238,0,0.239624842761024,0,0.230359811936655,0.290213346481323,0
0,0,0.22135055065155,0,0,0,0.253863628953695,0,0,0,0.251155817716534,0,0.253801179783685,0,0,0,0.346970111131668,0.30308997631073,0.335745916554802,0,0.284810946076766,0,0,0,0,0,0,0,0,0,0.338432142280397,0,0,0,0,0,0.237967040921961,0,0.202696801769776,0.332441508769989,0.266464743476648,0,0.380718250359808,0,0.437946729362011,0,0.320814721724566,0,0.246302517435767,0,0.2179244607687,0,0.197046316095761,0,0,0,0,0,0.239988938168339,0,0.203190634156218,0,0,0.327033914979972,0,0,0,0,0,0,0,0.247479528968417,0,0.343047222946035,0,0,0,0,0.311596641937892,0.297028375836798,0,0.345887912502549,0.201258635075835,0,0.395715440493941,0,0.426768402258555
0,0.236479684710503,0,0.221220228366735,0,0.212029904127121,0,0.243768641636485,0,0,0,0.244657012963399,0,0.194546271115541,0,0,0.32694910466671,0,0.334074446133205,0.193357143323032,0,0.295981276035309,0,0,0,0,0,0,0,0.267331574497552,0,0,0,0,0,0.314505434953249,0,0.194066691271802,0,0.265041929204017,0,0.356113155307465,0.317141130566597,0.378523031870524,0,0.29236227339297,0,0,0,0.2879182635456,0,0.210515568653742,0,0.267857700194183,0,0,0,0,0,0.224040772993582,0,0.216459751750032,0.30171657861229,0,0.302310645580292,0,0,0,0,0,0.341921879078752,0,0.313755440004653,0,0,0,0,0,0.285774149446406,0.358856737613678,0.322154738974334,0.408609330654144,0.282041320168391,0,0.327553809510202,0.376857523620129,0
0,0,0,0,0,0,0.186922361453374,0,0,0,0.162129636044088,0,0.210293630462381,0,0,0,0,0,0,0,0,0,0,0,0,0,0,0,0,0,0,0,0,0,0,0,0,0,0,0,0,0,0,0,0,0,0,0,0.207730237800296,0,0.283792906999588,0,0,0,0,0,0.239988938168339,0,0,0,0.238419063769988,0,0,0,0,0,0,0,0,0,0,0.222001056769769,0,0,0,0,0,0,0,0,0,0,0.161877443393072,0,0.216341152787209,0,0
0,0,0,0,0,0,0,0,0,0,0,0,0,0.229830639551601,0,0,0,0,0,0,0,0,0,0,0,0,0,0.16504580527544,0,0,0,0,0,0,0,0,0,0,0,0,0,0,0,0,0,0,0,0,0,0.218030515561501,0,0.25823609104295,0,0,0,0,0,0.224040772993582,0,0,0,0.214035238568664,0,0,0,0,0,0,0,0,0.237095570065153,0,0,0,0,0,0,0,0,0,0,0,0,0,0,0,0
0,0,0,0,0,0,0,0,0.126440346240997,0,0,0,0,0,0.14916228396552,0,0.154269185751232,0.213432058691978,0.225744639833768,0,0,0,0.147684526940187,0,0,0,0.156861814856529,0,0,0,0,0,0,0,0,0,0,0,0,0,0,0,0,0,0,0,0,0,0.203159812618704,0,0.170422261580825,0,0,0,0.159563852681054,0,0.203190634156218,0,0.238419063769988,0,0,0,0,0,0,0.142207205295563,0,0,0,0.227773583172697,0,0.208507981151342,0,0,0,0,0,0,0,0,0,0,0.181363471065249,0,0.214716717600822,0,0
0,0.172181605361402,0,0.203095262249311,0,0,0,0,0,0.139631318673491,0,0,0,0.156033431312868,0,0.17595979321323,0,0.169935811993102,0,0,0,0,0,0.139073610305786,0,0.158277288079262,0,0.169831544160843,0,0,0,0,0,0,0,0,0,0,0,0,0,0,0,0,0,0,0,0,0,0.187795900616301,0,0,0,0,0,0.162835972953816,0,0.216459751750032,0,0.214035238568664,0,0,0,0,0,0,0,0,0.230838171366988,0,0,0,0,0,0,0,0,0,0,0,0,0,0.17422495294701,0.19907146692276,0,0,0
0,0,0,0.148718490487053,0,0.19136417710904,0,0,0,0,0,0.229778228995669,0,0,0,0,0.341830670833588,0.331328496336937,0.316481116981733,0.218759110656707,0,0.311640131473541,0,0,0,0,0,0,0,0.27112798889478,0.340227365493774,0,0,0,0,0.327916945764739,0.409977912902832,0.347014899145473,0,0.261604993565688,0.329756506464698,0.372098072295183,0.303167791571468,0.381229451960988,0.317280570665995,0.251932795489379,0.355592846870422,0.270468632380168,0.239494882524014,0.275262040208535,0,0.213490656480707,0,0,0,0,0,0.30171657861229,0,0,0,0,0,0,0,0,0,0,0,0,0.348516884446144,0,0.326097716648991,0,0,0,0,0,0.272501380855436,0.345671080407642,0.327924896051786,0.374095896879832,0.28383034856116,0.353962833682696,0.310114235375159,0.342515826970339,0.309730331103007
0,0,0.176829695701599,0,0.250162693040691,0,0,0,0,0,0.30411723487907,0,0,0,0,0,0.312658697366714,0.255765080451965,0.318766898342541,0,0.264667483819702,0,0,0,0,0,0,0,0,0,0.367931336448984,0,0,0,0,0,0.272635561660824,0,0.313438259065151,0,0.271322413905417,0,0.343914174164335,0,0.404561176896095,0,0.281554310568597,0.255133700867494,0.238955039793337,0,0.280552850392732,0,0,0,0,0,0.327033914979972,0,0,0,0,0,0,0,0,0,0,0,0,0,0,0,0,0.414280927058348,0,0.198096953332424,0,0,0.334487549960613,0.28846405853268,0.374458014965057,0.345109708392506,0.215662472504885,0.282731741666794,0.295319145484293,0,0.344050128012896
0,0,0,0,0,0,0,0,0,0.262385785579681,0,0,0,0,0,0,0.153229959309101,0.195169600844383,0,0,0,0.199079451179492,0.129584172167457,0.193152233572204,0,0.243035688996315,0,0.170204813281695,0,0,0,0,0,0.41429078578949,0,0,0,0.340330618448063,0,0,0,0,0,0,0,0,0,0.406805564195682,0,0.310630550626123,0,0,0,0,0,0,0,0.302310645580292,0,0,0,0,0,0,0,0.141877271234989,0.179998020693827,0,0.244728019461036,0,0.248087460215275,0,0.282981336944633,0,0,0,0,0,0,0,0.274005189045402,0,0.163767407950107,0.144593204770769,0.361472636461258,0,0
0,0,0,0,0,0,0,0,0.242165789008141,0,0,0,0,0,0,0,0.162717018802107,0.145702425390482,0.266172051429749,0,0,0.133689227700233,0.182492431135802,0,0,0,0.102865517139435,0,0.242858393561272,0,0,0,0,0,0,0,0,0,0.206058285738292,0,0,0,0,0,0,0,0,0,0.17913554340743,0,0,0,0,0,0,0,0,0,0,0,0.142207205295563,0,0,0,0.141877271234989,0,0,0.157223360228633,0,0,0,0.237622909517173,0,0,0,0,0,0,0,0,0,0.242605856774166,0.136288418483113,0.170232835818421,0,0,0
0,0,0,0,0,0,0,0,0,0.175700132039529,0,0,0,0,0,0,0.177882857620716,0.204883320331573,0,0,0,0.181386285741211,0,0.166363113021334,0,0.18224782278625,0.185495376586914,0,0,0,0,0,0,0,0,0,0,0.256422077616056,0,0,0,0,0,0,0,0,0,0,0,0.302761921625246,0,0,0,0,0,0.143955919477675,0,0,0,0,0,0,0,0,0.179998020693827,0,0,0,0.23477490354668,0,0.248003491333553,0,0,0,0,0,0,0,0,0,0.276156176228163,0,0.17496192681731,0,0.261400646176831,0,0
0,0,0,0,0,0,0,0,0.220955957887603,0,0,0,0,0,0,0,0.176919910770196,0,0,0,0,0,0.163427479168836,0,0.187057869331696,0,0.145539095704882,0,0,0,0,0,0,0,0,0,0,0,0,0,0,0,0,0,0,0,0,0,0.240501046057064,0,0,0,0,0,0.216243875079921,0,0,0,0,0,0,0,0,0,0,0.157223360228633,0,0,0,0.160897870361805,0,0,0,0,0,0,0,0,0,0,0,0,0.158957308819217,0,0.169003253181775,0,0
0,0,0,0,0,0,0,0,0,0.169349031014876,0,0,0,0,0,0.205071613595292,0.163514308276631,0.159440333915479,0.197206644713879,0,0,0.22832731405894,0,0.222120593808874,0,0.206383523689829,0,0.165384444594383,0,0,0,0,0,0,0,0,0,0,0,0,0,0,0.247610554099083,0,0,0,0,0,0,0.266206537559628,0,0,0,0,0,0,0,0,0,0,0,0.230838171366988,0,0,0.244728019461036,0,0.23477490354668,0,0,0,0.21824293700779,0,0,0,0,0,0,0,0,0,0,0,0.163342888440405,0.176589335004489,0,0,0
0,0,0,0,0,0,0,0,0.180421793035098,0,0,0,0,0,0,0,0.162944114608009,0.173796573653817,0.215738382604387,0,0,0,0.162783051912601,0,0.164707298216584,0,0.19901041900632,0,0.18055784702301,0,0,0,0,0,0,0,0,0,0,0,0,0,0,0,0,0,0,0,0.250128240961778,0,0,0,0,0,0.152367057544845,0,0,0,0,0,0.227773583172697,0,0,0,0,0,0,0.160897870361805,0,0,0,0.222783962990773,0,0,0,0,0,0,0,0,0,0,0.171035876275335,0.1732407361269,0,0,0
0,0,0,0,0,0,0,0,0,0,0,0.3338987454772,0,0.19250439496144,0,0,0,0,0,0,0,0.269102222760612,0,0,0,0.233545958995819,0,0.227228887156569,0,0.241477932643007,0,0,0,0,0,0,0,0.30228865953559,0,0,0,0.3814417719841,0,0,0,0.325516164302826,0,0.370774368445079,0,0.298239760855968,0,0,0,0,0,0,0,0.341921879078752,0,0.237095570065153,0,0,0.348516884446144,0,0.248087460215275,0,0.248003491333553,0,0.21824293700779,0,0,0,0.307208297908875,0,0,0,0,0,0,0,0.293622378292291,0,0.240275725722313,0,0.280989527702332,0.355170905590057,0
0,0,0,0,0,0,0,0,0,0,0,0,0,0,0,0,0,0,0,0,0,0,0.15779897965947,0,0,0,0.206845639989926,0,0.235525772166069,0,0.218896741668383,0,0,0,0,0,0,0,0,0,0,0,0,0,0,0,0,0,0.246618406186181,0,0,0,0,0,0,0,0.247479528968417,0,0.222001056769769,0,0.208507981151342,0,0,0,0,0.237622909517173,0,0,0,0.222783962990773,0,0,0,0.270008832216263,0,0,0,0,0,0,0,0.248292413636,0.141116354614496,0,0.218250770121813,0,0
0,0,0,0,0,0,0,0,0,0,0,0.300394470210512,0,0,0,0,0,0,0.314814805984497,0.323014774492809,0,0.267002775751311,0,0,0,0,0,0.226340930423011,0,0.261986922544109,0,0,0,0,0,0,0,0.282290454333027,0,0.264800683408976,0,0.354600586273052,0.329451978206635,0.348407804965973,0,0.303820559382439,0,0.322779253125191,0,0.299286609090734,0,0,0,0,0,0,0,0.313755440004653,0,0,0,0,0.326097716648991,0,0.282981336944633,0,0,0,0,0,0.307208297908875,0,0,0,0,0,0,0,0.289030429964163,0.370967000722885,0.325887638275672,0,0.300267308950424,0,0.346619575069501,0.367377930879593,0
0,0,0.291370749473572,0,0,0,0,0,0,0,0.321107112935611,0,0,0,0,0,0,0,0.365211927890778,0,0.418957138061523,0,0,0,0,0,0,0,0.19881672312816,0,0.259151957915014,0,0,0,0,0,0.3553074101607,0,0.253630506495635,0,0.321955654025078,0,0.418396996600287,0,0.45335572399199,0,0.378392119117144,0.33389738202095,0.315072098452794,0,0.296801865100861,0,0,0,0,0,0.343047222946035,0,0,0,0,0,0,0.414280927058348,0,0,0,0,0,0,0,0.270008832216263,0,0,0,0,0,0,0.349636683861415,0.31907267257464,0,0.370057444708612,0.337019192675749,0,0.454461847727255,0,0.4575330881696
0,0,0,0,0,0,0,0,0,0,0,0,0,0,0,0,0,0,0,0,0,0,0,0,0,0,0,0,0,0,0,0.331958936663481,0,0.274726575613022,0,0.182103583741318,0,0,0,0,0,0,0,0,0,0,0,0.410746913792108,0.146688506007195,0.337070008739829,0,0,0,0,0,0,0,0,0,0,0,0,0,0,0,0,0,0,0,0,0,0,0,0,0,0,0.438091319159599,0,0.287118958725874,0,0,0,0.314062195059694,0,0,0,0
0,0,0,0,0,0,0,0,0,0,0,0,0,0,0,0,0,0,0,0,0,0,0,0,0,0,0,0,0,0,0.308878242969513,0.246857621879489,0.339642564219833,0,0.433340363204479,0,0.309585090958331,0,0,0,0.187109366059303,0,0,0,0,0,0.234435854398686,0.359136954273867,0.190138243966632,0,0,0,0,0,0,0,0,0,0,0,0,0,0,0.198096953332424,0,0,0,0,0,0,0,0,0,0,0,0,0,0.457103043794632,0,0.404723951694231,0,0,0.341032701637596,0,0,0,0
0,0,0,0,0,0,0,0,0,0,0,0,0,0,0,0,0,0,0,0,0,0,0,0,0,0,0,0,0,0,0,0.406470255014744,0,0.315461950529206,0.392001608833235,0.31152639325176,0,0.288048764069875,0,0,0,0,0,0,0,0,0,0.380053349789793,0,0.374612337997499,0,0,0,0,0,0,0,0,0,0,0,0,0,0,0,0,0,0,0,0,0,0,0,0,0.438091319159599,0,0,0.294412170137678,0.325487692906306,0,0.282335689963198,0,0.233962559655531,0,0.345008730888367,0.465657234191895,0
0,0,0,0,0,0,0,0,0,0,0,0,0,0,0,0,0,0,0,0,0,0,0,0,0,0,0,0,0,0,0,0,0.358088858563591,0.349278319254518,0.29846044895735,0,0.330587988568319,0,0.283746460062301,0,0,0,0,0,0,0,0,0.349761608581356,0.40356089562929,0,0,0,0,0,0,0,0,0,0,0,0,0,0,0,0,0,0,0,0,0,0,0,0,0,0,0.457103043794632,0.294412170137678,0,0,0.348558200864305,0,0.397290555284124,0.258771722383472,0,0,0,0
0,0,0,0,0.292315751314163,0,0,0,0,0,0,0.265937617979944,0,0,0,0,0.348161599310962,0.342747706919909,0.360487797518514,0.22592870550959,0,0.290845990180969,0.299072682857513,0,0,0,0,0,0,0.325369358062744,0.36965049803257,0.20787655952904,0,0.289023051545759,0,0.261629719493722,0.301665697778974,0.244637200870249,0.321647584438324,0.265366703147745,0.350073387989631,0.333305611348277,0.326181224071896,0.362607004003482,0.341363974809647,0.251091631013395,0.344598636679027,0.368710413479774,0.332190920909246,0.33300742782887,0,0,0,0,0,0,0.311596641937892,0.285774149446406,0,0,0,0,0.272501380855436,0.334487549960613,0,0,0,0,0,0,0,0,0.289030429964163,0.349636683861415,0.287118958725874,0,0.325487692906306,0,0,0.365316317292857,0.289920027652749,0.391567977666855,0.221832009138454,0.206402790008204,0.348155766873162,0.352540667813558,0.319372927503926
