0,0,6.67586707770824,0,0,0,0,0,3.6629417642634,0,0,0,0,0,0,0,106.147567749023,0,11.525469986009,0,0,0,0,0,0,0,0,0,0,0,0,0,0,0,0,0,0,0,0,0,33.1603126525879,0,25.5002054638333,0,0,0,0,24.2625846862793,6.01224735466873,0,8.81666691303253,0,0,0,4.52267148749519,0,0,0,0,0,4.49212062358856,0,0,48.7626342773438,0,0,0,0,0,0,0,0,0,25.426586151123,0,0,0,0,0,46.8527450561523,0,0,11.0025392509642,36.0928192138672,7.81155913395989,0,0
0,0,0,5.29006305555018,0,16.8601360321045,0,0,0,5.6108697512135,0,0,0,0,0,0,0,9.67388725280762,13.7812912905658,0,0,0,0,6.10038161277771,0,0,0,0,0,0,0,0,0,0,0,53.6638412475586,0,9.90628968968111,0,32.405330657959,0,27.6277627383961,0,0,0,23.997416632516,0,0,0,9.9363302126863,0,13.0777721405029,0,0,0,6.96324369361845,0,13.1762799849877,0,13.5061467488607,0,9.95081520080566,0,0,0,0,5.67433404922485,0,0,0,33.2537925720215,0,32.2791219711304,0,0,0,0,0,38.0275128682454,0,33.4090194702148,0,17.2317613124847,0,13.5369756815995,0,0
6.67586707770824,0,0,55.2494697570801,7.03535751973168,0,0,0,5.73510891754435,0,0,0,0,0,0,0,0,0,38.2367351055145,0,0,0,0,0,0,0,0,0,0,0,0,0,0,0,0,0,0,0,0,49.5907516479492,36.6492643858257,83.8614902496338,30.302549146983,0,0,44.394891223392,18.1266743723551,43.1753807067871,37.2095033259619,0,7.24452941731648,0,0,0,8.14587610960007,0,21.2723854541779,62.6729270390102,3.02531917889913,0,4.20736908912659,0,56.3020858764648,42.7660293579102,0,0,0,0,0,0,0,0,84.3094825744629,33.5585392485274,0,0,0,0,0,49.8596168186354,0,37.2836618423462,19.9156365082102,20.1087328592936,27.2306699282269,100.278297424316,19.5596405982971
0,5.29006305555018,55.2494697570801,0,0,16.668482515547,0,0,0,10.519365131855,0,0,0,0,0,0,0,65.5300445556641,41.6463088989258,0,0,0,0,24.7786817550659,0,0,0,0,0,0,0,0,0,0,0,86.6119155883789,0,30.254309018453,0,43.2068119049072,0,32.7974066840278,0,0,0,18.0540940607748,37.3842849731445,0,0,16.2255995353063,0,15.8190172252121,0,0,0,0,58.4458312988281,15.708487033844,0,7.89964778192582,0,10.1261005401611,36.9265200297038,57.0762367248535,0,0,25.3123893737793,0,0,0,31.471574647086,0,31.6814633921573,73.1022415161133,0,0,0,0,41.5138332843781,0,34.4515342712402,0,24.8997359275818,0,20.6290992292434,33.2303504943848,0
0,0,7.03535751973168,0,0,0,0,0,6.4601421546245,0,0,0,0,0,0,0,0,0,99.9399795532227,0,3.22865002256044,0,0,0,0,0,0,0,0,0,0,0,0,0,0,0,0,0,0,0,52.4082527160645,0,46.6122875213623,0,0,61.4098625183105,31.625431060791,0,40.45556640625,0,4.92115617941504,0,0,0,12.8395630655618,0,5.2713041305542,0,0,0,0,0,0,3.70433876911799,0,0,0,0,0,0,0,0,0,0,0,0,0,0,0,58.3453149795532,0,50.3488025665283,5.16772878251108,0,12.0726967211813,0,0
0,16.8601360321045,0,16.668482515547,0,0,0,2.8281533241272,0,3.85594853162765,0,0,0,0,0,0,0,0,0,0,0,0,0,0,0,0,0,0,0,0,0,0,0,0,0,0,0,0,0,0,0,43.74587059021,86.0952682495117,0,0,21.9447841644287,0,0,0,42.1051330566406,0,4.64990184951003,0,2.9645791053772,0,4.50878330423862,0,16.1126017137007,0,8.22701930999756,0,6.33148908615112,21.0993111133575,0,0,0,0,0,0,0,0,0,45.2909736633301,0,0,0,0,0,42.6368759155273,0,0,0,0,31.4474792480469,15.4648259781502,0,0
0,0,0,0,0,0,0,0,0,0,3.06846644083659,0,0,0,0,0,0,0,0,0,0,0,0,0,0,0,0,0,0,0,0,0,0,0,0,0,0,0,0,0,0,0,0,0,0,0,0,0,0,0,0,0,2.8927162937496,0,0,0,0,0,0,0,0,0,0,0,0,0,0,0,0,0,0,0,0,0,0,0,0,0,0,0,0,0,2.75521540641785,0,0,0,0
0,0,0,0,0,2.8281533241272,0,0,0,0,0,0,0,0,0,0,0,0,0,0,0,0,0,0,0,0,0,0,0,0,0,0,0,0,0,2.8544385433197,0,0,0,0,0,0,0,0,0,0,0,0,0,0,0,2.73591180642446,0,3.99929928108,0,0,0,8.24746530262504,0,6.05930707892593,0,0,0,0,0,0,0,0,0,0,0,0,0,0,0,0,0,0,0,0,0,0,4.13482710293361,0,0,0,0
3.6629417642634,0,5.73510891754435,0,6.4601421546245,0,0,0,0,0,0,0,0,0,2.88774573802948,0,0,0,34.692798614502,0,0,0,0,0,4.19423932499356,0,0,0,0,0,0,0,0,0,0,0,0,0,6.36425691559201,0,0,0,17.4348049163818,0,0,0,0,0,6.40116403062465,0,9.85632554637758,0,0,0,5.01512860512712,0,0,0,0,0,4.77765701007258,0,0,0,0,0,0,5.57788070042928,0,0,0,0,0,0,0,0,0,0,0,0,0,8.4716643826079,4.58234131686828,4.26095986366272,10.0806151628494,0,0
0,5.6108697512135,0,10.519365131855,0,3.85594853162765,0,0,0,0,0,0,0,0,0,3.96140781562485,0,14.5930489812578,54.1123294830322,0,0,0,0,4.91045986689054,0,0,0,0,0,0,0,0,0,0,0,0,0,5.35915184020996,0,0,0,12.1928593551411,0,0,0,38.7774402073451,0,0,0,9.76779883641463,0,8.42063976511543,0,0,0,4.45618892975441,0,24.961555821555,0,0,0,4.54551562967226,45.5371524810791,0,0,0,6.16752794810704,0,5.53031802177429,0,23.9822902679443,0,22.2124989032745,0,0,0,0,0,52.9774188995361,0,6.38160049915314,0,7.79692282296915,13.5679182112217,31.4514339235094,5.3242290019989,0
0,0,0,0,0,0,3.06846644083659,0,0,0,0,0,3.06599959731102,0,0,0,0,0,0,0,3.05498976177639,0,0,0,0,0,0,0,0,0,0,0,0,0,0,0,3.09760634601116,0,3.79013634581554,0,0,0,0,0,0,0,0,0,0,0,0,0,0,0,0,0,4.77340531834513,0,3.47399606375859,0,0,0,0,4.90857577323914,0,0,0,0,0,0,0,2.79017963409424,0,0,0,0,0,0,0,5.90550112724304,0,5.7050136345536,3.71292405128479,0,0,0,0
0,0,0,0,0,0,0,0,0,0,0,0,0,3.09945119751824,0,0,0,0,0,2.85408434161433,0,0,0,0,0,0,0,0,0,5.26784325868655,0,0,0,0,0,3.77835144996643,0,4.94893134964837,0,0,0,0,0,0,0,0,0,0,0,0,0,0,0,0,0,0,0,6.18274913476326,0,5.25883444547653,0,0,0,0,0,0,0,0,0,0,3.73130098978678,0,3.93183635021078,0,0,0,0,0,3.0250803061894,0,3.23698218663534,0,4.80548942089081,2.74922561645508,0,0,0
0,0,0,0,0,0,0,0,0,0,3.06599959731102,0,0,0,0,0,0,0,0,0,0,0,0,0,0,0,0,0,0,0,0,0,0,0,0,0,0,0,0,0,0,0,0,0,0,0,0,0,0,0,0,0,0,0,0,0,0,0,2.94317592107333,0,0,0,0,0,0,0,0,0,0,0,0,0,0,0,0,0,0,0,0,0,0,0,0,0,0,0,0
0,0,0,0,0,0,0,0,0,0,0,3.09945119751824,0,0,0,2.95354580879211,0,0,0,0,0,0,0,0,0,0,0,2.90400257706642,0,0,0,0,0,0,0,0,0,0,0,0,0,0,0,0,0,0,0,0,0,0,0,0,0,0,0,0,0,0,0,3.24663943923705,0,0,0,0,0,0,0,0,0,0,0,0,0,0,0,0,0,0,0,0,0,0,3.10771533846855,2.88579074541728,0,0,0
0,0,0,0,0,0,0,0,2.88774573802948,0,0,0,0,0,0,0,0,0,0,0,0,0,0,0,0,0,0,0,0,0,0,0,0,0,0,0,0,0,0,0,0,0,0,0,0,0,0,0,0,0,0,0,0,0,0,0,0,0,0,0,3.06051221847534,0,0,0,0,0,0,0,0,0,0,0,0,0,0,0,0,0,0,0,0,0,0,0,0,0,0
0,0,0,0,0,0,0,0,0,3.96140781562485,0,0,0,2.95354580879211,0,0,56.0804061889648,5.62822076678276,0,0,0,0,0,3.3404983093864,0,0,0,0,0,0,0,0,0,0,0,0,0,0,0,0,0,0,0,0,0,0,0,0,0,0,0,3.37046098709106,0,0,0,5.13326330301238,0,0,0,0,0,3.24153097132419,0,0,0,0,0,0,2.85143840312958,0,0,0,0,0,0,0,0,0,0,0,0,0,3.59906123365675,2.95263671875,0,0,0
106.147567749023,0,0,0,0,0,0,0,0,0,0,0,0,0,0,56.0804061889648,0,30.5826881930152,25.1100055168011,0,0,27.7455553574996,0,0,25.109143614769,51.5118153889974,16.5707083429609,0,0,0,0,0,0,0,0,108.631956176758,96.5903847434304,0,0,84.1642533815824,70.7190727960496,64.842718002644,49.0522112864368,74.6799468994141,0,77.059215656762,55.7993240356445,0,71.5268783569336,0,0,0,0,0,0,0,97.4156951904297,0,0,0,0,0,92.8259048461914,72.3643830039284,0,0,0,0,0,0,76.3463668823242,0,69.1613260904948,59.9745035171509,0,0,0,0,92.8813315956456,81.4189258470927,82.6010002809412,66.1357906341553,18.6855118927189,22.1342304301473,61.6872799671272,68.8079109191895,46.2652605867934
0,9.67388725280762,0,65.5300445556641,0,0,0,0,0,14.5930489812578,0,0,0,0,0,5.62822076678276,30.5826881930152,0,24.9853117491337,0,0,14.4850330511729,0,0,35.7000336396067,18.3141248351649,42.5809323310852,0,0,0,0,0,0,0,0,96.6270826003131,103.424746704102,99.3601875305176,0,69.6604296944358,78.4700027234627,53.5440852322682,64.634866947081,50.1682310558501,0,67.1490175621361,67.9256573845358,0,0,0,0,73.7071304321289,0,0,0,0,0,0,0,0,0,2.902714351813,80.1321498325893,105.796343485514,0,0,0,0,0,0,0,0,71.3083196786734,95.2559471130371,0,0,0,0,84.0722512929453,91.8020177436597,67.1840890545711,74.7879943847656,17.8655868580599,5.63238859176636,67.6515992767182,47.7480114996433,62.5290479660034
11.525469986009,13.7812912905658,38.2367351055145,41.6463088989258,99.9399795532227,0,0,0,34.692798614502,54.1123294830322,0,0,0,0,0,0,25.1100055168011,24.9853117491337,0,0,0,0,0,0,20.2091503143311,65.4376754760742,0,0,0,0,0,0,0,0,0,74.8112366150262,78.173233795166,75.1342474066693,0,57.0094297181661,55.2664687549367,35.3715025999877,38.1869648022907,25.5143577920066,0,51.2952164513645,45.846509002171,0,68.8205363933857,68.2525634765625,0,54.7968235015869,0,0,0,0,69.0388717651367,51.3515144586563,0,0,0,0,59.941644771679,60.6772859800665,0,0,0,0,0,0,56.3334414164225,0,53.7361010742188,41.6779833226591,0,0,0,0,64.0601615473909,63.2366820807662,51.3613810131754,43.2779880785475,16.8131845443551,13.7961419790219,41.7783687768195,33.3743612444299,37.0624277126864
0,0,0,0,0,0,0,0,0,0,0,2.85408434161433,0,0,0,0,0,0,0,0,0,0,0,0,0,0,0,0,0,0,0,0,0,0,0,9.30307972148845,0,6.38703665446714,0,0,0,0,0,0,0,23.5155582427979,0,0,0,38.0611019134521,0,12.5974151904766,0,0,0,0,0,4.74541222209662,0,0,0,0,8.26042935894212,0,0,0,0,0,0,0,41.1015377044678,0,14.7547105102539,0,0,0,0,0,16.7212639907156,0,8.44965627906249,0,5.00502122984992,0,5.57059477251696,0,0
0,0,0,0,3.22865002256044,0,0,0,0,0,3.05498976177639,0,0,0,0,0,0,0,0,0,0,0,0,0,0,0,0,0,0,0,0,0,0,0,0,0,4.96952953682424,0,3.61671118489627,0,0,0,0,0,0,0,0,0,0,0,3.39040537675222,0,0,0,0,0,3.25557334763663,0,0,0,0,0,0,3.72187996160297,0,0,0,0,0,0,0,0,0,28.7279014587402,0,0,0,0,0,6.41032471307894,0,3.85629590352376,14.4703761963617,0,4.24690190951029,0,0
0,0,0,0,0,0,0,0,0,0,0,0,0,0,0,0,27.7455553574996,14.4850330511729,0,0,0,0,6.77092719078064,7.35915545622508,0,3.83253320058187,0,0,0,0,0,0,0,0,0,0,0,12.24325156801,0,0,0,0,0,0,0,0,0,0,0,16.973432976859,0,0,0,0,0,0,0,0,0,0,0,0,0,0,4.63977030767721,0,14.3503028180288,0,8.56737031377624,0,13.8032638424809,0,14.5013970269097,0,0,0,0,0,0,0,11.7081424341482,0,7.27864904431572,4.85930585861206,0,0,0
0,0,0,0,0,0,0,0,0,0,0,0,0,0,0,0,0,0,0,0,0,6.77092719078064,0,0,6.63527803038651,0,3.96934203306834,0,2.91011607324755,0,0,0,0,0,0,0,0,0,5.51618996818997,0,0,0,0,0,0,0,0,0,6.1797117135498,0,0,0,0,0,0,0,0,0,0,0,0,0,0,0,5.93025207519531,4.94680792267221,0,7.9606838392306,0,4.75925648212433,0,4.71468634605408,0,0,0,0,0,0,0,0,0,5.29436297717957,4.74270097491811,0,20.7412314414978,0,0
0,6.10038161277771,0,24.7786817550659,0,0,0,0,0,4.91045986689054,0,0,0,0,0,3.3404983093864,0,0,0,0,0,7.35915545622508,0,0,0,3.47007165416594,0,0,0,0,0,0,0,0,0,0,0,5.57556942394802,0,0,0,42.3987945556641,0,0,0,0,0,0,0,13.365935643514,0,0,0,0,0,5.6997086650829,0,0,0,0,0,4.06246840953827,0,0,7.91941171117968,0,4.45931857355215,0,4.4901444340168,0,23.1605339050293,0,27.3992938995361,0,0,0,0,0,0,0,5.29640456897761,0,28.8341637293498,0,21.2298499516078,0,0
0,0,0,0,0,0,0,0,4.19423932499356,0,0,0,0,0,0,0,25.109143614769,35.7000336396067,20.2091503143311,0,0,0,6.63527803038651,0,0,0,2.93007774353027,0,0,0,0,0,0,0,0,0,0,0,8.49724566338145,0,0,0,0,0,0,0,0,0,6.22965753705878,0,0,0,0,0,4.61931942674247,0,0,0,0,0,0,0,0,0,0,9.20235901548151,0,4.58471812826864,0,3.66135194582969,0,0,0,0,0,0,0,0,0,0,0,8.87676232337952,4.16971999056199,0,5.37087254153872,0,0
0,0,0,0,0,0,0,0,0,0,0,0,0,0,0,0,51.5118153889974,18.3141248351649,65.4376754760742,0,0,3.83253320058187,0,3.47007165416594,0,0,0,4.48105842188785,0,0,0,0,0,0,0,0,0,0,0,0,0,0,0,0,0,0,0,0,0,0,0,0,0,0,0,0,0,0,0,0,0,0,0,0,5.90872287750244,0,6.40737295150757,0,4.52129964159625,0,3.91395505341617,0,0,0,0,0,0,0,0,0,0,0,21.0169129371643,0,0,0,0
0,0,0,0,0,0,0,0,0,0,0,0,0,0,0,0,16.5707083429609,42.5809323310852,0,0,0,0,3.96934203306834,0,2.93007774353027,0,0,0,3.77253409668251,0,0,0,0,0,0,0,0,0,0,0,0,0,0,0,0,0,0,0,0,0,0,0,0,0,11.8229236602783,0,0,0,0,0,0,0,0,0,0,3.80570536851883,0,3.33009924888611,0,4.24755536072643,0,3.94697345756903,0,0,0,0,0,0,0,0,0,0,3.49378010431925,0,0,0,0
0,0,0,0,0,0,0,0,0,0,0,0,0,2.90400257706642,0,0,0,0,0,0,0,0,0,0,0,4.48105842188785,0,0,0,2.89102377696913,0,0,0,0,0,0,0,0,0,0,0,0,0,0,0,0,0,0,0,0,0,0,0,0,0,0,0,0,0,3.16640627384186,0,0,0,0,3.00446212291718,0,0,0,4.84953749709659,0,3.74592063233659,0,0,0,0,0,0,0,0,0,0,0,2.99048456778893,0,0,0,0
0,0,0,0,0,0,0,0,0,0,0,0,0,0,0,0,0,0,0,0,0,0,2.91011607324755,0,0,0,3.77253409668251,0,0,0,4.19610376017434,0,0,0,0,0,0,0,5.11171519756317,0,0,0,0,0,0,0,0,0,0,0,0,0,0,0,0,0,0,0,0,0,0,0,0,0,0,4.17568296194077,0,0,0,4.95619249343872,0,4.15017640758568,0,0,0,0,0,0,0,0,0,6.87401723861694,2.87424682653867,0,0,0,0
0,0,0,0,0,0,0,0,0,0,0,5.26784325868655,0,0,0,0,0,0,0,0,0,0,0,0,0,0,0,2.89102377696913,0,0,0,0,0,0,0,0,0,4.78106112655623,0,0,0,0,0,0,0,0,0,0,0,0,0,0,0,0,0,0,0,5.16521352434915,0,0,0,0,0,0,0,0,0,0,0,0,2.85320389270782,0,6.74407893678416,0,0,0,0,0,0,0,9.1665342418771,0,4.44020767211914,0,0,0,0
0,0,0,0,0,0,0,0,0,0,0,0,0,0,0,0,0,0,0,0,0,0,0,0,0,0,0,0,4.19610376017434,0,0,0,0,0,0,0,0,0,3.19220103667333,0,0,0,0,0,0,0,0,0,0,0,0,0,0,0,0,0,5.46729564666748,0,0,0,0,0,0,0,0,0,0,0,0,0,0,4.88047562042872,0,3.83438608534737,0,0,0,0,0,0,0,5.33011305009997,2.82372482617696,0,0,0,0
0,0,0,0,0,0,0,0,0,0,0,0,0,0,0,0,0,0,0,0,0,0,0,0,0,0,0,0,0,0,0,0,3.43295946488014,8.3332833143381,0,3.24625624487033,0,0,0,0,0,0,0,0,0,0,0,3.56580213467959,0,0,0,0,0,0,0,0,0,0,0,0,0,0,0,0,0,0,0,0,0,0,0,0,0,0,3.83473045211971,4.4402042062659,12.1020053807427,0,4.72202086901488,8.24010944366455,0,0,2.87620299042396,0,0,0,0
0,0,0,0,0,0,0,0,0,0,0,0,0,0,0,0,0,0,0,0,0,0,0,0,0,0,0,0,0,0,0,3.43295946488014,0,0,4.8988184399075,4.90054144745781,3.86514883654245,0,0,18.729793548584,0,0,0,0,0,0,0,5.65620224760422,7.36839545400519,11.6409279016348,0,0,0,0,0,0,0,0,0,0,0,0,0,0,0,0,0,0,0,0,0,0,0,0,2.98541875680288,5.09548092471834,0,0,5.65713167190552,6.84651410804605,0,0,4.6651288165854,0,13.0344886779785,0,0
0,0,0,0,0,0,0,0,0,0,0,0,0,0,0,0,0,0,0,0,0,0,0,0,0,0,0,0,0,0,0,8.3332833143381,0,0,4.13485920503273,4.71037155800423,0,4.01503179563108,2.96070051193237,0,0,0,0,0,0,0,0,4.33187543059018,0,4.11048740810818,0,0,0,0,0,0,0,0,0,0,0,0,0,0,0,0,0,0,0,0,0,0,0,0,16.5076128362299,0,4.20920417242963,3.33988777668245,6.99090276921497,0,5.71547993866064,0,4.11362563680719,0,0,0,0
0,0,0,0,0,0,0,0,0,0,0,0,0,0,0,0,0,0,0,0,0,0,0,0,0,0,0,0,0,0,0,0,4.8988184399075,4.13485920503273,0,0,8.1200453005339,0,5.58476320118971,0,0,0,0,0,0,0,71.5825653076172,4.27367686937033,6.81694769859314,0,0,0,0,0,0,0,0,0,0,0,0,0,0,0,0,0,0,0,0,0,0,0,0,0,0,5.38802945613861,3.92405705866606,4.60178801815256,12.8853988647461,9.53287201467811,0,6.23457400262217,3.61014370497535,4.38039104143779,51.5946483612061,0,0
0,53.6638412475586,0,86.6119155883789,0,0,0,2.8544385433197,0,0,0,3.77835144996643,0,0,0,0,108.631956176758,96.6270826003131,74.8112366150262,9.30307972148845,0,0,0,0,0,0,0,0,0,0,0,3.24625624487033,4.90054144745781,4.71037155800423,0,0,5.12904890908135,6.95027169921099,0,70.1390817430284,0,53.2890073974411,101.714851379395,68.4848450880784,0,47.5543821130023,0,8.82689896651677,0,22.9180741991316,0,65.4772644042969,0,0,0,0,0,22.8032313119497,0,0,0,0,19.7243284839716,0,0,0,0,0,0,0,51.5454912185669,0,65.3332152366638,0,4.03150598446052,0,5.19345959550456,0,8.2783746869972,117.213614145915,9.00784853584253,123.060897827148,8.86101492676156,37.434862613678,24.8216646184992,48.8643428661205,126.846984863281
0,0,0,0,0,0,0,0,0,0,3.09760634601116,0,0,0,0,0,96.5903847434304,103.424746704102,78.173233795166,0,4.96952953682424,0,0,0,0,0,0,0,0,0,0,0,3.86514883654245,0,8.1200453005339,5.12904890908135,0,0,4.81786188925616,0,38.07009156545,172.199172973633,51.5058207577222,0,0,100.217597961426,28.8507531047922,10.8011322532381,28.0612144470215,0,0,0,0,0,0,0,2.96111035346985,0,0,0,0,0,0,4.78749667407628,0,0,0,0,0,0,0,0,0,78.1136082240513,0,4.99816030823723,0,15.3640731952809,4.67308103761008,5.75857338125973,0,6.27022723691246,6.44007622663257,7.08674032347543,25.8613769389116,0,52.1567931175232
0,9.90628968968111,0,30.254309018453,0,0,0,0,0,5.35915184020996,0,4.94893134964837,0,0,0,0,0,99.3601875305176,75.1342474066693,6.38703665446714,0,12.24325156801,0,5.57556942394802,0,0,0,0,0,4.78106112655623,0,0,0,4.01503179563108,0,6.95027169921099,0,0,3.67182710965474,55.0521659851074,0,9.91024105309399,0,0,0,47.40911803707,94.3874588012695,5.13665218714512,0,8.3132408037351,0,0,0,0,0,9.73344636607814,0,21.3740252466763,0,0,0,0,17.600828508679,0,11.4798948387556,0,8.71872270413458,0,15.4901705655185,0,11.1213361691026,0,6.42523494234846,0,0,0,4.08262893143922,0,9.54213522793458,0,5.98458015244812,3.09745796521505,6.06236453711035,15.6638888461249,11.6146004397566,55.715943472726,0
0,0,0,0,0,0,0,0,6.36425691559201,0,3.79013634581554,0,0,0,0,0,0,0,0,0,3.61671118489627,0,5.51618996818997,0,8.49724566338145,0,0,0,5.11171519756317,0,3.19220103667333,0,0,2.96070051193237,5.58476320118971,0,4.81786188925616,3.67182710965474,0,0,0,0,0,0,0,0,20.6168899536133,4.56846597733036,5.96080493493514,0,0,0,0,0,9.79632350771051,0,5.51697829407705,0,0,0,0,0,0,9.14348138295687,0,7.14107346136343,0,7.33077440650892,0,0,0,7.55289244651794,0,3.37515666484833,0,0,2.89031179745992,7.17384639382362,0,6.06133533469296,4.26891791193109,5.63873774372165,3.79471063192445,3.8252782194238,5.12896033499738,0,0
0,32.405330657959,49.5907516479492,43.2068119049072,0,0,0,0,0,0,0,0,0,0,0,0,84.1642533815824,69.6604296944358,57.0094297181661,0,0,0,0,0,0,0,0,0,0,0,0,0,18.729793548584,0,0,70.1390817430284,0,55.0521659851074,0,0,51.3542499542236,22.3436760147986,54.542455291748,30.3179302793561,0,17.0350722389401,26.2914842367172,7.81797938287812,12.5258384346962,6.74228987090509,51.1768264770508,67.4791069030762,0,0,0,0,60.7339458465576,45.0988354153103,0,0,0,0,10.1414843021877,0,0,0,0,0,0,0,59.8967666625977,0,43.3122682571411,65.6790631612142,0,0,0,0,9.76170158633296,137.51802444458,8.43433328085048,0,50.628311788799,0,13.2817833393997,24.4978430797359,67.3541612625122
33.1603126525879,0,36.6492643858257,0,52.4082527160645,0,0,0,0,0,0,0,0,0,0,0,70.7190727960496,78.4700027234627,55.2664687549367,0,0,0,0,0,0,0,0,0,0,0,0,0,0,0,0,0,38.07009156545,0,0,51.3542499542236,0,75.4447606404622,24.1291546146788,0,0,53.561405758525,21.6209442597281,4.93430636669027,10.456288111053,0,47.6277599334717,0,0,0,0,0,48.3911603291829,40.980281829834,0,0,0,0,0,18.6252382581051,0,0,0,0,0,0,0,0,59.0391845703125,51.8887567723051,0,0,0,0,112.16754743788,30.3092773807471,121.002933502197,60.6249415079753,46.9071870489219,48.6548765273321,20.1796606983583,73.3151690165202,27.7690039920056
0,27.6277627383961,83.8614902496338,32.7974066840278,0,43.74587059021,0,0,0,12.1928593551411,0,0,0,0,0,0,64.842718002644,53.5440852322682,35.3715025999877,0,0,0,0,42.3987945556641,0,0,0,0,0,0,0,0,0,0,0,53.2890073974411,172.199172973633,9.91024105309399,0,22.3436760147986,75.4447606404622,0,9.6949230423493,13.9283410824335,0,23.1892460260293,64.8391085537997,14.275992046703,0,13.1108536277972,83.9376831054688,51.0424012116023,0,0,0,39.8381805419922,0,22.5267193995138,0,27.5097875595093,0,0,28.7169499812753,0,0,0,0,0,0,0,25.8716921167714,0,23.5712837327255,0,0,0,0,0,28.6944298217448,92.6407106018066,31.4391845163856,69.7606430053711,20.4584674073809,28.8437441078721,18.5398529265508,13.6196701113994,43.819637298584
25.5002054638333,0,30.302549146983,0,46.6122875213623,86.0952682495117,0,0,17.4348049163818,0,0,0,0,0,0,0,49.0522112864368,64.634866947081,38.1869648022907,0,0,0,0,0,0,0,0,0,0,0,0,0,0,0,0,101.714851379395,51.5058207577222,0,0,54.542455291748,24.1291546146788,9.6949230423493,0,54.5613670349121,0,70.3833173116048,30.3536028784637,12.2240381142528,18.3687019652104,0,46.9472981621237,0,0,0,0,0,28.0509832879187,83.4973640441895,0,0,0,0,101.526568094889,31.4685855147862,0,0,0,0,0,0,0,0,91.9816691080729,43.4383192843404,0,0,0,67.1608810424805,89.6174299240112,34.7075598286335,78.1407025655111,39.486696694114,19.182575244695,35.9233382425191,18.4979188876159,80.0063678196498,11.9998608598509
0,0,0,0,0,0,0,0,0,0,0,0,0,0,0,0,74.6799468994141,50.1682310558501,25.5143577920066,0,0,0,0,0,0,0,0,0,0,0,0,0,0,0,0,68.4848450880784,0,0,0,30.3179302793561,0,13.9283410824335,54.5613670349121,0,0,22.7850783765316,131.604064941406,0,0,13.5934366226196,0,50.5890808105469,0,0,0,0,0,0,0,0,0,0,29.5322528049864,0,0,0,0,0,0,0,0,0,45.2225685119629,0,0,0,0,0,36.4224162309066,86.1623039245605,44.5132590399848,0,21.3050677988264,0,18.389800454295,23.181453310925,41.6833610534668
0,0,0,0,0,0,0,0,0,0,0,0,0,0,0,0,0,0,0,0,0,0,0,0,0,0,0,0,0,0,0,0,0,0,0,0,0,0,0,0,0,0,0,0,0,0,0,0,0,0,0,0,0,0,0,0,0,0,0,0,0,0,0,0,0,0,0,0,0,0,0,0,0,0,0,0,0,0,0,0,0,0,0,0,0,0,0
0,23.997416632516,44.394891223392,18.0540940607748,61.4098625183105,21.9447841644287,0,0,0,38.7774402073451,0,0,0,0,0,0,77.059215656762,67.1490175621361,51.2952164513645,23.5155582427979,0,0,0,0,0,0,0,0,0,0,0,0,0,0,0,47.5543821130023,100.217597961426,47.40911803707,0,17.0350722389401,53.561405758525,23.1892460260293,70.3833173116048,22.7850783765316,0,0,32.0596229439915,0,0,25.983526893284,54.638313293457,44.0091463724772,0,0,0,0,52.2334286371867,24.1640843570647,0,31.3363566679113,0,0,15.3470654808235,76.4116058349609,0,0,48.7472190856934,0,42.5652523040771,0,37.7041449698673,0,34.4512306052461,65.50912109375,0,0,0,110.966537475586,28.6462001661602,98.7338829570346,34.6623470701795,69.466552734375,46.4546053155355,34.6729558308919,24.3245740684334,43.9828704307819,70.3667297363281
0,0,18.1266743723551,37.3842849731445,31.625431060791,0,0,0,0,0,0,0,0,0,0,0,55.7993240356445,67.9256573845358,45.846509002171,0,0,0,0,0,0,0,0,0,0,0,0,0,0,0,71.5825653076172,0,28.8507531047922,94.3874588012695,20.6168899536133,26.2914842367172,21.6209442597281,64.8391085537997,30.3536028784637,131.604064941406,0,32.0596229439915,0,63.0053100585938,27.5278407136599,0,27.2275393349784,56.7072486877441,0,0,0,0,28.0453714991725,46.9294192574241,0,52.1042709350586,0,0,35.4132359822591,10.2808414937724,0,0,0,0,0,0,59.7047661675347,0,61.9130388895671,28.3994030934661,0,0,0,58.2587272644043,77.3469874064128,26.8913110030736,76.9913787841797,17.1815191146431,28.489225962111,28.7754643758138,19.9667122549774,102.076957702637,38.4583926882063
24.2625846862793,0,43.1753807067871,0,0,0,0,0,0,0,0,0,0,0,0,0,0,0,0,0,0,0,0,0,0,0,0,0,0,0,0,3.56580213467959,5.65620224760422,4.33187543059018,4.27367686937033,8.82689896651677,10.8011322532381,5.13665218714512,4.56846597733036,7.81797938287812,4.93430636669027,14.275992046703,12.2240381142528,0,0,0,63.0053100585938,0,7.60916122206214,5.436541997307,0,0,0,0,0,0,0,0,0,0,0,0,0,0,0,0,0,0,0,0,0,0,0,0,8.68494293698213,6.32149430898231,4.68384819430641,3.59272042128558,6.08668648838417,7.73697296217198,3.606187412757,5.383166272361,7.92733859795111,3.45688426494598,6.9454644733581,15.8578372001648,0
6.01224735466873,0,37.2095033259619,0,40.45556640625,0,0,0,6.40116403062465,0,0,0,0,0,0,0,71.5268783569336,0,68.8205363933857,0,0,0,6.1797117135498,0,6.22965753705878,0,0,0,0,0,0,0,7.36839545400519,0,6.81694769859314,0,28.0612144470215,0,5.96080493493514,12.5258384346962,10.456288111053,0,18.3687019652104,0,0,0,27.5278407136599,7.60916122206214,0,6.83531317686794,46.4090557098389,0,0,0,6.22800232732997,0,45.6538330078125,0,0,0,0,0,0,32.1089525222778,0,7.11885536694136,0,4.55576883032431,0,5.56047175432506,0,4.85960281738127,0,12.0652119768293,0,0,0,0,13.8582744598389,17.4783147138518,0,6.45343002968758,14.7612433724879,33.125524520874,12.9967199916106,0,37.4161593914032
0,9.9363302126863,0,16.2255995353063,0,42.1051330566406,0,0,0,9.76779883641463,0,0,0,0,0,0,0,0,68.2525634765625,38.0611019134521,0,16.973432976859,0,13.365935643514,0,0,0,0,0,0,0,0,11.6409279016348,4.11048740810818,0,22.9180741991316,0,8.3132408037351,0,6.74228987090509,0,13.1108536277972,0,13.5934366226196,0,25.983526893284,0,5.436541997307,6.83531317686794,0,0,39.524263964759,0,0,0,14.9256454706192,0,15.8543804299976,0,10.3645071278919,0,8.24006590460028,36.8274976556951,0,11.0992628033956,0,11.4867115738118,0,4.5751613676548,0,14.4807506051174,0,24.2142698146679,0,0,0,0,0,6.6836397514491,0,7.91334593558271,0,11.8000141761065,24.8750768389021,12.4992158824444,18.7252943856376,0
8.81666691303253,0,7.24452941731648,0,4.92115617941504,0,0,0,9.85632554637758,0,0,0,0,0,0,0,0,0,0,0,3.39040537675222,0,0,0,0,0,0,0,0,0,0,0,0,0,0,0,0,0,0,51.1768264770508,47.6277599334717,83.9376831054688,46.9472981621237,0,0,54.638313293457,27.2275393349784,0,46.4090557098389,0,0,0,4.35266512505552,0,10.3116002259716,0,4.35962789046941,64.4812316894531,4.18396626866382,0,3.52428227976749,0,0,4.16801129768942,0,0,0,0,0,0,0,0,0,44.3507881164551,0,0,0,0,0,58.5579121112823,0,47.0922431945801,5.16224573453267,0,19.1754982722433,0,29.8583374023438
0,13.0777721405029,0,15.8190172252121,0,4.64990184951003,0,2.73591180642446,0,8.42063976511543,0,0,0,0,0,3.37046098709106,0,73.7071304321289,54.7968235015869,12.5974151904766,0,0,0,0,0,0,0,0,0,0,0,0,0,0,0,65.4772644042969,0,0,0,67.4791069030762,0,51.0424012116023,0,50.5890808105469,0,44.0091463724772,56.7072486877441,0,0,39.524263964759,0,0,0,3.14617060360156,0,7.17964119275411,91.2737350463867,8.49721646627498,0,6.10630951325099,0,5.84359925351244,17.5948681116104,0,0,0,0,0,0,0,49.6836284290661,0,46.9829488812071,0,0,0,0,0,45.1102593558175,0,53.5536460876465,0,39.8590061134762,45.719051361084,18.5132265535546,0,0
0,0,0,0,0,0,2.8927162937496,0,0,0,0,0,0,0,0,0,0,0,0,0,0,0,0,0,0,0,0,0,0,0,0,0,0,0,0,0,0,0,0,0,0,0,0,0,0,0,0,0,0,0,4.35266512505552,0,0,0,0,0,0,0,0,0,0,0,0,0,0,0,0,0,0,0,0,0,0,0,0,0,0,0,0,0,0,0,0,0,0,0,0
0,0,0,0,0,2.9645791053772,0,3.99929928108,0,0,0,0,0,0,0,0,0,0,0,0,0,0,0,0,0,0,0,0,0,0,0,0,0,0,0,0,0,0,0,0,0,0,0,0,0,0,0,0,0,0,0,3.14617060360156,0,0,0,0,0,5.32914922929104,0,4.20306646390395,0,0,0,0,0,0,0,0,0,0,0,0,0,0,0,0,0,0,0,0,0,0,0,0,0,0,0
4.52267148749519,0,8.14587610960007,0,12.8395630655618,0,0,0,5.01512860512712,0,0,0,0,0,0,0,0,0,0,0,0,0,0,0,4.61931942674247,0,11.8229236602783,0,0,0,0,0,0,0,0,0,0,0,9.79632350771051,0,0,0,0,0,0,0,0,0,6.22800232732997,0,10.3116002259716,0,0,0,0,0,0,0,0,0,4.79254207490147,0,0,0,0,0,0,6.11257771849632,0,11.4085329771042,0,0,0,0,0,0,0,0,0,0,0,8.83646783296206,4.36773040715386,0,8.07786295811335,0,0
0,6.96324369361845,0,0,0,4.50878330423862,0,0,0,4.45618892975441,0,0,0,0,0,5.13326330301238,0,0,0,0,0,0,0,5.6997086650829,0,0,0,0,0,0,0,0,0,0,0,0,0,9.73344636607814,0,0,0,39.8381805419922,0,0,0,0,0,0,0,14.9256454706192,0,7.17964119275411,0,0,0,0,0,15.818701505661,0,15.1242167154948,0,4.90325663650737,0,0,0,0,8.96687750316603,0,10.4248607158661,0,0,0,0,0,0,0,0,0,0,0,8.64720317492118,0,4.5755859930304,0,12.3886656165123,0,0
0,0,21.2723854541779,58.4458312988281,5.2713041305542,0,0,0,0,0,4.77340531834513,0,0,0,0,0,97.4156951904297,0,69.0388717651367,0,3.25557334763663,0,0,0,0,0,0,0,0,0,5.46729564666748,0,0,0,0,0,2.96111035346985,0,5.51697829407705,60.7339458465576,48.3911603291829,0,28.0509832879187,0,0,52.2334286371867,28.0453714991725,0,45.6538330078125,0,4.35962789046941,91.2737350463867,0,0,0,0,0,71.6088981628418,3.32044305801392,0,4.62694692611694,0,0,8.7791181566343,0,0,0,0,0,0,0,3.80921746567634,0,6.59501581245783,0,0,0,0,0,53.0861127753007,0,8.85488020213304,21.2178400754929,0,10.1748461893627,0,17.00830078125
0,13.1762799849877,62.6729270390102,15.708487033844,0,16.1126017137007,0,8.24746530262504,0,24.961555821555,0,6.18274913476326,0,0,0,0,0,0,51.3515144586563,4.74541222209662,0,0,0,0,0,0,0,0,0,5.16521352434915,0,0,0,0,0,22.8032313119497,0,21.3740252466763,0,45.0988354153103,40.980281829834,22.5267193995138,83.4973640441895,0,0,24.1640843570647,46.9294192574241,0,0,15.8543804299976,64.4812316894531,8.49721646627498,0,5.32914922929104,0,15.818701505661,71.6088981628418,0,0,6.31534269124643,0,8.42558002471924,20.0740840306516,0,27.7853183746338,0,23.1767108440399,0,21.7874071287072,0,12.3783127728911,0,11.5991966108245,84.8255615234375,0,0,0,0,29.545363574321,86.6343841552734,16.1050690622425,0,24.6115819906577,37.638256072998,20.820611113925,20.9911123003278,78.1394081115723
0,0,3.02531917889913,0,0,0,0,0,0,0,3.47399606375859,0,2.94317592107333,0,0,0,0,0,0,0,0,0,0,0,0,0,0,0,0,0,0,0,0,0,0,0,0,0,0,0,0,0,0,0,0,0,0,0,0,0,4.18396626866382,0,0,0,0,0,3.32044305801392,0,0,0,3.44832606151186,0,0,0,0,0,0,0,0,0,0,3.44060837521273,0,0,0,0,0,0,0,0,0,0,0,0,3.58350086212158,0,0
0,13.5061467488607,0,7.89964778192582,0,8.22701930999756,0,6.05930707892593,0,0,0,5.25883444547653,0,3.24663943923705,0,0,0,0,0,0,0,0,0,0,0,0,0,3.16640627384186,0,0,0,0,0,0,0,0,0,0,0,0,0,27.5097875595093,0,0,0,31.3363566679113,52.1042709350586,0,0,10.3645071278919,0,6.10630951325099,0,4.20306646390395,0,15.1242167154948,0,6.31534269124643,0,0,0,5.6787936369578,24.8631458282471,0,0,0,16.7330266952515,0,11.9975966115793,0,6.21179634975452,0,39.3025932312012,0,0,0,0,0,39.5868864059448,0,0,0,26.1778788566589,0,13.7220676452556,0,0
4.49212062358856,0,4.20736908912659,0,0,0,0,0,4.77765701007258,0,0,0,0,0,3.06051221847534,0,0,0,0,0,0,0,0,0,0,0,0,0,0,0,0,0,0,0,0,0,0,0,0,0,0,0,0,0,0,0,0,0,0,0,3.52428227976749,0,0,0,4.79254207490147,0,4.62694692611694,0,3.44832606151186,0,0,0,0,0,0,0,0,0,0,3.0777325630188,0,0,0,0,0,0,0,0,0,0,0,0,0,0,0,0,0
0,9.95081520080566,0,10.1261005401611,0,6.33148908615112,0,0,0,4.54551562967226,0,0,0,0,0,3.24153097132419,0,2.902714351813,0,0,0,0,0,4.06246840953827,0,0,0,0,0,0,0,0,0,0,0,0,0,0,0,0,0,0,0,0,0,0,0,0,0,8.24006590460028,0,5.84359925351244,0,0,0,4.90325663650737,0,8.42558002471924,0,5.6787936369578,0,0,0,0,0,0,0,0,3.87604248523712,0,5.54106918836044,0,47.4893398284912,0,0,0,0,0,0,0,0,0,4.24173129929437,0,10.6882412274679,0,0
0,0,56.3020858764648,36.9265200297038,0,21.0993111133575,0,0,0,45.5371524810791,0,0,0,0,0,0,92.8259048461914,80.1321498325893,59.941644771679,8.26042935894212,0,0,0,0,0,0,0,0,0,0,0,0,0,0,0,19.7243284839716,0,17.600828508679,0,10.1414843021877,0,28.7169499812753,101.526568094889,29.5322528049864,0,15.3470654808235,35.4132359822591,0,0,36.8274976556951,0,17.5948681116104,0,0,0,0,0,20.0740840306516,0,24.8631458282471,0,0,0,0,0,0,0,0,48.7485961914062,0,36.4029771566391,0,26.5432738199635,94.9277801513672,0,0,0,0,22.7025007269645,0,16.0962117770572,0,15.4194076822864,0,20.4173972670521,32.920631136213,0
48.7626342773438,0,42.7660293579102,57.0762367248535,3.70433876911799,0,0,0,0,0,4.90857577323914,0,0,0,0,0,72.3643830039284,105.796343485514,60.6772859800665,0,3.72187996160297,0,0,0,0,0,0,0,0,0,0,0,0,0,0,0,4.78749667407628,0,9.14348138295687,0,18.6252382581051,0,31.4685855147862,0,0,76.4116058349609,10.2808414937724,0,32.1089525222778,0,4.16801129768942,0,0,0,0,0,8.7791181566343,0,0,0,0,0,0,0,0,0,0,0,0,0,0,0,0,16.4454710984251,0,0,0,0,118.047611236572,13.9174343621601,0,15.6128844333851,46.9592612886081,47.1796867370605,13.0480906714323,0,53.0907249450684
0,0,0,0,0,0,0,0,0,0,0,0,0,0,0,0,0,0,0,0,0,4.63977030767721,5.93025207519531,7.91941171117968,0,5.90872287750244,0,3.00446212291718,0,0,0,0,0,0,0,0,0,11.4798948387556,0,0,0,0,0,0,0,0,0,0,0,11.0992628033956,0,0,0,0,0,0,0,27.7853183746338,0,0,0,0,0,0,0,0,7.66615448333323,0,6.00641460471979,0,8.62991847788001,0,14.7031685222279,0,0,0,0,0,0,0,10.6049836636913,0,4.83402333202132,0,0,0,0
0,0,0,0,0,0,0,0,0,0,0,0,0,0,0,0,0,0,0,0,0,0,4.94680792267221,0,9.20235901548151,0,3.80570536851883,0,4.17568296194077,0,0,0,0,0,0,0,0,0,7.14107346136343,0,0,0,0,0,0,0,0,0,7.11885536694136,0,0,0,0,0,0,0,0,0,0,0,0,0,0,0,0,0,0,7.88699510940036,0,4.47799598448204,0,4.66555506294468,0,0,0,0,0,0,0,0,0,7.10340714454651,7.6549638881058,0,19.181788444519,0,0
0,5.67433404922485,0,25.3123893737793,0,0,0,0,0,6.16752794810704,0,0,0,0,0,0,0,0,0,0,0,14.3503028180288,0,4.45931857355215,0,6.40737295150757,0,0,0,0,0,0,0,0,0,0,0,8.71872270413458,0,0,0,0,0,0,0,48.7472190856934,0,0,0,11.4867115738118,0,0,0,0,0,8.96687750316603,0,23.1767108440399,0,16.7330266952515,0,0,0,0,7.66615448333323,0,0,0,4.19452442544879,0,5.98262280002933,0,0,0,0,0,0,0,0,0,7.17080503449733,0,10.1670774990153,38.2656211853027,11.2247113251424,0,0
0,0,0,0,0,0,0,0,5.57788070042928,0,0,0,0,0,0,0,0,0,0,0,0,0,7.9606838392306,0,4.58471812826864,0,3.33009924888611,0,0,0,0,0,0,0,0,0,0,0,7.33077440650892,0,0,0,0,0,0,0,0,0,4.55576883032431,0,0,0,0,0,6.11257771849632,0,0,0,0,0,0,0,0,0,0,7.88699510940036,0,0,0,6.04605631029079,0,0,0,0,0,0,0,0,0,0,0,7.48594484302806,5.1813206354777,0,5.96867844613932,0,0
0,0,0,0,0,0,0,0,0,5.53031802177429,0,0,0,0,0,2.85143840312958,0,0,0,0,0,8.56737031377624,0,4.4901444340168,0,4.52129964159625,0,4.84953749709659,0,0,0,0,0,0,0,0,0,15.4901705655185,0,0,0,0,0,0,0,42.5652523040771,0,0,0,4.5751613676548,0,0,0,0,0,10.4248607158661,0,21.7874071287072,0,11.9975966115793,0,3.87604248523712,48.7485961914062,0,6.00641460471979,0,4.19452442544879,0,0,0,5.43441776509555,0,0,0,0,0,0,0,0,0,12.5690205097198,0,2.84334635734558,0,28.7017211914062,0,0
0,0,0,0,0,0,0,0,0,0,0,0,0,0,0,0,0,0,0,0,0,0,4.75925648212433,0,3.66135194582969,0,4.24755536072643,0,4.95619249343872,0,0,0,0,0,0,0,0,0,0,0,0,0,0,0,0,0,0,0,5.56047175432506,0,0,0,0,0,11.4085329771042,0,0,0,0,0,3.0777325630188,0,0,0,0,4.47799598448204,0,6.04605631029079,0,0,0,4.91791108553527,0,0,0,0,0,0,0,0,0,0,0,0,0,0,0
0,33.2537925720215,0,31.471574647086,0,0,0,0,0,23.9822902679443,0,3.73130098978678,0,0,0,0,76.3463668823242,0,56.3334414164225,41.1015377044678,0,13.8032638424809,0,23.1605339050293,0,3.91395505341617,0,3.74592063233659,0,2.85320389270782,0,0,0,0,0,51.5454912185669,0,11.1213361691026,0,59.8967666625977,0,25.8716921167714,0,0,0,37.7041449698673,59.7047661675347,0,0,14.4807506051174,0,49.6836284290661,0,0,0,0,0,12.3783127728911,0,6.21179634975452,0,5.54106918836044,36.4029771566391,0,8.62991847788001,0,5.98262280002933,0,5.43441776509555,0,0,0,5.11378317915875,0,0,0,0,0,51.4641346401638,0,6.67238219579061,97.0438842773438,25.9219181016944,41.4188041687012,29.6338013546033,22.6664218902588,0
0,0,0,0,0,0,0,0,0,0,2.79017963409424,0,0,0,0,0,0,0,0,0,0,0,4.71468634605408,0,0,0,3.94697345756903,0,4.15017640758568,0,4.88047562042872,0,0,0,0,0,0,0,7.55289244651794,0,0,0,0,0,0,0,0,0,4.85960281738127,0,0,0,0,0,0,0,3.80921746567634,0,3.44060837521273,0,0,0,0,0,0,4.66555506294468,0,0,0,4.91791108553527,0,0,0,3.08332339525223,0,0,0,0,0,0,0,7.1160816845141,20.8306138515472,0,4.1244692585685,0,0
0,32.2791219711304,84.3094825744629,31.6814633921573,0,45.2909736633301,0,0,0,22.2124989032745,0,3.93183635021078,0,0,0,0,69.1613260904948,71.3083196786734,53.7361010742188,14.7547105102539,0,14.5013970269097,0,27.3992938995361,0,0,0,0,0,6.74407893678416,0,0,0,0,0,65.3332152366638,0,6.42523494234846,0,43.3122682571411,59.0391845703125,23.5712837327255,91.9816691080729,45.2225685119629,0,34.4512306052461,61.9130388895671,0,0,24.2142698146679,0,46.9829488812071,0,0,0,0,0,11.5991966108245,0,39.3025932312012,0,47.4893398284912,26.5432738199635,0,14.7031685222279,0,0,0,0,0,5.11378317915875,0,0,0,0,0,0,0,54.7036305876339,128.927368164062,7.51280654132766,0,26.1969534894451,44.2886134060946,29.6154114564635,21.3378147624788,0
25.426586151123,0,33.5585392485274,73.1022415161133,0,0,0,0,0,0,0,0,0,0,0,0,59.9745035171509,95.2559471130371,41.6779833226591,0,28.7279014587402,0,0,0,0,0,0,0,0,0,3.83438608534737,0,0,0,0,0,78.1136082240513,0,3.37515666484833,65.6790631612142,51.8887567723051,0,43.4383192843404,0,0,65.50912109375,28.3994030934661,0,12.0652119768293,0,44.3507881164551,0,0,0,0,0,6.59501581245783,84.8255615234375,0,0,0,0,94.9277801513672,16.4454710984251,0,0,0,0,0,0,0,3.08332339525223,0,0,0,0,0,0,165.804168701172,59.3038844573192,119.519515991211,4.96828672611456,35.5757893664496,44.8568649291992,13.3647600261288,0,22.0501578903198
0,0,0,0,0,0,0,0,0,0,0,0,0,0,0,0,0,0,0,0,0,0,0,0,0,0,0,0,0,0,0,3.83473045211971,2.98541875680288,16.5076128362299,0,4.03150598446052,0,0,0,0,0,0,0,0,0,0,0,8.68494293698213,0,0,0,0,0,0,0,0,0,0,0,0,0,0,0,0,0,0,0,0,0,0,0,0,0,0,0,0,15.6306295470415,0,8.48380044348272,0,0,0,3.27998697579797,0,0,0,0
0,0,0,0,0,0,0,0,0,0,0,0,0,0,0,0,0,0,0,0,0,0,0,0,0,0,0,0,0,0,0,4.4402042062659,5.09548092471834,0,5.38802945613861,0,4.99816030823723,0,0,0,0,0,0,0,0,0,0,6.32149430898231,0,0,0,0,0,0,0,0,0,0,0,0,0,0,0,0,0,0,0,0,0,0,0,0,0,0,0,0,0,6.34335760636763,0,10.7493647107711,0,0,4.65200424861665,0,0,0,0
0,0,0,0,0,0,0,0,0,0,0,0,0,0,0,0,0,0,0,0,0,0,0,0,0,0,0,0,0,0,0,12.1020053807427,0,4.20920417242963,3.92405705866606,5.19345959550456,0,4.08262893143922,2.89031179745992,0,0,0,0,0,0,0,0,4.68384819430641,0,0,0,0,0,0,0,0,0,0,0,0,0,0,0,0,0,0,0,0,0,0,0,0,0,0,15.6306295470415,0,0,0,9.61592836380005,0,4.75792567267898,0,3.04308328538571,0,0,0,0
0,0,0,0,0,0,0,0,0,0,0,0,0,0,0,0,0,0,0,0,0,0,0,0,0,0,0,0,0,0,0,0,0,3.33988777668245,4.60178801815256,0,15.3640731952809,0,7.17384639382362,0,0,0,67.1608810424805,0,0,110.966537475586,58.2587272644043,3.59272042128558,0,0,0,0,0,0,0,0,0,0,0,0,0,0,0,0,0,0,0,0,0,0,0,0,0,0,0,6.34335760636763,0,0,0,10.8844241439999,0,5.43801920835987,5.00443793597974,0,121.313766479492,0,0
0,38.0275128682454,0,41.5138332843781,0,42.6368759155273,0,0,0,52.9774188995361,0,3.0250803061894,0,0,0,0,92.8813315956456,84.0722512929453,64.0601615473909,16.7212639907156,0,0,0,0,0,0,0,0,0,0,0,4.72202086901488,5.65713167190552,6.99090276921497,12.8853988647461,8.2783746869972,4.67308103761008,9.54213522793458,0,9.76170158633296,112.16754743788,28.6944298217448,89.6174299240112,36.4224162309066,0,28.6462001661602,77.3469874064128,6.08668648838417,13.8582744598389,6.6836397514491,0,45.1102593558175,0,0,0,0,0,29.545363574321,0,39.5868864059448,0,0,22.7025007269645,118.047611236572,0,0,0,0,0,0,51.4641346401638,0,54.7036305876339,165.804168701172,8.48380044348272,0,9.61592836380005,0,0,128.438957008156,11.3507658523886,99.356086730957,33.2508693661501,43.3663854122162,25.0185484090956,34.5831677247378,76.3061767578125
46.8527450561523,0,49.8596168186354,0,58.3453149795532,0,0,0,0,0,5.90550112724304,0,0,0,0,0,81.4189258470927,91.8020177436597,63.2366820807662,0,6.41032471307894,0,0,0,0,0,0,0,0,0,0,8.24010944366455,6.84651410804605,0,9.53287201467811,117.213614145915,5.75857338125973,0,6.06133533469296,137.51802444458,30.3092773807471,92.6407106018066,34.7075598286335,86.1623039245605,0,98.7338829570346,26.8913110030736,7.73697296217198,17.4783147138518,0,58.5579121112823,0,0,0,0,0,53.0861127753007,86.6343841552734,0,0,0,0,0,13.9174343621601,0,0,0,0,0,0,0,0,128.927368164062,59.3038844573192,0,10.7493647107711,0,10.8844241439999,128.438957008156,0,124.084252251519,5.89810222744876,33.883397863657,57.7994718933105,35.9235971154152,100.824379920959,43.6146956968308
0,33.4090194702148,0,34.4515342712402,0,0,0,0,0,6.38160049915314,0,3.23698218663534,0,0,0,0,82.6010002809412,67.1840890545711,51.3613810131754,8.44965627906249,0,11.7081424341482,0,5.29640456897761,0,0,0,0,0,9.1665342418771,0,0,0,5.71547993866064,0,9.00784853584253,0,5.98458015244812,4.26891791193109,8.43433328085048,121.002933502197,31.4391845163856,78.1407025655111,44.5132590399848,0,34.6623470701795,76.9913787841797,3.606187412757,0,7.91334593558271,0,53.5536460876465,0,0,0,8.64720317492118,0,16.1050690622425,0,0,0,0,16.0962117770572,0,10.6049836636913,0,7.17080503449733,0,12.5690205097198,0,6.67238219579061,0,7.51280654132766,119.519515991211,0,0,4.75792567267898,0,11.3507658523886,124.084252251519,0,0,19.0256721996794,32.8300102551778,30.453782090853,23.2482542649411,62.6953964233398
0,0,37.2836618423462,0,50.3488025665283,0,0,0,8.4716643826079,0,5.7050136345536,0,0,0,0,0,66.1357906341553,74.7879943847656,43.2779880785475,0,3.85629590352376,0,5.29436297717957,0,8.87676232337952,0,0,0,6.87401723861694,0,5.33011305009997,0,0,0,6.23457400262217,123.060897827148,6.27022723691246,3.09745796521505,5.63873774372165,0,60.6249415079753,69.7606430053711,39.486696694114,0,0,69.466552734375,17.1815191146431,5.383166272361,6.45343002968758,0,47.0922431945801,0,0,0,8.83646783296206,0,8.85488020213304,0,0,0,0,0,0,15.6128844333851,0,7.10340714454651,0,7.48594484302806,0,0,97.0438842773438,7.1160816845141,0,4.96828672611456,0,0,0,5.43801920835987,99.356086730957,5.89810222744876,0,0,10.5722287336045,37.40768967356,12.5919236278107,0,25.7520803911933
