0,0,0.168480541557074,0,0.212124085296755,0,0,0,0.209406363358325,0,0,0,0,0,0.154544406077441,0,0,0,0.153260783941457,0,0,0,0,0,0,0,0,0,0,0,0,0,0,0,0,0,0,0,0.280879919727643,0,0,0,0.195052713469455,0,0,0,0.184938619534175,0.315237060189247,0.163979483941789,0,0.205478180199862,0,0,0,0.197707565767424,0,0,0,0,0,0,0,0,0,0,0,0,0,0,0,0,0,0,0,0,0,0,0,0,0,0,0,0.231724388563272,0,0.207449377748303,0,0.173813545869456
0,0,0,0.188921372625351,0,0.194385708954472,0,0,0,0.236389476701308,0,0,0,0,0,0,0,0,0,0,0,0,0,0,0,0,0,0,0,0,0,0,0,0,0,0,0,0,0,0,0,0.149294911573331,0,0,0,0,0,0,0,0.16672633768794,0,0.190752193486135,0,0,0,0.197549264858219,0,0,0,0,0,0.192337400146893,0,0,0,0,0,0,0,0,0,0,0,0,0,0,0,0,0,0,0,0,0.192639262348076,0,0.204681922609989,0.138298600912094,0
0.168480541557074,0,0,0,0.201635121787043,0,0,0,0.181200774926082,0,0,0,0,0,0,0,0.277408212423325,0,0.253836803138256,0,0,0,0,0,0,0,0,0,0,0,0,0.262318149209023,0,0,0.331401893496513,0,0,0,0.235171765089035,0,0.243604017628564,0,0.254826636860768,0,0,0,0.16855492308611,0.26700129498576,0.271921239115975,0.252492252737284,0.166700618198285,0,0,0,0.177070033291112,0,0.147779077642104,0,0.127836734056473,0,0,0,0,0.155332385784104,0,0,0,0,0,0,0,0,0,0.308136790990829,0,0,0,0,0,0.240158240000407,0,0.304476771503687,0.212672202914421,0,0.193472738750279,0,0
0,0.188921372625351,0,0,0,0.205481253564358,0,0,0,0.210614050040022,0,0,0,0,0,0.1199921797961,0,0.292663037776947,0.26959587931633,0,0,0,0,0,0,0.273920059204102,0,0,0,0,0,0.246566131711006,0,0.263391584157944,0,0.249620243906975,0,0,0,0.245873251421885,0,0.254032809000749,0,0,0,0.174197747807593,0,0.25078721344471,0,0.151193780310863,0,0.194544988954179,0,0,0,0.174148534735044,0,0.236565947532654,0,0.189029994256356,0,0.14345160470559,0.257089792240051,0,0,0,0,0,0,0,0,0,0.240271672606468,0,0,0,0,0,0.263780729845166,0,0.250026332214475,0,0.171123350891705,0,0.162107461671613,0,0
0.212124085296755,0,0.201635121787043,0,0,0,0.167415097355843,0,0.249181878611334,0,0,0,0,0,0,0,0,0,0.183990955352783,0,0.207498632371426,0,0,0,0,0,0,0,0,0,0,0.241170257329941,0,0,0.269596591591835,0,0.242762888471285,0,0,0,0.251222063920328,0,0.244098232127726,0,0.254988968372345,0,0.228130657597372,0.250355784470836,0.249949862159068,0.243559396266937,0.161562581716984,0,0.157876309752464,0,0.231459014117718,0,0,0,0.13320729881525,0,0.132443433420526,0,0,0.230079906121377,0,0,0,0,0,0,0,0,0,0.282388895750046,0,0,0,0,0,0.235164278083377,0,0.244282349944115,0.21025804341639,0,0.225023406849365,0,0.249933451414108
0,0.194385708954472,0,0.205481253564358,0,0,0,0.167114308902196,0,0.201639050495959,0,0,0,0,0,0,0.277430474758148,0,0.245787151157856,0.28297506570816,0,0,0,0,0,0,0,0,0,0,0,0.248867049813271,0,0.25260466337204,0.257722467184067,0.215191227548263,0,0,0,0.246362299944451,0,0.23914792320945,0,0,0,0.232649077589695,0,0.245694530010223,0,0.24151922029964,0,0.219600585855398,0,0.181459479033947,0,0.176695258652463,0,0.234201334673783,0,0.230587125090616,0,0.213973255320029,0.319230504504411,0,0,0,0,0,0,0,0,0,0.267250683158636,0,0,0,0,0,0.224140450358391,0,0.239464831848939,0,0.21088366837828,0.176412785016909,0.179939891578573,0,0
0,0,0,0,0.167415097355843,0,0,0,0,0,0,0,0.150327316795786,0,0,0,0,0,0,0,0,0,0,0,0,0,0,0,0,0,0,0,0,0,0,0,0,0,0,0,0,0,0,0,0,0,0,0,0,0,0.174432447423106,0,0.174329372068894,0,0,0,0,0,0.132543481886387,0,0,0,0,0,0,0,0,0,0,0,0,0,0,0,0,0,0,0,0,0,0,0,0.211258201419941,0.205858036875725,0,0,0
0,0,0,0,0,0.167114308902196,0,0,0,0,0,0.189902205830035,0,0.180251562740745,0,0,0,0,0,0,0,0,0,0,0,0,0,0,0,0,0,0,0,0,0,0,0,0,0,0,0,0,0,0,0,0,0,0,0,0,0,0.181421483463761,0,0.190016815179511,0,0,0,0.164505430992613,0,0.186985957731561,0,0,0,0,0,0,0,0,0,0,0,0,0,0,0,0,0,0,0,0,0,0,0.152069955491103,0,0,0,0
0.209406363358325,0,0.181200774926082,0,0.249181878611334,0,0,0,0,0.180483810603619,0,0,0,0,0.154823452548449,0.167067348957062,0.19730130262349,0.192339830286801,0.232168854617361,0,0,0,0.170733533799648,0.224179893732071,0.183078458475083,0.1592713072896,0.164667313058789,0,0.156636303663254,0,0,0,0,0,0,0,0,0,0.276352718519193,0.255593776702881,0.3025723695755,0.301567524671555,0.227840060686193,0,0,0,0.19686294572823,0.24708152115345,0.223013804579268,0.258571907877922,0,0,0,0,0.181833314260151,0.164401359856129,0,0,0,0,0.159968975517485,0,0,0,0.148493617773056,0.140815943479538,0,0.213237484650952,0.158734321594238,0.165970778011757,0,0,0,0,0,0,0,0,0.295334945122401,0.320338658988476,0.330326229333878,0.256067303093997,0.22778629784667,0,0.224010816968071,0,0.199210745367137
0,0.236389476701308,0,0.210614050040022,0,0.201639050495959,0,0,0.180483810603619,0,0,0,0,0.176964827946254,0,0.160713796412981,0.196956911683083,0.181038534872386,0.259549225253217,0,0,0.168076980859041,0,0.225447068870068,0.161396056413651,0.157739250022952,0.15850686840713,0.173399764216608,0,0,0,0,0,0,0,0,0,0.247297869192229,0,0.295166879892349,0.350174182653427,0.203423514962196,0.383934438228607,0,0,0,0,0,0,0.22521599870589,0,0.203054077923298,0,0,0,0.188421481798561,0,0,0,0,0,0.182118050966944,0,0,0.130388930439949,0,0.198377987329107,0,0.159773234506043,0.16556486984094,0.1706002266968,0,0,0,0,0,0,0,0,0.35356530547142,0.301756349034034,0.284685636560122,0.208006837913846,0.231744226068258,0.257357040213214,0.227647196501493,0
0,0,0,0,0,0,0,0,0,0,0,0,0.259367614984512,0,0,0,0,0,0,0,0.16398703533,0,0,0,0,0,0,0,0,0,0.188012176326343,0,0,0,0,0,0,0,0.137400427088792,0,0,0,0,0,0,0,0,0,0,0,0,0,0.112234681844711,0,0,0,0.223429460809823,0,0,0,0,0,0,0.16254729137086,0,0,0,0,0,0,0,0,0,0.23461809525123,0,0,0,0,0,0,0,0.167443377215688,0.120494480803609,0,0.224444863572717,0,0
0,0,0,0,0,0,0,0.189902205830035,0,0,0,0,0,0.135738328099251,0,0,0,0,0,0.193489113800106,0,0,0,0,0,0,0,0,0,0.244701391458511,0,0.24681194126606,0,0,0,0.119909617015057,0,0.147570444562774,0,0.25342770665884,0,0.235065989196301,0,0.232344508171082,0,0.231796460536619,0,0.272799640893936,0,0.230501011013985,0,0,0,0,0,0,0,0.157205673841249,0,0,0,0,0.250616788678644,0,0,0,0,0,0,0,0,0,0.239089637063444,0,0,0,0,0,0.22282491098432,0,0.179582478958856,0,0.144687781975029,0,0.222178883850574,0,0
0,0,0,0,0,0,0.150327316795786,0,0,0,0.259367614984512,0,0,0,0.158985988228094,0,0.134906738996506,0,0,0,0,0,0,0,0,0,0,0,0.285506312861855,0,0,0,0,0,0,0,0,0,0,0,0,0,0,0,0,0,0,0,0.235628701746464,0,0,0,0.169826687978847,0,0,0,0,0,0.162511761817667,0,0.190129173298677,0,0,0,0,0,0,0,0,0,0,0,0,0,0,0,0,0,0,0,0,0,0.206706581746831,0,0,0,0
0,0,0,0,0,0,0,0.180251562740745,0,0.176964827946254,0,0.135738328099251,0,0,0,0.159832603315061,0.152710601687431,0.164185800579607,0.207059364765882,0,0,0.153134196996689,0,0,0,0.161321858073225,0,0.166979223489761,0,0,0,0,0,0,0,0,0,0,0,0.238549903035164,0,0.247079968452454,0,0,0,0.252336174249649,0,0,0,0,0,0.179578906611392,0,0.198555270694707,0,0.166725149208849,0,0.17292628288269,0,0.161002428605429,0,0.15252059746847,0,0,0,0,0,0,0.156513589389116,0,0.179793134331703,0,0,0,0,0,0,0,0,0,0,0,0.188188027752482,0.271506417542696,0,0,0
0.154544406077441,0,0,0,0,0,0,0,0.154823452548449,0,0,0,0.158985988228094,0,0,0,0.156684685410388,0.183785182734331,0.233714015781879,0,0,0,0.145824506878853,0,0.151417639106512,0.169861927628517,0.153271296322346,0,0.129910157471895,0,0,0,0,0,0,0,0,0,0,0,0,0,0,0.268386572599411,0,0,0,0,0,0,0,0,0,0,0.14631302455846,0,0,0,0.145907660209855,0,0.171175621912397,0,0,0,0,0,0,0,0.145668461918831,0.171140387654305,0,0.122502040117979,0,0,0,0,0,0,0,0.335373014211655,0,0.241133823990822,0.150725388358086,0,0.247200980782509,0,0
0,0,0,0.1199921797961,0,0,0,0,0.167067348957062,0.160713796412981,0,0,0,0.159832603315061,0,0,0.191788535565138,0.168015444144941,0.219009665151437,0,0,0.174061700701714,0,0.18150418019527,0,0.152247077939536,0,0.168689004340015,0,0,0,0,0,0,0,0,0,0,0,0,0.347649663686752,0.265930861234665,0,0,0,0.271130561828613,0,0,0,0.174357573191325,0,0,0,0,0,0.144522485837817,0,0.174069767196973,0,0.155630009060495,0,0.15863113916449,0,0,0,0,0.175526106277028,0,0.145725358120705,0,0.174831837415695,0,0,0,0,0,0,0,0.325645685195923,0,0,0,0.168788984556746,0.184416156262159,0.183570876717567,0,0
0,0,0.277408212423325,0,0,0.277430474758148,0,0,0.19730130262349,0.196956911683083,0,0,0.134906738996506,0.152710601687431,0.156684685410388,0.191788535565138,0,0.209753540534668,0.301144851547397,0.274410277605057,0,0.188870885968208,0.11556060638034,0.184316240347825,0.181288037628798,0.16587452532597,0.142405123132996,0.195650100708008,0.136733790449798,0,0,0,0,0,0,0.396619617938995,0,0,0,0.317463644079326,0.321190866254843,0.293666431903839,0.304567073026429,0.313727083531293,0.378167507238686,0.31736243061903,0.2965807000796,0.20786289870739,0.291960835456848,0.27284932633241,0,0,0,0,0.15398689012215,0.163072824478149,0,0,0,0.158123832195997,0.158846815118806,0.207941755652428,0.322314105927944,0,0.178231359024843,0.10153445308959,0.209394596517086,0.165886990725994,0.180799262299214,0.147575225407148,0,0,0.331340350210667,0.346730560064316,0,0,0,0,0.348365388683274,0.334419844521059,0.331549720217784,0.342521889867454,0.215604686107437,0.275040312363653,0.320749894189997,0.293666252068111,0.315074103573958
0,0,0,0.292663037776947,0,0,0,0,0.192339830286801,0.181038534872386,0,0,0,0.164185800579607,0.183785182734331,0.168015444144941,0.209753540534668,0,0.296926402682641,0,0,0.145211056798522,0.171339274694522,0.172632564900299,0.184934718268258,0.157147719390108,0.174454669590734,0.170190304087574,0.268373668193817,0,0,0,0,0,0,0.373148569038936,0,0,0,0.323926891879858,0.340765932469435,0.300306056848669,0.328258636894576,0.314365216370287,0.354190669276498,0.307742689212743,0.294529017806053,0.265455722808838,0.303501114249229,0.294831282035871,0,0,0,0,0.159120369025252,0.170742391550233,0,0,0,0.167062932004531,0.164281652673431,0.164095345814273,0.332957498729229,0,0.159376458369738,0.133608937263489,0.179096000985457,0,0.15174882930643,0.176153330873418,0.160515134846132,0,0.351532847753593,0,0,0,0,0,0.351046093955848,0.358592722447998,0.352665646393295,0.330184693306179,0.21254754728027,0.254146848580447,0.323761054589046,0.307590338690528,0.366977691650391
0.153260783941457,0,0.253836803138256,0.26959587931633,0.183990955352783,0.245787151157856,0,0,0.232168854617361,0.259549225253217,0,0,0,0.207059364765882,0.233714015781879,0.219009665151437,0.301144851547397,0.296926402682641,0,0,0,0.243118365605672,0.186579875648022,0.230168721079826,0.241670509499888,0.205059028334088,0.241118306401132,0.155192159116268,0.236821618676186,0.30019448697567,0,0,0,0,0,0.37882719784975,0,0.365867515405019,0,0.316114257419378,0.317934139858574,0.23900733280561,0.271289086231585,0.397843177460591,0.324217026492199,0.30663370668114,0.272984843452772,0.247374894097447,0.255384430089253,0.258619367123739,0,0,0,0,0.198382876813412,0.204077730958278,0.25459960103035,0.26261710934341,0,0,0.199785256385803,0.245732693001628,0.312660682946444,0,0.216887628038724,0.273287862539291,0.342357069253922,0,0.223424891037727,0.204063126269509,0.133799448609352,0,0.329294641067584,0.342895054358702,0,0,0,0,0.359875537713498,0.333975881000515,0.350227503678562,0.340944380053885,0.255378931598778,0.212441207965215,0.301869697238187,0.261592776419557,0.288385740453654
0,0,0,0,0,0.28297506570816,0,0,0,0,0,0.193489113800106,0,0,0,0,0.274410277605057,0,0,0,0,0,0,0,0,0,0,0,0,0.27281792499125,0,0,0,0,0,0.167656631248004,0,0.212074088099284,0,0.242399965127309,0,0.28471153929378,0,0,0,0.240179628013603,0,0,0,0.305201858282089,0,0,0,0,0,0,0,0.254275708375454,0,0,0,0,0.217745823215785,0,0,0,0,0,0,0,0,0,0.299236321614848,0,0,0,0,0,0.208092282510516,0,0.293495560955171,0,0.178040536778931,0.129591489831607,0.265712875127792,0,0
0,0,0,0,0.207498632371426,0,0,0,0,0,0.16398703533,0,0,0,0,0,0,0,0,0,0,0,0,0,0,0,0,0,0,0,0,0,0,0,0,0,0.161962091641606,0,0.12927930542667,0,0.266192602840337,0,0,0,0,0,0.230365497036641,0,0,0,0,0,0,0,0,0,0.277121612429619,0,0,0,0,0,0,0.175111670010932,0,0,0,0,0,0,0,0,0,0.296678799390793,0,0,0,0,0,0.172831060188509,0,0.244743937177225,0.172529371824241,0,0.221401039382507,0,0
0,0,0,0,0,0,0,0,0,0.168076980859041,0,0,0,0.153134196996689,0,0.174061700701714,0.188870885968208,0.145211056798522,0.243118365605672,0,0,0,0.111672740648775,0.136593889939028,0,0.142602318874065,0,0,0,0,0,0,0,0,0,0,0,0.121528597235542,0,0,0.323920100927353,0,0,0,0,0,0,0,0,0.126833766021512,0,0,0,0,0,0.188135221600533,0,0,0,0,0,0,0,0,0.128195297376118,0,0.152752888934879,0,0.0951487263797019,0,0,0,0,0,0,0,0,0,0,0,0.120891850574491,0,0.147202107503458,0.164191734241812,0,0,0
0,0,0,0,0,0,0,0,0.170733533799648,0,0,0,0,0,0.145824506878853,0,0.11556060638034,0.171339274694522,0.186579875648022,0,0,0.111672740648775,0,0,0.160942418154626,0,0.12230173463517,0,0.184857538860777,0,0,0,0,0,0,0,0,0,0.169394407033684,0,0,0,0,0,0,0,0,0,0.316827542280435,0,0,0,0,0,0.134338852763176,0,0,0,0,0,0.151326239109039,0,0,0,0,0.170360238957084,0,0.185016284950755,0,0.124972294389674,0,0.192410733964708,0,0,0,0,0,0,0.31291551887989,0,0,0.143690577195596,0.158317285795774,0.166644122377038,0,0,0
0,0,0,0,0,0,0,0,0.224179893732071,0.225447068870068,0,0,0,0,0,0.18150418019527,0.184316240347825,0.172632564900299,0.230168721079826,0,0,0.136593889939028,0,0,0.163560088723898,0.142972869432975,0.150972796604037,0.145245298743248,0,0,0,0,0,0,0,0,0,0.193168954501824,0,0.276266127824783,0.302761644124985,0.287116333842278,0.257651716470718,0,0,0.256976038217545,0,0,0,0.172156310711916,0,0,0,0,0.145214468240738,0.215711541523869,0,0,0,0.168751984834671,0.166645541787148,0.185495235025883,0,0,0.12936759305497,0,0.180629356873275,0,0.138176257331525,0.158046790531703,0.169310003519058,0,0,0,0,0,0,0,0.254117161035538,0.338242650032043,0.276116679169873,0,0.180550901400418,0.179858908057213,0.292474966263399,0,0
0,0,0,0,0,0,0,0,0.183078458475083,0.161396056413651,0,0,0,0,0.151417639106512,0,0.181288037628798,0.184934718268258,0.241670509499888,0,0,0,0.160942418154626,0.163560088723898,0,0,0.126534907219484,0,0,0,0,0,0,0,0,0,0,0,0.145494556584494,0,0.277640819549561,0,0.253266513347626,0,0,0,0,0,0.217763155090566,0,0,0,0,0,0.13996339522235,0,0,0,0,0,0.142493233084679,0,0,0,0,0.221279569580907,0,0.152793551644971,0,0.121316018661386,0,0,0,0,0,0,0,0,0.298816442489624,0.314150363206863,0,0.209641452842546,0.176352431115351,0,0.179554711181855,0,0
0,0,0,0.273920059204102,0,0,0,0,0.1592713072896,0.157739250022952,0,0,0,0.161321858073225,0.169861927628517,0.152247077939536,0.16587452532597,0.157147719390108,0.205059028334088,0,0,0.142602318874065,0,0.142972869432975,0,0,0.151503885785739,0.145290495756154,0,0,0,0,0,0,0,0,0,0,0,0,0.280245463053385,0.255024164915085,0,0,0,0,0,0,0,0.249282866716385,0,0,0,0,0.145787090063095,0.159303559788636,0,0,0,0.133760660290718,0,0.154420762792353,0,0,0.113871606998146,0,0.139176911029678,0,0.136073456633659,0,0.156093610007138,0,0,0,0,0,0,0,0.305600047111511,0.250289708375931,0.370700567960739,0,0.1538141468964,0,0.331407904624939,0.270143896341324,0
0,0,0,0,0,0,0,0,0.164667313058789,0.15850686840713,0,0,0,0,0.153271296322346,0,0.142405123132996,0.174454669590734,0.241118306401132,0,0,0,0.12230173463517,0.150972796604037,0.126534907219484,0.151503885785739,0,0,0.126788223507228,0,0,0,0,0,0,0,0,0,0,0.202948525547981,0,0.184333339333534,0.220900148153305,0.243115097284317,0,0.255332946777344,0,0,0,0,0,0,0,0,0.146662835865768,0,0,0,0,0,0.163272319568528,0,0,0,0,0.126795282518422,0,0.0957080088555813,0.150756224989891,0.144587030611351,0,0.114056847989559,0,0,0,0,0,0,0.326334901154041,0,0.288518399000168,0.252928972244263,0.145823569257944,0,0.264218747615814,0,0.246099889278412
0,0,0,0,0,0,0,0,0,0.173399764216608,0,0,0,0.166979223489761,0,0.168689004340015,0.195650100708008,0.170190304087574,0.155192159116268,0,0,0,0,0.145245298743248,0,0.145290495756154,0,0,0,0,0,0,0,0,0,0,0,0.152629463913593,0,0,0,0,0,0,0,0,0,0,0,0,0,0,0,0,0.184874504804611,0.170331129973585,0,0,0,0.144687889516354,0,0.156815632819556,0,0,0,0,0,0,0.137665113341063,0,0.161675195255485,0,0,0,0,0,0,0,0,0,0.147958189249039,0,0.171086559045142,0.19898397475481,0,0,0
0,0,0,0,0,0,0,0,0.156636303663254,0,0,0,0.285506312861855,0,0.129910157471895,0,0.136733790449798,0.268373668193817,0.236821618676186,0,0,0,0.184857538860777,0,0,0,0.126788223507228,0,0,0,0,0,0,0,0,0,0,0,0.136309079825878,0,0,0,0,0,0,0,0,0,0,0,0,0,0,0,0.13002322614193,0,0,0,0,0,0.168342709541321,0,0,0,0,0.157519660890102,0,0,0,0,0,0.188077993294264,0,0,0,0,0,0,0,0,0,0.144375262781978,0.205056296454536,0,0,0,0
0,0,0,0,0,0,0,0,0,0,0,0.244701391458511,0,0,0,0,0,0,0.30019448697567,0.27281792499125,0,0,0,0,0,0,0,0,0,0,0,0,0,0,0,0.297658160328865,0,0.160105902952543,0,0.259267717599869,0,0.284892265498638,0,0,0,0.280036689447505,0,0.296865433454514,0,0.258710633963346,0,0,0,0,0,0,0,0.241940789095972,0,0,0,0,0.287221604585648,0,0,0,0,0,0,0,0,0,0.267290004715323,0,0,0,0,0,0.25993403468443,0,0.181076530308004,0,0.133020311594009,0,0.33383952758529,0.398655742406845,0
0,0,0,0,0,0,0,0,0,0,0.188012176326343,0,0,0,0,0,0,0,0,0,0,0,0,0,0,0,0,0,0,0,0,0,0,0,0,0,0,0,0,0,0,0,0,0,0,0,0,0,0,0,0,0,0,0,0,0,0.178537932726053,0,0,0,0,0,0,0,0,0,0,0,0,0,0,0,0,0.120334322818301,0,0,0,0,0,0,0,0,0,0,0,0,0
0,0,0.262318149209023,0.246566131711006,0.241170257329941,0.248867049813271,0,0,0,0,0,0.24681194126606,0,0,0,0,0,0,0,0,0,0,0,0,0,0,0,0,0,0,0,0,0.244022297763055,0.368737857490778,0.293800569182851,0.180296737838674,0.312708569690585,0.218952655792236,0,0.253903728796215,0.24507848918438,0,0,0,0,0.270520749214654,0.266324187700565,0.207025156589225,0,0.2741627635087,0,0,0,0,0,0,0,0.27662431448698,0,0,0,0,0.270915156602859,0,0,0,0,0,0,0,0,0,0.27471187710762,0,0.248909840111785,0.222764364861209,0.373006068692579,0.289462167431008,0.27167804637062,0.205801501870155,0.320421564228394,0,0.158477347758943,0,0.272131811037208,0,0
0,0,0,0,0,0,0,0,0,0,0,0,0,0,0,0,0,0,0,0,0,0,0,0,0,0,0,0,0,0,0,0.244022297763055,0,0.307797610759735,0.329436691664693,0.133044689893723,0.160842905496503,0,0,0,0,0,0,0,0,0.301177069544792,0.279914751648903,0.262065553982906,0.19247075393796,0.199907854199409,0,0,0,0,0,0,0,0,0,0,0,0,0,0,0,0,0,0,0,0,0,0,0,0,0.233350292575069,0.220008006788851,0.267108996709188,0.347596260714587,0.268424017464413,0.140937962226178,0,0,0.215650193252653,0,0.292920470237732,0,0
0,0,0,0.263391584157944,0,0.25260466337204,0,0,0,0,0,0,0,0,0,0,0,0,0,0,0,0,0,0,0,0,0,0,0,0,0,0.368737857490778,0.307797610759735,0,0.243501194527707,0.179190934318857,0.279253572225571,0.286892036757162,0.371608167886734,0.287670992314816,0,0,0,0,0,0.284570676585038,0,0.480737968544484,0.46768684387207,0.515824204541388,0,0,0,0,0,0,0,0.340502694249153,0,0,0,0,0.261078268289566,0,0,0,0,0,0,0,0,0,0.439270555973053,0,0.317506048342456,0,0.300026249949529,0.381860957303939,0.356543739045423,0,0.473361763433725,0.379098311066628,0.189749325510491,0,0.385120552319747,0,0
0,0,0.331401893496513,0,0.269596591591835,0.257722467184067,0,0,0,0,0,0,0,0,0,0,0,0,0,0,0,0,0,0,0,0,0,0,0,0,0,0.293800569182851,0.329436691664693,0.243501194527707,0,0.29570805033048,0.175919557256358,0,0.26599739747388,0,0.23773575425148,0.22960002720356,0.363291575653212,0,0,0.313580318408854,0.307949015072414,0.475173206825499,0.386335439716293,0.384468012145641,0,0,0,0,0,0,0,0,0,0,0,0,0.323469325900078,0,0,0,0,0,0,0,0,0,0.347077250480652,0,0,0.316904936891955,0.38001443826294,0.430968676465715,0.411802075848435,0.219191946710149,0.42452318569408,0.281586477219468,0.323800699690641,0,0.353616885512191,0,0.301137795050939
0,0,0,0.249620243906975,0,0.215191227548263,0,0,0,0,0,0.119909617015057,0,0,0,0,0.396619617938995,0.373148569038936,0.37882719784975,0.167656631248004,0,0,0,0,0,0,0,0,0,0.297658160328865,0,0.180296737838674,0.133044689893723,0.179190934318857,0.29570805033048,0,0.151381831540651,0.239376845300093,0,0.268552145321987,0.34579236805439,0.282134806606132,0.37961120903492,0.478598378254817,0,0.256880097075804,0,0.160034698861863,0,0.260271113120804,0,0,0,0,0,0,0,0.232492566108704,0,0,0,0,0.199341243916304,0,0,0,0,0,0,0,0,0,0.299565969966352,0,0.236781746149063,0,0.342187017202377,0,0.226921574226224,0.210892595110401,0.214773944541866,0.352827608585358,0.225421383460638,0.293270026003161,0.305899240436225,0.376147309939067,0
0,0,0,0,0.242762888471285,0,0,0,0,0,0,0,0,0,0,0,0,0,0,0,0.161962091641606,0,0,0,0,0,0,0,0,0,0,0.312708569690585,0.160842905496503,0.279253572225571,0.175919557256358,0.151381831540651,0,0,0.161539658740327,0,0.173152555875918,0,0,0,0,0,0.178127092722605,0.219042334705591,0.257730096578598,0.142799347639084,0,0,0,0,0,0,0,0,0,0,0,0,0,0.150742273399218,0,0,0,0,0,0,0,0,0,0,0,0.177282656232516,0,0,0.139359443171604,0.19359691494249,0,0.227139853087285,0.155880750229825,0.244693458506039,0.2287742421031,0,0
0,0,0,0,0,0,0,0,0,0.247297869192229,0,0.147570444562774,0,0,0,0,0,0,0.365867515405019,0.212074088099284,0,0.121528597235542,0,0.193168954501824,0,0,0,0.152629463913593,0,0.160105902952543,0,0.218952655792236,0,0.286892036757162,0,0.239376845300093,0,0,0,0.275401380445276,0,0.197024659705564,0,0.444852650165558,0,0.27662246401717,0,0.367023076670072,0,0.279849282314991,0,0,0,0,0,0.309147777252419,0,0.244295520833665,0,0,0,0,0.269823825143906,0,0.127321406409092,0,0.256458091955243,0,0,0,0,0,0.269002820551395,0,0,0,0.191013893035993,0,0.238885753146074,0.187290910217497,0.192394855435438,0.203630410308062,0.176609948592702,0.133818370201403,0.282019013484705,0,0
0.280879919727643,0,0.235171765089035,0,0,0,0,0,0.276352718519193,0,0.137400427088792,0,0,0,0,0,0,0,0,0,0.12927930542667,0,0.169394407033684,0,0.145494556584494,0,0,0,0.136309079825878,0,0,0,0,0.371608167886734,0.26599739747388,0,0.161539658740327,0,0,0,0,0,0.235332188606262,0,0,0,0,0.319574615192754,0.280363090336323,0.325388938188553,0,0,0,0,0.256108345729964,0,0,0,0,0,0,0,0,0,0,0.13789006948133,0,0.244720431891355,0,0,0,0,0,0,0,0,0,0.233601600006409,0,0.211349067627912,0,0.203810312030296,0.166645057232321,0.188307331111025,0.219333934406918,0,0.199773743748665
0,0,0,0.245873251421885,0,0.246362299944451,0,0,0.255593776702881,0.295166879892349,0,0.25342770665884,0,0.238549903035164,0,0,0.317463644079326,0.323926891879858,0.316114257419378,0.242399965127309,0,0,0,0.276266127824783,0,0,0.202948525547981,0,0,0.259267717599869,0,0.253903728796215,0,0.287670992314816,0,0.268552145321987,0,0.275401380445276,0,0,0.314428495243192,0.295839189815122,0.282988072745502,0.337568459992713,0.339799624681473,0.253142990623331,0.285632893443108,0.250137656927109,0.283835328542269,0.253728647655287,0,0,0,0,0,0,0,0.245170919164535,0,0,0,0,0.256687174280612,0,0,0,0,0,0,0.261508643627167,0,0,0.274552699203459,0.323571920394897,0,0,0.300794713199139,0,0.269191248405232,0.329520493425349,0.298359141023522,0.324675603045358,0.280828490309705,0.32743901014328,0.301399645167498,0.288711105412412,0.229580238461494
0,0,0.243604017628564,0,0.251222063920328,0,0,0,0.3025723695755,0.350174182653427,0,0,0,0,0,0.347649663686752,0.321190866254843,0.340765932469435,0.317934139858574,0,0.266192602840337,0.323920100927353,0,0.302761644124985,0.277640819549561,0.280245463053385,0,0,0,0,0,0.24507848918438,0,0,0.23773575425148,0.34579236805439,0.173152555875918,0,0,0.314428495243192,0,0.270799848475034,0.298924321582971,0.258467723925908,0.311725404223098,0.288498062067307,0.226566976825507,0.261119783598303,0.26049304214662,0.259568710896102,0,0,0,0,0,0.245277553796768,0.242721204246793,0,0,0,0,0,0.317404448986053,0.287667886649861,0,0,0,0,0,0,0,0,0.323141127824783,0.282633933456102,0,0,0,0,0.330643575100761,0.279341756723574,0.337574390451545,0.310866430982582,0.284185560561313,0,0.285405075669472,0.262478034604679,0.331291797233152
0,0.149294911573331,0,0.254032809000749,0,0.23914792320945,0,0,0.301567524671555,0.203423514962196,0,0.235065989196301,0,0.247079968452454,0,0.265930861234665,0.293666431903839,0.300306056848669,0.23900733280561,0.28471153929378,0,0,0,0.287116333842278,0,0.255024164915085,0.184333339333534,0,0,0.284892265498638,0,0,0,0,0.22960002720356,0.282134806606132,0,0.197024659705564,0,0.295839189815122,0.270799848475034,0,0.1834010395853,0.20482094031878,0.232772052288055,0.247199480792281,0.246854083104567,0.236223042737491,0.220179896438267,0.216141298667826,0,0,0,0,0,0,0,0.322504454035634,0,0,0,0.260039150714874,0.337942038335436,0,0,0,0,0,0.240352580944697,0,0.322414165735245,0,0.316510745054372,0.335929440127479,0,0,0.188782677054405,0.388105303049088,0.303613266262767,0.267382994994221,0.329343164586479,0.257645733683717,0.20627413923448,0,0.263907772385672,0.223183847544829,0.233963188799945
0.195052713469455,0,0.254826636860768,0,0.244098232127726,0,0,0,0.227840060686193,0.383934438228607,0,0,0,0,0,0,0.304567073026429,0.328258636894576,0.271289086231585,0,0,0,0,0.257651716470718,0.253266513347626,0,0.220900148153305,0,0,0,0,0,0,0,0.363291575653212,0.37961120903492,0,0,0.235332188606262,0.282988072745502,0.298924321582971,0.1834010395853,0,0.200086511671543,0.398573888367728,0.236658792557388,0.317013572723699,0.235884664765865,0.233986275601478,0.244622049629688,0,0,0,0,0.28678094347318,0,0.324332550168037,0,0,0,0,0,0.268608003854752,0.327747919794285,0,0,0.351325362920761,0,0,0.215418726205826,0,0,0.282513800594542,0.368813847304683,0,0,0,0.388137608766556,0.29788023139516,0.315286596864179,0.305207480181445,0.32163699793515,0.188445752401069,0,0.299978081072745,0.212151763470549,0.260760580335321
0,0,0,0,0,0,0,0,0,0,0,0.232344508171082,0,0,0.268386572599411,0,0.313727083531293,0.314365216370287,0.397843177460591,0,0,0,0,0,0,0,0.243115097284317,0,0,0,0,0,0,0,0,0.478598378254817,0,0.444852650165558,0,0.337568459992713,0.258467723925908,0.20482094031878,0.200086511671543,0,0,0.311123769634809,0,0.250078018754721,0,0.248376694197456,0,0,0,0,0,0,0,0.432011365890503,0,0,0,0,0.324901956319809,0,0,0,0,0,0,0,0,0,0.418825689289305,0,0,0,0,0,0.455176662912712,0.291745293885469,0.534361942317979,0,0.269724566489458,0,0.332432454508362,0.252217118938764,0
0,0,0,0,0.254988968372345,0,0,0,0,0,0,0,0,0,0,0,0.378167507238686,0.354190669276498,0.324217026492199,0,0,0,0,0,0,0,0,0,0,0,0,0,0,0,0,0,0,0,0,0.339799624681473,0.311725404223098,0.232772052288055,0.398573888367728,0,0,0,0.279984191300408,0.255277186632156,0.48328310251236,0.285348415374756,0,0,0,0,0,0,0,0,0,0,0,0,0,0,0,0,0,0,0,0,0,0,0,0.37444712407887,0,0,0,0,0.352540403604507,0.431479663593881,0.330481916666031,0.399933040390412,0.330150367582546,0,0.319115017665075,0.254795461893082,0
0,0,0,0.174197747807593,0,0.232649077589695,0,0,0,0,0,0.231796460536619,0,0.252336174249649,0,0.271130561828613,0.31736243061903,0.307742689212743,0.30663370668114,0.240179628013603,0,0,0,0.256976038217545,0,0,0.255332946777344,0,0,0.280036689447505,0,0.270520749214654,0.301177069544792,0.284570676585038,0.313580318408854,0.256880097075804,0,0.27662246401717,0,0.253142990623331,0.288498062067307,0.247199480792281,0.236658792557388,0.311123769634809,0,0,0.263839900493622,0.269406637754934,0.236580356955528,0.259798960028804,0,0,0,0,0,0,0,0.266083236917853,0,0,0,0,0.232330674789229,0,0,0,0,0,0,0,0,0,0.314149729088591,0.32909631729126,0.221956104040146,0,0.306483311785592,0.34139096736908,0.247187880284404,0.291474720013553,0.314335863666359,0.312357995659113,0.265297381114215,0.183360149463018,0.253068891173155,0.269206039075341,0.257000148296356
0.184938619534175,0,0.16855492308611,0,0.228130657597372,0,0,0,0.19686294572823,0,0,0,0,0,0,0,0.2965807000796,0.294529017806053,0.272984843452772,0,0.230365497036641,0,0,0,0,0,0,0,0,0,0,0.266324187700565,0.279914751648903,0,0.307949015072414,0,0.178127092722605,0,0,0.285632893443108,0.226566976825507,0.246854083104567,0.317013572723699,0,0.279984191300408,0.263839900493622,0,0.259373932865085,0.255818548060188,0.242630897364655,0,0,0,0,0,0,0.271994628269097,0,0,0,0,0,0,0.269227180415773,0,0,0,0,0,0,0,0,0,0.325897799966378,0,0,0,0.310434466600418,0.312947559687826,0.22483015782822,0.284407176077366,0.302432388149421,0.250684663790425,0.182838623722394,0.244957773089461,0.255759507417679,0.279085846810505
0.315237060189247,0,0.26700129498576,0.25078721344471,0.250355784470836,0.245694530010223,0,0,0.24708152115345,0,0,0.272799640893936,0,0,0,0,0.20786289870739,0.265455722808838,0.247374894097447,0,0,0,0,0,0,0,0,0,0,0.296865433454514,0,0.207025156589225,0.262065553982906,0.480737968544484,0.475173206825499,0.160034698861863,0.219042334705591,0.367023076670072,0.319574615192754,0.250137656927109,0.261119783598303,0.236223042737491,0.235884664765865,0.250078018754721,0.255277186632156,0.269406637754934,0.259373932865085,0,0.278643700557482,0.404417948870061,0,0,0,0,0,0,0.303478375077248,0.290504244597335,0,0,0,0,0.310733332678124,0.229332372546196,0,0,0,0,0,0,0,0,0.312597560531953,0.312234587967396,0.301361220903122,0.245339351877266,0.499786161600727,0.520994481924261,0.243331123834955,0.254953724532404,0.417912055476237,0.318156183376664,0.222122019714505,0,0.279696011312805,0.219599716365337,0.228929513111347
0.163979483941789,0,0.271921239115975,0,0.249949862159068,0,0,0,0.223013804579268,0,0,0,0.235628701746464,0,0,0,0.291960835456848,0.303501114249229,0.255384430089253,0,0,0,0.316827542280435,0,0.217763155090566,0,0,0,0,0,0,0,0.19247075393796,0.46768684387207,0.386335439716293,0,0.257730096578598,0,0.280363090336323,0.283835328542269,0.26049304214662,0.220179896438267,0.233986275601478,0,0.48328310251236,0.236580356955528,0.255818548060188,0.278643700557482,0,0.255058653079546,0,0,0,0,0.232278085567734,0,0.168299331604817,0,0.14061239361763,0,0,0,0,0.171889481163516,0,0.287256191038106,0,0.24154348731041,0,0,0,0.269188519726452,0,0.306754711447126,0,0.193028174340725,0.454393178224564,0.419973909854889,0.294220349689325,0.277636667930783,0.379447709148129,0.238511153335412,0.219650652921767,0,0.278021852123338,0.226286462375096,0.285797181275656
0,0.16672633768794,0.252492252737284,0.151193780310863,0.243559396266937,0.24151922029964,0,0,0.258571907877922,0.22521599870589,0,0.230501011013985,0,0,0,0.174357573191325,0.27284932633241,0.294831282035871,0.258619367123739,0.305201858282089,0,0.126833766021512,0,0.172156310711916,0,0.249282866716385,0,0,0,0.258710633963346,0,0.2741627635087,0.199907854199409,0.515824204541388,0.384468012145641,0.260271113120804,0.142799347639084,0.279849282314991,0.325388938188553,0.253728647655287,0.259568710896102,0.216141298667826,0.244622049629688,0.248376694197456,0.285348415374756,0.259798960028804,0.242630897364655,0.404417948870061,0.255058653079546,0,0,0.18742027118498,0,0,0,0.21101137978977,0,0.332495148839622,0,0.174112991740306,0,0.172531904918807,0.324703621055117,0.233844831585884,0.251693143977882,0,0.218294787204872,0,0.390053145587444,0,0.308676772069414,0,0.294941168184145,0.29923602938652,0.379964318871498,0,0.428613947574482,0.42936436176955,0.285344693563842,0.264814143305394,0.283003228387031,0.274748890715487,0.271261441448269,0,0.279121244196582,0.259572718847305,0.338756084442139
0.205478180199862,0,0.166700618198285,0,0.161562581716984,0,0.174432447423106,0,0,0,0,0,0,0,0,0,0,0,0,0,0,0,0,0,0,0,0,0,0,0,0,0,0,0,0,0,0,0,0,0,0,0,0,0,0,0,0,0,0,0,0,0,0.176114630226105,0,0.130266120036443,0,0.17407797970809,0,0.175064510217419,0,0.11736120780309,0,0,0.185762017965317,0,0,0,0,0,0,0,0,0,0,0,0,0,0,0,0,0,0,0.152719841663408,0,0.187712209397241,0,0
0,0.190752193486135,0,0.194544988954179,0,0.219600585855398,0,0.181421483463761,0,0.203054077923298,0,0,0,0.179578906611392,0,0,0,0,0,0,0,0,0,0,0,0,0,0,0,0,0,0,0,0,0,0,0,0,0,0,0,0,0,0,0,0,0,0,0,0.18742027118498,0,0,0,0.192694395780563,0,0.175370861909219,0,0.201978163870834,0,0.19835672123665,0,0.169816926121712,0,0,0,0,0,0,0,0,0,0,0,0,0,0,0,0,0,0,0,0,0.213264986053928,0.236490316689014,0,0,0
0,0,0,0,0.157876309752464,0,0.174329372068894,0,0,0,0.112234681844711,0,0.169826687978847,0,0,0,0,0,0,0,0,0,0,0,0,0,0,0,0,0,0,0,0,0,0,0,0,0,0,0,0,0,0,0,0,0,0,0,0,0,0.176114630226105,0,0,0,0,0,0,0,0.139818462421713,0,0,0,0,0,0,0,0,0,0,0,0,0,0,0,0,0,0,0,0,0,0,0,0.217528819268298,0,0,0,0
0,0,0,0,0,0.181459479033947,0,0.190016815179511,0,0,0,0,0,0.198555270694707,0,0,0,0,0,0,0,0,0,0,0,0,0,0,0,0,0,0,0,0,0,0,0,0,0,0,0,0,0,0,0,0,0,0,0,0,0,0.192694395780563,0,0,0,0,0,0,0,0.197472781563799,0,0,0,0,0,0,0,0,0,0,0,0,0,0,0,0,0,0,0,0,0,0,0,0,0,0,0
0.197707565767424,0,0.177070033291112,0,0.231459014117718,0,0,0,0.181833314260151,0,0,0,0,0,0.14631302455846,0,0.15398689012215,0.159120369025252,0.198382876813412,0,0,0,0.134338852763176,0.145214468240738,0.13996339522235,0.145787090063095,0.146662835865768,0.184874504804611,0.13002322614193,0,0,0,0,0,0,0,0,0,0.256108345729964,0,0,0,0.28678094347318,0,0,0,0,0,0.232278085567734,0,0.130266120036443,0,0,0,0,0,0,0,0,0,0.123915224980849,0,0,0,0,0,0,0.18086064979434,0.157478958368301,0.133980606621671,0,0,0,0,0,0,0,0,0.260631442070007,0,0.279346823692322,0.230416869123777,0.190300826336112,0,0.257566738225844,0,0
0,0.197549264858219,0,0.174148534735044,0,0.176695258652463,0,0,0.164401359856129,0.188421481798561,0,0,0,0.166725149208849,0,0.144522485837817,0.163072824478149,0.170742391550233,0.204077730958278,0,0,0.188135221600533,0,0.215711541523869,0,0.159303559788636,0,0.170331129973585,0,0,0,0,0,0,0,0,0,0.309147777252419,0,0,0.245277553796768,0,0,0,0,0,0,0,0,0.21101137978977,0,0.175370861909219,0,0,0,0,0,0,0,0.153979361057281,0,0.170360869279614,0,0,0,0,0.19819731925215,0,0.15064818450603,0.159219642480214,0.172251220260348,0,0,0,0,0,0,0,0,0,0.289194651669072,0,0.180806073475298,0.143263205885887,0.230007544159889,0,0
0,0,0.147779077642104,0,0,0,0,0,0,0,0.223429460809823,0,0,0,0,0,0,0,0.25459960103035,0,0.277121612429619,0,0,0,0,0,0,0,0,0,0.178537932726053,0,0,0,0,0,0,0,0,0,0.242721204246793,0,0.324332550168037,0,0,0,0.271994628269097,0.303478375077248,0.168299331604817,0,0.17407797970809,0,0,0,0,0,0,0,0.16861598728828,0,0.162017837166786,0,0,0.21374554310156,0,0,0,0,0,0,0,0,0,0.300293785931022,0,0,0,0,0,0.246624545071476,0,0.271288665104657,0.289324522018433,0,0.238446579343743,0,0.352080275615056
0,0,0,0.236565947532654,0,0.234201334673783,0,0.164505430992613,0,0,0,0.157205673841249,0,0.17292628288269,0,0.174069767196973,0,0,0.26261710934341,0.254275708375454,0,0,0,0,0,0,0,0,0,0.241940789095972,0,0.27662431448698,0,0.340502694249153,0,0.232492566108704,0,0.244295520833665,0,0.245170919164535,0,0.322504454035634,0,0.432011365890503,0,0.266083236917853,0,0.290504244597335,0,0.332495148839622,0,0.201978163870834,0,0,0,0,0,0,0,0.2064024001036,0,0,0.279350492383352,0,0,0,0,0,0,0,0,0,0.317892252282106,0,0,0,0,0,0.239988883987802,0.226170048117638,0.276826619824267,0,0.308766338042915,0,0.269784381117496,0.277330294251442,0
0,0,0.127836734056473,0,0.13320729881525,0,0.132543481886387,0,0,0,0,0,0.162511761817667,0,0.145907660209855,0,0,0,0,0,0,0,0,0,0,0,0,0,0,0,0,0,0,0,0,0,0,0,0,0,0,0,0,0,0,0,0,0,0.14061239361763,0,0.175064510217419,0,0.139818462421713,0,0,0,0.16861598728828,0,0,0,0.149650870034328,0,0,0,0,0,0,0,0,0,0,0,0,0,0,0,0,0,0,0,0,0,0,0,0.182122263770837,0,0
0,0,0,0.189029994256356,0,0.230587125090616,0,0.186985957731561,0,0,0,0,0,0.161002428605429,0,0.155630009060495,0.158123832195997,0.167062932004531,0,0,0,0,0,0.168751984834671,0,0.133760660290718,0,0.144687889516354,0,0,0,0,0,0,0,0,0,0,0,0,0,0,0,0,0,0,0,0,0,0.174112991740306,0,0.19835672123665,0,0.197472781563799,0,0.153979361057281,0,0.2064024001036,0,0,0,0.149891510301707,0,0,0,0,0,0,0.151092439393202,0,0.141784444451332,0,0,0,0,0,0,0,0,0,0,0,0.181357134547498,0,0,0,0
0,0,0,0,0.132443433420526,0,0,0,0.159968975517485,0,0,0,0.190129173298677,0,0.171175621912397,0,0.158846815118806,0.164281652673431,0.199785256385803,0,0,0,0.151326239109039,0.166645541787148,0.142493233084679,0,0.163272319568528,0,0.168342709541321,0,0,0,0,0,0,0,0,0,0,0,0,0,0,0,0,0,0,0,0,0,0.11736120780309,0,0,0,0.123915224980849,0,0.162017837166786,0,0.149650870034328,0,0,0,0,0,0,0,0,0,0,0.161184086219261,0,0,0,0,0,0,0,0,0,0,0.24638594686985,0,0.154549198708526,0,0,0,0
0,0.192337400146893,0,0.14345160470559,0,0.213973255320029,0,0,0,0.182118050966944,0,0,0,0.15252059746847,0,0.15863113916449,0.207941755652428,0.164095345814273,0.245732693001628,0,0,0,0,0.185495235025883,0,0.154420762792353,0,0.156815632819556,0,0,0,0,0,0,0,0,0,0,0,0,0,0.260039150714874,0,0,0,0,0,0,0,0.172531904918807,0,0.169816926121712,0,0,0,0.170360869279614,0,0,0,0.149891510301707,0,0,0,0,0,0,0.16694633513689,0,0.14657018236492,0,0.166800311015498,0,0,0,0,0,0,0,0.279566884040833,0,0.25001922249794,0,0.168011233019523,0.191769376397133,0,0,0
0,0,0,0.257089792240051,0,0.319230504504411,0,0,0,0,0,0.250616788678644,0,0,0,0,0.322314105927944,0.332957498729229,0.312660682946444,0.217745823215785,0,0,0,0,0,0,0,0,0,0.287221604585648,0,0.270915156602859,0,0.261078268289566,0.323469325900078,0.199341243916304,0,0.269823825143906,0,0.256687174280612,0.317404448986053,0.337942038335436,0.268608003854752,0.324901956319809,0,0.232330674789229,0,0.310733332678124,0,0.324703621055117,0,0,0,0,0,0,0,0.279350492383352,0,0,0,0,0,0,0,0,0,0,0,0,0,0,0.307941156453637,0,0,0,0.277142912149429,0,0.237796644649125,0,0.280676547470957,0,0.200968914469819,0.180583898510252,0.301283462387855,0.294841604928176,0
0,0,0.155332385784104,0,0.230079906121377,0,0,0,0,0,0.16254729137086,0,0,0,0,0,0,0,0,0,0.175111670010932,0,0,0,0,0,0,0,0,0,0,0,0,0,0,0,0.150742273399218,0,0,0,0.287667886649861,0,0.327747919794285,0,0,0,0.269227180415773,0.229332372546196,0.171889481163516,0.233844831585884,0.185762017965317,0,0,0,0,0,0.21374554310156,0,0,0,0,0,0,0,0,0,0,0,0,0,0,0,0,0.29958824282405,0,0,0,0,0,0.250758420600334,0,0.288982339203358,0.179067244331042,0.213390208780766,0.252071321806497,0,0
0,0,0,0,0,0,0,0,0.148493617773056,0.130388930439949,0,0,0,0,0,0,0.178231359024843,0.159376458369738,0.216887628038724,0,0,0.128195297376118,0,0.12936759305497,0,0.113871606998146,0,0,0,0,0,0,0,0,0,0,0,0.127321406409092,0,0,0,0,0,0,0,0,0,0,0,0.251693143977882,0,0,0,0,0,0,0,0,0,0,0,0,0,0,0,0,0.20225327500166,0,0.377351596951485,0,0.416163488313066,0,0,0,0,0,0,0,0,0,0.114469132386148,0,0.154713720188919,0.171639540791512,0,0,0
0,0,0,0,0,0,0,0,0.140815943479538,0,0,0,0,0,0,0,0.10153445308959,0.133608937263489,0.273287862539291,0,0,0,0.170360238957084,0,0.221279569580907,0,0.126795282518422,0,0.157519660890102,0,0,0,0,0,0,0,0,0,0.13789006948133,0,0,0,0,0,0,0,0,0,0.287256191038106,0,0,0,0,0,0,0,0,0,0,0,0,0,0,0,0,0,0,0.2124385218087,0,0.127712447196245,0,0.243950075247797,0,0,0,0,0,0,0,0,0,0.147304395251736,0.134929074757341,0.17886788956821,0,0,0
0,0,0,0,0,0,0,0,0,0.198377987329107,0,0,0,0,0,0.175526106277028,0.209394596517086,0.179096000985457,0.342357069253922,0,0,0.152752888934879,0,0.180629356873275,0,0.139176911029678,0,0,0,0,0,0,0,0,0,0,0,0.256458091955243,0,0,0,0,0.351325362920761,0,0,0,0,0,0,0.218294787204872,0,0,0,0,0,0.19819731925215,0,0,0,0,0,0.16694633513689,0,0,0.20225327500166,0,0,0,0.157379278973226,0,0.439811855554581,0,0,0,0,0,0,0,0,0,0.231705302822179,0,0.19157597380025,0,0.206761557904501,0,0
0,0,0,0,0,0,0,0,0.213237484650952,0,0,0,0,0,0,0,0.165886990725994,0,0,0,0,0,0.185016284950755,0,0.152793551644971,0,0.0957080088555813,0,0,0,0,0,0,0,0,0,0,0,0.244720431891355,0,0,0,0,0,0,0,0,0,0.24154348731041,0,0,0,0,0,0.18086064979434,0,0,0,0,0,0,0,0,0,0,0.2124385218087,0,0,0,0,0,0,0,0,0,0,0,0,0,0,0,0.242497117111557,0.197523452341557,0,0.171058995404629,0,0
0,0,0,0,0,0,0,0,0.158734321594238,0.159773234506043,0,0,0,0.156513589389116,0.145668461918831,0.145725358120705,0.180799262299214,0.15174882930643,0.223424891037727,0,0,0.0951487263797019,0,0.138176257331525,0,0.136073456633659,0.150756224989891,0.137665113341063,0,0,0,0,0,0,0,0,0,0,0,0,0,0.240352580944697,0,0,0,0,0,0,0,0.390053145587444,0,0,0,0,0.157478958368301,0.15064818450603,0,0,0,0.151092439393202,0,0.14657018236492,0,0,0.377351596951485,0,0.157379278973226,0,0,0.146015547215939,0.195432063865374,0,0,0,0,0,0,0,0.334092065691948,0.255997151136398,0.359530448913574,0,0.151767075169973,0.147002622485161,0.287914156913757,0,0
