0,0,217.115236490965,0,16.7031173557043,0,0,0,506.620812639594,0,0,0,0,0,0,0,0,0,0.667561709880829,0,0,0,0,0,0,0,0,0,0,0,0,0,0,0,0,0,0,0,0.599543586373329,0,0,0,0,0,0,0,0,0,27.2648601233959,0,0,0,0,0,227.695242777467,0,0,0,0,0,9.64355510473251,0,0,0,0,0,0,0,0,0,0,0,0,0,0,0,0,0,0,0,0,0.539279356598854,144.391761302948,0,76.7775984704494,0,0
0,0,0,223.186940252781,0,1.76871870458126,0,0,0,189.486580461264,0,0,0,0,0,0,0,1.27038741111755,12.5590572059155,0,0,0,0,0,0,0,0,0,0,0,0,0,0,0,0,1.93392457813025,0,15.6622740328312,0,0,0,9.96899944543839,0,0,0,4.27179248631001,0,1.00562010705471,0,112.343223363161,0,4.03448723256588,0,0,0,38.4709991067648,0,8.04683335125446,0,0,0,9.44681985676289,0.730780184268951,0,0,0,9.40816473960876,0,7.76752683520317,0,0,0,17.6690655648708,0,0,0,0,0,6.79623475670815,0,22.5229675918818,0,43.163532525301,0.384727537631989,408.416388243437,0,0
217.115236490965,0,0,0,352.333573803306,0,0,0,36.6959665715694,0,0,0,0,0,0,0,0,0,0,0,0,0,0,0,0,0,0,0,0,0,0,0,0,0,0,0,0,0,0,0,0,0,3.60370807349682,0,0,0,2.90892291069031,0.739728927612305,0.28512054681778,0.953850865364075,59.779696777463,0,0,0,52.3142793476582,0,0,0,0.703950941562653,0,0,0,0,0.410254761576653,0,0,0,0,0,0,0,0,0,1.54780791699886,0,0,0,0,0,0,0,1.6633266210556,86.0834509879351,0,410.128492534161,0,0
0,223.186940252781,0,0,0,20.6172631382942,0,0,0,40.9248447567225,0,0,0,0,0,2.50964367389679,0,1.48653626441956,1.07201863825321,0,0,0,0,0,0,0,0,0,0,0,0,0,0,0,0,1.28678077459335,0,0.149934530258179,0,0,0,22.1018270105124,0,0,0,27.7913787588477,0,0,0,176.46249525249,0,159.048472762108,0,0,0,20.513978689909,0,158.952233433723,0,15.1426217406988,0,1.3493917286396,0.119047880172729,0,0,0,0,0,0,0,0,0,2.02161312103271,0,0,0,0,0,1.97524402290583,0,2.92338758707047,0,8.66088420152664,0,542.468664139509,0,0
16.7031173557043,0,352.333573803306,0,0,0,7.74360826611519,0,20.3530851751566,0,0,0,0,0,0,0,0,0,0.176172003149986,0,8.5991159081459,0,0,0,0,0,0,0,0,0,0,0,0,0,2.02347415685654,0,0.863713622093201,0,0.528550058603287,0,14.684665068984,1.88461637496948,20.1070186644793,0,0,0,167.653850749135,17.4217894822359,27.5637525320053,16.0586735606194,488.793551325798,0,1.81643068790436,0,35.6557175815105,0,9.76286290585995,0,36.7770454138517,0,13.8249483406544,0,0,48.8993192911148,0,0,0,0,0,0,0,0,0,6.36160680651665,0,0,0,0,0.240570262074471,17.697343878448,0,28.1519827991724,923.797439068556,0,375.446833044291,0,1.47599422931671
0,1.76871870458126,0,20.6172631382942,0,0,0,37.4820550680161,0,356.040194272995,0,0,0,0,0,2.81558787822723,0,0,0.772350072860718,4.05817456543446,0,0,0,0,0,0,0,0,0,0,0,0,0,0,0,1.10321834683418,0,0.110450685024261,0,0,0,9.05148114264011,0,0,0,38.1976697295904,0,0.296028852462769,0,5.75894010066986,0,1215.63617151976,0,29.4715194702148,0,195.284933164716,0,16.8705076277256,0,38.9183112978935,0,3.42439469695091,36.8411222398281,0,0,0,0,0,0,0,0,0,0,0,0,0,0,0,2.78916746377945,0,0,0,1181.6418941021,4.77303075790405,88.8028689026833,0,0
0,0,0,0,7.74360826611519,0,0,0,0,0,111.373366355896,0,0,0,0,0,0,0,0,0,0,0,0,0,0,0,0,0,0,0,0,0,0,0,0,0,0,0,0,0,0,0,0,0,0,0,0,0,0,0,37.8480223715305,0,40.1247437894344,0,0,0,0,0,0,0,0,0,0,0,0,0,0,0,0,0,0,0,0,0,0,0,0,0,0,0,0,0,1,0,0,0,0
0,0,0,0,0,37.4820550680161,0,0,0,0,0,33.1745637059212,0,73.0422512292862,0,0,0,0,0,12.0504689961672,0,0,0,0,0,0,0,0,0,0,0,0,0,0,0,0,0,0,0,0,0,0,0,0,0,0.44061353802681,0,0,0,0,0,54.3818154036999,0,246.441596657038,0,0,0,8.26269575953484,0,145.632450163364,0,0,6.33267407119274,0,0,0,0,0,0,0,0,0,0,0,0,0,0,0,2.93835812807083,0,0,0,104.865138292313,0,8.04684746265411,0,0
506.620812639594,0,36.6959665715694,0,20.3530851751566,0,0,0,0,0.264009892940521,0,0,0,0,8.81022614240646,0,507.62252895534,166.758569329977,44.9174171090126,0,0,0,0,1.95133540034294,60.81963083148,0,2.86952976882458,0,0,0,0,0,0,0,0,0,0,0,138.455553248525,0,0,0,0.214013308286667,0,0,0,0,0,3.34415009617805,0,0,0,0,0,288.615241900086,0,0,0,0,0,0,0,0,0,0,0,0,6.4920090585947,0,0,0,0,0,0,0,0,0,0,0.21801845729351,0,0,150.459292382002,365.479145526886,2.87216854095459,68.6583294868469,0,0
0,189.486580461264,0,40.9248447567225,0,356.040194272995,0,0,0.264009892940521,0,0,0,0,0,0,517.356309756637,37.2972623705864,805.835567504168,24.6090741157532,0,0,0,0,26.4071573615074,0,0,0,0,0,0,0,0,0,0,0,0.147960156202316,0,15.7218801751733,0,0,0,25.5911767631769,0,0,0,0.262297183275223,0,0,0,29.4474864006042,0,51.0823381245136,0,0,0,1078.7009741962,0,8.64557600021362,0,0,0,208.145820051432,2.69783368706703,0,0,0,64.4354664385319,0,100.051803171635,0,1.38486024737358,0,24.7639119029045,0,0,0,0,0,1.1663634032011,0,2.87333729863167,0,690.369175255299,26.7442369908094,25.3829308897257,1.85573253035545,0
0,0,0,0,0,0,111.373366355896,0,0,0,0,0,7.32602548599243,0,0,0,0,0,0,0,186.696853160858,0,0,0,0,0,0,0,63.6499004364014,0,30.195130109787,0,0,0,0,0,0,0,448.744645625353,0,0,0,0,0,0,0,0,0,0,0,0,0,0,0,0,0,542.557387381792,0,0,0,0,0,0,0,0,0,0,0,0,0,0,0,0,37.2647884190083,0,0,0,0,0,0,0,76.7741874456406,251.311985246837,0,0,0,0
0,0,0,0,0,0,0,33.1745637059212,0,0,0,0,0,266.081979960203,0,0,0,0,0,160.679759666324,0,0,0,0,0,0,0,22.6633514612913,0,467.110321730375,0,0,0,0,0,0,0,293.571475416422,0,0,0,0.63486123085022,0,0,0,0.397038608789444,0,0,0,0,0,2.01565185189247,0,58.4117714464664,0,0,0,1235.51861111075,0,159.501588836312,0,0,19.5590932667255,0,0,0,0,0,0,0,8.32316574454308,0,87.7395116537809,0,0,0,0,0,0.806880176067352,0,4.96981523931026,0,344.665541872382,0,4.88062559068203,0,0
0,0,0,0,0,0,0,0,0,0,7.32602548599243,0,0,0,0,0,0,0,0,0,0,0,0,0,0,0,0,0,0,0,0,0,0,0,0,0,0,0,0,0,0,0,0,0,0,0,0,0,0,0,0,0,0,0,0,0,0,0,1,0,0,0,0,0,0,0,0,0,0,0,0,0,0,0,0,0,0,0,0,0,0,0,0,0,0,0,0
0,0,0,0,0,0,0,73.0422512292862,0,0,0,266.081979960203,0,0,0,475.412812739611,0,0,0,0,0,0,0,0,0,0,0,9.70891925692558,0,23.3966703414917,0,0,0,0,0,0,0,0,0,0,0,0,0,0,0,0,0,0,0,0,0,0,0,0,0,0,0,0,0,870.900743633509,0,203.30017632246,0,0,0,0,0,0,0,0,67.4182172119617,0,12.5770125389099,0,0,0,0,0,0,0,0,0,258.630609929562,1,0,0,0
0,0,0,0,0,0,0,0,8.81022614240646,0,0,0,0,0,0,0,136.063206374645,7.99769707024097,0,0,0,0,0,0,5.90861286222935,0,85.2423584461212,0,3.88145065307617,0,0,0,0,0,0,0,0,0,0,0,0,0,0,0,0,0,0,0,0,0,0,0,0,0,0,0,0,0,27.8478603363037,0,0,0,0,0,0,0,0,1.55517911911011,0,0,0,0,0,0,0,0,0,0,0,0,0,0,19.0866708010435,0,0,0,0
0,0,0,2.50964367389679,0,2.81558787822723,0,0,0,517.356309756637,0,0,0,475.412812739611,0,0,5.61581334471703,316.744552463293,0,0,0,0,0,0.259547203779221,0,0,0,0,0,0,0,0,0,0,0,0,0,0,0,0,0,0,0,0,0,0,0,0,0,0,0,13.9569369703531,0,0,0,25.2357338219881,0,0,0,203.131033569574,0,933.790935516357,0,0,0,0,0,0,0,0,0,0,0,0,0,0,0,0,0,0,0,0,624.339435651898,41.6316680312157,0,0,0
0,0,0,0,0,0,0,0,507.62252895534,37.2972623705864,0,0,0,0,136.063206374645,5.61581334471703,0,13432.8131946698,6001.6049432978,0,0,7.71361398696899,22.9047104716301,17.3991123735905,622.365707874298,1.16986095905304,465.585776656866,0,0,0,0,0,0,0,0,3.95594453811646,0,0.180250078439713,0,0.573290646076202,58.2218076363206,14.6614910215139,94.3184321969748,2.69422841072083,10.0428099185228,19.4626642465591,4.04035106301308,3.03291802108288,9.16758778691292,0,0,0,0,0,51.6561796069145,0,0,0,0,0,2.46606954932213,4.92191243171692,3.91744988411665,0,1.23737692832947,1,0,67.4392080307007,0,12.1044048070908,0.352792233228683,0,1.24789862334728,7.4886963814497,0,0,0,0,40.3540936410427,117.104416929185,16.0543232113123,78.22639208287,13295.733233355,4286.61773867905,37.8592653498054,4.48375287652016,5.45514836907387
0,1.27038741111755,0,1.48653626441956,0,0,0,0,166.758569329977,805.835567504168,0,0,0,0,7.99769707024097,316.744552463293,13432.8131946698,0,7073.40021265298,0.168407738208771,0,119.794129684567,0,378.854728803039,42.1651335656643,305.236544460058,6.05016893148422,0,0,0,0,0,0,0,0,6.95182251185179,0,5.83817085623741,0,0,30.9169407710433,40.170522198081,43.3087829500437,7.82794308662415,3.39031985402107,29.0228996276855,0.18707001209259,0,4.56020660698414,0.4751036465168,0,0,0,0,12.1908381283283,0,0,0,0,0,0,100.286633685231,5.30281355232,0,17.9502620100975,0,1.7803955078125,1.48128437995911,2.24504137039185,0,1.07345545291901,0,6.22059755027294,0.548526883125305,0,0,0,0,69.8142468109727,61.1223931610584,52.9274879470468,37.0450066030025,19658.023255609,8835.1223000288,34.1699600964785,8.62711200118065,2.50317142903805
0.667561709880829,12.5590572059155,0,1.07201863825321,0.176172003149986,0.772350072860718,0,0,44.9174171090126,24.6090741157532,0,0,0,0,0,0,6001.6049432978,7073.40021265298,0,9.51904253661633,0,2.5594704002142,0,9.76487278938293,3.45259949564934,0,0,0,0,0,0,0,0,0,1.19003066420555,128.616881199181,3.88709442317486,65.0011489465833,0.613088846206665,11.5685874968767,691.867365449667,860.495003156364,1009.01950470358,196.597512766719,261.682715579867,1069.8779797107,51.2478125542402,19.6134862154722,138.211300492287,3.30867533385754,0,1.90703909099102,0,0,5.93764138221741,0,0.249435350298882,1.32668256759644,0,0.170446664094925,0,0,191.26453743875,0.624287962913513,0,0,0,0,0,0,9.90715664625168,0,85.2448651045561,124.790025427938,0,0,0,0,1557.48222298175,1633.02230848372,704.213198922575,827.144043661654,9575.98493183404,1524.62700199336,1132.43229050934,193.099194690585,121.704920768738
0,0,0,0,0,4.05817456543446,0,12.0504689961672,0,0,0,160.679759666324,0,0,0,0,0,0.168407738208771,9.51904253661633,0,0,0,0,0,0,0,0,0,0,0,0,0,0,0,0,632.665251076221,0,773.493456043303,0,0,0.175987675786018,48.8828557580709,0,6.68801394104958,0,73.4631116613746,0,0.213077187538147,0,4.10161226987839,0,19.3238898068666,0,14.0670216679573,0,0,0,61.7573347389698,0,0,0,0,1510.32050291449,0,0,0,0,0,0,0,0,0,388.062326967716,0,0,0,0,0,433.93122215569,0,907.700574912131,0,262.274388715625,0,257.309418730438,2.09153689444065,0
0,0,0,0,8.5991159081459,0,0,0,0,0,186.696853160858,0,0,0,0,0,0,0,0,0,0,0,0,0,0,0,0,0,0,0,0,0,0,0,0,0,1051.87427812815,0,31.0607542991638,0,0,0,0,0,0,0,0,0,0,0,0,0,0,0,0,0,20.5263075679541,0,0,0,0,0,0,544.727194145322,0,0,0,0,0,0,0,0,0,1.01426215469837,0,0,0,0,0,209.388434648514,0,182.197893321514,184.751429930329,0,6.0853338688612,0,0
0,0,0,0,0,0,0,0,0,0,0,0,0,0,0,0,7.71361398696899,119.794129684567,2.5594704002142,0,0,0,36.2117459177971,341.901209458709,0,129.091064557433,0,0,0,0,0,0,0,0,0,0,0,401.611084312201,0,0,0,0,0,0,0,0,0,0.641815185546875,0,7.97456233203411,0,0,0,0,0,0,0,0,0,0,0,0,0,0,3699.69119353592,1.89072245359421,153.070823073387,0,326.166705295444,0,216.73969720304,0,0,0,0,0,0,0,0,0,141.449655324221,0,189.960623189807,156.332033813,0.461666494607925,0,0
0,0,0,0,0,0,0,0,0,0,0,0,0,0,0,0,22.9047104716301,0,0,0,0,36.2117459177971,0,0,105.949931621552,0,50.6872310638428,0,19.933087259531,0,0,0,0,0.373573690652847,1.51114577054977,0,0,0.851400911808014,661.781027153134,0,0,0,0,0,0,0,0,57.2927410751581,87.8843199163675,0.372866287827492,0,0,0,0,0,0,0,0,0,0,0,0,0,0,0,4371.81392980367,0,143.718815118074,0,60.0604860186577,0,0,0,0,0,0,0,0,0,0,0,750.712445870042,157.941175282001,449.489236503839,0,0,0
0,0,0,0,0,0,0,0,1.95133540034294,26.4071573615074,0,0,0,0,0,0.259547203779221,17.3991123735905,378.854728803039,9.76487278938293,0,0,341.901209458709,0,0,0,20.918852224946,0,0,0,0,0,0,0,0,0,0,0,402.381363451481,0,0,0,1.02542553842068,0,0,0,0,0,0,0,11.3670397400856,0,0,0,0,0,80.6176322102547,0,0,0,0,0,1.88438248634338,0,0,266.076414778829,0,730.026606693864,0,44.8743626475334,0,0,0,0,0,0,0,0,0,0,0,24.7629307955503,0,34.3824936449528,0.697320058941841,6.05970267951488,0,0
0,0,0,0,0,0,0,0,60.81963083148,0,0,0,0,0,5.90861286222935,0,622.365707874298,42.1651335656643,3.45259949564934,0,0,0,105.949931621552,0,0,0,337.276929438114,0,0,0,0,0,0,0,0,0,0,0.703877687454224,242.065067470074,0,0,0,0,0,0,0,0,1.64109826087952,0.250730276107788,0,0,0,0,0,48.5604893267155,0,0,0,0,0,0.54404079914093,0,0,0,0,79.7173178493977,0,534.080383941531,0,181.040405094624,0,0,0,0,0,0,0,0,0,1.91920280456543,0,57.110606238246,545.063771516085,0,107.235399544239,0,0
0,0,0,0,0,0,0,0,0,0,0,0,0,0,0,0,1.16986095905304,305.236544460058,0,0,0,129.091064557433,0,20.918852224946,0,0,0,0,0,0,0,0,0,0,0,0,0,0,0,0,0,0,0,0,0,0,0,0,0,0,0,0,0,0,0,0,0,0,0,0,0,0,0,0,218.976574331522,0,7.82770735025406,0,356.452652558684,0,28.5784539282322,0,0,0,0,0,0,0,0,0,0.213041514158249,0,7.80140870809555,0,0,0,0
0,0,0,0,0,0,0,0,2.86952976882458,0,0,0,0,0,85.2423584461212,0,465.585776656866,6.05016893148422,0,0,0,0,50.6872310638428,0,337.276929438114,0,0,0,64.2985669374466,0,0,0,0,0,0,0,0,0,0,0,0,0,0,0,0,0,0,0,0,0,0,0,0,0,4.53884983062744,0,0,0,0,0,0,0,0,0,0,16.2707495689392,0,107.545845329762,0,84.6509745121002,0,0,0,0,0,0,0,0,0,0,0,0,106.482632622123,0,0,0,0
0,0,0,0,0,0,0,0,0,0,0,22.6633514612913,0,9.70891925692558,0,0,0,0,0,0,0,0,0,0,0,0,0,0,0,204.628062710166,0,0,0,0,0,0,0,0,0,0,0,0,0,0,0,0,0,0,0,0,0,0,0,0,0,0,0,6.23088470101357,0,1.01148825883865,0,0,0,0,6.43049350380898,0,0,0,0,0,772.215213000774,0,1.04154288768768,0,0,0,0,0,0,0,13.8479798734188,0,18.7696892619133,0,0,0,0
0,0,0,0,0,0,0,0,0,0,63.6499004364014,0,0,0,3.88145065307617,0,0,0,0,0,0,0,19.933087259531,0,0,0,64.2985669374466,0,0,0,78.5968461036682,0,0,0,0,0,0,0,0.517045080661774,0,0,0,0,0,0,0,0,0,0,0,0,0,0,0,0,0,54.5729026794434,0,0,0,0,0,0,0,0,7.04395501315594,0,0,0,45.6153347492218,0,469.865646511316,0,1,0,0,0,0,0,0,0,0,2.04504239559174,0,0,0,0
0,0,0,0,0,0,0,0,0,0,0,467.110321730375,0,23.3966703414917,0,0,0,0,0,0,0,0,0,0,0,0,0,204.628062710166,0,0,0,0,0,0,0,0,0,26.3530704677105,0,0,0,0,0,0,0,0.132519096136093,0,0,0,0,0,0,0,0,0,0,0,116.374837353826,0,0,0,0,0.464642211794853,0,0,0,0,0,0,0,65.7794230431318,0,503.832067593932,0,0,0,0,0,0,0,26.626459300518,0,62.6467358320951,0,0,0,0
0,0,0,0,0,0,0,0,0,0,30.195130109787,0,0,0,0,0,0,0,0,0,0,0,0,0,0,0,0,0,78.5968461036682,0,0,0,0,0,0,0,0,0,287.494884908199,0,0,0,0,0,0,0,0,0,0,0,0,0,0,0,0,0,12.4821229875088,0,0,0,0,0,0,0,0,0,0,0,0,0,0,0,0,210.915850177407,0,0,0,0,0,0,0,301.110892355442,0,0,0,0,0
0,0,0,0,0,0,0,0,0,0,0,0,0,0,0,0,0,0,0,0,0,0,0,0,0,0,0,0,0,0,0,0,778.136878967285,32.6611357480288,38.810608074069,174.929122298956,18.7109032571316,0,0,14.1808782815933,0,0,0,0,0,0,0,356.914332047105,0,6.72839537262917,0,0,0,0,0,0,0,0,0,0,0,0,0,0,0,0,0,0,0,0,0,0,0,0,1851.31421121955,519.48448997736,48.3274084925652,6.60709477961063,1186.64037793875,0,0,0,120.386642739177,0,0,0,0
0,0,0,0,0,0,0,0,0,0,0,0,0,0,0,0,0,0,0,0,0,0,0,0,0,0,0,0,0,0,0,778.136878967285,0,28.2625467181206,56.2559761628509,0,326.705246955156,0,0,0.609609663486481,0,0,0,0,0,0,0,594.598419055343,0.774872630834579,7.60696019232273,0,0,0,0,0,0,0,0,0,0,0,0,0,0,0,0,0,0,0,0,0,0,0,0,147.103326022625,556.54617395997,0,60.3741064369678,21.1154736876488,154.00463706255,0,0,215.512020334601,0,0,0,0
0,0,0,0,0,0,0,0,0,0,0,0,0,0,0,0,0,0,0,0,0,0,0.373573690652847,0,0,0,0,0,0,0,0,32.6611357480288,28.2625467181206,0,2856.97674709558,147.758499264717,301.724021822214,711.327591687441,86.8035424351692,0,0,0,1.35086059570312,0,0,0,0.265480607748032,1596.76132434607,3.11638753116131,517.833396703005,0,0,0,0,0,0,0,0,0,0,0,0,0,0,0,0,0,0,0,0,0,0,0,0,88.3375500440598,29.9179054498672,3667.94178648293,2537.24538193643,1764.67824044824,0,4214.26901784539,3.11714932322502,598.485609009862,11.8002023994923,8.06398895382881,0,0.245711371302605
0,0,0,0,2.02347415685654,0,0,0,0,0,0,0,0,0,0,0,0,0,1.19003066420555,0,0,0,1.51114577054977,0,0,0,0,0,0,0,0,38.810608074069,56.2559761628509,2856.97674709558,0,30.4201456159353,658.1253541857,37.9040726721287,200.518482446671,0,1.85812866687775,9.80778706073761,30.4064156934619,0,0,0,14.5168215036392,4002.21085930616,134.12915289402,93.9552620649338,0,0,0,0,0,0,0,0,0,0,0,0,0,1.93672461807728,0,0,0,0,0,0,0,0,0,0.378174766898155,0,48.7837932929397,377.842585280538,2490.17955987155,1.85537099838257,461.668041974306,38.6849257051945,297.358894012868,2015.93089862168,163.748559087515,113.743720710278,0,5.45208413898945
0,1.93392457813025,0,1.28678077459335,0,1.10321834683418,0,0,0,0.147960156202316,0,0,0,0,0,0,3.95594453811646,6.95182251185179,128.616881199181,632.665251076221,0,0,0,0,0,0,0,0,0,0,0,174.929122298956,0,147.758499264717,30.4201456159353,0,201.430870711803,969.745075270534,0,0.675509497523308,1.73187001049519,163.771088793874,2.75934545695782,37.5001299530268,0,74.1460710167885,1.21484462916851,69.595929466188,0.320205464959145,13.2016862481833,0,0.766495540738106,0,0,0,0,0,0.818320959806442,0,0,0,0,144.645560584962,0,0,0,0,0,0,0,0.366074025630951,0,8.83654141426086,0,106.598964214325,0,5.50404191017151,0,12303.1639962122,28.3025083690882,657.515185415745,2.32242113351822,2554.01898483932,90.5300603657961,272.810294054449,48.6069403886795,0
0,0,0,0,0.863713622093201,0,0,0,0,0,0,0,0,0,0,0,0,0,3.88709442317486,0,1051.87427812815,0,0,0,0,0,0,0,0,0,0,18.7109032571316,326.705246955156,301.724021822214,658.1253541857,201.430870711803,0,0,829.915492206812,2.84316259622574,20.6274680644274,0.137495368719101,1.01559674739838,0,0.810514569282532,0,87.2885443493724,120.817984998226,3.72968669235706,59.7324693351984,0,0,0,0,0,0,0,0,0,0,0,0,0,353.178910344839,0,0,0,0,0,0,0,0,0,0.374896824359894,0,153.477066129446,23.0360450744629,128.06576256454,12.2365221977234,14053.6414094865,0,383.534698694944,1535.29325734079,0.793619811534882,70.5712658315897,0,0.321210145950317
0,15.6622740328312,0,0.149934530258179,0,0.110450685024261,0,0,0,15.7218801751733,0,293.571475416422,0,0,0,0,0.180250078439713,5.83817085623741,65.0011489465833,773.493456043303,0,401.611084312201,0.851400911808014,402.381363451481,0.703877687454224,0,0,0,0,26.3530704677105,0,0,0,711.327591687441,37.9040726721287,969.745075270534,0,0,118.215921908617,0,2.62240087985992,92.2514834478498,4.01421630382538,13.9305199682713,0,54.3436940610409,0,906.894486263394,1.11166423559189,114.75997492671,0,0.140559077262878,0,0,0,142.450152769685,0,20.9691723138094,0,0.254544496536255,0,0,53.8929563388228,0,809.061742812395,0.805434495210648,953.437454715371,0.492717266082764,137.578949928284,0,329.838370829821,0,58.6881117671728,0,0,0,45.6660331189632,31.2466429769993,153.048944786191,1.89757035672665,10729.5405306667,11.935450181365,1410.69649564475,184.2699868083,391.271440424025,44.0679360330105,2.21899393200874
0.599543586373329,0,0,0,0.528550058603287,0,0,0,138.455553248525,0,448.744645625353,0,0,0,0,0,0,0,0.613088846206665,0,31.0607542991638,0,661.781027153134,0,242.065067470074,0,0,0,0.517045080661774,0,287.494884908199,0,0,86.8035424351692,200.518482446671,0,829.915492206812,118.215921908617,0,0,0,0.644001185894012,11.8127346634865,0,0,0,6.44518555700779,1697.38938166201,183.143826603889,1.23177808523178,0,0,0,0,58.9150547534227,0,0,0,0,0,0,0,0,0,0,173.656236886978,0,372.498395681381,0,0,0,47.4301517009735,0,311.805790007114,0,0,0,48.8617852032185,0,1082.27223360538,11.8732607364655,9455.8135933429,2872.80107341707,413.181329786777,127.890097528696,0.311919927597046,26.3566647171974
0,0,0,0,0,0,0,0,0,0,0,0,0,0,0,0,0.573290646076202,0,11.5685874968767,0,0,0,0,0,0,0,0,0,0,0,0,14.1808782815933,0.609609663486481,0,0,0.675509497523308,2.84316259622574,0,0,0,0,86.086006231606,0.139224633574486,0.429611444473267,0,149.616934254766,0,250.686167150736,36.9999759793282,338.315859571099,0,0.805585145950317,0,0,0,0,0,0.852654844522476,0,0,0,0,15.7810897529125,0,0,0,0,0,0,0,0.362666040658951,0,2.84334449470043,0,13.731327727437,0.531763732433319,0,0,559.587048724294,0.402052998542786,49.2010041475296,0,4.36288230121136,0,253.514270141721,2.92317715287209,0
0,0,0,0,14.684665068984,0,0,0,0,0,0,0,0,0,0,0,58.2218076363206,30.9169407710433,691.867365449667,0.175987675786018,0,0,0,0,0,0,0,0,0,0,0,0,0,0,1.85812866687775,1.73187001049519,20.6274680644274,2.62240087985992,0,0,0,25.3952213004231,1170.58591255546,14.118881650269,14.7303483784199,12.5442110896111,1913.76066987962,47.9211573675275,724.250933930278,26.3006591200829,0,0,0,0,0,0,2.68601085245609,0,0,0,0,0,2.45182203501463,174.102242939174,0,0,0,0,0,0,0,0,0.157000616192818,48.5071327462792,0,0,0,0,18.2056710273027,521.717131108046,5.39336151629686,120.861341707408,430.549770824611,20.6593794375658,879.038698144257,4.77103755623102,11.7352630198002
0,9.96899944543839,0,22.1018270105124,1.88461637496948,9.05148114264011,0,0,0,25.5911767631769,0,0.63486123085022,0,0,0,0,14.6614910215139,40.170522198081,860.495003156364,48.8828557580709,0,0,0,1.02542553842068,0,0,0,0,0,0,0,0,0,0,9.80778706073761,163.771088793874,0.137495368719101,92.2514834478498,0.644001185894012,86.086006231606,25.3952213004231,0,151.366634868085,122.228888094425,0.946176946163177,1242.12455726415,9.81628379225731,22.7863042652607,18.0048322677612,247.692268103361,0,70.2961643189192,0,0,0,0,0,464.823092162609,0,9.45829619467258,0,0.169108152389526,385.599549010396,0,0,0,0,0,0,0,346.506062358618,0,817.919462278485,3.24418604373932,0,0,0,0,2166.32270348072,29.9069849476218,1344.46371245384,28.0598569139838,679.180738851428,22.8598810136318,3114.67308763415,803.128978930414,7.97090618312359
0,0,3.60370807349682,0,20.1070186644793,0,0,0,0.214013308286667,0,0,0,0,0,0,0,94.3184321969748,43.3087829500437,1009.01950470358,0,0,0,0,0,0,0,0,0,0,0,0,0,0,1.35086059570312,30.4064156934619,2.75934545695782,1.01559674739838,4.01421630382538,11.8127346634865,0.139224633574486,1170.58591255546,151.366634868085,0,17.4031132608652,14.5390387475491,24.8814442306757,214.833116523921,395.699145548046,905.032433159649,3.67461125552654,0.982338011264801,0.303673207759857,0,0,0,0,71.9848995953798,0,0,0,0,0,5.84547556936741,222.307153895497,0,0,0,0,0,0,0,0.348647892475128,3.04762390255928,733.103086993098,0,0,0,0,49.675484597683,1632.08821038902,28.3436199575663,1030.67343487591,1604.0037567839,63.5743571147323,3760.72676809877,4.62586183845997,864.457733571529
0,0,0,0,0,0,0,0,0,0,0,0,0,0,0,0,2.69422841072083,7.82794308662415,196.597512766719,6.68801394104958,0,0,0,0,0,0,0,0,0,0,0,0,0,0,0,37.5001299530268,0,13.9305199682713,0,0.429611444473267,14.118881650269,122.228888094425,17.4031132608652,0,0,51.6734546273947,0,0.312437422573566,0.518397659063339,2.72536590695381,0,0,0,0,0,0,0,0.738307416439056,0,0,0,0,17.6470889896154,0,0,0,0,0,0,0,0.370092630386353,0,1.1288948059082,0.316432952880859,0,0,0,0,174.322433814406,11.237440854311,93.8286217302084,2.51343668997288,26.3277771323919,2.79517234861851,140.303565233946,3.40186466276646,3.64311921596527
0,0,0,0,0,0,0,0,0,0,0,0,0,0,0,0,10.0428099185228,3.39031985402107,261.682715579867,0,0,0,0,0,0,0,0,0,0,0,0,0,0,0,0,0,0.810514569282532,0,0,0,14.7303483784199,0.946176946163177,14.5390387475491,0,0,0,2.88087351620197,4.74915342032909,19.5866243541241,0,0,0,0,0,0,0,0,0,0,0,0,0,0,0.246816828846931,0,0,0,0,0,0,0,0,0,82.6611110568047,0,0,0,0,0,100.167115904391,0.623899757862091,417.790108665824,19.2276844531298,7.19972196221352,128.0408090204,0,12.1323384642601
0,4.27179248631001,0,27.7913787588477,0,38.1976697295904,0,0.44061353802681,0,0.262297183275223,0,0.397038608789444,0,0,0,0,19.4626642465591,29.0228996276855,1069.8779797107,73.4631116613746,0,0,0,0,0,0,0,0,0,0.132519096136093,0,0,0,0,0,74.1460710167885,0,54.3436940610409,0,149.616934254766,12.5442110896111,1242.12455726415,24.8814442306757,51.6734546273947,0,0,4.55213564634323,6.04117642343044,2.17251908034086,422.769716411829,0,104.339490637183,0,0,0,0.34081643819809,0,73.4084702730179,0,1.02247390151024,0,0,747.729230970144,0,0,0,0,0,0,0,17.258981063962,0,107.679572999477,0.577236294746399,0,0,0,0,673.591887250543,29.9562001898885,241.14809037745,13.274249650538,106.181824490428,21.0344490334392,1891.50317578018,26.2060540169477,2.06193635612726
0,0,2.90892291069031,0,167.653850749135,0,0,0,0,0,0,0,0,0,0,0,4.04035106301308,0.18707001209259,51.2478125542402,0,0,0,0,0,0,0,0,0,0,0,0,0,0,0.265480607748032,14.5168215036392,1.21484462916851,87.2885443493724,0,6.44518555700779,0,1913.76066987962,9.81628379225731,214.833116523921,0,2.88087351620197,4.55213564634323,0,89.5196350812912,68.7232561856508,117.921222403646,0,0,0,0,0,0,12.9176870509982,0,0,0,0,0,0,917.730187609792,0,0,0,0,0,0,0,0,0,288.38309456408,0,0,0,2.82830129563808,3.41806356608868,2269.76345959306,1.33699677884579,640.700549431145,454.657166428864,0.630781933665276,1295.22141524404,0,21.2324896901846
0,1.00562010705471,0.739728927612305,0,17.4217894822359,0.296028852462769,0,0,0,0,0,0,0,0,0,0,3.03291802108288,0,19.6134862154722,0.213077187538147,0,0.641815185546875,57.2927410751581,0,1.64109826087952,0,0,0,0,0,0,356.914332047105,594.598419055343,1596.76132434607,4002.21085930616,69.595929466188,120.817984998226,906.894486263394,1697.38938166201,250.686167150736,47.9211573675275,22.7863042652607,395.699145548046,0.312437422573566,4.74915342032909,6.04117642343044,89.5196350812912,0,632.133578427136,2428.38616269827,0.202547669410706,0,0,0,0,0,0,0.477476462721825,0,0,0,0,0,2.03252692520618,2.97915385663509,8.84309712052345,2.20148140192032,0.330252468585968,0,0,0,0,0,1.0685487985611,244.39376039803,488.863155692816,207.651550173759,835.323656335473,762.050315119326,30.4968901351094,1324.5321007967,979.635829202831,828.595366798341,26.6521808803082,611.073859632015,0,20.6362158507109
27.2648601233959,0,0.28512054681778,0,27.5637525320053,0,0,0,3.34415009617805,0,0,0,0,0,0,0,9.16758778691292,4.56020660698414,138.211300492287,0,0,0,87.8843199163675,0,0.250730276107788,0,0,0,0,0,0,0,0.774872630834579,3.11638753116131,134.12915289402,0.320205464959145,3.72968669235706,1.11166423559189,183.143826603889,36.9999759793282,724.250933930278,18.0048322677612,905.032433159649,0.518397659063339,19.5866243541241,2.17251908034086,68.7232561856508,632.133578427136,0,361.011340856552,0,2.19653344154358,0,0,1.77692559361458,0,8.28267139196396,0,0,0,0,0,1.06686725467443,8.4464575573802,0,148.773466944695,0,12.2656796723604,0,80.7760237455368,0,156.362278878689,0,36.3804423287511,0,0,0,52.7936043292284,2.08091857284307,350.843786306679,0.984181612730026,807.981162242591,215.35891700536,4.04433163255453,700.623042427003,0.3013886064291,61.5902041345835
0,112.343223363161,0.953850865364075,176.46249525249,16.0586735606194,5.75894010066986,0,0,0,29.4474864006042,0,0,0,0,0,0,0,0.4751036465168,3.30867533385754,4.10161226987839,0,7.97456233203411,0.372866287827492,11.3670397400856,0,0,0,0,0,0,0,6.72839537262917,7.60696019232273,517.833396703005,93.9552620649338,13.2016862481833,59.7324693351984,114.75997492671,1.23177808523178,338.315859571099,26.3006591200829,247.692268103361,3.67461125552654,2.72536590695381,0,422.769716411829,117.921222403646,2428.38616269827,361.011340856552,0,0,15.4065855592489,0,0,0,9.42012374103069,0,25.648225620389,0,1.21345974504948,0,40.9725461155176,4.96393567323685,1.78600014746189,10.9536602497101,0,82.5112300664186,0,25.5141000747681,0,89.2091343700886,0,216.125237137079,0,1.47450655698776,1.87050178647041,2.10761845111847,22.8344550281763,50.0793332755566,27.0327423512936,324.502468034625,0.298746436834335,149.839035376906,0,883.886371999979,1.54890245199203,0.936484321951866
0,0,59.779696777463,0,488.793551325798,0,37.8480223715305,0,0,0,0,0,0,0,0,0,0,0,0,0,0,0,0,0,0,0,0,0,0,0,0,0,0,0,0,0,0,0,0,0,0,0,0.982338011264801,0,0,0,0,0.202547669410706,0,0,0,0,93.0554352402687,0,20.5405634641647,0,142.716523945332,0,14.2165569514036,0,10.7518540918827,0,0,1.46811389923096,0,0,0,0,0,0,0,0,0,0,0,0,0,0,0,0,0,0,44.3911737501621,0,42.3273033201694,0,0
0,4.03448723256588,0,159.048472762108,0,1215.63617151976,0,54.3818154036999,0,51.0823381245136,0,2.01565185189247,0,0,0,13.9569369703531,0,0,1.90703909099102,19.3238898068666,0,0,0,0,0,0,0,0,0,0,0,0,0,0,0,0.766495540738106,0,0.140559077262878,0,0.805585145950317,0,70.2961643189192,0.303673207759857,0,0,104.339490637183,0,0,2.19653344154358,15.4065855592489,0,0,0,51.2492568492889,0,47.0284161269665,0,36.5679385066032,0,35.1687058210373,0,169.175033658743,91.5364052206278,0,0,0,0,0,0,0,0,0,1.30880877375603,0,0,0,0,0,8.67155706882477,2.02427823841572,4.43120864033699,0,269.144790068269,0,298.998221576214,0.239055618643761,0
0,0,0,0,1.81643068790436,0,40.1247437894344,0,0,0,0,0,0,0,0,0,0,0,0,0,0,0,0,0,0,0,0,0,0,0,0,0,0,0,0,0,0,0,0,0,0,0,0,0,0,0,0,0,0,0,93.0554352402687,0,0,0,0,0,0,0,0,0,0,0,0,0,0,0,0,0,0,0,0,0,0,0,0,0,0,0,0,0,0,0,0,0,0,0,0
0,0,0,0,0,29.4715194702148,0,246.441596657038,0,0,0,58.4117714464664,0,0,0,0,0,0,0,14.0670216679573,0,0,0,0,0,0,0,0,0,0,0,0,0,0,0,0,0,0,0,0,0,0,0,0,0,0,0,0,0,0,0,51.2492568492889,0,0,0,0,0,98.6520392298698,0,0.636468589305878,0,0,22.0822332799435,0,0,0,0,0,0,0,0,0,0,0,0,0,0,0,0,0,0,0,100.653891563416,0,0.248906433582306,0,0
227.695242777467,0,52.3142793476582,0,35.6557175815105,0,0,0,288.615241900086,0,0,0,0,0,0,0,51.6561796069145,12.1908381283283,5.93764138221741,0,0,0,0,0,48.5604893267155,0,4.53884983062744,0,0,0,0,0,0,0,0,0,0,0,58.9150547534227,0,0,0,0,0,0,0,0,0,1.77692559361458,0,20.5405634641647,0,0,0,0,0,0,0,0,0,0,0,0,0,0,0,0,19.0492704957724,0,0,0,0,0,0,0,0,0,0,0,0,0,169.059766873717,40.4069292247295,0,0,0,0
0,38.4709991067648,0,20.513978689909,0,195.284933164716,0,0,0,1078.7009741962,0,0,0,0,0,25.2357338219881,0,0,0,0,0,0,0,80.6176322102547,0,0,0,0,0,0,0,0,0,0,0,0,0,142.450152769685,0,0,0,0,0,0,0,0.34081643819809,0,0,0,9.42012374103069,0,47.0284161269665,0,0,0,0,0,0,0,0,0,200.058297336102,0,0,0,0,87.7950900793076,0,0,0,0,0,0,0,0,0,0,0,0,0,62.8288872539997,0,8.52752900123596,0,6.70060624182224,0,0
0,0,0,0,9.76286290585995,0,0,0,0,0,542.557387381792,0,0,0,0,0,0,0,0.249435350298882,0,20.5263075679541,0,0,0,0,0,0,0,54.5729026794434,0,12.4821229875088,0,0,0,0,0,0,0,0,0,2.68601085245609,0,71.9848995953798,0,0,0,12.9176870509982,0,8.28267139196396,0,142.716523945332,0,0,0,0,0,0,0,33.4594501256943,0,0,0,0,358.050001338124,0,0,0,0,0,0,0,52.7087288200855,0,357.910618886352,0,0,0,0,0,1.1927190348506,0,0.198248326778412,77.9549628421664,0,289.401494368911,0,4.22554981708527
0,8.04683335125446,0,158.952233433723,0,16.8705076277256,0,8.26269575953484,0,8.64557600021362,0,1235.51861111075,0,0,0,0,0,0,1.32668256759644,61.7573347389698,0,0,0,0,0,0,0,6.23088470101357,0,116.374837353826,0,0,0,0,0,0.818320959806442,0,20.9691723138094,0,0.852654844522476,0,464.823092162609,0,0.738307416439056,0,73.4084702730179,0,0.477476462721825,0,25.648225620389,0,36.5679385066032,0,98.6520392298698,0,0,0,0,0,162.138494729996,0,7.35764618217945,249.190403535962,0,0,0,0,0,0,0,693.638289004564,0,1008.73388017714,0,0,0,0,0,17.9143155142665,0,82.0226205587387,0,104.999106898904,0,796.817856177688,29.3390815109015,0
0,0,0.703950941562653,0,36.7770454138517,0,0,0,0,0,0,0,1,0,27.8478603363037,0,0,0,0,0,0,0,0,0,0,0,0,0,0,0,0,0,0,0,0,0,0,0,0,0,0,0,0,0,0,0,0,0,0,0,14.2165569514036,0,0,0,0,0,33.4594501256943,0,0,0,0,0,0,0,0,0,0,0,0,0,0,0,0,0,0,0,0,0,0,0,0,0,22.0337479114532,0,0,0,0
0,0,0,15.1426217406988,0,38.9183112978935,0,145.632450163364,0,0,0,159.501588836312,0,870.900743633509,0,203.131033569574,0,0,0.170446664094925,0,0,0,0,0,0,0,0,1.01148825883865,0,0,0,0,0,0,0,0,0,0.254544496536255,0,0,0,9.45829619467258,0,0,0,1.02247390151024,0,0,0,1.21345974504948,0,35.1687058210373,0,0.636468589305878,0,0,0,162.138494729996,0,0,0,97.2194893211126,1.29291647672653,0,0,0,0,0,14.5511400699615,0,408.152476742864,0,31.8434774726629,0,0,0,0,0,0.572684392333031,0,2.04466463625431,0,239.785251557827,0,14.4059353321791,0,0
9.64355510473251,0,0,0,13.8249483406544,0,0,0,0,0,0,0,0,0,0,0,2.46606954932213,0,0,0,0,0,0,0,0.54404079914093,0,0,0,0,0,0,0,0,0,0,0,0,0,0,0,0,0,0,0,0,0,0,0,0,0,10.7518540918827,0,0,0,0,0,0,0,0,0,0,0,0,0,0,0,0,0,0,0,0,0,0,0,0,0,0,0,0,0,0,0,0.609387874603271,0,0,0,0
0,9.44681985676289,0,1.3493917286396,0,3.42439469695091,0,0,0,208.145820051432,0,0,0,203.30017632246,0,933.790935516357,4.92191243171692,100.286633685231,0,0,0,0,0,1.88438248634338,0,0,0,0,0,0,0,0,0,0,0,0,0,0,0,0,0,0.169108152389526,0,0,0,0,0,0,0,40.9725461155176,0,169.175033658743,0,0,0,200.058297336102,0,7.35764618217945,0,97.2194893211126,0,0,0,0,0,0,0,0,60.7763366103172,0,59.5173931568861,0,79.4872844815254,0,0,0,0,0,0,0,11.2807382941246,0,242.129309400916,9.86174522340298,53.7002940028906,0,0
0,0.730780184268951,0,0.119047880172729,0,36.8411222398281,0,6.33267407119274,0,2.69783368706703,0,19.5590932667255,0,0,0,0,3.91744988411665,5.30281355232,191.26453743875,1510.32050291449,0,0,0,0,0,0,0,0,0,0.464642211794853,0,0,0,0,0,144.645560584962,0,53.8929563388228,0,15.7810897529125,2.45182203501463,385.599549010396,5.84547556936741,17.6470889896154,0,747.729230970144,0,0,1.06686725467443,4.96393567323685,0,91.5364052206278,0,22.0822332799435,0,0,0,249.190403535962,0,1.29291647672653,0,0,0,0,0,0,0,0,0,0,69.4578333422542,0,445.30800987035,0.123821318149567,0,0,0,0,1024.61203074455,2.53127189725637,214.55025357008,3.28441846370697,166.645899996161,5.31810965389013,445.467114247382,7.40567295253277,0.324142694473267
0,0,0.410254761576653,0,48.8993192911148,0,0,0,0,0,0,0,0,0,0,0,0,0,0.624287962913513,0,544.727194145322,0,0,0,0,0,0,0,0,0,0,0,0,0,1.93672461807728,0,353.178910344839,0,0,0,174.102242939174,0,222.307153895497,0,0.246816828846931,0,917.730187609792,2.03252692520618,8.4464575573802,1.78600014746189,1.46811389923096,0,0,0,0,0,358.050001338124,0,0,0,0,0,0,0,0,0,0,0,0,0,0,0,0,102.095088854432,0,0,0,0,0,1423.34931868315,0,319.77277584374,405.573564477265,4.72124235332012,852.551636122167,0,15.0004455447197
0,0,0,0,0,0,0,0,0,0,0,0,0,0,0,0,1.23737692832947,17.9502620100975,0,0,0,3699.69119353592,0,266.076414778829,0,218.976574331522,0,6.43049350380898,0,0,0,0,0,0,0,0,0,809.061742812395,0,0,0,0,0,0,0,0,0,2.97915385663509,0,10.9536602497101,0,0,0,0,0,0,0,0,0,0,0,0,0,0,0,0,329.484626799822,0,475.507085740566,0,700.204853862524,0,0,0,0,0,0,0,0,0,525.333631902933,0,42.6521130800247,6.95070362091064,1.60401819646358,0,0
0,0,0,0,0,0,0,0,0,0,0,0,0,0,0,0,1,0,0,0,0,1.89072245359421,4371.81392980367,0,79.7173178493977,0,16.2707495689392,0,7.04395501315594,0,0,0,0,0,0,0,0,0.805434495210648,173.656236886978,0,0,0,0,0,0,0,0,8.84309712052345,148.773466944695,0,0,0,0,0,0,0,0,0,0,0,0,0,0,0,0,0,0,239.962943166494,0,254.09294578433,0,24.758453130722,0,0,0,0,0,0,0,0,0,323.527965649962,43.2187600135803,25.0303351581097,0,0,0
0,9.40816473960876,0,0,0,0,0,0,0,64.4354664385319,0,0,0,0,0,0,0,1.7803955078125,0,0,0,153.070823073387,0,730.026606693864,0,7.82770735025406,0,0,0,0,0,0,0,0,0,0,0,953.437454715371,0,0,0,0,0,0,0,0,0,2.20148140192032,0,82.5112300664186,0,0,0,0,0,87.7950900793076,0,0,0,0,0,0,0,0,329.484626799822,0,0,0,5.09210294485092,0,0.585792422294617,0,0,0,0,0,0,0,0,0,274.396207854152,0,20.0003315508366,0,43.751112729311,0,0
0,0,0,0,0,0,0,0,6.4920090585947,0,0,0,0,0,1.55517911911011,0,67.4392080307007,1.48128437995911,0,0,0,0,143.718815118074,0,534.080383941531,0,107.545845329762,0,0,0,0,0,0,0,0,0,0,0.492717266082764,372.498395681381,0,0,0,0,0,0,0,0,0.330252468585968,12.2656796723604,0,0,0,0,0,19.0492704957724,0,0,0,0,0,0,0,0,0,0,239.962943166494,0,0,0,104.067259907722,0,0.747704386711121,0,0,0,0,0,0,0,0,0,880.765260607004,439.779433101416,0,88.5835568010807,0,0
0,7.76752683520317,0,0,0,0,0,0,0,100.051803171635,0,0,0,0,0,0,0,2.24504137039185,0,0,0,326.166705295444,0,44.8743626475334,0,356.452652558684,0,0,0,0,0,0,0,0,0,0,0,137.578949928284,0,0,0,0,0,0,0,0,0,0,0,25.5141000747681,0,0,0,0,0,0,0,0,0,14.5511400699615,0,60.7763366103172,0,0,475.507085740566,0,5.09210294485092,0,0,0,170.450449883938,0,8.37664172053337,0,0,0,0,0,0,0,1.15871170163155,0,0,0,27.9988041222095,0,0
0,0,0,0,0,0,0,0,0,0,0,0,0,0,0,0,12.1044048070908,0,0,0,0,0,60.0604860186577,0,181.040405094624,0,84.6509745121002,0,45.6153347492218,0,0,0,0,0,0,0,0,0,0,0,0,0,0,0,0,0,0,0,80.7760237455368,0,0,0,0,0,0,0,0,0,0,0,0,0,0,0,0,254.09294578433,0,104.067259907722,0,0,0,32.6753054857254,0,0,0,0,0,0,0,0,0,0,18.0822114944458,0,0,0,0
0,0,0,0,0,0,0,0,0,1.38486024737358,0,8.32316574454308,0,67.4182172119617,0,0,0.352792233228683,1.07345545291901,9.90715664625168,0,0,216.73969720304,0,0,0,28.5784539282322,0,772.215213000774,0,65.7794230431318,0,0,0,0,0,0.366074025630951,0,329.838370829821,0,0.362666040658951,0,346.506062358618,0,0.370092630386353,0,17.258981063962,0,0,0,89.2091343700886,0,0,0,0,0,0,0,693.638289004564,0,408.152476742864,0,59.5173931568861,69.4578333422542,0,700.204853862524,0,0.585792422294617,0,170.450449883938,0,0,0,282.276582822204,0,0,0,0,0,13.3262869119644,0.496025085449219,320.947118848562,0.238724127411842,43.1468176394701,1.61385548114777,287.262495905161,78.1850978136063,0
0,0,0,0,0,0,0,0,0,0,0,0,0,0,0,0,0,0,0,0,0,0,0,0,0,0,0,0,469.865646511316,0,0,0,0,0,0,0,0,0,47.4301517009735,0,0,0,0.348647892475128,0,0,0,0,0,156.362278878689,0,0,0,0,0,0,0,52.7087288200855,0,0,0,0,0,0,0,0,24.758453130722,0,0.747704386711121,0,32.6753054857254,0,0,0,0.739095151424408,0,0,0,0,0,0,0,59.5957118272781,0,0,42.5430000424385,0,0
0,17.6690655648708,0,2.02161312103271,0,0,0,0,0,24.7639119029045,0,87.7395116537809,0,12.5770125389099,0,0,1.24789862334728,6.22059755027294,85.2448651045561,388.062326967716,0,0,0,0,0,0,0,1.04154288768768,0,503.832067593932,0,0,0,0,0,8.83654141426086,0,58.6881117671728,0,2.84334449470043,0.157000616192818,817.919462278485,3.04762390255928,1.1288948059082,0,107.679572999477,0,0,0,216.125237137079,0,1.30880877375603,0,0,0,0,0,1008.73388017714,0,31.8434774726629,0,79.4872844815254,445.30800987035,0,0,0,0,0,8.37664172053337,0,282.276582822204,0,0,0,0,0,0,0,56.8310929387808,1.81871204823256,292.96107403934,0.435600787401199,52.2519894838333,2.8575697094202,667.965742476285,447.022545292974,0.575528085231781
0,0,1.54780791699886,0,6.36160680651665,0,0,0,0,0,37.2647884190083,0,0,0,0,0,7.4886963814497,0.548526883125305,124.790025427938,0,1.01426215469837,0,0,0,0,0,0,0,1,0,210.915850177407,0,0,0,0.378174766898155,0,0.374896824359894,0,311.805790007114,0,48.5071327462792,3.24418604373932,733.103086993098,0.316432952880859,82.6611110568047,0.577236294746399,288.38309456408,1.0685487985611,36.3804423287511,0,0,0,0,0,0,0,357.910618886352,0,0,0,0,0,0.123821318149567,102.095088854432,0,0,0,0,0,0,0,0.739095151424408,0,0,0,0,0,0,5.30724580585957,116.503417558968,3.55957394838333,153.686795093119,30.4161596894264,1.47695599496365,682.984474673867,2.41648854315281,134.236947625875
0,0,0,0,0,0,0,0,0,0,0,0,0,0,0,0,0,0,0,0,0,0,0,0,0,0,0,0,0,0,0,1851.31421121955,147.103326022625,88.3375500440598,0,106.598964214325,0,0,0,13.731327727437,0,0,0,0,0,0,0,244.39376039803,0,1.47450655698776,0,0,0,0,0,0,0,0,0,0,0,0,0,0,0,0,0,0,0,0,0,0,0,0,0,32.5150341689587,17.3732096552849,0,1265.78541539609,0,0,0,68.9214324355125,0,0,0,0
0,0,0,0,0,0,0,0,0,0,0,0,0,0,0,0,0,0,0,0,0,0,0,0,0,0,0,0,0,0,0,519.48448997736,556.54617395997,29.9179054498672,48.7837932929397,0,153.477066129446,0,0,0.531763732433319,0,0,0,0,0,0,0,488.863155692816,0,1.87050178647041,0,0,0,0,0,0,0,0,0,0,0,0,0,0,0,0,0,0,0,0,0,0,0,0,32.5150341689587,0,0,18.8620691671968,14.7825167477131,13.6818519234657,0,0,236.568500593305,0,0,0,0
0,0,0,0,0,0,0,0,0,0,0,0,0,0,0,0,0,0,0,0,0,0,0,0,0,0,0,0,0,0,0,48.3274084925652,0,3667.94178648293,377.842585280538,5.50404191017151,23.0360450744629,45.6660331189632,0,0,0,0,0,0,0,0,0,207.651550173759,0,2.10761845111847,0,0,0,0,0,0,0,0,0,0,0,0,0,0,0,0,0,0,0,0,0,0,0,0,17.3732096552849,0,0,80.7893667817116,446.255135983229,0,381.745813518763,0,201.057249814272,0,0,0,0
0,0,0,0,0,0,0,0,0,0,0,0,0,0,0,0,0,0,0,0,0,0,0,0,0,0,0,0,0,0,0,6.60709477961063,60.3741064369678,2537.24538193643,2490.17955987155,0,128.06576256454,31.2466429769993,48.8617852032185,0,0,0,0,0,0,0,2.82830129563808,835.323656335473,52.7936043292284,22.8344550281763,0,0,0,0,0,0,0,0,0,0,0,0,0,0,0,0,0,0,0,0,0,0,0,0,0,18.8620691671968,80.7893667817116,0,3.27359494566917,124.846415951848,21.1302659660578,35.9537971317768,2456.68701145053,86.1605461835861,3.29177518188953,0,0.797992080450058
