0,0,164.356705442071,0,57.31921261549,0,0,0,436.259076982737,0,0,0,0,0,0,0,1.64683854579926,0,2.30411422252655,0,0,0,0,0,0,0,0,0,0,0,0,0,0,0,0,0,0,0,0.270940124988556,0,0,0,9.247214153409,0,0,0,0,8.16056299209595,239.609254837036,0,4.50007095932961,0,0,0,400.590933054686,0,0.884130597114563,0,0,0,3.12463623285294,0,0,0.417699873447418,0,0,0,0,0,0,0,0,0,0,0,0,0,0,0,0,0,0,206.115355029702,0.604651600122452,86.5730910599232,0,0.686750531196594
0,0,0,101.009991168976,0,2.22675144672394,0,0,0,373.792543947697,0,0,0,0,0,0,0,0,2.54613649845123,0,0,0,0,0.558639973402023,0,0,0,0,0,0,0,0,0,0,0,0.653436183929443,0,0.291842848062515,0,0,0,6.82432441413403,0,0,0,0,0,0,0,6.75361704826355,0,0,0,0,0,640.908310413361,0,33.9239657819271,0,9.06213286519051,0,9.08155333995819,0,0,0,0,11.4484407305717,0,0,0,0,0,0,0,0,0,0,0,2.71342618763447,0,0,0,69.8805819004774,0,148.771617621183,0,0
164.356705442071,0,0,0,34.7311077713966,0,0,0,57.3000211715698,0,0,0,0,0,0,0,0,0,0,0,0,0,0,0,0,0,0,0,0,0,0,0,0,0,0,0,0,0,0,0,0,0.425833106040955,7.98658555746078,0,0,0,62.7135962545872,0.809792026877403,52.9461140632629,0,2.54776334762573,0,0,0,3.70775601267815,0,34.2390041947365,0,0,0,0.981943905353546,0,0,0.380322128534317,0,0,0,0,0,0,0,3.0440918803215,0,6.07124704122543,0,0,0,0,0,3.05632397532463,0,3.13997960090637,123.399093195796,1.95889699459076,305.667839795351,0,0
0,101.009991168976,0,0,0,122.806433022022,0,0,0,47.9952350258827,0,0,0,0,0,0,0,0,0.604793012142181,0,0,0,0,0,0,0,0,0,0,0,0,0,0,0,0,0,0,0,0,0.512611985206604,0,30.5563756376505,0,1.51544952392578,0,32.2551084905863,0,0,0,32.0064105391502,0,36.0228713154793,0,0,0,35.9967787861824,0,102.89224357903,0,8.51945674419403,0,7.93498659133911,1.16474625468254,0,0,0,0,0,0,0,1.07643301784992,0,2.07856550812721,0,0,0,0,0,0.558015540242195,0,2.73221687972546,0,116.745527178049,6.45013302564621,427.669308245182,2.84856879711151,0
57.31921261549,0,34.7311077713966,0,0,0,24.4548223018646,0,44.2684271335602,0,0,0,0,0,0,0,0,0,0.266885012388229,0,3.0064435005188,0,0,0,0,0,0,0,0,0,0,0,0,0,0,0,0.597508996725082,0,0.476055905222893,0,5.5133842676878,0,9.00097689032555,0,0,0.133178174495697,35.6985505670309,0,12.7391647398472,0,393.576889425516,0,0.588099360466003,0,28.9576258659363,0,1.74739757180214,0,9.91313874721527,0,0,0,0,75.5082446336746,0,0,0,0,0,0,0,0.378880321979523,0,1.52710166573524,0,0,0,0,0,2.62116603553295,0,3.36763405799866,456.83965601027,0,251.689760953188,0,0
0,2.22675144672394,0,122.806433022022,0,0,0,15.2651591300964,0,85.4256519675255,0,0,0,0,0,15.4747452735901,0,0.887897908687592,0.201374292373657,47.9934356808662,0,0,0,0,0,0,0,0,0,0,0,0,0,0,0,1.25935401022434,0,0.153310567140579,0,5.86162959039211,0,19.7905493825674,0,0,0,124.53318567574,0,0,0,9.96867892146111,0,309.277554005384,0,2,0,36.6322723031044,0,1.77779413759708,0,0,0,27.1540101766586,519.888736903667,0,0,0,0,0,0.318718135356903,0,1.66721273958683,0,4.46080353856087,0,0,0,0,0,6.3935152888298,0,2.00925561785698,0,959.85863570869,1.21093432605267,306.6927254498,0.705856442451477,0
0,0,0,0,24.4548223018646,0,0,0,0,0,7.57268303632736,0,0,0,0,0,0,0,0,0,30.8455934524536,0,0,0,0,0,0,0,0,0,0,0,0,0,0,0,0,0,0,0,0,0,0,0,0,0,0,0,0,0,3.36481016874313,0,210.042617440224,0,0,0,0.905560195446014,0,15.5218330621719,0,0,0,0,0,0,0,0,0,0,0,0,0,0,0,0,0,0,0,0,0,0,0,222.980276852846,0,0,0,0
0,0,0,0,0,15.2651591300964,0,0,0,0,0,0,0,0,0,0,0,0,0,0,0,0,0,0,0,0,0,0,0,0,0,0,0,0,0,0,0,0,0,0,0,0,0,0,0,0,0,0,0,0,0,1.69323271512985,0,58.928838133812,0,0,0,0,0,0,0,0,0,0,0,0,0,0,0,0,0,0,0,0,0,0,0,0,0,0,0,0,53.2154395580292,0,0,0,0
436.259076982737,0,57.3000211715698,0,44.2684271335602,0,0,0,0,0.422245264053345,0,0,0,0,1.83618825674057,0,453.536227032542,52.2094709277153,7.99707935750484,0,0,0,0,0,3.33688825368881,0,0.298133313655853,0,0,0,0,0,0,0,0,0,0.92251843214035,0.181760668754578,33.5343667119741,0,0,0,0.855059608817101,0,0,0,7.54722306132317,0,0.5117467045784,0,0.330812931060791,0,0,0,415.067305266857,0,0,0,0,0,10.3987310230732,0,0,0,0,0,0,9.6120363175869,0,0,0,0,0,0.985476136207581,0,0,0,0,0,0,0,65.3369538486004,349.84119386971,6.29027605056763,29.7381192296743,0,10.5630240142345
0,373.792543947697,0,47.9952350258827,0,85.4256519675255,0,0,0.422245264053345,0,0,0,0,0,0,44.2080819010735,86.7677050232887,401.616287812591,17.6225820928812,0,0,0,0,43.2655154019594,0,156.080105662346,0,0,0,0,0,0,0,0,0,0,0,47.7900127768517,0,0,0,15.9299903512001,0,0,0,0.631298527121544,0,0,0,0,0,0,0,0,0,603.199203714728,0,0.26811408996582,0,0,0,19.3516579568386,0,0,0,0,124.219803631306,0,56.7508674263954,0,0,0,0,0,0,0,0,0,0,0,5.71679571270943,0,315.155935570598,18.8839648962021,6.92518554627895,2.91631272435188,0
0,0,0,0,0,0,7.57268303632736,0,0,0,0,0,0,0,0,0,0,0,0,0,382.30846580863,0,0,0,0,0,0,0,90.9064209461212,0,20.2963870763779,0,0,0,0,0,26.1947914361954,0,433.739263534546,0,0,0,0,0,0,0,0.746135532855988,0,0,0,0,0,0,0,0,0,584.654047966003,0,4.36929965019226,0,0,0,0,53.6635861098766,0,0,0,0,0,0,0,15.7478783130646,0,26.0500541329384,0,0,0,0,0,20.6201436519623,0,0,43.2289302349091,0,0,0,0
0,0,0,0,0,0,0,0,0,0,0,0,0,0,0,0,0,0,0,233.809151679277,0,0,0,0,0,0,0,32.1513994336128,0,337.934047490358,0,0,0,0,0,0,0,36.8594205975533,0,0,0,0,0,0,0,0,0,0,0,0,0,0,0,2.46766722202301,0,0,0,1701.58514547348,0,8,0,0,0.22242246568203,0,0,0,0,0,0,0,38.5591402053833,0,259.760618150234,0,0,0,0,0,0,0,96.4668055176735,0,59.3626126050949,0,0,0,0
0,0,0,0,0,0,0,0,0,0,0,0,0,0,0,0,0,0,0,0,0,0,0,0,0,0,0,0,0,0,0,0,0,0,0,0,0,0,0,0,0,0,0,0,0,0,0,0,0,0,0,0,0,0,0,0,0,0,81.6151844859123,0,0,0,0,0,0,0,0,0,0,0,0,2.45206451416016,0,0,0,0,0,0,0,0,0,0,1,0,0,0,0
0,0,0,0,0,0,0,0,0,0,0,0,0,0,0,0,0,0,0,0,0,0,0,0,0,0,0,4.50565299391747,0,0,0,0,0,0,0,0,0,0,0,0,0,0,0,0,0,0,0,0,0,0,0,0,0,0,0,0,0,0,0,143.579391807318,0,0,0,0,0,0,0,0,29.3680443763733,0,136.543418288231,0,0,0,0,0,0,0,0,0,0,0,0,0,0,0,0
0,0,0,0,0,0,0,0,1.83618825674057,0,0,0,0,0,0,0,759.945650294423,25.1672188639641,5.90437939763069,0,0,0,0,0,0,0,16.3322726488113,0,0,0,0,0,0,0,0,0,0,0,0,0,0,0,0,0,0,0,0,0,0,0,0,0,0,0,0,0,0,0,0,0,75.0503624677658,0,0.525012910366058,0,0,0,0,0,0,1.31148254871368,0,0,0,0,0,0,0,0,0,0,0,0,237.732062727213,41.8614735007286,0,0,0
0,0,0,0,0,15.4747452735901,0,0,0,44.2080819010735,0,0,0,0,0,0,15.7612852752209,161.071576401591,0.477289289236069,0,0,0,0,3.66598746180534,0,0,0,0,0,0,0,0,0,0,0,0,0,0,0,0,0,0,0,0,0,0,0,0,0,0,0,15.0876203775406,0,0,0,35.7076723575592,0,0,0,0,0,64.4038307666779,0,0,0,0,0.763734340667725,0,0,0,0,0,0.22530572116375,0,0,0,0,0,0.622933149337769,0,0,0,100.13269084692,35.978518858552,0,0,0
1.64683854579926,0,0,0,0,0,0,0,453.536227032542,86.7677050232887,0,0,0,0,759.945650294423,15.7612852752209,0,11641.8899579942,4943.47086811066,0,0,0,749.863200962543,6.00017657876015,0,0,275.32974666357,0,0,0,0,0,0,0,0,10.7507552504539,13.9155816286802,4.76239156723022,17.8911634534597,12.0671659708023,48.609218083322,27.1689196527004,163.324585273862,0,0.281850665807724,29.395375713706,5.12543050944805,0,7.38375276327133,0,0,0,0,0,7.63854250311852,0,0,0.224168315529823,0,0,120.568181544542,0,11.4166751205921,0.430169865489006,0,24.1329010128975,0,0,0,5.27824854850769,0.145483657717705,0.344615191221237,4.42113830149174,12.0896110087633,0,0,0,0,70.0336649790406,154.03494477272,14.8269390612841,80.786045730114,19111.6956864744,3543.79837702215,79.5101847499609,9.56278543174267,32.921736702323
0,0,0,0,0,0.887897908687592,0,0,52.2094709277153,401.616287812591,0,0,0,0,25.1672188639641,161.071576401591,11641.8899579942,0,4291.26817150414,0,0,462.61887165904,0,118.408408433199,0,257.624186515808,2.97975039482117,0,0,0,0,0,0,0,0,29.5457463264465,3.94321213662624,7.555639795959,2.96575999259949,13.7666523605585,24.8407800793648,59.5539906769991,39.4587246030569,2.08184695243835,0,26.6583154648542,4.86144503951073,0,1.20585714280605,0,0,0,0,0,0,0,0,0.174360081553459,0,0,4.58338648080826,1.05646443367004,8.8672896027565,0.548386096954346,0,0,0,0,59.5150975584984,0,2.04510670900345,0,4.58243368566036,1.15750575065613,0,0,0,0,74.1072040051222,34.7898105382919,26.4306411892176,10.0528953671455,17314.7440708131,6516.76745988429,34.8210988789797,13.1703648418188,6.33933193981647
2.30411422252655,2.54613649845123,0,0.604793012142181,0.266885012388229,0.201374292373657,0,0,7.99707935750484,17.6225820928812,0,0,0,0,5.90437939763069,0.477289289236069,4943.47086811066,4291.26817150414,0,0,0,0.770654737949371,0,2.30793690681458,0,0.229357600212097,0,0,0,0,0,0,0,0,0,366.915354587138,84.1175248771906,111.49437713623,127.526907458901,252.996977642179,351.049929395318,902.838258989155,1393.66405622661,39.0094168782234,41.7468617260456,513.369681298733,40.3171909600496,0.160322234034538,102.613284870982,3.20377987623215,0,0,0,0,0,0,4.10916969180107,11.905840754509,0,0,0.953591167926788,0,128.312637083232,3.72125655412674,0.851375356316566,0,0,0,1.96751938760281,0,40.8173888325691,18.6888792365789,303.782637745142,99.8588714897633,0,0,0,0,1505.68558763713,1162.05605185032,895.716505125165,635.805077508092,9905.84524916857,1278.13293009996,978.637740537524,173.836255833507,170.484754666686
0,0,0,0,0,47.9934356808662,0,0,0,0,0,233.809151679277,0,0,0,0,0,0,0,0,0,0,0,0,0,0,0,0,0,0,0,0,0,0,0,203.295724540949,0,188.659285932779,0,0,0,1.00063320994377,0,0,0,8.06572435796261,0,0,0,0,0,0,0,0,0,0,0,844.727405443788,0,0,0,0,1268.81109759212,0,0,0,0,0,0,0,0.225191161036491,0,8.56173998117447,0,0,0,0,0,772.230262964964,0,215.967344895005,0,279.671050727367,0,4.93869988620281,0,0
0,0,0,0,3.0064435005188,0,30.8455934524536,0,0,0,382.30846580863,0,0,0,0,0,0,0,0,0,0,0,0,0,0,0,0,0,0,0,0,0,0,0,0,0,72.0507693663239,0,43.2010879516602,0,0,0,0.3790243268013,0,0,0,40.8370554447174,0,0,0,4.00288319587708,0,9.99619126319885,0,0,0,291.181467443705,0,0.666978538036346,0,0,0,0,1130.59594742954,0,0,0,0,0,0,0,0,0,1.09267210960388,0,0,0,0,0,323.76455385983,0,41.1283379793167,263.002781748772,0.421573489904404,12.6031668484211,0,0
0,0,0,0,0,0,0,0,0,0,0,0,0,0,0,0,0,462.61887165904,0.770654737949371,0,0,0,28.0144897699356,303.638013660908,0,76.6272111386061,0,82.1454136073589,0,0,0,0,0,0,0,0,0,658.390178024769,0,0,0,3.87628717720509,0,0,0,1.0486191213131,0,20.6016993224621,0,790.104846954346,0,0,0,0,0,0,0,10.1444524228573,0,5.81061300635338,0,0,12.1261516436934,0,4372.16896809638,0,78.8442333638668,0,561.862475082278,0,289.25289785862,0,0,0,0,0,0,0,0.657330930233002,0,308.438282579184,0,412.974086821079,188.117332279682,14.6752743273973,1.65547245740891,0
0,0,0,0,0,0,0,0,0,0,0,0,0,0,0,0,749.863200962543,0,0,0,0,28.0144897699356,0,0,119.62168776989,0,18.8197376132011,0,152.229753911495,0,0,0,0,0,0,0,0,0,438.525696724653,0,0,0,0.497251570224762,0,0,0,0,0.777596205472946,432.397859066725,0,0,0,0,0,0,0,1.02989113330841,0,0,0,0,0,0,0,0,5889.69146209955,0,30.9096464216709,0,462.5670671314,0,349.783600956202,0,0,0,0,0,0,0,0,0,1174.00326761603,982.27936181426,98.1852899193764,0.287875026464462,0,0
0,0.558639973402023,0,0,0,0,0,0,0,43.2655154019594,0,0,0,0,0,3.66598746180534,6.00017657876015,118.408408433199,2.30793690681458,0,0,303.638013660908,0,0,0,388.070284545422,0,0,0,0,0,0,0,0,0,0,0,239.007667332888,0,0.211171329021454,0,4.67975920438766,0,0,0,10.0938318669796,0,1.20139846205711,0,0,0,0,0,0,0,162.992479264736,0,2.77715507149696,0,2.22608895599842,0,36.4972676038742,0,0,25.0363355875015,0,1075.6172913909,0,404.695963352919,0,11.981756478548,0,0,0,0,0,0,0,0,0,112.533144772053,0,98.3708262518048,2.01168489456177,22.8470082730055,5.34947316348553,0
0,0,0,0,0,0,0,0,3.33688825368881,0,0,0,0,0,0,0,0,0,0,0,0,0,119.62168776989,0,0,0,113.899753063917,0,0,0,0,0,0,0,0,0,0,0,170.057410359383,0,0,0,0,0,0,0,0,0,0,0,0,0,0,0,9.57073186337948,0,0,0,0,0,0,0,0,0,0,308.440164744854,0,805.629327312112,0,37.4582669138908,0,0,0,0,0,0,0,0,0,0,0,186.738450825214,385.605270206928,0,0.455189824104309,0,0
0,0,0,0,0,0,0,0,0,156.080105662346,0,0,0,0,0,0,0,257.624186515808,0.229357600212097,0,0,76.6272111386061,0,388.070284545422,0,0,0,27.3157386779785,0,0,0,0,0,0,0,0,0,0,0,0,0,1.09054493904114,0,0,0,0,0,0,0,0,0,0,0,0,0,0,0,1.99051737785339,0,2.20164074003696,0,3.07456344366074,1.26645781099796,0,2.44098335504532,0,24.133319735527,0,1118.30836197734,0,60.1256212741137,0,0,0,0,0,0,0,0,0,0,0,45.9231869578362,4.57203817367554,0.409344613552094,0,0
0,0,0,0,0,0,0,0,0.298133313655853,0,0,0,0,0,16.3322726488113,0,275.32974666357,2.97975039482117,0,0,0,0,18.8197376132011,0,113.899753063917,0,0,0,74.7838864326477,0,0,0,0,0,0,0,0,0,0,0,0,0,0,0,0,0,0,0,0,0,0,0,0,0,13.0318427681923,0,0,0,0.494670331478119,0,16.0410811901093,0,0,0,0,9.12191292643547,0,18.7702342271805,0,320.540077716112,0,82.7894357740879,0,0,0,0,0,0,0,0,0,0.309421330690384,12.1523540019989,3.88560083508492,0,0,0
0,0,0,0,0,0,0,0,0,0,0,32.1513994336128,0,4.50565299391747,0,0,0,0,0,0,0,82.1454136073589,0,0,0,27.3157386779785,0,0,0,172.049711897969,0,0,0,0,0,0,0,25.4259344339371,0,0,0,0,0,0,0,0,0,0,0,0,0,0,0,0,0,0,0,8.431122392416,0,0,0,0,0,0,137.776806235313,0,0,0,53.7065117359161,0,1127.93505445123,0,37.6890447735786,0,0,0,0,0,0,0,0,0,32.4747215509415,0,0,0,0
0,0,0,0,0,0,0,0,0,0,90.9064209461212,0,0,0,0,0,0,0,0,0,0,0,152.229753911495,0,0,0,74.7838864326477,0,0,0,9.76769122481346,0,0,0,0,0,0,0,31.4093542098999,0,0,0,0,0,0,0,0,0,0,0,0,0,0,0,0,0,0,0,0,0,0,0,0,0,0,61.5932269096375,0,0,0,36.7039334177971,0,743.440358906984,0,4.37560349702835,0,0,0,0,0,0,0,0,0.400998473167419,0,0,0,0
0,0,0,0,0,0,0,0,0,0,0,337.934047490358,0,0,0,0,0,0,0,0,0,0,0,0,0,0,0,172.049711897969,0,0,0,0,0,0,0,0,0,269.533842563629,0,0,0,0,0,0,0,0,0,0,0,0,0,0,0,0,0,0,0,39.2515999674797,0,0,0,0,0,0,0,0,0,0,0,0,1.50726635754108,0,736.338453769684,0,0,0,0,0,0,0,141.779941320419,0,7.75703436136246,0,0,0,0
0,0,0,0,0,0,0,0,0,0,20.2963870763779,0,0,0,0,0,0,0,0,0,0,0,0,0,0,0,0,0,9.76769122481346,0,0,0,0,0,0,0,0,0,51.3363318443298,0,0,0,0,0,0,0,0,0,0,0,0,0,0,0,0,0,3.73837864398956,0,0,0,0,0,0,0,0,0,0,0,0,0,0,148.772981375456,0,68.4314317107201,0,0,0,0,0,0,0,0,0,0,0,0,0
0,0,0,0,0,0,0,0,0,0,0,0,0,0,0,0,0,0,0,0,0,0,0,0,0,0,0,0,0,0,0,0,380.197987377644,2.49065697193146,0,66.3130640983582,0,0,0,0,0,0,0,0,0,0,0,463.308685898781,2.53956079483032,0,0,0,0,0,0,0,0,0,0,0,0,0,0,0,0,0,0,0,0,0,0,0,0,0,935.487098097801,45.2175229787827,75.2225723862648,0,319.126642629504,0.988310158252716,0,0,345.025937438011,0,0,0,0
0,0,0,0,0,0,0,0,0,0,0,0,0,0,0,0,0,0,0,0,0,0,0,0,0,0,0,0,0,0,0,380.197987377644,0,7.98839426040649,142.6886485219,0,437.12312579155,0,0,0,0,0,0,0,0,0,0,703.206685349345,0,0,0,0,0,0,0,0,0,0,0,0,0,0,0,0,0,0,0,0,0,0,0,0,0,0,246.72506710887,5397.18921346962,14.8844159841537,270.913526445627,49.6998740434647,274.819445848465,0,0,398.160474121571,0,0,0,0
0,0,0,0,0,0,0,0,0,0,0,0,0,0,0,0,0,0,0,0,0,0,0,0,0,0,0,0,0,0,0,2.49065697193146,7.98839426040649,0,269.455006837845,855.446902871132,0,392.961135447025,30.3929552435875,0,0,0,0,0,0,0,0,2704.37112423778,0,44.9128674864769,0,0,0,0,0,0,0,0,0,0,0,0,0,0,0,0,0,0,0,0,0,0,0,0,4.37679916620255,0,2582.95009934902,40.9113990664482,136.565481692553,0,170.100233256817,0,139.733066499233,0,0,0,0
0,0,0,0,0,0,0,0,0,0,0,0,0,0,0,0,0,0,0,0,0,0,0,0,0,0,0,0,0,0,0,0,142.6886485219,269.455006837845,0,0,1215.30941668153,0,744.060177713633,0,0,0,4.26921844482422,0,0,0,0,5542.89968597889,1.12030270695686,0,0,0,0,0,0,0,0,0,0,0,0,0,0,0,0,0,0,0,0,0,0,0,0,0,0,50.2033460140228,7.7484712600708,4445.30531002581,0,32.0085125565529,0,35.2673285901546,921.098797917366,11.8689007759094,4.09406268596649,0,0
0,0.653436183929443,0,0,0,1.25935401022434,0,0,0,0,0,0,0,0,0,0,10.7507552504539,29.5457463264465,366.915354587138,203.295724540949,0,0,0,0,0,0,0,0,0,0,0,66.3130640983582,0,855.446902871132,0,0,0,1977.76065325737,0.727119415998459,26.1436975598335,2.34450189769268,243.579960368574,5.03550404310226,41.1968538463116,0.146384462714195,332.040517941117,0.231453567743301,0.612191781401634,0,6.71714325249195,0,0,0,0,0,0,0,0.327924251556396,0,0,0,0,603.791175812483,0.203952312469482,0,0,0,0,0,0,1.63752199709415,0,10.1490439921618,0,69.7895864844322,0,185.97356814146,0,12313.3703847304,5.96945407241583,1931.09419393539,1.24251182377338,2474.16879000515,105.993578925729,335.612896412611,125.113526105881,0.34038545191288
0,0,0,0,0.597508996725082,0,0,0,0.92251843214035,0,26.1947914361954,0,0,0,0,0,13.9155816286802,3.94321213662624,84.1175248771906,0,72.0507693663239,0,0,0,0,0,0,0,0,0,0,0,437.12312579155,0,1215.30941668153,0,0,0,1149.15272358805,0,10.5079904198647,2.46793565154076,124.697135426104,0,12.4001134634018,1.62594144046307,312.877146221697,6.19669656455517,61.2767236456275,0,0.188457861542702,0,0,0,0,0,2.70880392193794,0,0.200172990560532,0,0,0,1.20127177238464,114.570572532713,0,0,0,0,0,0,0,6.77301806211472,0,10.0994798839092,0,60.031287997961,0,822.516812264919,4.47265630960464,12949.0553467944,0,798.281678691506,1466.92790961266,6.36813978850842,108.314921736717,0,18.2519329637289
0,0.291842848062515,0,0,0,0.153310567140579,0,0,0.181760668754578,47.7900127768517,0,36.8594205975533,0,0,0,0,4.76239156723022,7.555639795959,111.49437713623,188.659285932779,0,658.390178024769,0,239.007667332888,0,0,0,25.4259344339371,0,269.533842563629,0,0,0,392.961135447025,0,1977.76065325737,0,0,7.69138848781586,6.22599910199642,0.647444367408752,105.42609038204,2.12774130702019,19.538524210453,0.802148997783661,124.438481785357,0.829531371593475,2493.10748794675,0,144.290329128504,0,0,0,0,0,125.231498152018,0,7.15859511494637,0,0,0,0,917.53454503417,0,258.601152434945,0,286.942981481552,0,259.560821726918,0,90.955178052187,0,4.38855247199535,1.93511807918549,0,0,73.1098223924637,0,387.693757109344,1.03563821315765,13581.9500211477,0.320369847118855,1700.67519211024,71.6011960357428,396.607015371323,57.841617718339,0
0.270940124988556,0,0,0,0.476055905222893,0,0,0,33.5343667119741,0,433.739263534546,0,0,0,0,0,17.8911634534597,2.96575999259949,127.526907458901,0,43.2010879516602,0,438.525696724653,0,170.057410359383,0,0,0,31.4093542098999,0,51.3363318443298,0,0,30.3929552435875,744.060177713633,0.727119415998459,1149.15272358805,7.69138848781586,0,0.539983108639717,13.740009650588,1.80080832540989,602.566287010908,0.757088184356689,48.8524150252342,1.76063202321529,210.350832894444,1723.99459722638,299.852837517858,1.35800039768219,0,0,0,0,24.4662960469723,0,84.1045937761664,0,0,0,0,0,0.837071195244789,47.0170998945832,0,267.105440020561,0,260.752606615424,0,40.0879683792591,0,18.3733552247286,0.418685331940651,86.0141341537237,0,0,0,292.550617799163,3.57863613963127,649.717860363424,0.609051361680031,12660.1826978922,1741.76303783804,134.419904664159,279.398170731962,0,39.5294278264046
0,0,0,0.512611985206604,0,5.86162959039211,0,0,0,0,0,0,0,0,0,0,12.0671659708023,13.7666523605585,252.996977642179,0,0,0,0,0.211171329021454,0,0,0,0,0,0,0,0,0,0,0,26.1436975598335,0,6.22599910199642,0.539983108639717,0,0.875446073710918,1136.74976743758,7.9497534558177,6.47129908204079,2.6144902408123,785.120051629841,0.316745281219482,3.62690830230713,1.67279779911041,562.879072070122,0,1.37895900011063,0,0,0,0,0,0.844747647643089,0,0.123043455183506,0,0,37.2360451519489,0,0,0,0,0,0.21909773349762,0,4.05335998535156,0,33.0680664479733,0.28117373585701,0,0,0,0,270.775257281959,6.78460589051247,56.1995967030525,6.56893576681614,230.091078981757,25.6825202405453,906.802484132349,25.5982654392719,0.115034453570843
0,0,0,0,5.5133842676878,0,0,0,0,0,0,0,0,0,0,0,48.609218083322,24.8407800793648,351.049929395318,0,0,0,0,0,0,0,0,0,0,0,0,0,0,0,0,2.34450189769268,10.5079904198647,0.647444367408752,13.740009650588,0.875446073710918,0,10.7153788283467,1895.66324023902,0,24.1938855201006,5.00520867109299,648.151523165405,10.0276399850845,1148.23207248747,39.3671826124191,0,0,0,0,0,0,5.71204428374767,0,0,0,0,0,0.560923755168915,96.9396802186966,0,0,0,0,0,0,0,4.51785671710968,0.157534629106522,11.9898649603128,0,0,0,0,15.5277977362275,703.37919934839,0.282618761062622,71.0921551138163,407.138201594353,47.6067621409893,808.355735316873,1.55173696577549,24.3167801648378
0,6.82432441413403,0.425833106040955,30.5563756376505,0,19.7905493825674,0,0,0,15.9299903512001,0,0,0,0,0,0,27.1689196527004,59.5539906769991,902.838258989155,1.00063320994377,0,3.87628717720509,0,4.67975920438766,0,1.09054493904114,0,0,0,0,0,0,0,0,0,243.579960368574,2.46793565154076,105.42609038204,1.80080832540989,1136.74976743758,10.7153788283467,0,241.45071207732,25.1939677894115,2.09994770586491,478.911688677967,1.68471482396126,25.4986188709736,0.735512629151344,519.014848351479,0,1.44710114598274,0,0,0,0,0,712.729439228773,0,6.88276001811028,0,0,533.498088032007,0,5.71365922689438,0,1.1681102514267,0,33.5220498144627,0,522.007853940129,0,1151.44110476971,1.81291292607784,0,0,0,0,2325.89170847088,32.6189382225275,910.698847591877,13.1425669342279,1320.3645753935,39.4051371142268,2761.98033770919,819.120986878872,0.356535077095032
9.247214153409,0,7.98658555746078,0,9.00097689032555,0,0,0,0.855059608817101,0,0,0,0,0,0,0,163.324585273862,39.4587246030569,1393.66405622661,0,0.3790243268013,0,0.497251570224762,0,0,0,0,0,0,0,0,0,0,0,4.26921844482422,5.03550404310226,124.697135426104,2.12774130702019,602.566287010908,7.9497534558177,1895.66324023902,241.45071207732,0,0,48.7131908982992,12.5083489567041,346.453008785844,515.086979687214,1113.58074399829,0,0.364763274788857,0,0,0,0,0,124.967522963881,0,0,0,0,0,2.93635009229183,386.096214026213,0,0,0,0,0,0,0,355.637680366635,1.96001291275024,688.856164589524,0,0,0,0,49.4119999930263,3167.53047415614,4.0621657371521,1002.58443333954,2441.37910987437,98.382811896503,5180.67746831477,6.05675292015076,923.357429414988
0,0,0,1.51544952392578,0,0,0,0,0,0,0,0,0,0,0,0,0,2.08184695243835,39.0094168782234,0,0,0,0,0,0,0,0,0,0,0,0,0,0,0,0,41.1968538463116,0,19.538524210453,0.757088184356689,6.47129908204079,0,25.1939677894115,0,0,0,9.89562280476093,0,0,0,0,0,0,0,0,0,0,0,0.520797252655029,0,0,0,0,4.81889402866364,0,0,0,0,0,0,0,0,0,3.5457136631012,0,0,0,0,0,80.9418045282364,0.881201714277267,26.4134613573551,0.811209097504616,11.564115151763,0,47.0202188193798,0,0
0,0,0,0,0,0,0,0,0,0,0,0,0,0,0,0,0.281850665807724,0,41.7468617260456,0,0,0,0,0,0,0,0,0,0,0,0,0,0,0,0,0.146384462714195,12.4001134634018,0.802148997783661,48.8524150252342,2.6144902408123,24.1938855201006,2.09994770586491,48.7131908982992,0,0,1.90236677229404,2.65714940428734,0,12.9955324083567,0,0,0,0,0,0,0,0.650807321071625,0,0,0,0,0,0.220037817955017,0,0,0,0,0,0,0,0,12.9366955757141,0.85672914981842,42.1317844092846,0,0,0,0,6.39791337400675,82.9899333417416,1.03095376491547,176.668377026916,28.4428877383471,0.547657340764999,85.5689485669136,0,2.99504339694977
0,0,0,32.2551084905863,0.133178174495697,124.53318567574,0,0,0,0.631298527121544,0,0,0,0,0,0,29.395375713706,26.6583154648542,513.369681298733,8.06572435796261,0,1.0486191213131,0,10.0938318669796,0,0,0,0,0,0,0,0,0,0,0,332.040517941117,1.62594144046307,124.438481785357,1.76063202321529,785.120051629841,5.00520867109299,478.911688677967,12.5083489567041,9.89562280476093,1.90236677229404,0,1.96546693146229,25.9906008690596,2.58034928143024,308.683155342937,0,5.76678636670113,0,0,0,0,0,31.4402144253254,0,0.242918789386749,0,0,2537.44784106314,0,0.18988248705864,0,0.641493380069733,0,3.35540124773979,0,53.3361560404301,0,247.401144132018,0,0,0,0,0,1650.56447970122,19.4904198646545,464.336590327322,5.43627841770649,793.442325651646,51.4704281836748,1133.34933144599,61.06694047153,0.608070552349091
0,0,62.7135962545872,0,35.6985505670309,0,0,0,7.54722306132317,0,0.746135532855988,0,0,0,0,0,5.12543050944805,4.86144503951073,40.3171909600496,0,40.8370554447174,0,0,0,0,0,0,0,0,0,0,0,0,0,0,0.231453567743301,312.877146221697,0.829531371593475,210.350832894444,0.316745281219482,648.151523165405,1.68471482396126,346.453008785844,0,2.65714940428734,1.96546693146229,0,5.91305166482925,169.353476524353,17.9097361564636,6.74119934439659,0,0,0,0,0,133.190648630261,0,0.888283312320709,0,0,0,0.788305692374706,1114.64236622304,0,0,0,0,0,0,1.01164698600769,84.6625264883041,0,266.216255217791,0,0,0,0,3.68598300218582,1930.9407402277,0.219736561179161,600.247488446534,527.918208047748,23.2609382271767,916.204126387835,0.204115763306618,85.3260199278593
8.16056299209595,0,0.809792026877403,0,0,0,0,0,0,0,0,0,0,0,0,0,0,0,0.160322234034538,0,0,20.6016993224621,0.777596205472946,1.20139846205711,0,0,0,0,0,0,0,463.308685898781,703.206685349345,2704.37112423778,5542.89968597889,0.612191781401634,6.19669656455517,2493.10748794675,1723.99459722638,3.62690830230713,10.0276399850845,25.4986188709736,515.086979687214,0,0,25.9906008690596,5.91305166482925,0,932.960141018033,3148.31703990698,0,0,0,0,0,0,0,0.262591153383255,0,0,0,0,2.39609885215759,0,1.94738610088825,0,12.6901988983154,0,0,0,0,0.552236080169678,0,0,473.206778988242,533.407190382481,941.395163342357,1022.31254723668,1248.54875554144,30.8966244757175,711.917924255133,165.614360511303,1432.3401824832,13.7188888192177,899.519328594208,0,8.75886102020741
239.609254837036,0,52.9461140632629,0,12.7391647398472,0,0,0,0.5117467045784,0,0,0,0,0,0,0,7.38375276327133,1.20585714280605,102.613284870982,0,0,0,432.397859066725,0,0,0,0,0,0,0,0,2.53956079483032,0,0,1.12030270695686,0,61.2767236456275,0,299.852837517858,1.67279779911041,1148.23207248747,0.735512629151344,1113.58074399829,0,12.9955324083567,2.58034928143024,169.353476524353,932.960141018033,0,62.9666451215744,4.31716288626194,0,0,0,3.91241249442101,0,18.0587851703167,0,0,0,1,0,0,30.015503898263,0,597.486159265041,0,0,0,84.5946210026741,0,114.851014181972,0,123.622864991426,0,9.19979393482208,0,1.90316420793533,0.197398871183395,357.180544659495,0,479.307530723512,344.73464718461,7.32128466665745,1253.75968036056,0.394771948456764,110.596764266491
0,6.75361704826355,0,32.0064105391502,0,9.96867892146111,0,0,0,0,0,0,0,0,0,0,0,0,3.20377987623215,0,0,790.104846954346,0,0,0,0,0,0,0,0,0,0,0,44.9128674864769,0,6.71714325249195,0,144.290329128504,1.35800039768219,562.879072070122,39.3671826124191,519.014848351479,0,0,0,308.683155342937,17.9097361564636,3148.31703990698,62.9666451215744,0,0,0,0,0,0,0,0,68.0253033190966,0,11.5965514183044,0,0.676829218864441,14.8180240988731,0.24451407790184,307.436475172639,0,1.36295020580292,0,67.4521712362766,0,27.345801115036,0,37.6697892695665,2.61349177360535,0.903868168592453,0,3.38835510611534,0,708.118044599891,10.7466887235641,653.305400505662,0,106.134928777814,0,712.33636765182,2.56956565380096,0
4.50007095932961,0,2.54776334762573,0,393.576889425516,0,3.36481016874313,0,0.330812931060791,0,0,0,0,0,0,0,0,0,0,0,4.00288319587708,0,0,0,0,0,0,0,0,0,0,0,0,0,0,0,0.188457861542702,0,0,0,0,0,0.364763274788857,0,0,0,6.74119934439659,0,4.31716288626194,0,0,0,25.1339550614357,0,5.90913307666779,0,49.6592349410057,0,0,0,0,0,0,2.28794598579407,0,0,0,0,0,0,0,0,0,0.899275541305542,0,0,0,0,0,1.02853834629059,0,0,7.30318632721901,0,65.379571929574,0,0
0,0,0,36.0228713154793,0,309.277554005384,0,1.69323271512985,0,0,0,0,0,0,0,15.0876203775406,0,0,0,0,0,0,0,0,0,0,0,0,0,0,0,0,0,0,0,0,0,0,0,1.37895900011063,0,1.44710114598274,0,0,0,5.76678636670113,0,0,0,0,0,0,0,0,0,0,0,48.9825502038002,0,3.08773589134216,0,34.9855929613113,44.683591812849,0,0,0,0,0,0,0,0,0,0,0,0,0,0,0,0,0,0.531146168708801,0,28.9251630306244,0,151.081877157092,0,0
0,0,0,0,0.588099360466003,0,210.042617440224,0,0,0,0,0,0,0,0,0,0,0,0,0,9.99619126319885,0,0,0,0,0,0,0,0,0,0,0,0,0,0,0,0,0,0,0,0,0,0,0,0,0,0,0,0,0,25.1339550614357,0,0,0,0,0,0,0,80.5484719872475,0,0,0,0,0,0,0,0,0,0,0,0,0,0,0,0,0,0,0,0,0,0,0,8.29717993736267,0,0,0,0
0,0,0,0,0,2,0,58.928838133812,0,0,0,2.46766722202301,0,0,0,0,0,0,0,0,0,0,0,0,0,0,0,0,0,0,0,0,0,0,0,0,0,0,0,0,0,0,0,0,0,0,0,0,0,0,0,0,0,0,0,0,0,36.5841209292412,0,0,0,0,0,0,0,0,0,0,0,0,0,0,0,0,0,0,0,0,0,0,0,0,0,0,0,0,0
400.590933054686,0,3.70775601267815,0,28.9576258659363,0,0,0,415.067305266857,0,0,0,0,0,0,0,7.63854250311852,0,0,0,0,0,0,0,9.57073186337948,0,13.0318427681923,0,0,0,0,0,0,0,0,0,0,0,24.4662960469723,0,0,0,0,0,0,0,0,0,3.91241249442101,0,5.90913307666779,0,0,0,0,0,18.7730528712273,0,0,0,4.59458680450916,0,0,0,0,0,0,268.914684459567,0,0,0,0,0,0,0,0,0,0,0,0,0,219.777300640941,16.1134683340788,0,5.85873824357986,0,0
0,640.908310413361,0,35.9967787861824,0,36.6322723031044,0,0,0,603.199203714728,0,0,0,0,0,35.7076723575592,0,0,0,0,0,0,0,162.992479264736,0,0,0,0,0,0,0,0,0,0,0,0,0,125.231498152018,0,0,0,0,0,0,0,0,0,0,0,0,0,0,0,0,0,0,0,0,0,0,0,298.000671178102,0,0,0,0,231.876131981611,0,0,0,0,0,0,0,0,0,0,0,0,0,93.0119316577911,0,15.1514854431152,0,1.09265685081482,0,0
0.884130597114563,0,34.2390041947365,0,1.74739757180214,0,0.905560195446014,0,0,0,584.654047966003,0,0,0,0,0,0,0,4.10916969180107,0,291.181467443705,0,1.02989113330841,0,0,0,0,0,0,0,3.73837864398956,0,0,0,0,0,2.70880392193794,0,84.1045937761664,0,5.71204428374767,0,124.967522963881,0,0.650807321071625,0,133.190648630261,0,18.0587851703167,0,49.6592349410057,0,0,0,18.7730528712273,0,0,0,165.405653625727,0,19.8439272642136,0,0,633.776082500815,0,0,0,0,0,6.15486806631088,0,339.624663129449,0,298.890630334616,0,0,0,0,0,71.8871323615313,0,43.5346686542034,19.2855747193098,0.344850286841393,200.202668771148,0,15.5085159540176
0,33.9239657819271,0,102.89224357903,0,1.77779413759708,0,0,0,0.26811408996582,0,1701.58514547348,0,0,0,0,0.224168315529823,0.174360081553459,11.905840754509,844.727405443788,0,10.1444524228573,0,2.77715507149696,0,1.99051737785339,0,8.431122392416,0,39.2515999674797,0,0,0,0,0,0.327924251556396,0,7.15859511494637,0,0.844747647643089,0,712.729439228773,0,0.520797252655029,0,31.4402144253254,0,0.262591153383255,0,68.0253033190966,0,48.9825502038002,0,36.5841209292412,0,0,0,0,0,283.318816259503,0,25.0615212619305,989.520612575114,0,6.1765703856945,0,0.368940144777298,0,74.9183211922646,0,352.064046651125,0,330.021656379104,0,0,0,0,0,10.4918569773436,0,58.3832750469446,0,72.0820302963257,0,697.062726557255,26.7166669368744,0
0,0,0,0,9.91313874721527,0,15.5218330621719,0,0,0,4.36929965019226,0,81.6151844859123,0,0,0,0,0,0,0,0.666978538036346,0,0,0,0,0,0.494670331478119,0,0,0,0,0,0,0,0,0,0.200172990560532,0,0,0,0,0,0,0,0,0,0.888283312320709,0,0,0,0,0,80.5484719872475,0,0,0,165.405653625727,0,0,0,6.67703342437744,0,0,3.77483785152435,0,0,0,0,0,9.55049204826355,0,154.935617357492,0,0,0,0,0,0,0,1.13556142151356,0,0,0,0,0,0,0
0,9.06213286519051,0,8.51945674419403,0,0,0,0,0,0,0,8,0,143.579391807318,0,0,0,0,0,0,0,5.81061300635338,0,2.22608895599842,0,2.20164074003696,0,0,0,0,0,0,0,0,0,0,0,0,0,0.123043455183506,0,6.88276001811028,0,0,0,0.242918789386749,0,0,0,11.5965514183044,0,3.08773589134216,0,0,0,0,0,283.318816259503,0,0,0,51.4736756086349,44.8660113960505,0,4.01721708476543,0,0.340312242507935,0,168.11277359724,0,102.177094221115,0,0,0,0,0,0,0,0.815124481916428,0,0,0,2.28068700432777,0,30.7912161648273,0,0
3.12463623285294,0,0.981943905353546,0,0,0,0,0,10.3987310230732,0,0,0,0,0,75.0503624677658,0,120.568181544542,4.58338648080826,0.953591167926788,0,0,0,0,0,0,0,16.0410811901093,0,0,0,0,0,0,0,0,0,0,0,0,0,0,0,0,0,0,0,0,0,1,0,0,0,0,0,4.59458680450916,0,19.8439272642136,0,6.67703342437744,0,0,0,0,0,0,0,0,18.4095366001129,0,42.5994042158127,0,0,0,0,0,0,0,0,0,0,0,0,85.1368732601404,7.24130421876907,2.62116223573685,0,0
0,9.08155333995819,0,7.93498659133911,0,27.1540101766586,0,0,0,19.3516579568386,0,0,0,0,0,64.4038307666779,0,1.05646443367004,0,0,0,0,0,36.4972676038742,0,3.07456344366074,0,0,0,0,0,0,0,0,0,0,0,0,0,0,0,0,0,0,0,0,0,0,0,0.676829218864441,0,34.9855929613113,0,0,0,298.000671178102,0,25.0615212619305,0,51.4736756086349,0,0,0,0,0,0,26.9768910109997,0,53.3595963865519,0,0.783813565969467,0,0,0,0,0,0,0,0,0,0,0,1.64669907093048,1.1401632130146,12.953318208456,0,0
0,0,0,1.16474625468254,0,519.888736903667,0,0,0,0,0,0.22242246568203,0,0,0.525012910366058,0,11.4166751205921,8.8672896027565,128.312637083232,1268.81109759212,0,12.1261516436934,0,0,0,1.26645781099796,0,0,0,0,0,0,0,0,0,603.791175812483,1.20127177238464,917.53454503417,0.837071195244789,37.2360451519489,0.560923755168915,533.498088032007,2.93635009229183,4.81889402866364,0.220037817955017,2537.44784106314,0.788305692374706,2.39609885215759,0,14.8180240988731,0,44.683591812849,0,0,0,0,0,989.520612575114,0,44.8660113960505,0,0,0,0,8.44402256608009,0,0,0,66.9962644577026,0,401.296117961407,0,1000.13218565285,0,0,0,0,0,1894.27019830048,4.90498259663582,1134.72444941103,0.436699002981186,383.353155761957,16.5727608948946,405.983665548265,19.7045501470566,1.8876451253891
0.417699873447418,0,0.380322128534317,0,75.5082446336746,0,0,0,0,0,53.6635861098766,0,0,0,0,0,0.430169865489006,0.548386096954346,3.72125655412674,0,1130.59594742954,0,0,0,0,0,0,0,0,0,0,0,0,0,0,0.203952312469482,114.570572532713,0,47.0170998945832,0,96.9396802186966,0,386.096214026213,0,0,0,1114.64236622304,0,30.015503898263,0.24451407790184,2.28794598579407,0,0,0,0,0,633.776082500815,0,3.77483785152435,0,0,0,0,0,0,0,0,0,0,0,0,38.9662013724446,0,472.623497337103,0,0,0,0,0,3360.68251807243,0,967.712101355195,589.675476044416,3.97345048189163,747.552355252206,0,68.9309083819389
0,0,0,0,0,0,0,0,0,0,0,0,0,0,0,0,0,0,0.851375356316566,0,0,4372.16896809638,0,25.0363355875015,0,2.44098335504532,0,137.776806235313,0,0,0,0,0,0,0,0,0,258.601152434945,0,0,0,5.71365922689438,0,0,0,0.18988248705864,0,1.94738610088825,0,307.436475172639,0,0,0,0,0,0,0,6.1765703856945,0,4.01721708476543,0,0,8.44402256608009,0,0,0,55.2271603345871,0,351.473522171378,0,486.129748702049,0,0,0,0,0,0,0,0,0,59.1183219254017,0,288.876127362251,52.256962120533,3.25743898749352,0,0
0,0,0,0,0,0,0,0,0,0,0,0,0,0,0,0,24.1329010128975,0,0,0,0,0,5889.69146209955,0,308.440164744854,0,9.12191292643547,0,61.5932269096375,0,0,0,0,0,0,0,0,0,267.105440020561,0,0,0,0,0,0,0,0,0,597.486159265041,0,0,0,0,0,0,0,0,0,0,0,0,0,0,0,0,0,0,85.5745703279972,0,354.886475384235,0,382.241641819477,0,0,0,0,0,0,0,0,0,182.23949021101,262.998755410314,101.958472311497,0,0,0
0,11.4484407305717,0,0,0,0,0,0,0,124.219803631306,0,0,0,0,0,0.763734340667725,0,0,0,0,0,78.8442333638668,0,1075.6172913909,0,24.133319735527,0,0,0,0,0,0,0,0,0,0,0,286.942981481552,0,0,0,1.1681102514267,0,0,0,0.641493380069733,0,12.6901988983154,0,1.36295020580292,0,0,0,0,0,231.876131981611,0,0.368940144777298,0,0.340312242507935,0,26.9768910109997,0,0,55.2271603345871,0,0,0,8.57670447230339,0,9.51966878771782,0,1.90509867668152,0,0,0,0,0,0,0,546.239419549704,0,167.389748498797,0.469117373228073,80.367708787322,0.681249171495438,0
0,0,0,0,0,0,0,0,9.6120363175869,0,0,0,0,0,0,0,0,0,0,0,0,0,30.9096464216709,0,805.629327312112,0,18.7702342271805,0,0,0,0,0,0,0,0,0,0,0,260.752606615424,0,0,0,0,0,0,0,0,0,0,0,0,0,0,0,268.914684459567,0,0,0,0,0,18.4095366001129,0,0,0,0,85.5745703279972,0,0,0,24.1085756719112,0,0,0,0,0,0,0,0,0,0,0,357.917176157236,1.810666680336,0,39.2740651667118,0,0
0,0,0,0,0,0.318718135356903,0,0,0,56.7508674263954,0,0,0,29.3680443763733,0,0,0,59.5150975584984,1.96751938760281,0,0,561.862475082278,0,404.695963352919,0,1118.30836197734,0,53.7065117359161,0,0,0,0,0,0,0,0,0,259.560821726918,0,0.21909773349762,0,33.5220498144627,0,0,0,3.35540124773979,0,0,0,67.4521712362766,0,0,0,0,0,0,0,74.9183211922646,0,168.11277359724,0,53.3595963865519,66.9962644577026,0,351.473522171378,0,8.57670447230339,0,0,0,918.53182990849,0,0.331648021936417,0,0,0,0,0,1.70075967907906,0,22.894956022501,0,74.5850468277931,1.0380961894989,16.8525328040123,3.39875543117523,0
0,0,0,0,0,0,0,0,0,0,0,0,0,0,1.31148254871368,0,5.27824854850769,0,0,0,0,0,462.5670671314,0,37.4582669138908,0,320.540077716112,0,36.7039334177971,0,0,0,0,0,0,0,0,0,40.0879683792591,0,0,0,0,0,0,0,0,0,84.5946210026741,0,0,0,0,0,0,0,6.15486806631088,0,9.55049204826355,0,42.5994042158127,0,0,0,0,354.886475384235,0,24.1085756719112,0,0,0,984.947629332542,0,0,0,0,0,0,0,0,0,2.74701657891273,8.0473780632019,0,0,0,0
0,0,0,1.07643301784992,0,1.66721273958683,0,0,0,0,0,38.5591402053833,0,136.543418288231,0,0,0.145483657717705,2.04510670900345,40.8173888325691,0.225191161036491,0,289.25289785862,0,11.981756478548,0,60.1256212741137,0,1127.93505445123,0,1.50726635754108,0,0,0,0,0,1.63752199709415,0,90.955178052187,0,4.05335998535156,0,522.007853940129,0,0,0,53.3361560404301,1.01164698600769,0,0,27.345801115036,0,0,0,0,0,0,0,352.064046651125,0,102.177094221115,0,0.783813565969467,401.296117961407,0,486.129748702049,0,9.51966878771782,0,918.53182990849,0,0,0,189.70706230402,0,0,0,0,0,24.9639951884747,0,42.6444399952888,0,116.518857181072,3.34827634692192,236.719567373395,80.4226839840412,0
0,0,3.0440918803215,0,0.378880321979523,0,0,0,0,0,15.7478783130646,0,2.45206451416016,0,0,0,0.344615191221237,0,18.6888792365789,0,0,0,349.783600956202,0,0,0,82.7894357740879,0,743.440358906984,0,148.772981375456,0,0,0,0,0,6.77301806211472,0,18.3733552247286,0,4.51785671710968,0,355.637680366635,0,12.9366955757141,0,84.6625264883041,0.552236080169678,114.851014181972,0,0,0,0,0,0,0,339.624663129449,0,154.935617357492,0,0,0,0,38.9662013724446,0,382.241641819477,0,0,0,984.947629332542,0,0,0,367.084464609623,0,0,0,0,0,26.3382261767983,0,10.4043164551258,22.4292371273041,0.62839612364769,631.084797903895,0,59.0034270584583
0,0,0,2.07856550812721,0,4.46080353856087,0,0,0,0,0,259.760618150234,0,0,0,0.22530572116375,4.42113830149174,4.58243368566036,303.782637745142,8.56173998117447,0,0,0,0,0,0,0,37.6890447735786,0,736.338453769684,0,0,0,0,0,10.1490439921618,0,4.38855247199535,0.418685331940651,33.0680664479733,0.157534629106522,1151.44110476971,1.96001291275024,3.5457136631012,0.85672914981842,247.401144132018,0,0,0,37.6697892695665,0,0,0,0,0,0,0,330.021656379104,0,0,0,0,1000.13218565285,0,0,0,1.90509867668152,0,0.331648021936417,0,189.70706230402,0,0,0,0,0,0,0,67.3684683442116,2.01519913971424,342.445757389069,0.740603148937225,116.05648637563,1.6155980527401,580.863796159625,278.794148311019,0
0,0,6.07124704122543,0,1.52710166573524,0,0,0,0.985476136207581,0,26.0500541329384,0,0,0,0,0,12.0896110087633,1.15750575065613,99.8588714897633,0,1.09267210960388,0,0,0,0,0,0,0,4.37560349702835,0,68.4314317107201,0,0,0,0,0,10.0994798839092,1.93511807918549,86.0141341537237,0.28117373585701,11.9898649603128,1.81291292607784,688.856164589524,0,42.1317844092846,0,266.216255217791,0,123.622864991426,2.61349177360535,0.899275541305542,0,0,0,0,0,298.890630334616,0,0,0,0,0,0,472.623497337103,0,0,0,0,0,0,0,367.084464609623,0,0,0,0,0,0,0.2633937895298,135.985250718892,0,120.305874869227,63.0044120922685,16.470731779933,610.322092309594,0,150.339839369059
0,0,0,0,0,0,0,0,0,0,0,0,0,0,0,0,0,0,0,0,0,0,0,0,0,0,0,0,0,0,0,935.487098097801,246.72506710887,4.37679916620255,0,69.7895864844322,0,0,0,0,0,0,0,0,0,0,0,473.206778988242,0,0.903868168592453,0,0,0,0,0,0,0,0,0,0,0,0,0,0,0,0,0,0,0,0,0,0,0,0,0,65.7930919528008,209.073740035295,0,552.756573155522,0.470765024423599,0,0,634.345063835382,0,0,0,0
0,0,0,0,0,0,0,0,0,0,0,0,0,0,0,0,0,0,0,0,0,0,0,0,0,0,0,0,0,0,0,45.2175229787827,5397.18921346962,0,50.2033460140228,0,60.031287997961,0,0,0,0,0,0,0,0,0,0,533.407190382481,9.19979393482208,0,0,0,0,0,0,0,0,0,0,0,0,0,0,0,0,0,0,0,0,0,0,0,0,0,65.7930919528008,0,2.50609159469604,179.682003960013,31.3121538311243,247.732750326395,0,0,212.929579362273,0,0,0,0
0,0,0,0,0,0,0,0,0,0,0,0,0,0,0,0,0,0,0,0,0,0,0,0,0,0,0,0,0,0,0,75.2225723862648,14.8844159841537,2582.95009934902,7.7484712600708,185.97356814146,0,73.1098223924637,0,0,0,0,0,0,0,0,0,941.395163342357,0,3.38835510611534,0,0,0,0,0,0,0,0,0,0,0,0,0,0,0,0,0,0,0,0,0,0,0,0,209.073740035295,2.50609159469604,0,6.34006661176682,304.659888893366,0,201.578465253115,0,112.166008740664,0,0,0,0
0,0,0,0,0,0,0,0,0,0,0,0,0,0,0,0,0,0,0,0,0,0,0,0,0,0,0,0,0,0,0,0,270.913526445627,40.9113990664482,4445.30531002581,0,822.516812264919,0,292.550617799163,0,0,0,0,0,0,0,0,1022.31254723668,1.90316420793533,0,0,0,0,0,0,0,0,0,0,0,0,0,0,0,0,0,0,0,0,0,0,0,0,0,0,179.682003960013,6.34006661176682,0,0,300.190929368138,0,552.245646268129,479.387600436807,0,0,0,0
