0,0,99.6307364702225,0,0.572630375623703,0,0,0,557.750133693218,0,0,0,0,0,0,0,3.76875579357147,0,22.2615766450763,0,0,0,0,0,0,0,0,0,0,0,0,0,0,0,0,0,0,0,222.297787860036,0,4.36901530623436,0.615878462791443,165.600976616144,0,0.783041648566723,0,7.5908188149333,0.737764358520508,3.13285844027996,0,0,0,0,0,691.38547553122,0,9.80332274734974,0,0.724890351295471,0,22.4076207429171,0,0,0,0,0,0,0,0,0,0,0,0,1.35037040710449,0,0,0,0,0,0,0,20.2737162709236,1310.8934783712,13.917750954628,997.112931415439,0,0.116324432194233
0,0,0,89.2465407401323,0,0,0,0,0,673.076511591673,0,0,0,0,0,0,0,0,0,0,0,0,0,0,0,0,0,0,0,0,0,0,0,0,0,0,0,0,0,0,0,18.7457347512245,0,4.13193142414093,0,0,0,0,0,118.023331820965,0,0,0,0,0,571.438716724515,0,0,0,10.3476794362068,0,301.45827499032,0,0,0,0,88.3682932853699,0,0,0,0,0,0,0,0,0,0,0,0,0,0,0,337.253438532352,60.5678292363882,578.999992251396,0,0
99.6307364702225,0,0,0,69.6993916332722,0,0,0,375.414245277643,0,0,0,0,0,0,0,0,0,56.2442311123013,0,2.2392897605896,0,0,0,0,0,0,0,0,0,0,0,0,0,0,0.226948767900467,13.1939354538918,0,12.3338423371315,0,61.462450273335,0,131.591610699892,0,4.36043893545866,0,213.774277806282,0,38.1445105075836,0,74.7203150689602,0,0,0,9.99847562611103,0,13.8425759226084,0,106.602141208947,0,25.5951662808657,0,0,47.4816675633192,0,0,0,0,0,0,0,0,0,0.197521775960922,0,0,0,0,0,105.289276763797,0,0,368.857129864395,4.53717821836472,1185.69512646645,0,0
0,89.2465407401323,0,0,0,0,0,0,0,14.2633549571037,0,0,0,0,0,0,0,0,0,0,0,0,0,0,0,0,0,0,0,0,0,0,0,0,0,0,0,0,0,0,0,0,0,0,0,0,0,0,0,580.113743573427,0,0,0,0,0,179.226522952318,0,0,0,16.0474828481674,0,282.993883371353,0,0,0,0,0,0,0,0,0,0,0,0,0,0,0,0,0,0,0,0,80.573767632246,0,0,0,0
0.572630375623703,0,69.6993916332722,0,0,0,0,0,1.24187885224819,0,0,0,0,0,0,0,0,0,0,0,0.530401706695557,0,0,0,0,0,0,0,0,0,0,0,0,0,0,0,1.33781079947948,0,0,0,0,0,0,0,0,0,0.289847493171692,0,0,0,369.735677808523,0,47.9669252634048,0,55.225705832243,0,1.41945958137512,0,97.1759867370129,0,0,0,0,1.9553170055151,0,0,0,0,0,0,0,0,0,0,0,0,0,0,0,3.56719858944416,0,0,179.081725597382,108.841333180666,101.026284202933,0,0
0,0,0,0,0,0,0,0,0,10.8897414803505,0,0,0,0,0,13.8188551664352,0,0,0,0,0,0,0,0,0,0,0,0,0,0,0,0,0,0,0,0,0,0,0,0,0,0,0,0,0,0,0,0,0,0,0,140.443021953106,0,13.5299102663994,0,0,0,0,0,0,0,15.8487182855606,0,0,0,0,0,0,0,0,0,0,0,0,0,0,0,0,0,0,0,0,2728.3521348834,219.579578608274,0,0,0
0,0,0,0,0,0,0,0,0,0,0,0,0,0,0,0,0,0,0,0,0,0,0,0,0,0,0,0,0,0,0,0,0,0,0,0,0,0,0,0,0,0,0,0,0,0,0,0,0,0,12.6041374504566,0,685.987957984209,0,0,0,444.496348023415,0,17.4512795209885,0,0,0,0,0,0,0,0,0,0,0,0,0,0,0,0,0,0,0,0,0,0,0,0,0,0,0,0
0,0,0,0,0,0,0,0,0,0,0,3.0896954536438,0,3.04062700271606,0,0,0,0,0,0,0,0,0,0,0,0,0,0,0,0,0,0,0,0,0,0,0,0,0,0,0,0,0,0,0,0,0,0,0,0,0,221.086533069611,0,1216.879999578,0,0,0,16.021829277277,0,167.835766077042,0,0,0,0,0,0,0,0,0,0,0,0,0,0,0,0,0,0,0,0,0,0,1.17074334621429,14.8768470585346,0,0,0
557.750133693218,0,375.414245277643,0,1.24187885224819,0,0,0,0,0,0,0,0,0,0,0,247.627588778734,0,276.503240182996,0,0,0,0,0,0,0,0,0,0,0,0,0,0,0,0,0,0,0,9.53915482759476,0,2.73102200031281,0,109.144154794514,0,0,0,2.44600124657154,0,1.53540235757828,0,0,0,0,0,266.394054397941,0,0,0,0,0,0.671666264533997,0,0,0,0,0,0,0,0,0,0,0,0,0,0,0,0,0,0,0,0,0.264570295810699,1169.69550205767,480.578555196524,95.1255518496037,0,0
0,673.076511591673,0,14.2633549571037,0,10.8897414803505,0,0,0,0,0,0,0,0,0,9.82072398066521,0,26.4431258440018,1.64743441343307,0,0,0,0,3.12087821960449,0,0,0,1.21075659990311,0,0,0,0,0,0,0,0,0,0,0,0,0,3.94863432645798,0,0,0,0,0,0,0,3.41981589794159,0,0,0,0,0,141.757193893194,0,0,0,0,0,58.9044926166534,0,0,0,0,41.8014223575592,0,0,0,0,0,0,0,0,0,0,0,0,0,0,0,1516.81871241331,794.563479721546,27.8573788106441,0,0
0,0,0,0,0,0,0,0,0,0,0,0,0,0,0,0,0,0,0,0,207.64383739233,0,0,0,0,0,0,0,0,0,60.3122239112854,0,0,0,0,0,0,0,467.145899176598,0,0,0,0,0,0,0,0,0,0,0,0,0,0,0,0,0,90.282252073288,0,0,0,0,0,0,296.40610408783,0,0,0,0,0,0,0,0,0,104.93330937624,0,0,0,0,0,0,0,232.930109500885,0,0,2.23250579833984,0,0
0,0,0,0,0,0,0,3.0896954536438,0,0,0,0,0,9.11460244655609,0,0,0,0,0,189.228543400764,0,0,0,0,0,0,0,0,0,54.2474935054779,0,0,0,0,0,11.5789656639099,0,4062.36966794729,0,0,0,0,0,0,0,0,0,0,0,0,0,0,0,0,0,0,0,3467.94259980321,0,11.9507020115852,0,0,75.1496081352234,0,0,0,0,0,0,0,0,0,1184.4655559659,0,0,0,0,0,0,0,2.97886824607849,0,722.155999898911,1367.91724097729,45.3586323857307,0,0
0,0,0,0,0,0,0,0,0,0,0,0,0,0,0,0,0,0,0,0,0,0,0,0,0,0,0,0,0,0,0,0,0,0,0,0,0,0,0,0,0,0,0,0,0,0,0,0,0,0,0,0,0,0,0,0,118.50300693512,0,457.819256544113,0,0,0,0,0,0,0,0,0,0,0,0,0,0,0,0,0,0,0,0,0,0,0,375.100350439548,354.581896066666,0,0,0
0,0,0,0,0,0,0,3.04062700271606,0,0,0,9.11460244655609,0,0,0,5.26380634307861,0,6.5415965616703,0,0,0,0,0,0,0,0,0,172.64651286602,0,0,0,0,0,0,0,0,0,0,0,0,0,0,0,0,0,0,0,0,0,0,0,0,0,0,0,0,0,0,0,418.348640412092,0,0,0,0,0,0,0,0,0,0,0,0,0,0,0,0,0,0,0,0,0,0,1403.73183956742,8020.96359211206,0,0,0
0,0,0,0,0,0,0,0,0,0,0,0,0,0,0,0,0,0,0,0,0,0,0,0,0,0,0,0,0,0,0,0,0,0,0,0,0,0,0,0,0,0,0,0,0,0,0,0,0,0,0,0,0,0,0,0,0,0,0,0,0,0,0,0,0,0,0,0,0,0,0,0,0,0,0,0,0,0,0,0,0,0,225.574083089828,1686.03175276518,0,0,0
0,0,0,0,0,13.8188551664352,0,0,0,9.82072398066521,0,0,0,5.26380634307861,0,0,0,680.419947430491,0,0,0,0,0,0,0,0,0,15.7650012969971,0,0,0,0,0,0,0,0,0,0,0,0,0,0,0,0,0,0,0,0,0,0,0,73.3695841729641,0,0,0,0,0,0,0,9.67901572585106,0,5.99913868308067,0,0,0,0,0,0,0,0,0,0,0,0,0,0,0,0,0,0,0,0,1582.81822143495,3807.9241579175,0,0,0
3.76875579357147,0,0,0,0,0,0,0,247.627588778734,0,0,0,0,0,0,0,0,4125.04988369346,2462.19900711626,0,0,0,531.185380458832,0,3.54820311069489,0,536.355311572552,0,413.243475079536,0,0,0,0,0,0,0,0,0,0,0,26.3206217363477,1.31067296862602,99.2973291799426,0.171567261219025,0.125295400619507,0,29.8315393477678,0,0,0,0,0,0,0,0,0,0,0,0.547607958316803,0,0,0,0,0,0,1.45426440238953,0,0,0,16.7278963327408,0,26.1018871068954,0,0,0,0,0,0,0,0.841138035058975,0,0,7778.36683416367,759.860781908035,71.2334241569042,0,11.6267165541649
0,0,0,0,0,0,0,0,0,26.4431258440018,0,0,0,6.5415965616703,0,680.419947430491,4125.04988369346,0,6172.26790735126,0,0,32.2817718982697,0,6.72086226940155,0,0.395952552556992,0,158.637445211411,0,0,0,0,0,0,0,0,0,0,0,0,0,0,0,0,0,0,0,0,0,0,0,0,0,0,0,0,0,0,0,0,0,119.008025765419,0,0,13.3667707443237,0,3.77447414398193,0,0,0,0,0,0,0,0,0,0,0,0,0,0,0,9975.69480682909,320.032198771834,0,0,0
22.2615766450763,0,56.2442311123013,0,0,0,0,0,276.503240182996,1.64743441343307,0,0,0,0,0,0,2462.19900711626,6172.26790735126,0,0,0,0,0,0,8.73577308654785,0,0,0,0,0,0,0,0,0,0,0,0,0,0.172397762537003,10.1001286059618,1907.06736084819,1825.79706136882,3615.76882911474,2072.52492865175,72.5420076549053,1318.26556019485,3476.8663976118,0,2.58881330490112,0,0,0,0,0,0,0,24.4688178040087,0,45.3724836185575,0,2.80531579256058,0,0,1.18451555073261,0,0,0,0,0,0,0,0,2.19596433639526,103.072354003787,0,0,0,0,0.339063942432404,66.9586841985583,0,136.698407515883,11255.1902651936,162.611705623567,6222.88459248841,68.8039929121733,770.928223654628
0,0,0,0,0,0,0,0,0,0,0,189.228543400764,0,0,0,0,0,0,0,0,0,0,0,0,0,0,0,0,0,0,0,0,0,0,0,1507.34387871623,0,77.9309911727905,0,0,0,0,0,0,0,0,0,0,0,0,0,0,0,0,0,0,0,778.259133249521,0,0,0,0,842.792086839676,0,0,0,0,0,0,0,0,0,4.44052439928055,0,0,0,0,0,5.20565938949585,0,0,0,289.333823442459,0,2.70090019702911,0,0
0,0,2.2392897605896,0,0.530401706695557,0,0,0,0,0,207.64383739233,0,0,0,0,0,0,0,0,0,0,0,0,0,0,0,0,0,0,0,0,0,0,0,0,0,44.2631653994322,0,1,0,0,0,0,0,0,0,0,0,0,0,0.825913816690445,0,0,0,0,0,1072.58641973138,0,0.852081760764122,0,0,0,0,1022.3354871124,0,0,0,0,0,0,0,0,0,0,0,0,0,0,0,41.6322686821222,0,4,230.643083184958,0,21.041231572628,0,0
0,0,0,0,0,0,0,0,0,0,0,0,0,0,0,0,0,32.2817718982697,0,0,0,0,2254.2832146585,77.8406135439873,9.43092632293701,0,0,0,0,0,0,0,0,0,0,0,0,1935.88051849604,0,0,0,0,0,0,0,0,0,0,0,68.487726777792,0,0,0,0,0,0,0,0,0,0,0,0,0,0,20958.0390514433,479.002503141761,23.6551347970963,0,0,0,0,0,0,0,0,0,0,0,0,0,425.789023309946,0,5713.80808699131,1591.16520816088,0,0,0
0,0,0,0,0,0,0,0,0,0,0,0,0,0,0,0,531.185380458832,0,0,0,0,2254.2832146585,0,0,123.401774227619,0,30.4757943153381,0,0,0,0,0,0,0,0,0,0,0,58.9064884483814,0,0,0,0,0,0,0,0,0,0,0,0,0,0,0,0,0,0,0,0,0,0,0,0,0,2981.33949962258,4251.62663834542,0,757.538344591856,0,0,0,275.886107206345,0,0,0,0,0,0,0,0,0,0,6823.79109430313,1758.41283549368,0,0,0
0,0,0,0,0,0,0,0,0,3.12087821960449,0,0,0,0,0,0,0,6.72086226940155,0,0,0,77.8406135439873,0,0,0,0,0,0,0,0,0,0,0,0.587597787380219,0,0,0,294.031838536263,0,0,0,0,0,0,0,0,0,0,0,50.928689956665,0,0,0,0,0,0,0,0,0,0,0,0,0,0,121.017739772797,0,1170.00291013718,0,0,0,0,0,0,0,0,0,0.489850401878357,0,0,0,108.312168896198,0,763.894647121429,0,2.42235088348389,0,0
0,0,0,0,0,0,0,0,0,0,0,0,0,0,0,0,3.54820311069489,0,8.73577308654785,0,0,9.43092632293701,123.401774227619,0,0,0,0,0,0,0,0,0,0,0,0,0,0,0,148.249944150448,0,0,0,1.24498325586319,0,0,0,0,3.20503252744675,0,1.42830836772919,0,0,0,0,0,0,0,0,0,0,0,0,0,0,0,20.2453600764275,0,133.317329853773,0,0,0,0,0,0,0,0,0,0,0,0,0,0,1322.74531847239,28.1864309310913,0,0,0
0,0,0,0,0,0,0,0,0,0,0,0,0,0,0,0,0,0.395952552556992,0,0,0,0,0,0,0,0,0,0,0,0,0,0,0,0,0,0,0,0,0,0,0,0,0,0,0,0,0,0,0,0,0,0,0,0,0,0,0,0,0,0,0,0,0,0,0,0,0,0,0,0,0,0,0,0,0,0,0,0,0,0,0,0,1.78870759904385,0,0,0,0
0,0,0,0,0,0,0,0,0,0,0,0,0,0,0,0,536.355311572552,0,0,0,0,0,30.4757943153381,0,0,0,0,0,0,0,0,0,0,0,0,0,0,0,0,0,0,0,0,0,0,0,0,0,0,0,0,0,0,0,0,0,0,0,0,0,0,0,0,0,0,0,0,0,0,0,0,0,0,0,0,0,0,0,0,0,0,0,1440.34195965528,0,0,0,0
0,0,0,0,0,0,0,0,0,1.21075659990311,0,0,0,172.64651286602,0,15.7650012969971,0,158.637445211411,0,0,0,0,0,0,0,0,0,0,0,396.769428730011,0,0,0,0,0,0,0,0,0,0,0,0,0,0,0,0,0,0,0,0,0,0,0,0,0,0,0,0,0,0,0,0,0,0,0,0,0,0,0,0,7,0,12.3979501724243,0,0,0,0,0,0,0,0,0,7478.52885203063,3375.42855904996,0,0,0
0,0,0,0,0,0,0,0,0,0,0,0,0,0,0,0,413.243475079536,0,0,0,0,0,0,0,0,0,0,0,0,0,31.0233181715012,0,0,0,0,0,0,0,56.2880862951279,0,0,0,0,0,0,0,0,0,0,0,0,0,0,0,0,0,0,0,631.239742875099,0,0,0,0,0,0,0,0,0,0,0,0,2008.82222425938,0,89.4844782352448,0,0,0,0,0,0,0,204.765212535858,1232.11232036352,44.5045144557953,0,0,0
0,0,0,0,0,0,0,0,0,0,0,54.2474935054779,0,0,0,0,0,0,0,0,0,0,0,0,0,0,0,396.769428730011,0,0,0,0,0,0,0,0,0,0,0,0,0,0,0,0,0,0,0,0,0,0,0,0,0,0,0,0,0,10.722253203392,0,0,0,0,0,0,0,0,0,0,0,0,86.1297054290771,0,1.73304498195648,0,0,0,0,0,0,0,0,0,248.658604502678,219.641290545464,0,0,0
0,0,0,0,0,0,0,0,0,0,60.3122239112854,0,0,0,0,0,0,0,0,0,0,0,0,0,0,0,0,0,31.0233181715012,0,0,0,0,0,0,0,0,0,913.45493260026,0,0,0,0,0,0,0,0,0,0,0,0,0,0,0,0,0,30.2768388092518,0,0,0,0,0,0,0,0,0,0,0,0,0,0,296.107089549303,0,395.695173382759,0,0,0,0,0,0,0,523.594522535801,0,0,0,0,0
0,0,0,0,0,0,0,0,0,0,0,0,0,0,0,0,0,0,0,0,0,0,0,0,0,0,0,0,0,0,0,0,6731.52687695622,355.205349214375,41.3435850143433,0,140.027048230171,0,0,0,0,0,0,0,0,0,0,2704.9911967814,283.451269239187,39.7916761040688,0,0,0,0,0,0,0,0,0,0,0,0,0,0,0,0,0,0,0,0,0,0,0,0,489.079267606139,4713.39986217022,69.2814961448312,0,42.8671991825104,989.013159513474,0,0,97.2738207578659,0,0,0,0
0,0,0,0,0,0,0,0,0,0,0,0,0,0,0,0,0,0,0,0,0,0,0,0,0,0,0,0,0,0,0,6731.52687695622,0,641.66652533412,4.18685841560364,152.110842704773,114.205334186554,0,0,0,0,0,0,0,0,0,0,1506.40441204607,5.36733293533325,31.0203058421612,0,0,0,0,0,0,0,0,0,0,0,0,0,0,0,0,0,0,0,0,0,0,0,0,1320.1374078393,1235.58296245337,117.526825875044,0,85.8725481331348,312.492104440928,0,0,52.6283618807793,0,0,0,0
0,0,0,0,0,0,0,0,0,0,0,0,0,0,0,0,0,0,0,0,0,0,0,0.587597787380219,0,0,0,0,0,0,0,355.205349214375,641.66652533412,0,1788.38110628724,0,779.933113485575,22.5277735292912,0,0,0,0,0,0,0,0,0,1150.16319696605,9.44180943071842,0,0,0,0,0,0,0,0,0,0,0,0,0,0,0,0,0,0,0,0,0,0,0,0,0,11.2663904651999,32.6519917398691,2294.51737387478,448.059092536569,32.5768409967422,0,319.236248344183,7.18587732315063,236.9469512254,0,0,0,0
0,0,0,0,0,0,0,0,0,0,0,0,0,0,0,0,0,0,0,0,0,0,0,0,0,0,0,0,0,0,0,41.3435850143433,4.18685841560364,1788.38110628724,0,60.3239390850067,107.198017239571,194.536878079176,2.86082017421722,0,0,0,0,0,0,0,0,570.214714407921,0,33.4540174603462,0,0,0,0,0,0,0,0,0,0,0,0,0,0,0,0,0,0,0,0,0,0,0,0,15.511541724205,10.1613797545433,1085.53050136566,63.8031943440437,0,0,419.212515845895,7.05164325237274,946.875588744879,0,0,0,0
0,0,0.226948767900467,0,0,0,0,0,0,0,0,11.5789656639099,0,0,0,0,0,0,0,1507.34387871623,0,0,0,0,0,0,0,0,0,0,0,0,152.110842704773,0,60.3239390850067,0,6802.79554192722,1053.54134428501,5.91882944107056,6.90228986740112,155.879025176167,0,0,0,0,0,0,351.192932739854,189.518284618855,0.340818136930466,0,0,0,0,0,0,0,0,0,0,0,0,1147.46498847008,0,0,0,0,0,0,0,0,0,0,0,3.81690835952759,361.118323862553,0,0,13823.4022017941,8198.53896474838,556.507917404175,0,6904.54652249813,4206.29573503882,122.820674180984,0,0
0,0,13.1939354538918,0,1.33781079947948,0,0,0,0,0,0,0,0,0,0,0,0,0,0,0,44.2631653994322,0,0,0,0,0,0,0,0,0,0,140.027048230171,114.205334186554,779.933113485575,107.198017239571,6802.79554192722,0,1,1609.5840395987,1.24637269973755,256.099832072854,0,0,0,0,0,3.00217285752296,224.10485483706,45.9849455058575,3.1819581836462,0.216447874903679,0,0,0,0,0,2.11405335366726,0,1.09571778774261,0,0,0,0,8.78849422931671,0,0,0,0,0,0,0,0,0,0,64.0817738771439,54.415146946907,174.586346685886,0,1180.04254056513,15428.7422371656,1,1133.74495977163,1780.27184432745,3122.46413803101,37.7546870559454,0,0
0,0,0,0,0,0,0,0,0,0,0,4062.36966794729,0,0,0,0,0,0,0,77.9309911727905,0,1935.88051849604,0,294.031838536263,0,0,0,0,0,0,0,0,0,22.5277735292912,194.536878079176,1053.54134428501,1,0,1076.16714675725,0,0,0,0,0,0,0,0,1402.63531251252,0,693.805848479271,0,0,0,0,0,0,0,1378.13746938109,0,0,0,0,64.3873354792595,0,1771.3940783143,0,1050.68598666787,0,0,0,6.03913807868958,0,188.271533668041,0,0,0,1.37032887339592,18.7494152337313,1299.43278357387,0,16070.8646883368,157.893715128303,8387.17777229846,134.942269325256,30.0496180951595,0,0
222.297787860036,0,12.3338423371315,0,0,0,0,0,9.53915482759476,0,467.145899176598,0,0,0,0,0,0,0,0.172397762537003,0,1,0,58.9064884483814,0,148.249944150448,0,0,0,56.2880862951279,0,913.45493260026,0,0,0,2.86082017421722,5.91882944107056,1609.5840395987,1076.16714675725,0,0,0,0,68.8122007474303,0,1.78069591522217,0,2.4358349442482,1006.87623620033,17.0133097171783,108.57235699892,0,0,0,0,3.37741088867188,0,1484.08221562207,0,1.53609037399292,0,0,0,0,0,0,126.856567516923,0,1668.05127766728,0,0,0,104.109492644668,0,4804.4319100678,0,0,0,5.91284656524658,0,1458.14304177463,1179.29476007819,13656.1527174264,6091.96473670006,0,253.259411290288,0,0
0,0,0,0,0,0,0,0,0,0,0,0,0,0,0,0,0,0,10.1001286059618,0,0,0,0,0,0,0,0,0,0,0,0,0,0,0,0,6.90228986740112,1.24637269973755,0,0,0,3.50334140658379,503.236581265926,0,0,0,5436.15980048478,0,31.1922121942043,67.4170129597187,592.367018945515,0,0,0,0,0,0,0,0,0,0,0,0,0,0,0,0,0,0,0,0,0,0,0,0,2.16706150770187,2.66245186328888,0,0,282.72505491972,2.41110081970692,0,0,4.84608508646488,0,2150.0877051875,40.2801210284233,0
4.36901530623436,0,61.462450273335,0,0,0,0,0,2.73102200031281,0,0,0,0,0,0,0,26.3206217363477,0,1907.06736084819,0,0,0,0,0,0,0,0,0,0,0,0,0,0,0,0,155.879025176167,256.099832072854,0,0,3.50334140658379,0,0.0945139825344086,2435.82201541215,0.163595244288445,96.5701167955995,0,2420.85862414539,202.987501338124,1056.33801737428,30.1322395056486,1.27412989735603,0,0,0,0,0,69.0511996857822,0,29.3938168995082,0,2.15560870617628,0,0,0.283959656953812,0,0,0,0,0,0,0,0,0,0,0,0,0,0,0.77586267888546,642.853118747473,0,0.135405018925667,1364.12867133319,0,2440.92327946424,0,11.9853350371122
0.615878462791443,18.7457347512245,0,0,0,0,0,0,0,3.94863432645798,0,0,0,0,0,0,1.31067296862602,0,1825.79706136882,0,0,0,0,0,0,0,0,0,0,0,0,0,0,0,0,0,0,0,0,503.236581265926,0.0945139825344086,0,350.08896394074,82.498666420579,0,919.311305105686,0.113662980496883,0.139772310853004,12.7463177144527,389.349950671196,0,0,0,0,0,0,0,127.604717165232,0.463116258382797,0,0,0,4.1461324095726,0,0,0,4.5159832239151,0.416112840175629,0,0,52.9621192663908,0,418.705059364438,0,0,0,0,0,26.8013227581978,0,1.52314376831055,0,1260.47850050032,0,8708.85465155542,1872.80598685145,1.84131157398224
165.600976616144,0,131.591610699892,0,0,0,0,0,109.144154794514,0,0,0,0,0,0,0,99.2973291799426,0,3615.76882911474,0,0,0,0,0,1.24498325586319,0,0,0,0,0,0,0,0,0,0,0,0,0,68.8122007474303,0,2435.82201541215,350.08896394074,0,2.28093221783638,76.6944024637341,0,981.860525675118,0.985645353794098,119.419309481978,0.295953094959259,0.199719294905663,0,0,0,0.62408671528101,0,126.769159264863,0,151.819379836321,0,2.35801604390144,0,0,0.429426744580269,0,0,0,7.38412171602249,0,0,0,0,0,64.9700176566839,0,0,0,0,0,211.046610765159,0,28.9755450189114,2150.89304098487,2.78445822000504,3981.89948243648,0,48.8244180381298
0,4.13193142414093,0,0,0,0,0,0,0,0,0,0,0,0,0,0,0.171567261219025,0,2072.52492865175,0,0,0,0,0,0,0,0,0,0,0,0,0,0,0,0,0,0,0,0,0,0.163595244288445,82.498666420579,2.28093221783638,0,0,288.569243982434,0,0,0,0,0,0,0,0,0,0,0,0,0,0,0,0,0,0,0,0,0,0,0,0,0,0,0,0,0,0,0,0,0,0,0,0,234.803242497146,0,461.590956330299,0,0
0.783041648566723,0,4.36043893545866,0,0,0,0,0,0,0,0,0,0,0,0,0,0.125295400619507,0,72.5420076549053,0,0,0,0,0,0,0,0,0,0,0,0,0,0,0,0,0,0,0,1.78069591522217,0,96.5701167955995,0,76.6944024637341,0,0,0,121.390640385449,0,0.101343631744385,0,0,0,0,0,0,0,1.5643178448081,0,3.27336507290602,0,0,0,0,0.118482552468777,0,0,0,0,0,0,0,0,0,0,0,0,0,0,0,0.495598673820496,0,0,63.6275794878602,0,35.7289928421378,0,0
0,0,0,0,0,0,0,0,0,0,0,0,0,0,0,0,0,0,1318.26556019485,0,0,0,0,0,0,0,0,0,0,0,0,0,0,0,0,0,0,0,0,5436.15980048478,0,919.311305105686,0,288.569243982434,0,0,0,0,0,0,0,0,0,0,0,0,0,0,0,0,0,0,19.5304339230061,0,0,0,0,0,0,0,0,0,0,0,0,0,0,0,484.608570814133,0,89.4167791903019,0,20.6254701018333,0,6857.78027556837,0,0
7.5908188149333,0,213.774277806282,0,0.289847493171692,0,0,0,2.44600124657154,0,0,0,0,0,0,0,29.8315393477678,0,3476.8663976118,0,0,0,0,0,0,0,0,0,0,0,0,0,0,0,0,0,3.00217285752296,0,2.4358349442482,0,2420.85862414539,0.113662980496883,981.860525675118,0,121.390640385449,0,0,0,179.385446667671,0,3.79812961816788,0,0,0,4.60582410544157,0,349.686531703919,0,111.386283896863,0,7.30222306400537,0,0,0.486556343734264,0,0,0,0,0,0,0,0,0,2.75345250964165,0,0,0,0,0,108.610647514462,0,5.0913143157959,1469.30877138674,0,3374.28356157988,0,17.1018886715174
0.737764358520508,0,0,0,0,0,0,0,0,0,0,0,0,0,0,0,0,0,0,0,0,0,0,0,3.20503252744675,0,0,0,0,0,0,2704.9911967814,1506.40441204607,1150.16319696605,570.214714407921,351.192932739854,224.10485483706,1402.63531251252,1006.87623620033,31.1922121942043,202.987501338124,0.139772310853004,0.985645353794098,0,0,0,0,0,3559.23643150926,3925.54449403286,0,0,0,0,0,0,0,0,0,0,0,0,0,0,0,0,0,18.4783305227757,0,0,0,0,0,0,499.807547777891,388.316180840135,82.9270640462637,619.790339246392,393.462226167321,442.609717026353,1552.86194439232,536.006157428026,1751.02946440876,0,185.025193437934,0,0
3.13285844027996,0,38.1445105075836,0,0,0,0,0,1.53540235757828,0,0,0,0,0,0,0,0,0,2.58881330490112,0,0,0,0,0,0,0,0,0,0,0,0,283.451269239187,5.36733293533325,9.44180943071842,0,189.518284618855,45.9849455058575,0,17.0133097171783,67.4170129597187,1056.33801737428,12.7463177144527,119.419309481978,0,0.101343631744385,0,179.385446667671,3559.23643150926,0,3145.81703981012,0,0,0,0,0,0,33.0624619200826,0,3.37228773534298,0,25.0711373090744,0,0,0,0,15.5501794219017,0,5.92072582244873,0,342.176335811615,0,221.891573876143,0,0.746784538030624,82.2467683255672,68.2705856263638,0,3.76125200092793,104.709972769022,167.476032160223,0,35.0756472796202,326.314498312771,0,1380.79083153605,0,0
0,118.023331820965,0,580.113743573427,0,0,0,0,0,3.41981589794159,0,0,0,0,0,0,0,0,0,0,0,68.487726777792,0,50.928689956665,1.42830836772919,0,0,0,0,0,0,39.7916761040688,31.0203058421612,0,33.4540174603462,0.340818136930466,3.1819581836462,693.805848479271,108.57235699892,592.367018945515,30.1322395056486,389.349950671196,0.295953094959259,0,0,0,0,3925.54449403286,3145.81703981012,0,0,0,0,0,0,0,0,32.9856624007225,0,0.957796454429626,0,0,0,0,195.132336005569,0,90.9949162006378,0.532839626073837,0,0,112.945830792189,0,5.54726988077164,0,147.14704413712,104.85517925024,0,49.0988867133856,453.753983005881,134.491089776158,707.940278500319,47.5505351871252,707.773177519441,0,223.16083136946,0,0
0,0,74.7203150689602,0,369.735677808523,0,12.6041374504566,0,0,0,0,0,0,0,0,0,0,0,0,0,0.825913816690445,0,0,0,0,0,0,0,0,0,0,0,0,0,0,0,0.216447874903679,0,0,0,1.27412989735603,0,0.199719294905663,0,0,0,3.79812961816788,0,0,0,0,0,153.090042293072,0,0,0,57.1816141009331,0,151.937220022082,0,0,0,0,6.59338587522507,0,0,0,0,0,0,0,0,0,0,0,0,0,0,0,9.87298859655857,0,0,48.2068745493889,0,51.1987724006176,0,0
0,0,0,0,0,140.443021953106,0,221.086533069611,0,0,0,0,0,0,0,73.3695841729641,0,0,0,0,0,0,0,0,0,0,0,0,0,0,0,0,0,0,0,0,0,0,0,0,0,0,0,0,0,0,0,0,0,0,0,0,0,0,0,0,0,0,0,0,0,37.3849977850914,0,0,0,0,0,0,0,0,0,0,0,0,0,0,0,0,0,0,0,0,2244.86031338573,75.9436245560646,0,0,0
0,0,0,0,47.9669252634048,0,685.987957984209,0,0,0,0,0,0,0,0,0,0,0,0,0,0,0,0,0,0,0,0,0,0,0,0,0,0,0,0,0,0,0,0,0,0,0,0,0,0,0,0,0,0,0,153.090042293072,0,0,0,0,0,1,0,0.778092354536057,0,0,0,0,0,0,0,0,0,0,0,0,0,0,0,0,0,0,0,0,0,0,0,11.1303281784058,0,0,0,0
0,0,0,0,0,13.5299102663994,0,1216.879999578,0,0,0,0,0,0,0,0,0,0,0,0,0,0,0,0,0,0,0,0,0,0,0,0,0,0,0,0,0,0,0,0,0,0,0,0,0,0,0,0,0,0,0,0,0,0,0,0,0,0,0,0,0,0,0,0,0,0,0,0,0,0,0,0,0,0,0,0,0,0,0,0,0,0,829.040272951126,62.063515484333,0,0,0
691.38547553122,0,9.99847562611103,0,55.225705832243,0,0,0,266.394054397941,0,0,0,0,0,0,0,0,0,0,0,0,0,0,0,0,0,0,0,0,0,0,0,0,0,0,0,0,0,3.37741088867188,0,0,0,0.62408671528101,0,0,0,4.60582410544157,0,0,0,0,0,0,0,0,0,0,0,0,0,248.496933966875,0,0,0,0,0,0,26.2674301862717,0,0,0,0,0,0,0,0,0,0,0,0,0,6.32011127471924,42.0610025376081,9.09586238861084,11.9107252955437,0,0
0,571.438716724515,0,179.226522952318,0,0,0,0,0,141.757193893194,0,0,0,0,0,0,0,0,0,0,0,0,0,0,0,0,0,0,0,0,0,0,0,0,0,0,0,0,0,0,0,0,0,0,0,0,0,0,0,0,0,0,0,0,0,0,0,0,0,0,0,0,0,0,0,0,19.7723082900047,0,0,0,0,0,0,0,0,0,0,0,0,0,0,0,374.302860021591,88.4460386931896,40.2650206685066,0,0
9.80332274734974,0,13.8425759226084,0,1.41945958137512,0,444.496348023415,0,0,0,90.282252073288,0,118.50300693512,0,0,0,0,0,24.4688178040087,0,1072.58641973138,0,0,0,0,0,0,0,0,0,30.2768388092518,0,0,0,0,0,2.11405335366726,0,1484.08221562207,0,69.0511996857822,0,126.769159264863,0,1.5643178448081,0,349.686531703919,0,33.0624619200826,0,57.1816141009331,0,1,0,0,0,0,0,23.6363754868507,0,39.2811481952667,0,0,481.222448825836,0,0,0,0,0,0,0,0,0,362.231645315886,0,0,0,0,0,146.973059341311,0,63.924612775445,49.4022043198347,0,653.115228164941,0,0
0,0,0,0,0,0,0,16.021829277277,0,0,0,3467.94259980321,0,0,0,0,0,0,0,778.259133249521,0,0,0,0,0,0,0,0,0,10.722253203392,0,0,0,0,0,0,0,1378.13746938109,0,0,0,127.604717165232,0,0,0,0,0,0,0,32.9856624007225,0,0,0,0,0,0,0,0,0,52.186320066452,0,38.871458530426,101.198670387268,0,0,0,0,0,0,0,7.22440966963768,0,958.800337612629,0,0,0,0,0,0,0,0,0,1701.79235780239,1553.2452955842,406.603132233024,0,0
0.724890351295471,0,106.602141208947,0,97.1759867370129,0,17.4512795209885,0,0,0,0,0,457.819256544113,0,0,0,0.547607958316803,0,45.3724836185575,0,0.852081760764122,0,0,0,0,0,0,0,631.239742875099,0,0,0,0,0,0,0,1.09571778774261,0,1.53609037399292,0,29.3938168995082,0.463116258382797,151.819379836321,0,3.27336507290602,0,111.386283896863,0,3.37228773534298,0,151.937220022082,0,0.778092354536057,0,0,0,23.6363754868507,0,0,0,0,0,0,14.2166465073824,0,0,0,0,0,0,0,41.9278790950775,0,0,0,0,0,0,0,18.0181798040867,0,0.178529232740402,520.071895621717,159.473601937294,263.040040150285,0,0
0,10.3476794362068,0,16.0474828481674,0,0,0,167.835766077042,0,0,0,11.9507020115852,0,418.348640412092,0,9.67901572585106,0,0,0,0,0,0,0,0,0,0,0,0,0,0,0,0,0,0,0,0,0,0,0,0,0,0,0,0,0,0,0,0,0,0.957796454429626,0,0,0,0,0,0,0,52.186320066452,0,0,0,38.7222753763199,0,0,0,0,0,0,0,0,0,0,0,0,0,0,0,0,0,0,0,0,1444.32412904501,2118.06056252122,0,0,0
22.4076207429171,0,25.5951662808657,0,0,0,0,0,0.671666264533997,0,0,0,0,0,0,0,0,0,2.80531579256058,0,0,0,0,0,0,0,0,0,0,0,0,0,0,0,0,0,0,0,0,0,2.15560870617628,0,2.35801604390144,0,0,0,7.30222306400537,0,25.0711373090744,0,0,0,0,0,248.496933966875,0,39.2811481952667,0,0,0,0,0,0,0,0,0,0,0,0,0,0,0,0,0,0,0,0,0,0,0,0,0,0.908160388469696,0,25.9050034061074,0,0
0,301.45827499032,0,282.993883371353,0,15.8487182855606,0,0,0,58.9044926166534,0,0,0,0,0,5.99913868308067,0,119.008025765419,0,0,0,0,0,0,0,0,0,0,0,0,0,0,0,0,0,0,0,0,0,0,0,0,0,0,0,0,0,0,0,0,0,37.3849977850914,0,0,0,0,0,38.871458530426,0,38.7222753763199,0,0,0,0,0,0,0,0,0,0,0,0,0,0,0,0,0,0,0,0,0,0,399.047137975693,551.181738182902,0,0,0
0,0,0,0,0,0,0,0,0,0,0,75.1496081352234,0,0,0,0,0,0,0,842.792086839676,0,0,0,0,0,0,0,0,0,0,0,0,0,0,0,1147.46498847008,0,64.3873354792595,0,0,0,4.1461324095726,0,0,0,19.5304339230061,0,0,0,0,0,0,0,0,0,0,0,101.198670387268,0,0,0,0,0,0,0,0,0,0,0,0,0,0,0,0,0,0,0,0,0,0,0.494845896959305,0,831.515974760056,0,42.2599368393421,5.23036730289459,0
0,0,47.4816675633192,0,1.9553170055151,0,0,0,0,0,296.40610408783,0,0,0,0,0,0,0,1.18451555073261,0,1022.3354871124,0,0,0,0,0,0,0,0,0,0,0,0,0,0,0,8.78849422931671,0,0,0,0.283959656953812,0,0.429426744580269,0,0.118482552468777,0,0.486556343734264,0,0,0,6.59338587522507,0,0,0,0,0,481.222448825836,0,14.2166465073824,0,0,0,0,0,0,0,0,0,0,0,0,0,0,0,0,0,0,0,0,3.26135274767876,0,0,204.151568621397,0,509.860062599182,0,0
0,0,0,0,0,0,0,0,0,0,0,0,0,0,0,0,0,13.3667707443237,0,0,0,20958.0390514433,2981.33949962258,121.017739772797,0,0,0,0,0,0,0,0,0,0,0,0,0,1771.3940783143,0,0,0,0,0,0,0,0,0,0,0,195.132336005569,0,0,0,0,0,0,0,0,0,0,0,0,0,0,0,311.711224809289,0,0,0,0,0,0,0,0,0,0,0,0,0,0,221.954641312361,0,4792.03126937151,2015.63597345352,0,0,0
0,0,0,0,0,0,0,0,0,0,0,0,0,0,0,0,1.45426440238953,0,0,0,0,479.002503141761,4251.62663834542,0,20.2453600764275,0,0,0,0,0,0,0,0,0,0,0,0,0,126.856567516923,0,0,0,0,0,0,0,0,0,15.5501794219017,0,0,0,0,0,0,0,0,0,0,0,0,0,0,0,311.711224809289,0,0,142.590084969997,0,103.674565047026,0,0,0,0,0,0,0,0,0,0,0,165.692690908909,1864.08177998662,225.399546548724,0,0,0
0,88.3682932853699,0,0,0,0,0,0,0,41.8014223575592,0,0,0,0,0,0,0,3.77447414398193,0,0,0,23.6551347970963,0,1170.00291013718,0,0,0,0,0,0,0,0,0,0,0,0,0,1050.68598666787,0,0,0,4.5159832239151,0,0,0,0,0,0,0,90.9949162006378,0,0,0,0,0,19.7723082900047,0,0,0,0,0,0,0,0,0,0,0,0,0,0,0,0,0,0,0,0,0,0,0,0,41.9629074931145,0,854.800972938538,0,548.289756983519,0,0
0,0,0,0,0,0,0,0,0,0,0,0,0,0,0,0,0,0,0,0,0,0,757.538344591856,0,133.317329853773,0,0,0,0,0,0,0,0,0,0,0,0,0,1668.05127766728,0,0,0.416112840175629,7.38412171602249,0,0,0,0,18.4783305227757,5.92072582244873,0.532839626073837,0,0,0,0,26.2674301862717,0,0,0,0,0,0,0,0,0,0,142.590084969997,0,0,0,0,0,0,0,0,0,0,0,0,0,0,1.58953914046288,286.00504887104,336.412884145975,0,45.3969465494156,0,0
0,0,0,0,0,0,0,0,0,0,0,0,0,0,0,0,0,0,0,0,0,0,0,0,0,0,0,0,0,0,0,0,0,0,0,0,0,0,0,0,0,0,0,0,0,0,0,0,0,0,0,0,0,0,0,0,0,0,0,0,0,0,0,0,0,0,0,0,0,0,0,0,0,0,0,0,0,0,0,0,0,0,0,0,0,0,0
0,0,0,0,0,0,0,0,0,0,0,0,0,0,0,0,16.7278963327408,0,0,0,0,0,0,0,0,0,0,0,0,0,0,0,0,0,0,0,0,0,0,0,0,0,0,0,0,0,0,0,342.176335811615,0,0,0,0,0,0,0,0,0,0,0,0,0,0,0,0,103.674565047026,0,0,0,0,0,0,0,0,0,0,0,0,0,0,0,0,82.2072639465332,0,0,0,0
0,0,0,0,0,0,0,0,0,0,0,0,0,0,0,0,0,0,0,0,0,0,0,0,0,0,0,7,0,86.1297054290771,0,0,0,0,0,0,0,6.03913807868958,0,0,0,52.9621192663908,0,0,0,0,0,0,0,112.945830792189,0,0,0,0,0,0,0,7.22440966963768,0,0,0,0,0,0,0,0,0,0,0,0,0,0,404.256684854627,0,0,0,0,0,0,0,82.2101627588272,0,343.926467657089,188.411980867386,28.8066097348928,0,0
0,0,0,0,0,0,0,0,0,0,0,0,0,0,0,0,26.1018871068954,0,0,0,0,0,275.886107206345,0,0,0,0,0,2008.82222425938,0,296.107089549303,0,0,0,0,0,0,0,104.109492644668,0,0,0,0,0,0,0,0,0,221.891573876143,0,0,0,0,0,0,0,0,0,41.9278790950775,0,0,0,0,0,0,0,0,0,0,0,0,0,0,310.096184849739,0,0,0,0,0,0,0,134.5279160887,898.457575023174,278.847690939903,0.365698486566544,0,0
0,0,0,0,0,0,0,0,0,0,0,1184.4655559659,0,0,0,0,0,0,2.19596433639526,4.44052439928055,0,0,0,0,0,0,0,12.3979501724243,0,1.73304498195648,0,0,0,0,0,0,0,188.271533668041,0,0,0,418.705059364438,0,0,0,0,0,0,0,5.54726988077164,0,0,0,0,0,0,0,958.800337612629,0,0,0,0,0,0,0,0,0,0,0,0,404.256684854627,0,0,0,0,0,0,0,0,0,10,0,767.229135483503,190.879592299461,1297.21740549803,1.04157188534737,0
1.35037040710449,0,0.197521775960922,0,0,0,0,0,0,0,104.93330937624,0,0,0,0,0,0,0,103.072354003787,0,0,0,0,0,0,0,0,0,89.4844782352448,0,395.695173382759,0,0,0,0,0,0,0,4804.4319100678,0,0,0,64.9700176566839,0,0,0,2.75345250964165,0,0.746784538030624,0,0,0,0,0,0,0,362.231645315886,0,0,0,0,0,0,0,0,0,0,0,0,0,0,310.096184849739,0,0,0,0,0,0,0,0,0,1233.14607843757,96.6619279235601,0,717.527759537101,0,0
0,0,0,0,0,0,0,0,0,0,0,0,0,0,0,0,0,0,0,0,0,0,0,0,0,0,0,0,0,0,0,489.079267606139,1320.1374078393,11.2663904651999,15.511541724205,3.81690835952759,64.0817738771439,0,0,2.16706150770187,0,0,0,0,0,0,0,499.807547777891,82.2467683255672,147.14704413712,0,0,0,0,0,0,0,0,0,0,0,0,0,0,0,0,0,0,0,0,0,0,0,0,0,522.828336432576,11.1726207137108,0,4.64706146717072,18.6183449923992,0,0,56.4148519039154,0,0,0,0
0,0,0,0,0,0,0,0,0,0,0,0,0,0,0,0,0,0,0,0,0,0,0,0,0,0,0,0,0,0,0,4713.39986217022,1235.58296245337,32.6519917398691,10.1613797545433,361.118323862553,54.415146946907,0,0,2.66245186328888,0,0,0,0,0,0,0,388.316180840135,68.2705856263638,104.85517925024,0,0,0,0,0,0,0,0,0,0,0,0,0,0,0,0,0,0,0,0,0,0,0,0,522.828336432576,0,5.70011079311371,0,67.0127828121185,0,0,0,931.403863668442,0,0,0,0
0,0,0,0,0,0,0,0,0,0,0,0,0,0,0,0,0,0,0,0,0,0,0,0.489850401878357,0,0,0,0,0,0,0,69.2814961448312,117.526825875044,2294.51737387478,1085.53050136566,0,174.586346685886,1.37032887339592,0,0,0,0,0,0,0,0,0,82.9270640462637,0,0,0,0,0,0,0,0,0,0,0,0,0,0,0,0,0,0,0,0,0,0,0,0,0,0,11.1726207137108,5.70011079311371,0,38.2047199010849,0,0,17.3317106217146,1.08476269245148,15.7390839755535,0,0,0,0
0,0,0,0,0,0,0,0,0,0,0,0,0,0,0,0,0,0,0,0,0,0,0,0,0,0,0,0,0,0,0,0,0,448.059092536569,63.8031943440437,0,0,18.7494152337313,5.91284656524658,0,0,0,0,0,0,0,0,619.790339246392,3.76125200092793,49.0988867133856,0,0,0,0,0,0,0,0,0,0,0,0,0,0,0,0,0,0,0,0,0,0,0,0,0,0,38.2047199010849,0,0,0,38.4752267152071,0,392.195883259177,0,0,0,0
0,0,0,0,0,0,0,0,0,0,0,0,0,0,0,0,0,0,0.339063942432404,5.20565938949585,0,0,0,0,0,0,0,0,0,0,0,42.8671991825104,85.8725481331348,32.5768409967422,0,13823.4022017941,1180.04254056513,1299.43278357387,0,282.72505491972,0.77586267888546,26.8013227581978,0,0,0,484.608570814133,0,393.462226167321,104.709972769022,453.753983005881,0,0,0,0,0,0,0,0,0,0,0,0,0,0,0,0,0,0,0,0,0,0,0,0,4.64706146717072,67.0127828121185,0,0,0,875.231967449188,212.257909074426,0,9558.328734532,4873.83563354611,272.897671945393,4.21146678924561,0
0,0,105.289276763797,0,3.56719858944416,0,0,0,0,0,0,0,0,0,0,0,0.841138035058975,0,66.9586841985583,0,41.6322686821222,0,0,0,0,0,0,0,0,0,0,989.013159513474,312.492104440928,0,0,8198.53896474838,15428.7422371656,0,1458.14304177463,2.41110081970692,642.853118747473,0,211.046610765159,0,0.495598673820496,0,108.610647514462,442.609717026353,167.476032160223,134.491089776158,9.87298859655857,0,0,0,0,0,146.973059341311,0,18.0181798040867,0,0,0,0,3.26135274767876,0,0,0,0,0,0,0,0,0,0,18.6183449923992,0,0,0,875.231967449188,0,0,2551.35745665431,4937.00813151151,692.470893442631,492.598741784692,0,0.241389393806458
0,0,0,0,0,0,0,0,0,0,0,2.97886824607849,0,0,0,0,0,0,0,0,0,425.789023309946,0,108.312168896198,0,0,0,0,0,0,0,0,0,319.236248344183,419.212515845895,556.507917404175,1,16070.8646883368,1179.29476007819,0,0,1.52314376831055,0,0,0,89.4167791903019,0,1552.86194439232,0,707.940278500319,0,0,0,0,0,0,0,0,0,0,0,0,0.494845896959305,0,221.954641312361,0,41.9629074931145,1.58953914046288,0,0,82.2101627588272,0,10,0,0,0,17.3317106217146,38.4752267152071,212.257909074426,0,0,108.576146200299,12931.1182711124,12.2840824127197,470.001947358251,0.781614065170288,0
20.2737162709236,0,0,0,0,0,0,0,0.264570295810699,0,232.930109500885,0,0,0,0,0,0,0,136.698407515883,0,4,0,0,0,0,0,0,0,204.765212535858,0,523.594522535801,0,0,7.18587732315063,7.05164325237274,0,1133.74495977163,157.893715128303,13656.1527174264,0,0.135405018925667,0,28.9755450189114,0,0,0,5.0913143157959,536.006157428026,35.0756472796202,47.5505351871252,0,0,0,0,6.32011127471924,0,63.924612775445,0,0.178529232740402,0,0,0,0,0,0,165.692690908909,0,286.00504887104,0,0,0,134.5279160887,0,1233.14607843757,0,0,1.08476269245148,0,0,2551.35745665431,108.576146200299,0,4300.84374541044,0,313.011005207896,0,0
1310.8934783712,337.253438532352,368.857129864395,80.573767632246,179.081725597382,2728.3521348834,0,1.17074334621429,1169.69550205767,1516.81871241331,0,722.155999898911,375.100350439548,1403.73183956742,225.574083089828,1582.81822143495,7778.36683416367,9975.69480682909,11255.1902651936,289.333823442459,230.643083184958,5713.80808699131,6823.79109430313,763.894647121429,1322.74531847239,1.78870759904385,1440.34195965528,7478.52885203063,1232.11232036352,248.658604502678,0,97.2738207578659,52.6283618807793,236.9469512254,946.875588744879,6904.54652249813,1780.27184432745,8387.17777229846,6091.96473670006,4.84608508646488,1364.12867133319,1260.47850050032,2150.89304098487,234.803242497146,63.6275794878602,20.6254701018333,1469.30877138674,1751.02946440876,326.314498312771,707.773177519441,48.2068745493889,2244.86031338573,11.1303281784058,829.040272951126,42.0610025376081,374.302860021591,49.4022043198347,1701.79235780239,520.071895621717,1444.32412904501,0.908160388469696,399.047137975693,831.515974760056,204.151568621397,4792.03126937151,1864.08177998662,854.800972938538,336.412884145975,0,82.2072639465332,343.926467657089,898.457575023174,767.229135483503,96.6619279235601,56.4148519039154,931.403863668442,15.7390839755535,392.195883259177,9558.328734532,4937.00813151151,12931.1182711124,4300.84374541044,0,27667.6531977355,4807.53461808711,31.3731627613306,84.8573559969664
13.917750954628,60.5678292363882,4.53717821836472,0,108.841333180666,219.579578608274,0,14.8768470585346,480.578555196524,794.563479721546,0,1367.91724097729,354.581896066666,8020.96359211206,1686.03175276518,3807.9241579175,759.860781908035,320.032198771834,162.611705623567,0,0,1591.16520816088,1758.41283549368,0,28.1864309310913,0,0,3375.42855904996,44.5045144557953,219.641290545464,0,0,0,0,0,4206.29573503882,3122.46413803101,134.942269325256,0,0,0,0,2.78445822000504,0,0,0,0,0,0,0,0,75.9436245560646,0,62.063515484333,9.09586238861084,88.4460386931896,0,1553.2452955842,159.473601937294,2118.06056252122,0,551.181738182902,0,0,2015.63597345352,225.399546548724,0,0,0,0,188.411980867386,278.847690939903,190.879592299461,0,0,0,0,0,4873.83563354611,692.470893442631,12.2840824127197,0,27667.6531977355,0,0.206204727292061,0,0
997.112931415439,578.999992251396,1185.69512646645,0,101.026284202933,0,0,0,95.1255518496037,27.8573788106441,2.23250579833984,45.3586323857307,0,0,0,0,71.2334241569042,0,6222.88459248841,2.70090019702911,21.041231572628,0,0,2.42235088348389,0,0,0,0,0,0,0,0,0,0,0,122.820674180984,37.7546870559454,30.0496180951595,253.259411290288,2150.0877051875,2440.92327946424,8708.85465155542,3981.89948243648,461.590956330299,35.7289928421378,6857.78027556837,3374.28356157988,185.025193437934,1380.79083153605,223.16083136946,51.1987724006176,0,0,0,11.9107252955437,40.2650206685066,653.115228164941,406.603132233024,263.040040150285,0,25.9050034061074,0,42.2599368393421,509.860062599182,0,0,548.289756983519,45.3969465494156,0,0,28.8066097348928,0.365698486566544,1297.21740549803,717.527759537101,0,0,0,0,272.897671945393,492.598741784692,470.001947358251,313.011005207896,4807.53461808711,0.206204727292061,0,1269.11595790088,16.6040394604206
0,0,0,0,0,0,0,0,0,0,0,0,0,0,0,0,0,0,68.8039929121733,0,0,0,0,0,0,0,0,0,0,0,0,0,0,0,0,0,0,0,0,40.2801210284233,0,1872.80598685145,0,0,0,0,0,0,0,0,0,0,0,0,0,0,0,0,0,0,0,0,5.23036730289459,0,0,0,0,0,0,0,0,0,1.04157188534737,0,0,0,0,0,4.21146678924561,0,0.781614065170288,0,31.3731627613306,0,1269.11595790088,0,0
0.116324432194233,0,0,0,0,0,0,0,0,0,0,0,0,0,0,0,11.6267165541649,0,770.928223654628,0,0,0,0,0,0,0,0,0,0,0,0,0,0,0,0,0,0,0,0,0,11.9853350371122,1.84131157398224,48.8244180381298,0,0,0,17.1018886715174,0,0,0,0,0,0,0,0,0,0,0,0,0,0,0,0,0,0,0,0,0,0,0,0,0,0,0,0,0,0,0,0,0.241389393806458,0,0,84.8573559969664,0,16.6040394604206,0,0
