0,0.000145161911221769,0.0513110747738243,0.000181589064500571,0.00346862246075858,0,0,0,0.17772395870986,0,0,0,5.56409772310695e-05,0,0.00941723454341603,0,0.000498630027036942,0.00029597595552899,0.00791552733446643,0,0.000101539497823377,0,0,0.000101103290687882,0.0113460614682678,0,0,0,0,0,0,0,0,0,0,2.71948399453116e-05,9.90379273496642e-05,2.05177165648511e-05,0.000371908469771789,0,0.00170627870546386,0.000302208389932126,0.0577678922414664,6.72119005762188e-05,0.00585110097125146,0.000154369959152283,0.0466657400255691,0,0.0589140591201179,5.88507388527993e-05,0.00116827777937564,0,0,0,0.224649961599181,0,0.00918512450909051,0,0.000729892688309336,0,0.169420381416452,0,2.47250820100786e-05,0.00567862948448074,0,0,0,0.0473569373421517,0,0.00787555060224626,0,0.00795016688884737,0,0.00121769601595789,0,0,0,0,0,0.0012261143473513,4.14088384996709e-05,0.000410162249306545,0.00274920340325333,1.61810180400008e-05,0.0498826767567272,0.000240562298631647,0.00697698611478909
0.000145161911221769,0,0,0.0469239638386175,0,0,0,0,0,0.157249155044884,0,0.00116794751784139,0,0,0,0.0923505079922111,0.000184415149906688,0.00140726219291627,0.00767493252420649,0.00034601700971789,0,0,0,0.0704645652544235,0,0.0054564441772354,0,0,0,0,0,0,0,0,0,0.000181644377335615,0,0.00046576752499841,0,0.000334819085479544,0,0.0532747331963571,0.000292151090981495,0.00169074510093054,0,0.0313038877897918,2.98876241159362e-05,0,0,0.0542544271043546,0,0,0,0,0,0.0506436479445318,0,0.000741200153010277,0,3.68665491593357e-05,0,0.0496836448371254,0.0124269521991752,0,0,0,0.0125640519517246,0,0.0147959398285667,0,0.0177942848115895,0,0.00297825902445733,0,0,0,0,0,0.000800944925891171,2.42273086867942e-05,0.000250973801822101,0,0.00171138159882641,9.37186061005381e-05,0.0369261198453749,0.00226797834455228,0
0.0513110747738243,0,0,0,0.0311970087979858,0,0,0,0.0304112005636758,0,0,0,3.78446384156038e-05,0,0.0202999124771292,0,0.000134314865441685,0.000103534604518965,0.00179816936811206,0,0.00509647623037681,0,0,0,0,0,0,0,0,0,0,0,0,0,0,3.76572408470469e-05,0.00089121504495341,0,0,0,0.00174535166755458,6.06254259068031e-05,0.0113877313591912,0,0.00111268470233284,0,0.0419971176243704,0,0.0530661043375339,0,0.0550164421542495,0,0,0,0.0236171053189009,0,0.00140988517408401,0,0.000333929494985512,0,0.118769778012334,0,1.66557959672305e-05,0.00562649122345614,0,0,0,0.00044871188841053,0,0.000568282465051547,0,0.000245618739979214,0,4.64382409909488e-05,0,0,0,0,0,0.0015412443749001,0,4.07894094730314e-06,0.00169956087130554,0.00045414500425711,0.0240618510475739,9.66674962185922e-05,0.0027320340676163
0.000181589064500571,0.0469239638386175,0,0,0,0.0314645478392332,0,0,0,0.0548020398512318,0,5.01886201307948e-05,0,0,0,0.0147045391327651,0.000185943316775843,0.000600301142418113,0.00221044982198989,0.000278535030998259,0,0,0,0.000168255715560269,0,0,0,0,0,0,0,0,0,0,0,0.00055575442275542,0,2.00473676953913e-05,0,0.000403141121192718,0,0.0159457328083771,0.000119727121220684,0.00227438750792081,5.45943836457539e-05,0.00893671404830589,0,0,0,0.00801365197693675,0,0,0,0,0,0.00869792919774072,0,0.0240313259302204,0,0.00715985706860299,0,0.106653657096938,0.00108615408993609,0,0,0,0,0,0.000117432843643774,0,0.000699155440343222,0,3.07748845398007e-05,0,0,0,0,0,0.000310491098047701,0,2.09160011696404e-05,0,0.000647856880346198,0.000260439047931739,0.0114210326650985,0.00126095591232841,0
0.00346862246075858,0,0.0311970087979858,0,0,0,0,0,0.00975381615005462,0,0,0,0,0,0.000260559447507608,0,0,0,0,0,0,0,0,0,0,0,0,0,0,0,0,0,0,0,0,3.93192669364576e-05,0.000801232705215024,0,0,0,0,0,0.00023521286782809,0,0,0,1.63838379698303e-05,0,0.00050708062857965,0,0.12225489429995,0,0.00185808853711933,0,0.020599339333769,0,0.00134382125679716,0,0.000247444558122014,0,0.00235282376719197,0,0,0,0,0,0,0,0,0,0,0,0,0,0,0,0,0,1.30728908683339e-05,0.000119523622166812,0,0,0.00300346695475224,0.000709865832630628,0.00134002534103498,0,0
0,0,0,0.0314645478392332,0,0,0,0.0024507909293395,0,0,0,0,0,0,0,0,0,0,0,0.000102130901999625,0,0,0,0,0,0,0,0,0,0,0,0,0,0,0,7.44161954612882e-05,0,0,0,0,0,4.49237062518149e-05,0,0,0,0,0,0,0,7.03128301456101e-05,0,0.175659132921086,0,0.0113296631441108,0,0,0,0.0316014682508162,0,8.81097563370193e-05,0,0.000726760829297307,2.8244848016602e-05,0,0,0,0,0,0,0,0,0,0,0,0,0,0,0,0.00040888478442904,0,0,0,0.000259538985953901,4.39272056098132e-05,0.00425908517142052,0,0
0,0,0,0,0,0,0,0,0,0,0.000613942354479868,0,0.000197542258132899,0,0,0,0,0,0,0,0,0,0,0,0,0,0,0,0,0,0,0,0,0,0,0,0,0,0,0,0,0,0,0,0,0,0,0,0,0,0.00455662140016022,0,0.00149101740422119,0,0,0,0,0,0,0,0,0,0,1.99095540720718e-05,0,0,0,0,0,0,0,0,0,0,0,0,0,0,0,0,0,0,0.00149634032374088,0.000106107491458569,0,0,0
0,0,0,0,0,0.0024507909293395,0,0,0,0,0,0.00153076020119946,0,0,0,0,0,0,0,0,0,0,0,0,0,0,0,0,0,0,0,0,0,0,0,0.000390828978158098,0,0,0,0,0,0,0,0,0,0,0,0,0,0,0,0.00157877053219557,0,0.0019413944326219,0,0,0,0.00448373045510307,0,0,0,0,0,0,0,0,0,0,0,0,0,0,0,0,0,0,0,0,0,0,0,0,0.00079643935133453,0,0.000396517247160035,0,0
0.17772395870986,0,0.0304112005636758,0,0.00975381615005462,0,0,0,0,0,0,0,0,0,0.0236464364925897,0,0.00270421236826487,0.000186155091438164,0.00663373788373527,0,0,0,0,0,0.102992554126736,0,0.0384835139032392,0,0,0,0,0,0,0,0,4.54462125412301e-05,6.5380773319246e-05,0,0.000162150021731412,0,0.00134373016346909,0.000476913469021829,0.0626835028967601,0.000141037376686693,0.00638075067680835,0.000180890521475645,0.0126715463988623,0,0.00585627177761975,0,0.0109827609726692,0,0,0,0.264639700777243,0,0.000287083750985476,0,0.00175771712300873,0,0.0342266642165992,0,0,0.0013883295315289,0,0,0,0.0374850006793895,0,0.0134015025018464,0,0.00115678429358155,0,0.000734261418394788,0,0,0,0,0,0.000262520373130547,5.4858232597869e-06,0.00043275198679016,0.00612521523091857,6.9115548433175e-06,0.0236235395419913,0,0.00690489914813818
0,0.157249155044884,0,0.0548020398512318,0,0,0,0,0,0,0,0.000634883256082699,0,0,0,0.024277096969328,0.000359961229016731,0.00265218459018387,0.00674520780993149,0.000490074904922151,0,0,0,0.0213063807363749,0,0.00769215109339781,0,0,0,0,0,0,0,0,0,0.000282247382600367,0,0.000271682913991139,0,0.000687637353613006,0,0.0661366296854231,0.000112105428566891,0.00916540649176396,0,0.0195922498317225,0.000154510973339532,0,0,0.0254307614152,0,0,0,0,0,0.176795987447823,0,0.000238886787074845,0,0,0,0.0115422259876421,0.00992291908200497,0,0,0,0.00350419764704028,0,0.00434013119550877,0,0.00536531136284979,0,0.000456619787311149,0,0,0,0,0,0.000569905851888659,0,0.000796540430685616,0,0.00244084160142561,9.85039990766817e-05,0.0456399023730074,0.00854934898169193,0
0,0,0,0,0,0,0.000613942354479868,0,0,0,0,0,0.02751802723279,0,0,0,0,0,0,0,0.0309850349250011,0,0,0,0,0,0,0,0.00128191518540188,0,0.0162392767479509,0,0,0,0,0,0.00193871321103403,0,0.00192740333913801,0,0,0,0,0,0,0,0.00173311114977105,0,0,0,0,0,0,0,0,0,0.287399331019871,0,0.000325197241818801,0,0,0,0,0.00992720227518508,0,0,0,0,0,0,0,0.000360015207210752,0,0.0112866872035049,0,0,0,0,0,4.44925621296676e-05,0,0,0.00207724157763386,0.000128880695861013,0.00118559506622745,0,0
0,0.00116794751784139,0,5.01886201307948e-05,0,0,0,0.00153076020119946,0,0.000634883256082699,0,0,0,0.00167221470224922,0,0,0,4.50861873237942e-05,0.000160955780368908,0.080415745073569,0,0,0,0,0,0,0,0.00127479510892409,0,0.0330648230455535,0,0,0,0,0,0.00054470416760605,0,0.00378222776537753,0,0,0,0.00016531476628039,0,0,0,0.000623715425233003,0,0,0,6.89022504578481e-05,0,0,0,0,0,0,0,0.189299179231445,0,0.000489401398226619,0,0,0.0634968048866716,0,0,0,0,0,0,0,0.00196597093919446,0,0.0386399933550307,0,0,0,0,0,1.06976527867311e-05,0,0,0,0.00299630494515863,0.000218827225944929,0.003070239036562,3.91038764746556e-05,0
5.56409772310695e-05,0,3.78446384156038e-05,0,0,0,0.000197542258132899,0,0,0,0.02751802723279,0,0,0,0.0186983262620143,0,0,0,5.34974064867987e-05,0,0,0,0,0,0,0,0,0,0.00678974678659785,0,0,0,0,0,0,0,0,0,0,0,0,0,2.50262888835868e-05,0,0,0,0,0,3.2377516785357e-05,0,0,0,0.00562298638442547,0,0,0,0.00836179748327948,0,0.105037042787235,0,0.00210976746477016,0,0,0,0,0,0,0,0,0,0,0.0043377589898863,0,0,0,0,0,0,0,0,0,0,0.000768688728526041,0.00174795249161279,0,0,0
0,0,0,0,0,0,0,0,0,0,0,0.00167221470224922,0,0,0,0,0,3.56006256109889e-05,0,0,0,0,0,0,0,0.00433245458294534,0,0.0212569529701032,0,0,0,0,0,0,0,0,0,0,0,0,0,0,0,0,0,0,0,0,0,0,0,0,0,0,0,0,0,0.0453747405362056,0,0.0491064070405422,0,0.00221843939512471,0,0,0,0,0,0,0.00357427757257483,0,0.011092691923221,0,0,0,0,0,0,0,0,0,0,0,0.000137256081257653,0.00012207498904656,0,0,0
0.00941723454341603,0,0.0202999124771292,0,0.000260559447507608,0,0,0,0.0236464364925897,0,0,0,0.0186983262620143,0,0,0,9.02577879188537e-05,0,8.31001176171508e-05,0,0.000161235555120431,0,0,0,0.00137769110252092,0,0.00702671795295936,0,0,0,0,0,0,0,0,0,1.19719061008853e-05,0,3.441305852252e-05,0,0,0,0.00448226180022375,0,0,0,0.000178964183121945,0,0.00734462548705087,0,0.000473218041567344,0,0,0,0.0659009823031749,0,0.000115840233713464,0,0.00848362099431978,0,0.0879696239900506,0,0,1.52378934695986e-05,0,0,0,0.00578153152392447,4.12209444831959e-05,0.00949820917152242,0,1.55784154752495e-05,0,0,0,0,0,0,0,1.44375807032547e-05,1.30550385449575e-05,1.99610361001585e-05,0.00212765726770801,0.000169632476668745,0.00171329999736595,0,0.000204991020549073
0,0.0923505079922111,0,0.0147045391327651,0,0,0,0,0,0.024277096969328,0,0,0,0,0,0,0,0.00109911953129768,0.000173889756937045,0,0,0,0,0.0607975988037128,0,0.052212915281216,0,0,0,0,0,0,0,0,0,0,0,8.6407469125333e-05,1.32620508427449e-05,0,0,0.0162638902399841,0.00017616513034333,0,0,0.000292780256481817,0,0,0,0.009593673540632,0,0.0148483500711389,0,0,0,0.0555903314988254,0,6.98048263076028e-05,0,0.000199619487811983,0,0.0773921463420337,0,0,0,0,0.0122674434549142,0,0.0442691381302649,0,0.0045068440587174,0,0,0,0,0,0,0,8.76388823525027e-06,0,0.000142097832674801,0,0.000648366129744627,0.000966891456969337,0.00409123905780588,0.000411737239078552,0
0.000498630027036942,0.000184415149906688,0.000134314865441685,0.000185943316775843,0,0,0,0,0.00270421236826487,0.000359961229016731,0,0,0,0,9.02577879188537e-05,0,0,0.147411285097541,0.0394468617448872,0,6.59837757556383e-06,0,0.000330216163742775,0,0.00450493193324183,0,0.0113256624568895,0,0,0,0,0,0,0,0,0,0,1.46809826092583e-05,4.83427388607989e-05,1.41633261901161e-05,0.000101995197218931,0.00182110074119534,0.0045156037326977,0.000392487959439644,0.00150785023020404,0.00207037121734287,0.00591289759281715,0,0.000142784551682519,2.24863001178687e-05,0,0,0,0,5.7374865037927e-05,2.91764289406911e-05,0,0,0,0,4.13103193651698e-05,5.47507416143156e-05,0.000557012181405404,9.6083592167661e-05,0,0,0,0.000891456559140053,0,0.00189983041679667,4.79751260878867e-05,0,0,0,0,0,0,0,4.31015870331564e-05,0.000219764033779159,5.70290552243677e-06,6.16012320552213e-06,0.0428018361048198,0.0150507900257883,0.00447012624548886,0.000276645031340584,0.000993060911223632
0.00029597595552899,0.00140726219291627,0.000103534604518965,0.000600301142418113,0,0,0,0,0.000186155091438164,0.00265218459018387,0,4.50861873237942e-05,0,3.56006256109889e-05,0,0.00109911953129768,0.147411285097541,0,0.0535081448759213,3.15624681219246e-05,0,0.000131990429895103,0,0.0120580429524092,0,0.00347453454963625,0,0,0,0,0,0,0,0,0,1.55137068073003e-05,0,0.000563696102376175,0,3.23644202304815e-05,0.00016319180449204,0.00557038110182294,0.00148242183793856,0.00107381075254085,0.000415958889805699,0.00602380699328062,0.00417095364787778,0,3.77308737454611e-05,0.00040279546139554,0,0,0,0,0,0.00120833279527497,0,5.86665901381147e-06,0,6.09132089268369e-06,7.01248606794139e-05,0.00138643822387125,0.0013876324455127,9.69104927511782e-05,5.2838129939807e-05,0,0.00671152351023742,0,0.00418562953053745,0,0.000120943794455355,0,0,0,0,0,0,0,0.000344485429359528,9.68563004736026e-05,0.000251568036314852,0,0.0336432799323953,0.0109607700816138,0.00573245307092951,0.000884678424842166,0.000252228459310022
0.00791552733446643,0.00767493252420649,0.00179816936811206,0.00221044982198989,0,0,0,0,0.00663373788373527,0.00674520780993149,0,0.000160955780368908,5.34974064867987e-05,0,8.31001176171508e-05,0.000173889756937045,0.0394468617448872,0.0535081448759213,0,0.000241042424851828,2.53270615554386e-05,0,0,2.21526365718351e-05,0,0,0,0,0,0,0,0,0,0,0,0.000143378109114089,2.55002475735983e-05,0.000102257412493254,0,0.000339352714062482,0.00423289246851466,0.0739647595869186,0.0767113675353575,0.00563481388753394,0.0098343390673978,0.0467934205096764,0.0718114944843372,0,0.000943538255919595,0.0022287297599256,0,0,0,0,0.000259521240466181,0.00124552677321777,3.04248109128527e-05,0,0,0,0.00107771259065541,0.000781098682060046,0.00936291648397223,0.00188469122117061,0,0,2.24263472473986e-05,5.85937055161126e-05,6.35807627802088e-06,0,0.000210602757218673,1.2419078495584e-05,0.00014046557465491,0.000236505212849606,0,0,0,0,0.00146579764981053,0.00240700906020628,0.000618293373459899,9.4901139407851e-06,0.0244995767156917,0.000891669201037573,0.0614822831605917,0.0114763026125319,0.0172045680128602
0,0.00034601700971789,0,0.000278535030998259,0,0.000102130901999625,0,0,0,0.000490074904922151,0,0.080415745073569,0,0,0,0,0,3.15624681219246e-05,0.000241042424851828,0,0,0,0,0,0,0,0,0,0,0.00342878889385563,0,0,0,0,0,0.00826306515861881,0,0.00229498438558403,0,0,0,4.44905301852938e-05,0,0,0,0.00919303180077848,0,0,0,0.00112112188533979,0,0,0,0,0,0,0,0.0246023642746523,0,0,0,0,0.204582368361097,0,0,0,0,0,0,0,5.134492559965e-05,0,0.0167883013164129,0,0,0,0,0,0.000297779520027941,0,0,0,0.00406776121114867,2.68796137995387e-05,0.00525890357652811,3.04404206747386e-05,0
0.000101539497823377,0,0.00509647623037681,0,0,0,0,0,0,0,0.0309850349250011,0,0,0,0.000161235555120431,0,6.59837757556383e-06,0,2.53270615554386e-05,0,0,0,0,0,0,0,0,0,0,0,0,0,0,0,0,0,0.00335013748731579,0,0.00020367484640631,0,0,0,3.63083665550068e-05,0,0,0,0.028122733485084,0,0.00215494581662682,0,0,0,0,0,0,0,0.0638147829747625,0,0.000248449792016104,0,0.000191801735220925,0,0,0.248410829753908,0,0,0,0,0,0,0,0,0,0,0,0,0,0,0,0.00441237744824996,0,0,0.00188478202164916,1.38635045690114e-06,0.00768167758470176,0,4.64034338816706e-05
0,0,0,0,0,0,0,0,0,0,0,0,0,0,0,0,0,0.000131990429895103,0,0,0,0,0.0187123531899865,0.0109685862741441,0,0.00665671341131763,0,0.00635150352180506,0,0,0,0,0,0,0,0,0,0.01947166005715,9.83530199733951e-05,0,0,0,0,0,0,0,0,0,0,0.000407150121293193,0,0,0,0,0,0,0,0,0,0,0,0,0,0,0.130411011754653,0.00419331492137089,0.0124311251203103,0,0.000227316481048453,0,0.00136389513004331,0,0,0,0,0,0,0,0,0,0.00473931326914886,3.39409784220248e-06,0.00493217896763695,0.00547556351186806,0,0,0
0,0,0,0,0,0,0,0,0,0,0,0,0,0,0,0,0.000330216163742775,0,0,0,0,0.0187123531899865,0,0,0.0220797557447737,0,0.00170983344838459,0,0.0161778475363846,0,0,0,0,0,0,0,0,0,0.0157932601676107,0,0,0,0,0,0,0,0,0,0.0103172327268875,0,0,0,0,0,0,0,0,0,0,0,0,0,0,0,0.00444106784727367,0.155161095731559,0,0.00386310895466608,0,0.00361253391780824,0,0.00411819076760833,0,0,0,0,0,0,0,0,0,0.00240812748375079,0.00382684143766088,0.00657478330342611,0,0,0
0.000101103290687882,0.0704645652544235,0,0.000168255715560269,0,0,0,0,0,0.0213063807363749,0,0,0,0,0,0.0607975988037128,0,0.0120580429524092,2.21526365718351e-05,0,0,0.0109685862741441,0,0,0.000120693913721341,0.0517386617182405,0,0,0,0,0,0,0,0,0,0,0,0.00852289221128962,0.000120405979574765,0,0,0.0216996486450843,0.00048890756267775,0,0,9.06850348000672e-05,0,0,0,0.0133970918670994,0,0,0,0,0,0.144051606610926,0,6.98592758922581e-05,0,6.61563712428329e-05,0,0.0186927822870343,4.85571287980421e-05,0,0.00329543109734179,0,0.165158795239862,0.000146487132286714,0.126479990596628,0,0.00561916987180695,0,0,0,0,0,0,0,9.13621844519059e-06,0,0.00779065182455628,0,0.00222952243706521,0.000109978181788683,0.00597971037998555,0.000714660754998177,0
0.0113460614682678,0,0,0,0,0,0,0,0.102992554126736,0,0,0,0,0,0.00137769110252092,0,0.00450493193324183,0,0,0,0,0,0.0220797557447737,0.000120693913721341,0,5.55322371943237e-05,0.0346651764989245,0,0,0,0,0,0,0,0,0,0,1.90868197194605e-05,0.0249088987480229,0,0,2.41611392810728e-05,0.00357369555551126,0,0,0,0,5.29396386441143e-05,0.0163161692399811,3.28037981746489e-05,0,0,0,0,0.0282083350681004,0,0,0,0,0,0.00252709312687585,0,0,0,0,0.0219865541516189,0,0.355968986316879,0,0.0482683110096045,0,0.000509479528766859,0,0,0,0,0,0,0,0,6.0402541175768e-05,0.0163890972871499,0.00218347299499424,0,0.00207885320377857,0,0
0,0.0054564441772354,0,0,0,0,0,0,0,0.00769215109339781,0,0,0,0.00433245458294534,0,0.052212915281216,0,0.00347453454963625,0,0,0,0.00665671341131763,0,0.0517386617182405,5.55322371943237e-05,0,0,1.38171644868024e-05,0,0,0,0,0,0,0,0,0,0.00121958346485932,0,0,0,0.00421183249786175,0,0,0,0.000115228249056595,0,0,0,0.00251476616051602,0,0,0,0,0,0.0498166323155596,0,0,0,0.00447018356917961,0,0.0196356394540115,0,0,0.0071551398323107,0,0.0529904924162881,0,0.125087976621251,0,0.00642337189093603,0,0,0,0,0,0,0,0,0,0.000767782483485094,0,0.000576312221106841,6.8394419835787e-05,0.00124589902296465,0,0
0,0,0,0,0,0,0,0,0.0384835139032392,0,0,0,0,0,0.00702671795295936,0,0.0113256624568895,0,0,0,0,0,0.00170983344838459,0,0.0346651764989245,0,0,0,0,0,0,0,0,0,0,0,0,0,0.00310996898396861,0,0,0,0.000235973207762545,0,0,0,0,0,2.2872648452711e-05,0,0,0,0,0,0.014117043212875,0,0,0,0,0,0,0,0,0,0,0.0032731486741421,0,0.0156958857738901,0,0.0929205252741481,0,0,0,0,0,0,0,0,0,0,3.98326074467698e-06,0.00575287132675094,0.000899627802723425,0,0.000251359259052917,0,0
0,0,0,0,0,0,0,0,0,0,0,0.00127479510892409,0,0.0212569529701032,0,0,0,0,0,0,0,0.00635150352180506,0,0,0,1.38171644868024e-05,0,0,0,0.00616954604984332,0,0,0,0,0,0,0,0.000361830207813277,0,0,0,0,0,0,0,0,0,0,0,0,0,0,0,0,0,0,0,0,0,0.00670305868757277,0,0,0,0,0.00344065777210851,0,2.42670509214846e-05,0,0.00184640851330801,0,0.0872726629694442,0,0,0,0,0,0,0,0,0,1.71372140187132e-05,0,0.00175856485851235,0.00384752331912821,0,0,0
0,0,0,0,0,0,0,0,0,0,0.00128191518540188,0,0.00678974678659785,0,0,0,0,0,0,0,0,0,0.0161778475363846,0,0,0,0,0,0,0,0.000191577445747057,0,0,0,0,0,0,0,1.62125797942281e-05,0,0,0,0,0,0,0,0,0,0,0,0,0,0,0,0,0,0.00256827549980505,0,0.000796442108128623,0,0,0,0,0,0,0.0027365488353912,0,0,0,0,0,0.0894707513773675,0,0,0,0,0,0,0,0,0,0,0.00187962181374327,0.00141871669420418,0,0,0
0,0,0,0,0,0,0,0,0,0,0,0.0330648230455535,0,0,0,0,0,0,0,0.00342878889385563,0,0,0,0,0,0,0,0.00616954604984332,0,0,0,0,0,0,0,0,0,0.000780482313304435,0,0,0,0,0,0,0,0,0,0,0,0,0,0,0,0,0,0,0,0.0134356774334763,0,0,0,0,3.14943474580665e-05,0,0,0,0,0,0,0,0.00292227997278203,0,0.127368715040622,0,0,0,0,0,0,0,4.99135986485774e-05,0,0.00015390872608966,1.12941706902348e-05,0.000255259361704676,0,0
0,0,0,0,0,0,0,0,0,0,0.0162392767479509,0,0,0,0,0,0,0,0,0,0,0,0,0,0,0,0,0,0.000191577445747057,0,0,0,0,0,0,0,0,0,0.00199617743809699,0,0,0,0,0,0,0,0,0,0,0,0,0,0,0,0,0,0.000663122505504404,0,0,0,0,0,0,0,0,0,0,0,0,0,0,0,0,0.0139331223764072,0,0,0,0,0,0,0,0,0.000114014294489127,0.000138691459743137,0,0,0
0,0,0,0,0,0,0,0,0,0,0,0,0,0,0,0,0,0,0,0,0,0,0,0,0,0,0,0,0,0,0,0,0.0389691219536336,0,0,0.000144757360091567,6.17388621918344e-05,0,0,0,0,0,0,0,0,0,0,0.122062798308651,0,0.0029391313792057,0,0,0,0,0,0,0,0,0,0,0,0,0,0,0,0,0,0,0,0,0,0,0,0,0.0208117832636477,0.0017675141079548,0,0,5.74780420867671e-05,0,0,0,0.00058860592088311,0,0,0,0
0,0,0,0,0,0,0,0,0,0,0,0,0,0,0,0,0,0,0,0,0,0,0,0,0,0,0,0,0,0,0,0.0389691219536336,0,0,0.0049920041958452,0,0.000330770925713281,0,0,0,0,0,0,0,0,0,0,0.0315461499118078,0,0,0,0,0,0,0,0,0,0,0,0,0,0,0,0,0,0,0,0,0,0,0,0,0,0,0,0.156710122838035,0,0.0192123279937823,0,0.000728457887755703,0,0,0.000483767095838075,0,0,0,0
0,0,0,0,0,0,0,0,0,0,0,0,0,0,0,0,0,0,0,0,0,0,0,0,0,0,0,0,0,0,0,0,0,0,0.112627662429917,0.00296782952854437,0,0.00726202315243354,0.00152853024696446,4.19681914961465e-05,0,0,0,0,0,0,0,0.0184058911646123,0,0.0144211510146947,0,0,0,0,0,0,0,0,0,0,0,0,0,0,0,0,0,0,0,0,0,0,0,0,0.000154925477798221,0,0.227673133526057,0.00172764956315875,0.000663294073594564,0,0.0041056370817664,0.00133087933284331,0.000909662649619414,0,0,0,0
0,0,0,0,0,0,0,0,0,0,0,0,0,0,0,0,0,0,0,0,0,0,0,0,0,0,0,0,0,0,0,0,0.0049920041958452,0.112627662429917,0,0,0.00170911501067372,8.26368035477644e-05,0.00409277764912439,0,0.00206037139562224,0,0,0,0,0,0,0.0228335251453262,0.00963032211313584,0,0,0,0,0,0,0,0,0,0,0,0,0,0,0,0,0,0,0,0,0,0,0,0,0,0,0.00233142525102524,0.00149867480648377,0.250073269702531,0,0.000301008110117874,0,0.00853205386138585,0.0013892071580785,0,0,0,0
2.71948399453116e-05,0.000181644377335615,3.76572408470469e-05,0.00055575442275542,3.93192669364576e-05,7.44161954612882e-05,0,0.000390828978158098,4.54462125412301e-05,0.000282247382600367,0,0.00054470416760605,0,0,0,0,0,1.55137068073003e-05,0.000143378109114089,0.00826306515861881,0,0,0,0,0,0,0,0,0,0,0,0.000144757360091567,0,0.00296782952854437,0,0,0.00626630502382816,0.0058486272042184,0,2.66263427089792e-05,0,0.000201832034892376,6.24437115937596e-05,0,0,8.26501964395198e-05,4.13848552036078e-06,0.000743283441713091,0.000189734128932939,3.00540256020922e-05,0,0,0,0,7.71423107551907e-06,2.02233725066538e-05,0,1.13631052493767e-05,0,0,6.0660076344446e-06,3.88178919336584e-05,0.00374491922560113,0,0,0,0,0,0,0,3.69935104091527e-06,0,0,0,0.000150596915771305,0,0.000372647926285441,0,0.0595902494223812,0.000681759103573876,0.00834344877359937,0,0.00597709227386034,0.000136506289677874,0.00135911892517284,2.43053416334169e-06,0
9.90379273496642e-05,0,0.00089121504495341,0,0.000801232705215024,0,0,0,6.5380773319246e-05,0,0.00193871321103403,0,0,0,1.19719061008853e-05,0,0,0,2.55002475735983e-05,0,0.00335013748731579,0,0,0,0,0,0,0,0,0,0,6.17388621918344e-05,0.000330770925713281,0,0.00170911501067372,0.00626630502382816,0,0,0.00818102590435257,0,0.000130954738729876,1.30417604258661e-05,0.000293664760210557,0,0,0,0.000374623656799409,0.000446496084000695,0.000515280735302156,0,8.90124519681889e-06,0,0,0,7.8132439946669e-05,0,0.000234817399334348,0,0,0,0.000143211235268314,0,0,0.00193575706519161,0,0,0,0,0,0,0,0,0,0,0,0,0,0.000789005200576245,0.00207608416111195,0.0583334866867,0,0.0192066633471406,0.00562575434938006,0.000128059995819763,0.00252721349606184,0,5.87651123598913e-06
2.05177165648511e-05,0.00046576752499841,0,2.00473676953913e-05,0,0,0,0,0,0.000271682913991139,0,0.00378222776537753,0,0,0,8.6407469125333e-05,1.46809826092583e-05,0.000563696102376175,0.000102257412493254,0.00229498438558403,0,0.01947166005715,0,0.00852289221128962,1.90868197194605e-05,0.00121958346485932,0,0.000361830207813277,0,0.000780482313304435,0,0,0,0.00726202315243354,8.26368035477644e-05,0.0058486272042184,0,0,0.0059057468322698,0,0,0.00354219696112732,0.00209542630776325,2.39278471551546e-05,0,0.000164148002656847,0,0.00253347203928227,3.27842310889579e-05,0.00307566193283646,0,0,0,0,0,0.000169601781212293,0,0.000173276173414296,0,0,8.06366062252277e-06,6.15303100618497e-05,0.00121928329122832,0,0.00661590405864251,0,0.00642448369395598,3.39309753423522e-05,0.0113671063541206,0,0.00209904260225597,0,1.91220769541833e-05,0,0,0,0.00190493025789871,0,0.00353507728966138,0,0.109193104171829,0.0017302016041981,0.00965914872223851,0.00158839853833776,0.0030417330798358,1.24160422724614e-05,0
0.000371908469771789,0,0,0,0,0,0,0,0.000162150021731412,0,0.00192740333913801,0,0,0,3.441305852252e-05,1.32620508427449e-05,4.83427388607989e-05,0,0,0,0.00020367484640631,9.83530199733951e-05,0.0157932601676107,0.000120405979574765,0.0249088987480229,0,0.00310996898396861,0,1.62125797942281e-05,0,0.00199617743809699,0,0,0.00152853024696446,0.00409277764912439,0,0.00818102590435257,0.0059057468322698,0,0,0,9.85120828026848e-05,0.00160113925931608,0,0,0,0,0.00310641143155046,0.0212929939589204,5.05998504164075e-05,0,0,0,0,0.000304933857952316,7.65951052600876e-06,0,0,0,0,0.000172484001687995,0,0,0.000143768468344217,3.46203585995298e-06,0.00757555267268476,7.79337765127903e-06,0.00872713219506773,5.33402310506926e-05,0.00127032003031545,0,0.0024581173352595,0,0,0,0,0,0.000792454327259424,0,0.00401555631645426,0.0011420909273049,0.110509493576546,0.00916595071070768,0.000650645249898299,0.00160188392749612,0,0
0,0.000334819085479544,0,0.000403141121192718,0,0,0,0,0,0.000687637353613006,0,0,0,0,0,0,1.41633261901161e-05,3.23644202304815e-05,0.000339352714062482,0,0,0,0,0,0,0,0,0,0,0,0,0,0,4.19681914961465e-05,0,2.66263427089792e-05,0,0,0,0,0,0.0172055681090123,1.49676146623814e-05,6.30138959290994e-05,0,0.00268131730890514,0,0.00828858972869735,0.000133276309841633,0.101253249826834,0,0,0,0,0,0.000203168521528727,0,0,0,0,0,0,0.000214862469940741,0,0,0,0,0,0,0,0,0,0,0,0,0,0,0,0.00127169714959756,0,0,0,0.000283914963821754,8.7998689414408e-07,0.0168094509733384,0.000261456003586635,0
0.00170627870546386,0,0.00174535166755458,0,0,0,0,0,0.00134373016346909,0,0,0,0,0,0,0,0.000101995197218931,0.00016319180449204,0.00423289246851466,0,0,0,0,0,0,0,0,0,0,0,0,0,0,0,0.00206037139562224,0,0.000130954738729876,0,0,0,0,0.000103974820960428,0.0150717175532383,0,0.000849292052942562,1.93272221842524e-05,0.0348483605926902,0,0.0752079529932948,0.00459099678566096,0,0,0,0,0,0,0,0,0,0,0.000155436353259068,0,0,0.000110651269050555,0,0,0,0,0,0,0,0,0,0,0,0.00106871842913883,0,0.00664502421394062,0,0.00490735768857744,0,0,0.000553029576847462,1.75593228929826e-06,0.0182951242685367,4.12051685205099e-05,0.00318129755860175
0.000302208389932126,0.0532747331963571,6.06254259068031e-05,0.0159457328083771,0,4.49237062518149e-05,0,0,0.000476913469021829,0.0661366296854231,0,0.00016531476628039,0,0,0,0.0162638902399841,0.00182110074119534,0.00557038110182294,0.0739647595869186,4.44905301852938e-05,0,0,0,0.0216996486450843,2.41611392810728e-05,0.00421183249786175,0,0,0,0,0,0,0,0,0,0.000201832034892376,1.30417604258661e-05,0.00354219696112732,9.85120828026848e-05,0.0172055681090123,0.000103974820960428,0,0.0928902200863782,0.00780605889959543,0.000206940896415079,0.107791135616195,0.000559610115895894,0.021103812073455,0.00288338653421375,0.0361093826065577,0,0,0,0,9.72437250359144e-05,0.0635830415713131,4.242137754672e-05,0.000460411569254845,0,2.83938607670114e-05,0,0.00982196900742275,0.0159783072287285,5.24368084334763e-05,0,0,0.00570104530100862,0.000169986197014854,0.00868847120872483,0,0.00148906011970234,0,0.00061030516010694,0,0,0,0,0,0.0028768047202553,2.31974600849928e-05,0.00350934622575413,0,0.0144071612760755,0.00133562835418064,0.124480261668102,0.0435581748614612,4.41175789417148e-05
0.0577678922414664,0.000292151090981495,0.0113877313591912,0.000119727121220684,0.00023521286782809,0,0,0,0.0626835028967601,0.000112105428566891,0,0,2.50262888835868e-05,0,0.00448226180022375,0.00017616513034333,0.0045156037326977,0.00148242183793856,0.0767113675353575,0,3.63083665550068e-05,0,0,0.00048890756267775,0.00357369555551126,0,0.000235973207762545,0,0,0,0,0,0,0,0,6.24437115937596e-05,0.000293664760210557,0.00209542630776325,0.00160113925931608,1.49676146623814e-05,0.0150717175532383,0.0928902200863782,0,0.000576796209085326,0.0115582149520288,0.000348047971854639,0.0850669997354999,0.0168660261709048,0.0484230062566378,0.0022491961134571,0,0,0,0,0.0321467706169462,0,0.00010140746732713,0,5.13028040996281e-05,0,0.0299565632281496,0,0.000162963661679531,0.00172691021602512,0,0,4.24596983542153e-05,0.00579079351952527,9.80848660120993e-05,0.000666949374865062,0,0.00132296426710947,0,0.00441059918142238,0,0,0,0,1.99837654713695e-05,0.00411202364835592,0.00052910028366139,6.78155283963234e-05,0.0226745928183406,0.000171826889615095,0.131370561967583,0.00175864149511507,0.0692995001260086
6.72119005762188e-05,0.00169074510093054,0,0.00227438750792081,0,0,0,0,0.000141037376686693,0.00916540649176396,0,0,0,0,0,0,0.000392487959439644,0.00107381075254085,0.00563481388753394,0,0,0,0,0,0,0,0,0,0,0,0,0,0,0,0,0,0,2.39278471551546e-05,0,6.30138959290994e-05,0,0.00780605889959543,0.000576796209085326,0,0.000253374796331876,0.0187777358685273,0.000334202162487958,0,0,0.000412956211009479,0,0,0,0,0,0.00207433016485422,0,0,0,0,0,0.000668175970525811,0.00106680942287227,0,0,0,0,0,0,0,3.59270953864622e-05,0,4.02990385377916e-05,0,0,0,0,0,0.000103538042127927,0,1.42931182709814e-05,0,0.000446609382554616,1.8840978140829e-05,0.00274791550632379,0.00871172733650494,0
0.00585110097125146,0,0.00111268470233284,5.45943836457539e-05,0,0,0,0,0.00638075067680835,0,0,0,0,0,0,0,0.00150785023020404,0.000415958889805699,0.0098343390673978,0,0,0,0,0,0,0,0,0,0,0,0,0,0,0,0,0,0,0,0,0,0.000849292052942562,0.000206940896415079,0.0115582149520288,0.000253374796331876,0,6.48664351782962e-05,0.024315899134979,0,0.000329815356548429,0,0,0,0,0,0.000735922943152903,0,0,0,0,0,0.000933294707042205,0,2.05060545373668e-05,0.000531570276875069,0,0,0,0,0,0,0,0,0,0,0,0,0,0,4.73333862801239e-06,0.00015505524681906,0,0,0.000931618010029249,1.38271474320963e-05,0.00682398820783036,0.000114720400865645,0.014571451745681
0.000154369959152283,0.0313038877897918,0,0.00893671404830589,0,0,0,0,0.000180890521475645,0.0195922498317225,0,0.000623715425233003,0,0,0,0.000292780256481817,0.00207037121734287,0.00602380699328062,0.0467934205096764,0.00919303180077848,0,0,0,9.06850348000672e-05,0,0.000115228249056595,0,0,0,0,0,0,0,0,0,8.26501964395198e-05,0,0.000164148002656847,0,0.00268131730890514,1.93272221842524e-05,0.107791135616195,0.000348047971854639,0.0187777358685273,6.48664351782962e-05,0,0.000803864651911935,0,0,0.00835608540522722,0,0,0,0,0,0.00169433755919795,0,0.00431309374348998,0,0,0,0.00147338974481828,0.10820011294101,0,0,0,5.44374646460066e-05,0,5.40875435301597e-05,0,0.000667994059360835,0,0.000664244862342651,0,0,0,0,0,0.00234523695344868,2.29416427588772e-05,0.000365096084730245,0,0.00502523496558056,0.000222679853709726,0.0569628354326342,0.0167249569310548,4.91438814467044e-05
0.0466657400255691,2.98876241159362e-05,0.0419971176243704,0,1.63838379698303e-05,0,0,0,0.0126715463988623,0.000154510973339532,0.00173311114977105,0,0,0,0.000178964183121945,0,0.00591289759281715,0.00417095364787778,0.0718114944843372,0,0.028122733485084,0,0,0,0,0,0,0,0,0,0,0,0,0,0,4.13848552036078e-06,0.000374623656799409,0,0,0,0.0348483605926902,0.000559610115895894,0.0850669997354999,0.000334202162487958,0.024315899134979,0.000803864651911935,0,0,0.00860643073576552,8.29001719186168e-05,0,0,0,0,0.000428673373229458,0,0.00223919540422792,0,0.000169629017869616,0,0.00134858592138414,2.03511018532084e-05,2.23054415497809e-05,0.146465807064148,0,0,0,0,0,4.05005016296776e-05,1.26057201467267e-05,0.000105787849333689,0,0.000138388945007195,0,0,0,0,1.76244430209372e-05,0.00633370542619564,9.37405769377015e-06,4.58385222674108e-05,0.00561899917357578,0.000147857876301628,0.0565249540059822,0.000153259164661541,0.0164258146018256
0,0,0,0,0,0,0,0,0,0,0,0,0,0,0,0,0,0,0,0,0,0,0,0,5.29396386441143e-05,0,0,0,0,0,0,0.122062798308651,0.0315461499118078,0.0184058911646123,0.0228335251453262,0.000743283441713091,0.000446496084000695,0.00253347203928227,0.00310641143155046,0.00828858972869735,0,0.021103812073455,0.0168660261709048,0,0,0,0,0,0.0395124386322807,0.0495508358346422,0,0,0,0,0,0,0,0,0,0,0,0,0,0,0,0,0,0,0,0,0,0,0,0,0.0194852402522961,0.0250263094942829,0.0295611885683356,0.0285758742119766,0.00058289446745646,0.000184169339270289,0,0.00213063773286755,0.0161838796522984,7.26182685848718e-05,0.0103763890390716,0,0
0.0589140591201179,0,0.0530661043375339,0,0.00050708062857965,0,0,0,0.00585627177761975,0,0,0,3.2377516785357e-05,0,0.00734462548705087,0,0.000142784551682519,3.77308737454611e-05,0.000943538255919595,0,0.00215494581662682,0,0.0103172327268875,0,0.0163161692399811,0,2.2872648452711e-05,0,0,0,0,0,0,0,0.00963032211313584,0.000189734128932939,0.000515280735302156,3.27842310889579e-05,0.0212929939589204,0.000133276309841633,0.0752079529932948,0.00288338653421375,0.0484230062566378,0,0.000329815356548429,0,0.00860643073576552,0.0395124386322807,0,0.0293151786519146,0,0,0,0,0.00586891009715713,0,0.00546146154235295,0,0.000153677508466905,0,0.036393515037644,0,0,0.00206221319206012,0,0.0185210643241899,0,0.00586592126688635,0,0.00612706644177794,0,0.00569415009393302,0,0.000336060705248235,0,0.00499118319215512,0,0.0508926211295627,2.18451803754853e-06,0.00266700375259016,0,0.0167333925910229,0.00329334815753066,2.16161490589116e-06,0.0590063285325648,0.000250385594398415,5.28838041445355e-05
5.88507388527993e-05,0.0542544271043546,0,0.00801365197693675,0,7.03128301456101e-05,0,0,0,0.0254307614152,0,6.89022504578481e-05,0,0,0,0.009593673540632,2.24863001178687e-05,0.00040279546139554,0.0022287297599256,0.00112112188533979,0,0.000407150121293193,0,0.0133970918670994,3.28037981746489e-05,0.00251476616051602,0,0,0,0,0,0.0029391313792057,0,0.0144211510146947,0,3.00540256020922e-05,0,0.00307566193283646,5.05998504164075e-05,0.101253249826834,0.00459099678566096,0.0361093826065577,0.0022491961134571,0.000412956211009479,0,0.00835608540522722,8.29001719186168e-05,0.0495508358346422,0.0293151786519146,0,0,0,0,0,0,0.0357430114817418,0,0.0185079857696805,0,0.000232138419591765,0,0.0711339350570612,0.00612398743436343,0,0.00331735995619431,0,0.0019128647110293,0,0.0217101871915574,0,0.0310778213523931,0,0.0212963637906142,0,0.000491894912742521,0,0.0447768298390878,0,0.00136446371565386,0,0.00200968631896534,0,0.00178891113077975,3.89286885495464e-05,0.0450468534250323,0.000223431055371653,0
0.00116827777937564,0,0.0550164421542495,0,0.12225489429995,0,0.00455662140016022,0,0.0109827609726692,0,0,0,0,0,0.000473218041567344,0,0,0,0,0,0,0,0,0,0,0,0,0,0,0,0,0,0,0,0,0,8.90124519681889e-06,0,0,0,0,0,0,0,0,0,0,0,0,0,0,0,0.00351273460852208,0,0.0228099680265438,0,0.0125155534889576,0,0.00311587045232247,0,0.00986043219113552,0,0,4.62440954996438e-05,0,0,0,0,0,0,0,0,0,0,0,0,0,0,0,0,0,0,0.000960610066249509,0.000251995053101589,3.93876818863981e-05,0,0
0,0,0,0,0,0.175659132921086,0,0.00157877053219557,0,0,0,0,0,0,0,0.0148483500711389,0,0,0,0,0,0,0,0,0,0,0,0,0,0,0,0,0,0,0,0,0,0,0,0,0,0,0,0,0,0,0,0,0,0,0,0,0,0.00689357398232199,0,0,0,0.00594206330929091,0,7.59488334521261e-05,0,0.0209890087477044,0,0,0,0,0,0,0,0,0,0,0,0,0,0,0,0,0,0,0,0,0.000421020459155009,0,0,0,0
0,0,0,0,0.00185808853711933,0,0.00149101740422119,0,0,0,0,0,0.00562298638442547,0,0,0,0,0,0,0,0,0,0,0,0,0,0,0,0,0,0,0,0,0,0,0,0,0,0,0,0,0,0,0,0,0,0,0,0,0,0.00351273460852208,0,0,0,0,0,0.010352896399439,0,0.00945046799081232,0,0,0,0,0,0,0,0,0,0,0,0,0,0,0,0,0,0,0,0,0,0,0,2.28537321489111e-05,0,0,0,0
0,0,0,0,0,0.0113296631441108,0,0.0019413944326219,0,0,0,0,0,0,0,0,0,0,0,0,0,0,0,0,0,0,0,0,0,0,0,0,0,0,0,0,0,0,0,0,0,0,0,0,0,0,0,0,0,0,0,0.00689357398232199,0,0,0,0,0,0.00346948103115369,0,0,0,0,0,0,0,0,0,0,0,0,0,0,0,0,0,0,0,0,0,0,0,0,1.08504605804806e-05,0,0,0,0
0.224649961599181,0,0.0236171053189009,0,0.020599339333769,0,0,0,0.264639700777243,0,0,0,0,0,0.0659009823031749,0,5.7374865037927e-05,0,0.000259521240466181,0,0,0,0,0,0.0282083350681004,0,0.014117043212875,0,0,0,0,0,0,0,0,7.71423107551907e-06,7.8132439946669e-05,0,0.000304933857952316,0,0,9.72437250359144e-05,0.0321467706169462,0,0.000735922943152903,0,0.000428673373229458,0,0.00586891009715713,0,0.0228099680265438,0,0,0,0,0,0.000169226400970279,0,0.000459390060067998,0,0.0857278247550673,0,0,4.26465839287894e-05,0,0,0,0.055316338902921,0,0.00696901276665073,0,0.00208551887324313,0,0.000198451358982908,0,0,0,0,0,2.00297030883489e-05,4.21218323525604e-06,0.000243557419133256,0.00261975103806175,0.000117782824217917,0.00879251326485699,0,0.000253759443485267
0,0.0506436479445318,0,0.00869792919774072,0,0,0,0,0,0.176795987447823,0,0,0,0,0,0.0555903314988254,2.91764289406911e-05,0.00120833279527497,0.00124552677321777,0,0,0,0,0.144051606610926,0,0.0498166323155596,0,0,0,0,0,0,0,0,0,2.02233725066538e-05,0,0.000169601781212293,7.65951052600876e-06,0.000203168521528727,0,0.0635830415713131,0,0.00207433016485422,0,0.00169433755919795,0,0,0,0.0357430114817418,0,0,0,0,0,0,0,0.000504576971601558,0,0.00257754302215384,0,0.0223005407106158,0.000263695903373984,0,0,0,0.0188432941988315,0,0.0639349556081284,0,0.00523309284714622,0,0.00080902573690563,0,0,0,0,0,3.99933490716855e-05,0,0.000326878998532395,0,0.00178528118219684,7.20081896517018e-05,0.0179303015106679,0.00980727913733591,0
0.00918512450909051,0,0.00140988517408401,0,0.00134382125679716,0,0,0,0.000287083750985476,0,0.287399331019871,0,0.00836179748327948,0,0.000115840233713464,0,0,0,3.04248109128527e-05,0,0.0638147829747625,0,0,0,0,0,0,0,0.00256827549980505,0,0.000663122505504404,0,0,0,0,0,0.000234817399334348,0,0,0,0,4.242137754672e-05,0.00010140746732713,0,0,0,0.00223919540422792,0,0.00546146154235295,0,0.0125155534889576,0,0.010352896399439,0,0.000169226400970279,0,0,0,0.0510292272092077,0,0.00287307560321351,0,0,0.022139675137408,0,0,0,0,0,0,0,9.48606073314221e-05,0,0.00234374820343066,0,0,0,0,0,5.23601301938031e-05,0,0,0.000102765256201529,0,0.0105953912737918,0,0
0,0.000741200153010277,0,0.0240313259302204,0,0.0316014682508162,0,0.00448373045510307,0,0.000238886787074845,0,0.189299179231445,0,0.0453747405362056,0,6.98048263076028e-05,0,5.86665901381147e-06,0,0.0246023642746523,0,0,0,6.98592758922581e-05,0,0,0,0,0,0.0134356774334763,0,0,0,0,0,1.13631052493767e-05,0,0.000173276173414296,0,0,0,0.000460411569254845,0,0,0,0.00431309374348998,0,0,0,0.0185079857696805,0,0.00594206330929091,0,0.00346948103115369,0,0.000504576971601558,0,0,0,0.0320378505296972,0,0.0153001668066502,0.0105970121028564,0,0,0,3.18048309069004e-05,0,0.000209056381991692,0,0.000693714175415569,0,0.0885659486194609,0,0,0,0,0,1.95636119074578e-06,0,3.51130970819164e-06,0,0.00150453709278468,0.000891768885889883,0.00988276482942847,0,0
0.000729892688309336,0,0.000333929494985512,0,0.000247444558122014,0,0,0,0.00175771712300873,0,0.000325197241818801,0,0.105037042787235,0,0.00848362099431978,0,0,0,0,0,0.000248449792016104,0,0,0,0,0,0,0,0.000796442108128623,0,0,0,0,0,0,0,0,0,0,0,0,0,5.13028040996281e-05,0,0,0,0.000169629017869616,0,0.000153677508466905,0,0.00311587045232247,0,0.00945046799081232,0,0.000459390060067998,0,0.0510292272092077,0,0,0,0.021809052567884,0,0,0.000142540027294667,0,0,0,0,0,0,0,0.00276182005615251,0,0,0,0,0,0,0,5.17219615229803e-06,0,0,0.00011559430389955,0.000345152024814889,0.00133869306143504,0,0
0,3.68665491593357e-05,0,0.00715985706860299,0,8.81097563370193e-05,0,0,0,0,0,0.000489401398226619,0,0.0491064070405422,0,0.000199619487811983,0,6.09132089268369e-06,0,0,0,0,0,6.61563712428329e-05,0,0.00447018356917961,0,0.00670305868757277,0,0,0,0,0,0,0,0,0,0,0,0,0,2.83938607670114e-05,0,0,0,0,0,0,0,0.000232138419591765,0,7.59488334521261e-05,0,0,0,0.00257754302215384,0,0.0320378505296972,0,0,0,0.0103875599639262,0,0,0,0,0,0,0.00419535520189678,0,0.0179475118185126,0,0,0,0,0,0,0,0,0,0,0,5.51354538444594e-05,2.44792603656136e-05,2.92704351631335e-05,0,0
0.169420381416452,0,0.118769778012334,0,0.00235282376719197,0,0,0,0.0342266642165992,0,0,0,0.00210976746477016,0,0.0879696239900506,0,4.13103193651698e-05,7.01248606794139e-05,0.00107771259065541,0,0.000191801735220925,0,0,0,0.00252709312687585,0,0,0,0,0,0,0,0,0,0,6.0660076344446e-06,0.000143211235268314,8.06366062252277e-06,0.000172484001687995,0,0.000155436353259068,0,0.0299565632281496,0,0.000933294707042205,0,0.00134858592138414,0,0.036393515037644,0,0.00986043219113552,0,0,0,0.0857278247550673,0,0.00287307560321351,0,0.021809052567884,0,0,0,0,0.000233662023855831,0,0,0,0.0195843011768823,0,0.0166447168959609,0,0.00326576037885335,0,7.37299560785252e-05,0,0,0,0,0,0.000112940293103851,1.24903384169374e-05,0.0001956290424778,0.000877121160160483,0,0.00775280809378959,4.36520477402487e-05,0.000802958603697199
