0,0,0.280765720546246,0,0,0,0,0,0.124339502734634,0,0,0,0,0,0,0,0.328821420669556,0.305310398340225,0.278761651471396,0,0.423631489276886,0,0,0,0.249936578174432,0,0,0,0,0,0,0,0,0,0,0,0.373684537410736,0,0.256875377508902,0,0.386651166847774,0,0.344039501458086,0,0,0,0.316205917434259,0.326954007148743,0.322865548433286,0,0.259789526462555,0,0,0,0.145036667585373,0,0.378597497940063,0,0,0,0.27137653157115,0,0,0.314033463597298,0,0,0,0.265550677478313,0,0,0,0.407701879739761,0,0.395647445693612,0,0,0,0,0,0.365287503623587,0.347852021455765,0.430150858163834,0.321184216865471,0.309947967529297,0.326400037586589,0,0
0,0,0,0.172759637113445,0,0,0,0,0,0.159730487840844,0,0,0,0,0,0.144952117042108,0.352410584688187,0.315332025289536,0.278793790912532,0,0,0,0,0.167160987854004,0,0,0,0,0,0,0,0,0,0,0,0.370563313364983,0,0.351634842654069,0,0.365433377378127,0,0.364802198785964,0,0,0,0.328702235221863,0,0,0,0.219052106805259,0,0,0,0,0,0.158961033821106,0,0.273521709826685,0,0.223164168000221,0,0.18480559438467,0.358686491847038,0,0,0,0.179338422086504,0,0,0,0,0,0.374722093343735,0,0,0,0,0,0.369650781668466,0.408574372529984,0.180368488033613,0,0.32479218933936,0,0.298455691440961,0.325754582881927,0
0.280765720546246,0,0,0,0.190581944584847,0,0,0,0.177750994491836,0,0,0,0,0,0,0,0,0,0.259935618688663,0,0,0,0,0,0,0,0,0,0,0,0,0,0,0,0,0.239862877875566,0.259434321209004,0,0.303878577550252,0,0.268684662878513,0.303836077451706,0.294459041391788,0,0,0,0.227849702040354,0,0.219225825233893,0,0.246632392550337,0,0,0,0.159116351474372,0,0.277213196607604,0,0.272159283980727,0,0.249419961934504,0,0,0.287887662649155,0,0,0,0.294537613789241,0,0,0,0.319997102022171,0,0.308697462826967,0,0,0,0,0,0.313559858335389,0,0.291707187891006,0.269597626384899,0.272382260788055,0.284084903249114,0,0.264575153589249
0,0.172759637113445,0,0,0,0.197906631976366,0,0,0,0.141323278518929,0,0,0,0,0,0,0.295801520347595,0,0.255813564400415,0,0,0,0,0.299879401922226,0,0,0,0,0,0,0,0,0,0,0,0.203542548749182,0.242292456328869,0.290211634976523,0,0.269694878623403,0,0.274860227519498,0.280587315559387,0,0,0.261335371570154,0,0.264351427555084,0.243693128228188,0.216460884830286,0,0.234751432662523,0,0,0,0.199633148173953,0,0.277020403503501,0,0.285995511846109,0,0.254272574449287,0.312872084704312,0,0,0,0,0,0,0,0,0,0.311152535298514,0.267389088869095,0,0,0,0,0.270043424614098,0.219233259558678,0.347304274638494,0,0.25816248372818,0.246692156884819,0.259981668770174,0.267716783285141,0.246139854192734
0,0,0.190581944584847,0,0,0,0.15578466206789,0,0.200825877652495,0,0,0,0,0,0.242268305490999,0,0,0,0.249372705817223,0,0.147099103778601,0,0,0,0,0,0,0,0,0,0,0,0,0,0,0,0.198881700634956,0,0,0,0,0,0.262279103994369,0,0,0,0,0,0.232598826289177,0,0.215125327101394,0,0.17529208958149,0,0.233631718158722,0,0.209384426474571,0,0,0,0.250909544270614,0,0,0.149958096444607,0,0,0,0,0,0,0,0,0,0.263991127411524,0,0,0,0,0.217059016227722,0.224348435799281,0,0,0.195864619942291,0.242767667770386,0.211910889767434,0,0
0,0,0,0.197906631976366,0,0,0,0.207336223980771,0,0.1475237891078,0,0,0,0.177650210447609,0,0.224257217695534,0,0,0.269559029489756,0.147063292562962,0,0,0,0,0,0,0,0,0,0,0,0,0,0,0,0.184411652740978,0,0,0,0.276845902204514,0,0.25698404237628,0.272465735673904,0,0,0.308675706386566,0,0,0.239979334175587,0.230458065867424,0,0.223948252963878,0,0.23983885122068,0,0.205409885807471,0,0.160601245860259,0,0.178723532902567,0,0.229888791876628,0,0,0,0,0,0,0,0,0,0,0.281438810957803,0,0,0,0,0,0.220298022031784,0.261179774999619,0.281377673149109,0,0.204107557031615,0.189810894429684,0.230206389622442,0.272571384906769,0
0,0,0,0,0.15578466206789,0,0,0,0,0,0,0,0,0,0,0,0,0,0,0,0.179703711317136,0,0,0,0,0,0,0,0,0,0,0,0,0,0,0,0,0,0,0,0,0,0,0,0,0,0,0,0,0,0.186828186566179,0,0.194797022453842,0,0,0,0,0,0.129862367042473,0,0,0,0,0,0,0,0,0,0,0,0,0,0,0,0,0,0,0,0,0,0,0,0.198930650949478,0,0,0,0
0,0,0,0,0,0.207336223980771,0,0,0,0,0,0.167306652558701,0,0.23520242826027,0,0,0,0,0,0.16337525844574,0,0,0,0,0,0,0,0,0,0,0,0,0,0,0,0,0,0,0,0,0,0,0,0,0,0,0,0,0,0,0,0.284845649131707,0,0.261285983026028,0,0,0,0.181984430977276,0,0.164280522614717,0,0,0.165837044517199,0,0,0,0,0,0,0,0,0,0,0,0,0,0,0,0,0,0,0,0.208706460197767,0,0,0,0
0.124339502734634,0,0.177750994491836,0,0.200825877652495,0,0,0,0,0,0,0,0,0,0.226843563133273,0,0.18879596889019,0,0.27263930439949,0,0.140411149710417,0,0,0,0.197320382368852,0,0,0,0,0,0,0,0,0,0,0.223661586642265,0.245204778654235,0,0.237560951824372,0,0.271633664766947,0,0.258692283357415,0,0,0,0.260048568248749,0,0.243438983180871,0,0.238431473573049,0,0,0,0.233842850497144,0,0.279772616922855,0,0.290673613548279,0,0.215948247616155,0,0,0,0,0,0,0.221134525595927,0,0.237405714889367,0,0.35030671954155,0,0.305410465598106,0,0,0,0,0,0.308139070868492,0.29331961274147,0.280564531845891,0.19978463879247,0.220886845141649,0.255534220091457,0,0.255218267440796
0,0.159730487840844,0,0.141323278518929,0,0.1475237891078,0,0,0,0,0,0,0,0,0,0.187835968115873,0,0,0.211349919438362,0,0,0,0,0.215383397006407,0,0,0,0,0,0,0,0,0,0,0,0.172344187443907,0,0.242787691778031,0,0.224540323019028,0,0.25098708223912,0.259926497936249,0,0,0,0,0,0,0.175930457956651,0,0,0,0,0,0.271387364650985,0,0.148648147072111,0,0,0,0.182565464072873,0,0,0,0,0.211829117721035,0,0.17761830850081,0,0,0,0.284063011407852,0,0,0,0,0,0.226100131869316,0,0.241514792044957,0,0.176828542875862,0.201014563441277,0.223580474947013,0,0
0,0,0,0,0,0,0,0,0,0,0,0,0.138287330133803,0,0,0,0,0,0,0,0.139133500963894,0,0,0,0,0,0,0,0.189614995875779,0,0.231611370619407,0,0,0,0,0,0.171861146177564,0,0.151797263660612,0,0,0,0,0,0,0,0,0,0,0,0,0,0,0,0,0,0.231491063785288,0,0.145096069291593,0,0,0,0,0,0,0,0,0,0,0,0,0,0,0.21771846145558,0,0,0,0,0,0,0,0.199896219172008,0.168021660432354,0.11834978312254,0,0,0
0,0,0,0,0,0,0,0.167306652558701,0,0,0,0,0,0.135257623059318,0,0,0,0,0,0.133579134129294,0,0,0,0,0,0,0,0,0,0.144261889035503,0,0,0,0,0,0.122526418050808,0,0.160769302915767,0,0,0,0,0,0,0,0,0,0,0,0,0,0,0,0.191334895789623,0,0,0,0.228288025973696,0,0.144354259053415,0,0,0.135565727306851,0,0,0,0,0,0,0,0.147403128445148,0,0.193891877828296,0,0,0,0,0,0.151221652751538,0,0.162733071072157,0,0.143708093712727,0,0,0,0
0,0,0,0,0,0,0,0,0,0,0.138287330133803,0,0,0,0.203158242834939,0,0,0,0,0,0,0,0,0,0,0,0,0,0,0,0.157583497464657,0,0,0,0,0,0,0,0,0,0,0,0,0,0,0,0,0,0,0,0,0,0,0,0,0,0,0,0.203617619242007,0,0.20241355329752,0,0,0,0,0,0,0,0,0,0,0,0,0,0,0,0,0,0,0,0,0,0.160423888365428,0.164161652326584,0,0,0
0,0,0,0,0,0.177650210447609,0,0.23520242826027,0,0,0,0.135257623059318,0,0,0,0.198126299466406,0,0,0,0,0,0,0,0,0,0,0,0.153451462586721,0,0,0,0,0,0,0,0,0,0,0,0,0,0,0,0,0,0,0,0,0,0,0,0.18086956015655,0,0.238471263647079,0,0,0,0,0,0.165994770037449,0,0.17199178536733,0,0,0,0,0,0,0,0,0.149371274253901,0,0,0,0,0,0,0,0,0,0,0,0.208791982482143,0,0,0,0
0,0,0,0,0.242268305490999,0,0,0,0.226843563133273,0,0,0,0.203158242834939,0,0,0,0,0,0,0,0,0,0,0,0,0,0,0,0,0,0,0,0,0,0,0,0,0,0,0,0,0,0,0,0,0,0,0,0,0,0.244397042867015,0,0,0,0.254938614037302,0,0,0,0.212362284958363,0,0.199675164792849,0,0,0,0,0,0,0,0,0,0,0,0,0,0,0,0,0,0,0,0,0,0,0,0,0,0
0,0.144952117042108,0,0,0,0.224257217695534,0,0,0,0.187835968115873,0,0,0,0.198126299466406,0,0,0,0.130660653114319,0,0,0,0,0,0,0,0,0,0,0,0,0,0,0,0,0,0,0,0,0,0,0,0,0,0,0,0,0,0,0,0.123616673052311,0,0.259989796192558,0,0,0,0.194502202173074,0,0,0,0.238923093304038,0,0.240287271200442,0,0,0,0,0.231889322400093,0,0,0,0,0,0,0,0,0,0,0,0,0,0,0,0.191779204164491,0.18426854411761,0,0,0
0.328821420669556,0.352410584688187,0,0.295801520347595,0,0,0,0,0.18879596889019,0,0,0,0,0,0,0,0,0.203651879984056,0.310187033166867,0,0.348661671082179,0,0.171315906092871,0,0.180524125695229,0.159394577145576,0.131539975163303,0,0,0,0,0,0,0,0,0.33057464659214,0.329317895695567,0,0.334249585866928,0.328828891739249,0.302011632658903,0.281475333192132,0.273612746021204,0,0.265020310878754,0.312638088255315,0.303375862342747,0,0.342343151569366,0,0,0,0,0,0,0,0.290734350681305,0.354729861021042,0,0,0,0,0.327616061819227,0.3125533554981,0,0,0,0,0,0.144557828948434,0,0,0.329363465309143,0.316292109814557,0,0,0,0,0.338124347465664,0.327147984359049,0.335809716293889,0.350340794575842,0.209645508819882,0.162269446401382,0.309614686120767,0.286094267578686,0.283201866839305
0.305310398340225,0.315332025289536,0,0,0,0,0,0,0,0,0,0,0,0,0,0.130660653114319,0.203651879984056,0,0.313185513503214,0,0,0,0.174983814358711,0,0,0.157191778488812,0,0,0,0,0,0,0,0,0,0.333752567768097,0.350011453032494,0.344530630111694,0,0.320423675620038,0.318807498862346,0.284308477089955,0.290774148489748,0,0,0.302956830805693,0.303328666090965,0,0,0.306707710027695,0,0,0,0,0,0,0,0.297381659348806,0,0,0,0.287205129861832,0.321274956831565,0.333227275808652,0.125986481967725,0,0,0,0.175401085189411,0,0,0,0.335892796516418,0.317903046806653,0,0,0,0,0.320868977038554,0.336451012534755,0.339534460521135,0.371830619043774,0.209041191480643,0.199081939025597,0.311486805828524,0.291688794468312,0.30034607052803
0.278761651471396,0.278793790912532,0.259935618688663,0.255813564400415,0.249372705817223,0.269559029489756,0,0,0.27263930439949,0.211349919438362,0,0,0,0,0,0,0.310187033166867,0.313185513503214,0,0,0.392233062248964,0,0,0.24058298766613,0,0.277822121977806,0,0,0,0,0,0,0,0,0,0.371958598970823,0.346045903305509,0.372848638763992,0.36210904084146,0.328925759647262,0.313702567499827,0.235512664956951,0.226726748183575,0.199182203039527,0.24916648119688,0.30216125592738,0.307375457600923,0.300682812929153,0.211231690260672,0.33038963123839,0.268023699522018,0.254102418820063,0,0,0,0.241297569870949,0.304537683725357,0.319614724201315,0.275137513875961,0,0.236264497041702,0.241549894213676,0.323992868518513,0.32382899250508,0,0,0,0,0,0,0,0.314268693327904,0.370780556354412,0.344156310854969,0,0,0,0,0.355053871223977,0.342324190204182,0.398215411752068,0.374756960101812,0.256835969553301,0.267901650319497,0.336162455098277,0.267302706339672,0.250224687941912
0,0,0,0,0,0.147063292562962,0,0.16337525844574,0,0,0,0.133579134129294,0,0,0,0,0,0,0,0,0,0,0,0,0,0,0,0,0,0,0,0,0,0,0,0.170187822628425,0,0.165945706381039,0,0.276060789823532,0,0,0,0,0,0.249380853027105,0,0,0,0,0,0.140651215994081,0,0.140479991833369,0,0,0,0.144553013800367,0,0,0,0,0.181790745404356,0,0,0,0,0,0,0,0,0,0.161977883428335,0,0,0,0,0,0.168851129986622,0,0.258675153056781,0,0.177631828582512,0,0.269123258150142,0,0
0.423631489276886,0,0,0,0.147099103778601,0,0.179703711317136,0,0.140411149710417,0,0.139133500963894,0,0,0,0,0,0.348661671082179,0,0.392233062248964,0,0,0,0,0,0,0,0,0,0,0,0,0,0,0,0,0,0.189394701833594,0,0.201234460628081,0,0.354007703065872,0,0.416991647332907,0,0,0,0.315121164140494,0,0.249007215102514,0,0.22011324763298,0,0,0,0,0,0.158396015127088,0,0,0,0,0,0,0.249567325426125,0,0,0,0,0,0,0,0,0,0.288771103322506,0,0,0,0,0,0.210208247639978,0,0.265601684065426,0.21029018621956,0,0.271186534315348,0,0.459614826100213
0,0,0,0,0,0,0,0,0,0,0,0,0,0,0,0,0,0,0,0,0,0,0.093953049932307,0.169365420675604,0,0.142771734808483,0,0.155084398264686,0,0,0,0,0,0,0,0,0,0.178256028873974,0,0,0,0,0,0,0,0,0,0,0,0.262622128833424,0,0,0,0,0,0,0,0,0,0,0,0,0,0,0.196063566664668,0,0.177285979583598,0,0.198880857609688,0,0.281630410191913,0,0,0,0,0,0,0,0,0,0.185789522559692,0,0.150407091216719,0.155286861693158,0,0,0
0,0,0,0,0,0,0,0,0,0,0,0,0,0,0,0,0.171315906092871,0.174983814358711,0,0,0,0.093953049932307,0,0,0.184482476769304,0,0.177515487391047,0,0.156137030720711,0,0,0,0,0,0,0,0,0,0.22251071854297,0,0,0,0,0,0,0,0,0.38991579413414,0.285842553608947,0,0,0,0,0,0,0,0,0,0,0,0,0,0,0,0.105012571379062,0.198821777148757,0,0.207523345809716,0,0.279029177298405,0,0.236138625961283,0,0,0,0,0,0,0,0,0,0.242678909287566,0.154613899851023,0.164183728142895,0.331688284873962,0,0
0,0.167160987854004,0,0.299879401922226,0,0,0,0,0,0.215383397006407,0,0,0,0,0,0,0,0,0.24058298766613,0,0,0.169365420675604,0,0,0,0.205395005766083,0,0,0,0,0,0,0,0,0,0,0,0.219950756219066,0,0,0,0,0,0,0,0,0,0,0,0,0,0,0,0,0,0.191731095810731,0,0,0,0,0,0,0,0,0.200736515778155,0,0.216679079998991,0,0.228263260227525,0,0.291324198246002,0,0,0,0,0,0,0,0,0,0.274264584764156,0,0.15843523567652,0,0.220530360937119,0,0
0.249936578174432,0,0,0,0,0,0,0,0.197320382368852,0,0,0,0,0,0,0,0.180524125695229,0,0,0,0,0,0.184482476769304,0,0,0,0.199937180429697,0,0,0,0,0,0,0,0,0,0,0,0.289959596145657,0,0,0,0,0,0,0,0,0.44644857943058,0.345242779763018,0,0,0,0,0,0.252452348841696,0,0,0,0,0,0.174964396016938,0,0,0,0,0.221628533863517,0,0.232642328556146,0,0.206623784542084,0,0,0,0,0,0,0,0,0,0,0,0.30480650586892,0.188352908565098,0,0.368464222367929,0,0
0,0,0,0,0,0,0,0,0,0,0,0,0,0,0,0,0.159394577145576,0.157191778488812,0.277822121977806,0,0,0.142771734808483,0,0.205395005766083,0,0,0,0.168066695332527,0,0,0,0,0,0,0,0,0,0,0,0,0,0,0,0,0,0,0,0,0,0,0,0,0,0,0,0,0,0,0,0,0,0,0,0,0.182672878637396,0,0.214416977403493,0,0.208847697355129,0,0,0,0,0,0,0,0,0,0,0,0,0,0.162502023205161,0,0,0,0
0,0,0,0,0,0,0,0,0,0,0,0,0,0,0,0,0.131539975163303,0,0,0,0,0,0.177515487391047,0,0.199937180429697,0,0,0,0,0,0,0,0,0,0,0,0,0,0,0,0,0,0,0,0,0,0,0,0,0,0,0,0,0,0,0,0,0,0,0,0,0,0,0,0,0.171229143937429,0,0.175055630505085,0,0.239549263598816,0,0.152976676821709,0,0,0,0,0,0,0,0,0,0,0.217263774360929,0,0,0,0
0,0,0,0,0,0,0,0,0,0,0,0,0,0.153451462586721,0,0,0,0,0,0,0,0.155084398264686,0,0,0,0.168066695332527,0,0,0,0.141476437306175,0,0,0,0,0,0,0,0.231738820672035,0,0,0,0,0,0,0,0,0,0,0,0,0,0,0,0,0,0,0,0,0,0,0,0,0,0,0.1595457926756,0,0,0,0,0,0.192765130504464,0,0,0,0,0,0,0,0,0,0.209094848483801,0,0.157483932952727,0,0,0,0
0,0,0,0,0,0,0,0,0,0,0.189614995875779,0,0,0,0,0,0,0,0,0,0,0,0.156137030720711,0,0,0,0,0,0,0,0.195062709125605,0,0,0,0,0,0,0,0,0,0,0,0,0,0,0,0,0,0,0,0,0,0,0,0,0,0.234162156971601,0,0.134894163480827,0,0,0,0,0,0,0.180386768033107,0,0,0,0,0,0.183791083158084,0,0.216730854978227,0,0,0,0,0,0,0,0.196505412459373,0.154721730501852,0,0,0,0
0,0,0,0,0,0,0,0,0,0,0,0.144261889035503,0,0,0,0,0,0,0,0,0,0,0,0,0,0,0,0.141476437306175,0,0,0,0,0,0,0,0,0,0.155939668981415,0,0,0,0,0,0,0,0,0,0,0,0,0,0,0,0,0,0,0,0.150704974929492,0,0,0,0,0,0,0,0,0,0,0,0,0.149586814309447,0,0.202559747506435,0,0,0,0,0,0,0,0.165908081890786,0,0,0,0,0,0
0,0,0,0,0,0,0,0,0,0,0.231611370619407,0,0.157583497464657,0,0,0,0,0,0,0,0,0,0,0,0,0,0,0,0.195062709125605,0,0,0,0,0,0,0,0,0,0.172825185868603,0,0,0,0,0,0,0,0,0,0,0,0,0,0,0,0,0,0.243080281256559,0,0,0,0,0,0,0,0,0,0,0,0,0,0,0.16783843755722,0,0.229830480897855,0,0,0,0,0,0,0,0.194285233815511,0.17681983781272,0,0,0,0
0,0,0,0,0,0,0,0,0,0,0,0,0,0,0,0,0,0,0,0,0,0,0,0,0,0,0,0,0,0,0,0,0.191941947042942,0.335686519276351,0.331883215904236,0.224756315134574,0.116646750697068,0,0,0,0,0,0,0,0,0,0,0.349651227180234,0.434824330939187,0.555738978087902,0,0,0,0,0,0,0,0,0,0,0,0,0,0,0,0,0,0,0,0,0,0,0,0,0.239004287341929,0.156594960602245,0.221996626319134,0,0.261518727336079,0.117946806314744,0,0,0.155902553349733,0,0.518632784485817,0,0
0,0,0,0,0,0,0,0,0,0,0,0,0,0,0,0,0,0,0,0,0,0,0,0,0,0,0,0,0,0,0,0.191941947042942,0,0.28877329826355,0.355174842861391,0,0.257349108430472,0,0,0,0,0,0,0,0,0,0,0.315410956178464,0.40429088132722,0,0,0,0,0,0,0,0,0,0,0,0,0,0,0,0,0,0,0,0,0,0,0,0,0,0.176295938737252,0.239423867367873,0,0.188294700101802,0,0.290240031212862,0,0,0.125075510144234,0,0,0,0
0,0,0,0,0,0,0,0,0,0,0,0,0,0,0,0,0,0,0,0,0,0,0,0,0,0,0,0,0,0,0,0.335686519276351,0.28877329826355,0,0.202582924354931,0.154896715321602,0,0.357906240721544,0.301751968860626,0,0,0,0,0,0,0,0,0.406717000814931,0.459214568138123,0.555228586707796,0,0,0,0,0,0,0,0,0,0,0,0,0,0,0,0,0,0,0,0,0,0,0,0,0.324162933975458,0,0.21816356519018,0.160944960911402,0.273635985595839,0,0.196805832087994,0.230835918337107,0.348245779805037,0.220457300543785,0.474735364317894,0,0
0,0,0,0,0,0,0,0,0,0,0,0,0,0,0,0,0,0,0,0,0,0,0,0,0,0,0,0,0,0,0,0.331883215904236,0.355174842861391,0.202582924354931,0,0,0.240148996313413,0.394033618414631,0.541676752086057,0,0,0,0,0,0,0,0,0.381128671251954,0.355958996470584,0,0,0,0,0,0,0,0,0,0,0,0,0,0,0,0,0,0,0,0,0,0,0,0,0,0,0.252470667435698,0.192807216386297,0.195265140941986,0,0.179517127483724,0.165884397923946,0.207138382619427,0.371220098639076,0.306078827381134,0.379624143242836,0,0
0,0.370563313364983,0.239862877875566,0.203542548749182,0,0.184411652740978,0,0,0.223661586642265,0.172344187443907,0,0.122526418050808,0,0,0,0,0.33057464659214,0.333752567768097,0.371958598970823,0.170187822628425,0,0,0,0,0,0,0,0,0,0,0,0.224756315134574,0,0.154896715321602,0,0,0.225090153740589,0.157087816973358,0,0.338457535865695,0.341503694653511,0.322839994836786,0.361632496118546,0.437576442956924,0,0.311728279982588,0,0.471663833090237,0.277949452400208,0.30976939201355,0.240594565868378,0.215135251132535,0,0,0,0.225089246034622,0.230932034552097,0.195868725792087,0.235079720616341,0.254374802112579,0.259487688541412,0.233563567201296,0.194101131833912,0,0,0,0,0,0,0,0,0,0.347897550889424,0.322309285402298,0.206847168803215,0,0.182434188191955,0,0.225985658234226,0.321299331262708,0.257436516293189,0,0.180239596134363,0.177199567254488,0.26962438390759,0.34841572315292,0
0.373684537410736,0,0.259434321209004,0.242292456328869,0.198881700634956,0,0,0,0.245204778654235,0,0.171861146177564,0,0,0,0,0,0.329317895695567,0.350011453032494,0.346045903305509,0,0.189394701833594,0,0,0,0,0,0,0,0,0,0,0.116646750697068,0.257349108430472,0,0.240148996313413,0.225090153740589,0,0,0.167932580926408,0.396307379007339,0.308233628804619,0.312517531216145,0.300116377217429,0,0,0.305442035198212,0.273488616404852,0.478610360525924,0.283773374557495,0,0.219151467084885,0,0,0,0.218152129650116,0,0.118041703935529,0,0.249131843447685,0,0.246197779263769,0,0,0.209684204563433,0,0,0,0,0,0,0,0,0,0.315794639862501,0,0.240876695013228,0,0.155676034926358,0.305807350806015,0.226377414824249,0,0.232406361237767,0.185276700879331,0.155882157461376,0.259426054258371,0.3738072514534,0.347995341386435
0,0.351634842654069,0,0.290211634976523,0,0,0,0,0,0.242787691778031,0,0.160769302915767,0,0,0,0,0,0.344530630111694,0.372848638763992,0.165945706381039,0,0.178256028873974,0,0.219950756219066,0,0,0,0.231738820672035,0,0.155939668981415,0,0,0,0.357906240721544,0.394033618414631,0.157087816973358,0,0,0.300980852157981,0.35493301153183,0,0.2885765658136,0,0,0,0.298484710913126,0,0.672358129653711,0,0.302592127546062,0,0,0,0,0,0.191019600106252,0,0.170793735531352,0,0,0,0,0.224261456357887,0.361412882804871,0.214635825759868,0,0.30992360206401,0,0,0,0.249856675416231,0,0.225835400819778,0,0,0,0.147020702560743,0.163130268454552,0.215953917638553,0.352489545941353,0.219461001918418,0.202512635290623,0.316684971937314,0.203061215303562,0.298149503012586,0.370204880833626,0.356402426958084
0.256875377508902,0,0.303878577550252,0,0,0,0,0,0.237560951824372,0,0.151797263660612,0,0,0,0,0,0.334249585866928,0,0.36210904084146,0,0.201234460628081,0,0.22251071854297,0,0.289959596145657,0,0,0,0,0,0.172825185868603,0,0,0.301751968860626,0.541676752086057,0,0.167932580926408,0.300980852157981,0,0,0.312020644545555,0.417072683572769,0.224022156288547,0,0,0.353185623884201,0.310286138688817,0.687333310148863,0.373429005805935,0,0,0,0,0,0.213200125039793,0,0.17795869757126,0,0,0,0.287297010421753,0,0,0.268939372485077,0,0.217615257611279,0,0.282891772902113,0,0.347903251647949,0,0,0,0.207983361933962,0,0,0.250357560813427,0.130501782521605,0,0.235221174853956,0.169539368152618,0.237346294976647,0.302511738205722,0.249643498981321,0.299759751372931,0,0.358424142003059
0,0.365433377378127,0,0.269694878623403,0,0.276845902204514,0,0,0,0.224540323019028,0,0,0,0,0,0,0.328828891739249,0.320423675620038,0.328925759647262,0.276060789823532,0,0,0,0,0,0,0,0,0,0,0,0,0,0,0,0.338457535865695,0.396307379007339,0.35493301153183,0,0,0.307825294137001,0.305260900715583,0.288343146443367,0.327919545680729,0,0.281727250150473,0.334959603846073,0.450382725025217,0,0.337418795851936,0,0,0,0,0,0.269306033849716,0,0.245339700153896,0,0,0,0,0.280371908315742,0.349390506744385,0,0,0,0,0,0,0,0,0.302435767582872,0.3704634308815,0,0,0,0,0.297503566664403,0.351138493418694,0.361110801394615,0.326969971259435,0.312865303847396,0.281179009005427,0.276190684963422,0.31833087674209,0.293105686704318
0.386651166847774,0,0.268684662878513,0,0,0,0,0,0.271633664766947,0,0,0,0,0,0,0,0.302011632658903,0.318807498862346,0.313702567499827,0,0.354007703065872,0,0,0,0,0,0,0,0,0,0,0,0,0,0,0.341503694653511,0.308233628804619,0,0.312020644545555,0.307825294137001,0,0.288346586482865,0.268315680378146,0,0.302496841975621,0.33755087852478,0.262646129549632,0,0.276407558470964,0,0.257022375861804,0.268961697816849,0,0,0.225406005978584,0,0.280507571995258,0,0,0,0.263974994421005,0,0.327273607254028,0.272522458773956,0,0,0,0,0,0,0,0,0.342319786548615,0.292181695239586,0,0,0,0,0.345149594194749,0.261390690549845,0.367344751954079,0.345602761094387,0.311184233415268,0.262258559465408,0.273385030916565,0.276263922452927,0.309899049394325
0,0.364802198785964,0.303836077451706,0.274860227519498,0,0.25698404237628,0,0,0,0.25098708223912,0,0,0,0,0,0,0.281475333192132,0.284308477089955,0.235512664956951,0,0,0,0,0,0,0,0,0,0,0,0,0,0,0,0,0.322839994836786,0.312517531216145,0.2885765658136,0.417072683572769,0.305260900715583,0.288346586482865,0,0.252403898967885,0.236308828537535,0.214385777711868,0.319312122979037,0.298141931494077,0.382869831644572,0.396756420532862,0.349279925514396,0,0.262836236258348,0,0,0,0.254049560085672,0,0.333948414629469,0,0.31201131939888,0,0.278570119757205,0.326577277272417,0.298284228891134,0,0,0.247509300708771,0,0,0,0,0,0.343838933502554,0.31978976726532,0,0,0,0,0.311689628305687,0.302307293257293,0.335058676699797,0.333363648504019,0.27777803710446,0.294516152545307,0.305092163164789,0.271225204171403,0.260061393891062
0.344039501458086,0,0.294459041391788,0.280587315559387,0.262279103994369,0.272465735673904,0,0,0.258692283357415,0.259926497936249,0,0,0,0,0,0,0.273612746021204,0.290774148489748,0.226726748183575,0,0.416991647332907,0,0,0,0,0,0,0,0,0,0,0,0,0,0,0.361632496118546,0.300116377217429,0,0.224022156288547,0.288343146443367,0.268315680378146,0.252403898967885,0,0.259120553731918,0.229469308698619,0.303444678895175,0.294794711822744,0.382447424574175,0.350797600039868,0.385715961456299,0.270115323803004,0.273311883211136,0,0,0.235642924227498,0.256251081824303,0.322080676231468,0.310714170336723,0.307455292769841,0,0.341694424825686,0,0.305261969566345,0.298834717714161,0,0,0,0,0,0,0,0.341315507888794,0.336648717522621,0.324642689075581,0,0,0,0,0.315687231719494,0.290799768246563,0.32293634613355,0.351304456007247,0.290464071279553,0.29091622361115,0.288428000237931,0.241207753618558,0.253048826236692
0,0,0,0,0,0,0,0,0,0,0,0,0,0,0,0,0,0,0.199182203039527,0,0,0,0,0,0,0,0,0,0,0,0,0,0,0,0,0.437576442956924,0,0,0,0.327919545680729,0,0.236308828537535,0.259120553731918,0,0,0.328867894682017,0,0,0,0.322857946157455,0,0,0,0,0,0,0,0,0,0,0,0,0.341734338890422,0,0,0,0,0,0,0,0,0,0,0,0,0,0,0,0.341219511899081,0,0,0,0.232431915899118,0.212785124778748,0.235307155251503,0.24234194457531,0
0,0,0,0,0,0,0,0,0,0,0,0,0,0,0,0,0.265020310878754,0,0.24916648119688,0,0,0,0,0,0,0,0,0,0,0,0,0,0,0,0,0,0,0,0,0,0.302496841975621,0.214385777711868,0.229469308698619,0,0,0,0.309235063092462,0,0,0,0,0,0,0,0,0,0,0,0,0,0,0,0,0.31971400976181,0,0,0,0,0,0,0,0,0,0.311775058507919,0,0,0,0,0,0.325572667643428,0,0,0.229309805414893,0.236024394631386,0.224057389497757,0,0
0,0.328702235221863,0,0.261335371570154,0,0.308675706386566,0,0,0,0,0,0,0,0,0,0,0.312638088255315,0.302956830805693,0.30216125592738,0.249380853027105,0,0,0,0,0,0,0,0,0,0,0,0,0,0,0,0.311728279982588,0.305442035198212,0.298484710913126,0.353185623884201,0.281727250150473,0.33755087852478,0.319312122979037,0.303444678895175,0.328867894682017,0,0,0.319593979252709,0,0,0.256957720329122,0,0.255956679582596,0,0,0,0,0,0.242762441265172,0,0,0,0,0.270936023592435,0.333649718761444,0,0,0,0,0,0,0,0,0.314875901987155,0.33265794813633,0,0,0,0,0.264394308428457,0.341634702403098,0.324839062901104,0.376105807721615,0.29342646540867,0.317987635731697,0.280646141317148,0.295279465291811,0.252143527070681
0.316205917434259,0,0.227849702040354,0,0,0,0,0,0.260048568248749,0,0,0,0,0,0,0,0.303375862342747,0.303328666090965,0.307375457600923,0,0.315121164140494,0,0,0,0,0,0,0,0,0,0,0,0,0,0,0,0.273488616404852,0,0.310286138688817,0.334959603846073,0.262646129549632,0.298141931494077,0.294794711822744,0,0.309235063092462,0.319593979252709,0,0,0.265414319932461,0,0.270111873745918,0,0,0,0,0,0.270128025895073,0,0,0,0,0,0.352054427067439,0.277735579890645,0,0,0,0,0,0,0,0.339573532342911,0.36668749153614,0.290109860568734,0,0,0,0,0.318697908094951,0.259175133378934,0.352518141269684,0.306951234190642,0.296222328693948,0.274941332638264,0.307697594456025,0.266741663217545,0.268889918213799
0.326954007148743,0,0,0.264351427555084,0,0,0,0,0,0,0,0,0,0,0,0,0,0,0.300682812929153,0,0,0,0.38991579413414,0,0.44644857943058,0,0,0,0,0,0,0.349651227180234,0.315410956178464,0.406717000814931,0.381128671251954,0.471663833090237,0.478610360525924,0.672358129653711,0.687333310148863,0.450382725025217,0,0.382869831644572,0.382447424574175,0,0,0,0,0,0.481725009701301,0.50230285964216,0,0.297849029302597,0,0,0,0,0,0,0,0,0,0,0,0,0,0.447077170014381,0,0.462784767150879,0,0,0,0,0,0,0.301028259157104,0.337550056990772,0.238087361220454,0.271657484419206,0.383618535271713,0.422106757854104,0,0.600311880578866,0.425675580079407,0.305594712495804,0.540832300693845,0.365784466266632,0
0.322865548433286,0,0.219225825233893,0.243693128228188,0.232598826289177,0.239979334175587,0,0,0.243438983180871,0,0,0,0,0,0,0,0.342343151569366,0,0.211231690260672,0,0.249007215102514,0,0.285842553608947,0,0.345242779763018,0,0,0,0,0,0,0.434824330939187,0.40429088132722,0.459214568138123,0.355958996470584,0.277949452400208,0.283773374557495,0,0.373429005805935,0,0.276407558470964,0.396756420532862,0.350797600039868,0,0,0,0.265414319932461,0.481725009701301,0,0.444685878740116,0.250806105136871,0.243894994258881,0,0,0.166424977571465,0.237733602523804,0.28441026679471,0,0.261289021798543,0,0.220051423779556,0,0,0.279705509543419,0,0.267667348496616,0,0.337381253684206,0,0.343158423900604,0,0.310634742180506,0,0.326130972619642,0.383411524387506,0.390255874548203,0.473491102457047,0.280821884671847,0,0.296207118779421,0,0.348235582358369,0.419118448561357,0.252508019859141,0.347883091297102,0,0.297811592618624
0,0.219052106805259,0,0.216460884830286,0,0.230458065867424,0,0,0,0.175930457956651,0,0,0,0,0,0.123616673052311,0,0.306707710027695,0.33038963123839,0,0,0.262622128833424,0,0,0,0,0,0,0,0,0,0.555738978087902,0,0.555228586707796,0,0.30976939201355,0,0.302592127546062,0,0.337418795851936,0,0.349279925514396,0.385715961456299,0.322857946157455,0,0.256957720329122,0,0.50230285964216,0.444685878740116,0,0,0.272578239440918,0,0,0,0.225048381090164,0,0.275604468500503,0,0.233007020644239,0,0.211799649521708,0.259135563265194,0,0.300160098658956,0,0.301447366980406,0,0.329251816496253,0,0.307025053126867,0,0.336354023142225,0,0.464759081602097,0,0,0,0.337267376482487,0.363598763942719,0.252784791568371,0.372117102146149,0.409040986698289,0.252642362163617,0.327704814104258,0.357211354103955,0
0.259789526462555,0,0.246632392550337,0,0.215125327101394,0,0.186828186566179,0,0.238431473573049,0,0,0,0,0,0.244397042867015,0,0,0,0.268023699522018,0,0.22011324763298,0,0,0,0,0,0,0,0,0,0,0,0,0,0,0.240594565868378,0.219151467084885,0,0,0,0.257022375861804,0,0.270115323803004,0,0,0,0.270111873745918,0,0.250806105136871,0,0,0,0.178664873043696,0,0,0,0.231612278088447,0,0.274282830180945,0,0.269991781378305,0,0,0,0,0,0,0,0,0,0,0,0,0.279889710247517,0,0,0,0,0,0.251550735905766,0,0,0.201812091501469,0.245292703310649,0.224856335228297,0,0
0,0,0,0.234751432662523,0,0.223948252963878,0,0.284845649131707,0,0,0,0,0,0.18086956015655,0,0.259989796192558,0,0,0.254102418820063,0.140651215994081,0,0,0,0,0,0,0,0,0,0,0,0,0,0,0,0.215135251132535,0,0,0,0,0.268961697816849,0.262836236258348,0.273311883211136,0,0,0.255956679582596,0,0.297849029302597,0.243894994258881,0.272578239440918,0,0,0,0.311010837554932,0,0.224542930722237,0,0.238676994425409,0,0.203373583880338,0,0.258278042558701,0.267554592341185,0,0,0,0,0,0,0,0,0,0.283031318336725,0,0,0,0,0,0.23553177162453,0.29069185256958,0.340817540884018,0,0.191634797122119,0.235417172312737,0.261863857580041,0,0
0,0,0,0,0.17529208958149,0,0.194797022453842,0,0,0,0,0,0,0,0,0,0,0,0,0,0,0,0,0,0,0,0,0,0,0,0,0,0,0,0,0,0,0,0,0,0,0,0,0,0,0,0,0,0,0,0.178664873043696,0,0,0,0,0,0.155848652124405,0,0,0,0,0,0,0,0,0,0,0,0,0,0,0,0,0,0,0,0,0,0,0,0,0,0.160217255353928,0,0,0,0
0,0,0,0,0,0.23983885122068,0,0.261285983026028,0,0,0,0.191334895789623,0,0.238471263647079,0,0,0,0,0,0.140479991833369,0,0,0,0,0,0,0,0,0,0,0,0,0,0,0,0,0,0,0,0,0,0,0,0,0,0,0,0,0,0,0,0.311010837554932,0,0,0,0,0,0.213496985684212,0,0.162800560394923,0,0,0.181727485938205,0,0,0,0,0,0,0,0,0,0,0,0,0,0,0,0,0,0,0,0.238869869410992,0,0,0,0
0.145036667585373,0,0.159116351474372,0,0.233631718158722,0,0,0,0.233842850497144,0,0,0,0,0,0.254938614037302,0,0,0,0,0,0,0,0,0,0.252452348841696,0,0,0,0,0,0,0,0,0,0,0,0.218152129650116,0,0.213200125039793,0,0.225406005978584,0,0.235642924227498,0,0,0,0,0,0.166424977571465,0,0,0,0,0,0,0,0.215891242027283,0,0,0,0.237724192233549,0,0,0,0,0,0,0.23326101155429,0,0,0,0,0,0.292179115116596,0,0,0,0,0,0,0,0.286604079107444,0.186701128677446,0.221562231580416,0.219262766210656,0,0
0,0.158961033821106,0,0.199633148173953,0,0.205409885807471,0,0,0,0.271387364650985,0,0,0,0,0,0.194502202173074,0,0,0.241297569870949,0,0,0,0,0.191731095810731,0,0,0,0,0,0,0,0,0,0,0,0.225089246034622,0,0.191019600106252,0,0.269306033849716,0,0.254049560085672,0.256251081824303,0,0,0,0,0,0.237733602523804,0.225048381090164,0,0.224542930722237,0,0,0,0,0,0.232236012816429,0,0,0,0.211692358969766,0.290792673826218,0,0,0,0.186403079264987,0,0,0,0,0,0.286998361349106,0,0,0,0,0,0.249517430861791,0,0.179933947111879,0,0.175513224657049,0.213255152106285,0.226781848598929,0,0
0.378597497940063,0,0.277213196607604,0,0.209384426474571,0,0,0,0.279772616922855,0,0.231491063785288,0,0,0,0,0,0.290734350681305,0,0.304537683725357,0,0.158396015127088,0,0,0,0,0,0,0,0.234162156971601,0,0.243080281256559,0,0,0,0,0.230932034552097,0.118041703935529,0,0.17795869757126,0,0.280507571995258,0,0.322080676231468,0,0,0,0.270128025895073,0,0.28441026679471,0,0.231612278088447,0,0.155848652124405,0,0.215891242027283,0,0,0,0.279739543795586,0,0.270577317103744,0,0,0.244168708713203,0,0,0,0,0,0,0,0.327738776803017,0,0.263407845128082,0,0,0,0,0.276316791772842,0.286446620569085,0,0.174668082306462,0.204607470146505,0.233079895377159,0.289452670430457,0,0.337324947118759
0,0.273521709826685,0,0.277020403503501,0,0.160601245860259,0,0.181984430977276,0,0.148648147072111,0,0.228288025973696,0,0,0,0,0.354729861021042,0.297381659348806,0.319614724201315,0.144553013800367,0,0,0,0,0,0,0,0,0,0.150704974929492,0,0,0,0,0,0.195868725792087,0,0.170793735531352,0,0.245339700153896,0,0.333948414629469,0.310714170336723,0,0,0.242762441265172,0,0,0,0.275604468500503,0,0.238676994425409,0,0.213496985684212,0,0.232236012816429,0,0,0,0.259869221365079,0,0.266331436733405,0.220125351935531,0,0,0,0,0,0,0,0.328259785260473,0,0.319609408902794,0,0,0,0,0,0.259127814184736,0.382431298494339,0.165452091480201,0,0.201668052809445,0.347124814987183,0.297076623539601,0.345101535320282,0
0,0,0.272159283980727,0,0,0,0.129862367042473,0,0.290673613548279,0,0.145096069291593,0,0.203617619242007,0,0.212362284958363,0,0,0,0.275137513875961,0,0,0,0,0,0,0,0,0,0.134894163480827,0,0,0,0,0,0,0.235079720616341,0.249131843447685,0,0,0,0,0,0.307455292769841,0,0,0,0,0,0.261289021798543,0,0.274282830180945,0,0,0,0,0,0.279739543795586,0,0,0,0.253982734063576,0,0,0,0,0,0,0,0,0.325594799085097,0,0.309799961745739,0,0.286914587020874,0,0,0,0,0,0.279356545635632,0,0,0.186479556018656,0.228676423430443,0.282894966437628,0,0
0,0.223164168000221,0,0.285995511846109,0,0.178723532902567,0,0.164280522614717,0,0,0,0.144354259053415,0,0.165994770037449,0,0.238923093304038,0,0,0,0,0,0,0,0,0,0,0,0,0,0,0,0,0,0,0,0.254374802112579,0,0,0,0,0,0.31201131939888,0,0,0,0,0,0,0,0.233007020644239,0,0.203373583880338,0,0.162800560394923,0,0,0,0.259869221365079,0,0,0,0.238808081893439,0,0,0,0,0.302005738019943,0,0.320404284275495,0,0.31863482550388,0,0,0,0,0,0,0,0.261270582675934,0,0,0,0.164866827954264,0,0.313732870644139,0,0
0.27137653157115,0,0.249419961934504,0,0.250909544270614,0,0,0,0.215948247616155,0,0,0,0.20241355329752,0,0.199675164792849,0,0,0,0.236264497041702,0,0,0,0,0,0.174964396016938,0,0,0,0,0,0,0,0,0,0,0.259487688541412,0.246197779263769,0,0.287297010421753,0,0.263974994421005,0,0.341694424825686,0,0,0,0,0,0.220051423779556,0,0.269991781378305,0,0,0,0.237724192233549,0,0.270577317103744,0,0.253982734063576,0,0,0,0,0.312767773866653,0,0,0,0.174718912690878,0,0.168934692939123,0,0.273347020149231,0,0.288680771986643,0,0,0,0,0,0.295279234647751,0,0.304808527231216,0.226071596973472,0,0.294810523429225,0,0
0,0.18480559438467,0,0.254272574449287,0,0.229888791876628,0,0,0,0.182565464072873,0,0,0,0.17199178536733,0,0.240287271200442,0,0.287205129861832,0.241549894213676,0,0,0,0,0,0,0,0,0,0,0,0,0,0,0,0,0.233563567201296,0,0,0,0,0,0.278570119757205,0,0,0,0,0,0,0,0.211799649521708,0,0.258278042558701,0,0,0,0.211692358969766,0,0.266331436733405,0,0.238808081893439,0,0,0,0,0,0,0,0,0,0,0,0,0.295611560344696,0,0,0,0,0,0.250031410406033,0,0,0,0.216479664402349,0,0.244620580281784,0,0
0,0.358686491847038,0,0.312872084704312,0,0,0,0.165837044517199,0,0,0,0.135565727306851,0,0,0,0,0.327616061819227,0.321274956831565,0.323992868518513,0.181790745404356,0,0,0,0,0,0,0,0,0,0,0,0,0,0,0,0.194101131833912,0,0.224261456357887,0,0.280371908315742,0.327273607254028,0.326577277272417,0.305261969566345,0.341734338890422,0,0.270936023592435,0.352054427067439,0,0,0.259135563265194,0,0.267554592341185,0,0.181727485938205,0,0.290792673826218,0,0.220125351935531,0,0,0,0,0,0.322923123836517,0,0,0,0,0,0,0,0,0.313292485439251,0,0,0,0,0,0.263455704750393,0.350415412868772,0.297647529127535,0.421046733856201,0.240210971021964,0.272828747828801,0.294031752338139,0.314336054027081,0.297885060310364
0.314033463597298,0,0.287887662649155,0,0.149958096444607,0,0,0,0,0,0,0,0,0,0,0,0.3125533554981,0.333227275808652,0.32382899250508,0,0.249567325426125,0,0,0,0,0,0,0,0,0,0,0,0,0,0,0,0.209684204563433,0.361412882804871,0.268939372485077,0.349390506744385,0.272522458773956,0.298284228891134,0.298834717714161,0,0.31971400976181,0.333649718761444,0.277735579890645,0,0.279705509543419,0,0,0,0,0,0,0,0.244168708713203,0,0,0,0.312767773866653,0,0.322923123836517,0,0,0,0,0,0,0,0,0.299291984902488,0.401776373386383,0.307767753731313,0,0,0,0,0.32416558265686,0.275087431587156,0.398475110530853,0.318760431442491,0.261109547657771,0,0.289506853788309,0.303492784500122,0.344931691561056
0,0,0,0,0,0,0,0,0,0,0,0,0,0,0,0,0,0.125986481967725,0,0,0,0.196063566664668,0.105012571379062,0.200736515778155,0,0.182672878637396,0,0.1595457926756,0,0,0,0,0,0,0,0,0,0.214635825759868,0,0,0,0,0,0,0,0,0,0,0,0.300160098658956,0,0,0,0,0,0,0,0,0,0,0,0,0,0,0,0,0.272932385062349,0,0.310890226732813,0,0.281900941786455,0,0,0,0,0,0,0,0,0,0.255082176836802,0,0.146109428135462,0.16206143186851,0,0,0
0,0,0,0,0,0,0,0,0,0,0,0,0,0,0,0,0,0,0,0,0,0,0.198821777148757,0,0.221628533863517,0,0.171229143937429,0,0.180386768033107,0,0,0,0,0,0,0,0,0,0.217615257611279,0,0,0,0,0,0,0,0,0.447077170014381,0.267667348496616,0,0,0,0,0,0,0,0,0,0,0,0,0,0,0,0,0,0,0.239071088441468,0,0.304903604067464,0,0.262584944193828,0,0,0,0,0,0,0,0,0,0.26009869863247,0.152429432764541,0.181274617711703,0.308412564652307,0,0
0,0.179338422086504,0,0,0,0,0,0,0,0.211829117721035,0,0,0,0,0,0.231889322400093,0,0,0,0,0,0.177285979583598,0,0.216679079998991,0,0.214416977403493,0,0,0,0,0,0,0,0,0,0,0,0.30992360206401,0,0,0,0.247509300708771,0,0,0,0,0,0,0,0.301447366980406,0,0,0,0,0,0.186403079264987,0,0,0,0.302005738019943,0,0,0,0,0.272932385062349,0,0,0,0.298462690480248,0,0.372199749558922,0,0,0,0,0,0,0,0,0,0.33576914830166,0,0.183839715589276,0,0.293529122879234,0,0
0.265550677478313,0,0.294537613789241,0,0,0,0,0,0.221134525595927,0,0,0,0,0,0,0,0,0,0,0,0,0,0.207523345809716,0,0.232642328556146,0,0.175055630505085,0,0,0,0,0,0,0,0,0,0,0,0.282891772902113,0,0,0,0,0,0,0,0,0.462784767150879,0.337381253684206,0,0,0,0,0,0.23326101155429,0,0,0,0,0,0.174718912690878,0,0,0,0,0.239071088441468,0,0,0,0.22108966337912,0,0.259915068745613,0,0,0,0,0,0,0,0,0,0.294575779731369,0.208261469101652,0,0.33847121635209,0,0
0,0,0,0,0,0,0,0,0,0.17761830850081,0,0,0,0,0,0,0,0.175401085189411,0,0,0,0.198880857609688,0,0.228263260227525,0,0.208847697355129,0,0,0,0,0,0,0,0,0,0,0,0,0,0,0,0,0,0,0,0,0,0,0,0.329251816496253,0,0,0,0,0,0,0,0,0,0.320404284275495,0,0,0,0,0.310890226732813,0,0.298462690480248,0,0,0,0.367480249758578,0,0,0,0,0,0,0,0,0,0,0,0.148149678374038,0,0,0,0
0,0,0,0,0,0,0,0,0.237405714889367,0,0,0,0,0,0,0,0.144557828948434,0,0,0,0,0,0.279029177298405,0,0.206623784542084,0,0.239549263598816,0,0,0,0,0,0,0,0,0,0,0,0.347903251647949,0,0,0,0,0,0,0,0,0,0.343158423900604,0,0,0,0,0,0,0,0,0,0.325594799085097,0,0.168934692939123,0,0,0,0,0.304903604067464,0,0.22108966337912,0,0,0,0.299538384936031,0,0,0,0,0,0,0,0,0,0.343019813299179,0.198224684884471,0,0.395966082811356,0,0
0,0,0,0,0,0,0,0,0,0,0,0.147403128445148,0,0.149371274253901,0,0,0,0,0,0,0,0.281630410191913,0,0.291324198246002,0,0,0,0.192765130504464,0,0.149586814309447,0,0,0,0,0,0,0,0.249856675416231,0,0,0,0,0,0,0,0,0,0,0,0.307025053126867,0,0,0,0,0,0,0,0.328259785260473,0,0.31863482550388,0,0,0,0,0.281900941786455,0,0.372199749558922,0,0.367480249758578,0,0,0,0.188512829157103,0,0,0,0,0,0,0,0.238259300836884,0,0.148620107899541,0,0,0,0
0.407701879739761,0,0.319997102022171,0,0,0,0,0,0.35030671954155,0,0,0,0,0,0,0,0,0,0.314268693327904,0,0,0,0.236138625961283,0,0,0,0.152976676821709,0,0.183791083158084,0,0.16783843755722,0,0,0,0,0,0,0,0,0,0,0,0.341315507888794,0,0,0,0.339573532342911,0,0.310634742180506,0,0,0,0,0,0,0,0.327738776803017,0,0.309799961745739,0,0.273347020149231,0,0,0.299291984902488,0,0.262584944193828,0,0.259915068745613,0,0.299538384936031,0,0,0,0.231689914015301,0,0,0,0,0,0.330137024323146,0,0.252727061678778,0.297588229179382,0,0.33004242272088,0,0
0,0.374722093343735,0,0.311152535298514,0,0.281438810957803,0,0,0,0.284063011407852,0,0.193891877828296,0,0,0,0,0.329363465309143,0.335892796516418,0.370780556354412,0.161977883428335,0,0,0,0,0,0,0,0,0,0.202559747506435,0,0,0,0,0,0.347897550889424,0,0.225835400819778,0,0.302435767582872,0.342319786548615,0.343838933502554,0.336648717522621,0,0,0.314875901987155,0.36668749153614,0,0,0.336354023142225,0,0.283031318336725,0,0,0,0.286998361349106,0,0.319609408902794,0,0,0,0.295611560344696,0.313292485439251,0.401776373386383,0,0,0,0,0,0,0.188512829157103,0,0,0.333561450242996,0,0,0,0,0.338609338683241,0.334094811230898,0.306024571052856,0,0.385406052450771,0.343496777117252,0.353286719337069,0.38334498250926,0
0.395647445693612,0,0.308697462826967,0.267389088869095,0.263991127411524,0,0,0,0.305410465598106,0,0.21771846145558,0,0,0,0,0,0.316292109814557,0.317903046806653,0.344156310854969,0,0.288771103322506,0,0,0,0,0,0,0,0.216730854978227,0,0.229830480897855,0,0,0,0,0.322309285402298,0.315794639862501,0,0.207983361933962,0.3704634308815,0.292181695239586,0.31978976726532,0.324642689075581,0,0.311775058507919,0.33265794813633,0.290109860568734,0,0.326130972619642,0,0.279889710247517,0,0,0,0.292179115116596,0,0.263407845128082,0,0.286914587020874,0,0.288680771986643,0,0,0.307767753731313,0,0,0,0,0,0,0,0.231689914015301,0.333561450242996,0,0,0,0,0,0.336657474438349,0.322496784333554,0,0.264606691630823,0.346994949709775,0.337126159667969,0.326364058920573,0.317418426275253,0.361203622190576
