0,0,4.41534221567814,0,11.3610550165176,0,0,0,4.81332695949665,0,0,0,0,0,6.71677788666316,0,0,0,5.22642072784566,0,0,0,0,0,0,0,0,0,0,0,0,0,0,0,0,0,0,0,24.5972132001604,0,43.8005142211914,0,11.6121015419831,0,6.71832942962646,0,13.5524129867554,33.7317917346954,4.88016008017397,41.5317878723145,11.1133260726929,0,0,0,5.38891595420714,0,4.36496349334717,0,11.7201347351074,0,4.28662107133941,0,0,0,0,0,0,0,0,0,0,0,0,17.8046922683716,0,0,0,0,0,24.7102818489075,0,26.1178691748417,6.53899823957978,7.54528085141143,11.0836300756417,0,9.22236810790168
0,0,0,4.65657590666125,0,11.4981859628256,0,0,0,6.66533306202042,0,0,0,0,0,4.54167492049081,0,0,2.98510519663493,0,0,0,0,0,0,0,0,0,0,0,0,0,0,0,0,0,0,12.1071007592337,0,0,0,6.73889218057905,0,0,0,0,0,0,0,6.96073992019097,0,12.3190387090047,0,0,0,6.21445652119093,0,0,0,12.0000952311925,0,10.2191135054632,0,0,0,0,3.74443925510753,0,0,0,0,0,0,0,0,0,0,0,22.021228896247,0,14.0078572034836,0,5.34350339680502,11.5498929023743,5.62825790916581,9.25262975692749,0
4.41534221567814,0,0,0,9.21775580062423,0,0,0,4.78628397575394,0,0,0,0,0,0,0,0,0,4.53871593475342,0,0,0,0,0,0,0,0,0,0,0,0,0,0,0,0,0,0,0,0,0,0,0,0,0,0,0,0,0,3.6582335714084,0,4.90034238497416,0,0,0,5.14018588393342,0,3.84962452691177,0,3.68176008056808,0,3.50412020316491,0,0,0,0,0,0,0,0,0,0,0,0,0,0,0,0,0,0,0,0,0,8.25615489637697,13.2046306700934,4.17673048457584,0,0
0,4.65657590666125,0,0,0,0,0,0,0,3.60468412662039,0,0,0,0,0,0,0,0,0,0,0,0,0,0,0,0,0,0,0,0,0,0,0,0,0,0,0,0,0,0,0,8.21595764160156,0,0,0,0,0,0,0,5.60764969222118,0,0,0,0,0,3.81232276916504,0,6.36494226143008,0,0,0,6.52727031707764,0,0,0,0,0,0,0,0,0,0,0,0,0,0,0,0,0,0,0,0,3.9150536353128,0,5.62207885540969,0,0
11.3610550165176,0,9.21775580062423,0,0,0,0,0,3.22971949974696,0,0,0,0,0,0,0,0,0,0,0,5.13791357676188,0,0,0,0,0,0,0,0,0,0,0,0,0,0,0,3.70701503753662,0,0,0,0,0,0,0,0,0,0,0,9.38172201488329,0,3.62903427626489,0,3.06242692470551,0,3.82395935616298,0,7.8779815196991,0,9.47653675079346,0,0,0,0,7.58869603047004,0,0,0,0,0,0,0,0,0,0,0,0,0,0,0,0,0,0,3.72455860118163,3.91098184452444,4.3859960212427,0,0
0,11.4981859628256,0,0,0,0,0,0,0,10.2477946139094,0,0,0,0,0,0,0,0,0,0,0,0,0,0,0,0,0,0,0,0,0,0,0,0,0,0,0,0,0,0,0,0,0,0,0,0,0,0,0,3.49090765317281,0,2.95218896865845,0,0,0,11.1745235146703,0,0,0,0,0,3.09478037856346,0,0,0,0,0,0,0,0,0,0,0,0,0,0,0,0,0,0,0,0,6.7205428481102,9.33793193101883,0,0,0
0,0,0,0,0,0,0,0,0,0,0,0,5.49278211593628,0,0,0,0,0,0,0,0,0,0,0,0,0,0,0,0,0,0,0,0,0,0,0,0,0,0,0,0,0,0,0,0,0,0,0,0,0,0,0,0,0,0,0,0,0,0,0,0,0,0,0,0,0,0,0,0,0,0,0,0,0,0,0,0,0,0,0,0,0,0,3.35128883281386,0,0,0
0,0,0,0,0,0,0,0,0,0,0,0,0,0,0,0,0,0,0,0,0,0,0,0,0,0,0,0,0,0,0,0,0,0,0,0,0,0,0,0,0,0,0,0,0,0,0,0,0,0,0,0,0,0,0,0,0,0,0,0,0,0,0,0,0,0,0,0,0,0,0,0,0,0,0,0,0,0,0,0,0,0,0,0,0,0,0
4.81332695949665,0,4.78628397575394,0,3.22971949974696,0,0,0,0,0,0,0,0,0,0,0,2.94318813627416,0,12.1352307342348,0,0,0,0,0,3.8918761809667,0,0,0,0,0,0,0,0,0,0,0,0,0,13.4334051489975,0,0,0,6.8690994950228,0,0,0,0,25.9567708034141,18.2562516661715,0,3.28664752840996,0,0,0,3.70884100946431,0,0,0,0,0,7.494996124506,0,0,0,0,0,0,9.81081914901733,0,0,0,0,0,0,0,0,0,0,0,0,0,18.3020009319025,6.77065808647557,4.61725336877407,15.4431552364276,0,5.0454265276591
0,6.66533306202042,0,3.60468412662039,0,10.2477946139094,0,0,0,0,0,0,0,13.7551750183105,0,5.9774056452292,0,6.82548273957294,0,0,0,0,0,3.38678121566772,0,2.95773360603734,0,0,0,0,0,0,0,0,0,0,0,10.8629494905472,0,0,0,4.2563778703863,0,0,0,0,0,0,0,7.83376232253181,0,9.94927438100179,0,0,0,6.16222079606076,0,0,0,16.1879774570465,0,4.59542511623992,0,0,0,0,0,0,3.43433356778375,0,0,0,0,0,0,0,0,0,0,0,11.7046670913696,0,5.69700665465252,7.23256008148864,9.05156892821902,0,0
0,0,0,0,0,0,0,0,0,0,0,0,4.69468515569513,0,0,0,0,0,0,0,0,0,0,0,0,0,0,0,0,0,0,0,0,0,0,0,3.24328363642973,0,2.87382287275596,0,0,0,0,0,0,0,0,0,0,0,0,0,0,0,0,0,3.41435013214747,0,0,0,0,0,0,2.95383870601654,0,0,0,0,0,0,0,0,0,0,0,0,0,0,0,3.25161183964122,0,2.9926224523975,3.14328310966492,3.80577373504639,0,0,0
0,0,0,0,0,0,0,0,0,0,0,0,0,3.10428695722457,0,0,0,0,0,3.43727263760945,0,0,0,0,0,0,0,0,0,3.93866086006165,0,0,0,0,0,0,0,3.37485829951933,0,0,0,0,0,0,0,0,0,0,0,0,0,0,0,0,0,0,0,3.44983543922652,0,3.14297505219777,0,0,3.52678574834551,0,0,0,0,0,0,0,0,0,3.17688712929234,0,0,0,0,0,0,0,4.2302428782766,0,3.96835601510033,3.86399626731873,0,0,0
0,0,0,0,0,0,5.49278211593628,0,0,0,4.69468515569513,0,0,0,0,0,0,0,0,0,0,0,0,0,0,0,0,0,0,0,0,0,0,0,0,0,0,0,0,0,0,0,0,0,0,0,0,0,0,0,0,0,0,0,0,0,0,0,2.81084389205373,0,0,0,0,0,0,0,0,0,0,0,0,0,0,0,0,0,0,0,0,0,0,0,4.93393299231927,3.50356220637273,0,0,0
0,0,0,0,0,0,0,0,0,13.7551750183105,0,3.10428695722457,0,0,0,8.85105284400608,0,0,0,0,0,0,0,0,0,0,0,0,0,2.99698674678802,0,0,0,0,0,0,0,0,0,0,0,0,0,0,0,0,0,0,0,0,0,0,0,0,0,0,0,3.9358391008879,0,6.19309281816288,0,6.29994791951673,0,0,0,0,0,0,0,0,0,0,4.41669708973653,0,0,0,0,0,0,0,0,0,4.60861438566988,4.34623446245003,0,0,0
6.71677788666316,0,0,0,0,0,0,0,0,0,0,0,0,0,0,0,0,0,0,0,0,0,0,0,0,0,0,0,0,0,0,0,0,0,0,0,0,0,0,0,0,0,0,0,0,0,0,0,0,0,0,0,0,0,3.43840722629973,0,0,0,0,0,3.47329467950865,0,0,0,0,0,0,0,0,0,0,0,0,0,0,0,0,0,0,0,0,26.3892669677734,10.8508095741272,2.95850132405758,0,0,0
0,4.54167492049081,0,0,0,0,0,0,0,5.9774056452292,0,0,0,8.85105284400608,0,0,0,2.9555143515269,0,0,0,0,0,0,0,0,0,0,0,0,0,0,0,0,0,0,0,0,0,0,0,0,0,0,0,0,0,0,0,0,0,0,0,0,0,3.4117164518926,0,0,0,5.56599858493516,0,4.45426625013351,0,0,0,0,0,0,0,0,0,0,0,0,0,0,0,0,0,0,0,0,5.29413143842201,6.92496332180483,0,0,0
0,0,0,0,0,0,0,0,2.94318813627416,0,0,0,0,0,0,0,0,6.48585761800551,6.52820180861351,0,0,10.7860082827116,3.94346326237908,0,4.64113579076879,0,3.78234243178107,0,0,0,0,0,0,0,0,0,0,0,0,0,0,0,13.1226127624512,0,0,0,0,0,0,0,0,0,0,0,0,0,0,0,0,0,0,0,0,0,0,6.03267600583714,0,0,0,3.40401756380366,0,0,0,0,0,0,0,0,0,31.128812789917,0,0,5.37221169306949,5.9191479293091,22.4577865600586,0,14.5097534656525
0,0,0,0,0,0,0,0,0,6.82548273957294,0,0,0,0,0,2.9555143515269,6.48585761800551,0,5.90772432676071,0,0,6.27995694080107,0,6.33908152325722,0,4.74003806189885,0,0,0,0,0,0,0,0,0,0,0,0,0,0,0,0,0,0,0,0,0,0,0,0,0,0,0,0,0,0,0,0,0,0,0,3.85039839744568,0,0,7.8021133354169,0,9.8580493927002,0,4.10673686357036,0,0,0,0,0,0,0,0,0,0,0,0,0,6.6090851919814,10.9835200233547,0,0,0
5.22642072784566,2.98510519663493,4.53871593475342,0,0,0,0,0,12.1352307342348,0,0,0,0,0,0,0,6.52820180861351,5.90772432676071,0,0,0,0,0,0,0,0,0,0,0,0,0,0,0,0,0,0,0,0,23.263161500295,20.2737003326416,22.541374206543,6.69441557962161,6.74251203385192,3.6647157484331,6.43963683598588,10.5577274958293,8.70412949954762,0,6.52745288610458,0,0,0,0,0,15.4104895591736,0,0,20.3240359170096,0,0,0,0,12.8587497075399,0,0,0,0,0,0,0,0,0,30.5050163269043,0,0,0,0,0,20.8089934924863,25.8070619371202,22.0352249414148,26.7936624738905,5.30255011378232,10.4981261309203,11.9000551717709,5.86229526852987,9.65531723047125
0,0,0,0,0,0,0,0,0,0,0,3.43727263760945,0,0,0,0,0,0,0,0,0,0,0,0,0,0,0,0,0,0,0,0,0,0,0,3.06336085257992,0,3.01200001123475,0,0,0,0,0,0,0,0,0,0,0,0,0,0,0,0,0,0,0,3.74430839812502,0,0,0,0,0,0,0,0,0,0,0,0,0,0,0,0,0,0,0,0,3.51608224251444,0,3.58460314399318,0,2.73933923244476,0,0,0,0
0,0,0,0,5.13791357676188,0,0,0,0,0,0,0,0,0,0,0,0,0,0,0,0,0,0,0,0,0,0,0,0,0,0,0,0,0,0,0,2.99541958808899,0,0,0,0,0,0,0,0,0,0,0,0,0,9.46864549636841,0,0,0,0,0,0,0,0,0,0,0,0,2.94078963091879,0,0,0,0,0,0,0,0,0,0,0,0,0,0,0,3.10358747508791,0,0,0,0,3.03195468783379,0,0
0,0,0,0,0,0,0,0,0,0,0,0,0,0,0,0,10.7860082827116,6.27995694080107,0,0,0,0,4.94476761595573,6.5234432220459,0,6.38856073153221,0,3.26479161752237,0,0,0,0,0,0,0,0,0,3.14646260292731,0,0,0,0,0,0,0,0,0,0,0,3.17533449011464,0,0,0,0,0,0,0,0,0,0,0,0,0,0,3.86769776944927,7.72596424818039,0,0,6.8425195052706,0,3.40961522767038,0,0,0,0,0,0,0,0,0,3.48788656821695,0,4.02488810988252,4.36600042856984,0,0,0
0,0,0,0,0,0,0,0,0,0,0,0,0,0,0,0,3.94346326237908,0,0,0,0,4.94476761595573,0,0,3.56082695385195,0,3.65991000212156,0,0,0,0,0,0,0,0,0,0,3.64454936323146,3.32039606026587,0,0,0,0,0,0,0,0,0,3.65594706150016,0,0,0,0,0,0,0,0,0,0,0,0,0,0,0,7.58736184302797,4.66509713299463,0,3.49600423009772,0,3.62051550547282,0,2.87885864575704,0,0,0,0,0,0,0,0,4.45400252756199,3.3405481945874,4.07303163078576,4.36029811274084,0,0,0
0,0,0,0,0,0,0,0,0,3.38678121566772,0,0,0,0,0,0,0,6.33908152325722,0,0,0,6.5234432220459,0,0,0,3.43500606440965,0,0,0,0,0,0,0,0,0,0,0,3.1607521869197,0,0,0,0,0,0,0,0,0,0,0,0,0,0,0,0,0,3.87733301212048,0,0,0,0,0,0,0,0,3.21160871731608,0,3.27296330982989,0,3.42589687221455,0,0,0,0,0,0,0,0,0,0,0,3.95645985902692,0,4.19006193374178,0,3.34042433897654,0,0
0,0,0,0,0,0,0,0,3.8918761809667,0,0,0,0,0,0,0,4.64113579076879,0,0,0,0,0,3.56082695385195,0,0,0,2.94538497924805,0,4.62738032341003,0,0,0,0,0,0,0,0,0,3.41158107901851,0,0,0,0,0,0,0,0,0,3.8249257405599,0,0,0,0,0,6.44715218544006,0,0,0,0,0,0,0,0,0,0,6.16065157784356,0,3.55648051985639,0,0,0,0,0,0,0,0,0,0,0,0,0,5.69431864344772,3.03428036103146,0,6.31918048858643,0,0
0,0,0,0,0,0,0,0,0,2.95773360603734,0,0,0,0,0,0,0,4.74003806189885,0,0,0,6.38856073153221,0,3.43500606440965,0,0,0,0,0,0,0,0,0,0,0,0,0,0,0,0,0,0,0,0,0,0,0,0,0,0,0,0,0,0,0,4.22790830946983,0,0,0,0,0,0,0,0,6.94464121048267,0,3.50396688713515,0,3.8512256887224,0,0,0,0,0,0,0,0,0,0,0,0,0,3.96388462715941,3.30694551856019,0,0,0
0,0,0,0,0,0,0,0,0,0,0,0,0,0,0,0,3.78234243178107,0,0,0,0,0,3.65991000212156,0,2.94538497924805,0,0,0,2.84965813159943,0,0,0,0,0,0,0,0,0,0,0,0,0,0,0,0,0,0,0,0,0,0,0,0,0,2.73709058761597,0,0,0,0,0,0,0,0,0,0,4.82888422659014,0,2.85829978519016,0,3.09436845393316,0,0,0,0,0,0,0,0,0,0,0,0,3.46068749054909,3.32637407039774,0,0,0
0,0,0,0,0,0,0,0,0,0,0,0,0,0,0,0,0,0,0,0,0,3.26479161752237,0,0,0,0,0,0,0,3.27462353099305,0,0,0,0,0,0,0,3.65234476606422,0,0,0,0,0,0,0,0,0,0,0,3.29054852326711,0,0,0,0,0,0,0,3.64209886219191,0,0,0,0,0,0,5.17919270694256,0,0,0,0,0,3.24932401081559,0,3.72413951588206,0,0,0,0,0,0,0,4.14209140507521,0,3.49517006968197,4.31735074344569,0,0,0
0,0,0,0,0,0,0,0,0,0,0,0,0,0,0,0,0,0,0,0,0,0,0,0,4.62738032341003,0,2.84965813159943,0,0,0,3.0150438606739,0,0,0,0,0,0,0,4.00898987225124,0,0,0,0,0,0,0,0,0,3.09631376935725,0,0,0,0,0,0,0,0,0,0,0,0,0,0,0,0,3.24603055204664,0,4.93777775764465,0,3.60235585562244,0,3.46402188285916,0,3.13824423631032,0,0,0,0,0,0,0,3.81965443297956,3.86366274310597,0,0,0,0
0,0,0,0,0,0,0,0,0,0,0,3.93866086006165,0,2.99698674678802,0,0,0,0,0,0,0,0,0,0,0,0,0,3.27462353099305,0,0,0,0,0,0,0,0,0,3.09321488089939,0,0,0,0,0,0,0,0,0,0,0,0,0,0,0,0,0,0,0,3.12312475840251,0,0,0,0,0,0,0,0,0,0,0,0,4.01104703290122,0,6.01598656849122,0,0,0,0,0,0,0,3.21779060651237,0,3.70137628026911,3.76069028036935,0,0,0
0,0,0,0,0,0,0,0,0,0,0,0,0,0,0,0,0,0,0,0,0,0,0,0,0,0,0,0,3.0150438606739,0,0,0,0,0,0,0,0,0,2.89150598469902,0,0,0,0,0,0,0,0,0,0,0,0,0,0,0,0,0,0,0,0,0,0,0,0,0,0,0,0,0,0,0,0,3.01385513941447,0,2.91222787361879,0,0,0,0,0,0,0,2.96004656435912,0,0,0,0,0
0,0,0,0,0,0,0,0,0,0,0,0,0,0,0,0,0,0,0,0,0,0,0,0,0,0,0,0,0,0,0,0,3.23142821249706,0,0,2.92634189128876,3.38762278842111,0,0,0,0,0,0,0,0,0,0,3.25742383003235,0,0,0,0,0,0,0,0,0,0,0,0,0,0,0,0,0,0,0,0,0,0,0,0,0,0,4.14897833139666,3.22762839794159,0,0,3.33054504260211,4.00163333756583,0,0,0,0,0,0,0
0,0,0,0,0,0,0,0,0,0,0,0,0,0,0,0,0,0,0,0,0,0,0,0,0,0,0,0,0,0,0,3.23142821249706,0,0,0,3.6883941010425,3.58321046829224,0,0,0,0,0,0,0,0,0,0,3.18254656838899,0,0,0,0,0,0,0,0,0,0,0,0,0,0,0,0,0,0,0,0,0,0,0,0,0,0,3.60704032980281,3.35190866082747,0,3.20011350086757,4.50857494533926,3.10201549934129,0,0,0,0,0,0,0
0,0,0,0,0,0,0,0,0,0,0,0,0,0,0,0,0,0,0,0,0,0,0,0,0,0,0,0,0,0,0,0,0,0,5.2701422375502,3.06814758216634,0,3.1837589791916,9.93285648028056,0,0,0,0,0,0,0,0,4.58147609501242,0,0,0,0,0,0,0,0,0,0,0,0,0,0,0,0,0,0,0,0,0,0,0,0,0,0,0,0,3.72765143985277,6.14441616797255,3.14699285384642,0,3.98068388534955,12.4426259850011,3.52042024080143,0,0,0,0
0,0,0,0,0,0,0,0,0,0,0,0,0,0,0,0,0,0,0,0,0,0,0,0,0,0,0,0,0,0,0,0,0,5.2701422375502,0,0,3.31594463839126,4.76138668349295,2.73713827133179,0,0,0,0,0,0,0,0,5.17959185421541,0,12.3763790130615,0,0,0,0,0,0,0,0,0,0,0,0,0,0,0,0,0,0,0,0,0,0,0,0,0,0,7.51494593558773,3.2040527480805,0,3.12741492770172,12.04933626181,4.45875826545518,3.70249764341498,0,0,0,0
0,0,0,0,0,0,0,0,0,0,0,0,0,0,0,0,0,0,0,3.06336085257992,0,0,0,0,0,0,0,0,0,0,0,2.92634189128876,3.6883941010425,3.06814758216634,0,0,3.46414066133165,3.29525181553105,4.2094851732254,8.20867267439637,0,0,0,0,0,3.22537289346967,0,3.40050535101108,0,11.0749573442671,0,0,0,0,0,0,0,5.40139468510946,0,0,0,0,3.75794287522634,0,0,0,0,0,0,0,0,0,0,0,0,4.20043838024139,0,0,4.20960604619626,3.19224913833068,3.94757901754416,0,7.27695190465517,6.12452119380604,5.36670982396161,0,0
0,0,0,0,3.70701503753662,0,0,0,0,0,3.24328363642973,0,0,0,0,0,0,0,0,0,2.99541958808899,0,0,0,0,0,0,0,0,0,0,3.38762278842111,3.58321046829224,0,3.31594463839126,3.46414066133165,0,0,2.98628040067121,0,5.06477332115173,0,0,0,0,0,2.94777878125509,3.24360774872733,0,14.2339696884155,0,0,0,0,0,0,0,0,0,0,0,0,0,3.47934704668382,0,0,0,0,0,0,0,0,0,0,4.85272932052612,2.95166985193888,0,3.22218543781954,3.41046373861956,3.4939652287704,0,3.18944250597499,3.89333244064575,4.22056303189801,4.67660939693451,0,0
0,12.1071007592337,0,0,0,0,0,0,0,10.8629494905472,0,3.37485829951933,0,0,0,0,0,0,0,3.01200001123475,0,3.14646260292731,3.64454936323146,3.1607521869197,0,0,0,3.65234476606422,0,3.09321488089939,0,0,0,3.1837589791916,4.76138668349295,3.29525181553105,0,0,4.17983873449005,0,0,6.32754843405315,0,0,0,0,0,5.05113294685588,0,7.06750617318481,0,0,0,0,0,11.1711383183797,0,3.29412667454846,0,0,0,0,3.11213228702545,0,3.40320609316314,4.10486743895988,4.86391309824857,0,0,0,3.96718437782187,0,4.65964283218867,0,0,0,3.51450421125673,13.229344367981,3.04488013850318,0,3.58540989476351,6.11128466725349,4.28877502010068,4.45847381068242,7.65282662134813,0,0
24.5972132001604,0,0,0,0,0,0,0,13.4334051489975,0,2.87382287275596,0,0,0,0,0,0,0,23.263161500295,0,0,0,3.32039606026587,0,3.41158107901851,0,0,0,4.00898987225124,0,2.89150598469902,0,0,9.93285648028056,2.73713827133179,4.2094851732254,2.98628040067121,4.17983873449005,0,0,0,0,11.2925739778536,0,0,0,0,6.02450390999287,3.57668446902497,11.5227626164754,0,0,0,0,16.8449120322141,0,3.36213741197691,0,0,0,0,0,0,0,0,3.69119425938706,0,4.46530393373399,0,0,0,4.55087488889694,0,0,0,0,10.6595542119897,2.83981513977051,0,3.0587479993701,6.54035279036012,3.57771683237731,8.30534364682572,3.24364387989044,10.5736279215994,0,15.3582226195425
0,0,0,0,0,0,0,0,0,0,0,0,0,0,0,0,0,0,20.2737003326416,0,0,0,0,0,0,0,0,0,0,0,0,0,0,0,0,8.20867267439637,0,0,0,0,0,10.1681204432308,0,17.9051092771383,0,7.67543647691722,0,0,0,7.45073356837034,0,0,0,0,0,0,0,0,0,0,0,0,0,0,0,0,0,0,0,0,0,0,0,0,0,0,0,0,7.1853539906882,0,4.13076599307408,0,10.804316431284,0,5.78419122191656,15.1917370160421,0
43.8005142211914,0,0,0,0,0,0,0,0,0,0,0,0,0,0,0,0,0,22.541374206543,0,0,0,0,0,0,0,0,0,0,0,0,0,0,0,0,0,5.06477332115173,0,0,0,0,0,8.56337592441574,0,17.2830352783203,0,7.94688645851465,3.43031252530905,12.811452299149,0,0,0,0,0,0,0,0,0,0,0,0,0,0,0,0,0,0,0,0,0,0,0,0,25.4594234625498,0,0,0,0,0,6.44885986005489,0,21.7585744857788,0,0,7.37325265137069,0,15.9667911529541
0,6.73889218057905,0,8.21595764160156,0,0,0,0,0,4.2563778703863,0,0,0,0,0,0,0,0,6.69441557962161,0,0,0,0,0,0,0,0,0,0,0,0,0,0,0,0,0,0,6.32754843405315,0,10.1681204432308,0,0,0,4.99428506903142,0,8.57079452770972,0,11.3720496041434,0,9.02934050717891,0,0,0,0,0,4.20277606783242,0,13.6757859230042,0,0,0,0,11.0713485717773,0,0,0,0,0,0,0,0,0,12.9877924199374,0,0,0,0,0,13.7715360290388,0,10.2934105765652,0,7.53305333014373,0,7.92896038492768,6.77018924582601,0
11.6121015419831,0,0,0,0,0,0,0,6.8690994950228,0,0,0,0,0,0,0,13.1226127624512,0,6.74251203385192,0,0,0,0,0,0,0,0,0,0,0,0,0,0,0,0,0,0,0,11.2925739778536,0,8.56337592441574,0,0,0,5.23991291072425,0,4.46414512395859,21.8774757385254,10.2629930342367,4.09422272902269,0,0,0,0,7.69427418708801,0,0,0,0,0,0,0,0,0,0,0,0,0,0,0,0,0,0,31.6249580383301,0,0,0,0,0,9.28197459088431,0,16.4921204832946,10.9733792927391,0,11.6269260840098,0,4.2285373210907
0,0,0,0,0,0,0,0,0,0,0,0,0,0,0,0,0,0,3.6647157484331,0,0,0,0,0,0,0,0,0,0,0,0,0,0,0,0,0,0,0,0,17.9051092771383,0,4.99428506903142,0,0,0,5.0700143429271,0,0,0,0,0,0,0,0,0,0,0,0,0,0,0,0,12.6319360733032,0,0,0,0,0,0,0,0,0,0,0,0,0,0,0,19.8285599087174,0,20.2233964764342,0,7.71015751107225,0,8.1370616516391,0,0
6.71832942962646,0,0,0,0,0,0,0,0,0,0,0,0,0,0,0,0,0,6.43963683598588,0,0,0,0,0,0,0,0,0,0,0,0,0,0,0,0,0,0,0,0,0,17.2830352783203,0,5.23991291072425,0,0,0,4.47830120809786,0,0,0,0,0,0,0,0,0,0,0,0,0,0,0,0,0,0,0,0,0,0,0,0,0,0,0,0,0,0,0,0,19.0851771389997,0,20.0102331978934,6.1608139011595,0,4.17534080370932,0,8.18659140513494
0,0,0,0,0,0,0,0,0,0,0,0,0,0,0,0,0,0,10.5577274958293,0,0,0,0,0,0,0,0,0,0,0,0,0,0,0,0,3.22537289346967,0,0,0,7.67543647691722,0,8.57079452770972,0,5.0700143429271,0,0,0,0,0,16.7173915731496,0,0,0,0,0,0,0,0,0,0,0,0,4.01479838575636,0,0,0,0,0,0,0,0,0,0,0,0,0,0,0,15.9791395664215,0,10.1071271896362,0,7.3623064427288,0,6.37197326157477,0,0
13.5524129867554,0,0,0,0,0,0,0,0,0,0,0,0,0,0,0,0,0,8.70412949954762,0,0,0,0,0,0,0,0,0,0,0,0,0,0,0,0,0,2.94777878125509,0,0,0,7.94688645851465,0,4.46414512395859,0,4.47830120809786,0,0,0,0,0,0,0,0,0,0,0,0,0,0,0,0,0,0,10.7151039023148,0,0,0,0,0,0,0,0,0,0,0,0,0,0,0,12.6245113554771,0,19.4352693239848,4.54929339629898,0,6.53344586125827,0,0
33.7317917346954,0,0,0,0,0,0,0,25.9567708034141,0,0,0,0,0,0,0,0,0,0,0,0,0,0,0,0,0,0,0,0,0,0,3.25742383003235,3.18254656838899,4.58147609501242,5.17959185421541,3.40050535101108,3.24360774872733,5.05113294685588,6.02450390999287,0,3.43031252530905,11.3720496041434,21.8774757385254,0,0,0,0,0,7.62358146275125,7.86101914333005,0,0,0,0,26.032824420929,0,0,0,0,0,34.781404654185,0,0,0,0,26.9459696032784,13.5166301727295,23.3398432234923,0,0,0,15.8528307881849,0,0,3.3549090399778,3.35395114671129,5.15265856323701,5.23768475420335,4.65955432409105,5.44363606227072,7.54282791562663,7.69737565019993,3.92307650029135,0,7.21473870081365,0,0
4.88016008017397,0,3.6582335714084,0,9.38172201488329,0,0,0,18.2562516661715,0,0,0,0,0,0,0,0,0,6.52745288610458,0,0,0,3.65594706150016,0,3.8249257405599,0,0,0,3.09631376935725,0,0,0,0,0,0,0,0,0,3.57668446902497,0,12.811452299149,0,10.2629930342367,0,0,0,0,7.62358146275125,0,2.93987294088436,0,0,0,0,11.605229949298,0,3.37949020430006,0,3.26303984865474,0,5.75956833362579,0,0,0,0,21.4079260011999,0,17.0628992212124,0,0,0,12.8667263812329,0,23.8163322309653,0,5.90740077836173,0,7.36537146568298,0,6.77072609566712,0,8.59671025802522,13.5759852850055,8.211723168691,15.6735787900404,0,26.0975424448649
41.5317878723145,6.96073992019097,0,5.60764969222118,0,3.49090765317281,0,0,0,7.83376232253181,0,0,0,0,0,0,0,0,0,0,0,3.17533449011464,0,0,0,0,0,3.29054852326711,0,0,0,0,0,0,12.3763790130615,11.0749573442671,14.2339696884155,7.06750617318481,11.5227626164754,7.45073356837034,0,9.02934050717891,4.09422272902269,0,0,16.7173915731496,0,7.86101914333005,2.93987294088436,0,0,0,0,0,0,8.56912141877252,0,0,0,0,0,3.17352175712585,0,0,3.01017500559489,0,2.74390411376953,0,0,0,2.84961843490601,0,8.57207265280952,0,0,0,0,12.8204746246338,8.17464172486031,0,4.0236664291908,14.0671261151632,6.30552596992321,0,8.73663640514926,0,0
11.1133260726929,0,4.90034238497416,0,3.62903427626489,0,0,0,3.28664752840996,0,0,0,0,0,0,0,0,0,0,0,9.46864549636841,0,0,0,0,0,0,0,0,0,0,0,0,0,0,0,0,0,0,0,0,0,0,0,0,0,0,0,0,0,0,0,0,0,4.23044166669829,0,4.50049971881791,0,3.04812098193813,0,3.05842733383179,0,0,10.490476981248,0,0,0,0,0,0,0,0,0,0,0,0,0,0,0,0,0,0,5.17125570985692,6.73636436462402,5.76663732435989,0,0
0,12.3190387090047,0,0,0,2.95218896865845,0,0,0,9.94927438100179,0,0,0,0,0,0,0,0,0,0,0,0,0,0,0,0,0,0,0,0,0,0,0,0,0,0,0,0,0,0,0,0,0,0,0,0,0,0,0,0,0,0,0,0,0,13.0700531005859,0,0,0,0,0,0,0,0,0,0,0,0,0,0,0,0,0,0,0,0,0,0,0,0,0,0,2.81320190152457,0,0,0,0
0,0,0,0,3.06242692470551,0,0,0,0,0,0,0,0,0,0,0,0,0,0,0,0,0,0,0,0,0,0,0,0,0,0,0,0,0,0,0,0,0,0,0,0,0,0,0,0,0,0,0,0,0,0,0,0,0,0,0,0,0,0,0,0,0,0,0,0,0,0,0,0,0,0,0,0,0,0,0,0,0,0,0,0,0,0,4.26946339240441,0,0,0
0,0,0,0,0,0,0,0,0,0,0,0,0,0,0,0,0,0,0,0,0,0,0,0,0,0,0,0,0,0,0,0,0,0,0,0,0,0,0,0,0,0,0,0,0,0,0,0,0,0,0,0,0,0,0,0,0,0,0,0,0,0,0,0,0,0,0,0,0,0,0,0,0,0,0,0,0,0,0,0,0,0,3.09049428593029,0,0,0,0
5.38891595420714,0,5.14018588393342,0,3.82395935616298,0,0,0,3.70884100946431,0,0,0,0,0,3.43840722629973,0,0,0,15.4104895591736,0,0,0,0,0,6.44715218544006,0,2.73709058761597,0,0,0,0,0,0,0,0,0,0,0,16.8449120322141,0,0,0,7.69427418708801,0,0,0,0,26.032824420929,11.605229949298,0,4.23044166669829,0,0,0,0,0,7.030948821656,0,5.10723661685335,0,8.18347828018474,0,0,0,0,0,0,8.02533290936397,0,0,0,0,0,0,0,0,0,0,0,0,0,19.2442927170207,11.6976417189113,6.57469323158264,16.1749486393399,0,6.50421857833862
0,6.21445652119093,0,3.81232276916504,0,11.1745235146703,0,0,0,6.16222079606076,0,0,0,0,0,3.4117164518926,0,0,0,0,0,0,0,3.87733301212048,0,4.22790830946983,0,0,0,0,0,0,0,0,0,0,0,11.1711383183797,0,0,0,4.20277606783242,0,0,0,0,0,0,0,8.56912141877252,0,13.0700531005859,0,0,0,0,0,0,0,10.3795998964209,0,8.43801407470597,0,0,0,0,4.0670357949806,0,5.07397947813335,0,0,0,0,0,0,0,0,0,0,0,13.3436616017268,0,4.70393103399095,8.90616690594217,6.53323361022634,0,0
4.36496349334717,0,3.84962452691177,0,7.8779815196991,0,0,0,0,0,3.41435013214747,0,0,0,0,0,0,0,0,0,0,0,0,0,0,0,0,0,0,0,0,0,0,0,0,0,0,0,3.36213741197691,0,0,0,0,0,0,0,0,0,3.37949020430006,0,4.50049971881791,0,0,0,7.030948821656,0,0,0,3.18195427513123,0,3.97520900473875,0,0,4.59234507615901,0,0,0,0,0,0,0,0,0,0,0,0,0,0,0,0,0,4.43158602714539,3.80498804364886,0,3.84810796437657,0,0
0,0,0,6.36494226143008,0,0,0,0,0,0,0,3.44983543922652,0,3.9358391008879,0,0,0,0,20.3240359170096,3.74430839812502,0,0,0,0,0,0,0,3.64209886219191,0,3.12312475840251,0,0,0,0,0,5.40139468510946,0,3.29412667454846,0,0,0,13.6757859230042,0,0,0,0,0,0,0,0,0,0,0,0,0,0,0,0,0,4.3761073075808,0,0,4.52582826932271,0,0,0,0,0,0,0,0,0,4.18798532199621,0,0,0,0,0,6.60145384924752,0,5.37891256108004,0,8.43351127846828,4.38914005279541,5.44580322497369,12.1218992759442,0
11.7201347351074,0,3.68176008056808,0,9.47653675079346,0,0,0,0,0,0,0,2.81084389205373,0,0,0,0,0,0,0,0,0,0,0,0,0,0,0,0,0,0,0,0,0,0,0,0,0,0,0,0,0,0,0,0,0,0,0,3.26303984865474,0,3.04812098193813,0,0,0,5.10723661685335,0,3.18195427513123,0,0,0,4.15146682943617,0,0,0,0,0,0,0,0,0,0,0,0,0,0,0,0,0,0,0,0,31.5047550201416,4.33854921896066,3.36635711607836,3.90062570146599,0,0
0,12.0000952311925,0,0,0,0,0,0,0,16.1879774570465,0,3.14297505219777,0,6.19309281816288,0,5.56599858493516,0,0,0,0,0,0,0,0,0,0,0,0,0,0,0,0,0,0,0,0,0,0,0,0,0,0,0,0,0,0,0,0,0,0,0,0,0,0,0,10.3795998964209,0,4.3761073075808,0,0,0,4.01938678764162,0,0,0,0,0,0,0,0,0,0,5.14696779251099,0,0,0,0,0,0,0,0,0,4.95832691631916,5.32630730639589,0,0,0
4.28662107133941,0,3.50412020316491,0,0,0,0,0,7.494996124506,0,0,0,0,0,3.47329467950865,0,0,0,0,0,0,0,0,0,0,0,0,0,0,0,0,0,0,0,0,0,0,0,0,0,0,0,0,0,0,0,0,34.781404654185,5.75956833362579,0,3.05842733383179,0,0,0,8.18347828018474,0,3.97520900473875,0,4.15146682943617,0,0,0,0,0,0,0,0,0,0,0,0,0,0,0,0,0,0,0,0,0,0,27.3677874973842,33.2352187083318,0,13.3803246974945,0,0
0,10.2191135054632,0,6.52727031707764,0,3.09478037856346,0,0,0,4.59542511623992,0,0,0,6.29994791951673,0,4.45426625013351,0,3.85039839744568,0,0,0,0,0,0,0,0,0,0,0,0,0,0,0,0,0,0,0,0,0,0,0,0,0,0,0,0,0,0,0,3.17352175712585,0,0,0,0,0,8.43801407470597,0,0,0,4.01938678764162,0,0,0,0,0,0,0,0,0,0,0,0,0,0,0,0,0,0,0,0,0,0,3.95344717887434,6.52049408405538,0,0,0
0,0,0,0,0,0,0,0,0,0,0,3.52678574834551,0,0,0,0,0,0,12.8587497075399,0,0,0,0,0,0,0,0,0,0,0,0,0,0,0,0,3.75794287522634,0,3.11213228702545,0,0,0,11.0713485717773,0,12.6319360733032,0,4.01479838575636,0,0,0,0,0,0,0,0,0,0,0,4.52582826932271,0,0,0,0,0,0,0,0,0,0,0,0,0,0,7.82346291542053,0,0,0,0,0,4.17454903266009,0,5.38020132836841,0,0,0,5.18017569084962,11.8083877563477,0
0,0,0,0,7.58869603047004,0,0,0,0,0,2.95383870601654,0,0,0,0,0,0,0,0,0,2.94078963091879,0,0,0,0,0,0,0,0,0,0,0,0,0,0,0,3.47934704668382,0,0,0,0,0,0,0,0,0,10.7151039023148,0,0,0,10.490476981248,0,0,0,0,0,4.59234507615901,0,0,0,0,0,0,0,0,0,0,0,0,0,0,0,0,0,0,0,0,0,0,4.30151981418416,0,8.96337481907436,0,0,3.53221014037965,0,0
0,0,0,0,0,0,0,0,0,0,0,0,0,0,0,0,0,7.8021133354169,0,0,0,3.86769776944927,7.58736184302797,3.21160871731608,0,6.94464121048267,0,5.17919270694256,0,0,0,0,0,0,0,0,0,3.40320609316314,0,0,0,0,0,0,0,0,0,0,0,3.01017500559489,0,0,0,0,0,0,0,0,0,0,0,0,0,0,0,11.0114103953044,0,0,7.78650150980268,0,5.96612825149145,0,0,0,0,0,0,0,0,0,3.93843556886696,0,4.0133143886336,4.90079340395946,0,0,0
0,0,0,0,0,0,0,0,0,0,0,0,0,0,0,0,6.03267600583714,0,0,0,0,7.72596424818039,4.66509713299463,0,6.16065157784356,0,4.82888422659014,0,3.24603055204664,0,0,0,0,0,0,0,0,4.10486743895988,3.69119425938706,0,0,0,0,0,0,0,0,26.9459696032784,21.4079260011999,0,0,0,0,0,0,0,0,0,0,0,0,0,0,0,11.0114103953044,0,0,2.76664748873029,0,5.86389649966184,0,3.1795759004551,0,0,0,0,0,0,0,0,4.99919700622559,4.38884734003632,5.24004447531613,4.05350593807771,20.5923194885254,0,0
0,3.74443925510753,0,0,0,0,0,0,0,0,0,0,0,0,0,0,0,9.8580493927002,0,0,0,0,0,3.27296330982989,0,3.50396688713515,0,0,0,0,0,0,0,0,0,0,0,4.86391309824857,0,0,0,0,0,0,0,0,0,13.5166301727295,0,2.74390411376953,0,0,0,0,0,4.0670357949806,0,0,0,0,0,0,0,0,0,0,0,0,4.41171364982923,0,2.78213163784572,0,0,0,0,0,0,0,0,0,4.07603303820109,0,3.84480760756758,0,3.75961504434591,0,0
0,0,0,0,0,0,0,0,9.81081914901733,0,0,0,0,0,0,0,0,0,0,0,0,0,3.49600423009772,0,3.55648051985639,0,2.85829978519016,0,4.93777775764465,0,0,0,0,0,0,0,0,0,4.46530393373399,0,0,0,0,0,0,0,0,23.3398432234923,17.0628992212124,0,0,0,0,0,8.02533290936397,0,0,0,0,0,0,0,0,0,0,2.76664748873029,0,0,0,0,0,5.70188474655151,0,0,0,0,0,0,0,0,0,9.62963898428555,7.15710617466823,0,15.0513829114486,0,0
0,0,0,0,0,0,0,0,0,3.43433356778375,0,0,0,0,0,0,0,4.10673686357036,0,0,0,6.8425195052706,0,3.42589687221455,0,3.8512256887224,0,0,0,0,0,0,0,0,0,0,0,0,0,0,0,0,0,0,0,0,0,0,0,0,0,0,0,0,0,5.07397947813335,0,0,0,0,0,0,0,0,7.78650150980268,0,4.41171364982923,0,0,0,0,0,0,0,0,0,0,0,0,0,0,0,3.60271500679799,4.82264185185526,0,0,0
0,0,0,0,0,0,0,0,0,0,0,0,0,0,0,0,3.40401756380366,0,0,0,0,0,3.62051550547282,0,0,0,3.09436845393316,0,3.60235585562244,0,0,0,0,0,0,0,0,0,0,0,0,0,0,0,0,0,0,0,0,0,0,0,0,0,0,0,0,0,0,0,0,0,0,0,0,5.86389649966184,0,0,0,0,0,3.14843157459708,0,0,0,0,0,0,0,0,0,0,3.85322607064885,0,0,0,0
0,0,0,0,0,0,0,0,0,0,0,0,0,0,0,0,0,0,0,0,0,3.40961522767038,0,0,0,0,0,3.24932401081559,0,4.01104703290122,0,0,0,0,0,0,0,3.96718437782187,0,0,0,0,0,0,0,0,0,0,0,2.84961843490601,0,0,0,0,0,0,0,0,0,0,0,0,0,0,5.96612825149145,0,2.78213163784572,0,0,0,0,0,4.69677207780921,0,0,0,0,0,0,0,4.80697304971756,0,3.59471146820127,4.83219297986907,0,0,0
0,0,0,0,0,0,0,0,0,0,0,0,0,0,0,0,0,0,0,0,0,0,2.87885864575704,0,0,0,0,0,3.46402188285916,0,3.01385513941447,0,0,0,0,0,0,0,4.55087488889694,0,0,0,0,0,0,0,0,15.8528307881849,12.8667263812329,0,0,0,0,0,0,0,0,0,0,0,0,0,0,0,0,3.1795759004551,0,5.70188474655151,0,3.14843157459708,0,0,0,3.70636105537415,0,0,0,0,0,0,0,5.49213565826416,4.4002623224682,0,0,0,0
0,0,0,0,0,0,0,0,0,0,0,3.17688712929234,0,4.41669708973653,0,0,0,0,30.5050163269043,0,0,0,0,0,0,0,0,3.72413951588206,0,6.01598656849122,0,0,0,0,0,0,0,4.65964283218867,0,0,0,12.9877924199374,0,0,0,0,0,0,0,8.57207265280952,0,0,0,0,0,0,0,4.18798532199621,0,5.14696779251099,0,0,7.82346291542053,0,0,0,0,0,0,0,4.69677207780921,0,0,0,0,0,0,0,0,0,8.89576103341454,0,10.487346973972,4.32886494289745,5.72853916986744,16.2191510881696,0
17.8046922683716,0,0,0,0,0,0,0,0,0,0,0,0,0,0,0,0,0,0,0,0,0,0,0,0,0,0,0,3.13824423631032,0,2.91222787361879,0,0,0,0,0,0,0,0,0,25.4594234625498,0,31.6249580383301,0,0,0,0,0,23.8163322309653,0,0,0,0,0,0,0,0,0,0,0,0,0,0,0,0,0,0,0,0,0,0,3.70636105537415,0,0,0,0,0,0,0,0,0,8.13730633334749,0,0,19.1038236437422,0,0
0,0,0,0,0,0,0,0,0,0,0,0,0,0,0,0,0,0,0,0,0,0,0,0,0,0,0,0,0,0,0,4.14897833139666,3.60704032980281,0,0,0,4.85272932052612,0,0,0,0,0,0,0,0,0,0,3.3549090399778,0,0,0,0,0,0,0,0,0,0,0,0,0,0,0,0,0,0,0,0,0,0,0,0,0,0,0,4.10254201624129,0,0,4.23059320449829,0,0,0,2.80068855815464,0,0,0,0
0,0,0,0,0,0,0,0,0,0,0,0,0,0,0,0,0,0,0,0,0,0,0,0,0,0,0,0,0,0,0,3.22762839794159,3.35190866082747,0,0,4.20043838024139,2.95166985193888,0,0,0,0,0,0,0,0,0,0,3.35395114671129,5.90740077836173,0,0,0,0,0,0,0,0,0,0,0,0,0,0,0,0,0,0,0,0,0,0,0,0,0,4.10254201624129,0,0,2.91177024012027,0,3.07211811840534,0,12.0594263076782,0,0,0,0,0
0,0,0,0,0,0,0,0,0,0,0,0,0,0,0,0,0,0,0,0,0,0,0,0,0,0,0,0,0,0,0,0,0,3.72765143985277,7.51494593558773,0,0,3.51450421125673,10.6595542119897,0,0,0,0,0,0,0,0,5.15265856323701,0,0,0,0,0,0,0,0,0,0,0,0,0,0,0,0,0,0,0,0,0,0,0,0,0,0,0,0,0,6.25374370772263,0,0,2.96734923151613,13.7545475505647,3.36516442122283,0,0,0,0
0,0,0,0,0,0,0,0,0,0,0,0,0,0,0,0,0,0,0,0,0,0,0,0,0,0,0,0,0,0,0,0,3.20011350086757,6.14441616797255,3.2040527480805,0,3.22218543781954,13.229344367981,2.83981513977051,0,0,0,0,0,0,0,0,5.23768475420335,7.36537146568298,12.8204746246338,0,0,0,0,0,0,0,0,0,0,0,0,0,0,0,0,0,0,0,0,0,0,0,0,0,2.91177024012027,6.25374370772263,0,0,3.72537915229797,17.2830087727514,4.4667708580954,3.57650699713795,0,0,0,0
0,22.021228896247,0,0,0,0,0,0,0,0,0,0,0,0,0,0,0,0,20.8089934924863,3.51608224251444,0,0,0,0,0,0,0,0,0,0,0,3.33054504260211,4.50857494533926,3.14699285384642,0,4.20960604619626,3.41046373861956,3.04488013850318,0,7.1853539906882,0,13.7715360290388,0,19.8285599087174,0,15.9791395664215,0,4.65955432409105,0,8.17464172486031,0,0,0,0,0,0,0,6.60145384924752,0,0,0,0,4.17454903266009,0,0,0,0,0,0,0,0,0,0,0,4.23059320449829,0,0,0,0,3.45776550091949,3.9516820551079,0,5.17978521177358,5.47251838418871,8.94840725021835,17.846328163147,0
24.7102818489075,0,0,0,0,0,0,0,0,0,3.25161183964122,0,0,0,0,0,31.128812789917,0,25.8070619371202,0,3.10358747508791,0,0,0,0,0,0,0,0,0,0,4.00163333756583,3.10201549934129,0,3.12741492770172,3.19224913833068,3.4939652287704,0,3.0587479993701,0,6.44885986005489,0,9.28197459088431,0,19.0851771389997,0,12.6245113554771,5.44363606227072,6.77072609566712,0,0,0,0,0,0,0,0,0,0,0,0,0,0,4.30151981418416,0,0,0,0,0,0,0,0,0,0,0,3.07211811840534,0,3.72537915229797,3.45776550091949,0,0,4.10104154444289,3.76149618208624,4.4611256868731,7.94723616064863,0,13.4392609119415
0,14.0078572034836,0,0,0,0,0,0,0,11.7046670913696,0,4.2302428782766,0,0,0,0,0,0,22.0352249414148,3.58460314399318,0,3.48788656821695,4.45400252756199,3.95645985902692,0,0,0,4.14209140507521,0,3.21779060651237,0,0,0,3.98068388534955,12.04933626181,3.94757901754416,0,3.58540989476351,6.54035279036012,4.13076599307408,0,10.2934105765652,0,20.2233964764342,0,10.1071271896362,0,7.54282791562663,0,4.0236664291908,0,0,0,0,0,13.3436616017268,0,5.37891256108004,0,0,0,0,5.38020132836841,0,3.93843556886696,4.99919700622559,4.07603303820109,0,0,0,4.80697304971756,0,8.89576103341454,0,0,0,2.96734923151613,17.2830087727514,3.9516820551079,0,0,16.088272984892,4.34858001114152,4.96019841812469,5.41206995622436,15.9435149781844,0
26.1178691748417,0,0,0,0,0,0,0,18.3020009319025,0,2.9926224523975,0,0,0,26.3892669677734,0,0,0,26.7936624738905,0,0,0,3.3405481945874,0,5.69431864344772,0,0,0,3.81965443297956,0,2.96004656435912,0,0,12.4426259850011,4.45875826545518,0,3.18944250597499,6.11128466725349,3.57771683237731,0,21.7585744857788,0,16.4921204832946,0,20.0102331978934,0,19.4352693239848,7.69737565019993,8.59671025802522,14.0671261151632,0,0,0,0,19.2442927170207,0,4.43158602714539,0,31.5047550201416,0,27.3677874973842,0,0,8.96337481907436,0,4.38884734003632,0,9.62963898428555,0,0,0,5.49213565826416,0,8.13730633334749,0,12.0594263076782,13.7545475505647,4.4667708580954,0,4.10104154444289,16.088272984892,0,9.97439494207006,4.3910822957663,12.9207891673711,0,16.1536995746471
6.53899823957978,5.34350339680502,8.25615489637697,3.9150536353128,3.72455860118163,6.7205428481102,0,0,6.77065808647557,5.69700665465252,3.14328310966492,3.96835601510033,4.93393299231927,4.60861438566988,10.8508095741272,5.29413143842201,5.37221169306949,6.6090851919814,5.30255011378232,2.73933923244476,0,4.02488810988252,4.07303163078576,4.19006193374178,3.03428036103146,3.96388462715941,3.46068749054909,3.49517006968197,3.86366274310597,3.70137628026911,0,0,0,3.52042024080143,3.70249764341498,7.27695190465517,3.89333244064575,4.28877502010068,8.30534364682572,10.804316431284,0,7.53305333014373,10.9733792927391,7.71015751107225,6.1608139011595,7.3623064427288,4.54929339629898,3.92307650029135,13.5759852850055,6.30552596992321,5.17125570985692,2.81320190152457,0,3.09049428593029,11.6976417189113,4.70393103399095,3.80498804364886,8.43351127846828,4.33854921896066,4.95832691631916,33.2352187083318,3.95344717887434,0,0,4.0133143886336,5.24004447531613,3.84480760756758,7.15710617466823,3.60271500679799,3.85322607064885,3.59471146820127,4.4002623224682,10.487346973972,0,2.80068855815464,0,3.36516442122283,3.57650699713795,5.17978521177358,3.76149618208624,4.34858001114152,9.97439494207006,0,5.29871634779511,9.11591466990384,7.1539688232754,15.0268817628225
7.54528085141143,11.5498929023743,13.2046306700934,0,3.91098184452444,9.33793193101883,3.35128883281386,0,4.61725336877407,7.23256008148864,3.80577373504639,3.86399626731873,3.50356220637273,4.34623446245003,2.95850132405758,6.92496332180483,5.9191479293091,10.9835200233547,10.4981261309203,0,0,4.36600042856984,4.36029811274084,0,0,3.30694551856019,3.32637407039774,4.31735074344569,0,3.76069028036935,0,0,0,0,0,6.12452119380604,4.22056303189801,4.45847381068242,3.24364387989044,0,0,0,0,0,0,0,0,0,8.211723168691,0,6.73636436462402,0,4.26946339240441,0,6.57469323158264,8.90616690594217,0,4.38914005279541,3.36635711607836,5.32630730639589,0,6.52049408405538,0,0,4.90079340395946,4.05350593807771,0,0,4.82264185185526,0,4.83219297986907,0,4.32886494289745,0,0,0,0,0,5.47251838418871,4.4611256868731,4.96019841812469,4.3910822957663,5.29871634779511,0,19.305669148763,0,0
11.0836300756417,5.62825790916581,4.17673048457584,5.62207885540969,4.3859960212427,0,0,0,15.4431552364276,9.05156892821902,0,0,0,0,0,0,22.4577865600586,0,11.9000551717709,0,3.03195468783379,0,0,3.34042433897654,6.31918048858643,0,0,0,0,0,0,0,0,0,0,5.36670982396161,4.67660939693451,7.65282662134813,10.5736279215994,5.78419122191656,7.37325265137069,7.92896038492768,11.6269260840098,8.1370616516391,4.17534080370932,6.37197326157477,6.53344586125827,7.21473870081365,15.6735787900404,8.73663640514926,5.76663732435989,0,0,0,16.1749486393399,6.53323361022634,3.84810796437657,5.44580322497369,3.90062570146599,0,13.3803246974945,0,5.18017569084962,3.53221014037965,0,20.5923194885254,3.75961504434591,15.0513829114486,0,0,0,0,5.72853916986744,19.1038236437422,0,0,0,0,8.94840725021835,7.94723616064863,5.41206995622436,12.9207891673711,9.11591466990384,19.305669148763,0,7.81789899651238,7.81194538380726
0,9.25262975692749,0,0,0,0,0,0,0,0,0,0,0,0,0,0,0,0,5.86229526852987,0,0,0,0,0,0,0,0,0,0,0,0,0,0,0,0,0,0,0,0,15.1917370160421,0,6.77018924582601,0,0,0,0,0,0,0,0,0,0,0,0,0,0,0,12.1218992759442,0,0,0,0,11.8083877563477,0,0,0,0,0,0,0,0,0,16.2191510881696,0,0,0,0,0,17.846328163147,0,15.9435149781844,0,7.1539688232754,0,7.81789899651238,0,0
9.22236810790168,0,0,0,0,0,0,0,5.0454265276591,0,0,0,0,0,0,0,14.5097534656525,0,9.65531723047125,0,0,0,0,0,0,0,0,0,0,0,0,0,0,0,0,0,0,0,15.3582226195425,0,15.9667911529541,0,4.2285373210907,0,8.18659140513494,0,0,0,26.0975424448649,0,0,0,0,0,6.50421857833862,0,0,0,0,0,0,0,0,0,0,0,0,0,0,0,0,0,0,0,0,0,0,0,0,13.4392609119415,0,16.1536995746471,15.0268817628225,0,7.81194538380726,0,0
