0,0,4.01046434315768,0,0,0,0,0,7.23553937084072,0,0,0,0,0,0,0,34.7645760774612,71.7692565917969,10.2547805607319,0,0,0,0,0,0,0,0,0,0,0,0,0,0,0,0,0,0,0,22.6925785541534,0,35.4800863265991,42.5373789469401,27.6470033694536,0,0,0,29.7647255729227,0,6.08941602599027,0,0,0,0,0,4.65282383458368,0,28.3056172688802,0,0,0,6.51540868282318,0,0,38.2223739624023,0,0,0,0,0,0,0,0,0,32.623429107666,0,0,0,0,0,37.361249815334,0,38.7201170744719,9.78965640243362,0,15.9513087366602,0,16.066973845164
0,0,0,3.65286458177226,0,0,0,0,0,5.37887588214549,0,0,0,0,0,5.78631200790405,0,0,5.49150572882758,0,0,0,0,16.1248823404312,0,0,0,0,0,0,0,0,0,0,0,0,0,0,0,0,0,24.5173415194501,0,0,0,22.1868565877279,0,0,0,5.01411604147691,0,0,0,0,0,5.59543834610989,0,10.6025368372599,0,0,0,3.92878305912018,0,0,0,0,20.0451240539551,0,0,0,0,0,0,0,0,0,0,0,36.5977077484131,0,39.3183860778809,0,4.76277872442289,0,14.4173032136837,18.7198467254639,0
4.01046434315768,0,0,0,8.59202844974322,0,0,0,4.39849431406368,0,0,0,0,0,4.82758712768555,0,43.4713249206543,0,13.7813131809235,0,0,0,0,0,0,0,0,0,0,0,0,0,0,0,0,0,0,0,0,0,46.1737820943197,0,27.341156846001,0,0,0,27.6884727478027,0,9.56165464504345,46.1644897460938,11.2993960082531,0,0,0,3.48022698693805,0,29.4417222893756,0,36.2304699420929,0,4.77554855687278,0,0,0,0,0,0,0,0,0,0,0,0,31.5246436709449,0,0,0,0,0,44.909709294637,0,40.5508286952972,11.1702144209123,6.56005439758301,10.7877644391045,0,14.4796804428101
0,3.65286458177226,0,0,0,7.237743736939,0,0,0,7.0309243388474,0,0,0,0,0,0,83.8077189127604,91.6068935394287,61.984965133667,5.35595897265843,0,0,0,0,0,0,0,0,0,0,0,0,0,64.7942199707031,0,19.7468639879811,0,28.7102127075195,0,41.8502298314521,71.307123819987,36.3500142708803,44.7384569380018,0,0,24.8498627096415,0,64.7259699503581,36.7718909581502,12.6357948721909,0,6.7851997277011,0,0,0,6.68168368448619,0,27.6683757369583,0,0,0,0,15.0064603822273,0,0,0,0,0,0,0,0,0,33.0505009050722,0,0,0,0,0,42.0291256294876,82.5925025939941,44.3186086938401,103.826805114746,25.5043009852959,14.0161549363817,13.7808765108405,21.7437973022461,0
0,0,8.59202844974322,0,0,0,3.33622601628304,0,4.77698015555357,0,0,0,3.28260016441345,0,13.1595048904419,0,70.3923263549805,0,89.4498901367188,0,15.0859247102707,0,0,0,0,0,0,0,0,0,0,0,0,0,0,0,29.5306411743164,0,0,0,47.7865612442429,0,43.2922977265858,0,0,0,38.6767361958822,69.7609939575195,46.878119365589,0,3.67628235154682,0,3.75948685197269,0,3.7294689655304,0,33.9198926560422,0,3.53824732520364,0,11.4102161558051,0,0,18.6577532965204,0,0,0,0,0,0,0,0,0,38.1705551147461,0,0,0,0,0,43.802711391449,0,57.1965087254842,8.96652076992334,0,24.6131745747157,0,32.2298927307129
0,0,0,7.237743736939,0,0,0,3.48292573988438,0,4.40486095318427,0,0,0,0,0,2.99210262298584,0,0,66.4133396148682,9.02641420665829,0,0,0,0,0,0,0,0,0,0,0,0,0,66.6795043945312,0,25.1328334118946,0,0,0,50.2178527832031,0,51.4969793047224,0,0,0,18.9342432889071,0,71.1698913574219,51.8933773040771,52.6621451907688,0,3.76842278815605,0,3.20221837162971,0,5.0914996105891,0,0,0,4.211544134321,0,4.56441860198975,9.44476618726029,0,0,0,0,0,0,0,0,0,41.8175659179688,0,0,0,0,0,25.4602274726814,96.9614410400391,57.0205200195312,0,10.1135806436956,4.57426885671394,12.0708417333998,0,0
0,0,0,0,3.33622601628304,0,0,0,0,0,4.7112991809845,0,3.59157032125136,0,0,0,0,0,0,0,5.70515213749273,0,0,0,0,0,0,0,0,0,0,0,0,0,0,0,22.9382190704346,0,0,0,0,0,0,0,0,0,0,0,0,0,3.10732545852661,0,4.01209709451005,0,0,0,5.2311520755291,0,4.64679891802371,0,0,0,0,11.2014484099853,0,0,0,0,0,0,0,0,0,0,0,0,0,0,0,0,0,0,4.3180844463758,3.63445773124695,0,0,0
0,0,0,0,0,3.48292573988438,0,0,0,0,0,2.9005753464169,0,3.16245735685031,0,0,0,0,0,3.2491728578295,0,0,0,0,0,0,0,0,0,0,0,0,0,0,0,4.85890674591064,0,0,0,0,0,0,0,0,0,0,0,0,0,0,0,4.05862755336981,0,3.44803651973901,0,0,0,3.9343883395195,0,3.71145754672111,0,0,0,0,0,0,0,0,0,0,0,0,0,0,0,0,0,0,0,0,0,0,3.7146586545809,3.31352806091309,0,0,0
7.23553937084072,0,4.39849431406368,0,4.77698015555357,0,0,0,0,0,0,0,0,0,4.01977227926254,0,16.4796274153047,38.6589904626211,19.6865707603661,0,0,0,0,0,6.10042196825931,0,14.1119190805099,0,0,0,0,0,0,0,0,0,0,0,12.5580404674306,54.3774261474609,51.518196105957,46.8897094726562,25.8930734275044,0,0,51.1334810256958,45.9248441060384,0,10.8913217158545,45.6070518493652,5.93850170430683,0,0,0,6.39804453214181,0,47.2330150604248,0,0,0,4.23476010669361,0,0,64.3511901855469,0,0,0,3.30497701962789,0,5.55732866128286,0,0,0,50.2650540669759,0,0,0,0,66.4895858764648,61.411548614502,115.509368896484,32.4612489700317,7.1147075901742,6.48148602289511,9.1268127106767,0,0
0,5.37887588214549,0,7.0309243388474,0,4.40486095318427,0,0,0,0,0,0,0,0,0,5.60463436705167,36.9835071563721,15.7253355144584,18.9216764569283,0,0,0,0,5.81624589667601,0,0,0,0,0,0,0,0,0,0,0,0,0,7.40262521252488,0,51.2519588470459,0,29.094522696275,0,0,0,28.8072287241618,0,68.2599487304688,0,6.19988737130528,0,2.73567056655884,0,0,0,4.71661471630015,0,36.0260963439941,0,0,0,5.59704736300877,0,91.9316940307617,0,0,8.69772017478943,0,0,0,0,0,0,0,0,0,0,0,50.045590536935,0,11.3252856110324,0,5.50609117418551,4.93308782831151,17.360843367313,0,0
0,0,0,0,0,0,4.7112991809845,0,0,0,0,0,3.61233656538045,0,0,0,0,0,0,0,3.56605123912934,0,0,0,0,0,0,0,3.59165191650391,0,2.96456289291382,0,0,0,0,0,4.85283704102039,0,3.98903569681891,0,0,0,0,0,0,0,0,0,0,0,0,0,5.39554446284511,0,0,0,6.55669281279323,0,4.93265557289124,0,0,0,0,20.0911023376185,0,0,0,0,0,0,0,0,0,13.9078028996785,0,0,0,0,0,32.9031758308411,0,4.45955701986949,3.89967925421858,0,0,0,0
0,0,0,0,0,0,0,2.9005753464169,0,0,0,0,0,3.14572973624288,0,0,0,0,0,3.91689213549737,0,0,0,0,0,0,0,3.36023599505425,0,4.29699907246537,0,0,0,0,0,8.00154710821715,0,5.19608358351323,0,0,0,0,0,0,0,9.45124340057373,0,0,0,0,0,0,0,3.05593919754028,0,0,0,7.12380463053212,0,3.93646904479626,0,0,4.00160398499014,0,0,0,0,0,0,0,3.84544180688404,0,5.83088906433271,0,0,0,0,0,7.60405551686006,0,3.88840695339091,0,4.20617162016616,2.98625298204093,3.97026235348469,0,0
0,0,0,0,3.28260016441345,0,3.59157032125136,0,0,0,3.61233656538045,0,0,0,4.33137381837723,0,0,0,0,0,0,0,0,0,0,0,0,0,0,0,0,0,0,0,0,0,0,0,0,0,0,0,0,0,0,0,0,0,0,0,0,0,3.61333306824289,0,0,0,2.90772069295247,0,4.2898621448052,0,3.62142709891001,0,0,0,0,0,0,0,0,0,0,0,0,0,0,0,0,0,0,0,0,0,3.55785998545195,4.18615934848785,0,0,0
0,0,0,0,0,0,0,3.16245735685031,0,0,0,3.14572973624288,0,0,0,3.14907150963942,0,0,0,0,0,0,0,0,0,3.37372668584188,0,0,0,0,0,0,0,0,0,0,0,0,0,0,0,0,0,0,0,0,0,0,0,0,0,0,0,2.93327033519745,0,0,0,3.30038651430382,0,3.62272549612261,0,3.30617793083191,0,0,0,0,0,0,0,0,0,0,0,0,0,0,0,0,0,0,0,0,3.39968682878158,3.21747046074969,0,0,0
0,0,4.82758712768555,0,13.1595048904419,0,0,0,4.01977227926254,0,0,0,4.33137381837723,0,0,0,8.91346516155061,47.7577285766602,34.8374881744385,0,0,0,0,0,0,0,9.64961127801375,0,0,0,0,0,0,0,0,0,0,0,0,76.5273361206055,68.7080841064453,0,0,0,0,0,51.6759414672852,0,0,0,11.3658942580223,0,0,0,4.70142134773397,0,0,0,7.34019729085443,0,3.57933108347682,0,0,0,0,0,0,0,0,2.7486412525177,0,0,0,0,0,0,0,0,0,75.0946426391602,0,67.0466156005859,5.73836018299234,5.05283620318428,51.0761871337891,0,0
0,5.78631200790405,0,0,0,2.99210262298584,0,0,0,5.60463436705167,0,0,0,3.14907150963942,0,0,0,2.99214662205089,0,0,0,0,0,0,0,2.9824759237694,0,0,0,0,0,0,0,0,0,0,0,0,0,0,0,0,0,0,0,0,0,0,0,0,0,3.55049306154251,0,0,0,8.59160162946757,0,0,0,0,0,4.14655212674822,0,0,0,0,0,0,0,0,0,0,0,0,0,0,0,0,0,0,0,0,3.10313828218551,3.28837725432993,0,0,0
34.7645760774612,0,43.4713249206543,83.8077189127604,70.3923263549805,0,0,0,16.4796274153047,36.9835071563721,0,0,0,0,8.91346516155061,0,0,20.8411816945558,25.6105514618344,0,0,10.8775265216827,3.85257112352472,0,0,48.2482757568359,6.87084262982934,0,7.40279303278242,0,0,0,0,0,0,0,0,0,64.2073745727539,75.6985163664698,65.8129170042096,71.6582268340678,49.1071562696699,0,0,73.9669921488701,60.7826712573016,0,41.7147369384766,89.92802734375,69.6920013427734,0,0,0,0,0,66.9165956833783,0,0,0,7.22260772841317,0,86.1882400512695,73.3584719905147,0,6.21628813033408,0,0,0,10.7018063433316,0,0,73.484001159668,62.7511802547234,0,0,0,0,85.2201996147633,70.6174570200395,83.7884715687145,66.3340744311993,15.3833108457734,9.33539141348565,61.3456551965078,65.7671585083008,46.0879351875999
71.7692565917969,0,0,91.6068935394287,0,0,0,0,38.6589904626211,15.7253355144584,0,0,0,0,47.7577285766602,2.99214662205089,20.8411816945558,0,17.9652690586924,0,0,6.88510244519171,42.3834047317505,6.65923950763849,0,3.95603850090279,36.503295135498,3.16841673851013,0,0,0,0,0,0,0,0,0,114.936187744141,0,68.8574733090091,72.5337328229632,58.7013097343958,62.356267111642,0,0,65.6682651937008,67.4097864905069,0,0,68.4545986175537,96.7405471801758,0,0,0,0,0,85.5898590087891,76.6407108306885,0,0,0,2.95951781954084,73.098503112793,75.7770516967773,7.0665466104235,15.4049291610718,8.09412088394165,0,5.78923463344574,33.948356628418,0,0,63.6422271728516,82.0765705108643,0,0,0,0,75.1761957499795,82.2124566366506,74.6215482934729,79.7711203438895,12.5039932947999,8.64579547532921,66.2872172162577,49.8909180959066,55.6141624450684
10.2547805607319,5.49150572882758,13.7813131809235,61.984965133667,89.4498901367188,66.4133396148682,0,0,19.6865707603661,18.9216764569283,0,0,0,0,34.8374881744385,0,25.6105514618344,17.9652690586924,0,0,0,0,0,0,0,0,36.7298963720148,0,0,0,0,0,0,0,0,75.0838084220886,0,82.3398895263672,47.3644599914551,50.0986620258782,50.3492198065764,33.5025185176695,28.319284696579,11.2716820456765,16.1581039428711,42.6676882403799,43.1009729018203,127.823448181152,30.1647036870321,39.0972343939947,56.2202005386353,0,0,0,0,45.0229644775391,56.2626542436316,23.5770129322136,83.3102169036865,0,27.2461318969727,0,52.3137623469035,54.749834380307,0,0,0,0,0,45.6914939880371,0,53.1752840677897,26.6873074591448,48.3238490508483,0,0,0,0,51.7436720523934,51.0631228486595,45.4022543646263,47.8681255442496,15.5973343010444,21.2126889071112,34.6875599884159,30.2524818936173,27.7090975642204
0,0,0,5.35595897265843,0,9.02641420665829,0,3.2491728578295,0,0,0,3.91689213549737,0,0,0,0,0,0,0,0,0,0,0,0,0,0,0,0,0,4.83334636688232,0,0,0,0,0,7.86163774446437,0,7.62963549739818,0,0,0,0,0,0,0,8.35202170527259,0,60.3504447937012,0,45.8169651031494,0,0,0,0,0,0,0,8.74973890998147,0,0,0,0,4.96140061829651,0,0,0,0,0,0,0,0,0,0,0,0,0,0,0,7.7035254660913,0,10.1042741897494,0,8.67719128697189,3.69208550453186,8.51742517116458,0,0
0,0,0,0,15.0859247102707,0,5.70515213749273,0,0,0,3.56605123912934,0,0,0,0,0,0,0,0,0,0,0,0,0,0,0,0,0,0,0,0,0,0,0,0,0,4.23969427709226,0,6.07880889177322,0,35.1737327575684,0,0,0,0,0,20.1563753830759,0,44.7046562194824,0,12.7476479750705,0,7.96025992929935,0,0,0,5.13920285718502,0,30.0231323242188,0,0,0,0,8.47092835160247,0,0,0,0,0,0,0,0,0,27.9993669986725,0,0,0,0,0,11.9380112521857,0,11.7088295455672,3.14482933945126,0,12.3386194750115,0,0
0,0,0,0,0,0,0,0,0,0,0,0,0,0,0,0,10.8775265216827,6.88510244519171,0,0,0,0,4.207405824919,3.78291441291891,0,3.26051141421,0,3.23768640860267,0,0,0,0,0,0,0,0,0,6.68418537930981,2.83935356140137,0,0,0,0,0,0,0,0,23.0184226565891,0,9.27526729106903,0,0,0,0,0,0,0,0,0,0,0,0,0,0,5.22224210910299,4.90893814712763,10.258260306618,0,10.1557794691442,0,5.16800345886837,0,0,0,0,0,0,0,0,0,9.07104377666625,0,4.10986573669743,4.55771201390487,29.4481153488159,0,0
0,0,0,0,0,0,0,0,0,0,0,0,0,0,0,0,3.85257112352472,42.3834047317505,0,0,0,4.207405824919,0,0,6.81532878169307,0,3.62414545483059,0,6.82000324555806,0,0,0,0,0,0,0,0,8.55891847610474,4.62294978853036,0,0,0,0,0,0,0,0,0,7.81680848548462,0,0,0,0,0,0,0,0,0,0,0,0,0,0,0,4.11062961154514,5.13512866186536,0,8.00792519148294,0,3.63391775256951,0,7.06584295250734,0,0,0,0,0,0,0,0,0,7.83108552691853,4.4126611001874,4.51710031636028,27.8928890228271,0,0
0,16.1248823404312,0,0,0,0,0,0,0,5.81624589667601,0,0,0,0,0,0,0,6.65923950763849,0,0,0,3.78291441291891,0,0,0,3.47172909975052,0,0,0,0,0,0,0,0,0,0,0,6.02800775042686,0,0,0,8.58111299787249,29.745885848999,0,0,0,0,25.2131933484759,0,15.6528713428057,0,0,0,0,0,5.35427573612758,0,0,0,0,0,0,0,0,4.11958114797717,0,4.23071798754487,0,3.80056515959806,0,6.65884470939636,0,29.6253337860107,0,0,0,0,0,0,0,9.32129466855848,0,5.1205700701655,24.3917236328125,14.6243384913965,7.94662027359009,0
0,0,0,0,0,0,0,0,6.10042196825931,0,0,0,0,0,0,0,0,0,0,0,0,0,6.81532878169307,0,0,0,3.23513073527936,0,0,0,0,0,0,0,0,0,0,0,4.02201405756627,0,0,0,0,0,0,0,0,0,5.9344287276268,0,0,0,0,0,0,0,0,0,0,0,0,0,0,0,0,7.19185635986098,0,4.69204598858117,0,3.35860144362158,0,0,0,0,0,0,0,0,0,0,0,7.85495439328645,4.02861124447414,0,3.35876841978593,0,0
0,0,0,0,0,0,0,0,0,0,0,0,0,3.37372668584188,0,2.9824759237694,48.2482757568359,3.95603850090279,0,0,0,3.26051141421,0,3.47172909975052,0,0,0,4.15644508256962,0,0,0,0,0,0,0,0,0,0,0,0,0,0,0,0,0,0,0,0,0,0,0,0,0,0,0,0,0,0,0,0,0,3.24064568372873,0,0,4.15498578548431,0,2.93946123123169,0,3.30734933870975,0,4.17532231807709,0,0,0,0,0,0,0,0,0,0,0,4.86689573946133,0,0,0,0
0,0,0,0,0,0,0,0,14.1119190805099,0,0,0,0,0,9.64961127801375,0,6.87084262982934,36.503295135498,36.7298963720148,0,0,0,3.62414545483059,0,3.23513073527936,0,0,0,6.83339309692383,0,0,0,0,0,0,0,0,0,0,0,70.9141311645508,73.7494354248047,0,0,0,0,0,0,0,0,0,0,0,0,2.90553939342499,0,0,0,0,0,0,0,0,0,0,0,0,4.69550132751465,0,3.22800342629596,0,0,0,0,0,0,0,0,0,72.2834396362305,0,67.3581504821777,7.5462864771966,19.6806020736694,0,0,0
0,0,0,0,0,0,0,0,0,0,0,3.36023599505425,0,0,0,0,0,3.16841673851013,0,0,0,3.23768640860267,0,0,0,4.15644508256962,0,0,0,3.48103254847229,0,0,0,0,0,0,0,5.40268563490648,0,0,0,0,0,0,0,0,0,0,0,0,0,0,0,0,0,0,0,10.3063311576843,0,3.25825779778617,0,0,0,0,3.73910072871617,0,0,0,4.11547009215063,0,4.71807673205864,0,5.8363819387224,0,0,0,0,0,0,0,5.49686431884766,0,4.05375625007421,4.18503506333978,0,0,0
0,0,0,0,0,0,0,0,0,0,3.59165191650391,0,0,0,0,0,7.40279303278242,0,0,0,0,0,6.82000324555806,0,0,0,6.83339309692383,0,0,0,3.57233052891669,0,0,0,0,0,0,0,3.84127668234018,0,0,0,0,0,0,0,0,0,0,0,0,0,0,0,0,0,0,0,0,0,0,0,0,0,0,3.46942644566298,0,0,0,3.1637589931488,0,4.66060324247443,0,4.72124028205872,0,0,0,0,0,0,0,4.21838254928589,2.99070803324381,2.74956130981445,0,0,0
0,0,0,0,0,0,0,0,0,0,0,4.29699907246537,0,0,0,0,0,0,0,4.83334636688232,0,0,0,0,0,0,0,3.48103254847229,0,0,0,0,0,0,0,0,0,3.24177468597115,0,0,0,0,0,0,0,0,0,0,0,0,0,0,0,0,0,0,0,5.47701766274192,0,0,0,0,11.4156122207642,0,0,0,0,0,0,0,3.55456722577413,0,4.22561716173704,0,0,0,0,0,0,0,4.37026886371049,0,3.13883885630855,0,0,0,0
0,0,0,0,0,0,0,0,0,0,2.96456289291382,0,0,0,0,0,0,0,0,0,0,0,0,0,0,0,0,0,3.57233052891669,0,0,0,0,0,0,0,0,0,4.03923609395245,0,0,0,0,0,0,0,0,0,0,0,0,0,0,0,0,0,2.90188533067703,0,0,0,0,0,0,0,0,0,0,0,0,0,0,3.59557528350189,0,4.9541315494655,0,0,0,0,0,0,0,5.59613711120438,3.3064512514299,3.21862148550841,0,0,0
0,0,0,0,0,0,0,0,0,0,0,0,0,0,0,0,0,0,0,0,0,0,0,0,0,0,0,0,0,0,0,0,5.77039259151348,4.16893743787493,0,3.00653822422028,0,0,0,0,0,0,0,0,0,0,0,6.40889325063719,0,0,0,0,0,0,0,0,0,0,0,0,0,0,0,0,0,0,0,0,0,0,0,0,0,0,5.29805575281892,16.7870732634815,4.374631019739,0,3.18215839883201,17.3042299474469,0,0,5.92618964569203,0,0,0,0
0,0,0,0,0,0,0,0,0,0,0,0,0,0,0,0,0,0,0,0,0,0,0,0,0,0,0,0,0,0,0,5.77039259151348,0,2.97011165361147,7.71679704277604,6.52004289627075,3.17882007818956,0,0,0,0,0,0,0,0,0,0,4.16023260140591,0,0,0,0,0,0,0,0,0,0,0,0,0,0,0,0,0,0,0,0,0,0,0,0,0,0,8.69046809262891,5.98236950151532,3.67773536841075,16.2324269570802,11.6441431045532,6.71993615370484,0,0,3.93335297448295,0,0,0,0
0,0,0,64.7942199707031,0,66.6795043945312,0,0,0,0,0,0,0,0,0,0,0,0,0,0,0,0,0,0,0,0,0,0,0,0,0,4.16893743787493,2.97011165361147,0,4.61201957959904,3.69974712239634,5.75917816162109,4.57116186139572,9.38399461905161,0,0,0,0,0,0,64.9948380788167,0,5.89198448461865,22.8177920447456,14.9960646820068,0,0,0,0,0,0,0,0,0,0,0,0,0,0,0,0,0,0,0,0,0,0,0,0,3.28416766439165,20.1582914352417,4.79919222299342,5.86297164794288,16.0185397783915,6.21409950937544,5.00505109889779,3.99592594305674,4.65171266628795,3.25103651393544,46.7803773880005,0,0
0,0,0,0,0,0,0,0,0,0,0,0,0,0,0,0,0,0,0,0,0,0,0,0,0,0,0,0,0,0,0,0,7.71679704277604,4.61201957959904,0,4.00066637992859,8.26108766377457,5.93438759717074,4.80838232148777,0,0,0,0,0,0,0,0,5.51306294158938,8.7406304359436,0,0,0,0,0,0,0,0,0,0,0,0,0,0,0,0,0,0,0,0,0,0,0,0,0,0,7.10237433098175,4.35948625958969,5.31374153066116,3.60443798700968,4.97175606525799,5.93416644697604,11.215527812945,4.66167560882039,0,0,0,0
0,0,0,19.7468639879811,0,25.1328334118946,0,4.85890674591064,0,0,0,8.00154710821715,0,0,0,0,0,0,75.0838084220886,7.86163774446437,0,0,0,0,0,0,0,0,0,0,0,3.00653822422028,6.52004289627075,3.69974712239634,4.00066637992859,0,4.28638805922573,5.93511928573005,2.73054671287537,42.2945547103882,0,41.5326046943665,36.0170860290527,0,0,12.3572615866965,0,5.84441615494204,24.8898893992106,32.3311032772064,0,0,0,0,0,73.5511627197266,0,16.370969567034,0,0,0,0,12.7644945981917,0,0,0,0,0,0,0,0,0,0,0,3.34195104151061,0,8.32388773272114,0,5.98092509592362,5.8594217560508,11.6963339146714,0,4.51935234084307,4.02958987440382,17.126275232344,0,0
0,0,0,0,29.5306411743164,0,22.9382190704346,0,0,0,4.85283704102039,0,0,0,0,0,0,0,0,0,4.23969427709226,0,0,0,0,0,0,0,0,0,0,0,3.17882007818956,5.75917816162109,8.26108766377457,4.28638805922573,0,0,7.28088226066192,0,0,0,0,0,0,0,23.2866366584346,5.09113225183989,19.9770361247816,24.8162792205811,29.3532176384559,0,22.5103492736816,0,0,0,19.2073434591293,0,33.7801246643066,0,0,0,0,8.21373079827994,0,0,0,0,0,0,0,0,0,38.5716781616211,13.2600603103638,3.12238036261664,7.09197807312012,8.57574723530086,6.33643702899708,6.0949350953933,0,12.4266839133411,5.33457825241584,6.35908310723089,13.4893035565392,0,0
0,0,0,28.7102127075195,0,0,0,0,0,7.40262521252488,0,5.19608358351323,0,0,0,0,0,114.936187744141,82.3398895263672,7.62963549739818,0,6.68418537930981,8.55891847610474,6.02800775042686,0,0,0,5.40268563490648,0,3.24177468597115,0,0,0,4.57116186139572,5.93438759717074,5.93511928573005,0,0,5.58723572119564,72.5539169311523,0,11.7025360663732,32.0344319343567,0,0,16.5982686733377,0,8.5665956845924,0,6.01240155680502,0,0,0,0,0,10.2679421259807,0,12.3853793227395,0,0,0,0,12.1673939177114,0,7.12317459920948,0,9.63662979995568,0,15.9724952524359,0,4.19250605503718,0,4.13846491972605,0,0,0,4.61363906126756,12.3943514823914,9.10281278967476,0,5.59321989315436,4.53888056618827,5.95139570637776,4.62784860989986,9.9486398072767,10.2593968936375,0
22.6925785541534,0,0,0,0,0,0,0,12.5580404674306,0,3.98903569681891,0,0,0,0,0,64.2073745727539,0,47.3644599914551,0,6.07880889177322,2.83935356140137,4.62294978853036,0,4.02201405756627,0,0,0,3.84127668234018,0,4.03923609395245,0,0,9.38399461905161,4.80838232148777,2.73054671287537,7.28088226066192,5.58723572119564,0,0,55.9110946655273,0,8.40671031154803,0,0,0,43.7710325453017,6.87982005105626,5.82722974092441,0,44.5360298156738,0,0,0,15.0760316848755,0,6.09285454630852,0,0,0,0,0,0,17.5019664037862,0,5.48895910650334,0,8.2757506418178,0,0,0,4.99243532253217,0,4.56051718533694,0,0,7.2836468560355,5.60168756138195,6.57592163085937,12.4489330692366,4.9708406681562,6.22534334880628,5.01756285378153,3.30348702423445,6.05055279113259,0,28.8205108642578
0,0,0,41.8502298314521,0,50.2178527832031,0,0,54.3774261474609,51.2519588470459,0,0,0,0,76.5273361206055,0,75.6985163664698,68.8574733090091,50.0986620258782,0,0,0,0,0,0,0,0,0,0,0,0,0,0,0,0,42.2945547103882,0,72.5539169311523,0,0,78.1800689697266,21.3653104264202,32.2658134949835,0,0,21.4470618536278,75.1796252727509,18.0251481737409,60.4446716308594,12.6231402787988,121.7626953125,52.0666721050556,0,0,0,48.8498249053955,125.039031982422,55.4969698224749,0,0,0,0,10.054040238664,88.9918308258057,0,0,0,0,0,68.9495239257812,0,0,54.912466916171,95.0350685119629,0,0,0,0,52.7986312920047,89.2807865658322,66.3148484853753,89.4839852374533,44.0843298051938,69.4801538979135,21.1847313486085,25.5414665481191,70.1091156005859
35.4800863265991,0,46.1737820943197,71.307123819987,47.7865612442429,0,0,0,51.518196105957,0,0,0,0,0,68.7080841064453,0,65.8129170042096,72.5337328229632,50.3492198065764,0,35.1737327575684,0,0,0,0,0,70.9141311645508,0,0,0,0,0,0,0,0,0,0,0,55.9110946655273,78.1800689697266,0,44.9818167005266,23.648485542352,0,25.7901548238901,75.2219834327698,15.1090180150847,3.98766556240263,10.0792035957177,25.2485771179199,47.9982062783211,0,0,0,0,0,43.1694696377485,72.364501953125,45.3352819061279,0,0,0,0,9.89435682239303,0,0,0,0,0,0,0,62.4792366027832,81.0967025756836,54.4806014751566,0,0,0,0,96.4947052001953,11.6220322881023,0,41.4958402344159,53.7051807804153,52.9549713134766,18.8114302348708,0,43.6090120315552
42.5373789469401,24.5173415194501,0,36.3500142708803,0,51.4969793047224,0,0,46.8897094726562,29.094522696275,0,0,0,0,0,0,71.6582268340678,58.7013097343958,33.5025185176695,0,0,0,0,8.58111299787249,0,0,73.7494354248047,0,0,0,0,0,0,0,0,41.5326046943665,0,11.7025360663732,0,21.3653104264202,44.9818167005266,0,15.9502329132387,25.1297221183777,0,25.6783338732048,75.0960604927757,6.86680253346761,26.9900169372559,18.4076869134775,0,39.3466682434082,0,0,0,41.3703072547913,0,17.9655122544782,0,0,53.9025459289551,0,23.2466868818476,57.1466298103333,0,0,0,0,0,0,0,0,21.0597020010874,101.995114644368,0,0,0,0,28.9257866102441,68.2983234405518,42.1002291032082,77.810661315918,17.3804381738523,47.0604405579744,19.0601256209131,16.2062851550678,107.300895690918
27.6470033694536,0,27.341156846001,44.7384569380018,43.2922977265858,0,0,0,25.8930734275044,0,0,0,0,0,0,0,49.1071562696699,62.356267111642,28.319284696579,0,0,0,0,29.745885848999,0,0,0,0,0,0,0,0,0,0,0,36.0170860290527,0,32.0344319343567,8.40671031154803,32.2658134949835,23.648485542352,15.9502329132387,0,0,18.8147026408802,49.6368969226706,24.5714199694262,7.94808596831102,10.2657464090473,22.2994687954585,44.5748795950285,0,0,0,0,46.8507995605469,22.1808149046817,48.1151504516602,38.3196224030994,0,0,0,31.763739267985,27.8549664679204,0,26.1072082519531,0,0,0,0,0,21.6584032803047,0,22.8696845194163,0,0,0,0,65.3319823321174,23.6516250887267,60.3299823337131,28.5885690728414,17.0998672472579,37.3729416919204,15.938766616327,33.4915161132812,17.0437319582741
0,0,0,0,0,0,0,0,0,0,0,0,0,0,0,0,0,0,11.2716820456765,0,0,0,0,0,0,0,0,0,0,0,0,0,0,0,0,0,0,0,0,0,0,25.1297221183777,0,0,0,21.8472003936768,0,0,0,0,0,0,0,0,0,0,0,0,0,0,0,0,0,0,0,0,0,0,0,0,0,0,0,0,0,0,0,0,31.7348499298096,0,0,0,22.2669777870178,0,11.295774936676,0,0
0,0,0,0,0,0,0,0,0,0,0,0,0,0,0,0,0,0,16.1581039428711,0,0,0,0,0,0,0,0,0,0,0,0,0,0,0,0,0,0,0,0,0,25.7901548238901,0,18.8147026408802,0,0,0,23.5114870071411,0,16.7992730140686,0,0,0,0,0,0,0,37.6051063537598,0,0,0,0,0,0,34.9180183410645,0,0,0,0,0,0,0,0,0,0,0,0,0,0,0,30.8609116418021,0,39.5886268615723,0,0,5.38831062316895,0,0
0,22.1868565877279,0,24.8498627096415,0,18.9342432889071,0,0,51.1334810256958,28.8072287241618,0,9.45124340057373,0,0,0,0,73.9669921488701,65.6682651937008,42.6676882403799,8.35202170527259,0,0,0,0,0,0,0,0,0,0,0,0,0,64.9948380788167,0,12.3572615866965,0,16.5982686733377,0,21.4470618536278,75.2219834327698,25.6783338732048,49.6368969226706,21.8472003936768,0,0,75.7814394632975,63.1621054410934,41.7424660921097,42.051296511267,97.9017181396484,36.8758160909017,0,0,0,32.9317711639404,91.0419578552246,23.5109869933423,0,0,0,0,10.3561294556421,80.4048614501953,0,0,0,0,0,0,0,0,24.5806840737661,100.403942108154,0,0,0,0,19.5093778585038,88.1831624430995,27.359799644537,93.3107934431596,35.8286167661561,66.1254451976103,19.2072409279644,39.2586631774902,0
29.7647255729227,0,27.6884727478027,0,38.6767361958822,0,0,0,45.9248441060384,0,0,0,0,0,51.6759414672852,0,60.7826712573016,67.4097864905069,43.1009729018203,0,20.1563753830759,0,0,0,0,0,0,0,0,0,0,0,0,0,0,0,23.2866366584346,0,43.7710325453017,75.1796252727509,15.1090180150847,75.0960604927757,24.5714199694262,0,23.5114870071411,75.7814394632975,0,61.0540800094604,44.6644019262516,49.697144402398,32.991839556467,0,0,0,0,0,31.9553433367801,0,34.6907682979808,0,53.1049900054932,0,81.4650115966797,14.2357271382458,0,0,0,0,0,53.5489349365234,0,29.6202602386475,0,41.6001341683524,0,0,0,0,102.075261433919,21.7923530396329,90.5977382659912,48.6329912200687,45.6128666280586,48.9988470331828,26.1207269554654,0,39.6066455841064
0,0,0,64.7259699503581,69.7609939575195,71.1698913574219,0,0,0,68.2599487304688,0,0,0,0,0,0,0,0,127.823448181152,60.3504447937012,0,23.0184226565891,0,25.2131933484759,0,0,0,0,0,0,0,6.40889325063719,4.16023260140591,5.89198448461865,5.51306294158938,5.84441615494204,5.09113225183989,8.5665956845924,6.87982005105626,18.0251481737409,3.98766556240263,6.86680253346761,7.94808596831102,0,0,63.1621054410934,61.0540800094604,0,8.96131117283342,10.9822972006311,66.1165390014648,0,0,0,0,52.4392604827881,61.6324672698975,0,0,0,0,0,60.5253601074219,0,29.7892434861925,28.6752065931048,22.3710702427647,0,0,0,0,0,0,0,7.23647351587566,7.38039224252862,5.50980250952674,6.90583457497882,6.62590136188904,5.85513805491272,10.851005301756,7.44013660229169,6.73474950271268,3.66880937985011,12.5021106721609,0,0
6.08941602599027,0,9.56165464504345,36.7718909581502,46.878119365589,51.8933773040771,0,0,10.8913217158545,0,0,0,0,0,0,0,41.7147369384766,0,30.1647036870321,0,44.7046562194824,0,7.81680848548462,0,5.9344287276268,0,0,0,0,0,0,0,0,22.8177920447456,8.7406304359436,24.8898893992106,19.9770361247816,0,5.82722974092441,60.4446716308594,10.0792035957177,26.9900169372559,10.2657464090473,0,16.7992730140686,41.7424660921097,44.6644019262516,8.96131117283342,0,8.2979123702416,50.566679457214,0,0,0,6.25723612083579,46.357593536377,33.3836436321338,0,42.0016268077104,0,6.6029502835767,0,51.9738178253174,52.4292126068702,0,14.5871358533735,0,9.29422154238999,0,0,0,4.26394824079565,0,31.6479114492734,0,6.20220760504405,0,7.5695361495018,57.4179744720459,47.177908333966,0,9.53725329111288,10.8626312321308,49.6235654830933,10.9343703613518,0,0
0,5.01411604147691,46.1644897460938,12.6357948721909,0,52.6621451907688,0,0,45.6070518493652,6.19988737130528,0,0,0,0,0,0,89.92802734375,68.4545986175537,39.0972343939947,45.8169651031494,0,9.27526729106903,0,15.6528713428057,0,0,0,0,0,0,0,0,0,14.9960646820068,0,32.3311032772064,24.8162792205811,6.01240155680502,0,12.6231402787988,25.2485771179199,18.4076869134775,22.2994687954585,0,0,42.051296511267,49.697144402398,10.9822972006311,8.2979123702416,0,52.042423248291,47.8122482299805,0,0,0,25.4994030500713,0,23.1105875968933,49.9313011169434,0,0,0,51.217222397144,0,20.6479346222348,0,11.0210457117849,0,8.0970778465271,0,0,0,13.5961683013222,0,0,0,0,23.5275688171387,19.0140932833882,60.0372855113103,11.2509057936461,78.3562545776367,19.3268477838376,81.5088348388672,14.6148325616931,22.0376712935311,0
0,0,11.2993960082531,0,3.67628235154682,0,3.10732545852661,0,5.93850170430683,0,0,0,0,0,11.3658942580223,0,69.6920013427734,96.7405471801758,56.2202005386353,0,12.7476479750705,0,0,0,0,0,0,0,0,0,0,0,0,0,0,0,29.3532176384559,0,44.5360298156738,121.7626953125,47.9982062783211,0,44.5748795950285,0,0,97.9017181396484,32.991839556467,66.1165390014648,50.566679457214,52.042423248291,0,0,3.50979328155518,0,4.23565165201823,0,29.3658602541568,0,6.3401308926669,0,7.06158184306013,0,0,15.7138879481842,0,0,0,0,0,0,0,42.4244041442871,0,42.1246193220031,0,0,0,0,0,43.6759341734427,0,54.8934581590735,21.3857986175851,82.4125213623047,28.6152828350067,0,32.4262771606445
0,0,0,6.7851997277011,0,3.76842278815605,0,4.05862755336981,0,2.73567056655884,0,0,0,0,0,3.55049306154251,0,0,0,0,0,0,0,0,0,0,0,0,0,0,0,0,0,0,0,0,0,0,0,52.0666721050556,0,39.3466682434082,0,0,0,36.8758160909017,0,0,0,47.8122482299805,0,0,0,3.69207406044006,0,4.21763213475545,0,0,0,3.08435901006063,0,4.77448439087187,8.29751038551331,0,0,0,0,0,0,0,0,0,43.8702850341797,0,0,0,0,0,53.5988327026367,0,51.1824426651001,0,7.02650354648459,7.84441259929112,17.8111167158399,0,0
0,0,0,0,3.75948685197269,0,4.01209709451005,0,0,0,5.39554446284511,0,3.61333306824289,0,0,0,0,0,0,0,7.96025992929935,0,0,0,0,0,0,0,0,0,0,0,0,0,0,0,22.5103492736816,0,0,0,0,0,0,0,0,0,0,0,0,0,3.50979328155518,0,0,0,0,0,7.11164659761942,0,5.26168572902679,0,0,0,0,13.4413921649639,0,0,0,0,0,0,0,0,0,0,0,0,0,0,0,0,0,0,4.51636260577611,0,0,0,0
0,0,0,0,0,3.20221837162971,0,3.44803651973901,0,0,0,3.05593919754028,0,2.93327033519745,0,0,0,0,0,0,0,0,0,0,0,0,0,0,0,0,0,0,0,0,0,0,0,0,0,0,0,0,0,0,0,0,0,0,0,0,0,3.69207406044006,0,0,0,0,0,3.69344718536634,0,3.65936808152632,0,0,0,0,0,0,0,0,0,0,0,0,0,0,0,0,0,0,0,0,0,0,3.87075896263123,3.3806471824646,0,0,0
4.65282383458368,0,3.48022698693805,0,3.7294689655304,0,0,0,6.39804453214181,0,0,0,0,0,4.70142134773397,0,0,0,0,0,0,0,0,0,0,0,2.90553939342499,0,0,0,0,0,0,0,0,0,0,0,15.0760316848755,0,0,0,0,0,0,0,0,0,6.25723612083579,0,4.23565165201823,0,0,0,0,0,0,0,4.25223293304443,0,6.28398911185184,0,0,0,0,0,0,4.21043626634698,0,0,0,0,0,0,0,0,0,0,0,0,0,9.55214925101309,7.76871460000264,0,0,0,0
0,5.59543834610989,0,6.68168368448619,0,5.0914996105891,0,0,0,4.71661471630015,0,0,0,0,0,8.59160162946757,0,0,45.0229644775391,0,0,0,0,5.35427573612758,0,0,0,0,0,0,0,0,0,0,0,73.5511627197266,0,10.2679421259807,0,48.8498249053955,0,41.3703072547913,46.8507995605469,0,0,32.9317711639404,0,52.4392604827881,46.357593536377,25.4994030500713,0,4.21763213475545,0,0,0,0,0,34.6194699605306,0,0,0,5.33270696540932,43.4907620747884,0,0,0,4.84897774457932,0,0,0,0,0,39.791283416748,0,0,0,0,0,51.7835083938226,0,12.4384578546578,0,20.7897485302341,42.8886747360229,17.2173869609833,27.8343715667725,0
28.3056172688802,0,29.4417222893756,0,33.9198926560422,0,5.2311520755291,0,47.2330150604248,0,6.55669281279323,0,2.90772069295247,0,0,0,66.9165956833783,85.5898590087891,56.2626542436316,0,5.13920285718502,0,0,0,0,0,0,0,0,0,2.90188533067703,0,0,0,0,0,19.2073434591293,0,6.09285454630852,125.039031982422,43.1694696377485,0,22.1808149046817,0,37.6051063537598,91.0419578552246,31.9553433367801,61.6324672698975,33.3836436321338,0,29.3658602541568,0,7.11164659761942,0,0,0,0,0,7.9406917030013,0,4.77390897274017,0,0,15.226047842122,0,0,0,0,0,0,0,5.86364043807983,0,15.2895691808132,0,0,0,0,130.303833007812,45.6114791400616,0,31.6259047693136,20.3902591442575,34.8340905996469,18.0258295182449,0,18.326719014541
0,10.6025368372599,0,27.6683757369583,0,0,0,3.9343883395195,0,36.0260963439941,0,7.12380463053212,0,3.30038651430382,0,0,0,76.6407108306885,23.5770129322136,8.74973890998147,0,0,0,0,0,0,0,10.3063311576843,0,5.47701766274192,0,0,0,0,0,16.370969567034,0,12.3853793227395,0,55.4969698224749,72.364501953125,17.9655122544782,48.1151504516602,0,0,23.5109869933423,0,0,0,23.1105875968933,0,0,0,3.69344718536634,0,34.6194699605306,0,0,0,3.42244011878967,0,0,6.83288014786584,0,0,0,0,0,0,0,0,0,5.69596849465417,0,0,0,0,0,47.0842266082764,0,24.8791663521215,0,13.3307551056591,7.65584573745728,11.9013731562676,17.6825591680166,0
0,0,36.2304699420929,0,3.53824732520364,0,4.64679891802371,0,0,0,4.93265557289124,0,4.2898621448052,0,7.34019729085443,0,0,0,83.3102169036865,0,30.0231323242188,0,0,0,0,0,0,0,0,0,0,0,0,0,0,0,33.7801246643066,0,0,0,45.3352819061279,0,38.3196224030994,0,0,0,34.6907682979808,0,42.0016268077104,49.9313011169434,6.3401308926669,0,5.26168572902679,0,4.25223293304443,0,7.9406917030013,0,0,0,6.08338047048859,0,0,23.3394266764323,0,0,0,0,0,0,0,9.82845964431763,0,32.1239258448283,0,0,0,0,0,53.2863204353734,0,48.0160091106708,11.6863329713307,2.74522089958191,28.4109523110356,0,31.2985600062779
0,0,0,0,0,4.211544134321,0,3.71145754672111,0,0,0,3.93646904479626,0,3.62272549612261,0,0,0,0,0,0,0,0,0,0,0,0,0,3.25825779778617,0,0,0,0,0,0,0,0,0,0,0,0,0,0,0,0,0,0,0,0,0,0,0,3.08435901006063,0,3.65936808152632,0,0,0,3.42244011878967,0,0,0,3.33157778779666,0,0,0,0,0,0,0,0,3.16330575942993,0,0,0,0,0,0,0,0,0,0,0,3.40774981383305,3.61145954565568,0,0,0
6.51540868282318,0,4.77554855687278,0,11.4102161558051,0,0,0,4.23476010669361,0,0,0,3.62142709891001,0,3.57933108347682,0,7.22260772841317,0,27.2461318969727,0,0,0,0,0,0,0,0,0,0,0,0,0,0,0,0,0,0,0,0,0,0,53.9025459289551,0,0,0,0,53.1049900054932,0,6.6029502835767,0,7.06158184306013,0,0,0,6.28398911185184,0,4.77390897274017,0,6.08338047048859,0,0,0,0,0,0,0,0,0,0,4.17611767477908,0,0,0,0,0,0,0,0,0,59.4488105773926,0,0,3.57432713634089,3.32384502887726,48.7297706604004,0,0
0,3.92878305912018,0,0,0,4.56441860198975,0,0,0,5.59704736300877,0,0,0,3.30617793083191,0,4.14655212674822,0,2.95951781954084,0,0,0,0,0,0,0,3.24064568372873,0,0,0,0,0,0,0,0,0,0,0,0,0,0,0,0,0,0,0,0,0,0,0,0,0,4.77448439087187,0,0,0,5.33270696540932,0,0,0,3.33157778779666,0,0,0,0,0,0,0,0,2.96470427513123,0,0,0,0,0,0,0,0,0,0,0,0,0,3.40339653832572,4.64178705215454,0,0,0
0,0,0,15.0064603822273,0,9.44476618726029,0,0,0,0,0,4.00160398499014,0,0,0,0,86.1882400512695,73.098503112793,52.3137623469035,4.96140061829651,0,0,0,0,0,0,0,0,0,11.4156122207642,0,0,0,0,0,12.7644945981917,0,12.1673939177114,0,10.054040238664,0,23.2466868818476,31.763739267985,0,0,10.3561294556421,81.4650115966797,60.5253601074219,51.9738178253174,51.217222397144,0,8.29751038551331,0,0,0,43.4907620747884,0,6.83288014786584,0,0,0,0,0,0,0,0,0,0,0,0,0,0,13.4038297527138,0,0,0,0,0,8.68454463734155,87.9376449584961,15.4584810215494,0,21.7861854945664,74.9553909301758,15.1807459361551,11.1300439834595,0
38.2223739624023,0,0,0,18.6577532965204,0,11.2014484099853,0,64.3511901855469,91.9316940307617,20.0911023376185,0,0,0,0,0,73.3584719905147,75.7770516967773,54.749834380307,0,8.47092835160247,0,0,0,0,0,0,0,0,0,0,0,0,0,0,0,8.21373079827994,0,17.5019664037862,88.9918308258057,9.89435682239303,57.1466298103333,27.8549664679204,0,34.9180183410645,80.4048614501953,14.2357271382458,0,52.4292126068702,0,15.7138879481842,0,13.4413921649639,0,0,0,15.226047842122,0,23.3394266764323,0,0,0,0,0,0,0,0,0,0,0,0,37.5307912826538,0,34.1560706100252,0,0,0,0,118.306800842285,18.7073340777875,104.80419921875,29.168417844108,52.5751916084534,53.378380808337,25.5255338941473,0,34.5237478256226
0,0,0,0,0,0,0,0,0,0,0,0,0,0,0,0,0,7.0665466104235,0,0,0,5.22224210910299,4.11062961154514,4.11958114797717,0,4.15498578548431,0,3.73910072871617,0,0,0,0,0,0,0,0,0,7.12317459920948,0,0,0,0,0,0,0,0,0,29.7892434861925,0,20.6479346222348,0,0,0,0,0,0,0,0,0,0,0,0,0,0,0,8.13687181472778,8.25152438752195,0,10.0594149306417,0,5.82292113304138,0,0,0,0,0,0,0,0,0,10.0488241669663,0,4.94356132903189,7.36622768977903,25.6220837200389,0,0
0,0,0,0,0,0,0,0,0,0,0,0,0,0,0,0,6.21628813033408,15.4049291610718,0,0,0,4.90893814712763,5.13512866186536,0,7.19185635986098,0,0,0,3.46942644566298,0,0,0,0,0,0,0,0,0,5.48895910650334,0,0,0,26.1072082519531,0,0,0,0,28.6752065931048,14.5871358533735,0,0,0,0,0,0,0,0,0,0,0,0,0,0,0,8.13687181472778,0,0,6.71532492121113,0,5.88158721978368,0,8.02920564103814,0,0,0,0,0,0,0,0,0,9.84786758230719,5.03552746175475,4.49318109002224,24.2627647187975,0,0
0,20.0451240539551,0,0,0,0,0,0,0,8.69772017478943,0,0,0,0,0,0,0,8.09412088394165,0,0,0,10.258260306618,0,4.23071798754487,0,2.93946123123169,0,0,0,0,0,0,0,0,0,0,0,9.63662979995568,0,0,0,0,0,0,0,0,0,22.3710702427647,0,11.0210457117849,0,0,0,0,0,4.84897774457932,0,0,0,0,0,0,0,0,8.25152438752195,0,0,0,5.01423311838644,0,5.80544555770026,0,0,0,0,0,0,0,0,0,9.64796742515378,0,5.38884581349514,0,11.0067185437357,0,0
0,0,0,0,0,0,0,0,3.30497701962789,0,0,0,0,0,0,0,0,0,0,0,0,0,8.00792519148294,0,4.69204598858117,0,4.69550132751465,0,0,0,0,0,0,0,0,0,0,0,8.2757506418178,0,0,0,0,0,0,0,0,0,9.29422154238999,0,0,0,0,0,4.21043626634698,0,0,0,0,0,0,0,0,0,0,6.71532492121113,0,0,0,4.35793660838028,0,12.170656149204,0,0,0,0,0,0,0,0,0,10.0613970366751,3.37215106049362,0,6.27004004792964,0,0
0,0,0,0,0,0,0,0,0,0,0,0,0,0,0,0,0,5.78923463344574,0,0,0,10.1557794691442,0,3.80056515959806,0,3.30734933870975,0,4.11547009215063,0,0,0,0,0,0,0,0,0,15.9724952524359,0,0,0,0,0,0,0,0,0,0,0,8.0970778465271,0,0,0,0,0,0,0,0,0,0,0,2.96470427513123,0,0,10.0594149306417,0,5.01423311838644,0,0,0,3.9916713373356,0,0,0,0,0,0,0,0,0,14.8574393590291,0,5.46543441648069,0,16.5253639221191,0,0
0,0,0,0,0,0,0,0,5.55732866128286,0,0,0,0,0,2.7486412525177,0,10.7018063433316,33.948356628418,45.6914939880371,0,0,0,3.63391775256951,0,3.35860144362158,0,3.22800342629596,0,3.1637589931488,0,0,0,0,0,0,0,0,0,0,68.9495239257812,0,0,0,0,0,0,53.5489349365234,0,0,0,0,0,0,0,0,0,0,0,0,0,4.17611767477908,0,0,0,0,5.88158721978368,0,4.35793660838028,0,0,0,5.1569245129704,0,0,0,0,0,0,68.9731750488281,75.052116394043,0,59.6456642150879,4.839114162657,0,39.2662620544434,0,0
0,0,0,0,0,0,0,0,0,0,0,3.84544180688404,0,0,0,0,0,0,0,0,0,5.16800345886837,0,6.65884470939636,0,4.17532231807709,0,4.71807673205864,0,3.55456722577413,0,0,0,0,0,0,0,4.19250605503718,0,0,0,0,0,0,0,0,0,0,0,0,0,0,0,0,0,0,0,0,0,3.16330575942993,0,0,0,0,5.82292113304138,0,5.80544555770026,0,3.9916713373356,0,0,0,5.08096224069595,0,0,0,0,0,0,0,7.03664448971057,0,4.62783265501503,3.26738178424346,0,0,0
0,0,0,0,0,0,0,0,0,0,0,0,0,0,0,0,0,0,53.1752840677897,0,0,0,7.06584295250734,0,0,0,0,0,4.66060324247443,0,3.59557528350189,0,0,0,0,0,0,0,4.99243532253217,0,62.4792366027832,0,21.6584032803047,0,0,0,29.6202602386475,0,4.26394824079565,0,42.4244041442871,0,0,0,0,0,5.86364043807983,0,9.82845964431763,0,0,0,0,37.5307912826538,0,8.02920564103814,0,12.170656149204,0,5.1569245129704,0,0,0,4.83856897309141,0,0,0,0,0,42.956241607666,0,4.58264698355626,7.28505618644483,0,21.4914569514138,0,22.6810156504313
0,0,0,33.0505009050722,0,41.8175659179688,0,0,0,0,0,5.83088906433271,0,0,0,0,73.484001159668,63.6422271728516,26.6873074591448,0,0,0,0,29.6253337860107,0,0,0,5.8363819387224,0,4.22561716173704,0,0,0,0,0,0,0,4.13846491972605,0,54.912466916171,81.0967025756836,21.0597020010874,0,0,0,24.5806840737661,0,0,0,13.5961683013222,0,43.8702850341797,0,0,0,39.791283416748,0,5.69596849465417,0,0,0,0,13.4038297527138,0,0,0,0,0,0,0,5.08096224069595,0,0,0,0,0,0,0,50.1600171015813,0,5.28653704408814,0,13.1537906743209,57.1007175445557,15.3267712388839,22.6170675537803,0
32.623429107666,0,31.5246436709449,0,38.1705551147461,0,0,0,50.2650540669759,0,13.9078028996785,0,0,0,0,0,62.7511802547234,82.0765705108643,48.3238490508483,0,27.9993669986725,0,0,0,0,0,0,0,4.72124028205872,0,4.9541315494655,0,0,0,0,0,38.5716781616211,0,4.56051718533694,95.0350685119629,54.4806014751566,101.995114644368,22.8696845194163,0,0,100.403942108154,41.6001341683524,0,31.6479114492734,0,42.1246193220031,0,0,0,0,0,15.2895691808132,0,32.1239258448283,0,0,0,0,34.1560706100252,0,0,0,0,0,0,0,4.83856897309141,0,0,0,0,0,0,92.9496612548828,48.6465116473078,0,15.4940116203651,31.2796151068773,35.3140713157076,22.2097395597122,0,23.899533959591
0,0,0,0,0,0,0,0,0,0,0,0,0,0,0,0,0,0,0,0,0,0,0,0,0,0,0,0,0,0,0,5.29805575281892,8.69046809262891,3.28416766439165,0,3.34195104151061,13.2600603103638,0,0,0,0,0,0,0,0,0,0,7.23647351587566,0,0,0,0,0,0,0,0,0,0,0,0,0,0,0,0,0,0,0,0,0,0,0,0,0,0,0,13.0247781970833,4.9278432897159,0,3.14870047569275,18.4032301211175,0,0,6.05415054412831,0,0,0,0
0,0,0,0,0,0,0,0,0,0,0,0,0,0,0,0,0,0,0,0,0,0,0,0,0,0,0,0,0,0,0,16.7870732634815,5.98236950151532,20.1582914352417,7.10237433098175,0,3.12238036261664,0,0,0,0,0,0,0,0,0,0,7.38039224252862,6.20220760504405,0,0,0,0,0,0,0,0,0,0,0,0,0,0,0,0,0,0,0,0,0,0,0,0,0,13.0247781970833,0,0,8.1121114838955,11.4833116531372,6.91606548373952,0,0,9.78424861696031,0,0,0,0
0,0,0,0,0,0,0,0,0,0,0,0,0,0,0,0,0,0,0,0,0,0,0,0,0,0,0,0,0,0,0,4.374631019739,3.67773536841075,4.79919222299342,4.35948625958969,8.32388773272114,7.09197807312012,4.61363906126756,7.2836468560355,0,0,0,0,0,0,0,0,5.50980250952674,0,0,0,0,0,0,0,0,0,0,0,0,0,0,0,0,0,0,0,0,0,0,0,0,0,0,4.9278432897159,0,0,7.35449889211944,3.82569250496485,0,4.07712601788839,0,5.86146718954324,5.89178330557687,0,0,0
0,0,0,0,0,0,0,0,0,0,0,0,0,0,0,0,0,0,0,0,0,0,0,0,0,0,0,0,0,0,0,0,16.2324269570802,5.86297164794288,5.31374153066116,0,8.57574723530086,12.3943514823914,5.60168756138195,0,0,0,0,0,0,0,0,6.90583457497882,7.5695361495018,23.5275688171387,0,0,0,0,0,0,0,0,0,0,0,0,0,0,0,0,0,0,0,0,0,0,0,0,0,8.1121114838955,7.35449889211944,0,0,6.17035110948299,9.79740251813616,6.35002751203767,5.624766878757,0,9.97623586654663,0,0
