0,0,0.00535074581421557,0,0,0,0,0,0.0641332529196018,0,0,0,0,0,0,0,0.000154010228609123,1.93879301772627e-05,0.00114812784089135,0,0,0,0,0,0,0,0,0,0,0,0,0,0,0,0,0,5.26934601750236e-06,0,0,0,0.000126332921696575,9.60009456678769e-06,0.0133872168811654,0,0,0,0,3.67448970773428e-05,0.00842670878045132,0,0,0,0,0,0.0296654209057807,0,0.000834716321955559,0,0.000372895966745254,0,0.0188453388382693,0,0,1.353795787392e-05,0,0,0,0,0,0,0,0,0,0,0,0,0,0,0,7.23389859961493e-05,0,0,0.000229056170405275,0,0.00158820874326877,0,0.00105397909362998
0,0,0,0.00312942013587935,0,0,0,0,0,0.0414192676302077,0,0,0,0,0,0,5.33518632676791e-05,0,0.00520121255659057,0,0,0,0,0,0,0,0,0,0,0,0,0,0,0,0,2.23316027002196e-06,0,0,0,0,5.48176883070637e-05,0.0189347944073732,6.77895553105471e-06,0,0,1.6115875910216e-05,0,0,0,0.00701824646926097,0,0,0,0,0,0.109983546386766,0,0.0012099638614943,0,0.00025893202598937,0,0.0215946228076387,3.20420085757991e-05,0,0,0,0,0,0,0,5.83734456969694e-05,0,0.000121369389010893,0,0,0,0,0,2.94651754443626e-05,3.05736884381193e-06,2.02178648666788e-05,0,0.000322736459943963,0,0.0119051004246196,0,0
0.00535074581421557,0,0,0,0.0446070511525891,0,0,0,0.00673538798921392,0,0,0,0,0,0.000518022287560234,0,0,0,0.00124006418117461,0,0,0,0,0,0,0,0,0,0,0,0,0,0,0,0,0,1.15702420137526e-05,0,0,0,0.0012876162268977,0,0.0143703322146899,0,0,0,5.33799303022875e-05,0,0.00750017090467699,1.53182065768352e-05,0.0338589374828844,0,0,0,0.0175275335294692,0,0.00614813716754536,0,0.00146560236889415,0,0.0397393790564575,0,0,8.48671314711627e-05,0,0,0,0,0,0,0,0,0,0.00131931266260369,0,0,0,0,0,0.000155546161756358,0,2.08299611594134e-05,4.53043511431053e-05,0,0.0118920517530637,0,0.0170981847428215
0,0.00312942013587935,0,0,0,0.0340688023635961,0,0,0,0.0179201596236306,0,0.000298688109231564,0,0,0,0,0,0,0.000192781465072407,0.00135519365763814,0,0,0,0,0,0,0,0,0,0,0,0,0,0,0,0.000188411580867131,0,6.49819075291153e-06,0,0,0,0.00870456968220959,0,0,0,2.20056721788587e-05,0,0,0,0.00435054436913702,0,0.0200846055511589,0,0,0,0.0188399913967814,0,0.0188103817549371,0,0.00143596268150537,0,0.0248251449666738,0.0028518555996942,0,0,0,0,0,0,0,0,0,0.00323678622086772,0,0,0,0,0,0.000436220378087023,0,0.000564111943117381,0,0.000147133775862045,0,0.00434299048511155,0.00178294016357798,0
0,0,0.0446070511525891,0,0,0,0,0,0.000878951733966876,0,0,0,0,0,0,0,0,0,0,0,0.0011361276768328,0,0,0,0,0,0,0,0,0,0,0,0,0,0,0,0,0,0,0,0,0,0.000114711800173973,0,0,0,0,0,0,0,0.0651601106350439,0,0.000199035743644396,0,0.00104278200732068,0,3.91095499747696e-05,0,0,0,0,0,0,7.60152084475808e-05,0,0,0,0,0,0,0,0,0,0,0,0,0,0,0,8.1311642242923e-05,0,0,0.000207637953850061,0.000440840224196921,0.00934283466009796,0,0
0,0,0,0.0340688023635961,0,0,0,0,0,0.00568686997295666,0,0.00172485154271629,0,0,0,0,0,0,0,0.0018732580826756,0,0,0,0,0,0,0,0,0,0,0,0,0,0,0,0.00135827548817758,0,0,0,0,0,7.81627482976627e-05,0,0,0,0,0,0,0,0,0,0.0100955067022356,0,7.65578198001493e-05,0,0.000312634489904253,0,0.0010934552764374,0,0,0,0,0,0,0,0,0,0,0,0,0,0,0.000128426426446743,0,0,0,0,0,0.000606795820263132,0,3.08823230826799e-06,0,0.000813920755876106,9.51517729462676e-05,0.00190445073105579,0,0
0,0,0,0,0,0,0,0,0,0,0.000538512752966636,0,0,0,0,0,0,0,0,0,0.000175022386165145,0,0,0,0,0,0,0,0,0,0,0,0,0,0,0,0,0,0,0,0,0,0,0,0,0,0,0,0,0,0.00054619076832331,0,0.0163114265119374,0,0,0,0.00103713974024497,0,0.000302361192573816,0,0,0,0,0,0,0,0,0,0,0,0,0,0,0,0,0,0,0,0,0,0,0,5.11396456204238e-06,0,0,0,0
0,0,0,0,0,0,0,0,0,0,0,0.00783408325377283,0,0,0,0,0,0,0,0.00870223077122426,0,0,0,0,0,0,0,0,0,0,0,0,0,0,0,1.05220515251858e-05,0,0,0,0,0,0,0,0,0,0,0,0,0,0,0,0.000204130592827777,0,0.0589921581731635,0,0,0,0.00660193976755403,0,0.000271621622243224,0,0,9.78079149287041e-05,0,0,0,0,0,0,0,0,0,0,0,0,0,0,0,0,0,0,0,3.09769633389354e-05,0,0,0,0
0.0641332529196018,0,0.00673538798921392,0,0.000878951733966876,0,0,0,0,0,0,0,0,0,0.00261438908334856,0.000438398365087304,0.00347196643825764,0.000271044957820114,0.000339133077015916,0,0,0,3.51909750458583e-05,0,0.00948581490122421,0,0.0195769092426491,0,0,0,0,0,0,0,0,0,4.62564071348147e-06,0,0.00134289212059831,0,0,0,0.00322069060494861,0,0,0,0,0,0,0,0,0,0,0,0.0792178090729017,0,0,0,0,0,0.00890811103987693,0,0,0,0,0,0,0.00099493112001077,0,4.13017154279509e-05,0,0,0,0,0,0,0,0.000240764279050414,0,4.69394886867521e-06,0,0.00101243036307689,0.00393972612377386,0.000859985480476912,0.000575627974023958,0,0
0,0.0414192676302077,0,0.0179201596236306,0,0.00568686997295666,0,0,0,0,0,0,0,0,0,0.00534638042887821,0.000175626864802821,0.00089814218066497,4.69983770741726e-06,0,0,0,0,0.0091249517987976,0,0.00183737992781423,0,0,0,0,0,0,0,0,0,0,0,0.000442672645070876,0,0,0,0.000294590890395122,0,0,0,0,0,0,0,0.000119474168309252,0,0.000621045342871241,0,0,0,0.138319071936066,0,0,0,0,0,0.0296953530272421,0,0,0,0,0.0263568167333671,0,0.0224409145423988,0,0,0,0,0,0,0,0,0,0,0,9.242175286377e-05,0,0.00313375888383294,0.000976992076981846,0.000182027111426867,0.000171960332797523,0
0,0,0,0,0,0,0.000538512752966636,0,0,0,0,0,0.00946437383212433,0,0,0,0,0,0,0,0.00396756558744024,0,0,0,0,0,0,0,0,0,0.00109331258954946,0,0,0,0,0,0.00323595363044654,0,0.0273304741566232,0,0,0,0,0,0,0,0,0,0,0,0.000156253967452044,0,0.000302141061669374,0,0,0,0.0442948754782465,0,0.0128013567817515,0,0,0,0,0.00227317459938431,0,0,0,0,0,0,0,0,0,0.000602772453862839,0,0,0,0,0,0.00110198065388251,0,0.00794698026281476,0,0,0.000155562892595143,0,0
0,0,0,0.000298688109231564,0,0.00172485154271629,0,0.00783408325377283,0,0,0,0,0,0.0112686196040764,0,0,0,3.33799406352053e-06,2.51226109292376e-05,0.0181715400858249,0,0,0,0,0,0,0,0.000219576727543275,0,0.00341626553695419,0,0,0,0,0,0.00384465080025494,0,0.0187927858627429,0,0,0,3.82066167191678e-05,0,0,0,8.25312232106226e-05,0,0,0,0,0,0.00038457306517201,0,0.000493676025932804,0,0,0,0.0873394285324677,0,0.0273499283456299,0,0,0.00926723068202459,0,0,0,0,0,0,0,0.00026664858871763,0,0.00402048634732455,0,0,0,0,0,0.000435865016073375,0,0.00034469950522108,0,0.000661339287868432,0.000107470554566126,7.14466253380424e-05,0,0
0,0,0,0,0,0,0,0,0,0,0.00946437383212433,0,0,0,0.00114891435873153,0,5.18879318564622e-05,0,0,0,0,0,0,0,0,0,0.000761695281093369,0,0,0,0,0,0,0,0,0,0,0,0,0,0,0,0,0,0,0,0,0,0,0,0,0,0,0,0,0,0.0087209196873936,0,0.00920274631670101,0,0.0119916239739165,0,0,0,0,0,0,0,0,0.000180723891571291,0,0.000767064591587365,0,0,0,0,0,0,0,0,0,0,9.48073275324642e-05,0.000897112258780783,0,0,0
0,0,0,0,0,0,0,0,0,0,0,0.0112686196040764,0,0,0,0.0218633314644524,0,0,0,0,0,0,0,0,0,0.000325011169862315,0,8.4349034295883e-05,0,0,0,0,0,0,0,0,0,0,0,0,0,0,0,0,0,0,0,0,0,0,0,0,0,0,0,0,0,0,0,0.0147975490372241,0,0.0140059948841871,0,0,0,0,0,0,0,0,3.83019792983726e-05,0,0,0,0,0,0,0,0,0,0,0,0.00115440968244676,0.000811846175111647,0,0,0
0,0,0.000518022287560234,0,0,0,0,0,0.00261438908334856,0,0,0,0.00114891435873153,0,0,0,0.00694476285981483,0,5.11014477630875e-05,0,0,0,0,0,0,0,0.0130660071788336,0,0,0,0,0,0,0,0,0,0,0,0,0,0,0,0,0,0,0,0,0,0,0,0,0,0,0,0.00119999996968545,0,0,0,0.00154274612899306,0,0.0394915803372954,0,0,0,0,0,0,0,0,0.00620417136974116,0,0,0,0,0,0,0,0,0,0,0,0,3.76081615744834e-05,3.06434766407708e-05,0,0,0
0,0,0,0,0,0,0,0,0.000438398365087304,0.00534638042887821,0,0,0,0.0218633314644524,0,0,6.98126746149566e-05,0.00595309467208825,0,0,0,0,0,0,0,0.000910104656719602,0,0,0,0,0,0,0,0,0,0,0,0,0,0,0,0,0,0,0,0,0,0,0,0,0,0,0,0,0,0.00549178264320505,0,0,0,0.000428189224024482,0,0.0115541867516504,0,0,0,0,0,0,0,0,0,0,0,0,0,0,0,0,0,0,0,0,0.00128872921239065,0.000645057507418931,0,0,0
0.000154010228609123,5.33518632676791e-05,0,0,0,0,0,0,0.00347196643825764,0.000175626864802821,0,0,5.18879318564622e-05,0,0.00694476285981483,6.98126746149566e-05,0,0.120638403301799,0.0427566076465959,0,0,3.39280413180358e-05,0.00515940766033303,0.000124956329190066,0.00475708512392689,0.000293787878810028,0.0260304753358038,0,0.000912582405690365,0,0,0,0,0,0,1.81541983283347e-05,5.10515236723672e-05,0,0,0.000105032090095471,0.000174335021609253,0.000284626537593129,6.08422294048464e-05,0.0001475667480147,7.78343604903505e-05,0.000352293324153371,5.00740606254251e-05,0,0,5.78135193685673e-05,0,0,0,0,0.00168001517189864,6.61110933450727e-05,3.882879162884e-05,6.63283187730328e-06,0,0,0.000471216805707636,0,0.000543267697160897,0,0,0.000595757338828243,0,0.00279504388266631,8.21333087703428e-05,0.00621355644374768,0,0,0,0,0,0,0,0,0.000394468367624423,0.000244348821793072,3.05616922756161e-05,0,0.0299559824864813,0.00077817040750476,0.00102012579160422,0.000137931070991374,9.00390029015939e-05
1.93879301772627e-05,0,0,0,0,0,0,0,0.000271044957820114,0.00089814218066497,0,3.33799406352053e-06,0,0,0,0.00595309467208825,0.120638403301799,0,0.0361290488191527,1.92615913544479e-05,0,0.00398993538775304,0,0.00605270072085632,0.000248781018482887,0.02222478132958,0.000185962766733758,0,0,0,0,0,0,0,0,1.6051456951522e-05,8.41015438604333e-05,2.86076478627651e-05,0,5.56646577888414e-06,7.53133920337852e-05,0.000307813191793613,0.000226755668331885,0.000518391519622938,0,0.000119737302377605,0.000143564893228195,0,0,0,0,0,0,0,0,0.00101762641373352,0,2.0025704272036e-05,0,0,0,0.000310575932957859,7.12472503165663e-05,0,0.000424709502411595,0,0.000427449001126606,0.000299947108887759,0.00522638928916111,1.05649216387436e-05,0,0,0,0,0,0,0,0,0.000169670082474695,0.000124502048418798,2.70627621221839e-05,0,0.0404968649731254,0.00239549988838409,0.000598428530430699,5.11330359280649e-05,7.89511928469215e-06
0.00114812784089135,0.00520121255659057,0.00124006418117461,0.000192781465072407,0,0,0,0,0.000339133077015916,4.69983770741726e-06,0,2.51226109292376e-05,0,0,5.11014477630875e-05,0,0.0427566076465959,0.0361290488191527,0,0.000460112779293888,0,4.53116172277634e-06,0,0.000270187602905323,0.000180330403719263,0,0.000188938467602331,0,0,0,0,0,0,0,0,0.000833401078387125,0.00128489483575333,8.86225413478324e-06,0,0.00287351921425719,0.020138077246723,0.014972763761927,0.0219734230710821,0.0218208559231913,0.00748325009063585,0.0138098309378287,0.0142979112624896,0,1.61126805921291e-05,0.00250334521910783,5.54046053328171e-05,0,0,0,0.000280685158995831,0.000212222696447631,0.000684488191507266,0.00272184658368125,1.51608473684175e-05,0,0,2.29017543977861e-05,0.0149754969460245,0.000269893804082802,0,0,1.28090107427669e-05,0,0.000303362685998073,0,0,0,0.000445569129453886,9.66136392389256e-05,0,0,0,0.00028528828300425,0.00797866664299037,0.0068057000004034,0.00171116747381171,3.34750845913477e-05,0.0143097653983442,6.42853773092722e-06,0.0508233938560536,0.0050880917756536,0.0151559287332658
0,0,0,0.00135519365763814,0,0.0018732580826756,0,0.00870223077122426,0,0,0,0.0181715400858249,0,0,0,0,0,1.92615913544479e-05,0.000460112779293888,0,0,0,0,0,0,0,0,0,0,0,0,0,0,0,0,0.0119181362490349,0,0.00597220109273196,0,0,0,0.000595328312351137,0,0.00022083340379847,8.50017563012243e-05,0.001962134235546,0,0,0,7.93335147684219e-05,0,9.74502103072514e-05,0,0,0,0,0,0.0135849217997769,0,0,0,0,0.0931789436808638,0,0,0,0,0,0,0,0,0,6.09511698485127e-05,0,0,0,0,0,0.0052502718520836,0,0.00018073759929025,0,0.0015146802237353,0,0.000636773126582907,0.000774235785653892,0
0,0,0,0,0.0011361276768328,0,0.000175022386165145,0,0,0,0.00396756558744024,0,0,0,0,0,0,0,0,0,0,0,0,0,0,0,0,0,0,0,0,0,0,0,0,0,0.00539332581524788,0,0.00282212976823054,0,0,0,0,0,0,0,3.58450009749304e-05,0,0,0,0.000376454785119907,0,0,0,0,0,0.000201224010043216,0,0,0,0,0,0,0.0798014022244093,0,0,0,0,0,0,0,0,0,0,0,0,0,0,0,0.00135259407444657,0,0.000504387529687793,0.000540111649243449,0,0.00409363297169325,0,0
0,0,0,0,0,0,0,0,0,0,0,0,0,0,0,0,3.39280413180358e-05,0.00398993538775304,4.53116172277634e-06,0,0,0,0.00217445596272985,0.00702125507122999,0,0.00230693016756337,0,0.00124606151766701,0,0,0,0,0,0,0,0,0,0.00615654536737559,0.000447234990943107,0,0,0,0,0,0,0,0,0,0,0.00327836957434819,0,0,0,0,0,0,0,0,0,0,0,0,0,0,0.0865620142103941,0.000669593509860602,0.00105310545872362,0,0.00235759729171375,0,0.00285936697020445,0,0,0,0,0,0,0,0,0,0.00577625827013296,8.35639801922039e-05,0.00366322939504398,0.000765820380677673,3.46157574549775e-05,0,0
0,0,0,0,0,0,0,0,3.51909750458583e-05,0,0,0,0,0,0,0,0.00515940766033303,0,0,0,0,0.00217445596272985,0,0,0.000534081904634291,0,0.0109992169220406,0,0.000990730648873204,0,0,0,0,0,0,0,0,0,0.00457133278962402,0,0,1.02138410231997e-05,0,0,0,0,0,0,0.000704955056998537,0,0,0,0,0,0,0,0,0,0,0,0,0,0,0,7.23862970494257e-05,0.0888888421491619,0,0.00133406556986337,0,0.00138051705205379,0,0.00294625163850636,0,0,0,0,0,0,0,0,0,0.00412920336308126,0.00414534580488823,0.0013049166015066,0.000101915751398204,0,0
0,0,0,0,0,0,0,0,0,0.0091249517987976,0,0,0,0,0,0,0.000124956329190066,0.00605270072085632,0.000270187602905323,0,0,0.00702125507122999,0,0,0.00102757159322571,0.00595825426505864,0,0,0,0,0,0,0,0,0,0,0,0.00571341739313488,0,0,0,0,0,0,0,0,0,0,1.93879907890646e-05,0.00974227922063439,0,0,0,0,0,0.0189272300623597,0,0,0,0,0,0,0,0,0.000589932891011299,0,0.0597721058612236,0,0.0657699749045862,0,0.000876973164303592,0,0,0,0,0,0,0,1.94106312829535e-05,0,0.00188162839441254,0,0.00206877321694202,0,0.00369641695492002,0,0
0,0,0,0,0,0,0,0,0.00948581490122421,0,0,0,0,0,0,0,0.00475708512392689,0.000248781018482887,0.000180330403719263,0,0,0,0.000534081904634291,0.00102757159322571,0,0,0.00912589107257145,0,0,0,0,0,0,0,0,0,0,0,0.00245896260115383,0,0,3.21451094029517e-05,0.000111559699437049,0,0,0,0,6.67860320906182e-05,0.00039575842336781,5.1048775855441e-05,0,0,0,0,0.00224464259733009,0,0,0,0,0,0,0,0,0,0,0.000923239099839912,0,0.0369734262089064,0,0.00451034430125979,0,0,0,0,0,0,0,0,0,0,0,0.00338097267506835,0.00128326910653206,1.65053189010381e-05,0.00243428144752155,0,0
0,0,0,0,0,0,0,0,0,0.00183737992781423,0,0,0,0.000325011169862315,0,0.000910104656719602,0.000293787878810028,0.02222478132958,0,0,0,0.00230693016756337,0,0.00595825426505864,0,0,0,0.0166823155465936,0,0,0,0,0,0,0,0,0,0,0,0,0,0,0,0,0,0,0,0,0,0,0,0,0,0,0,0.00047502399336391,0,0,0,0.00178149245420378,0,0.000913104223678313,0,0,0.00173795319729313,0,0.00270856650024392,0,0.0222015220317094,0,0.0141480774127688,0,0,0,0,0,0,0,0,0,0,0,0.00185430355866381,0.000164481264221555,0,0,0
0,0,0,0,0,0,0,0,0.0195769092426491,0,0,0,0.000761695281093369,0,0.0130660071788336,0,0.0260304753358038,0.000185962766733758,0.000188938467602331,0,0,0,0.0109992169220406,0,0.00912589107257145,0,0,0,0.00396461402531092,0,0,0,0,0,0,0,0,0,0,0,0,0,0,0,0,0,0,0,0,0,0,0,0,0,0,0,0,0,0.00073575934413558,0,0,0,0,0,0,0.00135487926470866,0,0.0207045613626361,0,0.0374821610111549,0,0.000961122344993253,0,0,0,0,0,0,0,0,0,4.24960081315891e-05,0.00265914859697376,7.54496752785426e-05,0,0,0
0,0,0,0,0,0,0,0,0,0,0,0.000219576727543275,0,8.4349034295883e-05,0,0,0,0,0,0,0,0.00124606151766701,0,0,0,0.0166823155465936,0,0,0,0.0129249543996837,0,0,0,0,0,0,0,0.00235286268949757,0,0,0,0,0,0,0,0,0,0,0,0,0,0,0,0,0,0,0,0.000417620618512981,0,0.000437400751515809,0,0,0,0,0.00254361035751074,0,0,0,0.00738552731975325,0,0.0280997794725575,0,0,0,0,0,0,0,0,0,0.00153351942219569,0,0.00122172592856535,0.00155147828794783,0,0,0
0,0,0,0,0,0,0,0,0,0,0,0,0,0,0,0,0.000912582405690365,0,0,0,0,0,0.000990730648873204,0,0,0,0.00396461402531092,0,0,0,0.0144931797136672,0,0,0,0,0,0,0,7.46193948289225e-05,0,0,0,0,0,0,0,0,0,0,0,0,0,0,0,0,0,0,0,0.000740694044575869,0,0,0,0,0,0,0.00151311985591176,0,0,0,0.000515905119775938,0,0.0212183662336587,0,0.000748928608796008,0,0,0,0,0,0,0,0.00118636317741329,0.000643920458685991,1.02482381407754e-05,0,0,0
0,0,0,0,0,0,0,0,0,0,0,0.00341626553695419,0,0,0,0,0,0,0,0,0,0,0,0,0,0,0,0.0129249543996837,0,0,0,0,0,0,0,0,0,0.000166391919784446,0,0,0,0,0,0,0,0,0,0,0,0,0,0,0,0,0,0,0,0.000583697336328035,0,0,0,0,0,0,0,0,0,0,0,0,0.000202750068290152,0,0.0231754898339845,0,0,0,0,0,0,0,0.000278424190314554,0,0.000876028877905891,0.00067767104785844,0,0,0
0,0,0,0,0,0,0,0,0,0,0.00109331258954946,0,0,0,0,0,0,0,0,0,0,0,0,0,0,0,0,0,0.0144931797136672,0,0,0,0,0,0,0,0,0,0.00160150525760116,0,0,0,0,0,0,0,0,0,0,0,0,0,0,0,0,0,0.00169678952373435,0,0,0,0,0,0,0,0,0,0,0,0,0,0,0,0,0.0789397416137318,0,0,0,0,0,0,0,0.000344477574607276,2.37494122841057e-05,0,0,0,0
0,0,0,0,0,0,0,0,0,0,0,0,0,0,0,0,0,0,0,0,0,0,0,0,0,0,0,0,0,0,0,0,0.0193768037489633,0,0.00018190950180072,0.000995509838873022,0.00406476437899683,0,0,0,0,0,0,0,0,0,0,0.053740643095185,0,0,0,0,0,0,0,0,0,0,0,0,0,0,0,0,0,0,0,0,0,0,0,0,0,0,0.0317942981916041,0.00273238736400824,0.0043521761113219,0,0.00153935407615611,0.000289629348039794,0,0,0.000906042732371649,0,0,0,0
0,0,0,0,0,0,0,0,0,0,0,0,0,0,0,0,0,0,0,0,0,0,0,0,0,0,0,0,0,0,0,0.0193768037489633,0,0.000601605498796346,0.00419783793261176,5.46022951789188e-05,0.00623718136465941,0,0,0,0,0,0,0,0,0,0,0.210219060014539,0.00197479084921034,0.0111379050586083,0,0,0,0,0,0,0,0,0,0,0,0,0,0,0,0,0,0,0,0,0,0,0,0,0.00505419102841779,0.0860300659091617,0,0,0.000175757859363714,0.00202370085375259,0,0,0.000704085166311233,0,0,0,0
0,0,0,0,0,0,0,0,0,0,0,0,0,0,0,0,0,0,0,0,0,0,0,0,0,0,0,0,0,0,0,0,0.000601605498796346,0,0.0814082235158085,0.00168172148434021,3.32253120884085e-05,0.00699758018188268,0,0,0,0,0,0,0,0,0,0.0386459655424647,0,0.000694543896710833,0,0,0,0,0,0,0,0,0,0,0,0,0,0,0,0,0,0,0,0,0,0,0,0,3.12489456913054e-05,0,0.15979911563248,0.0297844720170871,0.00363547920383141,4.45667813020988e-05,0.00442508169037004,0,0.000917503027639266,2.89879168642213e-05,0,0,0
0,0,0,0,0,0,0,0,0,0,0,0,0,0,0,0,0,0,0,0,0,0,0,0,0,0,0,0,0,0,0,0.00018190950180072,0.00419783793261176,0.0814082235158085,0,0,0.00387466384467084,0.00109899863761903,0.0128977740886287,0,0,7.8631172889864e-05,0,0,0,0,0,0.138621374254158,0,0.0112362266358781,0,0,0,0,0,0,0,0,0,0,0,0,0,0,0,0,0,0,0,0,0,0,0,0,0,0.00160070424468731,0.05003445859804,0.0621376989097877,0,0.000366799631039026,0.0012740484629389,0.0009867656842137,0.00215880193649129,0.000752719573571829,7.81693098646728e-05,0,0
0,2.23316027002196e-06,0,0.000188411580867131,0,0.00135827548817758,0,1.05220515251858e-05,0,0,0,0.00384465080025494,0,0,0,0,1.81541983283347e-05,1.6051456951522e-05,0.000833401078387125,0.0119181362490349,0,0,0,0,0,0,0,0,0,0,0,0.000995509838873022,5.46022951789188e-05,0.00168172148434021,0,0,0.00810735426003754,0.0197209780563309,0.00118195182032709,0.000474641340167922,1.86354307205169e-05,0.00104350169401488,1.90512020554965e-05,0.000125458454398131,2.26391371379755e-05,0.000563765137738525,2.34465801255261e-06,0,0,0.000184371942930104,0,0,0,0,0,0,0,0.00116309840107979,0,0,0,1.32167464342802e-06,0.0143617664778734,0,0,0,0,0,0,0,0,0,1.70384347592881e-05,0,3.78900481260163e-05,0,0.000673695539129848,3.73428900469443e-05,0.0818353153223556,0.00159295054881416,0.00472572883393008,7.64495110623901e-07,0.00817469769146986,0.000290258719841538,0.000562515653097352,0.000576622098630722,0
5.26934601750236e-06,0,1.15702420137526e-05,0,0,0,0,0,4.62564071348147e-06,0,0.00323595363044654,0,0,0,0,0,5.10515236723672e-05,8.41015438604333e-05,0.00128489483575333,0,0.00539332581524788,0,0,0,0,0,0,0,0,0,0,0.00406476437899683,0.00623718136465941,3.32253120884085e-05,0.00387466384467084,0.00810735426003754,0,0.000136341208425132,0.0144892531179077,0,0.000100233317952437,1.46880746838853e-06,0.00134386805191228,1.45774944357972e-05,0.000287715372946794,1.93115652521629e-05,0.000513842780560143,7.68104589056467e-06,0.000150972012363601,0.00038365641367018,0,0,0,0,0,0,0.000122650087985174,0,0,0,0,0,1.10897925207729e-05,0.00994240557410147,0,0,0,0,0,0,0,0,0,0,0.0023310263234602,0.006257784539039,0,0.00743264741633353,0.00159684092700996,0.0803508098680973,0,0.00234581176838152,0.00994143375252356,9.64723370411487e-05,0.00144272485806218,0,9.34725670177272e-05
0,0,0,6.49819075291153e-06,0,0,0,0,0,0.000442672645070876,0,0.0187927858627429,0,0,0,0,0,2.86076478627651e-05,8.86225413478324e-06,0.00597220109273196,0,0.00615654536737559,0,0.00571341739313488,0,0,0,0.00235286268949757,0,0.000166391919784446,0,0,0,0.00699758018188268,0.00109899863761903,0.0197209780563309,0.000136341208425132,0,0.00478897646171211,0,0,2.41678729221727e-06,0,0,0,8.12774244384905e-06,0,9.14261271208216e-05,0,0.00835344922336683,0,0,0,0,0,0.00131718456284339,0,0.0129995341059449,0,0,0,0,0.00413113879491948,0,0.0026783950575675,0,0.0028116728022212,0,0,0,0,0,0.00066628863195483,0,0,0,0.00297048391929341,2.38269499396385e-05,0.00872899511804041,9.94577154816478e-05,0.102654930350666,0.000195985802803344,0.00259972737130513,0.000377226304267529,0.000191908150977993,0,0
0,0,0,0,0,0,0,0,0.00134289212059831,0,0.0273304741566232,0,0,0,0,0,0,0,0,0,0.00282212976823054,0.000447234990943107,0.00457133278962402,0,0.00245896260115383,0,0,0,7.46193948289225e-05,0,0.00160150525760116,0,0,0,0.0128977740886287,0.00118195182032709,0.0144892531179077,0.00478897646171211,0,0,0,2.70383631806065e-06,9.91299101233764e-05,0,0,0,0,0.000588195637174743,0.00124840242407232,1.14966894292905e-05,0,0,0,0,0.00135436073907388,0,0.00384114863031197,0,0,0,0,0,0,0.000731667434615102,3.92251301670416e-05,0.00436653096371326,0,0.00324543757887872,0,0,0,0.000531649692016796,0,0.000239632948198163,0,0,0,0.00433213029757803,0,0.0106811367237102,0.00103730126010023,0.0779537175982121,0.00337284074942937,0.000176759801414994,0.000887972526723236,0,0
0,0,0,0,0,0,0,0,0,0,0,0,0,0,0,0,0.000105032090095471,5.56646577888414e-06,0.00287351921425719,0,0,0,0,0,0,0,0,0,0,0,0,0,0,0,0,0.000474641340167922,0,0,0,0,0,0.0120558461317352,7.60233579583866e-05,0.00459299838463419,3.5042080458925e-05,0.00490789231869646,0.00470786294354488,0.0769905557780713,0,0.10396172727904,0,0,0,0,0,0,0,0.000224712974760938,0,0,0,0,0.00147762994239258,0,0,0,0,0,0,0,0,0,0.000130086353083091,0,0,0,0,0,0.0100964864210607,1.56686915959987e-05,1.53442593378041e-05,0,5.72764912397283e-05,0,0.0155614130775828,0.000421056351245452,0
0.000126332921696575,5.48176883070637e-05,0.0012876162268977,0,0,0,0,0,0,0,0,0,0,0,0,0,0.000174335021609253,7.53133920337852e-05,0.020138077246723,0,0,0,0,0,0,0,0,0,0,0,0,0,0,0,0,1.86354307205169e-05,0.000100233317952437,0,0,0,0,0.000140306988113409,0.107005131155803,0.000177079006627113,0.0394256948199089,0.000431366290081715,0.0307423781537317,7.23661103568581e-05,0.00758041845896936,4.32340787374203e-05,0,0,0,0,6.72936228870015e-05,0,0.000162274441295018,0,1.48749526206887e-05,0,1.84212243962375e-05,0,5.00432641917306e-05,0.00426997868653973,0,0,0,0,0,0,0,0,0,1.56897401622187e-05,0,0,0,4.3009668183676e-05,6.12723553883874e-05,0.00524107179427178,0,0.000171982389365779,0.00057828089414394,0,0.0599725091277155,0,0.00347250748917212
9.60009456678769e-06,0.0189347944073732,0,0.00870456968220959,0,7.81627482976627e-05,0,0,0,0.000294590890395122,0,3.82066167191678e-05,0,0,0,0,0.000284626537593129,0.000307813191793613,0.014972763761927,0.000595328312351137,0,0,1.02138410231997e-05,0,3.21451094029517e-05,0,0,0,0,0,0,0,0,0,7.8631172889864e-05,0.00104350169401488,1.46880746838853e-06,2.41678729221727e-06,2.70383631806065e-06,0.0120558461317352,0.000140306988113409,0,0.00999176020011005,0.0180571474617441,0.000528950247706112,0.0143706653818976,0.000528042620738939,0.0195529053191224,0.00060773890204239,0.0633979833663842,0,0.000347447355134486,0,0,0,0.00209899623723792,0,0.0668363629315002,3.61844679799242e-06,0.000205241640607983,0,0.000881829781062449,0.036607657675808,0,0,2.89463325341341e-06,0.000317756769199921,8.76039787508106e-05,7.56732515082379e-05,0,0,0,0.00743791305702699,0,0,0,0,0,0.0114907247337567,5.20559728921878e-06,0.00117877050523116,0,0.0083426166126819,0,0.108206663841589,0.0328599957380707,0
0.0133872168811654,6.77895553105471e-06,0.0143703322146899,0,0.000114711800173973,0,0,0,0.00322069060494861,0,0,0,0,0,0,0,6.08422294048464e-05,0.000226755668331885,0.0219734230710821,0,0,0,0,0,0.000111559699437049,0,0,0,0,0,0,0,0,0,0,1.90512020554965e-05,0.00134386805191228,0,9.91299101233764e-05,7.60233579583866e-05,0.107005131155803,0.00999176020011005,0,0.000467941036440139,0.0114168493565619,0.000126240429454487,0.0137793194345512,0.00920037446849194,0.0171812689286282,0.0011557843599613,0.000254669340267983,0.000160703739977341,0,0,0.00488672003789025,0,0.0202724235245984,3.85898052709167e-05,0.00137536618723233,0,0.000889296478116191,0,1.14684125655399e-05,0.00667495170331621,0,8.79858884286923e-06,1.28350402497816e-05,0.000250637040761021,0,0,0,0,0,0.00133267508827647,0,0,0,8.85949789795522e-05,1.72215191713136e-05,0.00802768866352871,1.49703200626982e-05,2.57679824834645e-05,0.0072772187248775,1.33560442238019e-06,0.146404638608036,1.27310243914282e-05,0.125900244806448
0,0,0,0,0,0,0,0,0,0,0,0,0,0,0,0,0.0001475667480147,0.000518391519622938,0.0218208559231913,0.00022083340379847,0,0,0,0,0,0,0,0,0,0,0,0,0,0,0,0.000125458454398131,1.45774944357972e-05,0,0,0.00459299838463419,0.000177079006627113,0.0180571474617441,0.000467941036440139,0,0.00239570886775439,0.00587335142894621,2.62759271022104e-05,0,0,0.00173846104647268,0,0,0,0,0,0,0,0.000383376118627339,0,0,0,0,0.0153746825175526,0,0,0,0,0,0,0,0,0,4.47250023218253e-05,0,0,0,0,0,0.00215038435137597,1.91754997713248e-05,0.000192181208227271,0,0.000576473105590171,0,0.00887754689023263,0.00813540310739573,0.000256086072526168
0,0,0,0,0,0,0,0,0,0,0,0,0,0,0,0,7.78343604903505e-05,0,0.00748325009063585,8.50017563012243e-05,0,0,0,0,0,0,0,0,0,0,0,0,0,0,0,2.26391371379755e-05,0.000287715372946794,0,0,3.5042080458925e-05,0.0394256948199089,0.000528950247706112,0.0114168493565619,0.00239570886775439,0,0.00016869943115918,0.0164277390769552,2.01606552266182e-05,2.81528461777043e-05,0,0,0,0,0,0,0,0,0,0,0,0,0.000564474460359836,1.72840044411268e-05,0.000823954743279328,0,0,0,0,0,0,0,0,0,0,0,0,0,9.54686307307955e-05,2.69221736389494e-06,0.00221530426517378,0,0,0.000281080957622542,0,0.0121781561005125,0.00106796838932388,0.019249527567882
0,1.6115875910216e-05,0,2.20056721788587e-05,0,0,0,0,0,0,0,8.25312232106226e-05,0,0,0,0,0.000352293324153371,0.000119737302377605,0.0138098309378287,0.001962134235546,0,0,0,0,0,0,0,0,0,0,0,0,0,0,0,0.000563765137738525,1.93115652521629e-05,8.12774244384905e-06,0,0.00490789231869646,0.000431366290081715,0.0143706653818976,0.000126240429454487,0.00587335142894621,0.00016869943115918,0,0.0115504399102527,7.89940329462877e-06,0,0.00117083740399566,0,0,0,0,0,0,0,0.002221214437272,0,0,0,0,0.0386720212625012,0,0,0,0,0,0,0,0,0,0.000482253243090723,0,0,0,0,0,0.00812122311877681,7.61314429226256e-06,0.00159177354987287,0,0.000223547819203864,0,0.0194604199716238,0.00012357807902571,0
0,0,5.33799303022875e-05,0,0,0,0,0,0,0,0,0,0,0,0,0,5.00740606254251e-05,0.000143564893228195,0.0142979112624896,0,3.58450009749304e-05,0,0,0,0,0,0,0,0,0,0,0,0,0,0,2.34465801255261e-06,0.000513842780560143,0,0,0.00470786294354488,0.0307423781537317,0.000528042620738939,0.0137793194345512,2.62759271022104e-05,0.0164277390769552,0.0115504399102527,0,0.000217453999876772,0.00439878472263486,0.000994813566828889,1.51877862974121e-05,0,0,0,2.86297346021158e-05,0,0.00136904804684351,0,0,0,0,0,6.23047685967144e-05,0.05514099136338,0,0,0,0,0,0,0,0,0,0.000209385963157042,0,0,0,0,0,0.0148150812154109,0,0.000759941325485442,0.000432861801831845,0,0.0490647421042835,0,0.000694208055374084
3.67448970773428e-05,0,0,0,0,0,0,0,0,0,0,0,0,0,0,0,0,0,0,0,0,0,0,0,6.67860320906182e-05,0,0,0,0,0,0,0.053740643095185,0.210219060014539,0.0386459655424647,0.138621374254158,0,7.68104589056467e-06,9.14261271208216e-05,0.000588195637174743,0.0769905557780713,7.23661103568581e-05,0.0195529053191224,0.00920037446849194,0,2.01606552266182e-05,7.89940329462877e-06,0.000217453999876772,0,0.0626804316711354,0.264768519872679,0,0,0,0,4.21480238932486e-05,0,1.46089605288051e-05,7.84864123914097e-06,0,0,0,0,0,0,0,2.56575625193507e-05,0,0.000261092977006586,0,0,0,0,0,0,0.00553607109606189,0.0374574147413862,0.0176120937382731,0.00276475800932763,0.00681088083869359,0.00113164253695344,0.00176802577364388,1.22293591576477e-05,0.0124081506114167,2.43458620030215e-05,0.0427062172553467,0,0.00107437849952446
0.00842670878045132,0,0.00750017090467699,0,0,0,0,0,0,0,0,0,0,0,0,0,0,0,1.61126805921291e-05,0,0,0,0.000704955056998537,1.93879907890646e-05,0.00039575842336781,0,0,0,0,0,0,0,0.00197479084921034,0,0,0,0.000150972012363601,0,0.00124840242407232,0,0.00758041845896936,0.00060773890204239,0.0171812689286282,0,2.81528461777043e-05,0,0.00439878472263486,0.0626804316711354,0,0.0334943864554746,0.000118529101333861,0,0,0,0.000290437230667892,0,0.00142864142627067,0,0.000608052499015288,0,0.00506736568489307,0,0,0.000240885137482668,0,0.00067994065041338,0,0.00497511068097255,0,0.00269994616240334,0,0.000799763737938602,0,0.00251068773167482,0,0.000437933088988143,0,0,0,0.0010732529957408,0,0.00357074532759244,0.00103094399361568,0,0.0232704111393806,4.47188977185744e-05,0.00286835934354846
0,0.00701824646926097,1.53182065768352e-05,0.00435054436913702,0,0,0,0,0,0.000119474168309252,0,0,0,0,0,0,5.78135193685673e-05,0,0.00250334521910783,7.93335147684219e-05,0,0.00327836957434819,0,0.00974227922063439,5.1048775855441e-05,0,0,0,0,0,0,0,0.0111379050586083,0.000694543896710833,0.0112362266358781,0.000184371942930104,0.00038365641367018,0.00835344922336683,1.14966894292905e-05,0.10396172727904,4.32340787374203e-05,0.0633979833663842,0.0011557843599613,0.00173846104647268,0,0.00117083740399566,0.000994813566828889,0.264768519872679,0.0334943864554746,0,0,0,0,0,0,6.29642379489847e-05,0,0.00677274130297154,1.0301422490584e-05,1.08440315864605e-05,0,0.0035647889546748,0.000508588361129549,0,0.00393185495652342,5.90228650327587e-06,0.0223859639260076,0.000102492227955007,0.000995138473261701,0,0.000763408256552906,0,0.00187313789156333,0,6.33887290986453e-05,0,0,0,0.00460694893158602,0.000180449700668611,0.0236142693324641,0,0.00372416173170635,0,0.0322911473450154,0.00130629597753989,0
0,0,0.0338589374828844,0,0.0651601106350439,0,0.00054619076832331,0,0,0,0.000156253967452044,0,0,0,0,0,0,0,5.54046053328171e-05,0,0.000376454785119907,0,0,0,0,0,0,0,0,0,0,0,0,0,0,0,0,0,0,0,0,0,0.000254669340267983,0,0,0,1.51877862974121e-05,0,0.000118529101333861,0,0,0,0.0369923126971023,0,0.000218313268951827,0,0.0118619886100211,0,0.00310364024921205,0,0.0245938638672475,0,0,0.000115010062057649,0,0,0,0,0,0,0,0,0,0,0,0,0,0,0,7.19347703081316e-06,0,0,0.000614149975296137,0,0.0103754402575465,0,4.12716264265426e-05
0,0,0,0.0200846055511589,0,0.0100955067022356,0,0.000204130592827777,0,0.000621045342871241,0,0.00038457306517201,0,0,0,0,0,0,0,9.74502103072514e-05,0,0,0,0,0,0,0,0,0,0,0,0,0,0,0,0,0,0,0,0,0,0.000347447355134486,0.000160703739977341,0,0,0,0,0,0,0,0,0,0,0.0150297338420389,0,0,0,0.0194783843532462,0,0.000866620671016335,0,0,0.000150235118833335,0,0,0,0,0,0,0,0,0,0.000120190780008579,0,0,0,0,0,0,0,8.15821044570727e-06,0,6.27099351025622e-05,0,0.000123182561013648,0,0
0,0,0,0,0.000199035743644396,0,0.0163114265119374,0,0,0,0.000302141061669374,0,0,0,0,0,0,0,0,0,0,0,0,0,0,0,0,0,0,0,0,0,0,0,0,0,0,0,0,0,0,0,0,0,0,0,0,0,0,0,0.0369923126971023,0,0,0,0,0,0.0410612338335166,0,0.00259035853277879,0,0,0,0,0.000129948314929885,0,0,0,0,0,0,0,0,0,0,0,0,0,0,0,0,0,0,0,0,0,0,0
0,0,0,0,0,7.65578198001493e-05,0,0.0589921581731635,0,0,0,0.000493676025932804,0,0,0,0,0,0,0,0,0,0,0,0,0,0,0,0,0,0,0,0,0,0,0,0,0,0,0,0,0,0,0,0,0,0,0,0,0,0,0,0.0150297338420389,0,0,0,0,0,0.0306162771396206,0,0,0,0,0.00228664085578149,0,0,0,0,0,0,0,0,0,0,0,0,0,0,0,0,0,0,0,5.15991860083886e-06,0,0,0,0
0.0296654209057807,0,0.0175275335294692,0,0.00104278200732068,0,0,0,0.0792178090729017,0,0,0,0,0,0.00119999996968545,0,0.00168001517189864,0,0.000280685158995831,0,0,0,0,0,0.00224464259733009,0,0,0,0,0,0,0,0,0,0,0,0,0,0.00135436073907388,0,6.72936228870015e-05,0,0.00488672003789025,0,0,0,2.86297346021158e-05,4.21480238932486e-05,0.000290437230667892,0,0.000218313268951827,0,0,0,0,0,0.000624977863808037,0,0,0,0.0527162561923844,0,0,9.77525209616421e-05,0,0,0,0.0110495697320116,0,0,0,0,0,0,0,0,0,0.000352902021941613,0,6.26286861460135e-06,0,0.00303497975287169,0.00100721726948242,0,0.00171263960193313,0,0.000452516447054499
0,0.109983546386766,0,0.0188399913967814,0,0.000312634489904253,0,0,0,0.138319071936066,0,0,0,0,0,0.00549178264320505,6.61110933450727e-05,0.00101762641373352,0.000212222696447631,0,0,0,0,0.0189272300623597,0,0.00047502399336391,0,0,0,0,0,0,0,0,0,0,0,0.00131718456284339,0,0,0,0.00209899623723792,0,0,0,0,0,0,0,6.29642379489847e-05,0,0,0,0,0,0,0,0.000295770824631798,0,0,0,0.0846042466583127,1.133499046123e-05,0,0,0,0.0671636211568711,0,0.0101793506589882,0,0,0,5.04463921170394e-05,0,0,0,0,0,0,0,0.00284724793726089,0,0.00171865039503287,0,0.00204618008697995,0.00137081038509203,0
0.000834716321955559,0,0.00614813716754536,0,3.91095499747696e-05,0,0.00103713974024497,0,0,0,0.0442948754782465,0,0.0087209196873936,0,0,0,3.882879162884e-05,0,0.000684488191507266,0,0.000201224010043216,0,0,0,0,0,0,0,0,0,0.00169678952373435,0,0,0,0,0,0.000122650087985174,0,0.00384114863031197,0,0.000162274441295018,0,0.0202724235245984,0,0,0,0.00136904804684351,1.46089605288051e-05,0.00142864142627067,0,0.0118619886100211,0,0.0410612338335166,0,0.000624977863808037,0,0,0,0.0102359931606428,0,0.000171413127378513,0,0,0.0164232238037694,0,0,0,0,0,0,0,0,0,0.00218002450043672,0,0,0,0,0,0.000520973931884948,0,0.00038899520817937,9.30486979269061e-05,0,0.0139168597175823,0,0.0049638250805909
0,0.0012099638614943,0,0.0188103817549371,0,0.0010934552764374,0,0.00660193976755403,0,0,0,0.0873394285324677,0,0,0,0,6.63283187730328e-06,2.0025704272036e-05,0.00272184658368125,0.0135849217997769,0,0,0,0,0,0,0,0.000417620618512981,0,0.000583697336328035,0,0,0,0,0,0.00116309840107979,0,0.0129995341059449,0,0.000224712974760938,0,0.0668363629315002,3.85898052709167e-05,0.000383376118627339,0,0.002221214437272,0,7.84864123914097e-06,0,0.00677274130297154,0,0.0194783843532462,0,0.0306162771396206,0,0.000295770824631798,0,0,0,0.0103719013246837,0,0.00375326267637695,0.0439430256243263,0,0,0,0,0,0,0,0.00470715990600328,0,0.0178851355458767,0,0,0,0,0,0.000551436651096294,0,0.000261200079572785,0,0.00318201239873318,4.30141684626097e-05,0.0162959412692123,0.00617580114301033,0
0.000372895966745254,0,0.00146560236889415,0,0,0,0.000302361192573816,0,0,0,0.0128013567817515,0,0.00920274631670101,0,0.00154274612899306,0,0,0,1.51608473684175e-05,0,0,0,0,0,0,0,0.00073575934413558,0,0.000740694044575869,0,0,0,0,0,0,0,0,0,0,0,1.48749526206887e-05,3.61844679799242e-06,0.00137536618723233,0,0,0,0,0,0.000608052499015288,1.0301422490584e-05,0.00310364024921205,0,0.00259035853277879,0,0,0,0.0102359931606428,0,0,0,0.00518651971850343,0,0,0,0,0,0,0,0,0,0,2.47960542038561e-05,0,0,0,0,0,0,0,0,0,0,0.000417553152692123,1.54851500155928e-05,0.000508893252835173,0,2.42538470185771e-05
0,0.00025893202598937,0,0.00143596268150537,0,0,0,0.000271621622243224,0,0,0,0.0273499283456299,0,0.0147975490372241,0,0.000428189224024482,0,0,0,0,0,0,0,0,0,0.00178149245420378,0,0.000437400751515809,0,0,0,0,0,0,0,0,0,0,0,0,0,0.000205241640607983,0,0,0,0,0,0,0,1.08440315864605e-05,0,0.000866620671016335,0,0,0,0,0,0.0103719013246837,0,0,0,0.0070105447976542,0,0,0,0,0,0,0.00284833489851855,0,0.0103718841041222,0,0,0,0,0,0,0,0,0,0,0,0.000455520148063671,8.67874970562644e-06,0.000348970739445703,0,0
0.0188453388382693,0,0.0397393790564575,0,0,0,0,0,0.00890811103987693,0,0,0,0.0119916239739165,0,0.0394915803372954,0,0.000471216805707636,0,0,0,0,0,0,0,0,0,0,0,0,0,0,0,0,0,0,0,0,0,0,0,1.84212243962375e-05,0,0.000889296478116191,0,0,0,0,0,0.00506736568489307,0,0.0245938638672475,0,0,0,0.0527162561923844,0,0.000171413127378513,0,0.00518651971850343,0,0,0,0,0,0,0,0,0,0,0,0,0,0,8.57382263287317e-05,0,0,0,0,0,0,0,0,0.000324717189574222,0,0.000861816580415055,0,0.000177438004424157
0,0.0215946228076387,0,0.0248251449666738,0,0,0,0,0,0.0296953530272421,0,0,0,0.0140059948841871,0,0.0115541867516504,0,0.000310575932957859,2.29017543977861e-05,0,0,0,0,0,0,0.000913104223678313,0,0,0,0,0,0,0,0,0,1.32167464342802e-06,0,0,0,0,0,0.000881829781062449,0,0,0.000564474460359836,0,0,0,0,0.0035647889546748,0,0,0,0,0,0.0846042466583127,0,0.00375326267637695,0,0.0070105447976542,0,0,0.000113981137253083,0,0,0,0.00204533032361636,0,6.47247672679475e-05,0,0,0,7.14828830539194e-05,0,0,0,0,0,4.55785392453739e-06,0,5.16005882207523e-06,0,0.000230459711609246,6.93180587736581e-05,0.00311430720107106,0,0
0,3.20420085757991e-05,0,0.0028518555996942,0,0,0,9.78079149287041e-05,0,0,0,0.00926723068202459,0,0,0,0,0.000543267697160897,7.12472503165663e-05,0.0149754969460245,0.0931789436808638,0,0,0,0,0,0,0,0,0,0,0,0,0,0,0,0.0143617664778734,1.10897925207729e-05,0.00413113879491948,0,0.00147762994239258,5.00432641917306e-05,0.036607657675808,1.14684125655399e-05,0.0153746825175526,1.72840044411268e-05,0.0386720212625012,6.23047685967144e-05,0,0,0.000508588361129549,0,0.000150235118833335,0,0.00228664085578149,0,1.133499046123e-05,0,0.0439430256243263,0,0,0,0.000113981137253083,0,0,0,0,0,0,0,0,0,0,0.00678207733708068,0,0,0,0,0,0.0125918669708256,4.25403265755883e-05,0.00561500822349345,0,0.00217840378091475,0,0.0215503499895603,0.00246291538974426,0
1.353795787392e-05,0,8.48671314711627e-05,0,7.60152084475808e-05,0,0,0,0,0,0.00227317459938431,0,0,0,0,0,0,0,0.000269893804082802,0,0.0798014022244093,0,0,0,0,0,0,0,0,0,0,0,0,0,0,0,0.00994240557410147,0,0.000731667434615102,0,0.00426997868653973,0,0.00667495170331621,0,0.000823954743279328,0,0.05514099136338,0,0.000240885137482668,0,0.000115010062057649,0,0.000129948314929885,0,9.77525209616421e-05,0,0.0164232238037694,0,0,0,0,0,0,0,0,0,0,0,0,0,0,0,0,0.000472759048416693,0,0,0,0,0,0.0109385552660579,0,0.000447070429283377,0.00114310632403055,0,0.0236079986039429,0,0.000120228556296376
0,0,0,0,0,0,0,0,0,0,0,0,0,0,0,0,0,0.000424709502411595,0,0,0,0.0865620142103941,7.23862970494257e-05,0.000589932891011299,0,0.00173795319729313,0,0.00254361035751074,0,0,0,0,0,0,0,0,0,0.0026783950575675,3.92251301670416e-05,0,0,0,0,0,0,0,0,0,0,0.00393185495652342,0,0,0,0,0,0,0,0,0,0,0,0,0,0,0,0,0.00919033913179987,0,0.00135633797552788,0,0.0030782989558309,0,0,0,0,0,0,0,0,0,0.00150006470064709,0,0.00155482617762341,6.98750167500819e-05,2.58534816449747e-05,0,0
0,0,0,0,0,0,0,0,0,0,0,0,0,0,0,0,0.000595757338828243,0,0,0,0,0.000669593509860602,0.0888888421491619,0,0.000923239099839912,0,0.00135487926470866,0,0.00151311985591176,0,0,0,0,0,0,0,0,0,0.00436653096371326,0,0,2.89463325341341e-06,8.79858884286923e-06,0,0,0,0,2.56575625193507e-05,0.00067994065041338,5.90228650327587e-06,0,0,0,0,0,0,0,0,0,0,0,0,0,0,0,0,0,0.0119417047087161,0,0.00121851320944186,0,0.00611207993678456,0,0,0,0,0,0,0,0,0,0.00436339403364125,0.00133722787164876,0.00110347087790045,0.0001320139220061,0,0
0,0,0,0,0,0,0,0,0,0.0263568167333671,0,0,0,0,0,0,0,0.000427449001126606,1.28090107427669e-05,0,0,0.00105310545872362,0,0.0597721058612236,0,0.00270856650024392,0,0,0,0,0,0,0,0,0,0,0,0.0028116728022212,0,0,0,0.000317756769199921,1.28350402497816e-05,0,0,0,0,0,0,0.0223859639260076,0,0,0,0,0,0.0671636211568711,0,0,0,0,0,0.00204533032361636,0,0,0.00919033913179987,0,0,0,0.063382332118593,0,0.00505618918310478,0,0,0,0,0,0,0,0,0,0.00971035612610245,0,0.000962732791292808,0,0.0165533617468033,0.00106874692137146,0
0,0,0,0,0,0,0,0,0.00099493112001077,0,0,0,0,0,0,0,0.00279504388266631,0.000299947108887759,0,0,0,0,0.00133406556986337,0,0.0369734262089064,0,0.0207045613626361,0,0,0,0,0,0,0,0,0,0,0,0.00324543757887872,0,0,8.76039787508106e-05,0.000250637040761021,0,0,0,0,0.000261092977006586,0.00497511068097255,0.000102492227955007,0,0,0,0,0.0110495697320116,0,0,0,0,0,0,0,0,0,0,0.0119417047087161,0,0,0,0.00950153886066731,0,0,0,0,0,0,0,0.000106255776403108,0,0,0,0.00927797799743311,0.00138614665980325,0,0.00653165123238256,0,0
0,0,0,0,0,0,0,0,0,0.0224409145423988,0,0,0,0,0,0,8.21333087703428e-05,0.00522638928916111,0.000303362685998073,0,0,0.00235759729171375,0,0.0657699749045862,0,0.0222015220317094,0,0.00738552731975325,0,0,0,0,0,0,0,0,0,0,0,0,0,7.56732515082379e-05,0,0,0,0,0,0,0,0.000995138473261701,0,0,0,0,0,0.0101793506589882,0,0,0,0.00284833489851855,0,6.47247672679475e-05,0,0,0.00135633797552788,0,0.063382332118593,0,0,0,0.0280458134709425,0,0,0,0,0,0,0,0,0,6.30019372223356e-06,0,0.00102358367224778,6.74308606840354e-05,0.000171713570573607,0,0
