0,0,0.00506885502081505,0,0,0,0,0,0.0150431941839063,3.13535473146056e-05,0,0,0,0,0.0200539891327166,0,0.00348200439149444,0.000540685111511203,0.038099603654329,0,0,0,0,0,0,0,0,0,0,0,0,0,0,0.000472954481293081,0,0,0,1.17756608890645e-05,2.21184672610543e-05,2.09865432025231e-05,0.0138306814871309,1.39932446654267e-05,0.0277672351647297,0,0,0,0.0529941148753566,0.00573886951794033,0.0137691614469303,0.000128039305032198,0,0,0,0,0.133924691693062,0,0,0,0,0,0.0572277692163434,0,0,0.00120448288202059,0,0,0,0,0,0,0,0,0,0.000169288450837041,0,0,0.000279813137534581,0,0,0.00516316848281129,3.7961635319035e-05,8.65296587607535e-05,0.00314275779574189,7.0992707366615e-05,0.0279613745982462,0,0.00553078239706372
0,0,0,0.0132984102980438,0,0,0,0,0,0.142049020335661,0,0,0,0,0,0.00393013133686237,0,0.00112732504909716,0.0049555234243358,0,0,0,0,0.000810330667426891,0,0,0,0,0,0,0,0,0,3.19139345485039e-05,0,0,0,1.50512244395124e-05,0,0.000649909308780125,0,0.0296577121013177,9.22653585923815e-06,0,0,0.000175970194212559,0,0.00109279587576169,2.63047203714759e-05,0.0221161285427791,0,0,0,0,0,0.126910317615082,0,0.000158862185401739,0,0.0029906395733789,0,0.00972030076167497,0,0,0,0,0.000551113936518471,0,0,0,0,0,0,0,0,0,0,0,3.55487886687931e-05,0,0,0,0.00117999467758093,1.44676040124049e-05,0.0200054148739977,0.0102460733153015,0
0.00506885502081505,0,0,0,0.0953893069423098,0,0,0,0.0221275860935566,0,0,0,0,0,0,0,0,0,2.96533699628257e-05,0,0,0,0,0,0,0,0,0,0,0,0,0,0,0,0,0,0.000155190360542124,0,0,0,0.000904743772458448,0,0.00328188129508264,0,0,0,0.00551860022507165,0,0.0289744728701024,0,0.0204427524977221,0,0,0,0.159215727698579,0,0.00110782812408342,0,0.000929589793966464,0,0.0148506123734294,0,0,0.000311576315867637,0,0,0,0,0,0,0,0,0,0,0,0,0,0,0,0.000226921098779031,0,0,0.000990154490033671,0,0.0222829722486994,0,0
0,0.0132984102980438,0,0,0,0.0385905240085595,0,0,0,0.0644844936358457,0,0,0,0,0,0,0.000111543119545588,0.000127905677288848,0.000828534511023361,0.00101467914496645,0,0,0,0,0,0,0,0,0,0,0,0,0,5.19134914707788e-05,0,0.000230446086755057,4.95356132788408e-06,0,0,0.00253941961526584,5.29147058792857e-05,0.0124859399867726,1.63959629862864e-05,0,0,0.00910719308702746,0.000453216774803879,0.000813585629404487,0,0.00446513580659833,0,0,0,0,0,0.197258964170385,0,0.00104618823854401,0,0,0,0,0.00391787131079017,0,0,0,0,0,0,0,0,0,0.00208112139727726,0,0,0,0,0,0.000415278641112841,0,0,0,0.00161645963681386,3.8855499394687e-05,0.0371602639284303,0.0042198403572517,0
0,0,0.0953893069423098,0,0,0,0.000915601097960609,0,0.0122034424201083,0,0.000152296984370998,0,0,0,0,0,0,0,0,0,0.10435712399723,0,0,0,0,0,0,0,0,0,0,0,0,0,0,0,0.00372971452836257,0,0,0,0,0,0.0005656172667802,0,0,0,2.50750830930141e-05,0,0,0,0.122375565470772,0,0.00371090169467849,0,0.013487624340554,0,0.00194836550439581,0,0,0,0,0,0,0.0103824486321649,0,0,0,0,0,0,0,0,0,0.00124581231813605,0,0,0,0,0,0.000151324820646436,0,2.65812368601109e-06,0.0027937876047864,1.45055603588507e-06,0.00533491174077579,0,0
0,0,0,0.0385905240085595,0,0,0,0.00183746922189326,0,0,0,0.0010916841724109,0,0,0,0,0,8.23712847023897e-06,1.05476993925231e-05,0.0825134140566149,0,0,0,0,0,0,0,0,0,0,0,0,0,0,0,0.0037453463014503,0,0,0,8.92805008145584e-05,0,0.000407355636729457,0,0,0,0.000771847154703815,7.85647240952308e-05,0,0,0.000151082791820903,0,0,0,0,0,0,0,0.000199443510771281,0,0,0,0,0.021201400476492,0,0,0,0,0,0,0,0,0,0.000420331930175096,0,0,0,0,0,0.000765564719452718,0,0,0,0.0018490593501029,0.0052179837589077,0.0103331262021777,0.000372315256465717,0
0,0,0,0,0.000915601097960609,0,0,0,0,0,0.00166933776092051,0,0,0,0,0,0,0,0,0,0.00366944367286035,0,0,0,0,0,0,0,0,0,0,0,0,0,0,0,0.00178302286826055,0,0,0,0,0,0,0,0,0,0,0,0,0,0,0,0.0355931095530941,0,0,0,0.00688930017489394,0,0,0,0,0,0,0.00161337895127243,0,0,0,0,0,0,0,0,0,0,0,0,0,0,0,0.000487556765024999,0,0,0.000834133920859735,0.000677776179791853,0,0,0
0,0,0,0,0,0.00183746922189326,0,0,0,0,0,0,0,0,0,0,0,0,0,0.00769442760668467,0,0,0,0,0,0,0,0,0,0,0,0,0,0,0,1.14359015472411e-05,0,0,0,0,0,0,0,0,0,0,0,0,0,0,0,0,0,0.179230744527216,0,0,0,0.00196496316219343,0,0.0132179322200001,0,0,0.000404327653957468,0,0,0,0,0,0,0,0,0,0,0,0,0,0,0,0,0,0,0,0.000808106669030072,4.4280086040195e-05,3.08606093617557e-05,0,0
0.0150431941839063,0,0.0221275860935566,0,0.0122034424201083,0,0,0,0,0,0,0,0,0,0.0271013605421442,0,0.0121550601502097,0.00210274839618663,0.00327298524624887,0,0,0,0,0,0.00231153234438568,0,0.000259504333371297,0,0,0,0,0,0,0,0,0,0,0,0.000178338267762107,0.00023228375335645,0,0,0.00591207026878401,0,0,0.000126882089044187,0.000167087490203187,1.1934105237673e-05,0,0,0,0,0,0,0.0482045267089017,0,0,0,0,0,0.0320041020334521,0,0,0,0,0,0,0.00119755162629048,0,0.000598742655711249,0,0,0,0.000144771395909752,0,0,0,0,0,5.52627821640844e-05,0,2.43387317837894e-05,0.00462484556958035,0.000681006391929059,0.00533322782836586,0,0.000801266443730716
3.13535473146056e-05,0.142049020335661,0,0.0644844936358457,0,0,0,0,0,0,0,0,0,0,0,0.269377283571585,0,0.0142658993656203,0.0128571678501032,0,0,0,0,0.0442972246320298,0,0.00814019650613634,0,0,0,0,0,0,0,0.000100981167149943,0,0,0,1.04050832765674e-05,0,0,0,0.00580576652136533,0,0,0,0,0,0,0,0,0,0,0,0,0,0.170536984434548,0,0,0,0,0,0.0129943208413232,1.31321859556932e-05,0,0,0,0.0019886057538949,0,0,0,0,0,0.000120509980027494,0,0,0,3.39386676091319e-05,0,0,0,0,0,0.00576537900006249,0.00309208354884424,0.00367096537917439,0.00954499455038705,0
0,0,0,0,0.000152296984370998,0,0.00166933776092051,0,0,0,0,0,0.0936125653176038,0,0,0,0,0,0,0,0.376749342001986,0,0,0,0,0,0,0,0,0,0,0,0,0,0,0,0.0215120906326014,0,0.0722362960586491,0,0,0,0,0,0,0,0,0,0,0,0,0,0,0,0,0,0.0458986500700703,0,0,0,0,0,0,0.348841639861051,0,0,0,0,0,0,0,0,0,0,0,0,0,0,0,0.0150210953529917,0,0.0387036501410287,0.00976831067694012,0.00790973940346175,0,0,0
0,0,0,0,0,0.0010916841724109,0,0,0,0,0,0,0,0.177911249241699,0,0,0,0,0,0.0620171527793056,0,0,0,0,0,0,0,0.00639567586129802,0,0.00879331982442827,0,0,0,0,0,0.0116262488489957,0,0.190263971867553,0,0,0,0,0,0,0,0,0,0,0,0,0,0,0,0,0,0,0,0.102995166320841,0,0.123027298524706,0,0,0.0149537975036519,0,0,0,0,0,0,0,0.00148551373926382,0,0.00330606144580864,0,0,0,0,0,0.00328276430554237,0,0.0237784153000898,0,0.00335313635455321,0.000631929004243452,0,0,0
0,0,0,0,0,0,0,0,0,0,0.0936125653176038,0,0,0,0.00277656305903021,0,0.000304535559533328,0,0,0,0,0,0,0,0,0,0.00449978231357569,0,0.00127236437928113,0,0,0,0,0,0,0,0,0,0,0,0,0,0,0,0,0,0,0,0,0,0,0,0,0,0,0,0.00109079903022164,0,0.0139563413804221,0,0.00109523098639652,0,0,0,0,0,0,0,0,0,0,0,0,0,0,0,0,0,0,0,0,0,0.00169561086652486,0.0371437314107757,0,0,0
0,0,0,0,0,0,0,0,0,0,0,0.177911249241699,0,0,0,0.000360782898496836,0,0.00131460272428503,0,0,0,0,0,0,0,0,0,0.0237962681202609,0,0,0,0,0,0,0,0,0,0,0,0,0,0,0,0,0,0,0,0,0,0,0,0,0,0,0,0,0,0.10394310197752,0,0.19631115842554,0,0.000201288246898912,0,0,0,0,0,0,0,0,0.00331424928406125,0,0,0,0,0,0,0,0,0,0,0,0.00405076206943061,0.0116709325933101,0,0,0
0.0200539891327166,0,0,0,0,0,0,0,0.0271013605421442,0,0,0,0.00277656305903021,0,0,0,0.00611385318501638,3.68543934197371e-05,9.26601632678765e-06,0,0,0,0,0,0.00139733427281836,0,0.124629138737145,0,0,0,0,0,0,0,0,0,0,0,1.06566671453841e-05,0,0,0,0.000629374670748001,0,0,0,0,0,0,0,0,0,0,0,0.0991914139404547,0,0,0,0.0251123655462276,0,0.0651255509683738,0,0,0,0,0,0,6.48582769250828e-05,0,0,0,0,0,0,0,0,0,0,0,0,0,0,0.00142720540217068,0.00294766610793246,0.000449254145726865,0,0.000851850307030855
0,0.00393013133686237,0,0,0,0,0,0,0,0.269377283571585,0,0,0,0.000360782898496836,0,0,0,0.00205526613706902,0.000103637502434042,0,0,0,0,0.00121917189861845,0,0,0,0,0,0,0,0,0,0,0,0,0,0,0,0,0,2.21385072987467e-05,0,0,0,0,0,0,0,9.48949789556291e-05,0,0,0,0,0,0.34578441022415,0,0,0,0,0,0.011315152723164,0,0,0,0,8.77611703400324e-05,0,0,0,0,0,0,0,0,0,0,0,0,0,0,0,0.00121629750958619,0.00369388384859475,6.27430120278105e-06,0,0
0.00348200439149444,0,0,0.000111543119545588,0,0,0,0,0.0121550601502097,0,0,0,0.000304535559533328,0,0.00611385318501638,0,0,0.209262583670173,0.0833522658443531,0,0,0,0.00676714717101099,1.62206981652977e-05,0.000521718633773871,2.55282502573402e-05,0.00651115756131408,0,0.000317456969350672,0,0,0,0,1.09285352443288e-05,0,0,0,1.09027705303414e-05,0,0.00424257495232515,0.0017302924228792,0.0014019944204078,0.00471721169878817,0,0.00257509432709813,0.000555485525720788,0.00372709896504577,4.12900692659042e-06,0,1.20502252321316e-05,0,0,0,0,6.64292730897294e-06,0,7.24095861418227e-05,8.16132143991973e-06,0,0,8.33975470503866e-05,0,0,7.03214552630747e-05,0,0,0,0,0,7.75991243680838e-05,0,0,4.57401202878896e-06,0.000168728600935517,0,0,0,0,0.000526234952027148,0.00330760697987402,0,0.000774248194348566,0.02570372034565,0.034703899898768,0.0075817510434559,7.65432323197014e-05,2.22014380847121e-05
0.000540685111511203,0.00112732504909716,0,0.000127905677288848,0,8.23712847023897e-06,0,0,0.00210274839618663,0.0142658993656203,0,0,0,0.00131460272428503,3.68543934197371e-05,0.00205526613706902,0.209262583670173,0,0.121587085112337,0,0,0.00913797552714841,0,0.00854150979099906,0,0.0956253723748744,0,0.00156356122786833,0,0,0,0,0,2.7334338959774e-05,0,0,0,1.58050756459495e-05,0,0.0113189140180792,0.000353413561099295,0.00586167934369102,0.000862745018966591,0,0.000295238859550059,0.00066195696908103,0.00063456597256445,4.15898749247363e-06,0,3.54690407890906e-06,0,0,0,0,5.2510477789365e-06,0.000636266330367957,5.89274054886251e-05,5.22575465192014e-06,0,0.000330476160649212,0,5.13266420940025e-05,1.2738205774587e-05,1.6392208538668e-05,2.48158647020864e-05,0,0.000291181672444616,0,0.00852876162193751,0,0,0,2.23499434930659e-05,1.80177722079252e-05,0,0,0,0,0.00124421930258312,0.000573316820830829,0,0.00010913689830932,0.0333728750193385,0.0862659317504598,0.00777549693943828,0.000584073424050977,0
0.038099603654329,0.0049555234243358,2.96533699628257e-05,0.000828534511023361,0,1.05476993925231e-05,0,0,0.00327298524624887,0.0128571678501032,0,0,0,0,9.26601632678765e-06,0.000103637502434042,0.0833522658443531,0.121587085112337,0,0,0,0,0,0.0107531453950808,2.70877792667884e-05,0,0,0,0,0,0,0,0,0.00102505640454291,0,0,0,0.000651381388333929,0,0.0711712945343758,0.0123764301753375,0.0412297831338654,0.0186136476434067,0.0051418099589657,0.00467876871102078,0.0151427088101853,0.0357368184215044,0.000538697953425117,4.58656308603395e-05,8.22775078722496e-05,0,0,0,0,0,0.00199323415511671,0.000791866160669702,0.000238285833216765,0,0,0,0,2.92099954940256e-05,0.00158925151863066,0,0,0.000472825658297092,0,0,0,0,0,0.000922555673910685,0.00187905671023709,0,0,0.00023215142953119,0,0.00990494057960285,0.0118088545745694,4.1380753771306e-05,0.00437845033753047,0.0275628797896645,0.00015884786947808,0.112585724724306,0.0187877935885392,0.00147427546384047
0,0,0,0.00101467914496645,0,0.0825134140566149,0,0.00769442760668467,0,0,0,0.0620171527793056,0,0,0,0,0,0,0,0,0,0,0,0,0,0,0,0,0,0,0,0,0,0,0,0.068391040754136,0,0.00278376068216477,0,0,0,0,0,0,0,0.00163552930182396,0,0,0,0,0,0,0,0,0,0,0,0,0,0,0,0,0.202791474754854,0,0,0,0,0,0,0,0,0,0,0,0,0,0,0,0.0237295943187384,0,0.00659341374103348,0,0.00198450483566203,0,0.00403860158248557,0,0
0,0,0,0,0.10435712399723,0,0.00366944367286035,0,0,0,0.376749342001986,0,0,0,0,0,0,0,0,0,0,0,0,0,0,0,0,0,0,0,0,0,0,0,0,0,0.0260672429484604,0,0.00573450175815901,0,0,0,0,0,0,0,0,0,0,0,0.0284359832488391,0,0.00461088347605194,0,0,0,0.0553866865044577,0,0,0,0,0,0,0.026522624623451,0,0,0,0,0,0,0,0,0,0,0,0,0,0,0,0.0119847794744862,0,0.000690383366519107,0.00201992950506529,0,0.000870896497409933,0,0
0,0,0,0,0,0,0,0,0,0,0,0,0,0,0,0,0,0.00913797552714841,0,0,0,0,0.161855769170138,0.0244422607395649,0,0.0419058445907368,0,0.0494844969592551,0,0,0,0,0,0.000258058897173001,0,0,0,0.0303170076065778,0.00208078097507699,0,0,0,0,0,0,0,0,0.000111066776796004,8.82696095570013e-06,0.000497646117877709,0,0,0,0,0,0,0,0,0,0,0,0,0,0,0.308022804008531,0.069875981240578,0.00342956953313358,0,0.000702308498087134,0,0.090724885612824,0,0,0,0,0,0,0,0,0,0.0354296215268326,0.0105813280512833,0.0210842890241603,0.00915672829287027,4.65654719754334e-06,0,0
0,0,0,0,0,0,0,0,0,0,0,0,0,0,0,0,0.00676714717101099,0,0,0,0,0.161855769170138,0,0,0.00956837470937905,0,0.00972211653755478,0,0,0,0,0,0,0,0,0,0,6.19168044880356e-05,0.0145245734825665,0,0,0,0,0,0,0,0,0,0.00105842201279102,0,0,0,0,0,0,0,0,0,0,0,0,0,0,0,0.00470997726783481,0.279810846573887,0,0.00104231668860144,0,0.00238401158178891,0,0,0,0,0,0,0,0,0,0,0,0.0543155094929558,0.0164148350738215,0.00110105779743883,0.00014040546676355,0,0
0,0.000810330667426891,0,0,0,0,0,0,0,0.0442972246320298,0,0,0,0,0,0.00121917189861845,1.62206981652977e-05,0.00854150979099906,0.0107531453950808,0,0,0.0244422607395649,0,0,0,0.150174493044464,0,0,0,0,0,0,0,2.91442455997916e-05,5.41967689713196e-05,0,0,0.0315781242808256,5.18635698056611e-06,2.18246521938425e-05,0,0.0030154341786979,4.05611653057514e-05,0,0,0,0,0.00241795124171829,0.000354190541927025,0.0042838410584616,0,0,0,0,0,0.0119950411105913,0,0,0,0,0,0,0,0,0.000176224010261734,0,0.169082495721889,0,0,0,0,0,0.000264078776450637,0,0,0,0,0,2.90657236658951e-06,9.3615892527919e-06,0.0154147640499185,0,0.00363421654164355,0.0010475245606424,0.00303565994260897,0.0162419367771613,0
0,0,0,0,0,0,0,0,0.00231153234438568,0,0,0,0,0,0.00139733427281836,0,0.000521718633773871,0,2.70877792667884e-05,0,0,0,0.00956837470937905,0,0,0,0.00622860429861861,0,0,0,0,0,0,0,0,0,0,0,0.00230368235228247,0,0,0,0,0,0,0,0,0,0.00216531953083714,0,0,0,0,0,0,0,0,0,0,0,0,0,0,0,0,0.00180793403565902,0,0.0512617274596409,0,0.103835036216569,0,0,0,0,0,0,0,0,0,0,0,0.00107444036881357,0.000842442590262647,8.37587595015066e-06,0.000172382930989267,0,0
0,0,0,0,0,0,0,0,0,0.00814019650613634,0,0,0,0,0,0,2.55282502573402e-05,0.0956253723748744,0,0,0,0.0419058445907368,0,0.150174493044464,0,0,0,0.0133696984902778,0,0,0,0,0,0,0,0,0,0,0,0,0,0,0,0,0,0,0,0,0,0,0,0,0,0,0,0.0315340920827342,0,0,0,0,0,0,0,0,0.0237769859708662,0,0.0545624405371098,0,0.01805758715896,0,0,0,0,0,0,0,0,0,0,0,0,0,0.000666105856378962,0.000232356328555733,0,0,0
0,0,0,0,0,0,0,0,0.000259504333371297,0,0,0,0.00449978231357569,0,0.124629138737145,0,0.00651115756131408,0,0,0,0,0,0.00972211653755478,0,0.00622860429861861,0,0,0,0.000399606458218418,0,0,0,0,0,0,0,0,0,0,0,0,0,0,0,0,0,0,0,0,0,0,0,0,0,0.00162601631018333,0,0,0,0.0141005717907621,0,0,0,0,0,0,0.00216317847585338,0,0.0116784790965552,0,0.0376671728422298,0,0.000135242635077272,0,0,0,0,0,0,0,0,0,0,0.000689833722154055,0.000165268597558455,0,0,0
0,0,0,0,0,0,0,0,0,0,0,0.00639567586129802,0,0.0237962681202609,0,0,0,0.00156356122786833,0,0,0,0.0494844969592551,0,0,0,0.0133696984902778,0,0,0,0.196114856910293,0,0,0,0,0,0,0,0.00419041110675145,0,0,0,0,0,0,0,0,0,0,0,0,0,0,0,0,0,0,0,0.0261418275570889,0,0.00415879095990144,0,0,0,0,0.00444891698177147,0,0,0,0.000638233795903855,0,0.440651820591722,0,0.225023159929083,0,0,0,0,0,0,0,0.00133516310440668,0,0.00372455813020176,0.0136548606038026,0,0,0
0,0,0,0,0,0,0,0,0,0,0,0,0.00127236437928113,0,0,0,0.000317456969350672,0,0,0,0,0,0,0,0,0,0.000399606458218418,0,0,0,0,0,0,0,0,0,0,0,6.25234461040236e-05,0,0,0,0,0,0,0,0,0,0,0,0,0,0,0,0,0,0,0,0.0459714278401868,0,0,0,0,0,0,0.000823030494447097,0,0,0,0.0043373695468425,0,0.287613304907115,0,0,0,0,0,0,0,0,0,0,0.00283610331485826,0.0229849329904967,0,0,0
0,0,0,0,0,0,0,0,0,0,0,0.00879331982442827,0,0,0,0,0,0,0,0,0,0,0,0,0,0,0,0.196114856910293,0,0,0,0,0,0,0,0,0,0.0134584293821352,0,0,0,0,0,0,0,0,0,0,0,0,0,0,0,0,0,0,0,0.00330405683629516,0,0,0,0,0,0,0,0,0,0,0,0,0.0151676407414245,0,0.088133841169701,0,0,0,0,0,0,0,0.00250483208226599,0,0.00241992331116188,0,0,0,0
0,0,0,0,0,0,0,0,0,0,0,0,0,0,0,0,0,0,0,0,0,0,0,0,0,0,0,0,0,0,0,0,0,0,0,0,0,0,0,0,0,0,0,0,0,0,0,0,0,0,0,0,0,0,0,0,0.000693926092969482,0,0,0,0,0,0,0,0,0,0,0,0,0,0,0,0,0.0643313258939582,0,0,0,0,0,0,0,0.000563223152069274,9.23370357217802e-05,0.000353548529827333,0,0,0
0,0,0,0,0,0,0,0,0,0,0,0,0,0,0,0,0,0,0,0,0,0,0,0,0,0,0,0,0,0,0,0,0.553560149393333,0.00124011160239014,0.00958145388469816,0.00206796810114874,0.0250310060083861,0,0,5.39044633920709e-05,0,0,0,0,0,2.69755188413603e-05,0,0.0973783490341255,0.000408801913519686,0.00194050823972819,0,0,0,0,0,0,0,0,0,0,0,0,0,0,0,0,0,0,0,0,0,0,0,0,0.189497175410121,0.732844365002626,0.000187050769927668,0.00330131398327298,0.00529261150437385,0.00337815495287663,0,0,0.0020531411078417,0,0,0,0
0,0,0,0,0,0,0,0,0,0,0,0,0,0,0,0,0,0,0,0,0,0,0,0,0,0,0,0,0,0,0,0.553560149393333,0,0.0105346386551412,0.00177964482280664,0.00385612954382128,0.0141623851127576,0,0,0,0,0,0,0,0,0,0,0.0153707172242738,0,0,0,0,0,0,0,0,0,0,0,0,0,0,0,0,0,0,0,0,0,0,0,0,0,0,0.0667126540900583,0.180516795430286,0.00751825154076864,0.0632340430689702,0.00180469913851336,0.0227106492092493,0,0,0.00339861231694116,0,0,0,0
0.000472954481293081,3.19139345485039e-05,0,5.19134914707788e-05,0,0,0,0,0,0.000100981167149943,0,0,0,0,0,0,1.09285352443288e-05,2.7334338959774e-05,0.00102505640454291,0,0,0.000258058897173001,0,2.91442455997916e-05,0,0,0,0,0,0,0,0.00124011160239014,0.0105346386551412,0,0.884674088180423,0.0165165282444776,0.000925425289632298,0.000162812376981555,0.0103195566142549,0.00341634383735467,0,0.0029797849249474,0.000541998238574442,0,0,0.000365656994183044,0,0.224858168517605,0.0167355962370465,0.0105472670652457,0,0,0,0,0,3.35152276497485e-05,0,0,0,0,0,0,0,0,0,0,0.000323952244362945,0,0,0,0,0,2.48335960674256e-05,0,0.00981916188546084,0.0118268618219105,0.0878496373786616,0.61554658297389,0.00446032467967377,6.05518156007948e-06,0.000188298691624475,0.00406130829008996,0.00450233169355686,0.000347436141187117,0.00196571358437976,0.00167970015212522,0
0,0,0,0,0,0,0,0,0,0,0,0,0,0,0,0,0,0,0,0,0,0,0,5.41967689713196e-05,0,0,0,0,0,0,0,0.00958145388469816,0.00177964482280664,0.884674088180423,0,0,0.0342473590424851,0.00437093254441947,0.00536963459063124,0,0,0,0,0,0,0,0,0.143583705525659,2.70168758940807e-05,0.00026314348892921,0,0,0,0,0,0,0,0,0,0,0,0,0,0,0,0,0,0,0,0,0,0,0,0,0.000706730386405129,0.000247591358760061,0.234692036531407,0.340618924945979,0,0.0117012128309773,0.000602253175704018,0.000183818360769698,0.00232752399084262,0,8.21741998350781e-05,0,0
0,0,0,0.000230446086755057,0,0.0037453463014503,0,1.14359015472411e-05,0,0,0,0.0116262488489957,0,0,0,0,0,0,0,0.068391040754136,0,0,0,0,0,0,0,0,0,0,0,0.00206796810114874,0.00385612954382128,0.0165165282444776,0,0,0.0546951427397613,0.00516591691842945,0,0.000399001078293389,0,0.000291031097372174,0,0,0,0.000774553803258572,0,0.00379011493334403,1.57513845458275e-05,0.00179787887443479,0,0,0,0,0,0,0,0.000823749450183512,0,0,0,0,0.0367180434990397,0,0,0,0,0,0,0,0,0,2.32762064881205e-06,0,0.00216017107510509,0.00668765660752088,0.0155934467605784,0,0.211082168557993,0.272821025506841,4.14259811559699e-06,0,0.0302487952757208,0.0278527198572608,0.00197837665804127,0,0
0,0,0.000155190360542124,4.95356132788408e-06,0.00372971452836257,0,0.00178302286826055,0,0,0,0.0215120906326014,0,0,0,0,0,0,0,0,0,0.0260672429484604,0,0,0,0,0,0,0,0,0,0,0.0250310060083861,0.0141623851127576,0.000925425289632298,0.0342473590424851,0.0546951427397613,0,0,0.0024107150385887,1.38228931105801e-05,0.000210386503546179,6.17521309311614e-05,1.34536134671716e-05,0,0,0,1.94210408592369e-05,0.00254158144932683,9.34415028668288e-05,0.000291339693525054,5.26103729145819e-05,0,0.000913867561980814,0,0,0,0.00620919446522524,0,0,0,0,0,0,0.00169712256801681,0,0,0,0,0,0,0,0,0,0,0.00123618732041445,0.00950498315567565,0.000162994516940192,0.00558416002821693,0.0102336324377861,0.181268737677246,0,1.19260421438238e-05,0.0429711412520071,0.0652302525159265,0.00109259076760423,0,0
1.17756608890645e-05,1.50512244395124e-05,0,0,0,0,0,0,0,1.04050832765674e-05,0,0.190263971867553,0,0,0,0,1.09027705303414e-05,1.58050756459495e-05,0.000651381388333929,0.00278376068216477,0,0.0303170076065778,6.19168044880356e-05,0.0315781242808256,0,0,0,0.00419041110675145,0,0.0134584293821352,0,0,0,0.000162812376981555,0.00437093254441947,0.00516591691842945,0,0,0.0438636091013184,0,0,0.0108777018203451,3.22670144151046e-05,0,0,0,0,0.0156104763961667,0.00105602434875136,0.00519356587533162,0,0,0,0,0,0,0,0.0392844601172028,0,0,0,0,0,0,0.0272439041287343,0,0.0149932864668019,0,0,0,0.0006970584321788,0,0.00298681930547732,0,0,0,0.000188797777234611,0.00293292940101905,0.00203726336644659,0,0.219142713306695,0.0180728409710793,0.0248715909407164,0.00124382421546785,0.00169834544294298,0.000293540284154042,0
2.21184672610543e-05,0,0,0,0,0,0,0,0.000178338267762107,0,0.0722362960586491,0,0,0,1.06566671453841e-05,0,0,0,0,0,0.00573450175815901,0.00208078097507699,0.0145245734825665,5.18635698056611e-06,0.00230368235228247,0,0,0,6.25234461040236e-05,0,0,0,0,0.0103195566142549,0.00536963459063124,0,0.0024107150385887,0.0438636091013184,0,0,0,0,0.00056346522890294,0,0,0,0,0.0307377694059411,0.0049041933674601,4.3312721836169e-05,0,0,0,0,0.000350004920561965,0,0.00565467741275022,0,0,0,8.22666556251745e-05,0,0,0.0177639627875531,7.58513737041025e-05,0.00570884666834245,3.89473814147966e-05,0.000603839589302565,0,0,0,0,0,0,6.26396137888335e-06,0,0.000100536701087228,0.00984567836922699,0,0.00638143156336162,0.0223362570339111,0.15939972221399,0.0172928104801594,0.00805397096481478,0.00184585771372315,0,0
2.09865432025231e-05,0.000649909308780125,0,0.00253941961526584,0,8.92805008145584e-05,0,0,0.00023228375335645,0,0,0,0,0,0,0,0.00424257495232515,0.0113189140180792,0.0711712945343758,0,0,0,0,2.18246521938425e-05,0,0,0,0,0,0,0,5.39044633920709e-05,0,0.00341634383735467,0,0.000399001078293389,1.38228931105801e-05,0,0,0,6.71498738404139e-05,0.0337770737177335,0.000800207822323159,0.016748310888908,0.000212123584419431,0.0711031582579503,0.0018032824861156,0.00698338249578745,9.77412525712536e-06,0.0687267242644052,0,0,0,0,0,0.000111271479021482,0,3.53712273774038e-05,0,0,0,0,0.00125048603530956,1.82880886254845e-05,0,0,0,0,0,0,0,0,0.000583421093981499,7.99933939418852e-05,0.000324045263143716,0,0.00128563631699306,0,0.00574708486787389,8.38680233445468e-05,0.00211231497306473,0.00021413371746111,0.00283473123014171,0,0.115721088322058,0.005880304767118,0
0.0138306814871309,0,0.000904743772458448,5.29147058792857e-05,0,0,0,0,0,0,0,0,0,0,0,0,0.0017302924228792,0.000353413561099295,0.0123764301753375,0,0,0,0,0,0,0,0,0,0,0,0,0,0,0,0,0,0.000210386503546179,0,0,6.71498738404139e-05,0,1.17951438721908e-05,0.00692392279819669,0,0.0120356151889058,5.11577229774906e-05,0.0890744279171835,0.00141879088741862,0.0586836372909231,0,0,0,0,0,0,0,0.000114502517592938,0,0,0,0,0,0,0.00617067702026847,0,0,0,0,0,0,0,0,0,0.000245565370911103,0,0,0,0,1.97091890145725e-05,0.0117209615005291,0,0.000744401353434731,0.00061942582878377,0,0.0416269273057609,0,0.00184253209742396
1.39932446654267e-05,0.0296577121013177,0,0.0124859399867726,0,0.000407355636729457,0,0,0,0.00580576652136533,0,0,0,0,0,2.21385072987467e-05,0.0014019944204078,0.00586167934369102,0.0412297831338654,0,0,0,0,0.0030154341786979,0,0,0,0,0,0,0,0,0,0.0029797849249474,0,0.000291031097372174,6.17521309311614e-05,0.0108777018203451,0,0.0337770737177335,1.17951438721908e-05,0,0.0086784706670751,0.000509461723799434,1.6463845888826e-05,0.0126002722145626,0.000229047929165327,0.0189816180640435,0.000560143330987851,0.00848341706588932,0,0,0,0,0,0.00237217064902782,3.07560586076828e-05,0.00246970432545953,0,0,0,6.97089602298106e-05,0.00109663269319378,1.09200798712664e-05,0,0,0.00011336946971143,0,0,0,0,0,0.0175092124424181,0.000104945993332089,0,0,0.00141994673098534,0,0.000943755806097863,0.000232769610831863,0.000312381957204974,8.19667267912826e-05,0.00479167897466185,3.80932361188485e-05,0.137847602077561,0.0382765370448047,0.000355854012087971
0.0277672351647297,9.22653585923815e-06,0.00328188129508264,1.63959629862864e-05,0.0005656172667802,0,0,0,0.00591207026878401,0,0,0,0,0,0.000629374670748001,0,0.00471721169878817,0.000862745018966591,0.0186136476434067,0,0,0,0,4.05611653057514e-05,0,0,0,0,0,0,0,0,0,0.000541998238574442,0,0,1.34536134671716e-05,3.22670144151046e-05,0.00056346522890294,0.000800207822323159,0.00692392279819669,0.0086784706670751,0,0,0.00160173872199288,0.000428780867735079,0.0316625978644612,0.00725042452833626,0.0236711921471368,0.000734308238583997,7.96931297980565e-05,0,0,0,0.003727416024041,0,0.0314935234767349,0,0,0,0.00268054294477379,0,7.27983369237112e-06,0.0170201416630844,0,0,5.68254424779431e-05,0.000204136455293957,0,0,0,0,0,0.00758260233151868,0,0,0,0.000293417740431737,3.47798424216663e-05,0.00257998647180538,0.000123062091319419,0.00329938038821568,0.00302901016595629,0,0.128430670380348,0.000307177075582014,0.039388092236925
0,0,0,0,0,0,0,0,0,0,0,0,0,0,0,0,0,0,0.0051418099589657,0,0,0,0,0,0,0,0,0,0,0,0,0,0,0,0,0,0,0,0,0.016748310888908,0,0.000509461723799434,0,0,0,6.47222865912634e-05,0,0,0,0,0,0,0,0,0,0,0,0.00205626684103113,0,0,0,0,0.000324006189043377,0,0,0,0,0,0,0,0,0,0.00515514298362717,0,0,0,0,0,0.00231013401908742,0,3.16726254874456e-06,0,0,0,0.0341577329508403,0,0
0,0,0,0,0,0,0,0,0,0,0,0,0,0,0,0,0.00257509432709813,0.000295238859550059,0.00467876871102078,0,0,0,0,0,0,0,0,0,0,0,0,0,0,0,0,0,0,0,0,0.000212123584419431,0.0120356151889058,1.6463845888826e-05,0.00160173872199288,0,0,1.62253127146933e-05,0.00498267437486676,0,0,0,0,0,0,0,0,0,0,0,0,0,0,0,0,0.000129633097216322,0,0,0,0,0,0,0,0,0,4.96420220268091e-05,0,0,0,0,0,0.00239593155469102,0,5.34186990278135e-05,5.46891560636316e-05,0,0.00514629664440485,0,0
0,0.000175970194212559,0,0.00910719308702746,0,0.000771847154703815,0,0,0.000126882089044187,0,0,0,0,0,0,0,0.000555485525720788,0.00066195696908103,0.0151427088101853,0.00163552930182396,0,0,0,0,0,0,0,0,0,0,0,2.69755188413603e-05,0,0.000365656994183044,0,0.000774553803258572,0,0,0,0.0711031582579503,5.11577229774906e-05,0.0126002722145626,0.000428780867735079,6.47222865912634e-05,1.62253127146933e-05,0,0.00291749625449606,0.00331394893608619,0,0.00883577608361376,0,0,0,0,0,0.00033637748143556,4.81311523477387e-05,6.72273118444096e-05,0,0,0,0,0.00812617184535043,5.06391546100087e-05,0,0,0,0,0,0,0,0,0.000125538067932056,0.000280888579969843,2.53596661772262e-05,0,0.00023064595799526,0,0.0097887766268016,1.0240255882141e-05,9.65123539034368e-05,3.46599389174885e-05,0.00108945486041157,0,0.0705686004386243,0.000194101568654754,0
0.0529941148753566,0,0.00551860022507165,0.000453216774803879,2.50750830930141e-05,7.85647240952308e-05,0,0,0.000167087490203187,0,0,0,0,0,0,0,0.00372709896504577,0.00063456597256445,0.0357368184215044,0,0,0,0,0,0,0,0,0,0,0,0,0,0,0,0,0,1.94210408592369e-05,0,0,0.0018032824861156,0.0890744279171835,0.000229047929165327,0.0316625978644612,0,0.00498267437486676,0.00291749625449606,0,0.000330012096469107,0.0181451239145297,0.000170487258672296,2.19977017918848e-05,0,0,0,0,0,0.00107894157980404,0,0,0,0,0,0,0.012556847591433,0,0,0,0,0,0,0,0,0,0.00147173906961238,0,0,0,0,0.000368808455322908,0.00493322479330272,2.25295473786662e-06,0.00200315363552107,0.00170648857728129,1.14528112259316e-06,0.0562598323256196,0,0.000263574655521806
0.00573886951794033,0.00109279587576169,0,0.000813585629404487,0,0,0,0,1.1934105237673e-05,0,0,0,0,0,0,0,4.12900692659042e-06,4.15898749247363e-06,0.000538697953425117,0,0,0.000111066776796004,0,0.00241795124171829,0,0,0,0,0,0,0,0.0973783490341255,0.0153707172242738,0.224858168517605,0.143583705525659,0.00379011493334403,0.00254158144932683,0.0156104763961667,0.0307377694059411,0.00698338249578745,0.00141879088741862,0.0189816180640435,0.00725042452833626,0,0,0.00331394893608619,0.000330012096469107,0,0.144420575220867,0.0559504919815623,0,0,0,0,0.000113470758193532,0,0.000185776518705213,0,0,0,0,0,1.18439241221201e-05,0.000175022846414042,0,0,0.00603424225765402,0.000268807958654851,0,0,0,0,0,0,0.186048868910717,0.00780197703807432,0.142058904141777,0.173510217391802,0.0170214679778459,0.0091908064575147,0.0168498338900149,0.0126857654282257,0.00322669378454045,0,0.055173709593426,0.000271739149450295,0
0.0137691614469303,2.63047203714759e-05,0.0289744728701024,0,0,0,0,0,0,0,0,0,0,0,0,0,0,0,4.58656308603395e-05,0,0,8.82696095570013e-06,0.00105842201279102,0.000354190541927025,0.00216531953083714,0,0,0,0,0,0,0.000408801913519686,0,0.0167355962370465,2.70168758940807e-05,1.57513845458275e-05,9.34415028668288e-05,0.00105602434875136,0.0049041933674601,9.77412525712536e-06,0.0586836372909231,0.000560143330987851,0.0236711921471368,0,0,0,0.0181451239145297,0.144420575220867,0,0.00663817542972239,0,0,0,0,0.00770188567575746,0,0.00479396784309053,0,0.00143453108282265,0,0.000195427465147319,0,0,0.000173867956364072,0,0.00682253315702106,0.000855779703021841,0.0336870124475006,0,8.81523301359266e-05,0,0,0,0.000581528882851324,0.00196797119258169,0,0.00871996430531052,0.0040635256099126,0,0.00714666787972545,0.0050033656186821,0.0174327755724172,0.00283237962694155,1.64056320417014e-06,0.0508883488508409,0,0.000972764094562643
0.000128039305032198,0.0221161285427791,0,0.00446513580659833,0,0.000151082791820903,0,0,0,0,0,0,0,0,0,9.48949789556291e-05,1.20502252321316e-05,3.54690407890906e-06,8.22775078722496e-05,0,0,0.000497646117877709,0,0.0042838410584616,0,0,0,0,0,0,0,0.00194050823972819,0,0.0105472670652457,0.00026314348892921,0.00179787887443479,0.000291339693525054,0.00519356587533162,4.3312721836169e-05,0.0687267242644052,0,0.00848341706588932,0.000734308238583997,0,0,0.00883577608361376,0.000170487258672296,0.0559504919815623,0.00663817542972239,0,0,0,0,0,0,0.00241516140231455,0,0,0,3.980482489211e-05,0,8.61536636999902e-05,6.84705480328002e-05,0,0,0,5.02955200740113e-05,0,0,0,0,0,0.000444522714767927,0,0.00417756496548485,0,0.00451089543591731,0.000476296859648097,0.00146360947069064,0.000131209942694531,0.00882247149333393,7.15552099733984e-06,0.00121489030937636,0,0.0248787154112448,0.000203433178430565,0
0,0,0.0204427524977221,0,0.122375565470772,0,0,0,0,0,0,0,0,0,0,0,0,0,0,0,0.0284359832488391,0,0,0,0,0,0,0,0,0,0,0,0,0,0,0,5.26103729145819e-05,0,0,0,0,0,7.96931297980565e-05,0,0,0,2.19977017918848e-05,0,0,0,0,0,0,0,0,0,0.000284241526772903,0,0,0,0,0,0,0.0049050966501871,0,0,0,0,0,0,0,0,0,0.00044569594599372,0,0,0,0,0,0.000737295412866739,0,0,0.000845431533203772,0,0.00349928478893214,0,0
0,0,0,0,0,0,0,0,0,0,0,0,0,0,0,0,0,0,0,0,0,0,0,0,0,0,0,0,0,0,0,0,0,0,0,0,0,0,0,0,0,0,0,0,0,0,0,0,0,0,0,0,0,0,0,0,0,0,0,0,0,0,0,0,0,0,0,0,0,0,0,0,0,0,0,0,0,0,0,0,0,0,0,0,1.51588635284856e-05,0,0
0,0,0,0,0.00371090169467849,0,0.0355931095530941,0,0,0,0,0,0,0,0,0,0,0,0,0,0.00461088347605194,0,0,0,0,0,0,0,0,0,0,0,0,0,0,0,0.000913867561980814,0,0,0,0,0,0,0,0,0,0,0,0,0,0,0,0,0,0,0,0,0,0,0,0,0,0,0.00189166127341303,0,0,0,0,0,0,0,0,0,0,0,0,0,0,0,0.000342997241413553,0,0,0.00197403317206616,0,0,0,0
0,0,0,0,0,0,0,0.179230744527216,0,0,0,0,0,0,0,0,0,0,0,0,0,0,0,0,0,0,0,0,0,0,0,0,0,0,0,0,0,0,0,0,0,0,0,0,0,0,0,0,0,0,0,0,0,0,0,0,0,0,0,0.00163516502959739,0,0,0,0,0,0,0,0,0,0,0,0,0,0,0,0,0,0,0,0,0,0,0.00297062892041968,0.000221106160261937,0,0,0
0.133924691693062,0,0.159215727698579,0,0.013487624340554,0,0,0,0.0482045267089017,0,0,0,0,0,0.0991914139404547,0,6.64292730897294e-06,5.2510477789365e-06,0,0,0,0,0,0,0,0,0.00162601631018333,0,0,0,0,0,0,0,0,0,0,0,0.000350004920561965,0,0,0,0.003727416024041,0,0,0,0,0.000113470758193532,0.00770188567575746,0,0,0,0,0,0,0,0,0,0,0,0.0356356749813772,0,0,0,0,0,0,0.0167269459262352,0,0.000236294901696965,0,0,0,0,0,0,0,0,0,0,0,9.43150932313411e-05,0.00044440543090937,0.000132901321113446,0.0124407976425283,0,0.000286466287502309
0,0.126910317615082,0,0.197258964170385,0,0,0,0,0,0.170536984434548,0,0,0,0,0,0.34578441022415,0,0.000636266330367957,0.00199323415511671,0,0,0,0,0.0119950411105913,0,0.0315340920827342,0,0,0,0,0,0,0,3.35152276497485e-05,0,0,0,0,0,0.000111271479021482,0,0.00237217064902782,0,0,0,0.00033637748143556,0,0,0,0.00241516140231455,0,0,0,0,0,0,0,8.6760083838914e-05,0,0,0,0.00961913400751951,1.59938781659911e-05,0,0,0,0.00714004169069934,0,0,0,0,0,0.000675260690405463,0,0,0,0,0,6.63968711193047e-05,0,0,0,0.00112263470948515,0.000126194418190144,0.00712261154383153,0.000225439167341713,0
0,0,0.00110782812408342,0,0.00194836550439581,0,0.00688930017489394,0,0,0,0.0458986500700703,0,0.00109079903022164,0,0,0,7.24095861418227e-05,5.89274054886251e-05,0.000791866160669702,0,0.0553866865044577,0,0,0,0,0,0,0,0,0,0.000693926092969482,0,0,0,0,0,0.00620919446522524,0,0.00565467741275022,0,0.000114502517592938,3.07560586076828e-05,0.0314935234767349,0,0,4.81311523477387e-05,0.00107894157980404,0.000185776518705213,0.00479396784309053,0,0.000284241526772903,0,0,0,0,0,0,0,0.000599505509117634,0,0.000272412571311813,0,0,0.0333039496352551,0,0,0,0,0,0,0,0,0,0.00575716903504741,0,0,0,0,0,0.00306259833515264,0,0.00108586234988967,0.00341036172177522,0.00181736451033562,0.017854700582466,0,0.00734911284654247
0,0.000158862185401739,0,0.00104618823854401,0,0.000199443510771281,0,0.00196496316219343,0,0,0,0.102995166320841,0,0.10394310197752,0,0,8.16132143991973e-06,5.22575465192014e-06,0.000238285833216765,0,0,0,0,0,0,0,0,0.0261418275570889,0,0.00330405683629516,0,0,0,0,0,0.000823749450183512,0,0.0392844601172028,0,3.53712273774038e-05,0,0.00246970432545953,0,0.00205626684103113,0,6.72273118444096e-05,0,0,0,0,0,0,0,0,0,8.6760083838914e-05,0,0,0,0.0379925772201663,0,0,0.000395076736794221,0,0,0,0,0,0,0,0.00108149338698031,0,0.0117543065419143,0,0,0,0,0,3.81592921789727e-05,0,0.00158217768417595,0,0.00702017337285051,0.000212935584234899,0.00488643698315316,0.00352666029742051,0
0,0,0.000929589793966464,0,0,0,0,0,0,0,0,0,0.0139563413804221,0,0.0251123655462276,0,0,0,0,0,0,0,0,0,0,0,0.0141005717907621,0,0.0459714278401868,0,0,0,0,0,0,0,0,0,0,0,0,0,0,0,0,0,0,0,0.00143453108282265,0,0,0,0,0,0,0,0.000599505509117634,0,0,0,0.00291725936388968,0,0,0,0,0,0,0,0,0,0,0,0,0,0,0,0,0,0,0,0,0,9.82390976689687e-05,0.00539862041619317,0.000193306753092054,0,0
0,0.0029906395733789,0,0,0,0,0,0.0132179322200001,0,0,0,0.123027298524706,0,0.19631115842554,0,0,0,0.000330476160649212,0,0,0,0,0,0,0,0,0,0.00415879095990144,0,0,0,0,0,0,0,0,0,0,0,0,0,0,0,0,0,0,0,0,0,3.980482489211e-05,0,0,0,0.00163516502959739,0,0,0,0.0379925772201663,0,0,0,0,0,0,0,0,0,0,0,0,0.000120696122598721,0,0,0,0,0,0,0,0,0,0,0,0.00173475140747511,0.00887449237100825,0,0,0
0.0572277692163434,0,0.0148506123734294,0,0,0,0,0,0.0320041020334521,0,0,0,0.00109523098639652,0,0.0651255509683738,0,8.33975470503866e-05,0,0,0,0,0,0,0,0,0,0,0,0,0,0,0,0,0,0,0,0,0,8.22666556251745e-05,0,0,0,0.00268054294477379,0,0,0,0,0,0.000195427465147319,0,0,0,0,0,0.0356356749813772,0,0.000272412571311813,0,0.00291725936388968,0,0,0,0,0,0,0,0,0.00112601978697568,0,0,0,0,0,5.25862462157213e-05,0,0,0,0,0,0,0,1.01768728140695e-05,0.00219550489422914,0.00193322339255065,0.00350729289001356,0,0.00130298449198592
0,0.00972030076167497,0,0,0,0,0,0,0,0.0129943208413232,0,0,0,0.000201288246898912,0,0.011315152723164,0,5.13266420940025e-05,0,0,0,0,0,0,0,0,0,0,0,0,0,0,0,0,0,0,0,0,0,0,0,6.97089602298106e-05,0,0,0,0,0,0,0,8.61536636999902e-05,0,0,0,0,0,0.00961913400751951,0,0,0,0,0,0,0,0,0,0,0.000875755950186435,0,0,0,0,0,0,0,0,0,0,0,0,0,0,0,2.05659458291514e-05,0.000725214154542313,5.94431532211532e-05,0,0
0,0,0,0.00391787131079017,0,0.021201400476492,0,0.000404327653957468,0,1.31321859556932e-05,0,0.0149537975036519,0,0,0,0,0,1.2738205774587e-05,2.92099954940256e-05,0.202791474754854,0,0,0,0,0,0,0,0,0,0,0,0,0,0,0,0.0367180434990397,0,0,0,0.00125048603530956,0,0.00109663269319378,7.27983369237112e-06,0.000324006189043377,0,0.00812617184535043,0,1.18439241221201e-05,0,6.84705480328002e-05,0,0,0,0,0,1.59938781659911e-05,0,0.000395076736794221,0,0,0,0,0,0,0,0,0,0,0,0,0,0,0.000973790866315564,0,0,0,0,0,0.00707917367214536,0,0.00129428223514898,0,0.00109271332631072,0,0.0160921690489835,7.31914019636414e-05,0
0.00120448288202059,0,0.000311576315867637,0,0.0103824486321649,0,0.00161337895127243,0,0,0,0.348841639861051,0,0,0,0,0,7.03214552630747e-05,1.6392208538668e-05,0.00158925151863066,0,0.026522624623451,0,0,0,0,0,0,0,0,0,0,0,0,0,0,0,0.00169712256801681,0,0.0177639627875531,1.82880886254845e-05,0.00617067702026847,1.09200798712664e-05,0.0170201416630844,0,0.000129633097216322,5.06391546100087e-05,0.012556847591433,0.000175022846414042,0.000173867956364072,0,0.0049050966501871,0,0.00189166127341303,0,0,0,0.0333039496352551,0,0,0,0,0,0,0,0,0,0,0,0,0,0,0,0,2.99401326429043e-05,0,0,0,0,0,0.00340595981834854,0,0.00478636697407287,0.000506786910106779,0,0.00663408079574507,0,0
0,0,0,0,0,0,0,0,0,0,0,0,0,0,0,0,0,2.48158647020864e-05,0,0,0,0.308022804008531,0.00470997726783481,0.000176224010261734,0,0.0237769859708662,0,0.00444891698177147,0,0,0,0,0,0,0,0,0,0.0272439041287343,7.58513737041025e-05,0,0,0,0,0,0,0,0,0,0,0,0,0,0,0,0,0,0,0,0,0,0,0,0,0,0,0.00123932439423314,9.777896772405e-05,0,2.70066015249993e-05,0,0.0204890195210131,0,0,0,0,0,0,0,0,0,0.00273935600980801,0.000583183153935053,0.0206730605086081,0.00170863091884189,0,0,0
0,0,0,0,0,0,0,0,0,0,0,0,0,0,0,0,0,0,0,0,0,0.069875981240578,0.279810846573887,0,0.00180793403565902,0,0.00216317847585338,0,0.000823030494447097,0,0,0,0,0,0,0,0,0,0.00570884666834245,0,0,0,0,0,0,0,0,0,0.00682253315702106,0,0,0,0,0,0,0,0,0,0,0,0,0,0,0,0.00123932439423314,0,0,0,0,0,0,0.000317811303022379,0,0,0,0,0,0,0,0,0,0.00150173007219731,0.0155736520733547,0.00149514855618914,0.000428730345584367,0,0
0,0.000551113936518471,0,0,0,0,0,0,0,0.0019886057538949,0,0,0,0,0,8.77611703400324e-05,0,0.000291181672444616,0.000472825658297092,0,0,0.00342956953313358,0,0.169082495721889,0,0.0545624405371098,0,0,0,0,0,0,0,0.000323952244362945,0,0,0,0.0149932864668019,3.89473814147966e-05,0,0,0.00011336946971143,5.68254424779431e-05,0,0,0,0,0.00603424225765402,0.000855779703021841,5.02955200740113e-05,0,0,0,0,0,0.00714004169069934,0,0,0,0,0,0.000875755950186435,0,0,9.777896772405e-05,0,0,0,0,0,0,0,0,0,0,0,0.000489208331248774,0,0,0,0.00188688744201783,0,0.00347724926633636,0.000458733038518499,0.00632922645214751,0.000289074962651452,0
0,0,0,0,0,0,0,0,0.00119755162629048,0,0,0,0,0,6.48582769250828e-05,0,0,0,0,0,0,0,0.00104231668860144,0,0.0512617274596409,0,0.0116784790965552,0,0,0,0,0,0,0,0,0,0,0,0.000603839589302565,0,0,0,0.000204136455293957,0,0,0,0,0.000268807958654851,0.0336870124475006,0,0,0,0,0,0.0167269459262352,0,0,0,0,0,0.00112601978697568,0,0,0,0,0,0,0,0,0.0267555602444777,0,0,0,0,0,0,0,0,0,0,0,0.000638466492410077,0.000224159713444,0,0.00618884719823183,0,0
0,0,0,0,0,0,0,0,0,0,0,0,0,0,0,0,0,0.00852876162193751,0,0,0,0.000702308498087134,0,0,0,0.01805758715896,0,0.000638233795903855,0,0,0,0,0,0,0,0,0,0,0,0,0,0,0,0,0,0,0,0,0,0,0,0,0,0,0,0,0,0,0,0,0,0,0,0,2.70066015249993e-05,0,0,0,0,0,0,0,0,0,0,0,0,0,0,0,0,0,0.000550983148681716,0.000516010953286219,0,0,0
0,0,0,0,0,0,0,0,0.000598742655711249,0,0,0,0,0,0,0,7.75991243680838e-05,0,0,0,0,0,0.00238401158178891,0,0.103835036216569,0,0.0376671728422298,0,0.0043373695468425,0,0,0,0,0,0,0,0,0,0,0,0,0,0,0,0,0,0,0,8.81523301359266e-05,0,0,0,0,0,0.000236294901696965,0,0,0,0,0,0,0,0,0,0,0,0,0.0267555602444777,0,0,0,0,0,0,0,0,0,0,0,0,0,0,0.00012352292219841,0,0.00029472923381544,0,0
0,0,0,0,0,0,0,0,0,0,0,0.00148551373926382,0,0.00331424928406125,0,0,0,0,0,0,0,0.090724885612824,0,0,0,0,0,0.440651820591722,0,0.0151676407414245,0,0,0,0,0,0,0,0.0006970584321788,0,0,0,0,0,0,0,0,0,0,0,0,0,0,0,0,0,0,0,0.00108149338698031,0,0.000120696122598721,0,0,0,0,0.0204890195210131,0,0,0,0,0,0,0,0.00184187680419692,0,0,0,0,0,0,0,0.000238901266039541,0,0.00513013229089687,0.0156743792098325,0,0,0
0,0,0,0,0,0,0,0,0,0,0,0,0,0,0,0,0,0,0,0,0,0,0,0,0,0,0.000135242635077272,0,0.287613304907115,0,0,0,0,0,0,0,0,0,0,0,0,0,0,0,0,0,0,0,0,0,0,0,0,0,0,0,0,0,0,0,0,0,0,0,0,0.000317811303022379,0,0,0,0,0,0,0,0,0,0,0,0,0,0,0,0,0.00639960322910073,0.00831173412641377,0,0,0
