0,0,9.00052274598016,0,0,0,0,0,13.1138132455167,0,0,0,12.9827667236328,0,9.25739239321815,0,0,0,13.4494656324387,0,0,0,0,0,13.6039754231771,0,0,0,0,0,0,0,0,0,0,0,56.862473487854,37.3454360961914,23.0226018763034,0,34.1884799003601,45.5271077837263,32.1551338655675,0,0,0,20.5480643091975,35.3667930975193,13.9290297803261,0,0,0,0,0,8.17295016028664,0,12.9322700216657,0,12.1037478758364,0,8.64525084407783,0,0,34.7028061676025,0,0,0,12.361211458842,0,0,0,28.3501982145672,0,29.1445352435112,0,0,0,0,0,36.8419234262129,0,37.2120246546609,18.7509312110522,28.892847442627,17.55147683446,0,24.1058826446533
0,0,0,4.27046674324407,0,88.1373443603516,0,0,0,4.66420734931375,0,0,0,0,0,0,0,0,7.44305098566235,0,0,0,0,13.987447142601,0,0,0,0,0,0,0,0,0,0,0,55.5864003499349,0,18.9878347714742,0,38.7881230144966,0,22.8636138627872,71.1702194213867,58.5824127197266,0,18.4181160926819,0,27.0887115185077,0,6.18527845656966,0,0,0,0,0,8.34490613966453,0,6.50683571497599,0,5.19645296610319,0,4.7735393566963,31.6425895690918,0,0,0,11.6873791577065,0,13.5427308082581,0,22.9241142272949,0,70.5301322937012,0,0,0,0,0,37.6152103424072,0,20.8459401057317,0,5.73950806003385,0,18.2211433777605,29.340113067627,0
9.00052274598016,0,0,0,13.5995154380798,0,0,0,18.5218739668528,0,0,0,0,0,0,0,64.3600406646729,60.4113540649414,48.4958374717019,0,44.0534553527832,0,0,0,29.4785561561584,0,0,0,0,0,0,0,0,0,0,0,66.2684097290039,0,43.647026485867,0,0,53.5209655761719,36.0866960750686,0,0,0,22.5892258326213,50.8663444519043,15.623834535215,0,10.5424171259374,0,0,0,14.2017060418369,0,17.4826951868394,0,10.3986439636775,0,7.07258940372827,0,0,36.6494732856751,0,0,0,22.9567623138428,0,0,0,31.4998600641886,0,29.568172795432,0,0,0,0,0,51.9020227704729,0,38.4810178120931,17.3692250741671,18.8815734863281,28.5255445837975,0,28.1927947998047
0,4.27046674324407,0,0,0,7.03858719124302,0,0,0,4.89568854556641,0,0,0,0,0,0,63.17658106486,56.6003246307373,40.3328126525879,12.0281291007996,0,0,0,22.7824115753174,0,0,0,0,0,0,0,0,0,0,0,11.2885131835938,0,84.7794952392578,0,42.6165319170271,0,36.7343791989788,38.704532623291,0,0,17.7013515574592,0,0,0,4.44570546892197,0,4.36826163437009,0,0,0,7.61677370438209,0,7.39514105021954,0,8.76676118373871,0,0,26.3927788734436,0,0,0,23.1286129951477,0,0,0,30.0733189053006,0,36.4501688296978,0,0,0,0,0,50.1759378259832,81.706859588623,53.4517524025657,0,15.1191698644579,10.9643525396075,16.7443151721045,37.8873189290365,0
0,0,13.5995154380798,0,0,0,0,0,0,0,0,0,0,0,2.8193461894989,0,0,0,0,0,3.8126038312912,0,0,0,0,0,0,0,0,0,0,0,0,0,0,0,0,0,0,0,0,0,44.4163122177124,0,0,0,0,0,33.3083152770996,0,2.98172588265219,0,0,0,0,0,8.64493179321289,0,0,0,0,0,0,13.8074268102646,0,0,0,0,0,0,0,0,0,0,0,0,0,0,0,0,0,0,22.2460349400838,0,19.3489942048725,0,0
0,88.1373443603516,0,7.03858719124302,0,0,0,2.7440699338913,0,0,0,3.15673291683197,0,0,0,2.81091610590617,0,0,0,4.53192181947852,0,0,0,0,0,0,0,0,0,0,0,0,0,0,0,7.39578793024776,0,0,0,42.7647933959961,0,41.5446516234299,0,0,0,11.6043212254842,0,0,0,0,0,3.63479041815596,0,4.06456208229065,0,3.84890633821487,0,30.8148825963338,0,3.57193238735199,0,0,9.18915379852862,0,0,0,0,0,44.1974601745605,0,40.9735321044922,0,41.7021749396073,0,0,0,0,0,12.6188810869705,0,56.6634979248047,0,7.66117360089955,6.53356382250786,12.7787720688752,0,0
0,0,0,0,0,0,0,0,0,0,0,0,0,0,0,0,0,0,0,0,0,0,0,0,0,0,0,0,0,0,0,0,0,0,0,0,0,0,0,0,0,0,0,0,0,0,0,0,0,0,0,0,3.16364383220673,0,0,0,3.35978538057078,0,0,0,0,0,0,0,0,0,0,0,0,0,0,0,0,0,0,0,0,0,0,0,0,0,0,0,0,0,0
0,0,0,0,0,2.7440699338913,0,0,0,0,0,0,0,0,0,0,0,0,0,0,0,0,0,0,0,0,0,0,0,0,0,0,0,0,0,2.81050451596578,0,0,0,0,0,0,0,0,0,0,0,0,0,0,0,3.75595151936566,0,3.1265475432078,0,0,0,0,0,0,0,0,0,0,0,0,0,0,0,0,0,0,0,0,0,0,0,0,0,0,0,0,0,0,0,0,0
13.1138132455167,0,18.5218739668528,0,0,0,0,0,0,0,0,0,0,0,4.41576912403107,0,17.8415190643734,0,45.0770522526332,0,0,0,0,0,4.5391902531575,0,5.06309155464172,0,0,0,0,0,0,0,0,0,0,0,13.1031228974462,0,38.1048202514648,31.9674510955811,19.1990418348739,0,0,0,39.6265599727631,28.69140625,19.3420768588088,0,13.5514307419459,0,0,0,5.37553928039267,0,21.5300188064575,0,22.9884769733136,0,8.19899675750732,0,0,29.0042190551758,0,0,0,6.23614324764772,0,0,0,21.6427800567062,0,19.9765495118641,0,0,0,0,0,55.6770629882812,0,12.0026541948318,8.44997010668386,6.77986523792492,14.2678397819508,0,5.08017942162811
0,4.66420734931375,0,4.89568854556641,0,0,0,0,0,0,0,0,0,0,0,3.58229967753092,0,9.0779972076416,16.1088645458221,0,0,0,0,8.25639655486397,0,0,0,0,0,0,0,0,0,0,0,0,0,8.44816602979388,0,57.9280014038086,0,13.1397121641143,0,0,0,79.3459091186523,0,0,85.1848754882812,18.9461529204186,0,3.04067521095276,0,0,0,4.58747046219049,0,19.8262360131563,0,21.3947228022984,0,3.84913521034773,30.2608054478963,0,0,0,4.61759500216721,0,31.1274272918701,0,25.3428238687061,0,21.5941247040371,0,0,0,0,0,0,0,7.93168559074402,0,6.24365264311532,4.17615722164963,11.5316680218947,6.61978626251221,0
0,0,0,0,0,0,0,0,0,0,0,0,3.83617797876016,0,0,0,0,0,0,0,4.18616517170056,0,0,0,0,0,0,0,5.26016524258782,0,4.31739650170008,0,0,0,0,0,3.46613102475998,0,3.81465337493203,0,0,0,0,0,0,0,0,0,0,0,0,0,0,0,0,0,6.19572967450755,0,4.32640632941453,0,0,0,0,0,0,0,0,0,0,0,0,7.32157306671143,0,7.49348077603749,0,0,0,0,0,3.69156421555413,0,0,4.18723603860656,0,0,0,0
0,0,0,0,0,3.15673291683197,0,0,0,0,0,0,0,0,0,0,0,0,0,2.85873062427227,0,0,0,0,0,0,0,2.80347987583705,0,11.3825537264347,0,0,0,0,0,4.31439730133673,0,4.37169099872948,0,0,0,0,0,0,0,8.60372543334961,0,0,0,0,0,3.58602262765933,0,0,0,0,0,4.75956203935726,0,4.63606754938761,0,0,5.18337971933426,0,0,0,0,0,0,0,3.22328516771627,0,8.85542590474206,0,0,0,0,0,12.1898698125567,0,4.75025055143568,0,3.62012487202883,0,0,0,0
12.9827667236328,0,0,0,0,0,0,0,0,0,3.83617797876016,0,0,0,3.58397201422987,0,0,0,0,0,0,0,0,0,0,0,0,0,5.57125081334795,0,4.54519325494766,0,0,0,0,0,0,0,0,0,0,0,35.753288269043,0,0,0,0,0,22.4335745402745,0,0,0,2.75270318984985,0,0,0,4.86046089874335,0,5.08167077361912,0,5.68635983187873,0,0,0,0,0,0,0,0,0,0,6.68720435732194,0,7.64161205291748,0,0,0,0,0,0,0,0,2.96669435501099,0,20.5188067299979,0,0
0,0,0,0,0,0,0,0,0,0,0,0,0,0,0,3.35240020354589,0,0,0,0,0,0,0,0,0,11.9484629631042,0,14.3091022372246,0,0,0,0,0,0,0,0,0,0,0,0,0,0,0,0,0,0,0,0,0,0,0,0,0,0,0,0,0,4.16583217274059,0,5.09476021048311,0,4.21829257124946,0,0,0,0,0,0,0,0,14.364444732666,0,0,0,0,0,0,0,0,0,0,0,0,2.80247920751572,0,0,0
9.25739239321815,0,0,0,2.8193461894989,0,0,0,4.41576912403107,0,0,0,3.58397201422987,0,0,0,7.20242587725321,0,0,0,0,0,0,0,0,0,0,0,0,0,0,0,0,0,0,0,0,0,27.4773321151733,0,0,0,36.4423300425212,0,0,0,0,0,27.6064586639404,0,0,0,0,0,4.50475710046058,0,0,0,3.92868706354728,0,3.52286920525612,0,0,0,0,0,0,0,0,5.16167747974396,0,3.59874582290649,0,0,0,0,0,0,0,0,0,0,4.66332163016001,2.75171542167664,18.6665515705031,0,0
0,0,0,0,0,2.81091610590617,0,0,0,3.58229967753092,0,0,0,3.35240020354589,0,0,0,0,0,0,0,0,0,0,0,0,0,0,0,0,0,0,0,0,0,0,0,0,0,0,0,0,0,0,0,0,0,0,0,0,0,2.81534438039742,0,0,0,3.72035782987421,0,0,0,6.07594953598203,0,4.8301114780334,0,0,0,0,0,0,0,0,0,0,0,0,0,0,0,0,0,0,0,0,0,0,0,0,0
0,0,64.3600406646729,63.17658106486,0,0,0,0,17.8415190643734,0,0,0,0,0,7.20242587725321,0,0,22.7520184926732,22.2462437708039,0,0,0,2.96526741981506,0,3.00219841003418,0,3.13758622683012,0,0,0,0,0,0,0,0,100.9795850118,88.6179225755775,100.086004638672,91.1416147405451,78.9747441129864,65.5579707448075,69.5046186901274,48.0551387839121,85.5241622924805,37.2956924438477,74.726434135437,55.7687584116489,0,63.2274771573251,63.5358352661133,0,0,0,0,0,0,74.9745101928711,0,70.8108825683594,0,0,0,76.2914619445801,70.0904018847973,0,2.74346117973328,0,0,0,0,137.323883056641,78.9017112038352,84.1075759887695,68.1446846008301,0,0,0,0,84.1738475745832,72.8272147057762,86.0852328569461,67.1795286863913,15.4058064375879,6.89646358766573,59.2126769903934,51.3164796829224,42.7690120387722
0,0,60.4113540649414,56.6003246307373,0,0,0,0,0,9.0779972076416,0,0,0,0,0,0,22.7520184926732,0,23.2735188711909,0,0,0,0,2.9945946354227,0,14.7581656773885,0,9.00939404964447,0,0,0,0,0,0,0,87.2392755456873,93.8882766723633,86.8318003901729,86.5384902954102,66.473869379829,73.947666985648,54.9754220522367,62.2081735845198,0,0,57.7211366676422,64.6216967479292,0,71.1703655719757,67.0469131469727,0,0,0,0,71.7740249633789,62.75537109375,0,81.9286346435547,0,0,0,0,57.6747817993164,75.4649303577564,0,0,5.27019739151001,0,0,0,65.4177118937175,90.1933403015137,65.6059064643328,81.4718900408064,0,0,0,0,71.2929114438175,77.7491915204884,67.9244950817477,82.7425724104339,14.5466008087741,6.36777884110207,61.1168881584616,45.9241376959759,53.9467887878418
13.4494656324387,7.44305098566235,48.4958374717019,40.3328126525879,0,0,0,0,45.0770522526332,16.1088645458221,0,0,0,0,0,0,22.2462437708039,23.2735188711909,0,39.6421890258789,55.8635063171387,0,0,0,0,0,0,0,0,0,0,0,0,0,0,64.2732069817456,65.4701819872334,64.0352023387777,67.4929423740932,46.0022558009246,43.0838325122171,20.9289962710925,17.7114193384956,20.2227859020233,9.25489531755447,34.142374621961,37.393772758173,0,30.3285955985387,36.5517767224993,0,0,0,0,75.4406433105469,68.9429702758789,48.0657055594704,34.4337641976096,63.953187306722,60.2542152404785,59.9890594482422,0,45.8776104790824,53.3534125545161,0,0,0,0,35.9594764709473,0,42.104700173272,32.1469981238956,31.6888593570551,35.9287413705753,0,0,0,0,49.3307104755936,48.8444995735676,43.6588664106291,45.0983671743416,13.8697186805272,21.8201801349988,29.6937949907029,23.6418887945562,23.1655454069641
0,0,0,12.0281291007996,0,4.53192181947852,0,0,0,0,0,2.85873062427227,0,0,0,0,0,0,39.6421890258789,0,0,0,0,0,0,0,0,0,0,0,0,0,0,0,0,3.74627631472893,0,6.40086760019001,0,57.3203163146973,0,49.4821395874023,0,0,0,8.77022369702657,0,0,0,0,0,0,0,0,0,0,0,0,0,0,0,0,5.29969791135889,0,0,0,0,0,0,0,0,0,0,0,0,0,0,0,9.31598335161976,0,0,0,6.95360913710161,0,11.6065276145935,0,0
0,0,44.0534553527832,0,3.8126038312912,0,0,0,0,0,4.18616517170056,0,0,0,0,0,0,0,55.8635063171387,0,0,0,0,0,0,0,0,0,0,0,0,0,0,0,0,0,5.96483402327487,0,7.25403167574834,0,0,0,28.4744206304136,0,32.1750106811523,0,18.3676839058216,0,0,0,3.17632842063904,0,0,0,0,0,4.25241199561528,0,0,0,0,0,0,5.2036714553833,0,0,0,0,0,0,0,47.3742942810059,0,29.2956457138062,0,0,0,0,0,8.32627093553976,0,15.4271878208777,4.03155789642067,0,22.2868072406666,0,0
0,0,0,0,0,0,0,0,0,0,0,0,0,0,0,0,0,0,0,0,0,0,2.97678468624751,6.9151457776927,0,3.04415411419339,0,4.21030645582411,0,0,0,0,0,0,0,0,0,6.6021104096377,0,0,0,29.8501987457275,0,0,0,0,0,27.3032312393188,0,4.60321975507234,0,0,0,0,0,0,0,0,0,0,0,0,0,0,4.30273399562996,0,4.78932906656849,0,6.68665097554525,0,10.5165503969213,0,0,0,0,0,0,0,0,0,9.40586450966922,0,3.78073363846512,4.6297124452628,0,0,0
0,0,0,0,0,0,0,0,0,0,0,0,0,0,0,0,2.96526741981506,0,0,0,0,2.97678468624751,0,0,6.21200161365548,0,2.98568039470249,0,3.04072034358978,0,0,0,0,0,0,0,0,0,6.03668032413476,0,0,0,0,0,0,0,0,25.2347259521484,4.078836136808,0,0,0,0,0,0,0,0,0,0,0,0,0,0,0,0,4.31525130937309,0,5.56918300285908,0,7.99314777939408,0,2.946985912323,0,0,0,0,0,0,0,0,0,9.32454076667976,4.01112009134619,3.56834730810049,0,0,0
0,13.987447142601,0,22.7824115753174,0,0,0,0,0,8.25639655486397,0,0,0,0,0,0,0,2.9945946354227,0,0,0,6.9151457776927,0,0,0,4.96827170007849,0,0,0,0,0,0,0,0,0,0,0,9.72235445821276,0,0,0,18.2364015430212,0,0,0,0,0,18.8914770661739,0,19.7985529146696,0,0,0,0,0,6.79322433962253,0,0,0,0,0,7.81099653244019,0,0,7.593204811755,0,4.31717228467252,0,5.53725536552393,0,10.1679918766022,0,0,0,0,0,0,0,0,0,9.70904352160702,0,12.8236479405314,24.913636525472,9.14097626010577,0,0
13.6039754231771,0,29.4785561561584,0,0,0,0,0,4.5391902531575,0,0,0,0,0,0,0,3.00219841003418,0,0,0,0,0,6.21200161365548,0,0,0,3.540535743288,0,0,0,0,0,0,0,0,0,0,0,5.51297013741131,0,0,26.3996448516846,49.6674817403158,0,0,0,0,16.3914408683777,19.7899496290419,0,0,0,0,0,6.12850553935129,0,25.2301651000977,0,26.2562484741211,0,22.5290937423706,0,0,0,0,7.70707211693988,0,5.00585855625147,0,4.46778556839429,0,0,0,0,0,0,0,0,0,0,0,5.83475842032322,5.0869830257081,0,8.32973698581137,0,0
0,0,0,0,0,0,0,0,0,0,0,0,0,11.9484629631042,0,0,0,14.7581656773885,0,0,0,3.04415411419339,0,4.96827170007849,0,0,0,2.95600646420529,0,0,0,0,0,0,0,0,0,16.0449204237565,0,0,0,24.0053653717041,0,0,0,0,0,23.1259056727091,0,0,0,0,0,0,0,7.39371681213379,0,18.294002532959,0,9.09123792288438,0,7.06505603121038,0,0,4.14106387112822,0,6.73132469124264,0,6.18832935612331,0,8.5384448297096,0,0,0,0,0,0,0,0,0,12.9156625988414,0,5.26515723529615,0,19.8222686222621,0,0
0,0,0,0,0,0,0,0,5.06309155464172,0,0,0,0,0,0,0,3.13758622683012,0,0,0,0,0,2.98568039470249,0,3.540535743288,0,0,0,2.85521686077118,0,0,0,0,0,0,0,0,0,0,0,0,0,0,0,0,0,0,0,0,0,0,0,0,0,5.91019746716037,0,0,0,0,0,4.5167379790339,0,0,0,0,0,0,3.77439210876342,0,4.30745658846545,0,4.8511159425584,0,0,0,0,0,0,0,0,0,0,3.81671947634693,0,0,0,0
0,0,0,0,0,0,0,0,0,0,0,2.80347987583705,0,14.3091022372246,0,0,0,9.00939404964447,0,0,0,4.21030645582411,0,0,0,2.95600646420529,0,0,0,6.34660344106991,0,0,0,0,0,0,0,4.93124493091337,0,0,0,0,0,0,0,0,0,0,0,0,0,0,0,0,0,0,0,0,0,10.2953197236495,0,0,0,0,3.56426009110042,0,0,0,2.83144841875349,0,5.79522948170226,0,5.98458268858017,0,0,0,0,0,0,0,5.92067313194275,0,3.74485429964568,3.62643452276263,0,0,0
0,0,0,0,0,0,0,0,0,0,5.26016524258782,0,5.57125081334795,0,0,0,0,0,0,0,0,0,3.04072034358978,0,0,0,2.85521686077118,0,0,0,4.37902504867978,0,0,0,0,0,0,0,8.42723900393436,0,0,0,0,0,0,0,0,0,3.14191889762878,0,0,0,0,0,0,0,0,0,3.58169913291931,0,0,0,0,0,0,2.75359201431274,0,0,0,4.31958881724965,0,4.22449391560737,0,6.36365720732459,0,0,0,0,0,0,0,15.1477999687195,3.07807771364848,2.73810756206512,0,0,0
0,0,0,0,0,0,0,0,0,0,0,11.3825537264347,0,0,0,0,0,0,0,0,0,0,0,0,0,0,0,6.34660344106991,0,0,0,0,0,0,0,0,0,3.48651070594788,0,0,0,0,0,0,0,0,0,0,0,0,0,0,0,0,0,0,0,8.3380971738884,0,0,0,0,0,0,0,0,0,0,0,0,4.39921032643951,0,6.15800600644559,0,0,0,0,0,0,0,0,0,7.95806277715243,0,0,0,0
0,0,0,0,0,0,0,0,0,0,4.31739650170008,0,4.54519325494766,0,0,0,0,0,0,0,0,0,0,0,0,0,0,0,4.37902504867978,0,0,0,0,0,0,0,0,0,4.04196667089695,0,0,0,0,0,0,0,0,0,0,0,0,0,0,0,0,0,8.14941342671712,0,0,0,0,0,0,0,0,0,0,0,0,0,0,4.74566578865051,0,3.89195191508643,0,0,0,0,0,0,0,3.96065914895799,5.55969947249025,0,0,0,0
0,0,0,0,0,0,0,0,0,0,0,0,0,0,0,0,0,0,0,0,0,0,0,0,0,0,0,0,0,0,0,0,3.34831060066633,7.50545353889465,0,7.05182037321297,0,0,0,0,0,0,0,0,0,0,0,5.54289063564434,14.7701549530029,5.12968378317984,0,0,0,0,0,0,0,0,0,0,0,0,0,0,0,0,0,0,0,0,0,0,0,0,5.67902265367663,3.31644929539074,9.44373511253519,0,12.0775257332224,16.4461936950684,0,0,5.01950530929768,0,0,0,0
0,0,0,0,0,0,0,0,0,0,0,0,0,0,0,0,0,0,0,0,0,0,0,0,0,0,0,0,0,0,0,3.34831060066633,0,2.73755288124084,7.03607726097107,2.92049111922582,3.09442477731318,0,0,0,14.2770944574605,0,0,0,0,0,0,12.4533067530469,19.3527130229133,0,0,0,0,0,0,0,0,0,0,0,0,0,0,0,0,0,0,0,0,0,0,0,0,0,9.47941303253174,6.96759713556792,0,0,0,15.5095441563806,0,0,3.04977915968214,0,0,0,0
0,0,0,0,0,0,0,0,0,0,0,0,0,0,0,0,0,0,0,0,0,0,0,0,0,0,0,0,0,0,0,7.50545353889465,2.73755288124084,0,3.55004356304804,4.04921022928678,0,3.65797758458266,9.10279838917619,0,0,0,0,0,0,0,0,4.77896842215227,0,4.63388442993164,0,0,0,0,0,0,0,0,0,0,0,0,0,0,0,0,0,0,0,0,0,0,0,0,6.4151446193668,2.8536542057991,5.72292168578027,4.13348096123736,8.95346763730049,0,8.98416030791498,9.87636604114455,3.292245921026,3.52203694256869,3.93576065699259,0,0
0,0,0,0,0,0,0,0,0,0,0,0,0,0,0,0,0,0,0,0,0,0,0,0,0,0,0,0,0,0,0,0,7.03607726097107,3.55004356304804,0,0,4.82210994251375,11.9246384302775,4.93592996445913,0,16.6603796923602,17.5012730685147,16.2805581092834,0,0,0,0,5.91648134834782,17.1199144766881,0,0,0,0,0,0,0,0,0,0,0,0,0,0,0,0,0,0,0,0,0,0,0,0,0,0,13.893391708533,3.77080351670583,5.53189613959793,0,8.12046668851698,0,7.07602950306826,9.62185518856508,0,7.14362955093384,0,0
0,55.5864003499349,0,11.2885131835938,0,7.39578793024776,0,2.81050451596578,0,0,0,4.31439730133673,0,0,0,0,100.9795850118,87.2392755456873,64.2732069817456,3.74627631472893,0,0,0,0,0,0,0,0,0,0,0,7.05182037321297,2.92049111922582,4.04921022928678,0,0,3.54141015173441,6.33806390454107,0,48.4811187325237,17.3775237202644,52.6856625668414,90.333122253418,52.8255673817226,0,39.0182642683519,92.5732421875,5.14185506699553,18.1396476268768,20.3104875615779,0,0,0,0,0,0,0,8.54259881765946,0,0,0,0,6.74206093218094,0,0,0,0,0,0,0,38.2542839050293,0,65.1144473131965,138.879447937012,12.6872340298834,0,10.229803409897,0,6.49412133772036,5.04952145918116,11.1773389107066,107.003032684326,14.0515042801271,2.74118399620056,31.6118441442369,46.1810536927815,0
56.862473487854,0,66.2684097290039,0,0,0,0,0,0,0,3.46613102475998,0,0,0,0,0,88.6179225755775,93.8882766723633,65.4701819872334,0,5.96483402327487,0,0,0,0,0,0,0,0,0,0,0,3.09442477731318,0,4.82210994251375,3.54141015173441,0,0,8.54463792479639,162.661804199219,17.3794318437576,0,56.0870288309425,0,52.1427345275879,0,43.5414432959981,11.2862935191707,17.5691052491848,0,23.4887798710873,0,0,0,35.0950245857239,0,14.3366386991436,0,74.771369934082,0,25.1519660949707,0,0,17.7545673655875,0,0,0,0,0,0,0,108.007049560547,106.33878326416,84.879337310791,0,3.76196334578774,0,6.64768664498344,67.6522436936696,6.51132601280861,0,10.142548386833,9.31951191459406,6.00104794737733,15.6309446743812,0,51.8672833162196
37.3454360961914,18.9878347714742,0,84.7794952392578,0,0,0,0,0,8.44816602979388,0,4.37169099872948,0,0,0,0,100.086004638672,86.8318003901729,64.0352023387777,6.40086760019001,0,6.6021104096377,0,9.72235445821276,0,16.0449204237565,0,4.93124493091337,0,3.48651070594788,0,0,0,3.65797758458266,11.9246384302775,6.33806390454107,0,0,10.6502946637756,58.5814442634583,115.784225463867,39.914357767043,78.1379826863607,53.8548893398709,0,25.4362135915195,88.8370361328125,6.34461378726829,0,9.44704744620294,0,0,0,0,44.1423187255859,7.10611804326375,0,7.07559133739006,0,0,0,0,11.5924112842341,98.8063354492188,9.30687037014789,0,8.51935717037746,0,14.2583706148209,0,11.2853965939477,0,53.7963985204697,0,0,0,4.01027091137775,0,11.6850698453594,102.794522603353,7.06371836668843,13.987241235883,8.37754737955346,7.96127980167856,19.7316339735372,46.1615087297228,0
23.0226018763034,0,43.647026485867,0,0,0,0,0,13.1031228974462,0,3.81465337493203,0,0,0,27.4773321151733,0,91.1416147405451,86.5384902954102,67.4929423740932,0,7.25403167574834,0,6.03668032413476,0,5.51297013741131,0,0,0,8.42723900393436,0,4.04196667089695,0,0,9.10279838917619,4.93592996445913,0,8.54463792479639,10.6502946637756,0,108.227313995361,89.6898460388184,18.4125297018822,41.2585247083642,0,54.9441986083984,0,44.586391306938,7.73062111807208,12.4104243939923,0,0,0,0,0,16.377820708153,0,17.4706687529882,0,30.4944198608398,0,23.1632811839764,0,0,15.5485901842079,0,8.38764925162277,0,6.64890968500435,0,16.8503180231367,0,11.0753154858424,0,4.50511574745178,0,0,0,6.51435381989464,0,10.6337980362548,0,7.14049869321104,8.40912128693756,6.39894907210619,13.0202541960759,0,47.4461625417074
0,38.7881230144966,0,42.6165319170271,0,42.7647933959961,0,0,0,57.9280014038086,0,0,0,0,0,0,78.9747441129864,66.473869379829,46.0022558009246,57.3203163146973,0,0,0,0,0,0,0,0,0,0,0,0,0,0,0,48.4811187325237,162.661804199219,58.5814442634583,108.227313995361,0,99.5006561279297,24.7790330660287,61.7212101745605,28.7582049988608,0,16.2551496219018,86.4458201272147,4.26636696656545,80.2771949768066,8.18601928871081,0,0,0,0,0,75.9933853149414,0,61.6189862764799,76.6493301391602,0,0,0,15.8656950538223,87.8967463175456,0,0,0,0,0,0,58.2197649478912,0,47.4520240229132,81.9325180053711,0,0,0,0,39.4131321021963,89.2769744179466,56.3670968880525,96.7369985580444,40.9861714580272,65.9283912658691,25.1978245461602,36.5591916340153,54.1046447753906
34.1884799003601,0,0,0,0,0,0,0,38.1048202514648,0,0,0,0,0,0,0,65.5579707448075,73.947666985648,43.0838325122171,0,0,0,0,0,0,0,0,0,0,0,0,0,14.2770944574605,0,16.6603796923602,17.3775237202644,17.3794318437576,115.784225463867,89.6898460388184,99.5006561279297,0,71.5477294921875,24.2424999850782,0,35.8157389163971,80.0299415588379,35.7457628624112,6.19609929053556,7.2593006475926,0,31.4003582000732,0,0,0,0,0,21.0787136077881,0,60.7555198669434,0,0,0,0,51.1803071498871,0,0,0,0,0,0,0,75.6704635620117,92.8534469604492,77.4847602844238,0,5.91990574200948,0,0,99.3852596282959,9.45587222879216,93.2852058410645,73.2886660439627,44.0462803780278,39.264274597168,24.8182740436174,0,23.19256583802
45.5271077837263,22.8636138627872,53.5209655761719,36.7343791989788,0,41.5446516234299,0,0,31.9674510955811,13.1397121641143,0,0,0,0,0,0,69.5046186901274,54.9754220522367,20.9289962710925,49.4821395874023,0,29.8501987457275,0,18.2364015430212,26.3996448516846,24.0053653717041,0,0,0,0,0,0,0,0,17.5012730685147,52.6856625668414,0,39.914357767043,18.4125297018822,24.7790330660287,71.5477294921875,0,11.3290801321579,15.4390811675634,0,29.2459651378822,67.0521554946899,8.88518528756241,20.8479906772745,19.9454731671773,0,42.4319014298288,0,0,44.0164159138997,15.280798369891,0,22.3563634202071,0,21.1859687381321,47.1883869171143,18.9799685085521,30.188930499248,87.9678058624268,30.6892021179199,0,16.9639641098354,25.9334163665771,28.9276978548835,38.1674156188965,27.7559780786204,73.0904388427734,24.9025425405252,0,0,0,0,0,31.315044211309,72.4074952867296,36.3680211739912,42.3766590998723,15.2103555108158,11.7171502113342,19.5123437747944,16.4299158656519,47.9627367655436
32.1551338655675,71.1702194213867,36.0866960750686,38.704532623291,44.4163122177124,0,0,0,19.1990418348739,0,0,0,35.753288269043,0,36.4423300425212,0,48.0551387839121,62.2081735845198,17.7114193384956,0,28.4744206304136,0,0,0,49.6674817403158,0,0,0,0,0,0,0,0,0,16.2805581092834,90.333122253418,56.0870288309425,78.1379826863607,41.2585247083642,61.7212101745605,24.2424999850782,11.3290801321579,0,0,18.2027982209858,61.081507769498,17.6938518981139,8.62558743819939,14.0900270014838,18.6379578908284,45.0642960711223,0,0,0,41.110997786996,0,34.5890533821923,0,39.1194677256575,0,39.4448060066469,0,82.1714553833008,25.471320423874,0,0,0,20.5366373062134,0,27.3522346496582,59.8644142150879,33.0080052156152,91.7970672607422,39.0743465171733,0,0,0,0,69.9815414746602,26.1818670335313,61.3919381361741,35.9190509266674,14.5840620159898,25.5208460644978,15.1264250572957,32.1990519932338,15.4732666168213
0,58.5824127197266,0,0,0,0,0,0,0,0,0,0,0,0,0,0,85.5241622924805,0,20.2227859020233,0,0,0,0,0,0,0,0,0,0,0,0,0,0,0,0,52.8255673817226,0,53.8548893398709,0,28.7582049988608,0,15.4390811675634,0,0,0,18.8190170288086,0,0,0,0,0,0,0,0,0,0,0,0,0,0,0,0,26.9668741226196,0,0,0,0,0,0,0,57.0142250061035,0,39.0208769904243,0,0,0,0,0,31.6687062393279,0,40.6708524794806,0,12.6658458838592,0,15.3972031258522,15.4541708423245,0
0,0,0,0,0,0,0,0,0,0,0,0,0,0,0,0,37.2956924438477,0,9.25489531755447,0,32.1750106811523,0,0,0,0,0,0,0,0,0,0,0,0,0,0,0,52.1427345275879,0,54.9441986083984,0,35.8157389163971,0,18.2027982209858,0,0,0,16.4207365853446,29.9348220825195,33.1608791351318,0,0,0,0,0,0,0,37.8477821350098,0,0,0,0,0,0,28.5143247331892,0,0,0,0,0,0,0,0,0,0,0,0,0,0,0,40.1236786745032,0,38.5335255861282,9.64219888051351,0,15.8248113564083,0,17.2455279827118
0,18.4181160926819,0,17.7013515574592,0,11.6043212254842,0,0,0,79.3459091186523,0,8.60372543334961,0,0,0,0,74.726434135437,57.7211366676422,34.142374621961,8.77022369702657,0,0,0,0,0,0,0,0,0,0,0,0,0,0,0,39.0182642683519,0,25.4362135915195,0,16.2551496219018,80.0299415588379,29.2459651378822,61.081507769498,18.8190170288086,0,0,72.2714433670044,0,0,42.651912689209,0,0,0,0,0,52.4872951507568,0,28.5756066827213,0,28.045934677124,0,0,7.81776307600346,72.8327331542969,0,0,0,0,40.8326416015625,0,37.0368355221219,0,32.557009972778,71.4826812744141,0,0,0,0,20.4030548735456,75.980717976888,26.5279669804178,83.0022602081299,23.0253251313064,50.357216835022,13.2517309173514,49.4034223556519,51.3588562011719
20.5480643091975,0,22.5892258326213,0,0,0,0,0,39.6265599727631,0,0,0,0,0,0,0,55.7687584116489,64.6216967479292,37.393772758173,0,18.3676839058216,0,0,0,0,0,0,0,0,0,0,0,0,0,0,92.5732421875,43.5414432959981,88.8370361328125,44.586391306938,86.4458201272147,35.7457628624112,67.0521554946899,17.6938518981139,0,16.4207365853446,72.2714433670044,0,34.7913379669189,31.6487470271976,0,28.3036499023438,0,0,0,36.0205281972885,0,24.2097943672767,0,26.6896027012875,0,25.5471115112305,0,0,14.1931592990745,0,0,0,0,0,0,0,38.6463735149753,86.9930953979492,32.2130320170927,0,0,0,0,77.1856225331624,28.9600143872749,73.2297545212966,35.6573442017951,32.1339493832386,48.9805628458659,17.6412664302838,45.7065059116908,37.4969084642935
35.3667930975193,27.0887115185077,50.8663444519043,0,0,0,0,0,28.69140625,0,0,0,0,0,0,0,0,0,0,0,0,27.3032312393188,25.2347259521484,18.8914770661739,16.3914408683777,23.1259056727091,0,0,0,0,0,5.54289063564434,12.4533067530469,4.77896842215227,5.91648134834782,5.14185506699553,11.2862935191707,6.34461378726829,7.73062111807208,4.26636696656545,6.19609929053556,8.88518528756241,8.62558743819939,0,29.9348220825195,0,34.7913379669189,0,5.6904594605642,6.86020582960085,0,0,0,0,33.5598772366842,0,49.5949261983236,0,47.5522956848145,0,27.498924891154,27.7812264760335,0,0,22.8612492258956,23.6797647476196,17.3180861777448,27.2610600789388,22.8043435414632,26.9652856190999,22.190397854509,69.3179473876953,0,71.5214958190918,4.72549458999424,8.78032453156342,6.19217249934624,3.78741296854886,6.74192866821958,7.14479627738852,15.2999820907911,8.00114857692637,7.96401000089789,9.66577963395552,5.81263097185781,0,0
13.9290297803261,0,15.623834535215,0,33.3083152770996,0,0,0,19.3420768588088,85.1848754882812,0,0,22.4335745402745,0,27.6064586639404,0,63.2274771573251,71.1703655719757,30.3285955985387,0,0,0,4.078836136808,0,19.7899496290419,0,0,0,3.14191889762878,0,0,14.7701549530029,19.3527130229133,0,17.1199144766881,18.1396476268768,17.5691052491848,0,12.4104243939923,80.2771949768066,7.2593006475926,20.8479906772745,14.0900270014838,0,33.1608791351318,0,31.6487470271976,5.6904594605642,0,22.9029957164418,50.9725499153137,0,0,0,23.5011073148476,0,16.0277488244904,80.2604141235352,17.3718239269207,0,14.6445867096543,0,0,37.440775765313,0,3.39152310730575,0,22.3447167532785,0,7.70176635839606,0,24.3546695697126,112.302655537923,27.6923757452484,0,7.31897889545986,0,6.21323134501775,84.3809619903564,12.9339160678612,82.8386611938477,9.51422037098703,22.1749994240852,30.9953676859538,10.7939577510472,0,19.2925256899933
0,6.18527845656966,0,4.44570546892197,0,0,0,0,0,18.9461529204186,0,0,0,0,0,0,63.5358352661133,67.0469131469727,36.5517767224993,0,0,4.60321975507234,0,19.7985529146696,0,0,0,0,0,0,0,5.12968378317984,0,4.63388442993164,0,20.3104875615779,0,9.44704744620294,0,8.18601928871081,0,19.9454731671773,18.6379578908284,0,0,42.651912689209,0,6.86020582960085,22.9029957164418,0,0,0,0,0,0,16.0616114108593,0,11.6290222689402,0,7.80105874711467,0,5.49099937800703,27.2379571994146,127.20654296875,6.99134284198085,0,17.9085658744529,0,7.95703636550903,0,6.30421326915423,0,7.95253582561717,0,6.20883177205136,0,3.51277293099297,0,9.67479438106969,85.4420394897461,6.76557506707998,74.3614730834961,13.1405920607249,0,12.5940861257362,20.3594331979752,0
0,0,10.5424171259374,0,2.98172588265219,0,0,0,13.5514307419459,0,0,0,0,0,0,0,0,0,0,0,3.17632842063904,0,0,0,0,0,0,0,0,0,0,0,0,0,0,0,23.4887798710873,0,0,0,31.4003582000732,0,45.0642960711223,0,0,0,28.3036499023438,0,50.9725499153137,0,0,0,0,0,2.95155119895935,0,6.14259325224778,0,3.58491144180298,0,0,0,0,10.7281993182019,0,0,0,0,0,0,0,76.0184020996094,0,0,0,0,0,0,0,25.1405601501465,0,0,27.5193850947361,0,15.7080949643981,0,0
0,0,0,4.36826163437009,0,3.63479041815596,0,3.75595151936566,0,3.04067521095276,0,3.58602262765933,0,0,0,2.81534438039742,0,0,0,0,0,0,0,0,0,0,0,0,0,0,0,0,0,0,0,0,0,0,0,0,0,42.4319014298288,0,0,0,0,0,0,0,0,0,0,0,3.40738282203674,0,3.21986711025238,0,3.30568244240501,0,0,0,0,13.6466579437256,0,0,0,0,0,0,0,0,0,0,0,0,0,0,0,0,0,0,0,5.71679139241381,0,8.86827224744877,0,0
0,0,0,0,0,0,3.16364383220673,0,0,0,0,0,2.75270318984985,0,0,0,0,0,0,0,0,0,0,0,0,0,0,0,0,0,0,0,0,0,0,0,0,0,0,0,0,0,0,0,0,0,0,0,0,0,0,0,0,0,0,0,4.04968791565997,0,0,0,0,0,0,0,0,0,0,0,0,0,0,0,0,0,0,0,0,0,0,0,0,0,0,0,0,0,0
0,0,0,0,0,4.06456208229065,0,3.1265475432078,0,0,0,0,0,0,0,0,0,0,0,0,0,0,0,0,0,0,0,0,0,0,0,0,0,0,0,0,0,0,0,0,0,0,0,0,0,0,0,0,0,0,0,3.40738282203674,0,0,0,0,0,0,0,0,0,0,0,0,0,0,0,0,0,0,0,0,0,0,0,0,0,0,0,0,0,0,3.16164410114288,0,0,0,0
8.17295016028664,0,14.2017060418369,0,0,0,0,0,5.37553928039267,0,0,0,0,0,4.50475710046058,0,0,71.7740249633789,75.4406433105469,0,0,0,0,0,6.12850553935129,0,5.91019746716037,0,0,0,0,0,0,0,0,0,35.0950245857239,44.1423187255859,16.377820708153,0,0,44.0164159138997,41.110997786996,0,0,0,36.0205281972885,33.5598772366842,23.5011073148476,0,2.95155119895935,0,0,0,0,0,23.7958654870792,0,26.8181384858631,0,5.70600323390244,0,0,47.2617199420929,0,0,0,8.25983055886006,0,0,0,27.8105079816735,0,35.1038818359375,0,0,0,0,0,56.0520102183024,0,13.9397643371062,21.0410486019409,27.9988490210639,24.5388474490122,0,21.0957778692245
0,8.34490613966453,0,7.61677370438209,0,3.84890633821487,0,0,0,4.58747046219049,0,0,0,0,0,3.72035782987421,0,62.75537109375,68.9429702758789,0,0,0,0,6.79322433962253,0,7.39371681213379,0,0,0,0,0,0,0,0,0,0,0,7.10611804326375,0,75.9933853149414,0,15.280798369891,0,0,0,52.4872951507568,0,0,0,16.0616114108593,0,3.21986711025238,0,0,0,0,0,20.7633540054847,0,21.0919456481934,0,4.65410481527422,18.8241319656372,0,0,0,4.52441745216725,0,31.9063377380371,0,25.9672004036281,0,33.72030210495,0,0,0,0,0,70.2419128417969,0,6.92090821266174,0,9.38846013661238,18.6168003082275,10.3294326482563,6.0305651028951,0
12.9322700216657,0,17.4826951868394,0,8.64493179321289,0,3.35978538057078,0,21.5300188064575,0,6.19572967450755,0,4.86046089874335,0,0,0,74.9745101928711,0,48.0657055594704,0,4.25241199561528,0,0,0,25.2301651000977,0,0,0,0,0,8.14941342671712,0,0,0,0,0,14.3366386991436,0,17.4706687529882,0,21.0787136077881,0,34.5890533821923,0,37.8477821350098,0,24.2097943672767,49.5949261983236,16.0277488244904,0,6.14259325224778,0,4.04968791565997,0,23.7958654870792,0,0,0,3.97807973410402,0,6.32016094646069,0,0,17.9280351236227,0,0,0,0,0,0,0,9.06902764763035,0,7.50811528698091,0,0,0,0,0,28.6998550187117,84.0751953125,42.4759875706264,24.7449859249799,27.8315137227376,10.0085691847982,0,14.5820307731628
0,6.50683571497599,0,7.39514105021954,0,30.8148825963338,0,0,0,19.8262360131563,0,4.75956203935726,0,4.16583217274059,0,0,0,81.9286346435547,34.4337641976096,0,0,0,0,0,0,18.294002532959,0,0,0,8.3380971738884,0,0,0,0,0,8.54259881765946,0,7.07559133739006,0,61.6189862764799,0,22.3563634202071,0,0,0,28.5756066827213,0,0,80.2604141235352,11.6290222689402,0,3.30568244240501,0,0,0,20.7633540054847,0,0,0,6.52326788009481,0,5.58122293154399,14.3828279529741,0,24.818567276001,0,19.312219619751,0,15.3077074131334,0,9.25894223563913,0,7.62967272320655,0,0,0,0,0,59.7141466140747,0,67.1838150024414,0,19.8184917268186,0,18.1151215881367,15.677830182589,0
12.1037478758364,0,10.3986439636775,0,0,0,0,0,22.9884769733136,0,4.32640632941453,0,5.08167077361912,0,3.92868706354728,0,70.8108825683594,0,63.953187306722,0,0,0,0,0,26.2562484741211,0,0,0,3.58169913291931,0,0,0,0,0,0,0,74.771369934082,0,30.4944198608398,76.6493301391602,60.7555198669434,0,39.1194677256575,0,0,0,26.6896027012875,47.5522956848145,17.3718239269207,0,3.58491144180298,0,0,0,26.8181384858631,0,3.97807973410402,0,0,0,5.05323645542829,0,0,13.062237238884,0,0,0,21.2219501071506,0,7.89877124381276,0,15.1979301128387,0,33.2625563004438,0,0,0,0,0,56.5034370422363,0,44.3702742927953,29.2678275175498,28.2422072092692,17.6074021159638,0,0
0,5.19645296610319,0,8.76676118373871,0,3.57193238735199,0,0,0,21.3947228022984,0,4.63606754938761,0,5.09476021048311,0,6.07594953598203,0,0,60.2542152404785,0,0,0,0,0,0,9.09123792288438,0,10.2953197236495,0,0,0,0,0,0,0,0,0,0,0,0,0,21.1859687381321,0,0,0,28.045934677124,0,0,0,7.80105874711467,0,0,0,0,0,21.0919456481934,0,6.52326788009481,0,0,0,4.55343438238993,14.1413121003854,0,22.9795513153076,0,0,0,5.44657970195288,0,5.5200325883631,0,34.4513006210327,0,0,0,0,0,84.9225769042969,0,0,0,23.5564856211344,0,13.9080037630227,0,0
8.64525084407783,0,7.07258940372827,0,0,0,0,0,8.19899675750732,0,0,0,5.68635983187873,0,3.52286920525612,0,0,0,59.9890594482422,0,0,0,0,0,22.5290937423706,0,4.5167379790339,0,0,0,0,0,0,0,0,0,25.1519660949707,0,23.1632811839764,0,0,47.1883869171143,39.4448060066469,0,0,0,25.5471115112305,27.498924891154,14.6445867096543,0,0,0,0,0,5.70600323390244,0,6.32016094646069,0,5.05323645542829,0,0,0,0,0,0,0,0,10.6935158026846,0,4.61631230152015,0,34.8978849411011,0,34.0378971099854,0,0,0,0,102.211441040039,62.9138736724854,0,43.6404884338379,33.8026472871954,25.1156063079834,18.1923674475063,0,0
0,4.7735393566963,0,0,0,0,0,0,0,3.84913521034773,0,0,0,4.21829257124946,0,4.8301114780334,0,0,0,0,0,0,0,7.81099653244019,0,7.06505603121038,0,0,0,0,0,0,0,0,0,0,0,0,0,0,0,18.9799685085521,0,0,0,0,0,27.7812264760335,0,5.49099937800703,0,0,0,0,0,4.65410481527422,0,5.58122293154399,0,4.55343438238993,0,0,0,0,0,0,0,0,4.69137037351887,0,13.7326582670212,0,0,0,0,0,0,0,0,0,0,0,0,0,16.3229055250845,0,0
0,31.6425895690918,0,26.3927788734436,0,9.18915379852862,0,0,0,30.2608054478963,0,5.18337971933426,0,0,0,0,76.2914619445801,57.6747817993164,45.8776104790824,5.29969791135889,0,0,0,0,0,0,0,0,0,0,0,0,0,0,0,6.74206093218094,0,11.5924112842341,0,15.8656950538223,0,30.188930499248,82.1714553833008,26.9668741226196,0,7.81776307600346,0,0,0,27.2379571994146,0,13.6466579437256,0,0,0,18.8241319656372,0,14.3828279529741,0,14.1413121003854,0,0,0,0,0,0,37.2401313781738,0,23.8157712712007,0,19.5214441094123,0,18.8188087260526,0,0,0,0,0,11.0593177945302,0,11.1782891543333,0,21.5648194784703,0,11.3831152780124,40.6093215942383,0
34.7028061676025,0,36.6494732856751,0,13.8074268102646,0,0,0,29.0042190551758,0,0,0,0,0,0,0,70.0904018847973,75.4649303577564,53.3534125545161,0,5.2036714553833,0,0,0,0,0,0,0,0,0,0,0,0,0,0,0,17.7545673655875,98.8063354492188,15.5485901842079,87.8967463175456,51.1803071498871,87.9678058624268,25.471320423874,0,28.5143247331892,72.8327331542969,14.1931592990745,0,37.440775765313,127.20654296875,10.7281993182019,0,0,0,47.2617199420929,0,17.9280351236227,0,13.062237238884,0,0,0,0,0,0,0,0,0,0,0,0,34.1514436473017,0,22.6353405767079,0,0,0,0,95.2650833129883,23.1996349561704,86.5004234313965,22.0520013176205,44.4250091454361,41.6163368225098,15.3026270273933,0,51.6143074035645
0,0,0,0,0,0,0,0,0,0,0,0,0,0,0,0,0,0,0,0,0,4.30273399562996,0,7.593204811755,0,4.14106387112822,0,3.56426009110042,0,0,0,0,0,0,0,0,0,9.30687037014789,0,0,0,30.6892021179199,0,0,0,0,0,22.8612492258956,0,6.99134284198085,0,0,0,0,0,0,0,24.818567276001,0,22.9795513153076,0,0,0,0,0,0,8.69831051429113,0,6.6219179755106,0,7.43671311415159,0,0,0,0,0,0,0,0,0,8.29270414375801,0,5.8779673767786,32.2038536071777,20.8307933807373,0,0
0,0,0,0,0,0,0,0,0,0,0,0,0,0,0,0,2.74346117973328,0,0,0,0,0,4.31525130937309,0,7.70707211693988,0,0,0,2.75359201431274,0,0,0,0,0,0,0,0,0,8.38764925162277,0,0,0,0,0,0,0,0,23.6797647476196,3.39152310730575,0,0,0,0,0,0,0,0,0,0,0,0,0,0,0,0,0,0,5.75726083426448,0,4.3043618106202,0,4.87537220808176,0,0,0,0,0,0,0,0,0,9.96654681803941,5.70885416979347,0,0,0,0
0,11.6873791577065,0,23.1286129951477,0,0,0,0,0,4.61759500216721,0,0,0,0,0,0,0,5.27019739151001,0,0,0,4.78932906656849,0,4.31717228467252,0,6.73132469124264,0,0,0,0,0,0,0,0,0,0,0,8.51935717037746,0,0,0,16.9639641098354,0,0,0,0,0,17.3180861777448,0,17.9085658744529,0,0,0,0,0,4.52441745216725,0,19.312219619751,0,0,0,0,37.2401313781738,0,8.69831051429113,0,0,0,6.29031157893175,0,0,0,0,0,0,0,0,0,0,0,7.06834402059939,0,15.306997816535,27.5683889389038,7.16282339890798,6.94202852249146,0
12.361211458842,0,22.9567623138428,0,0,0,0,0,6.23614324764772,0,0,0,0,0,0,0,0,0,0,0,0,0,5.56918300285908,0,5.00585855625147,0,3.77439210876342,0,0,0,0,0,0,0,0,0,0,0,6.64890968500435,0,0,25.9334163665771,20.5366373062134,0,0,0,0,27.2610600789388,22.3447167532785,0,0,0,0,0,8.25983055886006,0,0,0,21.2219501071506,0,10.6935158026846,0,0,0,0,5.75726083426448,0,0,0,4.17700657275839,0,0,0,0,0,0,0,0,0,0,0,5.10786007729587,10.47619938049,24.0183815956116,12.8629047459569,0,0
0,13.5427308082581,0,0,0,44.1974601745605,0,0,0,31.1274272918701,0,0,0,0,0,0,0,0,35.9594764709473,0,0,6.68665097554525,0,5.53725536552393,0,6.18832935612331,0,2.83144841875349,0,0,0,0,0,0,0,0,0,14.2583706148209,0,0,0,28.9276978548835,0,0,0,40.8326416015625,0,22.8043435414632,0,7.95703636550903,0,0,0,0,0,31.9063377380371,0,15.3077074131334,0,5.44657970195288,0,4.69137037351887,23.8157712712007,0,6.6219179755106,0,6.29031157893175,0,0,0,6.38287154824694,0,35.2268524169922,0,0,0,0,0,0,0,12.6467139005661,0,26.89253123183,0,26.4895086288452,0,0
0,0,0,0,0,0,0,0,0,0,0,0,0,0,5.16167747974396,0,0,0,0,0,0,0,7.99314777939408,0,4.46778556839429,0,4.30745658846545,0,4.31958881724965,0,0,0,0,0,0,0,0,0,16.8503180231367,0,0,38.1674156188965,27.3522346496582,0,0,0,0,26.9652856190999,7.70176635839606,0,0,0,0,0,0,0,0,0,7.89877124381276,0,4.61631230152015,0,0,0,0,4.3043618106202,0,4.17700657275839,0,0,0,4.05585562305533,0,0,0,0,0,0,0,0,0,0,20.0591115951538,0,11.9754943549633,0,0
0,22.9241142272949,0,30.0733189053006,0,40.9735321044922,0,0,0,25.3428238687061,0,3.22328516771627,0,14.364444732666,0,0,137.323883056641,65.4177118937175,42.104700173272,0,0,10.5165503969213,0,10.1679918766022,0,8.5384448297096,0,5.79522948170226,0,4.39921032643951,0,0,0,0,0,38.2542839050293,0,11.2853965939477,0,58.2197649478912,0,27.7559780786204,59.8644142150879,57.0142250061035,0,37.0368355221219,0,22.190397854509,0,6.30421326915423,0,0,0,0,0,25.9672004036281,0,9.25894223563913,0,5.5200325883631,0,13.7326582670212,19.5214441094123,0,7.43671311415159,0,0,0,6.38287154824694,0,0,0,5.57290755363709,0,0,0,0,0,55.9902352227105,0,11.4319715787129,98.8530883789062,21.9150578557775,16.6846151351929,24.3865756501434,21.7832747565375,0
28.3501982145672,0,31.4998600641886,0,0,0,0,0,21.6427800567062,0,7.32157306671143,0,6.68720435732194,0,3.59874582290649,0,78.9017112038352,90.1933403015137,32.1469981238956,0,47.3742942810059,0,2.946985912323,0,0,0,4.8511159425584,0,4.22449391560737,0,4.74566578865051,0,0,0,0,0,108.007049560547,0,11.0753154858424,0,75.6704635620117,73.0904388427734,33.0080052156152,0,0,0,38.6463735149753,69.3179473876953,24.3546695697126,0,76.0184020996094,0,0,0,27.8105079816735,0,9.06902764763035,0,15.1979301128387,0,34.8978849411011,0,0,34.1514436473017,0,4.87537220808176,0,0,0,4.05585562305533,0,0,0,17.6459257602692,0,0,0,0,92.358154296875,69.2992211703596,0,10.293626732544,25.3812852091603,34.6744422912598,19.3946125178581,0,21.6193493329562
0,70.5301322937012,0,36.4501688296978,0,41.7021749396073,0,0,0,21.5941247040371,0,8.85542590474206,0,0,0,0,84.1075759887695,65.6059064643328,31.6888593570551,0,0,0,0,0,0,0,0,5.98458268858017,0,6.15800600644559,0,0,0,0,0,65.1144473131965,106.33878326416,53.7963985204697,0,47.4520240229132,92.8534469604492,24.9025425405252,91.7970672607422,39.0208769904243,0,32.557009972778,86.9930953979492,0,112.302655537923,7.95253582561717,0,0,0,0,0,33.72030210495,0,7.62967272320655,0,34.4513006210327,0,0,18.8188087260526,0,0,0,0,0,35.2268524169922,0,5.57290755363709,0,0,0,0,0,0,0,50.766401201136,108.550061543783,25.0388978776478,93.5716152191162,25.4516864145327,32.1848754882812,24.967574342886,23.216891550038,55.1340026855469
29.1445352435112,0,29.568172795432,0,0,0,0,0,19.9765495118641,0,7.49348077603749,0,7.64161205291748,0,0,0,68.1446846008301,81.4718900408064,35.9287413705753,0,29.2956457138062,0,0,0,0,0,0,0,6.36365720732459,0,3.89195191508643,0,0,0,0,138.879447937012,84.879337310791,0,4.50511574745178,81.9325180053711,77.4847602844238,0,39.0743465171733,0,0,71.4826812744141,32.2130320170927,71.5214958190918,27.6923757452484,0,0,0,0,0,35.1038818359375,0,7.50811528698091,0,33.2625563004438,0,34.0378971099854,0,0,22.6353405767079,0,0,0,0,0,0,0,17.6459257602692,0,0,0,0,0,0,79.311767578125,52.5481144689745,96.7838973999023,6.44973995519239,24.7436528547426,34.028881072998,11.6923500306224,0,31.8096681594849
