0,0,0.00754498299249751,0,0,0,0,0,0.0360822781644244,0,0,0,0,0,0,0,4.92499796628985e-05,0,0.00073222903265943,0,0,0,0,0,0,0,0,0,0,0,0,0,0,0,0,0,0,0,0,0,0.000512626345764945,0,0.00735958418947255,0,0,0,0,0,0.00490068950970577,0,0,0,0,0,0.0695023519346426,0,9.35546613343953e-05,0,0,0,0.0331700189287482,0,0,0,0,0,0,0.000521585035599056,0,0.00203879308817954,0,0,0,6.04091142206904e-05,0,0,0,0,0,0.000132555919793871,0,0,0.000339784964820578,0,0.0096436848167129,0,9.00874685347813e-05
0,0,0,0.00853017403758882,0,0.00215377957480012,0,0,0,0.0488181949740311,0,0,0,0,0,0,8.91410895185787e-05,5.23983998251452e-05,0.00522107819147864,0,0,0,0,0.0002310727643767,0,0,0,0,0,0,0,0,0,0,0,0,0,0,0,0.00166243137611514,0.000101915188528834,0.0249125405170783,0,0,0,0.000497342191116484,0,0,0,0.00937351113591822,0,0,0,0,0,0.0486430074702789,0,0.00196600404475569,0,0.000597811681511283,0,0.0133583215904653,0.000608501821807059,0,0,0,0.000171799325974465,0,0.00073765887456462,0,0.000203617552669367,0,0.000768818486849158,0,0,0,0,0,0.000905851005799645,1.82192439039764e-06,0.000130390029091724,0,0.000737529823869505,0,0.0130668698719786,0.000404754964269371,0
0.00754498299249751,0,0,6.39157650300331e-05,0.008162145250886,0,0,0,0.074547067242538,0,0,0,0,0,0,0,5.66936444083195e-05,0,0.00109075194749101,0,0.000428411514854173,0,0,0,0,0,0,0,0,0,0,0,0,0,0,0,0.000113692363904212,0,0,6.43898826582037e-05,0.000612822461771495,2.54621924958854e-05,0.0112661603832696,0,0,0,0.000222060394651479,0,0.00214736352759934,0.000115860197955103,0.00694425515948026,0,0,0,0.121738479648988,0,0.00152096108449536,0,0.00326405767797481,0,0.000173851356911357,5.24366527916258e-05,0,0.00041956801237621,0,0,0,0,0,0,0,1.07921813635427e-05,0,0.000692101973382623,0,0,0,0,0,0.000140474065612532,0,7.06800373198531e-06,0.000669569270465947,0,0.0107274596705387,0,0.00240230957197642
0,0.00853017403758882,6.39157650300331e-05,0,0,0.039804658505558,0,0,0,0.0121320756728685,0,0,0,0,0,0,4.1740861366237e-05,3.38402266762076e-05,0.000442050540246908,0.000119741090716792,0,0,0,4.80647166765762e-05,0,0,0,0,0,0,0,0,0,0,0,1.60490561391884e-06,0,1.10192300457899e-05,0,0.00671016704898496,1.06713202803182e-05,0.0124285324810042,7.5562239572436e-05,0,0,0.000731470851710332,0,0.000111683378540148,0,0.01836906188791,0,0.00119771046524052,0,0,3.8779161361534e-05,0.000885788086572928,1.41540819094009e-05,0.00547654824401037,2.20174184089323e-05,0.000163766847017089,0,0.0266395224529409,0.000347158869746605,0,0,0,0,0,0,0,0,0,0.00150852067956426,1.45224133465626e-05,0,0,0,0,0.000330736153858734,8.32207877846015e-07,4.55660070896066e-05,0,0.000685338124064769,0,0.0203013616061024,0.000842038214078625,0
0,0,0.008162145250886,0,0,0,0,0,0.00148009799907478,0,0,0,0,0,0,0,0,3.53929386091925e-05,0.000112877137767665,0,0.0134464258187901,0,0,0,0,0,0,0,0,0,0,0,0,0,0,0,0.000256185488629448,0,0,0,0.000132643717180522,1.36504491201967e-05,0.00287391063531738,0,0,0,0.000131026959615519,0,0.000196683992555813,0,0.0594873163958914,0,0,0,0,0,2.67036783634729e-05,1.02084866083641e-05,0.000407128063304653,0,0,0,0,0.0015779986801229,0,0,0,0,0,0,0,0,0,0,0,0,0,0,0,0.000425583579223275,0,0,0.00217766105870677,0,0.00272608877325818,0,6.38266980196138e-05
0,0.00215377957480012,0,0.039804658505558,0,0,0,0,0,0.00208290786021441,0,0.000328628407203361,0,0,0,0,0,0,6.45660169874677e-06,0.0038871622719454,0,0,0,0,0,0,0,0,0,0,0,0,0,0,0,0.000135933806868579,0,0,0,0.000232101111828434,0,0.000202883553210718,6.88088360735549e-06,0,0,0,0,0,0,0.000532903194399748,0,0.149241564973535,0,0,0,0,0,0.000993460748234856,0,0.00115958581120625,0,0,4.31165262978735e-05,0,0,0,0,0,0,0,0,0,0,0,0,0,0,0,3.3959596690906e-05,0,4.05420200338751e-06,0,0.00352516602912558,0,0.00386201571606058,0,0
0,0,0,0,0,0,0,0,0,0,0.00269226903548918,0,0.00627514861303415,0,0,0,0,0,0,0,0.00253975219610183,0,0,0,0,0,0,0,0,0,0,0,0,0,0,0,0,0,0,0,0,0,0,0,0,0,0,0,0,0,0.00239374855078528,0,0.0316614715096164,0,0,0,0.0106467382406448,0,0.000473245594168158,0,0,0,0,0,0,0,0,0,0,0,0,0,0,0,0,0,0,0,0,0,0,0,4.78113903512482e-05,0,0,0,0
0,0,0,0,0,0,0,0,0,0,0,0,0,0,0,0,0,0,0,0.00230839639515116,0,0,0,0,0,0,0,0,0,0,0,0,0,0,0,0.00137985265600596,0,0,0,0,0,0,0,0,0,0,0,0,0,0,0,0,0,0.00376695740356451,0,0,0,0.000633359091131345,0,0.00699878267664328,0,0,0.000455673590236223,0,0,0,0,0,0,0,0,0,0,0,0,0,0,0,1.2535047887947e-05,0,0,0,0.000919089267593562,4.56070708260934e-05,0,0,0
0.0360822781644244,0,0.074547067242538,0,0.00148009799907478,0,0,0,0,0,0,0,0,0,0.0985843471296943,0,0.00207646553915896,6.61242427399147e-05,0.000153793506053805,0,0.000669476035806936,0,0,0,0.00370638156819668,0,0.00679760683155751,0,0,0,0,0,0,0,0,0,0,0,0.000971081341033002,0,8.19985183931737e-05,0,0.00303135334740875,0,0,0,2.15586717076141e-05,0,0.00353173448110938,0,0.00246545319942391,0,0,0,0.0860349955395217,0,0.000124934476123313,0,0,0,0.0268716698196322,0,0,1.99316547178595e-05,0,0,0,0.00150497417210921,0,0.000260724347231324,0,0,0,2.2112522040098e-05,0,0,0,0,0,0.00010677943118012,0,0.000452444318367194,0.00252212371948765,0.000726515528174621,0.00246776531316541,0,0.00116597886688001
0,0.0488181949740311,0,0.0121320756728685,0,0.00208290786021441,0,0,0,0,0,0,0,0,0,0.0341059494386677,0.000140254384696142,0.00138838209224663,5.09742542944189e-05,0,0,0,0,0.00109914102077105,0,0,0,0,0,0,0,0,0,0,0,0,0,0.00051061137362349,0,0,0,0.00144803512780549,0,0,0,0,0,0,0,0.00254099862114677,0,0,0,0,0,0.137696759508943,0,0.000201918385139083,0,0,0,0.00598741312896035,0,0,0,0,0.00535216183106679,0,0.00102471144620024,0,3.61002374958696e-05,0,0,0,0,0,0.000796829892168939,0,1.05378077523052e-05,5.39737416494098e-06,0.000593278464998098,0,0.00213430861124621,0.000925344415190033,0.00162414187996368,0,0
0,0,0,0,0,0,0.00269226903548918,0,0,0,0,0,0.0519998980239038,0,0,0,0,0,0,0,0.0691315668227541,0,0,0,0,0,0,0,0.0018232164886887,0,0.00756955343318611,0,0,0,0,0,0.00104085762461498,0,0.0181870158825348,0,5.62609082501661e-05,0,0,0,0,0,8.05095271138855e-05,0,0,0,0,0,4.89032544370737e-05,0,0,0,0.0994393177401041,0,0.0167359745029477,0,0,0,0,0.0755721232151616,0,0,0,0,0,0,0,0.00212549547739942,0,0.00192011234503037,0,0,0,0,0,0.000592843999007851,0,0.00375037347523538,0.00284109597477615,0.000397351758663522,0.000454857742508623,0,0
0,0,0,0,0,0.000328628407203361,0,0,0,0,0,0,0,0.00736471542568309,0,0,0,0,0,0.0605727928205012,0,0,0,0,0,0,0,0,0,3.61632797919182e-05,0,0,0,0,0,0.00184086824149691,0,0.0234739424299682,0,0,0,0,0,0,0,7.98379046547268e-06,0,0,0,0,0,0.000597938687333338,0,7.38521531532823e-05,0,0,0,0.146358428648019,0,0.0665159957388245,0,0,0.0131458885668934,0,0,0,0,0,0,0,0.00039472069346598,0,0.00878601005260021,0,0,0,0,0,0.000403790519944598,0,0.000714746863060087,0,0.00237445276371592,0.00123680626881706,0.00012367458266478,0,0
0,0,0,0,0,0,0.00627514861303415,0,0,0,0.0519998980239038,0,0,0,0.00253839213489191,0,0,0,0,0,0,0,0,0,0,0,0,0,0,0,0.00227864359154972,0,0,0,0,0,0,0,0,0,0,0,0,0,0,0,0,0,0,0,0,0,0,0,0,0,0.0147859363040596,0,0.00737265134906764,0,0.000407254266758341,0,0,0,0,0,0,0,0,0,0,0,0,0,0,0,0,0,0,0,0,0,0.000540441402286129,0.000293130694018219,0,0,0
0,0,0,0,0,0,0,0,0,0,0,0.00736471542568309,0,0,0,0.000107671599835157,0,0.000101612431573631,0,0,0,0,0,0,0,0,0,0.012532003850259,0,0.000702087060463443,0,0,0,0,0,0,0,0,0,0,0,0,0,0,0,0,0,0,0,0,0,0,0,0,0,0,0,0.000223335330867512,0,0.069153188915503,0,0.0143164587321665,0,0,0,0,0,0,0,0,0.00100764592860351,0,0.00223487301309115,0,0,0,0,0,0,0,0,0,0.00239819508156592,0.00490625600422243,0,0,0
0,0,0,0,0,0,0,0,0.0985843471296943,0,0,0,0.00253839213489191,0,0,0,0.00188722831773357,0.000230728263709731,0,0,0,0,0,0,0.00334448461136041,0,0.0215136855664295,0,0.000285915435480786,0,0,0,0,0,0,0,0,0,0,0,0,0,0,0,5.56190205901852e-05,0,0,0,0,0,0.00724120074019352,0,0,0,0.0202225404164428,0,0,0,0.00904036623013481,0,0.017482761926319,0,0,0,0,0,0,0,0,0.00326354922682476,0,0,0,0,0,0,0,0,1.84605030661098e-06,0,0,0,0.00107626853019582,0.00125955951365077,0,0,0
0,0,0,0,0,0,0,0,0,0.0341059494386677,0,0,0,0.000107671599835157,0,0,0,2.42603018001731e-05,0,0,0,0,0,0.00239055303218163,0,0.000194042877410538,0,0,0,0,0,0,0,0,0,0,0,0,0,0,0,0,0,0,0,0,0,0,0,0,0,0,0,0,0,0.032951874077733,0,0,0,0.000156061025336385,0,0.00179733169575586,0,0,0,0,0.00695310395345745,0,0,0,0,0,0,0,0,0,0,0,0,0,0,0,0.000432900174074393,0.000779446551067024,0,0,0
4.92499796628985e-05,8.91410895185787e-05,5.66936444083195e-05,4.1740861366237e-05,0,0,0,0,0.00207646553915896,0.000140254384696142,0,0,0,0,0.00188722831773357,0,0,0.148797279010072,0.0514616030906009,0,0,0,0.00216439018549263,0,0.00184188626885527,1.02940143031564e-05,0.00370292684605308,0,0,0,0,0,0,0,0,0,0,0,0,0.00102497350566141,0.00161111767893021,0.000880811587828615,0.00179056951313266,0.000182837666953341,4.96553840963807e-05,0.000548398992095271,0.000805084489431149,0,7.89209892452895e-06,6.20992069860267e-06,5.59509689319337e-05,0,0,0,0.000454980979423425,0,9.28199764720269e-05,0,0,0,0.00211162056915899,0,8.02774756517896e-05,0.000517043736671078,0,0.00147226563484554,0,0.000845557920247654,0,0.00263044286489759,0,0,0,0.000112030913907345,0,0,0,0,0.000424780801366041,0.00056899309854928,1.69674721826367e-06,0,0.0172922180497282,0.00258382425139157,0.00338095162298668,2.20961230944365e-05,0.000374277817678057
0,5.23983998251452e-05,0,3.38402266762076e-05,3.53929386091925e-05,0,0,0,6.61242427399147e-05,0.00138838209224663,0,0,0,0.000101612431573631,0.000230728263709731,2.42603018001731e-05,0.148797279010072,0,0.0502971973112775,0,0,0.00466070869682732,0,0.00176478352020588,1.2758819323336e-05,0.0688112107816198,1.00817037830827e-05,0.00195003443056503,0,0,0,0,0,0,0,0,0,0,0,0.00117387215519879,0.000581616825780087,0.000919296831049113,0.000516867204614316,0.00015273198556409,0,0.000753270097541663,0.000342168897608459,0,4.68907734484381e-05,1.99009004354361e-05,0,0,0,0,0,0,3.72403233472722e-06,4.45955948459794e-05,0,0,0,2.41539206306818e-05,3.38610975405858e-05,0.000137887672075565,0.000129089152871224,0,5.32224593051724e-05,0.000568416212314149,0.00101932803249564,0,0,0,0,4.82962840184947e-05,0,0,0,0,0.000366247232958135,0.000224422606017455,1.31607642921204e-06,0,0.0280887644691479,0.00889038776831915,0.00212985511882289,8.80762166390325e-05,8.42253946236812e-05
0.00073222903265943,0.00522107819147864,0.00109075194749101,0.000442050540246908,0.000112877137767665,6.45660169874677e-06,0,0,0.000153793506053805,5.09742542944189e-05,0,0,0,0,0,0,0.0514616030906009,0.0502971973112775,0,0,0,0,0,0,3.97556790514182e-05,0.000138375975417109,0,0,0,0,0,0,0,0,0,0,0,1.69054823611018e-05,0,0.0206466210901687,0.0193169746654206,0.0234471968173885,0.018530333623985,0.00229705949956292,0.000856164727366974,0.00890213924077069,0.00748097744800509,0,0.000746754351908703,0.000471867992344463,5.82534812971851e-06,0,0,0,0,0,0.000596514911140835,0.00206686419041767,5.19398418550958e-05,0,0.000206885336527852,0,0.00123310886571494,0.00383615466343439,0,0,0,0,0,0,0,0,0.000827204327578587,0.000790242217161989,0,0,0,0,0.00837980779810042,0.00614091030315841,0.000180156221361974,1.63645623785165e-05,0.0146042602735338,1.19005826551361e-05,0.0598131279388467,0.0107753518209946,0.0037004952623529
0,0,0,0.000119741090716792,0,0.0038871622719454,0,0.00230839639515116,0,0,0,0.0605727928205012,0,0,0,0,0,0,0,0,0,0,0,0,0,0,0,0,0,0,0,0,0,0,0,0.0285711786385725,0,0.00783184899450581,0,0,0,7.66499454191573e-06,0,0,0,0.000535000748321656,0,0,0,0,0,0.000697122945197349,0,0.00244759035001612,0,0,0,0.0186649607464787,0,0,0,0,0.105167373401122,0,0,0,0,0,0,0,0,0,0.000226079036324947,0,0,0,0,0,0.00452284422962989,0,3.31617149954925e-05,0,0.0024047752739983,0,0.00141621381480633,0,0
0,0,0.000428411514854173,0,0.0134464258187901,0,0.00253975219610183,0,0.000669476035806936,0,0.0691315668227541,0,0,0,0,0,0,0,0,0,0,0,0,0,0,0,0,0,0,0,0,0,0,0,0,0,0.0168357298221986,0,0.0085475028897267,0,0,0,7.42383124620154e-05,0,0,0,0.000178890213400519,0,1.09268080221631e-05,0,0.0103950669957644,0,0,0,0,0,0.00589052605838948,0,0,0,0,0,0,0.0857392410563348,0,0,0,0,0,0,0,0,0,0.00198893938686754,0,0,0,0,0,0.00863739814732471,0,0.000702440683145172,0.00225804117156517,5.24419792732727e-05,0.00197169804968585,0,0
0,0,0,0,0,0,0,0,0,0,0,0,0,0,0,0,0,0.00466070869682732,0,0,0,0,0.0293942843683133,0.00432696775155605,4.39370148784318e-05,0.00134691384476981,0,0.0113101412128215,0,0,0,0,0,0,0,0,0,0.0192182463649278,0.000114582308886186,0,0,0,0,0,0,0,0,0,0,0.00275615528539505,0,0,0,0,0,0,0,0,0,0,0,0,0,0,0.123734117688741,0.0109816593999085,0.0016806232286266,5.46147933853865e-05,0,0,0.00259818518236392,0,0.000628245044326286,0,0,0,8.98973808035942e-05,0,0,0,0.00991815265371231,2.52211775432151e-05,0.00533121588178465,0.00467266588442139,1.4373678625415e-05,0,0
0,0,0,0,0,0,0,0,0,0,0,0,0,0,0,0,0.00216439018549263,0,0,0,0,0.0293942843683133,0,0,0.00668712956562456,0,0.002146943182854,0,0.00298516620840169,0,0,0,0,0,0,0,0,2.64829583757164e-05,0.00779162702982155,0,0,0,0,0,0,0,0,0,0.0011188573673993,0,0,0,0,0,5.92546261126675e-06,0,0,0,0,0,0,0,0,0,0.000614733712269034,0.115741342018705,0,0.00597589967373755,0,0.00302375982386101,0,0.00370452129907032,0,0,0,0,0,0,0,0,1.89323886248714e-05,0.0135467022141512,0.0107810735720762,0.00472748327049163,0,0,0
0,0.0002310727643767,0,4.80647166765762e-05,0,0,0,0,0,0.00109914102077105,0,0,0,0,0,0.00239055303218163,0,0.00176478352020588,0,0,0,0.00432696775155605,0,0,0,0.0735098294574374,0,0,0,0,0,0,0,0,0,0,0,0.00832671101604451,0,0,0,0,0,0,0,0,0,0,0,0.000259465318826939,0,0,0,0,0,0.00230961679981906,0,0,0,0,0,0.000295268493552582,0,0,0.00768946811378939,0,0.0423600074932345,0,0.0811788036485507,0,1.36877768561821e-05,0,0,0,0,0,0.000528656348945403,0,0,0,0.00531370249470185,0,0.000968700108510786,8.73143697548567e-05,0.0002085170840822,0,0
0,0,0,0,0,0,0,0,0.00370638156819668,0,0,0,0,0,0.00334448461136041,0,0.00184188626885527,1.2758819323336e-05,3.97556790514182e-05,0,0,4.39370148784318e-05,0.00668712956562456,0,0,0,0.0802123519071754,0,0,0,0,0,0,0,0,0,0,0,0.00255134846728019,0,0,0,0,0,0,0,0,0,0.0028138191256905,0,0,0,0,0,0.00317213632388908,0,0,0,0,0,0.000649340584688606,0,0,0,0,0.00185926331899266,0,0.11973248483207,0,0.149024568433702,0,0,0,0,0,0,0,0,0,0,0,0.00356479590393014,0.00126384581962241,6.1201355788447e-05,0.00225153378141859,0,0
0,0,0,0,0,0,0,0,0,0,0,0,0,0,0,0.000194042877410538,1.02940143031564e-05,0.0688112107816198,0.000138375975417109,0,0,0.00134691384476981,0,0.0735098294574374,0,0,0,0.00844136939274395,0,0,0,0,0,0,0,0,0,0,0,0,0,0,0,0,0,0,0,0,0,0,0,0,0,0,0,0.000691376013255748,0,0,0,0,0,0,0,0,0,0,0.0273241434097343,0,0.023476629740703,0,0,0,0,0,0,0,0,0,0,0,0,0,0.000335907147408866,0.000173830220297068,0,0,0
0,0,0,0,0,0,0,0,0.00679760683155751,0,0,0,0,0,0.0215136855664295,0,0.00370292684605308,1.00817037830827e-05,0,0,0,0,0.002146943182854,0,0.0802123519071754,0,0,0,0.00421057621087315,0,0,0,0,0,0,0,0,0,0,0,0,0,0,0,0,0,0,0,0,0,0,0,0,0,0.00738781181378174,0,0,0,0,0,0.00187267034378744,0,0,0,0,0.00289843505572959,0,0.0349497223211242,0,0.0927563917986337,0,0.0168185371491046,0,0,0,0,0,0,0,0,0,0,0.00113430239027982,0.000459961868308099,0,0,0
0,0,0,0,0,0,0,0,0,0,0,0,0,0.012532003850259,0,0,0,0.00195003443056503,0,0,0,0.0113101412128215,0,0,0,0.00844136939274395,0,0,0,0.0245161353081533,0,0,0,0,0,0,0,0.00404165299808055,0,0,0,0,0,0,0,0,0,0,0,0,0,0,0,0,0,0,0,6.98558636440098e-06,0,0.00314180582454005,0,0,0,0,0.0101525115933892,0,0,0,0.0246652950122482,0,0.126481075457765,0,0.00187707113629434,0,0,0,0,0,0,0,0.00092100189326512,0,0.00224788433757309,0.00398507395152494,0,0,0
0,0,0,0,0,0,0,0,0,0,0.0018232164886887,0,0,0,0.000285915435480786,0,0,0,0,0,0,0,0.00298516620840169,0,0,0,0.00421057621087315,0,0,0,0.00953015510822166,0,0,0,0,0,0,0,0.00058218181735803,0,0,0,0,0,0,0,0,0,0,0,0,0,0,0,0,0,0,0,0,0,0,0,0,0,0,0.000708060740748535,0,0,0,0.0043833730937765,0,0.0292205143338694,0,0.00480698727724989,0,0,0,0,0,0,0,0.000609212075640634,0.00211030816984273,0.000784516478717759,0,0,0
0,0,0,0,0,0,0,0,0,0,0,3.61632797919182e-05,0,0.000702087060463443,0,0,0,0,0,0,0,0,0,0,0,0,0,0.0245161353081533,0,0,0,0,0,0,0,0,0,0.00939073523035145,0,0,0,0,0,0,0,0,0,0,0,0,0,0,0,0,0,0,0,0.000156932605916379,0,0.000104680541114757,0,0,0,0,0,0,0,0,0,0,0.0668370389888066,0,0.083315162187874,0,0,0,0,0,0,0,0.000252714335685673,0,0.000342856946846382,5.55474782902442e-06,0,0,0
0,0,0,0,0,0,0,0,0,0,0.00756955343318611,0,0.00227864359154972,0,0,0,0,0,0,0,0,0,0,0,0,0,0,0,0.00953015510822166,0,0,0,0,0,0,0,0,0,0.0125536207930663,0,0,0,0,0,0,0,0,0,0,0,0,0,0,0,0,0,0.00271348690075187,0,0.00107096539962163,0,0,0,0,0,0,0,0,0,0,0,0,0.000374764646818143,0,0.102454862195714,0,0,0,0,0,0,0,0.00565772082828223,0.00167972322983013,0,0,0,0
0,0,0,0,0,0,0,0,0,0,0,0,0,0,0,0,0,0,0,0,0,0,0,0,0,0,0,0,0,0,0,0,0.043433742612764,0.00290922512687782,0.000477896148129007,0.00339404023985451,0.00242259521114771,0,0,0,0,0,0,0,0,0,0,0.0266965448944123,0,0,0,0,0,0,0,0,0,0,0,0,0,0,0,0,0,0,0,0,0,0,0,0,0,0,0.224353544021619,0.0263894808774536,0.00693976334643362,7.30366698726134e-05,0.00441932382705401,0.000160421762122385,0,0,0.000353248925147378,0,0,0,0
0,0,0,0,0,0,0,0,0,0,0,0,0,0,0,0,0,0,0,0,0,0,0,0,0,0,0,0,0,0,0,0.043433742612764,0,0.00264822703244353,0.00767588673996406,0.00280556199446151,0.0100895483779348,0,0,0,0,0,0,0,0,0,0,0.131023286331236,0,0.00381870412545701,0,0,0,0,0,0,0,0,0,0,0,0,0,0,0,0,0,0,0,0,0,0,0,0,0.0935185373085264,0.103509774023052,0.00193176717221347,0.00315862089235233,0.00105851946412407,0.00217064115927833,0,0,0.00146704890502447,0,0,0,0
0,0,0,0,0,0,0,0,0,0,0,0,0,0,0,0,0,0,0,0,0,0,0,0,0,0,0,0,0,0,0,0.00290922512687782,0.00264822703244353,0,0.158260598712853,0.00824798472273706,0.000338195518493184,0.00610918042736551,0.00132738009590762,0,0,0,0,0,0,0,0,0.0547782218544336,0,0,0,0,0,0,0,0,0,0,0,0,0,0,0,0,0,0,0,0,0,0,0,0,0,0,0.00434754499882201,0.00209566496706593,0.273177780688244,0.0725757723829346,0.000799049140934279,0.000234234211091488,0.00171065730627066,0.00022225870302533,0.00154491036354878,0.000388159799138642,0,0,0
0,0,0,0,0,0,0,0,0,0,0,0,0,0,0,0,0,0,0,0,0,0,0,0,0,0,0,0,0,0,0,0.000477896148129007,0.00767588673996406,0.158260598712853,0,1.27959874589578e-05,0.0139159572304035,0.000171223776000207,0.0027888267645451,0,0,0,0,0,0,0,0,0.0835389207736189,0,8.67031886728085e-05,0,0,0,0,0,0,0,0,0,0,0,0,0,0,0,0,0,0,0,0,0,0,0,0,0.000251688643022364,0.00702589674925231,0.122416094335378,0.142080118146953,0,0.00187090650656579,2.46036000764792e-05,0.00109002349427691,0.00144054285660873,0.000109334455769667,0,0,0
0,0,0,1.60490561391884e-06,0,0.000135933806868579,0,0.00137985265600596,0,0,0,0.00184086824149691,0,0,0,0,0,0,0,0.0285711786385725,0,0,0,0,0,0,0,0,0,0,0,0.00339404023985451,0.00280556199446151,0.00824798472273706,1.27959874589578e-05,0,0.016225692893476,0.0276631318359861,0.000117936749951614,0.00033278842282296,0,0,0,0,0,0.000201985280447527,0,0.000235057419760685,0,3.56978647260294e-05,0,0,0,0,0,0,0,0.00331852106492393,0,0,0,0,0.0159183368440577,0,0,0,0,0,0,0,0,0,0,0,0.00303522369509578,0.00103473335272026,0.0106696342632054,0,0.152556411826786,0.00148299232873616,0.00550706719522105,3.74822393020858e-06,0.0200477358252469,0.00257587042426814,0.000364534885505101,0,0
0,0,0.000113692363904212,0,0.000256185488629448,0,0,0,0,0,0.00104085762461498,0,0,0,0,0,0,0,0,0,0.0168357298221986,0,0,0,0,0,0,0,0,0,0,0.00242259521114771,0.0100895483779348,0.000338195518493184,0.0139159572304035,0.016225692893476,0,0.000120129036778549,0.0172370493856904,0,0,0,2.20162235654145e-05,0,0,0,2.35907353594048e-06,0.000220356215597204,1.77786853678714e-05,7.96631257768426e-06,0.000319897253162427,0,0,0,3.1950167248366e-06,0,4.20464059291682e-05,0,2.56736189807481e-05,0,0,0,0,0.0115795855249557,0,0,0,0,0,0,0,0,0,0,0.00186554512214525,0.0195467272349903,0.000257854575189034,0.0110431901829615,0.0036241398429285,0.156663299816384,8.31451116318881e-06,0.00123800813247966,0.0219615143505446,0.0018095676088392,0.000832233398805485,0,0
0,0,0,1.10192300457899e-05,0,0,0,0,0,0.00051061137362349,0,0.0234739424299682,0,0,0,0,0,0,1.69054823611018e-05,0.00783184899450581,0,0.0192182463649278,2.64829583757164e-05,0.00832671101604451,0,0,0,0.00404165299808055,0,0.00939073523035145,0,0,0,0.00610918042736551,0.000171223776000207,0.0276631318359861,0.000120129036778549,0,0.013043839787338,4.60104032776643e-06,0,0,0,0,0,2.14275179241275e-05,0,0.00134819365923739,0,0.00652238118714555,0,0,0,0,0,0.000625919962553236,0,0.0268215891860759,0,0,0,0,0.006237616200486,0,0.0161131703407134,0,0.00740299026015265,0,0,0,0.00384393478381785,0,0.016384157323857,0,0,0,0.0160686549631768,2.92110778406392e-05,0.00627343079253379,0,0.148468369438153,0.00443520169120183,0.00591415687569556,0.000185067477251161,0.000123902774478439,0,0
0,0,0,0,0,0,0,0,0.000971081341033002,0,0.0181870158825348,0,0,0,0,0,0,0,0,0,0.0085475028897267,0.000114582308886186,0.00779162702982155,0,0.00255134846728019,0,0,0,0.00058218181735803,0,0.0125536207930663,0,0,0.00132738009590762,0.0027888267645451,0.000117936749951614,0.0172370493856904,0.013043839787338,0,0,0,0,0,0,0,0,0,0.00123488235819453,0.0133298621811062,0,0,0,0,0,0.00354426454483234,0,0.00384712689145244,0,0,0,0,0,0,0.00159555264375787,0,0.00378338544098231,0,0.00542540969615137,0,0,0,0,0,0.00398648968799906,0,0,0.000557819059309459,0.00434897769418373,0,0.00462888907323057,0.0053481555380876,0.125210910408179,0.00908700688803056,0.000604765274057315,0.00123072822391115,0,0
0,0.00166243137611514,6.43898826582037e-05,0.00671016704898496,0,0.000232101111828434,0,0,0,0,0,0,0,0,0,0,0.00102497350566141,0.00117387215519879,0.0206466210901687,0,0,0,0,0,0,0,0,0,0,0,0,0,0,0,0,0.00033278842282296,0,4.60104032776643e-06,0,0,0.000453593061578975,0.0537449149305217,0.000349845772643776,0.00447690917680691,0,0.0145123683168831,0.000305562819727852,0.00267075823704914,0.00268186123745922,0.0272523371939782,0,0,0,0,0,0,1.69631246375557e-05,0.000259179793836592,0,0,0,3.17904487926617e-05,0.0186321938998208,3.52584015510713e-05,0,0,0,0,0,0,1.42039830136236e-05,0,0.00029564507349943,2.93745613762083e-05,0,0,0,0,0.00654676258210341,8.72751299154822e-05,4.21249306237936e-06,0,0.0014417559300439,0,0.0402776117745304,0.00675072657670458,1.77154664701973e-05
0.000512626345764945,0.000101915188528834,0.000612822461771495,1.06713202803182e-05,0.000132643717180522,0,0,0,8.19985183931737e-05,0,5.62609082501661e-05,0,0,0,0,0,0.00161111767893021,0.000581616825780087,0.0193169746654206,0,0,0,0,0,0,0,0,0,0,0,0,0,0,0,0,0,0,0,0,0.000453593061578975,0,0.000298037357348821,0.0478689171907452,2.65733443283594e-05,0.0047565105327767,0.000448772377002009,0.0198089465882715,0,0.00437043947734381,0,0.000102817354609202,0,0,0,0.000148301004987777,0,0.000736649727688951,9.4863499035037e-06,0.000122781842076361,0,0,0,5.70464067708598e-05,0.00598714417704364,0,0,0,0,0,0,0,0,0,0.000381151895434825,0,0,0,0,5.15478574420623e-05,0.0043066130844887,0,4.0624914600593e-06,0.0012878721288257,9.56617931120818e-06,0.0228479269941321,0.00016652447188816,0.0169501381603348
0,0.0249125405170783,2.54621924958854e-05,0.0124285324810042,1.36504491201967e-05,0.000202883553210718,0,0,0,0.00144803512780549,0,0,0,0,0,0,0.000880811587828615,0.000919296831049113,0.0234471968173885,7.66499454191573e-06,0,0,0,0,0,0,0,0,0,0,0,0,0,0,0,0,0,0,0,0.0537449149305217,0.000298037357348821,0,0.00665489467213263,0.00374614330170003,2.53280587183416e-05,0.00768831784098481,0.000539547232890316,0.000515365279814563,1.66969447724087e-05,0.032468128796652,2.98554674369539e-05,0,0,0,0,0.00103775278299276,9.10261583668539e-06,0.0125475941548858,0,0.000122303938724936,0,0.000934128946776043,0.00293606885411369,0.000120714050731212,0,0,0,0,1.84057391299181e-05,0,9.34269058391708e-05,0,0.00531843955979345,0,0,0,0,0,0.00891331228508471,4.48051489295483e-05,4.74174884535183e-05,0,0.00577393567030329,1.50963352572075e-06,0.0869070019554809,0.0242447886905251,4.10938991449913e-05
0.00735958418947255,0,0.0112661603832696,7.5562239572436e-05,0.00287391063531738,6.88088360735549e-06,0,0,0.00303135334740875,0,0,0,0,0,0,0,0.00179056951313266,0.000516867204614316,0.018530333623985,0,7.42383124620154e-05,0,0,0,0,0,0,0,0,0,0,0,0,0,0,0,2.20162235654145e-05,0,0,0.000349845772643776,0.0478689171907452,0.00665489467213263,0,0.000443225293606625,0.00370702473033326,0.000256062982883889,0.00656521951414354,0.000443940876529082,0.00302747846269268,0.0012895380296102,0.00228777653227468,0,0,0,0.0026941308031878,0,0.0209765298563432,5.74203182992334e-06,0.00181911200094355,0,0.000339825194327186,0,3.44598488023502e-06,0.0121199411274366,0,0,0,0,0,0,0,0.00016205750514585,0,0.0192564899909646,0,0,0,0,0.000100359823297353,0.0126602440186702,1.544839977214e-06,3.35670523543392e-05,0.00551936569429146,4.70830473529692e-05,0.0867188984659901,0.000352144987081508,0.0370498364643547
0,0,0,0,0,0,0,0,0,0,0,0,0,0,0,0,0.000182837666953341,0.00015273198556409,0.00229705949956292,0,0,0,0,0,0,0,0,0,0,0,0,0,0,0,0,0,0,0,0,0.00447690917680691,2.65733443283594e-05,0.00374614330170003,0.000443225293606625,0,0,0.000644916083090844,0,0,0,0,0,0,0,0,0,0,0,0,0,0,0,0,0.000145802193910845,0.000110545792703007,0,0,0,0,0,0,0,0,0,0,0,0,0,0,0.000736936476775566,1.28974903743276e-05,2.41860018918268e-05,0,0.000107165763162353,0,0.00286332443957577,0.00249481682651441,0
0,0,0,0,0,0,0,0,0,0,0,0,0,0,5.56190205901852e-05,0,4.96553840963807e-05,0,0.000856164727366974,0,0,0,0,0,0,0,0,0,0,0,0,0,0,0,0,0,0,0,0,0,0.0047565105327767,2.53280587183416e-05,0.00370702473033326,0,0,0,0.000539945653776285,0,0,0,0,0,0,0,0,0,1.3102447184992e-05,0,0,0,0,0,0,0.00103037442679998,0,0,0,0,0,0,0,0,0,0.000231649794719367,0,0,0,0,0,0.00043532038009811,0,4.3759860404763e-06,3.85471898578544e-05,0,0.00176403363865322,0,0.00218426400865035
0,0.000497342191116484,0,0.000731470851710332,0,0,0,0,0,0,0,7.98379046547268e-06,0,0,0,0,0.000548398992095271,0.000753270097541663,0.00890213924077069,0.000535000748321656,0,0,0,0,0,0,0,0,0,0,0,0,0,0,0,0.000201985280447527,0,2.14275179241275e-05,0,0.0145123683168831,0.000448772377002009,0.00768831784098481,0.000256062982883889,0.000644916083090844,0,0,3.13922943039567e-05,1.41119301555341e-05,0,0.000360799515334474,0,0,0,0,0,0,6.07765180038575e-06,0.000402029400208862,0,0,0,0,0.0511173839031413,6.33721342399143e-05,0,0,0,0,0,0,0,0,0.000283659849545904,0,0,0,0,0,0.00889356827539398,6.19047580770054e-05,0.00118766301355082,0,0.000383024850097673,0,0.0259852230444029,0.000300291020899834,0
0,0,0.000222060394651479,0,0.000131026959615519,0,0,0,2.15586717076141e-05,0,8.05095271138855e-05,0,0,0,0,0,0.000805084489431149,0.000342168897608459,0.00748097744800509,0,0.000178890213400519,0,0,0,0,0,0,0,0,0,0,0,0,0,0,0,2.35907353594048e-06,0,0,0.000305562819727852,0.0198089465882715,0.000539547232890316,0.00656521951414354,0,0.000539945653776285,3.13922943039567e-05,0,0,0,1.34017351887268e-05,1.41531542221802e-05,0,0,0,3.81343503753889e-05,0,0.00106815711280868,6.87881111802256e-06,1.04505432077098e-05,0,0,0,5.26172870613171e-06,0.0474923159305632,0,0,0,0,0,0,0,0,0,0.000259824838747572,0,0,0,0,9.37366660179887e-05,0.0141447926588211,0,0.000531064955403148,0.000502165746695621,0,0.0202528269786174,0.000123346635549188,0.000361690269246709
0,0,0,0.000111683378540148,0,0,0,0,0,0,0,0,0,0,0,0,0,0,0,0,0,0,0,0,0,0,0,0,0,0,0,0.0266965448944123,0.131023286331236,0.0547782218544336,0.0835389207736189,0.000235057419760685,0.000220356215597204,0.00134819365923739,0.00123488235819453,0.00267075823704914,0,0.000515365279814563,0.000443940876529082,0,0,1.41119301555341e-05,0,0,0.0282986903100146,0.184337316294254,0,0,0,0,0,0,0,0,0,0,0,0,4.17915435352188e-05,0,0,0,0,0,0,0,0,0,0,0,0.0803885107630064,0.172607367512245,0.0206932229734965,0.0110466868918869,0.0154448101391651,0.00720279440697584,0,0,0.0126718814232703,0,0.00172081246777436,0,0
0.00490068950970577,0,0.00214736352759934,0,0.000196683992555813,0,0,0,0.00353173448110938,0,0,0,0,0,0,0,7.89209892452895e-06,4.68907734484381e-05,0.000746754351908703,0,1.09268080221631e-05,0,0.0011188573673993,0,0.0028138191256905,0,0,0,0,0,0,0,0,0,0,0,1.77786853678714e-05,0,0.0133298621811062,0.00268186123745922,0.00437043947734381,1.66969447724087e-05,0.00302747846269268,0,0,0,0,0.0282986903100146,0,0.0266152192498626,0.000244954660303725,0,0,0,0.000905987983298396,0,0.000171341009564455,0,0.000177253152918499,0,0.00197903484363897,0,0,0.000210846923642239,0,0.00267272121739704,0,0.0101864733473098,0,0.000250201284774525,0,0.00372203517468791,0,0.000439464757628367,0,0.000201648829895122,0,0.000384493883048751,0,0.00103154962482768,0,0.014600002722769,0.00620915193294879,0,0.010777352398537,0,2.15148518650007e-05
0,0.00937351113591822,0.000115860197955103,0.01836906188791,0,0.000532903194399748,0,0,0,0.00254099862114677,0,0,0,0,0,0,6.20992069860267e-06,1.99009004354361e-05,0.000471867992344463,0,0,0.00275615528539505,0,0.000259465318826939,0,0,0,0,0,0,0,0,0.00381870412545701,0,8.67031886728085e-05,3.56978647260294e-05,7.96631257768426e-06,0.00652238118714555,0,0.0272523371939782,0,0.032468128796652,0.0012895380296102,0,0,0.000360799515334474,1.34017351887268e-05,0.184337316294254,0.0266152192498626,0,0,0,0,0,0,0.000857173250611771,4.35224066781947e-05,0.00595267681528038,0,0.00141482769973021,0,0.0110275656522957,7.71840158246075e-05,0,0.00550808438426322,0,0.00636192454602057,0,0.0066476796857649,0,0.0038533427999324,0,0.00793352178755406,0,0.000498013051102163,0.00653097810442959,0,0,0.00256737025827616,9.1725146850229e-06,0.0018931477882543,0,0.0062560334610257,0,0.0234359390893459,0.000192379280378302,0
0,0,0.00694425515948026,0,0.0594873163958914,0,0.00239374855078528,0,0.00246545319942391,0,0,0,0,0,0.00724120074019352,0,5.59509689319337e-05,0,5.82534812971851e-06,0,0.0103950669957644,0,0,0,0,0,0,0,0,0,0,0,0,0,0,0,0.000319897253162427,0,0,0,0.000102817354609202,2.98554674369539e-05,0.00228777653227468,0,0,0,1.41531542221802e-05,0,0.000244954660303725,0,0,0,0.0204849986742414,0,0.0056344563337404,0,0.00606375516964076,0,0.00208904247214281,0,0.0138592694458415,0,0,0.00306125738251593,0,0,0,0,0,0,0,0,0,0,0,0,0,0,0,0.000233143564124963,0,0,0.00190023880034643,0,0.00838811831382254,0,0.000147377667508163
0,0,0,0.00119771046524052,0,0.149241564973535,0,0,0,0,0,0.000597938687333338,0,0,0,0,0,0,0,0.000697122945197349,0,0,0,0,0,0,0,0,0,0,0,0,0,0,0,0,0,0,0,0,0,0,0,0,0,0,0,0,0,0,0,0,0,0.00795671215883695,0,0,0,0.00998799973019829,0,0.00145778791171354,0,0,0.000373157197930369,0,0,0,0,0,0,0,0,0,0,0,0,0,0,0,0,0,0,0,0.00140553630328731,0,0.00150153823855256,0,0
0,0,0,0,0,0,0.0316614715096164,0,0,0,4.89032544370737e-05,0,0,0,0,0,0,0,0,0,0,0,0,0,0,0,0,0,0,0,0,0,0,0,0,0,0,0,0,0,0,0,0,0,0,0,0,0,0,0,0.0204849986742414,0,0,0,0,0,0.0439286317125402,0,0,0,0,0,0,0,0,0,0,0,0,0,0,0,0,0,0,0,0,0,0,0,0,0,0.000873137421103843,0,0,0,0
0,0,0,0,0,0,0,0.00376695740356451,0,0,0,7.38521531532823e-05,0,0,0,0,0,0,0,0.00244759035001612,0,0,0,0,0,0,0,0,0,0,0,0,0,0,0,0,0,0,0,0,0,0,0,0,0,0,0,0,0,0,0,0.00795671215883695,0,0,0,0,0,0.00949485850936492,0,0.00600889637377146,0,0,0.00432196185684588,0,0,0,0,0,0,0,0,0,0,0,0,0,0,0,0,0,0,0,9.54421929683143e-05,0,0,0,0
0.0695023519346426,0,0.121738479648988,3.8779161361534e-05,0,0,0,0,0.0860349955395217,0,0,0,0,0,0.0202225404164428,0,0.000454980979423425,0,0,0,0,0,5.92546261126675e-06,0,0.00317213632388908,0,0.00738781181378174,0,0,0,0,0,0,0,0,0,3.1950167248366e-06,0,0.00354426454483234,0,0.000148301004987777,0,0.0026941308031878,0,0,0,3.81343503753889e-05,0,0.000905987983298396,0,0.0056344563337404,0,0,0,0,0,0.000525634867129842,0,2.619789575313e-05,0,0.0271155789021034,0,0,0.000223581925460872,0,0,0,0.0254423670615918,0,0.00457998637104883,0,0,0,8.11059134332018e-05,0,0,0,0,0,3.51878895677008e-05,0,0.00319636036156579,0.000709774507996714,7.5027160268068e-05,0.00372456432011036,0,0.00102415763728328
0,0.0486430074702789,0,0.000885788086572928,0,0,0,0,0,0.137696759508943,0,0,0,0,0,0.032951874077733,0,0,0,0,0,0,0,0.00230961679981906,0,0.000691376013255748,0,0,0,0,0,0,0,0,0,0,0,0.000625919962553236,0,0,0,0.00103775278299276,0,0,0,0,0,0,0,0.000857173250611771,0,0,0,0,0,0,0,0,0,0,0,0.0363095605260553,0,0,0,0,0.00599901948194116,0,0.00117719382571717,0,5.73931117981968e-05,0,0,2.98032571873839e-05,0,0,0.000517948836292905,0,0,0,0.00090371709227975,0,0.000234905818422561,0,0.00274967620925434,0,0
9.35546613343953e-05,0,0.00152096108449536,1.41540819094009e-05,2.67036783634729e-05,0,0.0106467382406448,0,0.000124934476123313,0,0.0994393177401041,0,0.0147859363040596,0,0,0,9.28199764720269e-05,3.72403233472722e-06,0.000596514911140835,0,0.00589052605838948,0,0,0,0,0,0,0,0,0,0.00271348690075187,0,0,0,0,0,4.20464059291682e-05,0,0.00384712689145244,1.69631246375557e-05,0.000736649727688951,9.10261583668539e-06,0.0209765298563432,0,1.3102447184992e-05,6.07765180038575e-06,0.00106815711280868,0,0.000171341009564455,4.35224066781947e-05,0.00606375516964076,0,0.0439286317125402,0,0.000525634867129842,0,0,0,0.017227563606475,0,0,0,5.97735928518331e-06,0.0274450562902222,0,0,0,0,0,0,0,0.0006931142071011,0,0.0237466866609184,0,0,0,0,1.24310318497422e-05,0.000219886835912008,0,0.000757147938054439,0.000798423623847825,3.06588619158837e-05,0.0398717194632891,1.55456464652855e-05,0.00387206637079052
0,0.00196600404475569,0,0.00547654824401037,1.02084866083641e-05,0.000993460748234856,0,0.000633359091131345,0,0.000201918385139083,0,0.146358428648019,0,0.000223335330867512,0,0,0,4.45955948459794e-05,0.00206686419041767,0.0186649607464787,0,0,0,0,0,0,0,6.98558636440098e-06,0,0.000156932605916379,0,0,0,0,0,0.00331852106492393,0,0.0268215891860759,0,0.000259179793836592,9.4863499035037e-06,0.0125475941548858,5.74203182992334e-06,0,0,0.000402029400208862,6.87881111802256e-06,0,0,0.00595267681528038,0,0.00998799973019829,0,0.00949485850936492,0,0,0,0,0,0.00875879126383467,0,0.000174311490975744,0.0529419668596092,0,5.07678484186178e-05,0,0.000164277604959313,0,0.000244664563251719,0,0.00125053132016339,0,0.00455300070481196,0,0,0,0,0,0.00119570648419532,0,0.000799055449421992,0,0.00257095253202551,0,0.0140960928634548,0.00134549071599287,1.35870965267763e-05
0,0,0.00326405767797481,2.20174184089323e-05,0.000407128063304653,0,0.000473245594168158,0,0,0,0.0167359745029477,0,0.00737265134906764,0,0.00904036623013481,0,0,0,5.19398418550958e-05,0,0,0,0,0,0,0,0,0,0,0,0.00107096539962163,0,0,0,0,0,2.56736189807481e-05,0,0,0,0.000122781842076361,0,0.00181911200094355,0,0,0,1.04505432077098e-05,0,0.000177253152918499,0,0.00208904247214281,0,0,0,2.619789575313e-05,0,0.017227563606475,0,0,0,0.00229377766844566,0,0,0.000168038274785057,0,0,0,0,0,0,0,0,0,3.31166049286414e-05,0,0,0,0,0,4.22139226997637e-06,0,0,0.000789061481780116,0,0.00581369294216934,0,0.000693604235512013
0,0.000597811681511283,0,0.000163766847017089,0,0.00115958581120625,0,0.00699878267664328,0,0,0,0.0665159957388245,0,0.069153188915503,0,0.000156061025336385,0,0,0,0,0,0,0,0,0,0,0,0.00314180582454005,0,0.000104680541114757,0,0,0,0,0,0,0,0,0,0,0,0.000122303938724936,0,0,0,0,0,0,0,0.00141482769973021,0,0.00145778791171354,0,0.00600889637377146,0,0,0,0.00875879126383467,0,0,0,0.0103184616898476,5.37990731647864e-05,0,0,0,0,0,7.60498305039589e-05,0,0.00101995562297006,0,0.000238126719987223,0,0,0,0,0,0,0,0,0,0.00400422471267808,0.000223476861053411,0.00072117515503285,0,0
0.0331700189287482,0,0.000173851356911357,0,0,0,0,0,0.0268716698196322,0,0,0,0.000407254266758341,0,0.017482761926319,0,0.00211162056915899,0,0.000206885336527852,0,0,0,0,0,0.000649340584688606,0,0.00187267034378744,0,0,0,0,0,0,0,0,0,0,0,0,0,0,0,0.000339825194327186,0,0,0,0,0,0.00197903484363897,0,0.0138592694458415,0,0,0,0.0271155789021034,0,0,0,0.00229377766844566,0,0,0,0,0,0,0,0,0.00122916355854215,0,0,0,0,0,2.13761448453524e-05,0,0,0,0,0,0,0,0,0.000399589797386258,0.000116538967156092,0.000410693551318049,0,4.60596022723212e-05
0,0.0133583215904653,5.24366527916258e-05,0.0266395224529409,0,0,0,0,0,0.00598741312896035,0,0,0,0.0143164587321665,0,0.00179733169575586,0,2.41539206306818e-05,0,0,0,0,0,0.000295268493552582,0,0,0,0,0,0,0,0,0,0,0,0,0,0,0,3.17904487926617e-05,0,0.000934128946776043,0,0,0,0,0,0,0,0.0110275656522957,0,0,0,0,0,0.0363095605260553,0,0.000174311490975744,0,0.0103184616898476,0,0,0,0,0,0,0.00100086445535173,0,3.02988188360491e-05,0,0,0,0.000162020348923062,0,0,0,0,0,1.38369020358763e-05,0,0,0,7.07037741151178e-05,1.07583801925133e-05,0.00118217020349643,0,0
0,0.000608501821807059,0,0.000347158869746605,0,4.31165262978735e-05,0,0.000455673590236223,0,0,0,0.0131458885668934,0,0,0,0,8.02774756517896e-05,3.38610975405858e-05,0.00123310886571494,0.105167373401122,0,0,0,0,0,0,0,0,0,0,0,0,0,0,0,0.0159183368440577,0,0.006237616200486,0,0.0186321938998208,5.70464067708598e-05,0.00293606885411369,3.44598488023502e-06,0.000145802193910845,0,0.0511173839031413,5.26172870613171e-06,4.17915435352188e-05,0,7.71840158246075e-05,0,0.000373157197930369,0,0.00432196185684588,0,0,5.97735928518331e-06,0.0529419668596092,0,5.37990731647864e-05,0,0,0,4.07704888966678e-05,0,0,0,0,0,0,0,0,0.00585523861131876,0,0,0,0,0,0.00721283965302656,1.123171864837e-05,0.00248194757619581,0,0.0013810986857826,0,0.0336633479707412,7.88848433502082e-05,0
0,0,0.00041956801237621,0,0.0015779986801229,0,0,0,1.99316547178595e-05,0,0.0755721232151616,0,0,0,0,0,0.000517043736671078,0.000137887672075565,0.00383615466343439,0,0.0857392410563348,0,0,0,0,0,0,0,0,0,0,0,0,0,0,0,0.0115795855249557,0,0.00159555264375787,3.52584015510713e-05,0.00598714417704364,0.000120714050731212,0.0121199411274366,0.000110545792703007,0.00103037442679998,6.33721342399143e-05,0.0474923159305632,0,0.000210846923642239,0,0.00306125738251593,0,0,0,0.000223581925460872,0,0.0274450562902222,0,0.000168038274785057,0,0,0,4.07704888966678e-05,0,0,0,0,0,0,0,0,3.30614642120378e-05,7.56011139974241e-05,0.00655304618846067,0,0,0,0,2.11467733171708e-05,0.0186748863464786,0,0.00103141510429631,0.00229443385899217,2.43981259104113e-05,0.0193026945613886,1.5125956320915e-05,0.000322333913249103
0,0,0,0,0,0,0,0,0,0,0,0,0,0,0,0,0,0.000129089152871224,0,0,0,0.123734117688741,0.000614733712269034,0.00768946811378939,0,0,0,0.0101525115933892,0,0,0,0,0,0,0,0,0,0.0161131703407134,0,0,0,0,0,0,0,0,0,0,0,0.00550808438426322,0,0,0,0,0,0,0,5.07678484186178e-05,0,0,0,0,0,0,0,0.00014145199780924,0.0104418283378628,0,0.00158400479723047,0,0.00245256009124094,0,0.000401038768667906,0,0,0,0,0,0,0,0.00324204236626069,0,0.00165027069157738,0.000520905839678096,1.56528852322683e-05,0,0
0,0,0,0,0,0,0,0,0,0,0,0,0,0,0,0,0.00147226563484554,0,0,0,0,0.0109816593999085,0.115741342018705,0,0.00185926331899266,0,0.00289843505572959,0,0.000708060740748535,0,0,0,0,0,0,0,0,0,0.00378338544098231,0,0,0,0,0,0,0,0,0,0.00267272121739704,0,0,0,0,0,0,0,0,0,0,0,0,0,0,0,0.00014145199780924,0,0,0.0109303717405304,0,0.00367831853214311,0,0.00132364355704041,0,0,0,0,0,0,0,0,2.41783051424483e-05,0.00354715994005676,0.00238558526483291,0.000712539639909583,0,0,0
0,0.000171799325974465,0,0,0,0,0,0,0,0.00535216183106679,0,0,0,0,0,0.00695310395345745,0,5.32224593051724e-05,0,0,0,0.0016806232286266,0,0.0423600074932345,0,0.0273241434097343,0,0,0,0,0,0,0,0,0,0,0,0.00740299026015265,0,0,0,0,0,0,0,0,0,0,0,0.00636192454602057,0,0,0,0,0,0.00599901948194116,0,0.000164277604959313,0,0,0,0.00100086445535173,0,0,0.0104418283378628,0,0,0,0.0390464662777901,0,0.0017083529194955,0,0,0,0,0,0.00286958739965536,0,0,0,0.0158949144635446,0,0.000429937800015679,7.2342705069104e-05,0.00621349825210928,0,0
0.000521585035599056,0,0,0,0,0,0,0,0.00150497417210921,0,0,0,0,0,0,0,0.000845557920247654,0.000568416212314149,0,0,0,5.46147933853865e-05,0.00597589967373755,0,0.11973248483207,0,0.0349497223211242,0,0,0,0,0,0,0,0,0,0,0,0.00542540969615137,0,0,0,0,0,0,0,0,0,0.0101864733473098,0,0,0,0,0,0.0254423670615918,0,0,0,0,0,0.00122916355854215,0,0,0,0,0.0109303717405304,0,0,0,0.104532946711613,0,0,0,0,0,0,0,0,0,0,0,0.00640861137578471,0.000628581369879689,0,0.00525443306320954,0,0
