0,0,0.0499287858235354,0,0,0,0,0,0.128787663275876,0,0,0,0.00570888499251034,0,0.00402522732877525,0,0.000671192347754813,8.42031031116946e-05,0.00327221890018759,0,0,0,0,0,0.0483293311542429,0,0.00271507469616833,0,0,0,0,0,0,0,0,0,0,0,0.000669872426791997,0,0.00095991089343203,0,0.0068788903960706,0,0.00140743251950391,0.000154540528938965,0.000861694603190374,0,0.0511034082312894,0,0,0,0,0,0.177226932667296,0,0.00044872630697877,0,0.0524489696245556,0,0.0366091837777003,0,0,0,0,0,0,0.0348698213007817,0,0.000447291024812826,0,0.00330280234186975,0,0.0043525136035867,0,0,0,0,2.47688018717538e-06,3.8087093943016e-05,0,3.50578007318517e-05,0.000839556779082177,0,0.0124862800646076,0,0
0,0,0,0.0171831706965578,0,0,0,0,0,0.0675399359066524,0,0,0,0,0,0.000325195592943881,1.0447954244656e-05,6.64963092714165e-06,0.00152588506880891,0,0,0,0,0.0400138899566011,0,0,0,0,0,0,0,0,0,0,0,0,0,0.00115416200995516,0,0.000585690324716769,0.000173757439052383,0.00847583186237908,2.89434383365288e-05,0.00299128284729475,0,0.0114936266236842,0.000175062299236411,0,0,0.061219632006984,0,0,0,0,0,0.0770004396008672,0,0.014589645216516,0,0.000110050871438217,0,0.0212235922328054,0.00307349248487384,0,0,0,0.0900169932417328,0,3.5687262095194e-05,0,0.000543345269781885,0,0.0434714858309333,0,0,0,0,0,0.000336836817413,5.10430147227538e-06,0.00345101506214791,0,0.000842757985402148,0,0.0303927458759617,0.000265150802104784,2.47830538359502e-05
0.0499287858235354,0,0,0,0.0029539033266306,0,0,0,0.0770296265245257,0,0,0,0.000122111593379626,0,0.00136755491853016,0,0,3.74101046363498e-06,7.44539674477409e-05,0,0,0,0,0,0,0,0,0,0,0,0,0,0,0,0,0,0.000128269246747422,0,1.56677198047688e-05,0,0.000824267843770692,0,0.0136427847854213,0,0.0103326235589356,9.36887169801232e-06,0.00128422387233975,0,0.01350534051094,0,0.0559585767082764,0,0,0,0.160936631427449,0,0.00375303433510559,0,0.00345684899971516,0,0.0448604028167367,0,0,7.42182719437554e-05,0,0,0,0,0,3.1928727963988e-05,0,0.00103561724981156,0,0.00731897041693455,0,0,0,0,0,6.74731679076258e-05,0,8.85100565335528e-05,0.00101011143390143,5.2471175198063e-06,0.0277569767828853,0,6.17565727076674e-05
0,0.0171831706965578,0,0,0,0.000558607404798802,0,0,0,0.0590786806235155,0,0,0,0,0,0.0220718677566284,1.04108753314708e-05,1.06925212419818e-05,0.000121470243758163,0.000314260373829825,0,0,0,9.7696077659548e-05,0,0,0,0,0,0,0,0,0,0,0,0.000100037515923083,1.00886248634073e-05,1.50394843878242e-05,0,0.000339318583820769,0.000127998957427008,0.0179198709478818,3.37497676013805e-05,0.00851709609268302,0,0.00441641531509086,2.39282126076668e-05,2.36682501477423e-05,0,0.0116727278059502,0,0.0012406407383158,0,0,0,0.153675912041882,0,0.00275378878992304,0,0.00046976966265184,0,0.0490217461288331,0.000936705716149775,0,0,0,0,0,0,0,2.41943479355709e-05,0,0.0014129657316754,0,0,0,0,0,0.00034773620388895,1.32685979820427e-06,6.12067795764797e-05,0,0.00106034014424144,8.25830552412879e-05,0.0171509232104564,0.00139591383950838,0
0,0,0.0029539033266306,0,0,0,0,0,0.00698492895734179,0,0,0,0,0,0,0,0,0,0,0,0,0,0,0,0,0,0,0,0,0,0,0,0,0,0,0,0,0,0,0,0,0,0,0,0,0,0,0,0,0,0.014890575824128,0,0,0,0.0144833985621049,0,0.000121338675989713,0,0,0,0,0,0,0,0,0,0,0,0,0,0,0,0,0,0,0,0,0,0,0,0,0,0.000174501045871474,0,0.00381211323750521,0,0
0,0,0,0.000558607404798802,0,0,0,0.0261050577434511,0,0,0,0,0,0,0,0,0,0,0,0,0,0,0,0,0,0,0,0,0,0,0,0,0,0,0,0.00125704050491298,0,0,0,0,0,0,0,0,0,0,0,0,0,0,0,0.0523122942152013,0,0.027722663377497,0,0,0,0,0,0.000178777959632453,0,0.000142934712794168,0,0,0,0,0,0,0,0,0,0,0,0,0,0,0,0,9.30357789440683e-05,0,0,0,0.000653646183747503,5.95223900745623e-06,0.000286976527807299,0,0
0,0,0,0,0,0,0,0,0,0,0,0,0,0,0,0,0,0,0,0,0,0,0,0,0,0,0,0,0,0,0,0,0,0,0,0,0,0,0,0,0,0,0,0,0,0,0,0,0,0,0.00135779119184454,0,0.00164394217539002,0,0,0,0.012266012024946,0,0.000263030997302849,0,0,0,0,0,0,0,0,0,0,0,0,0,0,0,0,0,0,0,0,0,0,0,0,0,0,0,0
0,0,0,0,0,0.0261050577434511,0,0,0,0,0,0,0,0.000547551922129149,0,0,0,0,0,0,0,0,0,0,0,0,0,0,0,0,0,0,0,0,0,0,0,0,0,0,0,0,0,0,0,0,0,0,0,0,0,0.0220671104175301,0,0.056877532274155,0,0,0,0,0,0.0133767261395623,0,0,0,0,0,0,0,0,0,0,0,0,0,0,0,0,0,0,0,0,0,0,0.00107036159437034,0,0,0,0
0.128787663275876,0,0.0770296265245257,0,0.00698492895734179,0,0,0,0,0,0,0,0.000101760833429818,0,0.00152954294784887,0,0.00246382469230641,0,0.000473643570864685,0,0,0,0,0,0.0495398033835366,0,0,0,0,0,0,0,0,0,0,0,0,0,0.00281921590566852,0,0.00104455080328987,1.1429826938838e-05,0.0275693051171523,0,0.00016453458277059,5.13699701417923e-05,0.000297595388577061,1.66787341086707e-05,0.00593429950355001,0,0.00313221220664172,0,0,0,0.0517985053576985,0,0.00158827267966534,0,0.000443632266972371,0,0.00537343511214556,0,0,0,0,0,0,0.0210961208245652,0,0,0,0.0056714025928598,0,0.026896120794077,0,0,0,0,0,4.91882376865791e-06,0,0.000222164181105054,0.00289462344622145,2.12568977643452e-05,0.0268866768630018,0,0.000477223253668779
0,0.0675399359066524,0,0.0590786806235155,0,0,0,0,0,0,0,0,0,0,0,0.0379651502943575,0,0.00557777833056397,0.000589224191392173,0,0,0,0,0.010743191465752,0,0.000187442308625847,0,0,0,0,0,0,0,0,0,0,0,0.00240864457435267,0,0.000318712962447886,0,0.00994963152012572,0,0.000221715508747951,0,0.00125037479781891,1.52774528925268e-05,0,0,0.00699689248464257,0,0,0,0,0,0.0475159917569776,0,0.00233108791114113,0,0.000305406565698406,0,0.0108606126097062,0,0,0,0,0.00646259063937673,0,0,0,9.79182688732151e-05,0,0.0239556807414315,0,0,0,0,0,0.000106405786707106,0,0.000233103552584217,0,0.00242012633993996,2.50219917524941e-05,0.0140773764211504,0.000531988195540997,0
0,0,0,0,0,0,0,0,0,0,0,0,0.00435656941469392,0,0,0,0,0,0,0,0.0617235716825862,0,0,0,0,0,0,0,0,0,0.00343774057809685,0,0,0,0,0,0.000510991305894933,0,0.00300643259995733,0,0,0,0,0,0,0,0,0,0,0,0,0,0,0,0,0,0.249480523430122,0,0.0454908032352085,0,0,0,0,0.0115800484552755,0,0,0,0,0,0,0,0,0,0.0164311059030715,0,0,0,0,0,0,0,2.6046972989138e-05,0.000489779159946005,0,0,0,0
0,0,0,0,0,0,0,0,0,0,0,0,0,0.0214589493030009,0,0,0,0,0,0.0190060231267315,0,0,0,0,0,0,0,0.00069860889974546,0,0.00454610726300395,0,0,0,0,0,0.00127162255270061,0,0.00131041448113971,0,0,0,0,0,0,0,0,0,0,0,0,0,0,0,0,0,0,0,0.161698949975058,0,0.0258362250897584,0,0,0.000485370714764009,0,0,0,0,0,0,0,0.00479339083153607,0,0.0131616235804273,0,0,0,0,0,0,0,0,0,0.000955186501185625,0.0022043266183523,0.000203731479649748,0,0
0.00570888499251034,0,0.000122111593379626,0,0,0,0,0,0.000101760833429818,0,0.00435656941469392,0,0,0,0.0019218207179663,0,0,0,0,0,0,0,0,0,0,0,0,0,0.000658798367203846,0,0,0,0,0,0,0,0,0,0,0,0,0,0,0,0,0,0,0,0,0,0,0,0,0,0,0,0.000106276866604763,0,0.0185664751086968,0,0,0,0,0,0,0,0,0,0,0,0,0.00762244110962011,0,0,0,0,0,0,0,0,0,0,0.00028521839023495,5.24632978340378e-05,0,0,0
0,0,0,0,0,0,0,0.000547551922129149,0,0,0,0.0214589493030009,0,0,0,0.00611149229138693,0,0,0,0,0,0,0,0.000237131105276376,0,0.00286596010160855,0,0.0228478783487426,0,0.00106532842702769,0,0,0,0,0,0,0,0,0,0,0,0,0,0,0,0,0,0,0,0,0,0,0,0,0,0,0,0.00237562663773088,0,0.0746831624046137,0,0,0,0,0,0,0,0,0.00054848763969531,0,0.00100815998987327,0,0.00157150241298785,0,0,0,0,0,0,0,0,0,0.000723063133724274,0.000707025545378504,0,0,0
0.00402522732877525,0,0.00136755491853016,0,0,0,0,0,0.00152954294784887,0,0,0,0.0019218207179663,0,0,0,0,0,0,0,0,0,0,0,0.00540214647346389,0,0,0,0,0,0,0,0,0,0,0,0,0,2.36214550518663e-05,0,0,0,0,0,0,0,0,0,0.00038820054820008,0,0,0,0,0,0,0,0,0,0.000208993935510696,0,0.0241608752928991,0,0,0,0,0,0,0,0,0,0,0,0,0,0,0,0,0,0,0,0,3.99076452115088e-05,1.22267839955e-05,0,1.759504699459e-05,0,0
0,0.000325195592943881,0,0.0220718677566284,0,0,0,0,0,0.0379651502943575,0,0,0,0.00611149229138693,0,0,0,0,0,0,0,0,0,0.00366097823338315,0,0.0170799394552608,0,0,0,0,0,0,0,0,0,0,0,0,0,0,0,9.0512910792842e-06,0,0,0,0,0,0,0,0.00294661697180222,0,0,0,0,0,5.05862194247197e-05,0,5.71549368998505e-05,0,0.000710554112564438,0,0.0526473207690609,0,0,0,0,0,0,0.00221173658647653,0,0,0,8.38214819556208e-05,0,0,0,0,0,0,0,0,0,0.000592986559529747,0,0,0,0
0.000671192347754813,1.0447954244656e-05,0,1.04108753314708e-05,0,0,0,0,0.00246382469230641,0,0,0,0,0,0,0,0,0.223729835704592,0.0574264038689843,0,1.77782335914515e-05,0,0.00137413813776626,0,8.10368550948993e-05,0,0.00245912210772781,0,0,0,0,0,0,0,0,0,0,5.44689764328012e-06,1.53045652500198e-05,0.000289311972673763,0.00281264467032424,0.000171148607723446,0.00264574396549805,4.92158118812164e-05,0,0.00420225924628839,0.00318211320782645,0,7.73895059888192e-05,8.00556955258468e-06,0,0,0,0,0,0,2.83068814309398e-05,0,0,0,0,0,0.00031219250834568,4.84573859763882e-05,0,0.000260915727291229,0,6.77752459240865e-06,0,0.00013050003326498,0,8.95788329947968e-05,4.03490905681155e-05,0.000907433362857335,0,0,0,0,0.000397580732767389,0.000418281926159839,0.000188886459467186,0.0001523893795712,0.0293133611352626,0.0011113921973208,0.00719468303406653,4.04254117442015e-05,0.000102001540088733
8.42031031116946e-05,6.64963092714165e-06,3.74101046363498e-06,1.06925212419818e-05,0,0,0,0,0,0.00557777833056397,0,0,0,0,0,0,0.223729835704592,0,0.0526592632083027,0,0,0.000909905405612505,0,0.000377641713776427,0,0.0120081195126998,0,0.00145131324715823,0,0,0,0,0,0,0,0,0,0.000107173145658473,0,0.000742862291008747,0.00155645282039258,0.00101855213705088,0.00110773894032465,2.30654858435703e-05,0,0.00402105013504204,0.00261228998648442,0,0,6.77609942081919e-05,0,0,0,0,0,3.73637229191806e-06,0,1.51381237651647e-05,0,0,0,0,0.00031998218635031,4.47085074085697e-05,2.47385158017236e-05,0,0,0,0.000334358663231158,0,0,1.51723160586792e-05,7.51859572158755e-05,0.000134375770413372,0,0,0,0,0.000493101218993507,0.000146549651579319,0.000518055158872987,8.98982418033079e-05,0.0380298272143591,0.0183474407474309,0.00484834707377988,0.000107180310086787,0.000120134176744401
0.00327221890018759,0.00152588506880891,7.44539674477409e-05,0.000121470243758163,0,0,0,0,0.000473643570864685,0.000589224191392173,0,0,0,0,0,0,0.0574264038689843,0.0526592632083027,0,0.00013618670086505,0,0,0,0,0,0,0,0,0,0,0,0,0,0,0,0,0,0.000381396206262318,7.3038319328613e-06,0.00689827656107567,0.0323531062139262,0.0192440990950274,0.0323775333878765,0.000214909832355619,3.45372407209221e-05,0.0679562877699219,0.0432798326240136,0,0.000326256120397504,0.000441855196657663,0,0,0,0,3.87983627539354e-05,0.000117601181923273,7.78868628491469e-06,0.000133835987005566,0.000117268335730034,0,0,0,0.00458586220849652,0.000676332354563395,0,0,0,0,0,0,1.02008964282808e-05,0.000208339563830395,0.00142763978473045,0.0026207532327861,0,0,0,0,0.00518658420453397,0.00197086375227609,0.00522604032867235,0.00053233746677287,0.0117000673226928,0,0.0654916215643547,0.00145505420723128,0.00222425385825007
0,0,0,0.000314260373829825,0,0,0,0,0,0,0,0.0190060231267315,0,0,0,0,0,0,0.00013618670086505,0,0,0,0,0,0,0,0,0,0,7.40204529615825e-05,0,0,0,0,0,0.00858007102138793,0,0.00606364153636346,0,0,0,6.73039917460752e-06,0,0,0,0.000312314259624481,1.85501936465025e-05,0,0,2.35355240845426e-05,0,0,0,0,0,0,0,0.0130904496565118,0,0,0,0,0.185242642235607,0,0,0,0,0,0,0,0,0,0.000774153857379148,0,0,0,0,0,0.000630490884039503,0,0.000757064154704056,0,0.000600110631290722,0,0.00718532725919263,0,0
0,0,0,0,0,0,0,0,0,0,0.0617235716825862,0,0,0,0,0,1.77782335914515e-05,0,0,0,0,0,0,0,0,0,0,0,0,0,0,0,0,0,0,0,0.00900624068892486,0,0.00764083480261638,0,0,0,0,0,0,0,0.000642064162895526,0,0,0,0.000123420978940798,0,0,0,0.000236457541833408,0,0.0565155688669655,0,0,0,0,0,0,0.132997929733923,0,0,0,0,0,0,0,0,0,0,0,0,0,0,0,0.00111362160788018,0,7.00224856234246e-06,0.000920029477060584,0,0.00128750294085426,0,0
0,0,0,0,0,0,0,0,0,0,0,0,0,0,0,0,0,0.000909905405612505,0,0,0,0,0.00477240475105329,0.000357381754131277,0,0.000133738879017429,0,0.00539927097938856,0,0,0,0,0,0,0,0,0,0.00987109199999779,0,0,0,0,0,0,0,0,0,1.13590448772102e-05,0,0.0057108530314781,0,0,0,0,0,0,0,0,0,0,0,0,0,0,0.0923144910954193,0,0.00433753533575073,0,0,0,0,0,0,0,0,0,0,0,0,0,0.00310131440588425,0,0.00170393016110961,0.00108562595999159,0,0,0
0,0,0,0,0,0,0,0,0,0,0,0,0,0,0,0,0.00137413813776626,0,0,0,0,0.00477240475105329,0,0,0.00695631111322554,0,0.000126427401669039,0,0.00116014940174877,0,0,0,0,0,0,0,0,0,0.00744559285317622,0,0,0,0,0,0,0,0,0,0.0057974338464673,0,0,0,0,0,0,0,0,0,0,0,0,0,0,0,0,0.108812216609674,0,8.55407207482793e-05,0,0,0,3.6734231585224e-05,0,0,0,0,0,0,0,0,0,0.00910696685713282,0.00233446527261436,0.00130071844874866,0,0,0
0,0.0400138899566011,0,9.7696077659548e-05,0,0,0,0,0,0.010743191465752,0,0,0,0.000237131105276376,0,0.00366097823338315,0,0.000377641713776427,0,0,0,0.000357381754131277,0,0,0,0.0596015485637068,0,0,0,0,0,0,0,0,0,0,0,0.0144393300977586,0,0,0,0.000207937788584016,0,0.000161672510396133,0,2.56060329934965e-05,0,4.78791398783821e-05,0,0.00213409364698164,0,0,0,0,0,7.9475475151386e-05,0,0,0,1.48453608699221e-05,0,0.00255490633247548,0,0,0.00169305342797431,0,0.058350422640819,0,0.0426920157477071,0,0,0,0,0,0,0,0,0,0,0,0.00539134945893363,0,0.00133420862794575,3.82563236386246e-05,0.000898622037575646,0,0
0.0483293311542429,0,0,0,0,0,0,0,0.0495398033835366,0,0,0,0,0,0.00540214647346389,0,8.10368550948993e-05,0,0,0,0,0,0.00695631111322554,0,0,0,0.00987632585929612,0,0,0,0,0,0,0,0,0,0,0,0.0150697911851597,0,0,0,0.00320137558099284,0,0,0,0,0.000372125818585186,0.0035178398140618,0,0,0,0,0,0.020294538996301,0,0,0,0,0,0.00231623179991722,0,0,0,0,0.000244291076312907,0,0.113524821685397,0,0.0919680439520945,0,0.000157301980049096,0,0,0,0,0,0,0,0,0,0.012073677311543,0.00218920154122667,8.89343960955492e-05,0.0015605895322492,0,0
0,0,0,0,0,0,0,0,0,0.000187442308625847,0,0,0,0.00286596010160855,0,0.0170799394552608,0,0.0120081195126998,0,0,0,0.000133738879017429,0,0.0596015485637068,0,0,0,0,0,0,0,0,0,0,0,0,0,0.000314466730645829,0,0,0,0,0,0,0,0,0,0,0,0,0,0,0,0,0,0,0,0,0,0.000509116716322219,0,0.00679161057321672,0,0,0.00191622409717048,0,0,0,0.0291970882591684,0,0,0,0,0,0,0,0,0,0,0,0.000146402041054394,0,0.000616792231657444,1.93735164493824e-06,0,0,0
0.00271507469616833,0,0,0,0,0,0,0,0,0,0,0,0,0,0,0,0.00245912210772781,0,0,0,0,0,0.000126427401669039,0,0.00987632585929612,0,0,0,0,0,0,0,0,0,0,0,0,0,4.87582956539413e-06,0,0,0,0,0,0,0,0,0,0,0,0,0,0,0,0,0,0,0,0,0,0.00729270681476338,0,0,0,0,0,0,0,0,0.054082620732978,0,0,0,0,0,0,0,0,0,0,0,4.00191571571292e-06,9.70411900291019e-05,0,0,0,0
0,0,0,0,0,0,0,0,0,0,0,0.00069860889974546,0,0.0228478783487426,0,0,0,0.00145131324715823,0,0,0,0.00539927097938856,0,0,0,0,0,0,0,0.0110726556971684,0,0,0,0,0,0,0,0.000515343258384082,0,0,0,0,0,0,0,0,0,0,0,0,0,0,0,0,0,0,0,0,0,0.00149740686647247,0,0,0,0,0.00408567410947628,0,0,0,0,0,0.115587483433048,0,6.03229279719578e-05,0,0,0,0,0,0,0,7.63779647469189e-05,0,0.000646497718072007,0.000478306043269135,0,0,0
0,0,0,0,0,0,0,0,0,0,0,0,0.000658798367203846,0,0,0,0,0,0,0,0,0,0.00116014940174877,0,0,0,0,0,0,0,0.0110189649101727,0,0,0,0,0,0,0,0.00192748422195419,0,0,0,0,0,0,0,0,0,0,0,0,0,0,0,0,0,5.31969082463724e-05,0,0,0,0,0,0,0,0,0.000108328266311047,0,0,0,0.000799031966709286,0,0.0857923833915347,0,0.00383154219713963,0,0,0,0,0,0,0,0.000413134899017717,0.000684192547983943,1.68201972883253e-05,0,0,0
0,0,0,0,0,0,0,0,0,0,0,0.00454610726300395,0,0.00106532842702769,0,0,0,0,0,7.40204529615825e-05,0,0,0,0,0,0,0,0.0110726556971684,0,0,0,0,0,0,0,0,0,0.00209689818563859,0,0,0,0,0,0,0,0,0,0,0,0,0,0,0,0,0,0,0,0.00710639403017104,0,0,0,0,8.04924432896911e-05,0,0,0,0,0,0,0,0.0055226169678825,0,0.196651925925208,0,0,0,0,0,0,0,0.00043774613310693,0,0.00171194422813622,3.88307133460008e-05,0,0,0
0,0,0,0,0,0,0,0,0,0,0.00343774057809685,0,0,0,0,0,0,0,0,0,0,0,0,0,0,0,0,0,0.0110189649101727,0,0,0,0,0,0,0,0,0,0.00660293845889751,0,0,0,0,0,0,0,0,0,0,0,0,0,0,0,0,0,0.0123825507208419,0,0,0,0,0,0,0,0,0,0,0,0,0,0,0.0343804166234684,0,0.0742118078878051,0,0,0,0,0,0,0,0.000654235074794126,0.000363504393451804,0,0,0,0
0,0,0,0,0,0,0,0,0,0,0,0,0,0,0,0,0,0,0,0,0,0,0,0,0,0,0,0,0,0,0,0,0.0379205396421775,0,0,0.000774400723199487,0,0,0,0,0,0,0,0,0,0,0,0.0443459926142476,0,0,0,0,0,0,0,0,0,0,0,0,0,0,0,0,0,0,0,0,0,0,0,0,0,0,0.0536922207942988,0,0,0,0.000813124534248741,0,0,0,0.00164724862500975,0,0,0,0
0,0,0,0,0,0,0,0,0,0,0,0,0,0,0,0,0,0,0,0,0,0,0,0,0,0,0,0,0,0,0,0.0379205396421775,0,0,0.0302827791623454,0,0.00186066511451257,0,0,0,0,0,0,0,0,0,0,0.0257300328068403,0.000113244284091602,0,0,0,0,0,0,0,0,0,0,0,0,0,0,0,0,0,0,0,0,0,0,0,0,0,0.0120607913631545,0.189847981792314,0,0.00326715125008307,0,0.00815665231767779,0,0,0.000402699780481616,0,0,0,0
0,0,0,0,0,0,0,0,0,0,0,0,0,0,0,0,0,0,0,0,0,0,0,0,0,0,0,0,0,0,0,0,0,0,0.124804111560355,8.92778636634312e-05,0,0.000440896247189777,0.00245610581482911,0,0,6.2761278220992e-05,0,0,0,0,0,0.0631559651394529,0,0,0,0,0,0,0,0,0,0,0,0,0,0,0,0,0,0,0,0,0,0,0,0,0,0,0,0,0.136783279106102,0.00733206413238803,0.000514922301566154,0,0.00318778317375911,0.000551586473934636,0.00284075565349085,0.000195114427957758,0,0,0
0,0,0,0,0,0,0,0,0,0,0,0,0,0,0,0,0,0,0,0,0,0,0,0,0,0,0,0,0,0,0,0,0.0302827791623454,0.124804111560355,0,0,0.000696816529367264,0.000140409279478899,0.00792504775952734,0,0,0,0,0,0,0,0,0.100326854492575,0.000127696778609551,0.000221652858275551,0,0,0,0,0,0,0,0,0,0,0,0,0,0,0,0,0,0,0,0,0,0,0,0,0,0.00816933385793532,0.0829155103016998,0.28956295512846,0,8.94132801544344e-05,5.69068865728093e-05,0.0133874624788274,9.73763295072924e-05,8.36388496580967e-06,0,0,0
0,0,0,0.000100037515923083,0,0.00125704050491298,0,0,0,0,0,0.00127162255270061,0,0,0,0,0,0,0,0.00858007102138793,0,0,0,0,0,0,0,0,0,0,0,0.000774400723199487,0,8.92778636634312e-05,0,0,0.00336207973427661,0.0016881552159031,0,0.00334024644132078,0,0,0,0,0,3.79243361045179e-06,0,0.000714568131010369,0,1.0239896344102e-05,0,5.06490340127196e-05,0,0,0,0,0,0,0,0,0,0,0.00619183160859833,0,0,0,0,0,0,0,0,0,0,0,3.98069496970414e-05,0,0.00191764671881188,0,0.0449126263307293,0.000912298551133677,0.00903139264080355,0,0.00543502593496199,0.00243171908160711,0.00214122244254727,0,0
0,0,0.000128269246747422,1.00886248634073e-05,0,0,0,0,0,0,0.000510991305894933,0,0,0,0,0,0,0,0,0,0.00900624068892486,0,0,0,0,0,0,0,0,0,0,0,0.00186066511451257,0,0.000696816529367264,0.00336207973427661,0,0,0.0128471085102531,2.60365858296293e-05,0,0,1.22683028830753e-05,0,0,0,0,0.00259853833255008,0.000248465114699418,0,0,0,0,0,0,0,0.00166531711361787,0,0,0,0,0,0,0.000720540875601468,0,0,0,0,0,0,0,0,0,0,0,0.00276050853887627,0,0.00754013848613373,0.0004914997253142,0.0453373557932231,0,0.0192022219405369,0.00410861878634178,0.000179663221922948,0.00180000529834101,0,0
0,0.00115416200995516,0,1.50394843878242e-05,0,0,0,0,0,0.00240864457435267,0,0.00131041448113971,0,0,0,0,5.44689764328012e-06,0.000107173145658473,0.000381396206262318,0.00606364153636346,0,0.00987109199999779,0,0.0144393300977586,0,0.000314466730645829,0,0.000515343258384082,0,0.00209689818563859,0,0,0,0.000440896247189777,0.000140409279478899,0.0016881552159031,0,0,0.0093907919268299,1.94006803279418e-05,1.087409845179e-05,0.00350810077312722,1.10085947739684e-05,3.63175162722591e-05,0,0.000592043709895687,2.09478269740922e-05,0.0261253353313675,0,0.00775910884308146,0,0,0,0,0,4.92158179739389e-05,0,0.000412428914771392,0,0,0,2.6323847506933e-05,0.00533582655023027,0,0.00484549736983907,0,0.00837639751247559,0,0,0,0.00037685684764984,0,0.00250707963214117,0,0,0,1.66426743817283e-05,0,0.0013448666183182,0,0.115142730735815,0.00573453026592426,0.00606240521943411,0.00580528223683213,0.0044284704127174,1.30689752938559e-05,0
0.000669872426791997,0,1.56677198047688e-05,0,0,0,0,0,0.00281921590566852,0,0.00300643259995733,0,0,0,2.36214550518663e-05,0,1.53045652500198e-05,0,7.3038319328613e-06,0,0.00764083480261638,0,0.00744559285317622,0,0.0150697911851597,0,4.87582956539413e-06,0,0.00192748422195419,0,0.00660293845889751,0,0,0.00245610581482911,0.00792504775952734,0,0.0128471085102531,0.0093907919268299,0,0,2.07247445210232e-06,1.08844261233706e-05,0.00304194728476707,0,7.35791638708551e-06,0,0.000238041098013115,0.0249593694536126,0.00841123259280114,8.36286777885425e-06,0,0,0,0,0.000108037177029599,0,0.0161279196262756,0,0,0,2.06127509192833e-05,0,0,0.00164097532001516,0,0.0101986009624003,0,0.00557517098060956,0,0.005572803814605,0,0.000942272692645218,0,0.0165931433264023,0,0,3.71224443259331e-05,0.00100772214716059,0,0.00436764474376229,0.000296626544337836,0.0914823497490841,0.00908977391173964,0.00226835645907234,0.00177333024957898,0,0
0,0.000585690324716769,0,0.000339318583820769,0,0,0,0,0,0.000318712962447886,0,0,0,0,0,0,0.000289311972673763,0.000742862291008747,0.00689827656107567,0,0,0,0,0,0,0,0,0,0,0,0,0,0,0,0,0.00334024644132078,2.60365858296293e-05,1.94006803279418e-05,0,0,0.000207223321340443,0.0117431500781423,0.000488608776069062,0,0,0.00517915906613435,0.000246823846880717,0.00193585498069171,0.000134682991205895,0.0173716349267145,0,0,0,0,0,0.000161707616876122,0,0,0,0,0,2.1043462512871e-05,5.03408669560704e-05,0,0,0,0,0,0,0,0,0,5.70752979114618e-05,0,0,0,0,0,0.016705047576665,1.04923898511806e-05,8.79908665015469e-05,0,0.000458900133563307,0,0.00878443689003201,0.00218055627343919,1.90672258448708e-05
0.00095991089343203,0.000173757439052383,0.000824267843770692,0.000127998957427008,0,0,0,0,0.00104455080328987,0,0,0,0,0,0,0,0.00281264467032424,0.00155645282039258,0.0323531062139262,0,0,0,0,0,0,0,0,0,0,0,0,0,0,0,0,0,0,1.087409845179e-05,2.07247445210232e-06,0.000207223321340443,0,0.000181308095696276,0.0801712055223399,9.48573167744745e-05,0.00255977191183306,0.00407549481012795,0.0462226270799993,0,0.00165008710489001,0.000273693426495484,0,0,0,0,0.000146651043505017,1.72402379701806e-05,0.000111375048472446,0.000204557527147113,0,0,3.87108104443448e-05,0,0.000170810743237648,0.00427043886012339,0,0,0,0,0,0,0,0.000290234206936654,0.000198034896415076,0.00451842194538404,0,0,0,0,0.000103598376953481,0.00125007782983386,6.61011103610994e-05,4.93175859965337e-05,0.0016828818578861,0,0.0254782542648651,1.79324241623034e-05,0.00260175512862007
0,0.00847583186237908,0,0.0179198709478818,0,0,0,0,1.1429826938838e-05,0.00994963152012572,0,0,0,0,0,9.0512910792842e-06,0.000171148607723446,0.00101855213705088,0.0192440990950274,6.73039917460752e-06,0,0,0,0.000207937788584016,0,0,0,0,0,0,0,0,0,6.2761278220992e-05,0,0,0,0.00350810077312722,1.08844261233706e-05,0.0117431500781423,0.000181308095696276,0,0.00647579450212313,0.0242122464605123,0.000148096958551226,0.113698693838305,0.00044597300603048,0.00966619551254188,0.005918664412479,0.0415475475130419,0,0,0,0,0.000100641313637339,0.00185591454603877,6.04797807751559e-06,0.00325894296479386,0,0,0,0.000816910353036141,0.00106474444763773,0,0,0,5.07942852277954e-05,0,0,0,8.56752583601255e-06,0,0.00389191793675477,7.34641616554461e-05,0,0,0,0,0.00150742433482926,8.78293712290546e-06,0.00293054191128095,0,0.0127557981428714,0,0.0541020721943767,0.00595403970609229,7.75303782387543e-06
0.0068788903960706,2.89434383365288e-05,0.0136427847854213,3.37497676013805e-05,0,0,0,0,0.0275693051171523,0,0,0,0,0,0,0,0.00264574396549805,0.00110773894032465,0.0323775333878765,0,0,0,0,0,0.00320137558099284,0,0,0,0,0,0,0,0,0,0,0,1.22683028830753e-05,1.10085947739684e-05,0.00304194728476707,0.000488608776069062,0.0801712055223399,0.00647579450212313,0,0,0.00812780605029657,0.00444892657678834,0.0864090579115276,0.00415291755391309,0.0352842340662798,0.000270325256044739,0.000159889291106684,0,0,0,0.00308894615263062,7.08187918093425e-06,0.00447522017224156,1.00744637721222e-05,0.000118700475641723,0,0.000438098048340932,0,0.000256689068246418,0.00153120632259211,0,0,0,0.000512831421338518,0,4.59902223165315e-05,0,0.00261462792851999,0.000138754232737139,0.0168703321684708,0,0,0,0,0.000143500549199939,0.000896533196901874,0.000136419738377431,0.00048517911722609,0.0104608003490897,0,0.0830554074221876,0,0.0034759965333301
0,0.00299128284729475,0,0.00851709609268302,0,0,0,0,0,0.000221715508747951,0,0,0,0,0,0,4.92158118812164e-05,2.30654858435703e-05,0.000214909832355619,0,0,0,0,0.000161672510396133,0,0,0,0,0,0,0,0,0,0,0,0,0,3.63175162722591e-05,0,0,9.48573167744745e-05,0.0242122464605123,0,0,0,0.00775445561568466,1.85636954611462e-05,3.12998270446295e-05,0,0.00369386973156315,0,0,0,0,0,0.00306123041095936,0,0.000396070300950874,0,0,0,0.000254702528311646,0.000490119826914573,0,0,0,0,0,0,0,0,0,0.00103659557846279,0,0,0,0,0,4.04543751146174e-05,0,0.000103699500626572,0,0.000430845591385199,0,0.00135363934986703,0,0
0.00140743251950391,0,0.0103326235589356,0,0,0,0,0,0.00016453458277059,0,0,0,0,0,0,0,0,0,3.45372407209221e-05,0,0,0,0,0,0,0,0,0,0,0,0,0,0,0,0,0,0,0,7.35791638708551e-06,0,0.00255977191183306,0.000148096958551226,0.00812780605029657,0,0,5.70128443281941e-05,0.00317357921961232,0,0.000756465604780634,0,0,0,0,0,0.00174346342801014,0,0.00142136754644371,0,2.15660263678622e-05,0,0.000143931067541668,0,0,0.000179698041722674,0,0,0,0,0,0,0,0.000168471042455307,0,0.00130586967799472,0,0,0,0,0,0.00011862225953047,0,0.000166888551306568,8.29420630507311e-05,0,0.00133623312139149,0,0.000574483198930353
0.000154540528938965,0.0114936266236842,9.36887169801232e-06,0.00441641531509086,0,0,0,0,5.13699701417923e-05,0.00125037479781891,0,0,0,0,0,0,0.00420225924628839,0.00402105013504204,0.0679562877699219,0.000312314259624481,0,0,0,2.56060329934965e-05,0,0,0,0,0,0,0,0,0,0,0,3.79243361045179e-06,0,0.000592043709895687,0,0.00517915906613435,0.00407549481012795,0.113698693838305,0.00444892657678834,0.00775445561568466,5.70128443281941e-05,0,0.00549821332874356,0,3.28432718559089e-05,0.0114531430709864,0,0,0,0,0,0.000771545419769179,5.47611980660615e-06,0.00120522929592421,0,0,0,9.96407038466153e-05,0.113143261211079,4.52370611021408e-05,0,0,2.45037572212418e-05,0,0,0,1.13020115170442e-05,3.86812838197049e-05,0.00459745966136896,0.000402633306358403,0,0,0,0,0.00264313648534657,8.90118339200954e-05,0.00328926311483384,2.70398225547961e-05,0.00500159978669405,0,0.044631543500419,0.00225755518745061,0.000740762283716631
0.000861694603190374,0.000175062299236411,0.00128422387233975,2.39282126076668e-05,0,0,0,0,0.000297595388577061,1.52774528925268e-05,0,0,0,0,0,0,0.00318211320782645,0.00261228998648442,0.0432798326240136,1.85501936465025e-05,0.000642064162895526,0,0,0,0,0,0,0,0,0,0,0,0,0,0,0,0,2.09478269740922e-05,0.000238041098013115,0.000246823846880717,0.0462226270799993,0.00044597300603048,0.0864090579115276,1.85636954611462e-05,0.00317357921961232,0.00549821332874356,0,0,0.00166381746286617,0.000203113396366111,3.80373742548444e-05,0,0,0,0.000202368246147732,0,0.00245866132218562,4.51520837449493e-05,3.04338512770121e-05,0,6.17252597301297e-05,0,0.000250620979053984,0.0934288624433565,0,0,0,0,0,1.72716892268703e-05,5.04200696338925e-06,0.000975981529813738,0.000113841509001939,0.00667466567452767,0,0,0,0,0.000135779302214082,0.004987733939702,0.000105101587657979,0.0036313540968073,0.00318389719178609,0,0.0509259168388896,4.3506082640175e-05,0.00139070868848927
0,0,0,2.36682501477423e-05,0,0,0,0,1.66787341086707e-05,0,0,0,0,0,0,0,0,0,0,0,0,1.13590448772102e-05,0,4.78791398783821e-05,0.000372125818585186,0,0,0,0,0,0,0.0443459926142476,0.0257300328068403,0.0631559651394529,0.100326854492575,0.000714568131010369,0.00259853833255008,0.0261253353313675,0.0249593694536126,0.00193585498069171,0,0.00966619551254188,0.00415291755391309,3.12998270446295e-05,0,0,0,0,0.1238119657446,0.155286782501621,0,0,0,0,3.06338069034795e-05,1.14177140355426e-05,0,0,0,0,0,0,0,0,3.76192246731276e-05,0,0,0,0,0,0,0,0,0,0.000122733375761941,0.00282003626259328,0.000857766116023314,0.00183264601348158,0.000208979757380605,0.00457380703575009,0.00691610190585363,0.00161689835271389,0.00565694201213835,0.000188157739223697,0.0230151736330106,0,0
0.0511034082312894,0,0.01350534051094,0,0,0,0,0,0.00593429950355001,0,0,0,0,0,0.00038820054820008,0,7.73895059888192e-05,0,0.000326256120397504,0,0,0,0.0057974338464673,0,0.0035178398140618,0,0,0,0,0,0,0,0.000113244284091602,0,0.000127696778609551,0,0.000248465114699418,0,0.00841123259280114,0.000134682991205895,0.00165008710489001,0.005918664412479,0.0352842340662798,0,0.000756465604780634,3.28432718559089e-05,0.00166381746286617,0.1238119657446,0,0.0313436610034024,0,0,0,0,0.014498251774075,0,0.00285205200625329,0,0.00182690875901249,0,0.00802592505844169,0,0,0.000136655373450159,0,0.0129931546298415,0,0.0152257594142746,0,0.000240966718167374,0,0.00972330751377348,0,0.00447468289617334,0,0.00034241472138775,0,0,1.26894957087238e-05,0.00352934668186975,0,0.00398781220280884,0.00456163470549681,0,0.0440338775283501,0,0
0,0.061219632006984,0,0.0116727278059502,0,0,0,0,0,0.00699689248464257,0,0,0,0,0,0.00294661697180222,8.00556955258468e-06,6.77609942081919e-05,0.000441855196657663,2.35355240845426e-05,0,0.0057108530314781,0,0.00213409364698164,0,0,0,0,0,0,0,0,0,0,0.000221652858275551,1.0239896344102e-05,0,0.00775910884308146,8.36286777885425e-06,0.0173716349267145,0.000273693426495484,0.0415475475130419,0.000270325256044739,0.00369386973156315,0,0.0114531430709864,0.000203113396366111,0.155286782501621,0.0313436610034024,0,0,0,0,0,0,0.0116466978666045,0,0.012771563638653,0,0.00143453481969414,0,0.05431262349213,0.000474615207497283,0,0.00907812059772525,0,0.0117796166946023,0,0.0148294675194676,0,0.00655035868152382,0,0.011893843661451,0,0,0,0,0,0.000437650331223353,5.22900983078792e-06,0.00194284319383438,0,0.00792030248252028,0,0.0544003795503688,9.29702207412228e-05,2.0282269418669e-05
0,0,0.0559585767082764,0,0.014890575824128,0,0.00135779119184454,0,0.00313221220664172,0,0,0,0,0,0,0,0,0,0,0,0.000123420978940798,0,0,0,0,0,0,0,0,0,0,0,0,0,0,0,0,0,0,0,0,0,0.000159889291106684,0,0,0,3.80373742548444e-05,0,0,0,0,0,0.00189500744349823,0,0.000831080789198694,0,0.0108501281386028,0,0.000490805568444821,0,0,0,0,0,0,0,0,0,0,0,0,0,0,0,0,0,0,0,0,0,0,0,4.11229780122382e-06,0,0.00852511609691543,0,0
0,0,0,0.0012406407383158,0,0.0523122942152013,0,0.0220671104175301,0,0,0,0,0,0,0,0,0,0,0,0,0,0,0,0,0,0,0,0,0,0,0,0,0,0,0,5.06490340127196e-05,0,0,0,0,0,0,0,0,0,0,0,0,0,0,0,0,0,0.0130420030044329,0,0,0,2.75779098882212e-05,0,7.18747984849084e-05,0,0.00102583861805146,0,0,0,0,0,0,0,0,0,0,0,0,0,0,0,0,0,0,0,0,0.000602391351956626,0,4.09027894964767e-05,0,0
0,0,0,0,0,0,0.00164394217539002,0,0,0,0,0,0,0,0,0,0,0,0,0,0,0,0,0,0,0,0,0,0,0,0,0,0,0,0,0,0,0,0,0,0,0,0,0,0,0,0,0,0,0,0.00189500744349823,0,0,0,0,0,0.0270844970352121,0,0.00184176896851373,0,0,0,0,0,0,0,0,0,0,0,0,0,0,0,0,0,0,0,0,0,0,0,0,0,0,0,0
0,0,0,0,0,0.027722663377497,0,0.056877532274155,0,0,0,0,0,0,0,0,0,0,0,0,0,0,0,0,0,0,0,0,0,0,0,0,0,0,0,0,0,0,0,0,0,0,0,0,0,0,0,0,0,0,0,0.0130420030044329,0,0,0,0,0,0,0,0.000260454449988684,0,0,0,0,0,0,0,0,0,0,0,0,0,0,0,0,0,0,0,0,0,0,0.000240187989119243,0,0,0,0
0.177226932667296,0,0.160936631427449,0,0.0144833985621049,0,0,0,0.0517985053576985,0,0,0,0,0,0,0,0,0,3.87983627539354e-05,0,0.000236457541833408,0,0,0,0.020294538996301,0,0,0,0,0,0,0,0,0,0,0,0,0,0.000108037177029599,0,0.000146651043505017,0.000100641313637339,0.00308894615263062,0,0.00174346342801014,0,0.000202368246147732,3.06338069034795e-05,0.014498251774075,0,0.000831080789198694,0,0,0,0,0,0.00614504338608845,0,0.000225175682659002,0,0.00229704351928988,0,0,0,0,0,0,0.0574563529255499,0,0.000273620106869751,0,0.00059212703211896,0,0.0019646967841355,0,0,0,0,0,0,0,0,0.000183482106443117,0,0.00816342102515145,0,0
0,0.0770004396008672,0,0.153675912041882,0,0,0,0,0,0.0475159917569776,0,0,0,0,0,5.05862194247197e-05,0,3.73637229191806e-06,0.000117601181923273,0,0,0,0,7.9475475151386e-05,0,0,0,0,0,0,0,0,0,0,0,0,0,4.92158179739389e-05,0,0.000161707616876122,1.72402379701806e-05,0.00185591454603877,7.08187918093425e-06,0.00306123041095936,0,0.000771545419769179,0,1.14177140355426e-05,0,0.0116466978666045,0,0,0,0,0,0,0,0.000420911479205589,0,0.00062017078030518,0,0.0200395127513088,0.000145624192042372,0,0,0,0.0101948962218338,0,0,0,0,1.12364192823406e-05,0.000691596087774969,0,0,0,0,0,1.08362456175364e-05,0,0.000386332123530378,0,6.99082655870872e-05,0,0.00204861973778731,7.02386005846469e-05,0
0.00044872630697877,0,0.00375303433510559,0,0.000121338675989713,0,0.012266012024946,0,0.00158827267966534,0,0.249480523430122,0,0.000106276866604763,0,0,0,2.83068814309398e-05,0,7.78868628491469e-06,0,0.0565155688669655,0,0,0,0,0,0,0,5.31969082463724e-05,0,0.0123825507208419,0,0,0,0,0,0.00166531711361787,0,0.0161279196262756,0,0.000111375048472446,6.04797807751559e-06,0.00447522017224156,0,0.00142136754644371,5.47611980660615e-06,0.00245866132218562,0,0.00285205200625329,0,0.0108501281386028,0,0.0270844970352121,0,0.00614504338608845,0,0,0,0.00661867595558188,0,0.00797964612031966,0,0,0.013823731801106,0,0,0,0,0,2.75304585194767e-05,0,0.000456190947709869,0,0.00619772537977124,0,0,0,0,0,6.03224556554935e-05,0,0.000111451061524708,0.00101741871487749,0,0.0246950719588097,0,0
0,0.014589645216516,0,0.00275378878992304,0,0,0,0,0,0.00233108791114113,0,0.161698949975058,0,0.00237562663773088,0,5.71549368998505e-05,0,1.51381237651647e-05,0.000133835987005566,0.0130904496565118,0,0,0,0,0,0,0,0,0,0.00710639403017104,0,0,0,0,0,0,0,0.000412428914771392,0,0,0.000204557527147113,0.00325894296479386,1.00744637721222e-05,0.000396070300950874,0,0.00120522929592421,4.51520837449493e-05,0,0,0.012771563638653,0,2.75779098882212e-05,0,0,0,0.000420911479205589,0,0,0,0.000166188682690565,0,0.00242014102695528,0.0103723458175167,0,0,0,0.000270839157756673,0,0,0,4.76701039740187e-05,0,0.0675122523621755,0,0,0,0,0,1.35618502386436e-05,0,2.12020622389624e-05,0,0.000412660193983153,0,0.0141782540033915,0,0
0.0524489696245556,0,0.00345684899971516,0,0,0,0.000263030997302849,0,0.000443632266972371,0,0.0454908032352085,0,0.0185664751086968,0,0.000208993935510696,0,0,0,0.000117268335730034,0,0,0,0,0,0,0,0,0,0,0,0,0,0,0,0,0,0,0,0,0,0,0,0.000118700475641723,0,2.15660263678622e-05,0,3.04338512770121e-05,0,0.00182690875901249,0,0.000490805568444821,0,0.00184176896851373,0,0.000225175682659002,0,0.00661867595558188,0,0,0,0.00353511179524059,0,0,1.76881691034297e-05,0,0,0,0,0,4.49088238945799e-05,0,0.00095852412531096,0,0,0,0,0,0,0,0,0,0,1.42866371724664e-05,3.13728383736101e-05,0.00388258581684039,0,0
0,0.000110050871438217,0,0.00046976966265184,0,0.000178777959632453,0,0.0133767261395623,0,0.000305406565698406,0,0.0258362250897584,0,0.0746831624046137,0,0.000710554112564438,0,0,0,0,0,0,0,1.48453608699221e-05,0,0.000509116716322219,0,0.00149740686647247,0,0,0,0,0,0,0,0,0,0,0,0,0,0,0,0,0,0,0,0,0,0.00143453481969414,0,7.18747984849084e-05,0,0.000260454449988684,0,0.00062017078030518,0,0.000166188682690565,0,0,0,0.00197789194745813,0,0,0,0,0,0,0.000891806721120042,0,7.8517866606402e-05,0,0,0,0,0,0,0,0,0,0,0,0.000196740637291256,0.000125108589644218,2.99702530284426e-05,0,0
0.0366091837777003,0,0.0448604028167367,0,0,0,0,0,0.00537343511214556,0,0,0,0,0,0.0241608752928991,0,0,0,0,0,0,0,0,0,0.00231623179991722,0,0.00729270681476338,0,0,0,0,0,0,0,0,0,0,0,2.06127509192833e-05,0,3.87108104443448e-05,0,0.000438098048340932,0,0.000143931067541668,0,6.17252597301297e-05,0,0.00802592505844169,0,0,0,0,0,0.00229704351928988,0,0.00797964612031966,0,0.00353511179524059,0,0,0,0,0,0,0,0,0,0,0.000488739807675461,0,0.00113669343580063,0,4.62009725823494e-05,0,0,0,0,0,0,0,0,0.000355371035898212,0,0.00165006657760426,0,0
0,0.0212235922328054,0,0.0490217461288331,0,0.000142934712794168,0,0,0,0.0108606126097062,0,0,0,0,0,0.0526473207690609,0,0,0,0,0,0,0,0.00255490633247548,0,0.00679161057321672,0,0,0,0,0,0,0,0,0,0,0,2.6323847506933e-05,0,2.1043462512871e-05,0,0.000816910353036141,0,0.000254702528311646,0,9.96407038466153e-05,0,0,0,0.05431262349213,0,0.00102583861805146,0,0,0,0.0200395127513088,0,0.00242014102695528,0,0.00197789194745813,0,0,0,0,0,0,0.00938484509366739,0,0.00618576334119282,0,0.000122549111405201,0,0.00134535641147269,0,0,0,0,0,6.46540929231921e-06,0,5.26702213645924e-05,0,0.000394096701014639,0,0.00685839976257189,0.000174273240380418,0
0,0.00307349248487384,0,0.000936705716149775,0,0,0,0,0,0,0,0.000485370714764009,0,0,0,0,0.00031219250834568,0.00031998218635031,0.00458586220849652,0.185242642235607,0,0,0,0,0,0,0,0,0,8.04924432896911e-05,0,0,0,0,0,0.00619183160859833,0,0.00533582655023027,0,5.03408669560704e-05,0.000170810743237648,0.00106474444763773,0.000256689068246418,0.000490119826914573,0,0.113143261211079,0.000250620979053984,0,0,0.000474615207497283,0,0,0,0,0,0.000145624192042372,0,0.0103723458175167,0,0,0,0,0,0,0,0,0,0,0,0,0,0,0.000207829266255872,0,0,0,0,0,0.00061964162105617,1.29125618487437e-06,0.00241351825164033,0,0.0010175593139177,0,0.0352004107598639,0.000929883435620886,3.36664577920412e-05
0,0,7.42182719437554e-05,0,0,0,0,0,0,0,0.0115800484552755,0,0,0,0,0,4.84573859763882e-05,4.47085074085697e-05,0.000676332354563395,0,0.132997929733923,0,0,0,0,0,0,0,0,0,0,0,0,0,0,0,0.000720540875601468,0,0.00164097532001516,0,0.00427043886012339,0,0.00153120632259211,0,0.000179698041722674,4.52370611021408e-05,0.0934288624433565,0,0.000136655373450159,0,0,0,0,0,0,0,0.013823731801106,0,1.76881691034297e-05,0,0,0,0,0,0,0,0,0,0,0,0,0.000228378086117486,0,0.0202955942217404,0,0,0,0,0,0.00594856475081961,0,0.00164161462829623,0.000377652604208102,0,0.034046256027664,0,0.000161118425060563
0,0,0,0,0,0,0,0,0,0,0,0,0,0,0,0,0,2.47385158017236e-05,0,0,0,0.0923144910954193,0,0.00169305342797431,0,0.00191622409717048,0,0.00408567410947628,0,0,0,0,0,0,0,0,0,0.00484549736983907,0,0,0,0,0,0,0,0,0,3.76192246731276e-05,0,0.00907812059772525,0,0,0,0,0,0,0,0,0,0,0,0,0,0,0,0,0.00336379850384942,0,0.00898382590438237,0,0.0227149448517306,0,0,0,0,0,0,0,0,0,0.0017813737262465,0,0.000574927953190874,0,0,0,0
0,0,0,0,0,0,0,0,0,0,0,0,0,0,0,0,0.000260915727291229,0,0,0,0,0,0.108812216609674,0,0.000244291076312907,0,0,0,0.000108328266311047,0,0,0,0,0,0,0,0,0,0.0101986009624003,0,0,0,0,0,0,0,0,0,0.0129931546298415,0,0,0,0,0,0,0,0,0,0,0,0,0,0,0,0,0,0,0.00225883346611027,0,0.000530389012164692,0,0.00101918127835198,0,0,0,0,0,0,0,0,0,0.0093334727095055,0.000266176304671079,0.00016127658739208,0,0,0
0,0.0900169932417328,0,0,0,0,0,0,0,0.00646259063937673,0,0,0,0,0,0,0,0,0,0,0,0.00433753533575073,0,0.058350422640819,0,0,0,0,0,0,0,0,0,0,0,0,0,0.00837639751247559,0,0,0,5.07942852277954e-05,0,0,0,2.45037572212418e-05,0,0,0,0.0117796166946023,0,0,0,0,0,0.0101948962218338,0,0.000270839157756673,0,0,0,0.00938484509366739,0,0,0.00336379850384942,0,0,0,0.0180630087792639,0,2.39226207522664e-05,0,0.000133405373375833,0,0,0,0,0,0,0,0.0013611139733934,0,4.12197195210222e-05,0,0.000811167854476803,0,0
0.0348698213007817,0,0,0,0,0,0,0,0.0210961208245652,0,0,0,0,0,0,0,6.77752459240865e-06,0,0,0,0,0,8.55407207482793e-05,0,0.113524821685397,0,0,0,0,0,0,0,0,0,0,0,0,0,0.00557517098060956,0,0,0,0.000512831421338518,0,0,0,0,0,0.0152257594142746,0,0,0,0,0,0.0574563529255499,0,0,0,0,0,0,0,0,0,0,0.00225883346611027,0,0,0,0.0235143611644652,0,9.83206562112067e-05,0,0,0,0,0,0,0,0,0,0.00305407431015579,0.000119350709320641,1.28959085199261e-05,0.00158717814448386,0,0
0,3.5687262095194e-05,0,0,0,0,0,0,0,0,0,0,0,0.00054848763969531,0,0.00221173658647653,0,0.000334358663231158,0,0,0,0,0,0.0426920157477071,0,0.0291970882591684,0,0,0,0,0,0,0,0,0,0,0,0,0,0,0,0,0,0,0,0,0,0,0,0.0148294675194676,0,0,0,0,0,0,0,0,0,0.000891806721120042,0,0.00618576334119282,0,0,0.00898382590438237,0,0.0180630087792639,0,0,0,0.00861741309239366,0,0,0,0,0,0,0,0,0,0,0,0,0,0,0,0
0.000447291024812826,0,3.1928727963988e-05,0,0,0,0,0,0,0,0,0,0,0,0,0,0.00013050003326498,0,0,0,0,0,0,0,0.0919680439520945,0,0.054082620732978,0,0.000799031966709286,0,0,0,0,0,0,0,0,0,0.005572803814605,0,0,0,4.59902223165315e-05,0,0,0,1.72716892268703e-05,0,0.000240966718167374,0,0,0,0,0,0.000273620106869751,0,2.75304585194767e-05,0,4.49088238945799e-05,0,0.000488739807675461,0,0,0,0,0.000530389012164692,0,0.0235143611644652,0,0,0,0.00889159003690167,0,0,0,0,0,0,0,0,0,0.00180270588414686,5.85314860470665e-05,0,0.00030317195621381,0,0
