0,0,11.9670892616396,0,0,0,0,0,7.6150320173007,0,0,0,0,0,0,0,38.8143127441406,20.6051807403564,11.728400032119,0,0,0,0,0,8.11561195805388,0,0,0,0,0,0,0,0,0,0,0,0,0,11.5300791730912,0,30.8119447014549,0,17.578243678093,0,0,44.2533493041992,20.5077003879959,0,7.37912652052573,0,37.183230082194,0,0,0,4.5898364005794,0,0,0,0,0,27.1152855555216,0,53.2011184692383,0,0,0,0,0,0,0,0,0,0,17.6857204437256,0,0,0,0,0,30.7228622436523,0,30.7824387550354,12.4918873109367,37.0719337463379,12.2945056612663,0,12.4475183486938
0,0,0,8.11939429830998,0,0,0,0,0,6.00967012126963,0,0,0,0,0,9.0378467241923,0,0,12.9062524795532,0,0,0,0,11.7263170200236,0,0,0,0,0,0,0,0,0,0,0,0,0,15.7674529803427,0,38.3539635340373,0,19.82964163836,0,0,0,19.7733426527544,50.1663932800293,0,0,7.26511869551405,0,0,0,0,0,7.5378763125493,0,13.7950960795085,0,0,0,4.28425691415975,27.7153839920506,0,0,0,6.86534287532171,0,0,0,13.5226418005454,0,15.282097466326,0,0,0,0,0,36.5217613420988,0,17.8356427740543,0,14.662224227208,0,9.74312878227853,0,0
11.9670892616396,0,0,0,13.5473527595178,0,0,0,9.13414135019067,0,0,0,0,0,0,0,0,0,0,0,14.6228940486908,0,0,0,26.3011707305908,0,0,0,0,0,0,0,0,0,0,0,11.2618454536506,0,27.9230329073392,0,38.9976005554199,0,30.8956645346793,0,0,0,65.4111759185791,0,7.83809109203151,34.8161678314209,12.0410647471746,0,0,0,4.32027708116125,0,5.96912276117425,0,6.99833217106367,0,5.14803375005722,0,0,0,0,0,0,0,0,0,0,0,0,24.331869670323,0,0,0,0,0,13.6840476989746,0,65.8415288925171,11.5509204614023,0,13.0599666784274,0,20.1867267475572
0,8.11939429830998,0,0,0,6.4871674388288,0,0,0,8.60054509870468,0,8.61793518066406,0,0,0,0,0,0,0,10.7300354350697,0,0,0,22.5565509796143,0,0,0,0,0,0,0,0,0,0,0,11.1691805975778,0,30.3763932122125,0,0,0,0,0,0,0,18.9708214449736,0,0,0,7.35803091502974,0,5.77274047476905,0,0,0,7.51340575285361,0,9.39994925983024,0,4.79642731482139,0,5.51860168375562,26.6691197089429,0,0,0,0,0,0,0,26.2555134513161,0,28.8032896983159,0,0,0,0,0,32.0611536126388,0,32.7277340359158,0,7.3905213524127,0,7.33900398844071,0,0
0,0,13.5473527595178,0,0,0,0,0,9.92127327031868,0,0,0,0,0,3.8660884698232,0,0,0,0,0,8.45274708952222,0,0,0,0,0,0,0,0,0,0,0,0,0,0,0,10.6882197693104,0,0,0,0,0,0,0,0,0,0,0,0,0,5.35875018389665,0,4.99372034072876,0,13.2186485815048,0,0,0,12.9403907043346,0,14.5360891592914,0,0,8.08266909917196,0,0,0,0,0,0,0,0,0,0,0,0,0,0,0,0,0,0,8.17419648299695,8.76865836977959,9.23768729845683,0,0
0,0,0,6.4871674388288,0,0,0,5.74689888666911,0,11.1867978018474,0,7.28054083718194,0,6.10825972938538,0,6.28249960573297,0,0,0,10.8419783412037,0,0,0,0,0,0,0,0,0,0,0,0,0,0,0,17.9113664627075,0,0,0,0,0,64.5005111694336,0,0,0,0,0,0,0,0,0,3.96561287663944,0,4.89294849593064,0,0,0,4.8731780161052,0,6.27673147460248,0,7.28398397037522,11.9721914927165,0,0,0,0,0,0,0,0,0,0,0,0,0,0,0,0,0,0,0,6.15119427475219,7.28999931867733,8.95121885568668,0,0
0,0,0,0,0,0,0,0,0,0,0,0,0,0,0,0,0,0,0,0,0,0,0,0,0,0,0,0,0,0,0,0,0,0,0,0,0,0,0,0,0,0,0,0,0,0,0,0,0,0,0,0,2.80623459815979,0,0,0,0,0,0,0,0,0,0,0,0,0,0,0,0,0,0,0,0,0,0,0,0,0,0,0,0,0,0,0,0,0,0
0,0,0,0,0,5.74689888666911,0,0,0,0,0,5.0529819216047,0,2.98815960884094,0,0,0,0,0,9.58553836562417,0,0,0,0,0,0,0,0,0,0,0,0,0,0,0,0,0,0,0,0,0,0,0,0,0,0,0,0,0,0,0,5.08427967627843,0,4.16112361848354,0,0,0,3.05598485469818,0,3.19267990372398,0,0,9.90922197118982,0,0,0,0,0,0,0,0,0,0,0,0,0,0,0,0,0,0,0,4.28984674999132,5.12196900844574,12.2456579208374,0,0
7.6150320173007,0,9.13414135019067,0,9.92127327031868,0,0,0,0,0,0,0,0,0,3.86768279937988,0,17.5250453215379,37.5291582743327,0,0,0,0,0,0,7.48384328097461,0,0,0,0,0,0,0,0,0,0,0,0,0,8.36789186060217,0,49.261116027832,0,9.12344980758169,0,0,0,0,0,17.3370047473907,0,15.9406307755095,0,0,0,8.01291067928916,0,0,0,0,0,6.27128863068266,0,0,0,0,0,0,8.66734813816975,0,0,0,0,0,0,0,0,0,0,0,0,0,20.0018297467913,6.82211695876372,0,13.8785672409122,0,5.87380837276578
0,6.00967012126963,0,8.60054509870468,0,11.1867978018474,0,0,0,0,0,0,0,0,0,5.83587631695979,0,0,0,0,0,0,0,9.52911495010861,0,10.0275356769562,0,0,0,0,0,0,0,0,0,15.7943058013916,0,23.5558176566297,0,40.3790451049805,0,27.0920159991195,0,0,0,51.5307183265686,0,0,0,11.3256322441972,0,12.6992671418011,0,0,0,6.34463572149185,0,15.3687868118286,0,0,0,6.58482296106016,0,0,0,0,9.85110601615683,0,0,0,16.2130677103996,0,18.6237480640411,0,0,0,0,0,48.5907885233561,0,22.2694081764717,0,4.08766323683133,0,12.821752276376,0,0
0,0,0,0,0,0,0,0,0,0,0,0,0,0,0,0,0,0,0,0,0,0,0,0,0,0,0,0,0,0,0,0,0,0,0,0,0,0,0,0,0,0,0,0,0,0,0,0,0,0,0,0,0,0,0,0,0,0,0,0,0,0,0,0,0,0,0,0,0,0,0,0,0,0,0,0,0,0,0,0,0,0,2.85971792538961,2.96419215202332,0,0,0
0,0,0,8.61793518066406,0,7.28054083718194,0,5.0529819216047,0,0,0,0,0,0,0,0,0,0,0,5.51050732287955,0,0,0,0,0,0,0,0,0,2.87228738177906,0,0,0,0,0,0,0,0,0,0,0,0,0,0,0,0,0,0,0,0,0,4.09695756435394,0,3.53574976921082,0,0,0,3.09917560423053,0,2.78301700949669,0,0,4.87563236770227,0,0,0,0,0,0,0,0,0,0,0,0,0,0,0,0,0,0,0,6.26957510285458,0,6.5924015045166,0,0
0,0,0,0,0,0,0,0,0,0,0,0,0,0,0,0,0,0,0,0,0,0,0,0,0,0,0,0,0,0,0,0,0,0,0,0,0,0,0,0,0,0,0,0,0,0,0,0,0,0,0,0,0,0,0,0,0,0,2.88642660776774,0,0,0,0,0,0,0,0,0,0,0,0,0,0,0,0,0,0,0,0,0,0,0,0,3.46205139160156,0,0,0
0,0,0,0,0,6.10825972938538,0,2.98815960884094,0,0,0,0,0,0,0,3.61379285415877,0,0,0,0,0,0,0,0,0,0,0,7.07645690441132,0,0,0,0,0,0,0,0,0,0,0,0,0,0,0,0,0,0,0,0,0,0,0,5.74383882384434,0,2.94863939285278,0,0,0,0,0,4.11723778296992,0,4.73000297734612,0,0,0,0,0,0,0,0,6.29428948055614,0,0,0,0,0,0,0,0,0,0,0,3.40206800776063,4.72817667136117,0,0,0
0,0,0,0,3.8660884698232,0,0,0,3.86768279937988,0,0,0,0,0,0,0,0,0,0,0,0,0,0,0,0,0,0,0,0,0,0,0,0,0,0,0,0,0,0,0,0,0,0,0,0,0,0,0,0,0,4.42621028423309,0,0,0,3.24007081985474,0,0,0,0,0,3.77390075318607,0,0,0,0,0,0,0,0,0,0,0,0,0,0,0,0,0,0,0,0,0,6.38312762124198,0,0,0,0
0,9.0378467241923,0,0,0,6.28249960573297,0,0,0,5.83587631695979,0,0,0,3.61379285415877,0,0,21.8476467132568,5.00394711625285,0,0,0,0,0,9.11602207562809,0,3.66100570654414,0,0,0,0,0,0,0,0,0,0,0,22.7748194800483,0,0,0,0,69.0650253295898,0,0,0,0,0,0,6.09640026092529,0,6.26808443670319,0,0,0,7.88288068771362,0,0,0,3.5238437880291,0,3.84305550844241,0,0,0,0,10.2946987787882,0,3.79587912559509,0,0,0,0,0,0,0,0,0,0,0,23.8361453006142,0,3.79178787906718,0,0,0,0
38.8143127441406,0,0,0,0,0,0,0,17.5250453215379,0,0,0,0,0,0,21.8476467132568,0,21.7537564723458,27.7008389890774,0,0,8.08975422900656,7.67977918415007,0,9.20399955540169,41.6434494654338,4.30906640514126,0,0,0,0,0,0,0,0,0,0,0,0,74.3148278629079,61.7584242381443,62.7122761324832,50.572663173795,0,42.2734650505914,68.2145844887996,57.4193289490474,0,0,0,0,0,0,0,0,0,0,0,0,0,0,0,71.8397258492403,0,6.72060871124268,6.98991073990747,0,4.34976640343666,0,4.50620012165777,0,0,70.7264083862305,0,0,0,0,0,80.0244251326019,65.3159408125766,74.176015747918,64.0394043825111,17.2202339882298,10.2230741621942,56.9172339136086,56.2808796564738,45.9968040103004
20.6051807403564,0,0,0,0,0,0,0,37.5291582743327,0,0,0,0,0,0,5.00394711625285,21.7537564723458,0,21.0664694572838,53.1487274169922,0,4.3693207754264,13.1994085993086,4.04163864850998,38.1106713612874,7.06629891323593,0,3.78565001236765,0,0,0,0,0,0,0,0,0,55.8863436381022,0,55.7928974169521,75.5159374293435,46.359691726259,69.0613501926638,0,60.812385559082,55.1978218983253,69.3655367458568,0,0,0,0,0,0,0,0,0,0,85.6514739990234,0,0,0,4.53830171548403,61.795790580854,0,5.56909235645743,0,0,24.8886375427246,5.72728214301462,0,0,0,60.1927740097046,0,0,0,0,0,61.0870920953785,79.3346395492554,56.7422111114039,78.2988506463858,14.2022571621357,8.44904172948154,59.4915812810262,40.3680277812123,71.4406469244706
11.728400032119,12.9062524795532,0,0,0,0,0,0,0,0,0,0,0,0,0,0,27.7008389890774,21.0664694572838,0,54.0723152160645,0,0,48.7724838256836,0,0,67.8721389770508,0,0,0,0,0,0,0,0,0,0,0,44.3942816598075,0,40.0642236665238,42.0928043675569,29.6335339667634,34.7902637698305,9.3726372718811,39.6467908859253,35.5724304741112,38.6294882871582,0,0,74.2731323242188,0,0,0,0,0,0,0,0,0,0,0,0,45.0377887957823,0,0,32.2597579956055,0,0,0,0,0,0,36.6934211955351,47.9765644073486,0,0,0,0,44.465939945834,45.7882564560441,41.7116501037611,43.3705527434996,16.0279576182637,27.3552007286637,32.0617376532427,25.4633010410127,29.3097190721179
0,0,0,10.7300354350697,0,10.8419783412037,0,9.58553836562417,0,0,0,5.51050732287955,0,0,0,0,0,53.1487274169922,54.0723152160645,0,0,0,0,0,0,0,0,0,0,0,0,0,0,0,0,3.08391551981712,0,10.8261048128033,0,0,0,52.142190322876,0,0,0,40.7350061734517,0,0,0,0,0,10.380679699454,0,12.1132613219224,0,0,0,7.21829023183077,0,15.5710000991821,0,0,4.79375895486647,0,0,0,0,0,0,0,0,0,0,0,0,0,0,0,5.27078595161438,0,11.389740157437,0,4.40564340831522,9.26031875610352,10.5037071148678,0,0
0,0,14.6228940486908,0,8.45274708952222,0,0,0,0,0,0,0,0,0,0,0,0,0,0,0,0,0,0,0,0,0,0,0,0,0,0,0,0,0,0,0,2.73691391944885,0,0,0,0,0,0,0,0,0,0,0,0,0,7.46497942761677,0,0,0,25.030800819397,0,0,0,0,0,0,0,0,3.00924905438289,0,0,0,0,0,0,0,0,0,0,0,0,0,0,0,0,0,0,10.614900970459,13.0727138519287,0,0,0
0,0,0,0,0,0,0,0,0,0,0,0,0,0,0,0,8.08975422900656,4.3693207754264,0,0,0,0,3.17692704463568,3.12593022982279,0,3.50211708520048,0,0,0,0,0,0,0,0,0,0,0,3.2687736537969,0,0,0,0,0,0,0,0,0,0,0,0,0,0,0,0,0,0,0,0,0,0,0,0,0,0,3.39671504522731,0,0,0,3.05569118261337,0,0,0,0,0,0,0,0,0,0,0,0,0,4.57390096710185,4.52644530685043,0,0,0
0,0,0,0,0,0,0,0,0,0,0,0,0,0,0,0,7.67977918415007,13.1994085993086,48.7724838256836,0,0,3.17692704463568,0,0,2.96166071644077,0,4.53228857186422,0,0,0,0,0,0,0,0,0,0,0,4.6802464285727,0,0,0,0,0,0,0,0,0,0,0,0,0,0,0,0,0,0,0,0,0,0,0,0,0,3.61001889167293,3.82274125247448,0,2.82017670592217,0,3.5977836754061,0,0,0,0,0,0,0,0,0,0,0,3.70244258642197,5.06877169514755,4.57248270797158,0,0,0
0,11.7263170200236,0,22.5565509796143,0,0,0,0,0,9.52911495010861,0,0,0,0,0,9.11602207562809,0,4.04163864850998,0,0,0,3.12593022982279,0,0,0,4.82094422557898,0,0,0,0,0,0,0,0,0,0,0,8.99649606803457,0,0,0,0,0,0,0,0,0,0,0,14.3981955528259,0,0,0,0,0,7.90088671792752,0,0,0,0,0,0,0,0,2.74859269460042,0,4.0102248455696,0,3.16819020354229,0,0,0,0,0,0,0,0,0,0,0,6.71665659553022,0,4.90283719328947,0,12.0777052315799,0,0
8.11561195805388,0,26.3011707305908,0,0,0,0,0,7.48384328097461,0,0,0,0,0,0,0,9.20399955540169,38.1106713612874,0,0,0,0,2.96166071644077,0,0,0,4.10515587738311,0,0,0,0,0,0,0,0,0,0,0,4.21964360891125,0,0,0,0,0,0,0,0,0,21.5454216003418,0,0,0,0,0,7.63002074848522,0,0,0,0,0,6.58296588750986,0,0,0,0,0,0,3.17631841742474,0,5.98643722841817,0,0,0,0,0,0,0,0,0,0,0,5.93993042065547,11.9481234042817,0,3.07445049285889,0,0
0,0,0,0,0,0,0,0,0,10.0275356769562,0,0,0,0,0,3.66100570654414,41.6434494654338,7.06629891323593,67.8721389770508,0,0,3.50211708520048,0,4.82094422557898,0,0,0,2.73337531089783,0,0,0,0,0,0,0,0,0,0,0,0,0,0,0,0,0,0,0,0,0,0,0,0,0,0,0,0,0,0,0,0,0,0,0,0,0,0,7.77916126251221,0,3.94377199187875,0,0,0,0,0,0,0,0,0,0,0,0,0,7.2133390004386,0,0,0,0
0,0,0,0,0,0,0,0,0,0,0,0,0,0,0,0,4.30906640514126,0,0,0,0,0,4.53228857186422,0,4.10515587738311,0,0,0,0,0,0,0,0,0,0,0,0,0,0,0,0,0,0,0,0,0,0,0,0,0,0,0,0,0,0,0,0,0,0,0,0,0,0,0,0,6.51854753494263,0,5.71590518951416,0,3.53937122741329,0,0,0,0,0,0,0,0,0,0,0,0,3.05081919589675,0,0,0,0
0,0,0,0,0,0,0,0,0,0,0,0,0,7.07645690441132,0,0,0,3.78565001236765,0,0,0,0,0,0,0,2.73337531089783,0,0,0,0,0,0,0,0,0,0,0,0,0,0,0,0,0,0,0,0,0,0,0,0,0,0,0,0,0,0,0,0,0,4.61080433497919,0,0,0,0,0,0,0,0,0,0,3.77350568771362,0,0,0,0,0,0,0,0,0,0,0,4.02275286863248,2.8992889881134,0,0,0
0,0,0,0,0,0,0,0,0,0,0,0,0,0,0,0,0,0,0,0,0,0,0,0,0,0,0,0,0,0,0,0,0,0,0,0,0,0,0,0,0,0,0,0,0,0,0,0,0,0,0,0,0,0,0,0,0,0,0,0,0,0,0,0,0,0,0,0,0,0,0,0,0,0,0,0,0,0,0,0,0,0,0,0,0,0,0
0,0,0,0,0,0,0,0,0,0,0,2.87228738177906,0,0,0,0,0,0,0,0,0,0,0,0,0,0,0,0,0,0,0,0,0,0,0,0,0,0,0,0,0,0,0,0,0,0,0,0,0,0,0,0,0,0,0,0,0,3.63811703964516,0,0,0,0,0,0,0,0,0,0,0,0,0,0,3.13366602266774,0,0,0,0,0,0,0,0,0,0,0,0,0,0
0,0,0,0,0,0,0,0,0,0,0,0,0,0,0,0,0,0,0,0,0,0,0,0,0,0,0,0,0,0,0,0,0,0,0,0,0,0,0,0,0,0,0,0,0,0,0,0,0,0,0,0,0,0,0,0,0,0,0,0,0,0,0,0,0,0,0,0,0,0,0,0,0,0,0,0,0,0,0,0,0,0,0,0,0,0,0
0,0,0,0,0,0,0,0,0,0,0,0,0,0,0,0,0,0,0,0,0,0,0,0,0,0,0,0,0,0,0,0,3.12861938837803,5.42463018417358,0,2.73403310775757,0,0,0,0,0,0,0,0,0,0,0,3.31061879793803,0,0,0,0,0,0,0,0,0,0,0,0,0,0,0,0,0,0,0,0,0,0,0,0,0,0,3.60406838105871,3.36245894432068,10.1485438346863,0,29.8281059265137,0,0,0,3.07192770640055,0,0,0,0
0,0,0,0,0,0,0,0,0,0,0,0,0,0,0,0,0,0,0,0,0,0,0,0,0,0,0,0,0,0,0,3.12861938837803,0,4.75645329633097,11.9453524112701,0,0,0,0,0,0,0,0,0,0,0,0,4.50207527478536,0,0,0,0,0,0,0,0,0,0,0,0,0,0,0,0,0,0,0,0,0,0,0,0,0,0,5.1615469455719,0,0,0,4.27526259422302,0,0,0,3.76453413300336,0,0,0,0
0,0,0,0,0,0,0,0,0,0,0,0,0,0,0,0,0,0,0,0,0,0,0,0,0,0,0,0,0,0,0,5.42463018417358,4.75645329633097,0,3.22210152883757,3.18389320975368,0,4.75693750085298,16.2342481613159,0,0,0,0,0,0,0,0,4.47017782863818,0,0,0,0,0,0,0,0,0,0,0,0,0,0,0,0,0,0,0,0,0,0,0,0,0,0,7.86867951665606,0,3.81968741809621,2.74566912651062,14.777362793684,0,3.12244015230852,16.8231163024902,3.06822501015417,0,0,0,0
0,0,0,0,0,0,0,0,0,0,0,0,0,0,0,0,0,0,0,0,0,0,0,0,0,0,0,0,0,0,0,0,11.9453524112701,3.22210152883757,0,0,4.14823520884794,15.8837100346883,0,0,0,0,0,0,0,0,0,6.6013337726351,2.70957899093628,0,0,0,0,0,0,0,0,0,0,0,0,0,0,0,0,0,0,0,0,0,0,0,0,0,0,25.0314609209696,4.96607895537848,4.71519141280223,0,3.37169551849365,0,2.81332879066467,3.73774790548231,0,0,0,0
0,0,0,11.1691805975778,0,17.9113664627075,0,0,0,15.7943058013916,0,0,0,0,0,0,0,0,0,3.08391551981712,0,0,0,0,0,0,0,0,0,0,0,2.73403310775757,0,3.18389320975368,0,0,3.72451332557029,4.65809123059537,0,4.78439508384901,0,0,0,0,0,0,0,6.50805914017462,0,5.24816790166891,0,0,0,0,0,0,0,10.9225236719305,0,0,0,0,4.85036917736656,0,0,0,0,0,0,0,0,0,0,0,15.288179063797,0,3.47431278606773,0,3.56606803595028,4.55691321690877,2.8349245895039,0,3.1868663437065,3.7998956044515,8.84014229035713,0,0
0,0,11.2618454536506,0,10.6882197693104,0,0,0,0,0,0,0,0,0,0,0,0,0,0,0,2.73691391944885,0,0,0,0,0,0,0,0,0,0,0,0,0,4.14823520884794,3.72451332557029,0,0,0,7.53243893055206,0,0,0,0,0,0,42.1334101359049,6.92021564703721,13.0605716705322,9.27074667843439,13.5204678142772,0,0,0,13.0320643484592,0,13.6996987660726,0,13.2656738381637,0,13.9183888435364,0,0,0,0,0,0,0,0,0,0,0,0,31.3169397626604,0,0,0,3.62384610469525,7.08624821153342,3.37177946598499,0,0,3.97101985213362,7.16318140408797,7.51714854007182,0,0
0,15.7674529803427,0,30.3763932122125,0,0,0,0,0,23.5558176566297,0,0,0,0,0,22.7748194800483,0,55.8863436381022,44.3942816598075,10.8261048128033,0,3.2687736537969,0,8.99649606803457,0,0,0,0,0,0,0,0,0,4.75693750085298,15.8837100346883,4.65809123059537,0,0,16.7638706684113,53.7754618326823,0,49.5867175074185,0,0,0,52.4454304831369,0,5.51768982331222,17.0876159667969,17.5780336418371,0,0,0,0,0,12.2936256968457,0,0,0,0,0,0,8.06490052362805,0,3.49735226386633,0,9.86759149653828,0,21.3352241516113,0,0,0,0,0,0,0,2.8198601944106,16.7852611541748,6.45197543790264,0,4.59234063413921,17.7975206375122,7.1957127088941,4.93684301656835,13.9724443107225,37.0365632375081,0
11.5300791730912,0,27.9230329073392,0,0,0,0,0,8.36789186060217,0,0,0,0,0,0,0,0,0,0,0,0,0,4.6802464285727,0,4.21964360891125,0,0,0,0,0,0,0,0,16.2342481613159,0,0,0,16.7638706684113,0,0,0,0,0,0,0,0,0,5.83712659024317,19.8846740404765,0,0,0,0,0,11.47172643972,0,0,0,0,0,0,0,0,0,0,5.90492169062297,0,4.51349136007934,0,0,0,0,0,0,0,0,0,3.63006110986074,0,0,16.0603179931641,4.43669027336373,5.53811792045786,4.00542527802136,5.16956554642684,0,0
0,38.3539635340373,0,0,0,0,0,0,0,40.3790451049805,0,0,0,0,0,0,74.3148278629079,55.7928974169521,40.0642236665238,0,0,0,0,0,0,0,0,0,0,0,0,0,0,0,0,4.78439508384901,7.53243893055206,53.7754618326823,0,0,58.9862251281738,29.017021425516,66.6371841430664,0,0,26.8357749482605,0,7.36214392798288,0,18.3234758863644,0,0,0,0,0,0,0,38.3913275400798,0,0,0,0,16.4494737700412,0,0,0,0,0,0,0,28.6840724945068,0,25.7117799627718,0,0,0,0,0,8.06516067162945,9.34141011140784,52.5174764710117,0,41.5405506290025,74.9343566894531,12.7610671836503,22.1829490532163,0
30.8119447014549,0,38.9976005554199,0,0,0,0,0,49.261116027832,0,0,0,0,0,0,0,61.7584242381443,75.5159374293435,42.0928043675569,0,0,0,0,0,0,0,0,0,0,0,0,0,0,0,0,0,0,0,0,58.9862251281738,0,59.0066078503927,22.048462664176,0,24.7009810341729,59.0603133641756,32.9590792841044,0,45.1618792215983,0,0,0,0,0,0,0,45.5612080891927,0,0,0,0,0,70.9561742351901,0,0,0,0,0,0,0,0,0,81.6584625244141,56.4466781616211,0,0,0,0,83.613702138265,60.8838173151016,89.6263325030987,66.5687639212903,38.0940398117229,64.198163065877,29.2776753426486,0,21.4997029946401
0,19.82964163836,0,0,0,64.5005111694336,0,0,0,27.0920159991195,0,0,0,0,0,0,62.7122761324832,46.359691726259,29.6335339667634,52.142190322876,0,0,0,0,0,0,0,0,0,0,0,0,0,0,0,0,0,49.5867175074185,0,29.017021425516,59.0066078503927,0,9.91113899168289,16.8594255376218,0,24.2304591367019,71.6671447753906,0,0,20.2845466301606,0,0,0,0,0,15.5788609186808,0,47.6180426952375,0,0,0,0,39.2460517087185,0,0,0,0,0,0,0,21.7380306788853,0,22.8799438139473,51.4297351837158,0,0,0,0,34.7685387228007,67.3915430704753,28.120711438248,59.9543538093567,21.0907685070567,48.0242454409599,24.4735705288167,19.8254614941333,43.8606894356864
17.578243678093,0,30.8956645346793,0,0,0,0,0,9.12344980758169,0,0,0,0,0,0,69.0650253295898,50.572663173795,69.0613501926638,34.7902637698305,0,0,0,0,0,0,0,0,0,0,0,0,0,0,0,0,0,0,0,0,66.6371841430664,22.048462664176,9.91113899168289,0,0,0,49.795537003449,42.5463458532867,0,23.7080068838753,0,0,0,0,0,34.4581910838252,0,57.1502180894216,0,0,0,66.1270065307617,0,54.6297828075933,0,0,0,0,0,0,0,0,0,0,44.1226690138653,0,0,0,0,58.411639894758,40.9231252318523,61.1339763641357,47.1489706134227,22.0525586688056,58.5875134339204,25.2480222841001,38.2094866434733,15.5749601401121
0,0,0,0,0,0,0,0,0,0,0,0,0,0,0,0,0,0,9.3726372718811,0,0,0,0,0,0,0,0,0,0,0,0,0,0,0,0,0,0,0,0,0,0,16.8594255376218,0,0,0,25.6658096313477,0,0,0,0,0,0,0,0,0,0,0,0,0,0,0,0,0,0,0,0,0,0,0,0,0,0,0,0,0,0,0,0,26.4975051879883,0,25.8171558380127,0,17.7007028034755,0,7.65114877700806,0,0
0,0,0,0,0,0,0,0,0,0,0,0,0,0,0,0,42.2734650505914,60.812385559082,39.6467908859253,0,0,0,0,0,0,0,0,0,0,0,0,0,0,0,0,0,0,0,0,0,24.7009810341729,0,0,0,0,0,18.0018548965454,0,0,0,0,0,0,0,0,0,0,0,0,0,0,0,0,0,0,0,0,0,0,0,0,0,0,0,0,0,0,0,0,25.5747056007385,0,24.3795794409675,30.2120561599731,38.316535949707,22.3452996253967,0,0
44.2533493041992,19.7733426527544,0,18.9708214449736,0,0,0,0,0,51.5307183265686,0,0,0,0,0,0,68.2145844887996,55.1978218983253,35.5724304741112,40.7350061734517,0,0,0,0,0,0,0,0,0,0,0,0,0,0,0,0,0,52.4454304831369,0,26.8357749482605,59.0603133641756,24.2304591367019,49.795537003449,25.6658096313477,0,0,61.9256626514906,0,0,31.0146156572828,0,0,0,0,0,0,0,51.4885641011325,0,0,0,0,12.7421394483343,0,0,0,0,0,0,0,52.4084672927856,0,51.9748056607369,0,0,0,0,0,22.5892153878691,63.1685357411702,51.32815258613,65.372975051403,29.5323791384309,63.1242739979814,17.9968036787371,28.4210563525753,46.5084106808617
20.5077003879959,50.1663932800293,65.4111759185791,0,0,0,0,0,0,0,0,0,0,0,0,0,57.4193289490474,69.3655367458568,38.6294882871582,0,0,0,0,0,0,0,0,0,0,0,0,0,0,0,0,0,42.1334101359049,0,0,0,32.9590792841044,71.6671447753906,42.5463458532867,0,18.0018548965454,61.9256626514906,0,42.0524883270264,44.3204124384913,48.2620770590646,0,0,0,0,14.9493646621704,0,12.6773490905762,0,14.4266600608826,0,0,0,72.868433543614,3.85927671465007,0,0,0,0,0,0,0,0,0,16.7500156395965,0,0,0,0,76.8578850882394,32.1515885812265,90.7796572171725,42.7429225628193,30.1864793024138,60.2517241230161,17.619679800366,0,72.0668167840867
0,0,0,0,0,0,0,0,0,0,0,0,0,0,0,0,0,0,0,0,0,0,0,0,0,0,0,0,0,0,0,3.31061879793803,4.50207527478536,4.47017782863818,6.6013337726351,6.50805914017462,6.92021564703721,5.51768982331222,5.83712659024317,7.36214392798288,0,0,0,0,0,0,42.0524883270264,0,7.36159630708916,6.32356551972528,0,0,0,0,0,0,0,0,0,0,0,0,0,0,0,0,0,0,0,0,0,0,0,55.1699638366699,13.7699916225213,3.58479046821594,8.25098795528653,7.28198353449504,7.69477454110897,7.49357153262037,5.58218677227314,8.10811587333679,14.7186190409538,0,11.1006955060092,0,0
7.37912652052573,0,7.83809109203151,0,0,0,0,0,17.3370047473907,0,0,0,0,0,0,0,0,0,0,0,0,0,0,0,21.5454216003418,0,0,0,0,0,0,0,0,0,2.70957899093628,0,13.0605716705322,17.0876159667969,19.8846740404765,0,45.1618792215983,0,23.7080068838753,0,0,0,44.3204124384913,7.36159630708916,0,0,34.3792762756348,0,0,0,5.85101211071014,0,0,0,26.1393508911133,0,4.01846508357836,0,0,0,0,0,0,0,0,0,0,0,0,52.4500947249563,0,0,0,0,0,52.1680202484131,0,16.2881410717964,20.9533096173914,0,15.7011348571714,0,14.941637357076
0,7.26511869551405,34.8161678314209,7.35803091502974,0,0,0,0,0,11.3256322441972,0,0,0,0,0,6.09640026092529,0,0,74.2731323242188,0,0,0,0,14.3981955528259,0,0,0,0,0,0,0,0,0,0,0,5.24816790166891,9.27074667843439,17.5780336418371,0,18.3234758863644,0,20.2845466301606,0,0,0,31.0146156572828,48.2620770590646,6.32356551972528,0,0,0,0,0,0,0,9.75369113829078,0,8.7954709040813,0,0,0,10.2419129780361,29.7034183740616,0,0,0,7.39281141757965,0,0,0,18.28538888151,0,11.5861694537676,56.9552688598633,8.95891225337982,0,3.98055504163106,0,20.1769007489651,9.93169064041953,20.5381949223005,58.4243507385254,19.0153057933441,0,14.4036565699505,9.88625001907349,0
37.183230082194,0,12.0410647471746,0,5.35875018389665,0,0,0,15.9406307755095,0,0,0,0,0,4.42621028423309,0,0,0,0,0,7.46497942761677,0,0,0,0,0,0,0,0,0,0,0,0,0,0,0,13.5204678142772,0,0,0,0,0,0,0,0,0,0,0,34.3792762756348,0,0,0,3.30986992105261,0,7.64984365588143,0,0,0,0,0,6.23423664696551,0,0,7.63976306915283,0,0,0,0,0,0,0,0,0,0,0,0,0,0,0,0,0,0,9.59795879360184,0,13.5185907051481,0,0
0,0,0,5.77274047476905,0,3.96561287663944,0,5.08427967627843,0,12.6992671418011,0,4.09695756435394,0,5.74383882384434,0,6.26808443670319,0,0,0,10.380679699454,0,0,0,0,0,0,0,0,0,0,0,0,0,0,0,0,0,0,0,0,0,0,0,0,0,0,0,0,0,0,0,0,0,3.34601602289412,0,0,0,4.30892402032462,0,5.27140314748891,0,5.45271970973565,9.13165521621704,0,0,0,0,0,0,0,0,0,37.527717590332,0,0,0,0,0,0,0,0,0,4.32057909720333,0,7.11322429839601,0,0
0,0,0,0,4.99372034072876,0,2.80623459815979,0,0,0,0,0,0,0,0,0,0,0,0,0,0,0,0,0,0,0,0,0,0,0,0,0,0,0,0,0,0,0,0,0,0,0,0,0,0,0,0,0,0,0,3.30986992105261,0,0,0,0,0,0,0,0,0,0,0,0,0,0,0,0,0,0,0,0,0,0,0,0,0,0,0,0,0,0,0,0,0,0,0,0
0,0,0,0,0,4.89294849593064,0,4.16112361848354,0,0,0,3.53574976921082,0,2.94863939285278,0,0,0,0,0,12.1132613219224,0,0,0,0,0,0,0,0,0,0,0,0,0,0,0,0,0,0,0,0,0,0,0,0,0,0,0,0,0,0,0,3.34601602289412,0,0,0,0,0,2.82733780687506,0,4.97685813903809,0,0,11.7535400390625,0,0,0,0,0,0,0,0,0,0,0,0,0,0,0,0,0,0,0,8.0665437579155,0,11.9497374986347,0,0
4.5898364005794,0,4.32027708116125,0,13.2186485815048,0,0,0,8.01291067928916,0,0,0,0,0,3.24007081985474,0,0,0,0,0,25.030800819397,0,0,0,7.63002074848522,0,0,0,0,0,0,0,0,0,0,0,13.0320643484592,0,11.47172643972,0,0,0,34.4581910838252,0,0,0,14.9493646621704,0,5.85101211071014,0,7.64984365588143,0,0,0,0,0,0,0,0,0,6.02696078777313,0,0,0,0,0,0,6.6364232480526,0,0,0,0,0,0,0,0,0,0,0,0,0,12.6558082622031,16.3766078989385,0,18.2204981390635,0,24.009349822998
0,7.5378763125493,0,7.51340575285361,0,0,0,0,0,6.34463572149185,0,0,0,0,0,7.88288068771362,0,0,0,0,0,0,0,7.90088671792752,0,0,0,0,0,0,0,0,0,0,0,0,0,12.2936256968457,0,0,0,15.5788609186808,0,0,0,0,0,0,0,9.75369113829078,0,0,0,0,0,0,0,3.83939319849014,0,0,0,8.21326939264933,0,0,0,0,6.33080829139304,0,0,0,0,0,26.2328457832336,0,0,0,0,0,0,0,12.365054441535,0,11.9944012022018,0,5.45427249280774,0,0
0,0,5.96912276117425,0,0,0,0,0,0,0,0,0,0,0,0,0,0,0,0,0,0,0,0,0,0,0,0,0,0,0,0,0,0,0,0,0,13.6996987660726,0,0,0,45.5612080891927,0,57.1502180894216,0,0,0,12.6773490905762,0,0,0,0,0,0,0,0,0,0,0,0,0,0,0,0,8.74444416294927,0,0,0,0,0,0,0,0,0,3.18046205043793,0,0,0,0,0,14.349937915802,0,0,30.4709643920263,0,11.2248472900864,0,13.0910501480103
0,13.7950960795085,0,9.39994925983024,0,4.8731780161052,0,3.05598485469818,0,15.3687868118286,0,3.09917560423053,0,0,0,0,0,85.6514739990234,0,7.21829023183077,0,0,0,0,0,0,0,0,0,3.63811703964516,0,0,0,0,0,10.9225236719305,0,0,0,38.3913275400798,0,47.6180426952375,0,0,0,51.4885641011325,0,0,0,8.7954709040813,0,4.30892402032462,0,2.82733780687506,0,3.83939319849014,0,0,0,3.18027968217831,0,9.0222208056339,7.27619397652646,0,0,0,0,0,0,0,10.7510593096415,0,6.70588515063,0,0,0,0,0,25.8467619305565,0,0,0,22.3488398326112,7.24612092971802,11.0267218220253,53.4823741912842,0
0,0,6.99833217106367,0,12.9403907043346,0,0,0,0,0,0,0,2.88642660776774,0,0,0,0,0,0,0,0,0,0,0,0,0,0,0,0,0,0,0,0,0,0,0,13.2656738381637,0,0,0,0,0,0,0,0,0,14.4266600608826,0,26.1393508911133,0,0,0,0,0,0,0,0,0,0,0,0,0,0,0,0,0,0,0,0,0,0,0,0,0,0,0,0,0,0,0,0,0,14.8217867008154,0,8.02952529894595,0,0
0,0,0,4.79642731482139,0,6.27673147460248,0,3.19267990372398,0,0,0,2.78301700949669,0,4.11723778296992,0,3.5238437880291,0,0,0,15.5710000991821,0,0,0,0,0,0,0,4.61080433497919,0,0,0,0,0,0,0,0,0,0,0,0,0,0,0,0,0,0,0,0,0,0,0,5.27140314748891,0,4.97685813903809,0,0,0,3.18027968217831,0,0,0,4.13072155203138,0,0,0,0,0,0,0,0,4.50705662700865,0,0,0,0,0,0,0,20.6607475280762,0,0,0,3.86569690468288,0,8.62687568231062,0,0
27.1152855555216,0,5.14803375005722,0,14.5360891592914,0,0,0,6.27128863068266,0,0,0,0,0,3.77390075318607,0,0,0,0,0,0,0,0,0,6.58296588750986,0,0,0,0,0,0,0,0,0,0,0,13.9183888435364,0,0,0,0,0,66.1270065307617,0,0,0,0,0,4.01846508357836,0,6.23423664696551,0,0,0,6.02696078777313,0,0,0,0,0,0,0,0,0,0,0,0,6.2968293428421,0,0,0,0,0,0,0,0,0,0,0,0,0,29.805103302002,16.2263934657259,0,13.7368936819189,0,0
0,4.28425691415975,0,5.51860168375562,0,7.28398397037522,0,0,0,6.58482296106016,0,0,0,4.73000297734612,0,3.84305550844241,0,4.53830171548403,0,0,0,0,0,0,0,0,0,0,0,0,0,0,0,0,0,0,0,0,0,0,0,0,0,0,0,0,0,0,0,10.2419129780361,0,5.45271970973565,0,0,0,8.21326939264933,0,9.0222208056339,0,4.13072155203138,0,0,0,0,0,0,0,0,0,0,0,0,33.4415479660034,0,0,0,0,0,0,0,0,0,9.34379796820562,0,13.918774998188,0,0
53.2011184692383,27.7153839920506,0,26.6691197089429,0,11.9721914927165,0,9.90922197118982,0,0,0,4.87563236770227,0,0,0,0,71.8397258492403,61.795790580854,45.0377887957823,4.79375895486647,0,0,0,0,0,0,0,0,0,0,0,0,0,0,0,4.85036917736656,0,8.06490052362805,0,16.4494737700412,70.9561742351901,39.2460517087185,54.6297828075933,0,0,12.7421394483343,72.868433543614,0,0,29.7034183740616,0,9.13165521621704,0,11.7535400390625,0,0,0,7.27619397652646,0,0,0,0,0,0,0,0,0,0,0,0,13.3345575332642,0,15.6938264755242,0,0,0,0,0,18.4761707830429,81.3537782941546,11.6297356368102,75.4905477670523,24.8900002702533,71.1745820045471,19.8427861055805,35.7625397315807,55.5728228886922
0,0,0,0,8.08266909917196,0,0,0,0,0,0,0,0,0,0,0,0,0,0,0,3.00924905438289,0,0,0,0,0,0,0,0,0,0,0,0,0,0,0,0,0,0,0,0,0,0,0,0,0,3.85927671465007,0,0,0,7.63976306915283,0,0,0,0,0,8.74444416294927,0,0,0,0,0,0,0,0,0,0,0,0,0,0,0,0,19.5890537897746,0,0,0,0,0,2.88486502567927,0,0,0,0,4.84060457140074,0,0
0,0,0,0,0,0,0,0,0,0,0,0,0,0,0,0,6.72060871124268,5.56909235645743,0,0,0,3.39671504522731,3.61001889167293,2.74859269460042,0,0,0,0,0,0,0,0,0,0,0,0,0,3.49735226386633,0,0,0,0,0,0,0,0,0,0,0,0,0,0,0,0,0,0,0,0,0,0,0,0,0,0,0,0,6.98098754882812,0,0,0,0,0,0,0,0,0,0,0,0,0,0,0,4.18046705212929,4.02698565679684,0,0,0
0,0,0,0,0,0,0,0,0,0,0,0,0,0,0,0,6.98991073990747,0,32.2597579956055,0,0,0,3.82274125247448,0,0,0,6.51854753494263,0,0,0,0,0,0,0,0,0,0,0,5.90492169062297,0,0,0,0,0,0,0,0,0,0,0,0,0,0,0,0,0,0,0,0,0,0,0,0,0,0,0,0,0,0,10.1876802444458,0,0,0,0,0,0,0,0,0,0,0,4.01955890655518,5.85422088762364,3.35672614574432,0,0,0
0,6.86534287532171,0,0,0,0,0,0,0,9.85110601615683,0,0,0,0,0,10.2946987787882,0,0,0,0,0,0,0,4.0102248455696,0,7.77916126251221,0,0,0,0,0,0,0,0,0,0,0,9.86759149653828,0,0,0,0,0,0,0,0,0,0,0,7.39281141757965,0,0,0,0,0,6.33080829139304,0,0,0,0,0,0,0,0,6.98098754882812,0,0,0,0,0,0,0,0,0,0,0,0,0,0,0,8.61798692904042,0,13.3062387193952,0,4.67868224057284,0,0
0,0,0,0,0,0,0,0,8.66734813816975,0,0,0,0,0,0,0,4.34976640343666,24.8886375427246,0,0,0,0,2.82017670592217,0,3.17631841742474,0,5.71590518951416,0,0,0,0,0,0,0,0,0,0,0,4.51349136007934,0,0,0,0,0,0,0,0,0,0,0,0,0,0,0,6.6364232480526,0,0,0,0,0,6.2968293428421,0,0,0,0,0,0,0,0,5.85417493184408,0,0,0,0,0,0,0,0,0,0,0,4.339454876166,26.0608406066895,0,3.70493876934052,0,0
0,0,0,0,0,0,0,0,0,0,0,0,0,0,0,3.79587912559509,0,5.72728214301462,0,0,0,3.05569118261337,0,3.16819020354229,0,3.94377199187875,0,0,0,0,0,0,0,0,0,0,0,21.3352241516113,0,0,0,0,0,0,0,0,0,0,0,0,0,0,0,0,0,0,0,0,0,0,0,0,0,0,0,0,0,0,0,0,0,0,0,0,0,0,0,0,0,0,0,0,5.94342401368277,0,0,0,0
0,0,0,0,0,0,0,0,0,0,0,0,0,0,0,0,4.50620012165777,0,0,0,0,0,3.5977836754061,0,5.98643722841817,0,3.53937122741329,0,0,0,0,0,0,0,0,0,0,0,0,0,0,0,0,0,0,0,0,0,0,0,0,0,0,0,0,0,0,0,0,0,0,0,0,0,0,10.1876802444458,0,5.85417493184408,0,0,0,0,0,0,0,0,0,0,0,0,0,0,3.48339748382568,0,0,0,0
0,13.5226418005454,0,26.2555134513161,0,0,0,0,0,16.2130677103996,0,0,0,6.29428948055614,0,0,0,0,0,0,0,0,0,0,0,0,0,3.77350568771362,0,0,0,0,0,0,0,0,0,0,0,28.6840724945068,0,21.7380306788853,0,0,0,52.4084672927856,0,0,0,18.28538888151,0,0,0,0,0,0,0,10.7510593096415,0,4.50705662700865,0,0,13.3345575332642,0,0,0,0,0,0,0,0,0,0,0,0,0,0,0,0,0,0,0,16.3428645228708,0,13.1984861313029,12.3939022064209,0
0,0,0,0,0,0,0,0,0,0,0,0,0,0,0,0,0,0,0,0,0,0,0,0,0,0,0,0,0,0,0,0,0,0,0,0,0,0,0,0,0,0,0,0,0,0,0,0,0,0,0,0,0,0,0,0,0,0,0,0,0,0,0,0,0,0,0,0,0,0,0,0,0,0,0,0,0,0,0,0,0,0,0,0,0,0,0
0,15.282097466326,0,28.8032896983159,0,0,0,0,0,18.6237480640411,0,0,0,0,0,0,70.7264083862305,60.1927740097046,36.6934211955351,0,0,0,0,0,0,0,0,0,0,3.13366602266774,0,0,0,0,0,0,0,0,0,25.7117799627718,81.6584625244141,22.8799438139473,0,0,0,51.9748056607369,0,0,0,11.5861694537676,0,37.527717590332,0,0,0,26.2328457832336,0,6.70588515063,0,0,0,33.4415479660034,15.6938264755242,0,0,0,0,0,0,0,0,0,0,0,0,0,0,0,53.851259469986,0,34.5156093120575,0,18.3457805667084,0,18.6764392346951,19.7590646658625,49.3520584106445
17.6857204437256,0,24.331869670323,0,0,0,0,0,0,0,0,0,0,0,0,0,0,0,47.9765644073486,0,0,0,0,0,0,0,0,0,0,0,0,0,0,0,0,0,31.3169397626604,0,0,0,56.4466781616211,51.4297351837158,44.1226690138653,0,0,0,16.7500156395965,55.1699638366699,52.4500947249563,56.9552688598633,0,0,0,0,0,0,3.18046205043793,0,0,0,0,0,0,19.5890537897746,0,0,0,0,0,0,0,0,0,0,0,0,0,0,0,0,0,49.8828964233398,40.1705540454749,90.0840911865234,19.6576497054143,0,19.8949049781351
0,0,0,0,0,0,0,0,0,0,0,0,0,0,0,0,0,0,0,0,0,0,0,0,0,0,0,0,0,0,0,3.60406838105871,5.1615469455719,7.86867951665606,0,15.288179063797,0,0,0,0,0,0,0,0,0,0,0,13.7699916225213,0,8.95891225337982,0,0,0,0,0,0,0,0,0,0,0,0,0,0,0,0,0,0,0,0,0,0,0,0,0,0,9.70933302141005,0,27.969533996582,0,0,0,0,0,0,0,0
0,0,0,0,0,0,0,0,0,0,0,0,0,0,0,0,0,0,0,0,0,0,0,0,0,0,0,0,0,0,0,3.36245894432068,0,0,25.0314609209696,0,0,0,0,0,0,0,0,0,0,0,0,3.58479046821594,0,0,0,0,0,0,0,0,0,0,0,0,0,0,0,0,0,0,0,0,0,0,0,0,0,0,0,0,0,12.3662353515625,0,0,0,0,3.68586766719818,0,0,0,0
0,0,0,0,0,0,0,0,0,0,0,0,0,0,0,0,0,0,0,0,0,0,0,0,0,0,0,0,0,0,0,10.1485438346863,0,3.81968741809621,4.96607895537848,3.47431278606773,0,2.8198601944106,0,0,0,0,0,0,0,0,0,8.25098795528653,0,3.98055504163106,0,0,0,0,0,0,0,0,0,0,0,0,0,0,0,0,0,0,0,0,0,0,0,0,9.70933302141005,0,0,5.67736971378326,36.6091209820339,0,2.81910236676534,0,3.20744058619375,0,0,0,0
0,0,0,0,0,0,0,0,0,0,0,0,0,0,0,0,0,0,0,0,0,0,0,0,0,0,0,0,0,0,0,0,0,2.74566912651062,4.71519141280223,0,3.62384610469525,16.7852611541748,3.63006110986074,0,0,0,0,0,0,0,0,7.28198353449504,0,0,0,0,0,0,0,0,0,0,0,0,0,0,0,0,0,0,0,0,0,0,0,0,0,0,0,12.3662353515625,5.67736971378326,0,0,0,0,3.2678993106448,3.44060875360782,0,0,0,0
0,36.5217613420988,0,32.0611536126388,0,0,0,0,0,48.5907885233561,0,0,0,0,0,0,80.0244251326019,61.0870920953785,44.465939945834,5.27078595161438,0,0,0,0,0,0,0,0,0,0,0,29.8281059265137,4.27526259422302,14.777362793684,0,3.56606803595028,7.08624821153342,6.45197543790264,0,8.06516067162945,83.613702138265,34.7685387228007,58.411639894758,26.4975051879883,0,22.5892153878691,76.8578850882394,7.69477454110897,0,20.1769007489651,0,0,0,0,0,0,0,25.8467619305565,0,20.6607475280762,0,0,18.4761707830429,0,0,0,0,0,0,0,0,0,53.851259469986,0,27.969533996582,0,36.6091209820339,0,0,12.414513393115,58.3584059267995,90.6010646820068,33.779627349169,36.731684412275,29.1082600799261,28.1285167175936,68.1740595499675
30.7228622436523,0,13.6840476989746,0,0,0,0,0,0,0,0,0,0,0,0,0,65.3159408125766,79.3346395492554,45.7882564560441,0,0,0,0,0,0,0,0,0,0,0,0,0,0,0,3.37169551849365,4.55691321690877,3.37177946598499,0,0,9.34141011140784,60.8838173151016,67.3915430704753,40.9231252318523,0,25.5747056007385,63.1685357411702,32.1515885812265,7.49357153262037,52.1680202484131,9.93169064041953,0,0,0,0,0,0,14.349937915802,0,0,0,0,0,81.3537782941546,2.88486502567927,0,0,0,0,0,0,0,0,0,0,0,0,0,0,12.414513393115,0,107.54062461853,64.2729363441467,45.2482096952728,10.3539759849393,36.3508627174874,0,21.1788682577745
0,17.8356427740543,0,32.7277340359158,0,0,0,0,0,22.2694081764717,0,0,0,0,0,23.8361453006142,74.176015747918,56.7422111114039,41.7116501037611,11.389740157437,0,0,0,6.71665659553022,0,0,0,0,0,0,0,0,0,3.12244015230852,0,2.8349245895039,0,4.59234063413921,16.0603179931641,52.5174764710117,89.6263325030987,28.120711438248,61.1339763641357,25.8171558380127,0,51.32815258613,90.7796572171725,5.58218677227314,0,20.5381949223005,0,0,0,0,0,12.365054441535,0,0,0,0,0,0,11.6297356368102,0,0,0,8.61798692904042,0,0,0,0,0,34.5156093120575,0,0,0,2.81910236676534,0,58.3584059267995,107.54062461853,0,100.321084022522,32.4245940446407,75.2476741245815,28.0302420339975,21.6649248703249,66.9528457641602
30.7824387550354,0,65.8415288925171,0,0,0,0,0,20.0018297467913,0,0,0,0,0,0,0,64.0394043825111,78.2988506463858,43.3705527434996,0,0,0,3.70244258642197,0,5.93993042065547,0,0,0,0,0,0,0,0,16.8231163024902,2.81332879066467,0,0,17.7975206375122,4.43669027336373,0,66.5687639212903,59.9543538093567,47.1489706134227,0,24.3795794409675,65.372975051403,42.7429225628193,8.10811587333679,16.2881410717964,58.4243507385254,0,0,0,0,12.6558082622031,0,0,0,0,0,29.805103302002,0,75.4905477670523,0,0,4.01955890655518,0,4.339454876166,0,0,0,0,0,49.8828964233398,0,0,0,3.2678993106448,90.6010646820068,64.2729363441467,100.321084022522,0,50.2508911866031,66.3618140044036,20.8216281564705,57.0015335083008,20.5453837283023
12.4918873109367,14.662224227208,11.5509204614023,7.3905213524127,8.17419648299695,6.15119427475219,0,4.28984674999132,6.82211695876372,4.08766323683133,2.85971792538961,6.26957510285458,0,3.40206800776063,6.38312762124198,3.79178787906718,17.2202339882298,14.2022571621357,16.0279576182637,4.40564340831522,10.614900970459,4.57390096710185,5.06877169514755,4.90283719328947,11.9481234042817,7.2133390004386,3.05081919589675,4.02275286863248,0,0,0,3.07192770640055,3.76453413300336,3.06822501015417,3.73774790548231,3.1868663437065,3.97101985213362,7.1957127088941,5.53811792045786,41.5405506290025,38.0940398117229,21.0907685070567,22.0525586688056,17.7007028034755,30.2120561599731,29.5323791384309,30.1864793024138,14.7186190409538,20.9533096173914,19.0153057933441,9.59795879360184,4.32057909720333,0,8.0665437579155,16.3766078989385,11.9944012022018,30.4709643920263,22.3488398326112,14.8217867008154,3.86569690468288,16.2263934657259,9.34379796820562,24.8900002702533,0,4.18046705212929,5.85422088762364,13.3062387193952,26.0608406066895,5.94342401368277,3.48339748382568,16.3428645228708,0,18.3457805667084,40.1705540454749,0,3.68586766719818,3.20744058619375,3.44060875360782,33.779627349169,45.2482096952728,32.4245940446407,50.2508911866031,0,6.76827933858385,17.730698763738,30.7833302043733,26.1793384105525
37.0719337463379,0,0,0,8.76865836977959,7.28999931867733,0,5.12196900844574,0,0,2.96419215202332,0,3.46205139160156,4.72817667136117,0,0,10.2230741621942,8.44904172948154,27.3552007286637,9.26031875610352,13.0727138519287,4.52644530685043,4.57248270797158,0,0,0,0,2.8992889881134,0,0,0,0,0,0,0,3.7998956044515,7.16318140408797,4.93684301656835,4.00542527802136,74.9343566894531,64.198163065877,48.0242454409599,58.5875134339204,0,38.316535949707,63.1242739979814,60.2517241230161,0,0,0,0,0,0,0,0,0,0,7.24612092971802,0,0,0,0,71.1745820045471,0,4.02698565679684,3.35672614574432,0,0,0,0,0,0,0,90.0840911865234,0,0,0,0,36.731684412275,10.3539759849393,75.2476741245815,66.3618140044036,6.76827933858385,0,57.4900847093775,0,49.2724199295044
12.2945056612663,9.74312878227853,13.0599666784274,7.33900398844071,9.23768729845683,8.95121885568668,0,12.2456579208374,13.8785672409122,12.821752276376,0,6.5924015045166,0,0,0,0,56.9172339136086,59.4915812810262,32.0617376532427,10.5037071148678,0,0,0,12.0777052315799,3.07445049285889,0,0,0,0,0,0,0,0,0,0,8.84014229035713,7.51714854007182,13.9724443107225,5.16956554642684,12.7610671836503,29.2776753426486,24.4735705288167,25.2480222841001,7.65114877700806,22.3452996253967,17.9968036787371,17.619679800366,11.1006955060092,15.7011348571714,14.4036565699505,13.5185907051481,7.11322429839601,0,11.9497374986347,18.2204981390635,5.45427249280774,11.2248472900864,11.0267218220253,8.02952529894595,8.62687568231062,13.7368936819189,13.918774998188,19.8427861055805,4.84060457140074,0,0,4.67868224057284,3.70493876934052,0,0,13.1984861313029,0,18.6764392346951,19.6576497054143,0,0,0,0,29.1082600799261,36.3508627174874,28.0302420339975,20.8216281564705,17.730698763738,57.4900847093775,0,27.0071304946387,14.5079264052695
0,0,0,0,0,0,0,0,0,0,0,0,0,0,0,0,56.2808796564738,40.3680277812123,25.4633010410127,0,0,0,0,0,0,0,0,0,0,0,0,0,0,0,0,0,0,37.0365632375081,0,22.1829490532163,0,19.8254614941333,38.2094866434733,0,0,28.4210563525753,0,0,0,9.88625001907349,0,0,0,0,0,0,0,53.4823741912842,0,0,0,0,35.7625397315807,0,0,0,0,0,0,0,12.3939022064209,0,19.7590646658625,0,0,0,0,0,28.1285167175936,0,21.6649248703249,57.0015335083008,30.7833302043733,0,27.0071304946387,0,51.7642631530762
12.4475183486938,0,20.1867267475572,0,0,0,0,0,5.87380837276578,0,0,0,0,0,0,0,45.9968040103004,71.4406469244706,29.3097190721179,0,0,0,0,0,0,0,0,0,0,0,0,0,0,0,0,0,0,0,0,0,21.4997029946401,43.8606894356864,15.5749601401121,0,0,46.5084106808617,72.0668167840867,0,14.941637357076,0,0,0,0,0,24.009349822998,0,13.0910501480103,0,0,0,0,0,55.5728228886922,0,0,0,0,0,0,0,0,0,49.3520584106445,19.8949049781351,0,0,0,0,68.1740595499675,21.1788682577745,66.9528457641602,20.5453837283023,26.1793384105525,49.2724199295044,14.5079264052695,51.7642631530762,0
