0,0,0,0,0,0,0,0,285.883647739887,0,0,0,0,0,0,0,58.1961750984192,0,1264.77295745909,0,0,0,0,0,1.2626274600625,0,0,0,0,0,0,0,0,0,0.950520992279053,0,0,0,5.45712381601334,0,0,0,247.93926165998,0,2.8464469909668,0,0,0.285683162510395,0,0,0,0,0,0,105.223475396633,0,0,0,0,0,0.455810129642487,0,0,0,0,0,0,0.605918250977993,0,1.44520152360201,0,0,0,0,0,0,0,0.0768736302852631,0,0,0,1.12889587879181,261.935361094773,1.39747720956802,392.162772804499,0,0
0,0,0,1,0,0,0,0,0,1.05001962184906,0,0,0,0,0,0,0,1.19073551893234,163.110807776451,0,0,0,0,0,0.31304894387722,0,0,0,0,0,0,0,0,0.246147751808167,0,0,0,0.638071104884148,2.84025748819113,0,0,1316.21263690293,0,0,0,0,0,0,4.57769161462784,79.1473385542631,0,0,0,0,0,97.0119047611952,0,0,0,0,0,55.774634629488,0,0,0,0.678630784153938,0,0.683478727936745,0,0.102902509272099,0.839756935834885,0,2.89595355093479,0,0,0,0,0,0,0,0,0.553575433790684,522.178324453533,0,597.474712736905,0,0
0,0,0,0,0,0,0,0,0,0,0,0,0,0,0,0,0,0,0,0,0,0,0,0,0,0,0,0,0,0,0,0,0,0,0,0,0,0,0,0,0,0,0,0,0,0,2.84064054489136,0,0,0,0,0,0,0,0,0,45.6755919158459,0,0,0,0,0,0,0,0,0,0,0,0,0,0,0,0,0,0,0,0,0,0,0,0,0,70.2581678628922,0,403.234606355429,0,0
0,1,0,0,0,0,0,0,0,0,0,0,0,0,0,0,0,0,0,9.19225676357746,0,0,0,0,0,0,0,0,0,0,0,0,0,0,0,0,0,0,0,0,0,0,0,0,0,0,0,0,0,0,0,0,0,0,0,0,0,4.09104233980179,0,0,0,0,0,0,0,0,0,0,0,0,0,0,0,0,0,0,0,0,0,0,0,0,20.4490432739258,0,34.8000073879957,0,0
0,0,0,0,0,0,2.20025274157524,0,0,0,2.62071846425533,0,0,0,0,0,0,0,0,0,86.4870314151049,0,0,0,0,0,0,0,0,0,0,0,0,0,0,0,0,0,0,0,0,0,0,0,0,0,0,0,0,0,0.195924937725067,0,0,0,0,0,0.242700636386871,0,0,0,0,0,0,41.8412699401379,0,0,0,0,0,0,0,0,0,0,0,0,0,0,0,0,0,0,43.7428752928972,210.968824505806,0.571634382009506,0,0
0,0,0,0,0,0,0,0,0,0,0,0,0,0,0,0,0,0,0,0,0,0,0,0,0,0,0,0,0,0,0,0,0,0,0,0,0,0,0,0,0,0,0,0,0,0,0,0,0,0,0,2.23550170660019,0,0,0,0,0,0,0,0,0,0,0,0,0,0,0,0,0,0,0,0,0,0,0,0,0,0,0,0,0,0,924.513164460659,234.922679126263,0,0,0
0,0,0,0,2.20025274157524,0,0,0,0,0,114.807934358716,0,0,0,0,0,0,0,0,0,285.065916538239,0,0,0,0,0,0,0,0,0,0,0,0,0,0,0,0,0,0,0,0,0,0,0,0,0,0,0,0,0,0,0,6.02221012115479,0,0,0,2.93345966935158,0,0,0,0,0,0,1.77025653421879,0,0,0,0,0,0,0,0,0,0,0,0,0,0,0,0,0,0,587.86288189888,393.48352022469,1.13298438489437,0,0
0,0,0,0,0,0,0,0,0,0,0,0,0,0,0,0,0,0,0,0,0,0,0,0,0,0,0,0,0,0,0,0,0,0,0,0,0,0,0,0,0,0,0,0,0,0,0,0,0,0,0,108.524316549301,0,241.430126130581,0,0,0,5,0,4.20513853430748,0,0,0,0,0,0,0,0,0,0,0,0,0,0,0,0,0,0,0,0,0,0,5.98732781410217,0,0,0,0
285.883647739887,0,0,0,0,0,0,0,0,0,0,0,0,0,163.37041310966,0,26.230366230011,0,30.28024302423,0,0,0,0.241670727729797,0,43.9939387142658,0,5.22828298807144,0,0,0,0,0,0,0,12.5740066468716,0,0,0,88.1769706085324,0,0,0,11.5627682209015,0,0,0,0,6.57822872698307,0,0,0,0,0,0,27.461715772748,0,0,0,0,0,750.944276750088,0,0,0,0,0,0,120.707849152386,0,196.856334209442,0,0,0,0,0,0,0,1.33536054193974,0,0,0.450104810297489,49.1794281154871,278.923349887133,0.111773751676083,182.292850464582,0,0.632182240486145
0,1.05001962184906,0,0,0,0,0,0,0,0,0,0,0,0,0,5.27130916714668,0,0,16.140341848135,0,0,0,0,138.005600512028,0,37.3327492624521,0,0,0,0,0,0,0,10.1229153126478,6.12674417346716,0,0,81.0979378074408,0.579206712543964,0,0,68.7013303637505,0,0,0,0,0,11.45650857687,7.11316628754139,0,0,0,0,0,0.181233868002892,195.278370752931,0,0,0,0,0,88.3935506343842,0,0,0.295172899961472,0,204.837573900819,0.331139355897903,6.23338949680328,0,0,0,0,0,0,0,0,6.25171299278736,0,0,39.5625807568431,1.2194952070713,88.5254666283727,0,23.0679599195719,0,0
0,0,0,0,2.62071846425533,0,114.807934358716,0,0,0,0,0,496.639765918255,0,0,0,0,0,0,0,535.354049861431,0,0,0,0,0,0,0,21.3766317367554,0,1.93250769376755,0,0,0,0,0,263.583977997303,0,1134.27233152092,0,0,0,0,0,0,0,0,0,0,0,0,0,0,0,0,0,833.172901958227,0,231.736062943935,0,0,0,0,67.6111459583044,0,0,0,0,0,0,0,10.1727719306946,0,4.56798881292343,0,0,0,0,0,105.509417653084,0,65.5183096975088,775.004021137953,450.946784079075,1.20044978708029,0,0
0,0,0,0,0,0,0,0,0,0,0,0,0,177.07517516613,0,0,0,0,0,1592.92805212736,0,0,0,0,0,0,0,7.66555571556091,0,37.8354380130768,0,0,0,0,0,672.503629863262,0,763.007301151752,0,0,0,0,0,0,0,0,0,0,0,0,0,0,0,0,0,0,0,2406.42730823159,0,650.294694274664,0,0,823.140483349562,0,0,0,0,0,0,0,222.048769712448,0,167.846625715494,0,0,0,0,0,0,0,179.022930413485,0,746.506117463112,34.5109868049622,35.9175752997398,0,0
0,0,0,0,0,0,0,0,0,0,496.639765918255,0,0,0,0,0,0,0,0,0,0,0,0,0,0,0,0,0,0,0,0,0,0,0,0,0,0,0,0,0,0,0,0,0,0,0,0,0,0,0,0,0,0,0,0,0,87.71403875947,0,122.536584272981,0,0,0,0,0,0,0,0,0,0,0,0,0,0,0,0,0,0,0,0,0,0,0,320.543615102768,4324.93093550205,0,0,0
0,0,0,0,0,0,0,0,0,0,0,177.07517516613,0,0,0,0,0,5.59325504302979,0,0,0,0,0,0,0,0,0,215.520930796862,0,0,0,0,0,0,0,0,0,0,0,0,0,0,0,0,0,0,0,0,0,0,0,0,0,0,0,0,0,18.8830833435059,0,2075.83540391922,0,0,0,0,0,0,0,0,0,0,46.4205214977264,0,0,0,0,0,0,0,0,0,0,0,125.346485383809,1664.89912263304,0,0,0
0,0,0,0,0,0,0,0,163.37041310966,0,0,0,0,0,0,0,89.5214087665081,0,0,0,0,0,0,0,0.601333014667034,0,0,0,0,0,0,0,0,0,0,0,0,0,0,0,0,0,0,0,0,0,0,0,0,0,0,0,0,0,4.01030346751213,0,0,0,5.49873220920563,0,12.2875062376261,0,0,0,0,0,0,4.62376173585653,0,5.92040795087814,0,0,0,0,0,0,0,0,0,0,0,0,43.9257368296385,12.4999277591705,0,0,0
0,0,0,0,0,0,0,0,0,5.27130916714668,0,0,0,0,0,0,0,0,0,0,0,0,0,0.20208640396595,0,0,0,0,0,0,0,0,0,0,0,0,0,0,0,0,0,0,0,0,0,0,0,0,0,0,0,0,0,0,0,3.06971496343613,0,0,0,0,0,0,0,0,0,0,0.405440166592598,0,0,0,0,0,0,0,0,0,0,0,0,0,0,0,0,93.6303985118866,0,0,0
58.1961750984192,0,0,0,0,0,0,0,26.230366230011,0,0,0,0,0,89.5214087665081,0,0,4465.09390898049,319.872402913868,0,0,0,98.7952972650528,0,0,0,534.840487003326,0,82.1792631149292,0,0,0,0,0,0,0,0,0,0,0.0967743620276451,0.117792218923569,0.341403149068356,6.67003190517426,0,0.134715124964714,0.0957345888018608,0,0,0,0,0,0,0,0,0,0,0,0,21.3773016929626,0,573.257084369659,0,0.0757800713181496,0,0,11.6344755887985,0,0,0,77.2988629937172,0,0,0,0,0,0,0,0,0,0,0,0,4655.43120582402,546.35440325737,13.9218197390437,0,0
0,1.19073551893234,0,0,0,0,0,0,0,0,0,0,0,5.59325504302979,0,0,4465.09390898049,0,406.419883497059,0,0,302.288064494729,0,83.5801889747381,0,762.16061386466,0,58.8133893013,0,0,0,0,0,0,0,0,0,0,0,0,0,0.652135945856571,1.11155027896166,0.371274568140507,0.351901479065418,0,0,0,0,0,0,0,0,0,0,0,0,0,0,0,0,0,0,0,5.90494447946548,0,0.492394223809242,0,12.4850052595139,0,0,0,0,0,0,0,0,0,0,0,0,0,3728.06119825691,357.063215732574,2.69853893667459,0,0
1264.77295745909,163.110807776451,0,0,0,0,0,0,30.28024302423,16.140341848135,0,0,0,0,0,0,319.872402913868,406.419883497059,0,0,0,0,0,0,0,0,0,0,0,0,0,0,0,0,0,0,0,0,0,48.9874921962619,3.30567107349634,1436.30101733655,896.490104109049,1221.11316077411,1236.0820324719,167.606396116316,16.4632470160723,0,0,0,0,0,0,0,0,0,0,0,0,0,0,0,5.6883008480072,3.01611265540123,0,0,0,0,0,0,0,0,0,0,0,0,0,0,15.0171701833606,46.35981220752,0,1.86977000534534,7890.43558482826,70.9973080605268,1671.68366554379,60.4006363004446,19.6952075660229
0,0,0,9.19225676357746,0,0,0,0,0,0,0,1592.92805212736,0,0,0,0,0,0,0,0,0,0,0,0,0,0,0,0,0,0,0,0,0,0,0,228.124474048615,0,0,0,1.94977721571922,0,0.569503009319305,0,0,0,45.6115395799279,0,0,0,0.448529332876205,0,0,0,0,0,0,0,425.156782582402,0,0,0,0,5445.79976917803,0,0,0,0,0,0,0,0,0,0,0,0,0,0,0,0,0,21.4327026456594,0,39.3181818127632,0,166.829664245248,0,0
0,0,0,0,86.4870314151049,0,285.065916538239,0,0,0,535.354049861431,0,0,0,0,0,0,0,0,0,0,0,0,0,0,0,0,0,0,0,0,0,0,0,0,0,2687.76124155521,0,1956.47622352839,0,0,0,0,0,0,0,0.868517979979515,0,0,0,88.784277305007,0,0,0,0,0,942.696314826608,0,0,0,0,0,0,913.15810546279,0,0,0,0,0,0,0,0,0,12.6938918083906,0,0,0,0,0,913.693157017231,0,70.9243849515915,479.478846356273,0.985551431775093,148.433442384005,0,0
0,0,0,0,0,0,0,0,0,0,0,0,0,0,0,0,0,302.288064494729,0,0,0,0,1596.96000722051,536.286009147763,0,52.9681480526924,0,454.919615626335,0,0,0,0,0,0,0,0,0,885.671378925443,59.2050104439259,0,0,0,0,0,0,0,0,0.216897003352642,0,21.0218678116798,0,0,0,0,0,0,0,0,0,0,0,0,0,0,6314.22948974371,1135.47549375892,56.1738496422768,0,0,0,1224.75697904825,0,0,0,0,0,0,0,0,0,223.448238506913,10.2141773402691,3838.77600443363,645.080227792263,0,0,0
0,0,0,0,0,0,0,0,0.241670727729797,0,0,0,0,0,0,0,98.7952972650528,0,0,0,0,1596.96000722051,0,0.174806818366051,475.330049142241,0,372.214378640056,0,387.667107194662,0,0,0,0,0,1.62428962439299,0,0,0,2272.15137428045,0,0,0,0,0,0,0,0,0.121547974646091,18.3200054466724,0,0,0,0,0,0.377959132194519,0,0,0,0,0,0,0,0,0,51.228279709816,3755.9626866132,0,109.879402667284,0,643.618822157383,0,1177.58964398503,0,0,0,0,0,0.307009652256966,0,0,0.121445380151272,1129.51053339243,3310.35465866327,1833.04195764661,0.143062561750412,0,0
0,0,0,0,0,0,0,0,0,138.005600512028,0,0,0,0,0,0.20208640396595,0,83.5801889747381,0,0,0,536.286009147763,0.174806818366051,0,1.35409820079803,175.04082647711,0,0,0,0,0,0,0,50.3681835308671,7.87732689827681,0,0,491.098342329264,17.2948999106884,0,0,0,0,0,0,0,0,39.4430550262332,11.2915154844522,215.896359577775,0,0,0,0,0,13.4340896904469,0,0,0,0,0,2.77073204517365,0,0,681.829448178411,0.60980074852705,874.214631780982,1.14521658420563,992.008680075407,0,0,0,0,0,0,0,0.307676270604134,0.353207886219025,0,0,356.264850199223,10.6137552708387,1510.03757816553,24.3387600332499,3.88227328658104,0,0
1.2626274600625,0.31304894387722,0,0,0,0,0,0,43.9939387142658,0,0,0,0,0,0.601333014667034,0,0,0,0,0,0,0,475.330049142241,1.35409820079803,0,0,793.644149541855,0,0,0,0,0,0,0,19.0756934806705,0,0,4.90556614845991,1006.35970959067,0,0,0,3.71110013127327,0,0,0,0,9.41589134186506,119.343372583389,1.03878725320101,0,0,0,0,99.0919269993901,0,0,0,0,0,7.16405835002661,0,0,0,0.321785852313042,159.682716459036,6.13416051864624,1017.39416818321,0,1248.45556588471,0,0,0,0,0,0,0,3.43858636170626,0,0,34.5708394497633,594.269403740764,874.705253735185,76.7305582016706,37.2598031684756,0,0
0,0,0,0,0,0,0,0,0,37.3327492624521,0,0,0,0,0,0,0,762.16061386466,0,0,0,52.9681480526924,0,175.04082647711,0,0,0,0,0,0,0,0,0,0,0,0,0,0,0,0,0,0,0,0,0,0,0,0,0,0,0,0,0,0,0,2.38270996510983,0,0,0,0,0,0,0,0,0,0,59.3370710015297,0,44.5622205138206,0,0,0,0,0,0,0,0,0,0,0,0.163839399814606,0,795.305712610483,0,0,0,0
0,0,0,0,0,0,0,0,5.22828298807144,0,0,0,0,0,0,0,534.840487003326,0,0,0,0,0,372.214378640056,0,793.644149541855,0,0,0,0,0,0,0,0,0,0,0,0,0,0,0,0,0,0,0,0,0,0,0,0,0,0,0,0,0,0,0,0,0,0,0,0.836810290813446,0,0,0,0,9.32048320770264,0,118.159799873829,0,824.220387339592,0,0,0,0,0,0,0,0,0,0,0,0,344.523366376758,0,0,0,0
0,0,0,0,0,0,0,0,0,0,0,7.66555571556091,0,215.520930796862,0,0,0,58.8133893013,0,0,0,454.919615626335,0,0,0,0,0,0,0,452.647768735886,0,0,0,0,0,0,0,23.8131065368652,0,0,0,0,0,0,0,0,0,0,0,0,0,0,0,0,0,0,0,0,0,1356.32862776518,0,0,0,0,404.594962477684,0,0,0,0,0,10611.0660528541,0,13.6693210601807,0,0,0,0,0,0,0,0,0,2812.27753064036,1190.12990695238,0,0,0
0,0,0,0,0,0,0,0,0,0,21.3766317367554,0,0,0,0,0,82.1792631149292,0,0,0,0,0,387.667107194662,0,0,0,0,0,0,0,737.555591970682,0,0,0,0,0,0,0,23.538914501667,0,0,0,0,0,0,0,0,0,0,0,0,0,0,0,0,0,88.0137642920017,0,0,0,0,0,0,0,0,0,0,0,0,0,0,3125.40372180939,0,161.301725804806,0,0,0,0,0,0,0,0,2720.78653615713,1139.50169956684,0,0,0
0,0,0,0,0,0,0,0,0,0,0,37.8354380130768,0,0,0,0,0,0,0,0,0,0,0,0,0,0,0,452.647768735886,0,0,0,0,0,0,0,0,0,1605.54303306341,0,0,0,0,0,0,0,0,0,0,0,0,0,0,0,0,0,0,0,6.5803347826004,0,0,0,0,0,0,0,0,0,0,0,0,267.347525954247,0,391.044309407473,0,0,0,0,0,0,0,74.1887056529522,0,190.177300453186,0,0,0,0
0,0,0,0,0,0,0,0,0,0,1.93250769376755,0,0,0,0,0,0,0,0,0,0,0,0,0,0,0,0,0,737.555591970682,0,0,0,0,0,0,0,0,0,1907.44013306499,0,0,0,0,0,0,0,0,0,0,0,0,0,0,0,0,0,9.0034704208374,0,0,0,0,0,0,0,0,0,0,0,0,0,0,87.3425638079643,0,166.441602557898,0,0,0,0,0,0,0,43.6618748009205,299.71147814393,141.748909950256,0,0,0
0,0,0,0,0,0,0,0,0,0,0,0,0,0,0,0,0,0,0,0,0,0,0,0,0,0,0,0,0,0,0,0,2689.89148487896,185.883226960897,57.744852475822,62.6969330906868,832.061917692423,0,0,0,0,0,0,0,0,0,0,695.585671946406,11.9415424540639,2.0940028950572,0,0,0,0,0,0,0,0,0,0,0,0,0,0,0,0,0,0,0,0,0,0,0,0,392.384518399835,2190.81774007529,51.3146582022309,20.2852846682072,26.0696790218353,105.406350657344,0,0,605.519719734788,0,0,0,0
0,0,0,0,0,0,0,0,0,0,0,0,0,0,0,0,0,0,0,0,0,0,0,0,0,0,0,0,0,0,0,2689.89148487896,0,194.174711324275,133.234345085919,424.175254642963,346.52897490561,0,0,0,0,0,0,0,0,0,0,546.357549346983,24.6920111775398,19.7034780979156,0,0,0,0,0,0,0,0,0,0,0,0,0,0,0,0,0,0,0,0,0,0,0,0,1327.24393898249,983.141380444169,23.1586728841066,105.121971346438,84.4957934468985,482.331822752953,0,0,271.371761977673,0,0,0,0
0,0.246147751808167,0,0,0,0,0,0,0,10.1229153126478,0,0,0,0,0,0,0,0,0,0,0,0,0,50.3681835308671,0,0,0,0,0,0,0,185.883226960897,194.174711324275,0,1784.80495491624,22.3621870279312,0,66.4382919743657,66.9652444794774,0,0,3.14009100198746,0,0,0,0,0,473.065913103521,224.95678666234,13.4182977676392,0,0,0,0,0,1.04837740212679,0,0,0,0,0,0,0,0,0.159022212028503,0,9.13598046451807,0,0,0,0,34.530699454248,0,0,158.180705219507,25.8145242333412,1630.60943348706,852.056221835315,2.1927844658494,2.88997101783752,134.120987676084,117.839968048036,124.551808208227,10.5492229908705,8.26137435436249,0,0
0.950520992279053,0,0,0,0,0,0,0,12.5740066468716,6.12674417346716,0,0,0,0,0,0,0,0,0,0,0,0,1.62428962439299,7.87732689827681,19.0756934806705,0,0,0,0,0,0,57.744852475822,133.234345085919,1784.80495491624,0,0,244.775209188461,68.2818421944976,67.317134141922,0,0,0.919161655008793,0.443950451910496,0,0,0,0,699.983883328736,55.9490409940481,11.4017793685198,0,0,0,0,29.8522101417184,0.520921856164932,0,0,0,0,0,0,0,0,1.54317332059145,0.144768610596657,2.42295575886965,9.84082996845245,0,0,0,0,0,0,14.0123862624168,158.058292746544,1546.64512428641,598.418488398194,4.0237213075161,20.8557851612568,223.993669010699,111.580254476517,326.743024356663,19.7843280360103,8.31465215235949,0,0
0,0,0,0,0,0,0,0,0,0,0,672.503629863262,0,0,0,0,0,0,0,228.124474048615,0,0,0,0,0,0,0,0,0,0,0,62.6969330906868,424.175254642963,22.3621870279312,0,0,4753.4747620225,1136.14477658272,0,9.4131535589695,0,5.55969822406769,0,0,0,126.868488296866,0,230.060709401965,1.25872011482716,1.28531013429165,0,0,0,0,0,0,0,144.970932841301,0,0,0,0,2365.30924764276,0,0,0,0,0,0,0,0,0,0,0,15.6399593353271,532.061687484384,1619.23113307357,0,18792.2798074558,4394.18192787468,1331.48438704014,0,7237.36575244367,2937.70010434091,14.2939722537994,0,0
0,0,0,0,0,0,0,0,0,0,263.583977997303,0,0,0,0,0,0,0,0,0,2687.76124155521,0,0,0,0,0,0,0,0,0,0,832.061917692423,346.52897490561,0,244.775209188461,4753.4747620225,0,0,475.513036593795,0,0.869312852621078,0,0,0,0,0,22.7693855762482,244.686233520508,0.97958667576313,0,0,0,0,0,0,0,469.56245136261,0,0,0,0,0,0,1909.21458610892,0,0,0,0,0,0,0,0,0,0,514.747962594032,407.458497434855,0,35.9486298561096,2813.79513549805,12020.3095738366,0,0,11764.0219800472,8821.04036307335,22.2955721318722,0,0
0,0.638071104884148,0,0,0,0,0,0,0,81.0979378074408,0,763.007301151752,0,0,0,0,0,0,0,0,0,885.671378925443,0,491.098342329264,4.90556614845991,0,0,23.8131065368652,0,1605.54303306341,0,0,0,66.4382919743657,68.2818421944976,1136.14477658272,0,0,932.94000633806,0,0,14.6442547738552,0,0,0,1.23312677443027,0,625.563335157931,286.859210394323,161.290415167809,0,0,0,0,0.453649960458279,19.3344102948904,0,731.8342628479,0,0,0,0,0.906541183590889,0,1550.59896026552,3.92060857266188,912.276390209794,11.1478340998292,0,0.494242638349533,0,13.9648737758398,1206.53461775184,0,0,0,363.107625514269,13.9384922757745,369.94591152668,0,14917.9522951618,1027.47077067196,2097.55117317289,97.3430274128914,90.3672773316503,0,0
5.45712381601334,2.84025748819113,0,0,0,0,0,0,88.1769706085324,0.579206712543964,1134.27233152092,0,0,0,0,0,0,0,0,0,1956.47622352839,59.2050104439259,2272.15137428045,17.2948999106884,1006.35970959067,0,0,0,23.538914501667,0,1907.44013306499,0,0,66.9652444794774,67.317134141922,0,475.513036593795,932.94000633806,0,0,0,0.465716525912285,3.97285452485085,0,0,0,16.6185877993703,334.747281968594,130.613528743386,21.7348797619343,0,0,0,0,226.83854136616,0,1740.66141718626,0,0,0,0,0,0,898.808587357402,71.213406778872,2444.11031214893,49.0112601071596,1058.72918438166,0,0.19223915040493,0,25.5932691693306,0,763.938056796789,0,0,0.174716502428055,65.192502014339,0,662.604014709592,900.107157163322,12766.0869913027,2264.54920247942,179.822129644454,154.228117659688,0,0
0,0,0,0,0,0,0,0,0,0,0,0,0,0,0,0,0.0967743620276451,0,48.9874921962619,1.94977721571922,0,0,0,0,0,0,0,0,0,0,0,0,0,0,0,9.4131535589695,0,0,0,0,0,1164.93643504381,0,225.081239685416,0,1472.14706916362,0,3.02672569453716,2.43111300468445,478.827526696026,0,0,0,0,0,0,0,0,0,0,0,0,8.06144465506077,0,0,0,0,0,0,0,0,0,0.710314869880676,0,0,0,0,0,76.9494029730558,0.173225313425064,61.1954075619578,0,148.811627276242,0.327110201120377,635.992367513478,4.24650698900223,0
0,0,0,0,0,0,0,0,0,0,0,0,0,0,0,0,0.117792218923569,0,3.30567107349634,0,0,0,0,0,0,0,0,0,0,0,0,0,0,0,0,0,0.869312852621078,0,0,0,0,0,475.354643888772,0,113.778542347252,0,935.212105207145,0,394.793231986463,5.45573090016842,0,0,0,0,0,0,0,0,0,0,0,0,0,205.953755073249,0,0,0,0,0,0,0,0,0,31.4159553796053,0,0,0,0,0,129.34256208688,0,206.019430279732,11.3784667253494,0,1040.75359452516,0,0
0,1316.21263690293,0,0,0,0,0,0,0,68.7013303637505,0,0,0,0,0,0,0.341403149068356,0.652135945856571,1436.30101733655,0.569503009319305,0,0,0,0,0,0,0,0,0,0,0,0,0,3.14009100198746,0.919161655008793,5.55969822406769,0,14.6442547738552,0.465716525912285,1164.93643504381,0,0,225.080385237932,784.805557213724,0,1208.99970837682,0,7.04615163058043,4.65438342094421,248.997076034546,0,0,0,0,0,20.1659158170223,0,0.347056150436401,0,0,0,0,135.528674289584,0,0,0,8.53461018204689,0.136079594492912,0,0,1.29531574249268,0,16.0840045213699,0,0,0,0,0,727.88190100342,0,77.1398426964879,0,734.623103141785,0.129033774137497,4303.52796747535,657.804548799992,0
247.93926165998,0,0,0,0,0,0,0,11.5627682209015,0,0,0,0,0,0,0,6.67003190517426,1.11155027896166,896.490104109049,0,0,0,0,0,3.71110013127327,0,0,0,0,0,0,0,0,0,0.443950451910496,0,0,0,3.97285452485085,0,475.354643888772,225.080385237932,0,1.07530650496483,509.381034642458,0,1485.8702853471,0.559693574905396,354.406952172518,1.42256502062082,0,0,0,0,58.2576909810305,0,304.848204798996,0,13.9913727343082,0,0,0,0,207.556370489299,0,3.82109595090151,0,11.9953761175275,0,0.814708933234215,0,0,0,8.87474894523621,0,0,0,0.0777872577309608,0.96267457306385,1054.59209379181,0.523359671235085,57.4430433437228,406.923766449094,0,3053.2300580442,0,935.17808291316
0,0,0,0,0,0,0,0,0,0,0,0,0,0,0,0,0,0.371274568140507,1221.11316077411,0,0,0,0,0,0,0,0,0,0,0,0,0,0,0,0,0,0,0,0,225.081239685416,0,784.805557213724,1.07530650496483,0,0,860.975301042199,0,0,0,0,0,0,0,0,0,0,0,0,0,0,0,0,101.698729269207,0,0,0,0,0,0,0,0,0,0,0,0,0,0,0,506.406543947756,0,4.39744156599045,0,5.45278803259134,0,1323.34794105589,50.461106300354,0
2.8464469909668,0,0,0,0,0,0,0,0,0,0,0,0,0,0,0,0.134715124964714,0.351901479065418,1236.0820324719,0,0,0,0,0,0,0,0,0,0,0,0,0,0,0,0,0,0,0,0,0,113.778542347252,0,509.381034642458,0,0,0,207.227790996432,0,0.0976721942424774,0,0,0,0,0,0,0,1.25126484036446,0,0,0,0,0,0,106.527891628444,0,0,0,0,0,0,0,0,0,0,0,0,0,0,0,489.177858993411,0,12.5396662801504,26.5380472764373,0,325.003221817315,0,24.4672263562679
0,0,0,0,0,0,0,0,0,0,0,0,0,0,0,0,0.0957345888018608,0,167.606396116316,45.6115395799279,0,0,0,0,0,0,0,0,0,0,0,0,0,0,0,126.868488296866,0,1.23312677443027,0,1472.14706916362,0,1208.99970837682,0,860.975301042199,0,0,0,0,0,99.994149312377,0,0,0,0,0,0,0,0.371526435017586,0,0,0,0,480.705827347934,0,0,0,0,0,0,0,0,0,1.92120961844921,0,0,0,0,0,705.856005504727,0,421.333334319293,0,20.1008187308908,0,4627.64022348076,13.0909605622292,0
0,0,2.84064054489136,0,0,0,0,0,0,0,0,0,0,0,0,0,0,0,16.4632470160723,0,0.868517979979515,0,0,0,0,0,0,0,0,0,0,0,0,0,0,0,22.7693855762482,0,16.6185877993703,0,935.212105207145,0,1485.8702853471,0,207.227790996432,0,0,0,71.435744702816,0,0,0,0,0,0,0,0,0,0,0,0,0,0,1168.97420641035,0,0,0,0,0,0,0,0,0,65.2784195840359,0,0,0,0,0,1940.92233309895,0,935.433779537678,5.06213848292828,0,5132.20217944682,0,0
0.285683162510395,0,0,0,0,0,0,0,6.57822872698307,11.45650857687,0,0,0,0,0,0,0,0,0,0,0,0.216897003352642,0.121547974646091,39.4430550262332,9.41589134186506,0,0,0,0,0,0,695.585671946406,546.357549346983,473.065913103521,699.983883328736,230.060709401965,244.686233520508,625.563335157931,334.747281968594,3.02672569453716,0,7.04615163058043,0.559693574905396,0,0,0,0,0,1208.26972558349,678.716340892017,0,0,0,0,14.6952852606773,0.947004616260529,0,0,0,0,0,0,0,0,0.970606833696365,0.238118514418602,17.8634620383382,4.75513564050198,0,0,0,36.6479530483484,0,0,343.005913004279,676.498713903129,195.702374890447,308.119554877281,340.659490346909,619.155493140221,856.393803998828,595.172046355903,1288.44839049876,17.4325189888477,48.2191974818707,0,0.533816277980804
0,4.57769161462784,0,0,0,0,0,0,0,7.11316628754139,0,0,0,0,0,0,0,0,0,0,0,0,18.3200054466724,11.2915154844522,119.343372583389,0,0,0,0,0,0,11.9415424540639,24.6920111775398,224.95678666234,55.9490409940481,1.25872011482716,0.97958667576313,286.859210394323,130.613528743386,2.43111300468445,394.793231986463,4.65438342094421,354.406952172518,0,0.0976721942424774,0,71.435744702816,1208.26972558349,0,359.009418211877,0,0,0,0,0.624029114842415,2.0731006860733,8.54115274548531,0,31.3988899439573,0,136.216561108828,0,0,0.127940252423286,1.21732425689697,202.110995531082,46.080704934895,236.327223956585,0,109.816152222455,0,203.354305163026,0,7.0763498544693,18.9740684330463,35.3361692428589,22.0629138574004,109.687016412616,151.772336237133,664.508553422987,285.637046679854,584.325181439519,1420.943882972,2.50714904069901,799.392043665051,0,0
0,79.1473385542631,0,0,0,0,0,0,0,0,0,0,0,0,0,0,0,0,0,0.448529332876205,0,21.0218678116798,0,215.896359577775,1.03878725320101,0,0,0,0,0,0,2.0940028950572,19.7034780979156,13.4182977676392,11.4017793685198,1.28531013429165,0,161.290415167809,21.7348797619343,478.827526696026,5.45573090016842,248.997076034546,1.42256502062082,0,0,99.994149312377,0,678.716340892017,359.009418211877,0,0,0,0,0,0,0,0,161.582767263055,0,0,0,0.408254504203796,0.111206278204918,0,80.0114378631115,0.226896107196808,143.523826003075,2.7443071231246,54.8052619099617,0.108880370855331,135.398897975683,0,37.9449992179871,0,4.43800979852676,0,38.9880959093571,6.0873988121748,336.199451774359,19.9751049801707,691.199962928891,11.4798650667071,739.341948054731,1.1348570138216,416.241477243602,0,0
0,0,0,0,0.195924937725067,0,0,0,0,0,0,0,0,0,0,0,0,0,0,0,88.784277305007,0,0,0,0,0,0,0,0,0,0,0,0,0,0,0,0,0,0,0,0,0,0,0,0,0,0,0,0,0,0,0,0,0,0,0,0,0,0,0,0,0,0,31.6737094074488,0,0,0,0,0,0,0,0,0,0,0,0,0,0,0,0,0,0,0.622270926833153,0,0.798536837100983,0,0
0,0,0,0,0,2.23550170660019,0,108.524316549301,0,0,0,0,0,0,0,0,0,0,0,0,0,0,0,0,0,0,0,0,0,0,0,0,0,0,0,0,0,0,0,0,0,0,0,0,0,0,0,0,0,0,0,0,0,0,0,0,0,0,0,0,0,0,0,0,0,0,0,0,0,0,0,0,0,0,0,0,0,0,0,0,0,0,742.511484861374,0,0,0,0
0,0,0,0,0,0,6.02221012115479,0,0,0,0,0,0,0,0,0,0,0,0,0,0,0,0,0,0,0,0,0,0,0,0,0,0,0,0,0,0,0,0,0,0,0,0,0,0,0,0,0,0,0,0,0,0,0,0,0,0,0,0,0,0,0,0,0,0,0,0,0,0,0,0,0,0,0,0,0,0,0,0,0,0,0,932.010007321835,13.2204337716103,0,0,0
0,0,0,0,0,0,0,241.430126130581,0,0,0,0,0,0,0,0,0,0,0,0,0,0,0,0,0,0,0,0,0,0,0,0,0,0,0,0,0,0,0,0,0,0,0,0,0,0,0,0,0,0,0,0,0,0,0,0,0,0,0,99.9436602592468,0,0,0,0,0,0,0,0,0,0,0,0,0,0,0,0,0,0,0,0,0,0,585.641033709049,0,0,0,0
105.223475396633,0,0,0,0,0,0,0,27.461715772748,0.181233868002892,0,0,0,0,4.01030346751213,0,0,0,0,0,0,0,0.377959132194519,0,99.0919269993901,0,0,0,0,0,0,0,0,0,29.8522101417184,0,0,0.453649960458279,226.83854136616,0,0,0,58.2576909810305,0,0,0,0,14.6952852606773,0.624029114842415,0,0,0,0,0,0,0,0,0,0,0,57.0058872699738,0,0,0,0,1.96704137325287,0,436.208168581128,0,129.014290176332,0,0,0,0,0,0,0,4.07325039058924,0,0,0.222399398684502,189.526379056275,61.2124159559608,0.143093809485435,142.696706563234,0,0
0,97.0119047611952,0,0,0,0,0,0,0,195.278370752931,0,0,0,0,0,3.06971496343613,0,0,0,0,0,0,0,13.4340896904469,0,2.38270996510983,0,0,0,0,0,0,0,1.04837740212679,0.520921856164932,0,0,19.3344102948904,0,0,0,20.1659158170223,0,0,0,0,0,0.947004616260529,2.0731006860733,0,0,0,0,0,0,0,0,0,0,0,0,0,0,0,0,0,350.641386598349,0.163248509168625,0,0,0,0,0,0,0,0,0,0.153299599885941,0,0,31.7602200359106,0.106103383004665,0.223264098167419,0,70.0119096785784,0,0
0,0,45.6755919158459,0,0.242700636386871,0,2.93345966935158,0,0,0,833.172901958227,0,87.71403875947,0,0,0,0,0,0,0,942.696314826608,0,0,0,0,0,0,0,88.0137642920017,0,9.0034704208374,0,0,0,0,0,469.56245136261,0,1740.66141718626,0,0,0,304.848204798996,0,1.25126484036446,0,0,0,8.54115274548531,0,0,0,0,0,0,0,0,0,134.817924961448,0,0,0,0,448.977257691324,0,0,0,0,0,0,0,763.596398308873,0,439.685833901167,0,0,0,0,0,170.824689805508,0,4.32138389348984,1755.14876638353,230.30546528101,1880.29845248163,0,1.90802809596062
0,0,0,4.09104233980179,0,0,0,5,0,0,0,2406.42730823159,0,18.8830833435059,0,0,0,0,0,425.156782582402,0,0,0,0,0,0,0,0,0,6.5803347826004,0,0,0,0,0,144.970932841301,0,731.8342628479,0,0,0,0.347056150436401,0,0,0,0.371526435017586,0,0,0,161.582767263055,0,0,0,0,0,0,0,0,0,71.6575130820274,0,0.200380951166153,694.031198367476,0,0,0,0,0,0,0,451.517330214381,0,440.094580173492,0,0,0,0,0,0,0,10.8745549321175,0,537.954506933689,1,215.655189499259,0,0
0,0,0,0,0,0,0,0,0,0,231.736062943935,0,122.536584272981,0,5.49873220920563,0,21.3773016929626,0,0,0,0,0,0,0,0,0,0,0,0,0,0,0,0,0,0,0,0,0,0,0,0,0,13.9913727343082,0,0,0,0,0,31.3988899439573,0,0,0,0,0,0,0,134.817924961448,0,0,0,65.7533237785101,0,0,6.56502164900303,0,0,0,0,0,0,0,4.49765491485596,0,0,0,0,0,0,0,0,0,0,781.396826848388,300.910302042961,228.402994588017,0,0
0,0,0,0,0,0,0,4.20513853430748,0,0,0,650.294694274664,0,2075.83540391922,0,0,0,0,0,0,0,0,0,0,0,0,0,1356.32862776518,0,0,0,0,0,0,0,0,0,0,0,0,0,0,0,0,0,0,0,0,0,0,0,0,0,99.9436602592468,0,0,0,71.6575130820274,0,0,0,7.66709530353546,0,0,0,0,0,0,0,0,46.5005974173546,0,0,0,0,0,0,0,0,0,0,0,1084.36643964052,989.140508592129,0,0,0
0.455810129642487,0,0,0,0,0,0,0,750.944276750088,0,0,0,0,0,12.2875062376261,0,573.257084369659,0,0,0,0,0,0,0,7.16405835002661,0,0.836810290813446,0,0,0,0,0,0,0,0,0,0,0,0,0,0,0,0,0,0,0,0,0,136.216561108828,0,0,0,0,0,57.0058872699738,0,0,0,65.7533237785101,0,0,0,0,0,0,0,0,31.924852848053,0,33.6646916493773,0,0,0,0,0,0,0,0,0,0,0,0,115.696805417538,0,0.179929688572884,0,0
0,55.774634629488,0,0,0,0,0,0,0,88.3935506343842,0,0,0,0,0,0,0,0,0,0,0,0,0,2.77073204517365,0,0,0,0,0,0,0,0,0,0,0,0,0,0,0,0,0,0,0,0,0,0,0,0,0,0.408254504203796,0,0,0,0,0,0,0,0.200380951166153,0,7.66709530353546,0,0,0,0,0,0,1.84952875971794,0,0,0,0,0,0,0,0,0,0,0,0,0,0,0,0,0,0,0,0
0,0,0,0,0,0,0,0,0,0,0,823.140483349562,0,0,0,0,0.0757800713181496,0,5.6883008480072,5445.79976917803,0,0,0,0,0,0,0,0,0,0,0,0,0,0,0,2365.30924764276,0,0.906541183590889,0,8.06144465506077,0,135.528674289584,0,101.698729269207,0,480.705827347934,0,0,0,0.111206278204918,0,0,0,0,0,0,0,694.031198367476,0,0,0,0,0,0,0,0,0,0,0,0,0,0,4.80039750039577,0,0,0,0,0,65.4693568199873,0,210.954355739057,0,365.332910954952,0,762.651687256992,1.67436894774437,0
0,0,0,0,41.8412699401379,0,1.77025653421879,0,0,0,67.6111459583044,0,0,0,0,0,0,0,3.01611265540123,0,913.15810546279,0,0,0,0,0,0,0,0,0,0,0,0,0,0,0,1909.21458610892,0,898.808587357402,0,205.953755073249,0,207.556370489299,0,106.527891628444,0,1168.97420641035,0,0.127940252423286,0,31.6737094074488,0,0,0,0,0,448.977257691324,0,6.56502164900303,0,0,0,0,0,0,0,0,0,0,0,0,0,0,25.027857080102,0,0,0,0,0,559.921559996903,0,270.922534406185,128.036266416311,0,645.021117337048,0,0
0,0,0,0,0,0,0,0,0,0.295172899961472,0,0,0,0,0,0,0,5.90494447946548,0,0,0,6314.22948974371,51.228279709816,681.829448178411,0.321785852313042,0,0,404.594962477684,0,0,0,0,0,0.159022212028503,1.54317332059145,0,0,1550.59896026552,71.213406778872,0,0,0,0,0,0,0,0,0.970606833696365,1.21732425689697,80.0114378631115,0,0,0,0,0,0,0,0,0,0,0,0,0,0,0,120.949991211295,414.242561459541,0.116017244756222,0,0,672.583556547761,0,0,0,0,0,0,0.092282310128212,0,0,119.463480904698,3.39823323488235,988.135958611965,255.076090946794,1.27826519310474,0,0
0,0.678630784153938,0,0,0,0,0,0,0,0,0,0,0,0,0,0,11.6344755887985,0,0,0,0,1135.47549375892,3755.9626866132,0.60980074852705,159.682716459036,0,9.32048320770264,0,0,0,0,0,0,0,0.144768610596657,0,0,3.92060857266188,2444.11031214893,0,0,0,3.82109595090151,0,0,0,0,0.238118514418602,202.110995531082,0.226896107196808,0,0,0,0,1.96704137325287,0,0,0,0,0,0,0,0,0,120.949991211295,0,7.36207347363234,178.752229943871,0,14.7223074883223,0,2.60510948300362,0,0,0,0,0,0,0,0,11.5922633633018,199.731581129134,1532.20081110299,265.395644068718,15.9217007756233,0,0
0,0,0,0,0,0,0,0,0,204.837573900819,0,0,0,0,0,0.405440166592598,0,0.492394223809242,0,0,0,56.1738496422768,0,874.214631780982,6.13416051864624,59.3370710015297,0,0,0,0,0,0,0,9.13598046451807,2.42295575886965,0,0,912.276390209794,49.0112601071596,0,0,8.53461018204689,0,0,0,0,0,17.8634620383382,46.080704934895,143.523826003075,0,0,0,0,0,350.641386598349,0,0,0,0,0,1.84952875971794,0,0,414.242561459541,7.36207347363234,0,17.213624060154,39.195052228868,0.2178750410676,0,0,0,0,0,0,0.517647981643677,0.289483308792114,0,0,271.983836770058,21.2752998992801,800.105120010674,9.2100897282362,54.6736252382398,0,0
0.605918250977993,0.683478727936745,0,0,0,0,0,0,120.707849152386,0.331139355897903,0,0,0,0,4.62376173585653,0,0,0,0,0,0,0,109.879402667284,1.14521658420563,1017.39416818321,0,118.159799873829,0,0,0,0,0,0,0,9.84082996845245,0,0,11.1478340998292,1058.72918438166,0,0,0.136079594492912,11.9953761175275,0,0,0,0,4.75513564050198,236.327223956585,2.7443071231246,0,0,0,0,436.208168581128,0.163248509168625,0,0,0,0,31.924852848053,0,0,0,0.116017244756222,178.752229943871,17.213624060154,0,0,34.4680724292994,0,0,0,0,0,0,0,1.61355295032263,0,0,46.7974383607507,295.809624440968,997.72679232806,62.5548989027739,113.694575086236,0,0
0,0,0,0,0,0,0,0,0,6.23338949680328,0,0,0,0,0,0,0,12.4850052595139,0,0,0,0,0,992.008680075407,0,44.5622205138206,0,0,0,0,0,0,0,0,0,0,0,0,0,0,0,0,0,0,0,0,0,0,0,54.8052619099617,0,0,0,0,0,0,0,0,0,0,0,0,0,0,0,0,39.195052228868,0,0,0,3.95434980094433,0,0,0,0,0,0,0,0,0,0,0,516.998565912247,0,0,0,0
1.44520152360201,0.102902509272099,0,0,0,0,0,0,196.856334209442,0,0,0,0,0,5.92040795087814,0,77.2988629937172,0,0,0,0,0,643.618822157383,0,1248.45556588471,0,824.220387339592,0,0,0,0,0,0,0,0,0,0,0.494242638349533,0.19223915040493,0,0,0,0.814708933234215,0,0,0,0,0,109.816152222455,0.108880370855331,0,0,0,0,129.014290176332,0,0,0,0,0,33.6646916493773,0,0,0,0,14.7223074883223,0.2178750410676,34.4680724292994,0,0,0,146.208203405142,0,0,0,0,0,0,0,0,1.6823006272316,0.822425350546837,805.350135587156,0,2.23150580376387,0,0
0,0.839756935834885,0,0,0,0,0,0,0,0,0,222.048769712448,0,46.4205214977264,0,0,0,0,0,0,0,1224.75697904825,0,0,0,0,0,10611.0660528541,0,267.347525954247,0,0,0,0,0,0,0,0,0,0,0,1.29531574249268,0,0,0,0,0,0,0,135.398897975683,0,0,0,0,0,0,0,451.517330214381,0,46.5005974173546,0,0,0,0,672.583556547761,0,0,0,3.95434980094433,0,0,0,0.979192972183228,0,0,0,0,0,0,0,0,0,2987.4593013823,1008.12028777599,378.263495966792,0,0
0,0,0,0,0,0,0,0,0,0,10.1727719306946,0,0,0,0,0,0,0,0,0,0,0,1177.58964398503,0,0,0,0,0,3125.40372180939,0,87.3425638079643,0,0,34.530699454248,0,0,0,13.9648737758398,25.5932691693306,0,0,0,0,0,0,0,0,36.6479530483484,203.354305163026,0,0,0,0,0,0,0,763.596398308873,0,4.49765491485596,0,0,0,0,0,0,2.60510948300362,0,0,0,146.208203405142,0,0,0,297.618276253343,0,0,0,0,0,0,2.93620456010103,133.182449422777,1395.16388887167,647.671105504036,0,0,0
0,2.89595355093479,0,0,0,0,0,0,0,0,0,167.846625715494,0,0,0,0,0,0,0,0,0,0,0,0,0,0,0,13.6693210601807,0,391.044309407473,0,0,0,0,0,0,0,1206.53461775184,0,0.710314869880676,0,16.0840045213699,0,0,0,1.92120961844921,0,0,0,37.9449992179871,0,0,0,0,0,0,0,440.094580173492,0,0,0,0,4.80039750039577,0,0,0,0,0,0,0,0.979192972183228,0,0,0,0,0,0,0,0,0,16.3607574105263,0,27.0753726959229,0,479.157311812043,0,0
0,0,0,0,0,0,0,0,0,0,4.56798881292343,0,0,0,0,0,0,0,0,0,12.6938918083906,0,0,0,0,0,0,0,161.301725804806,0,166.441602557898,0,0,0,0,0,0,0,763.938056796789,0,31.4159553796053,0,8.87474894523621,0,0,0,65.2784195840359,0,7.0763498544693,0,0,0,0,0,0,0,439.685833901167,0,0,0,0,0,0,25.027857080102,0,0,0,0,0,0,0,297.618276253343,0,0,0,0,0,0,0,5.1550225391984,0,184.924655742943,557.075053781271,0,397.550154805183,0,0
0,0,0,0,0,0,0,0,0,0,0,0,0,0,0,0,0,0,0,0,0,0,0,0,0,0,0,0,0,0,0,392.384518399835,1327.24393898249,158.180705219507,14.0123862624168,15.6399593353271,514.747962594032,0,0,0,0,0,0,0,0,0,0,343.005913004279,18.9740684330463,4.43800979852676,0,0,0,0,0,0,0,0,0,0,0,0,0,0,0,0,0,0,0,0,0,0,0,0,0,228.322016455233,87.5511156544089,2.82843419164419,0.704497635364532,125.641511365771,0,0,492.148980796337,0,0,0,0
0,0,0,0,0,0,0,0,0,0,0,0,0,0,0,0,0,0,0,0,0,0,0,0,0,0,0,0,0,0,0,2190.81774007529,983.141380444169,25.8145242333412,158.058292746544,532.061687484384,407.458497434855,0,0,0,0,0,0,0,0,0,0,676.498713903129,35.3361692428589,0,0,0,0,0,0,0,0,0,0,0,0,0,0,0,0,0,0,0,0,0,0,0,0,0,228.322016455233,0,5.50910328328609,247.531941272318,65.7719321101904,24.3931251913309,0,1.60819046199322,489.285362616181,0,0,0,0
0,0,0,0,0,0,0,0,0,0,0,0,0,0,0,0,0,0,0,0,0,0,0,0.307676270604134,0,0,0,0,0,0,0,51.3146582022309,23.1586728841066,1630.60943348706,1546.64512428641,1619.23113307357,0,363.107625514269,0.174716502428055,0,0,0,0,0,0,0,0,195.702374890447,22.0629138574004,38.9880959093571,0,0,0,0,0,0,0,0,0,0,0,0,0,0,0,0,0.517647981643677,0,0,0,0,0,0,0,87.5511156544089,5.50910328328609,0,1033.38613198698,136.034287929535,15.5663593485951,31.3209241628647,4.46171218156815,690.821362257004,1.03610751032829,0,0,0
0.0768736302852631,0,0,0,0,0,0,0,1.33536054193974,6.25171299278736,0,0,0,0,0,0,0,0,0,0,0,0,0.307009652256966,0.353207886219025,3.43858636170626,0,0,0,0,0,0,20.2852846682072,105.121971346438,852.056221835315,598.418488398194,0,35.9486298561096,13.9384922757745,65.192502014339,0,0,0,0.0777872577309608,0,0,0,0,308.119554877281,109.687016412616,6.0873988121748,0,0,0,0,4.07325039058924,0.153299599885941,0,0,0,0,0,0,0,0,0.092282310128212,0,0.289483308792114,1.61355295032263,0,0,0,0,0,0,2.82843419164419,247.531941272318,1033.38613198698,0,3.9332377165556,0,26.2685392796993,199.67314844206,169.957432731986,2.06438288837671,1.34446401149035,0,0
0,0,0,0,0,0,0,0,0,0,0,0,0,0,0,0,0,0,15.0171701833606,0,0,0,0,0,0,0,0,0,0,0,0,26.0696790218353,84.4957934468985,2.1927844658494,4.0237213075161,18792.2798074558,2813.79513549805,369.94591152668,0,76.9494029730558,0,727.88190100342,0.96267457306385,506.406543947756,0,705.856005504727,0,340.659490346909,151.772336237133,336.199451774359,0,0,0,0,0,0,0,0,0,0,0,0,65.4693568199873,0,0,0,0,0,0,0,0,0,0,0,0.704497635364532,65.7719321101904,136.034287929535,3.9332377165556,0,1174.46171088517,375.542925566435,0,10297.6239342988,250.572567597032,708.288431465626,162.719606719911,0
0,0,0,0,0,0,0,0,0,0,105.509417653084,0,0,0,0,0,0,0,46.35981220752,0,913.693157017231,0,0,0,0,0,0,0,0,0,0,105.406350657344,482.331822752953,2.88997101783752,20.8557851612568,4394.18192787468,12020.3095738366,0,662.604014709592,0.173225313425064,129.34256208688,0,1054.59209379181,0,489.177858993411,0,1940.92233309895,619.155493140221,664.508553422987,19.9751049801707,0,0,0,0,0,0,170.824689805508,0,0,0,0,0,0,559.921559996903,0,0,0,0,0,0,0,0,0,5.1550225391984,125.641511365771,24.3931251913309,15.5663593485951,0,1174.46171088517,0,0,118.10777375102,13143.7134850249,2444.63312678039,1884.98617678508,0,83.4123513773084
0,0,0,0,0,0,0,0,0.450104810297489,39.5625807568431,0,179.022930413485,0,0,0,0,0,0,0,21.4327026456594,0,223.448238506913,0.121445380151272,356.264850199223,34.5708394497633,0.163839399814606,0,0,0,74.1887056529522,0,0,0,134.120987676084,223.993669010699,1331.48438704014,0,14917.9522951618,900.107157163322,61.1954075619578,0,77.1398426964879,0.523359671235085,4.39744156599045,0,421.333334319293,0,856.393803998828,285.637046679854,691.199962928891,0,0,0,0,0.222399398684502,31.7602200359106,0,10.8745549321175,0,0,0,0,210.954355739057,0,119.463480904698,11.5922633633018,271.983836770058,46.7974383607507,0,1.6823006272316,0,2.93620456010103,16.3607574105263,0,0,0,31.3209241628647,26.2685392796993,375.542925566435,0,0,495.076016873121,2179.25393622369,12.2912753969431,1251.78582584858,144.671661600471,0
1.12889587879181,0.553575433790684,0,0,0,0,0,0,49.1794281154871,1.2194952070713,65.5183096975088,0,0,0,0,0,0,0,1.86977000534534,0,70.9243849515915,10.2141773402691,1129.51053339243,10.6137552708387,594.269403740764,0,0,0,0,0,43.6618748009205,0,0,117.839968048036,111.580254476517,0,0,1027.47077067196,12766.0869913027,0,206.019430279732,0,57.4430433437228,0,12.5396662801504,0,935.433779537678,595.172046355903,584.325181439519,11.4798650667071,0,0,0,0,189.526379056275,0.106103383004665,4.32138389348984,0,0,0,0,0,0,270.922534406185,3.39823323488235,199.731581129134,21.2752998992801,295.809624440968,0,0.822425350546837,0,133.182449422777,0,184.924655742943,0,1.60819046199322,4.46171218156815,199.67314844206,0,118.10777375102,495.076016873121,0,1849.65721187741,33.7438814342022,1236.91962110251,0,1.60152073204517
261.935361094773,522.178324453533,70.2581678628922,20.4490432739258,43.7428752928972,924.513164460659,587.86288189888,5.98732781410217,278.923349887133,88.5254666283727,775.004021137953,746.506117463112,320.543615102768,125.346485383809,43.9257368296385,0,4655.43120582402,3728.06119825691,7890.43558482826,39.3181818127632,479.478846356273,3838.77600443363,3310.35465866327,1510.03757816553,874.705253735185,795.305712610483,344.523366376758,2812.27753064036,2720.78653615713,190.177300453186,299.71147814393,605.519719734788,271.371761977673,124.551808208227,326.743024356663,7237.36575244367,11764.0219800472,2097.55117317289,2264.54920247942,148.811627276242,11.3784667253494,734.623103141785,406.923766449094,5.45278803259134,26.5380472764373,20.1008187308908,5.06213848292828,1288.44839049876,1420.943882972,739.341948054731,0.622270926833153,742.511484861374,932.010007321835,585.641033709049,61.2124159559608,0.223264098167419,1755.14876638353,537.954506933689,781.396826848388,1084.36643964052,115.696805417538,0,365.332910954952,128.036266416311,988.135958611965,1532.20081110299,800.105120010674,997.72679232806,516.998565912247,805.350135587156,2987.4593013823,1395.16388887167,27.0753726959229,557.075053781271,492.148980796337,489.285362616181,690.821362257004,169.957432731986,10297.6239342988,13143.7134850249,2179.25393622369,1849.65721187741,0,18851.9374874309,3041.76197645068,0,0.366119861602783
1.39747720956802,0,0,0,210.968824505806,234.922679126263,393.48352022469,0,0.111773751676083,0,450.946784079075,34.5109868049622,4324.93093550205,1664.89912263304,12.4999277591705,93.6303985118866,546.35440325737,357.063215732574,70.9973080605268,0,0.985551431775093,645.080227792263,1833.04195764661,24.3387600332499,76.7305582016706,0,0,1190.12990695238,1139.50169956684,0,141.748909950256,0,0,10.5492229908705,19.7843280360103,2937.70010434091,8821.04036307335,97.3430274128914,179.822129644454,0.327110201120377,0,0.129033774137497,0,0,0,0,0,17.4325189888477,2.50714904069901,1.1348570138216,0,0,13.2204337716103,0,0.143093809485435,0,230.30546528101,1,300.910302042961,989.140508592129,0,0,0,0,255.076090946794,265.395644068718,9.2100897282362,62.5548989027739,0,0,1008.12028777599,647.671105504036,0,0,0,0,1.03610751032829,2.06438288837671,250.572567597032,2444.63312678039,12.2912753969431,33.7438814342022,18851.9374874309,0,93.8490270078182,0,0
