0,0.257017821073532,0.201234529549029,0,0,0,0,0,0.170562021442362,0,0,0,0,0,0,0,0.389375993981957,0.302194874733686,0.270701642751093,0,0,0,0,0,0.22141923258702,0,0,0,0,0,0,0,0,0,0,0,0,0,0.224484182657704,0.316917151212692,0.493116578748149,0.234451733529568,0.326832367495323,0.329828888177872,0,0.328132969992501,0.316820660704061,0,0.247137464308818,0,0,0,0,0,0.163672193938195,0,0.339794084429741,0,0.283639281988144,0,0.153366334603301,0,0,0.461384683847427,0,0,0,0.259906619787216,0,0,0,0,0,0,0,0,0,0,0.312813311815262,0.453428136910631,0,0.499962110604559,0.274504041269486,0,0.35525399736875,0,0
0.257017821073532,0,0,0.199315701113191,0,0.103134962916374,0,0,0,0.127587935796519,0,0,0,0,0,0.170352913612543,0.257672634803587,0.263910606503487,0.231193613789811,0,0,0,0,0,0,0,0,0,0,0,0,0,0,0,0,0,0,0,0,0.417221450322383,0.297554704546928,0.333822424254142,0.378195613622665,0,0,0.267689481377602,0.295396730642427,0,0.269039571285248,0.296251957082019,0,0,0,0,0,0.17043625175332,0,0.347289829091592,0,0,0,0.22137321327936,0.32633855342865,0.28827577829361,0,0,0.136853963136673,0,0,0,0.332498701289296,0,0.358379106223583,0,0,0,0,0,0.388248968281244,0.35337170958519,0.415063625032252,0,0.253433589678837,0.312621328391527,0.321683160918973,0.394610236088435,0
0.201234529549029,0,0,0,0.130020728222276,0,0,0,0.123992207379355,0,0,0,0,0,0,0,0,0,0.209658043086529,0,0,0,0,0,0,0,0,0,0,0,0,0,0,0,0,0,0.206792771816254,0,0.251937285065651,0,0.207544442485361,0.223529979586601,0.254466694162553,0,0.268981516361237,0.215427443385124,0.24345644798718,0,0.165749575685246,0,0.172841088699275,0,0,0,0.155950701296329,0,0.22073130365287,0,0.182342563356672,0,0.170540705323219,0,0,0.231268703937531,0,0,0,0,0,0,0,0,0,0,0,0,0,0,0,0.295289523899555,0,0.316042870283127,0.244761803335681,0.226243859955243,0.200826098738545,0,0.21705362200737
0,0.199315701113191,0,0,0,0.154826479153065,0,0,0,0.149477365404069,0,0,0,0,0,0.238103999197483,0,0,0.241175599396229,0,0,0,0,0,0,0,0,0,0,0,0,0,0,0,0,0.195932794894491,0,0,0,0.233030065768907,0,0.254072505032054,0,0.277200651168823,0,0.246879407588173,0,0,0,0.183068234572368,0,0.222938353816668,0,0,0,0.180369392908576,0,0.262272372841835,0,0.239393308758736,0,0.230521130774702,0.276915401220322,0,0,0,0,0,0,0,0.277910784259438,0,0.278464505867082,0,0,0,0,0,0.265504053440587,0,0,0,0.1886883549618,0.261246001096191,0.223009643596506,0.240261984722955,0
0,0,0.130020728222276,0,0,0,0,0,0.102687120437622,0,0,0,0,0,0,0,0,0,0.194328621029854,0,0.169700419586716,0,0,0,0,0,0,0,0,0,0,0,0,0,0,0,0.18778595328331,0,0,0,0.192796558141708,0,0.218220729576914,0,0,0,0.198369070887566,0,0.205131931230426,0,0.142471379624345,0,0.158313410977523,0,0.127931530276934,0,0.180452207413812,0,0.172832183539867,0,0.104037171148736,0,0,0.164367713034153,0,0,0,0,0,0,0,0,0,0,0,0,0,0,0,0,0,0,0.143848543499525,0,0.166432593550001,0,0
0,0.103134962916374,0,0.154826479153065,0,0,0,0,0,0.151789065022938,0,0.153085405627886,0,0,0,0.174086213111877,0,0,0.216575711965561,0.141955304145813,0,0,0,0,0,0,0,0,0,0,0,0,0,0,0,0.190954275074459,0,0,0,0.205257492760817,0,0.223928610483805,0,0,0,0.191044792532921,0,0,0,0.227099195122719,0,0.153201201067465,0,0,0,0.168046456316243,0,0.137948699957795,0,0.214309453964233,0,0.231123408302665,0.135930741826693,0,0,0,0,0,0,0,0.21120522916317,0,0,0,0,0,0,0,0.242534980177879,0,0,0,0.163860728468128,0.210406965017319,0.177071572391577,0,0
0,0,0,0,0,0,0,0,0,0,0,0,0,0,0,0,0,0,0,0,0.169742840528488,0,0,0,0,0,0,0,0,0,0,0,0,0,0,0,0.136816374731786,0,0,0,0,0,0,0,0,0,0,0,0,0,0.156776487827301,0,0.137485149833891,0,0,0,0,0,0,0,0,0,0,0,0,0,0,0,0,0,0,0,0,0,0,0,0,0,0,0.135958510698104,0,0,0.176387191563845,0,0,0,0
0,0,0,0,0,0,0,0,0,0,0,0,0,0,0,0,0,0,0,0.138990297913551,0,0,0,0,0,0,0,0,0,0,0,0,0,0,0,0,0,0,0,0,0,0,0,0,0,0,0,0,0,0,0,0.150796136260033,0,0.176119574656089,0,0,0,0.152790531516075,0,0.184602285424868,0,0,0,0,0,0,0,0,0,0,0,0,0,0,0,0,0,0,0,0,0,0,0.20125059068203,0,0,0,0
0.170562021442362,0,0.123992207379355,0,0.102687120437622,0,0,0,0,0,0,0,0,0,0.170638707615662,0,0.229231820323251,0,0.252488877624273,0,0,0,0,0,0.237016094996463,0,0.219811771745267,0,0,0,0,0,0,0,0,0,0,0,0.190609155789666,0,0.298585027456284,0,0.209911504266213,0,0,0,0.233073994517326,0,0.219236882301894,0,0.170907348394394,0,0,0,0.221862774996869,0,0.267769181728363,0,0.263683438301086,0,0.208770727494059,0,0,0,0,0,0,0.25820711162083,0,0.236859846243098,0,0,0,0,0,0,0,0,0,0.332490265369415,0,0.296735197305679,0.170764239511497,0.168038430078142,0.206699083322151,0,0
0,0.127587935796519,0,0.149477365404069,0,0.151789065022938,0,0,0,0,0,0,0,0,0,0.202747799844052,0.283097609877586,0.199393436477877,0.23916824241834,0,0,0.282861828804016,0,0.22191223863702,0,0.143884051591158,0,0,0,0,0,0,0,0,0,0,0,0.294515987305806,0,0.257568719983101,0,0.250148911595345,0,0.255139231681824,0,0.258315525949001,0.277997821569443,0,0,0.20035644993186,0,0.185197314620018,0,0,0,0.191046062058879,0,0.305375981330872,0,0,0,0.159547930131567,0,0,0.337979882955551,0,0.228766050549459,0,0.156675926875323,0,0.320270292184971,0,0.325348120096118,0,0,0,0,0,0.323608331382275,0.349757850170135,0.308202374206726,0,0.196003054321024,0.156724161992502,0.254836554529474,0.254168249666691,0
0,0,0,0,0,0,0,0,0,0,0,0,0.177394319122488,0,0,0,0,0,0,0,0.158425844302683,0,0,0,0,0,0,0,0,0,0.164880134165287,0,0,0,0,0,0.153066829604799,0,0.164818111507587,0,0,0,0,0,0,0,0,0,0,0,0,0,0,0,0,0,0.15044392563816,0,0.217633681223936,0,0,0,0,0.146830337169843,0,0,0,0,0,0,0,0.220106811468838,0,0,0,0,0,0,0,0.139330993650608,0,0.170701516514763,0.134410905289351,0.161698071833919,0.204332813620567,0,0
0,0,0,0,0,0.153085405627886,0,0,0,0,0,0,0,0.161125385269676,0,0,0,0,0,0.1646720711071,0,0,0,0,0,0,0,0,0,0.165095437318087,0,0,0,0,0,0.180293083190918,0,0.148736844962562,0,0,0,0.227582743436825,0,0,0,0,0,0,0,0,0,0.195489816367626,0,0,0,0,0,0.153863631192736,0,0.175034239582087,0,0.251505613327026,0.157895883778859,0,0,0,0,0,0,0,0.173728842288256,0,0.181246057234398,0,0,0,0,0,0,0,0.239143891440284,0,0.128635396651676,0,0.207870478550784,0,0
0,0,0,0,0,0,0,0,0,0,0.177394319122488,0,0,0,0.173025265336037,0,0,0,0,0,0,0,0,0,0,0,0,0,0,0,0,0,0,0,0,0,0,0,0,0,0,0,0,0,0,0,0,0,0,0,0,0,0,0,0,0,0.174409940838814,0,0.184587790406643,0,0,0,0,0,0,0,0,0,0,0,0,0,0,0,0,0,0,0,0,0,0,0,0.160265993652081,0.159653796284806,0,0,0
0,0,0,0,0,0,0,0,0,0,0,0.161125385269676,0,0,0,0.136325328252636,0,0,0,0,0,0,0,0,0,0,0,0.165113809828957,0,0,0,0,0,0,0,0,0,0,0,0,0,0,0,0,0,0,0,0,0,0,0,0,0,0,0,0,0,0.169241136560837,0,0.183715763008034,0,0.142550628080412,0,0,0,0,0,0,0,0,0.180604443830602,0,0.158962696790695,0,0,0,0,0,0,0,0,0,0.199937052475586,0.22976340344925,0,0,0
0,0,0,0,0,0,0,0,0.170638707615662,0,0,0,0.173025265336037,0,0,0,0.149068269568185,0,0,0,0,0,0,0,0.234060359412226,0,0.210334186410082,0,0,0,0,0,0,0,0,0,0,0,0,0,0,0,0,0,0,0,0,0,0,0,0,0,0,0,0.208375705242157,0,0,0,0.194632828235626,0,0.172779157552226,0,0,0,0,0,0,0.263710315028826,0,0.217119606292766,0,0,0,0,0,0,0,0,0,0,0,0.306837290525436,0.189147005506683,0.217480409890413,0,0,0
0,0.170352913612543,0,0.238103999197483,0,0.174086213111877,0,0,0,0.202747799844052,0,0,0,0.136325328252636,0,0,0,0.16017544997877,0,0,0,0,0,0.185139613993028,0,0.137885853648186,0,0,0,0,0,0,0,0,0,0,0,0.262120074033737,0,0,0,0,0,0,0,0,0,0,0,0,0,0,0,0,0,0.187540286604096,0,0,0,0.198483571410179,0,0.176596544702433,0,0,0,0,0.227769214659929,0,0.167295741538207,0,0,0,0,0,0,0,0,0,0,0,0.25847028195858,0,0.167616498899783,0.179788557467637,0,0,0
0.389375993981957,0.257672634803587,0,0,0,0,0,0,0.229231820323251,0.283097609877586,0,0,0,0,0.149068269568185,0,0,0.173858581371716,0.256590628253441,0,0,0,0.234841883448618,0,0.198991497197459,0,0.199519151397066,0,0.164449269572894,0,0,0,0,0,0,0,0.231922671198845,0,0.206944980791637,0.338673021971134,0.296537796159585,0.285167180001736,0.252113005899368,0.326245558261871,0,0.29532191991806,0.295822913933517,0,0.245571893453598,0.297043889760971,0,0,0,0,0,0,0.28265705704689,0.306180357933044,0,0,0,0,0.315557710826397,0.251557685434818,0,0,0,0.206761840316984,0,0.133310660719872,0.293566107749939,0,0.298413991928101,0,0,0,0,0,0.338409510932185,0.329748116666451,0.364001610212856,0.318058530489604,0.234585470202095,0.206103477038835,0.329973406541873,0.262901979897703,0.245159896711508
0.302194874733686,0.263910606503487,0,0,0,0,0,0,0,0.199393436477877,0,0,0,0,0,0.16017544997877,0.173858581371716,0,0.256715000136554,0,0,0.146341234961949,0,0.149798693037347,0,0.156408731266473,0,0.146232949693998,0,0,0,0,0,0,0,0,0,0,0,0.287147306344088,0.300688830288974,0.253351080177844,0.243551269565758,0.269752571625369,0,0.285302400818238,0.293543280347397,0,0.256874565567289,0,0,0,0,0,0,0,0.327540963888168,0.310256749391556,0,0,0,0,0.251511175185442,0.301222756505013,0.162934656104734,0,0.160802152973634,0,0.154365542743887,0,0,0,0.349903637170792,0,0,0,0,0,0.32023937563444,0.325129404850304,0.363409480452538,0,0.217979436110688,0.170030476927757,0.314336857285167,0.262079490179365,0.242667108774185
0.270701642751093,0.231193613789811,0.209658043086529,0.241175599396229,0.194328621029854,0.216575711965561,0,0,0.252488877624273,0.23916824241834,0,0,0,0,0,0,0.256590628253441,0.256715000136554,0,0,0,0,0,0,0,0,0,0,0,0,0,0,0,0,0,0,0.216581016778946,0,0,0.285031239465466,0.283444805877215,0.211907307901406,0.204396750762263,0.244013046726174,0.215641504951886,0.270625157275414,0.291036433184844,0,0.244089829070227,0.28825547013964,0,0,0,0,0.22612689435482,0.218633929888407,0.299443057073014,0.313646056959706,0,0,0,0,0.273139457119272,0.268167021870613,0,0,0,0,0,0,0.31364149749279,0,0.316089553685931,0,0,0,0,0,0.322709800749101,0.310362700885443,0.353764166896657,0.354388349822589,0.227472922585855,0.26595972776413,0.304967438223619,0.231084676425453,0.214998944441682
0,0,0,0,0,0.141955304145813,0,0.138990297913551,0,0,0,0.1646720711071,0,0,0,0,0,0,0,0,0,0,0,0,0,0,0,0,0,0,0,0,0,0,0,0.169509186222225,0,0.194151351309341,0,0.175239015370607,0,0.21002912114967,0,0,0,0.260594120957482,0,0,0,0,0,0,0,0,0,0,0,0.148339194741253,0,0,0,0,0.194073754234079,0,0,0,0,0,0,0,0,0,0.187326530615489,0,0,0,0,0,0.223353582228015,0,0.227174653538636,0,0.153858679309288,0,0.203740537632257,0,0
0,0,0,0,0.169700419586716,0,0.169742840528488,0,0,0,0.158425844302683,0,0,0,0,0,0,0,0,0,0,0,0,0,0,0,0,0,0,0,0,0,0,0,0,0,0.171733536897326,0,0.166569563220529,0,0,0,0,0,0,0,0.317210770079068,0,0,0,0,0,0,0,0,0,0.140002521406571,0,0,0,0,0,0,0.199720392608831,0,0,0,0,0,0,0,0,0,0,0,0,0,0,0,0.181853169268304,0,0.179723076846289,0.158006854710125,0.213964834809303,0.256215747445822,0,0
0,0,0,0,0,0,0,0,0,0.282861828804016,0,0,0,0,0,0,0,0.146341234961949,0,0,0,0,0.115667011648091,0.157109422838545,0,0.173615389249542,0,0.201289314490098,0,0,0,0,0,0,0,0,0,0.253849022575852,0.166765615344048,0,0,0,0,0,0,0,0,0,0,0.206201912007398,0,0,0,0,0,0,0,0,0,0,0,0.238957554101944,0,0,0.154931947612446,0.114182772357378,0.166573722836792,0,0.268032664476439,0,0.187971437218213,0,0,0,0,0,0,0,0,0,0.272359734124476,0,0.144927542674304,0.148152714836209,0,0,0
0,0,0,0,0,0,0,0,0,0,0,0,0,0,0,0,0.234841883448618,0,0,0,0,0.115667011648091,0,0,0.16691244241371,0,0.193058677949011,0,0.139022701559588,0,0,0,0,0,0,0,0,0.161581316164562,0.181486741946731,0,0,0,0,0,0,0,0,0,0.290424761487477,0,0,0,0,0,0,0,0,0,0,0,0,0,0,0,0.106090279562133,0.158593908158205,0,0.159734505882933,0,0.165879148119069,0,0.169003108143806,0,0,0,0,0,0,0,0,0,0.233083375843993,0.143642315303804,0.18228554390888,0,0,0
0,0,0,0,0,0,0,0,0,0.22191223863702,0,0,0,0,0,0.185139613993028,0,0.149798693037347,0,0,0,0.157109422838545,0,0,0,0.169861730083404,0,0,0,0,0,0,0,0,0,0,0,0.256100837706895,0,0,0,0.319738939404488,0,0,0,0,0,0,0,0.185977951954987,0,0,0,0,0,0.194933124059855,0,0,0,0,0,0.161196728547414,0,0,0.151103128585964,0,0.216491992893592,0,0.172239479232342,0,0,0,0,0,0,0,0,0,0,0,0.261473842266232,0,0.195323636740525,0.25027984380722,0.294047921895981,0,0
0.22141923258702,0,0,0,0,0,0,0,0.237016094996463,0,0,0,0,0,0.234060359412226,0,0.198991497197459,0,0,0,0,0,0.16691244241371,0,0,0,0.18837164225337,0,0,0,0,0,0,0,0,0,0,0,0.208032147791847,0,0,0,0.168094939419201,0,0,0,0,0.33745265007019,0.246985191565294,0,0,0,0,0,0.266258156841451,0,0.306613624095917,0,0,0,0.256452089287789,0,0,0,0,0.189949080348015,0,0.215786360593885,0,0.201755971825148,0,0,0,0,0,0,0,0,0,0,0,0.260971842914769,0.188764842876436,0,0.188515838574279,0,0
0,0,0,0,0,0,0,0,0,0.143884051591158,0,0,0,0,0,0.137885853648186,0,0.156408731266473,0,0,0,0.173615389249542,0,0.169861730083404,0,0,0,0,0,0,0,0,0,0,0,0,0,0.218396302726534,0,0,0,0,0,0,0,0,0,0,0,0,0,0,0,0,0,0,0,0,0,0,0,0.127456260224183,0,0,0.265628526608149,0,0.209314592182636,0,0.173668696780346,0,0,0,0,0,0,0,0,0,0,0,0,0,0.164198178478442,0,0,0,0
0,0,0,0,0,0,0,0,0.219811771745267,0,0,0,0,0,0.210334186410082,0,0.199519151397066,0,0,0,0,0,0.193058677949011,0,0.18837164225337,0,0,0,0,0,0,0,0,0,0,0,0,0,0,0,0,0,0,0,0,0,0,0,0,0,0,0,0,0,0.30365464091301,0,0,0,0,0,0.21578966970764,0,0,0,0,0.181201388438543,0,0.214515395462513,0,0.188302898544488,0,0,0,0,0,0,0,0,0,0,0,0,0.231758252211265,0.22700147330761,0,0,0
0,0,0,0,0,0,0,0,0,0,0,0,0,0.165113809828957,0,0,0,0.146232949693998,0,0,0,0.201289314490098,0,0,0,0,0,0,0,0.16905265365557,0,0,0,0,0,0,0,0.17733348707358,0,0,0,0,0,0,0,0,0,0,0,0,0,0,0,0,0,0,0,0,0,0.152916082028133,0,0,0,0,0.168174586125783,0,0,0,0,0,0.177096035392587,0,0.204096078872681,0,0,0,0,0,0,0,0.147031064198903,0,0.156748320220165,0.155946773468939,0,0,0
0,0,0,0,0,0,0,0,0,0,0,0,0,0,0,0,0.164449269572894,0,0,0,0,0,0.139022701559588,0,0,0,0,0,0,0,0.162613726602715,0,0,0,0,0,0,0,0.153663481452635,0,0,0,0,0,0,0,0,0,0,0,0,0,0,0,0,0,0,0,0,0,0,0,0,0,0,0,0,0,0,0,0,0.167793844701284,0,0.17480143904686,0,0,0,0,0,0,0,0,0.165899220633544,0.169935959376513,0,0,0
0,0,0,0,0,0,0,0,0,0,0,0.165095437318087,0,0,0,0,0,0,0,0,0,0,0,0,0,0,0,0.16905265365557,0,0,0,0,0,0,0,0,0,0.162753110849544,0,0,0,0,0,0,0,0,0,0,0,0,0,0,0,0,0,0,0,0.168020189954684,0,0,0,0,0,0,0,0,0,0,0,0,0.144524949987729,0,0.189518032925412,0,0,0,0,0,0,0,0.155110935203168,0,0.182033330202103,0.169882260262966,0,0,0
0,0,0,0,0,0,0,0,0,0,0.164880134165287,0,0,0,0,0,0,0,0,0,0,0,0,0,0,0,0,0,0.162613726602715,0,0,0,0,0,0,0,0,0,0.164152263718493,0,0,0,0,0,0,0,0,0,0,0,0,0,0,0,0,0,0.184445604681969,0,0,0,0,0,0,0,0,0,0,0,0,0,0,0.180996341549832,0,0.14806911254686,0,0,0,0,0,0,0,0,0.186386353590272,0.181356346477633,0,0,0
0,0,0,0,0,0,0,0,0,0,0,0,0,0,0,0,0,0,0,0,0,0,0,0,0,0,0,0,0,0,0,0,0.155415551637303,0.290398895313406,0.133004695177078,0.178647813326876,0.11849350682119,0,0,0,0,0,0,0,0,0,0,0.245081737173532,0,0.375350245407649,0,0,0,0,0,0,0,0,0,0,0,0,0,0,0,0,0,0,0,0,0,0,0,0,0.174763941169185,0.136111388237274,0.283582694159868,0,0.226321974610228,0.18387877140884,0,0,0.137383843340525,0,0,0,0
0,0,0,0,0,0,0,0,0,0,0,0,0,0,0,0,0,0,0,0,0,0,0,0,0,0,0,0,0,0,0,0.155415551637303,0,0.126341073548999,0.356916138785226,0,0.190910572733408,0,0,0,0,0,0,0,0,0,0,0.262961742772666,0.36359853790952,0.424696822961171,0,0,0,0,0,0,0,0,0,0,0,0,0,0,0,0,0,0,0,0,0,0,0,0,0.155136660179671,0.220012526877605,0.133481314236468,0.363420784473419,0,0.230591380341568,0,0,0.160445201803337,0,0,0,0
0,0,0,0,0,0,0,0,0,0,0,0,0,0,0,0,0,0,0,0,0,0,0,0,0,0,0,0,0,0,0,0.290398895313406,0.126341073548999,0,0.19622847176829,0.154444362569068,0,0.209745707096264,0.19319329271093,0,0,0.493868142366409,0,0,0,0,0,0.232961932852529,0,0.185581094452313,0,0,0,0,0,0,0,0,0,0,0,0,0,0,0,0,0,0,0,0,0,0,0,0,0.319222913412323,0.121698103845119,0.213101354118342,0.170994554080215,0.220176025138547,0,0.275467081009498,0.178744562901556,0.216038522181434,0.20059496649476,0,0,0
0,0,0,0,0,0,0,0,0,0,0,0,0,0,0,0,0,0,0,0,0,0,0,0,0,0,0,0,0,0,0,0.133004695177078,0.356916138785226,0.19622847176829,0,0,0.168469490486318,0.306630140595269,0.187714102760705,0,0,0,0,0,0,0,0,0.209258014101392,0,0.259363007545471,0,0,0,0,0,0,0,0,0,0,0,0,0,0,0,0,0,0,0,0,0,0,0,0,0,0.168767453560346,0.184699568592902,0.219723469239902,0,0.236686284266985,0.287891445060571,0.182974866254902,0.195151403807757,0,0,0,0
0,0,0,0.195932794894491,0,0.190954275074459,0,0,0,0,0,0.180293083190918,0,0,0,0,0,0,0,0.169509186222225,0,0,0,0,0,0,0,0,0,0,0,0.178647813326876,0,0.154444362569068,0,0,0.163243864573163,0.166513855098235,0.0940485209226608,0.172416464686394,0,0.227352779946829,0,0,0,0.176510346984422,0,0.223655434569927,0,0.256764832884073,0,0,0,0,0,0,0,0.146802933056756,0,0,0,0,0.176030457158935,0,0,0,0,0,0,0,0.221102952957153,0,0,0,0.168827657744749,0,0.202943092070777,0,0.190637412976767,0.165652642679996,0.197768656705577,0,0.172825609015718,0.190336631691974,0.197474026636801,0,0
0,0,0.206792771816254,0,0.18778595328331,0,0.136816374731786,0,0,0,0.153066829604799,0,0,0,0,0,0.231922671198845,0,0.216581016778946,0,0.171733536897326,0,0,0,0,0,0,0,0,0,0,0.11849350682119,0.190910572733408,0,0.168469490486318,0.163243864573163,0,0.177719384431839,0.148836169104316,0,0.174879702811058,0,0.228585914605194,0,0,0,0.205003346006076,0.248107359968415,0.214240232748645,0,0,0,0,0,0,0,0.160570753497584,0,0,0,0,0,0,0.1808402311239,0,0,0,0,0,0,0,0,0,0,0,0.1735641002424,0,0.207956890054423,0.164641882736107,0.179184449086048,0,0.173681484413728,0.180817168879762,0.218950866287725,0.183853986382484,0,0
0,0,0,0,0,0,0,0,0,0.294515987305806,0,0.148736844962562,0,0,0,0.262120074033737,0,0,0,0.194151351309341,0,0.253849022575852,0.161581316164562,0.256100837706895,0,0.218396302726534,0,0.17733348707358,0,0.162753110849544,0,0,0,0.209745707096264,0.306630140595269,0.166513855098235,0.177719384431839,0,0.158115422831448,0,0,0.420460498519242,0,0,0,0.295729137766056,0,0.593173316852775,0,0.317473013961581,0,0,0,0,0,0.277470709925348,0,0.14895548337725,0,0,0,0,0.250326294658913,0,0.210414709688889,0,0.250938737811415,0,0.199405670166016,0,0.186741655556167,0,0.154093259164684,0,0,0,0.186242158568318,0.287689996883273,0.190914198699916,0.180517703294754,0.227822685121343,0.155126476011556,0.3307404122218,0.161389737814462,0.365435701547837,0.417188256978989,0
0.224484182657704,0,0.251937285065651,0,0,0,0,0,0.190609155789666,0,0.164818111507587,0,0,0,0,0,0.206944980791637,0,0,0,0.166569563220529,0.166765615344048,0.181486741946731,0,0.208032147791847,0,0,0,0.153663481452635,0,0.164152263718493,0,0,0.19319329271093,0.187714102760705,0.0940485209226608,0.148836169104316,0.158115422831448,0,0,0,0,0.197077625519351,0,0,0,0,0.594059577278602,0.357753746465982,0,0,0,0,0,0.206751587673683,0,0.168598231432134,0,0.287418976426125,0,0,0,0,0.162711598277092,0,0.176963146439696,0,0.206373510654484,0,0,0,0.171435606148508,0,0.163392015919089,0,0,0.220813866704702,0.220602005000772,0,0.207577857148453,0.191014781345924,0.216082566931362,0.284959636650802,0.278901061664025,0.292654102741007,0,0
0.316917151212692,0.417221450322383,0,0.233030065768907,0,0.205257492760817,0,0,0,0.257568719983101,0,0,0,0,0,0,0.338673021971134,0.287147306344088,0.285031239465466,0.175239015370607,0,0,0,0,0,0,0,0,0,0,0,0,0,0,0,0.172416464686394,0,0,0,0,0,0.251461803077679,0.265196335315704,0.391931516039802,0,0.272750984024438,0.330133783817291,0.451059594750404,0.356179130488429,0.266794659935012,0,0.201974093914032,0,0,0,0.234849656621615,0,0.248858693987131,0,0,0,0,0.215657244773879,0,0,0,0,0,0,0,0.253168566152453,0,0.278529689780303,0,0,0,0,0,0.18915820387375,0.341182544827461,0.287603298823039,0,0.278443371222113,0.228407182476737,0.231592974169265,0.329420390863751,0.253699589520693
0.493116578748149,0.297554704546928,0.207544442485361,0,0.192796558141708,0,0,0,0.298585027456284,0,0,0,0,0,0,0,0.296537796159585,0.300688830288974,0.283444805877215,0,0,0,0,0,0,0,0,0,0,0,0,0,0,0,0,0,0.174879702811058,0,0,0,0,0.291106957655687,0.265492599298604,0.267194673418999,0.334071395297845,0.311600329875946,0.287725814505543,0.282280087471008,0.198667426919468,0,0,0,0,0,0.219305980950594,0,0.245781312386195,0.302971512079239,0.214492708444595,0,0,0,0,0.234064932156232,0,0,0,0,0,0,0.331969395279884,0,0,0,0,0,0,0,0.353976964950562,0.237435990070414,0.294019013643265,0.320506021380424,0.285596933820377,0,0.22873786554065,0.250463135540485,0.305623829269865
0.234451733529568,0.333822424254142,0.223529979586601,0.254072505032054,0,0.223928610483805,0,0,0,0.250148911595345,0,0.227582743436825,0,0,0,0,0.285167180001736,0.253351080177844,0.211907307901406,0.21002912114967,0,0,0,0.319738939404488,0,0,0,0,0,0,0,0,0,0.493868142366409,0,0.227352779946829,0,0.420460498519242,0,0.251461803077679,0.291106957655687,0,0.217260130148913,0.271528266915461,0.187956675887108,0.274517402973854,0.279686289921142,0.441021379343299,0.324963888774316,0.296547255369353,0,0.236916879812876,0,0,0,0.242405790332201,0.314629167318344,0.261090667146008,0,0.278503924608231,0,0.288219094276428,0.273695195283251,0.284743577241898,0,0,0.318122080230451,0,0,0,0.295464154541492,0,0.30105205845061,0,0,0,0,0,0.308746275668751,0.292895060351917,0.363869162846585,0,0.255549615390753,0.25031692637361,0.284047341799624,0.272329754237808,0.227501493361261
0.326832367495323,0.378195613622665,0.254466694162553,0,0.218220729576914,0,0,0,0.209911504266213,0,0,0,0,0,0,0,0.252113005899368,0.243551269565758,0.204396750762263,0,0,0,0,0,0.168094939419201,0,0,0,0,0,0,0,0,0,0,0,0.228585914605194,0,0.197077625519351,0.265196335315704,0.265492599298604,0.217260130148913,0,0.224664803062166,0.223754964998843,0.240623589717981,0.265776665950263,0.427896980728422,0.319123598568246,0,0.208058178424835,0,0,0,0.218120574854411,0,0.304686629958766,0,0.295250135473907,0,0.29548317939043,0,0,0.241070276243979,0,0,0,0.319709807347793,0,0,0,0,0,0.237334046851505,0,0,0,0,0.283966140200694,0.294135335038873,0.287568781524897,0.341118650510907,0.250616201863096,0.24422161676921,0.281422566762787,0.220338091254234,0.223532136314413
0.329828888177872,0,0,0.277200651168823,0,0,0,0,0,0.255139231681824,0,0,0,0,0,0,0.326245558261871,0.269752571625369,0.244013046726174,0,0,0,0,0,0,0,0,0,0,0,0,0,0,0,0,0,0,0,0,0.391931516039802,0.267194673418999,0.271528266915461,0.224664803062166,0,0,0.312642834988641,0.276854687929153,0,0,0.291973575949669,0,0,0,0,0,0,0,0.279920220375061,0,0,0,0,0.310133635997772,0,0,0,0,0,0,0,0.30167543888092,0,0.290133833885193,0,0,0,0,0,0.412740780877681,0.290335206048829,0.431885981134006,0,0.238270309136575,0,0.413558983921117,0.366860111057758,0
0,0,0.268981516361237,0,0,0,0,0,0,0,0,0,0,0,0,0,0,0,0.215641504951886,0,0,0,0,0,0,0,0,0,0,0,0,0,0,0,0,0,0,0,0,0,0.334071395297845,0.187956675887108,0.223754964998843,0,0,0,0.285263034013601,0,0.267740368843079,0,0,0,0,0,0.234556436538696,0,0,0,0,0,0,0,0,0.300146281719208,0,0,0,0,0,0,0,0,0,0,0,0,0,0,0.328377783298492,0.365616346895695,0,0,0.230617424903008,0,0.263305896457205,0,0.164242438971996
0.328132969992501,0.267689481377602,0.215427443385124,0.246879407588173,0,0.191044792532921,0,0,0,0.258315525949001,0,0,0,0,0,0,0.29532191991806,0.285302400818238,0.270625157275414,0.260594120957482,0,0,0,0,0,0,0,0,0,0,0,0,0,0,0,0.176510346984422,0,0.295729137766056,0,0.272750984024438,0.311600329875946,0.274517402973854,0.240623589717981,0.312642834988641,0,0,0.30513152175742,0,0.312337622046471,0.242215607916155,0,0,0,0,0,0,0.319967269897461,0.248533367587809,0,0,0,0,0.230049366726791,0.279605783522129,0,0,0,0,0,0,0.249069677222343,0,0.277159375494177,0,0,0,0,0,0.253992943920251,0.32157312763425,0.28870890506875,0.340633183717728,0.266697661012221,0.259718459237505,0.289906246856066,0.24771798402071,0.211012616753578
0.316820660704061,0.295396730642427,0.24345644798718,0,0.198369070887566,0,0,0,0.233073994517326,0.277997821569443,0,0,0,0,0,0,0.295822913933517,0.293543280347397,0.291036433184844,0,0.317210770079068,0,0,0,0,0,0,0,0,0,0,0,0,0,0,0,0.205003346006076,0,0,0.330133783817291,0.287725814505543,0.279686289921142,0.265776665950263,0.276854687929153,0.285263034013601,0.30513152175742,0,0,0.228926815802143,0.277092456817627,0,0,0,0,0.254087068140507,0,0.293595233788857,0.302706018090248,0,0,0.137186497449875,0,0.32005512714386,0.230243525917349,0,0,0,0.301853686571121,0,0,0.292767256498337,0,0.310550342003504,0,0,0,0,0,0.332319250878166,0.24256789113838,0.310094445943832,0.348548878957941,0.28291973833463,0.242158415913582,0.303216982241442,0.261586099863052,0.24238117535909
0,0,0,0,0,0,0,0,0,0,0,0,0,0,0,0,0,0,0,0,0,0,0,0,0.33745265007019,0,0,0,0,0,0,0.245081737173532,0.262961742772666,0.232961932852529,0.209258014101392,0.223655434569927,0.248107359968415,0.593173316852775,0.594059577278602,0.451059594750404,0.282280087471008,0.441021379343299,0.427896980728422,0,0,0,0,0,0.455073767156475,0.436635193529712,0,0,0,0,0.315023243427277,0,0.278781622648239,0,0,0,0,0,0,0.285546511411667,0,0,0,0.335091926157475,0,0,0,0,0,0,0.274141879740414,0.285046484805306,0.261173148793498,0.21618910157554,0.284190898483616,0.303919791415367,0.444681004310648,0.205545516477691,0.510311393862222,0.550915890269809,0.421128152475762,0,0
0.247137464308818,0.269039571285248,0.165749575685246,0,0.205131931230426,0,0,0,0.219236882301894,0,0,0,0,0,0,0,0.245571893453598,0.256874565567289,0.244089829070227,0,0,0,0.290424761487477,0,0.246985191565294,0,0,0,0,0,0,0,0.36359853790952,0,0,0,0.214240232748645,0,0.357753746465982,0.356179130488429,0.198667426919468,0.324963888774316,0.319123598568246,0,0.267740368843079,0.312337622046471,0.228926815802143,0.455073767156475,0,0.432208394236257,0,0,0,0,0.176057957657954,0,0.272676499684652,0,0.228948086500168,0,0.148114732333592,0,0,0.212890632774519,0,0.357681294282277,0,0.223159201443195,0,0,0,0.220777353393697,0,0.225066596409306,0,0.399054753780365,0,0,0.295473113656044,0.264842867836371,0,0.242515594522158,0.412785865473354,0.275925204157829,0.270086533093656,0,0
0,0.296251957082019,0,0.183068234572368,0,0.227099195122719,0,0,0,0.20035644993186,0,0,0,0,0,0,0.297043889760971,0,0.28825547013964,0,0,0.206201912007398,0,0.185977951954987,0,0,0,0,0,0,0,0.375350245407649,0.424696822961171,0.185581094452313,0.259363007545471,0.256764832884073,0,0.317473013961581,0,0.266794659935012,0,0.296547255369353,0,0.291973575949669,0,0.242215607916155,0.277092456817627,0.436635193529712,0.432208394236257,0,0,0,0,0,0,0.160310901062829,0,0.265832252652047,0,0.255849171722873,0,0.24825201262446,0.276254440347354,0,0.179832354187965,0,0.182208988528985,0,0.263829812407494,0,0.301553715107053,0,0.321951273325327,0,0,0,0.33061247405253,0,0.341345900319517,0,0.341546859885707,0,0.403200934510684,0.249339960515499,0.282652438331132,0.277240797877312,0
0,0,0.172841088699275,0,0.142471379624345,0,0.156776487827301,0,0.170907348394394,0,0,0,0,0,0,0,0,0,0,0,0,0,0,0,0,0,0,0,0,0,0,0,0,0,0,0,0,0,0,0,0,0,0.208058178424835,0,0,0,0,0,0,0,0,0,0,0,0.172272215286891,0,0.207063167470117,0,0.17746584906669,0,0.173710324496866,0,0,0,0,0,0,0,0,0,0,0,0,0,0,0,0,0,0,0.238229483366013,0,0,0.141850592120102,0,0.189030553475558,0,0
0,0,0,0.222938353816668,0,0.153201201067465,0,0.150796136260033,0,0.185197314620018,0,0.195489816367626,0,0,0,0,0,0,0,0,0,0,0,0,0,0,0,0,0,0,0,0,0,0,0,0,0,0,0,0.201974093914032,0,0.236916879812876,0,0,0,0,0,0,0,0,0,0,0,0.175591287287799,0,0.19474137822787,0,0.192997871173753,0,0.230691425999006,0,0.27135297703743,0,0,0,0,0,0,0,0,0,0,0,0,0,0,0,0,0,0,0,0,0.169775205850601,0,0.200105978668421,0,0
0,0,0,0,0.158313410977523,0,0.137485149833891,0,0,0,0,0,0,0,0,0,0,0,0,0,0,0,0,0,0,0,0,0,0,0,0,0,0,0,0,0,0,0,0,0,0,0,0,0,0,0,0,0,0,0,0,0,0,0,0,0,0.168815341591835,0,0,0,0,0,0,0,0,0,0,0,0,0,0,0,0,0,0,0,0,0,0,0,0,0,0.161788275465369,0,0,0,0
0,0,0,0,0,0,0,0.176119574656089,0,0,0,0,0,0,0,0,0,0,0,0,0,0,0,0,0,0,0,0,0,0,0,0,0,0,0,0,0,0,0,0,0,0,0,0,0,0,0,0,0,0,0,0.175591287287799,0,0,0,0,0,0.202341508142606,0,0,0,0,0,0,0,0,0,0,0,0,0,0,0,0,0,0,0,0,0,0,0,0,0.205283269286156,0,0,0,0
0.163672193938195,0,0.155950701296329,0,0.127931530276934,0,0,0,0.221862774996869,0,0,0,0,0,0.208375705242157,0,0,0,0.22612689435482,0,0,0,0,0,0.266258156841451,0,0.30365464091301,0,0,0,0,0,0,0,0,0,0,0,0.206751587673683,0,0.219305980950594,0,0.218120574854411,0,0.234556436538696,0,0.254087068140507,0.315023243427277,0.176057957657954,0,0.172272215286891,0,0,0,0,0,0.201238981315068,0,0.164458385772175,0,0.215097070834104,0,0,0,0,0,0,0.290605547756984,0,0.245837350254473,0,0,0,0,0,0,0,0,0,0.266165430347125,0,0.247664737935901,0.210011989496348,0.147735333868435,0.21761406675803,0,0
0,0.17043625175332,0,0.180369392908576,0,0.168046456316243,0,0,0,0.191046062058879,0,0,0,0,0,0.187540286604096,0,0,0.218633929888407,0,0,0,0,0.194933124059855,0,0,0,0,0,0,0,0,0,0,0,0,0,0.277470709925348,0,0.234849656621615,0,0.242405790332201,0,0,0,0,0,0,0,0.160310901062829,0,0.19474137822787,0,0,0,0,0,0.264671951532364,0,0,0,0.247931752886091,0,0,0,0,0.184999234415591,0,0,0,0.262839019298553,0,0.261633783578873,0,0,0,0,0,0.317197948694229,0,0.278563581705093,0,0.212726598429052,0.239851784848032,0.186315155997872,0.303741335868835,0
0.339794084429741,0,0.22073130365287,0,0.180452207413812,0,0,0,0.267769181728363,0,0.15044392563816,0,0.174409940838814,0,0,0,0.28265705704689,0.327540963888168,0.299443057073014,0,0.140002521406571,0,0,0,0.306613624095917,0,0,0,0,0,0.184445604681969,0,0,0,0,0,0.160570753497584,0,0.168598231432134,0,0.245781312386195,0.314629167318344,0.304686629958766,0,0,0.319967269897461,0.293595233788857,0.278781622648239,0.272676499684652,0,0.207063167470117,0,0.168815341591835,0,0.201238981315068,0,0,0,0.206781120462851,0,0.226820610463619,0,0,0.267247958143243,0,0,0,0,0,0.174708967407544,0,0.331776432693005,0,0.363770832670778,0,0,0,0,0.338909387588501,0.224678296595812,0,0.17165971133444,0.216474235803727,0.190576454624534,0.2766619448813,0,0.311097075541814
0,0.347289829091592,0,0.262272372841835,0,0.137948699957795,0,0.152790531516075,0,0.305375981330872,0,0.153863631192736,0,0.169241136560837,0,0,0.306180357933044,0.310256749391556,0.313646056959706,0.148339194741253,0,0,0,0,0,0,0,0,0,0.168020189954684,0,0,0,0,0,0.146802933056756,0,0.14895548337725,0,0.248858693987131,0.302971512079239,0.261090667146008,0,0.279920220375061,0,0.248533367587809,0.302706018090248,0,0,0.265832252652047,0,0.192997871173753,0,0.202341508142606,0,0.264671951532364,0,0,0,0.125660701226579,0,0,0.230096471963285,0,0,0,0,0,0,0,0.325032272871504,0,0.301461202568478,0,0,0,0,0,0.266937038240333,0,0.234785726437202,0,0.206189467485358,0.304486442889486,0.277588310062971,0.388590931892395,0
0.283639281988144,0,0.182342563356672,0,0.172832183539867,0,0,0,0.263683438301086,0,0.217633681223936,0,0.184587790406643,0,0.194632828235626,0,0,0,0,0,0,0,0,0,0,0,0,0,0,0,0,0,0,0,0,0,0,0,0.287418976426125,0,0.214492708444595,0,0.295250135473907,0,0,0,0,0,0.228948086500168,0,0.17746584906669,0,0,0,0.164458385772175,0,0.206781120462851,0,0,0,0.161394502967596,0,0,0.159991800785065,0,0,0,0,0,0.181592766534198,0,0,0,0,0,0,0,0,0,0.262880071997643,0,0,0.197060193919458,0.185818897088369,0.194099631599724,0,0
0,0,0,0.239393308758736,0,0.214309453964233,0,0.184602285424868,0,0,0,0.175034239582087,0,0.183715763008034,0,0.198483571410179,0,0,0,0,0,0,0,0,0,0,0,0.152916082028133,0,0,0,0,0,0,0,0,0,0,0,0,0,0.278503924608231,0,0,0,0,0,0,0,0.255849171722873,0,0.230691425999006,0,0,0,0,0,0.125660701226579,0,0,0,0.170174616186515,0,0,0,0,0,0,0.237432130254232,0,0.272061881964857,0,0,0,0,0,0,0,0,0,0,0,0.200786833080553,0.229161941342884,0.23551315565904,0,0
0.153366334603301,0,0.170540705323219,0,0.104037171148736,0,0,0,0.208770727494059,0,0,0,0,0,0.172779157552226,0,0,0,0,0,0,0,0,0,0.256452089287789,0,0.21578966970764,0,0,0,0,0,0,0,0,0,0,0,0,0,0,0,0.29548317939043,0,0,0,0.137186497449875,0,0.148114732333592,0,0.173710324496866,0,0,0,0.215097070834104,0,0.226820610463619,0,0.161394502967596,0,0,0,0,0,0,0,0,0.244532421382551,0,0.193783445620393,0,0.181408554315567,0,0,0,0,0,0,0,0,0,0.309821327527364,0.162596970472647,0,0.169718216370492,0,0.249698102474213
0,0.22137321327936,0,0.230521130774702,0,0.231123408302665,0,0,0,0.159547930131567,0,0.251505613327026,0,0.142550628080412,0,0.176596544702433,0,0,0,0,0,0.238957554101944,0,0.161196728547414,0,0.127456260224183,0,0,0,0,0,0,0,0,0,0,0,0,0,0,0,0.288219094276428,0,0,0,0,0,0,0,0.24825201262446,0,0.27135297703743,0,0,0,0.247931752886091,0,0,0,0.170174616186515,0,0,0,0,0,0,0,0,0.223369357749052,0,0.260787445528448,0,0,0,0,0,0,0,0,0,0,0,0.200566781136919,0.195200598239899,0.305547624826431,0,0
0,0.32633855342865,0,0.276915401220322,0,0.135930741826693,0,0,0,0,0,0.157895883778859,0,0,0,0,0.315557710826397,0.251511175185442,0.273139457119272,0.194073754234079,0,0,0,0,0,0,0,0,0,0,0,0,0,0,0,0.176030457158935,0,0.250326294658913,0,0.215657244773879,0,0.273695195283251,0,0.310133635997772,0,0.230049366726791,0.32005512714386,0,0,0.276254440347354,0,0,0,0,0,0,0,0.230096471963285,0,0,0,0,0,0,0,0,0,0,0,0,0.278426200151443,0,0.315924724225293,0,0,0,0,0,0.236744413862883,0.285096868872643,0.267966342926025,0,0.168121387412151,0.235254955291748,0.274369031003479,0.224648093183835,0
0.461384683847427,0.28827577829361,0.231268703937531,0,0.164367713034153,0,0,0,0,0,0.146830337169843,0,0,0,0,0,0.251557685434818,0.301222756505013,0.268167021870613,0,0.199720392608831,0,0,0,0,0,0,0,0,0,0,0,0,0,0,0,0.1808402311239,0,0.162711598277092,0,0.234064932156232,0.284743577241898,0.241070276243979,0,0.300146281719208,0.279605783522129,0.230243525917349,0.285546511411667,0.212890632774519,0,0,0,0,0,0,0,0.267247958143243,0,0.159991800785065,0,0,0,0,0,0,0,0,0,0,0,0,0,0,0,0,0,0,0,0,0.238298013534519,0,0.277946221321187,0.194955403123189,0.234633684158325,0.310650530362561,0.230865493416786,0.224610894918442
0,0,0,0,0,0,0,0,0,0.337979882955551,0,0,0,0,0,0,0,0.162934656104734,0,0,0,0.154931947612446,0.106090279562133,0.151103128585964,0,0.265628526608149,0,0.168174586125783,0,0,0,0,0,0,0,0,0,0.210414709688889,0,0,0,0,0,0,0,0,0,0,0,0.179832354187965,0,0,0,0,0,0,0,0,0,0,0,0,0,0,0,0.109097059071064,0.191698435355316,0,0.270402155071497,0,0.196565203481894,0,0,0,0,0,0,0,0,0,0.302112552120273,0,0.146265319260684,0.139439278001924,0,0,0
0,0,0,0,0,0,0,0,0,0,0,0,0,0,0,0,0,0,0,0,0,0.114182772357378,0.158593908158205,0,0.189949080348015,0,0.181201388438543,0,0,0,0,0,0,0,0,0,0,0,0.176963146439696,0,0,0,0,0,0,0,0,0,0.357681294282277,0,0,0,0,0,0,0,0,0,0,0,0,0,0,0,0.109097059071064,0,0,0.170790841445228,0,0,0,0,0,0,0,0,0,0,0,0,0,0.217195203589896,0.140265493031099,0.138369566216917,0,0,0
0,0.136853963136673,0,0,0,0,0,0,0,0.228766050549459,0,0,0,0,0,0.227769214659929,0,0.160802152973634,0,0,0,0.166573722836792,0,0.216491992893592,0,0.209314592182636,0,0,0,0,0,0,0,0,0,0,0,0.250938737811415,0,0,0,0.318122080230451,0,0,0,0,0,0,0,0.182208988528985,0,0,0,0,0,0.184999234415591,0,0,0,0,0,0,0,0,0.191698435355316,0,0,0,0.184949427843094,0,0,0,0,0,0,0,0,0,0,0,0.287228919706255,0,0.22822259637079,0.27749228477478,0.271228462781595,0.383912742137909,0
0.259906619787216,0,0,0,0,0,0,0,0.25820711162083,0,0,0,0,0,0.263710315028826,0,0.206761840316984,0,0,0,0,0,0.159734505882933,0,0.215786360593885,0,0.214515395462513,0,0,0,0,0,0,0,0,0,0,0,0.206373510654484,0,0,0,0.319709807347793,0,0,0,0.301853686571121,0.335091926157475,0.223159201443195,0,0,0,0,0,0.290605547756984,0,0,0,0,0,0.244532421382551,0,0,0,0,0.170790841445228,0,0,0,0.194648562302423,0,0,0,0,0,0,0,0,0,0,0,0.272207499807818,0.275555136449197,0.293550699949265,0.237198150163986,0,0
0,0,0,0,0,0,0,0,0,0.156675926875323,0,0,0,0,0,0.167295741538207,0,0.154365542743887,0,0,0,0.268032664476439,0,0.172239479232342,0,0.173668696780346,0,0,0,0,0,0,0,0,0,0,0,0.199405670166016,0,0,0,0,0,0,0,0,0,0,0,0.263829812407494,0,0,0,0,0,0,0,0,0,0.237432130254232,0,0.223369357749052,0,0,0.270402155071497,0,0.184949427843094,0,0,0,0.240299816466037,0,0,0,0,0,0,0,0,0,0,0,0.150833188769994,0,0,0,0
0,0,0,0,0,0,0,0,0.236859846243098,0,0,0,0,0,0.217119606292766,0,0.133310660719872,0,0,0,0,0,0.165879148119069,0,0.201755971825148,0,0.188302898544488,0,0,0,0,0,0,0,0,0,0,0,0,0,0,0,0,0,0,0,0,0,0,0,0,0,0,0,0.245837350254473,0,0.174708967407544,0,0.181592766534198,0,0.193783445620393,0,0,0,0,0,0,0.194648562302423,0,0,0,0.224188383668661,0,0,0,0,0,0,0,0,0,0,0.151657741069794,0,0.164229184389114,0,0
0,0.332498701289296,0,0.277910784259438,0,0.21120522916317,0,0,0,0.320270292184971,0,0.173728842288256,0,0.180604443830602,0,0,0.293566107749939,0,0.31364149749279,0,0,0.187971437218213,0,0,0,0,0,0.177096035392587,0,0.144524949987729,0,0,0,0,0,0.221102952957153,0,0.186741655556167,0,0.253168566152453,0.331969395279884,0.295464154541492,0,0.30167543888092,0,0.249069677222343,0.292767256498337,0,0,0.301553715107053,0,0,0,0,0,0.262839019298553,0,0.325032272871504,0,0.272061881964857,0,0.260787445528448,0.278426200151443,0,0.196565203481894,0,0,0,0.240299816466037,0,0,0,0.335628192126751,0,0,0,0,0,0.298177263140678,0,0.205077875484811,0,0.23967309979101,0.25262575596571,0.299753522970283,0.251625716686249,0
0,0,0,0,0,0,0,0,0,0,0.220106811468838,0,0,0,0,0,0,0,0,0,0,0,0.169003108143806,0,0,0,0,0,0.167793844701284,0,0.180996341549832,0,0,0,0,0,0,0,0.171435606148508,0,0,0,0,0,0,0,0,0,0.220777353393697,0,0,0,0,0,0,0,0.331776432693005,0,0,0,0.181408554315567,0,0,0,0,0,0,0,0,0.224188383668661,0,0,0,0.290669510609358,0,0,0,0,0,0,0,0,0.178874590768004,0.170589763595133,0.219665345091086,0,0
0,0.358379106223583,0,0.278464505867082,0,0,0,0,0,0.325348120096118,0,0.181246057234398,0,0.158962696790695,0,0,0.298413991928101,0.349903637170792,0.316089553685931,0.187326530615489,0,0,0,0,0,0,0,0.204096078872681,0,0.189518032925412,0,0,0,0,0,0,0,0.154093259164684,0,0.278529689780303,0,0.30105205845061,0,0.290133833885193,0,0.277159375494177,0.310550342003504,0,0,0.321951273325327,0,0,0,0,0,0.261633783578873,0,0.301461202568478,0,0,0,0,0.315924724225293,0,0,0,0,0,0,0,0.335628192126751,0,0,0,0,0,0,0,0.284234905615449,0.312151595950127,0.267651938729816,0,0.230013152206506,0.246150377723906,0.324728890769788,0.353548496961594,0
0,0,0,0,0,0,0,0,0,0,0,0,0,0,0,0,0,0,0,0,0,0,0,0,0,0,0,0,0.17480143904686,0,0.14806911254686,0,0,0,0,0,0,0,0.163392015919089,0,0,0,0.237334046851505,0,0,0,0,0,0.225066596409306,0,0,0,0,0,0,0,0.363770832670778,0,0,0,0,0,0,0,0,0,0,0,0,0,0,0.290669510609358,0,0,0,0,0,0,0,0,0,0.150208204984665,0.257133394479752,0,0.315302504581967,0,0
0,0,0,0,0,0,0,0,0,0,0,0,0,0,0,0,0,0,0,0,0,0,0,0,0,0,0,0,0,0,0,0.174763941169185,0.155136660179671,0.319222913412323,0,0.168827657744749,0,0,0,0,0,0,0,0,0,0,0,0.274141879740414,0,0,0,0,0,0,0,0,0,0,0,0,0,0,0,0,0,0,0,0,0,0,0,0,0,0,0,0,0.276106948360444,0,0.219725066501843,0,0,0,0.163634072457041,0,0,0,0
0,0,0,0,0,0,0,0,0,0,0,0,0,0,0,0,0,0,0,0,0,0,0,0,0,0,0,0,0,0,0,0.136111388237274,0.220012526877605,0.121698103845119,0.168767453560346,0,0.1735641002424,0,0,0,0,0,0,0,0,0,0,0.285046484805306,0.399054753780365,0,0,0,0,0,0,0,0,0,0,0,0,0,0,0,0,0,0,0,0,0,0,0,0,0,0,0,0.122192975133657,0.317684017717448,0,0.241673052867254,0,0,0.15915906335088,0,0,0,0
0,0,0,0,0,0,0,0,0,0,0,0,0,0,0,0,0,0,0,0,0,0,0,0,0,0,0,0,0,0,0,0.283582694159868,0.133481314236468,0.213101354118342,0.184699568592902,0.202943092070777,0,0.186242158568318,0.220813866704702,0,0,0,0,0,0,0,0,0.261173148793498,0,0.33061247405253,0,0,0,0,0,0,0,0,0,0,0,0,0,0,0,0,0,0,0,0,0,0,0,0,0.276106948360444,0.122192975133657,0,0.169360915110225,0.246106987617576,0,0.280625447164054,0,0.17629144410121,0.226130384206772,0,0,0
0,0,0,0,0,0,0,0,0,0,0,0,0,0,0,0,0,0,0,0,0,0,0,0,0,0,0,0,0,0,0,0,0.363420784473419,0.170994554080215,0.219723469239902,0,0.207956890054423,0.287689996883273,0.220602005000772,0,0,0,0,0,0,0,0,0.21618910157554,0,0,0,0,0,0,0,0,0,0,0,0,0,0,0,0,0,0,0,0,0,0,0,0,0,0,0,0.317684017717448,0.169360915110225,0,0,0.246720006951901,0.277618470788002,0.22295157150951,0.198636118943493,0,0,0,0
