0,0.263825803995132,0.162772205752244,0,0,0,0,0,0.243316744126984,0,0,0,0,0,0,0,0,0,0.319677144289017,0,0,0,0,0,0,0,0,0,0,0,0,0,0,0,0,0,0,0.386690479516983,0,0,0.287216613441706,0.364188849925995,0.296037947874489,0,0,0,0.357161200708813,0.296691462397575,0.163284069809805,0.331291252916509,0,0,0,0,0.206011500470824,0,0,0,0,0,0.195732942968607,0,0,0.373710989952087,0,0,0,0,0,0,0.32029926776886,0.290648564696312,0.352803438901901,0.279169928814684,0,0,0.330128341913223,0,0,0.395429096570829,0.343403766552607,0.282923552393913,0.19309377286771,0,0.232681639360212,0.328474491834641,0.2268340382725
0.263825803995132,0,0,0.149283975178053,0,0,0,0,0,0.151304630185368,0,0,0,0,0,0.171039335429668,0,0,0,0,0,0,0,0,0,0,0,0,0,0,0,0,0,0,0,0,0,0,0.3496493379275,0.323206178276312,0,0.244953588187025,0,0,0,0.320997035929135,0,0.301016211509705,0.305041174475963,0.165456758209449,0,0.162145238369703,0,0,0,0.225005436336269,0,0,0,0,0,0.184827599998402,0.339536023139954,0,0,0,0.246553870952792,0,0,0,0,0,0,0,0,0,0,0.32846799492836,0.355745048941793,0,0.329366594552994,0.326594194769859,0.176594321886674,0,0.207377800362483,0.143787369132042,0
0.162772205752244,0,0,0,0.116839864229793,0,0,0,0.127879866367827,0,0,0,0,0,0,0,0.267123997211456,0,0.238531606892745,0,0.169165739866152,0,0,0,0,0,0,0,0,0,0,0,0,0,0,0,0.181816262634177,0,0,0.215872132778168,0.223000677397651,0.218756198883057,0.300304246294564,0,0,0.218966081738472,0.203588977754116,0.211846470832825,0.197622384854906,0.282405147949855,0.139850097452546,0,0,0,0.158478835385804,0,0.209211109125096,0,0.20069043636322,0,0.202010378241539,0,0,0.239875212843929,0,0,0,0,0,0,0,0.3040811419487,0,0.305692605674267,0,0,0,0,0.209784895181656,0.206342336082239,0,0.258776944130659,0.1803056981128,0,0.217525201916646,0,0.230363383889198
0,0.149283975178053,0,0,0,0.128018127037929,0,0.201074987649918,0,0.125834886794505,0,0.18977644443512,0,0,0,0.140698846429586,0,0.233827412128448,0.232766861716906,0.185618771910667,0,0,0,0,0,0,0,0,0,0,0,0,0,0,0,0.138995741494,0,0,0.371850430965424,0.248951622678174,0,0.265209564868408,0,0,0,0.236780428924622,0.225628346204758,0.214334562420845,0.376471430063248,0.16304970290481,0,0.137464468833059,0,0,0,0.162939218871565,0,0.171697378123259,0,0.172392310753261,0,0.168010191784965,0.246592623740435,0,0,0,0,0,0,0,0.281517820862623,0,0.282626998610795,0,0,0,0,0,0.267203806013596,0,0.303224603872041,0.335521727800369,0.21701236752669,0,0.196261483011448,0.242230430245399,0
0,0,0.116839864229793,0,0,0,0,0,0.183300673030317,0,0.181054213394721,0,0,0,0.28620383143425,0,0,0,0.234683498740196,0,0.168641753899035,0,0,0,0,0,0,0,0,0,0,0,0,0,0,0,0.153244561300828,0,0,0.221364110708237,0.216254283674061,0,0.231053870916367,0,0,0,0.191946681588888,0.196768462657928,0.19942744865137,0,0.164847607548172,0,0,0,0.172000724822283,0,0,0,0,0,0,0,0.18775138258934,0.172316636834572,0,0,0,0,0,0,0,0,0,0,0,0,0,0,0,0.188088109095891,0,0,0.177515503305655,0.138890411704779,0.173753129155601,0,0.189241766929626
0,0,0,0.128018127037929,0,0,0,0.186214947452148,0,0.117690558912176,0,0.220014010369778,0,0,0,0.161331328749657,0,0.24016959965229,0.229918383061886,0.201355187120018,0,0,0,0,0,0,0,0,0,0,0,0,0,0,0,0.159107328951359,0,0,0,0.213517215102911,0,0.222641423344612,0,0,0,0.21049242913723,0,0,0,0.217787433415651,0,0.25344633228249,0,0.201266393065453,0,0.140565761054556,0,0.149775279419763,0,0.163682227333387,0,0.201084015890956,0.22422301620245,0,0,0,0,0,0,0,0,0,0.247698664665222,0,0,0,0,0,0.212413389721642,0,0.30702930688858,0,0.147127314949759,0,0.160623753949112,0,0
0,0,0,0,0,0,0,0,0,0,0.160467741265893,0,0,0,0,0,0,0,0,0,0.168362426845466,0,0,0,0,0,0,0,0,0,0,0,0,0,0,0,0,0,0,0,0,0,0,0,0,0,0,0,0,0,0,0,0.19180698171258,0,0,0,0.183913336135447,0,0.184613923231761,0,0,0,0,0.155813808476224,0,0,0,0,0,0,0,0,0,0,0,0,0,0,0,0,0,0,0.168137228488922,0,0,0,0
0,0,0,0.201074987649918,0,0.186214947452148,0,0,0,0,0,0,0,0.198754275838534,0,0,0,0,0,0.235674013694127,0,0,0,0,0,0,0,0,0,0,0,0,0,0,0,0.241250768303871,0,0,0,0,0,0,0,0,0,0,0,0,0,0,0,0.156840026378632,0,0.190177357622555,0,0,0,0,0,0.20255081653595,0,0,0,0,0,0,0,0,0,0,0,0,0,0,0,0,0,0,0,0,0,0,0.184541894921235,0,0.219457000494003,0,0
0.243316744126984,0,0.127879866367827,0,0.183300673030317,0,0,0,0,0,0,0,0,0,0.18439124676646,0,0.178919035622052,0,0.193819371362527,0,0,0,0,0,0,0,0.200800982117653,0,0,0,0,0,0,0,0,0,0,0.369036167860031,0.185594002240234,0,0.207185027003288,0,0.198548603186149,0,0,0,0.200686693191528,0,0.179118715847532,0,0,0,0,0,0.220197066770303,0,0.157824194431305,0,0.164008095860481,0,0.185215473175049,0,0,0,0,0,0,0.189216299870304,0,0.200314131875833,0,0,0,0,0,0,0,0,0,0.167243912816048,0,0.225147580934895,0.185531007258809,0.117719936495026,0.168029720692531,0,0.175096456789308
0,0.151304630185368,0,0.125834886794505,0,0.117690558912176,0,0,0,0,0,0,0,0,0,0.173845199674057,0.194124092658361,0.270027575285538,0.214835446369782,0,0,0,0,0.180612199008465,0,0,0,0,0,0,0,0,0,0,0,0,0,0.212900755332505,0,0,0,0.147019107360393,0,0,0,0,0,0,0,0.209706612875764,0,0.147500486488928,0,0,0,0.200462617101506,0,0,0,0,0,0.158612193378897,0,0,0,0,0.219024338065439,0,0.160712346434593,0,0,0,0,0,0,0,0,0,0,0,0.20569922235879,0,0.227045549250518,0,0.167706269051945,0,0
0,0,0,0,0.181054213394721,0,0.160467741265893,0,0,0,0,0,0.196245165914297,0,0,0,0,0,0,0,0.166292358306303,0,0,0,0,0,0,0,0.164215400194128,0,0.204170012603635,0,0,0,0,0,0.194880114934591,0,0.175109357288968,0,0,0,0,0,0,0,0,0,0,0,0,0,0,0,0,0,0.182423018512812,0,0.209318258545615,0,0,0,0,0.162020232912047,0,0,0,0,0,0,0,0.188423019199245,0,0.185824260115623,0,0,0,0,0,0.205763902059562,0,0.193981737772904,0.1603514282909,0,0.190636863311132,0,0
0,0,0,0.18977644443512,0,0.220014010369778,0,0,0,0,0,0,0,0,0,0,0,0,0,0.171408913227415,0,0,0,0,0,0,0,0,0,0,0,0,0,0,0,0.191337039055569,0,0.184078708007381,0,0,0,0,0,0,0,0,0,0,0,0,0,0.212216071784496,0,0,0,0,0,0.193102077477508,0,0,0,0,0.182660861518504,0,0,0,0,0,0,0,0,0,0.242663189768791,0,0,0,0,0,0.188796346061793,0,0.193589435728792,0,0.182736086845398,0,0.244826031743356,0,0
0,0,0,0,0,0,0,0,0,0,0.196245165914297,0,0,0,0.168558693410438,0,0,0,0,0,0,0,0,0,0,0,0,0,0.187990609142515,0,0,0,0,0,0,0,0,0,0,0,0,0,0,0,0,0,0,0,0,0,0,0,0,0,0,0,0.19613658956119,0,0.20258903689567,0,0.174577626311359,0,0,0,0,0,0,0,0,0,0,0.184776596581707,0,0,0,0,0,0,0,0,0,0,0.187155343133254,0.200347330995079,0,0,0
0,0,0,0,0,0,0,0.198754275838534,0,0,0,0,0,0,0,0.130890391767025,0,0,0,0,0,0,0,0,0,0.162903761061338,0,0,0,0,0,0,0,0,0,0,0,0,0,0,0,0,0,0,0,0,0,0,0,0,0,0,0,0.167531056063516,0,0,0,0,0,0.176131069108292,0,0.166002881239381,0,0,0,0,0,0,0.185717368870974,0,0,0,0,0,0,0,0,0,0,0,0,0,0.191777881595396,0.201505035729996,0,0,0
0,0,0,0,0.28620383143425,0,0,0,0.18439124676646,0,0,0,0.168558693410438,0,0,0,0,0,0,0,0,0,0,0,0,0,0,0,0,0,0,0,0,0,0,0,0,0,0,0,0,0,0,0,0,0,0,0,0,0,0,0,0,0,0.187837774880597,0,0,0,0.180493400629723,0,0.184197541528842,0,0,0,0,0,0,0,0,0,0,0,0,0,0,0,0,0,0,0,0,0,0.161282569169998,0,0,0,0
0,0.171039335429668,0,0.140698846429586,0,0.161331328749657,0,0,0,0.173845199674057,0,0,0,0.130890391767025,0,0,0,0,0,0,0,0,0,0,0,0.19593893289566,0,0,0,0,0,0,0,0,0,0,0,0,0,0,0,0,0,0,0,0,0,0,0,0.176222257316113,0,0.179784380597994,0,0,0,0.199113762087148,0,0,0,0.150949105367822,0,0.168547648380804,0,0,0,0,0.218246122201284,0,0.207702096551657,0,0,0,0,0,0,0,0,0,0,0,0,0,0,0,0,0,0
0,0,0.267123997211456,0,0,0,0,0,0.178919035622052,0.194124092658361,0,0,0,0,0,0,0,0.165780985253703,0.24962046758447,0,0,0,0,0,0,0,0.12341396510601,0,0,0,0,0,0,0,0,0,0,0,0,0.264300118704311,0.270432944923516,0.225538323705013,0.23810986766722,0.221662585934003,0.297958984971046,0.264027073979378,0.274861890912056,0,0.252575161782178,0.201741188764572,0,0,0,0,0.184257899721464,0,0.269262164831161,0,0,0,0,0,0.276979511976242,0.282682439933221,0,0,0,0,0,0.165159434080124,0,0,0,0.277787565588951,0,0,0,0,0.270997358141122,0.283524600500092,0.30006707045767,0.281815271505288,0.207653080234801,0.206528389544198,0.253321044657117,0,0.226995956566599
0,0,0,0.233827412128448,0,0.24016959965229,0,0,0,0.270027575285538,0,0,0,0,0,0,0.165780985253703,0,0.24842065441587,0,0,0,0,0,0,0,0,0,0,0,0,0,0,0,0,0,0,0,0,0.26865425738382,0.271174858883023,0.232916400245592,0.22699783635991,0.226704876869917,0,0.269221724287884,0.268162887423269,0.32914924621582,0.265583973377943,0.239556301523138,0,0,0,0,0,0,0,0.247472515702248,0,0,0,0,0.293505537705343,0.291429991523425,0,0,0,0,0,0,0.267186170816421,0,0.261931295196215,0.224873314301173,0,0,0,0,0.282948988759629,0.285190907824371,0.29808496666509,0.265167137814893,0.244575979977984,0.249876424670219,0.249575983539097,0.246445779617016,0.26171138882637
0.319677144289017,0,0.238531606892745,0.232766861716906,0.234683498740196,0.229918383061886,0,0,0.193819371362527,0.214835446369782,0,0,0,0,0,0,0.24962046758447,0.24842065441587,0,0,0,0,0,0,0.142077624797821,0,0,0,0,0,0,0,0,0,0.288345962762833,0,0,0,0,0.290101494335413,0.310701433397776,0.204076221801243,0.204636542251532,0.205085136351131,0.324387549791696,0.30568971421297,0.323878825069392,0.277953299880028,0.251394967292691,0.238479440082919,0.225131839513779,0,0,0,0.211441976102916,0,0.190016567707062,0.255838197469711,0,0.22644305229187,0,0,0.310466259276425,0.308032601851548,0,0,0,0,0,0,0.277198237677415,0.27983932197094,0.295970411300659,0.304347940973032,0,0,0,0.367295602957408,0.332775205489777,0.333143759304216,0.332655968357904,0.304220498549311,0.229772355819695,0.184618658416874,0.273232414197234,0.209559019789638,0.180950925437682
0,0,0,0.185618771910667,0,0.201355187120018,0,0.235674013694127,0,0,0,0.171408913227415,0,0,0,0,0,0,0,0,0,0,0,0,0,0,0,0,0,0,0,0,0,0,0,0.184065615058092,0,0.195646408688827,0,0,0,0,0,0,0,0,0,0,0,0,0,0.173714416367667,0,0,0,0.160509946090834,0,0.178575781573142,0,0,0,0.169180735945702,0.188417578727569,0,0,0,0,0,0,0,0,0,0,0,0,0,0,0,0.187029639790812,0,0.197252881625739,0,0.183608542404005,0,0.236150389418323,0,0
0,0,0.169165739866152,0,0.168641753899035,0,0.168362426845466,0,0,0,0.166292358306303,0,0,0,0,0,0,0,0,0,0,0,0,0,0,0,0,0,0,0,0,0,0,0,0,0,0.168297823243038,0,0.175784585021791,0,0,0,0,0,0,0,0,0,0,0,0.174516484818675,0,0,0,0.180512537062168,0,0.175863555073738,0,0.17967577278614,0,0.211406648159027,0,0,0.170412527476966,0,0,0,0,0,0,0,0,0,0,0,0,0,0,0,0.172004477283548,0,0.193857968054913,0.15031623197419,0,0.16873159284393,0,0
0,0,0,0,0,0,0,0,0,0,0,0,0,0,0,0,0,0,0,0,0,0,0.143045275603429,0.13897421741613,0,0,0,0.185493424366897,0,0,0,0,0,0,0,0,0,0.22005351922277,0.199387487024069,0.305317789316177,0,0.33895539244016,0,0,0,0,0,0.341811120510101,0.36466176311175,0.27068728336863,0,0,0,0,0,0,0,0.319698025782903,0,0,0,0,0.340556104977926,0,0.188352482655756,0.133544755053824,0.195968114493186,0,0.239619876657213,0,0.213318713889102,0,0.322816941354956,0,0,0,0,0.373860826094945,0,0,0.203234566175363,0.241760636369387,0.151329687733034,0.218362999351128,0.297253555194898,0.360309243202209,0
0,0,0,0,0,0,0,0,0,0,0,0,0,0,0,0,0,0,0,0,0,0.143045275603429,0,0,0.148924962142292,0,0.20151605198578,0,0.173576104759642,0,0,0,0,0,0,0,0,0.115504842941408,0.172752158935999,0,0,0,0,0,0,0,0,0,0.247244042361324,0,0,0,0,0,0,0,0,0,0,0,0,0,0,0,0.14981613851585,0.182267781136638,0,0.196628191753438,0,0.15276618323977,0,0.170221326068828,0,0,0,0,0,0,0,0,0.141085046860907,0.194765654174282,0.141075267003377,0.200619560700876,0.323941111564636,0,0
0,0,0,0,0,0,0,0,0,0.180612199008465,0,0,0,0,0,0,0,0,0,0,0,0.13897421741613,0,0,0,0.212940056073038,0,0,0,0,0,0,0,0,0,0,0,0.19564890054365,0,0,0,0,0,0,0,0,0,0,0,0.203613189955552,0,0,0,0,0,0.19198851287365,0,0,0,0,0,0,0,0,0.210468624102867,0,0.207734919737938,0,0.205366991686099,0,0,0,0,0,0,0,0,0,0,0,0.2018091948358,0,0.148847133346966,0,0.250825925833649,0,0
0,0,0,0,0,0,0,0,0,0,0,0,0,0,0,0,0,0,0.142077624797821,0,0,0,0.148924962142292,0,0,0,0.20056671911562,0,0,0,0,0,0,0,0,0,0,0,0.163569181250292,0,0,0,0.138882485032082,0,0,0,0,0.371744334697723,0.240626816948255,0,0,0,0,0,0,0,0,0,0,0,0,0,0,0,0,0.155812633152191,0,0.162925232251485,0,0.193604894659736,0,0,0,0,0,0,0,0.240262895822525,0,0,0,0.214085670041123,0.140289430859788,0,0.280800454995849,0,0.128249395638704
0,0,0,0,0,0,0,0,0,0,0,0,0,0.162903761061338,0,0.19593893289566,0,0,0,0,0,0,0,0.212940056073038,0,0,0,0.156900442459367,0,0,0,0,0,0,0,0,0,0,0,0,0,0,0,0,0,0,0,0,0,0,0,0,0,0,0,0.190975139538447,0,0,0,0.150516092777252,0,0,0,0,0,0,0.199576802551746,0,0.148672910251965,0,0.190863404955183,0,0,0,0,0,0,0,0,0,0,0,0,0,0,0,0
0,0,0,0,0,0,0,0,0.200800982117653,0,0,0,0,0,0,0,0.12341396510601,0,0,0,0,0,0.20151605198578,0,0.20056671911562,0,0,0,0.174402788281441,0,0,0,0,0,0,0,0,0,0,0,0,0,0,0,0,0,0,0,0,0,0,0,0,0,0.188462796310584,0,0,0,0,0,0,0,0,0,0,0.224896695997034,0,0.206591258672151,0,0.157994301880107,0,0,0,0,0,0,0,0,0,0,0,0,0.143801108002663,0,0,0,0
0,0,0,0,0,0,0,0,0,0,0,0,0,0,0,0,0,0,0,0,0,0.185493424366897,0,0,0,0.156900442459367,0,0,0,0.193854938886592,0,0,0,0,0,0,0,0.171803489066007,0,0,0,0,0,0,0,0,0,0,0,0,0,0,0,0,0,0,0,0,0,0,0,0,0,0,0.196196363568306,0,0,0,0.173773124814034,0,0.190395388763876,0,0.191037849994267,0,0,0,0,0,0,0,0.191222730523615,0,0.194970527711587,0.221138026774599,0,0,0
0,0,0,0,0,0,0,0,0,0,0.164215400194128,0,0.187990609142515,0,0,0,0,0,0,0,0,0,0.173576104759642,0,0,0,0.174402788281441,0,0,0,0.177028468928554,0,0,0,0,0,0,0,0.164008894531997,0,0,0,0,0,0,0,0,0,0,0,0,0,0,0,0,0,0,0,0.150140555658538,0,0,0,0,0,0,0.150344467498887,0,0,0,0.157018498695911,0,0.184829000999343,0,0.194952019304037,0,0,0,0,0,0,0,0.16995507851243,0.170497595130101,0.187442379665899,0,0,0
0,0,0,0,0,0,0,0,0,0,0,0,0,0,0,0,0,0,0,0,0,0,0,0,0,0,0,0.193854938886592,0,0,0,0,0,0,0,0,0,0.218676628669103,0,0,0,0,0,0,0,0,0,0,0,0,0,0,0,0,0,0,0,0.19274078309536,0,0,0,0,0,0,0,0,0,0,0,0,0.205108189371211,0,0.183180445393959,0,0,0,0,0,0,0,0.190748956770851,0,0.210520759224892,0,0,0,0
0,0,0,0,0,0,0,0,0,0,0.204170012603635,0,0,0,0,0,0,0,0,0,0,0,0,0,0,0,0,0,0.177028468928554,0,0,0,0,0,0,0,0,0,0.171112706870523,0,0,0,0,0,0,0,0,0,0,0,0,0,0,0,0,0,0.169582429413612,0,0,0,0,0,0,0,0,0,0,0,0,0,0,0.19641379894869,0,0.190369451598461,0,0,0,0,0,0,0,0.203161774203181,0.187125831842422,0,0,0,0
0,0,0,0,0,0,0,0,0,0,0,0,0,0,0,0,0,0,0,0,0,0,0,0,0,0,0,0,0,0,0,0,0.176177896694858,0.324811399042133,0.286495845426213,0.178414590307511,0.240813662672972,0,0,0,0,0,0,0,0,0,0,0.345457299474147,0,0,0,0,0,0,0,0,0,0,0,0,0,0,0,0,0,0,0,0,0,0,0,0,0,0,0.29542383993008,0.194093624556123,0.293805656828014,0.24714543769757,0.327286339692415,0.289843511044002,0.305371921686899,0.373429828882217,0.194751882060306,0,0,0,0
0,0,0,0,0,0,0,0,0,0,0,0,0,0,0,0,0,0,0,0,0,0,0,0,0,0,0,0,0,0,0,0.176177896694858,0,0.285440305868785,0.270940895938097,0.190981425344944,0.155749825591391,0,0,0,0,0,0,0,0,0,0,0.355113640248776,0,0,0,0,0,0,0,0,0,0,0,0,0,0,0,0,0,0,0,0,0,0,0,0,0,0,0.174793010383534,0.280653525584977,0.266225469546228,0.23026771552445,0.313720297153023,0.271643867645203,0.292986944317818,0.343624383211136,0.208862275362015,0.198154926300049,0,0,0
0,0,0,0,0,0,0,0,0,0,0,0,0,0,0,0,0,0,0,0,0,0,0,0,0,0,0,0,0,0,0,0.324811399042133,0.285440305868785,0,0.19674660463404,0.187891801904934,0,0.181961559423126,0.309280175480757,0,0,0,0,0,0,0,0,0.372413097221257,0.564967984572435,0.304371072186364,0,0,0,0,0,0,0,0,0,0,0,0,0,0,0,0.456165611743927,0,0,0,0,0,0,0,0,0.313109263527293,0.283880584344671,0.23184325726147,0.218393470656229,0.287391076808286,0.283619595567385,0.234856518480914,0.350028116584701,0.211708730998844,0.25007632188499,0.435857281088829,0,0
0,0,0,0,0,0,0,0,0,0,0,0,0,0,0,0,0,0,0.288345962762833,0,0,0,0,0,0,0,0,0,0,0,0,0.286495845426213,0.270940895938097,0.19674660463404,0,0,0.167917507561914,0.236848708166152,0.252930661328405,0.300119161605835,0,0.35834176838398,0,0,0,0,0,0.295880335311915,0.346545115113258,0.396348501245181,0,0,0,0,0,0,0,0.290127903223038,0,0,0,0,0.381295174360275,0,0,0,0,0,0,0,0,0,0.458616554737091,0,0.164272968258177,0.306136848628521,0.217051415364459,0.243275153047982,0.289010706543922,0.273349179351557,0.26504283685885,0.296953879235876,0.193189939174705,0.228133022785187,0.359417155385017,0.345957517623901,0
0,0,0,0.138995741494,0,0.159107328951359,0,0.241250768303871,0,0,0,0.191337039055569,0,0,0,0,0,0,0,0.184065615058092,0,0,0,0,0,0,0,0,0,0,0,0.178414590307511,0.190981425344944,0.187891801904934,0,0,0.195116681065352,0.149835862021967,0,0.206678840315948,0,0.236093863844872,0,0,0,0,0,0.432964950364236,0.230259620717594,0.197898370879037,0,0.142864459753036,0,0,0,0.140424996614456,0,0.146411854028702,0,0,0,0,0.1731500730089,0,0,0,0,0,0,0,0,0,0,0,0.146964124358091,0.165846422314644,0.191374380952295,0,0.192994047016552,0.257932986389523,0.145438276736413,0,0.167262433307828,0.190122116593956,0.193407171866396,0,0
0,0,0.181816262634177,0,0.153244561300828,0,0,0,0,0,0.194880114934591,0,0,0,0,0,0,0,0,0,0.168297823243038,0,0,0,0,0,0,0,0,0,0,0.240813662672972,0.155749825591391,0,0.167917507561914,0.195116681065352,0,0,0.156531810739773,0,0,0,0,0,0,0,0,0.432082864212925,0.201955704018474,0.24276215210557,0.169947541422314,0,0,0,0.175897783703274,0,0.188510394758648,0,0.19460691511631,0,0,0,0,0.172937287948306,0,0,0,0,0,0,0,0,0,0,0.158775772068363,0.184922835230827,0,0.196652534462157,0.180453851117813,0.184418876404711,0,0.178739469498396,0.167954564891793,0.283950597847868,0.181175305256768,0,0
0.386690479516983,0,0,0,0,0,0,0,0.369036167860031,0.212900755332505,0,0.184078708007381,0,0,0,0,0,0,0,0.195646408688827,0,0.22005351922277,0.115504842941408,0.19564890054365,0,0,0,0.171803489066007,0,0.218676628669103,0,0,0,0.181961559423126,0.236848708166152,0.149835862021967,0,0,0.223852832623017,0,0,0.223657738130826,0,0,0,0,0,0.578893547818849,0.534421555697918,0.318036269176344,0,0,0,0,0,0.235664010047913,0,0.193496102982379,0,0,0,0,0.194297081877663,0,0.199039270862555,0.107322389429266,0.314290744074061,0,0,0,0.236870934397487,0,0.221119145552317,0,0,0,0.177997940698185,0.336724013090134,0.170703646362665,0,0.229087729022491,0.251132486813321,0.183723231700811,0.24497729232571,0.302985957048593,0,0
0,0.3496493379275,0,0.371850430965424,0,0,0,0,0.185594002240234,0,0.175109357288968,0,0,0,0,0,0,0,0,0,0.175784585021791,0.199387487024069,0.172752158935999,0,0.163569181250292,0,0,0,0.164008894531997,0,0.171112706870523,0,0,0.309280175480757,0.252930661328405,0,0.156531810739773,0.223852832623017,0,0,0,0.382643647491932,0.230025342682424,0,0,0,0,0.57348315918978,0.289536580903295,0.536502375274666,0,0,0,0,0.174406703561544,0,0.185110524134287,0,0,0,0,0,0,0.190756403295796,0.139105060696602,0.186524287739465,0,0.267138029104226,0,0,0,0.163722149987038,0.433587431907654,0.17440228798288,0,0,0.279230548228536,0.203113838460795,0,0.158659388227556,0.197665795205481,0.236439763093128,0.199996010061792,0.25448743160814,0.422076995304373,0,0
0,0.323206178276312,0.215872132778168,0.248951622678174,0.221364110708237,0.213517215102911,0,0,0,0,0,0,0,0,0,0,0.264300118704311,0.26865425738382,0.290101494335413,0,0,0.305317789316177,0,0,0,0,0,0,0,0,0,0,0,0,0.300119161605835,0.206678840315948,0,0,0,0,0.219483668605487,0.231573393123198,0.246649112552404,0.244045536220074,0,0.229061013933363,0.229532247781754,0.241643050696418,0.220127418637276,0.203190164669764,0.196549743413925,0.249392427504063,0,0,0.20927657186985,0.209709333521979,0.206647574901581,0.236147932211558,0,0.213730350136757,0,0.213593870401382,0.255555595205745,0.218705952167511,0.296843945980072,0,0,0,0,0,0.267899713732979,0,0.265389184182396,0,0,0,0,0.281448689103127,0.217881672420704,0.228495205938816,0.253200464079294,0.310014423998919,0.322365757636156,0,0.254364654399813,0.257007485146032,0
0.287216613441706,0,0.223000677397651,0,0.216254283674061,0,0,0,0.207185027003288,0,0,0,0,0,0,0,0.270432944923516,0.271174858883023,0.310701433397776,0,0,0,0,0,0,0,0,0,0,0,0,0,0,0,0,0,0,0,0,0.219483668605487,0,0.230123322457075,0.231840465298463,0.270587116479874,0.321368244787057,0,0.260886660118137,0.192588262426144,0.193255031157252,0.193640999495983,0.209347385913134,0,0,0,0.218859909102321,0,0.236855740157458,0,0.220446735620499,0,0.20975406893662,0,0,0.214564428702878,0,0,0,0,0,0,0,0.267816409468651,0,0.256551619901739,0,0,0,0,0.226429842412472,0.224641089315382,0,0.232779203062774,0.312468734517526,0,0.249236822940161,0,0.237678051546768
0.364188849925995,0.244953588187025,0.218756198883057,0.265209564868408,0,0.222641423344612,0,0,0,0.147019107360393,0,0,0,0,0,0,0.225538323705013,0.232916400245592,0.204076221801243,0,0,0.33895539244016,0,0,0,0,0,0,0,0,0,0,0,0,0.35834176838398,0.236093863844872,0,0.223657738130826,0.382643647491932,0.231573393123198,0.230123322457075,0,0.211641738073783,0.184702924556202,0,0.242462611373733,0.211915375930922,0.330043307552903,0.368530627001416,0.284202427270777,0,0.237775509556135,0,0,0,0.220201253890991,0,0.324821284170615,0,0.224925626069307,0,0.237578965723515,0.295228899865672,0,0.319540083408356,0,0,0,0,0,0.334558068960905,0,0.338150616643195,0,0,0,0,0.361734066009521,0.262365901292192,0.2148344533311,0.324099940045261,0.375403778119521,0.242888205283289,0,0.263078489804575,0.246698574018806,0.188345119357109
0.296037947874489,0,0.300304246294564,0,0.231053870916367,0,0,0,0.198548603186149,0,0,0,0,0,0,0,0.23810986766722,0.22699783635991,0.204636542251532,0,0,0,0,0,0.138882485032082,0,0,0,0,0,0,0,0,0,0,0,0,0,0.230025342682424,0.246649112552404,0.231840465298463,0.211641738073783,0,0.220533065497875,0,0,0.23025075268526,0.344544125795364,0.290803027585326,0.394400522112846,0.218836444947455,0,0,0,0.214682374356521,0,0.302695166319609,0,0.238603867590427,0,0.217644105354945,0,0,0.280944143540293,0,0,0,0.132021543052461,0,0,0,0.32529293636481,0,0.317780336473895,0,0,0,0,0.267101466655731,0.235344775415983,0.316948339343071,0.270928011647814,0.258359425692241,0,0.277696054189737,0,0.221018883740979
0,0,0,0,0,0,0,0,0,0,0,0,0,0,0,0,0.221662585934003,0.226704876869917,0.205085136351131,0,0,0,0,0,0,0,0,0,0,0,0,0,0,0,0,0,0,0,0,0.244045536220074,0.270587116479874,0.184702924556202,0.220533065497875,0,0,0.238710269331932,0,0,0,0.216706216335297,0,0,0,0,0,0,0,0,0,0,0,0,0.288064025342464,0,0,0,0,0,0,0,0,0,0,0,0,0,0,0,0.258295877864867,0,0.279446949561437,0,0.181368092695872,0,0.228719788902211,0.256797328591347,0
0,0,0,0,0,0,0,0,0,0,0,0,0,0,0,0,0.297958984971046,0,0.324387549791696,0,0,0,0,0,0,0,0,0,0,0,0,0,0,0,0,0,0,0,0,0,0.321368244787057,0,0,0,0,0,0.289997564894812,0,0.258353278040886,0,0,0,0,0,0,0,0,0,0,0,0,0,0,0.303661152720451,0,0,0,0,0,0,0,0,0,0.419589319954748,0,0,0,0,0,0.454000635748416,0,0.48118079862287,0.252583563327789,0,0.461218161821365,0,0.433633804321289
0,0.320997035929135,0.218966081738472,0.236780428924622,0,0.21049242913723,0,0,0,0,0,0,0,0,0,0,0.264027073979378,0.269221724287884,0.30568971421297,0,0,0,0,0,0,0,0,0,0,0,0,0,0,0,0,0,0,0,0,0.229061013933363,0,0.242462611373733,0,0.238710269331932,0,0,0,0.21790641049544,0.215952537953854,0.217862966432737,0.202611841261387,0,0,0,0.1890729367733,0.201870404183865,0.211443677544594,0.220355941490694,0,0.211584250132243,0,0,0.211134032722105,0,0,0,0,0,0,0,0.277400947668973,0,0.283000559969382,0,0,0,0,0.345939993858337,0.2297810821382,0.250946398824453,0.29079476922944,0.345056489109993,0.310902789235115,0,0.222982670236462,0.250864083568255,0.212605521082878
0.357161200708813,0,0.203588977754116,0.225628346204758,0.191946681588888,0,0,0,0.200686693191528,0,0,0,0,0,0,0,0.274861890912056,0.268162887423269,0.323878825069392,0,0,0,0,0,0,0,0,0,0,0,0,0,0,0,0,0,0,0,0,0.229532247781754,0.260886660118137,0.211915375930922,0.23025075268526,0,0.289997564894812,0,0,0.2067881077528,0.23386649787426,0,0.186440110206604,0,0,0,0.208546202916365,0,0.223605891553367,0,0.204888314008713,0,0.204105027019978,0,0,0.217149334338372,0,0,0,0,0,0,0,0.269904844462872,0.265569567680359,0.276192723288516,0,0,0,0,0.244612798094749,0.243198912757968,0.279061247905095,0.297059096167424,0.337359928460027,0,0.257030367514854,0,0.231203502416611
0.296691462397575,0.301016211509705,0.211846470832825,0.214334562420845,0.196768462657928,0,0,0,0,0,0,0,0,0,0,0,0,0.32914924621582,0.277953299880028,0,0,0.341811120510101,0,0,0.371744334697723,0,0,0,0,0,0,0.345457299474147,0.355113640248776,0.372413097221257,0.295880335311915,0.432964950364236,0.432082864212925,0.578893547818849,0.57348315918978,0.241643050696418,0.192588262426144,0.330043307552903,0.344544125795364,0,0,0.21790641049544,0.2067881077528,0,0.37775705498658,0.413364216439364,0.214803750316302,0,0,0,0.201809570193291,0,0.181920051574707,0.352659559249878,0,0,0,0,0.384610233483491,0.229126527905464,0.340021103620529,0.387905776500702,0,0.411143104235331,0,0,0.416589140892029,0,0.377996461590131,0.286324590444565,0.318980812036633,0.334391900446726,0.318209201127683,0.328325261952812,0.388560222327442,0.400533753858689,0.403078519258172,0.427494748844006,0.344542309349658,0.236866628815388,0.473145681036422,0.331414901397445,0
0.163284069809805,0.305041174475963,0.197622384854906,0.376471430063248,0.19942744865137,0,0,0,0.179118715847532,0,0,0,0,0,0,0,0.252575161782178,0.265583973377943,0.251394967292691,0,0,0.36466176311175,0.247244042361324,0,0.240626816948255,0,0,0,0,0,0,0,0,0.564967984572435,0.346545115113258,0.230259620717594,0.201955704018474,0.534421555697918,0.289536580903295,0.220127418637276,0.193255031157252,0.368530627001416,0.290803027585326,0,0.258353278040886,0.215952537953854,0.23386649787426,0.37775705498658,0,0.409115962408207,0.19665735371803,0,0,0,0.183099356261974,0,0.251886411146684,0,0.224160080154737,0,0.189429823309183,0,0.401642086605231,0.283474160692631,0.346967031558355,0.236394520711016,0,0.276288833626559,0,0.288580413375582,0.308839390675227,0.300815914050242,0.385500001410643,0.292583556528445,0,0,0.480057958422638,0.353822335600853,0.197930678047917,0.1876658822647,0.452637887559831,0.282509751635276,0.300030710312053,0,0.273498428787296,0.379045337438583,0.307873455917134
0.331291252916509,0.165456758209449,0.282405147949855,0.16304970290481,0,0.217787433415651,0,0,0,0.209706612875764,0,0,0,0,0,0.176222257316113,0.201741188764572,0.239556301523138,0.238479440082919,0,0,0.27068728336863,0,0.203613189955552,0,0,0,0,0,0,0,0,0,0.304371072186364,0.396348501245181,0.197898370879037,0.24276215210557,0.318036269176344,0.536502375274666,0.203190164669764,0.193640999495983,0.284202427270777,0.394400522112846,0.216706216335297,0,0.217862966432737,0,0.413364216439364,0.409115962408207,0,0,0.228126898407936,0,0,0,0.209298242092133,0.222077593207359,0.316414566813631,0,0.234781391918659,0,0.197636499149459,0.2945758695001,0,0.256496336899306,0.369917005300522,0.242783249359098,0.462192177772522,0,0,0.287830476134693,0,0.270429878011009,0.289730966091156,0,0,0.355580702424049,0.445655161484343,0.212854156647199,0.230915283411741,0.304664622804326,0.434527271931681,0.318538227149899,0,0.275385439090606,0.265779245396455,0
0,0,0.139850097452546,0,0.164847607548172,0,0,0,0,0,0,0,0,0,0,0,0,0,0.225131839513779,0,0.174516484818675,0,0,0,0,0,0,0,0,0,0,0,0,0,0,0,0.169947541422314,0,0,0.196549743413925,0.209347385913134,0,0.218836444947455,0,0,0.202611841261387,0.186440110206604,0.214803750316302,0.19665735371803,0,0,0,0,0,0.184939374526342,0,0,0,0,0,0,0,0,0.216167370186133,0,0,0,0,0,0,0,0,0,0,0,0,0,0,0.183941066265106,0.199071516996713,0,0,0.178127138978905,0,0.182230213500616,0,0
0,0.162145238369703,0,0.137464468833059,0,0.25344633228249,0,0.156840026378632,0,0.147500486488928,0,0.212216071784496,0,0,0,0.179784380597994,0,0,0,0.173714416367667,0,0,0,0,0,0,0,0,0,0,0,0,0,0,0,0.142864459753036,0,0,0,0.249392427504063,0,0.237775509556135,0,0,0,0,0,0,0,0.228126898407936,0,0,0,0.21111473441124,0,0.160342934727669,0,0.148729519546032,0,0.141499003767967,0,0.198164204902509,0.163390984137853,0,0.287715792655945,0,0,0,0,0,0,0,0,0,0,0,0,0,0.168027192354202,0,0,0,0.164926586051782,0,0.160194518161006,0,0
0,0,0,0,0,0,0.19180698171258,0,0,0,0,0,0,0,0,0,0,0,0,0,0,0,0,0,0,0,0,0,0,0,0,0,0,0,0,0,0,0,0,0,0,0,0,0,0,0,0,0,0,0,0,0,0,0,0,0,0.170736372470856,0,0,0,0,0,0,0,0,0,0,0,0,0,0,0,0,0,0,0,0,0,0,0,0,0,0.182715207338333,0,0,0,0
0,0,0,0,0,0.201266393065453,0,0.190177357622555,0,0,0,0,0,0.167531056063516,0,0,0,0,0,0,0,0,0,0,0,0,0,0,0,0,0,0,0,0,0,0,0,0,0,0,0,0,0,0,0,0,0,0,0,0,0,0.21111473441124,0,0,0,0,0,0,0,0,0,0,0,0,0,0,0,0,0,0,0,0,0,0,0,0,0,0,0,0,0,0,0.188966758549213,0,0,0,0
0.206011500470824,0,0.158478835385804,0,0.172000724822283,0,0,0,0.220197066770303,0,0,0,0,0,0.187837774880597,0,0.184257899721464,0,0.211441976102916,0,0.180512537062168,0,0,0,0,0,0.188462796310584,0,0,0,0,0,0,0,0,0,0.175897783703274,0,0.174406703561544,0.20927657186985,0.218859909102321,0,0.214682374356521,0,0,0.1890729367733,0.208546202916365,0.201809570193291,0.183099356261974,0,0.184939374526342,0,0,0,0,0,0.189180806279182,0,0.198421642184258,0,0.19219900526896,0,0,0.204635762742587,0,0,0,0.242646079576692,0,0.189994965990384,0,0,0,0,0,0,0,0,0.211045622825623,0.196431722062138,0,0.214586599005593,0.187781361999308,0,0.222861582828141,0,0.131886193156242
0,0.225005436336269,0,0.162939218871565,0,0.140565761054556,0,0,0,0.200462617101506,0,0,0,0,0,0.199113762087148,0,0,0,0.160509946090834,0,0,0,0.19198851287365,0,0.190975139538447,0,0,0,0,0,0,0,0,0,0.140424996614456,0,0.235664010047913,0,0.209709333521979,0,0.220201253890991,0,0,0,0.201870404183865,0,0,0,0.209298242092133,0,0.160342934727669,0,0,0,0,0,0.145338583737612,0,0.142731696367264,0,0.219525665412558,0,0,0,0,0.253059083922551,0,0.179253064095974,0,0.266458749771118,0,0,0,0,0,0,0,0.201718091964722,0,0.269266121766784,0,0.178905417770147,0,0.250285894296971,0.226277068257332,0
0,0,0.209211109125096,0,0,0,0.183913336135447,0,0.157824194431305,0,0.182423018512812,0,0.19613658956119,0,0,0,0.269262164831161,0,0.190016567707062,0,0.175863555073738,0,0,0,0,0,0,0,0,0,0.169582429413612,0,0,0,0,0,0.188510394758648,0,0.185110524134287,0.206647574901581,0.236855740157458,0,0.302695166319609,0,0,0.211443677544594,0.223605891553367,0.181920051574707,0.251886411146684,0.222077593207359,0,0,0.170736372470856,0,0.189180806279182,0,0,0,0.22468271330975,0,0.272323810391956,0,0,0.284619303564951,0,0,0,0,0,0,0,0.366280246864666,0,0.333140770242662,0,0,0,0,0.210926279425621,0.232639817266088,0,0.198063324233492,0.182342223159568,0.226689184705416,0.291799080678045,0,0.354398839175701
0,0,0,0.171697378123259,0,0.149775279419763,0,0,0,0,0,0.193102077477508,0,0,0,0,0,0.247472515702248,0.255838197469711,0.178575781573142,0,0.319698025782903,0,0,0,0,0,0,0,0.19274078309536,0,0,0,0,0.290127903223038,0.146411854028702,0,0.193496102982379,0,0.236147932211558,0,0.324821284170615,0,0,0,0.220355941490694,0,0.352659559249878,0,0.316414566813631,0,0.148729519546032,0,0,0,0.145338583737612,0,0,0,0.224033086676075,0,0.173647357523441,0.305493964166539,0,0.326875180006027,0,0,0,0,0,0.364013217763814,0,0.339572372430831,0,0,0,0,0.403357009092967,0.216109598676364,0,0.328750501938361,0.392698183655739,0.198351125734357,0,0.2585061703001,0.305587129460441,0
0,0,0.20069043636322,0,0,0,0.184613923231761,0,0.164008095860481,0,0.209318258545615,0,0.20258903689567,0,0.180493400629723,0,0,0,0,0,0.17967577278614,0,0,0,0,0,0,0,0.150140555658538,0,0,0,0,0,0,0,0.19460691511631,0,0,0,0.220446735620499,0,0.238603867590427,0,0,0,0.204888314008713,0,0.224160080154737,0,0,0,0,0,0.198421642184258,0,0.22468271330975,0,0,0,0.199172998349536,0,0,0.239939669147134,0,0,0,0,0,0,0,0.179981363671167,0,0,0,0,0,0,0,0.21929251216352,0,0,0.198611782201101,0.205939444334905,0.227867540789814,0,0
0,0,0,0.172392310753261,0,0.163682227333387,0,0.20255081653595,0,0,0,0,0,0.176131069108292,0,0.150949105367822,0,0,0.22644305229187,0,0,0,0,0,0,0.150516092777252,0,0,0,0,0,0,0,0,0,0,0,0,0,0.213730350136757,0,0.224925626069307,0,0,0,0.211584250132243,0,0,0,0.234781391918659,0,0.141499003767967,0,0,0,0.142731696367264,0,0.224033086676075,0,0,0,0.196422878549591,0.227202659845352,0,0,0,0,0,0,0,0,0,0.288547074794769,0,0,0,0,0,0.218075446784496,0,0,0,0.163515101269107,0.192406511285253,0.190973002281222,0.248298615217209,0
0.195732942968607,0,0.202010378241539,0,0,0,0,0,0.185215473175049,0,0,0,0.174577626311359,0,0.184197541528842,0,0,0,0,0,0.211406648159027,0,0,0,0,0,0,0,0,0,0,0,0,0,0,0,0,0,0,0,0.20975406893662,0,0.217644105354945,0,0,0,0.204105027019978,0,0.189429823309183,0,0,0,0,0,0.19219900526896,0,0.272323810391956,0,0.199172998349536,0,0,0,0,0.235951609909534,0,0,0,0,0,0,0,0,0,0,0,0,0,0,0,0.212032522119227,0,0,0.188254886203342,0,0.220630530653329,0,0.238868176937103
0,0.184827599998402,0,0.168010191784965,0,0.201084015890956,0,0,0,0.158612193378897,0,0,0,0.166002881239381,0,0.168547648380804,0,0,0,0.169180735945702,0,0,0,0,0,0,0,0,0,0,0,0,0,0,0,0,0,0,0,0.213593870401382,0,0.237578965723515,0,0,0,0,0,0,0,0.197636499149459,0,0.198164204902509,0,0,0,0.219525665412558,0,0.173647357523441,0,0.196422878549591,0,0,0.206816732883453,0,0,0,0.247744447975883,0,0,0,0,0,0.290585234761238,0,0,0,0,0,0.192894220352173,0,0.298304865757624,0,0.178096123039722,0,0.210914865568064,0,0
0,0.339536023139954,0,0.246592623740435,0.18775138258934,0.22422301620245,0,0,0,0,0,0.182660861518504,0,0,0,0,0.276979511976242,0.293505537705343,0.310466259276425,0.188417578727569,0,0.340556104977926,0,0,0,0,0,0,0,0,0,0,0,0,0.381295174360275,0.1731500730089,0,0.194297081877663,0,0.255555595205745,0,0.295228899865672,0,0.288064025342464,0,0.211134032722105,0,0.384610233483491,0.401642086605231,0.2945758695001,0,0.163390984137853,0,0,0,0,0,0.305493964166539,0,0.227202659845352,0,0.206816732883453,0,0,0.338526864846547,0,0,0,0,0,0.339656779879615,0,0.359428390214659,0,0,0,0.349254757165909,0.408659011125565,0.245163140512755,0.21541702747345,0.339855403215447,0.409467480331659,0.187354273110066,0,0.284842162715327,0.296041291069101,0
0.373710989952087,0,0.239875212843929,0,0.172316636834572,0,0.155813808476224,0,0,0,0.162020232912047,0,0,0,0,0,0.282682439933221,0.291429991523425,0.308032601851548,0,0.170412527476966,0,0,0,0,0,0,0,0,0,0,0,0,0,0,0,0.172937287948306,0,0.190756403295796,0.218705952167511,0.214564428702878,0,0.280944143540293,0,0.303661152720451,0,0.217149334338372,0.229126527905464,0.283474160692631,0,0.216167370186133,0,0,0,0.204635762742587,0,0.284619303564951,0,0.239939669147134,0,0.235951609909534,0,0,0,0,0,0,0,0,0,0,0.317541051602018,0,0.334161122287123,0,0,0,0,0,0.251748351235221,0,0.291834306174831,0.218552386887917,0,0.260586675359797,0,0.271016877889633
0,0,0,0,0,0,0,0,0,0,0,0,0,0,0,0,0,0,0,0,0,0.188352482655756,0.14981613851585,0.210468624102867,0,0,0,0.196196363568306,0,0,0,0,0,0,0,0,0,0.199039270862555,0.139105060696602,0.296843945980072,0,0.319540083408356,0,0,0,0,0,0.340021103620529,0.346967031558355,0.256496336899306,0,0.287715792655945,0,0,0,0,0,0.326875180006027,0,0,0,0,0.338526864846547,0,0,0.15954540424449,0.217130263149738,0,0.264347995681863,0,0.218937665082999,0,0.313551019219791,0,0,0,0,0,0,0,0.221449412603513,0.187395972284404,0.160017193372398,0.200708090897031,0.327722978591919,0,0
0,0,0,0,0,0,0,0,0,0,0,0,0,0,0,0,0,0,0,0,0,0.133544755053824,0.182267781136638,0,0.155812633152191,0,0.224896695997034,0,0.150344467498887,0,0,0,0,0.456165611743927,0,0,0,0.107322389429266,0.186524287739465,0,0,0,0,0,0,0,0,0.387905776500702,0.236394520711016,0.369917005300522,0,0,0,0,0,0,0,0,0,0,0,0,0,0,0.15954540424449,0,0,0.205746325286659,0,0.214511897977655,0,0.192692140738169,0,0,0,0,0,0,0,0,0.143650472164154,0.224336224771492,0.164995923241349,0.19846838414669,0,0,0
0,0.246553870952792,0,0,0,0,0,0,0,0.219024338065439,0,0,0,0,0,0.218246122201284,0,0,0,0,0,0.195968114493186,0,0.207734919737938,0,0.199576802551746,0,0,0,0,0,0,0,0,0,0,0,0.314290744074061,0,0,0,0,0,0,0,0,0,0,0,0.242783249359098,0,0,0,0,0,0.253059083922551,0,0,0,0,0,0.247744447975883,0,0,0.217130263149738,0,0,0,0.182239716251691,0,0,0,0,0,0,0,0,0,0,0,0.325853462781333,0,0.16898903089393,0,0.363722940094222,0,0
0,0,0,0,0,0,0,0,0.189216299870304,0,0,0,0,0,0,0,0,0,0,0,0,0,0.196628191753438,0,0.162925232251485,0,0.206591258672151,0,0,0,0,0,0,0,0,0,0,0,0.267138029104226,0,0,0,0.132021543052461,0,0,0,0,0.411143104235331,0.276288833626559,0.462192177772522,0,0,0,0,0.242646079576692,0,0,0,0,0,0,0,0,0,0,0.205746325286659,0,0,0,0.204639806466944,0,0,0,0,0,0,0,0,0,0,0,0.297515003646121,0.158652555804683,0,0.307576524663945,0,0.128820113837719
0,0,0,0,0,0,0,0,0,0.160712346434593,0,0,0,0.185717368870974,0,0.207702096551657,0,0,0,0,0,0.239619876657213,0,0.205366991686099,0,0.148672910251965,0,0.173773124814034,0,0,0,0,0,0,0,0,0,0,0,0,0,0,0,0,0,0,0,0,0,0,0,0,0,0,0,0.179253064095974,0,0,0,0,0,0,0,0,0.264347995681863,0,0.182239716251691,0,0,0,0.254731806580857,0,0,0,0,0,0,0,0,0,0,0,0,0,0,0,0
0,0,0,0,0,0,0,0,0.200314131875833,0,0,0,0,0,0,0,0.165159434080124,0,0,0,0,0,0.15276618323977,0,0.193604894659736,0,0.157994301880107,0,0.157018498695911,0,0,0,0,0,0,0,0,0,0,0,0,0,0,0,0,0,0,0,0.288580413375582,0,0,0,0,0,0.189994965990384,0,0,0,0,0,0,0,0,0,0,0.214511897977655,0,0.204639806466944,0,0,0,0.168351311096922,0,0,0,0,0,0,0,0,0,0,0.169458339160139,0,0,0,0
0.32029926776886,0,0,0.281517820862623,0,0,0,0,0,0,0,0,0,0,0,0,0,0.267186170816421,0.277198237677415,0,0,0.213318713889102,0,0,0,0.190863404955183,0,0.190395388763876,0,0.205108189371211,0,0,0,0,0,0,0,0.236870934397487,0,0.267899713732979,0,0.334558068960905,0,0,0,0.277400947668973,0,0.416589140892029,0.308839390675227,0.287830476134693,0,0,0,0,0,0.266458749771118,0,0.364013217763814,0,0,0,0,0.339656779879615,0,0.218937665082999,0,0,0,0.254731806580857,0,0,0,0.317067381810914,0,0,0,0,0.365210980176926,0.270409706566069,0,0.290597370373989,0.381886869668961,0.191684983831515,0.189239602522983,0.337989347237276,0.348441556096077,0
0.290648564696312,0,0.3040811419487,0,0,0,0,0,0,0,0.188423019199245,0,0.184776596581707,0,0,0,0,0,0.27983932197094,0,0,0,0.170221326068828,0,0,0,0,0,0.184829000999343,0,0.19641379894869,0,0,0,0,0,0,0,0.163722149987038,0,0.267816409468651,0,0.32529293636481,0,0,0,0.269904844462872,0,0.300815914050242,0,0,0,0,0,0,0,0.366280246864666,0,0.179981363671167,0,0,0,0,0.317541051602018,0,0.192692140738169,0,0,0,0.168351311096922,0,0,0,0.329790583563067,0,0,0,0,0,0.266066670417786,0,0.318257766908833,0.183884253525465,0.185838565923447,0.34370264719392,0,0.336013594399328
0.352803438901901,0,0,0.282626998610795,0,0.247698664665222,0,0,0,0,0,0.242663189768791,0,0,0,0,0,0.261931295196215,0.295970411300659,0,0,0.322816941354956,0,0,0,0,0,0.191037849994267,0,0.183180445393959,0,0,0,0,0.458616554737091,0,0,0.221119145552317,0.433587431907654,0.265389184182396,0,0.338150616643195,0,0,0,0.283000559969382,0.265569567680359,0.377996461590131,0.385500001410643,0.270429878011009,0,0,0,0,0,0,0,0.339572372430831,0,0.288547074794769,0,0.290585234761238,0.359428390214659,0,0.313551019219791,0,0,0,0,0,0.317067381810914,0,0,0,0,0,0.29126550257206,0.410680688917637,0.264908419123718,0,0.298762681317884,0.416233257701,0.175360393829835,0.181242104619741,0.351639998272631,0.357982012391822,0
0.279169928814684,0,0.305692605674267,0,0,0,0,0,0,0,0.185824260115623,0,0,0,0,0,0.277787565588951,0.224873314301173,0.304347940973032,0,0,0,0,0,0,0,0,0,0.194952019304037,0,0.190369451598461,0,0,0,0,0,0,0,0.17440228798288,0,0.256551619901739,0,0.317780336473895,0,0.419589319954748,0,0.276192723288516,0.286324590444565,0.292583556528445,0.289730966091156,0,0,0,0,0,0,0.333140770242662,0,0,0,0,0,0,0.334161122287123,0,0,0,0,0,0,0,0.329790583563067,0,0,0,0,0,0,0,0.261168543634744,0,0.295571588272611,0.20672968775034,0,0.363830390041676,0,0.335270590534359
0,0,0,0,0,0,0,0,0,0,0,0,0,0,0,0,0,0,0,0,0,0,0,0,0,0,0,0,0,0,0,0.29542383993008,0.174793010383534,0.313109263527293,0.164272968258177,0.146964124358091,0.158775772068363,0,0,0,0,0,0,0,0,0,0,0.318980812036633,0,0,0,0,0,0,0,0,0,0,0,0,0,0,0,0,0,0,0,0,0,0,0,0,0,0,0,0.192613968250146,0.317497853063519,0.180876500444648,0.275768542506845,0.186493520194675,0.303080193698406,0.349618142843246,0.180165185513292,0,0,0,0
