0,0,10.6756030082703,0,0,0,0,0,7.63509362361153,0,0,0,0,0,0,0,42.9380939006805,60.5841115315755,18.6076948451486,0,0,0,0,0,0,0,0,0,0,0,0,0,0,0,0,0,75.8668327331543,0,0,0,28.5478930473328,0,12.8973867979394,0,0,0,24.8764915466309,0,9.44957601456415,0,0,0,0,0,3.34155427206547,0,20.4521547664296,0,0,0,4.18424919673375,0,0,23.4997678756714,0,0,0,0,0,0,0,0,0,22.0439142080454,0,0,0,0,0,49.0985163370768,0,28.0464196523031,14.2392739593313,0,14.142066607846,0,28.5327188968658
0,0,0,4.17728112582807,0,0,0,0,0,4.14369911756089,0,0,0,0,0,0,0,35.7828073501587,13.5778637630184,0,0,0,0,0,0,0,0,0,0,0,0,0,0,0,0,0,0,0,0,0,0,11.6112108961228,0,0,0,0,0,0,0,5.42129041801146,0,0,0,0,0,4.18874372641246,0,0,0,0,0,4.0384849040739,0,0,0,0,0,0,0,0,0,0,0,0,0,0,0,0,0,0,0,0,8.72537577946981,0,8.57265848126905,0,0
10.6756030082703,0,0,0,16.8685283660889,0,0,0,4.21585138638814,0,0,0,0,0,0,0,0,0,16.9282548995245,0,30.3292484283447,0,0,0,0,0,0,0,0,0,0,0,0,0,0,0,50.89758644104,0,0,0,32.9938125610352,0,24.9116478929496,0,0,0,23.175414831742,0,2.95878940820694,0,8.58586648653631,0,0,0,5.89651584625244,0,23.5263955634937,0,4.85318583250046,0,5.88855519841929,0,0,21.3560147966657,0,0,0,0,0,0,0,0,0,27.0913571791215,0,0,0,0,0,49.4247942424956,0,37.1480484008789,15.9309075551155,24.7538922627767,22.8810966651456,0,20.9934598958051
0,4.17728112582807,0,0,0,9.7739186339211,0,0,0,6.25793465747628,0,0,0,0,0,0,63.4030914306641,46.7985143661499,37.6150054001227,0,0,0,0,0,0,0,0,0,0,0,0,0,0,0,0,60.3049819252708,0,61.5654106140137,0,42.3267950013626,0,24.1979071831518,124.420768737793,0,0,15.515780847464,0,0,0,4.8401849654413,0,5.23369572271828,0,0,0,4.09696782227104,0,26.5525385292483,0,2.85338461399078,0,4.44495506563048,27.6286170959473,0,0,0,0,0,0,0,0,0,28.6979309666541,0,0,0,0,0,53.7648622639974,0,35.5535397736923,0,18.8915525425312,24.8562355041504,18.8879777605083,18.9050393251596,0
0,0,16.8685283660889,0,0,0,3.08722456296285,0,0,0,0,0,0,0,0,0,0,0,0,0,7.81042405537197,0,0,0,0,0,0,0,0,0,0,0,0,0,0,0,0,0,0,0,0,0,0,0,0,0,0,0,0,0,3.83203108439189,0,4.13033365223506,0,0,0,10.8356190919876,0,0,0,3.62997048430973,0,0,10.7698075260435,0,0,0,0,0,0,0,0,0,0,0,0,0,0,0,0,0,0,3.15553738972912,0,12.8410467147827,0,0
0,0,0,9.7739186339211,0,0,0,4.32145061884841,0,4.42479190459618,0,0,0,6.09667981147766,0,3.46318623553152,0,0,44.5898170471191,6.55391494003502,0,0,0,0,0,0,0,0,0,0,0,0,0,0,0,77.5990753173828,0,0,0,55.766806602478,0,39.1759601392244,0,0,0,33.3878462314606,0,0,0,0,0,3.59973646451182,0,4.02216076850891,0,0,0,20.7797992935887,0,4.90748481281468,0,3.71608979254961,6.47746226730117,0,0,0,0,0,0,0,0,0,39.1554403305054,0,0,0,0,0,55.9543122378263,0,48.2442359924316,0,4.00913654387564,6.81394336904798,9.46042177859299,32.3108037312826,0
0,0,0,0,3.08722456296285,0,0,0,0,0,2.99887694631304,0,0,0,0,0,0,0,0,0,0,0,0,0,0,0,0,0,0,0,0,0,0,0,0,0,0,0,0,0,0,0,0,0,0,0,0,0,0,0,6.96013851165772,0,3.59549034420569,0,0,0,4.1237066189448,0,0,0,0,0,0,0,0,0,0,0,0,0,0,0,0,0,0,0,0,0,0,0,0,0,2.90919196194616,3.15383657829538,0,0,0
0,0,0,0,0,4.32145061884841,0,0,0,0,0,5.27926184273187,0,6.18826758186772,0,0,0,0,0,10.6661309454176,0,0,0,0,0,0,0,0,0,0,0,0,0,0,0,0,0,0,0,0,0,0,0,0,0,0,0,0,0,0,0,4.65837160023776,0,3.60976542221321,0,0,0,6.51102003748017,0,4.42415847005071,0,0,9.91153581998523,0,0,0,0,0,0,0,0,0,0,0,0,0,0,0,0,0,0,0,3.57701376080513,3.24454469680786,0,0,0
7.63509362361153,0,4.21585138638814,0,0,0,0,0,0,0,0,0,0,0,2.93289248645306,0,10.8421582198234,40.6761980056763,31.0144697825114,0,31.4406318664551,0,0,0,2.85253846645355,0,5.30837437341798,0,0,0,0,0,0,0,0,0,0,0,6.24197125434875,0,36.9125747680664,0,25.6900448799133,0,0,0,16.8517646789551,0,5.38889113068581,0,0,0,0,0,6.40834967393686,0,0,0,0,0,5.96710984748707,0,0,0,0,0,0,0,0,3.00247922310462,0,0,0,0,0,0,0,0,0,0,0,4.25793596831235,7.13820760831112,0,9.51086332684472,0,0
0,4.14369911756089,0,6.25793465747628,0,4.42479190459618,0,0,0,0,0,0,0,0,0,3.6833343072371,40.0880196094513,9.76955845075495,23.2035598754883,0,0,23.4984645843506,0,6.29272797528435,0,0,0,0,0,0,0,0,0,19.3950354413288,0,0,0,6.70113001658222,0,0,0,12.3304279148579,0,0,0,0,0,0,0,5.28680349531628,0,4.26938152313232,0,0,0,5.41832939638481,0,0,0,0,0,3.66895376233494,0,0,0,0,0,0,0,0,0,0,0,0,0,0,20.999626159668,0,0,0,12.1116363689817,0,5.11331009522067,3.55119975020246,6.25129907368582,7.37085676193237,0
0,0,0,0,0,0,2.99887694631304,0,0,0,0,0,0,0,0,0,0,0,0,0,3.31879612952117,0,0,0,0,0,0,0,0,0,0,0,0,0,0,0,2.95714921094059,0,3.16218300045661,0,0,0,0,0,0,0,0,0,0,0,0,0,3.26307759746428,0,0,0,4.26612380952991,0,2.94250726699829,0,0,0,0,3.27292203903198,0,0,0,0,0,0,0,0,0,14.0719736814499,0,0,0,0,0,10.1417722702026,0,6.18456176964633,3.29086937223162,0,0,0,0
0,0,0,0,0,0,0,5.27926184273187,0,0,0,0,0,2.96077364838642,0,0,0,0,0,3.2366817815631,0,0,0,0,0,0,0,2.95091134851629,0,3.76680779457092,0,0,0,0,0,3.16869025242666,0,3.518876219257,0,0,0,0,0,0,0,11.7027425765991,0,0,0,0,0,2.9041473865509,0,4.88291711322332,0,0,0,5.47169403540528,0,3.26231056271177,0,0,5.45395775565079,0,0,0,0,0,0,0,0,0,6.07175383939371,0,0,0,0,0,4.42941932221676,0,4.78872059413365,0,3.24558038592339,0,3.6568310101827,0,0
0,0,0,0,0,0,0,0,0,0,0,0,0,0,3.51006924069446,0,0,0,0,0,0,0,0,0,0,0,0,0,0,0,0,0,0,0,0,0,0,0,0,0,0,0,0,0,0,0,0,0,0,0,0,0,2.80424101729142,0,0,0,0,0,3.43003985552578,0,3.78622315480159,0,0,0,0,0,0,0,0,0,0,0,0,0,0,0,0,0,0,0,0,0,4.26236064694509,3.2968147520035,0,0,0
0,0,0,0,0,6.09667981147766,0,6.18826758186772,0,0,0,2.96077364838642,0,0,0,3.57780740455705,0,0,0,0,0,0,0,0,0,0,0,0,0,0,0,0,0,0,0,0,0,0,0,0,0,0,0,0,0,0,0,0,0,0,0,4.31263001876719,0,5.3774914211697,0,0,0,3.21389766037464,0,4.04991590419262,0,4.02141299247742,0,0,0,0,0,0,0,0,0,0,0,0,0,0,0,0,0,0,0,0,4.1437971179868,4.2020115000861,0,0,0
0,0,0,0,0,0,0,0,2.93289248645306,0,0,0,3.51006924069446,0,0,0,13.734132279368,36.8925729479109,0,0,0,0,14.3762302398682,0,0,0,5.54851786206278,0,0,0,0,0,0,0,0,0,0,0,0,0,0,0,0,0,0,0,0,0,0,0,0,0,0,0,4.63009750843048,0,0,0,3.42804404634696,0,3.20476144902846,0,0,0,0,0,0,0,0,3.71501286029816,0,0,0,0,0,0,0,0,0,0,0,0,6.40981229964425,2.86593163930453,0,0,0
0,0,0,0,0,3.46318623553152,0,0,0,3.6833343072371,0,0,0,3.57780740455705,0,0,46.9899740219116,10.0866495194642,30.1321989695231,0,0,22.3280162811279,0,0,0,9.67566567659378,0,0,0,0,0,0,0,0,0,0,0,0,0,0,0,0,0,0,0,0,0,0,0,0,0,3.82130882556622,0,0,0,3.12873612982886,0,0,0,4.17385526102875,0,3.61837350376069,0,0,0,0,0,0,2.96141290664673,0,0,0,0,0,0,0,0,0,0,0,0,0,3.79738305623715,3.9038853657366,48.2389907836914,0,0
42.9380939006805,0,0,63.4030914306641,0,0,0,0,10.8421582198234,40.0880196094513,0,0,0,0,13.734132279368,46.9899740219116,0,25.4366248257765,26.5382060046194,0,60.005199432373,31.1995063926659,6.21902742810274,47.8508291244507,6.63772435718113,39.6795153929808,11.4790447463592,0,7.69756114760111,0,0,0,0,0,80.5648956298828,100.054653840906,90.5421662697425,0,0,69.269014521343,59.6953857209947,63.1921491622925,50.7151164682502,46.1261940002441,81.6348876953125,61.4917450405302,58.4271835439345,0,92.7248229980469,0,0,0,0,0,21.4543895100894,0,46.7108103434245,69.8415451049805,0,0,0,39.3136630425086,63.9426045735677,61.5172782897949,0,0,0,11.0845823287964,35.302864074707,16.5871438916524,0,0,79.9251861572266,51.2674045562744,0,0,0,0,78.9679918542372,74.336362161944,60.4247303009033,65.2598611195882,14.3791899069506,7.75949956971998,60.3286901135598,65.6714986603835,49.1947116290822
60.5841115315755,35.7828073501587,0,46.7985143661499,0,0,0,0,40.6761980056763,9.76955845075495,0,0,0,0,36.8925729479109,10.0866495194642,25.4366248257765,0,25.5318324429722,0,0,12.770204779593,30.4163451194763,17.4610743522644,53.8706092834473,12.8763044626888,40.56875612519,5.62134785652161,0,0,0,0,0,0,0,100.144239637587,110.391529083252,0,0,71.2957946185408,79.6903542412652,58.0875121734954,72.7173176933737,36.3415565490723,61.5753345489502,65.9434491475423,67.884589026956,0,0,0,0,0,0,0,48.6352708816528,3.98285597303639,61.2171173095703,49.3002147674561,0,0,0,13.9232568780581,77.2464575334029,82.8704086303711,11.3042200097331,0,17.9623260498047,16.6185436248779,8.28066979646683,41.4406690597534,3.44843705495199,0,75.3606872558594,72.2128280639648,0,0,0,0,84.9387704691756,89.444071989793,67.7714111328125,82.8106953547551,15.8438007553737,9.48906998475393,66.0260994200613,52.176518372127,72.0672225952148
18.6076948451486,13.5778637630184,16.9282548995245,37.6150054001227,0,44.5898170471191,0,0,31.0144697825114,23.2035598754883,0,0,0,0,0,30.1321989695231,26.5382060046194,25.5318324429722,0,0,0,36.0125068112424,36.1891498565674,21.2748851776123,0,29.0548730188487,35.0228614971556,0,0,0,0,0,0,0,0,68.7007665173761,73.9695305677238,67.1464080810547,101.283081054688,47.6892578649799,48.0332787258524,29.4730145991335,29.01917285382,27.0628979873657,19.7762080979726,46.1260926635177,37.7594151258469,0,32.3859147102602,0,0,40.3086547851562,0,0,34.2793703079224,0,37.4678304083994,32.3836086760176,0,0,0,22.5280825297038,52.7281361462777,48.9537619722301,0,0,0,0,0,27.0883113861084,0,0,30.7372477115729,36.3433831616452,0,0,0,0,57.123374572728,58.5010186072054,40.9970356513714,52.1015806819287,15.5513365013554,26.6296796798706,32.0342411924794,20.3745392703853,28.4652836724496
0,0,0,0,0,6.55391494003502,0,10.6661309454176,0,0,0,3.2366817815631,0,0,0,0,0,0,0,0,0,0,0,0,0,0,0,0,0,0,0,0,0,0,0,5.6565880355861,0,4.12924965069844,0,0,0,0,0,0,0,8.85830688476562,0,0,0,0,0,0,0,0,0,0,0,6.69197630882263,0,0,0,0,3.4792486756681,0,0,0,0,0,0,0,0,0,0,0,0,0,0,0,5.57326692971178,0,17.0600566864014,0,10.8662810135395,22.6089878082275,4.23001185059547,0,0
0,0,30.3292484283447,0,7.81042405537197,0,0,0,31.4406318664551,0,3.31879612952117,0,0,0,0,0,60.005199432373,0,0,0,0,0,0,0,0,0,0,0,0,0,0,0,0,0,0,0,6.46523050620006,0,3.47818207740784,0,0,0,40.8957176208496,0,0,0,16.2281556129456,0,0,0,4.7865012023481,0,3.66810765266418,0,0,0,4.33620748112841,0,32.9847640991211,0,0,0,0,6.0637409544729,0,0,0,0,0,0,0,0,0,0,0,0,0,0,0,4.12414241242916,0,0,10.041822693083,22.3605311075846,8.94327681263288,0,0
0,0,0,0,0,0,0,0,0,23.4984645843506,0,0,0,0,0,22.3280162811279,31.1995063926659,12.770204779593,36.0125068112424,0,0,0,4.32744785567015,4.09684342543284,35.1356620788574,11.8137675873164,0,3.30070087138344,0,0,0,0,0,0,0,0,110.682571411133,5.77345206302145,0,82.9299659729004,0,61.8567581176758,0,0,0,0,0,15.9578003406525,0,4.56102793960161,0,0,0,0,0,26.3706607818604,0,0,0,0,0,20.1167612075806,0,0,5.27192647712166,7.85031976699829,6.19103828687516,0,4.52996510191809,0,10.3023354212443,0,0,0,0,0,0,0,87.6716537475586,76.2629241943359,6.70788785669675,0,9.52641502645883,3.12523246836919,32.8969314238604,0,0
0,0,0,0,0,0,0,0,0,0,0,0,0,0,14.3762302398682,0,6.21902742810274,30.4163451194763,36.1891498565674,0,0,4.32744785567015,0,0,3.87838591098785,0,5.74459686177842,0,3.3423014523147,0,0,0,0,0,0,0,0,0,4.21838298061383,81.0362777709961,0,0,0,0,0,0,0,0,4.41891208291054,0,0,0,0,0,0,0,0,0,0,0,0,0,0,0,7.12541498456682,4.52577591683292,0,3.90533965826035,0,3.82529349128405,0,4.96279185364045,0,0,0,0,0,0,0,0,0,5.1810061491054,4.38428573790243,4.22079976608879,12.8147010803223,0,0
0,0,0,0,0,0,0,0,0,6.29272797528435,0,0,0,0,0,0,47.8508291244507,17.4610743522644,21.2748851776123,0,0,4.09684342543284,0,0,0,2.94801575796945,0,0,0,0,0,0,0,0,0,0,0,11.6751825726551,0,0,0,9.90408134460449,0,0,0,0,0,16.2257308959961,0,14.5376138687134,0,0,0,0,0,3.64986950159073,0,0,0,0,0,0,0,0,4.41834255994535,0,3.53500249059938,0,2.94676170141801,0,0,0,0,0,0,0,0,0,0,0,9.13160393549048,0,7.51724039354632,0,7.38371403844733,0,0
0,0,0,0,0,0,0,0,2.85253846645355,0,0,0,0,0,0,0,6.63772435718113,53.8706092834473,0,0,0,35.1356620788574,3.87838591098785,0,0,0,2.9546772027627,0,0,0,0,0,0,0,0,0,0,0,5.05830430580398,0,0,0,0,0,0,0,0,22.1891193389893,0,0,0,0,0,0,7.05248519207569,0,0,0,0,0,3.72066410382589,0,0,0,0,4.83475555313958,0,4.60441437266231,0,3.19076904383573,0,0,0,0,0,0,0,0,0,0,0,6.84218176975045,4.9872533718269,0,3.97730546654341,0,0
0,0,0,0,0,0,0,0,0,0,0,0,0,0,0,9.67566567659378,39.6795153929808,12.8763044626888,29.0548730188487,0,0,11.8137675873164,0,2.94801575796945,0,0,68.4498825073242,2.81156794230143,0,0,0,0,0,0,0,101.002014160156,0,0,0,105.27131652832,0,50.4409637451172,0,0,0,0,0,0,0,0,0,0,0,0,0,0,0,0,0,0,0,0,0,0,3.85281756520271,0,3.0511565889631,0,3.17887544803482,0,3.17641821172502,0,0,0,0,0,0,0,0,0,0,0,20.1020322523174,0,54.0836563110352,62.6076126098633,0
0,0,0,0,0,0,0,0,5.30837437341798,0,0,0,0,0,5.54851786206278,0,11.4790447463592,40.56875612519,35.0228614971556,0,0,0,5.74459686177842,0,2.9546772027627,68.4498825073242,0,0,3.0052663527037,0,0,0,0,0,0,0,0,0,0,67.6929626464844,0,57.9202728271484,91.6818237304688,0,0,0,0,0,0,0,0,0,0,0,8.67305159568787,0,60.1813125610352,0,0,0,3.22918742043631,51.4043769836426,0,0,0,0,0,2.88689598441124,0,2.84681917459537,0,0,0,0,0,0,0,0,88.488655090332,0,0,0,12.8310891033313,11.6328639984131,84.9036178588867,75.4932289123535,0
0,0,0,0,0,0,0,0,0,0,0,2.95091134851629,0,0,0,0,0,5.62134785652161,0,0,0,3.30070087138344,0,0,0,2.81156794230143,0,0,0,3.08896621195185,0,0,0,0,0,0,0,0,0,0,0,0,0,0,0,0,0,0,0,0,0,0,0,0,0,0,0,3.25432008788699,0,0,0,0,0,0,3.72745680809021,0,0,0,2.97871854305267,0,3.86249585352211,0,3.1469352735232,0,0,0,0,0,0,0,7.671799659729,0,0,0,0,0,0
0,0,0,0,0,0,0,0,0,0,0,0,0,0,0,0,7.69756114760111,0,0,0,0,0,3.3423014523147,0,0,0,3.0052663527037,0,0,0,3.05102722048759,0,0,0,0,0,0,0,2.96119407245091,0,0,0,0,0,0,0,0,0,0,0,0,0,0,0,0,0,0,0,0,0,0,0,0,0,0,4.01057109465966,0,0,0,3.49765367507935,0,3.82622264648651,0,0,0,0,0,0,0,0,0,0,9.90587997436523,2.74739360809326,0,0,0
0,0,0,0,0,0,0,0,0,0,0,3.76680779457092,0,0,0,0,0,0,0,0,0,0,0,0,0,0,0,3.08896621195185,0,0,0,0,0,0,0,0,0,4.42746328020638,0,0,0,0,0,0,0,0,0,0,0,0,0,0,0,0,0,0,0,10.5796670913696,0,3.57483180363973,0,0,0,0,0,0,0,0,0,0,3.41524554243182,0,7.12610916183108,0,0,0,0,0,0,0,7.68052476616533,0,2.9140365421772,0,0,0,0
0,0,0,0,0,0,0,0,0,0,0,0,0,0,0,0,0,0,0,0,0,0,0,0,0,0,0,0,3.05102722048759,0,0,0,0,0,0,0,0,0,3.31029148425086,0,0,0,0,0,0,0,0,0,0,0,0,0,0,0,0,0,3.15295004844666,0,0,0,0,0,0,0,0,0,0,0,0,0,0,3.48478970902689,0,3.97452981273333,0,0,0,0,0,0,0,4.06784296035767,3.03133463859558,0,0,0,0
0,0,0,0,0,0,0,0,0,0,0,0,0,0,0,0,0,0,0,0,0,0,0,0,0,0,0,0,0,0,0,0,3.68270016005386,3.65473006452833,0,3.61339426954587,3.78262820414134,0,0,0,0,0,0,0,0,0,0,3.88062923990981,0,0,0,0,0,0,0,0,0,0,0,0,0,0,0,0,0,0,0,0,0,0,0,0,0,0,6.25068436802081,4.40754290989467,4.40678481622176,0,4.38967339951417,5.82818675041199,0,0,3.31302946252921,0,0,0,0
0,0,0,0,0,0,0,0,0,0,0,0,0,0,0,0,0,0,0,0,0,0,0,0,0,0,0,0,0,0,0,3.68270016005386,0,5.04996604919434,0,0,3.43758788228409,0,0,0,0,0,0,0,0,0,0,4.03760866375101,0,0,0,0,0,0,0,0,0,0,0,0,0,0,0,0,0,0,0,0,0,0,0,0,0,0,5.2061682073479,4.64419367029803,7.61470260620117,0,12.6663662791252,5.38621439281692,0,0,3.9147330654992,0,0,0,0
0,0,0,0,0,0,0,0,0,19.3950354413288,0,0,0,0,0,0,0,0,0,0,0,0,0,0,0,0,0,0,0,0,0,3.65473006452833,5.04996604919434,0,4.84289286842624,6.06886770618096,0,6.04175065768944,4.07753262153039,0,0,0,0,0,0,0,0,4.61816802406123,7.34698057174683,6.85573315620422,0,0,0,0,0,19.2668891195524,0,0,0,0,0,0,0,0,0,0,19.374382019043,0,0,0,0,0,0,0,6.74814254359195,0,5.60994588506135,5.82285583889397,7.55653637312353,0,5.94537880885651,0,6.48210103728554,0,0,0,0
0,0,0,0,0,0,0,0,0,0,0,0,0,0,0,0,80.5648956298828,0,0,0,0,0,0,0,0,0,0,0,0,0,0,0,0,4.84289286842624,0,0,3.46536781886077,13.2222655812899,4.2276031669606,0,0,0,0,0,0,0,0,4.53836930050994,0,0,0,0,0,0,0,0,0,0,0,0,0,0,0,0,0,0,0,0,0,0,0,0,0,0,0,0,5.83930318812107,4.69811038686764,13.3826259955382,4.47621207652607,16.0557148631026,6.40319468400308,4.95894646644592,0,0,0,0
0,0,0,60.3049819252708,0,77.5990753173828,0,0,0,0,0,3.16869025242666,0,0,0,0,100.054653840906,100.144239637587,68.7007665173761,5.6565880355861,0,0,0,0,0,101.002014160156,0,0,0,0,0,3.61339426954587,0,6.06886770618096,0,0,3.67319897612178,5.28171322113747,3.20328488349915,39.0876550471529,0,53.2366881737342,0,54.6377334594727,0,40.4446854106573,85.4391250610352,9.37542322774728,18.0723150747794,18.4813639436449,0,0,0,0,0,0,0,11.0237978597482,0,0,0,0,9.69218347158777,0,0,0,0,0,0,0,0,0,44.4137001037598,0,5.16996164703935,8.41556549072266,7.78521659420213,0,7.57693526020948,7.46983926664523,12.0637465910195,13.0773129463196,6.1491590374732,5.13834940623767,26.6560916611225,47.1912935892741,114.759605407715
75.8668327331543,0,50.89758644104,0,0,0,0,0,0,0,2.95714921094059,0,0,0,0,0,90.5421662697425,110.391529083252,73.9695305677238,0,6.46523050620006,110.682571411133,0,0,0,0,0,0,0,0,0,3.78262820414134,3.43758788228409,0,3.46536781886077,3.67319897612178,0,0,5.86207845482478,122.155431959364,31.3367346260764,102.315055847168,51.907026842685,0,54.2107741946266,110.968692779541,42.6793364656627,11.2033529281616,30.3057025090562,0,50.4907508850098,0,0,0,0,0,19.7341207022308,0,60.7404251098633,0,0,0,0,15.5111069686589,0,0,0,0,0,0,0,0,0,85.7148895263672,4.20571549949439,8.964768354098,0,9.21282622127822,24.1042104562124,7.87222926874752,0,9.66495152124961,11.3122612106736,8.45912282894819,34.9891824211393,104.914638519287,51.0177614010446
0,0,0,61.5654106140137,0,0,0,0,0,6.70113001658222,0,3.518876219257,0,0,0,0,0,0,67.1464080810547,4.12924965069844,0,5.77345206302145,0,11.6751825726551,0,0,0,0,0,4.42746328020638,0,0,0,6.04175065768944,13.2222655812899,5.28171322113747,0,0,4.92128497729369,0,0,0,0,0,0,40.8412895202637,0,8.06434251286576,0,7.50721494168604,0,0,0,0,0,9.1602117805826,0,3.51732258402973,0,0,0,0,7.33723149188729,0,8.89523168181659,0,12.3298933044873,0,0,0,2.87735452651978,0,4.07722504933675,0,0,0,6.18838632656978,2.84745290279388,9.27789931521577,0,5.03130261494017,3.08604825042679,4.49328014512199,3.11671349857793,6.79868851419081,40.9685497283936,0
0,0,0,0,0,0,0,0,6.24197125434875,0,3.16218300045661,0,0,0,0,0,0,0,101.283081054688,0,3.47818207740784,0,4.21838298061383,0,5.05830430580398,0,0,0,2.96119407245091,0,3.31029148425086,0,0,4.07753262153039,4.2276031669606,3.20328488349915,5.86207845482478,4.92128497729369,0,0,0,0,41.3941135406494,0,55.5838241577148,0,48.194972038269,9.936244510671,7.43893451415576,0,0,0,0,0,10.7437440168078,0,3.61809804439545,0,0,0,0,0,0,11.28564453125,0,7.01743292567949,0,7.02519449035405,0,0,0,4.33420404669357,0,4.01101589202881,0,0,0,7.05896200239658,0,7.33800473121943,3.63845987319946,5.61402796952171,5.33195582243704,3.00693136995489,5.54397313204189,0,44.4907379150391
0,0,0,42.3267950013626,0,55.766806602478,0,0,0,0,0,0,0,0,0,0,69.269014521343,71.2957946185408,47.6892578649799,0,0,82.9299659729004,81.0362777709961,0,0,105.27131652832,67.6929626464844,0,0,0,0,0,0,0,0,39.0876550471529,122.155431959364,0,0,0,80.9178733825684,22.2441468493601,65.8338452798349,26.2449909184166,0,18.0590029745907,64.1277536045421,0,64.2497863769531,13.2278757968932,0,0,0,0,0,0,0,47.4232554002242,0,0,0,0,15.6514894108713,89.6241912841797,0,0,0,0,0,0,0,0,47.9917966842651,92.9845199584961,0,0,0,0,16.5742954455257,99.2340402847681,47.9934545585087,77.7202402750651,47.1293874692847,42.0832955042521,16.2924300490234,26.4912955717075,68.6319788152521
28.5478930473328,0,32.9938125610352,0,0,0,0,0,36.9125747680664,0,0,0,0,0,0,0,59.6953857209947,79.6903542412652,48.0332787258524,0,0,0,0,0,0,0,0,0,0,0,0,0,0,0,0,0,31.3367346260764,0,0,80.9178733825684,0,68.7783781687419,24.0197700109442,0,29.4195522732205,79.3258539835612,12.1505461661062,3.61811112364133,7.45822619120793,0,0,0,0,0,0,0,49.6369621753693,0,42.0790049235026,0,0,0,0,31.6153233210246,0,0,0,0,0,0,0,0,0,45.5966768264771,0,3.42134744591183,0,3.13115678230921,108.293109348842,15.3132161132721,0,20.53815119842,44.7175028753281,28.6310043334961,15.0769288819687,0,24.8262794539773
0,11.6112108961228,0,24.1979071831518,0,39.1759601392244,0,0,0,12.3304279148579,0,0,0,0,0,0,63.1921491622925,58.0875121734954,29.4730145991335,0,0,61.8567581176758,0,9.90408134460449,0,50.4409637451172,57.9202728271484,0,0,0,0,0,0,0,0,53.2366881737342,102.315055847168,0,0,22.2441468493601,68.7783781687419,0,11.0013016466882,11.1592965485298,39.7834625244141,25.2936724952865,55.3817510604858,17.9577838998092,29.3998762130737,11.2072141839914,0,0,0,0,0,32.9930810928345,77.8423385620117,14.9203443856495,0,0,0,0,24.2663504205611,80.4214859008789,0,0,0,0,0,0,0,0,19.6792734802192,0,0,0,0,0,32.9007042027165,79.8133631896973,36.3962065655252,81.0308151245117,19.6543900315806,33.1352076530457,15.8462648330796,11.1559749024117,77.4446582794189
12.8973867979394,0,24.9116478929496,124.420768737793,0,0,0,0,25.6900448799133,0,0,0,0,0,0,0,50.7151164682502,72.7173176933737,29.01917285382,0,40.8957176208496,0,0,0,0,0,91.6818237304688,0,0,0,0,0,0,0,0,0,51.907026842685,0,41.3941135406494,65.8338452798349,24.0197700109442,11.0013016466882,0,42.0558141072591,9.59051115397947,46.5663333892822,18.847579386012,9.46638154246143,12.4987594365014,31.0249324798584,35.24489402771,0,0,0,0,0,20.7055777121753,0,26.1197868224678,0,28.7834959665934,0,66.3520135879517,28.4334545378472,0,25.4172554016113,0,0,0,0,0,0,84.8553924560547,17.7874762906748,0,33.930736541748,0,0,71.27858710289,30.0960878372508,0,36.3911227166653,18.2070546789867,34.4092782084147,15.5788569463492,50.9840898513794,13.1633539374669
0,0,0,0,0,0,0,0,0,0,0,0,0,0,0,0,46.1261940002441,36.3415565490723,27.0628979873657,0,0,0,0,0,0,0,0,0,0,0,0,0,0,0,0,54.6377334594727,0,0,0,26.2449909184166,0,11.1592965485298,42.0558141072591,0,0,31.0748683384487,42.3449668884277,0,0,0,0,0,0,0,0,0,0,25.462028503418,0,0,0,0,28.3210284289192,0,0,0,0,0,0,0,0,0,31.2045783996582,0,0,0,0,0,34.3237560629845,80.1206414358956,35.0817108154297,67.464485168457,12.864865394739,0,16.7395591701034,17.3139815330505,0
0,0,0,0,0,0,0,0,0,0,0,0,0,0,0,0,81.6348876953125,61.5753345489502,19.7762080979726,0,0,0,0,0,0,0,0,0,0,0,0,0,0,0,0,0,54.2107741946266,0,55.5838241577148,0,29.4195522732205,39.7834625244141,9.59051115397947,0,0,30.6879768371582,18.4546120594709,0,46.8734588623047,0,0,0,0,0,0,0,0,0,0,0,0,0,0,32.6007061004639,0,0,0,0,0,0,0,0,0,0,0,0,0,0,137.12678527832,35.1805516293174,0,56.984253777398,13.3824331304606,0,10.9768286857052,0,17.3428791046143
0,0,0,15.515780847464,0,33.3878462314606,0,0,0,0,0,11.7027425765991,0,0,0,0,61.4917450405302,65.9434491475423,46.1260926635177,8.85830688476562,0,0,0,0,0,0,0,0,0,0,0,0,0,0,0,40.4446854106573,110.968692779541,40.8412895202637,0,18.0590029745907,79.3258539835612,25.2936724952865,46.5663333892822,31.0748683384487,30.6879768371582,0,21.5488424460093,0,19.7443446159363,16.3514686822891,0,0,0,0,0,0,0,18.8212792511228,0,0,0,0,9.51597011140269,0,0,0,0,0,0,0,33.7444839477539,0,26.4728557871676,93.1250839233398,0,0,0,0,26.6547252983997,89.9914990938627,15.9138435524443,94.3336029052734,40.1964301531693,31.6306209564209,16.979437362857,37.7770885467529,76.8052101135254
24.8764915466309,0,23.175414831742,0,0,0,0,0,16.8517646789551,0,0,0,0,0,0,0,58.4271835439345,67.884589026956,37.7594151258469,0,16.2281556129456,0,0,0,0,0,0,0,0,0,0,0,0,0,0,85.4391250610352,42.6793364656627,0,48.194972038269,64.1277536045421,12.1505461661062,55.3817510604858,18.847579386012,42.3449668884277,18.4546120594709,21.5488424460093,0,0,35.5648801035997,31.9985580444336,29.1096363067627,0,0,0,0,0,19.9697190748679,0,25.2954711914062,0,0,0,80.0159759521484,17.1544740543144,0,0,0,0,0,0,0,0,0,20.6700964655195,0,0,0,0,84.9000153975053,27.1940037448797,0,20.421694360078,37.4623371885835,37.8346353460241,16.737506509664,0,38.2999386787415
0,0,0,0,0,0,0,0,0,0,0,0,0,0,0,0,0,0,0,0,0,15.9578003406525,0,16.2257308959961,22.1891193389893,0,0,0,0,0,0,3.88062923990981,4.03760866375101,4.61816802406123,4.53836930050994,9.37542322774728,11.2033529281616,8.06434251286576,9.936244510671,0,3.61811112364133,17.9577838998092,9.46638154246143,0,0,0,0,0,6.90052964424964,9.10666993391864,0,0,0,0,0,0,0,0,0,0,0,0,25.6220903396606,0,15.1825920740763,31.8905544281006,16.3902044296265,24.4067649841309,0,0,0,0,0,0,4.87709078946634,4.46687929755519,5.13570980550686,5.25046209763672,7.99507050968414,5.95255611915337,6.81786139167764,14.0851094086965,6.03670006311498,11.2919851303101,12.6073415928113,0,0
9.44957601456415,0,2.95878940820694,0,0,0,0,0,5.38889113068581,0,0,0,0,0,0,0,92.7248229980469,0,32.3859147102602,0,0,0,4.41891208291054,0,0,0,0,0,0,0,0,0,0,7.34698057174683,0,18.0723150747794,30.3057025090562,0,7.43893451415576,64.2497863769531,7.45822619120793,29.3998762130737,12.4987594365014,0,46.8734588623047,19.7443446159363,35.5648801035997,6.90052964424964,0,9.63445879507434,49.3700256347656,0,0,0,5.81837598482768,0,8.62507368170697,0,13.205645436826,0,3.52568225065867,0,0,40.7072630281802,0,6.16137570142746,0,6.14559496773614,0,0,0,0,0,0,5.88439512252808,3.37006971571181,0,0,0,11.1499043517754,47.7309532165527,7.18612445884508,10.7218490631231,27.430287621238,9.06847803781123,0,26.3844982783
0,5.42129041801146,0,4.8401849654413,0,0,0,0,0,5.28680349531628,0,0,0,0,0,0,0,0,0,0,0,4.56102793960161,0,14.5376138687134,0,0,0,0,0,0,0,0,0,6.85573315620422,0,18.4813639436449,0,7.50721494168604,0,13.2278757968932,0,11.2072141839914,31.0249324798584,0,0,16.3514686822891,31.9985580444336,9.10666993391864,9.63445879507434,0,0,0,0,0,0,6.59626229604085,0,5.57148161783057,0,4.13224565598273,0,3.63918888691774,27.4107804298401,0,6.35341477769074,0,4.64804649353027,0,4.52274303708758,0,5.71147560141981,0,0,0,0,0,3.72858137350816,0,7.158558265159,0,5.17992322984731,0,9.85824851296631,39.8752670288086,8.85727135099546,12.9455212184361,0
0,0,8.58586648653631,0,3.83203108439189,0,6.96013851165772,0,0,0,0,0,0,0,0,0,0,0,0,0,4.7865012023481,0,0,0,0,0,0,0,0,0,0,0,0,0,0,0,50.4907508850098,0,0,0,0,0,35.24489402771,0,0,0,29.1096363067627,0,49.3700256347656,0,0,0,4.61978047124801,0,0,0,8.71624818311276,0,5.13844199429191,0,6.78246740861373,0,0,13.2406224688207,0,0,0,0,0,0,0,0,0,36.7565819876535,0,0,0,0,0,41.1066961288452,0,42.0871952601842,6.0531348210794,35.5824584960938,11.9765702855808,0,37.5097007751465
0,0,0,5.23369572271828,0,3.59973646451182,0,4.65837160023776,0,4.26938152313232,0,2.9041473865509,0,4.31263001876719,0,3.82130882556622,0,0,40.3086547851562,0,0,0,0,0,0,0,0,0,0,0,0,0,0,0,0,0,0,0,0,0,0,0,0,0,0,0,0,0,0,0,0,0,0,3.2319644510746,0,0,0,3.58739423751831,0,3.86831533733536,0,3.52210026628831,5.3108069896698,0,0,0,0,0,0,0,0,0,0,0,0,0,0,0,62.1869125366211,0,0,0,4.55662403884228,7.08063054084778,5.69345668171133,0,0
0,0,0,0,4.13033365223506,0,3.59549034420569,0,0,0,3.26307759746428,0,2.80424101729142,0,0,0,0,0,0,0,3.66810765266418,0,0,0,0,0,0,0,0,0,0,0,0,0,0,0,0,0,0,0,0,0,0,0,0,0,0,0,0,0,4.61978047124801,0,0,0,0,0,3.31539391158918,0,0,0,0,0,0,0,0,0,0,0,0,0,0,0,0,0,0,0,0,0,0,0,0,0,2.99467353552382,3.64023939931662,0,0,0
0,0,0,0,0,4.02216076850891,0,3.60976542221321,0,0,0,4.88291711322332,0,5.3774914211697,0,0,0,0,0,0,0,0,0,0,0,0,0,0,0,0,0,0,0,0,0,0,0,0,0,0,0,0,0,0,0,0,0,0,0,0,0,3.2319644510746,0,0,0,0,0,4.81086945533752,0,3.8718296819263,0,0,9.6954702536265,0,0,0,0,0,0,0,0,0,0,0,0,0,0,0,0,0,0,0,3.47966267314612,0,0,0,0
3.34155427206547,0,5.89651584625244,0,0,0,0,0,6.40834967393686,0,0,0,0,0,4.63009750843048,0,21.4543895100894,48.6352708816528,34.2793703079224,0,0,0,0,0,7.05248519207569,0,8.67305159568787,0,0,0,0,0,0,0,0,0,0,0,10.7437440168078,0,0,0,0,0,0,0,0,0,5.81837598482768,0,0,0,0,0,0,0,0,0,0,0,6.01583079358995,0,0,0,0,0,0,4.45728877133662,0,3.40954345464706,0,0,0,0,0,0,0,0,0,82.5616798400879,0,8.25873435058182,9.76270952764547,0,7.05314996025779,0,0
0,4.18874372641246,0,4.09696782227104,0,0,0,0,0,5.41832939638481,0,0,0,0,0,3.12873612982886,0,3.98285597303639,0,0,0,26.3706607818604,0,3.64986950159073,0,0,0,0,0,0,0,0,0,19.2668891195524,0,0,0,9.1602117805826,0,0,0,32.9930810928345,0,0,0,0,0,0,0,6.59626229604085,0,0,0,0,0,0,0,0,0,0,0,4.43723758898283,0,0,25.7083854675293,0,3.63388637192229,0,0,0,0,0,34.3941612243652,0,0,0,19.7836608886719,0,0,0,11.4146735609131,0,6.19477974043952,0,18.7178373071882,30.3034381866455,0
20.4521547664296,0,23.5263955634937,0,10.8356190919876,0,4.1237066189448,0,0,0,4.26612380952991,0,0,0,0,0,46.7108103434245,61.2171173095703,37.4678304083994,0,4.33620748112841,0,0,0,0,0,60.1813125610352,0,0,0,3.15295004844666,0,0,0,0,0,19.7341207022308,0,3.61809804439545,0,49.6369621753693,77.8423385620117,20.7055777121753,0,0,0,19.9697190748679,0,8.62507368170697,0,8.71624818311276,0,3.31539391158918,0,0,0,0,0,5.69685434397026,0,5.66882356492485,0,0,7.08809417140099,0,0,0,0,0,0,0,4.76212882995605,0,12.596451351672,0,0,0,0,85.848388671875,43.5254606624226,0,40.7400546073914,21.1042006577077,38.1111343383789,11.0949344559145,67.6208648681641,19.2728162527084
0,0,0,26.5525385292483,0,20.7797992935887,0,6.51102003748017,0,0,0,5.47169403540528,0,3.21389766037464,0,0,69.8415451049805,49.3002147674561,32.3836086760176,6.69197630882263,0,0,0,0,0,0,0,3.25432008788699,0,10.5796670913696,0,0,0,0,0,11.0237978597482,0,3.51732258402973,0,47.4232554002242,0,14.9203443856495,0,25.462028503418,0,18.8212792511228,0,0,0,5.57148161783057,0,3.58739423751831,0,4.81086945533752,0,0,0,0,0,3.90458950526278,0,4.38139377321516,8.98256883361848,0,0,0,0,0,18.5568978445871,0,6.50061806777249,0,6.38347703973791,0,0,0,0,0,49.4313496180943,0,0,0,13.0238075357802,9.02407550811768,10.2647708554107,14.4648348184732,0
0,0,4.85318583250046,0,0,0,0,0,0,0,2.94250726699829,0,3.43003985552578,0,3.42804404634696,0,0,0,0,0,32.9847640991211,0,0,0,0,0,0,0,0,0,0,0,0,0,0,0,60.7404251098633,0,0,0,42.0790049235026,0,26.1197868224678,0,0,0,25.2954711914062,0,13.205645436826,0,5.13844199429191,0,0,0,0,0,5.69685434397026,0,0,0,4.1716740874501,0,0,22.9632848438464,0,0,0,0,0,0,0,8.46775436401367,0,30.8807377815247,0,0,0,0,0,50.0577521324158,0,39.9085459709167,3.91296011678289,3.97081998248159,20.209870135562,0,25.1868169307709
0,0,0,2.85338461399078,0,4.90748481281468,0,4.42415847005071,0,0,0,3.26231056271177,0,4.04991590419262,0,4.17385526102875,0,0,0,0,0,0,0,0,0,0,0,0,0,3.57483180363973,0,0,0,0,0,0,0,0,0,0,0,0,0,0,0,0,0,0,0,4.13224565598273,0,3.86831533733536,0,3.8718296819263,0,0,0,3.90458950526278,0,0,0,3.9778013054384,8.83832359313965,0,0,0,0,0,17.2438406944275,0,6.17388830866132,0,0,0,0,0,0,0,0,0,0,0,3.78740384361961,3.01461346944173,3.16493558883667,0,0
4.18424919673375,0,5.88855519841929,0,3.62997048430973,0,0,0,5.96710984748707,0,0,0,3.78622315480159,0,3.20476144902846,0,0,0,0,0,0,0,0,0,3.72066410382589,0,3.22918742043631,0,0,0,0,0,0,0,0,0,0,0,0,0,0,0,28.7834959665934,0,0,0,0,0,3.52568225065867,0,6.78246740861373,0,0,0,6.01583079358995,0,5.66882356492485,0,4.1716740874501,0,0,0,0,0,0,0,0,3.15842306613922,0,3.28883725404739,0,0,0,27.7536468505859,0,0,0,0,0,0,0,0,2.96385383605957,0,25.9299815984873,0,0
0,4.0384849040739,0,4.44495506563048,0,3.71608979254961,0,0,0,3.66895376233494,0,0,0,4.02141299247742,0,3.61837350376069,39.3136630425086,13.9232568780581,22.5280825297038,0,0,20.1167612075806,0,0,0,0,51.4043769836426,0,0,0,0,0,0,0,0,0,0,0,0,0,0,0,0,0,0,0,0,0,0,3.63918888691774,0,3.52210026628831,0,0,0,4.43723758898283,0,4.38139377321516,0,3.9778013054384,0,0,0,0,0,0,3.74028888787373,0,0,0,0,0,0,0,0,0,0,0,0,0,0,0,4.01842981947903,3.65400402473681,4.16755610704422,0,0
0,0,0,27.6286170959473,0,6.47746226730117,0,9.91153581998523,0,0,0,5.45395775565079,0,0,0,0,63.9426045735677,77.2464575334029,52.7281361462777,3.4792486756681,0,0,0,0,0,0,0,0,0,0,0,0,0,0,0,9.69218347158777,0,7.33723149188729,0,15.6514894108713,0,24.2663504205611,66.3520135879517,28.3210284289192,0,9.51597011140269,80.0159759521484,25.6220903396606,0,27.4107804298401,0,5.3108069896698,0,9.6954702536265,0,0,0,8.98256883361848,0,8.83832359313965,0,0,0,0,0,0,0,0,0,0,0,0,13.7328883025043,0,0,0,0,0,10.6047158469893,103.876472473145,11.3843746483326,111.019828796387,17.2014392253124,20.7219915390015,12.7619582873028,27.1009482903914,66.323016166687
23.4997678756714,0,21.3560147966657,0,10.7698075260435,0,0,0,0,0,3.27292203903198,0,0,0,0,0,61.5172782897949,82.8704086303711,48.9537619722301,0,6.0637409544729,0,0,0,0,0,0,0,0,0,0,0,0,0,0,0,15.5111069686589,0,11.28564453125,89.6241912841797,31.6153233210246,80.4214859008789,28.4334545378472,0,32.6007061004639,0,17.1544740543144,0,40.7072630281802,0,13.2406224688207,0,0,0,0,0,7.08809417140099,0,22.9632848438464,0,0,0,0,0,0,0,0,0,0,0,0,0,0,8.11578356592279,0,0,0,0,108.585998535156,15.5527966858981,0,7.12691726632266,33.7982871964474,34.7387371063232,10.1086819199017,0,35.9093074798584
0,0,0,0,0,0,0,0,0,0,0,0,0,0,0,0,0,11.3042200097331,0,0,0,5.27192647712166,7.12541498456682,4.41834255994535,0,3.85281756520271,0,3.72745680809021,0,0,0,0,0,0,0,0,0,8.89523168181659,0,0,0,0,0,0,0,0,0,15.1825920740763,0,6.35341477769074,0,0,0,0,0,25.7083854675293,0,0,0,0,0,0,0,0,0,0,6.30568736499944,0,6.10751229150854,0,12.7716058001799,0,0,0,0,0,0,0,0,0,6.70326387617976,0,5.65684070370414,3.1479923526446,17.7641728141091,0,0
0,0,0,0,0,0,0,0,0,0,0,0,0,0,0,0,0,0,0,0,0,7.85031976699829,4.52577591683292,0,4.83475555313958,0,0,0,4.01057109465966,0,0,0,0,0,0,0,0,0,7.01743292567949,0,0,0,25.4172554016113,0,0,0,0,31.8905544281006,6.16137570142746,0,0,0,0,0,0,0,0,0,0,0,0,0,0,0,0,0,0,3.90366264433934,0,4.09611843186888,0,4.53194065263655,0,0,0,0,0,0,0,0,0,9.77589573255226,4.16129475677569,3.85963119566441,15.3786096811295,0,0
0,0,0,0,0,0,0,0,0,0,0,0,0,0,0,0,0,17.9623260498047,0,0,0,6.19103828687516,0,3.53500249059938,0,3.0511565889631,0,0,0,0,0,0,0,19.374382019043,0,0,0,12.3298933044873,0,0,0,0,0,0,0,0,0,16.3902044296265,0,4.64804649353027,0,0,0,0,0,3.63388637192229,0,0,0,0,0,3.74028888787373,0,0,6.30568736499944,0,0,0,4.83493716562325,0,9.7596302429835,0,0,0,0,0,18.297571182251,0,0,0,9.47886834395559,0,4.10932125647863,0,9.03588346765752,0,0
0,0,0,0,0,0,0,0,0,0,0,0,0,0,0,0,11.0845823287964,16.6185436248779,0,0,0,0,3.90533965826035,0,4.60441437266231,0,2.88689598441124,0,0,0,0,0,0,0,0,0,0,0,7.02519449035405,0,0,0,0,0,0,0,0,24.4067649841309,6.14559496773614,0,0,0,0,0,4.45728877133662,0,0,0,0,0,3.15842306613922,0,0,0,0,3.90366264433934,0,0,0,3.23999631766117,0,0,0,0,0,0,0,0,0,0,0,7.84022381647148,6.33463626684144,0,5.29826830601206,0,0
0,0,0,0,0,0,0,0,0,0,0,0,0,0,0,2.96141290664673,35.302864074707,8.28066979646683,0,0,0,4.52996510191809,0,2.94676170141801,0,3.17887544803482,0,2.97871854305267,0,0,0,0,0,0,0,0,0,0,0,0,0,0,0,0,0,0,0,0,0,4.52274303708758,0,0,0,0,0,0,0,18.5568978445871,0,17.2438406944275,0,0,0,0,6.10751229150854,0,4.83493716562325,0,0,0,6.30669448580559,0,0,0,0,0,0,0,0,0,0,0,3.99263085297176,0,0,0,0
0,0,0,0,0,0,0,0,3.00247922310462,0,0,0,0,0,3.71501286029816,0,16.5871438916524,41.4406690597534,27.0883113861084,0,0,0,3.82529349128405,0,3.19076904383573,0,2.84681917459537,0,3.49765367507935,0,0,0,0,0,0,0,0,0,0,0,0,0,0,0,0,0,0,0,0,0,0,0,0,0,3.40954345464706,0,0,0,0,0,3.28883725404739,0,0,0,0,4.09611843186888,0,3.23999631766117,0,0,0,3.88131443832232,0,0,0,0,0,0,0,0,0,0,11.1848535444222,0,52.3000221252441,0,0
0,0,0,0,0,0,0,0,0,0,0,0,0,0,0,0,0,3.44843705495199,0,0,0,10.3023354212443,0,0,0,3.17641821172502,0,3.86249585352211,0,3.41524554243182,0,0,0,0,0,0,0,2.87735452651978,0,0,0,0,0,0,0,33.7444839477539,0,0,0,5.71147560141981,0,0,0,0,0,0,0,6.50061806777249,0,6.17388830866132,0,0,0,0,12.7716058001799,0,9.7596302429835,0,6.30669448580559,0,0,0,2.72652721405029,0,0,0,0,0,0,0,3.60772062353341,0,2.74857342243195,0,7.94566659927368,0,0
0,0,0,0,0,0,0,0,0,0,0,0,0,0,0,0,0,0,0,0,0,0,4.96279185364045,0,0,0,0,0,3.82622264648651,0,3.48478970902689,0,0,0,0,0,0,0,4.33420404669357,0,0,0,0,0,0,0,0,0,0,0,0,0,0,0,0,0,4.76212882995605,0,8.46775436401367,0,0,0,0,0,0,4.53194065263655,0,0,0,3.88131443832232,0,0,0,4.30298346075518,0,0,0,0,0,0,0,4.12963757874831,0,0,0,0,0
0,0,0,28.6979309666541,0,39.1554403305054,0,0,0,0,0,6.07175383939371,0,0,0,0,79.9251861572266,75.3606872558594,30.7372477115729,0,0,0,0,0,0,0,0,3.1469352735232,0,7.12610916183108,0,0,0,0,0,44.4137001037598,0,4.07722504933675,0,47.9917966842651,0,19.6792734802192,84.8553924560547,31.2045783996582,0,26.4728557871676,0,0,0,0,0,0,0,0,0,34.3941612243652,0,6.38347703973791,0,0,0,0,13.7328883025043,0,0,0,0,0,0,0,2.72652721405029,0,0,0,0,0,0,0,57.5248541398482,88.0355072021484,4.5990054584017,114.655738830566,28.3025157855107,0,15.5149079411688,19.5203542709351,68.9253692626953
22.0439142080454,0,27.0913571791215,0,0,0,0,0,0,0,14.0719736814499,0,0,0,0,0,51.2674045562744,72.2128280639648,36.3433831616452,0,0,0,0,0,0,0,0,0,0,0,3.97452981273333,0,0,0,0,0,85.7148895263672,0,4.01101589202881,92.9845199584961,45.5966768264771,0,17.7874762906748,0,0,93.1250839233398,20.6700964655195,0,0,0,36.7565819876535,0,0,0,0,0,12.596451351672,0,30.8807377815247,0,27.7536468505859,0,0,8.11578356592279,0,0,0,0,0,0,0,4.30298346075518,0,0,0,0,0,0,86.1053848266602,61.4794925890471,0,3.81457495973788,25.9856477570765,41.0738118489583,15.6891956833431,0,17.3583365753293
0,0,0,0,0,0,0,0,0,0,0,0,0,0,0,0,0,0,0,0,0,0,0,0,0,0,0,0,0,0,0,6.25068436802081,5.2061682073479,6.74814254359195,0,5.16996164703935,4.20571549949439,0,0,0,0,0,0,0,0,0,0,4.87709078946634,5.88439512252808,0,0,0,0,0,0,0,0,0,0,0,0,0,0,0,0,0,0,0,0,0,0,0,0,0,0,11.7923426628113,4.44332362854317,0,4.68909890340366,5.33292533369625,0,0,4.170589088735,0,0,0,0
0,0,0,0,0,0,0,0,0,0,0,0,0,0,0,0,0,0,0,0,0,0,0,0,0,0,0,0,0,0,0,4.40754290989467,4.64419367029803,0,0,8.41556549072266,8.964768354098,0,0,0,3.42134744591183,0,33.930736541748,0,0,0,0,4.46687929755519,3.37006971571181,0,0,0,0,0,0,0,0,0,0,0,0,0,0,0,0,0,0,0,0,0,0,0,0,0,11.7923426628113,0,6.96341836452484,6.76756653657629,12.6581602096558,6.49750526907457,0,33.2627728780111,4.32546687700662,0,0,0,0
0,0,0,0,0,0,0,0,0,20.999626159668,0,0,0,0,0,0,0,0,0,0,0,0,0,0,0,0,0,0,0,0,0,4.40678481622176,7.61470260620117,5.60994588506135,5.83930318812107,7.78521659420213,0,6.18838632656978,0,0,0,0,0,0,0,0,0,5.13570980550686,0,3.72858137350816,0,0,0,0,0,19.7836608886719,0,0,0,0,0,0,0,0,0,0,18.297571182251,0,0,0,0,0,0,0,4.44332362854317,6.96341836452484,0,5.45595883329709,5.91881466041826,0,4.441219401859,0,13.4271492010508,0,0,0,0
0,0,0,0,0,0,0,0,0,0,0,0,0,0,0,0,0,0,0,0,0,0,0,0,0,0,0,0,0,0,0,0,0,5.82285583889397,4.69811038686764,0,9.21282622127822,2.84745290279388,7.05896200239658,0,3.13115678230921,0,0,0,0,0,0,5.25046209763672,0,0,0,0,0,0,0,0,0,0,0,0,0,0,0,0,0,0,0,0,0,0,0,0,0,0,0,6.76756653657629,5.45595883329709,0,13.8546757698059,7.66091141877351,0,6.9542128791157,7.40417168289423,0,0,0,0
0,0,0,53.7648622639974,0,55.9543122378263,0,0,0,0,0,4.42941932221676,0,0,0,0,78.9679918542372,84.9387704691756,57.123374572728,5.57326692971178,0,87.6716537475586,0,0,0,0,88.488655090332,0,0,0,0,4.38967339951417,12.6663662791252,7.55653637312353,13.3826259955382,7.57693526020948,24.1042104562124,9.27789931521577,0,16.5742954455257,108.293109348842,32.9007042027165,71.27858710289,34.3237560629845,137.12678527832,26.6547252983997,84.9000153975053,7.99507050968414,0,7.158558265159,0,62.1869125366211,0,0,0,0,85.848388671875,49.4313496180943,0,0,0,0,10.6047158469893,108.585998535156,0,0,0,0,0,0,0,0,57.5248541398482,86.1053848266602,4.68909890340366,12.6581602096558,5.91881466041826,13.8546757698059,0,107.632263660431,7.51108593200043,123.39112663269,12.0969687556095,5.94857792741448,29.0255058867591,39.0628425273658,78.9557921091716
49.0985163370768,0,49.4247942424956,0,0,0,0,0,0,0,10.1417722702026,0,0,0,0,0,74.336362161944,89.444071989793,58.5010186072054,0,4.12414241242916,76.2629241943359,0,0,0,0,0,0,0,0,0,5.82818675041199,5.38621439281692,0,4.47621207652607,7.46983926664523,7.87222926874752,0,7.33800473121943,99.2340402847681,15.3132161132721,79.8133631896973,30.0960878372508,80.1206414358956,35.1805516293174,89.9914990938627,27.1940037448797,5.95255611915337,11.1499043517754,0,41.1066961288452,0,0,0,82.5616798400879,0,43.5254606624226,0,50.0577521324158,0,0,0,103.876472473145,15.5527966858981,0,0,0,0,0,0,0,0,88.0355072021484,61.4794925890471,5.33292533369625,6.49750526907457,0,7.66091141877351,107.632263660431,0,96.3117523193359,9.70469392645597,22.2122650559634,48.8209692835808,28.5391497533661,85.1481170654297,41.7818236162167
