0,0,8.32758359264989,0,7.87644548416138,0,0,0,5.37582966462106,0,0,0,0,0,5.77395306314741,0,0,0,0,0,0,0,0,0,16.0940900802612,0,0,0,0,0,0,0,0,0,0,0,0,0,0,0,0,0,21.278327057391,0,0,0,0,0,5.79250024666293,0,6.71255302429199,0,0,0,4.96935402735686,0,0,0,0,0,5.82788098927202,0,0,0,0,0,0,15.2094306945801,0,9.35246757417917,0,0,0,0,0,0,0,0,0,48.1401290893555,0,0,11.1175967269361,0,14.2225160446086,0,17.1749855041504
0,0,0,4.59013423648984,0,0,0,0,0,5.96377052254413,0,0,0,0,0,0,0,0,6.08740186691284,0,0,0,0,0,0,0,0,0,0,0,0,0,0,0,0,0,0,0,0,0,0,31.9150302333217,0,0,0,0,0,40.743735631307,0,5.72416715398967,0,0,0,0,0,5.20278686003252,0,9.37413014305962,0,0,0,3.95965819461371,0,0,0,0,0,0,0,0,0,0,31.2792892456055,0,0,0,0,0,40.7017669677734,0,0,0,6.41839878426658,0,16.7003533864508,11.7172479629517,0
8.32758359264989,0,0,0,7.20088788179251,0,0,0,6.31425772215191,0,0,0,0,0,0,0,0,0,58.2279915809631,0,0,0,0,0,0,0,0,0,0,0,0,0,0,0,0,0,9.82507700390286,0,0,0,35.1729049682617,0,28.3640759277344,0,0,0,8.84928272343889,0,8.77864459568892,0,7.71158780687946,0,0,0,5.10341465014678,0,8.7379313666245,0,5.88148471785755,0,0,0,0,19.4508514404297,0,0,0,0,0,0,0,48.2702598571777,0,31.3426261314979,0,0,0,0,0,0,0,0,6.82810714980152,8.59163444572025,12.1839103842458,0,21.0300094109994
0,4.59013423648984,0,0,0,9.34629255641591,0,0,0,4.54944819844635,0,25.4506721496582,0,0,0,0,0,0,0,24.3842372894287,0,0,0,0,0,0,0,0,0,0,0,0,0,0,0,60.2902183532715,0,0,0,42.3502502441406,0,23.8560254838732,69.6781921386719,0,0,14.0915439128876,48.8266716003418,0,0,11.7127031675975,0,5.24749851226807,0,0,0,3.96654976828624,0,22.0256086466264,0,7.05653977394104,0,0,24.3652758164839,0,0,0,0,0,0,0,41.525447845459,0,32.9459474594867,0,0,0,0,0,0,0,39.1481986045837,0,11.7970966935158,0,10.0999941615861,19.011754989624,0
7.87644548416138,0,7.20088788179251,0,0,0,3.78920700257285,0,4.53710791304871,0,0,0,4.42916011810303,0,5.27648062176175,0,0,0,70.9358367919922,0,6.84609447048686,0,0,0,0,0,0,0,0,0,0,0,0,0,0,0,12.6770989976146,0,0,69.7246170043945,41.8553279308563,55.6756362915039,42.4322521123993,0,0,0,19.6205754393085,49.4931664717825,43.174200141639,0,4.32308069263439,0,3.88903350446691,0,3.85321150507246,0,22.2436406877306,0,21.7241706848145,0,8.25136811458147,0,0,8.16332919637584,0,0,0,0,0,0,0,0,0,38.2349197387695,0,0,0,56.6001014709473,86.0522880554199,24.9314327090979,0,72.8822631835938,6.30464259226421,2.79349154233932,20.9314008007879,0,31.0544857978821
0,0,0,9.34629255641591,0,0,0,3.7537667344917,0,5.29729779766452,0,0,0,0,0,2.85071492195129,0,0,0,6.9625385627445,0,0,0,0,0,0,0,0,0,0,0,0,0,0,0,17.0470994114876,0,0,0,0,0,31.4104042053223,0,0,0,16.0146857692349,0,49.5463018417358,0,42.0205835501353,0,3.32720099795948,0,3.07713813781738,0,4.328379562166,0,37.0587993197971,0,0,0,3.46063125133514,8.81915178492263,0,0,0,0,0,0,0,0,0,44.1044067382812,0,0,0,0,0,17.1148389180501,0,57.8058013916016,0,4.96544210510532,5.19695546627045,10.289182585736,0,0
0,0,0,0,3.78920700257285,0,0,0,0,0,5.25674495193529,0,3.99424254894257,0,0,0,0,0,0,0,5.12832978108655,0,0,0,0,0,0,0,0,0,0,0,0,0,0,0,0,0,0,0,0,0,0,0,0,0,19.4665200369699,0,0,0,2.7376827398936,0,3.96693914731344,0,0,0,4.41088531970978,0,3.24758124351501,0,0,0,0,4.60738357587865,0,0,0,0,0,0,0,0,0,0,0,0,0,0,0,0,0,0,3.91004847619119,4.81535022399005,14.8776185512543,0,0
0,0,0,0,0,3.7537667344917,0,0,0,0,0,3.28123026423984,0,0,0,0,0,0,0,7.10121021668116,0,0,0,0,0,0,0,0,0,0,0,0,0,0,0,0,0,0,0,0,0,0,0,0,0,0,0,0,0,0,0,3.60678864106899,0,3.38549506060685,0,0,0,2.81683174769084,0,0,0,0,4.11583089280403,0,0,0,0,0,0,0,0,0,0,0,0,0,0,0,0,0,0,0,3.51364702995007,0,0,0,0
5.37582966462106,0,6.31425772215191,0,4.53710791304871,0,0,0,0,38.1320533752441,0,0,0,0,4.99030489466637,0,15.5538552401799,33.0989253234863,26.5426796078682,0,0,0,0,0,6.33767460803596,0,5.35560519816512,0,0,0,0,0,0,0,0,0,0,0,4.89190177236285,0,0,0,12.5166283588783,0,0,0,14.252685546875,27.0675005912781,6.24060144622531,0,4.51173975026166,0,0,0,6.03586193660408,0,0,0,0,0,6.28402362855453,0,0,0,0,0,0,7.37358084714638,0,9.13451911102642,0,0,0,37.0529365539551,0,0,0,0,0,0,0,13.3522071838379,8.05888875320908,11.2334911420191,7.33888723543571,0,9.49659954839283
0,5.96377052254413,0,4.54944819844635,0,5.29729779766452,0,0,38.1320533752441,0,0,35.3242340087891,0,0,0,3.83629293377335,43.7247718175252,13.9676393038886,27.6933565139771,20.4519371986389,0,0,0,5.8836989402771,0,5.94587406847212,60.6095504760742,0,0,0,0,0,0,0,0,71.0187225341797,0,4.59312661956338,0,0,0,10.0865175794847,0,0,0,16.9885139465332,0,16.8532485961914,0,9.78121113777161,0,4.95481622219086,0,0,39.0344696044922,3.39245128768614,0,35.295224905014,0,0,0,5.34781737187329,22.2337045669556,0,0,0,3.93025120099386,0,7.69638228416443,0,40.7984657287598,0,39.7410759925842,0,0,0,0,0,0,0,9.03404250826154,0,5.4963310382127,5.0877543091774,12.6213290414757,0,0
0,0,0,0,0,0,5.25674495193529,0,0,0,0,0,3.91537402852453,0,0,0,0,0,0,0,4.79891753278479,0,0,0,0,0,0,0,3.19654554128647,0,4.70671555363402,0,0,0,0,0,5.48948803332847,0,4.72563324986602,0,0,0,0,0,26.3231563568115,0,42.8969217936198,0,0,0,0,0,4.90218549775908,0,0,0,5.33045197343526,0,4.98623734121924,0,0,0,0,6.69841699972688,0,0,0,0,0,40.0597686767578,0,23.7497119903564,0,12.0127437465875,0,0,0,0,0,18.9848491193787,0,7.90589322669165,4.72124338402893,4.35643009344737,13.6830818271637,0,0
0,0,0,25.4506721496582,0,0,0,3.28123026423984,0,35.3242340087891,0,0,0,2.74770331382751,0,0,0,0,0,3.31172061084521,0,0,0,0,0,0,0,0,0,0,0,0,0,0,0,4.00625497102737,0,3.10323131900944,0,0,0,33.5208587646484,0,23.5845613479614,0,12.9901402131566,0,0,0,51.0579872131348,0,0,0,3.38376379013062,0,0,0,6.88711914666543,0,0,0,0,7.95576458507114,73.4475021362305,0,0,0,0,0,0,0,0,4.11153016771589,0,0,0,0,0,31.2221098740896,0,4.86506947323128,0,4.14585273430265,0,25.3663469950358,0,0
0,0,0,0,4.42916011810303,0,3.99424254894257,0,0,0,3.91537402852453,0,0,0,3.49970028797785,0,0,0,0,0,0,0,0,0,0,0,3.17485308647156,0,3.45511174201965,0,3.66063971837362,0,0,0,0,0,0,0,0,0,0,0,0,0,0,0,0,0,0,0,3.94563619295756,0,5.1081303358078,0,0,0,4.91609336507966,0,4.15612086624247,0,3.54577196121216,0,0,15.3491811752319,0,0,0,0,0,3.06016997496287,0,0,0,0,0,0,0,0,0,0,0,0,3.47164422693387,3.12727239396837,0,0,0
0,0,0,0,0,0,0,0,0,0,0,2.74770331382751,0,0,0,3.1537184715271,0,0,0,0,0,0,0,0,0,0,0,0,0,0,0,0,0,0,0,0,0,0,0,0,0,0,0,0,0,0,0,0,0,0,0,0,0,0,0,0,0,9.41117050250371,0,3.0690170611654,0,0,0,0,0,0,0,0,0,0,0,0,0,0,0,0,0,0,0,0,0,0,2.75170874595642,0,0,0,0
5.77395306314741,0,0,0,5.27648062176175,0,0,0,4.99030489466637,0,0,0,3.49970028797785,0,0,0,13.2212516039978,30.8461505889893,14.9414319992065,0,0,0,0,0,9.87113571166992,0,8.05858306451277,0,0,0,0,0,0,0,0,0,0,0,0,0,0,0,0,0,0,0,0,0,5.46401699384054,0,4.34394291469029,0,0,0,4.57453008106777,0,0,0,3.76393845346239,0,4.38536513398547,0,0,0,0,0,0,0,0,3.50619469239162,0,0,0,0,0,0,0,0,0,0,0,0,8.76747175751117,7.35795593906093,0,0,0
0,0,0,0,0,2.85071492195129,0,0,0,3.83629293377335,0,0,0,3.1537184715271,0,0,0,6.80224624255025,0,0,0,0,0,0,0,5.20993761758547,0,0,0,0,0,0,0,0,0,0,0,0,0,0,0,0,0,0,0,0,0,0,0,0,0,3.4415191411972,0,0,0,3.01483345031738,0,0,0,3.77666317281269,0,3.01116345405579,0,0,0,0,0,0,5.69541090726852,0,0,0,0,0,0,0,0,0,0,0,0,0,4.06658815662816,0,0,0,0
0,0,0,0,0,0,0,0,15.5538552401799,43.7247718175252,0,0,0,0,13.2212516039978,0,0,18.4942814168309,22.5788859845277,0,0,24.8029441833496,3.87441738667926,0,6.75733992608927,0,8.6007361632484,0,3.01765592892965,0,0,0,0,0,0,0,92.1662979125977,0,82.7006607055664,75.1442896525065,60.4897727966309,50.3662414550781,37.9890235374714,0,39.8877156575521,0,50.5466435750326,0,0,0,0,0,0,0,18.3676633834839,0,63.4073448181152,0,0,0,10.257573424316,0,78.5527847290039,71.9714630126953,0,3.95477301815906,0,6.39405031204224,0,5.47020303513393,0,0,76.4768218994141,60.4398663838704,0,0,0,0,79.7314280555362,75.411046573094,100.472831726074,66.9031457034024,12.9906743216365,18.8998473362184,52.9835745246665,0,39.5339460480079
0,0,0,0,0,0,0,0,33.0989253234863,13.9676393038886,0,0,0,0,30.8461505889893,6.80224624255025,18.4942814168309,0,19.0395126890385,0,0,4.51246700311701,0,4.3226306259184,38.0031089782715,5.59437298090516,27.1923649651664,3.61323200739347,0,0,0,0,0,0,0,92.0507961454846,107.895538330078,0,0,71.4658397674561,0,46.2433578543467,51.956042960838,0,37.4939765930176,0,68.7931543986003,0,0,0,0,0,0,0,37.1327777862549,5.06418657302856,0,0,0,0,25.4051036834717,9.26677438020706,69.7555567423503,87.1643218994141,3.56093934178352,0,3.61988509268988,0,8.23004440013194,0,0,0,0,74.7257919311523,0,0,0,0,84.4222081502279,83.6750649346246,75.0124165217082,79.3139046563043,13.1075721072481,12.0838395273814,65.6558958435059,63.6286544799805,52.5270472632514
0,6.08740186691284,58.2279915809631,0,70.9358367919922,0,0,0,26.5426796078682,27.6933565139771,0,0,0,0,14.9414319992065,0,22.5788859845277,19.0395126890385,0,68.9411087036133,40.0279216766357,0,0,0,0,0,0,0,0,0,0,0,0,0,0,70.4112480319276,72.2292082002847,52.9290900230408,72.4284673837515,48.5987686172245,51.3175128755115,22.8314644928275,21.5127807856929,8.86432943934888,12.883877186065,54.6685017177037,43.6339797484569,48.0424957275391,84.2154453822545,54.289313180106,0,0,0,0,46.5572566986084,0,51.3775577545166,40.0838810770135,0,0,0,0,51.0096771486344,62.1802392560382,0,0,0,0,0,0,0,0,39.5233624432538,44.510166985648,0,0,0,0,59.6851802708552,54.9508216902865,41.9205695086123,51.2936987714443,16.9275834331937,30.3772964742449,23.0928866379503,14.5096978204591,23.1120334809202
0,0,0,24.3842372894287,0,6.9625385627445,0,7.10121021668116,0,20.4519371986389,0,3.31172061084521,0,0,0,0,0,0,68.9411087036133,0,0,0,0,0,0,0,0,0,0,0,0,0,0,0,0,3.64031664456577,0,3.56884976362778,0,16.6578197479248,0,33.7989149093628,0,0,0,10.1035597876266,0,50.9192981719971,42.7564468383789,40.5639795575823,0,3.19397911429405,0,0,0,0,0,4.49350773729384,0,0,0,0,6.51128732836863,0,0,0,0,0,0,0,0,0,7.16222854094072,0,0,0,0,0,5.65343544394882,0,5.08671591841445,0,8.32893959356077,16.8383159637451,10.578973253568,0,0
0,0,0,0,6.84609447048686,0,5.12832978108655,0,0,0,4.79891753278479,0,0,0,0,0,0,0,40.0279216766357,0,0,0,0,0,0,0,0,0,0,0,0,0,0,0,0,0,4.95088926311267,0,5.4688983838875,0,34.4614613850911,0,56.0688158671061,0,0,0,16.6474874700819,44.8719043731689,33.3844876289368,0,4.16358251207405,0,4.2199513060706,0,0,0,5.83832623744703,0,15.9021972020467,0,0,0,0,6.35310415937917,0,0,0,0,0,0,0,29.2422313690186,0,27.0598145998441,0,0,0,0,0,8.63812508259461,0,11.7030913723152,4.68956891411229,4.15307606969561,10.2343851339037,0,0
0,0,0,0,0,0,0,0,0,0,0,0,0,0,0,0,24.8029441833496,4.51246700311701,0,0,0,0,3.14093469706449,3.91445242507117,0,4.98716167970137,0,0,0,0,0,0,0,0,0,0,0,5.28864341682079,0,0,0,0,0,0,0,0,0,14.925799369812,0,9.48001512406128,0,0,0,0,0,0,0,33.1598313649495,0,0,0,0,0,0,5.31352940176879,0,3.61011216765956,0,6.83450967470805,0,8.9529265165329,0,0,0,0,0,0,0,0,0,6.08214349571488,0,4.50316915125914,3.99678493651333,0,0,0
0,0,0,0,0,0,0,0,0,0,0,0,0,0,0,0,3.87441738667926,0,0,0,0,3.14093469706449,0,0,4.7912900890853,0,3.80809120597126,0,3.40497506631387,0,0,0,0,0,0,0,0,0,3.61750299990678,0,0,0,0,0,0,0,0,0,5.31721503073626,0,0,0,0,0,0,0,0,0,0,0,0,0,0,0,3.58163332939148,4.15491194884831,0,4.58883368027838,0,4.41649365250444,0,3.76318983649308,0,0,0,0,0,0,0,0,0,4.35307219430998,4.23620347446866,4.36006883911739,0,0,0
0,0,0,0,0,0,0,0,0,5.8836989402771,0,0,0,0,0,0,0,4.3226306259184,0,0,0,3.91445242507117,0,0,0,2.97334562301636,0,0,0,0,0,0,0,0,0,0,0,5.19257212820507,0,0,0,0,0,0,0,0,0,0,0,5.72259706258774,0,0,0,0,0,4.10302249590556,0,0,0,0,0,0,0,0,7.18949141601721,0,3.36754629453023,0,7.99865539868673,0,9.74711899757385,0,0,0,0,0,0,0,0,0,7.89994655311971,0,4.22485162627022,0,6.52583243370056,0,0
16.0940900802612,0,0,0,0,0,0,0,6.33767460803596,0,0,0,0,0,9.87113571166992,0,6.75733992608927,38.0031089782715,0,0,0,0,4.7912900890853,0,0,0,4.67421807885514,0,0,0,0,0,0,0,0,0,0,0,4.02785962497284,0,0,0,0,0,0,0,0,19.2012233734131,7.64654536808238,0,0,0,0,0,5.95813932100932,0,0,0,0,0,11.7398821966989,0,0,0,0,4.05332532723745,0,4.29375440463069,0,4.97779840275093,0,0,0,0,0,0,0,0,0,0,0,5.57708907560869,5.1133701136479,16.7501218914986,6.05569356614417,0,0
0,0,0,0,0,0,0,0,0,5.94587406847212,0,0,0,0,0,5.20993761758547,0,5.59437298090516,0,0,0,4.98716167970137,0,2.97334562301636,0,0,0,0,0,0,0,0,0,0,0,0,0,0,0,0,0,0,0,0,0,0,0,0,0,0,0,0,0,0,0,5.27522325515747,0,0,0,0,0,8.86315875394004,0,0,0,0,5.27827215194702,0,5.3855755784709,0,2.95621013641357,0,0,0,0,0,0,0,0,0,0,0,4.68827249631101,4.40589666366577,0,0,0
0,0,0,0,0,0,0,0,5.35560519816512,60.6095504760742,0,0,3.17485308647156,0,8.05858306451277,0,8.6007361632484,27.1923649651664,0,0,0,0,3.80809120597126,0,4.67421807885514,0,0,0,3.05535192290942,0,0,0,0,0,0,0,0,0,0,0,0,0,0,0,0,0,0,0,4.92253144264221,0,0,0,0,0,5.46624151865641,0,26.191104888916,0,9.31557750701904,0,15.5654251098633,0,0,0,0,3.70348677165072,0,5.21452681153221,0,3.33465530714357,0,6.75378741264343,0,0,0,0,0,0,0,0,0,0,4.85205889346084,13.0866313378016,0,0,0
0,0,0,0,0,0,0,0,0,0,0,0,0,0,0,0,0,3.61323200739347,0,0,0,0,0,0,0,0,0,0,0,0,0,0,0,0,0,0,0,0,0,0,0,0,0,0,0,0,0,0,0,0,0,0,0,0,0,0,0,7.57658100128174,0,6.97906970977783,0,0,0,0,0,0,0,0,3.16721128500425,0,5.66756949322746,0,0,0,0,0,0,0,0,0,0,0,3.59974938317349,0,0,0,0
0,0,0,0,0,0,0,0,0,0,3.19654554128647,0,3.45511174201965,0,0,0,3.01765592892965,0,0,0,0,0,3.40497506631387,0,0,0,3.05535192290942,0,0,0,4.01240998118317,0,0,0,0,0,0,0,0,0,0,0,0,0,0,0,0,0,0,0,0,0,0,0,0,0,0,0,4.92904624167611,0,0,0,0,0,0,4.33276888302394,0,0,0,4.00669765472412,0,4.86747867737735,0,4.40443866903132,0,0,0,0,0,0,0,0,3.06825221152533,3.61504319819008,0,0,0
0,0,0,0,0,0,0,0,0,0,0,0,0,0,0,0,0,0,0,0,0,0,0,0,0,0,0,0,0,0,0,0,0,0,0,0,0,0,0,0,0,0,0,0,0,0,0,0,0,0,0,0,0,0,0,0,0,8.41889381408691,0,0,0,0,0,0,0,0,0,0,0,0,0,0,3.70338665920755,0,0,0,0,0,0,0,0,0,0,0,0,0,0
0,0,0,0,0,0,0,0,0,0,4.70671555363402,0,3.66063971837362,0,0,0,0,0,0,0,0,0,0,0,0,0,0,0,4.01240998118317,0,0,0,0,0,0,0,0,0,4.18957890699965,0,0,0,0,0,0,0,0,0,0,0,0,0,0,0,0,0,6.14149972108694,0,6.96813054311843,0,0,0,0,36.0993371009827,0,0,0,0,0,0,0,3.80644355271314,0,6.60135707824949,0,0,0,0,0,57.2907104492188,0,6.54690131079715,3.98359259780572,3.00718866075788,7.55757236480713,0,0
0,0,0,0,0,0,0,0,0,0,0,0,0,0,0,0,0,0,0,0,0,0,0,0,0,0,0,0,0,0,0,0,4.45186434282321,4.36086905002594,3.68975305557251,4.35821249485016,0,0,0,9.36934232711792,0,0,0,0,0,0,0,4.31178959649663,6.20853225708008,7.25436491966248,0,0,0,0,0,0,0,0,0,0,0,0,0,0,0,0,0,0,0,0,0,0,0,0,4.48845683905677,9.85189593633016,4.97280269198948,2.73368000984192,5.16503046540653,16.0059753826686,0,0,3.73408792777495,0,0,0,0
0,0,0,0,0,0,0,0,0,0,0,0,0,0,0,0,0,0,0,0,0,0,0,0,0,0,0,0,0,0,0,4.45186434282321,0,0,5.4732072353363,0,2.90800730671201,0,0,0,0,0,0,0,0,0,0,4.17051820556323,0,0,0,0,0,0,0,0,0,0,0,0,0,0,0,0,0,0,0,0,0,0,0,0,0,0,10.1689319741835,5.03213579962312,3.36487758159637,6.37158681042372,12.3380397160848,8.69981915610177,0,0,3.8799302068289,0,0,0,0
0,0,0,0,0,0,0,0,0,0,0,0,0,0,0,0,0,0,0,0,0,0,0,0,0,0,0,0,0,0,0,4.36086905002594,0,0,3.49491549145292,3.28974329213442,3.15074217319489,3.11543976068497,3.28765457471212,0,0,0,0,0,0,0,0,6.26429832381374,0,3.02892218317304,0,0,0,0,0,0,0,0,0,0,0,0,0,0,0,0,0,0,0,0,0,0,0,0,4.51668341670717,0,4.00483440702189,3.61598110198975,7.81283200482082,0,3.76892100061689,0,4.87828500491069,0,22.2391014099121,0,0
0,0,0,0,0,0,0,0,0,0,0,0,0,0,0,0,0,0,0,0,0,0,0,0,0,0,0,0,0,0,0,3.68975305557251,5.4732072353363,3.49491549145292,0,0,3.19514956392847,3.23415759115508,4.95181369291593,0,0,0,0,0,0,0,0,4.17058297336276,7.97138180940048,0,0,0,0,0,0,0,0,0,0,0,0,0,0,0,0,0,0,0,0,0,0,0,0,0,8.00201749801636,8.09126763343811,4.10701053817612,4.93028087442807,0,5.12444954536707,3.73238798550197,11.1480357370879,4.31591954429355,3.19264152050018,0,0,0
0,0,0,60.2902183532715,0,17.0470994114876,0,0,0,71.0187225341797,0,4.00625497102737,0,0,0,0,0,92.0507961454846,70.4112480319276,3.64031664456577,0,0,0,0,0,0,0,0,0,0,0,4.35821249485016,0,3.28974329213442,0,0,4.7583457036996,6.84909606394252,2.90486132181608,84.5853225708008,0,57.0900043038761,101.831354777018,52.6782825354374,0,17.043501670544,88.4813537597656,9.71519798099404,24.7990886688232,25.7934265335401,0,0,0,0,0,0,0,164.526184082031,0,0,0,0,15.3550517412159,0,0,0,0,0,0,0,0,0,0,0,2.93397307395935,0,4.01652369336185,0,10.0784783322938,66.6769464612007,15.7406122932544,0,7.72765161432896,2.95058846473694,26.1441845338223,41.2580998738607,0
0,0,9.82507700390286,0,12.6770989976146,0,0,0,0,0,5.48948803332847,0,0,0,0,0,92.1662979125977,107.895538330078,72.2292082002847,0,4.95088926311267,0,0,0,0,0,0,0,0,0,0,0,2.90800730671201,3.15074217319489,3.19514956392847,4.7583457036996,0,3.00955903530121,6.62101056187049,0,72.5448837280273,87.448844909668,58.682649890196,0,51.5906766255697,0,42.7121982948453,18.6010227814699,30.1739587386449,9.90576457977295,26.4009031613668,0,0,0,0,0,14.9699604387941,0,0,0,0,0,120.803985595703,13.216041131268,0,0,0,0,0,0,0,0,0,84.2589318411691,0,3.19057985714504,0,5.26004065351283,49.3570532798767,6.79108867152763,0,10.7575703169046,5.95355463014722,5.13964192667407,22.4625247455441,0,56.7146110534668
0,0,0,0,0,0,0,0,0,4.59312661956338,0,3.10323131900944,0,0,0,0,0,0,52.9290900230408,3.56884976362778,0,5.28864341682079,0,5.19257212820507,0,0,0,0,0,0,0,0,0,3.11543976068497,3.23415759115508,6.84909606394252,3.00955903530121,0,3.41513861480512,0,0,13.5144982337952,0,50.6340274810791,0,14.6687127026645,0,5.65977441563326,0,5.40426455876406,0,0,0,0,0,3.70923733711243,0,3.05724835395813,0,0,0,0,17.0446484671699,0,10.80523489335,0,6.07263988172504,0,0,0,0,0,0,0,0,0,3.65765194892883,3.29332031959142,12.25999716174,0,5.74143082788675,4.8281991481781,4.70370310710536,4.73392018565425,7.58660488128662,27.3515911102295,0
0,0,0,0,0,0,0,0,4.89190177236285,0,4.72563324986602,0,0,0,0,0,82.7006607055664,0,72.4284673837515,0,5.4688983838875,0,3.61750299990678,0,4.02785962497284,0,0,0,0,0,4.18957890699965,0,0,3.28765457471212,4.95181369291593,2.90486132181608,6.62101056187049,3.41513861480512,0,0,0,0,33.3126880441393,0,0,0,47.1005689832899,9.61941788980625,7.46681986946231,0,0,0,0,0,8.02215607026044,0,6.07419432851624,0,0,0,0,0,0,7.71986653361915,0,4.58950704686782,0,4.89823478941592,0,0,0,0,0,3.64995132014155,0,0,0,6.75205705165863,86.089111328125,11.8380538958406,3.76688271981698,6.0523794971268,5.09936126074795,4.26504756028836,9.27094181104638,0,39.9285640716553
0,0,0,42.3502502441406,69.7246170043945,0,0,0,0,0,0,0,0,0,0,0,75.1442896525065,71.4658397674561,48.5987686172245,16.6578197479248,0,0,0,0,0,0,0,0,0,0,0,9.36934232711792,0,0,0,84.5853225708008,0,0,0,0,58.8353118896484,23.2596730454108,46.3814348856608,37.8732376098633,0,8.92931459450267,48.4434878031413,21.5760696281086,18.5815403802054,13.6006247921596,0,0,0,0,0,0,0,50.1825249989827,0,0,0,0,12.7639314701192,78.2234970092773,0,0,0,0,0,0,0,0,55.6428433931791,0,11.7447737285069,0,0,0,15.562954467981,83.3320881979806,30.8825859824816,83.9149551391602,45.562124413959,74.28369140625,25.461237573512,0,58.9164962768555
0,0,35.1729049682617,0,41.8553279308563,0,0,0,0,0,0,0,0,0,0,0,60.4897727966309,0,51.3175128755115,0,34.4614613850911,0,0,0,0,0,0,0,0,0,0,0,0,0,0,0,72.5448837280273,0,0,58.8353118896484,0,55.930061340332,22.76268831072,33.8883438110352,50.606071472168,0,13.430140602085,21.9987286260051,12.8749370799763,0,38.9412551879883,0,0,0,0,0,48.3764953613281,0,50.8491668701172,0,0,0,0,16.0239285218347,0,0,0,0,0,0,0,0,0,71.2318700154622,0,0,0,31.6028289794922,62.0464096069336,16.1769503383409,0,56.309928894043,44.2920504049821,33.8190002441406,18.0441220965833,0,20.4456085562706
0,31.9150302333217,0,23.8560254838732,55.6756362915039,31.4104042053223,0,0,0,10.0865175794847,0,33.5208587646484,0,0,0,0,50.3662414550781,46.2433578543467,22.8314644928275,33.7989149093628,0,0,0,0,0,0,0,0,0,0,0,0,0,0,0,57.0900043038761,87.448844909668,13.5144982337952,0,23.2596730454108,55.930061340332,0,10.2316744542812,0,0,31.1396082136366,32.4380762577057,13.1023241632125,18.3075244426727,17.7258347132974,49.4606380462646,0,0,0,0,0,0,21.3603142293294,0,0,0,0,22.1147098789403,69.9509963989258,0,0,0,0,0,0,25.7761136054993,0,24.1935622187674,61.2999534606934,0,0,0,0,34.4429594681933,64.1645248413086,30.6153098047157,64.9424743652344,14.1792302174243,57.8773498535156,18.6114709266923,9.25944447278976,27.3988475799561
21.278327057391,0,28.3640759277344,69.6781921386719,42.4322521123993,0,0,0,12.5166283588783,0,0,0,0,0,0,0,37.9890235374714,51.956042960838,21.5127807856929,0,56.0688158671061,0,0,0,0,0,0,0,0,0,0,0,0,0,0,101.831354777018,58.682649890196,0,33.3126880441393,46.3814348856608,22.76268831072,10.2316744542812,0,0,19.2339744567871,66.660031636556,25.6165157265406,10.1183968334529,16.0361198146388,0,42.4254868825277,0,0,0,23.140379746755,0,21.8884264377126,60.1612186431885,33.9509541193644,0,0,0,73.6232347488403,28.8659703100429,0,0,0,0,0,0,0,28.5670265051035,78.6126642227173,18.9401356975238,0,0,0,10.3071523146196,69.6096522013346,28.4402584205985,73.3946666717529,25.7752622421583,19.2769290493807,28.8524710337321,13.6194665242222,0,8.73010433703579
0,0,0,0,0,0,0,0,0,0,0,23.5845613479614,0,0,0,0,0,0,8.86432943934888,0,0,0,0,0,0,0,0,0,0,0,0,0,0,0,0,52.6782825354374,0,50.6340274810791,0,37.8732376098633,33.8883438110352,0,0,0,0,16.1218584060669,0,0,0,0,0,0,0,0,0,0,0,23.2795573643276,0,0,0,0,27.5442175865173,0,0,0,0,0,0,0,0,0,26.2309109182919,0,0,0,0,0,48.8160804619818,0,34.039216981317,0,29.0346279144287,0,13.9724905115587,0,0
0,0,0,0,0,0,0,0,0,0,26.3231563568115,0,0,0,0,0,39.8877156575521,37.4939765930176,12.883877186065,0,0,0,0,0,0,0,0,0,0,0,0,0,0,0,0,0,51.5906766255697,0,0,0,50.606071472168,0,19.2339744567871,0,0,0,0,0,0,0,0,0,0,0,0,0,23.294469833374,0,0,0,0,0,0,26.8822154998779,0,0,0,0,0,0,0,0,0,23.5697176797049,0,0,0,0,0,37.4321756864849,0,32.1455031098991,32.4332950115204,0,19.9694788150298,0,26.3473672866821
0,0,0,14.0915439128876,0,16.0146857692349,0,0,0,16.9885139465332,0,12.9901402131566,0,0,0,0,0,0,54.6685017177037,10.1035597876266,0,0,0,0,0,0,0,0,0,0,0,0,0,0,0,17.043501670544,0,14.6687127026645,0,8.92931459450267,0,31.1396082136366,66.660031636556,16.1218584060669,0,0,0,30.4725557528044,24.6364427566528,21.5157060163567,0,11.2674153645833,0,0,0,0,0,14.9465571602306,0,0,0,0,8.03131378263069,0,0,0,0,0,0,0,0,0,19.2578767986473,0,0,0,0,0,17.9655347882852,73.7402877807617,18.7310429703737,0,20.0057641963959,0,16.5947042614887,22.981840133667,0
0,0,8.84928272343889,48.8266716003418,19.6205754393085,0,19.4665200369699,0,14.252685546875,0,42.8969217936198,0,0,0,0,0,50.5466435750326,68.7931543986003,43.6339797484569,0,16.6474874700819,0,0,0,0,0,0,0,0,0,0,0,0,0,0,88.4813537597656,42.7121982948453,0,47.1005689832899,48.4434878031413,13.430140602085,32.4380762577057,25.6165157265406,0,0,0,0,32.9292655944824,27.3004785926597,0,19.8951908028644,0,0,0,14.8109860420227,0,25.4807248524257,0,18.08904393514,0,0,0,57.9018383026123,15.4620390845266,0,0,0,0,0,0,0,33.1001710891724,0,27.9262923104422,0,0,0,0,66.0749959309896,19.9449144937374,84.3815383911133,39.1407931071546,28.215943111396,18.5346450805664,15.7379928408837,56.8218421936035,18.7720849757292
0,40.743735631307,0,0,49.4931664717825,49.5463018417358,0,0,27.0675005912781,16.8532485961914,0,0,0,0,0,0,0,0,48.0424957275391,50.9192981719971,44.8719043731689,14.925799369812,0,0,19.2012233734131,0,0,0,0,0,0,4.31178959649663,4.17051820556323,6.26429832381374,4.17058297336276,9.71519798099404,18.6010227814699,5.65977441563326,9.61941788980625,21.5760696281086,21.9987286260051,13.1023241632125,10.1183968334529,0,0,30.4725557528044,32.9292655944824,0,7.99004007661654,6.84697051366715,49.0873225529989,46.4099082946777,0,0,0,0,50.748202641805,56.3337554931641,0,0,0,0,38.8916470209757,46.2820920944214,15.4579086303711,0,0,19.4597511291504,0,0,0,0,61.1358871459961,0,6.20479306531331,7.44896040698998,6.57562243711381,5.46075777483709,7.36647710324169,8.81952912681981,10.1024983376265,11.0487279265355,6.71198814077005,4.90958952903748,10.957909391188,15.9700689315796,24.577278137207
5.79250024666293,0,8.77864459568892,0,43.174200141639,0,0,0,6.24060144622531,0,0,0,0,0,5.46401699384054,0,0,0,84.2154453822545,42.7564468383789,33.3844876289368,0,5.31721503073626,0,7.64654536808238,0,4.92253144264221,0,0,0,0,6.20853225708008,0,0,7.97138180940048,24.7990886688232,30.1739587386449,0,7.46681986946231,18.5815403802054,12.8749370799763,18.3075244426727,16.0361198146388,0,0,24.6364427566528,27.3004785926597,7.99004007661654,0,6.51147262255351,29.6626581227014,0,0,0,6.09200127056667,0,34.8881771564484,57.173526763916,25.1643337952463,0,4.49720717221498,0,40.8316879272461,39.570025062561,0,4.82656272392177,0,5.34559430866451,0,5.11814507501855,0,11.9087004869138,0,32.9961526053292,7.80695957607693,0,0,8.51633375130811,47.5044150352478,15.7796676176764,0,8.20824016390459,17.9958298319067,18.9383220672607,13.2910018556652,0,27.0132827758789
0,5.72416715398967,0,11.7127031675975,0,42.0205835501353,0,0,0,9.78121113777161,0,51.0579872131348,0,0,0,0,0,0,54.289313180106,40.5639795575823,0,9.48001512406128,0,5.72259706258774,0,0,0,0,0,0,0,7.25436491966248,0,3.02892218317304,0,25.7934265335401,9.90576457977295,5.40426455876406,0,13.6006247921596,0,17.7258347132974,0,0,0,21.5157060163567,0,6.84697051366715,6.51147262255351,0,0,0,0,0,0,6.87614893913269,0,18.7083327937942,0,13.1553047146417,0,4.71554635918659,25.708378751513,0,12.5397042536623,0,6.32233207636866,0,4.60944096941546,0,5.32645907757445,0,23.1004720732972,0,8.99024643139406,0,7.69656488100688,0,24.4837359084746,40.3937768936157,7.2923407032296,0,18.8398749932956,0,13.6702600002565,56.3159828186035,0
6.71255302429199,0,7.71158780687946,0,4.32308069263439,0,2.7376827398936,0,4.51173975026166,0,0,0,3.94563619295756,0,4.34394291469029,0,0,0,0,0,4.16358251207405,0,0,0,0,0,0,0,0,0,0,0,0,0,0,0,26.4009031613668,0,0,0,38.9412551879883,49.4606380462646,42.4254868825277,0,0,0,19.8951908028644,49.0873225529989,29.6626581227014,0,0,0,3.27859915733337,0,3.81365564861129,0,7.51808802286784,0,4.26001342650383,0,5.50980944562667,0,0,7.18151908681013,0,0,0,0,0,0,0,0,0,41.0326480865479,0,0,0,0,74.5322570800781,21.9095650737725,0,0,8.65573264563337,3.99431204795837,18.2101711412171,0,29.5048030217489
0,0,0,5.24749851226807,0,3.32720099795948,0,3.60678864106899,0,4.95481622219086,0,0,0,0,0,3.4415191411972,0,0,0,3.19397911429405,0,0,0,0,0,0,0,0,0,0,0,0,0,0,0,0,0,0,0,0,0,0,0,0,0,11.2674153645833,0,46.4099082946777,0,0,0,0,0,3.25860835927905,0,2.92795939445496,0,4.62598296574184,0,0,0,3.23958978056908,6.45936693464007,0,0,0,0,0,0,0,0,0,0,0,0,0,0,0,0,0,0,0,3.63550109231574,0,5.08888759979835,0,0
0,0,0,0,3.88903350446691,0,3.96693914731344,0,0,0,4.90218549775908,0,5.1081303358078,0,0,0,0,0,0,0,4.2199513060706,0,0,0,0,0,0,0,0,0,0,0,0,0,0,0,0,0,0,0,0,0,0,0,0,0,0,0,0,0,3.27859915733337,0,0,0,0,0,4.27124261645462,0,3.3838164806366,0,0,0,0,4.75367865085602,0,0,0,0,0,0,0,0,0,0,0,0,0,0,0,0,0,0,3.93559503257806,7.11679525375366,0,0,0
0,0,0,0,0,3.07713813781738,0,3.38549506060685,0,0,0,3.38376379013062,0,0,0,0,0,0,0,0,0,0,0,0,0,0,0,0,0,0,0,0,0,0,0,0,0,0,0,0,0,0,0,0,0,0,0,0,0,0,0,3.25860835927905,0,0,0,0,0,3.04769996334525,0,0,0,0,0,0,0,0,0,0,0,0,0,0,0,0,0,0,0,0,0,0,0,0,4.01786375045776,0,0,0,0
4.96935402735686,0,5.10341465014678,0,3.85321150507246,0,0,0,6.03586193660408,39.0344696044922,0,0,0,0,4.57453008106777,0,18.3676633834839,37.1327777862549,46.5572566986084,0,0,0,0,0,5.95813932100932,0,5.46624151865641,0,0,0,0,0,0,0,0,0,0,0,8.02215607026044,0,0,0,23.140379746755,0,0,0,14.8109860420227,0,6.09200127056667,0,3.81365564861129,0,0,0,0,0,0,0,0,0,5.68684468407562,0,0,0,0,0,0,5.01390658293156,0,11.3038696113386,0,0,0,0,0,0,0,0,0,0,0,10.3062100034011,10.9721778614653,8.57162284851074,5.71322389112578,0,14.5025978088379
0,5.20278686003252,0,3.96654976828624,0,4.328379562166,0,0,0,3.39245128768614,0,0,0,0,0,3.01483345031738,0,5.06418657302856,0,0,0,0,0,4.10302249590556,0,5.27522325515747,0,0,0,0,0,0,0,0,0,0,0,3.70923733711243,0,0,0,0,0,0,0,0,0,0,0,6.87614893913269,0,2.92795939445496,0,0,0,0,0,0,0,0,0,5.71083302596181,0,0,0,0,2.94762735366821,0,0,0,0,0,0,0,0,0,0,0,0,0,5.95831054594459,0,4.91965090751648,0,0,0,0
0,0,8.7379313666245,0,22.2436406877306,0,4.41088531970978,0,0,0,5.33045197343526,0,4.91609336507966,0,0,0,63.4073448181152,0,51.3775577545166,0,5.83832623744703,0,0,0,0,0,26.191104888916,0,0,0,6.14149972108694,0,0,0,0,0,14.9699604387941,0,6.07419432851624,0,48.3764953613281,0,21.8884264377126,0,23.294469833374,0,25.4807248524257,50.748202641805,34.8881771564484,0,7.51808802286784,0,4.27124261645462,0,0,0,0,0,4.83213014370765,0,6.96824592351913,0,0,9.9026608980619,0,0,0,0,0,22.0837527772655,0,14.1573954106587,0,7.59136818947267,0,0,0,0,0,42.770178951025,0,10.6523170437253,5.60346676828035,9.27810192108154,6.21097024524812,0,14.7733742396037
0,9.37413014305962,0,22.0256086466264,0,37.0587993197971,0,2.81683174769084,0,35.295224905014,0,6.88711914666543,0,9.41117050250371,0,0,0,0,40.0838810770135,4.49350773729384,0,33.1598313649495,0,0,0,0,0,7.57658100128174,0,8.41889381408691,0,0,0,0,0,164.526184082031,0,3.05724835395813,0,50.1825249989827,0,21.3603142293294,60.1612186431885,23.2795573643276,0,14.9465571602306,0,56.3337554931641,57.173526763916,18.7083327937942,0,4.62598296574184,0,3.04769996334525,0,0,0,0,0,5.18695872216611,0,13.2152513927884,10.2589912260826,74.3544998168945,33.5966543032799,0,28.5763030052185,0,15.9611490003524,0,7.67351002679315,0,7.56925737102025,0,0,0,0,0,57.6051970193552,97.2771301269531,16.0985794067383,0,39.5036746544567,0,16.5037182758866,19.1681354430414,0
0,0,5.88148471785755,0,21.7241706848145,0,3.24758124351501,0,0,0,4.98623734121924,0,4.15612086624247,0,3.76393845346239,0,0,0,0,0,15.9021972020467,0,0,0,0,0,9.31557750701904,0,4.92904624167611,0,6.96813054311843,0,0,0,0,0,0,0,0,0,50.8491668701172,0,33.9509541193644,0,0,0,18.08904393514,0,25.1643337952463,0,4.26001342650383,0,3.3838164806366,0,0,0,4.83213014370765,0,0,0,5.16555194728142,0,0,17.3949638094221,0,29.0458278656006,0,0,0,20.2100408042687,0,9.93228491470659,0,8.29289303431435,0,0,0,0,0,49.2567520141602,0,0,5.56716968463017,5.68219876289368,11.8384648504711,0,0
0,0,0,7.05653977394104,0,0,0,0,0,0,0,0,0,3.0690170611654,0,3.77666317281269,0,0,0,0,0,0,0,0,0,0,0,6.97906970977783,0,0,0,0,0,0,0,0,0,0,0,0,0,0,0,0,0,0,0,0,0,13.1553047146417,0,0,0,0,0,0,0,5.18695872216611,0,0,0,6.64338755607605,0,0,31.9424661908831,0,12.3393564224243,0,8.70917652008381,0,6.12452592849731,0,0,0,0,0,0,0,0,0,0,0,0,0,6.7855783700943,0,0
5.82788098927202,0,0,0,8.25136811458147,0,0,0,6.28402362855453,0,0,0,3.54577196121216,0,4.38536513398547,0,10.257573424316,25.4051036834717,0,0,0,0,0,0,11.7398821966989,0,15.5654251098633,0,0,0,0,0,0,0,0,0,0,0,0,0,0,0,0,0,0,0,0,0,4.49720717221498,0,5.50980944562667,0,0,0,5.68684468407562,0,6.96824592351913,0,5.16555194728142,0,0,0,0,0,0,0,0,12.810947696884,0,5.51787701010396,0,0,0,0,0,0,0,0,0,0,0,0,11.6330716784407,6.50116129716237,48.8626594543457,0,0
0,3.95965819461371,0,0,0,3.46063125133514,0,0,0,5.34781737187329,0,0,0,0,0,3.01116345405579,0,9.26677438020706,0,0,0,0,0,0,0,8.86315875394004,0,0,0,0,0,0,0,0,0,0,0,0,0,0,0,0,0,0,0,0,0,0,0,4.71554635918659,0,3.23958978056908,0,0,0,5.71083302596181,0,13.2152513927884,0,6.64338755607605,0,0,0,0,0,0,0,0,2.9466507434845,0,0,0,0,0,0,0,0,0,0,0,0,0,4.54732906512725,0,4.80653472741445,0,0
0,0,0,24.3652758164839,0,8.81915178492263,0,4.11583089280403,0,22.2337045669556,0,7.95576458507114,0,0,0,0,78.5527847290039,69.7555567423503,51.0096771486344,6.51128732836863,0,0,0,0,0,0,0,0,0,0,0,0,0,0,0,15.3550517412159,120.803985595703,17.0446484671699,0,12.7639314701192,0,22.1147098789403,73.6232347488403,27.5442175865173,0,8.03131378263069,57.9018383026123,38.8916470209757,40.8316879272461,25.708378751513,0,6.45936693464007,0,0,0,0,0,10.2589912260826,0,0,0,0,0,82.9975128173828,0,0,0,0,0,0,23.6782406568527,0,19.4947081719126,86.9868545532227,0,0,0,0,10.8504130873442,93.5108024597168,13.6949181043242,95.6098575592041,22.2213962321379,0,12.8379525516655,15.3032426834106,87.7796859741211
0,0,19.4508514404297,0,8.16332919637584,0,4.60738357587865,0,0,0,6.69841699972688,73.4475021362305,15.3491811752319,0,0,0,71.9714630126953,87.1643218994141,62.1802392560382,0,6.35310415937917,0,0,0,0,0,0,0,0,0,36.0993371009827,0,0,0,0,0,13.216041131268,0,7.71986653361915,78.2234970092773,16.0239285218347,69.9509963989258,28.8659703100429,0,26.8822154998779,0,15.4620390845266,46.2820920944214,39.570025062561,0,7.18151908681013,0,4.75367865085602,0,0,0,9.9026608980619,74.3544998168945,17.3949638094221,0,0,0,82.9975128173828,0,0,0,0,0,0,36.4309349060059,0,27.0592599521984,0,21.2299470394216,0,0,0,0,88.8682187398275,18.4753039373735,0,19.3471789438949,15.0384344961955,3.57465340109432,17.1162402380879,0,18.7131125926971
0,0,0,0,0,0,0,0,0,0,0,0,0,0,0,0,0,3.56093934178352,0,0,0,5.31352940176879,3.58163332939148,7.18949141601721,0,0,0,0,0,0,0,0,0,0,0,0,0,10.80523489335,0,0,0,0,0,0,0,0,0,15.4579086303711,0,12.5397042536623,0,0,0,0,0,0,0,33.5966543032799,0,31.9424661908831,0,0,0,0,0,0,6.4863162671366,0,6.81828794549054,0,9.5885488638898,0,0,0,0,0,0,0,0,0,7.91172212076187,0,3.91676782131195,4.4382521212101,33.2726904551188,0,0
0,0,0,0,0,0,0,0,0,0,0,0,0,0,0,0,3.95477301815906,0,0,0,0,0,4.15491194884831,0,4.05332532723745,0,3.70348677165072,0,4.33276888302394,0,0,0,0,0,0,0,0,0,4.58950704686782,0,0,0,0,0,0,0,0,0,4.82656272392177,0,0,0,0,0,0,0,0,0,29.0458278656006,0,0,0,0,0,0,0,0,4.06367735943552,0,4.01961306595677,0,8.17613497187221,0,16.0063865582148,0,0,0,0,0,0,0,4.78414476888124,4.37382407395736,2.91465110778809,0,0,0
0,0,0,0,0,0,0,0,0,3.93025120099386,0,0,0,0,0,0,0,3.61988509268988,0,0,0,3.61011216765956,0,3.36754629453023,0,5.27827215194702,0,0,0,0,0,0,0,0,0,0,0,6.07263988172504,0,0,0,0,0,0,0,0,0,0,0,6.32233207636866,0,0,0,0,0,2.94762735366821,0,28.5763030052185,0,12.3393564224243,0,0,0,0,6.4863162671366,0,0,0,5.91923124400469,0,8.07628654524431,0,0,0,0,0,0,0,0,0,7.4271256797682,0,3.90483425384344,0,7.95064828644938,0,0
15.2094306945801,0,0,0,0,0,0,0,7.37358084714638,0,0,0,0,0,0,0,6.39405031204224,0,0,0,0,0,4.58883368027838,0,4.29375440463069,0,5.21452681153221,0,0,0,0,0,0,0,0,0,0,0,4.89823478941592,0,0,0,0,0,0,0,0,19.4597511291504,5.34559430866451,0,0,0,0,0,5.01390658293156,0,0,0,0,0,12.810947696884,0,0,0,0,4.06367735943552,0,0,0,5.12853380063134,0,0,0,0,0,0,0,0,0,0,0,6.08378339485383,4.74283406132495,4.52157323360443,6.86884045071072,0,0
0,0,0,0,0,0,0,0,0,7.69638228416443,0,0,0,0,0,5.69541090726852,0,8.23004440013194,0,0,0,6.83450967470805,0,7.99865539868673,0,5.3855755784709,0,3.16721128500425,0,0,0,0,0,0,0,0,0,0,0,0,0,0,0,0,0,0,0,0,0,4.60944096941546,0,0,0,0,0,0,0,15.9611490003524,0,8.70917652008381,0,2.9466507434845,0,0,6.81828794549054,0,5.91923124400469,0,0,0,3.51391208467405,0,0,0,0,0,0,0,0,0,0,0,5.84977074447108,0,4.25073831421988,0,0
9.35246757417917,0,0,0,0,0,0,0,9.13451911102642,0,40.0597686767578,0,3.06016997496287,0,3.50619469239162,0,5.47020303513393,0,0,0,0,0,4.41649365250444,0,4.97779840275093,0,3.33465530714357,0,4.00669765472412,0,0,0,0,0,0,0,0,0,0,0,0,0,0,0,0,0,0,0,5.11814507501855,0,0,0,0,0,11.3038696113386,0,22.0837527772655,0,20.2100408042687,0,5.51787701010396,0,0,36.4309349060059,0,4.01961306595677,0,5.12853380063134,0,0,0,7.22634760933068,0,0,0,0,0,0,0,0,0,0,6.73808110790488,0,8.41211843490601,0,0
0,0,0,41.525447845459,0,0,0,0,0,40.7984657287598,0,0,0,0,0,0,0,0,0,0,0,8.9529265165329,0,9.74711899757385,0,2.95621013641357,0,5.66756949322746,0,0,0,0,0,0,0,0,0,0,0,0,0,25.7761136054993,0,0,0,0,0,0,0,5.32645907757445,0,0,0,0,0,0,0,7.67351002679315,0,6.12452592849731,0,0,23.6782406568527,0,9.5885488638898,0,8.07628654524431,0,3.51391208467405,0,0,0,4.17657857533743,0,0,0,0,0,65.7124557495117,0,7.6683604300803,0,10.9216166138649,0,13.9432563731545,0,0
0,0,48.2702598571777,0,0,0,0,0,0,0,23.7497119903564,0,0,0,0,0,0,0,0,0,29.2422313690186,0,3.76318983649308,0,0,0,6.75378741264343,0,4.86747867737735,0,3.80644355271314,0,0,0,0,0,0,0,0,0,0,0,28.5670265051035,0,0,0,33.1001710891724,0,11.9087004869138,0,0,0,0,0,0,0,14.1573954106587,0,9.93228491470659,0,0,0,0,27.0592599521984,0,8.17613497187221,0,0,0,7.22634760933068,0,0,0,5.44146273187351,0,0,0,0,0,59.5028370943936,0,5.71885598398494,5.44406564612138,2.95220017433167,18.954948703448,0,30.8345041275024
0,31.2792892456055,0,32.9459474594867,0,44.1044067382812,0,0,0,39.7410759925842,0,4.11153016771589,0,0,0,0,76.4768218994141,0,39.5233624432538,7.16222854094072,0,0,0,0,0,0,0,0,0,3.70338665920755,0,0,0,0,0,0,0,0,0,55.6428433931791,0,24.1935622187674,78.6126642227173,26.2309109182919,0,19.2578767986473,0,61.1358871459961,0,23.1004720732972,0,0,0,0,0,0,0,7.56925737102025,0,0,0,0,19.4947081719126,0,0,0,0,0,0,0,4.17657857533743,0,0,0,0,0,0,0,58.7343627322804,112.832050323486,4.43250398707034,0,42.7842315246012,0,22.1072246860346,21.7773461783374,0
0,0,31.3426261314979,0,38.2349197387695,0,0,0,37.0529365539551,0,12.0127437465875,0,0,0,0,0,60.4398663838704,74.7257919311523,44.510166985648,0,27.0598145998441,0,0,0,0,0,0,0,4.40443866903132,0,6.60135707824949,0,0,0,0,0,84.2589318411691,0,3.64995132014155,0,71.2318700154622,61.2999534606934,18.9401356975238,0,23.5697176797049,0,27.9262923104422,0,32.9961526053292,0,41.0326480865479,0,0,0,0,0,7.59136818947267,0,8.29289303431435,0,0,0,86.9868545532227,21.2299470394216,0,16.0063865582148,0,0,0,0,0,5.44146273187351,0,0,0,0,0,0,108.926147460938,56.9653679132462,0,6.76232093151351,12.522932767868,0,12.3260469080595,0,18.9358009371841
0,0,0,0,0,0,0,0,0,0,0,0,0,0,0,0,0,0,0,0,0,0,0,0,0,0,0,0,0,0,0,4.48845683905677,10.1689319741835,4.51668341670717,8.00201749801636,2.93397307395935,0,0,0,11.7447737285069,0,0,0,0,0,0,0,6.20479306531331,7.80695957607693,8.99024643139406,0,0,0,0,0,0,0,0,0,0,0,0,0,0,0,0,0,0,0,0,0,0,0,0,0,23.29030249669,5.03223432898521,49.5209846496582,3.71402440071106,21.282094907157,0,0,5.91763961838813,0,0,0,0
0,0,0,0,0,0,0,0,0,0,0,0,0,0,0,0,0,0,0,0,0,0,0,0,0,0,0,0,0,0,0,9.85189593633016,5.03213579962312,0,8.09126763343811,0,3.19057985714504,0,0,0,0,0,0,0,0,0,0,7.44896040698998,0,0,0,0,0,0,0,0,0,0,0,0,0,0,0,0,0,0,0,0,0,0,0,0,0,0,23.29030249669,0,0,9.58389645230536,24.9629688262939,9.24935744897901,0,0,8.77081680858836,0,0,0,0
0,0,0,0,0,0,0,0,0,0,0,0,0,0,0,0,0,0,0,0,0,0,0,0,0,0,0,0,0,0,0,4.97280269198948,3.36487758159637,4.00483440702189,4.10701053817612,4.01652369336185,0,3.65765194892883,0,0,0,0,0,0,0,0,0,6.57562243711381,0,7.69656488100688,0,0,0,0,0,0,0,0,0,0,0,0,0,0,0,0,0,0,0,0,0,0,0,0,5.03223432898521,0,0,0,7.80843033715411,0,5.04439423678763,0,5.37176713238069,0,0,0,0
0,0,0,0,56.6001014709473,0,0,0,0,0,0,0,0,0,0,0,0,0,0,0,0,0,0,0,0,0,0,0,0,0,0,2.73368000984192,6.37158681042372,3.61598110198975,4.93028087442807,0,5.26004065351283,3.29332031959142,6.75205705165863,0,31.6028289794922,0,10.3071523146196,0,0,0,0,5.46075777483709,8.51633375130811,0,0,0,0,0,0,0,0,0,0,0,0,0,0,0,0,0,0,0,0,0,0,0,0,0,49.5209846496582,9.58389645230536,0,0,0,8.80618706185995,0,6.45424478839187,4.58854891735574,0,13.9465259092825,0,0
0,40.7017669677734,0,0,86.0522880554199,17.1148389180501,0,0,0,0,0,31.2221098740896,0,0,0,0,79.7314280555362,84.4222081502279,59.6851802708552,5.65343544394882,0,0,0,0,0,0,0,0,0,0,0,5.16503046540653,12.3380397160848,7.81283200482082,0,10.0784783322938,49.3570532798767,12.25999716174,86.089111328125,15.562954467981,62.0464096069336,34.4429594681933,69.6096522013346,48.8160804619818,0,17.9655347882852,66.0749959309896,7.36647710324169,47.5044150352478,24.4837359084746,74.5322570800781,0,0,0,0,0,0,57.6051970193552,0,0,0,0,10.8504130873442,88.8682187398275,0,0,0,0,0,0,65.7124557495117,0,58.7343627322804,108.926147460938,3.71402440071106,24.9629688262939,7.80843033715411,0,0,98.0007219622212,14.8042866957106,107.34369802475,52.7156133439617,87.6696319580078,40.497636024718,37.0888586351948,84.1005516052246
