0,0,0.116824990598594,0,0.12581738628771,0,0,0,0.144199714735822,0,0,0,0,0,0,0,0.256452351808548,0,0.292267758931432,0,0,0,0,0,0,0,0,0,0,0,0,0,0,0,0,0,0,0,0,0,0.277931665380796,0,0.247781603969634,0,0,0,0.254476815023843,0,0.149646818096744,0,0.136615385611852,0,0,0,0.185571278765719,0,0.146417640149593,0,0,0,0.164092315293171,0,0,0.302511848509312,0,0,0,0.175617851316929,0,0.179908126592636,0,0,0,0,0,0,0,0,0,0.308334054637559,0,0.338952354022435,0.191596021083124,0,0.176492161137431,0,0.243489515036345
0,0,0,0.116198523139412,0,0,0,0,0,0.125096839828271,0,0,0,0,0,0,0.244159996509552,0.242768004536629,0.268305172522863,0,0,0,0,0,0,0,0,0,0,0,0,0,0,0.201347157359123,0,0,0,0.167094505495495,0.399179950356483,0.313524037599564,0,0.24586893680922,0,0,0,0.184302300214767,0,0.229904430138098,0,0.197954898084618,0,0,0,0,0,0.178420981907912,0,0.156195566058159,0,0,0,0.13102264151625,0.28916423022747,0,0,0,0.211315590943863,0,0,0,0,0,0.231079645454884,0,0,0,0,0,0.314591932025823,0,0.280254878103733,0,0.190882653189011,0,0.188325835534265,0.172840098539988,0
0.116824990598594,0,0,0,0.132995982840657,0,0,0,0.133957956252354,0,0,0,0,0,0,0,0.23626420540469,0.242658892273903,0.243259142719063,0,0.127172134816647,0,0,0,0,0,0,0,0,0,0,0,0,0,0,0,0.215105593204498,0,0,0.221144907176495,0.220416591349822,0.227078738311927,0.256341728159026,0,0.266553282737732,0,0.225514543467555,0.207045970484614,0.198027771716435,0.228336948156357,0.135534793138504,0,0,0,0.118766965050446,0,0.201254261767163,0,0,0,0,0,0,0.222607836127281,0,0,0,0,0,0,0,0,0,0,0,0,0,0,0.282999753952026,0.223130246269561,0,0.282496362924576,0.2529626980859,0,0.216028281513706,0,0.20630790044864
0,0.116198523139412,0,0,0,0.107016974853145,0,0,0,0.114487501482169,0,0,0,0,0,0,0.227814048528671,0.233882799744606,0.231890033591877,0.136223539710045,0,0,0,0,0,0,0,0,0,0,0,0,0,0,0,0.165407258351999,0,0.175945468246937,0,0.195659959624554,0.197946146130562,0.219947442494703,0.212715018037203,0.242329053580761,0.200138598680496,0.188911768405334,0.274426072835922,0.210568847400802,0,0.187369291236003,0,0,0,0,0,0.111694631787638,0,0.165058459341526,0,0,0,0,0.210776838309625,0,0,0,0,0,0,0,0,0,0,0,0,0,0,0,0.203195000313363,0.241500188906988,0.272300867984692,0,0.186129219605113,0,0.208274879122628,0.186067195071114,0
0.12581738628771,0,0.132995982840657,0,0,0,0.172346469167977,0,0.147198771685362,0,0.160141782862927,0,0.232569932192564,0,0.223040774464607,0,0,0,0.235360234975815,0,0.168092873136876,0,0,0,0,0,0,0,0,0,0,0,0,0,0,0,0.148393804828326,0,0,0,0.163815682133039,0,0.225616917014122,0,0,0,0.146028712391853,0,0.177988294925955,0.192765384912491,0.154611728447221,0,0,0,0.140457548201084,0,0.14954775436358,0,0.173815024508671,0,0.154945127831565,0,0,0.145721767698565,0,0,0,0,0,0,0,0,0,0,0,0,0,0,0,0.152421164015929,0,0,0.167754603232792,0,0.183608296959505,0,0.245102539658546
0,0,0,0.107016974853145,0,0,0,0.1661402977282,0,0.090411476790905,0,0.14228659439832,0,0,0,0,0,0,0.258601799607277,0.163498073816299,0,0,0,0,0,0,0,0,0,0,0,0,0,0,0,0.161720596253872,0,0,0,0.176160064008501,0,0.23273975484901,0.215969880421956,0,0,0.157768308743834,0,0,0,0.210956449309985,0,0.12942929418503,0,0.15865832567215,0,0.107185415029526,0,0.159120808205297,0,0,0,0,0.1812898889184,0,0,0,0,0,0,0,0,0,0,0,0,0,0,0,0.193577582637469,0,0.25200292468071,0,0.138792034434645,0,0.180795628901409,0.184582427144051,0
0,0,0,0,0.172346469167977,0,0,0,0,0,0.179451730800793,0,0.249284461140633,0,0,0,0,0,0,0,0.170312662919362,0,0,0,0,0,0,0,0,0,0,0,0,0,0,0,0.163585416972637,0,0,0,0,0,0,0,0,0,0,0,0,0,0,0,0.163475629687309,0,0,0,0.168668265369805,0,0.185466501116753,0,0,0,0,0,0,0,0,0,0,0,0,0,0,0,0,0,0,0,0,0,0,0,0.164548515287392,0,0,0,0
0,0,0,0,0,0.1661402977282,0,0,0,0,0,0.142769142985344,0,0.251326108972232,0,0,0,0,0,0,0,0,0,0,0,0,0,0,0,0,0,0,0,0,0,0,0,0,0,0,0,0,0,0,0,0,0,0,0,0,0,0.133340891450644,0,0,0,0,0,0,0,0,0,0,0,0,0,0,0,0,0,0,0,0,0,0,0,0,0,0,0,0,0,0,0.16967236250639,0,0,0,0
0.144199714735822,0,0.133957956252354,0,0.147198771685362,0,0,0,0,0,0,0,0,0,0.159299892537734,0,0.306125775493425,0.217166509479284,0.250365023811658,0,0,0,0,0,0.170349837918031,0,0,0,0,0,0,0,0,0,0,0,0,0,0.21437519043684,0,0,0,0.264452248811722,0.243319779634476,0,0,0,0,0.162950272690885,0,0.150875728577375,0,0,0,0.191929561584922,0,0.141421169042587,0,0.147379219532013,0,0.162022052888285,0,0,0,0,0,0,0.193817627429962,0,0.192528693212403,0,0,0,0,0,0,0,0,0,0.257126998156309,0,0.233573252956072,0.175917111552105,0.194748153311333,0.156338006741815,0,0
0,0.125096839828271,0,0.114487501482169,0,0.090411476790905,0,0,0,0,0,0,0,0,0,0.151328310917277,0,0.215109492274555,0,0,0,0,0,0.172666076570749,0,0.178629781119525,0,0,0,0,0,0,0,0.204678370764381,0,0,0,0.188499475050952,0.313756316900253,0,0,0.222560722460138,0,0,0,0,0,0.266656740903854,0,0.164200664148666,0,0,0,0,0,0.194580516927245,0,0,0,0,0,0.172669957530114,0,0,0,0,0.189704841567624,0,0,0,0,0,0,0,0,0,0.290849030017853,0,0,0,0.238206751741372,0,0.166931406601513,0.216820401449998,0.171887901873843,0.165579788386822,0
0,0,0,0,0.160141782862927,0,0.179451730800793,0,0,0,0,0,0.197815094585136,0,0,0,0,0,0,0,0.151552447955883,0,0,0,0,0,0,0,0,0,0.172972663172654,0,0,0,0,0,0.181204391813805,0,0.181770295674962,0,0,0,0,0,0,0,0,0,0,0,0,0,0.167538906137149,0,0,0,0.177815869181495,0,0.188620813190937,0,0,0,0,0.137154400560403,0,0,0,0,0,0,0,0,0,0,0,0,0,0,0,0.163184002248777,0,0.17228845188176,0.16730300695208,0.236596945673227,0,0,0
0,0,0,0,0,0.14228659439832,0,0.142769142985344,0,0,0,0,0,0.24274254788179,0,0,0,0,0,0.162420884019895,0,0,0,0,0,0,0,0.213075666592039,0,0.160656038014328,0,0,0,0,0,0.154178440956206,0,0.195037198747382,0,0,0,0.219451531767845,0,0,0,0.195416986942291,0,0,0,0,0,0.182840775369721,0,0,0,0.129647776484489,0,0.162149868662773,0,0.208018554829801,0,0,0.160442330368928,0,0,0,0,0,0,0,0.191011147972729,0,0.161382695526079,0,0,0,0,0,0.156180662759747,0,0.180003246190495,0,0.169225380121869,0,0.208150811169458,0,0
0,0,0,0,0.232569932192564,0,0.249284461140633,0,0,0,0.197815094585136,0,0,0,0.190262149209562,0,0,0,0,0,0,0,0,0,0,0,0,0,0.204452809260552,0,0,0,0,0,0,0,0,0,0,0,0,0,0,0,0,0,0,0,0,0,0,0,0.231122616678476,0,0,0,0.206502023394038,0,0.16890488537054,0,0.146415755923452,0,0,0,0,0,0,0,0,0,0,0.208387732505798,0,0,0,0,0,0,0,0,0,0,0.178732035113847,0.178777161144441,0,0,0
0,0,0,0,0,0,0,0.251326108972232,0,0,0,0.24274254788179,0,0,0,0.149639116802129,0,0.154410660266876,0,0,0,0,0,0,0,0.166322059929371,0,0.2295240334145,0,0.197561127444108,0,0,0,0,0,0,0,0,0,0,0,0,0,0,0,0,0,0,0,0,0,0,0,0,0,0,0,0.195733511579873,0,0.174465938486467,0,0,0,0,0.163813292980194,0,0,0,0,0,0.219710201025009,0,0.162273153662682,0,0,0,0,0,0,0,0,0,0.170627256110311,0.166810414243129,0,0,0
0,0,0,0,0.223040774464607,0,0,0,0.159299892537734,0,0,0,0.190262149209562,0,0,0,0.175994243472815,0,0,0,0,0,0,0,0,0,0,0,0,0,0,0,0,0,0,0,0,0,0,0,0,0,0,0,0,0,0,0,0,0,0,0,0,0,0.155496282503009,0,0,0,0.181127962163527,0,0.181076335031113,0,0,0,0,0,0,0,0,0.134036062817488,0,0,0,0,0,0,0,0,0,0,0,0,0.155232141288771,0,0,0,0
0,0,0,0,0,0,0,0,0,0.151328310917277,0,0,0,0.149639116802129,0,0,0,0.170311634844922,0,0,0,0.155678577721119,0,0.154667472036985,0,0.162503817677498,0,0,0,0,0,0,0,0,0,0,0,0,0,0,0,0,0,0,0,0,0,0,0,0,0,0,0,0,0,0.164793711582213,0,0,0,0.153428845573217,0,0.168640827252106,0,0,0,0,0.169384901983696,0,0.168203681707382,0,0,0,0,0,0,0,0,0,0,0,0,0,0.154651198670309,0.194944378275138,0,0,0
0.256452351808548,0.244159996509552,0.23626420540469,0.227814048528671,0,0,0,0,0.306125775493425,0,0,0,0,0,0.175994243472815,0,0,0.154311965804997,0.279558347580466,0.204398304224014,0,0,0.206229224801064,0,0.211174701650937,0,0.178042086277236,0,0,0,0,0,0,0,0,0.220357755819956,0,0,0,0.2359825256798,0.263891232013702,0.202622520693001,0.2284615827201,0.186335071921349,0.244326791498396,0.250720798969269,0.280321698599649,0.228499755263329,0.222926542162895,0.204039424657822,0,0,0,0,0,0,0.274213248491287,0.217611665527026,0,0,0,0,0.242493881119622,0.265833169221878,0,0,0,0,0,0.198052351077398,0,0,0,0,0,0,0,0,0.248208734073809,0.298822388185986,0.267549659343476,0.329072493314743,0.223604650267515,0.260053346554438,0.260005441716196,0.199657997488976,0.220489802268835
0,0.242768004536629,0.242658892273903,0.233882799744606,0,0,0,0,0.217166509479284,0.215109492274555,0,0,0,0.154410660266876,0,0.170311634844922,0.154311965804997,0,0.255682533233576,0,0,0.181734148253979,0,0.200421055157979,0,0.155204768516779,0,0.169391043484211,0,0,0,0,0,0,0,0,0.239759907126427,0,0,0.243914040633374,0.247430575035867,0.219274942106849,0.215429576837327,0.205758601427078,0.209518614742491,0.27157013339025,0.249899383634329,0,0.192341923713684,0.238873288035393,0,0,0,0,0,0,0.210880160331726,0.25675609211127,0,0.246664240956306,0,0.191332578659058,0.259775060144338,0.266569000325705,0.17330937321697,0,0.169837713241577,0,0.154878392138264,0,0,0,0.272407710552216,0,0,0,0,0,0.27837931116422,0.285334091045355,0.280224989602963,0.287357866764069,0.16614300942882,0.204562479853305,0.255141809244048,0.172822828094165,0.209134178236127
0.292267758931432,0.268305172522863,0.243259142719063,0.231890033591877,0.235360234975815,0.258601799607277,0,0,0.250365023811658,0,0,0,0,0,0,0,0.279558347580466,0.255682533233576,0,0.210945306079728,0,0,0,0,0,0,0.227613091468811,0,0,0,0,0,0,0,0,0.205806374549866,0.200470194220543,0,0,0.258453610247125,0.284386553598204,0.201451953094076,0.188779549874986,0.187415328581591,0.229297635570231,0.29856171767519,0.29117037164087,0,0.220262879771846,0.201864715133395,0,0,0,0,0,0,0.248231332216944,0.244549671007741,0,0.25590343400836,0,0,0.293882284581661,0.273938167303503,0,0,0,0,0,0.226703837513924,0,0,0.289030206700166,0,0,0,0,0,0.334047909259446,0.321839968687433,0.337977450641624,0.333569645548045,0.2240971859826,0.183207040031751,0.297291148921163,0.185627165767882,0.190559071728161
0,0,0,0.136223539710045,0,0.163498073816299,0,0,0,0,0,0.162420884019895,0,0,0,0,0.204398304224014,0,0.210945306079728,0,0,0,0,0,0,0,0,0,0,0.200731600324313,0,0,0,0,0,0.174780325591564,0,0.174919287980228,0,0.174494268802496,0,0.21216526398292,0.191720873117447,0,0,0.162593778823653,0,0,0,0.159823343157768,0,0,0,0,0,0,0,0.166445441605026,0,0,0,0,0.197733872656123,0.210442245006561,0,0,0,0,0,0,0,0,0.188082748315704,0,0,0,0,0,0.173597592643174,0.257760763168335,0.183691050474332,0,0.153386635926234,0,0.207763212885874,0,0
0,0,0.127172134816647,0,0.168092873136876,0,0.170312662919362,0,0,0,0.151552447955883,0,0,0,0,0,0,0,0,0,0,0,0,0,0,0,0,0,0,0,0,0,0,0,0,0,0.161108123484428,0,0.137885059675445,0,0.154745756751961,0,0.222095058514522,0,0,0,0.208193071186543,0.160836085677147,0.167794801933425,0.209052227437496,0,0,0,0,0,0,0.162125677883046,0,0,0,0,0,0,0.153917725847098,0,0,0,0,0,0,0,0,0,0,0,0,0,0,0,0.152611181179725,0,0.166802325562851,0.156877362107868,0,0.184355036012436,0,0
0,0,0,0,0,0,0,0,0,0,0,0,0,0,0,0.155678577721119,0,0.181734148253979,0,0,0,0,0.125425634696329,0.195720592394788,0,0.185841888189316,0,0.182051118820813,0,0,0,0,0,0,0,0,0,0.187658341026241,0.136776473592309,0,0,0,0,0,0,0,0,0,0,0,0,0,0,0,0,0,0,0,0,0,0,0,0,0,0.175425156244525,0.138733457299796,0.19186247614297,0,0.180168902873993,0,0.179538194029058,0,0,0,0,0,0,0.22080460190773,0,0,0.180691001737058,0,0.162157375061903,0.160224048188891,0,0,0
0,0,0,0,0,0,0,0,0,0,0,0,0,0,0,0,0.206229224801064,0,0,0,0,0.125425634696329,0,0,0.136574239237234,0,0,0,0.171159308065068,0,0,0,0,0,0.189934372901917,0,0,0,0.152169602803695,0,0,0,0,0,0,0,0,0,0.155204489827156,0,0,0,0,0,0,0,0,0,0,0,0,0,0,0,0.13272499186652,0.151905743342051,0,0.138964598829096,0,0.132609416955504,0,0.169748638889619,0,0,0,0,0,0,0,0,0,0.181964800739713,0.128550081426584,0.130689241524254,0,0,0
0,0,0,0,0,0,0,0,0,0.172666076570749,0,0,0,0,0,0.154667472036985,0,0.200421055157979,0,0,0,0.195720592394788,0,0,0,0.183328475430608,0,0,0,0,0,0,0,0,0,0,0,0.172698921535877,0,0,0,0.154416710138321,0,0,0,0,0,0.280210889875889,0,0,0,0,0,0,0,0.196710505971202,0,0,0,0,0,0.159606945514679,0,0,0,0,0.160290926679571,0,0,0,0,0,0,0,0,0,0,0,0,0,0.178427608692369,0,0.172609536537686,0,0.118026728431384,0,0
0,0,0,0,0,0,0,0,0.170349837918031,0,0,0,0,0,0,0,0.211174701650937,0,0,0,0,0,0.136574239237234,0,0,0,0.136809983036735,0,0,0,0,0,0,0,0,0,0,0,0.16096893971926,0,0,0,0,0,0,0,0,0,0.230060736522262,0,0,0,0,0,0.221103601985508,0,0,0,0,0,0.198967779676119,0,0,0,0,0.175529749040872,0,0.204826630028993,0,0.174294021941962,0,0,0,0,0,0,0,0,0,0,0,0.179250799752528,0.162443820339969,0,0.218232203274965,0,0
0,0,0,0,0,0,0,0,0,0.178629781119525,0,0,0,0.166322059929371,0,0.162503817677498,0,0.155204768516779,0,0,0,0.185841888189316,0,0.183328475430608,0,0,0,0.190632267909891,0,0,0,0,0,0,0,0,0,0,0,0,0,0,0,0,0,0,0,0,0,0,0,0,0,0,0,0.176036648452282,0,0,0,0,0,0,0,0,0.176503793673312,0,0.190070591000623,0,0.174049548978029,0,0.166107142964999,0,0,0,0,0,0,0,0,0,0,0,0.161406276258156,0,0,0,0
0,0,0,0,0,0,0,0,0,0,0,0,0,0,0,0,0.178042086277236,0,0.227613091468811,0,0,0,0,0,0.136809983036735,0,0,0,0,0,0,0,0,0,0,0,0,0,0,0,0,0,0,0,0,0,0,0,0,0,0,0,0,0,0,0,0,0,0.219245597720146,0,0,0,0,0,0,0,0,0.173260032509764,0,0.205697437168145,0,0,0,0,0,0,0,0,0,0,0,0,0.1859370745877,0,0,0,0
0,0,0,0,0,0,0,0,0,0,0,0.213075666592039,0,0.2295240334145,0,0,0,0.169391043484211,0,0,0,0.182051118820813,0,0,0,0.190632267909891,0,0,0,0.223112944038599,0,0,0,0,0,0,0,0.197792459655722,0,0,0,0,0,0,0,0,0,0,0,0,0,0,0,0,0,0,0,0.204364869566191,0,0.239876723356461,0,0,0,0,0.19888432536309,0,0,0,0.199360758066177,0,0.202956604253301,0,0.174234556540847,0,0,0,0,0,0,0,0.168740351558247,0,0.20676147455117,0.214644291339972,0,0,0
0,0,0,0,0,0,0,0,0,0,0,0,0.204452809260552,0,0,0,0,0,0,0,0,0,0.171159308065068,0,0,0,0,0,0,0,0.214149494546815,0,0,0,0,0,0,0,0.207990953358271,0,0,0,0,0,0,0,0,0,0,0,0,0,0,0,0,0,0,0,0.185581354796886,0,0,0,0,0,0,0.198118641972542,0,0,0,0,0,0.168072212359001,0,0,0,0,0,0,0,0,0,0.168905780961116,0.186850420193167,0.180274881530499,0,0,0
0,0,0,0,0,0,0,0,0,0,0,0.160656038014328,0,0.197561127444108,0,0,0,0,0,0.200731600324313,0,0,0,0,0,0,0,0.223112944038599,0,0,0,0,0,0,0,0,0,0.205317031182276,0,0,0,0,0,0,0,0,0,0,0,0,0,0,0,0,0,0,0,0.108216796815395,0,0,0,0,0,0,0,0,0,0,0,0,0.208517817484921,0,0.163075526103515,0,0,0,0,0,0,0,0.182672019983626,0,0.189878097312017,0.232510410249233,0,0,0
0,0,0,0,0,0,0,0,0,0,0.172972663172654,0,0,0,0,0,0,0,0,0,0,0,0,0,0,0,0,0,0.214149494546815,0,0,0,0,0,0,0,0,0,0.171944208142611,0,0,0,0,0,0,0,0,0,0,0,0,0,0,0,0,0,0.102774197856585,0,0,0,0,0,0,0,0,0,0,0,0,0,0,0.196802902345856,0,0.163511678576469,0,0,0,0,0,0,0,0.178885886256389,0.230333214004835,0,0,0,0
0,0,0,0,0,0,0,0,0,0,0,0,0,0,0,0,0,0,0,0,0,0,0,0,0,0,0,0,0,0,0,0,0.186850116200215,0.189202383359652,0.173112892229623,0.221192986279164,0.166338619236883,0.275582691033681,0,0,0,0,0,0,0,0,0,0.360909515059186,0.367571324110031,0.363983690738678,0,0,0,0,0,0,0,0,0,0,0,0,0,0,0,0,0,0,0,0,0,0,0,0,0.207569499463177,0.237412767986999,0.220229139033052,0.171437049234236,0.231760552849608,0.152009901443594,0,0,0.136183387044549,0,0,0,0
0,0,0,0,0,0,0,0,0,0,0,0,0,0,0,0,0,0,0,0,0,0,0,0,0,0,0,0,0,0,0,0.186850116200215,0,0.194817728561456,0.197558643870822,0.174587999886655,0.165669799931347,0.245922806588086,0.246179580688477,0,0,0,0,0,0,0,0,0.327207512896636,0,0,0,0,0,0,0,0,0,0,0,0,0,0,0,0,0,0,0,0,0,0,0,0,0,0,0.196876129744711,0.213257335641954,0.195813354849815,0.177723809886755,0.216288998102148,0.177035458146568,0.288651764392853,0.266668498516083,0.122877745639097,0,0,0,0
0,0.201347157359123,0,0,0,0,0,0,0,0.204678370764381,0,0,0,0,0,0,0,0,0,0,0,0,0,0,0,0,0,0,0,0,0,0.189202383359652,0.194817728561456,0,0.235291564657425,0.165338976510677,0,0.245334753371549,0.284898329703581,0,0,0.216823788359761,0,0,0,0,0,0.323642836072678,0.339374661445618,0.317527741193771,0,0,0,0,0,0.229948461055756,0,0,0,0,0,0,0,0,0,0,0,0,0,0,0,0,0,0,0.192003846968766,0.192474817452223,0.212764244649653,0.208509335694952,0.167162471842543,0,0.360552198770973,0.25173645831169,0.193694043159485,0.190721798688173,0.179482981562614,0,0
0,0,0,0,0,0,0,0,0,0,0,0,0,0,0,0,0,0,0,0,0,0,0.189934372901917,0,0,0,0,0,0,0,0,0.173112892229623,0.197558643870822,0.235291564657425,0,0.213741652667522,0.177672753259678,0.212398739926743,0.195409037655473,0,0,0,0,0,0,0,0,0.36524991162687,0.393349319696426,0.371411502361298,0,0,0,0,0,0,0,0,0,0,0,0,0,0,0,0,0,0,0,0,0,0,0,0,0.178532216312556,0.179257283242894,0.216280076915727,0.225443711258376,0.190405708902022,0.171909387983288,0.329416491091251,0.304711295436145,0.195178268307989,0.226243060152486,0,0,0
0,0,0,0.165407258351999,0,0.161720596253872,0,0,0,0,0,0.154178440956206,0,0,0,0,0.220357755819956,0,0.205806374549866,0.174780325591564,0,0,0,0,0,0,0,0,0,0,0,0.221192986279164,0.174587999886655,0.165338976510677,0.213741652667522,0,0.140446385213827,0.145719396321221,0.126322150230408,0.146933175623417,0,0.214078885636159,0.181512400507927,0.194290280342102,0,0.12755969809751,0,0.389599666250556,0,0.174281888537937,0,0,0,0,0,0,0,0.166963206489659,0,0,0,0,0.168501612414008,0,0,0,0,0,0,0,0,0,0,0,0.193788984028284,0,0.195933361000874,0.26040130853653,0.174762259944371,0.156269664999818,0.152986948995142,0,0.155834419353783,0,0.171024580435063,0.233931735157967,0
0,0,0.215105593204498,0,0.148393804828326,0,0.163585416972637,0,0,0,0.181204391813805,0,0,0,0,0,0,0.239759907126427,0.200470194220543,0,0.161108123484428,0,0,0,0,0,0,0,0,0,0,0.166338619236883,0.165669799931347,0,0.177672753259678,0.140446385213827,0,0.128260463476181,0.141489275775495,0,0.158823191207282,0.223514296114445,0.228689573705196,0,0,0,0.16126739805521,0.427419954427966,0.169745133759884,0.185321959356467,0,0,0,0,0,0,0.160962363607005,0,0,0,0,0,0,0.166597365721919,0,0,0,0,0,0,0,0,0,0,0.160131465982307,0.163858840306257,0,0.183544171684318,0.169797559531758,0.16632394182102,0,0.170597496251129,0.159032711528612,0.15348182812981,0.173222105180982,0,0
0,0.167094505495495,0,0.175945468246937,0,0,0,0,0,0.188499475050952,0,0.195037198747382,0,0,0,0,0,0,0,0.174919287980228,0,0.187658341026241,0,0.172698921535877,0,0,0,0.197792459655722,0,0.205317031182276,0,0.275582691033681,0.245922806588086,0.245334753371549,0.212398739926743,0.145719396321221,0.128260463476181,0,0.187723741332411,0,0,0.177631304661433,0,0,0,0,0,0.422204300800231,0,0,0,0,0,0,0,0.223954486474395,0,0.189747858960877,0,0,0,0.267279766499996,0.176713506970028,0,0.171127113092156,0,0.194490131705698,0,0,0,0.190631934059294,0,0.192706195869707,0,0,0.262361081937949,0.332649701999293,0.161134534935619,0.159362143713404,0.141957506537437,0.169258628147657,0.178954695750196,0.168639524496885,0.192472522968755,0.178383883195264,0.184604290872812,0
0,0.399179950356483,0,0,0,0,0,0,0.21437519043684,0.313756316900253,0.181770295674962,0,0,0,0,0,0,0,0,0,0.137885059675445,0.136776473592309,0.152169602803695,0,0.16096893971926,0,0,0,0.207990953358271,0,0.171944208142611,0,0.246179580688477,0.284898329703581,0.195409037655473,0.126322150230408,0.141489275775495,0.187723741332411,0,0,0,0,0,0,0,0,0,0.453220352820291,0.298798852251463,0,0,0,0,0,0.20809768140316,0.364484898746014,0.171777416455249,0,0,0,0.192682445049286,0,0,0.134949518875642,0,0.182770471033805,0.40783853083849,0.213141752959608,0,0.19368639960885,0,0.2020503765455,0,0.152441784739494,0,0.160815618932247,0.291081577539444,0.209648582268749,0,0.151632943809838,0.183330566016347,0.187265783913792,0.164538019086918,0.162148905961319,0.328364099900262,0,0
0,0.313524037599564,0.221144907176495,0.195659959624554,0,0.176160064008501,0,0,0,0,0,0,0,0,0,0,0.2359825256798,0.243914040633374,0.258453610247125,0.174494268802496,0,0,0,0,0,0,0,0,0,0,0,0,0,0,0,0.146933175623417,0,0,0,0,0.252577177115849,0.219911588321682,0.206333870724053,0.23194097088916,0.203177723288536,0.232295556228967,0.238767921924591,0.167659740814631,0,0.195984623861505,0,0,0,0,0,0.169367641210556,0,0.199059111780899,0,0,0,0,0.191071694475763,0.233371263742447,0,0,0,0,0,0,0,0,0,0,0.196794733405113,0,0,0,0.159706264470798,0.247137099504471,0.255945131814076,0.279490749041239,0.223934801958375,0,0.204860763286546,0.214823530270503,0.195186726748943
0.277931665380796,0,0.220416591349822,0.197946146130562,0.163815682133039,0,0,0,0,0,0,0,0,0,0,0,0.263891232013702,0.247430575035867,0.284386553598204,0,0.154745756751961,0,0,0,0,0,0,0,0,0,0,0,0,0,0,0,0.158823191207282,0,0,0.252577177115849,0,0.210400913826755,0.229316395309566,0.20717009305954,0.332132644951344,0,0.21623800916999,0.170151373764998,0.157060763833666,0,0,0,0,0,0,0,0.235029123102625,0,0,0,0,0,0.253825522959232,0.185653873070991,0,0,0,0,0,0,0,0,0,0.196864679455757,0,0,0,0,0.257847383618355,0.200379425627098,0.27692860033777,0.283344146609306,0.247424779856571,0,0.202939817577266,0,0.263280492275953
0,0.24586893680922,0.227078738311927,0.219947442494703,0,0.23273975484901,0,0,0,0.222560722460138,0,0.219451531767845,0,0,0,0,0.202622520693001,0.219274942106849,0.201451953094076,0.21216526398292,0,0,0,0.154416710138321,0,0,0,0,0,0,0,0,0,0.216823788359761,0,0.214078885636159,0.223514296114445,0.177631304661433,0,0.219911588321682,0.210400913826755,0,0.161496382495882,0.18406723818466,0.163030442336331,0.226484219177852,0.210578283345377,0.259644740771863,0.196544289588928,0.314757673662981,0,0,0,0,0,0.236949508795973,0.204300080736478,0.25196766188322,0,0.254083041759098,0,0,0.255972223395485,0.226861702134976,0,0,0.2732924669981,0,0,0,0,0,0.275245528896244,0,0,0,0,0,0.235361213755747,0.222494227722997,0.257415806659565,0.261938897626741,0.233666873738782,0.180605409046014,0.23630118503417,0.22625721562552,0.163220347693333
0.247781603969634,0,0.256341728159026,0.212715018037203,0.225616917014122,0.215969880421956,0,0,0.264452248811722,0,0,0,0,0,0,0,0.2284615827201,0.215429576837327,0.188779549874986,0.191720873117447,0.222095058514522,0,0,0,0,0,0,0,0,0,0,0,0,0,0,0.181512400507927,0.228689573705196,0,0,0.206333870724053,0.229316395309566,0.161496382495882,0,0.160369999858798,0.217092913493775,0.199131570902525,0.255696910061902,0.274563889019191,0.25282234343939,0.253606051206589,0,0,0,0,0,0,0.273492312831123,0.223941722086498,0,0,0,0,0.232778806239367,0.256379230416309,0,0,0,0,0,0,0,0,0,0.262221693992615,0,0,0,0.321004211902618,0.213176895161064,0.244365882044201,0.235547805421574,0.316506823059171,0.232833824030746,0,0.261342108531201,0.207189724677139,0.23098383760031
0,0,0,0.242329053580761,0,0,0,0,0.243319779634476,0,0,0,0,0,0,0,0.186335071921349,0.205758601427078,0.187415328581591,0,0,0,0,0,0,0,0,0,0,0,0,0,0,0,0,0.194290280342102,0,0,0,0.23194097088916,0.20717009305954,0.18406723818466,0.160369999858798,0,0,0.216931909322739,0.200449923674266,0,0.187147706747055,0.239426508545876,0,0,0,0,0,0,0,0,0,0,0,0,0.253437112484659,0.205804839730263,0,0,0,0,0,0,0,0,0,0,0,0,0,0,0.270760325981038,0.230850124359131,0.248422634601593,0,0.192460950576898,0,0.221275154593562,0.221500802785158,0
0,0,0.266553282737732,0.200138598680496,0,0,0,0,0,0,0,0,0,0,0,0,0.244326791498396,0.209518614742491,0.229297635570231,0,0,0,0,0,0,0,0,0,0,0,0,0,0,0,0,0,0,0,0,0.203177723288536,0.332132644951344,0.163030442336331,0.217092913493775,0,0,0.228501429160436,0.305350111424923,0,0.246056631207466,0,0,0,0,0,0,0,0.24063678085804,0,0,0,0,0,0,0.283801063895226,0,0,0,0,0,0,0,0,0,0,0,0,0,0,0.246911849826574,0.358399171095628,0.246834337711334,0.387270079417662,0.217493190458327,0,0.297566896838735,0,0.229318926731745
0,0.184302300214767,0,0.188911768405334,0,0.157768308743834,0,0,0,0,0,0.195416986942291,0,0,0,0,0.250720798969269,0.27157013339025,0.29856171767519,0.162593778823653,0,0,0,0,0,0,0,0,0,0,0,0,0,0,0,0.12755969809751,0,0,0,0.232295556228967,0,0.226484219177852,0.199131570902525,0.216931909322739,0.228501429160436,0,0.275165289640427,0,0.224585831165314,0.173983874109884,0,0,0,0,0,0.157815188169479,0.234453946352005,0.197993384792626,0,0.221377811648629,0,0,0.187786846800828,0.2359917499125,0,0,0,0,0,0,0,0,0.204045901695887,0,0,0,0,0,0.212363555247815,0.272629594573608,0.238386365585029,0,0.215620244298168,0,0.186780571869237,0.194908718852436,0.190435789525509
0.254476815023843,0,0.225514543467555,0.274426072835922,0.146028712391853,0,0,0,0,0,0,0,0,0,0,0,0.280321698599649,0.249899383634329,0.29117037164087,0,0.208193071186543,0,0,0,0,0,0,0,0,0,0,0,0,0,0,0,0.16126739805521,0,0,0.238767921924591,0.21623800916999,0.210578283345377,0.255696910061902,0.200449923674266,0.305350111424923,0.275165289640427,0,0.16620014856259,0.204687899518236,0.207312807440758,0,0,0,0,0,0,0.20501056046058,0,0,0,0,0,0.240612506866455,0.176444145053368,0,0,0,0,0,0,0,0,0,0,0,0,0,0,0.252073642611504,0.203713702465062,0.29822971423467,0.288713549117071,0.253059556210841,0,0.251868603680286,0,0.251429565250874
0,0.229904430138098,0.207045970484614,0.210568847400802,0,0,0,0,0,0.266656740903854,0,0,0,0,0,0,0.228499755263329,0,0,0,0.160836085677147,0,0,0.280210889875889,0,0,0,0,0,0,0,0.360909515059186,0.327207512896636,0.323642836072678,0.36524991162687,0.389599666250556,0.427419954427966,0.422204300800231,0.453220352820291,0.167659740814631,0.170151373764998,0.259644740771863,0.274563889019191,0,0,0,0.16620014856259,0,0.322691459804418,0.268279802572991,0,0,0,0,0,0.299997116314868,0.238585963845253,0,0,0,0,0.320338755846024,0,0.180679645389318,0,0.444324284791946,0.364965993822331,0,0,0,0,0,0,0,0.368410106627266,0.346357833668293,0.30193093360409,0.354204585913039,0.357948216247597,0.308655473358151,0.350225614612563,0.463412085146123,0.321730791926011,0.245928381383419,0.338562001765899,0.254718742200306,0
0.149646818096744,0,0.198027771716435,0,0.177988294925955,0,0,0,0.162950272690885,0,0,0,0,0,0,0,0.222926542162895,0.192341923713684,0.220262879771846,0,0.167794801933425,0,0.155204489827156,0,0.230060736522262,0,0,0,0,0,0,0.367571324110031,0,0.339374661445618,0.393349319696426,0,0.169745133759884,0,0.298798852251463,0,0.157060763833666,0.196544289588928,0.25282234343939,0.187147706747055,0.246056631207466,0.224585831165314,0.204687899518236,0.322691459804418,0,0,0.151058064206787,0,0,0,0.179768116481003,0,0.241402932214287,0,0,0,0.161640434670779,0,0,0.209353946630032,0,0.189764086137715,0,0.228860868703398,0,0.187604784363448,0,0.156600463922535,0,0.225347192585468,0.364975273609161,0,0.34059664607048,0.324763519784152,0,0.208104789939182,0.277473330497742,0.26140959913134,0.282019292127859,0,0.241673413082147,0,0.3117889566347
0,0.197954898084618,0.228336948156357,0.187369291236003,0.192765384912491,0.210956449309985,0,0,0,0.164200664148666,0,0,0,0,0,0,0.204039424657822,0.238873288035393,0.201864715133395,0.159823343157768,0.209052227437496,0,0,0,0,0,0,0,0,0,0,0.363983690738678,0,0.317527741193771,0.371411502361298,0.174281888537937,0.185321959356467,0,0,0.195984623861505,0,0.314757673662981,0.253606051206589,0.239426508545876,0,0.173983874109884,0.207312807440758,0.268279802572991,0,0,0,0,0,0,0,0.203136120922863,0.247981131076813,0.223931301236153,0,0.194959089159966,0,0.13530585745868,0.20884313993156,0.214440155029297,0.176802061498165,0,0.231148804227511,0,0,0,0.157717859059308,0,0.24730691614703,0,0.301496306453088,0,0.345682327236448,0,0.19906381750846,0.220297731459141,0.184071319862309,0,0.280634295153671,0,0.231838147377252,0.315485322161725,0
0.136615385611852,0,0.135534793138504,0,0.154611728447221,0,0,0,0.150875728577375,0,0,0,0,0,0,0,0,0,0,0,0,0,0,0,0,0,0,0,0,0,0,0,0,0,0,0,0,0,0,0,0,0,0,0,0,0,0,0,0.151058064206787,0,0,0,0,0,0.151449811272323,0,0,0,0,0,0,0,0,0,0,0,0,0,0,0,0,0,0,0,0,0,0,0,0,0,0,0,0,0,0,0,0
0,0,0,0,0,0.12942929418503,0,0.133340891450644,0,0,0,0.182840775369721,0,0,0,0,0,0,0,0,0,0,0,0,0,0,0,0,0,0,0,0,0,0,0,0,0,0,0,0,0,0,0,0,0,0,0,0,0,0,0,0,0,0,0,0,0,0.16859459302953,0,0.133451845496893,0,0,0,0,0,0,0,0,0,0,0,0,0,0,0,0,0,0,0,0,0,0,0.180340421696504,0,0.219077358322759,0,0
0,0,0,0,0,0,0.163475629687309,0,0,0,0.167538906137149,0,0.231122616678476,0,0,0,0,0,0,0,0,0,0,0,0,0,0,0,0,0,0,0,0,0,0,0,0,0,0,0,0,0,0,0,0,0,0,0,0,0,0,0,0,0,0,0,0.137443527579308,0,0,0,0,0,0,0,0,0,0,0,0,0,0,0,0,0,0,0,0,0,0,0,0,0,0.165406454886709,0,0,0,0
0,0,0,0,0,0.15865832567215,0,0,0,0,0,0,0,0,0,0,0,0,0,0,0,0,0,0,0,0,0,0,0,0,0,0,0,0,0,0,0,0,0,0,0,0,0,0,0,0,0,0,0,0,0,0,0,0,0,0,0,0,0,0,0,0,0,0,0,0,0,0,0,0,0,0,0,0,0,0,0,0,0,0,0,0,0,0,0,0,0
0.185571278765719,0,0.118766965050446,0,0.140457548201084,0,0,0,0.191929561584922,0,0,0,0,0,0.155496282503009,0,0,0,0,0,0,0,0,0,0.221103601985508,0,0,0,0,0,0,0,0,0,0,0,0,0,0.20809768140316,0,0,0,0,0,0,0,0,0,0.179768116481003,0,0.151449811272323,0,0,0,0,0,0.140456020832062,0,0.145225867629051,0,0.172927929142601,0,0,0,0,0,0,0.182288996709718,0,0.188544129952788,0,0,0,0,0,0,0,0,0,0,0,0.201745763421059,0.17491742438179,0.177880848447482,0.197439697003902,0,0
0,0.178420981907912,0,0.111694631787638,0,0.107185415029526,0,0,0,0.194580516927245,0,0.129647776484489,0,0,0,0.164793711582213,0,0,0,0,0,0,0,0.196710505971202,0,0.176036648452282,0,0,0,0,0,0,0,0.229948461055756,0,0,0,0.223954486474395,0.364484898746014,0.169367641210556,0,0.236949508795973,0,0,0,0.157815188169479,0,0.299997116314868,0,0.203136120922863,0,0,0,0,0,0,0,0,0,0,0,0.199712904099995,0.174638569355011,0,0,0,0.242224025092226,0,0,0,0,0,0,0,0,0,0,0,0,0,0.284110119089602,0,0.207997391976808,0,0.193885672682861,0,0
0.146417640149593,0,0.201254261767163,0,0.14954775436358,0,0.168668265369805,0,0.141421169042587,0,0.177815869181495,0,0.206502023394038,0,0,0,0.274213248491287,0.210880160331726,0.248231332216944,0,0.162125677883046,0,0,0,0,0,0,0,0,0,0.102774197856585,0,0,0,0,0,0.160962363607005,0,0.171777416455249,0,0.235029123102625,0.204300080736478,0.273492312831123,0,0.24063678085804,0.234453946352005,0.20501056046058,0.238585963845253,0.241402932214287,0.247981131076813,0,0,0.137443527579308,0,0.140456020832062,0,0,0,0,0,0,0,0,0.234148601981762,0,0,0,0,0,0,0,0,0,0,0,0,0,0,0,0.174773830442857,0,0.168487615206025,0.178086507660695,0,0.240968182301286,0,0.278793168067932
0,0.156195566058159,0,0.165058459341526,0,0.159120808205297,0,0,0,0,0,0.162149868662773,0,0.195733511579873,0,0,0.217611665527026,0.25675609211127,0.244549671007741,0.166445441605026,0,0,0,0,0,0,0,0.204364869566191,0,0.108216796815395,0,0,0,0,0,0.166963206489659,0,0.189747858960877,0,0.199059111780899,0,0.25196766188322,0.223941722086498,0,0,0.197993384792626,0,0,0,0.223931301236153,0,0.16859459302953,0,0,0,0,0,0,0,0.187786346053695,0,0,0.220144572200332,0,0,0,0,0,0,0,0.190952738126119,0,0.19750469661575,0,0,0,0,0,0.169874545655869,0.218628749251366,0.196069735196719,0,0.168148832066155,0,0.232978870461753,0.264273708065351,0
0,0,0,0,0.173815024508671,0,0.185466501116753,0,0.147379219532013,0,0.188620813190937,0,0.16890488537054,0,0.181127962163527,0,0,0,0,0,0,0,0,0,0,0,0.219245597720146,0,0.185581354796886,0,0,0,0,0,0,0,0,0,0,0,0,0,0,0,0,0,0,0,0,0,0,0,0,0,0.145225867629051,0,0,0,0,0,0.171173378473982,0,0,0,0,0,0,0,0,0,0,0.141709759831429,0,0,0,0,0,0,0,0,0,0,0.177239034153259,0.173971449679667,0,0,0
0,0,0,0,0,0,0,0,0,0,0,0.208018554829801,0,0.174465938486467,0,0.153428845573217,0,0.246664240956306,0.25590343400836,0,0,0,0,0,0,0,0,0.239876723356461,0,0,0,0,0,0,0,0,0,0,0,0,0,0.254083041759098,0,0,0,0.221377811648629,0,0,0,0.194959089159966,0,0.133451845496893,0,0,0,0,0,0.187786346053695,0,0,0,0.139310035854578,0.19851042330265,0.23511803150177,0,0,0,0,0,0,0.235079538886962,0,0.160217940807343,0,0,0,0,0,0.222509980201721,0,0,0,0.178659631870687,0.158197973559542,0.2247464751325,0,0
0.164092315293171,0,0,0,0.154945127831565,0,0,0,0.162022052888285,0,0,0,0.146415755923452,0,0.181076335031113,0,0,0,0,0,0,0,0,0,0.198967779676119,0,0,0,0,0,0,0,0,0,0,0,0,0,0.192682445049286,0,0,0,0,0,0,0,0,0,0.161640434670779,0,0,0,0,0,0.172927929142601,0,0,0,0.171173378473982,0,0,0,0,0,0,0,0,0.183110026045009,0,0.137642009747833,0,0.130502223968506,0,0,0,0,0,0,0,0,0,0.203484535217285,0.175255170023,0,0.187443993287161,0,0
0,0.13102264151625,0,0,0,0,0,0,0,0.172669957530114,0,0,0,0,0,0.168640827252106,0,0.191332578659058,0,0,0,0,0,0.159606945514679,0,0,0,0,0,0,0,0,0,0,0,0,0,0.267279766499996,0,0,0,0,0,0,0,0,0,0.320338755846024,0,0.13530585745868,0,0,0,0,0,0.199712904099995,0,0,0,0.139310035854578,0,0,0,0,0,0,0.207233834233457,0,0,0,0,0,0,0,0,0,0,0,0,0,0.277962131159646,0,0.174586437097719,0,0.239449664950371,0,0
0,0.28916423022747,0,0.210776838309625,0,0.1812898889184,0,0,0,0,0,0.160442330368928,0,0,0,0,0.242493881119622,0.259775060144338,0.293882284581661,0.197733872656123,0,0,0,0,0,0,0,0,0,0,0,0,0,0,0,0.168501612414008,0,0.176713506970028,0,0.191071694475763,0.253825522959232,0.255972223395485,0.232778806239367,0.253437112484659,0,0.187786846800828,0.240612506866455,0,0,0.20884313993156,0,0,0,0,0,0.174638569355011,0,0.220144572200332,0,0.19851042330265,0,0,0,0,0,0,0,0,0,0,0,0,0.258201698561015,0,0,0,0,0,0.178195964628892,0.252858236432076,0.231473173819324,0,0.164650998177142,0,0.223544204103966,0.210813273276602,0.191398337483406
0.302511848509312,0,0.222607836127281,0,0.145721767698565,0,0,0,0,0,0.137154400560403,0,0,0,0,0,0.265833169221878,0.266569000325705,0.273938167303503,0.210442245006561,0.153917725847098,0,0,0,0,0,0,0,0,0,0,0,0,0,0,0,0.166597365721919,0,0.134949518875642,0.233371263742447,0.185653873070991,0.226861702134976,0.256379230416309,0.205804839730263,0.283801063895226,0.2359917499125,0.176444145053368,0.180679645389318,0.209353946630032,0.214440155029297,0,0,0,0,0,0,0.234148601981762,0,0,0.23511803150177,0,0,0,0,0,0,0,0,0,0,0,0,0,0,0,0,0,0,0.243766615788142,0.19920847825233,0.283012736588717,0.267580724539085,0.193432212547315,0,0.246216960995838,0,0.289853419363499
0,0,0,0,0,0,0,0,0,0,0,0,0,0.163813292980194,0,0,0,0.17330937321697,0,0,0,0.175425156244525,0.13272499186652,0,0,0.176503793673312,0,0.19888432536309,0,0,0,0,0,0,0,0,0,0.171127113092156,0,0,0,0,0,0,0,0,0,0,0,0.176802061498165,0,0,0,0,0,0,0,0,0,0,0,0,0,0,0,0,0.167706643392429,0,0.159431274448122,0,0.173390439039583,0,0,0,0,0,0,0,0,0,0.175393098347099,0,0.166413694638829,0.146174756488923,0,0,0
0,0,0,0,0,0,0,0,0,0,0,0,0,0,0,0,0,0,0,0,0,0.138733457299796,0.151905743342051,0,0.175529749040872,0,0,0,0.198118641972542,0,0,0,0,0,0,0,0,0,0.182770471033805,0,0,0,0,0,0,0,0,0.444324284791946,0.189764086137715,0,0,0,0,0,0,0,0,0,0,0,0,0,0,0,0,0,0,0.173952115885913,0,0.161182366992413,0,0.118224043399096,0,0,0,0,0,0,0,0,0,0.211139053661138,0.140776239335537,0.174159444868565,0,0,0
0,0.211315590943863,0,0,0,0,0,0,0,0.189704841567624,0,0,0,0,0,0.169384901983696,0,0.169837713241577,0,0,0,0.19186247614297,0,0.160290926679571,0,0.190070591000623,0,0,0,0,0,0,0,0,0,0,0,0.194490131705698,0.40783853083849,0,0,0.2732924669981,0,0,0,0,0,0.364965993822331,0,0.231148804227511,0,0,0,0,0,0.242224025092226,0,0,0,0,0,0.207233834233457,0,0,0.167706643392429,0,0,0,0,0,0,0,0,0,0,0,0.327753931283951,0,0,0,0.285735551740082,0,0.182058012119003,0.294916644692421,0.208771655479303,0,0
0.175617851316929,0,0,0,0,0,0,0,0.193817627429962,0,0,0,0,0,0,0,0,0,0,0,0,0,0.138964598829096,0,0.204826630028993,0,0.173260032509764,0,0,0,0,0,0,0,0,0,0,0,0.213141752959608,0,0,0,0,0,0,0,0,0,0.228860868703398,0,0,0,0,0,0.182288996709718,0,0,0,0,0,0.183110026045009,0,0,0,0,0.173952115885913,0,0,0,0.187876041260996,0,0,0,0,0,0,0,0,0,0,0,0.21614318016465,0.178027146458626,0,0.231440346409046,0,0
0,0,0,0,0,0,0,0,0,0,0,0,0,0,0,0.168203681707382,0,0.154878392138264,0,0,0,0.180168902873993,0,0,0,0.174049548978029,0,0.199360758066177,0,0,0,0,0,0,0,0,0,0,0,0,0,0,0,0,0,0,0,0,0,0,0,0,0,0,0,0,0,0,0,0,0,0,0,0,0.159431274448122,0,0,0,0,0,0.13576373954614,0,0,0,0,0,0,0,0,0,0,0,0.161891828744839,0,0,0,0
0.179908126592636,0,0,0,0,0,0,0,0.192528693212403,0,0,0,0,0,0.134036062817488,0,0.198052351077398,0,0.226703837513924,0,0,0,0.132609416955504,0,0.174294021941962,0,0.205697437168145,0,0,0,0,0,0,0,0,0,0,0,0.19368639960885,0,0,0,0,0,0,0,0,0,0.187604784363448,0,0,0,0,0,0.188544129952788,0,0,0,0,0,0.137642009747833,0,0,0,0,0.161182366992413,0,0.187876041260996,0,0,0,0.153308993719432,0,0,0,0,0,0,0,0,0,0.201451482044326,0.209245173819363,0,0.205804366890977,0,0
0,0,0,0,0,0,0,0,0,0,0,0.191011147972729,0,0.219710201025009,0,0,0,0,0,0,0,0.179538194029058,0,0,0,0.166107142964999,0,0.202956604253301,0,0.208517817484921,0,0,0,0,0,0,0,0.190631934059294,0,0,0,0,0,0,0,0,0,0,0,0.157717859059308,0,0,0,0,0,0,0,0.190952738126119,0,0.235079538886962,0,0,0,0,0.173390439039583,0,0,0,0.13576373954614,0,0,0,0.185967379619997,0,0,0,0,0,0,0,0.153365264765284,0,0.208120690180744,0.21800467273826,0,0,0
0,0,0,0,0,0,0,0,0,0,0,0,0.208387732505798,0,0,0,0,0,0,0,0,0,0.169748638889619,0,0,0,0,0,0.168072212359001,0,0.196802902345856,0,0,0,0,0,0,0,0.2020503765455,0,0,0,0,0,0,0,0,0,0.156600463922535,0,0,0,0,0,0,0,0,0,0.141709759831429,0,0.130502223968506,0,0,0,0,0.118224043399096,0,0,0,0.153308993719432,0,0,0,0,0,0,0,0,0,0,0,0,0.187436567445778,0.19024317898739,0,0,0
0,0.231079645454884,0,0,0,0,0,0,0,0,0,0.161382695526079,0,0.162273153662682,0,0,0,0.272407710552216,0.289030206700166,0.188082748315704,0,0,0,0,0,0,0,0.174234556540847,0,0.163075526103515,0,0,0,0,0,0,0,0.192706195869707,0,0,0,0.275245528896244,0,0,0,0.204045901695887,0,0,0,0.24730691614703,0,0,0,0,0,0,0,0.19750469661575,0,0.160217940807343,0,0,0.258201698561015,0,0,0,0,0,0,0,0.185967379619997,0,0,0,0,0,0,0,0.317687034606934,0,0.178814673318582,0.319745987653732,0.16583615951045,0,0.30518246511814,0,0
0,0,0,0,0,0,0,0,0,0,0,0,0,0,0,0,0,0,0,0,0,0,0,0,0,0,0,0,0,0,0.163511678576469,0,0,0,0,0,0,0,0.152441784739494,0,0.196864679455757,0,0.262221693992615,0,0,0,0,0,0.225347192585468,0,0,0,0,0,0,0,0,0,0,0,0,0,0,0,0,0,0,0,0,0,0,0,0,0,0,0,0,0,0,0,0,0.204431371297687,0.156977883279324,0,0.238525194759221,0,0
0,0,0,0,0,0,0,0,0,0,0,0,0,0,0,0,0,0,0,0,0,0,0,0,0,0,0,0,0,0,0,0.207569499463177,0.196876129744711,0.192003846968766,0.178532216312556,0.193788984028284,0.160131465982307,0,0,0.196794733405113,0,0,0,0,0,0,0,0.368410106627266,0.364975273609161,0.301496306453088,0,0,0,0,0,0,0,0,0,0,0,0,0,0,0,0,0,0,0,0,0,0,0,0,0,0.223412008166313,0.259237666175401,0.193235985934734,0.193201105490926,0.155984232771314,0,0,0.155611511173211,0,0,0,0
0,0,0,0,0,0,0,0,0,0,0,0,0,0,0,0,0,0,0,0,0,0,0,0,0,0,0,0,0,0,0,0.237412767986999,0.213257335641954,0.192474817452223,0.179257283242894,0,0.163858840306257,0.262361081937949,0.160815618932247,0,0,0,0,0,0,0,0,0.346357833668293,0,0,0,0,0,0,0,0,0,0,0,0,0,0,0,0,0,0,0,0,0,0,0,0,0,0,0.223412008166313,0,0.20956585307916,0.221399034310897,0.234997416536013,0.227690694007712,0,0.211823314428329,0.166976057644933,0,0,0,0
0,0,0,0,0,0,0,0,0,0.290849030017853,0,0,0,0,0,0,0,0,0,0,0,0,0,0,0,0,0,0,0,0,0,0.220229139033052,0.195813354849815,0.212764244649653,0.216280076915727,0.195933361000874,0,0.332649701999293,0.291081577539444,0,0,0,0,0,0,0,0,0.30193093360409,0.34059664607048,0.345682327236448,0,0,0,0,0,0,0,0,0,0,0,0,0,0,0,0,0.327753931283951,0,0,0,0,0,0,0,0.259237666175401,0.20956585307916,0,0.220404138798036,0.182154667593023,0,0.299478476912111,0.251451185520958,0.186912868041579,0,0,0,0
0,0,0,0,0,0,0,0,0,0,0,0,0,0,0,0,0,0,0,0,0,0.22080460190773,0,0,0,0,0,0,0,0,0,0.171437049234236,0.177723809886755,0.208509335694952,0.225443711258376,0.26040130853653,0.183544171684318,0.161134534935619,0.209648582268749,0,0,0,0.321004211902618,0,0,0,0,0.354204585913039,0.324763519784152,0,0,0,0,0,0,0,0,0,0,0,0,0,0,0,0,0,0,0,0,0,0,0,0,0,0.193235985934734,0.221399034310897,0.220404138798036,0,0.198688209056854,0.208530478567506,0.168092770600005,0.235860200483354,0.198144326573882,0,0.270265847444534,0,0
