0,0,5.73882041139118,0,0,0,0,0,5.38299705176403,0,0,0,0,0,0,0,0,0,7.47865653038025,0,0,0,0,0,0,0,0,0,0,0,0,0,0,0,0,0,0,0,13.0595569610596,0,0,0,20.4335630065516,0,0,0,23.8056221008301,22.7787437438965,6.70558031805707,0,0,0,0,0,5.1468040906466,0,26.687893780795,0,0,0,3.60734579563141,0,0,0,0,0,0,0,0,0,0,32.6325922012329,0,30.9123620986938,0,0,0,0,0,39.9908609390259,0,34.8317918777466,14.5532165112034,0,13.3272329358494,0,17.7675092220306
0,0,0,4.27259603000823,0,0,0,0,0,5.88520678244025,0,0,0,0,0,0,0,0,37.0954570770264,0,0,0,0,21.7809020148383,0,0,0,0,0,0,0,0,0,0,0,0,0,30.722226665866,0,0,0,27.241893268326,0,0,0,18.9138797466572,0,43.2191352844238,0,17.2807296161298,0,0,0,0,0,5.84998491699578,0,14.1675288171479,0,0,0,11.0680539343092,30.3294286727905,0,0,0,0,0,0,0,8.89055983964787,0,24.0028854700235,0,0,0,0,0,44.4907150268555,0,27.3759866797406,0,20.0751169225672,0,19.7793051453502,0,0
5.73882041139118,0,0,0,0,0,0,0,6.2559912443161,0,0,0,0,0,0,0,42.4340890248617,85.6473007202148,49.0506458282471,0,0,0,0,0,0,0,0,0,0,0,0,0,0,0,0,0,0,0,27.2148523330688,0,34.949592590332,70.1680679321289,24.0620979167628,0,22.7418346405029,99.7895965576172,15.0643730700856,0,17.0498234317416,0,7.86293236802264,0,0,0,4.1339346429576,0,18.992265154918,0,5.80297817502703,0,0,0,0,21.8888903723823,0,0,0,0,0,38.2943305969238,0,29.9933905601501,0,28.9492007168857,0,0,0,0,0,43.3671913146973,0,34.4234349387033,22.0565839665277,0,13.0136448883077,0,18.1533647734543
0,4.27259603000823,0,0,0,13.2621056319493,0,0,0,13.7764245510101,0,0,0,0,0,0,0,57.1532119750977,44.8307828169603,0,0,0,0,26.3043120702108,0,0,0,0,0,0,0,0,0,0,0,21.1287260055542,0,36.8645277376528,0,46.8775672912598,0,31.0246120217728,60.9096794128418,0,0,15.7256573352261,0,54.7903798421224,0,14.4580426980864,0,5.12696383541281,0,0,0,8.04661121119314,0,18.9574264155494,0,3.46039508448707,0,4.73176007952009,30.8000580923898,0,0,0,35.0266971588135,0,0,0,26.7015886306763,0,28.553883954414,0,0,0,0,0,41.2629982874944,0,33.1089703877767,0,28.167790366608,0,21.7748439245862,0,0
0,0,0,0,0,0,0,0,3.23890399932861,0,0,0,0,0,3.19312538206577,0,0,0,0,0,6.80988597869873,0,0,0,0,0,0,0,0,0,0,0,0,0,0,0,0,0,0,0,0,0,30.9902153015137,0,0,0,12.7498566598603,46.784496307373,37.0724281311035,0,3.05197554542905,0,0,0,5.48532056808472,0,31.0709447860718,0,0,0,3.75713105797768,0,0,10.533663886717,0,0,0,0,0,0,0,0,0,35.2870559692383,0,0,0,0,0,0,0,0,16.7983949695315,0,16.2678534162456,0,0
0,0,0,13.2621056319493,0,0,0,0,0,2.80475401878357,0,0,0,0,0,0,0,0,0,2.92719925562541,0,0,0,0,0,0,0,0,0,0,0,0,0,0,0,37.1353861490885,0,0,0,0,0,43.0209448072645,0,0,0,25.559944152832,0,58.4506092071533,0,50.4489250183105,0,3.14806735515594,0,0,0,3.16450071334839,0,39.1813983917236,0,0,0,2.74828775723775,0,0,0,0,0,0,0,0,0,0,42.7048206329346,0,0,0,0,0,48.8239250183105,0,0,0,25.1861458718777,0,14.7320833992958,0,0
0,0,0,0,0,0,0,0,0,0,7.8841665157905,0,0,0,0,0,0,0,0,0,7.98359335793389,0,0,0,0,0,0,0,0,0,0,0,0,0,0,0,0,0,0,0,0,0,0,0,0,0,0,0,0,0,0,0,3.73394807179769,0,0,0,10.4288625059028,0,0,0,0,0,0,0,0,0,0,0,0,0,0,0,0,0,0,0,0,0,0,0,0,0,3.04861835241318,0,0,0,0
0,0,0,0,0,0,0,0,0,0,0,3.26452207565308,0,0,0,0,0,0,0,10.63877051755,0,0,0,0,0,0,0,0,0,0,0,0,0,0,0,0,0,0,0,0,0,0,0,0,0,0,0,0,0,0,0,0,0,3.50422399727873,0,0,0,5.76377726678389,0,2.86766135692596,0,0,13.5670056954408,0,0,0,0,0,0,0,0,0,0,0,0,0,0,0,0,0,0,0,2.95291110185476,0,0,0,0
5.38299705176403,0,6.2559912443161,0,3.23890399932861,0,0,0,0,0,0,0,0,0,3.22847680469136,0,9.1876669327418,0,22.5128260612488,0,0,0,15.2340793609619,0,4.3710893029752,0,3.25469913747576,0,0,0,0,0,0,0,0,0,0,0,4.63366198237938,0,0,45.2372716267904,5.0420925957816,0,0,0,0,24.2724189758301,8.34433903511922,0,0,0,0,0,6.83080037386011,0,28.6803760528564,0,0,0,3.88981984814568,0,0,0,0,0,0,4.37938961982727,0,3.29976570606232,0,0,0,28.0457887649536,0,0,0,0,0,0,0,14.3267049139196,3.96829617972015,0,7.50567039462368,0,13.2494103908539
0,5.88520678244025,0,13.7764245510101,0,2.80475401878357,0,0,0,0,0,0,0,0,0,3.62361763062492,0,7.30237798401804,42.724193572998,0,0,0,0,14.080380409956,0,5.63915621439616,0,0,0,0,0,0,0,0,0,0,0,28.9750369787216,0,51.6067797342936,0,19.7729913172175,0,0,0,0,0,0,0,15.868732714653,0,8.46059131622314,0,0,0,6.9543297479534,0,16.7095673084259,0,0,0,3.51422209940948,0,0,0,0,22.8066916170808,0,4.69667441646258,0,24.580753326416,0,20.2853918356054,0,0,0,0,0,42.6549224853516,0,21.4665859349569,0,9.2852849761645,0,22.6795030507174,0,0
0,0,0,0,0,0,7.8841665157905,0,0,0,0,0,3.2972381548448,0,0,0,0,0,0,0,3.83244825429954,0,0,0,0,0,0,0,3.40036353757305,0,3.55887395540873,0,0,0,0,0,3.66274897332996,0,3.67902749056196,0,0,0,0,0,0,0,0,0,0,0,0,0,11.1918792724609,0,0,0,5.32695052644045,0,3.49096680570532,0,0,0,0,4.54876942076582,0,0,0,0,0,0,0,3.8774358827112,0,5.7873946428299,0,0,0,0,0,5.39537677158879,0,5.48289139403237,3.03172773097848,0,0,0,0
0,0,0,0,0,0,0,3.26452207565308,0,0,0,0,0,3.1507996674897,0,0,0,0,0,4.54554520765312,0,0,0,0,0,0,0,2.80991355578105,0,4.71185445785522,0,0,0,0,0,5.34380950395343,0,3.53174394673853,0,0,0,0,0,0,0,0,0,0,0,0,0,0,0,2.94434803724289,0,0,0,5.12475562816652,0,3.78902010836648,0,0,12.5942155281703,0,0,0,0,0,0,0,9.61519567532973,0,8.13657391402456,0,0,0,0,0,0,0,4.4833572910678,0,2.94033712376662,0,0,0,0
0,0,0,0,0,0,0,0,0,0,3.2972381548448,0,0,0,4.30081930160522,0,0,0,0,0,0,0,0,0,0,0,0,0,3.26141832922107,0,0,0,0,0,0,0,0,0,0,0,0,0,0,0,0,0,0,0,0,0,0,0,0,0,0,0,5.38149877702547,0,3.24279746179995,0,2.95457029342651,0,0,0,0,0,0,0,0,0,0,4.33122416642996,0,0,0,0,0,0,0,0,0,0,2.85395832948906,2.78390331701799,0,0,0
0,0,0,0,0,0,0,0,0,0,0,3.1507996674897,0,0,0,4.62692325024665,0,0,0,0,0,0,0,0,0,5.70053851604462,0,3.03021619194432,0,2.8957342505455,0,0,0,0,0,0,0,0,0,0,0,0,0,0,0,0,0,0,0,0,0,0,0,0,0,0,0,0,0,3.27233579238872,0,4.14251347647773,0,0,0,0,0,0,0,0,0,0,0,0,0,0,0,0,0,0,0,0,2.99851472377777,3.18152041805601,0,0,0
0,0,0,0,3.19312538206577,0,0,0,3.22847680469136,0,0,0,4.30081930160522,0,0,0,9.47253357828333,38.5214540308172,93.8614044189453,0,0,0,0,0,0,0,4.670832695961,0,3.0378677180556,0,0,0,0,0,0,0,0,0,0,0,0,0,35.4581604003906,0,0,0,0,0,0,0,3.74102056411005,0,0,0,9.08164978027344,0,0,0,4.7551374181788,0,3.09080069359035,0,0,0,0,0,0,0,0,0,0,0,0,0,0,0,0,0,0,0,0,0,4.38730491313738,2.90881823897362,0,0,0
0,0,0,0,0,0,0,0,0,3.62361763062492,0,0,0,4.62692325024665,0,0,53.2755584716797,4.68744870552347,56.2461128234863,0,0,31.8559455871582,0,0,0,7.31598778428703,0,5.50636318325996,0,0,0,0,0,0,0,0,0,0,0,0,0,0,0,0,0,0,0,0,0,0,0,0,0,0,0,3.81293599894553,0,0,0,0,0,3.77894134508562,0,0,0,0,0,0,8.64500681559245,0,0,0,0,0,0,0,0,0,0,0,0,0,4.43243610340616,3.00822684413097,0,0,0
0,0,42.4340890248617,0,0,0,0,0,9.1876669327418,0,0,0,0,0,9.47253357828333,53.2755584716797,0,20.7321088211812,23.5573988430332,0,0,23.0352763636359,5.4330734365769,33.6787452697754,11.478718996048,28.8628515625,8.66524551601233,0,6.79599839273621,0,0,0,0,0,0,0,0,0,52.8127136230469,69.3122131347656,57.5055461883545,58.9815729810046,37.5668545572945,44.0075082778931,32.9911313056946,58.7891143163045,57.8294021525282,0,87.9208984375,0,47.0515251159668,0,0,0,0,0,40.9542766515759,0,0,0,11.1806541283925,0,50.6396179199219,39.0570774078369,0,7.5005591792445,0,0,0,9.36326386414322,0,28.1045337823721,115.866065979004,48.0436473932481,0,0,0,0,77.0246057510376,60.1693349427815,72.6874499601476,53.975560206993,12.4093524367549,6.03311437560666,47.7379941853346,64.4752883911133,37.1807391847883
0,0,85.6473007202148,57.1532119750977,0,0,0,0,0,7.30237798401804,0,0,0,0,38.5214540308172,4.68744870552347,20.7321088211812,0,18.9331959515577,0,0,14.1543523153113,33.1081701006208,7.5470141534895,0,7.31065500784156,34.8056376320975,0,0,0,0,0,0,0,0,0,93.6244430541992,0,0,62.5761741638184,72.4082467820909,48.2733972081464,55.239387736601,44.3251079983181,50.8316065470378,56.3695827882681,60.0016347985519,92.364990234375,0,0,0,0,0,0,0,4.00970935821533,63.9025083269392,0,0,0,0,0,61.7883805169,63.4669303894043,6.54435979127884,0,4.38328129904611,0,3.58443182706833,46.2652997970581,0,75.2677536010742,59.5064393997192,69.7800662392064,0,0,0,0,70.5946910776991,72.1364908062044,65.2171370270964,69.7665398279826,10.4705443740988,5.0151748206485,59.6690915201224,41.8690668741862,51.3322116851807
7.47865653038025,37.0954570770264,49.0506458282471,44.8307828169603,0,0,0,0,22.5128260612488,42.724193572998,0,0,0,0,93.8614044189453,56.2461128234863,23.5573988430332,18.9331959515577,0,54.2173099517822,0,32.0904917399089,48.0770874023438,15.909273147583,0,31.5497972488403,39.2710199356079,0,0,0,0,0,0,0,0,0,87.8213500976562,17.9348320960999,0,44.2418172617815,48.3504084562644,33.1785385228046,30.1998109149378,15.9962989202938,31.113496763566,35.3162010477596,40.8711777560051,69.906135559082,72.1435813903809,51.6848812103271,52.0938348770142,0,0,0,0,0,41.4561245520383,26.1661853790283,0,0,0,0,38.3531730345317,47.9038019180298,0,0,0,0,0,15.1842594146729,30.5405426025391,46.1522705078125,35.7751939684846,44.7988983071625,0,0,0,0,53.1141820560523,51.3044073662061,48.2230352655157,49.9437141298799,16.9008016196223,0,38.2511282144914,31.9791682312886,27.9395746354134
0,0,0,0,0,2.92719925562541,0,10.63877051755,0,0,0,4.54554520765312,0,0,0,0,0,0,54.2173099517822,0,0,0,0,0,0,0,0,0,0,0,0,0,0,0,0,5.51879483283541,0,6.89445740694604,0,0,0,37.2630844116211,0,0,0,14.4344133694967,0,0,0,33.938362121582,0,0,0,11.4247165520986,0,0,0,5.43392051119727,0,0,0,0,7.02189149764336,0,0,0,0,0,0,0,0,0,6.4839882850647,0,0,0,0,0,6.68209384001938,0,6.85180473967073,82.0448303222656,4.11647807659032,0,6.65651990538058,0,0
0,0,0,0,6.80988597869873,0,7.98359335793389,0,0,0,3.83244825429954,0,0,0,0,0,0,0,0,0,0,0,0,0,0,0,0,0,0,0,0,0,0,0,0,0,3.47964889007438,0,3.62426454822222,0,0,0,27.7639026641846,0,0,0,11.4968981061663,0,42.0780048370361,0,6.01880139889924,0,0,0,0,0,7.20471608348009,0,0,0,0,0,0,5.78920417766406,0,0,0,0,0,0,0,0,0,5.38198488950729,0,0,0,0,0,5.45125444192337,0,6.10140602050289,4.03403121988538,8.63849639892578,5.17994473035945,0,0
0,0,0,0,0,0,0,0,0,0,0,0,0,0,0,31.8559455871582,23.0352763636359,14.1543523153113,32.0904917399089,0,0,0,4.73194771492353,5.18504663542205,0,4.71837677149212,0,5.71701804679983,0,0,0,0,0,0,0,0,0,4.88442781430866,0,0,0,48.5236797332764,0,0,0,0,0,22.614291826884,0,4.11759829521179,0,0,0,0,0,0,0,0,0,0,0,0,0,0,5.4322692867696,3.75522650205172,4.80712497815853,0,3.07596981282137,0,4.03601371163414,0,0,0,0,0,0,0,83.6861572265625,0,7.38433841981503,0,5.97688054026133,4.77474919998128,74.1915283203125,0,0
0,0,0,0,0,0,0,0,15.2340793609619,0,0,0,0,0,0,0,5.4330734365769,33.1081701006208,48.0770874023438,0,0,4.73194771492353,0,0,5.5461818685337,0,4.91165296133462,0,3.87086128366405,0,0,0,0,0,0,0,0,4.63650200480506,8.46097582298167,0,0,0,0,0,0,0,0,0,6.33555684334193,0,0,0,0,0,0,0,0,0,0,0,0,0,0,0,4.19695609637669,5.07097283682128,0,10.2445153858927,0,6.84667872621658,0,4.57546255805276,0,0,0,0,0,0,0,0,0,6.58208494157676,5.20037643860798,3.90347537062222,0,0,0
0,21.7809020148383,0,26.3043120702108,0,0,0,0,0,14.080380409956,0,0,0,0,0,0,33.6787452697754,7.5470141534895,15.909273147583,0,0,5.18504663542205,0,0,0,5.49616192591072,34.4187240600586,0,0,0,0,0,0,0,0,0,0,7.25452325964753,0,0,0,15.4088461875916,0,0,0,23.9851188659668,0,23.6417600843642,0,0,0,0,0,0,0,12.3223461310069,0,0,0,0,0,0,0,0,3.97652967203231,0,4.47874697674136,0,5.82651001802131,0,18.4106388092041,0,23.5849666595459,0,0,0,0,0,84.4029769897461,0,9.268137118422,0,5.29297447409241,0,14.8659572601318,0,0
0,0,0,0,0,0,0,0,4.3710893029752,0,0,0,0,0,0,0,11.478718996048,0,0,0,0,0,5.5461818685337,0,0,0,3.43879663425943,0,0,0,0,0,0,0,0,0,0,0,10.9730803910643,0,0,0,5.93207899729411,0,0,0,0,0,6.21549897193909,0,0,0,0,0,4.51879961594291,0,0,0,0,0,4.59249925613403,0,0,0,0,3.83035289100979,0,4.53790902927381,0,5.76008377312567,0,0,0,0,0,0,0,0,0,0,0,8.25125304078744,6.55472557684954,0,4.83311518033346,0,0
0,0,0,0,0,0,0,0,0,5.63915621439616,0,0,0,5.70053851604462,0,7.31598778428703,28.8628515625,7.31065500784156,31.5497972488403,0,0,4.71837677149212,0,5.49616192591072,0,0,44.6698722839355,4.02323220721607,0,0,0,0,0,0,0,0,0,0,0,0,0,0,0,0,0,69.5697631835938,0,0,0,0,0,0,0,0,0,0,0,0,0,0,0,4.18793983308096,0,0,4.27731394767761,0,4.49985589700587,0,4.76348602232621,0,0,0,0,0,0,0,0,0,0,0,0,0,4.80960115432739,0,0,0,0
0,0,0,0,0,0,0,0,3.25469913747576,0,0,0,0,0,4.670832695961,0,8.66524551601233,34.8056376320975,39.2710199356079,0,0,0,4.91165296133462,34.4187240600586,3.43879663425943,44.6698722839355,0,0,5.32325956081522,0,0,0,0,0,0,0,0,0,0,0,0,0,32.7300834655762,0,0,0,53.1277160644531,0,0,0,0,0,0,0,3.1595253944397,0,0,0,0,0,2.98041951656342,0,0,0,0,4.35407839751825,0,6.70512358347575,0,3.88045573431598,0,5.96969421788266,0,59.6672859191895,0,0,0,0,0,0,0,0,3.90578163375736,0,0,0,32.2191352844238
0,0,0,0,0,0,0,0,0,0,0,2.80991355578105,0,3.03021619194432,0,5.50636318325996,0,0,0,0,0,5.71701804679983,0,0,0,4.02323220721607,0,0,0,4.6306947927475,0,0,0,0,0,0,0,4.38361656229902,0,0,0,0,0,0,0,0,0,0,0,0,0,0,0,0,0,0,0,0,0,3.13989159266154,0,4.41727083921432,0,0,4.25356083662331,0,0,0,5.30592833652398,0,4.57238787487911,0,7.4991340888174,0,0,0,0,0,0,0,3.58867446581523,0,3.7057083284618,3.36767568486802,0,0,0
0,0,0,0,0,0,0,0,0,0,3.40036353757305,0,3.26141832922107,0,3.0378677180556,0,6.79599839273621,0,0,0,0,0,3.87086128366405,0,0,0,5.32325956081522,0,0,0,3.01754028239149,0,0,0,0,0,0,0,2.9928391456604,0,0,0,0,0,0,0,0,0,0,0,0,0,0,0,0,0,4.07753006617228,0,4.08723912239075,0,2.90659685134888,0,0,0,0,5.01544121901194,0,0,0,4.14067625999451,0,4.09516527968527,0,0,0,0,0,0,0,0,0,9.71070466218171,3.34218288936886,2.82372803688049,0,0,0
0,0,0,0,0,0,0,0,0,0,0,4.71185445785522,0,2.8957342505455,0,0,0,0,0,0,0,0,0,0,0,0,0,4.6306947927475,0,0,0,0,0,0,0,0,0,4.91946161877025,0,0,0,0,0,0,0,0,0,0,0,0,0,0,0,0,0,0,0,6.02805820465088,0,6.74491484857375,0,0,0,0,0,0,0,0,0,0,6.99116048864347,0,4.80650621008985,0,0,0,0,0,0,0,5.98904426504926,0,2.9451998869578,0,0,0,0
0,0,0,0,0,0,0,0,0,0,3.55887395540873,0,0,0,0,0,0,0,0,0,0,0,0,0,0,0,0,0,3.01754028239149,0,0,0,0,0,0,0,0,0,3.23770632833805,0,0,0,0,0,0,0,0,0,0,0,0,0,0,0,0,0,4.16162316615765,0,0,0,0,0,0,0,0,0,0,0,0,0,0,3.15964844574531,0,3.0165646314621,0,0,0,0,0,0,0,3.90478110313416,0,0,0,0,0
0,0,0,0,0,0,0,0,0,0,0,0,0,0,0,0,0,0,0,0,0,0,0,0,0,0,0,0,0,0,0,0,3.82496224287664,2.74850273132324,3.85445400646755,3.14949338672354,9.94483375549316,0,0,0,0,0,0,0,0,0,0,5.77932699481844,5.78249971762947,4.97846756963169,0,0,0,0,0,0,0,0,0,0,0,0,0,0,0,0,0,0,0,0,0,0,0,0,3.80350051467867,6.82637758255005,2.74603855609894,7.71652237574259,3.26415143609047,6.45030703911415,0,0,3.59077727667829,0,0,0,0
0,0,0,0,0,0,0,0,0,0,0,0,0,0,0,0,0,0,0,0,0,0,0,0,0,0,0,0,0,0,0,3.82496224287664,0,0,6.16874433818616,2.96031618118286,3.28261128216487,0,0,0,0,0,0,0,0,0,0,4.31788384513629,6.7745936191999,15.427264213562,0,0,0,0,0,0,0,0,0,0,0,0,0,0,0,0,0,0,0,0,0,0,0,0,4.07378311844559,5.66886622425221,0,8.01594971865416,0,5.0023468921611,0,0,3.15157493678006,0,7.0905868212382,0,0
0,0,0,0,0,0,0,0,0,0,0,0,0,0,0,0,0,0,0,0,0,0,0,0,0,0,0,0,0,0,0,2.74850273132324,0,0,4.98769563693035,3.49718760482318,0,3.36605553686619,8.30106652521454,0,0,0,0,0,0,0,0,5.98385338890285,6.71969532966614,0,0,0,0,0,0,0,0,0,0,0,0,0,0,0,0,0,0,0,0,0,0,0,0,0,8.43099784851074,0,4.86101053327861,9.17323371808823,4.87947280458409,5.59113999775478,3.82185507508425,11.3280055992531,4.38435742931981,0,32.6264305114746,0,0
0,0,0,0,0,0,0,0,0,0,0,0,0,0,0,0,0,0,0,0,0,0,0,0,0,0,0,0,0,0,0,3.85445400646755,6.16874433818616,4.98769563693035,0,0,3.54683769888438,9.92908098342571,6.57864405827127,0,0,0,15.5075063705444,0,0,0,0,4.65735320026511,4.48932368414743,15.6543180942535,0,0,0,0,0,0,0,0,0,0,0,0,0,0,0,0,0,0,0,0,0,0,0,0,3.62313146818252,9.99736077322033,3.83325824597474,4.39517550834046,0,4.74215348853108,7.51702761650085,5.72365674872391,3.95607712320659,0,17.0972864892748,0,0
0,0,0,21.1287260055542,0,37.1353861490885,0,0,0,0,0,5.34380950395343,0,0,0,0,0,0,0,5.51879483283541,0,0,0,0,0,0,0,0,0,0,0,3.14949338672354,2.96031618118286,3.49718760482318,0,0,3.12058728406218,6.14175663909669,3.2275890827179,11.8582764625549,0,36.332234791347,0,0,0,11.0407407235126,0,28.643509275773,21.2676563262939,38.5717808491475,0,0,0,0,0,0,0,5.83128670283726,0,0,0,0,7.50596811991471,0,0,0,0,0,0,0,0,0,42.3037490844727,0,4.12339232169639,0,5.36406142119593,0,5.82979883141464,0,7.74188772556471,0,4.83206071513576,3.59329056739807,15.3220959469892,0,0
0,0,0,0,0,0,0,0,0,0,3.66274897332996,0,0,0,0,0,0,93.6244430541992,87.8213500976562,0,3.47964889007438,0,0,0,0,0,0,0,0,0,0,9.94483375549316,3.28261128216487,0,3.54683769888438,3.12058728406218,0,0,4.86973380952239,7.38435959815979,0,0,44.8844530317518,0,0,91.6892013549805,39.8803334501055,8.85760065714518,24.0277773539225,0,0,0,0,0,0,0,3.84870849450429,0,0,0,0,0,0,6.5965032686881,0,0,0,0,0,0,0,0,0,0,0,4.36385839364364,0,5.68243055513927,4.67099905014038,5.60780262902789,0,6.98039313624887,4.20512533382573,4.27772864699364,20.2306077246032,0,0
0,30.722226665866,0,36.8645277376528,0,0,0,0,0,28.9750369787216,0,3.53174394673853,0,0,0,0,0,0,17.9348320960999,6.89445740694604,0,4.88442781430866,4.63650200480506,7.25452325964753,0,0,0,4.38361656229902,0,4.91946161877025,0,0,0,3.36605553686619,9.92908098342571,6.14175663909669,0,0,5.57832245038626,0,0,24.7696047184315,0,0,0,31.3744541168213,0,9.16966463543462,0,7.1059579861925,0,0,0,0,0,24.2225881295326,0,4.68956981698672,0,0,0,0,13.3885530313594,0,4.99694695310423,0,6.99575111886375,0,0,0,33.9327335357666,0,4.80875830154503,0,0,0,5.46495708873376,11.3737840652466,9.68127794342864,0,5.91378189145594,7.03193755925557,5.64428886588175,5.57102150008792,20.0852057738946,0,0
13.0595569610596,0,27.2148523330688,0,0,0,0,0,4.63366198237938,0,3.67902749056196,0,0,0,0,0,52.8127136230469,0,0,0,3.62426454822222,0,8.46097582298167,0,10.9730803910643,0,0,0,2.9928391456604,0,3.23770632833805,0,0,8.30106652521454,6.57864405827127,3.2275890827179,4.86973380952239,5.57832245038626,0,0,0,0,8.59140933399469,0,0,0,23.3572111129761,5.8409417890504,4.6989219516313,0,0,0,0,0,15.5934167336492,0,4.65513639073623,0,0,0,0,0,0,11.5604627006932,0,5.87898517524203,0,11.087415656522,0,11.0611963272095,0,10.6548515370018,0,6.23488462188027,0,0,5.09460029602051,6.9654168899854,0,7.29786346332971,4.87675251413844,5.43513145013511,5.00398775136518,4.25730864898018,8.40581312273989,0,12.7379121780396
0,0,0,46.8775672912598,0,0,0,0,0,51.6067797342936,0,0,0,0,0,0,69.3122131347656,62.5761741638184,44.2418172617815,0,0,0,0,0,0,0,0,0,0,0,0,0,0,0,0,11.8582764625549,7.38435959815979,0,0,0,0,21.8726269706797,64.7375869750977,24.138266881307,53.4516544342041,10.2981452498484,0,5.41032364789177,0,7.2353395385225,0,0,0,0,0,0,0,45.1449384689331,0,0,0,0,10.1513190403413,0,0,0,55.3592758178711,0,0,0,0,0,33.3173488616943,0,0,0,0,0,10.172299799069,83.2813262939453,14.8214682527617,78.8178176879883,41.5917214705805,38.1151161193848,11.0660449868844,39.9952637808664,56.6429672241211
0,0,34.949592590332,0,0,0,0,0,0,0,0,0,0,0,0,0,57.5055461883545,72.4082467820909,48.3504084562644,0,0,0,0,0,0,0,0,0,0,0,0,0,0,0,0,0,0,0,0,0,0,60.0584231785366,17.3376831563053,0,27.1169489498796,119.597946166992,11.686383904243,0,14.4753150161944,0,39.7791919708252,0,0,0,0,0,34.6198477745056,0,0,0,0,0,0,10.2255774044384,0,0,0,0,0,0,0,0,0,44.2433300018311,0,0,0,0,83.9848289489746,5.96842287019158,0,12.4943240534875,52.626618529811,0,9.64139845246156,0,25.7112780809402
0,27.241893268326,70.1680679321289,31.0246120217728,0,43.0209448072645,0,0,45.2372716267904,19.7729913172175,0,0,0,0,0,0,58.9815729810046,48.2733972081464,33.1785385228046,37.2630844116211,0,48.5236797332764,0,15.4088461875916,0,0,0,0,0,0,0,0,0,0,0,36.332234791347,0,24.7696047184315,0,21.8726269706797,60.0584231785366,0,18.5470273218998,23.7170776871015,62.9782320658366,21.0396028211174,41.8673216819763,18.7148230809432,55.1942939758301,12.0660553877762,65.0269927978516,44.800407409668,0,0,0,36.8003101348877,56.4655445643834,19.3275652957219,0,0,0,36.3151206970215,35.2183647624782,59.994499206543,0,0,33.0735740661621,0,0,0,18.4062299728394,69.8358383178711,25.7812687330705,58.8419647216797,0,0,0,0,29.2707540984695,62.2614216804504,29.0899406841444,58.9373976763557,20.8730385612298,33.200331884272,17.5043103075104,19.5094756593255,42.0557484944661
20.4335630065516,0,24.0620979167628,60.9096794128418,30.9902153015137,0,0,0,5.0420925957816,0,0,0,0,0,35.4581604003906,0,37.5668545572945,55.239387736601,30.1998109149378,0,27.7639026641846,0,0,0,5.93207899729411,0,32.7300834655762,0,0,0,0,0,0,0,15.5075063705444,0,44.8844530317518,0,8.59140933399469,64.7375869750977,17.3376831563053,18.5470273218998,0,0,11.5367866103531,55.0779050191244,20.7683330719045,10.6525602293204,11.9258356968884,0,38.1290814139626,0,0,0,22.6137047078874,0,19.9615324436108,0,40.4067449569702,0,0,0,0,19.1378528792579,0,0,0,0,0,33.3679542541504,0,20.7482473051746,98.3939819335938,18.7800846538868,0,0,0,0,74.4437320106908,21.7383486382217,60.3192205429077,27.5595769548651,19.265889396202,19.2632214682443,14.7705683340546,41.1018193562826,14.0193775970456
0,0,0,0,0,0,0,0,0,0,0,0,0,0,0,0,44.0075082778931,44.3251079983181,15.9962989202938,0,0,0,0,0,0,0,0,0,0,0,0,0,0,0,0,0,0,0,0,24.138266881307,0,23.7170776871015,0,0,0,21.8134537786245,47.1915817260742,33.7909736633301,0,12.1536989212036,0,0,0,0,0,0,0,18.4871768951416,0,0,0,0,18.4963901226337,0,0,0,0,0,0,0,0,0,27.1367841448103,0,0,0,0,0,31.0249221172739,68.6549530029297,35.431383728981,81.4710464477539,21.2056856420305,0,19.6178178641632,49.1452903747559,0
0,0,22.7418346405029,0,0,0,0,0,0,0,0,0,0,0,0,0,32.9911313056946,50.8316065470378,31.113496763566,0,0,0,0,0,0,0,0,0,0,0,0,0,0,0,0,0,0,0,0,53.4516544342041,27.1169489498796,62.9782320658366,11.5367866103531,0,0,0,15.0160801342555,0,39.8619842529297,0,36.560791015625,0,0,0,0,0,33.6425914764404,0,0,0,0,0,0,25.2304821014404,0,0,0,0,0,0,0,0,0,34.8079700469971,0,0,0,0,56.8931999206543,30.3646573702494,84.815544128418,31.0552233060201,35.3256558504972,0,18.9772960492543,0,25.1502257585526
0,18.9138797466572,99.7895965576172,15.7256573352261,0,25.559944152832,0,0,0,0,0,0,0,0,0,0,58.7891143163045,56.3695827882681,35.3162010477596,14.4344133694967,0,0,0,23.9851188659668,0,69.5697631835938,0,0,0,0,0,0,0,0,0,11.0407407235126,91.6892013549805,31.3744541168213,0,10.2981452498484,119.597946166992,21.0396028211174,55.0779050191244,21.8134537786245,0,0,68.4766759872437,43.8450922411542,0,26.7009593749715,0,0,0,0,0,24.3820095062256,0,25.9880703290304,0,0,0,0,9.89761383019914,0,0,0,0,0,0,0,50.7444127400716,0,30.5696648507429,95.4408340454102,0,0,0,0,27.3562426882885,75.9351863861084,25.8723287027485,92.7080663045247,28.7495629928764,29.5451304117839,16.1809748187866,27.2056227789985,43.463996887207
23.8056221008301,0,15.0643730700856,0,12.7498566598603,0,0,0,0,0,0,0,0,0,0,0,57.8294021525282,60.0016347985519,40.8711777560051,0,11.4968981061663,0,0,0,0,0,53.1277160644531,0,0,0,0,0,0,0,0,0,39.8803334501055,0,23.3572111129761,0,11.686383904243,41.8673216819763,20.7683330719045,47.1915817260742,15.0160801342555,68.4766759872437,0,37.4483934674944,27.7458721932911,29.2139876229422,22.5930663744609,0,0,0,0,0,26.8173971863934,0,0,0,0,0,72.3380432128906,13.944192402484,0,0,0,0,0,0,0,34.9496847788493,64.7135639190674,28.0727635539966,0,0,0,0,81.6778967721122,24.8600478377937,65.4663276672363,25.5727298484658,31.4396897956423,0,16.2227173803939,36.9017066955566,30.7469189084809
22.7787437438965,43.2191352844238,0,54.7903798421224,46.784496307373,58.4506092071533,0,0,24.2724189758301,0,0,0,0,0,0,0,0,92.364990234375,69.906135559082,0,0,22.614291826884,0,23.6417600843642,0,0,0,0,0,0,0,5.77932699481844,4.31788384513629,5.98385338890285,4.65735320026511,28.643509275773,8.85760065714518,9.16966463543462,5.8409417890504,5.41032364789177,0,18.7148230809432,10.6525602293204,33.7909736633301,0,43.8450922411542,37.4483934674944,0,8.36797627329454,8.11669634142805,0,0,0,0,0,0,38.3279523849487,0,0,0,0,0,0,44.4261541366577,23.7336058616638,0,28.1793148040771,0,0,0,0,0,0,0,5.8243094111631,6.53406522438306,4.04589814753146,6.01810254758977,8.13106437952803,9.10656535419716,12.0847365652318,7.69341940515102,11.0352344075323,44.9944343566895,12.1461864213855,0,0
6.70558031805707,0,17.0498234317416,0,37.0724281311035,0,0,0,8.34433903511922,0,0,0,0,0,0,0,87.9208984375,0,72.1435813903809,0,42.0780048370361,0,6.33555684334193,0,6.21549897193909,0,0,0,0,0,0,5.78249971762947,6.7745936191999,6.71969532966614,4.48932368414743,21.2676563262939,24.0277773539225,0,4.6989219516313,0,14.4753150161944,55.1942939758301,11.9258356968884,0,39.8619842529297,0,27.7458721932911,8.36797627329454,0,9.60925700068474,50.701511556452,0,0,0,7.37310249457317,0,31.8697119951248,0,48.488468170166,0,4.06912713991085,0,0,34.5307328360421,0,7.78958671666958,0,5.67803975282141,0,5.81115022013264,0,6.2652325630188,0,16.2592433061865,5.19318787256877,7.38367899258931,0,2.99140496253967,0,6.15252590084833,0,6.78574162290179,12.7038476172882,0,13.9558279258807,0,25.3064880371094
0,17.2807296161298,0,14.4580426980864,0,50.4489250183105,0,0,0,15.868732714653,0,0,0,0,0,0,0,0,51.6848812103271,33.938362121582,0,4.11759829521179,0,0,0,0,0,0,0,0,0,4.97846756963169,15.427264213562,0,15.6543180942535,38.5717808491475,0,7.1059579861925,0,7.2353395385225,0,12.0660553877762,0,12.1536989212036,0,26.7009593749715,29.2139876229422,8.11669634142805,9.60925700068474,0,44.395938873291,0,0,0,0,15.0944682529994,0,9.8684855805503,0,9.16535476316889,0,9.82208638191223,26.347752571106,51.8863182067871,3.03602831704276,0,5.60495281219482,0,8.57705052678746,0,6.04347007310213,0,9.45227451651704,0,4.77244647343953,11.8636779785156,0,11.1202936172485,12.8436720489863,15.0180337429047,15.6312773738589,0,15.4971174330718,40.7205988566081,15.4772079527225,0,0
0,0,7.86293236802264,0,3.05197554542905,0,0,0,0,0,0,0,0,0,3.74102056411005,0,47.0515251159668,0,52.0938348770142,0,6.01880139889924,0,0,0,0,0,0,0,0,0,0,0,0,0,0,0,0,0,0,0,39.7791919708252,65.0269927978516,38.1290814139626,0,36.560791015625,0,22.5930663744609,0,50.701511556452,44.395938873291,0,0,3.17552208900452,0,3.3526224427753,0,6.63376321832174,0,3.37070858478546,0,4.30870115756989,0,0,8.86465320693122,0,0,0,0,0,0,0,37.6385593414307,0,38.2438590640113,0,0,0,0,0,68.7375564575195,0,42.3439383506775,34.2262998308454,0,14.395310908556,0,0
0,0,0,5.12696383541281,0,3.14806735515594,0,0,0,8.46059131622314,0,0,0,0,0,0,0,0,0,0,0,0,0,0,0,0,0,0,0,0,0,0,0,0,0,0,0,0,0,0,0,44.800407409668,0,0,0,0,0,0,0,0,0,0,0,0,0,8.87246322631836,0,4.06803127614463,0,3.12939152475131,0,3.25597777366638,0,0,0,0,0,0,0,0,0,0,0,0,0,0,0,0,0,0,0,0,32.6947393417358,0,6.61626999001754,0,0
0,0,0,0,0,0,3.73394807179769,0,0,0,11.1918792724609,0,0,0,0,0,0,0,0,0,0,0,0,0,0,0,0,0,0,0,0,0,0,0,0,0,0,0,0,0,0,0,0,0,0,0,0,0,0,0,3.17552208900452,0,0,0,0,0,10.9690233782718,0,0,0,0,0,0,0,0,0,0,0,0,0,0,0,0,0,0,0,0,0,0,0,0,0,2.89743971824646,0,0,0,0
0,0,0,0,0,0,0,3.50422399727873,0,0,0,2.94434803724289,0,0,0,0,0,0,0,11.4247165520986,0,0,0,0,0,0,0,0,0,0,0,0,0,0,0,0,0,0,0,0,0,0,0,0,0,0,0,0,0,0,0,0,0,0,0,0,0,5.42770713776466,0,0,0,0,11.6369517147541,0,0,0,0,0,0,0,0,0,0,0,0,0,0,0,0,0,0,0,3.57930278778076,0,0,0,0
5.1468040906466,0,4.1339346429576,0,5.48532056808472,0,0,0,6.83080037386011,0,0,0,0,0,9.08164978027344,0,0,0,0,0,0,0,0,0,4.51879961594291,0,3.1595253944397,0,0,0,0,0,0,0,0,0,0,0,15.5934167336492,0,0,0,22.6137047078874,0,0,0,0,0,7.37310249457317,0,3.3526224427753,0,0,0,0,0,33.5105946858724,0,0,0,4.10582124003487,0,0,29.8407402038574,0,0,0,3.26497297701628,0,3.73245380038307,0,0,0,39.0014483133952,0,0,0,0,0,0,0,12.2581741669126,5.0045054037759,0,27.070263783137,0,0
0,5.84998491699578,0,8.04661121119314,0,3.16450071334839,0,0,0,6.9543297479534,0,0,0,0,0,3.81293599894553,0,4.00970935821533,0,0,0,0,0,12.3223461310069,0,0,0,0,0,0,0,0,0,0,0,0,0,24.2225881295326,0,0,0,36.8003101348877,0,0,0,24.3820095062256,0,0,0,15.0944682529994,0,8.87246322631836,0,0,0,0,0,0,0,4.44971471362644,0,4.54912013803574,0,0,0,0,8.92314242608877,0,0,0,0,0,0,0,0,0,0,0,0,0,12.02682866724,0,14.1121142953634,0,17.4784770847915,0,0
26.687893780795,0,18.992265154918,0,31.0709447860718,0,10.4288625059028,0,28.6803760528564,0,5.32695052644045,0,5.38149877702547,0,0,0,40.9542766515759,63.9025083269392,41.4561245520383,0,7.20471608348009,0,0,0,0,0,0,0,4.07753006617228,0,4.16162316615765,0,0,0,0,0,3.84870849450429,0,4.65513639073623,0,34.6198477745056,56.4655445643834,19.9615324436108,0,33.6425914764404,0,26.8173971863934,38.3279523849487,31.8697119951248,0,6.63376321832174,0,10.9690233782718,0,33.5105946858724,0,0,0,5.91365098300045,0,0,0,0,13.0545399440317,0,0,0,0,0,0,0,6.57471203849086,0,9.45621758363186,0,0,0,0,0,18.1159249797012,76.5337295532227,22.4120452139113,17.3046983641386,0,13.0262948158919,0,15.4054566519601
0,14.1675288171479,0,18.9574264155494,0,39.1813983917236,0,5.76377726678389,0,16.7095673084259,0,5.12475562816652,0,0,0,0,0,0,26.1661853790283,5.43392051119727,0,0,0,0,0,0,0,0,0,6.02805820465088,0,0,0,0,0,5.83128670283726,0,4.68956981698672,0,45.1449384689331,0,19.3275652957219,0,18.4871768951416,0,25.9880703290304,0,0,0,9.8684855805503,0,4.06803127614463,0,5.42770713776466,0,0,0,0,0,3.63826020106231,0,8.98582983016968,5.1080338034117,0,0,0,0,0,7.9149595896403,0,6.30192384245943,0,5.59330347846997,0,0,0,0,0,44.314248085022,0,27.7352699637413,0,12.6222645866778,38.3575833638509,8.05544121690202,0,0
0,0,5.80297817502703,0,0,0,0,0,0,0,3.49096680570532,0,3.24279746179995,0,4.7551374181788,0,0,0,0,0,0,0,0,0,0,0,0,0,4.08723912239075,0,0,0,0,0,0,0,0,0,0,0,0,0,40.4067449569702,0,0,0,0,0,48.488468170166,0,3.37070858478546,0,0,0,0,0,5.91365098300045,0,0,0,2.85030102729797,0,0,0,0,0,0,0,0,0,0,6.72286343574524,0,11.3405542373657,0,0,0,0,0,0,0,40.5124397277832,3.42515724211028,3.45890148965324,18.2059937257033,0,0
0,0,0,3.46039508448707,0,0,0,2.86766135692596,0,0,0,3.78902010836648,0,3.27233579238872,0,0,0,0,0,0,0,0,0,0,0,0,0,3.13989159266154,0,6.74491484857375,0,0,0,0,0,0,0,0,0,0,0,0,0,0,0,0,0,0,0,9.16535476316889,0,3.12939152475131,0,0,0,4.44971471362644,0,3.63826020106231,0,0,0,3.2257957649231,0,0,0,0,0,0,6.28511574393825,0,5.83952788839635,0,11.9625370502472,0,0,0,0,0,0,0,0,0,3.02766282856464,3.04848120429299,6.93801787164476,0,0
3.60734579563141,0,0,0,3.75713105797768,0,0,0,3.88981984814568,0,0,0,2.95457029342651,0,3.09080069359035,0,11.1806541283925,0,0,0,0,0,0,0,4.59249925613403,0,2.98041951656342,0,2.90659685134888,0,0,0,0,0,0,0,0,0,0,0,0,0,0,0,0,0,0,0,4.06912713991085,0,4.30870115756989,0,0,0,4.10582124003487,0,0,0,2.85030102729797,0,0,0,0,0,0,0,0,3.5940306186676,0,0,0,0,0,0,0,0,0,0,0,0,0,0,4.7721621429219,0,0,0,0
0,11.0680539343092,0,4.73176007952009,0,2.74828775723775,0,0,0,3.51422209940948,0,0,0,4.14251347647773,0,3.77894134508562,0,0,0,0,0,0,0,0,0,4.18793983308096,0,4.41727083921432,0,0,0,0,0,0,0,0,0,0,0,0,0,36.3151206970215,0,0,0,0,0,0,0,9.82208638191223,0,3.25597777366638,0,0,0,4.54912013803574,0,8.98582983016968,0,3.2257957649231,0,0,0,0,0,0,28.8408160209656,0,3.89188727775177,0,6.83855512007228,0,0,0,0,0,0,0,0,0,35.4473342895508,0,3.46636521472852,2.95764601230621,11.9950812126083,0,0
0,30.3294286727905,0,30.8000580923898,0,0,0,13.5670056954408,0,0,0,12.5942155281703,0,0,0,0,50.6396179199219,61.7883805169,38.3531730345317,7.02189149764336,0,0,0,0,0,0,0,0,0,0,0,0,0,0,0,7.50596811991471,0,13.3885530313594,0,10.1513190403413,0,35.2183647624782,0,18.4963901226337,0,9.89761383019914,72.3380432128906,0,0,26.347752571106,0,0,0,11.6369517147541,0,0,0,5.1080338034117,0,0,0,0,0,0,0,0,0,0,0,0,0,0,21.4381413039039,0,0,0,0,0,11.3129078724839,0,9.141591706814,0,13.7674530392173,0,11.3879244921408,18.5604619979858,0
0,0,21.8888903723823,0,10.533663886717,0,0,0,0,0,4.54876942076582,0,0,0,0,0,39.0570774078369,63.4669303894043,47.9038019180298,0,5.78920417766406,0,0,0,0,0,0,0,0,0,0,0,0,0,0,0,6.5965032686881,0,11.5604627006932,0,10.2255774044384,59.994499206543,19.1378528792579,0,25.2304821014404,0,13.944192402484,44.4261541366577,34.5307328360421,51.8863182067871,8.86465320693122,0,0,0,29.8407402038574,0,13.0545399440317,0,0,0,0,0,0,0,0,0,0,0,0,0,0,19.7255480353897,0,23.5189437339319,0,0,0,0,0,12.602014161706,0,12.7651718659552,16.2251178082966,9.55839729309082,11.2045246037431,0,16.9176164406996
0,0,0,0,0,0,0,0,0,0,0,0,0,0,0,0,0,6.54435979127884,0,0,0,5.4322692867696,4.19695609637669,3.97652967203231,0,4.27731394767761,0,4.25356083662331,0,0,0,0,0,0,0,0,0,4.99694695310423,0,0,0,0,0,0,0,0,0,23.7336058616638,0,3.03602831704276,0,0,0,0,0,0,0,0,0,0,0,0,0,0,0,4.79217435763432,4.08448275801254,0,4.05517565960787,0,4.90613918304443,0,0,0,0,0,0,0,0,0,7.06620737605625,0,7.10594707286383,4.71665843561584,0,0,0
0,0,0,0,0,0,0,0,0,0,0,0,0,0,0,0,7.5005591792445,0,0,0,0,3.75522650205172,5.07097283682128,0,3.83035289100979,0,4.35407839751825,0,5.01544121901194,0,0,0,0,0,0,0,0,0,5.87898517524203,0,0,0,0,0,0,0,0,0,7.78958671666958,0,0,0,0,0,0,0,0,0,0,0,0,0,0,0,4.79217435763432,0,0,4.46114243519159,0,4.61081408236149,0,6.46040471768219,0,0,0,0,0,0,0,0,0,6.9064195240643,6.33005978588151,4.40359524999346,0,0,0
0,0,0,35.0266971588135,0,0,0,0,0,22.8066916170808,0,0,0,0,0,0,0,4.38328129904611,0,0,0,4.80712497815853,0,4.47874697674136,0,4.49985589700587,0,0,0,0,0,0,0,0,0,0,0,6.99575111886375,0,55.3592758178711,0,33.0735740661621,0,0,0,0,0,28.1793148040771,0,5.60495281219482,0,0,0,0,0,8.92314242608877,0,0,0,0,0,28.8408160209656,0,0,4.08448275801254,0,0,0,4.32058980190648,0,0,0,0,0,0,0,0,0,53.8937530517578,0,9.32014613745381,0,4.50193808759962,0,38.6263980865479,0,0
0,0,0,0,0,0,0,0,4.37938961982727,0,0,0,0,0,0,0,0,0,0,0,0,0,10.2445153858927,0,4.53790902927381,0,6.70512358347575,0,0,0,0,0,0,0,0,0,0,0,11.087415656522,0,0,0,0,0,0,0,0,0,5.67803975282141,0,0,0,0,0,3.26497297701628,0,0,0,0,0,3.5940306186676,0,0,0,0,4.46114243519159,0,0,0,4.94137989801745,0,0,0,0,0,0,0,0,0,0,0,8.52124739287025,9.90840272903442,0,5.52383464984793,0,0
0,0,0,0,0,0,0,0,0,4.69667441646258,0,0,0,0,0,8.64500681559245,0,3.58443182706833,0,0,0,3.07596981282137,0,5.82651001802131,0,4.76348602232621,0,5.30592833652398,0,0,0,0,0,0,0,0,0,0,0,0,0,0,0,0,0,0,0,0,0,8.57705052678746,0,0,0,0,0,0,0,7.9149595896403,0,6.28511574393825,0,3.89188727775177,0,0,4.05517565960787,0,4.32058980190648,0,0,0,4.51998829066753,0,0,0,0,0,0,0,0,0,0,0,3.78520720481873,0,6.65016279220581,0,0
0,0,38.2943305969238,0,0,0,0,0,3.29976570606232,0,0,0,0,0,0,0,9.36326386414322,46.2652997970581,15.1842594146729,0,0,0,6.84667872621658,0,5.76008377312567,0,3.88045573431598,0,4.14067625999451,0,0,0,0,0,0,0,0,0,11.0611963272095,0,0,0,33.3679542541504,0,0,0,0,0,5.81115022013264,0,0,0,0,0,3.73245380038307,0,0,0,0,0,0,0,0,0,0,4.61081408236149,0,4.94137989801745,0,0,0,5.07611698216187,0,0,0,0,0,0,0,0,0,15.5683746337891,3.81067513952068,0,12.1228020985921,0,0
0,8.89055983964787,0,26.7015886306763,0,0,0,0,0,24.580753326416,0,9.61519567532973,0,0,0,0,0,0,30.5405426025391,0,0,4.03601371163414,0,18.4106388092041,0,0,0,4.57238787487911,0,6.99116048864347,0,0,0,0,0,0,0,33.9327335357666,0,0,0,18.4062299728394,0,0,0,50.7444127400716,0,0,0,6.04347007310213,0,0,0,0,0,0,0,6.30192384245943,0,5.83952788839635,0,6.83855512007228,0,0,4.90613918304443,0,0,0,4.51998829066753,0,0,0,6.44844847119544,0,0,0,0,0,40.3167419433594,0,3.21593279587595,0,5.69479091098343,3.40453596783292,11.211967673218,0,0
32.6325922012329,0,29.9933905601501,0,0,0,0,0,0,0,3.8774358827112,0,4.33122416642996,0,0,0,28.1045337823721,75.2677536010742,46.1522705078125,0,0,0,4.57546255805276,0,0,0,5.96969421788266,0,4.09516527968527,0,3.15964844574531,0,0,0,0,0,0,0,10.6548515370018,0,0,69.8358383178711,20.7482473051746,0,0,0,34.9496847788493,0,6.2652325630188,0,37.6385593414307,0,0,0,0,0,6.57471203849086,0,6.72286343574524,0,0,0,0,19.7255480353897,0,6.46040471768219,0,0,0,5.07611698216187,0,0,0,5.38312664316661,0,0,0,0,0,0,0,6.12202903523165,12.7208745088734,3.06189680099487,19.2490278190496,0,16.6216117717602
0,24.0028854700235,0,28.553883954414,0,42.7048206329346,0,0,0,20.2853918356054,0,8.13657391402456,0,0,0,0,115.866065979004,59.5064393997192,35.7751939684846,6.4839882850647,0,0,0,23.5849666595459,0,0,0,7.4991340888174,0,4.80650621008985,0,0,0,0,0,42.3037490844727,0,4.80875830154503,0,33.3173488616943,0,25.7812687330705,98.3939819335938,27.1367841448103,0,30.5696648507429,64.7135639190674,0,0,9.45227451651704,0,0,0,0,0,0,0,5.59330347846997,0,11.9625370502472,0,0,21.4381413039039,0,0,0,0,0,0,0,6.44844847119544,0,0,0,0,0,0,0,48.799006304403,0,15.7025696253165,95.3542022705078,24.8911311691883,44.4089603424072,15.6013089908529,30.9257348378499,0
30.9123620986938,0,28.9492007168857,0,35.2870559692383,0,0,0,28.0457887649536,0,5.7873946428299,0,0,0,0,0,48.0436473932481,69.7800662392064,44.7988983071625,0,5.38198488950729,0,0,0,0,0,59.6672859191895,0,0,0,3.0165646314621,0,0,0,0,0,0,0,6.23488462188027,0,44.2433300018311,58.8419647216797,18.7800846538868,0,34.8079700469971,95.4408340454102,28.0727635539966,0,16.2592433061865,0,38.2438590640113,0,0,0,39.0014483133952,0,9.45621758363186,0,11.3405542373657,0,0,0,0,23.5189437339319,0,0,0,0,0,0,0,5.38312664316661,0,0,0,0,0,0,90.8558578491211,48.0253195927061,99.0867436726888,5.67663326485787,39.0215160412093,0,15.993980666523,60.6932601928711,18.7895973332723
0,0,0,0,0,0,0,0,0,0,0,0,0,0,0,0,0,0,0,0,0,0,0,0,0,0,0,0,0,0,0,3.80350051467867,4.07378311844559,8.43099784851074,3.62313146818252,4.12339232169639,0,0,0,0,0,0,0,0,0,0,0,5.8243094111631,5.19318787256877,4.77244647343953,0,0,0,0,0,0,0,0,0,0,0,0,0,0,0,0,0,0,0,0,0,0,0,0,0,0,8.85212898254395,0,3.38477644239153,6.6888009707133,0,0,3.00304783730025,0,0,0,0
0,0,0,0,0,0,0,0,0,0,0,0,0,0,0,0,0,0,0,0,0,0,0,0,0,0,0,0,0,0,0,6.82637758255005,5.66886622425221,0,9.99736077322033,0,4.36385839364364,0,0,0,0,0,0,0,0,0,0,6.53406522438306,7.38367899258931,11.8636779785156,0,0,0,0,0,0,0,0,0,0,0,0,0,0,0,0,0,0,0,0,0,0,0,0,0,0,0,7.67831513903827,0,5.8296857510006,0,0,3.53502466461875,0,0,0,0
0,0,0,0,0,0,0,0,0,0,0,0,0,0,0,0,0,0,0,0,0,0,0,0,0,0,0,0,0,0,0,2.74603855609894,0,4.86101053327861,3.83325824597474,5.36406142119593,0,5.46495708873376,5.09460029602051,0,0,0,0,0,0,0,0,4.04589814753146,0,0,0,0,0,0,0,0,0,0,0,0,0,0,0,0,0,0,0,0,0,0,0,0,0,0,8.85212898254395,0,0,4.21818868319194,5.51808837185735,0,5.04551375878824,13.4001874923706,4.57700102329254,0,0,0,0
0,0,0,0,0,0,0,0,0,0,0,0,0,0,0,0,0,0,0,0,0,0,0,0,0,0,0,0,0,0,0,7.71652237574259,8.01594971865416,9.17323371808823,4.39517550834046,0,5.68243055513927,11.3737840652466,6.9654168899854,0,0,0,0,0,0,0,0,6.01810254758977,2.99140496253967,11.1202936172485,0,0,0,0,0,0,0,0,0,0,0,0,0,0,0,0,0,0,0,0,0,0,0,0,0,7.67831513903827,4.21818868319194,0,0,8.85402733689373,0,4.61763717457746,4.69666882854397,0,0,0,0
0,44.4907150268555,0,41.2629982874944,0,48.8239250183105,0,0,0,42.6549224853516,0,0,0,0,0,0,77.0246057510376,70.5946910776991,53.1141820560523,6.68209384001938,0,83.6861572265625,0,84.4029769897461,0,0,0,0,0,0,0,3.26415143609047,0,4.87947280458409,0,5.82979883141464,4.67099905014038,9.68127794342864,0,10.172299799069,83.9848289489746,29.2707540984695,74.4437320106908,31.0249221172739,56.8931999206543,27.3562426882885,81.6778967721122,8.13106437952803,0,12.8436720489863,0,0,0,0,0,0,0,44.314248085022,0,0,0,0,11.3129078724839,0,0,0,53.8937530517578,0,0,0,40.3167419433594,0,48.799006304403,90.8558578491211,3.38477644239153,0,5.51808837185735,0,0,88.8875798445482,7.87080264391704,93.5332336425781,33.1984334369522,27.5279147624969,25.9609979528375,31.1293624536881,82.2976275852748
