0,0,0,0,0,0,0,0,0.0043564655618164,0,0,0,0,0,0,0,0,0,0,0,0,0,0,0,0,0,0,0,0,0,0,0,0,0,0,0,0,0,0,0,0,0,1.38852659302181e-05,0,0,0,0,0,0.0208666609490773,0,0,0,0,0,0.0246953935094763,0,0,0,0,0,0.00487866999254097,0,0,0,0,0,0,0,0,0,0,0,0,0,0,0,0,0,0,0,0,0,4.25107985755212e-05,0,0.0109025094919338,0,0.000852453198445957
0,0,0,0.0063162080352161,0,3.05537122944192e-05,0,0,0,0.217505202471974,0,0,0,0,0,0,1.82558368501623e-05,0.000302941508348562,0.000880878340107564,0,0,0,0,0,0,0,0,0,0,0,0,0,0,0,0,0,0,1.33206103238254e-05,0,0,0,0.0206326240446424,0,0,0,0,0,0,0,0.00894933470361882,0,0,0,0,0,0.275549371032928,0,3.17566138769462e-05,0,0,0,0.201687707379936,0,0,0,0,0,0,0,0,0,0,0.000118418308581831,0,0,0,0,0,0,0,0,0,0.00317400083857157,3.17481387509103e-06,0.038487148568389,0,0
0,0,0,0,0.00373746222255002,0,0,0,0,0,0,0,0,0,0,0,0,0,5.69960272224404e-05,0,0,0,0,0,0,0,0,0,0,0,0,0,0,0,0,0,0,0,0,0,0,0.00120297942312375,0.0337154076633328,0,0,0,0.00335902948353157,0,0.0106950087109335,0,0,0,0,0,0.00123207556968708,0,0,0,0,0,0,0,0,0,0,0,0,0,0,0,0,0,0,0,0,0,0,0,0,0,0,1.88432332047854e-05,8.70389186320455e-05,0,0.00722386884299187,0,0.00203461258023677
0,0.0063162080352161,0,0,0,0.0781833185087054,0,0,0,0.00126505155555281,0,0,0,0,0,0,0.000335515656242696,0.000452436913373497,0.00359262735227042,0.00775008188006682,0,0,0,0,0,0,0,0,0,0,0,0,0,0,0,0,0,0,0,0.00204923725000235,4.73068053856408e-05,0.111539190114209,0.000433610637189682,0.00206909134416905,0,0.0224017471215855,7.43860319159934e-05,0,0,0.00435832496931929,0,0.00012329050536525,0,0,0,0,0,0.00471007016728781,0,0,0,0,0.00029233584697149,0,0,0,0,0,0,0,0,0,0.0241100353186416,0,0,0,0,0,2.10838366039951e-05,0,2.87927540178612e-05,0,0.00145988529906925,5.34658658674363e-05,0.0388886794765458,0.00130595467633979,0
0,0,0.00373746222255002,0,0,0,0,0,0.00779372757752917,0,0,0,0,0,0,0,0,0,0,0,0.0194144233341234,0,0,0,0,0,0,0,0,0,0,0,0,0,0,0,0,0,0,0,5.06344669315114e-05,0.00809291556742762,0.0424392123563273,0,0,0,0.00135079739183059,0,2.89194821680287e-05,0,0.00447302218526602,0,0,0,0,0,0,0,0,0,0,0,0,0.000719038600538687,0,0,0,0,0,0,0,0,0,0,0,0,0,0,0,0,0,0,0.00109400574784456,9.65294882952269e-05,0.0205139490156685,0.000934291170432727,0.00787103718972919
0,3.05537122944192e-05,0,0.0781833185087054,0,0,0,0.00594641325229225,0,0,0,0.000372472509156427,0,0,0,0,0,0,7.93593377489833e-05,0.0944526403320238,0,0,0,0,0,0,0,0,0,0,0,0,0,0,0,0.000292643441491683,0,0,0,3.92206209948766e-05,0,0.0195498013693709,0.00014334251668557,0.000816984014487702,0,0.000369985901192438,0,0,0,0.000302770306688063,0,0.0258695052007348,0,0.00308205478047097,0,0,0,0.000554685120893457,0,0,0,0,0,0,0,0,0,0,0,0,0,0,0.00402728162976452,0,0,0,0,0,2.07598485683384e-05,0,1.39171198711554e-05,0,0.000568061677883288,0.00182729364238938,0.0233427618957758,0.000134614109438016,0
0,0,0,0,0,0,0,0,0,0,0,0,0,0,0,0,0,0,0,0,0,0,0,0,0,0,0,0,0,0,0,0,0,0,0,0,0,0,0,0,0,0,0,0,0,0,0,0,0,0,0,0,0,0,0,0,0,0,0,0,0,0,0,0,0,0,0,0,0,0,0,0,0,0,0,0,0,0,0,0,0,0,0.000210339087908775,3.29207359615023e-05,0,0,0
0,0,0,0,0,0.00594641325229225,0,0,0,0,0,0,0,0,0,0,0,0,0,0,0,0,0,0,0,0,0,0,0,0,0,0,0,0,0,0,0,0,0,0,0,0,0,0,0,0,0,0,0,0,0,0.00368997517692185,0,0.0164818197233826,0,0,0,0,0,0,0,0,0,0,0,0,0,0,0,0,0,0,0,0,0,0,0,0,0,0,0,0,0,0,0,0,0
0.0043564655618164,0,0,0,0.00779372757752917,0,0,0,0,0,0,0,0,0,0,0,0.0082231107717151,2.07268531983681e-05,0.00225167066390797,0,0,0,0,0,0,0,0,0,0,0,0,0,0,0,0,0,0,0,0.00300772375070056,0,0,0,0.00611580590082734,0,0,0,0,0,0.000654636120558672,0,0,0,0,0,0.0861559916330639,0,0,0,0,0,0.00151990661886287,0,0,0,0,0,0,0,0,0,0,0,2.35727148857601e-05,0,0,0,0,0,0,0,0,9.18422151692599e-05,0.0196459347883234,0.000595278506141805,0.00407030410932749,0,0.00111109508074296
0,0.217505202471974,0,0.00126505155555281,0,0,0,0,0,0,0,0,0,0,0,0,1.08104099407195e-05,0.0635491207823758,0.00449668546229712,0,0,3.94108744807205e-05,0,0,0,0,0,0,0,0,0,0,0,0,0,0,0,0,0,0,0,0.019092015731912,0,0,0,0.000301160613875958,0,0,0,0.000613275510203662,0,0,0,0,0,0.106356896798493,0,0.000792031039477511,0,0,0,0.000473148800665513,1.80462828137275e-05,0,0,0,0.00420719845290416,0,0.000788099714554846,0,0,0,0.00735297412699703,0,0,0,0,0,1.04200386441545e-06,0,6.08175492696188e-06,0,0.0116074560439548,0.0057783177684923,0.00690439992398925,0,0
0,0,0,0,0,0,0,0,0,0,0,0,0.000615915269008838,0,0,0,0,0,0,0,0.490368724727281,0,0,0,0,0,0,0,0,0,0,0,0,0,0,0,0.00393541092007889,0,0.0119812535624475,0,0,0,0,0,0,0,0,0,0,0,0,0,0,0,0,0,0.0252712348414319,0,0,0,0,0,0,0.0685369603690955,0,0,0,0,0,0,0,0,0,0.000760582509457104,0,0,0,0,0,0.00222094106313164,0,0,0.00453242571211395,0,0.00530073982451395,0,0
0,0,0,0,0,0.000372472509156427,0,0,0,0,0,0,0,0.0390050178925453,0,0,0,0,0,0.0955762661436274,0,0,0,0,0,0,0,0.054455074770239,0,0.110611268175077,0,0,0,0,0,0.00781834283580851,0,0.0302981835197693,0,0,0,0,0,0,0,0,0,0,0,0,0,0,0,0,0,0,0,0.123832660210477,0,0.0505820183364588,0,0,0,0,0,0,0,0,0,0,0.000382205493474133,0,0.0139841596464009,0,0,0,0,0,0,0,3.82810961926006e-05,0,0.0152976270612359,0.000308824321601687,0.00560456351826196,0,0
0,0,0,0,0,0,0,0,0,0,0.000615915269008838,0,0,0,0,0,0,0,0,0,0,0,0,0,0,0,0,0,0,0,0,0,0,0,0,0,0,0,0,0,0,0,0,0,0,0,0,0,0,0,0,0,0,0,0,0,0,0,0.00117124227032783,0,0,0,0,0,0,0,0,0,0,0,0,0,0,0,0,0,0,0,0,0,0,0,0.000597960940507883,2.04784832828081e-05,0,0,0
0,0,0,0,0,0,0,0,0,0,0,0.0390050178925453,0,0,0,0,0,0,0,0,0,0,0,0,0,0,0,0.0851277292615552,0,0.00321811206130759,0,0,0,0,0,0,0,0,0,0,0,0,0,0,0,0,0,0,0,0,0,0,0,0,0,0,0,0,0,0.118220673782638,0,0,0,0,0,0,0,0,0,0,0.00110700468791002,0,0,0,0,0,0,0,0,0,0,0,0.0113102587226673,0.200909842225279,0,0,0
0,0,0,0,0,0,0,0,0,0,0,0,0,0,0,0,0.00312737296538464,0,0,0,0,0,0,0,0,0,0.00119945787280643,0,0,0,0,0,0,0,0,0,0,0,0,0,0,0,0,0,0,0,0,0,0,0,0,0,0,0,0,0,0,0,0,0,0,0,0,0,0,0,0,0,0,0,0,0,0,0,0,0,0,0,0,0,0,0,0.00344311174698706,2.60708382984569e-05,0,0,0
0,0,0,0,0,0,0,0,0,0,0,0,0,0,0,0,0,0.105441313789056,0,0,0,0,0,0,0,0,0,0,0,0,0,0,0,0,0,0,0,0,0,0,0,0,0,0,0,0,0,0,0,0,0,0,0,0,0,0.00619256150020151,0,0,0,0,0,0,0,0,0,0,0,0,0,0,0,0,0,0,0,0,0,0,0,0,0,0,0.0101605455422692,0.0016382231232134,0,0,0
0,1.82558368501623e-05,0,0.000335515656242696,0,0,0,0,0.0082231107717151,1.08104099407195e-05,0,0,0,0,0.00312737296538464,0,0,0.4483448458841,0.148264809813235,0,0,0,5.24583301739767e-05,3.46173189935493e-05,0.000438864760017466,0,0.0479065905368523,0,0,0,0,0,0,0,0,0,0,0,0,0.00497835495018441,0.00933099695305705,0.00446816401520888,0.00371393311409818,0,0,0.00549870184952993,0.00202844221242258,0,0,0,0,0,0,0,0,0,0,0.000127306593952611,0,0,0,0,0.000624562357079783,7.06041501498562e-05,0,0,0,0,0,0,0,0,0.000645558677376443,0,0,0,0,0,0.000910558784462693,0.000379868486372508,0.000119585491323867,0.00027081892344962,0.0261698629772625,0.000256183441828724,0.0225041657456305,0,0.000899112540750354
0,0.000302941508348562,0,0.000452436913373497,0,0,0,0,2.07268531983681e-05,0.0635491207823758,0,0,0,0,0,0.105441313789056,0.4483448458841,0,0.168954143992046,0,0,0.0323387001087453,0,0.0181562086072757,0,0.0530048271917949,0,0,0,0,0,0,0,0,0,0,0,0,0,0.0120271318369306,0.00163072736445881,0.0149899811601005,0.000352956046541948,0,0,0.00632315677475487,0.000606223843633968,0,0,0,0,0,0,0,0,0.000744221081668543,0,0.00189883077416749,0,0,0,0.000661265571489092,0.00076459969760238,0,0,0,0,0,0,0,0,0,0.0167339910227328,0,0,0,0,0,0.00105226860791286,3.08386977981764e-05,0.00176970870918842,2.17256773526035e-05,0.0256701835472749,0.0108404948701655,0.0363088279163509,2.25300233087274e-05,0
0,0.000880878340107564,5.69960272224404e-05,0.00359262735227042,0,7.93593377489833e-05,0,0,0.00225167066390797,0.00449668546229712,0,0,0,0,0,0,0.148264809813235,0.168954143992046,0,0,0,0,0,0.00159353879291165,0,0,0,0,0,0,0,0,0,0,0,0,0,0,0,0.0431121988024155,0.125520766339798,0.0381152150504026,0.0675333668708125,0,0,0.109465581810071,0.0681245619492604,0,6.65817731560804e-05,0.000276955529512637,0,0,0,0,0,0,0,0.00420522309199922,0,0,0,0,0.00737022135471822,0.000410441019367212,0,0,0.00352120063544735,0,0,0,0,0,0.0300946103526668,0,0,0,0,0,0.00859723132155161,0.00281861007076066,0.0019110303448145,0.00171288917706328,0.0208409583643627,9.92026998071579e-06,0.26532704115369,1.0376806583156e-05,0.00792196828557158
0,0,0,0.00775008188006682,0,0.0944526403320238,0,0,0,0,0,0.0955762661436274,0,0,0,0,0,0,0,0,0,0,0,0,0,0,0,0,0,0,0,0,0,0,0,0.0698125289270407,0,0.0468672305052177,0,0,0,0.000515157256905353,0,0,0,0,0,0,0,0,0,0.00739810868599308,0,0,0,0,0,0.267215783476508,0,0,0,0,0.0499192152534106,0,0,0,0,0,0,0,0,0,0,0,0,0,0,0,0.000483224100476659,0,0.000725418825552304,0,0.00315085948202562,3.48055752542653e-06,0.0201218453116518,0,0
0,0,0,0,0.0194144233341234,0,0,0,0,0,0.490368724727281,0,0,0,0,0,0,0,0,0,0,0,0,0,0,0,0,0,0,0,0,0,0,0,0,0,0,0,0.000142008419665864,0,8.33641948108314e-05,0.0119827737435447,0.0127024422965377,0,0,0,0.000480570490965621,0,0,0,0,0,0,0,0,0,0.0695859523846869,0,0,0,0,0,0,0.0377680640799648,0,0,0,0,0,0,0,0,0,0.00400449660464592,0,0,0,0,0,0,0,0,0.000900177454642106,0,0.0069704726411294,0.000647579830411291,0.00160769094895655
0,0,0,0,0,0,0,0,0,3.94108744807205e-05,0,0,0,0,0,0,0,0.0323387001087453,0,0,0,0,0.132530411402464,0.00606106294142803,0,0.0336292172106542,0,0.0203110958117624,0,0,0,0,0,0,0,0,0,0.0378979689280146,0.000676253364989265,0,0,0,0,0,0,0,0,0,0,0,0,0,0,0,0,0,0,0,0,0,0,0,0,0,0.139227088752122,0.0408430489581866,0,0,0.00126256620460517,0,0,0,4.87864487878242e-06,0,0,0,0,0,0,0,0,0,0.0191179395121097,0.0228922979833757,0,0,0
0,0,0,0,0,0,0,0,0,0,0,0,0,0,0,0,5.24583301739767e-05,0,0,0,0,0.132530411402464,0,0,0.0187888215621082,0,0.0564685800544976,0,0.0480823067237866,0,0,0,0,0,0,0,0,0,0.0216067632445978,0,0,0,0,0,0,0,0,0,0,0,0,0,0,0,0,0,0,0,0,0,0,0,0,0,0.0262995865975579,0.0561417729409482,0,0,0,0.0163216023983295,0,0,0,0,0,0,0,0,0,0,0,0.000963346609054169,0.0107266624494987,0.00927526324284159,0,0,0
0,0,0,0,0,0,0,0,0,0,0,0,0,0,0,0,3.46173189935493e-05,0.0181562086072757,0.00159353879291165,0,0,0.00606106294142803,0,0,0,0.230316576201624,0,0,0,0,0,0,0,0,0,0,0,0.004863160535906,0,0,0,0.00134850478735893,0,0,0,0,0,0,0,0.000306877386780445,0,0,0,0,0,0.00532222486878035,0,0,0,0,0,0,0,0,0.000159869701061452,0,0.0384727882065296,0,0.028418591150935,0,0,0,0,0,0,0,0,0,0,0,7.27926439482837e-05,0,0.00185549498997295,0,3.76162488879083e-05,0,0
0,0,0,0,0,0,0,0,0,0,0,0,0,0,0,0,0.000438864760017466,0,0,0,0,0,0.0187888215621082,0,0,0,0.476988657838828,0,0,0,0,0,0,0,0,0,0,0,0.0338002471602549,0,0,0,0,0,0,0,0,0,0,0,0,0,0,0,0,0,0,0,0,0,0,0,0,0,0,0.00430682189942922,0,0.0762586329995956,0,0.0160140749127216,0,0,0,0,0,0,0,0,0,0,0,0.00052684081810032,0.00436077155019413,2.09307580024424e-05,0,0,0
0,0,0,0,0,0,0,0,0,0,0,0,0,0,0,0,0,0.0530048271917949,0,0,0,0.0336292172106542,0,0.230316576201624,0,0,0,0.0423396650841788,0,0,0,0,0,0,0,0,0,0,0,0,0,0,0,0,0,0,0,0,0,0,0,0,0,0,0,0,0,0,0,0,0,0,0,0,0,0,0,0,0.0104890567412768,0,0,0,0,0,0,0,0,0,0,0,0,0,0.00895389783904643,0.00222349405383431,0,0,0
0,0,0,0,0,0,0,0,0,0,0,0,0,0,0.00119945787280643,0,0.0479065905368523,0,0,0,0,0,0.0564685800544976,0,0.476988657838828,0,0,0,0,0,0,0,0,0,0,0,0,0,0,0,0,0,0,0,0,0,0,0,0,0,0,0,0,0,0,0,0,0,0,0,0,0,0,0,0,0.00452391037115851,0,0.0555924389943776,0,0,0,0,0,0,0,0,0,0,0,0,0,0,0.00158077911507986,5.74317620128933e-05,0,0,0
0,0,0,0,0,0,0,0,0,0,0,0.054455074770239,0,0.0851277292615552,0,0,0,0,0,0,0,0.0203110958117624,0,0,0,0.0423396650841788,0,0,0,0.0280479354992795,0,0,0,0,0,0,0,0.0115096064328853,0,0,0,0,0,0,0,0,0,0,0,0,0,0,0,0,0,0,0,0.000403390386852004,0,0.00248994590174857,0,0,0,0,0.0166219795438052,0,0,0,0.117260144782951,0,0.12983422708687,0,6.4998458625164e-05,0,0,0,0,0,0,0,0,0,0.0161672448557786,0.166966973652607,0,0,0
0,0,0,0,0,0,0,0,0,0,0,0,0,0,0,0,0,0,0,0,0,0,0.0480823067237866,0,0,0,0,0,0,0,0.141228885811107,0,0,0,0,0,0,0,0.00605288987904363,0,0,0,0,0,0,0,0,0,0,0,0,0,0,0,0,0,0,0,0,0,0,0,0,0,0,0.0418352708258073,0,0,0,0,0,0.0333863550441634,0,0.0152677160335744,0,0,0,0,0,0,0,2.70276924376638e-05,0.0132703355787075,0.000324916310102849,0,0,0
0,0,0,0,0,0,0,0,0,0,0,0.110611268175077,0,0.00321811206130759,0,0,0,0,0,0,0,0,0,0,0,0,0,0.0280479354992795,0,0,0,0,0,0,0,0,0,0.0107272884846934,0,0,0,0,0,0,0,0,0,0,0,0,0,0,0,0,0,0,0,0.0472337651616687,0,0.00186926941693976,0,0,0,0,0,0,0,0,0,0,0.00167491432335677,0,0.412052538518702,0,0,0,0,0,0,0,0,0,0.0037005531027641,0.00718810417254868,0,0,0
0,0,0,0,0,0,0,0,0,0,0,0,0,0,0,0,0,0,0,0,0,0,0,0,0,0,0,0,0.141228885811107,0,0,0,0,0,0,0,0,0,0.0855267631567296,0,0,0,0,0,0,0,0,0,0,0,0,0,0,0,0,0,0.000220598671392683,0,0,0,0,0,0,0,0,0,0,0,0,0,0,0.285448022568559,0,0.00087485809477561,0,0,0,0,0,0,0,0.00249097862256089,3.50523997245685e-05,0,0,0,0
0,0,0,0,0,0,0,0,0,0,0,0,0,0,0,0,0,0,0,0,0,0,0,0,0,0,0,0,0,0,0,0,0.441136243979906,0,0.00151360015729498,0.000229093377478213,0.0101852274346558,0,0,0,0,0,0,0,0,0,0,0.0332343533577994,0,0,0,0,0,0,0,0,0,0,0,0,0,0,0,0,0,0,0,0,0,0,0,0,0,0,0.175534064373576,0.0356439097263751,0.0460066412069376,0,0.000235012647693126,9.69653961229561e-06,0,0,0.00144964808599564,0,0,0,0
0,0,0,0,0,0,0,0,0,0,0,0,0,0,0,0,0,0,0,0,0,0,0,0,0,0,0,0,0,0,0,0.441136243979906,0,0.00102611279505413,0,0.00311943788139578,0.0201571970417327,0,0,0,0,0,0,0,0,0,0,0.138010838940134,5.52707214538772e-05,3.20526132289091e-05,0,0,0,0,0,0,0,0,0,0,0,0,0,0,0,0,0,0,0,0,0,0,0,0,0.464607768869665,0.0308650851767028,0.0155930524104918,0,4.51682039920547e-05,9.57025130464938e-05,0,0,0.00318717997786925,0,0,0,0
0,0,0,0,0,0,0,0,0,0,0,0,0,0,0,0,0,0,0,0,0,0,0,0,0,0,0,0,0,0,0,0,0.00102611279505413,0,0.22315325485528,0.000214906185441946,0,0,0.00417728807393037,0,0,0,0,0,0,0,0,0.137699846634422,0,0,0,0,0,0,0,0,0,0,0,0,0,0,0,0,0,0,0,0,0,0,0,0,0,0,0,0,1.0415259560568,0.0168438655246364,0.00117567833004962,0,0.010216171687293,0.0002323792343612,0.00195816561689212,0,0,0,0
0,0,0,0,0,0,0,0,0,0,0,0,0,0,0,0,0,0,0,0,0,0,0,0,0,0,0,0,0,0,0,0.00151360015729498,0,0.22315325485528,0,0,0.0112185616186771,0.00966218954190703,0.023674556755317,0,0,0,0,0,0,0,0,0.599399301022306,0.00437347563580442,0.00273990769017007,0,0,0,0,0,0,0,0,0,0,0,0,0,0,0,0,0,0,0,0,0,0,0,0,0.00667535010194351,0,1.0573922884533,0.0250865273110478,0,0,0.00718096676693889,0.000553561630282427,0.00584592386741087,0,0.000197589545027798,0,0
0,0,0,0,0,0.000292643441491683,0,0,0,0,0,0.00781834283580851,0,0,0,0,0,0,0,0.0698125289270407,0,0,0,0,0,0,0,0,0,0,0,0.000229093377478213,0.00311943788139578,0.000214906185441946,0,0,0.0998072181960597,0.040163508367435,0,0.00106773673262504,0,0.000201804681114507,0,0,0,0.0012232684081087,0,0.00182022156605772,0,0,0,0,0,0,0,0,0,0.0123057223334255,0,0,0,0,0.0705323066955003,0,0,0,0,0,0,0,0,0,0,0,0,0,0.0243068154911234,0,0.177632854447134,0.0332372423998246,0.0708190586312734,0,0.0176672670903076,0.00596888273509641,0.00180690950275932,0,0
0,0,0,0,0,0,0,0,0,0,0.00393541092007889,0,0,0,0,0,0,0,0,0,0,0,0,0,0,0,0,0,0,0,0,0.0101852274346558,0.0201571970417327,0,0.0112185616186771,0.0998072181960597,0,0,0.0795588864305681,0,0.0010921612494167,0.000318296685089398,0.000508097409386094,0,0,0,0,0.0144155006101682,0,2.78276620523335e-05,0,0,0,0,0,0,0.00432027659155228,0,0,0,0,0,0,0.000108144349724171,0,0,0,0,0,0,0,0,0,0,0,0.00941385530721124,0,0.0247970510491991,0.0342172552659152,0.109992530775082,0,0.0407255082931724,0.0244810179145392,0.00765526688882241,0.0013002812654813,0,2.24450599244958e-05
0,1.33206103238254e-05,0,0,0,0,0,0,0,0,0,0.0302981835197693,0,0,0,0,0,0,0,0.0468672305052177,0,0.0378979689280146,0,0.004863160535906,0,0,0,0.0115096064328853,0,0.0107272884846934,0,0,0,0,0.00966218954190703,0.040163508367435,0,0,0.0669660842919339,0,0,0.000203667848942663,0,0,0,0,0,0.0122042584084901,0,0.000205215025012901,0,0,0,0,0,0.00143638844119028,0,0.0779425125351587,0,0,0,0,0.00021013199896169,0,0.132282991398676,0,0.0138000288062639,0,0,0,0.000143784184691987,0,0.0741231257639338,0,0,0,0.000464279257245822,0.000409731341853022,0.001050760911514,0,0.126225476429845,0.000885542651220022,0.0130803411864298,0.00887381783933523,0.000109168527482977,0,0
0,0,0,0,0,0,0,0,0.00300772375070056,0,0.0119812535624475,0,0,0,0,0,0,0,0,0,0.000142008419665864,0.000676253364989265,0.0216067632445978,0,0.0338002471602549,0,0,0,0.00605288987904363,0,0.0855267631567296,0,0,0.00417728807393037,0.023674556755317,0,0.0795588864305681,0.0669660842919339,0,0,0,0,0.00042129746888791,0,0,0,0,0.0292182717452073,0,2.40637541846884e-05,0,0,0,0,0.00153962656899835,0,0.0561717563958252,0,0,0,0,0,0,0,0.00408972323205781,0.0208469184927611,0,0.0790798033144668,0,0,0,0.0313079767563699,0,0.14026995606251,0,0,0.0044052280219652,0.00914817443279693,0.00125390147614856,0.0215093178990092,0.0715596207048842,0.113315722315089,0.015363269696098,0.000257655099926459,0.000976401900344844,0,0
0,0,0,0.00204923725000235,0,3.92206209948766e-05,0,0,0,0,0,0,0,0,0,0,0.00497835495018441,0.0120271318369306,0.0431121988024155,0,0,0,0,0,0,0,0,0,0,0,0,0,0,0,0,0.00106773673262504,0,0,0,0,0.000298771418482184,0.0797696087327889,0.000123447359170637,0,0,0.186152258933459,0.000408713038985672,0,0,0.00267410374733092,0,0,0,0,0,0,0,1.23419170221332e-05,0,0,0,0,0.00023206985623637,0,0,0,0,0,0,0,0,0,0.000315460245004356,0,0,0,0,0,0.00914767862689331,3.39274190558494e-06,1.66678384505739e-05,0,0.00360142677583119,1.23582845243611e-05,0.0882363047371262,0.00170132758461603,0
0,0,0,4.73068053856408e-05,5.06344669315114e-05,0,0,0,0,0,0,0,0,0,0,0,0.00933099695305705,0.00163072736445881,0.125520766339798,0,8.33641948108314e-05,0,0,0,0,0,0,0,0,0,0,0,0,0,0,0,0.0010921612494167,0,0,0.000298771418482184,0,0.00036747335845133,0.0749516665651561,0,0.000501426906868072,0.00161697986243733,0.132079904111309,0.00404695506460408,0.0930404428465064,0,0,0,0,0,0,0,0,0,0,0,0,0,0.000118179400825699,0.000200204735648317,0,0,0,0,0,0,0,0,0.000981283875463777,0,0,0,0,0,8.76328788591142e-05,0.00163260350190116,1.96354920920325e-05,0.000338351534041478,0.00337543110254896,8.28680669255388e-07,0.0717747587398713,0,0.000656605316279897
0,0.0206326240446424,0.00120297942312375,0.111539190114209,0.00809291556742762,0.0195498013693709,0,0,0,0.019092015731912,0,0,0,0,0,0,0.00446816401520888,0.0149899811601005,0.0381152150504026,0.000515157256905353,0.0119827737435447,0,0,0.00134850478735893,0,0,0,0,0,0,0,0,0,0,0,0.000201804681114507,0.000318296685089398,0.000203667848942663,0,0.0797696087327889,0.00036747335845133,0,0.0178230496636611,0.00385290245534271,0.000908081118330207,0.0961043589213632,0.000520245551191629,0.000240112885554857,0,0.00352968214391649,0,0,0,0,0,0.0127668316881725,0,0.011443360277304,0,0,0,0.000440568923853402,0.00100509000831208,0,0,0,0.00938029094313635,0,0,0,0,0,0.0447499869401348,0,0,0,0,0,0.000574541857854473,4.04857230064219e-06,0.000516265792034608,7.52703988121962e-06,0.017775126279552,0.000893314772077599,0.164153045071655,0.00110802144502055,3.794220907873e-05
1.38852659302181e-05,0,0.0337154076633328,0.000433610637189682,0.0424392123563273,0.00014334251668557,0,0,0.00611580590082734,0,0,0,0,0,0,0,0.00371393311409818,0.000352956046541948,0.0675333668708125,0,0.0127024422965377,0,0,0,0,0,0,0,0,0,0,0,0,0,0,0,0.000508097409386094,0,0.00042129746888791,0.000123447359170637,0.0749516665651561,0.0178230496636611,0,0,0.00634434208976801,0.00049890869659237,0.102689941765723,0.000289578615676133,0.00984849627781358,0,0,0,0,0,0,0,0,0,0,0,0,0,0,0.000459559062297539,0,0,0,0,0,0,0,0,0.000136578727495442,0,0,0,0,0,1.1498533538833e-05,0.00115364136374217,1.6369028661932e-06,0.000649479773922411,0.00954899862601996,3.26030678175502e-05,0.177574244274074,2.24140089744203e-05,0.00325652547565677
0,0,0,0.00206909134416905,0,0.000816984014487702,0,0,0,0,0,0,0,0,0,0,0,0,0,0,0,0,0,0,0,0,0,0,0,0,0,0,0,0,0,0,0,0,0,0,0,0.00385290245534271,0,0,0,0,0,0,0,0,0,0,0,0,0,0,0,1.23137299734337e-05,0,0,0,0,0,0,0,0,0,0,0,0,0,0,0.000116699279749868,0,0,0,0,0,5.09160166377079e-06,0,0,0,0.000580892146604047,3.14453645778031e-05,0.000559280851533431,0,0
0,0,0,0,0,0,0,0,0,0,0,0,0,0,0,0,0,0,0,0,0,0,0,0,0,0,0,0,0,0,0,0,0,0,0,0,0,0,0,0,0.000501426906868072,0.000908081118330207,0.00634434208976801,0,0,0,0,0,0,0,0,0,0,0,0,0,0,0,0,0,0,0,0,0,0,0,0,0,0,0,0,0,0,0,0,0,0,0,0,0,0,0,0.000110279710368029,0,0.000713845875831171,0,0
0,0,0,0.0224017471215855,0,0.000369985901192438,0,0,0,0.000301160613875958,0,0,0,0,0,0,0.00549870184952993,0.00632315677475487,0.109465581810071,0,0,0,0,0,0,0,0,0,0,0,0,0,0,0,0,0.0012232684081087,0,0,0,0.186152258933459,0.00161697986243733,0.0961043589213632,0.00049890869659237,0,0,0,0.00154966780013075,0,0,7.16940382309728e-05,0,0,0,0,0,5.16660273373205e-05,0,3.56950782410739e-05,0,0,0,0,0.0174518137859927,0,0,0,0,0,0,0,0,0,0.00424089806345767,0,0,0,0,0,0.00241723747984031,1.04005411768755e-05,0.000165845690705486,2.28632741719334e-06,0.00931725293381115,0.000145196288363729,0.102997101604865,0,0
0,0,0.00335902948353157,7.43860319159934e-05,0.00135079739183059,0,0,0,0,0,0,0,0,0,0,0,0.00202844221242258,0.000606223843633968,0.0681245619492604,0,0.000480570490965621,0,0,0,0,0,0,0,0,0,0,0,0,0,0,0,0,0,0,0.000408713038985672,0.132079904111309,0.000520245551191629,0.102689941765723,0,0,0.00154966780013075,0,0,0.00194731719661246,0,0,0,0,0,0,0,0,1.82338724222047e-05,0,0,0,0,0.000152774526128926,0.00160764844963114,0,0,0,0,0,0,0,0,0.000170727184204941,0,0,0,0,0,5.52758895859865e-05,0.00145513266799606,1.7104728687466e-05,0.000908509997082638,0.00129597544274055,0,0.07681887346103,0,0.00109111860339235
0,0,0,0,0,0,0,0,0,0,0,0,0,0,0,0,0,0,0,0,0,0,0,0,0,0,0,0,0,0,0,0.0332343533577994,0.138010838940134,0.137699846634422,0.599399301022306,0.00182022156605772,0.0144155006101682,0.0122042584084901,0.0292182717452073,0,0.00404695506460408,0.000240112885554857,0.000289578615676133,0,0,0,0,0,0.0464819043039417,0.0761893326556933,0,0,0,0,0,0,0,0,0,0,0,0,0,0,0,0,0,0,0,0,0,0,0,0,0.00212746301692408,0.14650015776098,0.0245211518989904,0.271889016743098,0,0.00461996746937459,0.000296148926415275,0.0195250594325361,0.00250825361896322,0,0.0110153979855084,0,0
0.0208666609490773,0,0.0106950087109335,0,2.89194821680287e-05,0,0,0,0.000654636120558672,0,0,0,0,0,0,0,0,0,6.65817731560804e-05,0,0,0,0,0,0,0,0,0,0,0,0,0,5.52707214538772e-05,0,0.00437347563580442,0,0,0,0,0,0.0930404428465064,0,0.00984849627781358,0,0,0,0.00194731719661246,0.0464819043039417,0,0.00105960722315549,0,0,0,0,0.000365973661094144,0,0,0,0,0,0,0,0,0,0,0,0,0,0,0,0,0,0,0.00164471752974951,0,0,0,6.15346957290163e-05,0,0.00381272280196549,0,0.00104750368794518,0.0006245353279675,0,0.0437893301680444,0,0
0,0.00894933470361882,0,0.00435832496931929,0,0.000302770306688063,0,0,0,0.000613275510203662,0,0,0,0,0,0,0,0,0.000276955529512637,0,0,0,0,0.000306877386780445,0,0,0,0,0,0,0,0,3.20526132289091e-05,0,0.00273990769017007,0,2.78276620523335e-05,0.000205215025012901,2.40637541846884e-05,0.00267410374733092,0,0.00352968214391649,0,0,0,7.16940382309728e-05,0,0.0761893326556933,0.00105960722315549,0,0,0,0,0,0,0.00208721972999242,0,0,0,0,0,0,0,0,0,0,0.00536092710747698,0,0,0,0,0,0,0,0,0.000706474552131602,0,0.000672897318003998,1.16204733385939e-05,1.39597017795556e-05,0.00236388048133857,2.42683040145708e-06,0.00265993496494957,0,0.0152041840366496,0,0
0,0,0,0,0.00447302218526602,0,0,0,0,0,0,0,0,0,0,0,0,0,0,0,0,0,0,0,0,0,0,0,0,0,0,0,0,0,0,0,0,0,0,0,0,0,0,0,0,0,0,0,0,0,0,0,0,0,0,0,0,0,0,0,0,0,0,0,0,0,0,0,0,0,0,0,0,0,0,0,0,0,0,0,0,0,4.52329327345069e-05,0,0,0,0
0,0,0,0.00012329050536525,0,0.0258695052007348,0,0.00368997517692185,0,0,0,0,0,0,0,0,0,0,0,0.00739810868599308,0,0,0,0,0,0,0,0,0,0,0,0,0,0,0,0,0,0,0,0,0,0,0,0,0,0,0,0,0,0,0,0,0,0,0,0,0,0,0,0,0,0,0,0,0,0,0,0,0,0,0,0,0,0,0,0,0,0,0,0,0,0,0,0,0.000191866777269059,0,0
0,0,0,0,0,0,0,0,0,0,0,0,0,0,0,0,0,0,0,0,0,0,0,0,0,0,0,0,0,0,0,0,0,0,0,0,0,0,0,0,0,0,0,0,0,0,0,0,0,0,0,0,0,0,0,0,0,0,0,0,0,0,0,0,0,0,0,0,0,0,0,0,0,0,0,0,0,0,0,0,0,0,0,0,0,0,0
0,0,0,0,0,0.00308205478047097,0,0.0164818197233826,0,0,0,0,0,0,0,0,0,0,0,0,0,0,0,0,0,0,0,0,0,0,0,0,0,0,0,0,0,0,0,0,0,0,0,0,0,0,0,0,0,0,0,0,0,0,0,0,0,0,0,0,0,0,0,0,0,0,0,0,0,0,0,0,0,0,0,0,0,0,0,0,0,0,0,0,0,0,0
0.0246953935094763,0,0.00123207556968708,0,0,0,0,0,0.0861559916330639,0,0,0,0,0,0,0,0,0,0,0,0,0,0,0,0,0,0,0,0,0,0,0,0,0,0,0,0,0,0.00153962656899835,0,0,0,0,0,0,0,0,0,0.000365973661094144,0,0,0,0,0,0,0,0,0,0,0,0.000755637199220541,0,0,0,0,0,0,0,0,0,0,0,0,0,0,0,0,0,0,0,0,0.00014302917409436,0.000577145322014792,8.08894401661735e-06,0,0,0
0,0.275549371032928,0,0,0,0,0,0,0,0.106356896798493,0,0,0,0,0,0.00619256150020151,0,0.000744221081668543,0,0,0,0,0,0.00532222486878035,0,0,0,0,0,0,0,0,0,0,0,0,0,0.00143638844119028,0,0,0,0.0127668316881725,0,0,0,5.16660273373205e-05,0,0,0,0.00208721972999242,0,0,0,0,0,0,0,0.000918054097098699,0,0,0,0.0252063721098695,0,0,0,0,0.0163398707029218,0,0,0,0,0,0.00434310793828596,0,0,0,0,0,6.62219774944284e-06,0,4.5341558862286e-05,0,9.98696358801967e-05,0,0.0032388682967362,0,0
0,0,0,0,0,0,0,0,0,0,0.0252712348414319,0,0,0,0,0,0,0,0,0,0.0695859523846869,0,0,0,0,0,0,0,0,0,0.000220598671392683,0,0,0,0,0,0.00432027659155228,0,0.0561717563958252,0,0,0,0,0,0,0,0,0,0,0,0,0,0,0,0,0,0,0,0,0,0,0,0,0.0100784729654915,0,0,0,0,0,0,0,0,0,0,0,0,0,0,0,0.000129646786488805,0,3.74082015710771e-05,0.00856766584928898,0,0.00515412068020043,0,0
0,3.17566138769462e-05,0,0.00471007016728781,0,0.000554685120893457,0,0,0,0.000792031039477511,0,0.123832660210477,0,0,0,0,0.000127306593952611,0.00189883077416749,0.00420522309199922,0.267215783476508,0,0,0,0,0,0,0,0.000403390386852004,0,0.0472337651616687,0,0,0,0,0,0.0123057223334255,0,0.0779425125351587,0,1.23419170221332e-05,0,0.011443360277304,0,1.23137299734337e-05,0,3.56950782410739e-05,1.82338724222047e-05,0,0,0,0,0,0,0,0,0.000918054097098699,0,0,0,0,0,0,0.000510545971337706,0,0,0,0,0,0,0,0,0,0.0056449852396861,0,0,0,0,0,0,0,0,0,0.0187466811787882,0.000132777670904481,0.00794045461361494,0.000995704043628346,0
0,0,0,0,0,0,0,0,0,0,0,0,0.00117124227032783,0,0,0,0,0,0,0,0,0,0,0,0,0,0,0,0,0,0,0,0,0,0,0,0,0,0,0,0,0,0,0,0,0,0,0,0,0,0,0,0,0,0,0,0,0,0,0,0,0,0,0,0,0,0,0,0,0,0,0,0,0,0,0,0,0,0,0,0,0,0.00608230277333221,0.00553861221042012,0,0,0
0,0,0,0,0,0,0,0,0,0,0,0.0505820183364588,0,0.118220673782638,0,0,0,0,0,0,0,0,0,0,0,0,0,0.00248994590174857,0,0.00186926941693976,0,0,0,0,0,0,0,0,0,0,0,0,0,0,0,0,0,0,0,0,0,0,0,0,0,0,0,0,0,0,0,0,0,0,0,0,0,0,0,0,9.48163281293815e-05,0,0,0,0,0,0,0,0,0,0,0,0.0054194388385592,0.0115094020652244,0,0,0
0.00487866999254097,0,0,0,0,0,0,0,0.00151990661886287,0,0,0,0,0,0,0,0,0,0,0,0,0,0,0,0,0,0,0,0,0,0,0,0,0,0,0,0,0,0,0,0,0,0,0,0,0,0,0,0,0,0,0,0,0,0.000755637199220541,0,0,0,0,0,0,0,0,0,0,0,0,0,0,0,0,0,0,0,0,0,0,0,0,0,0,0,0.000715600850149392,0,0,0,0
0,0.201687707379936,0,0,0,0,0,0,0,0.000473148800665513,0,0,0,0,0,0,0,0.000661265571489092,0,0,0,0,0,0,0,0,0,0,0,0,0,0,0,0,0,0,0,0,0,0,0,0.000440568923853402,0,0,0,0,0,0,0,0,0,0,0,0,0,0.0252063721098695,0,0,0,0,0,0,0,0,0,0,0,0,0,0,0,0,0,0,0,0,0,0,0,0,0,0,6.85940170100097e-05,0,0.00205677805806939,0,0
0,0,0,0.00029233584697149,0,0,0,0,0,1.80462828137275e-05,0,0,0,0,0,0,0.000624562357079783,0.00076459969760238,0.00737022135471822,0.0499192152534106,0,0,0,0,0,0,0,0,0,0,0,0,0,0,0,0.0705323066955003,0,0.00021013199896169,0,0.00023206985623637,0.000118179400825699,0.00100509000831208,0,0,0,0.0174518137859927,0.000152774526128926,0,0,0,0,0,0,0,0,0,0,0.000510545971337706,0,0,0,0,0,0,0,0,0,0,0,0,0,0,0,0,0,0,0,0,0.000621730627005285,0,7.74798828236892e-06,3.17994478743635e-06,0.00145363942301306,1.08373278881024e-06,0.00371501708194383,0,0
0,0,0,0,0.000719038600538687,0,0,0,0,0,0.0685369603690955,0,0,0,0,0,7.06041501498562e-05,0,0.000410441019367212,0,0.0377680640799648,0,0,0,0,0,0,0,0,0,0,0,0,0,0,0,0.000108144349724171,0,0,0,0.000200204735648317,0,0.000459559062297539,0,0,0,0.00160764844963114,0,0,0,0,0,0,0,0,0,0.0100784729654915,0,0,0,0,0,0,0,0,0,0,0,0,0,0,0,0,0,0,0,0,0,0,0,0,0,0.00456488407728412,0,0.000127636301024944,0,0
0,0,0,0,0,0,0,0,0,0,0,0,0,0,0,0,0,0,0,0,0,0.139227088752122,0.0262995865975579,0.000159869701061452,0,0,0,0.0166219795438052,0,0,0,0,0,0,0,0,0,0.132282991398676,0.00408972323205781,0,0,0,0,0,0,0,0,0,0,0,0,0,0,0,0,0,0,0,0,0,0,0,0,0,0,0.00145078760503403,0,0,0,0,0,0,0,0,0,0,0,0,0,0,0.000341959771469972,0,0.0143928023208552,0.00816959673981485,0,0,0
0,0,0,0,0,0,0,0,0,0,0,0,0,0,0,0,0,0,0,0,0,0.0408430489581866,0.0561417729409482,0,0.00430682189942922,0,0.00452391037115851,0,0.0418352708258073,0,0,0,0,0,0,0,0,0,0.0208469184927611,0,0,0,0,0,0,0,0,0,0,0,0,0,0,0,0,0,0,0,0,0,0,0,0,0,0.00145078760503403,0,0,0.00264115182629578,0,0.000549389954530174,0,0,0,0,0,0,0,0,0,0,0,0,0.00271422015044562,0.00166844747214167,0,0,0
0,0,0,0,0,0,0,0,0,0.00420719845290416,0,0,0,0,0,0,0,0,0.00352120063544735,0,0,0,0,0.0384727882065296,0,0,0,0,0,0,0,0,0,0,0,0,0,0.0138000288062639,0,0,0,0.00938029094313635,0,0,0,0,0,0,0,0.00536092710747698,0,0,0,0,0,0.0163398707029218,0,0,0,0,0,0,0,0,0,0,0,0,0,0,0,0,0,0,0,0,0,0,0,0,0.00262366536459084,0,0.000226517637095691,0,0.0204970057647687,0,0
0,0,0,0,0,0,0,0,0,0,0,0,0,0,0,0,0,0,0,0,0,0,0,0,0.0762586329995956,0,0.0555924389943776,0,0,0,0,0,0,0,0,0,0,0,0.0790798033144668,0,0,0,0,0,0,0,0,0,0,0,0,0,0,0,0,0,0,0,0,0,0,0,0,0,0,0.00264115182629578,0,0,0,0,0,0,0,0,0,0,0,0,0,0,0,0.000408260092229187,0.000234623865562743,0,0,0,0
0,0,0,0,0,0,0,0,0,0.000788099714554846,0,0,0,0,0,0,0,0,0,0,0,0.00126256620460517,0,0.028418591150935,0,0.0104890567412768,0,0.117260144782951,0,0,0,0,0,0,0,0,0,0,0,0,0,0,0,0,0,0,0,0,0,0,0,0,0,0,0,0,0,0,0,0,0,0,0,0,0,0,0,0,0,0,0,0,0,0,0,0,0,0,0,0,0,0,0.00298090540186053,0.00165343628195812,0,0,0
0,0,0,0,0,0,0,0,0,0,0,0,0,0,0,0,0,0,0,0,0,0,0.0163216023983295,0,0.0160140749127216,0,0,0,0,0,0,0,0,0,0,0,0,0,0,0,0,0,0,0,0,0,0,0,0,0,0,0,0,0,0,0,0,0,0,0,0,0,0,0,0,0.000549389954530174,0,0,0,0,0,0,0,0,0,0,0,0,0,0,0,0,0.000470528350010592,0.00020033476931675,0,0,0
0,0,0,0,0,0,0,0,0,0,0,0.000382205493474133,0,0.00110700468791002,0,0,0,0,0,0,0,0,0,0,0,0,0,0.12983422708687,0,0.00167491432335677,0,0,0,0,0,0,0,0.000143784184691987,0,0,0,0,0,0,0,0,0,0,0,0,0,0,0,0,0,0,0,0,0,9.48163281293815e-05,0,0,0,0,0,0,0,0,0,0,0,0,0,0,0,0,0,0,0,0,0,0,0.00707022662642932,0.0113847160271347,0,0,0
0,0,0,0,0,0,0,0,0,0,0,0,0,0,0,0,0,0,0,0,0,0,0,0,0,0,0,0,0.0333863550441634,0,0.285448022568559,0,0,0,0,0,0,0,0.0313079767563699,0,0,0,0,0,0,0,0,0,0,0,0,0,0,0,0,0,0,0,0,0,0,0,0,0,0,0,0,0,0,0,0,0,0,0.00107755603424407,0,0,0,0,0,0,0,0,0.00208619262403331,0.00151578788613246,0,0,0
0,0.000118418308581831,0,0.0241100353186416,0,0.00402728162976452,0,0,2.35727148857601e-05,0.00735297412699703,0,0.0139841596464009,0,0,0,0,0.000645558677376443,0.0167339910227328,0.0300946103526668,0,0,4.87864487878242e-06,0,0,0,0,0,6.4998458625164e-05,0,0.412052538518702,0,0,0,0,0,0,0,0.0741231257639338,0,0.000315460245004356,0.000981283875463777,0.0447499869401348,0.000136578727495442,0.000116699279749868,0,0.00424089806345767,0.000170727184204941,0,0,0,0,0,0,0,0,0.00434310793828596,0,0.0056449852396861,0,0,0,0,0,0,0,0,0,0,0,0,0,0,0,0,0,0,0,0,5.54876369981733e-06,7.71172462430292e-06,0,0,0.0103831610513958,3.31395262948347e-05,0.00682269532985677,0.00493468337194546,0
0,0,0,0,0,0,0,0,0,0,0.000760582509457104,0,0,0,0,0,0,0,0,0,0.00400449660464592,0,0,0,0,0,0,0,0.0152677160335744,0,0.00087485809477561,0,0,0,0,0,0,0,0.14026995606251,0,0,0,0,0,0,0,0,0,0.00164471752974951,0,0,0,0,0,0,0,0,0,0,0,0,0,0,0,0,0,0,0,0,0,0,0.00107755603424407,0,0,0,0,0,0,0,0,0,0.00327426251325515,0.00108166438214715,0,0.00288638447156352,0,0
0,0,0,0,0,0,0,0,0,0,0,0,0,0,0,0,0,0,0,0,0,0,0,0,0,0,0,0,0,0,0,0.175534064373576,0.464607768869665,0,0.00667535010194351,0,0,0,0,0,0,0,0,0,0,0,0,0.00212746301692408,0,0,0,0,0,0,0,0,0,0,0,0,0,0,0,0,0,0,0,0,0,0,0,0,0,0,0,0.0574292844286327,0,0,0,0,0,0,0.00100855192158522,0,0,0,0
0,0,0,0,0,0,0,0,0,0,0,0,0,0,0,0,0,0,0,0,0,0,0,0,0,0,0,0,0,0,0,0.0356439097263751,0.0308650851767028,0,0,0,0.00941385530721124,0,0,0,0,0,0,0,0,0,0,0.14650015776098,0,0.000706474552131602,0,0,0,0,0,0,0,0,0,0,0,0,0,0,0,0,0,0,0,0,0,0,0,0,0.0574292844286327,0,0,0,0,0,0,0,0.0053982043663441,0,0,0,0
0,0,0,0,0,0,0,0,0,0,0,0,0,0,0,0,0,0,0,0,0,0,0,0,0,0,0,0,0,0,0,0.0460066412069376,0.0155930524104918,1.0415259560568,1.0573922884533,0.0243068154911234,0,0.000464279257245822,0.0044052280219652,0,0,0,0,0,0,0,0,0.0245211518989904,0,0,0,0,0,0,0,0,0,0,0,0,0,0,0,0,0,0,0,0,0,0,0,0,0,0,0,0,0,0.00980333458493495,0.00147028287804464,0,0,6.40258882527627e-05,0.00462771715803822,0,0,0,0
0,0,0,0,0,0,0,0,0,0,0,0,0,0,0,0,0,0,0,0,0,0,0,0,0,0,0,0,0,0,0,0,0,0.0168438655246364,0.0250865273110478,0,0.0247970510491991,0.000409731341853022,0.00914817443279693,0,0,0,0,0,0,0,0,0.271889016743098,6.15346957290163e-05,0.000672897318003998,0,0,0,0,0,0,0,0,0,0,0,0,0,0,0,0,0,0,0,0,0,0,0,0,0,0,0.00980333458493495,0,0,0,0,0,0.00455759532932685,0,0,0,0
0,0,0,2.10838366039951e-05,0,2.07598485683384e-05,0,0,0,1.04200386441545e-06,0,0,0,0,0,0,0.000910558784462693,0.00105226860791286,0.00859723132155161,0.000483224100476659,0,0,0,0,0,0,0,0,0,0,0,0.000235012647693126,4.51682039920547e-05,0.00117567833004962,0,0.177632854447134,0.0342172552659152,0.001050760911514,0.00125390147614856,0.00914767862689331,8.76328788591142e-05,0.000574541857854473,1.1498533538833e-05,5.09160166377079e-06,0,0.00241723747984031,5.52758895859865e-05,0,0,1.16204733385939e-05,0,0,0,0,0,6.62219774944284e-06,0,0,0,0,0,0,0.000621730627005285,0,0,0,0,0,0,0,0,0,5.54876369981733e-06,0,0,0,0.00147028287804464,0,0,0.00151199288797141,0.00149237367938433,5.26634968561713e-06,0.00989358190072802,4.09598580449656e-05,0.00102323265519839,0,0
0,0,0,0,0,0,0,0,0,0,0.00222094106313164,0,0,0,0,0,0.000379868486372508,3.08386977981764e-05,0.00281861007076066,0,0,0,0,0,0,0,0,0,0,0,0,9.69653961229561e-06,9.57025130464938e-05,0,0,0.0332372423998246,0.109992530775082,0,0.0215093178990092,3.39274190558494e-06,0.00163260350190116,4.04857230064219e-06,0.00115364136374217,0,0,1.04005411768755e-05,0.00145513266799606,0.00461996746937459,0.00381272280196549,1.39597017795556e-05,0,0,0,0,0,0,0.000129646786488805,0,0,0,0,0,0,0,0,0,0,0,0,0,0,0,7.71172462430292e-06,0,0,0,0,0,0.00151199288797141,0,0,0.000658006963417668,0.0360300432959475,0.0170012293331544,0.000622888115824847,0,4.97172861117117e-06
0,0,0,2.87927540178612e-05,0,1.39171198711554e-05,0,0,0,6.08175492696188e-06,0,3.82810961926006e-05,0,0,0,0,0.000119585491323867,0.00176970870918842,0.0019110303448145,0.000725418825552304,0,0,0,7.27926439482837e-05,0,0,0,0,0,0,0,0,0,0.010216171687293,0.00718096676693889,0.0708190586312734,0,0.126225476429845,0.0715596207048842,1.66678384505739e-05,1.96354920920325e-05,0.000516265792034608,1.6369028661932e-06,0,0,0.000165845690705486,1.7104728687466e-05,0.000296148926415275,0,0.00236388048133857,0,0,0,0,0,4.5341558862286e-05,0,0,0,0,0,0,7.74798828236892e-06,0,0.000341959771469972,0,0.00262366536459084,0,0,0,0,0,0,0,0,0,0,0,0.00149237367938433,0,0,0.00021661320801551,0.0200355996977307,0.00759955394202798,0.000577888076853696,8.52671491027087e-06,0
0,0,1.88432332047854e-05,0,0,0,0,0,9.18422151692599e-05,0,0,0,0,0,0,0,0.00027081892344962,2.17256773526035e-05,0.00171288917706328,0,0,0,0.000963346609054169,0,0.00052684081810032,0,0,0,2.70276924376638e-05,0,0.00249097862256089,0,0,0.0002323792343612,0.000553561630282427,0,0.0407255082931724,0.000885542651220022,0.113315722315089,0,0.000338351534041478,7.52703988121962e-06,0.000649479773922411,0,0,2.28632741719334e-06,0.000908509997082638,0.0195250594325361,0.00104750368794518,2.42683040145708e-06,0,0,0,0,0.00014302917409436,0,3.74082015710771e-05,0,0,0,0,0,3.17994478743635e-06,0,0,0,0,0.000408260092229187,0,0,0,0,0,0.00327426251325515,0,0,6.40258882527627e-05,0,5.26634968561713e-06,0.000658006963417668,0.00021661320801551,0,0.00903388049744037,0.00148547678908513,0.000469770559018905,0,0
4.25107985755212e-05,0.00317400083857157,8.70389186320455e-05,0.00145988529906925,0.00109400574784456,0.000568061677883288,0.000210339087908775,0,0.0196459347883234,0.0116074560439548,0.00453242571211395,0.0152976270612359,0.000597960940507883,0.0113102587226673,0.00344311174698706,0.0101605455422692,0.0261698629772625,0.0256701835472749,0.0208409583643627,0.00315085948202562,0.000900177454642106,0.0191179395121097,0.0107266624494987,0.00185549498997295,0.00436077155019413,0.00895389783904643,0.00158077911507986,0.0161672448557786,0.0132703355787075,0.0037005531027641,3.50523997245685e-05,0.00144964808599564,0.00318717997786925,0.00195816561689212,0.00584592386741087,0.0176672670903076,0.0244810179145392,0.0130803411864298,0.015363269696098,0.00360142677583119,0.00337543110254896,0.017775126279552,0.00954899862601996,0.000580892146604047,0.000110279710368029,0.00931725293381115,0.00129597544274055,0.00250825361896322,0.0006245353279675,0.00265993496494957,4.52329327345069e-05,0,0,0,0.000577145322014792,9.98696358801967e-05,0.00856766584928898,0.0187466811787882,0.00608230277333221,0.0054194388385592,0.000715600850149392,6.85940170100097e-05,0.00145363942301306,0.00456488407728412,0.0143928023208552,0.00271422015044562,0.000226517637095691,0.000234623865562743,0.00298090540186053,0.000470528350010592,0.00707022662642932,0.00208619262403331,0.0103831610513958,0.00108166438214715,0.00100855192158522,0.0053982043663441,0.00462771715803822,0.00455759532932685,0.00989358190072802,0.0360300432959475,0.0200355996977307,0.00903388049744037,0,0.0719552700381967,0.0385169185641539,3.90363963409079e-05,0.000547118324411511
0,3.17481387509103e-06,0,5.34658658674363e-05,9.65294882952269e-05,0.00182729364238938,3.29207359615023e-05,0,0.000595278506141805,0.0057783177684923,0,0.000308824321601687,2.04784832828081e-05,0.200909842225279,2.60708382984569e-05,0.0016382231232134,0.000256183441828724,0.0108404948701655,9.92026998071579e-06,3.48055752542653e-06,0,0.0228922979833757,0.00927526324284159,0,2.09307580024424e-05,0.00222349405383431,5.74317620128933e-05,0.166966973652607,0.000324916310102849,0.00718810417254868,0,0,0,0,0,0.00596888273509641,0.00765526688882241,0.00887381783933523,0.000257655099926459,1.23582845243611e-05,8.28680669255388e-07,0.000893314772077599,3.26030678175502e-05,3.14453645778031e-05,0,0.000145196288363729,0,0,0,0,0,0,0,0,8.08894401661735e-06,0,0,0.000132777670904481,0.00553861221042012,0.0115094020652244,0,0,1.08373278881024e-06,0,0.00816959673981485,0.00166844747214167,0,0,0.00165343628195812,0.00020033476931675,0.0113847160271347,0.00151578788613246,3.31395262948347e-05,0,0,0,0,0,4.09598580449656e-05,0.0170012293331544,0.00759955394202798,0.00148547678908513,0.0719552700381967,0,0.000267940214161636,7.21903966573574e-06,0
0.0109025094919338,0.038487148568389,0.00722386884299187,0.0388886794765458,0.0205139490156685,0.0233427618957758,0,0,0.00407030410932749,0.00690439992398925,0.00530073982451395,0.00560456351826196,0,0,0,0,0.0225041657456305,0.0363088279163509,0.26532704115369,0.0201218453116518,0.0069704726411294,0,0,3.76162488879083e-05,0,0,0,0,0,0,0,0,0,0,0.000197589545027798,0.00180690950275932,0.0013002812654813,0.000109168527482977,0.000976401900344844,0.0882363047371262,0.0717747587398713,0.164153045071655,0.177574244274074,0.000559280851533431,0.000713845875831171,0.102997101604865,0.07681887346103,0.0110153979855084,0.0437893301680444,0.0152041840366496,0,0.000191866777269059,0,0,0,0.0032388682967362,0.00515412068020043,0.00794045461361494,0,0,0,0.00205677805806939,0.00371501708194383,0.000127636301024944,0,0,0.0204970057647687,0,0,0,0,0,0.00682269532985677,0.00288638447156352,0,0,0,0,0.00102323265519839,0.000622888115824847,0.000577888076853696,0.000469770559018905,0.0385169185641539,0.000267940214161636,0,0.00267818078256786,0.00470754470446694
0,0,0,0.00130595467633979,0.000934291170432727,0.000134614109438016,0,0,0,0,0,0,0,0,0,0,0,2.25300233087274e-05,1.0376806583156e-05,0,0.000647579830411291,0,0,0,0,0,0,0,0,0,0,0,0,0,0,0,0,0,0,0.00170132758461603,0,0.00110802144502055,2.24140089744203e-05,0,0,0,0,0,0,0,0,0,0,0,0,0,0,0.000995704043628346,0,0,0,0,0,0,0,0,0,0,0,0,0,0,0.00493468337194546,0,0,0,0,0,0,0,8.52671491027087e-06,0,3.90363963409079e-05,7.21903966573574e-06,0.00267818078256786,0,0
