0,0,0.191448160032966,0,0.214514080148477,0,0,0,0.255901396397556,0,0,0,0,0,0,0,0,0,0.135571956634521,0,0,0,0,0,0,0,0,0,0,0,0,0,0,0,0,0,0,0,0.253556989133358,0,0,0,0.227814681828022,0,0,0,0,0,0.181915393525453,0,0.209895428773519,0,0,0,0.234136432188201,0,0,0,0.215967044234276,0,0.171881472943602,0,0,0,0,0,0,0.126980170607567,0,0,0,0,0,0,0,0,0,0,0,0,0,0,0.194242740605484,0,0.214468777924776,0,0
0,0,0,0.181565549310165,0,0.179211818380281,0,0,0,0.18439347572762,0,0,0,0,0,0.167464232444763,0,0,0,0,0,0,0,0.143327374942601,0,0,0,0,0,0,0,0,0,0,0,0,0,0,0,0,0,0.21810779928468,0,0,0,0,0,0.255301237106323,0,0.183118648996407,0,0.242282703518867,0,0,0,0.179997308175642,0,0.25099237759908,0,0,0,0.190950761118174,0,0,0,0,0.169203475117683,0,0,0,0,0,0,0,0,0,0,0,0,0,0,0,0.157383214886067,0,0.175936277404972,0.251871141294638,0
0.191448160032966,0,0,0,0.158925401068786,0,0,0,0.177355671134788,0,0,0,0,0,0,0,0,0,0.25518378118674,0,0.208416342735291,0,0,0,0,0,0,0,0.302474290132523,0,0.327134231726329,0,0,0,0,0,0.206996738910675,0,0.292689740657806,0,0.230360192557176,0,0.307283259472068,0,0.210802562534809,0,0.231046193447269,0.25995135307312,0.176334163817492,0,0.213980225275974,0,0,0,0.201355330291248,0,0.203527592893304,0,0,0,0.149371961752574,0,0,0.230279959060929,0,0,0,0,0,0,0,0,0,0.282879948616028,0,0,0,0,0,0.239127106136746,0,0,0.191335881356059,0,0.17042757299599,0,0.266349090263247
0,0.181565549310165,0,0,0,0.188766335213886,0,0,0,0.201893431386527,0,0,0,0,0,0,0,0,0,0.157610722892993,0,0,0,0,0,0,0,0,0,0,0,0,0,0,0,0,0,0,0,0.263445869088173,0,0.270490882752915,0,0,0,0.258224358239718,0,0,0,0.229739066150654,0,0.239323072819685,0,0,0,0.21525174125712,0,0.277844028621912,0,0.269697007536888,0,0.219031900815342,0.21583005413413,0,0,0,0,0,0,0,0,0,0.34908791469491,0,0,0,0,0,0.319954127073288,0,0.345415852963924,0,0.155551686347848,0,0.21489100813207,0.293172474385236,0
0.214514080148477,0,0.158925401068786,0,0,0,0.163137595568384,0,0.153056991541827,0,0,0,0,0,0,0,0,0,0,0,0.174342724203153,0,0,0,0,0,0,0,0,0,0,0,0,0,0,0,0.229857370257378,0,0,0,0.240427228808403,0,0.199246548116207,0,0,0,0.204526133214434,0.215686333179474,0.225455738604069,0,0.189411079424257,0,0.2004090026021,0,0.172184976111901,0,0.224434554576874,0,0.217770715554555,0,0,0,0,0.199345104554866,0,0,0,0,0,0,0,0,0,0,0,0,0,0,0,0.230382292167,0,0,0.13925759734965,0,0.171169394431687,0,0
0,0.179211818380281,0,0.188766335213886,0,0,0,0,0,0.185159695627806,0,0,0,0,0,0.160307396203279,0,0,0,0.126258589327335,0,0,0,0,0,0,0,0,0,0,0,0,0,0,0,0,0,0,0,0,0,0.233127195388079,0,0,0,0.243800759315491,0,0,0,0.183948755264282,0,0.187745408572861,0,0.201745767891407,0,0.192582523903331,0,0.244633598422462,0,0.247555553913116,0,0.239383986426724,0.135232262313366,0,0,0,0,0,0,0,0,0,0,0,0,0,0,0,0,0,0,0,0.147182245221403,0.156714022159576,0.161677099372211,0,0
0,0,0,0,0.163137595568384,0,0,0,0,0,0.161796581364392,0,0,0,0,0,0,0,0,0,0.15428166270256,0,0,0,0,0,0,0,0,0,0,0,0,0,0,0,0,0,0,0,0,0,0,0,0,0,0,0,0,0,0,0,0.180455812918288,0,0,0,0.166402146220207,0,0,0,0,0,0,0.137867942452431,0,0,0,0,0,0,0,0,0,0,0,0,0,0,0,0,0,0,0.108426628086497,0,0,0,0
0,0,0,0,0,0,0,0,0,0,0,0,0,0.181855809357431,0,0,0,0,0,0,0,0,0,0,0,0,0,0,0,0,0,0,0,0,0,0,0,0,0,0,0,0,0,0,0,0,0,0,0,0,0,0.236792775491873,0,0.18275618477393,0,0,0,0.214195947194922,0,0.155325546860695,0,0,0,0,0,0,0,0,0,0,0,0,0,0,0,0,0,0,0,0,0,0,0.164808128029108,0,0,0,0
0.255901396397556,0,0.177355671134788,0,0.153056991541827,0,0,0,0,0,0,0,0,0,0.136411419705204,0,0.18505106414652,0.182407232782533,0.200425679683685,0,0.168374240398407,0,0.173140843808651,0,0.221024900398873,0,0.193431581060092,0,0,0,0,0,0,0,0,0,0,0,0.288613320480693,0.257906913757324,0.20360079407692,0.218008503317833,0.195019647479057,0,0,0,0.181138648092747,0,0.207459627620635,0,0.225382591287295,0,0,0,0.297962717026262,0,0,0,0,0,0.137883324907205,0,0,0.20278894007206,0,0.164746203843285,0,0.338188480585814,0,0.183354333043098,0,0,0,0,0,0,0,0,0.227058604359627,0.241783308486144,0,0.259241965555009,0.193272966698099,0,0.225114035438484,0,0
0,0.18439347572762,0,0.201893431386527,0,0.185159695627806,0,0,0,0,0,0,0,0,0,0.155100467872907,0,0.182537363590421,0,0,0,0,0,0.241384403185641,0,0.175326217401852,0,0,0,0,0,0,0,0,0,0,0,0.3247730748788,0,0,0,0.238505282684376,0,0,0,0.25830015540123,0,0,0,0.224803543686867,0,0.213372237209616,0,0,0,0.235747996833654,0,0.24527789079226,0,0,0,0.18421926183833,0,0,0,0,0.320004314184189,0,0,0,0,0,0,0,0,0,0,0,0,0,0.344198585702823,0,0.181831526416094,0,0.220153609223253,0.250690331061681,0
0,0,0,0,0,0,0.161796581364392,0,0,0,0,0,0.214347725510597,0,0,0,0,0,0,0,0.210777149199589,0,0,0,0,0,0,0,0.294492118524868,0,0.288377094687077,0,0,0,0,0,0.13904632627964,0,0.161969180789686,0,0,0,0,0,0,0,0,0,0.242921834668288,0,0,0,0.161544764041901,0,0,0,0.228193654636688,0,0.352595937252045,0,0,0,0,0.302054733037949,0,0,0,0,0,0,0,0.305566725518022,0,0.290984315332025,0,0,0,0,0,0,0,0.243085329299388,0.162450780848203,0,0.320185374468565,0,0
0,0,0,0,0,0,0,0,0,0,0,0,0,0.13293736949563,0,0,0,0,0,0.157592409772665,0,0,0,0,0,0,0,0.147864822120894,0,0.221796742850734,0,0,0,0,0,0.129809432468572,0,0.158114286176658,0,0,0,0,0,0,0,0.301089316606522,0,0,0,0,0,0,0,0,0,0,0,0.212430723579518,0,0.123555295169353,0,0,0.2314277679445,0,0,0,0,0,0,0,0,0,0.243612003512681,0,0,0,0,0,0.12875765727626,0,0.157994509069589,0,0.143291841479058,0,0,0,0
0,0,0,0,0,0,0,0,0,0,0.214347725510597,0,0,0,0.148229197344997,0,0,0,0,0,0.327749386429787,0,0,0,0,0,0,0,0.346959717571735,0,0.209453415125608,0,0,0,0,0,0,0,0,0,0,0,0,0,0,0,0,0,0,0,0,0,0,0,0,0,0.342512899323514,0,0.21553218718238,0,0.115269826104244,0,0,0.325173859794935,0,0,0,0,0,0,0,0.374993526935577,0,0,0,0,0,0,0,0,0,0,0.168685009318685,0,0.357480421662331,0,0
0,0,0,0,0,0,0,0.181855809357431,0,0,0,0.13293736949563,0,0,0,0,0,0,0,0,0,0,0,0,0,0,0,0,0,0,0,0,0,0,0,0,0,0,0,0,0,0,0,0,0,0,0,0,0,0,0,0,0,0.191843137145042,0,0,0,0.134183006982009,0,0.153863862156868,0,0,0,0,0,0,0,0,0,0,0.216039106249809,0,0,0,0,0,0,0,0,0,0,0,0,0,0,0,0
0,0,0,0,0,0,0,0,0.136411419705204,0,0,0,0.148229197344997,0,0,0,0.159081689578151,0.167517751455307,0.27413010597229,0,0,0,0.142726855086429,0,0,0,0.124690198734481,0,0,0,0,0,0,0,0,0,0,0,0,0,0,0,0,0,0,0,0,0,0,0,0,0,0,0,0.165498420596123,0,0,0,0.110113225877285,0,0.154856035521684,0,0,0,0,0.134717959910631,0,0.144945323467255,0,0.130710424347357,0,0,0,0,0,0,0,0,0,0,0,0,0.162116167712502,0.319515039523443,0,0,0
0,0.167464232444763,0,0,0,0.160307396203279,0,0,0,0.155100467872907,0,0,0,0,0,0,0.157762760917346,0.161570262877231,0,0,0,0,0,0,0,0.153383128345013,0,0,0,0,0,0,0,0,0,0,0,0,0,0,0,0,0,0,0,0,0,0,0,0.213417068123817,0,0,0,0,0,0.150755323128391,0,0,0,0,0,0.176131186650154,0,0,0,0,0,0,0,0,0,0,0,0,0,0,0,0,0,0,0,0,0.161176474392414,0,0,0,0
0,0,0,0,0,0,0,0,0.18505106414652,0,0,0,0,0,0.159081689578151,0.157762760917346,0,0.197383218109383,0.290170571843727,0,0,0.164678900574262,0.159285819073641,0,0.167052489541033,0.15336250141263,0.150045018248034,0,0.151287108659744,0,0,0,0,0,0,0.293844705820084,0,0,0,0.311611992783017,0.319473975486514,0.284998478724601,0.298716593005879,0.306470416841053,0.291815204918385,0.331857572235758,0.318424998242178,0.289533783992132,0.326120698451996,0,0.273179650306702,0,0,0,0.181355082030807,0,0,0,0,0,0.155647454537311,0,0.278157254060109,0.319353193044662,0.176229251755608,0.152637990963246,0,0.149022335807482,0.155814312398434,0.148299095216321,0,0,0,0,0,0,0,0,0.312363005992843,0.319546627352037,0.327859044075012,0,0.189021397610525,0.199237421522906,0.309835864603519,0.281881920165486,0.296715565140431
0,0,0,0,0,0,0,0,0.182407232782533,0.182537363590421,0,0,0,0,0.167517751455307,0.161570262877231,0.197383218109383,0,0.289416237266124,0,0,0.143092391808351,0.178378729099357,0,0.166205367073417,0.160412571765031,0.187951263487339,0.154728338122368,0,0,0,0.306187331676483,0,0,0,0.294816493988037,0,0,0,0.302628678990447,0.306897341791126,0.269843025323821,0.282800367865406,0.290800018175956,0.281409204006195,0.318789286896436,0.303607266899702,0.315122917294502,0.283585995435715,0.283987298607826,0,0,0,0,0.191147583226363,0.27873483300209,0,0,0,0,0.282512280344963,0.167263987136411,0,0.285098165273666,0.149200953543186,0.155542267969361,0,0,0.161137381834643,0.206830018758774,0,0,0.249826937913895,0,0,0,0,0,0.303951324247148,0.303533755242825,0.307865882558482,0,0.17793136229868,0,0.314158905898371,0.28031016168771,0.275059262911479
0.135571956634521,0,0.25518378118674,0,0,0,0,0,0.200425679683685,0,0,0,0,0,0.27413010597229,0,0.290170571843727,0.289416237266124,0,0,0,0.246548367043336,0.254613079769271,0,0.19869514554739,0.259228333830833,0.268049322565397,0,0,0,0,0.334659731388092,0,0,0,0.297796526551247,0,0,0,0.319998496014032,0.316019263491307,0.264409972600779,0.255546706942707,0.311097436897739,0.241472280167398,0.392099689732972,0.331934174610361,0.331131105311215,0.297734985593706,0.287975078759094,0,0,0,0,0.264410473406315,0,0.327737003564835,0.291747659444809,0,0,0.313419406612714,0,0.315540483746773,0.302805760875344,0.234696418046951,0.222437155246735,0,0,0.23519629240036,0.276450133323669,0,0.334514856338501,0.289176516234875,0.324421286582947,0.327160328626633,0,0.275549411773682,0,0.326799942373562,0.334204160773959,0.312617208361626,0,0.237013849768242,0,0.349422970524416,0.2689777851277,0.240608822667237
0,0,0,0.157610722892993,0,0.126258589327335,0,0,0,0,0,0.157592409772665,0,0,0,0,0,0,0,0,0,0,0,0,0,0,0,0,0,0,0,0,0,0,0,0.16047720419811,0,0.152592910277087,0,0,0,0.483977764844894,0,0,0,0.226865324378014,0,0,0,0,0,0.137595593929291,0,0,0,0,0,0.241114638745785,0,0,0,0,0.203921802364212,0,0,0,0,0,0,0,0,0,0.320192098617554,0,0,0,0,0,0.192633917724332,0,0.195217958656309,0,0.155180891208789,0,0.166130900564717,0,0
0,0,0.208416342735291,0,0.174342724203153,0,0.15428166270256,0,0.168374240398407,0,0.210777149199589,0,0.327749386429787,0,0,0,0,0,0,0,0,0,0,0,0,0,0,0,0.310244364397866,0,0.313144263887555,0,0,0,0,0,0.170397324903288,0,0.241759222745895,0,0,0,0,0,0,0,0.212714537978172,0,0.244337614162548,0,0.242626372486987,0,0,0,0,0,0.265082377364965,0,0,0,0,0,0,0.221268122234652,0,0,0,0,0,0,0,0.326351548142639,0,0.301881563117486,0,0,0,0,0,0.207185623777467,0,0.260935049504042,0.168550811707973,0,0.289086065748159,0,0
0,0,0,0,0,0,0,0,0,0,0,0,0,0,0,0,0.164678900574262,0.143092391808351,0.246548367043336,0,0,0,0.100517667946406,0.229633748343196,0,0.136382490810421,0.129850223660469,0.137884437524039,0,0,0,0,0,0.347849920392036,0,0,0,0.203007430423277,0,0,0,0,0,0,0,0,0,0.447382186055183,0.331230014562607,0.34269499242893,0,0,0,0,0,0,0,0,0,0,0,0,0,0,0.226184922479482,0,0.316780828055666,0,0.414428477717,0,0.300543240544216,0,0.263518057763577,0,0,0,0,0,0.223872885107994,0,0.263179435606311,0,0.159250099717088,0,0,0,0
0,0,0,0,0,0,0,0,0.173140843808651,0,0,0,0,0,0.142726855086429,0,0.159285819073641,0.178378729099357,0.254613079769271,0,0,0.100517667946406,0,0,0.196691805375861,0,0.118702436089516,0,0.204266622204047,0,0,0,0,0,0.363901481032372,0,0,0,0.208672369232519,0,0,0.239114917814732,0,0,0,0,0,0.334889491667619,0.319329849940582,0,0,0,0,0,0.160608072029917,0,0,0,0,0,0.170000478625298,0,0,0,0.119090847671032,0.224142378184599,0,0.21368636471084,0,0.202678244694003,0,0.312812600425136,0,0,0,0,0,0,0,0,0,0.228976937066042,0.167032486795224,0,0,0,0
0,0.143327374942601,0,0,0,0,0,0,0,0.241384403185641,0,0,0,0,0,0,0,0,0,0,0,0.229633748343196,0,0,0,0.160534512096395,0,0,0,0,0,0,0,0,0,0,0,0.218589249823868,0,0,0,0,0,0,0,0,0,0,0,0.347502056364115,0,0,0,0,0,0.159064046127929,0,0,0,0,0,0,0,0,0.266141216204466,0,0.194104575634003,0,0.356694824203397,0,0,0,0,0,0,0,0,0,0,0,0.241560600443584,0,0.143515465873303,0,0.263077386505696,0,0
0,0,0,0,0,0,0,0,0.221024900398873,0,0,0,0,0,0,0,0.167052489541033,0.166205367073417,0.19869514554739,0,0,0,0.196691805375861,0,0,0,0.135895604060756,0,0,0,0,0,0,0,0,0,0,0,0.192464852402377,0,0,0,0,0,0,0,0,0,0.281418061617649,0,0,0,0,0,0.150795831211976,0,0,0,0,0,0,0,0,0,0,0.165405966341496,0,0.177452123790674,0,0.172493195820063,0,0.40954109453238,0,0,0,0,0,0,0,0,0,0.177012677770108,0.161379942916474,0,0.191552296843169,0,0
0,0,0,0,0,0,0,0,0,0.175326217401852,0,0,0,0,0,0.153383128345013,0.15336250141263,0.160412571765031,0.259228333830833,0,0,0.136382490810421,0,0.160534512096395,0,0,0,0.117525892332196,0,0,0,0,0,0,0,0,0,0,0,0,0,0,0,0,0,0,0,0,0,0.172794298827648,0,0,0,0,0,0.169290413945606,0,0,0,0,0,0.194007390311786,0,0,0.158678858842648,0,0.196223261829925,0,0.171981347526992,0,0,0,0,0,0,0,0,0,0,0,0,0,0.135677797381173,0,0,0,0
0,0,0,0,0,0,0,0,0.193431581060092,0,0,0,0,0,0.124690198734481,0,0.150045018248034,0.187951263487339,0.268049322565397,0,0,0.129850223660469,0.118702436089516,0,0.135895604060756,0,0,0,0,0,0,0,0,0,0,0,0,0,0,0,0.324944585561752,0,0,0.221354871988297,0,0,0,0,0,0,0,0,0,0,0.145560078322887,0,0,0,0,0,0.0905990520561183,0,0,0,0,0.125156648689881,0,0.146202222892532,0,0.137731196600839,0,0.116359867155552,0,0,0,0,0,0,0.251173168420792,0,0,0,0.138859914062179,0,0,0,0
0,0,0,0,0,0,0,0,0,0,0,0.147864822120894,0,0,0,0,0,0.154728338122368,0,0,0,0.137884437524039,0,0,0,0.117525892332196,0,0,0,0.112051607070801,0,0,0,0,0,0,0,0,0,0,0,0,0,0,0,0,0,0,0,0,0,0,0,0,0,0,0,0,0,0,0,0,0,0,0.113394210913352,0,0,0,0.194434069097042,0,0.171231234001035,0,0.134143834700808,0,0,0,0,0,0,0,0.218660415874587,0,0.117531836032867,0,0,0,0
0,0,0.302474290132523,0,0,0,0,0,0,0,0.294492118524868,0,0.346959717571735,0,0,0,0.151287108659744,0,0,0,0.310244364397866,0,0.204266622204047,0,0,0,0,0,0,0,0.217669610608092,0,0,0,0,0,0,0,0.227990159742623,0,0.3238256752491,0,0.329471718519926,0,0,0,0.352465567134676,0,0.322030335664749,0,0,0,0,0,0,0,0.306576716917,0,0,0,0,0,0,0.350895652817332,0,0.234141762805196,0,0,0,0,0,0.284957355571224,0,0.379540922222557,0,0,0,0,0,0.3143230676651,0,0.276061945106532,0.255998620390892,0,0.407055952907664,0,0.373717054724693
0,0,0,0,0,0,0,0,0,0,0,0.221796742850734,0,0,0,0,0,0,0,0,0,0,0,0,0,0,0,0.112051607070801,0,0,0,0,0,0,0,0,0,0.124101807759639,0,0,0,0,0,0,0,0.30493426322937,0,0,0,0,0,0,0,0,0,0,0,0.307847529649734,0,0,0,0,0.300371289253235,0,0,0,0,0,0,0,0,0,0.213483612546338,0,0,0,0,0,0,0,0.151609646715224,0,0.132834626568688,0,0,0,0
0,0,0.327134231726329,0,0,0,0,0,0,0,0.288377094687077,0,0.209453415125608,0,0,0,0,0,0,0,0.313144263887555,0,0,0,0,0,0,0,0.217669610608092,0,0,0,0,0,0,0,0,0,0.229780196882131,0,0.302694320678711,0,0.316889417171478,0,0,0,0.359125088368143,0,0.21595064663887,0,0,0,0,0,0,0,0.289835290776359,0,0,0,0,0,0,0.367951412818262,0,0,0,0,0,0,0,0.341529757461765,0,0.24968275676171,0,0,0,0,0,0.303540498018265,0,0.194114516964815,0.217009729017382,0,0.427364376110908,0,0
0,0,0,0,0,0,0,0,0,0,0,0,0,0,0,0,0,0.306187331676483,0.334659731388092,0,0,0,0,0,0,0,0,0,0,0,0,0,0.161292319434898,0.215232113287562,0,0.197221039064751,0.334674935787916,0,0,0.357496190071106,0,0.326079776158204,0,0.379587054252625,0.306518763303757,0.329806576172511,0,0.533810544345114,0,0.361198373138905,0,0,0,0,0,0,0,0,0,0,0,0,0,0,0,0,0,0,0,0,0,0,0,0,0.21511250279495,0.205056232187832,0.27777884569433,0,0.39749822385878,0.231793853369626,0.346598863601685,0,0.147174326993166,0,0.368739032083088,0.365625510613124,0
0,0,0,0,0,0,0,0,0,0,0,0,0,0,0,0,0,0,0,0,0,0,0,0,0,0,0,0,0,0,0,0.161292319434898,0,0.155515982210636,0.335357038087623,0.186314648863944,0.183744455975701,0,0.338376015424728,0,0,0,0,0,0,0,0,0.629591584461076,0,0,0,0,0,0,0,0,0,0,0,0,0,0,0,0,0,0,0,0,0,0,0,0,0,0,0.164139898182291,0.256951272900736,0.264961351950963,0.353341673443347,0,0.21720887715562,0,0,0.146284046319707,0,0,0,0
0,0,0,0,0,0,0,0,0,0,0,0,0,0,0,0,0,0,0,0,0,0.347849920392036,0,0,0,0,0,0,0,0,0,0.215232113287562,0.155515982210636,0,0.169646183217594,0.178021976915806,0,0.241329239626809,0,0,0,0.248835191130638,0,0,0,0,0,0.339646605664776,0.392680913209915,0.354899923006694,0,0,0,0,0,0,0,0,0,0,0,0,0,0,0.497876524925232,0,0,0,0,0,0,0,0,0,0.198961457954003,0,0.2282466462128,0.168742218528272,0.195131509807836,0,0.308456099635518,0.345722844203313,0.159218401581162,0,0,0,0
0,0,0,0,0,0,0,0,0,0,0,0,0,0,0,0,0,0,0,0,0,0,0.363901481032372,0,0,0,0,0,0,0,0,0,0.335357038087623,0.169646183217594,0,0.134502582252026,0.184102160879741,0.131563737988472,0.250637747276733,0,0,0,0,0,0,0,0,0.362683423356207,0.477441676638343,0.338098347187042,0,0,0,0,0,0,0,0,0,0,0,0,0,0,0,0,0,0,0,0,0,0,0,0,0,0.345104450685484,0.174803517047007,0.276653468256687,0,0.258236164431921,0,0.344415454748656,0.163297253012457,0,0,0,0
0,0,0,0,0,0,0,0,0,0,0,0.129809432468572,0,0,0,0,0.293844705820084,0.294816493988037,0.297796526551247,0.16047720419811,0,0,0,0,0,0,0,0,0,0,0,0.197221039064751,0.186314648863944,0.178021976915806,0.134502582252026,0,0.147857791739759,0.206294090189657,0,0.330634469571321,0.314545422792435,0.304296381605996,0.253421768546104,0.319090108076731,0,0.318100896748629,0.293481588363647,0.458253707102238,0,0.290386183985642,0,0,0,0,0,0,0,0,0,0,0,0,0.192894043086741,0,0,0,0,0,0,0,0,0,0,0,0.211347913826833,0.168681308627129,0.166730731725693,0,0.198389372625791,0.185429504913528,0.255844268350656,0,0.158257115268504,0.15898356338342,0.309183061122894,0.335188042124112,0
0,0,0.206996738910675,0,0.229857370257378,0,0,0,0,0,0.13904632627964,0,0,0,0,0,0,0,0,0,0.170397324903288,0,0,0,0,0,0,0,0,0,0,0.334674935787916,0.183744455975701,0,0.184102160879741,0.147857791739759,0,0,0.225413710221835,0,0.223129002998273,0,0.193643793463707,0,0,0,0.235697393119335,0.518729513484827,0.230757462382317,0.270316530019045,0.237862557172775,0,0,0,0,0,0,0,0,0,0,0,0,0.181907158519607,0,0,0,0,0,0,0,0,0,0,0.241638779640198,0.300102295730844,0,0.246178437551257,0.152339055069855,0.212988339120465,0,0.269638576552736,0.167241328169294,0.220875851569637,0.246426641444365,0,0
0,0,0,0,0,0,0,0,0,0.3247730748788,0,0.158114286176658,0,0,0,0,0,0,0,0.152592910277087,0,0.203007430423277,0,0.218589249823868,0,0,0,0,0,0.124101807759639,0,0,0,0.241329239626809,0.131563737988472,0.206294090189657,0,0,0.108893244362929,0,0,0.231438120206197,0,0,0,0.341821674377688,0,0.402518625480278,0,0.279695958846641,0,0,0,0,0,0.386219786273109,0,0.222058951918935,0,0,0,0,0.252606746764709,0,0.313515252615048,0,0.290399123712367,0,0,0,0.238001304013389,0,0.19753705823346,0,0,0,0.293004073058405,0,0.214711037339977,0,0.215267333363313,0,0.171766064144973,0,0.319032591105585,0,0
0.253556989133358,0,0.292689740657806,0,0,0,0,0,0.288613320480693,0,0.161969180789686,0,0,0,0,0,0,0,0,0,0.241759222745895,0,0.208672369232519,0,0.192464852402377,0,0,0,0.227990159742623,0,0.229780196882131,0,0.338376015424728,0,0.250637747276733,0,0.225413710221835,0.108893244362929,0,0,0,0,0,0,0,0,0,0.317228806846672,0.259916796879435,0,0,0,0,0,0.290063145756721,0,0.214437360790643,0,0,0,0,0,0,0.321277737617493,0,0.284737244813607,0,0.273636877300247,0,0.338449150323868,0,0.305671934332503,0,0.239412154470171,0,0.353793784976006,0,0.245004487425127,0,0.261357312837525,0,0.229088834271948,0.169589244411327,0,0.273746425729422,0,0
0,0,0,0.263445869088173,0,0,0,0,0.257906913757324,0,0,0,0,0,0,0,0.311611992783017,0.302628678990447,0.319998496014032,0,0,0,0,0,0,0,0,0,0,0,0,0.357496190071106,0,0,0,0.330634469571321,0,0,0,0,0.300376232713461,0.299334589264206,0.283660913705826,0.378062565956766,0.304519166549047,0.290196979466157,0.312350451946259,0.272948749484243,0,0.217347996735936,0,0,0,0,0,0,0,0.271885618567467,0,0,0,0,0.275483258604575,0.270254045724869,0,0,0,0,0,0,0,0,0.263533012675388,0,0,0,0.319770589470863,0,0.283855990052639,0,0.267864582949127,0,0.278532199873217,0,0.327636193213829,0.361568532949477,0.294400036334991
0,0,0.230360192557176,0,0.240427228808403,0,0,0,0.20360079407692,0,0,0,0,0,0,0,0.319473975486514,0.306897341791126,0.316019263491307,0,0,0,0,0,0,0,0.324944585561752,0,0.3238256752491,0,0.302694320678711,0,0,0,0,0.314545422792435,0.223129002998273,0,0,0.300376232713461,0,0.281837295533882,0.291458255492265,0.303712300956249,0.331258521632852,0.314315717667341,0.272862137797165,0.224335083878169,0.220565505462682,0.242035794642664,0,0,0,0,0,0,0.306427443027496,0,0,0,0,0,0,0.271505608983424,0,0,0,0,0,0,0,0.318948503051485,0,0.287386661129338,0,0,0,0,0.326081570651796,0.299439497243922,0,0.238182328641415,0.284836908718487,0,0.306143414623452,0.274919398128986,0.301683872519388
0,0.21810779928468,0,0.270490882752915,0,0.233127195388079,0,0,0.218008503317833,0.238505282684376,0,0,0,0,0,0,0.284998478724601,0.269843025323821,0.264409972600779,0.483977764844894,0,0,0.239114917814732,0,0,0,0,0,0,0,0,0.326079776158204,0,0.248835191130638,0,0.304296381605996,0,0.231438120206197,0,0.299334589264206,0.281837295533882,0,0.246544174374418,0.276649785121815,0.246714912793216,0.304392234715389,0.280316851611407,0.307760850078351,0.238794513046741,0.34023035440858,0,0.247079834342003,0,0,0,0.22774679426636,0,0.407885808442066,0,0.326377164572477,0.274678379297256,0.324260210990906,0.320799003143541,0,0,0,0,0,0,0,0,0,0.41668989123563,0,0.321812290894358,0,0.282094515860081,0,0.341388011376644,0.294541611203126,0.379749908897817,0,0.239741926903432,0.404751479625702,0.328292780929991,0.324938160908879,0.217634346674789
0.227814681828022,0,0.307283259472068,0,0.199246548116207,0,0,0,0.195019647479057,0,0,0,0,0,0,0,0.298716593005879,0.282800367865406,0.255546706942707,0,0,0,0,0,0,0,0,0,0.329471718519926,0,0.316889417171478,0,0,0,0,0.253421768546104,0.193643793463707,0,0,0.283660913705826,0.291458255492265,0.246544174374418,0,0.25260883073012,0.285152354912393,0.287542483273973,0.271612540827295,0.244855774300439,0.251984739790803,0.27405041642487,0.222457513213158,0,0,0,0,0,0.32562438079289,0,0,0,0,0,0.255199402570724,0.293064546948526,0,0,0,0,0,0.282628700137138,0,0.317056101102095,0.297285735607147,0.311626243180242,0,0,0,0,0.28671308423652,0.318004162784473,0.310094229876995,0,0.23078016357361,0,0.328309766086388,0.225682906806469,0.304000996509728
0,0,0,0,0,0,0,0,0,0,0,0,0,0,0,0,0.306470416841053,0.290800018175956,0.311097436897739,0,0,0,0,0,0,0,0.221354871988297,0,0,0,0,0.379587054252625,0,0,0,0.319090108076731,0,0,0,0.378062565956766,0.303712300956249,0.276649785121815,0.25260883073012,0,0,0.394846327877118,0.275644231587648,0.357666889471667,0,0.323041981000167,0,0,0,0,0,0,0,0,0,0,0,0,0.3511602423693,0,0,0,0,0,0,0,0,0,0.31761272251606,0,0.313437223434448,0,0,0,0.402867815802045,0.287266172468662,0.367931994609535,0,0.271179659830199,0.492740124464035,0.459806835904077,0.277911529821508,0
0,0,0.210802562534809,0,0,0,0,0,0,0,0,0,0,0,0,0,0.291815204918385,0.281409204006195,0.241472280167398,0,0,0,0,0,0,0,0,0,0,0,0,0.306518763303757,0,0,0,0,0,0,0,0.304519166549047,0.331258521632852,0.246714912793216,0.285152354912393,0,0,0.307296792666117,0.305795922386225,0.311589231093725,0.297038934628169,0,0,0,0,0,0,0,0,0,0,0,0,0,0.299840778112411,0.319651201367378,0,0,0,0,0,0,0,0,0,0,0,0,0,0,0.341717451810837,0.318540570958529,0,0,0.235315078679396,0,0.303872065297489,0.232049643993378,0.26180769985213
0,0,0,0.258224358239718,0,0.243800759315491,0,0,0,0.25830015540123,0,0.301089316606522,0,0,0,0,0.331857572235758,0.318789286896436,0.392099689732972,0.226865324378014,0,0,0,0,0,0,0,0,0,0.30493426322937,0,0.329806576172511,0,0,0,0.318100896748629,0,0.341821674377688,0,0.290196979466157,0.314315717667341,0.304392234715389,0.287542483273973,0.394846327877118,0.307296792666117,0,0.318930231034756,0.30659594969316,0,0.302526967397126,0,0.240873068571091,0,0,0,0.265621324380239,0,0.362261573473612,0,0,0,0,0.268550222559785,0,0,0,0,0,0,0,0,0,0.384620604189959,0,0.279430121183395,0,0,0,0.302028864108555,0.310392156243324,0.379255650069895,0,0.29385641183269,0.44859482049942,0.327111945005178,0.320887490793278,0.306945046782494
0,0,0.231046193447269,0,0.204526133214434,0,0,0,0.181138648092747,0,0,0,0,0,0,0,0.318424998242178,0.303607266899702,0.331934174610361,0,0.212714537978172,0,0,0,0,0,0,0,0.352465567134676,0,0.359125088368143,0,0,0,0,0.293481588363647,0.235697393119335,0,0,0.312350451946259,0.272862137797165,0.280316851611407,0.271612540827295,0.275644231587648,0.305795922386225,0.318930231034756,0,0.221703505859925,0.248127067305285,0.288782209157944,0.246855035424232,0,0,0,0,0,0.333398669958115,0,0,0,0,0,0,0.292786772893973,0,0,0,0,0,0,0,0.359447082406596,0,0.317068491264113,0,0,0,0,0.298765263479689,0.284232704047141,0.28041285276413,0.276539724320173,0.28959008385777,0,0.298568324192355,0.275856514771779,0.297182187186868
0,0.255301237106323,0.25995135307312,0,0.215686333179474,0,0,0,0,0,0,0,0,0,0,0,0.289533783992132,0.315122917294502,0.331131105311215,0,0,0.447382186055183,0.334889491667619,0,0,0,0,0,0,0,0,0.533810544345114,0.629591584461076,0.339646605664776,0.362683423356207,0.458253707102238,0.518729513484827,0.402518625480278,0.317228806846672,0.272948749484243,0.224335083878169,0.307760850078351,0.244855774300439,0.357666889471667,0.311589231093725,0.30659594969316,0.221703505859925,0,0.44884186741632,0.346157415789455,0.238534758488337,0,0,0,0,0,0,0.326253801584244,0,0,0,0,0.324986129999161,0.236825756231944,0.458846899680793,0.500531777739525,0,0,0,0,0,0,0.338966012001038,0.293670058250427,0.333818323586298,0.485011684226579,0.449754923314145,0.376155636200455,0.38119497439272,0.282328568651415,0.403319189507587,0.397218750352845,0.327588718158881,0,0.327299690257439,0.321058559417725,0
0.181915393525453,0,0.176334163817492,0,0.225455738604069,0,0,0,0.207459627620635,0,0.242921834668288,0,0,0,0,0,0.326120698451996,0.283585995435715,0.297734985593706,0,0.244337614162548,0.331230014562607,0.319329849940582,0,0.281418061617649,0,0,0,0.322030335664749,0,0.21595064663887,0,0,0.392680913209915,0.477441676638343,0,0.230757462382317,0,0.259916796879435,0,0.220565505462682,0.238794513046741,0.251984739790803,0,0.297038934628169,0,0.248127067305285,0.44884186741632,0,0.242452466174176,0,0,0,0,0.214889100193977,0,0.247436877302449,0,0.224694744898723,0,0.190985153437754,0,0,0.240708822466762,0,0.36046301131326,0,0.268720464304285,0,0.246240887258734,0,0.32181285662694,0,0.240980735098993,0,0,0.35764667391777,0.26325923576951,0.336677074432373,0.227215841446219,0.341480141878128,0.343614165859792,0.269515992348643,0,0.241321194141863,0,0.33324427343905
0,0.183118648996407,0,0.229739066150654,0,0.183948755264282,0,0,0,0.224803543686867,0,0,0,0,0,0.213417068123817,0,0.283987298607826,0.287975078759094,0,0,0.34269499242893,0,0.347502056364115,0,0.172794298827648,0,0,0,0,0,0.361198373138905,0,0.354899923006694,0.338098347187042,0.290386183985642,0.270316530019045,0.279695958846641,0,0.217347996735936,0.242035794642664,0.34023035440858,0.27405041642487,0.323041981000167,0,0.302526967397126,0.288782209157944,0.346157415789455,0.242452466174176,0,0,0,0,0,0,0.187760631469163,0.291724383831024,0.329288515157269,0,0.296365447293699,0,0.237914719431134,0.295808926988871,0,0.357799078880644,0,0.341715107056481,0,0.223634618215072,0,0.277174739923218,0,0.285727287404729,0,0.324022337794304,0,0.376999054636274,0.366713297367096,0.264178980743684,0.242104039982308,0.305889395712947,0.314039532627378,0.29074114363316,0,0.317032323647022,0.342159758914601,0.214317753911018
0.209895428773519,0,0.213980225275974,0,0.189411079424257,0,0,0,0.225382591287295,0,0,0,0,0,0,0,0.273179650306702,0,0,0,0.242626372486987,0,0,0,0,0,0,0,0,0,0,0,0,0,0,0,0.237862557172775,0,0,0,0,0,0.222457513213158,0,0,0,0.246855035424232,0.238534758488337,0,0,0,0,0.207575996406376,0,0.179711978720582,0,0.241009213739917,0,0.231019826249239,0,0.234786916524172,0,0,0.249240472437219,0,0,0,0,0,0,0,0,0,0,0,0,0,0,0,0.250109245379766,0,0,0.172607175328515,0,0.243669861306747,0,0
0,0.242282703518867,0,0.239323072819685,0,0.187745408572861,0,0.236792775491873,0,0.213372237209616,0,0,0,0,0,0,0,0,0,0.137595593929291,0,0,0,0,0,0,0,0,0,0,0,0,0,0,0,0,0,0,0,0,0,0.247079834342003,0,0,0,0.240873068571091,0,0,0,0,0,0,0,0.23951201897765,0,0.22057891272484,0,0.255112333693828,0,0.234709972471141,0,0.236260220643474,0,0,0,0,0,0,0,0,0,0,0,0,0,0,0,0,0.268188625574112,0,0,0,0.144968539476395,0,0.24953426917394,0,0
0,0,0,0,0.2004090026021,0,0.180455812918288,0,0,0,0.161544764041901,0,0,0,0,0,0,0,0,0,0,0,0,0,0,0,0,0,0,0,0,0,0,0,0,0,0,0,0,0,0,0,0,0,0,0,0,0,0,0,0.207575996406376,0,0,0,0,0,0.222071084883306,0,0.202956398328145,0,0,0,0,0,0,0,0,0,0,0,0,0,0,0,0,0,0,0,0,0,0,0,0,0,0,0,0
0,0,0,0,0,0.201745767891407,0,0.18275618477393,0,0,0,0,0,0.191843137145042,0,0,0,0,0,0,0,0,0,0,0,0,0,0,0,0,0,0,0,0,0,0,0,0,0,0,0,0,0,0,0,0,0,0,0,0,0,0.23951201897765,0,0,0,0,0,0.212890370178592,0,0.200999282300472,0,0,0,0,0,0,0,0,0,0,0,0,0,0,0,0,0,0,0,0,0,0,0.118851249416669,0,0,0,0
0.234136432188201,0,0.201355330291248,0,0.172184976111901,0,0,0,0.297962717026262,0,0,0,0,0,0.165498420596123,0,0.181355082030807,0.191147583226363,0.264410473406315,0,0,0,0.160608072029917,0,0.150795831211976,0,0.145560078322887,0,0,0,0,0,0,0,0,0,0,0,0.290063145756721,0,0,0,0,0,0,0,0,0,0.214889100193977,0,0.179711978720582,0,0,0,0,0,0,0,0,0,0.143451744562959,0,0,0,0,0.162433082858721,0,0.208174384678855,0,0.170196533203125,0,0,0,0,0,0,0,0,0,0,0,0.259324634617025,0.199912686325327,0,0.316044498431055,0,0
0,0.179997308175642,0,0.21525174125712,0,0.192582523903331,0,0,0,0.235747996833654,0,0,0,0,0,0.150755323128391,0,0.27873483300209,0,0,0,0,0,0.159064046127929,0,0.169290413945606,0,0,0,0,0,0,0,0,0,0,0,0.386219786273109,0,0,0,0.22774679426636,0,0,0,0.265621324380239,0,0,0,0.187760631469163,0,0.22057891272484,0,0,0,0,0,0.22875954238353,0,0,0,0.157830884570585,0,0,0,0,0.326386564970017,0,0,0,0,0,0,0,0,0,0,0,0,0,0.438171384590013,0,0.164776397647247,0,0.210193283541102,0.246339559555054,0
0,0,0.203527592893304,0,0.224434554576874,0,0.166402146220207,0,0,0,0.228193654636688,0,0.342512899323514,0,0,0,0,0,0.327737003564835,0,0.265082377364965,0,0,0,0,0,0,0,0.306576716917,0,0.289835290776359,0,0,0,0,0,0,0,0.214437360790643,0,0.306427443027496,0,0.32562438079289,0,0,0,0.333398669958115,0,0.247436877302449,0.291724383831024,0.241009213739917,0,0.222071084883306,0,0,0,0,0,0.245542684371636,0,0.254855166430827,0,0,0.321251216113421,0,0,0,0,0,0,0,0.360090171525762,0,0.298965966472259,0,0,0,0,0,0,0,0.252229128032923,0.167182941949524,0,0.307890337950258,0,0.339819848537445
0,0.25099237759908,0,0.277844028621912,0,0.244633598422462,0,0.214195947194922,0,0.24527789079226,0,0.212430723579518,0,0.134183006982009,0,0,0,0,0.291747659444809,0.241114638745785,0,0,0,0,0,0,0,0,0,0.307847529649734,0,0,0,0,0,0,0,0.222058951918935,0,0.271885618567467,0,0.407885808442066,0,0,0,0.362261573473612,0,0.326253801584244,0,0.329288515157269,0,0.255112333693828,0,0.212890370178592,0,0.22875954238353,0,0,0,0.214313799675022,0,0.244754127093724,0.329404769547241,0,0.319319397211075,0,0,0,0,0,0.426674309916097,0,0.355226480806524,0,0,0,0,0,0.325843304395676,0,0.341442966982265,0,0.167640719675657,0,0.350545909359386,0.380876867307557,0
0.215967044234276,0,0,0,0.217770715554555,0,0,0,0,0,0.352595937252045,0,0.21553218718238,0,0.110113225877285,0,0,0,0,0,0,0,0,0,0,0,0,0,0,0,0,0,0,0,0,0,0,0,0,0,0,0,0,0,0,0,0,0,0.224694744898723,0,0.231019826249239,0,0.202956398328145,0,0,0,0.245542684371636,0,0,0,0.275482503146353,0,0,0.349120712706021,0,0,0,0,0,0,0,0.394228557745616,0,0,0,0,0,0,0,0,0,0,0.14269873748223,0,0.374367049336433,0,0
0,0,0,0.269697007536888,0,0.247555553913116,0,0.155325546860695,0,0,0,0.123555295169353,0,0.153863862156868,0,0,0,0,0,0,0,0,0,0,0,0,0,0,0,0,0,0,0,0,0,0,0,0,0,0,0,0.326377164572477,0,0,0,0,0,0,0,0.296365447293699,0,0.234709972471141,0,0.200999282300472,0,0,0,0.214313799675022,0,0,0,0.237712133644509,0.314399123191833,0,0,0,0,0,0,0,0.27323828927786,0,0,0,0,0,0,0,0,0,0.343540519475937,0,0,0,0.307925524294074,0.358939215540886,0
0.171881472943602,0,0.149371961752574,0,0,0,0,0,0.137883324907205,0,0,0,0.115269826104244,0,0.154856035521684,0,0.155647454537311,0.282512280344963,0.313419406612714,0,0,0,0.170000478625298,0,0,0,0.0905990520561183,0,0,0,0,0,0,0,0,0,0,0,0,0,0,0.274678379297256,0,0,0,0,0,0,0.190985153437754,0,0.234786916524172,0,0,0,0.143451744562959,0,0.254855166430827,0,0.275482503146353,0,0,0,0,0,0,0,0,0.177154555916786,0,0.147963928679625,0,0.157221883535385,0,0,0,0,0,0,0,0,0,0,0.178422828272417,0.25511440870009,0.16809389491876,0,0
0,0.190950761118174,0,0.219031900815342,0,0.239383986426724,0,0,0,0.18421926183833,0,0,0,0,0,0.176131186650154,0,0.167263987136411,0,0,0,0,0,0,0,0.194007390311786,0,0,0,0,0,0,0,0,0,0,0,0,0,0,0,0.324260210990906,0,0,0,0,0,0,0,0.237914719431134,0,0.236260220643474,0,0,0,0.157830884570585,0,0.244754127093724,0,0.237712133644509,0,0,0,0,0,0,0,0,0.204023554236502,0,0,0,0,0,0,0,0,0,0,0,0,0,0.195238769054413,0,0.278344968662542,0.358122199773788,0
0,0,0,0.21583005413413,0,0.135232262313366,0,0,0,0,0,0.2314277679445,0,0,0,0,0.278157254060109,0,0.315540483746773,0.203921802364212,0,0,0,0,0,0,0,0,0,0.300371289253235,0,0,0,0,0,0.192894043086741,0,0.252606746764709,0,0.275483258604575,0,0.320799003143541,0.255199402570724,0.3511602423693,0.299840778112411,0.268550222559785,0,0.324986129999161,0,0.295808926988871,0,0,0,0,0,0,0,0.329404769547241,0,0.314399123191833,0,0,0,0,0,0,0,0,0,0,0.369988709688187,0,0.369766888492007,0,0,0,0,0,0.26882883247395,0,0.353260825424852,0,0.160931052230064,0.133238211274147,0.36401720570866,0.375018651286761,0
0,0,0.230279959060929,0,0.199345104554866,0,0.137867942452431,0,0.20278894007206,0,0.302054733037949,0,0.325173859794935,0,0,0,0.319353193044662,0.285098165273666,0.302805760875344,0,0.221268122234652,0,0,0,0,0,0,0,0.350895652817332,0,0.367951412818262,0,0,0,0,0,0.181907158519607,0,0.321277737617493,0.270254045724869,0.271505608983424,0,0.293064546948526,0,0.319651201367378,0,0.292786772893973,0.236825756231944,0.240708822466762,0,0.249240472437219,0,0,0,0,0,0.321251216113421,0,0.349120712706021,0,0,0,0,0,0,0,0,0,0,0,0,0.363887946237022,0,0.349386990544232,0,0,0,0,0,0.27750919649225,0,0.271416125389246,0.183114089990315,0,0.315054367531518,0,0.336626715958118
0,0,0,0,0,0,0,0,0,0,0,0,0,0,0,0,0.176229251755608,0.149200953543186,0.234696418046951,0,0,0.226184922479482,0.119090847671032,0.266141216204466,0,0.158678858842648,0,0.113394210913352,0,0,0,0,0,0.497876524925232,0,0,0,0.313515252615048,0,0,0,0,0,0,0,0,0,0.458846899680793,0,0.357799078880644,0,0,0,0,0,0,0,0.319319397211075,0,0,0,0,0,0,0,0,0.308086918000757,0,0.314146423117912,0,0.273004150560956,0,0.310844376683235,0,0,0,0,0,0,0,0.356318542418472,0,0.171859484450447,0,0,0,0
0,0,0,0,0,0,0,0,0.164746203843285,0,0,0,0,0,0.134717959910631,0,0.152637990963246,0.155542267969361,0.222437155246735,0,0,0,0.224142378184599,0,0.165405966341496,0,0.125156648689881,0,0.234141762805196,0,0,0,0,0,0,0,0,0,0.284737244813607,0,0,0,0,0,0,0,0,0.500531777739525,0.36046301131326,0,0,0,0,0,0.162433082858721,0,0,0,0,0,0,0,0,0,0,0,0,0.168417680812509,0,0.21901996697231,0,0.300595649295966,0,0.328493028879166,0,0,0,0,0,0,0,0.33775669674663,0.174131721446786,0,0.313031703233719,0,0
0,0.169203475117683,0,0,0,0,0,0,0,0.320004314184189,0,0,0,0,0,0,0,0,0,0,0,0.316780828055666,0,0.194104575634003,0,0.196223261829925,0,0,0,0,0,0,0,0,0,0,0,0.290399123712367,0,0,0,0,0,0,0,0,0,0,0,0.341715107056481,0,0,0,0,0,0.326386564970017,0,0,0,0,0,0,0,0,0.308086918000757,0,0,0,0.286480575799942,0,0.287655292658144,0,0,0,0,0,0,0,0,0,0.301625181268901,0,0.140478174846906,0,0.275007196174202,0,0
0.126980170607567,0,0,0,0,0,0,0,0.338188480585814,0,0,0,0,0,0.144945323467255,0,0.149022335807482,0,0,0,0,0,0.21368636471084,0,0.177452123790674,0,0.146202222892532,0,0,0,0,0,0,0,0,0,0,0,0.273636877300247,0,0,0,0,0,0,0,0,0,0.268720464304285,0,0,0,0,0,0.208174384678855,0,0,0,0,0,0.177154555916786,0,0,0,0,0.168417680812509,0,0,0,0.214236900669966,0,0.392543260697965,0,0,0,0,0,0,0,0,0,0.263333413004875,0.265933581172152,0,0.165462217160634,0,0
0,0,0,0,0,0,0,0,0,0,0,0,0,0,0,0,0.155814312398434,0.161137381834643,0.23519629240036,0,0,0.414428477717,0,0.356694824203397,0,0.171981347526992,0,0.194434069097042,0,0,0,0,0,0,0,0,0,0,0,0,0,0,0,0,0,0,0,0,0,0.223634618215072,0,0,0,0,0,0,0,0,0,0,0,0.204023554236502,0,0,0.314146423117912,0,0.286480575799942,0,0,0,0.245309271615186,0,0,0,0,0,0,0,0,0,0,0,0.155351462960243,0,0.17108810544014,0,0
0,0,0,0,0,0,0,0,0.183354333043098,0,0,0,0,0,0.130710424347357,0,0.148299095216321,0.206830018758774,0.276450133323669,0,0,0,0.202678244694003,0,0.172493195820063,0,0.137731196600839,0,0,0,0,0,0,0,0,0,0,0,0.338449150323868,0,0,0,0.282628700137138,0,0,0,0,0,0.246240887258734,0,0,0,0,0,0.170196533203125,0,0,0,0,0,0.147963928679625,0,0,0,0,0.21901996697231,0,0.214236900669966,0,0,0,0.373148766707401,0,0,0,0,0,0,0.327104806900024,0,0,0.271700412034988,0.173210582312416,0,0.126778774584333,0,0
0,0,0,0,0,0,0,0,0,0,0,0,0,0.216039106249809,0,0,0,0,0,0,0,0.300543240544216,0,0,0,0,0,0.171231234001035,0,0,0,0,0,0,0,0,0,0.238001304013389,0,0,0,0,0,0,0,0,0,0,0,0.277174739923218,0,0,0,0,0,0,0,0.426674309916097,0,0.27323828927786,0,0,0.369988709688187,0,0.273004150560956,0,0.287655292658144,0,0.245309271615186,0,0,0,0.369043059196583,0,0,0,0,0,0,0,0.324623751108792,0,0.13440420017356,0,0.422555101678727,0,0
0,0,0,0,0,0,0,0,0,0,0.305566725518022,0,0.374993526935577,0,0,0,0,0,0.334514856338501,0,0.326351548142639,0,0.312812600425136,0,0.40954109453238,0,0.116359867155552,0,0.284957355571224,0,0.341529757461765,0,0,0,0,0,0,0,0.305671934332503,0,0.318948503051485,0,0.317056101102095,0,0,0,0.359447082406596,0,0.32181285662694,0,0,0,0,0,0,0,0.360090171525762,0,0.394228557745616,0,0.157221883535385,0,0,0.363887946237022,0,0.300595649295966,0,0.392543260697965,0,0.373148766707401,0,0,0,0.446728973356012,0,0,0,0,0,0.327375370264053,0,0.261195191139475,0.294771427909533,0,0.40085875016639,0,0.352238913377126
0,0,0,0.34908791469491,0,0,0,0,0,0,0,0.243612003512681,0,0,0,0,0,0.249826937913895,0.289176516234875,0.320192098617554,0,0.263518057763577,0,0,0,0,0,0.134143834700808,0,0.213483612546338,0,0,0,0,0,0,0,0.19753705823346,0,0.263533012675388,0,0.41668989123563,0.297285735607147,0.31761272251606,0,0.384620604189959,0,0.338966012001038,0,0.285727287404729,0,0,0,0,0,0,0,0.355226480806524,0,0,0,0,0.369766888492007,0,0.310844376683235,0,0,0,0,0,0.369043059196583,0,0,0,0,0,0,0,0.318153348408247,0,0.332182054673781,0,0.203483140096068,0,0.444178082545598,0.432388254187324,0
0,0,0.282879948616028,0,0,0,0,0,0,0,0.290984315332025,0,0,0,0,0,0,0,0.324421286582947,0,0.301881563117486,0,0,0,0,0,0,0,0.379540922222557,0,0.24968275676171,0,0,0,0,0,0,0,0.239412154470171,0,0.287386661129338,0,0.311626243180242,0,0,0,0.317068491264113,0.293670058250427,0.240980735098993,0,0,0,0,0,0,0,0.298965966472259,0,0,0,0,0,0,0.349386990544232,0,0.328493028879166,0,0,0,0,0,0.446728973356012,0,0,0,0,0,0,0.298665851354599,0.272430721569706,0,0.242183216089426,0.228021034676778,0,0.420515310231263,0,0.407440731922785
0,0,0,0,0,0,0,0,0,0,0,0,0,0,0,0,0,0,0.327160328626633,0,0,0,0,0,0,0,0,0,0,0,0,0.21511250279495,0.164139898182291,0.198961457954003,0,0.211347913826833,0.241638779640198,0,0,0,0,0.321812290894358,0,0.313437223434448,0,0.279430121183395,0,0.333818323586298,0,0.324022337794304,0,0,0,0,0,0,0,0,0,0,0,0,0,0,0,0,0,0,0,0,0,0,0,0,0,0.234027067880805,0.308290156034323,0,0.302778578498389,0.262544825673103,0,0,0.179571585140445,0,0.367451131343842,0,0
0,0,0,0,0,0,0,0,0,0,0,0,0,0,0,0,0,0,0,0,0,0,0,0,0,0,0,0,0,0,0,0.205056232187832,0.256951272900736,0,0.345104450685484,0.168681308627129,0.300102295730844,0,0.353793784976006,0,0,0,0,0,0,0,0,0.485011684226579,0,0,0,0,0,0,0,0,0,0,0,0,0,0,0,0,0,0,0,0,0,0,0,0,0,0,0.234027067880805,0,0,0.390939007967245,0,0.322968401504259,0,0,0.163554311204606,0,0,0,0
0,0,0,0,0,0,0,0,0,0,0,0,0,0,0,0,0,0,0.275549411773682,0,0,0,0,0,0,0,0,0,0,0,0,0.27777884569433,0.264961351950963,0.2282466462128,0.174803517047007,0.166730731725693,0,0.293004073058405,0,0.319770589470863,0,0.282094515860081,0,0,0,0,0,0.449754923314145,0.35764667391777,0.376999054636274,0,0,0,0,0,0,0,0,0,0,0,0,0,0,0,0,0,0,0,0,0,0,0,0,0.308290156034323,0,0,0.231072179861923,0.287889074978647,0,0.284084857513125,0.371096938848495,0.227740089350109,0,0,0.28548938035965,0
