0,0,0.144105207175016,0,0.151780232787132,0,0,0,0.207334453148054,0,0,0,0,0,0,0,0.280189126729965,0.342163026332855,0.379276105867965,0,0,0,0,0,0.189811165134112,0,0,0,0,0,0,0,0,0,0,0,0.448111027479172,0,0.409995704889297,0,0.492327034473419,0,0.230138227769307,0,0,0,0,0,0.166992075716373,0,0,0,0,0,0.241531159454039,0,0,0,0,0,0.246149408817291,0,0,0,0,0,0,0,0,0,0,0,0,0.465105175971985,0,0,0,0,0,0.438531415330039,0,0.482077330350876,0.249070504997052,0.11959039606154,0.230411753058434,0,0
0,0,0,0.145749680201213,0,0.139644678682089,0,0,0,0.159506341270984,0,0,0,0,0,0,0,0,0.371499544050958,0,0,0,0,0.37441211938858,0,0,0,0,0,0,0,0,0,0,0,0.447465300559998,0,0,0,0,0,0.388656572412665,0,0,0,0,0,0,0,0.242218124647351,0,0.219711273908615,0,0,0,0.16897262789309,0,0.338965445756912,0,0,0,0.169538394519777,0.342107653617859,0,0,0,0,0,0,0,0,0,0,0,0,0,0,0,0.39097136259079,0,0,0,0.237084004911594,0,0.341567607013264,0,0
0.144105207175016,0,0,0,0.194936877853579,0,0,0,0.166693753120324,0,0,0,0,0,0,0,0.350078672170639,0,0.39896688858668,0,0.351547837257385,0,0,0,0,0,0,0,0,0,0.390909351408482,0,0,0,0,0,0,0,0,0,0,0,0.320288559715999,0,0,0,0.247773692011833,0,0.186559938518944,0,0.243601287786777,0,0,0,0.198352440482094,0,0.345848278807742,0,0,0,0,0,0,0.342513352632523,0,0,0,0,0,0,0,0,0,0.389422995612976,0,0,0,0,0,0.342837724420759,0,0.422669902443886,0.224355125623028,0.227710063520231,0.329961771429595,0,0.328365863330903
0,0.145749680201213,0,0,0,0.212444902375459,0,0,0,0.178259145092362,0,0,0,0,0,0,0,0,0.326625143106167,0.24714053918918,0,0,0,0,0,0,0,0,0,0,0,0,0,0,0,0.26307972046462,0,0,0,0.278413369375117,0,0.334264432822449,0.313710272312164,0,0,0.310412759843626,0,0.283985413610935,0,0.255135336490435,0,0.269459771548773,0,0,0,0.231701579083752,0,0.333784285187721,0,0.27963332984692,0,0.257548362016678,0.296169962733984,0,0,0,0,0,0,0,0.345667123794556,0,0.362739795240863,0,0,0,0,0,0.338316581014431,0,0.399245311816533,0,0.224252938360129,0.335635185241699,0.298515774598045,0.315725325118928,0
0.151780232787132,0,0.194936877853579,0,0,0,0.226043407269048,0,0.161426848290782,0,0,0,0.321049731563438,0,0.153412309164802,0,0,0,0,0,0.258843205960728,0,0,0,0,0,0,0,0,0,0.354966968297958,0,0,0,0,0,0.292082786560059,0,0,0,0.282624870538712,0,0.276398147527988,0,0.285929709672928,0,0.248178984224796,0,0.258733496069908,0,0.213616010850494,0.289826601743698,0.210040419034555,0,0.186424891650677,0,0.291079360246658,0,0.293973604838053,0,0.149075196186701,0,0,0.335451467137739,0,0,0,0,0,0,0,0,0,0.335573079188665,0,0,0,0,0,0.312687455656681,0,0.352956246584654,0.185220126263254,0.187231310776302,0.281321363207585,0,0.280038541555405
0,0.139644678682089,0,0.212444902375459,0,0,0,0.185898900032043,0,0.165654867647156,0,0.209105331789364,0,0.213706170519193,0,0.178391042996097,0.309156984090805,0,0,0.198729855223344,0,0,0,0,0,0,0,0,0,0,0,0,0,0,0,0.240411722411712,0,0,0,0.254529807716608,0,0.298683949311574,0,0,0,0.290859583765268,0.28216278553009,0.279541272670031,0,0.27450293302536,0,0.207412263392367,0,0.194403478503227,0,0.205373602360487,0,0.25126981309482,0,0.220404290727207,0,0,0.27056360989809,0,0,0,0,0,0,0,0,0,0.322354644536972,0,0,0,0,0,0.248414336850769,0,0.347217470407486,0,0.183349854326447,0.21334048807621,0.241792211220378,0,0
0,0,0,0,0.226043407269048,0,0,0,0,0,0.238919232197648,0,0.285858174019,0,0,0,0,0,0,0,0.181037922079364,0,0,0,0,0,0,0,0,0,0,0,0,0,0,0,0,0,0,0,0,0,0,0,0,0,0,0,0,0,0.183387283660188,0,0.249427800255391,0,0,0,0.230324136084675,0,0.263688895053097,0,0,0,0,0.19917082725739,0,0,0,0,0,0,0,0,0,0,0,0,0,0,0,0,0,0,0.202354271382494,0.230097278952599,0.290140450000763,0,0
0,0,0,0,0,0.185898900032043,0,0,0,0,0,0.17518982058391,0,0.173264372807283,0,0,0,0,0,0,0,0,0,0,0,0,0,0,0,0,0,0,0,0,0,0,0,0,0,0,0,0,0,0,0,0,0,0,0,0,0,0.220489076205662,0,0.224370814529546,0,0,0,0.214161660395703,0,0.150128383721624,0,0,0.181830915311972,0,0,0,0,0,0,0,0,0,0,0,0,0,0,0,0,0,0,0,0.155142571599711,0,0,0,0
0.207334453148054,0,0.166693753120324,0,0.161426848290782,0,0,0,0,0,0,0,0,0,0.160579887147133,0,0.220254660362289,0.222746601949135,0.248044048746427,0,0,0,0,0,0.176375706764785,0,0.177619575099512,0,0,0,0,0,0,0,0,0,0,0,0.31357030317945,0,0.388809114694595,0,0.161310172050583,0,0,0,0,0,0.195724233090878,0,0.155603187235251,0,0,0,0.230315007849646,0,0.296314731240273,0,0,0,0.162909181522472,0,0,0,0,0,0,0.230873420834541,0,0.178306513598987,0,0,0,0.350722312927246,0,0,0,0,0,0,0,0.323026793189796,0.190892712347958,0.177596112092336,0.201710162094877,0,0
0,0.159506341270984,0,0.178259145092362,0,0.165654867647156,0,0,0,0,0,0,0,0,0,0.196436636476003,0.3119036257267,0,0.278636991977692,0.291737705469131,0,0.308560192584991,0,0.256639076096396,0,0.183224116762479,0,0,0,0,0,0,0,0,0,0,0,0.272435122439938,0,0,0,0.216162576207093,0,0,0,0.270320614178975,0,0.319219470024109,0,0.226124913742145,0,0.170235514640808,0,0,0,0.261132808197467,0,0,0,0,0,0.257168653710135,0.267695039510727,0,0.281160771846771,0,0.283863739834891,0,0.192174687981606,0,0.299253776669502,0,0.329878598451614,0,0,0,0,0,0.293319076299667,0,0.333980385480182,0,0.201154874280636,0.302838563919067,0.283130234560451,0.200160082648782,0
0,0,0,0,0,0,0.238919232197648,0,0,0,0,0,0.197015082294291,0,0,0,0,0,0,0,0.186632857260101,0,0,0,0,0,0,0,0,0,0.288117900146225,0,0,0,0,0,0.233018105085805,0,0.163988179689192,0,0.299488931894302,0,0,0,0,0,0.298257812857628,0,0.325481057167053,0,0.274166017770767,0,0.2829219493128,0,0,0,0.240203600903849,0,0.311923817434209,0,0,0,0,0.26255912775487,0,0,0,0,0,0,0,0,0,0.298735516187217,0,0,0,0,0,0.294004882375399,0,0.175028774887323,0.194620666065902,0,0.310943660471174,0,0
0,0,0,0,0,0.209105331789364,0,0.17518982058391,0,0,0,0,0,0.149393957579273,0,0,0,0,0,0.136885656467579,0,0,0,0,0,0,0,0.197283741086721,0,0.167091270287832,0,0,0,0,0,0.174869214417413,0,0.161145123430798,0,0,0,0,0,0,0,0,0,0,0,0,0,0.281091908613841,0,0.182587911685308,0,0,0,0.211059704313168,0,0.188806802828292,0,0,0.179033968405625,0,0,0,0,0,0,0,0,0,0.25028027010837,0,0,0,0,0,0.215668143970626,0,0.167709121056892,0,0.152164056897163,0,0.247168782132643,0,0
0,0,0,0,0.321049731563438,0,0.285858174019,0,0,0,0.197015082294291,0,0,0,0.141828679045041,0,0,0,0,0,0,0,0,0,0,0,0,0,0,0,0,0,0,0,0,0,0,0,0,0,0,0,0,0,0,0,0,0,0,0,0.257819786667824,0,0,0,0,0,0,0,0.223815865809333,0,0,0,0,0,0,0,0,0,0,0,0,0.198009982705116,0,0,0,0,0,0,0,0,0,0,0.179421629114398,0,0,0,0
0,0,0,0,0,0.213706170519193,0,0.173264372807283,0,0,0,0.149393957579273,0,0,0,0.21844992855775,0,0,0,0,0,0,0,0,0,0.198703037367927,0,0.166889595574346,0,0,0,0,0,0,0,0,0,0,0,0,0,0,0,0,0,0,0,0,0,0,0,0,0,0.257006861269474,0,0,0,0.195207953453064,0,0.237099133007718,0,0.206570508579413,0,0,0,0,0,0,0.245082865158717,0,0.264283018186688,0,0,0,0,0,0,0,0,0,0,0,0.176072693429887,0.180617556907237,0,0,0
0,0,0,0,0.153412309164802,0,0,0,0.160579887147133,0,0,0,0.141828679045041,0,0,0,0.188343608258121,0.2223491606613,0.237406957894564,0,0,0,0,0,0.174729111001772,0,0.144888220354915,0,0,0,0,0,0,0,0,0,0,0,0,0,0.367430835962296,0,0,0,0,0,0,0,0.15136031806469,0,0.154639960991012,0,0,0,0.209159910021459,0,0.185714513063431,0,0.154630756803921,0,0.174009973673444,0,0,0,0,0,0,0.226215124130249,0,0.195928207465581,0,0,0,0,0,0,0,0,0,0,0,0,0.186601510779424,0.181393204877774,0,0,0
0,0,0,0,0,0.178391042996097,0,0,0,0.196436636476003,0,0,0,0.21844992855775,0,0,0,0.186027901592078,0,0,0,0,0,0.194982796907425,0,0.196642562747002,0,0,0,0,0,0,0,0,0,0,0,0,0,0,0,0,0,0,0,0,0,0,0,0,0,0.183453807059456,0,0,0,0.223624750136215,0,0,0,0.217421366887934,0,0.180390967527427,0,0,0,0,0.194778215140104,0,0.199992490311464,0,0,0,0,0,0,0,0,0,0,0,0,0,0.189259369458471,0.155098889023066,0,0,0
0.280189126729965,0,0.350078672170639,0,0,0.309156984090805,0,0,0.220254660362289,0.3119036257267,0,0,0,0,0.188343608258121,0,0,0.200384684020665,0.333636691721896,0.278741270303726,0,0,0.151342898607254,0,0.219399262605042,0,0.174148939745767,0,0.168589414885411,0,0.388641804456711,0,0,0,0,0.410491704940796,0.399347245693207,0.411769837141037,0,0.406813943386078,0.379718598994342,0.337197654522382,0.347953805923462,0,0.361233904957771,0.391155332326889,0.319137908518314,0,0.373099446296692,0,0,0,0,0,0,0,0,0,0,0,0.202656232226979,0,0.379488408565521,0,0,0,0,0,0,0.16659434704945,0,0,0,0.422029569745064,0,0,0,0,0.404291236175681,0.416222896901044,0.445105867726462,0.433483434574945,0.238962087138691,0.182690234982272,0.388618100848463,0,0.325553134083748
0.342163026332855,0,0,0,0,0,0,0,0.222746601949135,0,0,0,0,0,0.2223491606613,0.186027901592078,0.200384684020665,0,0.33473488035113,0,0,0.150160301476717,0,0.211691427230835,0.206789523363113,0.216299179394816,0.199361892417073,0.181697188152207,0,0,0,0,0,0,0,0.388218402862549,0.395331412553787,0,0,0.385514169931412,0.36771427989006,0.349745935201645,0.350238114595413,0,0.345958441495895,0.343839466571808,0.351410001516342,0,0.378060032924016,0,0,0,0,0,0,0,0,0,0,0,0,0,0.343892231583595,0.378443688154221,0.144710789900273,0,0,0,0.201207304994265,0,0.214483644813299,0,0,0,0,0,0,0,0.393383409295763,0.364930957555771,0.430715322494507,0.381686612963676,0.214759450198564,0.191872946813441,0.355477131548382,0,0
0.379276105867965,0.371499544050958,0.39896688858668,0.326625143106167,0,0,0,0,0.248044048746427,0.278636991977692,0,0,0,0,0.237406957894564,0,0.333636691721896,0.33473488035113,0,0.443354433774948,0.432023704051971,0,0,0,0,0,0.265862207859755,0,0,0,0.468564696609974,0,0,0,0,0.432001020891447,0.419651594358621,0.417161017656326,0.504107497632504,0.42776289084128,0.416928374368082,0.304942271433308,0.279906985431849,0.274987459182739,0.302519869990647,0.341894799651522,0.343520259672357,0,0.409399583528602,0.359210687875748,0.287183880805969,0.288357824087143,0,0,0,0,0.478018758818507,0.406165158748627,0,0,0,0,0.390293969006478,0.39326565230594,0,0,0,0,0,0,0,0,0.420442517314638,0.467041645009639,0,0,0,0,0.428450575982681,0.432858772233791,0.492373363855408,0.496745185181499,0.2975405867024,0.289262941479683,0.421078298686915,0.264139568916074,0.328477593331501
0,0,0,0.24714053918918,0,0.198729855223344,0,0,0,0.291737705469131,0,0.136885656467579,0,0,0,0,0.278741270303726,0,0.443354433774948,0,0,0,0,0,0,0,0,0,0,0,0,0,0,0,0,0.17208681742297,0,0.175821293724348,0,0,0,0.345517183343569,0,0,0,0.349841477292957,0,0,0,0,0,0.312389837370978,0,0.197893014550209,0,0,0,0.253491253865992,0,0,0,0,0.260755446858536,0,0,0,0,0,0,0,0,0,0.268409092878473,0,0,0,0,0,0.228950094512623,0,0.310290031568714,0,0.186658932027793,0,0.291048063275715,0,0
0,0,0.351547837257385,0,0.258843205960728,0,0.181037922079364,0,0,0,0.186632857260101,0,0,0,0,0,0,0,0.432023704051971,0,0,0,0,0,0,0,0,0,0,0,0.357452400028706,0,0,0,0,0,0.154584261626005,0,0.14942463271712,0,0.304557651281357,0,0,0,0,0,0.317885917696086,0,0.277609303593636,0,0.314334938509597,0,0.233792046183034,0,0,0,0.313283016999899,0,0,0,0,0,0,0.231930392258623,0,0,0,0,0,0,0,0,0,0.379444448947907,0,0,0,0,0,0.22786814986302,0,0.265047504433564,0.203551385737029,0.197992034256458,0.259882631730363,0,0
0,0,0,0,0,0,0,0,0,0.308560192584991,0,0,0,0,0,0,0,0.150160301476717,0,0,0,0,0.134260037986489,0.251511996984482,0,0.224470587639973,0,0.169639631913441,0,0,0,0,0,0,0,0,0,0.284157535461492,0,0,0,0,0,0,0,0,0,0,0,0.27679724048037,0,0,0,0,0,0.40186396241188,0,0,0,0,0,0,0,0,0.238979926304155,0,0.234938838888728,0,0.262548813104995,0,0.26250076431036,0,0.307457891879258,0,0,0,0,0,0,0,0.320053324153292,0,0.184543544577966,0.22258308800784,0.3441082239151,0,0
0,0,0,0,0,0,0,0,0,0,0,0,0,0,0,0,0.151342898607254,0,0,0,0,0.134260037986489,0,0,0.212717307841077,0,0.210724110836568,0,0.241069521196187,0,0,0,0,0,0,0,0,0,0.2056779691609,0,0,0,0,0,0,0,0,0,0.231721906077783,0,0,0,0,0,0,0,0,0,0,0,0,0,0,0,0.179128780961037,0.225690471080981,0,0.161860406398773,0,0.185204586812428,0,0.265898064354459,0,0,0,0,0,0,0,0,0,0.236058971635541,0.134151252836401,0.131776688510881,0,0,0
0,0.37441211938858,0,0,0,0,0,0,0,0.256639076096396,0,0,0,0,0,0.194982796907425,0,0.211691427230835,0,0,0,0.251511996984482,0,0,0,0.206725622804361,0,0,0,0,0,0,0,0,0,0,0,0.315183582340742,0,0,0,0.22333175316453,0,0,0,0,0,0,0,0.256505869328976,0,0,0,0,0,0.269587537871217,0,0,0,0,0,0.193393608927727,0,0,0.262826081796696,0,0.228022486496602,0,0.234357134619002,0,0,0,0,0,0,0,0,0,0,0,0.347763135956199,0,0.162249639858863,0,0.398089706897736,0,0
0.189811165134112,0,0,0,0,0,0,0,0.176375706764785,0,0,0,0,0,0.174729111001772,0,0.219399262605042,0.206789523363113,0,0,0,0,0.212717307841077,0,0,0,0.177382496507982,0,0,0,0,0,0,0,0,0,0,0,0.260597653135105,0,0,0,0,0,0,0,0,0,0.191629886627197,0,0,0,0,0,0.206851679202798,0,0,0,0,0,0.178643555759074,0,0,0,0,0.202421702670329,0,0.197702370962854,0,0.184499050322615,0,0,0,0,0,0,0,0,0,0,0,0.298531889449805,0.180650346896105,0,0.305279021037788,0,0
0,0,0,0,0,0,0,0,0,0.183224116762479,0,0,0,0.198703037367927,0,0.196642562747002,0,0.216299179394816,0,0,0,0.224470587639973,0,0.206725622804361,0,0,0,0.220505413367893,0,0,0,0,0,0,0,0,0,0,0,0,0,0,0,0,0,0,0,0,0,0,0,0,0,0,0,0,0,0,0,0,0,0.187880232930183,0,0,0.275030286688554,0,0.210226071578391,0,0.246608932802841,0,0.209977569058537,0,0,0,0,0,0,0,0,0,0,0,0.223224111522237,0,0,0,0
0,0,0,0,0,0,0,0,0.177619575099512,0,0,0,0,0,0.144888220354915,0,0.174148939745767,0.199361892417073,0.265862207859755,0,0,0,0.210724110836568,0,0.177382496507982,0,0,0,0.224402654056366,0,0,0,0,0,0,0,0,0,0,0,0,0,0,0,0,0,0,0,0,0,0,0,0,0,0.20027451813221,0,0,0,0,0,0.164938911795616,0,0,0,0,0.245269685983658,0,0.183199200034142,0,0.179660496513354,0,0.25396505849702,0,0,0,0,0,0,0,0,0,0,0.192526017410168,0.187380036010462,0,0,0
0,0,0,0,0,0,0,0,0,0,0,0.197283741086721,0,0.166889595574346,0,0,0,0.181697188152207,0,0,0,0.169639631913441,0,0,0,0.220505413367893,0,0,0,0.217510590950648,0,0,0,0,0,0,0,0.202038683031881,0,0,0,0,0,0,0,0,0,0,0,0,0,0,0,0,0,0,0,0,0,0.25978278927505,0,0,0,0,0.175125367939472,0,0,0,0.231665230209722,0,0.236878955235846,0,0.205788840381604,0,0,0,0,0,0,0,0.21930951405974,0,0.181533852153841,0.184504739940166,0,0,0
0,0,0,0,0,0,0,0,0,0,0,0,0,0,0,0,0.168589414885411,0,0,0,0,0,0.241069521196187,0,0,0,0.224402654056366,0,0,0,0.178058427055271,0,0,0,0,0,0,0,0.210471212186597,0,0,0,0,0,0,0,0,0,0,0,0,0,0,0,0,0,0.305376405225081,0,0.182982251048088,0,0,0,0,0.361631512641907,0,0.238397559965098,0,0,0,0.209806402142231,0,0.234662399624789,0,0.191456869817697,0,0,0,0,0,0,0,0.224136200935944,0.186676909609769,0,0,0,0
0,0,0,0,0,0,0,0,0,0,0,0.167091270287832,0,0,0,0,0,0,0,0,0,0,0,0,0,0,0,0.217510590950648,0,0,0,0,0,0,0,0,0,0.188162265027442,0,0,0,0,0,0,0,0,0,0,0,0,0,0,0,0,0,0,0,0.166286713381608,0,0,0,0,0,0,0,0,0,0,0,0,0.270846430744444,0,0.240587008141866,0,0,0,0,0,0,0,0.230654825371775,0,0.183748793504808,0,0,0,0
0,0,0.390909351408482,0,0.354966968297958,0,0,0,0,0,0.288117900146225,0,0,0,0,0,0.388641804456711,0,0.468564696609974,0,0.357452400028706,0,0,0,0,0,0,0,0.178058427055271,0,0,0,0,0,0,0,0.345853984355927,0,0.2358512837214,0,0.294412761926651,0,0.398022040724754,0,0,0,0.348049248640354,0,0.319431940714518,0,0.339186519384384,0,0,0,0,0,0.287646974043367,0,0,0,0,0,0,0.365705821414789,0,0,0,0,0,0,0,0,0,0.263495942611834,0,0,0,0,0,0.357051638762156,0,0.241938259561085,0.196907183298698,0,0.402312088471193,0,0.420772030949593
0,0,0,0,0,0,0,0,0,0,0,0,0,0,0,0,0,0,0,0,0,0,0,0,0,0,0,0,0,0,0,0,0.186776044894252,0.250752394398053,0,0.181708667373312,0.150261517365774,0,0,0,0,0,0,0,0,0,0,0.48829907311219,0,0,0,0,0,0,0,0,0,0,0,0,0,0,0,0,0,0,0,0,0,0,0,0,0,0,0.247221738054136,0.274172873164599,0.233954453840852,0,0.190156051932379,0.173077307641506,0,0,0.153845328399364,0,0,0,0
0,0,0,0,0,0,0,0,0,0,0,0,0,0,0,0,0,0,0,0,0,0,0,0,0,0,0,0,0,0,0,0.186776044894252,0,0.172086560726166,0.224945509922691,0,0.185847329449994,0,0,0,0,0,0,0,0,0,0,0.534739050048737,0.448288261890411,0,0,0,0,0,0,0,0,0,0,0,0,0,0,0,0,0,0,0,0,0,0,0,0,0,0.140657284628537,0.383379585008777,0.14042704552412,0.240028667939852,0,0.204127619097776,0,0,0.269870755890392,0,0,0,0
0,0,0,0,0,0,0,0,0,0,0,0,0,0,0,0,0,0,0,0,0,0,0,0,0,0,0,0,0,0,0,0.250752394398053,0.172086560726166,0,0.291642965929564,0.158317244375375,0,0.264721451741126,0,0,0,0,0,0,0,0,0,0.506447688697174,0.668982470857686,0.573282583763725,0,0,0,0,0,0,0,0,0,0,0,0,0,0,0,0,0,0,0,0,0,0,0,0,0.234744091828664,0,0.241653238944525,0.182658140336611,0.212586922112655,0,0.245990475674845,0,0.198605017509402,0,0,0,0
0,0,0,0,0,0,0,0,0,0,0,0,0,0,0,0,0,0,0,0,0,0,0,0,0,0,0,0,0,0,0,0,0.224945509922691,0.291642965929564,0,0.175142751917953,0.163890484687108,0,0.264377628484469,0,0,0,0,0,0,0,0,0.535386896278981,0.563456482008884,0,0,0,0,0,0.337410181760788,0,0,0,0,0,0,0,0,0,0,0,0,0,0,0,0,0,0,0,0.142977431416512,0.274558314700532,0.155898488230175,0.267334043765054,0,0.29355941187929,0,0.355042893028928,0.218779031028513,0,0,0,0
0,0.447465300559998,0,0.26307972046462,0,0.240411722411712,0,0,0,0,0,0.174869214417413,0,0,0,0,0.410491704940796,0.388218402862549,0.432001020891447,0.17208681742297,0,0,0,0,0,0,0,0,0,0,0,0.181708667373312,0,0.158317244375375,0.175142751917953,0,0.165486821898671,0.16844393600543,0,0.26052648637976,0,0.345891659298251,0,0,0,0.273942313798062,0.28063677251339,0.220754801271818,0.238338127732277,0.29534423209372,0,0.303554892539978,0,0,0,0.261517070233822,0.323079288005829,0.283368246422874,0,0,0,0,0.221771863920645,0,0,0,0,0,0,0,0.295245707035065,0,0.322128884494305,0,0.201665926420567,0,0.214747402945469,0.180240087211132,0.246041039970446,0.178864243231258,0.269932428931811,0.199660375714302,0.186130410141352,0.198105896683945,0.260006562674027,0.350170344114304,0
0.448111027479172,0,0,0,0.292082786560059,0,0,0,0,0,0.233018105085805,0,0,0,0,0,0.399347245693207,0.395331412553787,0.419651594358621,0,0.154584261626005,0,0,0,0,0,0,0,0,0,0.345853984355927,0.150261517365774,0.185847329449994,0,0.163890484687108,0.165486821898671,0,0,0.188878205245332,0,0.326577227849227,0,0.345755111177762,0,0,0,0.271261305804272,0.250091596058121,0.291835642673753,0,0.330383837223053,0,0,0,0,0,0.246185897996551,0,0,0,0,0,0.409993767738342,0.221112938111375,0,0,0,0,0,0,0,0,0.381034702062607,0.313057512044907,0.15173651278019,0.225145671177994,0,0.236545527544072,0.142451961125646,0.24120651653398,0,0.248732634499047,0.180851480523288,0.268894976803235,0.302259853566593,0,0.322489798069
0,0,0,0,0,0,0,0,0,0.272435122439938,0,0.161145123430798,0,0,0,0,0.411769837141037,0,0.417161017656326,0.175821293724348,0,0.284157535461492,0,0.315183582340742,0,0,0,0.202038683031881,0,0.188162265027442,0,0,0,0.264721451741126,0,0.16844393600543,0,0,0,0.402388542890549,0,0.235349242885908,0,0,0,0.340249662597974,0,0.567157218622607,0,0.282844912847236,0,0,0,0,0,0.350621710220973,0,0.177682242925885,0,0,0,0,0.245898214124498,0,0.294325712572486,0,0.309957815483472,0,0,0,0.275480574667454,0,0.20388087933141,0,0,0,0.261719893468054,0,0.230232488683689,0,0.249107759059679,0,0.189839078046774,0.182959615307696,0.561156197964588,0,0
0.409995704889297,0,0,0,0,0,0,0,0.31357030317945,0,0.163988179689192,0,0,0,0,0,0,0,0.504107497632504,0,0.14942463271712,0,0.2056779691609,0,0.260597653135105,0,0,0,0.210471212186597,0,0.2358512837214,0,0,0,0.264377628484469,0,0.188878205245332,0,0,0,0.372498601675034,0,0.549118421971798,0,0,0,0.274588186632503,0.412517355410037,0.347033549157768,0,0,0,0,0,0.360108546339549,0,0.189600800888406,0,0,0,0,0,0,0.228115817531943,0,0.190243951637637,0,0.309737471618303,0,0,0,0,0,0.290354364448124,0,0,0,0.248548833698761,0,0.261558621373091,0,0.249588896988693,0.170492895972223,0.153098085522652,0.416428790502407,0,0
0,0,0,0.278413369375117,0,0.254529807716608,0,0,0,0,0,0,0,0,0,0,0.406813943386078,0.385514169931412,0.42776289084128,0,0,0,0,0,0,0,0,0,0,0,0,0,0,0,0,0.26052648637976,0,0.402388542890549,0,0,0,0.321119651211005,0.265061929821968,0.447590738534927,0,0.283071184837365,0,0.260501559823751,0,0.253742500600232,0,0.292284741997719,0,0,0,0.314003974199295,0,0.299580885304345,0,0.268065005540848,0,0,0.263497103777799,0,0,0,0,0,0,0,0,0,0.294163031710519,0,0,0,0,0,0.262973187731372,0.422980159521103,0.409101895160145,0,0.405482105266901,0.409177561601003,0.292384526505244,0.346699183185895,0
0.492327034473419,0,0,0,0.282624870538712,0,0,0,0.388809114694595,0,0.299488931894302,0,0,0,0.367430835962296,0,0.379718598994342,0.36771427989006,0.416928374368082,0,0.304557651281357,0,0,0,0,0,0,0,0,0,0.294412761926651,0,0,0,0,0,0.326577227849227,0,0.372498601675034,0,0,0.293388285807201,0.349202936618833,0,0.427768860350956,0.435285538434982,0.254165227181817,0.324425846338272,0.26687077379406,0,0,0,0,0,0,0,0.323065986466962,0,0,0,0,0,0,0.335425283866269,0,0,0,0,0,0,0,0,0,0.346374886600595,0,0,0,0,0.444146752357483,0.302809202535586,0,0.380791124544646,0.39963890669994,0.375723391771317,0.358444656703783,0,0.337633009552956
0,0.388656572412665,0,0.334264432822449,0,0.298683949311574,0,0,0,0.216162576207093,0,0,0,0,0,0,0.337197654522382,0.349745935201645,0.304942271433308,0.345517183343569,0,0,0,0.22333175316453,0,0,0,0,0,0,0,0,0,0,0,0.345891659298251,0,0.235349242885908,0,0.321119651211005,0.293388285807201,0,0.237989348570506,0,0.262740582227707,0.34198464386043,0.25793319940567,0.639311336860882,0.322966801268714,0.350040656181851,0,0.317091584205627,0,0,0,0.274160695075989,0,0.373496559201455,0,0,0,0,0.373718761283143,0,0,0,0.247276002971026,0,0,0,0.38942477107048,0,0.438340139694703,0,0,0,0,0,0.346202774442163,0.334221419360903,0.394422747612,0.345918476581573,0.313509579393196,0.360929767088014,0.339054920647744,0.298506766655727,0.288043022155762
0.230138227769307,0,0.320288559715999,0.313710272312164,0.276398147527988,0,0,0,0.161310172050583,0,0,0,0,0,0,0,0.347953805923462,0.350238114595413,0.279906985431849,0,0,0,0,0,0,0,0,0,0,0,0.398022040724754,0,0,0,0,0,0.345755111177762,0,0.549118421971798,0.265061929821968,0.349202936618833,0.237989348570506,0,0,0.260877863868423,0.250882650415103,0.291473247474287,0.671041630847113,0.333791914995044,0.265672475099564,0.301537613073985,0,0,0,0.275056898593903,0,0.373548931309155,0,0,0,0,0,0.347180902957916,0.379764715621346,0,0,0,0,0,0,0,0,0,0.388567828215086,0,0,0,0,0.356315836310387,0.355505461228713,0.398029804229736,0.410907461165308,0.361121433144304,0.328020068028798,0.341276931914335,0.236398133635521,0.286547103872264
0,0,0,0,0,0,0,0,0,0,0,0,0,0,0,0,0,0,0.274987459182739,0,0,0,0,0,0,0,0,0,0,0,0,0,0,0,0,0,0,0,0,0.447590738534927,0,0,0,0,0,0,0,0,0,0,0,0,0,0,0,0,0,0,0,0,0,0,0,0,0,0,0,0,0,0,0,0,0,0,0,0,0,0,0.414479732513428,0,0.441493719816208,0,0.296312116086483,0,0.244651077522172,0,0
0,0,0,0,0.285929709672928,0,0,0,0,0,0,0,0,0,0,0,0.361233904957771,0.345958441495895,0.302519869990647,0,0,0,0,0,0,0,0,0,0,0,0,0,0,0,0,0,0,0,0,0,0.427768860350956,0.262740582227707,0.260877863868423,0,0,0,0.303391521175702,0,0.424659781985813,0,0,0,0,0,0.2859907746315,0,0,0,0,0,0,0,0,0,0,0,0,0,0,0,0,0,0,0.420711398124695,0,0,0,0,0.360238164663315,0.444118109441573,0,0.443097949028015,0.24917722294728,0.272216990590096,0.237291805659022,0,0
0,0,0,0.310412759843626,0,0.290859583765268,0,0,0,0.270320614178975,0,0,0,0,0,0,0.391155332326889,0.343839466571808,0.341894799651522,0.349841477292957,0,0,0,0,0,0,0,0,0,0,0,0,0,0,0,0.273942313798062,0,0.340249662597974,0,0.283071184837365,0.435285538434982,0.34198464386043,0.250882650415103,0,0,0,0,0.254238247871399,0.244760170578957,0.238856911361218,0,0.301035982370377,0,0,0,0.290009833872318,0,0.316219817847013,0,0,0,0,0.330050581488116,0,0,0,0,0,0,0,0,0,0.357844520439493,0,0,0,0,0,0.277684498085311,0,0.386382778814016,0,0.32958797800659,0.339512348175049,0.343525904540411,0,0
0,0,0.247773692011833,0,0.248178984224796,0.28216278553009,0,0,0,0,0.298257812857628,0,0,0,0,0,0.319137908518314,0.351410001516342,0.343520259672357,0,0.317885917696086,0,0,0,0,0,0,0,0,0,0.348049248640354,0,0,0,0,0.28063677251339,0.271261305804272,0,0.274588186632503,0,0.254165227181817,0.25793319940567,0.291473247474287,0,0.303391521175702,0,0,0.269045792520046,0.303584250587004,0,0.24504017829895,0,0,0,0,0,0.343075981871648,0,0,0,0,0,0,0.335302786836596,0,0,0,0,0,0,0,0,0,0.385729137394163,0,0,0,0,0.338710784912109,0.311947015553676,0,0.457711655672614,0.32373082148495,0.342058017849922,0.329670832372361,0,0.352892398834229
0,0,0,0.283985413610935,0,0.279541272670031,0,0,0,0.319219470024109,0,0,0,0,0,0,0,0,0,0,0,0,0,0,0,0,0,0,0,0,0,0.48829907311219,0.534739050048737,0.506447688697174,0.535386896278981,0.220754801271818,0.250091596058121,0.567157218622607,0.412517355410037,0.260501559823751,0.324425846338272,0.639311336860882,0.671041630847113,0,0,0.254238247871399,0.269045792520046,0,0.478377202344525,0.548208220878663,0,0.289641976356506,0,0,0,0.292428761720657,0,0.309942632913589,0,0,0,0,0.25533439218998,0,0,0,0,0,0,0,0,0,0,0,0.47726496932783,0.362389412016896,0.296213884494807,0.288166085741034,0.40568204260258,0.395911277946929,0.513857720748467,0.484353782304751,0.575310224708219,0,0.430548401894393,0,0
0.166992075716373,0,0.186559938518944,0,0.258733496069908,0,0,0,0.195724233090878,0,0.325481057167053,0,0,0,0.15136031806469,0,0.373099446296692,0.378060032924016,0.409399583528602,0,0.277609303593636,0,0.231721906077783,0,0.191629886627197,0,0,0,0,0,0.319431940714518,0,0.448288261890411,0.668982470857686,0.563456482008884,0.238338127732277,0.291835642673753,0,0.347033549157768,0,0.26687077379406,0.322966801268714,0.333791914995044,0,0.424659781985813,0.244760170578957,0.303584250587004,0.478377202344525,0,0.312203652583636,0.286874614655972,0,0,0,0.236187482961511,0,0.311953373891967,0,0.215989261865616,0,0.240744466228145,0,0.419948637485504,0.326826124028726,0,0.255911815582117,0,0.305622092581221,0,0.269958812162417,0,0.279135713234861,0,0.352151191234589,0,0.418648988008499,0,0,0.259872832894325,0.294536517979192,0,0.3799665766327,0.429877525361331,0.378619734730039,0.362983342305678,0,0.326185584068298
0,0.242218124647351,0,0.255135336490435,0,0.27450293302536,0,0,0,0.226124913742145,0,0,0,0,0,0,0,0,0.359210687875748,0,0,0.27679724048037,0,0.256505869328976,0,0,0,0,0,0,0,0,0,0.573282583763725,0,0.29534423209372,0,0.282844912847236,0,0.253742500600232,0,0.350040656181851,0.265672475099564,0,0,0.238856911361218,0,0.548208220878663,0.312203652583636,0,0,0.280292850401666,0,0,0,0.215387340854196,0,0.364885673858225,0,0.368883955635523,0,0.193116637713769,0.335282726633933,0,0.292864501230664,0,0.21901426965096,0,0.340427178757411,0,0.335995519835994,0,0.395612554690417,0,0.582841515541077,0,0,0,0.364950974908742,0,0.362656252086163,0,0.408989622967558,0.354986131191254,0.345794820245066,0.414417162537575,0
0,0,0.243601287786777,0,0.213616010850494,0,0.183387283660188,0,0.155603187235251,0,0.274166017770767,0,0.257819786667824,0,0.154639960991012,0,0,0,0.287183880805969,0,0.314334938509597,0,0,0,0,0,0,0,0,0,0.339186519384384,0,0,0,0,0,0.330383837223053,0,0,0,0,0,0.301537613073985,0,0,0,0.24504017829895,0,0.286874614655972,0,0,0,0.170867917127907,0,0.171364563352921,0,0.300069074273635,0,0.242238350409679,0,0.196693067039762,0,0,0.353581899140455,0,0,0,0,0,0,0,0,0,0.352470378081004,0,0,0,0,0,0.327294483780861,0,0.366201508045197,0.190425049802542,0.206533059477806,0.32187869726915,0,0.301069408655167
0,0.219711273908615,0,0.269459771548773,0.289826601743698,0.207412263392367,0,0.220489076205662,0,0.170235514640808,0,0.281091908613841,0,0,0,0.183453807059456,0,0,0.288357824087143,0.312389837370978,0,0,0,0,0,0,0,0,0,0,0,0,0,0,0,0.303554892539978,0,0,0,0.292284741997719,0,0.317091584205627,0,0,0,0.301035982370377,0,0.289641976356506,0,0.280292850401666,0,0,0,0.231879345877632,0,0.247938218441876,0,0.291940267941805,0,0.244636557739356,0,0.240879424980709,0.381757121819716,0,0,0,0,0,0,0,0,0,0.3179050385952,0,0,0,0,0,0.3226497605443,0,0.368511646986008,0,0.209754255459164,0.173568283518155,0.314975052871512,0.27966096997261,0
0,0,0,0,0.210040419034555,0,0.249427800255391,0,0,0,0.2829219493128,0,0,0,0,0,0,0,0,0,0.233792046183034,0,0,0,0,0,0,0,0,0,0,0,0,0,0,0,0,0,0,0,0,0,0,0,0,0,0,0,0,0,0.170867917127907,0,0,0,0,0,0.213451555546592,0,0,0,0,0,0,0.262973149065618,0,0,0,0,0,0,0,0,0,0,0,0,0,0,0,0,0,0,0.197418164299882,0,0.286619663238525,0,0
0,0,0,0,0,0.194403478503227,0,0.224370814529546,0,0,0,0.182587911685308,0,0.257006861269474,0,0,0,0,0,0.197893014550209,0,0,0,0,0,0,0,0,0,0,0,0,0,0,0,0,0,0,0,0,0,0,0,0,0,0,0,0,0,0,0,0.231879345877632,0,0,0,0,0,0.239709644608833,0,0.255122099071741,0,0,0.212555503667291,0,0,0,0,0,0,0,0,0,0,0,0,0,0,0,0.343820035457611,0,0,0,0.153890691697598,0,0,0,0
0.241531159454039,0,0.198352440482094,0,0.186424891650677,0,0,0,0.230315007849646,0,0,0,0,0,0.209159910021459,0,0,0,0,0,0,0,0,0,0.206851679202798,0,0.20027451813221,0,0,0,0,0,0,0,0.337410181760788,0,0,0,0.360108546339549,0,0,0,0.275056898593903,0,0.2859907746315,0,0,0,0.236187482961511,0,0.171364563352921,0,0,0,0,0,0.267587045828501,0,0,0,0.239706152379513,0,0,0,0,0,0,0.30886004485336,0,0,0,0,0,0.339203536510468,0,0,0,0.288884550333023,0,0.281553626060486,0,0.347309315772836,0.182882628854244,0,0.327157363295555,0,0.285948008298874
0,0.16897262789309,0,0.231701579083752,0,0.205373602360487,0,0,0,0.261132808197467,0,0,0,0,0,0.223624750136215,0,0,0,0,0,0.40186396241188,0,0.269587537871217,0,0,0,0,0,0,0,0,0,0,0,0.261517070233822,0,0.350621710220973,0,0.314003974199295,0,0.274160695075989,0,0,0,0.290009833872318,0,0.292428761720657,0,0.215387340854196,0,0.247938218441876,0,0,0,0,0,0.288767121732235,0,0.269793023665746,0,0.252229801671846,0.366899728775024,0,0,0,0.306199856102467,0,0,0,0,0,0.328701257705688,0,0,0,0,0,0.292256826162338,0,0.364746711979285,0,0.252411643121423,0.394675493240356,0.305247071946683,0.195576447248459,0
0,0,0.345848278807742,0,0.291079360246658,0,0.230324136084675,0,0.296314731240273,0,0.240203600903849,0,0,0,0.185714513063431,0,0,0,0.478018758818507,0,0.313283016999899,0,0,0,0,0,0,0,0.305376405225081,0,0.287646974043367,0,0,0,0,0.323079288005829,0.246185897996551,0,0.189600800888406,0,0.323065986466962,0,0.373548931309155,0,0,0,0.343075981871648,0,0.311953373891967,0,0.300069074273635,0,0.213451555546592,0,0.267587045828501,0,0,0,0.274709332281271,0,0.216957919299603,0,0,0.356523493304849,0,0,0,0,0,0,0,0,0,0.364205860993281,0,0,0,0,0,0.33053727638665,0,0.455102490261197,0.27294781187754,0.36515399813652,0.381558930664732,0,0.3930516536685
0,0.338965445756912,0,0.333784285187721,0,0.25126981309482,0,0.214161660395703,0,0,0,0.211059704313168,0,0.195207953453064,0,0,0,0,0.406165158748627,0.253491253865992,0,0,0,0,0,0,0,0,0,0.166286713381608,0,0,0,0,0,0.283368246422874,0,0.177682242925885,0,0.299580885304345,0,0.373496559201455,0,0,0,0.316219817847013,0,0.309942632913589,0,0.364885673858225,0,0.291940267941805,0,0.239709644608833,0,0.288767121732235,0,0,0,0.28881661851863,0,0.291009820997715,0.310127419578402,0,0,0,0,0,0.414382437864939,0,0.331003574710904,0,0.3245875141728,0,0,0,0,0,0.334907549477759,0,0.309351482469103,0,0.221675659396819,0.408715546131134,0.353746206204968,0.369437366724014,0
0,0,0,0,0.293973604838053,0,0.263688895053097,0,0,0,0.311923817434209,0,0.223815865809333,0,0.154630756803921,0,0,0,0,0,0,0,0,0,0,0,0,0,0.182982251048088,0,0,0,0,0,0,0,0,0,0,0,0,0,0,0,0,0,0,0,0.215989261865616,0,0.242238350409679,0,0,0,0,0,0.274709332281271,0,0,0,0.193966787308455,0,0,0,0,0,0,0,0,0,0,0.204925250411034,0,0,0,0,0,0,0,0,0,0.352406948804855,0.245823288247699,0,0.421925601032045,0,0
0,0,0,0.27963332984692,0,0.220404290727207,0,0.150128383721624,0,0,0,0.188806802828292,0,0.237099133007718,0,0.217421366887934,0,0,0,0,0,0,0,0,0,0,0,0.25978278927505,0,0,0,0,0,0,0,0,0,0,0,0.268065005540848,0,0,0,0,0,0,0,0,0,0.368883955635523,0,0.244636557739356,0,0.255122099071741,0,0.269793023665746,0,0.28881661851863,0,0,0,0.306361988857389,0.309385746717453,0,0,0,0,0,0.42811755680005,0,0.281345739883141,0,0,0,0,0,0,0,0.315757046143214,0,0,0,0.205636526457965,0.219010412693024,0.332191107760776,0,0
0.246149408817291,0,0,0,0.149075196186701,0,0,0,0.162909181522472,0,0,0,0,0,0.174009973673444,0,0.202656232226979,0,0,0,0,0,0,0,0.178643555759074,0,0.164938911795616,0,0,0,0,0,0,0,0,0,0,0,0,0,0,0,0,0,0,0,0,0,0.240744466228145,0,0.196693067039762,0,0,0,0.239706152379513,0,0.216957919299603,0,0.193966787308455,0,0,0,0,0,0,0,0,0.225567583680153,0,0.233688301872462,0,0,0,0,0,0,0,0,0,0,0,0,0.185127432732021,0.194166630506516,0,0,0
0,0.169538394519777,0,0.257548362016678,0,0,0,0,0,0.257168653710135,0,0,0,0.206570508579413,0,0.180390967527427,0,0,0,0,0,0,0,0.193393608927727,0,0.187880232930183,0,0,0,0,0,0,0,0,0,0,0,0,0,0,0,0,0,0,0,0,0,0,0,0.193116637713769,0,0.240879424980709,0,0,0,0.252229801671846,0,0.291009820997715,0,0.306361988857389,0,0,0,0,0,0,0.186041730527694,0,0.32413704562478,0,0.4440514087677,0,0,0,0,0,0,0,0,0,0,0,0.18916679129881,0,0.280076116323471,0,0
0,0.342107653617859,0,0.296169962733984,0,0.27056360989809,0,0.181830915311972,0,0.267695039510727,0,0.179033968405625,0,0,0,0,0.379488408565521,0.343892231583595,0.390293969006478,0.260755446858536,0,0,0,0,0,0,0,0,0,0,0,0,0,0,0,0.221771863920645,0.409993767738342,0.245898214124498,0,0.263497103777799,0,0.373718761283143,0.347180902957916,0,0,0.330050581488116,0,0.25533439218998,0.419948637485504,0.335282726633933,0,0.381757121819716,0,0.212555503667291,0,0.366899728775024,0,0.310127419578402,0,0.309385746717453,0,0,0,0,0,0,0,0,0,0,0.337112616499265,0,0.344586147206861,0,0,0,0,0,0.292660736239007,0.344791491826375,0.354023647340593,0,0.271796240939034,0.340275577136448,0.383841603408419,0.419567147890727,0
0,0,0.342513352632523,0,0.335451467137739,0,0.19917082725739,0,0,0,0.26255912775487,0,0,0,0,0,0,0.378443688154221,0.39326565230594,0,0.231930392258623,0,0,0,0,0,0,0,0.361631512641907,0,0.365705821414789,0,0,0,0,0,0.221112938111375,0,0.228115817531943,0,0.335425283866269,0,0.379764715621346,0,0,0,0.335302786836596,0,0.326826124028726,0,0.353581899140455,0,0.262973149065618,0,0,0,0.356523493304849,0,0,0,0,0,0,0,0,0,0,0,0,0,0,0,0,0.379377424254898,0,0,0,0,0,0.30696552236871,0,0.36923428980394,0.21176830062812,0,0.360735800888895,0,0.38386973841437
0,0,0,0,0,0,0,0,0,0.281160771846771,0,0,0,0,0,0,0,0.144710789900273,0,0,0,0.238979926304155,0.179128780961037,0.262826081796696,0,0.275030286688554,0,0.175125367939472,0,0,0,0,0,0,0,0,0,0.294325712572486,0,0,0,0,0,0,0,0,0,0,0,0.292864501230664,0,0,0,0,0,0,0,0,0,0,0,0,0,0,0,0,0.23486766746411,0,0.297575355457836,0,0.296787269528096,0,0.323422085493803,0,0,0,0,0,0,0,0.294828243788471,0,0.212213580361728,0.190769219398499,0.346447191068104,0,0
0,0,0,0,0,0,0,0,0,0,0,0,0,0,0,0,0,0,0,0,0,0,0.225690471080981,0,0.202421702670329,0,0.245269685983658,0,0.238397559965098,0,0,0,0,0,0,0,0,0,0.190243951637637,0,0,0,0,0,0,0,0,0,0.255911815582117,0,0,0,0,0,0,0,0,0,0,0,0,0,0,0,0,0,0,0.277739031861226,0,0.203600985131093,0,0.287364138568555,0,0.387206594149272,0,0,0,0,0,0,0,0.304125669364179,0.186048136817084,0,0.306301265954971,0,0
0,0,0,0,0,0,0,0,0,0.283863739834891,0,0,0,0,0,0.194778215140104,0,0,0,0,0,0.234938838888728,0,0.228022486496602,0,0.210226071578391,0,0,0,0,0,0,0,0,0,0,0,0.309957815483472,0,0,0,0.247276002971026,0,0,0,0,0,0,0,0.21901426965096,0,0,0,0,0,0.306199856102467,0,0,0,0,0,0.186041730527694,0,0,0.23486766746411,0,0,0,0.26622121199602,0,0,0,0,0,0,0,0,0,0,0,0.318476219578545,0,0.154908336699009,0,0.318329728733809,0,0
0,0,0,0,0,0,0,0,0.230873420834541,0,0,0,0,0,0.226215124130249,0,0,0,0,0,0,0,0.161860406398773,0,0.197702370962854,0,0.183199200034142,0,0,0,0,0,0,0,0,0,0,0,0.309737471618303,0,0,0,0,0,0,0,0,0,0.305622092581221,0,0,0,0,0,0.30886004485336,0,0,0,0,0,0.225567583680153,0,0,0,0,0.277739031861226,0,0,0,0.238874909281731,0,0,0,0,0,0,0,0,0,0,0,0.292454965199743,0.182231539594276,0,0.360947746945464,0,0
0,0,0,0,0,0,0,0,0,0.192174687981606,0,0,0,0.245082865158717,0,0.199992490311464,0,0.201207304994265,0,0,0,0.262548813104995,0,0.234357134619002,0,0.246608932802841,0,0.231665230209722,0,0,0,0,0,0,0,0,0,0,0,0,0,0,0,0,0,0,0,0,0,0.340427178757411,0,0,0,0,0,0,0,0.414382437864939,0,0.42811755680005,0,0.32413704562478,0,0,0.297575355457836,0,0.26622121199602,0,0,0,0.380587151922318,0,0,0,0,0,0,0,0,0,0,0,0.204529829323292,0,0,0,0
0,0,0,0,0,0,0,0,0.178306513598987,0,0,0,0,0,0.195928207465581,0,0.16659434704945,0,0,0,0,0,0.185204586812428,0,0.184499050322615,0,0.179660496513354,0,0.209806402142231,0,0,0,0,0,0,0,0,0,0,0,0,0,0,0,0,0,0,0,0.269958812162417,0,0,0,0,0,0,0,0,0,0,0,0.233688301872462,0,0,0,0,0.203600985131093,0,0.238874909281731,0,0,0,0.325321448532489,0,0,0,0,0,0,0,0,0,0,0.182247282370277,0,0,0,0
0,0,0,0.345667123794556,0,0,0,0,0,0.299253776669502,0,0,0,0.264283018186688,0,0,0,0.214483644813299,0,0,0,0.26250076431036,0,0,0,0.209977569058537,0,0.236878955235846,0,0.270846430744444,0,0,0,0,0,0.295245707035065,0,0.275480574667454,0,0,0,0.38942477107048,0,0,0,0,0,0,0,0.335995519835994,0,0,0,0,0,0,0,0.331003574710904,0,0.281345739883141,0,0.4440514087677,0.337112616499265,0,0.296787269528096,0,0,0,0.380587151922318,0,0,0,0.33889679685235,0,0,0,0,0,0.308070016758783,0,0.291613361628159,0,0.221160904927687,0.167454446355502,0.366779344528913,0,0
0,0,0,0,0,0,0,0,0,0,0,0,0.198009982705116,0,0,0,0,0,0,0,0,0,0.265898064354459,0,0,0,0.25396505849702,0,0.234662399624789,0,0,0,0,0,0,0,0,0,0,0,0,0,0,0,0,0,0,0,0.279135713234861,0,0,0,0,0,0,0,0,0,0.204925250411034,0,0,0,0,0,0,0.287364138568555,0,0,0,0.325321448532489,0,0,0,0.303104339461578,0,0,0,0,0,0,0,0.304276726598984,0.195231206715107,0,0,0,0
0,0,0,0.362739795240863,0,0.322354644536972,0,0,0,0.329878598451614,0,0.25028027010837,0,0,0,0,0,0,0.420442517314638,0.268409092878473,0,0.307457891879258,0,0,0,0,0,0.205788840381604,0,0.240587008141866,0,0,0,0,0,0.322128884494305,0.381034702062607,0.20388087933141,0,0.294163031710519,0,0.438340139694703,0,0,0,0.357844520439493,0,0,0,0.395612554690417,0,0.3179050385952,0,0,0,0.328701257705688,0,0.3245875141728,0,0,0,0,0.344586147206861,0,0.323422085493803,0,0,0,0,0,0.33889679685235,0,0,0,0,0,0,0,0.306640053788821,0,0.294388404362638,0,0.39870198071003,0.405621230602264,0.392745303596089,0.414509226878484,0
0.465105175971985,0,0.389422995612976,0,0.335573079188665,0,0,0,0.350722312927246,0,0.298735516187217,0,0,0,0,0,0.422029569745064,0,0.467041645009639,0,0.379444448947907,0,0,0,0,0,0,0,0.191456869817697,0,0.263495942611834,0,0,0,0,0,0.313057512044907,0,0.290354364448124,0,0.346374886600595,0,0.388567828215086,0,0.420711398124695,0,0.385729137394163,0,0.352151191234589,0,0.352470378081004,0,0,0,0.339203536510468,0,0.364205860993281,0,0,0,0,0,0,0.379377424254898,0,0.387206594149272,0,0,0,0,0,0.303104339461578,0,0,0,0,0,0,0,0.349188554995131,0,0.345528770179029,0.418464316709622,0.3337721824646,0.449139259715769,0,0.399842416131219
0,0,0,0,0,0,0,0,0,0,0,0,0,0,0,0,0,0,0,0,0,0,0,0,0,0,0,0,0,0,0,0.247221738054136,0.140657284628537,0.234744091828664,0.142977431416512,0.201665926420567,0.15173651278019,0,0,0,0,0,0,0,0,0,0,0.47726496932783,0,0.582841515541077,0,0,0,0,0,0,0,0,0,0,0,0,0,0,0,0,0,0,0,0,0,0,0,0,0,0.251108765602112,0.331073764644697,0,0.248290880933381,0,0,0,0.168800083454698,0,0,0,0
0,0,0,0,0,0,0,0,0,0,0,0,0,0,0,0,0,0,0,0,0,0,0,0,0,0,0,0,0,0,0,0.274172873164599,0.383379585008777,0,0.274558314700532,0,0.225145671177994,0,0,0,0,0,0,0,0,0,0,0.362389412016896,0.418648988008499,0,0,0,0,0,0,0,0,0,0,0,0,0,0,0,0,0,0,0,0,0,0,0,0,0,0.251108765602112,0,0,0.311689647729509,0,0.239487346169377,0,0,0.255040202355432,0,0,0,0
0,0,0,0,0,0,0,0,0,0,0,0,0,0,0,0,0,0,0,0,0,0,0,0,0,0,0,0,0,0,0,0.233954453840852,0.14042704552412,0.241653238944525,0.155898488230175,0.214747402945469,0,0.261719893468054,0,0,0,0,0,0,0,0,0,0.296213884494807,0,0,0,0,0,0,0,0,0,0,0,0,0,0,0,0,0,0,0,0,0,0,0,0,0,0,0.331073764644697,0,0,0.153727304190397,0.315154096473836,0,0.339219197374518,0,0.206572221769463,0,0,0,0
0,0,0,0,0,0,0,0,0,0,0,0,0,0,0,0,0,0,0,0,0,0,0,0,0,0,0,0,0,0,0,0,0.240028667939852,0.182658140336611,0.267334043765054,0.180240087211132,0.236545527544072,0,0.248548833698761,0,0,0,0,0,0,0,0,0.288166085741034,0,0,0,0,0,0,0.288884550333023,0,0,0,0,0,0,0,0,0,0,0,0,0,0,0,0,0,0,0,0,0.311689647729509,0.153727304190397,0,0,0.351546636077081,0,0.316306502484733,0.202856448383964,0,0,0,0
