0,0,5.43702003184487,0,0,0,0,0,5.97014820637695,0,0,0,0,0,3.54835249696459,0,0,0,16.2865075469017,0,0,0,0,0,3.56398059427738,0,3.78935277462006,0,0,0,0,0,0,0,0,0,0,0,0,0,0,0,17.1072425842285,0,0,0,0,40.0605812072754,5.14736280771402,0,0,0,0,0,6.18526853741826,0,0,0,0,0,4.02496527762435,0,0,0,0,0,0,0,0,3.77651178425756,0,0,0,0,0,0,0,0,0,0,0,0,6.31946817555102,0,4.27643183848304,0,0
0,0,0,3.87545796342798,0,9.70002269744873,0,0,0,5.08637432181444,0,0,0,0,0,3.7504448890686,0,0,9.71168963114421,0,0,0,0,8.21958541870117,0,0,0,0,0,0,0,0,0,0,0,0,0,31.4337673187256,0,0,0,9.16283467610677,0,0,0,0,0,46.7829513549805,57.3452377319336,4.52931981736963,0,7.17269706726074,0,0,0,4.31439596671588,0,0,0,0,0,4.01577043533325,0,0,0,0,0,0,0,0,0,0,0,0,0,0,48.0773086547852,0,0,0,0,0,3.98956603474087,0,6.24663018721801,9.26258028470553,0
5.43702003184487,0,0,0,11.5111889839172,0,0,0,7.69410979747772,0,0,0,0,0,0,0,0,106.391555786133,58.8882751464844,0,28.3023408253988,0,0,0,0,0,0,0,0,0,0,0,0,0,0,0,33.3688507080078,0,0,0,44.9487642560686,0,36.0951778758656,0,0,0,19.4862450237932,50.127254486084,31.0050216913223,0,4.17328866322835,0,0,0,5.4895502045041,0,14.6442240413867,0,0,0,0,0,0,32.3137108802795,0,0,0,0,0,0,0,0,0,37.0499358858381,0,0,0,0,0,72.4403686523438,0,38.660572052002,8.91996380445119,0,10.3302413476519,0,0
0,3.87545796342798,0,0,0,12.3336863879001,0,0,0,4.26811140759954,0,0,0,0,0,4.48097858905792,78.3119201660156,106.196884155273,0,0,0,0,0,0,0,0,0,0,0,0,0,0,0,45.2220306396484,0,55.9094619750977,92.0908584594727,0,0,40.1453169504801,0,40.5087232589722,55.0943069458008,27.8014707565308,0,15.5586155873758,0,46.6853196280343,37.9900601704915,41.4800169251182,0,3.87533353356754,0,0,0,3.04409530698037,0,32.3155792781285,0,0,0,3.3327996134758,40.8201236724854,0,0,0,0,0,0,0,0,0,44.4892578125,77.704704284668,0,0,53.585992540632,0,75.0925521850586,67.8785171508789,40.6885865529378,0,12.871033495751,15.621675491333,9.85337987289429,92.9609069824219,0
0,0,11.5111889839172,0,0,0,2.88071146607399,0,3.80057389280769,0,36.6683548688889,0,0,0,0,0,98.7602233886719,0,98.9712727864583,0,7.47400169485197,0,0,0,0,0,0,0,0,0,0,0,59.8448219299316,0,61.0988521575928,0,35.0753542014531,0,46.1473216247559,0,46.5588966475593,109.468818664551,46.0534301620346,0,0,0,26.5109764940598,52.3519862890244,47.4887871045745,0,3.60564874278174,0,2.73879480361938,0,3.91002644642745,0,35.3961788327241,0,0,0,0,0,0,14.5864703605572,0,0,0,0,0,0,0,0,0,41.7609060035562,0,0,0,0,0,50.0343953377289,85.4191207885742,51.3403693431645,8.11518586129459,0,27.1576635290165,0,42.6168918609619
0,9.70002269744873,0,12.3336863879001,0,0,0,3.89389932900667,0,3.69951504534901,0,0,0,5.79312760489328,0,3.30294108390808,71.9769096374512,0,92.538820539202,0,0,0,0,0,0,0,0,0,0,0,0,0,0,55.2912921905518,0,19.7372030700956,0,0,0,41.4136247402284,0,62.5005306788853,61.1602783203125,31.0034008026123,0,21.8946373800798,50.6072692871094,47.6290581935161,47.3394586122953,42.1089593230701,0,3.79135108947754,0,3.29319027132458,0,3.77555998563766,0,7.76469656626383,0,4.44325616088931,0,3.42124225543095,15.456806734318,0,0,0,0,0,0,0,0,0,0,0,0,0,57.0727725309484,0,35.2391021682555,71.886547088623,66.7338047027588,0,5.21963564776488,0,32.2306677664027,84.5292714436849,59.0792598724365
0,0,0,0,2.88071146607399,0,0,0,0,0,4.21482425076621,0,0,0,0,0,0,0,0,0,0,0,0,0,0,0,0,0,0,0,0,0,0,0,0,0,0,0,0,0,0,0,0,0,0,0,0,0,0,0,2.84889319309822,0,3.02816763520241,0,0,0,4.44572973251343,0,0,0,0,0,0,0,0,0,0,0,0,0,0,0,0,0,0,0,0,0,0,0,0,0,2.93517127584239,0,0,0,0
0,0,0,0,0,3.89389932900667,0,0,0,0,0,3.02950487818037,0,4.86322797882942,0,0,0,0,0,0,0,0,0,0,0,0,0,0,0,0,0,0,0,0,0,0,0,0,0,0,0,0,0,0,0,0,0,0,0,0,0,4.14442110548214,0,3.32360978533582,0,0,0,11.1199731826782,0,4.45899492672511,0,0,0,0,0,0,0,0,0,0,0,0,0,0,0,0,0,0,0,0,0,0,3.68459557996365,0,0,0,0
5.97014820637695,0,7.69410979747772,0,3.80057389280769,0,0,0,0,41.9581748962402,44.0810432434082,0,0,0,3.97809641871286,0,23.8758335300374,44.22082431046,19.727256189143,0,0,0,0,42.6922550201416,9.97865726979293,69.8564834594727,8.84387191363743,0,0,0,0,0,0,0,0,0,0,0,4.86257633318504,60.1211828751998,52.357484181722,62.2891200138972,36.6124383653913,37.0758171081543,0,44.8550777435303,39.8309762318929,31.0488796234131,9.16374866555377,0,3.06223827600479,0,0,0,4.02377177369759,43.9524059295654,32.3192757765452,0,0,0,3.78237340916162,0,62.940242767334,43.3757133483887,0,0,0,3.57863815625509,0,5.84548187255859,0,0,0,45.0653190612793,0,0,64.4135437011719,0,70.7368240356445,59.7711043724647,61.7461891174316,23.4612503194809,14.0395066204772,0,11.349628535055,67.7411117553711,33.3675180162702
0,5.08637432181444,0,4.26811140759954,0,3.69951504534901,0,0,41.9581748962402,0,0,0,0,0,0,4.82908669456107,38.6052325005625,27.094128128082,19.2945690949758,0,0,0,0,5.29868924057724,76.9796924591064,28.8249527613322,0,0,0,0,0,0,0,0,0,0,0,8.15458435362036,91.3493423461914,92.5111618041992,96.6812973022461,5.17296090390947,71.2767486572266,0,0,0,0,0,0,0,0,4.9274903734525,0,0,0,4.08161379762999,0,0,0,4.72021906375885,0,9.54319469682101,0,0,0,0,2.74940848350525,0,32.8712400027684,0,0,0,0,0,0,0,0,0,0,89.2558364868164,14.2813628034772,87.2209930419922,7.56778067799567,10.4835651715597,4.98539633154869,3.04618704319,0
0,0,0,0,36.6683548688889,0,4.21482425076621,0,44.0810432434082,0,0,0,3.59769368171692,0,0,0,77.809391784668,87.352466583252,56.1752921795023,0,5.87607647909606,0,0,0,0,0,0,0,0,0,5.17090660288818,0,0,0,0,0,8.17852624958637,0,3.91211546777369,113.769744873047,39.5667664454534,56.2240905761719,34.8478994016294,0,45.7670440673828,56.572925567627,27.0557344336259,46.289623260498,51.9964385986328,0,40.6028823852539,0,3.71380057701698,0,0,0,4.93087257225312,0,0,0,0,0,0,10.3824092545087,0,0,0,0,0,58.7693481445312,0,0,0,27.1620759963989,0,0,0,0,0,12.1729339573679,72.2462310791016,31.1764891222119,8.6818170256731,0,28.6123184950455,0,17.3171257972717
0,0,0,0,0,0,0,3.02950487818037,0,0,0,0,0,3.19973000476235,0,0,0,0,76.2631988525391,3.90782617267809,0,0,0,0,0,0,0,0,0,3.04685538344913,0,0,0,0,0,3.28042721748352,0,4.23832346258423,0,36.5605842590332,0,18.5287504196167,0,0,0,9.86720788020354,0,32.3473625183105,0,0,0,0,0,0,0,0,0,5.47827332299385,0,3.73493195261274,0,0,6.47359763108767,0,0,0,0,0,0,0,0,0,4.40482522249222,0,0,0,0,0,42.9703125726609,0,6.48132354129444,0,3.98226005975219,0,8.2619490702947,0,0
0,0,0,0,0,0,0,0,0,0,3.59769368171692,0,0,0,2.74975395202637,0,0,0,0,0,0,0,0,0,0,0,0,0,0,0,0,0,0,0,0,0,0,0,0,0,0,0,0,0,0,0,0,0,0,0,0,0,0,0,0,0,4.23608016967773,0,4.60116583506266,0,0,0,0,0,0,0,0,0,0,0,0,0,0,0,0,0,0,0,0,0,0,0,2.74551200866699,0,0,0,0
0,0,0,0,0,5.79312760489328,0,4.86322797882942,0,0,0,3.19973000476235,0,0,0,5.13906037807465,44.8855781555176,16.6049899871533,0,0,0,23.2117309570312,0,21.2910623550415,0,0,0,3.09714520545233,0,0,0,0,0,0,0,0,0,0,0,0,0,0,0,0,0,0,0,0,0,0,0,6.469249612194,0,3.65515009562174,0,0,0,8.49340428352356,0,4.07270702678987,0,3.57603211159056,0,0,0,0,0,0,2.94132304191589,0,2.87899419996474,0,0,0,0,0,0,0,0,0,0,0,6.19732109208902,3.35324774469648,0,0,0
3.54835249696459,0,0,0,0,0,0,0,3.97809641871286,0,0,0,2.74975395202637,0,0,0,17.2684676229954,51.905638800727,32.7116451263428,0,0,0,0,0,8.14916045015508,0,7.0872964726554,0,0,0,0,0,0,0,0,0,0,0,0,0,0,97.0320358276367,0,0,0,0,0,0,0,98.0546112060547,4.20993089675903,0,0,0,3.62309585652261,0,0,0,2.86673508371626,0,4.14694951194863,0,0,0,0,0,0,4.19961881637573,0,0,0,0,0,0,0,0,0,0,129.639923095703,74.8556518554688,0,0,15.9894642110855,10.5980954647064,0,0,0
0,3.7504448890686,0,4.48097858905792,0,3.30294108390808,0,0,0,4.82908669456107,0,0,0,5.13906037807465,0,0,48.2400831222534,13.3980108878652,33.8019089331994,0,0,0,0,26.2253546714783,0,6.21566941632944,0,6.72576093673706,0,0,0,0,0,0,0,0,0,0,0,0,0,0,0,0,0,0,0,0,0,3.2472861289978,0,4.31904062202999,0,0,0,0,0,5.41262769699097,0,4.29345791226342,0,3.33118434673746,0,0,0,0,0,0,7.10561391830444,0,0,0,0,0,0,0,0,0,0,110.544296264648,0,0,9.34661478320445,6.38978515352522,0,0,0
0,0,0,78.3119201660156,98.7602233886719,71.9769096374512,0,0,23.8758335300374,38.6052325005625,77.809391784668,0,0,44.8855781555176,17.2684676229954,48.2400831222534,0,31.762633530296,28.5508993610872,0,0,30.5735268504531,6.89143147320382,31.4222989651041,24.088542410399,44.6924119095008,13.0457509368213,46.754955291748,6.39742341637611,0,0,0,0,97.5662200927734,0,90.2533435821533,88.9451503753662,0,70.9550857543945,80.6662309895391,76.2646805335735,76.5424842834473,58.3283113153969,65.6726820468903,51.2459201812744,77.6603736877441,70.6264437720889,94.6099497477214,84.1756286621094,101.797577381134,0,0,0,0,0,44.3977993011475,75.1753266652425,79.7518997192383,0,0,14.231590952192,47.3694741220185,0,111.994468688965,33.6918678283691,18.0070636613028,44.1973783969879,0,44.7490851415842,24.4003520996674,0,0,89.8826637268066,62.5304573906793,0,0,104.992680867513,0,89.3025271892548,79.9880839312518,85.367785862514,74.4971368496235,18.804755136148,11.2117712659743,59.8635794234602,82.3823337554932,56.4221676097197
0,0,106.391555786133,106.196884155273,0,0,0,0,44.22082431046,27.094128128082,87.352466583252,0,0,16.6049899871533,51.905638800727,13.3980108878652,31.762633530296,0,26.4806033516857,72.2518005371094,0,11.6238279917191,37.582857813154,21.5616289356114,35.1243585497141,14.0985331988936,44.6282769466968,9.02037524349561,0,0,0,0,0,79.7778600056966,0,75.124027633667,124.410932922363,0,75.4816436767578,80.7358907972063,86.0449074336461,63.7747999683225,74.7515307664871,46.7750729152134,65.4961719512939,88.2894197191511,73.5708340538873,89.9335899353027,137.22265625,78.7954626983067,0,0,0,0,0,40.0534381866455,90.6479637839577,80.1167259216309,0,0,0,20.481282321685,91.4955215454102,73.6315059661865,10.5454599658648,0,23.4500530416315,0,17.8976700513946,49.4907196044922,11.1832245528698,84.7103729248047,78.6724370320638,98.104252406529,0,0,78.0789253234863,0,85.4827480404058,92.1804707987925,72.6108973724673,95.7351836002234,18.7162758237588,9.76901744612005,70.4734163858804,62.7746074676514,76.1021633148193
16.2865075469017,9.71168963114421,58.8882751464844,0,98.9712727864583,92.538820539202,0,0,19.727256189143,19.2945690949758,56.1752921795023,76.2631988525391,0,0,32.7116451263428,33.8019089331994,28.5508993610872,26.4806033516857,0,100.690010070801,51.7630772908529,41.651879119873,45.0632190704346,22.3261166881112,29.5574717304923,29.9476955364912,32.6473068757491,76.9740371704102,0,0,0,120.118141174316,0,53.8347816467285,0,58.4934110005697,75.3766208995472,54.0039367675781,52.1935832226863,56.2975640892016,50.5173176198766,40.3518306392722,37.4002394406579,14.5766857951343,19.8080402331406,51.9413260489094,39.1295770197182,48.2730163837301,55.8337149186568,55.6997420776458,48.7687225341797,0,0,0,0,25.3379901885986,48.9610582385147,50.1913070100726,0,0,23.7043552398682,25.1650764240938,54.3594618297759,48.6901161309445,112.132919311523,52.6679191589355,33.9738593101501,0,34.0075883777863,28.9521918663612,0,0,54.7847771092465,50.7122778967023,0,0,53.0034605806524,0,60.0732299192333,57.7974568963877,46.1468753121116,52.390802810932,18.4557176521648,31.7620382990156,31.759754795598,36.2162216910481,38.6358795892164
0,0,0,0,0,0,0,0,0,0,0,3.90782617267809,0,0,0,0,0,72.2518005371094,100.690010070801,0,0,0,0,0,0,0,0,0,0,0,0,0,0,48.2882881164551,52.4394378662109,3.65495713090964,0,5.06495077269418,0,34.4488233068715,0,22.1929874165853,0,17.2406806945801,0,12.3036377360812,52.7871627807617,40.4042821363969,41.5174798965454,39.9160449815833,0,0,0,0,0,0,0,4.76972844335768,0,0,0,0,6.70859448653727,0,0,0,0,0,0,0,0,0,9.36553118228912,0,0,0,51.9058923721313,0,14.6992216047072,0,14.4580253471028,0,4.73960722954043,0,17.903329949826,0,0
0,0,28.3023408253988,0,7.47400169485197,0,0,0,0,0,5.87607647909606,0,0,0,0,0,0,0,51.7630772908529,0,0,0,0,0,0,0,0,0,0,0,0,0,0,0,0,0,4.7330633854979,0,9.44624093320738,0,38.2219746112823,127.527221679688,26.3329599652972,0,0,0,20.7227864964803,49.0001449584961,50.8159163338797,0,6.49778380538478,0,0,0,0,0,7.68264062351651,0,0,0,0,0,0,6.6183745249339,0,0,0,0,0,0,0,0,0,15.0052248477936,0,0,0,65.5683364868164,0,7.31178488983593,0,8.0674506246895,4.89502061794627,0,10.0151441108506,0,29.2716455459595
0,0,0,0,0,0,0,0,0,0,0,0,0,23.2117309570312,0,0,30.5735268504531,11.6238279917191,41.651879119873,0,0,0,3.37136651374198,4.60518918945676,0,7.47521049996554,0,9.11184727902315,0,0,0,0,0,0,0,0,0,6.71281293527623,0,138.914779663086,0,39.1291809082031,79.7997665405273,0,0,44.0338439941406,0,0,0,11.7786622129489,0,0,0,0,0,0,0,18.9214044777123,0,0,0,35.166202545166,28.0005025863647,0,5.67146598282446,0,4.35911002973231,0,14.5959454458587,0,6.82791711249441,0,15.5571958312282,0,0,0,0,0,66.1956176757812,0,8.21431841592066,0,6.16899925842881,4.23260190455944,26.4573506911596,0,0
0,0,0,0,0,0,0,0,0,0,0,0,0,0,0,0,6.89143147320382,37.582857813154,45.0632190704346,0,0,3.37136651374198,0,0,2.74773955345154,0,6.04371763269107,0,7.91149646043777,0,0,0,0,0,0,0,0,0,4.39127679338351,0,0,0,0,0,0,0,0,0,5.52335106832741,0,0,0,0,0,0,0,29.2391452789307,0,0,0,0,0,0,0,2.965127825737,5.13118003128866,0,0,0,5.47863326753889,0,6.94123983383179,0,15.8233366012573,0,0,0,0,0,0,0,5.9375906754996,5.48428666519396,7.36171245574951,0,0,0
0,8.21958541870117,0,0,0,0,0,0,42.6922550201416,5.29868924057724,0,0,0,21.2910623550415,0,26.2253546714783,31.4222989651041,21.5616289356114,22.3261166881112,0,0,4.60518918945676,0,0,23.5367223421733,5.69015939677203,39.1930173238119,28.4556198120117,0,0,0,0,0,0,0,0,0,4.53060023063223,0,0,73.4921035766602,12.8002219994863,0,0,0,0,0,0,0,6.3661991045779,0,0,0,0,0,3.93178731329898,0,0,0,0,0,22.174070892334,0,0,7.13602027552468,0,4.03697855053216,0,14.992587908109,0,7.812531153361,0,0,0,0,0,0,0,80.6040573120117,0,8.28489614657636,0,6.87043800114452,30.7617985861642,15.1994205951691,0,59.3369293212891
3.56398059427738,0,0,0,0,0,0,0,9.97865726979293,76.9796924591064,0,0,0,0,8.14916045015508,0,24.088542410399,35.1243585497141,29.5574717304923,0,0,0,2.74773955345154,23.5367223421733,0,0,4.30893000137849,0,0,0,0,0,0,0,0,64.4743499755859,75.8630104064941,0,4.20215480644386,65.1725759506226,81.2644882202148,51.829831804548,38.9052509731717,0,45.9120292663574,58.7257982889811,50.9368057250977,51.7155303955078,5.20936707496643,76.6573181152344,0,0,0,0,3.97051841872079,0,51.754451751709,0,0,0,0,62.3542098999023,0,48.4564666748047,0,0,0,3.07170577508857,0,4.24166956239817,0,0,0,0,0,0,0,0,72.2873138427734,64.5451209658668,67.8693054199219,10.910461841845,8.7322961202277,51.3752326965332,17.668238401413,0,46.6011629104614
0,0,0,0,0,0,0,0,69.8564834594727,28.8249527613322,0,0,0,0,0,6.21566941632944,44.6924119095008,14.0985331988936,29.9476955364912,0,0,7.47521049996554,0,5.69015939677203,0,0,0,7.47567781601243,0,0,0,0,0,0,0,0,0,0,0,70.1433118184408,0,84.8993988037109,0,0,0,0,0,0,0,0,0,0,0,0,0,22.0371228694916,0,0,0,0,0,15.9387131929398,0,0,12.2945922851563,0,5.92353200143383,0,8.92771392184651,0,10.9585050741831,0,0,0,0,0,0,0,131.226745605469,0,57.5918731689453,0,17.9066376007497,11.3990375234021,0,0,128.060211181641
3.78935277462006,0,0,0,0,0,0,0,8.84387191363743,0,0,0,0,0,7.0872964726554,0,13.0457509368213,44.6282769466968,32.6473068757491,0,0,0,6.04371763269107,39.1930173238119,4.30893000137849,0,0,0,2.88413683573405,0,0,0,0,0,0,0,0,0,0,59.2379302978516,0,44.7011032104492,36.8366665840149,0,0,0,0,0,0,0,0,0,0,0,3.93852821334464,0,0,0,0,0,0,90.5107345581055,0,0,0,4.22679471969604,0,3.00553432251643,0,4.39340143612036,0,3.40431268287427,0,0,0,0,0,0,84.1065216064453,73.8860382080078,0,61.9475631713867,12.0030658821615,11.0613857399334,52.0895481109619,60.6920623779297,0
0,0,0,0,0,0,0,0,0,0,0,0,0,3.09714520545233,0,6.72576093673706,46.754955291748,9.02037524349561,76.9740371704102,0,0,9.11184727902315,0,28.4556198120117,0,7.47567781601243,0,0,0,3.01217039771702,0,0,0,0,0,0,0,0,0,0,0,0,0,0,0,0,0,0,0,0,0,0,0,0,0,0,0,0,0,2.96166205406189,0,0,0,0,7.88277873125943,0,0,0,8.24091962405613,0,4.92457525162089,0,0,0,0,0,0,0,0,0,7.98397737816919,0,6.38373108999665,5.99250696464018,0,0,0
0,0,0,0,0,0,0,0,0,0,0,0,0,0,0,0,6.39742341637611,0,0,0,0,0,7.91149646043777,0,0,0,2.88413683573405,0,0,0,3.64947035908699,0,0,0,0,0,0,0,2.98056763869066,0,0,0,0,0,0,0,0,0,0,0,0,0,0,0,0,0,0,0,0,0,0,0,0,0,0,7.97699300866378,0,0,0,0,0,4.30583034715345,0,0,0,0,0,0,0,0,0,4.7491941723679,2.78267221450806,3.24251325925191,0,0,0
0,0,0,0,0,0,0,0,0,0,0,3.04685538344913,0,0,0,0,0,0,0,0,0,0,0,0,0,0,0,3.01217039771702,0,0,0,0,0,0,0,0,0,5.28464697241414,0,0,0,0,0,0,0,0,0,0,0,0,0,0,0,0,0,0,0,11.0374609947205,0,0,0,0,0,0,0,0,0,0,0,0,0,0,4.89256471814336,0,0,0,0,0,0,0,4.90636888775257,0,3.81097662448883,0,0,0,0
0,0,0,0,0,0,0,0,0,0,5.17090660288818,0,0,0,0,0,0,0,0,0,0,0,0,0,0,0,0,0,3.64947035908699,0,0,0,0,0,0,0,0,0,3.77292805451613,0,0,0,0,0,0,0,0,0,0,0,0,0,0,0,0,0,11.9545477054737,0,0,0,0,0,0,0,0,0,0,0,0,0,0,0,0,4.04826786259937,0,0,0,0,0,0,0,0,0,3.20178534344929,0,0,0
0,0,0,0,0,0,0,0,0,0,0,0,0,0,0,0,0,0,120.118141174316,0,0,0,0,0,0,0,0,0,0,0,0,0,5.19260779814133,8.65321233832979,9.94122648239136,11.2021306019563,3.52527817090352,0,0,0,0,32.9031984011332,0,0,0,30.0175814628601,0,14.3990805540452,12.4832499821981,8.82999342138117,0,0,0,0,0,0,0,0,0,0,0,0,0,0,0,0,0,0,0,0,0,0,0,0,5.75611620988227,9.84771961000548,11.4659171066983,0,4.442625535859,14.8932282649746,43.5178070068359,0,4.66206516487764,0,30.3370210783822,35.3188858032227,0
0,0,0,0,59.8448219299316,0,0,0,0,0,0,0,0,0,0,0,0,0,0,0,0,0,0,0,0,0,0,0,0,0,0,5.19260779814133,0,8.81164256211753,4.63754270168451,12.1129157024881,3.05933860017032,0,0,0,30.6991695404053,35.8726348876953,64.973274230957,0,0,46.9535503387451,34.9749689102173,7.4824693927662,16.0650940031376,16.3118176460266,0,0,0,0,0,0,55.9409999847412,0,0,0,0,0,0,44.2226161956787,0,0,0,0,0,0,0,0,0,0,6.88022358046434,6.9568657729924,9.11111500622475,4.58877164846773,12.6208790610818,8.69468768209384,0,0,3.62279435725922,0,48.5241317749023,0,0
0,0,0,45.2220306396484,0,55.2912921905518,0,0,0,0,0,0,0,0,0,0,97.5662200927734,79.7778600056966,53.8347816467285,48.2882881164551,0,0,0,0,0,0,0,0,0,0,0,8.65321233832979,8.81164256211753,0,5.66154947102171,5.18593904128267,4.83001307747032,5.95469202179658,14.667998790741,26.8152633457009,0,23.4087805682064,26.1419917620145,35.9529304504395,0,30.854327421922,54.5851516723633,8.59811214005146,16.3725807374699,12.8040270991832,0,0,0,0,0,0,78.9296264648438,46.3967990875244,0,0,0,0,42.7454074859619,0,0,0,0,0,0,0,0,0,48.8436698913574,0,9.10291879348927,46.2377777099609,5.43389065009576,6.90516025034239,11.4937885783162,70.2522964477539,5.71177925587521,50.9754180908203,9.59744766750431,0,27.0144833461404,33.0696853399277,58.9848670959473
0,0,0,0,61.0988521575928,0,0,0,0,0,0,0,0,0,0,0,0,0,0,52.4394378662109,0,0,0,0,0,0,0,0,0,0,0,9.94122648239136,4.63754270168451,5.66154947102171,0,14.3024994532267,2.82612330572946,2.94330633770336,3.7347136426855,44.1821276346842,28.3274971008301,58.856881459554,12.5821905136108,0,0,39.0813375711441,36.0568724545566,6.1763513931414,9.19324276579974,18.7801717958952,58.7257423400879,0,0,0,66.5415649414062,0,58.4394969940186,0,0,0,0,0,54.0624300638835,55.2249473571777,0,0,0,0,0,0,0,0,0,0,7.27857809066772,3.70906834104168,8.59502033150435,5.51155341985405,14.9334988594055,7.37869675391543,20.8122234344482,5.25486117573411,3.27146915566149,0,43.1193312594765,47.1912078857422,0
0,0,0,55.9094619750977,0,19.7372030700956,0,0,0,0,0,3.28042721748352,0,0,0,0,90.2533435821533,75.124027633667,58.4934110005697,3.65495713090964,0,0,0,0,64.4743499755859,0,0,0,0,0,0,11.2021306019563,12.1129157024881,5.18593904128267,14.3024994532267,0,4.27618021628247,7.68949497391223,0,47.2976101835569,0,35.9775836618097,69.9443333943685,52.5665365854899,0,42.5662581544956,0,21.3477550803161,18.4384361660999,30.781968605824,0,0,0,0,0,0,124.117881774902,72.5517826080322,0,0,0,0,6.85356882895072,0,0,0,0,0,0,0,0,0,68.542501449585,0,8.85463639928235,0,6.12340088970753,0,7.48865229814109,6.78449103998583,11.387623668396,84.8851776123047,6.16650910874707,6.06351088395355,31.704402635211,39.9541805408619,62.9698295593262
0,0,33.3688507080078,92.0908584594727,35.0753542014531,0,0,0,0,0,8.17852624958637,0,0,0,0,0,88.9451503753662,124.410932922363,75.3766208995472,0,4.7330633854979,0,0,0,75.8630104064941,0,0,0,0,0,0,3.52527817090352,3.05933860017032,4.83001307747032,2.82612330572946,4.27618021628247,0,0,8.74482636596705,120.033843994141,45.7698376038495,68.2203178405762,43.0570788010307,0,0,0,41.761918383121,28.4018700543572,20.4402393129137,19.3945198059082,39.0771465301514,0,0,0,0,0,54.7624451518059,0,0,0,0,0,0,24.5603176541572,0,0,0,0,0,86.5809097290039,0,0,0,59.5372488839286,0,7.14875750108199,7.18135547637939,0,11.6878084455218,6.76785995471624,88.7722015380859,9.31336097007848,6.53155381712598,7.88684999545121,40.3291143119335,66.4026126861572,53.1043829236712
0,31.4337673187256,0,0,0,0,0,0,0,8.15458435362036,0,4.23832346258423,0,0,0,0,0,0,54.0039367675781,5.06495077269418,0,6.71281293527623,0,4.53060023063223,0,0,0,0,0,5.28464697241414,0,0,0,5.95469202179658,2.94330633770336,7.68949497391223,0,0,0,0,0,6.90573380329858,28.3993110656738,0,0,23.9025667011738,0,8.49277755815723,28.4404637813568,6.58267424752708,0,0,0,0,0,0,0,9.16239785378979,0,0,0,0,19.8607957022531,0,11.0457629314577,0,5.68195805128883,0,0,0,6.62527312748674,0,9.54775102933248,0,0,0,3.97653353954184,0,7.30084719192828,0,5.66934154148106,0,5.37163388573436,4.37197624537962,7.71920838211834,18.8394095102946,55.3984069824219
0,0,0,0,46.1473216247559,0,0,0,4.86257633318504,91.3493423461914,3.91211546777369,0,0,0,0,0,70.9550857543945,75.4816436767578,52.1935832226863,0,9.44624093320738,0,4.39127679338351,0,4.20215480644386,0,0,0,2.98056763869066,0,3.77292805451613,0,0,14.667998790741,3.7347136426855,0,8.74482636596705,0,0,76.1349449157715,33.99703700368,57.8030751546224,37.393256707625,0,29.5789496103923,0,34.4699967626989,6.46725194475016,6.65194756192521,84.6729125976562,0,0,0,0,7.10761380554142,0,53.4881373814174,0,0,0,0,0,0,14.2012630642998,0,6.45234742093442,0,5.54048757338792,0,0,0,3.17214071750641,0,35.3472847938538,0,0,16.7015295028687,2.95858645439148,91.0976791381836,12.401776960787,67.9744873046875,5.58792896990613,9.04166754179546,8.60808466538275,17.3894945023044,0,31.715234375
0,0,0,40.1453169504801,0,41.4136247402284,0,0,60.1211828751998,92.5111618041992,113.769744873047,36.5605842590332,0,0,0,0,80.6662309895391,80.7358907972063,56.2975640892016,34.4488233068715,0,138.914779663086,0,0,65.1725759506226,70.1433118184408,59.2379302978516,0,0,0,0,0,0,26.8152633457009,44.1821276346842,47.2976101835569,120.033843994141,0,76.1349449157715,0,83.1382302178277,25.2549921481856,46.8237711853451,35.5147654589485,87.4532833099365,15.4653251594694,58.9265120029449,20.8206878113889,39.0628924051921,14.9301935733486,0,0,0,0,0,0,77.2391482761928,40.9445039591658,0,0,0,0,24.7839850817023,0,71.2089309692383,0,0,0,90.656982421875,0,70.7859878540039,0,51.2058988668151,0,98.4103622436523,0,30.933676701237,0,17.5908884256,80.4533444918119,55.6606463287513,92.7448786567239,32.9311495210046,29.8421543969048,25.2196472615331,45.8137310312149,53.8977103233337
0,0,44.9487642560686,0,46.5588966475593,0,0,0,52.357484181722,96.6812973022461,39.5667664454534,0,0,0,0,0,76.2646805335735,86.0449074336461,50.5173176198766,0,38.2219746112823,0,0,73.4921035766602,81.2644882202148,0,0,0,0,0,0,0,30.6991695404053,0,28.3274971008301,0,45.7698376038495,0,33.99703700368,83.1382302178277,0,58.8467848951166,24.0935558421437,35.0822257995605,45.0196816126506,53.0219734191895,11.7422548563659,17.8696063995361,14.8787835282761,86.3867599487305,47.1002505909313,0,0,0,53.3987998962402,0,50.0897349108447,0,0,0,0,0,124.46545791626,19.4758498003554,0,52.4661979675293,0,0,0,60.6624412536621,0,0,0,39.5519200753475,0,0,67.3937301635742,32.102725982666,79.908295249939,13.5006982439684,83.9149576822917,34.2655253199749,49.7910326810984,0,16.7672748480134,65.3130919138591,36.7311995562385
0,9.16283467610677,0,40.5087232589722,109.468818664551,62.5005306788853,0,0,62.2891200138972,5.17296090390947,56.2240905761719,18.5287504196167,0,0,97.0320358276367,0,76.5424842834473,63.7747999683225,40.3518306392722,22.1929874165853,127.527221679688,39.1291809082031,0,12.8002219994863,51.829831804548,84.8993988037109,44.7011032104492,0,0,0,0,32.9031984011332,35.8726348876953,23.4087805682064,58.856881459554,35.9775836618097,68.2203178405762,6.90573380329858,57.8030751546224,25.2549921481856,58.8467848951166,0,29.500205796212,23.1157721834859,44.357613881429,31.0591339736706,49.2819787846055,21.0376196916414,46.624509898099,20.8867559884235,0,0,0,0,0,0,59.3897173481603,20.3730115147216,0,0,0,40.2561912536621,26.1529443085706,0,47.2312002182007,0,0,0,40.399055480957,74.5582885742188,27.775897026062,0,22.3332349789386,52.2932717459542,44.1114673614502,0,29.8375410811846,0,31.5809946330639,61.0025913754025,25.9792412226421,58.9266720475822,21.6159467188303,50.524942111969,19.6926232106778,15.2224927081309,41.3828586578369
17.1072425842285,0,36.0951778758656,55.0943069458008,46.0534301620346,61.1602783203125,0,0,36.6124383653913,71.2767486572266,34.8478994016294,0,0,0,0,0,58.3283113153969,74.7515307664871,37.4002394406579,0,26.3329599652972,79.7997665405273,0,0,38.9052509731717,0,36.8366665840149,0,0,0,0,0,64.973274230957,26.1419917620145,12.5821905136108,69.9443333943685,43.0570788010307,28.3993110656738,37.393256707625,46.8237711853451,24.0935558421437,29.500205796212,0,42.9828708171844,22.9257090217189,60.7685768604279,27.0852256356045,16.4753264763115,12.0195217480082,45.1128324302467,40.7734954357147,0,0,0,39.3950929641724,0,24.2978933130512,76.3083585103353,0,0,0,0,54.9926838344998,24.0660512538629,0,40.750668661935,0,0,60.3932151794434,40.9857895591042,0,26.5960295200348,52.0520877838135,22.8509742428386,0,0,26.274483385953,0,56.5070958561922,27.5374458463186,54.880180157297,30.5640380446362,17.6473565896352,29.1014550526937,17.0353434108809,40.9171593405984,17.7304984553879
0,0,0,27.8014707565308,0,31.0034008026123,0,0,37.0758171081543,0,0,0,0,0,0,0,65.6726820468903,46.7750729152134,14.5766857951343,17.2406806945801,0,0,0,0,0,0,0,0,0,0,0,0,0,35.9529304504395,0,52.5665365854899,0,0,0,35.5147654589485,35.0822257995605,23.1157721834859,42.9828708171844,0,0,28.011600783893,27.2208850860596,40.6688507080078,0,34.8083970363324,0,0,0,0,0,0,42.984375,21.653640627861,0,0,0,0,33.5718571345011,0,0,0,0,0,0,0,30.1636991500854,0,24.8515838922239,52.6236953735352,0,0,35.0132745107015,0,39.7504655038157,59.0611143112183,27.4100680485578,55.4203090667725,27.9218256436861,0,36.1919618953358,36.9116252263387,0
0,0,0,0,0,0,0,0,0,0,45.7670440673828,0,0,0,0,0,51.2459201812744,65.4961719512939,19.8080402331406,0,0,0,0,0,45.9120292663574,0,0,0,0,0,0,0,0,0,0,0,0,0,29.5789496103923,87.4532833099365,45.0196816126506,44.357613881429,22.9257090217189,0,0,0,20.8288047790527,0,20.8017486572266,0,0,0,0,0,0,0,30.6807913780212,0,0,0,0,0,0,21.4538135528564,0,0,0,0,0,0,0,0,0,31.4580116271973,0,0,0,0,72.2655563354492,49.7703379969443,60.284122467041,32.8412115129374,38.4841172865459,0,27.1336092054844,0,28.4253075917562
0,0,0,15.5586155873758,0,21.8946373800798,0,0,44.8550777435303,0,56.572925567627,9.86720788020354,0,0,0,0,77.6603736877441,88.2894197191511,51.9413260489094,12.3036377360812,0,44.0338439941406,0,0,58.7257982889811,0,0,0,0,0,0,30.0175814628601,46.9535503387451,30.854327421922,39.0813375711441,42.5662581544956,0,23.9025667011738,0,15.4653251594694,53.0219734191895,31.0591339736706,60.7685768604279,28.011600783893,0,0,46.9355024337769,28.5346526839043,26.3375123821238,21.7546208239529,0,0,0,0,0,0,110.068008422852,18.0411470473125,0,0,0,0,11.9070808019875,0,0,0,0,0,0,0,37.4916343688965,0,20.0582960822365,58.7041015625,68.6935424804688,0,39.8898746783917,0,26.514189744463,65.8052315345177,21.3070345494346,62.9853553771973,40.0657316043247,52.1370291694005,14.1514008070305,29.214155825173,0
0,0,19.4862450237932,0,26.5109764940598,50.6072692871094,0,0,39.8309762318929,0,27.0557344336259,0,0,0,0,0,70.6264437720889,73.5708340538873,39.1295770197182,52.7871627807617,20.7227864964803,0,0,0,50.9368057250977,0,0,0,0,0,0,0,34.9749689102173,54.5851516723633,36.0568724545566,0,41.761918383121,0,34.4699967626989,58.9265120029449,11.7422548563659,49.2819787846055,27.0852256356045,27.2208850860596,20.8288047790527,46.9355024337769,0,29.6772733989515,23.4533952460892,72.0934838189019,25.1207519107395,0,0,0,25.6517658233643,0,27.5629303950722,54.1485633850098,0,0,0,0,91.1156101226807,12.4767380694685,0,0,0,0,79.3315582275391,0,0,0,69.9840469360352,31.1015549761783,0,65.8432922363281,40.2839126586914,45.0119868687221,64.55544857103,26.1923176128241,69.8517998286656,32.3425275306163,43.3931819399198,52.8844909667969,16.2825817334505,51.5652084350586,37.9200606169524
40.0605812072754,46.7829513549805,50.127254486084,46.6853196280343,52.3519862890244,47.6290581935161,0,0,31.0488796234131,0,46.289623260498,32.3473625183105,0,0,0,0,94.6099497477214,89.9335899353027,48.2730163837301,40.4042821363969,49.0001449584961,0,0,0,51.7155303955078,0,0,0,0,0,0,14.3990805540452,7.4824693927662,8.59811214005146,6.1763513931414,21.3477550803161,28.4018700543572,8.49277755815723,6.46725194475016,20.8206878113889,17.8696063995361,21.0376196916414,16.4753264763115,40.6688507080078,0,28.5346526839043,29.6772733989515,0,8.0858891762474,11.0829279626216,53.9821329116821,0,0,0,0,0,56.9623650943532,40.2226244211197,0,0,0,0,38.749572910982,43.5355485485446,0,0,0,0,0,0,0,0,47.129330889384,61.4452514648438,14.7227128165034,15.0757230895014,11.7610995812803,7.3083462967136,27.821139241011,9.17370297175187,32.4577465788011,25.1228547845568,14.2273307691235,29.1885820388794,15.4483725927331,31.7811965942383,49.1569877624512
5.14736280771402,57.3452377319336,31.0050216913223,37.9900601704915,47.4887871045745,47.3394586122953,0,0,9.16374866555377,0,51.9964385986328,0,0,0,0,0,84.1756286621094,137.22265625,55.8337149186568,41.5174798965454,50.8159163338797,0,5.52335106832741,0,5.20936707496643,0,0,0,0,0,0,12.4832499821981,16.0650940031376,16.3725807374699,9.19324276579974,18.4384361660999,20.4402393129137,28.4404637813568,6.65194756192521,39.0628924051921,14.8787835282761,46.624509898099,12.0195217480082,0,20.8017486572266,26.3375123821238,23.4533952460892,8.0858891762474,0,15.4708877103669,47.4036151885986,0,0,0,29.7450652122498,0,39.0807293126749,50.7760467529297,0,0,3.00777827203274,0,46.0019448887218,40.4619610051441,0,6.98468459089787,0,5.00666751276772,0,3.77392693996429,0,6.56785447873063,55.2228295462472,54.252846661736,15.997519493103,27.1553285338662,20.2433516935869,8.08500157509531,37.9966351739291,22.4366894533049,42.8652447594537,7.00398259034239,16.19645116344,0,15.0177272095148,44.8130645751953,39.5769306818644
0,4.52931981736963,0,41.4800169251182,0,42.1089593230701,0,0,0,0,0,0,0,0,98.0546112060547,3.2472861289978,101.797577381134,78.7954626983067,55.6997420776458,39.9160449815833,0,11.7786622129489,0,6.3661991045779,76.6573181152344,0,0,0,0,0,0,8.82999342138117,16.3118176460266,12.8040270991832,18.7801717958952,30.781968605824,19.3945198059082,6.58267424752708,84.6729125976562,14.9301935733486,86.3867599487305,20.8867559884235,45.1128324302467,34.8083970363324,0,21.7546208239529,72.0934838189019,11.0829279626216,15.4708877103669,0,0,0,0,0,0,2.78453302383423,73.8813369750977,12.4270120358122,0,5.71116471290588,0,2.74711775779724,32.4182872886088,106.459175109863,15.800499025282,0,3.95542106993211,0,0,0,3.88011052297509,0,10.3255362518791,83.4595840454102,23.3685527128332,0,14.6330301925199,28.6551609039307,23.5183331574048,71.9261870384216,11.7731528501937,92.9837145124163,24.1947700284562,48.3101160526276,20.2473474579621,30.4806807060552,63.7219253540039
0,0,4.17328866322835,0,3.60564874278174,0,2.84889319309822,0,3.06223827600479,0,40.6028823852539,0,0,0,4.20993089675903,0,0,0,48.7687225341797,0,6.49778380538478,0,0,0,0,0,0,0,0,0,0,0,0,0,58.7257423400879,0,39.0771465301514,0,0,0,47.1002505909313,0,40.7734954357147,0,0,0,25.1207519107395,53.9821329116821,47.4036151885986,0,0,0,0,0,3.48790574073792,0,12.1535781283128,0,2.74837327003479,0,3.02593396020972,0,0,9.4907664612158,0,0,0,0,0,0,0,0,0,40.5166145324707,0,0,0,0,0,35.6709225518363,0,44.6634915669759,6.28303966155419,0,20.3825344126275,0,0
0,7.17269706726074,0,3.87533353356754,0,3.79135108947754,0,4.14442110548214,0,4.9274903734525,0,0,0,6.469249612194,0,4.31904062202999,0,0,0,0,0,0,0,0,0,0,0,0,0,0,0,0,0,0,0,0,0,0,0,0,0,0,0,0,0,0,0,0,0,0,0,0,0,3.09439725822277,0,3.07100915908813,0,5.1904118736585,0,4.68021419527229,0,3.53049035610691,0,0,0,0,0,0,0,0,0,0,0,0,0,0,0,0,0,0,0,0,4.00245827140538,0,0,0,0
0,0,0,0,2.73879480361938,0,3.02816763520241,0,0,0,3.71380057701698,0,0,0,0,0,0,0,0,0,0,0,0,0,0,0,0,0,0,0,0,0,0,0,0,0,0,0,0,0,0,0,0,0,0,0,0,0,0,0,0,0,0,0,0,0,7.40479564666748,0,0,0,0,0,0,0,0,0,0,0,0,0,0,0,0,0,0,0,0,0,0,0,0,0,2.88296242554983,0,0,0,0
0,0,0,0,0,3.29319027132458,0,3.32360978533582,0,0,0,0,0,3.65515009562174,0,0,0,0,0,0,0,0,0,0,0,0,0,0,0,0,0,0,0,0,0,0,0,0,0,0,0,0,0,0,0,0,0,0,0,0,0,3.09439725822277,0,0,0,0,0,0,0,3.52041771262884,0,0,0,0,0,0,0,0,0,0,0,0,0,0,0,0,0,0,0,0,0,0,3.8886570426134,5.90782642364502,0,0,0
6.18526853741826,0,5.4895502045041,0,3.91002644642745,0,0,0,4.02377177369759,0,0,0,0,0,3.62309585652261,0,0,0,0,0,0,0,0,0,3.97051841872079,0,3.93852821334464,0,0,0,0,0,0,0,66.5415649414062,0,0,0,7.10761380554142,0,53.3987998962402,0,39.3950929641724,0,0,0,25.6517658233643,0,29.7450652122498,0,3.48790574073792,0,0,0,0,0,5.66108710625592,0,0,0,3.6560404259583,0,0,0,0,0,0,3.77081709894641,0,4.66039029887465,0,0,0,0,0,0,0,0,0,0,0,7.86363039775328,4.73760566070898,0,10.4734437340184,0,0
0,4.31439596671588,0,3.04409530698037,0,3.77555998563766,0,0,43.9524059295654,4.08161379762999,0,0,0,0,0,0,44.3977993011475,40.0534381866455,25.3379901885986,0,0,0,0,3.93178731329898,0,22.0371228694916,0,0,0,0,0,0,0,0,0,0,0,0,0,0,0,0,0,0,0,0,0,0,0,2.78453302383423,0,3.07100915908813,0,0,0,0,0,0,0,2.91140416690281,0,5.87234399535439,0,0,0,0,3.12742481912885,0,6.34981489181519,0,0,0,0,0,0,0,0,0,0,0,0,0,19.1542493252272,0,7.51241111755371,0,0
0,0,14.6442240413867,0,35.3961788327241,0,4.44572973251343,0,32.3192757765452,0,4.93087257225312,0,4.23608016967773,0,0,0,75.1753266652425,90.6479637839577,48.9610582385147,0,7.68264062351651,0,29.2391452789307,0,51.754451751709,0,0,0,0,0,11.9545477054737,0,55.9409999847412,78.9296264648438,58.4394969940186,124.117881774902,54.7624451518059,0,53.4881373814174,77.2391482761928,50.0897349108447,59.3897173481603,24.2978933130512,42.984375,30.6807913780212,110.068008422852,27.5629303950722,56.9623650943532,39.0807293126749,73.8813369750977,12.1535781283128,0,7.40479564666748,0,5.66108710625592,0,0,66.1085739135742,3.34627662206951,0,3.16597305811369,0,0,12.9027040028793,0,25.9257202148438,0,0,0,72.8874816894531,0,5.58346901464124,72.1003227233887,13.4764181887966,0,0,0,0,83.8279409969554,51.7779925133085,73.8719418843587,33.9419592053462,40.295801325756,0,21.0030058999794,57.7737922668457,20.0348139705274
0,0,0,32.3155792781285,0,7.76469656626383,0,11.1199731826782,0,0,0,5.47827332299385,0,8.49340428352356,0,5.41262769699097,79.7518997192383,80.1167259216309,50.1913070100726,4.76972844335768,0,18.9214044777123,0,0,0,0,0,0,0,11.0374609947205,0,0,0,46.3967990875244,0,72.5517826080322,0,9.16239785378979,0,40.9445039591658,0,20.3730115147216,76.3083585103353,21.653640627861,0,18.0411470473125,54.1485633850098,40.2226244211197,50.7760467529297,12.4270120358122,0,5.1904118736585,0,0,0,0,66.1085739135742,0,0,5.71662353528173,0,4.12954994042714,19.1568533688784,0,27.6994926618493,0,0,0,0,0,8.53628950119019,0,4.68827017342172,70.0616226196289,0,0,53.878005027771,0,47.8609161518763,77.2074279785156,12.3422974586487,73.0369911193848,26.855919626024,73.2009048461914,21.4598602395113,20.7764358038854,64.7109985351562
0,0,0,0,0,0,0,0,0,0,0,0,4.60116583506266,0,2.86673508371626,0,0,0,0,0,0,0,0,0,0,0,0,0,0,0,0,0,0,0,0,0,0,0,0,0,0,0,0,0,0,0,0,0,0,0,2.74837327003479,0,0,0,0,0,3.34627662206951,0,0,0,0,0,0,30.3383197784424,0,0,0,0,0,0,0,0,0,0,0,0,0,0,0,0,0,0,0,0,0,0,0
0,0,0,0,0,4.44325616088931,0,4.45899492672511,0,4.72021906375885,0,3.73493195261274,0,4.07270702678987,0,4.29345791226342,0,0,0,0,0,0,0,0,0,0,0,2.96166205406189,0,0,0,0,0,0,0,0,0,0,0,0,0,0,0,0,0,0,0,0,0,5.71116471290588,0,4.68021419527229,0,3.52041771262884,0,2.91140416690281,0,5.71662353528173,0,0,0,4.353790909955,0,0,0,0,0,0,0,0,3.04484395980835,0,0,0,0,0,0,0,0,0,0,0,5.62401193618774,5.4864673614502,0,0,0
4.02496527762435,0,0,0,0,0,0,0,3.78237340916162,0,0,0,0,0,4.14694951194863,0,14.231590952192,0,23.7043552398682,0,0,0,0,0,0,0,0,0,0,0,0,0,0,0,0,0,0,0,0,0,0,0,0,0,0,0,0,0,3.00777827203274,0,3.02593396020972,0,0,0,3.6560404259583,0,3.16597305811369,0,0,0,0,0,0,0,0,0,0,0,0,3.07925664054023,0,2.96168041229248,0,0,0,0,0,0,0,0,0,0,16.3236021995544,0,0,0,0
0,4.01577043533325,0,3.3327996134758,0,3.42124225543095,0,0,0,9.54319469682101,0,0,0,3.57603211159056,0,3.33118434673746,47.3694741220185,20.481282321685,25.1650764240938,0,0,35.166202545166,0,22.174070892334,62.3542098999023,15.9387131929398,90.5107345581055,0,0,0,0,0,0,0,0,0,0,0,0,0,0,40.2561912536621,0,0,0,0,0,0,0,2.74711775779724,0,3.53049035610691,0,0,0,5.87234399535439,0,4.12954994042714,0,4.353790909955,0,0,0,0,0,0,0,0,9.40896083968026,52.624870300293,0,0,0,0,0,0,0,0,0,0,0,0,22.7876352720482,7.04251670837402,0,0,0
0,0,0,40.8201236724854,0,15.456806734318,0,0,62.940242767334,0,0,6.47359763108767,0,0,0,0,0,91.4955215454102,54.3594618297759,6.70859448653727,0,28.0005025863647,0,0,0,0,0,0,0,0,0,0,0,42.7454074859619,54.0624300638835,6.85356882895072,0,19.8607957022531,0,24.7839850817023,124.46545791626,26.1529443085706,54.9926838344998,33.5718571345011,0,11.9070808019875,91.1156101226807,38.749572910982,46.0019448887218,32.4182872886088,0,0,0,0,0,0,0,19.1568533688784,0,0,0,0,0,0,45.9928436279297,0,0,0,0,0,36.7529474894206,0,27.9955288881511,0,0,0,51.1251676459061,0,9.90002524438924,81.2491938273112,15.9083359052906,0,25.8124777964855,72.0625330607096,16.3011210283895,31.7439019393921,0
0,0,32.3137108802795,0,14.5864703605572,0,0,0,43.3757133483887,0,10.3824092545087,0,0,0,0,0,111.994468688965,73.6315059661865,48.6901161309445,0,6.6183745249339,0,0,0,48.4564666748047,0,0,0,0,0,0,0,44.2226161956787,0,55.2249473571777,0,24.5603176541572,0,14.2012630642998,0,19.4758498003554,0,24.0660512538629,0,21.4538135528564,0,12.4767380694685,43.5355485485446,40.4619610051441,106.459175109863,9.4907664612158,0,0,0,0,0,12.9027040028793,0,30.3383197784424,0,0,0,0,0,0,0,0,0,0,0,0,15.1136846542358,0,21.5485677815447,0,0,0,0,103.018489837646,18.9668896409924,70.6978988647461,17.8487934895522,23.2939825570023,66.5169086456299,14.5905500208477,54.626220703125,23.6545696760479
0,0,0,0,0,0,0,0,0,0,0,0,0,0,0,0,33.6918678283691,10.5454599658648,112.132919311523,0,0,5.67146598282446,2.965127825737,7.13602027552468,0,12.2945922851563,0,7.88277873125943,0,0,0,0,0,0,0,0,0,11.0457629314577,0,71.2089309692383,0,47.2312002182007,0,0,0,0,0,0,0,15.800499025282,0,0,0,0,0,0,0,27.6994926618493,0,0,0,0,45.9928436279297,0,0,0,3.81240461785116,0,6.48577537903419,0,9.63602742403746,0,22.8447209942725,0,0,0,0,0,0,0,8.93236445213531,0,5.04597554175165,6.95189968022433,29.4124168395996,0,0
0,0,0,0,0,0,0,0,0,0,0,0,0,0,0,0,18.0070636613028,0,52.6679191589355,0,0,0,5.13118003128866,0,0,0,4.22679471969604,0,7.97699300866378,0,0,0,0,0,0,0,0,0,6.45234742093442,0,52.4661979675293,0,40.750668661935,0,0,0,0,0,6.98468459089787,0,0,0,0,0,0,0,25.9257202148438,0,0,0,0,0,0,0,0,0,0,3.98826875289281,0,4.22479304465281,0,6.30099637478035,0,16.051457901001,0,0,0,0,0,0,0,6.7699959603045,5.77928592982116,9.29253196716309,0,0,0
0,0,0,0,0,0,0,0,0,2.74940848350525,0,0,0,0,0,0,44.1973783969879,23.4500530416315,33.9738593101501,0,0,4.35911002973231,0,4.03697855053216,0,5.92353200143383,0,0,0,0,0,0,0,0,0,0,0,5.68195805128883,0,0,0,0,0,0,0,0,0,0,0,3.95542106993211,0,0,0,0,0,3.12742481912885,0,0,0,0,0,0,0,0,3.81240461785116,0,0,0,4.54728011290232,0,3.17230021953583,0,0,0,0,0,0,0,0,0,10.21341834022,0,7.05829957738581,21.1001605987549,6.12397003173828,0,0
