0,0,0.188683420297552,0,0.216870753094554,0,0,0,0.215949407712681,0,0,0,0,0,0,0,0,0,0.214574784040451,0,0,0,0,0,0,0,0,0,0,0,0,0,0,0,0,0,0,0,0.246155172586441,0,0,0,0,0,0,0,0,0,0.216268087195796,0,0,0,0,0,0.227715788981349,0,0,0,0,0,0.203345455802404,0,0,0,0,0,0,0,0,0,0,0,0,0,0,0,0,0,0,0,0,0.254312614599864,0.18729798419817,0,0.171577932557674,0,0
0,0,0,0.177507900717584,0,0.208799919486046,0,0,0,0.160524983416524,0,0,0,0,0,0,0,0.318771511316299,0.424536420326484,0,0,0,0,0,0,0,0,0,0,0,0,0,0,0,0,0.379359312355518,0,0.218132737395051,0,0,0,0.237847063351761,0,0,0,0.323401110867659,0,0.271119526028633,0,0.233020727687022,0,0.226543583368,0,0,0,0.189282878585484,0,0.290770972552507,0,0,0,0.147863645106554,0.415465295314789,0,0,0,0.142542262162481,0,0.152226878950993,0,0,0,0.354607526319368,0,0,0,0,0,0.393112346529961,0,0.362555209405815,0,0.247003498080686,0.25815711915493,0.288568906047085,0,0
0.188683420297552,0,0,0,0.201682647844156,0,0,0,0.237871146479318,0,0,0,0,0,0,0,0,0,0,0,0,0,0,0,0,0,0,0,0,0,0,0,0,0,0,0,0,0,0,0,0,0,0.277165174484253,0,0,0,0.241324942559004,0.313458740711212,0.334643214941025,0.284953951835632,0.187252600455568,0,0,0,0.214766308399183,0,0,0,0.193242587149143,0,0,0,0,0.274720266461372,0,0,0,0,0,0,0,0,0,0.328349858522415,0,0,0,0,0,0,0,0.304670828580856,0.193912279481689,0,0.167153237581253,0,0
0,0.177507900717584,0,0,0,0.161942733021883,0,0,0,0.240880276944678,0,0,0,0,0,0.173711363226175,0,0.330114364624023,0.27666924893856,0,0,0,0,0,0,0,0,0,0,0,0,0,0,0,0,0.354121585687002,0,0.318183302879333,0,0,0,0.316878455313476,0,0,0,0.313797210653623,0,0,0,0.162644799518329,0,0.198639125920909,0,0,0,0.209831346292049,0,0.230308519995472,0,0.211565672743077,0,0.200259257107973,0.256045550107956,0,0,0,0,0,0,0,0,0,0.348031405891691,0,0,0,0,0,0.311047146717707,0,0.348693525791168,0,0.182563468813896,0,0.184635667521485,0,0
0.216870753094554,0,0.201682647844156,0,0,0,0.19559254993995,0,0.223569468540304,0,0,0,0,0,0,0,0,0,0.255171000957489,0,0.282136714458466,0,0,0,0,0,0,0,0,0,0,0,0,0,0.277775410148833,0,0.277995020151138,0,0.230600555737813,0,0.239983657598495,0.295228809118271,0.263397687673569,0,0,0,0.232613551202748,0.279000176624818,0.269505789631034,0.268018926493824,0.217483308145797,0,0.213645584881306,0,0.174253849089146,0,0.235107944292181,0,0.206652200325977,0,0.186795091764493,0,0,0.28963246281515,0,0,0,0,0,0,0,0,0,0.286316236076148,0,0,0,0,0.323093146085739,0.248526967130601,0,0.289631708875879,0.244162645968488,0,0.24848235991505,0,0.248553246259689
0,0.208799919486046,0,0.161942733021883,0,0,0,0.206019946063558,0,0.235203147082046,0,0,0,0,0,0.176723703742027,0,0,0.241441234946251,0.184625866658547,0,0,0,0,0,0,0,0,0,0,0,0,0,0,0,0.203473657369614,0,0.296646237373352,0,0,0,0.269687157869339,0,0,0,0.203672417900064,0,0.275288432836533,0,0.201632112264633,0,0.19566463179845,0,0.180028070103038,0,0.214559991743939,0,0.256146280749424,0,0.267228024871382,0,0.236570559442043,0.20595382047551,0,0,0,0,0,0,0,0,0,0,0,0,0,0,0,0.233732710282008,0,0,0,0.172429247323526,0.199231341481209,0.206633553281426,0,0
0,0,0,0,0.19559254993995,0,0,0,0,0,0.21881533270845,0,0,0,0,0,0,0,0,0,0,0,0,0,0,0,0,0,0,0,0,0,0,0,0,0,0,0,0,0,0,0,0,0,0,0,0,0,0,0,0.203504216982358,0,0.199866688480744,0,0,0,0,0,0,0,0,0,0,0,0,0,0,0,0,0,0,0,0,0,0,0,0,0,0,0,0,0,0.217009201645851,0,0,0,0
0,0,0,0,0,0.206019946063558,0,0,0,0,0,0.167795838857139,0,0.218191803934482,0,0,0,0,0,0.191118599790515,0,0,0,0,0,0,0,0,0,0,0,0,0,0,0,0,0,0,0,0,0,0,0,0,0,0.200074881315231,0,0,0,0,0,0.229239466551103,0,0.208373411827617,0,0,0,0.193039777874947,0,0.241645569208919,0,0,0.218181427036013,0,0,0,0,0,0,0,0,0,0,0,0,0,0,0,0.18431444466114,0,0,0,0.177412109449506,0,0.193006088787859,0,0
0.215949407712681,0,0.237871146479318,0,0.223569468540304,0,0,0,0,0.182703956961632,0,0,0,0,0.143496345262975,0,0.194165503710436,0.187876587917267,0.225261622138562,0,0,0,0,0.190283536911011,0.193172578615221,0,0.150025878101587,0,0,0,0,0,0,0,0,0,0,0,0.233924847459263,0,0,0,0.279185473918915,0,0,0,0,0,0.160199781879783,0,0,0,0,0,0.242480522346241,0,0,0,0,0,0,0,0,0,0,0,0,0.233965223225263,0,0,0,0,0,0,0,0,0,0,0.305093050003052,0,0,0.25191151555003,0.195489668486159,0.192881325880686,0.116194314360619,0,0
0,0.160524983416524,0,0.240880276944678,0,0.235203147082046,0,0,0.182703956961632,0,0,0,0,0,0,0.152904511126409,0.179206466165985,0.188418616399621,0.212396442890167,0,0,0,0,0.218575185066775,0,0,0,0,0,0,0,0,0,0,0,0.234446465969086,0,0.227737929522991,0,0,0,0.242917693812739,0,0,0,0.267961531877518,0,0,0,0.239367446683823,0,0.233484192043543,0,0,0,0.23666085436273,0,0.291507734493776,0,0,0,0.213248975391759,0.291849665343761,0,0,0,0.151643597334623,0,0.172344541613092,0,0.346969157457352,0,0.312543673570766,0,0,0,0,0,0.273299586772919,0,0.253554485738277,0,0.212333360097217,0.200977647016125,0.253755042950312,0.249548698465029,0
0,0,0,0,0,0,0.21881533270845,0,0,0,0,0,0.110126115381718,0,0,0,0,0,0,0,0.153285034000874,0,0,0,0,0,0,0,0.124870362691581,0,0.11010804027319,0,0,0,0,0,0,0,0.135990641986413,0,0,0,0,0,0,0,0,0,0,0,0,0,0,0,0,0,0.217893382368406,0,0,0,0,0,0,0,0,0,0,0,0,0,0,0,0,0.165270945743511,0,0,0,0,0,0,0,0.143987382994965,0.249825637659587,0,0,0,0
0,0,0,0,0,0,0,0.167795838857139,0,0,0,0,0,0.193923385669203,0,0,0,0,0,0.17158345353197,0,0,0,0,0,0,0,0.233040670829791,0,0.245568261894525,0,0,0,0,0,0,0,0.172221597565823,0,0,0,0.266892403364182,0,0,0,0.203193187713623,0,0,0,0,0,0.193293909941401,0,0.213414006913551,0,0,0,0.227182345141372,0,0.216058855945313,0,0,0.17675584767546,0,0,0,0,0,0,0,0.167998505135377,0,0.216807128532844,0,0,0,0,0,0.186000868678093,0,0.223624075713911,0,0.204404088782101,0,0.187074696645141,0,0
0,0,0,0,0,0,0,0,0,0,0.110126115381718,0,0,0,0,0,0,0,0,0,0,0,0,0,0,0,0,0,0,0,0,0,0,0,0,0,0,0,0,0,0,0,0,0,0,0,0,0,0,0,0,0,0,0,0,0,0,0,0.124802768230438,0,0,0,0,0,0,0,0,0,0,0,0,0,0,0,0,0,0,0,0,0,0,0,0,0,0,0,0
0,0,0,0,0,0,0,0.218191803934482,0,0,0,0.193923385669203,0,0,0,0.17565030383843,0,0,0,0,0,0,0,0,0,0,0,0.240221285985576,0,0.134652520219485,0,0,0,0,0,0,0,0,0,0,0,0,0,0,0,0,0,0,0,0,0,0,0,0,0,0,0,0,0,0.223733137141166,0,0.180580552077033,0,0,0,0,0,0,0,0,0.135597713808022,0,0.145419478416443,0,0,0,0,0,0,0,0,0,0.173361438922781,0.136490151286125,0,0,0
0,0,0,0,0,0,0,0,0.143496345262975,0,0,0,0,0,0,0,0.157948999864678,0.16237309976266,0,0,0,0,0,0,0.181390040554106,0,0.112095901228133,0,0.109813693910837,0,0,0,0,0,0,0,0,0,0,0,0,0,0,0,0,0,0,0,0,0,0,0,0,0,0,0,0,0,0.125689774751663,0,0,0,0,0,0,0,0,0.176530274748802,0,0,0,0,0,0,0,0,0,0,0,0,0,0,0.151633567735553,0,0,0,0
0,0,0,0.173711363226175,0,0.176723703742027,0,0,0,0.152904511126409,0,0,0,0.17565030383843,0,0,0.160438854247332,0.160119884799827,0,0,0,0,0,0.18496485054493,0,0,0,0,0,0,0,0,0,0,0,0,0,0,0,0,0,0,0,0,0,0,0,0,0,0,0,0.205042483905951,0,0,0,0.194596175672644,0,0,0,0.195909604087643,0,0.194547929563474,0,0,0,0,0,0,0,0,0,0,0,0,0,0,0,0,0,0,0,0,0.177528982088771,0.250855424083196,0,0,0
0,0,0,0,0,0,0,0,0.194165503710436,0.179206466165985,0,0,0,0,0.157948999864678,0.160438854247332,0,0.157486758625099,0.249782908440263,0,0,0.159176707267761,0.18967910297215,0.169954271055758,0.178709760685192,0.139709651470184,0.128354349214748,0,0,0,0,0,0,0,0,0.324131939560175,0,0.303188651800156,0,0.31453737616539,0.323035526978836,0.261189535812095,0.276966683136729,0.295920386910439,0.301322095096111,0.293408928608352,0.28561357781291,0.294216617941856,0.304670083522797,0,0,0,0,0,0.180483609437943,0,0,0,0,0,0.20356002698342,0.145442366600037,0.31993882060051,0,0.150525435805321,0.167493492364883,0,0.187637374589318,0,0.125727061839665,0.3575379550457,0,0.315773596366247,0.353745702902476,0,0,0,0,0.30993700832934,0.335595211446887,0.31729543030262,0.339653646839516,0.200931756929217,0.184853213320611,0.301283169403134,0.264655847847462,0.274810678285101
0,0.318771511316299,0,0.330114364624023,0,0,0,0,0.187876587917267,0.188418616399621,0,0,0,0,0.16237309976266,0.160119884799827,0.157486758625099,0,0.239451906603579,0.34412869811058,0,0.163086624666192,0,0.16552670461523,0.168211702377565,0.170320671647787,0.145554697141051,0,0,0,0,0,0,0,0,0.339379285275936,0,0.35539962053299,0,0,0.316132654364292,0.276098565480044,0.273290611516971,0.304562295025045,0.336303249001503,0.302506578220448,0.269030183553696,0,0.305806626876195,0.275529861450195,0,0,0,0,0.194634318351746,0,0,0,0,0,0,0.163749717026949,0.323061792687936,0,0.13389677510542,0,0.132402434945107,0.190563499927521,0.143032662570477,0,0.36845001578331,0,0.324153970394816,0.341710940003395,0,0,0,0,0.3209787182937,0.328698971903468,0.338317719598611,0.32489533120623,0.197982388706063,0.184494950172576,0.298308884813672,0.292369468723025,0.276594164967537
0.214574784040451,0.424536420326484,0,0.27666924893856,0.255171000957489,0.241441234946251,0,0,0.225261622138562,0.212396442890167,0,0,0,0,0,0,0.249782908440263,0.239451906603579,0,0.373973364010453,0,0.225245336691538,0,0.206031143665314,0.209502995014191,0,0,0,0,0,0,0,0,0,0.243571698665619,0.356110069699097,0.387416864434878,0.364547429634975,0.433449238538742,0.317082848813799,0.340024715626096,0.228942676611265,0.255944446170408,0.346652483137754,0.457815700027931,0.325175243243395,0.272268244010561,0.310706329842408,0.304129263976725,0.238895871422508,0,0.267354366183281,0,0,0.170107033103704,0,0.283066242933273,0.315117061138153,0,0.357308268547058,0,0,0.345034204577365,0.27492319047451,0,0,0,0,0,0,0.346187038266141,0,0.343574148512656,0.370184923768578,0,0,0,0,0.358053055741567,0.376326036498794,0.341867839568137,0.366669589681268,0.221458070710725,0.234203907278597,0.35826233080832,0.241357966802271,0.26045237716258
0,0,0,0,0,0.184625866658547,0,0.191118599790515,0,0,0,0.17158345353197,0,0,0,0,0,0.34412869811058,0.373973364010453,0,0,0,0,0,0,0,0,0,0,0,0,0,0,0,0,0.255901017285725,0,0.333155869505467,0,0,0.32513302564621,0.311188175015047,0,0.488798648118973,0,0.249966518072311,0,0.274925768375397,0,0.285771544490542,0,0.213666556993636,0,0.210539154397945,0,0,0,0.254279369194257,0,0,0,0,0.2499586089562,0,0,0,0,0,0,0,0,0,0.303898213481406,0,0,0,0,0,0.260193696115485,0,0.337006388638422,0,0.224188309600237,0,0.231835052015671,0.387403234839439,0
0,0,0,0,0.282136714458466,0,0,0,0,0,0.153285034000874,0,0,0,0,0,0,0,0,0,0,0,0,0,0,0,0,0,0,0,0,0,0,0,0,0,0.149268748651093,0,0.105203313959969,0,0,0,0,0,0,0,0,0,0,0,0,0,0,0,0,0,0.275927021071829,0,0,0,0,0,0,0.21108257411928,0,0,0,0,0,0,0,0,0,0.329513257741928,0,0,0,0,0,0.183174692167371,0,0.142122118709943,0.181273805120817,0,0.282376000109841,0,0
0,0,0,0,0,0,0,0,0,0,0,0,0,0,0,0,0.159176707267761,0.163086624666192,0.225245336691538,0,0,0,0.139585211299933,0.255572470547173,0,0.281599290144276,0,0,0,0,0,0,0,0,0,0,0,0.348209988394345,0,0,0,0,0,0,0,0,0,0.546714782714844,0,0.322645029786861,0,0,0,0,0,0,0,0,0,0,0,0,0,0,0.233520813229302,0.0875486619770527,0.261354185762157,0,0.294094151621049,0,0.29311247865359,0,0,0,0,0,0,0,0,0,0.416297843122584,0,0.126405926329075,0.125524830786472,0.398539304733276,0,0
0,0,0,0,0,0,0,0,0,0,0,0,0,0,0,0,0.18967910297215,0,0,0,0,0.139585211299933,0,0,0.182127159281537,0,0.14719050899148,0,0.234315736540433,0,0,0,0,0.393040180206299,0.413661832610766,0,0,0.411545425653458,0.318187943247781,0,0,0,0,0,0,0,0,0.403860659326226,0.233865636907168,0.387423396110535,0,0,0,0,0,0,0,0,0,0,0,0,0,0,0,0.238814704787315,0,0.249635863294399,0,0.381832085391308,0,0,0,0,0,0,0,0,0,0,0,0.366249013021247,0.201967715995004,0.165088453523393,0,0,0
0,0,0,0,0,0,0,0,0.190283536911011,0.218575185066775,0,0,0,0,0,0.18496485054493,0.169954271055758,0.16552670461523,0.206031143665314,0,0,0.255572470547173,0,0,0,0.333132828948861,0,0,0,0,0,0,0,0,0,0,0,0.277669065526384,0,0,0,0.300597049295902,0,0,0,0,0,0,0,0.268725048899651,0,0,0,0,0,0.224431267327811,0,0,0,0,0,0.204079195857048,0,0,0.295564679967033,0,0.229738958658703,0,0.317897333294753,0,0,0,0,0,0,0,0,0,0,0,0.337530837639382,0,0.188707917219117,0.217481647928556,0.22437891960144,0,0
0,0,0,0,0,0,0,0,0.193172578615221,0,0,0,0,0,0.181390040554106,0,0.178709760685192,0.168211702377565,0.209502995014191,0,0,0,0.182127159281537,0,0,0,0.176705470192246,0,0,0,0,0,0,0,0,0,0,0.387584120035172,0.202107435510709,0,0,0,0,0,0,0,0,0.515982270240784,0.271525651216507,0,0,0,0,0,0.177438601851463,0,0,0,0,0,0.207161724567413,0,0,0,0,0.266926171511044,0,0.210118500380543,0,0.178654994211487,0,0,0,0,0,0,0,0,0,0.37102085351944,0,0.32016505174969,0.175670248634446,0,0.195099001363763,0,0
0,0,0,0,0,0,0,0,0,0,0,0,0,0,0,0,0.139709651470184,0.170320671647787,0,0,0,0.281599290144276,0,0.333132828948861,0,0,0,0,0,0,0,0,0,0,0,0,0,0,0,0,0,0,0,0,0,0,0,0,0,0,0,0,0,0,0,0,0,0,0,0,0,0,0,0,0.253517004559521,0,0.20703154951334,0,0.310007364377379,0,0.371574924815269,0,0,0,0,0,0,0,0,0,0.36913737654686,0,0.159775514687811,0,0,0,0
0,0,0,0,0,0,0,0,0.150025878101587,0,0,0,0,0,0.112095901228133,0,0.128354349214748,0.145554697141051,0,0,0,0,0.14719050899148,0,0.176705470192246,0,0,0,0.168218897655606,0,0,0,0,0,0,0,0,0,0,0,0,0,0,0,0,0,0,0,0,0,0,0,0,0,0.142005011439323,0,0,0,0,0,0,0,0,0,0,0.230702474713326,0,0.167673228785049,0,0.168805453429619,0,0,0,0,0,0,0,0,0,0,0,0,0.145019592269312,0,0,0,0
0,0,0,0,0,0,0,0,0,0,0,0.233040670829791,0,0.240221285985576,0,0,0,0,0,0,0,0,0,0,0,0,0,0,0,0.213279376427333,0,0,0,0,0,0,0,0,0,0,0,0,0,0,0,0,0,0,0,0,0,0,0,0,0,0,0,0.283105989297231,0,0.231906406581402,0,0,0,0,0.291281419140952,0,0,0,0,0,0.22767423877704,0,0.179753124713898,0,0,0,0,0,0,0,0.298908877585615,0,0.182898358787809,0,0,0,0
0,0,0,0,0,0,0,0,0,0,0.124870362691581,0,0,0,0.109813693910837,0,0,0,0,0,0,0,0.234315736540433,0,0,0,0.168218897655606,0,0,0,0.125921714518751,0,0,0,0,0,0,0,0.133511945605278,0,0,0,0,0,0,0,0,0,0,0,0,0,0,0,0,0,0.120657289666789,0,0,0,0,0,0,0,0,0.161702282726765,0,0,0,0.21126522665674,0,0.18320647161454,0,0.118568621575832,0,0,0,0,0,0,0,0,0.112404223531485,0,0,0,0
0,0,0,0,0,0,0,0,0,0,0,0.245568261894525,0,0.134652520219485,0,0,0,0,0,0,0,0,0,0,0,0,0,0.213279376427333,0,0,0,0,0,0,0,0,0,0.165307301689278,0,0,0,0,0,0,0,0.295770734548569,0,0,0,0,0,0,0,0,0,0,0,0.294519946626995,0,0,0,0,0.368971586227417,0,0,0,0,0,0,0,0.217169434517279,0,0.211599834695611,0,0,0,0,0,0,0,0.228728625178337,0,0.215548643635379,0,0,0,0
0,0,0,0,0,0,0,0,0,0,0.11010804027319,0,0,0,0,0,0,0,0,0,0,0,0,0,0,0,0,0,0.125921714518751,0,0,0,0,0,0,0,0,0,0.13188998401165,0,0,0,0,0,0,0,0,0,0,0,0,0,0,0,0,0,0.218639013735024,0,0,0,0,0,0,0,0,0,0,0,0,0,0,0,0,0.235341853339498,0,0,0,0,0,0,0,0.147800973352959,0,0,0,0,0
0,0,0,0,0,0,0,0,0,0,0,0,0,0,0,0,0,0,0,0,0,0,0,0,0,0,0,0,0,0,0,0,0.340395598031574,0.452401746064425,0.344441941955633,0.165160881854146,0.15196468681097,0,0,0.254283123782703,0,0,0,0,0,0,0,0.34558984171866,0,0.267755923171838,0,0,0,0,0,0,0,0,0,0,0,0,0,0,0,0,0,0,0,0,0,0,0,0,0.281768641867496,0.323961845973633,0.144199313318476,0.37608464807272,0.275543152176208,0,0,0,0.346846853978321,0,0,0,0
0,0,0,0,0,0,0,0,0,0,0,0,0,0,0,0,0,0,0,0,0,0,0,0,0,0,0,0,0,0,0,0.340395598031574,0,0.345069125294685,0.317060685773127,0,0.30544055133498,0,0,0.313950076699257,0,0,0,0,0,0,0,0.374099947212008,0.321196541190147,0.341781554313806,0,0,0,0,0,0,0,0,0,0,0,0,0,0,0,0,0,0,0,0,0,0,0,0,0.31714741436586,0.315413783750837,0,0.334745350688573,0.296829489595962,0.287850234438391,0,0,0.331327395895859,0,0,0,0
0,0,0,0,0,0,0,0,0,0,0,0,0,0,0,0,0,0,0,0,0,0,0.393040180206299,0,0,0,0,0,0,0,0,0.452401746064425,0.345069125294685,0,0.415443782778199,0.17754707831976,0.173452772864619,0.586911977771639,0.272510568201542,0,0,0,0.389468997716904,0,0,0,0.276320785284042,0.492417240651425,0.338357105851173,0.646331488258309,0,0,0,0,0,0,0,0,0,0,0,0,0,0,0,0,0,0,0,0,0,0,0,0,0.395305572732075,0.429175378311248,0.388569124318573,0.481343241512972,0.461323761609474,0,0.505230427051677,0.495880600064993,0.247153924490378,0.375858102974139,0.435572037330041,0,0.383039802312851
0,0,0,0,0.277775410148833,0,0,0,0,0,0,0,0,0,0,0,0,0,0.243571698665619,0,0,0,0.413661832610766,0,0,0,0,0,0,0,0,0.344441941955633,0.317060685773127,0.415443782778199,0,0.210778965552648,0.217806311886895,0.213779821115382,0.294411067393043,0,0.279011029750109,0.249493471394151,0.263157445966728,0,0,0,0.303940674221074,0.537364001351034,0.258362781371652,0.441298321103365,0,0,0,0,0,0,0,0,0,0,0,0,0,0.318841256201267,0,0,0,0,0,0,0,0,0,0.30511944492658,0,0.374453078477811,0.238592891092587,0.398990353480755,0.547408282756805,0.220650675988413,0.407592477003733,0.292747569958801,0.426374596575814,0.521369684046955,0.309432471610522,0,0.301402951478958
0,0.379359312355518,0,0.354121585687002,0,0.203473657369614,0,0,0,0.234446465969086,0,0,0,0,0,0,0.324131939560175,0.339379285275936,0.356110069699097,0.255901017285725,0,0,0,0,0,0,0,0,0,0,0,0.165160881854146,0,0.17754707831976,0.210778965552648,0,0.156970853056457,0.260841881983901,0,0.256240010261536,0.330963280797005,0.289237152211383,0.298168503186282,0.433594959286543,0,0.293598382458301,0.292608618736267,0.204708669812251,0.257629692554474,0.23999403376837,0,0.237638548016548,0,0,0,0,0,0.237718515098095,0,0,0,0,0.262488304492943,0,0,0,0,0,0,0,0.274426504969597,0,0.323916947952023,0,0.177748050427798,0,0.148394015928109,0,0.22777205542569,0.2715088141816,0.265761330255118,0.355712383985519,0.22389576752422,0.209112723668416,0.316301535575518,0.333968612462727,0
0,0,0,0,0.277995020151138,0,0,0,0,0,0,0,0,0,0,0,0,0,0.387416864434878,0,0.149268748651093,0,0,0,0,0,0,0,0,0,0,0.15196468681097,0.30544055133498,0.173452772864619,0.217806311886895,0.156970853056457,0,0,0.231995118106588,0.200363174080849,0.227997377514839,0.245757266879082,0.330289793014526,0,0.409114450216293,0,0.223213168996326,0.214343138143074,0.260010237495104,0.240765480697155,0,0,0,0,0,0,0,0,0,0,0,0,0,0.163020859621348,0,0,0,0,0,0,0,0,0,0.258027881383896,0,0.270915528516022,0.187424400945504,0.245333854186659,0.155952511863275,0.247704735637312,0,0.213822768633666,0.221767474881938,0.336586907505989,0.244487587963381,0,0.285132706165314
0,0.218132737395051,0,0.318183302879333,0,0.296646237373352,0,0,0,0.227737929522991,0,0.172221597565823,0,0,0,0,0.303188651800156,0.35539962053299,0.364547429634975,0.333155869505467,0,0.348209988394345,0.411545425653458,0.277669065526384,0.387584120035172,0,0,0,0,0.165307301689278,0,0,0,0.586911977771639,0.213779821115382,0.260841881983901,0,0,0.361439085556465,0,0.400883242487907,0.339581651183275,0.345670667561618,0.444049823063391,0,0.321286901362299,0,0.486402352065034,0.369642347097397,0.289445185130185,0,0.325017154216766,0,0,0,0.267679271484403,0,0.324870339510116,0,0.280585765838623,0,0,0.33383882732368,0,0.459060286957637,0.411423951387405,0.329045043023309,0.431671589612961,0.264075054422669,0,0.353944657218226,0,0.207118939654327,0,0,0,0.176844206121233,0.175910918758466,0.288415567783846,0.374764874577522,0.283467822108429,0.453946495056152,0.318227433383677,0.510251407885653,0.334440463411629,0.378614745821272,0.370495542883873
0.246155172586441,0,0,0,0.230600555737813,0,0,0,0.233924847459263,0,0.135990641986413,0,0,0,0,0,0,0,0.433449238538742,0,0.105203313959969,0,0.318187943247781,0,0.202107435510709,0,0,0,0.133511945605278,0,0.13188998401165,0,0,0.272510568201542,0.294411067393043,0,0.231995118106588,0.361439085556465,0,0,0,0.344275444746017,0.20468782261014,0,0,0,0.248455179425386,0.552992464471444,0.294638810679317,0.489610582590103,0,0,0,0,0.259744223387491,0,0,0,0,0,0,0,0,0,0,0.366531656985461,0,0.255312787509891,0,0,0,0.200364502227825,0,0.16766883406538,0,0,0,0.24474779906727,0,0.258364566657002,0.420725524425507,0.262554455417012,0.325806373048225,0.623259227784971,0.354300290081404,0.339251548051834,0.221870015685757
0,0,0,0,0,0,0,0,0,0,0,0,0,0,0,0,0.31453737616539,0,0.317082848813799,0,0,0,0,0,0,0,0,0,0,0,0,0.254283123782703,0.313950076699257,0,0,0.256240010261536,0.200363174080849,0,0,0,0,0.275862642285162,0.323818117380142,0.281659543514252,0,0.213980674151553,0,0.313549471653102,0.382720656866251,0.288598257590105,0,0.262822449207306,0,0,0,0,0,0.304504498839378,0,0,0,0,0.213731883792207,0,0,0,0,0,0,0,0.340206444263458,0,0.30905789732933,0,0.228029057383537,0.251654326915741,0,0,0.252092781758541,0.349432572722435,0.257408543373458,0,0.26955338035311,0,0.208694073917537,0.298102118074894,0
0,0,0,0,0.239983657598495,0,0,0,0,0,0,0,0,0,0,0,0.323035526978836,0.316132654364292,0.340024715626096,0.32513302564621,0,0,0,0,0,0,0,0,0,0,0,0,0,0,0.279011029750109,0.330963280797005,0.227997377514839,0.400883242487907,0,0,0,0.290798425674438,0.351317382820027,0.321864209004811,0.312288513954948,0.310193346519219,0.276565328046963,0.289758310799139,0.28044379739693,0.219260118280848,0,0,0,0,0,0,0.297218069434166,0,0,0,0,0,0.343963529914618,0.268918855783809,0,0,0,0,0,0,0,0,0.363153696060181,0.309530417385854,0,0,0,0,0.342806935972638,0.287527539485913,0.373867501105581,0.349593706494939,0.303156798640213,0.313114878866408,0.324742063886989,0.291458686644381,0.322943264529819
0,0.237847063351761,0,0.316878455313476,0.295228809118271,0.269687157869339,0,0,0,0.242917693812739,0,0.266892403364182,0,0,0,0,0.261189535812095,0.276098565480044,0.228942676611265,0.311188175015047,0,0,0,0.300597049295902,0,0,0,0,0,0,0,0,0,0,0.249493471394151,0.289237152211383,0.245757266879082,0.339581651183275,0.344275444746017,0.275862642285162,0.290798425674438,0,0.209799483952174,0.230263715093596,0.23642110824585,0.29713519735903,0.317897027730942,0.254937569825695,0.261997886606165,0.262548991461669,0,0.275913354423311,0,0,0,0,0,0.319312770280641,0,0.298296353356405,0,0.342396885156631,0.324724123819069,0,0,0,0,0,0,0,0.328010411744185,0,0.323378304091049,0.303841731614537,0,0,0,0,0.294944955303588,0.287827161263745,0.335443733068978,0.283641232424472,0.234879287600458,0.254988817125559,0.281278599492162,0.241958232875913,0.231518915130032
0,0,0.277165174484253,0,0.263397687673569,0,0,0,0.279185473918915,0,0,0,0,0,0,0,0.276966683136729,0.273290611516971,0.255944446170408,0,0,0,0,0,0,0,0,0,0,0,0,0,0,0.389468997716904,0.263157445966728,0.298168503186282,0.330289793014526,0.345670667561618,0.20468782261014,0.323818117380142,0.351317382820027,0.209799483952174,0,0.225234809564427,0.318530820586063,0.26978540341411,0.302196123860639,0.234657592069416,0.278747235500761,0.327161878347397,0.306552678346634,0.233481347560883,0,0,0,0,0.29913937575542,0,0,0,0,0,0.307356192219642,0.312371247566786,0,0,0,0,0,0,0,0.296062469482422,0.290648112694422,0.322892865731197,0,0,0,0,0.310581766581409,0.316718669057026,0.32654200219191,0.346099630929114,0.213235686829114,0.231215689207117,0.306757883381976,0.228313289906668,0.26254738369078
0,0,0,0,0,0,0,0,0,0,0,0,0,0,0,0,0.295920386910439,0.304562295025045,0.346652483137754,0.488798648118973,0,0,0,0,0,0,0,0,0,0,0,0,0,0,0,0.433594959286543,0,0.444049823063391,0,0.281659543514252,0.321864209004811,0.230263715093596,0.225234809564427,0,0,0.313350121535006,0,0.237438480059306,0.265749171376228,0.21643161525329,0,0,0,0,0,0,0,0.342395663261414,0,0,0,0,0.35945411665099,0,0,0,0,0,0,0,0.36899396777153,0,0.331912219524384,0.251627624034882,0,0,0,0,0.422453774046967,0.322090738858932,0.487276166573271,0.327019593545369,0.268944265282884,0.257461639742057,0.359672804264461,0.245755768484539,0.262792691588402
0,0,0,0,0,0,0,0,0,0,0,0,0,0,0,0,0.301322095096111,0.336303249001503,0.457815700027931,0,0,0,0,0,0,0,0,0,0,0,0,0,0,0,0,0,0.409114450216293,0,0,0,0.312288513954948,0.23642110824585,0.318530820586063,0,0,0,0.341346732207707,0.389020313819249,0.45163006749418,0,0,0,0,0,0,0,0,0,0,0,0,0,0,0.346775233745575,0,0,0,0,0,0,0,0,0,0.440705554374796,0,0,0,0,0,0.468742931852798,0.394826292991638,0.493211018612698,0.334350680863416,0.314913553850991,0.433216761058896,0,0.241864790970629
0,0.323401110867659,0,0.313797210653623,0,0.203672417900064,0,0.200074881315231,0,0.267961531877518,0,0.203193187713623,0,0,0,0,0.293408928608352,0.302506578220448,0.325175243243395,0.249966518072311,0,0,0,0,0,0,0,0,0,0.295770734548569,0,0,0,0,0,0.293598382458301,0,0.321286901362299,0,0.213980674151553,0.310193346519219,0.29713519735903,0.26978540341411,0.313350121535006,0,0,0.275745448138979,0.271455589681864,0.315929660201073,0.267015628932372,0,0.240555593246565,0,0,0,0.249210268259048,0,0.257182306557331,0,0.257826343178749,0,0,0.24459880619678,0,0,0,0,0,0,0,0.332847491519092,0,0.32723821900802,0.261231958866119,0,0,0,0,0.269890036249706,0.321445096092126,0.335247256078346,0.327191009240992,0.300305587500334,0.279854510669355,0.281885522397853,0.291616282753042,0.290031066962651
0,0,0.241324942559004,0,0.232613551202748,0,0,0,0,0,0,0,0,0,0,0,0.28561357781291,0.269030183553696,0.272268244010561,0,0,0,0,0,0,0,0,0,0,0,0,0,0,0.276320785284042,0.303940674221074,0.292608618736267,0.223213168996326,0,0.248455179425386,0,0.276565328046963,0.317897027730942,0.302196123860639,0,0.341346732207707,0.275745448138979,0,0.288061472910717,0.282152216093881,0.262613965535727,0,0,0,0,0,0,0.292401740137412,0,0,0,0,0,0,0.2804069956847,0,0,0,0,0,0,0,0,0,0.328887248616461,0,0,0,0.322401336261204,0.303766302764416,0.258735809173945,0.380736003319422,0.28532877258644,0.277741678460629,0.263593554496765,0.280521266032951,0,0.307046880147287
0,0.271119526028633,0.313458740711212,0,0.279000176624818,0.275288432836533,0,0,0,0,0,0,0,0,0,0,0.294216617941856,0,0.310706329842408,0.274925768375397,0,0.546714782714844,0.403860659326226,0,0.515982270240784,0,0,0,0,0,0,0.34558984171866,0.374099947212008,0.492417240651425,0.537364001351034,0.204708669812251,0.214343138143074,0.486402352065034,0.552992464471444,0.313549471653102,0.289758310799139,0.254937569825695,0.234657592069416,0.237438480059306,0.389020313819249,0.271455589681864,0.288061472910717,0,0.272915801777339,0.461578346312263,0.245905682444572,0,0,0,0,0,0,0.332880452275276,0,0,0,0,0,0.301988012024335,0.458726216107607,0.433223843574524,0.340825939178467,0.350581735372543,0,0,0,0,0,0.298055071915899,0.337025584072852,0.373098633702149,0.46127458017606,0.578132348961638,0.311067358429693,0.301083524488221,0.544295261186494,0.523675387235712,0.288257996023023,0.461570332607915,0.311811685675725,0,0.302319326837148
0.216268087195796,0,0.334643214941025,0,0.269505789631034,0,0,0,0.160199781879783,0,0,0,0,0,0,0,0.304670083522797,0.305806626876195,0.304129263976725,0,0,0,0.233865636907168,0,0.271525651216507,0,0,0,0,0,0,0,0.321196541190147,0.338357105851173,0.258362781371652,0.257629692554474,0.260010237495104,0.369642347097397,0.294638810679317,0.382720656866251,0.28044379739693,0.261997886606165,0.278747235500761,0.265749171376228,0.45163006749418,0.315929660201073,0.282152216093881,0.272915801777339,0,0.37421575456279,0,0.323755294084549,0,0,0.171234056353569,0,0.34399254832949,0,0,0,0,0,0.308754533529282,0.272003905758971,0,0.249555817852586,0,0.242084801197052,0,0.311612291992465,0,0.329215835759984,0,0.274808021322373,0,0,0,0.223075481657763,0.326121658086777,0.297959121173949,0.285818020502726,0.262603988445321,0.26783127934549,0.312475166387028,0.282733433464322,0.295026108622551,0.312019894619783
0,0.233020727687022,0.284953951835632,0.162644799518329,0.268018926493824,0.201632112264633,0,0,0,0.239367446683823,0,0,0,0,0,0,0,0.275529861450195,0.238895871422508,0.285771544490542,0,0.322645029786861,0.387423396110535,0.268725048899651,0,0,0,0,0,0,0,0.267755923171838,0.341781554313806,0.646331488258309,0.441298321103365,0.23999403376837,0.240765480697155,0.289445185130185,0.489610582590103,0.288598257590105,0.219260118280848,0.262548991461669,0.327161878347397,0.21643161525329,0,0.267015628932372,0.262613965535727,0.461578346312263,0.37421575456279,0,0,0.253194364217611,0,0,0,0.218354401781278,0,0.3448197363646,0,0.273874819278717,0,0.274212162206127,0.29713433805634,0.272390559315681,0.342223591147325,0,0.261781760405019,0,0.306247602132234,0,0.318754442986226,0,0.293146870353005,0,0.225498080253601,0.417496487498283,0.526928293704987,0.457575072633459,0.252635290601639,0.218987720049157,0.302032037502258,0.442211210727692,0.328327144109985,0,0.277933686079824,0.286146588623524,0.30593619743983
0,0,0.187252600455568,0,0.217483308145797,0,0.203504216982358,0,0,0,0,0,0,0,0,0,0,0,0,0,0,0,0,0,0,0,0,0,0,0,0,0,0,0,0,0,0,0,0,0,0,0,0.306552678346634,0,0,0,0,0.245905682444572,0,0,0,0,0.18731198755202,0,0.155461659034093,0,0.211995874842008,0,0.191984190605581,0,0.176249799246971,0,0,0.261092513799667,0,0,0,0,0,0,0,0,0,0,0,0,0,0,0,0,0,0,0.241692414744334,0,0.273230987426999,0,0
0,0.226543583368,0,0.198639125920909,0,0.19566463179845,0,0.229239466551103,0,0.233484192043543,0,0.193293909941401,0,0,0,0.205042483905951,0,0,0.267354366183281,0.213666556993636,0,0,0,0,0,0,0,0,0,0,0,0,0,0,0,0.237638548016548,0,0.325017154216766,0,0.262822449207306,0,0.275913354423311,0.233481347560883,0,0,0.240555593246565,0,0,0.323755294084549,0.253194364217611,0,0,0,0.198758859187365,0,0.233869660273194,0,0.25988919968887,0,0.251944833745559,0,0.218269682171182,0.248395590713032,0,0,0,0,0,0,0,0,0,0.279807874932885,0,0,0,0,0,0.251566818226939,0.314266845583916,0.302734324806615,0,0.183256535843397,0,0.206433769890779,0.249795511364937,0
0,0,0,0,0.213645584881306,0,0.199866688480744,0,0,0,0,0,0,0,0,0,0,0,0,0,0,0,0,0,0,0,0,0,0,0,0,0,0,0,0,0,0,0,0,0,0,0,0,0,0,0,0,0,0,0,0.18731198755202,0,0,0,0,0,0,0,0,0,0,0,0,0,0,0,0,0,0,0,0,0,0,0,0,0,0,0,0,0,0,0,0,0,0,0,0
0,0,0,0,0,0.180028070103038,0,0.208373411827617,0,0,0,0.213414006913551,0,0,0,0,0,0,0,0.210539154397945,0,0,0,0,0,0,0,0,0,0,0,0,0,0,0,0,0,0,0,0,0,0,0,0,0,0,0,0,0,0,0,0.198758859187365,0,0,0,0,0,0.221227285910898,0,0.205747321248055,0,0,0.255983819288236,0,0,0,0,0,0,0,0,0,0,0,0,0,0,0,0,0,0,0,0.199976817649954,0,0.228310942649841,0,0
0.227715788981349,0,0.214766308399183,0,0.174253849089146,0,0,0,0.242480522346241,0,0,0,0,0,0,0,0.180483609437943,0.194634318351746,0.170107033103704,0,0,0,0,0,0.177438601851463,0,0.142005011439323,0,0,0,0,0,0,0,0,0,0,0,0.259744223387491,0,0,0,0,0,0,0,0,0,0.171234056353569,0,0.155461659034093,0,0,0,0,0,0,0,0,0,0,0,0,0,0,0,0,0.259453266165977,0,0,0,0,0,0,0,0,0,0,0,0,0,0.27069085067965,0.208611648064107,0,0,0,0
0,0.189282878585484,0,0.209831346292049,0,0.214559991743939,0,0,0,0.23666085436273,0,0,0,0,0,0.194596175672644,0,0,0,0,0,0,0,0.224431267327811,0,0,0,0,0,0,0,0,0,0,0,0,0,0.267679271484403,0,0,0,0,0,0,0,0.249210268259048,0,0,0,0.218354401781278,0,0.233869660273194,0,0,0,0,0,0,0,0,0,0.217345289306937,0,0,0,0,0.203888265946448,0,0,0,0,0,0,0,0,0,0,0,0,0,0.222441487328475,0,0.242523618042469,0,0.17421343177557,0,0
0,0,0,0,0.235107944292181,0,0,0,0,0,0.217893382368406,0,0,0,0,0,0,0,0.283066242933273,0,0.275927021071829,0,0,0,0,0,0,0,0.120657289666789,0,0.218639013735024,0,0,0,0,0,0,0,0,0,0.297218069434166,0,0.29913937575542,0,0,0,0.292401740137412,0,0.34399254832949,0,0.211995874842008,0,0,0,0,0,0,0,0.246819231659174,0,0,0,0,0.281496582757505,0,0,0,0,0,0,0,0.355083298424016,0,0.300048174188671,0,0,0,0,0,0.269808661192656,0,0.279563307762146,0.23608323921346,0,0.312928195630889,0,0.314973225196203
0,0.290770972552507,0,0.230308519995472,0,0.256146280749424,0,0.193039777874947,0,0.291507734493776,0,0.227182345141372,0,0,0,0,0,0,0.315117061138153,0.254279369194257,0,0,0,0,0,0,0,0.283105989297231,0,0.294519946626995,0,0,0,0,0,0.237718515098095,0,0.324870339510116,0,0.304504498839378,0,0.319312770280641,0,0.342395663261414,0,0.257182306557331,0,0.332880452275276,0,0.3448197363646,0,0.25988919968887,0,0.221227285910898,0,0,0,0,0,0.347156982829138,0,0.302858886974198,0.313798285912384,0,0,0,0,0,0,0,0.398729961029023,0,0.344141985374829,0,0,0,0,0,0.266488585207197,0,0.346509638428688,0,0.283220577943191,0,0.339296617002046,0.32281003529961,0
0,0,0.193242587149143,0,0.206652200325977,0,0,0,0,0,0,0,0.124802768230438,0,0.125689774751663,0,0,0,0,0,0,0,0,0,0,0,0,0,0,0,0,0,0,0,0,0,0,0,0,0,0,0,0,0,0,0,0,0,0,0,0.191984190605581,0,0,0,0,0,0.246819231659174,0,0,0,0,0,0,0,0,0,0,0,0,0,0,0,0,0,0,0,0,0,0,0,0,0,0.199685509909283,0,0,0,0
0,0,0,0.211565672743077,0,0.267228024871382,0,0.241645569208919,0,0,0,0.216058855945313,0,0.223733137141166,0,0.195909604087643,0,0,0.357308268547058,0,0,0,0,0,0,0,0,0.231906406581402,0,0,0,0,0,0,0,0,0,0.280585765838623,0,0,0,0.298296353356405,0,0,0,0.257826343178749,0,0,0,0.273874819278717,0,0.251944833745559,0,0.205747321248055,0,0,0,0.347156982829138,0,0,0,0.183678911938783,0.313803720474243,0,0,0,0,0,0.407339200377464,0,0.399039209903782,0,0.313373722762705,0,0,0,0,0,0.262121453881264,0,0.340579913722144,0,0.202378848329523,0,0.2704220165809,0,0
0.203345455802404,0,0,0,0.186795091764493,0,0,0,0,0,0,0,0,0,0,0,0.20356002698342,0,0,0,0,0,0,0,0.207161724567413,0,0,0,0,0,0,0,0,0,0,0,0,0,0,0,0,0,0,0,0,0,0,0,0,0,0.176249799246971,0,0,0,0,0,0,0,0,0,0,0,0,0,0,0,0,0,0,0,0,0,0,0,0,0,0,0,0,0,0,0,0.201167538762093,0,0,0,0
0,0.147863645106554,0,0.200259257107973,0,0.236570559442043,0,0,0,0.213248975391759,0,0,0,0.180580552077033,0,0.194547929563474,0.145442366600037,0.163749717026949,0,0,0,0,0,0.204079195857048,0,0,0,0,0,0,0,0,0,0,0,0,0,0,0,0,0,0.342396885156631,0,0,0,0,0,0,0,0.274212162206127,0,0.218269682171182,0,0,0,0.217345289306937,0,0.302858886974198,0,0.183678911938783,0,0,0,0,0,0,0,0,0.200365942520227,0,0.349147359607741,0,0.325697963912988,0,0,0,0,0,0,0,0.3268775504369,0,0.167267983847044,0.185738749057055,0.287342516219977,0,0
0,0.415465295314789,0,0.256045550107956,0,0.20595382047551,0,0.218181427036013,0,0.291849665343761,0,0.17675584767546,0,0,0,0,0.31993882060051,0.323061792687936,0.345034204577365,0.2499586089562,0,0,0,0,0,0,0,0,0,0.368971586227417,0,0,0,0,0,0.262488304492943,0,0.33383882732368,0,0.213731883792207,0.343963529914618,0.324724123819069,0.307356192219642,0.35945411665099,0,0.24459880619678,0,0,0.308754533529282,0.29713433805634,0,0.248395590713032,0,0.255983819288236,0,0,0,0.313798285912384,0,0.313803720474243,0,0,0,0,0,0,0,0,0,0,0.373444446475034,0,0.376153029138851,0.337740659713745,0,0,0,0,0.283694244536585,0.325517849127452,0.343712982090942,0.362516500733115,0.277896961336639,0.302002490921454,0.282061388616212,0.318775871147712,0.306422233581543
0,0,0.274720266461372,0,0.28963246281515,0,0,0,0,0,0,0,0,0,0,0,0,0,0.27492319047451,0,0.21108257411928,0,0,0,0,0,0,0,0,0,0,0,0,0,0.318841256201267,0,0.163020859621348,0,0,0,0.268918855783809,0,0.312371247566786,0,0.346775233745575,0,0.2804069956847,0.301988012024335,0.272003905758971,0.272390559315681,0.261092513799667,0,0,0,0,0,0.281496582757505,0,0,0,0,0,0,0,0,0,0,0,0,0,0,0,0,0.31096382424198,0,0,0,0,0,0.237721184241336,0,0.26536988866451,0.219380316553334,0.195091336965561,0.287370101571263,0,0.322362926271227
0,0,0,0,0,0,0,0,0,0,0,0,0,0,0,0,0.150525435805321,0.13389677510542,0,0,0,0.233520813229302,0,0.295564679967033,0,0.253517004559521,0,0.291281419140952,0,0,0,0,0,0,0,0,0,0.459060286957637,0,0,0,0,0,0,0,0,0,0.458726216107607,0,0.342223591147325,0,0,0,0,0,0,0,0,0,0,0,0,0,0,0,0,0.283010323464792,0,0.260851496783044,0,0.308146195691079,0,0,0,0,0,0,0,0,0,0.503079441446749,0,0.255088820755482,0.0979150347411633,0.426013737916946,0,0
0,0,0,0,0,0,0,0,0,0,0,0,0,0,0,0,0.167493492364883,0,0,0,0,0.0875486619770527,0.238814704787315,0,0.266926171511044,0,0.230702474713326,0,0.161702282726765,0,0,0,0,0,0,0,0,0.411423951387405,0.366531656985461,0,0,0,0,0,0,0,0,0.433223843574524,0.249555817852586,0,0,0,0,0,0,0,0,0,0,0,0,0,0,0,0,0,0,0.302241421600475,0,0.389285117808708,0,0.240540874190629,0,0,0,0,0,0,0,0,0,0.388150280688508,0.135654789610551,0.171202241334804,0,0,0
0,0.142542262162481,0,0,0,0,0,0,0,0.151643597334623,0,0,0,0,0,0,0,0.132402434945107,0,0,0,0.261354185762157,0,0.229738958658703,0,0.20703154951334,0,0,0,0,0,0,0,0,0,0,0,0.329045043023309,0,0,0,0,0,0,0,0,0,0.340825939178467,0,0.261781760405019,0,0,0,0,0,0.203888265946448,0,0,0,0,0,0,0,0,0.283010323464792,0,0,0,0.255874810310511,0,0.263312727212906,0,0,0,0,0,0,0,0,0,0.334163660430672,0,0.234216587197396,0,0.256197915485736,0,0
0,0,0,0,0,0,0,0,0.233965223225263,0,0,0,0,0,0.176530274748802,0,0.187637374589318,0.190563499927521,0,0,0,0,0.249635863294399,0,0.210118500380543,0,0.167673228785049,0,0,0,0,0,0,0,0,0,0,0.431671589612961,0.255312787509891,0,0,0,0,0,0,0,0,0.350581735372543,0.242084801197052,0,0,0,0,0,0.259453266165977,0,0,0,0,0,0,0,0,0,0,0.302241421600475,0,0,0,0.257972721803573,0,0.263664782047272,0,0,0,0,0,0,0,0,0,0.359612275844132,0.194371689377087,0,0.214033789681585,0,0
0,0.152226878950993,0,0,0,0,0,0,0,0.172344541613092,0,0,0,0,0,0,0,0.143032662570477,0,0,0,0.294094151621049,0,0.317897333294753,0,0.310007364377379,0,0,0,0,0,0,0,0,0,0,0,0.264075054422669,0,0,0,0,0,0,0,0,0,0,0,0.306247602132234,0,0,0,0,0,0,0,0,0,0.407339200377464,0,0.200365942520227,0,0,0.260851496783044,0,0.255874810310511,0,0,0,0.347360965810788,0,0.39239730153765,0,0,0,0,0,0,0,0.295590231815974,0,0,0,0.307583250872353,0,0
0,0,0,0,0,0,0,0,0,0,0,0,0,0,0,0,0.125727061839665,0,0,0,0,0,0.381832085391308,0,0.178654994211487,0,0.168805453429619,0,0.21126522665674,0,0,0,0,0,0,0,0,0,0,0,0,0,0,0,0,0,0,0,0.311612291992465,0,0,0,0,0,0,0,0,0,0,0,0,0,0,0,0,0.389285117808708,0,0.257972721803573,0,0,0,0.25590174458921,0,0,0,0,0,0,0,0,0,0,0.13390926271677,0,0,0,0
0,0,0,0,0,0,0,0,0,0.346969157457352,0,0.167998505135377,0,0.135597713808022,0,0,0.3575379550457,0.36845001578331,0.346187038266141,0,0,0.29311247865359,0,0,0,0.371574924815269,0,0.22767423877704,0,0.217169434517279,0,0,0,0,0,0.274426504969597,0,0.353944657218226,0,0.340206444263458,0,0.328010411744185,0,0.36899396777153,0,0.332847491519092,0,0,0,0.318754442986226,0,0,0,0,0,0,0,0.398729961029023,0,0.399039209903782,0,0.349147359607741,0.373444446475034,0,0.308146195691079,0,0.263312727212906,0,0.347360965810788,0,0,0,0.37928952670468,0,0,0,0,0,0.297041553518047,0.352997303009033,0.306633095742277,0.293494433164597,0.250554354130467,0.27495801448822,0.369082901782545,0.378705445783479,0
0,0,0,0,0,0,0,0,0,0,0,0,0,0,0,0,0,0,0,0,0,0,0,0,0,0,0,0,0.18320647161454,0,0,0,0,0,0,0,0,0,0.200364502227825,0,0,0,0.296062469482422,0,0,0,0,0,0.329215835759984,0,0,0,0,0,0,0,0.355083298424016,0,0,0,0,0,0,0,0,0.240540874190629,0,0.263664782047272,0,0.25590174458921,0,0,0,0.317277818918228,0,0,0,0,0,0,0,0.241191852351894,0,0,0.345968874114932,0,0
0,0.354607526319368,0,0.348031405891691,0,0,0,0,0,0.312543673570766,0,0.216807128532844,0,0.145419478416443,0,0,0.315773596366247,0.324153970394816,0.343574148512656,0.303898213481406,0,0,0,0,0,0,0,0.179753124713898,0,0.211599834695611,0,0,0,0,0,0.323916947952023,0,0.207118939654327,0,0.30905789732933,0.363153696060181,0.323378304091049,0.290648112694422,0.331912219524384,0,0.32723821900802,0,0,0,0.293146870353005,0,0.279807874932885,0,0,0,0,0,0.344141985374829,0,0.313373722762705,0,0.325697963912988,0.376153029138851,0,0,0,0,0,0.39239730153765,0,0.37928952670468,0,0,0,0,0,0,0,0.317718857342435,0.353557337075472,0.300982976353303,0.321097239851952,0.322622865725022,0.308564342558384,0.380936433518507,0.371352184508723,0.285980015993118
0,0,0.328349858522415,0,0.286316236076148,0,0,0,0,0,0.165270945743511,0,0,0,0,0,0.353745702902476,0.341710940003395,0.370184923768578,0,0.329513257741928,0,0,0,0,0,0,0,0.118568621575832,0,0.235341853339498,0,0,0,0.30511944492658,0,0.258027881383896,0,0.16766883406538,0,0.309530417385854,0.303841731614537,0.322892865731197,0.251627624034882,0.440705554374796,0.261231958866119,0.328887248616461,0.298055071915899,0.274808021322373,0,0,0,0,0,0,0,0.300048174188671,0,0,0,0,0,0.337740659713745,0.31096382424198,0,0,0,0,0,0,0,0.317277818918228,0,0,0,0,0,0,0.350351914763451,0.319601783997753,0.353063638011615,0.180379414406251,0.313521361034928,0.297927916049957,0.341279078163612,0.280840840190649,0.371089353063785
0,0,0,0,0,0,0,0,0,0,0,0,0,0,0,0,0,0,0,0,0,0,0,0,0,0,0,0,0,0,0,0.281768641867496,0.31714741436586,0.395305572732075,0,0.177748050427798,0,0,0,0.228029057383537,0,0,0,0,0,0,0,0.337025584072852,0,0.225498080253601,0,0,0,0,0,0,0,0,0,0,0,0,0,0,0,0,0,0,0,0,0,0,0,0,0,0.302186322708925,0.329895353876054,0,0.218939778084116,0,0,0,0.208145480264317,0,0,0,0
