0,0,0.0094021621255495,0,0,0,0,0,0.0428407273665991,0,0,0,0,0,0,0,0,0,0.000515483407163898,0,0,0,0,0,0,0,0,0,0,0,0,0,0,0,0,0,0,2.95382635805472e-05,4.07377375724338e-05,0,0,0,0.00486697273683794,0,0,0,0,0,0.00316049878444551,0,0,0,0,0,0.0680936558707563,0,0,0,0,0,0.00830544335548522,0,0,0,0,0,0,0.000473464975482524,0,5.68477979195751e-05,0,0,0,0,0,0,0,0,0,0,0,0,0.00100478689628277,1.14956373731085e-05,0.00645704502432777,0,0
0,0,0,0.0056287619246557,0,0,0,0,2.25277170204429e-05,0.0420006316916983,0,0,0,0,0,0,2.68740095862689e-05,1.10637877613559e-05,0.00017200049589419,0,0,0,0,0,0,0,0,0,0,0,0,0,0,0,2.47940363248371e-05,0,0,2.15772410162561e-05,1.77297096042412e-05,0.000793232661659307,0,0.0277092980919554,3.47352739921415e-05,0,0,0.000183649159005691,0,1.12946815014505e-05,0.000198864848546209,0.0290792233291369,0,0,0,0,0,0.0442341011515808,0,0.00214073215162177,0,7.54543905884461e-05,0,0.00560748541471034,7.83883293158749e-05,0,0,0,0,5.465596655354e-05,0,0,1.30046280383715e-05,0,0.00292230229099887,0,0,0,0,0,0.000143853337711835,0,2.58059609451373e-05,1.08749161054596e-05,0.000999746074842143,1.6774998157633e-06,0.0120819854167951,0.000446618545515179,0
0.0094021621255495,0,0,0,0.0668673417534454,0,0,0,0.00644932437175569,0,0,0,0,0,0,0,0.000180184022452754,0,0.000291281053692374,0,0,0,0,0,0,0,0,0,0,0,0,0,0,0,0,0,3.12420870771075e-06,1.10559401415161e-05,0.000249800148252904,0.000142125207924682,0.00326803838192949,0.000304532091276713,0.0192085660499943,0,0,0,0.00105387208013659,4.65704477506518e-05,0.00144646328923701,0,0.000833737950363046,0,0,0,0.0318667439352667,0,0.00459204674693462,0,8.91787934677434e-05,0,0.00112717302350812,0,0,0.000594400178980798,0,0,0,0,0,0,0,0,0,0,0,0,0,0,2.34469659929771e-06,0.000123062559513234,2.68065130439293e-06,3.25789875794984e-06,0.00112130345639953,6.73483926323197e-06,0.017987882686335,0,0.00030530889381435
0,0.0056287619246557,0,0,0,0.00107771462539361,0,0,0,0.00298394240171401,0,0,0,0,0,0,5.60955798786711e-05,6.13333012958253e-05,0.00109217301962901,0.000194096963652537,0,0,0,0,0,0,0,0,0,0,0,0,0,0,0,0,0,0,0,0.005442522712112,0.000225523864929874,0.0296062231719006,0.000283681805247906,0,0,0.00137799962640586,0,0.000743955365662618,0,0.00226696550816055,0,0.00527280170082641,0,0,0,0.000233023249152322,0,0.0046280131615536,0,0.00293887920821934,0,0.0117474299462727,0.000196082143176096,0,0,0,0,0,0,0,1.10921301283008e-05,0,0.0164988426213399,0,0,0,0,0,0.000628556621302484,0,0.000334940366864483,0,0.000711057060438322,1.8362078225836e-05,0.0101092889609877,0.0193139366072528,0
0,0,0.0668673417534454,0,0,0,0,0,0.000157965405378491,0,0,0,0,0,0,0,0,0,0.00036942525082484,0,0.00124438304603005,0,0,0,0,0,0,0,0,0,0,0,0,0,0,0,0.000278485946129324,0,0,0,0.000329402030209407,0,0.000846294348297195,0,0,0,0.000144398360357002,0,8.9951467513468e-05,0,0.0158465729978405,0,0,0,0,0,0.00283906366024637,0,0,0,0,0,0,0.00020013065416968,0,0,0,0,0,0,0,0,0,0,0,0,0,0,0,0.00081047986202894,0,0,0.000162884234314512,0,0.00477788691826411,0,0
0,0,0,0.00107771462539361,0,0,0,0,0,0.000315356562694623,0,0.000403566330656092,0,0,0,0,1.41772146455917e-05,0,3.07361152248589e-05,0.016123181726866,0,0,0,0,0,0,0,0,0,0,0,0,0,0,0,5.78043586238839e-05,0,0,0,0.000874312393990774,0,0.00192523489700209,0,0,0,0.0002235845244579,0,0.000770456563201259,1.40078726668883e-05,5.78751936911342e-05,0,0.0772223773669056,0,0,0,0,0,0,0,0,0,0,0.000930577307642023,0,0,0,0,0,0,0,0,0,0,0,0,0,0,0,3.37384654127543e-05,0,0,0,0.000781237008567675,2.72972198564674e-06,0.00444349604087906,0,0
0,0,0,0,0,0,0,0,0,0,0,0,0,0,0,0,0,0,0,0,0.000435136102152879,0,0,0,0,0,0,0,0,0,0,0,0,0,0,0,0,0,0,0,0,0,0,0,0,0,0,0,0,0,0,0,0.004630810228311,0,0,0,0,0,0.0141800010411173,0,0,0,0,0.00343355609990891,0,0,0,0,0,0,0,0,0,0,0,0,0,0,0,0,0,0,4.72166958580396e-05,0,0,0,0
0,0,0,0,0,0,0,0,0,0,0,0.000707060899244885,0,0,0,0,0,0,0,0.00242978698970683,0,0,0,0,0,0,0,0,0,0,0,0,0,0,0,0,0,0,0,0,0,0,0,0,0,0,0,0,0,0,0,0.0520436123348214,0,0.0785274179411001,0,0,0,0.00431447437551969,0,0.0210676474865852,0,0,0.00119085182528356,0,0,0,0,0,0,0,0,0,0,0,0,0,0,0,0,0,0,0,7.58194319087799e-05,1.13499493526527e-05,0,0,0
0.0428407273665991,2.25277170204429e-05,0.00644932437175569,0,0.000157965405378491,0,0,0,0,0,0,0,0,0,0.00157023659070202,0,0.00107093498914204,0,3.6503209257756e-05,0,0,0,0,0,0.00805089063087188,0,0.003658781950737,0,0,0,0,0,0,0,5.58365769049525e-05,0,0,3.61632940947954e-05,0.00170045232217872,0,0,4.68386859209364e-05,0.00304039149965335,0,0,0,0,0.000113280728568898,0.00758712091404726,0,0.000184803638856642,0,0,0,0.116366875202693,0,0.000223700957722085,0,0,0,0.0331114482674681,0,0,0,0,0,0,0.0146010236921006,0,0.00208409650233702,0,0,0,0,0,0,0,0,0,1.08131000940776e-05,0,0.00154163028635791,0.00146840004969004,0.000238308716978611,0.00470283777642013,0,0
0,0.0420006316916983,0,0.00298394240171401,0,0.000315356562694623,0,0,0,0,0,0,0,0,0,0.0421135751541299,0,3.16676765154368e-05,7.81766380258918e-05,0,0,0,0,0.000351296073740847,0,0,0,0,0,0,0,0,0,0,0,0,0,0.000121727559447628,0,0,0,0.00173137101265951,0,0,0,0,0,0,1.15281243104849e-05,0.00040531291883532,0,0,0,0,0,0.152827971732101,0,9.62155629330124e-05,0,0.00218209253071846,0,0.152108487111098,0,0,2.62644128087233e-05,0,0.00921685438985469,0,0.00959328697073549,0,0,0,0.000320404411738107,0,0,0,0.000103943002022627,0,0,0,4.67139681408112e-05,0,0.00327381559070936,0.00400995423955227,0.000496110793413509,0.000209531924876992,0
0,0,0,0,0,0,0,0,0,0,0,0,0.0655819684483438,0,0,0,0,0,0,0,0.285972444582504,0,0,0,0,0,0,0,0.0109027683987166,0,0.0518863049495644,0,0,0,0,0,0.00496890257639786,0,0.006183193949318,0,0,0,0,0,0,0,0,0,0,0,0,0,0,0,0,0,0.0758078093202455,0,0.00543134414343161,0,0,0,0,0.0648932652352782,0,0,0,0,0,0,0,0.00395544346296278,0,0.00239255439824513,0,0,0,0,0,0.000444033934486035,0,0.00402077649017683,0.00173306993635758,0,0,0,0
0,0,0,0,0,0.000403566330656092,0,0.000707060899244885,0,0,0,0,0,0.0251661048511083,0,0,0,0,0,0.0255164974148734,0,0,0,0,0,0,0,0,0,0.00310487434871119,0,0,0,0,0,0.00395107263886777,0,0.014658292285894,0,0,0,6.73989424164505e-06,0,0,0,0,0,0,0,0,0,0,0,0,0,0,0,0.104349002875086,0,0.0257792893582464,0,0,0.00858276804017225,0,0,0,0,0,0,0,0.000551909008042547,0,0.0504394775346264,0,0,0,0,0,0.000892176585051936,0,0.000428326843769973,0,0.000711489188427128,2.10312719076079e-05,0,0,0
0,0,0,0,0,0,0,0,0,0,0.0655819684483438,0,0,0,0,0,0,0,0,0,0,0,0,0,0,0,0,0,0.00208722851315828,0,0,0,0,0,0,0,0,0,0,0,0,0,0,0,0,0,0,0,0,0,0,0,0,0,0,0,0.0171779429278296,0,0.0513251157619759,0,0.00072134139376262,0,0,0,0,0,0,0,0,0.000118320256190335,0,6.60784119143601e-05,0,0,0,0,0,0,0,0,0,0,0.00201292575891864,0.00132334354079716,0,0,0
0,0,0,0,0,0,0,0,0,0,0,0.0251661048511083,0,0,0,0.00224805813740858,0,0,0,0,0,0,0,0,0,0,0,0.0137152217329435,0,0,0,0,0,0,0,0,0,0,0,0,0,0,0,0,0,0,0,0,0,0,0,0,0,0,0,0,0,0,0,0.0269813125580405,0,0.00212617649653981,0,0,0,0,0,0,0,0,0.00792843548618349,0,0,0,0,0,0,0,0,0,0,0,0.00627929755507481,0.00895218831569267,0,0,0
0,0,0,0,0,0,0,0,0.00157023659070202,0,0,0,0,0,0,0,0.0121968157875276,0,0,0,0,0,0,0,0.00471138973080351,0,0.00221926906953189,0,0.00164240751808579,0,0,0,0,0,0,0,0,0,0,0,0,0,0,0,0,0,0,0,0,0,0,0,0,0,0.00931154390785859,0,0,0,0,0,0.0628908627731046,0,0,0,0,0,0,0.000316344132106634,0,0,0,0,0,0,0,0,0,0,0,0,0,0,0.00227627282546972,0.000773029370922695,0,0,0
0,0,0,0,0,0,0,0,0,0.0421135751541299,0,0,0,0.00224805813740858,0,0,0,0.000191369239473715,0,0,0,0,0,0,0,0.000212269151234068,0,0.00516120617921536,0,0,0,0,0,0,0,0,0,0,0,0,0,0,0,0,0,0,0,0,0,0,0,0,0,0,0,0.019631020956209,0,0,0,0,0,0.0415661348180735,0,0,0,0,0,0,0,0,0,0,0,0,0,0,0,0,0,0,0,0,0.00142223156025421,0.00224656023111634,0,0,0
0,2.68740095862689e-05,0.000180184022452754,5.60955798786711e-05,0,1.41772146455917e-05,0,0,0.00107093498914204,0,0,0,0,0,0.0121968157875276,0,0,0.171070044426162,0.0591294116575723,5.33058209976349e-05,0,9.5653346400773e-05,0.000210127660131887,0.000152340771151076,0.028625096760268,0.00124494252862203,0.0204970064513246,0,0.00051490733430752,0,0,0,0,0,0,0,0,0,0,0.00279785088415274,0.00337024405572388,0.00167965147156116,0.00152658330639971,0,1.27894462970816e-05,0.000947225278122715,0.00137161688432488,0,5.3695962818518e-06,4.80320733696679e-05,0,0,0,0,0,6.18445138925734e-05,0,6.38041081148845e-05,0,1.90099532926387e-05,0.00226619140171462,5.26104183187044e-06,4.63065776228866e-05,0.000212178120546246,0,0,0,0.00809564715553787,5.6527696751533e-05,0.00916291740810853,0,0,0.000321348244625256,2.25893478653482e-05,0,0,0,0,0.000901966507089664,0.00070675388345922,0.000119939910959051,5.56427227740693e-05,0.0259528924723735,0.00512148267153422,0.00618162948122766,0.000188594523080963,2.67285845071486e-05
0,1.10637877613559e-05,0,6.13333012958253e-05,0,0,0,0,0,3.16676765154368e-05,0,0,0,0,0,0.000191369239473715,0.171070044426162,0,0.0599997104283254,0,0,0.0051683067704138,0,0.00214946839232963,5.0328712133188e-05,0.0473083449315099,0,0,0,0,0,0,0,0,0,0,0,0,0,0.00390736811354977,0.00121977615413704,0.0035442777096732,0.000319483775239087,0,0,0.00119848492560717,0.000378811268420043,0,0,0.000158684290193916,0,0,0,0,0,5.16881748635552e-06,0,9.66406493113526e-05,0,0,0,0,0.000128447606432894,4.35725018403996e-05,0.000944483120340612,0,0,0,0.00264472708870346,0,0,0,0.0020992201166296,0,0,0,0,0,0.00130767331094056,0.000221851675904904,0.000652091167800332,2.33309927248331e-06,0.0147269627415696,0.00285113246237717,0.00584918918239672,0.000375675166178213,7.37542664106037e-05
0.000515483407163898,0.00017200049589419,0.000291281053692374,0.00109217301962901,0.00036942525082484,3.07361152248589e-05,0,0,3.6503209257756e-05,7.81766380258918e-05,0,0,0,0,0,0,0.0591294116575723,0.0599997104283254,0,9.05111376895348e-05,0,0.000140243290078543,0,0,1.84468269755355e-05,8.19700315460292e-06,0,0,0,0,0,0,0,0,0,0,0,0,0,0.0380312142291475,0.0406879713771151,0.0236144684120268,0.0138471634931969,0,9.04245132995296e-05,0.0186917409348509,0.0179810408247915,1.93302902040552e-05,6.19607185099857e-05,0.000788442298045956,0,0,0,0,3.74132045723646e-06,0,0,0.000661452814750911,0,4.76289135322323e-05,0,1.9028696000217e-05,0.00127066769343563,0.00221190788998281,0,0,0,0,0,0,7.52556153190382e-05,0,0.0141734488620603,0.000199597287058712,0,0,0,0,0.00992107282635981,0.00690854865475621,0.00423693802613536,0.000578512904394205,0.0069435999940297,1.23589383680165e-05,0.0761077586429224,0.00226219613254438,0.00072243753389408
0,0,0,0.000194096963652537,0,0.016123181726866,0,0.00242978698970683,0,0,0,0.0255164974148734,0,0,0,0,5.33058209976349e-05,0,9.05111376895348e-05,0,0,0,0,0,0,0,0,0,0,0,0,0,0,0,0,0.0207637304415083,0,0.0164914643071276,0,1.25907767572513e-05,0,0.00096310993165306,1.2206925685324e-05,0,0,1.94353881816265e-05,0,0.00017665709236964,0,0.000190102977268945,0,0.000130971691482702,0,0,0,0,0,0.0562661263649366,0,0.000306633501767129,0,0,0.0675439631167846,0,0,0,0,0,0,0,0,0,0.000299575278601473,0,0,0,0,0,0.00127851651913114,0,0.000985575694552927,0,0.00211952825975904,0.000102525184090248,0.00440069641966419,0,0
0,0,0,0,0.00124438304603005,0,0.000435136102152879,0,0,0,0.285972444582504,0,0,0,0,0,0,0,0,0,0,0,0,0,0,0,0,0,0,0,0,0,0,0,0,0,0.00556564284708275,0,0.00140013592758662,0,1.65238629724319e-05,0,0,0,0,0,0,0,0,0,0,0,0.00191758826506377,0,0,0,0.0190893118925032,0,0,0,0,0,0,0.00740057078975323,0,0,0,0,0,0,0,0,0,0,0,0,0,0,0,0.000816165453860202,0,0,0.00116143575407066,1.43755267825394e-05,0.00733326091512503,0,0
0,0,0,0,0,0,0,0,0,0,0,0,0,0,0,0,9.5653346400773e-05,0.0051683067704138,0.000140243290078543,0,0,0,0.016464593660195,0.00161108267966521,0,0.00881664140149044,0,0.0163396512553546,0,0,0,0,0,0,0,0,0,0.0429741851222849,0.00598416632690324,5.45813514611252e-06,0,6.030279021372e-06,0,0,0,0,0,0,0,0.000844282179195134,0,0,0,0,0,0,0,0,0,0,0,0,0,0,0.143697490326057,0.0163802716901519,0.00115517708366866,0,0.000877132862938432,0,0.00046031697017036,0,0,0,0,0,0.000102203906191044,0,0,0,0.00561729518626099,0.0021594750394281,0.0139056171156194,0.00623470953029942,0.000142623347818861,0,0
0,0,0,0,0,0,0,0,0,0,0,0,0,0,0,0,0.000210127660131887,0,0,0,0,0.016464593660195,0,0,0.0141546314889562,0,0.00710941010865954,0,0.0135073520503004,0,0,0,0,0,0,0,0,0.0001516079243027,0.0468168912036841,0,0,1.33439516588695e-05,2.29781822126713e-05,0,0,0,0,0.000684821697658544,0.000172694148616957,0,0,0,0,0,0,0,0,0,0,0,0,0,0,0,4.28459149878959e-05,0.117426516460143,0,0.00504765625993195,0,0.00574057926474711,0,0.00154708572150459,0,0,0,0,0,0,0,0,0,0.0140076434969919,0.00697457479076806,0.000450981726202205,8.69373584977672e-06,0,0
0,0,0,0,0,0,0,0,0,0.000351296073740847,0,0,0,0,0,0,0.000152340771151076,0.00214946839232963,0,0,0,0.00161108267966521,0,0,0,0.060004328991003,0,0,0,0,0,0,0,0,0,0,0,0.00728541931414205,0,0,0,1.01981312651537e-05,0,0,0,0,0,0,0,0.0011153595633987,0,0,0,0,0,0.000274704920525682,0,0,0,0,0,0.00308201585730479,0,0,0.00333474377807818,0,0.0750965776971507,0,0.0457244707275979,0,0,0,0,0,0,0,0.00504902894148807,0,0,0,0.00573811961570783,0,0.00036994601553222,0,0.00084172568963489,0,0
0,0,0,0,0,0,0,0,0.00805089063087188,0,0,0,0,0,0.00471138973080351,0,0.028625096760268,5.0328712133188e-05,1.84468269755355e-05,0,0,0,0.0141546314889562,0,0,0,0.0438794735741358,0,0,0,0,0,0,0,0,0,0,5.74874079219151e-05,0.0129911529263467,9.23787378954242e-05,0,0,0,0,0,0,0,0.000293991819913529,0.00140550507876439,0,0,0,0,0,0.00467956723220148,0,0,0,0,0,0.00297965448810045,0,0,0,0,0.00393858317478588,0,0.166406819574845,0,0.153496189434713,0,0,0,0,0,0,0,0,0,0,0,0.00252305206124453,0.00215977935962812,2.232439147504e-05,0.00170435999442056,0,0
0,0,0,0,0,0,0,0,0,0,0,0,0,0,0,0.000212269151234068,0.00124494252862203,0.0473083449315099,8.19700315460292e-06,0,0,0.00881664140149044,0,0.060004328991003,0,0,0,0.0546210537686707,0,0,0,0,0,0,0,0,0,0,0,0,0,1.20844596067482e-05,0,0,0,0,0,0,0,0,0,0,0,0,0,0,0,0,0,0,0,0,0,0,0.00703912929842572,0,0.00318501209948973,0,0.0254827481919238,0,0.000525076905758289,0,0,0,0,0,0,0,0,0,0,0,0.00455435916790277,6.55627192596599e-05,0,0,0
0,0,0,0,0,0,0,0,0.003658781950737,0,0,0,0,0,0.00221926906953189,0,0.0204970064513246,0,0,0,0,0,0.00710941010865954,0,0.0438794735741358,0,0,0,0.00377278778791371,0,0,0,0,0,0,0,0,0,0,0,0,0,0,0,0,0,0,0,0,0,0,0,0,0,0.00164510601439938,0,0,0,0,0,0,0,0,0,0,0.000339102327335166,0,0.014181994357791,0,0.0474530853225421,0,0.000733084885108044,0,0,0,0,0,0,0,0,0,0,0.00230537485029331,0.00010164311277674,0,0,0
0,0,0,0,0,0,0,0,0,0,0,0,0,0.0137152217329435,0,0.00516120617921536,0,0,0,0,0,0.0163396512553546,0,0,0,0.0546210537686707,0,0,0,0.0330936325075622,0,0,0,0,0,0,0,0.00496249670175449,0,0,0,0,0,0,0,0,0,0,0,0,0,0,0,0,0,0,0,0,0,0,0,0.0133160463808981,0,0,0.0123031517188671,0,0,0,0.0313824228721499,0,0.188141220829605,0,0,0,0,0,0,0,0,0,0.000321265060859827,0,0.00817418361240153,0.0107766529094492,0,0,0
0,0,0,0,0,0,0,0,0,0,0.0109027683987166,0,0.00208722851315828,0,0.00164240751808579,0,0.00051490733430752,0,0,0,0,0,0.0135073520503004,0,0,0,0.00377278778791371,0,0,0,0.00098032732096923,0,0,0,0,0,0,0,0.00512519722352676,0,0,0,0,0,0,0,0,0,0,0,0,0,0,0,0,0,0.000675455839482761,0,0,0,0,0,0,0,0,0.00100688595221285,0,0,0,0.000895336718335446,0,0.0691353114805592,0,0,0,0,0,0,0,0,0,0.00410050013558567,0.00168377190500166,0.00368244528264004,0,0,0
0,0,0,0,0,0,0,0,0,0,0,0.00310487434871119,0,0,0,0,0,0,0,0,0,0,0,0,0,0,0,0.0330936325075622,0,0,0,0,0,0,0,0,0,0.0141350534630721,0,0,0,0,0,0,0,0,0,0,0,0,0,0,0,0,0,0,0,6.22350707936148e-05,0,0,0,0,0,0,0,0,0,0,0,0,0.0740791508482988,0,0.161516719829773,0,0,0,0,0,0,0,0.00563266635875988,0,0.00195018961132597,7.01487169330617e-05,0,0,0
0,0,0,0,0,0,0,0,0,0,0.0518863049495644,0,0,0,0,0,0,0,0,0,0,0,0,0,0,0,0,0,0.00098032732096923,0,0,0,0,0,0,0,0,0,0.0184734146747602,0,0,0,0,0,0,0,0,0,0,0,0,0,0,0,0,0,0.00282881993697777,0,0,0,0,0,0,0,0,0,0,0,0,0,0,0,0,0.0221746128987166,0,0,0,0,0,0,0,0.00399110789365532,0.000439337343615553,0,0,0,0
0,0,0,0,0,0,0,0,0,0,0,0,0,0,0,0,0,0,0,0,0,0,0,0,0,0,0,0,0,0,0,0,0.0764555431296854,0.00103520899150173,0,0.00600724257057672,0.00260296592806186,0,0,0,0,0,0,0,0,0,0,0.0147882580695901,4.27443346665713e-05,0,0,0,0,0,0,0,0,0,0,0,0,0,0,0,0,0,0,0,0,0,0,0,0,0,0.124569808863425,0.0207138899555422,0.0063333261359204,0,0.000687669438009204,0.000330419986913685,0,0,0.00069344514225933,0,0,0,0
0,0,0,0,0,0,0,0,0,0,0,0,0,0,0,0,0,0,0,0,0,0,0,0,0,0,0,0,0,0,0,0.0764555431296854,0,0.000539209371589758,0.00905078638986288,0.000100873139336119,0.0106502945655814,0,0,0,0,0,0,0,0,0,0,0.178791972739104,8.02643134156268e-05,0.00227644701575393,0,0,0,0,0,0,0,0,0,0,0,0,0,0,0,0,0,0,0,0,0,0,0,0,0.106168759319601,0.219335747548063,0.000149808261383107,0.0117269737471143,5.00823083885007e-06,0.00173824301571521,0,0,0.000242417446455249,0,0,0,0
0,0,0,0,0,0,0,0,0,0,0,0,0,0,0,0,0,0,0,0,0,0,0,0,0,0,0,0,0,0,0,0.00103520899150173,0.000539209371589758,0,0.379858713549024,0.0129757435341943,6.28027762421572e-05,0.00437866317687896,0.00236029093986393,0,0,0,0,0,0,0,0,0.2219662381206,0.000858262974771623,0,0,0,0,0,0,0,0,0,0,0,0,0,0,0,0,0,0,4.83883734650439e-05,0,0,0,0,0,0,0.0025988036666225,0.00114969371788067,0.109719806184946,0.196203181971338,0.00314358794784809,4.35088238068002e-06,0.000366856329366213,0.000672666651879169,0.00198413997239871,0,6.78974042698572e-05,0,0
0,2.47940363248371e-05,0,0,0,0,0,0,5.58365769049525e-05,0,0,0,0,0,0,0,0,0,0,0,0,0,0,0,0,0,0,0,0,0,0,0,0.00905078638986288,0.379858713549024,0,0,0.0267726386869091,0.0123118650313672,0.00639886422755307,0,0,6.24404345885357e-05,0,0,0,0,0,0.339106168095064,0.000777220330963595,0.000588688624078178,0,0,0,0,0.000248911348566345,0,0,0,0,0,0,0,0,0,0,0,0,0.000315285637364881,0,0,0,0,0,0,0,0.00940583700420689,0.132058684904667,0.105828345272257,0,0.00346369996557604,0.00468271345932205,0.00295987663887714,0.00260878082488259,0,0.000121581061304081,0,0
0,0,0,0,0,5.78043586238839e-05,0,0,0,0,0,0.00395107263886777,0,0,0,0,0,0,0,0.0207637304415083,0,0,0,0,0,0,0,0,0,0,0,0.00600724257057672,0.000100873139336119,0.0129757435341943,0,0,0.0330989468044319,0.0348090361692153,0.00130980068855924,0.000900316101328621,0,0.000115750844679071,0,0,0,0,0,0.0028103394006814,0,2.70901493767747e-05,0,1.51093421849133e-05,0,0,0,0,0,0.00333366042182789,0,0,0,0,0.0174864031693205,0,0,0,0,0,0,0,0,0,0,0,0.00570418135625869,0.00095573290128204,0.021338896728093,0,0.119694821205147,0.00397822602123001,0.0403115039145435,0.000160194653372447,0.0148165984898562,0.00196130695639261,0.0023265882934648,0,0
0,0,3.12420870771075e-06,0,0.000278485946129324,0,0,0,0,0,0.00496890257639786,0,0,0,0,0,0,0,0,0,0.00556564284708275,0,0,0,0,0,0,0,0,0,0,0.00260296592806186,0.0106502945655814,6.28027762421572e-05,0.0267726386869091,0.0330989468044319,0,0.000243871200071453,0.0686433326496329,0,0,0,0,0,0,0,0.00016619020402716,0.00178510903321047,0,3.41840021091232e-05,0.000386609043930588,0,0,0,0,0,0.00117529580994739,0,0,0,0,0,0,0.00654566931575094,0,0,0,0,0,0,0,0,0,0,0.00495064747334917,0.0125077046066063,0,0.0171188963779178,0.0283703926216387,0.142778466232445,0,0.00455629249947108,0.0157413898531322,0.0049749657188338,0.00108353595417469,0,0
2.95382635805472e-05,2.15772410162561e-05,1.10559401415161e-05,0,0,0,0,0,3.61632940947954e-05,0.000121727559447628,0,0.014658292285894,0,0,0,0,0,0,0,0.0164914643071276,0,0.0429741851222849,0.0001516079243027,0.00728541931414205,5.74874079219151e-05,0,0,0.00496249670175449,0,0.0141350534630721,0,0,0,0.00437866317687896,0.0123118650313672,0.0348090361692153,0.000243871200071453,0,0.0519964309246317,0,0,0.000278787171866838,0.000266326627836768,0,0,0,0,0.0315356134400346,0.00347818532396107,0.00892804252170005,0,0,0,0,0.000165318901868453,0.000581242025593199,0,0.0141383506693454,0,0,0,0,0.000886223465095359,0,0.0668803676784912,1.8445115110205e-05,0.0102735829568511,0.000204817296193064,0,0,0.00395861232059549,0,0.0414274040681876,0,0,0,0.00578501078298062,0.00415354785127891,0.00323479996624682,0.000140009013643717,0.222825296491205,0.00995675929921718,0.0204242213028125,0.00324263215217117,0.00427169777155116,0,0
4.07377375724338e-05,1.77297096042412e-05,0.000249800148252904,0,0,0,0,0,0.00170045232217872,0,0.006183193949318,0,0,0,0,0,0,0,0,0,0.00140013592758662,0.00598416632690324,0.0468168912036841,0,0.0129911529263467,0,0,0,0.00512519722352676,0,0.0184734146747602,0,0,0.00236029093986393,0.00639886422755307,0.00130980068855924,0.0686433326496329,0.0519964309246317,0,0,0,2.48142078658643e-06,8.20532180029116e-05,0,0,0,0,0.0236303582894445,0.00336195181800865,8.39581746033961e-05,0,0,0,0,0.0047491719156947,0,0.0145549686588734,0,0,0,0.000132569060774578,0,0,0.00102297044667839,0.000147551068746051,0.0147207807565337,0,0.0168098863047687,0,3.59091425831637e-05,0,0.00299580288676496,0,0.00241215478418831,0,0,0.000889871312129682,0.00133810315275765,0.000672476301787677,0.0294335327411505,0.00506063998807807,0.1778779874088,0.0150135504808464,0.00117210925704468,0.000628059984125425,0,0
0,0.000793232661659307,0.000142125207924682,0.005442522712112,0,0.000874312393990774,0,0,0,0,0,0,0,0,0,0,0.00279785088415274,0.00390736811354977,0.0380312142291475,1.25907767572513e-05,0,5.45813514611252e-06,0,0,9.23787378954242e-05,0,0,0,0,0,0,0,0,0,0,0.000900316101328621,0,0,0,0,0.000701416249043252,0.0690615962613608,0.000549670094350459,0,0,0.0286595006095355,0.000630086133187154,0.00351798021635105,0,0.0455086568829417,0,0.000174539111109292,0,0,0,1.62633908039706e-05,0,8.72259571513224e-05,0,5.73737730966764e-05,0,0.000446374216023422,0.00597114440006408,6.93024590020519e-05,0,0,0,0,0,0,0,0,0.00196383521507519,7.27206842761671e-05,0,0,0,0,0.00821353632765915,7.03010695111474e-05,0.000604566406455799,4.23976410303086e-05,0.00253147840291919,4.33890971000671e-06,0.0563926221681403,0.00399779737488949,0
0,0,0.00326803838192949,0.000225523864929874,0.000329402030209407,0,0,0,0,0,0,0,0,0,0,0,0.00337024405572388,0.00121977615413704,0.0406879713771151,0,1.65238629724319e-05,0,0,0,0,0,0,0,0,0,0,0,0,0,0,0,0,0,0,0.000701416249043252,0,0.00203382487213903,0.084930095409692,0,0.00490266588518033,0.000735366947914844,0.0855344519404308,0.000336827479241806,0.0245204178021269,0,0,0,0,0,0,0,0,3.81005427802544e-05,0,0,0,0,0,0.0269058517293803,0,0,0,0,0,0,0,0,0.000504330376253776,0.000239467876629591,0,0,0,0,0.00015366270848265,0.00262989665507481,2.88528835049208e-05,0.000387282176638694,0.0017054321808049,1.66504107724327e-05,0.0471755905008431,0.00011142407031306,0.00393870795402952
0,0.0277092980919554,0.000304532091276713,0.0296062231719006,0,0.00192523489700209,0,0,4.68386859209364e-05,0.00173137101265951,0,6.73989424164505e-06,0,0,0,0,0.00167965147156116,0.0035442777096732,0.0236144684120268,0.00096310993165306,0,6.030279021372e-06,1.33439516588695e-05,1.01981312651537e-05,0,1.20844596067482e-05,0,0,0,0,0,0,0,0,6.24404345885357e-05,0.000115750844679071,0,0.000278787171866838,2.48142078658643e-06,0.0690615962613608,0.00203382487213903,0,0.00662056303281498,0,2.04848914210683e-05,0.0111335573636476,0.000861967314754644,0.00597321491216919,1.69320988432035e-05,0.0568247432800594,0,0.000265774247839516,0,0,4.91647850806265e-06,0.00154611352641633,0,0.0208713836469046,0,0.000276836800245922,1.61750597108374e-05,0.00145153685949217,0.00406459437675542,5.34771716657078e-05,0,0,0,0,0,0,0.000574298488358117,0,0.0597184689166601,1.43847309190992e-05,0,0,1.10836206181184e-05,0,0.00845581240169961,0.000267200623155089,0.00190822483139806,4.32583197569094e-05,0.00618295576361129,0.000139991289853796,0.101826951194679,0.0104065248015268,0.000115429905019045
0.00486697273683794,3.47352739921415e-05,0.0192085660499943,0.000283681805247906,0.000846294348297195,0,0,0,0.00304039149965335,0,0,0,0,0,0,0,0.00152658330639971,0.000319483775239087,0.0138471634931969,1.2206925685324e-05,0,0,2.29781822126713e-05,0,0,0,0,0,0,0,0,0,0,0,0,0,0,0.000266326627836768,8.20532180029116e-05,0.000549670094350459,0.084930095409692,0.00662056303281498,0,0,0.0015759680599195,0.000256235072961369,0.0308269602203277,0.0278635713032747,0.0393644255650663,4.70483226267842e-05,0,0,0,0,0.00136439407572619,0,0,0,0,0,0,1.04587703494722e-05,0,0.00999835845723898,0,0,0,1.53900411587668e-05,0,0,0,0,0.000212963144242569,0.00450762092482062,0,0,0,0,0.00012270591891662,0.00596870655137165,5.79167314725663e-05,0.000690776746373964,0.0051780840654302,3.58439492400926e-05,0.147039762542615,0,0.00332893781273224
0,0,0,0,0,0,0,0,0,0,0,0,0,0,0,0,0,0,0,0,0,0,0,0,0,0,0,0,0,0,0,0,0,0,0,0,0,0,0,0,0,0,0,0,0,0,0,0,0,0,0,0,0,0,0,0,0,0,0,0,0,0,0,0,0,0,0,0,0,0,0,0,0,0,0,0,0,0,0,0,0,0,0,0,0,0,0
0,0,0,0,0,0,0,0,0,0,0,0,0,0,0,0,1.27894462970816e-05,0,9.04245132995296e-05,0,0,0,0,0,0,0,0,0,0,0,0,0,0,0,0,0,0,0,0,0,0.00490266588518033,2.04848914210683e-05,0.0015759680599195,0,0,0,0.000229123731357165,0,0,0,0,0,0,0,0,0,0,0,0,0,0,0,0,0.000181505482835486,0,0,0,0,0,0,0,0,0,0,0,0,0,0,1.3295175091612e-06,0.000205393732981051,0,0,2.59301648869403e-05,0,0.00103060897829719,0,0.000732250432315611
0,0.000183649159005691,0,0.00137799962640586,0,0.0002235845244579,0,0,0,0,0,0,0,0,0,0,0.000947225278122715,0.00119848492560717,0.0186917409348509,1.94353881816265e-05,0,0,0,0,0,0,0,0,0,0,0,0,0,0,0,0,0,0,0,0.0286595006095355,0.000735366947914844,0.0111335573636476,0.000256235072961369,0,0,0,0.000422659000079028,0.000152177996508816,0,0.000856573981712344,0,0,0,0,0,0,0,0.000157212290818328,0,1.48430031791234e-05,0,0.00010007748038897,0.0268881731107973,4.09368977208726e-05,0,0,0,0,0,0,0,0,0.00113006248796672,0,0,0,0,0,0.00700806928332104,1.21421539199976e-05,0.00574500684144804,0,0.000610164575532584,1.41173737108364e-06,0.0281780547730575,0,0
0,0,0.00105387208013659,0,0.000144398360357002,0,0,0,0,0,0,0,0,0,0,0,0.00137161688432488,0.000378811268420043,0.0179810408247915,0,0,0,0,0,0,0,0,0,0,0,0,0,0,0,0,0,0.00016619020402716,0,0,0.000630086133187154,0.0855344519404308,0.000861967314754644,0.0308269602203277,0,0.000229123731357165,0.000422659000079028,0,0.00010090806347253,0.000617222786178166,0,0,0,0,0,0,0,7.85544458802338e-06,0,0,0,0,0,0,0.0592776859912346,0,0,0,0,0,0,0,0,0.000149060235505981,1.71443564387641e-05,0,0,0,0,0.000102861631736153,0.0141447418705078,7.46274622445523e-05,0.00281263616546367,0.000942776085810632,5.04159597876864e-06,0.0338605141019091,0,0.000200697861467362
0,1.12946815014505e-05,4.65704477506518e-05,0.000743955365662618,0,0.000770456563201259,0,0,0.000113280728568898,0,0,0,0,0,0,0,0,0,1.93302902040552e-05,0.00017665709236964,0,0,0.000684821697658544,0,0.000293991819913529,0,0,0,0,0,0,0.0147882580695901,0.178791972739104,0.2219662381206,0.339106168095064,0.0028103394006814,0.00178510903321047,0.0315356134400346,0.0236303582894445,0.00351798021635105,0.000336827479241806,0.00597321491216919,0.0278635713032747,0,0,0.000152177996508816,0.00010090806347253,0,0.171051157948004,0.0956770580905651,0,0.000123374163142584,0,0,0.00071030743110399,0.00030099372801752,0,5.74646728016166e-06,0,5.47127969467489e-05,0,0.000173062431005909,0,2.02960786013685e-05,0,0.000104198724309473,0,0.000822588692851528,0,0,0,0,1.96970220960386e-05,0,0.000580494706396005,0.183058428928345,0.0328402883055063,0.0397391912263392,0.00586209231594535,0.021823351576019,0.00317354871283164,0.0147575459181395,0.00800148862927245,5.90659160647223e-05,0.0196264891332003,0,1.10494034743593e-05
0.00316049878444551,0.000198864848546209,0.00144646328923701,0,8.9951467513468e-05,1.40078726668883e-05,0,0,0.00758712091404726,1.15281243104849e-05,0,0,0,0,0,0,5.3695962818518e-06,0,6.19607185099857e-05,0,0,0,0.000172694148616957,0,0.00140550507876439,0,0,0,0,0,0,4.27443346665713e-05,8.02643134156268e-05,0.000858262974771623,0.000777220330963595,0,0,0.00347818532396107,0.00336195181800865,0,0.0245204178021269,1.69320988432035e-05,0.0393644255650663,0,0,0,0.000617222786178166,0.171051157948004,0,0.0901474701585789,0,0,0,0,0.0247934927084772,0,0,0,0.000502563507464662,0,0.00356955237617302,0,0,7.88644264310899e-05,0,0,0,0.00548330247913474,0,0.00123365328221193,0,0,0,0.00177388271168293,0,0.000228934855432878,0.000583895016884343,0.00026674939385507,0,0.00179444278761036,0.000323369199727658,0.00247514936235265,0.00280624084378465,8.79784515876668e-06,0.0208440582662023,0,0
0,0.0290792233291369,0,0.00226696550816055,0,5.78751936911342e-05,0,0,0,0.00040531291883532,0,0,0,0,0,0,4.80320733696679e-05,0.000158684290193916,0.000788442298045956,0.000190102977268945,0,0.000844282179195134,0,0.0011153595633987,0,0,0,0,0,0,0,0,0.00227644701575393,0,0.000588688624078178,2.70901493767747e-05,3.41840021091232e-05,0.00892804252170005,8.39581746033961e-05,0.0455086568829417,0,0.0568247432800594,4.70483226267842e-05,0,0,0.000856573981712344,0,0.0956770580905651,0.0901474701585789,0,0,4.73507652644853e-05,0,0,2.40251524021551e-05,0.000732402599605416,0,0.0100296117228886,0,0.00478993715488945,0,0.00186027101765462,0.000324117127996128,0,0.00393073530304531,0,0.0048929424290663,5.3256412885336e-05,0.000401409146647285,0,0.00499033956643137,0,0.0217600255606808,0,0,0.00724377498014617,0,1.62911246707692e-05,0.0066378594871571,3.35469538991374e-05,0.00597368916599051,5.43865429421905e-05,0.00123957454315948,6.57569195117167e-06,0.0312647762099171,0.00157735558978145,0
0,0,0.000833737950363046,0,0.0158465729978405,0,0,0,0.000184803638856642,0,0,0,0,0,0,0,0,0,0,0,0,0,0,0,0,0,0,0,0,0,0,0,0,0,0,0,0.000386609043930588,0,0,0,0,0,0,0,0,0,0,0,0,0,0,0,0,0,0,0,0.0297780165176078,0,0,0,0,0,0,0,0,0,0,0,0,0,0,0,0,0,0,0,0,0,0,0.0002035638720969,0,0,0.00011602022660729,0,0.00101794467466638,0,0
0,0,0,0.00527280170082641,0,0.0772223773669056,0,0.0520436123348214,0,0,0,0,0,0,0,0,0,0,0,0.000130971691482702,0,0,0,0,0,0,0,0,0,0,0,0,0,0,0,1.51093421849133e-05,0,0,0,0.000174539111109292,0,0.000265774247839516,0,0,0,0,0,0.000123374163142584,0,4.73507652644853e-05,0,0,0,0,0,0,0,0.0013409969086715,0,0,0,0,0,0,0,0,0,0,0,0,0,0,0,0,0,0,0,0,1.44541238185393e-05,0,0,0,0.00162456478481984,0,0.00368794319535272,0,0
0,0,0,0,0,0,0.004630810228311,0,0,0,0,0,0,0,0,0,0,0,0,0,0.00191758826506377,0,0,0,0,0,0,0,0,0,0,0,0,0,0,0,0,0,0,0,0,0,0,0,0,0,0,0,0,0,0,0,0,0,0,0,0.00174431085358097,0,0,0,0,0,0,0,0,0,0,0,0,0,0,0,0,0,0,0,0,0,0,0,0,0,0.000713038216731715,0,0,0,0
0,0,0,0,0,0,0,0.0785274179411001,0,0,0,0,0,0,0,0,0,0,0,0,0,0,0,0,0,0,0,0,0,0,0,0,0,0,0,0,0,0,0,0,0,0,0,0,0,0,0,0,0,0,0,0,0,0,0,0,0,0,0,3.11997131501145e-05,0,0,0,0,0,0,0,0,0,0,0,0,0,0,0,0,0,0,0,0,0,0,0.000446847157531128,0,0,0,0
0.0680936558707563,0,0.0318667439352667,0,0,0,0,0,0.116366875202693,0,0,0,0,0,0.00931154390785859,0,0,0,3.74132045723646e-06,0,0,0,0,0,0.00467956723220148,0,0.00164510601439938,0,0,0,0,0,0,0,0.000248911348566345,0,0,0.000165318901868453,0.0047491719156947,0,0,4.91647850806265e-06,0.00136439407572619,0,0,0,0,0.00071030743110399,0.0247934927084772,2.40251524021551e-05,0,0,0,0,0,0,0.00256879422469315,0,0,0,0.073568617696796,0,0,0,0,0,0,0.0352945595590526,0,0.0150217605886717,0,0,0,0,0,0,0,0,0,0,0,0.00734250728283702,0.00093031187545366,0.00024025057573942,0.00568081017711132,0,0
0,0.0442341011515808,0,0.000233023249152322,0,0,0,0,0,0.152827971732101,0,0,0,0,0,0.019631020956209,6.18445138925734e-05,5.16881748635552e-06,0,0,0,0,0,0.000274704920525682,0,0,0,0,0,0,0,0,0,0,0,0,0,0.000581242025593199,0,1.62633908039706e-05,0,0.00154611352641633,0,0,0,0,0,0.00030099372801752,0,0.000732402599605416,0,0,0,0,0,0,0,0,0,0.0003426637098512,0,0.0858871728176073,0,0,4.04519405048874e-05,0,0.0267305337887747,0,0.000322891018880459,0,0,0,2.82037383115066e-05,0,0,0,0.00127557803339173,0,0,0,0.00106250071241359,0,0.000686975815907356,0.000656288201802456,0.0010698984646639,0.000146162373519826,0
0,0,0.00459204674693462,0,0.00283906366024637,0,0,0,0.000223700957722085,0,0.0758078093202455,0,0.0171779429278296,0,0,0,0,0,0,0,0.0190893118925032,0,0,0,0,0,0,0,0.000675455839482761,0,0.00282881993697777,0,0,0,0,0,0.00117529580994739,0,0.0145549686588734,0,0,0,0,0,0,0,7.85544458802338e-06,0,0,0,0.0297780165176078,0,0.00174431085358097,0,0.00256879422469315,0,0,0,0.0358319883083649,0,0.00553245071707618,0,0,0.0589824917428348,0,0,0,0,0,0,0,0.000615536421588999,0,0.115477855198033,0,0,0,0,0,0.000102676819112892,0,0,0.00204301817184741,1.51595801735446e-05,0.0179654730699724,0,0
0,0.00214073215162177,0,0.0046280131615536,0,0,0,0.00431447437551969,0,9.62155629330124e-05,0,0.104349002875086,0,0,0,0,6.38041081148845e-05,9.66406493113526e-05,0.000661452814750911,0.0562661263649366,0,0,0,0,0,0,0,0,0,6.22350707936148e-05,0,0,0,0,0,0.00333366042182789,0,0.0141383506693454,0,8.72259571513224e-05,3.81005427802544e-05,0.0208713836469046,0,0,0,0.000157212290818328,0,5.74646728016166e-06,0,0.0100296117228886,0,0.0013409969086715,0,0,0,0,0,0,0,0.00987910781858059,0,0.00119098247466758,0.00961217324214115,0,0,0,0,0,0,0,0.000490587142989359,0,0.0418847636058537,0,0,0,0,0,5.96458964438972e-05,0,0.0010530172445607,0,0.000356838927571608,0,0.0107980597314834,0.000608186790935625,0
0,0,8.91787934677434e-05,0,0,0,0.0141800010411173,0,0,0,0.00543134414343161,0,0.0513251157619759,0,0,0,0,0,0,0,0,0,0,0,0,0,0,0,0,0,0,0,0,0,0,0,0,0,0,0,0,0,0,0,0,0,0,0,0.000502563507464662,0,0,0,0,0,0,0,0.0358319883083649,0,0,0,0.0014932183759117,0,0,0,0,0,0,0,0,0,0,0,0,0,0,0,0,0,0,0,0,0,0.00554753625090293,0.000665963428567603,5.69685865377777e-05,0,0
0,7.54543905884461e-05,0,0.00293887920821934,0,0,0,0.0210676474865852,0,0.00218209253071846,0,0.0257792893582464,0,0.0269813125580405,0,0,1.90099532926387e-05,0,4.76289135322323e-05,0.000306633501767129,0,0,0,0,0,0,0,0,0,0,0,0,0,0,0,0,0,0,0,5.73737730966764e-05,0,0.000276836800245922,0,0,0,1.48430031791234e-05,0,5.47127969467489e-05,0,0.00478993715488945,0,0,0,3.11997131501145e-05,0,0.0003426637098512,0,0.00987910781858059,0,0,0,0.000303616834571585,0.00084197487679117,0,0,0,0,0,0,0,1.71993659561937e-05,0,0.000211654017920021,0,0,0,0,0,8.26248495624249e-06,3.34117107216435e-06,7.93520413749438e-06,0,0.00189716752495318,0.00350541680800182,0.00384108697973498,0,0
0.00830544335548522,0,0.00112717302350812,0,0,0,0,0,0.0331114482674681,0,0,0,0.00072134139376262,0,0.0628908627731046,0,0.00226619140171462,0,0,0,0,0,0,0,0.00297965448810045,0,0,0,0,0,0,0,0,0,0,0,0,0,0.000132569060774578,0,0,1.61750597108374e-05,0,0,0,0,0,0,0.00356955237617302,0,0,0,0,0,0.073568617696796,0,0.00553245071707618,0,0.0014932183759117,0,0,0,0,0,0,0,0,0.0361280852830015,0,0.00657201811234504,0,0,0,0,0,0,0,0,0,0,0,2.43189063837112e-05,0.000557518496813485,4.63938297381523e-05,0.000188455107871935,0,0
0,0.00560748541471034,0,0.0117474299462727,0,0,0,0,0,0.152108487111098,0,0,0,0.00212617649653981,0,0.0415661348180735,5.26104183187044e-06,0,1.9028696000217e-05,0,0,0,0,0.00308201585730479,0,0,0,0.0133160463808981,0,0,0,0,0,0,0,0,0,0,0,0.000446374216023422,0,0.00145153685949217,1.04587703494722e-05,0,0,0.00010007748038897,0,0.000173062431005909,0,0.00186027101765462,0,0,0,0,0,0.0858871728176073,0,0.00119098247466758,0,0.000303616834571585,0,0,3.1768058021841e-05,0,8.6520632308596e-05,0,0.0431786417591488,0,0.000301144989720862,0,5.48053789021028e-05,0,0.000348225629503086,0,0,0,0,0,6.70341395646707e-05,0,4.24445328461311e-05,0,0.000676294826223806,0.000241005005434956,0.00234450093327066,0,0
0,7.83883293158749e-05,0,0.000196082143176096,0,0.000930577307642023,0,0.00119085182528356,0,0,0,0.00858276804017225,0,0,0,0,4.63065776228866e-05,0.000128447606432894,0.00127066769343563,0.0675439631167846,0,0,0,0,0,0,0,0,0,0,0,0,0,0,0,0.0174864031693205,0,0.000886223465095359,0,0.00597114440006408,0,0.00406459437675542,0,0,0,0.0268881731107973,0,0,0,0.000324117127996128,0,0,0,0,0,0,0,0.00961217324214115,0,0.00084197487679117,0,3.1768058021841e-05,0,0,0,0,0,0,0,0,3.74561490356695e-05,0,0.0284969892966763,0,0,0,0,0,0.0134175840906772,1.24149169357721e-05,0.0125584600129266,0,0.0017035594886567,0,0.0261791954786594,6.71724317472791e-05,0
0,0,0.000594400178980798,0,0.00020013065416968,0,0.00343355609990891,0,0,0,0.0648932652352782,0,0,0,0,0,0.000212178120546246,4.35725018403996e-05,0.00221190788998281,0,0.00740057078975323,0,0,0,0,0,0,0,0,0,0,0,0,0,0,0,0.00654566931575094,0,0.00102297044667839,6.93024590020519e-05,0.0269058517293803,5.34771716657078e-05,0.00999835845723898,0,0.000181505482835486,4.09368977208726e-05,0.0592776859912346,2.02960786013685e-05,7.88644264310899e-05,0,0,0,0,0,0,0,0.0589824917428348,0,0,0,0,0,0,0,0,0,0,0,0,0,0,0,0,9.83986781194273e-05,0,0,0,0,7.24941799698533e-06,0.0124349830349702,4.57405202776515e-06,0.00399376394541628,0.00154821629591695,0,0.0368365318261797,0,9.60292609572701e-05
0,0,0,0,0,0,0,0,0,2.62644128087233e-05,0,0,0,0,0,0,0,0.000944483120340612,0,0,0,0.143697490326057,4.28459149878959e-05,0.00333474377807818,0,0.00703912929842572,0,0.0123031517188671,0,0,0,0,0,0,0,0,0,0.0668803676784912,0.000147551068746051,0,0,0,0,0,0,0,0,0,0,0.00393073530304531,0,0,0,0,0,4.04519405048874e-05,0,0,0,0,0,8.6520632308596e-05,0,0,0,0.000243788245862188,0.0113934809507242,0,0.0178862468702402,0,0.0172827490842614,0,0,0,0,0,0,0,0,0,0.00403891417479047,0,0.0105149728711037,0.00363441783962547,1.99149739171252e-05,0,0
0,0,0,0,0,0,0,0,0,0,0,0,0,0,0,0,0,0,0,0,0,0.0163802716901519,0.117426516460143,0,0.00393858317478588,0,0.000339102327335166,0,0.00100688595221285,0,0,0,0,0,0,0,0,1.8445115110205e-05,0.0147207807565337,0,0,0,0,0,0,0,0,0.000104198724309473,0,0,0,0,0,0,0,0,0,0,0,0,0,0,0,0,0.000243788245862188,0,0,0.0012607211597774,0,0,0,0,0,0,0,0,0,0,0,0,0,0.00410790294677724,0.00882021095718576,7.32436440066985e-05,0,0,0
0,0,0,0,0,0,0,0,0,0.00921685438985469,0,0,0,0,0,0,0,0,0,0,0,0.00115517708366866,0,0.0750965776971507,0,0.00318501209948973,0,0,0,0,0,0,0,0,0,0,0,0.0102735829568511,0,0,0,0,0,0,0,0,0,0,0,0.0048929424290663,0,0,0,0,0,0.0267305337887747,0,0,0,0,0,0.0431786417591488,0,0,0.0113934809507242,0,0,0,0.0274746253514477,0,0.000677673196032961,0,0,0,0,0,0.0066522549135328,0,0,0,0.0112330098704859,0,5.42829687142343e-05,0,0.0014243362397586,0,0
0.000473464975482524,5.465596655354e-05,0,0,0,0,0,0,0.0146010236921006,0,0,0,0,0,0.000316344132106634,0,0.00809564715553787,0,0,0,0,0,0.00504765625993195,0,0.166406819574845,0,0.014181994357791,0,0,0,0,0,0,4.83883734650439e-05,0.000315285637364881,0,0,0.000204817296193064,0.0168098863047687,0,0,0,1.53900411587668e-05,0,0,0,0,0.000822588692851528,0.00548330247913474,5.3256412885336e-05,0,0,0,0,0.0352945595590526,0,0,0,0,0,0.0361280852830015,0,0,0,0,0.0012607211597774,0,0,0,0.0387028939266942,0,0,0,0,0,0,0,0,0,0,0,0.00903297367827264,0.00154822182743062,2.06964454333092e-06,0.00205487814360347,0,0
0,0,0,0,0,0,0,0,0,0.00959328697073549,0,0,0,0,0,0,5.6527696751533e-05,0.00264472708870346,0,0,0,0.000877132862938432,0,0.0457244707275979,0,0.0254827481919238,0,0.0313824228721499,0,0,0,0,0,0,0,0,0,0,0,0,0,0,0,0,0,0,0,0,0,0.000401409146647285,0,0,0,0,0,0.000322891018880459,0,0,0,0,0,0.000301144989720862,0,0,0.0178862468702402,0,0.0274746253514477,0,0,0,0.00018196131521753,0,0,0,0,0,0,0,0,0,0,0,0.00160751342733771,0,0,0,0
5.68477979195751e-05,0,0,0,0,0,0,0,0.00208409650233702,0,0,0,0.000118320256190335,0,0,0,0.00916291740810853,0,0,0,0,0,0.00574057926474711,0,0.153496189434713,0,0.0474530853225421,0,0.000895336718335446,0,0,0,0,0,0,0,0,0,3.59091425831637e-05,0,0,0,0,0,0,0,0,0,0.00123365328221193,0,0,0,0,0,0.0150217605886717,0,0,0,0,0,0.00657201811234504,0,0,0,0,0,0,0.0387028939266942,0,0,0,0.000115542305832089,0,0,0,0,0,0,0,0,0,0,0.00354046292567642,0,0.000158087315446021,0,0
0,1.30046280383715e-05,0,1.10921301283008e-05,0,0,0,0,0,0,0,0.000551909008042547,0,0.00792843548618349,0,0,0,0,7.52556153190382e-05,0,0,0.00046031697017036,0,0,0,0.000525076905758289,0,0.188141220829605,0,0.0740791508482988,0,0,0,0,0,0,0,0.00395861232059549,0,0,0,0.000574298488358117,0,0,0,0,0,0,0,0.00499033956643137,0,0,0,0,0,0,0,0.000490587142989359,0,1.71993659561937e-05,0,5.48053789021028e-05,3.74561490356695e-05,0,0.0172827490842614,0,0.000677673196032961,0,0.00018196131521753,0,0,0,0.00984637042043413,0,0,0,0,0,0,0,0.0024947938076089,0,0.00262569104446,0.00319559988752418,0.000115318767012211,0.000115707450890394,0
