0,0,19.9926889687777,0,1.25410267710686,0,0,0,386.960993394256,0,0,0,0,0,0.236066356301308,0,0,0,0.510796844959259,0,0,0,0,0,0,0,0,0,0,0,0,0,0,0,0,0,0,0,0,0,0,0,145.607818379998,0,0,0,0,0,53.9251761883497,0,0.693885937333107,0,0,0,96.9099429249763,0,0,0,0,0,175.131192296743,0,0,0,0,0,0,0,0,0,0,0,0,0.305881679058075,0,0,0,0,0,0,0,0,36.4013347998261,0,446.702390730381,0,5.23386538028717
0,0,0,0,0,0,0,0,0,336.625042140484,0,0,0,0,0,0,0,0,0,0,0,0,0,0,0,0,0,0,0,0,0,0,0,0,0,0,0,0,0,0,0,500.212598279119,0,0,0,0,0,0,0,74.9391723722219,0,0,0,0,0,368.969056144357,0,0,0,0,0,75.8053215146065,0,0,0,0,0,0,0,0,0,0,0,0,0,0,0,0,0,0,0,0,116.655997812748,0,250.356781512499,38.9849601984024,0
19.9926889687777,0,0,0,272.964459300041,0,0,0,80.3828158974648,0,0,0,0,0,13.5759354829788,0,0,0,0.161695629358292,0,9.82949647307396,0,0,0,0,0,0,0,0,0,0,0,0,0,0,0,0,0,0,0,0,0,81.00515191257,0,0,0,20.5469468832016,0,9.66517813503742,0,3.36555722355843,0,0,0,24.2943182587624,0,7.83693410456181,0,0,0,22.788315474987,0,0,195.211964830756,0,0,0,0,0,0,0,0,0,0,0,0,0,0,0,0,0,0,42.333248950541,0,408.24351797998,0,12.4950836747885
0,0,0,0,0,8.23047915101051,0,0,0,13.7404499053955,0,0,0,0,0,0,0,0.51770693063736,4.7281249538064,5.36440423130989,0,0,0,0,0,0,0,0,0,0,0,0,0,0,0,63.2635701745749,0,0,0,1.34016072750092,0,269.264970213175,0,0,0,14.6467869877815,0,0,0,0.635164827108383,0,118.753422319889,0,0,0,0,0,0,0,1.19624757766724,0,21.4582525491714,193.377497553825,0,0,0,0,0,0,0,0,0,0,0,0,0,0,0,129.809579730034,0,0,0,71.7259614318609,0,1297.15979605168,24.3767631798983,0
1.25410267710686,0,272.964459300041,0,0,0,0,0,4.37185335159302,0,0,0,0,0,39.8320416212082,0,0,0,0,0,34.6224072277546,0,0,0,0,0,0,0,0,0,0,0,0,0,0,0,0,0,0,0,0,0,7.50505286455154,0,0,0,2.80084510147572,0,1.83443880081177,0,1225.40430027246,0,8.41134440898895,0,13.9391573667526,0,100.135979726911,0,321.211665958166,0,314.688344210386,0,0,35.8658938854933,0,0,0,0,0,0,0,0,0,0,0,0,0,0,0,2.13411666452885,0,0,0.425996646285057,0,130.488205865026,0,0
0,0,0,8.23047915101051,0,0,0,152.418842762709,0,26.5981905460358,0,0,0,0,0,0,0,0,0,108.34455627203,0,0,0,0,0,0,0,0,0,0,0,0,0,0,0,3.212750852108,0,0,0,0,0,0,0,0,0,0,0,0,0,0,0,241.315032452345,0,0,0,0,0,6.61566859483719,0,1.8890006840229,0,1.60600167512894,73.5087289512157,0,0,0,0,0,0,0,0,0,0,0,0,0,0,0,2.85502687096596,0,0,0,272.62486936152,0,101.034082084894,0,0
0,0,0,0,0,0,0,0,0,0,0,0,0,0,0,0,0,0,0,0,7.13731956481934,0,0,0,0,0,0,0,0,0,0,0,0,0,0,0,15.093186378479,0,0,0,0,0,0,0,0,0,0,0,0,0,12.3945889472961,0,285.88828420639,0,0,0,27.6547508239746,0,162.951101303101,0,0,0,0,0,0,0,0,0,0,0,0,0,0,0,0,0,0,0,0,0,0,0,1,0,0,0,0
0,0,0,0,0,152.418842762709,0,0,0,0,0,0,0,0,0,0,0,0,0,148.402235597372,0,0,0,0,0,0,0,0,0,0,0,0,0,0,0,0,0,0,0,0,0,0,0,0,0,0,0,0,0,0,0,7.79285192489624,0,20.086094379425,0,0,0,17.5249932706356,0,7.89433217048645,0,0,95.5386029481888,0,0,0,0,0,0,0,0,0,0,0,0,0,0,0,0,0,0,0,371.57693952322,0,0,0,0
386.960993394256,0,80.3828158974648,0,4.37185335159302,0,0,0,0,0,0,0,0,0,648.392056152225,0,297.06581518054,0,69.0586426109076,0,0.456749647855759,0,0,0,25.8724301159382,0,101.867715358734,0,0,0,0,0,0,0,0,0,0,0,246.873821765184,0,0,0,127.258618205786,0,0,0,4.7145082950592,0,63.452243745327,0,0,0,0,0,1116.61468581855,0,1.91716825962067,0,9.77775311470032,0,754.258997544646,0,0,4.05205625295639,0,0,0,5.36874374747276,0,1.48719727993011,0,0,0,0,0,0,0,0,0,0,0,15.1356462240219,1082.58217687905,26.6261897087097,768.540319785476,0,9.22271621227264
0,336.625042140484,0,13.7404499053955,0,26.5981905460358,0,0,0,0,0,0,0,0,0,187.044306218624,0,236.364354193211,0,0,0,0,0,31.1076658070087,0,49.5647047460079,0,0,0,0,0,0,0,0.552543938159943,0,0,0,111.152622580528,0,0,0,69.1246422529221,0,0,0,0,0,0,0,0,0,1.02990031242371,0,0,0,875.7413636446,0,0,0,0,0,76.785127595067,0,0,0,0,1.57709938287735,0,5.30001425743103,0,0,0,0,0,0,0,0.888257592916489,0,0,0,72.8301141560078,0,1284.38810962439,0,114.655671522021,9.99832074344158,0
0,0,0,0,0,0,0,0,0,0,0,0,355.584371030331,0,0,0,0,0,0,0,1625.1380392909,0,0,0,0,0,0,0,0,0,1,0,0,0,0,0,1551.09158581495,0,1917.70575690269,0,0,0,0,0,0,0,0,0,0,0,0,0,0,0,0,0,224.135379105806,0,29.5741064548492,0,0,0,0,61.5333460569382,0,0,0,0,0,0,0,0,0,0,0,0,0,0,0,354.619582116604,0,457.185274839401,475.187300562859,161.91061091423,0,0,0
0,0,0,0,0,0,0,0,0,0,0,0,0,314.18760740757,0,0,0,0,0,1436.34340509772,0,0,0,0,0,0,0,9.90829467773438,0,6.78200769424438,0,0,0,0,0,781.805960118771,0,2341.96761329472,0,0,0,0,0,0,0,0,0,0,0,0,0,0,0,0,0,0,0,1356.61620305479,0,57.0264921188354,0,0,844.063102245331,0,0,0,0,0,0,0,0,0,88.0440001487732,0,0,0,0,0,199.311427757144,0,964.22498190403,0,639.335482060909,0,0,0,0
0,0,0,0,0,0,0,0,0,0,355.584371030331,0,0,0,49.3236374855042,0,0,0,0,0,0,0,0,0,0,0,0,0,26.0193281173706,0,0,0,0,0,0,0,0,0,0,0,0,0,0,0,0,0,0,0,0,0,0,0,0,0,0,0,247.554065167904,0,573.391571998596,0,4.80105495452881,0,0,0,0,0,0,0,0,0,0,0,0,0,0,0,0,0,0,0,0,0,143.303621411324,6.08217310905457,0,0,0
0,0,0,0,0,0,0,0,0,0,0,314.18760740757,0,0,0,0,0,1.12623307108879,0,0,0,0,0,0,0,0.867947667837143,0,0,0,9.30264759063721,0,0,0,0,0,0,0,0,0,0,0,0,0,0,0,0,0,0,0,0,0,0,0,0,0,0,0,25.1263617277145,0,1358.52689507604,0,0,0,0,0,0,0,0,0,0,115.492190361023,0,0,0,0,0,0,0,0,0,0,0,305.167189180851,46.9776124954224,0,0,0
0.236066356301308,0,13.5759354829788,0,39.8320416212082,0,0,0,648.392056152225,0,0,0,49.3236374855042,0,0,0,194.703724771738,0,0,0,0,0,0,0,0,0,44.8270027637482,0,0,0,0,0,0,0,0,0,0,0,0,0,0,0,0.191518887877464,0,0,0,0,0,0,0,29.0281100571156,0,0,0,113.745274484158,0,0,0,9.53539133071899,0,952.683857262135,0,0,0,0,0,0,0,0,3.7653441131115,0,0,0,0,0,0,0,0,0,0,0,0,1107.52193117142,40.2421398162842,0,0,0
0,0,0,0,0,0,0,0,0,187.044306218624,0,0,0,0,0,0,0,320.24858340621,0,0,0,0,0,0,0,0.289308577775955,0,0,0,0,0,0,0,0,0,0,0,0,0,0,0,0,0,0,0,0,0,0,0,0,0,0,0,0,0,85.1294386982918,0,0,0,0,0,307.510632157326,0,0,0,0,0,0,0,0,0,0,0,0,0,0,0,0,0,0,0,0,16.7918031215668,1,0,0,0
0,0,0,0,0,0,0,0,297.06581518054,0,0,0,0,0,194.703724771738,0,0,16682.5383784324,6436.33768264949,0,3.30725563317537,0.328688383102417,556.550525069237,0,544.989743053913,4.0245256125927,1787.47989071906,0,21.0342913866043,0,0,0,0,0,0,0,0,0,0,57.7910953387618,37.6802511513233,75.5860848724842,176.657965764403,18.9553557634354,21.4722089618444,4.61930322647095,205.960416123271,0,0,0,0,0,0,0,0,0,2.93295404314995,0,0,0,22.2058402001858,0,0,33.6858761385083,0,6.98331528902054,0,0,0,537.500024750829,0,0,0,0,0,0,0,0,40.0103664845228,80.5527325943112,0,0,7249.37412089109,1162.7965798378,825.565240599215,8.54883393645287,36.5305394232273
0,0,0,0.51770693063736,0,0,0,0,0,236.364354193211,0,0,0,1.12623307108879,0,320.24858340621,16682.5383784324,0,6289.6987939775,0,0.791640520095825,9.26623736321926,76.3615409880877,57.4611942470074,89.1113331317902,1101.32341523468,13.6495162546635,97.2834271788597,0,0,0,0,0,0,0,0,0,0,0,64.709348410368,12.3893690034747,159.759037017822,46.9567635059357,18.6148581057787,1.57848866283894,22.7122459113598,51.6872318536043,0,0,0,0,0,0,0,0,26.9150091409683,0.223134905099869,0,0,0,0,36.2311509847641,0,1.37206736207008,0,0,0,0,28.7472910284996,2.00316995382309,0,0,0,0,0,0,0,0,21.733162984252,31.253787368536,0,0,4164.34408710897,782.376781910658,485.343280084431,25.9142728596926,8.46081770956516
0.510796844959259,0,0.161695629358292,4.7281249538064,0,0,0,0,69.0586426109076,0,0,0,0,0,0,0,6436.33768264949,6289.6987939775,0,0,14.1830990463495,0.480741262435913,17.5823140442371,0,9.59174874424934,0,1.16127109527588,0,0,0,0,0,0,0,0,0,2.74336305260658,0,0,814.718953438103,288.377828754485,1904.78865741193,942.549132585526,346.208774700761,143.646810032427,339.817047819495,1546.38381131738,0,0,0,0,0,0,0,0,0.799564361572266,6.06644114851952,0.220343291759491,0,0,0,0,1.23364570736885,64.5327404290438,0,0,0,0,0,1.07896983623505,0,0,0,0,0,0,0,0,546.091336324811,973.491041064262,0,0,3536.9728538543,11.498202688992,7113.76016873121,271.116724520922,198.794619932771
0,0,0,5.36440423130989,0,108.34455627203,0,148.402235597372,0,0,0,1436.34340509772,0,0,0,0,0,0,0,0,0,0,0,0,0,0,0,0,0,0,0,0,0,0,0,851.734514668584,0,324.88926076889,0,0,0,0,0,0,0,0,0,0,0,0,0,0,0,0,0,0,0,77.3460094928741,0,0,0,0,1991.55658876896,0,0,0,0,0,0,0,0,0,0,0,0,0,0,0,238.867460846901,0,8.36101651191711,0,293.239325501025,0,147.541346162558,0,0
0,0,9.82949647307396,0,34.6224072277546,0,7.13731956481934,0,0.456749647855759,0,1625.1380392909,0,0,0,0,0,3.30725563317537,0.791640520095825,14.1830990463495,0,0,0,0,0,0,0,0,0,0,0,0,0,0,0,0,0,702.964086934924,0,542.278971135616,0.116455435752869,0,0,4.00919987261295,0,1.18169780820608,0,29.0530915632844,0,0.553632453083992,0,26.2756098806858,0,8.34154605865479,0,0,0,430.990129292011,0,0,0,0,0,0,643.497432105243,0,0,0,0,0,0,0,0,0,0,0,0,0,0,0,672.356873869896,0,111.843541204929,282.201883129776,1.25675463676453,127.648286774755,0,0.623553931713104
0,0,0,0,0,0,0,0,0,0,0,0,0,0,0,0,0.328688383102417,9.26623736321926,0.480741262435913,0,0,0,722.157320141792,0,0,1.27120923995972,0,3,0,0,0,0,0,0,0,0,0,357.364312022924,51.4706783294678,0,0,0,0,0,0,0,0,0,0,0,0,0,0,0,0,0,0,0,0,0,0,0,0,0,2263.34170116484,62.0772829055786,0,0,1,0,48.6828147172928,0,0,0,0,0,0,0,0,0,528.250339388847,0,291.735746145248,0,0,0,0
0,0,0,0,0,0,0,0,0,0,0,0,0,0,0,0,556.550525069237,76.3615409880877,17.5823140442371,0,0,722.157320141792,0,0,118.640494644642,0,230.456905543804,0,132.488803565502,0,0,0,0,0,0,0,0,0,789.416169762611,0,0,0,0,0,0,0,0.73599648475647,0,6.43417426943779,0,0,0,0,0,0,0,0,0,0,0,0,0,0,0,67.5631620287895,2577.51574769616,0,58.7898979783058,0,44.2897021472454,0,210.753709703684,0,0,0,0,0,0,0,0,0,1241.85977260768,665.919148504734,0,0.264206975698471,0,0
0,0,0,0,0,0,0,0,0,31.1076658070087,0,0,0,0,0,0,0,57.4611942470074,0,0,0,0,0,0,0,0,0,0,0,0,0,0,0,0,0,0,0,129.868112027645,0,0,0,0,0,0,0,0,0,0.632553815841675,0,0.407524168491364,0,0,0,0,0,228.174012422562,0,0,0,0,0,0,0,0,0,0,5,0,0,0,0,0,0,0,0,0,0,0,0,0,22.2849681377411,0,214.957415476441,6.11331081390381,67.2458898723125,0.264400392770767,0
0,0,0,0,0,0,0,0,25.8724301159382,0,0,0,0,0,0,0,544.989743053913,89.1113331317902,9.59174874424934,0,0,0,118.640494644642,0,0,0,80.7257040739059,0,0,0,0,0,0,0,0,0,0,0,296.859311103821,0,0,0,0.483384341001511,0,0,0,1.06942912936211,0,56.2616441100836,0,0,0,0,0,33.0203341692686,0,0,0,0,0,0,0,0,0,0,2.32492795586586,0,328.477612674236,0,33.0610467493534,0,0,0,0,0,0,0,0,0,0,0,84.7748286426067,342.939078688622,0,35.2583636343479,0,0
0,0,0,0,0,0,0,0,0,49.5647047460079,0,0,0,0.867947667837143,0,0.289308577775955,4.0245256125927,1101.32341523468,0,0,0,1.27120923995972,0,0,0,0,0,184.94912904501,0,0,0,0,0,0,0,0,0,0,0,0,0,0,0,0,0,0,0,0,0,0,0,0,0,0,0,480.759835124016,0,0,0,0,0,0,0,0,0,0,14.2229256629944,0,155.94884121418,0,0,0,0,0,0,0,0,0,0,0,0,0,222.400411456823,0,0,0,0
0,0,0,0,0,0,0,0,101.867715358734,0,0,0,0,0,44.8270027637482,0,1787.47989071906,13.6495162546635,1.16127109527588,0,0,0,230.456905543804,0,80.7257040739059,0,0,0,54.3832306861877,0,0,0,0,0,0,0,0,0,0,0,0,0,0,0,0,0,0,0,0,0,0,0,0,0,33.3901579380035,0,0,0,0,0,0,0,0,0,0,60.0269479751587,0,104.934507608414,0,317.240145981312,0,127.964872479439,0,0,0,0,0,0,0,0,0,0,119.993856400251,0,0,0,0
0,0,0,0,0,0,0,0,0,0,0,9.90829467773438,0,0,0,0,0,97.2834271788597,0,0,0,3,0,0,0,184.94912904501,0,0,0,487.119988679886,0,0,0,0,0,0,0,0,0,0,0,0,0,0,0,0,0,0,0,0,0,0,0,0,0,0,0,0,0,0,0,0,0,0,0,0,0,0,184.439823389053,0,1198.4090963304,0,2210.60317444801,0,0,0,0,0,0,0,7,0,10.7625848054886,0,0,0,0
0,0,0,0,0,0,0,0,0,0,0,0,26.0193281173706,0,0,0,21.0342913866043,0,0,0,0,0,132.488803565502,0,0,0,54.3832306861877,0,0,0,675.120068788528,0,0,0,0,0,0,0,7.00645112991333,0,0,0,0,0,0,0,0,0,0,0,0,0,0,0,0,0,0,0,79.5726594924927,0,0,0,0,0,0,0,0,0,0,17.3922401666641,0,836.27924489975,0,662.337989926338,0,0,0,0,0,0,0,137.752028942108,196.570536017418,66.1088491678238,0,0,0
0,0,0,0,0,0,0,0,0,0,0,6.78200769424438,0,9.30264759063721,0,0,0,0,0,0,0,0,0,0,0,0,0,487.119988679886,0,0,0,0,0,0,0,0,0,35.2736485004425,0,0,0,0,0,0,0,0,0,0,0,0,0,0,0,0,0,0,0,0,0,0,0,0,0,0,0,0,0,0,0,0,12.0516774654388,0,1044.48939853907,0,0,0,0,0,0,0,18.7477717399597,0,0,0,0,0,0
0,0,0,0,0,0,0,0,0,0,1,0,0,0,0,0,0,0,0,0,0,0,0,0,0,0,0,0,675.120068788528,0,0,0,0,0,0,0,0,0,424.695877224207,0,0,0,0,0,0,0,0,0,0,0,0,0,0,0,0,0,0,0,0,0,0,0,0,0,0,0,0,0,0,0,0,32.8592014312744,0,651.067769676447,0,0,0,0,0,0,0,246.530823558569,0,0,0,0,0
0,0,0,0,0,0,0,0,0,0,0,0,0,0,0,0,0,0,0,0,0,0,0,0,0,0,0,0,0,0,0,0,147.69486823678,19.3250672221184,42.0411914288998,540.897287160158,0,0,0,0,0,0,0,0,0,0,0,636.702967077494,1.02031028270721,0,0,0,0,0,0,0,0,0,0,0,0,0,0,0,0,0,0,0,0,0,0,0,0,0,837.039298593998,102.676730424166,24.1707831919193,45.1290170550346,965.952429324389,1.38369005918503,0,0,85.0953983962536,0,0,0,0
0,0,0,0,0,0,0,0,0,0,0,0,0,0,0,0,0,0,0,0,0,0,0,0,0,0,0,0,0,0,0,147.69486823678,0,0,2.38983902335167,0,177.141601055861,0,0,0,0,0,0,0,0,0,0,424.906826406717,4.70800060033798,0,0,0,0,0,0,0,0,0,0,0,0,0,0,0,0,0,0,0,0,0,0,0,0,0,25.569932192564,575.293587386608,0.376661479473114,23.2796591520309,0.647149264812469,815.971721678972,0,0,24.7420382797718,0,0,0,0
0,0,0,0,0,0,0,0,0,0.552543938159943,0,0,0,0,0,0,0,0,0,0,0,0,0,0,0,0,0,0,0,0,0,19.3250672221184,0,0,2740.15421588719,725.949673205614,0,255.248654827476,20.8593110442162,0,0,0,0,0,0,0,0,2247.0299782604,2.50960072875023,0.587950438261032,0,0,0,0,0,0,0,0,0,0,0,0,0,0,0,0,0.31029886007309,0,0,0,0,0,0,0,56.2691661119461,0,779.485563218594,1695.66350655258,374.605666607618,0,166.227324962616,9.57058537006378,241.191177427769,0,0,0,0
0,0,0,0,0,0,0,0,0,0,0,0,0,0,0,0,0,0,0,0,0,0,0,0,0,0,0,0,0,0,0,42.0411914288998,2.38983902335167,2740.15421588719,0,0,557.626303315163,132.02706438303,202.468471720815,0,0,0,0,0,0,0,0,913.844401896,8.72736316919327,0.35271230340004,0,0,0,0,0,0,0,0,0,0,0,0,0,0,0,0,0,0,0,0,0,0,0,0,5.91947543621063,151.928283452988,358.10650536418,2710.48809185624,0,611.064909994602,11.0306532233953,129.621603995562,308.905912429094,0,0.94192835688591,0,0
0,0,0,63.2635701745749,0,3.212750852108,0,0,0,0,0,781.805960118771,0,0,0,0,0,0,0,851.734514668584,0,0,0,0,0,0,0,0,0,0,0,540.897287160158,0,725.949673205614,0,0,834.982563406229,2718.47802497447,196.745879903436,0.459892004728317,0,0.511189132928848,0,0,0,25.4544016346335,0,225.600249171257,0.253406465053558,0,0,0,0,0,0,0,0,8.26370169967413,0,0,0,0,1262.51650312543,0,0,0,0,0,0,0,0,0,0,0,717.825968921185,0,64.6373929977417,0,22835.4178829715,718.308961257339,102.614753931761,0,2964.47270552814,29.2444863915443,118.681133709848,0,0
0,0,0,0,0,0,15.093186378479,0,0,0,1551.09158581495,0,0,0,0,0,0,0,2.74336305260658,0,702.964086934924,0,0,0,0,0,0,0,0,0,0,0,177.141601055861,0,557.626303315163,834.982563406229,0,53.7931225299835,1391.97514405847,0.103440850973129,0,0,0.242723032832146,0,0.670850738883018,0,3.0991697832942,81.4309302270412,0,0,0,0,0,0,0,0,454.970520615578,0,0,0,0,0,0,26.7363185957074,0,0,0,0,0,0,0,0,0,0,0,28.5771511495113,0,41.8350070714951,2.36047622561455,18499.3502199799,0,96.704730451107,2699.2096837759,777.749321550131,88.5382685363293,0,0
0,0,0,0,0,0,0,0,0,111.152622580528,0,2341.96761329472,0,0,0,0,0,0,0,324.88926076889,0,357.364312022924,0,129.868112027645,0,0,0,0,0,35.2736485004425,0,0,0,255.248654827476,132.02706438303,2718.47802497447,53.7931225299835,0,725.204705774784,0,0,95.685989677906,0,0,0,0,0,723.607592076063,0,83.8411599397659,0,0,0,0,0,10.2833396196365,0,225.687314391136,0,0,0,0,341.400521606207,0,75.8212853968143,0,306.86522513628,0,0,0,0,0,35.9362335205078,0,0,0,267.869813650846,0,708.669691324234,0,11559.1956025064,71.8036847114563,941.285193055868,1.53102898597717,110.193708643317,0.322398781776428,0
0,0,0,0,0,0,0,0,246.873821765184,0,1917.70575690269,0,0,0,0,0,0,0,0,0,542.278971135616,51.4706783294678,789.416169762611,0,296.859311103821,0,0,0,7.00645112991333,0,424.695877224207,0,0,20.8593110442162,202.468471720815,196.745879903436,1391.97514405847,725.204705774784,0,0,0,0,53.0372312366962,0,0,0,0,114.466827496886,445.724747002125,0,0,0,0,0,348.682055532932,0,322.125679284334,0,0,0,0,0,0,4.16183240711689,0,173.687585532665,0,74.5774818658829,0,0,0,0,0,137.588720977306,0,0,35.7238512635231,270.040583610535,5.13218821585178,961.883070811629,30.094062268734,14108.983329013,704.004132539034,14,159.882552176714,0,0
0,0,0,1.34016072750092,0,0,0,0,0,0,0,0,0,0,0,0,57.7910953387618,64.709348410368,814.718953438103,0,0.116455435752869,0,0,0,0,0,0,0,0,0,0,0,0,0,0,0.459892004728317,0.103440850973129,0,0,0,0.579890131950378,1240.23681606352,9.80491483211517,331.60163281858,4.25918608903885,421.595037505031,115.779391556978,0.6139055788517,0,453.297146812081,0,0,0,0,0,0,0,0,0,0,0,0,14.1165673136711,0,0,0,0,0,0,0,0,0,0,0,0,0,0,0,151.861494250596,9.52628964185715,0,0,241.250283934176,0.964312247931957,4268.05483096838,29.6445358991623,1.63541183620691
0,0,0,0,0,0,0,0,0,0,0,0,0,0,0,0,37.6802511513233,12.3893690034747,288.377828754485,0,0,0,0,0,0,0,0,0,0,0,0,0,0,0,0,0,0,0,0,0.579890131950378,0,2.043726362288,853.396120093763,1.93259308487177,306.97094784677,3.23183421045542,877.917512528598,5.19307222962379,289.911282747984,0,0,0,0,0,0,0,0.111596502363682,0,0,0,0,0,0,105.007163666189,0,0,0,0,0,0,0,0,0,0,0,0,0,0,0.126074090600014,330.940998673439,0,0,100.301915980875,0,2030.01571086794,0.586511835455894,14.6610004901886
0,500.212598279119,0,269.264970213175,0,0,0,0,0,69.1246422529221,0,0,0,0,0,0,75.5860848724842,159.759037017822,1904.78865741193,0,0,0,0,0,0,0,0,0,0,0,0,0,0,0,0,0.511189132928848,0,95.685989677906,0,1240.23681606352,2.043726362288,0,249.56754796952,121.289942011237,0.999994888901711,90.7862402200699,19.1351852118969,60.639763623476,0,1106.16877755523,0,0,0,0,0,20.3691777586937,0,18.8524702340364,0,0,0,0,6.60979340970516,1.45331433415413,0,0,0,0,0,0,0,0,7.88169680535793,0,0,0,0,0,227.374620757997,9.28173021972179,0,0,1965.89459705353,6.85402741283178,7644.77146233618,1068.38729427755,0.994702517986298
145.607818379998,0,81.00515191257,0,7.50505286455154,0,0,0,127.258618205786,0,0,0,0,0,0.191518887877464,0,176.657965764403,46.9567635059357,942.549132585526,0,4.00919987261295,0,0,0,0.483384341001511,0,0,0,0,0,0,0,0,0,0,0,0.242723032832146,0,53.0372312366962,9.80491483211517,853.396120093763,249.56754796952,0,1.41124960780144,94.252971149981,1.57875279337168,466.282774955034,23.4623174965382,471.884080186486,4.35105994343758,2.86802873015404,0,0,0,10.916969910264,0,282.71768642962,0,0,0,5.51592908799648,0,0,101.473718464375,0,0,0,0.905909061431885,0,0,0,0,0,3.53188908100128,0,0,0,0,5.78127194941044,354.317036963999,0,0,865.494235530496,0,7293.906729877,3.79032015800476,1915.28391718864
0,0,0,0,0,0,0,0,0,0,0,0,0,0,0,0,18.9553557634354,18.6148581057787,346.208774700761,0,0,0,0,0,0,0,0,0,0,0,0,0,0,0,0,0,0,0,0,331.60163281858,1.93259308487177,121.289942011237,1.41124960780144,0,0.13129685819149,55.9548619911075,10.0832765549421,0,0,0,0,0,0,0,0,0,0,0,0,0,0,0,0,0,0,0,0,0,0,0,0,0,0,0,0,0,0,0,127.079479210079,3.95937667787075,0,0,73.8717156946659,0.314561791718006,518.613491311669,11.545300707221,0.260438829660416
0,0,0,0,0,0,0,0,0,0,0,0,0,0,0,0,21.4722089618444,1.57848866283894,143.646810032427,0,1.18169780820608,0,0,0,0,0,0,0,0,0,0,0,0,0,0,0,0.670850738883018,0,0,4.25918608903885,306.97094784677,0.999994888901711,94.252971149981,0.13129685819149,0,0.591460205614567,373.447917342186,0,0,0,0,0,0,0,0,0,0.208823785185814,0,0,0,0,0,0,14.4513504356146,0,0,0,0,0,0,0,0,0,0,0,0,0,0,3.08289903402328,401.188743516803,0,0,63.3283618986607,0,582.881168045104,0.17169477045536,10.3640494197607
0,0,0,14.6467869877815,0,0,0,0,0,0,0,0,0,0,0,0,4.61930322647095,22.7122459113598,339.817047819495,0,0,0,0,0,0,0,0,0,0,0,0,0,0,0,0,25.4544016346335,0,0,0,421.595037505031,3.23183421045542,90.7862402200699,1.57875279337168,55.9548619911075,0.591460205614567,0,47.3822830170393,0,0,2.19741825759411,0,0,0,0,0,0,0,1.29279585182667,0,0,0,0,1172.77628288418,0.613669872283936,0,0,0,0,0,0,0,0,0,0,0,0,0,0,2223.48046930879,8.84228631854057,0,0,115.115487255156,0.150334179401398,3580.50951598585,14.0166391432285,3.5707067027688
0,0,20.5469468832016,0,2.80084510147572,0,0,0,4.7145082950592,0,0,0,0,0,0,0,205.960416123271,51.6872318536043,1546.38381131738,0,29.0530915632844,0,0.73599648475647,0,1.06942912936211,0,0,0,0,0,0,0,0,0,0,0,3.0991697832942,0,0,115.779391556978,877.917512528598,19.1351852118969,466.282774955034,10.0832765549421,373.447917342186,47.3822830170393,0,0,56.6556031256914,0,0,0,0,0,0,0,2.38243696093559,0,0,0,0,0,0,1399.602712363,0,0,0,0,0,0,0,0,0,0,0,0,0,0,17.8910147622228,2070.60847511888,0,0,331.734202846885,0.129507452249527,2765.01934815198,1.08731546998024,23.7358954399824
0,0,0,0,0,0,0,0,0,0,0,0,0,0,0,0,0,0,0,0,0,0,0,0.632553815841675,0,0,0,0,0,0,0,636.702967077494,424.906826406717,2247.0299782604,913.844401896,225.600249171257,81.4309302270412,723.607592076063,114.466827496886,0.6139055788517,5.19307222962379,60.639763623476,23.4623174965382,0,0,0,0,0,1217.11961352825,850.945718169212,0,0,0,0,0,0,0,0,0,0,0,0,0,0,0,0,5.66461199522018,0,0,0,0,0,0,0,2120.66162124276,2368.10353526473,1865.08794492483,1086.3750000149,1280.24233356118,4298.4285236001,1746.76392947137,2696.54206807911,2297.73654828966,0,490.915774971247,0,0
53.9251761883497,0,9.66517813503742,0,1.83443880081177,0,0,0,63.452243745327,0,0,0,0,0,0,0,0,0,0,0,0.553632453083992,0,6.43417426943779,0,56.2616441100836,0,0,0,0,0,0,1.02031028270721,4.70800060033798,2.50960072875023,8.72736316919327,0.253406465053558,0,0,445.724747002125,0,289.911282747984,0,471.884080186486,0,0,0,56.6556031256914,1217.11961352825,0,21.2995141297579,6.40289098024368,0,0,0,34.2043735235929,0,74.8055495917797,0,2.33189150691032,0,50.3519193530083,0,0,4.72599038481712,0,0,0,102.814154565334,0,0,0,4.2714771926403,0,57.8915888518095,12.4652666151524,5.46301221847534,2.89457523822784,16.7039258182049,51.0092729628086,579.814110919833,0,1895.56379282475,210.930299147964,4.14743232727051,1983.55017377436,0,6.17112259566784
0,74.9391723722219,0,0.635164827108383,0,0,0,0,0,0,0,0,0,0,0,0,0,0,0,0,0,0,0,0.407524168491364,0,0,0,0,0,0,0,0,0,0.587950438261032,0.35271230340004,0,0,83.8411599397659,0,453.297146812081,0,1106.16877755523,4.35105994343758,0,0,2.19741825759411,0,850.945718169212,21.2995141297579,0,0,0,0,0,0,4.25263306498528,0,0,0,0,0,0,0,0,0,0,0.367473721504211,0,0,0,0,0,0.528126955032349,0,12.660434961319,0,0.752280056476593,0,102.490976169705,0.855692535638809,361.391044318676,0,286.310019090772,0,1498.79350672662,10.2336340993643,0
0.693885937333107,0,3.36555722355843,0,1225.40430027246,0,12.3945889472961,0,0,0,0,0,0,0,29.0281100571156,0,0,0,0,0,26.2756098806858,0,0,0,0,0,0,0,0,0,0,0,0,0,0,0,0,0,0,0,0,0,2.86802873015404,0,0,0,0,0,6.40289098024368,0,0,0,8.15164589881897,0,20.1908488571644,0,5.33341763913631,0,244.840892061591,0,202.231955826283,0,0,5.35933172702789,0,0,0,0,0,0,0,0,0,0,0,0,0,0,0,2.61693125963211,0,0,147.909075915813,0,6.35382813215256,0,0
0,0,0,118.753422319889,0,241.315032452345,0,7.79285192489624,0,1.02990031242371,0,0,0,0,0,0,0,0,0,0,0,0,0,0,0,0,0,0,0,0,0,0,0,0,0,0,0,0,0,0,0,0,0,0,0,0,0,0,0,0,0,0,0,0,0,0,0,205.857601583004,0,414.259404078126,0,167.78283046186,0,0,0,0,0,0,0,0,0,0,0,0,0,0,0,0,0,0,0,0,81.6778981685638,0,0,0,0
0,0,0,0,8.41134440898895,0,285.88828420639,0,0,0,0,0,0,0,0,0,0,0,0,0,8.34154605865479,0,0,0,0,0,0,0,0,0,0,0,0,0,0,0,0,0,0,0,0,0,0,0,0,0,0,0,0,0,8.15164589881897,0,0,0,0,0,0,0,4.61013102531433,0,0,0,0,0,0,0,0,0,0,0,0,0,0,0,0,0,0,0,0,0,0,0,20.3861801624298,0,0,0,0
0,0,0,0,0,0,0,20.086094379425,0,0,0,0,0,0,0,0,0,0,0,0,0,0,0,0,0,0,0,0,0,0,0,0,0,0,0,0,0,0,0,0,0,0,0,0,0,0,0,0,0,0,0,0,0,0,0,0,0,2.7649347782135,0,72.1581909656525,0,0,0,0,0,0,0,0,0,0,0,0,0,0,0,0,0,0,0,0,0,0,0,0,0,0,0
96.9099429249763,0,24.2943182587624,0,13.9391573667526,0,0,0,1116.61468581855,0,0,0,0,0,113.745274484158,0,0,0,0,0,0,0,0,0,33.0203341692686,0,33.3901579380035,0,0,0,0,0,0,0,0,0,0,0,348.682055532932,0,0,0,10.916969910264,0,0,0,0,0,34.2043735235929,0,20.1908488571644,0,0,0,0,0,0.348182439804077,0,6.99072203040123,0,459.97665335238,0,0,0,0,0,0,223.527926281095,0,0,0,0,0,0,0,0,0,0,0,0,0,177.670644506812,311.974640667439,9.98743319511414,219.18870420754,0,1.35182595252991
0,368.969056144357,0,0,0,0,0,0,0,875.7413636446,0,0,0,0,0,85.1294386982918,0,26.9150091409683,0.799564361572266,0,0,0,0,228.174012422562,0,480.759835124016,0,0,0,0,0,0,0,0,0,0,0,10.2833396196365,0,0,0,20.3691777586937,0,0,0,0,0,0,0,4.25263306498528,0,0,0,0,0,0,0,0,0,0,0,181.705037638545,0,0,0,0,260.041649848223,0,6.2469722032547,0,0,0,0,0,0,0,0.394506752490997,0,0,0,15.0629956424236,0,65.9031268805265,0,21.1503840535879,1.73319920897484,0
0,0,7.83693410456181,0,100.135979726911,0,27.6547508239746,0,1.91716825962067,0,224.135379105806,0,247.554065167904,0,0,0,2.93295404314995,0.223134905099869,6.06644114851952,0,430.990129292011,0,0,0,0,0,0,0,0,0,0,0,0,0,0,0,454.970520615578,0,322.125679284334,0,0.111596502363682,0,282.71768642962,0,0.208823785185814,0,2.38243696093559,0,74.8055495917797,0,5.33341763913631,0,0,0,0.348182439804077,0,0,0,5.97322916984558,0,12.7831164300442,0,0,464.209796071053,0,0,0,0,0,0,0,0,0,6.92490553855896,0,0,0,0,0,221.371716499329,0,107.005542993546,321.432822816074,48.5455014705658,894.241467937827,0,32.5119061022997
0,0,0,0,0,6.61566859483719,0,17.5249932706356,0,0,0,1356.61620305479,0,25.1263617277145,0,0,0,0,0.220343291759491,77.3460094928741,0,0,0,0,0,0,0,0,0,0,0,0,0,0,0,8.26370169967413,0,225.687314391136,0,0,0,18.8524702340364,0,0,0,1.29279585182667,0,0,0,0,0,205.857601583004,0,2.7649347782135,0,0,0,0,0,165.742432355881,0,11.90980052948,235.907220110297,0,0,0,0,0,0,0,0,0,112.046819239855,0,0,0,0,0,15.5765377432108,0,8.94922557473183,0,155.786541461945,0,56.3099263459444,0.742203652858734,0
0,0,0,0,321.211665958166,0,162.951101303101,0,9.77775311470032,0,29.5741064548492,0,573.391571998596,0,9.53539133071899,0,0,0,0,0,0,0,0,0,0,0,0,0,79.5726594924927,0,0,0,0,0,0,0,0,0,0,0,0,0,0,0,0,0,0,0,2.33189150691032,0,244.840892061591,0,4.61013102531433,0,6.99072203040123,0,5.97322916984558,0,0,0,29.2674471735954,0,0,0,0,0,0,0,0,0,0,0,0,0,0,0,0,0,0,0,0,0,101.747833311558,0,0,0,0
0,0,0,1.19624757766724,0,1.8890006840229,0,7.89433217048645,0,0,0,57.0264921188354,0,1358.52689507604,0,0,0,0,0,0,0,0,0,0,0,0,0,0,0,0,0,0,0,0,0,0,0,0,0,0,0,0,0,0,0,0,0,0,0,0,0,414.259404078126,0,72.1581909656525,0,0,0,165.742432355881,0,0,0,51.3917882442474,0,0,0,0,0,0,0,0,0,0,0,0,0,0,0,0,0,0,0,0,11.2796456813812,0,0,0,0
175.131192296743,0,22.788315474987,0,314.688344210386,0,0,0,754.258997544646,0,0,0,4.80105495452881,0,952.683857262135,0,22.2058402001858,0,0,0,0,0,0,0,0,0,0,0,0,0,0,0,0,0,0,0,0,0,0,0,0,0,5.51592908799648,0,0,0,0,0,50.3519193530083,0,202.231955826283,0,0,0,459.97665335238,0,12.7831164300442,0,29.2674471735954,0,0,0,0,0,0,0,0,2.03511500358582,0,0,0,0,0,0,0,0,0,0,0,0,0,0,1722.75062456727,73.0875279903412,17.0230574905872,0,0
0,75.8053215146065,0,21.4582525491714,0,1.60600167512894,0,0,0,76.785127595067,0,0,0,0,0,307.510632157326,0,36.2311509847641,0,0,0,0,0,0,0,0,0,0,0,0,0,0,0,0,0,0,0,0,0,0,0,0,0,0,0,0,0,0,0,0,0,167.78283046186,0,0,0,181.705037638545,0,11.90980052948,0,51.3917882442474,0,0,0,0,0,0,0,0,0,0,0,0,0,0,0,0,0,0,0,0,0,0,1.09298858046532,0,0,0,0
0,0,0,193.377497553825,0,73.5087289512157,0,95.5386029481888,0,0,0,844.063102245331,0,0,0,0,0,0,1.23364570736885,1991.55658876896,0,0,0,0,0,0,0,0,0,0,0,0,0,0,0,1262.51650312543,0,341.400521606207,0,14.1165673136711,0,6.60979340970516,0,0,0,1172.77628288418,0,0,0,0,0,0,0,0,0,0,0,235.907220110297,0,0,0,0,0,0,0,0,0,0,0,0,0,0,0,0,0,0,0,0,977.901625372469,0,0,0,298.208265297115,0,1058.25804398209,1.71222481131554,0
0,0,195.211964830756,0,35.8658938854933,0,0,0,4.05205625295639,0,61.5333460569382,0,0,0,0,0,33.6858761385083,1.37206736207008,64.5327404290438,0,643.497432105243,0,0,0,0,0,0,0,0,0,0,0,0,0,0,0,26.7363185957074,0,4.16183240711689,0,105.007163666189,1.45331433415413,101.473718464375,0,14.4513504356146,0.613669872283936,1399.602712363,0,4.72599038481712,0,5.35933172702789,0,0,0,0,0,464.209796071053,0,0,0,0,0,0,0,0,0,0,0,0,0,0,0,0,0,0,0,0,0,0,1173.5665563345,0,5.01411688327789,132.266172766685,1.15144121646881,944.451785519719,0.842084944248199,12.8316924273968
0,0,0,0,0,0,0,0,0,0,0,0,0,0,0,0,0,0,0,0,0,2263.34170116484,67.5631620287895,0,0,0,0,0,0,0,0,0,0,0,0,0,0,75.8212853968143,0,0,0,0,0,0,0,0,0,0,0,0,0,0,0,0,0,0,0,0,0,0,0,0,0,0,0,0,9,0,5,0,77.6187452971935,0,0,0,0,0,0,0,0,0,450.331504136324,0,53.9788125753403,0,0,0,0
0,0,0,0,0,0,0,0,0,0,0,0,0,0,0,0,6.98331528902054,0,0,0,0,62.0772829055786,2577.51574769616,0,2.32492795586586,0,60.0269479751587,0,0,0,0,0,0,0,0,0,0,0,173.687585532665,0,0,0,0,0,0,0,0,0,0,0,0,0,0,0,0,0,0,0,0,0,0,0,0,0,0,0,0,37.6315817534924,0,169.102903202176,0,89.5817246437073,0,0,0,0,0,0,0,0,0,615.364235877991,37.8675450086594,0,0,0,0
0,0,0,0,0,0,0,0,0,1.57709938287735,0,0,0,0,0,0,0,0,0,0,0,0,0,5,0,14.2229256629944,0,0,0,0,0,0,0,0.31029886007309,0,0,0,306.86522513628,0,0,0,0,0,0,0,0,0,5.66461199522018,0,0.367473721504211,0,0,0,0,0,260.041649848223,0,0,0,0,0,0,0,0,9,0,0,0,0,0,0,0,0,0,0,0,15.9983304142952,0,0,0,460.104353770614,0,0.542168259620667,0,45.5628510415554,0,0
0,0,0,0,0,0,0,0,5.36874374747276,0,0,0,0,0,0,0,0,0,0,0,0,0,58.7898979783058,0,328.477612674236,0,104.934507608414,0,0,0,0,0,0,0,0,0,0,0,74.5774818658829,0,0,0,0.905909061431885,0,0,0,0,0,102.814154565334,0,0,0,0,0,223.527926281095,0,0,0,0,0,2.03511500358582,0,0,0,0,37.6315817534924,0,0,0,21.9792827367783,0,0,0,0,0,0,0,0,0,0,0,223.780961707234,255.024077355862,0,47.8681964874268,0,0
0,0,0,0,0,0,0,0,0,5.30001425743103,0,0,0,0,0,0,0,28.7472910284996,0,0,0,1,0,0,0,155.94884121418,0,184.439823389053,0,0,0,0,0,0,0,0,0,0,0,0,0,0,0,0,0,0,0,0,0,0,0,0,0,0,0,6.2469722032547,0,0,0,0,0,0,0,0,5,0,0,0,0,0,0,0,0,0,0,0,0,0,0,0,0,0,59.3649864196777,0,0,0,0
0,0,0,0,0,0,0,0,1.48719727993011,0,0,0,0,0,3.7653441131115,0,537.500024750829,2.00316995382309,1.07896983623505,0,0,0,44.2897021472454,0,33.0610467493534,0,317.240145981312,0,17.3922401666641,0,0,0,0,0,0,0,0,0,0,0,0,0,0,0,0,0,0,0,0,0,0,0,0,0,0,0,0,0,0,0,0,0,0,0,0,169.102903202176,0,21.9792827367783,0,0,0,9.65809798240662,0,0,0,0,0,0,0,0,0,0,39.0636301040649,0,0,0,0
0,0,0,0,0,0,0,0,0,0,0,0,0,115.492190361023,0,0,0,0,0,0,0,48.6828147172928,0,0,0,0,0,1198.4090963304,0,12.0516774654388,0,0,0,0,0,0,0,0,0,0,0,0,0,0,0,0,0,0,0,0,0,0,0,0,0,0,0,0,0,0,0,0,0,0,77.6187452971935,0,0,0,0,0,0,0,56.0528233349323,0,0,0,0,0,0,0,583.118891447783,0,14.6213788986206,0,0,0,0
0,0,0,0,0,0,0,0,0,0,0,0,0,0,0,0,0,0,0,0,0,0,210.753709703684,0,0,0,127.964872479439,0,836.27924489975,0,32.8592014312744,0,0,0,0,0,0,0,0,0,0,0,0,0,0,0,0,0,4.2714771926403,0,0,0,0,0,0,0,0,0,0,0,0,0,0,0,0,89.5817246437073,0,0,0,9.65809798240662,0,0,0,161.370785593987,0,0,0,0,0,0,0,599.728092893958,54.9386193752289,6.03571677207947,0,0,0
0,0,0,0,0,0,0,0,0,0,0,88.0440001487732,0,0,0,0,0,0,0,0,0,0,0,0,0,0,0,2210.60317444801,0,1044.48939853907,0,0,0,0,0,0,0,35.9362335205078,0,0,0,7.88169680535793,0,0,0,0,0,0,0,0.528126955032349,0,0,0,0,0,0,0,112.046819239855,0,0,0,0,0,0,0,0,0,0,0,0,56.0528233349323,0,0,0,0,0,0,0,0,0,1,0,0,0,6.97545874118805,0,0
0.305881679058075,0,0,0,0,0,0,0,0,0,0,0,0,0,0,0,0,0,0,0,0,0,0,0,0,0,0,0,662.337989926338,0,651.067769676447,0,0,0,0,0,0,0,137.588720977306,0,0,0,3.53188908100128,0,0,0,0,0,57.8915888518095,0,0,0,0,0,0,0,6.92490553855896,0,0,0,0,0,0,0,0,0,0,0,0,0,0,161.370785593987,0,0,0,0,0,0,0,0,0,465.146455198526,0,0,123.517523616552,0,0
0,0,0,0,0,0,0,0,0,0,0,0,0,0,0,0,0,0,0,0,0,0,0,0,0,0,0,0,0,0,0,837.039298593998,25.569932192564,56.2691661119461,5.91947543621063,717.825968921185,0,0,0,0,0,0,0,0,0,0,0,2120.66162124276,12.4652666151524,12.660434961319,0,0,0,0,0,0,0,0,0,0,0,0,0,0,0,0,0,0,0,0,0,0,0,0,0,97.6988845765591,960.590799108148,0.850096464157104,1432.19944791496,9.77897039055824,0,0,105.774858057499,0,0,0,0
0,0,0,0,0,0,0,0,0,0,0,0,0,0,0,0,0,0,0,0,0,0,0,0,0,0,0,0,0,0,0,102.676730424166,575.293587386608,0,151.928283452988,0,28.5771511495113,0,0,0,0,0,0,0,0,0,0,2368.10353526473,5.46301221847534,0,0,0,0,0,0,0,0,0,0,0,0,0,0,0,0,0,0,0,0,0,0,0,0,0,97.6988845765591,0,0.562508136034012,1048.64852494001,0.886146187782288,401.505099117756,0,0,41.7584974169731,0,0,0,0
0,0,0,0,0,0,0,0,0,0.888257592916489,0,0,0,0,0,0,0,0,0,0,0,0,0,0,0,0,0,0,0,0,0,24.1707831919193,0.376661479473114,779.485563218594,358.10650536418,64.6373929977417,0,267.869813650846,35.7238512635231,0,0,0,0,0,0,0,0,1865.08794492483,2.89457523822784,0.752280056476593,0,0,0,0,0,0.394506752490997,0,0,0,0,0,0,0,0,0,0,15.9983304142952,0,0,0,0,0,0,0,960.590799108148,0.562508136034012,0,80.4239273667336,306.368011802435,0,376.680628657341,4.63270325958729,102.114581033587,0,0,0,0
0,0,0,0,0,0,0,0,0,0,0,0,0,0,0,0,0,0,0,0,0,0,0,0,0,0,0,0,0,0,0,45.1290170550346,23.2796591520309,1695.66350655258,2710.48809185624,0,41.8350070714951,0,270.040583610535,0,0,0,0,0,0,0,0,1086.3750000149,16.7039258182049,0,0,0,0,0,0,0,0,0,0,0,0,0,0,0,0,0,0,0,0,0,0,0,0,0,0.850096464157104,1048.64852494001,80.4239273667336,0,0,298.600838989019,0,339.565182775259,177.103252649307,0,0,0,0
0,0,0,129.809579730034,0,2.85502687096596,0,0,0,0,0,199.311427757144,0,0,0,0,40.0103664845228,21.733162984252,546.091336324811,238.867460846901,0,0,0,0,0,0,0,0,0,0,0,965.952429324389,0.647149264812469,374.605666607618,0,22835.4178829715,2.36047622561455,708.669691324234,5.13218821585178,151.861494250596,0.126074090600014,227.374620757997,5.78127194941044,127.079479210079,3.08289903402328,2223.48046930879,17.8910147622228,1280.24233356118,51.0092729628086,102.490976169705,0,0,0,0,0,0,0,15.5765377432108,0,0,0,0,977.901625372469,0,0,0,0,0,0,0,0,0,0,0,1432.19944791496,0.886146187782288,306.368011802435,0,0,47.2182134836912,637.89111559093,0,1369.06345626712,15.104722507298,1511.78467422724,9.19319587945938,0.645900346338749
0,0,0,0,2.13411666452885,0,0,0,0,0,354.619582116604,0,0,0,0,0,80.5527325943112,31.253787368536,973.491041064262,0,672.356873869896,0,0,0,0,0,0,0,0,0,0,1.38369005918503,815.971721678972,0,611.064909994602,718.308961257339,18499.3502199799,0,961.883070811629,9.52628964185715,330.940998673439,9.28173021972179,354.317036963999,3.95937667787075,401.188743516803,8.84228631854057,2070.60847511888,4298.4285236001,579.814110919833,0.855692535638809,2.61693125963211,0,0,0,0,0,221.371716499329,0,0,0,0,0,0,1173.5665563345,0,0,0,0,0,0,0,0,0,0,9.77897039055824,401.505099117756,0,298.600838989019,47.2182134836912,0,0,350.239806652069,1970.36937794834,11.7324236929417,1247.28632406145,1.52382138371468,8.96633270382881
0,0,0,0,0,0,0,0,0,72.8301141560078,0,964.22498190403,0,0,0,0,0,0,0,8.36101651191711,0,528.250339388847,0,22.2849681377411,0,0,0,7,0,18.7477717399597,0,0,0,166.227324962616,11.0306532233953,102.614753931761,0,11559.1956025064,30.094062268734,0,0,0,0,0,0,0,0,1746.76392947137,0,361.391044318676,0,0,0,0,0,15.0629956424236,0,8.94922557473183,0,0,0,0,0,0,450.331504136324,0,460.104353770614,0,0,0,583.118891447783,0,1,0,0,0,376.680628657341,0,637.89111559093,0,0,0,373.605210438371,0,71.0796670019627,0,0
0,0,0,0,0,0,0,0,15.1356462240219,0,457.185274839401,0,0,0,0,0,0,0,0,0,111.843541204929,0,1241.85977260768,0,84.7748286426067,0,0,0,137.752028942108,0,246.530823558569,0,0,9.57058537006378,129.621603995562,0,96.704730451107,71.8036847114563,14108.983329013,0,0,0,0,0,0,0,0,2696.54206807911,1895.56379282475,0,0,0,0,0,177.670644506812,0,107.005542993546,0,0,0,0,0,0,5.01411688327789,0,615.364235877991,0,223.780961707234,0,0,0,599.728092893958,0,465.146455198526,0,0,4.63270325958729,339.565182775259,0,350.239806652069,0,0,213.968891397119,0,31.4270293414593,0,0
36.4013347998261,116.655997812748,42.333248950541,71.7259614318609,0.425996646285057,272.62486936152,1,371.57693952322,1082.58217687905,1284.38810962439,475.187300562859,639.335482060909,143.303621411324,305.167189180851,1107.52193117142,16.7918031215668,7249.37412089109,4164.34408710897,3536.9728538543,293.239325501025,282.201883129776,291.735746145248,665.919148504734,214.957415476441,342.939078688622,222.400411456823,119.993856400251,10.7625848054886,196.570536017418,0,0,85.0953983962536,24.7420382797718,241.191177427769,308.905912429094,2964.47270552814,2699.2096837759,941.285193055868,704.004132539034,241.250283934176,100.301915980875,1965.89459705353,865.494235530496,73.8717156946659,63.3283618986607,115.115487255156,331.734202846885,2297.73654828966,210.930299147964,286.310019090772,147.909075915813,81.6778981685638,20.3861801624298,0,311.974640667439,65.9031268805265,321.432822816074,155.786541461945,101.747833311558,11.2796456813812,1722.75062456727,1.09298858046532,298.208265297115,132.266172766685,53.9788125753403,37.8675450086594,0.542168259620667,255.024077355862,59.3649864196777,39.0636301040649,14.6213788986206,54.9386193752289,0,0,105.774858057499,41.7584974169731,102.114581033587,177.103252649307,1369.06345626712,1970.36937794834,373.605210438371,213.968891397119,0,1993.7596822381,4588.3615019545,119.674378752708,78.1238490864635
0,0,0,0,0,0,0,0,26.6261897087097,0,161.91061091423,0,6.08217310905457,46.9776124954224,40.2421398162842,1,1162.7965798378,782.376781910658,11.498202688992,0,1.25675463676453,0,0,6.11331081390381,0,0,0,0,66.1088491678238,0,0,0,0,0,0,29.2444863915443,777.749321550131,1.53102898597717,14,0.964312247931957,0,6.85402741283178,0,0.314561791718006,0,0.150334179401398,0.129507452249527,0,4.14743232727051,0,0,0,0,0,9.98743319511414,0,48.5455014705658,0,0,0,73.0875279903412,0,0,1.15144121646881,0,0,0,0,0,0,0,6.03571677207947,0,0,0,0,0,0,15.104722507298,11.7324236929417,0,0,1993.7596822381,0,4.50188259035349,0.635585218667984,0
446.702390730381,250.356781512499,408.24351797998,1297.15979605168,130.488205865026,101.034082084894,0,0,768.540319785476,114.655671522021,0,0,0,0,0,0,825.565240599215,485.343280084431,7113.76016873121,147.541346162558,127.648286774755,0,0.264206975698471,67.2458898723125,35.2583636343479,0,0,0,0,0,0,0,0,0,0.94192835688591,118.681133709848,88.5382685363293,110.193708643317,159.882552176714,4268.05483096838,2030.01571086794,7644.77146233618,7293.906729877,518.613491311669,582.881168045104,3580.50951598585,2765.01934815198,490.915774971247,1983.55017377436,1498.79350672662,6.35382813215256,0,0,0,219.18870420754,21.1503840535879,894.241467937827,56.3099263459444,0,0,17.0230574905872,0,1058.25804398209,944.451785519719,0,0,45.5628510415554,47.8681964874268,0,0,0,0,6.97545874118805,123.517523616552,0,0,0,0,1511.78467422724,1247.28632406145,71.0796670019627,31.4270293414593,4588.3615019545,4.50188259035349,0,742.465394362807,1411.50480113924
0,38.9849601984024,0,24.3767631798983,0,0,0,0,0,9.99832074344158,0,0,0,0,0,0,8.54883393645287,25.9142728596926,271.116724520922,0,0,0,0,0.264400392770767,0,0,0,0,0,0,0,0,0,0,0,0,0,0.322398781776428,0,29.6445358991623,0.586511835455894,1068.38729427755,3.79032015800476,11.545300707221,0.17169477045536,14.0166391432285,1.08731546998024,0,0,10.2336340993643,0,0,0,0,0,1.73319920897484,0,0.742203652858734,0,0,0,0,1.71222481131554,0.842084944248199,0,0,0,0,0,0,0,0,0,0,0,0,0,0,9.19319587945938,1.52382138371468,0,0,119.674378752708,0.635585218667984,742.465394362807,0,0
5.23386538028717,0,12.4950836747885,0,0,0,0,0,9.22271621227264,0,0,0,0,0,0,0,36.5305394232273,8.46081770956516,198.794619932771,0,0.623553931713104,0,0,0,0,0,0,0,0,0,0,0,0,0,0,0,0,0,0,1.63541183620691,14.6610004901886,0.994702517986298,1915.28391718864,0.260438829660416,10.3640494197607,3.5707067027688,23.7358954399824,0,6.17112259566784,0,0,0,0,0,1.35182595252991,0,32.5119061022997,0,0,0,0,0,0,12.8316924273968,0,0,0,0,0,0,0,0,0,0,0,0,0,0,0.645900346338749,8.96633270382881,0,0,78.1238490864635,0,1411.50480113924,0,0
