0,0.00024518351134443,0.0218356270689973,9.0546111781436e-05,0.000278042816438168,0,0,0,0.0492387503063255,0,0,0,0,0,0,0,0.00019722973933236,3.99058766950177e-05,0.00103307469040655,0,0.000360723065007809,0,0,0,0.000603811876265144,0,0,0,0,0,0,0,0,2.52217975102694e-05,0,0,8.6214768998144e-06,3.8471063183514e-05,4.90210346040681e-05,0,0.00804793604361899,5.32483684129821e-05,0.0342752934359413,0,5.30377675873688e-05,6.64521259318533e-05,0.0185543709651882,0.000550793762293362,0.008347302736829,0.000658918755885226,0.000580624957590425,0,0,0,0.0274070149550325,3.40541307661786e-05,0.00171138425553651,0,0.00054443695810159,0,0.0204029960956409,0,0,0.00222879916718564,0,0,0,0.000491341607220957,0,0,0,0,0,0.00315234620298773,0,0,0,0,0,0.0056637952767475,0,0.00131036085466205,0.00111236938700331,6.08637363072402e-06,0.0182946913517712,0,0
0.00024518351134443,0,0,0.00893013820220187,0,0.00557547438694668,0,0,0,0.0281684205413906,0,0,0,0,0,0,4.28266915035577e-05,9.47587444986869e-06,0.00145098431454003,0,0,0,0,0.000237081399970199,0,0,0,0,0,0,0,0,0,0,0,1.03392830209719e-05,0,0.000864949843242585,8.22701810554796e-06,0.0058157969924462,0,0.0184774186582575,0.000188484987806059,0,0,0.00304892828423914,8.66826673333429e-06,0,0.000205885818173822,0.0293914404792952,0,8.64341886119228e-05,0,0,0,0.0432167577842286,0,0.000506259332707399,0,1.64502947259733e-05,0,0.0052006554920175,1.37520490092411e-05,0,0,0,0.000998898293803887,0,0.000238570042531586,0,4.0646910191375e-05,0,0.000850728716059459,0,0,0,0,0,0.000697413550691346,0,0.000261003448447207,0,0.00153721548453808,1.16080419757071e-05,0.0223341919938031,0,0
0.0218356270689973,0,0,0,0.046168610617159,0,0,0,0.0578207679060136,0,0,0,0,0,0,0,1.33848910455823e-05,3.83715844327567e-06,0.000228614121061289,0,0.000169205811364527,0,0,0,0,0,0,0,0,0,0,0,0,0,0,0,0.000261641611266601,0,3.11432999997317e-06,6.48280539195184e-05,0.00116209078587106,1.61099088447676e-05,0.00351664065844613,0,0,0,0.00285265314337023,0,0.00488641923305415,0,0.0145242800031111,0,0,0,0.116422381367751,0,0.00211102448044703,0,0.0030432404996155,0,0.00184882014414713,0,0,0.00106272141121834,0,0,0,0,0,0,0,0,0,0.00163988264350804,0,0,0,0,0,0.00107667266742461,0,0.000224163677477254,0.000546153672437328,2.31472061139749e-06,0.015209605529574,0,0.001429068387955
9.0546111781436e-05,0.00893013820220187,0,0,0,0.0399830903637367,0,0,0,0.0283481320216234,0,0,0,0,0,0.00017108726415341,5.27510857535761e-06,4.63888118035139e-05,0.000578188667449114,0.000283650069951017,0,0,0,0.000533729210193942,0,0,0,0,0,0,0,0,0,0,0,5.09858603002665e-05,2.84723248721471e-05,0.000308019877343268,5.29313662547229e-06,0.00691282583895147,0,0.0128751750141038,0.00026226113012398,0,0,0.00623851669063782,9.15700497138667e-06,1.91675770284342e-05,0.000346112472924426,0.0317755848989473,0,0.0282641060072504,0,0,0,0.0513073608947127,0,0.00236426136168306,0,0.000996946764175685,0,0.0249058760373348,0.000961068216070598,0,0,0,0.00105660924136616,0,0.000557263479867619,0,0.000179217139823565,0,0.00627856708891262,0,0,0,0,0,0.0006456184038316,1.06857400604214e-06,0.000830674590670571,0,0.00182148545369223,1.86577858473186e-05,0.021711827041213,0.000218768249866446,0
0.000278042816438168,0,0.046168610617159,0,0,0,0.000236949173896526,0,0.00363637293071417,0,0.000260294905451821,0,0,0,0,0,0.000118525035804902,0,0.000147345586787201,0,0.0216294128729704,0,0,0,0,0,0,0,0,0,0,0,0,0,0,0,0.000764358434398792,0,1.99918796887481e-05,5.90422244019497e-05,0.00292460569299253,9.32044752162951e-06,0.00782492901809901,0,0,0,0.00347781115199714,6.05749036119625e-05,0.00468357950044278,0,0.0259699737477953,0,0.00152062952994736,0,0.0012355013049169,0,0.0014930088428688,0,2.70867633310858e-05,0,0,0,0,0.00790530819819201,0,0,0,0,0,0,0,0,0,0.00125166359930626,0,0,0,0,0,0.000947995712347406,0,0.000241425380833282,0.00012782373377989,1.5548299508229e-05,0.00911253208582413,0,0.000520556679992373
0,0.00557547438694668,0,0.0399830903637367,0,0,0,0,0,0.0213099299003088,0,0.000376989825074944,0,0,0,0.000499379097031266,6.68891782812907e-05,8.01231115156784e-06,0.000235380837003012,0.0160608161942611,0,0,0,0,0,0,0,0,0,0,0,0,0,0,0,0.000198910275450636,0,6.27318416252286e-05,0,0.00218100872120219,0,0.00509155996458246,0.000142021258872663,0,0,0.00427812960182607,0,0,7.10851543555895e-05,0.00406194282067542,0,0.0123712348012436,0,0.0016423975516671,0,0.00102657357175065,0,0.000303254836183766,0,0,0,0,0.00318394874933845,0,0,0,7.87270557701643e-05,0,0,0,8.64981195802805e-06,0,0.00143732369686043,0,0,0,0,0,0.000618733290891732,0,0.000200809772864373,0,0.00329419132097872,0.000564585598985418,0.0175695255895736,0,0
0,0,0,0,0.000236949173896526,0,0,0,0,0,0.00668245358802618,0,0.0100101015603508,0,0,0,0,0,0,0,0.00456327283957214,0,0,0,0,0,0,0,0,0,0,0,0,0,0,0,0,0,0,0,0,0,0,0,0,0,0,0,0,0,8.01461656716219e-05,0,0.00573145010060204,0,0,0,0,0,0,0,0,0,0,0,0,0,0,0,0,0,0,0,0,0,0,0,0,0,0,0,0,0,0.000524792734647023,0.000573281583943088,0,0,0
0,0,0,0,0,0,0,0,0,0,0,6.56987031106837e-05,0,0,0,0,0,0,0,0.000960431279750294,0,0,0,0,0,0,0,0,0,0,0,0,0,0,0,0,0,0,0,0,0,0,0,0,0,0,0,0,0,0,0,4.68525294946929e-05,0,0.0159157246847676,0,0,0,0.00255207558966166,0,0.001915422961046,0,0,4.96184059440128e-05,0,0,0,0,0,0,0,0,0,0,0,0,0,0,0,0,0,0,0,0.000175139734615288,0,5.88456424626901e-05,0,0
0.0492387503063255,0,0.0578207679060136,0,0.00363637293071417,0,0,0,0,0,0,0,0,0,0.0181620254493366,0,0.00627857325748899,0.00183378307543166,0.000914292143202683,0,0,0,0,0,0.00180426820718785,0,0,0,0,0,0,0,0,0,0,0,1.89442950847187e-06,0,0.000263824355338849,0,2.24538655803493e-05,0,0.00671790646618452,0,0,0,7.21991150513842e-05,0,0.00290576500167082,0,0.000110741973912809,0,0,0,0.1642045928311,0,6.04579017310657e-05,0,0,0,0.0448565221750242,0,0,8.78271596541915e-05,0,0,0,0.00132291285819251,0,0.00534852548557646,0,0,0,0.000139660669761627,0,0,0,0,0,5.21149787656257e-05,0,0.000218252428353045,0.000874115136327828,2.91698413081726e-05,0.00430434021085146,0,0.00123508069919415
0,0.0281684205413906,0,0.0283481320216234,0,0.0213099299003088,0,0,0,0,0,0,0,0,0,0.0306576803483996,1.3660100386659e-05,0.00450130018238807,0.00120184477929605,0,0,0,0,0.0615084882091784,0,7.93167188838997e-05,0,0,0,0,0,0,0,0,0,1.58797915691182e-05,0,0.00209212098996961,0,0.000143074501864261,0,0.00274629166972923,8.69087292860483e-06,0,0,2.80850383444324e-05,0,0,0,0.00419439056931289,0,0.00188079927925781,0,0,0,0.202472639557619,0,0.000263859715872717,0,0,0,0.00424499036627862,0,0,0,0,0.00949911396600982,0,0,0,5.95983420306062e-05,0,0.000125127718692376,0,0,0,0,0,9.41032446274712e-06,0,0.000419463487884807,0,0.00680113157714365,0.000135883393880413,0.0028798495977525,0,0
0,0,0,0,0.000260294905451821,0,0.00668245358802618,0,0,0,0,0,0.015156069444972,0,0,0,0,0,0,0,0.0831055884389075,0,0,0,0,0,0,0,0.000296708180375636,0,0.0121948770193164,0,0,0,0,0,0.00613647751725512,0,0.0155861671347952,0,0,0,0,0,0,0,0,0,0,0,0.000718579224218525,0,0.0184347467468317,0,0,0,0.0398861497114242,0,0,0,0,0,0,0.00120742279801365,0,0,0,0,0,0,0,0,0,0.000668329292541139,0,0,0,0,0,0.000223274880925126,0,0.000281773329246829,0.00141490818392067,0,8.36140646206638e-05,0,0
0,0,0,0,0,0.000376989825074944,0,6.56987031106837e-05,0,0,0,0,0,0.0203283190382709,0,0,0,0,0,0.0634269113921589,0,0,0,0,0,0,0,0,0,6.08809459663462e-05,0,0,0,0,0,0.000864650663905942,0,0.00276770894596801,0,0,0,0,0,0,0,0,0,0,0,0,0,0,0,0.00461627904428189,0,0,0,0.119652257344898,0,0.00140888008529079,0,0,0.0171531363455257,0,0,0,0,0,0,0,0,0,0.0143052255107901,0,0,0,0,0,2.62019793287013e-06,0,0,0,0.000181646530048283,0,0.000599126976526826,0,0
0,0,0,0,0,0,0.0100101015603508,0,0,0,0.015156069444972,0,0,0,0.000650406524073333,0,0,0,0,0,0,0,0,0,0,0,0,0,0.00883342063042991,0,0,0,0,0,0,0,0,0,0,0,0,0,0,0,0,0,0,0,0,0,0,0,0,0,0,0,0.009584595136155,0,0.0615684095966227,0,0,0,0,0,0,0,0,0,0,0,0,0.00154574492224865,0,0,0,0,0,0,0,0,0,0,0.000320710772161561,0.000998971712005229,0,0,0
0,0,0,0,0,0,0,0,0,0,0,0.0203283190382709,0,0,0,0.000680619182486762,0,0,0,0,0,0,0,0,0,0,0,0.000170568011474605,0,0,0,0,0,0,0,0,0,0,0,0,0,0,0,0,0,0,0,0,0,0,0,0,0,0.00417909323109628,0,0,0,0.0154748776521554,0,0.0272096825507324,0,0,0,0,0,0,0,0,0,0,0.000536204609654897,0,0,0,0,0,0,0,0,0,0,0,0.000865398392168579,0.00139827960618682,0,0,0
0,0,0,0,0,0,0,0,0.0181620254493366,0,0,0,0.000650406524073333,0,0,0,0.00113250040013481,0.000283166966216419,4.06174664606472e-05,0,0,0,0,0,0,0,0,0,0,0,0,0,0,0,0,0,0,0,0,0,0,0,0,0,0,0,0,0,0,0,0,0,0,0,4.5191970462935e-05,0,0,0,0.0011502021329679,0,0.000401764758448326,0,0,0,0,0,0,0,0,0,0,0,0,0,0,0,0,0,0,0,0,0,4.72615298991079e-05,1.46901722383542e-05,0,0,0
0,0,0,0.00017108726415341,0,0.000499379097031266,0,0,0,0.0306576803483996,0,0,0,0.000680619182486762,0,0,0,0.000743168589941829,0,0,0,0,0,0.010029621284566,0,0.000676312652299848,0,0,0,0,0,0,0,0,0,0,0,0,0,0,0,0,0,0,0,0,0,0,0,0,0,0,0,0,0,0.0066328977219752,0,0,0,6.43749226583168e-05,0,0.0416849779881142,0,0,0,0,0,0,0,0,0,0,0,0,0,0,0,0,0,0,0,0,0.000367574710527923,0.000632714796575771,0,0,0
0.00019722973933236,4.28266915035577e-05,1.33848910455823e-05,5.27510857535761e-06,0.000118525035804902,6.68891782812907e-05,0,0,0.00627857325748899,1.3660100386659e-05,0,0,0,0,0.00113250040013481,0,0,0.119602756580516,0.070783284842693,0,6.11345345498633e-05,0,1.11623339762446e-05,0,0,0,0.000432249922525789,0,0,0,0,0,0,0,0,0,2.30627151449438e-05,0,1.63732737144732e-05,0.000920561083556853,0.00174522440303938,0.00054931351880721,0.001812808730372,0,2.87641785671592e-05,0.000374964542454267,0.00295456154492861,0,4.5805048988469e-05,1.04840858823202e-05,9.87084737396585e-06,0,0,0,0,0,0.000195996534259977,0,7.22323248641797e-06,0,0,0,0,0.000274032023534255,0,0,0,0,0,0,0,0,1.30168602027549e-05,0.000445643051408286,0,0,0,0,0.000110938907808811,0.00126131195095213,2.55801098784778e-05,0.000535347163109658,0.0346669717967138,0.0101861363322248,0.00555159568063283,3.0068848408613e-05,0.000132696390140795
3.99058766950177e-05,9.47587444986869e-06,3.83715844327567e-06,4.63888118035139e-05,0,8.01231115156784e-06,0,0,0.00183378307543166,0.00450130018238807,0,0,0,0,0.000283166966216419,0.000743168589941829,0.119602756580516,0,0.0752859979850601,0,0,0.00056146545042989,0,0,0,0.000162773719454528,0,0,0,0,0,0,0,0,0,0,0,0,2.38868475856019e-06,0.00263910466198422,0.00020542504699872,0.0018800489087936,0.000408721539906092,0,0,0.000594306438661245,0.000602678630737235,0,0,3.8358570583178e-05,0,0,0,0,0,6.70301178615773e-05,3.48055158598044e-05,1.88887246951403e-06,1.62573584454963e-05,0,0,7.57777345759686e-05,2.32269067989535e-05,6.50861189445852e-05,4.18466906052086e-05,0,0,0,0,0,0,0,0.000136016517001021,6.75887980401403e-05,0,0,0,0,0.000386466362343238,0.000270845134378138,8.28642605801787e-05,0.000129473751585429,0.0483340829328236,0.00723130498405752,0.00412136982812534,6.58952259811015e-05,0
0.00103307469040655,0.00145098431454003,0.000228614121061289,0.000578188667449114,0.000147345586787201,0.000235380837003012,0,0,0.000914292143202683,0.00120184477929605,0,0,0,0,4.06174664606472e-05,0,0.070783284842693,0.0752859979850601,0,0,0.000267486220190259,0,0,0,0,0,0,0,0,0,0,0,0,0,0,4.38055287353521e-06,0.000156480431759953,5.73842899318232e-05,5.54965298635862e-05,0.0367058243918072,0.00967898736982768,0.0342074619860775,0.0137633447295734,8.29134320316869e-05,0.000114231573283925,0.0157183883048449,0.0145823222624363,0,4.04960585754085e-05,0.0032463604546427,8.48446530356849e-05,1.81341132022667e-05,0,0,0,0,0.000907165964874393,0.000147875377012736,1.76632070276989e-05,0,0,0,0.000431999666925258,0.00189669257705029,0,0,0,0,0,0,7.00617228129863e-05,0,0.00216145688592144,0.00238074711665508,0,0,0,0,0.00468699459229608,0.00612829700909034,0.00154077761489953,0.00281545927217864,0.0391931401522885,0.00217817263440231,0.0724174059267916,0.000806916426382475,0.000959682976533952
0,0,0,0.000283650069951017,0,0.0160608161942611,0,0.000960431279750294,0,0,0,0.0634269113921589,0,0,0,0,0,0,0,0,0,0,0,0,0,0,0,0,0,0,0,0,0,0,0,0.00941734150728175,0,0.00386935354194586,0,3.11771533755439e-05,0,8.69340516586726e-05,0,0,0,0.000117281048808152,0,7.88549702675726e-05,0,0,0,0.00468289603958726,0,0.000175311247411309,0,0,0,0.00312481834703049,0,0,0,0,0.0617291998044637,0,0,0,0,0,0,0,0,0,0,0,0,0,0,0,0.000991841143318773,0,3.51143613819272e-05,0,0.000609285708325406,0,0.00778702747367678,0,0
0.000360723065007809,0,0.000169205811364527,0,0.0216294128729704,0,0.00456327283957214,0,0,0,0.0831055884389075,0,0,0,0,0,6.11345345498633e-05,0,0.000267486220190259,0,0,0,0,0,0,0,0,0,0,0,0,0,0,0,0,0,0.0172247845096738,0,0.00837929659863769,9.67553859439522e-06,0.00112525919436456,0,0.000146473453770185,0,0.000280622961178922,0,0.000484878761535335,4.30281242376207e-05,0.00221369165059231,0,0.0184072596527868,0,0.0027183689862506,0,3.15446590239358e-05,0,0.0728259312389132,0,0,0,0,0,0,0.0536910277676812,0,0,0,0,0,0,0,0,0,0.00440978153369709,0,0,0,0,0,0.0074795556216433,0,0.00269457287907049,0.00129313681614736,0.000327059841011678,0.00421841681118204,0,0
0,0,0,0,0,0,0,0,0,0,0,0,0,0,0,0,0,0.00056146545042989,0,0,0,0,0.00350339761365603,0.00352832431406572,0,0.000747165381641121,0,1.57392332766904e-05,0,0,0,0,0,0,0,0,0,0.00741233443752925,0,0,0,0,0,0,0,0,0,0,0,0.000629902362218275,0,0,0,0,0,0,0,0,0,0,0,0,0,0,0.0357475425441244,0.00124213314179842,0.00161417781721744,0,0.00376611385867156,0,0.00215945258230189,0,0,0,0,0,0,0,0,0,0.00737337430105569,0,0.000809653135205564,9.79644784438751e-05,0,0,0
0,0,0,0,0,0,0,0,0,0,0,0,0,0,0,0,1.11623339762446e-05,0,0,0,0,0.00350339761365603,0,0,0.0022905456515119,0,0.000224055623878732,0,1.55517373059411e-05,0,0,0,0,0,0,0,0,0,0.00777152369870425,0,0,0,2.67765309161332e-05,0,0,0,0,0,0.000817900321166438,0,0,0,0,0,0,0,0,0,0,0,0,0,0,0,0.000836113034468351,0.0415515243927545,0,0.00060559977339759,0,0.00666825742142975,0,0.00184121657150406,0,0,0,0,0,0,0,0,0,0.00225053779840567,0.00119452456768096,9.7033902870027e-05,0.000116153983442072,0,0
0,0.000237081399970199,0,0.000533729210193942,0,0,0,0,0,0.0615084882091784,0,0,0,0,0,0.010029621284566,0,0,0,0,0,0.00352832431406572,0,0,0,0.0198916389524616,0,0,0,0,0,0,0,0,0,0,0,0.00886296037601006,0,0,0,1.87364961620391e-05,0,0,0,0,0,0,0,0.000217791174717762,0,0,0,0,0,0.0600479270930156,0,0,0,0,0,0,0,0,0.00159626870926016,0,0.128181408897855,0,0.000603917317990007,0,0,0,0,0,0,0,0,0,0,0,0.00408827824594062,0,0.000556934904465974,6.52566081721835e-07,0.000164320155294583,0,0
0.000603811876265144,0,0,0,0,0,0,0,0.00180426820718785,0,0,0,0,0,0,0,0,0,0,0,0,0,0.0022905456515119,0,0,0,0.0187538812333218,0,0,0,0,0,0,0,0,0,0,0,0.000211119139536781,0,0,0,3.76893639115186e-05,0,0,0,0,0,7.36109041510106e-05,0,0,0,0,0,0.047536684258035,0,0,0,0,0,0.00145400975509127,0,0,0,0,0.00130204017705583,0,0.105380566271458,0,0.0113224254794139,0,0,0,0,0,0,0,0,0,0,0,7.13233819746539e-05,0.00082514815332203,0,0.000247599472985026,0,0
0,0,0,0,0,0,0,0,0,7.93167188838997e-05,0,0,0,0,0,0.000676312652299848,0,0.000162773719454528,0,0,0,0.000747165381641121,0,0.0198916389524616,0,0,0,0,0,0,0,0,0,0,0,0,0,3.68989201882726e-05,0,0,0,0,0,0,0,0,0,0,0,0,0,0,0,0,0,0,0,0,0,0,0,0.00157433081459334,0,0,9.33618793129453e-06,0,0.0271077204534174,0,0.049987189483734,0,0,0,0,0,0,0,0,0,0,0,4.01625662347136e-05,0,0.000170983894948106,0,0,0,0
0,0,0,0,0,0,0,0,0,0,0,0,0,0,0,0,0.000432249922525789,0,0,0,0,0,0.000224055623878732,0,0.0187538812333218,0,0,0,0,0,0,0,0,0,0,0,0,0,0,0,0,0,0,0,0,0,0,0,0,0,0,0,0,0,0,0,0,0,0,0,0,0,0,0,0,2.64589771676021e-05,0,0.00929660071340991,0,0.0911257503944753,0,0,0,0,0,0,0,0,0,0,0,0,0.000363791454844513,0,0,0,0
0,0,0,0,0,0,0,0,0,0,0,0,0,0.000170568011474605,0,0,0,0,0,0,0,1.57392332766904e-05,0,0,0,0,0,0,0,0.002452223614464,0,0,0,0,0,0,0,0,0,0,0,0,0,0,0,0,0,0,0,0,0,0,0,0,0,0,0,0,0,0.00664077127050159,0,0,0,0,0,0,0,0,0,0,0.0248891215836768,0,0.00244000252948714,0,0,0,0,0,0,0,0,0,0,0,0,0,0
0,0,0,0,0,0,0,0,0,0,0.000296708180375636,0,0.00883342063042991,0,0,0,0,0,0,0,0,0,1.55517373059411e-05,0,0,0,0,0,0,0,0.00169271418891426,0,0,0,0,0,0,0,0,0,0,0,0,0,0,0,0,0,0,0,0,0,0,0,0,0,0,0,0.00048065029200439,0,0,0,0,0,0,1.85466815310065e-05,0,0,0,0,0,0.0133044103741754,0,0,0,0,0,0,0,0,0,0.000448525506210558,0.000251689227269864,0.000105557036826514,0,0,0
0,0,0,0,0,0,0,0,0,0,0,6.08809459663462e-05,0,0,0,0,0,0,0,0,0,0,0,0,0,0,0,0.002452223614464,0,0,0,0,0,0,0,0,0,2.6747622541734e-05,0,0,0,0,0,0,0,0,0,0,0,0,0,0,0,0,0,0,0,0.00136542631272383,0,0,0,0,0,0,0,0,0,0,0,0,0,0,0.0277151323293174,0,0,0,0,0,0,0,7.53579025788405e-05,0,0.000472954968731293,0,0,0,0
0,0,0,0,0,0,0,0,0,0,0.0121948770193164,0,0,0,0,0,0,0,0,0,0,0,0,0,0,0,0,0,0.00169271418891426,0,0,0,0,0,0,0,0,0,0.0016033946599719,0,0,0,0,0,0,0,0,0,0,0,0,0,0,0,0,0,0.00132647146036946,0,0,0,0,0,0,0,0,0,0,0,0,0,0,0.000247468407460409,0,0.0340233505247948,0,0,0,0,0,0,0,0.00417876083228386,7.28374890864589e-06,0,0,0,0
0,0,0,0,0,0,0,0,0,0,0,0,0,0,0,0,0,0,0,0,0,0,0,0,0,0,0,0,0,0,0,0,0.183019484136049,0.00616498777859948,0.00100059093947465,0.00408980577609218,0,0,0,0,0,0,0,0,0,0,0,0.201870005052298,0.00753729440597551,0,0,0,0,0,0,0,0,0,0,0,0,0,0,0,0,0,0,0,0,0,0,0,0,0,0.0897313055693126,0.0690702464444853,0,0.000392280467133542,0.000773235379529711,2.73313472384113e-05,0,0,0.00116714733873237,0,0,0,0
0,0,0,0,0,0,0,0,0,0,0,0,0,0,0,0,0,0,0,0,0,0,0,0,0,0,0,0,0,0,0,0.183019484136049,0,0.0036737162560526,0.00294465359187561,1.79908693098696e-05,0.00340939911237117,0,0,0,0,0,0,0,0,0,0,0.092763854203184,5.22201625003937e-05,0.00123383360448252,0,0,0,0,0,0,0,0,0,0,0,0,0,0,0,0,0,0,0,0,0,0,0,0,0.0904371726433037,0.205449461529938,6.56939369434199e-05,0,0,0.00263154261140387,0,0,0.00114222731259918,0,0,0,0
2.52217975102694e-05,0,0,0,0,0,0,0,0,0,0,0,0,0,0,0,0,0,0,0,0,0,0,0,0,0,0,0,0,0,0,0.00616498777859948,0.0036737162560526,0,0.0986597269442246,0.000940648001404614,0,0.000852360377153552,0.000536073592828085,0,0,0,8.20231640459225e-05,0,0,0,0,0.110818810330324,0.000941926697301011,0,0,0,0,0,0,0,0,0,0,0,0,0,0,0,0,0,0,0,0,0,0,0,0,0,0,0.0001044079553238,0.153720205194958,0.053506312088619,2.37644908348002e-06,0,0.00392836637786557,0,0.00116805787818369,0.000315584216570861,0.000207029101919819,0,0
0,0,0,0,0,0,0,0,0,0,0,0,0,0,0,0,0,0,0,0,0,0,0,0,0,0,0,0,0,0,0,0.00100059093947465,0.00294465359187561,0.0986597269442246,0,0,0.00941763466070364,0.000320629430175559,0.000321512762404146,0,0,0,2.34329550335005e-05,0,0,0,0,0.112101726079724,0.000346865286224185,8.77768428767492e-05,0,0,0,0,0,0,0,0,0,0,0,0,0,0,0,0,0,0,0,0,0,0,0,0,0,0.00182951722978256,0.0602310616194345,0.203494711792035,0,7.00677588141593e-05,0,0.00462118722050752,0.00242951518784541,0,0,0,0
0,1.03392830209719e-05,0,5.09858603002665e-05,0,0.000198910275450636,0,0,0,1.58797915691182e-05,0,0.000864650663905942,0,0,0,0,0,0,4.38055287353521e-06,0.00941734150728175,0,0,0,0,0,0,0,0,0,0,0,0.00408980577609218,1.79908693098696e-05,0.000940648001404614,0,0,0.00984756244971856,0.00127528521160991,0,6.80483572669054e-05,0,0.000292740609113054,8.18300428801681e-06,0,0,0.000693802458616399,0,3.68132620486539e-05,0.000671732023940863,0.000444378601217791,0,0,0,0,0,0,0,0.00245043939777373,0,0,0,0,0.0195562269541112,0,0,0,0,0,0,0,0,0,4.77336494501287e-06,0,0.0021796286251444,0,0.000840578494366118,0,0.0506361702814659,0.00750986292483202,0.00127044966781909,0,0.00266979346935486,0.000228407196098355,0.00259344959375455,0,0
8.6214768998144e-06,0,0.000261641611266601,2.84723248721471e-05,0.000764358434398792,0,0,0,1.89442950847187e-06,0,0.00613647751725512,0,0,0,0,0,2.30627151449438e-05,0,0.000156480431759953,0,0.0172247845096738,0,0,0,0,0,0,0,0,0,0,0,0.00340939911237117,0,0.00941763466070364,0.00984756244971856,0,0,0.00384590582657069,0.000125223833119858,0.000314948160703647,5.90307576630419e-05,0.00132637123729223,0,1.5463685954051e-06,2.51246361703276e-05,0.0005926878129831,7.61881887419903e-05,0.001182666337632,4.9720351951719e-05,0.000483756781269084,0,0,0,0,0,0.00104382000735425,0,1.64135658998717e-05,0,0,0,0,0.00316749997408436,0,0,0,0,0,0,0,0,0,3.27184663769513e-05,0,0.00145437733637683,0,0.00176986915614203,6.92052071398784e-05,0.03652387417612,1.06434824575205e-05,0.00212276727312659,0.00375944736129643,0.0012334214563938,0.00457097947402805,0,2.89030884696765e-05
3.8471063183514e-05,0.000864949843242585,0,0.000308019877343268,0,6.27318416252286e-05,0,0,0,0.00209212098996961,0,0.00276770894596801,0,0,0,0,0,0,5.73842899318232e-05,0.00386935354194586,0,0.00741233443752925,0,0.00886296037601006,0,3.68989201882726e-05,0,0,0,2.6747622541734e-05,0,0,0,0.000852360377153552,0.000320629430175559,0.00127528521160991,0,0,0.00224553562291801,8.7666250295413e-06,0,0.000435372195542626,0.000203650744814027,0,0,0.00012013989833982,0,0.0113056640596902,0.000225378746081794,0.00290346470138818,0,1.38954684237093e-05,0,0,0,0.00243546496409386,4.49438411681153e-06,0.00469925350732962,0,0,0,0,0.00508510433944538,0,0.00167957810127927,0,0.00707089194019291,0,3.01243279489051e-05,0,3.3630182768428e-05,0,0.000150582950963982,0,0,0,0.000100411064800143,0,0.00113236277946095,0,0.0780619219278785,0.00113036082041538,0.00746829332940106,0.00202314328018448,0.00187531809979376,0,0
4.90210346040681e-05,8.22701810554796e-06,3.11432999997317e-06,5.29313662547229e-06,1.99918796887481e-05,0,0,0,0.000263824355338849,0,0.0155861671347952,0,0,0,0,0,1.63732737144732e-05,2.38868475856019e-06,5.54965298635862e-05,0,0.00837929659863769,0,0.00777152369870425,0,0.000211119139536781,0,0,0,0,0,0.0016033946599719,0,0,0.000536073592828085,0.000321512762404146,0,0.00384590582657069,0.00224553562291801,0,0,2.38710399591057e-06,0,0.00103068239642194,0,0,0,5.34920021490071e-05,0.0048200412341852,0.00193444444973338,1.7146663385976e-05,2.99645052612014e-06,0,0,0,0.00406184505761594,2.76937013488718e-06,0.00215784905378002,0,0,0,0,0,0,0.00995336924156707,0,0.000272679914719498,0,0.0119797316156605,0,0,0,0.000429275443658511,0,0,0,0,0,0.000339987229277547,0,0.00195822538568509,1.36012096904146e-05,0.0574533583447583,0.0051877991857997,0.00107144749529559,0.00129522158877183,0,4.5286020050887e-05
0,0.0058157969924462,6.48280539195184e-05,0.00691282583895147,5.90422244019497e-05,0.00218100872120219,0,0,0,0.000143074501864261,0,0,0,0,0,0,0.000920561083556853,0.00263910466198422,0.0367058243918072,3.11771533755439e-05,9.67553859439522e-06,0,0,0,0,0,0,0,0,0,0,0,0,0,0,6.80483572669054e-05,0.000125223833119858,8.7666250295413e-06,0,0,0.000272291810895635,0.13403323864833,0.0014567783587546,0,0.000252371072292636,0.0446925774698384,0.000786271154928298,7.89069577190851e-05,7.13503020186618e-05,0.0178485974285149,7.90188336742296e-05,0.000443783953465465,0,0,0,0,8.25605338548798e-05,0.00016578946411704,1.61751491424787e-05,0,0,0,0.00395650311601652,5.09903019301914e-05,0,0,2.13228523101626e-05,0,0,0,9.74719560210785e-05,0,0.00179058260146896,8.40906021307938e-05,0,0,0,0,0.00280226900095098,0.000149871419688935,0.000595124061550425,0.000107046674782074,0.00411732483439937,0.000301820872656414,0.0791848394692722,0.00155301222807599,0.00035566861102437
0.00804793604361899,0,0.00116209078587106,0,0.00292460569299253,0,0,0,2.24538655803493e-05,0,0,0,0,0,0,0,0.00174522440303938,0.00020542504699872,0.00967898736982768,0,0.00112525919436456,0,0,0,0,0,0,0,0,0,0,0,0,0,0,0,0.000314948160703647,0,2.38710399591057e-06,0.000272291810895635,0,0.000389293675261997,0.0477068387353484,0,0.00293062725010022,8.44899282845057e-05,0.0456351545979079,0,0.00777855597570876,0,0.00229618440504238,0,0,0,0,0,0.00138341723442785,0,0.000186700521401806,0,0,0,0,0.035247070798477,0,0,0,0,0,0,0,0,1.67850009243103e-05,0.00102443387162285,0,0,0,0,2.07103555761437e-05,0.0110467077503173,0,0.00073285955497739,0.00122127505054489,0.000120655693899632,0.0310219005128681,0.00027325110073019,0.001814805720832
5.32483684129821e-05,0.0184774186582575,1.61099088447676e-05,0.0128751750141038,9.32044752162951e-06,0.00509155996458246,0,0,0,0.00274629166972923,0,0,0,0,0,0,0.00054931351880721,0.0018800489087936,0.0342074619860775,8.69340516586726e-05,0,0,0,1.87364961620391e-05,0,0,0,0,0,0,0,0,0,0,0,0.000292740609113054,5.90307576630419e-05,0.000435372195542626,0,0.13403323864833,0.000389293675261997,0,0.00713787472464808,0,7.65775189472465e-06,0.0155044496385111,0.000521944606077824,0.000334100501026658,0.00010711234739156,0.0247579816211166,0,0.000410313546137975,0,0,0,0.000656714362102629,5.28305489268712e-05,0.00237031762321847,0,0.000207657016219613,0,4.25161080243352e-05,0.000702835931934299,0,0,0,0.000116573195126827,0,0.000956383294505612,0,0.00111913079693732,0,0.00321975671994592,7.45468557613203e-05,0,0,0,0,0.00257704905740609,0.000142516077298941,0.00034425589532288,0.00010978106334278,0.00704950282051319,0.000178535330914051,0.0909817361620153,0.0023285298909411,2.01193320774284e-05
0.0342752934359413,0.000188484987806059,0.00351664065844613,0.00026226113012398,0.00782492901809901,0.000142021258872663,0,0,0.00671790646618452,8.69087292860483e-06,0,0,0,0,0,0,0.001812808730372,0.000408721539906092,0.0137633447295734,0,0.000146473453770185,0,2.67765309161332e-05,0,3.76893639115186e-05,0,0,0,0,0,0,0,0,8.20231640459225e-05,2.34329550335005e-05,8.18300428801681e-06,0.00132637123729223,0.000203650744814027,0.00103068239642194,0.0014567783587546,0.0477068387353484,0.00713787472464808,0,0,0.00281946856346125,0.000368567982962055,0.0364830818601105,0.000918843899671848,0.0141391102029782,0.000702742604235636,0.00423986940868721,4.99469012144908e-05,0,0,0.00012323416176307,5.63929071488192e-05,0.0300007750620172,5.88391787042543e-06,0.000923962156452613,0,7.98545214363835e-05,0,1.9151494937981e-05,0.00720919383626396,0,0,1.23752971606769e-05,0.000538700196619412,0,0,5.66499412678421e-06,2.27831893380372e-05,3.50753033793311e-05,0.00827370086448603,0,0,0,0,0.000147407009278996,0.00981951353727774,1.2237333642671e-05,0.00268519813248433,0.00559141440155766,0.000134773934048546,0.11568041162824,3.95075339206167e-05,0.00809004905312197
0,0,0,0,0,0,0,0,0,0,0,0,0,0,0,0,0,0,8.29134320316869e-05,0,0,0,0,0,0,0,0,0,0,0,0,0,0,0,0,0,0,0,0,0,0,0,0,0,0,0,0,0,0,0,0,0,0,0,0,0,0,0,0,0,0,0,0,0,0,0,0,0,0,0,0,0,0,0,0,0,0,0,2.92760848747678e-06,0,0,0,0,0,3.17021802758916e-05,0,0
5.30377675873688e-05,0,0,0,0,0,0,0,0,0,0,0,0,0,0,0,2.87641785671592e-05,0,0.000114231573283925,0,0.000280622961178922,0,0,0,0,0,0,0,0,0,0,0,0,0,0,0,1.5463685954051e-06,0,0,0.000252371072292636,0.00293062725010022,7.65775189472465e-06,0.00281946856346125,0,0,0,0.00189821075889885,0,0,0,0,0,0,0,0,0,0,0,0,0,0,0,0,7.31335935900265e-05,0,0,0,0,0,0,0,0,0,0,0,0,0,0,0,0.000326076890336363,0,1.70016033842989e-05,1.94349675143215e-05,9.31499094357566e-07,0.00079691538027215,0,0.000308804561207797
6.64521259318533e-05,0.00304892828423914,0,0.00623851669063782,0,0.00427812960182607,0,0,0,2.80850383444324e-05,0,0,0,0,0,0,0.000374964542454267,0.000594306438661245,0.0157183883048449,0.000117281048808152,0,0,0,0,0,0,0,0,0,0,0,0,0,0,0,0.000693802458616399,2.51246361703276e-05,0.00012013989833982,0,0.0446925774698384,8.44899282845057e-05,0.0155044496385111,0.000368567982962055,0,0,0,0.000496422083562022,9.00449857231159e-06,0.00129696724201297,0.0030741597358399,0,0.000156086811930464,0,0,0,0.000117222095378458,1.41617670168486e-05,0.000211069642705607,0,0,0,0,0.0464329527830996,7.81450117635354e-05,0,0,0,0,0,0,3.63353286407395e-05,0,0.00202599846755182,7.56868946739965e-05,0,0,0,0,0.00702057928854435,7.32765391954824e-05,0.00470049721361133,4.83382507973583e-05,0.00285794640203801,0.000166648796060003,0.0491016928351859,0.000312747105844359,0.000307717191183002
0.0185543709651882,8.66826673333429e-06,0.00285265314337023,9.15700497138667e-06,0.00347781115199714,0,0,0,7.21991150513842e-05,0,0,0,0,0,0,0,0.00295456154492861,0.000602678630737235,0.0145823222624363,0,0.000484878761535335,0,0,0,0,0,0,0,0,0,0,0,0,0,0,0,0.0005926878129831,0,5.34920021490071e-05,0.000786271154928298,0.0456351545979079,0.000521944606077824,0.0364830818601105,0,0.00189821075889885,0.000496422083562022,0,2.71440188671956e-05,0.00234996126299338,0.000104723053576426,0.0014071203407273,0,0,0,0,0,0.00235691969774775,0,0.000336266450850382,0,0,0,0,0.0397477275132535,0,0,0,0,0,0,0,0,0,0.00224016222522465,0,0,0,0,9.61701402807213e-05,0.0110915653904677,1.72539930980243e-05,0.00318188556649094,0.00404335921706645,0.000199335433514681,0.0254480847874998,2.65388465727815e-05,0.000850921959600255
0.000550793762293362,0,0,1.91675770284342e-05,6.05749036119625e-05,0,0,0,0,0,0,0,0,0,0,0,0,0,0,7.88549702675726e-05,4.30281242376207e-05,0,0,0,0,0,0,0,0,0,0,0.201870005052298,0.092763854203184,0.110818810330324,0.112101726079724,3.68132620486539e-05,7.61881887419903e-05,0.0113056640596902,0.0048200412341852,7.89069577190851e-05,0,0.000334100501026658,0.000918843899671848,0,0,9.00449857231159e-06,2.71440188671956e-05,0,0.177219365284748,0.0793649138285451,0,0,0,0,0,2.10487507664326e-05,5.14916071136937e-05,0,0,0,0,0,0,1.3037363830059e-05,0,0,0,0,0,0,0,0,0,0,0.182686624212383,0.359502144579552,0.00351999749417159,0.00692487324821744,0.00470961199516933,0.00065778942375186,0.000133684466866953,8.74947452736397e-05,0.00860400637747684,5.12551577363537e-06,0.00540780316783163,0,0
0.008347302736829,0.000205885818173822,0.00488641923305415,0.000346112472924426,0.00468357950044278,7.10851543555895e-05,0,0,0.00290576500167082,0,0,0,0,0,0,0,4.5805048988469e-05,0,4.04960585754085e-05,0,0.00221369165059231,0,0.000817900321166438,0,7.36109041510106e-05,0,0,0,0,0,0,0.00753729440597551,5.22201625003937e-05,0.000941926697301011,0.000346865286224185,0.000671732023940863,0.001182666337632,0.000225378746081794,0.00193444444973338,7.13503020186618e-05,0.00777855597570876,0.00010711234739156,0.0141391102029782,0,0,0.00129696724201297,0.00234996126299338,0.177219365284748,0,0.0566283718072632,0.00359817967778476,0,0,0,0.000714324026251518,0,0.00262128239921846,0,0.000551028008115648,0,0.00333457216154078,0,9.85990336564561e-06,0.000706634029251273,0,0.0030354958562343,0,0.00289139268352958,0,0,0,0.0117693413248413,0,0.00956127245772644,0.000150249271778159,0.00129179840701667,0,0,5.13703151681731e-05,0.00168945149943843,0,0.00414191697835617,0.00778856841073351,6.14683466219402e-06,0.0441778714290791,0,0
0.000658918755885226,0.0293914404792952,0,0.0317755848989473,0,0.00406194282067542,0,0,0,0.00419439056931289,0,0,0,0,0,0,1.04840858823202e-05,3.8358570583178e-05,0.0032463604546427,0,0,0.000629902362218275,0,0.000217791174717762,0,0,0,0,0,0,0,0,0.00123383360448252,0,8.77768428767492e-05,0.000444378601217791,4.9720351951719e-05,0.00290346470138818,1.7146663385976e-05,0.0178485974285149,0,0.0247579816211166,0.000702742604235636,0,0,0.0030741597358399,0.000104723053576426,0.0793649138285451,0.0566283718072632,0,0,0.000256120724204134,0,0,0,0.0101507193669039,6.68757423954781e-05,0.00470568747264399,1.37714857976674e-05,0.00233624797306649,3.89593112316662e-05,0.017054477715926,0.000805696532540416,1.23908196182814e-05,0.00234716349762366,0,0.000456002488449586,0,0.00935992163925193,0,0.00364259797203599,0,0.0108030926939485,2.07346672004101e-05,0,0.000825825171617528,0,0,0.0022710675410097,0,0.00240756572097999,2.29746327943296e-06,0.00563633277786038,3.64737537369356e-05,0.0411454639152045,0.000179436250304478,0
0.000580624957590425,0,0.0145242800031111,0,0.0259699737477953,0,8.01461656716219e-05,0,0.000110741973912809,0,0.000718579224218525,0,0,0,0,0,9.87084737396585e-06,0,8.48446530356849e-05,0,0.0184072596527868,0,0,0,0,0,0,0,0,0,0,0,0,0,0,0,0.000483756781269084,0,2.99645052612014e-06,7.90188336742296e-05,0.00229618440504238,0,0.00423986940868721,0,0,0,0.0014071203407273,0,0.00359817967778476,0,0,0,0,0,0,0,0.00547066443430713,0,0.000372933832734443,0,7.36686900077443e-05,0,0,0.0235162703752735,0,0,0,0,0,0,0,0,0,0.000886579816265124,0,0,0,0,0,0.000783641227284246,0,0.000198568443631276,4.42569565803927e-05,0,0.00684239897608645,0,0.000294225450120512
0,8.64341886119228e-05,0,0.0282641060072504,0,0.0123712348012436,0,4.68525294946929e-05,0,0.00188079927925781,0,0,0,0,0,0,0,0,1.81341132022667e-05,0.00468289603958726,0,0,0,0,0,0,0,0,0,0,0,0,0,0,0,0,0,1.38954684237093e-05,0,0.000443783953465465,0,0.000410313546137975,4.99469012144908e-05,0,0,0.000156086811930464,0,0,0,0.000256120724204134,0,0,0,0.00361903931926516,0,0.000447803486632014,0,0.00102863305726375,0,0,0,0,0.000687930017074375,0,0,0,0,0,0,0,0,0,0.000127838090904447,0,0,0,0,0,1.54412067516955e-05,0,7.31588533226493e-06,0,3.08057556560169e-05,0,0.00120573033743905,0,0
0,0,0,0,0.00152062952994736,0,0.00573145010060204,0,0,0,0.0184347467468317,0,0,0,0,0,0,0,0,0,0.0027183689862506,0,0,0,0,0,0,0,0,0,0,0,0,0,0,0,0,0,0,0,0,0,0,0,0,0,0,0,0,0,0,0,0,0,0,0,0.00555903557755477,0,0,0,0,0,0,8.90093202074872e-05,0,0,0,0,0,0,0,0,0,0,0,0,0,0,0,0,0,0,2.61465307835714e-05,0,0,0,0
0,0,0,0,0,0.0016423975516671,0,0.0159157246847676,0,0,0,0.00461627904428189,0,0.00417909323109628,0,0,0,0,0,0.000175311247411309,0,0,0,0,0,0,0,0,0,0,0,0,0,0,0,0,0,0,0,0,0,0,0,0,0,0,0,0,0,0,0,0.00361903931926516,0,0,0,0,0,0.0116486485423965,0,0.00124048118751186,0,0,0.0011455188277046,0,0,0,0,0,0,0,0,0,0,0,0,0,0,0,0,0,0,0,0.000145659036126458,0,0.00337359512811901,0,0
0.0274070149550325,0,0.116422381367751,0,0.0012355013049169,0,0,0,0.1642045928311,0,0,0,0,0,4.5191970462935e-05,0,0,0,0,0,3.15446590239358e-05,0,0,0,0.047536684258035,0,0,0,0,0,0,0,0,0,0,0,0,0,0.00406184505761594,0,0,0,0.00012323416176307,0,0,0,0,0,0.000714324026251518,0,0,0,0,0,0,0,0.00104629246698726,0,0,0,0.0980126539397794,0,0,2.6667169381553e-05,0,0,0,0.139673333430405,0,0.00488140001261124,0,0,0,0.000164749061034029,0,0,0,0,0,0,0,0.00465441027856922,1.57346795686867e-05,0,0.000388622411722098,0,0
3.40541307661786e-05,0.0432167577842286,0,0.0513073608947127,0,0.00102657357175065,0,0,0,0.202472639557619,0,0,0,0,0,0.0066328977219752,0,6.70301178615773e-05,0,0,0,0,0,0.0600479270930156,0,0,0,0,0,0,0,0,0,0,0,0,0,0.00243546496409386,2.76937013488718e-06,0,0,0.000656714362102629,5.63929071488192e-05,0,0,0.000117222095378458,0,2.10487507664326e-05,0,0.0101507193669039,0,0.000447803486632014,0,0,0,0,0,0,0,0,0,0.117134975876722,1.78051360116686e-05,0,0,0,0.0523286846237374,0,0,0,0,0,8.07039761094477e-05,0,0,0,0,0,0,0,0.00101116870823391,0,0.000429869380161015,5.52412952675877e-07,0.00148682632724953,0,0
0.00171138425553651,0,0.00211102448044703,0,0.0014930088428688,0,0,0,6.04579017310657e-05,0,0.0398861497114242,0,0.009584595136155,0,0,0,0.000195996534259977,3.48055158598044e-05,0.000907165964874393,0,0.0728259312389132,0,0,0,0,0,0,0,0,0,0.00132647146036946,0,0,0,0,0,0.00104382000735425,4.49438411681153e-06,0.00215784905378002,8.25605338548798e-05,0.00138341723442785,5.28305489268712e-05,0.0300007750620172,0,0,1.41617670168486e-05,0.00235691969774775,5.14916071136937e-05,0.00262128239921846,6.68757423954781e-05,0.00547066443430713,0,0.00555903557755477,0,0.00104629246698726,0,0,0,0.0146761967276899,0,0.00280027916937151,0,0,0.0620683192921358,0,0,0,0,0,0,0,1.62550768641846e-05,0,0.0158799144869614,0,0,0,0,1.44416066921148e-06,0.0010055461335505,5.98679358391801e-06,0.000216055973129971,0.00154617312639007,3.36908067278944e-06,0.0509021280029787,0,0.00451518056690927
0,0.000506259332707399,0,0.00236426136168306,0,0.000303254836183766,0,0.00255207558966166,0,0.000263859715872717,0,0.119652257344898,0,0.0154748776521554,0,0,0,1.88887246951403e-06,0.000147875377012736,0.00312481834703049,0,0,0,0,0,0,0,0,0,0.00136542631272383,0,0,0,0,0,0.00245043939777373,0,0.00469925350732962,0,0.00016578946411704,0,0.00237031762321847,5.88391787042543e-06,0,0,0.000211069642705607,0,0,0,0.00470568747264399,0,0.00102863305726375,0,0.0116486485423965,0,0,0,0,0,0.0103031206953657,0,0.00109892710787779,0.00807337972732047,0,0,0,0,0,0.000137740408908718,0,0.000226292843850153,0,0.00808658719928344,0,0,0,0,0,7.38976616461681e-06,3.6301839879242e-06,1.46551447315264e-05,0,0.00109462688272211,1.27817805372645e-06,0.011272500045394,0,0
0.00054443695810159,0,0.0030432404996155,0,2.70867633310858e-05,0,0,0,0,0,0,0,0.0615684095966227,0,0.0011502021329679,0,7.22323248641797e-06,1.62573584454963e-05,1.76632070276989e-05,0,0,0,0,0,0,0,0,0,0.00048065029200439,0,0,0,0,0,0,0,1.64135658998717e-05,0,0,1.61751491424787e-05,0.000186700521401806,0,0.000923962156452613,0,0,0,0.000336266450850382,0,0.000551028008115648,1.37714857976674e-05,0.000372933832734443,0,0,0,0,0,0.0146761967276899,0,0,0,0.014406878480434,0,0,0.000290517930385107,0,0,0,0,0,0,0,0.00056938489433378,0,0.000197058748437894,0,0,0,0,0,7.10248524481892e-05,0,6.05872087091268e-05,1.42322397311251e-05,0,0.00271504111078795,0,5.39339902023385e-05
0,1.64502947259733e-05,0,0.000996946764175685,0,0,0,0.001915422961046,0,0,0,0.00140888008529079,0,0.0272096825507324,0,6.43749226583168e-05,0,0,0,0,0,0,0,0,0,0,0,0.00664077127050159,0,0,0,0,0,0,0,0,0,0,0,0,0,0.000207657016219613,0,0,0,0,0,0,0,0.00233624797306649,0,0,0,0.00124048118751186,0,0,0,0.0103031206953657,0,0,0,0.00453843343022569,0,0,0,0,0,0,0.000815417212517627,0,0.000952813501741065,0,7.13791285291993e-05,0,0,0,0,0,2.54702095304994e-06,0,0,0,0.000471986216969761,0.000144714865421497,0.000259079717497267,0,0
0.0204029960956409,0,0.00184882014414713,0,0,0,0,0,0.0448565221750242,0,0,0,0,0,0.000401764758448326,0,0,0,0,0,0,0,0,0,0.00145400975509127,0,0,0,0,0,0,0,0,0,0,0,0,0,0,0,0,0,7.98545214363835e-05,0,0,0,0,0,0.00333457216154078,3.89593112316662e-05,7.36686900077443e-05,0,0,0,0.0980126539397794,0,0.00280027916937151,0,0.014406878480434,0,0,0,0,0,0,0,0,0.00122693278860108,0,0.000862722083114741,0,0,0,0,0,0,0,0,0,0,0,0,8.54840653420799e-07,0,0.000183128685616106,0,0
0,0.0052006554920175,0,0.0249058760373348,0,0,0,0,0,0.00424499036627862,0,0,0,0,0,0.0416849779881142,0,7.57777345759686e-05,0,0,0,0,0,0,0,0.00157433081459334,0,0,0,0,0,0,0,0,0,0,0,0,0,0,0,4.25161080243352e-05,0,0,0,0,0,0,0,0.017054477715926,0,0,0,0,0,0.117134975876722,0,0.00109892710787779,0,0.00453843343022569,0,0,0,0,0,0,0,0,0.0274383033707855,0,0.000513044885754064,0,0,0,0,0,0,0,0,0,0,0,0.000387932049074758,4.04529214302043e-05,3.71624149704873e-05,0,0
0,1.37520490092411e-05,0,0.000961068216070598,0,0.00318394874933845,0,4.96184059440128e-05,0,0,0,0.0171531363455257,0,0,0,0,0,2.32269067989535e-05,0.000431999666925258,0.0617291998044637,0,0,0,0,0,0,0,0,0,0,0,0,0,0,0,0.0195562269541112,0,0.00508510433944538,0,0.00395650311601652,0,0.000702835931934299,1.9151494937981e-05,0,0,0.0464329527830996,0,0,9.85990336564561e-06,0.000805696532540416,0,0.000687930017074375,0,0.0011455188277046,0,1.78051360116686e-05,0,0.00807337972732047,0,0,0,0,0,0,0,0,0,0,0,0,3.89138755814065e-05,0,0.00361575269817997,0,0,0,0,0,0.00289479211470267,0,0.00378148873316678,0,0.000550023508440576,6.43096613565682e-06,0.0489574813882135,0,0
0.00222879916718564,0,0.00106272141121834,0,0.00790530819819201,0,0,0,8.78271596541915e-05,0,0.00120742279801365,0,0,0,0,0,0.000274032023534255,6.50861189445852e-05,0.00189669257705029,0,0.0536910277676812,0,0,0,0,0,0,0,0,0,0,0,0,0,0,0,0.00316749997408436,0,0.00995336924156707,5.09903019301914e-05,0.035247070798477,0,0.00720919383626396,0,7.31335935900265e-05,7.81450117635354e-05,0.0397477275132535,1.3037363830059e-05,0.000706634029251273,1.23908196182814e-05,0.0235162703752735,0,8.90093202074872e-05,0,2.6667169381553e-05,0,0.0620683192921358,0,0.000290517930385107,0,0,0,0,0,0,0,0,0,0,0,0,0,0,0.0222989218953095,0,0,0,0,3.06108968758801e-06,0.0104919125537594,0,0.00547494739569107,0.000620769791512665,1.86000298367245e-05,0.0313028528731325,0,0.000778472506972434
0,0,0,0,0,0,0,0,0,0,0,0,0,0,0,0,0,4.18466906052086e-05,0,0,0,0.0357475425441244,0.000836113034468351,0.00159626870926016,0,9.33618793129453e-06,0,0,0,0,0,0,0,0,0,0,0,0.00167957810127927,0,0,0,0,0,0,0,0,0,0,0,0.00234716349762366,0,0,0,0,0,0,0,0,0,0,0,0,0,0,0,0,0.00187794125263129,0,0.00183995643139557,0,0.00722703939674304,0,0,0,0,0,0,0,0,0,0.00204759584046897,0,8.6925786035863e-06,9.37253207666799e-06,0,0,0
