0,64.1398998896281,7.49312692050692,72.4417133331299,6.56685872077942,0,0,0,6.46762117338769,0,0,0,0,0,0,0,18.8506172965555,48.5349879264832,8.99994346164765,0,0,0,0,0,10.4210717447714,0,0,0,0,0,0,0,0,0,0,0,0,40.1411261925331,13.7819326658053,62.9721755981445,28.3308493572733,95.395128885905,21.6992575455601,0,0,60.3012733459473,20.4840840198955,0,6.60291188595059,55.9339370727539,0,0,0,0,6.52539470156685,68.7167451041085,12.8529522924712,0,0,0,0,0,0,27.6671442552046,0,0,46.7353363037109,0,0,0,0,0,0,21.9308090209961,0,0,0,0,0,29.7786173941872,0,28.2343813963611,11.6485852113202,32.9553580182664,17.8640317896738,55.5238609313965,37.9749641418457
64.1398998896281,0,0,8.9888543100918,0,7.15532722988644,0,0,71.2207768758138,6.68248159504832,0,0,0,0,0,0,0,8.68864337603251,15.7503132716469,0,0,0,0,13.7887803350176,0,0,0,0,0,0,0,0,0,0,0,0,0,16.3151146480015,42.4522693340595,26.3437080965697,101.659545898438,23.8570334859587,45.2027142842611,0,0,21.8669470250607,0,0,75.5372604370117,4.40496865470531,0,0,0,0,75.3453750610352,5.08055019848987,66.0090370178223,8.99063251788417,0,14.2564601898193,0,6.94288631661298,18.5893587875366,0,0,0,10.9963189266515,0,0,0,0,0,0,0,0,0,0,0,28.3901811835086,0,25.4026345866067,55.2149141099718,17.0491494971413,28.4101147284875,18.8356941654806,19.6640434265137,0
7.49312692050692,0,0,0,9.61523403904655,0,14.299337208271,0,13.2558933198452,0,0,0,0,0,0,0,70.5003108978271,98.391056060791,61.6054205629561,0,0,0,0,0,21.3572769165039,0,0,0,0,0,0,0,0,0,0,0,26.3128836750984,0,23.2773063659668,0,32.1335479280223,100.551414489746,33.7924617788731,0,0,126.848098754883,25.0153144240379,31.342601776123,7.162715519902,0,12.9366040080786,0,0,0,5.93316425644072,0,19.6962272712163,0,5.24235307348186,0,2.95400269826253,0,0,26.3707381566366,0,0,0,0,0,0,0,0,0,23.5205211639404,0,0,0,0,0,31.5585415580056,0,30.1766248292561,14.5376114433194,0,26.8780264126552,0,23.6465339660645
72.4417133331299,8.9888543100918,0,0,0,7.92168200578582,0,0,80.4126129150391,22.3748977155571,0,5.95940653483073,0,0,0,0,79.9864060538156,57.8463847462724,52.1411942958832,6.76937939903953,0,0,0,23.9767690587927,0,0,0,0,0,0,0,0,0,0,0,0,24.6525983810425,26.1926579586295,56.4511184692383,30.0042589393247,113.495315551758,34.6254430272272,77.0346813201904,44.4889526367188,0,26.8184997170658,117.708122253418,26.5602791309357,0,7.08708331609223,0,7.64094990868678,0,0,0,11.1315252668717,74.9410781860352,17.2491524309686,0,3.85079791094806,0,3.76512325893749,22.9877890167236,0,0,0,22.8848906622993,0,0,0,0,0,0,0,0,0,0,0,33.6029324277618,132.443878173828,30.0568437183026,0,19.39400163127,34.961742401123,24.1801395107649,38.4224692896793,86.2587356567383
6.56685872077942,0,9.61523403904655,0,0,0,13.6886310577393,0,7.80211854505015,0,0,0,0,0,4.21146980564246,0,0,0,44.5431270599365,0,8.52122807502747,0,0,0,0,0,0,0,0,0,0,0,0,0,0,0,17.6080781618754,0,0,0,38.9382950464884,50.9603042602539,39.6943121978215,0,0,0,0,0,25.3983554840088,40.9577255249023,4.10916302554748,0,2.94895386695862,0,4.11181994279226,0,3.06542233058385,0,4.15349909994337,0,4.30179425723969,0,0,0,0,0,0,0,0,0,0,0,0,30.5699768066406,0,0,0,0,0,25.9750351905823,0,66.7565536499023,5.98333853653139,4.67637637783499,30.297362110508,0,0
0,7.15532722988644,0,7.92168200578582,0,0,0,0,0,6.05705396283057,0,0,0,5.56865284259503,0,4.27249024464534,0,54.3240623474121,70.1289863586426,5.38529402017593,0,0,0,32.1542682647705,0,0,0,0,0,0,0,0,0,0,0,17.6893346309662,30.4795455932617,33.1999528408051,0,37.1085518056696,0,40.7804491228192,57.7110900878906,0,0,0,0,40.3773918151855,59.0182266235352,14.7658395109505,0,3.10935812992054,0,0,0,18.2971735954285,0,15.8721252144247,0,4.26241520543893,0,3.21788395534862,31.6991497039795,0,0,0,30.0801792144775,0,0,0,0,0,39.4741630554199,0,0,0,0,0,41.9621002197266,0,33.9464073181152,0,6.01336719050552,4.92624775258203,15.9198393656148,0,0
0,0,14.299337208271,0,13.6886310577393,0,0,0,15.1084485054016,0,0,0,4.80450116886812,0,0,0,0,0,0,0,2.83708833058675,0,0,0,0,0,0,0,0,0,0,0,0,0,0,0,0,0,0,0,0,0,50.3720474243164,0,0,0,0,0,0,0,3.28305445398603,0,3.01927296320597,0,0,0,3.3693061404758,0,0,0,0,0,0,0,0,0,0,0,0,0,0,0,0,0,0,0,0,0,0,0,0,0,3.36977044414071,3.98035595164321,40.4525527954102,0,0
0,0,0,0,0,0,0,0,0,0,0,2.72370100021362,0,0,0,0,0,0,0,3.86056076371393,0,0,0,0,0,0,0,0,0,0,0,0,0,0,0,4.38930908271245,0,0,0,0,0,0,0,0,0,0,0,0,0,0,0,3.5039954662323,0,3.32087656295976,0,0,0,3.20468404649318,0,0,0,0,4.51119964502074,0,0,0,0,0,0,0,0,0,0,0,0,0,0,0,0,0,0,0,2.8526726514101,2.84786170721054,0,0,0
6.46762117338769,71.2207768758138,13.2558933198452,80.4126129150391,7.80211854505015,0,15.1084485054016,0,0,0,0,0,0,0,3.79012416850376,0,14.0998360288554,33.0107040405273,43.6386818204607,0,0,0,0,0,8.40306803422381,0,2.90612668991089,0,0,0,0,0,0,0,0,0,0,50.1939290364583,11.2479195916251,0,49.181075668335,117.341377258301,22.9745334211985,0,0,0,48.897274017334,0,18.1264937699899,0,5.49012244777915,0,0,0,5.16873243114575,69.3845825195312,18.6230432987213,0,0,0,4.09497975558043,0,0,16.3757514953613,0,0,0,8.29348244190216,0,2.80630326271057,0,0,0,0,0,0,0,0,0,40.9696985880534,0,13.7671362161636,6.56870154328941,9.95334499303032,22.0516453749291,0,5.55309932572501
0,6.68248159504832,0,22.3748977155571,0,6.05705396283057,0,0,0,0,0,0,0,0,0,3.73627566649944,81.544911702474,10.5386586983999,8.46821205583337,0,0,0,0,4.84437175494869,0,0,0,0,0,0,0,0,0,0,0,0,0,13.6203579746309,0,46.4330320358276,0,27.7437863524367,0,0,0,44.582798576355,0,0,0,15.3008150475366,0,0,0,0,0,4.75225090390605,0,18.0011004209518,0,0,0,4.37067846042007,0,0,0,0,12.9726506641933,0,0,0,0,0,0,0,0,0,23.0019136156355,0,47.3038202921549,0,18.0840520138754,0,5.12975370763839,4.03842086611913,12.5892970335484,13.421763079507,0
0,0,0,0,0,0,0,0,0,0,0,0,3.16284504841114,0,0,0,0,0,0,0,3.16394146409902,0,0,0,0,0,0,0,0,0,2.83415818214417,0,0,0,0,0,3.57797018022138,0,3.34274141177191,0,0,0,0,0,0,0,0,0,0,0,0,0,0,0,0,0,3.17284812186898,0,3.27661365656341,0,0,0,0,4.08752743633473,0,0,0,0,0,0,0,0,0,2.72782778739929,0,0,0,0,0,0,0,4.16868745713007,3.60472039368329,3.70965344243867,0,0,0
0,0,0,5.95940653483073,0,0,0,2.72370100021362,0,0,0,0,0,3.27879430055618,0,0,0,0,0,3.5784595280628,0,0,0,0,0,0,0,3.25454258918762,0,0,0,0,0,0,0,4.76868257953339,0,3.63597829783404,0,0,0,0,0,0,0,0,0,0,0,0,0,5.6707181930542,0,3.40470646858215,0,0,0,3.6398382085596,0,3.41241196175098,0,0,4.31191941788409,0,0,0,0,0,0,0,2.77189203103383,0,0,0,0,0,0,0,6.46659499648455,0,3.96131286621094,0,3.6172604393214,3.50430793996044,8.94552400112152,0,0
0,0,0,0,0,0,4.80450116886812,0,0,0,3.16284504841114,0,0,0,3.46291548947254,0,0,0,0,0,0,0,0,0,0,0,3.26055085659027,0,2.88583263911699,0,0,0,0,0,0,0,0,0,0,0,0,0,0,0,0,0,0,0,0,0,0,0,0,0,0,0,2.72670221328735,0,3.07156870075475,0,0,0,0,0,0,0,0,0,0,0,0,0,0,0,0,0,0,0,0,0,0,0,3.54060783507718,3.76979892018815,0,0,0
0,0,0,0,0,5.56865284259503,0,0,0,0,0,3.27879430055618,0,0,0,3.83529730834583,0,0,0,0,0,0,0,0,0,0,0,3.01448478597276,0,0,0,0,0,0,0,0,0,0,0,0,0,0,0,0,0,0,0,0,0,0,0,4.28389081087979,0,0,0,0,0,4.16669780015945,0,3.29412009821084,0,3.3932421207428,0,0,0,0,0,0,0,0,0,0,0,0,0,0,0,0,0,0,0,0,3.51133941458691,4.01173162823286,0,0,0
0,0,0,0,4.21146980564246,0,0,0,3.79012416850376,0,0,0,3.46291548947254,0,0,0,2.96689733591947,0,0,0,0,0,0,0,0,0,0,0,3.6223030090332,0,0,0,0,0,0,0,0,0,0,0,0,0,0,0,0,0,0,0,0,0,3.86412265489427,0,0,0,4.08128154277802,0,0,0,2.80157599141521,0,3.71309678289625,0,0,0,0,0,0,0,0,0,0,0,0,0,0,0,0,0,0,0,0,0,3.30005840361555,3.76420821083917,0,0,0
0,0,0,0,0,4.27249024464534,0,0,0,3.73627566649944,0,0,0,3.83529730834583,0,0,0,3.08417976986278,0,0,0,0,0,0,0,0,0,0,0,0,0,0,0,0,0,0,0,0,0,0,0,0,0,0,0,0,0,0,0,0,0,3.71088094711304,0,0,0,5.13230007886887,0,0,0,3.10269932674639,0,3.22044234519655,0,0,0,0,0,0,0,0,0,0,0,0,0,0,0,0,0,0,0,0,3.66729949644911,4.39709705490687,0,0,0
18.8506172965555,0,70.5003108978271,79.9864060538156,0,0,0,0,14.0998360288554,81.544911702474,0,0,0,0,2.96689733591947,0,0,20.0724685929424,26.8149281988528,0,0,0,0,0,3.01143305800682,0,10.419138099633,0,0,0,0,0,0,0,0,0,0,0,61.0838928222656,73.0123361587524,57.4448839908289,62.8402565281566,46.7315051476454,49.9513422648112,33.9683127403259,68.7126355171204,53.5406545956406,0,8.80877828598022,0,63.6280517578125,0,0,0,0,30.3516387939453,64.7570495605469,80.2048132760184,0,0,0,0,91.5161399841309,62.4718062082926,0,0,0,0,0,5.90799140930176,0,0,0,0,0,0,0,0,74.6819676571205,57.894672387782,63.9160938262939,60.9372292376579,13.2962478042596,4.99344542302799,51.7785050634478,59.573568060043,40.3265430616296
48.5349879264832,8.68864337603251,98.391056060791,57.8463847462724,0,54.3240623474121,0,0,33.0107040405273,10.5386586983999,0,0,0,0,0,3.08417976986278,20.0724685929424,0,19.5658014462018,0,0,2.94174081087112,0,21.7534027099609,102.161506652832,3.01339837333612,31.8765084526756,2.86755039691925,0,0,0,0,0,0,0,0,0,64.4699859619141,0,57.7976971657623,70.4504141192818,45.8282088031699,65.9101817869269,38.9914315541585,54.3031730651855,53.8283754677396,66.695060520956,0,0,15.9528245925903,0,0,0,0,0,61.8225269317627,80.7992172241211,66.0634088134766,0,0,0,0,62.5755733913846,70.7071892874581,0,0,0,0,3.04646348953247,0,0,0,55.7645072937012,0,0,0,0,0,59.2485955890856,71.6255240840766,60.1594474350197,76.2185098984662,11.465133829303,5.1680371301216,52.597216051606,40.2365513263833,61.9017259143648
8.99994346164765,15.7503132716469,61.6054205629561,52.1411942958832,44.5431270599365,70.1289863586426,0,0,43.6386818204607,8.46821205583337,0,0,0,0,0,0,26.8149281988528,19.5658014462018,0,0,0,0,0,16.1101623475552,0,0,42.8216171264648,0,0,0,0,0,0,0,0,0,0,27.5044883728027,52.1401977539062,37.3584096988622,37.3394667785092,23.5090817033341,21.4136871926217,15.8057861042023,16.8158606015719,35.7888130875344,39.3191975384224,0,39.3209954897563,22.0519414544106,53.8921377999442,0,0,0,64.0752334594727,41.881147813797,45.6286776065826,31.0156259407868,78.3950233459473,0,0,0,39.8825382391612,47.429765298333,0,0,59.4974263509115,0,0,0,0,0,26.8545725895808,23.2631702423096,0,0,27.7961349487305,0,37.6341485025487,44.1608608689245,35.3950598383524,42.8863606164919,15.3573911087084,30.5153326034546,28.2076909639568,19.0684849254956,16.1514008196467
0,0,0,6.76937939903953,0,5.38529402017593,0,3.86056076371393,0,0,0,3.5784595280628,0,0,0,0,0,0,0,0,0,0,0,0,0,0,0,0,0,0,0,0,0,0,0,4.18278120233001,0,3.74047159722873,0,34.8208627700806,0,39.3353039423625,0,0,0,0,0,32.4692649841309,0,0,0,12.3466798123859,0,3.67975966135661,0,0,0,4.49259503859061,0,8.96409161885579,0,0,3.323967604895,0,0,0,0,0,0,0,0,0,0,0,0,0,0,0,4.73896761443637,0,0,0,3.30212292983884,2.85407269001007,5.28818319413973,0,0
0,0,0,0,8.52122807502747,0,2.83708833058675,0,0,0,3.16394146409902,0,0,0,0,0,0,0,0,0,0,0,0,0,0,0,0,0,0,0,0,0,0,0,0,0,3.07949012492348,0,3.50839926941054,0,0,0,0,0,0,0,6.12091779708862,0,0,0,9.91187823791893,0,0,0,0,0,3.55449617398928,0,9.97898610432943,0,0,0,0,5.36432979303172,0,0,0,0,0,0,0,0,0,0,0,0,0,0,0,3.27853421447347,0,5.55835692087809,2.9699589949902,0,4.06712624266907,0,0
0,0,0,0,0,0,0,0,0,0,0,0,0,0,0,0,0,2.94174081087112,0,0,0,0,4.50825846979984,3.483590226907,9.91743544169835,3.43715858459473,0,3.53582243919373,0,0,0,0,0,0,0,0,0,9.48449526660192,5.07995827551241,0,0,0,0,0,0,0,0,0,0,3.1558039528983,0,0,0,0,0,0,0,0,0,0,0,0,0,0,3.48618285925615,6.49949188854383,3.94293174630887,9.85669982433319,0,0,0,0,0,0,0,0,0,0,0,0,12.4771556973671,0,4.71318639900875,6.26423315771783,0,0,0
0,0,0,0,0,0,0,0,0,0,0,0,0,0,0,0,0,0,0,0,0,4.50825846979984,0,0,3.63812034470694,0,2.83945445219676,0,2.89274038587298,0,0,0,0,0,0,0,0,0,5.73093675728419,0,0,0,0,0,0,0,0,0,5.03318476676941,0,0,0,0,0,0,0,0,0,0,0,0,0,0,0,6.70165657997131,3.48149274334763,0,3.20264235909065,0,3.13886057359201,0,2.94096994400024,0,0,0,0,0,0,0,0,0,9.53272408309856,3.72503047121451,4.05735495319901,0,0,0
0,13.7887803350176,0,23.9767690587927,0,32.1542682647705,0,0,0,4.84437175494869,0,0,0,0,0,0,0,21.7534027099609,16.1101623475552,0,0,3.483590226907,0,0,0,0,0,0,0,0,0,0,0,0,0,0,0,4.85436012124169,0,44.9250450134277,0,44.0845454366584,0,0,0,0,0,0,0,16.3195972580841,0,37.2169303894043,0,0,0,7.72367899417877,0,0,0,0,0,0,0,0,3.55680530071259,0,4.26680587719613,0,2.73503994941711,0,0,0,0,0,0,0,14.3584547042847,0,61.6145706176758,0,13.1673846621262,36.2358207702637,6.13956140257919,4.10042152404785,29.2643594264984,0,0
10.4210717447714,0,21.3572769165039,0,0,0,0,0,8.40306803422381,0,0,0,0,0,0,0,3.01143305800682,102.161506652832,0,0,0,9.91743544169835,3.63812034470694,0,0,0,3.03593375132634,0,0,0,0,0,0,0,0,0,0,0,5.00337915211916,0,49.6962852478027,0,30.404380261898,0,0,0,0,0,19.3655599355698,0,0,0,0,0,6.13382006686123,0,19.8833141326904,0,0,0,0,0,0,0,0,2.8576123373849,0,3.31682575973305,0,4.27644574642181,0,0,0,0,0,0,0,0,0,0,0,9.15890174247205,5.14265119392453,5.23251038236716,28.8491410762072,0,10.9350848197937
0,0,0,0,0,0,0,0,0,0,0,0,0,0,0,0,0,3.01339837333612,0,0,0,3.43715858459473,0,0,0,0,0,0,0,0,0,0,0,0,0,0,0,0,0,0,0,0,0,0,0,0,0,0,0,0,0,0,0,0,0,0,0,0,0,0,0,0,0,0,0,0,0,0,2.76584522724152,0,0,0,0,0,0,0,0,0,0,0,0,0,3.10472696666518,0,0,0,0
0,0,0,0,0,0,0,0,2.90612668991089,0,0,0,3.26055085659027,0,0,0,10.419138099633,31.8765084526756,42.8216171264648,0,0,0,2.83945445219676,0,3.03593375132634,0,0,0,3.09419693833306,0,0,0,0,0,0,0,0,0,0,0,0,0,0,0,0,0,0,0,0,0,0,0,0,0,0,0,0,0,0,0,0,0,0,0,0,0,0,0,0,3.51565121456901,0,0,0,0,0,0,0,0,0,0,0,0,3.07722322642803,0,0,0,0
0,0,0,0,0,0,0,0,0,0,0,3.25454258918762,0,3.01448478597276,0,0,0,2.86755039691925,0,0,0,3.53582243919373,0,0,0,0,0,0,0,3.49419061085473,0,0,0,0,0,0,0,3.68724661320448,0,0,0,0,0,0,0,0,0,0,0,0,0,0,0,0,0,0,0,0,0,2.88229467254132,0,0,0,0,2.95432150363922,0,0,0,0,0,3.17870217042345,0,0,0,0,0,0,0,0,0,0,0,3.24235926010239,3.77874641112231,0,0,0
0,0,0,0,0,0,0,0,0,0,0,0,2.88583263911699,0,3.6223030090332,0,0,0,0,0,0,0,2.89274038587298,0,0,0,3.09419693833306,0,0,0,2.87019552733447,0,0,0,0,0,0,0,3.90175092220306,0,0,0,0,0,0,0,0,0,0,0,0,0,0,0,0,0,0,0,2.74123040835063,0,0,0,0,0,0,3.1646419233746,0,0,0,2.90778426690535,0,3.1324709643258,0,0,0,0,0,0,0,0,0,7.49268901348114,2.73802280426025,3.23654089065698,0,0,0
0,0,0,0,0,0,0,0,0,0,0,0,0,0,0,0,0,0,0,0,0,0,0,0,0,0,0,3.49419061085473,0,0,0,0,0,0,0,0,0,3.03515186309814,0,0,0,0,0,0,0,0,0,0,0,0,0,0,0,0,0,0,0,3.15708216185709,0,0,0,0,0,0,0,0,0,0,0,0,3.23918096721172,0,2.95382571220398,0,0,0,0,0,0,0,0,0,2.9937221118382,2.85876243455069,0,0,0
0,0,0,0,0,0,0,0,0,0,2.83415818214417,0,0,0,0,0,0,0,0,0,0,0,0,0,0,0,0,0,2.87019552733447,0,0,0,0,0,0,0,0,0,2.97925356352651,0,0,0,0,0,0,0,0,0,0,0,0,0,0,0,0,0,3.01411910851796,0,0,0,0,0,0,0,0,0,0,0,0,0,0,3.36275275379208,0,3.00860707583251,0,0,0,0,0,0,0,0,2.74099373817444,0,0,0,0
0,0,0,0,0,0,0,0,0,0,0,0,0,0,0,0,0,0,0,0,0,0,0,0,0,0,0,0,0,0,0,0,3.50506734800243,26.4169120788574,2.78875136375427,6.57704598991959,5.56653107445816,0,0,0,0,0,0,0,0,0,0,6.71368081070656,7.17191410064697,19.173201084137,0,0,0,0,0,0,0,0,0,0,0,0,0,0,0,0,0,0,0,0,0,0,0,0,3.51020927215371,3.47162120350282,0,0,11.3892401781488,6.27439604634824,0,0,3.04584109019307,3.58020353317261,0,0,0
0,0,0,0,0,0,0,0,0,0,0,0,0,0,0,0,0,0,0,0,0,0,0,0,0,0,0,0,0,0,0,3.50506734800243,0,2.73445192972819,0,4.50094061148794,11.1135956240396,0,0,0,0,0,0,0,0,0,0,6.44790206931045,0,0,0,0,0,0,0,0,0,0,0,0,0,0,0,0,0,0,0,0,0,0,0,0,0,0,4.75079453597635,3.24671648417731,4.8518431527274,0,5.42168232599894,13.6494909977447,0,0,3.0680837501474,0,0,0,0
0,0,0,0,0,0,0,0,0,0,0,0,0,0,0,0,0,0,0,0,0,0,0,0,0,0,0,0,0,0,0,26.4169120788574,2.73445192972819,0,4.42892221920317,2.73311020079113,0,3.34470330238342,5.99957021960506,0,0,0,0,0,0,0,0,4.42544288205025,12.2130451202393,0,0,0,0,0,0,0,0,0,0,0,0,0,0,0,0,0,0,0,0,0,0,0,0,0,0,2.73628258705139,3.01424472614615,3.42254939389303,2.83784743150075,0,2.86837179320199,5.82306633172212,4.51334417554048,2.91953845322132,0,0,0
0,0,0,0,0,0,0,0,0,0,0,0,0,0,0,0,0,0,0,0,0,0,0,0,0,0,0,0,0,0,0,2.78875136375427,0,4.42892221920317,0,0,2.88614503542582,8.07959469159444,3.80277395248413,0,0,0,0,0,0,0,0,4.87491003437281,0,10.8611105868691,0,0,0,0,0,0,0,0,0,0,0,0,0,0,0,0,0,0,0,0,0,0,0,0,0,0,4.44455498925947,3.7123053995724,0,0,4.49185931682587,3.28403552228754,2.93736216834947,0,11.5976247787476,0,0
0,0,0,0,0,17.6893346309662,0,4.38930908271245,0,0,0,4.76868257953339,0,0,0,0,0,0,0,4.18278120233001,0,0,0,0,0,0,0,0,0,0,0,6.57704598991959,4.50094061148794,2.73311020079113,0,0,4.1540689660788,4.78523479772094,3.0131599009037,6.33066320419312,0,0,0,0,0,0,0,14.8085700061223,0,18.5947074890137,0,0,0,0,0,0,0,4.6814500119263,0,0,0,0,3.89173026625992,0,0,0,0,0,0,0,0,0,0,0,4.40201150711094,0,3.29770442118748,0,4.16033288441509,4.23914397062267,5.42129807198634,0,3.77378142439958,4.34866813653045,13.8267497221629,0,0
0,0,26.3128836750984,24.6525983810425,17.6080781618754,30.4795455932617,0,0,0,0,3.57797018022138,0,0,0,0,0,0,0,0,0,3.07949012492348,0,0,0,0,0,0,0,0,0,0,5.56653107445816,11.1135956240396,0,2.88614503542582,4.1540689660788,0,0,2.9291501413157,0,0,23.8474369049072,37.2259693145752,0,0,38.5827255249023,0,28.525335132653,0,7.02186441421509,19.3428040651175,0,0,0,0,0,3.33976371045189,0,23.3878033638,0,0,0,0,4.26729855405785,0,0,0,0,0,0,0,0,0,0,6.47997360879725,7.83805898477823,0,3.16090798377991,4.41032309107917,4.14050936807141,0,3.1443839896809,3.70268242133753,3.74571341782038,20.2330343308656,0,0
40.1411261925331,16.3151146480015,0,26.1926579586295,0,33.1999528408051,0,0,50.1939290364583,13.6203579746309,0,3.63597829783404,0,0,0,0,0,64.4699859619141,27.5044883728027,3.74047159722873,0,9.48449526660192,0,4.85436012124169,0,0,0,3.68724661320448,0,3.03515186309814,0,0,0,3.34470330238342,8.07959469159444,4.78523479772094,0,0,6.38700128131879,50.9237327575684,0,40.3740218106438,19.5905251502991,0,0,0,0,6.76664436023293,32.246843771501,8.55845866792581,0,0,0,0,51.0397381252713,14.5088307750266,46.7997550964355,4.76255949041036,0,0,0,0,4.61016221913424,0,4.74807212457671,0,5.82556992106968,0,0,0,4.6229894955953,0,3.77481050491333,0,0,0,4.70923249994813,0,5.21935112311922,0,5.10343851759738,8.23841634001783,6.86937819152979,4.47746012033012,13.5916636429893,0,0
13.7819326658053,42.4522693340595,23.2773063659668,56.4511184692383,0,0,0,0,11.2479195916251,0,3.34274141177191,0,0,0,0,0,61.0838928222656,0,52.1401977539062,0,3.50839926941054,5.07995827551241,5.73093675728419,0,5.00337915211916,0,0,0,3.90175092220306,0,2.97925356352651,0,0,5.99957021960506,3.80277395248413,3.0131599009037,2.9291501413157,6.38700128131879,0,53.5781745910645,53.0849494934082,0,21.5413651017175,0,0,0,52.8626365661621,6.60287043406879,14.8128847133614,21.7814321084456,0,0,0,0,12.7292119873409,39.6455993652344,3.55545971121907,0,0,0,0,0,0,6.30913072251764,0,4.66317322466633,29.0760822296143,6.69257389220045,0,0,0,0,0,3.37700078907084,0,0,7.15576124191284,4.05418261197897,0,3.97194947361946,4.21634729806479,4.34168217009515,7.00621101526114,5.91204889615377,13.3006391211777,0,0
62.9721755981445,26.3437080965697,0,30.0042589393247,0,37.1085518056696,0,0,0,46.4330320358276,0,0,0,0,0,0,73.0123361587524,57.7976971657623,37.3584096988622,34.8208627700806,0,0,0,44.9250450134277,0,0,0,0,0,0,0,0,0,0,0,6.33066320419312,0,50.9237327575684,53.5781745910645,0,95.6480453491211,21.7460370329395,84.4480686187744,22.5615866524833,0,14.6597494809653,100.6673311506,12.1167800426483,0,10.7957158825112,0,38.0539563496908,0,0,0,40.5920962015788,110.825942993164,47.1571918487549,0,30.9870281219482,0,0,7.91125887446933,0,0,0,58.1883382797241,0,0,0,0,0,0,0,0,0,0,0,21.1245036391016,107.827159534801,53.3114995516264,108.629123687744,36.212453179994,59.0400009155273,13.9262738192822,20.2491578735044,71.8079566955566
28.3308493572733,101.659545898438,32.1335479280223,113.495315551758,38.9382950464884,0,0,0,49.181075668335,0,0,0,0,0,0,0,57.4448839908289,70.4504141192818,37.3394667785092,0,0,0,0,0,49.6962852478027,0,0,0,0,0,0,0,0,0,0,0,0,0,53.0849494934082,95.6480453491211,0,62.4183120727539,20.7072090520524,51.4083709716797,19.3151008342874,88.2169186518743,18.0433637426158,9.3785593693073,10.447235800577,8.45283603668213,37.591614762942,0,0,0,47.4347915649414,110.329124450684,45.6092963218689,117.725830078125,35.5697062015533,0,0,0,0,40.9400169849396,0,0,0,43.0614280700684,0,0,0,0,0,0,0,0,0,0,97.722336509011,19.3991594391826,117.816253662109,51.9320039471915,45.1851521194748,76.041015625,16.7163502343538,57.0507030487061,19.8075947514152
95.395128885905,23.8570334859587,100.551414489746,34.6254430272272,50.9603042602539,40.7804491228192,0,0,117.341377258301,27.7437863524367,0,0,0,0,0,0,62.8402565281566,45.8282088031699,23.5090817033341,39.3353039423625,0,0,0,44.0845454366584,0,0,0,0,0,0,0,0,0,0,0,0,23.8474369049072,40.3740218106438,0,21.7460370329395,62.4183120727539,0,14.8878143110252,22.772493009214,0,24.5343236377395,76.7340896243141,6.09410045171147,18.0748879338654,14.0485551287556,0,41.4774695003734,0,0,105.345764160156,25.8099183890433,77.6600723266602,21.8320580975256,48.1148910522461,43.7714376449585,0,22.2493660699076,35.6747326779721,0,0,0,34.9711836973826,0,0,0,0,0,16.6268978887989,0,0,0,0,0,24.0448943723055,82.4607216971261,37.9943826198578,92.0671590169271,22.0868823388958,12.5238257921659,17.2101050648082,13.5482925628192,41.7245431900024
21.6992575455601,45.2027142842611,33.7924617788731,77.0346813201904,39.6943121978215,57.7110900878906,50.3720474243164,0,22.9745334211985,0,0,0,0,0,0,0,46.7315051476454,65.9101817869269,21.4136871926217,0,0,0,0,0,30.404380261898,0,0,0,0,0,0,0,0,0,0,0,37.2259693145752,19.5905251502991,21.5413651017175,84.4480686187744,20.7072090520524,14.8878143110252,0,0,14.3660665750504,75.6165417262486,25.6078257262833,7.75523506601651,16.9097508074812,13.6032561950905,43.3323674427379,0,0,0,32.1236841426176,40.3407535552979,19.958873758611,0,44.7700053623744,0,26.3278820037842,0,0,31.6984076272874,0,0,0,20.0581948757172,0,0,0,0,0,43.9114263852437,0,0,0,0,109.724238586426,24.9396955171361,0,29.92712737276,18.9874458981096,17.0087438159519,16.8385505412645,69.9789741516113,13.1092956225731
0,0,0,44.4889526367188,0,0,0,0,0,0,0,0,0,0,0,0,49.9513422648112,38.9914315541585,15.8057861042023,0,0,0,0,0,0,0,0,0,0,0,0,0,0,0,0,0,0,0,0,22.5615866524833,51.4083709716797,22.772493009214,0,0,0,35.4560763041178,0,0,0,0,0,0,0,0,0,0,0,58.9576187133789,0,0,0,0,0,0,0,0,0,0,0,0,0,0,0,0,0,0,0,0,22.5214450472877,0,18.3296925226847,0,32.2516177495321,0,18.9304604593076,13.1290640830994,63.7024192810059
0,0,0,0,0,0,0,0,0,0,0,0,0,0,0,0,33.9683127403259,54.3031730651855,16.8158606015719,0,0,0,0,0,0,0,0,0,0,0,0,0,0,0,0,0,0,0,0,0,19.3151008342874,0,14.3660665750504,0,0,32.8689880371094,56.2684688568115,0,0,0,0,0,0,0,0,0,0,0,0,0,0,0,0,0,0,0,0,0,0,0,0,0,0,0,0,0,0,0,0,20.7632957956065,0,19.9457054138184,30.2699356079102,0,12.4781101300166,0,0
60.3012733459473,21.8669470250607,126.848098754883,26.8184997170658,0,0,0,0,0,44.582798576355,0,0,0,0,0,0,68.7126355171204,53.8283754677396,35.7888130875344,0,0,0,0,0,0,0,0,0,0,0,0,0,0,0,0,0,38.5827255249023,0,0,14.6597494809653,88.2169186518743,24.5343236377395,75.6165417262486,35.4560763041178,32.8689880371094,0,95.1860950469971,52.269100189209,0,31.6402603089809,0,0,0,0,0,54.7622680664062,0,46.014739396837,0,0,0,0,6.64908029747932,0,0,0,38.9420051574707,0,0,0,0,0,0,0,0,0,0,0,13.847776580801,91.3683438982282,13.9414586255452,95.3278198242188,32.388110112977,0,17.9761007329907,39.7827829078392,56.6665382385254
20.4840840198955,0,25.0153144240379,117.708122253418,0,0,0,0,48.897274017334,0,0,0,0,0,0,0,53.5406545956406,66.695060520956,39.3191975384224,0,6.12091779708862,0,0,0,0,0,0,0,0,0,0,0,0,0,0,0,0,0,52.8626365661621,100.6673311506,18.0433637426158,76.7340896243141,25.6078257262833,0,56.2684688568115,95.1860950469971,0,0,23.2088910687354,44.435619354248,62.531566619873,0,0,0,49.8138370513916,0,55.3825979232788,113.469276428223,0,0,0,0,0,7.31709894637999,0,0,0,0,0,0,0,0,0,50.135627746582,0,0,0,0,86.8569541344276,15.266516903216,0,16.9611769902463,39.0498507356971,62.2491836547852,27.5958091137901,44.2283821105957,37.5801384665749
0,0,31.342601776123,26.5602791309357,0,40.3773918151855,0,0,0,0,0,0,0,0,0,0,0,0,0,32.4692649841309,0,0,0,0,0,0,0,0,0,0,0,6.71368081070656,6.44790206931045,4.42544288205025,4.87491003437281,14.8085700061223,28.525335132653,6.76664436023293,6.60287043406879,12.1167800426483,9.3785593693073,6.09410045171147,7.75523506601651,0,0,52.269100189209,0,0,5.46140845293282,6.0218462281156,64.9968338012695,0,0,0,0,0,0,0,0,0,0,0,0,0,0,0,0,0,0,0,0,0,0,0,14.4154305912199,6.58487865476077,3.73796865693454,6.30126047134399,12.678285174038,16.0755029213129,0,10.3147763420134,5.41955094138696,0,6.6153338531994,0,0
6.60291188595059,75.5372604370117,7.162715519902,0,25.3983554840088,59.0182266235352,0,0,18.1264937699899,0,0,0,0,0,0,0,8.80877828598022,0,39.3209954897563,0,0,0,5.03318476676941,0,19.3655599355698,0,0,0,0,0,0,7.17191410064697,0,12.2130451202393,0,0,0,32.246843771501,14.8128847133614,0,10.447235800577,18.0748879338654,16.9097508074812,0,0,0,23.2088910687354,5.46140845293282,0,10.4280628964145,40.9090506813743,0,0,0,10.7018798584501,47.1881771087646,17.9673979407863,0,38.3774038950602,0,3.51518615086873,0,0,23.6908416748047,0,0,0,5.43578042302813,0,2.90612288316091,0,5.82219411219869,0,4.91845906908448,0,4.54826015233994,0,0,0,17.3682402626161,24.743839263916,4.85124636070768,8.48598037362194,36.8241949081421,12.3323906933426,0,30.1981992721558
55.9339370727539,4.40496865470531,0,7.08708331609223,40.9577255249023,14.7658395109505,0,0,0,15.3008150475366,0,0,0,0,0,0,0,15.9528245925903,22.0519414544106,0,0,3.1558039528983,0,16.3195972580841,0,0,0,0,0,0,0,19.173201084137,0,0,10.8611105868691,18.5947074890137,7.02186441421509,8.55845866792581,21.7814321084456,10.7957158825112,8.45283603668213,14.0485551287556,13.6032561950905,0,0,31.6402603089809,44.435619354248,6.0218462281156,10.4280628964145,0,0,63.1617774963379,0,0,74.2790489196777,13.5222015650767,46.9566841125488,18.3338438649463,0,16.6137790679932,0,3.0226096312205,19.5423994064331,0,2.87878015637398,0,15.3930637234839,0,0,0,4.17302257364446,0,0,0,23.9487651189168,0,0,0,29.5876571052095,20.8695621490479,6.18879657485457,23.5827794880934,8.5240748433357,29.3691515169646,10.4718672007474,18.0689202944438,0
0,0,12.9366040080786,0,4.10916302554748,0,3.28305445398603,0,5.49012244777915,0,0,0,0,0,3.86412265489427,0,63.6280517578125,0,53.8921377999442,0,9.91187823791893,0,0,0,0,0,0,0,0,0,0,0,0,0,0,0,19.3428040651175,0,0,0,37.591614762942,0,43.3323674427379,0,0,0,62.531566619873,64.9968338012695,40.9090506813743,0,0,0,3.10626459121704,0,0,0,5.2610115638146,0,3.67698577880859,0,3.96671690060542,0,0,10.6878907945421,0,0,0,0,0,0,0,0,0,0,0,0,0,0,0,22.3475592992838,0,51.0399393354143,8.48425984764438,26.2118988037109,20.3335932654432,0,45.744556427002
0,0,0,7.64094990868678,0,3.10935812992054,0,3.5039954662323,0,0,0,5.6707181930542,0,4.28389081087979,0,3.71088094711304,0,0,0,12.3466798123859,0,0,0,37.2169303894043,0,0,0,0,0,0,0,0,0,0,0,0,0,0,0,38.0539563496908,0,41.4774695003734,0,0,0,0,0,0,0,63.1617774963379,0,0,0,3.38734437323905,0,0,0,5.36651862836352,0,3.51287453322761,0,3.16243195533752,31.9758815765381,0,0,0,0,0,0,0,0,0,0,0,0,0,0,0,42.0752944946289,0,0,0,4.41436783607397,0,9.66546989190065,0,0
0,0,0,0,2.94895386695862,0,3.01927296320597,0,0,0,0,0,0,0,0,0,0,0,0,0,0,0,0,0,0,0,0,0,0,0,0,0,0,0,0,0,0,0,0,0,0,0,0,0,0,0,0,0,0,0,3.10626459121704,0,0,0,0,0,0,0,0,0,0,0,0,0,0,0,0,0,0,0,0,0,0,0,0,0,0,0,0,0,0,0,3.19417624473572,0,0,0,0
0,0,0,0,0,0,0,3.32087656295976,0,0,0,3.40470646858215,0,0,0,0,0,0,0,3.67975966135661,0,0,0,0,0,0,0,0,0,0,0,0,0,0,0,0,0,0,0,0,0,0,0,0,0,0,0,0,0,0,0,3.38734437323905,0,0,0,0,0,2.89471667153495,0,0,0,0,5.69502544403076,0,0,0,0,0,0,0,0,0,0,0,0,0,0,0,0,0,0,0,3.74131017052725,0,0,0,0
6.52539470156685,75.3453750610352,5.93316425644072,0,4.11181994279226,0,0,0,5.16873243114575,0,0,0,0,0,4.08128154277802,0,0,0,64.0752334594727,0,0,0,0,0,6.13382006686123,0,0,0,0,0,0,0,0,0,0,0,0,51.0397381252713,12.7292119873409,0,47.4347915649414,105.345764160156,32.1236841426176,0,0,0,49.8138370513916,0,10.7018798584501,74.2790489196777,0,0,0,0,0,74.6435750325521,16.3122321764628,0,0,0,0,0,0,0,0,0,0,4.32125066126789,0,0,0,0,0,0,0,0,0,0,0,0,0,9.46957654270453,14.0046852033939,42.863953837642,25.5171971105958,0,5.70370263712747
68.7167451041085,5.08055019848987,0,11.1315252668717,0,18.2971735954285,0,0,69.3845825195312,4.75225090390605,0,0,0,0,0,5.13230007886887,30.3516387939453,61.8225269317627,41.881147813797,0,0,0,0,7.72367899417877,0,0,0,0,0,0,0,0,0,0,0,0,0,14.5088307750266,39.6455993652344,40.5920962015788,110.329124450684,25.8099183890433,40.3407535552979,0,0,54.7622680664062,0,0,47.1881771087646,13.5222015650767,0,0,0,0,74.6435750325521,0,73.0901107788086,19.7223997618023,0,0,0,5.16995247091566,28.5848693847656,0,0,0,5.70360029402359,0,0,0,0,0,0,0,0,0,21.5004740715027,0,38.9946281433105,0,13.8904743527741,35.7087501525879,9.15305071547012,27.6032524108887,20.5697355855186,26.9903522729874,0
12.8529522924712,66.0090370178223,19.6962272712163,74.9410781860352,3.06542233058385,0,3.3693061404758,0,18.6230432987213,0,3.17284812186898,0,2.72670221328735,0,0,0,64.7570495605469,80.7992172241211,45.6286776065826,0,3.55449617398928,0,0,0,19.8833141326904,0,0,0,0,0,3.01411910851796,0,0,0,0,0,3.33976371045189,46.7997550964355,3.55545971121907,110.825942993164,45.6092963218689,77.6600723266602,19.958873758611,0,0,0,55.3825979232788,0,17.9673979407863,46.9566841125488,5.2610115638146,0,0,0,16.3122321764628,73.0901107788086,0,0,3.33631356726301,0,0,0,0,7.69663205853215,0,0,0,25.644889831543,0,0,0,0,0,0,0,0,0,0,76.8916015625,34.6294768651327,0,0,7.46730645722675,5.26182381730331,9.50839408689909,0,18.1108381748199
0,8.99063251788417,0,17.2491524309686,0,15.8721252144247,0,3.20468404649318,0,18.0011004209518,0,3.6398382085596,0,4.16669780015945,0,0,80.2048132760184,66.0634088134766,31.0156259407868,4.49259503859061,0,0,0,0,0,0,0,0,0,3.15708216185709,0,0,0,0,0,4.6814500119263,0,4.76255949041036,0,47.1571918487549,117.725830078125,21.8320580975256,0,58.9576187133789,0,46.014739396837,113.469276428223,0,0,18.3338438649463,0,5.36651862836352,0,2.89471667153495,0,19.7223997618023,0,0,0,3.2705107620082,0,8.68580766100633,5.59512640182272,0,0,0,23.010103225708,0,0,0,0,0,2.82868201082403,0,0,0,0,0,24.7766482375917,0,49.2019348144531,0,17.3324259580999,3.92950835934392,7.77533708163582,18.0065447679207,0
0,0,5.24235307348186,0,4.15349909994337,0,0,0,0,0,3.27661365656341,0,3.07156870075475,0,2.80157599141521,0,0,0,78.3950233459473,0,9.97898610432943,0,0,0,0,0,0,0,2.74123040835063,0,0,0,0,0,0,0,23.3878033638,0,0,0,35.5697062015533,48.1148910522461,44.7700053623744,0,0,0,0,0,38.3774038950602,0,3.67698577880859,0,0,0,0,0,3.33631356726301,0,0,0,0,0,0,9.25448169708252,0,0,0,0,0,0,0,0,0,0,0,0,0,0,0,14.7306890487671,0,0,10.6166250035167,4.25616172449478,9.25644561023247,0,0
0,14.2564601898193,0,3.85079791094806,0,4.26241520543893,0,0,0,0,0,3.41241196175098,0,3.29412009821084,0,3.10269932674639,0,0,0,8.96409161885579,0,0,0,0,0,0,0,2.88229467254132,0,0,0,0,0,0,0,0,0,0,0,30.9870281219482,0,43.7714376449585,0,0,0,0,0,0,0,16.6137790679932,0,3.51287453322761,0,0,0,0,0,3.2705107620082,0,0,0,7.2718288898468,0,0,0,0,0,0,0,0,0,0,0,0,0,0,0,0,0,0,0,0,5.27260214587053,4.05014213514917,4.89679322242737,0,0
0,0,2.95400269826253,0,4.30179425723969,0,0,0,4.09497975558043,0,0,0,0,0,3.71309678289625,0,0,0,0,0,0,0,0,0,0,0,0,0,0,0,0,0,0,0,0,0,0,0,0,0,0,0,26.3278820037842,0,0,0,0,0,3.51518615086873,0,3.96671690060542,0,0,0,0,0,0,0,0,0,0,0,0,0,0,0,0,0,0,0,0,0,0,0,0,0,0,0,0,0,0,0,4.62636747547224,4.15027957696181,12.3963650200102,0,0
0,6.94288631661298,0,3.76512325893749,0,3.21788395534862,0,0,0,4.37067846042007,0,0,0,3.3932421207428,0,3.22044234519655,0,0,0,0,0,0,0,0,0,0,0,0,0,0,0,0,0,0,0,0,0,0,0,0,0,22.2493660699076,0,0,0,0,0,0,0,3.0226096312205,0,3.16243195533752,0,0,0,5.16995247091566,0,8.68580766100633,0,7.2718288898468,0,0,0,0,0,0,29.6391735076904,0,0,0,0,0,0,0,0,0,0,0,0,0,0,0,3.40107448858107,3.21123453329236,13.0882379399833,0,0
0,18.5893587875366,0,22.9877890167236,0,31.6991497039795,0,4.51119964502074,0,0,0,4.31191941788409,0,0,0,0,91.5161399841309,62.5755733913846,39.8825382391612,3.323967604895,0,0,0,0,0,0,0,0,0,0,0,0,0,0,0,3.89173026625992,0,4.61016221913424,0,7.91125887446933,0,35.6747326779721,0,0,0,6.64908029747932,0,0,0,19.5423994064331,0,31.9758815765381,0,5.69502544403076,0,28.5848693847656,0,5.59512640182272,0,0,0,0,0,0,0,0,0,0,0,0,0,0,0,0,0,0,0,0,7.87397247932822,103.516532897949,6.65919935644842,0,7.66541182109883,2.95727729797363,6.99730325196949,59.2442924499512,0
27.6671442552046,0,26.3707381566366,0,0,0,0,0,16.3757514953613,0,4.08752743633473,0,0,0,0,0,62.4718062082926,70.7071892874581,47.429765298333,0,5.36432979303172,0,0,0,0,0,0,0,0,0,0,0,0,0,0,0,4.26729855405785,0,6.30913072251764,0,40.9400169849396,0,31.6984076272874,0,0,0,7.31709894637999,0,23.6908416748047,0,10.6878907945421,0,0,0,0,0,7.69663205853215,0,9.25448169708252,0,0,0,0,0,0,0,0,0,0,0,0,0,0,0,0,0,0,0,0,13.6744586136497,0,11.9437661341826,7.52736294460398,0,7.97897179392648,0,40.8775563921247
0,0,0,0,0,0,0,0,0,0,0,0,0,0,0,0,0,0,0,0,0,3.48618285925615,6.70165657997131,3.55680530071259,0,0,0,2.95432150363922,0,0,0,0,0,0,0,0,0,4.74807212457671,0,0,0,0,0,0,0,0,0,0,0,2.87878015637398,0,0,0,0,0,0,0,0,0,0,0,0,0,0,0,0,3.00680400530497,0,2.76570799615648,0,0,0,0,0,0,0,0,0,0,0,10.8142916661388,0,3.72882325278388,9.5055300394694,0,0,0
0,0,0,0,0,0,0,0,0,0,0,0,0,0,0,0,0,0,0,0,0,6.49949188854383,3.48149274334763,0,2.8576123373849,0,0,0,3.1646419233746,0,0,0,0,0,0,0,0,0,4.66317322466633,0,0,0,0,0,0,0,0,0,0,0,0,0,0,0,0,0,0,0,0,0,0,0,0,0,0,0,0,3.1457089583079,0,0,0,0,0,0,0,0,0,0,0,0,0,5.58189324673288,3.24202409833066,5.02219274911014,0,0,0
46.7353363037109,10.9963189266515,0,22.8848906622993,0,30.0801792144775,0,0,0,12.9726506641933,0,0,0,0,0,0,0,0,59.4974263509115,0,0,3.94293174630887,0,4.26680587719613,0,0,0,0,0,0,0,0,0,0,0,0,0,5.82556992106968,29.0760822296143,58.1883382797241,0,34.9711836973826,0,0,0,38.9420051574707,0,0,0,15.3930637234839,0,0,0,0,0,5.70360029402359,0,23.010103225708,0,0,0,29.6391735076904,0,0,3.00680400530497,0,0,0,3.85510320365429,0,0,0,25.613431930542,0,0,0,0,0,41.2529144287109,0,7.29855650536317,31.4994843800863,12.4377093464136,12.4592924118042,5.73627897529866,0,0
0,0,0,0,0,0,0,0,8.29348244190216,0,0,0,0,0,0,0,0,0,0,0,0,9.85669982433319,3.20264235909065,0,3.31682575973305,0,0,0,0,0,0,0,0,0,0,0,0,0,6.69257389220045,0,43.0614280700684,0,20.0581948757172,0,0,0,0,0,5.43578042302813,0,0,0,0,0,4.32125066126789,0,25.644889831543,0,0,0,0,0,0,0,0,3.1457089583079,0,0,0,0,0,0,0,0,0,0,0,0,0,0,0,7.17396547761644,4.26647016796441,6.53201198577881,8.60546382835933,0,10.0182611147563
0,0,0,0,0,0,0,0,0,0,0,0,0,0,0,0,0,3.04646348953247,0,0,0,0,0,2.73503994941711,0,2.76584522724152,0,0,0,0,0,0,0,0,0,0,0,0,0,0,0,0,0,0,0,0,0,0,0,0,0,0,0,0,0,0,0,0,0,0,0,0,0,0,2.76570799615648,0,3.85510320365429,0,0,0,3.11287030051736,0,0,0,0,0,0,0,0,0,0,0,2.95946993146624,0,0,0,0
0,0,0,0,0,0,0,0,2.80630326271057,0,0,0,0,0,0,0,5.90799140930176,0,0,0,0,0,3.13886057359201,0,4.27644574642181,0,3.51565121456901,0,2.90778426690535,0,0,0,0,0,0,0,0,0,0,0,0,0,0,0,0,0,0,0,2.90612288316091,0,0,0,0,0,0,0,0,0,0,0,0,0,0,0,0,0,0,0,0,0,0,0,0,0,0,0,0,0,0,0,0,11.6350345611572,3.6447740326757,0,0,0,0
0,0,0,0,0,0,0,0,0,0,0,2.77189203103383,0,0,0,0,0,0,0,0,0,0,0,0,0,0,0,3.17870217042345,0,3.23918096721172,0,0,0,0,0,0,0,4.6229894955953,0,0,0,0,0,0,0,0,0,0,0,4.17302257364446,0,0,0,0,0,0,0,0,0,0,0,0,0,0,0,0,0,0,3.11287030051736,0,0,0,0,0,0,0,0,0,0,0,5.53953366809421,0,7.43911035855611,0,0,0,0
0,0,0,0,0,0,0,0,0,0,0,0,0,0,0,0,0,0,0,0,0,0,2.94096994400024,0,0,0,0,0,3.1324709643258,0,3.36275275379208,0,0,0,0,0,0,0,0,0,0,0,0,0,0,0,0,0,5.82219411219869,0,0,0,0,0,0,0,0,0,0,0,0,0,0,0,0,0,0,0,0,0,0,0,0,6.05308589339256,0,0,0,0,0,0,0,4.64936872323354,0,0,0,0,0
0,0,0,0,0,39.4741630554199,0,0,0,0,0,0,0,0,0,0,0,55.7645072937012,26.8545725895808,0,0,0,0,0,0,0,0,0,0,2.95382571220398,0,0,0,0,0,0,0,3.77481050491333,0,0,0,16.6268978887989,0,0,0,0,0,0,0,0,0,0,0,0,0,0,0,2.82868201082403,0,0,0,0,0,0,0,0,25.613431930542,0,0,0,0,0,0,0,0,0,0,0,0,0,0,0,22.2887971401215,0,5.51509441347683,15.8934764862061,0
21.9308090209961,0,23.5205211639404,0,30.5699768066406,0,0,0,0,0,2.72782778739929,0,0,0,0,0,0,0,23.2631702423096,0,0,0,0,0,0,0,0,0,0,0,3.00860707583251,0,0,0,0,0,0,0,3.37700078907084,0,0,0,43.9114263852437,0,0,0,50.135627746582,0,4.91845906908448,0,0,0,0,0,0,0,0,0,0,0,0,0,0,0,0,0,0,0,0,0,0,6.05308589339256,0,0,0,0,0,0,0,45.0022773742676,0,3.48548400402069,20.7533105767292,2.74423682689667,10.6353899132122,0,17.6985111236572
0,0,0,0,0,0,0,0,0,0,0,0,0,0,0,0,0,0,0,0,0,0,0,0,0,0,0,0,0,0,0,3.51020927215371,4.75079453597635,0,0,4.40201150711094,6.47997360879725,0,0,0,0,0,0,0,0,0,0,14.4154305912199,0,23.9487651189168,0,0,0,0,0,0,0,0,0,0,0,0,0,0,0,0,0,0,0,0,0,0,0,0,0,4.85279758771261,9.87906603659353,0,9.96289685037401,0,0,0,2.86774244747664,0,0,0,0
0,0,0,0,0,0,0,0,0,0,0,0,0,0,0,0,0,0,0,0,0,0,0,0,0,0,0,0,0,0,0,3.47162120350282,3.24671648417731,2.73628258705139,0,0,7.83805898477823,0,0,0,0,0,0,0,0,0,0,6.58487865476077,4.54826015233994,0,0,0,0,0,0,0,0,0,0,0,0,0,0,0,0,0,0,0,0,0,0,0,0,0,4.85279758771261,0,0,0,0,14.2167710745895,0,0,3.29858344993335,0,0,0,0
0,0,0,0,0,0,0,0,0,23.0019136156355,0,0,0,0,0,0,0,0,27.7961349487305,0,0,0,0,14.3584547042847,0,0,0,0,0,0,0,0,4.8518431527274,3.01424472614615,4.44455498925947,3.29770442118748,0,4.70923249994813,7.15576124191284,0,0,0,0,0,0,0,0,3.73796865693454,0,0,0,0,0,0,0,21.5004740715027,0,0,0,0,0,0,0,0,0,0,0,0,0,0,0,0,0,0,9.87906603659353,0,0,4.84079869262205,2.8551470987937,0,6.81289180119832,4.78815221786499,6.34311369487217,3.00430102909313,0,0,0
0,0,0,0,0,0,0,0,0,0,0,0,0,0,0,0,0,0,0,0,0,0,0,0,0,0,0,0,0,0,0,0,0,3.42254939389303,3.7123053995724,0,3.16090798377991,0,4.05418261197897,0,0,0,0,0,0,0,0,6.30126047134399,0,0,0,0,0,0,0,0,0,0,0,0,0,0,0,0,0,0,0,0,0,0,0,0,0,0,0,0,4.84079869262205,0,0,0,5.07931184768677,0,4.12869515642524,0,0,0,0
0,28.3901811835086,0,33.6029324277618,0,41.9621002197266,0,0,0,47.3038202921549,0,6.46659499648455,0,0,0,0,74.6819676571205,59.2485955890856,37.6341485025487,4.73896761443637,0,0,0,61.6145706176758,0,0,0,0,0,0,0,11.3892401781488,5.42168232599894,2.83784743150075,0,4.16033288441509,4.41032309107917,5.21935112311922,0,21.1245036391016,97.722336509011,24.0448943723055,109.724238586426,22.5214450472877,0,13.847776580801,86.8569541344276,12.678285174038,0,29.5876571052095,0,42.0752944946289,0,0,0,38.9946281433105,76.8916015625,24.7766482375917,0,0,0,0,7.87397247932822,0,0,0,41.2529144287109,0,0,0,0,0,0,0,9.96289685037401,0,2.8551470987937,0,0,8.70864105224609,36.0713994503021,120.97208404541,30.934410324991,5.16920623293629,20.9633933576841,23.4709597508533,0
29.7786173941872,0,31.5585415580056,132.443878173828,25.9750351905823,0,0,0,40.9696985880534,0,0,0,0,0,0,0,57.894672387782,71.6255240840766,44.1608608689245,0,3.27853421447347,0,0,0,0,0,0,0,0,0,0,6.27439604634824,13.6494909977447,0,0,4.23914397062267,4.14050936807141,0,3.97194947361946,107.827159534801,19.3991594391826,82.4607216971261,24.9396955171361,0,20.7632957956065,91.3683438982282,15.266516903216,16.0755029213129,17.3682402626161,20.8695621490479,22.3475592992838,0,0,0,0,0,34.6294768651327,0,14.7306890487671,0,0,0,103.516532897949,13.6744586136497,0,0,0,0,0,0,0,0,0,45.0022773742676,0,14.2167710745895,0,0,8.70864105224609,0,0,10.062607251846,26.3400621182729,5.26055694112972,18.9213219205762,88.0553512573242,24.6168835203526
