0,0,31.6919793188572,0,0,0,0,0,157.321620821953,0,0,0,0,0,7.57806515693665,0,3.82177731394768,11.4411119818687,30.6923862248659,0,0.416126564145088,0,0,0,2.61370620131493,0,0,0,0,0,0,0,0,0,0,0,2.51472035050392,0,5.89199990034103,0,3.48439466953278,0,215.136361986399,0,0,2.2845287322998,17.0452783852816,0.247466251254082,34.4738351106644,0,0,0,0,0,54.0791653990746,0,4.56930227577686,0,2.45288908481598,0,188.564470142126,0,0,3.46426302194595,0,0,0,0.914020776748657,0,0,0,0,0,2.56976139545441,0,0,0,0,0,34.6997842490673,0,4.73950782418251,86.3877582848072,0,289.531959548593,0,2.85627061128616
0,0,0,148.187749356031,0,0,0,0,0,359.572331011295,0,0,0,0,0,40.0645014047623,1.3365620970726,0,10.7692037522793,0,0,0.781466037034988,0,1.57354524731636,0,0,0,0,0,0,0,0,0,0,0,0,0,0,0,0,0,180.638354361057,0,0,0,0,0,0,0,207.853438004851,0,0,0,0,0,720.983166664839,0,1.20708411931992,0,0,0,67.7555072903633,0,0,0,0,5.73680581152439,0,7.60854542255402,0,1.86598262190819,0,0,0,0,0,0,0,0,0,0,0,66.9932615756989,0,185.808081045747,2.76319468021393,0
31.6919793188572,0,0,0,1.08350396156311,0,0,0,2.95943975448608,0,1.00644659996033,0,0,0,0,0,0.268897414207458,0.246281072497368,6.44325093924999,0,0.336901903152466,0,0,0,0,0,0,0,0,0,0,0,0,0,0,0,1.65567348897457,0,0.724212765693665,0,0,0,188.115195930004,0,0,0,11.7278997898102,0,144.836979836226,0,15.4279927015305,0,0,0,135.826226234436,0,14.2296458184719,0,1.5405664741993,0,3.08697116374969,0,0,1.02541407942772,0,0,0,0,0,0,0,1.89222106337547,0,25.0078924298286,0,0,0,0,0,14.4695571959019,0,6.58589996397495,44.3010481148958,0,213.600280821323,0,9.54205225408077
0,148.187749356031,0,0,0,111.913331955671,0,0,0,52.6774148344994,0,0,0,0,0,0,0,0.789070144295692,3.24760806560516,0,0,0,0,0,0,0,0,0,0,0,0,0,0,0,0,9.58681480586529,0,0,0,19.0846759527922,0,65.9850812405348,0.375692099332809,0,0,20.7211150228977,0,0.194088339805603,14.7383552789688,34.2370938658714,0,244.01208242774,0,0,0,112.6190315485,0.152591958642006,76.7782441824675,0,68.1903505623341,0,84.4277289509773,1.35071238875389,0,0,0,0.176598563790321,0,0.88799823820591,0,8.00322434306145,0,34.1763972640038,0,0,0,0,0,24.2107173278928,0.879853665828705,1.72008416056633,0.558911919593811,418.600776493549,30.2852936834097,479.111713841558,6.18006291985512,0
0,0,1.08350396156311,0,0,0,16.109989464283,0,97.2672929763794,0,0,0,0,0,0,0,0,0,0,0,44.7389769405127,0,0,0,0,0,0,0,0,0,0,0,0,0,0,0,31.0569025874138,0,0,0,5.57910861074924,0,10.559334397316,0,0,0,2.80183973908424,0,13.1897418946028,0,552.529595017433,0,8.94196465611458,0,2.22560262680054,0,2.42851191759109,0,0.308228671550751,0,0,0,0,8.80935527384281,0,0,0,0,0,0,0,0,0,1.41429853439331,0,0,0,0,0,33.1701981127262,0,4.11105105280876,168.668831571937,0,86.2864469438791,0,0
0,0,0,111.913331955671,0,0,0,218.733753442764,0,130.525009900331,0,0,0,8.55080717802048,0,0.458319276571274,0,0,0,10.1402192413807,0,0,0,0,0,0,0,0,0,0,0,0,0,0,0,27.5769724845886,0,0,0,1.68024528026581,0,7.26823924481869,0,0,0,1.17880739271641,0,0,0,1.98760503530502,0,792.795428574085,0,39.0195602178574,0,28.4578812420368,0,41.0318462252617,0,6.0756653547287,0,0,20.270773768425,0,0,0,0.432373106479645,0,0,0,0,0,11.1043623834848,0,0,0,0,0,23.7082823514938,0,1.07188072800636,0,784.822055011988,0,172.470709100366,0,0
0,0,0,0,16.109989464283,0,0,0,0,0,0,0,0,0,0,0,0,0,0,0,3.29942417144775,0,0,0,0,0,0,0,0,0,0,0,0,0,0,0,0,0,0,0,0,0,0,0,0,0,0,0,0,0,155.986301958561,0,426.686563670635,0,0,0,12.7480561435223,0,0,0,0,0,0,0,0,0,0,0,0,0,0,0,0,0,0,0,0,0,0,0,0,0,186.2613940835,61.3014960289001,0,0,0
0,0,0,0,0,218.733753442764,0,0,0,0,0,0,0,16.99855697155,0,0,0,0,0,0,0,0,0,0,0,0,0,0,0,0,0,0,0,0,0,0,0,0,0,0,0,0,0,0,0,0,0,0,0,0,0,115.730588436127,0,300.323876440525,0,0,0,27.4896512031555,0,141.290441989899,0,0,0,0,0,0,0,0,0,0,0,0,0,0,0,0,0,0,0,0,0,0,178.098195672035,0,0,0,0
157.321620821953,0,2.95943975448608,0,97.2672929763794,0,0,0,0,0,0,0,0,0,154.746419727802,0,579.205598115921,123.646207556129,21.5768277943134,0,0,0,0,0,124.334749519825,0,0,0,0,0,0,0,0,0,0,0,0.171793818473816,0,104.051013767719,0,0,0,44.0945667922497,0,0,0,3.47936131060123,0,8.78002807497978,0,2.76135468482971,0,0,0,881.480336606503,0,0.171194359660149,0,0,0,362.957784354687,0,0,0,0,0,0,73.2147489488125,0,0,0,0,0,0.225971415638924,0,0,0,0,1.01227533817291,1.15074813365936,0,29.3603003621101,485.053325682878,0,359.454312860966,0,0
0,359.572331011295,0,52.6774148344994,0,130.525009900331,0,0,0,0,0,0,0,0,0,34.8175638616085,0,124.739385783672,0,0,0,0,0,178.5337459445,0,273.541650533676,0,0,0,0,0,0,0,0,0,0,0,44.1222060918808,0,1.10127145051956,0,17.748763769865,0,0,0,1.21871101856232,0,0,0,54.9685261845589,0,13.2152633368969,0,0,0,805.298059165478,0,0,0,0,0,7.87187123298645,0,0,0,0,91.1309531927109,0,77.906653881073,0,0,0,1.83779793977737,0,0,0,0,0,0.765472903847694,0,31.4554612338543,0,1302.02085161209,227.516970008612,41.4480542242527,0,0
0,0,1.00644659996033,0,0,0,0,0,0,0,0,0,39.4010780155659,0,0,0,0,0,2.00281505286694,0,400.425919443369,0,0,0,0,0,0,0,26.11907979846,0,74.509902536869,0,0,0,0,0,0,0,890.774967640638,0,0.115320406854153,0,1.09249201416969,0,0.403549551963806,0,1.22279107570648,0,0.542696297168732,0,0,0,131.221638411283,0,0,0,1547.73840790987,0,0,0,0,0,0,125.272623434663,0,0,0,0,0,0,0,0,0,158.984381139278,0,0,0,0,0.178099796175957,11.1374175623059,0,68.8821569085121,522.991286128759,5,2.55888386070728,0,0
0,0,0,0,0,0,0,0,0,0,0,0,0,731.725728273392,0,0,0,0,0,211.071645155549,0,0,0,0,0,0,0,0,0,121.24664375186,0,0,0,0,0,287.726057052612,0,821.080697417259,0,0,0,0,0,0,0,0,0,0,0,0,0,0,0,0,0,0,0,2532.26361559331,0,115.240168511868,0,0,282.829966425896,0,0,0,0,0,0,0,0,0,121.955644741654,0,0,0,0,0,85.9720532894135,0,87.7652284502983,0,896.445540845394,0,27.4127490818501,0,0
0,0,0,0,0,0,0,0,0,0,39.4010780155659,0,0,0,22.6429275274277,0,0,0,0,0,0,0,0,0,0,0,0,0,0,0,0,0,0,0,0,0,0,0,0,0,0,0,0,0,0,0,0,0,0,0,0,0,5.65999042987823,0,2.03015047311783,0,0,0,134.33154207468,0,5.9728627204895,0,0,0,0,0,0,0,0,0,0,0,0,0,0,0,0,0,0,0,0,0,5.8632937669754,3,3.2581901550293,0,0
0,0,0,0,0,8.55080717802048,0,16.99855697155,0,0,0,731.725728273392,0,0,0,21.8394401073456,0,0,0,0,0,0,0,0,0,0,0,37.0252624750137,0,5.74126434326172,0,0,0,0,0,0,0,0,0,0,0,0,0,0,0,0,0,0,0,0,0,8.46205967664719,0,0,0,0,0,115.693543791771,0,1306.22604724765,0,0,0,0,0,0,0,0,0,0,2.10345184803009,0,0,0,0,0,0,0,0,0,0,0,287.772126376629,0,0,0,0
7.57806515693665,0,0,0,0,0,0,0,154.746419727802,0,0,0,22.6429275274277,0,0,0,149.249981671572,1.96088397502899,0.287611991167068,0,0,0,0,0,0.857674181461334,0,0,0,0,0,0,0,0,0,0,0,0,0,0,0,0,0,0,0,0,0,0,0,0,0,0,0,0,0,124.208889603615,0,0,0,6.26248306035995,0,349.523473978043,0,0,0,0,0,0,0,0,0,0,0,0,0,0,0,0,0,0,0,0,0,73.2154327332973,3.70311862230301,1.79743134975433,0,0
0,40.0645014047623,0,0,0,0.458319276571274,0,0,0,34.8175638616085,0,0,0,21.8394401073456,0,0,0.410036116838455,9.7688415646553,7.10224997997284,0,0,0,0,0,0,29.5038571357727,0,0,0,0,0,0,0,0,0,0,0,0,0,0,0,0,0,0,0,0,0,0,0,0,0,0,0,0,0,117.369483530521,0,0,0,0,0,392.946384847164,0,0,0,0,0,0,0,0,0,0,0,0,0,0,0,0,0,0,0,0,109.28563913703,0,0,0,0
3.82177731394768,1.3365620970726,0.268897414207458,0,0,0,0,0,579.205598115921,0,0,0,0,0,149.249981671572,0.410036116838455,0,11149.761983037,3954.58447550982,0,1.66257525980473,3.28809416294098,108.662197828293,0,296.01710434258,0,70.2109791636467,0,0,0,0,0,0,0,0,16.1773995757103,29.4163309037685,0.587447285652161,10.3194324821234,64.3183133602142,26.2791297882795,30.1174690723419,45.0270262658596,0,5.10345900058746,77.7650496661663,140.132028408349,0,2.60857051610947,5.3671605437994,1.04207730293274,0,0,0,123.145581334829,0,8.7245320379734,0.380785644054413,0.996299058198929,0,34.6893324553967,0,5.80693016946316,17.6173149496317,0,10.0032939910889,0,43.0001856088638,0,136.333266109228,0,0,3.31057327985764,30.3255070596933,0,0,0,0,76.1116041094065,167.995409183204,5.01324015855789,68.5785755589604,12875.7928657681,541.174178406596,122.827692992985,11.1769744902849,18.2534283846617
11.4411119818687,0,0.246281072497368,0.789070144295692,0,0,0,0,123.646207556129,124.739385783672,0,0,0,0,1.96088397502899,9.7688415646553,11149.761983037,0,5014.47974142432,0,0.441526830196381,76.3429876863956,0,137.914394184947,8.78289851546288,19.1015284061432,2.77578175067902,3.47828197479248,0,0,0,0,0,0.179058730602264,0,7.36237421631813,22.7974698394537,0.921703025698662,0.410925000905991,56.4522077515721,19.3025383204222,28.8833876252174,10.0570233166218,0,0.169405117630959,35.8266745731235,64.1571790874004,0,1.17835006117821,9.87934773415327,0,0,0,0,9.89644089341164,2.07988095283508,0.28072115778923,0,0,0,0,23.437518954277,2.44297657907009,11.5542093217373,92.9728724062443,0,70.7654562145472,0,10.7166482508183,0,1.79149377346039,0,5.01487801969051,4.48287236690521,0,0,0,0,49.3997397571802,83.1966627389193,10.3956824243069,34.5507816672325,18129.0858284459,287.003041252494,53.0685343444347,7.85188522934914,3.57151919603348
30.6923862248659,10.7692037522793,6.44325093924999,3.24760806560516,0,0,0,0,21.5768277943134,0,2.00281505286694,0,0,0,0.287611991167068,7.10224997997284,3954.58447550982,5014.47974142432,0,0,8.4908502548933,3.05521568655968,0,2.71338249742985,0,0,3.74171222746372,0,0,0,0,0,0,0,0,284.33171929419,186.881083406508,7.12316407263279,32.7983808070421,1032.29304618388,218.108494117856,1148.46630682796,430.310269862413,92.5166191607714,39.6413729339838,767.317554935813,922.54009322077,1.37815515697002,22.3953447639942,155.772028289735,1.69826957583427,0.460745498538017,0,0,2.74356698989868,0,34.9305966049433,13.2370108962059,4.88054303824902,0.207602262496948,0,0,93.3868445083499,127.015771791339,0.884244084358215,0,7.42333902418613,0,1.21469187736511,0,12.8403415232897,1.76062989234924,305.741591975093,165.488605625927,0,0,0,0,1291.33167438209,1175.97575177252,323.818194895983,550.864932522178,4913.83213382959,6.76464608311653,1897.48149130493,271.047731429338,204.655377984047
0,0,0,0,0,10.1402192413807,0,0,0,0,0,211.071645155549,0,0,0,0,0,0,0,0,0,0,0,0,0,0,0,0,0,0,0,0,0,0,0,681.01711538434,0,113.959955945611,0,4.54865670204163,0,0,0,0,0,49.7739268541336,0,0,0,0,0,0,0,0,0,0,0,6.30908611416817,0,0,0,0,3604.16015598178,0,0,0,0,0,0,0,0,0,5.49982523918152,0,0,0,0,0,376.86642408371,0,25.4839877486229,0,166.618674606085,0,87.1179648637772,0,0
0.416126564145088,0,0.336901903152466,0,44.7389769405127,0,3.29942417144775,0,0,0,400.425919443369,0,0,0,0,0,1.66257525980473,0.441526830196381,8.4908502548933,0,0,0,0,0,0,0,0,0,0,0,1.26021230220795,0,0,0,0,0,1091.34433750063,0,365.973245285451,0,1.22110743820667,0,2.93444461375475,0,0,1.74819552898407,18.1904803514481,0,1.49296388030052,0,129.607401221991,0,23.3480485975742,0,0,0,270.269822008908,0,0.390562698245049,0,0,0,0,1442.59744864702,0,0,0,0,0,0.230445206165314,0,5.5986457914114,0,107.16980098933,0,0,0,0,0,434.443683803082,0,121.324297010899,507.421059191227,0,15.8758434355259,0,2.43057858943939
0,0.781466037034988,0,0,0,0,0,0,0,0,0,0,0,0,0,0,3.28809416294098,76.3429876863956,3.05521568655968,0,0,0,346.990919232368,194.369852170348,0,10.7728992253542,0,187.76617372036,0,0,0,0,0,0,0,0,0,1584.84548422694,6.75638037919998,0,0,3.83085563778877,0,0,0,0,0,0,0,457.143479824066,0,0,0,0,0,0,0,1.25261867046356,0,0.264360785484314,0,0.592778086662292,0.296059757471085,0,4504.24775213003,0,255.42164170742,0,96.5026697218418,0,18.9807957708836,0,0,0,0,0,0,0,0,0,905.157403275371,0,1497.98751819134,277.564149081707,23.4510951191187,0,0
0,0,0,0,0,0,0,0,0,0,0,0,0,0,0,0,108.662197828293,0,0,0,0,346.990919232368,0,0,19.9162394702435,0,1.79960195720196,0,1,0,0,0,0,0,0,0,0,1.19091552495956,467.262695580721,0,0,0,0.380145221948624,0,0,0,0,0.385705649852753,145.489754378796,0,0,0,0,0,0,0,1.932526871562,0,6.35930694639683,0,0,0,0,0.228097423911095,6.22406721115112,3264.47303563356,0,56.067194595933,0,68.6355439275503,0,24.9140229076147,0,0,0,0,0,0,0,0,0.585360646247864,120.320214539766,794.597270667553,231.366075694561,4.7341243326664,0,0
0,1.57354524731636,0,0,0,0,0,0,0,178.5337459445,0,0,0,0,0,0,0,137.914394184947,2.71338249742985,0,0,194.369852170348,0,0,0,385.685681581497,0,0,0,0,0,0,0,0,0,0,0,330.231230258942,0,0,0,3.26752480864525,0,0,0,0.438314735889435,0,0,0,30.7158728390932,0,0,0,0,0,342.486764580011,0,0,0,0.808110758662224,0,9.92016580700874,0.584319174289703,0,389.631359994411,0,868.454168230295,0,103.323898509145,0,1.10505965352058,0,0.243443265557289,0,0,0,0,0,0,0,325.114134520292,0,830.086992099881,0,9.44865034520626,0,0
2.61370620131493,0,0,0,0,0,0,0,124.334749519825,0,0,0,0,0,0.857674181461334,0,296.01710434258,8.78289851546288,0,0,0,0,19.9162394702435,0,0,0,296.227189183235,0,0,0,0,0,0,0,0,0,0,0,223.758990257978,0,0,0,2.47883108258247,0,0,0,0,0,0,0,0,0,0,0,48.6457732915878,0,0.392851024866104,0,2.9135719537735,0,0.316315859556198,0,0,0.187732771039009,0,38.6002731323242,0,887.437373295426,0,228.05388392508,0,24.5151108801365,0,0,0,0,0,0,0,0,0,6.38052636384964,453.403817474842,2.91038489341736,9.79172495007515,0,0
0,0,0,0,0,0,0,0,0,273.541650533676,0,0,0,0,0,29.5038571357727,0,19.1015284061432,0,0,0,10.7728992253542,0,385.685681581497,0,0,0,24.0310347080231,0,0,0,0,0,0,0,0,0,0,0,0,0,0,0,0,0,0,0,0,0,0,0,0,0,0,0,144.676646739244,0,0,0,0,0,6.93706679344177,0,0,84.5848705619574,0,297.194902181625,0,135.48512776196,0,63.9433901309967,0,0,0,0,0,0,0,0,0,0,0,29.1330518722534,0,0.420886248350143,0,0
0,0,0,0,0,0,0,0,0,0,0,0,0,0,0,0,70.2109791636467,2.77578175067902,3.74171222746372,0,0,0,1.79960195720196,0,296.227189183235,0,0,0,0,0,0,0,0,0,0,0,0,0,0,0,0,0,0,0,0,0,0,0,0.41947129368782,0,0,0,0,0,0,0,3.99441117048264,0,3.13512095808983,0,0,0,0,0,0,14.4821366965771,0,112.843110442162,0,226.790290564299,0,64.3302566558123,0,0,0,0,0,0,0,0,0,0,4.28221109509468,0,0,0,0
0,0,0,0,0,0,0,0,0,0,0,0,0,37.0252624750137,0,0,0,3.47828197479248,0,0,0,187.76617372036,0,0,0,24.0310347080231,0,0,0,219.355443567038,0,0,0,0,0,0,0,2.65947127342224,0,0,0,0,0,0,0,0,0,0,0,0,0,0,0,0,0,0,0,0,0,56.0942566990852,0,0,0,0,164.742277503014,0,0,0,3,0,481.999500140548,0,57.0855327248573,0,0,0,0,0,0,0,52.4949697554111,0,76.6166778802872,0,0,0,0
0,0,0,0,0,0,0,0,0,0,26.11907979846,0,0,0,0,0,0,0,0,0,0,0,1,0,0,0,0,0,0,0,167.745560318232,0,0,0,0,0,0,0,0,0,0,0,0,0,0,0,0,0,0,0,0,0,0,0,0,0,0.544003993272781,0,0,0,0,0,0,0,0,0,0,0,0,0,0,192.309882223606,0,116.808611869812,0,0,0,0,0,0,0,0,41.1203688979149,5.88867193460464,0,0,0
0,0,0,0,0,0,0,0,0,0,0,121.24664375186,0,5.74126434326172,0,0,0,0,0,0,0,0,0,0,0,0,0,219.355443567038,0,0,0,0,0,0,0,0,0,515.341299653053,0,0,0,0,0,0,0,0,0,0,0,0,0,0,0,0,0,0,0,97.0873191356659,0,0,0,0,0,0,0,0,0,0,0,0,18.535369604826,0,1077.72934907675,0,0,0,0,0,0,0,58.4910060018301,0,53.647569000721,0,0,0,0
0,0,0,0,0,0,0,0,0,0,74.509902536869,0,0,0,0,0,0,0,0,0,1.26021230220795,0,0,0,0,0,0,0,167.745560318232,0,0,0,0,0,0,0,0,0,576.987986087799,0,0,0,0,0,0,0,0,0,0,0,0,0,0,0,0,0,36.1026914566755,0,0,0,0,0,0,3.40375745296478,0,0,0,0,0,0,0,2,0,167.457046568394,0,0,0,0,0,0.200647234916687,0,54.3469183444977,127.00539213419,79.5208656787872,0,0,0
0,0,0,0,0,0,0,0,0,0,0,0,0,0,0,0,0,0,0,0,0,0,0,0,0,0,0,0,0,0,0,0,445.095038473606,110.797271966934,0,475.367588460445,3.30918933451176,0,0,0,0,0,0,0,0,0,0,3671.50868949294,17.7010548114777,0,0,0,0,0,0,0,0,0,0,0,0,0,0,0,0,0,0,0,0,0,0,0,0,0,615.421003803611,505.565462753177,78.6748452186584,9.37616753578186,142.198232769966,93.8453651219606,0,0,650.234048128128,0,0,0,0
0,0,0,0,0,0,0,0,0,0,0,0,0,0,0,0,0,0,0,0,0,0,0,0,0,0,0,0,0,0,0,445.095038473606,0,31.0011380910873,34.3356844186783,4.50346237421036,394.796674504876,0,0,0,0,0,0,0,0,0,0,479.414599150419,30.2948971390724,0,0,0,0,0,0,0,0,0,0,0,0,0,0,0,0,0,0,0,0,0,0,0,0,0,98.3342622220516,1097.78342092037,0,66.2910468578339,1.77746646106243,668.444384872913,0,0,95.1535378694534,0,0,0,0
0,0,0,0,0,0,0,0,0,0,0,0,0,0,0,0,0,0.179058730602264,0,0,0,0,0,0,0,0,0,0,0,0,0,110.797271966934,31.0011380910873,0,1503.24886769056,654.172879040241,0,309.057619422674,39.1657319515944,1.60747027397156,0.542852878570557,0,0,0,0,0,0,1371.59364160895,10.8641330599785,34.2111955881119,0,0,0,0,0,0,0,0,0,0,0,0,0,0,0,0,0,0,0,0,0,0,0,0,8.06480744481087,0,1574.68300706148,1207.32941952348,109.378302440047,0,78.4008104652166,0,649.769170626998,0,0.866992771625519,0,0
0,0,0,0,0,0,0,0,0,0,0,0,0,0,0,0,0,0,0,0,0,0,0,0,0,0,0,0,0,0,0,0,34.3356844186783,1503.24886769056,0,0,278.826820984483,0,117.933983132243,0,0,0,0,0,0,0,0,1007.58992753923,7.43789792060852,0,0,0,0,0,0,0,0,0,0,0,0,0,0,0,0,0,0,0,0,0,0,0,0,0,0,8.21719121932983,161.079769551754,1843.36960875988,0,361.681018531322,0,148.238473847508,234.752650558949,0,0,0,0
0,0,0,9.58681480586529,0,27.5769724845886,0,0,0,0,0,287.726057052612,0,0,0,0,16.1773995757103,7.36237421631813,284.33171929419,681.01711538434,0,0,0,0,0,0,0,0,0,0,0,475.367588460445,4.50346237421036,654.172879040241,0,0,1006.35218535364,2400.7534898296,81.3772069513798,62.5064683035016,1.27022111415863,179.277587518096,2.06628212332726,19.6989519894123,0.552009105682373,503.632472030818,4.0764349848032,226.292399160564,9.1307518184185,28.0280706882477,0,5.94540710747242,0,0,0,0,0,1.76758683472872,0,0,0,0,1604.31873703003,0.1495710760355,0,0,0,0,0.131050422787666,0,0,0,5.46526318788528,0.262159310281277,410.122809290886,12.6623820662498,1051.69291810691,0,22613.1355654225,275.550956949592,691.213293246925,2.25543880462646,3343.60719721764,185.734653502703,238.876242205501,46.7721584737301,1.19787454605103
2.51472035050392,0,1.65567348897457,0,31.0569025874138,0,0,0,0.171793818473816,0,0,0,0,0,0,0,29.4163309037685,22.7974698394537,186.881083406508,0,1091.34433750063,0,0,0,0,0,0,0,0,0,0,3.30918933451176,394.796674504876,0,278.826820984483,1006.35218535364,0,3.59105217456818,2322.40676659346,7.84549512714148,17.1925834193826,3.68015421926975,84.2335315421224,0.199865683913231,11.6098799109459,4.27003817260265,250.208927497268,151.788004413247,30.0407926291227,1.07653737068176,43.9142333567142,0,0,0,0.476799845695496,0,4.77202861756086,0.128714859485626,1.45267137140036,0,0,0,0,546.493526428938,0,0,0,0,0,0,0,0.131696462631226,0,11.4599011018872,20.5815158933401,61.5244799554348,0,29.10191360116,72.9295308291912,15886.4621336982,1.19154436886311,1317.55621064454,2411.91199693084,295.225129939616,154.958171144128,0,22.0402001589537
0,0,0,0,0,0,0,0,0,44.1222060918808,0,821.080697417259,0,0,0,0,0.587447285652161,0.921703025698662,7.12316407263279,113.959955945611,0,1584.84548422694,1.19091552495956,330.231230258942,0,0,0,2.65947127342224,0,515.341299653053,0,0,0,309.057619422674,0,2400.7534898296,3.59105217456818,0,154.042882144451,0.229160659015179,0,40.1061427146196,0,1.11033420264721,0,6.72565261274576,0.163108453154564,298.333331078291,0,298.813005521894,0,0,0,0,0,9.86241948604584,0,82.3424844443798,0,0,0,0,24.4779016971588,0,493.478071406484,0,330.50656068325,0,0,0,59.7603707909584,0,239.997582420707,0,0,0,289.993184894323,0,764.413969449699,0,8804.56669011712,0,2266.15369714797,145.326726764441,250.157629013062,1.83819028735161,0
5.89199990034103,0,0.724212765693665,0,0,0,0,0,104.051013767719,0,890.774967640638,0,0,0,0,0,10.3194324821234,0.410925000905991,32.7983808070421,0,365.973245285451,6.75638037919998,467.262695580721,0,223.758990257978,0,0,0,0,0,576.987986087799,0,0,39.1657319515944,117.933983132243,81.3772069513798,2322.40676659346,154.042882144451,0,0.915869355201721,1.35171809792519,0.294533908367157,45.3237557858229,0,1.91137909889221,0.73671492934227,32.521442130208,935.877577543259,451.322255805135,0,0,0,0,0,1.25293445587158,0,381.261378660798,0,0.781741812825203,0,0,0,0.38982355594635,458.731054201722,1,140.487601235509,0,86.629655122757,0,0,0,0,0,115.181773707271,0,0,0,47.169796526432,3.38458088040352,1336.25656038523,0,7738.30111396313,2433.97833479941,439.817328929901,102.02531542629,0.189480125904083,11.5492709577084
0,0,0,19.0846759527922,0,1.68024528026581,0,0,0,1.10127145051956,0,0,0,0,0,0,64.3183133602142,56.4522077515721,1032.29304618388,4.54865670204163,0,0,0,0,0,0,0,0,0,0,0,0,0,1.60747027397156,0,62.5064683035016,7.84549512714148,0.229160659015179,0.915869355201721,0,6.21282099187374,2262.06190985441,34.452912658453,23.2334626466036,0.913456737995148,1296.87059456855,29.7298978567123,3.47311542928219,0.350933775305748,192.37722466886,0.770328044891357,1.53516732156277,0,0,0,0,0.624074056744576,4.76029104739428,0,2.77598166465759,0,0,291.847732417285,2.67361510545015,0,0,0,0,0.152578696608543,0,2.4436043202877,0,62.7616461366415,6.36830452084541,0,0,0,0,605.583738386631,27.0994110032916,67.164507240057,4.99522384256124,456.519925393164,9.09449474513531,940.818885155022,129.0783925578,0.569458827376366
3.48439466953278,0,0,0,5.57910861074924,0,0,0,0,0,0.115320406854153,0,0,0,0,0,26.2791297882795,19.3025383204222,218.108494117856,0,1.22110743820667,0,0,0,0,0,0,0,0,0,0,0,0,0.542852878570557,0,1.27022111415863,17.1925834193826,0,1.35171809792519,6.21282099187374,0,3.00084775686264,583.187246382236,0,34.1174066513777,9.46643714606762,200.816756606102,210.050051271915,1072.76839101315,0,24.2507028728724,0,0,0,1.90303122997284,0,29.1268929690123,0,8.98523713648319,0,0,0,0.817256897687912,67.2718272954226,0,0,0,0,0,0,0,0.151910737156868,0.113719157874584,49.5687671601772,0,0,0,0,4.97939009964466,362.297061875463,1.87417042255402,89.7039564624429,141.551111638546,2.66601486504078,987.251461207867,0,69.0967836678028
0,180.638354361057,0,65.9850812405348,0,7.26823924481869,0,0,0,17.748763769865,0,0,0,0,0,0,30.1174690723419,28.8833876252174,1148.46630682796,0,0,3.83085563778877,0,3.26752480864525,0,0,0,0,0,0,0,0,0,0,0,179.277587518096,3.68015421926975,40.1061427146196,0.294533908367157,2262.06190985441,3.00084775686264,0,293.204414568841,8.46350432932377,5.84644478559494,114.328837156296,12.2710676938295,59.2294389158487,16.6347058564425,887.151489317417,1.91307544708252,7.30969476699829,0,0,0,15.7781657576561,1.77686171233654,28.7482311874628,0.184984356164932,4.84500385820866,0,0,255.019176036119,0.703181847929955,3.5887049138546,0,11.8207968771458,0,15.1225180625916,0,68.7522818446159,0.171290844678879,360.453015424311,2.53908362984657,0,0,0,0,1270.01133739203,12.5643117129803,107.053279154003,4.55945167690516,1374.10591045022,34.3931519240141,2825.38191726804,440.811772570014,4.8806030601263
215.136361986399,0,188.115195930004,0.375692099332809,10.559334397316,0,0,0,44.0945667922497,0,1.09249201416969,0,0,0,0,0,45.0270262658596,10.0570233166218,430.310269862413,0,2.93444461375475,0,0.380145221948624,0,2.47883108258247,0,0,0,0,0,0,0,0,0,0,2.06628212332726,84.2335315421224,0,45.3237557858229,34.452912658453,583.187246382236,293.204414568841,0,0,47.7247885763645,7.41806115210056,1073.25791032612,69.7155750989914,1178.31596067548,1.84986543655396,33.5502035915852,0,0,0,2.80588001012802,0,706.913240157068,0,65.4595833495259,0,8.25534710288048,0,3.37112535536289,353.433314725757,0,0,0,0,0,0,0.170003980398178,43.8001908659935,4.00879549980164,529.00720410794,0,0,0,0,23.3786306083202,1235.86539705843,0.572641283273697,353.263017199934,1661.63316654414,22.4663092046976,5400.40129750967,6.12031491845846,513.289316773415
0,0,0,0,0,0,0,0,0,0,0,0,0,0,0,0,0,0,92.5166191607714,0,0,0,0,0,0,0,0,0,0,0,0,0,0,0,0,19.6989519894123,0.199865683913231,1.11033420264721,0,23.2334626466036,0,8.46350432932377,0,0,0,21.502575263381,0,0,0,1.85048680007458,0,0.377018541097641,0,0,0,0,0,0.220906019210815,0,0,0,0,0.858123421669006,0,0,0,0,0,0,0,0,0,4.62289983034134,0,0,0,0,0,64.6544114798307,0.363365814089775,22.7279121726751,1.09919726848602,13.9987088143826,2.89708766341209,69.0521278977394,0,0
0,0,0,0,0,0,0,0,0,0,0.403549551963806,0,0,0,0,0,5.10345900058746,0.169405117630959,39.6413729339838,0,0,0,0,0,0,0,0,0,0,0,0,0,0,0,0,0.552009105682373,11.6098799109459,0,1.91137909889221,0.913456737995148,34.1174066513777,5.84644478559494,47.7247885763645,0,0,2.35125051438808,117.231981620193,0,0,0,0,0,0,0,0,0,4.73324026167393,0,0,0,0,0,0,17.0988300442696,0,0,0,0,0,0,0,0,0,7.91952559351921,0,0,0,0,3.25920353829861,105.462102368474,0.228219494223595,33.8138672709465,65.4746690392494,6.58295351266861,242.998546108603,0.196564093232155,42.568196862936
2.2845287322998,0,0,20.7211150228977,0,1.17880739271641,0,0,0,1.21871101856232,0,0,0,0,0,0,77.7650496661663,35.8266745731235,767.317554935813,49.7739268541336,1.74819552898407,0,0,0.438314735889435,0,0,0,0,0,0,0,0,0,0,0,503.632472030818,4.27003817260265,6.72565261274576,0.73671492934227,1296.87059456855,9.46643714606762,114.328837156296,7.41806115210056,21.502575263381,2.35125051438808,0,27.0918946713209,6.69993053376675,15.531183257699,100.621167361736,0,4.35570815205574,0,0,0,0,1.43589581549168,44.8072586208582,0,3.15450438857079,0,0,1597.86737202108,5.63314700126648,0,0,0.366447895765305,0,1.46706885099411,0,12.3009018450975,0,493.76059319824,2.97664847970009,0,0,0,0,2119.32197038829,28.1711376234889,800.107997149229,7.37296238541603,443.74378926307,12.2403742223978,2406.51211475581,12.1041321903467,4.35507714748383
17.0452783852816,0,11.7278997898102,0,2.80183973908424,0,0,0,3.47936131060123,0,1.22279107570648,0,0,0,0,0,140.132028408349,64.1571790874004,922.54009322077,0,18.1904803514481,0,0,0,0,0,0,0,0,0,0,0,0,0,0,4.0764349848032,250.208927497268,0.163108453154564,32.521442130208,29.7298978567123,200.816756606102,12.2710676938295,1073.25791032612,0,117.231981620193,27.0918946713209,0,0,22.6528488844633,1.15216594934464,3.14547710120678,0,0,0,1.98817718029022,0,71.5243289172649,0,8.46760415285826,0,0,0,3.36033813655376,653.402535691857,0,0,0,0,0,0,0,2.05424021929502,2.09036064147949,147.447616755962,0,0,0,0,39.3684348762035,2465.31632003933,3.42359353601933,425.46367944032,515.168302997947,5.1354718208313,744.426308043301,0.329842507839203,86.4542101472616
0.247466251254082,0,0,0.194088339805603,0,0,0,0,0,0,0,0,0,0,0,0,0,0,1.37815515697002,0,0,0,0.385705649852753,0,0,0,0,0,0,0,0,3671.50868949294,479.414599150419,1371.59364160895,1007.58992753923,226.292399160564,151.788004413247,298.333331078291,935.877577543259,3.47311542928219,210.050051271915,59.2294389158487,69.7155750989914,0,0,6.69993053376675,0,0,5223.83110998571,1485.52287772298,0,0.308981955051422,0,0,0,0,0,0,0,0,0,0,0,0,0,0,0,0,0,0,0.994508028030396,0,0.342850655317307,0,1358.74946349859,1116.56065569818,155.695478141308,110.819437414408,1737.06633261591,5448.60244166851,15.800748154521,29.1008362621069,2277.53544317931,1.99420928955078,1630.61108294129,0,0
34.4738351106644,0,144.836979836226,14.7383552789688,13.1897418946028,0,0,0,8.78002807497978,0,0.542696297168732,0,0,0,0,0,2.60857051610947,1.17835006117821,22.3953447639942,0,1.49296388030052,0,145.489754378796,0,0,0,0.41947129368782,0,0,0,0,17.7010548114777,30.2948971390724,10.8641330599785,7.43789792060852,9.1307518184185,30.0407926291227,0,451.322255805135,0.350933775305748,1072.76839101315,16.6347058564425,1178.31596067548,0,0,15.531183257699,22.6528488844633,5223.83110998571,0,6.98494583368301,42.6474339812994,1.76184888184071,0,0,28.4675980508327,0,40.1629620790482,0,18.8468137532473,0.908617079257965,1.80398321151733,0,0,16.8042728751898,0,301.393249541521,0.258514225482941,196.914221048355,0,22.3050910532475,0,15.8884633332491,2.61997477710247,38.2049877345562,0,7.69530819356441,1.02583372592926,9.85249182581902,2.35033597797155,950.694852285087,1.55682495236397,369.649601384997,2693.03623855114,3.01375845074654,1229.36679455638,0,8.22584670782089
0,207.853438004851,0,34.2370938658714,0,1.98760503530502,0,0,0,54.9685261845589,0,0,0,0,0,0,5.3671605437994,9.87934773415327,155.772028289735,0,0,457.143479824066,0,30.7158728390932,0,0,0,0,0,0,0,0,0,34.2111955881119,0,28.0280706882477,1.07653737068176,298.813005521894,0,192.37722466886,0,887.151489317417,1.84986543655396,1.85048680007458,0,100.621167361736,1.15216594934464,1485.52287772298,6.98494583368301,0,0,5.01061254739761,0,0,0,28.8137035369873,0.259677290916443,131.047687366605,0,118.597635686398,0,166.020689100027,35.1005694121122,0.260637640953064,539.527278140187,0,208.724417582154,0,131.66907222569,0,114.912023127079,0,69.8278461098671,1.06051969528198,1.5546772480011,0,16.5170176029205,0,149.280834451318,2.09687148034573,274.780908837914,0.5328608751297,504.152274847031,19.6929946690798,1358.80496392399,47.9863438308239,0
0,0,15.4279927015305,0,552.529595017433,0,155.986301958561,0,2.76135468482971,0,0,0,0,0,0,0,1.04207730293274,0,1.69826957583427,0,129.607401221991,0,0,0,0,0,0,0,0,0,0,0,0,0,0,0,43.9142333567142,0,0,0.770328044891357,24.2507028728724,1.91307544708252,33.5502035915852,0,0,0,3.14547710120678,0,42.6474339812994,0,0,0,156.249178916216,0,31.5648196339607,0,46.4862379580736,0,14.6661559790373,0,15.6719487905502,0,2.39913773536682,119.410722792149,0,0,0,0,0,0,0,0,0,12.3307455182076,0,0,0,0,0,61.5315175652504,0,3.82436779141426,91.0136714875698,0,321.670030191541,0,1.29131829738617
0,0,0,244.01208242774,0,792.795428574085,0,115.730588436127,0,13.2152633368969,0,0,0,8.46205967664719,0,0,0,0,0.460745498538017,0,0,0,0,0,0,0,0,0,0,0,0,0,0,0,0,5.94540710747242,0,0,0,1.53516732156277,0,7.30969476699829,0,0.377018541097641,0,4.35570815205574,0,0.308981955051422,1.76184888184071,5.01061254739761,0,0,0,91.3195447921753,0,6.99657428264618,0,29.6497277617455,0,53.0624355375767,0,105.054130762815,12.9227030575275,0,0,0,0.260736882686615,0,0,0,0.650874465703964,0,3.89277192950249,0,0,0,0,0,7.68641835451126,0,0.530809700489044,0,288.407206997275,0,113.828803852201,0,0
0,0,0,0,8.94196465611458,0,426.686563670635,0,0,0,131.221638411283,0,5.65999042987823,0,0,0,0,0,0,0,23.3480485975742,0,0,0,0,0,0,0,0,0,0,0,0,0,0,0,0,0,0,0,0,0,0,0,0,0,0,0,0,0,156.249178916216,0,0,0,0,0,293.881151050329,0,0,0,0,0,0,23.3527466356754,0,0,0,0,0,0,0,0,0,0,0,0,0,0,0,0,0,0,117.278693705797,0,0,0,0
0,0,0,0,0,39.0195602178574,0,300.323876440525,0,0,0,0,0,0,0,0,0,0,0,0,0,0,0,0,0,0,0,0,0,0,0,0,0,0,0,0,0,0,0,0,0,0,0,0,0,0,0,0,0,0,0,91.3195447921753,0,0,0,0,0,233.453512251377,0,0,0,0,0,0,0,0,0,0,0,0,0,0,0,0,0,0,0,0,0,0,0,0,120.334139823914,0,0,0,0
54.0791653990746,0,135.826226234436,0,2.22560262680054,0,0,0,881.480336606503,0,0,0,2.03015047311783,0,124.208889603615,0,123.145581334829,9.89644089341164,2.74356698989868,0,0,0,0,0,48.6457732915878,0,0,0,0,0,0,0,0,0,0,0,0.476799845695496,0,1.25293445587158,0,1.90303122997284,0,2.80588001012802,0,0,0,1.98817718029022,0,28.4675980508327,0,31.5648196339607,0,0,0,0,0,5.874671459198,0,3.2696635723114,0,712.163426339626,0,0,0,0,0,0,159.453496992588,0,7.2198691368103,0,0,0,2.69293928146362,0,0,0,0,0,1.90009540319443,0,74.0056847035885,148.145723372698,0,31.9515200853348,0,2.34094834327698
0,720.983166664839,0,112.6190315485,0,28.4578812420368,0,0,0,805.298059165478,0,0,0,0,0,117.369483530521,0,2.07988095283508,0,0,0,0,0,342.486764580011,0,144.676646739244,0,0,0,0,0,0,0,0,0,0,0,9.86241948604584,0,0,0,15.7781657576561,0,0,0,0,0,0,0,28.8137035369873,0,6.99657428264618,0,0,0,0,0,0,0,0,0,30.791459351778,0,0,0,0,377.593216896057,0,2.2559871673584,0,0,0,0,0,0,0,0,0,0,0,10.2091728448868,0,172.927427172661,1.06499373912811,39.7724733352661,0,0
4.56930227577686,0,14.2296458184719,0.152591958642006,2.42851191759109,0,12.7480561435223,0,0.171194359660149,0,1547.73840790987,0,0,0,0,0,8.7245320379734,0.28072115778923,34.9305966049433,0,270.269822008908,0,1.932526871562,0,0.392851024866104,0,3.99441117048264,0,0.544003993272781,0,36.1026914566755,0,0,0,0,0,4.77202861756086,0,381.261378660798,0.624074056744576,29.1268929690123,1.77686171233654,706.913240157068,0,4.73324026167393,1.43589581549168,71.5243289172649,0,40.1629620790482,0.259677290916443,46.4862379580736,0,293.881151050329,0,5.874671459198,0,0,0,503.131543964148,0,5.92071348428726,0,0,531.336685493588,0,4.89818249642849,0,2.03898312151432,0,51.462056607008,0,925.691913947463,0,641.324876844883,0,0,0,0,1.38156980276108,80.7395754531026,0,45.4312194883823,301.802908599377,18.472882591188,911.321067348123,0,41.3098816275597
0,1.20708411931992,0,76.7782441824675,0,41.0318462252617,0,27.4896512031555,0,0,0,2532.26361559331,0,115.693543791771,0,0,0.380785644054413,0,13.2370108962059,6.30908611416817,0,1.25261867046356,0,0,0,0,0,0,0,97.0873191356659,0,0,0,0,0,1.76758683472872,0.128714859485626,82.3424844443798,0,4.76029104739428,0,28.7482311874628,0,0.220906019210815,0,44.8072586208582,0,0,0,131.047687366605,0,29.6497277617455,0,233.453512251377,0,0,0,0,0,111.98415273428,0,27.77104601264,157.697679400444,0,2.85080698132515,0,7.84400781989098,0,14.5584081709385,0,139.700027823448,0,671.020633414388,0,0,0,0,0,5.23687662184238,0,7.29834373295307,0,140.460931181908,0,751.399901919067,1.94620501995087,0
2.45288908481598,0,1.5405664741993,0,0.308228671550751,0,0,0,0,0,0,0,134.33154207468,0,6.26248306035995,0,0.996299058198929,0,4.88054303824902,0,0.390562698245049,0,6.35930694639683,0,2.9135719537735,0,3.13512095808983,0,0,0,0,0,0,0,0,0,1.45267137140036,0,0.781741812825203,0,8.98523713648319,0.184984356164932,65.4595833495259,0,0,0,8.46760415285826,0,18.8468137532473,0,14.6661559790373,0,0,0,3.2696635723114,0,503.131543964148,0,0,0,202.742877066135,0,0,11.175091356039,0,6.61602936685085,0,6.11186836659908,0,143.229206353426,0,341.775318652391,0,18.5370272547007,0,0,0,0,0,15.4710252135992,0,10.4074936658144,8.37654255330563,0,101.235451206565,0,2.39827615022659
0,0,0,68.1903505623341,0,6.0756653547287,0,141.290441989899,0,0,0,115.240168511868,0,1306.22604724765,0,0,0,0,0.207602262496948,0,0,0.264360785484314,0,0.808110758662224,0,0,0,56.0942566990852,0,0,0,0,0,0,0,0,0,0,0,2.77598166465759,0,4.84500385820866,0,0,0,3.15450438857079,0,0,0.908617079257965,118.597635686398,0,53.0624355375767,0,0,0,0,0,111.98415273428,0,0,0,91.3505971431732,0.446085959672928,0,0.560018599033356,0,18.4724622666836,0,36.7849372327328,0,37.5532799959183,0,0.640474587678909,0,0,0,0,0,3.04832398891449,0,0,0,32.6257644146681,0,97.4944575130939,0,0
188.564470142126,0,3.08697116374969,0,0,0,0,0,362.957784354687,0,0,0,5.9728627204895,0,349.523473978043,0,34.6893324553967,0,0,0,0,0,0,0,0.316315859556198,0,0,0,0,0,0,0,0,0,0,0,0,0,0,0,0,0,8.25534710288048,0,0,0,0,0,1.80398321151733,0,15.6719487905502,0,0,0,712.163426339626,0,5.92071348428726,0,202.742877066135,0,0,0,0,0,0,0,0,2.28972870111465,0,2.58640414476395,0,0,0,5.29504364728928,0,0,0,0,0,0.61108486354351,0,0,55.0068003535271,2.85489737987518,15.5683434009552,0,0.973116755485535
0,67.7555072903633,0,84.4277289509773,0,0,0,0,0,7.87187123298645,0,0,0,0,0,392.946384847164,0,23.437518954277,0,0,0,0.592778086662292,0,9.92016580700874,0,6.93706679344177,0,0,0,0,0,0,0,0,0,0,0,0,0,0,0,0,0,0,0,0,0,0,0,166.020689100027,0,105.054130762815,0,0,0,30.791459351778,0,27.77104601264,0,91.3505971431732,0,0,0,0,1.10724771022797,0,45.9289865791798,0,116.313969731331,0,0,0,0.194844573736191,0,0,0,0,0,0,0,0,0,2.73529469966888,0,4.97726884484291,0,0
0,0,0,1.35071238875389,0,20.270773768425,0,0,0,0,0,282.829966425896,0,0,0,0,5.80693016946316,2.44297657907009,93.3868445083499,3604.16015598178,0,0.296059757471085,0,0.584319174289703,0,0,0,0,0,0,0,0,0,0,0,1604.31873703003,0,24.4779016971588,0.38982355594635,291.847732417285,0.817256897687912,255.019176036119,3.37112535536289,0.858123421669006,0,1597.86737202108,3.36033813655376,0,0,35.1005694121122,2.39913773536682,12.9227030575275,0,0,0,0,0,157.697679400444,0,0.446085959672928,0,0,0,0.173161640763283,0.69962003827095,0,5.07660740613937,0,6.34288556873798,0,23.7609567195177,0,57.3201479911804,0.162124782800674,0,0,0,0,1781.876380831,1.52878312766552,21.3116392195225,0.120646603405476,644.700415097177,0.253156244754791,837.61549641192,6.25929883122444,0
3.46426302194595,0,1.02541407942772,0,8.80935527384281,0,0,0,0,0,125.272623434663,0,0,0,0,0,17.6173149496317,11.5542093217373,127.015771791339,0,1442.59744864702,0,0.228097423911095,0,0.187732771039009,0,0,0,0,0,3.40375745296478,0,0,0,0,0.1495710760355,546.493526428938,0,458.731054201722,2.67361510545015,67.2718272954226,0.703181847929955,353.433314725757,0,17.0988300442696,5.63314700126648,653.402535691857,0,16.8042728751898,0.260637640953064,119.410722792149,0,23.3527466356754,0,0,0,531.336685493588,0,11.175091356039,0,0,0,0.173161640763283,0,0,0.451420426368713,0,0.171590074896812,0,1.34839956462383,0,34.2663412988186,0.139612793922424,252.36505676806,0,0,0,0,3.24268555641174,1719.36684469134,0.51362532377243,810.750971511006,288.397206105292,1.43485878407955,425.860917069018,0,19.3295233547688
0,0,0,0,0,0,0,0,0,0,0,0,0,0,0,0,0,92.9728724062443,0.884244084358215,0,0,4504.24775213003,6.22406721115112,389.631359994411,0,84.5848705619574,0,164.742277503014,0,0,0,0,0,0,0,0,0,493.478071406484,1,0,0,3.5887049138546,0,0,0,0,0,0,0,539.527278140187,0,0,0,0,0,0,0,2.85080698132515,0,0.560018599033356,0,1.10724771022797,0.69962003827095,0,0,0,498.607575669885,0,197.57759693265,0,17.4394944012165,0,0,0,0,0,0,0,0,0,506.397642880678,0,262.849546074867,1.48200333118439,15.3721781522036,0,0
0,0,0,0,0,0,0,0,0,0,0,0,0,0,0,0,10.0032939910889,0,0,0,0,0,3264.47303563356,0,38.6002731323242,0,14.4821366965771,0,0,0,0,0,0,0,0,0,0,0,140.487601235509,0,0,0,0,0,0,0,0,0,301.393249541521,0,0,0,0,0,0,0,4.89818249642849,0,6.61602936685085,0,0,0,0,0.451420426368713,0,0,0,523.738670632243,0,265.976067215204,0,448.529175803065,0,0,0,0,0,0,0,0,0,87.9508176445961,125.912649840117,5.69079202413559,2.3089248239994,0,0
0,5.73680581152439,0,0.176598563790321,0,0.432373106479645,0,0,0,91.1309531927109,0,0,0,0,0,0,0,70.7654562145472,7.42333902418613,0,0,255.42164170742,0,868.454168230295,0,297.194902181625,0,0,0,0,0,0,0,0,0,0,0,330.50656068325,0,0,0,11.8207968771458,0,0,0,0.366447895765305,0,0,0.258514225482941,208.724417582154,0,0.260736882686615,0,0,0,377.593216896057,0,7.84400781989098,0,18.4724622666836,0,45.9289865791798,5.07660740613937,0,498.607575669885,0,0,0,471.893075510859,0,33.8633908927441,0,0.825199991464615,0,0,0,0,0,0,0,675.64202529192,0,211.922546714544,0,84.8974171578884,0,0
0.914020776748657,0,0,0,0,0,0,0,73.2147489488125,0,0,0,0,0,0,0,43.0001856088638,0,0,0,0,0,56.067194595933,0,887.437373295426,0,112.843110442162,0,0,0,0,0,0,0,0,0,0,0,86.629655122757,0,0,0,0,0,0,0,0,0,196.914221048355,0,0,0,0,0,159.453496992588,0,2.03898312151432,0,6.11186836659908,0,2.28972870111465,0,0,0.171590074896812,0,523.738670632243,0,0,0,160.425431117415,0,35.8666457682848,0,0,0,0,0,0,0,0,0,199.984177142382,119.080941975117,0,3.44719438254833,0,0
0,7.60854542255402,0,0.88799823820591,0,0,0,0,0,77.906653881073,0,0,0,0,0,0,0,10.7166482508183,1.21469187736511,0,0,96.5026697218418,0,103.323898509145,0,135.48512776196,0,3,0,0,0,0,0,0,0,0.131050422787666,0,0,0,0.152578696608543,0,15.1225180625916,0,0,0,1.46706885099411,0,0,0,131.66907222569,0,0,0,0,0,2.2559871673584,0,14.5584081709385,0,36.7849372327328,0,116.313969731331,6.34288556873798,0,197.57759693265,0,471.893075510859,0,0,0,73.2998968064785,0,0.337902694940567,0,0,0,0,0,0.4540736079216,0,0,0,0.82679358124733,0,106.886045143008,0,0
0,0,0,0,0,0,0,0,0,0,0,0,0,0,0,0,136.333266109228,0,0,0,0.230445206165314,0,68.6355439275503,0,228.05388392508,0,226.790290564299,0,0,0,0,0,0,0,0,0,0,0,0,0,0,0,0,0,0,0,0,0,22.3050910532475,0,0,0,0,0,7.2198691368103,0,51.462056607008,0,143.229206353426,0,2.58640414476395,0,0,1.34839956462383,0,265.976067215204,0,160.425431117415,0,0,0,511.87942764163,0,0,0,0,0,0,0,0.142952024936676,0,0,0.364565581083298,0,1.39668674767017,0,0
0,1.86598262190819,0,8.00322434306145,0,0,0,0,0,0,0,0,0,2.10345184803009,0,0,0,1.79149377346039,12.8403415232897,0,0,18.9807957708836,0,1.10505965352058,0,63.9433901309967,0,481.999500140548,0,18.535369604826,0,0,0,0,0,0,0,59.7603707909584,0,2.4436043202877,0,68.7522818446159,0.170003980398178,0,0,12.3009018450975,0,0.994508028030396,0,114.912023127079,0,0.650874465703964,0,0,0,0,0,139.700027823448,0,37.5532799959183,0,0,23.7609567195177,0,17.4394944012165,0,33.8633908927441,0,73.2998968064785,0,0,0,286.508513063192,0,0,0,0,0,2.22618195414543,0.652769029140472,129.034772872925,0,58.571579888463,2.01820468902588,411.288268297911,1.80832374095917,0
