0,0,18.587043762207,0,0,0,0,0,4.85248042986943,0,0,0,0,0,0,0,16.4112226117042,71.4593658447266,13.7408746452332,0,32.6798731486003,0,0,0,0,0,0,0,0,0,0,0,0,0,0,0,47.5797220865885,0,37.4184226989746,0,34.0337142944336,40.5483322143555,19.2769036253293,0,0,0,31.0531520843506,40.056001663208,10.3926714217067,0,0,0,0,0,4.91990123670687,0,15.249055457565,0,0,0,0,0,0,32.1850724587074,0,0,0,0,0,0,0,0,0,27.3723065512521,0,0,0,0,0,37.9679962134943,0,35.8695926969013,12.2650456428528,0,11.3739734239639,0,19.7282752990723
0,0,0,3.88608552952005,0,0,0,0,0,4.95998657065512,0,0,0,0,0,0,61.1346893310547,40.5910677228655,10.7329917088151,0,0,0,0,0,0,0,0,0,0,0,0,0,0,0,0,0,0,0,0,29.8680838709292,0,21.7806495638036,0,0,0,20.3868312835693,0,0,0,3.9229451974233,0,0,0,0,0,4.39615478515625,0,20.1787635485331,0,0,0,0,0,0,0,0,0,0,0,0,0,0,0,0,0,0,0,0,32.7853962898254,65.9868621826172,28.8205604553223,63.6226654052734,5.92765076090429,0,18.3924995416945,14.4133795224703,0
18.587043762207,0,0,0,15.1751149694125,0,13.1034317016602,0,15.0885357475281,0,0,0,0,0,10.6312213525539,0,0,0,0,0,6.96515432993571,0,0,0,0,0,0,0,0,0,0,0,0,0,0,0,0,0,33.0247993469238,0,19.5959498087565,0,26.8922567367554,0,0,0,24.5227842712402,0,5.95642048782772,0,13.834380865097,0,0,0,15.1347815990448,0,0,0,9.91723932538714,0,10.3034909675861,0,0,0,0,0,0,0,0,0,0,0,0,0,0,0,0,0,0,0,0,0,18.1606813735026,0,22.0929104821724,0,21.5055675506592
0,3.88608552952005,0,0,0,13.8027815310681,0,0,0,7.56176150286639,0,0,0,0,0,0,0,0,10.2102570533752,7.43508964114719,0,0,0,0,0,0,0,0,0,0,0,0,0,0,0,13.928884935379,26.977668762207,0,0,39.8975860554239,0,27.4603593072226,0,0,0,14.0282188434273,0,50.0279741287231,29.7341060638428,21.0788327537923,0,7.69580306589722,0,0,0,4.02926270167033,0,15.8433975084328,0,3.56081999838352,0,4.0114574432373,12.7253884106148,0,0,0,0,0,0,0,0,0,0,0,0,0,0,0,34.3511619567871,0,0,0,10.7383842360062,0,18.2623896808166,16.4191506764828,0
0,0,15.1751149694125,0,0,0,3.10510076795306,0,6.12419379841198,0,0,0,3.58026825297963,0,7.16975360758164,0,0,0,0,0,8.32602713108063,0,0,0,0,0,0,0,0,0,0,0,0,0,0,0,3.56953657374663,0,0,0,0,0,52.485595703125,0,0,0,0,0,16.5786275863647,0,2.9286279330651,0,2.95159687995911,0,3.10453113487789,0,15.5211372375488,0,3.40844903216266,0,16.6125729878743,0,0,11.5849332809448,0,0,0,0,0,0,0,0,0,0,0,0,0,0,0,0,0,0,3.66166979553056,9.27869415283203,19.7188763242019,0,0
0,0,0,13.8027815310681,0,0,0,3.64787475268046,0,0,0,0,0,0,0,0,0,0,0,3.09421302974224,0,0,0,0,0,0,0,0,0,0,0,0,0,0,0,0,0,0,0,0,0,0,0,0,0,0,0,0,0,0,0,5.78130064992344,0,0,0,0,0,0,0,0,0,0,23.4427032470703,0,0,0,0,0,0,0,0,0,0,0,0,0,0,0,0,0,0,0,5.89206839772885,3.79682540893555,15.3375560727101,0,0
0,0,13.1034317016602,0,3.10510076795306,0,0,0,0,0,3.42924238934236,0,3.54060138596429,0,0,0,0,0,0,0,0,0,0,0,0,0,0,0,0,0,0,0,0,0,0,0,0,0,0,0,0,0,0,0,0,0,0,0,0,0,3.23118948936462,0,4.14385418097178,0,0,0,4.84747184525936,0,4.09023069573003,0,0,0,0,0,0,0,0,0,0,0,0,0,0,0,0,0,0,0,0,0,0,0,3.4088378479919,4.10876336850618,0,0,0
0,0,0,0,0,3.64787475268046,0,0,0,0,0,4.05802961913022,0,3.85966409349734,0,0,0,0,0,0,0,0,0,0,0,0,0,0,0,0,0,0,0,0,0,0,0,0,0,0,0,0,0,0,0,0,0,0,0,0,0,4.42499868199229,0,3.44937244958656,0,0,0,5.27943506836891,0,3.11308592557907,0,0,0,0,0,0,0,0,0,0,0,0,0,0,0,0,0,0,0,0,0,0,3.25444846714244,0,0,0,0
4.85248042986943,0,15.0885357475281,0,6.12419379841198,0,0,0,0,0,0,0,0,0,0,0,0,0,0,0,0,0,0,0,22.1106281280518,0,0,0,0,0,0,0,0,0,0,0,0,0,0,0,0,0,17.4639453490575,0,0,0,39.5992126464844,0,9.886981530623,0,0,0,0,0,6.29358444800512,0,16.7086624417986,0,8.55155086517334,0,8.85973730954257,0,0,0,0,0,0,24.3373235066732,0,2.74648571014404,0,0,0,0,0,0,0,0,0,36.9866218566895,0,29.2420825958252,4.71665986618364,0,37.6664009548369,0,0
0,4.95998657065512,0,7.56176150286639,0,0,0,0,0,0,0,0,0,0,0,3.07593709772283,0,0,0,0,0,0,0,4.0622307062149,0,0,0,0,0,0,0,0,0,0,0,0,0,9.07620028265516,0,0,0,11.9180718777226,0,0,0,0,0,0,0,7.06842443346977,0,0,0,0,0,5.15437443828151,0,19.8393516540527,0,0,0,0,0,0,0,0,0,0,0,0,0,0,0,0,0,0,0,0,0,0,14.5806580936962,0,4.9487309503696,11.9687576293945,9.68423026686038,0,0
0,0,0,0,0,0,3.42924238934236,0,0,0,0,0,0,0,0,0,0,0,0,0,8.51265841060215,0,0,0,0,0,0,0,0,0,4.60325616125077,0,0,0,0,0,4.69921553134918,0,3.22857620589126,0,0,0,0,0,0,0,0,0,0,0,0,0,0,0,0,0,4.34113783358362,0,2.92477571964264,0,0,0,0,11.7787787573678,0,0,0,0,0,0,0,0,0,7.20008906126022,0,0,0,0,0,0,0,0,3.87504692171134,0,0,0,0
0,0,0,0,0,0,0,4.05802961913022,0,0,0,0,0,3.16896538788013,0,0,0,0,0,4.62552242960249,0,0,0,0,0,0,0,0,0,3.77887623650687,0,0,0,0,0,3.28582937577192,0,4.18379635589067,0,0,0,0,0,0,0,0,0,0,0,0,0,5.98601628512871,0,4.20468337639518,0,0,0,5.89753684707412,0,3.19738015261563,0,0,7.89246904850006,0,0,0,0,0,0,0,0,0,6.70312336087227,0,0,0,0,0,0,0,4.1439684232076,0,5.16299834953164,5.47186871578819,0,0,0
0,0,0,0,3.58026825297963,0,3.54060138596429,0,0,0,0,0,0,0,3.96147908570071,0,0,0,0,0,0,0,0,0,0,0,3.59155583381653,0,2.74242049455643,0,0,0,0,0,0,0,0,0,0,0,0,0,0,0,0,0,0,0,0,0,0,0,3.24072614530238,0,0,0,3.21439672625342,0,3.59953024963927,0,3.46592931747437,0,0,0,0,0,0,0,0,0,0,0,0,0,0,0,0,0,0,0,0,0,3.55725271143812,3.13218382994334,0,0,0
0,0,0,0,0,0,0,3.85966409349734,0,0,0,3.16896538788013,0,0,0,3.62402152061462,0,6.95040261745453,0,0,0,0,0,0,0,0,0,0,0,0,0,0,0,0,0,0,0,0,0,0,0,0,0,0,0,0,0,0,0,0,0,0,0,3.00193848609924,0,0,0,0,0,3.10131126065408,0,4.11603915691376,0,0,0,0,0,0,0,0,0,0,0,0,0,0,0,0,0,0,0,0,3.67229735236807,0,0,0,0
0,0,10.6312213525539,0,7.16975360758164,0,0,0,0,0,0,0,3.96147908570071,0,0,0,0,0,0,0,0,0,0,0,0,0,0,0,0,0,0,0,0,0,0,0,0,0,0,0,0,0,42.149284362793,0,0,0,38.3343544006348,0,8.91819374184859,0,0,0,0,0,0,0,9.66508674621582,0,3.83021134603769,0,3.79587674827027,0,0,0,0,0,0,0,0,2.7476851940155,0,0,0,38.5721435546875,0,0,0,0,0,0,0,0,4.6758444359428,4.23047256469727,17.5963647903935,0,0
0,0,0,0,0,0,0,0,0,3.07593709772283,0,0,0,3.62402152061462,0,0,0,3.86764407157898,0,0,0,0,0,0,0,0,0,0,0,0,0,0,0,0,0,0,0,0,0,0,0,0,0,0,0,0,0,0,0,0,0,0,0,0,0,0,0,0,0,5.49050045013428,0,3.61188286504296,0,0,0,0,0,0,0,0,0,0,0,0,0,0,0,0,0,0,0,0,3.48845584150674,2.74168062210083,0,0,0
16.4112226117042,61.1346893310547,0,0,0,0,0,0,0,0,0,0,0,0,0,0,0,24.8601836543745,26.1790134306694,0,50.7164722018772,41.8683104515076,11.1523129516091,0,0,28.841167640686,4.83637904146666,0,0,0,0,0,0,0,0,0,69.2017459869385,0,47.8403511047363,80.9407721183669,65.0346763206251,74.6814007594668,50.4863492919178,66.3080406188965,35.9866714477539,76.8150663022642,60.9847457675934,0,0,0,0,0,0,0,0,0,0,0,0,0,0,0,0,66.2656626275245,77.5974044799805,0,0,0,0,4.39968307628188,0,0,0,52.3083686313114,0,0,0,0,78.442555893792,68.6198040274687,0,62.6603012411003,16.099089975085,14.8158269312498,62.1274161074146,67.6525554656982,44.2501583099365
71.4593658447266,40.5910677228655,0,0,0,0,0,0,0,0,0,0,0,6.95040261745453,0,3.86764407157898,24.8601836543745,0,25.2868836792499,0,0,11.1891567015001,22.8023962421694,0,0,9.02032274716252,34.2886475154332,2.94579172134399,0,0,0,0,0,0,0,0,92.3772735595703,0,74.1006546020508,69.1247101400985,85.7361576773904,50.1254960918175,70.3455502359491,47.1603543758392,0,65.1846133538012,76.1500674507835,0,0,0,0,0,0,0,0,0,0,0,0,0,0,5.77056725819906,0,91.1519216299057,21.1653990912856,0,0,0,3.03503377238909,0,0,0,0,83.2840016682943,0,0,0,0,72.4020573612981,87.1118868937535,94.1349639892578,88.8625338673592,15.741308190645,17.0574787003653,64.136727981463,47.1979027748108,64.297089060799
13.7408746452332,10.7329917088151,0,10.2102570533752,0,0,0,0,0,0,0,0,0,0,0,0,26.1790134306694,25.2868836792499,0,0,48.5808431264516,36.5793685913086,43.8435502893784,0,0,0,78.3695068359375,0,0,0,0,0,0,0,0,0,61.6527767181396,0,49.0488925509983,52.8876624040721,51.6449341635102,25.2478660236513,21.9071637483744,27.9911360740662,9.02445006370544,48.3214486287739,52.1350983395404,0,0,27.8078555001153,0,0,0,0,0,0,35.4867296218872,21.1018923943087,0,0,0,0,19.7685089111328,55.8992103963976,35.1429138183594,0,0,0,0,0,0,32.3413543701172,0,40.0223223491065,0,0,0,0,52.6616958005251,50.6981942303573,32.6937277317047,51.3329895394549,20.9432538246655,47.6717978583442,35.9065776471137,19.5353140389816,23.7051410965508
0,0,0,7.43508964114719,0,3.09421302974224,0,0,0,0,0,4.62552242960249,0,0,0,0,0,0,0,0,0,0,0,0,0,0,0,0,0,0,0,0,0,0,0,5.55615578313565,27.1777137756348,3.74196095709976,0,0,0,0,0,0,0,12.3267878784853,0,0,0,0,0,5.00301039341799,0,0,0,0,0,3.2633433001382,0,0,0,0,4.48522291864668,0,0,0,0,0,0,0,0,0,0,0,0,0,0,0,7.35579185052352,0,6.30410289764404,0,11.8269926248812,0,4.81264538684134,0,0
32.6798731486003,0,6.96515432993571,0,8.32602713108063,0,0,0,0,0,8.51265841060215,0,0,0,0,0,50.7164722018772,0,48.5808431264516,0,0,0,0,0,0,0,0,0,0,0,0,0,0,0,0,0,5.56226295750316,0,7.92591281591263,80.182014465332,0,0,38.0530843734741,0,0,0,22.7483211332752,0,30.1623115539551,0,0,0,0,0,0,0,15.6035907981742,0,23.758279800415,0,0,0,0,11.0889431270604,0,0,0,0,0,0,0,0,0,34.4499716714164,0,0,0,0,90.9541893005371,13.8998400316789,0,9.08477828758103,11.6992673116945,9.08045807192402,16.7735683862553,0,67.2090616226196
0,0,0,0,0,0,0,0,0,0,0,0,0,0,0,0,41.8683104515076,11.1891567015001,36.5793685913086,0,0,0,3.2866645862496,3.87726202607155,0,8.28900445640357,0,2.82716307640076,0,0,0,0,0,0,0,0,0,3.38111073644127,0,0,0,0,0,0,0,0,0,0,0,11.7181130886078,0,0,0,0,0,0,0,0,0,0,0,0,0,0,3.97252170826043,6.12388134002686,3.86708286175361,0,10.4607022603353,0,2.85990805096096,0,0,0,0,0,0,0,0,0,5.31206256092185,0,5.48755681769928,4.13067650794983,0,0,0
0,0,0,0,0,0,0,0,0,0,0,0,0,0,0,0,11.1523129516091,22.8023962421694,43.8435502893784,0,0,3.2866645862496,0,0,3.56423526432203,24.9687509536743,4.02895608861396,0,2.90224143436977,0,0,0,0,0,0,0,0,0,4.21055909565517,114.331891377767,0,0,58.6939468383789,0,0,0,0,0,12.6086435317993,0,0,0,0,0,0,0,0,0,0,0,0,0,0,0,0,3.5676224301512,0,3.44161313207526,0,0,0,0,0,0,0,0,0,0,0,101.501998901367,0,6.37284362227828,4.95757238203898,3.85590638564183,57.9066467285156,0,0
0,0,0,0,0,0,0,0,0,4.0622307062149,0,0,0,0,0,0,0,0,0,0,0,3.87726202607155,0,0,0,0,0,0,0,0,0,0,0,0,0,0,0,4.93017131796724,0,0,0,14.618737084525,0,0,0,0,0,0,0,5.10606465294463,0,0,0,0,0,4.15023950168065,0,0,0,0,0,0,0,0,6.33693981170654,0,3.35254123713404,0,0,0,0,0,0,0,0,0,0,0,0,0,7.70078504577125,0,13.8002315868031,0,9.02965052104464,0,0
0,0,0,0,0,0,0,0,22.1106281280518,0,0,0,0,0,0,0,0,0,0,0,0,0,3.56423526432203,0,0,0,3.58961796760559,0,0,0,0,0,0,0,0,0,0,0,6.92503842627891,0,0,39.618688583374,28.2656192779541,0,0,0,0,26.5129715846135,11.6000230031855,0,0,0,0,0,7.34732036126985,0,0,0,0,0,0,0,0,0,0,4.89509570030939,0,3.70407421862493,0,3.22954181262425,0,0,0,0,0,0,0,0,0,0,0,6.94585495202438,6.51879048068621,0,9.96903121232986,0,0
0,0,0,0,0,0,0,0,0,0,0,0,0,0,0,0,28.841167640686,9.02032274716252,0,0,0,8.28900445640357,24.9687509536743,0,0,0,0,0,0,0,0,0,0,0,0,0,0,0,0,0,0,0,0,0,0,0,0,0,0,0,0,0,0,0,0,0,0,0,0,0,0,2.73446917533875,0,0,13.3869194984436,0,0,0,0,0,0,0,0,0,0,0,0,0,0,0,0,0,7.11537560915838,0,72.2816848754883,0,0
0,0,0,0,0,0,0,0,0,0,0,0,3.59155583381653,0,0,0,4.83637904146666,34.2886475154332,78.3695068359375,0,0,0,4.02895608861396,0,3.58961796760559,0,0,0,0,0,0,0,0,0,0,0,0,0,0,0,0,0,0,0,0,0,0,0,0,0,0,0,0,0,0,0,0,0,0,0,0,0,0,0,0,3.55667496742086,0,0,0,3.18705381338413,0,0,0,0,0,0,0,0,0,0,0,0,6.9153803731456,0,0,0,0
0,0,0,0,0,0,0,0,0,0,0,0,0,0,0,0,0,2.94579172134399,0,0,0,2.82716307640076,0,0,0,0,0,0,0,0,0,0,0,0,0,0,0,0,0,0,0,0,0,0,0,0,0,0,0,0,0,0,0,0,0,0,0,0,0,0,0,0,0,0,0,0,0,0,0,0,3.08480541706085,0,0,0,0,0,0,0,0,0,2.85078918933868,0,0,0,0,0,0
0,0,0,0,0,0,0,0,0,0,0,0,2.74242049455643,0,0,0,0,0,0,0,0,0,2.90224143436977,0,0,0,0,0,0,0,5.92735039826595,0,0,0,0,0,0,0,2.95440122286479,0,0,0,0,0,0,0,0,0,0,0,0,0,0,0,0,0,0,0,0,0,0,0,0,0,0,0,0,0,0,0,0,2.96027096112569,0,0,0,0,0,0,0,0,0,0,0,0,0,0,0
0,0,0,0,0,0,0,0,0,0,0,3.77887623650687,0,0,0,0,0,0,0,0,0,0,0,0,0,0,0,0,0,0,0,0,0,0,0,0,0,0,0,0,0,0,0,0,0,0,0,0,0,0,0,0,0,0,0,0,0,2.95278787612915,0,0,0,0,0,0,0,0,0,0,0,0,0,0,2.89830879854962,0,0,0,0,0,0,0,0,0,2.84591481996619,0,0,0,0
0,0,0,0,0,0,0,0,0,0,4.60325616125077,0,0,0,0,0,0,0,0,0,0,0,0,0,0,0,0,0,5.92735039826595,0,0,0,0,0,0,0,0,0,3.28339222292879,0,0,0,0,0,0,0,0,0,0,0,0,0,0,0,0,0,4.87919248604193,0,0,0,0,0,0,12.7970995903015,0,0,0,0,0,0,0,0,0,3.54404918466295,0,0,0,0,0,0,0,0,2.82236484380869,2.8865582148234,0,0,0
0,0,0,0,0,0,0,0,0,0,0,0,0,0,0,0,0,0,0,0,0,0,0,0,0,0,0,0,0,0,0,0,3.02833756833214,4.05286116566923,0,3.89441366493702,3.46730341911316,0,0,0,0,0,0,0,0,0,0,5.42683062592591,8.17479367689653,0,0,0,0,0,0,0,0,0,0,0,0,0,0,0,0,0,0,0,0,0,0,0,0,0,3.52739920633302,3.28474517110028,4.14090460565593,0,4.95725920627447,0,0,0,4.69053275109557,0,8.54981994628906,0,0
0,0,0,0,0,0,0,0,0,0,0,0,0,0,0,0,0,0,0,0,0,0,0,0,0,0,0,0,0,0,0,3.02833756833214,0,3.88504328727722,3.73728632926941,0,3.35782683485805,0,0,0,0,0,0,0,0,0,0,3.47343244877729,0,0,0,0,0,0,0,0,0,0,0,0,0,0,0,0,0,0,0,0,0,0,0,0,0,0,0,3.63843395464232,0,0,0,5.00099267278399,0,0,3.07236918580606,0,0,0,0
0,0,0,0,0,0,0,0,0,0,0,0,0,0,0,0,0,0,0,0,0,0,0,0,0,0,0,0,0,0,0,4.05286116566923,3.88504328727722,0,3.26984237325795,5.90873742103577,0,4.38245327186584,3.54913035035133,0,0,0,0,0,0,0,0,5.02218887723725,0,0,0,0,0,0,0,0,0,0,0,0,0,0,0,0,0,0,0,0,0,0,0,0,0,0,5.97811333901847,0,4.91457021270973,4.99108100123946,7.47698789456996,0,6.11508989334106,0,3.59434105435463,0,0,0,0
0,0,0,0,0,0,0,0,0,0,0,0,0,0,0,0,0,0,0,0,0,0,0,0,0,0,0,0,0,0,0,0,3.73728632926941,3.26984237325795,0,0,3.06547119602654,0,3.9172008443386,0,0,0,0,0,0,0,0,3.63516672507062,0,0,0,0,0,0,0,0,0,0,0,0,0,0,0,0,0,0,0,0,0,0,0,0,0,0,0,0,3.44451100686017,4.04573941420458,0,3.20986227919586,0,4.82423096648918,3.38353499439028,0,0,0,0
0,0,0,13.928884935379,0,0,0,0,0,0,0,3.28582937577192,0,0,0,0,0,0,0,5.55615578313565,0,0,0,0,0,0,0,0,0,0,0,3.89441366493702,0,5.90873742103577,0,0,5.94079002068967,5.38523343697823,3.99314742287,0,0,0,0,0,0,9.95385234086019,0,5.87308339332337,0,0,0,0,0,0,0,0,0,0,0,0,0,0,7.44075066413172,0,0,0,0,0,0,0,0,0,0,0,2.74685604572296,0,4.64069857846859,0,6.15687746778934,6.10370262125705,7.78329284485615,0,4.74513168083181,4.50522958735333,18.5754244020866,0,0
47.5797220865885,0,0,26.977668762207,3.56953657374663,0,0,0,0,0,4.69921553134918,0,0,0,0,0,69.2017459869385,92.3772735595703,61.6527767181396,27.1777137756348,5.56226295750316,0,0,0,0,0,0,0,0,0,0,3.46730341911316,3.35782683485805,0,3.06547119602654,5.94079002068967,0,0,3.82841886082663,0,11.4012761116028,0,0,0,45.322338104248,23.5059243982488,31.6643349929426,3.27453252247402,0,0,0,0,0,0,39.6823425292969,0,16.1271204948425,0,0,0,0,0,23.5589761000413,14.5100584054762,0,0,0,0,0,0,0,0,0,0,0,2.95455442156111,0,3.63304622098804,38.2654087781906,5.88944208928629,0,5.16686050299399,4.07871838067975,4.02136578148218,17.4413652336787,0,38.9962387084961
0,0,0,0,0,0,0,0,0,9.07620028265516,0,4.18379635589067,0,0,0,0,0,0,0,3.74196095709976,0,3.38111073644127,0,4.93017131796724,0,0,0,0,0,0,0,0,0,4.38245327186584,0,5.38523343697823,0,0,2.9850971358163,0,0,7.16607533330503,0,0,0,0,0,5.01905556444193,0,6.5549687681527,0,0,0,0,0,12.867717015972,0,0,0,0,0,0,5.75114343383096,0,3.91594394048055,0,12.3397537410259,0,0,0,0,0,2.89948895013877,0,0,0,3.3926843549266,0,5.65261767753239,0,4.96503734094915,0,5.43092131134987,5.75193553221853,7.95526630699136,0,0
37.4184226989746,0,33.0247993469238,0,0,0,0,0,0,0,3.22857620589126,0,0,0,0,0,47.8403511047363,74.1006546020508,49.0488925509983,0,7.92591281591263,0,4.21055909565517,0,6.92503842627891,0,0,0,2.95440122286479,0,3.28339222292879,0,0,3.54913035035133,3.9172008443386,3.99314742287,3.82841886082663,2.9850971358163,0,0,0,30.3396578500437,21.8267118714072,0,0,0,24.2971288412809,8.318442847947,6.22336324091,34.5464363098145,0,0,0,0,6.96196729165536,0,3.37061645673669,0,0,0,0,0,0,11.8589966012378,0,5.18049326964787,0,7.53747510881326,0,0,0,0,0,2.96794131142753,0,0,2.96243190765381,5.12741988638173,80.949738184611,6.58026300817226,0,4.874792888183,6.98609508486909,2.9909219308333,7.27413354215459,0,0
0,29.8680838709292,0,39.8975860554239,0,0,0,0,0,0,0,0,0,0,0,0,80.9407721183669,69.1247101400985,52.8876624040721,0,80.182014465332,0,114.331891377767,0,0,0,0,0,0,0,0,0,0,0,0,0,0,0,0,0,128.849687576294,20.6993373638164,108.296804254705,23.8990075516374,0,16.0368380768198,87.0582554408482,0,0,6.86369200381968,0,0,0,0,0,0,0,39.2236591836681,0,0,0,0,31.8159110546112,95.0010932639793,0,0,0,0,0,0,0,0,0,89.7284942626953,0,0,0,0,58.2223268826364,98.4030947598544,48.2783966064453,100.040773073832,50.2716351902043,81.4456748962402,18.7359973516367,21.6146374220562,107.565666892312
34.0337142944336,0,19.5959498087565,0,0,0,0,0,0,0,0,0,0,0,0,0,65.0346763206251,85.7361576773904,51.6449341635102,0,0,0,0,0,0,0,0,0,0,0,0,0,0,0,0,0,11.4012761116028,0,0,128.849687576294,0,109.813247680664,25.6690822487558,0,31.3377092149523,0,35.8811290589246,6.86333274841309,5.29458340149726,14.0869283676147,0,0,0,0,0,0,0,0,0,0,0,0,0,68.7975082397461,0,0,0,0,0,0,0,0,0,69.2613182067871,0,0,0,0,109.432383219401,5.48748182755441,0,16.7121279239655,47.0692473065322,0,17.859796448537,0,18.7836390052043
40.5483322143555,21.7806495638036,0,27.4603593072226,0,0,0,0,0,11.9180718777226,0,0,0,0,0,0,74.6814007594668,50.1254960918175,25.2478660236513,0,0,0,0,14.618737084525,39.618688583374,0,0,0,0,0,0,0,0,0,0,0,0,7.16607533330503,30.3396578500437,20.6993373638164,109.813247680664,0,8.54594200749637,14.6791717215068,0,24.5998922789673,65.8304436206818,9.20199881322456,32.8649910291036,18.4596440473943,0,0,0,0,0,12.584952271503,0,14.2459961009192,0,0,0,0,16.5610357920329,80.0116560799735,0,0,14.3117535331032,40.3738174438477,0,0,0,0,0,84.0610237121582,0,0,0,0,28.5470845232627,81.7298991991126,8.48885189403187,53.5873607635498,16.2815460863978,15.7499513626099,16.2708533022102,10.7724167753569,76.0142164230347
19.2769036253293,0,26.8922567367554,0,52.485595703125,0,0,0,17.4639453490575,0,0,0,0,0,42.149284362793,0,50.4863492919178,70.3455502359491,21.9071637483744,0,38.0530843734741,0,58.6939468383789,0,28.2656192779541,0,0,0,0,0,0,0,0,0,0,0,0,0,21.8267118714072,108.296804254705,25.6690822487558,8.54594200749637,0,0,11.1521690973079,107.20809173584,14.9803105965099,7.87745162925205,9.85668376321432,7.86847801208496,0,0,0,0,45.9599177042643,0,16.0415082958378,0,0,0,40.8271751403809,0,0,23.3717726169549,0,0,0,38.168571472168,0,0,0,16.9391671021779,0,16.2759713874659,0,0,0,0,116.838494618734,23.5687302651521,0,28.4278949458542,15.1508227744336,0,12.8011673359511,55.2184715270996,12.1910342120349
0,0,0,0,0,0,0,0,0,0,0,0,0,0,0,0,66.3080406188965,47.1603543758392,27.9911360740662,0,0,0,0,0,0,0,0,0,0,0,0,0,0,0,0,0,0,0,0,23.8990075516374,0,14.6791717215068,0,0,0,21.337700843811,66.7547126770019,0,0,19.5463027954102,0,0,0,0,0,0,0,0,0,0,0,0,0,103.020469665527,0,0,0,0,0,0,0,0,0,0,0,0,0,0,29.0374551419013,0,0,0,23.7671659039516,0,17.0527626974829,10.0722922086716,0
0,0,0,0,0,0,0,0,0,0,0,0,0,0,0,0,35.9866714477539,0,9.02445006370544,0,0,0,0,0,0,0,0,0,0,0,0,0,0,0,0,0,45.322338104248,0,0,0,31.3377092149523,0,11.1521690973079,0,0,0,18.630855006245,0,11.9245223999023,0,0,0,0,0,0,0,0,0,0,0,0,0,0,24.8089487784249,0,0,0,0,0,0,0,0,0,0,0,0,0,0,0,28.7018515146696,0,34.147485309177,9.79808940206255,0,15.3277791894001,0,13.0392475494972
0,20.3868312835693,0,14.0282188434273,0,0,0,0,0,0,0,0,0,0,0,0,76.8150663022642,65.1846133538012,48.3214486287739,12.3267878784853,0,0,0,0,0,0,0,0,0,0,0,0,0,0,0,9.95385234086019,23.5059243982488,0,0,16.0368380768198,0,24.5998922789673,107.20809173584,21.337700843811,0,0,84.5842340257433,38.958251953125,0,29.4910335540771,0,22.5559177398682,0,0,0,0,0,23.9039304203595,0,0,0,0,9.17562759193034,82.2558441162109,0,0,0,0,0,0,0,0,0,0,0,0,0,0,17.1905971357798,100.24197845459,18.4075055441845,91.8139743804932,40.8309779848371,0,20.6166397464231,30.5191688537598,105.202713012695
31.0531520843506,0,24.5227842712402,0,0,0,0,0,39.5992126464844,0,0,0,0,0,38.3343544006348,0,60.9847457675934,76.1500674507835,52.1350983395404,0,22.7483211332752,0,0,0,0,0,0,0,0,0,0,0,0,0,0,0,31.6643349929426,0,24.2971288412809,87.0582554408482,35.8811290589246,65.8304436206818,14.9803105965099,66.7547126770019,18.630855006245,84.5842340257433,0,0,28.1880841129705,0,0,0,0,0,43.293892288208,0,43.5293345451355,0,45.0160350799561,0,37.4544853210449,0,0,11.9023060270007,0,0,0,0,0,0,0,44.653491973877,0,45.4035199737549,0,0,0,0,90.9667269824302,19.1150790022692,0,30.3605724552354,44.9489267553602,85.4983596801758,16.7482254938929,75.6098027229309,44.5167132980969
40.056001663208,0,0,50.0279741287231,0,0,0,0,0,0,0,0,0,0,0,0,0,0,0,0,0,0,0,0,26.5129715846135,0,0,0,0,0,0,5.42683062592591,3.47343244877729,5.02218887723725,3.63516672507062,5.87308339332337,3.27453252247402,5.01905556444193,8.318442847947,0,6.86333274841309,9.20199881322456,7.87745162925205,0,0,38.958251953125,0,0,5.96930000109021,6.85482097104941,0,0,0,0,0,0,0,0,0,0,0,0,0,0,0,0,0,26.4774398803711,0,0,0,0,0,0,3.85464538846697,3.71589731399459,4.63975171248118,4.15603234409507,5.90026129469459,6.12157347319805,5.93577921390533,8.73098993518531,7.63665315995064,6.86274824142456,7.86211881870372,0,0
10.3926714217067,0,5.95642048782772,29.7341060638428,16.5786275863647,0,0,0,9.886981530623,0,0,0,0,0,8.91819374184859,0,0,0,0,0,30.1623115539551,0,12.6086435317993,0,11.6000230031855,0,0,0,0,0,0,8.17479367689653,0,0,0,0,0,0,6.22336324091,0,5.29458340149726,32.8649910291036,9.85668376321432,0,11.9245223999023,0,28.1880841129705,5.96930000109021,0,5.40081640879313,0,0,0,0,40.900749206543,0,18.8212017269418,0,8.7992798941476,0,8.80385571557122,0,0,0,0,17.1785600185394,0,11.3031258847978,0,0,0,22.1184608340263,0,18.3247483659674,0,4.44385814666748,0,5.79525637626648,0,5.40773240591193,0,4.91646691150963,11.4242356367525,0,9.78896838908288,0,18.478924046392
0,3.9229451974233,0,21.0788327537923,0,0,0,0,0,7.06842443346977,0,0,0,0,0,0,0,0,27.8078555001153,0,0,11.7181130886078,0,5.10606465294463,0,0,0,0,0,0,0,0,0,0,0,0,0,6.5549687681527,34.5464363098145,6.86369200381968,14.0869283676147,18.4596440473943,7.86847801208496,19.5463027954102,0,29.4910335540771,0,6.85482097104941,5.40081640879313,0,0,0,0,0,0,0,0,54.4492295583089,0,0,0,0,0,0,8.645846421902,0,6.38785353365878,0,0,0,10.6384728431702,0,7.67044666643893,0,0,0,0,0,4.44001952807109,0,6.42484926439101,34.0186195373535,10.625681292777,17.2834224700928,10.4080287657393,10.1697123634894,0
0,0,13.834380865097,0,2.9286279330651,0,3.23118948936462,0,0,0,0,0,0,0,0,0,0,0,0,0,0,0,0,0,0,0,0,0,0,0,0,0,0,0,0,0,0,0,0,0,0,0,0,0,0,0,0,0,0,0,0,0,0,0,0,0,7.5168752140469,0,0,0,0,0,0,0,0,0,0,0,0,0,0,0,0,0,0,0,0,0,0,0,0,0,3.58878755569458,0,11.7911414688016,0,0
0,0,0,7.69580306589722,0,5.78130064992344,0,4.42499868199229,0,0,0,5.98601628512871,0,0,0,0,0,0,0,5.00301039341799,0,0,0,0,0,0,0,0,0,0,0,0,0,0,0,0,0,0,0,0,0,0,0,0,0,22.5559177398682,0,0,0,0,0,0,0,3.09476447105408,0,2.96631979942322,0,4.88617935350963,0,3.52794384161631,0,3.00183453559875,16.7395237854549,0,0,0,0,0,0,0,0,0,0,0,0,0,0,0,0,0,0,0,7.25420907994625,0,11.7035513546868,0,0
0,0,0,0,2.95159687995911,0,4.14385418097178,0,0,0,0,0,3.24072614530238,0,0,0,0,0,0,0,0,0,0,0,0,0,0,0,0,0,0,0,0,0,0,0,0,0,0,0,0,0,0,0,0,0,0,0,0,0,0,0,0,0,0,0,0,0,3.92212940377799,0,0,0,0,0,0,0,0,0,0,0,0,0,0,0,0,0,0,0,0,0,0,0,3.55578089983035,3.13935327529907,0,0,0
0,0,0,0,0,0,0,3.44937244958656,0,0,0,4.20468337639518,0,3.00193848609924,0,0,0,0,0,0,0,0,0,0,0,0,0,0,0,0,0,0,0,0,0,0,0,0,0,0,0,0,0,0,0,0,0,0,0,0,0,3.09476447105408,0,0,0,0,0,3.13361688454946,0,0,0,0,0,0,0,0,0,0,0,0,0,0,0,0,0,0,0,0,0,0,0,0,3.07801814079285,0,0,0,0
4.91990123670687,0,15.1347815990448,0,3.10453113487789,0,0,0,6.29358444800512,0,0,0,0,0,0,0,0,0,0,0,0,0,0,0,7.34732036126985,0,0,0,0,0,0,0,0,0,0,0,39.6823425292969,0,6.96196729165536,0,0,0,45.9599177042643,0,0,0,43.293892288208,0,40.900749206543,0,0,0,0,0,0,0,0,0,0,0,0,0,0,0,0,0,0,7.46422417108807,0,0,0,0,0,0,0,0,0,0,0,0,0,5.63455735312568,11.5690420292042,0,30.2729159103432,0,0
0,4.39615478515625,0,4.02926270167033,0,0,0,0,0,5.15437443828151,0,0,0,0,0,0,0,0,0,0,0,0,0,4.15023950168065,0,0,0,0,0,0,0,0,0,0,0,0,0,12.867717015972,0,0,0,12.584952271503,0,0,0,0,0,0,0,0,0,2.96631979942322,0,0,0,0,0,0,0,0,0,0,0,0,0,0,4.6352165316542,0,0,0,0,0,0,0,0,0,0,0,0,0,11.5404711207169,0,11.7825905680656,0,12.6840399155334,0,0
15.249055457565,0,0,0,15.5211372375488,0,4.84747184525936,0,16.7086624417986,0,4.34113783358362,0,3.21439672625342,0,9.66508674621582,0,0,0,35.4867296218872,0,15.6035907981742,0,0,0,0,0,0,0,0,0,4.87919248604193,0,0,0,0,0,16.1271204948425,0,3.37061645673669,0,0,0,16.0415082958378,0,0,0,43.5293345451355,0,18.8212017269418,0,7.5168752140469,0,0,0,0,0,0,0,6.97620354519982,0,9.09758563836416,0,0,14.5943352243075,0,0,0,0,0,0,0,15.2868410746257,0,11.3909884304311,0,0,0,0,0,35.3571064812796,0,0,23.9076616992571,0,9.79497682468624,0,12.6880722960381
0,20.1787635485331,0,15.8433975084328,0,0,0,5.27943506836891,0,19.8393516540527,0,5.89753684707412,0,0,0,0,0,0,21.1018923943087,3.2633433001382,0,0,0,0,0,0,0,0,0,2.95278787612915,0,0,0,0,0,0,0,0,0,39.2236591836681,0,14.2459961009192,0,0,0,23.9039304203595,0,0,0,54.4492295583089,0,4.88617935350963,0,3.13361688454946,0,0,0,0,0,0,0,0,8.51701844047954,0,0,0,0,0,0,0,0,0,7.57969456627255,0,0,0,0,0,47.1766020733377,0,0,0,20.5221921605353,0,8.43652933641168,14.9090816825628,0
0,0,9.91723932538714,0,3.40844903216266,0,4.09023069573003,0,8.55155086517334,0,2.92477571964264,0,3.59953024963927,0,3.83021134603769,0,0,0,0,0,23.758279800415,0,0,0,0,0,0,0,0,0,0,0,0,0,0,0,0,0,0,0,0,0,0,0,0,0,45.0160350799561,0,8.7992798941476,0,0,0,3.92212940377799,0,0,0,6.97620354519982,0,0,0,7.56890326499939,0,0,16.1561434268951,0,0,0,0,0,0,0,0,0,0,0,0,0,0,0,0,0,0,6.73336459165332,3.68462735414505,11.1303594974761,0,0
0,0,0,3.56081999838352,0,0,0,3.11308592557907,0,0,0,3.19738015261563,0,3.10131126065408,0,5.49050045013428,0,0,0,0,0,0,0,0,0,0,0,0,0,0,0,0,0,0,0,0,0,0,0,0,0,0,0,0,0,0,0,0,0,0,0,3.52794384161631,0,0,0,0,0,0,0,0,0,0,0,0,0,0,0,0,0,0,0,0,0,0,0,0,0,0,0,0,0,0,3.41568504680287,0,0,0,0
0,0,10.3034909675861,0,16.6125729878743,0,0,0,8.85973730954257,0,0,0,3.46592931747437,0,3.79587674827027,0,0,0,0,0,0,0,0,0,0,0,0,0,0,0,0,0,0,0,0,0,0,0,0,0,0,0,40.8271751403809,0,0,0,37.4544853210449,0,8.80385571557122,0,0,0,0,0,0,0,9.09758563836416,0,7.56890326499939,0,0,0,0,0,0,0,0,0,0,0,0,35.4484710693359,0,0,0,0,0,0,0,0,0,0,4.47016430634719,0,13.5772886975606,0,0
0,0,0,4.0114574432373,0,0,0,0,0,0,0,0,0,4.11603915691376,0,3.61188286504296,0,5.77056725819906,0,0,0,0,0,0,0,2.73446917533875,0,0,0,0,0,0,0,0,0,0,0,0,0,0,0,0,0,0,0,0,0,0,0,0,0,3.00183453559875,0,0,0,0,0,0,0,0,0,0,0,0,0,0,0,0,0,0,0,0,0,0,0,0,0,0,0,0,0,0,4.00511957377922,0,0,0,0
0,0,0,12.7253884106148,0,23.4427032470703,0,0,0,0,0,7.89246904850006,0,0,0,0,0,0,19.7685089111328,4.48522291864668,0,0,0,0,0,0,0,0,0,0,0,0,0,0,0,7.44075066413172,23.5589761000413,5.75114343383096,0,31.8159110546112,0,16.5610357920329,0,0,0,9.17562759193034,0,0,0,0,0,16.7395237854549,0,0,0,0,0,8.51701844047954,0,0,0,0,0,0,0,0,0,0,0,0,0,0,0,0,0,0,0,0,12.3849976090417,0,5.98513765957045,0,12.3767649023404,16.1987775166829,9.51811737480917,11.1195945739746,0
32.1850724587074,0,0,0,11.5849332809448,0,0,0,0,0,11.7787787573678,0,0,0,0,0,66.2656626275245,91.1519216299057,55.8992103963976,0,11.0889431270604,0,0,0,0,0,0,0,0,0,12.7970995903015,0,0,0,0,0,14.5100584054762,0,11.8589966012378,95.0010932639793,68.7975082397461,80.0116560799735,23.3717726169549,103.020469665527,24.8089487784249,82.2558441162109,11.9023060270007,0,0,0,0,0,0,0,0,0,14.5943352243075,0,16.1561434268951,0,0,0,0,0,0,0,0,0,0,0,0,33.33629322052,0,18.9036449451447,0,0,0,0,94.2109797247525,21.9866888395703,0,16.2021518866397,43.5111978385602,91.7709121704102,18.8014178560109,105.150436401367,34.6788731042077
0,0,0,0,0,0,0,0,0,0,0,0,0,0,0,0,77.5974044799805,21.1653990912856,35.1429138183594,0,0,3.97252170826043,0,6.33693981170654,0,13.3869194984436,0,0,0,0,0,0,0,0,0,0,0,3.91594394048055,0,0,0,0,0,0,0,0,0,0,0,8.645846421902,0,0,0,0,0,0,0,0,0,0,0,0,0,0,0,0,0,0,0,0,14.3773293495178,0,0,0,0,0,0,0,0,0,5.61293092576584,0,8.18774165663608,0,0,0,0
0,0,0,0,0,0,0,0,0,0,0,0,0,0,0,0,0,0,0,0,0,6.12388134002686,3.5676224301512,0,4.89509570030939,0,3.55667496742086,0,0,0,0,0,0,0,0,0,0,0,5.18049326964787,0,0,0,0,0,0,0,0,0,17.1785600185394,0,0,0,0,0,0,0,0,0,0,0,0,0,0,0,0,0,0,4.01722510959716,0,2.91030962765217,0,0,0,0,0,0,0,0,0,0,0,5.91279376982564,3.71497376682689,2.96055483818054,0,0,0
0,0,0,0,0,0,0,0,0,0,0,0,0,0,0,0,0,0,0,0,0,3.86708286175361,0,3.35254123713404,0,0,0,0,0,0,0,0,0,0,0,0,0,12.3397537410259,0,0,0,14.3117535331032,0,0,0,0,0,0,0,6.38785353365878,0,0,0,0,0,4.6352165316542,0,0,0,0,0,0,0,0,0,0,0,0,0,0,0,0,0,0,0,0,0,0,0,0,9.88407040517265,0,21.5911154747009,0,12.2718357044859,0,0
0,0,0,0,0,0,0,0,24.3373235066732,0,0,0,0,0,0,0,0,0,0,0,0,0,3.44161313207526,0,3.70407421862493,0,0,0,0,0,0,0,0,0,0,0,0,0,7.53747510881326,0,0,40.3738174438477,38.168571472168,0,0,0,0,26.4774398803711,11.3031258847978,0,0,0,0,0,7.46422417108807,0,0,0,0,0,0,0,0,0,0,4.01722510959716,0,0,0,0,0,0,0,0,0,0,0,0,0,0,0,7.35150861874244,12.9703502178192,0,8.82096305897361,0,0
0,0,0,0,0,0,0,0,0,0,0,0,0,0,0,0,0,3.03503377238909,0,0,0,10.4607022603353,0,0,0,0,0,0,0,0,0,0,0,0,0,0,0,0,0,0,0,0,0,0,0,0,0,0,0,0,0,0,0,0,0,0,0,0,0,0,0,0,0,0,0,0,0,0,0,0,0,0,0,0,0,0,0,0,0,0,0,0,8.9500617980957,0,0,0,0
0,0,0,0,0,0,0,0,2.74648571014404,0,0,0,0,0,2.7476851940155,0,4.39968307628188,0,0,0,0,0,0,0,3.22954181262425,0,3.18705381338413,0,0,0,0,0,0,0,0,0,0,0,0,0,0,0,0,0,0,0,0,0,0,0,0,0,0,0,0,0,0,0,0,0,0,0,0,0,0,2.91030962765217,0,0,0,0,0,0,0,0,0,0,0,0,0,0,0,0,3.80237916840447,0,0,0,0
0,0,0,0,0,0,0,0,0,0,0,0,0,0,0,0,0,0,0,0,0,2.85990805096096,0,0,0,0,0,3.08480541706085,0,0,0,0,0,0,0,0,0,0,0,0,0,0,0,0,0,0,0,0,0,10.6384728431702,0,0,0,0,0,0,0,0,0,0,0,0,0,0,14.3773293495178,0,0,0,0,0,0,0,3.69320917129517,0,0,0,0,0,0,0,10.340632818158,0,0,0,0,0,0
0,0,0,0,0,0,0,0,0,0,0,0,0,0,0,0,0,0,32.3413543701172,0,0,0,0,0,0,0,0,0,2.96027096112569,0,0,0,0,0,0,0,0,0,0,0,0,0,16.9391671021779,0,0,0,44.653491973877,0,22.1184608340263,0,0,0,0,0,0,0,15.2868410746257,0,0,0,35.4484710693359,0,0,33.33629322052,0,0,0,0,0,0,0,0,0,6.47628992795944,0,0,0,0,0,0,0,5.18330548206965,26.7208818708147,0,19.3814744732597,0,13.6278558731079
0,0,0,0,0,0,0,0,0,0,0,6.70312336087227,0,0,0,0,0,0,0,0,0,0,0,0,0,0,0,0,0,2.89830879854962,0,0,0,0,0,0,0,2.89948895013877,0,0,0,0,0,0,0,0,0,0,0,7.67044666643893,0,0,0,0,0,0,0,7.57969456627255,0,0,0,0,0,0,0,0,0,0,0,0,3.69320917129517,0,0,0,0,0,0,0,0,0,6.54676940710356,0,0,0,0,0,0
27.3723065512521,0,0,0,0,0,0,0,0,0,7.20008906126022,0,0,0,38.5721435546875,0,52.3083686313114,83.2840016682943,40.0223223491065,0,34.4499716714164,0,0,0,0,0,0,0,0,0,3.54404918466295,0,0,0,0,0,0,0,2.96794131142753,89.7284942626953,69.2613182067871,84.0610237121582,16.2759713874659,0,0,0,45.4035199737549,0,18.3247483659674,0,0,0,0,0,0,0,11.3909884304311,0,0,0,0,0,0,18.9036449451447,0,0,0,0,0,0,0,6.47628992795944,0,0,0,0,0,0,93.1694381713867,48.4326624123447,0,3.21325444861462,24.2201055589613,0,20.9065132257297,0,14.3871089721072
0,0,0,0,0,0,0,0,0,0,0,0,0,0,0,0,0,0,0,0,0,0,0,0,0,0,0,0,0,0,0,3.52739920633302,0,5.97811333901847,0,2.74685604572296,0,0,0,0,0,0,0,0,0,0,0,3.85464538846697,0,0,0,0,0,0,0,0,0,0,0,0,0,0,0,0,0,0,0,0,0,0,0,0,0,0,0,0,6.09421424310696,0,0,0,0,0,5.23416376113892,0,0,0,0
0,0,0,0,0,0,0,0,0,0,0,0,0,0,0,0,0,0,0,0,0,0,0,0,0,0,0,0,0,0,0,3.28474517110028,3.63843395464232,0,0,0,2.95455442156111,0,0,0,0,0,0,0,0,0,0,3.71589731399459,4.44385814666748,0,0,0,0,0,0,0,0,0,0,0,0,0,0,0,0,0,0,0,0,0,0,0,0,0,0,0,0,4.58116415104125,0,5.88588406219159,0,0,3.02024478431142,0,0,0,0
0,0,0,0,0,0,0,0,0,0,0,0,0,0,0,0,0,0,0,0,0,0,0,0,0,0,0,0,0,0,0,4.14090460565593,0,4.91457021270973,3.44451100686017,4.64069857846859,0,3.3926843549266,2.96243190765381,0,0,0,0,0,0,0,0,4.63975171248118,0,0,0,0,0,0,0,0,0,0,0,0,0,0,0,0,0,0,0,0,0,0,0,0,0,0,6.09421424310696,0,0,6.10546731948853,5.43592578291893,0,5.81071672720068,0,3.43912112151141,0,0,0,0
0,0,0,0,0,0,0,0,0,0,0,0,0,0,0,0,0,0,0,0,0,0,0,0,0,0,0,0,0,0,0,0,0,4.99108100123946,4.04573941420458,0,3.63304622098804,0,5.12741988638173,0,0,0,0,0,0,0,0,4.15603234409507,5.79525637626648,0,0,0,0,0,0,0,0,0,0,0,0,0,0,0,0,0,0,0,0,0,0,0,0,0,0,4.58116415104125,6.10546731948853,0,0,4.13957750797272,0,4.74657677356794,4.22122404310438,0,0,0,0
0,32.7853962898254,0,34.3511619567871,0,0,0,0,0,0,0,0,0,0,0,0,78.442555893792,72.4020573612981,52.6616958005251,7.35579185052352,90.9541893005371,0,0,0,0,0,0,0,0,0,0,4.95725920627447,0,7.47698789456996,0,6.15687746778934,38.2654087781906,5.65261767753239,80.949738184611,58.2223268826364,109.432383219401,28.5470845232627,116.838494618734,29.0374551419013,0,17.1905971357798,90.9667269824302,5.90026129469459,0,4.44001952807109,0,0,0,0,0,0,0,47.1766020733377,0,0,0,0,12.3849976090417,94.2109797247525,0,0,0,0,0,0,0,0,0,93.1694381713867,0,0,5.43592578291893,0,0,97.6577438084425,9.04235528419758,101.79258875693,24.6241357210026,4.62830518540882,42.1773941006294,25.2820778184583,91.4332030160086
37.9679962134943,65.9868621826172,0,0,0,0,0,0,36.9866218566895,0,0,0,0,0,0,0,68.6198040274687,87.1118868937535,50.6981942303573,0,13.8998400316789,0,101.501998901367,0,0,0,0,0,0,0,0,0,5.00099267278399,0,3.20986227919586,6.10370262125705,5.88944208928629,0,6.58026300817226,98.4030947598544,5.48748182755441,81.7298991991126,23.5687302651521,0,28.7018515146696,100.24197845459,19.1150790022692,6.12157347319805,5.40773240591193,0,0,0,0,0,0,0,35.3571064812796,0,0,0,0,0,0,21.9866888395703,0,0,0,0,0,0,0,0,0,48.4326624123447,0,5.88588406219159,0,4.13957750797272,97.6577438084425,0,0,6.5578770459017,39.2954816765967,38.3371558666229,18.1655924727067,0,24.8370163838069
0,28.8205604553223,0,0,0,0,0,0,0,14.5806580936962,0,4.1439684232076,0,0,0,0,0,94.1349639892578,32.6937277317047,6.30410289764404,0,5.31206256092185,0,7.70078504577125,0,0,0,2.85078918933868,0,0,0,0,0,6.11508989334106,0,7.78329284485615,0,4.96503734094915,0,48.2783966064453,0,8.48885189403187,0,0,0,18.4075055441845,0,5.93577921390533,0,6.42484926439101,0,0,0,0,0,11.5404711207169,0,0,0,0,0,0,5.98513765957045,0,5.61293092576584,0,9.88407040517265,0,0,0,10.340632818158,0,6.54676940710356,0,0,0,5.81071672720068,0,9.04235528419758,0,0,0,6.8786320777697,0,6.66465832630516,0,0
35.8695926969013,63.6226654052734,0,0,0,0,0,0,29.2420825958252,0,0,0,0,0,0,0,62.6603012411003,88.8625338673592,51.3329895394549,0,9.08477828758103,0,6.37284362227828,0,6.94585495202438,0,0,0,0,0,0,0,0,0,4.82423096648918,0,5.16686050299399,0,4.874792888183,100.040773073832,16.7121279239655,53.5873607635498,28.4278949458542,0,34.147485309177,91.8139743804932,30.3605724552354,8.73098993518531,4.91646691150963,34.0186195373535,0,0,0,0,5.63455735312568,0,0,0,0,0,0,0,0,16.2021518866397,0,5.91279376982564,0,7.35150861874244,0,0,0,5.18330548206965,0,3.21325444861462,0,0,0,4.74657677356794,101.79258875693,6.5578770459017,0,0,22.0207988812983,26.9692866802216,31.5978396393412,88.3373718261719,17.9793559357385
12.2650456428528,5.92765076090429,18.1606813735026,10.7383842360062,3.66166979553056,5.89206839772885,3.4088378479919,3.25444846714244,4.71665986618364,4.9487309503696,3.87504692171134,5.16299834953164,3.55725271143812,3.67229735236807,4.6758444359428,3.48845584150674,16.099089975085,15.741308190645,20.9432538246655,11.8269926248812,11.6992673116945,5.48755681769928,4.95757238203898,13.8002315868031,6.51879048068621,7.11537560915838,6.9153803731456,0,0,2.84591481996619,2.82236484380869,4.69053275109557,3.07236918580606,3.59434105435463,3.38353499439028,4.74513168083181,4.07871838067975,5.43092131134987,6.98609508486909,50.2716351902043,47.0692473065322,16.2815460863978,15.1508227744336,23.7671659039516,9.79808940206255,40.8309779848371,44.9489267553602,7.63665315995064,11.4242356367525,10.625681292777,3.58878755569458,7.25420907994625,3.55578089983035,3.07801814079285,11.5690420292042,11.7825905680656,23.9076616992571,20.5221921605353,6.73336459165332,3.41568504680287,4.47016430634719,4.00511957377922,12.3767649023404,43.5111978385602,8.18774165663608,3.71497376682689,21.5911154747009,12.9703502178192,8.9500617980957,3.80237916840447,0,26.7208818708147,0,24.2201055589613,5.23416376113892,3.02024478431142,3.43912112151141,4.22122404310438,24.6241357210026,39.2954816765967,6.8786320777697,22.0207988812983,0,4.48970928060562,19.0636471940291,19.302392319843,15.2521854642733
0,0,0,0,9.27869415283203,3.79682540893555,4.10876336850618,0,0,11.9687576293945,0,5.47186871578819,3.13218382994334,0,4.23047256469727,2.74168062210083,14.8158269312498,17.0574787003653,47.6717978583442,0,9.08045807192402,4.13067650794983,3.85590638564183,0,0,0,0,0,0,0,2.8865582148234,0,0,0,0,4.50522958735333,4.02136578148218,5.75193553221853,2.9909219308333,81.4456748962402,0,15.7499513626099,0,0,0,0,85.4983596801758,6.86274824142456,0,17.2834224700928,0,0,3.13935327529907,0,0,0,0,0,3.68462735414505,0,0,0,16.1987775166829,91.7709121704102,0,2.96055483818054,0,0,0,0,0,0,0,0,0,0,0,0,4.62830518540882,38.3371558666229,0,26.9692866802216,4.48970928060562,0,15.4366316199303,0,67.5473499298096
11.3739734239639,18.3924995416945,22.0929104821724,18.2623896808166,19.7188763242019,15.3375560727101,0,0,37.6664009548369,9.68423026686038,0,0,0,0,17.5963647903935,0,62.1274161074146,64.136727981463,35.9065776471137,4.81264538684134,16.7735683862553,0,57.9066467285156,9.02965052104464,9.96903121232986,72.2816848754883,0,0,0,0,0,8.54981994628906,0,0,0,18.5754244020866,17.4413652336787,7.95526630699136,7.27413354215459,18.7359973516367,17.859796448537,16.2708533022102,12.8011673359511,17.0527626974829,15.3277791894001,20.6166397464231,16.7482254938929,7.86211881870372,9.78896838908288,10.4080287657393,11.7911414688016,11.7035513546868,0,0,30.2729159103432,12.6840399155334,9.79497682468624,8.43652933641168,11.1303594974761,0,13.5772886975606,0,9.51811737480917,18.8014178560109,0,0,12.2718357044859,8.82096305897361,0,0,0,19.3814744732597,0,20.9065132257297,0,0,0,0,42.1773941006294,18.1655924727067,6.66465832630516,31.5978396393412,19.0636471940291,15.4366316199303,0,14.9485256566798,16.3740290038331
0,14.4133795224703,0,16.4191506764828,0,0,0,0,0,0,0,0,0,0,0,0,67.6525554656982,47.1979027748108,19.5353140389816,0,0,0,0,0,0,0,0,0,0,0,0,0,0,0,0,0,0,0,0,21.6146374220562,0,10.7724167753569,55.2184715270996,10.0722922086716,0,30.5191688537598,75.6098027229309,0,0,10.1697123634894,0,0,0,0,0,0,0,14.9090816825628,0,0,0,0,11.1195945739746,105.150436401367,0,0,0,0,0,0,0,0,0,0,0,0,0,0,25.2820778184583,0,0,88.3373718261719,19.302392319843,0,14.9485256566798,0,0
19.7282752990723,0,21.5055675506592,0,0,0,0,0,0,0,0,0,0,0,0,0,44.2501583099365,64.297089060799,23.7051410965508,0,67.2090616226196,0,0,0,0,0,0,0,0,0,0,0,0,0,0,0,38.9962387084961,0,0,107.565666892312,18.7836390052043,76.0142164230347,12.1910342120349,0,13.0392475494972,105.202713012695,44.5167132980969,0,18.478924046392,0,0,0,0,0,0,0,12.6880722960381,0,0,0,0,0,0,34.6788731042077,0,0,0,0,0,0,0,13.6278558731079,0,14.3871089721072,0,0,0,0,91.4332030160086,24.8370163838069,0,17.9793559357385,15.2521854642733,67.5473499298096,16.3740290038331,0,0
