0,0,0.164209075193656,0,0,0,0,0,0.145546198212074,0,0,0,0,0,0,0,0.278015888730685,0,0.246551714837551,0,0,0,0,0,0,0,0,0,0,0,0,0,0,0,0,0,0.308708965778351,0,0.201817044009597,0,0.420636157194773,0,0.267055981465288,0,0,0,0.32313197851181,0,0.241540197436124,0,0,0,0,0,0.12510516143897,0,0.224632134394986,0,0.213016466703266,0,0.14814501007398,0,0,0,0,0,0,0.141379524255171,0,0,0,0.25823276117444,0,0.280799832608965,0,0,0,0,0,0.348299380391836,0,0.336965519189835,0.227018022571098,0,0.270479725120457,0,0
0,0,0,0.165638983834024,0,0,0,0,0,0.173996328412207,0,0.325512290000916,0,0,0,0.175981178879738,0.336918026208878,0.32722081102076,0.327109738808088,0,0,0,0,0.23223714530468,0,0,0,0,0,0,0,0,0,0,0,0.373706887165705,0,0,0,0.464020425081253,0,0.239185887677916,0,0,0,0.422418117523193,0,0,0,0.16424445976736,0,0,0,0,0,0.165640037756758,0,0.32898661688618,0,0,0,0.185332283377647,0.335956513881683,0,0,0,0.18055450762896,0,0,0,0,0,0.379758130759001,0,0,0,0,0,0.435140775222527,0.374622821807861,0.452638559043407,0,0.200988545781001,0.259093731641769,0.209414837328163,0.274297595024109,0
0.164209075193656,0,0,0,0.15198259614408,0,0,0,0.155673234732378,0,0,0,0,0,0,0,0,0,0.237598106265068,0,0,0,0,0,0,0,0,0,0,0,0,0,0,0,0,0,0.287159413099289,0,0.214014586061239,0,0.320258289575577,0,0.244299376383424,0,0,0,0.240920174866915,0,0.185114271317919,0,0.193699960023333,0,0,0,0.169027810295423,0,0.249452918767929,0,0.255060523748398,0,0.22823944936196,0,0,0.187941180971953,0,0,0,0,0,0,0,0.25618608891964,0,0.261153021710925,0,0,0,0,0,0.293868158012629,0,0.296745306679181,0.215522693218412,0,0.235244323520317,0,0
0,0.165638983834024,0,0,0,0.213999252766371,0,0,0,0.153330096239302,0,0.302934437990189,0,0,0,0,0.258461594581604,0,0.273969540993373,0.274820446968079,0,0,0,0,0,0,0,0,0,0,0,0,0,0,0,0.304726488888264,0.220921953519185,0.212777651846409,0,0.269511055822174,0,0.277214447010515,0.268685221672058,0,0,0.246448551863432,0.247152601679166,0,0.252102991938591,0.2489068573024,0,0.219714370259291,0,0,0,0.171831835824323,0,0.277101041211578,0,0.25107622448657,0,0.223838193660573,0.285099221600427,0,0,0,0,0,0,0,0,0,0.311620592366992,0.2743821144104,0,0,0,0,0.327456296027244,0,0.340224295854568,0,0.193892272558772,0.238225585357709,0.266258963826044,0.244101249745914,0
0,0,0.15198259614408,0,0,0,0,0,0,0,0,0,0,0,0,0,0,0,0,0,0.143665618491623,0,0,0,0,0,0,0,0,0,0,0,0,0,0,0,0.139511679609617,0,0,0,0.272301003336906,0,0.246034021178881,0,0,0,0.270250082015991,0,0.217075631022453,0,0.1866633346383,0,0,0,0,0,0.220141161571849,0,0.178252939183217,0,0,0,0,0.183030858635902,0,0,0,0,0,0,0,0,0,0.235981160402298,0,0,0,0,0,0.257912181317806,0,0.259851947426796,0.164287626577748,0.205387975681912,0.176175274147141,0,0
0,0,0,0.213999252766371,0,0,0,0.169643193930387,0,0,0,0,0,0,0,0,0,0,0,0.17540678958739,0,0,0,0,0,0,0,0,0,0,0,0,0,0,0,0.115511633455753,0,0,0,0,0,0.254425674676895,0,0,0,0,0,0,0,0.236386984586716,0,0.220963313787235,0,0,0,0,0,0.232059881091118,0,0,0,0,0.159487400542606,0,0,0,0,0,0,0,0,0,0,0,0,0,0,0,0,0,0,0,0.172291735686907,0.188489402838569,0.248250665651126,0,0
0,0,0,0,0,0,0,0,0,0,0.180471369996667,0,0,0,0,0,0,0,0,0,0,0,0,0,0,0,0,0,0,0,0,0,0,0,0,0,0,0,0,0,0,0,0,0,0,0,0,0,0,0,0.185586013254665,0,0.191926238775717,0,0,0,0.201105645378167,0,0.169490446173053,0,0,0,0,0,0,0,0,0,0,0,0,0,0,0,0,0,0,0,0,0,0,0,0.158871918916702,0,0,0,0
0,0,0,0,0,0.169643193930387,0,0,0,0,0,0,0,0.141301356256008,0,0,0,0,0,0.168519139289856,0,0,0,0,0,0,0,0,0,0,0,0,0,0,0,0.169350109994411,0,0,0,0,0,0,0,0,0,0,0,0,0,0,0,0.180239214272486,0,0.1269810795784,0,0,0,0.204096640563673,0,0.131098952430945,0,0,0.179160360246897,0,0,0,0,0,0,0,0,0,0,0,0,0,0,0,0,0,0,0,0.178459928530018,0,0,0,0
0.145546198212074,0,0.155673234732378,0,0,0,0,0,0,0,0,0,0,0,0.139841593801975,0,0.149229118015976,0.178952856705739,0.203525415238212,0,0,0,0,0,0.179428559417526,0,0,0,0,0,0,0,0,0,0,0,0,0,0.163153059124947,0,0.31845024228096,0,0.2429834493136,0,0,0,0.222192078828812,0,0.198404567316175,0,0,0,0,0,0.169739674460202,0,0.263605093672162,0,0,0,0.221260277880836,0,0,0.206710572044055,0,0,0,0.142800159857802,0,0.16584837436676,0,0.297598441441854,0,0.298103824257851,0,0,0,0,0,0.2792097017169,0,0.218243652246368,0.213934598407548,0.21546634322121,0.169004815816879,0,0
0,0.173996328412207,0,0.153330096239302,0,0,0,0,0,0,0,0,0,0,0,0.164300994637112,0,0.161438637413085,0.238598745316267,0,0,0,0,0.183436531003784,0,0.161589201539755,0,0,0,0,0,0,0,0,0,0,0,0.211188993828241,0,0,0,0.206586256623268,0.281733304262161,0,0,0,0,0,0,0.16640007566838,0,0.20428964048624,0,0,0,0.205413238590639,0,0,0,0,0,0.19869936394623,0,0,0,0,0.206009904065957,0,0.15829162299633,0,0,0,0,0,0,0,0,0,0,0,0,0,0.18541795658584,0.18457468009064,0.164137971483999,0,0
0,0,0,0,0,0,0.180471369996667,0,0,0,0,0,0.138802052009851,0,0,0,0,0,0,0,0.155546170141962,0,0,0,0,0,0,0,0,0,0.225330066680908,0,0,0,0,0,0.132462198917682,0,0.139173549330123,0,0,0,0,0,0,0,0,0,0,0,0,0,0.181770250201225,0,0,0,0.209404888037197,0,0.152373179370029,0,0,0,0,0,0,0,0,0,0,0,0,0.137966268828937,0,0,0,0,0,0,0,0.152635380625725,0,0.12407706429561,0.169229161332954,0,0,0,0
0,0.325512290000916,0,0.302934437990189,0,0,0,0,0,0,0,0,0,0.150139676467065,0,0,0,0.32061555981636,0.375809028744698,0.163378701179292,0,0,0,0,0,0,0,0.153579026460648,0,0.121478124521673,0,0,0,0,0,0.159367889073896,0,0.147043340907733,0,0.244437485933304,0,0.332237203915914,0,0,0,0.31066174308459,0,0,0,0,0,0.293526162703832,0,0,0,0,0,0.218776167488257,0,0.161330366514966,0,0,0.167844230019384,0,0,0,0,0,0,0,0.168330645188689,0,0.188204812614814,0,0,0,0,0,0.144515916506449,0,0.164458266148965,0,0.187293219465947,0.301052987575531,0.361276388168335,0,0
0,0,0,0,0,0,0,0,0,0,0.138802052009851,0,0,0,0.149001162913111,0,0,0,0,0,0,0,0,0,0,0,0,0,0,0,0,0,0,0,0,0,0,0,0,0,0,0,0.288822025060654,0,0,0,0,0,0.231877139536664,0,0,0,0,0,0,0,0.186551317949838,0,0.185741919713716,0,0.215392576387295,0,0,0,0,0,0,0,0,0,0,0.246826580166817,0,0.253613084554672,0,0,0,0,0,0,0,0,0.128960363566875,0.162492454051971,0.288072743222245,0,0
0,0,0,0,0,0,0,0.141301356256008,0,0,0,0.150139676467065,0,0,0,0.181142784135286,0,0.101710438728333,0,0,0,0,0,0,0,0,0,0.161196322668166,0,0.155425529927015,0,0,0,0,0,0,0,0,0,0,0,0,0,0,0,0,0,0,0,0,0,0.242161870002747,0,0,0,0,0,0.168004646897316,0,0.158195011412174,0,0.234043012062709,0,0,0,0,0,0,0,0,0.170612759888172,0,0,0,0,0,0,0,0,0,0,0,0.160899320953205,0.202450554197033,0,0,0
0,0,0,0,0,0,0,0,0.139841593801975,0,0,0,0.149001162913111,0,0,0,0.145741852266448,0.167289262016614,0,0,0,0,0,0,0,0,0,0,0,0,0,0,0,0,0,0,0,0,0,0.277422100305557,0,0,0,0,0,0,0,0,0.201650201957277,0,0,0,0,0,0,0,0,0,0.209670335054398,0,0.197056875125436,0,0,0,0,0,0,0,0,0,0,0,0,0,0,0,0,0,0,0,0,0,0.172640616393036,0.18261192555611,0.269742557406425,0,0
0,0.175981178879738,0,0,0,0,0,0,0,0.164300994637112,0,0,0,0.181142784135286,0,0,0,0.138149382606629,0,0,0,0,0,0,0,0,0,0,0,0,0,0,0,0,0,0,0,0,0,0,0,0,0,0,0,0,0,0,0,0,0,0,0,0,0,0.183750621320909,0,0,0,0.209597795855167,0,0.193309782210149,0,0,0,0,0,0,0,0,0,0,0,0,0,0,0,0,0,0,0,0,0.145752050484834,0.151914233746736,0.182111814618111,0,0
0.278015888730685,0.336918026208878,0,0.258461594581604,0,0,0,0,0.149229118015976,0,0,0,0,0,0.145741852266448,0,0,0.16630107962756,0.272406923064413,0,0,0.178873045434212,0.126904457107059,0,0.189156778156757,0.169511725150404,0.141478341471936,0,0,0,0,0,0,0,0,0.348546005785465,0.348869755864143,0,0,0.290298590038577,0.339909095194314,0.26984220381294,0.260578890768241,0.279996156692505,0.251907706741364,0.287634548086386,0.291752858622239,0,0.250791013240814,0,0,0,0,0,0,0,0.332424571116765,0.321881128983064,0,0,0,0,0.327810689806938,0.287929960698993,0,0.132061749696732,0,0,0,0.125373173505068,0,0.332769155502319,0.34422093629837,0.349417042732239,0,0,0,0,0.334932932863012,0.335044953734317,0.361740622917811,0.369833403942632,0.209972170116569,0.21644789017843,0.330639498891743,0.257282610122974,0.267221812927534
0,0.32722081102076,0,0,0,0,0,0,0.178952856705739,0.161438637413085,0,0.32061555981636,0,0.101710438728333,0.167289262016614,0.138149382606629,0.16630107962756,0,0.263808196376021,0,0,0.206324573442246,0,0.190693680047989,0.159429863095284,0.1716463132349,0.151181165128946,0,0,0,0,0,0,0,0,0.32644085586071,0.296656534075737,0,0,0.291246080613998,0.321098535814706,0.26468970600901,0.247464708640025,0.262169533305698,0.239573691040277,0.28782642600329,0.276915021429333,0,0,0,0,0,0,0,0,0.146086873486638,0.334602316220601,0.322809737175703,0,0,0,0.137830002233386,0.317436844110489,0.277079878182247,0.184224084387591,0,0.143548205494881,0,0.135566521435976,0,0,0,0.339368293682734,0.324007332324982,0,0,0,0,0.329560150051939,0.315938641856375,0.362554098600927,0.332103163003922,0.201344488717594,0.193183767994351,0.308534376796959,0.259907358206145,0.256643784317103
0.246551714837551,0.327109738808088,0.237598106265068,0.273969540993373,0,0,0,0,0.203525415238212,0.238598745316267,0,0.375809028744698,0,0,0,0,0.272406923064413,0.263808196376021,0,0,0,0.231571323238313,0,0,0,0.227151473984122,0,0,0,0,0,0,0,0,0,0.37246542107569,0.358309346809983,0,0.209553241729736,0.318651827625853,0.363105432470263,0.259457004829544,0.244422265776881,0.230359647955213,0.22245004356784,0.30558547559784,0.31756166394536,0,0.33931632404742,0.21288078725338,0,0,0,0,0,0.252342807129025,0.347297303165708,0.362272439101453,0.270103186368942,0,0,0,0.33360616962115,0.294886603614069,0,0,0,0,0,0,0,0.350928282195872,0.374951349224074,0.348535650335582,0,0,0,0,0.371880073841113,0.366225999143888,0.415622517466545,0.396290923710223,0.239479125359221,0.233749206929371,0.35174861351554,0.25645482471672,0.255357278940769
0,0,0,0.274820446968079,0,0.17540678958739,0,0.168519139289856,0,0,0,0.163378701179292,0,0,0,0,0,0,0,0,0,0,0,0,0,0,0,0,0,0,0,0,0,0,0,0.156985907459899,0,0.147701264470816,0,0,0,0,0,0,0,0.261626234209096,0,0,0,0,0,0.237291302531958,0,0,0,0,0,0.1963192762769,0,0,0,0,0.170281312592196,0,0,0,0,0,0,0,0,0,0,0,0,0,0,0,0.205451648670964,0,0.25273560360074,0,0.190843025196905,0.220874041318893,0.230290283895519,0,0
0,0,0,0,0.143665618491623,0,0,0,0,0,0.155546170141962,0,0,0,0,0,0,0,0,0,0,0,0,0,0,0,0,0,0,0,0,0,0,0,0,0,0.154316291986593,0,0.172248149494163,0,0.200260445475578,0,0,0,0,0,0,0,0.197216302156448,0,0.140797292032549,0,0,0,0,0,0.144807214171372,0,0,0,0,0,0,0.201045686527221,0,0,0,0,0,0,0,0,0,0,0,0,0,0,0,0.207029664487231,0,0.226857095956802,0.165924273664132,0.194825372525624,0.217208165164087,0,0
0,0,0,0,0,0,0,0,0,0,0,0,0,0,0,0,0.178873045434212,0.206324573442246,0.231571323238313,0,0,0,0.139947342955479,0.158131447769701,0,0.162666485382768,0,0.13224630355835,0,0,0,0,0,0,0,0,0,0.147586705799239,0.131275774911046,0,0,0.222028642892838,0,0,0,0,0.287985980510712,0,0,0.25648448479139,0,0,0,0,0,0,0,0,0,0,0,0,0,0,0.165656953577726,0.159103497751613,0.198008879146755,0,0.154207714067565,0,0,0,0,0,0,0,0,0,0,0,0.193275764812156,0,0.15476427266216,0.207175448536873,0.358670562505722,0,0
0,0,0,0,0,0,0,0,0,0,0,0,0,0,0,0,0.126904457107059,0,0,0,0,0.139947342955479,0,0,0.16575411524285,0,0,0,0.151226297020912,0,0,0,0,0,0,0,0,0,0.233875069740436,0,0,0,0,0,0,0,0,0,0.245497789871585,0,0,0,0,0,0,0,0,0,0,0,0,0,0,0,0.176173207246595,0.201741610631117,0,0.148384075325269,0,0.219474539160728,0,0,0,0,0,0,0,0,0,0,0,0.26196037903323,0.145425218453501,0.135727299513358,0,0,0
0,0.23223714530468,0,0,0,0,0,0,0,0.183436531003784,0,0,0,0,0,0,0,0.190693680047989,0,0,0,0.158131447769701,0,0,0,0.190422372405346,0,0,0,0,0,0,0,0,0,0,0,0.109227501290261,0,0,0,0,0,0,0,0,0,0,0,0.205203623725818,0,0,0,0,0,0.207325970737446,0,0,0,0,0,0.21320217655551,0,0,0.14898462167808,0,0.168730846160967,0,0.16705449812469,0,0,0,0,0,0,0,0,0,0,0,0.176244568134494,0,0.186361890427674,0,0.159561276435852,0,0
0,0,0,0,0,0,0,0,0.179428559417526,0,0,0,0,0,0,0,0.189156778156757,0.159429863095284,0,0,0,0,0.16575411524285,0,0,0,0.136270948818752,0,0,0,0,0,0,0,0,0,0,0,0.157273222119189,0,0,0,0,0,0,0,0,0,0,0,0,0,0,0,0.182987608272454,0,0,0,0,0,0,0,0,0,0,0.170989908137411,0,0.154972500727861,0,0.170913055539131,0,0,0,0,0,0,0,0,0,0,0,0.260450994216123,0.191754331300547,0.137343056499958,0.14430271089077,0,0
0,0,0,0,0,0,0,0,0,0.161589201539755,0,0,0,0,0,0,0.169511725150404,0.1716463132349,0.227151473984122,0,0,0.162666485382768,0,0.190422372405346,0,0,0,0.128255520902929,0,0,0,0,0,0,0,0,0,0,0,0,0,0,0,0,0,0,0,0,0,0,0,0,0,0,0,0,0,0,0,0,0,0,0,0,0.166493397206068,0,0.198635015947123,0,0.140361547803701,0,0.151411842554808,0,0,0,0,0,0,0,0,0,0,0,0.171086813464309,0,0,0,0
0,0,0,0,0,0,0,0,0,0,0,0,0,0,0,0,0.141478341471936,0.151181165128946,0,0,0,0,0,0,0.136270948818752,0,0,0,0,0,0,0,0,0,0,0,0,0,0,0,0,0,0,0,0,0,0,0,0,0,0,0,0,0,0,0,0,0,0,0,0,0,0,0,0,0.147024335463842,0,0.241363406181335,0,0.155556616458026,0,0,0,0,0,0,0,0,0,0,0,0,0.123522762209177,0,0,0,0
0,0,0,0,0,0,0,0,0,0,0,0.153579026460648,0,0.161196322668166,0,0,0,0,0,0,0,0.13224630355835,0,0,0,0.128255520902929,0,0,0,0.160446867463179,0,0,0,0,0,0,0,0,0,0,0,0,0,0,0,0,0,0,0,0,0,0,0,0,0,0,0,0,0,0.154048729137457,0,0,0,0,0.17746140062809,0,0,0,0.175255007703196,0,0.168538531685664,0,0.179911998541732,0,0,0,0,0,0,0,0.267212480306625,0,0.147897104116587,0.146343447268009,0,0,0
0,0,0,0,0,0,0,0,0,0,0,0,0,0,0,0,0,0,0,0,0,0,0.151226297020912,0,0,0,0,0,0,0,0.139234546616853,0,0,0,0,0,0,0,0,0,0,0,0,0,0,0,0,0,0,0,0,0,0,0,0,0,0,0,0,0,0,0,0,0,0,0,0,0,0,0,0,0.23043652122392,0,0.186158895492554,0,0,0,0,0,0,0,0.152548774012498,0.161228060722351,0,0,0,0
0,0,0,0,0,0,0,0,0,0,0,0.121478124521673,0,0.155425529927015,0,0,0,0,0,0,0,0,0,0,0,0,0,0.160446867463179,0,0,0,0,0,0,0,0,0,0.201418385743085,0,0,0,0,0,0,0,0,0,0,0,0,0,0,0,0,0,0,0,0.155190285271819,0,0,0,0,0,0,0,0,0,0,0,0,0.162464560432868,0,0.216126388345746,0,0,0,0,0,0,0,0.18251324497294,0,0.148200427182019,0,0,0,0
0,0,0,0,0,0,0,0,0,0,0.225330066680908,0,0,0,0,0,0,0,0,0,0,0,0,0,0,0,0,0,0.139234546616853,0,0,0,0,0,0,0,0,0,0.206506714224815,0,0,0,0,0,0,0,0,0,0,0,0,0,0,0,0,0,0,0,0,0,0,0,0,0,0,0,0,0,0,0,0,0.16125467368593,0,0.204167559742928,0,0,0,0,0,0,0,0.19584233207362,0,0,0,0,0
0,0,0,0,0,0,0,0,0,0,0,0,0,0,0,0,0,0,0,0,0,0,0,0,0,0,0,0,0,0,0,0,0.172115785645713,0.186807200312614,0,0.236150147910354,0.166523464348005,0,0,0,0,0,0,0,0,0,0,0.479394681051008,0.557665762363696,0.485772767237255,0,0,0,0,0,0,0,0,0,0,0,0,0,0,0,0,0,0,0,0,0,0,0,0,0.217965000542458,0.14968776304601,0.181790709495544,0,0.309800223937926,0.366396665170386,0,0,0.1539744483307,0,0,0,0
0,0,0,0,0,0,0,0,0,0,0,0,0,0,0,0,0,0,0,0,0,0,0,0,0,0,0,0,0,0,0,0.172115785645713,0,0.18431259393692,0.262542485081135,0.165368924715689,0.144053515946043,0,0,0,0,0,0,0,0,0,0,0.291373092710735,0,0,0,0,0,0,0,0,0,0,0,0,0,0,0,0,0,0,0,0,0,0,0,0,0,0,0.201361656188965,0.194223510086631,0.148216649889946,0.384204771656256,0,0.292015959167539,0,0,0.216736529117975,0,0,0,0
0,0,0,0,0,0,0,0,0,0,0,0,0,0,0,0,0,0,0,0,0,0,0,0,0,0,0,0,0,0,0,0.186807200312614,0.18431259393692,0,0.179757017996352,0.161501801439694,0,0.204991956906659,0,0,0,0,0,0,0,0,0,0.251312005973285,0,0.448565979798635,0,0,0,0,0,0,0,0,0,0,0,0,0,0,0,0,0,0,0,0,0,0,0,0,0.195952480392797,0,0.196075360254794,0.175044592178386,0.17461839330745,0.294338609278202,0.19028295036143,0,0.194556634063306,0.206079523111212,0,0,0
0,0,0,0,0,0,0,0,0,0,0,0,0,0,0,0,0,0,0,0,0,0,0,0,0,0,0,0,0,0,0,0,0.262542485081135,0.179757017996352,0,0,0.15786944812333,0.165590029830734,0.158910349284003,0,0,0.640241861343384,0,0,0,0,0,0.325933280987641,0,0.595879203081131,0,0,0,0,0,0,0,0,0,0,0,0,0,0,0,0,0,0,0,0,0,0,0,0,0,0.317102875312169,0.168946737752241,0.218775848189111,0,0.277960500039092,0.154891757350137,0.352239166024416,0.293961248687796,0.22319855970832,0,0,0
0,0.373706887165705,0,0.304726488888264,0,0.115511633455753,0,0.169350109994411,0,0,0,0.159367889073896,0,0,0,0,0.348546005785465,0.32644085586071,0.37246542107569,0.156985907459899,0,0,0,0,0,0,0,0,0,0,0,0.236150147910354,0.165368924715689,0.161501801439694,0,0,0.149400538996774,0.173238381713927,0,0.351661857631471,0,0.325901118417581,0,0.327526718378067,0,0.295367655065871,0.322757661342621,0.337691098815057,0,0.235940277576447,0,0.248008608818054,0,0,0,0,0,0.18018783479929,0,0,0,0,0.181588471474076,0,0,0,0,0,0,0,0,0,0,0,0.221136850857244,0,0.173288810607933,0,0.221274585930493,0.230190089770726,0.216408296346024,0,0.181657006695332,0.172434469480272,0.246267609062948,0.349183578044176,0
0.308708965778351,0,0.287159413099289,0.220921953519185,0.139511679609617,0,0,0,0,0,0.132462198917682,0,0,0,0,0,0.348869755864143,0.296656534075737,0.358309346809983,0,0.154316291986593,0,0,0,0,0,0,0,0,0,0,0.166523464348005,0.144053515946043,0,0.15786944812333,0.149400538996774,0,0,0.132343821980408,0,0.274505974615321,0,0.3110805672148,0,0.323780059814453,0.198034420609474,0.286852193375428,0.141085546929389,0,0,0,0,0,0,0,0,0.125057745724916,0,0,0,0,0,0,0.174549785477795,0,0,0,0,0,0,0,0,0,0,0,0.147941020445834,0,0.158942259815724,0.216212110860007,0.205788857042414,0,0.165107709529351,0.185237510487202,0.219233208650892,0.228272534626767,0,0.329003468155861
0,0,0,0.212777651846409,0,0,0,0,0,0.211188993828241,0,0.147043340907733,0,0,0,0,0,0,0,0.147701264470816,0,0.147586705799239,0,0.109227501290261,0,0,0,0,0,0.201418385743085,0,0,0,0.204991956906659,0.165590029830734,0.173238381713927,0,0,0.161776691539926,0,0,0.178589522838593,0,0,0,0.270941860973835,0,0.50178708250706,0,0.443528933971319,0,0,0,0,0,0.197508105209896,0,0.16150321309785,0,0,0,0,0.160271528821725,0,0.147756267600768,0,0.249483521689068,0,0,0,0,0,0.225507205945777,0,0,0,0.313506054190489,0.161498826742172,0.231861980957885,0,0.220323113043243,0.158635340192739,0.188709212643822,0.239604452004035,0.355904814557753,0,0
0.201817044009597,0,0.214014586061239,0,0,0,0,0,0.163153059124947,0,0.139173549330123,0,0,0,0,0,0,0,0.209553241729736,0,0.172248149494163,0.131275774911046,0.233875069740436,0,0.157273222119189,0,0,0,0,0,0.206506714224815,0,0,0,0.158910349284003,0,0.132343821980408,0.161776691539926,0,0,0,0,0,0,0,0,0,0.361618820411056,0.315604763466024,0,0,0,0,0,0.165564648998089,0,0.166556064432822,0,0,0,0,0,0,0.204193142553171,0.114662430090148,0.281625411779432,0,0.209066931460355,0,0,0,0,0,0.170996256745779,0,0,0,0.187125441284827,0,0.177587728245599,0.157766325735166,0.226074847941861,0.224228892137781,0.224412157613298,0.219818342917709,0,0
0,0.464020425081253,0,0.269511055822174,0,0,0,0,0,0,0,0.244437485933304,0,0,0.277422100305557,0,0.290298590038577,0.291246080613998,0.318651827625853,0,0,0,0,0,0,0,0,0,0,0,0,0,0,0,0,0.351661857631471,0,0,0,0,0.355618512630463,0.299230983313349,0.276120242973169,0.343148094047321,0.246764540672302,0.273171707599059,0.264768824786753,0,0.24050073325634,0.19262589161192,0,0.25580982118845,0,0,0,0.282912522554398,0,0.284222363606914,0,0,0,0,0.267700684380222,0.250144697725773,0,0,0,0,0,0,0,0.274171859025955,0.319183125578124,0.302002251148224,0,0,0,0,0.272377052650189,0.344500577008283,0.378995310929086,0.370819169282913,0.288458893237086,0.288441994187915,0.29029032049965,0.286179847334341,0.291234396398067
0.420636157194773,0,0.320258289575577,0,0.272301003336906,0,0,0,0.31845024228096,0,0,0,0,0,0,0,0.339909095194314,0.321098535814706,0.363105432470263,0,0.200260445475578,0,0,0,0,0,0,0,0,0,0,0,0,0,0,0,0.274505974615321,0,0,0.355618512630463,0,0.349319977419717,0.281095304173101,0.234867319464684,0.303068388719112,0.372708082199097,0.318422082361284,0.435117930173874,0.363573609516888,0.206011399626732,0.262390315532684,0,0,0,0,0,0.309242534637451,0.308214515447617,0,0,0,0,0,0.201208328026415,0,0,0,0,0,0,0,0,0,0.314307969808579,0,0,0,0,0.41724856197834,0.272713691774142,0.379632264375687,0.361769060878193,0.338093780357428,0.311624410887097,0.260244184078576,0,0.349757191060607
0,0.239185887677916,0,0.277214447010515,0,0.254425674676895,0,0,0,0.206586256623268,0,0.332237203915914,0,0,0,0,0.26984220381294,0.26468970600901,0.259457004829544,0,0,0.222028642892838,0,0,0,0,0,0,0,0,0,0,0,0,0.640241861343384,0.325901118417581,0,0.178589522838593,0,0.299230983313349,0.349319977419717,0,0.200620448837678,0.266221760488375,0,0.302380967824185,0.295127127851759,0.582613098094741,0.3603276014328,0.312834977607998,0,0.249942688987805,0,0,0,0.210786107182503,0,0.330106189591308,0,0.333607061401657,0,0.318006098270416,0.305887512189887,0.289271876215935,0,0,0,0,0,0,0.307672712951899,0,0.3001056668966,0,0,0,0,0,0.321683365110259,0.326040536165237,0.384776159411385,0.32923549413681,0.303331159656086,0.257339751318334,0.300777212382384,0.225781872148675,0
0.267055981465288,0,0.244299376383424,0.268685221672058,0.246034021178881,0,0,0,0.2429834493136,0.281733304262161,0,0,0.288822025060654,0,0,0,0.260578890768241,0.247464708640025,0.244422265776881,0,0,0,0,0,0,0,0,0,0,0,0,0,0,0,0,0,0.3110805672148,0,0,0.276120242973169,0.281095304173101,0.200620448837678,0,0,0.241602109555723,0.327546209096909,0.300187871152279,0.403305651752029,0.320455680545579,0.203068792819977,0,0,0,0,0,0,0.285037059053156,0.300823271274567,0.289240284760793,0,0.271834038197994,0,0.2678462266922,0.294677154376717,0,0,0,0,0,0,0,0.310445425264976,0,0.318541498956942,0,0,0,0,0.333482490645515,0.324288680892826,0.316413909196854,0.364450964709403,0.243799827854795,0.257447036426692,0.290063314201299,0.214894039556384,0.233162623359756
0,0,0,0,0,0,0,0,0,0,0,0,0,0,0,0,0.279996156692505,0.262169533305698,0.230359647955213,0,0,0,0,0,0,0,0,0,0,0,0,0,0,0,0,0.327526718378067,0,0,0,0.343148094047321,0.234867319464684,0.266221760488375,0,0,0,0.294299274682999,0.275934666395187,0,0,0,0,0,0,0,0,0,0,0.434923440217972,0,0,0,0,0,0,0,0,0,0,0,0,0,0,0.349438101053238,0,0,0,0,0,0.348105800491345,0.31951704621315,0.376266270875931,0,0.218299350369785,0.251771983712219,0.323703554219115,0.227598484266888,0
0,0,0,0,0,0,0,0,0,0,0,0,0,0,0,0,0.251907706741364,0.239573691040277,0.22245004356784,0,0,0,0,0,0,0,0,0,0,0,0,0,0,0,0,0,0.323780059814453,0,0,0.246764540672302,0.303068388719112,0,0.241602109555723,0,0,0,0.315153145066956,0,0.248221804698308,0,0,0,0,0,0,0,0,0,0,0,0,0,0,0.317541062831879,0,0,0,0,0,0,0,0.292263478040695,0,0.293818742036819,0,0,0,0,0.253434538841248,0.345369096737721,0,0.367719861368338,0.231963819949142,0.258633736521006,0.276825728015505,0,0.230320249612515
0,0.422418117523193,0,0.246448551863432,0,0,0,0,0,0,0,0.31066174308459,0,0,0,0,0.287634548086386,0.28782642600329,0.30558547559784,0.261626234209096,0,0,0,0,0,0,0,0,0,0,0,0,0,0,0,0.295367655065871,0.198034420609474,0.270941860973835,0,0.273171707599059,0.372708082199097,0.302380967824185,0.327546209096909,0.294299274682999,0,0,0.279867682605982,0.223780378699303,0.245739401741461,0.259326115250587,0,0.2339798361063,0,0,0,0,0,0.311989409667115,0,0,0,0,0.294174900796577,0.304213017225266,0,0,0,0,0,0,0,0,0.34422587948059,0,0,0,0,0,0.258164434097614,0.329324040561914,0.376707467406145,0,0.277134245765802,0.280875385809345,0.252353021478396,0.282293230295181,0.26566082239151
0.32313197851181,0,0.240920174866915,0.247152601679166,0.270250082015991,0,0,0,0.222192078828812,0,0,0,0,0,0,0,0.291752858622239,0.276915021429333,0.31756166394536,0,0,0.287985980510712,0,0,0,0,0,0,0,0,0,0,0,0,0,0.322757661342621,0.286852193375428,0,0,0.264768824786753,0.318422082361284,0.295127127851759,0.300187871152279,0.275934666395187,0.315153145066956,0.279867682605982,0,0,0.240803177589956,0.239377538363139,0,0.23759837448597,0,0,0,0,0.270622759229607,0.328098734219869,0,0,0,0,0.235037468373775,0.254658277435496,0,0,0,0,0,0,0,0.278468102216721,0.355966866016388,0.316128917038441,0,0,0,0,0.335367367978682,0.252430893965262,0.372666144912893,0.321832840816005,0.276766353706981,0.277038670409082,0.303220358788967,0.278029374778271,0.291214877322539
0,0,0,0,0,0,0,0,0,0,0,0,0,0,0,0,0,0,0,0,0,0,0,0,0,0,0,0,0,0,0,0.479394681051008,0.291373092710735,0.251312005973285,0.325933280987641,0.337691098815057,0.141085546929389,0.50178708250706,0.361618820411056,0,0.435117930173874,0.582613098094741,0.403305651752029,0,0,0.223780378699303,0,0,0.492762051996877,0.465862761494407,0,0,0,0,0,0,0,0,0,0,0,0,0,0,0,0,0,0,0,0,0,0,0,0,0.488598539140105,0.290037704741254,0.223860362358391,0.365216577113201,0.400334359368673,0.395202433625323,0,0.368044190369286,0.522832962015372,0.459528867257844,0.476983629868506,0,0
0.241540197436124,0,0.185114271317919,0.252102991938591,0.217075631022453,0,0,0,0.198404567316175,0,0,0,0.231877139536664,0,0.201650201957277,0,0.250791013240814,0,0.33931632404742,0,0.197216302156448,0,0.245497789871585,0,0,0,0,0,0,0,0,0.557665762363696,0,0,0,0,0,0,0.315604763466024,0.24050073325634,0.363573609516888,0.3603276014328,0.320455680545579,0,0.248221804698308,0.245739401741461,0.240803177589956,0.492762051996877,0,0.344572364076458,0,0,0,0,0.237638235092163,0,0.26192569278688,0,0.24934507434217,0,0.1942503190329,0,0.211478054523468,0.266020469367504,0,0.301861786260837,0,0.378517158329487,0,0.277590339709831,0,0.262989277067167,0,0.302485919359959,0.588793693780899,0,0,0.316053622961044,0.302809983491898,0.366993332480791,0,0.274438328241586,0.260903688863337,0.242075201656137,0.312140346725941,0,0
0,0.16424445976736,0,0.2489068573024,0,0.236386984586716,0,0,0,0.16640007566838,0,0,0,0,0,0,0,0,0.21288078725338,0,0,0.25648448479139,0,0.205203623725818,0,0,0,0,0,0,0,0.485772767237255,0,0.448565979798635,0.595879203081131,0.235940277576447,0,0.443528933971319,0,0.19262589161192,0.206011399626732,0.312834977607998,0.203068792819977,0,0,0.259326115250587,0.239377538363139,0.465862761494407,0.344572364076458,0,0,0.245759358008703,0,0,0,0.194300253430138,0,0.263192996720608,0,0.261670242554398,0,0.245239651784664,0.253715761899948,0,0.227099385939108,0,0.2367836559141,0,0.232325315475464,0,0.216569120060406,0,0.229132498974449,0,0.506093091689623,0,0,0,0.221975667091707,0,0.423038517399346,0,0.410919985992072,0.26064661766092,0.274870632313562,0.270185708999634,0
0,0,0.193699960023333,0,0.1866633346383,0,0.185586013254665,0,0,0,0,0,0,0,0,0,0,0,0,0,0.140797292032549,0,0,0,0,0,0,0,0,0,0,0,0,0,0,0,0,0,0,0,0.262390315532684,0,0,0,0,0,0,0,0,0,0,0,0,0,0,0,0.212231277358158,0,0.210691939917256,0,0.192847416672126,0,0,0,0,0,0,0,0,0,0,0,0,0.242463633418083,0,0,0,0,0,0.264019280672073,0,0.25471094250679,0.174364687502384,0,0.191949901234106,0,0
0,0,0,0.219714370259291,0,0.220963313787235,0,0.180239214272486,0,0.20428964048624,0,0.293526162703832,0,0.242161870002747,0,0,0,0,0,0.237291302531958,0,0,0,0,0,0,0,0,0,0,0,0,0,0,0,0.248008608818054,0,0,0,0.25580982118845,0,0.249942688987805,0,0,0,0.2339798361063,0.23759837448597,0,0,0.245759358008703,0,0,0,0.161012098193169,0,0,0,0.273342994543222,0,0.220714952897381,0,0.198658025748021,0.233674481511116,0,0,0,0,0,0,0,0,0,0.273929560184479,0,0,0,0,0,0.296301081776619,0,0.312292128801346,0,0.185316394738577,0.17723665693227,0.265982492316154,0,0
0,0,0,0,0,0,0.191926238775717,0,0,0,0.181770250201225,0,0,0,0,0,0,0,0,0,0,0,0,0,0,0,0,0,0,0,0,0,0,0,0,0,0,0,0,0,0,0,0,0,0,0,0,0,0,0,0,0,0,0,0,0,0.189852871817269,0,0.177924479950558,0,0,0,0,0,0,0,0,0,0,0,0,0,0,0,0,0,0,0,0,0,0,0,0.170749654950098,0,0,0,0
0,0,0,0,0,0,0,0.1269810795784,0,0,0,0,0,0,0,0,0,0,0,0,0,0,0,0,0,0,0,0,0,0,0,0,0,0,0,0,0,0,0,0,0,0,0,0,0,0,0,0,0,0,0,0.161012098193169,0,0,0,0,0,0.200687822763182,0,0.154764413833618,0,0,0.182136829603802,0,0,0,0,0,0,0,0,0,0,0,0,0,0,0,0,0,0,0,0.191328025526471,0,0,0,0
0.12510516143897,0,0.169027810295423,0,0,0,0,0,0.169739674460202,0,0,0,0,0,0,0,0,0,0,0,0,0,0,0,0.182987608272454,0,0,0,0,0,0,0,0,0,0,0,0,0,0.165564648998089,0,0,0,0,0,0,0,0,0,0.237638235092163,0,0,0,0,0,0,0,0,0,0,0,0.213251675809583,0,0,0.249121770262718,0,0,0,0.158843342025622,0,0.169890895485878,0,0,0,0,0,0,0,0,0,0,0,0.231206613151651,0.191827313149277,0,0.151993844065776,0,0
0,0.165640037756758,0,0.171831835824323,0,0,0,0,0,0.205413238590639,0,0,0,0,0,0.183750621320909,0,0.146086873486638,0.252342807129025,0,0,0,0,0.207325970737446,0,0,0,0,0,0,0,0,0,0,0,0,0,0.197508105209896,0,0.282912522554398,0,0.210786107182503,0,0,0,0,0,0,0,0.194300253430138,0,0,0,0,0,0,0,0.272278594282957,0,0,0,0.218927508976394,0,0,0,0,0.219172185735294,0,0,0,0,0,0,0,0,0,0,0,0.244938239455223,0,0,0,0.170589501920499,0.23460194681372,0.18354414572131,0,0
0.224632134394986,0,0.249452918767929,0,0.220141161571849,0,0.201105645378167,0,0.263605093672162,0,0.209404888037197,0,0.186551317949838,0,0,0,0.332424571116765,0.334602316220601,0.347297303165708,0,0.144807214171372,0,0,0,0,0,0,0,0,0,0,0,0,0,0,0,0.125057745724916,0,0.166556064432822,0,0.309242534637451,0,0.285037059053156,0,0,0,0.270622759229607,0,0.26192569278688,0,0.212231277358158,0,0.189852871817269,0,0,0,0,0,0.253976175952248,0,0.254711679166014,0,0,0.302511400380335,0,0,0,0,0,0,0,0.291454747727472,0,0.331018284923569,0,0,0,0,0,0.267881146906053,0,0,0.22750055320237,0.276197405532002,0.278572028922238,0,0.290315937250853
0,0.32898661688618,0,0.277101041211578,0,0.232059881091118,0,0.204096640563673,0,0,0,0.218776167488257,0,0.168004646897316,0,0,0.321881128983064,0.322809737175703,0.362272439101453,0.1963192762769,0,0,0,0,0,0,0,0,0,0.155190285271819,0,0,0,0,0,0.18018783479929,0,0.16150321309785,0,0.284222363606914,0.308214515447617,0.330106189591308,0.300823271274567,0.434923440217972,0,0.311989409667115,0.328098734219869,0,0,0.263192996720608,0,0.273342994543222,0,0.200687822763182,0,0.272278594282957,0,0,0,0.241762830511383,0,0.244751659341348,0.328101857598844,0.30983829498291,0,0,0,0,0,0,0.277037729786721,0,0.245003809768056,0,0,0,0,0,0.285239489398141,0.374012634158134,0.364261746406555,0.393491387367249,0.282979825915773,0.302688796235167,0.30570627235754,0.390647675780302,0
0.213016466703266,0,0.255060523748398,0,0.178252939183217,0,0.169490446173053,0,0,0,0.152373179370029,0,0.185741919713716,0,0.209670335054398,0,0,0,0.270103186368942,0,0,0,0,0,0,0,0,0,0,0,0,0,0,0,0,0,0,0,0,0,0,0,0.289240284760793,0,0,0,0,0,0.24934507434217,0,0.210691939917256,0,0.177924479950558,0,0,0,0.253976175952248,0,0,0,0.237986885070801,0,0,0,0,0,0,0,0,0.22574970126152,0,0.251907304577206,0,0.26493859042724,0,0,0,0,0,0,0,0,0.160238893702626,0,0.288147475980443,0,0
0,0,0,0.25107622448657,0,0,0,0.131098952430945,0,0,0,0.161330366514966,0,0.158195011412174,0,0.209597795855167,0,0,0,0,0,0,0,0,0,0,0,0.154048729137457,0,0,0,0,0,0,0,0,0,0,0,0,0,0.333607061401657,0,0,0,0,0,0,0,0.261670242554398,0,0.220714952897381,0,0.154764413833618,0,0,0,0.241762830511383,0,0,0,0.240552350878716,0,0,0,0,0.240263506770134,0,0,0,0.237389422059059,0,0.256190377473831,0,0,0,0,0,0,0,0,0,0.158627744382009,0.20549367953624,0.269867447369239,0,0
0.14814501007398,0,0.22823944936196,0,0,0,0,0,0.221260277880836,0,0,0,0.215392576387295,0,0.197056875125436,0,0,0,0,0,0,0,0,0,0,0,0,0,0,0,0,0,0,0,0,0,0,0,0,0,0,0,0.271834038197994,0,0,0,0,0,0.1942503190329,0,0.192847416672126,0,0,0,0.213251675809583,0,0.254711679166014,0,0.237986885070801,0,0,0,0,0,0,0,0,0.167149720920457,0,0.235971923385348,0,0.247611443201701,0,0,0,0,0,0,0,0,0,0,0.182147790988286,0.180690544346968,0.231379124060483,0,0
0,0.185332283377647,0,0.223838193660573,0,0,0,0,0,0.19869936394623,0,0,0,0.234043012062709,0,0.193309782210149,0,0.137830002233386,0,0,0,0,0,0.21320217655551,0,0,0,0,0,0,0,0,0,0,0,0,0,0,0,0,0,0.318006098270416,0,0,0,0,0,0,0,0.245239651784664,0,0.198658025748021,0,0,0,0.218927508976394,0,0.244751659341348,0,0.240552350878716,0,0,0,0,0,0,0.194650652011236,0,0.252003878355026,0,0.270403814158942,0,0,0,0,0,0,0,0,0,0,0,0.155682393908501,0,0.188343418718771,0,0
0,0.335956513881683,0,0.285099221600427,0,0.159487400542606,0,0.179160360246897,0,0,0,0.167844230019384,0,0,0,0,0.327810689806938,0.317436844110489,0.33360616962115,0.170281312592196,0,0,0,0,0,0,0,0,0,0,0,0,0,0,0,0.181588471474076,0,0.160271528821725,0,0.267700684380222,0,0.305887512189887,0.2678462266922,0,0,0.294174900796577,0.235037468373775,0,0.211478054523468,0.253715761899948,0,0.233674481511116,0,0.182136829603802,0,0,0,0.328101857598844,0,0,0,0,0,0,0,0,0,0,0,0,0,0,0.371115864378161,0,0,0,0,0,0.251487596142497,0,0.307938862966138,0,0.224147177391475,0.283154726028442,0.287507585392279,0,0
0,0,0.187941180971953,0,0.183030858635902,0,0,0,0.206710572044055,0,0,0,0,0,0,0,0.287929960698993,0.277079878182247,0.294886603614069,0,0.201045686527221,0,0,0,0,0,0,0,0,0,0,0,0,0,0,0,0.174549785477795,0,0.204193142553171,0.250144697725773,0.201208328026415,0.289271876215935,0.294677154376717,0,0.317541062831879,0.304213017225266,0.254658277435496,0,0.266020469367504,0,0,0,0,0,0.249121770262718,0,0.302511400380335,0.30983829498291,0,0,0,0,0,0,0,0,0,0,0,0,0,0.288356013596058,0,0.320672846088807,0,0,0,0,0.361512616276741,0.254893533159021,0,0.291021498192536,0.260124602503535,0.266533564465741,0.298928892695793,0,0.309409065379037
0,0,0,0,0,0,0,0,0,0,0,0,0,0,0,0,0,0.184224084387591,0,0,0,0.165656953577726,0.176173207246595,0.14898462167808,0,0.166493397206068,0,0.17746140062809,0,0,0,0,0,0,0,0,0,0.147756267600768,0.114662430090148,0,0,0,0,0,0,0,0,0,0,0.227099385939108,0,0,0,0,0,0,0,0,0,0,0,0,0,0,0,0.172823738306761,0.224873011482173,0,0.293915912508965,0,0.253959271125495,0,0,0,0,0,0,0,0,0,0.308802885309441,0,0.121779227953242,0,0,0,0
0,0,0,0,0,0,0,0,0,0,0,0,0,0,0,0,0.132061749696732,0,0,0,0,0.159103497751613,0.201741610631117,0,0.170989908137411,0,0.147024335463842,0,0,0,0,0,0,0,0,0,0,0,0.281625411779432,0,0,0,0,0,0,0,0,0,0.301861786260837,0,0,0,0,0,0,0,0,0,0,0,0,0,0,0,0.172823738306761,0,0,0.258744561968193,0,0.348236853610878,0,0.422125428915024,0,0,0,0,0,0,0,0,0,0.272072244443198,0.159859563682287,0.159888307950119,0,0,0
0,0.18055450762896,0,0,0,0,0,0,0,0.206009904065957,0,0,0,0,0,0,0,0.143548205494881,0,0,0,0.198008879146755,0,0.168730846160967,0,0.198635015947123,0,0,0,0,0,0,0,0,0,0,0,0.249483521689068,0,0,0,0,0,0,0,0,0,0,0,0.2367836559141,0,0,0,0,0,0.219172185735294,0,0,0,0.240263506770134,0,0.194650652011236,0,0,0.224873011482173,0,0,0,0.24808190194305,0,0.285659003588888,0,0,0,0,0,0,0,0,0,0.26962992148248,0,0.182740307219174,0,0.292653347921851,0,0
0.141379524255171,0,0,0,0,0,0,0,0.142800159857802,0,0,0,0,0,0,0,0,0,0,0,0,0,0.148384075325269,0,0.154972500727861,0,0.241363406181335,0,0,0,0,0,0,0,0,0,0,0,0.209066931460355,0,0,0,0,0,0,0,0,0,0.378517158329487,0,0,0,0,0,0.158843342025622,0,0,0,0,0,0.167149720920457,0,0,0,0,0.258744561968193,0,0,0,0.312497722109159,0,0,0,0,0,0,0,0,0,0,0,0.256502006711402,0.167303095261256,0,0.168636612412406,0,0
0,0,0,0,0,0,0,0,0,0.15829162299633,0,0,0,0,0,0,0,0.135566521435976,0,0,0,0.154207714067565,0,0.16705449812469,0,0.140361547803701,0,0.175255007703196,0,0,0,0,0,0,0,0,0,0,0,0,0,0,0,0,0,0,0,0,0,0.232325315475464,0,0,0,0,0,0,0,0,0,0,0,0.252003878355026,0,0,0.293915912508965,0,0.24808190194305,0,0,0,0.295253523470213,0,0,0,0,0,0,0,0,0,0,0,0.138739149603579,0,0.173393837362528,0,0
0,0,0,0,0,0,0,0,0.16584837436676,0,0,0,0,0,0,0,0.125373173505068,0,0,0,0,0,0.219474539160728,0,0.170913055539131,0,0.155556616458026,0,0,0,0,0,0,0,0,0,0,0,0,0,0,0,0,0,0,0,0,0,0.277590339709831,0,0,0,0,0,0.169890895485878,0,0,0,0.22574970126152,0,0.235971923385348,0,0,0,0,0.348236853610878,0,0.312497722109159,0,0,0,0.303863483622219,0,0,0,0,0,0,0,0,0,0,0,0,0,0,0
0,0,0,0,0,0,0,0,0,0,0,0.168330645188689,0,0.170612759888172,0,0,0,0,0,0,0,0,0,0,0,0.151411842554808,0,0.168538531685664,0,0.162464560432868,0,0,0,0,0,0,0,0,0,0,0,0.307672712951899,0,0,0,0,0,0,0,0.216569120060406,0,0,0,0,0,0,0,0.277037729786721,0,0.237389422059059,0,0.270403814158942,0,0,0.253959271125495,0,0.285659003588888,0,0.295253523470213,0,0,0,0.247316028033533,0,0,0,0,0,0,0,0.298183106494785,0,0.148765367929076,0.143307000398636,0.27031149789691,0,0
0.25823276117444,0,0.25618608891964,0,0,0,0,0,0.297598441441854,0,0.137966268828937,0,0.246826580166817,0,0,0,0.332769155502319,0,0.350928282195872,0,0,0,0,0,0,0,0,0,0.23043652122392,0,0.16125467368593,0,0,0,0,0,0,0,0,0.274171859025955,0,0,0.310445425264976,0,0.292263478040695,0,0.278468102216721,0,0.262989277067167,0,0,0,0,0,0,0,0.291454747727472,0,0.251907304577206,0,0.247611443201701,0,0,0.288356013596058,0,0.422125428915024,0,0,0,0.303863483622219,0,0,0,0.247857398353517,0,0,0,0,0,0,0,0.271428480451268,0.318779523269488,0.306450664997101,0.321574303679741,0,0.369738698005676
0,0.379758130759001,0,0.311620592366992,0,0,0,0,0,0,0,0.188204812614814,0,0,0,0,0.34422093629837,0.339368293682734,0.374951349224074,0,0,0,0,0,0,0,0,0.179911998541732,0,0.216126388345746,0,0,0,0,0,0,0,0.225507205945777,0,0.319183125578124,0,0.3001056668966,0,0.349438101053238,0,0.34422587948059,0.355966866016388,0,0,0.229132498974449,0,0.273929560184479,0,0,0,0,0,0.245003809768056,0,0.256190377473831,0,0,0.371115864378161,0,0,0,0,0,0,0,0.247316028033533,0,0,0,0,0,0,0,0.310601230710745,0.412893548607826,0.236305203411605,0,0.303811305812721,0.322505144402385,0.30546815851481,0.382738770317223,0
0.280799832608965,0,0.261153021710925,0.2743821144104,0.235981160402298,0,0,0,0.298103824257851,0,0,0,0.253613084554672,0,0,0,0.349417042732239,0.324007332324982,0.348535650335582,0,0,0,0,0,0,0,0,0,0.186158895492554,0,0.204167559742928,0,0,0,0,0,0,0,0.170996256745779,0.302002251148224,0.314307969808579,0,0.318541498956942,0,0.293818742036819,0,0.316128917038441,0,0.302485919359959,0,0.242463633418083,0,0,0,0,0,0.331018284923569,0,0.26493859042724,0,0,0,0,0.320672846088807,0,0,0,0,0,0,0,0.247857398353517,0,0,0,0,0,0,0.282103449106216,0.330325806779521,0,0.176071973517537,0.343460146216459,0.305786080658436,0.347688568518466,0,0.406276911497116
0,0,0,0,0,0,0,0,0,0,0,0,0,0,0,0,0,0,0,0,0,0,0,0,0,0,0,0,0,0,0,0.217965000542458,0.201361656188965,0.195952480392797,0,0.221136850857244,0,0,0,0,0,0,0,0,0,0,0,0.488598539140105,0.588793693780899,0.506093091689623,0,0,0,0,0,0,0,0,0,0,0,0,0,0,0,0,0,0,0,0,0,0,0,0,0,0.535881435871124,0.216168073813121,0,0.271830387291361,0.558010175824165,0,0,0.199544604794652,0,0,0,0
0,0,0,0,0,0,0,0,0,0,0,0,0,0,0,0,0,0,0,0,0,0,0,0,0,0,0,0,0,0,0,0.14968776304601,0.194223510086631,0,0.317102875312169,0,0.147941020445834,0,0,0,0,0,0,0,0,0,0,0.290037704741254,0,0,0,0,0,0,0,0,0,0,0,0,0,0,0,0,0,0,0,0,0,0,0,0,0,0,0.535881435871124,0,0,0.354761349194898,0.572519838809967,0.235784359899075,0,0,0.17325953074864,0,0,0,0
0,0,0,0,0,0,0,0,0,0,0,0,0,0,0,0,0,0,0,0,0,0,0,0,0,0,0,0,0,0,0,0.181790709495544,0.148216649889946,0.196075360254794,0.168946737752241,0.173288810607933,0,0.313506054190489,0,0,0,0,0,0,0,0,0,0.223860362358391,0,0,0,0,0,0,0,0,0,0,0,0,0,0,0,0,0,0,0,0,0,0,0,0,0,0,0.216168073813121,0,0,0.162620148488453,0.223786788612358,0,0.288091017797335,0,0.182963466644287,0.205091185867786,0,0,0
0,0,0,0,0,0,0,0,0,0,0,0,0,0,0,0,0,0,0,0,0,0,0,0,0,0,0,0,0,0,0,0,0.384204771656256,0.175044592178386,0.218775848189111,0,0.158942259815724,0.161498826742172,0.187125441284827,0,0,0,0,0,0,0,0,0.365216577113201,0.316053622961044,0,0,0,0,0,0,0,0,0,0,0,0,0,0,0,0,0,0,0,0,0,0,0,0,0,0,0.354761349194898,0.162620148488453,0,0,0.320706026475385,0.151519805192947,0.286868929711233,0.201558823386828,0,0,0,0
0,0.435140775222527,0,0.327456296027244,0,0,0,0,0,0,0,0.144515916506449,0,0,0,0,0.334932932863012,0.329560150051939,0.371880073841113,0.205451648670964,0,0,0,0,0,0,0,0,0,0,0,0.309800223937926,0,0.17461839330745,0,0.221274585930493,0.216212110860007,0.231861980957885,0,0.272377052650189,0.41724856197834,0.321683365110259,0.333482490645515,0.348105800491345,0.253434538841248,0.258164434097614,0.335367367978682,0.400334359368673,0.302809983491898,0.221975667091707,0,0.296301081776619,0,0,0,0.244938239455223,0,0.285239489398141,0,0,0,0,0.251487596142497,0.361512616276741,0,0,0,0,0,0,0,0,0.310601230710745,0.282103449106216,0.271830387291361,0.572519838809967,0.223786788612358,0,0,0.377379191142541,0.2756228520225,0.398462265729904,0.242500611288968,0.305544186489923,0.296490983565578,0.324829856035237,0.359572410583496
