0,0,0.167528807439587,0,0,0,0,0,0.178674586792813,0,0,0,0,0,0,0,0.302383587854665,0,0.400756853964271,0,0,0,0,0,0.193071635706084,0,0,0,0,0,0,0,0,0,0,0,0,0,0,0,0.302706470092138,0.379383146762848,0.288602852491708,0,0,0,0.292761921882629,0.38572373688221,0.204444034481483,0.450410038232803,0,0,0,0,0.217761124095784,0,0,0,0,0,0.197637401323403,0,0,0.580559730529785,0,0,0,0.220550561944644,0,0,0,0,0,0.571402132511139,0,0,0,0,0,0.490942683070898,0,0,0.236236434838016,0.308253705501556,0.265860885381699,0,0
0,0,0,0.19723021827246,0,0,0,0,0,0.178566477195898,0,0,0,0,0,0,0,0.294586300849915,0.30473332438204,0,0,0,0,0.246640220284462,0,0,0,0,0,0,0,0,0,0,0,0,0,0,0,0.306672751903534,0,0.27853227604249,0,0.42784321308136,0,0,0,0.384115199247996,0,0.204535838911089,0,0.236687421798706,0,0,0,0.219836738437708,0,0,0,0,0,0.167777816454569,0.306376993656158,0,0,0,0.235809716632811,0,0,0,0.353657186031342,0,0.337984561920166,0,0,0,0,0,0.371507167816162,0,0,0,0.22961404217758,0.284983103473981,0.252461353083238,0,0
0.167528807439587,0,0,0.330992363393307,0.18354430993398,0,0,0,0.157065207034015,0,0.326111078262329,0,0,0,0,0,0.306476990381877,0,0.337810299898449,0,0.263469606637955,0,0,0,0,0,0,0,0,0,0.356774019343512,0,0.330084443092346,0,0,0,0.283017724752426,0,0,0,0.299992184186804,0.323568080862363,0.333826113830913,0,0,0.321763821338352,0.260853966077169,0.366805490106344,0.2860945135355,0,0.210348589055111,0.311328887939453,0,0,0.166249056657155,0,0.318396864496932,0.304562121629715,0,0,0.171634681522846,0,0,0.311464534037643,0,0,0,0,0,0,0,0.376697987318039,0.359776894251506,0.366187687963247,0,0,0,0,0.359875470399857,0.3235794083396,0.334382101893425,0.350018561670655,0.220852523987746,0.31095178425312,0.258922476226314,0.307898759841919,0.317176528275013
0,0.19723021827246,0.330992363393307,0,0.279838114976883,0.253864411816136,0,0,0,0.224662117086924,0,0,0,0,0,0,0,0.296384304761887,0.296692967414856,0,0,0,0,0,0,0,0,0,0,0,0,0,0,0.371297240257263,0,0,0,0,0,0.29392395958756,0,0.299811023305047,0.337287614742915,0,0,0.276172799244523,0.315927306811015,0.3164297858874,0,0.257408008644623,0.304921463131905,0.259083595931714,0,0,0,0.212929453838755,0.345899365842342,0.289743192634493,0,0.278720177710056,0,0.244907198250294,0.283161983887355,0.360957423845927,0,0,0,0,0,0,0.345587856494463,0,0.344610143391812,0,0,0,0,0,0.274875877158982,0,0.364527888596058,0,0.201847130344028,0.224781930446625,0.24688123405565,0.277191260998899,0
0,0,0.18354430993398,0.279838114976883,0,0,0,0,0.193439188328656,0,0.278650671243668,0,0,0,0,0,0,0.274993896484375,0.308507680892944,0,0.239507751132743,0,0,0,0,0,0,0,0,0,0.304897022247314,0,0,0,0,0,0.213159222900867,0,0.294471025466919,0,0.234136326238513,0.33813838660717,0.273704862141091,0,0,0.289915397763252,0.228199600881221,0.295455358922482,0.271390870639256,0,0.204979775955146,0,0,0,0,0,0.287445114209102,0,0.207348412701062,0,0.184173798986844,0,0,0.236885775189373,0,0,0,0,0,0,0,0,0,0.327590115692305,0,0,0,0,0.318744868040085,0.277813271467769,0.307303845882416,0.314775609201001,0.19517591256771,0.189178794622421,0.24382139281148,0,0.27730787396431
0,0,0,0.253864411816136,0,0,0,0,0,0.18566399315993,0,0,0,0,0,0,0,0,0.293193250894547,0.222744196555973,0,0,0,0,0,0,0,0,0,0,0,0,0,0.322100162506104,0,0.233826450812511,0.190077498555183,0,0,0.264400483005577,0,0.285038057714701,0.305761784315109,0,0,0.237505327378001,0.286491423845291,0.316687901814779,0,0.278762022985352,0,0.224431317662719,0,0,0,0.203032877917091,0,0.273207798253658,0,0,0,0,0.309075867218829,0.323937207460403,0,0,0,0,0,0,0.293988615274429,0,0.310020062658522,0,0.233754381537437,0,0,0,0.285305635843958,0,0.32601472735405,0,0.174744429249389,0.16556653631972,0.264628769463094,0.245163306593895,0
0,0,0,0,0,0,0,0,0,0,0.220577486687236,0,0,0,0,0,0,0,0,0,0.194275110960007,0,0,0,0,0,0,0,0,0,0,0,0,0,0,0,0.150688698887825,0,0,0,0,0,0,0,0,0,0,0,0,0,0.163566336035728,0,0.233005805512269,0,0,0,0.21235553920269,0,0,0,0,0,0,0.169690802693367,0,0,0,0,0,0,0,0,0,0,0,0,0,0,0,0,0,0,0.14881064675071,0,0,0,0
0,0,0,0,0,0,0,0,0,0,0,0.177089683711529,0,0,0,0,0,0,0,0.171347754641815,0,0,0,0,0,0,0,0,0,0,0,0,0,0,0,0,0,0,0,0,0,0,0,0,0,0,0,0,0,0,0,0,0,0.16253396732553,0,0,0,0.206384664232081,0,0,0,0,0.184446952882267,0,0,0,0,0,0,0,0,0,0,0,0,0,0,0,0,0,0,0,0,0,0,0,0
0.178674586792813,0,0.157065207034015,0,0.193439188328656,0,0,0,0,0,0,0,0,0,0.141587382402792,0,0.206369539943113,0.185800896419419,0.250442246596018,0,0.229954801499844,0,0,0,0.206386232748628,0,0.175117924809456,0,0,0,0,0,0,0,0,0,0,0,0.268061591328773,0,0,0,0.187234374880791,0,0,0,0.215752919514974,0,0.171657592058182,0,0.194116684320931,0,0,0,0.212067617845052,0,0.277137070894241,0,0,0,0.179117786642098,0,0,0.277804486453533,0,0,0,0.18124482780695,0,0.184810483684907,0,0,0,0.318992272019386,0,0,0,0,0,0.302485580627735,0,0.313258407083718,0.198344111531351,0.185740033785502,0.236286832931194,0,0.274499863386154
0,0.178566477195898,0,0.224662117086924,0,0.18566399315993,0,0,0,0,0,0,0,0,0,0.141750630827583,0,0.146659359335899,0.269891977310181,0,0,0,0,0.173209109476634,0,0,0,0,0,0,0,0,0,0,0,0,0,0.235043789824443,0,0,0,0.184002707587249,0,0,0,0,0,0,0,0.255798913538456,0,0.240149742790631,0,0,0,0.249558461062737,0,0,0,0,0,0.228990017013116,0,0,0,0,0.250516727566719,0,0,0,0,0,0,0,0,0,0,0,0.268418312072754,0,0.277399882943921,0,0.185325982561589,0.195170208855331,0.196988746003499,0,0
0,0,0.326111078262329,0,0.278650671243668,0,0.220577486687236,0,0,0,0,0,0.204818569646593,0,0,0,0,0,0.506607592105865,0,0.163964614447721,0,0,0,0,0,0,0,0,0,0.310884877840678,0,0,0,0,0,0.145797962943713,0,0.158044996818141,0,0.427368760108948,0,0.404463812708855,0,0,0.330027550458908,0.346331779162089,0,0.336798250675201,0,0,0,0.219420433701838,0,0,0,0.225883573539889,0,0.173961209505796,0,0,0,0,0.232706546961786,0,0,0,0,0,0,0,0,0,0.33496018331878,0,0,0,0,0,0.302176423784759,0,0.155780820770467,0.194373396399257,0.165751492811574,0.414486099034548,0,0.428637117147446
0,0,0,0,0,0,0,0.177089683711529,0,0,0,0,0,0.153170106311639,0,0,0,0,0,0.141593547767781,0,0,0,0,0,0,0,0,0,0.15557842311405,0,0,0,0,0,0.15351040288806,0,0.145450230906991,0,0,0,0,0,0,0,0,0,0,0,0,0,0,0,0.204400551815828,0,0,0,0.203592379117499,0,0.144352379170331,0,0,0.1551441934758,0,0,0,0,0,0,0,0,0,0.237405031919479,0,0,0,0,0,0,0,0.158074428786093,0,0.11373570561409,0,0.209388787063157,0,0
0,0,0,0,0,0,0,0,0,0,0.204818569646593,0,0,0,0,0,0,0,0,0,0,0,0,0,0,0,0,0,0,0,0,0,0,0,0,0,0,0,0,0,0,0,0,0,0,0,0,0,0,0,0,0,0,0,0,0,0.171681486508426,0,0.183420072748976,0,0,0,0,0,0,0,0,0,0,0,0,0,0,0,0,0,0,0,0,0,0,0,0,0,0,0,0
0,0,0,0,0,0,0,0,0,0,0,0.153170106311639,0,0,0,0.14010176807642,0,0,0,0,0,0,0,0,0,0,0,0,0,0,0,0,0,0,0,0,0,0,0,0,0,0,0,0,0,0,0,0,0,0,0,0,0,0,0,0,0,0.158338392774264,0,0.158861735463142,0,0,0,0,0,0,0,0,0,0,0.192253030836582,0,0,0,0,0,0,0,0,0,0,0,0.107242301106453,0,0,0,0
0,0,0,0,0,0,0,0,0.141587382402792,0,0,0,0,0,0,0,0.164798103155119,0.161777251958847,0,0,0,0,0.152511104941368,0,0,0,0.154761642217636,0,0,0,0,0,0,0,0,0,0,0,0,0,0.280897110700607,0,0,0,0,0,0.284436255693436,0,0,0,0.197090499103069,0,0,0,0.161326196686975,0,0,0,0.198556054383516,0,0.160738304080699,0,0,0,0,0,0,0,0,0.165642701089382,0,0,0,0,0,0,0,0,0,0.307589888572693,0,0,0.172443915067649,0.162871785461903,0.290688931941986,0,0
0,0,0,0,0,0,0,0,0,0.141750630827583,0,0,0,0.14010176807642,0,0,0,0.174389883875847,0,0,0,0,0,0,0,0,0,0,0,0,0,0,0,0,0,0,0,0,0,0,0,0,0,0,0,0,0,0,0,0,0,0,0,0,0,0.158017792691619,0,0,0,0,0,0.214786858327927,0,0,0,0,0,0,0,0,0,0,0,0,0,0,0,0,0,0,0,0,0.178162855406602,0,0,0,0
0.302383587854665,0,0.306476990381877,0,0,0,0,0,0.206369539943113,0,0,0,0,0,0.164798103155119,0,0,0.169508694273784,0.283224515032338,0,0,0,0.151429663017645,0,0.170641691006463,0.137612566351891,0.161215507040988,0,0,0,0.382572278380394,0,0,0,0,0,0.357609840956601,0,0,0.34653647830992,0.332887550925507,0.271082314706984,0.29030674023816,0.347162050008774,0.293165034972704,0.32435055351571,0.335576877218706,0,0.287720292806625,0.313863217830658,0.295795291662216,0,0,0,0,0,0.346373057365417,0,0,0,0.18631354096483,0,0.315402631248747,0.341051633541401,0,0,0,0,0,0.170507119702441,0,0,0.337837889790535,0.376515646775564,0,0,0,0,0.354995058915194,0.356881195095788,0.348924547433853,0.388165491468766,0.218589056892197,0.174400425889194,0.322983575617375,0.287346714735031,0.294507762210237
0,0.294586300849915,0,0.296384304761887,0.274993896484375,0,0,0,0.185800896419419,0.146659359335899,0,0,0,0,0.161777251958847,0.174389883875847,0.169508694273784,0,0.276515653019124,0,0,0,0.172751247882843,0.204472261510397,0.169586488604546,0.148352356049521,0.164623599838127,0,0,0,0,0,0,0,0,0.343258688847224,0.343459710478783,0,0,0.325492295284163,0.316452229895243,0.283752576674561,0.283800871292157,0,0.294602146744728,0.319836455397308,0.311022453296643,0,0.321134239435196,0.305182468146086,0,0,0,0,0,0,0.364950716495514,0,0,0,0.192983761429787,0,0.312955349683762,0.311767752468586,0,0,0.222897981221859,0,0.178670352697372,0,0,0,0.321896064281464,0.364104380210241,0,0,0,0,0.336963565391026,0.331727887193362,0.358126187866384,0.331869715452194,0.1871846384897,0.174352371669169,0.320779172199831,0.293780813573814,0.284438229269452
0.400756853964271,0.30473332438204,0.337810299898449,0.296692967414856,0.308507680892944,0.293193250894547,0,0,0.250442246596018,0.269891977310181,0.506607592105865,0,0,0,0,0,0.283224515032338,0.276515653019124,0,0,0.45268733965026,0,0.225978910923004,0,0.234876714646816,0.166836857795715,0.279552826986593,0,0,0,0.430601691206296,0,0,0,0,0.37180688060247,0.367844638880342,0,0.448319297283888,0.362553309077217,0.353658493363047,0.278358198658144,0.278251209047522,0.502182615222409,0.27303965917871,0.335928850975193,0.354468066014233,0,0.317249419201504,0.32498890409867,0,0.277083545923233,0,0,0,0,0.398020369356329,0.347394755908421,0,0,0.24078057706356,0,0.328581056277442,0.342021195146075,0,0,0,0,0,0,0.37481140345335,0.364369839429855,0.443240947177257,0.438950238588416,0,0,0,0,0.376387828398841,0.399290938508566,0.469656702284971,0.466652190327333,0.25766313455134,0.275286027126842,0.37237753402483,0.285204450306595,0.28161912502178
0,0,0,0,0,0.222744196555973,0,0.171347754641815,0,0,0,0.141593547767781,0,0,0,0,0,0,0,0,0,0,0,0,0,0,0,0,0,0,0,0,0,0,0,0.163153000475173,0,0.122598797082901,0,0,0,0,0,0,0,0.257225751876831,0,0,0,0,0,0.216611919000866,0,0.178393094667367,0,0,0,0.192061601944689,0,0,0,0,0.231522011702134,0,0,0,0,0,0,0,0,0,0.320680912780134,0,0,0,0,0,0.223185989450901,0,0.23257580747207,0,0.160389346877734,0,0.215782053768635,0,0
0,0,0.263469606637955,0,0.239507751132743,0,0.194275110960007,0,0.229954801499844,0,0.163964614447721,0,0,0,0,0,0,0,0.45268733965026,0,0,0,0,0,0,0,0,0,0,0,0.325641833245754,0,0,0,0,0,0.177697775486325,0,0.204002048624189,0,0.404141241312027,0,0.404557218154271,0,0,0,0.341501127630472,0.34784397482872,0.346388002236684,0,0.29951422851194,0,0.210317178141503,0,0,0,0.296655759618089,0,0,0,0,0,0,0.264815191782829,0,0,0,0,0,0,0,0,0,0.360310384205409,0,0,0,0,0,0.24823586738124,0,0.326875486250581,0.227584765478969,0.229828763220991,0.305187409243933,0,0.440029863800321
0,0,0,0,0,0,0,0,0,0,0,0,0,0,0,0,0,0,0,0,0,0,0.128770157694817,0.249335937219844,0,0.164985594909583,0,0.123557845130563,0,0,0,0,0,0,0,0,0,0.358570144123265,0,0,0,0.344322582085927,0,0,0,0.330583736300468,0.339891731739044,0,0,0.322072550408788,0,0,0,0,0,0,0,0.355435281991959,0,0.338469386100769,0,0,0.345838864644368,0,0.245987997691053,0,0.245842779387665,0,0.220730939761121,0,0.311843726893405,0,0.340026541550954,0,0,0,0,0,0,0,0.345024389722031,0,0.17745083657668,0,0.323805980957471,0,0
0,0,0,0,0,0,0,0,0,0,0,0,0,0,0.152511104941368,0,0.151429663017645,0.172751247882843,0.225978910923004,0,0,0.128770157694817,0,0,0.163428188434669,0,0.15207401663065,0,0.21911957487464,0,0,0,0,0,0,0,0,0,0.368175795924998,0,0,0,0,0,0,0,0,0,0.325847378146343,0,0,0,0,0,0,0,0.346217602491379,0,0,0,0,0,0,0,0,0.257145854804609,0,0.213675693155976,0,0.258137923395522,0,0.254169369277161,0,0.322875928547647,0,0,0,0,0,0,0,0.371566528720515,0.159157230989652,0.114187717437744,0,0,0
0,0.246640220284462,0,0,0,0,0,0,0,0.173209109476634,0,0,0,0,0,0,0,0.204472261510397,0,0,0,0.249335937219844,0,0,0,0.153961438958238,0,0,0,0,0,0,0,0,0,0,0,0.233271545032788,0,0,0,0.360140636563301,0,0,0,0,0,0.351131677627563,0,0.33754065578137,0,0,0,0,0,0.293095683058103,0,0.377076640725136,0,0.352496296167374,0,0,0.360006958246231,0,0.237968667641582,0,0.263811095484665,0,0.270587027072906,0,0.293191094170598,0,0.338962495326996,0,0,0,0,0,0,0,0.275558072452744,0,0.202968662320557,0,0.28139965460887,0,0
0.193071635706084,0,0,0,0,0,0,0,0.206386232748628,0,0,0,0,0,0,0,0.170641691006463,0.169586488604546,0.234876714646816,0,0,0,0.163428188434669,0,0,0,0.167267844080925,0,0,0,0,0,0,0,0,0,0,0,0.227878817266527,0,0,0,0.231435552239418,0,0,0,0,0,0.199331235479225,0,0,0,0,0,0.239897886720987,0,0,0,0,0,0.200011029839516,0,0,0,0,0.164933115243912,0,0.199850178397682,0,0.1918450223433,0,0,0,0,0,0,0,0,0,0,0,0.245333742877332,0.154298312801251,0,0.297386094032439,0,0
0,0,0,0,0,0,0,0,0,0,0,0,0,0,0,0,0.137612566351891,0.148352356049521,0.166836857795715,0,0,0.164985594909583,0,0.153961438958238,0,0,0,0,0,0,0,0,0,0,0,0,0,0,0,0,0,0,0,0,0,0,0.273105472326279,0,0,0,0,0,0,0,0,0,0,0,0,0.354367077350616,0,0.186547383666039,0,0,0.25607958655147,0,0.200259392460187,0,0.29635287510852,0,0.353007167577744,0,0,0,0,0,0,0,0,0,0,0,0.162390992045403,0,0,0,0
0,0,0,0,0,0,0,0,0.175117924809456,0,0,0,0,0,0.154761642217636,0,0.161215507040988,0.164623599838127,0.279552826986593,0,0,0,0.15207401663065,0,0.167267844080925,0,0,0,0,0,0,0,0,0,0,0,0,0,0,0,0,0,0,0,0,0,0,0,0,0,0,0,0,0,0,0,0,0,0,0,0,0,0,0,0,0,0,0.166712552309036,0,0,0,0.14577978849411,0,0,0,0,0,0,0,0.381821438670158,0,0,0.182556601730098,0.173316560165827,0.367736637592316,0,0
0,0,0,0,0,0,0,0,0,0,0,0,0,0,0,0,0,0,0,0,0,0.123557845130563,0,0,0,0,0,0,0,0.147575301880186,0,0,0,0,0,0,0,0,0,0,0,0,0,0,0,0,0,0,0,0,0,0,0,0,0,0,0,0,0,0.18144189869916,0,0,0,0,0,0,0,0,0,0,0.154098078387521,0,0,0,0,0,0,0,0,0,0,0,0,0.171759992837906,0,0,0
0,0,0,0,0,0,0,0,0,0,0,0,0,0,0,0,0,0,0,0,0,0,0.21911957487464,0,0,0,0,0,0,0,0.173057958483696,0,0,0,0,0,0,0,0.20375819504261,0,0,0,0,0,0,0,0,0,0.272891929580106,0,0,0,0,0,0,0,0,0,0,0,0,0,0,0.374755144119263,0,0.259731701802258,0,0.215990054607391,0,0.23590699583292,0,0.257693736602298,0,0.287266343832016,0,0,0,0,0,0,0,0.253665760159492,0,0,0,0,0
0,0,0,0,0,0,0,0,0,0,0,0.15557842311405,0,0,0,0,0,0,0,0,0,0,0,0,0,0,0,0.147575301880186,0,0,0,0,0,0,0,0,0,0.153928888837496,0,0,0,0,0,0,0,0,0,0,0,0,0,0,0,0,0,0,0,0.226044666920255,0,0,0,0,0,0,0,0,0,0,0,0,0.14731935943876,0,0.170300604615893,0,0,0,0,0,0,0,0.171344856421153,0,0.144387245178223,0,0,0,0
0,0,0.356774019343512,0,0.304897022247314,0,0,0,0,0,0.310884877840678,0,0,0,0,0,0.382572278380394,0,0.430601691206296,0,0.325641833245754,0,0,0,0,0,0,0,0.173057958483696,0,0,0,0,0,0,0,0.33383247256279,0,0.178814501601916,0,0.342800579965115,0,0.371123766260488,0,0,0,0.354006104171276,0,0.391151428222656,0,0.320796618858973,0,0,0,0,0,0.320124765315131,0.336980611085892,0,0,0,0,0,0.358937458330844,0,0,0,0,0,0,0,0,0,0.258732825338122,0,0,0,0,0,0.343274219996399,0,0.240463289347562,0.434489383779723,0.158329894689664,0.394289080585752,0,0.422053456306458
0,0,0,0,0,0,0,0,0,0,0,0,0,0,0,0,0,0,0,0,0,0,0,0,0,0,0,0,0,0,0,0,0.321361540795066,0.570401364251187,0,0.20226785838604,0.159021646432255,0,0,0,0,0,0,0,0,0,0,0.495073977366996,0.553793087601662,0.488887502596929,0,0,0,0,0,0,0,0,0,0,0,0,0,0,0,0,0,0,0,0,0,0,0,0,0.470689063538235,0.485990763798247,0.13848277926445,0,0.35030268906038,0.367243174910545,0,0,0.285049980506301,0,0.531569298770693,0,0
0,0,0.330084443092346,0,0,0,0,0,0,0,0,0,0,0,0,0,0,0,0,0,0,0,0,0,0,0,0,0,0,0,0,0.321361540795066,0,0,0.450209013236466,0.179881831774345,0.190302460625464,0,0,0,0,0,0.332287698984146,0,0,0,0.359600424766541,0.532506556302528,0.512084233760834,0.48899807035923,0,0,0,0,0,0,0,0,0,0,0,0,0,0,0,0,0,0,0,0,0,0,0,0,0.657587010010033,0.265367516740874,0,0.271115541381121,0.641316263299239,0.224755945767081,0,0,0.189385858787732,0,0.466726985844699,0,0
0,0,0,0.371297240257263,0,0.322100162506104,0,0,0,0,0,0,0,0,0,0,0,0,0,0,0,0,0,0,0,0,0,0,0,0,0,0.570401364251187,0,0,0.262533494749109,0.21060355566442,0,0.23943684452166,0.152838838049921,0,0,0,0.489845141768456,0,0,0,0,0.441687458428726,0.491170479492708,0.498923793435097,0,0,0,0,0,0,0,0,0,0,0,0,0,0,0,0,0,0,0,0,0,0,0,0,0.545855273803075,0,0.311939979025296,0.172414873685966,0.357849142203728,0.447092831134796,0.373605194105499,0.153276124557891,0.413642993608078,0,0.582859562502967,0,0
0,0,0,0,0,0,0,0,0,0,0,0,0,0,0,0,0,0,0,0,0,0,0,0,0,0,0,0,0,0,0,0,0.450209013236466,0.262533494749109,0,0,0.163168998823191,0,0.173530367287723,0,0,0,0.529201328754425,0,0,0,0,0.382681603557307,0.544503403902054,0.48872758820653,0,0,0,0,0,0,0,0,0,0,0,0,0,0,0,0,0,0,0,0,0,0,0,0,0,0.48380648818883,0.2015536935492,0.261004557811209,0.309524118900299,0.157578739297665,0.294130325317383,0.162598222494125,0.283738344574153,0,0.514266024033229,0,0
0,0,0,0,0,0.233826450812511,0,0,0,0,0,0.15351040288806,0,0,0,0,0,0.343258688847224,0.37180688060247,0.163153000475173,0,0,0,0,0,0,0,0,0,0,0,0.20226785838604,0.179881831774345,0.21060355566442,0,0,0.171501466510784,0.193125511293532,0,0.229829554530707,0,0.345942410983537,0,0.469747394323349,0,0.242478813000973,0,0.303678819301105,0.439780235290527,0.275088136593501,0,0.243035679513758,0,0,0,0,0,0.158261946656487,0,0,0,0,0.182978491447553,0,0,0,0,0,0,0,0,0,0.32331258803606,0,0.268408480598483,0,0.224796263183035,0,0.232827944597744,0.168857752567246,0.249255690630192,0,0.222132083317786,0.267574359127816,0.216528318561874,0.373891078763538,0
0,0,0.283017724752426,0,0.213159222900867,0.190077498555183,0.150688698887825,0,0,0,0.145797962943713,0,0,0,0,0,0.357609840956601,0.343459710478783,0.367844638880342,0,0.177697775486325,0,0,0,0,0,0,0,0,0,0.33383247256279,0.159021646432255,0.190302460625464,0,0.163168998823191,0.171501466510784,0,0,0.201926135866625,0,0.421316280961037,0,0.340042822772548,0,0.334463571508725,0.321251600980759,0.259029540522345,0.302829507513334,0.312368322696005,0.352326866984367,0.247891975502516,0,0,0,0,0,0.311081275343895,0,0,0,0,0,0,0.198916415573579,0,0,0,0,0,0,0,0.311712026596069,0,0.411793664097786,0.158515623637608,0.200082975982699,0,0.168336358494484,0.160580278902843,0.233851422402051,0,0.246511221794453,0.182381887723103,0.207322904877615,0.22501638274048,0,0.35744180281957
0,0,0,0,0,0,0,0,0,0.235043789824443,0,0.145450230906991,0,0,0,0,0,0,0,0.122598797082901,0,0.358570144123265,0,0.233271545032788,0,0,0,0,0,0.153928888837496,0,0,0,0.23943684452166,0,0.193125511293532,0,0,0.154053407358496,0,0,0.211397159295004,0.387840151786804,0,0,0.338629513978958,0,0.333911538124084,0,0.339649692899855,0,0,0,0,0,0.231407078603903,0,0.151556996577377,0,0,0,0,0.220401653296807,0,0.339710367334616,0,0.30353077662752,0,0,0,0.286343521215546,0,0.195813549682498,0,0,0,0.255381116602156,0,0.212714672584149,0,0.259738032679065,0.13920496538114,0.217550092919036,0.195623976311513,0.227471108745484,0.362221300601959,0
0,0,0,0,0.294471025466919,0,0,0,0.268061591328773,0,0.158044996818141,0,0,0,0,0,0,0,0.448319297283888,0,0.204002048624189,0,0.368175795924998,0,0.227878817266527,0,0,0,0.20375819504261,0,0.178814501601916,0,0,0.152838838049921,0.173530367287723,0,0.201926135866625,0.154053407358496,0,0,0.32702699303627,0,0.339139338582754,0,0.466740816831589,0,0.358907735523056,0.331396825420551,0.459328054702781,0,0.311297327280045,0,0,0,0.201442166169484,0,0.163022448826167,0,0,0,0,0,0,0.268687789408224,0,0.324068105916686,0,0.233415602882569,0,0.303098221619924,0,0.324458457853483,0,0.307020038366318,0,0,0,0.196037873625755,0,0.254495313748177,0.171922168135643,0.256556329887065,0.190317500929917,0.170734520662915,0.258286363783592,0,0.424931722027915
0,0.306672751903534,0,0.29392395958756,0,0.264400483005577,0,0,0,0,0,0,0,0,0,0,0.34653647830992,0.325492295284163,0.362553309077217,0,0,0,0,0,0,0,0,0,0,0,0,0,0,0,0,0.229829554530707,0,0,0,0,0.324536269903183,0.346811119004565,0.306205612421036,0.531348174109178,0,0.357807083793131,0.353411423308509,0.335155263543129,0,0.306968928344788,0,0.28781621158123,0,0,0,0,0.331969569126765,0.308274886437825,0,0,0,0,0.346585934140168,0.313170105218887,0,0,0,0,0,0,0.334982007741928,0,0.347398521269069,0,0,0,0,0,0.310520107495604,0.406343543529511,0.392834731605318,0,0.347210262073289,0.32930105422502,0.365110054028454,0.375683876731486,0.316987842321396
0.302706470092138,0,0.299992184186804,0,0.234136326238513,0,0,0,0,0,0.427368760108948,0,0,0,0.280897110700607,0,0.332887550925507,0.316452229895243,0.353658493363047,0,0.404141241312027,0,0,0,0,0,0,0,0,0,0.342800579965115,0,0,0,0,0,0.421316280961037,0,0.32702699303627,0.324536269903183,0,0.323485838042365,0.315244692692767,0,0.372728476558274,0.324759617447853,0.350893696849371,0.416545570352856,0.275606049379691,0.433792650699615,0.273884613066912,0,0,0,0,0,0.313458805144937,0.345093309879303,0,0,0,0,0,0.302105925467128,0,0,0,0,0,0,0,0,0.379233211278915,0.343591900358737,0.513589898745219,0.446991369912499,0,0,0.357590172971998,0.262036757303669,0.36733478307724,0.331919176770108,0.328415766541437,0.348436966760835,0.332030340782218,0.317723095417023,0.357171225216654
0.379383146762848,0.27853227604249,0.323568080862363,0.299811023305047,0.33813838660717,0.285038057714701,0,0,0,0.184002707587249,0,0,0,0,0,0,0.271082314706984,0.283752576674561,0.278358198658144,0,0,0.344322582085927,0,0.360140636563301,0,0,0,0,0,0,0,0,0,0,0,0.345942410983537,0,0.211397159295004,0,0.346811119004565,0.323485838042365,0,0.292198120318737,0.338787261396646,0.27827059229215,0.323487006955677,0.317141737937927,0.44373602932319,0.509928683439891,0.356172134609871,0.279763251543045,0.284576625341461,0,0,0,0.292035118987163,0.335793636061928,0.344214372731444,0,0.337844808896383,0,0,0.34945202125029,0.302067408959071,0,0,0.309960145503283,0,0.397150576114655,0,0.374695570688499,0,0.377319588284506,0.318470776081085,0,0,0,0,0.35326162864354,0.34080527164042,0.39084997104876,0,0.293602219453153,0.296787317089847,0.328106413618154,0.284757815501882,0.294571869075298
0.288602852491708,0,0.333826113830913,0.337287614742915,0.273704862141091,0.305761784315109,0,0,0.187234374880791,0,0.404463812708855,0,0,0,0,0,0.29030674023816,0.283800871292157,0.278251209047522,0,0.404557218154271,0,0,0,0.231435552239418,0,0,0,0,0,0.371123766260488,0,0.332287698984146,0.489845141768456,0.529201328754425,0,0.340042822772548,0.387840151786804,0.339139338582754,0.306205612421036,0.315244692692767,0.292198120318737,0,0,0.250522289133857,0.327281850715016,0.316392026725512,0.538112606321062,0.416730186190849,0.480547628972841,0.27892767675221,0.321790993213654,0,0,0,0,0.378787465591814,0,0,0,0.324720144271851,0,0.318444326519966,0.340985075692366,0,0,0,0,0,0,0,0.400242208488404,0.333560715119044,0.378041189665513,0,0,0,0,0.324549860995391,0.345412510193235,0.359956353902817,0.413712768095682,0.309306054695703,0.299483146054465,0.326227199982287,0.268307910611232,0.251844999765431
0,0.42784321308136,0,0,0,0,0,0,0,0,0,0,0,0,0,0,0.347162050008774,0,0.502182615222409,0,0,0,0,0,0,0,0,0,0,0,0,0,0,0,0,0.469747394323349,0,0,0,0.531348174109178,0,0.338787261396646,0,0,0,0.387053471058607,0.364291995763779,0,0,0.371075659990311,0,0,0,0,0,0,0,0,0,0,0,0,0,0,0,0,0,0,0,0,0,0,0.487802331646283,0,0,0,0,0,0.509814534463039,0,0.56692261248827,0,0.459974926896393,0.383411794900894,0.578221474375044,0.330508515238762,0
0,0,0,0,0,0,0,0,0,0,0,0,0,0,0,0,0.293165034972704,0.294602146744728,0.27303965917871,0,0,0,0,0,0,0,0,0,0,0,0,0,0,0,0,0,0.334463571508725,0,0.466740816831589,0,0.372728476558274,0.27827059229215,0.250522289133857,0,0,0.31349390745163,0.354837555227415,0,0,0,0,0,0,0,0,0,0,0,0,0,0,0,0,0.348413335425513,0,0,0,0,0,0,0,0,0,0.408580203851064,0,0,0,0,0,0.379338423035059,0,0.451678618788719,0.215964720930372,0.260597818664142,0.312268228427078,0,0.274739471574624
0,0,0.321763821338352,0.276172799244523,0.289915397763252,0.237505327378001,0,0,0,0,0.330027550458908,0,0,0,0,0,0.32435055351571,0.319836455397308,0.335928850975193,0.257225751876831,0,0.330583736300468,0,0,0,0,0,0,0,0,0,0,0,0,0,0.242478813000973,0.321251600980759,0.338629513978958,0,0.357807083793131,0.324759617447853,0.323487006955677,0.327281850715016,0.387053471058607,0.31349390745163,0,0.304650205799512,0.289016683186804,0,0.311644994411148,0.282882514927122,0.260607019066811,0,0,0,0,0.334614669283231,0.325969340935559,0,0.354512333869934,0,0,0.288351445072828,0.337516685326894,0,0,0,0,0,0,0.35861179495559,0.373147010803223,0.37245553492089,0.341837927699089,0,0,0,0,0.30244977180796,0.327468672624001,0.357625702207179,0.381777137517929,0.337179982039537,0.314235375208013,0.342488525121055,0.29833504461473,0.333314090967178
0.292761921882629,0,0.260853966077169,0.315927306811015,0.228199600881221,0.286491423845291,0,0,0.215752919514974,0,0.346331779162089,0,0,0,0.284436255693436,0,0.335576877218706,0.311022453296643,0.354468066014233,0,0.341501127630472,0.339891731739044,0,0,0,0.273105472326279,0,0,0,0,0.354006104171276,0,0.359600424766541,0,0,0,0.259029540522345,0,0.358907735523056,0.353411423308509,0.350893696849371,0.317141737937927,0.316392026725512,0.364291995763779,0.354837555227415,0.304650205799512,0,0.312332574278116,0.269179866043596,0.312125939130783,0.236494275042787,0.296963304281235,0,0,0,0,0.313836758019253,0.317424578326089,0,0,0,0,0.323019802570343,0.321528908571962,0,0,0,0,0,0,0.331482328474522,0.344731271266937,0.337391519546509,0.364129576092911,0,0,0,0,0.353120991960168,0.318556060243206,0.331981456279755,0.4372582423385,0.340830209469894,0.332678121710435,0.345645493871271,0.310525798797607,0.29998644980891
0.38572373688221,0.384115199247996,0.366805490106344,0.3164297858874,0.295455358922482,0.316687901814779,0,0,0,0,0,0,0,0,0,0,0,0,0,0,0.34784397482872,0,0,0.351131677627563,0,0,0,0,0,0,0,0.495073977366996,0.532506556302528,0.441687458428726,0.382681603557307,0.303678819301105,0.302829507513334,0.333911538124084,0.331396825420551,0.335155263543129,0.416545570352856,0.44373602932319,0.538112606321062,0,0,0.289016683186804,0.312332574278116,0,0.550716654415907,0.443067228977275,0.29745702445507,0.278223882118861,0,0,0,0,0.381370920687914,0,0,0,0,0,0,0.277958124876022,0,0,0.352784007787704,0,0,0,0,0.410836666822433,0.385031759738922,0,0.538833879594258,0.508954985863716,0.336365173722422,0.208919063210487,0.47817280332339,0.428592010736465,0.395068906082047,0.352091196717487,0.605000623992646,0.44455724773985,0.455857575872765,0.342772126197815,0
0.204444034481483,0,0.2860945135355,0,0.271390870639256,0,0,0,0.171657592058182,0,0.336798250675201,0,0,0,0,0,0.287720292806625,0.321134239435196,0.317249419201504,0,0.346388002236684,0,0.325847378146343,0,0.199331235479225,0,0,0,0.272891929580106,0,0.391151428222656,0.553793087601662,0.512084233760834,0.491170479492708,0.544503403902054,0.439780235290527,0.312368322696005,0,0.459328054702781,0,0.275606049379691,0.509928683439891,0.416730186190849,0,0,0,0.269179866043596,0.550716654415907,0,0.488135038189186,0.280149268179104,0.334417104721069,0,0,0.220250349491835,0,0.323595932042095,0,0.288280834076983,0,0.229558213760978,0,0,0.29835489445499,0,0.354881775261152,0,0.228088286072016,0,0.240802467361955,0,0.303339910772882,0,0.317773691973379,0.453489750623703,0.421260040895692,0,0,0.431091163307428,0.305156659069319,0.399457216262817,0.410389970098772,0.5584009181168,0.322485160614763,0.406484035298401,0,0.332780661908063
0.450410038232803,0.204535838911089,0,0.257408008644623,0,0.278762022985352,0,0,0,0.255798913538456,0,0,0,0,0,0,0.313863217830658,0.305182468146086,0.32498890409867,0,0,0.322072550408788,0,0.33754065578137,0,0,0,0,0,0,0,0.488887502596929,0.48899807035923,0.498923793435097,0.48872758820653,0.275088136593501,0.352326866984367,0.339649692899855,0,0.306968928344788,0.433792650699615,0.356172134609871,0.480547628972841,0.371075659990311,0,0.311644994411148,0.312125939130783,0.443067228977275,0.488135038189186,0,0,0.272141438864526,0,0,0,0.234255002811551,0.346460282802582,0.385827118604719,0,0.271425657360642,0,0.234146646261215,0.372342313522274,0,0.43240584481147,0,0.281680218343224,0,0.32680606842041,0,0.354529949050423,0,0.372073133912268,0,0.365729883313179,0.430557727813721,0.399301081895828,0,0.296458702206612,0.388317573070526,0.355934244785866,0.46865051984787,0.437788226157656,0.32013120174965,0.353326404616674,0.337724045703286,0
0,0,0.210348589055111,0.304921463131905,0.204979775955146,0,0.163566336035728,0,0.194116684320931,0,0,0,0,0,0.197090499103069,0,0.295795291662216,0,0,0,0.29951422851194,0,0,0,0,0,0,0,0,0,0.320796618858973,0,0,0,0,0,0.247891975502516,0,0.311297327280045,0,0.273884613066912,0.279763251543045,0.27892767675221,0,0,0.282882514927122,0.236494275042787,0.29745702445507,0.280149268179104,0,0,0,0.298780351877213,0,0.194267557024956,0,0.243058855110599,0.269850939512253,0.241533612469574,0,0.21589066605601,0,0,0.325427885116643,0,0,0,0,0,0,0,0.321492940187454,0.333428770303726,0.317699816077948,0,0,0,0,0.270861506462097,0.286877756131192,0.328578382730484,0.31999452731439,0.195121335911926,0.249105040516172,0.270637978894123,0,0.274574846029282
0,0.236687421798706,0.311328887939453,0.259083595931714,0,0.224431317662719,0,0,0,0.240149742790631,0,0,0,0,0,0,0,0,0.277083545923233,0.216611919000866,0,0,0,0,0,0,0,0,0,0,0,0,0,0,0,0.243035679513758,0,0,0,0.28781621158123,0,0.284576625341461,0.321790993213654,0,0,0.260607019066811,0.296963304281235,0.278223882118861,0.334417104721069,0.272141438864526,0,0,0,0.290737489530121,0,0.251874206886347,0.322938412427902,0.25258269083446,0,0,0,0.277361582104976,0.321346567070577,0,0,0,0,0,0,0,0,0,0.312246839205424,0,0,0,0,0,0.292849038181634,0,0.32227885723114,0,0.203260490652716,0.270211547613144,0.293441321916447,0,0
0,0,0,0,0,0,0.233005805512269,0,0,0,0.219420433701838,0,0,0,0,0,0,0,0,0,0.210317178141503,0,0,0,0,0,0,0,0,0,0,0,0,0,0,0,0,0,0,0,0,0,0,0,0,0,0,0,0,0,0.298780351877213,0,0,0,0,0,0.256735447671387,0,0,0,0,0,0,0.26721634529531,0,0,0,0,0,0,0,0,0,0,0,0,0,0,0,0,0,0,0.167654610105923,0,0,0,0
0,0,0,0,0,0,0,0.16253396732553,0,0,0,0.204400551815828,0,0,0,0,0,0,0,0.178393094667367,0,0,0,0,0,0,0,0,0,0,0,0,0,0,0,0,0,0,0,0,0,0,0,0,0,0,0,0,0,0,0,0.290737489530121,0,0,0,0,0,0.251866727010023,0,0.242787222067515,0,0,0.234465639805421,0,0,0,0,0,0,0,0,0,0,0,0,0,0,0,0,0,0,0,0.169622626351683,0,0.231614922483762,0,0
0.217761124095784,0,0.166249056657155,0,0,0,0,0,0.212067617845052,0,0,0,0,0,0.161326196686975,0,0,0,0,0,0,0,0,0,0.239897886720987,0,0,0,0,0,0,0,0,0,0,0,0,0,0.201442166169484,0,0,0,0,0,0,0,0,0,0.220250349491835,0,0.194267557024956,0,0,0,0,0,0,0,0,0,0.234483813758159,0,0,0,0,0,0,0.266549648502455,0,0.209088358062285,0,0,0,0,0,0,0,0,0,0,0,0.295215884844462,0,0,0.255390226710832,0,0
0,0.219836738437708,0,0.212929453838755,0,0.203032877917091,0,0,0,0.249558461062737,0,0,0,0,0,0.158017792691619,0,0,0,0,0,0,0,0.293095683058103,0,0,0,0,0,0,0,0,0,0,0,0,0,0.231407078603903,0,0,0,0.292035118987163,0,0,0,0,0,0,0,0.234255002811551,0,0.251874206886347,0,0,0,0,0,0,0,0,0,0.208348276967905,0,0,0,0,0.270510198914858,0,0.231540953119596,0,0,0,0,0,0,0,0,0,0,0,0.329901129007339,0,0.225811818371648,0,0.226199106623729,0,0
0,0,0.318396864496932,0.345899365842342,0.287445114209102,0,0.21235553920269,0,0.277137070894241,0,0.225883573539889,0,0.171681486508426,0,0,0,0.346373057365417,0.364950716495514,0.398020369356329,0,0.296655759618089,0,0.346217602491379,0,0,0,0,0,0,0,0.320124765315131,0,0,0,0,0,0.311081275343895,0,0.163022448826167,0.331969569126765,0.313458805144937,0.335793636061928,0.378787465591814,0,0,0.334614669283231,0.313836758019253,0.381370920687914,0.323595932042095,0.346460282802582,0.243058855110599,0.322938412427902,0.256735447671387,0,0,0,0,0.338132306933403,0.324861877795422,0,0.297720598531704,0,0.349846288561821,0.342579880964207,0,0,0,0,0,0,0.356709319353104,0.405036250368143,0.349369121094545,0.410774837561588,0,0,0,0,0.328753098845482,0.317701284339031,0.354870073497295,0.386214306721321,0.319487406815613,0.354583022269336,0.378978224316785,0.34542179107666,0.376731669731277
0,0,0.304562121629715,0.289743192634493,0,0.273207798253658,0,0.206384664232081,0,0,0,0.203592379117499,0,0.158338392774264,0,0,0,0,0.347394755908421,0.192061601944689,0,0.355435281991959,0,0.377076640725136,0,0,0,0,0,0.226044666920255,0.336980611085892,0,0,0,0,0.158261946656487,0,0.151556996577377,0,0.308274886437825,0.345093309879303,0.344214372731444,0,0,0,0.325969340935559,0.317424578326089,0,0,0.385827118604719,0.269850939512253,0.25258269083446,0,0.251866727010023,0,0,0.338132306933403,0,0,0.33960471741574,0,0.30666415227784,0.312439097101771,0.313939183950424,0,0,0.381175763077206,0,0.406700084004739,0,0.408641816990124,0,0.352365644736594,0,0,0,0,0,0.312776505947113,0,0.363157361124953,0,0.32847948372364,0.367328733205795,0.341918092013408,0.35811702311039,0
0,0,0,0,0.207348412701062,0,0,0,0,0,0.173961209505796,0,0.183420072748976,0,0.198556054383516,0,0,0,0,0,0,0,0,0,0,0,0,0,0,0,0,0,0,0,0,0,0,0,0,0,0,0,0,0,0,0,0,0,0.288280834076983,0,0.241533612469574,0,0,0,0,0,0.324861877795422,0,0,0,0.275346049783277,0,0,0.332516595721245,0,0,0,0,0,0.23300185532142,0,0.234727391999874,0,0,0,0,0,0,0,0.343823730945587,0,0,0.158389026920001,0,0.311965446919203,0,0
0,0,0,0.278720177710056,0,0,0,0,0,0,0,0.144352379170331,0,0.158861735463142,0,0,0,0,0,0,0,0.338469386100769,0,0.352496296167374,0,0.354367077350616,0,0.18144189869916,0,0,0,0,0,0,0,0,0,0,0,0,0,0.337844808896383,0,0,0,0.354512333869934,0,0,0,0.271425657360642,0,0,0,0.242787222067515,0,0,0,0.33960471741574,0,0,0,0.300347781159341,0.323445638020833,0,0,0,0.353302177786827,0,0.354577997349259,0,0.382137392370188,0,0.324583739042282,0,0,0,0,0,0,0,0,0,0,0,0.317596393911278,0,0
0.197637401323403,0,0.171634681522846,0,0.184173798986844,0,0,0,0.179117786642098,0,0,0,0,0,0.160738304080699,0,0.18631354096483,0.192983761429787,0.24078057706356,0,0,0,0,0,0.200011029839516,0,0,0,0,0,0,0,0,0,0,0,0,0,0,0,0,0,0.324720144271851,0,0,0,0,0,0.229558213760978,0,0.21589066605601,0,0,0,0.234483813758159,0,0.297720598531704,0,0.275346049783277,0,0,0,0,0,0,0,0,0.194624723358588,0,0.248628499252456,0,0.272661886281437,0,0,0,0,0,0,0,0,0,0,0.162167645519835,0,0.218341713442522,0,0.249517679214478
0,0.167777816454569,0,0.244907198250294,0,0,0,0,0,0.228990017013116,0,0,0,0,0,0.214786858327927,0,0,0,0,0,0,0,0,0,0.186547383666039,0,0,0,0,0,0,0,0,0,0,0,0,0,0,0,0,0,0,0,0,0,0,0,0.234146646261215,0,0.277361582104976,0,0,0,0.208348276967905,0,0.30666415227784,0,0.300347781159341,0,0,0,0,0,0,0.310150813311338,0,0.242724260441887,0,0.299046508967876,0,0,0,0,0,0,0,0,0,0,0,0,0,0.297668486833572,0,0
0,0.306376993656158,0,0.283161983887355,0,0.309075867218829,0,0.184446952882267,0,0,0,0.1551441934758,0,0,0,0,0.315402631248747,0.312955349683762,0.328581056277442,0.231522011702134,0,0.345838864644368,0,0.360006958246231,0,0,0,0,0,0,0,0,0,0,0,0.182978491447553,0,0.220401653296807,0,0.346585934140168,0,0.34945202125029,0.318444326519966,0,0,0.288351445072828,0.323019802570343,0,0,0.372342313522274,0,0.321346567070577,0,0.234465639805421,0,0,0.349846288561821,0.312439097101771,0,0.323445638020833,0,0,0,0.342278212308884,0,0,0.360120624303818,0,0.386916687091192,0,0.395184489446956,0,0.367115987602319,0,0,0,0,0,0.294934458684961,0,0.316516352370719,0,0.248510829264467,0.326979333446139,0.337580568795298,0.31026900775971,0
0.580559730529785,0,0.311464534037643,0.360957423845927,0.236885775189373,0.323937207460403,0.169690802693367,0,0.277804486453533,0,0.232706546961786,0,0,0,0,0,0.341051633541401,0.311767752468586,0.342021195146075,0,0.264815191782829,0,0,0,0,0,0,0,0.374755144119263,0,0.358937458330844,0,0,0,0,0,0.198916415573579,0,0.268687789408224,0.313170105218887,0.302105925467128,0.302067408959071,0.340985075692366,0,0.348413335425513,0.337516685326894,0.321528908571962,0.277958124876022,0.29835489445499,0,0.325427885116643,0,0.26721634529531,0,0,0,0.342579880964207,0.313939183950424,0.332516595721245,0,0,0,0.342278212308884,0,0,0,0,0,0,0,0,0.387780454009771,0.350443542003632,0.379879542834618,0,0,0,0,0.329592376947403,0.298841773692025,0,0.387286835832051,0.292519735334054,0.307245543328199,0.37402970736038,0,0.380541853930639
0,0,0,0,0,0,0,0,0,0,0,0,0,0,0,0,0,0,0,0,0,0.245987997691053,0,0.237968667641582,0,0.25607958655147,0,0,0,0,0,0,0,0,0,0,0,0.339710367334616,0,0,0,0,0,0,0,0,0,0,0,0.43240584481147,0,0,0,0,0,0,0,0,0,0,0,0,0,0,0,0,0.267774531120885,0,0.297991288551815,0,0.259246359783164,0,0.376814380288124,0,0,0,0,0,0,0,0.374574188848137,0,0,0,0,0,0
0,0,0,0,0,0,0,0,0,0,0,0,0,0,0,0,0,0,0,0,0,0,0.257145854804609,0,0.164933115243912,0,0,0,0.259731701802258,0,0,0,0,0,0,0,0,0,0.324068105916686,0,0,0,0,0,0,0,0,0,0.354881775261152,0,0,0,0,0,0,0,0,0,0,0,0,0,0,0,0,0,0,0.260903455725702,0,0.339484178138298,0,0.284479476635291,0,0.339910338322322,0,0,0,0,0,0,0,0.295790105547953,0.172401448239141,0,0.346580922603607,0,0.35673388838768
0,0.235809716632811,0,0,0,0,0,0,0,0.250516727566719,0,0,0,0,0,0,0,0.222897981221859,0,0,0,0.245842779387665,0,0.263811095484665,0,0.200259392460187,0,0,0,0,0,0,0,0,0,0,0,0.30353077662752,0,0,0,0.309960145503283,0,0,0,0,0,0.352784007787704,0,0.281680218343224,0,0,0,0,0,0.270510198914858,0,0.381175763077206,0,0.353302177786827,0,0.310150813311338,0.360120624303818,0,0.267774531120885,0,0,0,0.327264835789135,0,0.300483440980315,0,0,0,0,0,0,0,0,0,0.333488551126941,0,0.308981190621853,0.364412615696589,0.299901496538872,0,0
0.220550561944644,0,0,0,0,0,0,0,0.18124482780695,0,0,0,0,0,0,0,0,0,0,0,0,0,0.213675693155976,0,0.199850178397682,0,0.166712552309036,0,0.215990054607391,0,0,0,0,0,0,0,0,0,0.233415602882569,0,0,0,0,0,0,0,0,0,0.228088286072016,0,0,0,0,0,0.266549648502455,0,0,0,0,0,0.194624723358588,0,0,0,0,0.260903455725702,0,0,0,0.207668383013118,0,0.24628803649774,0,0,0,0,0,0,0,0,0,0.295649542867972,0.166456334016941,0,0.320687511522476,0,0
0,0,0,0,0,0,0,0,0,0,0,0,0,0,0,0,0,0.178670352697372,0,0,0,0.220730939761121,0,0.270587027072906,0,0.29635287510852,0,0,0,0,0,0,0,0,0,0,0,0,0,0,0,0.397150576114655,0,0,0,0,0,0,0,0.32680606842041,0,0,0,0,0,0.231540953119596,0,0.406700084004739,0,0.354577997349259,0,0.242724260441887,0.386916687091192,0,0.297991288551815,0,0.327264835789135,0,0,0,0.328272051591527,0,0,0,0,0,0,0,0,0,0,0,0.144641335363741,0,0.36957770511508,0,0
0,0,0,0,0,0,0,0,0.184810483684907,0,0,0,0,0,0.165642701089382,0,0.170507119702441,0,0,0,0,0,0.258137923395522,0,0.1918450223433,0,0,0,0.23590699583292,0,0,0,0,0,0,0,0,0,0.303098221619924,0,0,0,0,0,0,0,0,0,0.240802467361955,0,0,0,0,0,0.209088358062285,0,0,0,0.23300185532142,0,0.248628499252456,0,0,0,0,0.339484178138298,0,0.207668383013118,0,0,0,0.308625625508527,0,0,0,0,0,0,0,0,0,0.283253835514188,0.153919010382632,0.166579157114029,0.185145943647339,0,0
0,0.353657186031342,0,0.345587856494463,0,0.293988615274429,0,0,0,0,0,0,0,0.192253030836582,0,0,0,0,0.37481140345335,0,0,0.311843726893405,0,0.293191094170598,0,0.353007167577744,0,0.154098078387521,0,0.14731935943876,0,0,0,0,0,0,0,0.286343521215546,0,0.334982007741928,0,0.374695570688499,0,0,0,0.35861179495559,0.331482328474522,0,0,0.354529949050423,0,0,0,0,0,0,0.356709319353104,0.408641816990124,0,0.382137392370188,0,0.299046508967876,0.395184489446956,0,0.259246359783164,0,0.300483440980315,0,0.328272051591527,0,0,0,0.400419621229172,0,0,0,0,0,0.321959556639195,0,0.266587561353501,0,0.324916394352913,0,0.391022859087328,0.392970485819711,0
