0,0,10.0717962384224,0,0,0,0,0,169.922377020121,0,2.03411623835564,0,0,0,0,0,0,0,57.2562173902988,0,27.3677192479372,0,0,0,11.6667324006557,0,5.65983235836029,0,0,0,0,0,0,0,0,0,26.0998031646013,0,0.200716838240623,0,8.79058769345284,0,47.3855764120817,0,2.43616962432861,0,17.9774420261383,0,21.1484371423721,0,0,0,0,0,172.380314946175,0,7.23172706365585,0,0,0,41.1344998776913,0,0,52.328902900219,0,0,0,0.961603879928589,0,23.2510294318199,0,0,0,0,0,0,0,0,0.669432044029236,96.826230764389,0,9.11273612082005,204.091619536281,0,123.044755771756,0,0.978831201791763
0,0,0,157.334367930889,0,0,0,0,0,580.569938898087,0,0,0,0,0,0,0,0,0,0,0,0,0,0,0,0,0,0,0,0,0,0,0,0,0,0,0,0,0,0.118800044059753,0,3.52794107794762,0,0,0,0,0,0,0,34.6950847804546,0,0,0,0,0,231.384194821119,0,6.4622865319252,0,6.00290359556675,0,45.1774561703205,0,0,0,0,5,0,0,0,0,0,0,0,0,0,0,0,2.61154434084892,0,0,0,221.874911993742,0,78.6477009505033,0,0
10.0717962384224,0,0,0.467813804745674,139.163318991661,0,0,0,162.9655623734,0,1.70719397068024,0,0,0,0,0,0,0,1.70742982625961,0,9.44055108726025,0,0,0,0,0,0,0,0,0,0,0,0,0,0,0.127322480082512,4.93517474830151,0,0.660577118396759,0,15.0400648415089,0,12.1375777721405,0,0,3.67896687984467,2.35922989249229,1.65956182777882,70.7027759552002,0.601906031370163,45.6468105018139,0,0,0,344.403390735388,0,6.54988965392113,0,47.8170610964298,0,45.6072267889977,0,0,16.4479628652334,0,0,0,0,0,0,0,0,0,0,0,0,0,0,0.430679678916931,29.896999925375,0,2.36791725456715,115.702076748013,1.71392074227333,321.376445442438,0,1.39532244205475
0,157.334367930889,0.467813804745674,0,0,197.466618150473,0,0,0,381.27839705348,0.529835000634193,18.0639150589705,0,1.22206515073776,0,0,0,0.148343950510025,8.95425800979137,15.7283309549093,0,0,0,0,0,0,0,0,0,0,0,0,0,0,0,46.9131726175547,0.524434268474579,0,0,18.5241611301899,0,215.886905349791,0.498025506734848,0,0,25.9238727688789,0,11.9697682112455,36.1547477394342,76.1753129288554,0,239.791301414371,0,0,0,689.454876244068,8.7305623665452,260.243358060718,1.45827390253544,83.2486421465874,1.24146890640259,252.421292483807,5.78917914628983,0.771529152989388,0,0,0,0,0,0,0,0,19.7713143378496,0,0,0,0,0,50.380787037313,0.536371499300003,5.45203317701817,0.56131686270237,491.810866713524,9.44872160255909,478.053398251534,10.8630187064409,0.348777309060097
0,0,139.163318991661,0,0,0,11.8851127624512,0,166.232644379139,0,0,0,0,0,17.1045025587082,0,0,0,0,0,13.5697147548199,0,0,0,0,0,0,0,0,0,0,0,0,0,0,0,2.67362090945244,0,0,0,3.88949631154537,0,0.828589737415314,0,0,1.28481924533844,0,0.544018805027008,4.29624453186989,0,236.440690487623,0,0,0,67.4347932338715,0,12.1149927377701,0,0.420849531888962,0,0.920188188552856,0,0,3.50223633646965,0,0,0,0,0,0,0,0,0,0,0,0,0,0,0.824271142482758,1.68767255544662,0,0,202.337570369244,0,93.140972211957,0,0
0,0,0,197.466618150473,0,0,0,10.3553242087364,0,125.344207674265,0,0.342332482337952,0,3.25859022140503,0,0,0,0,0,68.0861681103706,0,0,0,0,0,0,0,0,0,0,0,0,0,0,0,18.9456019699574,0,0,0,0.133917793631554,0,1.1367309987545,0,0,0,0.388607293367386,0,0,2.14426104724407,2.57420264184475,0,656.070623368025,0,6.90924972295761,0,23.759270042181,0.826384097337723,1.09810307621956,0,96.4624242186546,0.455589860677719,0,33.305389970541,0,0,0,0,0,0,0,0,0,0,0,0,0,0,0,27.7088541984558,0,0,0,667.815458089113,18.5010612308979,226.467144519091,0,0
0,0,0,0,11.8851127624512,0,0,0,0,0,210.413664489985,0,2.24269652366638,0,0,0,0,0,0,0,21.742041349411,0,0,0,0,0,0,0,0,0,0,0,0,0,0,0,0,0,0,0,0,0,0,0,0,0,0,0,0,0,8.64821326732635,0,95.7460166811943,0,0,0,1.64694073796272,0,0,0,0,0,0,0,0,0,0,0,0,0,0,0,0,0,0,0,0,0,0,0,0,0,172.676050126553,0,0,0,0
0,0,0,0,0,10.3553242087364,0,0,0,0,0,27.8618986010551,0,8.12524271011353,0,0,0,0,0,23.743677675724,0,0,0,0,0,0,0,0,0,0,0,0,0,0,0,0,0,0,0,0,0,0,0,0,0,0,0,0,0,0,0,59.8441067934036,0,405.892897367477,0,0,0,239.06650853157,0,137.877379536629,0,0,1.70529103279114,0,0,0,0,0,0,0,0,0,0,0,0,0,0,0,0,0,0,0,230.199267596006,1.96673226356506,0,0,0
169.922377020121,0,162.9655623734,0,166.232644379139,0,0,0,0,0,0,0,0,0,57.6022630780935,0,327.262599021196,43.9718373715878,36.7504296600819,0,0.24463739991188,0,43.8826643824577,0,140.603952720761,0,234.546322971582,0,0,0,0,0,0,0,0,0,2.53305554389954,0,12.6178285777569,0,0,1.65784633159637,35.4132418632507,0,0,0,0.781869620084763,0.981580436229706,3.05116081237793,0,7.51394483447075,0,0,0,1381.64107315242,0,0.349689811468124,0,0,0,95.9805693328381,0,0,0.675029218196869,0,8.29799410700798,0,12.3987367600203,0,77.6394498497248,0,0,0,0,0,0,0,0,0.658320069313049,10.0857851207256,0,1.57053792476654,799.528390720487,7.18869739770889,248.384096950293,0,0
0,580.569938898087,0,381.27839705348,0,125.344207674265,0,0,0,0,0,3.70599126815796,0,0,0,92.2193884253502,0.223034396767616,105.723652988672,1.08057034015656,0,0,0,0,79.8508611917496,0,3.56090474128723,0,0,0,0,0,0,0,0,0,2.84941852092743,0.166619032621384,11.620381385088,0,0,0,54.3112164735794,0,0,0,0,0,0,0.246877640485764,15.0205393880606,0,0,0,0,0,887.12880718708,1.11713698506355,2.13251139223576,0,0,0,44.7435168623924,0,0,0,0,10.5413290262222,0,0,0,0,0,0.313185960054398,0,0,0,0,0,0.553779184818268,0,0,0,797.249247297645,64.8465632498264,247.932812914252,0,0
2.03411623835564,0,1.70719397068024,0.529835000634193,0,0,210.413664489985,0,0,0,0,0,53.6227934360504,0,0.495420545339584,0,2.02830898761749,0,16.2598381191492,0,237.033329993486,0,0,0,0,0,0,0,0,0,164.020414561033,0,0,0,0,0,85.9055391848087,0,1167.73802724481,0,14.0482890084386,0.981139361858368,32.8271919041872,0,0,0,2.23065112531185,0,9.4213982000947,0.664651811122894,0,0,3.51072227954865,0,0.57745572924614,0,1658.62101016194,0,2.56831945478916,0,0,0,0,460.482142090797,0,0.249006524682045,0,0,0,0,0,0,0,48.6204917430878,0,0,0,0,0.181524828076363,105.968761220574,0,120.764223083854,596.734665632248,0.264955043792725,92.8781363144517,0,26.1869759261608
0,0,0,18.0639150589705,0,0.342332482337952,0,27.8618986010551,0,3.70599126815796,0,0,0,76.3645454198122,0,0,0,2.09085094928741,24.6574629247189,312.671474933624,0,0,0,0,0,0,0,0,0,16.4365291297436,0,0,0,0,0,25.6491848230362,0,614.779524207115,0,2.62750299274921,0,55.8873115330935,0.370686531066895,9.88417747616768,0,177.655534595251,0,0,0.475643336772919,1.51452703028917,0,3.24878880381584,0,32.4135200083256,0,0,0,1947.22050967067,0,44.9823934733868,0,0,48.073553904891,0,0,0,0,0,0,0,0,0,114.535930708051,0,0,0,0,0,9.12289561331272,0,52.7064885944128,0.553841650485992,560.209521070123,1.29625576734543,56.0671309679747,40.5337742567062,0
0,0,0,0,0,0,2.24269652366638,0,0,0,53.6227934360504,0,0,0,0,0,0,0,0,0,0,0,0,0,0,0,0,0,11.1613974571228,0,0,0,0,0,0,0,0,0,0,0,0,0,0,0,0,0,0,0,0.188267216086388,0,0,0,3.24823307991028,0,0,0,1.30315360426903,0,516.929433688521,0,0.562489226460457,0,0,0,0,0,0,0,0,0,0,6.35481390357018,0,0,0,0,0,0,0,0,0,0,11.2268087863922,0,0,0,0
0,0,0,1.22206515073776,0,3.25859022140503,0,8.12524271011353,0,0,0,76.3645454198122,0,0,0,104.597479104996,0,0,0,0,0,0,0,0,0,0,0,3.20055830478668,0,2.67089994251728,0,0,0,0,0,0,0,0,0,0,0,0,0,0,0,0,0,0,0,0,0,5.96014070510864,0,18.4608324766159,0,0,0,122.589789584279,0,697.430919855833,0,55.2045104503632,0,0,0,0,0,0,0,0,9.53147438168526,0,7.43041072785854,0,0,0,0,0,0,0,0,0,230.132590532303,0,0,0,0
0,0,0,0,17.1045025587082,0,0,0,57.6022630780935,0,0.495420545339584,0,0,0,0,0,244.268742278218,7.88539090752602,7.25845357775688,0,0,0,62.7057163268328,0,46.1435126364231,0,112.246114224195,0,0,0,0,0,0,0,0,0,1.7246972322464,0,0.577184438705444,0,0,0.356108605861664,0,0,0,0,0,0,0,0,2.6594255566597,0,0,0,87.4009665548801,0,0,0,0,0,246.174188613892,0,0,0,0,24.3313660025597,0,9.41645130515099,0,126.304958999157,0,0,0,0,0,0,0,0,0,4.19135063886642,0,0.918482959270477,246.149439573288,6.90833526849747,0,0,0
0,0,0,0,0,0,0,0,0,92.2193884253502,0,0,0,104.597479104996,0,0,0,263.074580699205,0,0,0,1.48553118109703,0,22.698584407568,0,96.8862336874008,0,7.1839005947113,0,0,0,0,0,0,0,0,0,0,0,0,0,0,0,0,0,0,0,0,0,0,0,0,0,0,0,140.871302485466,0,0,0,68.4529159069061,0,174.161158025265,0,0,0,0,0,0,26.0514611005783,0,0,0,0,0,0,0,0,0,0,0,0,0,356.034002572298,0,0,0,0
0,0,0,0,0,0,0,0,327.262599021196,0.223034396767616,2.02830898761749,0,0,0,244.268742278218,0,0,9299.94710288942,3857.24660857022,0.241940200328827,3.47731396555901,9.57330587506294,1538.80183953047,6.10107710957527,332.839194312692,0,1404.90128016472,0,0,0,1.03590297698975,0,0,0,0,3.37289473414421,33.4041615799069,0,7.18108224868774,16.3877674788237,17.7753567844629,22.0531909391284,56.1668412089348,5.78302562236786,0,3.13351857662201,10.3926980495453,0,0,0.622579731047153,0,0,0,0,21.6907044947147,0,5.63904991745949,0,0.266303360462189,0,120.878310918808,0,3.62330457568169,13.2444659769535,3.37941741943359,307.63412630558,0,13.7607281506062,0.320745915174484,538.716426089406,0,0,0,0,0,0,0,0,20.0491894036531,153.46528737247,2.40076321363449,52.261021181941,8250.87532356381,20.4334341883659,95.3150666132569,0,7.13527579605579
0,0,0,0.148343950510025,0,0,0,0,43.9718373715878,105.723652988672,0,2.09085094928741,0,0,7.88539090752602,263.074580699205,9299.94710288942,0,5749.35705856979,0,2.22177454829216,416.908774390817,183.490495875478,341.856668442488,56.096881300211,1161.22729474306,94.399816095829,7.95349144935608,0,0,0,0,0,0,0,8.51312389969826,10.3618337661028,0,7.92938289046288,13.4584565833211,6.37538912892342,44.5734558552504,24.2027109116316,0,1.49298655986786,1.84383836388588,7.12322767078876,0,0.734246492385864,2.06604150682688,0,0,0,0,0.89106547832489,81.239377617836,5.53893890976906,0.982164889574051,0,0,7.1997082233429,338.0210698843,4.90034526586533,1.71715207397938,63.6263342499733,29.9464690536261,0,0.536533057689667,200.049942523241,50.0012833178043,0,0,0.206740453839302,0,0,0,0.228303283452988,0,35.4801495522261,35.1058246418834,6.27526572346687,13.8711425811052,11024.8267209977,136.373462438583,61.374243453145,7.11127933859825,3.72843044996262
57.2562173902988,0,1.70742982625961,8.95425800979137,0,0,0,0,36.7504296600819,1.08057034015656,16.2598381191492,24.6574629247189,0,0,7.25845357775688,0,3857.24660857022,5749.35705856979,0,40.7280464470387,124.212846182287,6.52902588248253,87.0891492962837,8.60637938976288,25.0299816131592,0,70.1448841392994,0,0,0,0.784443259239197,0,0,0,0,169.560456462204,295.207908451557,0,23.221648350358,499.883747845888,170.863595351577,1270.78055689484,628.168922588229,78.041914999485,53.6575729250908,222.235637016594,202.36803496629,4.86405453085899,4.59014345705509,99.9471552893519,0,1.3603527545929,0,0,1.38176213204861,2.33222770690918,72.2332569211721,79.9452218860388,0,0,1.85287004709244,0,189.813891902566,247.752213232219,0,18.163306131959,0,2.55299150943756,1.75262904167175,26.639783680439,0,0,22.5144599080086,0.731242835521698,4.89041888713837,0,0,0,1779.68293356895,1614.62430521101,233.765798807144,272.75103572011,4774.79597250372,0.8735321611166,1550.01568114012,152.21799300611,74.1952932178974
0,0,0,15.7283309549093,0,68.0861681103706,0,23.743677675724,0,0,0,312.671474933624,0,0,0,0,0.241940200328827,0,40.7280464470387,0,0,0,0,0,0,0,0,0,0,0,0,0,0,0,0,848.398527741432,0,138.283136077225,0,6.60341424494982,0,70.7389589995146,0.224514618515968,26.5557255297899,0,406.831375911832,0,0,0.60807278752327,4.75121652334929,0,57.2649624943733,0,18.7668792307377,0,0,0,198.705998972058,0,0,0,0,2806.99979861826,0,0,0,0,0,0,0,0,0,41.3300508856773,0,0,0,0,0,657.478589482605,0.18652081489563,220.401482388377,0,417.137832000852,6.6335514485836,124.3094650805,52.8794502615929,0
27.3677192479372,0,9.44055108726025,0,13.5697147548199,0,21.742041349411,0,0.24463739991188,0,237.033329993486,0,0,0,0,0,3.47731396555901,2.22177454829216,124.212846182287,0,0,0,0,0,0,0,2.17536234855652,0,0,0,5.04979762434959,0,0,0,0,0.491491973400116,952.063371747732,0,252.344357639551,0,21.7342102155089,2.62307840585709,75.0477678701282,0,3.81138980388641,0.231485024094582,33.6796152889729,0.196541711688042,9.85792601853609,0,193.886175334454,0,11.5601212084293,0,0,0,611.580315627158,0,44.7863272130489,0,0,0,0.144435748457909,1917.12948288023,0,1.29058754444122,0,0,0,0,0,1.93889033794403,0,1.64290797710419,0,0,0,0,2.75275534391403,888.691028036177,0,465.448889501393,352.229143872857,1.00223372876644,230.78524684906,0,46.2160900384188
0,0,0,0,0,0,0,0,0,0,0,0,0,0,0,1.48553118109703,9.57330587506294,416.908774390817,6.52902588248253,0,0,0,375.023609578609,388.59115499258,0,401.85557949543,1.51101505756378,150.036680191755,0,0,0,0,0,0,0,0,0,1160.02286700904,10.6885653734207,0,0,0.583659142255783,0,0,0,0.190902158617973,0,4.82434290647507,0,718.726637259126,0,0,0,0,0,0,0,25.8640181273222,0,0,0,0.51681923866272,1.86019420623779,0,5664.81755912304,0.741738736629486,280.692295476794,0,277.399101644754,0,29.7682198137045,0,10.3375948965549,0,0,0,0,0,0,0,516.817214652896,0,2366.95249322057,50.6249145269394,23.4601748585701,0,0
0,0,0,0,0,0,0,0,43.8826643824577,0,0,0,0,0,62.7057163268328,0,1538.80183953047,183.490495875478,87.0891492962837,0,0,375.023609578609,0,0,167.807942211628,0,763.909701347351,0,80.4647189974785,0,0.794846892356873,0,0,0,0,0,0.701233208179474,1.68020939826965,722.50412081182,0.629384160041809,0,0,1.87726473808289,0,0,0,0,0,427.591431766748,0,0,0,0,0,1.8812010884285,0,0.833689391613007,0,0,0,35.5361487865448,0,0,4.50828137993813,1.47998559474945,5911.04498012364,0,3.83216989040375,0,225.634218335152,0,68.9170003533363,0,0.719802975654602,0,0,0,0,0.836436748504639,5.92927956581116,0,137.293613910675,3212.7270014137,317.865209400654,3.61325247585773,0,0
0,0,0,0,0,0,0,0,0,79.8508611917496,0,0,0,0,0,22.698584407568,6.10107710957527,341.856668442488,8.60637938976288,0,0,388.59115499258,0,0,0,77.4934487938881,0,0,0,0,0,0,0,0,0,0,0,233.971549555659,0,0,0,0,0,0,0,0,0,0,0,29.2410211861134,0,0,0,0,0,25.0432100892067,0,1.92669697105885,0,0,0,3.0482195019722,0,0,96.7898590415716,0,1268.75295487046,0,29.5175837129354,0,2.67942345142365,0,0,0,0,0,0,0,0,0,74.4285426139832,0,1517.78053748608,0,84.2901473641396,0,0
11.6667324006557,0,0,0,0,0,0,0,140.603952720761,0,0,0,0,0,46.1435126364231,0,332.839194312692,56.096881300211,25.0299816131592,0,0,0,167.807942211628,0,0,0,246.4372407794,0,0,0,0,0,0,0,0,0,0,0,124.513328120112,0,0,0,1.31514427065849,0,0,0,0,0,19.1993881464005,0,0,0,0,0,101.096216887236,0,0.312974840402603,0,0,0,28.7371492385864,0,0,0,0,235.623427301645,0,556.669050812721,0,47.8541424572468,0,0,0,0,0,0,0,0,0,4.86990402638912,0,3.25099813938141,425.031392082572,0,53.0783452689648,0,0
0,0,0,0,0,0,0,0,0,3.56090474128723,0,0,0,0,0,96.8862336874008,0,1161.22729474306,0,0,0,401.85557949543,0,77.4934487938881,0,0,0,21.9792937040329,0,0,0,0,0,0,0,0,0,0,0,0,0,0,0,0,0,0,0,0,0,0,0,0,0,0,0,0,0,0,0,0,0,120.272317230701,0,0,202.313762128353,0,1.41540718078613,0,1172.11621826887,0,3.29712933301926,0,0,0,0,0,0,0,0,0,0,0,1225.92850345373,0,0,0,0
5.65983235836029,0,0,0,0,0,0,0,234.546322971582,0,0,0,0,0,112.246114224195,0,1404.90128016472,94.399816095829,70.1448841392994,0,2.17536234855652,1.51101505756378,763.909701347351,0,246.4372407794,0,0,0,13.9556745290756,0,0,0,0,0,0,0,0,0,2.74108302593231,0,0,0,0,0,0,0,0,0,66.6361894011497,0,0,0,0,0,10.7476476430893,0,0,0,0,0,55.2666467428207,0,0,2.20856541395187,0,394.958920419216,0,49.0360068976879,0,686.342983454466,0,1.02670454978943,0,0.160742193460464,0,0,0,0,0,3.29120759665966,0,0.426676675677299,998.844784900546,3.48665416240692,7.27456858754158,0,0
0,0,0,0,0,0,0,0,0,0,0,0,0,3.20055830478668,0,7.1839005947113,0,7.95349144935608,0,0,0,150.036680191755,0,0,0,21.9792937040329,0,0,0,96.5410396307707,0,0,0,0,0,0,0,0,0,0,0,0,0,0,0,0,0,0,0,0,0,0,0,0,0,0,0,14.0164684951305,0,5.92756140232086,0,4.01326262950897,0,0,80.7011936306953,0,0,0,53.5251223444939,0,282.416699558496,0,134.802585974336,0,0,0,0,0,0,0,106.923697263002,0,0,0,0,0,0
0,0,0,0,0,0,0,0,0,0,0,0,11.1613974571228,0,0,0,0,0,0,0,0,0,80.4647189974785,0,0,0,13.9556745290756,0,0,0,108.418404281139,0,0,0,0,0,0,0,41.471103310585,0,0,0,0,0,0,0,0,0,0,0,0,0,0,0,0,0,0,0,12.2554496526718,0,0,0,0,0,0,8.00928056240082,0,0,0,96.3977620005608,0,482.044937998056,0,0,0,0,0,0,0,0,0,21.6675521731377,8.96814927458763,0,0,0,0
0,0,0,0,0,0,0,0,0,0,0,16.4365291297436,0,2.67089994251728,0,0,0,0,0,0,0,0,0,0,0,0,0,96.5410396307707,0,0,0,0,0,0,0,0,0,46.4877233207226,0,0,0,0,0,0,0,0,0,0,0,0,0,0,0,0,0,0,0,8.45681343972683,0,0.28480127453804,0,0,0,0,0,0,0,0,0,0,19.2353623658419,0,472.95493029058,0,0,0,0,0,0,0,17.3282768130302,0,6.93862590193748,0,0,0,0
0,0,0,0,0,0,0,0,0,0,164.020414561033,0,0,0,0,0,1.03590297698975,0,0.784443259239197,0,5.04979762434959,0,0.794846892356873,0,0,0,0,0,108.418404281139,0,0,0,0,0,0,0,0,0,138.871217668056,0,0,0,8.18105745315552,0,0,0,0,0,0.623330175876617,0,0,0,0,0,0,0,704.174951016903,0,0,0,0,0,0,30.9890154898167,0,0,0,0,0,0,0,0,0,598.440952628851,0,0,0,0,0,0.717028245329857,0,104.445634633303,12.3542042970657,0,24.5749966353178,0,1.98042619228363
0,0,0,0,0,0,0,0,0,0,0,0,0,0,0,0,0,0,0,0,0,0,0,0,0,0,0,0,0,0,0,0,685.658892333508,57.4511676430702,18.8484080731869,276.241406455636,144.186137527227,0,0,0,8.07711571455002,0,0,0,0,0,0,1721.62876969576,29.0069687664509,3.80615004897118,0,0,0,0,0,0,0,0,0,0,0,0,0,0,0,0,0,0,0,0,0,0,0,0,1214.31644381583,559.659926444292,154.321740195155,1.83653998374939,388.726168066263,85.3806989192963,0,0,243.6367957443,0,0,0,0
0,0,0,0,0,0,0,0,0,0,0,0,0,0,0,0,0,0,0,0,0,0,0,0,0,0,0,0,0,0,0,685.658892333508,0,9.67793703079224,1.52317996323109,8.43225015699863,417.596598908305,0,0,0,10.0450430065393,0,0,0,0,0,0,571.542794018984,37.4966596961021,0,0,0,0,0,0,0,0,0,0,0,0,0,0,0,0,0,0,0,0,0,0,0,0,0,371.8485981673,993.248706489801,15.1914911270142,52.6337822079659,5.91407611966133,1028.23223547637,0,0,406.16777870059,0,0,0,0
0,0,0,0,0,0,0,0,0,0,0,0,0,0,0,0,0,0,0,0,0,0,0,0,0,0,0,0,0,0,0,57.4511676430702,9.67793703079224,0,798.433947473764,422.134319663048,0.923856407403946,197.559780359268,0,0,1.63130569458008,0,0,0,0,1.10734105110168,0,1637.32048730552,17.3283908069134,8.29476314783096,0,0,0,0,0,0,0,0,0,0,0,0,0,0,0,0,0,0,0,0,0,0,0,0,76.7861564606428,0,1435.52986213565,202.036810874939,125.593937069178,1.68062162399292,109.823027789593,11.5924673080444,955.846725136042,0,7.17432123422623,0,0
0,0,0,0,0,0,0,0,0,0,0,0,0,0,0,0,0,0,0,0,0,0,0,0,0,0,0,0,0,0,0,18.8484080731869,1.52317996323109,798.433947473764,0,0,343.648402735591,0,157.667415633798,0,0.826510816812515,0,28.4363736510277,0,0,0,0,512.589643344283,37.2735231518745,0,0,0,0,0,0,0,0,0,0,0,0,0,0,0,0,0,0,0,0,0,0,0,0,0,22.3960821479559,39.9496717900038,235.201281875372,1779.13203477859,0,396.966881588101,0,167.491617977619,490.465522944927,0,39.6662680804729,0,0
0,0,0.127322480082512,46.9131726175547,0,18.9456019699574,0,0,0,2.84941852092743,0,25.6491848230362,0,0,0,0,3.37289473414421,8.51312389969826,169.560456462204,848.398527741432,0.491491973400116,0,0,0,0,0,0,0,0,0,0,276.241406455636,8.43225015699863,422.134319663048,0,0,1895.63161826134,991.932392671704,33.227182507515,27.1861914247274,2.04438400268555,88.7685561925173,2.13619202375412,29.9899723976851,0,415.86472672224,0.465095698833466,147.621107898653,42.8358310759068,22.8613969385624,0,1.76431709527969,0,0,0,0.277839094400406,1.183329179883,7.00656728446484,0.118896842002869,0,0,0,762.581735953689,0,0,0,0,0,0,0,0,0,0.23826676607132,0,236.433204829693,38.5139766335487,462.257451355457,0,26067.0198863745,492.112093538046,874.582800686359,3.1892991065979,6441.72229439765,210.892068445683,370.496084921062,17.2872409671545,0
26.0998031646013,0,4.93517474830151,0.524434268474579,2.67362090945244,0,0,0,2.53305554389954,0.166619032621384,85.9055391848087,0,0,0,1.7246972322464,0,33.4041615799069,10.3618337661028,295.207908451557,0,952.063371747732,0,0.701233208179474,0,0,0,0,0,0,0,0,144.186137527227,417.596598908305,0.923856407403946,343.648402735591,1895.63161826134,0,0,2305.19085053355,4.62635445594788,27.1249137669802,5.02090860903263,272.830792501569,0,8.38216450810432,3.7389747723937,74.5277858152986,36.9108463972807,8.72340199351311,1.10123655200005,64.4164827167988,0,0,0,0,0,99.0041024684906,0,30.6291147992015,0,0,0,0.148833990097046,974.751403830945,0,0.364826366305351,0,0,0,0,0,0,0,0.322527974843979,136.896256804466,220.726468548179,0,135.41643345356,1041.3503176868,27348.762847349,0,1504.35091146082,7206.18817339092,644.406074382365,164.257418051362,0,33.5185597389936
0,0,0,0,0,0,0,0,0,11.620381385088,0,614.779524207115,0,0,0,0,0,0,0,138.283136077225,0,1160.02286700904,1.68020939826965,233.971549555659,0,0,0,0,0,46.4877233207226,0,0,0,197.559780359268,0,991.932392671704,0,0,38.9770445823669,0.29814937710762,0,43.521378159523,0,1.12056878209114,0,3.29783762991428,0,72.7015433013439,0,412.114631831646,0,0,0,0,0,0,0,100.943612702191,0,0.483063831925392,0,0.164889335632324,182.361961737275,0,378.822739943862,0,139.534843921661,0,7.74215270578861,0,41.6041994690895,0,16.7032033503056,0,0,0,118.391151949763,0,271.791459187865,0,8600.00248062611,25.0799694061279,1331.14623501897,10.8668475151062,217.293038919568,0,0
0.200716838240623,0,0.660577118396759,0,0,0,0,0,12.6178285777569,0,1167.73802724481,0,0,0,0.577184438705444,0,7.18108224868774,7.92938289046288,23.221648350358,0,252.344357639551,10.6885653734207,722.50412081182,0,124.513328120112,0,2.74108302593231,0,41.471103310585,0,138.871217668056,0,0,0,157.667415633798,33.227182507515,2305.19085053355,38.9770445823669,0,0,5.10383649915457,2.03886497020721,35.7567102462053,0,5.80372977256775,0,8.6244281232357,5.75942224264145,362.197873681784,0,0,0,0,0,2.07874011993408,0,203.088025718927,0,0.317691802978516,0,0,0,0,322.373019583523,0,445.186439365149,0,49.8456948697567,0,0,0,7.56840682029724,0,16.7582547664642,0,0,0,179.292166173458,1.27293479442596,406.960253238678,0,8027.13337889314,1536.4378284514,349.309085071087,244.337145343423,0,5.87638521194458
0,0.118800044059753,0,18.5241611301899,0,0.133917793631554,0,0,0,0,0,2.62750299274921,0,0,0,0,16.3877674788237,13.4584565833211,499.883747845888,6.60341424494982,0,0,0.629384160041809,0,0,0,0,0,0,0,0,0,0,0,0,27.1861914247274,4.62635445594788,0.29814937710762,0,0,1.04194286465645,716.22639285028,12.1677292585373,13.7504214793444,6.02947574853897,536.389710225165,0.40727311372757,13.8584711104631,0.196105793118477,609.972624011338,0,0,0,0,0,1.01438477635384,0,10.0871541798115,0,0,0,0.116323344409466,59.9090560972691,0.355422675609589,0,0,0,0,0,0,0,0,5.10881778597832,0,0,0,0,0,549.470227479935,14.5700516998768,20.7599118053913,0,223.252851054072,10.8512839376926,452.577321991324,32.2288735210896,0
8.79058769345284,0,15.0400648415089,0,3.88949631154537,0,0,0,0,0,14.0482890084386,0,0,0,0,0,17.7753567844629,6.37538912892342,170.863595351577,0,21.7342102155089,0,0,0,0,0,0,0,0,0,0,8.07711571455002,10.0450430065393,1.63130569458008,0.826510816812515,2.04438400268555,27.1249137669802,0,5.10383649915457,1.04194286465645,0,1.54528369009495,601.252079188824,0,24.2522392868996,1.87910103797913,220.193901889026,322.739379823208,958.919576384127,0,10.1702585965395,0,0,0,1.65052503347397,0,180.53619723767,0,45.9307422041893,0,3.45210927724838,0,0.50550103187561,337.697216503322,0,0,0,0,0,0,0,0,0,3.64645195007324,1.21254074573517,0,0,0.396904319524765,7.2944643497467,1957.96981590986,0,84.0713503360748,139.517196595669,7.81066188216209,827.895512036979,0.154007747769356,17.962464377284
0,3.52794107794762,0,215.886905349791,0,1.1367309987545,0,0,1.65784633159637,54.3112164735794,0.981139361858368,55.8873115330935,0,0,0.356108605861664,0,22.0531909391284,44.5734558552504,1270.78055689484,70.7389589995146,2.62307840585709,0.583659142255783,0,0,0,0,0,0,0,0,0,0,0,0,0,88.7685561925173,5.02090860903263,43.521378159523,2.03886497020721,716.22639285028,1.54528369009495,0,307.636898070574,41.4250196963549,5.40127968788147,74.0257252529263,6.5361675620079,19.968158185482,7.2847805172205,478.032364346087,0,1.26974177360535,0,0,0,6.34531995654106,1.75263239443302,817.31827917695,0.251215770840645,4.79179865121841,0,0,204.936323329806,5.62068077921867,0,0,0,0,0,0,0.853128612041473,0,282.534483425319,0,3.47490352392197,0,0.251121252775192,0,1517.44609922916,33.5514871031046,235.423096835613,6.13569749891758,1992.96416918933,16.502402946353,3798.25409186631,655.77717423439,12.9517869949341
47.3855764120817,0,12.1375777721405,0.498025506734848,0.828589737415314,0,0,0,35.4132418632507,0,32.8271919041872,0.370686531066895,0,0,0,0,56.1668412089348,24.2027109116316,628.168922588229,0.224514618515968,75.0477678701282,0,1.87726473808289,0,1.31514427065849,0,0,0,0,0,8.18105745315552,0,0,0,28.4363736510277,2.13619202375412,272.830792501569,0,35.7567102462053,12.1677292585373,601.252079188824,307.636898070574,0,0,30.3733016550541,4.2562675178051,496.936984971166,204.007925003767,878.593528792262,16.2545516043901,5.99309964478016,0,0,0,31.0051194578409,0,774.71092248708,1.17977619171143,33.7096439450979,0,8.39027583599091,0,5.9220639616251,460.382887490094,0,0,0,0,0,0,0,0.669021785259247,0.374939680099487,18.0206294953823,0,0.560082793235779,0,28.0173152685165,67.0983257442713,1690.82963616401,10.1775420457125,236.69262958318,1137.06968009472,21.7210911288857,4617.73821886629,10.7137122303247,725.952651187778
0,0,0,0,0,0,0,0,0,0,0,9.88417747616768,0,0,0,0,5.78302562236786,0,78.041914999485,26.5557255297899,0,0,0,0,0,0,0,0,0,0,0,0,0,0,0,29.9899723976851,0,1.12056878209114,0,13.7504214793444,0,41.4250196963549,0,0,0,16.1696363091469,0,0,0,3.31733179092407,0,0,0,0,0,0,0,24.9374881386757,0,0,0,0,8.25642564892769,0,0,0,0,0,0,0,0,0,7.48424315452576,0,0,0,2.13608121871948,0,161.13193102181,0,52.8772457838058,0,5.62947218120098,0,162.371643200517,21.1294884681702,0
2.43616962432861,0,0,0,0,0,0,0,0,0,0,0,0,0,0,0,0,1.49298655986786,53.6575729250908,0,3.81138980388641,0,0,0,0,0,0,0,0,0,0,0,0,0,0,0,8.38216450810432,0,5.80372977256775,6.02947574853897,24.2522392868996,5.40127968788147,30.3733016550541,0,0,0,33.1017252057791,0,0.226601377129555,0.441455073654652,0,0,0,0,0,0,3.48875880241394,0,0,0,0,0,0.41798759996891,28.5856442078948,0,0,0,0,0,0,0,0,0,0,0,0,0,0,15.7830699533224,90.5713732466102,0,2.4995479285717,6.33157825469971,3.89685964584351,131.238480344415,0,0.991221815347672
0,0,3.67896687984467,25.9238727688789,1.28481924533844,0.388607293367386,0,0,0,0,0,177.655534595251,0,0,0,0,3.13351857662201,1.84383836388588,222.235637016594,406.831375911832,0.231485024094582,0.190902158617973,0,0,0,0,0,0,0,0,0,0,0,1.10734105110168,0,415.86472672224,3.7389747723937,3.29783762991428,0,536.389710225165,1.87910103797913,74.0257252529263,4.2562675178051,16.1696363091469,0,0,1.61274103820324,3.68725727498531,10.1573706567287,46.9920740053058,0,0.958947896957397,0,0,0,2.11082383990288,6.85926589369774,296.543548204005,4.12738741934299,0,2.32620230317116,0,1960.37100806087,3.48356384038925,0,0,0,0,0,0,0,0,64.2868427932262,0,4.62009665369987,0,1.71966621279716,0,3771.85125385225,1.30555714666843,450.607779711485,0,94.8013428077102,15.7415062189102,951.746328532696,11.2606847286224,0.38149319589138
17.9774420261383,0,2.35922989249229,0,0,0,0,0,0.781869620084763,0,2.23065112531185,0,0,0,0,0,10.3926980495453,7.12322767078876,202.36803496629,0,33.6796152889729,0,0,0,0,0,0,0,0,0,0,0,0,0,0,0.465095698833466,74.5277858152986,0,8.6244281232357,0.40727311372757,220.193901889026,6.5361675620079,496.936984971166,0,33.1017252057791,1.61274103820324,0,0,8.86966347694397,0,0,0,0,0,0,0,16.813788831234,0.185646772384644,0.502002418041229,0,0.183134034276009,0,1.55936753749847,495.722019866109,0,0,0,0,0,0,0,0,0,0.332959219813347,0,0,0,0,1.19287206232548,796.214646421373,2.21164655685425,61.266861744225,87.7086731120944,6.44873653352261,203.410095356405,0,12.9981689751148
0,0,1.65956182777882,11.9697682112455,0.544018805027008,0,0,0,0.981580436229706,0,0,0,0,0,0,0,0,0,4.86405453085899,0,0.196541711688042,4.82434290647507,0,0,0,0,0,0,0,0,0,1721.62876969576,571.542794018984,1637.32048730552,512.589643344283,147.621107898653,36.9108463972807,72.7015433013439,5.75942224264145,13.8584711104631,322.739379823208,19.968158185482,204.007925003767,0,0,3.68725727498531,0,0,2303.28684604168,1047.40307623148,0,0,0,0,0.689610004425049,0.549681127071381,0.732663214206696,2.03120106458664,0.630853563547134,0,0.283815413713455,0,0.69450369477272,0,5.15017294883728,0,0,0,0,0,0,0,0,0.992463231086731,1883.41172097623,500.886064127088,1368.31817778945,2267.38608793914,1542.85274904966,1996.24028509855,418.847318559885,1571.1571008563,1927.38097834587,0.948427736759186,482.251824021339,0.186623051762581,0
21.1484371423721,0,70.7027759552002,36.1547477394342,4.29624453186989,2.14426104724407,0,0,3.05116081237793,0.246877640485764,9.4213982000947,0.475643336772919,0.188267216086388,0,0,0,0,0.734246492385864,4.59014345705509,0.60807278752327,9.85792601853609,0,427.591431766748,0,19.1993881464005,0,66.6361894011497,0,0,0,0.623330175876617,29.0069687664509,37.4966596961021,17.3283908069134,37.2735231518745,42.8358310759068,8.72340199351311,0,362.197873681784,0.196105793118477,958.919576384127,7.2847805172205,878.593528792262,0,0.226601377129555,10.1573706567287,8.86966347694397,2303.28684604168,0,242.134128093719,18.4275343716145,0.518392711877823,0,0,79.3617983311415,4.98119524121284,142.531991913915,0.697040244936943,69.120625346899,0,9.63185258209705,0.174762755632401,1.0490035712719,21.4117005243897,0,300.257872819901,0,104.424692511559,0,401.44844430685,0,431.302320063114,0.440406113862991,8.31347519159317,4.80377605557442,3.84126128256321,4.1758781671524,58.1636915057898,41.7380642443895,1214.42895137519,1.23369082808495,2302.72135417163,2234.62156039476,20.2241447120905,1365.97090604901,0,2.03466072678566
0,34.6950847804546,0.601906031370163,76.1753129288554,0,2.57420264184475,0,0,0,15.0205393880606,0.664651811122894,1.51452703028917,0,0,0,0,0.622579731047153,2.06604150682688,99.9471552893519,4.75121652334929,0,718.726637259126,0,29.2410211861134,0,0,0,0,0,0,0,3.80615004897118,0,8.29476314783096,0,22.8613969385624,1.10123655200005,412.114631831646,0,609.972624011338,0,478.032364346087,16.2545516043901,3.31733179092407,0.441455073654652,46.9920740053058,0,1047.40307623148,242.134128093719,0,0,2.31704564392567,0,0,0,22.0218240618706,0.124374657869339,326.178141668439,0,15.2366990149021,0,11.9528309553862,46.7208688259125,0.245822116732597,440.326691776514,1.07074654102325,76.4237042963505,0,99.774724021554,0,701.444136962295,0,392.953194119036,0,36.062690153718,0,16.4418203234673,0,527.462573431432,8.36537370085716,903.319566600025,0.718211889266968,1306.55325917155,4.53655463457108,1109.90424291044,16.3888935297728,0.428585842251778
0,0,45.6468105018139,0,236.440690487623,0,8.64821326732635,0,7.51394483447075,0,0,0,0,0,2.6594255566597,0,0,0,0,0,193.886175334454,0,0,0,0,0,0,0,0,0,0,0,0,0,0,0,64.4164827167988,0,0,0,10.1702585965395,0,5.99309964478016,0,0,0,0,0,18.4275343716145,0,0,0,10.2968506813049,0,12.9674098491669,0,77.8721427321434,0,29.9566879570484,0,162.407047063112,0,0,61.5430006682873,0,0,0,0,0,0,0,0,0,0,0,0,0,0,0,27.3216113895178,0,0,199.236067742109,0.557897746562958,130.683788627386,0,0
0,0,0,239.791301414371,0,656.070623368025,0,59.8441067934036,0,0,0,3.24878880381584,0,5.96014070510864,0,0,0,0,1.3603527545929,57.2649624943733,0,0,0,0,0,0,0,0,0,0,0,0,0,0,0,1.76431709527969,0,0,0,0,0,1.26974177360535,0,0,0,0.958947896957397,0,0,0.518392711877823,2.31704564392567,0,0,0,26.890520632267,0,0,0,33.4246785342693,0,126.456848144531,0,33.5720994770527,74.188873231411,0,0,0,0,0,0,0,0,0,0,0,0,0,0,0,16.304612249136,0,0.226538464426994,0,219.76275408268,0.343941867351532,154.30650267005,0,0
0,0,0,0,0,0,95.7460166811943,0,0,0,3.51072227954865,0,3.24823307991028,0,0,0,0,0,0,0,11.5601212084293,0,0,0,0,0,0,0,0,0,0,0,0,0,0,0,0,0,0,0,0,0,0,0,0,0,0,0,0,0,10.2968506813049,0,0,0,0,0,1.23445135354996,0,3.47713613510132,0,0,0,0,0.762604117393494,0,0,0,0,0,0,0,0,0,0,0,0,0,0,0,0,0,0,194.821615695953,0,0,0,0
0,0,0,0,0,6.90924972295761,0,405.892897367477,0,0,0,32.4135200083256,0,18.4608324766159,0,0,0,0,0,18.7668792307377,0,0,0,0,0,0,0,0,0,0,0,0,0,0,0,0,0,0,0,0,0,0,0,0,0,0,0,0,0,0,0,26.890520632267,0,0,0,0,0,313.101562261581,0,318.374041289091,0,0,43.3857167363167,0,0,0,0,0,0,0,0,0,0,0,0,0,0,0,0,0,0,0,58.8653551340103,0,0.444279402494431,0,0
172.380314946175,0,344.403390735388,0,67.4347932338715,0,0,0,1381.64107315242,0,0.57745572924614,0,0,0,87.4009665548801,0,21.6907044947147,0.89106547832489,1.38176213204861,0,0,0,1.8812010884285,0,101.096216887236,0,10.7476476430893,0,0,0,0,0,0,0,0,0,0,0,2.07874011993408,0,1.65052503347397,0,31.0051194578409,0,0,0,0,0.689610004425049,79.3617983311415,0,12.9674098491669,0,0,0,0,0,0.892687261104584,0,0,0,167.634126424789,0,0,0,0,0.508136689662933,0,8.73382818698883,0,34.7243774235249,0,0,0,0,0,0,0,0,0,2.02373896539211,0,0,283.235590815544,0,54.4333955645561,0,0
0,231.384194821119,0,689.454876244068,0,23.759270042181,0,0,0,887.12880718708,0,0,0,0,0,140.871302485466,0,81.239377617836,2.33222770690918,0,0,0,0,25.0432100892067,0,0,0,0,0,0,0,0,0,0,0,0.277839094400406,0,0,0,1.01438477635384,0,6.34531995654106,0,0,0,2.11082383990288,0,0.549681127071381,4.98119524121284,22.0218240618706,0,0,0,0,0,0,0.392942398786545,1.16820648312569,0.206878736615181,0,0,22.6801057755947,0,0,0,0,6.94663804769516,0,0,0,0,0,0.234162613749504,0,0,0,0,0,2.99272153526545,0,0,0,254.651056051254,3.33214741945267,17.1727942079306,0,0
7.23172706365585,0,6.54988965392113,8.7305623665452,12.1149927377701,0.826384097337723,1.64694073796272,0,0.349689811468124,1.11713698506355,1658.62101016194,0,1.30315360426903,0,0,0,5.63904991745949,5.53893890976906,72.2332569211721,0,611.580315627158,0,0.833689391613007,0,0.312974840402603,0,0,0,0,0,704.174951016903,0,0,0,0,1.183329179883,99.0041024684906,0,203.088025718927,0,180.53619723767,1.75263239443302,774.71092248708,0,3.48875880241394,6.85926589369774,16.813788831234,0.732663214206696,142.531991913915,0.124374657869339,77.8721427321434,0,1.23445135354996,0,0.892687261104584,0.392942398786545,0,0.498433187603951,604.713838905096,0,13.8928316235542,0,0,2579.87311402708,0,11.9623632133007,0,0,0,0,0,422.179077029228,0.178633391857147,808.622989445925,0,0,0,0,4.36432388424873,165.564904466271,0.202420055866241,17.0554284751415,389.892554372549,3.30427096784115,2008.53675986081,0.169557377696037,352.902214586735
0,6.4622865319252,0,260.243358060718,0,1.09810307621956,0,239.06650853157,0,2.13251139223576,0,1947.22050967067,0,122.589789584279,0,0,0,0.982164889574051,79.9452218860388,198.705998972058,0,25.8640181273222,0,1.92669697105885,0,0,0,14.0164684951305,0,8.45681343972683,0,0,0,0,0,7.00656728446484,0,100.943612702191,0,10.0871541798115,0,817.31827917695,1.17977619171143,24.9374881386757,0,296.543548204005,0.185646772384644,2.03120106458664,0.697040244936943,326.178141668439,0,33.4246785342693,0,313.101562261581,0,1.16820648312569,0.498433187603951,0,0.155346468091011,210.799158170819,0,54.3426263332367,684.12545170635,0,6.38257823884487,0,6.35142652690411,0,11.8948032855988,0,151.526376083493,0,333.884251788259,0,0,0,0,0,21.2283185049891,0,16.9520263969898,0,77.8076303601265,7.42024339735508,1023.16299305111,150.239048600197,0
0,0,47.8170610964298,1.45827390253544,0.420849531888962,0,0,0,0,0,2.56831945478916,0,516.929433688521,0,0,0,0.266303360462189,0,0,0,44.7863272130489,0,0,0,0,0,0,0,12.2554496526718,0,0,0,0,0,0,0.118896842002869,30.6291147992015,0,0.317691802978516,0,45.9307422041893,0.251215770840645,33.7096439450979,0,0,4.12738741934299,0.502002418041229,0.630853563547134,69.120625346899,0,29.9566879570484,0,3.47713613510132,0,0,0.206878736615181,604.713838905096,0.155346468091011,0,0,31.5948990732431,0,2.30478060245514,48.669678196311,0,0,0,0,0,0.850625872612,0,330.991867959499,0,0,0,0,0,0,2.08015930652618,37.7089782431722,0,0.770146697759628,51.8222404867411,6.6197794675827,213.833366274834,0,0
0,6.00290359556675,0,83.2486421465874,0,96.4624242186546,0,137.877379536629,0,0,0,44.9823934733868,0,697.430919855833,0,68.4529159069061,0,0,0,0,0,0,0,0,0,0,0,5.92756140232086,0,0.28480127453804,0,0,0,0,0,0,0,0.483063831925392,0,0,0,4.79179865121841,0,0,0,0,0,0,0,15.2366990149021,0,126.456848144531,0,318.374041289091,0,0,0,210.799158170819,0,0,0,68.650398015976,0,0,0,0,0,0,1.53042995929718,0,79.6180808544159,0,3.88497897982597,0,0,0,0,0,0,0,0,0,103.469641923904,0,22.6337283700705,0,0
41.1344998776913,0,45.6072267889977,1.24146890640259,0.920188188552856,0.455589860677719,0,0,95.9805693328381,0,0,0,0.562489226460457,0,246.174188613892,0,120.878310918808,7.1997082233429,1.85287004709244,0,0,0,35.5361487865448,0,28.7371492385864,0,55.2666467428207,0,0,0,0,0,0,0,0,0,0,0,0,0,3.45210927724838,0,8.39027583599091,0,0,2.32620230317116,0.183134034276009,0.283815413713455,9.63185258209705,0,162.407047063112,0,0,0,167.634126424789,0,13.8928316235542,0,31.5948990732431,0,0,0,0,0,0,15.4775200486183,0,7.25153787434101,0,51.5143412053585,0,0.575936138629913,0,0,0,0,0,0,1.66078400611877,2.9114186167717,0,0,301.414035841823,10.2417544424534,85.2924634516239,0,1.12514102458954
0,45.1774561703205,0,252.421292483807,0,0,0,0,0,44.7435168623924,0,0,0,55.2045104503632,0,174.161158025265,0,338.0210698843,0,0,0,0.51681923866272,0,3.0482195019722,0,120.272317230701,0,4.01326262950897,0,0,0,0,0,0,0,0,0,0.164889335632324,0,0.116323344409466,0,0,0,0,0,0,0,0,0.174762755632401,11.9528309553862,0,33.5720994770527,0,0,0,22.6801057755947,0,54.3426263332367,0,68.650398015976,0,0,0,0,0,0,0,0,15.1219147741795,0,2.43443343043327,0,0,0,0,0,0,0,0,0,0,0,211.572325617075,0,10.7871338129044,0,0
0,0,0,5.78917914628983,0,33.305389970541,0,1.70529103279114,0,0,0,48.073553904891,0,0,0,0,3.62330457568169,4.90034526586533,189.813891902566,2806.99979861826,0.144435748457909,1.86019420623779,0,0,0,0,0,0,0,0,0,0,0,0,0,762.581735953689,0.148833990097046,182.361961737275,0,59.9090560972691,0.50550103187561,204.936323329806,5.9220639616251,8.25642564892769,0.41798759996891,1960.37100806087,1.55936753749847,0.69450369477272,1.0490035712719,46.7208688259125,0,74.188873231411,0,43.3857167363167,0,0,0,684.12545170635,2.30478060245514,0,0,0,0,0,0,0,0.278966426849365,0,0,0,2.53358405828476,0,47.4142658263445,0,0,0,0,0,2913.01426699758,0.911611557006836,289.0827434659,2.77809119224548,574.871456950903,11.5095215663314,894.557497628033,6.40947622060776,0.43977090716362
52.328902900219,0,16.4479628652334,0.771529152989388,3.50223633646965,0,0,0,0.675029218196869,0,460.482142090797,0,0,0,0,0,13.2444659769535,1.71715207397938,247.752213232219,0,1917.12948288023,0,4.50828137993813,0,0,0,2.20856541395187,0,0,0,30.9890154898167,0,0,0,0,0,974.751403830945,0,322.373019583523,0.355422675609589,337.697216503322,5.62068077921867,460.382887490094,0,28.5856442078948,3.48356384038925,495.722019866109,0,21.4117005243897,0.245822116732597,61.5430006682873,0,0.762604117393494,0,0,0,2579.87311402708,0,48.669678196311,0,0,0,0,0,0,0.310250282287598,0,0,0,0,0,2.43098020553589,0,41.7016829550266,0,0,0,0,4.69463695585728,2337.36898505688,0,1187.07541366667,275.326971024275,4.41326051950455,574.460906103253,0,102.917343229055
0,0,0,0,0,0,0,0,0,0,0,0,0,0,0,0,3.37941741943359,63.6263342499733,0,0,0,5664.81755912304,1.47998559474945,96.7898590415716,0,202.313762128353,0,80.7011936306953,0,0,0,0,0,0,0,0,0,378.822739943862,0,0,0,0,0,0,0,0,0,5.15017294883728,0,440.326691776514,0,0,0,0,0,0,0,6.38257823884487,0,0,0,0,0,0,0,0,287.758211374283,0,143.918689608574,0,159.722300052643,0,3.95171985030174,0,0,0,0,0,0,0,643.600199252367,0,483.987108960748,0,10.5387496948242,0,0
0,0,0,0,0,0,0,0,8.29799410700798,0,0.249006524682045,0,0,0,24.3313660025597,0,307.63412630558,29.9464690536261,18.163306131959,0,1.29058754444122,0.741738736629486,5911.04498012364,0,235.623427301645,0,394.958920419216,0,8.00928056240082,0,0,0,0,0,0,0,0.364826366305351,0,445.186439365149,0,0,0,0,0,0,0,0,0,300.257872819901,1.07074654102325,0,0,0,0,0.508136689662933,0,11.9623632133007,0,0,0,15.4775200486183,0,0,0.310250282287598,0,0,0,13.3556149601936,0,151.692726045847,0,473.679766133428,0,19.1424971967936,0,0,0,0,0,0.467024698853493,0,369.985352605581,802.320630311966,99.6934210956097,0.828050807118416,0,0
