0,0,91.397304803133,0,0,0,0,0,0,0,0,0,0,0,0,0,0,0,89.3859606832266,0,0,0,0,0,2.4882832467556,0,0,0,0,0,0,0,0,0,0,0,0,0,0,0,0,0,0.295960664749146,0,0,0,0,0,17.8143182992935,0,0,0,0,0,32.9969043731689,0,0,0,0,0,0,0,0,0,0,0,0,0.838773101568222,0,0,0,0,0,0,0,0,0,0,0,0,0,0,3.06173142790794,0,7.07518750429153,0,0
0,0,0,17.8248350918293,0,0,0,0,2.78945335745811,71.5568418353796,0,0,0,3.52029965817928,0,100.563732236624,159.938325099647,306.625188723207,107.863659769297,0,0,27.5141804516315,0,130.598341956735,13.1435787379742,142.543717622757,0,2.65620674192905,0,0,0,0,0.687868729233742,0,2.32697837054729,13.3310403898358,0.164416268467903,26.8372080400586,0,0,0,205.398617148399,7.43805331736803,26.3762691915035,0.152439385652542,17.2688899338245,0,3.24301660060883,1.09687365591526,81.3544070124626,0,0,0,0,0.202454745769501,92.465192168951,0,6.55566430091858,0,2.89824731647968,0,104.64356366545,0.206384465098381,0,1.94687323272228,0,99.042651951313,2.80973434448242,65.7171485200524,0,2.60804353654385,0,0,0,2.60724663734436,1.32607132196426,0,0.278818339109421,13.3937018811703,8.20692409574986,14.045919328928,0,454.691298387945,38.6996673792601,112.701129354537,35.8747593313456,0
91.397304803133,0,0,0,0,0,0,0,0,0,0,0,0,0,0,0,0,0,165.967364653945,0,0,0,0,0,0,0,0,0,0,0,0,0,0,0,0,0,0,0,0,0,0,0,0,0,0,0,0,0,47.5009919404984,0,0,0,0,0,0,0,0,0,0,0,0,0,0,0,0,0,0,0,0,0,0,0,0,0,0,0,0,0,0,0,0,0,94.0663702487946,0,39.5551890432835,0,0
0,17.8248350918293,0,0,0,0,0,0,0,0.336718499660492,0,0,0,0,0,3.00887064635754,1.36472406983376,25.6712810099125,6.08920860290527,0,0,0.117931514978409,0,6.68107758462429,0,11.781225182116,0,0.139531776309013,0,0,0,0,0,0,0,0,0,0.305448979139328,0,0,0,6.31422136723995,0.2177604585886,0,0,0,0,0,0,0.486823573708534,0,0,0,0,0,0.147538736462593,0,0,0,0,0,5.8888471275568,0,0,0.247262820601463,0,7.39522112905979,0,1.57052066922188,0,0,0,0,0,0,0,0,0,0,0,0,0,14.6122557446361,2.27337503433228,53.4685216844082,6.76450324058533,0
0,0,0,0,0,0,4.24393862485886,0,0,0,0,0,0,0,0,0,0,0,0,0,42.774200424552,0,0,0,0,0,0,0,0,0,0,0,0,0,0,0,1.52636396884918,0,0,0,0,0,0,0,0,0,0,0,0,0,160.0586373806,0,25.0979331731796,0,0,0,3.95889103412628,0,0,0,0,0,0,0,0,0,0,0,0,0,0,0,0,0,0,0,0,0,0,0,0,0,283.155191481113,9.54366022348404,97.983395755291,0,0
0,0,0,0,0,0,0,0,0,0,0,0,0,0,0,0,0,0,0,0,0,0,0,0,0,0,0,0,0,0,0,0,0,0,0,0,0,0,0,0,0,0,0,0,0,0,0,0,0,0,0,0,0,0,0,0,0,0,0,0,0,0,0,0,0,0,0,0,0,0,0,0,0,0,0,0,0,0,0,0,0,0,0,0,0,0,0
0,0,0,0,4.24393862485886,0,0,0,0,0,12.0204532146454,0,0,0,0,0,0,0,0,0,1.01539039611816,0,0,0,0,0,0,0,0,0,0,0,0,0,0,0,0,0,0,0,0,0,0,0,0,0,0,0,0,0,15.8018074631691,0,85.0732188820839,0,0,0,25.5985808372498,0,0,0,0,0,0,0,0,0,0,0,0,0,0,0,0,0,0,0,0,0,0,0,0,0,1.95086055994034,0,0,0,0
0,0,0,0,0,0,0,0,0,0,0,60.4607429504395,0,0,0,0,0,0,0,0,0,0,0,0,0,0,0,0,0,0,0,0,0,0,0,0,0,0,0,0,0,0,0,0,0,0,0,0,0,0,0,0,0,107.637993812561,0,0,0,16.054988861084,0,0,0,0,0,0,0,0,0,0,0,0,0,0,0,0,0,0,0,0,0,0,0,0,119.882467627525,22.9185066223145,0,0,0
0,2.78945335745811,0,0,0,0,0,0,0,0,0,0,0,0,110.863721862435,3.54243230819702,1137.65699823201,200.369971551001,261.201905965805,0,0,2.72447696328163,0,39.554265499115,79.8167561143637,1.41075170040131,55.0266647040844,0,0,0,0,0,0,0,0,0,0,3.11649051308632,0,0,0,0,9.50062000751495,0,0,0,0,0.141144156455994,2.14021609723568,0,0,0,0,0,28.49490493536,1.09008228778839,0,0,0,0,68.6144736707211,0,0,0,0,0,3.66759157180786,31.2092384546995,3.58125722408295,51.8936224430799,0,0,0,0,0,1.44710421562195,0,0,6.21488070487976,1.64961421489716,0,0,708.254680417478,5.68315118551254,0.195602044463158,0.307511389255524,0
0,71.5568418353796,0,0.336718499660492,0,0,0,0,0,0,0,0,0,0.674957871437073,0,222.284599363804,103.128107063472,979.685844913125,107.196774184704,0,0,6.55539201200008,0,45.1643321216106,2.2154176235199,110.643694654107,0,0.137620285153389,0,0,0,0,0,0.780822813510895,4.37326860427856,22.096791729331,0,0,0,0,0,44.7131886035204,13.7298462465405,28.1071113348007,0.507448241114616,0.33642004430294,0,1.54784531891346,0.953524813055992,36.8610574156046,0,0,0,0,0,168.376378655434,0,0,0,0.848676860332489,0,50.2661107331514,0,0,0,0,14.4339787811041,0.188171088695526,38.4408398270607,0,0,0,0,0,0,3.29488559067249,0,0.147149577736855,16.6357906460762,3.14420929551125,2.5853238850832,0,355.129423007369,65.764687769115,8.37958984076977,32.6291140466928,0
0,0,0,0,0,0,12.0204532146454,0,0,0,0,0,82.199166059494,0,0,0,0,0,0,0,187.143381044269,0,0,0,0,0,0,0,0,0,33.1598910987377,0,0,0,0,0,11.5563164949417,0,705.826611161232,0,0,0,0,0,0,0,10.6825017482042,0,0,0,0,0,1.1298394203186,0,0,0,579.929494529963,0,0,0,0,0,0,2.05800373852253,0,0,0,0,0,0,0,0.471544772386551,0,42.9735708832741,0,0,0,0,0,4.70751671493053,0,56.8544500768185,145.44023527205,0,0,0,0
0,0,0,0,0,0,0,60.4607429504395,0,0,0,0,0,188.473632082343,0,0,0.541986525058746,0,0.221232041716576,372.16582493484,0,0,0,0,0,0,0,143.659723967314,0,205.207908585668,0,0,0,2.38176164031029,0,9.18917279690504,0,634.386730000377,0,0.751202896237373,0,108.069657191634,0,0,0,53.0799971222878,0,0,0,7.48207348585129,0,0,0,0,0,0,0,1316.74951121211,0,121.860662013292,0,0,296.45402367413,0,0,0,0,0,0.646243274211884,0,135.628690183163,0,181.981443092227,0,0,0,0.62262250483036,0,11.7549997344613,0,132.95932045579,0,265.31100460887,0,103.078171253204,16.156886100769,0
0,0,0,0,0,0,0,0,0,0,82.199166059494,0,0,0,0,0,0,0,0,0,0,0,0,0,0,0,0,0,0,0,0,0,0,0,0,0,0,0,0,0,0,0,0,0,0,0,0,0,0,0,0,0,0,0,0,0,0,0,2,0,0,0,0,0,0,0,0,0,0,2,0,0,0,0,0,0,0,0,0,0,0,0,0,0,0,0,0
0,3.52029965817928,0,0,0,0,0,0,0,0.674957871437073,0,188.473632082343,0,0,0,133.330509364605,0,57.4442858695984,0.533536553382874,0,0,0,0,0,0,200.975169479847,0,440.124956890941,0,14.3129796385765,0,0,0,0,0,0,0,0,0,0,0,0.83975937962532,0.101592391729355,0.136815086007118,0,0,0,0,0,0,0,0,0,0,0,0.282026499509811,0,81.6177998334169,0,420.890237569809,0,156.29113908112,0,0,0,0,0,0,127.058469176292,0,41.651584982872,0,0,0,0,0,0,0,0,0,0,0,328.360055595636,19.7949396967888,0.495456539094448,0,0
0,0,0,0,0,0,0,0,110.863721862435,0,0,0,0,0,0,0,1157.92084591091,7.86475814878941,60.8585106879473,0,0,0.395616769790649,0.291200071573257,1.07094192504883,13.6181065738201,1.53519952297211,88.7222388088703,0,0,0,0,0,0,0,0,0,0,0,0,0,0,0,2.12615114450455,0,0,0,0,0,0,0,0,0,0,0,21.0828306227922,0,0,0,0,0,217.883740276098,1.38546061515808,0,0,0,0,0,25.9914251863956,0,22.4657270312309,0,0,0,0,0,0,0,0,0,0,0,0,344.180500268936,4.75136184692383,0.434716761112213,0,0
0,100.563732236624,0,3.00887064635754,0,0,0,0,3.54243230819702,222.284599363804,0,0,0,133.330509364605,0,0,62.3649735301733,799.061738550663,94.7986599430442,0,0,22.8241230845451,0,63.4704039245844,6.99678432941437,461.88528354466,0.900578439235687,143.039790958166,0,0,0,0,0,0,2.35998746752739,3.6560942530632,1.05814218521118,9.02755373716354,0,0,0,38.0639131218195,11.4144382104278,12.4543697834015,0,1.79561178386211,0,0.598203808069229,0.879327461123466,65.7864780724049,0,0,0,0,0.217109873890877,210.896847039461,0,0.757232785224915,0,34.2152042239904,0,275.228860959411,0,0,4.22653849422932,0,26.8179790079594,0,319.219394445419,0,37.8131359517574,0,0,0,0,0.131487846374512,0,0,9.29754307866096,1.68054708838463,5.72676347196102,0,601.261198729277,171.462842129171,8.68704581260681,7.96395301818848,0
0,159.938325099647,0,1.36472406983376,0,0,0,0,1137.65699823201,103.128107063472,0,0.541986525058746,0,0,1157.92084591091,62.3649735301733,0,5659.19016239792,5725.43420094252,0,0,107.046127274632,38.0801608562469,364.842721655965,469.124570250511,179.052376136184,825.842179074883,6.46497894078493,0,0,0,0,1.11057019233704,0.609144300222397,9.64368578791618,50.1750648468733,6.26563884317875,33.8726190030575,0,0,1.22289678454399,113.213607206941,111.920372195542,47.7158202081919,3.99273918569088,14.5532497018576,0,20.5612282454967,9.03324915468693,7.91904598474503,0,0,0,0,245.590051472187,51.3803361132741,0,0,0,3.87757730484009,531.744860321283,89.1901085749269,0,0,11.1847506761551,4.08072280883789,210.176419317722,105.657378897071,49.3395505100489,481.217860296369,0,0,0,0,0,12.6690272986889,0,3.38206771016121,59.4535149633884,18.0206121057272,24.2308535277843,0,8678.90806587785,92.7185814455152,131.123895183206,103.983692072332,0
0,306.625188723207,0,25.6712810099125,0,0,0,0,200.369971551001,979.685844913125,0,0,0,57.4442858695984,7.86475814878941,799.061738550663,5659.19016239792,0,2812.31992979348,0,0,222.133843049407,0,705.900575265288,157.724533960223,2430.13941515982,14.1686699837446,193.318795487285,0,0,0,0,0.221110567450523,3.85771536827087,6.09181704372168,27.959539487958,5.42949999123812,44.197490260005,0,0,0,107.25630530715,113.341822847724,89.5111326500773,0.564802207052708,13.1666308566928,0,6.66384875029325,8.57664544135332,76.6371272355318,0,0,0,0,38.7677412778139,348.660535529256,0,6.14742875099182,0,13.0171539187431,2.59162940084934,536.21983808279,0.349480271339417,0,41.976961761713,0,389.125920131803,41.5644200444221,789.871644571424,16.8648669570684,15.3547937870026,0,0,0,0,12.8922348245978,1.66670048236847,9.37082844227552,35.1335992217064,15.1964992359281,28.2035473585129,0,9212.63578470796,3217.5558828041,120.316534772515,48.7656154334545,0
89.3859606832266,107.863659769297,165.967364653945,6.08920860290527,0,0,0,0,261.201905965805,107.196774184704,0,0.221232041716576,0,0.533536553382874,60.8585106879473,94.7986599430442,5725.43420094252,2812.31992979348,0,0,0,18.1812072247267,0,121.144667863846,171.136916100979,109.081401117146,37.2578177601099,4.21811995655298,0,0,0,0.268640726804733,2.5669474452734,31.5404247790575,53.5352314263582,309.89212577045,60.8924760967493,7.92626336216927,84.1060511320829,1.03749871253967,3.08797253668308,1088.63886936009,2662.32671300322,131.341196119785,8.78543338179588,65.3322869688272,0.275418378412724,128.198758214712,75.2042191848159,60.0871663540602,0,0,0,0,39.1042178124189,44.3230031132698,0,0,0,5.03091705590487,23.986812248826,52.2986556589603,1.22258816659451,0,1.28503012657166,0,45.4106499627233,40.1751026809216,37.8149867504835,4.70225675404072,0,0,0,0,0.301972389221191,103.835338003933,4.45059394836426,65.0319957733154,325.739179961383,196.163672402501,140.206607937813,4.01608218252659,6166.35811924189,357.492949716747,603.575078986585,300.43948238343,3.28311139345169
0,0,0,0,0,0,0,0,0,0,0,372.16582493484,0,0,0,0,0,0,0,0,0,0,0,0,0,0,0,0,0,140.016432374716,0,0,0,0.600425481796265,0,1299.6714290604,0,180.66199028492,0,0,0,288.528476208448,0,0,0,84.4729073941708,0,0,0,12.3798950016499,0,0,0,0,0,0,0,594.297491386533,0,0,0,0,1573.77350044996,0,0,0,0,0,0,0,0,0,145.114692643285,0,0,0,0,0,653.893359899521,0,530.146251782775,0,608.33632453531,1.6452217400074,299.126329302788,45.2355515062809,0
0,0,0,0,42.774200424552,0,1.01539039611816,0,0,0,187.143381044269,0,0,0,0,0,0,0,0,0,0,0,0,0,0,0,0,0,0,0,0,0,0,0,0,0,617.399580553174,0,49.2597624361515,0,0,0,0,0,0,0,194.84215220809,0,0,0,0.732916831970215,0,0,0,0,0,47.3060187697411,0,0,0,0,0,0,882.602089688182,0,0,0,0,0,0,0,0,0,0.300180107355118,0,0,0,0,0,102.909353986382,0,5.28575238585472,527.362978264689,0,52.2378888130188,0,0
0,27.5141804516315,0,0.117931514978409,0,0,0,0,2.72447696328163,6.55539201200008,0,0,0,0,0.395616769790649,22.8241230845451,107.046127274632,222.133843049407,18.1812072247267,0,0,0,266.567632853985,21.6686237156391,1.98170256614685,97.016160517931,0,81.1733505129814,0,0,0,0,0,0,0,0,0,336.248713493347,22.1566581726074,0,0,2.06413318216801,3.18613217771053,0.305707156658173,0,0,0,0,0,199.805899530649,0,0,0,0,0,2.6141711473465,0,0,0,0,0,12.336909532547,0,0,4065.26487760246,1.55536901950836,15.919441819191,0,58.6412301510572,0,268.756024315953,0,0,0,0,0.72720505297184,0,0.350843667984009,0,0.148136630654335,228.332212686539,14.5847331285477,518.776876747608,9.28646895289421,4.02912471443415,0.348705217242241,0
0,0,0,0,0,0,0,0,0,0,0,0,0,0,0.291200071573257,0,38.0801608562469,0,0,0,0,266.567632853985,0,0,72.3582538962364,0,81.3126108050346,0,38.9952690452337,0,0,0,0,16.4368923902512,25.9482090324163,0,0,0,1099.12035548687,0,0,0,0,0,0,0,0,3.77420204877853,211.225027084351,0,0,0,0,0,0,0,0,0,0,0,0,0,0,0,8.1721670627594,4710.33614011109,0,42.8298179805279,0,66.6731824874878,0,31.1514008194208,0,0.290972471237183,0,0,0,75.0888874977827,0,0,0,239.988674283028,1347.39343163371,326.453316152096,0.929012447595596,0,0
0,130.598341956735,0,6.68107758462429,0,0,0,0,39.554265499115,45.1643321216106,0,0,0,0,1.07094192504883,63.4704039245844,364.842721655965,705.900575265288,121.144667863846,0,0,21.6686237156391,0,0,48.8152469694614,181.28102940321,0,0,0,0,0,0,0,0,0.257225066423416,6.57310748100281,0,73.7849142849445,0,0,0,92.7735551595688,4.65330415964127,1.47092197835445,0,0,0,0.156971946358681,1.90192273259163,9.10444262623787,0,0,0,0,9.69946503639221,15.6132544577122,0,0.485859543085098,0,0.270586431026459,0,46.2264953553677,0,0,0.36094132065773,0,239.569413304329,21.6971260905266,89.1837520301342,2.8790135383606,1.68904811143875,0,0,0,0,0,0,0,0,0.631327688694,29.1080042421818,0,493.45461346209,6.72055587172508,26.0323945134878,26.2587359845638,0
2.4882832467556,13.1435787379742,0,0,0,0,0,0,79.8167561143637,2.2154176235199,0,0,0,0,13.6181065738201,6.99678432941437,469.124570250511,157.724533960223,171.136916100979,0,0,1.98170256614685,72.3582538962364,48.8152469694614,0,5.9451999515295,114.170004218817,0,0,0,0,0,0,0,0,0,0,12.310660213232,207.690353512764,0,0,10.404663592577,4.71973210573196,0.991321921348572,0,0,0,1.81950902938843,4.10663709044456,0,0,0,0,0,12.4041033089161,1.44833374023438,0,0,0,0,5.72656714916229,2.76659728586674,0,0,0,62.2183322310448,20.6572711467743,320.999740242958,4.05463665723801,1.32998594641685,0,0,0,0,0,0,0,0,0,0,0,0.958456933498383,196.845198720694,0.929668918251991,31.0694283992052,1.30697596073151,0
0,142.543717622757,0,11.781225182116,0,0,0,0,1.41075170040131,110.643694654107,0,0,0,200.975169479847,1.53519952297211,461.88528354466,179.052376136184,2430.13941515982,109.081401117146,0,0,97.016160517931,0,181.28102940321,5.9451999515295,0,0,658.747447580099,0,0,0,0,0.103149749338627,0,0.217654004693031,4.90733742713928,0.176357880234718,4.69738614559174,0,0,0,26.1215617656708,7.66472095996141,15.6182850152254,0,2.42582991719246,0,1.10680894553661,1.27272173762321,91.1566816866398,0,0,0,0,5.38153672218323,20.4160403162241,0,2.51913058757782,0,49.2956377565861,0,499.651883363724,0,0,5.42605909705162,0,63.2811488211155,1.3628340959549,1270.94932465255,0,118.531821072102,0,0,0,0,0.885061495006084,0,1.69412362575531,0.594248428940773,2.35424504429102,2.11464762687683,0,810.033004425466,14.7861422300339,27.684405490756,6.43386276066303,0
0,0,0,0,0,0,0,0,55.0266647040844,0,0,0,0,0,88.7222388088703,0.900578439235687,825.842179074883,14.1686699837446,37.2578177601099,0,0,0,81.3126108050346,0,114.170004218817,0,0,0,9.85637247562408,0,0,0,0,0,0,0,0,0.400301516056061,0,0,0,0,0,0,0,0,0,0,0,0,0,0,0,0,34.0024666041136,0,0,0,0,0,127.061091318727,0,0,0,0,8.43880981206894,0,13.0489627420902,0,601.57715561986,0,34.5411748886108,0,0,0,0,0,0,0,0,8.02874946594238,0,192.231592223048,0,0,2.24598574638367,0
0,2.65620674192905,0,0.139531776309013,0,0,0,0,0,0.137620285153389,0,143.659723967314,0,440.124956890941,0,143.039790958166,6.46497894078493,193.318795487285,4.21811995655298,0,0,81.1733505129814,0,0,0,658.747447580099,0,0,0,329.011021837592,0,0,0,0,0,0,0.460198104381561,220.755381837487,0,0,0,0,1.3318675532937,1.69976687431335,0,0,0,0,0.105195797979832,2.78418439626694,0,0,0,0,0,0,0,97.4722675532103,0,241.832623302937,0,63.5889485776424,0,0,15.8681029081345,0,5.26225951313972,0,803.517266228795,0,3299.50291410089,0,148.137667402625,0,0,0,0,0,0,0,155.689899966121,0,567.097872108221,8.18041348457336,2.24075092375278,0.155485302209854,0
0,0,0,0,0,0,0,0,0,0,0,0,0,0,0,0,0,0,0,0,0,0,38.9952690452337,0,0,0,9.85637247562408,0,0,0,7.59951305389404,0,0,0,0,0,0,0,123.774859428406,0,0,0,0,0,0,0,0,0,15.4498015791178,0,0,0,0,0,0,0,0,0,0,0,0,0,0,0,0,57.4728525280952,0,2.93375042080879,0,66.823399618268,0,373.959472715855,0,0,0,0,0,0,0,0,0,35.040353782475,0,0,0,0,0
0,0,0,0,0,0,0,0,0,0,0,205.207908585668,0,14.3129796385765,0,0,0,0,0,140.016432374716,0,0,0,0,0,0,0,329.011021837592,0,0,0,0,0,2.05210363864899,0,13.266289845109,0,273.393194422126,0,0.18706838786602,0,0.774761900305748,0,0,0,19.0379744321108,0,0,0,0,0,0,0,0,0,0,0,287.388270884752,0,0,0,0,148.109305948019,0,0,0,0,0,0,0,321.459809437394,0,771.647216558456,0,0,0,0,0,12.3164785057306,0,543.958675444126,0,124.882266387343,0.469372421503067,3.79725237190723,0,0
0,0,0,0,0,0,0,0,0,0,33.1598910987377,0,0,0,0,0,0,0,0,0,0,0,0,0,0,0,0,0,7.59951305389404,0,0,0,0,0,0,0,0,0,204.275234624743,0,0,0,0,0,0,0,0,0,0,0,0,0,0,0,0,0,8.31949290633202,0,0,0,0,0,0,0,0,0,0,0,0,0,0,9.67227149009705,0,47.5551576092839,0,0,0,0,0,0,0,143.079539969563,5.16193814575672,0,0,0,0
0,0,0,0,0,0,0,0,0,0,0,0,0,0,0,0,0,0,0.268640726804733,0,0,0,0,0,0,0,0,0,0,0,0,0,326.140687346458,50.9272435456514,0,1837.78267620504,312.74681173265,0.226479023694992,0,23.4627627134323,0.209790304303169,9.35942116379738,6.80366789549589,0,0,60.2595052719116,99.9435342624784,84.7663471996784,20.2912709861994,148.234497144818,0,0,0,0,0,0,0,1.72148835659027,0,0,0,0,11.2206442207098,0.451370179653168,0,0,0,0,0,0,0,0,0,0.860821738839149,796.434175565839,58.5489912927151,51.9759450256824,2.56995674967766,1414.32504366338,386.647239685059,3.89089572429657,3.01727740466595,382.356444105506,0,155.709530763328,0,2.70769595354795
0,0.687868729233742,0,0,0,0,0,0,0,0,0,0,0,0,0,0,1.11057019233704,0.221110567450523,2.5669474452734,0,0,0,0,0,0,0.103149749338627,0,0,0,0,0,326.140687346458,0,0,16.5276627540588,87.1862704306841,1099.43273310363,0,0,0,155.833282262087,2.0154180675745,9.48626397550106,0,0,0,0.154882282018661,105.200414687395,54.1485206633806,0,0,0,0,0,0,0,0,0.150825530290604,0,0,0,1.74587607383728,0,0,0,0,0,0,0,0,0,0,0,0,80.435957878828,513.090209439397,0,26.7780812978745,38.5394968688488,1472.36773857474,0,0,396.382804334164,0,4.55407401919365,0,0
0,0,0,0,0,0,0,0,0,0.780822813510895,0,2.38176164031029,0,0,0,0,0.609144300222397,3.85771536827087,31.5404247790575,0.600425481796265,0,0,16.4368923902512,0,0,0,0,0,0,2.05210363864899,0,50.9272435456514,0,0,2845.04807212949,1496.54311659932,342.501901090145,641.342879220843,46.7349082231522,18.5269093960524,2.85329270362854,423.259892418981,74.6094288378954,0.519761264324188,0,287.849864818156,134.899365350604,432.419189989567,11.7408158034086,165.464742705226,0,0,0,0,0,0,0,3.60972744226456,0,0,0,0,33.7838710099459,0.554288767278194,0,0.876835882663727,0,2.98174071311951,0,0,0,0,0,1.04897547513247,43.1403046101332,20.46614792943,2743.94767376781,931.223235912621,1317.68287978321,277.228678643703,1527.1666906476,25.2920024096966,1317.64966496825,21.0047126710415,415.768144764006,20.6659477055073,3.42884342372417
0,2.32697837054729,0,0,0,0,0,0,0,4.37326860427856,0,0,0,0,0,2.35998746752739,9.64368578791618,6.09181704372168,53.5352314263582,0,0,0,25.9482090324163,0.257225066423416,0,0.217654004693031,0,0,0,0,0,0,16.5276627540588,2845.04807212949,0,4.57303634285927,243.945883736014,4.94673459231853,755.241509705782,0,10.2487388700247,100.410361588001,395.061105258763,0.183762729167938,0,1.79524345695972,76.9098972156644,1220.35698384047,259.270956277847,2.80390781164169,0,0,0,0,0,0,0,0,0,0,0,0.10751611739397,0,0.427749142050743,0,27.6302914023399,0.42468398809433,0,0,0,0,0,0,0.648449450731277,0.251086384057999,320.75395077467,1205.53986677527,4116.71366210282,12.1159812361002,699.586370252073,103.035216450691,1303.85689689219,1459.05861383677,99.4865980893373,188.377743832767,3.29864270985126,4.06226877868176
0,13.3310403898358,0,0,0,0,0,0,0,22.096791729331,0,9.18917279690504,0,0,0,3.6560942530632,50.1750648468733,27.959539487958,309.89212577045,1299.6714290604,0,0,0,6.57310748100281,0,4.90733742713928,0,0,0,13.266289845109,0,1837.78267620504,87.1862704306841,1496.54311659932,4.57303634285927,0,882.576669454575,1171.29616198689,0.317461103200912,39.0691034793854,2.68506169319153,677.342153772712,61.2696270942688,76.7126200646162,0.258705705404282,734.305255502462,8.35742971301079,74.9927096366882,4.45455954968929,258.822395637631,0,0,0,0,0,0,0,7.88655637949705,0,0,0,2.81479704380035,752.39031843096,0,0,0,1.27057874202728,0,0.672342777252197,0,0,0,0,1.60090625286102,245.919013485312,27.9971869215369,413.290090411901,3.54600246995687,17757.5586468726,194.572300314903,1177.05457066745,0,5179.67185351998,1908.98682121933,230.842072427273,310.072013378143,0
0,0.164416268467903,0,0,1.52636396884918,0,0,0,0,0,11.5563164949417,0,0,0,0,1.05814218521118,6.26563884317875,5.42949999123812,60.8924760967493,0,617.399580553174,0,0,0,0,0.176357880234718,0,0.460198104381561,0,0,0,312.74681173265,1099.43273310363,342.501901090145,243.945883736014,882.576669454575,0,41.2412376999855,2038.01160342991,0,115.601143062115,17.1614569723606,928.319893464446,2.62399646639824,0,0,211.245908334851,84.2683893218637,148.106715291739,0,0,0,0,0,0,0,0,0,0,0,0,1.42951333522797,0,379.494234442711,0,0,0,0,0.198355033993721,0,0,0,0,6.27356225252151,65.1182342171669,114.096137225628,11.9863077104092,259.468413427472,415.342589348555,19283.6963558272,0.840137362480164,678.461707539856,7476.74952995777,1990.49029639363,246.320684827864,6.56821131706238,4.19104874134064
0,26.8372080400586,0,0.305448979139328,0,0,0,0,3.11649051308632,0,0,634.386730000377,0,0,0,9.02755373716354,33.8726190030575,44.197490260005,7.92626336216927,180.66199028492,0,336.248713493347,0,73.7849142849445,12.310660213232,4.69738614559174,0.400301516056061,220.755381837487,0,273.393194422126,0,0.226479023694992,0,641.342879220843,4.94673459231853,1171.29616198689,41.2412376999855,0,303.106776446104,0.191532209515572,0,228.554665923119,0,0,0,99.6770791560411,0,76.6824023127556,0,184.424032524228,0,0,0,0,0,1.72242346405983,0,12.9267357885838,0,0,0,0,242.408590242267,0,50.946960657835,0,61.495695412159,0,9.07179319858551,0,117.469045206904,0,249.594142645597,0,1.49750716984272,0,315.104359164834,0,669.719898484647,0,14047.3674238697,0,5997.70503581315,4025.19687518477,263.953892290592,100.632429182529,0
0,0,0,0,0,0,0,0,0,0,705.826611161232,0,0,0,0,0,0,0,84.1060511320829,0,49.2597624361515,22.1566581726074,1099.12035548687,0,207.690353512764,0,0,0,123.774859428406,0,204.275234624743,0,0,46.7349082231522,755.241509705782,0.317461103200912,2038.01160342991,303.106776446104,0,0,3.19272258877754,0,94.1323075592518,0,0,0,3.86752004176378,315.013220489025,689.018973052502,0,0,0,0,0,0,0,29.7191251069307,0,0,0,0,0,0,38.2398726940155,0,1183.96400402486,0,4.78902411460876,0,7.56847096979618,0,110.994968391955,0,55.8319691717625,0,0.560428559780121,0,928.842958882451,0,462.685683332384,79.2858743667603,10999.5974471867,3063.16936100274,1192.35712382197,82.9208758324385,0,0
0,0,0,0,0,0,0,0,0,0,0,0.751202896237373,0,0,0,0,0,0,1.03749871253967,0,0,0,0,0,0,0,0,0,0,0.18706838786602,0,23.4627627134323,0,18.5269093960524,0,39.0691034793854,0,0.191532209515572,0,0,0,0.534013509750366,0,0,0,86.150949254632,0,129.758751749992,0,71.283656001091,0,0,0,0,0,0,0,0.480727687478065,0,0,0,0,72.4350861683488,0,0,0,0,0,0,0,0,0,0,0,113.378243654966,0,13.4495097398758,0,147.917203143239,0,4.27647265791893,0,0.31995040178299,0,0.939934283494949,0,0
0,0,0,0,0,0,0,0,0,0,0,0,0,0,0,0,1.22289678454399,0,3.08797253668308,0,0,0,0,0,0,0,0,0,0,0,0,0.209790304303169,155.833282262087,2.85329270362854,10.2487388700247,2.68506169319153,115.601143062115,0,3.19272258877754,0,0,1.69386428594589,26.657599657774,0,0,0.185141116380692,1054.72669700533,30.8688300549984,121.859616860747,0,0,0,0,0,0,0,0,0,0,0,0,0,0,54.3038754835725,0,0,0,0,0,0,0,0,0,4.65338430553675,0,346.316285848618,3.35882993042469,1.156564027071,0,638.809774324298,0,42.5354174748063,5.05727349221706,0.476132869720459,171.993787735701,0.610066413879395,7.56854762136936
0,205.398617148399,0,6.31422136723995,0,0,0,0,0,44.7131886035204,0,108.069657191634,0,0.83975937962532,0,38.0639131218195,113.213607206941,107.25630530715,1088.63886936009,288.528476208448,0,2.06413318216801,0,92.7735551595688,10.404663592577,26.1215617656708,0,0,0,0.774761900305748,0,9.35942116379738,2.0154180675745,423.259892418981,100.410361588001,677.342153772712,17.1614569723606,228.554665923119,0,0.534013509750366,1.69386428594589,0,497.143784850836,43.8814595937729,0.205306768417358,223.5691614151,3.40239995718002,536.349698588252,20.1663203090429,2423.95787645876,0,0,0,0,3.59021425247192,13.3531605005264,0,321.459032654762,0,0,0,19.6798921748996,176.441609442234,0,0,0,93.5167712271214,0,5.43176332116127,0,1.37895238399506,0,285.5968862921,0,9.70193357765675,49.3323800861835,818.855861052871,93.8616959899664,1445.25089187175,80.3731226399541,2309.11327302456,1.85251027345657,1122.7011603117,84.9573218002915,2055.42977245152,1132.72092345357,0
0.295960664749146,7.43805331736803,0,0.2177604585886,0,0,0,0,9.50062000751495,13.7298462465405,0,0,0,0.101592391729355,2.12615114450455,11.4144382104278,111.920372195542,113.341822847724,2662.32671300322,0,0,3.18613217771053,0,4.65330415964127,4.71973210573196,7.66472095996141,0,1.3318675532937,0,0,0,6.80366789549589,9.48626397550106,74.6094288378954,395.061105258763,61.2696270942688,928.319893464446,0,94.1323075592518,0,26.657599657774,497.143784850836,0,13.9773356765509,172.34585301578,14.5772143229842,663.896500989795,782.136081762612,1505.17027843744,5.34340010583401,0,0,0,0,1.07827234268188,2.65347383916378,0,0,0,0.222630575299263,0,12.5063742920756,0.985172748565674,13.4610774219036,0,0,0.601568609476089,0,2.79875332862139,0,0,0,0,85.9444927275181,0.26822555065155,245.392936959863,27.3204317986965,436.139320224524,55.0236861258745,4759.73198329657,20.9341842830181,814.874169439077,1857.90556402504,92.6214205473661,1879.75622583926,46.5630057156086,2282.43931472301
0,26.3762691915035,0,0,0,0,0,0,0,28.1071113348007,0,0,0,0.136815086007118,0,12.4543697834015,47.7158202081919,89.5111326500773,131.341196119785,0,0,0.305707156658173,0,1.47092197835445,0.991321921348572,15.6182850152254,0,1.69976687431335,0,0,0,0,0,0.519761264324188,0.183762729167938,76.7126200646162,2.62399646639824,0,0,0,0,43.8814595937729,13.9773356765509,0,0,73.1768430769444,0,0.603168204426765,1.58496131747961,5.77141305804253,0,0,0,0,0,14.8980678915977,0,0,0,0.207766577601433,0,35.3096323311329,0,0,0,0,1.48508766293526,0,5.15180633962154,0,0,0,0,0,0,0,0,0.707998871803284,48.0032987222075,1.6782763004303,4.97033895552158,0,246.113024197519,57.6929819360375,157.395736217499,19.3392135500908,0
0,0.152439385652542,0,0,0,0,0,0,0,0.507448241114616,0,0,0,0,0,0,3.99273918569088,0.564802207052708,8.78543338179588,0,0,0,0,0,0,0,0,0,0,0,0,0,0,0,0,0.258705705404282,0,0,0,0,0,0.205306768417358,172.34585301578,0,0,1.17915523052216,82.2495682239532,1.18978929519653,0,0,0,0,0,0,0,0,0,0,0,0,0,0,0,0,0,0,0,0,0,0,0,0,0,0,0,0,0,0,0,0,0,0,7.83725738525391,0.697848424315453,123.188849970698,0.142451494932175,59.5601068586111
0,17.2688899338245,0,0,0,0,0,0,0,0.33642004430294,0,53.0799971222878,0,0,0,1.79561178386211,14.5532497018576,13.1666308566928,65.3322869688272,84.4729073941708,0,0,0,0,0,2.42582991719246,0,0,0,19.0379744321108,0,60.2595052719116,0,287.849864818156,1.79524345695972,734.305255502462,0,99.6770791560411,0,86.150949254632,0.185141116380692,223.5691614151,14.5772143229842,73.1768430769444,1.17915523052216,0,8.95094428956509,45.7229592949152,4.14151734858751,62.7304424643517,0,0,0,0,0,0,0,168.274678722024,0,0,0,3.42050407081842,1689.82694265991,0,0,0,0,0,1.94434788823128,0,0,0,16.2844009995461,0,228.933276414871,5.56360040605068,245.974746972322,0.292856469750404,783.759698554873,6.74951900541782,508.334853902459,0.350520670413971,165.906022630632,7.95481270551682,982.047934740782,77.1237034350634,0
0,0,0,0,0,0,0,0,0,0,10.6825017482042,0,0,0,0,0,0,0,0.275418378412724,0,194.84215220809,0,0,0,0,0,0,0,0,0,0,99.9435342624784,0.154882282018661,134.899365350604,76.9098972156644,8.35742971301079,211.245908334851,0,3.86752004176378,0,1054.72669700533,3.40239995718002,663.896500989795,0,82.2495682239532,8.95094428956509,0,25.4052280858159,144.37415766716,0.90878364443779,0,0,0,0,0,0,3.12272271513939,0,0,0,0,0,0.592584729194641,1681.78511711955,0,0,0,0,0,0,0,0,0,116.150629580021,9.9734493046999,11.409075781703,40.5787923783064,29.8691069632769,9.54441273212433,2165.87021464109,2.00553178787231,402.599734276533,28.288524903357,0,2300.52364319563,0,224.435821354389
0,3.24301660060883,0,0,0,0,0,0,0.141144156455994,1.54784531891346,0,0,0,0,0,0.598203808069229,20.5612282454967,6.66384875029325,128.198758214712,0,0,0,3.77420204877853,0.156971946358681,1.81950902938843,1.10680894553661,0,0,0,0,0,84.7663471996784,105.200414687395,432.419189989567,1220.35698384047,74.9927096366882,84.2683893218637,76.6824023127556,315.013220489025,129.758751749992,30.8688300549984,536.349698588252,782.136081762612,0.603168204426765,1.18978929519653,45.7229592949152,25.4052280858159,0,549.941341891885,874.440984740853,0,0,0,0,0,0.732007443904877,0,0,0,0,0,0.95671721547842,14.7863245159388,0,0,0.20567025244236,0,0,0.410446561872959,0,0,0,0,0.153168931603432,9.64978300035,174.289524972439,313.672819718719,790.294445246458,133.640315800905,304.353276714683,853.633991107345,430.340260565281,1307.19584781677,23.6544717103243,332.117073260248,21.8812809288502,2.62683329731226
17.8143182992935,1.09687365591526,47.5009919404984,0,0,0,0,0,2.14021609723568,0.953524813055992,0,0,0,0,0,0.879327461123466,9.03324915468693,8.57664544135332,75.2042191848159,0,0,0,211.225027084351,1.90192273259163,4.10663709044456,1.27272173762321,0,0.105195797979832,15.4498015791178,0,0,20.2912709861994,54.1485206633806,11.7408158034086,259.270956277847,4.45455954968929,148.106715291739,0,689.018973052502,0,121.859616860747,20.1663203090429,1505.17027843744,1.58496131747961,0,4.14151734858751,144.37415766716,549.941341891885,0,0.149014487862587,0,0,0,0,0,0.210768312215805,0,0,0,0,0,1.82503009587526,0.592345714569092,12.4084100723267,0,19.1771415024996,0,262.877639234066,0.125961020588875,23.8462419509888,0,63.0570930987597,0,214.048998177052,0.754213750362396,233.317552357912,2.15029883384705,193.210644647479,13.1568832695484,396.484877064824,0,675.869194842875,70.3452920541167,12.6645436882973,1137.24381789565,0.782721519470215,10.4376599267125
0,81.3544070124626,0,0.486823573708534,0,0,0,0,0,36.8610574156046,0,7.48207348585129,0,0,0,65.7864780724049,7.91904598474503,76.6371272355318,60.0871663540602,12.3798950016499,0,199.805899530649,0,9.10444262623787,0,91.1566816866398,0,2.78418439626694,0,0,0,148.234497144818,0,165.464742705226,2.80390781164169,258.822395637631,0,184.424032524228,0,71.283656001091,0,2423.95787645876,5.34340010583401,5.77141305804253,0,62.7304424643517,0.90878364443779,874.440984740853,0.149014487862587,0,0,0,0,0,0,30.8821336627007,0,60.6985424757004,0,8.91604590415955,0,43.9027000665665,23.0655019506812,0,407.260830059648,0,147.870152726769,0,125.938466981053,0,479.97943636775,0,118.626006811857,0,109.179257929325,2.51695147156715,317.549639612436,6.23666930198669,401.148423358798,1.1266473531723,2173.60136216879,0,165.442849546671,8.26469978690147,775.20589722693,133.721587315202,0
0,0,0,0,160.0586373806,0,15.8018074631691,0,0,0,0,0,0,0,0,0,0,0,0,0,0.732916831970215,0,0,0,0,0,0,0,0,0,0,0,0,0,0,0,0,0,0,0,0,0,0,0,0,0,0,0,0,0,0,0,13.0439524650574,0,0,0,368.377210319042,0,48.8350469470024,0,0,0,0,0,0,0,0,0,0,0,0,0,0,0,0,0,0,0,0,0,0,0,34.3513080179691,0,10.8632797598839,0,0
0,0,0,0,0,0,0,0,0,0,0,0,0,0,0,0,0,0,0,0,0,0,0,0,0,0,0,0,0,0,0,0,0,0,0,0,0,0,0,0,0,0,0,0,0,0,0,0,0,0,0,0,0,0,0,0,0,0,0,0,0,0,0,0,0,0,0,0,0,0,0,0,0,0,0,0,0,0,0,0,0,0,0,0,0,0,0
0,0,0,0,25.0979331731796,0,85.0732188820839,0,0,0,1.1298394203186,0,0,0,0,0,0,0,0,0,0,0,0,0,0,0,0,0,0,0,0,0,0,0,0,0,0,0,0,0,0,0,0,0,0,0,0,0,0,0,13.0439524650574,0,0,0,0,0,120.037334501743,0,0,0,0,0,0,0,0,0,0,0,0,0,0,0,0,0,0,0,0,0,0,0,0,0,10.8976101875305,0,0,0,0
0,0,0,0,0,0,0,107.637993812561,0,0,0,0,0,0,0,0,0,0,0,0,0,0,0,0,0,0,0,0,0,0,0,0,0,0,0,0,0,0,0,0,0,0,0,0,0,0,0,0,0,0,0,0,0,0,0,0,0,0,0,0,0,0,0,0,0,0,0,0,0,0,0,0,0,0,0,0,0,0,0,0,0,0,178.318397760391,24.195200920105,0,0,0
32.9969043731689,0.202454745769501,0,0,0,0,0,0,28.49490493536,0,0,0,0,0,21.0828306227922,0.217109873890877,245.590051472187,38.7677412778139,39.1042178124189,0,0,0,0,9.69946503639221,12.4041033089161,5.38153672218323,34.0024666041136,0,0,0,0,0,0,0,0,0,0,0,0,0,0,3.59021425247192,1.07827234268188,0,0,0,0,0,0,0,0,0,0,0,0,5.79552125930786,0,0,0,0,34.9423890858889,0,0,0,0,0,4.27575463056564,8.07909083366394,0,13.7182868272066,0,0,0,0,0,0.232728347182274,0,0,0,0,0,0,116.11236782372,0,0,0,0
0,92.465192168951,0,0.147538736462593,0,0,0,0,1.09008228778839,168.376378655434,0,0,0,0.282026499509811,0,210.896847039461,51.3803361132741,348.660535529256,44.3230031132698,0,0,2.6141711473465,0,15.6132544577122,1.44833374023438,20.4160403162241,0,0,0,0,0,0,0,0,0,0,0,1.72242346405983,0,0,0,13.3531605005264,2.65347383916378,14.8980678915977,0,0,0,0.732007443904877,0.210768312215805,30.8821336627007,0,0,0,0,5.79552125930786,0,0,0,0,0.690391659736633,0,100.97075381875,0,0,0,0,13.7865189909935,0,5.43706870079041,0,0,0,0,0,0,0.505517110228539,0,0,1.93821504712105,0.952995002269745,5.92798781394958,0,239.157281838357,28.7108482420444,1.87224212288857,4.34381550550461,0
0,0,0,0,3.95889103412628,0,25.5985808372498,0,0,0,579.929494529963,0,0,0,0,0,0,0,0,0,47.3060187697411,0,0,0,0,0,0,0,0,0,8.31949290633202,0,0,0,0,0,0,0,29.7191251069307,0,0,0,0,0,0,0,3.12272271513939,0,0,0,368.377210319042,0,120.037334501743,0,0,0,0,0,175.644456863403,0,0,0,0,0.401400282979012,0,0,0,0,0,0,0,50.6372056305408,0,84.5326116979122,0,0,0,0,0,0,0,6.69666278362274,13.1733922660351,0,1.66974890232086,0,0
0,6.55566430091858,0,0,0,0,0,16.054988861084,0,0,0,1316.74951121211,0,81.6177998334169,0,0.757232785224915,0,6.14742875099182,0,594.297491386533,0,0,0,0.485859543085098,0,2.51913058757782,0,97.4722675532103,0,287.388270884752,0,1.72148835659027,0.150825530290604,3.60972744226456,0,7.88655637949705,0,12.9267357885838,0,0.480727687478065,0,321.459032654762,0,0,0,168.274678722024,0,0,0,60.6985424757004,0,0,0,0,0,0,0,0,0,8.58773028850555,0,31.4306125640869,460.790112093091,0,0,0,0,0,22.1881848573685,0,257.654200166464,0,1236.11077553034,0,0.611302733421326,0,0.658135637640953,0,20.9950692206621,0,63.908470749855,0,132.18494091928,1,286.515317291021,17.2457807064056,0
0,0,0,0,0,0,0,0,0,0,0,0,2,0,0,0,0,0,0,0,0,0,0,0,0,0,0,0,0,0,0,0,0,0,0,0,0,0,0,0,0,0,0,0,0,0,0,0,0,0,48.8350469470024,0,0,0,0,0,175.644456863403,0,0,0,0,0,0,0,0,0,0,0,0,0,0,0,0,0,0,0,0,0,0,0,0,0,0,0,0,0,0
0,2.89824731647968,0,0,0,0,0,0,0,0.848676860332489,0,121.860662013292,0,420.890237569809,0,34.2152042239904,3.87757730484009,13.0171539187431,5.03091705590487,0,0,0,0,0.270586431026459,0,49.2956377565861,0,241.832623302937,0,0,0,0,0,0,0,0,0,0,0,0,0,0,0.222630575299263,0.207766577601433,0,0,0,0,0,8.91604590415955,0,0,0,0,0,0.690391659736633,0,8.58773028850555,0,0,0,47.0342038422823,0,0,0,0,0,0,22.0142036825418,0,74.2885067611933,0,0,0,0,0,0,0,0,0,0,0,68.0357631295919,1.22366002202034,1.36125505715609,0.247427582740784,0
0,0,0,0,0,0,0,0,68.6144736707211,0,0,0,0,0,217.883740276098,0,531.744860321283,2.59162940084934,23.986812248826,0,0,0,0,0,5.72656714916229,0,127.061091318727,0,0,0,0,0,0,0,0,0,0,0,0,0,0,0,0,0,0,0,0,0,0,0,0,0,0,0,34.9423890858889,0,0,0,0,0,0,0,0,0,0,0,0,3.77271628379822,0,21.623543292284,0,0,0,0,0,0,0,0,0,0,0,0,174.259967632592,0,0,0,0
0,104.64356366545,0,5.8888471275568,0,0,0,0,0,50.2661107331514,0,0,0,156.29113908112,1.38546061515808,275.228860959411,89.1901085749269,536.21983808279,52.2986556589603,0,0,12.336909532547,0,46.2264953553677,2.76659728586674,499.651883363724,0,63.5889485776424,0,0,0,0,1.74587607383728,0,0.10751611739397,2.81479704380035,1.42951333522797,0,0,0,0,19.6798921748996,12.5063742920756,35.3096323311329,0,3.42050407081842,0,0.95671721547842,1.82503009587526,43.9027000665665,0,0,0,0,0,100.97075381875,0,31.4306125640869,0,47.0342038422823,0,0,0,0,0.674196422100067,0,22.739081710577,0,410.629682317376,0,3.45622132718563,0,0,0,0,1.75890508294106,0,0.638030849397182,10.0697782486677,1.80481323599815,0,0,592.053888447583,300.713549926877,26.9444819614291,6.8137030005455,0
0,0.206384465098381,0,0,0,0,0,0,0,0,0,296.45402367413,0,0,0,0,0,0.349480271339417,1.22258816659451,1573.77350044996,0,0,0,0,0,0,0,0,0,148.109305948019,0,11.2206442207098,0,33.7838710099459,0,752.39031843096,0,242.408590242267,0,72.4350861683488,0,176.441609442234,0.985172748565674,0,0,1689.82694265991,0.592584729194641,14.7863245159388,0.592345714569092,23.0655019506812,0,0,0,0,0,0,0,460.790112093091,0,0,0,0,0,0,0,0,0,0,0,0,0,0,138.451402813196,0,97.0927364528179,0.142391547560692,13.9224923551083,0,734.29425457865,1.92801530659199,451.603278368711,0,197.677442215383,1.56098408997059,506.105416618288,36.6425896883011,0
0,0,0,0,0,0,0,0,0,0,2.05800373852253,0,0,0,0,0,0,0,0,0,882.602089688182,0,0,0,0,0,0,0,0,0,0,0.451370179653168,0,0.554288767278194,0.427749142050743,0,379.494234442711,0,38.2398726940155,0,54.3038754835725,0,13.4610774219036,0,0,0,1681.78511711955,0,12.4084100723267,0,0,0,0,0,0,0,0.401400282979012,0,0,0,0,0,0,0,0,0,0,0,0,0,0,0,0,25.4681470543146,0,0,0.12280885130167,0,0,403.533264257014,0,0.190876245498657,130.343633070588,0,236.192173868418,0,2.26760272681713
0,1.94687323272228,0,0.247262820601463,0,0,0,0,0,0,0,0,0,0,0,4.22653849422932,11.1847506761551,41.976961761713,1.28503012657166,0,0,4065.26487760246,8.1721670627594,0.36094132065773,0,5.42605909705162,0,15.8681029081345,0,0,0,0,0,0,0,0,0,50.946960657835,0,0,0,0,0,0,0,0,0,0,0,407.260830059648,0,0,0,0,0,0,0,0,0,0,0,0.674196422100067,0,0,0,0,70.2648754715919,0,5.42691239714622,0,42.6024312227964,0,0,0,0,0,0,0,0,0,217.918849825859,0,73.4031828641891,0,0,0,0
0,0,0,0,0,0,0,0,0,0,0,0,0,0,0,0,4.08072280883789,0,0,0,0,1.55536901950836,4710.33614011109,0,62.2183322310448,0,8.43880981206894,0,57.4728525280952,0,0,0,0,0.876835882663727,27.6302914023399,0,0,0,1183.96400402486,0,0,0,0,0,0,0,0,0.20567025244236,19.1771415024996,0,0,0,0,0,0,0,0,0,0,0,0,0,0,0,0,0,0,96.3301553428173,0,21.3723514825106,0,135.597512349486,0,0,0,0,0,54.4441530555487,0,0,0,96.6045563519001,304.60601644218,127.230655550957,0,0,0
0,99.042651951313,0,7.39522112905979,0,0,0,0,3.66759157180786,14.4339787811041,0,0,0,0,0,26.8179790079594,210.176419317722,389.125920131803,45.4106499627233,0,0,15.919441819191,0,239.569413304329,20.6572711467743,63.2811488211155,0,5.26225951313972,0,0,0,0,0,0,0.42468398809433,1.27057874202728,0,61.495695412159,0,0,0,93.5167712271214,0.601568609476089,1.48508766293526,0,0,0,0,0,147.870152726769,0,0,0,0,4.27575463056564,13.7865189909935,0,0,0,0,0,22.739081710577,0,0,70.2648754715919,0,0,10.1741029024124,88.0640446394682,4.11577224731445,27.552002042532,0,0,0,0,0.138627871870995,0,0.148507371544838,0,0,8.55052876472473,0,314.994153141975,3.49556529521942,55.7856194227934,15.8506607413292,0
0.838773101568222,2.80973434448242,0,0,0,0,0,0,31.2092384546995,0.188171088695526,0,0,0,0,25.9914251863956,0,105.657378897071,41.5644200444221,40.1751026809216,0,0,0,42.8298179805279,21.6971260905266,320.999740242958,1.3628340959549,13.0489627420902,0,2.93375042080879,0,0,0,0,2.98174071311951,0,0,0,0,4.78902411460876,0,0,0,0,0,0,0,0,0,262.877639234066,0,0,0,0,0,8.07909083366394,0,0,0,0,0,3.77271628379822,0,0,0,0,96.3301553428173,10.1741029024124,0,0,15.7535747140646,0,6.14788295328617,0,0,0,0,0,0,0,0,0,0.507726237177849,83.8419621139765,0,134.957671061158,0,0
