0,0,217.325767368078,0,0,0,0,0,223.155529327691,0,0,0,0,0,8.75927051901817,0,4.18552759289742,1.05196091532707,20.3736975193024,0,0,0,0,0,7.88246123492718,0,0,0,0,0,0,0,0,0,0,0,0,0,55.5505135655403,0,0,0.325975090265274,2038.65207368881,0,0,0,17.2770151495934,0,65.8741255700588,0,0,0,0,0,23.6468778848648,0,91.5503224954009,0.127857908606529,1.91924759745598,0,144.699531257153,0,0,3.32831734418869,0,0,0,0,0,0,0,0,0,8.47620326280594,0,0,0,0,0,1.20926190912724,0,1.2388288974762,170.446478590369,0.113191395998001,1152.61746321619,0,33.987770229578
0,0,0,19.0815808773041,0,0.513291001319885,0,0,0,634.439766705036,0,0,0,0,0,7.08047661185265,0.364553660154343,5.88022629916668,13.2910400629044,0,0,0,0,8.03821836411953,0,0,0,0,0,0,0,0,0,0,0,1.4537742882967,0,6.24950337409973,0,0,0,2923.4111712575,0.489677235484123,0.425322085618973,0,8.44562029838562,0,0,0,24.0560529083014,0,0,0,0,0,101.143026590347,0,258.275203317404,0,5.29317808151245,0,8.2813331335783,5.31490661203861,0,0,0,0,0,0,0,4.31159284710884,0,27.8041874170303,0,0,0,0,0,3.66002434492111,0.92962908744812,0,0,352.221487060189,1.70640853047371,938.352880507708,13.989634513855,0
217.325767368078,0,0,4.7613185942173,5.3973374068737,0,0,0,450.312801837921,0,0,0,0,0,19.3648172169924,0,0.958591848611832,0,3.3038739413023,0,0.607141375541687,0,0,0,0.499085634946823,0,0,0,0,0,0,0,0,0,0,1.29082405567169,15.0371990203857,0,0.195629581809044,0,0,0,16.2590848654509,0.149874895811081,0,0,110.285360708833,0,381.286385253072,0.364781051874161,61.9132095873356,0,0,0,187.655720323324,0,262.99566192925,0,203.531784951687,0,212.273593261838,0,0,1.93334227800369,0,0,0,0,0,0,0,0,0,2.1333009749651,0,0,0,0,0,20.8776284754276,0,0,73.8159058764577,154.505431875587,364.503879606724,0,1.02889922261238
0,19.0815808773041,4.7613185942173,0,0,217.720010563731,0,0,0,1167.65099801123,0,6.6091942191124,0,0,0,46.4925784170628,0,0,0,75.5387483090162,0,0,0,0,0,0,0,0,0,0,0,0,0,0,0,830.122906133533,20.3320814520121,0,0,0,0,15.9996982961893,0,0,0,10.3047596216202,15.0834347307682,0,0,101.888199478388,0,140.394902706146,0,0,0,503.433482661843,0.926623821258545,57.2736539393663,0,101.074147462845,0,360.450379610062,88.6176137626171,0,0,0,0,0,0,0,0.233985126018524,0,1.91851881146431,0,0,0,0,0,222.099336817861,16.8628323376179,0,0,533.702467799187,57.7816025316715,241.80257846415,0,0
0,0,5.3973374068737,0,0,0,0,0,2.05233299732208,0,0,0,0,0,0,0,0,0,0,0,0,0,0,0,0,0,0,0,0,0,0,0,0,0,0,0,0,0,0,0,0,0,0,0,0,0,0,0,0.604474544525146,0,29.1315340995789,0,1,0,0,0,443.318006634712,0,43.5175802409649,0,54.3650131672621,0,0,0,0,0,0,0,0,0,0,0,0,0,0,0,0,0,0,0,0,0,10.7375148907304,36.942138902843,52.0726188123226,0,0
0,0.513291001319885,0,217.720010563731,0,0,0,10.872456908226,0,0.907453656196594,0,22.640749335289,0,0,0,0,0,0,0,4.7253674864769,0,0,0,0,0,0,0,0,0,0,0,0,0,0,0,6.60538232326508,0,0,0,0,0,0,0,0,0,0,0,0,0,0,0,76.1835030913353,0,0,0,49.7634380161762,0,99.251581132412,0,14.3975444734097,0,4.40831790864468,0,0,0,0,0,0,0,0,0,0,0,0,0,0,0,0,0,0,0,0,614.224829494953,108.994441121817,67.361149251461,0,0
0,0,0,0,0,0,0,0,0,0,0,0,1,0,0,0,0,0,0,0,0,0,0,0,0,0,0,0,0,0,0,0,0,0,0,0,0,0,0,0,0,0,0,0,0,0,0,0,0,0,2,0,0,0,0,0,0,0,0,0,0,0,0,0,0,0,0,0,0,0,0,0,0,0,0,0,0,0,0,0,0,0,0,0,0,0,0
0,0,0,0,0,10.872456908226,0,0,0,0,0,0,0,0,0,0,0,0,0,1,0,0,0,0,0,0,0,0,0,0,0,0,0,0,0,0,0,0,0,0,0,0,0,0,0,0,0,0,0,0,0,0,0,0,0,0,0,34.6819025278091,0,0,0,0,0,0,0,0,0,0,0,0,0,0,0,0,0,0,0,0,0,0,0,0,0.504054188728333,11.2331960499287,27.7606794834137,0,0
223.155529327691,0,450.312801837921,0,2.05233299732208,0,0,0,0,0,0,0,0,0,113.225765094161,0,152.030077949166,0.158262893557549,71.3374983593822,0,0,0,0,0,109.80412992835,0,0,0,0,0,0,0,0,0,0,0,0,0,33.1307283788919,0,0,0.270262524485588,164.8165923208,0,0,0.102581299841404,1.82713329792023,0,77.2084046006203,0,0,0,0,0,435.515826791525,0,30.2070599645376,0.221775636076927,52.997528553009,0,112.093435913324,0,0,0,0,0,0,102.365194767714,0,0,0,0,0,1.13590943813324,0,0,0,0,0,0,0,0,791.53795889765,316.063388206065,394.16869828105,0,74.9357570260763
0,634.439766705036,0,1167.65099801123,0,0.907453656196594,0,0,0,0,0,0,0,0,0,14.4092726111412,0,21.559933707118,4.94992539286613,0,0,0,0,16.9425259977579,0,0,0,0,0,0,0,0,0,1.20841643214226,0,5.64139756560326,0,32.636043548584,0,0,0,81.1543074250221,0,0,0,0.561167657375336,0,0,0,159.075947761536,0,15.3050436973572,0,0,0,1066.86223985255,0,25.1678251028061,0,0.412314802408218,0,169.715240314603,0,0,0,0,1.03034973144531,0,5,0,0,0,2.05861282348633,0,0,0,0,0,0.723555088043213,0,0.664211392402649,0,759.578838691115,289.854819267988,91.3032040596008,1.3151161968708,0
0,0,0,0,0,0,0,0,0,0,0,0,146.566397130489,0,0,0,0,0,0,0,583.235507905483,0,0,0,0,0,0,0,0,0,38.2595190405846,0,0,0,0,0,40.1459712684155,0,942.708738088608,0,0,0,0,0,0,0,0,0,0,0,0,0,0,0,0,0,2539.46455965936,0,286.270983338356,0,0,0,0,8.57599592208862,0,0,0,0,0,0,0,0,0,1.51780045032501,0,0,0,0,0,1.84177426993847,0,0,66.1072552800179,0,0,0,0
0,0,0,6.6091942191124,0,22.640749335289,0,0,0,0,0,0,0,4.02727484703064,0,0,0,0,0,340.354610562325,0,0,0,0,0,0,0,0,0,0,0,0,0,0,0,325.937617301941,0,322.753534138203,0,0,0,0,0,0,0,0,0,0,0,0,0,26.4878113865852,0,0,0,0,0,2685.77311606705,0,249.723329305649,0,3.88840907812119,29.1320381164551,0,0,0,0,0,0,0,0,0,0,0,0,0,0,0,12.3258638381958,0,0,0,773.792972385883,66.7184146046638,2.4500744342804,0,0
0,0,0,0,0,0,1,0,0,0,146.566397130489,0,0,0,98.7987382411957,0,0,0,0,0,0,0,0,0,0,0,0,0,0,0,0,0,0,0,0,0,0,0,0,0,0,0,0,0,0,0,0,0,0,0,0,0,1,0,0,0,0,0,702.345194339752,0,42.2075463831425,0,0,0,0,0,0,0,0,0,0,0,0,0,0,0,0,0,0,0,0,0,103.801392674446,0,0,0,0
0,0,0,0,0,0,0,0,0,0,0,4.02727484703064,0,0,0,7.31008529663086,0,0,0,0,0,0,0,0,0,0,0,0,0,0,0,0,0,0,0,0,0,0,0,0,0,0,0,0,0,0,0,0,0,0,0,0,0,0,0,0,0,0,0,996.861530482769,0,0,0,0,0,0,0,0,0,0,0,0,0,0,0,0,0,0,0,0,0,0,34.6443872451782,114.907206296921,0,0,0
8.75927051901817,0,19.3648172169924,0,0,0,0,0,113.225765094161,0,0,0,98.7987382411957,0,0,0,0,0,0,0,0,0,0,0,0,0,0,0,0,0,0,0,0,0,0,0,0.205357983708382,0,0,0,0,0,0,0,0,0,0,0,37.4535674154758,0,0,0,0,0,11.5773185491562,0,2.92892545461655,0,134.564438700676,0,522.306175664067,0,0,0,0,0,0,0.334219053387642,0,64.354475274682,0,0,0,0,0,0,0,0,0,0,0,0,180.706879362464,34.2824871987104,0.644747376441956,0,0
0,7.08047661185265,0,46.4925784170628,0,0,0,0,0,14.4092726111412,0,0,0,7.31008529663086,0,0,0,0,0,0,0,0,0,0,0,0,0,0,0,0,0,0,0,0,0,0.645949527621269,0,0,0,0,0,0,0,0,0,0,0,0,0,145.023468002677,0,0,0,0,0,2.67796033620834,0,0.781918436288834,0,0.464607059955597,0,469.145319387317,0,0,0,0,0,0,0,0,0,0,0,0,0,0,0,0,0.297570645809174,0,0,0,119.15914991498,46.8344901204109,0,0,0
4.18552759289742,0.364553660154343,0.958591848611832,0,0,0,0,0,152.030077949166,0,0,0,0,0,0,0,0,14612.9473449066,5170.80239976943,0,0,147.096756562591,1045.18032039702,0,6.39091700315475,6.34914597868919,229.191055372357,0,0,0,0,0,0,0,0,0.158621907234192,0.766766212880611,0,1.82269883155823,3.59338569641113,0,48.3499625623226,468.508510127664,5.17787030339241,138.938855439425,69.8001673072577,1051.91402442753,0,2.96881790459156,0,0,0,0,0,6.89758202433586,0,20.1427185088396,4.52362278103828,0.446486979722977,0,0,0,0.140141263604164,14.7105526030064,120.631323985755,295.34298337996,0,0,0,0,0,0,0.314765304327011,1.59699594974518,0,0,0,0,10.5178867653012,121.140220284462,0,0,4982.12467270344,7300.77154262364,1232.19801893085,10.6755019202828,195.772085912526
1.05196091532707,5.88022629916668,0,0,0,0,0,0,0.158262893557549,21.559933707118,0,0,0,0,0,0,14612.9473449066,0,5877.63350258768,0,0,701.660909295082,223.4748146981,45.1965872049332,5.98361846804619,70.6567569226027,27.3494824320078,0,0,0,0,0,0,0,0,18.9656964987516,0,0,0.208378791809082,34.3945446684957,0,400.341896824539,83.264708198607,103.934411406517,37.3510026335716,558.885935388505,235.36931373179,0,0,0,0,0,0,0,0,26.5203597247601,2.06435219943523,35.0933816507459,0,0,0,0,1.33468474447727,3.01065052300692,288.454927638173,20.002572581172,0,0,0,0,0,0,1.74330852925777,0,0,0,0,0,89.843756377697,32.8305391296744,0,0,5781.63557294011,3485.52844821662,1110.85068232566,101.793260455132,23.2796754613519
20.3736975193024,13.2910400629044,3.3038739413023,0,0,0,0,0,71.3374983593822,4.94992539286613,0,0,0,0,0,0,5170.80239976943,5877.63350258768,0,0,0,16.2443908005953,1.76702310144901,0,6.86202488839626,0.406056821346283,0.182752430438995,0,0,0,0,0,0,0,0,19.246625714004,0.345793604850769,0,12.5640193521976,156.653396673501,0.592243373394012,1200.33383825421,1460.2875231728,258.863586217165,210.615152984858,2978.54223965108,3593.82520268857,0,1.96552711725235,0,0,0,0,0,0.208821639418602,0,32.7568288370967,130.162485703826,0,0,0.949773699045181,0,28.4452013075352,59.0986841470003,15.1489379554987,0.463734120130539,0,0.213239416480064,0,0,4.2251855134964,0,13.0541762858629,5.78575533628464,0,0,0,0,356.225341647863,398.405677571893,0,0,1412.97164435685,32.3077172338963,5932.78336341679,135.754459813237,257.530138462782
0,0,0,75.5387483090162,0,4.7253674864769,0,1,0,0,0,340.354610562325,0,0,0,0,0,0,0,0,0,0,0,0,0,0,0,0,0,0,0,0,0,0,0,71.5665955990553,0,8.15334689617157,0,0,0,1.69696067273617,0,0,0,104.954655371606,0,0,0,3.73889268934727,0,1.20683917403221,0,0,0,0,0,360.935556143522,0,1.88508495688438,0,2.70395654439926,682.3690251261,0,0,0,0,0,0,0,0,0,0,0,0,0,0,0,7.14348912239075,0,0,0,261.105381250381,0,36.6932456120849,0,0
0,0,0.607141375541687,0,0,0,0,0,0,0,583.235507905483,0,0,0,0,0,0,0,0,0,0,0,0,0,0,0,0,0,0,0,0,0,0,0,0,0,216.984381213784,0,2,0,0,0,0,0,0,0,26.78638471663,0,0.95215867459774,0,0,0,0,0,0,0,352.126995876431,0,0.189137607812881,0,0,0,0,563.38696629554,0,0,0,0,0,0,0,0,0,0.152126863598824,0,0,0,0,0,17.089758887887,0,0,169.619817078114,0,95.8627449572086,0,0
0,0,0,0,0,0,0,0,0,0,0,0,0,0,0,0,147.096756562591,701.660909295082,16.2443908005953,0,0,0,106.129155755043,142.615788817406,0,25.0589718818665,0.242826893925667,0,0,0,0,0,0,0,0,0,0,114.049780964851,0,0,0,0.447962701320648,0,0,0,0.468927323818207,0,11.6017664074898,0,129.37139698863,0,0,0,0,0,0,0,0,0,0,0,0,0,0,1004.86266371608,1,38.6864809989929,0,7,0,18.8272663354874,0,0,0,0,0,0,0,0.155963405966759,0,38.0939406752586,0,233.071815595031,91.5372892022133,10.5751349776983,0,0
0,0,0,0,0,0,0,0,0,0,0,0,0,0,0,0,1045.18032039702,223.4748146981,1.76702310144901,0,0,106.129155755043,0,0,38.1195803284645,0,179.183231651783,0,199.699281692505,0,0,0,0,0,0,0,0,25.5768980979919,883.837807282805,0,0,0.107703894376755,0,0,0,0,0,0,167.779448777437,0,0,0,0,0,0,0,0,0,0,0,0,0,0,0,5.48605361580849,860.370115369558,0,65.2386531382799,0,0,0,0,0,0,0,0,0,0,0,0,0,152.999227419496,611.538340747356,55.6731290370226,0.337688602507114,0.148092597723007,0
0,8.03821836411953,0,0,0,0,0,0,0,16.9425259977579,0,0,0,0,0,0,0,45.1965872049332,0,0,0,142.615788817406,0,0,0,93.5885534286499,0,0,0,0,0,0,0,2.03778849542141,0,0,0,196.788152098656,0,0,0,36.1950296312571,0,0,0,0,0,0,0,40.5368490666151,0,0,0,0,0,68.1620197743177,0,0,0,0,0,0,0,0,138.413622498512,0,454.167506858706,0,152.178330093622,0,0,0,0,0,0,0,4.45661029219627,0,0,0,187.895524531603,0,108.469884872437,0,52.5306674093008,0,0
7.88246123492718,0,0.499085634946823,0,0,0,0,0,109.80412992835,0,0,0,0,0,0,0,6.39091700315475,5.98361846804619,6.86202488839626,0,0,0,38.1195803284645,0,0,0,4,0,0,0,0,0,0,0,0.537987127900124,0,0,0,143.008495599031,0,0,0,0,0,0,0,0,0,14.5432109832764,0,0,0,0,0,69.8150327503681,0,0,0,0,0,0,0,0,0,0,105.710354328156,0,120.367251113057,0,0,0,0,0,0,0,0,0,0,0,0,0,64.758700042963,2.08336562663317,4.61913985013962,3.56344935297966,0,0
0,0,0,0,0,0,0,0,0,0,0,0,0,0,0,0,6.34914597868919,70.6567569226027,0.406056821346283,0,0,25.0589718818665,0,93.5885534286499,0,0,0,0,0,0,0,0,0,0,0,0,0,0,0,0,0,0,0,0,0,0,0,0,0,0,0,0,0,0,0,0,0,0,0,0,0,0,0,0,0,0,23.6239273548126,0,0,0,0,0,0,0,0,0,0,0,0,0,0,0,0.692626088857651,1.7474278062582,0,0,0
0,0,0,0,0,0,0,0,0,0,0,0,0,0,0,0,229.191055372357,27.3494824320078,0.182752430438995,0,0,0.242826893925667,179.183231651783,0,4,0,0,0,0,0,0,0,0,0,0,0,0,0,0,0,0,0,0,0,0,0,0,0,0,0,0,0,0,0,0,0,0,0,0,0,0,0,0,0,0,87.6663969159126,0,30.3951991796494,0,0,0,0,0,0,0,0,0,0,0,0,0,0,354.955769836903,8.92070825397968,0,0,0
0,0,0,0,0,0,0,0,0,0,0,0,0,0,0,0,0,0,0,0,0,0,0,0,0,0,0,0,0,590.141385257244,0,0,0,0,0,0,0,0,0,0,0,0,0,0,0,0,0,0,0,0,0,0,0,0,0,0,0,0,0,0,0,0,0,0,0,0,0,0,0,0,720.036232829094,0,762.66989338398,0,0,0,0,0,0,0,0,0,9.72671616077423,379.420510649681,0,0,0
0,0,0,0,0,0,0,0,0,0,0,0,0,0,0,0,0,0,0,0,0,0,199.699281692505,0,0,0,0,0,0,0,370.025610744953,0,0,0,0,0,0,0,6.6981725692749,0,0,0,0,0,0,0,0,0,0,0,0,0,0,0,0,0,0,0,0,0,0,0,0,0,0,0,0,0,0,0,0,27.8484830856323,0,4.77233266830444,0,0,0,0,0,0,0,2,0,0,0,0,0
0,0,0,0,0,0,0,0,0,0,0,0,0,0,0,0,0,0,0,0,0,0,0,0,0,0,0,590.141385257244,0,0,0,0,0,0,0,0,0,75.1200013756752,0,0,0,0,0,0,0,0,0,0,0,0,0,0,0,0,0,0,0,92.4276032447815,0,0,0,0,0,0,0,0,0,0,0,0,1,0,468.601090192795,0,0,0,0,0,0,0,9.59594130516052,0,70.3711094856262,0,0,0,0
0,0,0,0,0,0,0,0,0,0,38.2595190405846,0,0,0,0,0,0,0,0,0,0,0,0,0,0,0,0,0,370.025610744953,0,0,0,0,0,0,0,0,0,47.8479228019714,0,0,0,0,0,0,0,0,0,0,0,0,0,0,0,0,0,0,0,0,0,0,0,0,0,0,0,0,0,0,0,0,0,0,218.153811424971,0,0,0,0,0,0,0,72.1683810949326,2,0,0,0,0
0,0,0,0,0,0,0,0,0,0,0,0,0,0,0,0,0,0,0,0,0,0,0,0,0,0,0,0,0,0,0,0,586.306515812874,331.058696985245,0,42.2140447944403,0,0,0,0,0,0,0,0,0,0,0,456.729251459241,0,0,0,0,0,0,0,0,0,0,0,0,0,0,0,0,0,0,0,0,0,0,0,0,0,0,807.293746620417,13.0496706962585,17.5190395414829,0,59.3682670593262,0,0,0,318.307842642069,0,0,0,0
0,0,0,0,0,0,0,0,0,0,0,0,0,0,0,0,0,0,0,0,0,0,0,0,0,0,0,0,0,0,0,586.306515812874,0,0,745.364843428135,0,7,0,0,0,0.296085596084595,0,0,0,0,0,0,1096.62778258324,75.4061361849308,0.393398582935333,0,0,0,0,0,0,0,0,0,0,0,0,0,0,0,0,0,0,0,0,0,0,0,0,222.351606249809,284.096358180046,0,188.088979303837,0,97.5194087028503,0,0,46.8548369407654,0,0,0,0
0,0,0,0,0,0,0,0,0,1.20841643214226,0,0,0,0,0,0,0,0,0,0,0,0,0,2.03778849542141,0,0,0,0,0,0,0,331.058696985245,0,0,1035.24006706476,9.34379708766937,0,641.970184743404,0,0,0,0.631022214889526,0,0,0,0,0,1190.47251838446,0,0.419659107923508,0,0,0,0,0,17.6843324452639,0,0,0,0,0,0,0,0,0,0,21.4374518245459,0,0,0,0,0,0,0,115.214268118143,0,1907.01160684228,464.698045253754,46.4350244998932,0,296.404457181692,0.290826231241226,111.320950061083,0,0,0,0
0,0,0,0,0,0,0,0,0,0,0,0,0,0,0,0,0,0,0,0,0,0,0,0,0.537987127900124,0,0,0,0,0,0,0,745.364843428135,1035.24006706476,0,0,133.411841154099,19.3098659515381,257.333267793059,0,0,0,0,0,0,0,0,1079.91603510082,9.67266793549061,0,0,0,0,0,0.940153956413269,0,0,0,0,0,0,0,0,0,0,0,0,14.3499534577131,0,0,0,1.68788973987103,0,0,0,87.869642585516,557.370269924402,1595.17825745046,0,38.3874152302742,0,450.21686014533,450.708378374577,0,0,0,0
0,1.4537742882967,1.29082405567169,830.122906133533,0,6.60538232326508,0,0,0,5.64139756560326,0,325.937617301941,0,0,0,0.645949527621269,0.158621907234192,18.9656964987516,19.246625714004,71.5665955990553,0,0,0,0,0,0,0,0,0,0,0,42.2140447944403,0,9.34379708766937,0,0,2325.13199961185,629.077127501369,0,28.251679122448,2.77444437146187,146.757702544332,1.18028876185417,6.14327958226204,0,57.0712200403214,1.20885041356087,409.587035015225,1.55993235111237,14.5099607855082,0,1.12118351459503,0,0,0,0.924602061510086,0,176.976367712021,0,18.0430695414543,0,45.258613973856,52.0846392288804,0,0.155673578381538,0,0,0,0,0,0,0,0.187547415494919,0,5.31910592317581,0,27.3625873327255,0,10747.5348668024,2449.81428705156,89.0488340854645,0,1342.75955978036,37.2237838059664,282.949850618839,2.97002810239792,0
0,0,15.0371990203857,20.3320814520121,0,0,0,0,0,0,40.1459712684155,0,0,0,0.205357983708382,0,0.766766212880611,0,0.345793604850769,0,216.984381213784,0,0,0,0,0,0,0,0,0,0,0,7,0,133.411841154099,2325.13199961185,0,0,1492.38429409266,0,11.8976244330406,7.34343659877777,35.7291661798954,0,0,0.538877665996552,19.3458925560117,205.642830908298,38.9863823503256,5.96928665041924,0,0,0,0,0,0,454.412982165813,4.56623089313507,6.48347772657871,0,1.58563539385796,0,0,161.553862348199,0,0,0,0,0,0,0,0,0,0.455367624759674,0,11,0,3.80591464042664,444.875359207392,12206.6651010513,0,596.520057484508,1140.27886432409,73.9208655953407,223.359033562243,0,0
0,6.24950337409973,0,0,0,0,0,0,0,32.636043548584,0,322.753534138203,0,0,0,0,0,0,0,8.15334689617157,0,114.049780964851,25.5768980979919,196.788152098656,0,0,0,0,0,75.1200013756752,0,0,0,641.970184743404,19.3098659515381,629.077127501369,0,0,28.0943721532822,0,0,42.6462101489305,0,0,0,0,0,774.515771210194,0,1086.26539047062,0,0,0,0,0,92.9737378805876,0,27.5541068911552,0,0,0,0,0,0,17.9440751969814,0,510.836861252785,0,0,0,3.12846797704697,0,0,0,0,0,79.9257554858923,0,131.424731165171,0,6403.42390212417,0,674.506733670831,0,142.423290908337,0,0
55.5505135655403,0,0.195629581809044,0,0,0,0,0,33.1307283788919,0,942.708738088608,0,0,0,0,0,1.82269883155823,0.208378791809082,12.5640193521976,0,2,0,883.837807282805,0,143.008495599031,0,0,0,6.6981725692749,0,47.8479228019714,0,0,0,257.333267793059,0,1492.38429409266,28.0943721532822,0,0,0,0,15.3310974836349,0,0,0,0,1004.71841347218,428.821440413594,1.03995323181152,0,0,0,0,121.431268543005,0,808.422375947237,0,0,0,4.20557832717896,0,0,0,0,78.3985795974731,0,65.0720895826817,0,0,0,0,0,0,0,0,0,133.533306449652,0,496.428725883365,382.733731031418,6169.75370122492,961.013302542269,0.406460650265217,96.0486172288656,0,0
0,0,0,0,0,0,0,0,0,0,0,0,0,0,0,0,3.59338569641113,34.3945446684957,156.653396673501,0,0,0,0,0,0,0,0,0,0,0,0,0,0,0,0,28.251679122448,0,0,0,0,27.184976041317,452.632114887238,0.140583097934723,89.0288601219654,0,379.848408967257,0.256171070039272,38.5110916495323,630.173667818308,402.955654606223,0,0,0,0,0,0,0,0.727145433425903,0,0,0,0,0.502698540687561,0,0,0,0,0,0,0,0,0,0,0,0,0,0,0,115.345630824566,0,0,0,33.7060728445649,0.118058100342751,720.699159249663,12.2312096953392,0.112326934933662
0,0,0,0,0,0,0,0,0,0,0,0,0,0,0,0,0,0,0.592243373394012,0,0,0,0,0,0,0,0,0,0,0,0,0,0.296085596084595,0,0,2.77444437146187,11.8976244330406,0,0,27.184976041317,0,0,0.224490895867348,0,0,0,2.10108727216721,159.846917003393,2969.45378625393,101.846839934587,0,0,0,0,0,0,0,0,0,0,0,0,0,0,0,0,0,0,0,0,0,0,0,0,0,23.9930898547173,0,0,0,332.442994132638,0,0,7.98567318916321,0,119.43751552701,0,0
0.325975090265274,2923.4111712575,0,15.9996982961893,0,0,0,0,0.270262524485588,81.1543074250221,0,0,0,0,0,0,48.3499625623226,400.341896824539,1200.33383825421,1.69696067273617,0,0.447962701320648,0.107703894376755,36.1950296312571,0,0,0,0,0,0,0,0,0,0.631022214889526,0,146.757702544332,7.34343659877777,42.6462101489305,0,452.632114887238,0,0,481.254190795124,285.543336197734,2.15028700232506,2253.97801510245,6.44758658111095,70.973877042532,11.7846232354641,213.907885909081,0,0,0,0,0,38.3477635979652,0.184537827968597,234.80837354064,0,0,0,86.3873439133167,8.12394304573536,0,0.169526174664497,0,150.806398615241,0,0,0,4.22242721915245,0,35.8428755104542,0,0,0,0,0,305.036950051785,1.994354583323,42.246640086174,0,4797.4466810897,123.010661207139,5998.11086947471,928.883541248739,3.26320850104094
2038.65207368881,0.489677235484123,16.2590848654509,0,0,0,0,0,164.8165923208,0,0,0,0,0,0,0,468.508510127664,83.264708198607,1460.2875231728,0,0,0,0,0,0,0,0,0,0,0,0,0,0,0,0,1.18028876185417,35.7291661798954,0,15.3310974836349,0.140583097934723,0.224490895867348,481.254190795124,0,2.71022891253233,651.188849464059,18.3321361616254,3027.39776572585,67.7535420954227,1103.60979127884,2.84425157308578,0,0,0,0,29.8626020699739,0,210.772787407041,0.845347225666046,2.78143997490406,0,91.8725757598877,0,0,6.46720231324434,0,0,0,0,0,0,0,0,0,20.4132894724607,0,0,0,0,0.856453597545624,329.586028560996,0,26.2834548056126,3391.81034994125,97.7015743181109,6936.58119717985,1.64741784334183,868.492085903883
0,0.425322085618973,0.149874895811081,0,0,0,0,0,0,0,0,0,0,0,0,0,5.17787030339241,103.934411406517,258.863586217165,0,0,0,0,0,0,0,0,0,0,0,0,0,0,0,0,6.14327958226204,0,0,0,89.0288601219654,0,285.543336197734,2.71022891253233,0,3.00058333575726,748.529407911003,3.83664326369762,0,0,0,0,0,0,0,0,0,0.146475076675415,2.22963190078735,0,0,0,0,6.02604410052299,0,0,0,0,0,0,0,0,0,0,0,0,0,0,0,169.222793146968,0.406333476305008,0,0,152.075202226639,0.686603978276253,807.775635376573,9.46427556872368,0.214143298566341
0,0,0,0,0,0,0,0,0,0,0,0,0,0,0,0,138.938855439425,37.3510026335716,210.615152984858,0,0,0,0,0,0,0,0,0,0,0,0,0,0,0,0,0,0,0,0,0,0,2.15028700232506,651.188849464059,3.00058333575726,0,13.0083030536771,736.446598976851,0,0,0,0,0,0,0,0,0,1.15687042474747,0,0,0,0,0,0,9.02641694247723,0,0,0,0,0,0,0,0,0,0,0,0,0,0,2.83208615332842,104.365316532552,0,0,100.452794373035,27.4173891618848,353.658132575452,0.151793345808983,16.653888002038
0,8.44562029838562,0,10.3047596216202,0,0,0,0,0.102581299841404,0.561167657375336,0,0,0,0,0,0,69.8001673072577,558.885935388505,2978.54223965108,104.954655371606,0,0.468927323818207,0,0,0,0,0,0,0,0,0,0,0,0,0,57.0712200403214,0.538877665996552,0,0,379.848408967257,0,2253.97801510245,18.3321361616254,748.529407911003,13.0083030536771,0,33.0916847810149,0,0,2.69737757742405,0,0,0,0,0,0,0.161357313394547,102.015534214675,0,0,0,0,2568.90096253902,0.612785741686821,0.176120787858963,0,0,0,0,0,0,0,1.93417313694954,0.159559488296509,0,0,0,0,1491.57332967967,1.85665449500084,0,0,559.4713954404,19.5467121005058,6968.4821825996,65.049903973937,7.4169180765748
17.2770151495934,0,110.285360708833,15.0834347307682,0,0,0,0,1.82713329792023,0,0,0,0,0,0,0,1051.91402442753,235.36931373179,3593.82520268857,0,26.78638471663,0,0,0,0,0,0,0,0,0,0,0,0,0,0,1.20885041356087,19.3458925560117,0,0,0.256171070039272,2.10108727216721,6.44758658111095,3027.39776572585,3.83664326369762,736.446598976851,33.0916847810149,0,0,22.7397584617138,0.304345518350601,0,0,0,0,0,0,23.0503935664892,0.434543341398239,0,0,0.136143565177917,0,0,2171.6359680295,0,0,0,0,0,0,0,0,0,2.55791246891022,0,0,0,0,4.81342155486345,1993.54167757928,0,0,625.023067347705,173.214687816799,4854.7948332727,1.24075174331665,114.792635917664
0,0,0,0,0,0,0,0,0,0,0,0,0,0,0,0,0,0,0,0,0,11.6017664074898,0,0,0,0,0,0,0,0,0,456.729251459241,1096.62778258324,1190.47251838446,1079.91603510082,409.587035015225,205.642830908298,774.515771210194,1004.71841347218,38.5110916495323,159.846917003393,70.973877042532,67.7535420954227,0,0,0,0,0,3648.36992372572,2341.83913707733,0,0,0,0,0,1.0846168845892,0,0,0,0,0,0,0,0,6.24091795086861,0,6.97839443385601,1.53356146812439,0,0,13.940100133419,15.0111331045628,0.61234350502491,0,64.7924134731293,114.371030494571,350.173856258392,690.435746461153,181.736787647009,419.612268581986,2619.38970704377,4461.57203601301,7266.64063495398,14.9616900682449,417.860273659229,0,0
65.8741255700588,0,381.286385253072,0,0.604474544525146,0,0,0,77.2084046006203,0,0,0,0,0,37.4535674154758,0,2.96881790459156,0,1.96552711725235,0,0.95215867459774,0,167.779448777437,0,14.5432109832764,0,0,0,0,0,0,0,75.4061361849308,0,9.67266793549061,1.55993235111237,38.9863823503256,0,428.821440413594,630.173667818308,2969.45378625393,11.7846232354641,1103.60979127884,0,0,0,22.7397584617138,3648.36992372572,0,4382.08589108288,0,0,0,0,10.2697089910507,0,83.0192188024521,0,3.66907680034637,0,168.95537891984,0,0,5.98359508812428,0,118.747136384249,0,9.85200229287148,0,4.54189859330654,0,5.08817414939404,0,19.9858577400446,0,104.757532432675,0,5.45132780075073,0.309867829084396,611.242873355746,0,1481.89104788005,3402.2821290791,10.3332725986838,3977.44215382636,0,4.9678957015276
0,24.0560529083014,0.364781051874161,101.888199478388,0,0,0,0,0,159.075947761536,0,0,0,0,0,145.023468002677,0,0,0,3.73889268934727,0,129.37139698863,0,40.5368490666151,0,0,0,0,0,0,0,0,0.393398582935333,0.419659107923508,0,14.5099607855082,5.96928665041924,1086.26539047062,1.03995323181152,402.955654606223,101.846839934587,213.907885909081,2.84425157308578,0,0,2.69737757742405,0.304345518350601,2341.83913707733,4382.08589108288,0,0,0,0,0,0,0,0,22.5730741769075,0,3.35720244050026,0,267.498019427061,13.1296924948692,0,63.6660957932472,0,169.861296504736,0,126.119165301323,0,75.0733948349953,0,130.566844940186,0,15.4930682182312,0,2.2423506975174,0,278.567267760634,5.90272901952267,1712.77924527228,0,993.08184581995,0.148611649870872,1644.56768903136,0.654140621423721,0
0,0,61.9132095873356,0,29.1315340995789,0,2,0,0,0,0,0,0,0,0,0,0,0,0,0,0,0,0,0,0,0,0,0,0,0,0,0,0,0,0,0,0,0,0,0,0,0,0,0,0,0,0,0,0,0,0,0,0,0,1.50841188430786,0,0,0,2,0,44.1995706558228,0,0,0,0,0,0,0,0,0,0,0,0,0,0,0,0,0,0,0,0,0,5.02283026278019,65.8864039778709,0,0,0
0,0,0,140.394902706146,0,76.1835030913353,0,0,0,15.3050436973572,0,26.4878113865852,0,0,0,0,0,0,0,1.20683917403221,0,0,0,0,0,0,0,0,0,0,0,0,0,0,0,1.12118351459503,0,0,0,0,0,0,0,0,0,0,0,0,0,0,0,0,0,0,0,5.91950416564941,0,38.1108121573925,0,72.00003272295,0,135.927323043346,0,0,0,0,0,0,0,0,0,0,0,0,0,0,0,0,0,0,0,0,19.1391328573227,0,5.82397082448006,0,0
0,0,0,0,1,0,0,0,0,0,0,0,1,0,0,0,0,0,0,0,0,0,0,0,0,0,0,0,0,0,0,0,0,0,0,0,0,0,0,0,0,0,0,0,0,0,0,0,0,0,0,0,0,0,0,0,0,0,0,0,0,0,0,0,0,0,0,0,0,0,0,0,0,0,0,0,0,0,0,0,0,0,1,0,0,0,0
0,0,0,0,0,0,0,0,0,0,0,0,0,0,0,0,0,0,0,0,0,0,0,0,0,0,0,0,0,0,0,0,0,0,0,0,0,0,0,0,0,0,0,0,0,0,0,0,0,0,0,0,0,0,0,0,0,1,0,0,0,0,0,0,0,0,0,0,0,0,0,0,0,0,0,0,0,0,0,0,0,0,0,0,0,0,0
23.6468778848648,0,187.655720323324,0,0,0,0,0,435.515826791525,0,0,0,0,0,11.5773185491562,0,6.89758202433586,0,0.208821639418602,0,0,0,0,0,69.8150327503681,0,0,0,0,0,0,0,0,0,0.940153956413269,0,0,0,121.431268543005,0,0,0,29.8626020699739,0,0,0,0,0,10.2697089910507,0,1.50841188430786,0,0,0,0,0,0.983487576246262,0,67.5492673814297,0,5.66316249966621,0,0,0,0,0,0,119.621388182044,0,0,0,0,0,0.657571569085121,0,0,0,0.932909965515137,0,0,0,38.0822605788708,457.504081770778,390.613626673818,111.818287402391,0,0.18453224003315
0,101.143026590347,0,503.433482661843,0,49.7634380161762,0,0,0,1066.86223985255,0,0,0,0,0,2.67796033620834,0,26.5203597247601,0,0,0,0,0,68.1620197743177,0,0,0,0,0,0,0,0,0,17.6843324452639,0,0.924602061510086,0,92.9737378805876,0,0,0,38.3477635979652,0,0,0,0,0,1.0846168845892,0,0,0,5.91950416564941,0,0,0,0,0,14.1147245615721,0,0,0,3.37841165065765,0,0,0,0,8.86672405898571,0,0,0,0,0,1.67137765884399,0,0,0,0.372174203395844,0,0,0,16.2183545082808,0,505.439560174942,249.102507039905,78.2194495350122,0,0
91.5503224954009,0,262.99566192925,0.926623821258545,443.318006634712,0,0,0,30.2070599645376,0,2539.46455965936,0,0,0,2.92892545461655,0,20.1427185088396,2.06435219943523,32.7568288370967,0,352.126995876431,0,0,0,0,0,0,0,0,0,0,0,0,0,0,0,454.412982165813,0,808.422375947237,0,0,0.184537827968597,210.772787407041,0.146475076675415,1.15687042474747,0.161357313394547,23.0503935664892,0,83.0192188024521,0,0,0,0,0,0.983487576246262,0,0,0,313.75932726264,0,75.1451191157103,0,0,715.238844163716,0,0,0,0,0,0,0,1.94522841274738,0,57.0387340039015,0,0,0,0,0,28.5389128625393,0,0,544.293799236417,479.656348668039,879.076605901122,0.164169237017632,22.4807952046394
0.127857908606529,258.275203317404,0,57.2736539393663,0,99.251581132412,0,34.6819025278091,0.221775636076927,25.1678251028061,0,2685.77311606705,0,0,0,0.781918436288834,4.52362278103828,35.0933816507459,130.162485703826,360.935556143522,0,0,0,0,0,0,0,0,0,92.4276032447815,0,0,0,0,0,176.976367712021,4.56623089313507,27.5541068911552,0,0.727145433425903,0,234.80837354064,0.845347225666046,2.22963190078735,0,102.015534214675,0.434543341398239,0,0,22.5730741769075,0,38.1108121573925,0,1,0,14.1147245615721,0,0,0,34.9662182629108,0,67.7586153298616,857.707415111363,0,0.218359872698784,0,0,0,0,0,171.43654358387,0,609.25652179122,0,0,0,0,0,303.547747090459,2.4937792122364,41.3048275113106,0,242.724432818592,13.2177876085043,998.306474357843,18.5224172472954,0.488323509693146
1.91924759745598,0,203.531784951687,0,43.5175802409649,0,0,0,52.997528553009,0,286.270983338356,0,702.345194339752,0,134.564438700676,0,0.446486979722977,0,0,0,0.189137607812881,0,0,0,0,0,0,0,0,0,0,0,0,0,0,0,6.48347772657871,0,0,0,0,0,2.78143997490406,0,0,0,0,0,3.66907680034637,0,2,0,0,0,67.5492673814297,0,313.75932726264,0,0,0,211.004434704781,0,0,10.379742026329,0,0,0,0,0,0,0,1.34466053545475,0,0.21016152203083,0,0,0,0,0,0.412974968552589,0,0,158.079790189862,73.3184504061937,25.6016181260347,0,0
0,5.29317808151245,0,101.074147462845,0,14.3975444734097,0,0,0,0.412314802408218,0,249.723329305649,0,996.861530482769,0,0.464607059955597,0,0,0,1.88508495688438,0,0,0,0,0,0,0,0,0,0,0,0,0,0,0,18.0430695414543,0,0,0,0,0,0,0,0,0,0,0,0,0,3.35720244050026,0,72.00003272295,0,0,0,0,0,34.9662182629108,0,0,0,27.6512285172939,0,0,0,0,0,0,0,0,0.206370428204536,0,0,0,0,0,0,0,0,0,0,0,5.39582768082619,18,9.47222176194191,0,0
144.699531257153,0,212.273593261838,0,54.3650131672621,0,0,0,112.093435913324,0,0,0,42.2075463831425,0,522.306175664067,0,0,0,0.949773699045181,0,0,0,0,0,0,0,0,0,0,0,0,0,0,0,0,0,1.58563539385796,0,4.20557832717896,0,0,0,91.8725757598877,0,0,0,0.136143565177917,0,168.95537891984,0,44.1995706558228,0,0,0,5.66316249966621,0,75.1451191157103,0,211.004434704781,0,0,0,0,0,0,0,0,0,0,31.4131511598825,0,15.429502338171,0,10.4178929775953,0,0,0,0,0.115867331624031,0,0,0,35.5679914355278,21.4658032655716,231.943119257689,0,3.46898195147514
0,8.2813331335783,0,360.450379610062,0,4.40831790864468,0,0,0,169.715240314603,0,3.88840907812119,0,0,0,469.145319387317,0,0,0,2.70395654439926,0,0,0,0,0,0,0,0,0,0,0,0,0,0,0,45.258613973856,0,0,0,0,0,86.3873439133167,0,0,0,0,0,0,0,267.498019427061,0,135.927323043346,0,0,0,3.37841165065765,0,67.7586153298616,0,27.6512285172939,0,0,0,0,0,0,0,0,1,0,20.7481150329113,0,1.99035847187042,0,0,0,0,0,3.8953001499176,0,0,0,72.6425081938505,117.053129673004,226.177261680365,0,0
0,5.31490661203861,0,88.6176137626171,0,0,0,0,0,0,0,29.1320381164551,0,0,0,0,0.140141263604164,1.33468474447727,28.4452013075352,682.3690251261,0,0,0,0,0,0,0,0,0,0,0,0,0,0,0,52.0846392288804,0,0,0,0.502698540687561,0,8.12394304573536,0,6.02604410052299,0,2568.90096253902,0,0,0,13.1296924948692,0,0,0,0,0,0,0,857.707415111363,0,0,0,0,0,0,0,0,0,0,0,0,0.339094042778015,0,3.53051471710205,0,0,0,0,0,32.006648235023,0,0,0,287.107426255941,0.196263551712036,1384.73543862998,0.435683101415634,0.242539763450623
3.32831734418869,0,1.93334227800369,0,0,0,0,0,0,0,8.57599592208862,0,0,0,0,0,14.7105526030064,3.01065052300692,59.0986841470003,0,563.38696629554,0,0,0,0,0,0,0,0,0,0,0,0,0,0,0,161.553862348199,0,0,0,0,0,6.46720231324434,0,9.02641694247723,0.612785741686821,2171.6359680295,0,5.98359508812428,0,0,0,0,0,0,0,715.238844163716,0,10.379742026329,0,0,0,0,0,0,0,0,0,0,0,0,0,0,6.06742097437382,0,0,0,0,0,154.644325613976,0,0,21.4698309823871,2.42411037534475,1295.19268322736,0,1.32491321861744
0,0,0,0,0,0,0,0,0,0,0,0,0,0,0,0,120.631323985755,288.454927638173,15.1489379554987,0,0,1004.86266371608,5.48605361580849,138.413622498512,0,0,0,0,0,0,0,0,0,0,0,0.155673578381538,0,17.9440751969814,0,0,0,0.169526174664497,0,0,0,0.176120787858963,0,6.24091795086861,0,63.6660957932472,0,0,0,0,0,0,0,0.218359872698784,0,0,0,0,0,0,0,0,127.004267960787,0,6.64337337017059,0,121.516355872154,0,0,0,0,0,0,0,0,0,24.6192754805088,0,51.325112208724,5.01994897425175,2.46568705141544,0,0
0,0,0,0,0,0,0,0,0,0,0,0,0,0,0,0,295.34298337996,20.002572581172,0.463734120130539,0,0,1,860.370115369558,0,105.710354328156,0,87.6663969159126,0,0,0,0,0,0,0,0,0,0,0,78.3985795974731,0,0,0,0,0,0,0,0,0,118.747136384249,0,0,0,0,0,0,0,0,0,0,0,0,0,0,0,0,0,0,0,0,77.4832057952881,0,0,0,0,0,0,0,0,0,0,0,0,31.8383174389601,4.87926188111305,0,0,0
0,0,0,0,0,0,0,0,0,1.03034973144531,0,0,0,0,0,0,0,0,0,0,0,38.6864809989929,0,454.167506858706,0,23.6239273548126,0,0,0,0,0,0,0,21.4374518245459,0,0,0,510.836861252785,0,0,0,150.806398615241,0,0,0,0,0,6.97839443385601,0,169.861296504736,0,0,0,0,0,8.86672405898571,0,0,0,0,0,0,0,0,127.004267960787,0,0,0,195.348600998521,0,31.5989689975977,0,0,0,0,0,2.2745666205883,0,0,0,739.627813220024,0,135.02701793611,0,249.388331204653,0,0
0,0,0,0,0,0,0,0,102.365194767714,0,0,0,0,0,0.334219053387642,0,0,0,0.213239416480064,0,0,0,65.2386531382799,0,120.367251113057,0,30.3951991796494,0,0,0,0,0,0,0,14.3499534577131,0,0,0,65.0720895826817,0,0,0,0,0,0,0,0,1.53356146812439,9.85200229287148,0,0,0,0,0,119.621388182044,0,0,0,0,0,0,0,0,0,0,0,0,0,0,0,0,0,0,0,0,0,0,3.71617797017097,0,0,0,193.746403992176,15.486314162612,6.99687625467777,12.4350105524063,0,0
0,0,0,0,0,0,0,0,0,5,0,0,0,0,0,0,0,0,0,0,0,7,0,152.178330093622,0,0,0,0,0,0,0,0,0,0,0,0,0,0,0,0,0,0,0,0,0,0,0,0,0,126.119165301323,0,0,0,0,0,0,0,0,0,0,0,1,0,0,6.64337337017059,0,195.348600998521,0,0,0,232.85329452157,0,0,0,0,0,0,0,0,0,0,0,0,0,4.36243939399719,0,0
0,0,0,0,0,0,0,0,0,0,0,0,0,0,64.354475274682,0,0,0,0,0,0,0,0,0,0,0,0,0,0,0,0,0,0,0,0,0,0,0,0,0,0,0,0,0,0,0,0,0,4.54189859330654,0,0,0,0,0,0,0,0,0,0,0,31.4131511598825,0,0,0,0,77.4832057952881,0,0,0,0,0,34.7284355163574,0,0,0,0,0,0,0,0,0,0,4.81616103649139,0,0.43330816924572,0,0
0,4.31159284710884,0,0.233985126018524,0,0,0,0,0,0,0,0,0,0,0,0,0,0,4.2251855134964,0,0,18.8272663354874,0,0,0,0,0,720.036232829094,0,1,0,0,0,0,0,0,0,3.12846797704697,0,0,0,4.22242721915245,0,0,0,0,0,13.940100133419,0,75.0733948349953,0,0,0,0,0,0,0,171.43654358387,0,0.206370428204536,0,20.7481150329113,0.339094042778015,0,121.516355872154,0,31.5989689975977,0,232.85329452157,0,0,0,44.2700970768929,0,0,0,0,0,0,0,126.924283891916,0,143.875516951084,0,9.8878892660141,0,0
0,0,0,0,0,0,0,0,0,0,0,0,0,0,0,0,0,0,0,0,0,0,0,0,0,0,0,0,27.8484830856323,0,0,0,0,0,1.68788973987103,0,0,0,0,0,0,0,0,0,0,0,0,15.0111331045628,5.08817414939404,0,0,0,0,0,0,0,1.94522841274738,0,1.34466053545475,0,15.429502338171,0,0,0,0,0,0,0,0,34.7284355163574,0,0,0,159.05676305294,0,0,0,2.92460104823112,0,0,0,70.9931852817535,7,0,1.94176961481571,0,0
0,27.8041874170303,0,1.91851881146431,0,0,0,0,0,2.05861282348633,0,0,0,0,0,0,0.314765304327011,1.74330852925777,13.0541762858629,0,0,0,0,0,0,0,0,762.66989338398,0,468.601090192795,0,0,0,0,0,0.187547415494919,0,0,0,0,0,35.8428755104542,0,0,0,1.93417313694954,0,0.61234350502491,0,130.566844940186,0,0,0,0,0,1.67137765884399,0,609.25652179122,0,0,0,1.99035847187042,3.53051471710205,0,0,0,0,0,0,0,44.2700970768929,0,0,0,0,0,0,0,0.75124055147171,0,1091.45029550791,0,28.9382489919662,0,236.163912832737,1.0356810092926,0
8.47620326280594,0,2.1333009749651,0,0,0,0,0,1.13590943813324,0,1.51780045032501,0,0,0,0,0,1.59699594974518,0,5.78575533628464,0,0.152126863598824,0,0,0,0,0,0,0,4.77233266830444,0,218.153811424971,0,0,0,0,0,0.455367624759674,0,0,0,0,0,20.4132894724607,0,0,0.159559488296509,2.55791246891022,0,19.9858577400446,0,0,0,0,0,0.657571569085121,0,57.0387340039015,0,0.21016152203083,0,10.4178929775953,0,0,6.06742097437382,0,0,0,0,0,0,0,159.05676305294,0,0,0,0,0,0,0,0.686045587062836,0,165.182208746672,4.40912470221519,0.116887673735619,265.988443046808,0,0
0,0,0,0,0,0,0,0,0,0,0,0,0,0,0,0,0,0,0,0,0,0,0,0,0,0,0,0,0,0,0,807.293746620417,222.351606249809,115.214268118143,0,5.31910592317581,0,0,0,0,0,0,0,0,0,0,0,64.7924134731293,0,15.4930682182312,0,0,0,0,0,0,0,0,0,0,0,0,0,0,0,0,0,0,0,0,0,0,0,0,0,0,55.35026460886,0,90.9320008456707,0,0,0,22.7126772403717,0,0,0,0
0,0,0,0,0,0,0,0,0,0,0,0,0,0,0,0,0,0,0,0,0,0,0,0,0,0,0,0,0,0,0,13.0496706962585,284.096358180046,0,87.869642585516,0,11,0,0,0,23.9930898547173,0,0,0,0,0,0,114.371030494571,104.757532432675,0,0,0,0,0,0,0,0,0,0,0,0,0,0,0,0,0,0,0,0,0,0,0,0,0,0,0,0,61.8174979686737,0,12.4724473953247,0,0,3.38274931907654,0,0,0,0
0,0,0,0,0,0,0,0,0,0,0,0,0,0,0,0,0,0,0,0,0,0,0,4.45661029219627,0,0,0,0,0,0,0,17.5190395414829,0,1907.01160684228,557.370269924402,27.3625873327255,0,79.9257554858923,0,0,0,0,0,0,0,0,0,350.173856258392,0,2.2423506975174,0,0,0,0,0,0.372174203395844,0,0,0,0,0,0,0,0,0,0,2.2745666205883,0,0,0,0,0,0,0,55.35026460886,0,0,151.327886044979,544.769383102655,0,275.074120104313,0,6.81856521964073,0,0,0,0
0,0,0,0,0,0,0,0,0,0,0,0,0,0,0,0,0,0,0,0,0,0,0,0,0,0,0,0,0,0,0,0,188.088979303837,464.698045253754,1595.17825745046,0,3.80591464042664,0,133.533306449652,0,0,0,0,0,0,0,0,690.435746461153,5.45132780075073,0,0,0,0,0,0.932909965515137,0,0,0,0,0,0,0,0,0,0,0,0,3.71617797017097,0,0,0,2.92460104823112,0,0,0,61.8174979686737,151.327886044979,0,0,158.744493246078,0,283.540806815028,41.6049702763557,0,0,0,0
0,3.66002434492111,0,222.099336817861,0,0,0,0,0,0.723555088043213,0,12.3258638381958,0,0,0,0.297570645809174,10.5178867653012,89.843756377697,356.225341647863,7.14348912239075,0,0.155963405966759,0,0,0,0,0,0,0,0,0,59.3682670593262,0,46.4350244998932,0,10747.5348668024,444.875359207392,131.424731165171,0,115.345630824566,0,305.036950051785,0.856453597545624,169.222793146968,2.83208615332842,1491.57332967967,4.81342155486345,181.736787647009,0.309867829084396,278.567267760634,0,0,0,0,0,0,0,303.547747090459,0,0,0.115867331624031,3.8953001499176,32.006648235023,0,0,0,0,0,0,0,0,0,0.75124055147171,0,90.9320008456707,0,544.769383102655,0,0,533.10274143517,156.51479318738,0,446.13063955307,63.4732599258423,938.416010126472,12.9278339296579,0.463447570800781
1.20926190912724,0.92962908744812,20.8776284754276,16.8628323376179,0,0,0,0,0,0,1.84177426993847,0,0,0,0,0,121.140220284462,32.8305391296744,398.405677571893,0,17.089758887887,0,0,0,0,0,0,0,0,0,0,0,97.5194087028503,0,38.3874152302742,2449.81428705156,12206.6651010513,0,496.428725883365,0,332.442994132638,1.994354583323,329.586028560996,0.406333476305008,104.365316532552,1.85665449500084,1993.54167757928,419.612268581986,611.242873355746,5.90272901952267,0,0,0,0,0,0,28.5389128625393,2.4937792122364,0.412974968552589,0,0,0,0,154.644325613976,0,0,0,0,0,0,0,0,0,0.686045587062836,0,12.4724473953247,0,158.744493246078,533.10274143517,0,0,737.793432623148,545.541605092585,15.6759348586202,970.790693826973,0,9.23816908895969
0,0,0,0,0,0,0,0,0,0.664211392402649,0,0,0,0,0,0,0,0,0,0,0,38.0939406752586,0,187.895524531603,0,0,0,0,0,9.59594130516052,0,0,0,296.404457181692,0,89.0488340854645,0,6403.42390212417,382.733731031418,0,0,42.246640086174,0,0,0,0,0,2619.38970704377,0,1712.77924527228,0,0,0,0,0,16.2183545082808,0,41.3048275113106,0,0,0,0,0,0,24.6192754805088,0,739.627813220024,0,0,0,126.924283891916,0,1091.45029550791,0,0,0,275.074120104313,0,156.51479318738,0,0,4.73125049471855,320.131723076105,0,274.199870765209,0,0
1.2388288974762,0,0,0,0,0,0,0,0,0,0,0,0,0,0,0,0,0,0,0,0,0,152.999227419496,0,64.758700042963,0,0,0,2,0,72.1683810949326,0,0,0.290826231241226,450.21686014533,0,596.520057484508,0,6169.75370122492,0,0,0,26.2834548056126,0,0,0,0,4461.57203601301,1481.89104788005,0,0,0,0,0,38.0822605788708,0,0,0,0,0,0,0,0,0,0,0,0,193.746403992176,0,0,0,70.9931852817535,0,165.182208746672,0,0,0,283.540806815028,0,737.793432623148,4.73125049471855,0,583.794932708144,0,262.595188781619,0,0
170.446478590369,352.221487060189,73.8159058764577,533.702467799187,10.7375148907304,614.224829494953,0,0.504054188728333,791.53795889765,759.578838691115,66.1072552800179,773.792972385883,103.801392674446,34.6443872451782,180.706879362464,119.15914991498,4982.12467270344,5781.63557294011,1412.97164435685,261.105381250381,169.619817078114,233.071815595031,611.538340747356,108.469884872437,2.08336562663317,0.692626088857651,354.955769836903,9.72671616077423,0,70.3711094856262,2,318.307842642069,46.8548369407654,111.320950061083,450.708378374577,1342.75955978036,1140.27886432409,674.506733670831,961.013302542269,33.7060728445649,7.98567318916321,4797.4466810897,3391.81034994125,152.075202226639,100.452794373035,559.4713954404,625.023067347705,7266.64063495398,3402.2821290791,993.08184581995,5.02283026278019,19.1391328573227,1,0,457.504081770778,505.439560174942,544.293799236417,242.724432818592,158.079790189862,5.39582768082619,35.5679914355278,72.6425081938505,287.107426255941,21.4698309823871,51.325112208724,31.8383174389601,135.02701793611,15.486314162612,0,4.81616103649139,143.875516951084,7,28.9382489919662,4.40912470221519,22.7126772403717,3.38274931907654,6.81856521964073,41.6049702763557,446.13063955307,545.541605092585,320.131723076105,583.794932708144,0,5601.76830176264,7262.19579153508,179.253584705293,224.307828433812
