0,0,0.162335076297705,0,0,0,0,0,0.19137571273428,0.321140825748444,0,0,0,0,0.242086607850639,0,0.265471264782573,0.200292393957314,0.322902183289512,0,0,0,0,0,0,0,0,0,0,0,0,0,0,0.329295488921079,0,0,0,0.349782854318619,0.149597600102425,0.258000075817108,0.379449981641262,0.342428088188171,0.235460123630562,0,0,0,0.357991299369111,0.311582995552412,0.146722246007878,0.322716414928436,0,0,0,0,0.171624356363869,0,0,0,0,0,0.244052087501626,0,0,0.335376032761165,0,0,0,0,0,0,0,0,0,0.371346185604731,0,0,0.329869665205479,0,0,0.378154476115113,0.327590391039848,0.37456718981266,0.295824357634911,0.217233406645911,0.238772041442345,0,0.148467178146044
0,0,0,0.137518556845008,0,0,0,0,0,0.179463047992084,0,0,0,0,0,0.198705961688971,0,0.182387257479642,0.205143692067691,0,0,0,0,0.209419454137484,0,0,0,0,0,0,0,0,0,0.196007192134857,0,0,0,0.186785270770391,0,0.26525744590266,0,0.20370886282826,0.251538038253784,0,0,0.254937395453453,0,0.29691706641632,0.316410839557648,0.17639830246842,0,0,0,0,0,0.201206629336689,0,0.220018953084946,0,0.172730054248843,0,0.201782760428794,0,0,0,0,0.279504704124787,0,0,0,0,0,0,0,0,0,0,0,0.319650717756965,0,0,0,0.185930294419115,0.243227336555719,0.209511478827266,0.143802677094936,0
0.162335076297705,0,0,0,0.117379435106708,0,0,0,0.110280650100489,0,0,0,0,0,0,0,0,0,0.340751945972443,0,0,0,0,0,0,0,0,0,0,0,0,0,0,0,0,0,0.148408542076747,0,0,0,0.367176953703165,0,0.29216421276331,0,0,0,0.324527397675392,0,0.13588877052615,0,0.124564491277156,0,0,0,0.147315446034355,0,0.168884711960951,0,0.129816749691963,0,0.131956482063169,0,0,0.30586270310662,0,0,0,0,0,0,0,0,0,0,0,0,0,0,0,0.352618203921752,0,0,0.177593560555042,0,0.19759301870023,0,0
0,0.137518556845008,0,0,0,0.111812286409577,0,0,0,0.104772341452266,0,0,0,0,0,0,0.220991652458906,0.23823254216801,0.231167963572911,0.204915283357396,0,0,0,0,0,0,0,0,0,0,0,0,0,0.28139853477478,0,0.213186527876293,0.226918429136276,0,0,0.255418489250956,0.255423776805401,0.2775264531105,0.194042503833771,0,0,0.223350595294024,0.233702828938311,0.316675320267677,0,0.229889051334278,0,0,0,0,0,0.141222252612551,0,0.244444659006768,0,0,0,0,0.19887908299764,0,0,0,0,0,0,0,0,0,0.268234048243407,0,0,0,0,0,0.223058154411388,0,0,0,0.195519890707846,0.114837616682053,0.200879978257451,0.230529569917255,0
0,0,0.117379435106708,0,0,0,0.179817466437817,0,0.132872043079452,0,0.186073531707128,0,0,0,0,0,0,0,0,0,0.200530781786203,0,0,0,0,0,0,0,0,0,0,0,0,0,0,0,0.178126401928338,0,0,0,0,0,0.193821094930172,0,0,0,0.148325651884079,0,0,0,0.214187187321009,0,0.177313532059391,0,0.131734956502914,0,0.199086724443639,0,0,0,0,0,0,0.244739713712355,0,0,0,0,0,0,0,0,0,0.232561094420297,0,0,0,0,0,0.234320112069448,0,0.242274567484856,0.17404260565893,0.345198124647141,0.150226561125939,0,0
0,0,0,0.111812286409577,0,0,0,0.210566520690918,0,0,0,0.196964584290981,0,0,0,0,0,0.218282580375671,0.201039373874664,0.216891486243079,0,0,0,0,0,0,0,0,0,0,0,0,0,0,0,0.192213404480191,0,0,0,0.25196261703968,0,0.2080462950057,0,0,0,0.195816271007061,0.214302907387416,0,0,0.225564934313297,0,0,0,0,0,0,0,0.228352252807882,0,0,0,0,0.199135988389236,0,0,0,0,0,0,0,0,0,0.237713540819558,0,0,0,0,0,0.207003970356549,0,0,0,0.199388774196107,0.177993334757751,0.174864418689845,0.205319690704346,0
0,0,0,0,0.179817466437817,0,0,0,0,0,0.186512046135389,0,0,0,0,0,0,0,0,0,0.160045920261021,0,0,0,0,0,0,0,0,0,0,0,0,0,0,0,0.162865865187986,0,0,0,0,0,0,0,0,0,0,0,0,0,0,0,0.177508764488752,0,0,0,0.172722778983952,0,0,0,0,0,0,0.151230973965031,0,0,0,0,0,0,0,0,0,0,0,0,0,0,0,0.163738497836249,0,0,0.169510492114319,0.205061301063089,0,0,0
0,0,0,0,0,0.210566520690918,0,0,0,0,0,0,0,0,0,0,0,0,0,0.197472785794458,0,0,0,0,0,0,0,0,0,0,0,0,0,0,0,0.225448653101921,0,0,0,0,0,0,0,0,0,0,0,0,0,0,0,0,0,0.230145607622606,0,0,0,0.240701591596007,0,0.206787650210735,0,0,0.174510162323713,0,0,0,0,0,0,0,0,0,0,0,0,0,0,0,0,0,0,0,0.198783835203483,0.223900452256203,0.192983016371727,0,0
0.19137571273428,0,0.110280650100489,0,0.132872043079452,0,0,0,0,0,0,0,0,0,0.2446837742955,0,0.257795109450039,0.15243366962442,0.187350812938906,0,0,0,0,0,0.1792395817382,0,0.253354281187057,0,0,0,0,0,0,0,0,0,0,0,0.198902178555727,0.211441316774913,0,0,0.180663987909528,0,0,0.199587911367416,0.223208114504814,0.221248462796211,0,0,0,0,0,0,0.236332749206853,0,0,0,0,0,0.253076093234004,0,0,0,0,0,0,0.246101778000593,0,0.264027158419291,0,0,0,0.257244134942691,0,0,0,0,0,0.263705855607986,0,0.244461644440889,0.209023559040396,0.20892461675864,0.208988439578276,0,0.142972342669964
0.321140825748444,0.179463047992084,0,0.104772341452266,0,0,0,0,0,0,0,0,0,0,0,0.218733495381808,0,0.224512112406841,0.21280976181341,0,0,0,0,0.248471660447902,0,0.232925400137901,0,0,0,0,0,0,0,0.21703165769577,0,0,0,0.214199803769588,0,0,0,0.228216823860691,0,0,0,0,0,0,0,0,0,0,0,0,0,0.222123978765387,0,0,0,0,0,0.221319089643657,0.208290785551071,0,0,0,0.273666493834988,0,0,0,0,0,0.241237146159013,0,0,0,0.236806988716125,0,0,0,0,0,0.170487908003193,0.178293561302253,0.204511552329721,0.176392937079072,0
0,0,0,0,0.186073531707128,0,0.186512046135389,0,0,0,0,0,0.196251535450711,0,0,0,0,0,0,0,0.197419238842965,0,0,0,0,0,0,0,0,0,0,0,0,0,0,0,0.190586229259274,0,0.209600672980363,0,0,0,0,0,0,0,0,0,0,0,0,0,0,0,0,0,0.193403914570808,0,0,0,0,0,0,0.205388156637569,0,0,0,0,0,0,0,0,0,0,0,0,0,0,0,0.207817187323871,0,0.210958942445334,0.186601587040929,0.222201521508396,0,0,0
0,0,0,0,0,0.196964584290981,0,0,0,0,0,0,0,0.282363237793087,0,0,0,0,0,0.176488410418082,0,0,0,0,0,0,0,0.270046405494213,0,0.224954719742139,0,0,0,0,0,0.195487191882527,0,0.24079873030793,0,0,0,0,0,0,0,0,0,0,0,0,0,0,0,0,0,0,0,0.241774632858079,0,0.319758313791557,0,0,0.163166709244251,0,0,0,0,0,0,0,0.248663771897554,0,0.22421782836318,0,0,0,0,0,0.196222899464874,0,0.230312698931844,0,0.232257626452759,0.209013011792432,0,0,0
0,0,0,0,0,0,0,0,0,0,0.196251535450711,0,0,0,0.204595675071081,0,0.209606263786554,0,0,0,0,0,0,0,0,0,0.217209539243153,0,0.233475726097822,0,0,0,0,0,0,0,0,0,0,0,0,0,0,0,0,0,0,0,0,0,0,0,0,0,0,0,0.191917764643828,0,0.17798585313208,0,0.200863465666771,0,0,0,0,0,0,0,0,0,0,0,0,0,0,0,0,0,0,0,0,0,0.218333968066222,0.242938794201086,0,0,0
0,0,0,0,0,0,0,0,0,0,0,0.282363237793087,0,0,0,0.199133649468422,0,0.277801899239421,0,0,0,0,0,0,0,0,0,0.276197739015116,0,0,0,0,0,0,0,0,0,0,0,0,0,0,0,0,0,0,0,0,0,0,0,0,0,0,0,0,0,0.278471137531264,0,0.333805058412986,0,0.198178827762604,0,0,0,0,0,0,0,0,0.275957061052322,0,0,0,0,0,0,0,0,0,0,0,0.29341140128099,0.280121957800728,0,0,0
0.242086607850639,0,0,0,0,0,0,0,0.2446837742955,0,0,0,0.204595675071081,0,0,0,0.175914419231979,0.138339668512344,0.210945948958397,0,0,0,0,0,0.188163558642069,0,0.181242311741673,0,0,0,0,0,0,0,0,0,0,0,0.211157001554966,0,0,0,0.219821183105647,0,0,0,0,0,0,0,0,0,0,0,0.230872163046961,0,0,0,0.194682199718817,0,0.208809467503823,0,0,0,0,0,0,0.282813265919685,0,0,0,0,0,0,0,0,0,0,0,0,0,0,0.181805564515423,0.147410522454416,0.250824098543423,0,0.206902474164963
0,0.198705961688971,0,0,0,0,0,0,0,0.218733495381808,0,0,0,0.199133649468422,0,0,0,0.225570779293776,0.247995182871819,0,0,0,0,0.226926490664482,0,0,0,0,0,0,0,0,0,0,0,0,0,0,0,0,0,0.256658680737019,0,0,0,0,0,0,0,0.16847188770771,0,0,0,0,0,0.217689954102996,0,0,0,0,0,0.223412969046169,0,0,0,0,0.257102385163307,0,0,0,0,0,0,0,0,0,0,0,0,0,0,0,0.214965718591379,0.23891346956517,0.232060059905052,0,0
0.265471264782573,0,0,0.220991652458906,0,0,0,0,0.257795109450039,0,0,0,0.209606263786554,0,0.175914419231979,0,0,0.150249883096351,0.238550478856206,0,0,0,0.22985032563274,0.198303796350956,0.171729816496372,0.18310517569383,0.144012527364605,0,0.232697976960076,0,0,0,0,0.168765604496002,0,0,0,0.183566942811012,0,0.234360021250001,0.258732409817036,0.190544639501655,0.204152409266144,0,0.202222442085093,0.240070090659203,0.261889170490059,0.198071047663689,0,0.259863287210464,0,0,0,0,0.197879299521446,0,0.244167558848858,0.208127439022064,0,0,0.156317070126534,0,0,0.27919219027866,0,0,0,0,0,0.155023887753487,0,0,0.245056986808777,0.258210545671838,0,0,0,0,0.268307556353864,0.273901601706022,0,0.260573141645677,0.203517860185775,0.17553110176852,0.223007255947221,0.214532594595637,0.173525243997574
0.200292393957314,0.182387257479642,0,0.23823254216801,0,0.218282580375671,0,0,0.15243366962442,0.224512112406841,0,0,0,0.277801899239421,0.138339668512344,0.225570779293776,0.150249883096351,0,0.247321826866914,0,0,0.192572901676436,0,0.27514872217068,0,0.194138342621223,0,0.272368526341868,0,0,0,0,0,0.201306499540806,0,0,0,0.21608329564333,0,0.249538328884555,0.235769282405575,0.223925308976322,0.188805185076667,0,0.19353375182702,0.255639482662082,0.23727954232267,0.245055973529816,0,0.253691911697388,0,0,0,0,0.174803271889687,0.19311134227448,0.22205829123656,0.247497379779816,0,0.241740581393242,0,0.223178625106812,0.269364707171917,0.238538453976313,0.178738129138947,0,0.314748376607895,0,0.178634198763037,0,0,0,0.26238314807415,0.206290684640408,0,0,0,0,0.27890548702961,0.255121272127583,0,0.237694397568703,0.182346966903405,0.207003602601792,0.244256054238756,0.23423179090023,0
0.322902183289512,0.205143692067691,0.340751945972443,0.231167963572911,0,0.201039373874664,0,0,0.187350812938906,0.21280976181341,0,0,0,0,0.210945948958397,0.247995182871819,0.238550478856206,0.247321826866914,0,0,0,0,0,0.193439987467395,0.214229419827461,0,0,0,0,0,0,0,0,0.203037862335482,0,0,0,0.19898562419873,0,0.277973087251304,0.297558534041394,0.174607208603358,0.174916698420882,0.271184334965577,0.17111679636797,0.299185971386446,0.311171247374305,0.211127636498875,0.333748206496239,0.219573003324595,0,0,0,0,0,0.185593429449442,0.259798474976274,0.293155366984697,0,0,0,0,0.23024595528841,0.309489222389928,0,0,0.200693544745445,0,0,0,0,0,0.265186549635494,0.268434301738081,0,0,0.22439225665901,0,0.33602606703734,0.318875218075458,0.225932955741882,0.299329181967293,0.207912550665977,0.162113529698151,0.283289045185616,0.172061927521545,0.155308492919978
0,0,0,0.204915283357396,0,0.216891486243079,0,0.197472785794458,0,0,0,0.176488410418082,0,0,0,0,0,0,0,0,0,0,0,0,0,0,0,0,0,0,0,0,0,0,0,0.199704508558904,0,0.202645167868624,0,0,0,0,0,0,0,0.169329449897859,0,0,0,0,0,0,0,0,0,0,0,0,0,0,0,0,0.176876330361642,0,0,0,0,0,0,0,0,0,0,0,0,0,0,0,0.231774946094288,0,0.188047159167509,0,0.194415546869964,0,0.18957759379301,0,0
0,0,0,0,0.200530781786203,0,0.160045920261021,0,0,0,0.197419238842965,0,0,0,0,0,0,0,0,0,0,0,0,0,0,0,0,0,0,0,0,0,0,0,0,0,0.2044788221494,0,0.199356727927696,0,0,0,0,0,0,0,0,0,0,0,0.243553229789624,0,0.16545602234832,0,0,0,0.193279293291738,0,0,0,0,0,0,0.241513595149273,0,0,0,0,0,0,0,0,0,0,0,0,0,0,0,0.213974872082612,0,0.217715978001555,0.175390935593542,0,0.234685712739041,0,0
0,0,0,0,0,0,0,0,0,0,0,0,0,0,0,0,0,0.192572901676436,0,0,0,0,0.193309130371971,0.174917414599094,0,0.224357650439554,0,0.248300512362929,0,0,0,0,0,0.220099003269122,0,0,0,0.197667914088126,0.129978073298172,0,0,0,0,0,0,0,0,0.401481886704763,0.487938612699509,0.142712883154551,0,0,0,0,0,0,0,0,0,0,0,0,0,0,0.196609030439228,0.200114417878734,0.17301037780782,0,0.232746839523315,0,0.248939990263169,0,0,0,0,0,0,0,0,0,0.209787316940805,0.170195537967864,0.185163019324297,0.184794180327395,0.432275950908661,0,0
0,0,0,0,0,0,0,0,0,0,0,0,0,0,0,0,0.22985032563274,0,0,0,0,0.193309130371971,0,0,0.155240393110684,0,0.20870838332467,0,0,0,0,0,0,0,0,0,0,0.251128643751144,0.160712810776019,0,0,0,0,0,0,0,0,0,0.15637871009462,0,0,0,0,0,0,0,0,0,0,0,0,0,0,0,0.173079542958966,0.180302523092261,0,0.172242595599248,0,0.192075106315315,0,0,0,0,0,0,0,0,0,0,0,0.20321623857422,0.205920180866725,0.197381102680405,0.181333480136735,0,0
0,0.209419454137484,0,0,0,0,0,0,0,0.248471660447902,0,0,0,0,0,0.226926490664482,0.198303796350956,0.27514872217068,0.193439987467395,0,0,0.174917414599094,0,0,0,0.259734737331217,0,0,0,0,0,0,0,0.196617931127548,0.441159278154373,0,0,0.178041637238095,0.439356654882431,0.218219518661499,0,0.173868000962352,0.415214747190475,0,0,0,0,0.413811907745325,0.467220899959405,0.161585944518447,0,0,0,0,0,0.217961417511106,0,0,0,0,0,0,0,0,0.178840383887291,0,0.202446723923735,0,0,0,0,0,0.221170350909233,0,0,0,0,0,0.250796586275101,0.175035089254379,0.18529331334025,0,0.195729720130407,0.183531986166399,0.21123465642333,0.166973540524267,0
0,0,0,0,0,0,0,0,0.1792395817382,0,0,0,0,0,0.188163558642069,0,0.171729816496372,0,0.214229419827461,0,0,0,0.155240393110684,0,0,0,0.166320767253637,0,0,0,0,0,0,0,0,0,0,0,0.149793392938116,0,0,0,0,0,0,0,0,0,0.190894758639236,0,0,0,0,0,0,0,0,0,0,0,0,0,0,0,0,0.180128011565942,0,0.201556390863124,0,0.165225462409957,0,0,0,0,0,0,0,0,0,0,0,0.169679658579045,0.151033179108369,0.180183500051498,0.29646788131107,0,0
0,0,0,0,0,0,0,0,0,0.232925400137901,0,0,0,0,0,0,0.18310517569383,0.194138342621223,0,0,0,0.224357650439554,0,0.259734737331217,0,0,0,0.276100083064008,0,0,0,0,0,0,0,0,0,0,0,0,0,0,0,0,0,0,0,0,0,0,0,0,0,0,0,0.238467055559158,0,0,0,0,0,0,0,0,0.223477903785359,0,0.246858996860052,0,0.199384620961021,0,0,0,0,0,0,0,0,0,0,0,0,0,0.214375452423582,0.243736678903753,0,0,0
0,0,0,0,0,0,0,0,0.253354281187057,0,0,0,0.217209539243153,0,0.181242311741673,0,0.144012527364605,0,0,0,0,0,0.20870838332467,0,0.166320767253637,0,0,0,0.23038712143898,0,0,0,0,0,0,0,0,0,0,0,0,0,0,0,0,0,0,0,0,0,0,0,0,0,0.188581225275993,0,0,0,0.217267911053366,0,0,0,0,0,0,0.162415706863006,0,0.157904952764511,0,0.17252458691597,0,0.235585615038872,0,0,0,0,0,0,0,0,0,0,0.173779092790667,0.170713768154383,0,0,0
0,0,0,0,0,0,0,0,0,0,0,0.270046405494213,0,0.276197739015116,0,0,0,0.272368526341868,0,0,0,0.248300512362929,0,0,0,0.276100083064008,0,0,0,0.255947095392671,0,0,0,0,0,0,0,0.22500845598323,0,0,0,0,0,0,0,0,0,0,0,0,0,0,0,0,0,0,0,0.271122264757491,0,0.269489301741123,0,0,0,0,0.206989752028578,0,0,0,0.242172524333,0,0.239095898009004,0,0.296372626963073,0,0,0,0,0,0,0,0.235727313805271,0,0.254834112260077,0.289908947558816,0,0,0
0,0,0,0,0,0,0,0,0,0,0,0,0.233475726097822,0,0,0,0.232697976960076,0,0,0,0,0,0,0,0,0,0.23038712143898,0,0,0,0,0,0,0,0,0,0,0,0.208672285079956,0,0,0,0,0,0,0,0,0,0,0,0,0,0,0,0,0,0,0,0.23685581452146,0,0,0,0,0,0,0.187526358664036,0,0,0,0.250917690721425,0,0.2258117007508,0,0,0,0,0,0,0,0,0,0,0.239397353783452,0.249548839760344,0,0,0
0,0,0,0,0,0,0,0,0,0,0,0.224954719742139,0,0,0,0,0,0,0,0,0,0,0,0,0,0,0,0.255947095392671,0,0,0,0,0,0,0,0,0,0.232201338825722,0,0,0,0,0,0,0,0,0,0,0,0,0,0,0,0,0,0,0,0.275973703712225,0,0,0,0,0,0,0,0,0,0,0,0,0.244428908763892,0,0.303755064029247,0,0,0,0,0,0,0,0.229970463420734,0,0.239427445789938,0,0,0,0
0,0,0,0,0,0,0,0,0,0,0,0,0,0,0,0,0,0,0,0,0,0,0,0,0,0,0,0,0,0,0,0,0,0,0,0,0,0,0,0,0,0,0,0,0,0,0,0,0,0,0,0,0,0,0,0,0.174240748087565,0,0,0,0,0,0,0,0,0,0,0,0,0,0,0,0,0.186775019535652,0,0,0,0,0,0,0,0.211452676491304,0.22184785703818,0.188801681995392,0,0,0
0,0,0,0,0,0,0,0,0,0,0,0,0,0,0,0,0,0,0,0,0,0,0,0,0,0,0,0,0,0,0,0,0.183318697610738,0.242714781728056,0.209843076552664,0.34549503835539,0.135927485331213,0,0,0.227098934352398,0,0,0,0,0,0.172272130846977,0,0.361456278982894,0.288054525852203,0.26078583796819,0,0,0,0,0,0,0,0,0,0,0,0,0,0,0,0,0,0,0,0,0,0,0,0,0.34023315760302,0.193549844856485,0.290937882661819,0.294973304638496,0.284566633310401,0.294668286849702,0,0,0.151332416436212,0,0,0,0
0,0,0,0,0,0,0,0,0,0,0,0,0,0,0,0,0,0,0,0,0,0,0,0,0,0,0,0,0,0,0,0.183318697610738,0,0.164032494028409,0.344799730926752,0.545518229669491,0.180523350575491,0,0,0,0,0,0,0,0,0,0,0.382717860942213,0,0,0,0,0,0,0,0,0,0,0,0,0,0,0,0,0,0,0,0,0,0,0,0,0,0,0.268654225605459,0.306305100031703,0.253940285080009,0.320327471487406,0.361091888861028,0.230952781677567,0,0,0.200657726059089,0,0,0,0
0.329295488921079,0.196007192134857,0,0.28139853477478,0,0,0,0,0,0.21703165769577,0,0,0,0,0,0,0.168765604496002,0.201306499540806,0.203037862335482,0,0,0.220099003269122,0,0.196617931127548,0,0,0,0,0,0,0,0.242714781728056,0.164032494028409,0,0.21479298874531,0.173670146645028,0.178092585206032,0.271275158971548,0.2340672303664,0.288605386391282,0,0.228821324067073,0.401465031007926,0,0,0.296583687717264,0,0.320522634995027,0.45527162173084,0.335338096262193,0,0,0,0,0,0.183622151613235,0,0,0,0,0,0,0,0,0,0,0.260866192479928,0,0,0,0,0,0.209850788116455,0,0.275385468063882,0.155390381813049,0.26790913313038,0.256226386620559,0.222605194598436,0.342337995767593,0.426238909363747,0.353375087923931,0.209874839129852,0.221406836258738,0.311157190391133,0.188668153954275,0
0,0,0,0,0,0,0,0,0,0,0,0,0,0,0,0,0,0,0,0,0,0,0,0.441159278154373,0,0,0,0,0,0,0,0.209843076552664,0.344799730926752,0.21479298874531,0,0,0.173996311576069,0.225129059538609,0.237033721494984,0,0,0,0,0,0,0,0,0.337807098613646,0.318205863237381,0.535559572279453,0,0,0,0,0,0,0,0,0,0,0,0,0,0,0,0,0,0,0,0,0,0,0,0,0.255046001502446,0.300661094486713,0.220970961828237,0.250750395181913,0,0.161499094081797,0.513343714177608,0.291817788034678,0.239012588109625,0,0.478718131780624,0,0
0,0,0,0.213186527876293,0,0.192213404480191,0,0.225448653101921,0,0,0,0.195487191882527,0,0,0,0,0,0,0,0.199704508558904,0,0,0,0,0,0,0,0,0,0,0,0.34549503835539,0.545518229669491,0.173670146645028,0,0,0.221455170869181,0.125271365606169,0,0.206363987000216,0,0.313334680783252,0,0,0,0.19021515250206,0,0.30893087948932,0.273482531309128,0.235896318957403,0,0,0,0,0,0,0,0.213339782678164,0,0,0,0,0.193007115549806,0,0,0,0,0,0,0,0,0,0.24076846241951,0,0.492907075087229,0.25076621654657,0.176557155745693,0,0.204884244943467,0.214630092457054,0.19687598447005,0,0.195680737838555,0.289359451603158,0.235513751323407,0,0
0,0,0.148408542076747,0.226918429136276,0.178126401928338,0,0.162865865187986,0,0,0,0.190586229259274,0,0,0,0,0,0,0,0,0,0.2044788221494,0,0,0,0,0,0,0,0,0,0,0.135927485331213,0.180523350575491,0.178092585206032,0.173996311576069,0.221455170869181,0,0,0.168760567903519,0.266992121934891,0.204999686583229,0.323252083733678,0.288742654025555,0,0,0,0.141180172562599,0.431355027364684,0.227632787227631,0.256878237272131,0.23251836001873,0,0.157959818235926,0,0,0,0.178856695894481,0,0,0,0,0,0,0.241998286808238,0,0,0,0,0,0,0,0,0,0,0.329142766231197,0.154900842512559,0.299040087631771,0.180766022326995,0.408897787390291,0.207740824190695,0,0.210300207138062,0.199938736069554,0.240986331575606,0.27430912321561,0,0
0.349782854318619,0.186785270770391,0,0,0,0,0,0,0,0.214199803769588,0,0.24079873030793,0,0,0,0,0.183566942811012,0.21608329564333,0.19898562419873,0.202645167868624,0,0.197667914088126,0.251128643751144,0.178041637238095,0,0,0,0.22500845598323,0,0.232201338825722,0,0,0,0.271275158971548,0.225129059538609,0.125271365606169,0,0,0.208315383058415,0,0,0.276158756237917,0.429758037130038,0,0,0,0,0.529602484315889,0.532264795598634,0.180076840600181,0,0,0,0,0,0,0,0.242233094714155,0,0,0,0,0,0,0.206576517502659,0,0.283476783310814,0,0,0,0.207491873502731,0,0.229713241880139,0,0,0,0.262423044618438,0.177091881632805,0.129746316427208,0,0.224258982771,0.201369770182625,0.243732303548781,0.269386906500744,0.312237304598093,0.192993379262991,0
0.149597600102425,0,0,0,0,0,0,0,0.198902178555727,0,0.209600672980363,0,0,0,0.211157001554966,0,0,0,0,0,0.199356727927696,0.129978073298172,0.160712810776019,0.439356654882431,0.149793392938116,0,0,0,0.208672285079956,0,0,0,0,0.2340672303664,0.237033721494984,0,0.168760567903519,0.208315383058415,0,0,0,0,0.178631466414247,0,0,0,0,0.404006880327514,0.290199854404762,0.568932871023814,0,0,0,0,0.257959540188313,0,0.190936786325082,0,0,0,0.228656281034152,0,0,0.201505781357226,0.131134076416492,0.154054377326574,0.568805992603302,0.219610185140655,0,0,0,0,0,0,0.259161621332169,0,0.418112587183714,0.230112168017556,0,0.153709322712085,0.216912092011748,0.218000740610571,0.207029620486641,0.302028393333739,0.246230078936972,0,0
0.258000075817108,0.26525744590266,0,0.255418489250956,0,0.25196261703968,0,0,0.211441316774913,0,0,0,0,0,0,0,0.234360021250001,0.249538328884555,0.277973087251304,0,0,0,0,0.218219518661499,0,0,0,0,0,0,0,0.227098934352398,0,0.288605386391282,0,0.206363987000216,0.266992121934891,0,0,0,0.257382292300463,0.263021273144479,0.227995185076066,0.444230293644998,0.220221012830734,0.261862062237422,0.20565980940293,0.272117859166013,0.216945439577103,0.192942819316462,0,0,0,0,0,0.252845328301191,0,0.301276584466298,0,0,0,0,0.304097253829241,0.225973904132843,0,0,0,0,0,0,0,0,0.214360790425225,0.203996825963259,0.219417000810305,0,0.292721911352508,0,0.207657392236952,0.238649167120457,0.173020849656314,0.228147686041635,0.291702628273382,0,0.309592965709778,0.250875111985005,0
0.379449981641262,0,0.367176953703165,0.255423776805401,0,0,0,0,0,0,0,0,0,0,0,0,0.258732409817036,0.235769282405575,0.297558534041394,0,0,0,0,0,0,0,0,0,0,0,0,0,0,0,0,0,0.204999686583229,0,0,0.257382292300463,0,0.186294093728065,0.207324267625809,0,0.240111282111233,0.264583829790354,0.268084042543405,0.192733098947725,0.213285005960373,0,0,0,0,0,0,0,0.238884059919251,0,0,0,0,0,0,0.273175418621204,0,0,0,0,0,0,0,0,0,0.331048021713893,0,0,0,0,0.231616251170635,0.16567027650983,0,0.204745424533249,0.300225889705347,0,0.26926261837782,0,0.211263224829075
0.342428088188171,0.20370886282826,0,0.2775264531105,0,0.2080462950057,0,0,0,0.228216823860691,0,0,0,0,0,0.256658680737019,0.190544639501655,0.223925308976322,0.174607208603358,0,0,0,0,0.173868000962352,0,0,0,0,0,0,0,0,0,0.228821324067073,0,0.313334680783252,0.323252083733678,0.276158756237917,0,0.263021273144479,0.186294093728065,0,0.20549302495151,0.397442519664764,0.130659863352776,0.273773067382562,0.248632258989594,0.316344107447584,0.408428004697749,0.297074215792031,0,0,0,0,0,0.268001836860502,0.197887808084488,0.311410012953686,0,0,0,0.27027337004741,0.284094177492677,0.230112433433533,0,0,0.186224244534969,0,0,0,0,0,0.29418124182142,0.201410415768623,0,0,0.259761397871706,0,0.276104713713422,0.250149559590124,0.264792194719924,0.233637118881399,0.248703682693782,0.233244035589068,0.272951697927641,0.271206337570523,0.126378710071246
0.235460123630562,0.251538038253784,0.29216421276331,0.194042503833771,0.193821094930172,0,0,0,0.180663987909528,0,0,0,0,0,0.219821183105647,0,0.204152409266144,0.188805185076667,0.174916698420882,0,0,0,0,0.415214747190475,0,0,0,0,0,0,0,0,0,0.401465031007926,0,0,0.288742654025555,0.429758037130038,0.178631466414247,0.227995185076066,0.207324267625809,0.20549302495151,0,0,0.166108005866408,0.265305114643914,0.222685338248754,0.438348867247502,0.321342050524012,0.397839896954023,0.192174664139748,0,0,0,0.233726965611453,0,0.300959696802664,0,0,0,0.223999195264583,0,0.273643255233765,0.279436632260107,0,0,0.411253541707993,0.248187011480331,0,0,0,0,0,0.30101825778899,0,0,0,0.364490228039878,0.235774159431458,0.227079025345675,0.443831771612167,0.297231901114787,0.258103747640997,0,0.301210584268767,0.245300832514962,0.170236738143965
0,0,0,0,0,0,0,0,0,0,0,0,0,0,0,0,0,0,0.271184334965577,0,0,0,0,0,0,0,0,0,0,0,0,0,0,0,0,0,0,0,0,0.444230293644998,0,0.397442519664764,0,0,0,0.327971547842026,0,0,0,0,0,0,0,0,0,0,0,0.351866058073938,0,0,0,0,0.358680459586057,0,0,0,0,0,0,0,0,0,0.34118149177102,0,0,0,0,0,0.43310495273872,0,0.304294586181641,0,0,0,0.427452600503677,0,0
0,0,0,0,0,0,0,0,0,0,0,0,0,0,0,0,0.202222442085093,0.19353375182702,0.17111679636797,0,0,0,0,0,0,0,0,0,0,0,0,0,0,0,0,0,0,0,0,0.220221012830734,0.240111282111233,0.130659863352776,0.166108005866408,0,0,0.209481030702591,0.268251098035013,0,0,0,0,0,0,0,0,0,0,0,0,0,0,0,0,0.262909352779388,0,0,0,0,0,0,0,0,0,0.271915525197983,0,0,0,0,0,0.259946934637186,0,0.286231331527233,0.191214869419734,0,0.202736514501083,0,0
0,0.254937395453453,0,0.223350595294024,0,0.195816271007061,0,0,0.199587911367416,0,0,0,0,0,0,0,0.240070090659203,0.255639482662082,0.299185971386446,0.169329449897859,0,0,0,0,0,0,0,0,0,0,0,0.172272130846977,0,0.296583687717264,0,0.19021515250206,0,0,0,0.261862062237422,0.264583829790354,0.273773067382562,0.265305114643914,0.327971547842026,0.209481030702591,0,0.212408639244981,0.278500290039708,0,0.207716784795228,0,0,0,0,0,0.200590545480902,0.24431461840868,0.294291687863214,0,0,0,0,0.174173350084013,0.235420867800713,0,0,0,0,0,0,0,0,0.262144804000854,0.247799932956696,0.186968937516212,0,0.281982998053233,0,0.195204703767814,0.234589565545321,0.176470318301158,0.234147172421217,0.295924186706543,0,0.258739217679868,0.261105856725148,0
0.357991299369111,0,0.324527397675392,0.233702828938311,0.148325651884079,0.214302907387416,0,0,0.223208114504814,0,0,0,0,0,0,0,0.261889170490059,0.23727954232267,0.311171247374305,0,0,0,0,0,0,0,0,0,0,0,0,0,0,0,0,0,0.141180172562599,0,0,0.20565980940293,0.268084042543405,0.248632258989594,0.222685338248754,0,0.268251098035013,0.212408639244981,0,0.254145440459251,0.235064872035896,0.193181902170181,0.144094586372375,0,0,0,0,0,0.274666768859844,0,0,0,0,0,0,0.286783543721042,0,0,0,0,0,0,0,0,0,0.30987925089971,0,0,0,0,0.205621590216955,0.307384310867587,0.189866662025452,0.253060568430465,0.287999267183609,0.26013770699501,0.288114855919909,0,0.240311800078912
0.311582995552412,0.29691706641632,0,0.316675320267677,0,0,0,0,0.221248462796211,0,0,0,0,0,0,0,0.198071047663689,0.245055973529816,0.211127636498875,0,0,0.401481886704763,0,0.413811907745325,0,0,0,0,0,0,0,0.361456278982894,0.382717860942213,0.320522634995027,0.337807098613646,0.30893087948932,0.431355027364684,0.529602484315889,0.404006880327514,0.272117859166013,0.192733098947725,0.316344107447584,0.438348867247502,0,0,0.278500290039708,0.254145440459251,0,0.447249009600521,0.344879937006961,0,0,0,0,0.298308670520782,0,0.368227623403072,0,0,0,0,0,0.345622032880783,0.394561926523844,0,0,0.44536518649413,0.250818498432636,0,0,0,0,0,0,0.327340342616662,0.312472486992677,0.320964480857512,0.34258183480628,0.308643097716847,0.323757085014208,0.506281640531107,0.392414582635814,0.329638344641873,0,0.394003773486323,0.209898212552071,0
0.146722246007878,0.316410839557648,0.13588877052615,0,0,0,0,0,0,0,0,0,0,0,0,0,0,0,0.333748206496239,0,0,0.487938612699509,0.15637871009462,0.467220899959405,0.190894758639236,0,0,0,0,0,0,0.288054525852203,0,0.45527162173084,0.318205863237381,0.273482531309128,0.227632787227631,0.532264795598634,0.290199854404762,0.216945439577103,0.213285005960373,0.408428004697749,0.321342050524012,0,0,0,0.235064872035896,0.447249009600521,0,0.406559941683744,0,0,0,0,0.11469110021112,0,0.202876303795275,0,0.198725615506587,0,0.175126384943724,0,0,0.328602086752653,0,0.20190609144313,0.474548010095473,0.241227310880715,0,0.214547485113144,0,0,0,0.22992904484272,0.288031046589216,0,0.493045491546226,0.331592132764704,0,0.201490197004078,0.510269885022384,0.365899694928986,0.455181827166946,0.48345610499382,0.297541335904769,0,0.158382182319959
0.322716414928436,0.17639830246842,0,0.229889051334278,0,0.225564934313297,0,0,0,0,0,0,0,0,0,0.16847188770771,0.259863287210464,0.253691911697388,0.219573003324595,0,0,0.142712883154551,0,0.161585944518447,0,0,0,0,0,0,0,0.26078583796819,0,0.335338096262193,0.535559572279453,0.235896318957403,0.256878237272131,0.180076840600181,0.568932871023814,0.192942819316462,0,0.297074215792031,0.397839896954023,0,0,0.207716784795228,0.193181902170181,0.344879937006961,0.406559941683744,0,0,0,0,0,0,0.14367193043232,0,0,0,0.173742398619652,0,0.17888380587101,0.287366114556789,0,0,0,0.310701996088028,0,0,0,0,0,0.158901852640239,0,0.256005095713066,0,0.331566455437965,0.503340159853299,0.220038497796852,0.266206341033632,0.222223690924992,0.35738567262888,0.351539416778584,0,0.270032999314141,0.286959716677666,0
0,0,0.124564491277156,0,0.214187187321009,0,0,0,0,0,0,0,0,0,0,0,0,0,0,0,0.243553229789624,0,0,0,0,0,0,0,0,0,0,0,0,0,0,0,0.23251836001873,0,0,0,0,0,0.192174664139748,0,0,0,0.144094586372375,0,0,0,0,0,0,0,0,0,0.203203715776142,0,0,0,0,0,0,0.241514656726304,0,0,0,0,0,0,0,0,0,0.230200327932835,0,0,0,0,0,0.258632345194066,0,0,0.191768602546999,0,0.191429079660485,0,0
0,0,0,0,0,0,0,0,0,0,0,0,0,0,0,0,0,0,0,0,0,0,0,0,0,0,0,0,0,0,0,0,0,0,0,0,0,0,0,0,0,0,0,0,0,0,0,0,0,0,0,0,0,0,0,0,0,0,0,0,0,0,0,0,0,0,0,0,0,0,0,0,0,0,0,0,0,0,0,0,0,0,0,0,0.16137208789587,0,0
0,0,0,0,0.177313532059391,0,0.177508764488752,0,0,0,0,0,0,0,0,0,0,0,0,0,0.16545602234832,0,0,0,0,0,0,0,0,0,0,0,0,0,0,0,0.157959818235926,0,0,0,0,0,0,0,0,0,0,0,0,0,0,0,0,0,0,0,0,0,0,0,0,0,0,0.147916307672858,0,0,0,0,0,0,0,0,0,0,0,0,0,0,0,0.154006402939558,0,0,0.160868443080089,0,0,0,0
0,0,0,0,0,0,0,0.230145607622606,0,0,0,0,0,0,0,0,0,0,0,0,0,0,0,0,0,0,0,0,0,0,0,0,0,0,0,0,0,0,0,0,0,0,0,0,0,0,0,0,0,0,0,0,0,0,0,0,0,0,0,0.0940653514117002,0,0,0,0,0,0,0,0,0,0,0,0,0,0,0,0,0,0,0,0,0,0,0.235866115881446,0.22286646515131,0,0,0
0.171624356363869,0,0.147315446034355,0,0.131734956502914,0,0,0,0.236332749206853,0,0,0,0,0,0.230872163046961,0,0.197879299521446,0.174803271889687,0,0,0,0,0,0,0,0,0.188581225275993,0,0,0,0,0,0,0,0,0,0,0,0.257959540188313,0,0,0,0.233726965611453,0,0,0,0,0.298308670520782,0.11469110021112,0,0,0,0,0,0,0,0,0,0,0,0.269033821204961,0,0,0,0,0,0,0.266354673188822,0,0.17046619951725,0,0,0,0,0,0,0,0,0,0,0,0.265087185935541,0.17867282892649,0.151542844740968,0.21178668119708,0,0.199839557210604
0,0.201206629336689,0,0.141222252612551,0,0,0,0,0,0.222123978765387,0,0,0,0,0,0.217689954102996,0,0.19311134227448,0.185593429449442,0,0,0,0,0.217961417511106,0,0.238467055559158,0,0,0,0,0,0,0,0.183622151613235,0,0,0,0,0,0.252845328301191,0,0.268001836860502,0,0,0,0.200590545480902,0,0,0,0.14367193043232,0,0,0,0,0,0,0,0.229623835001673,0,0,0,0.260787212093112,0.21621635556221,0,0,0,0.266364999173224,0,0,0,0,0,0.240203837731055,0,0,0,0,0,0.218348042745339,0,0,0,0.180390542680601,0.178703216106995,0.188747733283043,0.203131934007009,0
0,0,0.168884711960951,0,0.199086724443639,0,0.172722778983952,0,0,0,0.193403914570808,0,0.191917764643828,0,0,0,0.244167558848858,0.22205829123656,0.259798474976274,0,0.193279293291738,0,0,0,0,0,0,0,0,0,0.174240748087565,0,0,0,0,0,0.178856695894481,0,0.190936786325082,0,0.238884059919251,0.197887808084488,0.300959696802664,0,0,0.24431461840868,0.274666768859844,0.368227623403072,0.202876303795275,0,0.203203715776142,0,0,0,0,0,0,0,0.214679399674589,0,0.149415850639343,0,0,0.228737583490476,0,0,0,0,0,0,0,0,0,0.316651406451168,0,0,0,0,0,0.223969064825188,0,0.200911395748456,0.18303127710131,0.202764053289828,0.291975157341407,0,0.282422366880235
0,0.220018953084946,0,0.244444659006768,0,0.228352252807882,0,0.240701591596007,0,0,0,0.241774632858079,0,0.278471137531264,0,0,0.208127439022064,0.247497379779816,0.293155366984697,0,0,0,0,0,0,0,0,0.271122264757491,0,0.275973703712225,0,0,0,0,0,0.213339782678164,0,0.242233094714155,0,0.301276584466298,0,0.311410012953686,0,0.351866058073938,0,0.294291687863214,0,0,0,0,0,0,0,0,0,0.229623835001673,0,0,0,0.353275618409994,0,0,0.369805230200291,0,0,0,0,0,0,0,0.259237940822329,0,0.38462658207386,0,0,0,0,0,0.196139484643936,0,0.221565054706585,0,0.231971253362569,0.206295363605022,0.33290016219402,0.316319720428667,0
0,0,0.129816749691963,0,0,0,0,0,0,0,0,0,0.17798585313208,0,0.194682199718817,0,0,0,0,0,0,0,0,0,0,0,0.217267911053366,0,0.23685581452146,0,0,0,0,0,0,0,0,0,0,0,0,0,0,0,0,0,0,0,0.198725615506587,0,0,0,0,0,0,0,0.214679399674589,0,0,0,0.166644768281416,0,0,0,0,0,0,0,0,0,0,0,0,0,0,0,0,0,0,0,0,0,0.233866910849299,0.224952120229106,0.157348731702024,0,0
0,0.172730054248843,0,0,0,0,0,0.206787650210735,0,0,0,0.319758313791557,0,0.333805058412986,0,0,0,0.241740581393242,0,0,0,0,0,0,0,0,0,0.269489301741123,0,0,0,0,0,0,0,0,0,0,0,0,0,0,0,0,0,0,0,0,0,0.173742398619652,0,0,0,0.0940653514117002,0,0,0,0.353275618409994,0,0,0,0,0,0,0,0,0,0,0,0,0.270286947488785,0,0,0,0,0,0,0,0,0,0,0,0.32399311264356,0.248598071097008,0,0,0
0.244052087501626,0,0.131956482063169,0,0,0,0,0,0.253076093234004,0,0,0,0.200863465666771,0,0.208809467503823,0,0.156317070126534,0,0,0,0,0,0,0,0,0,0,0,0,0,0,0,0,0,0,0,0,0,0.228656281034152,0,0,0,0.223999195264583,0,0,0,0,0,0.175126384943724,0,0,0,0,0,0.269033821204961,0,0.149415850639343,0,0.166644768281416,0,0,0,0,0,0,0,0,0.294521049145729,0,0,0,0,0,0.24195921421051,0,0,0,0,0,0,0,0.28731806576252,0.216602503791847,0.173727848015174,0.242921417908288,0,0.212579985459646
0,0.201782760428794,0,0,0,0,0,0,0,0.221319089643657,0,0,0,0.198178827762604,0,0.223412969046169,0,0.223178625106812,0,0,0,0,0,0,0,0,0,0,0,0,0,0,0,0,0,0,0,0,0,0,0,0.27027337004741,0,0,0,0,0,0,0,0.17888380587101,0,0,0,0,0,0.260787212093112,0,0,0,0,0,0,0,0,0,0,0.25437123477459,0,0,0,0,0,0,0,0,0,0,0,0,0,0,0,0.252891033887863,0.249592047650367,0.249901528159777,0,0
0,0,0,0.19887908299764,0,0.199135988389236,0,0.174510162323713,0,0.208290785551071,0,0.163166709244251,0,0,0,0,0,0.269364707171917,0.23024595528841,0.176876330361642,0,0,0,0,0,0,0,0,0,0,0,0,0,0,0,0.193007115549806,0,0,0,0.304097253829241,0,0.284094177492677,0.273643255233765,0.358680459586057,0,0.174173350084013,0,0.345622032880783,0,0.287366114556789,0,0,0,0,0,0.21621635556221,0,0.369805230200291,0,0,0,0,0,0,0,0,0,0,0,0,0,0,0.342453039437532,0,0,0,0,0,0.257784132774906,0,0.269375751975557,0,0.18992958445298,0,0.238815096523888,0.290471439560254,0
0.335376032761165,0,0.30586270310662,0,0.244739713712355,0,0.151230973965031,0,0,0,0.205388156637569,0,0,0,0,0,0.27919219027866,0.238538453976313,0.309489222389928,0,0.241513595149273,0,0,0,0,0,0,0,0,0,0,0,0,0,0,0,0.241998286808238,0,0.201505781357226,0.225973904132843,0.273175418621204,0.230112433433533,0.279436632260107,0,0.262909352779388,0.235420867800713,0.286783543721042,0.394561926523844,0.328602086752653,0,0.241514656726304,0,0.147916307672858,0,0,0,0.228737583490476,0,0,0,0,0,0,0,0,0,0,0,0,0,0,0,0,0.310060068964958,0,0,0,0,0,0.315837384185642,0,0.285290498171271,0.214255580146398,0,0.302401550559315,0,0
0,0,0,0,0,0,0,0,0,0,0,0,0,0,0,0,0,0.178738129138947,0,0,0,0.196609030439228,0.173079542958966,0.178840383887291,0,0.223477903785359,0,0.206989752028578,0,0,0,0,0,0,0,0,0,0.206576517502659,0.131134076416492,0,0,0,0,0,0,0,0,0,0,0,0,0,0,0,0,0,0,0,0,0,0,0,0,0,0,0.168595289361888,0.142859369516373,0,0.243431612849236,0,0.201063635285029,0,0,0,0,0,0,0,0,0,0.189837995083893,0.159669124654361,0.201709550292003,0.252845950765053,0,0,0
0,0,0,0,0,0,0,0,0,0,0,0,0,0,0,0,0,0,0,0,0,0.200114417878734,0.180302523092261,0,0.180128011565942,0,0.162415706863006,0,0.187526358664036,0,0,0,0,0,0,0,0,0,0.154054377326574,0,0,0,0,0,0,0,0,0,0.20190609144313,0,0,0,0,0,0,0,0,0,0,0,0,0,0,0,0.168595289361888,0,0,0,0,0,0,0.178937911987305,0,0,0,0,0,0,0,0,0,0.287583343757958,0.184117792942349,0.222857390266622,0.203675530023045,0,0
0,0.279504704124787,0,0,0,0,0,0,0,0.273666493834988,0,0,0,0,0,0.257102385163307,0,0.314748376607895,0.200693544745445,0,0,0.17301037780782,0,0.202446723923735,0,0.246858996860052,0,0,0,0,0,0,0,0.260866192479928,0,0,0,0.283476783310814,0.568805992603302,0,0,0.186224244534969,0.411253541707993,0,0,0,0,0.44536518649413,0.474548010095473,0.310701996088028,0,0,0,0,0,0.266364999173224,0,0,0,0,0,0.25437123477459,0,0,0.142859369516373,0,0,0,0,0,0,0,0,0,0,0,0.269907671544287,0,0,0,0.196077080000015,0,0.272236166566373,0.198748096460249,0.338792498713421,0.176898539066315,0
0,0,0,0,0,0,0,0,0.246101778000593,0,0,0,0,0,0.282813265919685,0,0,0,0,0,0,0,0.172242595599248,0,0.201556390863124,0,0.157904952764511,0,0,0,0,0,0,0,0,0,0,0,0.219610185140655,0,0,0,0.248187011480331,0,0,0,0,0.250818498432636,0.241227310880715,0,0,0,0,0,0.266354673188822,0,0,0,0,0,0.294521049145729,0,0,0,0,0,0,0,0,0.156048538593146,0,0,0,0,0,0,0,0,0,0,0,0.187722304288079,0.235030830670626,0,0.271049183493569,0,0
0,0,0,0,0,0,0,0,0,0,0,0,0,0,0,0,0,0.178634198763037,0,0,0,0.232746839523315,0,0,0,0.199384620961021,0,0.242172524333,0,0,0,0,0,0,0,0,0,0,0,0,0,0,0,0,0,0,0,0,0,0,0,0,0,0,0,0,0,0,0,0,0,0,0,0,0.243431612849236,0,0,0,0,0,0,0,0,0,0,0,0,0,0,0,0,0,0.259134720597002,0.267040573737838,0,0,0
0,0,0,0,0,0,0,0,0.264027158419291,0,0,0,0,0,0,0,0.155023887753487,0,0,0,0,0,0.192075106315315,0,0.165225462409957,0,0.17252458691597,0,0.250917690721425,0,0,0,0,0,0,0,0,0,0,0,0,0,0,0,0,0,0,0,0.214547485113144,0,0,0,0,0,0.17046619951725,0,0,0,0,0,0,0,0,0,0,0,0,0.156048538593146,0,0,0,0,0,0,0,0,0,0,0,0,0,0,0.256074528609003,0,0.199215665459633,0,0
0,0,0,0,0,0,0,0,0,0,0,0.248663771897554,0,0.275957061052322,0,0,0,0,0,0,0,0.248939990263169,0,0,0,0,0,0.239095898009004,0,0.244428908763892,0,0,0,0,0,0,0,0.207491873502731,0,0,0,0,0,0,0,0,0,0,0,0,0,0,0,0,0,0,0,0.259237940822329,0,0.270286947488785,0,0,0,0,0.201063635285029,0,0,0,0,0,0,0,0.263524808760347,0,0,0,0,0,0,0,0.219550651311874,0,0.242637468342058,0.280921712055544,0,0,0
0,0,0,0,0,0,0,0,0,0,0,0,0,0,0,0,0,0,0,0,0,0,0,0,0,0,0.235585615038872,0,0.2258117007508,0,0,0,0,0,0,0,0,0,0,0,0,0,0,0,0,0,0,0,0,0,0,0,0,0,0,0,0,0,0,0,0,0,0,0,0,0.178937911987305,0,0,0,0,0,0,0,0,0,0,0,0,0,0,0,0,0.22187915733245,0.254755631026949,0,0,0
0,0,0,0.268234048243407,0,0.237713540819558,0,0,0,0.241237146159013,0,0.22421782836318,0,0,0,0,0.245056986808777,0.26238314807415,0.265186549635494,0,0,0,0,0.221170350909233,0,0,0,0.296372626963073,0,0.303755064029247,0,0,0,0.209850788116455,0,0.24076846241951,0,0.229713241880139,0,0.214360790425225,0,0.29418124182142,0,0.34118149177102,0,0.262144804000854,0,0,0,0.158901852640239,0,0,0,0,0,0.240203837731055,0,0.38462658207386,0,0,0,0,0.342453039437532,0,0,0,0,0,0,0,0.263524808760347,0,0,0,0,0,0.217443987727165,0,0.230874635279179,0,0.193110870818297,0,0.249696847583566,0,0.327093705170531,0.296020547076899,0
0.371346185604731,0,0,0,0.232561094420297,0,0,0,0.257244134942691,0,0,0,0,0,0,0,0.258210545671838,0.206290684640408,0.268434301738081,0,0,0,0,0,0,0,0,0,0,0,0.186775019535652,0,0,0,0,0,0,0,0,0.203996825963259,0.331048021713893,0.201410415768623,0.30101825778899,0,0.271915525197983,0.247799932956696,0.30987925089971,0,0.22992904484272,0,0.230200327932835,0,0,0,0,0,0.316651406451168,0,0,0,0.24195921421051,0,0,0.310060068964958,0,0,0,0,0,0,0,0,0,0,0,0,0,0,0.221403519312541,0,0,0.218720144267832,0.263897599250663,0.211336922432695,0.326384649423947,0.199660658836365,0.27715771081971
0,0,0,0,0,0,0,0,0,0,0,0,0,0,0,0,0,0,0,0,0,0,0,0,0,0,0,0,0,0,0,0.34023315760302,0.268654225605459,0.275385468063882,0.255046001502446,0.492907075087229,0.329142766231197,0,0.259161621332169,0.219417000810305,0,0,0,0,0,0.186968937516212,0,0.327340342616662,0.288031046589216,0.256005095713066,0,0,0,0,0,0,0,0,0,0,0,0,0,0,0,0,0,0,0,0,0,0,0,0,0,0.23966425336967,0.33348728486509,0.275268797363554,0.314512102488886,0.437708387651095,0,0.228732958436012,0.230208672521528,0,0,0,0
0,0,0,0,0,0,0,0,0,0,0,0,0,0,0,0,0,0,0,0,0,0,0,0,0,0,0,0,0,0,0,0.193549844856485,0.306305100031703,0.155390381813049,0.300661094486713,0.25076621654657,0.154900842512559,0,0,0,0,0,0,0,0,0,0,0.312472486992677,0,0,0,0,0,0,0,0,0,0,0,0,0,0,0,0,0,0,0,0,0,0,0,0,0,0,0.23966425336967,0,0,0.33547203668175,0.251109140097267,0.302593780928347,0,0,0.213379683097204,0,0,0,0
0.329869665205479,0,0,0,0,0,0,0,0,0.236806988716125,0,0,0,0,0,0,0,0,0.22439225665901,0,0,0,0,0,0,0,0,0,0,0,0,0.290937882661819,0.253940285080009,0.26790913313038,0.220970961828237,0.176557155745693,0.299040087631771,0.262423044618438,0.418112587183714,0.292721911352508,0,0.259761397871706,0,0,0,0.281982998053233,0,0.320964480857512,0.493045491546226,0.331566455437965,0,0,0,0,0,0,0,0,0,0,0,0,0,0,0,0,0.269907671544287,0,0,0,0,0,0.217443987727165,0,0.33348728486509,0,0,0.278762404694935,0.274678307486341,0.315065041184425,0.247208788990974,0.401872207721074,0.224725799538893,0.216707915067673,0.321086411763515,0.194922551512718,0
0,0,0,0,0,0,0,0,0,0,0,0,0,0,0,0,0,0,0,0,0,0,0,0,0,0,0,0,0,0,0,0.294973304638496,0.320327471487406,0.256226386620559,0.250750395181913,0,0.180766022326995,0.177091881632805,0.230112168017556,0,0,0,0.364490228039878,0,0,0,0,0.34258183480628,0.331592132764704,0.503340159853299,0,0,0,0,0,0,0,0,0,0,0,0,0,0,0,0,0,0,0,0,0,0,0,0,0.275268797363554,0.33547203668175,0.278762404694935,0,0,0.207826757225497,0.496766908415433,0.321793719132741,0.282540612542648,0,0.428602486848831,0,0
