0,0,0.0181519030551664,0,0,0,0,0,0.0653776370874279,0,0,0,0,0,0,0,0.000613802606653603,0,0.00597194176097567,0,0,0,0,0,0.00134398677510039,0,0,0,0,0,0,0,0,0,0,0,0,0,0,0,0,0.000251200121732077,0.00398719441585934,0,0,0,0.0100827550133522,0,0.0103193106851885,0,0,0,0,0,0.0930222781544594,0,0,0,0,0,0.000188269961199672,0,0,0,0,0,0,0.0135377489678964,0,0,0,0,0,0,0,0,0,0,0,0,0,0,0.000976817383454801,0,0.0137268093186422,0,0.000615620883511789
0,0,0,0.0223578146778534,0,0,0,0,0,0.0504987169717702,0,0,0,0,0,0,0,1.11623443013438e-05,0.000805391546286263,0,0,1.03280736473983e-05,0,0.000161794806977433,0,0,0,0,0,0,0,0,0,0,0,0,0,0.000167651587136691,0,0.0020237608529273,0,0.0228501908366439,0.00108183143714133,0.000329643988904228,0,0.00296183519033982,0,0.00244614487039057,6.17671354632868e-05,0.0309214621739577,0,0.00105202164008765,0,0,0,0.209833105363702,0,0.00183171395466367,0,0.00295139733460292,0,0.0242672338632764,0,0,0.000181653772241435,0,0.0205817988144731,0,0.00803989855164628,0,0.0013118410277468,0,0.00165986796219677,0,0,0,0,0,0.000569179237282333,2.03994583348704e-06,0.00153136239834876,0,0.00217377195300516,1.99414482895614e-05,0.0321750604014273,0.00845424892499341,0.00028520358733451
0.0181519030551664,0,0,0,0.000574692302211782,0,0,0,0.0100564445687801,0,0,0,0,0,0.000154782973574175,0,0,0,0,0,0,0,0,0,0,0,0,0,0,0,0,0,0,0,0,0,0,0,0,0,0,0,0,0,0,0,0.00054180730575118,0,0.00738906456360608,0,0.0240180500454568,0,0.000195539502388452,0,0.0200823486294296,0,0.00745965711383666,0,0.0146609210225596,0,0.00418032593227229,0,0,0.00179719230388061,0,0,0,0,0,0,0,0,0,0,0,0,0,0,0,0,0,0,0.000158926470610907,0,0.0305953454278279,0,0.000448283261478517
0,0.0223578146778534,0,0,0,0.0694345526446012,0,0,0,0.000314969415721562,0,0,0,0,0,0,0,0,0.000453828073171116,0.00925932215994839,0,1.39339440316491e-05,0,0.000223054127417242,0,0,0,0,0,0,0,0,0,0,0,0.000193200761365787,0,6.27380566727509e-05,0,0.0016574213110435,0,0.0099128717542994,3.22797892729836e-05,0.00173093075420393,0,0.06204750039538,0,0.000318287609748645,0,0.0100012881294912,0,0.061083318362524,0,0,0,0.0252785179541341,0,0.00176894215957577,0,0.00308178477954498,0,0.0249644090639545,0.00356713408412604,0,0.000266404264641416,0,0,0,0,0,0.00063560299982143,0,0.00139637243448578,0,0,0,0,0,0.00202509167458136,0,0.00260859127581054,0,0.000852379538917232,0,0.0271201823923749,0.00494357362103547,0
0,0,0.000574692302211782,0,0,0,0.00386139748411502,0,0.00336492612255492,0,0,0,0,0,0,0,0,0,0,0,0.00463777981028177,0,0,0,0,0,0,0,0,0,0,0,0,0,0,0,0.000557755833652245,0,0,0,0,0,0,0,0,0,0,0,4.90316457453892e-05,0,0.183507563972403,0,0.0133987357108321,0,0.0353050469878881,0,0.00175977068801332,0,0.0377808014344983,0,0.0618185723789492,0,0,0.000441097506882991,0,0,0,0,0,0,0,0,0,0,0,0,0,0,0,0,0,0,0.000265573189105454,0,0.000238443848919533,0,0
0,0,0,0.0694345526446012,0,0,0,0.0311430249265507,0,0,0,0.000385279878448608,0,0,0,0,0,0,0,0,0,4.24962741183289e-06,0,0,0,0,0,0,0,0,0,0,0,0,0,0,0,0,0,0,0,2.15057063466957e-05,0,0,0,0,0,0,0,0,0,0.152177908858464,0,0.0142246497321883,0,0.000800303456889417,0,0.00981039237083471,0,0.0150866204401556,0,0.0022984541322701,0,0,0,0,0,0,0,0,1.75921313367251e-05,0,0,0,0,0,0,0,3.09528579646242e-06,0,8.5447443124017e-06,0,0.000818563265071127,0,0.000953447829677063,4.64105659243094e-05,0
0,0,0,0,0.00386139748411502,0,0,0,0,0,0.0240670574275672,0,0.00139919002500663,0,0,0,0,0,0,0,0,0,0,0,0,0,0,0,0,0,0,0,0,0,0,0,0.00110448970153373,0,0,0,0,0,0,0,0,0,0,0,0,0,0.00906628971064123,0,0.23655133470741,0,0,0,0.0230895275678861,0,0.018671006083303,0,0,0,0,6.17628193131338e-05,0,0,0,0,0,0,0,0,0,0,0,0,0,0,0,0,0,0,0.000242657929615767,0,0,0,0
0,0,0,0,0,0.0311430249265507,0,0,0,0,0,0.00129703365599664,0,0,0,0,0,0,0,0,0,0,0,0,0,0,0,0,0,0,0,0,0,0,0,0,0,0,0,0,0,0,0,0,0,0,0,0,0,0,0,0.189292927947496,0,0.135995541799813,0,0,0,0.00708195234090977,0,0.000557351445427672,0,0,0,0,0,0,0,0,0,0,0,0,0,0,0,0,0,0,0,0,0,0,0,0,0,0,0
0.0653776370874279,0,0.0100564445687801,0,0.00336492612255492,0,0,0,0,0.000304073506447615,0,0,0,0,0.00295515730891629,0,0.0205087823139054,0,0.00715363929813384,0,0,0,0,0,0.0151677035540847,0,0.00163108426120004,0,0,0,0,0,0,0,0,0,0,0,4.14809333052933e-05,0,3.65349931934905e-05,0.000869017402202163,0.0302554310737396,0.000660546064318203,0.000544983948213673,9.27629987074065e-05,0.000943176118569555,0,0.000294107846363144,0.000157871517228752,0.0189626899727523,0,0,0,0.23840473112885,0,0.00111747864814278,0,0.00182907129284307,0,0.0446101255014814,0,0,0.000540439138423946,0,0,0,0.0378600814528439,0,0.00114395856905239,0,0,0,0,0,0,0,0,0,0,1.72574485823914e-05,0,0.00226794021025838,1.74928311975969e-05,0.0163479741243739,0,0.0334226010037921
0,0.0504987169717702,0,0.000314969415721562,0,0,0,0,0.000304073506447615,0,0,0,0,0,0,0.017289992362172,0,0.00718177399161606,0.00665527774411549,0,0,0,0,0.0108698389085614,0.000219431091636602,0.00355225263303103,0,0,0,0,0,0,0,0,0,0,0,0.00168432614669015,0,0.000432459249234506,0,0.00258759712143262,0.000293973107598654,0.000458515653919725,0,0.000367392885068967,5.73436740087044e-05,0.000213187971372583,0,0.00558758779532522,0,0,0,0,0,0.20968676305149,0,0,0,0,0,0.0442202258562569,0,0,1.25832908784193e-05,0,0.0195844656887484,0,0.00472677510180547,0,8.16432148433984e-05,0,0.000320253752742994,0,0,0,0,0,8.08540339059408e-05,0,0.000694140562403591,0,0.00583711589076776,0.000596875671673281,0.00365192000635194,0.00060874292878725,0
0,0,0,0,0,0,0.0240670574275672,0,0,0,0,0,0.00257603847658587,0,0,0,0,0,0,0,0.0681904850651035,0,0,0,0,0,0,0,0,0,0.00522520106252901,0,0,0,0,0,0.00663302100072928,0,0.0480144693846011,0,0,0,0,0,0,0,0,0,0,0,0,0,0.00377618334361974,0,0,0,0.156645618238177,0,0.0381486703217951,0,0,0,0,0.00190253303698795,0,0,0,0,0,0,0,0,0,0.00503899127773417,0,0,0,0,0,0.00432597285633175,0,0.0128488331201416,0.00233818890974386,0.00344748439279394,0,0,0
0,0,0,0,0,0.000385279878448608,0,0.00129703365599664,0,0,0,0,0,0,0,0,0,0,0,0.12015153516027,0,0,0,0,0,0,0,0,0,0.0146612754472421,0,0,0,0,0,0,0,0.0483913185469973,0,0,0,0,0,0,0,0,0,0,0,0,0,0,0,0,0,0,0,0.0619592289678609,0,0.00137568862129801,0,0,0.0669327719704435,0,0,0,0,0,0,0,0.000991028722560921,0,0.0097320157501315,0,0,0,0,0,0,0,0.00887624709760536,0,0.000288468313994737,1.76458799170371e-05,0.00201283843352911,0,0
0,0,0,0,0,0,0.00139919002500663,0,0,0,0.00257603847658587,0,0,0,0.0545374195695312,0,0,0,0,0,0,0,0,0,0,0,0,0,0.0140006584914416,0,0,0,0,0,0,0,0,0,0,0,0,0,0,0,0,0,0,0,0,0,0,0,0.000226497282026653,0,0,0,0.00504071847791489,0,0.236219215376007,0,0.00130953394385092,0,0,0,0,0,0,0,0,0.000340285058072903,0,0.0218493319861711,0,0,0,0,0,0,0,0,0,0,0.00275759533031859,0.0110451887420858,0,0,0
0,0,0,0,0,0,0,0,0,0,0,0,0,0,0,0.000526731630088761,0,0,0,0,0,0,0,0,0,0,0,0,0,0,0,0,0,0,0,0,0,0,0,0,0,0,0,0,0,0,0,0,0,0,0,0,0,0,0,0,0,0,0,0.00240501840411551,0,0.000275161418057652,0,0,0,0,0,0,0.000304352898574015,0,0,0,0,0,0,0,0,0,0,0,0,0,5.74553385488904e-06,3.25910617949583e-05,0,0,0
0,0,0.000154782973574175,0,0,0,0,0,0.00295515730891629,0,0,0,0.0545374195695312,0,0,0,0.010481428902868,0,0,0,0,0,0,0,0.00810725349292773,0,0.00943642095090498,0,0,0,0,0,0,0,0,0,0,0,0,0,0,0,0,0,0,0,0,0,0,0,0.0077950761048232,0,0,0,0.00244672854009522,0,0,0,0.10575552173625,0,0.0715139250726594,0,0,0,0,0,0,0.00564598734605741,0,0.00366717177205298,0,0.00329266890874402,0,0,0,0,0,0,0,0,0,0,0.00058020126421187,0.000464718867974057,0,0,0
0,0,0,0,0,0,0,0,0,0.017289992362172,0,0,0,0.000526731630088761,0,0,0,0,0,0,0,0,0,0,0,0.00350076637860652,0,0,0,0,0,0,0,0,0,0,0,0,0,0,0,0,0,0,0,0,0,0,0,0,0,0,0,0,0,0.023025798197571,0,0,0,0,0,0.0378327837029819,0,0,0,0,0,0,0.0042936426291635,0,0,0,0,0,0,0,0,0,0,0,0,0,0.000624647026985988,0.000414970455883821,0,0,0
0.000613802606653603,0,0,0,0,0,0,0,0.0205087823139054,0,0,0,0,0,0.010481428902868,0,0,0.119456108182146,0.092363682670293,0,0,0,0.00275387457440379,0,0.000518180267796574,0,0.0047941295104555,0,0.00412386489395508,0,0,0,0,0,0,0,0,0,0,0,0,4.78918420932666e-06,0.0005367457078048,0,1.67106142130586e-05,0,5.23980395544217e-05,0,0,0,0,0,0,0,0.00430180270140883,0,0,0,0,0,0.00400659082858293,0,0,0,0,0.0023192829019354,0,0.000645769809016643,0,0.00424241630908104,0,0.00763593002030999,0,0,0,0,0,0,0,0,0,0,0.0202804829601386,0.000123042742463364,0.00179700495259763,0,0.000306979796569028
0,1.11623443013438e-05,0,0,0,0,0,0,0,0.00718177399161606,0,0,0,0,0,0,0.119456108182146,0,0.033618049673381,0,0,0.00241848911926605,0,0.0121655562472,0,0.0364937414201366,0,0.00122481676428109,0,0,0,0,0,0,0,0,0,0,0,9.21564462674635e-05,0,0.000934480556909979,0.000113489345866216,0.000104725903062464,0,8.49000635457371e-05,0,3.58952814722747e-06,0,0.000238887744353918,0,0,0,0,0,0.000228237913450621,0,0,0,7.6617754293731e-05,0,0,0,0,0.000145851069322759,0,0.0102580502390208,0,0.00423601830785961,0,0.000625354187589693,0,5.64999870987466e-05,0,0,0,0,0,4.22963575620031e-05,0,9.13680368967594e-05,0,0.00877047308359316,4.97729476513342e-05,0.000399366034255248,7.66238838586201e-05,0
0.00597194176097567,0.000805391546286263,0,0.000453828073171116,0,0,0,0,0.00715363929813384,0.00665527774411549,0,0,0,0,0,0,0.092363682670293,0.033618049673381,0,0,0,8.27184423769019e-06,0,0.000389701174294859,0.000782914174251281,0,0,0,0,0,0,0,0,0,0,0,0,7.41420378009785e-06,0,0.0103258853577,0.000159264062767338,0.113607355538757,0.117308245454653,0.0108831380364982,0.00372450461703998,0.015517563732497,0.0420537860236422,3.94465112107083e-05,0.000384706243441762,0.0102487768738893,0,0,0,0,0.00164851507937239,0.000274295402877226,0,0,0,0,0,0,0.000137795005665581,2.5533060799162e-05,0.000120796653778826,0,2.8661301728238e-05,0.000293593017749582,0,0,0.000257562442151797,0,0.00146630302919213,0,0,0,1.89537937881814e-05,0,0.006444535569122,0,0.00910788478924232,0,0.0144965022189679,2.2505121148257e-05,0.0840517779437441,0.0191773411011719,0.0158359568328326
0,0,0,0.00925932215994839,0,0,0,0,0,0,0,0.12015153516027,0,0,0,0,0,0,0,0,0,0,0,0,0,0,0,0,0,0.000902213301256269,0,0,0,0,0,0.0125307956997649,0,0.0125850807904973,0,0,0,0,0,0,0,0.000175813439608657,0,0,0,0.000345084782456566,0,0,0,0,0,0,0,0.0357262686488598,0,0,0,0,0.133820009168555,0,0,0,0,0,0,0,5.17157969906028e-05,0,0.00616475751488359,0,0,0,0,0,0.00291284806097165,0,0.00368496189763092,0,0.000471558313721475,7.83487109361962e-06,0.00248685082801425,0,0
0,0,0,0,0.00463777981028177,0,0,0,0,0,0.0681904850651035,0,0,0,0,0,0,0,0,0,0,0,0,0,0,0,0,0,0,0,0,0,0,0,0,0,0.0243209181882273,0,0.0166150440649939,0,0,0,0,0,0,0,1.65036634407578e-05,0,0,0,0.00481259727089133,0,0.00103706989829688,0,8.38934756760348e-05,0,0.0979870303143634,0,0.000143455382332022,0,0,0,0,0.0655260395674138,0,0,0,0,0,0,0,0,0,0.00707625552795881,0,0,0,0,0,0.015441600442091,0,0.0207651493678571,0.000305802741329396,0,0.00208284737634462,0,0
0,1.03280736473983e-05,0,1.39339440316491e-05,0,4.24962741183289e-06,0,0,0,0,0,0,0,0,0,0,0,0.00241848911926605,8.27184423769019e-06,0,0,0,0.0585707805024132,0.00571318532415901,0,0.0014415735063091,0,0.00296075666609668,0,0,0,0,0,0,0,0,0,0.0375139757104472,0.00694673675543125,4.68247391453933e-06,0,5.49045890230861e-05,0,0,0,3.71211556724036e-06,0,0,0,0.00262975416654766,0,0,0,0,0,0,0,0.000628992301136204,0,3.87471419979093e-05,0,0,0,0,0.191430388685623,0.0433082228949769,0.00403808271213362,0,0.000722547209669779,0,0.00232205092864479,0,8.90738823688483e-05,0,0,0,0,0,4.87431560784127e-06,0,0.0063996699387202,0.000505907054785079,0.0130368036252372,0.00276777315832084,0.000944963070750289,0,0
0,0,0,0,0,0,0,0,0,0,0,0,0,0,0,0,0.00275387457440379,0,0,0,0,0.0585707805024132,0,0,0.00375184880380704,0,0.00621429338066487,0,0.0210964542881167,0,0,0,0,0,0,0,0,9.30445783403101e-06,0.0423566337257758,0,0,0,0,0,0,0,0,0,0.00199918423596454,0,0,0,0,0,0,0,0,0,0,0,0,0,0,0,0.00317820833299921,0.272438347468892,0,9.3206981781118e-05,0,0.00959320478622964,0,0.00713214643182586,0,0,0,0,0,0,0,0,1.41309303529353e-05,0.00756843962696857,0.022787549560227,0.00338626706397738,0,0,0
0,0.000161794806977433,0,0.000223054127417242,0,0,0,0,0,0.0108698389085614,0,0,0,0,0,0,0,0.0121655562472,0.000389701174294859,0,0,0.00571318532415901,0,0,0,0.074584454360867,0,0,0,0,0,0,0,0,0,0,0,0.0114360341537075,0,0,0,0.000534809228459798,0.000207875436692706,0,0,0,0,0.000688644865823236,0,0.00074946530823963,0,0,0,0,0,0.00435773826360488,0,0,0,3.54566843853237e-05,0,0.000547244887969629,0,0,0.00437121476585431,0,0.165438797584109,0,0.0543129349257214,0,0.000157651312454321,0,0,0,0,0,0,0,1.43081698220366e-05,0,0.00171518052970729,0,0.00190863176279263,9.87571326787097e-05,4.82431313417013e-05,0,0
0.00134398677510039,0,0,0,0,0,0,0,0.0151677035540847,0.000219431091636602,0,0,0,0,0.00810725349292773,0,0.000518180267796574,0,0.000782914174251281,0,0,0,0.00375184880380704,0,0,0,0.0536246337675239,0,0,0,0,0,0,0,0,0,0,0,0.0096580263939043,2.82223816367301e-05,0,3.92478604478798e-05,0.000402028307388453,0,0,5.77624730658775e-05,0.000147172921304457,0,0.00044011804512838,0,0,0,0,0,0.0133978872993879,0,0,0,0,0,0.000485970647329061,0,0,0,0,0.000952327187182534,0,0.0678921334793056,0,0.106288504943796,0,0,0,0,0,0,0,0,2.02891890160265e-06,0,0,0.00280815605217645,0.000239808149471241,0,5.06258194757404e-05,0,0.000339002635873581
0,0,0,0,0,0,0,0,0,0.00355225263303103,0,0,0,0,0,0.00350076637860652,0,0.0364937414201366,0,0,0,0.0014415735063091,0,0.074584454360867,0,0,0,0.00353655127807872,0,0,0,0,0,0,0,0,0,8.26759570248979e-06,0,0,0,0,0,0,0,0,0,0,0,0,0,0,0,0,0,0.000724905116643221,0,0,0,0.000498271742707746,0,0.00369573526612288,0,0,0.00584168363252694,0,0.153727931256338,0,0.0198194406692318,0,0,0,0,0,0,0,0,0,0,0,1.65794189133418e-05,0,0.000630376083257856,0,0,0,0
0,0,0,0,0,0,0,0,0.00163108426120004,0,0,0,0,0,0.00943642095090498,0,0.0047941295104555,0,0,0,0,0,0.00621429338066487,0,0.0536246337675239,0,0,0,0.00581952708173125,0,0,0,0,0,0,0,0,0,0,0,0,0,0,0,0,0,0,0,0,0,0,0,0,0,0,0,0,0,0,0,0.000677783708279322,0,0,0,0,0.00226135146503393,0,0.0108578516489405,0,0.0561793245762407,0,0.00286482786354482,0,0,0,0,0,0,0,0,0,0,0.00027120921577193,0,0,0,0
0,0,0,0,0,0,0,0,0,0,0,0,0,0,0,0,0,0.00122481676428109,0,0,0,0.00296075666609668,0,0,0,0.00353655127807872,0,0,0,0.0127450359718713,0,0,0,0,0,0,0,0.0119579332216318,0,0,0,0,0,0,0,0,0,0,0,0,0,0,0,0,0,0,0,0,0,0.00598303279543655,0,0,0,0,0.00425298500931953,0,0,0,0.000532295051786777,0,0.0755328364883523,0,0.0132650306637988,0,0,0,0,0,0,0,0.00227847915132945,0,0.000409102358286176,0.000593216702116281,0,0,0
0,0,0,0,0,0,0,0,0,0,0,0,0.0140006584914416,0,0,0,0.00412386489395508,0,0,0,0,0,0.0210964542881167,0,0,0,0.00581952708173125,0,0,0,0.00667990167133252,0,0,0,0,0,0,0,0.000571847775309794,0,0,0,0,0,0,0,0,0,0,0,0,0,0,0,0,0,0.000306359225208495,0,0.0180205544971915,0,0,0,0,0,0,0.0285067422899526,0,0,0,9.87556777545251e-05,0,0.0881187031684248,0,0.00165791651987327,0,0,0,0,0,0,0,0.000563707281793593,0.00636998463111505,0.013287691292933,0,0,0
0,0,0,0,0,0,0,0,0,0,0,0.0146612754472421,0,0,0,0,0,0,0,0.000902213301256269,0,0,0,0,0,0,0,0.0127450359718713,0,0,0,0,0,0,0,0,0,0.0309042837638241,0,0,0,0,0,0,0,0,0,0,0,0,0,0,0,0,0,0,0,0.00236429042899122,0,0,0,0,0.000129405783070581,0,0,0,0,0,0,0,0.0199738209751342,0,0.0863848959032009,0,0,0,0,0,0,0,0.00474627866429561,0,0.000126314801990677,0,0,0,0
0,0,0,0,0,0,0,0,0,0,0.00522520106252901,0,0,0,0,0,0,0,0,0,0,0,0,0,0,0,0,0,0.00667990167133252,0,0,0,0,0,0,0,0,0,0.0159171273671911,0,0,0,0,0,0,0,0,0,0,0,0,0,0,0,0,0,0.00761824758757866,0,0.00040498581231516,0,0,0,0,0,0,0,0,0,0,0,0,0.00213602674963729,0,0.0494959809547035,0,0,0,0,0,0,0,0.00277487660244497,0.00175362570150088,0.00132974514790016,0,0,0
0,0,0,0,0,0,0,0,0,0,0,0,0,0,0,0,0,0,0,0,0,0,0,0,0,0,0,0,0,0,0,0,0.135271208285604,0.0170834601792839,0.00101277753403239,0.00622837047441938,0.00843074131761162,0,0,0.000175651462275658,0,0,0,0,0,0,0,0.189128704815714,0.00361261366566624,0.00443709607911174,0,0,0,0,0,0,0,0,0,0,0,0,0,0,0,0,0,0,0,0,0,0,0,0,0.11508821782314,0.112583731211121,0.0196817768205658,0.00371945629339852,0.00950235260410083,0.00371610853398775,5.42907064356147e-06,0,0.00100152972891931,0,6.1942677930519e-06,0,0
0,0,0,0,0,0,0,0,0,0,0,0,0,0,0,0,0,0,0,0,0,0,0,0,0,0,0,0,0,0,0,0.135271208285604,0,0.00108352096440389,0.0130006760740774,0.00139640008952771,0.0117527911338747,0,0,0,0,0,0,0,0,0,0,0.0753919242587939,0.000115143190848034,0,0,0,0,0,0,0,0,0,0,0,0,0,0,0,0,0,0,0,0,0,0,0,0,0,0.0270538733300222,0.178863135657968,0.00194512128457901,0.0275355457558594,0.000345938203018477,0.00343772931215937,0.000101375016478705,0,0.000703685465880325,0,0,0,0
0,0,0,0,0,0,0,0,0,0,0,0,0,0,0,0,0,0,0,0,0,0,0,0,0,0,0,0,0,0,0,0.0170834601792839,0.00108352096440389,0,0.195978884000075,0.0117729025684626,0.000140145536982672,0.0078423528613144,0.000503076172577838,0,0,0,0,0,0,0,0,0.0319606166395447,0.00485531884417001,0.000106197319310329,0,0,0,0,0,0,0,0,0,0,0,0,0,0,0,0,0,0,0,0,0,0.000254805937758074,0,0,0.0157782498799438,0.00364166763527558,0.185479950174582,0.297293388038721,0.00203492459774724,9.54739199959312e-05,0.00431413047095863,0.00720229523951373,0.00188495851100466,0,0,0,0
0,0,0,0,0,0,0,0,0,0,0,0,0,0,0,0,0,0,0,0,0,0,0,0,0,0,0,0,0,0,0,0.00101277753403239,0.0130006760740774,0.195978884000075,0,0.000450507091106794,0.00813648797538973,0.00725564777513479,0.00580438726066415,0,0,0,0,0,0,0,0,0.0435562296813817,0.00211659784659728,9.40059850576603e-05,0,0,0,0,0,0,0,0,0,0,0,0,0,0,0,0,0,0,0,0,0,0.000981475874482465,0,0,0,0.0332827092654106,0.0878884367502346,0.286661840297392,0.000173457951212296,0.00761790956562836,0.0142930421144419,0.0429628541091233,0.00134789212949315,0,8.05753979889674e-05,0,0
0,0,0,0.000193200761365787,0,0,0,0,0,0,0,0,0,0,0,0,0,0,0,0.0125307956997649,0,0,0,0,0,0,0,0,0,0,0,0.00622837047441938,0.00139640008952771,0.0117729025684626,0.000450507091106794,0,0.00968997173681879,0.0405468047240622,0.00086520531679277,0.000283058260061303,0.00238376680113221,0,0,0,0,0.000634459553846334,0.000103724900028017,0.00964488612307914,0.00124085067755376,2.21455562379786e-05,0,0,0,0,0,0,0,5.21197408353971e-05,0,0,0,0,0.0350107294760111,0,0,0,0,0,0,0,0,0,0,0,0.00705191439214942,0.00493234444346982,0.00631319694918455,8.44409271533418e-05,0.171168940076419,0.0133670583847235,0.0384779699684814,0,0.0110825758064858,0.000142197784860826,0.00208388268312379,0,0
0,0,0,0,0.000557755833652245,0,0.00110448970153373,0,0,0,0.00663302100072928,0,0,0,0,0,0,0,0,0,0.0243209181882273,0,0,0,0,0,0,0,0,0,0,0.00843074131761162,0.0117527911338747,0.000140145536982672,0.00813648797538973,0.00968997173681879,0,0.000856600563369848,0.0185451093410826,0.000142464489841603,9.5390918046015e-05,0,0,0,0,0,0,0.00400142156247984,0,0,0.000391486681293524,0,0.00111175387281185,0,0,0,0.00412016149089403,0,0,0,0,0,0,0.00340935856243831,0,0,0,0,0,0,0,0,0,0,0.00532060427765558,0.0067330681429653,8.19042003368307e-05,0.00150518117856195,0.00200376394973294,0.114815102972326,0,0.0297355811111146,0.0173864415329242,0.00307043780133015,0.000155001800749838,0,0
0,0.000167651587136691,0,6.27380566727509e-05,0,0,0,0,0,0.00168432614669015,0,0.0483913185469973,0,0,0,0,0,0,7.41420378009785e-06,0.0125850807904973,0,0.0375139757104472,9.30445783403101e-06,0.0114360341537075,0,8.26759570248979e-06,0,0.0119579332216318,0,0.0309042837638241,0,0,0,0.0078423528613144,0.00725564777513479,0.0405468047240622,0.000856600563369848,0,0.00988178397012931,0,0,0.000154368757930928,4.53698977314265e-06,0,0,0.000180223250420226,0,0.000376669483492711,0,0.000177069237596824,0,0,0,0,0,0.000151957967701671,0,0.0194745647764141,0,0,0,0,0.00907258387777093,0,0.0464455079438513,0,0.0116342223320293,0,4.37737643142529e-05,0,0.00728365604402189,0,0.0700485714065942,0,0,0,0.00547010277414644,0.00165876874990353,0.00808696776825657,1.79614538474426e-05,0.151004853402132,0.013600120132961,0.0129140444856131,0.000897746887780182,0.000403003284379474,7.25079994928128e-06,0
0,0,0,0,0,0,0,0,4.14809333052933e-05,0,0.0480144693846011,0,0,0,0,0,0,0,0,0,0.0166150440649939,0.00694673675543125,0.0423566337257758,0,0.0096580263939043,0,0,0,0.000571847775309794,0,0.0159171273671911,0,0,0.000503076172577838,0.00580438726066415,0.00086520531679277,0.0185451093410826,0.00988178397012931,0,0,0,0,2.08977908949034e-05,0,0,0,0,0.006080552060874,0.0135526374698027,0,0,0,0,0,0,0,0.0113911809379819,0,0,0,0,0,0,0.00345289758828727,0.000902615022979172,0.0357881522407026,0,0.00357711949486454,0,0,0,0.000549975658698003,0,0.0269801183697538,0,0,0.000532266576591871,0.000636065839853355,7.77739706275647e-06,0.00225108880083787,0.00185775274256689,0.142526517156902,0.0193039960827099,0.00234453763305218,0.000192239730999372,0,0
0,0.0020237608529273,0,0.0016574213110435,0,0,0,0,0,0.000432459249234506,0,0,0,0,0,0,0,9.21564462674635e-05,0.0103258853577,0,0,4.68247391453933e-06,0,0,2.82223816367301e-05,0,0,0,0,0,0,0.000175651462275658,0,0,0,0.000283058260061303,0.000142464489841603,0,0,0,0.0133751390780401,0.0432557756895145,0.000487577584107548,0.00386258036083852,0,0.040093956908002,0.000639918729310516,0.0180126279551866,0.00267087974420155,0.0314329375577003,0,0,0,0,0,1.7924419828884e-05,0,0.000101286491056134,0,0,0,4.65565123599033e-05,0.0126493257250495,0,9.87257910995548e-06,0,0,0,1.56710827157211e-05,0,2.30639645809575e-05,0,0.000264099018695831,0,0.000716437946791552,0,0,0,0.0161236188241344,0.000163760924672893,0.000792188545804797,0,0.000539194239378244,7.98819051885374e-07,0.055466844591891,0.00516096339981786,0
0,0,0,0,0,0,0,0,3.65349931934905e-05,0,0,0,0,0,0,0,0,0,0.000159264062767338,0,0,0,0,0,0,0,0,0,0,0,0,0,0,0,0,0.00238376680113221,9.5390918046015e-05,0,0,0.0133751390780401,0,0,0.00319693241325463,0,0,0,0.0545574452855428,0.0107816417446013,0.0469897639500341,0.000102494404231156,0,0,0,0,0,0,0,0,0,0,0,0,0,0.00386531091151907,0,0,0,0,0,0,0,0,0,0.00109162966551118,0.000153926744355878,0,0,0,0.00452996818181188,0.00323675705731749,0,0.00450644105326552,2.45239795258808e-05,0,0.0374523682169765,0,0
0.000251200121732077,0.0228501908366439,0,0.0099128717542994,0,2.15057063466957e-05,0,0,0.000869017402202163,0.00258759712143262,0,0,0,0,0,0,4.78918420932666e-06,0.000934480556909979,0.113607355538757,0,0,5.49045890230861e-05,0,0.000534809228459798,3.92478604478798e-05,0,0,0,0,0,0,0,0,0,0,0,0,0.000154368757930928,0,0.0432557756895145,0,0,0.01449141843391,0.0218325332497144,0.000232938548322518,0.0387123648710954,0.000109232402910233,0.00170563063710402,0.000288324983380318,0.0395134724718056,0,0,0,0,0.000269983220072373,0.00130755981950351,0,0.000889921950793355,0,4.25230659318084e-05,0,0.00106180464093629,0.000365663480889879,0,0.000444798633813962,0,0.000158155867855832,7.17884417582681e-05,0.00135027181630275,0,0.00128805642125782,0,0.00299459707692096,0,0,0,3.28422738867795e-05,0,0.0229745406053773,0,0.00942564688463143,0,0.00628386937989632,0.00010058636114045,0.123887263664752,0.0173188581372825,0.000555349544022843
0.00398719441585934,0.00108183143714133,0,3.22797892729836e-05,0,0,0,0,0.0302554310737396,0.000293973107598654,0,0,0,0,0,0,0.0005367457078048,0.000113489345866216,0.117308245454653,0,0,0,0,0.000207875436692706,0.000402028307388453,0,0,0,0,0,0,0,0,0,0,0,0,4.53698977314265e-06,2.08977908949034e-05,0.000487577584107548,0.00319693241325463,0.01449141843391,0,0.00357008067519692,0.00963092351431535,0.00133435379717399,0.040075741348343,0.0010821437982372,0.0188047444829481,0.00110019902010304,0,0,0,0,0.00258301682802579,0,0,0,0,0,0,0,4.04672958970523e-05,0.000119286811688681,3.77920144989066e-05,0,0.000167451013968417,0.000261387790466161,1.5850263525559e-05,0,0,0,0,0.000287601848810362,0,0,1.0651925484724e-05,0,0.000199741062045618,0.00178127418194959,0.000291884636915711,0.000106067263232968,0.00819864997863347,0.000501983447167935,0.175541949708532,0.00108372791656636,0.0575212874556945
0,0.000329643988904228,0,0.00173093075420393,0,0,0,0,0.000660546064318203,0.000458515653919725,0,0,0,0,0,0,0,0.000104725903062464,0.0108831380364982,0,0,0,0,0,0,0,0,0,0,0,0,0,0,0,0,0,0,0,0,0.00386258036083852,0,0.0218325332497144,0.00357008067519692,0,0,0.0129849040246259,2.074517813509e-05,0.000131268846031422,4.5691636812323e-05,0.000398257552430596,0,0,0,0,6.36530275994313e-05,0,0,1.74417632722546e-05,0,0,0,0,0,0,8.8261884327647e-06,0,0,0,0,0,0,0,4.49274270973216e-05,0,0,0,0,0,0.000251102005428996,0,0.00022243662019744,0,0.000357891865951809,9.15085004152161e-06,0.0105863045891398,0.0100970927943998,0
0,0,0,0,0,0,0,0,0.000544983948213673,0,0,0,0,0,0,0,1.67106142130586e-05,0,0.00372450461703998,0,0,0,0,0,0,0,0,0,0,0,0,0,0,0,0,0,0,0,0,0,0,0.000232938548322518,0.00963092351431535,0,0,0.000179753545158251,8.80181518935061e-05,0,0.000173701610018996,1.96029765321777e-05,0,0,0,0,0.000178366064599762,0,0,0,0,0,0,0,0,0,0,0,0,0,0,0,0,0,0,0,0,0,0,0,0,0,0,0,0.000128277396023403,1.26352406276658e-06,0.00244564996247627,0,0.00479824661705971
0,0.00296183519033982,0,0.06204750039538,0,0,0,0,9.27629987074065e-05,0.000367392885068967,0,0,0,0,0,0,0,8.49000635457371e-05,0.015517563732497,0.000175813439608657,0,3.71211556724036e-06,0,0,5.77624730658775e-05,0,0,0,0,0,0,0,0,0,0,0.000634459553846334,0,0.000180223250420226,0,0.040093956908002,0,0.0387123648710954,0.00133435379717399,0.0129849040246259,0.000179753545158251,0,0.000857942372485873,1.41291633052234e-05,0,0.00712302481002831,0,0,0,0,5.70294710895355e-05,2.75978466545744e-05,0,0.00280918285819755,0,8.54406740158632e-05,0,0.00013263894600061,0.0342783068374618,0,0.000256791390940798,0,0,0,0,0,0.000238697433314438,0,0.000695564314208254,0,0,0,0,0,0.0152388686916078,0,0.00884229128133127,0,0.000933387997917223,5.59676028665253e-06,0.0918411813813128,0.00469549275837366,0
0.0100827550133522,0,0.00054180730575118,0,0,0,0,0,0.000943176118569555,5.73436740087044e-05,0,0,0,0,0,0,5.23980395544217e-05,0,0.0420537860236422,0,1.65036634407578e-05,0,0,0,0.000147172921304457,0,0,0,0,0,0,0,0,0,0,0.000103724900028017,0,0,0,0.000639918729310516,0.0545574452855428,0.000109232402910233,0.040075741348343,2.074517813509e-05,8.80181518935061e-05,0.000857942372485873,0,0,0.000157745648653519,0,0,0,0,0,0.000534394855910083,0,0,0,0,0,0,0,0,0.0755092346473219,0,0,0,0,0,0,0,0,0,0.000127720094973582,0,0,0,0,2.46382354089421e-05,0.0204505541789497,4.68312960414372e-06,0.00103232445896115,0.000648361684633093,0,0.115908361414887,7.77683038313479e-05,0.00275844203504904
0,0.00244614487039057,0,0.000318287609748645,0,0,0,0,0,0.000213187971372583,0,0,0,0,0,0,0,3.58952814722747e-06,3.94465112107083e-05,0,0,0,0,0.000688644865823236,0,0,0,0,0,0,0,0.189128704815714,0.0753919242587939,0.0319606166395447,0.0435562296813817,0.00964488612307914,0.00400142156247984,0.000376669483492711,0.006080552060874,0.0180126279551866,0.0107816417446013,0.00170563063710402,0.0010821437982372,0.000131268846031422,0,1.41291633052234e-05,0,0,0.134944563071062,0.0422438281725242,0,0,0,0,0,0,0,0,0,0,0,0.000132917631589275,0,0,0,0,0.0192363573347299,0,5.02939202367755e-05,0,0,0.000434391296756037,0,0,0.16733627517787,0.115305824843551,0.0608139344776769,0.00870776475291913,0.0311880308740414,0.0237508640797264,0.0250491099637296,0.0167475999813695,0.00055917271525752,2.24796447624944e-06,0.0151590983727124,0.000287842806454347,0.00036327153426054
0.0103193106851885,6.17671354632868e-05,0.00738906456360608,0,4.90316457453892e-05,0,0,0,0.000294107846363144,0,0,0,0,0,0,0,0,0,0.000384706243441762,0,0,0,0.00199918423596454,0,0.00044011804512838,0,0,0,0,0,0,0.00361261366566624,0.000115143190848034,0.00485531884417001,0.00211659784659728,0.00124085067755376,0,0,0.0135526374698027,0.00267087974420155,0.0469897639500341,0.000288324983380318,0.0188047444829481,4.5691636812323e-05,0.000173701610018996,0,0.000157745648653519,0.134944563071062,0,0.0126843159959548,0.00506273509597092,0,0.000161833332731751,0,0.000219242603316162,0,0.00151574195806944,0,0.0051169598346528,0,8.99722562108726e-05,0,0,0.000514552769007993,0,0.00189873980365433,5.12355043868948e-05,0.00221735195267545,0,0,0,0.00106745206916602,0,0.00122309528109568,0.002769955693808,0.00430656724877287,0.00860801268030706,1.95468751303151e-05,0.00537274591140117,0.00664507195636706,0.00369271761225726,0.00972479697203152,0.00090416894588478,5.55816113799242e-06,0.0465334008450782,0,0.00094641738509583
0,0.0309214621739577,0,0.0100012881294912,0,0,0,0,0.000157871517228752,0.00558758779532522,0,0,0,0,0,0,0,0.000238887744353918,0.0102487768738893,0.000345084782456566,0,0.00262975416654766,0,0.00074946530823963,0,0,0,0,0,0,0,0.00443709607911174,0,0.000106197319310329,9.40059850576603e-05,2.21455562379786e-05,0,0.000177069237596824,0,0.0314329375577003,0.000102494404231156,0.0395134724718056,0.00110019902010304,0.000398257552430596,1.96029765321777e-05,0.00712302481002831,0,0.0422438281725242,0.0126843159959548,0,0,0.00233664735082082,0,0,0,0.00620574274133499,0,0.00466577056697465,0,0.00100140981013224,0,0.00495411629672536,0.000725393503346998,0,0.0058795149592638,0,0.0037490179465631,0,0.00546693669997024,0,0.00269626489989209,0,0.000730470554479005,0,0.00521391043793481,4.56493552967612e-05,0.000578062486069424,0,0.00711415140873547,8.16972230800337e-05,0.021370327275622,0,0.00132265887427669,0,0.0561583725117408,0.00752339244747317,0.000177275178843011
0,0,0.0240180500454568,0,0.183507563972403,0,0.00906628971064123,0,0.0189626899727523,0,0,0,0,0,0.0077950761048232,0,0,0,0,0,0.00481259727089133,0,0,0,0,0,0,0,0,0,0,0,0,0,0,0,0.000391486681293524,0,0,0,0,0,0,0,0,0,0,0,0.00506273509597092,0,0,0,0.0382053953641658,0,0.00784552210816043,0,0.0158780760907247,0,0.0393934951779853,0,0.0692332760113119,0,0,0.00369858804056669,0,0,0,0,0,0,0,0,0,0,0,0,0,0,0,0,0,0,0.00107918273140182,0,0.00237612722598838,0,0
0,0.00105202164008765,0,0.061083318362524,0,0.152177908858464,0,0.189292927947496,0,0,0,0,0,0,0,0,0,0,0,0,0,0,0,0,0,0,0,0,0,0,0,0,0,0,0,0,0,0,0,0,0,0,0,0,0,0,0,0,0,0.00233664735082082,0,0,0,0.0980756086973968,0,0.000262486426378487,0,0.0175544168816832,0,0.0261376635333682,0,0.00311858931417306,0,0,0,0,0,0,0,0,0,0,0,0,0,0,0,0,0,0,0,0,0.000377586847729499,0,0.00243263673500484,0,0
0,0,0.000195539502388452,0,0.0133987357108321,0,0.23655133470741,0,0,0,0.00377618334361974,0,0.000226497282026653,0,0,0,0,0,0,0,0.00103706989829688,0,0,0,0,0,0,0,0,0,0,0,0,0,0,0,0.00111175387281185,0,0,0,0,0,0,0,0,0,0,0,0.000161833332731751,0,0.0382053953641658,0,0,0,0,0,0.0480023569352886,0,0.0176961588582235,0,0,0,0,0.00180956132965584,0,0,0,0,0,0,0,0,0,0,0,0,0,0,0,0,0,0,0.000495406327833297,0,0.000204591778880783,0,0
0,0,0,0,0,0.0142246497321883,0,0.135995541799813,0,0,0,0,0,0,0,0,0,0,0,0,0,0,0,0,0,0,0,0,0,0,0,0,0,0,0,0,0,0,0,0,0,0,0,0,0,0,0,0,0,0,0,0.0980756086973968,0,0,0,0,0,0.0394540802587142,0,0.00396749973737984,0,0,0,0,0,0,0,0,0,0,0,0,0,0,0,0,0,0,0,0,0,0,0,0,0,0,0
0.0930222781544594,0,0.0200823486294296,0,0.0353050469878881,0,0,0,0.23840473112885,0,0,0,0,0,0.00244672854009522,0,0.00430180270140883,0,0.00164851507937239,0,8.38934756760348e-05,0,0,0,0.0133978872993879,0,0,0,0,0,0,0,0,0,0,0,0,0,0,0,0,0.000269983220072373,0.00258301682802579,6.36530275994313e-05,0.000178366064599762,5.70294710895355e-05,0.000534394855910083,0,0.000219242603316162,0,0.00784552210816043,0,0,0,0,0,0.00714237741577596,0,0.00579977171241432,0,0.0173191982030895,0,0,0.00146997277506305,0,0,0,0.220990390904961,0,0,0,0,0,0,0,0,0,0,8.13071171897268e-07,0,3.52646064593113e-06,0,0.000234836773031128,1.88530618070069e-06,0.00349125969608602,0,0.00388964286549926
0,0.209833105363702,0,0.0252785179541341,0,0.000800303456889417,0,0,0,0.20968676305149,0,0,0,0,0,0.023025798197571,0,0.000228237913450621,0.000274295402877226,0,0,0,0,0.00435773826360488,0,0.000724905116643221,0,0,0,0,0,0,0,0,0,0,0,0.000151957967701671,0,1.7924419828884e-05,0,0.00130755981950351,0,0,0,2.75978466545744e-05,0,0,0,0.00620574274133499,0,0.000262486426378487,0,0,0,0,0,0.000167975511944144,0,0.000173988577643706,0,0.0937841086793527,0,0,0,0,0.0604136601094031,0,0.0120179111455564,0,9.7448648986539e-05,0,0,0,0,0,0,0,3.22169712541054e-05,0,0.000183953679349242,0,0.000788716152705554,3.3681387509413e-05,0.00175467837743395,9.65537725393676e-05,0
0,0,0.00745965711383666,0,0.00175977068801332,0,0.0230895275678861,0,0.00111747864814278,0,0.156645618238177,0,0.00504071847791489,0,0,0,0,0,0,0,0.0979870303143634,0,0,0,0,0,0,0,0.000306359225208495,0,0.00761824758757866,0,0,0,0,0,0.00412016149089403,0,0.0113911809379819,0,0,0,0,0,0,0,0,0,0.00151574195806944,0,0.0158780760907247,0,0.0480023569352886,0,0.00714237741577596,0,0,0,0.0746903028191804,0,0.00198650636269926,0,0,0.0450098957792837,0,0,0,0,0,0,0,0,0,0.0130672756759558,0,0,0,0,0,0.00109440829866721,0,0.0048652532949735,0.00384103950441608,0.00351318418552549,0.0161021683295564,0,0
0,0.00183171395466367,0,0.00176894215957577,0,0.00981039237083471,0,0.00708195234090977,0,0,0,0.0619592289678609,0,0,0,0,0,0,0,0.0357262686488598,0,0.000628992301136204,0,0,0,0,0,0,0,0.00236429042899122,0,0,0,0,0,5.21197408353971e-05,0,0.0194745647764141,0,0.000101286491056134,0,0.000889921950793355,0,1.74417632722546e-05,0,0.00280918285819755,0,0,0,0.00466577056697465,0,0.0175544168816832,0,0.0394540802587142,0,0.000167975511944144,0,0,0,0.0306959159039396,0,0.00899730397291521,0.0366785068161432,0,0.00883297662080091,0,0.00171120385426108,0,0.0149744765926533,0,0.0253221416574236,0,0.0496016401379974,0,0,0,2.06080954793348e-05,0,0.000146255582282919,0,0.00726690740335573,0,0.000303288119809639,0,0.0188417742981301,3.13474954182385e-05,0
0,0,0.0146609210225596,0,0.0377808014344983,0,0.018671006083303,0,0.00182907129284307,0,0.0381486703217951,0,0.236219215376007,0,0.10575552173625,0,0,0,0,0,0.000143455382332022,0,0,0,0,0,0,0,0.0180205544971915,0,0.00040498581231516,0,0,0,0,0,0,0,0,0,0,0,0,0,0,0,0,0,0.0051169598346528,0,0.0393934951779853,0,0.0176961588582235,0,0.00579977171241432,0,0.0746903028191804,0,0,0,0.0302325835902845,0,0,0.005206204095213,0,0,0,0,0,0,0,0.0103523884953197,0,0,0,0,0,0,0,0,0,0,0.00483769051704514,0.00392554731241181,0.0062285600005574,0,0
0,0.00295139733460292,0,0.00308178477954498,0,0.0150866204401556,0,0.000557351445427672,0,0,0,0.00137568862129801,0,0.00240501840411551,0,0,0,7.6617754293731e-05,0,0,0,3.87471419979093e-05,0,3.54566843853237e-05,0,0.000498271742707746,0,0.00598303279543655,0,0,0,0,0,0,0,0,0,0,0,0,0,4.25230659318084e-05,0,0,0,8.54406740158632e-05,0,0,0,0.00100140981013224,0,0.0261376635333682,0,0.00396749973737984,0,0.000173988577643706,0,0.0306959159039396,0,0,0,0.0150167123240929,0,0,0.000101245008343867,0,0.000180934016302241,0,0.0110107928918122,0,0.00800471803181687,0,0.00187924228714168,0,0,0,0,0,0,0,2.90983037434981e-05,0,8.3018113611296e-05,6.48735924693091e-05,0.00108854917866011,0,0
0.000188269961199672,0,0.00418032593227229,0,0.0618185723789492,0,0,0,0.0446101255014814,0,0,0,0.00130953394385092,0,0.0715139250726594,0,0.00400659082858293,0,0,0,0,0,0,0,0.000485970647329061,0,0.000677783708279322,0,0,0,0,0,0,0,0,0,0,0,0,0,0,0,0,0,0,0,0,0,8.99722562108726e-05,0,0.0692332760113119,0,0,0,0.0173191982030895,0,0.00198650636269926,0,0.0302325835902845,0,0,0,0,0.000905737341715314,0,0,0,0.00457314576529914,0,0.0113053260996733,0,0.00183238387002927,0,0,0,0,0,0,0,0,0,0,0.000456844557777488,9.87681121349038e-05,0.00160248087333169,0,0
0,0.0242672338632764,0,0.0249644090639545,0,0.0022984541322701,0,0,0,0.0442202258562569,0,0,0,0.000275161418057652,0,0.0378327837029819,0,0,0,0,0,0,0,0.000547244887969629,0,0.00369573526612288,0,0,0,0,0,0,0,0,0,0,0,0,0,4.65565123599033e-05,0,0.00106180464093629,0,0,0,0.00013263894600061,0,0.000132917631589275,0,0.00495411629672536,0,0.00311858931417306,0,0,0,0.0937841086793527,0,0.00899730397291521,0,0.0150167123240929,0,0,0,0,0,0,0.0063974993886845,0,0.0254229111169306,0,0,0,0,0,0,0,0,0,1.64683084488299e-05,0,2.89539142590226e-06,0,7.88757645631994e-05,0.000172278431599624,0.0019986540255005,0,0
0,0,0,0.00356713408412604,0,0,0,0,0,0,0,0.0669327719704435,0,0,0,0,0,0,0.000137795005665581,0.133820009168555,0,0,0,0,0,0,0,0,0,0.000129405783070581,0,0,0,0,0,0.0350107294760111,0,0.00907258387777093,0,0.0126493257250495,0,0.000365663480889879,4.04672958970523e-05,0,0,0.0342783068374618,0,0,0,0.000725393503346998,0,0,0,0,0,0,0,0.0366785068161432,0,0,0,0,0,0,0,0,0,0,0,0,0,0,0.0101511588634293,0,0,0,0,0,0.0339208914220035,0,0.0162349973295859,0,0.000293780254624567,0,0.0598810766355315,0,0
0,0,0.00179719230388061,0,0.000441097506882991,0,6.17628193131338e-05,0,0.000540439138423946,0,0.00190253303698795,0,0,0,0,0,0,0,2.5533060799162e-05,0,0.0655260395674138,0,0,0,0,0,0,0,0,0,0,0,0,0,0,0,0.00340935856243831,0,0.00345289758828727,0,0.00386531091151907,0,0.000119286811688681,0,0,0,0.0755092346473219,0,0.000514552769007993,0,0.00369858804056669,0,0.00180956132965584,0,0.00146997277506305,0,0.0450098957792837,0,0.005206204095213,0,0.000905737341715314,0,0,0,0,0,0,0,0,0,0,0,0,0.000387484906524233,0,0,0,0,0,0.0257864080175552,0,0.0132087582221871,0.00110746261099487,0,0.0179518952341186,0,0
0,0.000181653772241435,0,0.000266404264641416,0,0,0,0,0,1.25832908784193e-05,0,0,0,0,0,0,0,0.000145851069322759,0.000120796653778826,0,0,0.191430388685623,0.00317820833299921,0.00437121476585431,0,0.00584168363252694,0,0.00425298500931953,0,0,0,0,0,0,0,0,0,0.0464455079438513,0.000902615022979172,9.87257910995548e-06,0,0.000444798633813962,3.77920144989066e-05,8.8261884327647e-06,0,0.000256791390940798,0,0,0,0.0058795149592638,0,0,0,0,0,0,0,0.00883297662080091,0,0.000101245008343867,0,0,0,0,0,0.00150210149025961,0.020836497315842,0,0.0138736006072552,0,0.0156777930833031,0,0.000872552860734373,0,0,0,0,0,3.55455683285127e-05,0,0.0106358134664365,6.62506260982578e-05,0.00478838209944006,0.000569581952234314,0.00549717987469044,0,0
0,0,0,0,0,0,0,0,0,0,0,0,0,0,0,0,0.0023192829019354,0,0,0,0,0.0433082228949769,0.272438347468892,0,0.000952327187182534,0,0.00226135146503393,0,0.0285067422899526,0,0,0,0,0,0,0,0,0,0.0357881522407026,0,0,0,0,0,0,0,0,0,0.00189873980365433,0,0,0,0,0,0,0,0,0,0,0,0,0,0,0,0.00150210149025961,0,0,1.12404360860887e-05,0,0.000509116973624544,0,0.00669885676824001,0,7.53399291931632e-06,0,0,0,0,0,0,0,0.0101056375057344,0.0160256241889188,0.0010395166955655,0,0,0
0,0.0205817988144731,0,0,0,0,0,0,0,0.0195844656887484,0,0,0,0,0,0,0,0.0102580502390208,2.8661301728238e-05,0,0,0.00403808271213362,0,0.165438797584109,0,0.153727931256338,0,0,0,0,0,0,0,0,0,0,0,0.0116342223320293,0,0,0,0.000158155867855832,0.000167451013968417,0,0,0,0,0.0192363573347299,5.12355043868948e-05,0.0037490179465631,0,0,0,0,0,0.0604136601094031,0,0.00171120385426108,0,0.000180934016302241,0,0.0063974993886845,0,0,0.020836497315842,0,0,0,0.108378482089318,0,0.00717437487086281,0,0,0,0,0,0,0,0,0,0.00695817901199294,0,0.00122229489232089,0,0.00195966908980516,0,0
0.0135377489678964,0,0,0,0,0,0,0,0.0378600814528439,0,0,0,0,0,0.00564598734605741,0,0.000645769809016643,0,0.000293593017749582,0,0,0,9.3206981781118e-05,0,0.0678921334793056,0,0.0108578516489405,0,0,0,0,0,0,0,0,0,0,0,0.00357711949486454,0,0,7.17884417582681e-05,0.000261387790466161,0,0,0,0,0,0.00221735195267545,0,0,0,0,0,0.220990390904961,0,0,0,0,0,0.00457314576529914,0,0,0,0,1.12404360860887e-05,0,0,0,0.00534439086971414,0,0,0,0,0,0,0,0,0,0,0,0.00121806785699868,0.000123637439262701,0,0.000118608748639859,0,0.000723344721794989
0,0.00803989855164628,0,0,0,0,0,0,0,0.00472677510180547,0,0,0,0.000304352898574015,0,0.0042936426291635,0,0.00423601830785961,0,0,0,0.000722547209669779,0,0.0543129349257214,0,0.0198194406692318,0,0.000532295051786777,0,0,0,0,0,0,0,0,0,4.37737643142529e-05,0,1.56710827157211e-05,0,0.00135027181630275,1.5850263525559e-05,0,0,0,0,5.02939202367755e-05,0,0.00546693669997024,0,0,0,0,0,0.0120179111455564,0,0.0149744765926533,0,0.0110107928918122,0,0.0254229111169306,0,0,0.0138736006072552,0,0.108378482089318,0,0,0,0.0217191051616665,0,0,0,0,0,0,0,8.52002069510999e-06,0,9.38383055155669e-05,0,0.000397676994259206,0,0.00531166986849043,0.000361529125925973,0
