0,0,0.00102058162355626,0,0,0,0,0,0.0240613164182921,0,0,0,0,0,0,0,0,1.01533064756267e-05,0.00125238028646455,0,0,0,0,0,3.68365015416215e-05,0,0,0,0,0,0,0,0,0,0,0,0,0,4.82148167740669e-05,0,0,0,0.00104741289455981,0,0,0,0,0.000113783080163069,0.0234853128138319,0,0,0,0,0,0.0422364175079101,0,0.000610785874232341,0,0,0,0,0,0,5.74592101233798e-05,0,0,0,0,0,0,0,0.00119700527924972,0,0.0171753117408005,0,0,0,0,0,9.49817026943192e-07,0,1.28084970561708e-05,6.24876760931818e-05,0,0.0037663416447721,0,9.1364662245917e-05
0,0,0,0.00547304372503755,0,0,0,0,0,0.0543397221679324,0,0,0,0,0,0,0,0,0,0,0,0,0,0,0,0,0,0,0,0,0,0,0,0,0,0,0,0,0,0,0,5.67067430235366e-05,0,0,0,0,0,0,0,0.00708026050036959,0,0,0,0,0,0.0376155612823271,0,1.3044256023784e-05,0,0,0,0.0126633064293833,0,0,0,0,0,0,0,0,0,0,0,0,0,0,0,0,0,0,0,0,0.000180675056968733,0,0.00232116062279661,0,0
0.00102058162355626,0,0,0,0.000185808719150519,0,0,0,0.00109249739854285,0,0,0,0,0,0,0,2.41433389320246e-06,0,5.17144009975433e-05,0,1.67574399896963e-05,0,0,0,5.77075151946336e-05,0,0,0,0,0,0,0,0,0,0,0,3.21460465451964e-06,0,0.000146838088821134,0,0,0,0.00490687714954501,0,0,0,0.00011633026415517,0.000102252644829418,0.00640356623537647,0,0.000901624554993426,0,0,0,0.000163036243631115,0,0.00482626708368593,0,0.000461607189197675,0,0.000133054165632345,0,0,0.000869610790412109,0,0,0,0,0,0,0,0,0,0.00824661705823169,0,0,0,0,0,2.15707610192236e-05,0,0.000290320207834301,3.13579823588914e-05,0,0.0197685155481907,6.16074850350798e-05,0.000661125252858973
0,0.00547304372503755,0,0,0,0.0102046840189374,0,0,0,0.00157455431841259,0,0,0,0,0,0,0,0,9.1996913213631e-05,0,0,0,0,0,0,0,0,0,0,0,0,0,0,0,0,6.68637687627096e-06,0,0,0,0.00165190500978484,0,0.00690702099210055,0,0.000939898554016327,0,0.000213620231926808,8.49077442265328e-06,0,0,0.00261504681437116,0,0.00292656588589874,0,0,0,0.00032837035478505,0,0.00270512386655625,0,0.000586612884991191,0,0,0.000139910673879593,0,0,0,0,0,0,0,0.000126319383147075,0,0.0129142560016511,0,0,0,0,0,6.45013262988347e-05,0,0.000105238382519552,0,4.00671567180746e-05,0,0.0337021658255872,0.000184505024139795,0
0,0,0.000185808719150519,0,0,0,0,0,0.00423136568250361,0,0,0,0,0,0,0,0,0,0,0,0,0,0,0,0,0,0,0,0,0,0,0,0,0,0,0,0,0,0,0,0,0,2.41400635735586e-05,0,0,0,0,0,0,0,0.00778559794927653,0,0,0,0.00029720226721287,0,0.000473879608952371,0,0.00497638409362731,0,0.00478621755827653,0,0,0.000251212789804364,0,0,0,0,0,0,0,0,0,0.000465896242377531,0,0,0,0,0,0,0,7.45330988708066e-06,0,0,0.00180174209758521,0,0
0,0,0,0.0102046840189374,0,0,0,0.00573407868900463,0,0.0208226980872186,0,0.000855308968771379,0,0,0,0,0,0,0,0.0102713114156219,0,0,0,0,0,0,0,0,0,0,0,0,0,0,0,0,0,0,0,0,0,0.000101100646697109,0,0,0,0,0,0,0,0.00011040559854884,0,0.187060435819331,0,0.00615661969630319,0,0.0168170183070048,0,0.0065328308663429,0,0,0,0,0.010485176975291,0,0,0,0,0,0,0,0,0,0.000947490117170378,0,0,0,0,0,1.48064915085822e-06,0,2.06334353314763e-05,0,0.000483772062915967,0,0.0270583218865196,0,0
0,0,0,0,0,0,0,0,0,0,0.0033571484028608,0,0,0,0,0,0,0,0,0,0.0027097763039844,0,0,0,0,0,0,0,0,0,0,0,0,0,0,0,0,0,0,0,0,0,0,0,0,0,0,0,0,0,0,0,0.0168303696994314,0,0,0,0.0200634164045765,0,0.005227815447616,0,0,0,0,0,0,0,0,0,0,0,0,0,0,0,0,0,0,0,0,0,0,0,1.55867232933815e-05,0.000254213012776174,0,0,0
0,0,0,0,0,0.00573407868900463,0,0,0,0,0,0.0120775256082211,0,0.000440591008782652,0,0,0,0,0,4.30755706192984e-05,0,0,0,0,0,0,0,0,0,0,0,0,0,0,0,0,0,0,0,0,0,0,0,0,0,0,0,0,0,0,0,0.00271290945714633,0,0.0221336623885003,0,0,0,5.17974894387945e-05,0,0.0015535227916599,0,0,0,0,0,0,0,0,0,0,0,0,0,0,0,0,0,0,0,0,0,0,4.72753189525782e-05,0,0,0,0
0.0240613164182921,0,0.00109249739854285,0,0.00423136568250361,0,0,0,0,0,0,0,0,0,0.000413220325448067,0,0.0019058493434475,3.60721380309494e-05,0.000955061051308565,0,0,0,1.18062055483504e-05,0,0.00469887428514059,0.00016171115084163,0.000210839228546061,0,0,0,0,0,0,0,0,0,0,0,0.000196203789648154,0,0,7.6992561446288e-05,0.00088887328692854,0,0,0,0,0,0.00129099968175611,0,0.00568172089524748,0,0,0,0.172493423987501,0,0.000331768609819237,0,0,0,0.00447685309878884,0,0,5.09150249966132e-05,0,0,0,0.000181673126638384,0,0,0,0,0,0.001762732720232,0,0,0,0,1.99505221478587e-05,7.45979951063784e-06,0,0.000118326890426179,0.000868180678553895,0.000111090000611732,0.0044417472250937,0,0
0,0.0543397221679324,0,0.00157455431841259,0,0.0208226980872186,0,0,0,0,0,0,0,0,0,0.000420200860150127,0,0.000940177053688823,0,0,0,0,0,0.000474637078043937,0,0,0,0,0,0,0,0,0,0,0,0,0,0,0,0,0,0.00390236958715179,0,0,0,0,0,0,0,0.000361647095118186,0,0,0,0,0,0.0864429649392875,0,0.000107732620732673,0,0,0,0.00215247444417294,0,0,0,0,0,0,0,0,0,0,0.000655285228629531,0,0,0,0,0,0,0,0,0,0.00402641440104736,0.000389537264435263,0.0124359966292219,0.000174452276261262,0
0,0,0,0,0,0,0.0033571484028608,0,0,0,0,0,0.00171382147896592,0,0,0,5.39119018611636e-06,0,6.23017614991575e-05,0,0.00962927744687185,0,0,0,0,0,0,0,3.6228600947652e-05,0,0.0100082144545409,0,0,0,0,0,0.00160090259500975,0,0.00442367841205805,0,0,0,6.59433212304376e-06,0,0,0,0,0,0,0,0,0,0,0,0,0,0.0742967303403095,0,0.00294637508415944,0,0,0,0,0.000826220783084835,0,0,0,0,0,0,0,0,0,0.00103652793669201,0,0,0,0,0,3.03252673280728e-06,0,5.3715761456209e-05,0.000680243119246251,0.000600012435158549,8.60530465244906e-05,0,0
0,0,0,0,0,0.000855308968771379,0,0.0120775256082211,0,0,0,0,0,0.00285375700445357,0,0,0,0,0,0.0238593016828171,0,0,0,0,0,0,0,0,0,0.00642682052965797,0,0,0,0,0,0.00115134703762767,0,0.00189309709137633,0,0,0,0,0,0,0,0,0,0,0,0,0,5.69528956840364e-05,0,0.000264804199105129,0,0,0,0.0614945111445215,0,0,0,0,0.00202263602056024,0,0,0,0,0,0,0,0,0,0.00183084983695602,0,0,0,0,0,0,0,0.000347893466307455,0,0.00230798227015666,0,0.000214989781358524,0,0
0,0,0,0,0,0,0,0,0,0,0.00171382147896592,0,0,0,0.00158163071794166,0,0,0,0,0,0,0,0,0,0,0,0,0,0,0,0,0,0,0,0,0,0,0,0,0,0,0,0,0,0,0,0,0,0,0,0,0,0,0,0,0,2.12196073810511e-05,0,0.00724265001668136,0,0.000556214743465409,0,0,0,0,0,0,0,0,0,0,9.34430847229978e-06,0,0,0,0,0,0,0,0,0,0,2.10886587936324e-05,0.000473071381468984,0,0,0
0,0,0,0,0,0,0,0.000440591008782652,0,0,0,0.00285375700445357,0,0,0,0.00424215224820691,0,8.5480257253097e-05,0,0,0,0,0,0,0,0,0,0,0,0,0,0,0,0,0,0,0,0,0,0,0,0,0,0,0,0,0,0,0,0,0,0,0,7.17514558346011e-05,0,0,0,0,0,0.0293463896014843,0,0.000187869860383216,0,0,0,0,0,0,0,0,0,0,0,0,0,0,0,0,0,0,0,0,0.00043035311194207,6.95650331919537e-06,0,0,0
0,0,0,0,0,0,0,0,0.000413220325448067,0,0,0,0.00158163071794166,0,0,0,0.000417814361388675,7.417059619012e-06,0,0,0,4.15197482824493e-05,0,0,0.000104122486219322,0,0,0,0,0,0,0,0,0,0,0,0,0,0,0,0,0,0,0,0,0,0,0,0.000281300193238566,0,0,0,0,0,0.00423301758256177,0,0.000424868526531119,0,0.00619516333284228,0,0.00129999696070039,0,0,0,0,0,0,0,0,0,0,0.000705134901317795,0,0.00132538259510568,0,0,0,0,0,0,0,0,1.58038582469974e-05,0,3.94606393251233e-05,0,0
0,0,0,0,0,0,0,0,0,0.000420200860150127,0,0,0,0.00424215224820691,0,0,0,0.00307155412495479,0,0,0,0,0,0,0,0.0164277780498999,0,0.000496025600483998,0,0,0,0,0,0,0,0,0,0,0,0,0,0,0,0,0,0,0,0,0,0,0,0,0,0,0,0,0,0,0,0,0,0.00118115506820994,0,0,0,0,0,0,0.00500538496950179,0,0,0,0,0,0,0,0,0,0,0,0,0,8.70253587162672e-05,0,0,0,0
0,0,2.41433389320246e-06,0,0,0,0,0,0.0019058493434475,0,5.39119018611636e-06,0,0,0,0.000417814361388675,0,0,0.151767762404245,0.0584841525845336,0,2.29932918049765e-06,0.00315257737495503,0.00668404341011918,0.00135267832582054,0.00216772417109952,0.00465881022025577,0.0114731533372693,0,2.4867370163449e-05,0,0,0,0,0,0,6.13418467212036e-05,0.000401378749618228,0,0.000261230088222886,0.000963752559652572,0,0.00183695531846257,0.00481114370278247,9.8804316816692e-05,1.79691407450688e-06,0,0.00149128723616706,1.81793995085713e-05,1.93927333427075e-05,7.98293275605989e-05,0,0,0,0,0,0,0.000165018266141069,3.48302164194484e-05,0,0,0,0,0,0.00100773795113794,5.40832859939563e-05,0.000901947722633002,0,0.00081344864800379,0.000276032476884877,0.000515356180713654,0,0,0.000146910000393668,0.0011932813472672,0,0,0,0,0.000254106391445003,0.00135188207939594,5.82824825742436e-06,0.00216661206176973,0.0137340857331676,0.00257888496747461,0.00098494926340541,0.00030334624402997,0.000316162575494536
1.01533064756267e-05,0,0,0,0,0,0,0,3.60721380309494e-05,0.000940177053688823,0,0,0,8.5480257253097e-05,7.417059619012e-06,0.00307155412495479,0.151767762404245,0,0.0475344396071017,0,0,0.00958791272351019,0.00138070132227473,0.0086345077502782,0.000137410359799249,0.0671828287156118,0.00126506186213453,0.000922636700385889,0,0,0,0,0,0,0,8.93804635106055e-05,2.0566633926961e-05,5.08334924409796e-06,3.91851192148569e-05,0.0015689049687245,0,0.00214844341662048,0.000359134899820552,0.000324778938046728,0,7.23370574822e-05,0.000349762407712056,3.5388917507663e-05,0,9.02731708753958e-05,0,0,0,0,0,0,6.04169636675596e-06,0,0,0,0,0.00202377081478596,0,0.000167955807951798,0.000307933648800912,0.000220621457474259,0,0.000615558391956792,0.00528695880459668,0,0,0,0.000111306427075056,0.000196669344439042,0,0,0,0,0.000504956700085278,0.00016820092740373,4.21788755349335e-05,0.000172459813685287,0.0140933009449632,0.00146102648483602,0.000892289320522512,0.000272821615591703,1.90113759686555e-05
0.00125238028646455,0,5.17144009975433e-05,9.1996913213631e-05,0,0,0,0,0.000955061051308565,0,6.23017614991575e-05,0,0,0,0,0,0.0584841525845336,0.0475344396071017,0,0,0.00012498592774346,0.000198778256974153,0.000104810082614537,0.00029128888370312,8.52150213896587e-05,0.00051866310147916,0.000104582479293339,0,0,0,0,0,0,2.69336515131276e-05,0,0.0013470239927533,0.000993520686323238,6.83382500813566e-05,0.000980597170999078,0.0276944527971645,0,0.0234206871191708,0.0151450855673034,0.0100177070174295,1.19726476900163e-05,0.000446270151381785,0.0175667906629629,9.09814883030163e-05,5.68013066727901e-06,0.00202667252548694,0,0,0,0,0,0,0.00178574798232476,0.000270662594170455,0,0,0,0,0,0.00662164417816023,0,2.72530290361139e-05,0,9.50571006910761e-05,0,0,1.465400595319e-05,5.03710322822612e-06,0.00211553065760757,0.00971271491848647,0,0,0.000117146049397623,0,0.00782655783554439,0.00669682959314827,0.000609323650032166,0.00913015875358273,0.00588336172518462,1.82595618541519e-05,0.0143274370271168,0.00357662973859839,0.000838431754159896
0,0,0,0,0,0.0102713114156219,0,4.30755706192984e-05,0,0,0,0.0238593016828171,0,0,0,0,0,0,0,0,0,0,0,0,0,0,0,0,0,0,0,0,0,0,0,0.00283459126989507,0,0.000700763925591361,0,0,0,0,0,0,0,0.000141802288660291,0,0,0,0,0,0,0,0,0,0,0,0.000529308407241652,0,0,0,0,0.0349045792500632,0,0,0,0,0,0,0,0,0,0.00156871621195076,0,0,0,0,0,0.000612358856592229,0,1.95140861219782e-05,0,0.000771290630291153,0,0.00475628831565386,0,0
0,0,1.67574399896963e-05,0,0,0,0.0027097763039844,0,0,0,0.00962927744687185,0,0,0,0,0,2.29932918049765e-06,0,0.00012498592774346,0,0,0,0,0,0,0,0,0,0,0,0.000175137776052023,0,0,0,0,0,0.00629431911227468,0,0.00550715741998039,0,0,0,4.26399896128909e-05,0,0,0,0.000124799530423586,0,0,0,0,0,0,0,0,0,0.0386896179576413,0,0,0,0,0,0,0.0779184157677479,0,0,0,0,0,0,0,0,0,0.00877423706511238,0,0,0,0,0,0.00331066256036694,0,0.00700595678940254,0.00254410924704557,0,0.00010849069365995,0,0
0,0,0,0,0,0,0,0,0,0,0,0,0,0,4.15197482824493e-05,0,0.00315257737495503,0.00958791272351019,0.000198778256974153,0,0,0,0.0130132846113524,0.00181694074032824,0,0.00313551261061523,5.35815924451949e-05,0.00254396329136157,0,0,0,0,0,0,0,1.06954207123683e-06,0,0.00551929740460851,3.23350324690705e-05,0,0,0,0,0,0,0,0,0,0,0.00156145455799666,0,0,0,0,0,0,0,0,0,0,0,0,0,0,0.0757425856926803,0.000186152963707411,0.00200636073052869,0,0.000378173982572237,0,0.00187464106091573,0,0.00015117610177044,0,0,0,0,0,0,2.37468516264269e-06,0.00892507218569222,0,0.00326895563437315,0.000456002495807635,5.0520170450196e-06,0,0
0,0,0,0,0,0,0,0,1.18062055483504e-05,0,0,0,0,0,0,0,0.00668404341011918,0.00138070132227473,0.000104810082614537,0,0,0.0130132846113524,0,0,0.00536177528831861,1.73978737179041e-05,0.000541767064955477,0,0.00079346815636345,0,0,0,0,0,0,0,0,0,0.00384023922107678,0,0,0,0,0,0,0,0,0,0.00137302317120097,0,0,0,0,0,0,0,0,0,0,0,0,0,0,0,7.3606359091448e-05,0.0770160797926175,0,0.00369004234325159,0.000114066854257757,5.51065386389382e-05,0,2.72037928241294e-05,0,0,0,0,0,0,0,0,0,0.000542892991492127,0.00251955203262226,0.000996614278057343,0,0,0
0,0,0,0,0,0,0,0,0,0.000474637078043937,0,0,0,0,0,0,0.00135267832582054,0.0086345077502782,0.00029128888370312,0,0,0.00181694074032824,0,0,0,0.00920531700732434,0,0,0,0,0,0,0,0,0,0,0,0.00537486827371953,0,0,0,7.45549855953147e-05,0,0,0,0,0,0,0,0.00175061495320397,0,0,0,0,0,0.000342964922310784,0,0,0,0,0,0,0,0,0.00287799331252502,0,0.110960244155102,0,0,0,0,0,0,0,0,0,0,0,0,1.09390432231394e-06,0.00282371595103913,0,0.0013648432365857,1.61967746220181e-05,5.17099363516282e-05,0,0
3.68365015416215e-05,0,5.77075151946336e-05,0,0,0,0,0,0.00469887428514059,0,0,0,0,0,0.000104122486219322,0,0.00216772417109952,0.000137410359799249,8.52150213896587e-05,0,0,0,0.00536177528831861,0,0,0,0.0368664921833652,0,0,0,0,0,0,0,0,0,0,0,0.00662215280171191,0,0,0,0,0,0,0,0,0,0.000470573086691076,0,0,0,0,0,0.0509534221896473,0,0,0,0,0,5.57114947130326e-05,0,0,0,0,0.00504312487699977,0,0.09406197502451,0,0.0331916477664345,0,0,0,0,0,0,0,0,0,0,0,0.000448514884155438,0.000260961608424433,8.66365938137995e-07,1.18129870506492e-05,0,0
0,0,0,0,0,0,0,0,0.00016171115084163,0,0,0,0,0,0,0.0164277780498999,0.00465881022025577,0.0671828287156118,0.00051866310147916,0,0,0.00313551261061523,1.73978737179041e-05,0.00920531700732434,0,0,0,0.000758270834314568,0,0,0,0,0,0,0,3.4086074004722e-06,0,0,0,0,0,0,0.000296185063274933,0,0,0,0,0,0,0,0,0,0,0,0,0,0,0,0,0,0,0.00101755091291788,0,8.51401709728167e-05,0.00062090556378553,0,0.00840198657173223,0,0.0365229840683933,0,9.98826362774707e-05,0,0,0,0,0,0,0,0,1.3451802003692e-05,0,2.36737326501967e-06,0.000978110722948916,2.21290017420771e-05,0,0,0
0,0,0,0,0,0,0,0,0.000210839228546061,0,0,0,0,0,0,0,0.0114731533372693,0.00126506186213453,0.000104582479293339,0,0,5.35815924451949e-05,0.000541767064955477,0,0.0368664921833652,0,0,0,0,0,0,0,0,0,0,1.77705798755498e-06,1.03195837515904e-05,0,0,0,0,0,0,0,0,0,0,0,0,0,0,0,0,0,0,0,0,0,0,0,0,0,0,0,0,6.26277067351798e-05,0,0.00436481108306243,0,0.000575774231330566,0,0,0,4.03744299769661e-05,0,0,0,0,0,1.35473354106449e-06,0,0,0.000109665688353498,5.01630357037082e-06,0,0,0
0,0,0,0,0,0,0,0,0,0,0,0,0,0,0,0.000496025600483998,0,0.000922636700385889,0,0,0,0.00254396329136157,0,0,0,0.000758270834314568,0,0,0,0.000406158580366042,0,0,0,0,0,0,0,0.00021110833760404,0,0,0,0,0,0,0,0,0,0,0,0,0,0,0,0,0,0,0,0,0,0,0,0.000153387953238716,0,0,0.00974473342875266,0,0,0,0.000458520026401735,0,0.011454400980769,0,0.00344922680208238,0,0,0,0,0,0,0,0.00249728800885958,0,2.03088153426477e-05,0,0,0,0
0,0,0,0,0,0,0,0,0,0,3.6228600947652e-05,0,0,0,0,0,2.4867370163449e-05,0,0,0,0,0,0.00079346815636345,0,0,0,0,0,0,0,0.00261453631469511,0,0,0,0,0,0,0,0.00173986164700874,0,0,0,0,0,0,0,0,0,0,0,0,0,0,0,0,0,0,0,0,0,0,0,0,0,0,0,0,0,0,0,0,0.00166823660276975,0,0,0,0,0,0,0,0,0,0.00184852057531668,0.00023002691243962,0.00104537992207085,0,0,0
0,0,0,0,0,0,0,0,0,0,0,0.00642682052965797,0,0,0,0,0,0,0,0,0,0,0,0,0,0,0,0.000406158580366042,0,0,0,0,0,0,0,0,0,0.00135075850982733,0,0,0,0,0,0,0,0,0,0,0,0,0,0,0,0,0,0,0,0.0117238328283055,0,0,0,0,0,0,0,0,0,0,0,0,4.9658596253721e-05,0,0.0297480557044971,0,0,0,0,0,0,0,0.000370427422196405,0,2.00863322162479e-05,0,0,0,0
0,0,0,0,0,0,0,0,0,0,0.0100082144545409,0,0,0,0,0,0,0,0,0,0.000175137776052023,0,0,0,0,0,0,0,0.00261453631469511,0,0,0,0,0,0,0,0,0,0.00213852582735393,0,0,0,0,0,0,0,0,0,0,0,0,0,0,0,0,0,0.00141924990593131,0,0,0,0,0,0,0.000160587145601518,0,0,0,0,0,0,0,0.00038185365947653,0,0.0049524102805952,0,0,0,0,0,0,0,0.000622064735291489,2.41368021064439e-05,0.000517965398830336,8.72631385116904e-06,0,0
0,0,0,0,0,0,0,0,0,0,0,0,0,0,0,0,0,0,0,0,0,0,0,0,0,0,0,0,0,0,0,0,0.0547008231433043,0.00676432006281416,0,0.00351690843730823,0.000123555959935762,0,0,0,0.000440997576990679,0,0,0,0,0,0,0.220613801468949,0.00428689260977299,2.39715423898737e-05,0,0,0,0,0,0,0,0,0,0,0,0,0,0,0,0,0,0,0,0,0,0,0,0,0.101675635838816,0.00313940925517403,0.0223579933107736,0,0.0035939105740861,0,0,0,0.000688518262472143,0,0,0,0
0,0,0,0,0,0,0,0,0,0,0,0,0,0,0,0,0,0,0,0,0,0,0,0,0,0,0,0,0,0,0,0.0547008231433043,0,0.000193453636943246,0.0023252749718251,8.76789181347704e-06,0.00347814064993093,0,0,0,0.00638657190804177,0,0,0,0,0,0,0.106569971233146,0.00748853593515264,0,0,0,0,0,0,0,0,0,0,0,0,0,0,0,0,0,0,0,0,0,0,0,0,0,0.00558831670980073,0.0469917788258869,0,0.00400753715505693,0,0.00227377786581813,0,0,0.0015000729388787,0,0,0,0
0,0,0,0,0,0,0,0,0,0,0,0,0,0,0,0,0,0,2.69336515131276e-05,0,0,0,0,0,0,0,0,0,0,0,0,0.00676432006281416,0.000193453636943246,0,0.187770728163506,0.00250478231495247,0,0.000791132371925953,0.00136471172883382,0,0,3.191769342174e-05,1.26490060384319e-05,0,0,0,0,0.429823923809318,0.0307731462363262,0.0185008944889061,0,0,0,0,0,0,0,0,0,0,0,0,0,0,0,0,0,0,0,0,0,0,0,0,0.00191857318564069,0.00056546722985191,0.168289563658733,0.0413722769051592,0.00313594719982693,8.69640956010934e-06,0.000932811243503994,8.36918533398528e-05,0.00213124669552085,3.76747245266444e-05,0.000104019991130978,0,0
0,0,0,0,0,0,0,0,0,0,0,0,0,0,0,0,0,0,0,0,0,0,0,0,0,0,0,0,0,0,0,0,0.0023252749718251,0.187770728163506,0,0.000738159598127324,0.00205491553848436,0,0.000350437862248544,0,0,0,0,0,0,0,0,0.110861102687772,0.00241503157176048,6.91222188018851e-05,0,0,0,0,0,0,0,0,0,0,0,0,0,0,0,0,0,0,0,0,0,0,0,0,0,0.00197675075686094,0.0257852705472196,0.252937680313916,0,0.00252053981991616,0,0.00447121571452857,0.000999360409682142,0,0,0,0
0,0,0,6.68637687627096e-06,0,0,0,0,0,0,0,0.00115134703762767,0,0,0,0,6.13418467212036e-05,8.93804635106055e-05,0.0013470239927533,0.00283459126989507,0,1.06954207123683e-06,0,0,0,3.4086074004722e-06,1.77705798755498e-06,0,0,0,0,0.00351690843730823,8.76789181347704e-06,0.00250478231495247,0.000738159598127324,0,0.00226755065577717,0.0126609166052618,7.20373271812544e-05,0.000531693124822061,0.000116293464144329,0.0012836059760321,1.07910925747376e-05,1.930987022925e-05,0,0.00175984328919946,9.57003710360402e-06,0.00165024171704452,0.000614970065611609,0.000492016585138244,0,0,0,0,0,0,1.24574002626854e-05,0.000187351310110515,0,0,0,0,0.000961866033527604,8.08382603010509e-06,0,0,0,0,0,0,0,0,1.33409392845893e-05,0,0.00123981643134806,0,0.00825081009110183,0,0.071293792843177,4.07948415903101e-05,0.00391452684862018,6.25676084451706e-06,0.00747789051100012,0.000569707753500506,0.00154881473897347,6.56065504560841e-05,0
0,0,3.21460465451964e-06,0,0,0,0,0,0,0,0.00160090259500975,0,0,0,0,0,0.000401378749618228,2.0566633926961e-05,0.000993520686323238,0,0.00629431911227468,0,0,0,0,0,1.03195837515904e-05,0,0,0,0,0.000123555959935762,0.00347814064993093,0,0.00205491553848436,0.00226755065577717,0,0,0.0178906137761548,1.06942250324489e-05,0.0015398368416176,3.74416815005688e-05,0.00144378251876582,0,0,6.5317417795397e-07,0.00101227579198576,0.000170504436706167,0.000924522438666477,0,4.23425847263182e-06,0,0,0,0,0,0.000102987180578925,0,1.13902930625683e-05,0,1.11639223900622e-06,0,0,0.00408822777729753,0,0,0,0,0,0,0,0,0,0.00010795726982689,0.000416397230332076,0.000195592490534214,0,0.000444463474006137,0.000141822180396853,0.0662842188904685,1.57332754810712e-06,0.00850603671710143,0.00873086802207257,0.00182935043845845,0.00273750384204748,0,0.00058683243381515
0,0,0,0,0,0,0,0,0,0,0,0.00189309709137633,0,0,0,0,0,5.08334924409796e-06,6.83382500813566e-05,0.000700763925591361,0,0.00551929740460851,0,0.00537486827371953,0,0,0,0.00021110833760404,0,0.00135075850982733,0,0,0,0.000791132371925953,0,0.0126609166052618,0,0,0.00124988016190628,3.42115720038919e-05,0,7.58619472840527e-05,0,2.23243439901359e-06,0,0.000122770455054531,0,0.000576800163658443,0,0.00225601232282045,0,0,0,0,0,0,0,0.000145113044661874,0,0,0,0,0.00195889130393073,0,0.0021670585572695,0,0.000167605228549812,0,0,0,0.00062608013145787,0,0.000682166771977084,0,0,0,0.00183145121416567,0,0.0115964429349271,0,0.0616731611394038,0.000798222668288847,0.00785092691327093,0.00109165442109816,0.000869153802272465,0,0
4.82148167740669e-05,0,0.000146838088821134,0,0,0,0,0,0.000196203789648154,0,0.00442367841205805,0,0,0,0,0,0.000261230088222886,3.91851192148569e-05,0.000980597170999078,0,0.00550715741998039,3.23350324690705e-05,0.00384023922107678,0,0.00662215280171191,0,0,0,0.00173986164700874,0,0.00213852582735393,0,0,0.00136471172883382,0.000350437862248544,7.20373271812544e-05,0.0178906137761548,0.00124988016190628,0,4.45402430363337e-05,0,2.483700479691e-06,0.000686327616472699,0,0,0,0.000395043712251931,0.0167135891796101,0.00411612927546341,0,2.07756731512111e-06,0,0,0,0.000163900147961535,0,0.000605950540796378,8.57018653667148e-06,2.96237580549231e-05,0,4.92717227884676e-06,0,0,0.00274060079847599,0,0.00488125439082151,0,0.00506424313245808,0,0,0,0.00017134425806044,0,0.000868131761168145,0,0,0.000119954107656681,0.000262921987010479,0.000156624275654405,0.0021884722492158,0.000115839845368923,0.0832779022892315,0.00441444003125634,0.00279388024743525,0.000935269485346056,0,9.75130268431771e-05
0,0,0,0.00165190500978484,0,0,0,0,0,0,0,0,0,0,0,0,0.000963752559652572,0.0015689049687245,0.0276944527971645,0,0,0,0,0,0,0,0,0,0,0,0,0,0,0,0,0.000531693124822061,1.06942250324489e-05,3.42115720038919e-05,4.45402430363337e-05,0,0,0.123234417773112,0.00163526166768027,0.0106569045841963,1.36940240916176e-05,0.0383655577876038,0.000181692115135087,0.00345934438985557,0,0.0412630914878926,0,0,0,0,0,0,0,0.000156620935471964,0,0,0,0,0.00160845144676061,6.08403510680142e-06,0,0,0,0,0,0,0,0,0.00334887187388357,0.000419038202590936,0,0,0.000257995073606916,0,0.00786822259702417,0.000176596877635181,0.000657503915695106,0.000106287288689735,0.00314394255596898,2.4618999131599e-06,0.043538999923744,0.00764385999046114,4.37586411990761e-05
0,0,0,0,0,0,0,0,0,0,0,0,0,0,0,0,0,0,0,0,0,0,0,0,0,0,0,0,0,0,0,0.000440997576990679,0.00638657190804177,0,0,0.000116293464144329,0.0015398368416176,0,0,0,0,0,0.000466340331491472,0,0,0,0.00349592255317404,0.131187741843831,0.138941395993522,0,0,0,0,0,0,0,0,0,0,0,0,0,0,0.00246234260830962,0,0,0,0,0,0,0,0,0,0,0.000109796242096297,0.000541280396404817,0,0,6.40758068333751e-06,0.012134654252856,0,0.00173422047158577,0.000129083138660726,0,0.00328728648502179,0,0.000241654031149036
0,5.67067430235366e-05,0,0.00690702099210055,0,0.000101100646697109,0,0,7.6992561446288e-05,0.00390236958715179,0,0,0,0,0,0,0.00183695531846257,0.00214844341662048,0.0234206871191708,0,0,0,0,7.45549855953147e-05,0,0,0,0,0,0,0,0,0,3.191769342174e-05,0,0.0012836059760321,3.74416815005688e-05,7.58619472840527e-05,2.483700479691e-06,0.123234417773112,0,0,0.0208975907947799,0.0112892711265334,0,0.00203861122783891,0.000376966035273522,0.00197053656222653,0,0.038234934571639,0,0,0,0,0,0.00084790506501723,3.74670818800386e-05,0.0103566608312003,0,0,0,0,0.0015575196263462,8.86957082825578e-05,0,0,0,0,1.69412058828406e-05,0,0.000212074951482193,0,0.0391278226167809,0.000257160217026359,0,0,0.000385605932322244,0,0.0131220642672437,0.000123506279231966,0.00401082398307678,0.000177741136744663,0.00706050983078742,2.13352685804087e-05,0.0978873499193777,0.0407921350311106,1.91863958144796e-05
0.00104741289455981,0,0.00490687714954501,0,2.41400635735586e-05,0,0,0,0.00088887328692854,0,6.59433212304376e-06,0,0,0,0,0,0.00481114370278247,0.000359134899820552,0.0151450855673034,0,4.26399896128909e-05,0,0,0,0,0.000296185063274933,0,0,0,0,0,0,0,1.26490060384319e-05,0,1.07910925747376e-05,0.00144378251876582,0,0.000686327616472699,0.00163526166768027,0.000466340331491472,0.0208975907947799,0,7.06747576027789e-05,0.000485506715733982,1.83166642567973e-05,0.0350147334743537,0.00694380941359792,0.0401502308481897,0.000979811243798169,0.000182994284172624,0,0,0,0,0,0.0275110726807155,0,0.000482612745741787,0,0.000901290794844177,0,0,0.0168435404821575,0,0,0,0,0,0,0,0.000174612155908545,0.000145063609242388,0.0400414597831912,0,0,0,8.92834096625323e-05,0.000121766307121878,0.00991063165027667,8.22704486146162e-06,0.0136670918344679,0.00586497258419086,5.37240320693398e-07,0.0510298579255886,2.92691091273203e-05,0.0106164839185242
0,0,0,0.000939898554016327,0,0,0,0,0,0,0,0,0,0,0,0,9.8804316816692e-05,0.000324778938046728,0.0100177070174295,0,0,0,0,0,0,0,0,0,0,0,0,0,0,0,0,1.930987022925e-05,0,2.23243439901359e-06,0,0.0106569045841963,0,0.0112892711265334,7.06747576027789e-05,0,0,0.000186319777076878,1.2392587163311e-05,1.49869611393042e-05,0,0.00106431838811838,0,0,0,0,0,0,0,0.000915488318808999,0,0,0,0,0.000244143647734012,0,0,0,0,0,0,0,0,0,0.0136025047054023,0,0,0,0,0,0.000184217056080166,1.41149220027949e-06,0.00028857013193633,1.27477596649618e-05,7.27758380914526e-05,1.08231859128154e-06,0.00869723763449407,0.0103477793123046,0
0,0,0,0,0,0,0,0,0,0,0,0,0,0,0,0,1.79691407450688e-06,0,1.19726476900163e-05,0,0,0,0,0,0,0,0,0,0,0,0,0,0,0,0,0,0,0,0,1.36940240916176e-05,0,0,0.000485506715733982,0,0,0,0.000105488164247227,0,0,0,0,0,0,0,0,0,0,0,0,0,0,0,0,0,0,0,0,0,0,0,0,0,0,0,0,0,0,0,0,1.21279389546547e-05,0,0,1.8747451320218e-06,0,6.27849947434854e-05,0,0
0,0,0,0.000213620231926808,0,0,0,0,0,0,0,0,0,0,0,0,0,7.23370574822e-05,0.000446270151381785,0.000141802288660291,0,0,0,0,0,0,0,0,0,0,0,0,0,0,0,0.00175984328919946,6.5317417795397e-07,0.000122770455054531,0,0.0383655577876038,0,0.00203861122783891,1.83166642567973e-05,0.000186319777076878,0,0,0,0,2.88345796739557e-05,0.00062848308094625,0,0,0,0,0,0,0,0.00182958957931912,0,0,0,0,0.0604437002941463,0,0,0,0,0,0,0,0.000197754972289159,0,0.0122836698515519,0,0,0,6.1475392505444e-05,0,0.0135168232528875,1.25837663740936e-05,0.00149293071230292,0,8.29910893719114e-05,6.58393239501975e-07,0.0347665407772491,0.000207732567292842,0
0,0,0.00011633026415517,8.49077442265328e-06,0,0,0,0,0,0,0,0,0,0,0,0,0.00149128723616706,0.000349762407712056,0.0175667906629629,0,0.000124799530423586,0,0,0,0,0,0,0,0,0,0,0,0,0,0,9.57003710360402e-06,0.00101227579198576,0,0.000395043712251931,0.000181692115135087,0.00349592255317404,0.000376966035273522,0.0350147334743537,1.2392587163311e-05,0.000105488164247227,0,0,0,0.00211594077020986,9.00391471924468e-06,0,0,0,0,0,0,0.000163375741071899,0,0,0,0,0,0,0.0265401318784947,0,0,0,0,0,0,0,0,0,0.00243092234376464,0,0,0,0,7.40626824430026e-06,0.00923128190745826,1.06419134248457e-05,0.00440280215139906,0.000426063794407316,0,0.0175121030898626,8.21669049769447e-05,0.0011480511099624
0.000113783080163069,0,0.000102252644829418,0,0,0,0,0,0,0,0,0,0,0,0,0,1.81793995085713e-05,3.5388917507663e-05,9.09814883030163e-05,0,0,0,0,0,0,0,0,0,0,0,0,0.220613801468949,0.106569971233146,0.429823923809318,0.110861102687772,0.00165024171704452,0.000170504436706167,0.000576800163658443,0.0167135891796101,0.00345934438985557,0.131187741843831,0.00197053656222653,0.00694380941359792,1.49869611393042e-05,0,0,0,0,0.390575611916311,0.0494976788130184,0,0,0,0,0,0,0,0,0,0,0,0,0,0,0,0,0,0,0,0,0,0,0,0,0.117002622480563,0.00927355109490685,0.0543288781986555,0.0824200069136624,0.00188758371989627,0.00392877754084046,0.000259381244094165,0.0078194029760078,0.00468683234682303,0,0.011812740205279,0.00026140797683811,0
0.0234853128138319,0,0.00640356623537647,0,0,0,0,0,0.00129099968175611,0,0,0,0,0,0.000281300193238566,0,1.93927333427075e-05,0,5.68013066727901e-06,0,0,0,0.00137302317120097,0,0.000470573086691076,0,0,0,0,0,0,0.00428689260977299,0.00748853593515264,0.0307731462363262,0.00241503157176048,0.000614970065611609,0.000924522438666477,0,0.00411612927546341,0,0.138941395993522,0,0.0401502308481897,0,0,2.88345796739557e-05,0.00211594077020986,0.390575611916311,0,0.0091265924085077,0.000128096032131486,0,0,0,0.000210764919386886,0,0.00611411267680662,0,0.000733509599807242,0,0.00721898500996913,0,0,0.000165232219117045,0,0.00669862478401508,0,0.0454652534934971,0,0.00410674305690535,0,0.0011836385834754,0,0.00896878316926124,0.00241876492177348,0.00316910338200078,0.00201385994782255,0.000426017621879284,1.69123187158862e-05,0.00417808085798261,0,0.00867200989055721,0.000731745883783123,0,0.0286060619518599,0,0
0,0.00708026050036959,0,0.00261504681437116,0,0.00011040559854884,0,0,0,0.000361647095118186,0,0,0,0,0,0,7.98293275605989e-05,9.02731708753958e-05,0.00202667252548694,0,0,0.00156145455799666,0,0.00175061495320397,0,0,0,0,0,0,0,2.39715423898737e-05,0,0.0185008944889061,6.91222188018851e-05,0.000492016585138244,0,0.00225601232282045,0,0.0412630914878926,0,0.038234934571639,0.000979811243798169,0.00106431838811838,0,0.00062848308094625,9.00391471924468e-06,0.0494976788130184,0.0091265924085077,0,0,0,0,0,0,0,0,0.00113959662259668,0,0,0,0,0.000155902766937398,0,0.00155746841206601,0,0.00773277937812853,0,0.000759307851493066,0,0.0135080098075887,0,0.00532248523561318,0,0.000277336902067105,0,0.00715438607405324,0,0.00161544205743874,1.77599045414663e-06,0.00456831026064534,1.3822675740487e-05,0.00261706023159362,0,0.0363013940936103,0.00532299021046339,0
0,0,0.000901624554993426,0,0.00778559794927653,0,0,0,0.00568172089524748,0,0,0,0,0,0,0,0,0,0,0,0,0,0,0,0,0,0,0,0,0,0,0,0,0,0,0,4.23425847263182e-06,0,2.07756731512111e-06,0,0,0,0.000182994284172624,0,0,0,0,0,0.000128096032131486,0,0,0,0,0,0.00144331635604847,0,0.0125575810226917,0,0.0155486287522524,0,0.0235766597580101,0,0,0.000458601739232308,0,0,0,0,0,0,0,0,0,0.000396188367067413,0,0,0,0,0,2.888265955418e-06,0,5.69866493787534e-05,1.52429522229359e-06,0,0.0096210088065922,0,0
0,0,0,0.00292656588589874,0,0.187060435819331,0,0.00271290945714633,0,0,0,5.69528956840364e-05,0,0,0,0,0,0,0,0,0,0,0,0,0,0,0,0,0,0,0,0,0,0,0,0,0,0,0,0,0,0,0,0,0,0,0,0,0,0,0,0,0,0.0221019777356952,0,0,0,0.00466969268162167,0,3.76338186589282e-05,0,0,3.61669690843765e-05,0,0,0,0,0,0,0,0,0,0,0,0,0,0,0,0,0,0,0,1.5620211895795e-05,0,0.000901295444269849,0,0
0,0,0,0,0,0,0.0168303696994314,0,0,0,0,0,0,0,0,0,0,0,0,0,0,0,0,0,0,0,0,0,0,0,0,0,0,0,0,0,0,0,0,0,0,0,0,0,0,0,0,0,0,0,0,0,0,0,0,0,0.00328311437971697,0,0.00280966710473614,0,0,0,0,0,0,0,0,0,0,0,0,0,0,0,0,0,0,0,0,0,0,0,7.8300290565168e-05,2.53861034090121e-05,0,0,0
0,0,0,0,0,0.00615661969630319,0,0.0221336623885003,0,0,0,0.000264804199105129,0,7.17514558346011e-05,0,0,0,0,0,0,0,0,0,0,0,0,0,0,0,0,0,0,0,0,0,0,0,0,0,0,0,0,0,0,0,0,0,0,0,0,0,0.0221019777356952,0,0,0,0,0,0.00027633498968172,0,0.000193479732843116,0,0,0,0,0,0,0,0,0,0,0,0,0,0,0,0,0,0,0,0,0,0,0,0,0,0,0
0.0422364175079101,0,0.000163036243631115,0,0.00029720226721287,0,0,0,0.172493423987501,0,0,0,0,0,0.00423301758256177,0,0,0,0,0,0,0,0,0,0.0509534221896473,0,0,0,0,0,0,0,0,0,0,0,0,0,0.000163900147961535,0,0,0,0,0,0,0,0,0,0.000210764919386886,0,0.00144331635604847,0,0,0,0,0,0,0,0,0,0.00352171983375424,0,0,0,0,0,0,0.0105018962583144,0,0.000319847523750636,0,0,0,0.000212231132767841,0,0,0,0,0,0,0,0.000227258544887875,0,0,0.00281533077621863,0,0
0,0.0376155612823271,0,0.00032837035478505,0,0.0168170183070048,0,0,0,0.0864429649392875,0,0,0,0,0,0,0,0,0,0,0,0,0,0.000342964922310784,0,0,0,0,0,0,0,0,0,0,0,0,0,0,0,0,0,0.00084790506501723,0,0,0,0,0,0,0,0,0,0,0,0,0,0,0,0,0,0,0,0.000163491440791775,0,0,0,0,0,0,0,0,0,0,0,0,0,0,0,0,0,0,0,0,0.000231145589266758,0,0.00227544007228753,0.000147871611208879,0
0.000610785874232341,0,0.00482626708368593,0,0.000473879608952371,0,0.0200634164045765,0,0.000331768609819237,0,0.0742967303403095,0,2.12196073810511e-05,0,0.000424868526531119,0,0.000165018266141069,6.04169636675596e-06,0.00178574798232476,0,0.0386896179576413,0,0,0,0,0,0,0,0,0,0.00141924990593131,0,0,0,0,1.24574002626854e-05,0.000102987180578925,0,0.000605950540796378,0,0,3.74670818800386e-05,0.0275110726807155,0,0,0,0.000163375741071899,0,0.00611411267680662,0,0.0125575810226917,0,0.00328311437971697,0,0,0,0,0,0.0201867003800097,0,0.00314449238798305,0,0,0.0360404603157412,0,0,0,0,0,0,0,0.00246137967417875,0,0.0661896509407176,0,0,0,0,0,0.000159739015455201,0,0.00112882930176579,0.000500303575304804,0,0.0287293524485377,0,0.0025791662944498
0,1.3044256023784e-05,0,0.00270512386655625,0,0.0065328308663429,0,5.17974894387945e-05,0,0.000107732620732673,0,0.0614945111445215,0,0,0,0,3.48302164194484e-05,0,0.000270662594170455,0.000529308407241652,0,0,0,0,0,0,0,0,0,0.0117238328283055,0,0,0,0,0,0.000187351310110515,0,0.000145113044661874,8.57018653667148e-06,0.000156620935471964,0,0.0103566608312003,0,0.000915488318808999,0,0.00182958957931912,0,0,0,0.00113959662259668,0,0.00466969268162167,0,0.00027633498968172,0,0,0,0,0,0,0,0,0.00398522306552664,0,0,0,0,0,0,0,0.00779258897181356,0,0.0457560101059053,0,0,0,0,0,1.61439795865586e-06,0,0.000798053374514748,1.46032472545226e-05,6.01785827503268e-05,0,0.00972039000124548,0.000732431949221515,0
0,0,0.000461607189197675,0,0.00497638409362731,0,0.005227815447616,0,0,0,0.00294637508415944,0,0.00724265001668136,0,0.00619516333284228,0,0,0,0,0,0,0,0,0,0,0,0,0,0,0,0,0,0,0,0,0,1.13902930625683e-05,0,2.96237580549231e-05,0,0,0,0.000482612745741787,0,0,0,0,0,0.000733509599807242,0,0.0155486287522524,0,0.00280966710473614,0,0,0,0.0201867003800097,0,0,0,0.00939741112961273,0,0,0,0,0,0,0,0,6.01715999762011e-05,0,0.00938970066095489,0,0.00354077008101499,0,0,0,0,0,8.79333569263861e-06,0,0.000130247995447204,1.40580669789007e-05,0,0.00165375975627891,0,0
0,0,0,0.000586612884991191,0,0,0,0.0015535227916599,0,0,0,0,0,0.0293463896014843,0,0,0,0,0,0,0,0,0,0,0,0,0,0,0,0,0,0,0,0,0,0,0,0,0,0,0,0,0,0,0,0,0,0,0,0,0,3.76338186589282e-05,0,0.000193479732843116,0,0,0,0,0,0,0,0,0,0,0,0,0,0,0,0,0,0,0,0,0,0,0,0,0,0,0,0,0,0,9.72834027222497e-05,0,0
0,0,0.000133054165632345,0,0.00478621755827653,0,0,0,0.00447685309878884,0,0,0,0.000556214743465409,0,0.00129999696070039,0,0,0,0,0,0,0,0,0,5.57114947130326e-05,0,0,0,0,0,0,0,0,0,0,0,1.11639223900622e-06,0,4.92717227884676e-06,0,0,0,0.000901290794844177,0,0,0,0,0,0.00721898500996913,0,0.0235766597580101,0,0,0,0.00352171983375424,0,0.00314449238798305,0,0.00939741112961273,0,0,0,0,0,0,0,0,0,0,0.00126245616582481,0,0.00220379801344483,0,0.0105897830665177,0,0,0,0,0,0,0,3.21023519949539e-05,0,0,0.00184944917484184,0,0
0,0.0126633064293833,0,0,0,0,0,0,0,0.00215247444417294,0,0,0,0.000187869860383216,0,0.00118115506820994,0,0.00202377081478596,0,0,0,0,0,0,0,0.00101755091291788,0,0.000153387953238716,0,0,0,0,0,0,0,0,0,0,0,0,0,0,0,0,0,0,0,0,0,0,0,0,0,0,0,0.000163491440791775,0,0,0,0,0,0,0,0,0,0,0,0,0.00131116564410657,0,0,0,0,0,0,0,0,0,0,0,0,0,0,0,4.27060089871394e-05,0,0
0,0,0,0.000139910673879593,0,0.010485176975291,0,0,0,0,0,0.00202263602056024,0,0,0,0,0,0,0,0.0349045792500632,0,0,0,0,0,0,0,0,0,0,0,0,0,0,0,0.000961866033527604,0,0.00195889130393073,0,0.00160845144676061,0,0.0015575196263462,0,0.000244143647734012,0,0.0604437002941463,0,0,0,0.000155902766937398,0,3.61669690843765e-05,0,0,0,0,0,0.00398522306552664,0,0,0,0,0,0,0,0,0,0,0,0,0.000131679630369268,0,0.0126212978795647,0,0,0,0,0,0.00583990044969216,0,0.00108903816477774,0,8.25102289672445e-06,0,0.00952759408221609,0,0
5.74592101233798e-05,0,0.000869610790412109,0,0.000251212789804364,0,0,0,5.09150249966132e-05,0,0.000826220783084835,0,0,0,0,0,0.00100773795113794,0.000167955807951798,0.00662164417816023,0,0.0779184157677479,0,0,0,0,8.51401709728167e-05,0,0,0,0,0.000160587145601518,0,0,0,0,8.08382603010509e-06,0.00408822777729753,0,0.00274060079847599,6.08403510680142e-06,0.00246234260830962,8.86957082825578e-05,0.0168435404821575,0,0,0,0.0265401318784947,0,0.000165232219117045,0,0.000458601739232308,0,0,0,0,0,0.0360404603157412,0,0,0,0,0,0,0,0,0,0,0,0,0,0,2.65881147237903e-05,7.89140978740225e-06,0.0368739240650908,0,0,0,0,2.745317314933e-06,0.00884671127094977,1.93579588188617e-06,0.0103653446425544,0.000394634776603928,1.2629460806372e-06,0.0190597575216594,0,0.000793245696099818
0,0,0,0,0,0,0,0,0,0,0,0,0,0,0,0,5.40832859939563e-05,0.000307933648800912,0,0,0,0.0757425856926803,7.3606359091448e-05,0.00287799331252502,0,0.00062090556378553,0,0.00974473342875266,0,0,0,0,0,0,0,0,0,0.0021670585572695,0,0,0,0,0,0,0,0,0,0,0,0.00155746841206601,0,0,0,0,0,0,0,0,0,0,0,0,0,0,0,0,0.00913770334969458,0,0.00417298886902741,0,0.00302886796711761,0,4.85629076699308e-05,0,0,0,0,0,0,0,0.00995030711449448,0,0.000854914771387295,0,0,0,0
0,0,0,0,0,0,0,0,0,0,0,0,0,0,0,0,0.000901947722633002,0.000220621457474259,2.72530290361139e-05,0,0,0.000186152963707411,0.0770160797926175,0,0.00504312487699977,0,6.26277067351798e-05,0,0,0,0,0,0,0,0,0,0,0,0.00488125439082151,0,0,0,0,0,0,0,0,0,0.00669862478401508,0,0,0,0,0,0,0,0,0,0,0,0,0,0,0,0,0,0,0.00130270385239321,0,0.00371159334091277,0,0.000363877599285732,0,0,0,0,0,0,0,0,0,0.0144071783190832,0.000606363127938642,0.000199621530295029,0,0,0
0,0,0,0,0,0,0,0,0,0,0,0,0,0,0,0,0,0,0,0,0,0.00200636073052869,0,0.110960244155102,0,0.00840198657173223,0,0,0,0,0,0,0,0,0,0,0,0.000167605228549812,0,0,0,0,0,0,0,0,0,0,0,0.00773277937812853,0,0,0,0,0,0,0,0,0,0,0,0,0,0,0.00913770334969458,0,0,0,0,0,2.66817934679685e-05,0,0,0,0,0,0,0,0,0,0.00129250863701432,0,2.64816703974411e-05,0,0.000623578331809921,0,0
0,0,0,0,0,0,0,0,0.000181673126638384,0,0,0,0,0,0,0,0.00081344864800379,0.000615558391956792,9.50571006910761e-05,0,0,0,0.00369004234325159,0,0.09406197502451,0,0.00436481108306243,0,0,0,0,0,0,0,0,0,0,0,0.00506424313245808,0,0,0,0,0,0,0,0,0,0.0454652534934971,0,0,0,0,0,0.0105018962583144,0,0,0,0,0,0,0,0,0,0,0.00130270385239321,0,0,0,0.0508837162263252,0,0,0,0,0,0,0,0,0,0,0,0.008178090249769,8.79067385104776e-05,0,0,0,0
0,0,0,0,0,0,0,0,0,0,0,0,0,0,0,0.00500538496950179,0.000276032476884877,0.00528695880459668,0,0,0,0.000378173982572237,0.000114066854257757,0,0,0.0365229840683933,0,0.000458520026401735,0,0,0,0,0,0,0,0,0,0,0,0,0,1.69412058828406e-05,0,0,0,0,0,0,0,0.000759307851493066,0,0,0,0,0,0,0,0,0,0,0,0.00131116564410657,0,0,0.00417298886902741,0,0,0,0,0,0.00396445307571031,0,0,0,0,0,0,0,0,0,0,0,9.31311547656375e-06,0,0,0,0
0,0,0,0,0,0,0,0,0,0,0,0,0,0,0,0,0.000515356180713654,0,0,0,0,0,5.51065386389382e-05,0,0.0331916477664345,0,0.000575774231330566,0,0,0,0,0,0,0,0,0,0,0,0,0,0,0,0,0,0,0,0,0,0.00410674305690535,0,0,0,0,0,0.000319847523750636,0,0,0,6.01715999762011e-05,0,0.00126245616582481,0,0,0,0,0.00371159334091277,0,0.0508837162263252,0,0,0,0.000383683418650822,0,0,0,0,0,0,0,0,0,0,0,0,0,0,0
0,0,0,0.000126319383147075,0,0,0,0,0,0,0,0,0,0,0,0,0,0,1.465400595319e-05,0,0,0.00187464106091573,0,0,0,9.98826362774707e-05,0,0.011454400980769,0,4.9658596253721e-05,0,0,0,0,0,0,0,0.00062608013145787,0,0,0,0.000212074951482193,0,0,0,0.000197754972289159,0,0,0,0.0135080098075887,0,0,0,0,0,0,0,0.00779258897181356,0,0,0,0,0.000131679630369268,0,0.00302886796711761,0,2.66817934679685e-05,0,0.00396445307571031,0,0,0,0.00714234683456612,0,0,0,0,0,0,0,0.0087455486769092,0,1.78292348652611e-06,0,0.000438518413511293,0,0
0.00119700527924972,0,0,0,0,0,0,0,0,0,0,0,9.34430847229978e-06,0,0.000705134901317795,0,0,0,5.03710322822612e-06,0,0,0,2.72037928241294e-05,0,0,0,0,0,0.00166823660276975,0,0.00038185365947653,0,0,0,0,0,0,0,0.00017134425806044,0,0,0,0.000174612155908545,0,0,0,0,0,0.0011836385834754,0,0,0,0,0,0,0,0.00246137967417875,0,0.00938970066095489,0,0.00220379801344483,0,0,2.65881147237903e-05,0,0.000363877599285732,0,0,0,0.000383683418650822,0,0,0,0.0145254328713236,0,0,0,0,0,0,0,0.00859384255499781,1.1049948963995e-06,0,0.000396962118224131,0,0
0,0,0,0.0129142560016511,0,0.000947490117170378,0,0,0,0.000655285228629531,0,0.00183084983695602,0,0,0,0,0.000146910000393668,0.000111306427075056,0.00211553065760757,0.00156871621195076,0,0.00015117610177044,0,0,0,0,0,0.00344922680208238,0,0.0297480557044971,0,0,0,0,0,1.33409392845893e-05,0,0.000682166771977084,0,0.00334887187388357,0,0.0391278226167809,0.000145063609242388,0.0136025047054023,0,0.0122836698515519,0,0,0,0.00532248523561318,0,0,0,0,0,0,0,0.0457560101059053,0,0,0,0,0.0126212978795647,7.89140978740225e-06,4.85629076699308e-05,0,0,0,0,0,0.00714234683456612,0,0,0,0,0,0,0,0.000108943975887274,7.27656021251803e-06,0.0111085726703334,2.58564694410354e-05,0.000134278120739695,0,0.0227619271534954,0.0116636119260334,0
