0,0,0.121225387971596,0,0,0,0,0,0.182707350727514,0,0,0,0,0,0.125503040850163,0,0,0,0.304430038202554,0,0,0,0,0,0,0,0,0,0,0,0,0,0,0,0,0,0.380179762840271,0,0.376750548680623,0,0.482366462548574,0,0.272685808794839,0,0,0.261721402406693,0.306825742125511,0,0.179456461450936,0,0,0,0,0,0.216136326166716,0,0.340512179666095,0,0.167398975895984,0,0.152260903031268,0,0,0.317467786371708,0,0,0,0,0,0,0,0,0,0.353888231974382,0,0,0,0,0.350181341171265,0.386974893719236,0,0.418256078775112,0.215550880000843,0,0.212926899017983,0,0.299209117889404
0,0,0,0.139496618547501,0,0,0,0,0,0.223383509880228,0,0,0,0,0,0.168831869959831,0,0,0,0,0,0,0,0,0,0,0,0,0,0,0,0,0,0,0,0,0,0,0,0,0,0.212141832709312,0,0,0,0,0,0,0,0.248659138902475,0,0,0,0,0,0.215477761820607,0,0.310682028532028,0,0,0,0.184903879020665,0,0,0,0,0,0,0,0,0.354203462600708,0,0,0,0,0,0,0,0,0,0,0,0.143873231255845,0,0.231553610223226,0,0
0.121225387971596,0,0,0,0,0,0,0,0.117327049906765,0,0,0,0,0,0,0,0,0,0,0,0,0,0,0,0,0,0,0,0,0,0,0,0,0,0,0,0,0,0,0,0,0,0.259804381330808,0,0,0,0.234257650375366,0,0.110200246609747,0,0.195409715056419,0,0,0,0,0,0.248186043790869,0,0.203916475176811,0,0,0,0,0.234422326087952,0,0,0,0,0,0,0,0,0,0.301033277685444,0,0,0,0,0,0.318691521883011,0,0.321881979703903,0.171435300547343,0,0.18927097773162,0,0.236112031340599
0,0.139496618547501,0,0,0,0.161818587727714,0,0,0,0,0,0.185201540589333,0,0,0,0,0,0,0.26254011541605,0,0,0,0,0,0,0,0,0,0,0,0,0,0,0,0,0,0,0,0,0.281028219033033,0,0.268682422631599,0,0,0,0.277852776504698,0,0.298211447894573,0.281530663371086,0.272659819234501,0,0.16315335291295,0,0,0,0,0,0.263268530097875,0,0.164152503013611,0,0,0.251926150918007,0,0,0,0,0,0,0,0,0,0.30543738924047,0,0,0,0,0,0.314112798525737,0,0.375436849892139,0,0.211417710843899,0.163974775509401,0.227233800234519,0.25317523876826,0.254599153995514
0,0,0,0,0,0,0.123358101090964,0,0.182069842304502,0,0,0,0,0,0,0,0,0,0,0,0.205825678507487,0,0,0,0,0,0,0,0,0,0,0,0,0,0,0,0.19344331749848,0,0,0,0.219381719827652,0,0,0,0,0,0.232569391528765,0,0.225246532261372,0,0.177738183568562,0,0,0,0.178260377794504,0,0,0,0,0,0,0,0,0.239040506442198,0,0,0,0,0,0,0,0,0,0,0,0,0,0,0,0.218119073907534,0,0,0.163929451466276,0,0.214350906097227,0,0
0,0,0,0.161818587727714,0,0,0,0.183280597524396,0,0.178112377878278,0,0.206216151515643,0,0,0,0,0,0,0.263353817164898,0.218124948441982,0,0,0,0,0,0,0,0,0,0,0,0,0,0,0,0,0,0,0,0.267783400416374,0,0.258705052236716,0,0,0,0.260959163308144,0,0.255862027406693,0,0.256493260031161,0,0.173816943070391,0,0.134286228115811,0,0.185095837621978,0,0.240984588861465,0,0,0,0.175121366977692,0.279145123927217,0,0,0,0,0,0,0,0,0,0.296275323629379,0,0,0,0,0,0.287423551082611,0,0,0,0.163238703035841,0,0.228827245107719,0,0
0,0,0,0,0.123358101090964,0,0,0,0,0,0.144034832715988,0,0,0,0,0,0,0,0,0,0.201870508491993,0,0,0,0,0,0,0,0,0,0,0,0,0,0,0,0,0,0,0,0,0,0,0,0,0,0,0,0,0,0.120057006987433,0,0.235154742180411,0,0,0,0.23919016122818,0,0,0,0,0,0,0,0,0,0,0,0,0,0,0,0,0,0,0,0,0,0,0,0,0,0.141104214217352,0,0,0,0
0,0,0,0,0,0.183280597524396,0,0,0,0,0,0.178082651968272,0,0,0,0,0,0,0,0.191365289102708,0,0,0,0,0,0,0,0,0,0,0,0,0,0,0,0,0,0,0,0,0,0,0,0,0,0,0,0,0,0,0,0,0,0.168310073095483,0,0,0,0.193829612806439,0,0.165307573025877,0,0,0.185322449480494,0,0,0,0,0,0,0,0,0,0,0,0,0,0,0,0,0,0,0,0.120851049835191,0,0,0,0
0.182707350727514,0,0.117327049906765,0,0.182069842304502,0,0,0,0,0,0,0,0,0,0.209211538180157,0,0.185514722193513,0.167871989701924,0.228343285620213,0,0,0,0.17999279499054,0,0.22037737993967,0,0.162965860055841,0,0,0,0,0,0,0,0,0,0,0,0.292963808106485,0,0,0,0,0,0,0,0,0,0.26841900092137,0,0,0,0,0,0.228634989340208,0,0,0,0,0,0.189012231429418,0,0,0,0,0.200898552934329,0,0.209174187610979,0,0.173845759696431,0,0,0,0,0,0,0,0,0,0,0,0.293463948250606,0.187108928359607,0,0.237990833525405,0,0
0,0.223383509880228,0,0,0,0.178112377878278,0,0,0,0,0,0,0,0,0,0.14715907403401,0.2042109866937,0.203838553632238,0.274891672035058,0,0,0.196761940916379,0,0.201746091246605,0,0.138225357358654,0,0,0,0,0,0,0,0,0,0,0,0,0,0,0,0.205151459574699,0,0,0,0,0,0,0,0.271417286247015,0,0,0,0,0,0.242017279831724,0,0,0,0,0,0.209115825593472,0,0,0,0,0.192045795917511,0,0.228322525819143,0,0,0,0,0,0,0,0,0,0.343940421938896,0,0.155282032489777,0,0.17465017647516,0,0.182608907221146,0.168241500854492,0
0,0,0,0,0,0,0.144034832715988,0,0,0,0,0,0.153491497852586,0,0,0,0,0,0.360196158289909,0,0.159565523114047,0,0,0,0,0,0,0,0,0,0.228856713477387,0,0,0,0,0,0.137379609337709,0,0.155892219760011,0,0.315359085798264,0,0,0,0,0,0.258183980360627,0,0,0,0,0,0,0,0,0,0.192777606981081,0,0.181350277817768,0,0,0,0,0.239074098440887,0,0,0,0,0,0,0,0,0,0.296011391701629,0,0,0,0,0.346430659294128,0.223850165804227,0,0.147205943862597,0.143461840146262,0,0.291627138853073,0,0
0,0,0,0.185201540589333,0,0.206216151515643,0,0.178082651968272,0,0,0,0,0,0.151139797642827,0,0,0,0,0,0.152307339429439,0,0,0,0,0,0,0,0,0,0.167794686097365,0,0,0,0,0,0.158458082626263,0,0.148360999690932,0,0.289657294750214,0,0,0,0.359722822904587,0,0.294818954542279,0,0,0,0.2915218770504,0,0.180313065648079,0,0.149525395035744,0,0,0,0.225194343818344,0,0.141849912703037,0,0,0.24279798189799,0,0,0,0,0,0,0,0,0,0.241008375570028,0,0,0,0,0,0.319473162293434,0,0.159696658475242,0,0.156527095618322,0,0.298551643336261,0,0
0,0,0,0,0,0,0,0,0,0,0.153491497852586,0,0,0,0.152982312653746,0,0,0,0,0,0,0,0,0,0,0,0,0,0,0,0,0,0,0,0,0,0,0,0,0,0,0,0,0,0,0,0,0,0,0,0,0,0,0,0,0,0.158844569734499,0,0.183994709959497,0,0,0,0,0,0,0,0,0,0,0,0,0,0,0,0,0,0,0,0,0,0,0,0,0,0,0,0
0,0,0,0,0,0,0,0,0,0,0,0.151139797642827,0,0,0,0.166964907199144,0,0,0,0,0,0,0,0,0,0,0,0.233647998037009,0,0,0,0,0,0,0,0,0,0,0,0,0,0,0,0,0,0,0,0,0,0,0,0,0,0,0,0,0,0.182166204920837,0,0.175830272384561,0,0,0,0,0,0,0,0,0,0,0.240533460532465,0,0,0,0,0,0,0,0,0,0,0,0.141092821955681,0,0,0,0
0.125503040850163,0,0,0,0,0,0,0,0.209211538180157,0,0,0,0.152982312653746,0,0,0,0.162025018749942,0.159647514422735,0,0,0,0,0,0,0,0,0.150350019128786,0,0,0,0,0,0,0,0,0,0,0,0,0,0,0,0,0,0,0,0,0,0,0,0,0,0,0,0.20482041562597,0,0,0,0,0,0.164862426463515,0,0,0,0,0,0,0,0,0.151794388890266,0,0,0,0,0,0,0,0,0,0,0,0,0.177545795404671,0,0,0,0
0,0.168831869959831,0,0,0,0,0,0,0,0.14715907403401,0,0,0,0.166964907199144,0,0,0.164665684103966,0.14151740539194,0,0,0,0,0,0,0,0.138523427769542,0,0,0,0,0,0,0,0,0,0,0,0,0,0,0,0,0,0,0,0,0,0,0,0,0,0,0,0,0,0.154165964435648,0,0,0,0.171101175925948,0,0.173803652845212,0,0,0,0,0,0,0.142988957464695,0,0,0,0,0,0,0,0,0,0,0,0,0,0.143393207929636,0,0,0,0
0,0,0,0,0,0,0,0,0.185514722193513,0.2042109866937,0,0,0,0,0.162025018749942,0.164665684103966,0,0.164489783578168,0.286305577286144,0,0.305130183696747,0.162265907227993,0.126849621759271,0.166059764368194,0.174157166905911,0.17741234973073,0.143509067992091,0,0,0,0,0,0,0,0,0.263063609600067,0.34941476782163,0,0.318775782982508,0.295369254820275,0.301705102125804,0.261597652094705,0.257438589834561,0.272371394293649,0,0.272000080595414,0.292043468173669,0,0,0,0,0,0,0,0,0,0.306616988778114,0.318969503045082,0,0,0.177082034093993,0,0.277947772632946,0.289716260902809,0,0.12972675752269,0,0,0.207428941503167,0.148806904991641,0,0,0.351659849286079,0.326460532451931,0,0,0,0,0.315509697229698,0.333144725199454,0.362312310934067,0.347459615429038,0.207925226957763,0.19980810019705,0.29412921200342,0.275369036197662,0.256049234816369
0,0,0,0,0,0,0,0,0.167871989701924,0.203838553632238,0,0,0,0,0.159647514422735,0.14151740539194,0.164489783578168,0,0.26393492805107,0,0,0.153291733992232,0.158437003691991,0.184166349721759,0.171250305573146,0.148109462818633,0.160293683409691,0.159779758846506,0,0,0,0,0,0,0,0.328556418418884,0.309452280402184,0,0.325141191482544,0.281126272727232,0.287287229841406,0.247120237091313,0.261566610950412,0.276117097586393,0,0.260021526189077,0.283035116351169,0,0,0.233444917947054,0,0,0,0,0,0,0.275315552949905,0.262715727090836,0,0,0.153176933526993,0.220894508387731,0.284049038703625,0.286640441843442,0.151684294972155,0,0.169207852333784,0,0.160329181815291,0.157955597747456,0,0,0.313797871271769,0.309033453464508,0,0,0,0,0.295161584510079,0.32513706372163,0.342968771234155,0.336771552499972,0.182936660630516,0.183297143686676,0.301214395899965,0.258637854927465,0.256714241071181
0.304430038202554,0,0,0.26254011541605,0,0.263353817164898,0,0,0.228343285620213,0.274891672035058,0.360196158289909,0,0,0,0,0,0.286305577286144,0.26393492805107,0,0,0.424269100030263,0.242002121276326,0.221788749098778,0.203696995973587,0.243090222279231,0.257965882187304,0.271358940005302,0,0,0,0,0,0,0,0,0.347375741726916,0.357591867446899,0.360398449003696,0.371850850490423,0.306418129576219,0.311683758396686,0.230783874357123,0.234275811423143,0.367123677608479,0,0.290077067561598,0.308047405966168,0.21759244799614,0.249591708183289,0.234975239528077,0.251255959272385,0,0,0,0,0,0.330086198768445,0.375244544055618,0.258793443441391,0,0.182765021920204,0.270218953490257,0.299107361028888,0.298899519507603,0.248779252171516,0.270185917615891,0,0,0.279941532196421,0.256338202140548,0,0,0.376292576636538,0.356075070548856,0,0,0,0,0.339033286709716,0.351793660997824,0.412587242565819,0.367614081777469,0.234787690823185,0.207171688477198,0.324774597132395,0.229383621495544,0.243648323653774
0,0,0,0,0,0.218124948441982,0,0.191365289102708,0,0,0,0.152307339429439,0,0,0,0,0,0,0,0,0,0,0,0,0,0,0,0,0,0,0,0,0,0,0,0.158792801692436,0,0.135533819976104,0,0.23715415596962,0,0,0,0,0,0.224542549374152,0,0.245856155951818,0.235633904735247,0.245966254518582,0,0,0,0,0,0,0,0.329483055571715,0,0,0,0,0.205472364378098,0,0,0,0,0,0,0,0,0,0.386371802538633,0,0,0,0,0,0.202767591059251,0,0.250580055965591,0,0.126291486694187,0,0.174902345079022,0,0
0,0,0,0,0.205825678507487,0,0.201870508491993,0,0,0,0.159565523114047,0,0,0,0,0,0.305130183696747,0,0.424269100030263,0,0,0,0,0,0,0,0,0,0,0,0,0,0,0,0,0,0.159735013246047,0,0.194343951929893,0.370937526226044,0.184279650449753,0.385061502456665,0.266244113445282,0,0,0,0.245183517083977,0.229462713003159,0.208680927753448,0,0.234964339327337,0,0,0,0,0,0.160850198264571,0,0,0,0,0,0,0.248851063854331,0,0,0,0,0,0,0,0,0,0.306695342063904,0,0,0,0,0,0.186333915793981,0,0.251479922829707,0.249316115464483,0,0.246886081233317,0,0.416498869657516
0,0,0,0,0,0,0,0,0,0.196761940916379,0,0,0,0,0,0,0.162265907227993,0.153291733992232,0.242002121276326,0,0,0,0.109950021153591,0.150005834885672,0,0.13732927331799,0,0.151376177820395,0,0,0,0,0,0,0,0,0,0.217820216915374,0.14014888639961,0,0,0,0,0,0,0,0,0,0,0.3214146720952,0,0,0,0,0,0,0,0,0,0,0,0,0,0,0.183743329284274,0,0,0,0.152372010052204,0,0.141664947900507,0,0,0,0,0,0.19383430480957,0,0,0,0.203562300192983,0.140852752786416,0.140446464803299,0.145876193972858,0.402641495068868,0,0
0,0,0,0,0,0,0,0,0.17999279499054,0,0,0,0,0,0,0,0.126849621759271,0.158437003691991,0.221788749098778,0,0,0.109950021153591,0,0,0.164748128483204,0,0.131495973996578,0,0.134658838231717,0,0,0,0,0,0,0,0,0,0.215437457410584,0,0,0,0,0,0,0,0,0,0.307221683090632,0,0,0,0,0,0,0,0,0,0,0,0,0,0,0,0.118897532946185,0.211388871541271,0,0.256536036412767,0,0.346505750366982,0,0.191978949037465,0,0,0,0,0,0,0.305942386388779,0,0,0.163513970710498,0.132845589975742,0.146457354538143,0.30369845123002,0,0
0,0,0,0,0,0,0,0,0,0.201746091246605,0,0,0,0,0,0,0.166059764368194,0.184166349721759,0.203696995973587,0,0,0.150005834885672,0,0,0,0.139392038637942,0,0,0,0,0,0,0,0,0,0,0,0.230878602850642,0,0,0,0,0,0,0,0,0,0,0,0.290469910949469,0,0,0,0,0,0.188056505990751,0,0,0,0,0,0,0,0,0.226159299121184,0,0.173451010356931,0,0.146221950650215,0,0,0,0,0,0,0,0.285891691843669,0,0,0,0.202592592948192,0,0.163173765666159,0.180583528601206,0.260707320705537,0,0
0,0,0,0,0,0,0,0,0.22037737993967,0,0,0,0,0,0,0,0.174157166905911,0.171250305573146,0.243090222279231,0,0,0,0.164748128483204,0,0,0,0.160557878017426,0,0,0,0,0,0,0,0,0,0,0,0.224461426816446,0,0,0,0.336787134408951,0,0,0,0.267040938138962,0,0.299743518854181,0,0,0,0,0,0.201563941667209,0,0,0,0,0,0,0,0,0,0,0.170158168673515,0,0.223525224862361,0,0.165595716238022,0,0,0,0,0,0,0,0,0,0,0,0.202247372543325,0.163538928590299,0,0.275507888596529,0,0
0,0,0,0,0,0,0,0,0,0.138225357358654,0,0,0,0,0,0.138523427769542,0.17741234973073,0.148109462818633,0.257965882187304,0,0,0.13732927331799,0,0.139392038637942,0,0,0,0.147449979186058,0,0,0,0,0,0,0,0,0,0,0,0,0,0,0,0,0,0.238139405846596,0.319173604249954,0,0,0,0,0,0,0,0,0.18055438498656,0,0,0,0,0,0.232690528035164,0,0,0,0,0,0,0.130204686770837,0,0,0,0,0,0,0,0,0,0,0,0,0,0.139247491144102,0,0,0,0
0,0,0,0,0,0,0,0,0.162965860055841,0,0,0,0,0,0.150350019128786,0,0.143509067992091,0.160293683409691,0.271358940005302,0,0,0,0.131495973996578,0,0.160557878017426,0,0,0,0.116937372088432,0,0,0,0,0,0,0,0,0,0,0,0,0,0,0,0,0,0,0,0,0,0,0,0,0,0.149582721038975,0,0,0,0.148729491978884,0,0,0,0,0,0,0.132253581827337,0,0.160590906937917,0,0.150282608611243,0,0.134615946561098,0,0,0,0,0,0,0.280213862657547,0.307296216487885,0,0,0.151039923426553,0.168262742459774,0,0,0
0,0,0,0,0,0,0,0,0,0,0,0,0,0.233647998037009,0,0,0,0.159779758846506,0,0,0,0.151376177820395,0,0,0,0.147449979186058,0,0,0,0.149638550281525,0,0,0,0,0,0,0,0.211776339582035,0,0,0,0,0,0,0,0,0,0,0,0,0,0,0,0,0,0,0,0.141063143093234,0,0.245430036847081,0,0,0,0,0,0,0,0,0,0,0.178768770259892,0,0.160146469120369,0,0,0,0,0,0,0,0.241155163789133,0,0.169789307032313,0.166961043540921,0,0,0
0,0,0,0,0,0,0,0,0,0,0,0,0,0,0,0,0,0,0,0,0,0,0.134658838231717,0,0,0,0.116937372088432,0,0,0,0.145733248194059,0,0,0,0,0,0,0,0.184865316464787,0,0,0,0,0,0,0,0,0,0,0,0,0,0,0,0,0,0,0,0,0,0,0,0,0,0,0.144606898228327,0,0,0,0,0,0.187599386301744,0,0,0,0,0,0,0,0,0,0.184550000675793,0,0,0,0,0
0,0,0,0,0,0,0,0,0,0,0,0.167794686097365,0,0,0,0,0,0,0,0,0,0,0,0,0,0,0,0.149638550281525,0,0,0,0,0,0,0,0,0,0.182603475451469,0,0,0,0,0,0,0,0,0,0,0,0,0,0,0,0,0,0,0,0.146491165398746,0,0,0,0,0,0,0,0,0,0,0,0,0,0,0.239262687431281,0,0,0,0,0,0,0,0.189481246285141,0,0.172916226488139,0,0,0,0
0,0,0,0,0,0,0,0,0,0,0.228856713477387,0,0,0,0,0,0,0,0,0,0,0,0,0,0,0,0,0,0.145733248194059,0,0,0,0,0,0,0,0,0,0.181541159749031,0,0,0,0,0,0,0,0.285604774951935,0,0,0,0,0,0,0,0,0,0.28822031413967,0,0,0,0,0,0,0.297855913639069,0,0,0,0,0,0,0,0.153032976202667,0,0.222672298940689,0,0,0,0,0,0.277864774068197,0,0.145813714712858,0,0.188456815977891,0.284875065088272,0,0
0,0,0,0,0,0,0,0,0,0,0,0,0,0,0,0,0,0,0,0,0,0,0,0,0,0,0,0,0,0,0,0,0.3214039039934,0,0.168994162231684,0.150931584922706,0.163171167373657,0,0,0,0,0,0,0,0,0,0,0.554703064339677,0,0.329815357923508,0,0,0,0,0,0,0,0,0,0,0,0,0,0,0,0,0,0,0,0,0,0,0,0,0.344187944403544,0.331012523842647,0.311889732354566,0.213859779760242,0.38682717941292,0.437816529472669,0,0,0.260024011902073,0,0,0,0
0,0,0,0,0,0,0,0,0,0,0,0,0,0,0,0,0,0,0,0,0,0,0,0,0,0,0,0,0,0,0,0.3214039039934,0,0,0,0.159960404038429,0.168001747060202,0,0,0,0,0,0,0,0,0,0,0.478280680282467,0.448825776576996,0,0,0,0,0,0,0,0,0,0,0,0,0,0,0,0,0,0,0,0,0,0,0,0,0,0.302505593222031,0.438973420765251,0.338807863347671,0.486056414856152,0,0.376929700741989,0,0,0.2763063422033,0,0,0,0
0,0,0,0,0,0,0,0,0,0,0,0,0,0,0,0,0,0,0,0,0,0,0,0,0,0,0,0,0,0,0,0,0,0,0.228519915363376,0.15213513090497,0,0.275403230003342,0.197125985721747,0,0,0,0,0,0,0,0,0.473135944135489,0.396772474050522,0.452152713455937,0,0,0,0,0,0,0,0,0,0,0,0,0,0,0,0,0,0,0,0,0,0,0,0,0.363638993066091,0,0.220901591035661,0.229268062024693,0.162370866391717,0,0.246417351612231,0.188740260460797,0.266811945450596,0,0,0,0
0,0,0,0,0,0,0,0,0,0,0,0,0,0,0,0,0,0,0,0,0,0,0,0,0,0,0,0,0,0,0,0.168994162231684,0,0.228519915363376,0,0,0.155102965903693,0.320505986719028,0.182472275241333,0,0,0,0,0,0,0,0,0.408608808162777,0.532796382904053,0,0,0,0,0,0,0,0,0,0,0,0,0,0,0,0,0,0,0,0,0,0,0,0,0,0.36078567802906,0.461669463535835,0.285854767038398,0.295953185906239,0,0.172394816471443,0,0.191236519663903,0.209530608759676,0,0,0,0
0,0,0,0,0,0,0,0,0,0,0,0.158458082626263,0,0,0,0,0.263063609600067,0.328556418418884,0.347375741726916,0.158792801692436,0,0,0,0,0,0,0,0,0,0,0,0.150931584922706,0.159960404038429,0.15213513090497,0,0,0.154487190741128,0.179524225750929,0,0.344903253018856,0.370428875088692,0.318232979792268,0,0.432251405715942,0,0.245628506944166,0,0.263852636864845,0,0.298449116945267,0,0,0,0,0,0,0,0.219943093135953,0,0,0,0,0.191455077259771,0,0,0,0,0,0,0,0,0,0,0,0.257323744672316,0,0.201208114624023,0,0.220209127039705,0.170108953723684,0.24049650658101,0,0.185562883720488,0.230941359485899,0.278422564268112,0.326890651881695,0
0.380179762840271,0,0,0,0.19344331749848,0,0,0,0,0,0.137379609337709,0,0,0,0,0,0.34941476782163,0.309452280402184,0.357591867446899,0,0.159735013246047,0,0,0,0,0,0,0,0,0,0,0.163171167373657,0.168001747060202,0,0.155102965903693,0.154487190741128,0,0,0.172753512436499,0.368049874901772,0.288051606155932,0.303511122862498,0.329863981500159,0,0,0.318633258342743,0.302241103668319,0.290278021544218,0.258549602031708,0.237469730632646,0.253322596351306,0,0,0,0,0,0.166140847481214,0.336995303630829,0,0,0,0,0.37251290678978,0.245877838182834,0,0,0,0,0,0,0,0,0,0.344070768782071,0.219884872436523,0.220835229470616,0,0.15398578991227,0.379768706858158,0.216240974184441,0,0.256100008841535,0.183897570607929,0.176464754454328,0.301689639786879,0,0.357522048448261
0,0,0,0,0,0,0,0,0,0,0,0.148360999690932,0,0,0,0,0,0,0.360398449003696,0.135533819976104,0,0.217820216915374,0,0.230878602850642,0,0,0,0.211776339582035,0,0.182603475451469,0,0,0,0.275403230003342,0.320505986719028,0.179524225750929,0,0,0.154258936490506,0.296945452690125,0,0.3669273853302,0,0.431041359901428,0,0.31779807806015,0,0.636685015184098,0,0.41553870089582,0,0,0,0,0,0.236135198601655,0,0.161023137537209,0,0,0,0,0.132009451331631,0,0.210809426100691,0,0.273098273934989,0,0,0,0.180969885230064,0,0.151771515607834,0,0,0,0.319720785484436,0,0.235412759440785,0,0.229032029058479,0.178402376329077,0.177484891210873,0.125102618502246,0.29797558901848,0,0
0.376750548680623,0,0,0,0,0,0,0,0.292963808106485,0,0.155892219760011,0,0,0,0,0,0.318775782982508,0.325141191482544,0.371850850490423,0,0.194343951929893,0.14014888639961,0.215437457410584,0,0.224461426816446,0,0,0,0.184865316464787,0,0.181541159749031,0,0,0.197125985721747,0.182472275241333,0,0.172753512436499,0.154258936490506,0,0,0.31621515750885,0.476295620203018,0.252267700852826,0.441045939922333,0,0,0.300263624389966,0.60076029740077,0.41912210844516,0,0.287409991025925,0,0,0,0.306158854828581,0,0.203938506543636,0,0,0,0,0,0,0.24011808798357,0.136952294753148,0.310215766915304,0,0.265940539362515,0,0,0,0.190710157155991,0,0.152529244621595,0,0,0.207402812746855,0.178465729590096,0.325624883174896,0.24258149920308,0.157548770822328,0.234600788732702,0.194352782511217,0.118804125736157,0.436788794105453,0,0.449521690607071
0,0,0,0.281028219033033,0,0.267783400416374,0,0,0,0,0,0.289657294750214,0,0,0,0,0.295369254820275,0.281126272727232,0.306418129576219,0.23715415596962,0.370937526226044,0,0,0,0,0,0,0,0,0,0,0,0,0,0,0.344903253018856,0.368049874901772,0.296945452690125,0,0,0.335258682258427,0.299791007064611,0.280978187918663,0.389793064143207,0,0.24005540036579,0.321827548742294,0.373794002101776,0.244819350540638,0.241000568196399,0.304903090000153,0.27016282081604,0,0,0,0,0.326900492111842,0.293983871738116,0,0,0,0,0.302147391049758,0.316876840378557,0,0,0,0,0,0,0,0,0.314796126913279,0.327243441885168,0,0,0,0,0.253588459568595,0.360248269306289,0.308786206554483,0.34659648255298,0.2904980405419,0,0.297133204840702,0.277250305427746,0.267298123240471
0.482366462548574,0,0,0,0.219381719827652,0,0,0,0,0,0.315359085798264,0,0,0,0,0,0.301705102125804,0.287287229841406,0.311683758396686,0,0.184279650449753,0,0,0,0,0,0,0,0,0,0,0,0,0,0,0.370428875088692,0.288051606155932,0,0.31621515750885,0.335258682258427,0,0.280524846823776,0.269283913427757,0.310613334178925,0.300970733165741,0.335965028830937,0.286890270762474,0.25109851360321,0.254883939251111,0,0.253619604877063,0,0,0,0,0,0.259551493891261,0,0,0,0,0,0.325358837842941,0.269961333368461,0,0,0,0,0,0,0,0,0.3668113052845,0.294286100112874,0,0,0,0,0.347992839557784,0.289797782167783,0.390825539827347,0.340374281277528,0.3098908020657,0.294429957866669,0.294612058290008,0,0.377176881813612
0,0.212141832709312,0,0.268682422631599,0,0.258705052236716,0,0,0,0.205151459574699,0,0,0,0,0,0,0.261597652094705,0.247120237091313,0.230783874357123,0,0.385061502456665,0,0,0,0,0,0,0,0,0,0,0,0,0,0,0.318232979792268,0.303511122862498,0.3669273853302,0.476295620203018,0.299791007064611,0.280524846823776,0,0.241099389920221,0.308315206398355,0,0.266598862205815,0.257600484438884,0.328304909701858,0.254485070705414,0.302973942884089,0,0,0,0,0,0,0.262926290432612,0.336482190728536,0,0,0,0,0.343608753472823,0.283094383203066,0,0,0,0,0,0,0,0,0.320658207924498,0.297996625304222,0,0,0,0,0.292773083623741,0.324613119357998,0.329258777201176,0.33076407512029,0.23917072001295,0,0.30675758453206,0.218190945057118,0.230394895374775
0.272685808794839,0,0.259804381330808,0,0,0,0,0,0,0,0,0,0,0,0,0,0.257438589834561,0.261566610950412,0.234275811423143,0,0.266244113445282,0,0,0,0.336787134408951,0,0,0,0,0,0,0,0,0,0,0,0.329863981500159,0,0.252267700852826,0.280978187918663,0.269283913427757,0.241099389920221,0,0,0,0.256248593330383,0.288180672329635,0.396924386061535,0.297442103256571,0,0.257582070196376,0,0,0,0,0,0.311417067500507,0,0,0,0.239667072892189,0,0.292737083775657,0.315210104786924,0,0,0,0,0,0,0,0.345750053723653,0.326369971036911,0.341852615851394,0,0,0,0.413276106119156,0.296985601820052,0.320009805129978,0.328381861249606,0.351330675533162,0.266096778231774,0.293866686522961,0.268634306248626,0.200065160791079,0.238345318595526
0,0,0,0,0,0,0,0,0,0,0,0.359722822904587,0,0,0,0,0.272371394293649,0.276117097586393,0.367123677608479,0,0,0,0,0,0,0,0,0,0,0,0,0,0,0,0,0.432251405715942,0,0.431041359901428,0.441045939922333,0.389793064143207,0.310613334178925,0.308315206398355,0,0,0,0.281743369996548,0.319496207767063,0,0,0.317686882615089,0,0,0,0,0,0,0,0.425562648073075,0,0,0,0,0.304896078649021,0.324840396642685,0,0,0,0,0,0,0,0,0.434535615283287,0,0,0,0,0,0.434572381480935,0.360316943377256,0.506071680724019,0.326199918985367,0.332870030178214,0,0.450968353405143,0.355323547124863,0
0,0,0,0,0,0,0,0,0,0,0,0,0,0,0,0,0,0,0,0,0,0,0,0,0,0,0,0,0,0,0,0,0,0,0,0,0,0,0,0,0.300970733165741,0,0,0,0,0,0.342712908983231,0,0,0,0,0,0,0,0,0,0,0,0,0,0,0,0,0,0,0,0,0,0,0,0,0,0,0,0,0,0,0,0,0.285779893398285,0.216204211115837,0,0.289983481168747,0,0.185493215918541,0,0
0.261721402406693,0,0,0.277852776504698,0,0.260959163308144,0,0,0,0,0,0.294818954542279,0,0,0,0,0.272000080595414,0.260021526189077,0.290077067561598,0.224542549374152,0,0,0,0,0,0.238139405846596,0,0,0,0,0,0,0,0,0,0.245628506944166,0.318633258342743,0.31779807806015,0,0.24005540036579,0.335965028830937,0.266598862205815,0.256248593330383,0.281743369996548,0,0,0.309925824403763,0.242170780897141,0.236680888703891,0.243391948537185,0,0.231026291847229,0,0,0,0,0.279056936502457,0.337872064932221,0,0,0,0,0.260887304530828,0.316372911135356,0,0,0,0,0,0,0,0,0.360215069027618,0,0,0,0,0,0.272016862295245,0.347846186973832,0.359437828957596,0.333543900932585,0.263471093963594,0,0.271069459705485,0.271601915359497,0.224910870194435
0.306825742125511,0,0.234257650375366,0,0.232569391528765,0,0,0,0,0,0.258183980360627,0,0,0,0,0,0.292043468173669,0.283035116351169,0.308047405966168,0,0.245183517083977,0,0,0,0.267040938138962,0.319173604249954,0,0,0,0,0.285604774951935,0,0,0,0,0,0.302241103668319,0,0.300263624389966,0.321827548742294,0.286890270762474,0.257600484438884,0.288180672329635,0.319496207767063,0.342712908983231,0.309925824403763,0,0.243706023693085,0.25201239460899,0.240997232496738,0.259992327760248,0,0,0,0,0,0.274045704218918,0.321755111217499,0,0,0,0,0.312401413917542,0.305521352438621,0,0,0,0,0,0,0,0.315951362252235,0.32451041870647,0.303469332373121,0,0.251756310462952,0,0,0.328606489583524,0.288848211324847,0.364264473319054,0.311660762501414,0.318037530796868,0.323126029968262,0.320511608618371,0.25142671593598,0.291393218768968
0,0,0,0.298211447894573,0,0.255862027406693,0,0,0,0,0,0,0,0,0,0,0,0,0.21759244799614,0.245856155951818,0.229462713003159,0,0,0,0,0,0,0,0,0,0,0.554703064339677,0.478280680282467,0.473135944135489,0.408608808162777,0.263852636864845,0.290278021544218,0.636685015184098,0.60076029740077,0.373794002101776,0.25109851360321,0.328304909701858,0.396924386061535,0,0,0.242170780897141,0.243706023693085,0,0.442531446651624,0.391169954726846,0.220753747224808,0,0,0,0,0,0.246824145317078,0.311792075634003,0,0,0,0,0,0.241393910987037,0,0,0,0,0,0,0,0,0.340745866298676,0.31733438372612,0.492705420964252,0.462401457181225,0.439108730623899,0.485977659777838,0.373402839561599,0.443913609835282,0.31098540440986,0.226130748126242,0.428087913270864,0,0.571429046499022,0,0
0.179456461450936,0,0.110200246609747,0.281530663371086,0.225246532261372,0,0,0,0.26841900092137,0,0,0,0,0,0,0,0,0,0.249591708183289,0.235633904735247,0.208680927753448,0,0.307221683090632,0,0.299743518854181,0,0,0,0,0,0,0,0.448825776576996,0.396772474050522,0.532796382904053,0,0.258549602031708,0,0.41912210844516,0.244819350540638,0.254883939251111,0.254485070705414,0.297442103256571,0,0,0.236680888703891,0.25201239460899,0.442531446651624,0,0.202122278511524,0.247891518916633,0,0,0,0.278292786027934,0,0.247383633573704,0,0.199269358773489,0,0.199189759217776,0,0.294220715761185,0.240707774636566,0,0.319379278132017,0,0.275708079338074,0,0.249616830201631,0,0.299564717213313,0,0.258613479137421,0.457385003566742,0.354166127741337,0.465763986110687,0.421021823553329,0.28990663588047,0.305569403537217,0.369194775819778,0.295335541616249,0.375649142855157,0,0.299905026136645,0,0.276996657252312
0,0.248659138902475,0,0.272659819234501,0,0.256493260031161,0,0,0,0.271417286247015,0,0.2915218770504,0,0,0,0,0,0.233444917947054,0.234975239528077,0.245966254518582,0,0.3214146720952,0,0.290469910949469,0,0,0,0,0,0,0,0.329815357923508,0,0.452152713455937,0,0.298449116945267,0.237469730632646,0.41553870089582,0,0.241000568196399,0,0.302973942884089,0,0.317686882615089,0,0.243391948537185,0.240997232496738,0.391169954726846,0.202122278511524,0,0.225447982549667,0.266457974910736,0,0,0,0.251710492718433,0,0.316718344680137,0,0.293409079313278,0,0.200901350937784,0.28529886656428,0,0.285541946689288,0,0.270684173330665,0,0.194015016158422,0,0.262460242956877,0,0.297381542573701,0,0.306172609329224,0,0.442048519849777,0,0.270215905736421,0,0.315846998796419,0.287765681743622,0.276463616051172,0,0.312591564396896,0.250906563230923,0
0,0,0.195409715056419,0,0.177738183568562,0,0.120057006987433,0,0,0,0,0,0,0,0,0,0,0,0.251255959272385,0,0.234964339327337,0,0,0,0,0,0,0,0,0,0,0,0,0,0,0,0.253322596351306,0,0.287409991025925,0.304903090000153,0.253619604877063,0,0.257582070196376,0,0,0,0.259992327760248,0.220753747224808,0.247891518916633,0.225447982549667,0,0,0.132766127586365,0,0,0,0.239644673187286,0,0.214514450232188,0,0,0,0,0.276738663144856,0,0,0,0,0,0,0,0,0,0.287102654576302,0,0,0,0.304679572582245,0,0.246660328225086,0,0.320583574473858,0.188582245361161,0,0.24035483347034,0,0.226050421595573
0,0,0,0.16315335291295,0,0.173816943070391,0,0,0,0,0,0.180313065648079,0,0,0,0,0,0,0,0,0,0,0,0,0,0,0,0,0,0,0,0,0,0,0,0,0,0,0,0.27016282081604,0,0,0,0,0,0.231026291847229,0,0,0,0.266457974910736,0,0,0,0,0,0.187293368577957,0,0,0,0,0,0.172136555115382,0,0,0,0,0,0,0,0,0,0,0.288323730230331,0,0,0,0,0,0.37587097287178,0,0,0,0.262754142284393,0,0.19195328037376,0,0
0,0,0,0,0,0,0.235154742180411,0,0,0,0,0,0,0,0,0,0,0,0,0,0,0,0,0,0,0,0,0,0,0,0,0,0,0,0,0,0,0,0,0,0,0,0,0,0,0,0,0,0,0,0.132766127586365,0,0,0,0,0,0.240129479158546,0,0,0,0,0,0,0,0,0,0,0,0,0,0,0,0,0,0,0,0,0,0,0,0,0,0.14444147620131,0,0,0,0
0,0,0,0,0,0.134286228115811,0,0.168310073095483,0,0,0,0.149525395035744,0,0,0,0,0,0,0,0,0,0,0,0,0,0,0,0,0,0,0,0,0,0,0,0,0,0,0,0,0,0,0,0,0,0,0,0,0,0,0,0,0,0,0,0,0,0.15931747853756,0,0.153933718800545,0,0,0,0,0,0,0,0,0,0,0,0,0,0,0,0,0,0,0,0,0,0,0.15193652883172,0,0,0,0
0.216136326166716,0,0,0,0.178260377794504,0,0,0,0.228634989340208,0,0,0,0,0,0.20482041562597,0,0,0,0,0,0,0,0,0,0.201563941667209,0,0.149582721038975,0,0,0,0,0,0,0,0,0,0,0,0.306158854828581,0,0,0,0,0,0,0,0,0,0.278292786027934,0,0,0,0,0,0,0,0,0,0,0,0.186965111643076,0,0,0,0,0,0,0.277984010190937,0,0,0,0,0,0,0,0,0,0,0,0,0,0.299910152464543,0.161197397857904,0,0.281882874229375,0,0
0,0.215477761820607,0,0,0,0.185095837621978,0,0,0,0.242017279831724,0,0,0,0,0,0.154165964435648,0,0,0,0,0,0,0,0.188056505990751,0,0.18055438498656,0,0,0,0,0,0,0,0,0,0,0,0.236135198601655,0,0,0,0,0,0,0,0,0,0,0,0.251710492718433,0,0.187293368577957,0,0,0,0,0,0,0,0,0,0.215366446144753,0,0,0,0,0.280582747961345,0,0,0,0,0,0,0,0,0,0.260341793298721,0,0,0,0.204266045481787,0,0.160710421666293,0,0.235035046935081,0,0
0.340512179666095,0,0.248186043790869,0,0,0,0.23919016122818,0,0,0,0.192777606981081,0,0.158844569734499,0,0,0,0.306616988778114,0.275315552949905,0.330086198768445,0,0.160850198264571,0,0,0,0,0,0,0,0,0,0.28822031413967,0,0,0,0,0,0.166140847481214,0,0.203938506543636,0.326900492111842,0.259551493891261,0.262926290432612,0.311417067500507,0,0,0.279056936502457,0.274045704218918,0.246824145317078,0.247383633573704,0,0.239644673187286,0,0.240129479158546,0,0,0,0,0,0.199511177140504,0,0,0,0,0.281977046713017,0,0,0,0,0,0,0,0.348292991518974,0,0.34373519934475,0,0,0,0,0.325023134549459,0.270667784224296,0,0.392701247464056,0.229373026114182,0,0.29626864552589,0,0.32958523114932
0,0.310682028532028,0,0.263268530097875,0,0.240984588861465,0,0.193829612806439,0,0,0,0.225194343818344,0,0.182166204920837,0,0,0.318969503045082,0.262715727090836,0.375244544055618,0.329483055571715,0,0,0,0,0,0,0,0.141063143093234,0,0.146491165398746,0,0,0,0,0,0.219943093135953,0.336995303630829,0.161023137537209,0,0.293983871738116,0,0.336482190728536,0,0.425562648073075,0,0.337872064932221,0.321755111217499,0.311792075634003,0,0.316718344680137,0,0,0,0.15931747853756,0,0,0,0,0,0.255635233001506,0,0,0.338262992166188,0.310759097337723,0,0,0,0,0,0,0,0,0.280938553651073,0,0,0,0,0,0.304970227719582,0.334024608135223,0.153130971983577,0,0.263005680337395,0,0.32424728052396,0.366727385256026,0
0.167398975895984,0,0.203916475176811,0,0,0,0,0,0,0,0.181350277817768,0,0.183994709959497,0,0,0,0,0,0.258793443441391,0,0,0,0,0,0,0,0.148729491978884,0,0,0,0,0,0,0,0,0,0,0,0,0,0,0,0,0,0,0,0,0,0.199269358773489,0,0.214514450232188,0,0,0,0,0,0.199511177140504,0,0,0,0.192539310455322,0,0,0,0,0,0,0,0,0,0,0,0,0,0,0,0,0,0,0,0,0,0,0,0.225613069149756,0,0
0,0,0,0.164152503013611,0,0,0,0.165307573025877,0,0,0,0.141849912703037,0,0.175830272384561,0,0.171101175925948,0,0,0,0,0,0,0,0,0,0,0,0.245430036847081,0,0,0,0,0,0,0,0,0,0,0,0,0,0,0,0,0,0,0,0,0,0.293409079313278,0,0,0,0.153933718800545,0,0,0,0.255635233001506,0,0,0,0.215984784066677,0,0,0,0,0,0,0.22295823097229,0,0.254445076943972,0,0,0,0,0,0,0,0,0,0,0,0.159836024045944,0,0,0,0
0.152260903031268,0,0,0,0,0,0,0,0.189012231429418,0,0,0,0,0,0.164862426463515,0,0.177082034093993,0.153176933526993,0.182765021920204,0,0,0,0,0,0,0,0,0,0,0,0,0,0,0,0,0,0,0,0,0,0,0,0.239667072892189,0,0,0,0,0,0.199189759217776,0,0,0,0,0,0.186965111643076,0,0,0,0.192539310455322,0,0,0,0,0,0,0,0,0.188168565492804,0,0.192379765604672,0,0,0,0,0,0,0,0,0,0,0,0,0.171327301301062,0,0.195995407395585,0,0
0,0.184903879020665,0,0,0,0.175121366977692,0,0,0,0.209115825593472,0,0,0,0,0,0.173803652845212,0,0.220894508387731,0.270218953490257,0,0,0,0,0,0,0.232690528035164,0,0,0,0,0,0,0,0,0,0,0,0,0,0,0,0,0,0,0,0,0,0,0,0.200901350937784,0,0.172136555115382,0,0,0,0.215366446144753,0,0,0,0.215984784066677,0,0,0,0,0,0,0,0,0,0,0,0,0,0,0,0,0,0,0,0,0,0,0.237479711572329,0,0,0,0
0,0,0,0.251926150918007,0,0.279145123927217,0,0.185322449480494,0,0,0,0.24279798189799,0,0,0,0,0.277947772632946,0.284049038703625,0.299107361028888,0.205472364378098,0,0,0,0,0,0,0,0,0,0,0,0,0,0,0,0.191455077259771,0.37251290678978,0.132009451331631,0,0.302147391049758,0.325358837842941,0.343608753472823,0.292737083775657,0.304896078649021,0,0.260887304530828,0.312401413917542,0,0.294220715761185,0.28529886656428,0,0,0,0,0,0,0,0.338262992166188,0,0,0,0,0,0.343126028776169,0,0,0,0,0,0,0,0,0.384940717476872,0.337967857718468,0,0,0,0,0.270507585581881,0.345071676231566,0.331122167911361,0.293886482715607,0.243158179882675,0,0.310734691041583,0.299795188009739,0.276993349194527
0.317467786371708,0,0.234422326087952,0,0.239040506442198,0,0,0,0,0,0.239074098440887,0,0,0,0,0,0.289716260902809,0.286640441843442,0.298899519507603,0,0.248851063854331,0,0,0,0,0,0,0,0,0,0.297855913639069,0,0,0,0,0,0.245877838182834,0,0.24011808798357,0.316876840378557,0.269961333368461,0.283094383203066,0.315210104786924,0.324840396642685,0,0.316372911135356,0.305521352438621,0.241393910987037,0.240707774636566,0,0.276738663144856,0,0,0,0,0,0.281977046713017,0.310759097337723,0,0,0,0,0.343126028776169,0,0,0,0,0,0,0,0,0.32313397526741,0.296964973211288,0.305327817567749,0,0,0,0,0.338391828536987,0.270556920358912,0,0.317644180104621,0.30306657212667,0.293238110840321,0.31751102777378,0.268996074795723,0.302071399548475
0,0,0,0,0,0,0,0,0,0,0,0,0,0,0,0,0,0.151684294972155,0.248779252171516,0,0,0.183743329284274,0.118897532946185,0.226159299121184,0,0,0,0,0,0,0,0,0,0,0,0,0,0.210809426100691,0.136952294753148,0,0,0,0,0,0,0,0,0,0,0.285541946689288,0,0,0,0,0,0,0,0,0,0,0,0,0,0,0,0,0,0,0.195232376456261,0,0.23859917728061,0,0,0,0,0,0.183925360441208,0,0,0,0.262002836014341,0.139825612306595,0.117125722291195,0.106447026133537,0.276231199502945,0,0
0,0,0,0,0,0,0,0,0.200898552934329,0,0,0,0,0,0,0,0.12972675752269,0,0.270185917615891,0,0,0,0.211388871541271,0,0.170158168673515,0,0.132253581827337,0,0.144606898228327,0,0,0,0,0,0,0,0,0,0.310215766915304,0,0,0,0,0,0,0,0,0,0.319379278132017,0,0,0,0,0,0,0,0,0,0,0,0,0,0,0,0,0,0,0.238523837465506,0,0.329926463675675,0,0.24834506689566,0,0,0,0,0,0,0,0,0,0.224783227353802,0.14739013615364,0.132152661681175,0.305459516389029,0,0
0,0,0,0,0,0,0,0,0,0.192045795917511,0,0,0,0,0,0,0,0.169207852333784,0,0,0,0,0,0.173451010356931,0,0,0,0,0,0,0,0,0,0,0,0,0,0.273098273934989,0,0,0,0,0,0,0,0,0,0,0,0.270684173330665,0,0,0,0,0,0.280582747961345,0,0,0,0,0,0,0,0,0,0,0,0,0.244181894830295,0,0,0,0,0,0,0,0.264649002088441,0,0,0,0.238910363955518,0,0.117883995175362,0,0.258868525270373,0,0
0,0,0,0,0,0,0,0,0.209174187610979,0,0,0,0,0,0,0,0,0,0,0,0,0,0.256536036412767,0,0.223525224862361,0,0.160590906937917,0,0,0,0,0,0,0,0,0,0,0,0.265940539362515,0,0,0,0,0,0,0,0,0,0.275708079338074,0,0,0,0,0,0.277984010190937,0,0,0,0,0,0.188168565492804,0,0,0,0,0.238523837465506,0,0,0,0.178960718775308,0,0,0,0,0,0,0,0,0,0,0,0.231882790169295,0.16999851167202,0,0.30231477162079,0,0
0,0,0,0,0,0,0,0,0,0.228322525819143,0,0,0,0,0,0.142988957464695,0.207428941503167,0.160329181815291,0.279941532196421,0,0,0.152372010052204,0,0.146221950650215,0,0.130204686770837,0,0,0,0,0,0,0,0,0,0,0,0,0,0,0,0,0,0,0,0,0,0,0,0.194015016158422,0,0,0,0,0,0,0,0,0,0.22295823097229,0,0,0,0,0.195232376456261,0,0.244181894830295,0,0,0,0.198270185291767,0,0,0,0,0,0,0,0.275412142276764,0,0,0,0.158918889375722,0,0.200852066278458,0,0
0,0,0,0,0,0,0,0,0.173845759696431,0,0,0,0,0,0.151794388890266,0,0.148806904991641,0.157955597747456,0.256338202140548,0,0,0,0.346505750366982,0,0.165595716238022,0,0.150282608611243,0,0,0,0,0,0,0,0,0,0,0,0,0,0,0,0,0,0,0,0,0,0.249616830201631,0,0,0,0,0,0,0,0,0,0,0,0.192379765604672,0,0,0,0,0.329926463675675,0,0.178960718775308,0,0,0,0.354006258003852,0,0,0,0,0,0,0,0,0,0,0.17202298804408,0,0.196767306074183,0,0
0,0.354203462600708,0,0,0,0,0,0,0,0,0,0,0,0.240533460532465,0,0,0,0,0,0,0,0.141664947900507,0,0,0,0,0,0.178768770259892,0,0,0,0,0,0,0,0,0,0.180969885230064,0,0,0,0,0,0,0,0,0,0,0,0.262460242956877,0,0,0,0,0,0,0,0,0,0.254445076943972,0,0,0,0,0.23859917728061,0,0,0,0.198270185291767,0,0,0,0.221455454826355,0,0,0,0,0,0,0,0.223968068459583,0,0,0,0.343461513519287,0,0
0,0,0,0,0,0,0,0,0,0,0,0,0,0,0,0,0,0,0,0,0,0,0.191978949037465,0,0,0,0.134615946561098,0,0.187599386301744,0,0.153032976202667,0,0,0,0,0,0,0,0.190710157155991,0,0,0,0.345750053723653,0,0,0,0.315951362252235,0,0.299564717213313,0,0,0,0,0,0,0,0.348292991518974,0,0,0,0,0,0,0.32313397526741,0,0.24834506689566,0,0,0,0.354006258003852,0,0,0,0.377122954598495,0,0,0,0,0,0,0,0.238736144139684,0,0,0.330554169085291,0,0
0,0,0,0.30543738924047,0,0.296275323629379,0,0,0,0,0,0.241008375570028,0,0,0,0,0.351659849286079,0.313797871271769,0.376292576636538,0.386371802538633,0,0,0,0,0,0,0,0.160146469120369,0,0.239262687431281,0,0,0,0,0,0,0,0.151771515607834,0,0.314796126913279,0.3668113052845,0.320658207924498,0.326369971036911,0.434535615283287,0,0.360215069027618,0.32451041870647,0.340745866298676,0,0.297381542573701,0,0.288323730230331,0,0,0,0,0,0.280938553651073,0,0,0,0,0.384940717476872,0.296964973211288,0,0,0,0,0,0,0.221455454826355,0,0,0,0,0,0,0,0.321221091867199,0.332528179883957,0.215355173706471,0,0.337825586955095,0,0.358532967514803,0.367490107241349,0.315201580524445
0.353888231974382,0,0.301033277685444,0,0,0,0,0,0,0,0.296011391701629,0,0,0,0,0,0.326460532451931,0.309033453464508,0.356075070548856,0,0.306695342063904,0,0,0,0,0,0,0,0,0,0.222672298940689,0,0,0,0,0,0.344070768782071,0,0.152529244621595,0.327243441885168,0.294286100112874,0.297996625304222,0.341852615851394,0,0,0,0.303469332373121,0.31733438372612,0.258613479137421,0,0.287102654576302,0,0,0,0,0,0.34373519934475,0,0,0,0,0,0.337967857718468,0.305327817567749,0,0,0,0,0,0,0,0.377122954598495,0,0,0,0,0,0,0.344990996850861,0.29171769249248,0,0.295241961748251,0.354803572151255,0.220319300889969,0.34998715687163,0,0.375962106000623
0,0,0,0,0,0,0,0,0,0,0,0,0,0,0,0,0,0,0,0,0,0,0,0,0,0,0,0,0,0,0,0.344187944403544,0.302505593222031,0.363638993066091,0.36078567802906,0.257323744672316,0.219884872436523,0,0,0,0,0,0,0,0,0,0,0.492705420964252,0.457385003566742,0.306172609329224,0,0,0,0,0,0,0,0,0,0,0,0,0,0,0,0,0,0,0,0,0,0,0,0,0,0.316046682656358,0.300288163125515,0.315436265298298,0.418134052195283,0.415761790548762,0,0,0.321595255079811,0,0,0,0
0,0,0,0,0,0,0,0,0,0,0,0,0,0,0,0,0,0,0,0,0,0,0,0,0,0,0,0,0,0,0,0.331012523842647,0.438973420765251,0,0.461669463535835,0,0.220835229470616,0,0,0,0,0,0,0,0,0,0.251756310462952,0.462401457181225,0.354166127741337,0,0,0,0,0,0,0,0,0,0,0,0,0,0,0,0,0,0,0,0,0,0,0,0,0,0.316046682656358,0,0.23648539930582,0.323330817123254,0.554482758045197,0.393984284655804,0,0,0.231968145664424,0,0.457356303930283,0,0
0,0,0,0,0,0,0,0,0,0,0,0,0,0,0,0,0,0,0,0,0,0.19383430480957,0,0.285891691843669,0,0,0,0,0,0,0,0.311889732354566,0.338807863347671,0.220901591035661,0.285854767038398,0.201208114624023,0,0.319720785484436,0.207402812746855,0,0,0,0,0,0,0,0,0.439108730623899,0.465763986110687,0.442048519849777,0,0,0,0,0,0.260341793298721,0,0,0,0,0,0,0,0,0.183925360441208,0,0.264649002088441,0,0,0,0,0,0,0,0.300288163125515,0.23648539930582,0,0.302773390638541,0.30108700139182,0,0.30145950335849,0,0.226179100941498,0,0,0,0
0,0,0,0,0,0,0,0,0,0,0,0,0,0,0,0,0,0,0,0,0,0,0,0,0,0,0,0,0,0,0,0.213859779760242,0.486056414856152,0.229268062024693,0.295953185906239,0,0.15398578991227,0,0.178465729590096,0,0,0,0.413276106119156,0,0,0,0,0.485977659777838,0.421021823553329,0,0.304679572582245,0,0,0,0,0,0,0,0,0,0,0,0,0,0,0,0,0,0,0,0,0,0,0,0.315436265298298,0.323330817123254,0.302773390638541,0,0,0.237348712656809,0,0.240440752139894,0.195864730418843,0,0.433010970170681,0,0
