0,0,64.757029235363,0,0,0,0,0,835.823766306043,0,0,0,0,0,50.7987023591995,0,0,0,172.031821757555,0,0,0,0,0,0.670006930828094,0,0,0,0,0,0,0,0,0,0,0,0,0,9.18271289765835,0,2.16884413361549,0,255.884109705687,0,0,0,1.05491088330746,0,608.82167904079,0,0.682553991675377,0,0,0,358.160935878754,0,0,0,3.90111088752747,0,150.078359037638,0,0,0.925999045372009,0,0,0,0,0,2.81578400731087,0,0,0,0,0,0,0,0,0,8.12760218977928,0,0,172.291418462992,0.68208672106266,646.418676659465,0,105.34090089798
0,0,0,74.9772043079138,0,4.22117793560028,0,0,0,620.841744095087,0,0,0,0,0,0,1.17812514305115,0.368609517812729,81.1724950969219,1.72844639420509,0,0,0,2.51839131116867,0,0,0,0,0,0,0,0,0,0,0,1.82527434825897,0,0.956417083740234,0,15.760718613863,0,83.0279120802879,0,0,0,8.34847457706928,0,0,0,401.507720604539,0,0,0,0,0,411.661179631948,0,17.4445702433586,0,0.671007081866264,0,20.0802133828402,29.8602224886417,0,0,0,0,0,0,0,0,0,0,0,0,0,0,0,272.693409234285,0,0.46818882226944,0,189.187512591481,1.52170205116272,707.377829864621,1.81183730065823,0
64.757029235363,0,0,4.53074432909489,32.9648933857679,0,0,0,235.171698346734,0,0,0,0,0,0,0,0.522478923201561,0.158738851547241,15.7952028214931,0,12.1415250897408,0,0,0,0,0,0,0,0,0,0,0,0,0,0,0,19.4489708244801,0,0.13780714571476,0,7.64973659813404,1.15914157032967,136.915897876024,0,0,1.88741929829121,17.8568042367697,0.750072881579399,205.168788313866,0.391955822706223,282.501469522715,0,0,0,456.397020027041,0,1.53287088871002,2.80307609587908,4.96451312303543,0,46.4353409409523,0,3.42104537785053,3.00851035118103,0,0,0,0,0,0,0,0,0,0.499611169099808,0,0,0,0,2.10691359639168,8.44161178171635,0,12.8309893161058,180.769728243351,6.7666681855917,396.266464427114,0.143079116940498,8.79658219218254
0,74.9772043079138,4.53074432909489,0,0,232.731705307961,0,0,0,160.362748086452,0,0,0,0,0,0,0,1.68327967822552,34.7331691086292,1.06827230751514,0,0,0,0.185331031680107,0,0,0,0,0,0,0,0,0,0,0,2.11148054897785,0,3.51776288449764,0,25.9421891495585,0.966553673148155,254.744496844709,0.679110944271088,0,0,18.6587427631021,3.65105313062668,0,9.6215004324913,83.6105009764433,1.0864245891571,64.5743680596352,0,0,1.22015270590782,115.945111528039,0.397213399410248,125.496797852218,0,9.72009915113449,0,51.6322767734528,40.6805717721581,0,0,0,0,0,0,0,0,0,17.2674395591021,0,0,0,0,0,53.6266199052334,3.97773636877537,0.162735924124718,1.98500932753086,387.985879965127,5.9775657877326,706.155649401248,7.90257667005062,0.651837825775146
0,0,32.9648933857679,0,0,0,49.4780060648918,0,238.234712302685,0,0,0,0,0,0,0,0,0.194216996431351,2.64495727419853,0,26.4609239697456,0,0,0,0,0,0,0,0,0,0,0,0,0,0,0,16.2407020181417,0,0,0,0.914522960782051,0,17.7571827545762,0,0,0,29.3740656524897,0.194872006773949,2.5513151884079,0,358.658616602421,0,13.488405585289,0,21.9748187661171,0,1.02045863866806,0.642336785793304,0,0,0,0,0.160353541374207,13.1033755093813,0,0,0,0,0,0,0,0,0,0,0,0,0,0,0,9.61048063635826,0,4.67143304646015,379.876982793212,80.6979390457273,181.939636565745,0,0
0,4.22117793560028,0,232.731705307961,0,0,0,4.12892580032349,0,154.519644141197,0,6.19163450598717,0,12.9762415885925,0,12.3895186781883,0,0,2.00538118183613,65.9916314482689,0,0,0,0.223687648773193,0,0,0,0,0,0,0,0,0,0,0,0.614482760429382,0,0.35787832736969,0,0.279515266418457,0,23.3686050772667,0,0,0,0,0,0,0,9.17077976465225,0,1914.94068527222,0,0.767263501882553,0,3.56977897882462,0,101.985203415155,0,5.82725030183792,0,32.1732006520033,1.48143166303635,0,0,0,0,0,0,0,0,0,0,0,0,0,0,0,1.23290325701237,0,0,0,606.349613279104,64.5249674543738,201.823178566992,1.32463456690311,0
0,0,0,0,49.4780060648918,0,0,0,0,0,0,0,0,0,0,0,0,0,0,0,0,0,0,0,0,0,0,0,0,0,0,0,0,0,0,0,0,0,0,0,0,0,0,0,0,0,0,0,0,0,60.3143075108528,0,117.988946676254,0,0,0,0,0,0,0,0,0,0,0,0,0,0,0,0,0,0,0,0,0,0,0,0,0,0,0,0,0,0,0,0,0,0
0,0,0,0,0,4.12892580032349,0,0,0,0,0,0,0,0,0,0,0,0,0,0,0,0,0,0,0,0,0,0,0,0,0,0,0,0,0,0,0,0,0,0,0,0,0,0,0,0,0,0,0,0,0,2.1768217086792,0,100.818493843079,0,0,0,0,0,32.1007971763611,0,0,0,0,0,0,0,0,0,0,0,0,0,0,0,0,0,0,0,0,0,0,282.323110699654,1,0,0,0
835.823766306043,0,235.171698346734,0,238.234712302685,0,0,0,0,0,0,0,0,0,83.7230039834976,0,5.50766499340534,0.205475121736526,0,0,0.254235684871674,0,0,0,569.653062641621,0,27.6827134788036,0,0,0,0,0,0,0,0,0,2.04182182252407,0,146.86497618258,0,0.36033633351326,0.839509904384613,248.271317481995,0,0,0,12.3273234516382,0.142341464757919,118.112428113818,0,0,0,0,0,683.185978755355,0,0,0,0,0,55.0621317476034,0,0,6.31546494364738,0,0,0,166.542336717248,0,4.01542794704437,0,0,0,0,0,0,0,0,0.286103576421738,3.40198616683483,0,10.6915529817343,1055.19898016006,29.390883103013,141.552005089819,0,39.2249230742455
0,620.841744095087,0,160.362748086452,0,154.519644141197,0,0,0,0,0,0,0,0,0,547.1225682199,0.46976512670517,77.1437745839357,4.28443174809217,0,0,0,0,164.467328459024,0,1,0,0,0,0,0,0,0,0,0,0,0,54.0733999460936,0,1.90137165784836,0.197314158082008,83.4524857848883,0,0,0,0,0,0,0.820518493652344,71.200029566884,0,63.008051097393,0,0,0,786.378592997789,0,37.2817734330893,0,0,0,381.329621210694,3.16776283085346,0,0.242727279663086,0,226.643888682127,0,11.4533412456512,0,0,0,5.70190545916557,0,0,0,0,0,4.00612755119801,0,85.3462908118963,0,1818.01282884181,1082.96575848013,163.663463190198,6.11196236312389,0
0,0,0,0,0,0,0,0,0,0,0,0,80.153774023056,0,0,0,0,0,0,0,221.918829023838,0,0,0,0,0,0,0,0,0,133.89287173748,0,0,0,0,0,0,0,92.3697282075882,0,0,0,0,0,0,0,0,0,0,0,0,0,0,0,0,0,1299.10237891972,0,226.826566457748,0,0,0,0,10.483783364296,0,0,0,0,0,0,0,0,0,49.3736908584833,0,0,0,0,0,0,0,0,2.54607079923153,0,14.7343993186951,0,0
0,0,0,0,0,6.19163450598717,0,0,0,0,0,0,0,95.7142765522003,0,0,0,0,2.88352751731873,458.465626269579,0,0,0,0,0,0,0,0,0,53.7904392331839,0,0,0,0,0,0,0,79.6470134854317,0,0,0,0,0,0,0,0.307191431522369,0,0,0,0,0,13.7214417755604,0,0,0,0,0,1500.44042170048,0,636.851370513439,0,0,65.3749839663506,0,0,0,0,0,0,0,0,0,28.668607711792,0,0,0,0,0,0,0,0,0,104.313749194145,0,17.989078104496,0,0
0,0,0,0,0,0,0,0,0,0,80.153774023056,0,0,0,0,0,0,0,0,0,0,0,0,0,0,0,0,0,0,0,0,0,0,0,0,0,0,0,0,0,0,0,0,0,0,0,0,0,0,0,0,0,0,0,0,0,0.984725773334503,0,187.812554836273,0,0,0,0,0,0,0,0,0,0,0,0,0,0,0,0,0,0,0,0,0,0,0,0,0,0,0,0
0,0,0,0,0,12.9762415885925,0,0,0,0,0,95.7142765522003,0,0,0,16.6566755771637,0,0,0,0,0,0,0,0,0,0,0,0,0,0,0,0,0,0,0,0,0,0,0,0,0,0,0,0,0,0,0,0,0,0,0,0,0,0,0,0,0,0,0,813.017869114876,0,2,0,0,0,0,0,0,0,0,54.7938455343246,0,0,0,0,0,0,0,0,0,0,0,172.555674314499,80.3130048513412,0,0,0
50.7987023591995,0,0,0,0,0,0,0,83.7230039834976,0,0,0,0,0,0,0,0,0,0,0,0,0,0,0,23.595071554184,0,6.35788576304913,0,0,0,0,0,0,0,0,0,0,0,0,0,0,0,0,0,0,0,0,0,0,0,0,0,0,0,5.99230137467384,0,0,0,0,0,62.4461638629436,0,0,0,0,0,0,0,0,6.03457540273666,0,0,0,0,0,0,0,0,0,0,0,0,1,1,0,0,0
0,0,0,0,0,12.3895186781883,0,0,0,547.1225682199,0,0,0,16.6566755771637,0,0,0,57.1406393647194,0,0,0,0,0,59.3632341921329,0,5.85433447360992,0,0,0,0,0,0,0,0,0,0,0,0,0,0,0,0,0,0,0,0,0,0,0,0,0,0,0,0,0,44.0340814292431,0,0,0,0,0,213.749559700489,0,0,0,0,0,0,101.319257080555,0,0,0,0,0,0,0,0,0,0,0,0,0,386.966814041138,73.5536351203918,0,0,0
0,1.17812514305115,0.522478923201561,0,0,0,0,0,5.50766499340534,0.46976512670517,0,0,0,0,0,0,0,15884.2171541825,4812.87020783871,0,0,0,283.34441831708,3.95922121405602,257.850598335266,2.38585290312767,149.857758283615,0,0,0,0,0,0,0,0,0,0,0.268325537443161,0,7.49232806265354,27.3565620034933,2.96891437470913,17.1055087298155,0,0,21.9441846162081,17.2485596686602,0,0.753234267234802,0,0,0,0,0,0,0,0,0.641416549682617,0,0,0,0,8.71336510777473,18.032249763608,0,126.075096219778,1.84332287311554,47.5651785135269,0,178.514392375946,0,0,0,0,0,0,0,0,14.2857801765203,33.2920354902744,0,5.1851322799921,6467.34437900782,1823.48650415242,38.9621219187975,2.75993537902832,8.8692262172699
0,0.368609517812729,0.158738851547241,1.68327967822552,0.194216996431351,0,0,0,0.205475121736526,77.1437745839357,0,0,0,0,0,57.1406393647194,15884.2171541825,0,4800.39937084913,0,0.915611088275909,280.374249517918,0.686177313327789,279.666814550757,0,324.21597969532,0,17.652873903513,0,0,0,0,0,0,0,0,0,0,0,10.6029846221209,15.4498404413462,5.65771938860416,16.0399645715952,0,0,29.475744843483,27.8875817060471,0,0.847850441932678,0.153740242123604,0,0,0,0,0,0,0,0.425108104944229,0,0,0,2.40433919429779,12.2738412767649,8.02125161886215,171.620321214199,0,50.982001632452,0,214.561565041542,0,0,0,0,0,0,0,0,0,25.9656812846661,16.6165092289448,0,2.57573993504047,12043.2379135489,13867.8069539368,68.5688188821077,0,2.7876358628273
172.031821757555,81.1724950969219,15.7952028214931,34.7331691086292,2.64495727419853,2.00538118183613,0,0,0,4.28443174809217,0,2.88352751731873,0,0,0,0,4812.87020783871,4800.39937084913,0,3.74497751891613,0,0,0,5.90142610669136,0,0.580285966396332,0,0,0,0,0,0,0,0,0,0,0,11.3237129747868,0.310586959123611,594.48617079109,1187.08532446623,782.054920047522,1005.05871647596,0,0,1127.87282563746,764.537933260202,0,7.96656507253647,11.0824662074447,0,0.644858360290527,0,0,0.721059381961823,0.538663983345032,0.289253801107407,35.2675816863775,0,0,0,0,699.376565173268,533.882811486721,0,0,0,0,0,0,0,0,10.8622480630875,0.141908839344978,0,0,0,0,1280.92823110521,1392.96179223806,7.12159913778305,199.986677348614,10739.2698444426,250.762216836214,4326.93905985355,47.8648758381605,357.240382239223
0,1.72844639420509,0,1.06827230751514,0,65.9916314482689,0,0,0,0,0,458.465626269579,0,0,0,0,0,0,3.74497751891613,0,0,0,0,0,0,0,0,0,0,0,0,0,0,0,0,388.923402309418,0,388.627704784274,0,0,0,1.35357785224915,0,0,0,55.9694053381681,0.161849766969681,0,0,0,0.238448485732079,24.4404199719429,0,0.935910761356354,0,0,0,263.349809646606,0,3.48620265722275,0,0.777376294136047,989.950778156519,0,0,0,0,0,0,0,0,0,31.8435548245907,0,0,0,0,0,55.6441527158022,0,1.7790470123291,0,361.519859835505,2.34386879205704,247.323625221848,0,0
0,0,12.1415250897408,0,26.4609239697456,0,0,0,0.254235684871674,0,221.918829023838,0,0,0,0,0,0,0.915611088275909,0,0,0,0,0,0,0,0,0,0,0,0,0,0,0,0,0,0,839.220120936632,0,268.449060380459,0,0,0,4.903903439641,0,0,0,27.9368046969175,0,0,0,25.0658748447895,0,0,0,0.581096708774567,0,182.860051095486,0,1.73521614074707,0,0,0,0,1508.17690853775,0,0,0,0,0,0,0,0,0,0,0,0,0,0,0.980957269668579,297.037577822804,0,54.1222895234823,368.040204569697,0.885796129703522,189.318729490042,0,0
0,0,0,0,0,0,0,0,0,0,0,0,0,0,0,0,0,280.374249517918,0,0,0,0,9.83689379692078,143.57808612287,0,0,0,0,0,0,0,0,0,0,0,0,0,263.538382038474,0,0,0,0,0,0,0,0,0,0,0,58.0800309628248,0,0,0,0,0,0,0,0,0,0,0,0,0,0,1438.5170917362,0,192.649351775646,0,2.26255989074707,0,19.0685261338949,0,0,0,0,0,0,0,0,0,217.050455212593,0,402.962796896696,509.259639576077,0,0,0
0,0,0,0,0,0,0,0,0,0,0,0,0,0,0,0,283.34441831708,0.686177313327789,0,0,0,9.83689379692078,0,0,174.55258885026,0,0,0,21.5648795366287,0,0,0,0,0,0,0,0,0,619.892138957977,0,0,0,0,0,0,0,0,12.7968254387379,3.83550718426704,0,0,0,0,0,0,0,0,0,0,0,0,0,0,0,0,1864.66754595935,0,155.730595335364,0,18.1024895906448,0,0,0,0,0,0,0,0,0,0,0,1015.18085633218,349.024644583464,267.509121611714,0,0,0
0,2.51839131116867,0,0.185331031680107,0,0.223687648773193,0,0,0,164.467328459024,0,0,0,0,0,59.3632341921329,3.95922121405602,279.666814550757,5.90142610669136,0,0,143.57808612287,0,0,0,331.367021590471,0,0,0,0,0,0,0,0,0,0,0,519.298283144832,0,0,0,0,0,0,0,0,0,0,0,24.491638481617,0,0,0,0,0,112.202859476209,0,0,0,0,0,101.394441604614,0,0,10.7284885942936,0,767.461213931441,0,123.857409119606,0,0,0,0,0,0,0,0,0,0,0,314.271434396505,0,14.8115390688181,1.39738821983337,162.680641278625,0,0
0.670006930828094,0,0,0,0,0,0,0,569.653062641621,0,0,0,0,0,23.595071554184,0,257.850598335266,0,0,0,0,0,174.55258885026,0,0,0,206.480113118887,0,0,0,0,0,0,0,0,0,0,0,1041.50445117056,0,0,0,0,0,0,0,0,0,0,0,0,0,0,0,322.160026922822,0,0,0,0,0,16.2722492814064,0,0,0,0,119.021878898144,0,1133.15264360607,0,68.7225399315357,0,0,0,0,0,0,0,0,0,0,0,114.318960040808,393.743771240115,0.391954988241196,0.91644299030304,0,0
0,0,0,0,0,0,0,0,0,1,0,0,0,0,0,5.85433447360992,2.38585290312767,324.21597969532,0.580285966396332,0,0,0,0,331.367021590471,0,0,0,69.6654891073704,0,0,0,0,0,0,0,0,0,9.26713854074478,0,0,0,0,0,0,0,0,0,0,0,0,0,0,0,0,0,0,0,0,0,0,0,11.933740824461,0,0,0,0,8.39597553014755,0,353.363533005118,0,0,0,0,0,0,0,0,0,0,0,4.28323647379875,0,4.61350677907467,0.244158089160919,6.51194313168526,0,0
0,0,0,0,0,0,0,0,27.6827134788036,0,0,0,0,0,6.35788576304913,0,149.857758283615,0,0,0,0,0,0,0,206.480113118887,0,0,0,1.53007771074772,0,0,0,0,0,0,0,0,0,0,0,0,0,0,0,0,0,0,0,0,0,0,0,0,0,3.80223777890205,0,0,0,0,0,184.74758027494,0,0,0,0,0,0,31.5145357698202,0,238.309895351529,0,23.7242116928101,0,0,0,0,0,0,0,0,0,0,3.18335694074631,0,0,0,0
0,0,0,0,0,0,0,0,0,0,0,0,0,0,0,0,0,17.652873903513,0,0,0,0,0,0,0,69.6654891073704,0,0,0,150.277141034603,0,0,0,0,0,0,0,0,0,0,0,0,0,0,0,0,0,0,0,0,0,0,0,0,0,0,0,0,0,0,0,0,0,0,2.44057762622833,0,0,0,0,0,946.561062738299,0,0,0,0,0,0,0,0,0,0,0,93.3386523723602,15.3705816268921,0,0,0
0,0,0,0,0,0,0,0,0,0,0,0,0,0,0,0,0,0,0,0,0,0,21.5648795366287,0,0,0,1.53007771074772,0,0,0,91.263037443161,0,0,0,0,0,0,0,0,0,0,0,0,0,0,0,0,0,0,0,0,0,0,0,0,0,0,0,0,0,0,0,0,0,0,0,0,0,0,1.18550355732441,0,252.065938621759,0,1.02536059916019,0,0,0,0,0,0,0,0,0,0,0,0,0
0,0,0,0,0,0,0,0,0,0,0,53.7904392331839,0,0,0,0,0,0,0,0,0,0,0,0,0,0,0,150.277141034603,0,0,0,0,0,0,0,0,0,0,0,0,0,0,0,0,0,0,0,0,0,0,0,0,0,0,0,0,0,0,0,0,0,0,0,0,0,0,0,0,0,0,0,0,248.831423684955,0,0,0,0,0,0,0,0,0,0,0,0,0,0
0,0,0,0,0,0,0,0,0,0,133.89287173748,0,0,0,0,0,0,0,0,0,0,0,0,0,0,0,0,0,91.263037443161,0,0,0,0,0,0,0,0,0,75.6133667230606,0,0,0,0,0,0,0,0,0,0,0,0,0,0,0,0,0,54.8432850837708,0,0,0,0,0,0,0,0,0,0,0,0,0,0,0,0,282.110996857285,0,0,0,0,0,0,0,97.2185766100883,0,0,0,0,0
0,0,0,0,0,0,0,0,0,0,0,0,0,0,0,0,0,0,0,0,0,0,0,0,0,0,0,0,0,0,0,0,1794.85687288642,158.46587896347,63.4672152996063,40.0291415005922,0,0,0,0,0,0,0,0,0,0,0,1080.2589026764,0.386039435863495,2.0471745878458,0,0,0,0,0,0,0,0,0,0,0,0,0,0,0,0,0,0,0,0,0,0,0,0,1753.19868965447,199.398160070181,45.1532118022442,0,40.6855199038982,3.17191556096077,0,0,162.460288792849,0,0,0,0
0,0,0,0,0,0,0,0,0,0,0,0,0,0,0,0,0,0,0,0,0,0,0,0,0,0,0,0,0,0,0,1794.85687288642,0,41.4221094846725,0.55006331205368,4.41399955749512,48.3990192189813,0,0,0,0,0,0,0,0,0,0,2454.8498871997,4.3337334394455,0.75788813829422,0,0,0,0,0,0,0,0,0,0,0,0,0,0,0,0,0,0,0,0,0,0,0,0,183.154826939106,741.085541248322,0,44.4506576061249,0,47.5509271547198,0,0,582.863180905581,0,0,0,0
0,0,0,0,0,0,0,0,0,0,0,0,0,0,0,0,0,0,0,0,0,0,0,0,0,0,0,0,0,0,0,158.46587896347,41.4221094846725,0,3179.60683247447,400.364928543568,0,49.6301861703396,17.5649658590555,0,0,0,0,0,0,0,0,902.937338352203,0.432201325893402,64.5711326748133,0,0,0,0,0,0,0,0,0,0,0,0,0,0,0,0,0,0,0,0,0.209182754158974,0,0,0,138.806286454201,0,2228.70580676198,193.187407284975,46.6255226135254,0,885.005959197879,0,398.166933223605,14.0563450455666,0,0,0
0,0,0,0,0,0,0,0,0,0,0,0,0,0,0,0,0,0,0,0,0,0,0,0,0,0,0,0,0,0,0,63.4672152996063,0.55006331205368,3179.60683247447,0,0,321.68772149086,33.9595341682434,126.564669877291,0,0,0,0,0,0,0,0,1952.44419400394,0.331151902675629,8.92436614632607,0,0,0,0,0,0,0,0,0,0,0,0,0,0,0,0,0,0,0,0,0,0,0,0,0,21.7019359469414,327.484410464764,3662.4901291728,0,98.4183840602636,0.458813607692719,268.817665755749,456.861177578568,3.26733757555485,0.483582824468613,0,0
0,1.82527434825897,0,2.11148054897785,0,0.614482760429382,0,0,0,0,0,0,0,0,0,0,0,0,0,388.923402309418,0,0,0,0,0,0,0,0,0,0,0,40.0291415005922,4.41399955749512,400.364928543568,0,0,1263.92949423194,618.599396139383,0,0.298475533723831,0,1.82034093141556,0,0,0,70.7151848226786,0,2.79038333892822,0,0,0,0.20789498090744,0,0,0,0,0,23.1778445243835,0,0,0,0,1100.02449806035,0,0,0,0,0,0,0,0,0,0,0,1.74506545066833,0,240.591845035553,0,5723.32724414021,498.911265939474,747.508893176913,0,573.377870127559,6.00722002983093,132.496982425451,0,0
0,0,19.4489708244801,0,16.2407020181417,0,0,0,2.04182182252407,0,0,0,0,0,0,0,0,0,0,0,839.220120936632,0,0,0,0,0,0,0,0,0,0,0,48.3990192189813,0,321.68772149086,1263.92949423194,0,0,290.433718651533,0,0,0,0,0,0,0,75.9244393855333,31.886095777154,3.07728639245033,0,12.1676571518183,0,0,0,0,0,0.285909861326218,0,0,0,0,0,0,1023.29260952026,0,0,0,0,0,0,0,0,0,0,0,655.980608403683,0,84.5883985757828,443.270746082067,4409.52969864756,0,436.628793716431,456.53078263998,3.28181427717209,340.87026207149,0,0
0,0.956417083740234,0,3.51776288449764,0,0.35787832736969,0,0,0,54.0733999460936,0,79.6470134854317,0,0,0,0,0.268325537443161,0,11.3237129747868,388.627704784274,0,263.538382038474,0,519.298283144832,0,9.26713854074478,0,0,0,0,0,0,0,49.6301861703396,33.9595341682434,618.599396139383,0,0,218.149102270603,1.27824218571186,0,6.98068886995316,0.34028947353363,0,0,91.9359899312258,0,498.693162858486,0.598432406783104,511.853489652276,0,0,0,0,0,78.6290569603443,0,308.69437032938,0,0,0,0,357.025567531586,0,800.186739042401,0,396.967396631837,0,0,0,220.052089527249,0,0,0,0,0,58.4997066259384,0.854348391294479,14.2985879182816,0,8294.20346981287,1.72681212425232,1038.29953232408,273.285498902202,372.252456948161,0,0
9.18271289765835,0,0.13780714571476,0,0,0,0,0,146.86497618258,0,92.3697282075882,0,0,0,0,0,0,0,0.310586959123611,0,268.449060380459,0,619.892138957977,0,1041.50445117056,0,0,0,0,0,75.6133667230606,0,0,17.5649658590555,126.564669877291,0,290.433718651533,218.149102270603,0,0,0.16305211186409,0,39.567029774189,0,0,0,14.681770503521,1119.19135448337,39.7029710412025,0,0,0,0,0,173.794352829456,0,160.551022231579,0,0,0,0,0,0,64.6981277912855,0,30.498967975378,0,561.657806262374,0,0,0,0,0,121.391529083252,0,0,0,113.570968031883,0,76.1602918356657,14.5271360129118,7721.87040929496,1607.74080918729,145.482690513134,84.574259519577,0,1.20541529357433
0,15.760718613863,0,25.9421891495585,0,0.279515266418457,0,0,0,1.90137165784836,0,0,0,0,0,0,7.49232806265354,10.6029846221209,594.48617079109,0,0,0,0,0,0,0,0,0,0,0,0,0,0,0,0,0.298475533723831,0,1.27824218571186,0,0,8.4983387440443,1274.88776825368,1.60101071000099,0,0,193.378795519471,2.84489348530769,10.6977242827415,88.2324848771095,57.4781699329615,0,1.14323127269745,0,0,0,0,0,5.52810364961624,0,0,0,0,41.9688204079866,1.07586801052094,0,0,0,0,0,0,0,0,1.00271953642368,0,0,0,0,0,102.086720138788,8.22765153646469,0.236776873469353,0,175.813042223454,3.20697662234306,934.615139976144,8.23171147704124,0
2.16884413361549,0,7.64973659813404,0.966553673148155,0.914522960782051,0,0,0,0.36033633351326,0.197314158082008,0,0,0,0,0,0,27.3565620034933,15.4498404413462,1187.08532446623,0,0,0,0,0,0,0,0,0,0,0,0,0,0,0,0,0,0,0,0.16305211186409,8.4983387440443,0,5.00787231326103,2271.67668496817,0,0,8.42846290767193,354.489051610231,0,90.2692660242319,0,0.545113772153854,0,0,0,1.46137218177319,0,0.147736921906471,0.298204496502876,0,0,0,0,6.47517651319504,119.3668872118,0,0,0,0,0,0,0,0,0,0,0,0,0,0,7.0512453764677,215.705270901322,0,26.8959938883781,362.903750389814,1.37831716239452,671.00864250958,0,66.5242681503296
0,83.0279120802879,1.15914157032967,254.744496844709,0,23.3686050772667,0,0,0.839509904384613,83.4524857848883,0,0,0,0,0,0,2.96891437470913,5.65771938860416,782.054920047522,1.35357785224915,0,0,0,0,0,0,0,0,0,0,0,0,0,0,0,1.82034093141556,0,6.98068886995316,0,1274.88776825368,5.00787231326103,0,54.9085010141134,0.500878512859344,0,753.212759673595,1.69793647527695,28.599304407835,2.41972015798092,467.269908234477,0,0,0,0,0,0,0.150337412953377,372.955919362605,0,0,0,1.5588820874691,407.34995239228,1.57960397005081,0,0,0,0,0,0,0,0,4.38325107097626,0,0,0,0,0,403.351510196924,5.79505689442158,1.6169245839119,0,2548.30544122308,97.1066834554076,3503.354215689,176.424372196198,0.495232090353966
255.884109705687,0,136.915897876024,0.679110944271088,17.7571827545762,0,0,0,248.271317481995,0,0,0,0,0,0,0,17.1055087298155,16.0399645715952,1005.05871647596,0,4.903903439641,0,0,0,0,0,0,0,0,0,0,0,0,0,0,0,0,0.34028947353363,39.567029774189,1.60101071000099,2271.67668496817,54.9085010141134,0,0,0.274278432130814,4.14394871890545,1346.59602385759,30.1785798221827,592.908615879714,0.624102830886841,20.7567016109824,0,0,0,37.1011066883802,0,8.31948091089725,1.16736835241318,0,0,0.426813468337059,0,4.0097661614418,332.500520125031,0,0,0,0.23828749358654,0,0,0,0,0,40.2795801907778,0,0,0,0,3.71102356910706,572.051735505462,0,107.712245754898,2323.23244809359,68.5189487487078,5044.71968955547,0,1220.66399163008
0,0,0,0,0,0,0,0,0,0,0,0,0,0,0,0,0,0,0,0,0,0,0,0,0,0,0,0,0,0,0,0,0,0,0,0,0,0,0,0,0,0.500878512859344,0,0,0,0,0,0,0,0,0,0,0,0,0,0,0,0,0,0,0,0,0,0,0,0,0,0,0,0,0,0,0,0,0,0,0,0,0,0,0,0,0,0,0,0,0
0,0,0,0,0,0,0,0,0,0,0,0,0,0,0,0,0,0,0,0,0,0,0,0,0,0,0,0,0,0,0,0,0,0,0,0,0,0,0,0,0,0,0.274278432130814,0,0,0,0.288719087839127,0,0,0,0,0,0,0,0,0,0,0,0,0,0,0,0,0,0,0,0,0,0,0,0,0,0,0,0,0,0,0,0,0,0,0,0,0,0,0,0
0,8.34847457706928,1.88741929829121,18.6587427631021,0,0,0,0,0,0,0,0.307191431522369,0,0,0,0,21.9441846162081,29.475744843483,1127.87282563746,55.9694053381681,0,0,0,0,0,0,0,0,0,0,0,0,0,0,0,70.7151848226786,0,91.9359899312258,0,193.378795519471,8.42846290767193,753.212759673595,4.14394871890545,0,0,0,14.5117144435644,0,3.17737407237291,0.535489812493324,0,0,0,0,0,0,0.136692270636559,35.696298956871,0,0,0,0,2323.30358106643,12.4908177405596,0,0,0,0,0,0,0,0,39.8735751956701,0,0,0,0,0,762.34133221209,17.8002231568098,29.2872805297375,0.331080600619316,280.205379232764,1.42737808823586,732.258440956473,0,0.659119129180908
1.05491088330746,0,17.8568042367697,3.65105313062668,29.3740656524897,0,0,0,12.3273234516382,0,0,0,0,0,0,0,17.2485596686602,27.8875817060471,764.537933260202,0.161849766969681,27.9368046969175,0,0,0,0,0,0,0,0,0,0,0,0,0,0,0,75.9244393855333,0,14.681770503521,2.84489348530769,354.489051610231,1.69793647527695,1346.59602385759,0,0.288719087839127,14.5117144435644,0,0.558557868003845,12.8207714408636,1.38706980645657,9.1020742058754,0,0,0,11.6798775941133,0,2.97184367477894,1.4625096321106,0,0,0,0,9.77882234752178,2435.03517500311,0,0,0,0,0,0,0,0,0,1.52406594157219,0,0,0,0,3.76972939074039,412.9344066903,0,322.304052636027,404.101254805923,4.47084358334541,1270.51913367957,0,3.46164706349373
0,0,0.750072881579399,0,0.194872006773949,0,0,0,0.142341464757919,0,0,0,0,0,0,0,0,0,0,0,0,0,12.7968254387379,0,0,0,0,0,0,0,0,1080.2589026764,2454.8498871997,902.937338352203,1952.44419400394,2.79038333892822,31.886095777154,498.693162858486,1119.19135448337,10.6977242827415,0,28.599304407835,30.1785798221827,0,0,0,0.558557868003845,0,3094.28154864907,4026.69431728125,0,0,0,0,0.421027839183807,0,0,0,0,0,0,0,0,0,0.434071511030197,1.76025423407555,0,0,0,0,9.74569840729237,0,0,0,365.292307339609,268.508491590619,114.160526499152,42.750319108367,1016.99899494648,601.039351664484,350.636971861124,717.580446794629,5294.4003970921,40.0031301379204,469.077547848225,0,0
608.82167904079,0,205.168788313866,9.6215004324913,2.5513151884079,0,0,0,118.112428113818,0.820518493652344,0,0,0,0,0,0,0.753234267234802,0.847850441932678,7.96656507253647,0,0,0,3.83550718426704,0,0,0,0,0,0,0,0,0.386039435863495,4.3337334394455,0.432201325893402,0.331151902675629,0,3.07728639245033,0.598432406783104,39.7029710412025,88.2324848771095,90.2692660242319,2.41972015798092,592.908615879714,0,0,3.17737407237291,12.8207714408636,3094.28154864907,0,2538.50389748812,3.42154479771852,0,0,0,125.494387403131,0,4.4049879014492,3.63285385072231,0,0,0.140288352966309,0.542360663414001,4.85298530757427,1.23030434548855,0,456.369949996471,0,22.4634189605713,0,0,0,0,0,2.8605669438839,0,2.32402044534683,0,4.49592489004135,0.650719285011292,55.2412820085883,0,80.1571003496647,1774.49997745454,2.28648202121258,1379.99965221435,0,172.019893020391
0,401.507720604539,0.391955822706223,83.6105009764433,0,9.17077976465225,0,0,0,71.200029566884,0,0,0,0,0,0,0,0.153740242123604,11.0824662074447,0,0,58.0800309628248,0,24.491638481617,0,0,0,0,0,0,0,2.0471745878458,0.75788813829422,64.5711326748133,8.92436614632607,0,0,511.853489652276,0,57.4781699329615,0,467.269908234477,0.624102830886841,0,0,0.535489812493324,1.38706980645657,4026.69431728125,2538.50389748812,0,0,0,0,0,0,35.648437589407,0.169641703367233,83.8771928399801,0,0.256859451532364,0,31.5027328282595,6.14702826738358,0,307.934286847711,0,84.4893523454666,0,22.8091942071915,0,235.78766079247,0,170.129591912031,0,1.35554406791925,1.53448608517647,5.3117231875658,0,636.556774333119,0,470.845634534955,0,2688.16773796082,7.35444544255733,2545.26190309972,7.33306516706944,0.194376960396767
0.682553991675377,0,282.501469522715,1.0864245891571,358.658616602421,0,60.3143075108528,0,0,0,0,0,0,0,0,0,0,0,0,0.238448485732079,25.0658748447895,0,0,0,0,0,0,0,0,0,0,0,0,0,0,0,12.1676571518183,0,0,0,0.545113772153854,0,20.7567016109824,0,0,0,9.1020742058754,0,3.42154479771852,0,0,0,59.86490046978,0,21.3196498304605,0,131.073401615024,0,10.7405598759651,0,23.9233701378107,0,0.513322249054909,144.723924070597,0,0,0,0,0,0,0,0,0,0,0,0,0,0,0,7.37468485534191,0,2.10899047553539,54.5760811269283,0,493.833889886737,0,0
0,0,0,64.5743680596352,0,1914.94068527222,0,2.1768217086792,0,63.008051097393,0,13.7214417755604,0,0,0,0,0,0,0.644858360290527,24.4404199719429,0,0,0,0,0,0,0,0,0,0,0,0,0,0,0,0.20789498090744,0,0,0,1.14323127269745,0,0,0,0,0,0,0,0,0,0,0,0,0,43.5464718639851,0,21.2048854380846,0,328.369458377361,0,13.814501568675,0,37.7954902052879,3.27017593383789,0,0,0,0,0,0,0,0,0,0,0,0,0,0,0,4.02961118519306,0,0,0,191.379142388701,0,131.173311233521,0,0
0,0,0,0,13.488405585289,0,117.988946676254,0,0,0,0,0,0,0,0,0,0,0,0,0,0,0,0,0,0,0,0,0,0,0,0,0,0,0,0,0,0,0,0,0,0,0,0,0,0,0,0,0,0,0,59.86490046978,0,0,0,0,0,0,0,0,0,0,0,0,0,0,0,0,0,0,0,0,0,0,0,0,0,0,0,0,0,0,0,0,0,0,0,0
0,0,0,0,0,0.767263501882553,0,100.818493843079,0,0,0,0,0,0,0,0,0,0,0,0.935910761356354,0,0,0,0,0,0,0,0,0,0,0,0,0,0,0,0,0,0,0,0,0,0,0,0,0,0,0,0,0,0,0,43.5464718639851,0,0,0,0,0,372.266859710217,0,0.786467730998993,0,0,116.123194232583,0,0,0,0,0,0,0,0,0,0,0,0,0,0,0,0,0,0,0,118.722394824028,0,0,0,0
358.160935878754,0,456.397020027041,1.22015270590782,21.9748187661171,0,0,0,683.185978755355,0,0,0,0,0,5.99230137467384,0,0,0,0.721059381961823,0,0.581096708774567,0,0,0,322.160026922822,0,3.80223777890205,0,0,0,0,0,0,0,0,0,0,0,173.794352829456,0,1.46137218177319,0,37.1011066883802,0,0,0,11.6798775941133,0.421027839183807,125.494387403131,0,21.3196498304605,0,0,0,0,0,0,1.40070544183254,0,0,26.8335324972868,0,0.571816176176071,2.01453065872192,0,0,0,111.860562667251,0,0.331721797585487,0,0,0,0.297969743609428,0,0,0,0,0,7.24693556129932,0,20.6527804285288,119.122475288808,1.8450375944376,91.3523509651423,0,0
0,411.661179631948,0,115.945111528039,0,3.56977897882462,0,0,0,786.378592997789,0,0,0,0,0,44.0340814292431,0,0,0.538663983345032,0,0,0,0,112.202859476209,0,0,0,0,0,0,0,0,0,0,0,0,0,78.6290569603443,0,0,0,0,0,0,0,0,0,0,0,35.648437589407,0,21.2048854380846,0,0,0,0,0,3.19940523803234,0,0.223950460553169,0,171.163913816214,0,0,0,0,321.820313110948,0,0,0,0,0,0,0,0,0,0,0,0,0,245.231237769127,0,16.218837916851,0,36.5599859207869,0,0
0,0,1.53287088871002,0.397213399410248,1.02045863866806,0,0,0,0,0,1299.10237891972,0,0.984725773334503,0,0,0,0,0,0.289253801107407,0,182.860051095486,0,0,0,0,0,0,0,0,0,54.8432850837708,0,0,0,0,0,0.285909861326218,0,160.551022231579,0,0.147736921906471,0.150337412953377,8.31948091089725,0,0,0.136692270636559,2.97184367477894,0,4.4049879014492,0.169641703367233,131.073401615024,0,0,0,0,0,0,0.85368037968874,15.0348239839077,0,5.52549608051777,0,0.368276447057724,43.6177267432213,0,0,0,0,0,0,0,0,0.747821569442749,120.017354145646,0,0,0,0,0.372113361954689,6.29299721866846,0,0,14.6251075565815,0,608.577271737158,0,0.382861256599426
0,17.4445702433586,2.80307609587908,125.496797852218,0.642336785793304,101.985203415155,0,0,0,37.2817734330893,0,1500.44042170048,0,0,0,0,0.641416549682617,0.425108104944229,35.2675816863775,263.349809646606,0,0,0,0,0,0,0,0,0,0,0,0,0,0,0,23.1778445243835,0,308.69437032938,0,5.52810364961624,0.298204496502876,372.955919362605,1.16736835241318,0,0,35.696298956871,1.4625096321106,0,3.63285385072231,83.8771928399801,0,328.369458377361,0,372.266859710217,1.40070544183254,3.19940523803234,0.85368037968874,0,0,180.098256751895,0,10.2243528962135,1226.85815940797,0,0,0,0,0,0,0,0,0,131.735923677683,0,0,0,0,0,34.8203795850277,2.34561364352703,0,0,422.647703431547,1.70588270574808,1760.41957246512,21.2262860834599,0
3.90111088752747,0,4.96451312303543,0,0,0,0,0,0,0,226.826566457748,0,187.812554836273,0,0,0,0,0,0,0,1.73521614074707,0,0,0,0,0,0,0,0,0,0,0,0,0,0,0,0,0,0,0,0,0,0,0,0,0,0,0,0,0,10.7405598759651,0,0,0,0,0,15.0348239839077,0,0,0,50.0153039544821,0,0,4.34934434294701,0,0,0,0,0,0,0,0,0,0,0,0,0,0,0,0,0,0,0,0,79.2954324781895,0,0
0,0.671007081866264,0,9.72009915113449,0,5.82725030183792,0,32.1007971763611,0,0,0,636.851370513439,0,813.017869114876,0,0,0,0,0,3.48620265722275,0,0,0,0,0,0,0,0,0,0,0,0,0,0,0,0,0,0,0,0,0,0,0,0,0,0,0,0,0,0.256859451532364,0,13.814501568675,0,0.786467730998993,0,0.223950460553169,0,180.098256751895,0,0,0,0,0.453951925039291,0,0,0,0,0,0,0,5.11541718244553,0,0,0,0,0,0,0,0,0,0,0,27.1998016834259,3.89282870292664,22.6062310039997,0,0
150.078359037638,0,46.4353409409523,0,0,0,0,0,55.0621317476034,0,0,0,0,0,62.4461638629436,0,0,0,0,0,0,0,0,0,16.2722492814064,0,184.74758027494,0,0,0,0,0,0,0,0,0,0,0,0,0,0,0,0.426813468337059,0,0,0,0,0,0.140288352966309,0,23.9233701378107,0,0,0,26.8335324972868,0,5.52549608051777,0,50.0153039544821,0,0,0,0,0,0,0,0,0.320551812648773,0,85.5541657060385,0,0,0,0,0,0,0,0,0,0,0,0,1.39522559940815,0,9.59622950851917,0,0
0,20.0802133828402,0,51.6322767734528,0,32.1732006520033,0,0,0,381.329621210694,0,0,0,2,0,213.749559700489,0,2.40433919429779,0,0.777376294136047,0,0,0,101.394441604614,0,11.933740824461,0,0,0,0,0,0,0,0,0,0,0,0,0,0,0,1.5588820874691,0,0,0,0,0,0,0.542360663414001,31.5027328282595,0,37.7954902052879,0,0,0,171.163913816214,0,10.2243528962135,0,0,0,0,0,0,0,0,0,0,128.224450021982,0,1.57484036684036,0,0.901776909828186,0,0,0,0,0,0.562036454677582,0,0,0,42.0121619701385,11.919020652771,28.880634278059,0.21965703368187,0
0,29.8602224886417,3.42104537785053,40.6805717721581,0.160353541374207,1.48143166303635,0,0,0,3.16776283085346,0,65.3749839663506,0,0,0,0,8.71336510777473,12.2738412767649,699.376565173268,989.950778156519,0,0,0,0,0,0,0,0,0,0,0,0,0,0,0,1100.02449806035,0,357.025567531586,0,41.9688204079866,6.47517651319504,407.34995239228,4.0097661614418,0,0,2323.30358106643,9.77882234752178,0,4.85298530757427,6.14702826738358,0.513322249054909,3.27017593383789,0,116.123194232583,0.571816176176071,0,0.368276447057724,1226.85815940797,0,0.453951925039291,0,0,0,6.49293597042561,0,0,0,0,0,0,0,0,78.6423075795174,0.231050312519073,0,0,0,0,564.459937661886,19.844358921051,25.9013476967812,1.79192177951336,737.096638292074,1.71926328539848,1330.78000510484,0,0.735113427042961
0.925999045372009,0,3.00851035118103,0,13.1033755093813,0,0,0,6.31546494364738,0,10.483783364296,0,0,0,0,0,18.032249763608,8.02125161886215,533.882811486721,0,1508.17690853775,0,0,0,0,0,0,0,0,0,0,0,0,0,0,0,1023.29260952026,0,64.6981277912855,1.07586801052094,119.3668872118,1.57960397005081,332.500520125031,0,0,12.4908177405596,2435.03517500311,0,1.23030434548855,0,144.723924070597,0,0,0,2.01453065872192,0,43.6177267432213,0,4.34934434294701,0,0,0,6.49293597042561,0,0,0,0,0,0,0,0,0,0,15.9590054452419,0,0,0,0,4.01285924017429,1073.13720499724,0,464.113061524928,524.926830470562,1.90902622044086,1574.22921970487,0,10.2109159827232
0,0,0,0,0,0,0,0,0,0.242727279663086,0,0,0,0,0,0,0,171.620321214199,0,0,0,1438.5170917362,0,10.7284885942936,0,0,0,2.44057762622833,0,0,0,0,0,0,0,0,0,800.186739042401,0,0,0,0,0,0,0,0,0,0.434071511030197,0,307.934286847711,0,0,0,0,0,0,0,0,0,0,0,0,0,0,0,0,43.1859083026648,0,1.37286514043808,0,105.015097156167,0,0,0,0,0,0,0.624480068683624,0,0,460.143596962094,0.774414673447609,195.760389328003,23.3613737374544,0,0,0
0,0,0,0,0,0,0,0,0,0,0,0,0,0,0,0,126.075096219778,0,0,0,0,0,1864.66754595935,0,119.021878898144,0,0,0,0,0,0,0,0,0,0,0,0,0,30.498967975378,0,0,0,0,0,0,0,0,1.76025423407555,456.369949996471,0,0,0,0,0,0,0,0,0,0,0,0,0,0,0,0,0,0,39.5353158414364,0,0.749760016798973,0,15.3799565136433,0,0,0,0,0,0,0,0,0,265.028722792864,92.0953236222267,42.2840189039707,0,0,0
0,0,0,0,0,0,0,0,0,226.643888682127,0,0,0,0,0,0,1.84332287311554,50.982001632452,0,0,0,192.649351775646,0,767.461213931441,0,8.39597553014755,0,0,0,0,0,0,0,0,0,0,0,396.967396631837,0,0,0,0,0,0,0,0,0,0,0,84.4893523454666,0,0,0,0,0,321.820313110948,0,0,0,0,0,0,0,0,43.1859083026648,0,0,0,22.8185012936592,0,0,0,0,0,0,0,0,0,0,0,248.387862727046,0,13.7736592292786,0,238.258780285716,0,0
0,0,0,0,0,0,0,0,166.542336717248,0,0,0,0,0,0,0,47.5651785135269,0,0,0,0,0,155.730595335364,0,1133.15264360607,0,31.5145357698202,0,0,0,0,0,0,0,0,0,0,0,561.657806262374,0,0,0,0.23828749358654,0,0,0,0,0,22.4634189605713,0,0,0,0,0,111.860562667251,0,0,0,0,0,0.320551812648773,0,0,0,0,39.5353158414364,0,0,0,10.1415148675442,0,0,0,0,0,0,0,0,0,0,0,122.867407500744,186.717982888222,0,2.73514932394028,0,0
0,0,0,0,0,0,0,0,0,11.4533412456512,0,0,0,0,0,101.319257080555,0,214.561565041542,0,0,0,2.26255989074707,0,123.857409119606,0,353.363533005118,0,0,0,0,0,0,0,0,0,0,0,0,0,0,0,0,0,0,0,0,0,0,0,22.8091942071915,0,0,0,0,0,0,0,0,0,0,0,128.224450021982,0,0,1.37286514043808,0,22.8185012936592,0,0,0,224.561721265316,0,0,0,0,0,0,0,0,0,0,0,3.03331476449966,0,0,0,0
2.81578400731087,0,0,0,0,0,0,0,4.01542794704437,0,0,0,0,0,6.03457540273666,0,178.514392375946,0,0,0,0,0,18.1024895906448,0,68.7225399315357,0,238.309895351529,0,1.18550355732441,0,0,0,0,0,0,0,0,0,0,0,0,0,0,0,0,0,0,0,0,0,0,0,0,0,0.331721797585487,0,0,0,0,0,85.5541657060385,0,0,0,0,0.749760016798973,0,10.1415148675442,0,0,0,401.269896104932,0,0,0,0,0,0,0,0,0,0,0,0,0,0,0
0,0,0,0,0,0,0,0,0,0,0,0,0,54.7938455343246,0,0,0,0,0,0,0,19.0685261338949,0,0,0,0,0,946.561062738299,0,0,0,0,0,0.209182754158974,0,0,0,220.052089527249,0,0,0,0,0,0,0,0,0,9.74569840729237,0,235.78766079247,0,0,0,0,0,0,0,0,0,5.11541718244553,0,1.57484036684036,0,0,105.015097156167,0,0,0,224.561721265316,0,0,0,13.970366448164,0,0,0,0,0,0,0,352.854494899511,0,85.7536842823029,9.91708260774612,0,0,0
0,0,0,0,0,0,0,0,0,0,0,0,0,0,0,0,0,0,0,0,0,0,0,0,0,0,23.7242116928101,0,252.065938621759,0,0,0,0,0,0,0,0,0,0,0,0,0,0,0,0,0,0,0,0,0,0,0,0,0,0,0,0,0,0,0,0,0,0,0,0,15.3799565136433,0,0,0,401.269896104932,0,0,0,0,0,0,0,0,0,0,0,0,0,0,0,0,0
0,0,0,17.2674395591021,0,0,0,0,0,5.70190545916557,0,28.668607711792,0,0,0,0,0,0,10.8622480630875,31.8435548245907,0,0,0,0,0,0,0,0,0,248.831423684955,0,0,0,0,0,0,0,0,0,1.00271953642368,0,4.38325107097626,0,0,0,39.8735751956701,0,0,0,170.129591912031,0,0,0,0,0,0,0.747821569442749,131.735923677683,0,0,0,0.901776909828186,78.6423075795174,0,0,0,0,0,0,0,13.970366448164,0,0,0,0,0,0,0,16.6272962391376,0.218230724334717,18.7438758313656,0,31.0836166143417,0.186047270894051,309.095367535949,1.10559916496277,0
0,0,0.499611169099808,0,0,0,0,0,0,0,49.3736908584833,0,0,0,0,0,0,0,0.141908839344978,0,0,0,0,0,0,0,0,0,1.02536059916019,0,282.110996857285,0,0,0,0,0,0,0,121.391529083252,0,0,0,40.2795801907778,0,0,0,1.52406594157219,0,2.8605669438839,0,0,0,0,0,0.297969743609428,0,120.017354145646,0,0,0,0,0,0.231050312519073,15.9590054452419,0,0,0,0,0,0,0,0,0,0,0,0,0,0,0,1.26246111094952,0,4.70713591575623,3.48859629034996,0,649.523896336555,0,0.533281862735748
0,0,0,0,0,0,0,0,0,0,0,0,0,0,0,0,0,0,0,0,0,0,0,0,0,0,0,0,0,0,0,1753.19868965447,183.154826939106,138.806286454201,0,1.74506545066833,0,0,0,0,0,0,0,0,0,0,0,365.292307339609,0,1.35554406791925,0,0,0,0,0,0,0,0,0,0,0,0,0,0,0,0,0,0,0,0,0,0,0,0,0,9.44544249773026,278.178253948689,2.91118478775024,26.4511036872864,0.50597482919693,0,0,25.4687906205654,0,0,0,0
0,0,0,0,0,0,0,0,0,0,0,0,0,0,0,0,0,0,0,0,0,0,0,0,0,0,0,0,0,0,0,199.398160070181,741.085541248322,0,21.7019359469414,0,655.980608403683,0,0,0,0,0,0,0,0,0,0,268.508491590619,2.32402044534683,1.53448608517647,0,0,0,0,0,0,0,0,0,0,0,0,0,0,0,0,0,0,0,0,0,0,0,0,9.44544249773026,0,0,78.2435249388218,0,146.746500685811,0,0,483.349256455898,0,0,0,0
0,0,0,0,0,0,0,0,0,0,0,0,0,0,0,0,0,0,0,0,0,0,0,0,0,0,0,0,0,0,0,45.1532118022442,0,2228.70580676198,327.484410464764,240.591845035553,0,58.4997066259384,0,0,0,0,0,0,0,0,0,114.160526499152,0,5.3117231875658,0,0,0,0,0,0,0,0,0,0,0,0,0,0,0,0,0,0,0,0,0,0,0,0,278.178253948689,0,0,5.45891070365906,106.794347926974,0,99.7333281040192,0,194.563930094242,0,0,0,0
0,0,0,0,0,0,0,0,0,0,0,0,0,0,0,0,0,0,0,0,0,0,0,0,0,0,0,0,0,0,0,0,44.4506576061249,193.187407284975,3662.4901291728,0,84.5883985757828,0.854348391294479,113.570968031883,0,0,0,0,0,0,0,0,42.750319108367,4.49592489004135,0,0,0,0,0,0,0,0,0,0,0,0,0,0,0,0.624480068683624,0,0,0,0,0,0,0,0,0,2.91118478775024,78.2435249388218,5.45891070365906,0,0,208.31607401371,2.11882241070271,185.72010704875,190.828130334616,19.2160283178091,0,0,0
0,272.693409234285,2.10691359639168,53.6266199052334,0,1.23290325701237,0,0,0.286103576421738,4.00612755119801,0,0,0,0,0,0,14.2857801765203,25.9656812846661,1280.92823110521,55.6441527158022,0.980957269668579,0,0,0,0,0,0,0,0,0,0,40.6855199038982,0,46.6255226135254,0,5723.32724414021,443.270746082067,14.2985879182816,0,102.086720138788,7.0512453764677,403.351510196924,3.71102356910706,0,0,762.34133221209,3.76972939074039,1016.99899494648,0.650719285011292,636.556774333119,0,4.02961118519306,0,0,0,0,0.372113361954689,34.8203795850277,0,0,0,0.562036454677582,564.459937661886,4.01285924017429,0,0,0,0,0,0,0,0,16.6272962391376,0,26.4511036872864,0,106.794347926974,0,0,24.9014979302883,1455.94390682876,1.79372990131378,827.584566548467,3.41496326029301,1060.04445341229,15.6032182276249,0
8.12760218977928,0,8.44161178171635,3.97773636877537,9.61048063635826,0,0,0,3.40198616683483,0,0,0,0,0,0,0,33.2920354902744,16.6165092289448,1392.96179223806,0,297.037577822804,0,0,0,0,0,0,0,0,0,0,3.17191556096077,47.5509271547198,0,98.4183840602636,498.911265939474,4409.52969864756,0,76.1602918356657,8.22765153646469,215.705270901322,5.79505689442158,572.051735505462,0,0,17.8002231568098,412.9344066903,601.039351664484,55.2412820085883,0,7.37468485534191,0,0,0,7.24693556129932,0,6.29299721866846,2.34561364352703,0,0,0,0,19.844358921051,1073.13720499724,0,0,0,0,0,0,0,0,0.218230724334717,1.26246111094952,0.50597482919693,146.746500685811,0,208.31607401371,24.9014979302883,0,0,91.2370897904038,747.001938335598,9.73436076939106,1374.69023431838,0.661079585552216,33.3692985773087
0,0.46818882226944,0,0.162735924124718,0,0,0,0,0,85.3462908118963,0,0,0,0,0,0,0,0,7.12159913778305,1.7790470123291,0,217.050455212593,0,314.271434396505,0,4.28323647379875,0,0,0,0,0,0,0,885.005959197879,0.458813607692719,747.508893176913,0,8294.20346981287,14.5271360129118,0.236776873469353,0,1.6169245839119,0,0,0,29.2872805297375,0,350.636971861124,0,470.845634534955,0,0,0,0,0,245.231237769127,0,0,0,0,0,0,25.9013476967812,0,460.143596962094,0,248.387862727046,0,0,0,352.854494899511,0,18.7438758313656,0,0,0,99.7333281040192,2.11882241070271,1455.94390682876,0,0,3.39863237738609,253.212747260928,376.515126913786,21.8994188606739,0,0
0,0,12.8309893161058,1.98500932753086,4.67143304646015,0,0,0,10.6915529817343,0,0,0,0,0,0,0,5.1851322799921,2.57573993504047,199.986677348614,0,54.1222895234823,0,1015.18085633218,0,114.318960040808,0,0,0,0,0,97.2185766100883,0,0,0,268.817665755749,0,436.628793716431,1.72681212425232,7721.87040929496,0,26.8959938883781,0,107.712245754898,0,0,0.331080600619316,322.304052636027,717.580446794629,80.1571003496647,0,2.10899047553539,0,0,0,20.6527804285288,0,0,0,0,0,0,0,1.79192177951336,464.113061524928,0.774414673447609,265.028722792864,0,122.867407500744,0,0,0,0,0,4.70713591575623,0,0,0,185.72010704875,1.79372990131378,91.2370897904038,3.39863237738609,0,993.288091756403,218.702543750405,379.080514550209,0,97.3857436478138
