0,0,0.0961732734260663,0,0.00229598454635736,0,0,0,0.0268720709696262,0,0,0,0,0,0,0,0,0,0,0,0,0,0,0,0,0,0,0,0,0,0,0,0,0,0,0,0,0,7.92737843984535e-06,0,0,0,0.000351601237896504,0,0,0,0.000122063436136105,0,0.00371280683303686,0,0.000676310241021796,0,0,0,0.0112717756039477,0,0.00937745834236448,0,0.00598431246274527,0,0.00273924134927057,0,0,0,0,0,0,0,0,0,0,0,0,0,0,0,0,0,0,0,0,0,0.000366358514650613,0,0.0172383541435887,0,0
0,0,0,0.105225484878017,0,0.0105145334133042,0,0,0,0.0604727609805102,0,0,0,0,0,0.00327571571048165,0,2.82050267217976e-05,0,0,0,0,0,0.00356978650685887,0,0.000308138977683878,0,0,0,0,0,0,0,0,0,0,0,0,0,0,0,0.00208595266770912,0,0,0,0,0,0,0,0.0196727751482819,0,0.00114612883879619,0,0,0,0.0384125886601037,0,0.000748413044033716,0,0.000168738141726301,0,0.0131425189364065,0.000275014117506594,0,0,0,0.000372694920165903,0,4.19930849171616e-05,0,0,0,0,0,0,0,0,0,0,0,0,0,0.00139745447763669,0,0.0212440683927292,8.63560863464587e-05,0
0.0961732734260663,0,0,0,0.00757022162143787,0,0,0,0.00266745211812086,0,0,0,0,0,0,0,0,0,0,0,0,0,0,0,0,0,0,0,0,0,0,0,0,0,0,0,0,0,0,0,0,0,0.000388951353043903,0,0,0,0.0168056303695843,0,0.00559369189431617,0,0.0126507318046935,0,0,0,0.0190202990416679,0,5.16127716275322e-05,0,0,0,0.00131221274765912,0,0,0.000146158546274715,0,0,0,0,0,0,0,0,0,0.000257546246460951,0,0,0,0,0,2.38886625483433e-05,0,0,0.000209314221605498,0,0.017736153314912,0,0
0,0.105225484878017,0,0,0,0.0259192800580034,0,0,0,0.00344217245333807,0,0,0,0,0,0.0027786321059278,0,0,0,0,0,0,0,0,0,0,0,0,0,0,0,0,0,0,0,0,0,0,0,0,0,0.00372844013456964,0,0,0,0.0123041196977768,0,0,0,0.00951838624129219,0,0.000774130894296603,0,0,0,0.00320295714794205,0,0.00566357891321377,0,0,0,0.0108382892671442,0.00325733951473817,0,0,0,0,0,0,0,0,0,0.00036745559192139,0,0,0,0,0,0,0,4.51328798855919e-06,0,0.000385328844052028,0.000222722799233752,0.0199866407194313,0,0
0.00229598454635736,0,0.00757022162143787,0,0,0,0,0,0,0,0,0,0,0,0,0,0,0,3.61899355150412e-05,0,0,0,0,0,0,0,0,0,0,0,0,0,0,1.79260000084938e-05,0.000135701392725915,0,2.25616946410275e-05,0,2.29602607800994e-06,0,5.13299718638664e-05,0,0.000149681622671051,0,0,0,0.00159601559746073,0.000309672519141727,0.000363523842553718,0,0.0178309229383024,0,0,0,0.00887457021095736,0,0.000287123254126153,0,0,0,0,0,0,0.00472076721956197,0,0,0,0,0,0,0,0,1.34259161766403e-05,0.000288755410964482,0,0,0,3.35810456372162e-05,0,1.89452548707476e-05,0,3.01235616081652e-05,0.000287278041502192,0,0.00401479030213356,0,0
0,0.0105145334133042,0,0.0259192800580034,0,0,0,0.0112518249221881,0,6.20036045730112e-05,0,0,0,0,0,0,0,0,0,8.85892539077291e-05,0,0,0,0,0,0,0,0,0,0,0,0,0,0,0,0,0,0,0,0,0,0.000236224545938123,0,0,0,9.02293434663914e-05,0,0,0,9.17867999101946e-05,0,0.0613773036368969,0,0.0205120737055472,0,0.00162162917266911,0,0.000111698756935313,0,0.00537259786589367,0,0,0.00670430572092944,0,0,0,0,0,0,0,0,0,0,0,0,0,0,0,0,0,0,0,0.00156467976732689,0.000677575375230249,0.00219255382733162,0,0
0,0,0,0,0,0,0,0,0,0,0,0,0,0,0,0,0,0,0,0,0,0,0,0,0,0,0,0,0,0,0,0,0,0,0,0,0,0,0,0,0,0,0,0,0,0,0,0,0,0,0,0,0.0109728978344569,0,0,0,0,0,0,0,0,0,0,0,0,0,0,0,0,0,0,0,0,0,0,0,0,0,0,0,0,0,0.00035356716863498,0,0,0,0
0,0,0,0,0,0.0112518249221881,0,0,0,0,0,0.00652479170351878,0,0.00115493884434081,0,0,0,0,0,0.00106733802414175,0,0,0,0,0,0,0,0,0,0,0,0,0,0,0,0,0,0,0,0,0,0,0,0,0,0,0,0,0,0,0,0.0095021205143616,0,0.0716543923595958,0,0,0,0.00386077836155549,0,0.00878289716403336,0,0,0,0,0,0,0,0,0,0,0,0,0,0,0,0,0,0,0,0,0,0,0.000467244956357448,0,0,0,0
0.0268720709696262,0,0.00266745211812086,0,0,0,0,0,0,0.000816772872117219,0,0,0,0,0.0378322090608669,0,0.0183198613443003,0.000778256933685275,0.00509340509234614,0,0,0,8.16168917147425e-06,0,0.0074999526073477,0,0.0047849496301328,0,0,0,0,0,0,0,0,1.77806262510371e-05,0,0,0.000796421943226504,0,0,0,9.89204427649707e-05,0,0,0,0,0,0.000714368307189784,0,0,0,0,0,0.0745259874007115,0,8.6649358333496e-05,0,0.000495351566950438,0,0.0203963482649077,0,0,0,0,0,0,0,0,0.00123660003720414,0,0,2.1661714936015e-05,0,0,0,0,0,0,6.5472008636974e-06,0,3.94531476988434e-05,0.00438025528352761,0,0.00141042782661031,0,6.97288299079217e-05
0,0.0604727609805102,0,0.00344217245333807,0,6.20036045730112e-05,0,0,0.000816772872117219,0,0,0,0,0.000377237215232498,0,0.0182059415783496,0.000343973003466971,0.0151645921239578,0.00196710752372666,0,0,0,0,0.0256853284595219,0,0.00423678623986294,0,7.94267886147261e-05,0,0,0,0,0,0,0,0,0,0.000626660197716105,0,0,0,0.0019844275141266,0,0,0,0,0,1.97193742005513e-05,0,0.000911617641485214,0,0,0,0,0,0.0753602512953297,0,0.000341648262974587,0,0.000236355403405289,0,0.00680047702386398,0,0,7.46991014863784e-06,0,0.00342469218772656,0,0.00198549381671395,0,0,0,0,0,0,0,0,0,0,0,0.00017516774375011,0,0.00342514466789576,6.95300954768824e-06,0.00304446476195021,0.00137388967199756,0
0,0,0,0,0,0,0,0,0,0,0,0,9.29912921378519e-05,0,0,0,0,0,4.55363539600211e-06,0,0.00459828817843198,0,0,0,0,0,0,0,0,0,0.00165639460498322,0,0,0,0,0,0.00100250655412877,0,0.00496053702676779,0,0,0,0.000163089966648604,0,4.29946230298102e-05,0,0.00047083245816799,0,2.21794349741919e-05,0,0,0,0,0,0,0,0.0521981605637053,0,0.000651510378635907,0,0,0,0,0.00717597993771542,0,0,0,0,0,0,0,4.519602631362e-05,0,0.00392805818992719,0,0,0,0,0,1.4620295904768e-05,0,0.00592701352505712,0.00149399322653144,4.52143235164132e-05,0.000274843323686977,0,0
0,0,0,0,0,0,0,0.00652479170351878,0,0,0,0,0,0.00797644254081721,0,0,0,0,0,0.0178168729178437,0,0,0,0,0,0,0,4.11993103430288e-05,0,0.0109862611599189,0,0,0,0,0,0.000446767902116957,0,0.00700663871882134,0,4.36593188477631e-06,0,0.000102319652720447,0,0,0,0.000118267139113329,0,0,0,0,0,0,0,0.00212316924107596,0,0,0,0.121992353866372,0,0.00141980278942566,0,0,0.00433137428218119,0,0,0,0,0,0,0,0.00030008060524969,0,0.00895717589046476,0,0,0,0,0,0,0,0.00105937911223766,0,0.00218758599255865,0,2.0581514583321e-05,0,0
0,0,0,0,0,0,0,0,0,0,9.29912921378519e-05,0,0,0,0.000325910782632801,0,0,0,0,0,0,0,0,0,0,0,0.000165661886570296,0,0.00173050219823221,0,0,0,0,0,0,0,0,0,0,0,0,0,0,0,0,0,0,0,0,0,0,0,0,0,0,0,0,0,0.00853377656189944,0,0,0,0,0,0,0,0,0,0,0,0,0.0019407085289814,0,0,0,0,0,0,0,0,0,0,2.09562269010714e-05,0,0,0,0
0,0,0,0,0,0,0,0.00115493884434081,0,0.000377237215232498,0,0.00797644254081721,0,0,0,0.00626033369774967,3.7322317000711e-05,0.00632969208331163,0,0,0,0,0,0,0,0.00219615915977175,0,0.00487634851121192,0,2.48960862721617e-05,0,0,0,0,0,0,0,0,0,0,0,0,0,0,0,0,0,0,0,0,0,7.12986856529789e-05,0,0.00205484823416885,0,0,0,0.00120970195134713,0,0.0330068863882697,0,0.00331935431117082,0,0,0,0,0,0,0.00106632978022886,0,0.000362365866155771,0,0.0015719038281198,0,0,0,0,0,0,0,0,0,0.000805424206622766,3.72392697327173e-05,0,0,0
0,0,0,0,0,0,0,0,0.0378322090608669,0,0,0,0.000325910782632801,0,0,0,0.0132999010554218,4.93985037306501e-05,0.000592432359434601,0,0,0,0,0,0.0019079720984557,0,0.0113699584374341,0,0,0,0,0,0,0,0,0,0,0,0,0,0,0,0,0,0,0,0,0,4.89021476823837e-05,0,0,0,0,0,0.00663220516589747,0,0,0,0.000314819574867039,0,0.0387403023215766,0,0,0,0,0,0,0,0,0.00417938895442685,0,0,0,0,0,0,0,0,0,0,0,0,0.00131398355342554,0,0,0,0
0,0.00327571571048165,0,0.0027786321059278,0,0,0,0,0,0.0182059415783496,0,0,0,0.00626033369774967,0,0,9.43764700978575e-05,0.0209378818861345,0.000329409287379053,0,0,0,0,0.00447111596258236,0,0.02602905116109,0,0.0027102825835327,0,0,0,0,0,0,0,0,0,0,0,0,0,0,0,0,0,0,0,0,0,0,0,0,0,0,0,0.00626255072570594,0,0.00458250210785631,0,0.00854261319672135,0,0.0588337758321333,0,0,0,0,0.000620367241039662,0,0.0150329537829899,0,0,0,0,0,0,0,0,0,0,0,0,0,0.000674526093016082,0,0,0,0
0,0,0,0,0,0,0,0,0.0183198613443003,0.000343973003466971,0,0,0,3.7322317000711e-05,0.0132999010554218,9.43764700978575e-05,0,0.0449596281114956,0.0316174194518109,0,0,0,0.000645781613030402,0.000166195560603955,0.00145961976086809,5.13824244845777e-05,0.0205207120941205,0,8.17380504772063e-05,0,0,0,0,0,0,2.5838664185529e-05,7.52446127666034e-05,0,2.90295844565889e-05,0.000224314467274961,0.000294670016358069,0.000103012566097225,0.000369301662244365,2.35571699603091e-05,0.000244761078741528,3.6207954670441e-05,4.25005874644123e-05,1.44196265243002e-06,3.31057190329284e-05,0,0,0,0,0,0.00256922408924412,1.15578669359666e-05,2.12524017424265e-06,0,0,0,0.00405772579731784,3.92680627531495e-05,0,4.33101765416351e-06,0,0.000159048721821796,2.98871504420075e-05,0,7.2225479487398e-05,0.00429037929549963,0,0,1.47928039134812e-06,5.08802740648154e-05,0,0,4.03497440116049e-06,0,0.000102923460910859,0.00070016043380321,7.05156416232684e-06,0.000139627975209558,0.0171502828689556,0.000344009435623822,0.000447766052833857,0,4.89212278463505e-05
0,2.82050267217976e-05,0,0,0,0,0,0,0.000778256933685275,0.0151645921239578,0,0,0,0.00632969208331163,4.93985037306501e-05,0.0209378818861345,0.0449596281114956,0,0.0338667927803221,0,0,0.00133481405127104,0,0.00466479120606433,0,0.0268829850692309,3.92192856022364e-05,0.00360675089464971,0,0,0,0,0,0,0,3.81911526799742e-06,1.29816636768634e-05,1.31793083239473e-06,1.08047077636575e-06,0.000158783472872266,1.69889437864023e-05,7.30573754136646e-05,4.14153773050442e-05,0,1.10153647174583e-05,2.75274025761683e-06,4.55305259965439e-06,0,0,9.2270257446081e-06,0,0,0,0,9.01512017773101e-05,0.00248347184515522,0,0,0,0.000844619711003622,6.55658110605573e-05,0.00864273223443535,0,0,0.000563465320795762,0,0.00170819033423883,0,0.00932215976913311,0,0,0,1.60460777152045e-05,7.85003946664297e-06,0,0,0,0,0.000116545125808849,0.000113438549631466,0,2.84714615726146e-05,0.017315313175791,0.000131725883915022,7.58489481210533e-05,5.01245322746044e-06,6.05583466942571e-05
0,0,0,0,3.61899355150412e-05,0,0,0,0.00509340509234614,0.00196710752372666,4.55363539600211e-06,0,0,0,0.000592432359434601,0.000329409287379053,0.0316174194518109,0.0338667927803221,0,0,2.22673078884846e-05,0,0,0.000543913448504366,0,0.000419566723878536,0.000345632076881228,0,0,5.65020263166272e-05,0,0,0,4.32528596718091e-05,1.14600697196883e-05,0.00106945496812415,0.000795974802129409,0.000299844784153764,0.000505895561303243,0.0154561166399681,0.00867322275424802,0.00816192937030641,0.0159359682999502,0.00372598103766915,0.00430085506066454,0.0024128105898604,0.000390543271266543,0.000277932946006961,0.000748218427258911,0.00084308036704988,0,0,0,0,0.000569731434808495,0.000235338166773198,9.54982317533923e-05,0.000161345327396531,0,4.79785736241301e-05,0.000126130620540781,9.41282593797799e-05,0.000135758820321337,4.35313675014113e-05,0,0,3.85585306090959e-05,0,0.000185692113221144,0,4.55873104563791e-05,3.41354250432951e-05,0.00110050466707112,0.000956728975582934,0,0,0.000159819854609947,0,0.00538414368899989,0.0086520346886586,0.00185572486501715,0.00245192076688756,0.0118057047317376,0.000290606563805981,0.0108872888854167,0.00172740416317703,0.00118086516079929
0,0,0,0,0,8.85892539077291e-05,0,0.00106733802414175,0,0,0,0.0178168729178437,0,0,0,0,0,0,0,0,0,0,0,0,0,0,0,0,0,0.00112288587185845,0,0,0,0,0,0.00620123880264569,0,0.000704476971501956,0,0.000473639705350932,0,0.000400104392245038,0,0.00013301377226136,0,0.00280436027697244,0,7.277375644424e-05,0,7.49235567115261e-05,0,0,0,0.000122253730735673,0,0,0,0.00952450261096576,0,0,0,0,0.0953225438677749,0,0,0,0,0,0,0,0.000131611346147564,0,0.00856302476041936,0,0,0,0,0,0.00609378277465069,0,0.00609948199765791,0,0.00209935182582068,0,0.000466308785091909,0,0
0,0,0,0,0,0,0,0,0,0,0.00459828817843198,0,0,0,0,0,0,0,2.22673078884846e-05,0,0,0,0,0,0,0,0,0,0,0,0,0,0,0,3.06731514118619e-05,0,0.00615982955537544,0,0.00546796835044791,0,0.00224888706866813,0,0.00237129104122052,0,6.06745194773268e-05,0,0.00596916314244538,0.000231589282396341,0.000557310414604052,0,0,0,0,0,0,0,0.0191307615358015,0,0,0,0,0,0,0.102282386218102,0,0,0,0,0,0,0,0.00050142864329026,0,0.00921855943145993,0,0,0,0,0,0.00949718103032336,0,0.00410633931786343,0.00086712178719798,0,0.00124866817490254,0,0.000332961537802774
0,0,0,0,0,0,0,0,0,0,0,0,0,0,0,0,0,0.00133481405127104,0,0,0,0,0.00143900857638877,0.00261791046383293,0,0.000695881737110746,0,0.00247383593741418,0,0,0,0,0,0,0,0,0,0.00607821696454686,0.00010541136663634,0,0,0,0,0,0,0,0,0,0,0.0011413904979783,0,0,0,0,0,3.53510548386601e-06,0,0,0,0,0,0,0,0,0.0893134676864692,0,0.00203310397603977,0,0.00110019542800941,0,0.00160721298965166,0,0,0,0,0,0,0,0,0,0.00279970399229651,9.14505580066106e-06,0.00186287163451024,8.79411370731627e-05,5.29584221749821e-06,0,0
0,0,0,0,0,0,0,0,8.16168917147425e-06,0,0,0,0,0,0,0,0.000645781613030402,0,0,0,0,0.00143900857638877,0,0,0.000495506901152027,0,0.000440192209478329,0,0.00160391318311741,0,0,0,0,0,4.24301685070949e-06,0,0,0,0.00692331483046487,0,0,0,0,0,0,0,0,0.000136856249709294,0.000344290900107004,0,0,0,0,0,0,0,0,0,0,0,0,0,0,0,0,0.0833601720809221,0,0.00109673585535675,0,0.00134099232659388,0,0.00134996435011894,0,0,0,0,0,0,0,0,0,0.00308682000801795,0.00200709341670737,0.000750512341594103,1.10193325852448e-05,0,0
0,0.00356978650685887,0,0,0,0,0,0,0,0.0256853284595219,0,0,0,0,0,0.00447111596258236,0.000166195560603955,0.00466479120606433,0.000543913448504366,0,0,0.00261791046383293,0,0,0,0.0275447584816484,0,1.71101263140112e-05,0,0,0,0,0,0,0,0,0,0.00165970072715326,0,0,0,0,0,0,0,0,0,0,0,0.00843125513155741,0,0,0,0,0,0.00327884573602968,0,0,0,0,0,0.00209540606292084,0,0,0.00250173764951282,0,0.109592763137943,0,0.013868121539143,0,1.91963973292944e-05,0,0,0,0,0,0,0,0,0,0.00158857787757632,0,0.00150645662400039,0,0.00223014896785973,0,0
0,0,0,0,0,0,0,0,0.0074999526073477,0,0,0,0,0,0.0019079720984557,0,0.00145961976086809,0,0,0,0,0,0.000495506901152027,0,0,0,0.0155512372199527,0,0,0,0,0,0,0,0,0,0,0,0.001832367188674,0,0,0,0,0,0,0,0,2.04373482078782e-05,0.00129386120232166,0,0,0,0,0,0.0241076122155203,0,0,0,0,0,0,0,0,0,0,0.00059976439120685,0,0.0383481753387612,0,0.00617968289835281,0,0,0,0,0,0,0,0,0,0,0,0.00210483814266364,0.00073940252184193,0,0.000533686726862637,0,0
0,0.000308138977683878,0,0,0,0,0,0,0,0.00423678623986294,0,0,0,0.00219615915977175,0,0.02602905116109,5.13824244845777e-05,0.0268829850692309,0.000419566723878536,0,0,0.000695881737110746,0,0.0275447584816484,0,0,0,0.00892205088756611,0,0,0,0,0,0,0,0,0,0,0,0,0,0,0,0,0,0,0,0,0,0.00145066078043697,0,0,0,0,0,0.00088855830547951,0,0,0,0.00187480304629413,0,0.0128544471487661,0,0,2.85616351902718e-05,0,0.0620405175938299,0,0.0453166134754332,0,0.00225518820426694,0,0,0,0,0,0,0,0,0,0,0,0.00111074963864086,0,0.00115995040437208,0,0
0,0,0,0,0,0,0,0,0.0047849496301328,0,0,0,0.000165661886570296,0,0.0113699584374341,0,0.0205207120941205,3.92192856022364e-05,0.000345632076881228,0,0,0,0.000440192209478329,0,0.0155512372199527,0,0,0,0.0024761858896156,0,0,0,0,0,0,0,0,0,0,0,0,0,0,0,0,0,0,0,0,0,0,0,0,0,0.00141314847841247,0,0,0,0.000257818365144248,0,0.00633718672795965,0,0,0,0,0.000675930503245822,0,0.00159456588142943,0,0.0382418265251881,0,0.000852509860902132,0,0,0,0,0,0,0,0,0,0,0.0012556274375593,0,0,0,0
0,0,0,0,0,0,0,0,0,7.94267886147261e-05,0,4.11993103430288e-05,0,0.00487634851121192,0,0.0027102825835327,0,0.00360675089464971,0,0,0,0.00247383593741418,0,1.71101263140112e-05,0,0.00892205088756611,0,0,0,0.0107532926585756,0,0,0,0,0,0,0,0,0,0,0,0,0,0,0,0,0,0,0,0,0,0,0,0,0,0,0,0.000264973186713248,0,0.00137301113342165,0,0.000298957251119825,0,0,8.40907565003488e-05,0,0,0,0.00393117752580186,0,0.0536418822506337,0,0.00387002996412809,0,0,0,0,0,0,0,4.12386731420564e-06,0,0.000381128072506961,2.05428299478051e-05,0,0,0
0,0,0,0,0,0,0,0,0,0,0,0,0.00173050219823221,0,0,0,8.17380504772063e-05,0,0,0,0,0,0.00160391318311741,0,0,0,0.0024761858896156,0,0,0,0.00164911222090453,0,0,0,0,0,0,0,0.00230192167840298,0,0,0,0,0,0,0,0,0,0,0,0,0,0,0,0,0,0,0,0.00346569190011266,0,0,0,0,0,0,0.000729471500215239,0,0,0,0.00108283496372665,0,0.0287387070883738,0,0.00315584538735242,0,0,0,0,0,0,0,0.000876027991652057,5.19611654254523e-05,0,0,0,0
0,0,0,0,0,0,0,0,0,0,0,0.0109862611599189,0,2.48960862721617e-05,0,0,0,0,5.65020263166272e-05,0.00112288587185845,0,0,0,0,0,0,0,0.0107532926585756,0,0,0,0,0,0,0,7.51178179030439e-07,0,0.00405171580333772,0,0.000118478572741784,0,7.21712662642671e-05,0,0.000190609132869034,0,0.000302708582949689,0,0,0,0,0,0,0,0,0,0,0,0.00363772997756509,0,0,0,0,0.00277902037019148,0,0,0,0,0,0,0,0.000933300580683922,0,0.0685255591510751,0,0,0,0,0,2.60890172210452e-05,0,0.00160757887515713,0,9.70336158972061e-05,0,1.05359658838661e-05,0,0
0,0,0,0,0,0,0,0,0,0,0.00165639460498322,0,0,0,0,0,0,0,0,0,0,0,0,0,0,0,0,0,0.00164911222090453,0,0,0,0,0,0,0,0,0,0.00238013443220732,0,0,0,0,0,0,0,0,0,0,0,0,0,0,0,0,0,0.000267938092280283,0,0,0,0,0,0,0,0,0,0,0,0,0,0,0.000126934748054567,0,0.0485658250074645,0,0,0,0,0,0,0,0.000551582475942091,0.000128137289491406,0,0,0,0
0,0,0,0,0,0,0,0,0,0,0,0,0,0,0,0,0,0,0,0,0,0,0,0,0,0,0,0,0,0,0,0,0.0533978921778278,0.00650454579529712,0.00465806030376594,0.00468051318971713,0.00127448826863033,0,0,0,0,0,0,0,0,0,0,0.0306349077677579,0.000298305614675485,0.000644406201283658,0,0,0,0,0,0,0,0,0,0,0,0,0,0,0,0,0,0,0,0,0,0,0,0,0.0484064336139011,0.0199083103834896,0.000613575530128075,0.000567393929526975,0.00211688183194106,0.000413117343767986,0,0,0.00277307692544869,0,0,0,0
0,0,0,0,0,0,0,0,0,0,0,0,0,0,0,0,0,0,0,0,0,0,0,0,0,0,0,0,0,0,0,0.0533978921778278,0,0.00181026632111695,0.0133083796167099,0.00102782161414703,0.00698751659422803,0,0,2.94897067855068e-05,9.56410967547358e-05,0,0,0,0,2.65982770873419e-05,5.24182999347041e-05,0.0335008289852423,0.00149643567930816,0,0,0,0,0,0,0,0,0,0,0,0,0,0,0,0,0,0,0,0,0,0,0,0,0,0.0354533542852758,0.16066240821766,0.000637895335015995,0.00162136797541609,0.00101683998759953,0.0146663037399327,0,0,0.00130188668547205,0,3.2032844594351e-05,0,0
0,0,0,0,1.79260000084938e-05,0,0,0,0,0,0,0,0,0,0,0,0,0,4.32528596718091e-05,0,0,0,0,0,0,0,0,0,0,0,0,0.00650454579529712,0.00181026632111695,0,0.0455519110270331,0.00609575208934397,9.3350959011389e-05,0.00241236139901857,0,0.000527281660444506,0.00101620036864306,0.000704826882315418,2.62093220719586e-05,0.000131867087207632,0,0.000276234800970137,0.000471439202763167,0.0807633829453736,0.000115608044330355,0.00695011983669144,0,0,0,0,0,0,2.59212405162064e-05,2.07086257030951e-05,0,0,0,0,8.78339655273581e-05,3.53425004744812e-05,0,0,0,0,0,0,0,0,0,1.42634265727796e-05,0.000945892544629063,9.6539292534305e-05,0.273109770314949,0.0845138120783704,0.00831551787890862,1.53341648652157e-05,0.00936491833469127,2.48647761930143e-06,0.00131373169909767,0,0.00110810396093946,0,0
0,0,0,0,0.000135701392725915,0,0,0,0,0,0,0,0,0,0,0,0,0,1.14600697196883e-05,0,3.06731514118619e-05,0,4.24301685070949e-06,0,0,0,0,0,0,0,0,0.00465806030376594,0.0133083796167099,0.0455519110270331,0,0.000980885176392518,0.00458821720148033,0,0.00496250535157015,0,0.00195836909504505,7.35013284028997e-06,0.000831897986073331,0.000200848438049659,0,3.81413580560331e-05,0.00124590911599671,0.121410887860453,0.012440969442248,0.000184695320486768,0,0,0,0,0,0,0.000203006052001075,0,0,0,0,0,1.01327831582716e-05,0.000330654914074556,0,0,0,0,0,0,0,0,0,0.000292821492223052,0.00128776481398684,0.00669870116041555,0.0364968015363424,0.337239745925203,0.00263372597241504,0.0066615020954321,8.86315098988435e-05,0.0071242948142962,0.00231670724516338,0,0.00103467823823877,0,2.91673135826773e-05
0,0,0,0,0,0,0,0,1.77806262510371e-05,0,0,0.000446767902116957,0,0,0,0,2.5838664185529e-05,3.81911526799742e-06,0.00106945496812415,0.00620123880264569,0,0,0,0,0,0,0,0,0,7.51178179030439e-07,0,0.00468051318971713,0.00102782161414703,0.00609575208934397,0.000980885176392518,0,0.000855783710782285,0.0144644029435379,0,0.00131368336182907,7.6813598103618e-06,0.00182191714270901,1.66557817312847e-05,0.000623812144693657,0,0.0025753852210133,0,0.00303016060534454,1.15222476666815e-05,0.0016093544893099,0,0,0,0,0,0,1.18994815773933e-06,5.66554811727557e-05,0,0,0,0,0.00461320865798209,0,0,0,0,0,0,0,0,0,0.000202950375035872,0,0.00363560250672004,0.000386396563266561,0.00202262397870807,0.000291751031940371,0.0857682811582523,7.19861646900138e-05,0.00964083984809313,3.30316762958411e-06,0.0114663148417152,0.00778262848348698,0.00158657857831341,0.000255525968747851,0
0,0,0,0,2.25616946410275e-05,0,0,0,0,0,0.00100250655412877,0,0,0,0,0,7.52446127666034e-05,1.29816636768634e-05,0.000795974802129409,0,0.00615982955537544,0,0,0,0,0,0,0,0,0,0,0.00127448826863033,0.00698751659422803,9.3350959011389e-05,0.00458821720148033,0.000855783710782285,0,0,0.011130683771888,3.05843808350571e-05,0.000315309664433997,2.25335911437269e-05,0.00144771044978514,0,0.000132968355233353,0,0.00327659645732028,0.00114089996182562,0.000799299549260221,2.8202191444591e-05,0,0,0,0,0,0,0.000148995571735798,0,0,0,0,0,0,0.00189781298509076,0,0,0,0,0,0,0,0,0,6.71207205180481e-05,0.00143578542176844,0.00213020281518753,5.51697995821829e-05,0.000605215883230951,5.18512427243308e-05,0.0904003462990905,0,0.0124041650152294,0.0102764851001026,0.00114470951293175,0.000761387626289686,0,8.44961462977243e-05
0,0,0,0,0,0,0,0,0,0.000626660197716105,0,0.00700663871882134,0,0,0,0,0,1.31793083239473e-06,0.000299844784153764,0.000704476971501956,0,0.00607821696454686,0,0.00165970072715326,0,0,0,0,0,0.00405171580333772,0,0,0,0.00241236139901857,0,0.0144644029435379,0,0,0.00100004294282209,0.000285018502496712,2.04568304108436e-06,0.000817575305849256,1.65448988532669e-06,0.000310026963066401,0,0.000331203310614321,0,0.00762896936137196,4.78915443714249e-06,0.00778042101427361,0,0,0,0,0,4.99530886473467e-05,0,0.000410403460924586,0,0,0,0,0.000977313665828423,0,0.00264858199521744,0,0.000391103435066663,0,0,0,0.000139700021365185,0,0.000518732263596167,0,0,0,0.000943334388141366,2.20396623795985e-05,0.00348488833428319,0,0.103473397051833,0.000161688125591373,0.00539035456014651,0.00397790788175495,0.00112349243803777,0.000220432657590542,0
7.92737843984535e-06,0,0,0,2.29602607800994e-06,0,0,0,0.000796421943226504,0,0.00496053702676779,0,0,0,0,0,2.90295844565889e-05,1.08047077636575e-06,0.000505895561303243,0,0.00546796835044791,0.00010541136663634,0.00692331483046487,0,0.001832367188674,0,0,0,0.00230192167840298,0,0.00238013443220732,0,0,0,0.00496250535157015,0,0.011130683771888,0.00100004294282209,0,5.05348433567441e-06,7.82007635089786e-05,0,0.000977622108525012,0,6.96240194443031e-05,0,0.000438383404764874,0.0112706085443311,0.000818588132265091,6.26880789093831e-06,0,0,0,0,0.000357434402938978,0,0.000304441864306978,0,0,0,0,0,0,0.000528813884096874,0,0.00399742070107436,0,0.000259976132789635,0,0,0,0.000804894470631876,0,0.000737408321037478,0,0,2.29960679312328e-06,0.00113869351524589,0,0.00338254080411838,0.000349818374644889,0.0954747741879589,0.00735408659430467,0.00048130601032043,0.00088004349665783,0,1.98621900722855e-05
0,0,0,0,0,0,0,0,0,0,0,4.36593188477631e-06,0,0,0,0,0.000224314467274961,0.000158783472872266,0.0154561166399681,0.000473639705350932,0,0,0,0,0,0,0,0,0,0.000118478572741784,0,0,2.94897067855068e-05,0.000527281660444506,0,0.00131368336182907,3.05843808350571e-05,0.000285018502496712,5.05348433567441e-06,0,0.000274988417966276,0.0266533128040664,0.000509396298795073,0.00145700988398585,3.65677847933635e-05,0.0304508567348819,2.46572803102616e-05,0.00571400934195704,7.48986495662722e-05,0.0293114366839668,0,0,0,0,0,0,0,0.0008436108547768,0,0,0,0,0.00983049416936332,0,0,0,0,0,7.80334897925164e-05,0,5.82214788108311e-05,0,0.00840880140259807,2.01619983620747e-05,0,0,0.00112077715657742,0,0.0136494119716007,0.000221051550796813,0.00180098926174524,3.02724664044946e-05,0.000567940718661009,6.17555860051493e-06,0.0127026088151334,0.000977309121559058,0
0,0,0,0,5.13299718638664e-05,0,0,0,0,0,0,0,0,0,0,0,0.000294670016358069,1.69889437864023e-05,0.00867322275424802,0,0.00224888706866813,0,0,0,0,0,0,0,0,0,0,0,9.56410967547358e-05,0.00101620036864306,0.00195836909504505,7.6813598103618e-06,0.000315309664433997,2.04568304108436e-06,7.82007635089786e-05,0.000274988417966276,0,0.000158872237693704,0.0191643492728471,0,0,7.69978972266309e-05,0.0375716240099958,0.00872834234426451,0.0307363101794433,0.000286605671065596,0,0,0,0,0,0,0.000574832601950726,0,0,0,0,0,0.000114507704032625,0.00680061304298455,0,0,0,0,0,0,0,0,6.70253498791453e-05,0.00201984235063875,0,0,5.48512601556079e-05,0.00198389845484052,7.20774499770903e-05,0.00669824929853598,3.45112950790877e-05,0.000654427188690195,0.000464695558244496,1.34713959471704e-06,0.00848841869881115,0,0.00112189756320467
0,0.00208595266770912,0,0.00372844013456964,0,0.000236224545938123,0,0,0,0.0019844275141266,0,0.000102319652720447,0,0,0,0,0.000103012566097225,7.30573754136646e-05,0.00816192937030641,0.000400104392245038,0,0,0,0,0,0,0,0,0,7.21712662642671e-05,0,0,0,0.000704826882315418,7.35013284028997e-06,0.00182191714270901,2.25335911437269e-05,0.000817575305849256,0,0.0266533128040664,0.000158872237693704,0,0.000532563556789729,0.000929877957594789,0,0.0120548792760345,0,0.00834153518580533,0.000122716287510327,0.0178493367498265,0,0,0,0,0,2.2495588943868e-05,4.63744545487529e-06,0.00768894264784444,0,3.00138824921845e-05,0,0,0.0210004618203067,0,0,0,0,0,0,0,0.000509106389237116,0,0.0330822735198122,0,0,0,0.000876004632441959,0,0.0098517642844281,4.11446439637958e-05,0.00716520886922967,4.01372441814656e-05,0.00154838702030021,0,0.029992843495608,0.0225010285848099,0
0.000351601237896504,0,0.000388951353043903,0,0.000149681622671051,0,0,0,9.89204427649707e-05,0,0.000163089966648604,0,0,0,0,0,0.000369301662244365,4.14153773050442e-05,0.0159359682999502,0,0.00237129104122052,0,0,0,0,0,0,0,0,0,0,0,0,2.62093220719586e-05,0.000831897986073331,1.66557817312847e-05,0.00144771044978514,1.65448988532669e-06,0.000977622108525012,0.000509396298795073,0.0191643492728471,0.000532563556789729,0,0,0.00099898191274352,6.11403334300182e-05,0.0182144985943815,0.0121408215733048,0.0198952085902968,0.000112221183181406,0,0,0,0,0,0,0.00441190675425919,3.34426480704312e-06,0,0,0,0,0,0.0168742145592017,0,0,0,0,0,0,0,0.00089093871667735,0.000147024125322941,0.0280481465317482,0,0,0,0.000897977902210453,0.000119675695510619,0.0131513708150034,1.60635819292756e-05,0.00637377562035215,0.00190380299959339,2.92066677853866e-05,0.0503123844526841,0,0.031129521669731
0,0,0,0,0,0,0,0,0,0,0,0,0,0,0,0,2.35571699603091e-05,0,0.00372598103766915,0.00013301377226136,0,0,0,0,0,0,0,0,0,0.000190609132869034,0,0,0,0.000131867087207632,0.000200848438049659,0.000623812144693657,0,0.000310026963066401,0,0.00145700988398585,0,0.000929877957594789,0,0,0,0.00119873576891266,0,8.63934536464647e-05,0,0.000313874638771802,0,0,0,0,0,0,0,0.000508271239641389,0,0,0,0,0.000562165825572902,0,0,0,0,0,0,0,3.33532387817301e-05,0,0.00743011516437216,0,0,0,0,0.000128308618062777,0.00124245779155337,9.71173921091866e-06,0.00201171574947051,0,2.15725756615954e-05,6.88636030999625e-06,0.00779713953786819,0.00103889429921983,0
0,0,0,0,0,0,0,0,0,0,4.29946230298102e-05,0,0,0,0,0,0.000244761078741528,1.10153647174583e-05,0.00430085506066454,0,6.06745194773268e-05,0,0,0,0,0,0,0,0,0,0,0,0,0,0,0,0.000132968355233353,0,6.96240194443031e-05,3.65677847933635e-05,0,0,0.00099898191274352,0,0,1.25083672170968e-05,1.30763104680225e-05,0,1.08142740098288e-05,0,0,0,0,0,0,0,0.000545374930942663,0,0,0,0,0,0,9.32823658582153e-05,0,0,0,0,0,0,0,0,0,0.00602790487004302,0,0,0,0,1.200452003455e-06,0.000126500847556182,0,0.000892020321829825,5.14512139039669e-05,0,0.00179464834273055,0,0.00250745263238276
0,0,0,0.0123041196977768,0,9.02293434663914e-05,0,0,0,0,0,0.000118267139113329,0,0,0,0,3.6207954670441e-05,2.75274025761683e-06,0.0024128105898604,0.00280436027697244,0,0,0,0,0,0,0,0,0,0.000302708582949689,0,0,2.65982770873419e-05,0.000276234800970137,3.81413580560331e-05,0.0025753852210133,0,0.000331203310614321,0,0.0304508567348819,7.69978972266309e-05,0.0120548792760345,6.11403334300182e-05,0.00119873576891266,1.25083672170968e-05,0,0,0.00554967817816492,2.27159042758322e-05,0.0159620203798921,0,0,0,0,0,0,0,0.00382917731229471,0,2.04166291825248e-05,0,0,0.0897256334138525,0,0,0,0,0,0,0,0.000155544150294372,0,0.012593825881902,0,0,0,9.77362895410248e-05,0,0.00805615577591622,4.91855753896657e-05,0.00199325448696355,1.52036942913309e-06,0.000964392394377143,4.87518695091036e-05,0.0188002843807239,0.00162981824575006,0
0.000122063436136105,0,0.0168056303695843,0,0.00159601559746073,0,0,0,0,0,0.00047083245816799,0,0,0,0,0,4.25005874644123e-05,4.55305259965439e-06,0.000390543271266543,0,0.00596916314244538,0,0,0,0,0,0,0,0,0,0,0,5.24182999347041e-05,0.000471439202763167,0.00124590911599671,0,0.00327659645732028,0,0.000438383404764874,2.46572803102616e-05,0.0375716240099958,0,0.0182144985943815,0,1.30763104680225e-05,0,0,0.00330080583834527,0.00731292306891611,0,0,0,0,0,0,0,0.00494981577605415,0,0,0,0,0,0,0.054896694802703,0,0,0,0,0,0,0,0.000201425506010796,0,0.00715949647568016,0,0,1.4063356729053e-05,0.000511677840901847,3.8101910756641e-06,0.0125167349226032,0,0.00230712761733306,0.000967547636432116,3.61587312618838e-05,0.0182088585687983,0,0.000861932084862843
0,0,0,0,0.000309672519141727,0,0,0,0,1.97193742005513e-05,0,0,0,0,0,0,1.44196265243002e-06,0,0.000277932946006961,7.277375644424e-05,0.000231589282396341,0,0.000136856249709294,0,2.04373482078782e-05,0,0,0,0,0,0,0.0306349077677579,0.0335008289852423,0.0807633829453736,0.121410887860453,0.00303016060534454,0.00114089996182562,0.00762896936137196,0.0112706085443311,0.00571400934195704,0.00872834234426451,0.00834153518580533,0.0121408215733048,8.63934536464647e-05,0,0.00554967817816492,0.00330080583834527,0,0.0468368379140402,0.0673399584620653,0,0,0,0,0,0,0.000287713760373721,8.4221105978347e-05,0,0,0,0,0.000808545786110267,0.0006685924869797,1.77032944982119e-05,0.000335900563553299,6.38587251275309e-05,0,0,0,0,0,0.000156996729223188,0.00060115448736186,0.00598181495027697,0.00635995748514073,0.0123711328244316,0.0483601682989342,0.00225365955900739,0.00202365648441086,0.00270348999210968,0.00209992510210354,0.00206207232937995,0,0.0246102308742777,0.000383936286705253,0.000366569959689401
0.00371280683303686,0,0.00559369189431617,0,0.000363523842553718,0,0,0,0.000714368307189784,0,2.21794349741919e-05,0,0,0,4.89021476823837e-05,0,3.31057190329284e-05,0,0.000748218427258911,0,0.000557310414604052,0,0.000344290900107004,0,0.00129386120232166,0,0,0,0,0,0,0.000298305614675485,0.00149643567930816,0.000115608044330355,0.012440969442248,1.15222476666815e-05,0.000799299549260221,4.78915443714249e-06,0.000818588132265091,7.48986495662722e-05,0.0307363101794433,0.000122716287510327,0.0198952085902968,0,1.08142740098288e-05,2.27159042758322e-05,0.00731292306891611,0.0468368379140402,0,0.000312423627691945,0,0,0,0,0.000418771712002611,0,0.00249748859435467,0,0.000154611511813537,0,0.000373640256685466,0,0,0.00299443936152494,0,0.00481804989388591,0,0.0035830402785421,0,0.0108214089779438,0,0.013906135010442,1.16327259026244e-05,0.00921347380161675,0.000273270081907028,0.00229449806654919,2.97299362981623e-05,0.00800575861291973,0,0.00554025060559947,1.41395920443011e-05,0.00259022515330863,0.000331788671206531,0,0.00982208076682056,6.15300768368592e-06,0.00040120635304252
0,0.0196727751482819,0,0.00951838624129219,0,9.17867999101946e-05,0,0,0,0.000911617641485214,0,0,0,0,0,0,0,9.2270257446081e-06,0.00084308036704988,7.49235567115261e-05,0,0.0011413904979783,0,0.00843125513155741,0,0.00145066078043697,0,0,0,0,0,0.000644406201283658,0,0.00695011983669144,0.000184695320486768,0.0016093544893099,2.8202191444591e-05,0.00778042101427361,6.26880789093831e-06,0.0293114366839668,0.000286605671065596,0.0178493367498265,0.000112221183181406,0.000313874638771802,0,0.0159620203798921,0,0.0673399584620653,0.000312423627691945,0,0,3.60359511172225e-05,0,0,0,0.000779072725636774,0,0.00409602348781592,0,0.00179798567720635,0,0.00120800168490136,0.00356068069990708,5.43297911452158e-05,0.00615207715545332,0,0.0139897527382417,0,0.00771643007556343,0,0.00478768564611196,0,0.00184733336143255,0,2.15269121163235e-05,0,0.00329445036978877,8.66693939291903e-05,0.00538633935093868,1.16024592874966e-05,0.00367469606229828,2.81610096204899e-05,0.000708666441931821,0,0.0134645886229494,0.00121673604380499,0
0.000676310241021796,0,0.0126507318046935,0,0.0178309229383024,0,0,0,0,0,0,0,0,0,0,0,0,0,0,0,0,0,0,0,0,0,0,0,0,0,0,0,0,0,0,0,0,0,0,0,0,0,0,0,0,0,0,0,0,0,0,0,0.00725822197579205,0,0.00560962495812125,0,0.00132223670022719,0,0,0,0,0,0,0.00401748246085345,0,0,0,0,0,0,0,0,0,0,0,0,0,0,0,0,0,0,0,0,4.33940113372206e-05,0,0
0,0.00114612883879619,0,0.000774130894296603,0,0.0613773036368969,0,0.0095021205143616,0,0,0,0,0,7.12986856529789e-05,0,0,0,0,0,0,0,0,0,0,0,0,0,0,0,0,0,0,0,0,0,0,0,0,0,0,0,0,0,0,0,0,0,0,0,3.60359511172225e-05,0,0,0,0.0311899703298126,0,0,0,0.00337975341208654,0,0.00142162532199031,0,0,1.84240578959027e-05,0,0,0,0,0,0,0,0,0,0,0,0,0,0,0,0,0,0,0,0.000450582078431506,1.17097843921323e-05,1.1031026608857e-05,0,0
0,0,0,0,0,0,0.0109728978344569,0,0,0,0,0,0,0,0,0,0,0,0,0,0,0,0,0,0,0,0,0,0,0,0,0,0,0,0,0,0,0,0,0,0,0,0,0,0,0,0,0,0,0,0.00725822197579205,0,0,0,0,0,0,0,0,0,0,0,0,0,0,0,0,0,0,0,0,0,0,0,0,0,0,0,0,0,0,0,7.71320419125127e-06,0,0,0,0
0,0,0,0,0,0.0205120737055472,0,0.0716543923595958,0,0,0,0.00212316924107596,0,0.00205484823416885,0,0,0,0,0,0.000122253730735673,0,0,0,0,0,0,0,0,0,0,0,0,0,0,0,0,0,0,0,0,0,0,0,0,0,0,0,0,0,0,0,0.0311899703298126,0,0,0,0,0,0.0140055763743143,0,0.00825486360670829,0,0,0,0,0,0,0,0,0,0,0,0,0,0,0,0,0,0,0,0,0,0,4.56386741296637e-05,0,0,0,0
0.0112717756039477,0,0.0190202990416679,0,0.00887457021095736,0,0,0,0.0745259874007115,0,0,0,0,0,0.00663220516589747,0,0.00256922408924412,9.01512017773101e-05,0.000569731434808495,0,0,0,0,0,0.0241076122155203,0,0.00141314847841247,0,0,0,0,0,0,0,0,0,0,0,0.000357434402938978,0,0,0,0,0,0,0,0,0,0.000418771712002611,0,0.00560962495812125,0,0,0,0,0,0,0,0,0,0.00638819847183406,0,0,0,0,0,0,8.88390918020476e-05,0,7.64510814298884e-05,0,0,0,0,0,0,0,0,0,0,0,1.8147110910156e-05,0.000493752457615439,0,0.000189649558179183,0,0
0,0.0384125886601037,0,0.00320295714794205,0,0.00162162917266911,0,0,0,0.0753602512953297,0,0,0,0,0,0.00626255072570594,1.15578669359666e-05,0.00248347184515522,0.000235338166773198,0,0,3.53510548386601e-06,0,0.00327884573602968,0,0.00088855830547951,0,0,0,0,0,0,0,0,0,0,0,4.99530886473467e-05,0,0,0,2.2495588943868e-05,0,0,0,0,0,0,0,0.000779072725636774,0,0,0,0,0,0,0,0.00104347803252581,0,9.45343243110734e-05,0,0.00306560976673132,0,0,0,0,0.00215887119233203,0,0,0,0,0,0,0,0,0,0,0,0,0,4.01824429238198e-05,0,0.000646957887931901,0,0.00059405633087085,0,0
0.00937745834236448,0,5.16127716275322e-05,0,0.000287123254126153,0,0,0,8.6649358333496e-05,0,0.0521981605637053,0,0,0,0,0,2.12524017424265e-06,0,9.54982317533923e-05,0,0.0191307615358015,0,0,0,0,0,0,0,0,0,0.000267938092280283,0,0,2.59212405162064e-05,0.000203006052001075,1.18994815773933e-06,0.000148995571735798,0,0.000304441864306978,0,0.000574832601950726,4.63744545487529e-06,0.00441190675425919,0,0.000545374930942663,0,0.00494981577605415,0.000287713760373721,0.00249748859435467,0,0.00132223670022719,0,0,0,0,0,0,0,0.00169452851146296,0,0,0,0,0.0218511366167841,0,0,0,7.9575306077233e-05,0,0,0,0.00694651808213378,0,0.0235745232820373,0,0,0,4.20052885211463e-05,0,0.000160299743354328,0,0.000423750408005936,0.000127462104851182,0,0.00372532056887149,0,0.0014096335462275
0,0.000748413044033716,0,0.00566357891321377,0,0.000111698756935313,0,0.00386077836155549,0,0.000341648262974587,0,0.121992353866372,0,0.00120970195134713,0,0.00458250210785631,0,0,0.000161345327396531,0.00952450261096576,0,0,0,0,0,0,0,0.000264973186713248,0,0.00363772997756509,0,0,0,2.07086257030951e-05,0,5.66554811727557e-05,0,0.000410403460924586,0,0.0008436108547768,0,0.00768894264784444,3.34426480704312e-06,0.000508271239641389,0,0.00382917731229471,0,8.4221105978347e-05,0,0.00409602348781592,0,0.00337975341208654,0,0.0140055763743143,0,0.00104347803252581,0,0,0,0.0165733445042346,0,0.00560865764501065,0.0358364833751831,0,0,0,2.83327777445314e-05,0,7.94122095468769e-05,0,0.0106982587692992,0,0.0210918104861605,0,0,0,0,0,0.000127535738324237,2.89230135390179e-06,0.000743682840438292,0,0.000413517599685709,0,0.00479241533392014,0.000911632622994528,0
0.00598431246274527,0,0,0,0,0,0,0,0.000495351566950438,0,0.000651510378635907,0,0.00853377656189944,0,0.000314819574867039,0,0,0,0,0,0,0,0,0,0,0,0.000257818365144248,0,0.00346569190011266,0,0,0,0,0,0,0,0,0,0,0,0,0,0,0,0,0,0,0,0.000154611511813537,0,0,0,0,0,0,0,0.00169452851146296,0,0,0,0.00820787724302675,0,0,0,0,0,0,0,0,0.00361829058890006,0,0.00184816962017387,0,0,0,0,0,0,0,0,0,0,0,0,1.84268317655987e-05,0,0
0,0.000168738141726301,0,0,0,0.00537259786589367,0,0.00878289716403336,0,0.000236355403405289,0,0.00141980278942566,0,0.0330068863882697,0,0.00854261319672135,0,0.000844619711003622,4.79785736241301e-05,0,0,0,0,0,0,0.00187480304629413,0,0.00137301113342165,0,0,0,0,0,0,0,0,0,0,0,0,0,3.00138824921845e-05,0,0,0,2.04166291825248e-05,0,0,0,0.00179798567720635,0,0.00142162532199031,0,0.00825486360670829,0,9.45343243110734e-05,0,0.0165733445042346,0,0,0,0.0063805966825932,0.000216755055348775,0,0,0,0,0,0.000775738572450236,0,0.00537062529478228,0,3.24914326925206e-05,0,0,0,0,0,0,0,0,0,0.000373315235266937,4.35949453867671e-05,1.2073380560909e-05,0,0
0.00273924134927057,0,0.00131221274765912,0,0,0,0,0,0.0203963482649077,0,0,0,0,0,0.0387403023215766,0,0.00405772579731784,6.55658110605573e-05,0.000126130620540781,0,0,0,0,0,0,0,0.00633718672795965,0,0,0,0,0,0,0,0,0,0,0,0,0,0,0,0,0,0,0,0,0,0.000373640256685466,0,0,0,0,0,0.00638819847183406,0,0,0,0.00820787724302675,0,0,0,0,0,0,0,0,0,0,0.0207327308634997,0,6.78591001924541e-05,0,0,0,0,0,0,0,0,0,0,0.000429636116185603,0,8.05754043578489e-06,0,0
0,0.0131425189364065,0,0.0108382892671442,0,0,0,0,0,0.00680047702386398,0,0,0,0.00331935431117082,0,0.0588337758321333,3.92680627531495e-05,0.00864273223443535,9.41282593797799e-05,0,0,0,0,0.00209540606292084,0,0.0128544471487661,0,0.000298957251119825,0,0,0,0,0,0,0,0,0,0,0,0,0,0,0,0,0,0,0,0,0,0.00120800168490136,0,0,0,0,0,0.00306560976673132,0,0.00560865764501065,0,0.0063805966825932,0,0,0,0,0,0,0.000527293575503537,0,0.0147323346876962,0,0,0,0,0,0,0,0,0,0,0,0,0,0.000245244140290685,0,8.41468477587982e-05,0,0
0,0.000275014117506594,0,0.00325733951473817,0,0.00670430572092944,0,0,0,0,0,0.00433137428218119,0,0,0,0,0,0,0.000135758820321337,0.0953225438677749,0,0,0,0,0,0,0,0,0,0.00277902037019148,0,0,0,8.78339655273581e-05,1.01327831582716e-05,0.00461320865798209,0,0.000977313665828423,0,0.00983049416936332,0.000114507704032625,0.0210004618203067,0,0.000562165825572902,0,0.0897256334138525,0,0.000808545786110267,0,0.00356068069990708,0,1.84240578959027e-05,0,0,0,0,0,0.0358364833751831,0,0.000216755055348775,0,0,0,0,0,0,0,0,0,0,0.00123107575501953,0,0.0301574452966262,0,0,0,0.000120066640063194,0,0.0140692686538982,2.08977315641537e-06,0.0108081275674712,0,0.000797723262911009,7.71201415263858e-06,0.0179198426155822,0.00019933770318509,0
0,0,0.000146158546274715,0,0.00472076721956197,0,0,0,0,0,0.00717597993771542,0,0,0,0,0,4.33101765416351e-06,0,4.35313675014113e-05,0,0.102282386218102,0,0,0,0,0,0,0,0,0,0,0,0,3.53425004744812e-05,0.000330654914074556,0,0.00189781298509076,0,0.000528813884096874,0,0.00680061304298455,0,0.0168742145592017,0,9.32823658582153e-05,0,0.054896694802703,0.0006685924869797,0.00299443936152494,5.43297911452158e-05,0.00401748246085345,0,0,0,0,0,0.0218511366167841,0,0,0,0,0,0,0,0,0,0,0,0,0,0,0.000663327574804895,0,0.0123843794000398,0,0,0,0.00017145012580052,0,0.0110435633000064,0,0.00888172279260061,0.00039851985205888,4.57554723009078e-05,0.0136100084321329,0,0.00189075532850942
0,0,0,0,0,0,0,0,0,7.46991014863784e-06,0,0,0,0,0,0,0,0.000563465320795762,0,0,0,0.0893134676864692,0,0.00250173764951282,0,2.85616351902718e-05,0,8.40907565003488e-05,0,0,0,0,0,0,0,0,0,0.00264858199521744,0,0,0,0,0,0,0,0,0,1.77032944982119e-05,0,0.00615207715545332,0,0,0,0,0,0,0,0,0,0,0,0,0,0,0,0,0.00693648253257159,0,0.00639227750719313,0,0.00123326684349835,0,0,0,0,0,0,0,0,0,0.00582060953427603,0,0.00043487489575736,1.47913080576737e-06,5.59018935809404e-05,0,0
