0,0,0.189602970306216,0,0,0,0,0,0.14128183057675,0,0,0,0,0,0,0,0.372497261398368,0,0.365448412751513,0,0,0,0,0,0,0,0,0,0,0,0,0,0,0,0,0,0,0,0,0.399315536022186,0.335121512413025,0,0.415055837896135,0.296299606561661,0,0.359221339225769,0.486787781119347,0,0.196533171033736,0,0,0,0,0,0.172598524481867,0,0,0,0,0,0.237131362780929,0,0,0,0,0,0,0,0,0,0,0,0,0,0,0,0,0,0.368006020784378,0.418072387576103,0.427262127399445,0,0.256803087201439,0,0.24829119531486,0,0.292099297046661
0,0,0,0.157941610008091,0,0,0,0,0,0.134065909491431,0,0,0,0,0,0,0,0,0.302505320204156,0,0,0,0,0,0,0,0,0,0,0,0,0,0,0,0,0,0,0.18499076962471,0,0,0.371151655912399,0.260459796108049,0,0,0,0.368132159113884,0,0,0,0.228371686120143,0,0,0,0,0,0.191676752727436,0,0.27634271979332,0,0,0,0.186196948172616,0.343787252902985,0,0,0,0.144223333281629,0,0,0,0.304201543331146,0,0.337997918327649,0,0,0,0,0,0.404504529635111,0,0,0,0.323504469357431,0,0.25516675826576,0.297096572816372,0
0.189602970306216,0,0,0,0.200192336778383,0,0,0,0.187169617448341,0,0,0,0,0,0,0,0,0,0.296632617712021,0,0,0,0,0,0,0,0,0,0,0,0,0,0,0,0,0,0.239483252167702,0,0,0,0.304735489390992,0,0.36796471006237,0,0,0.322488367557526,0.313103705644608,0,0.220207358456471,0.30781614780426,0.21273898502142,0,0,0,0.164025652422526,0,0.266893362005552,0,0.218164402577612,0,0.216962775848444,0,0.286659181118011,0,0,0,0,0,0,0,0,0,0,0.377743482589722,0,0,0,0,0,0.297270312905312,0,0.318813160061836,0.231239544831234,0,0.29548973010003,0,0.349690438144737
0,0.157941610008091,0,0,0,0,0,0,0,0,0,0,0,0,0,0,0,0,0.302859932184219,0,0,0,0,0,0,0,0,0,0,0,0,0,0,0,0,0,0,0,0,0.272525544229307,0,0.277305126792253,0,0,0,0.229304267714421,0,0,0,0.260441940827448,0,0.284319879055697,0,0,0,0.151298287933991,0,0.305427633512479,0,0.304756502094476,0,0.26762390807271,0.290121848384539,0,0,0,0,0,0,0,0.32730513105267,0,0.34256569280491,0,0,0,0,0,0.268629342317581,0.306245028972626,0.36373382806778,0,0.27127300107588,0,0.2295918581871,0.248143782218297,0
0,0,0.200192336778383,0,0,0,0.208006781836351,0,0.193042651332658,0,0,0,0.229011132528907,0,0.191054802488636,0,0,0,0.284912109375,0,0.16589471264319,0,0,0,0,0,0,0,0,0,0,0,0,0,0,0,0.225935742259026,0,0,0,0.287407585552761,0,0.28259132305781,0,0,0,0.276673913002014,0,0.296237041552862,0.275632083415985,0.207955682812321,0,0.215173377066242,0,0.197469264268875,0,0.250948287546635,0,0.221374535438966,0,0.200684143354495,0,0,0.181574041352553,0,0,0,0,0,0,0,0,0,0,0,0,0,0,0,0.279856294393539,0,0,0.18986319858335,0.253790378570557,0.236666088978511,0,0
0,0,0,0,0,0,0,0.213951379060745,0,0.179234802722931,0,0,0,0,0,0.159606212377548,0,0,0,0.214307590192106,0,0,0,0,0,0,0,0,0,0,0,0,0,0,0,0.187810852295823,0,0,0,0,0,0,0,0,0,0,0,0,0,0,0,0.208182787090849,0,0.208256546121377,0,0,0,0.246941010866846,0,0.234924223612655,0,0.195427440106869,0.269548070430756,0,0,0,0,0,0,0,0,0,0,0,0,0,0,0,0,0,0,0,0.177161724009412,0.199408382177353,0.223726322963124,0,0
0,0,0,0,0.208006781836351,0,0,0,0,0,0.276306456135165,0,0.204160416635071,0,0,0,0,0,0,0,0.161834474939566,0,0,0,0,0,0,0,0,0,0,0,0,0,0,0,0,0,0,0,0,0,0,0,0,0,0,0,0,0,0.23631487922235,0,0.182028164338862,0,0,0,0.262854549803038,0,0.235918946564198,0,0,0,0,0,0,0,0,0,0,0,0,0,0,0,0,0,0,0,0,0,0,0,0.17497376411369,0,0.166387487860287,0,0
0,0,0,0,0,0.213951379060745,0,0,0,0,0,0.196036479302815,0,0.180538222193718,0,0,0,0,0,0.210043068381323,0,0,0,0,0,0,0,0,0,0,0,0,0,0,0,0,0,0,0,0,0,0,0,0,0,0,0,0,0,0,0,0.186892598867416,0,0.199514182053861,0,0,0,0.201374395026101,0,0.194766985196056,0,0,0,0,0,0,0,0,0,0,0,0,0,0,0,0,0,0,0,0,0,0,0.193996242194806,0,0,0,0
0.14128183057675,0,0.187169617448341,0,0.193042651332658,0,0,0,0,0,0,0,0,0,0.165397431482287,0,0.199500841252944,0.191215062141418,0,0,0,0,0.372743666172028,0,0.182073074579239,0,0,0,0,0,0,0,0,0,0,0,0,0,0.208973510976297,0,0,0,0.197366579435766,0,0,0,0,0,0.142909577599278,0,0.185202177775943,0,0,0,0.233889980966619,0,0,0,0,0,0.170839057668396,0,0,0,0,0.315563172101974,0,0.229814361780882,0,0.182108646233877,0,0,0,0,0,0,0,0,0,0,0,0.348780512809753,0.201592121618008,0.193425968289375,0.186663652945688,0,0
0,0.134065909491431,0,0,0,0.179234802722931,0,0,0,0,0,0,0,0,0,0.225534389416377,0.202967956662178,0.16697826564312,0,0,0,0,0,0.201017088614977,0,0.212214693427086,0,0,0,0,0,0,0,0,0,0,0,0.180329296048041,0,0,0,0.220665263632933,0,0,0,0,0,0,0,0,0,0,0,0,0,0.258583966560563,0,0,0,0,0,0.235692394773165,0,0,0,0,0.206885806777898,0,0.18964646756649,0,0,0,0,0,0,0,0,0,0,0,0.205164183676243,0,0.213038510289685,0,0.150577099492344,0.211889415979385,0
0,0,0,0,0,0,0.276306456135165,0,0,0,0,0,0.201538092710755,0,0,0,0,0,0,0,0.147972865329113,0,0,0,0,0,0,0,0,0,0,0,0,0,0,0,0.106225147843361,0,0.153176235966384,0,0,0,0,0,0,0,0,0,0,0,0,0,0.273259858184672,0,0,0,0.222964390352802,0,0.200309349790863,0,0,0,0,0.167050663021303,0,0,0,0,0,0,0,0,0,0,0,0,0,0,0,0.122582958887021,0,0.164163453238351,0.190859681620436,0,0.212592152988209,0,0
0,0,0,0,0,0,0,0.196036479302815,0,0,0,0,0,0,0,0,0,0,0,0.140943497537934,0,0,0,0,0,0,0,0.156981706122557,0,0,0,0,0,0,0,0,0,0.168195980551996,0,0,0,0,0,0,0,0,0,0,0,0,0,0,0,0.186260297894478,0,0,0,0.213024566340535,0,0,0,0,0.220403437813123,0,0,0,0,0,0,0,0.157486554573883,0,0.237540413935979,0,0,0,0,0,0,0,0.150594923002967,0,0.144508386009383,0,0,0,0
0,0,0,0,0.229011132528907,0,0.204160416635071,0,0,0,0.201538092710755,0,0,0,0.178590925310248,0,0,0,0,0,0,0,0,0,0,0,0,0,0,0,0,0,0,0,0,0,0,0,0,0,0,0,0,0,0,0,0,0,0,0,0.238179302215576,0,0.210846176042276,0,0,0,0.240048776070277,0,0.230084943016628,0,0.236702710390091,0,0,0,0,0,0,0,0,0,0,0,0,0,0,0,0,0,0,0,0,0,0.182719172401862,0.244519999623299,0,0,0
0,0,0,0,0,0,0,0.180538222193718,0,0,0,0,0,0,0,0.153384436309958,0,0,0,0,0,0,0,0,0,0,0,0,0,0,0,0,0,0,0,0,0,0,0,0,0,0,0,0,0,0,0,0,0,0,0,0.230527657601568,0,0.193291453214792,0,0,0,0,0,0.220995647130709,0,0.243862852454185,0,0,0,0,0,0,0,0,0.169420957565308,0,0,0,0,0,0,0,0,0,0,0,0.190033672283394,0.26290512184302,0,0,0
0,0,0,0,0.191054802488636,0,0,0,0.165397431482287,0,0,0,0.178590925310248,0,0,0,0.146159249757017,0,0,0,0,0,0,0,0,0,0.181224144995213,0,0,0,0,0,0,0,0,0,0,0,0,0,0,0,0,0,0,0,0,0,0,0,0.195039298604516,0,0,0,0.205810073018074,0,0.248588833212852,0,0.248571977372418,0,0.196191041684542,0,0,0,0,0,0,0,0,0.207791565606991,0,0,0,0,0,0,0,0,0,0,0,0,0.145834168626202,0.136655575953997,0,0,0
0,0,0,0,0,0.159606212377548,0,0,0,0.225534389416377,0,0,0,0.153384436309958,0,0,0.161643303930759,0.154610330588184,0.169378951191902,0,0,0,0,0.197440356016159,0,0.276510632534822,0,0,0,0,0,0,0,0,0,0,0,0,0,0,0,0,0,0,0,0,0,0,0,0,0,0,0,0,0,0.212330557405949,0,0,0,0.187619564137352,0,0.199084174094929,0,0,0,0,0,0,0.258781488317607,0,0,0,0,0,0,0,0,0,0,0,0,0,0.182646630602909,0.169498777016997,0,0,0
0.372497261398368,0,0,0,0,0,0,0,0.199500841252944,0.202967956662178,0,0,0,0,0.146159249757017,0.161643303930759,0,0.182550637263292,0.294602744632338,0,0,0.15697258743255,0.136005420512674,0.185021310856071,0.181589491082274,0.17557018995285,0.139058148901038,0,0.110900737345219,0,0,0,0,0,0,0.379505932331085,0,0,0,0.388121851852962,0.328230251284207,0.289354648441076,0.306418918794201,0.278750974684954,0.284819241274487,0.345533886882994,0.382357258815318,0,0,0,0,0,0,0,0.173487885490708,0,0,0,0,0,0.142982447147369,0,0.319653487205505,0.370087180534999,0,0.124481040788324,0.165036496520042,0.152472421172119,0.174829605966806,0.150421530836158,0,0,0.352668762207031,0,0,0,0,0,0.373725770438304,0.352629861558776,0.358865241209666,0.336904674768448,0.214536190929377,0.205865289465691,0.349401158782152,0.275793160001437,0.285864311787817
0,0,0,0,0,0,0,0,0.191215062141418,0.16697826564312,0,0,0,0,0,0.154610330588184,0.182550637263292,0,0.294344294607548,0,0,0.156491339495571,0.169917627845121,0.191619394572227,0.198119550295498,0.214872827743019,0.162307417189533,0,0,0,0,0,0,0,0,0.350827008485794,0,0,0,0.309918026129405,0.328000161510247,0.316652679815888,0.281521047864641,0.316012105659435,0.2743378020823,0.329028920332591,0.339572828549605,0,0,0,0,0,0,0,0.149836853146553,0,0,0,0,0,0,0.159124746378781,0.310979266961416,0.339857427403331,0.155476051900122,0,0.175950527191162,0,0.217264996822347,0.158281764481217,0,0,0.356404185295105,0,0,0,0,0,0.350389976250498,0.342569116503,0.456182569265366,0.356397777795792,0.207216650239003,0.24694320059972,0.331578372397285,0.319043501065328,0.286254376173019
0.365448412751513,0.302505320204156,0.296632617712021,0.302859932184219,0.284912109375,0,0,0,0,0,0,0,0,0,0,0.169378951191902,0.294602744632338,0.294344294607548,0,0.507269322872162,0,0.216197088360786,0.248571308595794,0.205131337046623,0.224924807037626,0.190348148345947,0.229023152589798,0,0,0,0,0,0,0,0,0.402351640603122,0.408000231197436,0.343724608421326,0,0.453179634897797,0.378555759477119,0.276680410826859,0.271947725028879,0.281076871348767,0.281721063122894,0.363622954635645,0.414160910391912,0,0.332454764030196,0,0,0,0,0,0,0,0,0.419989289885217,0,0,0,0,0.376051225277208,0.384752712865452,0,0,0,0,0.220468103885651,0.234729986105646,0.359842993319035,0,0.425233147442341,0.39139255455562,0,0.442522764205933,0,0,0.420203543635977,0.410617993079395,0.490788431315657,0.490209287054398,0.240065369942499,0.208288326859474,0.37611361622728,0.270496206027325,0.279794061637443
0,0,0,0,0,0.214307590192106,0,0.210043068381323,0,0,0,0.140943497537934,0,0,0,0,0,0,0.507269322872162,0,0,0,0,0,0,0,0,0,0,0,0,0,0,0,0,0.200368915916641,0,0.195391303055907,0,0.223352678120136,0,0.405122935771942,0,0,0,0,0,0,0,0.216729924082756,0,0.255536335239927,0,0.204924354950587,0,0,0,0.147436401013993,0,0,0,0,0.247838380140641,0,0,0,0,0,0,0,0,0,0.195416897535324,0,0,0,0,0,0.250953609310091,0,0.235509830690522,0,0.192066564580331,0,0.291904551354614,0,0
0,0,0,0,0.16589471264319,0,0.161834474939566,0,0,0,0.147972865329113,0,0,0,0,0,0,0,0,0,0,0,0,0,0,0,0,0,0,0,0,0,0,0,0,0,0.17861045739515,0,0.196986170571584,0,0,0,0.238891899585724,0,0,0,0.28172234694163,0.298921272158623,0,0,0,0,0.161112652222315,0,0,0,0.211891792714596,0,0,0,0,0,0,0.186230727117138,0,0,0,0,0,0,0,0,0,0,0,0,0,0,0,0.233668044688446,0,0.236863653574671,0.19690518144475,0,0.190321789068334,0,0
0,0,0,0,0,0,0,0,0,0,0,0,0,0,0,0,0.15697258743255,0.156491339495571,0.216197088360786,0,0,0,0.126983154151175,0.150396044400555,0,0.157868980864684,0,0.192619770765305,0,0,0,0,0,0,0,0,0,0.283728418325014,0,0,0,0,0,0,0,0,0,0.369444254981844,0,0.318762457337928,0,0,0,0,0,0.24916435778141,0,0,0,0,0,0,0,0,0.235462285874181,0.154020646214485,0.205962645934849,0,0.260538804023547,0,0.272642676319395,0,0,0,0,0,0,0,0,0,0.324078828158564,0,0.157601158288292,0.24239556491375,0.367850694035696,0,0
0,0,0,0,0,0,0,0,0.372743666172028,0,0,0,0,0,0,0,0.136005420512674,0.169917627845121,0.248571308595794,0,0,0.126983154151175,0,0.145748749375343,0.127868400624961,0,0.134050966550907,0,0.116910363237063,0,0,0,0,0,0,0,0,0,0.420293645433268,0,0,0,0.419919699430466,0,0,0,0,0.421889458383833,0.403913319220036,0,0,0,0,0,0.382439221654619,0,0.353649705648422,0,0,0,0,0,0,0,0.126503985375166,0.23853960496586,0,0.197185010588082,0,0.190791245549917,0,0.285281151914456,0,0.337123041351636,0,0,0,0,0,0.36872273683548,0,0.410517484020619,0.14697339849652,0,0.393368746553149,0,0.393056392669678
0,0,0,0,0,0,0,0,0,0.201017088614977,0,0,0,0,0,0.197440356016159,0.185021310856071,0.191619394572227,0.205131337046623,0,0,0.150396044400555,0.145748749375343,0,0,0.141600625338603,0,0,0,0,0,0,0,0,0,0,0,0.195827858034268,0,0,0,0.20196986446778,0,0,0,0,0,0.409329757094383,0,0.266879046601909,0,0,0,0,0,0.231721726850588,0,0,0,0,0,0,0,0,0.206338069940868,0,0.19971336337227,0,0.154123085004745,0,0.253646939992905,0,0,0,0,0,0,0,0,0,0.244906212859506,0,0.172190441506311,0,0.206292506145394,0,0
0,0,0,0,0,0,0,0,0.182073074579239,0,0,0,0,0,0,0,0.181589491082274,0.198119550295498,0.224924807037626,0,0,0,0.127868400624961,0,0,0,0.126951031217521,0,0,0,0,0,0,0,0,0,0,0,0.20983466577941,0,0,0,0.456827765161341,0,0,0,0,0.374493855237961,0.246650397777557,0,0,0,0,0,0.209111359456311,0,0,0,0,0,0,0,0,0,0,0.161931306620439,0,0.177905437846979,0,0.148322421978129,0,0,0,0,0,0,0,0,0,0.377498060464859,0,0.241975477811965,0.225617494991445,0,0.328155420099696,0,0
0,0,0,0,0,0,0,0,0,0.212214693427086,0,0,0,0,0,0.276510632534822,0.17557018995285,0.214872827743019,0.190348148345947,0,0,0.157868980864684,0,0.141600625338603,0,0,0,0,0,0,0,0,0,0,0,0,0,0,0,0,0,0,0,0,0,0,0,0,0,0,0,0,0,0,0,0,0,0,0,0,0,0.22072551382407,0,0,0.170111119747162,0,0.129268428207272,0,0.217480699197181,0,0,0,0,0,0,0,0,0,0,0,0,0,0.184089890122414,0,0,0,0
0,0,0,0,0,0,0,0,0,0,0,0,0,0,0.181224144995213,0,0.139058148901038,0.162307417189533,0.229023152589798,0,0,0,0.134050966550907,0,0.126951031217521,0,0,0,0.116630486398935,0,0,0,0,0,0,0,0,0,0,0,0,0,0,0,0,0,0,0,0,0,0,0,0,0,0.172470331192017,0,0,0,0,0,0.162601679563522,0,0,0,0,0.167805328965187,0,0.158784916003545,0,0.179250246741705,0,0.15383785367012,0,0,0,0,0,0,0,0,0,0,0.150155141689144,0,0,0,0
0,0,0,0,0,0,0,0,0,0,0,0.156981706122557,0,0,0,0,0,0,0,0,0,0.192619770765305,0,0,0,0,0,0,0,0.115519908070564,0,0,0,0,0,0,0,0.186210771853274,0,0,0,0,0,0,0,0,0,0,0,0,0,0,0,0,0,0,0,0,0,0,0,0,0,0,0.197315354759877,0,0,0,0,0,0.229753514302188,0,0,0,0,0,0,0,0,0,0.184846308978298,0,0,0,0,0,0
0,0,0,0,0,0,0,0,0,0,0,0,0,0,0,0,0.110900737345219,0,0,0,0,0,0.116910363237063,0,0,0,0.116630486398935,0,0,0,0.143572834703852,0,0,0,0,0,0,0,0.171621960622293,0,0,0,0,0,0,0,0,0,0,0,0,0,0,0,0,0,0,0,0,0,0,0,0,0,0,0,0,0,0,0,0,0.224852878301162,0,0,0,0,0,0,0,0,0,0.245855242013931,0.0995185673236847,0,0,0,0
0,0,0,0,0,0,0,0,0,0,0,0,0,0,0,0,0,0,0,0,0,0,0,0,0,0,0,0.115519908070564,0,0,0,0,0,0,0,0,0,0.191740353045792,0,0,0,0,0,0,0,0,0,0,0,0,0,0,0,0,0,0,0,0.222359896524922,0,0,0,0,0,0,0,0,0,0,0,0,0.218259863555431,0,0.200131772086024,0,0,0,0,0,0,0,0.231928969422976,0,0,0,0,0,0
0,0,0,0,0,0,0,0,0,0,0,0,0,0,0,0,0,0,0,0,0,0,0,0,0,0,0,0,0.143572834703852,0,0,0,0,0,0,0,0,0,0.130355221884591,0,0,0,0,0,0,0,0,0,0,0,0,0,0,0,0,0,0.239688277244568,0,0,0,0,0,0,0,0,0,0,0,0,0,0,0.123020954430103,0,0.203111976103963,0,0,0,0,0,0,0,0.154555156826973,0,0,0,0,0
0,0,0,0,0,0,0,0,0,0,0,0,0,0,0,0,0,0,0,0,0,0,0,0,0,0,0,0,0,0,0,0,0.172123388577533,0.145390573889017,0.304141544633442,0.167173366336262,0,0,0,0.428545962909103,0,0,0,0,0,0,0,0.352883600782264,0,0.501404221687052,0,0,0,0,0,0,0,0,0,0,0,0,0,0,0,0,0,0,0,0,0,0,0,0,0.215389182096097,0,0.194439027797092,0,0.294265761372432,0,0,0,0.187345096107685,0,0,0,0
0,0,0,0,0,0,0,0,0,0,0,0,0,0,0,0,0,0,0,0,0,0,0,0,0,0,0,0,0,0,0,0.172123388577533,0,0.280882805585861,0.245977969954208,0,0.177057562259639,0,0,0.643321812152863,0,0,0,0,0,0,0,0.438856641132377,0.331776620613204,0.634867608547211,0,0,0,0,0,0,0,0,0,0,0,0,0,0,0,0,0,0,0,0,0,0,0,0,0.182765729193177,0.407648932188749,0,0,0,0.497606760822237,0,0,0.227795387721724,0,0.533913546374866,0,0
0,0,0,0,0,0,0,0,0,0,0,0,0,0,0,0,0,0,0,0,0,0,0,0,0,0,0,0,0,0,0,0.145390573889017,0.280882805585861,0,0.183073144064595,0.145610113676414,0,0.206864373380507,0,0,0,0,0,0,0,0,0,0.23427512380909,0,0.433964431285858,0,0,0,0,0,0,0,0,0,0,0,0,0,0,0,0,0,0,0,0,0,0,0,0,0.162792812526962,0,0.24017923177764,0.19208099042932,0.186980636045337,0,0.327496735361692,0,0.185928794599715,0,0,0,0
0,0,0,0,0,0,0,0,0,0,0,0,0,0,0,0,0,0,0,0,0,0,0,0,0,0,0,0,0,0,0,0.304141544633442,0.245977969954208,0.183073144064595,0,0,0.166675541237477,0,0.226596043141265,0,0,0,0,0,0,0,0,0.280776740758413,0.443978710923084,0,0,0,0,0,0.295672844756733,0,0,0,0,0,0,0,0,0,0,0,0,0.280153185129166,0,0,0,0.406639451330358,0,0.427297949790955,0.172117620706558,0.281157309810321,0.177990057161583,0.299683323046485,0,0.206457423215563,0.259164188057184,0.388835379514377,0.181963030394022,0,0.507059245005898,0,0
0,0,0,0,0,0.187810852295823,0,0,0,0,0,0,0,0,0,0,0.379505932331085,0.350827008485794,0.402351640603122,0.200368915916641,0,0,0,0,0,0,0,0,0,0,0,0.167173366336262,0,0.145610113676414,0,0,0.120715448943277,0.128330177688962,0.124853886663914,0.240808336750457,0,0.333619210455153,0,0.430764031410217,0,0.242587675402562,0,0,0,0.271717216681551,0,0.173783803979556,0,0,0,0,0,0.317586158712705,0,0,0,0,0.24587811126003,0,0,0,0,0,0,0,0.325184047222137,0,0.325914025306702,0,0.154433831572533,0,0.164946254612743,0,0.237610731582353,0.166046147410934,0.223300949410948,0,0.193856822896977,0.18129681241005,0.252193921842636,0.36293551325798,0
0,0,0.239483252167702,0,0.225935742259026,0,0,0,0,0,0.106225147843361,0,0,0,0,0,0,0,0.408000231197436,0,0.17861045739515,0,0,0,0,0,0,0,0,0,0,0,0.177057562259639,0,0.166675541237477,0.120715448943277,0,0.11427878215909,0.163626442806755,0.259362317395933,0.331973965351398,0,0.330603988460414,0,0.423343639482151,0,0.315661268520959,0.42203640299184,0.340963274240494,0,0.238852387666702,0,0,0,0,0,0,0,0,0,0,0,0,0.202827778649307,0,0,0,0,0,0,0,0,0,0,0,0.250385009691002,0,0.258793306832362,0.203524437383749,0.236079543295287,0,0.203428235213468,0.158763716424111,0.18767002402317,0.298912957164587,0,0.333983974324332
0,0.18499076962471,0,0,0,0,0,0,0,0.180329296048041,0,0.168195980551996,0,0,0,0,0,0,0.343724608421326,0.195391303055907,0,0.283728418325014,0,0.195827858034268,0,0,0,0.186210771853274,0,0.191740353045792,0,0,0,0.206864373380507,0,0.128330177688962,0.11427878215909,0,0.134068434437116,0.259700804948807,0,0.306042905896902,0,0,0,0.356475512186686,0,0.440397350069804,0,0.395924264328371,0,0,0,0,0,0.21777666279593,0,0.162020556963851,0,0,0,0,0.239274880865164,0,0.26938697690576,0,0.264519349546046,0,0,0,0.228418545797467,0,0.147271262464069,0,0,0,0.199353585404063,0.230342417955399,0.208294547130687,0,0.252993886117308,0,0.236562521739899,0.147238378546068,0.516029009317381,0,0
0,0,0,0,0,0,0,0,0.208973510976297,0,0.153176235966384,0,0,0,0,0,0,0,0,0,0.196986170571584,0,0.420293645433268,0,0.20983466577941,0,0,0,0.171621960622293,0,0.130355221884591,0,0,0,0.226596043141265,0.124853886663914,0.163626442806755,0.134068434437116,0,0,0,0,0.484912221630414,0,0,0,0.294643151618185,0.561953021343364,0.492392231543512,0,0,0,0,0,0.249656296960295,0,0.175554694400893,0,0,0,0,0,0,0.237208398406768,0,0.432854928948645,0,0.237150251617951,0,0,0,0.278968192063845,0,0.270054271817207,0,0,0,0.267231944061461,0,0.229357053922524,0,0.286039041408954,0.206288497211937,0.210400624904368,0.411637283288516,0,0
0.399315536022186,0,0,0.272525544229307,0,0,0,0,0,0,0,0,0,0,0,0,0.388121851852962,0.309918026129405,0.453179634897797,0.223352678120136,0,0,0,0,0,0,0,0,0,0,0,0.428545962909103,0.643321812152863,0,0,0.240808336750457,0.259362317395933,0.259700804948807,0,0,0,0.333073997624557,0.4018914103508,0.51220952346921,0,0.326967802159404,0.416620671749115,0.529697445412827,0.518332600593567,0.38305292416431,0,0.271277065078417,0,0,0,0,0,0.28427889496088,0,0,0,0,0.256675077787725,0,0,0,0,0,0,0,0.320720463991165,0,0.318236046511194,0,0.338850721716881,0.616203561425209,0,0,0.32029629812233,0.253730919212103,0.309417987371435,0,0.389299666440045,0,0.303417006754185,0.368198688417801,0
0.335121512413025,0.371151655912399,0.304735489390992,0,0.287407585552761,0,0,0,0,0,0,0,0,0,0,0,0.328230251284207,0.328000161510247,0.378555759477119,0,0,0,0,0,0,0,0,0,0,0,0,0,0,0,0,0,0.331973965351398,0,0,0,0,0.290132190499987,0.332079022266161,0.301090931350535,0.469592043902816,0.404071698586146,0.385207363226441,0.392169282624596,0.286115530210908,0.433912247419357,0.281128007173538,0,0,0,0,0,0.334240764379501,0,0.259020924568176,0,0.283099718391895,0,0,0.309644495602697,0,0,0,0,0,0,0,0,0,0.2935096850762,0,0.349542796611786,0,0,0.382277766863505,0.302495877824578,0,0.31062272951958,0.350619408217343,0,0.35200769658657,0,0.401812999037689
0,0.260459796108049,0,0.277305126792253,0,0,0,0,0,0.220665263632933,0,0,0,0,0,0,0.289354648441076,0.316652679815888,0.276680410826859,0.405122935771942,0,0,0,0.20196986446778,0,0,0,0,0,0,0,0,0,0,0,0.333619210455153,0,0.306042905896902,0,0.333073997624557,0.290132190499987,0,0.279300554167657,0.308768115450744,0,0.341486623282489,0.30634306371212,0.562515415051848,0,0.431685945952586,0,0.298936679959297,0,0,0,0.254628926515579,0,0.37431370803924,0,0,0,0.329692751169205,0.336859872641642,0.358529448509216,0,0,0.279663532972336,0,0,0,0.400656718677945,0,0.343495596331005,0,0,0,0,0,0.354695827543086,0.294037929177284,0.447097287756773,0,0.379589016623842,0.37973253428936,0.342952525765438,0.256670152102751,0.268661171197891
0.415055837896135,0,0.36796471006237,0,0.28259132305781,0,0,0,0.197366579435766,0,0,0,0,0,0,0,0.306418918794201,0.281521047864641,0.271947725028879,0,0.238891899585724,0,0.419919699430466,0,0.456827765161341,0,0,0,0,0,0,0,0,0,0,0,0.330603988460414,0,0.484912221630414,0.4018914103508,0.332079022266161,0.279300554167657,0,0.237733550866445,0.345029082404424,0.303688049316406,0.336603749105159,0.567853717334208,0.368028158230036,0,0.292651891708374,0,0,0,0,0,0.386931521158952,0,0.331204286643437,0,0.356342046818835,0,0.309298127889633,0.397518593976166,0,0.566726386547089,0,0.487874322703906,0,0,0,0.431562730244228,0,0.41526484329526,0,0.338016246755918,0,0,0.338661134243011,0.342804675924428,0,0.417932479989295,0.392940369284251,0.40591715489115,0.366490373523722,0.304732985794544,0.286799202830821
0.296299606561661,0,0,0,0,0,0,0,0,0,0,0,0,0,0,0,0.278750974684954,0.316012105659435,0.281076871348767,0,0,0,0,0,0,0,0,0,0,0,0,0,0,0,0,0.430764031410217,0,0,0,0.51220952346921,0.301090931350535,0.308768115450744,0.237733550866445,0,0.261806420981884,0.417237259389818,0.349144354462624,0,0,0,0,0,0,0,0.240222722291946,0,0,0.456184176462037,0,0,0,0,0.410017408927282,0.311836222807566,0,0,0,0,0,0,0.414074063301086,0,0.44441756606102,0,0,0,0,0,0.460567503992592,0.307736598783069,0.535798717851508,0,0.252813282207801,0,0.363635476572778,0.302809996457843,0
0,0,0,0,0,0,0,0,0,0,0,0,0,0,0,0,0.284819241274487,0.2743378020823,0.281721063122894,0,0,0,0,0,0,0,0,0,0,0,0,0,0,0,0,0,0.423343639482151,0,0,0,0.469592043902816,0,0.345029082404424,0.261806420981884,0,0.322606176137924,0.464879253636236,0,0,0,0,0,0,0,0,0,0,0,0,0,0,0,0,0.425272118832384,0,0,0,0,0,0,0,0,0,0.498772919178009,0,0,0,0,0,0.448064331401911,0,0.549880511230893,0.292623851448298,0,0.436908702448146,0,0.343963864776823
0.359221339225769,0.368132159113884,0.322488367557526,0.229304267714421,0,0,0,0,0,0,0,0,0,0,0,0,0.345533886882994,0.329028920332591,0.363622954635645,0,0,0,0,0,0,0,0,0,0,0,0,0,0,0,0,0.242587675402562,0,0.356475512186686,0,0.326967802159404,0.404071698586146,0.341486623282489,0.303688049316406,0.417237259389818,0.322606176137924,0,0.3767706990242,0,0,0.233862614945361,0,0.264584684371948,0,0,0,0,0,0.352831380298504,0,0.297732919454575,0,0,0.343732871721357,0.38256711512804,0,0,0,0,0,0,0.368311712145805,0,0.393892471583522,0,0,0,0,0,0.366019950452649,0.368995389113059,0.368917297438851,0,0.368100780879076,0.403614885531939,0.370899559756189,0.326736798411921,0
0.486787781119347,0,0.313103705644608,0,0.276673913002014,0,0,0,0,0,0,0,0,0,0,0,0.382357258815318,0.339572828549605,0.414160910391912,0,0.28172234694163,0,0,0,0,0,0,0,0,0,0,0,0,0,0,0,0.315661268520959,0,0.294643151618185,0.416620671749115,0.385207363226441,0.30634306371212,0.336603749105159,0.349144354462624,0.464879253636236,0.3767706990242,0,0,0.293796695768833,0,0.306950181722641,0,0,0,0,0,0.256729260087013,0,0,0,0.272681713104248,0,0.373066931962967,0.292453615038491,0,0,0,0,0,0,0,0,0,0.384926348924637,0,0.386864095926285,0,0,0.37434942026933,0.34090440331164,0,0.3639637323291,0.368396904632335,0,0.352378778684592,0,0.370229482650757
0,0,0,0,0,0,0,0,0,0,0,0,0,0,0,0,0,0,0,0,0.298921272158623,0.369444254981844,0.421889458383833,0.409329757094383,0.374493855237961,0,0,0,0,0,0,0.352883600782264,0.438856641132377,0.23427512380909,0.280776740758413,0,0.42203640299184,0.440397350069804,0.561953021343364,0.529697445412827,0.392169282624596,0.562515415051848,0.567853717334208,0,0,0,0,0,0.433378194241782,0.572060324679846,0,0,0,0,0,0,0,0,0,0,0,0,0,0.292200469101469,0.403665155172348,0.517505387465159,0.395456564426422,0.490565163748605,0,0,0,0.414679796355111,0,0.428987490279334,0.348953156403048,0.548506975382358,0.250931561548252,0.454680105854321,0.412734779551586,0.450659573213034,0.419591928054707,0.501943836192823,0.621867551717802,0.66273640482514,0.493882196898814,0,0
0.196533171033736,0,0.220207358456471,0,0.296237041552862,0,0,0,0.142909577599278,0,0,0,0,0,0,0,0,0,0.332454764030196,0,0,0,0.403913319220036,0,0.246650397777557,0,0,0,0,0,0,0,0.331776620613204,0,0.443978710923084,0,0.340963274240494,0,0.492392231543512,0.518332600593567,0.286115530210908,0,0.368028158230036,0,0,0,0.293796695768833,0.433378194241782,0,0.325208803638816,0.259206891059875,0,0,0,0.14728179037571,0,0.370001805848197,0,0.237765122092131,0,0.245838659505049,0,0,0.273993846916017,0,0.360979226059639,0,0.276052873242985,0,0.333834390922133,0,0.3550989114769,0,0.317860490730985,0,0.388568966595595,0,0.413551125562552,0,0.317591125419277,0,0.404795462625512,0.460212139849782,0,0.331097497599257,0,0.357582552092416
0,0.228371686120143,0.30781614780426,0.260441940827448,0.275632083415985,0,0,0,0,0,0,0,0,0,0,0,0,0,0,0.216729924082756,0,0.318762457337928,0,0.266879046601909,0,0,0,0,0,0,0,0.501404221687052,0.634867608547211,0.433964431285858,0,0.271717216681551,0,0.395924264328371,0,0.38305292416431,0.433912247419357,0.431685945952586,0,0,0,0.233862614945361,0,0.572060324679846,0.325208803638816,0,0,0.279470767825842,0,0,0,0.141212716698647,0,0.304687830854238,0,0.291187916787303,0.2801593542099,0.226621353067458,0.2464411245151,0,0.351402291476377,0,0.285143600933882,0,0.304435643664113,0,0.341217658562913,0,0.266301999114594,0.36833718419075,0.288933418691158,0.637174174189568,0.377672200401624,0,0.371916517388562,0.294448087612788,0.339297029658182,0,0.402263703472885,0,0.377262401917925,0.322096735239029,0
0,0,0.21273898502142,0,0.207955682812321,0,0.23631487922235,0,0.185202177775943,0,0,0,0.238179302215576,0,0.195039298604516,0,0,0,0,0,0,0,0,0,0,0,0,0,0,0,0,0,0,0,0,0,0.238852387666702,0,0,0,0.281128007173538,0,0.292651891708374,0,0,0,0.306950181722641,0,0.259206891059875,0,0,0,0.239567397369279,0,0.177996759613355,0,0.264468241444568,0,0.242677499917713,0,0.20269291020102,0,0,0.387942059172524,0,0,0,0,0,0,0,0,0,0,0,0,0,0,0,0,0,0,0.185878704131489,0,0.291455576425562,0,0
0,0,0,0.284319879055697,0,0.208182787090849,0,0.186892598867416,0,0,0,0,0,0.230527657601568,0,0,0,0,0,0.255536335239927,0,0,0,0,0,0,0,0,0,0,0,0,0,0,0,0.173783803979556,0,0,0,0.271277065078417,0,0.298936679959297,0,0,0,0.264584684371948,0,0,0,0.279470767825842,0,0,0,0.220500302917146,0,0.205106952472737,0,0.32250163384495,0,0.239356750379438,0,0.250180472930272,0.313835657835007,0,0,0,0,0,0,0,0,0,0.315604269504547,0,0,0,0,0,0.296699583530426,0.282639741897583,0,0,0.242464066428297,0,0.282924594887595,0.291920572519302,0
0,0,0,0,0.215173377066242,0,0.182028164338862,0,0,0,0.273259858184672,0,0.210846176042276,0,0,0,0,0,0,0,0.161112652222315,0,0,0,0,0,0,0,0,0,0,0,0,0,0,0,0,0,0,0,0,0,0,0,0,0,0,0,0,0,0.239567397369279,0,0,0,0,0,0.245159901361312,0,0.234341723268682,0,0,0,0,0,0,0,0,0,0,0,0,0,0,0,0,0,0,0,0,0,0,0,0.203121653069621,0,0.163999408483505,0,0
0,0,0,0,0,0.208256546121377,0,0.199514182053861,0,0,0,0.186260297894478,0,0.193291453214792,0,0,0,0,0,0.204924354950587,0,0,0,0,0,0,0,0,0,0,0,0,0,0,0,0,0,0,0,0,0,0,0,0,0,0,0,0,0,0,0,0.220500302917146,0,0,0,0,0,0.264704378381213,0,0.234607001044312,0,0,0.208962224920591,0,0,0,0,0,0,0,0,0,0,0,0,0,0,0,0,0,0,0,0.205288355756137,0.188177605470022,0,0,0
0.172598524481867,0,0.164025652422526,0,0.197469264268875,0,0,0,0.233889980966619,0,0,0,0,0,0.205810073018074,0,0.173487885490708,0.149836853146553,0,0,0,0,0.382439221654619,0,0.209111359456311,0,0.172470331192017,0,0,0,0,0,0,0,0.295672844756733,0,0,0,0.249656296960295,0,0,0,0,0.240222722291946,0,0,0,0,0.14728179037571,0,0.177996759613355,0,0,0,0,0,0,0,0,0,0.210477080838434,0,0,0,0,0.368871356432254,0,0.257042166517406,0,0,0,0,0,0,0,0,0,0.290006033011845,0,0,0,0.320064641773067,0.24341931194067,0,0.231428872082133,0,0
0,0.191676752727436,0,0.151298287933991,0,0,0,0,0,0.258583966560563,0,0,0,0,0,0.212330557405949,0,0,0,0,0,0.24916435778141,0,0.231721726850588,0,0,0,0,0,0,0,0,0,0,0,0,0,0.21777666279593,0,0,0,0.254628926515579,0,0,0,0,0,0,0,0.141212716698647,0,0.205106952472737,0,0,0,0,0,0.288762152194977,0,0,0,0.214193436160884,0,0,0,0,0.23377151071578,0,0.205566724704713,0,0,0,0,0,0,0,0,0,0,0,0.242989325018,0,0,0,0.208091861353471,0,0
0,0,0.266893362005552,0,0.250948287546635,0,0.262854549803038,0,0,0,0.222964390352802,0,0.240048776070277,0,0.248588833212852,0,0,0,0,0,0.211891792714596,0,0.353649705648422,0,0,0,0,0,0,0,0.239688277244568,0,0,0,0,0,0,0,0.175554694400893,0,0.334240764379501,0,0.386931521158952,0,0,0,0.256729260087013,0,0.370001805848197,0,0.264468241444568,0,0.245159901361312,0,0,0,0,0,0.309672010143598,0,0.242094590018193,0,0.285805612802505,0.287779562737904,0,0.370614841580391,0,0.362254798412323,0,0.401846349239349,0,0.397860718470713,0,0.332983331806313,0,0,0,0,0,0.279869311759549,0,0.388713151216507,0.221802003555379,0,0.332457806057289,0,0.409466028213501
0,0.27634271979332,0,0.305427633512479,0,0.246941010866846,0,0.201374395026101,0,0,0,0.213024566340535,0,0,0,0,0,0,0.419989289885217,0.147436401013993,0,0,0,0,0,0,0,0,0,0.222359896524922,0,0,0,0,0,0.317586158712705,0,0.162020556963851,0,0.28427889496088,0,0.37431370803924,0,0.456184176462037,0,0.352831380298504,0,0,0,0.304687830854238,0,0.32250163384495,0,0.264704378381213,0,0.288762152194977,0,0,0,0.379133985393788,0,0.256244732727928,0.334926755289839,0,0.328008860349655,0,0,0,0.332497298717499,0,0.446156563404678,0,0.296467385961539,0,0,0,0,0,0.285107804216304,0,0.269606651230292,0,0.240597292624351,0.402482837438583,0.361030527002366,0.386228376117192,0
0,0,0.218164402577612,0,0.221374535438966,0,0.235918946564198,0,0,0,0.200309349790863,0,0.230084943016628,0,0.248571977372418,0,0,0,0,0,0,0,0,0,0,0,0,0,0,0,0,0,0,0,0,0,0,0,0,0,0.259020924568176,0,0.331204286643437,0,0,0,0,0,0.237765122092131,0,0.242677499917713,0,0.234341723268682,0,0,0,0.309672010143598,0,0,0,0.246468505012655,0,0,0,0,0,0,0,0,0.25129692380627,0,0.270163761270119,0,0,0,0,0,0,0,0,0,0,0.23845854587853,0,0.275592801245776,0,0.324565827846527
0,0,0,0.304756502094476,0,0.234924223612655,0,0.194766985196056,0,0,0,0,0,0.220995647130709,0,0.187619564137352,0,0,0,0,0,0,0,0,0,0,0,0,0,0,0,0,0,0,0,0,0,0,0,0,0,0,0,0,0,0.297732919454575,0,0,0,0.291187916787303,0,0.239356750379438,0,0.234607001044312,0,0,0,0.379133985393788,0,0,0,0.333039774298668,0.392817998062009,0,0,0,0.287186640501022,0,0.322804405938747,0,0.41420268627365,0,0,0,0,0,0,0,0.287587672472,0,0,0,0.195416922230676,0.177335081497828,0.326707319418589,0,0
0.237131362780929,0,0.216962775848444,0,0.200684143354495,0,0,0,0.170839057668396,0,0,0,0.236702710390091,0,0.196191041684542,0,0.142982447147369,0,0,0,0,0,0,0,0,0,0.162601679563522,0,0,0,0,0,0,0,0,0,0,0,0,0,0.283099718391895,0,0.356342046818835,0,0,0,0.272681713104248,0,0.245838659505049,0.2801593542099,0.20269291020102,0,0,0,0.210477080838434,0,0.242094590018193,0,0.246468505012655,0,0,0,0,0,0,0,0,0,0,0.216843546678623,0,0,0,0,0,0,0,0,0,0.266998142004013,0,0,0.176612991756863,0.144395869970322,0.262086938619614,0,0.322486661374569
0,0.186196948172616,0,0.26762390807271,0,0.195427440106869,0,0,0,0.235692394773165,0,0,0,0.243862852454185,0,0.199084174094929,0,0.159124746378781,0,0,0,0,0,0,0,0.22072551382407,0,0,0,0,0,0,0,0,0,0,0,0,0,0,0,0.329692751169205,0,0,0,0,0,0,0,0.226621353067458,0,0.250180472930272,0,0,0,0.214193436160884,0,0.256244732727928,0,0.333039774298668,0,0,0,0,0,0,0.228004287928343,0,0.226930230523985,0,0.320176288485527,0,0,0,0,0,0,0,0,0,0,0,0.164927150154936,0,0.282235669722489,0,0
0,0.343787252902985,0.286659181118011,0.290121848384539,0,0.269548070430756,0,0,0,0,0,0.220403437813123,0,0,0,0,0.319653487205505,0.310979266961416,0.376051225277208,0.247838380140641,0,0,0,0,0,0,0,0,0,0,0,0,0,0,0,0.24587811126003,0,0.239274880865164,0,0.256675077787725,0,0.336859872641642,0.309298127889633,0.410017408927282,0,0.343732871721357,0.373066931962967,0,0,0.2464411245151,0,0.313835657835007,0,0.208962224920591,0,0,0.285805612802505,0.334926755289839,0,0.392817998062009,0,0,0,0.394190013408661,0,0,0,0,0,0,0.410444750205467,0,0.369539381520901,0,0,0,0,0,0.292564358151605,0.3420250415802,0.317841402522122,0,0.216179847101802,0.319334447383881,0.329835456823874,0.486302117506663,0
0,0,0,0,0.181574041352553,0,0,0,0,0,0.167050663021303,0,0,0,0,0,0.370087180534999,0.339857427403331,0.384752712865452,0,0.186230727117138,0,0,0,0,0,0,0,0,0,0,0,0,0,0,0,0.202827778649307,0,0.237208398406768,0,0.309644495602697,0.358529448509216,0.397518593976166,0.311836222807566,0.425272118832384,0.38256711512804,0.292453615038491,0.292200469101469,0.273993846916017,0,0.387942059172524,0,0,0,0,0,0.287779562737904,0,0,0,0,0,0.394190013408661,0,0,0,0,0,0,0,0,0.39001926779747,0,0.283136607493673,0,0.43403422832489,0,0,0.38394869863987,0.291731580990174,0,0.306147605421082,0.186383932038327,0,0.335183353713837,0,0.355024804671605
0,0,0,0,0,0,0,0,0,0,0,0,0,0,0,0,0,0.155476051900122,0,0,0,0.235462285874181,0.126503985375166,0.206338069940868,0,0.170111119747162,0,0.197315354759877,0,0,0,0,0,0,0,0,0,0.26938697690576,0,0,0,0,0,0,0,0,0,0.403665155172348,0,0.351402291476377,0,0,0,0,0,0,0,0.328008860349655,0,0,0,0,0,0,0,0,0.244252574647837,0,0.274031665150811,0,0.322615872321989,0,0,0,0,0,0,0,0,0,0.311156163638511,0,0.158023449636641,0.120502596928014,0.421606752802344,0,0
0,0,0,0,0,0,0,0,0.315563172101974,0,0,0,0,0,0,0,0.124481040788324,0,0,0,0,0.154020646214485,0.23853960496586,0,0.161931306620439,0,0.167805328965187,0,0,0,0,0,0,0,0,0,0,0,0.432854928948645,0,0,0,0.566726386547089,0,0,0,0,0.517505387465159,0.360979226059639,0,0,0,0,0,0.368871356432254,0,0.370614841580391,0,0,0,0,0,0,0,0,0,0,0.242448792643216,0,0.279068228516559,0,0.291521209332606,0,0.345069204057966,0,0,0,0,0,0,0,0.311281745187167,0.182118449717352,0.198988452553749,0.438501821623908,0,0
0,0.144223333281629,0,0,0,0,0,0,0,0.206885806777898,0,0,0,0,0,0,0.165036496520042,0.175950527191162,0,0,0,0.205962645934849,0,0.19971336337227,0,0.129268428207272,0,0,0,0,0,0,0,0,0,0,0,0.264519349546046,0,0,0,0.279663532972336,0,0,0,0,0,0.395456564426422,0,0.285143600933882,0,0,0,0,0,0.23377151071578,0,0,0,0.287186640501022,0,0.228004287928343,0,0,0.244252574647837,0,0,0,0.238039421449448,0,0.30218383812221,0,0,0,0,0,0,0,0,0,0.302741172563875,0,0.286493901820744,0,0.330795305124437,0,0
0,0,0,0,0,0,0,0,0.229814361780882,0,0,0,0,0,0,0,0.152472421172119,0,0,0,0,0,0.197185010588082,0,0.177905437846979,0,0.158784916003545,0,0,0,0,0,0,0,0.280153185129166,0,0,0,0.237150251617951,0,0,0,0.487874322703906,0,0,0,0,0.490565163748605,0.276052873242985,0,0,0,0,0,0.257042166517406,0,0.362254798412323,0,0,0,0,0,0,0,0,0.242448792643216,0,0,0,0.239056195482748,0,0.295423513964603,0,0,0,0,0,0,0,0,0,0.300717794129094,0.417424310870627,0,0.315998218406778,0,0
0,0,0,0,0,0,0,0,0,0.18964646756649,0,0,0,0,0,0.258781488317607,0.174829605966806,0.217264996822347,0.220468103885651,0,0,0.260538804023547,0,0.154123085004745,0,0.217480699197181,0,0,0,0,0,0,0,0,0,0,0,0,0,0,0,0,0,0,0,0,0,0,0,0.304435643664113,0,0,0,0,0,0.205566724704713,0,0.332497298717499,0,0.322804405938747,0,0.226930230523985,0,0,0.274031665150811,0,0.238039421449448,0,0,0,0.320900182459089,0,0,0,0,0,0,0,0,0,0,0,0.188397273421288,0,0.142361119389534,0,0
0,0,0,0,0,0,0,0,0.182108646233877,0,0,0,0,0,0.207791565606991,0,0.150421530836158,0.158281764481217,0.234729986105646,0,0,0,0.190791245549917,0,0.148322421978129,0,0.179250246741705,0,0,0,0,0,0,0,0,0,0,0,0,0,0,0,0,0,0,0,0,0,0.333834390922133,0,0,0,0,0,0,0,0.401846349239349,0,0.25129692380627,0,0.216843546678623,0,0,0,0,0.279068228516559,0,0.239056195482748,0,0,0,0.304688906436712,0,0.364120215177536,0,0,0,0,0,0,0,0,0.176964497781898,0,0.42842623591423,0,0
0,0.304201543331146,0,0.32730513105267,0,0,0,0,0,0,0,0.157486554573883,0,0.169420957565308,0,0,0,0,0.359842993319035,0,0,0.272642676319395,0,0.253646939992905,0,0,0,0.229753514302188,0,0.218259863555431,0,0,0,0,0,0.325184047222137,0,0.228418545797467,0,0.320720463991165,0,0.400656718677945,0,0.414074063301086,0,0.368311712145805,0,0,0,0.341217658562913,0,0,0,0,0,0,0,0.446156563404678,0,0.41420268627365,0,0.320176288485527,0.410444750205467,0,0.322615872321989,0,0.30218383812221,0,0.320900182459089,0,0,0,0.362875810116356,0,0,0,0,0,0.308779013156891,0,0.288510665102789,0,0.405678634580813,0.41644811630249,0.403314575919964,0.415767862038179,0
0,0,0,0,0,0,0,0,0,0,0,0,0,0,0,0,0,0,0,0,0,0,0.285281151914456,0,0,0,0.15383785367012,0,0.224852878301162,0,0.123020954430103,0,0,0,0.406639451330358,0,0,0,0.278968192063845,0,0,0,0.431562730244228,0,0,0,0,0.414679796355111,0.3550989114769,0,0,0,0,0,0,0,0.397860718470713,0,0.270163761270119,0,0,0,0,0.39001926779747,0,0.291521209332606,0,0.295423513964603,0,0.304688906436712,0,0,0,0.430869928823832,0,0,0,0.396738556715158,0,0.34030419588089,0,0.318069128066125,0.412545740604401,0,0.453250966410139,0,0.434836268424988
0,0.337997918327649,0,0.34256569280491,0,0,0,0,0,0,0,0.237540413935979,0,0,0,0,0.352668762207031,0.356404185295105,0.425233147442341,0.195416897535324,0,0,0,0,0,0,0,0,0,0.200131772086024,0,0,0,0,0,0.325914025306702,0,0.147271262464069,0,0.318236046511194,0,0.343495596331005,0,0.44441756606102,0,0.393892471583522,0,0,0,0.266301999114594,0,0.315604269504547,0,0,0,0,0,0.296467385961539,0,0,0,0,0.369539381520901,0,0,0,0,0,0,0,0.362875810116356,0,0,0,0,0,0,0,0.293550828168559,0,0.319358653178317,0,0.427309541553259,0,0.385268010377598,0.395901925011313,0
0,0,0.377743482589722,0,0,0,0,0,0,0,0,0,0,0,0,0,0,0,0.39139255455562,0,0,0,0.337123041351636,0,0,0,0,0,0,0,0.203111976103963,0,0,0,0.427297949790955,0,0,0,0.270054271817207,0,0.2935096850762,0,0.41526484329526,0,0.498772919178009,0,0.384926348924637,0.428987490279334,0.317860490730985,0.36833718419075,0,0,0,0,0,0,0.332983331806313,0,0,0,0,0,0,0.283136607493673,0,0.345069204057966,0,0,0,0.364120215177536,0,0.430869928823832,0,0,0,0,0,0,0,0.310261057181792,0,0.309243275354283,0.395652152597904,0,0.376157507611682,0,0.435331205837429
0,0,0,0,0,0,0,0,0,0,0,0,0,0,0,0,0,0,0,0,0,0,0,0,0,0,0,0,0,0,0,0.215389182096097,0.182765729193177,0.162792812526962,0.172117620706558,0.154433831572533,0,0,0,0.338850721716881,0,0,0,0,0,0,0,0.348953156403048,0,0.288933418691158,0,0,0,0,0,0,0,0,0,0,0,0,0,0,0,0,0,0,0,0,0,0,0,0,0,0.296014204621315,0.341765452108325,0,0.256099214289278,0,0,0,0.158216771349978,0,0,0,0
0,0,0,0,0,0,0,0,0,0,0,0,0,0,0,0,0,0,0.442522764205933,0,0,0,0,0,0,0,0,0,0,0,0,0,0.407648932188749,0,0.281157309810321,0,0.250385009691002,0,0,0.616203561425209,0.349542796611786,0,0.338016246755918,0,0,0,0.386864095926285,0.548506975382358,0.388568966595595,0.637174174189568,0,0,0,0,0,0,0,0,0,0,0,0,0,0.43403422832489,0,0,0,0,0,0,0,0,0,0,0.296014204621315,0,0,0.232610506169936,0,0.377671265887453,0,0,0.319647716979186,0,0.551781989634037,0,0.405886858701706
0,0,0,0,0,0,0,0,0,0,0,0,0,0,0,0,0,0,0,0,0,0,0,0,0,0,0,0,0,0,0,0.194439027797092,0,0.24017923177764,0.177990057161583,0.164946254612743,0,0.199353585404063,0,0,0,0,0,0,0,0,0,0.250931561548252,0,0.377672200401624,0,0,0,0,0,0,0,0,0,0,0,0,0,0,0,0,0,0,0,0,0,0,0,0,0.341765452108325,0,0,0.183019706543456,0.321908745436164,0,0.322162598218316,0,0.174577224999666,0,0,0,0
0,0,0,0,0,0,0,0,0,0,0,0,0,0,0,0,0,0,0,0,0,0,0,0,0,0,0,0,0,0,0,0,0,0.19208099042932,0.299683323046485,0,0.258793306832362,0.230342417955399,0.267231944061461,0,0,0,0,0,0,0,0,0.454680105854321,0.413551125562552,0,0,0,0,0,0.290006033011845,0,0,0,0,0,0,0,0,0,0,0,0,0,0,0,0,0.396738556715158,0,0,0,0.232610506169936,0.183019706543456,0,0,0.354901444482601,0.255039066076279,0.335746452441754,0.239029918021212,0,0.493173104066115,0,0
