0,0,0.0322157928512225,0,0,0,0,0,0.121508585776729,0,0,0,0,0,0,0,0,0,0,0,0,0,0,0,0,0,0,0,0,0,0,0,0,0,0,0,0,0,0,0,0,0,0,0,0,0,0,0,0.00379375323576737,0,0,0,0,0,0.0454514312449049,0,0,0,0,0,0,0,0,0,0,0,0,0,0,0,0,0,0,0,0,0,0,0,0,0,0,0,0.000924979878832768,0,0.000840368253942985,0,0
0,0,0,0.0942802163343886,0,0.000670155866519839,0,0,0,0.0121958120998733,0,0,0,0,0,0.00540523795193665,5.33863800866351e-05,0.000118310194786547,9.11597644664033e-05,0,0,0,0,0,0,0.000390020783529212,0,0,0,0,0,0,0,0,0,0,0,0,0,0,0,0,0,0,0,0,0,0,0,0.0358136537892019,0,0,0,0,0,0.00545982702168314,0,0.00136525629712884,0,0,0,0.020039191826725,0,0,0,0,0,0,0,0,0,0,0,0,0,0,0,0,0,0,0,0,0.00113302931125504,2.76904942895085e-06,0.000578023162947491,0,0
0.0322157928512225,0,0,0,0.00593582274799486,0,0,0,0.0149220311494266,0,0,0,0,0,0,0,0,0,0,0,0,0,0,0,0,0,0,0,0,0,0,0,0,0,0,0,2.93204985767233e-06,0,1.97319478377109e-06,0,0,0,4.30418861168064e-05,0,0,0,0.0114246571351131,7.90542353034338e-05,0.00541822126685018,0,0,0,0,0,0.00387467618824484,0,0,0,0,0,0,0,0,0,0,0,0,0,0,0,0,0,0,7.35168323655316e-05,0,0,0,0,0,7.50844098123881e-06,0,1.84439275727236e-05,5.79594606569415e-05,0,0.0159773742669536,0,0
0,0.0942802163343886,0,0,0,0.0199291186611747,0,0,0,0,0,0,0,0,0,0,0,0,0,0,0,0,0,0,0,0,0,0,0,0,0,0,0,0,0,0,0,0,0,0,0,0,0,0,0,0,0,0,0,0.010717647714362,0,0.000691478032796147,0,0,0,0.00460263986351552,0,0.00788874460842404,0,0,0,0.0100196420594243,0,0,0,0,0,0,0,0,0,0,0,0,0,0,0,0,0,0,0,0,8.36160372340891e-06,0,0.0092775256256133,0,0
0,0,0.00593582274799486,0,0,0,0,0,0.000250705110374838,0,0,0,0,0,0,0,0,0,8.77984291629058e-06,0,0,0,0,0,0,0,0,0,0,0,0,0,0,0,6.66823602953129e-05,0,5.82694708804454e-05,0,1.05086880671667e-05,7.21859952766976e-05,0.000466537946164372,9.2847613612036e-06,0.000195850758237055,0,0,0,0.000928956492007298,0.00107155176401441,0.00125567324128061,0.000238243273640191,0.0345889675682702,0,0,0,0,0,0.000446330340157031,0,0,0,0.00402031673947975,0,0,0.00379457664789422,0,0,0,0,0,0,0,0,0,0.000602240997753007,0,0,0,0.000270793376951603,0,4.87610481147442e-05,0,0.000212968676753472,0.00032408136393672,1.05875164809123e-05,0.0160303066486402,0,0
0,0.000670155866519839,0,0.0199291186611747,0,0,0,0,0,0.00356976971823393,0,0,0,0,0,0,0,0,0,0,0,0,0,0,0,0,0,0,0,0,0,0,0,0,0,0,0,0,0,0,0,0,0,0,0,0,0,0,0,0.00112928412750321,0,0.0175535027818361,0,0.00176117235109301,0,0.00430864992853648,0,0.00408569205377554,0,0.000214333096590046,0,0,0.000156877808504555,0,0,0,0,0,0,0,0,0,0,0,0,0,0,0,0,0,0,0,0.000934505487762287,0,0.0023557089190478,0,0
0,0,0,0,0,0,0,0,0,0,0.000254362259763593,0,0,0,0,0,0,0,0,0,0.00173681228314212,0,0,0,0,0,0,0,0,0,0,0,0,0,0,0,0,0,0,0,0,0,0,0,0,0,0,0,0,0,0,0,0.00411185069142255,0,0,0,0.000114081641419584,0,0.000186513795562553,0,0,0,0,0,0,0,0,0,0,0,0,0,0,0,0,0,0,0,0,0,0,0,0.000251548798583184,0,0,0,0
0,0,0,0,0,0,0,0,0,0,0,0.00443817454655153,0,0,0,0,0,0,0,0,0,0,0,0,0,0,0,0,0,0,0,0,0,0,0,0,0,0,0,0,0,0,0,0,0,0,0,0,0,0,0,0.000393152596883266,0,0.0602275338837175,0,0,0,0.00136991432497317,0,0.00188691126425317,0,0,0,0,0,0,0,0,0,0,0,0,0,0,0,0,0,0,0,0,0,0,0.000341453431909358,0,0,0,0
0.121508585776729,0,0.0149220311494266,0,0.000250705110374838,0,0,0,0,0,0,0,0,0,0.00752993396503129,0,0.00810714937879217,0.000973115589146601,0.00061095329343903,0,0,0,5.75778592884827e-06,0.000967507725965292,0.004330568403181,0,0,0,0,0,0,0,0,0,0.000134447163979579,0,0,0,0.00093745113396127,0,0,0,0,0,0,0,0,0,0.00301587932450893,0,0,0,0,0,0.0464329351552137,0,0,0,0,0,0.000455503376165484,0,0,0,0,0,0,0.00510079102006222,0,0.000461137741647192,0,0,0,0,0,0,0,0,0,0,0,0.000828013302796317,0.00221113946751648,1.83615943569748e-05,0.00698035565639155,0,0
0,0.0121958120998733,0,0,0,0.00356976971823393,0,0,0,0,0,0,0,0,0,0.00610762433233324,0.00210284952730054,0.00908171599146006,0.00261321097736544,0,0,3.6943049249427e-05,0,0.0261890011140005,0,0.00214316087906859,0,0,0,0,0,0,0,0,0,0,0,0.00159470101536644,0,0,0,8.1307246543004e-05,0,0,0,0,0,0,0,0.000445629674499782,0,0,0,0,0,0.014505647381321,0,0,0,0,0,0.00286038246530611,0,0,0,0,0.00995761378065633,0,0.00474035687323666,0,0,0,0,0,0,0,0,0,2.74695836882243e-06,3.91673466135053e-05,0.000140780156813494,0,0.00135814524966465,3.19698275046433e-05,0.00678712342555151,0,0
0,0,0,0,0,0,0.000254362259763593,0,0,0,0,0,0.00020880330862914,0,0,0,0,0,0,0,0.0423744929066444,0,0,0,0,0,0,0,0,0,0.000356299491568179,0,0,0,0,0,0.000182089063674532,0,0.00479581192892609,0,0,0,0,0,0,0,0,0,0,0,0,0,0.00630737421903256,0,0,0,0.0739188817502792,0,0,0,0,0,0,0,0,0,0,0,0,0,0,0,0,0.00330511036623696,0,0,0,0,0,0,0,0.00198845333759457,0.00154216876134807,0,0,0,0
0,0,0,0,0,0,0,0.00443817454655153,0,0,0,0,0,0.00398465080694457,0,0,0,0,0.000113016227368927,0.0105552094384123,0,0,0,0,0,0,0,0.000303039558283338,0,0.0114928951572055,0,0,0,0,0,0.000163448621536055,0,0.00660689182098269,0,1.23063465066624e-05,0,0.000823579321770412,0,0.000330266501597622,0,0.000436829401642092,0,0,0,1.01164861772398e-05,0,0,0,0.00713264633597584,0,0,0,0.118790411394292,0,0.00508580132218995,0,0,0.0128958440635915,0,0,0,0,0,0,0,0,0,0.0111575592465512,0,0,0,0,0,4.60145622354534e-05,3.62976438841913e-06,0.00351285327199996,0,0.00262701533661134,0.00356139965143,0.000464820514352993,0.000284400127440958,0
0,0,0,0,0,0,0,0,0,0,0.00020880330862914,0,0,0,0,0,0,0,0,0,0,0,0,0,0,0,0,0,0,0,0,0,0,0,0,0,0,0,0,0,0,0,0,0,0,0,0,0,0,0,0,0,0.000161486977695767,0,0,0,0,0,0.00212214759794576,0,0,0,0,0,0,0,0,0,0,0,0,0,0,0,0,0,0,0,0,0,0,0,0,0,0,0,0
0,0,0,0,0,0,0,0,0,0,0,0.00398465080694457,0,0,0,0.000788749807756903,0,0.000170404917582895,0,0,0,0,0,0,0,0.000699367996085918,0,4.548866127152e-05,0,0.000104858044432298,0,0,0,0,0,0,0,0,0,0,0,0,0,0,0,0,0,0,0,0,0,0,0,0,0,0,0,0.00245442938001605,0,0.0297870540802275,0,0.00165861057985277,0,0,0,0,0,0,0.000735931487044143,0,0.000161020452096645,0,0.00243539269813804,0,0,0,0,0,0,0,0,0,0.000170048537681363,0.000158029962932515,0,0,0
0,0,0,0,0,0,0,0,0.00752993396503129,0,0,0,0,0,0,0,0.00249959065490622,0,0,0,0,0,0,0,0,0,0,0,0,0,0,0,0,0,0,0,0,0,0,0,0,0,0,0,0,0,0,0,0,0,0,0,0,0,0,0,0,0,0,0,0.00293943714906556,0,0,0,0,0,0,0,0,0.00345592745222519,0,0.000365388906738093,0,0,0,0,0,0,0,0,0,0,0.000122842991605631,0,0,0,0
0,0.00540523795193665,0,0,0,0,0,0,0,0.00610762433233324,0,0,0,0.000788749807756903,0,0,0.000264811289549827,0.0146957960365556,0.000981666673544965,0,0,2.8799383744308e-05,0,0.0100624888277281,0,0.0162579102289941,0,0,0,0,0,0,0,0,0,0,0,0,0,0,0,0,0,0,0,0,0,0,0,0.000274512343165528,0,0,0,0,0,0,0,0,0,0,0,0.0398733627718652,0,0,0,0,0.00115684328749098,0,0.00583354915238218,0,0,0,0,0,0,0,0,0,0,0,0,0,0.00149816553234029,0.000899511906373277,0,0,0
0,5.33863800866351e-05,0,0,0,0,0,0,0.00810714937879217,0.00210284952730054,0,0,0,0,0.00249959065490622,0.000264811289549827,0,0.124407884366383,0.0594042398253254,3.90403756812439e-06,0,8.52567256826512e-06,0.000259610515395258,0.00712156799923624,0,0.000729094507126631,0,0,0,0,0,0,0,0,2.47417399325397e-06,9.23832694811715e-05,0.000140205560630511,3.31732597510464e-05,9.27674962643947e-05,0.000121844867164717,0.000206389490924828,0.000465649278532487,0.000529975548670453,0.00055151415507825,0.00034839749323288,9.33504242061076e-05,6.93376896956462e-05,1.72056731184584e-05,0.000107553808870566,4.42753254826374e-05,0,0,0,0,4.96754899988054e-05,0.000277081144862121,0,1.79933232093452e-06,0,0,0,0.000151333335988309,3.04084415764965e-05,6.25908600218633e-05,0,0,0.00151532977021884,0,0.00188965379133994,1.18084099890852e-05,0,0,1.68420022459176e-05,7.4634773429812e-05,0,0,0,4.62550388201876e-05,0.000576400971470477,0.000461294417455123,0.000200542656730819,0.000325040740599429,0.0302572167714167,0.000798385108286183,0.000471966263442376,5.14684327876942e-05,1.40262427516481e-05
0,0.000118310194786547,0,0,0,0,0,0,0.000973115589146601,0.00908171599146006,0,0,0,0.000170404917582895,0,0.0146957960365556,0.124407884366383,0,0.0667141872503057,0,0,0.00140926078143198,0,0.0191086627975381,0,0.0101946741607237,0,0,0,0,0,0,0,0,0,8.85867801587721e-05,7.21664019981208e-05,4.08967440689843e-05,1.70297664852447e-05,0.000380088031257552,8.31298447265173e-05,0.000497454418448212,0.000182186468857705,0.000640834040314076,0.000135304544315147,0.000112298570394102,0.000144597069496676,6.62531162631892e-05,5.14964196405723e-05,6.37982432020239e-05,0,0,0,0,0,0.00231393802839803,0,2.26058912980011e-06,0,0,0,0.00207273082881044,9.18699850690884e-05,6.52188628910598e-05,0.000136127407486538,0,0.00319653614994042,0,0.00780023312153183,0,0,0,0.000136899533314781,5.42944378913203e-05,0,0,0,0,0.00046637342484493,0.000395657031775332,0.000364698396282673,0.000166683751342846,0.041248998067793,0.0257984527845473,0.000465983977480262,0.000185470888678564,0
0,9.11597644664033e-05,0,0,8.77984291629058e-06,0,0,0,0.00061095329343903,0.00261321097736544,0,0.000113016227368927,0,0,0,0.000981666673544965,0.0594042398253254,0.0667141872503057,0,4.48874853999163e-05,0,4.75893377017333e-05,0,0.0048749527310768,0,0.000461697326010422,0,0,0,0.000196764285586554,0,0,0,0,0.000178071394008928,0.00147394485414833,0.00201494812104347,0.000566794436389675,0.00116168905164751,0.00659048397882639,0.00571225265227754,0.015095182491541,0.0139009019142632,0.00692975792083239,0.0150665388691618,0.00397822062982994,0.00192497883101504,0.00126294805787761,0.00452565004761269,0.000999979019490923,0,0,0,0,0,0.000289354289106803,0,0.000299606255374378,0,0,0,0.000379103639333998,0.00175114511969043,0.0019007038194841,0,0,0.000488273215120327,0,0.00204437423705072,0,0,0,0.00182788659824102,0.00142354662398438,0,0,0,0.000143048385782409,0.00759746908447571,0.00745581908232599,0.00581337362146744,0.0053457311263129,0.0209661936965143,0.00466757231863056,0.0159595383099403,0.00784708355849071,0.000855732331461103
0,0,0,0,0,0,0,0,0,0,0,0.0105552094384123,0,0,0,0,3.90403756812439e-06,0,4.48874853999163e-05,0,0,0,0,0,0,0,0,0,0,0.000194469609683732,0,0.00014934350665938,0,0,0,0.00524429634239252,0,0.00231751527018258,0,0.000920454820338073,0,0.003254745294009,0,9.60513471737496e-05,0,0.00542665741077207,0,0.000787178724027871,0,0.0029327359772371,0,0,0,0,0,0,0,0.0169601421334695,0,0,0,0,0.103060685752536,0,0,0,0,0,0,0,1.63183429183538e-05,0,0.0108129047996091,0,0,0,0,0,0.0141459238705466,2.78424016968676e-05,0.00892422980499055,0,0.00231975109560144,1.13091387144901e-06,0.00226755808448771,0.000358895711938325,0
0,0,0,0,0,0,0.00173681228314212,0,0,0,0.0423744929066444,0,0,0,0,0,0,0,0,0,0,0,0,0,0,0,0,0,0,0,0,0,0,0,0,0,0.00598389163333332,0,0.000281685114634355,0,0,0,0,0,1.90607720216966e-05,0,0.000543390581937052,0,0,0,0,0,0,0,0,0,7.7664553938797e-05,0,0,0,0,0,0,0.0961879472183541,0,0,0,0,0,0,0,0,0,0.000108489197685625,0,0,0,0,0,0.00576886496330971,0,0.00353622766009777,0.000413247470985881,0,0.000357049545751261,0,0
0,0,0,0,0,0,0,0,0,3.6943049249427e-05,0,0,0,0,0,2.8799383744308e-05,8.52567256826512e-06,0.00140926078143198,4.75893377017333e-05,0,0,0,0.00295323164533435,0.00136290663331153,0,0.000153604793841443,0,0.000870943764886462,0,0,0,0,0,0,0,0,0,0.00244154698477559,8.33625108498381e-06,0,0,0,0,0,0,0,0,0,0,0.00106058487188616,0,0,0,0,0,1.09733950049969e-05,0,0,0,0,0,5.90510295765711e-06,0,0,0.0566913620310057,0.000126370390996543,6.11540763410861e-05,0,4.89865601602617e-05,0,0.000809351738928334,0,0,0,0,0,0,0,0,0,0.00276504190041421,0,0.00167242430924738,0.000175306865953591,0,0,0
0,0,0,0,0,0,0,0,5.75778592884827e-06,0,0,0,0,0,0,0,0.000259610515395258,0,0,0,0,0.00295323164533435,0,0,0.00151167513198297,0,0.00170874777603785,0,0.00013521372850899,0,0,0,0,0,7.49023656188536e-05,0,0,0.000582759758893807,0.00709756546430026,0,0,0,0,0,0,0,0,0.000224138499839524,0.000855809013274726,0,0,0,0,0,0,0,0,0,0,0,0,0,0,0,0.000200199986085874,0.0731418105031467,0,0.000598444130194133,0,0.000405023450306491,0,0.000955801224947976,0,0,0,0,0,7.02576507737632e-05,0,0,0,0.00670747435721739,0.00397282169024557,0.00117199929873544,0,0,0
0,0,0,0,0,0,0,0,0.000967507725965292,0.0261890011140005,0,0,0,0,0,0.0100624888277281,0.00712156799923624,0.0191086627975381,0.0048749527310768,0,0,0.00136290663331153,0,0,0,0.0410780923146832,0,0,0,0,0,0,0,0,0,0,2.88513717655904e-06,0.00166691601838147,0,0.000128526847023346,0,0.000113177478518587,0,0.000503376009750402,0,0,0,0,0,0.00206043867905747,0,0,0,0,0,0.0514633631304902,0,0,0,0,0,0.00280300740979907,0,0,0.000173949844451678,0,0.0679996336670162,0,0.0111374319942291,0,0,0,0,0,0,0,0,0,2.26375631142548e-05,2.88887212481848e-06,4.91408679080712e-05,0,0.00293800992366781,0.00017961900853006,0.000453782296732891,0,0
0,0,0,0,0,0,0,0,0.004330568403181,0,0,0,0,0,0,0,0,0,0,0,0,0,0.00151167513198297,0,0,0,0.0306254996164786,0,0,0,0,0,0,0,0.000589191985163072,0,0,0,0.00183109457924289,0,0,0,0,0,0,0,0,0,0.000337691474624447,0,0,0,0,0,0.031069152400162,0,0,0,0,0,0,0,0,0,0,0.00580700915493514,0,0.0657608399903615,0,0,0,0,0,0,0,0,0,0,0,0,0,0.00452225638050315,0.000277285726055313,0,0.000153215818705539,0,0
0,0.000390020783529212,0,0,0,0,0,0,0,0.00214316087906859,0,0,0,0.000699367996085918,0,0.0162579102289941,0.000729094507126631,0.0101946741607237,0.000461697326010422,0,0,0.000153604793841443,0,0.0410780923146832,0,0,0,0.000340580125339329,0,0,0,0,0,0,0,0,0,0,0,0,0,1.21774718029162e-05,0,0,0,0,0,0,0,0,0,0,0,0,0,0.000775751870897085,0,0,0,0,0,0.00533499863530721,0,0,0,0,0.017137560378951,0,0.021688217706476,0,0.00297448090202116,0,0,0,0,0,0,0,2.18226199175866e-05,0,0,0,0.000728567152098219,2.24745079392366e-05,0,0,0
0,0,0,0,0,0,0,0,0,0,0,0,0,0,0,0,0,0,0,0,0,0,0.00170874777603785,0,0.0306254996164786,0,0,0,0,0,0,0,0,0,0,0,0,0,0,0,0,0,0,0,0,0,0,0,0,0,0,0,0,0,0,0,0,0,0,0,0,0,0,0,0,0.00795165267747169,0,0.00924363288109253,0,0.0240156303943736,0,0,0,0,0,0,0,0,0,0,0,0,0.000413157252683058,0,0,0,0
0,0,0,0,0,0,0,0,0,0,0,0.000303039558283338,0,4.548866127152e-05,0,0,0,0,0,0,0,0.000870943764886462,0,0,0,0.000340580125339329,0,0,0,0.0187001355425158,0,0,0,0,0,0,0,0.000650390593702192,0,0,0,0,0,0,0,0,0,0,0,0,0,0,0,0,0,0,0,0.00201511840745051,0,0,0,0,0,0,0,0,0,0,5.51998236915097e-05,0,0.0143256660353585,0,0.00908592644289375,0,0,0,0,0,0,0,0.000146448617585559,0,0.000216927275836848,0.000589233945337881,0,0,0
0,0,0,0,0,0,0,0,0,0,0,0,0,0,0,0,0,0,0,0,0,0,0.00013521372850899,0,0,0,0,0,0,0,0.00567143468417156,0,0,0,0,0,0,0,9.69522705102824e-05,0,0,0,0,0,0,0,0,0,0,0,0,0,0,0,0,0,0,0,0,0,0,0,0,0,0,0,0,0,0,0.00312397213611604,0,0.0302794050305295,0,0,0,0,0,0,0,0,0,0.00154210642033942,9.62489376170649e-05,0,0,0,0
0,0,0,0,0,0,0,0,0,0,0,0.0114928951572055,0,0.000104858044432298,0,0,0,0,0.000196764285586554,0.000194469609683732,0,0,0,0,0,0,0,0.0187001355425158,0,0,0,0,0,0,0,2.20502566409393e-05,0,0.00395108595059217,0,3.99197035219623e-05,0,0.000297172755584347,0,0.00223952523177023,0,0.000502475548937356,0,6.64248641962822e-05,0,0,0,0,0,0,0,0,0,0.00128014557577786,0,0,0,0,0.0047923697280776,0,0,0,0,0,0,0,0.00341904186603806,0,0.0869768267870993,0,0,0,0,0,0.000106841732587114,1.11137602432867e-05,0.00031223669133092,0,0.000492291588211806,0.00228196393838143,0.00016746071093712,0.0010094231954675,0
0,0,0,0,0,0,0,0,0,0,0.000356299491568179,0,0,0,0,0,0,0,0,0,0,0,0,0,0,0,0,0,0.00567143468417156,0,0,0,0,0,0,0,0,0,0.00263276389029752,0,0,0,0,0,0,0,0,0,0,0,0,0,0,0,0,0,0,0,0,0,0,0,0,0,0,0,0,0,0,0,0,0,0,0.135382333316924,0,0,0,0,0,0,0,0.00202982519058085,0.000134065386711128,0,0,0,0
0,0,0,0,0,0,0,0,0,0,0,0,0,0,0,0,0,0,0,0.00014934350665938,0,0,0,0,0,0,0,0,0,0,0,0,0.0696211498071591,0.00481060171937319,0.00465019120699605,0.00418268862453016,9.40627517550033e-05,0,0,0.00141534080528722,0,0,0,0,0,0.000566155122917404,0,0.0160697022042596,0,0.00235039948072714,0,0,0,0,0,0,0,1.44774790132576e-05,0,0,0,0,0.000688518617700746,0,0,0,0,0,0,0,0,0,9.91533326607759e-05,0,0.110652957064618,0.048870215286433,0.00490767203714719,0,0.00492595336952127,5.34006534265381e-06,1.22012465904228e-05,0,0.00289100153731471,0,0.000111625272257684,0,0
0,0,0,0,0,0,0,0,0,0,0,0,0,0,0,0,0,0,0,0,0,0,0,0,0,0,0,0,0,0,0,0.0696211498071591,0,0.000333271167522145,0.0298456507681545,0.000123497017629245,0.0100550858457541,0,0,0,0,0,1.07215773011847e-05,0,0,0,0,0.0165791128368409,0.00272410752373849,6.51933369208695e-05,0,0,0,0,0,0,0,0,0,0,0,0,0,0,0,0,0,0,0,0,0,0,0,0,0.0918490352347892,0.175150354903661,0,0.00716679354581445,0.000299753560018308,0.00110338003024442,0,0,0.00104965646656956,0,6.72677070426882e-05,0,0
0,0,0,0,0,0,0,0,0,0,0,0,0,0,0,0,0,0,0,0,0,0,0,0,0,0,0,0,0,0,0,0.00481060171937319,0.000333271167522145,0,0.13877095213352,0.00465383617000321,2.06000812657988e-06,0.00592693877973766,0.000136786847552459,0.000459845864658825,0,1.4340235445622e-05,0,0,0,8.55581434069943e-05,0,0.0683303109847838,0,0.0114871438530032,0,0,0,0,0,0,0,3.90442374598153e-05,0,0,0,0,6.20819178602159e-05,0,0,0,0,0,0,0,0,0,0,0,0.0183303506795243,8.68475372809074e-05,0.433307713116488,0.176501881128622,0.00162176288438796,3.01980083744331e-06,0.00764806169491142,8.27827758987576e-05,0.0016067374868363,0.000311153310512393,0.000130406449385938,0,0
0,0,0,0,6.66823602953129e-05,0,0,0,0.000134447163979579,0,0,0,0,0,0,0,2.47417399325397e-06,0,0.000178071394008928,0,0,0,7.49023656188536e-05,0,0.000589191985163072,0,0,0,0,0,0,0.00465019120699605,0.0298456507681545,0.13877095213352,0,2.39117238596516e-05,0.00848446309266413,0.00360629055087266,0.0149871303270153,0,0.00181294509226118,0.000331180133209304,0.00176921489314449,2.15893602014622e-05,0,0,0.000458478622468594,0.161902196371145,0.00918547505461275,1.80825666922166e-05,0,0,0,0,0,0,8.11677542272935e-06,0,0,0,0,0,0,0.000349182860226064,0,0,0,0,0,0,0,0,0,6.04163288988246e-05,0.0029141356740017,0.00420774661771749,0.00944855209857158,0.213749490167744,0,0.00368693544351598,0.000388060112501227,0.00484739353427645,0.00334283709788421,0.000169692553515857,0.00119440127419539,0,0.000166341521637796
0,0,0,0,0,0,0,0,0,0,0,0.000163448621536055,0,0,0,0,9.23832694811715e-05,8.85867801587721e-05,0.00147394485414833,0.00524429634239252,0,0,0,0,0,0,0,0,0,2.20502566409393e-05,0,0.00418268862453016,0.000123497017629245,0.00465383617000321,2.39117238596516e-05,0,0.00223173914129394,0.0162982876054327,4.89441833915119e-05,0.000790387019743764,1.94516131239078e-05,0.00234311264034022,3.24978641230033e-05,0.00164293078548203,3.28475174767295e-06,0.005209168272736,3.29192370052171e-05,0.00338136027336535,4.9449675819841e-05,0.00196098698655379,0,0,0,0,0,0,0,8.02628451586057e-05,0,0,0,0,0.00213170461705537,3.71381559036895e-05,0,0,0,0,9.30121559055905e-06,0,0,0,0.000383148991745644,4.20722037830391e-06,0.0068283685877633,0.000245092972606929,0.00228710860640788,7.4418728308402e-05,0.104517361165418,0.000240896453754077,0.0104596984127464,5.69914740751217e-05,0.0178242984077609,0.00461927138828653,0.00260535102318304,0.000620385373914377,1.21959095971807e-06
0,0,2.93204985767233e-06,0,5.82694708804454e-05,0,0,0,0,0,0.000182089063674532,0,0,0,0,0,0.000140205560630511,7.21664019981208e-05,0.00201494812104347,0,0.00598389163333332,0,0,2.88513717655904e-06,0,0,0,0,0,0,0,9.40627517550033e-05,0.0100550858457541,2.06000812657988e-06,0.00848446309266413,0.00223173914129394,0,4.26989070925097e-05,0.0118047313088518,3.61641527766416e-05,0.000477311805183177,0.000230747702312573,0.00317206072733756,7.13733304409076e-06,0.00144162962691132,0,0.00371556524261399,0.0024463980563023,0.0012100194003704,0.000346274082973306,0,0,0,0,0,0,6.2389607460593e-05,1.08887162490483e-06,0,0,0,0,1.84386726959229e-06,0.00329311275996849,0,0,0,0,0,0,0,0,2.54890550270917e-06,0.000201538741139899,0.000166009377233171,0.00303198143239433,0,0.00507022945700056,0.000290267596209035,0.0738255036698645,7.09882513122349e-05,0.00676721965551503,0.0139857904963533,0.00113750521530512,0.00190654891927935,2.05926906320477e-05,0.000136285211647786
0,0,0,0,0,0,0,0,0,0.00159470101536644,0,0.00660689182098269,0,0,0,0,3.31732597510464e-05,4.08967440689843e-05,0.000566794436389675,0.00231751527018258,0,0.00244154698477559,0.000582759758893807,0.00166691601838147,0,0,0,0.000650390593702192,0,0.00395108595059217,0,0,0,0.00592693877973766,0.00360629055087266,0.0162982876054327,4.26989070925097e-05,0,0.00302690673709186,4.32636606494409e-05,2.32708320841117e-06,0.00134350262436012,2.49543255440845e-05,0.00139882039902305,4.16298858755106e-05,0.000847714589446042,2.71331433832235e-06,0.0091664536877597,1.34073263805059e-06,0.00767642063272625,0,0,0,0,0,4.5038541937434e-06,0,0.000927458445888076,0,0,0,0,0.00325237868450932,6.57957974325605e-06,0.000958983199925783,0,0,0,0,0,0.000123911560175652,0,0.000585538531963909,0,0,0,0.00127000176112892,0.000164414061665493,0.00603796593709688,2.61953763190317e-05,0.127486458813781,0.000611524375370395,0.0114484226722326,0.00453207013761295,0.00515871021832211,0.000533026983188775,0
0,0,1.97319478377109e-06,0,1.05086880671667e-05,0,0,0,0.00093745113396127,0,0.00479581192892609,0,0,0,0,0,9.27674962643947e-05,1.70297664852447e-05,0.00116168905164751,0,0.000281685114634355,8.33625108498381e-06,0.00709756546430026,0,0.00183109457924289,0,0,0,9.69522705102824e-05,0,0.00263276389029752,0,0,0.000136786847552459,0.0149871303270153,4.89441833915119e-05,0.0118047313088518,0.00302690673709186,0,0,0.000132438311845124,0.000110133824827039,0.00211415803448779,0,0.00133822380759154,0,0.000950251900238872,0.00870893689767987,0.00122853487623669,2.61767734913662e-05,0,0,0,0,0.000285541422441179,0,0.00152292328730817,0,0,0,0,0,0,0.000338708867359984,0,0.00178595307315492,0,0.000600315598228668,0,0,0,0.000665286069687776,3.2430304057939e-06,0.000895139983675807,0,0,0,0.00450016582584907,2.82233583636903e-05,0.00395713058954442,0.000170354367301272,0.120322503842881,0.0113480574754192,0.0023520727279394,0.000706908821547337,6.76497063405511e-05,9.83519927520593e-05
0,0,0,0,7.21859952766976e-05,0,0,0,0,0,0,1.23063465066624e-05,0,0,0,0,0.000121844867164717,0.000380088031257552,0.00659048397882639,0.000920454820338073,0,0,0,0.000128526847023346,0,0,0,0,0,3.99197035219623e-05,0,0.00141534080528722,0,0.000459845864658825,0,0.000790387019743764,3.61641527766416e-05,4.32636606494409e-05,0,0,0.000369555414044468,0.0489580707105844,0.000634513500625845,0.00425894504760115,0.000256080810283783,0.0300642595297338,9.37237268154503e-05,0.00721802321810002,1.07766853111674e-05,0.0638041258357631,0,0,0,0,0,0,0,0.000148571865790161,0,0,0,0,0.00947927734996294,0,0,0,0,0,0,0,0,0,0.00145534719784334,0,0,0,0,0,0.0124068364805633,0.000193814369725794,0.00202255449561579,0.00011965288010113,0.000385894915218385,0.000188118975154583,0.0142541917137761,0.00289099475224859,1.16774518402903e-05
0,0,0,0,0.000466537946164372,0,0,0,0,0,0,0,0,0,0,0,0.000206389490924828,8.31298447265173e-05,0.00571225265227754,0,0,0,0,0,0,0,0,0,0,0,0,0,0,0,0.00181294509226118,1.94516131239078e-05,0.000477311805183177,2.32708320841117e-06,0.000132438311845124,0.000369555414044468,0,0.00210737016156571,0.0275898156283377,8.87351950819271e-05,2.74234432417904e-05,0.000367221631748366,0.0209481706723006,0.0246968966038981,0.0548872887040287,0.00530877478970617,0,0,0,0,0,0,8.49239862031998e-05,7.2564202865384e-06,0,0,0,0,7.86101834879412e-06,0.0025107782672856,0,0,0,0,0,0,0,0,1.31193854200008e-05,0.00107150620609622,0,0,0,0.00350220670711166,0.00012905389242647,0.00695308948483898,0.000158340640336608,0.00112531814048266,0.000644215678463239,0.000109338087501903,0.0101006847265121,0.000223780800675904,0.000820092750583481
0,0,0,0,9.2847613612036e-06,0,0,0,0,8.1307246543004e-05,0,0.000823579321770412,0,0,0,0,0.000465649278532487,0.000497454418448212,0.015095182491541,0.003254745294009,0,0,0,0.000113177478518587,0,1.21774718029162e-05,0,0,0,0.000297172755584347,0,0,0,1.4340235445622e-05,0.000331180133209304,0.00234311264034022,0.000230747702312573,0.00134350262436012,0.000110133824827039,0.0489580707105844,0.00210737016156571,0,0.00884308647400752,0.00791639195552934,0.000121070866000195,0.013808710714747,0.000167522818819841,0.0245879856586415,0.000666213619526784,0.018178406973288,0,0,0,0,0,0,0,0.00949955219062272,0,0,0,0,0.0227018021223224,0.000667897766464092,0,0,0,0,1.06199858388115e-05,0,0,0,0.0461101307054952,2.40576590224206e-05,0,0,0,1.70173719425752e-05,0.0146879072821874,0.000765643749395667,0.0143015745966487,0.000480540722346792,0.00428950883626912,0.000252736062575466,0.0570274128687345,0.0523522636741704,0.000277780159062685
0,0,4.30418861168064e-05,0,0.000195850758237055,0,0,0,0,0,0,0,0,0,0,0,0.000529975548670453,0.000182186468857705,0.0139009019142632,0,0,0,0,0,0,0,0,0,0,0,0,0,1.07215773011847e-05,0,0.00176921489314449,3.24978641230033e-05,0.00317206072733756,2.49543255440845e-05,0.00211415803448779,0.000634513500625845,0.0275898156283377,0.00884308647400752,0,0.000152119290569146,0.00178164513551718,0.000163538791888178,0.00817065443673403,0.0159552867319789,0.0833885295065385,0.000435824780022118,0,0,0,0,0,0,0.00036016337835028,0,0,0,0,0,5.72671274163689e-05,0.0233484340963942,0,0,0,0,0,0,0,0,0.000176022447790809,0.0150988950830058,0,0,0,0.00149637810462489,0.000321253200440482,0.0130764459811287,0.000276179214729141,0.0181309664122579,0.00358629649821919,0.000175891478125982,0.0545599052834861,0.000734567429506088,0.0283039957545987
0,0,0,0,0,0,0,0,0,0,0,0.000330266501597622,0,0,0,0,0.00055151415507825,0.000640834040314076,0.00692975792083239,9.60513471737496e-05,0,0,0,0.000503376009750402,0,0,0,0,0,0.00223952523177023,0,0,0,0,2.15893602014622e-05,0.00164293078548203,7.13733304409076e-06,0.00139882039902305,0,0.00425894504760115,8.87351950819271e-05,0.00791639195552934,0.000152119290569146,0,0.00173549560019501,0.0035211679988746,4.84941422798347e-05,1.84903310366043e-05,0.000206771385547729,6.86855078403758e-05,0,0,0,0,0,0,0,0.000648299740990887,0,0,0,0,0.000733897500654382,6.41984046416714e-05,0,0,0,0,0,0,0,0,0.0277269035453926,0,0,0,0,0,0.00209890155388801,6.71302158575062e-05,0.0099688207077273,2.93544504790635e-05,0.000530263092901176,0.000161566383503596,0.00207914903276617,0.0144123772211279,0
0,0,0,0,0,0,0,0,0,0,0,0,0,0,0,0,0.00034839749323288,0.000135304544315147,0.0150665388691618,0,1.90607720216966e-05,0,0,0,0,0,0,0,0,0,0,0,0,0,0,3.28475174767295e-06,0.00144162962691132,4.16298858755106e-05,0.00133822380759154,0.000256080810283783,2.74234432417904e-05,0.000121070866000195,0.00178164513551718,0.00173549560019501,0,0.000494169361427129,0.00162141252268334,0,0.00368013372133259,0,0,0,0,0,0,0,0,0,0,0,0,0,0,0.000277068812674371,0,0,0,0,0,0,0,0,0,0.00276758048993877,0,0,0,9.80190826425781e-05,4.75610624558728e-05,0.0012825797703588,0.000116623963986198,0.00434572449763035,0.000321254861030216,0.000144359896477594,0.00271888486388988,0,0.00985036777145904
0,0,0,0,0,0,0,0,0,0,0,0.000436829401642092,0,0,0,0,9.33504242061076e-05,0.000112298570394102,0.00397822062982994,0.00542665741077207,0,0,0,0,0,0,0,0,0,0.000502475548937356,0,0.000566155122917404,0,8.55581434069943e-05,0,0.005209168272736,0,0.000847714589446042,0,0.0300642595297338,0.000367221631748366,0.013808710714747,0.000163538791888178,0.0035211679988746,0.000494169361427129,0,8.22138775257255e-06,0.00563588358543316,1.33521751324742e-05,0.0191986171252232,0,0,0,0,0,0,0,0.005671662372521,0,0,0,0,0.0849521068394412,0,0,0,0,0,0,0,0,0,0.0132746982894838,0,0,0,1.43222476514675e-05,0,0.0124705585319966,8.28423303159577e-05,0.0045943292759823,1.87483234084284e-05,0.00126215493058136,7.51180426836292e-05,0.0263535213951493,0.00505559446561447,0
0,0,0.0114246571351131,0,0.000928956492007298,0,0,0,0,0,0,0,0,0,0,0,6.93376896956462e-05,0.000144597069496676,0.00192497883101504,0,0.000543390581937052,0,0,0,0,0,0,0,0,0,0,0,0,0,0.000458478622468594,3.29192370052171e-05,0.00371556524261399,2.71331433832235e-06,0.000950251900238872,9.37237268154503e-05,0.0209481706723006,0.000167522818819841,0.00817065443673403,4.84941422798347e-05,0.00162141252268334,8.22138775257255e-06,0,0.00571398641909959,0.0139067554541319,0.00327455904698922,0,0,0,0,0,0,0.00451355466394258,0,0,0,0,0,0,0.0944881162335467,0,0,0,0,0,0,0,0,0,0.0134350168416113,0,0,0,0.000351906015529704,3.89847879708967e-05,0.012153953596192,0.000107597688857054,0.00802503680282512,0.00100538133341606,1.40334091079527e-05,0.026698008817803,0,0.00497768273621777
0,0,7.90542353034338e-05,0,0.00107155176401441,0,0,0,0,0,0,0,0,0,0,0,1.72056731184584e-05,6.62531162631892e-05,0.00126294805787761,0.000787178724027871,0,0,0.000224138499839524,0,0,0,0,0,0,6.64248641962822e-05,0,0.0160697022042596,0.0165791128368409,0.0683303109847838,0.161902196371145,0.00338136027336535,0.0024463980563023,0.0091664536877597,0.00870893689767987,0.00721802321810002,0.0246968966038981,0.0245879856586415,0.0159552867319789,1.84903310366043e-05,0,0.00563588358543316,0.00571398641909959,0,0.061202847108966,0.183687244908278,0,0,0,0,0,0,0.000261722418540492,0.000271686153746614,0,0,0,0,0.0026887284111093,0.00383792460980562,0,0,0,0,0,0,0,0,0.000911868930662866,0.000493706522674282,0.0107940918493719,0.0145980294394318,0.0223290089447301,0.165985868664293,0.00229333131263776,0.00362445101856162,0.00360951712872192,0.00651722966355814,0.00567945800577596,0.000116548601167366,0.0405123820326208,0.000532196249033614,0.00681992975941959
0.00379375323576737,0,0.00541822126685018,0,0.00125567324128061,0,0,0,0.00301587932450893,0,0,0,0,0,0,0,0.000107553808870566,5.14964196405723e-05,0.00452565004761269,0,0,0,0.000855809013274726,0,0.000337691474624447,0,0,0,0,0,0,0,0.00272410752373849,0,0.00918547505461275,4.9449675819841e-05,0.0012100194003704,1.34073263805059e-06,0.00122853487623669,1.07766853111674e-05,0.0548872887040287,0.000666213619526784,0.0833885295065385,0.000206771385547729,0.00368013372133259,1.33521751324742e-05,0.0139067554541319,0.061202847108966,0,0.0159589711298334,1.47767555303338e-05,0,0,0,0.0035037047169677,0,0.000263382068626057,0,0,0,0,0,0,0.00630983232726459,0,0.00142362207383929,0,0.00202201681262523,0,0.00821812011933508,0,0.00942430717980179,0,0.0021857915679229,0,0.00288373315456671,0,0.0129877086117382,6.88086739218608e-05,0.00541338197428988,6.20936901859877e-05,0.00548322742623582,0.0007439570296169,7.33079558458508e-05,0.0288139260367883,0.000556017577578144,0.0187117578575648
0,0.0358136537892019,0,0.010717647714362,0.000238243273640191,0.00112928412750321,0,0,0,0.000445629674499782,0,1.01164861772398e-05,0,0,0,0.000274512343165528,4.42753254826374e-05,6.37982432020239e-05,0.000999979019490923,0.0029327359772371,0,0.00106058487188616,0,0.00206043867905747,0,0,0,0,0,0,0,0.00235039948072714,6.51933369208695e-05,0.0114871438530032,1.80825666922166e-05,0.00196098698655379,0.000346274082973306,0.00767642063272625,2.61767734913662e-05,0.0638041258357631,0.00530877478970617,0.018178406973288,0.000435824780022118,6.86855078403758e-05,0,0.0191986171252232,0.00327455904698922,0.183687244908278,0.0159589711298334,0,0,0,0,0,0,0.00283409110193658,2.42781811909037e-05,0.00218465204421481,0,0,0,0.000307320886708029,0.0112678442582664,0.0012520025048022,0.0131903122025638,0,0.0127344399497544,0,0.00147529675486014,0,0.00207457701484901,0,0.00232534139832297,5.07257619288947e-05,0,0,0.00174213682898211,0.000234250277867154,0.00508469599235786,0.000149837973436362,0.0315605051943157,9.97932583694225e-05,0.00129104529268598,2.21129204942578e-05,0.024863296294227,0.000732703347251943,0.000192944045242244
0,0,0,0,0.0345889675682702,0,0,0,0,0,0,0,0,0,0,0,0,0,0,0,0,0,0,0,0,0,0,0,0,0,0,0,0,0,0,0,0,0,0,0,0,0,0,0,0,0,0,0,1.47767555303338e-05,0,0,0,0,0,0,0,0.000921473735492642,0,0,0,0,0,0,0.000634790402070163,0,0,0,0,0,0,0,0,0,0,0,0,0,0,0,0,0,0,0.000168656831126471,0,0.000530817826922318,0,0
0,0,0,0.000691478032796147,0,0.0175535027818361,0,0.000393152596883266,0,0,0,0,0,0,0,0,0,0,0,0,0,0,0,0,0,0,0,0,0,0,0,0,0,0,0,0,0,0,0,0,0,0,0,0,0,0,0,0,0,0,0,0,0,0,0,0,0,0.00508352714551802,0,0,0,0,0,0,0,0,0,0,0,0,0,0,0,0,0,0,0,0,0,0,0,0,7.40450445042851e-05,0,0,0,0
0,0,0,0,0,0,0.00411185069142255,0,0,0,0.00630737421903256,0,0.000161486977695767,0,0,0,0,0,0,0,0,0,0,0,0,0,0,0,0,0,0,0,0,0,0,0,0,0,0,0,0,0,0,0,0,0,0,0,0,0,0,0,0,0,0,0,0.00111748829887778,0,0.00207837664009589,0,0,0,0,0,0,0,0,0,0,0,0,0,0,0,0,0,0,0,0,0,0,0,0,0,0,0,0
0,0,0,0,0,0.00176117235109301,0,0.0602275338837175,0,0,0,0.00713264633597584,0,0,0,0,0,0,0,0,0,0,0,0,0,0,0,0,0,0,0,0,0,0,0,0,0,0,0,0,0,0,0,0,0,0,0,0,0,0,0,0,0,0,0,0,0,0.00720679258216091,0,0,0,0,0,0,0,0,0,0,0,0,0,0,0,0,0,0,0,0,0,0,0,0,0.000146851797782867,0,0,0,0
0.0454514312449049,0,0.00387467618824484,0,0,0,0,0,0.0464329351552137,0,0,0,0,0,0,0,4.96754899988054e-05,0,0,0,0,0,0,0,0.031069152400162,0,0,0,0,0,0,0,0,0,0,0,0,0,0.000285541422441179,0,0,0,0,0,0,0,0,0,0.0035037047169677,0,0,0,0,0,0,0,0,0,0,0,0,0,0,0,0,0,0,0.0447417768628769,0,0,0,0,0,0,0,0,0,0,0,0,0,0.00152703831141372,0.000125342125824186,0,0.00141777459987825,0,0
0,0.00545982702168314,0,0.00460263986351552,0,0.00430864992853648,0,0,0,0.014505647381321,0,0,0,0,0,0,0.000277081144862121,0.00231393802839803,0.000289354289106803,0,0,1.09733950049969e-05,0,0.0514633631304902,0,0.000775751870897085,0,0,0,0,0,0,0,0,0,0,0,4.5038541937434e-06,0,0,0,0,0,0,0,0,0,0,0,0.00283409110193658,0,0,0,0,0,0,0,0,0,0,0,0.00205468464043682,0,0,0,0,0.00744162421100734,0,0.0015810298672968,0,0,0,0,0,0,0,0,0,0,0,0,0,0.000204352089217372,3.49586947384932e-06,0.000314114415299359,0,0
0,0,0,0,0.000446330340157031,0,0.000114081641419584,0,0,0,0.0739188817502792,0,0,0,0,0,0,0,0,0,7.7664553938797e-05,0,0,0,0,0,0,0,0,0,0,0,0,0,8.11677542272935e-06,0,6.2389607460593e-05,0,0.00152292328730817,0,8.49239862031998e-05,0,0.00036016337835028,0,0,0,0.00451355466394258,0.000261722418540492,0.000263382068626057,2.42781811909037e-05,0.000921473735492642,0,0.00111748829887778,0,0,0,0,0,0.00830017560129383,0,0,0,0,0.00971493906711998,0,0,0,0,0,0,0,0,0,0.00341255296034191,0,0,0,8.36288917781258e-06,0,0.000296273229955969,1.29003739818322e-05,0.00015547457905171,0.000186062060363015,7.44504757560454e-07,0.00374133397263113,0,8.64201377001111e-05
0,0.00136525629712884,0,0.00788874460842404,0,0.00408569205377554,0,0.00136991432497317,0,0,0,0.118790411394292,0,0.00245442938001605,0,0,1.79933232093452e-06,2.26058912980011e-06,0.000299606255374378,0.0169601421334695,0,0,0,0,0,0,0,0.00201511840745051,0,0.00128014557577786,0,1.44774790132576e-05,0,3.90442374598153e-05,0,8.02628451586057e-05,1.08887162490483e-06,0.000927458445888076,0,0.000148571865790161,7.2564202865384e-06,0.00949955219062272,0,0.000648299740990887,0,0.005671662372521,0,0.000271686153746614,0,0.00218465204421481,0,0.00508352714551802,0,0.00720679258216091,0,0,0,0,0,0.00120172320557652,0,0,0.0228556673719942,0,0,0,0,0,0,0,0.00310021748813868,0,0.0416566672162821,0,0,0,0,0,0.000238245802356365,5.94888739598121e-06,0.00010164584741046,0,0.000663890172261927,1.55725019301546e-06,0.00878085781330725,0.00279358742739291,0
0,0,0,0,0,0,0.000186513795562553,0,0,0,0,0,0.00212214759794576,0,0,0,0,0,0,0,0,0,0,0,0,0,0,0,0,0,0,0,0,0,0,0,0,0,0,0,0,0,0,0,0,0,0,0,0,0,0,0,0.00207837664009589,0,0,0,0.00830017560129383,0,0,0,0.00416589625032074,0,0,0,0,0,0,0,0,0,0,1.80956902756331e-05,0,0,0,0,0,0,0,0,0,0,0,0,0,0,0
0,0,0,0,0,0.000214333096590046,0,0.00188691126425317,0,0,0,0.00508580132218995,0,0.0297870540802275,0,0,0,0,0,0,0,0,0,0,0,0,0,0,0,0,0,0,0,0,0,0,0,0,0,0,0,0,0,0,0,0,0,0,0,0,0,0,0,0,0,0,0,0.00120172320557652,0,0,0,0,0,0,0,0,0,0,0,0,0,0,0,0,0,0,0,0,0,0,0,0,0,0,0,0,0
0,0,0,0,0.00402031673947975,0,0,0,0.000455503376165484,0,0,0,0,0,0.00293943714906556,0,0,0,0,0,0,0,0,0,0,0,0,0,0,0,0,0,0,0,0,0,0,0,0,0,0,0,0,0,0,0,0,0,0,0,0,0,0,0,0,0,0,0,0.00416589625032074,0,0,0,0,0,0,0,0,0,0,0.002777507550032,0,0.00497814865773948,0,0,0,0,0,0,0,0,0,0,0,0,0,0,0
0,0.020039191826725,0,0.0100196420594243,0,0,0,0,0,0.00286038246530611,0,0,0,0.00165861057985277,0,0.0398733627718652,0.000151333335988309,0.00207273082881044,0.000379103639333998,0,0,5.90510295765711e-06,0,0.00280300740979907,0,0.00533499863530721,0,0,0,0,0,0,0,0,0,0,0,0,0,0,0,0,0,0,0,0,0,0,0,0.000307320886708029,0,0,0,0,0,0.00205468464043682,0,0,0,0,0,0,0,0,0,0,0.00139939310203151,0,0.00107575099843906,0,0,0,0,0,0,0,0,0,0,0,0,0,0.000213080526267984,2.68354077426682e-05,7.61621002588297e-05,0,0
0,0,0,0,0,0.000156877808504555,0,0,0,0,0,0.0128958440635915,0,0,0,0,3.04084415764965e-05,9.18699850690884e-05,0.00175114511969043,0.103060685752536,0,0,0,0,0,0,0,0,0,0.0047923697280776,0,0.000688518617700746,0,6.20819178602159e-05,0,0.00213170461705537,1.84386726959229e-06,0.00325237868450932,0,0.00947927734996294,7.86101834879412e-06,0.0227018021223224,5.72671274163689e-05,0.000733897500654382,0,0.0849521068394412,0,0.0026887284111093,0,0.0112678442582664,0,0,0,0,0,0,0,0.0228556673719942,0,0,0,0,0,0.000142474966415234,0,0,0,0,0,0,2.29923408422495e-05,0,0.0333610240743301,0,0,0,0,0,0.00627980499809728,8.90016487072653e-06,0.013116913065078,1.78251091182742e-06,0.00113310538181948,3.89132722986309e-05,0.0197899380469698,0.00349306655721273,0
0,0,0,0,0.00379457664789422,0,0,0,0,0,0,0,0,0,0,0,6.25908600218633e-05,6.52188628910598e-05,0.0019007038194841,0,0.0961879472183541,0,0,0,0,0,0,0,0,0,0,0,0,0,0.000349182860226064,3.71381559036895e-05,0.00329311275996849,6.57957974325605e-06,0.000338708867359984,0,0.0025107782672856,0.000667897766464092,0.0233484340963942,6.41984046416714e-05,0.000277068812674371,0,0.0944881162335467,0.00383792460980562,0.00630983232726459,0.0012520025048022,0.000634790402070163,0,0,0,0,0,0.00971493906711998,0,0,0,0,0,0.000142474966415234,0,0,0,0,0,0,0,0,0,0,0.0124198781534936,0,0,0,9.75245983241362e-05,9.15322269910847e-05,0.0180702469431894,0,0.00770209496343645,0.000731804791364261,4.15572836641623e-05,0.0263196611170853,2.53576775205227e-05,0.00291574564974078
0,0,0,0,0,0,0,0,0,0,0,0,0,0,0,0,0,0.000136127407486538,0,0,0,0.0566913620310057,0.000200199986085874,0.000173949844451678,0,0,0,0,0,0,0,0,0,0,0,0,0,0.000958983199925783,0,0,0,0,0,0,0,0,0,0,0,0.0131903122025638,0,0,0,0,0,0,0,0,0,0,0,0,0,0,0,0,0.00370618567472885,0,0.00363719909643784,0,0.00387759708370408,0,0,0,0,0,0,0,0,0,0.00154041087700864,0,0.000202165504672102,0,0,0,0
0,0,0,0,0,0,0,0,0,0,0,0,0,0,0,0,0,0,0,0,0,0.000126370390996543,0.0731418105031467,0,0.00580700915493514,0,0.00795165267747169,0,0,0,0,0,0,0,0,0,0,0,0.00178595307315492,0,0,0,0,0,0,0,0,0,0.00142362207383929,0,0,0,0,0,0,0,0,0,0,0,0,0,0,0,0,0,0,0.00481564894935381,0,0.00332231605494679,0,0.00261610554430853,0,0,0,0,0,0,0,0,0,0.00148706836858532,0.000593239483099455,0.000116717658947619,0,0,0
0,0,0,0,0,0,0,0,0,0.00995761378065633,0,0,0,0,0,0.00115684328749098,0.00151532977021884,0.00319653614994042,0.000488273215120327,0,0,6.11540763410861e-05,0,0.0679996336670162,0,0.017137560378951,0,0,0,0,0,0,0,0,0,0,0,0,0,0,0,0,0,0,0,0,0,0,0,0.0127344399497544,0,0,0,0,0,0.00744162421100734,0,0,0,0,0,0.00139939310203151,0,0,0.00370618567472885,0,0,0,0.0017361972835874,0,0,0,0,0,0,0,0,0,0,0,0,0,0.000476898353399952,3.77149010422552e-05,0.00513170923350849,0,0
0,0,0,0,0,0,0,0,0.00510079102006222,0,0,0,0,0,0,0,0,0,0,0,0,0,0.000598444130194133,0,0.0657608399903615,0,0.00924363288109253,0,0,0,0,0,0,0,0,0,0,0,0.000600315598228668,0,0,0,0,0,0,0,0,0,0.00202201681262523,0,0,0,0,0,0.0447417768628769,0,0,0,0,0,0,0,0,0,0,0.00481564894935381,0,0,0,0.00232109392963975,0,0.000772372431669186,0,0,0,0,0,0,0,0,0,0.00510209938228819,0.000139349697618351,0,0.000263252814664105,0,0
0,0,0,0,0,0,0,0,0,0.00474035687323666,0,0,0,0.000735931487044143,0,0.00583354915238218,0.00188965379133994,0.00780023312153183,0.00204437423705072,0,0,4.89865601602617e-05,0,0.0111374319942291,0,0.021688217706476,0,5.51998236915097e-05,0,0,0,0,0,0,0,9.30121559055905e-06,0,0,0,0,0,1.06199858388115e-05,0,0,0,0,0,0,0,0.00147529675486014,0,0,0,0,0,0.0015810298672968,0,0,0,0,0,0.00107575099843906,0,0,0.00363719909643784,0,0.0017361972835874,0,0,0,0.022812524858138,0,0,0,0,0,0,0,4.86361542538917e-06,0,0,0,0.000883805353003424,0.000107568528052891,0.00104676963560531,0,0
0,0,0,0,0,0,0,0,0.000461137741647192,0,0,0,0,0,0.00345592745222519,0,1.18084099890852e-05,0,0,0,0,0,0.000405023450306491,0,0,0,0.0240156303943736,0,0.00312397213611604,0,0,0,0,0,0,0,0,0,0,0,0,0,0,0,0,0,0,0,0.00821812011933508,0,0,0,0,0,0,0,0,0,0,0,0.002777507550032,0,0,0,0,0.00332231605494679,0,0.00232109392963975,0,0,0,0.00857419172148993,0,0,0,0,0,0,0,0,0,0,0,0,0,0,0
