0,0,4.27386422260948,0,0,0,0,0,3.51444823601667,0,0,0,0,0,3.22523999214172,0,0,0,4.67592587925139,0,0,0,0,0,0,0,0,0,0,0,0,0,0,0,0,0,0,0,0,0,0,0,3.65402827813075,0,0,0,8.10021618434361,0,3.07511332139864,0,0,0,0,0,3.23938694596291,0,3.03888707301196,0,3.03933864169651,0,3.21418721310414,0,0,0,0,0,0,0,0,0,0,0,0,0,0,0,0,0,0,0,0,0,3.94765390392043,0,4.23641493610847,0,2.98429203033447
0,0,0,4.37824569145838,0,0,0,0,0,6.50746250086176,0,0,0,0,0,0,0,0,0,0,0,0,0,3.06069927215576,0,0,0,0,0,0,0,0,0,0,0,0,0,0,0,0,0,7.44404274860614,0,0,0,0,0,0,0,3.41369542882249,0,0,0,0,0,4.48499391496796,0,5.59923497835795,0,0,0,0,0,0,0,0,2.99988318701922,0,3.48200380802155,0,0,0,0,0,0,0,0,0,0,0,0,0,4.82648694391052,0,6.66728898424369,7.65852558918488,0
4.27386422260948,0,0,0,0,0,0,0,3.8550929561738,0,0,0,0,0,0,0,0,0,4.21321815252304,0,0,0,0,0,0,0,0,0,0,0,0,0,0,0,0,0,0,0,0,0,0,0,29.023671913147,0,7.44556697209676,0,5.36692837400174,40.249885559082,4.47037759949179,0,3.69533824920654,0,0,0,3.24586162567139,0,3.27516442934672,0,3.73246473073959,0,0,0,0,0,0,0,0,0,0,0,0,0,0,0,0,0,0,0,0,0,0,41.673526763916,5.20003052611849,0,5.52337055331025,0,26.9186248779297
0,4.37824569145838,0,0,0,0,0,0,0,0,0,0,0,0,0,0,0,0,0,0,0,0,0,0,0,0,0,0,0,0,0,0,0,0,0,9.54959242089281,0,0,0,0,0,0,0,0,0,0,0,0,0,3.40290838196164,0,0,0,0,0,0,0,0,0,0,0,0,9.55069133970473,0,0,0,0,0,0,0,0,0,0,0,0,0,0,0,11.7804405128255,0,0,0,5.02970815066135,17.5622829437256,3.92863056847924,0,0
0,0,0,0,0,0,6.42796564102173,0,2.94210108121236,0,0,0,0,0,0,0,0,0,0,0,4.21831051508586,0,0,0,0,0,0,0,0,0,0,0,0,0,0,0,8.25475735780669,0,0,0,0,0,0,0,0,0,0,0,0,0,3.2729801366914,0,0,0,0,0,0,0,0,0,0,0,0,0,0,0,0,0,0,0,0,0,0,0,0,0,0,0,0,0,0,0,4.17319583972828,0,0,0,0
0,0,0,0,0,0,0,3.07260610298677,0,0,0,0,0,0,0,0,0,0,0,0,0,0,0,0,0,0,0,0,0,0,0,0,0,0,0,6.32451517417513,0,0,0,0,0,0,0,0,0,0,0,0,0,0,0,0,0,2.92141049248832,0,0,0,0,0,0,0,0,6.77894258499146,0,0,0,0,0,0,0,0,0,0,0,0,0,0,0,7.53583011097378,0,0,0,7.11738604512708,6.59527288164411,2.74390637874603,0,0
0,0,0,0,6.42796564102173,0,0,0,0,0,0,0,0,0,0,0,0,0,0,0,6.12738752365112,0,0,0,0,0,0,0,0,0,0,0,0,0,0,0,0,0,0,0,0,0,0,0,0,0,0,0,0,0,0,0,0,0,0,0,3.0452401638031,0,0,0,0,0,0,0,0,0,0,0,0,0,0,0,0,0,0,0,0,0,0,0,0,0,6.52435100078583,0,0,0,0
0,0,0,0,0,3.07260610298677,0,0,0,0,0,3.00128388404846,0,0,0,0,0,0,0,9.30853152275085,0,0,0,0,0,0,0,0,0,0,0,0,0,0,0,7.17807459831238,0,0,0,0,0,0,0,0,0,0,0,0,0,0,0,0,0,3.22374531690111,0,0,0,0,0,0,0,0,0,0,0,0,0,0,0,0,0,0,0,0,0,0,0,0,0,0,0,0,6.04821973568515,9.62613451480865,0,0,0
3.51444823601667,0,3.8550929561738,0,2.94210108121236,0,0,0,0,45.254753112793,0,0,0,0,4.86202418336681,50.0851860046387,22.5529056199609,44.1970775080662,8.92592912547746,0,0,30.8141054789225,19.4810660952613,37.176158211448,12.441531675608,48.3104393005371,7.96886605131412,0,0,0,0,0,0,0,0,0,0,0,20.2105665206909,0,0,50.0624593098958,8.36456371148427,0,10.0641140937805,0,0,52.6959552764893,31.7662897109985,0,0,0,0,0,4.87809996689732,46.5471415519714,0,0,0,0,5.09421629905701,53.798511505127,0,0,48.8208465576172,19.9604644230434,34.31640625,12.351920728915,63.5861892700195,5.93276173887197,0,0,0,0,0,47.7418937683105,0,51.3613471984863,0,59.4782015482585,85.7773590087891,56.6032269795736,9.49920067441684,25.8859419714321,5.20367527351105,0,2.88311457633972
0,6.50746250086176,0,0,0,0,0,0,45.254753112793,0,0,0,0,0,43.8872604370117,5.61020239194234,41.9235494897721,12.1009695952087,11.5063860472843,0,0,21.9223792817858,32.4296179980767,9.06101292949682,30.9138058253697,8.77052377088227,48.9876079559326,0,0,0,0,0,0,0,0,63.4002246856689,0,19.7874000337389,0,61.4223041534424,0,8.62938482305328,42.4984545707703,0,0,0,0,47.3341176169259,0,50.0797983805339,0,0,0,0,49.2254002888997,4.64915842793205,56.48974609375,0,0,0,0,6.32148868838946,0,52.4267768859863,24.0792030758328,29.6964333852132,9.70268612106641,28.1657653876713,7.57419227509603,57.6868000030518,0,0,0,0,0,0,0,49.8433570861816,59.368717956543,62.7467241287231,44.0072154998779,53.3615264892578,11.633868882591,26.1162573225955,4.86517790973489,5.57750797271729,0
0,0,0,0,0,0,0,0,0,0,0,0,0,0,0,0,52.5354385375977,0,56.5402793884277,0,4.06230264902115,0,0,0,0,0,0,0,0,0,3.21009877749852,0,0,0,0,0,4.22021897257985,0,4.78642606301741,0,37.3072700500488,80.3956832885742,18.0378373168236,0,0,0,24.4535719798161,48.1826629638672,0,0,0,0,3.75879248705777,0,0,0,3.45237825627913,0,0,0,0,0,0,4.49048931258065,0,0,0,0,0,0,0,0,0,3.28141289949417,0,0,0,50.2792739868164,0,0,105.115913391113,3.35304272174835,5.58621989658901,0,9.77883450190226,0,15.6772243326361
0,0,0,0,0,0,0,3.00128388404846,0,0,0,0,0,3.88975400924683,0,0,0,0,0,3.82626943791394,0,0,0,0,0,0,0,0,0,3.84150692069012,0,0,0,0,0,2.83599518227765,0,3.4476089625523,0,0,0,0,0,0,0,0,0,0,0,0,0,0,0,0,0,0,0,3.34344930461503,0,2.81966635915968,0,0,5.18740351311862,0,0,0,0,0,0,0,0,0,3.24727731484633,0,0,0,0,0,2.7842374983288,0,10.1801741061672,0,3.70064626215192,3.34985678092293,2.74883985519409,0,0
0,0,0,0,0,0,0,0,0,0,0,0,0,0,0,0,0,0,0,0,0,0,0,0,0,0,0,0,0,0,0,0,0,0,0,0,0,0,0,0,0,0,0,0,0,0,0,0,0,0,0,0,0,0,0,0,2.73766374588013,0,2.95984198830344,0,0,0,0,0,0,0,0,0,0,0,0,0,0,0,0,0,0,0,0,0,0,0,0,0,0,0,0
0,0,0,0,0,0,0,0,0,0,0,3.88975400924683,0,0,0,3.2982475974343,0,0,0,0,0,0,0,0,0,2.8455445766449,0,0,0,0,0,0,0,0,0,0,0,0,0,0,0,0,0,0,0,0,0,0,0,0,0,0,0,0,0,0,0,0,0,2.80263665744237,0,0,0,0,0,0,0,0,0,0,3.39937971619999,0,0,0,0,0,0,0,0,0,0,0,3.71111957232157,0,0,0,0
3.22523999214172,0,0,0,0,0,0,0,4.86202418336681,43.8872604370117,0,0,0,0,0,45.7102127075195,19.7845072849937,37.3905893053327,12.1337059194391,0,0,27.9494733810425,20.1358679207889,0,14.5980398438194,0,5.26609239822779,0,0,0,0,0,0,0,0,0,0,0,0,0,0,37.2836799621582,0,0,0,0,0,55.5375518798828,0,0,0,0,0,0,4.49142348766327,0,6.3176589012146,0,3.06425130367279,0,3.14255309104919,0,0,0,0,21.7558872049505,0,16.9840955734253,48.1549186706543,4.35771464983622,0,0,0,0,0,0,0,0,0,0,0,0,13.507606116625,0,0,0,0
0,0,0,0,0,0,0,0,50.0851860046387,5.61020239194234,0,0,0,3.2982475974343,45.7102127075195,0,41.8349058287484,12.4768431655499,51.3375334058489,0,0,23.5852151259877,31.9088835571751,12.4989078170375,31.9502960443497,10.1048739094952,46.4109451293945,0,0,0,0,0,0,0,0,0,0,0,0,0,0,56.9697494506836,0,0,0,0,0,79.3437194824219,0,0,0,0,0,0,0,3.90170523524284,0,0,0,2.83796235720317,0,5.25534597784281,0,0,23.1783011651808,31.2889653283197,13.8224087715149,29.6891134702242,7.18900937136309,46.8633728027344,3.77361559867859,0,0,0,0,0,0,0,0,0,0,0,26.2017107529025,27.2113572322961,15.731858253479,0,0
0,0,0,0,0,0,0,0,22.5529056199609,41.9235494897721,52.5354385375977,0,0,0,19.7845072849937,41.8349058287484,0,12.6746046035559,18.4887250215682,0,54.6594314575195,30.6928254785672,16.2327846647446,36.6706210186607,20.9042310128665,35.2366023100059,8.77128003369479,0,0,0,0,0,59.8053010639391,62.5749130249023,61.3671283721924,70.3556965419224,0,64.2407791137695,25.3844983842638,72.9091949462891,0,53.1158782367049,51.6613759729597,0,0,92.874013264974,0,57.9728400802612,61.7882023898038,58.7178416044816,0,0,0,0,25.6444705912941,39.134794652462,72.5647125244141,0,0,0,11.2334598700205,44.7519984998201,112.611824035645,54.0953712463379,26.0899307462904,17.7981257936726,34.0007049336153,22.5319256973267,41.0189926624298,14.1804002740166,0,0,0,60.3974113464355,0,60.0605737246,60.8542175292969,67.4604654814068,72.6169435794537,67.1925486458672,74.7189548573595,61.6320766063219,16.2377632821874,19.1004888274006,52.6852119536627,47.7950223286947,70.9800415039062
0,0,0,0,0,0,0,0,44.1970775080662,12.1009695952087,0,0,0,0,37.3905893053327,12.4768431655499,12.6746046035559,0,21.2166109195814,0,56.4468650817871,11.2221384432715,26.6108956484361,19.3822589454504,33.6096053403967,7.9273989004344,36.607625743321,2.7346785068512,0,0,0,0,62.4161834716797,50.5064195486215,57.4309930801392,63.6890260696411,0,54.0038050738248,55.5788345336914,57.6809532767848,93.0235824584961,39.6688333635147,52.8561124377781,0,31.0743408203125,73.9942032950265,79.1572494506836,48.6066239264704,61.4421384599474,47.1445702929829,0,0,0,0,43.5411951882499,22.9769698100932,61.3151969909668,0,0,0,32.9531097412109,15.3009604143658,79.7822717939104,54.2864570617676,10.3878420314481,27.7276444525946,18.6874537156976,33.7453796612589,10.7843006266488,38.0668876124363,0,0,79.8661460876465,75.9013977050781,0,62.579662322998,51.9653717041016,65.7139155069987,61.5357868472735,69.4553127441406,59.3620885712295,69.5922490074521,13.6320886680409,23.3434041841531,51.5412492284588,25.1021094322205,0
4.67592587925139,0,4.21321815252304,0,0,0,0,0,8.92592912547746,11.5063860472843,56.5402793884277,0,0,0,12.1337059194391,51.3375334058489,18.4887250215682,21.2166109195814,0,0,45.0385974003718,35.694240366475,30.9210401257602,30.9542583038932,26.7727932245424,56.7684596379598,19.3533764626216,0,0,0,49.8383026123047,0,42.9574493209669,47.9179791344537,51.8000354766846,59.7477919451669,0,51.4781111656351,30.7730493545532,45.3030929004445,61.6982135772705,29.4741053756296,25.3353175635095,8.02920660749078,4.38955920200293,60.5717083474864,53.9584369659424,42.7425968134347,43.2817100904606,46.6040945901461,0,0,0,0,11.5646380341571,37.9210735378843,51.6358108520508,62.2963282267253,0,0,13.1105736323765,59.1545146306356,62.4427385041208,41.6868588374211,41.6527235848563,32.5208618382045,29.8550742672336,31.8586926170017,52.5229553646512,37.6758320548318,0,0,56.3329096342388,43.5746025509305,0,43.2490940364924,53.6552877426147,48.7073989942962,54.0307945244665,47.3720741788846,53.1833583405953,52.1189898131938,12.9831542348606,32.5241064326516,28.1318967935309,16.9522597263026,16.7504996955395
0,0,0,0,0,0,0,9.30853152275085,0,0,0,3.82626943791394,0,0,0,0,0,0,0,0,0,0,0,0,0,0,0,0,0,8.48892019816807,0,0,0,42.1709213256836,0,13.2448161494347,0,9.11707378221938,0,0,0,31.4006576538086,0,0,0,12.620766321818,0,53.9065551757812,0,0,0,0,0,0,0,0,0,4.4495720120727,0,0,0,0,4.62738741989489,0,0,0,0,0,0,0,0,0,8.75005002607379,0,0,0,0,0,11.694306999445,0,10.6187174678566,0,5.92077684503921,6.95699199040731,0,0,0
0,0,0,0,4.21831051508586,0,6.12738752365112,0,0,0,4.06230264902115,0,0,0,0,0,54.6594314575195,56.4468650817871,45.0385974003718,0,0,0,0,0,0,0,0,0,0,0,4.02585785285286,0,0,50.3521003723145,60.2412586212158,0,3.94478762090266,0,3.42027984965931,0,33.0568008422852,41.0106929432262,16.2609617650509,0,25.157543182373,0,21.2949853797457,47.3801389421736,14.0562626665289,43.7879355294364,0,0,5.25672314167023,0,0,0,3.36008016923408,0,0,0,0,0,0,3.18055247499588,0,0,0,0,0,0,0,0,0,4.4989069134298,0,0,0,56.7900466918945,0,5.33728874104578,67.9925765991211,4.40752902338582,4.39497717689065,0,18.7688040326281,0,13.9440168804593
0,0,0,0,0,0,0,0,30.8141054789225,21.9223792817858,0,0,0,0,27.9494733810425,23.5852151259877,30.6928254785672,11.2221384432715,35.694240366475,0,0,0,6.52505182291933,7.62619348400447,17.4392480452855,9.43753508988976,21.8532864252726,3.15575194358826,0,0,0,0,48.5859832763672,0,0,0,0,4.97915803974574,4.96729430599489,0,0,58.5535440444946,67.6475346883138,0,0,0,0,0,0,5.50281458201371,0,0,0,0,36.0875080108643,21.7214177548885,0,0,0,0,0,22.7908147665171,0,0,5.04170672836066,12.8152279683522,7.21095147022622,18.3159329096476,11.2186591299357,32.0270190238953,2.95049154758453,0,0,68.6131820678711,0,0,0,63.207649230957,76.4933776855469,81.2806828816732,5.54603320971513,68.1671924591064,5.56453808519575,5.53700317543211,36.0024719238281,38.6495628356934,0
0,0,0,0,0,0,0,0,19.4810660952613,32.4296179980767,0,0,0,0,20.1358679207889,31.9088835571751,16.2327846647446,26.6108956484361,30.9210401257602,0,0,6.52505182291933,0,23.7114020776058,9.82507488254145,29.7466393984281,10.7937372000712,0,2.7388379573822,0,0,0,65.8031056722005,0,83.3886489868164,0,0,46.7561988830566,4.79575292770132,0,0,54.5123038291931,54.4879299799601,0,0,0,0,62.3831412371467,46.4888686906724,67.115180015564,0,0,0,0,20.7984970987371,30.9456552863121,0,0,0,0,22.4129378000895,33.0733592987061,0,59.539234161377,11.2137549840487,4.69951597232681,24.2320252827236,8.74870781199137,30.167557114049,10.6851810161641,0,2.97209513187408,0,0,0,68.2247833251953,0,67.7246017456055,90.0531295776367,72.7455834888277,95.1393699645996,6.17964762411659,7.27707099499497,4.37208942810291,52.7168258666992,54.1444854736328,0
0,3.06069927215576,0,0,0,0,0,0,37.176158211448,9.06101292949682,0,0,0,0,0,12.4989078170375,36.6706210186607,19.3822589454504,30.9542583038932,0,0,7.62619348400447,23.7114020776058,0,20.3905783759223,7.62267600346918,0,0,0,0,0,0,0,0,0,45.4523086547852,0,4.86797758249136,0,0,0,18.1277690518577,31.7677529074929,0,0,0,0,28.9341872533162,0,5.3865219971042,0,0,0,0,40.5327033996582,9.29657403835732,0,0,0,0,0,10.7346911430359,0,0,6.06307432413101,23.5391551554203,4.24798774017283,22.1405663550655,6.02931536710199,35.2415809631348,5.41954436302185,0,0,0,0,0,0,65.7393264770508,50.0262422561646,0,7.47171537332367,65.1904640197754,15.6165720166479,17.6576351398645,3.92773572444916,28.491283416748,0
0,0,0,0,0,0,0,0,12.441531675608,30.9138058253697,0,0,0,0,14.5980398438194,31.9502960443497,20.9042310128665,33.6096053403967,26.7727932245424,0,0,17.4392480452855,9.82507488254145,20.3905783759223,0,31.0912185668945,5.78445987674323,0,0,0,0,0,55.2332051595052,0,0,80.9028015136719,0,27.408166885376,4.3063747604688,0,0,42.4388213157654,48.5525344848633,46.0876197814941,0,0,0,49.5443674723307,7.43055372612149,0,0,0,0,0,9.89985383297494,30.2259322484334,0,0,0,0,13.1611099243164,41.4274894714355,0,0,52.4669151306152,7.59010579123165,23.8245444070725,4.35953079608189,34.385523223877,5.05075503337996,0,0,0,0,0,0,0,0,0,73.5269139607747,63.5316352844238,6.4342336247607,15.8177858063736,18.7609635543823,15.2336799621582,0,0
0,0,0,0,0,0,0,0,48.3104393005371,8.77052377088227,0,0,0,2.8455445766449,0,10.1048739094952,35.2366023100059,7.9273989004344,56.7684596379598,0,0,9.43753508988976,29.7466393984281,7.62267600346918,31.0912185668945,0,42.7036392211914,0,0,0,0,0,0,0,0,117.949234008789,0,0,0,0,0,106.29956817627,0,0,0,0,0,0,0,117.956832885742,0,0,0,0,48.0416488647461,9.70996844768524,0,0,0,0,0,11.2109003581499,0,0,12.9351758542268,30.5004103978475,10.8668170091583,32.514255176891,5.31915936333421,44.270357131958,2.733402967453,0,0,0,0,0,0,0,0,81.81591796875,0,49.6175193786621,10.8371641826848,23.6324985186259,0,0,0
0,0,0,0,0,0,0,0,7.96886605131412,48.9876079559326,0,0,0,0,5.26609239822779,46.4109451293945,8.77128003369479,36.607625743321,19.3533764626216,0,0,21.8532864252726,10.7937372000712,0,5.78445987674323,42.7036392211914,0,0,2.850346326828,0,0,0,0,0,0,0,0,0,17.9289989471436,0,0,0,0,0,0,0,0,0,0,0,0,0,0,0,8.75318605289903,39.1710090637207,0,0,0,0,4.0157835444466,0,0,0,0,6.39738401349222,44.5791034698486,9.86166341277375,46.1448078155518,4.14809592674518,0,3.05029892921448,0,0,0,0,0,0,0,102.750633239746,0,39.9159393310547,10.4357348093346,22.8132200241089,0,0,0
0,0,0,0,0,0,0,0,0,0,0,0,0,0,0,0,0,2.7346785068512,0,0,0,3.15575194358826,0,0,0,0,0,0,0,2.97369489377859,0,0,0,0,0,0,0,2.84469114580462,0,0,0,0,0,0,0,0,0,0,0,0,0,0,0,0,0,0,0,0,0,0,0,0,0,0,3.18303452219282,0,0,0,4.6765168688514,0,3.78976896830968,0,0,0,0,0,0,0,0,0,2.83910973866781,0,0,0,0,0,0
0,0,0,0,0,0,0,0,0,0,0,0,0,0,0,0,0,0,0,0,0,0,2.7388379573822,0,0,0,2.850346326828,0,0,0,0,0,0,0,0,0,0,0,0,0,0,0,0,0,0,0,0,0,0,0,0,0,0,0,0,0,0,0,0,0,0,0,0,0,0,0,0,0,0,0,0,3.08275682727496,0,0,0,0,0,0,0,0,0,0,3.16787266731262,0,0,0,0
0,0,0,0,0,0,0,0,0,0,0,3.84150692069012,0,0,0,0,0,0,0,8.48892019816807,0,0,0,0,0,0,0,2.97369489377859,0,0,0,0,0,0,0,0,0,3.13379573822021,0,0,0,0,0,0,0,17.662223815918,0,0,0,0,0,0,0,0,0,0,0,3.1435875501789,0,0,0,0,12.5888346263341,0,0,0,0,0,0,0,2.87395416723715,0,3.68626763438806,0,0,0,0,0,0,0,5.51589607676014,0,3.11609843042162,0,0,0,0
0,0,0,0,0,0,0,0,0,0,3.21009877749852,0,0,0,0,0,0,0,49.8383026123047,0,4.02585785285286,0,0,0,0,0,0,0,0,0,0,0,0,0,0,0,0,0,2.89055945371327,0,0,0,24.3647963205973,0,0,0,27.925216293335,0,0,50.9107246398926,0,0,0,0,0,0,0,0,0,0,0,0,0,7.65172809362411,0,0,0,0,0,0,0,2.84277248382568,0,3.01736375147646,0,0,0,0,0,0,0,3.15154099464417,62.2918853759766,0,7.0105176170667,0,15.6858062744141
0,0,0,0,0,0,0,0,0,0,0,0,0,0,0,0,0,0,0,0,0,0,0,0,0,0,0,0,0,0,0,0,3.98532439308402,5.83474603592162,14.3391887287595,5.77462395898099,7.12526783315312,0,0,6.70470213413239,0,11.339747428894,53.182222366333,0,0,24.9440296173096,33.5835326080322,3.9703131808175,0,4.06936061382294,0,0,0,0,0,0,54.0300827026367,0,0,0,0,0,39.8076933860779,0,0,0,0,0,0,0,0,0,0,0,5.76122450146982,0,5.90336555736305,21.9962662477962,10.2320975997858,26.3002001360843,0,58.2963218688965,9.05143093152811,0,19.3905281955249,0,0
0,0,0,0,0,0,0,0,0,0,0,0,0,0,0,0,59.8053010639391,62.4161834716797,42.9574493209669,0,0,48.5859832763672,65.8031056722005,0,55.2332051595052,0,0,0,0,0,0,3.98532439308402,0,7.23934460357881,14.9228341789366,19.1727450234549,12.7410116088283,0,0,61.2394580841064,21.3418051401774,23.4029449735369,19.7615047015044,0,24.6137981414795,0,36.1841103690011,10.7943829695384,15.0629886082613,22.0865837732951,0,0,0,0,49.4999198913574,0,0,0,0,0,0,0,49.4647560119629,0,0,84.4660701751709,0,0,0,0,0,0,0,0,5.15627715942707,5.20333926848351,0,15.6035208620499,48.6097113291423,36.0990369097661,74.561806678772,30.7458915670713,16.2210187482052,41.2339090619768,25.7223953121587,0,0
0,0,0,0,0,0,0,0,0,0,0,0,0,0,0,0,62.5749130249023,50.5064195486215,47.9179791344537,42.1709213256836,50.3521003723145,0,0,0,0,0,0,0,0,0,0,5.83474603592162,7.23934460357881,0,6.09675740110647,7.73777317573842,7.18971101757328,9.23308253394638,4.61487116055055,21.5570079132363,37.263955896551,12.7901915652023,33.8472450389418,30.1317443847656,43.5977096557617,32.1185893209357,36.9567416601582,7.89546623597761,16.621315839814,10.1707189102885,0,0,0,0,0,0,56.9157733917236,29.2696380615234,0,0,0,0,42.141731262207,50.0659294128418,0,0,0,0,0,0,22.0124349594116,0,38.2202323731922,58.9708251953125,8.60041983561082,77.2230968475342,4.47345192965152,6.47763341669572,11.5110716488329,11.077016826116,8.16296710200229,13.5552244930352,7.5042761286125,40.7423813713921,17.3904522729165,9.43889904022217,48.491756439209
0,0,0,0,0,0,0,0,0,0,0,0,0,0,0,0,61.3671283721924,57.4309930801392,51.8000354766846,0,60.2412586212158,0,83.3886489868164,0,0,0,0,0,0,0,0,14.3391887287595,14.9228341789366,6.09675740110647,0,16.4459715479164,5.62540982515053,9.85071530816151,5.92122521587447,65.0210418701172,33.9614438480801,18.1265538142278,19.9656913849615,0,0,39.7219467163086,37.0680590540345,12.5023173704523,15.7486719158088,22.183153396429,0,0,0,0,49.4861946105957,0,0,0,0,0,0,0,0,52.0720642089844,0,61.6647453308105,0,64.7690124511719,0,0,0,0,0,58.1051559448242,23.4615257922993,20.2763084274227,7.09309294986588,5.47673282876193,39.9260103702545,26.3236066124001,12.9113877444749,8.68239380880744,8.37439678112666,45.6419753308566,21.5490536161484,0,0
0,0,0,9.54959242089281,0,6.32451517417513,0,7.17807459831238,0,63.4002246856689,0,2.83599518227765,0,0,0,0,70.3556965419224,63.6890260696411,59.7477919451669,13.2448161494347,0,0,0,45.4523086547852,80.9028015136719,117.949234008789,0,0,0,0,0,5.77462395898099,19.1727450234549,7.73777317573842,16.4459715479164,0,4.8209523004568,5.82639270902693,0,27.0170370429754,5.93140272660689,36.276722522792,53.2423030853272,36.2020454406738,0,29.2830943207243,14.9984556095941,40.5848339080811,59.2695490519206,35.5208656086641,0,0,0,0,0,0,0,0,0,0,0,0,20.544371552068,0,0,83.5981826782227,0,95.6085891723633,0,0,0,0,51.790641784668,0,8.61914898424732,62.1597684224447,7.31321451050359,29.6289922974326,7.17505491966961,11.0842801592042,13.4598398371535,69.5062595367432,7.9670365263434,7.20508837359986,16.05930364399,31.6721240353872,0
0,0,0,0,8.25475735780669,0,0,0,0,0,4.22021897257985,0,0,0,0,0,0,0,0,0,3.94478762090266,0,0,0,0,0,0,0,0,0,0,7.12526783315312,12.7410116088283,7.18971101757328,5.62540982515053,4.8209523004568,0,3.6800771355629,6.08398971116768,22.1628856658936,5.41457442490451,30.7667004721505,25.3874538285392,0,0,54.0657577514648,10.4885089428893,26.9661160586925,32.3448181152344,36.8862990979795,8.27920862606594,0,0,0,0,0,33.572816212972,0,0,0,0,0,55.3622970581055,4.97925694404676,0,0,0,0,0,0,0,0,0,36.3854484558105,21.4355182647705,15.6564513869205,8.91726753669404,11.2472406477335,6.71702914152827,4.88107623872773,60.5118293762207,7.75847003599174,4.62852507267358,6.58723467043888,7.35395293622404,0,0
0,0,0,0,0,0,0,0,0,19.7874000337389,0,3.4476089625523,0,0,0,0,64.2407791137695,54.0038050738248,51.4781111656351,9.11707378221938,0,4.97915803974574,46.7561988830566,4.86797758249136,27.408166885376,0,0,2.84469114580462,0,3.13379573822021,0,0,0,9.23308253394638,9.85071530816151,5.82639270902693,3.6800771355629,0,3.58591445369308,49.491397857666,0,14.6435107907733,33.6690729988946,36.6369743347168,0,35.431521487236,0,13.8519628930975,33.1491320379849,5.47424448056655,0,0,0,0,0,17.2459336280823,0,8.6447525355551,0,0,0,0,24.5691862405385,0,7.80141493429535,0,5.33777341300791,25.5298233032227,4.70930083751678,0,5.18987788576068,0,6.19083278267472,0,0,68.5555648803711,7.32868834205354,13.9820320325739,23.25495693455,60.7529926300049,4.89602390036553,21.5493781041291,6.08592221063967,7.9055388580143,8.87012441909116,32.753352394104,0
0,0,0,0,0,0,0,0,20.2105665206909,0,4.78642606301741,0,0,0,0,0,25.3844983842638,55.5788345336914,30.7730493545532,0,3.42027984965931,4.96729430599489,4.79575292770132,0,4.3063747604688,0,17.9289989471436,0,0,0,2.89055945371327,0,0,4.61487116055055,5.92122521587447,0,6.08398971116768,3.58591445369308,0,0,35.1363105773926,45.3782005310059,11.4574441591899,0,0,0,26.7125053405762,7.4792332308633,5.30812945457605,74.9339141845703,0,0,0,0,0,24.4481525421143,3.27008932828903,0,0,0,0,0,0,3.67849062700741,3.1544783115387,5.44246161450004,0,3.59699377332415,56.8822898864746,0,0,2.89953714609146,0,2.9637523094813,0,0,3.43413281440735,3.42987453937531,0,6.92138415552132,3.43497298474897,4.94398315178728,4.62275445056133,5.5874293987299,4.21911245430669,0,18.6895917256673
0,0,0,0,0,0,0,0,0,61.4223041534424,0,0,0,0,0,0,72.9091949462891,57.6809532767848,45.3030929004445,0,0,0,0,0,0,0,0,0,0,0,0,6.70470213413239,61.2394580841064,21.5570079132363,65.0210418701172,27.0170370429754,22.1628856658936,49.491397857666,0,0,29.9015698432922,19.3174320887816,46.883181254069,20.7428515116374,0,14.9592419554837,29.2494426191899,13.1228265672866,22.0443859100342,8.62816119737516,0,0,0,0,0,0,0,43.4550530751546,0,0,0,0,19.9011844329368,0,0,0,0,69.6965637207031,0,0,0,0,39.4958509063721,0,8.00259905912745,57.2788963317871,14.7282254165561,0,9.25301315971761,75.62766716697,20.3228826035217,88.8056081136068,33.9453582920012,30.3574066162109,9.57867237936023,22.5264574686686,0
0,0,0,0,0,0,0,0,0,0,37.3072700500488,0,0,0,0,0,0,93.0235824584961,61.6982135772705,0,33.0568008422852,0,0,0,0,0,0,0,0,0,0,0,21.3418051401774,37.263955896551,33.9614438480801,5.93140272660689,5.41457442490451,0,35.1363105773926,29.9015698432922,0,29.0027188601559,16.4141247431437,0,0,37.9481363296509,7.05324714183807,22.2116683813242,11.4707124553202,32.6315880775452,0,0,0,0,0,0,0,0,0,0,0,0,47.9308891296387,22.9491030375163,0,0,0,0,0,0,0,0,0,34.6838073730469,0,23.3969496213473,35.2132086753845,36.800867281462,10.7014514605204,19.9740603529645,0,28.5358533811806,18.3439053959317,7.38784831762314,6.73151482264201,0,0
0,7.44404274860614,0,0,0,0,0,0,50.0624593098958,8.62938482305328,80.3956832885742,0,0,0,37.2836799621582,56.9697494506836,53.1158782367049,39.6688333635147,29.4741053756296,31.4006576538086,41.0106929432262,58.5535440444946,54.5123038291931,18.1277690518577,42.4388213157654,106.29956817627,0,0,0,0,0,11.339747428894,23.4029449735369,12.7901915652023,18.1265538142278,36.276722522792,30.7667004721505,14.6435107907733,45.3782005310059,19.3174320887816,29.0027188601559,0,22.0228962824282,3.87795868494215,0,18.4979880946224,20.7271128555397,14.2476473930757,25.9420603300396,14.9910682857811,0,0,0,0,42.7772102355957,6.98842058479786,36.9374675750732,9.16733765131032,0,0,0,0,27.6551806505989,36.9806421774405,0,56.7262475149972,28.4642072824331,41.7850067832253,63.3206253051758,0,0,0,15.33807858088,43.5972080230713,0,29.3576405152031,16.2629400975328,27.5815818364384,25.4347270173817,40.2447318159826,21.6351419275951,43.4415275813728,15.3561944171938,24.8177698393513,10.9457376443444,5.76025724078024,15.9452058792114
3.65402827813075,0,29.023671913147,0,0,0,0,0,8.36456371148427,42.4984545707703,18.0378373168236,0,0,0,0,0,51.6613759729597,52.8561124377781,25.3353175635095,0,16.2609617650509,67.6475346883138,54.4879299799601,31.7677529074929,48.5525344848633,0,0,0,0,0,24.3647963205973,53.182222366333,19.7615047015044,33.8472450389418,19.9656913849615,53.2423030853272,25.3874538285392,33.6690729988946,11.4574441591899,46.883181254069,16.4141247431437,22.0228962824282,0,0,3.99367196973926,0,17.5254790661527,16.5338966815503,13.6416716112133,25.5421943059427,0,0,0,0,4.45907723542416,57.2243003845215,17.6877409630215,34.2577686309814,0,0,0,64.757926940918,90.2951126098633,14.2947062590002,0,49.6900956290109,36.9329724311829,59.6184043884277,0,0,0,0,33.8818316459656,19.1030930969786,0,23.934866253832,32.8942423926459,19.3927161033165,49.4500621648935,27.682053848035,45.6170948624611,21.5863476368376,13.1058960985546,22.3950454532236,10.6442600367684,50.395580291748,9.35367793785898
0,0,0,0,0,0,0,0,0,0,0,0,0,0,0,0,0,0,8.02920660749078,0,0,0,0,0,46.0876197814941,0,0,0,0,0,0,0,0,30.1317443847656,0,36.2020454406738,0,36.6369743347168,0,20.7428515116374,0,3.87795868494215,0,0,0,7.73121728897095,0,28.7636089324951,33.6093444824219,48.4421119689941,0,0,0,0,0,0,0,0,0,0,0,0,0,0,0,0,0,0,0,0,0,0,23.257984161377,0,0,0,0,0,24.5737648161631,59.6129302978516,37.5560586929321,60.3737907409668,32.657829284668,0,5.30487873477321,4.85987102467081,0
0,0,7.44556697209676,0,0,0,0,0,10.0641140937805,0,0,0,0,0,0,0,0,31.0743408203125,4.38955920200293,0,25.157543182373,0,0,0,0,0,0,0,0,0,0,0,24.6137981414795,43.5977096557617,0,0,0,0,0,0,0,0,3.99367196973926,0,0,0,4.93531748983595,24.8268295634877,23.1257188081741,29.525707244873,0,0,0,0,0,0,0,0,0,0,0,0,0,10.1242065429688,0,0,0,0,0,0,0,0,0,21.1477338245937,0,26.993897658128,0,0,0,31.0108157952627,0,31.1243614716963,7.81365876727634,0,5.19370067098349,0,3.90088512680747
0,0,0,0,0,0,0,0,0,0,0,0,0,0,0,0,92.874013264974,73.9942032950265,60.5717083474864,12.620766321818,0,0,0,0,0,0,0,0,0,17.662223815918,0,24.9440296173096,0,32.1185893209357,39.7219467163086,29.2830943207243,54.0657577514648,35.431521487236,0,14.9592419554837,37.9481363296509,18.4979880946224,0,7.73121728897095,0,0,38.881745087473,31.5700731573179,30.7605438232422,23.07541944379,0,0,0,0,0,0,0,12.5116714691931,0,0,0,0,7.22090417057721,0,0,0,0,0,0,0,0,0,22.1259157520189,0,23.5054654895135,80.2178726196289,31.452447832128,37.4163093566895,20.5663840708037,77.7444216410319,31.8092197893055,0,24.8109018325806,17.9054865837097,10.5567251964639,0,0
8.10021618434361,0,5.36692837400174,0,0,0,0,0,0,0,24.4535719798161,0,0,0,0,0,0,79.1572494506836,53.9584369659424,0,21.2949853797457,0,0,0,0,0,0,0,0,0,27.925216293335,33.5835326080322,36.1841103690011,36.9567416601582,37.0680590540345,14.9984556095941,10.4885089428893,0,26.7125053405762,29.2494426191899,7.05324714183807,20.7271128555397,17.5254790661527,0,4.93531748983595,38.881745087473,0,29.8048594600853,21.412859021271,27.5287878749887,0,0,0,0,0,0,18.5694690962969,0,0,0,0,0,44.0449885987399,9.44854851461833,0,0,0,0,0,0,0,0,62.1332893371582,21.1286758015951,35.7695290060604,24.8638308842977,37.2993419647217,39.5526494979858,21.3973218827021,12.8191595967365,0,27.1930147147499,21.3472316909481,19.3531804084778,10.6331577178199,0,13.663925113678
0,0,40.249885559082,0,0,0,0,0,52.6959552764893,47.3341176169259,48.1826629638672,0,0,0,55.5375518798828,79.3437194824219,57.9728400802612,48.6066239264704,42.7425968134347,53.9065551757812,47.3801389421736,0,62.3831412371467,28.9341872533162,49.5443674723307,0,0,0,0,0,0,3.9703131808175,10.7943829695384,7.89546623597761,12.5023173704523,40.5848339080811,26.9661160586925,13.8519628930975,7.4792332308633,13.1228265672866,22.2116683813242,14.2476473930757,16.5338966815503,28.7636089324951,24.8268295634877,31.5700731573179,29.8048594600853,0,8.82168414519544,6.55022603722426,0,0,0,0,50.666937828064,79.266040802002,37.1414567773992,23.5053305374949,0,0,0,0,41.0301139201593,29.3397073392515,0,52.8101056416829,31.1020450592041,49.9822171529134,71.1721115112305,0,0,0,24.1814767638249,32.548751449585,6.08641996546688,8.24892127769699,7.50862119676637,13.911954850362,12.0071864173505,33.8808014889295,18.1135569734066,29.7549167250308,13.1190762807991,34.308191554887,18.2465528391448,19.9937789440155,16.3863946199417
3.07511332139864,0,4.47037759949179,0,0,0,0,0,31.7662897109985,0,0,0,0,0,0,0,61.7882023898038,61.4421384599474,43.2817100904606,0,14.0562626665289,0,46.4888686906724,0,7.43055372612149,0,0,0,0,0,0,0,15.0629886082613,16.621315839814,15.7486719158088,59.2695490519206,32.3448181152344,33.1491320379849,5.30812945457605,22.0443859100342,11.4707124553202,25.9420603300396,13.6416716112133,33.6093444824219,23.1257188081741,30.7605438232422,21.412859021271,8.82168414519544,0,6.0999936840751,0,0,0,0,13.0524099138048,0,9.98644904468371,48.3486709594727,2.87844830751419,0,3.72749352589839,0,35.6787122090658,16.3326238281098,0,15.4512165273939,59.7825965881348,6.64667408943176,0,3.11325456686979,0,2.88680169799111,55.251989364624,16.2538081169128,0,17.5586580715062,19.1378865559896,14.2670905539687,60.1668431758881,24.6071262134472,29.280468504164,9.66607497240124,19.7670035405351,42.147989091419,10.3477042518707,0,18.0495805275149
0,3.41369542882249,0,3.40290838196164,0,0,0,0,0,50.0797983805339,0,0,0,0,0,0,58.7178416044816,47.1445702929829,46.6040945901461,0,43.7879355294364,5.50281458201371,67.115180015564,5.3865219971042,0,117.956832885742,0,0,0,0,50.9107246398926,4.06936061382294,22.0865837732951,10.1707189102885,22.183153396429,35.5208656086641,36.8862990979795,5.47424448056655,74.9339141845703,8.62816119737516,32.6315880775452,14.9910682857811,25.5421943059427,48.4421119689941,29.525707244873,23.07541944379,27.5287878749887,6.55022603722426,6.0999936840751,0,0,0,0,0,44.5824203491211,22.1142597198486,45.9583320617676,15.5978886237761,0,0,0,0,34.8626639444457,42.5264293786251,9.17096748352051,72.4837036132812,6.51087558711017,48.2466239929199,3.99446416670276,0,4.13444472017464,0,7.7845366906036,49.8490397135417,6.74255212289946,45.8435335159302,11.545775394384,29.8875237464905,22.1548851707014,48.7798955522735,16.1566722365145,49.3549089251824,14.5104433634342,32.783446436343,13.2043820004962,23.3527926603953,43.7901439666748
0,0,3.69533824920654,0,3.2729801366914,0,0,0,0,0,0,0,0,0,0,0,0,0,0,0,0,0,0,0,0,0,0,0,0,0,0,0,0,0,0,0,8.27920862606594,0,0,0,0,0,0,0,0,0,0,0,0,0,0,0,0,0,0,0,0,0,0,0,0,0,0,0,0,0,0,0,0,0,0,0,0,0,0,0,0,0,0,0,0,0,3.76768419863303,0,0,0,0
0,0,0,0,0,0,0,0,0,0,0,0,0,0,0,0,0,0,0,0,0,0,0,0,0,0,0,0,0,0,0,0,0,0,0,0,0,0,0,0,0,0,0,0,0,0,0,0,0,0,0,0,0,0,0,0,0,0,0,0,0,0,0,0,0,0,0,0,0,0,0,0,0,0,0,0,0,0,0,0,0,0,0,0,0,0,0
0,0,0,0,0,0,0,0,0,0,3.75879248705777,0,0,0,0,0,0,0,0,0,5.25672314167023,0,0,0,0,0,0,0,0,0,0,0,0,0,0,0,0,0,0,0,0,0,0,0,0,0,0,0,0,0,0,0,0,0,0,0,3.09190148966653,0,0,0,0,0,0,0,0,0,0,0,0,0,0,0,0,0,0,0,0,0,0,0,0,0,0,0,0,0,0
0,0,0,0,0,2.92141049248832,0,3.22374531690111,0,0,0,0,0,0,0,0,0,0,0,0,0,0,0,0,0,0,0,0,0,0,0,0,0,0,0,0,0,0,0,0,0,0,0,0,0,0,0,0,0,0,0,0,0,0,0,0,0,0,0,0,0,0,0,0,0,0,0,0,0,0,0,0,0,0,0,0,0,0,0,0,0,0,4.45628976543047,0,0,0,0
3.23938694596291,0,3.24586162567139,0,0,0,0,0,4.87809996689732,49.2254002888997,0,0,0,0,4.49142348766327,0,25.6444705912941,43.5411951882499,11.5646380341571,0,0,36.0875080108643,20.7984970987371,40.5327033996582,9.89985383297494,48.0416488647461,8.75318605289903,0,0,0,0,0,49.4999198913574,0,49.4861946105957,0,0,0,0,0,0,42.7772102355957,4.45907723542416,0,0,0,0,50.666937828064,13.0524099138048,44.5824203491211,0,0,0,0,0,45.6195478439331,0,0,0,0,5.50375294685364,0,0,0,23.1870155334473,21.246181936825,34.5558376312256,9.73578900505196,0,6.70465291183413,0,0,0,0,0,0,0,0,0,64.5048503875732,0,0,13.9844145845559,27.2877527236938,3.05632418394089,0,2.74424123764038
0,4.48499391496796,0,0,0,0,0,0,46.5471415519714,4.64915842793205,0,0,0,0,0,3.90170523524284,39.134794652462,22.9769698100932,37.9210735378843,0,0,21.7214177548885,30.9456552863121,9.29657403835732,30.2259322484334,9.70996844768524,39.1710090637207,0,0,0,0,0,0,0,0,0,0,17.2459336280823,24.4481525421143,0,0,6.98842058479786,57.2243003845215,0,0,0,0,79.266040802002,0,22.1142597198486,0,0,0,0,45.6195478439331,0,0,0,0,0,0,5.34404230117798,0,0,22.8520978927612,31.5135713577271,8.57788335853235,28.7479335885299,11.5448359412116,0,0,0,0,0,0,0,0,0,113.755805969238,71.4507122039795,35.134174823761,62.8612937927246,16.2814389150667,24.7147343859953,3.67560522179855,0,0
3.03888707301196,0,3.27516442934672,0,0,0,3.0452401638031,0,0,56.48974609375,3.45237825627913,0,2.73766374588013,0,6.3176589012146,0,72.5647125244141,61.3151969909668,51.6358108520508,0,3.36008016923408,0,0,0,0,0,0,0,0,0,0,54.0300827026367,0,56.9157733917236,0,0,33.572816212972,0,3.27008932828903,0,0,36.9374675750732,17.6877409630215,0,0,0,18.5694690962969,37.1414567773992,9.98644904468371,45.9583320617676,0,0,3.09190148966653,0,0,0,0,0,3.09709934339131,0,5.09345302581787,0,0,5.41006916040068,0,0,0,0,0,0,0,0,0,5.28706332206726,0,0,0,24.8467726026263,0,46.146623134613,0,11.6669665483328,28.7627826035023,0,5.05584977791882,0,15.5116463647762
0,5.59923497835795,0,0,0,0,0,0,0,0,0,3.34344930461503,0,0,0,0,0,0,62.2963282267253,4.4495720120727,0,0,0,0,0,0,0,0,0,3.1435875501789,0,0,0,29.2696380615234,0,0,0,8.6447525355551,0,43.4550530751546,0,9.16733765131032,34.2577686309814,0,0,12.5116714691931,0,23.5053305374949,48.3486709594727,15.5978886237761,0,0,0,0,0,0,0,0,0,0,0,0,9.31346723124905,0,0,0,0,0,0,0,10.7819301605225,0,9.74188959928532,0,0,0,45.2335424423218,0,45.6566763705895,0,21.4626606906917,0,13.9292943137033,2.73599863052368,11.6308929973055,0,0
3.03933864169651,0,3.73246473073959,0,0,0,0,0,0,0,0,0,2.95984198830344,0,3.06425130367279,0,0,0,0,0,0,0,0,0,0,0,0,0,0,0,0,0,0,0,0,0,0,0,0,0,0,0,0,0,0,0,0,0,2.87844830751419,0,0,0,0,0,0,0,3.09709934339131,0,0,0,2.96748067693012,0,0,0,0,0,0,0,0,3.5160505771637,0,0,0,0,0,0,0,0,0,0,0,0,0,0,3.932701476415,0,0
0,0,0,0,0,0,0,0,0,0,0,2.81966635915968,0,2.80263665744237,0,2.83796235720317,0,0,0,0,0,0,0,0,0,0,0,0,0,0,0,0,0,0,0,0,0,0,0,0,0,0,0,0,0,0,0,0,0,0,0,0,0,0,0,0,0,0,0,0,0,2.74640440940857,0,0,0,0,0,0,0,0,3.2177384297053,0,0,0,0,0,0,0,0,0,0,0,0,0,0,0,0
3.21418721310414,0,0,0,0,0,0,0,5.09421629905701,0,0,0,0,0,3.14255309104919,0,11.2334598700205,32.9531097412109,13.1105736323765,0,0,0,22.4129378000895,0,13.1611099243164,0,4.0157835444466,0,0,0,0,0,0,0,0,0,0,0,0,0,0,0,0,0,0,0,0,0,3.72749352589839,0,0,0,0,0,5.50375294685364,0,5.09345302581787,0,2.96748067693012,0,0,0,0,0,0,0,0,0,0,3.35845192012891,0,0,0,0,0,0,0,0,0,0,0,0,10.109232266744,0,5.24917258030523,0,0
0,0,0,0,0,0,0,0,53.798511505127,6.32148868838946,0,0,0,0,0,5.25534597784281,44.7519984998201,15.3009604143658,59.1545146306356,0,0,22.7908147665171,33.0733592987061,10.7346911430359,41.4274894714355,11.2109003581499,0,0,0,0,0,0,0,0,0,0,0,0,0,0,0,0,64.757926940918,0,0,0,0,0,0,0,0,0,0,0,0,5.34404230117798,0,0,0,2.74640440940857,0,0,0,0,22.7628167470296,31.8040263652802,13.8035598754883,34.4146032333374,5.82703142740762,51.1080665588379,0,0,0,0,0,0,0,0,0,0,0,0,27.6862734910604,31.3952383041382,0,0,0
0,0,0,9.55069133970473,0,6.77894258499146,0,0,0,0,0,5.18740351311862,0,0,0,0,112.611824035645,79.7822717939104,62.4427385041208,4.62738741989489,0,0,0,0,0,0,0,0,0,12.5888346263341,0,39.8076933860779,49.4647560119629,42.141731262207,0,20.544371552068,55.3622970581055,24.5691862405385,0,19.9011844329368,47.9308891296387,27.6551806505989,90.2951126098633,0,0,7.22090417057721,44.0449885987399,41.0301139201593,35.6787122090658,34.8626639444457,0,0,0,0,0,0,0,9.31346723124905,0,0,0,0,0,0,0,0,0,0,0,0,0,0,20.5438858507421,0,40.5299441264226,0,43.8701485860146,0,19.7875806208069,71.9378074645996,27.2123213669964,0,37.6768841552734,0,15.6804518002653,39.8261909484863,0
0,0,0,0,0,0,0,0,0,52.4267768859863,4.49048931258065,0,0,0,0,0,54.0953712463379,54.2864570617676,41.6868588374211,0,3.18055247499588,0,59.539234161377,0,0,0,0,0,0,0,7.65172809362411,0,0,50.0659294128418,52.0720642089844,0,4.97925694404676,0,3.67849062700741,0,22.9491030375163,36.9806421774405,14.2947062590002,0,10.1242065429688,0,9.44854851461833,29.3397073392515,16.3326238281098,42.5264293786251,0,0,0,0,0,0,5.41006916040068,0,0,0,0,0,0,0,0,0,0,0,0,0,0,0,0,10.7072049482245,49.0997123718262,44.5847714742025,54.8563442230225,31.4253805796305,0,7.460891746521,63.7928552627563,12.2859295038529,11.0786477135074,0,10.0706100794776,0,11.6059911960864
0,0,0,0,0,0,0,0,48.8208465576172,24.0792030758328,0,0,0,0,0,23.1783011651808,26.0899307462904,10.3878420314481,41.6527235848563,0,0,5.04170672836066,11.2137549840487,6.06307432413101,52.4669151306152,12.9351758542268,0,3.18303452219282,0,0,0,0,0,0,0,0,0,7.80141493429535,3.1544783115387,0,0,0,0,0,0,0,0,0,0,9.17096748352051,0,0,0,0,23.1870155334473,22.8520978927612,0,0,0,0,0,22.7628167470296,0,0,0,0,3.99616180624917,0,12.6047863827811,31.7453155517578,2.8206374168396,0,0,0,0,0,0,0,0,0,8.00310885592841,32.965030670166,6.14854496283164,6.72984781998854,35.316780090332,0,0
0,0,0,0,0,0,0,0,19.9604644230434,29.6964333852132,0,0,0,0,21.7558872049505,31.2889653283197,17.7981257936726,27.7276444525946,32.5208618382045,0,0,12.8152279683522,4.69951597232681,23.5391551554203,7.59010579123165,30.5004103978475,6.39738401349222,0,0,0,0,0,84.4660701751709,0,61.6647453308105,83.5981826782227,0,0,5.44246161450004,0,0,56.7262475149972,49.6900956290109,0,0,0,0,52.8101056416829,15.4512165273939,72.4837036132812,0,0,0,0,21.246181936825,31.5135713577271,0,0,0,0,0,31.8040263652802,0,0,0,0,20.8034032674936,8.11946990480825,29.8188841078017,7.58716784069194,0,3.19499161243439,0,0,0,65.985276222229,0,0,0,76.4657796223958,76.6371650695801,6.15882044553454,8.61721591598348,5.50120906315404,51.5519905090332,0,0
0,2.99988318701922,0,0,0,0,0,0,34.31640625,9.70268612106641,0,0,0,0,0,13.8224087715149,34.0007049336153,18.6874537156976,29.8550742672336,0,0,7.21095147022622,24.2320252827236,4.24798774017283,23.8245444070725,10.8668170091583,44.5791034698486,0,0,0,0,0,0,0,0,0,0,5.33777341300791,0,0,0,28.4642072824331,36.9329724311829,0,0,0,0,31.1020450592041,59.7825965881348,6.51087558711017,0,0,0,0,34.5558376312256,8.57788335853235,0,0,0,0,0,13.8035598754883,0,0,3.99616180624917,20.8034032674936,0,23.3168290211604,8.74649930000305,62.1395568847656,4.9475154876709,0,0,0,0,0,0,0,0,71.6094360351562,5.87536013661599,38.0465660095215,12.794813685196,18.6771712303162,3.2374774492704,0,0
0,0,0,0,0,0,0,0,12.351920728915,28.1657653876713,0,0,0,0,16.9840955734253,29.6891134702242,22.5319256973267,33.7453796612589,31.8586926170017,0,0,18.3159329096476,8.74870781199137,22.1405663550655,4.35953079608189,32.514255176891,9.86166341277375,0,0,0,0,0,0,0,64.7690124511719,95.6085891723633,0,25.5298233032227,3.59699377332415,69.6965637207031,0,41.7850067832253,59.6184043884277,0,0,0,0,49.9822171529134,6.64667408943176,48.2466239929199,0,0,0,0,9.73578900505196,28.7479335885299,0,0,0,0,0,34.4146032333374,0,0,0,8.11946990480825,23.3168290211604,0,36.8086562156677,3.4970338155842,0,3.17633035778999,78.7808227539062,0,0,0,0,77.7316207885742,77.7036819458008,92.9189281463623,45.2714973449707,4.87235103821268,17.0278408412414,16.1444643525516,3.77862911517394,0,0
