0,0,0.185467762174601,0,0,0,0,0,0.153287340259969,0,0,0,0,0,0,0,0.355879873037338,0,0.375517541399369,0,0,0,0,0,0,0,0,0,0,0,0,0,0,0.434046179056168,0,0,0,0.416117131710052,0.375418871641159,0.275631487369537,0.416608502467473,0.294534116983414,0.294895344642402,0,0,0,0.40399711869239,0.395965173840523,0.164342758842189,0,0,0,0,0,0.157700834740167,0,0.308713067980374,0,0.150515748560429,0,0.152419089895049,0,0,0.377324249977019,0,0,0,0.234422215113514,0,0.22869624780572,0,0,0,0.388932257890701,0,0,0,0,0,0.426892302042626,0,0.438253369295236,0.34564728728599,0,0.215750169724081,0,0.338727222836536
0,0,0,0.125857513015851,0,0,0,0,0,0.18493904177744,0,0,0,0,0,0,0,0,0.337267065048218,0,0,0,0,0,0,0,0,0,0,0,0,0,0,0,0,0,0,0,0,0.305815568337074,0,0.228678973903508,0.281322201093038,0,0,0.243313608070215,0,0.321283334179928,0.372006043791771,0.134459050929984,0,0,0,0,0,0.174340971057879,0,0,0,0,0,0,0,0,0,0,0.272575638698835,0,0,0,0,0,0.237893506884575,0,0,0,0,0,0.320490783878735,0,0.366113483905792,0,0.231834596709201,0.217998929321766,0.208931001191828,0.260272886071886,0
0.185467762174601,0,0,0,0.146819044436727,0,0,0,0.168130289763212,0,0,0,0,0,0,0,0.233403533697128,0.247745759785175,0.240694509311156,0,0.288107266028722,0,0,0,0,0,0,0,0,0,0,0,0,0,0,0,0.155151173058483,0,0.375980973243713,0,0.23809942004143,0.207384049892426,0.270861703415737,0,0,0,0.267156441778433,0.371374949812889,0.207326358535907,0,0.163716144913781,0,0,0,0.164895607609498,0,0.247041419793983,0,0.16252332912372,0,0.163411508540849,0,0,0.250674418531931,0,0,0,0,0,0,0,0,0.28203010559082,0.286474992831548,0,0,0,0.305500596761703,0,0.30908017965515,0,0.309122174193985,0.24193211536959,0.254971921443939,0.210105595010159,0,0.276775623587045
0,0.125857513015851,0,0,0,0.161224184049801,0,0,0,0.166241071998754,0,0,0,0,0,0,0,0.237781219861724,0.252282296392051,0.201287534374457,0,0,0,0,0,0,0,0,0,0,0,0,0,0,0,0.213430311749963,0,0,0,0.227535995649315,0.244195088744164,0.291555126609071,0.244787822876658,0,0,0.250052859385808,0,0.290452887614568,0.269358336925507,0.211011734323782,0,0.222282335162163,0,0,0,0.171609559723803,0,0.236958280205727,0,0,0,0.207848651068551,0.311207499875817,0,0,0,0,0,0,0,0,0,0.301534974947572,0,0,0,0.266498565673828,0,0.22993431938322,0,0.254507042905864,0.268658757209778,0.250293108469187,0.267014541409232,0.244051892648345,0.288780205177538,0
0,0,0.146819044436727,0,0,0,0.143748713036378,0,0.138598415255547,0,0.140633946642129,0,0,0,0,0,0.215492889285088,0,0,0,0.156870981885327,0,0,0,0,0,0,0,0,0,0,0,0,0,0,0,0.162039823830128,0,0,0,0.218453992444735,0,0.229987578200442,0,0,0,0.231363672543974,0.229781731963158,0.239530030976642,0,0.200146261070456,0,0.163896864675211,0,0,0,0.146709816015902,0,0,0,0,0,0,0.272687458992004,0,0,0,0,0,0,0,0,0,0,0,0,0,0,0,0.214123979210854,0,0.237466283142567,0.154274232083499,0.162089712279184,0.168284227845095,0,0.215452149510384
0,0,0,0.161224184049801,0,0,0,0.211318739822933,0,0.231219049543142,0,0.159021705389023,0,0,0,0,0,0.231722787022591,0.233208162710071,0.209279472562875,0,0,0,0,0,0,0,0,0,0,0,0,0,0,0,0.207738663469042,0,0,0,0.227362679011786,0,0.259352513025572,0,0,0,0.247752645570371,0,0.230376785000165,0.242412815491358,0.241631053705165,0,0.160778433084488,0,0.210787689313293,0,0.261158406734467,0,0.299755434195201,0,0,0,0,0.28864640785917,0,0,0,0,0,0,0,0,0,0.30069004212107,0,0,0,0,0,0.227791386483996,0.218703389167786,0.262199084460735,0,0.210680240200412,0.182166120835713,0.236667953383999,0.260344466025179,0
0,0,0,0,0.143748713036378,0,0,0,0,0,0.153261025189137,0,0,0,0,0,0,0,0,0,0.169170107377667,0,0,0,0,0,0,0,0,0,0,0,0,0,0,0,0,0,0,0,0,0,0,0,0,0,0,0,0,0,0,0,0.130631676486021,0,0,0,0.143695508172879,0,0,0,0,0,0,0,0,0,0,0,0,0,0,0,0,0,0,0,0,0,0,0,0,0,0.146158379447811,0.137755750190644,0,0,0
0,0,0,0,0,0.211318739822933,0,0,0,0,0,0.207266123758422,0,0,0,0,0,0,0,0,0,0,0,0,0,0,0,0,0,0,0,0,0,0,0,0,0,0,0,0,0,0,0,0,0,0,0,0,0,0,0,0,0,0.215208979474532,0,0,0,0,0,0.125420795753598,0,0,0,0,0,0,0,0,0,0,0,0,0,0,0,0,0,0,0,0,0,0,0.167378359607288,0.126077011227608,0,0,0
0.153287340259969,0,0.168130289763212,0,0.138598415255547,0,0,0,0,0,0,0,0,0,0.175904641810216,0,0.212814682163298,0,0,0,0,0,0.232454508543015,0,0.197661621570587,0,0,0,0,0,0,0,0,0,0,0,0,0,0.214307069871575,0,0.356242969632149,0,0.167112970894033,0,0,0,0.386099990871217,0,0.18101909584724,0,0,0,0,0,0.221684870054941,0,0.302391548951467,0,0,0,0.174639171968072,0,0,0.347496082385381,0,0,0,0.252988491298222,0,0.23571709835011,0,0,0,0,0,0,0,0,0,0.352754376828671,0,0.232963757041623,0.178197075199607,0.155917124314742,0.183594644238455,0,0.18222933759292
0,0.18493904177744,0,0.166241071998754,0,0.231219049543142,0,0,0,0,0,0,0,0,0,0.177176523901207,0,0.2033848070313,0.213880594198902,0.195684105157852,0,0,0,0.185409437044192,0,0.189351658523083,0,0,0,0,0,0,0,0,0,0.226593554019928,0,0.177410134059541,0,0.229839565498488,0,0.260414751202847,0.268711993470788,0,0,0.198836025595665,0,0.294906191527843,0,0.253073842575153,0,0,0,0,0,0.175628958005559,0,0,0,0,0,0.187259355559945,0.214531262715658,0,0,0,0.214630945896109,0,0,0,0,0,0.291720454891523,0,0,0,0.246716372668743,0,0.225204283485607,0,0.217402433696897,0,0.187495681861186,0.169987726641793,0.217906929963433,0.214584248406546,0
0,0,0,0,0.140633946642129,0,0.153261025189137,0,0,0,0,0,0.149497499133085,0,0,0,0,0,0,0,0.187877684641604,0,0,0,0,0,0,0,0.12775185483283,0,0.164297802517047,0,0,0,0,0,0.154421672109635,0,0.160968213199702,0,0,0,0.290380865335464,0,0,0,0.30478244026502,0,0,0,0,0,0.132650463677504,0,0,0,0.196836183806166,0,0.148547456069978,0,0,0,0,0.277531057439352,0,0,0,0,0,0,0,0.13997972028395,0,0.205078413486481,0,0,0,0,0,0.154184317604743,0,0.159091234763167,0.158003652235493,0.149219784416317,0.321271459261576,0,0
0,0,0,0,0,0.159021705389023,0,0.207266123758422,0,0,0,0,0,0.196704715853784,0,0,0,0,0,0.160643384944814,0,0,0,0,0,0,0,0.197818566771115,0,0.14673489812067,0,0,0,0,0,0.166235829896973,0,0.1776096638632,0,0,0,0,0,0,0,0.397990898539623,0,0,0,0,0,0,0,0.217059475183487,0,0,0,0.187764303630151,0,0.17134434632633,0,0,0.177455059928398,0,0,0,0,0,0,0,0,0,0.174470536410809,0,0,0,0,0,0.16901196083662,0,0.171262646753054,0,0.158966648759903,0,0.381569610834122,0,0
0,0,0,0,0,0,0,0,0,0,0.149497499133085,0,0,0,0.114271426037566,0,0,0,0,0,0,0,0,0,0,0,0,0,0.150272258177952,0,0,0,0,0,0,0,0,0,0,0,0,0,0,0,0,0,0,0,0,0,0,0,0,0,0,0,0,0,0.152122963367081,0,0.144004914164543,0,0,0,0,0,0,0,0,0,0,0.150956563651562,0,0,0,0,0,0,0,0,0,0,0.158613623180509,0.163864505573593,0,0,0
0,0,0,0,0,0,0,0,0,0,0,0.196704715853784,0,0,0,0.169141463935375,0,0,0,0,0,0,0,0,0,0,0,0.182719462821561,0,0.195914894342422,0,0,0,0,0,0,0,0,0,0,0,0,0,0,0,0,0,0,0,0,0,0,0,0,0,0,0,0.198315204221469,0,0.202079286896869,0,0.164008745551109,0,0,0,0,0,0,0,0,0,0,0,0,0,0,0,0,0,0,0,0,0.206055856891908,0.180774993503217,0,0,0
0,0,0,0,0,0,0,0,0.175904641810216,0,0,0,0.114271426037566,0,0,0,0,0,0,0,0,0,0,0,0.24951183795929,0,0,0,0.105169242247939,0,0,0,0,0,0,0,0,0,0,0,0,0,0,0,0,0,0,0,0,0,0.143717780709267,0,0,0,0.196086140537481,0,0,0,0.148670173315115,0,0.143935782764333,0,0,0,0,0,0,0.238469943404198,0,0.188783437013626,0,0,0,0,0,0,0,0,0,0,0,0,0.150439875821273,0,0,0,0
0,0,0,0,0,0,0,0,0,0.177176523901207,0,0,0,0.169141463935375,0,0,0,0.160779495174958,0,0,0,0,0,0.187666911970485,0,0.160611467702048,0,0,0,0,0,0,0,0,0,0,0,0,0,0,0,0,0,0,0,0,0,0,0,0,0,0,0,0,0,0.16233457243147,0,0,0,0,0,0.158147911230723,0,0,0,0,0,0,0,0,0,0,0,0,0,0,0,0,0,0,0,0,0.169408138245898,0,0,0,0
0.355879873037338,0,0.233403533697128,0,0.215492889285088,0,0,0,0.212814682163298,0,0,0,0,0,0,0,0,0.182263425109607,0.248161978906406,0,0.366169571876526,0,0.207654230296612,0,0.180643807076345,0,0.214564622782949,0,0,0,0,0,0,0,0,0.231433808803558,0,0,0,0.260698459770558,0.255901176821102,0.234561070655156,0.228021330269012,0,0.238952420651913,0.241114022476333,0.28233774031202,0,0,0.231519592496065,0,0,0,0,0,0,0.2830105432868,0,0,0,0,0,0,0.297342269438686,0,0,0,0,0,0,0,0,0.265213444828987,0.3157174912366,0,0,0,0,0.268409789923359,0.277651229882017,0.288121666759253,0.310338742275169,0.251881428829716,0.116545940444416,0.266822958388661,0.231362274289131,0.244759281024788
0,0,0.247745759785175,0.237781219861724,0,0.231722787022591,0,0,0,0.2033848070313,0,0,0,0,0,0.160779495174958,0.182263425109607,0,0.247656228227976,0,0,0.270617898920892,0.233107052743435,0.262101590358463,0.171621419489384,0.19270622089345,0,0,0,0,0,0,0,0,0,0,0,0,0,0.269212294581833,0.256758252015481,0.241021350546329,0.225895608824335,0,0,0.258842951420582,0.269354659935524,0.22723503112793,0.216181144118309,0.241244541092233,0.250389128923416,0,0,0,0,0.248204365372658,0.254236832261086,0.245109602808952,0,0,0,0.14739154279232,0,0.285203735259446,0.269136802071617,0,0.278963278979063,0,0.176819682018652,0,0,0,0.292830934127172,0.258131742477417,0,0,0,0,0.280398032642941,0.283784340173006,0.30585661649704,0.29179693182761,0.192946375143868,0.14954521325524,0.270169507429518,0.263067257723638,0.221095576882362
0.375517541399369,0.337267065048218,0.240694509311156,0.252282296392051,0,0.233208162710071,0,0,0,0.213880594198902,0,0,0,0,0,0,0.248161978906406,0.247656228227976,0,0,0.319179654121399,0,0.181564837694168,0.154389892633145,0.234244138002396,0,0,0,0,0,0,0,0,0,0,0.221387394600444,0.21261727809906,0,0,0.289354851544374,0.243504452248735,0.236292236934254,0.202485336603657,0,0.186812542378902,0.298715490115238,0.293728644575602,0.216214452471052,0.228577025234699,0.238162451176819,0.221765168011189,0.236349642276764,0,0,0,0.235019211967786,0.291356363079765,0.312543856246131,0,0,0,0,0.303084100286166,0.300941600655037,0,0,0.193265661597252,0,0,0,0,0,0.344725054891213,0.324804189304511,0,0,0,0,0.33078834488436,0.279568928832332,0.392277776748834,0.304778822966803,0.224015239507277,0.234169634088637,0.297765543141324,0.26140811054243,0.209134481019444
0,0,0,0.201287534374457,0,0.209279472562875,0,0,0,0.195684105157852,0,0.160643384944814,0,0,0,0,0,0,0,0,0,0,0,0,0,0,0,0,0,0,0,0,0,0,0,0.150489030964503,0,0.161030090655114,0,0.208406288176775,0,0.238449746742845,0,0,0,0.191765753062148,0,0,0.241938963532448,0.230863243341446,0,0,0,0,0,0.199187643826008,0,0,0,0,0,0,0.155879932054978,0,0,0,0,0,0,0,0,0,0,0,0,0,0,0,0.158174728719916,0,0.15746344137079,0,0.159407868201196,0.1972746104002,0.197285129217541,0,0
0,0,0.288107266028722,0,0.156870981885327,0,0.169170107377667,0,0,0,0.187877684641604,0,0,0,0,0,0.366169571876526,0,0.319179654121399,0,0,0,0,0,0,0,0,0,0,0,0,0,0,0,0,0,0.165324100883957,0,0.184325000296304,0.259815633296967,0.192791455808808,0,0.258182706932227,0,0,0,0.293253307279788,0,0.220461560487747,0,0.199522962527616,0,0.125644345774496,0,0,0,0.235568591214285,0,0,0,0,0,0,0.220493990672056,0,0,0,0,0,0,0,0,0,0.351721312318529,0,0,0,0.259098708629608,0,0.160777661225709,0,0.207651503008904,0.158025800230077,0.139125436544418,0.220569800463767,0,0.412569165229797
0,0,0,0,0,0,0,0,0,0,0,0,0,0,0,0,0,0.270617898920892,0,0,0,0,0.124191811387569,0.218167388213,0,0.240931309279607,0,0.156867264846309,0,0,0,0,0,0,0,0,0,0.182125105725273,0.13196076720953,0,0,0,0,0,0,0,0,0,0,0.254550655682882,0,0,0,0,0,0,0,0,0,0,0,0,0,0,0.190963838230516,0.135277396966982,0.242812919773554,0,0.231453663657738,0,0.165200478122663,0,0,0,0,0,0,0,0,0,0.230674911233095,0.129067748785019,0.155331466660184,0.158711574700746,0,0,0
0,0,0,0,0,0,0,0,0.232454508543015,0,0,0,0,0,0,0,0.207654230296612,0.233107052743435,0.181564837694168,0,0,0.124191811387569,0,0,0.153458745751767,0,0.194978068981852,0,0.136352817570671,0,0,0,0,0,0,0,0,0.137262931831603,0.16124277357321,0,0,0,0,0,0,0,0,0,0.218859777229724,0,0,0,0,0,0,0,0,0,0,0,0,0,0,0,0.131530334252393,0.173201000315724,0,0.169268984067647,0,0.206561726105178,0,0.115299641722586,0,0,0,0,0,0,0,0,0.136541115120053,0.191000088366664,0.138657207605029,0.137058944080435,0.27037213742733,0,0
0,0,0,0,0,0,0,0,0,0.185409437044192,0,0,0,0,0,0.187666911970485,0,0.262101590358463,0.154389892633145,0,0,0.218167388213,0,0,0,0.247827977138648,0,0,0,0,0,0,0,0,0,0,0,0.187329866890714,0,0,0,0.252400532364845,0.288422405719757,0,0,0,0,0,0,0,0,0,0,0,0,0.207118037099741,0,0,0,0,0,0.189116239547729,0,0,0.189305009087548,0,0.201095564958622,0,0.249170815653917,0,0,0,0,0,0,0,0.230255809426308,0,0,0,0.214402345450301,0,0.197240478220236,0.193586469480866,0.178962033987045,0,0
0,0,0,0,0,0,0,0,0.197661621570587,0,0,0,0,0,0.24951183795929,0,0.180643807076345,0.171621419489384,0.234244138002396,0,0,0,0.153458745751767,0,0,0,0.186098786070943,0,0,0,0,0,0,0,0,0,0,0,0.218534455262125,0.197603583335876,0,0,0.159508153796196,0,0,0,0,0,0.334400256474813,0,0,0,0,0,0.213191813789308,0,0,0,0,0,0.201120540499687,0,0,0,0,0.189420075552298,0,0.192136425310159,0,0.194129229207669,0,0,0,0,0,0,0,0,0,0,0,0.205206371103114,0.187210712581873,0,0.24852311142205,0,0
0,0,0,0,0,0,0,0,0,0.189351658523083,0,0,0,0,0,0.160611467702048,0,0.19270622089345,0,0,0,0.240931309279607,0,0.247827977138648,0,0,0,0.180385527304477,0,0,0,0,0,0,0,0,0,0,0,0,0,0,0,0,0,0,0,0,0,0,0,0,0,0,0,0.174635216593742,0,0,0,0,0,0,0,0,0.276076747193223,0,0.241028941910842,0,0.192738462021969,0,0.185832642018795,0,0,0,0,0,0,0,0,0,0,0,0.235763938601712,0,0,0,0
0,0,0,0,0,0,0,0,0,0,0,0,0,0,0,0,0.214564622782949,0,0,0,0,0,0.194978068981852,0,0.186098786070943,0,0,0,0,0,0,0,0,0,0,0,0,0,0,0,0,0,0,0,0,0,0,0,0,0,0,0,0,0,0,0,0,0,0,0,0,0,0,0,0,0.202705606818199,0,0,0,0.171806175131784,0,0,0,0,0,0,0,0,0,0,0,0,0.221910363653811,0,0,0,0
0,0,0,0,0,0,0,0,0,0,0,0.197818566771115,0,0.182719462821561,0,0,0,0,0,0,0,0.156867264846309,0,0,0,0.180385527304477,0,0,0,0.168562432673782,0,0,0,0,0,0,0,0.174772674528261,0,0,0,0,0,0,0,0,0,0,0,0,0,0,0,0,0,0,0,0,0,0.160231843877297,0,0,0,0,0.155408265069127,0,0,0,0.216175426494017,0,0.151857521311401,0,0.193439965844154,0,0,0,0,0,0,0,0.14558233320713,0,0.179375837691099,0.189031273761405,0,0,0
0,0,0,0,0,0,0,0,0,0,0.12775185483283,0,0.150272258177952,0,0.105169242247939,0,0,0,0,0,0,0,0.136352817570671,0,0,0,0,0,0,0,0.147014119818231,0,0,0,0,0,0,0,0.16403927980679,0,0,0,0,0,0,0,0,0,0.216169152189704,0,0,0,0,0,0,0,0,0,0.151349787910779,0,0,0,0,0,0,0.138115731155816,0,0,0,0,0,0.14506577507653,0,0.152208570729602,0,0,0,0,0,0,0,0.184703293442726,0.141335874795914,0.15232596554599,0,0,0
0,0,0,0,0,0,0,0,0,0,0,0.14673489812067,0,0.195914894342422,0,0,0,0,0,0,0,0,0,0,0,0,0,0.168562432673782,0,0,0,0,0,0,0,0,0,0.163197442852238,0,0,0,0,0,0,0,0,0,0,0,0,0,0,0,0,0,0,0,0.157809188171309,0,0,0,0,0,0,0,0,0,0,0,0,0.164912660945864,0,0.199202716799837,0,0,0,0,0,0,0,0.161144273601613,0,0.157995831192009,0,0,0,0
0,0,0,0,0,0,0,0,0,0,0.164297802517047,0,0,0,0,0,0,0,0,0,0,0,0,0,0,0,0,0,0.147014119818231,0,0,0,0,0,0,0,0,0,0.162330881576054,0,0,0,0,0,0,0,0,0,0,0,0,0,0,0,0,0,0.178437200141143,0,0,0,0,0,0,0,0,0,0,0,0,0,0,0.163103037858864,0,0.175494837322656,0,0,0,0,0,0,0,0,0.137538253044596,0.144190463152799,0,0,0
0,0,0,0,0,0,0,0,0,0,0,0,0,0,0,0,0,0,0,0,0,0,0,0,0,0,0,0,0,0,0,0,0.186435536789875,0.245604078313618,0.140419786905541,0.131661787274338,0.119510459048407,0,0,0,0,0,0,0,0,0,0,0.406034326991679,0.460536534445626,0,0,0,0,0,0,0,0,0,0,0,0,0,0,0,0,0,0,0,0,0,0,0,0,0,0.234381067700981,0.168265356349072,0.301827184338537,0,0.282745808362961,0.133869033368925,0,0,0.222773515317642,0,0,0,0
0,0,0,0,0,0,0,0,0,0,0,0,0,0,0,0,0,0,0,0,0,0,0,0,0,0,0,0,0,0,0,0.186435536789875,0,0.169125170127986,0.208702794061257,0.143933200526356,0.116467509739446,0,0,0,0,0,0,0,0,0,0,0.417626597401169,0.502974421637399,0,0,0,0,0,0,0,0,0,0,0,0,0,0,0,0,0,0,0,0,0,0,0,0,0,0.33443979381286,0.285575220495639,0.307543617983659,0.28558723157958,0.155037730932236,0.135065684726013,0,0,0.118569790166896,0,0,0,0
0.434046179056168,0,0,0,0,0,0,0,0,0,0,0,0,0,0,0,0,0,0,0,0,0,0,0,0,0,0,0,0,0,0,0.245604078313618,0.169125170127986,0,0.186091990867975,0.140469727160469,0,0.184030352454436,0.150937499968629,0.404686763882637,0,0,0.408954404294491,0,0,0,0,0.490813746910838,0.424601992248823,0.418282709285325,0,0,0,0,0,0,0.40776738524437,0,0,0,0,0,0,0,0,0,0,0,0,0,0,0,0,0,0.220996924835925,0.150767430909409,0.266397725441929,0.198026048674288,0.256724700790185,0.452208086848259,0.281049002541436,0,0.319446886883876,0.159160999315126,0.396629143506289,0,0
0,0,0,0,0,0,0,0,0,0,0,0,0,0,0,0,0,0,0,0,0,0,0,0,0,0,0,0,0,0,0,0.140419786905541,0.208702794061257,0.186091990867975,0,0.157587151229382,0.167145064991453,0.171125471591949,0.194349019849811,0,0,0,0.472818285226822,0,0,0,0,0.282707923051061,0.414950178341663,0,0,0,0,0,0,0,0,0,0,0,0,0,0,0,0,0,0,0,0,0,0,0,0,0,0,0.260542404504806,0.248660546628547,0.217241918130376,0.160071551799774,0.175353159673476,0,0.177418226427441,0.177076568145578,0.18545039743185,0.391542389988899,0,0
0,0,0,0.213430311749963,0,0.207738663469042,0,0,0,0.226593554019928,0,0.166235829896973,0,0,0,0,0.231433808803558,0,0.221387394600444,0.150489030964503,0,0,0,0,0,0,0,0,0,0,0,0.131661787274338,0.143933200526356,0.140469727160469,0.157587151229382,0,0.160594672851619,0.13315870512547,0,0.182321322026352,0.174679135282834,0.230213701509047,0.204572677612305,0,0,0.174750758569367,0.214299112558365,0.200663936666296,0.256496374805768,0.210132382005349,0,0,0,0,0,0.28027006983757,0,0,0,0,0,0,0.161582626035465,0,0,0,0,0,0,0,0,0,0.21250057220459,0,0,0,0.1542248766307,0,0.161336561178742,0.167227516717771,0.164918617993649,0,0.130441959053459,0.168226956174924,0.210677290428571,0.242130279541016,0
0,0,0.155151173058483,0,0.162039823830128,0,0,0,0,0,0.154421672109635,0,0,0,0,0,0,0,0.21261727809906,0,0.165324100883957,0,0,0,0,0,0,0,0,0,0,0.119510459048407,0.116467509739446,0,0.167145064991453,0.160594672851619,0,0.144191930549485,0.146701608893005,0,0.179454295915242,0,0.243914288909812,0,0,0.21917536854744,0.164226552508525,0.169793513283801,0.204315787359099,0.219426825642586,0.170145779848099,0,0,0,0,0,0.155719277382429,0,0,0,0,0,0,0.200729082950251,0,0,0,0,0,0,0,0,0,0,0,0.133765463672933,0,0.179926585994269,0,0.175714464161435,0,0.151138475817304,0.141938352946383,0.144572761342969,0.185140948939463,0,0
0.416117131710052,0,0,0,0,0,0,0,0,0.177410134059541,0,0.1776096638632,0,0,0,0,0,0,0,0.161030090655114,0,0.182125105725273,0.137262931831603,0.187329866890714,0,0,0,0.174772674528261,0,0.163197442852238,0,0,0,0.184030352454436,0.171125471591949,0.13315870512547,0.144191930549485,0,0.164760817962572,0,0,0.261248925870115,0.410226685159347,0,0,0,0,0.651616766977294,0.412784749269485,0.269830318778633,0,0,0,0,0,0,0.383579850196838,0.16826382788412,0,0,0,0,0.152405945329409,0,0.175719276679814,0.131497418078092,0.324304564390332,0,0,0,0.162981196039024,0,0.159907346101184,0,0,0,0.222804237876022,0.173317313194275,0.163601769006204,0,0.227220470821616,0.152369992210785,0.2725027200265,0.201349469806467,0.359715190418528,0,0
0.375418871641159,0,0.375980973243713,0,0,0,0,0,0.214307069871575,0,0.160968213199702,0,0,0,0,0,0,0,0,0,0.184325000296304,0.13196076720953,0.16124277357321,0,0.218534455262125,0,0,0,0.16403927980679,0,0.162330881576054,0,0,0.150937499968629,0.194349019849811,0,0.146701608893005,0.164760817962572,0,0,0,0,0.228808762133121,0,0,0,0.34086512029171,0.257088889250125,0.300575719239577,0,0.303224712610245,0,0,0,0.28530969356115,0,0.16596337756061,0,0,0,0,0,0,0.293916464108845,0.118676573038101,0.169707163829447,0,0.304816287514609,0,0,0,0.193030551936891,0,0.18373709966739,0,0,0,0.231853369813766,0,0.175030900952332,0.160724297497008,0.204395251143337,0.163783811750937,0.182089736539711,0.314251594935302,0,0.35582372546196
0.275631487369537,0.305815568337074,0,0.227535995649315,0,0.227362679011786,0,0,0,0.229839565498488,0,0,0,0,0,0,0.260698459770558,0.269212294581833,0.289354851544374,0.208406288176775,0.259815633296967,0,0,0,0.197603583335876,0,0,0,0,0,0,0,0,0.404686763882637,0,0.182321322026352,0,0,0,0,0.244176760315895,0.26890364614757,0.238626068601241,0,0,0.207370502689338,0.272827000170946,0.288021795749664,0.24585434794426,0.213229080636546,0,0.248845510184765,0,0,0,0.230542927428528,0.249411065131426,0.285795915871859,0,0,0,0,0.193293193464017,0.284161531925201,0,0,0,0,0,0,0,0,0.288290880454911,0.258479684591293,0,0,0,0,0.241409481608663,0.287953389727551,0.285596437860226,0.309135373681784,0.277090223227302,0.268880924153509,0.263672394769131,0.305454813420572,0.219358260929584
0.416608502467473,0,0.23809942004143,0.244195088744164,0.218453992444735,0,0,0,0.356242969632149,0,0,0,0,0,0,0,0.255901176821102,0.256758252015481,0.243504452248735,0,0.192791455808808,0,0,0,0,0,0,0,0,0,0,0,0,0,0,0.174679135282834,0.179454295915242,0,0,0.244176760315895,0,0.242723193306189,0.244938517927405,0,0,0.208088666200638,0.220164684335487,0.264361485161565,0.241305947831636,0,0.226594360037283,0,0,0,0,0,0.260784409161824,0,0.223799020051956,0,0,0,0,0.21882508976924,0,0,0,0,0,0,0,0,0,0.27490721642971,0,0,0,0.407324373722076,0.273733697831631,0.187146183522172,0,0.235455727957665,0.249029206480095,0.249233062310917,0.221277091783392,0.238387152552605,0.216874898970127
0.294534116983414,0.228678973903508,0.207384049892426,0.291555126609071,0,0.259352513025572,0,0,0,0.260414751202847,0,0,0,0,0,0,0.234561070655156,0.241021350546329,0.236292236934254,0.238449746742845,0,0,0,0.252400532364845,0,0,0,0,0,0,0,0,0,0,0,0.230213701509047,0,0.261248925870115,0,0.26890364614757,0.242723193306189,0,0.220582498005595,0.37323060631752,0,0.242176232082694,0.248893300964408,0.347885844346724,0.445691913366318,0.258296276538001,0,0.253262599309285,0,0,0,0.277007356370236,0.257725680103669,0.313228858013948,0,0,0,0,0.300721036705805,0.27244718062381,0,0,0.309414088726044,0,0,0,0,0,0.297216424190929,0.253455296158791,0,0,0,0,0.276821696894951,0.237270793613092,0.308798927937122,0.263618917976107,0.250350461115616,0.257780086532047,0.286522154495655,0.275815248617838,0.205021608620882
0.294895344642402,0.281322201093038,0.270861703415737,0.244787822876658,0.229987578200442,0,0,0,0.167112970894033,0.268711993470788,0.290380865335464,0,0,0,0,0,0.228021330269012,0.225895608824335,0.202485336603657,0,0.258182706932227,0,0,0.288422405719757,0.159508153796196,0,0,0,0,0,0,0,0,0.408954404294491,0.472818285226822,0.204572677612305,0.243914288909812,0.410226685159347,0.228808762133121,0.238626068601241,0.244938517927405,0.220582498005595,0,0,0.213314566016197,0.243317839774218,0.265164681876502,0.4394621223525,0.343211039315943,0.251228691368807,0.235328328350316,0,0,0,0.240497756530257,0.25639271736145,0.321533578778089,0,0.302670010771507,0,0.283140241980553,0,0,0.288395362010345,0,0,0,0,0,0,0,0,0.262475371360779,0.32578797108036,0,0,0.418423233760728,0,0.252784936151034,0.239145196983326,0.358118664833807,0.290204788965074,0.26181357145737,0.249258311619583,0.26949992979616,0.207122434910975,0.256130003065817
0,0,0,0,0,0,0,0,0,0,0,0,0,0,0,0,0,0,0,0,0,0,0,0,0,0,0,0,0,0,0,0,0,0,0,0,0,0,0,0,0,0.37323060631752,0,0,0,0,0,0,0,0,0,0,0,0,0,0,0,0,0,0,0,0,0,0,0,0,0,0,0,0,0,0,0,0,0,0,0,0,0,0,0,0,0,0,0.33720201253891,0,0
0,0,0,0,0,0,0,0,0,0,0,0,0,0,0,0,0.238952420651913,0,0.186812542378902,0,0,0,0,0,0,0,0,0,0,0,0,0,0,0,0,0,0,0,0,0,0,0,0.213314566016197,0,0,0,0,0,0,0,0,0,0,0,0,0,0,0,0,0,0,0,0,0,0,0,0,0,0,0,0,0,0,0,0,0,0,0,0,0.184798896312714,0,0,0.285898094375928,0.292884066700935,0.272325122462852,0,0
0,0.243313608070215,0,0.250052859385808,0,0.247752645570371,0,0,0,0.198836025595665,0,0.397990898539623,0,0,0,0,0.241114022476333,0.258842951420582,0.298715490115238,0.191765753062148,0,0,0,0,0,0,0,0,0,0,0,0,0,0,0,0.174750758569367,0.21917536854744,0,0,0.207370502689338,0.208088666200638,0.242176232082694,0.243317839774218,0,0,0,0.275095492601395,0.251964464783669,0.218621417880058,0.225082920384621,0,0.289273858070374,0,0,0,0.18967684677669,0,0.359998296607624,0,0,0,0,0.217513919014028,0,0,0,0,0,0,0,0,0,0.2739809270828,0,0,0,0.299118399620056,0,0.20977421084179,0.252399604235377,0.256728781812024,0,0.253213181944903,0.265002403494924,0.209490639211361,0.294684052467346,0
0.40399711869239,0,0.267156441778433,0,0.231363672543974,0,0,0,0.386099990871217,0,0.30478244026502,0,0,0,0,0,0.28233774031202,0.269354659935524,0.293728644575602,0,0.293253307279788,0,0,0,0,0,0,0,0,0,0,0,0,0,0,0.214299112558365,0.164226552508525,0,0.34086512029171,0.272827000170946,0.220164684335487,0.248893300964408,0.265164681876502,0,0,0.275095492601395,0,0.22840419624533,0.235341105975357,0.238402562836806,0.200240881906615,0,0,0,0.191292509436607,0,0.276696093390561,0,0,0,0,0,0,0.25627036430727,0,0,0,0,0,0,0,0,0,0.323469666323879,0,0,0,0,0.295323541760445,0.295006442114865,0.30774087458849,0.362747400868243,0.327037737730317,0.269913991483358,0.285329667497502,0,0.25575977752746
0.395965173840523,0.321283334179928,0.371374949812889,0.290452887614568,0.229781731963158,0.230376785000165,0,0,0,0.294906191527843,0,0,0,0,0,0,0,0.22723503112793,0.216214452471052,0,0,0,0,0,0,0,0,0,0,0,0,0.406034326991679,0.417626597401169,0.490813746910838,0.282707923051061,0.200663936666296,0.169793513283801,0.651616766977294,0.257088889250125,0.288021795749664,0.264361485161565,0.347885844346724,0.4394621223525,0,0,0.251964464783669,0.22840419624533,0,0.467625922947682,0.344132214913497,0,0.310933977365494,0,0,0,0.24052768945694,0.411551942427953,0,0,0,0.364957451820374,0,0.194608822464943,0.242799147963524,0,0,0,0,0,0,0,0,0,0,0.440723106037407,0.468699692547198,0.410966272162405,0.33337979453369,0.210182677987403,0.404051594176265,0.46476050308586,0.189723630746206,0.47028115222361,0.290076111753782,0.596937239697238,0.413859605789185,0.422596879303455
0.164342758842189,0.372006043791771,0.207326358535907,0.269358336925507,0.239530030976642,0.242412815491358,0,0,0.18101909584724,0,0,0,0,0,0,0,0,0.216181144118309,0.228577025234699,0.241938963532448,0.220461560487747,0,0.218859777229724,0,0.334400256474813,0,0,0,0.216169152189704,0,0,0.460536534445626,0.502974421637399,0.424601992248823,0.414950178341663,0.256496374805768,0.204315787359099,0.412784749269485,0.300575719239577,0.24585434794426,0.241305947831636,0.445691913366318,0.343211039315943,0,0,0.218621417880058,0.235341105975357,0.467625922947682,0,0.352010473608971,0.238124889135361,0,0,0,0.152249285744296,0,0.259672795422375,0,0.129425510019064,0,0.142431677301969,0,0.20087169110775,0.235094992518425,0,0.249615937738784,0,0.303700010188091,0,0.277805911997954,0,0.210114969153305,0,0.189686707041021,0.444187142873464,0.448425532251165,0.428205027413175,0.415569880674052,0.242980465292931,0.301257364296015,0.414490252733231,0.247874908295606,0.462091718308771,0.288671751232708,0.275744376132012,0,0.288695506343286
0,0.134459050929984,0,0.211011734323782,0,0.241631053705165,0,0,0,0.253073842575153,0,0,0,0,0,0,0.231519592496065,0.241244541092233,0.238162451176819,0.230863243341446,0,0.254550655682882,0,0,0,0,0,0,0,0,0,0,0,0.418282709285325,0,0.210132382005349,0.219426825642586,0.269830318778633,0,0.213229080636546,0,0.258296276538001,0.251228691368807,0,0,0.225082920384621,0.238402562836806,0.344132214913497,0.352010473608971,0,0,0.242133966750569,0,0,0,0.156384177769707,0.251480877399445,0.268715182940165,0,0,0,0,0.225991651415825,0,0,0,0.357345297932625,0,0,0,0,0,0.2777600000302,0,0,0,0.410663711851922,0,0.186695240821016,0.224470444023609,0.218546502865278,0.306268006563187,0.287381091926895,0.283141860954983,0.251803561486575,0.263734947482165,0
0,0,0.163716144913781,0,0.200146261070456,0,0,0,0,0,0,0,0,0,0.143717780709267,0,0,0.250389128923416,0.221765168011189,0,0.199522962527616,0,0,0,0,0,0,0,0,0,0,0,0,0,0,0,0.170145779848099,0,0.303224712610245,0,0.226594360037283,0,0.235328328350316,0,0,0,0.200240881906615,0,0.238124889135361,0,0,0,0,0,0,0,0.197826160987218,0,0,0,0.146290615200996,0,0,0.19678308442235,0,0,0,0,0,0,0,0,0,0,0,0,0,0,0,0.221640874942144,0,0.294228360056877,0.192572111884753,0.214246034622192,0.201581803624803,0,0
0,0,0,0.222282335162163,0,0.160778433084488,0,0,0,0,0,0,0,0,0,0,0,0,0.236349642276764,0,0,0,0,0,0,0,0,0,0,0,0,0,0,0,0,0,0,0,0,0.248845510184765,0,0.253262599309285,0,0,0,0.289273858070374,0,0.310933977365494,0,0.242133966750569,0,0,0,0,0,0,0,0,0,0,0,0,0.333827033638954,0,0,0,0,0,0,0,0,0,0,0,0,0,0,0,0.214516152938207,0,0,0,0.232534591108561,0,0.243445479734377,0,0
0,0,0,0,0.163896864675211,0,0.130631676486021,0,0,0,0.132650463677504,0,0,0,0,0,0,0,0,0,0.125644345774496,0,0,0,0,0,0,0,0,0,0,0,0,0,0,0,0,0,0,0,0,0,0,0,0,0,0,0,0,0,0,0,0,0,0,0,0.133933879435062,0,0,0,0,0,0,0,0,0,0,0,0,0,0,0,0,0,0,0,0,0,0,0,0,0,0.141161004224649,0.123864051989383,0,0,0
0,0,0,0,0,0.210787689313293,0,0.215208979474532,0,0,0,0.217059475183487,0,0,0,0,0,0,0,0,0,0,0,0,0,0,0,0,0,0,0,0,0,0,0,0,0,0,0,0,0,0,0,0,0,0,0,0,0,0,0,0,0,0,0,0,0,0,0,0,0,0,0,0,0,0,0,0,0,0,0,0,0,0,0,0,0,0,0,0,0,0,0,0,0,0,0
0.157700834740167,0,0.164895607609498,0,0,0,0,0,0.221684870054941,0,0,0,0,0,0.196086140537481,0,0,0,0,0,0,0,0,0,0.213191813789308,0,0,0,0,0,0,0,0,0,0,0,0,0,0.28530969356115,0,0,0,0.240497756530257,0,0,0,0.191292509436607,0,0.152249285744296,0,0,0,0,0,0,0,0.202539213001728,0,0,0,0.19468164811867,0,0,0,0,0,0,0.286392227645431,0,0.241952755435338,0,0,0,0,0,0,0,0,0,0.235883459448814,0,0.295980320257299,0.200018031667261,0,0.23436159871475,0,0.294756021350622
0,0.174340971057879,0,0.171609559723803,0,0.261158406734467,0,0,0,0.175628958005559,0,0,0,0,0,0.16233457243147,0,0.248204365372658,0.235019211967786,0.199187643826008,0,0,0,0.207118037099741,0,0.174635216593742,0,0,0,0,0,0,0,0,0,0.28027006983757,0,0,0,0.230542927428528,0,0.277007356370236,0.25639271736145,0,0,0.18967684677669,0,0.24052768945694,0,0.156384177769707,0,0,0,0,0,0,0,0,0,0,0,0.169894330203533,0.194574575871229,0,0,0,0.280953605767376,0,0,0,0,0,0.294743871405011,0,0,0,0,0,0.22046689398405,0,0.246481780494962,0,0.204005343177252,0.251802921295166,0.249462492982417,0.256458981406121,0
0.308713067980374,0,0.247041419793983,0,0.146709816015902,0,0.143695508172879,0,0.302391548951467,0,0.196836183806166,0,0,0,0,0,0.2830105432868,0.254236832261086,0.291356363079765,0,0.235568591214285,0,0,0,0,0,0,0,0,0,0.178437200141143,0,0,0.40776738524437,0,0,0.155719277382429,0.383579850196838,0.16596337756061,0.249411065131426,0.260784409161824,0.257725680103669,0.321533578778089,0,0,0,0.276696093390561,0.411551942427953,0.259672795422375,0.251480877399445,0.197826160987218,0,0.133933879435062,0,0.202539213001728,0,0,0,0.164156847322981,0,0.165473528206348,0,0,0.264751550606025,0,0,0,0,0,0,0,0,0,0.263507555458109,0,0,0,0,0.303220649560293,0.283225000517849,0,0.278561524827691,0.206915997415897,0.203669885084743,0.2878397682661,0.268530398607254,0.332967473787178
0,0,0,0.236958280205727,0,0.299755434195201,0,0,0,0,0,0.187764303630151,0,0.198315204221469,0,0,0,0.245109602808952,0.312543856246131,0,0,0,0,0,0,0,0,0,0,0.157809188171309,0,0,0,0,0,0,0,0.16826382788412,0,0.285795915871859,0,0.313228858013948,0,0,0,0.359998296607624,0,0,0,0.268715182940165,0,0,0,0,0,0,0,0,0,0.175714731216431,0,0,0.36776599722604,0,0,0,0,0,0,0,0,0,0.212891670790586,0,0,0,0,0,0.273724216967821,0,0.164240393042564,0,0.168496741564013,0.321795597672462,0.310738678985429,0.334333539009094,0
0.150515748560429,0,0.16252332912372,0,0,0,0,0,0,0,0.148547456069978,0,0.152122963367081,0,0.148670173315115,0,0,0,0,0,0,0,0,0,0,0,0,0,0.151349787910779,0,0,0,0,0,0,0,0,0,0,0,0.223799020051956,0,0.302670010771507,0,0,0,0,0,0.129425510019064,0,0,0,0,0,0,0,0.164156847322981,0,0,0,0.172803670072403,0,0,0,0,0,0,0,0,0,0,0,0,0,0,0,0,0,0,0,0,0,0.155474449287761,0.14803825927755,0.202811094897765,0,0.322075922042131
0,0,0,0,0,0,0,0.125420795753598,0,0,0,0.17134434632633,0,0.202079286896869,0,0,0,0,0,0,0,0,0,0,0,0,0,0.160231843877297,0,0,0,0,0,0,0,0,0,0,0,0,0,0,0,0,0,0,0,0,0,0,0,0,0,0,0,0,0,0.175714731216431,0,0,0,0,0,0,0,0,0,0,0.166527479887009,0,0.144928840920329,0,0,0,0,0,0,0,0,0,0,0,0.242507096692806,0.184493748636185,0,0,0
0.152419089895049,0,0.163411508540849,0,0,0,0,0,0.174639171968072,0,0,0,0.144004914164543,0,0.143935782764333,0,0,0,0,0,0,0,0,0,0.201120540499687,0,0,0,0,0,0,0,0,0,0,0,0,0,0,0,0,0,0.283140241980553,0,0,0,0,0.364957451820374,0.142431677301969,0,0.146290615200996,0,0,0,0.19468164811867,0,0.165473528206348,0,0.172803670072403,0,0,0,0,0,0,0,0,0.203112495701704,0,0.210359064308373,0,0,0,0,0,0,0,0,0,0,0,0,0.238573968410492,0,0.186212694792597,0,0.2878051674366
0,0,0,0.207848651068551,0,0,0,0,0,0.187259355559945,0,0,0,0.164008745551109,0,0.158147911230723,0,0.14739154279232,0,0,0,0,0,0.189116239547729,0,0,0,0,0,0,0,0,0,0,0,0,0,0,0,0,0,0,0,0,0,0,0,0,0,0,0,0,0,0,0,0.169894330203533,0,0,0,0,0,0,0,0,0,0,0,0,0,0,0,0,0,0,0,0,0,0,0.229019910097122,0,0,0,0.180524938636356,0,0.225011363625526,0,0
0,0,0,0.311207499875817,0,0.28864640785917,0,0,0,0.214531262715658,0,0.177455059928398,0,0,0,0,0,0,0.303084100286166,0.155879932054978,0,0,0,0,0,0,0,0,0,0,0,0,0,0,0,0.161582626035465,0,0.152405945329409,0,0.193293193464017,0,0.300721036705805,0,0,0,0.217513919014028,0,0.194608822464943,0.20087169110775,0.225991651415825,0,0.333827033638954,0,0,0,0.194574575871229,0,0.36776599722604,0,0,0,0,0,0,0,0,0,0,0,0,0,0,0.32229295372963,0,0,0,0,0,0.181517649602502,0,0.212327038640254,0,0.162677538928701,0.185779094696045,0.259360760871697,0.312244737148285,0
0.377324249977019,0,0.250674418531931,0,0.272687458992004,0,0,0,0.347496082385381,0,0.277531057439352,0,0,0,0,0,0.297342269438686,0.285203735259446,0.300941600655037,0,0.220493990672056,0,0,0,0,0,0,0,0,0,0,0,0,0,0,0,0.200729082950251,0,0.293916464108845,0.284161531925201,0.21882508976924,0.27244718062381,0.288395362010345,0,0,0,0.25627036430727,0.242799147963524,0.235094992518425,0,0.19678308442235,0,0,0,0,0,0.264751550606025,0,0,0,0,0,0,0,0,0,0,0,0,0,0,0,0,0.360539517538276,0,0,0,0,0.295528690020243,0.225076737329096,0.346762605011463,0.366060833450144,0.313654789507884,0.276439478091144,0.273224716550625,0,0.312148039953576
0,0,0,0,0,0,0,0,0,0,0,0,0,0,0,0,0,0.269136802071617,0,0,0,0.190963838230516,0.131530334252393,0.189305009087548,0,0.276076747193223,0,0.155408265069127,0,0,0,0,0,0,0,0,0,0.175719276679814,0.118676573038101,0,0,0,0,0,0,0,0,0,0,0,0,0,0,0,0,0,0,0,0,0,0,0,0,0,0,0.14931076252833,0.262917496062614,0,0.239521856937144,0,0.214258253720351,0,0,0,0,0,0,0,0,0,0.232069625578206,0,0.174686054780275,0.165146619081497,0,0,0
0,0,0,0,0,0,0,0,0,0,0,0,0,0,0,0,0,0,0,0,0,0.135277396966982,0.173201000315724,0,0.189420075552298,0,0.202705606818199,0,0.138115731155816,0,0,0,0,0,0,0,0,0.131497418078092,0.169707163829447,0,0,0,0,0,0,0,0,0,0.249615937738784,0,0,0,0,0,0,0,0,0,0,0,0,0,0,0,0.14931076252833,0,0,0.181395049643343,0,0.202913632926625,0,0.258964262946307,0,0.245597347617149,0,0,0,0,0,0,0.151247099041939,0.24876108226231,0.151070853377872,0.143778961329233,0,0,0
0,0.272575638698835,0,0,0,0,0,0,0,0.214630945896109,0,0,0,0,0,0,0,0.278963278979063,0.193265661597252,0,0,0.242812919773554,0,0.201095564958622,0,0.241028941910842,0,0,0,0,0,0,0,0,0,0,0,0.324304564390332,0,0,0,0.309414088726044,0,0,0,0,0,0,0,0.357345297932625,0,0,0,0,0,0.280953605767376,0,0,0,0,0,0,0,0,0.262917496062614,0,0,0,0.246786145369212,0,0.279130794107914,0,0,0,0,0,0,0,0,0,0.307669751547478,0,0.237540294017111,0,0.25423510578172,0,0
0.234422215113514,0,0,0,0,0,0,0,0.252988491298222,0,0,0,0,0,0.238469943404198,0,0,0,0,0,0,0,0.169268984067647,0,0.192136425310159,0,0,0,0,0,0,0,0,0,0,0,0,0,0.304816287514609,0,0,0,0,0,0,0,0,0,0.303700010188091,0,0,0,0,0,0.286392227645431,0,0,0,0,0,0.203112495701704,0,0,0,0,0.181395049643343,0,0,0,0.229384479696422,0,0,0,0,0,0,0,0,0,0,0,0.3216435221831,0.152715077426504,0,0.338367031891341,0,0
0,0,0,0,0,0,0,0,0,0,0,0,0,0,0,0,0,0.176819682018652,0,0,0,0.231453663657738,0,0.249170815653917,0,0.192738462021969,0,0.216175426494017,0,0,0,0,0,0,0,0,0,0,0,0,0,0,0,0,0,0,0,0,0,0,0,0,0,0,0,0,0,0,0,0.166527479887009,0,0,0,0,0.239521856937144,0,0.246786145369212,0,0,0,0.188288954433036,0,0,0,0,0,0,0,0,0,0,0,0.191334244265568,0,0,0,0
0.22869624780572,0,0,0,0,0,0,0,0.23571709835011,0,0,0,0,0,0.188783437013626,0,0,0,0,0,0,0,0.206561726105178,0,0.194129229207669,0,0.171806175131784,0,0,0,0,0,0,0,0,0,0,0,0,0,0,0,0,0,0,0,0,0,0.277805911997954,0,0,0,0,0,0.241952755435338,0,0,0,0,0,0.210359064308373,0,0,0,0,0.202913632926625,0,0.229384479696422,0,0,0,0.179633809883792,0,0,0,0,0,0,0,0,0,0,0,0,0.202395886182785,0,0
0,0,0,0,0,0,0,0,0,0,0,0,0,0,0,0,0,0,0,0,0,0.165200478122663,0,0,0,0.185832642018795,0,0.151857521311401,0,0.164912660945864,0,0,0,0,0,0,0,0.162981196039024,0,0,0,0,0,0,0,0,0,0,0,0,0,0,0,0,0,0,0,0,0,0.144928840920329,0,0,0,0,0.214258253720351,0,0.279130794107914,0,0.188288954433036,0,0,0,0,0,0,0,0,0,0,0,0.191982866397926,0,0.173318761759079,0.180945498897776,0,0,0
0,0,0,0,0,0,0,0,0,0,0.13997972028395,0,0.150956563651562,0,0,0,0,0,0,0,0,0,0.115299641722586,0,0,0,0,0,0.14506577507653,0,0.163103037858864,0,0,0,0,0,0,0,0.193030551936891,0,0,0,0,0,0,0,0,0,0.210114969153305,0,0,0,0,0,0,0,0,0,0,0,0,0,0,0,0,0.258964262946307,0,0,0,0.179633809883792,0,0,0,0.231912972885858,0,0,0,0,0,0,0,0.234666904528263,0.161317341272598,0.147472745605877,0.269153952598572,0,0
0,0.237893506884575,0.28203010559082,0.301534974947572,0,0.30069004212107,0,0,0,0.291720454891523,0,0.174470536410809,0,0,0,0,0.265213444828987,0.292830934127172,0.344725054891213,0,0,0,0,0,0,0,0,0.193439965844154,0,0.199202716799837,0,0,0,0,0,0.21250057220459,0,0.159907346101184,0,0.288290880454911,0,0.297216424190929,0.262475371360779,0,0,0.2739809270828,0,0,0,0.2777600000302,0,0,0,0,0,0.294743871405011,0,0.212891670790586,0,0,0,0,0.32229295372963,0,0,0,0,0,0,0,0,0,0,0,0,0,0,0,0.329687427128515,0.301979944109917,0.172021088222178,0.298960834741592,0.206983874847249,0.330647133290768,0.366318313977562,0.33310795043196,0
0.388932257890701,0,0.286474992831548,0,0,0,0,0,0,0,0.205078413486481,0,0,0,0,0,0.3157174912366,0.258131742477417,0.324804189304511,0,0.351721312318529,0,0,0,0,0,0,0,0.152208570729602,0,0.175494837322656,0,0,0,0,0,0,0,0.18373709966739,0.258479684591293,0.27490721642971,0.253455296158791,0.32578797108036,0,0,0,0.323469666323879,0,0.189686707041021,0,0,0,0,0,0,0,0.263507555458109,0,0,0,0,0,0,0.360539517538276,0,0.245597347617149,0,0,0,0,0,0.231912972885858,0,0,0,0,0,0,0,0.308404936934962,0,0.25179531393417,0.206046795625179,0,0.254422036410045,0,0.367047446615556
0,0,0,0,0,0,0,0,0,0,0,0,0,0,0,0,0,0,0,0,0,0,0,0,0,0,0,0,0,0,0,0.234381067700981,0.33443979381286,0.220996924835925,0,0,0,0,0,0,0,0,0,0,0,0,0,0.440723106037407,0.444187142873464,0,0,0,0,0,0,0,0,0,0,0,0,0,0,0,0,0,0,0,0,0,0,0,0,0,0,0.486428774193751,0.272106616380566,0,0.191635245853599,0.468554869294167,0,0,0.323480708687975,0,0,0,0
0,0,0,0,0,0,0,0,0,0,0,0,0,0,0,0,0,0,0,0,0,0,0,0,0,0,0,0,0,0,0,0.168265356349072,0.285575220495639,0.150767430909409,0.260542404504806,0,0.133765463672933,0,0,0,0,0,0,0,0,0,0,0.468699692547198,0.448425532251165,0,0,0,0,0,0,0,0,0,0,0,0,0,0,0,0,0,0,0,0,0,0,0,0,0,0.486428774193751,0,0.447541323091303,0.31176239688685,0,0.194335502999214,0,0,0.120328614833178,0,0,0,0
0,0,0,0.266498565673828,0,0,0,0,0,0.246716372668743,0,0,0,0,0,0,0,0,0,0,0,0,0,0.230255809426308,0,0,0,0,0,0,0,0.301827184338537,0.307543617983659,0.266397725441929,0.248660546628547,0.1542248766307,0,0.222804237876022,0,0,0,0,0.418423233760728,0,0,0.299118399620056,0,0.410966272162405,0.428205027413175,0.410663711851922,0,0,0,0,0,0,0,0,0,0,0,0,0,0,0,0,0,0,0,0,0,0,0,0,0.272106616380566,0.447541323091303,0,0.343902340562073,0.254521339497668,0.456898807333066,0.283528703305023,0,0.304459486413769,0.201205872354053,0.389302164316177,0,0
0,0,0.305500596761703,0,0,0,0,0,0,0,0,0,0,0,0,0,0,0,0,0,0.259098708629608,0,0,0,0,0,0,0,0,0,0,0,0.28558723157958,0.198026048674288,0.217241918130376,0,0.179926585994269,0.173317313194275,0.231853369813766,0,0.407324373722076,0,0,0,0,0,0,0.33337979453369,0.415569880674052,0,0,0,0,0,0,0,0,0,0,0,0,0,0,0,0,0,0,0,0,0,0,0,0,0,0,0.31176239688685,0.343902340562073,0,0.416814565658569,0.176915642619133,0,0.219770494631483,0.174413132815027,0,0.373496890068054,0,0
