0,0,0.0122768998883069,0,0,0,0,0,0.0306017657729694,0,0,0,0,0,0,0,0.000101403308497609,6.67894135967113e-06,0.000954263151241297,0,0,0,0,0,0,0,0,0,0,0,0,0,0,0,0,0,0,0,0,0,0.000120688000446901,0,0.00327188217125704,0,0,0,0,0,0.0041479664026018,0,0,0,0,0,0.0201708631984274,0,0.000126803264038827,0,0,0,0.000795354971630281,0,0,0,0,0,0,0,0,0,0,0,0,0,0,0,0,0,0,4.83451489209973e-06,0,0,0.000180453269259642,2.3575212283638e-05,0.00141942492247308,0,0
0,0,0,0.0127038230278843,0,0.000164968771518724,0,0,0,0.0349119628576142,0,0,0,0,0,0,0,0,0.000159689234138283,0,0,0,0,0.000109437740398731,0,0,0,0,0,0,0,0,0,0,0,1.51882238207041e-05,0,0,0,0,0,0.025916072566539,0,0,0,0,0,0,0,0.0148263162683012,0,0,0,0,0,0.0786705636986081,0,8.42243734297367e-05,0,0,0,0.00605859272326655,2.9696958613064e-05,0,0,0,0,0,0.000526248450106585,0,9.6513396102053e-05,0,0.000117795998247121,0,0,0,0,0,0.000141479216503573,0,3.76108297363374e-05,0,0.000173878136264207,0,0.0151829149033542,0.0028852327373582,0
0.0122768998883069,0,0,0,0.0804887331099791,0,0,0,0.094318577760873,0,0,0,0,0,0,0,0,0,5.46690854205181e-05,0,0,0,0,0,0,0,0,0,0,0,0,0,0,0,0,0,1.38877626305262e-06,0,0,0,0.000175325205005737,0,0.00208066688240027,0,0,0,5.48358215365658e-05,0,0.00232518796628498,0,0.00840336723851679,0,0,0,0.0385270948309926,0,0.00343356334338202,0,0.000302295879192741,0,0.00611626257000029,0,0,0.000523820050120236,0,0,0,0,0,0,0,0,0,0,0,0,0,0,0,0.000114594464991683,0,8.64233940310064e-05,0.00120069930473767,0,0.0132708448747511,0,0.00294468918731034
0,0.0127038230278843,0,0,0,0.0604526925269607,0,0,0,0.0886746610307077,0,6.33829638683765e-05,0,0,0,0,0,1.79187155869779e-05,0.000114370242748696,0.00049125730733329,0,0,0,0,0,0,0,0,0,0,0,0,0,0,0,3.01629746441536e-05,0,0,0,0.00137119127331667,0.000100668103667264,0.000998389815358625,1.20673044301455e-05,0,0,0.000389499879874389,0,4.68061128679888e-05,9.906646578761e-05,0.0355990925777515,0,0.0636455125079988,0,0,0,0.184786663897516,0,0.00721995638439026,0,0.00226178077395385,0,0.0132978542458783,0.000463990783066971,0,0,0,0,0,0,0,0,0,0.0029179874953907,0,0,0,0,0,3.94911238748018e-05,3.6584324078271e-06,0.000157894389825841,0,0.00224729133257835,3.62242270113886e-05,0.0410902859929646,0.000374429003511239,0
0,0,0.0804887331099791,0,0,0,0,0,0.00481352518914653,0,0,0,0,0,0,0,0,0,0,0,0.00514523856294425,0,0,0,0,0,0,0,0,0,0,0,0,0,0,0,2.89011707082652e-06,0,0,0,0,0,0.000283334005456197,0,0,0,1.79991737031414e-05,0,0.000559523864407145,0,0.0270977689286531,0,0,0,0.00181506735717807,0,0.000725229971965332,0,0,0,0,0,0,0.000188261079931524,0,0,0,0,0,0,0,0,0,5.51974840940564e-05,0,0,0,0,0,1.17403393742094e-05,0,8.34665433211763e-06,0.000751631686946607,3.29813289578161e-06,0.0113904472333033,0,0.000372549993530178
0,0.000164968771518724,0,0.0604526925269607,0,0,0,0.00509366371925938,0,0.000690772693396322,0,0,0,0,0,0,0,0,2.24415221334159e-05,0.00606154007061636,0,0,0,0,0,0,0,0,0,0,0,0,0,0,0,0.000246184783456014,0,0,0,0.00026127557900437,0,0.000130084216757176,0,0,0,0.00164116245725227,0,0,0,0.00036766691332263,0,0.0178794912287469,0,0,0,0,0,0.000826456225917588,0,0,0,0.015754966207705,0.00222582336810146,0,0,0,0,0,0,0,0,0,0.000135632779983148,0,0,0,0,0,0.000128553694771325,0,6.92392032332562e-06,0,0.00242571714281489,0,0.00721018551125171,0,0
0,0,0,0,0,0,0,0,0,0,0.00944189711649737,0,0,0,0,0,0,0,0,0,0.00163379905656181,0,0,0,0,0,0,0,0,0,0,0,0,0,0,0,0,0,0,0,0,0,0,0,0,0,0,0,0,0,0,0,0.00104139084450544,0,0,0,0.000783798162397642,0,0,0,0,0,0,0,0,0,0,0,0,0,0,0,0,0,0,0,0,0,0,0,0,0,0.000334962283295003,0,0,0,0
0,0,0,0,0,0.00509366371925938,0,0,0,0,0,6.77231510053389e-05,0,0,0,0,0,0,0,0,0,0,0,0,0,0,0,0,0,0,0,0,0,0,0,0,0,0,0,0,0,0,0,0,0,0,0,0,0,0,0,0,0,0.0543543872360326,0,0,0,0.000226067634348467,0,0,0,0,0,0,0,0,0,0,0,0,0,0,0,0,0,0,0,0,0,0,0,0,0.000393084529423239,0,0,0,0
0.0306017657729694,0,0.094318577760873,0,0.00481352518914653,0,0,0,0,0,0,0,0,0,0.000269206756993021,0,0.00420432341238706,0.000741964479253438,0.000119233108823903,0,0,0,0,0,0.00294822960347196,0,0.00021583146833325,0,0,0,0,0,0,0,0,0,0,0,0.00218875803630855,0,0,0,0.000260484850706106,0,0,0,0,0,0.00111161428025479,0,0,0,0,0,0.135347350431714,0,4.0160861393022e-05,0,0,0,0.00117090001607716,0,0,0,0,0,0,0.00142384148940548,0,0.000238948632613756,0,0,0,0,0,0,0,0,0,0,0,0.000872232618237746,0.000762651436120729,0,0.00358188735273133,0,6.21281286541072e-05
0,0.0349119628576142,0,0.0886746610307077,0,0.000690772693396322,0,0,0,0,0,0,0,0,0,0.0134670607093297,0,0.0010159594997731,0,0,0,0,0,0.00352750470193042,0,0,0,0,0,0,0,0,0,0,0,0,0,0.000183158368602763,0,0,0,0.00795570164445535,0,0,0,0,0,0,0,0.00198190862376328,0,0,0,0,0,0.145596531051052,0,0,0,0,0,0.000413756623960572,0,0,0,0,0.0266512799818538,0,0,0,0,0,0,0,0,0,0,0,0,0,0.000135053535475249,0,0.00215322914571889,0,0.00143482701174243,0.00907761318840154,0
0,0,0,0,0,0,0.00944189711649737,0,0,0,0,0,0.00415716950606984,0,0,0,0,0,0,0,0.00650760009650907,0,0,0,0,0,0,0,0,0,0.0127031699719623,0,0,0,0,0,0,0,0.00862480608480987,0,0,0,0,0,0,0,1.37646709672543e-05,0,0,0,0,0,0.000547277045106459,0,0,0,0.0869289091347174,0,0,0,0,0,0,0.00959471805844317,0,0,0,0,0,0,0,0,0,0.00101154165872912,0,0,0,0,0,7.04123675652633e-06,0,0.00133119490995326,0.000612641864006185,0,8.00872599285388e-06,0,0
0,0,0,6.33829638683765e-05,0,0,0,6.77231510053389e-05,0,0,0,0,0,0.00335729137611149,0,0,0,0,0,0.032048855835215,0,0,0,0,0,0,0,8.6936527509376e-06,0,0.00118377795662408,0,0,0,0,0,0.00362216454974666,0,0.0108935483470203,0,0,0,0,0,0,0,0.000112912356719909,0,0,0,0,0,0.000323518397650613,0,6.85098496841716e-05,0,0,0,0.18802197447307,0,0.000299503677524626,0,0,0.00779668969872941,0,0,0,0,0,0,0,0,0,0.0162814420091464,0,0,0,0,0,0.000765300533053187,0,0.000427281479989103,0,0.00114173293928834,0,0.00054106926777722,0,0
0,0,0,0,0,0,0,0,0,0,0.00415716950606984,0,0,0,0,0,0,0,0,0,0,0,0,0,0,0,0,0,0,0,0,0,0,0,0,0,0,0,0,0,0,0,0,0,0,0,0,0,0,0,0,0,0,0,0,0,0.00199572692006252,0,0.0239916900800999,0,0,0,0,0,0,0,0,0,0,0,0,0,0,0,0,0,0,0,0,0,0,0,2.37030608332134e-05,0,0,0,0
0,0,0,0,0,0,0,0,0,0,0,0.00335729137611149,0,0,0,0.000137854201352457,0,0,0,0,0,0,0,0,0,0,0,0.0105674752385775,0,0.000270676704157069,0,0,0,0,0,0,0,0,0,0,0,0,0,0,0,0,0,0,0,0,0,0,0,0,0,0,0,0.00231271820893522,0,0.0309828629742568,0,0.00224987328539546,0,0,0,0,0,0,0.00455262516104803,0,0.000778803742985699,0,0.0011123613423023,0,0,0,0,0,0,0,0,0,0.000305888147672123,6.5142564861505e-05,0,0,0
0,0,0,0,0,0,0,0,0.000269206756993021,0,0,0,0,0,0,0,0.000366488701015475,0.000325295779564039,0.000316027847947278,0,0,0,0,0,0,0,0,0,0,0,0,0,0,0,0,0,0,0,0,0,0,0,0,0,0,0,0,0,0,0,0,0,0,0,0.0010648493480403,0,0,0,0.00154165005099881,0,0.0294458874303638,0,0,0,0,0,0,0,0,0,0,0,0,0,0,0,0,0,0,0,0,0,4.73081872179358e-05,0,0,0,0
0,0,0,0,0,0,0,0,0,0.0134670607093297,0,0,0,0.000137854201352457,0,0,0,0.000302841188714672,0,0,0,0,0,0,0,0.000102044818024019,0,0,0,0,0,0,0,0,0,0,0,0,0,0,0,0,0,0,0,0,0,0,0,0,0,0.00463037744016629,0,0,0,0.00175356209147793,0,0,0,0.000163880488992609,0,0.0234688320874666,0,0,0,0,0,0,0.000702988893710572,0,0,0,0,0,0,0,0,0,0,0,0,0,3.55749691178033e-05,0.000238127102958121,0,0,0
0.000101403308497609,0,0,0,0,0,0,0,0.00420432341238706,0,0,0,0,0,0.000366488701015475,0,0,0.12022824709784,0.0612574577987752,0,0,0,0.00406516604389973,0,0.00014978018475692,0,0.00622124731504179,0,5.15288344889939e-05,0,0,0,0,0,0,1.12692426065455e-05,2.60248554267501e-06,0,0,5.8725050821926e-05,0.00103234750511073,0.000600995822215825,0.000899100854151136,5.71629915731779e-05,5.13788670940185e-05,0.000192546364768553,0.000482095709559317,0,0,0,0,0,0,0,0,0,4.1051862143146e-05,4.53563422421289e-05,0,0,0.000520520147612344,0,0.000101601947520478,0.000244684331327259,0,5.0410563941511e-05,0,0,0,0.00109081302922615,0,0,4.54894478575074e-05,0,0,0,0,0,0.000769447818469151,0.000951140144504896,0.000200664526263858,4.05112195758015e-05,0.0440195232604899,0.0194489183261345,0.00190144213263507,0.000235075639822715,0.000610675807972299
6.67894135967113e-06,0,0,1.79187155869779e-05,0,0,0,0,0.000741964479253438,0.0010159594997731,0,0,0,0,0.000325295779564039,0.000302841188714672,0.12022824709784,0,0.0687143827810815,0,0,0.00211096205424964,9.05308197793214e-06,0.00238226129990847,0,0,0.000833402636712835,0,0,0,0,0,0,0,0,3.96202833173607e-05,8.50248707583594e-07,4.03049481708642e-06,0,0.000142254296900511,0.000536865361998074,0.000722733909961393,0.000175121359154989,4.31529845551151e-06,0,7.91980537921352e-05,9.43832990682933e-05,0,0,0,0,0,0,0,0,0,2.14296376360593e-05,0,0,0,0.000101385524536374,0,3.75219883563343e-05,1.40619165586334e-05,0.000201773433423084,0,0.000820397326282856,0,0,0.000199448209556085,0,0,0.000111056611928893,0,0,0,0,0,0.00109405919470833,0.000438509358108682,0.000372618996457671,4.53882489206503e-05,0.0409091995875497,0.0119607557552585,0.0010605846212353,0.000249717526711698,0.000322859150048107
0.000954263151241297,0.000159689234138283,5.46690854205181e-05,0.000114370242748696,0,2.24415221334159e-05,0,0,0.000119233108823903,0,0,0,0,0,0.000316027847947278,0,0.0612574577987752,0.0687143827810815,0,0,0,0,2.94820004959951e-06,0,0,0,0.000438474472056452,0,0,0,0,0,0,0,0,0.000459130904616842,0.000107953201956304,6.08764404820161e-05,0,0.00408957047990439,0.0245732800436023,0.0204847931716364,0.0117422708669703,0.00276333063637827,0.000576598510711044,0.00152931950833111,0.00597148778511939,0,4.58741827622624e-05,0.000203300958157293,0,0.000112867874478378,0,0,0,0,0.000514004246651291,0.000640260937357282,0,0,0,0,0.00306855911410481,0.00177257271364194,0,0,0,0,0,0.000144131500900944,0,0,0.00476613229526134,0,0,0,0,0,0.015008638287502,0.0111854637931563,0.00821279553236111,0.00136406927043826,0.0332933814819637,0.00213375783138366,0.0459929834348079,0.00871162359547884,0.00677530319727372
0,0,0,0.00049125730733329,0,0.00606154007061636,0,0,0,0,0,0.032048855835215,0,0,0,0,0,0,0,0,0,0,0,0,0,0,0,0,0,0,0,0,0,0,0,0.0238480309483601,0,0.00220112374011531,0,0,0,0,0,0,0,0.000844892960114923,0,0,0,0,0,0.00532895760158664,0,0,0,0,0,0.00248730543210183,0,0,0,0,0.0467276939161275,0,0,0,0,0,0,0,0,0,0.000186995829817106,0,0,0,0,0,0.00430274938456245,0,0.00020423418429437,0,0.00110196735832445,0,0.0022747968676267,7.72335821047319e-05,0
0,0,0,0,0.00514523856294425,0,0.00163379905656181,0,0,0,0.00650760009650907,0,0,0,0,0,0,0,0,0,0,0,0,0,0,0,0,0,0,0,0,0,0,0,0,0,0.00564436447644787,0,0.00648009546579551,0,0,0,1.31221998181106e-05,0,0,0,0.000652978861668016,0,0,0,0,0,0,0,0,0,0.00222629406798592,0,0,0,0,0,0,0.028021597077579,0,0,0,0,0,0,0,0,0,0,0,0,0,0,0,0.00681746289920177,0,9.93953346922805e-05,0.000722592442269989,0,0.00434455350994196,0,0
0,0,0,0,0,0,0,0,0,0,0,0,0,0,0,0,0,0.00211096205424964,0,0,0,0,0.00165442518931907,0.000918972997668063,0,0,0,0.00350596579233834,0,0,0,0,0,0,0,0,0,0.01030733413872,0.000239828745459338,0,0,0,0,0,0,0,0,0,0,0.00248803971750176,0,0,0,0,0,0,0,0,0,0,0,0,0,0,0.098900149056619,0.00132710994215781,0,0,8.93817554088641e-06,0,0.00233528323496081,0,0,0,0,0,0,0,0,0,0.00421349894491722,0,0.00201581057424777,0.00129253254395898,0,0,0
0,0,0,0,0,0,0,0,0,0,0,0,0,0,0,0,0.00406516604389973,9.05308197793214e-06,2.94820004959951e-06,0,0,0.00165442518931907,0,0,0.00135460008511696,0,2.56485132706423e-05,0,2.40869599753418e-05,0,0,0,0,0,0,1.49905079423668e-05,0,0,0.00461537591897323,0,0,0,0,0,0,0,0,0,0.00169536865266643,0,0,0,0,0,0,0,0,0,0,0,3.386710108709e-05,0,0,0,0.0001058291415737,0.07208968092363,0,0,0,4.42199661058567e-06,0,0,0,0,0,0,0,0,0,0,0,0.00130404604036407,0.00294295593696877,0.000464502268728111,2.35852716649319e-05,0,0
0,0.000109437740398731,0,0,0,0,0,0,0,0.00352750470193042,0,0,0,0,0,0,0,0.00238226129990847,0,0,0,0.000918972997668063,0,0,0,6.77496344728872e-05,0,0,0,0,0,0,0,0,0,0,0,0.00430378938242812,0,0,0,5.93322796606761e-05,0,0,0,0,0,0,0,0.000141931704272722,0,0,0,0,0,0.0556164602477283,0,0,0,0,0,0,0,0,0.00319854169020865,0,0.0661702772522126,0,0.000563979654725909,0,0,0,0,0,0,0,0,0,0,0,0.00358415441461589,0,0.000481101298232719,0,8.90131943478295e-06,0,0
0,0,0,0,0,0,0,0,0.00294822960347196,0,0,0,0,0,0,0,0.00014978018475692,0,0,0,0,0,0.00135460008511696,0,0,0,0.00820175107448368,0,0,0,0,0,0,0,0,0,0,0,0.000484820415905938,0,0,0,0,0,0,0,0,0,0.000158241985813954,0,0,0,0,0,0.0123446953500772,0,0,0,0,0,0,0,0,0,0,0.00400171766384657,0,0.0184652066363079,0,0.0258726256539364,0,0,0,0,0,0,0,0,0,0,0,0.00014590626225574,0.000175407879051067,0,0.000335801355427026,0,0
0,0,0,0,0,0,0,0,0,0,0,0,0,0,0,0.000102044818024019,0,0,0,0,0,0,0,6.77496344728872e-05,0,0,0,0.00297069157826944,0,0,0,0,0,0,0,0,0,0,0,0,0,0,0,0,0,0,0,0,0,0,0,0,0,0,0,3.75517378030221e-05,0,0,0,0,0,0,0,0,0.000538850063477978,0,0,0,0.0469633504227778,0,0.000248698801274341,0,0,0,0,0,0,0,0,0,0,0,3.42367843586544e-06,1.20680397230899e-05,0,0,0
0,0,0,0,0,0,0,0,0.00021583146833325,0,0,0,0,0,0,0,0.00622124731504179,0.000833402636712835,0.000438474472056452,0,0,0,2.56485132706423e-05,0,0.00820175107448368,0,0,0,0,0,0,0,0,0,0,0,0,0,0,0,7.68552039390755e-05,0,0,0,0,0,0,0,0,0,0,0,0,0,0.00248531246543771,0,0,0,0,0,0,0,0,2.1018929732829e-05,0,0,0,0.00597965274799108,0,0.0454677729207379,0,0,0,0,0,0,0,0,6.74730222113276e-06,0,0,0,0.000188221779405527,0.000114958082464916,8.00712379119255e-06,0,0.000383482610974803
0,0,0,0,0,0,0,0,0,0,0,8.6936527509376e-06,0,0.0105674752385775,0,0,0,0,0,0,0,0.00350596579233834,0,0,0,0.00297069157826944,0,0,0,0.00339947859800088,0,0,0,0,0,0,0,0.000676956020747861,0,0,0,0,0,0,0,0,0,0,0,0,0,0,0,0,0,0,0,0,0,0.00299706962017976,0,1.97360536968494e-05,0,0,0.000282658723880502,0,0,0,0.0063240485413282,0,0.0412559338000256,0,0.00584308388632223,0,0,0,0,0,0,0,0,0,2.5917156200574e-05,0,0,0,0
0,0,0,0,0,0,0,0,0,0,0,0,0,0,0,0,5.15288344889939e-05,0,0,0,0,0,2.40869599753418e-05,0,0,0,0,0,0,0,0.000170464227267075,0,0,0,0,0,0,0,0.000564603629862319,0,0,0,0,0,0,0,0,0,0,0,0,0,0,0,0,0,0,0,0,0,0,0,0,0,0,0.00059309695138722,0,0,0,0,0,0.0053749412034619,0,0,0,0,0,0,0,0,0,0,2.30611296910755e-05,0,0,0,0
0,0,0,0,0,0,0,0,0,0,0,0.00118377795662408,0,0.000270676704157069,0,0,0,0,0,0,0,0,0,0,0,0,0,0.00339947859800088,0,0,0,0,0,0,0,0,0,0.00207800596930486,0,0,0,0,0,0,0,0,0,0,0,0,0,0,0,0,0,0,0,0.00244109955783642,0,0,0,0,0,0,0,0,0,0,0,0,0,0,0.0674464050682294,0,0,0,0,0,0,0,4.91450939866606e-05,0,7.60438297466932e-05,0,0,0,0
0,0,0,0,0,0,0,0,0,0,0.0127031699719623,0,0,0,0,0,0,0,0,0,0,0,0,0,0,0,0,0,0.000170464227267075,0,0,0,0,0,0,0,0,0,0,0,0,0,0,0,0,0,0,0,0,0,0,0,0,0,0,0,0.0089984984423446,0,0,0,0,0,0,0,0,0,0,0,0,0,0,0.000225142823182978,0,0.0678907928931072,0,0,0,0,0,0,0,1.38080379135857e-05,0,0,0,0,0
0,0,0,0,0,0,0,0,0,0,0,0,0,0,0,0,0,0,0,0,0,0,0,0,0,0,0,0,0,0,0,0,0.00506520635679976,0.00566327817866155,0,0.00635999298282378,0,0,0,0,0,0,0,0,0,0,0,0.0154872725569084,0,0.000130433376517337,0,0,0,0,0,0,0,0,0,0,0,0,0,0,0,0,0,0,0,0,0,0,0,0,0.0452950873677433,0.000646011328448506,0.000754328007474496,0,0.00270506810314843,0,0,0,0.000340298510059022,0,0,0,0
0,0,0,0,0,0,0,0,0,0,0,0,0,0,0,0,0,0,0,0,0,0,0,0,0,0,0,0,0,0,0,0.00506520635679976,0,8.61068865777815e-05,0.0101404291236462,0,0.000658419488613501,0,0,0,0,0,0,0,0,0,0,0.0821383437872307,0,0.000518192638711406,0,0,0,0,0,0,0,0,0,0,0,0,0,0,0,0,0,0,0,0,0,0,0,0,0.00973520042021649,0.26172738081758,3.61498414144191e-05,0.00654464701029626,5.65742301711198e-05,0.000807662744532152,0,0,0.0015483569130866,0,0,0,0
0,0,0,0,0,0,0,0,0,0,0,0,0,0,0,0,0,0,0,0,0,0,0,0,0,0,0,0,0,0,0,0.00566327817866155,8.61068865777815e-05,0,0.0129345710052842,0.00226057534641616,0,0.00148371687349359,0,0,0,0,0,0,0,0,0,0.0567085126178303,0,0,0,0,0,0,0,0,0,0,0,0,0,0,0,0,0,0,0,0,0,0,0,0,0,0,0.0106180016552182,0,0.110116398314185,0,0.00158601372991625,0,0.00197906572767734,0,0.000557609150240653,0.000144117157820001,0,0,0
0,0,0,0,0,0,0,0,0,0,0,0,0,0,0,0,0,0,0,0,0,0,0,0,0,0,0,0,0,0,0,0,0.0101404291236462,0.0129345710052842,0,0,0.00350878655611836,3.93079199056956e-05,0.00155499858662375,0,0,4.39186860547337e-05,0,0,0,0,0,0.135041424291147,0.00157396670650045,0.000918954502399434,0,0,0,0,0,0,0,0,0,0,0,0,0,1.79143074502683e-05,0,0,0,0,0,0,0,0,0,0,0,0.00965275795514806,0.0273950261558738,0.0822202697255956,0,0.000570265281281452,0,0.00620984385201783,0.000857786802408802,0,0.000367520049677971,0,0
0,1.51882238207041e-05,0,3.01629746441536e-05,0,0.000246184783456014,0,0,0,0,0,0.00362216454974666,0,0,0,0,1.12692426065455e-05,3.96202833173607e-05,0.000459130904616842,0.0238480309483601,0,0,1.49905079423668e-05,0,0,0,0,0,0,0,0,0.00635999298282378,0,0.00226057534641616,0,0,0.00427745015645192,0.0101488377100741,0,2.44478388463954e-06,1.06927326131813e-05,0.000273417763358534,6.49514191680997e-06,0.00037790494511913,0,0.000838183931747677,0,0.00118467500329371,3.40964641920883e-05,2.61237710013078e-05,0,0.000115769608460853,0,0,0,0,0,0.000329934916769494,0,0,0,0,0.00777705813970541,6.36840485533424e-06,0,0,0,0,0,0,0,0,4.03554649549926e-05,0,0.00200807395463931,0,0.00153382187060168,0,0.0979447124853232,0.000854298881713709,0.0114230074515443,0,0.00991037956505769,0.000269113893897712,0.000869168382618565,0.000126735192287991,0
0,0,1.38877626305262e-06,0,2.89011707082652e-06,0,0,0,0,0,0,0,0,0,0,0,2.60248554267501e-06,8.50248707583594e-07,0.000107953201956304,0,0.00564436447644787,0,0,0,0,0,0,0,0,0,0,0,0.000658419488613501,0,0.00350878655611836,0.00427745015645192,0,9.98284980953677e-06,0.0135165299994145,0,1.42523035346496e-05,0,8.19162242564834e-05,0,0,0,0.000662327817711001,0.000395170441356133,2.81448287535503e-05,0,0,0,0,0,0,0,5.92068166962445e-05,2.44250902717595e-06,0,0,0,0,0,0.0039791864577279,0,0,0,0,0,0,0,0,0,0,0,0.00041586740053649,0,0.00149401033198708,0.00254521661537199,0.0747987546179115,9.87991340435721e-07,0.00428412322167388,0.00885354140154826,0.000221353564226697,0.000944287751116623,0,4.33055912422704e-06
0,0,0,0,0,0,0,0,0,0.000183158368602763,0,0.0108935483470203,0,0,0,0,0,4.03049481708642e-06,6.08764404820161e-05,0.00220112374011531,0,0.01030733413872,0,0.00430378938242812,0,0,0,0.000676956020747861,0,0.00207800596930486,0,0,0,0.00148371687349359,3.93079199056956e-05,0.0101488377100741,9.98284980953677e-06,0,0.000577330773387825,0,0,4.00394701058586e-06,0,0,0,0.001296993822496,0,0.000118845174719467,0,0.00212673954484948,0,0,0,0,0,0.000938894575037569,0,0.0041838369292952,0,0,0,0,0.0101674691153633,0,0.00323160569739413,0,0.00384166290729413,0,5.28457919834926e-06,0,0,0,0.000971212260036703,0,0,0,0.000269561389790945,0,0.00521146449880153,0,0.0786194684619735,0,0.00328589337582219,0.000215029509021419,0.00149064565254106,2.03239072648423e-06,0
0,0,0,0,0,0,0,0,0.00218875803630855,0,0.00862480608480987,0,0,0,0,0,0,0,0,0,0.00648009546579551,0.000239828745459338,0.00461537591897323,0,0.000484820415905938,0,0,0,0.000564603629862319,0,0,0,0,0,0.00155499858662375,0,0.0135165299994145,0.000577330773387825,0,0,0,0,0,0,0,0,1.31576328255001e-05,0.000111429745796396,0.00799267935322709,0,0,0,0,0,0.00145713855621498,0,0.00392090113225117,0,0,0,0,0,0,0.00406201563257264,0,0.00211569313754803,0,0.00244885797009576,0,0,0,0,0,0,0,0,0,0.000915486294086771,0,0.00683591767648196,0,0.0547749160802159,0.00465483609688337,0.000261229786536026,0.000760586146428558,0,0
0,0,0,0.00137119127331667,0,0.00026127557900437,0,0,0,0,0,0,0,0,0,0,5.8725050821926e-05,0.000142254296900511,0.00408957047990439,0,0,0,0,0,0,0,0,0,0,0,0,0,0,0,0,2.44478388463954e-06,0,0,0,0,0.000102321851567853,0.0187140203660363,2.57535045964886e-05,0.00273065272933133,0,0.000672257721540255,0,0,0,0.0121155212512861,0,0,0,0,0,0,0,0.00013845378439608,0,0,0,0,0.00158626266773798,0,0,0,0,0,0,0,0,0,0.000239325259561463,0,0,0,0,0,0.0025479252648188,1.38800902105127e-06,8.30293412799203e-05,0,0.000189247436921724,8.02025892732951e-06,0.0160906651354683,0.00871115503923438,0.000117479908578275
0.000120688000446901,0,0.000175325205005737,0.000100668103667264,0,0,0,0,0,0,0,0,0,0,0,0,0.00103234750511073,0.000536865361998074,0.0245732800436023,0,0,0,0,0,0,0,7.68552039390755e-05,0,0,0,0,0,0,0,0,1.06927326131813e-05,1.42523035346496e-05,0,0,0.000102321851567853,0,0.00039507518275385,0.0762760805438218,7.61331315855254e-05,0.00203697502774552,0.000122271983342245,0.0178981944873998,0,0.00156550134918011,2.61952160854971e-05,0,0,0,0,0,0,0.000962611611610593,6.13452655240803e-05,0,0,0,0,0.000271664053577686,0.0125933792587661,0,0,0,0,0,0,0,0,0.000105417876962893,0,0,0,0,0,0.000272510099790709,0.00476607841910967,0.000110618292323713,0.000257478333775103,0.00104802843407649,9.08675229839365e-05,0.0588288905965695,7.99883674143548e-05,0.0264069474433596
0,0.025916072566539,0,0.000998389815358625,0,0.000130084216757176,0,0,0,0.00795570164445535,0,0,0,0,0,0,0.000600995822215825,0.000722733909961393,0.0204847931716364,0,0,0,0,5.93322796606761e-05,0,0,0,0,0,0,0,0,0,0,4.39186860547337e-05,0.000273417763358534,0,4.00394701058586e-06,0,0.0187140203660363,0.00039507518275385,0,0.00240110816358994,0.000584008264056847,0,0.00491004657843857,0.000207219400195566,0.00234364071930431,0.000186750024148123,0.0372983908722583,0,2.10182806042325e-05,0,0,0,0,0,0.0169161249768284,0,0,0,0,0.00926331663529983,7.55102101211209e-05,0,0,0,0,0,0,0.000391160297968914,0,0.0213932252894881,0,0,0,0,0,0.0180651511776179,0.000226606205541522,0.00514528744995934,1.75406259282491e-05,0.00717764315319182,0.000121276526215137,0.0827781479354602,0.0991409371283358,0.000292737808763033
0.00327188217125704,0,0.00208066688240027,1.20673044301455e-05,0.000283334005456197,0,0,0,0.000260484850706106,0,0,0,0,0,0,0,0.000899100854151136,0.000175121359154989,0.0117422708669703,0,1.31221998181106e-05,0,0,0,0,0,0,0,0,0,0,0,0,0,0,6.49514191680997e-06,8.19162242564834e-05,0,0,2.57535045964886e-05,0.0762760805438218,0.00240110816358994,0,8.62218330946549e-06,0.000585048033850868,8.14172631890455e-05,0.00363493189515419,0.00584804513456218,0.0154682860915498,0.000124019593190333,0,0,0,0,0,0,0.0261521467487658,1.52677763918288e-05,0,0,0,0,0.000105303509134735,0.00526984479713746,0,0,0,0,0,0,0,0,3.38808878054018e-05,0.00331523748647746,0,0,0,0,0.00034088973081156,0.0146181948614491,6.39259644436816e-05,0.000536846803980139,0.00645822999907677,6.66841052172251e-05,0.126579414115295,9.7050466502731e-05,0.14522745654356
0,0,0,0,0,0,0,0,0,0,0,0,0,0,0,0,5.71629915731779e-05,4.31529845551151e-06,0.00276333063637827,0,0,0,0,0,0,0,0,0,0,0,0,0,0,0,0,0.00037790494511913,0,0,0,0.00273065272933133,7.61331315855254e-05,0.000584008264056847,8.62218330946549e-06,0,0,0.000793605805944431,0,0,0,0,0,0,0,0,0,0,0,0,0,0,0,0,0.00112817634211507,0,0,0,0,0,0,0,0,0,0.0003353590170076,0,0,0,0,0,0.00304559728886718,0,0.00221790996915408,0,0.000111596374127435,1.53960510692534e-06,0.0012424565004707,0,0.000887028399446843
0,0,0,0,0,0,0,0,0,0,0,0,0,0,0,0,5.13788670940185e-05,0,0.000576598510711044,0,0,0,0,0,0,0,0,0,0,0,0,0,0,0,0,0,0,0,0,0,0.00203697502774552,0,0.000585048033850868,0,0,0,0.000173638838477842,0,0,0,0,0,0,0,0,0,0,0,0,0,0,0,0,2.98285743408999e-05,0,0,0,0,0,0,0,0,0,0,0,0,0,0,0,0.000222808069318323,0,1.64671226608788e-05,1.30793571388069e-05,0,0.00117094522443046,0,0.000895899739181886
0,0,0,0.000389499879874389,0,0.00164116245725227,0,0,0,0,0,0.000112912356719909,0,0,0,0,0.000192546364768553,7.91980537921352e-05,0.00152931950833111,0.000844892960114923,0,0,0,0,0,0,0,0,0,0,0,0,0,0,0,0.000838183931747677,0,0.001296993822496,0,0.000672257721540255,0.000122271983342245,0.00491004657843857,8.14172631890455e-05,0.000793605805944431,0,0,1.74083575295871e-05,0,0.000128996071348864,0.00110126113032207,0,0.00119244643951519,0,0,0,0,0,0.00350523346561889,0,0,0,0,0.081277537782429,0,0,0,0,0,0,0,0,0,0.015673360959504,0,0,0,0,0,0.0112491215046481,7.63267348611688e-06,0.00749678810605557,0,0.000285155167976337,0,0.0230084951031479,6.97950441656625e-05,0
0,0,5.48358215365658e-05,0,1.79991737031414e-05,0,0,0,0,0,1.37646709672543e-05,0,0,0,0,0,0.000482095709559317,9.43832990682933e-05,0.00597148778511939,0,0.000652978861668016,0,0,0,0,0,0,0,0,0,0,0,0,0,0,0,0.000662327817711001,0,1.31576328255001e-05,0,0.0178981944873998,0.000207219400195566,0.00363493189515419,0,0.000173638838477842,1.74083575295871e-05,0,0,0.000453343672648751,0,2.29869950661105e-05,0,0,0,0,0,0.0030247162582807,0,0,0,0,0,7.40815488682015e-06,0.0104325164422624,0,0,0,0,0,0,0,0,1.2141886377409e-05,9.88145115376994e-06,0,0,0,0,5.87477105211819e-05,0.0146978954121026,7.28893302980945e-05,0.00581330891765578,0.0004420644304732,1.34322555643442e-05,0.0178837728646343,1.10573419073465e-05,0.000762417374560142
0,0,0,4.68061128679888e-05,0,0,0,0,0,0,0,0,0,0,0,0,0,0,0,0,0,0,0,0,0,0,0,0,0,0,0,0.0154872725569084,0.0821383437872307,0.0567085126178303,0.135041424291147,0.00118467500329371,0.000395170441356133,0.000118845174719467,0.000111429745796396,0,0,0.00234364071930431,0.00584804513456218,0,0,0,0,0,0.0821583942173756,0.134111152505485,0,0,0,0,0,0,0,2.35077079497882e-05,0,0,0,0,0.00012359209302007,0,0,0,0,0,0,0,0,0,1.2932056181554e-05,0,0.00787133701088948,0.0715916726391655,0.0285730698533868,0.0195508767453913,0.0212491013853185,0.00752911498146711,7.26066378906763e-05,0,0.0125625892959666,2.08947660392884e-05,0.0242340560766323,0,0.000102421435489468
0.0041479664026018,0,0.00232518796628498,9.906646578761e-05,0.000559523864407145,0,0,0,0.00111161428025479,0,0,0,0,0,0,0,0,0,4.58741827622624e-05,0,0,0,0.00169536865266643,0,0.000158241985813954,0,0,0,0,0,0,0,0,0,0.00157396670650045,3.40964641920883e-05,2.81448287535503e-05,0,0.00799267935322709,0,0.00156550134918011,0.000186750024148123,0.0154682860915498,0,0,0.000128996071348864,0.000453343672648751,0.0821583942173756,0,0.00747343062710619,0,0,0,0,0.000231955894103124,0,0.00222641766670398,0,0,0,0,0,0,0.00142081426542845,0,0.00920163453903329,0,0.00131765465800574,0,0,0,0,0,3.66718730039191e-05,0,0,0,0.000347747221863257,0.00021878215268401,0.000440360471842029,0,0.00766830384080104,0.00397104806177198,4.29134473009345e-06,0.0198723145503327,0,0.00131915284675994
0,0.0148263162683012,0,0.0355990925777515,0,0.00036766691332263,0,0,0,0.00198190862376328,0,0,0,0,0,0,0,0,0.000203300958157293,0,0,0.00248803971750176,0,0.000141931704272722,0,0,0,0,0,0,0,0.000130433376517337,0.000518192638711406,0,0.000918954502399434,2.61237710013078e-05,0,0.00212673954484948,0,0.0121155212512861,2.61952160854971e-05,0.0372983908722583,0.000124019593190333,0,0,0.00110126113032207,0,0.134111152505485,0.00747343062710619,0,0,0.000208193645410211,0,0,0,0.00678717313282443,0,0.000802799770675526,0,1.03359562798593e-05,0,0.00718767636397855,0.000528519745649832,0,0.0067163925237373,0,0.0097311450366861,0,0.00313998437462097,0,0.00163269502079457,0,0.00776868902067365,0,0.000287394071749141,0.00036443782727871,0.00133348640704504,0,0.0109675324559602,0,0.00180370748215527,0,0.00176027190220006,1.80753868527943e-05,0.0311149468162128,0.00813587903810635,0
0,0,0.00840336723851679,0,0.0270977689286531,0,0,0,0,0,0,0,0,0,0,0,0,0,0,0,0,0,0,0,0,0,0,0,0,0,0,0,0,0,0,0,0,0,0,0,0,0,0,0,0,0,2.29869950661105e-05,0,0,0,0,0,0,0,0,0,0.00279475160112148,0,0,0,0,0,0,0,0,0,0,0,0,0,0,0,0,0,0,0,0,0,0,0,0,0,0.000448749608629865,0,0.00877708603538982,0,0
0,0,0,0.0636455125079988,0,0.0178794912287469,0,0,0,0,0,0.000323518397650613,0,0,0,0.00463037744016629,0,0,0.000112867874478378,0.00532895760158664,0,0,0,0,0,0,0,0,0,0,0,0,0,0,0,0.000115769608460853,0,0,0,0,0,2.10182806042325e-05,0,0,0,0.00119244643951519,0,0,0,0.000208193645410211,0,0,0,0,0,0,0,0.0174665284317802,0,0.00342990001229425,0,0.0415172392719574,0.0218156382015149,0,0,0,0,0,0,0,0,0,0,0,0,0,0,0,0.000258786723171024,0,0,0,0.000116104725742387,0,0.00189261640260328,0,0
0,0,0,0,0,0,0.00104139084450544,0,0,0,0.000547277045106459,0,0,0,0,0,0,0,0,0,0,0,0,0,0,0,0,0,0,0,0,0,0,0,0,0,0,0,0,0,0,0,0,0,0,0,0,0,0,0,0,0,0,0,0,0,0,0,0,0,0,0,0,0,0,0,0,0,0,0,0,0,0,0,0,0,0,0,0,0,0,0,9.52999398199338e-06,0,0,0,0
0,0,0,0,0,0,0,0.0543543872360326,0,0,0,6.85098496841716e-05,0,0,0,0,0,0,0,0,0,0,0,0,0,0,0,0,0,0,0,0,0,0,0,0,0,0,0,0,0,0,0,0,0,0,0,0,0,0,0,0,0,0,0,0,0,0.0145617046968534,0,0,0,0,0,0,0,0,0,0,0,0,0,0,0,0,0,0,0,0,0,0,0,0,0.000461198320277131,0,0,0,0
0.0201708631984274,0,0.0385270948309926,0,0.00181506735717807,0,0,0,0.135347350431714,0,0,0,0,0,0.0010648493480403,0,0,0,0,0,0,0,0,0,0.0123446953500772,0,0.00248531246543771,0,0,0,0,0,0,0,0,0,0,0,0.00145713855621498,0,0,0,0,0,0,0,0,0,0.000231955894103124,0,0,0,0,0,0,0,0,0,5.58819865220878e-05,0,0.00597847874843406,0,0,0,0,0,0,0.15478813229775,0,0.0032343854252489,0,0,0,0,0,0,0,0,0,0,0,0.00381920269146239,1.52022555082867e-05,0,0.00262568824331874,0,0
0,0.0786705636986081,0,0.184786663897516,0,0,0,0,0,0.145596531051052,0,0,0,0,0,0.00175356209147793,0,0,0,0,0,0,0,0.0556164602477283,0,3.75517378030221e-05,0,0,0,0,0,0,0,0,0,0,0,0.000938894575037569,0,0,0,0,0,0,0,0,0,0,0,0.00678717313282443,0,0,0,0,0,0,0,0,0,0,0,0.0131919484998128,0,0,0,0,0.104874516654384,0,0,0,0,0,3.22960769247437e-05,0,0,0,0,0,0,1.40640153295568e-06,0.00233147972967014,0,2.44399677556607e-05,0,0.000148899610663117,0,0
0.000126803264038827,0,0.00343356334338202,0,0.000725229971965332,0,0.000783798162397642,0,4.0160861393022e-05,0,0.0869289091347174,0,0.00199572692006252,0,0,0,4.1051862143146e-05,2.14296376360593e-05,0.000514004246651291,0,0.00222629406798592,0,0,0,0,0,0,0,0,0,0.0089984984423446,0,0,0,0,0,5.92068166962445e-05,0,0.00392090113225117,0,0.000962611611610593,0,0.0261521467487658,0,0,0,0.0030247162582807,0,0.00222641766670398,0,0.00279475160112148,0,0,0,0,0,0,0,0.000283878327502142,0,0,0,0,0.0546009528395164,0,0,0,0,0,0,0,0.000759355698767226,0,0.00693095467048395,0,0,0,0,2.3571412260389e-05,0.000932147079231887,0,0.000238562890582731,0.000834426262389516,0,0.0293132699818198,0,0.0196720027556547
0,8.42243734297367e-05,0,0.00721995638439026,0,0.000826456225917588,0,0.000226067634348467,0,0,0,0.18802197447307,0,0.00231271820893522,0,0,4.53563422421289e-05,0,0.000640260937357282,0.00248730543210183,0,0,0,0,0,0,0,0,0,0.00244109955783642,0,0,0,0,0,0.000329934916769494,2.44250902717595e-06,0.0041838369292952,0,0.00013845378439608,6.13452655240803e-05,0.0169161249768284,1.52677763918288e-05,0,0,0.00350523346561889,0,2.35077079497882e-05,0,0.000802799770675526,0,0.0174665284317802,0,0.0145617046968534,0,0,0,0,0,0.00715423638486783,0,0.00019774155548564,0.0612978893001233,0,0,0,0,0,0.00107377795575278,0,0.0103408891538197,0,0.032938540613375,0,0,0,0,0,0.000194955236250964,2.54563942971603e-06,3.78700979351034e-05,0,0.000441998255972051,1.07669742094711e-06,0.0185691560882117,0.0131847537300997,0
0,0,0.000302295879192741,0,0,0,0,0,0,0,0,0,0.0239916900800999,0,0.00154165005099881,0,0,0,0,0,0,0,0,0,0,0,0,0,0,0,0,0,0,0,0,0,0,0,0,0,0,0,0,0,0,0,0,0,0,0,0,0,0,0,5.58819865220878e-05,0,0.000283878327502142,0,0,0,0.010766287742208,0,0,0,0,0,0,0,0,0,0,0,0,0,0,0,0,0,0,0,0,0,7.39071437033244e-05,0,5.41747991495605e-05,0,0
0,0,0,0.00226178077395385,0,0,0,0,0,0,0,0.000299503677524626,0,0.0309828629742568,0,0.000163880488992609,0,0,0,0,0,0,0,0,0,0,0,0.00299706962017976,0,0,0,0,0,0,0,0,0,0,0,0,0,0,0,0,0,0,0,0,0,1.03359562798593e-05,0,0.00342990001229425,0,0,0,0,0,0.00715423638486783,0,0,0,0.0113209633815325,0,0,0,0,0,0,0.0047688358944902,0,0.00387327338775217,0,0,0,0,0,0,0,0,0,0,0,4.80266873688525e-05,4.2655643908816e-05,7.0506663438304e-05,0,0
0.000795354971630281,0,0.00611626257000029,0,0,0,0,0,0.00117090001607716,0,0,0,0,0,0.0294458874303638,0,0.000520520147612344,0.000101385524536374,0,0,0,0,3.386710108709e-05,0,0,0,0,0,0,0,0,0,0,0,0,0,0,0,0,0,0,0,0,0,0,0,0,0,0,0,0,0,0,0,0.00597847874843406,0,0,0,0.010766287742208,0,0,0,0,0,0,0,0,0.00132150350032495,0,0.0126957769420128,0,0,0,0,0,0,0,0,0,9.98598403465292e-06,0,0,9.40162224115798e-05,0,0.000795221423957942,0,0
0,0.00605859272326655,0,0.0132978542458783,0,0.015754966207705,0,0,0,0.000413756623960572,0,0,0,0.00224987328539546,0,0.0234688320874666,0,0,0,0,0,0,0,0,0,0,0,1.97360536968494e-05,0,0,0,0,0,0,0,0,0,0,0,0,0,0,0,0,0,0,0,0,0,0.00718767636397855,0,0.0415172392719574,0,0,0,0.0131919484998128,0,0.00019774155548564,0,0.0113209633815325,0,0,0,0,0,0,0,0,0.0279025839880932,0,0.00034696934100472,0,0,0,0,0,0,0,0,0,0,0,0,0,0.000112472890759283,0,0
0,2.9696958613064e-05,0,0.000463990783066971,0,0.00222582336810146,0,0,0,0,0,0.00779668969872941,0,0,0,0,0.000101601947520478,3.75219883563343e-05,0.00306855911410481,0.0467276939161275,0,0,0,0,0,0,0,0,0,0,0,0,0,0,0,0.00777705813970541,0,0.0101674691153633,0,0.00158626266773798,0.000271664053577686,0.00926331663529983,0.000105303509134735,0.00112817634211507,0,0.081277537782429,7.40815488682015e-06,0.00012359209302007,0,0.000528519745649832,0,0.0218156382015149,0,0,0,0,0,0.0612978893001233,0,0,0,0,0,0.00012188035950512,0,0,0,0,0,0,1.9324491191991e-05,0,0.0295839809017879,0,0,0,0,0,0.0133813740344446,4.56785394307792e-05,0.00895463876250888,0,0.00326818462104066,6.42912559819817e-06,0.0378198663070602,0.000851388977570749,0.000253811219187328
0,0,0.000523820050120236,0,0.000188261079931524,0,0,0,0,0,0.00959471805844317,0,0,0,0,0,0.000244684331327259,1.40619165586334e-05,0.00177257271364194,0,0.028021597077579,0,0,0,0,0,2.1018929732829e-05,0,0,0,0,0,0,0,1.79143074502683e-05,6.36840485533424e-06,0.0039791864577279,0,0.00406201563257264,0,0.0125933792587661,7.55102101211209e-05,0.00526984479713746,0,2.98285743408999e-05,0,0.0104325164422624,0,0.00142081426542845,0,0,0,0,0,0,0,0.0546009528395164,0,0,0,0,0,0.00012188035950512,0,0,0,0,0,0,0,0,0,0,2.27288028307668e-05,0,0,0,0,3.54295104457385e-05,0.026461763942773,1.51104332688184e-05,0.00416238483715217,0.00056813974207743,1.03572876948257e-05,0.0266030116306718,0,0.00396023993252531
0,0,0,0,0,0,0,0,0,0,0,0,0,0,0,0,0,0.000201773433423084,0,0,0,0.098900149056619,0.0001058291415737,0.00319854169020865,0,0.000538850063477978,0,0.000282658723880502,0,0,0,0,0,0,0,0,0,0.00323160569739413,0,0,0,0,0,0,0,0,0,0,0,0.0067163925237373,0,0,0,0,0,0,0,0,0,0,0,0,0,0,0,0,0.000730456474262838,0,0.00230966184925589,0,0.00465360454509913,0,0,0,0,0,0,0,0,0,0.00162544780780076,0,0.000446532163272855,0,0,0,0
0,0,0,0,0,0,0,0,0,0,0,0,0,0,0,0,5.0410563941511e-05,0,0,0,0,0.00132710994215781,0.07208968092363,0,0.00400171766384657,0,0,0,0.00059309695138722,0,0,0,0,0,0,0,0,0,0.00211569313754803,0,0,0,0,0,0,0,0,0,0.00920163453903329,0,0,0,0,0,0,0,0,0,0,0,0,0,0,0,0,0,0,0.000353118558129441,0,0,0,0,0,0,0,0,0,0,0,0,0,0.00169295617979866,0.00131528283200866,3.33515564865896e-05,0,0,0
0,0,0,0,0,0,0,0,0,0.0266512799818538,0,0,0,0,0,0,0,0.000820397326282856,0,0,0,0,0,0.0661702772522126,0,0,0,0,0,0,0,0,0,0,0,0,0,0.00384166290729413,0,0,0,0,0,0,0,0,0,0,0,0.0097311450366861,0,0,0,0,0,0.104874516654384,0,0,0,0,0,0,0,0,0.000730456474262838,0,0,0,0.021318832616583,0,0,0,0,0,0,0,0,0,0,0,0.00793325780067529,0,0.000257094353627667,0,0.00219076053709497,0,0
0,0,0,0,0,0,0,0,0.00142384148940548,0,0,0,0,0,0,0,0,0,0,0,0,0,0,0,0.0184652066363079,0,0.00597965274799108,0,0,0,0,0,0,0,0,0,0,0,0.00244885797009576,0,0,0,0,0,0,0,0,0,0.00131765465800574,0,0,0,0,0,0.15478813229775,0,0,0,0,0,0.00132150350032495,0,0,0,0,0.000353118558129441,0,0,0,0.00142011952000291,0,0,0,0,0,0,0,0,0,0,0,0.00809647573741869,0.000171239361308164,0,0.00128287447888917,0,0
0,0.000526248450106585,0,0,0,0,0,0,0,0,0,0,0,0.00455262516104803,0,0.000702988893710572,0,0,0,0,0,8.93817554088641e-06,0,0.000563979654725909,0,0.0469633504227778,0,0.0063240485413282,0,0,0,0,0,0,0,0,0,5.28457919834926e-06,0,0,0,0,0,0,0,0,0,0,0,0.00313998437462097,0,0,0,0,0,0,0,0.00107377795575278,0,0.0047688358944902,0,0.0279025839880932,0,0,0.00230966184925589,0,0.021318832616583,0,0,0,0.0165543376146366,0,0,0,0,0,0,0,0,0,0,0,0,0,0,0,0
0,0,0,0,0,0,0,0,0.000238948632613756,0,0,0,0,0,0,0,0.00109081302922615,0.000199448209556085,0.000144131500900944,0,0,0,4.42199661058567e-06,0,0.0258726256539364,0,0.0454677729207379,0,0,0,0,0,0,0,0,0,0,0,0,0,0,0,0,0,0,0,0,0,0,0,0,0,0,0,0.0032343854252489,0,0,0,0,0,0.0126957769420128,0,0,0,0,0,0,0.00142011952000291,0,0,0,0,0,0,0,0,0,0,0,0,0,0,2.95093349000955e-05,0,0,0,0
0,9.6513396102053e-05,0,0,0,0,0,0,0,0,0,0,0,0.000778803742985699,0,0,0,0,0,0,0,0.00233528323496081,0,0,0,0.000248698801274341,0,0.0412559338000256,0,0,0,0,0,0,0,0,0,0,0,0,0,0.000391160297968914,0,0,0,0,0,0,0,0.00163269502079457,0,0,0,0,0,0,0,0.0103408891538197,0,0.00387327338775217,0,0.00034696934100472,1.9324491191991e-05,0,0.00465360454509913,0,0,0,0.0165543376146366,0,0,0,0.0115746432022278,0,0,0,0,0,0,0,0,0,2.13110255803205e-06,0,3.02681020798281e-05,0.000159233649095041,0
0,0,0,0,0,0,0,0,0,0,0,0,0,0,0,0,0,0,0,0,0,0,0,0,0,0,0,0,0.0053749412034619,0,0.000225142823182978,0,0,0,0,0,0,0,0,0,0,0,0,0,0,0,0,0,0,0,0,0,0,0,0,0,0.000759355698767226,0,0,0,0,0,0,0,0,0,0,0,0,0,0,0,0,0,0,0,0,0,0,0,0,0,0,0,4.48231526393277e-05,0,0
0,0.000117795998247121,0,0.0029179874953907,0,0.000135632779983148,0,0,0,0,0,0.0162814420091464,0,0.0011123613423023,0,0,4.54894478575074e-05,0.000111056611928893,0.00476613229526134,0.000186995829817106,0,0,0,0,0,0,0,0.00584308388632223,0,0.0674464050682294,0,0,0,0,0,4.03554649549926e-05,0,0.000971212260036703,0,0.000239325259561463,0.000105417876962893,0.0213932252894881,3.38808878054018e-05,0.0003353590170076,0,0.015673360959504,1.2141886377409e-05,1.2932056181554e-05,0,0.00776868902067365,0,0,0,0,0,3.22960769247437e-05,0,0.032938540613375,0,0,0,0,0.0295839809017879,0,0,0,0,0,0,0,0.0115746432022278,0,0,0,0,0,0,0,0.000573337242149583,1.994574597909e-05,0.000323363885236592,1.3968830911296e-05,0.000457085812513415,3.13662397221637e-05,0.0125869557244218,0.0442514574006034,2.7936135699241e-05
0,0,0,0,5.51974840940564e-05,0,0,0,0,0,0.00101154165872912,0,0,0,0,0,0,0,0,0,0,0,0,0,0,0,0,0,0,0,0.0678907928931072,0,0,0,0,0,0,0,0,0,0,0,0.00331523748647746,0,0,0,9.88145115376994e-06,0,3.66718730039191e-05,0,0,0,0,0,0,0,0.00693095467048395,0,0,0,0,0,0,2.27288028307668e-05,0,0,0,0,0,0,0,0,0,0,0,0,0,0,0,1.24933913893231e-06,0,0.000201532131867509,9.64038956184617e-06,0,0.0034865428718815,0,0.000707734900958448
0,0,0,0,0,0,0,0,0,0,0,0,0,0,0,0,0,0,0,0,0,0,0,0,0,0,0,0,0,0,0,0.0452950873677433,0.00973520042021649,0.0106180016552182,0,0.00200807395463931,0,0,0,0,0,0,0,0,0,0,0,0.00787133701088948,0,0.000287394071749141,0,0,0,0,0,0,0,0,0,0,0,0,0,0,0,0,0,0,0,0,0,0,0,0,0,0,0.00935807710214241,0,0.00144398850401595,0,0,0,2.62217831986167e-05,0,0,0,0
0,0,0,0,0,0,0,0,0,0,0,0,0,0,0,0,0,0,0,0,0,0,0,0,0,0,0,0,0,0,0,0.000646011328448506,0.26172738081758,0,0.00965275795514806,0,0.00041586740053649,0,0,0,0,0,0,0,0,0,0,0.0715916726391655,0,0.00036443782727871,0,0,0,0,0,0,0,0,0,0,0,0,0,0,0,0,0,0,0,0,0,0,0,0,0,0,0,0.0348766245301627,0,0.000658853008085339,0,0,0.00119551859680058,0,0,0,0
0,0,0,0,0,0,0,0,0,0,0,0,0,0,0,0,0,0,0,0,0,0,0,0,0,0,0,0,0,0,0,0.000754328007474496,3.61498414144191e-05,0.110116398314185,0.0273950261558738,0.00153382187060168,0,0.000269561389790945,0,0,0,0,0,0,0,0,0,0.0285730698533868,0,0.00133348640704504,0,0,0,0,0,0,0,0,0,0,0,0,0,0,0,0,0,0,0,0,0,0,0,0,0.00935807710214241,0,0,0,0.00042878248560409,0,0.00407985963441153,0,0.000997440885820514,0.000104353047880151,0,0,0
0,0,0,0,0,0,0,0,0,0,0,0,0,0,0,0,0,0,0,0,0,0,0,0,0,0,0,0,0,0,0,0,0.00654464701029626,0,0.0822202697255956,0,0.00149401033198708,0,0.000915486294086771,0,0,0,0,0,0,0,0,0.0195508767453913,0.000347747221863257,0,0,0,0,0,0,0,0,0,0,0,0,0,0,0,0,0,0,0,0,0,0,0,0,0,0,0.0348766245301627,0,0,0,0.000397939943883763,0,0.00163540750380232,0.000206095505172459,0,4.319837540961e-05,0,0
