0,0,0,0,103.677429102361,0,0,0,433.992270365357,0,0,0,7.67160286009312,0,95.643658131361,0,0.124394923448563,0,38.4259552955627,0,0,0,0,0,0,0,0,0,1.27193818986416,0,0,0,0,0,0,0,0,0,0,0,0,0,17.9480298757553,0,0,0,0,0,3,0,15.7901629656553,0,0,0,229.209731981158,0,18.6237318515778,0,3.51188004016876,0,476.863001853228,0,0,0,0,0,0,0,0,0,0,0.235732838511467,0,0,0,0,0,0,0,0,0,0,144.365104041994,417.162003777921,219.527287423611,0,0
0,0,0,0,0,17.502184599638,0,0,0,339.798897951841,0,0,0,4.80681717395782,0,50.2614807486534,0,0,0,0,0,0,0,0,0,0,0,0,0,0,0,0,0,0,0,0,0,0,0,0,0,68.9835401177406,0,0,0,0,0,0,0,125.809857979417,0,0,0,0,0,64.522922500968,0,33.3249731063843,0,77.9685295820236,0,356.332245528698,0,0,0,0,0,0,0,0,0,0,0,0,0,0,0,0,0,0,0,0,335.592098191381,265.891522243619,106.589441537857,85.3083871006966,0
0,0,0,0,23.7527867406607,0,0,0,12.1494249850512,0,0,0,0,0,0,0,0,0,0,0,0,0,0,0,0,0,0,0,0,0,0,0,0,0,0,0,0,0,0,0,0,0,0,0,0,0,0,0,0,0,18.0728833973408,0,0,0,12.587623283267,0,0,0,0,0,0,0,0,0,0,0,0,0,0,0,0,0,0,0,0,0,0,0,0,0,0,0,9.09866969287395,170.571591340005,35.9616801440716,0,0
0,0,0,0,0,1.89519357681274,0,0,0,64.1455321609974,0,0,0,0,0,0,0,0,0,0,0,0,0,0,0,0,0,0,0,0,0,0,0,0,0,0,0,0,0,0,0,0,0,0,0,0,0,0,0,0,0,0,0,0,0,67.8070217967033,0,0,0,0,0,0,0,0,0,0,0,0,0,0,0,0,0,0,0,0,0,0,0,0,0,0,13.6663050353527,0.884296178817749,0,0,0
103.677429102361,0,23.7527867406607,0,0,0,0,0,138.375316739082,0,0,0,0.682724177837372,0,20.6784736216068,0,4.72248380631208,0,10.0768665149808,0,0,0,0,0,0,0,0.306698143482208,0,0.143926396965981,0,0,0,0,0,0,0,0,0,0.297648355364799,0,0,0,2.16248780488968,0,0,0,0,0,0,0,1288.24076673388,0,0,0,87.3257436603308,0,7.85576057434082,0,238.683476924896,0,344.435804381967,0,0,0,0,0,0,0,0,0,0,0.158507451415062,0,0,0,0,0,0,0,0,0,0,691.558138430119,155.907101459801,2.45961944758892,0,0.332336246967316
0,17.502184599638,0,1.89519357681274,0,0,0,0,0,14.3075006604195,0,0,0,0,0,0,0,2.45272186398506,0,0,0,0,0,0,0,0,0,0,0,0,0,0,0,0,0,0,0,0,0,0,0,0,0,0,0,0,0,0,0,0,0,721.436853572726,0,0,0,2.96889370679855,0,0,0,41.3143962025642,0,0,0,0,0,0,0,0,0,0,0,0,0,0,0,0,0,0,0,0,0,0,1967.04265212268,1334.03463547677,0.184574067592621,0,0
0,0,0,0,0,0,0,0,0,0,0,0,0,0,0,0,0,0,0,0,0,0,0,0,0,0,0,0,0,0,0,0,0,0,0,0,0,0,0,0,0,0,0,0,0,0,0,0,0,0,5.78530311584473,0,0,0,0,0,0,0,0,0,0,0,0,0,0,0,0,0,0,0,0,0,0,0,0,0,0,0,0,0,0,0,75.360862493515,129.062961101532,0,0,0
0,0,0,0,0,0,0,0,0,0,0,79.6601566076279,0,0,0,0,0,0,0,7.82555529475212,0,0,0,0,0,0,0,0,0,0,0,0,0,0,0,0,0,0,0,0,0,0,0,0,0,0,0,0,0,0,0,0,0,1.85262337327003,0,0,0,179.290456980467,0,0,0,0,0,0,0,0,0,0,0,0,0,0,0,0,0,0,0,0,0,0,0,0,11.4015851020813,0,0,0,0
433.992270365357,0,12.1494249850512,0,138.375316739082,0,0,0,0,0,0,0,31.374142870307,0,120.875509180129,0,649.556227825582,0,529.860752351582,0,0,0,0,0,13.6000379472971,0,58.993166744709,0,56.0103471726179,0,0,0,0,0,0,0,0,0,19.36103323102,0,0,0,173.331952139735,0,0,0,0,0,0,0,3.87323135137558,0,0,0,553.183605574071,0,0.830861330032349,0,65.6613026857376,0,687.211414352059,0,0,0,0,0,0,17.9140067100525,0,73.8853747695684,0,16.246257327497,0,0,0,0,0,0,0,0,0,0,2354.81825181842,1801.01424180716,113.915067717433,0,21.7327357530594
0,339.798897951841,0,64.1455321609974,0,14.3075006604195,0,0,0,0,0,0,0,0.595510900020599,0,65.5940878093243,0,270.9443718642,259.953278034925,0,0,0,0,58.7054527997971,0,0,0,0,0,0,0,0,0,0,0,0,0,0,0,0,0,3.1802818775177,0,0,0,0,0,0,0,14.1616960167885,0,0,0,0,0,195.702433928847,0,0,0,5.53921666741371,0,326.063315145671,0,0,0,0,14.6637077629566,0,0,0,0,0,0,0,0,0,0,0,0,0,0,0,1682.06398458779,632.608953207731,56.7373463362455,0,0
0,0,0,0,0,0,0,0,0,0,0,0,660.420789480209,0,0,0,0,0,0,0,0,0,0,0,0,0,0,0,0,0,0,0,0,0,0,0,0,0,352.727478921413,0,0,0,0,0,0,0,0,0,0,0,0,0,0,0,0,0,382.005200743675,0,0,0,0,0,0,0,0,0,0,0,0,0,0,0,0,0,0,0,0,0,0,0,0,82.8309671580791,163.79122877121,4.68023347854614,0,0,0
0,0,0,0,0,0,0,79.6601566076279,0,0,0,0,0,111.795854657888,0,0,0,0,0,0,0,0,0,0,0,0,0,6.80264139175415,0,0,0,0,0,0,0,52.1140562295914,0,0,0,0,0,0,0,0,0,0,0,0,0,0,0,0,0,2.50601598620415,0,0,0,271.709143429995,0,48.285361289978,0,0,0,0,0,0,0,0,0,0,0,0,0,0,0,0,0,0,10.3400458097458,0,0,0,1203.08500622213,42.5916958749294,0,0,0
7.67160286009312,0,0,0,0.682724177837372,0,0,0,31.374142870307,0,660.420789480209,0,0,0,182.619143813848,0,0,0,0,0,0,0,0,0,0,0,0,0,0,0,0,0,0,0,0,0,0,0,0,0,0,0,0,0,0,0,0,0,0,0,0,0,0,0,7.24699656665325,0,13.3635433316231,0,2121.87164893746,0,80.4326636791229,0,0,0,0,0,0,0,0,24.5585972368717,0,7.14785087108612,0,0,0,0,0,0,0,0,0,0,34.8772828131914,5.15398631989956,0,0,0
0,4.80681717395782,0,0,0,0,0,0,0,0.595510900020599,0,111.795854657888,0,0,0,189.331365853548,0,0,0,0,0,0,0,0,0,0,0,967.732200980186,0,0,0,0,0,0,0,0,0,0,0,0,0,0,0,0,0,0,0,0,0,55.4431965500116,0,0,0,0,0,10.543944478035,0,227.29684188962,0,6432.10054601729,0,80.8404603302479,0,0,0,0,0,0,0,0,372.48437641561,0,0,0,0,0,0,0,0,0,0,0,2552.18382261693,245.191305249929,0,0,0
95.643658131361,0,0,0,20.6784736216068,0,0,0,120.875509180129,0,0,0,182.619143813848,0,0,0,9.15399317443371,0,1.33452717959881,0,0,0,0.400857985019684,0,4.20959185063839,0,180.474050983787,0,60.0855560302734,0,0,0,0,0,0,0,0,0,0.178048208355904,0,0,0,0.179310470819473,0,0,0,0,0,0,0,10.3372308015823,0,0,0,438.792733818293,0,144.324610352516,0,483.397745490074,0,635.215281710029,0,0,0,0,0,0,0.428913444280624,0,273.330723851919,0,359.737766265869,0,0,0,0,0,0,0,0,0,0,530.060528315604,63.9822310954332,9.00780044496059,0,0.176134586334229
0,50.2614807486534,0,0,0,0,0,0,0,65.5940878093243,0,0,0,189.331365853548,0,0,0,0,0,0,0,0,0,0,0,0,0,0,0,0,0,0,0,0,0,0,0,0,0,0,0,0,0,0,0,0,0,0,0,337.858155757189,0,0,0,0,0,155.480331353843,0,16.7308732867241,0,205.456213265657,0,1548.18621698022,0,0,0,0,0,0,0,0,59.9656109064817,0,0,0,0,0,0,0,0,0,0,0,908.097622789443,16.7956869751215,5.18808746337891,0,0
0.124394923448563,0,0,0,4.72248380631208,0,0,0,649.556227825582,0,0,0,0,0,9.15399317443371,0,0,1317.37410591543,2873.30897846073,0,0,0,489.249003469944,0,0.559320107102394,0,817.055636413395,0,175.026922293007,0,0,0,0,0,0,0,0,0,0.620948940515518,0,0,0,22.9966158494353,0,0,0,0,0,2.82891130447388,0,0,0,0,0,8.31808088719845,0,0,0,0,0,0,0,0,0,0,92.7798230946064,0,0,0,869.115156039596,0,147.512442789972,0,0,0,0,0,0,0,0,0,0,2328.18849480897,121.352848723531,0,0,6.9187316596508
0,0,0,0,0,2.45272186398506,0,0,0,270.9443718642,0,0,0,0,0,0,1317.37410591543,0,2306.83457455039,0,0,0,0,0,0,6.54618012905121,0,75.6854998469353,0,0,0,0,0,0,0,0,0,0,0,0,0,49.527676217258,0,0,0,0,0,0,0,1.43018609285355,0,0,0,0,0,66.8823516070843,0,0,0,0,0,0,0,0,0,0,0.209329903125763,0,0,0,0,0,0,0,0,0,0,0,0,0,0,0,1222.70061897486,78.2354174405336,2.45671650022268,0,0
38.4259552955627,0,0,0,10.0768665149808,0,0,0,529.860752351582,259.953278034925,0,0,0,0,1.33452717959881,0,2873.30897846073,2306.83457455039,0,0,0,0,0,65.0828122496605,0.74631267786026,0,0.221568435430527,0.234515562653542,0.415641635656357,0,0,0,0,0,0,0,0,0,1.3568746894598,0.426326811313629,0,1167.33684289455,908.799661450088,230.998585999012,282.110751435161,0,43.6844224482775,0,0,27.5139298886061,0,0,0,0,85.1114046871662,0.931280076503754,0,0,0,0,0.176236093044281,0,0,0,0,0,0.877476394176483,0,0,1.10137867927551,0,0,0,0,0,0,0,0,0,0,0,0,3976.39334472269,56.6500215753913,463.101399727166,0,40.5864752903581
0,0,0,0,0,0,0,7.82555529475212,0,0,0,0,0,0,0,0,0,0,0,0,0,0,0,0,0,0,0,0,0,0,0,0,0,0,0,118.304710566998,0,0,0,0,0,0,0,0,0,0,0,0,0,0,0,0,0,0,0,0,0,0,0,0,0,0,88.6174628138542,0,0,0,0,0,0,0,0,0,0,0,0,0,0,0,46.5179328024387,0,0,0,500.356507644057,0,0,0,0
0,0,0,0,0,0,0,0,0,0,0,0,0,0,0,0,0,0,0,0,0,0,0,0,0,0,0,0,0,0,0,0,0,0,0,0,12.1553938835859,0,0,0,0,0,0,0,0,0,0,0,0,0,0,0,0,0,0,0,0,0,0,0,0,0,0,734.611451789737,0,0,0,0,0,0,0,0,0,0,0,0,0,0,0,0,0,0,464.685394883156,0,0,0,0
0,0,0,0,0,0,0,0,0,0,0,0,0,0,0,0,0,0,0,0,0,0,1950.34435327351,1001.84110657871,1.72229021787643,190.978156358004,0,121.127061471343,0,0,0,0,0,0,0,0,0,696.649770200253,0,0,0,0,0,0,0,0,0,0,0,78.9028192609549,0,0,0,0,0,0,0,0,0,0,0,0,0,0,6542.18036039174,4382.49275311828,592.29876306653,0.20177748799324,200.075053110719,0,206.316049665213,0,0,0,0,0,0,0,0,0,527.249339923263,0,5990.17953012884,1982.80884904414,0,0,0
0,0,0,0,0,0,0,0,0,0,0,0,0,0,0.400857985019684,0,489.249003469944,0,0,0,0,1950.34435327351,0,22.5485620945692,116.95813562721,0,663.836822554469,0,0.594837442040443,0,0,0,0,0,0,0,0,0,114.564143389463,0,0,0,0,0,0,0,0,0,282.547306284308,9.41550194472075,0,0,0,0,0,0,0,0,0,0,0,0,0,0,520.001456439495,7120.18667067587,66.4855702519417,22.0704065561295,0,331.174368873239,0,9.68879146873951,0,0,0,0,0,0,0,0,0,27.6009681373835,4372.6389464885,997.051409229636,0.128987565636635,0,0
0,0,0,0,0,0,0,0,0,58.7054527997971,0,0,0,0,0,0,0,0,65.0828122496605,0,0,1001.84110657871,22.5485620945692,0,0,0,0,0,0,0,0,0,0,0,0,0,0,28.7283455431461,0,0,0,332.455955848098,0,0,0,0,0,0,0,8.15672326087952,0,0,0,0,0,5.43223062157631,0,0,0,0,0,0,0,0,452.532460555434,11.0491655915976,420.883939757943,0,0,0,0,0,0,0,0,0,0,0,0,0,0,0,1175.84039343894,47.88883022964,64.7425206899643,0,0
0,0,0,0,0,0,0,0,13.6000379472971,0,0,0,0,0,4.20959185063839,0,0.559320107102394,0,0.74631267786026,0,0,1.72229021787643,116.95813562721,0,0,0,1.20712062716484,0,0,0,0,0,0,0,0,0,0,0,6.17998325079679,0,0,0,46.4700173586607,0,0,0,0,0,19.9070157930255,0,0,0,0,0,3.00044131278992,0,0,0,0,0,0,0,0,0,2.56166304647923,740.262604087591,0,1190.5460498035,0,29.2493901699781,0,2.97520910203457,0,0,0,0,0,0,0,0,0,64.9398056045175,222.189726769924,14.4726074188948,2.88085287809372,0,0
0,0,0,0,0,0,0,0,0,0,0,0,0,0,0,0,0,6.54618012905121,0,0,0,190.978156358004,0,0,0,0,0,143.685194723308,0,0,0,0,0,0,0,0,0,0,0,0,0,0,0,0,0,0,0,0,0,0,0,0,0,0,0,0,0,0,0,0,0,0,0,0,129.594410419464,0,0,0,67.6483273506165,0,373.059783734381,0,0,0,0,0,0,0,0,0,0,0,5.67450568079948,0,0,0,0
0,0,0,0,0.306698143482208,0,0,0,58.993166744709,0,0,0,0,0,180.474050983787,0,817.055636413395,0,0.221568435430527,0,0,0,663.836822554469,0,1.20712062716484,0,0,0,18.6321100741625,0,0,0,0,0,0,0,0,0,3.61704936623573,0,0,0,0,0,0,0,0,0,77.8232586830854,0,0,0,0,0,12.3124185651541,0,0,0,0,0,311.528214603662,0,0,0,0,519.103357031941,0,0.451227277517319,0,816.76550874114,0,295.254514738917,0,0,0,0,0,0,0,0,0,0.486135825514793,484.945454396307,1.60577815771103,0,0,0
0,0,0,0,0,0,0,0,0,0,0,6.80264139175415,0,967.732200980186,0,0,0,75.6854998469353,0.234515562653542,0,0,121.127061471343,0,0,0,143.685194723308,0,0,0,7.97736109793186,0,0,0,0,0,0,0,0,0,0,0,0,0,0,0,0,0,0,0,0,0,0,0,0,0,0,0,0,0,984.812694072723,0,0,0,0,463.35591802001,0,0.53245484828949,0,40.1151590645313,0,4210.60563354939,0,124.6587254107,0,0,0,0,0,0,0,1384.32371801138,0,2992.21269137412,1126.77254632115,0,0,0
1.27193818986416,0,0,0,0.143926396965981,0,0,0,56.0103471726179,0,0,0,0,0,60.0855560302734,0,175.026922293007,0,0.415641635656357,0,0,0,0.594837442040443,0,0,0,18.6321100741625,0,0,0,0,0,0,0,0,0,0,0,0,0,0,0,0,0,0,0,0,0,22.3276067525148,0,0,0,0,0,8.51493703573942,0,0,0,0,0,0,0,0,0,0,2.92854528129101,0,0.245212212204933,0,38.2066264748573,0,87.5387789309025,0,0,0,0,0,0,0,0,0,0,306.486629649997,9.12786491215229,0,0,0
0,0,0,0,0,0,0,0,0,0,0,0,0,0,0,0,0,0,0,0,0,0,0,0,0,0,0,7.97736109793186,0,0,0,0,0,0,0,0,0,0,0,0,0,0,0,0,0,0,0,0,0,0,0,0,0,0,0,0,0,0,0,0,0,0,0,0,0,0,0,0,0,0,0,0,103.764032840729,0,0,0,0,0,0,0,13.1450875401497,0,257.487027689815,0.304139107465744,0,0,0
0,0,0,0,0,0,0,0,0,0,0,0,0,0,0,0,0,0,0,0,0,0,0,0,0,0,0,0,0,0,0,0,0,0,0,0,0,0,0,0,0,0,0,0,0,0,0,0,0,0,0,0,0,0,0,0,2.16663575172424,0,0,0,0,0,0,0,0,0,0,0,0,0,0,0,0,0,0,0,0,0,0,0,0,86.5505920350552,0,0,0,0,0
0,0,0,0,0,0,0,0,0,0,0,0,0,0,0,0,0,0,0,0,0,0,0,0,0,0,0,0,0,0,0,0,1096.33685424924,1.13157847523689,0,218.135718628764,270.082709595561,0,0,0,0,0,0,0,0,0,0,343.022540286183,0.910149477422237,3.22245953977108,0,0,0,0,0,0,0,0,0,0,0,0,0,0,0,0,0,0,0,0,0,0,0,0,917.788897305727,433.55008739233,37.4049684256315,0,432.167742744088,370.693493776023,0.574220523238182,0,130.701326221228,0,0,0,0
0,0,0,0,0,0,0,0,0,0,0,0,0,0,0,0,0,0,0,0,0,0,0,0,0,0,0,0,0,0,0,1096.33685424924,0,0,0,403.686466671526,7.74983203411102,0,0,0,0,0,0,0,0,0,0,329.272952705622,27.5634036958218,0,0,0,0,0,0,0,0,0,0,0,0,0,0,0,0,0,0,0,0,0,0,0,0,0,245.104618497193,737.647343814373,0,0,676.574785627425,381.141630262136,0,0,187.956258147955,0,0,0,0
0,0,0,0,0,0,0,0,0,0,0,0,0,0,0,0,0,0,0,0,0,0,0,0,0,0,0,0,0,0,0,1.13157847523689,0,0,737.721002310514,0,275.482690989971,387.808612763882,0,0,0,0,0,0,0,0,0,39.3146855384111,0,36.345380358398,0,0,0,0,0,0,0,0,0,0,0,0,0,0,0,0,0,0,0,0,0,0,0,0,0,0,387.105103239417,202.35276080668,1.25286486744881,0,175.06206586957,71.8566052168608,419.847621649504,0,0.366893574595451,0,0
0,0,0,0,0,0,0,0,0,0,0,0,0,0,0,0,0,0,0,0,0,0,0,0,0,0,0,0,0,0,0,0,0,737.721002310514,0,0,0,631.303566902876,391.104224905372,0,0,0,0,0,0,0,0,0,0,0,0,0,0,0,0,0,0,0,0,0,0,0,0,0,0,0,0,0,0,0,0,0,0,0,0,0,148.81696715951,123.344080656767,0,0,42.4365217685699,303.628264904022,2187.7800026685,43.7424456775188,0,0,0
0,0,0,0,0,0,0,0,0,0,0,52.1140562295914,0,0,0,0,0,0,0,118.304710566998,0,0,0,0,0,0,0,0,0,0,0,218.135718628764,403.686466671526,0,0,0,8587.58760645241,0,0,0,0,0,0,0,0,0,0,503.385526843369,0.717722311615944,4.31460082530975,0,0,0,0,0,0,0,0,0,0,0,0,9.46427446603775,0,0,0,0,0,0,0,0,0,0,0,224.04480932653,452.301814466715,0,0,3165.99756790698,7862.5012287572,1,0,7230.99525614828,2113.75509108603,0,0,0
0,0,0,0,0,0,0,0,0,0,0,0,0,0,0,0,0,0,0,0,12.1553938835859,0,0,0,0,0,0,0,0,0,0,270.082709595561,7.74983203411102,275.482690989971,0,8587.58760645241,0,0,21.3400414586067,0,0,0,0,0,0,0,0,128.585232138634,0,0,0,0,0,0,0,0,0,0,0,0,0,0,0,12.6163536161184,0,0,0,0,0,0,0,0,0,0,7.35574282705784,0.992863357067108,0,0,2585.4244024381,8241.18747553229,0,0,9705.35523232073,817.377240628004,16.5137855857611,0,0
0,0,0,0,0,0,0,0,0,0,0,0,0,0,0,0,0,0,0,0,0,696.649770200253,0,28.7283455431461,0,0,0,0,0,0,0,0,0,387.808612763882,631.303566902876,0,0,0,251.039249658585,0,0,4.74307754635811,0,0,0,0,0,120.725691795349,0,191.871105708182,0,0,0,0,0,0,0,1.08520948886871,0,0,0,0,0,0,191.126921206713,0.682964861392975,2.98887717723846,0,0,0,0,0,0,0,0,0,377.294916629791,0,0,0,3644.67991936207,549.752490743995,1650.96554309875,102.161776825786,1.00812011212111,0,0
0,0,0,0,0.297648355364799,0,0,0,19.36103323102,0,352.727478921413,0,0,0,0.178048208355904,0,0.620948940515518,0,1.3568746894598,0,0,0,114.564143389463,0,6.17998325079679,0,3.61704936623573,0,0,0,0,0,0,0,391.104224905372,0,21.3400414586067,251.039249658585,0,0,0,0,170.920795843005,0,0,0,0,95.223652690649,778.694794118404,0,0,0,0,0,1.94615137577057,0,174.329959273338,0,0,0,0,0,0,0,0,452.639478892088,0,1.68607203662395,0,33.1967974975705,0,40.8084011226892,0,25.5599269866943,0,0,0,0,0,33.1548104286194,0,4730.30949406326,7248.86613631248,293.914114922285,11.7405680790544,0,0
0,0,0,0,0,0,0,0,0,0,0,0,0,0,0,0,0,0,0.426326811313629,0,0,0,0,0,0,0,0,0,0,0,0,0,0,0,0,0,0,0,0,0,0,1184.5025132075,0,0,0,66.9454716145992,0,0,0,344.642564445734,0,0,0,0,0,0,0,0,0,0,0,0,0,0,0,0,0,0,0,0,0,0,0,0,0,0,0,0,112.345830887556,0,1.53184807300568,0,0.391175329685211,0,938.975266188383,13.5231184586883,0
0,0,0,0,0,0,0,0,0,0,0,0,0,0,0,0,0,0,0,0,0,0,0,0,0,0,0,0,0,0,0,0,0,0,0,0,0,0,0,0,0,0,1233.75192221254,0,0,0,79.2418114989996,1.56765800714493,559.761636510491,0,0,0,0,0,0,0,0,0,0,0,0,0,0,48.3733475208282,0,0,0,0,0,0,0,0,0,0,0,0,0,0,0,0,0,0,0,0,583.173663154244,0,0
0,68.9835401177406,0,0,0,0,0,0,0,3.1802818775177,0,0,0,0,0,0,0,49.527676217258,1167.33684289455,0,0,0,0,332.455955848098,0,0,0,0,0,0,0,0,0,0,0,0,0,4.74307754635811,0,1184.5025132075,0,0,212.284059852362,0,0,6.22935628890991,0,5.96359840035439,0,955.237843982875,0,0,0,0,0,213.578969359398,0,0,0,0,0,0,0,0,0,0,11.2096322774887,0,0,0,0,0,0,0,0,0,0.921088293194771,0,0.122567638754845,0,2.18469190597534,0,1738.65454856306,0,919.67076497525,52.2793169021606,0
17.9480298757553,0,0,0,2.16248780488968,0,0,0,173.331952139735,0,0,0,0,0,0.179310470819473,0,22.9966158494353,0,908.799661450088,0,0,0,0,0,46.4700173586607,0,0,0,0,0,0,0,0,0,0,0,0,0,170.920795843005,0,1233.75192221254,212.284059852362,0,0,50.8165357410908,0,0,133.682856857777,1058.56080697477,0,0,0,0,0,48.5319253653288,0,0,0,0,0,0,0,0,13.5023968219757,0,0.484957545995712,0,0,0,0,0,0,0,0,0,0,0,17.3203040808439,0,416.624845072627,0,160.537416703999,1167.30271097273,8.02273841947317,2280.99065183103,0,192.13521322608
0,0,0,0,0,0,0,0,0,0,0,0,0,0,0,0,0,0,230.998585999012,0,0,0,0,0,0,0,0,0,0,0,0,0,0,0,0,0,0,0,0,0,0,0,0,0,0,18.1298686265945,0,0,0,0,0,0,0,0,0,0,0,0,0,0,0,0,0,0,0,0,0,0,0,0,0,0,0,0,0,0,0,0,0,0,0,0,0,0,330.447312384844,0,0
0,0,0,0,0,0,0,0,0,0,0,0,0,0,0,0,0,0,282.110751435161,0,0,0,0,0,0,0,0,0,0,0,0,0,0,0,0,0,0,0,0,0,0,0,50.8165357410908,0,0,0,295.474029816687,0,0,0,0,0,0,0,0,0,0,0,0,0,0,0,0,0,0,0,0,0,0,0,0,0,0,0,0,0,0,0,0,0,0,0,0,0,190.111634723842,0,0
0,0,0,0,0,0,0,0,0,0,0,0,0,0,0,0,0,0,0,0,0,0,0,0,0,0,0,0,0,0,0,0,0,0,0,0,0,0,0,66.9454716145992,0,6.22935628890991,0,18.1298686265945,0,0,0,0,0,0,0,0,0,0,0,0,0,0,0,0,0,0,90.2946760356426,0,0,0,0,0,0,0,0,0,0,0,0,0,0,0,0,0,0,0,0,0,218.889359593391,0,0
0,0,0,0,0,0,0,0,0,0,0,0,0,0,0,0,0,0,43.6844224482775,0,0,0,0,0,0,0,0,0,0,0,0,0,0,0,0,0,0,0,0,0,79.2418114989996,0,0,0,295.474029816687,0,0,2.04485201835632,38.6121853291988,0,0,0,0,0,0,0,0,0,0,0,0,0,0,198.582151591778,0,0,0,0,0,0,0,0,0,0,0,0,0,0,0,231.165831059217,0,0,0,0,1531.47327277809,0,0
0,0,0,0,0,0,0,0,0,0,0,0,0,0,0,0,0,0,0,0,0,0,0,0,0,0,0,0,0,0,0,343.022540286183,329.272952705622,39.3146855384111,0,503.385526843369,128.585232138634,120.725691795349,95.223652690649,0,1.56765800714493,5.96359840035439,133.682856857777,0,0,0,2.04485201835632,0,903.688065335155,1052.74695028365,0,0,0,0,0,0,0,0,0,0,0,0,0,0,0,0.248001575469971,0,0,0,0,0,0,0,0,282.433690860868,223.162628412247,123.304982751608,1,192.522645764053,148.912096649408,139.872525647283,2.17631363868713,461.300346985459,0.224091082811356,133.996952787042,0,0
3,0,0,0,0,0,0,0,0,0,0,0,0,0,0,0,2.82891130447388,0,0,0,0,0,282.547306284308,0,19.9070157930255,0,77.8232586830854,0,22.3276067525148,0,0,0.910149477422237,27.5634036958218,0,0,0.717722311615944,0,0,778.694794118404,0,559.761636510491,0,1058.56080697477,0,0,0,38.6121853291988,903.688065335155,0,313.54992967844,0,0,0,0,0,0,1.43218207359314,0,0,0,92.4046140909195,0,0,0,0,3683.57970154285,0,51.6995023488998,0,1096.06522277743,0,1620.58666399121,0,74.8364263251424,0,48.353285074234,0,138.73555726558,0.481613501906395,242.484372854233,0,1968.53619974852,359.25448974967,0.128090962767601,752.103371195495,0,0
0,125.809857979417,0,0,0,0,0,0,0,14.1616960167885,0,0,0,55.4431965500116,0,337.858155757189,0,1.43018609285355,27.5139298886061,0,0,78.9028192609549,9.41550194472075,8.15672326087952,0,0,0,0,0,0,0,3.22245953977108,0,36.345380358398,0,4.31460082530975,0,191.871105708182,0,344.642564445734,0,955.237843982875,0,0,0,0,0,1052.74695028365,313.54992967844,0,0,0,0,0,0,123.66189968586,0,119.321942612529,0,228.770389199257,0,78.5592081993818,0,0,626.89593975246,17.1993878930807,43.8863877430558,0,183.279233157635,0,1189.80254711211,0,601.680380269885,0,7.34138450026512,0,140.835584059358,0,179.42474219203,149.018164873123,2551.35389571637,0,365.415975816548,4.88285499811172,1476.44288915396,0,0
15.7901629656553,0,18.0728833973408,0,1288.24076673388,0,5.78530311584473,0,3.87323135137558,0,0,0,0,0,10.3372308015823,0,0,0,0,0,0,0,0,0,0,0,0,0,0,0,0,0,0,0,0,0,0,0,0,0,0,0,0,0,0,0,0,0,0,0,0,0,15.7369408607483,0,55.761142089963,0,28.7149255275726,0,768.176342308521,0,191.609738886356,0,0,0,0,0,0,0,0,0,0,0,0,0,0,0,0,0,0,0,0,0,364.963624536991,288.935564339161,0,0,0
0,0,0,0,0,721.436853572726,0,0,0,0,0,0,0,0,0,0,0,0,0,0,0,0,0,0,0,0,0,0,0,0,0,0,0,0,0,0,0,0,0,0,0,0,0,0,0,0,0,0,0,0,0,0,0,17.2619061470032,0,0,0,0,0,773.783061206341,0,0,0,0,0,0,0,0,0,0,0,0,0,0,0,0,0,0,0,0,0,0,278.191846847534,30.4712425172329,0,0,0
0,0,0,0,0,0,0,0,0,0,0,0,0,0,0,0,0,0,0,0,0,0,0,0,0,0,0,0,0,0,0,0,0,0,0,0,0,0,0,0,0,0,0,0,0,0,0,0,0,0,15.7369408607483,0,0,0,0,0,513.398921132088,0,0,0,0,0,0,0,0,0,0,0,0,0,0,0,0,0,0,0,0,0,0,0,0,0,0,0,0,0,0
0,0,0,0,0,0,0,1.85262337327003,0,0,0,2.50601598620415,0,0,0,0,0,0,0,0,0,0,0,0,0,0,0,0,0,0,0,0,0,0,0,0,0,0,0,0,0,0,0,0,0,0,0,0,0,0,0,17.2619061470032,0,0,0,0,0,52.4727000892162,0,145.867654323578,0,0,0,0,0,0,0,0,0,0,0,0,0,0,0,0,0,0,0,0,0,0,0,0,0,0,0
229.209731981158,0,12.587623283267,0,87.3257436603308,0,0,0,553.183605574071,0,0,0,7.24699656665325,0,438.792733818293,0,8.31808088719845,0,85.1114046871662,0,0,0,0,0,3.00044131278992,0,12.3124185651541,0,8.51493703573942,0,0,0,0,0,0,0,0,0,1.94615137577057,0,0,0,48.5319253653288,0,0,0,0,0,0,0,55.761142089963,0,0,0,0,0,2.33028888702393,0,0,0,367.063842967153,0,0,0,0,0,0,7.99672780930996,0,0.12876296043396,0,4.50222551822662,0,0,0,0,0,0,0,0,0,0,467.006291799247,321.12539049238,119.929148137569,0,7.89385612308979
0,64.522922500968,0,67.8070217967033,0,2.96889370679855,0,0,0,195.702433928847,0,0,0,10.543944478035,0,155.480331353843,0,66.8823516070843,0.931280076503754,0,0,0,0,5.43223062157631,0,0,0,0,0,0,0,0,0,0,0,0,0,0,0,0,0,213.578969359398,0,0,0,0,0,0,0,123.66189968586,0,0,0,0,0,0,0,10.4696333408356,0,34.3779281079769,0,678.449576437473,0,0,0,0,1.3222883939743,0,0,0,0,0,0,0,0,0,0,0,0,0,0,0,1001.69866429269,53.50118252635,3.67524981498718,0,0
18.6237318515778,0,0,0,7.85576057434082,0,0,0,0.830861330032349,0,382.005200743675,0,13.3635433316231,0,144.324610352516,0,0,0,0,0,0,0,0,0,0,0,0,0,0,0,2.16663575172424,0,0,0,0,0,0,0,174.329959273338,0,0,0,0,0,0,0,0,0,1.43218207359314,0,28.7149255275726,0,513.398921132088,0,2.33028888702393,0,0,0,16.1652946472168,0,174.215741455555,0,0,0,0,0,0,0,0,0,0,0,0,333.312950178981,0,0,0,0,0,0,0,124.711826235056,11.8272387981415,0,0,0,0
0,33.3249731063843,0,0,0,0,0,179.290456980467,0,0,0,271.709143429995,0,227.29684188962,0,16.7308732867241,0,0,0,0,0,0,0,0,0,0,0,0,0,0,0,0,0,0,0,0,0,1.08520948886871,0,0,0,0,0,0,0,0,0,0,0,119.321942612529,0,0,0,52.4727000892162,0,10.4696333408356,0,0,0,332.908651903272,0,0,0,0,0,0,0,0,0,0,0,0,63.9820188879967,0,0,0,0,0,0,0,77.3875371143222,0,90.4777509719133,47.5099268555641,896.01787006855,0,0
3.51188004016876,0,0,0,238.683476924896,0,0,0,65.6613026857376,0,0,0,2121.87164893746,0,483.397745490074,0,0,0,0,0,0,0,0,0,0,0,0,0,0,0,0,0,0,0,0,0,0,0,0,0,0,0,0,0,0,0,0,0,0,0,768.176342308521,0,0,0,0,0,16.1652946472168,0,0,0,147.192724019289,0,0,0,0,0,0,0,0,20.2992374897003,0,7.52929157018661,0,0,0,0,0,0,0,0,0,0,36.3935822546482,10.3073608875275,0,0,0
0,77.9685295820236,0,0,0,41.3143962025642,0,0,0,5.53921666741371,0,48.285361289978,0,6432.10054601729,0,205.456213265657,0,0,0,0,0,0,0,0,0,0,0,984.812694072723,0,0,0,0,0,0,0,0,0,0,0,0,0,0,0,0,0,0,0,0,0,228.770389199257,0,773.783061206341,0,145.867654323578,0,34.3779281079769,0,332.908651903272,0,0,0,475.04176992178,0,0,0,0,0,0,0,0,861.815365761518,0,0,0,0,0,0,0,0,0,0,0,882.531071662903,95.3666390031576,132.838509589434,0,0
476.863001853228,0,0,0,344.435804381967,0,0,0,687.211414352059,0,0,0,80.4326636791229,0,635.215281710029,0,0,0,0.176236093044281,0,0,0,0,0,0,0,311.528214603662,0,0,0,0,0,0,0,0,0,0,0,0,0,0,0,0,0,0,0,0,0,92.4046140909195,0,191.609738886356,0,0,0,367.063842967153,0,174.215741455555,0,147.192724019289,0,0,0,0,0,0,0,0,0,0,493.074247568846,0,22.9136142134666,0,0,0,0,0,0,0,0,0,0,459.982491381466,244.638092592359,40.3515853881836,0,0
0,356.332245528698,0,0,0,0,0,0,0,326.063315145671,0,0,0,80.8404603302479,0,1548.18621698022,0,0,0,0,0,0,0,0,0,0,0,0,0,0,0,0,0,0,0,0,0,0,0,0,0,0,0,0,0,0,0,0,0,78.5592081993818,0,0,0,0,0,678.449576437473,0,0,0,475.04176992178,0,0,0,0,0,0,0.162894085049629,0,0,0,30.3550581932068,0,0,0,0,0,0,0,0,0,0,0,704.811075665057,50.4718052744865,1.98064017295837,0,0
0,0,0,0,0,0,0,0,0,0,0,0,0,0,0,0,0,0,0,88.6174628138542,0,0,0,0,0,0,0,0,0,0,0,0,0,0,0,9.46427446603775,0,0,0,0,0,0,0,0,0,90.2946760356426,0,0,0,0,0,0,0,0,0,0,0,0,0,0,0,0,0,0,0,0,0,0,0,0,0,0,0,0,0,0,0,0,606.4091681391,0,0,0,0,0,0,0,0
0,0,0,0,0,0,0,0,0,0,0,0,0,0,0,0,0,0,0,0,734.611451789737,0,0,0,0,0,0,0,0,0,0,0,0,0,0,0,12.6163536161184,0,0,0,48.3733475208282,0,13.5023968219757,0,0,0,198.582151591778,0,0,0,0,0,0,0,0,0,0,0,0,0,0,0,0,0,0,0,0,0,0,0,0,0,0,0,0,0,0,0,0,437.875222489238,0,0,727.287506237626,0,0,0,0
0,0,0,0,0,0,0,0,0,0,0,0,0,0,0,0,0,0,0,0,0,6542.18036039174,520.001456439495,452.532460555434,2.56166304647923,129.594410419464,0,463.35591802001,0,0,0,0,0,0,0,0,0,191.126921206713,0,0,0,0,0,0,0,0,0,0,0,626.89593975246,0,0,0,0,0,0,0,0,0,0,0,0,0,0,0,584.189436435699,355.992425382137,0,280.82589481771,0,436.384090587497,0,0,0,0,0,0,0,0,0,329.284074954689,0,2951.25129602849,787.146060168743,0,0,0
0,0,0,0,0,0,0,0,0,0,0,0,0,0,0,0,92.7798230946064,0,0,0,0,4382.49275311828,7120.18667067587,11.0491655915976,740.262604087591,0,519.103357031941,0,2.92854528129101,0,0,0,0,0,0,0,0,0.682964861392975,452.639478892088,0,0,0,0.484957545995712,0,0,0,0,0.248001575469971,3683.57970154285,17.1993878930807,0,0,0,0,0,0,0,0,0,0,0,0,0,0,584.189436435699,0,70.9895928502083,626.093593344092,0,740.178801372647,0,33.4017617702484,0,0,0,0,0,0,0,0,0.187520429491997,220.870995089412,2468.07437084615,793.842701807618,0,0,0
0,0,0,0,0,0,0,0,0,14.6637077629566,0,0,0,0,0,0,0,0.209329903125763,0.877476394176483,0,0,592.29876306653,66.4855702519417,420.883939757943,0,0,0,0.53245484828949,0,0,0,0,0,0,0,0,0,2.98887717723846,0,0,0,11.2096322774887,0,0,0,0,0,0,0,43.8863877430558,0,0,0,0,0,1.3222883939743,0,0,0,0,0,0.162894085049629,0,0,355.992425382137,70.9895928502083,0,0,2.03320878744125,0,381.802994228899,0,0,0,0,0,0,0,0,0,0,0,269.05346827209,182.99186694622,3.10972309112549,0,0
0,0,0,0,0,0,0,0,17.9140067100525,0,0,0,0,0,0.428913444280624,0,0,0,0,0,0,0.20177748799324,22.0704065561295,0,1190.5460498035,0,0.451227277517319,0,0.245212212204933,0,0,0,0,0,0,0,0,0,1.68607203662395,0,0,0,0,0,0,0,0,0,51.6995023488998,0,0,0,0,0,7.99672780930996,0,0,0,0,0,0,0,0,0,0,626.093593344092,0,0,0,79.4456588476896,0,23.4573325365782,0,0,0,0,0,0,0,0,0,35.5142381191254,36.4645032137632,0,0,0,0
0,0,0,0,0,0,0,0,0,0,0,0,0,0,0,0,0,0,0,0,0,200.075053110719,0,0,0,67.6483273506165,0,40.1151590645313,0,0,0,0,0,0,0,0,0,0,0,0,0,0,0,0,0,0,0,0,0,183.279233157635,0,0,0,0,0,0,0,0,0,0,0,0,0,0,280.82589481771,0,2.03320878744125,0,0,0,1100.82248735428,0,0,0,0,0,0,0,0,0,0,0,14.058277502656,0,0,0,0
0,0,0,0,0,0,0,0,73.8853747695684,0,0,0,24.5585972368717,0,273.330723851919,0,869.115156039596,0,1.10137867927551,0,0,0,331.174368873239,0,29.2493901699781,0,816.76550874114,0,38.2066264748573,0,0,0,0,0,0,0,0,0,33.1967974975705,0,0,0,0,0,0,0,0,0,1096.06522277743,0,0,0,0,0,0.12876296043396,0,0,0,20.2992374897003,0,493.074247568846,0,0,0,0,740.178801372647,0,79.4456588476896,0,0,0,1902.01605352759,0,0,0,0,0,0,0,0,0,0.263337522745132,133.315050452948,18.0867630764842,40.9814548492432,0,0
0,0,0,0,0,0,0,0,0,0,0,0,0,372.48437641561,0,59.9656109064817,0,0,0,0,0,206.316049665213,0,0,0,373.059783734381,0,4210.60563354939,0,0,0,0,0,0,0,0,0,0,0,0,0,0,0,0,0,0,0,0,0,1189.80254711211,0,0,0,0,0,0,0,0,0,861.815365761518,0,30.3550581932068,0,0,436.384090587497,0,381.802994228899,0,1100.82248735428,0,0,0,6.16073030233383,0,0,0,0,0,0,0,389.102956116199,0,1604.92661689222,81.3771149218082,0,0,0
0.235732838511467,0,0,0,0.158507451415062,0,0,0,16.246257327497,0,0,0,7.14785087108612,0,359.737766265869,0,147.512442789972,0,0,0,0,0,9.68879146873951,0,2.97520910203457,0,295.254514738917,0,87.5387789309025,0,0,0,0,0,0,0,0,0,40.8084011226892,0,0,0,0,0,0,0,0,0,1620.58666399121,0,0,0,0,0,4.50222551822662,0,0,0,7.52929157018661,0,22.9136142134666,0,0,0,0,33.4017617702484,0,23.4573325365782,0,1902.01605352759,0,0,0,2.02535438537598,0,0,0,0,0,0,0,259.589044816792,89.1958113536239,3.29269728064537,0,0,0
0,0,0,0,0,0,0,0,0,0,0,0,0,0,0,0,0,0,0,0,0,0,0,0,0,0,0,124.6587254107,0,103.764032840729,0,0,0,0,0,0,0,0,0,0,0,0,0,0,0,0,0,0,0,601.680380269885,0,0,0,0,0,0,0,63.9820188879967,0,0,0,0,0,0,0,0,0,0,0,0,6.16073030233383,0,0,0,0,0,0,0,0,0,1085.43111930788,0,0,0,30.0290155559778,0,0
0,0,0,0,0,0,0,0,0,0,0,0,0,0,0,0,0,0,0,0,0,0,0,0,0,0,0,0,0,0,0,0,0,0,0,0,0,0,25.5599269866943,0,0,0,0,0,0,0,0,0,74.8364263251424,0,0,0,0,0,0,0,333.312950178981,0,0,0,0,0,0,0,0,0,0,0,0,0,0,2.02535438537598,0,0,0,0,0,0,0,0,0,1246.19983242452,0,0,142.674882054329,0,0
0,0,0,0,0,0,0,0,0,0,0,0,0,0,0,0,0,0,0,0,0,0,0,0,0,0,0,0,0,0,0,917.788897305727,245.104618497193,0,0,224.04480932653,7.35574282705784,0,0,0,0,0,0,0,0,0,0,282.433690860868,0,7.34138450026512,0,0,0,0,0,0,0,0,0,0,0,0,0,0,0,0,0,0,0,0,0,0,0,0,0,152.938266150653,134.927544414997,0,1633.94486856461,51.9608668684959,1.27975690364838,0,51.9373788833618,0,0,0,0
0,0,0,0,0,0,0,0,0,0,0,0,0,0,0,0,0,0,0,0,0,0,0,0,0,0,0,0,0,0,0,433.55008739233,737.647343814373,0,0,452.301814466715,0.992863357067108,0,0,0,0,0,0,0,0,0,0,223.162628412247,48.353285074234,0,0,0,0,0,0,0,0,0,0,0,0,0,0,0,0,0,0,0,0,0,0,0,0,0,152.938266150653,0,0,0.977727949619293,38.2585152313113,655.678114205599,0,0,8.37967982888222,0,0,0,0
0,0,0,0,0,0,0,0,0,0,0,0,0,0,0,0,0,0,0,0,0,0,0,0,0,0,0,0,0,0,0,37.4049684256315,0,387.105103239417,148.81696715951,0,0,377.294916629791,0,0,0,0.921088293194771,0,0,0,0,0,123.304982751608,0,140.835584059358,0,0,0,0,0,0,0,0,0,0,0,0,0,0,0,0,0,0,0,0,0,0,0,0,134.927544414997,0,0,150.281409814954,302.697827875614,0,334.264750435948,113.330405130982,23.1685758531094,0,6.33448532223701,0,0
0,0,0,0,0,0,0,0,0,0,0,0,0,0,0,0,0,0,0,0,0,0,0,0,0,0,0,0,0,0,0,0,0,202.35276080668,123.344080656767,0,0,0,0,0,0,0,17.3203040808439,0,0,0,0,1,138.73555726558,0,0,0,0,0,0,0,0,0,0,0,0,0,0,0,0,0,0,0,0,0,0,0,0,0,0,0.977727949619293,150.281409814954,0,0,51.1948681473732,8.97167229652405,88.3143663108349,24.4513332843781,0,15.3775869682431,0,0
0,0,0,0,0,0,0,0,0,0,0,10.3400458097458,0,0,0,0,0,0,0,46.5179328024387,0,0,0,0,0,0,0,0,0,0,0,432.167742744088,676.574785627425,1.25286486744881,0,3165.99756790698,2585.4244024381,0,0,112.345830887556,0,0.122567638754845,0,0,0,0,0,192.522645764053,0.481613501906395,179.42474219203,0,0,0,0,0,0,0,0,0,0,0,0,606.4091681391,0,0,0,0,0,0,0,0,0,0,0,1633.94486856461,38.2585152313113,302.697827875614,0,0,580.455972276628,278.868036210537,0,3590.85292693228,73.9308473020792,2.58531472086906,0,0
0,0,0,0,0,0,0,0,0,0,0,0,0,0,0,0,0,0,0,0,0,0,0,0,0,0,0,0,0,0,0,370.693493776023,381.141630262136,0,0,7862.5012287572,8241.18747553229,0,33.1548104286194,0,0,0,416.624845072627,0,0,0,231.165831059217,148.912096649408,242.484372854233,149.018164873123,0,0,0,0,0,0,0,0,0,0,0,0,0,437.875222489238,0,0,0,0,0,0,0,0,0,0,51.9608668684959,655.678114205599,0,51.1948681473732,580.455972276628,0,0,37.2134329080582,5570.86347827315,32.1468793600798,537.795032307506,0,0
0,0,0,0,0,0,0,0,0,0,0,0,0,0,0,0,0,0,0,0,0,527.249339923263,0,0,0,0,0,1384.32371801138,0,13.1450875401497,0,0.574220523238182,0,175.06206586957,42.4365217685699,1,0,3644.67991936207,0,1.53184807300568,0,2.18469190597534,0,0,0,0,0,139.872525647283,0,2551.35389571637,0,0,0,0,0,0,0,77.3875371143222,0,0,0,0,0,0,329.284074954689,0.187520429491997,0,0,0,0,389.102956116199,0,1085.43111930788,0,1.27975690364838,0,334.264750435948,8.97167229652405,278.868036210537,0,0,210.47422015667,213.520560413599,10.1682523936033,266.546301305294,0,0
0,0,0,0,0,0,0,0,0,0,82.8309671580791,0,0,0,0,0,0,0,0,0,0,0,27.6009681373835,0,64.9398056045175,0,0.486135825514793,0,0,0,86.5505920350552,0,0,71.8566052168608,303.628264904022,0,0,549.752490743995,4730.30949406326,0,0,0,160.537416703999,0,0,0,0,2.17631363868713,1968.53619974852,0,0,0,0,0,0,0,124.711826235056,0,0,0,0,0,0,0,0,220.870995089412,0,35.5142381191254,0,0.263337522745132,0,259.589044816792,0,1246.19983242452,0,0,113.330405130982,88.3143663108349,0,37.2134329080582,210.47422015667,0,2616.87370803952,5.58191815018654,823.092470467091,0,0
144.365104041994,335.592098191381,9.09866969287395,13.6663050353527,691.558138430119,1967.04265212268,75.360862493515,11.4015851020813,2354.81825181842,1682.06398458779,163.79122877121,1203.08500622213,34.8772828131914,2552.18382261693,530.060528315604,908.097622789443,2328.18849480897,1222.70061897486,3976.39334472269,500.356507644057,464.685394883156,5990.17953012884,4372.6389464885,1175.84039343894,222.189726769924,5.67450568079948,484.945454396307,2992.21269137412,306.486629649997,257.487027689815,0,130.701326221228,187.956258147955,419.847621649504,2187.7800026685,7230.99525614828,9705.35523232073,1650.96554309875,7248.86613631248,0.391175329685211,0,1738.65454856306,1167.30271097273,0,0,0,0,461.300346985459,359.25448974967,365.415975816548,364.963624536991,278.191846847534,0,0,467.006291799247,1001.69866429269,11.8272387981415,90.4777509719133,36.3935822546482,882.531071662903,459.982491381466,704.811075665057,0,727.287506237626,2951.25129602849,2468.07437084615,269.05346827209,36.4645032137632,14.058277502656,133.315050452948,1604.92661689222,89.1958113536239,0,0,51.9373788833618,8.37967982888222,23.1685758531094,24.4513332843781,3590.85292693228,5570.86347827315,213.520560413599,2616.87370803952,0,52292.572903946,1344.88397563249,45.2628657221794,0.295111611485481
417.162003777921,265.891522243619,170.571591340005,0.884296178817749,155.907101459801,1334.03463547677,129.062961101532,0,1801.01424180716,632.608953207731,4.68023347854614,42.5916958749294,5.15398631989956,245.191305249929,63.9822310954332,16.7956869751215,121.352848723531,78.2354174405336,56.6500215753913,0,0,1982.80884904414,997.051409229636,47.88883022964,14.4726074188948,0,1.60577815771103,1126.77254632115,9.12786491215229,0.304139107465744,0,0,0,0,43.7424456775188,2113.75509108603,817.377240628004,102.161776825786,293.914114922285,0,0,0,8.02273841947317,0,0,0,0,0.224091082811356,0.128090962767601,4.88285499811172,288.935564339161,30.4712425172329,0,0,321.12539049238,53.50118252635,0,47.5099268555641,10.3073608875275,95.3666390031576,244.638092592359,50.4718052744865,0,0,787.146060168743,793.842701807618,182.99186694622,0,0,18.0867630764842,81.3771149218082,3.29269728064537,0,0,0,0,0,0,73.9308473020792,32.1468793600798,10.1682523936033,5.58191815018654,52292.572903946,0,20.5096250399947,0,0.530675396323204
219.527287423611,106.589441537857,35.9616801440716,0,2.45961944758892,0.184574067592621,0,0,113.915067717433,56.7373463362455,0,0,0,0,9.00780044496059,5.18808746337891,0,2.45671650022268,463.101399727166,0,0,0,0.128987565636635,64.7425206899643,2.88085287809372,0,0,0,0,0,0,0,0,0.366893574595451,0,0,16.5137855857611,1.00812011212111,11.7405680790544,938.975266188383,583.173663154244,919.67076497525,2280.99065183103,330.447312384844,190.111634723842,218.889359593391,1531.47327277809,133.996952787042,752.103371195495,1476.44288915396,0,0,0,0,119.929148137569,3.67524981498718,0,896.01787006855,0,132.838509589434,40.3515853881836,1.98064017295837,0,0,0,0,3.10972309112549,0,0,40.9814548492432,0,0,30.0290155559778,142.674882054329,0,0,6.33448532223701,15.3775869682431,2.58531472086906,537.795032307506,266.546301305294,823.092470467091,1344.88397563249,20.5096250399947,0,14.5585787817836,74.3333795666695
0,85.3083871006966,0,0,0,0,0,0,0,0,0,0,0,0,0,0,0,0,0,0,0,0,0,0,0,0,0,0,0,0,0,0,0,0,0,0,0,0,0,13.5231184586883,0,52.2793169021606,0,0,0,0,0,0,0,0,0,0,0,0,0,0,0,0,0,0,0,0,0,0,0,0,0,0,0,0,0,0,0,0,0,0,0,0,0,0,0,0,45.2628657221794,0,14.5585787817836,0,0
0,0,0,0,0.332336246967316,0,0,0,21.7327357530594,0,0,0,0,0,0.176134586334229,0,6.9187316596508,0,40.5864752903581,0,0,0,0,0,0,0,0,0,0,0,0,0,0,0,0,0,0,0,0,0,0,0,192.13521322608,0,0,0,0,0,0,0,0,0,0,0,7.89385612308979,0,0,0,0,0,0,0,0,0,0,0,0,0,0,0,0,0,0,0,0,0,0,0,0,0,0,0,0.295111611485481,0.530675396323204,74.3333795666695,0,0
