0,0,0.00719550948952208,0,0,0,0,0,0.0219540416053272,0,0,0,0,0,0,0,6.42434856803245e-05,5.25177583117565e-05,0.00170367908279282,0,0,0,0,0,0,0,0,0,0,0,0,0,0,0,0,0,0,0,2.19966382712963e-05,0.00019726924732414,0,1.23705295129457e-05,0.00526212529771927,0,0,0,0.000366377529922465,0,0.0210622455781767,1.48965227871674e-05,0,0,0,0,0.0400902001764931,0,9.88598238409657e-05,0,0,0,0.0100281104409464,0,0,1.86981848378763e-05,0,0,0,0.00126430221714092,0,0,0,0,0,0.00017876053413542,0,0,0,0,6.29998563579946e-06,3.22716498529466e-05,0,7.25516011333536e-05,0.000269097689652873,0,0.0105331766799933,0,0.000343088263344798
0,0,0,0.0423421979114511,0,0,0,0,0,0.0641281016121205,0,0,0,0.000119176321273551,0,0.000442315142315671,0,0,0.00017453034133936,0,0,0,0,0,0,0,0,0,0,0,0,0,0,0,0,0,0,0,0,4.79270284324054e-05,0,0.00906426415740274,0,0,0,2.66871154591135e-05,0,0,0,0.00801764967790163,0,0,0,0,0,0.0786069501871477,0,0.000122521373239474,0,0,0,0.00228507185936269,0,0,0,0,0,0,0,0,3.3170150358429e-05,0,0.000269141904965789,0.000125130315454591,0,0,0,0,1.80505981732085e-05,0,8.83941161021999e-06,0,0.000763958829579728,3.48987443765897e-06,0.00220819665944951,0.000788109225417295,0
0.00719550948952208,0,0,9.39006842728199e-05,0,0,0,0,0.0312685532342163,0,0,0,0,0,0.000253029677027183,0,2.60958331256122e-05,0,0,0,0,0,0,0,0,0,0,0,0,0,0,0,0,0,0,0,1.42547043954665e-06,0,3.29250647869085e-06,0.000160472011958027,0.00047117803694633,9.10421279885532e-06,0.00460337729062974,0,0,0,0.000614017620496404,0,0.00618843107734,0,0.00027265295370997,0,0,0,0.0715630850441805,0,0.00148600146738391,0,0.000312962160533929,0,0.000224721109950733,0,0,0.000316311991730976,0,0,0,0,0,0,0,0.000109641882165407,0,0.00338523782439845,0,0,0,0,0,9.78141866948203e-05,0,0.000102811184983931,0.000366573401656396,0,0.00242441023308384,0.000427845099079627,0.00221751519097858
0,0.0423421979114511,9.39006842728199e-05,0,0,0.0845814722890439,0,0,0,0.0428178548432835,0,0,0,0,0,0,9.37452276454677e-05,0,0.0007001107110404,0.00123090514153855,0,5.35974838879931e-06,0,0,0,0,0,0,0,0,0,0,0,0,0,0.000377675558162657,2.3897139597019e-06,7.44602327639024e-06,0,0.00797772567682164,0,0.016821411478232,0.000270336897816744,0,0,0.0014375563747893,7.46819878876925e-06,0.00144306570099243,1.48844343746511e-05,0.0146938855601458,0,0.0325156192828324,0,0,0,0.0241586697905091,0,0.00501615339104708,8.85101099249493e-05,0,0,0.00486900113004238,0.00373126182680634,2.37407942085377e-05,7.72693173568965e-05,0,0,0,0.000110604079692631,0,0.00219930153847308,0,0.00659358006237306,0,0,0,0,0,0.00108720200211554,2.10219563896389e-05,0.000203410203175652,2.0508437457399e-05,0.0011873215968569,7.9592899556289e-05,0.0206710809235645,0.0390029289352985,0
0,0,0,0,0,0,0.00693742299348417,0,0.00343904645402712,0,0,0,0,0,0,0,0,0,0,0,0,0,0,0,0,0,0,0,0,0,0,0,0,0,0,0,6.08739734770625e-05,0,0,0,0,0,0,0,0,0,0,0,0,0,0.004260394072053,0,0,0,0,0,0.000191666571940509,0,0.0143834541647985,0,0,0,0,0,0,0,0,0,0,0,0,0,0,0,0,0,0,0,0,2.08005043482295e-05,0,0,0.000231728476176859,2.89438081039116e-05,0.00151670078640857,0,0
0,0,0,0.0845814722890439,0,0,0,0.0172592849437698,0,0.00301743768872639,0,0,0,0.0026805684074177,0,0,0,0,0.000221435109996426,0.00523124793953178,0,0,0,0,0,0,0,0,0,0,0,0,0,0,0,0.00108632990597097,0,0,0,0.00203329776100875,0,0.00119087164912319,5.68047996985816e-05,0,0,7.85686313083567e-05,0,0.00221627275892307,0.000154024529924897,0.00382465754419824,0,0.0895072600924782,0,0.00313085523561989,0,0,0,0.000227404327053551,0,0.000304746180080532,0,0.0129436256810414,0.00160245854340986,0,0,0,0,0,0,0,0.000165086118948769,0,0.000199026821260686,2.37120132419444e-05,0,0,0,0,0.00125052270121138,1.06649184504652e-06,3.97464809677901e-05,0,0.00589126069909182,0.000209336457796658,0.0133575271157443,0.00112657149725808,0
0,0,0,0,0.00693742299348417,0,0,0,0,0,0.00352566008755482,0,0.00279044284351143,0,0,0,0,0,0,0,0.00129580701463381,0,0,0,0,0,0,0,0,0,0,0,0,0,0,0,0.000160971919466173,0,0,0,0,0,0,0,0,0,0,0,0,0,0,0,0.0399014734039858,0,0,0,0.0129177424136304,0,0.000181796137524925,0,0,0,0,0,0,0,0,0,0,0,0,0,0,0,0,0,0,0,0,0.000244586149961569,0,0,0.00057498456729228,0.000147610859220287,0,0,0
0,0,0,0,0,0.0172592849437698,0,0,0,0,0,0.0130069965536733,0,0.000360159742255388,0,0,0,0,0,7.54427415705639e-05,0,0,0,0,0,0,0,0,0,0,0,0,0,0,0,4.82251768548413e-05,0,0,0,0,0,0,0,0,0,0,0,0,0,0,0,0.00167692440131764,0,0.0806608193185361,0,0,0,0.00631760449475591,0,0.00443211991404298,0,0,0.00181302684574919,0,0,0,0,0,0,0,0,0,0,0,0,0,0,0,3.71345726765237e-05,0,0,0,0.000279606423358329,7.59252033554912e-06,0,0,0
0.0219540416053272,0,0.0312685532342163,0,0.00343904645402712,0,0,0,0,0,0,0,0,0,0.0381153381026223,0,0,0,0.000136840577102648,0,0,0,0,0,0.00429827207341215,0,0,0,0,0,0,0,0,0,0,0,0,0,0.000485836986244049,0,0.000133991178242424,0,0.00219483275795877,0,0,0,0,0,0.0172249917464838,0,0,0,0,0,0.107180193900992,0,0.00114762394607577,0,0.000998388781892189,0,0.074747287196195,0,0,2.35895613752827e-05,0,0,0,0.007154996759027,0,0,0,0,0,0.000407164587420777,0,0,0,0,0,1.88074534522231e-05,0,3.86407699816001e-05,0.0016788869328594,0,0.00344050071714244,0,0.000437139676729323
0,0.0641281016121205,0,0.0428178548432835,0,0.00301743768872639,0,0,0,0,0,0,0,0,0,0.0291901443591067,0.000376912209365079,0.00315029294066119,0.00037380421778424,0.000706288817847053,0,0,0,0.00376793750187991,0,0.00323936647521191,0,0,0,0,0,0,0,0,0,0,0,0.00113864454608188,0,0,0,0.00300786099713677,0.000124157682309913,0,0,0,0,0,0,0.00383128326318367,0,0,0,0,0,0.163093813414272,0,2.07965974123392e-05,0,0,0,0.0596480013594175,0,0,0,0,0.00733130164077737,0,0.00172034862619014,0,0.000118522598042927,0,0,0,0,0,0,0,0,0,0.000684016484054185,0,0.00313693179624509,2.96957944323146e-05,0.0027029907396761,0.00142099375809526,0
0,0,0,0,0,0,0.00352566008755482,0,0,0,0,0,0.0146591813587293,0,0,0,0,0,0,0,0.00993472302837294,0,0,0,0,0,0,0,0,0,0.0222027513168471,0,0,0,0,0,0.00192364430134131,0,0.00751700757189155,0,0,0,0,0,0,0,9.55545647647902e-06,0,0,0,0,0,0.00155064274597039,0,0,0,0.0974217800985058,0,0.0145254817370713,0,0,0,0,0.000119408628463694,0,0,0,0,0,0,0,0,0,0.0304507101637386,0,0,0,0,0,1.08528950500777e-05,0,0.00260313364408997,0.00116305422513218,1.7577009202796e-05,0.000299163720527074,0,0
0,0,0,0,0,0,0,0.0130069965536733,0,0,0,0,0,0.00249180932771435,0,0,0,0,4.23851873249635e-05,0.00472093178608976,0,0,0,0,0,0,0,0.000319067184264318,0,0.00104507805045102,0,0,0,0,0,0.00011922059381731,0,0.00395056744715209,0,0.000213900805776395,0,0,0,0,0,0.000343854566429877,0,0,0,0,0,0,0,0.00232114915908881,0,0,0,0.123135947196066,0,0.000218168081754875,0,0,0.00298086128931474,0,0,0,0,0,0,0,0.000226269927665741,0,0.0213768560941618,0,0,0,0,0,0.000167064049200963,0,0.000625493991056867,0,0.00195410765855599,0,0.000588583745597769,0,0
0,0,0,0,0,0,0.00279044284351143,0,0,0,0.0146591813587293,0,0,0,0.00345894304631471,0,0,0,0,0,0,0,0,0,0,0,0.000556262869984272,0,0.00206134570996868,0,0,0,0,0,0,0,0,0,0,0,0,0,0,0,0,0,0,0,0,0,0,0,0,0,0,0,4.22092755513237e-05,0,0.0148015787713602,0,0,0,0,0,0,0,0,0,0,0,0,6.29763395672603e-05,0,0,0,0,0,0,0,0,0,0,0.000148830796447507,0.000758219610836156,0,0,0
0,0.000119176321273551,0,0,0,0.0026805684074177,0,0.000360159742255388,0,0,0,0.00249180932771435,0,0,0,0.00951939190326159,0,0,0,0,0,0,0,0,0,0,0,0.00126370487210146,0,0,0,0,0,0,0,0,0,0,0,0,0,0,0,0,0,0,0,0,0,0.00033715818952328,0,0.000379051537743334,0,0.00174395844852941,0,0,0,0.000639279830174709,0,0.0297663015272053,0,0.00514528517011705,0,0,0,0,0,0,0,0,0.000422796975368265,0,0,0,0,0,0,0,0,0,0,0,0.000657645500603796,0.000374186948273118,0,0,0
0,0,0.000253029677027183,0,0,0,0,0,0.0381153381026223,0,0,0,0.00345894304631471,0,0,0,4.44604334111915e-05,0,0,0,0,0,0,0,6.30509395452977e-05,0,0,0,0,0,0,0,0,0,0,0,0,0,0,0,0,0,0,0,0,0,0,0,0.00289660584861671,0,0,0,0,0,0.00849273801556036,0,0,0,0.00481633241150926,0,0.0634400814621392,0,0,0,0,0,0,0.000215632012914163,0,0.00016636167129036,0,0,0,4.20931147126062e-05,0,0,0,0,0,0,0,0,5.56585731877934e-05,0,8.12771867533101e-05,0,0
0,0.000442315142315671,0,0,0,0,0,0,0,0.0291901443591067,0,0,0,0.00951939190326159,0,0,0,0.000555772716926529,0,0,0,0,0,0,0,0.000214595603213352,0,0,0,0,0,0,0,0,0,0,0,0,0,0,0,0,0,0,0,0,0,0,0,0.00114112516264957,0,0.00889119667833488,0,0,0,0.0185304553003632,0,0.000230182287693705,0,0.00481557307469451,0,0.0139720210042111,0,0,0,0,0.000280672166963219,0,0,0,0,0,0,0,0,0,0,0,0,0,0,0,0.000493193293982076,0,0,0,0
6.42434856803245e-05,0,2.60958331256122e-05,9.37452276454677e-05,0,0,0,0,0,0.000376912209365079,0,0,0,0,4.44604334111915e-05,0,0,0.144884990187747,0.0456772586992175,0,9.77701401505464e-05,0,0.000417578598818323,0.000247292376896447,0.000599797788018737,0.000219245379885613,0.00284848807888305,0,0,0,0,0,0,0,0,0.000100294636586522,8.92729535318616e-05,8.93034360679643e-06,2.67455808637798e-05,0.00136252274783768,0.000341416781414511,0.00123183588218459,0.00136951742831038,0,0,4.74851799227405e-05,0.000823853951669767,1.81374056520063e-05,0.000176894191397966,2.52407740639778e-05,0,0,0,0,0,0,3.22463189655713e-06,5.68757833895276e-05,0,0,0,0,0.000123114190810028,0.000670223301904344,0,0.000312336299971809,4.62010908283206e-05,6.36237006501192e-05,1.82738339103341e-05,1.04086329429808e-05,1.68099076813398e-05,0,4.78846877517316e-05,0.000331917514304824,0,0,0,0,0.00105418063308525,0.00138470058398183,7.01760229605573e-05,0.000613185475520736,0.0213321945093533,0.000667623184784991,0.0013005870687787,0.000627081352502827,0.000620994862080299
5.25177583117565e-05,0,0,0,0,0,0,0,0,0.00315029294066119,0,0,0,0,0,0.000555772716926529,0.144884990187747,0,0.0449708009220962,0,8.08659688143804e-05,0.00087830190460556,0,0.00888860002647004,0,0.00403798469662901,6.01539963353154e-05,5.58356670399924e-06,0,0,0,0,0,0,0,7.98247351576554e-05,9.17065028882563e-05,0,1.8422226068963e-05,0.00119244741286408,0.000164499225295727,0.00120912616662453,0.000847970364888237,0,0,1.7555326343637e-05,0.00039247781048494,5.44141530184092e-06,0.000172558996333134,3.91871646324415e-05,0,0,0,0,0,0,4.28551738606721e-06,2.03528277221736e-06,0,0,0,5.2433347525133e-05,2.57547005441051e-06,0.000338230957541334,0.00186438648860247,0,0.00270384164231304,0,4.84908423741557e-05,0,0,0,3.81733120427151e-06,5.79228291243536e-05,0,0,9.45490735736586e-05,0,0.000722621681305854,0.000975937559878323,3.02059719836986e-05,0.00029435107452588,0.0274411526475513,0.00298507748635922,0.000753973752639128,0.000970212622973457,0.0003433847064223
0.00170367908279282,0.00017453034133936,0,0.0007001107110404,0,0.000221435109996426,0,0,0.000136840577102648,0.00037380421778424,0,4.23851873249635e-05,0,0,0,0,0.0456772586992175,0.0449708009220962,0,0,0.00142531641744725,0,0,0.000473982933510522,0,0.000384022536848356,7.77779527561112e-05,0,0,0,1.24641862229938e-05,0,0,0,0,0.00153781696857774,0.000561940625550574,0.0002128374485545,9.06414824699458e-05,0.0286829449215047,0.00169681405066741,0.030909754386061,0.00835646063890531,0,0,0.000826825807220388,0.006009454591095,0.000429657106986773,0.00303612079233335,0.00253065000241987,0,0,0,0,4.93640088154773e-05,0,0.000135012378177801,0.00272382903234451,0,0,0,0,0.00125044533732597,0.00555395473678331,2.58473859901425e-05,0,0,0,4.49703080213646e-05,0,0.000417204077194918,7.68162051694734e-06,0.00284354164704258,0.00162773738371522,0,0,0,0,0.0123202345228318,0.00721565687090618,0.00359687929693693,0.00306659183531204,0.0145733923788279,6.9048634079562e-06,0.0183705503411614,0.0191365278318721,0.00568498490860089
0,0,0,0.00123090514153855,0,0.00523124793953178,0,7.54427415705639e-05,0,0.000706288817847053,0,0.00472093178608976,0,0,0,0,0,0,0,0,0,0,0,0,0,0,0,0,0,0,0,0,0,0,0,0.00856229209463449,0,0.000908907902622833,0,0.000433871244771703,0,0.00020322244578238,0,0,0,0.0105284162548211,0,0.000218148833653974,0,0.000483509484549143,0,0,0,0,0,0,0,0.000743305774334475,0,0,0,0,0.233006727779271,0,0,0,0,0,0,0,0,0,0.00140834723505663,0,0,0,0,0,0.00227984276764119,2.36482281645061e-06,0.000509702331696697,0,0.000922140804207894,4.58524240806612e-06,0.00107511981123293,2.98788737405572e-05,0
0,0,0,0,0,0,0.00129580701463381,0,0,0,0.00993472302837294,0,0,0,0,0,9.77701401505464e-05,8.08659688143804e-05,0.00142531641744725,0,0,0,0,0,0,0,0,0,0,0,0.000424269760556746,0,0,0,0,0,0.0126505271253177,0,0.00421567680718928,1.43346352908945e-05,0.00032346128037638,1.94985109955378e-05,0.00341176031641403,0,0,0,0.00524452110764665,0,0.000319587490112965,1.02448676802104e-05,0.0102333339554512,0,0,0,0.000179715418200359,0,0.0555135353414966,1.15086972248622e-05,0.000440634988223894,0,0,0,0,0.14901717134132,0,0,0,0,0,0,0,0.0001179289252974,0,0.0130197923290622,0,0,0,0,3.720355107793e-05,0.00651607372609208,1.73806503574337e-05,0.00474026447314663,0.00209516793798292,1.77672061069251e-05,0.00440495937029493,0,0.0004114169980737
0,0,0,5.35974838879931e-06,0,0,0,0,0,0,0,0,0,0,0,0,0,0.00087830190460556,0,0,0,0,0.000259385310507771,0.00669428919587916,0,0.000398530126495247,0,0.00300386072594451,0,0,0,0,0,0,0,0,0,0.0091976202120494,0,0,0,1.60836296091969e-05,0,0,0,0,0,5.59530271613596e-06,0,0.00825738248458189,0,0,0,0,0,0,0,2.78684515563439e-05,0,0,0,0,4.86905645362911e-06,0,0.0792165583011254,5.27153129175771e-06,0.00269630628007088,0,0.000202430980444772,0,0.000271285575540337,0,3.15741932671072e-05,0,0,0,0,0,1.73062254968748e-06,0,0.00427087313074282,0,0.00372815159489664,0.000535882215210015,3.5257986939416e-06,0,0
0,0,0,0,0,0,0,0,0,0,0,0,0,0,0,0,0.000417578598818323,0,0,0,0,0.000259385310507771,0,0,0.00333455689543746,0,0.0012489080792859,0,0.00181568662454209,0,0,0,0,0,0,0,0,0,0.00749090599819808,0,0,0,0,0,0,0,0,5.16407538310857e-05,0.000497911720923256,0,0,0,0,0,0,0,0,0,0,0,0,0,0,0,0,0.064808692363149,0,0.000728700752964949,0,0.00237811151072162,0,0.000639765196542939,0,0,0,0,0,0,0,0,0,0.00490256378184424,0.00208248237919521,0.00030829353715696,1.27537978445884e-05,0,0
0,0,0,0,0,0,0,0,0,0.00376793750187991,0,0,0,0,0,0,0.000247292376896447,0.00888860002647004,0.000473982933510522,0,0,0.00669428919587916,0,0,0,0.12382176039594,0,0,0,0,0,0,0,0,0,0,0,0.00527863008431521,0,0,0,0.0001072200965405,0,0,0,0,0,0,0,0.000847602286177204,0,0,0,0,0,0.00159421051560559,0,0,0,0,0,0.000645381074370871,0,0,0.00219798577506961,0,0.129036698076525,0,0.0402517554635898,0,4.52813219722294e-05,0,0,0,0,0,0,0,0,3.87168934631293e-06,0.00195097564890849,0,0.000799384106270134,0,0.0025593684721823,0,0
0,0,0,0,0,0,0,0,0.00429827207341215,0,0,0,0,0,6.30509395452977e-05,0,0.000599797788018737,0,0,0,0,0,0.00333455689543746,0,0,0,0.0211785400246227,0,0,0,0,0,0,0,0,0,0,0,0.00719846945830626,0,0,0,0,0,0,0,0,3.06607466430964e-05,8.89531860985291e-05,0,0,0,0,0,0.0339899197656483,0,0,0,0,0,0.000109969435163997,0,0,0,0,0.0107836035643412,0,0.100288778531462,0,0.0245122419014669,0,0,0,0,0,0,0,0,0,0,0,0.00101010222444002,0.000537637307642117,0,0.000209881980757228,0,0
0,0,0,0,0,0,0,0,0,0.00323936647521191,0,0,0,0,0,0.000214595603213352,0.000219245379885613,0.00403798469662901,0.000384022536848356,0,0,0.000398530126495247,0,0.12382176039594,0,0,0,0,0,0,0,0,0,0,0,0,0,0,0,0,0,0,0,0,0,0,0,0,0,0.000121210176009279,0,0,0,0,0,0.00375762304280606,0,0,0,0,0,0.00688769650193804,0,0,0.000298748585678049,0,0.0826385444850554,0,0.0256981322740265,0,0.000125504464394263,0,0,0,0,0,0,0,0,6.35369324011528e-06,0,0,1.00065896203221e-05,0,0,0,0
0,0,0,0,0,0,0,0,0,0,0,0,0.000556262869984272,0,0,0,0.00284848807888305,6.01539963353154e-05,7.77779527561112e-05,0,0,0,0.0012489080792859,0,0.0211785400246227,0,0,0,0.0026502744323568,0,0,0,0,0,0,0,0,0,0,0,0,0,0,0,0,0,0,0,0,0,0,0,0,0,0,0,0,0,0.00026012813439419,0,0,0,0,0,0,0.0015729023410999,0,0,0,0.019622443817727,0,0.00355696026695411,0,0,0,0,0,0,0,0,0,0,0.000150551782848692,0,0,0,0
0,0,0,0,0,0,0,0,0,0,0,0.000319067184264318,0,0.00126370487210146,0,0,0,5.58356670399924e-06,0,0,0,0.00300386072594451,0,0,0,0,0,0,0,0.00120595742149948,0,0,0,0,0,0,0,0.000625226101395723,0,0,0,2.23025930707109e-05,0,0,0,0,0,0,0,0.000190638108662701,0,0,0,0,0,0,0,1.09076322964727e-05,0,0.0029047487676081,0,0,0,0,0.000103172734404923,0,0,0,7.88040519365695e-05,0,0.041244184519345,0,1.15110683865862e-05,0,0,0,0,0,0,0,0.000414012466188816,0,0.000524394803998261,0,2.15010847725864e-05,0,0
0,0,0,0,0,0,0,0,0,0,0,0,0.00206134570996868,0,0,0,0,0,0,0,0,0,0.00181568662454209,0,0,0,0.0026502744323568,0,0,0,0.000550648934724201,0,0,0,0,0,0,0,0.00166026213700984,0,0,0,0,0,0,0,0,0,0,0,0,0,0,0,0,0,0,0,0.00141773379150976,0,0,0,0,0,0,0.00222117579406218,0,0,0,0.00183238654279381,0,0.0273164703780139,0,0,0,0,0,0,0,0,0,0.00130313023804251,0,0,0,0,0
0,0,0,0,0,0,0,0,0,0,0,0.00104507805045102,0,0,0,0,0,0,0,0,0,0,0,0,0,0,0,0.00120595742149948,0,0,0,0,0,0,0,0,0,0.00189854819428872,0,0,0,0,0,0,0,0,0,0,0,0,0,0,0,0,0,0,0,2.73894686602127e-05,0,0,0,0,0,0,0,0,0,0,0,0,0,0,0.0664236381595178,0,0,0,0,0,0,0,0.000421155533084399,0,0.000136028322323269,0,0,0,0
0,0,0,0,0,0,0,0,0,0,0.0222027513168471,0,0,0,0,0,0,0,1.24641862229938e-05,0,0.000424269760556746,0,0,0,0,0,0,0,0.000550648934724201,0,0,0,0,0,0,0,2.15319960724313e-05,0,0.00850977082249006,0,0,0,0,0,0,0,6.67702213660185e-05,0,4.43989308836841e-05,0,0,0,0,0,0,0,0.00877306539003356,0,0,0,0,0,0,0.000841421534679741,0,0,0,0,0,0,0,0.00189729311137356,0,0.0392903994187992,0,0,0,0,0,1.10582136370544e-05,0,0.00241443132054831,6.5949391655325e-05,0,0,0,0
0,0,0,0,0,0,0,0,0,0,0,0,0,0,0,0,0,0,0,0,0,0,0,0,0,0,0,0,0,0,0,0,0.0928275670144702,0.010044848903311,0.00127821350877765,0.0127824846140209,0.00258088520941716,0,0,0,0,0,0,0,0,0,0,0.15187674704603,0.00295404121886458,0.000721084392692934,0,0,0,0,0,0,0,0,0,0,0,0,0,0,0,0,0,0,0,0,0,0,0,0,0.100788053748636,0.0032036671872649,0.00508582842359822,0,0.00196909219704452,0.000879776822145636,0,0,0.002446229692956,0,0.00477499268184779,0,0
0,0,0,0,0,0,0,0,0,0,0,0,0,0,0,0,0,0,0,0,0,0,0,0,0,0,0,0,0,0,0,0.0928275670144702,0,0,0.000960018847684941,0.000953873317039639,0.00196615696184208,0,0,0,0,0,0,0,0,0,0,0.0280185072131779,0.00118213840319051,0,0,0,0,0,0,0,0,0,0,0,0,0,0,0,0,0,0,0,0,0,0,0,0,0,0.0126654280512999,0.0768264288178079,0,0.00213250868945917,4.277742623861e-05,0.00452990618339177,0,0,0.00270135152003702,0,0,0,0
0,0,0,0,0,0,0,0,0,0,0,0,0,0,0,0,0,0,0,0,0,0,0,0,0,0,0,0,0,0,0,0.010044848903311,0,0,0.0128322314539414,0.00428104721556114,0,0.00254065719378415,5.77777140387068e-06,0,0,0,0,0,0,0,0,0.0715415791149717,0,0.000750717657427052,0,0,0,0,0,0,0,0,0,0,0,0,0,0,0,0,0,0,0,0,0,0,0,0,0.0291584374168954,0.00314004429877866,0.146882607699388,0.0277978651079432,0.000363981172487921,2.20598635653071e-06,0.00361900115550292,0,0.00115024144888294,0,0.000314953006705495,0,0
0,0,0,0,0,0,0,0,0,0,0,0,0,0,0,0,0,0,0,0,0,0,0,0,0,0,0,0,0,0,0,0.00127821350877765,0.000960018847684941,0.0128322314539414,0,1.79940734064838e-05,0.00229719987064165,0.000130451841563544,0.000286900527335596,0,2.79755453742475e-05,0,0,0,0,0,0,0.105659513952635,0.00249921509604057,0,0,0,0,0,0,0,0,0,0,0,0,0,0,0,0,0,0,0,0,0,0,0,0,0,0.00239442674520973,0.00423792639363696,0.00918838472404002,0.0875134819261349,5.56789236026829e-06,0.00168702066384913,0,0.000269017407220978,0.000294023040933928,0,0,0,0
0,0,0,0.000377675558162657,0,0.00108632990597097,0,4.82251768548413e-05,0,0,0,0.00011922059381731,0,0,0,0,0.000100294636586522,7.98247351576554e-05,0.00153781696857774,0.00856229209463449,0,0,0,0,0,0,0,0,0,0,0,0.0127824846140209,0.000953873317039639,0.00428104721556114,1.79940734064838e-05,0,0.00618173538840549,0.0143863158747599,1.11978773948761e-05,0.000479658300177536,0,0.00103301595922611,2.02978448646207e-05,0,0,0.00521775920960352,5.23829832512056e-05,0.00207449746536223,7.88353228794608e-05,0.000487936335812186,0,4.15131994962434e-05,0,0,2.9392974363762e-05,0,0,0.000171998757253268,0,0,0,0,0.0125926102910811,0,0,0,0,0,2.15800496205167e-06,0,4.76785323851999e-05,4.2126062359198e-06,0.000203540301182381,0,0.00957418934556603,0,0.00475598942976071,0,0.162875481889266,0.000810316471629245,0.0045760211176478,1.49564450934126e-05,0.0134660163904601,0.00272771905013528,0.001918355958242,0.000910003336059843,8.44884928053182e-06
0,0,1.42547043954665e-06,2.3897139597019e-06,6.08739734770625e-05,0,0.000160971919466173,0,0,0,0.00192364430134131,0,0,0,0,0,8.92729535318616e-05,9.17065028882563e-05,0.000561940625550574,0,0.0126505271253177,0,0,0,0,0,0,0,0,0,2.15319960724313e-05,0.00258088520941716,0.00196615696184208,0,0.00229719987064165,0.00618173538840549,0,1.35828601448828e-05,0.0116603025221594,1.31775505793988e-05,0.000662145588543312,3.15275986263269e-05,0.000776359327278659,0,0,1.14180286200482e-05,0.0014878467414852,0.0012132217112927,0.00104757135611577,0,0.00027743400967692,0,1.19619809573959e-05,0,2.28679559188919e-06,0,0.000425841203693911,0,0.000178319755263699,0,0,0,0,0.00719537181584217,0,0,0,0,0,0,0,4.20447792968934e-06,1.63121944336741e-06,0.000300779517399968,6.8363877290412e-05,0.00150334014326044,0,0.00133865021794673,0.000611546916174037,0.127248882824377,0,0.0173729818093754,0.0203823572232936,0.0039377698864675,0.000885040536302967,0,0.000475713625033314
0,0,0,7.44602327639024e-06,0,0,0,0,0,0.00113864454608188,0,0.00395056744715209,0,0,0,0,8.93034360679643e-06,0,0.0002128374485545,0.000908907902622833,0,0.0091976202120494,0,0.00527863008431521,0,0,0,0.000625226101395723,0,0.00189854819428872,0,0,0,0.00254065719378415,0.000130451841563544,0.0143863158747599,1.35828601448828e-05,0,0.000657110061156258,2.93090065309516e-05,0,8.63777683572347e-05,0,0,0,0.00314425523139897,0,0.00549825214541736,0,0.00894761992347289,0,0,0,0,0,0.00127937250823566,0,0.00102106967500895,0,0,0,0,0.000652471741137881,7.28506372650681e-06,0.00404018247222662,0,0.00374724787169345,0,0,0,0.000575577687886859,0,0.000474097956545138,0,0,0,0.00126050286624955,0,0.0135582899208388,2.34726403432837e-05,0.0890676199582625,0.000137435045982193,0.00346986124046666,0.0001271330777149,0.00126504155028104,0.000127852958916711,0
2.19966382712963e-05,0,3.29250647869085e-06,0,0,0,0,0,0.000485836986244049,0,0.00751700757189155,0,0,0,0,0,2.67455808637798e-05,1.8422226068963e-05,9.06414824699458e-05,0,0.00421567680718928,0,0.00749090599819808,0,0.00719846945830626,0,0,0,0.00166026213700984,0,0.00850977082249006,0,0,5.77777140387068e-06,0.000286900527335596,1.11978773948761e-05,0.0116603025221594,0.000657110061156258,0,0,6.83282872869326e-06,7.63386668455087e-05,0.000478524012402075,0,0,0,0.000288535779603851,0.00511698736457084,0.00320311119616814,0,0,0,0,0,0.000118398590206094,0,0.00110156489098689,0,0,0,0,0,0,0.0021817191193374,0,0.00589255318641214,0,0.0103153702450032,0,0,0,0.000669764007335971,0,0.00380815310184794,0,0,0,0.00169444912026405,3.02986505241485e-06,0.00422867638026666,5.13673116183772e-05,0.09680746434418,0.00352443081037056,2.48176528273512e-05,0.0016043280477753,0,5.13505465561065e-05
0.00019726924732414,4.79270284324054e-05,0.000160472011958027,0.00797772567682164,0,0.00203329776100875,0,0,0,0,0,0.000213900805776395,0,0,0,0,0.00136252274783768,0.00119244741286408,0.0286829449215047,0.000433871244771703,1.43346352908945e-05,0,0,0,0,0,0,0,0,0,0,0,0,0,0,0.000479658300177536,1.31775505793988e-05,2.93090065309516e-05,0,0,0,0.085967725603459,0.00155219440196119,0,0,0.00881139629918254,0.000667119422186073,0.000257057106229317,0.000296247417564486,0.0201353552008312,0.000232931795424858,0.000488618177499367,0,0,0,0,3.58758692835339e-05,0.0017923984916599,0.000119420837495064,0,0,7.03708269358255e-05,0.010813265612655,0.000383132887690138,0,0,0,0,0,0,0.000299493364201571,0,0.00197746179091732,0.000345190047182041,0,0,0,0,0.00623839782256776,0.000438169138530374,0.000538785679582065,0.000277963411983442,0.00154979170545272,0.000187486702528966,0.0228545811975147,0.0327632850796489,0.000765215395983001
0,0,0.00047117803694633,0,0,0,0,0,0.000133991178242424,0,0,0,0,0,0,0,0.000341416781414511,0.000164499225295727,0.00169681405066741,0,0.00032346128037638,0,0,0,0,0,0,0,0,0,0,0,0,0,2.79755453742475e-05,0,0.000662145588543312,0,6.83282872869326e-06,0,0,0.000167094907788667,0.00755946073481062,0,0,0,0.00336998163303858,0.00807833440269524,0.0229981363558951,7.27600496490521e-05,0.000979266007595072,0,0,0,0.00147121533410912,0,0.000981555260014654,0,0.000497927473968446,0,0.000478438333248522,0,0,0.010729678967728,0,0,0,0,0,0,0,6.24418416682441e-05,0,0.00373432039989123,0,0,0,0,4.90199233646798e-05,0.013733425554687,1.46409976747771e-05,0.000661341873477998,0.000337264242150511,0,0.0071423991546878,0.000129193823773244,0.00821432462571206
1.23705295129457e-05,0.00906426415740274,9.10421279885532e-06,0.016821411478232,0,0.00119087164912319,0,0,0,0.00300786099713677,0,0,0,0,0,0,0.00123183588218459,0.00120912616662453,0.030909754386061,0.00020322244578238,1.94985109955378e-05,1.60836296091969e-05,0,0.0001072200965405,0,0,0,2.23025930707109e-05,0,0,0,0,0,0,0,0.00103301595922611,3.15275986263269e-05,8.63777683572347e-05,7.63386668455087e-05,0.085967725603459,0.000167094907788667,0,0.017990025055323,0,1.33462018124167e-05,0.00344534013199066,0.000380262729411953,0.00472685702042956,0.00154883457267427,0.025153666909902,2.22445489216818e-05,0.000272640308577523,0,0,1.92793337886509e-05,0.00201480102954964,3.45324492139389e-05,0.0120462661077598,6.65547051587918e-06,0,0,0,0.00226234950447874,0.000295990959185901,0.00016434376453271,0,0.00602707172627091,6.01584061876229e-05,0.000483163423305255,0,0.00590857550121836,0,0.0092368756195319,0.000198523024572746,0,0,4.04147890978141e-05,0,0.0136712642872754,0.000317349416439979,0.00090932441041288,0.000180739936936186,0.00727789011064133,0.000236925573313248,0.0773735652378352,0.111241591612656,0.000209382881889764
0.00526212529771927,0,0.00460337729062974,0.000270336897816744,0,5.68047996985816e-05,0,0,0.00219483275795877,0.000124157682309913,0,0,0,0,0,0,0.00136951742831038,0.000847970364888237,0.00835646063890531,0,0.00341176031641403,0,0,0,0,0,0,0,0,0,0,0,0,0,0,2.02978448646207e-05,0.000776359327278659,0,0.000478524012402075,0.00155219440196119,0.00755946073481062,0.017990025055323,0,0,0.000224818969343202,9.81794269995116e-06,0.0442770523765288,0.00145649157932074,0.0429819258948679,0.00119171773301032,0.00112427504354681,0,0,0,0.00378921914296143,0,0.0516568594023213,5.0228750695841e-05,0.00111618584901904,0,8.11034032646046e-05,0,1.15048185044968e-05,0.0370986137076276,0,0,0,0.000105248901131093,0,0,2.89942637395168e-05,0.00675083121165178,0.000191832387775224,0.0574693262023954,0,0,0.000239230174233778,0,0.000444604253357813,0.0131840478007075,9.55635030786055e-06,0.00824328070285262,0.00444086075944828,3.95564944067557e-05,0.0699826495444785,0.000665043721703285,0.0485472180453033
0,0,0,0,0,0,0,0,0,0,0,0,0,0,0,0,0,0,0,0,0,0,0,0,0,0,0,0,0,0,0,0,0,0,0,0,0,0,0,0,0,0,0,0,0,0,0,0,0,0,0,0,0,0,0,0,0,0,0,0,0,0,0,0,0,0,0,0,0,0,0,0,0,0,0,0,0,0,0,0,0,0,0,0,0,0,0
0,0,0,0,0,0,0,0,0,0,0,0,0,0,0,0,0,0,0,0,0,0,0,0,0,0,0,0,0,0,0,0,0,0,0,0,0,0,0,0,0,1.33462018124167e-05,0.000224818969343202,0,0,0,0.000178856630914024,0,2.90215249723353e-05,0,0,0,0,0,0.00233656865405057,0,0,0,0.000233040121610437,0,0,0,0,5.97480386636982e-05,0,0,0,0,0,0,0,0,0,8.09003586628616e-05,0,0,0,0,1.71524749161949e-06,4.12767244838758e-05,0,7.76627146386452e-05,1.28396696273198e-05,0,0.000163223588386204,0.00122847537527226,0
0,2.66871154591135e-05,0,0.0014375563747893,0,7.85686313083567e-05,0,0,0,0,0,0.000343854566429877,0,0,0,0,4.74851799227405e-05,1.7555326343637e-05,0.000826825807220388,0.0105284162548211,0,0,0,0,0,0,0,0,0,0,0,0,0,0,0,0.00521775920960352,1.14180286200482e-05,0.00314425523139897,0,0.00881139629918254,0,0.00344534013199066,9.81794269995116e-06,0,0,0,4.01587697859847e-05,0.000302600476026356,2.80785760689452e-05,0.00255608503581802,0,0,0,0,0,0,0,0.00541875840334197,0,0,0,1.17881047335174e-05,0.041382103362664,0.000134472398677673,9.40574327094835e-06,0,0,0,0,0,0.000275127259148569,0,0.00820689516307822,0,0,0,0,0,0.0113340029948817,1.88383796442804e-05,0.00968747456559731,0,0.000136066830196143,6.34917758343654e-06,0.0140952799305017,0.000374625276385155,0
0.000366377529922465,0,0.000614017620496404,7.46819878876925e-06,0,0,0,0,0,0,9.55545647647902e-06,0,0,0,0,0,0.000823853951669767,0.00039247781048494,0.006009454591095,0,0.00524452110764665,0,0,0,0,0,0,0,0,0,6.67702213660185e-05,0,0,0,0,5.23829832512056e-05,0.0014878467414852,0,0.000288535779603851,0.000667119422186073,0.00336998163303858,0.000380262729411953,0.0442770523765288,0,0.000178856630914024,4.01587697859847e-05,0,0,0.00149801438346254,1.15329083332143e-05,0.00082072650981006,0,0,0,0.00140330482782917,0,0.00095664592326901,9.16678485900441e-06,0.000600522283722502,0,4.57698484526876e-05,0,0,0.0293841608768189,0,0,0,0,0,0,0,6.73113177042676e-06,0,0.00561026460348086,0,0,0,0,0.000161745766787808,0.0162230431870524,2.43750209521992e-06,0.00371992815459949,0.000670231359542114,0,0.00965995416151172,0.000216899760273415,0.0044559444969413
0,0,0,0.00144306570099243,0,0.00221627275892307,0,0,0,0,0,0,0,0,0,0,1.81374056520063e-05,5.44141530184092e-06,0.000429657106986773,0.000218148833653974,0,5.59530271613596e-06,5.16407538310857e-05,0,3.06607466430964e-05,0,0,0,0,0,0,0.15187674704603,0.0280185072131779,0.0715415791149717,0.105659513952635,0.00207449746536223,0.0012132217112927,0.00549825214541736,0.00511698736457084,0.000257057106229317,0.00807833440269524,0.00472685702042956,0.00145649157932074,0,0,0.000302600476026356,0,0,0.267139784404378,0.0614681071115227,0.000114908961809795,0.000544778634007327,0,0,0,0,1.25113912533703e-05,9.16502785707569e-05,3.95961675624878e-05,0,0,0,0,1.94998484207333e-05,0,3.55480280276911e-05,0,0.000263936623997514,1.29965133356912e-05,0,0.000105501404479183,0,0.000248606786414673,0,0.0642168166850328,0.00662273727835063,0.0333356237638466,0.00818554239420283,0.0067688389685353,0.0151417770967486,0.00226481820146685,0.000825649659326897,0.00756110315892337,0,0.0278584889853985,0.000175983850102013,0
0.0210622455781767,0,0.00618843107734,1.48844343746511e-05,0,0.000154024529924897,0,0,0.0172249917464838,0,0,0,0,0,0.00289660584861671,0,0.000176894191397966,0.000172558996333134,0.00303612079233335,0,0.000319587490112965,0,0.000497911720923256,0,8.89531860985291e-05,0,0,0,0,0,4.43989308836841e-05,0.00295404121886458,0.00118213840319051,0,0.00249921509604057,7.88353228794608e-05,0.00104757135611577,0,0.00320311119616814,0.000296247417564486,0.0229981363558951,0.00154883457267427,0.0429819258948679,0,2.90215249723353e-05,2.80785760689452e-05,0.00149801438346254,0.267139784404378,0,0.00541963213049856,0.00591887363533234,0,0,0,0.0181169329390128,0,0.00926133787812191,0,0.00280922045679098,0,0.00619869852227415,0,0,0.006632179611532,0,0.00186245965096777,0,0.00954099558215124,0,0.00191879105304841,0,0.0253247824029511,0,0.0102665060358103,0.00625785784351073,0.00103960143564001,4.13726611725148e-05,0.00718863736445323,8.07071901736736e-05,0.0130414281753664,8.07854212497394e-06,0.00949636036057143,0.00426440123592044,0,0.0523191927099632,0,0.00133910249572546
1.48965227871674e-05,0.00801764967790163,0,0.0146938855601458,0,0.00382465754419824,0,0,0,0.00383128326318367,0,0,0,0.00033715818952328,0,0.00114112516264957,2.52407740639778e-05,3.91871646324415e-05,0.00253065000241987,0.000483509484549143,1.02448676802104e-05,0.00825738248458189,0,0.000847602286177204,0,0.000121210176009279,0,0.000190638108662701,0,0,0,0.000721084392692934,0,0.000750717657427052,0,0.000487936335812186,0,0.00894761992347289,0,0.0201353552008312,7.27600496490521e-05,0.025153666909902,0.00119171773301032,0,0,0.00255608503581802,1.15329083332143e-05,0.0614681071115227,0.00541963213049856,0,0,0.000923071798330046,0,0,0,0.000818988245695498,0,0.00867902003310256,0,0.00532208679593348,0,0.024186205663347,0.000934639390914225,0.000176025132618662,0.00847768776336297,0,0.00880138915145123,0,0.016325778478865,0,0.00799440250775421,0,0.00797549002657355,0,8.31781029816501e-05,0,0.00195702502238438,0,0.00387962648182615,4.3384657466285e-05,0.00793647984346109,2.71951543562481e-05,0.00452384487268983,0.000147610104203277,0.0247671398207825,0.0226652044872176,3.53215970769769e-05
0,0,0.00027265295370997,0,0.004260394072053,0,0,0,0,0,0,0,0,0,0,0,0,0,0,0,0.0102333339554512,0,0,0,0,0,0,0,0,0,0,0,0,0,0,0,0.00027743400967692,0,0,0.000232931795424858,0.000979266007595072,2.22445489216818e-05,0.00112427504354681,0,0,0,0.00082072650981006,0.000114908961809795,0.00591887363533234,0,0,0,0.0105230655915993,0,0.000717019009717129,0,0.00580015110089764,0,0.00406508375721608,0,0,0,0,0.00919303445125614,0,0,0,0,0,0,0,0,0,0,0,0,0,0,0,0.000112830313259333,0,4.96651490970961e-05,0.000225062650778359,4.24264402168219e-05,0.00328914179063121,0,0
0,0,0,0.0325156192828324,0,0.0895072600924782,0,0.00167692440131764,0,0,0,0,0,0.000379051537743334,0,0.00889119667833488,0,0,0,0,0,0,0,0,0,0,0,0,0,0,0,0,0,0,0,4.15131994962434e-05,0,0,0,0.000488618177499367,0,0.000272640308577523,0,0,0,0,0,0.000544778634007327,0,0.000923071798330046,0,0,0,0,0,0,0,0.00130096094122618,0,0.00205646683292372,0,0.00218342763337553,9.495387988483e-05,0,0,0,0,0,0,0,0,0,0,0,0,0,0,0,5.69128806016285e-05,0,0,0,0.000929604141040527,3.04071134826263e-06,0.000982524449771329,0.000489849790331693,0
0,0,0,0,0,0,0.0399014734039858,0,0,0,0.00155064274597039,0,0,0,0,0,0,0,0,0,0,0,0,0,0,0,0,0,0,0,0,0,0,0,0,0,1.19619809573959e-05,0,0,0,0,0,0,0,0,0,0,0,0,0,0.0105230655915993,0,0,0,0,0,0.0219223794745437,0,0,0,0,0,0,0,0,0,0,0,0,0,0,0,0,0,0,0,0,0,0,1.33131722766238e-05,0,0,2.30729303548755e-05,5.39603285987041e-06,0,0,0
0,0,0,0,0,0.00313085523561989,0,0.0806608193185361,0,0,0,0.00232114915908881,0,0.00174395844852941,0,0,0,0,0,0,0,0,0,0,0,0,0,0,0,0,0,0,0,0,0,0,0,0,0,0,0,0,0,0,0,0,0,0,0,0,0,0,0,0,0,0,0,0.0197799794778492,0,0.0020149990708048,0,0,0,0,0,0,0,0,0,0,0,0,0,0,0,0,0,0,0,0,0,0,0.000205410763604469,0,0,0,0
0.0400902001764931,0,0.0715630850441805,0,0,0,0,0,0.107180193900992,0,0,0,0,0,0.00849273801556036,0,0,0,4.93640088154773e-05,0,0.000179715418200359,0,0,0,0.0339899197656483,0,0,0,0,0,0,0,0,0,0,2.9392974363762e-05,2.28679559188919e-06,0,0.000118398590206094,0,0.00147121533410912,1.92793337886509e-05,0.00378921914296143,0,0.00233656865405057,0,0.00140330482782917,0,0.0181169329390128,0,0.000717019009717129,0,0,0,0,0,0.00406181231439168,0,0.00122563267223041,0,0.0191274688401703,0,0,0.000472304317166896,0,0,0,0.0657473074041509,0,0,0,0.000280472640829166,0,0.00148678659271817,0,0,0,0,4.93027491112836e-05,7.87115407644946e-05,1.22677348305457e-05,0.000103028402543164,0.000764143845233024,0,0.00350055183251194,0.000434126656936422,0.0003124333742306
0,0.0786069501871477,0,0.0241586697905091,0,0,0,0,0,0.163093813414272,0,0,0,0,0,0.0185304553003632,0,0,0,0,0,0,0,0.00159421051560559,0,0.00375762304280606,0,0,0,0,0,0,0,0,0,0,0,0.00127937250823566,0,0,0,0.00201480102954964,0,0,0,0,0,0,0,0.000818988245695498,0,0,0,0,0,0,0,0,0,0,0,0.0106997125618186,0,0,0,0,0.0487383011692826,0,0.000800357069928005,0,0,0,0,0,0,0,0,0,0,0,0.00129721768795592,0,0.000203212618252736,0,0.00561211429517217,0.000294181028536091,0
9.88598238409657e-05,0,0.00148600146738391,0,0.000191666571940509,0,0.0129177424136304,0,0.00114762394607577,0,0.0974217800985058,0,4.22092755513237e-05,0,0,0,3.22463189655713e-06,4.28551738606721e-06,0.000135012378177801,0,0.0555135353414966,0,0,0,0,0,0,0,0,0,0.00877306539003356,0,0,0,0,0,0.000425841203693911,0,0.00110156489098689,3.58758692835339e-05,0.000981555260014654,3.45324492139389e-05,0.0516568594023213,0,0,0,0.00095664592326901,1.25113912533703e-05,0.00926133787812191,0,0.00580015110089764,0,0.0219223794745437,0,0.00406181231439168,0,0,0,0.0177207230854426,0,0.000147355501284907,0,0,0.0612562931669104,0,0,0,0,0,0,0,0.00948100784259345,0,0.0866912883978807,0,0,0,0,3.5922192708204e-06,0.000276800707642128,0,0.00104713812901322,0.00126063501754744,1.31131045924833e-05,0.0179149823887247,0,0.00576699520613151
0,0.000122521373239474,0,0.00501615339104708,0,0.000227404327053551,0,0.00631760449475591,0,2.07965974123392e-05,0,0.123135947196066,0,0.000639279830174709,0,0.000230182287693705,5.68757833895276e-05,2.03528277221736e-06,0.00272382903234451,0.000743305774334475,1.15086972248622e-05,2.78684515563439e-05,0,0,0,0,0,1.09076322964727e-05,0,2.73894686602127e-05,0,0,0,0,0,0.000171998757253268,0,0.00102106967500895,0,0.0017923984916599,0,0.0120462661077598,5.0228750695841e-05,0,0,0.00541875840334197,9.16678485900441e-06,9.16502785707569e-05,0,0.00867902003310256,0,0.00130096094122618,0,0.0197799794778492,0,0,0,0,0,0.00769258199239118,0,0.002272246086954,0.0114500571433728,2.02362040338903e-05,0.000807529446243202,0,0,0,0.00465546149208289,0,0.019794906045654,0,0.0348932350373319,4.03909635170088e-05,0,0,0,0,0.00134673278445894,8.49233178848099e-05,0.000131824798400574,3.98793282854207e-05,0.000380899400464667,2.71209727939251e-05,0.0091637053062353,0.00890073540584897,0
0,0,0.000312962160533929,8.85101099249493e-05,0.0143834541647985,0,0.000181796137524925,0,0.000998388781892189,0,0.0145254817370713,0,0.0148015787713602,0,0.00481633241150926,0,0,0,0,0,0.000440634988223894,0,0,0,0,0,0.00026012813439419,0,0.00141773379150976,0,0,0,0,0,0,0,0.000178319755263699,0,0,0.000119420837495064,0.000497927473968446,6.65547051587918e-06,0.00111618584901904,0,0.000233040121610437,0,0.000600522283722502,3.95961675624878e-05,0.00280922045679098,0,0.00406508375721608,0,0,0,0.00122563267223041,0,0.0177207230854426,0,0,0,0.00449551947684134,0,0,0.00612739879108633,0,0,0,0,0,0,0,0.00921676183943039,0,0.000962904081334837,0,0,0,0,0,2.95314625395671e-05,0,3.02214387269794e-05,0.000273180473944602,0.000233282746248822,0.00137652778191846,0,0
0,0,0,0,0,0.000304746180080532,0,0.00443211991404298,0,0,0,0.000218168081754875,0,0.0297663015272053,0,0.00481557307469451,0,0,0,0,0,0,0,0,0,0,0,0.0029047487676081,0,0,0,0,0,0,0,0,0,0,0,0,0,0,0,0,0,0,0,0,0,0.00532208679593348,0,0.00205646683292372,0,0.0020149990708048,0,0,0,0.00769258199239118,0,0,0,0.0102976744766387,0,0,0,0,2.87511146114007e-05,0,0.0031894201054972,0,0.00402750511844498,0,0,0,0,0,0,0,4.79589910410969e-06,0,0,0,7.96166237771503e-05,0,6.14039945310651e-05,0,0
0.0100281104409464,0,0.000224721109950733,0,0,0,0,0,0.074747287196195,0,0,0,0,0,0.0634400814621392,0,0,0,0,0,0,0,0,0,0.000109969435163997,0,0,0,0,0,0,0,0,0,0,0,0,0,0,0,0.000478438333248522,0,8.11034032646046e-05,0,0,0,4.57698484526876e-05,0,0.00619869852227415,0,0,0,0,0,0.0191274688401703,0,0.000147355501284907,0,0.00449551947684134,0,0,0,0,0.000110801334825806,0,0,0,0,0,0,0,0,0,0.000267528061327377,0,0,0,0,0,0,0,0,8.20253933163208e-05,0,0.000251715137519789,0,0
0,0.00228507185936269,0,0.00486900113004238,0,0.0129436256810414,0,0,0,0.0596480013594175,0,0,0,0.00514528517011705,0,0.0139720210042111,0,5.2433347525133e-05,0,0,0,0,0,0.000645381074370871,0,0.00688769650193804,0,0,0,0,0,0,0,0,0,0,0,0,0,7.03708269358255e-05,0,0,0,0,0,1.17881047335174e-05,0,0,0,0.024186205663347,0,0.00218342763337553,0,0,0,0.0106997125618186,0,0.002272246086954,0,0.0102976744766387,0,0,2.52161714622175e-05,0,0,0,0.00118710138421898,0,0.00666608079742205,0,0,0,0,0,0,0,0,0,0,0,0,0,4.83580098858126e-05,0,0.000168520088140505,0.000379586638182222,0
0,0,0,0.00373126182680634,0,0.00160245854340986,0,0.00181302684574919,0,0,0,0.00298086128931474,0,0,0,0,0.000123114190810028,2.57547005441051e-06,0.00125044533732597,0.233006727779271,0,4.86905645362911e-06,0,0,0,0,0,0,0,0,0,0,0,0,0,0.0125926102910811,0,0.000652471741137881,0,0.010813265612655,0,0.00226234950447874,1.15048185044968e-05,0,0,0.041382103362664,0,0,0,0.000934639390914225,0,9.495387988483e-05,0,0,0,0,0,0.0114500571433728,0,0,0,2.52161714622175e-05,0,0,4.74239203878341e-05,0,0,0,1.95777454158053e-05,0,0.00202648331066431,0,0.0103671460637037,0,0,0,0,0,0.0203584592868535,6.58118221627074e-06,0.000690310910416493,0,0.00081129173090647,1.18402667232117e-06,0.016930175284437,0.00110118436967822,0.000162015015139089
