0,0,0.0159284618106595,0,0,0,0,0,0.0148846674462982,0,0,0,0,0,0,0,0,0,0.00497725203506678,0,0,0,0,0,0,0,0,0,0,0,0,0,0,0,0,0,2.07043465356191e-06,0,0,0,3.2463659103101e-05,0,0.00448183123198153,0,0,0,0,0,0.000328903983637421,0,0,0,0,0,0.0477920441029119,0,0,0,0,0,0,0,0,0,0,0,0,0.000496750707844178,0,0,0,0,0,0,0,0,0,0,3.55233978921246e-06,8.69407747556226e-05,0,0,0.000331868010215855,0,0.00619338420140304,0,0
0,0,0,0.00422002034451933,0,0,0,0,0,0.0100457466501185,0,0,0,0,0,0.00046490787907235,8.78607637641918e-06,0,0.00257429227853848,0,0,0,0,0.000516275748769134,0,0,0,0,0,0,0,0,0,0,0,0,0,1.33637216798262e-05,0,0.000229350954999191,3.34675687784884e-05,0.0218135640132957,0,0,0,7.88642531097789e-05,9.54054762385115e-06,0,0,0.0162763795674349,0,0,0,0,0,0.0847412583921874,0,0.000414873888715123,0,5.10727753770882e-05,0,0.00315149154125332,2.84717936416597e-05,0,0,0,0,0,0,0,0,0,0.000588408587224844,0,0,0,0,0,2.18417941119714e-05,0,1.82059306094397e-05,0,0.00088223555718017,0,0.0154523411957709,9.2336122463881e-05,0
0.0159284618106595,0,0,0,0.00342272657262315,0,0,0,0.000286621338085324,0,0,0,0,0,0,0,0,0,4.27604463190245e-06,0,0.000260757176685285,0,0,0,0,0,0,0,0,0,0,0,0,0,0,0,0,0,0,0,0.00056135115904265,0,0.00427780170731434,0,0,0,0,0,0.00655419837933403,0,0.018303514377855,0,0,0,0,0,0.00427090026697159,0,0.000819789455603998,0,0.00261425306281437,0,0,0.000976304305216641,0,0,0,0,0,0,0,0,0,0.00164575024322389,0,0,0,0,0,0.000144174632203726,0,3.12253434395878e-05,0.000109491840392042,0,0.00463338779794672,0,0.00195457567472955
0,0.00422002034451933,0,0,0,0.00607267038820135,0,0,0,0.00234153401835404,0,0,0,0,0,0,0,0,0,0.00224709757396885,0,0,0,0.000204666035078346,0,0,0,0,0,0,0,0,0,0,0,0,0,0,0,0.000388595829032713,0,0.00147495934063957,0,0,0,9.77415610885813e-05,0,0,0,0.00234561072681902,0,0.0268593564630894,0,0,0,0.00581636377629632,0,0.00351644003613677,0,0.00875841900147053,0,0.0354801804281814,0.00115375043401189,0,0,0,0,0,0,0,0,0,0.00205272121683992,0,0,0,0,0,6.05459654557127e-05,0,0.000227564793310403,0,0.000172925456795203,4.29745438416761e-06,0.0135030480838941,0.00015114187382733,0
0,0,0.00342272657262315,0,0,0,0,0,0.00274194247379839,0,0,0,0,0,0.0144508534651459,0,0,0,0,0,0,0,0,0,0,0,0,0,0,0,0,0,0,0,0,0,0,0,0,0,0,0,0,0,0,0,0,0,0,0,0.00459468921580081,0,0,0,0,0,0.000109146433103159,0,0,0,0.00170899435702249,0,0,0,0,0,0,0,0,0,0,0,0,0,0,0,0,0,0,0,0,0,0.000666343568541335,0,0.00368791591100873,0,0
0,0,0,0.00607267038820135,0,0,0,0,0,0.00171177321743388,0,0,0,0,0,0,0,0,0,0,0,0,0,0,0,0,0,0,0,0,0,0,0,0,0,0,0,0,0,0,0,0,0,0,0,0,0,0,0,0,0,0.0235881729715531,0,0,0,0,0,0,0,6.07219844823703e-05,0,0.000665514702211534,0,0,0,0,0,0,0,0,0,0,0,0,0,0,0,0,0,0,0,0,0.000802886176155357,6.02322283335374e-05,0.00294560474431954,0,0
0,0,0,0,0,0,0,0,0,0,0.00502909149948472,0,0,0,0,0,0,0,0,0,0,0,0,0,0,0,0,0,0,0,0,0,0,0,0,0,0,0,0,0,0,0,0,0,0,0,0,0,0,0,0,0,0.0182293676607347,0,0,0,0.0217679350405867,0,0.00497172943224392,0,0,0,0,0,0,0,0,0,0,0,0,0,0,0,0,0,0,0,0,0,0,0,0.00012141091643613,0,0,0,0
0,0,0,0,0,0,0,0,0,0,0,0.00424134873987815,0,0,0,0,0,0,0,0,0,0,0,0,0,0,0,0,0,0,0,0,0,0,0,0,0,0,0,0,0,0,0,0,0,0,0,0,0,0,0,0,0,0.0420863245087838,0,0,0,0.0171820003351262,0,0.000511940112523629,0,0,0,0,0,0,0,0,0,0,0,0,0,0,0,0,0,0,0,0,0,0,0,0,0,0,0
0.0148846674462982,0,0.000286621338085324,0,0.00274194247379839,0,0,0,0,0,0,0,0,0,0.00268060595719084,0,0,0,0,0,0,0,0,0,0.000578162264806945,0,0,0,0,0,0,0,0,0,0,0,0,0,0.000395623551525643,0,0,0,0.000738709854711476,0,0,0,0,0,0.00124677857485576,0,0,0,0,0,0.108730044066219,0,1.1674099212801e-05,0,0,0,0.0180485128022796,0,0,0,0,0,0,0.000125215684395649,0,0.00615111138422306,0,0,0,0,0,0,0,0,0,0,0,0.000196672761498,0.000108063850056037,0.000147894292321674,0.000569682731952806,0,0.000264600625436091
0,0.0100457466501185,0,0.00234153401835404,0,0.00171177321743388,0,0,0,0,0,0,0,0,0,0.036895312544058,0,3.91339635825716e-05,0,0,0,0,0,0.00170688360678475,0,0,0,0,0,0,0,0,0,0,0,0,0,0.00043465680194224,0,0,0,0.000529214142341914,0,0,0,0,0,0,0,0.0089047891751105,0,0.00722780538633313,0,0,0,0.133494209680537,0,0.000241669377731223,0,0,0,0.00498066478456303,0,0,0,0,0.000912587860388002,0,0,0,0,0,0.000247516305301398,0,0,0,0,0,0,0,0.000893327899034599,0,0.00266145301451519,0.00197899007424251,0.00093686516270232,0.00173272200532821,0
0,0,0,0,0,0,0.00502909149948472,0,0,0,0,0,0.0001457998259745,0,0,0,0,0,0,0,0.00400177057028902,0,0,0,0,0,0,0,0,0,0.00263730455123298,0,0,0,0,0,0.000586271680415047,0,0.00903445014662041,0,0,0,0,0,0,0,0,0,0,0,0,0,0.00243779684820045,0,0,0,0.0489721982298735,0,4.60597885043193e-05,0,0,0,0,0.00192677239895995,0,0,0,0,0,0,0,0,0,0.000104501233523825,0,0,0,0,0,0.000453669358818626,0,0.00102443700434606,0.000306277888748417,0,0,0,0
0,0,0,0,0,0,0,0.00424134873987815,0,0,0,0,0,8.06436548500898e-05,0,0,0,0,0,0.0136702558624916,0,0,0,0,0,0,0,0,0,0.00104730025266203,0,0,0,0,0,0.00167236583479252,0,0.00259434349498542,0,0,0,0,0,0,0,0,0,0,0,0,0,0.000143963716653207,0,0.000706657186858037,0,0,0,0.102438417520706,0,4.01840443373658e-05,0,0,0.0129261973314943,0,0,0,0,0,0,0,0,0,0.00502705895807203,0,0,0,0,0,9.37775423186939e-05,0,0.00075308983714171,0,0.000686121525321124,0,0.000677346483497765,0,0
0,0,0,0,0,0,0,0,0,0,0.0001457998259745,0,0,0,0.00412175677759591,0,0,0,0,0,0,0,0,0,0,0,0,0,0.000122174707939848,0,0,0,0,0,0,0,0,0,0,0,0,0,0,0,0,0,0,0,0,0,0,0,0,0,0,0,0.000710371610184537,0,0.0222160153679532,0,0,0,0,0,0,0,0,0,0,0,0,0,0,0,0,0,0,0,0,0,0,0,2.200171957511e-05,0.000183531877429262,0,0,0
0,0,0,0,0,0,0,0,0,0,0,8.06436548500898e-05,0,0,0,0,0,0,0,0,0,0,0,0,0,0,0,0.00426110226996069,0,0,0,0,0,0,0,0,0,0,0,0,0,0,0,0,0,0,0,0,0,0,0,0,0,0,0,0,0,0.00125962191275048,0,0.00434722446839803,0,0,0,0,0,0,0,0,0,0,0.00031696233433288,0,0,0,0,0,0,0,0,0,0,0,0.000107717872745383,8.87879877672874e-06,0,0,0
0,0,0,0,0.0144508534651459,0,0,0,0.00268060595719084,0,0,0,0.00412175677759591,0,0,0,0.000690792347780974,0,0,0,0,0,0,0,0,0,0,0,0,0,0,0,0,0,0,0,0,0,0,0,0,0,0,0,0,0,0,0,0,0,0.000860923887954081,0,0,0,0.000207986682653427,0,0,0,0.000331280868266623,0,0.00503094325113512,0,0,0,0,0,0,0,0,0,0,0,0,0,0,0,0,0,0,0,0,0,0.000149053393385783,0,0,0,0
0,0.00046490787907235,0,0,0,0,0,0,0,0.036895312544058,0,0,0,0,0,0,0,0,0,0,0,0,0,0.000440004468316581,0,0,0,0,0,0,0,0,0,0,0,0,0,0,0,0,0,6.31503829382147e-05,0,0,0,0,0,0,0,0.000660617774667616,0,0,0,0,0,0.0117781267658561,0,0,0,0,0,0.0124862274436917,0,0,0,0,0,0,0,0,0,0,0,0,0,0,0,0,0,0,0,0,0.00020486679713102,0,8.06196425786776e-05,0,0
0,8.78607637641918e-06,0,0,0,0,0,0,0,0,0,0,0,0,0.000690792347780974,0,0,0.127646226212102,0.0527394053756949,0,2.57658310697153e-05,0,0.000391535215851484,0,0.000797195598748839,0,0.00104641045119761,0,0.0008491789603756,0,0,0,0,0,0,7.13279323594018e-06,5.51022408858351e-05,0,0,0.0012660018355333,0.00170685147505034,0.000609083735990101,0.00119329939213056,1.04544061985254e-05,0,0.00101054410591586,0.00182652168030479,0,0,0,0,0,0,0,0,0,1.53407082030164e-05,0.000101006945054351,0,0,0,0,0.000373940907198978,0.00131656340069693,0,0.000144400993272684,0,0,0,0.0011679953882624,0,0,0.000135412121134247,1.52090314805902e-05,0,0,0,0,0.000674474031874311,0.00188926242414509,7.67636537604028e-05,4.65314273986342e-06,0.0192975986125009,0.00978022712253853,0.00330609694807442,0.000319091172167427,0.00108916282322472
0,0,0,0,0,0,0,0,0,3.91339635825716e-05,0,0,0,0,0,0,0.127646226212102,0,0.0416576509243254,0,0,2.918350335953e-05,0,0,0.000331612407847479,0.00136118485709796,4.59276855203172e-05,3.92493030608367e-05,0,0,0,0,0,0,0,0,9.89332572610192e-07,0,0,0.000377789906211388,0.000116592160467263,0.000204797243740171,0.000121527567459482,0,0,0.000113950614513034,0.000259292643666119,0,0,0,0,0,0,0,0,0,0,1.45601342209867e-05,0,0,0,0,6.94563116316184e-05,0.000241389400190639,0,0,4.33631076827202e-05,0,1.98157622799573e-05,4.71786655648651e-05,0,0,8.84899614273524e-05,0,0,1.35781471535899e-05,0,0,0.000219654833366237,0.000185342918925013,4.8345003264908e-05,0,0.0179045289766905,0.0135404305103333,0.00050787284479895,6.25724007833378e-05,0.000193451598756891
0.00497725203506678,0.00257429227853848,4.27604463190245e-06,0,0,0,0,0,0,0,0,0,0,0,0,0,0.0527394053756949,0.0416576509243254,0,0,5.71251485707572e-05,0,0,0,8.72495675256022e-05,0,0,0,0,0,0,0,0,0,0,8.71862693367483e-05,0.0002469721157468,0,2.62169343161631e-06,0.0250702910705283,0.013087549193047,0.0182249947978725,0.00412160881903816,0,0.000419109843478333,0.0109139753827098,0.00923724921792751,0,3.89774132639107e-05,0,0,0,0,0,0,0,0.000164973372300094,0.0034038661674809,0,0,0,0,0.00393808342406414,0.00762337873816798,0,0,0,0,0,0,0,0,0.00567898600985359,0.000126314527589759,0,9.81817075939239e-06,0,0,0.00889808669718834,0.0103986818712893,0.000937896123088528,4.22310145797015e-05,0.0106199262995128,1.14722796664219e-05,0.0315841417246076,0.0123381194356785,0.00425413850621359
0,0,0,0.00224709757396885,0,0,0,0,0,0,0,0.0136702558624916,0,0,0,0,0,0,0,0,0,0,0,0,0,0,0,0,0,0,0,0,0,0,0,0.00813821468090131,0,0.0018742813009447,0,0,0,0,0,0,0,3.01539065944439e-05,0,0,0,0,0,0.00229216185547069,0,0,0,0,0,0.00450390263348205,0,0.000127399992453195,0,0.000484084102731755,0.0810595147006405,0,0,0,0,0,0,0,0,0,0,0,0,0,0,0,0.00312874654955371,0,0.000252234819801884,0,0.000606833907723171,0,0.00294418853847042,0,0
0,0,0.000260757176685285,0,0,0,0,0,0,0,0.00400177057028902,0,0,0,0,0,2.57658310697153e-05,0,5.71251485707572e-05,0,0,0,0,0,0,0,0,0,0,0,0,0,0,0,0,0,0.00586146347641161,0,0.00152544340913485,0,0,0,0.000132380638592473,0,0,0,0.000259792016214301,0,0,0,0.0020222148270546,0,0,0,0,0,0.00651860667262305,0,4.25898801691728e-05,0,3.34119922961275e-05,0,0,0.0392999201479705,0,0,0,0,0,0,0,0,0,5.47733330043601e-05,0,0,0,0,0,0.00349112791452306,0,6.29823963651014e-05,0.000777345687380385,8.56121913284471e-06,0.0086001109283714,0,0
0,0,0,0,0,0,0,0,0,0,0,0,0,0,0,0,0,2.918350335953e-05,0,0,0,0,2.20960800786675e-05,0.000441314528004877,0,0.000659920046717978,0,0.000213150168762864,0,0,0,0,0,0,0,0,0,0.00384716849207321,0.000152099240555944,0,0,0,0,0,0,0,0,0,0,0.00137322916509704,0,0,0,0,0,0,0,0,0,0,0,0,0,0,0.0568413019545619,0.000914832286192518,0.00126072590092927,0,1.06288267582758e-05,0,0,0,0,0,0,0,0,0,0,0,0.00323503840740292,0,0.000946558449033092,0.000164266398093312,0,0,0
0,0,0,0,0,0,0,0,0,0,0,0,0,0,0,0,0.000391535215851484,0,0,0,0,2.20960800786675e-05,0,0,0.00292048475484633,0,0.000284861156501852,0,0,0,0,0,0,0,0,0,0,0,0.00210897298569404,0,0,0,0,0,0,0,0,0,0.00051157761628285,0,0,0,0,0,0,0,0,0,0,0,0,0,0,0,0,0.0613018953414258,0,0.000552279732947317,0,0.00119039668705972,0,0.000987844026676826,0,0,0,0,0,0,0,0,0,0.00166874736224161,0.00146892275196986,0.000601544432087098,0,0,0
0,0.000516275748769134,0,0.000204666035078346,0,0,0,0,0,0.00170688360678475,0,0,0,0,0,0.000440004468316581,0,0,0,0,0,0.000441314528004877,0,0,0,0.008005434984166,0,0,0,0,0,0,0,0,0,0,0,0.00316105414677906,0,0,0,6.96904876034411e-05,0,0,0,0,0,0,0,0.000270712289488134,0,0,0,0,0,0.0289114176928925,0,0,0,0,0,0.000853577470460824,0,0,0.00224887810040252,0,0.0575380416152972,0,0,0,0,0,0,0,0,0,0,0,0,0,0.00445599107999035,0,0.000575938588893852,0,0.000178659060933024,0.000157193674418534,0
0,0,0,0,0,0,0,0,0.000578162264806945,0,0,0,0,0,0,0,0.000797195598748839,0.000331612407847479,8.72495675256022e-05,0,0,0,0.00292048475484633,0,0,0,0.00119309827491667,0,0,0,0,0,0,0,0,0,0,0,0.0016687337527192,0,0,0,0,0,0,0,0,0,0.00445256491538766,0,0,0,0,0,0.00364998522678201,0,0,0,0,0,0.00129111524954486,0,0,0,0,0.000249983664177496,0,0.051310241293678,0,0.0272707494336521,0,0,0,0,0,0,0,0,0,1.21395154061617e-06,0,0.00111837884619638,0.000123945908276912,0,0.000572142738746182,0,0
0,0,0,0,0,0,0,0,0,0,0,0,0,0,0,0,0,0.00136118485709796,0,0,0,0.000659920046717978,0,0.008005434984166,0,0,0,0,0,0,0,0,0,0,0,0,0,0,0,0,0,0,0,0,0,0,0,0,0,0,0,0,0,0,0,0,0,0,0,0,0,0,0,0,0.00531076116508084,0,0.00181826178669116,0,0.00761538553940957,0,0,0,0,0,0,0,0,0,0,0,0,0,0,0,0,0,0
0,0,0,0,0,0,0,0,0,0,0,0,0,0,0,0,0.00104641045119761,4.59276855203172e-05,0,0,0,0,0.000284861156501852,0,0.00119309827491667,0,0,0,0.00104786323956479,0,0,0,0,0,0,0,0,0,0,0,0,0,0,0,0,0,0,0,0,0,0,0,0,0,0,0,0,0,0,0,0,0,0,0,0,0,0,0.00271150023836375,0,0.0150610629168877,0,0.00479900391650887,0,0,0,0,0,0,0,0,0,0,9.70468283706041e-06,4.03073063520284e-06,0,0,0
0,0,0,0,0,0,0,0,0,0,0,0,0,0.00426110226996069,0,0,0,3.92493030608367e-05,0,0,0,0.000213150168762864,0,0,0,0,0,0,0,0.00813240858854764,0,0,0,0,0,0,0,0.000876385980739145,0,0,0,0,0,0,0,0,0,0,0,0,0,0,0,0,0,0,0,0,0,0,0,0,0,0,0.000845282937805147,0,0,0,0.00456226342752568,0,0.0355097979814834,0,0,0,0,0,0,0,0,0,0.000102011678339741,0,0.000316411498768008,0,0,0,0
0,0,0,0,0,0,0,0,0,0,0,0,0.000122174707939848,0,0,0,0.0008491789603756,0,0,0,0,0,0,0,0,0,0.00104786323956479,0,0,0,0.0396105692020467,0,0,0,0,0,0,0,0.000435944526237319,0,0,0,0,0,0,0,0,0,0,0,0,0,0,0,0,0,0,0,0.000175423176122217,0,0,0,0,0,0,0,0,0,0,0,0,0.0218168882223189,0,0.00290904977272214,0,0,0,0,0,0,0,0,0.000230795094730248,0.000413322434050813,0,0,0
0,0,0,0,0,0,0,0,0,0,0,0.00104730025266203,0,0,0,0,0,0,0,0,0,0,0,0,0,0,0,0.00813240858854764,0,0,0,0,0,0,0,0,0,0.000574510250056166,0,0,0,0,0,0,0,0,0,0,0,0,0,0,0,0,0,0,0,0.000671231973711627,0,0,0,0,0,0,0,0,0,0,0,0,0.00669311213622172,0,0.0916234467570419,0,0,0,0,0,0,0,0.00109972883782749,0,3.44275964309563e-05,0,0,0,0
0,0,0,0,0,0,0,0,0,0,0.00263730455123298,0,0,0,0,0,0,0,0,0,0,0,0,0,0,0,0,0,0.0396105692020467,0,0,0,0,0,0,0,0,0,0.000676212611183633,0,0,0,0,0,0,0,0,0,0,0,0,0,0,0,0,0,0.00325295793517124,0,0,0,0,0,0,0,0,0,0,0,0,0,0,0.00960154343967827,0,0.0268243681569776,0,0,0,0,0,0,0,0.000935997061599935,6.03260018921275e-06,0,0,0,0
0,0,0,0,0,0,0,0,0,0,0,0,0,0,0,0,0,0,0,0,0,0,0,0,0,0,0,0,0,0,0,0,0.0229444774253959,0.000913536371920052,0,0.000732019061777382,0,0,0,0,0,0,0,0,0,0,0,0.0515392070668535,0,0.000221951069420784,0,0,0,0,0,0,0,0,0,0,0,0,0,0,0,0,0,0,0,0,0,0,0,0,0.115114777255422,0.00559517087835982,0.0100081978600164,0,0.00467881930233624,0,0,0,0.00101945454911694,0,0,0,0
0,0,0,0,0,0,0,0,0,0,0,0,0,0,0,0,0,0,0,0,0,0,0,0,0,0,0,0,0,0,0,0.0229444774253959,0,0.00164247079157233,0,0,0.00276312734754402,0,0,0,0,0,0,0,0,0,0,0.0962906753479418,0.00033123491837241,0.000160716025103987,0,0,0,0,0,0,0,0,0,0,0,0,0,0,0,0,0,0,0,0,0,0,0,0,0.0332463727163049,0.0624697467268038,0.00189131965937555,0.00186055553650445,0,0.00160501781445446,0,0,0.000156486280414566,0,0,0,0
0,0,0,0,0,0,0,0,0,0,0,0,0,0,0,0,0,0,0,0,0,0,0,0,0,0,0,0,0,0,0,0.000913536371920052,0.00164247079157233,0,0.0393872272596018,0.00195701989630205,0,0.0060787917611923,4.99565570819994e-05,0,0,0,0,0,0,0,0,0.0346564958121457,6.21940783828638e-05,0.00221525985514129,0,0,0,0,0,0,0,0,0,0,0,0,0,0,0,0,0,0,0,0,0,0,0,0,0.00131031233638604,0.000521477269160232,0.0773803474386527,0.0632528513824466,0.000212609850844004,0,0.0115217100869232,1.07839467688111e-05,0.000294132540464147,4.79482755623061e-06,0,0,0
0,0,0,0,0,0,0,0,0,0,0,0,0,0,0,0,0,0,0,0,0,0,0,0,0,0,0,0,0,0,0,0,0,0.0393872272596018,0,0,0.0073222929651188,0.00132656175352083,0.00379343634753835,0,0,0,0,0,0,0,0,0.0582223663939602,0,0,0,0,0,0,0,0,0,0,0,0,0,0,0,0,0,0,0,0,0,0,0,0,0,0,0.000664450583534013,5.9038919184135e-05,0.0260539983118721,0.0925810107699291,0,0.00134213659856491,0,0.00335498591619453,0.000152654960088279,0,0,0,0
0,0,0,0,0,0,0,0,0,0,0,0.00167236583479252,0,0,0,0,7.13279323594018e-06,0,8.71862693367483e-05,0.00813821468090131,0,0,0,0,0,0,0,0,0,0,0,0.000732019061777382,0,0.00195701989630205,0,0,0.00218634539338964,0.0103109327025391,0,2.7933096300017e-05,0,0.000112067795410281,0,0,0,0.00010755163333543,0,0.000846513680775028,0,7.17533376883634e-05,0,0,0,0,0,0,0,0.000539627293992939,0,0,0,0,0.00935883825331345,0,0,0,0,0,0,0,0,0,1.04182365277411e-05,0,0.00231713845099459,1.06260331449448e-05,0.00445677581956158,0,0.0872706169952104,0.00027912510718325,0.00443383278527664,0,0.00426791264507956,0.000471678794630191,0.00157218442098471,6.54488595030374e-06,0
2.07043465356191e-06,0,0,0,0,0,0,0,0,0,0.000586271680415047,0,0,0,0,0,5.51022408858351e-05,9.89332572610192e-07,0.0002469721157468,0,0.00586146347641161,0,0,0,0,0,0,0,0,0,0,0,0.00276312734754402,0,0.0073222929651188,0.00218634539338964,0,0,0.0131815239574375,1.50063858035898e-06,2.22022039035151e-06,0,8.74123018133686e-05,0,0,1.40287815624971e-06,0.000165077581391245,0.000475490299406719,0,0,9.50214862112186e-06,0,0,0,0,0,0.00162400569499992,0,3.45092579124597e-06,0,0,0,0,0.0119084445539339,0,0,0,0,0,0,0,0,0,0,0,0.00375993195863109,0,0.00635272175775315,0.000274180227816981,0.076310603293595,0,0.00157351342716897,0.0048548475911932,0.000206946575120513,0.000227355427972059,0,1.7119780017088e-06
0,1.33637216798262e-05,0,0,0,0,0,0,0,0.00043465680194224,0,0.00259434349498542,0,0,0,0,0,0,0,0.0018742813009447,0,0.00384716849207321,0,0.00316105414677906,0,0,0,0.000876385980739145,0,0.000574510250056166,0,0,0,0.0060787917611923,0.00132656175352083,0.0103109327025391,0,0,0.000843364233786494,0,0,4.54620622559581e-06,0,0,0,9.08714481709561e-06,0,0.000356800309490873,0,0.00531613938790106,0,0,0,0,0,0.000940898559335679,0,0.00425430251916614,0,0,0,0,0.000256843172108035,0,0.00243514135692347,0,0.00406576046254739,0,0,0,3.37391155796614e-05,0,0.000603468127340308,0,0,0,0.00564665492174185,1.91736552415541e-05,0.00458000649909445,0,0.0778486447034115,0.000328540832193634,0.0015379849876845,0,0.000435652724085527,7.15162101949597e-06,0
0,0,0,0,0,0,0,0,0.000395623551525643,0,0.00903445014662041,0,0,0,0,0,0,0,2.62169343161631e-06,0,0.00152544340913485,0.000152099240555944,0.00210897298569404,0,0.0016687337527192,0,0,0,0.000435944526237319,0,0.000676212611183633,0,0,4.99565570819994e-05,0.00379343634753835,0,0.0131815239574375,0.000843364233786494,0,0,0,0,0,0,0,0,0,0.00697961129427395,0.00376218837398796,0,0,0,0,0,0.00238856988174018,0,0.00253522612646908,0,0,0,0,0,0,0.00192509222064985,0,0.00128861518731843,0,0.00171037343878957,0,0,0,0,0,0.000191804220878282,0,0,0,0.00407111359867632,0,0.00658821076897111,6.83569032844389e-06,0.0885013278347414,0.00229080364325372,2.32961792511355e-05,0.00088758018564245,0,0
0,0.000229350954999191,0,0.000388595829032713,0,0,0,0,0,0,0,0,0,0,0,0,0.0012660018355333,0.000377789906211388,0.0250702910705283,0,0,0,0,0,0,0,0,0,0,0,0,0,0,0,0,2.7933096300017e-05,1.50063858035898e-06,0,0,0,0.000803730514950259,0.0919638687702889,6.03829130246814e-05,0,0,0.0102791851161811,6.33953257048051e-05,0.00230830733665618,0.013850786631089,0.0326705521861614,0,0,0,0,0,0,0,0.000400940807148642,0,0,0,0.000199973821904815,0.00389954563806711,2.05133658499847e-05,0,0,0,0,0,0,0,0,0.000502051830977128,0,0,0,0,0,0.0031413674229419,6.70070085311433e-05,0.000106363511373304,0,0.000690402477947723,0,0.0250283131102906,0.0259216241065573,0
3.2463659103101e-05,3.34675687784884e-05,0.00056135115904265,0,0,0,0,0,0,0,0,0,0,0,0,0,0.00170685147505034,0.000116592160467263,0.013087549193047,0,0,0,0,0,0,0,0,0,0,0,0,0,0,0,0,0,2.22022039035151e-06,0,0,0.000803730514950259,0,0.00035689850871051,0.0568357454167764,0,0.000626419914785754,4.55079572057621e-05,0.0157471170280897,0.000405328555734786,0.00264705176212039,0.000166965904535001,0,0,0,0,0,0,0.00117096782836396,0,0,0,0,0,0,0.00647924190826346,0,0,0,0,0,0,0,0,0,0,0,0,0,0,2.0087444150768e-05,0.00303865314965647,1.27909447793003e-05,1.90107818722384e-05,0.00107211459101462,0,0.025190779300738,5.80692033724365e-05,0.0266927572277599
0,0.0218135640132957,0,0.00147495934063957,0,0,0,0,0,0.000529214142341914,0,0,0,0,0,6.31503829382147e-05,0.000609083735990101,0.000204797243740171,0.0182249947978725,0,0,0,0,6.96904876034411e-05,0,0,0,0,0,0,0,0,0,0,0,0.000112067795410281,0,4.54620622559581e-06,0,0.0919638687702889,0.00035689850871051,0,0.00852894961844348,0.00054278948754133,0,0.0133281171250369,0.00019361250447015,0.000801788571452681,0.000246510999275007,0.0267758907524334,0,0,0,0,0,0.00034321950435131,0,0.0115048881363746,0,0,0,0.000351240562454157,0.0109888658647466,1.79694459416667e-05,0,0,0,0,0,0,0,0,0.0172230537767291,0,0,0,0,0,0.00570907083713607,9.74880014343216e-05,0.00013147066447202,0,0.00644947051978203,3.88955009394174e-05,0.0621645858262442,0.0642815270752036,9.14747249790874e-05
0.00448183123198153,0,0.00427780170731434,0,0,0,0,0,0.000738709854711476,0,0,0,0,0,0,0,0.00119329939213056,0.000121527567459482,0.00412160881903816,0,0.000132380638592473,0,0,0,0,0,0,0,0,0,0,0,0,0,0,0,8.74123018133686e-05,0,0,6.03829130246814e-05,0.0568357454167764,0.00852894961844348,0,0,0.00156293321357228,8.52001325127002e-05,0.00747148415118662,0.0014129822774835,0.0115730830579365,0.000239122121769077,0,0,0,0,0,0,0.0334059737364899,0,0.000243462838138348,0,0,0,0,0.0105736684051791,0,0,0,0,0,0,0,0,0,0.0040360527409504,0,1.03800961239603e-05,0,0,3.21445820410989e-05,0.00716852890402837,0,8.62142940694428e-05,0.00506463950982612,3.7530606458365e-05,0.085459184233462,4.55718622775542e-05,0.0560994219379336
0,0,0,0,0,0,0,0,0,0,0,0,0,0,0,0,1.04544061985254e-05,0,0,0,0,0,0,0,0,0,0,0,0,0,0,0,0,0,0,0,0,0,0,0,0,0.00054278948754133,0,0,0,0,0,0,0,0,0,0,0,0,0,0,0,0,0,0,0,0,6.52156515982757e-05,0,0,0,0,0,0,0,0,0,0,0,0,0,0,0,2.41172799472539e-06,0,0,0,2.52661738004519e-05,0,6.93708916795432e-05,0,0
0,0,0,0,0,0,0,0,0,0,0,0,0,0,0,0,0,0,0.000419109843478333,0,0,0,0,0,0,0,0,0,0,0,0,0,0,0,0,0,0,0,0,0,0.000626419914785754,0,0.00156293321357228,0,0,0,0.000810497390723586,0,8.24453482294065e-05,0,0,0,0,0,0,0,0,0,0,0,0,0,0,0.000270772365806946,0,0,0,0,0,0,0,0,0,0,0,0,0,0,0,3.34916928416757e-05,0,0,8.58218608252648e-05,0,0.000538536464801899,0,0.00193383763130501
0,7.88642531097789e-05,0,9.77415610885813e-05,0,0,0,0,0,0,0,0,0,0,0,0,0.00101054410591586,0.000113950614513034,0.0109139753827098,3.01539065944439e-05,0,0,0,0,0,0,0,0,0,0,0,0,0,0,0,0.00010755163333543,1.40287815624971e-06,9.08714481709561e-06,0,0.0102791851161811,4.55079572057621e-05,0.0133281171250369,8.52001325127002e-05,0,0,0,0.000198515635064155,0,0,0,0,0,0,0,0,0,0,0.00198401416009987,0,0,0,0,0.0472089206165351,1.38447478119243e-05,0,0,0,0,0,0,0,0,0.00205273914676174,0,0,0,0,0,0.0039489485232225,6.92059013303719e-05,0.00628981793376054,0,0.000411599266780772,0,0.0216095510887862,0.00141839852150113,6.15234052035564e-05
0,9.54054762385115e-06,0,0,0,0,0,0,0,0,0,0,0,0,0,0,0.00182652168030479,0.000259292643666119,0.00923724921792751,0,0.000259792016214301,0,0,0,0,0,0,0,0,0,0,0,0,0,0,0,0.000165077581391245,0,0,6.33953257048051e-05,0.0157471170280897,0.00019361250447015,0.00747148415118662,0,0.000810497390723586,0.000198515635064155,0,0,0,0,0,0,0,0,0,0,0.000496806124942539,0,0,0,0,0,1.47744959415142e-05,0.0651249627184271,0,0,0,0,0,0,0,0,0,4.39858516724163e-05,0,3.97930712487742e-05,0,0,2.24952173381322e-05,0.00826305186283047,0,0.000280561652672609,0.000506705176960695,0,0.00577477014974659,2.54672899521798e-05,0.000933349638992287
0,0,0,0,0,0,0,0,0,0,0,0,0,0,0,0,0,0,0,0,0,0,0,0,0,0,0,0,0,0,0,0.0515392070668535,0.0962906753479418,0.0346564958121457,0.0582223663939602,0.000846513680775028,0.000475490299406719,0.000356800309490873,0.00697961129427395,0.00230830733665618,0.000405328555734786,0.000801788571452681,0.0014129822774835,0,0,0,0,0,0.222585007264465,0.122473385616162,0,0,0,0,0,0,0,0,0,0,0,0,0,3.57918526595481e-05,0,0,0,0,0,0,0,0,0,0,0.00389877175475481,0.0106308400745435,0.0105042789891368,0.00298859371846213,0.00461637355962844,0.0011483340569251,0.00122483120879241,0.00114584774792125,0.011750690552183,8.7604383732578e-06,0.00802646202240984,0,0
0.000328903983637421,0,0.00655419837933403,0,0,0,0,0,0.00124677857485576,0,0,0,0,0,0,0,0,0,3.89774132639107e-05,0,0,0,0.00051157761628285,0,0.00445256491538766,0,0,0,0,0,0,0,0.00033123491837241,6.21940783828638e-05,0,0,0,0,0.00376218837398796,0.013850786631089,0.00264705176212039,0.000246510999275007,0.0115730830579365,0,8.24453482294065e-05,0,0,0.222585007264465,0,0.1257566859305,0,0,0,0,2.31290260139549e-05,0,0.00154929934632158,0,4.67703561902164e-05,0,0,0,0,0,0,0.00225523366269057,0,0.022457074279445,0,0,0,0.00261953761754651,0,0.00125104458635052,0,0.000117636692671216,0,0,0,0.00125417757893243,0,0.00996263388076744,0.00733006689136204,2.93456986723684e-05,0.035970324873843,0,0.000219990902265629
0,0.0162763795674349,0,0.00234561072681902,0,0,0,0,0,0.0089047891751105,0,0,0,0,0,0.000660617774667616,0,0,0,0,0,0.00137322916509704,0,0.000270712289488134,0,0,0,0,0,0,0,0.000221951069420784,0.000160716025103987,0.00221525985514129,0,7.17533376883634e-05,0,0.00531613938790106,0,0.0326705521861614,0.000166965904535001,0.0267758907524334,0.000239122121769077,0,0,0,0,0.122473385616162,0.1257566859305,0,0,0,0,0,0,0.00624254469603394,0,0.00446104534648658,0,0,0,0.00649721945825508,5.99980496949083e-05,0,0.00398099097747593,0,0.00771064102375166,0,0.000897169592048064,0,0.00711490647480525,0,0.00910785693386303,0,0,0,0,0,0.00243901118977915,0,0.00361217986647744,0,0.00456241112371342,1.34133387493249e-05,0.0364024350937499,0.000896696947479819,0
0,0,0.018303514377855,0,0.00459468921580081,0,0,0,0,0,0,0,0,0,0.000860923887954081,0,0,0,0,0,0.0020222148270546,0,0,0,0,0,0,0,0,0,0,0,0,0,0,0,9.50214862112186e-06,0,0,0,0,0,0,0,0,0,0,0,0,0,0,0,0,0,0.000911250135730179,0,0.0114291112126999,0,0.00668311763896627,0,0.0136004428177415,0,0,0.00141804781681934,0,0,0,0,0,0,0,0,0,0,0,0,0,0,0,8.30129354847861e-05,0,0,3.46732699108914e-05,0,0.00952494046749503,0,0
0,0,0,0.0268593564630894,0,0.0235881729715531,0,0,0,0.00722780538633313,0,0.000143963716653207,0,0,0,0,0,0,0,0.00229216185547069,0,0,0,0,0,0,0,0,0,0,0,0,0,0,0,0,0,0,0,0,0,0,0,0,0,0,0,0,0,0,0,0,0,0.0119489900332883,0,0.00685216613253901,0,0.0109656142636791,0,0.000889467669843078,0,0.000690483869719954,0.00177972094772768,0,0,0,0,0,0,0,0,0,0,0,0,0,0,0,4.57186576431536e-06,0,0,0,0.00108160742475227,0,0.00457057085879606,0,0
0,0,0,0,0,0,0.0182293676607347,0,0,0,0.00243779684820045,0,0,0,0,0,0,0,0,0,0,0,0,0,0,0,0,0,0,0,0,0,0,0,0,0,0,0,0,0,0,0,0,0,0,0,0,0,0,0,0,0,0,0,0,0,0.00831447580323648,0,0.0058653270556869,0,0,0,0,0.00103467518982403,0,0,0,0,0,0,0,0,0,0,0,0,0,0,0,0,0,0,0,0,0,0,0
0,0,0,0,0,0,0,0.0420863245087838,0,0,0,0.000706657186858037,0,0,0,0,0,0,0,0,0,0,0,0,0,0,0,0,0,0,0,0,0,0,0,0,0,0,0,0,0,0,0,0,0,0,0,0,0,0,0,0.0119489900332883,0,0,0,0,0,0.0217557707980296,0,0.00434992429309426,0,0,0,0,0,0,0,0,0,0,0,0,0,0,0,0,0,0,0,0,0,0,0,0,0,0,0
0.0477920441029119,0,0,0,0,0,0,0,0.108730044066219,0,0,0,0,0,0.000207986682653427,0,0,0,0,0,0,0,0,0,0.00364998522678201,0,0,0,0,0,0,0,0,0,0,0,0,0,0.00238856988174018,0,0,0,0,0,0,0,0,0,2.31290260139549e-05,0,0.000911250135730179,0,0,0,0,0,0,0,0,0,0.0453824650505883,0,0,0,0,0,0,0.0285533419865008,0,0.000305145901443507,0,0,0,0,0,0,0,0,0,0,0,0.0073836483576058,4.50079678733602e-05,0,0.00175774868773082,0,0
0,0.0847412583921874,0,0.00581636377629632,0,0,0,0,0,0.133494209680537,0,0,0,0,0,0.0117781267658561,0,0,0,0,0,0,0,0.0289114176928925,0,0,0,0,0,0,0,0,0,0,0,0,0,0.000940898559335679,0,0,0,0.00034321950435131,0,0,0,0,0,0,0,0.00624254469603394,0,0.00685216613253901,0,0,0,0,0,0,0,0,0,0.0206411112422564,0,0,0,0,0.0335386542088593,0,0,0,0,0,0,0,0,0,0,0,0,0,0.0044204518370646,0,3.33782732785384e-05,0,0.000525666078466087,0,0
0,0,0.00427090026697159,0,0.000109146433103159,0,0.0217679350405867,0,1.1674099212801e-05,0,0.0489721982298735,0,0.000710371610184537,0,0,0,1.53407082030164e-05,0,0.000164973372300094,0,0.00651860667262305,0,0,0,0,0,0,0,0,0,0.00325295793517124,0,0,0,0,0,0.00162400569499992,0,0.00253522612646908,0,0.00117096782836396,0,0.0334059737364899,0,0,0,0.000496806124942539,0,0.00154929934632158,0,0.0114291112126999,0,0.00831447580323648,0,0,0,0,0,0.00436215894520672,0,8.24274637316914e-05,0,0,0.0346098053737,0,0,0,0,0,0,0,9.51641237917074e-05,0,0.017260147164463,0,0,0,0,0,0.00242750508907699,0,0.00073748037757378,0.00179600803159402,6.8668352385243e-06,0.0329649975055372,0,0.00334724780578137
0,0.000414873888715123,0,0.00351644003613677,0,0,0,0.0171820003351262,0,0.000241669377731223,0,0.102438417520706,0,0.00125962191275048,0,0,0.000101006945054351,1.45601342209867e-05,0.0034038661674809,0.00450390263348205,0,0,0,0,0,0,0,0,0,0.000671231973711627,0,0,0,0,0,0.000539627293992939,0,0.00425430251916614,0,0.000400940807148642,0,0.0115048881363746,0,0,0,0.00198401416009987,0,0,0,0.00446104534648658,0,0.0109656142636791,0,0.0217557707980296,0,0,0,0,0,0.00439147795049224,0,0.000727705138562972,0.0313063434576491,0,0,0,0,0,0,0,0,0,0.0349608347502879,0,0,0,0,0,0.000747372947908092,0,0.000225540534684515,0,0.00165088688796616,0,0.0143128952015336,0.00395791421148907,0
0,0,0.000819789455603998,0,0,0,0.00497172943224392,0,0,0,4.60597885043193e-05,0,0.0222160153679532,0,0.000331280868266623,0,0,0,0,0,4.25898801691728e-05,0,0,0,0,0,0,0,0.000175423176122217,0,0,0,0,0,0,0,3.45092579124597e-06,0,0,0,0,0,0.000243462838138348,0,0,0,0,0,4.67703561902164e-05,0,0.00668311763896627,0,0.0058653270556869,0,0,0,0.00436215894520672,0,0,0,0.000261469003206812,0,0,0.00015883898504281,0,0,0,0,0,0,0,3.73419970856048e-05,0,0,0,0,0,0,0,5.00757300459562e-05,0,0,1.98572005659893e-05,0,0.000995787895038739,0,0
0,5.10727753770882e-05,0,0.00875841900147053,0,6.07219844823703e-05,0,0.000511940112523629,0,0,0,4.01840443373658e-05,0,0.00434722446839803,0,0,0,0,0,0.000127399992453195,0,0,0,0,0,0,0,0,0,0,0,0,0,0,0,0,0,0,0,0,0,0,0,0,0,0,0,0,0,0,0,0.000889467669843078,0,0.00434992429309426,0,0,0,0.00439147795049224,0,0,0,0.00358084616093956,3.85623674437723e-05,0,0,0,0,0,0,0,0.00182498625681842,0,0,0,0,0,0,0,0,0,0,0,0,5.49074957234552e-06,5.56935525540802e-05,0,0
0,0,0.00261425306281437,0,0.00170899435702249,0,0,0,0.0180485128022796,0,0,0,0,0,0.00503094325113512,0,0,0,0,0,3.34119922961275e-05,0,0,0,0.00129111524954486,0,0,0,0,0,0,0,0,0,0,0,0,0,0,0,0,0,0,0,0,0,0,0,0,0,0.0136004428177415,0,0,0,0.0453824650505883,0,8.24274637316914e-05,0,0.000261469003206812,0,0,0,0,0,0,0,0,0.0165366492061595,0,0,0,0,0,0,0,0,0,0,0,0,0,0,0,0,0.000284489126710338,0,0
0,0.00315149154125332,0,0.0354801804281814,0,0.000665514702211534,0,0,0,0.00498066478456303,0,0,0,0,0,0.0124862274436917,0,0,0,0.000484084102731755,0,0,0,0.000853577470460824,0,0,0,0,0,0,0,0,0,0,0,0,0,0,0,0.000199973821904815,0,0.000351240562454157,0,0,0,0,0,0,0,0.00649721945825508,0,0.000690483869719954,0,0,0,0.0206411112422564,0,0.000727705138562972,0,0.00358084616093956,0,0,0,0,0,0,0,0,0,0,0,0,0.000381471112445575,0,0,0,0,0,1.25209849140443e-05,0,2.65431328018992e-05,0,0.000170060231880161,0,0.00165923827657786,0,0
0,2.84717936416597e-05,0,0.00115375043401189,0,0,0,0,0,0,0,0.0129261973314943,0,0,0,0,0.000373940907198978,6.94563116316184e-05,0.00393808342406414,0.0810595147006405,0,0,0,0,0,0,0,0,0,0,0,0,0,0,0,0.00935883825331345,0,0.000256843172108035,0,0.00389954563806711,0,0.0109888658647466,0,6.52156515982757e-05,0,0.0472089206165351,1.47744959415142e-05,0,0,5.99980496949083e-05,0,0.00177972094772768,0,0,0,0,0,0.0313063434576491,0,3.85623674437723e-05,0,0,0,0,0,0,0,0,0,0,0,0,0.0136508459724661,0,0,0,0,0,0.00933937071290482,1.36427485933682e-05,0.00541420760253154,0,0.00165970767067437,0,0.0254323352436619,6.33500541448638e-05,0
0,0,0.000976304305216641,0,0,0,0,0,0,0,0.00192677239895995,0,0,0,0,0,0.00131656340069693,0.000241389400190639,0.00762337873816798,0,0.0392999201479705,0,0,0,0,0,0,0,0,0,0,0,0,0,0,0,0.0119084445539339,0,0.00192509222064985,2.05133658499847e-05,0.00647924190826346,1.79694459416667e-05,0.0105736684051791,0,0.000270772365806946,1.38447478119243e-05,0.0651249627184271,3.57918526595481e-05,0,0,0.00141804781681934,0,0.00103467518982403,0,0,0,0.0346098053737,0,0.00015883898504281,0,0,0,0,0,0,0,0,0,0,0,0,0,0,0.00450523118361228,0,0.000220698685167149,0,0,3.79334901228641e-05,0.0140615315215358,8.4561720304423e-06,0.0069656360535364,0.00156624899186109,0,0.0199676068798994,0.00036100888961501,0.00177146498981014
0,0,0,0,0,0,0,0,0,0,0,0,0,0,0,0,0,0,0,0,0,0.0568413019545619,0,0.00224887810040252,0,0.00531076116508084,0,0.000845282937805147,0,0,0,0,0,0,0,0,0,0.00243514135692347,0,0,0,0,0,0,0,0,0,0,0,0.00398099097747593,0,0,0,0,0,0,0,0,0,0,0,0,0,0,0,0,0.00895147459437674,0,0.0171904832396004,0,0.0036829350760853,0,0,0,0,0,0,0,0,0,0.0065363454460098,0,0.000723978717350554,0,0,0,0
0,0,0,0,0,0,0,0,0,0,0,0,0,0,0,0,0.000144400993272684,0,0,0,0,0.000914832286192518,0.0613018953414258,0,0.000249983664177496,0,0,0,0,0,0,0,0,0,0,0,0,0,0.00128861518731843,0,0,0,0,0,0,0,0,0,0.00225523366269057,0,0,0,0,0,0,0,0,0,0,0,0,0,0,0,0,0,0,0.00255030592981219,0,0.0107835977750634,0,0.00507211101296491,0,0,0,0,0,0,0,0,0,0.00422147322814433,0.00104473359468603,0,0,0,0
0,0,0,0,0,0,0,0,0,0.000912587860388002,0,0,0,0,0,0,0,4.33631076827202e-05,0,0,0,0.00126072590092927,0,0.0575380416152972,0,0.00181826178669116,0,0,0,0,0,0,0,0,0,0,0,0.00406576046254739,0,0,0,0,0,0,0,0,0,0,0,0.00771064102375166,0,0,0,0,0,0.0335386542088593,0,0,0,0,0,0,0,0,0.00895147459437674,0,0,0,0.00681149876568144,0,0.00486720237717038,0,0,0,0,0,0,0,0,0,0.00463688558288697,0,6.81739500541825e-06,0,0.00716067587913737,0,0
0.000496750707844178,0,0,0,0,0,0,0,0.000125215684395649,0,0,0,0,0,0,0,0,0,0,0,0,0,0.000552279732947317,0,0.051310241293678,0,0.00271150023836375,0,0,0,0,0,0,0,0,0,0,0,0.00171037343878957,0,0,0,0,0,0,0,0,0,0.022457074279445,0,0,0,0,0,0.0285533419865008,0,0,0,0,0,0.0165366492061595,0,0,0,0,0.00255030592981219,0,0,0,0.0134370973910245,0,0,0,0,0,0,0,0,0,0,0,0.00667621913711167,3.53794299709417e-05,0,0.00261688508787808,0,0
0,0,0,0,0,0,0,0,0,0,0,0,0,0,0,0,0,1.98157622799573e-05,0,0,0,1.06288267582758e-05,0,0,0,0.00761538553940957,0,0.00456226342752568,0,0,0,0,0,0,0,0,0,0,0,0,0,0,0,0,0,0,0,0,0,0.000897169592048064,0,0,0,0,0,0,0,0,0,0,0,0,0,0,0.0171904832396004,0,0.00681149876568144,0,0,0,0.0134362175755659,0,0,0,0,0,0,0,0,0,0,0,0,0,0,0,0
0,0,0,0,0,0,0,0,0.00615111138422306,0,0,0,0,0,0,0,0.0011679953882624,4.71786655648651e-05,0,0,0,0,0.00119039668705972,0,0.0272707494336521,0,0.0150610629168877,0,0,0,0,0,0,0,0,0,0,0,0,0,0,0,0,0,0,0,0,0,0,0,0,0,0,0,0.000305145901443507,0,0,0,0,0,0,0,0,0,0,0.0107835977750634,0,0.0134370973910245,0,0,0,0,0,0,0,0,0,0,0,0,0,0,2.82700907949791e-05,0,0,0,0
0,0,0,0,0,0,0,0,0,0,0,0,0,0.00031696233433288,0,0,0,0,0,0,0,0,0,0,0,0,0,0.0355097979814834,0,0.00669311213622172,0,0,0,0,0,0,0,3.37391155796614e-05,0,0,0,0,0,0,0,0,0,0,0,0.00711490647480525,0,0,0,0,0,0,0,0,0,0.00182498625681842,0,0,0,0,0.0036829350760853,0,0.00486720237717038,0,0.0134362175755659,0,0,0,0.00056504471640183,0,0,0,0,0,0,0,0.00363218529487359,0,0,0,0,0,0
0,0,0,0,0,0,0,0,0,0,0,0,0,0,0,0,0,0,0,0,0,0,0.000987844026676826,0,0,0,0.00479900391650887,0,0.0218168882223189,0,0.00960154343967827,0,0,0,0,0,0,0,0,0,0,0,0,0,0,0,0,0,0.00261953761754651,0,0,0,0,0,0,0,9.51641237917074e-05,0,3.73419970856048e-05,0,0,0,0,0,0,0.00507211101296491,0,0,0,0,0,0,0,0.000181192884443872,0,0,0,0,0,0,0,0.00383070598813563,2.47754910775369e-05,0,0.000126652392562746,0,0
0,0.000588408587224844,0,0.00205272121683992,0,0,0,0,0,0.000247516305301398,0,0.00502705895807203,0,0,0,0,0.000135412121134247,8.84899614273524e-05,0.00567898600985359,0,0,0,0,0,0,0,0,0,0,0.0916234467570419,0,0,0,0,0,1.04182365277411e-05,0,0.000603468127340308,0,0.000502051830977128,0,0.0172230537767291,0,0,0,0.00205273914676174,0,0,0,0.00910785693386303,0,0,0,0,0,0,0,0.0349608347502879,0,0,0,0.000381471112445575,0.0136508459724661,0,0,0,0,0,0,0,0.00056504471640183,0,0,0,0,0,0,0,0.000207820589864509,0,0.000906478014438153,0,0.000720814796869321,0,0.0077078571835942,0.00965805855180258,0
0,0,0.00164575024322389,0,0,0,0,0,0,0,0.000104501233523825,0,0,0,0,0,1.52090314805902e-05,0,0.000126314527589759,0,5.47733330043601e-05,0,0,0,0,0,0,0,0.00290904977272214,0,0.0268243681569776,0,0,0,0,0,0,0,0.000191804220878282,0,0,0,0.0040360527409504,0,0,0,4.39858516724163e-05,0,0.00125104458635052,0,0,0,0,0,0,0,0.017260147164463,0,0,0,0,0,0,0.00450523118361228,0,0,0,0,0,0,0,0.000181192884443872,0,0,0,0,0,0,0,0.000113266313035756,0,0.00671610469797679,0.000264002332048075,0,0.00906223534771733,0,0.0022351252385239
0,0,0,0,0,0,0,0,0,0,0,0,0,0,0,0,0,0,0,0,0,0,0,0,0,0,0,0,0,0,0,0.115114777255422,0.0332463727163049,0.00131031233638604,0.000664450583534013,0.00231713845099459,0,0,0,0,0,0,0,0,0,0,0,0.00389877175475481,0,0,0,0,0,0,0,0,0,0,0,0,0,0,0,0,0,0,0,0,0,0,0,0,0,0,0,0.0044024007587616,0.0416972148258733,0,0.00440588628836451,0,0,0,0.000112299913046703,0,0,0,0
0,0,0,0,0,0,0,0,0,0,0,0,0,0,0,0,0,1.35781471535899e-05,9.81817075939239e-06,0,0,0,0,0,0,0,0,0,0,0,0,0.00559517087835982,0.0624697467268038,0.000521477269160232,5.9038919184135e-05,1.06260331449448e-05,0.00375993195863109,0,0,0,0,0,1.03800961239603e-05,0,0,0,3.97930712487742e-05,0.0106308400745435,0.000117636692671216,0,0,0,0,0,0,0,0,0,0,0,0,0,0,0.000220698685167149,0,0,0,0,0,0,0,0,0,0,0.0044024007587616,0,0.00216241531275682,0.0679204785613743,0,0.0110588327454267,0,0,0.000338373085976346,0,4.91749331196523e-06,0,0
0,0,0,0,0,0,0,0,0,0,0,0,0,0,0,0,0,0,0,0,0,0,0,0,0,0,0,0,0,0,0,0.0100081978600164,0.00189131965937555,0.0773803474386527,0.0260539983118721,0.00445677581956158,0,0.00564665492174185,0,0,0,0,0,0,0,0,0,0.0105042789891368,0,0,0,0,0,0,0,0,0,0,0,0,0,0,0,0,0,0,0,0,0,0,0,0,0,0,0.0416972148258733,0.00216241531275682,0,0.0234381553271611,0.00303657225068382,0,0.0114973686186878,0,0.000895678248127105,0.000162716662803493,0,0,0
0,0,0,0,0,0,0,0,0,0,0,0,0,0,0,0,0,0,0,0,0,0,0,0,0,0,0,0,0,0,0,0,0.00186055553650445,0.0632528513824466,0.0925810107699291,0,0.00635272175775315,1.91736552415541e-05,0.00407111359867632,0,0,0,0,0,0,0,0,0.00298859371846213,0,0,0,0,0,0,0,0,0,0,0,0,0,0,0,0,0,0,0,0,0,0,0,0,0,0,0,0.0679204785613743,0.0234381553271611,0,0,0.00355731940783792,0,0.00762908297651569,0.000436910057346425,0,0,0,2.30426529235004e-05
3.55233978921246e-06,2.18417941119714e-05,0,6.05459654557127e-05,0,0,0,0,0,0,0,9.37775423186939e-05,0,0,0,0,0.000674474031874311,0.000219654833366237,0.00889808669718834,0.00312874654955371,0,0,0,0,0,0,0,0,0,0,0,0.00467881930233624,0,0.000212609850844004,0,0.0872706169952104,0.000274180227816981,0.00458000649909445,0,0.0031413674229419,2.0087444150768e-05,0.00570907083713607,3.21445820410989e-05,2.41172799472539e-06,0,0.0039489485232225,2.24952173381322e-05,0.00461637355962844,0,0.00243901118977915,0,4.57186576431536e-06,0,0,0,0,0,0.000747372947908092,0,0,0,1.25209849140443e-05,0.00933937071290482,3.79334901228641e-05,0,0,0,0,0,0,0,0,0.000207820589864509,0,0.00440588628836451,0,0.00303657225068382,0,0,7.02338166844584e-05,0.0101281335766806,0,0.00184024365106385,2.01644572837922e-05,0.00687852062680674,0.000676512781763458,3.18437515488113e-05
8.69407747556226e-05,0,0.000144174632203726,0,0,0,0,0,0,0,0.000453669358818626,0,0,0,0,0,0.00188926242414509,0.000185342918925013,0.0103986818712893,0,0.00349112791452306,0,0,0,1.21395154061617e-06,0,0,0,0,0,0,0,0.00160501781445446,0,0.00134213659856491,0.00027912510718325,0.076310603293595,0,0.00658821076897111,6.70070085311433e-05,0.00303865314965647,9.74880014343216e-05,0.00716852890402837,0,3.34916928416757e-05,6.92059013303719e-05,0.00826305186283047,0.0011483340569251,0.00125417757893243,0,8.30129354847861e-05,0,0,0,0,0,0.00242750508907699,0,5.00757300459562e-05,0,0,0,1.36427485933682e-05,0.0140615315215358,0,0,0,0,0,0,0,0,0,0.000113266313035756,0,0.0110588327454267,0,0.00355731940783792,7.02338166844584e-05,0,6.94616992345847e-06,0.00663574947491603,0.00571695370678422,2.36617409108569e-06,0.00476735988431894,2.60791841348106e-05,0.00169419612255737
