0,0,0.000691242147589463,0,0,0,0,0,0.0129720973293876,0,0,0,0,0,0,0,1.62065653790961e-05,0,0.000163742237502762,0,0,0,0,0,5.67067397081161e-05,0,0,0,0,0,0,0,0,0,0,0,0,3.30548413741071e-06,0.000722076610100186,0,8.11679367432397e-05,0,0.00157811248478926,0,0,0,0.000314944832405801,0,0.00608700953791264,0,0,0,0,0,0.00431342640820068,0,0.000586201765178394,0,0.000920516035534521,0,0.0038193366224678,0,0,1.35059900606693e-05,0,0,0,0,0,0,0,0,0,0.000116885267707479,0,0,0,0,0,4.02757182237233e-05,0,0.000142642145104766,0.000445913558763429,0,0.0140137331099407,0,0.000262618649721463
0,0,0,0.038239392125545,0,0.00202882462698658,0,0,0,0.102863886014322,0,0,0,0,0,0,0,9.50322961986621e-06,0.000444262827031305,0,0,0,0,0,0,0,0,0,0,0,0,0,0,0,0,0,0,0.00121044070343135,4.25361782830179e-05,0.000162401725743804,2.78067698259365e-05,0.0417808321366787,0,7.37404383159626e-05,0,0.000230901760511491,6.11898405471489e-05,0.000119458968887796,0,0.0362382019592095,0,0.00152988166239927,0,0,0,0.092580447755186,0,0.00149566554313299,0,0,0,0.0082029688703589,0,0,0,0,0.00817944998497718,0,0,0,0.000116076900485117,0,0.00269642946142236,0,0,0,0,0,6.35819074729784e-05,0,0.000506243680523895,0,0.00141800269515225,5.18741813008008e-05,0.0313153168951372,0.00272652241824151,0
0.000691242147589463,0,0,0.000202309408396557,0.00805946682086061,0,0,0,0.00146606626123064,0,0,0,0,0,0,0,0.000132819251423185,0,0.00146729982365508,0,8.02579105687303e-05,0,0,0,0,0,0,0,0,0,0,0,0,0,0,1.76542047831772e-05,1.14481374416115e-05,0,0.00011567358171723,0,0.000617187600844415,8.42032747851152e-05,0.0131789640075374,5.84319357270855e-05,0.000542611595052579,5.00793697510646e-05,0.00371873755188459,0,0.0158419338386024,9.73738907727317e-05,0.0319554899117369,0,0.00021205915591219,0,0.000303306034766138,0,0.00465341975722799,1.2199548271202e-05,0,0,0,0,0,0.000396397296011737,0,0,0,0,0,0,0,0,2.28407233574246e-05,0.00222457815886977,0,0,0,0,9.59929323220764e-06,0.000195347563206292,1.70494021087091e-06,0.000225378902840629,0.000502622437141574,1.3956421229879e-06,0.0170855199587231,0,0.000238167246250113
0,0.038239392125545,0.000202309408396557,0,0,0.0360753307017538,0,0,0.000253214728834756,0.0272891955509716,0,5.0247938036332e-05,0,0,0,0.00102662124026004,0,0,0.000267578431970557,0.00649971112920436,0,0,0,0,0,0,0,0,0,0,0,0,0,0,0,0.000721831233116328,0,1.04993545378414e-05,0,0.00183994664250724,0,0.0149926598507514,0.0002937648174677,0.00340273723065194,0,0.00104659380225464,7.89702659425333e-05,0,1.88800474869035e-05,0.0260895793937731,0,0.0405491451622761,0,0,0,0.0264209958129021,1.82294165944838e-05,0.00582335823338251,0,0.00392889776754951,0,0.0471653629707714,0.000750871693554894,0,0,0,0.000222903791125583,0,0,0,0,0,0.00671691560451584,3.78961169189684e-05,0,0,0,0,0.00119375978680089,0,5.76833644804598e-05,2.93840258062711e-06,0.00197710045303698,0.00026526350050919,0.0228708409869484,0.0022395123848659,0
0,0,0.00805946682086061,0,0,0,0,0,0.000302401418003327,0,0,0,0,0,0,0,0,0,0,0,0.000374080173689839,0,0,0,0,0,0,0,0,0,0,0,0,0,0,0,4.24612734287644e-05,0,0,0,0,0,3.01997730834752e-05,0,0,0,0,0,0,0,0.00045857768672645,0,0,0,0,0,0.00342708559410618,0,0.000649589944126042,0,0,0,0,0,0,0,0,0,0,0,0,0,0,0,0,0,0,0,0,0,0,0,0.000345113118482097,0.000240425169393792,0.00126840468159417,0,0
0,0.00202882462698658,0,0.0360753307017538,0,0,0,0,0,0.000759932961052423,0,0.000878777684728416,0,0,0,0,0,0,5.5444249975156e-06,0.000134038583231865,0,0,0,0,0,0,0,0,0,0,0,0,0,0,0,0.000220428027084111,0,0,0,0,0,0.000401963444408745,0,0,0,0,0,0,0,0.000358384783469292,0,0.00604971227805275,0,0,0,0.000173611271957023,0,0.00165384106863936,0,0.000239076966841968,0,0.000431957173070437,0,0,0,0,0,0,0,0,0,0,0,0,0,0,0,0,1.46271994192683e-05,0,0,0,0.00207711517305161,8.71542073162067e-05,0.00112266991801954,7.65869785084895e-05,0
0,0,0,0,0,0,0,0,0,0,0,0,0,0,0,0,0,0,0,0,0.00600422525937755,0,0,0,0,0,0,0,0,0,0,0,0,0,0,0,0,0,0,0,0,0,0,0,0,0,0,0,0,0,0,0,0,0,0,0,0,0,0.00313586433733496,0,0,0,0,0,0,0,0,0,0,0,0,0,0,0,0,0,0,0,0,0,0,0,0,0.000329716635249093,0,0,0
0,0,0,0,0,0,0,0,0,0,0,0,0,0.000222432296141051,0,0,0,0,0,0.0208716671451862,0,0,0,0,0,0,0,0,0,0,0,0,0,0,0,0.000363030711378871,0,0,0,0,0,0,0,0,0,0,0,0,0,0,0,0,0,0.0594974762585527,0,0,0,0,0,0,0,0,0.00608135803344744,0,0,0,0,0,0,0,0,0,0,0,0,0,0,0,0,0,0,0,0.000793289385628876,0,0,0,0
0.0129720973293876,0,0.00146606626123064,0.000253214728834756,0.000302401418003327,0,0,0,0,0,0,0,0,0,0.000119596783095547,0,0.00278285720771239,0,0.00106476435084482,0,9.53792668228481e-05,0,0,0,0.00819726916383884,0,0,0,0,0,0,0,0,0,0,0,0,0,0.000224540150216717,0,0.00145133184282817,0.000242221491396304,0.0145900993954724,0,0,1.7700948977609e-05,0.000130885391038011,0,0.00264559543946358,1.65158932506175e-05,0,0,0,0,0.0995536667029377,0,0.00938478042847387,0,0.000434395903437762,0,0.0140657872580946,0,0,0.000539867299163325,0,0,0,0.00626591114431828,0,0,0,0,0,0.00468557990729206,0,0,0,0,2.44120116070067e-06,0.00013161643978075,2.71755025790152e-06,0.000727281866714213,0.00766478080122893,0.00105810204202782,0.0180112582020354,0,0.00496823960539937
0,0.102863886014322,0,0.0272891955509716,0,0.000759932961052423,0,0,0,0,0,0,0,0,0,0.0702988507980057,0,0,0.000144869884900112,0,0,0,0,0.0515867811619335,0,0.00161571661917378,0,0,0,0,0,0,0,0,0,0,0,0.00204472733013052,0,0.000471100007393144,0,0.0116512140504834,0.00013980758910226,0.000284552828034579,0,0.000454653998780492,0,0,0,0.0309175717005351,0,0.000148624089310847,0,0,0,0.0736629782463873,0,0.00217398253185694,0,0,0,0.0241348333645047,0,0,0,0,0.00767989667137147,0,0.00161405053036478,0,0,0,0.00361472042406131,0,0,0,0,0,3.23506046972309e-05,0,0.00111390951926954,2.48453620105328e-06,0.00342015418053774,5.57365737394186e-05,0.00509481775331206,0.00883051593043566,0
0,0,0,0,0,0,0,0,0,0,0,0,0.00283863328113198,0,0,0,0,0,0,0,0.0761822020812174,0,0,0,0,0,0,0,0,0,0.0112646882820629,0,0,0,0,0,0.00371782212226718,0,0.0279044809923709,0,0,0,0,0,0,0,0,0,0,0,0,0,0,0,0,0,0.264518700543545,0,0.034164718118393,0,0,0,0,0.00313858628441496,0,0,0,0,0,0,0,0,0,0.0198618981755886,0,0,0,0,0,0,0,0.000499928654226603,0.00164603897401261,0.000768135483000636,0.000181829143301828,0,0
0,0,0,5.0247938036332e-05,0,0.000878777684728416,0,0,0,0,0,0,0,0.00238472263368487,0,0,0,0,0,0.0683222588911241,0,0,0,0,0,0,0,0,0,0.0190571705378618,0,0,0,0,0,0.00206081853570456,0,0.0191547772434896,0,0,0,0,0,0,0,0.000196810382441502,0,0,0,0,0,0.00106992426560293,0,0,0,0,0,0.25823259418048,0,0.0728172866459004,0,0,0.0775984452274864,0,0,0,0,0,0,0,0,0,0.032261144273362,0,0,0,0,0,0,0,3.03445196248716e-05,0,0.00247688120678503,0,0.00528159407267339,0,0
0,0,0,0,0,0,0,0,0,0,0.00283863328113198,0,0,0,0,0,0,0,0,0,0,0,0,0,0,0,0,0,0.000556818389471261,0,0,0,0,0,0,0,0,0,0,0,0,0,0,0,0,0,0,0,0,0,0,0,0,0,0,0,0.00568079719482508,0,0.0207652537730216,0,4.08236895422443e-05,0,0,0,0,0,0,0,0,0,0,0.00125256543909899,0,0,0,0,0,0,0,0,0,0,0.000271895079850396,0.0032713756515139,6.87261343952162e-06,0,0
0,0,0,0,0,0,0,0.000222432296141051,0,0,0,0.00238472263368487,0,0,0,0.0028305443241084,0,0,0,0,0,0,0,0,0,0,0,0.00424383947874351,0,0,0,0,0,0,0,0,0,0,0,0,0,0,0,0,0,0,0,0,0,0,0,0,0,0,0,0,0,0.000146007180724442,0,0.12267182700554,0,0.00588635934334056,0,0,0,0,0,0,0,0,0.000941516917728575,0,0,0,0,0,0,0,0,0,0,0,0.0010680047262116,0.00052257861293469,0,0,0
0,0,0,0,0,0,0,0,0.000119596783095547,0,0,0,0,0,0,0,0.000751926225994221,0,0,0,0,0,0,0,0.000527921741160158,0,0,0,0,0,0,0,0,0,0,0,0,0,0,0,0,0,0,0,0,0,0,0,2.09418280614962e-05,0,0,0,0,0,0.000562380962579506,0,0,0,0,0,0.0161688607288165,0,0,0,0,0,0,0,0,0.00565297114850516,0,0,0,0,0,0,0,0,0,0,0,0,0.000398297097936669,0.000442760942411894,0,0,0
0,0,0,0.00102662124026004,0,0,0,0,0,0.0702988507980057,0,0,0,0.0028305443241084,0,0,0,5.48042808077298e-05,0,0,0,0,0,0.00388908480471471,0,0,0,0,0,0,0,0,0,0,0,0,0,0,0,6.09494952511151e-05,0,0.000188804637260999,0,4.32777161233668e-05,0,1.06741245436945e-05,0,0,0,0.00360166428795496,0,0,0,0,0,0.00100102718678253,0,0,0,0.00178406065312415,0,0.04288698463063,0,0,0,0,0,0,0,0,0,0,0,0,0,0,0,0,0,0,0,0,0.000689704430390348,0.000235406288062035,9.4542441533879e-05,0,0
1.62065653790961e-05,0,0.000132819251423185,0,0,0,0,0,0.00278285720771239,0,0,0,0,0,0.000751926225994221,0,0,0.182071670237424,0.0646505366620724,0,6.16080596493613e-06,0,0.0162127392898266,0,0.00211752855076869,0,0.0330610166679005,0,7.92948662919669e-05,0,0,0,0,0,0,0,0,0,0,0.000785686084900874,0.000586961345048006,0.00140971694358926,0.000467091992067784,0.000397983884706631,0.000323891119818544,0.0020821054235994,0.00441809384570792,0,4.47566541036769e-06,1.00810334372836e-05,0,0,0,0,0.000361132646066354,0,1.59152539707676e-05,4.23500150695178e-05,0,0,0,3.43477075654888e-06,3.3676530570823e-05,4.6395056264764e-05,0,8.80885641354122e-05,0,0,0,0.000933544437898452,0,0,0.000372984850447941,1.27065981549055e-05,0,0,0,0,0.00070307778417896,0.00041769417650328,0.000446301700261491,4.5579734077147e-05,0.0302862190359184,0.00116759953893984,0.00338377630395863,0.000179163645915075,8.72130025577137e-05
0,9.50322961986621e-06,0,0,0,0,0,0,0,0,0,0,0,0,0,5.48042808077298e-05,0.182071670237424,0,0.0640379530994641,0,0,0.0091938680757273,0,0.00273187749142832,0,0.000574340990639457,0,0,0,0,0,0,0,0,0,0,0,0,0,0.000799770691723279,0.000203493634508376,0.00157625901412899,0.000258366394773281,0.000717189021957172,0.000131850605661311,0.00200789372752432,0.00119798795423532,0,1.31505525118253e-05,4.85577443471821e-05,0,0,0,0,0,1.11381763068298e-05,4.21053094173225e-06,0.000110387688331782,0,0,0,0,4.05541110809202e-05,0,0.000196226479758557,0,0.000203898844556048,0,0,0,0,0,0.000497755722099508,0,0,0,0,0,0.000409776696102265,9.34514110215761e-05,0.000392036936856642,1.55224516121909e-05,0.026531433428321,0.0047061031880876,0.00313839785644841,0.000532607539942424,1.47563629950933e-05
0.000163742237502762,0.000444262827031305,0.00146729982365508,0.000267578431970557,0,5.5444249975156e-06,0,0,0.00106476435084482,0.000144869884900112,0,0,0,0,0,0,0.0646505366620724,0.0640379530994641,0,0,3.47920551608157e-05,0,0,0,0,0,0,0,0,0,0,0,0,0,0,0,1.24674894418593e-06,1.55642184572742e-05,2.50019609209018e-05,0.0235285481947787,0.0115865518266233,0.0533258413700833,0.0325720563363917,0.0143007984257553,0.00892041676061124,0.0308431751522382,0.060926034150313,0,0.00053231258935574,0.000285139533177654,0,0,0,0,0.000387930058671923,0.000251744589560598,0.000822105847286753,0.000585727256850458,0,0,0,5.87581768893633e-06,0.000817365845068373,0.000466885908173447,0,0,1.86248792572456e-05,0,0,0,0,0,0.00754031063378021,0.000600965656077121,0,0,0,0,0.0100791148152415,0.00503929483450181,0.00667799193093044,0.00162777186112441,0.0250605631707948,0,0.067046535121704,0.0114258992034109,0.00415648940372368
0,0,0,0.00649971112920436,0,0.000134038583231865,0,0.0208716671451862,0,0,0,0.0683222588911241,0,0,0,0,0,0,0,0,0,0,0,0,0,0,0,0,0,0.000167701092599093,0,0,0,0,0,0.0147934521234086,0,0.0125828592100151,0,0,0,1.02174185785119e-05,0,0,0,0.00516788842923884,0,0,0,0,0,0.00214206364068338,0,0,0,0,0,0.0217273808664556,0,4.70035986766086e-05,0,0,0.203072749360274,0,0,0,0,0,0,0,0,0,0,0,0,0,0,0,0.000464724651041337,0,0,0,0.000544635624779134,0,0.00724810233067529,0,0
0,0,8.02579105687303e-05,0,0.000374080173689839,0,0.00600422525937755,0,9.53792668228481e-05,0,0.0761822020812174,0,0,0,0,0,6.16080596493613e-06,0,3.47920551608157e-05,0,0,0,0,0,0,0,0,0,0,0,0,0,0,0,0,0,0.0056276474704392,0,0.00278167662715763,0,0,0,4.71408187680561e-05,0,0,0,0.000359974586966005,0,5.94371148454186e-05,0,0.00534855908068484,0,0.00779854646596669,0,0,0,0.0873735683696221,0,8.73599508796183e-05,0,0,0,0,0.0754760622123362,0,0,0,0,0,0,0,0,0,0,0,0,0,0,0,0.00089563364401508,0,0.000196761618542873,0.00205404504030264,1.54639574602777e-05,0.0128084860754061,0,0
0,0,0,0,0,0,0,0,0,0,0,0,0,0,0,0,0,0.0091938680757273,0,0,0,0,0.0101922057167846,0.00520795083377773,0,0.00590834391049784,0,0.00797777025115687,0,0,0,0,0,0,0,0,0,0.0230551175238608,3.68941031807217e-05,0,0,0,0,0,0,0,0,0.00037792805517879,7.78091434857568e-06,6.46934990497358e-05,0,0,0,0,0,6.71185183095046e-06,0,0,0,0,0,0,0,0,0.0979570260536129,0.000954537090960844,0.00284208211106555,0,0.00905019199923085,0,0.00366345778699828,0,0,0,0,0,0,0,0,0,0.00748610969093603,0,0.0151555268824908,0.00780899757969402,6.1123893676139e-05,0,0
0,0,0,0,0,0,0,0,0,0,0,0,0,0,0,0,0.0162127392898266,0,0,0,0,0.0101922057167846,0,0,0.0116050211960308,0,0.0057079178279828,0,0.00255243679233631,0,0,0,0,0,0,0,0,7.48237568901702e-05,0.0170578614398082,0,0,0,0,0,0,0,0,0,0.00492092265980439,0,0,0,0,0,0,0,0,0,0,0,0,0,0,0,0.00160150500616197,0.149884181019828,0,0.00233044908329667,0,0.00371614601435185,0,0.000292946206541149,0,0,0,0,0,0,0,0,0,0.00104910888536892,0.00911806966004028,0.00672046564479839,0,0,0
0,0,0,0,0,0,0,0,0,0.0515867811619335,0,0,0,0,0,0.00388908480471471,0,0.00273187749142832,0,0,0,0.00520795083377773,0,0,0,0.019691011633859,0,0,0,0,0,0,0,0,0,0,0,0.0115928653590463,2.64507062844736e-06,0,0,0,0,0,0,0,0,4.54282199974225e-05,0,0,0,0,0,0,0,0.00843227352258092,0,0,0,0,0,0.00385794950444995,0,0,0.00103855178985001,0,0.100253680862153,0,0.136022135554493,0,0,0,0,0,0,0,0,0,0,0,0.00355798734870366,0,0.00237736496001281,1.53587881314711e-06,0.00026182365105819,0,0
5.67067397081161e-05,0,0,0,0,0,0,0,0.00819726916383884,0,0,0,0,0,0.000527921741160158,0,0.00211752855076869,0,0,0,0,0,0.0116050211960308,0,0,0,0.00607529328113552,0,0,0,0,0,0,0,0,0,0,0,0.012226326214315,0,0,0,0.000193500116289673,0,0,0,8.23331920101547e-05,8.47086388565312e-05,0.000754558467407453,0,0,0,0,0,0.0105516842701666,0,0.00029442222524246,0,0,0,5.267694715485e-05,0,0,0,0,0.0121780965834084,0,0.103546264245004,0,0.0620761999412531,0,0,0,5.17162021882421e-05,0,0,0,0,0,1.15404281846208e-06,0,0.00175254933207157,0.000600458858963379,0,0.000249287360533285,0,0.000143167190529765
0,0,0,0,0,0,0,0,0,0.00161571661917378,0,0,0,0,0,0,0,0.000574340990639457,0,0,0,0.00590834391049784,0,0.019691011633859,0,0,0,0.0104428931263206,0,0,0,0,0,0,0,0,0,0,0,0,0,0,0,0,0,0,0,0,0,0,0,0,0,0,0,0,0,0,0,0,0,0,0,0,0.00255042474855764,0,0.0020350184127742,0,0.0471749740700621,0,0,0,0,0,0,0,0,0,0,0,0,0,0.00172262004514447,0,0,0,0
0,0,0,0,0,0,0,0,0,0,0,0,0,0,0,0,0.0330610166679005,0,0,0,0,0,0.0057079178279828,0,0.00607529328113552,0,0,0,8.16747974362597e-05,0,0,0,0,0,0,0,0,0,0,0,0,0,0,0,0,0,0,0,0,0,0,0,0,0,0.00182957844347063,0,0,0,0,0,0,0,0,0,0,0,0,0,0,0.0454215264125606,0,0,0,0,0,0,0,0,0,0,0,0,0.000545841370935582,0,0,0,0
0,0,0,0,0,0,0,0,0,0,0,0,0,0.00424383947874351,0,0,0,0,0,0,0,0.00797777025115687,0,0,0,0.0104428931263206,0,0,0,0.0199532232690934,0,0,0,0,0,0,0,0.00265509355348225,0,0,0,0,0,0,0,0,0,0,0,0,0,0,0,0,0,0,0,0,0,0.000372151499002091,0,0,0,0,0.000913022360851286,0,0,0,0,0,0.0548950125456042,0,0.00269674694785808,0,0,0,0,0,0,0,0,0,0.000769817164471793,6.76333053172209e-05,0,0,0
0,0,0,0,0,0,0,0,0,0,0,0,0.000556818389471261,0,0,0,7.92948662919669e-05,0,0,0,0,0,0.00255243679233631,0,0,0,8.16747974362597e-05,0,0,0,0.00979486474625228,0,0,0,0,0,0,0,0.00383380027253316,0,0,0,0,0,0,0,0,0,0,0,0,0,0,0,0,0,6.44363934904687e-05,0,0,0,0,0,0,0,0,0.000229263991989569,0,1.75428025376125e-05,0,0,0,0.0364583399431153,0,0,0,0,0,0,0,0,0,0.000285402887497436,0.00227802118191206,0.000596744659435801,0,0,0
0,0,0,0,0,0,0,0,0,0,0,0.0190571705378618,0,0,0,0,0,0,0,0.000167701092599093,0,0,0,0,0,0,0,0.0199532232690934,0,0,0,0,0,0,0,0,0,0.00646758553586767,0,0,0,0,0,0,0,0,0,0,0,0,0,0,0,0,0,0,0,0.012225400199143,0,0,0,0,0,0,0,0,0,0,0,0,0.00599123873085867,0,0.101391356536742,0,0,0,0,0,0,0,0,0,0,0,0,0,0
0,0,0,0,0,0,0,0,0,0,0.0112646882820629,0,0,0,0,0,0,0,0,0,0,0,0,0,0,0,0,0,0.00979486474625228,0,0,0,0,0,0,0,0,0,0.00891188529432525,0,0,0,0,0,0,0,0,0,0,0,0,0,0,0,0,0,0.00216876626148747,0,0,0,0,0,0,0,0,0,0,0,0,0,0,0.00564776168912566,0,0.0464557861844041,0,0,0,0,0,0,0,0,2.10669433306549e-05,0,0,0,0
0,0,0,0,0,0,0,0,0,0,0,0,0,0,0,0,0,0,0,0,0,0,0,0,0,0,0,0,0,0,0,0,0.0474096844320455,0.0200965199992832,0,0.0026297566495924,0,0,0,0,0,0,0,0,0,0,0,0.0228585608048258,0,5.67852338147251e-05,0,0,0,0,0,0,0,0,0,0,0,0,0,0,0,0,0,0,0,0,0,0,0,0,0.180902310392777,0.0348485574011344,0.0128992407439643,0,0.00334699524269043,1.39193846189242e-05,0,0,3.75087322904324e-05,0,0,0,0
0,0,0,0,0,0,0,0,0,0,0,0,0,0,0,0,0,0,0,0,0,0,0,0,0,0,0,0,0,0,0,0.0474096844320455,0,0.000973285797059343,0,0.000698802464160424,5.43397049472781e-05,0,0,0,0,0,0,0,0,0,0,0.0054143583403387,0,0,0,0,0,0,0,0,0,0,0,0,0,0,0,0,0,0,0,0,0,0,0,0,0,0,0.0149058617150558,0.0856103858789362,0.00102280208547254,0,8.77262209542096e-06,0.000560013590200279,0,0,0.00263603686572873,0,0,0,0
0,0,0,0,0,0,0,0,0,0,0,0,0,0,0,0,0,0,0,0,0,0,0,0,0,0,0,0,0,0,0,0.0200965199992832,0.000973285797059343,0,0.205224823126116,0.0057041632879372,0,0.00641272127927621,0.00681791999058362,0,0,0,0,0,0,0,0,0.0356226827870482,0,9.01161759292923e-05,0,0,0,0,0,0,0,0,0,0,0,0,0,0,0,0,0,0,0,0,0,0,0,0,0.000650420287053013,0.000820173545813544,0.171577324243174,0.139709738815848,0.00136853079474469,0,0.00215393114016207,0.00131994620533739,0.00149152144126799,9.51530968097554e-05,0,0,0
0,0,0,0,0,0,0,0,0,0,0,0,0,0,0,0,0,0,0,0,0,0,0,0,0,0,0,0,0,0,0,0,0,0.205224823126116,0,0,0.00209576376367194,0.00122071883634043,0.00317774199061125,0,0,0,0,0,0,0,0,0.0803839296361267,0,0,0,0,0,0,0,0,0,0,0,0,0,0,0,0,0,0,0,0,0,0,0,0,0,0,0,0.000134689193629785,0.120631559781341,0.179382348492292,0,0.0003627841768927,8.09752957896244e-05,0.0049171987895307,0.00101436256562356,0,9.64495325175146e-05,0,0
0,0,1.76542047831772e-05,0.000721831233116328,0,0.000220428027084111,0,0.000363030711378871,0,0,0,0.00206081853570456,0,0,0,0,0,0,0,0.0147934521234086,0,0,0,0,0,0,0,0,0,0,0,0.0026297566495924,0.000698802464160424,0.0057041632879372,0,0,0.00808653965812383,0.0169251527673266,0.000431728176586773,0,0,0,0,0,0,2.92046195263718e-05,0,0.000926089670186713,0,0,0,0.000413677112612543,0,0,0,0,0,2.81532045637108e-05,0,5.28255073542341e-05,0,0,0.00769681759840008,0,0,0,0,0,0,0,0,0,0,0,0.00602587860995699,0,0.0111184962053883,0,0.0743350174322393,0.00624540126090323,0.00854696216585333,0,0.00933000248601725,0.000606923213947912,0.000884375367230318,0,0
0,0,1.14481374416115e-05,0,4.24612734287644e-05,0,0,0,0,0,0.00371782212226718,0,0,0,0,0,0,0,1.24674894418593e-06,0,0.0056276474704392,0,0,0,0,0,0,0,0,0,0,0,5.43397049472781e-05,0,0.00209576376367194,0.00808653965812383,0,0,0.0272986473534454,0,5.03597363487839e-06,0,1.5104262642073e-05,0,0,0,2.88465505774764e-06,0.00108553733920885,2.33556296932408e-06,0,2.08447029627873e-05,0,0,0,0,0,0.00554987451323879,0,0,0,0,0,0,0.00293693699472622,0,0,0,0,0,0,0,0,0,0,0,0.00464008566910629,0,0.00446264804729822,0.00203709787442952,0.0957924550521514,0,0.00789156791570752,0.0140128319914859,0.000886547677448646,0.00115258448050047,0,0
3.30548413741071e-06,0.00121044070343135,0,1.04993545378414e-05,0,0,0,0,0,0.00204472733013052,0,0.0191547772434896,0,0,0,0,0,0,1.55642184572742e-05,0.0125828592100151,0,0.0230551175238608,7.48237568901702e-05,0.0115928653590463,0,0,0,0.00265509355348225,0,0.00646758553586767,0,0,0,0.00641272127927621,0.00122071883634043,0.0169251527673266,0,0,0.00752734527414362,8.64197366339577e-06,0,0.000156147926952336,9.41613260284943e-06,0,0,0.000543047614120638,0,0.0151194359183594,0.000200680602673332,0.000973129158760474,0,0,0,0,0,0.00360067297193655,0,0.0116852942567415,0,0,0,9.05064205523095e-06,0.00499956365861244,0,0.0108530890809308,5.54128369557813e-05,0.0264237154976952,5.8454588640689e-06,0,0,4.53653053756856e-05,0,0.0135054794431015,0,0,0,0.00332900669305574,0,0.00554561458419132,0,0.11412720148797,0.00114337759199318,0.00723286089028278,0.00674356668455574,0.00468569264062044,0,0
0.000722076610100186,4.25361782830179e-05,0.00011567358171723,0,0,0,0,0,0.000224540150216717,0,0.0279044809923709,0,0,0,0,0,0,0,2.50019609209018e-05,0,0.00278167662715763,3.68941031807217e-05,0.0170578614398082,2.64507062844736e-06,0.012226326214315,0,0,0,0.00383380027253316,0,0.00891188529432525,0,0,0.00681791999058362,0.00317774199061125,0.000431728176586773,0.0272986473534454,0.00752734527414362,0,0,0,1.95568673259462e-05,0.000239492577265262,3.43574042938684e-06,0,0,1.18462162947478e-05,0.0279745286119251,0.00331273706930974,2.80525084390325e-05,1.85678330005396e-05,0,0,0,0.00117682981703259,3.06318985324449e-05,0.0233249842500544,1.89636138246003e-06,7.20520972373479e-05,0,5.93654201336421e-06,0,0,0.000197351824353994,0,0.0211207849288061,9.34708306056722e-05,0.0183522292599423,0,0.000207678609708068,0,0.000424906405791759,1.3027719731848e-05,0.025220959392902,0,0,0.000762662935440381,0.00178750433622718,6.83634672675282e-05,0.00836472539092451,0.00255865921138823,0.129471695707906,0.0100542387965251,0.0020348708935465,0.00180074348118651,0,3.40498759322052e-05
0,0.000162401725743804,0,0.00183994664250724,0,0,0,0,0,0.000471100007393144,0,0,0,0,0,6.09494952511151e-05,0.000785686084900874,0.000799770691723279,0.0235285481947787,0,0,0,0,0,0,0,0,0,0,0,0,0,0,0,0,0,0,8.64197366339577e-06,0,0,0.000131348793136318,0.0648173807289431,2.52917671933015e-05,0.0196923968107464,0,0.0202791161472292,0.00057047428390719,0.000433466021048978,1.19899354347097e-05,0.0125219008849099,0,0,0,0,0,0.000141798650208519,0,0.000106984297896001,0,0,0,0.000284744178343173,0.00156933361019802,0,0,0,0,0,0,0,0,0,0.00121249649171049,0,0,0,0,0,0.00237559111707784,2.7128114888901e-05,0.000286658500160623,2.20338569287439e-06,0.000958219286794832,1.70002633617371e-05,0.0368824515661598,0.0106058876509262,0
8.11679367432397e-05,2.78067698259365e-05,0.000617187600844415,0,0,0,0,0,0.00145133184282817,0,0,0,0,0,0,0,0.000586961345048006,0.000203493634508376,0.0115865518266233,0,0,0,0,0,0,0,0,0,0,0,0,0,0,0,0,0,5.03597363487839e-06,0,0,0.000131348793136318,0,0.000164771062270976,0.0395439243169174,2.61009687202263e-05,0.00247756939230324,5.95524009419868e-05,0.0148802056482523,0.000938539305497065,0.0300713601547033,0.000216190813663282,9.57766447268441e-05,0,0,0,0,0,0.000176635298840306,0,0,0,0,0,0,0.000258419757523959,0,0,0,0,0,0,0,0,0,1.63958981538241e-05,0,0,0,0,1.75295133758324e-05,0.00637996031584631,2.07156909576062e-05,0.00014368263324432,0.00157142522616246,0,0.0227868659336547,0.000286764920905206,0.00820578785919306
0,0.0417808321366787,8.42032747851152e-05,0.0149926598507514,0,0.000401963444408745,0,0,0.000242221491396304,0.0116512140504834,0,0,0,0,0,0.000188804637260999,0.00140971694358926,0.00157625901412899,0.0533258413700833,1.02174185785119e-05,0,0,0,0,0,0,0,0,0,0,0,0,0,0,0,0,0,0.000156147926952336,1.95568673259462e-05,0.0648173807289431,0.000164771062270976,0,0.0131025922868206,0.0132376264257721,0.000195932793727028,0.0211075236717997,0.00114806606498138,0.000818230527832866,2.17252533509334e-05,0.0378211932928615,0,0.000173364434020657,0,0,0,0.0034861444997526,2.770882573273e-05,0.0148060356544504,0,0,0,0.00284145016191665,0.000301764750573127,0,0,0,0.00029526517218374,0,0,0,8.70597737224644e-05,0,0.0389869767784991,8.90148672887928e-06,0,0,0,0,0.0067116043925827,2.6340781385536e-05,0.0026671376694767,0,0.0167533720753718,3.36506154795997e-05,0.127023145889925,0.0447252415101092,0
0.00157811248478926,0,0.0131789640075374,0.0002937648174677,3.01997730834752e-05,0,0,0,0.0145900993954724,0.00013980758910226,0,0,0,0,0,0,0.000467091992067784,0.000258366394773281,0.0325720563363917,0,4.71408187680561e-05,0,0,0,0.000193500116289673,0,0,0,0,0,0,0,0,0,0,0,1.5104262642073e-05,9.41613260284943e-06,0.000239492577265262,2.52917671933015e-05,0.0395439243169174,0.0131025922868206,0,0.000224954738964549,0.00656782387482173,0.000113900531068272,0.0910849046337746,0.000951068953944051,0.0274323515498695,2.46638494666922e-05,0.000453454747611083,0,0,0,0,1.19229919724486e-05,0.0347797143337227,6.28259031656904e-05,0.000799491558529463,0,0.000489301497874351,0,0,0.000493932555102238,0,7.02817080034309e-06,2.92983951613743e-05,0,0,0,0,0,0.000240675179363176,0.0160347912353236,0,0,0,0,3.11595575189462e-05,0.00401492805960818,2.1110148175293e-05,0.00164376979008969,0.0134350216629506,0.00011038742458974,0.130461851957708,0.000130823320238877,0.0227470259782805
0,7.37404383159626e-05,5.84319357270855e-05,0.00340273723065194,0,0,0,0,0,0.000284552828034579,0,0,0,0,0,4.32777161233668e-05,0.000397983884706631,0.000717189021957172,0.0143007984257553,0,0,0,0,0,0,0,0,0,0,0,0,0,0,0,0,0,0,0,3.43574042938684e-06,0.0196923968107464,2.61009687202263e-05,0.0132376264257721,0.000224954738964549,0,0.000137763967121974,0.0244361290355858,0.000600559332141351,0,0,0.000167720730082426,0,0,0,0,0,0.000706260724377072,0,0.00032290870246373,0,0,0,0.000122883914506827,0.000831079244221464,0,0,0,0,0,0,0,0,0,0.00155410374251407,0,0,0,0,0,0.00174525988926696,1.48056171679249e-05,0.0008560475087726,0,0.000947579886753608,3.96284020875873e-06,0.014449419106551,0.00540681877946752,0
0,0,0.000542611595052579,0,0,0,0,0,0,0,0,0,0,0,0,0,0.000323891119818544,0.000131850605661311,0.00892041676061124,0,0,0,0,0,0,0,0,0,0,0,0,0,0,0,0,0,0,0,0,0,0.00247756939230324,0.000195932793727028,0.00656782387482173,0.000137763967121974,0,0.000309594549273295,0.0176458741564725,0,0,0,0,0,0,0,0,0,2.39053793740357e-05,0,0,0,0,0,0,0,0,0,0,0,0,0,0,0,0,0,0,0,0,0,1.8631329385854e-05,0.00031372279145017,2.63826636159566e-06,4.4463767631619e-05,0.000577919821823326,0,0.00251932052117157,0.000125092453577462,0.00134958457244849
0,0.000230901760511491,5.00793697510646e-05,0.00104659380225464,0,0,0,0,1.7700948977609e-05,0.000454653998780492,0,0.000196810382441502,0,0,0,1.06741245436945e-05,0.0020821054235994,0.00200789372752432,0.0308431751522382,0.00516788842923884,0,0,0,0,0,0,0,0,0,0,0,0,0,0,0,2.92046195263718e-05,0,0.000543047614120638,0,0.0202791161472292,5.95524009419868e-05,0.0211075236717997,0.000113900531068272,0.0244361290355858,0.000309594549273295,0,0.00185147514032823,0,0,0.000344127511948256,0,0,0,0,0,0,1.33316998724164e-05,0.000216377213865711,0,0,0,0.00011648883075785,0.108171112674579,0,0,0,0,0,0,0,0,0,0.00248884553999626,0,0,0,0,0,0.00407868724943009,6.42502166140242e-05,0.00553529481629109,3.2036537287782e-05,0.00225296142484771,0.000164033596086501,0.0564846493543107,0.000390457685878994,0
0.000314944832405801,6.11898405471489e-05,0.00371873755188459,7.89702659425333e-05,0,0,0,0,0.000130885391038011,0,0,0,0,0,0,0,0.00441809384570792,0.00119798795423532,0.060926034150313,0,0.000359974586966005,0,0,0,8.23331920101547e-05,0,0,0,0,0,0,0,0,0,0,0,2.88465505774764e-06,0,1.18462162947478e-05,0.00057047428390719,0.0148802056482523,0.00114806606498138,0.0910849046337746,0.000600559332141351,0.0176458741564725,0.00185147514032823,0,0,0.000975220376148966,6.46091978552207e-06,0.000192135234562704,0,0,0,0,0,0.00257248712594373,0,0,0,0,0,5.43002726102137e-05,0.0956935448309821,0,0,1.28450917034926e-05,0,0,0,0,0,9.62100517263899e-05,0.000349565397817287,0,0,0,0,0.000196437843506661,0.00749822640550953,0.00014909423013787,0.00403691874022228,0.00583242138274749,1.79184027033433e-05,0.0540673453026558,0.000656772503193937,0.000399355162542283
0,0.000119458968887796,0,0,0,0,0,0,0,0,0,0,0,0,0,0,0,0,0,0,0,0.00037792805517879,0,4.54282199974225e-05,8.47086388565312e-05,0,0,0,0,0,0,0.0228585608048258,0.0054143583403387,0.0356226827870482,0.0803839296361267,0.000926089670186713,0.00108553733920885,0.0151194359183594,0.0279745286119251,0.000433466021048978,0.000938539305497065,0.000818230527832866,0.000951068953944051,0,0,0,0,0,0.17032164506596,0.189633002739075,0,0,0,0,2.36213113865994e-05,0.00016233930261616,2.16288701367388e-05,0,0,0,0,0,0,0,1.87716240532244e-05,6.05512359644398e-05,0.000829910824433239,0.000565256030152016,0,0,0,0,0,0,0.0285481821990259,0,0.021762927591347,0.00318923884505673,0.00276161363588859,0.000589917486163601,0.00177316546318568,0.000856453459237397,0.00789333521856207,8.1274154452778e-05,0.0158851806829225,0,0
0.00608700953791264,0,0.0158419338386024,1.88800474869035e-05,0,0,0,0,0.00264559543946358,0,0,0,0,0,2.09418280614962e-05,0,4.47566541036769e-06,1.31505525118253e-05,0.00053231258935574,0,5.94371148454186e-05,7.78091434857568e-06,0.00492092265980439,0,0.000754558467407453,0,0,0,0,0,0,0,0,0,0,0,2.33556296932408e-06,0.000200680602673332,0.00331273706930974,1.19899354347097e-05,0.0300713601547033,2.17252533509334e-05,0.0274323515498695,0,0,0,0.000975220376148966,0.17032164506596,0,0.0106240221489198,0,0,0,0,2.55819722640763e-05,0,0.00440012710647981,0,0.00295051276489058,0,0.00328031968602196,0,0,0.000100119697390561,0,0.000217489848168784,1.92022705729801e-05,0.0049274329872758,0,6.8988871212265e-05,0,0,1.80134871428893e-05,0.00147086131984933,0,0,0,0,0,0.000861231877967612,5.21785144601525e-05,0.000480231246215912,0.00667773181603773,7.7435834671423e-06,0.0791956290623224,0,0.000408186462022499
0,0.0362382019592095,9.73738907727317e-05,0.0260895793937731,0,0.000358384783469292,0,0,1.65158932506175e-05,0.0309175717005351,0,0,0,0,0,0.00360166428795496,1.00810334372836e-05,4.85577443471821e-05,0.000285139533177654,0,0,6.46934990497358e-05,0,0,0,0,0,0,0,0,0,5.67852338147251e-05,0,9.01161759292923e-05,0,0,0,0.000973129158760474,2.80525084390325e-05,0.0125219008849099,0.000216190813663282,0.0378211932928615,2.46638494666922e-05,0.000167720730082426,0,0.000344127511948256,6.46091978552207e-06,0.189633002739075,0.0106240221489198,0,0,7.15697704409407e-05,0,0,0,0.00616737915980677,0,0.00383656620750066,0,0.000174985212456552,0,0.011770123809281,3.02649944030446e-05,0,0,0,0.000831969567631106,0,0,0,8.51427324525915e-05,0,0.00329361174809888,3.29546182042898e-05,0,0,0,0,0.000126465578807101,7.98038732033112e-07,0.00147584512818619,2.36978258756293e-06,0.00858130984175974,5.77414717033506e-06,0.0385586338924616,0.00300521615116017,0
0,0,0.0319554899117369,0,0.00045857768672645,0,0,0,0,0,0,0,0,0,0,0,0,0,0,0,0.00534855908068484,0,0,0,0,0,0,0,0,0,0,0,0,0,0,0,2.08447029627873e-05,0,1.85678330005396e-05,0,9.57766447268441e-05,0,0.000453454747611083,0,0,0,0.000192135234562704,0,0,0,0,0,0.000516729080118239,0,0,0,0,0,0,0,0,0,0,0.000327496273314905,0,0,0,0,0,0,0,0,0,4.46951701691288e-05,0,0,0,0,0,6.56993456691382e-06,0,0,1.63036910341142e-05,0,0.000735724637898793,0,0
0,0.00152988166239927,0,0.0405491451622761,0,0.00604971227805275,0,0,0,0.000148624089310847,0,0.00106992426560293,0,0,0,0,0,0,0,0.00214206364068338,0,0,0,0,0,0,0,0,0,0,0,0,0,0,0,0.000413677112612543,0,0,0,0,0,0.000173364434020657,0,0,0,0,0,0,0,7.15697704409407e-05,0,0,0,0,0,0.00256655820411484,0,0.0137713879412447,0,0.00623296234963131,0,0.00137102245013189,0,0,0,0,0,0,0,0,0,0,2.5640444490231e-05,0,0,0,0,0,0.000149652356900058,0,0,0,0.000379474245300834,7.09206930205466e-05,0.0037231643850254,0,0
0,0,0.00021205915591219,0,0,0,0,0,0,0,0,0,0,0,0,0,0,0,0,0,0.00779854646596669,0,0,0,0,0,0,0,0,0,0,0,0,0,0,0,0,0,0,0,0,0,0,0,0,0,0,0,0,0,0.000516729080118239,0,0,0,0,0,0.00708424391368269,0,0.00587107589242023,0,0,0,0,0.001122767430999,0,0,0,0,0,0,0,0,0,0,0,0,0,0,0,0,0,0,0,0,7.46677296279341e-06,0,0
0,0,0,0,0,0,0,0.0594974762585527,0,0,0,0,0,0,0,0,0,0,0,0,0,0,0,0,0,0,0,0,0,0,0,0,0,0,0,0,0,0,0,0,0,0,0,0,0,0,0,0,0,0,0,0,0,0,0,0,0,0,0,0,0,0,0,0,0,0,0,0,0,0,0,0,0,0,0,0,0,0,0,0,0,0,4.64981121695018e-06,0,0,0,0
0.00431342640820068,0,0.000303306034766138,0,0,0,0,0,0.0995536667029377,0,0,0,0,0,0.000562380962579506,0,0.000361132646066354,0,0.000387930058671923,0,0,0,0,0,0.0105516842701666,0,0.00182957844347063,0,0,0,0,0,0,0,0,0,0,0,0.00117682981703259,0,0,0,0,0,0,0,0,2.36213113865994e-05,2.55819722640763e-05,0,0,0,0,0,0,0,0.000221710760196221,0,0,0,0.0252908996881099,0,0,0,0,0,0,0.102095067171583,0,0.00276276451295595,0,0,0,0,0,0,0,0,0,0,0,0.00188107785347472,0.000863018174086678,0,0.00154330935556652,0,0
0,0.092580447755186,0,0.0264209958129021,0,0.000173611271957023,0,0,0,0.0736629782463873,0,0,0,0,0,0.00100102718678253,0,1.11381763068298e-05,0.000251744589560598,0,0,6.71185183095046e-06,0,0.00843227352258092,0,0,0,0,0,0,0,0,0,0,0,0,0,0.00360067297193655,3.06318985324449e-05,0.000141798650208519,0,0.0034861444997526,1.19229919724486e-05,0.000706260724377072,0,0,0,0.00016233930261616,0,0.00616737915980677,0,0.00256655820411484,0,0,0,0,0,0.000635598091954408,0,0,0,0.000467994134269508,0,0,0,0,0.00785144488251363,0,0,0,0,0,0.00081438758140031,0,0,0,0,0,2.04672148474132e-06,0,0.00246173777717291,2.04365615008386e-06,0.000831434131803596,1.86549514823045e-05,0.00345994668693446,0.00134466094700109,0
0.000586201765178394,0,0.00465341975722799,1.82294165944838e-05,0.00342708559410618,0,0,0,0.00938478042847387,0,0.264518700543545,0,0.00568079719482508,0,0,0,1.59152539707676e-05,4.21053094173225e-06,0.000822105847286753,0,0.0873735683696221,0,0,0,0.00029442222524246,0,0,0,6.44363934904687e-05,0,0.00216876626148747,0,0,0,0,0,0.00554987451323879,0,0.0233249842500544,0,0.000176635298840306,2.770882573273e-05,0.0347797143337227,0,2.39053793740357e-05,1.33316998724164e-05,0.00257248712594373,2.16288701367388e-05,0.00440012710647981,0,0,0,0.00708424391368269,0,0.000221710760196221,0,0,6.95531729578942e-06,0.00640883254789917,0,5.69327638241328e-05,0,0,0.0883382486352735,0,0,1.86555622099102e-05,0,0,0,0,0,2.98113926718967e-05,0.00456499701564712,0,0,0,0,1.08116243136067e-05,0.0014191514528939,1.43005209143076e-05,0.00141113848815168,0.00222720368047883,0.00101445261025912,0.0327822716901999,0,0.000148403705585241
0,0.00149566554313299,1.2199548271202e-05,0.00582335823338251,0,0.00165384106863936,0,0,0,0.00217398253185694,0,0.25823259418048,0,0.000146007180724442,0,0,4.23500150695178e-05,0.000110387688331782,0.000585727256850458,0.0217273808664556,0,0,0,0,0,0,0,0,0,0.012225400199143,0,0,0,0,0,2.81532045637108e-05,0,0.0116852942567415,1.89636138246003e-06,0.000106984297896001,0,0.0148060356544504,6.28259031656904e-05,0.00032290870246373,0,0.000216377213865711,0,0,0,0.00383656620750066,0,0.0137713879412447,0,0,0,0.000635598091954408,6.95531729578942e-06,0,0,0.00327142775287222,0,0.000206682756975856,0.0324774352995038,0,0,0,0,0,0,0,0,0,0.0399285511227062,0,0,0,0,0,1.86650804476437e-05,2.95462609751444e-06,1.47598644660079e-05,0,0.000998116596192468,6.20913572196007e-06,0.0183857298478153,0.00222128360654755,0
0.000920516035534521,0,0,0,0.000649589944126042,0,0.00313586433733496,0,0.000434395903437762,0,0.034164718118393,0,0.0207652537730216,0,0,0,0,0,0,0,8.73599508796183e-05,0,0,0,0,0,0,0,0,0,0,0,0,0,0,0,0,0,7.20520972373479e-05,0,0,0,0.000799491558529463,0,0,0,0,0,0.00295051276489058,0,0,0,0.00587107589242023,0,0,0,0.00640883254789917,0,0,0,0.00043641015249913,0,0,0.00160871256073324,0,0,0,0,0,0,0,0,0,0,0,0,0,0,0,0,0,0,0.000301003944052472,0.000571661386012597,0.00358231825374438,0,0
0,0,0,0.00392889776754951,0,0.000239076966841968,0,0,0,0,0,0.0728172866459004,0,0.12267182700554,0,0.00178406065312415,0,0,0,4.70035986766086e-05,0,0,0,0,0,0,0,0.000372151499002091,0,0,0,0,0,0,0,5.28255073542341e-05,0,0,0,0,0,0,0,0,0,0,0,0,0,0.000174985212456552,0,0.00623296234963131,0,0,0,0,0,0.00327142775287222,0,0,0,0.000682858172752165,0,0,0,0,0,0,0,0,0,0,0,0,0,0,0,0,2.07324907450202e-05,0,0,0,0.000164557351800806,1.2216951750063e-05,0.00209976424576623,0,0
0.0038193366224678,0,0,0,0,0,0,0,0.0140657872580946,0,0,0,4.08236895422443e-05,0,0.0161688607288165,0,0,0,0,0,0,0,0,0,5.267694715485e-05,0,0,0,0,0,0,0,0,0,0,0,0,0,5.93654201336421e-06,0,0,0,0.000489301497874351,0,0,0,0,0,0.00328031968602196,0,0,0,0,0,0.0252908996881099,0,5.69327638241328e-05,0,0.00043641015249913,0,0,0,0,0,0,0,0,5.65189223204919e-05,0,0.00065140274249248,0,0,0,0,0,0,0,0,0,0,0,1.29087288309235e-05,0.000221055052100708,0,0.0029215636298841,0,0
0,0.0082029688703589,0,0.0471653629707714,0,0.000431957173070437,0,0,0,0.0241348333645047,0,0,0,0.00588635934334056,0,0.04288698463063,3.43477075654888e-06,0,5.87581768893633e-06,0,0,0,0,0.00385794950444995,0,0,0,0,0,0,0,0,0,0,0,0,0,9.05064205523095e-06,0,0.000284744178343173,0,0.00284145016191665,0,0.000122883914506827,0,0.00011648883075785,0,0,0,0.011770123809281,0,0.00137102245013189,0,0,0,0.000467994134269508,0,0.000206682756975856,0,0.000682858172752165,0,0,0,0,0,0,0,0,0,0,1.06782215139462e-05,0,0.000497615927051945,0,0,0,0,0,1.40179293538408e-06,0,2.32880806965928e-06,0,6.16137183920326e-05,2.58900431645453e-06,0.00393551456389895,5.6773401196906e-05,0
0,0,0,0.000750871693554894,0,0,0,0.00608135803344744,0,0,0,0.0775984452274864,0,0,0,0,3.3676530570823e-05,4.05541110809202e-05,0.000817365845068373,0.203072749360274,0,0,0,0,0,0,0,0,0,0,0,0,0,0,0,0.00769681759840008,0,0.00499956365861244,0,0.00156933361019802,0,0.000301764750573127,0,0.000831079244221464,0,0.108171112674579,5.43002726102137e-05,0,0,3.02649944030446e-05,0,0,0,0,0,0,0,0.0324774352995038,0,0,0,0,0,0,0,0,0,0,0,0,0,0,0.0138929691855381,0,0,0,0,0,0.00460934428576816,0,0.000500167068957588,0,0.000821415628600554,6.31118905694489e-06,0.0360609456987402,0,0
1.35059900606693e-05,0,0.000396397296011737,0,0,0,0,0,0.000539867299163325,0,0.00313858628441496,0,0,0,0,0,4.6395056264764e-05,0,0.000466885908173447,0,0.0754760622123362,0,0,0,0,0,0,0,0,0,0,0,0,0,0,0,0.00293693699472622,0,0.000197351824353994,0,0.000258419757523959,0,0.000493932555102238,0,0,0,0.0956935448309821,0,0.000100119697390561,0,0.000327496273314905,0,0.001122767430999,0,0,0,0.0883382486352735,0,0.00160871256073324,0,0,0,0,0,0,0,0,0,0,0,0,0,0,0.00130173587838448,0,0,0,0,0,0.00160535071905774,0,0.00760429670709273,0.000861688096107739,0,0.0199965388428149,1.53385908634686e-05,0.00040618297302734
0,0,0,0,0,0,0,0,0,0,0,0,0,0,0,0,0,0.000196226479758557,0,0,0,0.0979570260536129,0.00160150500616197,0.00103855178985001,0,0.00255042474855764,0,0.000913022360851286,0,0,0,0,0,0,0,0,0,0.0108530890809308,0,0,0,0,0,0,0,0,0,1.87716240532244e-05,0,0,0,0,0,0,0,0,0,0,0,0,0,0,0,0,0,0.000144831443528914,0.00570141937285291,0,0.000571672952245928,0,0,0,0,0,0,0,0,0,0,0,0.00139782418711166,0,0.00260699370726434,0.00122188468090525,0,0,0
0,0,0,0,0,0,0,0,0,0,0,0,0,0,0,0,8.80885641354122e-05,0,0,0,0,0.000954537090960844,0.149884181019828,0,0.0121780965834084,0,0,0,0.000229263991989569,0,0,0,0,0,0,0,0,5.54128369557813e-05,0.0211207849288061,0,0,0,7.02817080034309e-06,0,0,0,0,6.05512359644398e-05,0.000217489848168784,0,0,0,0,0,0,0,0,0,0,0,0,0,0,0,0.000144831443528914,0,0,0.00437914927710684,0,4.01422048287978e-05,0,0.00140601748991374,0,0,0,0,0,0,0,0,0,0.00842877414881971,0.00086713067348088,0.000525111975041941,1.98572616483016e-05,0,0
0,0.00817944998497718,0,0.000222903791125583,0,0,0,0,0,0.00767989667137147,0,0,0,0,0,0,0,0.000203898844556048,1.86248792572456e-05,0,0,0.00284208211106555,0,0.100253680862153,0,0.0020350184127742,0,0,0,0,0,0,0,0,0,0,0,0.0264237154976952,9.34708306056722e-05,0,0,0.00029526517218374,2.92983951613743e-05,0,0,0,1.28450917034926e-05,0.000829910824433239,1.92022705729801e-05,0.000831969567631106,0,0,0,0,0,0.00785144488251363,1.86555622099102e-05,0,0,0,0,0,0,0,0.00570141937285291,0,0,0,0,0,0,0,6.25748207353817e-05,0,0,0,0,0,0,0,0.0118989505502814,0,0.000514164837873035,7.703165652975e-06,0.00602731983133039,0,0
0,0,0,0,0,0,0,0,0.00626591114431828,0,0,0,0,0,0,0,0,0,0,0,0,0,0.00233044908329667,0,0.103546264245004,0,0,0,1.75428025376125e-05,0,0,0,0,0,0,0,0,5.8454588640689e-06,0.0183522292599423,0,0,0,0,0,0,0,0,0.000565256030152016,0.0049274329872758,0,0,0,0,0,0.102095067171583,0,0,0,0,0,5.65189223204919e-05,0,0,0,0,0.00437914927710684,0,0,0,0.00191245081969929,0,0.000182765723622359,0,0,0,0,0,0,0,0,2.08839273229072e-06,0.00957040937593429,0.000162287993784148,0,0.00051531860595125,0,0
0,0,0,0,0,0,0,0,0,0.00161405053036478,0,0,0,0,0,0,0,0,0,0,0,0.00905019199923085,0,0.136022135554493,0,0.0471749740700621,0,0,0,0,0,0,0,0,0,0,0,0,0,0,0,0,0,0,0,0,0,0,0,0,0,0,0,0,0,0,0,0,0,0,0,0,0,0,0.000571672952245928,0,0,0,0,0,0,0,0,0,0,0,0,0,0,0,0,0,2.38244124908896e-05,0,0,0,0
0,0,0,0,0,0,0,0,0,0,0,0,0,0,0.00565297114850516,0,0.000933544437898452,0,0,0,0,0,0.00371614601435185,0,0.0620761999412531,0,0.0454215264125606,0,0,0,0,0,0,0,0,0,0,0,0.000207678609708068,0,0,0,0,0,0,0,0,0,6.8988871212265e-05,0,0,0,0,0,0.00276276451295595,0,0,0,0,0,0.00065140274249248,0,0,0,0,4.01422048287978e-05,0,0.00191245081969929,0,0,0,0.000385194409415785,0,0,0,0,0,0,0,0,0,8.30207223019748e-05,0,0,0,0,0
