0,69.6631724039714,8.31674411120238,0,10.0651295979818,0,0,0,5.30957822343136,0,0,0,0,0,0,0,0,0,6.82871753026631,0,0,0,0,49.2299410502116,12.668426344792,0,0,0,0,0,0,0,0,0,0,0,0,48.3589153289795,21.3892284969489,0,55.3100301954481,57.4820227622986,41.3281123797099,0,0,90.7994842529297,59.2089042663574,37.5803785540841,9.44134636175528,48.4302234649658,30.7215747833252,0,0,0,8.24068065619065,0,22.8776350462878,0,12.876746704181,0,7.43251856473776,0,0,0,0,0,0,10.3674224965713,0,6.74950846036275,0,7.82783844891716,0,0,0,0,45.283016204834,0,0,114.343048095703,48.5477752685547,19.9869208806827,20.4381641643317,41.309752146403,11.6711618603702,0,0
69.6631724039714,0,0,6.47931494595814,0,6.96011013733713,0,0,0,6.67870574438271,0,0,0,0,0,0,0,97.1052551269531,9.783472456038,0,0,0,0,12.5044909119129,58.1286476135254,0,0,0,0,0,0,0,0,0,0,74.6672191619873,0,21.355922031076,45.340369831432,90.5126647949219,65.0704708099365,40.1985375112103,52.8987846374512,0,0,37.9837912952199,0,29.4445746572394,72.6215667724609,12.0064101539329,0,0,0,0,60.6852779388428,6.02848092667357,0,13.5869718118147,0,11.037304611767,0,9.71616332430057,25.4241553086501,0,0,0,12.3520590954854,54.8387489318848,14.7405607882708,59.7613124847412,10.1466643037023,0,27.6000595092773,0,0,0,0,0,47.4374137878418,0,26.5836476559909,65.5599466959635,13.2427488511376,34.4011875788371,15.8409163450739,0,56.4469680786133
8.31674411120238,0,0,0,14.8941259384155,0,0,0,12.7355043158239,0,0,0,0,0,0,0,0,0,0,0,0,0,0,0,21.8297843933105,0,0,0,0,0,0,0,0,0,0,0,56.6428604125977,0,45.8097438812256,0,39.9022821279672,41.0948547950158,42.6117785453796,0,0,0,25.8920836130778,56.8623905181885,28.889909622517,0,10.2113630175591,0,0,0,11.131266382874,0,6.5314214396895,0,7.08147086595234,0,6.58085174030728,0,0,30.237232208252,0,0,0,28.5509567260742,0,0,0,30.4105489630448,0,27.9935922622681,0,0,0,0,0,47.2380610734988,0,57.8291801452637,27.2124690967323,45.9250640869141,16.9976456007284,0,0
0,6.47931494595814,0,0,0,7.34085272593671,0,0,0,4.40143483025687,0,0,0,0,0,0,0,0,0,0,0,0,0,30.989089012146,0,0,0,0,0,0,0,0,0,0,0,0,0,44.4896583557129,0,0,0,30.2624286651611,0,0,0,32.4109032154083,0,0,0,7.38429206047418,0,0,0,0,0,4.97069203853607,0,5.31168390909831,0,6.92727240261279,0,8.57992075257382,0,0,0,0,0,0,0,0,27.6627481248644,0,26.9717082977295,0,0,0,0,0,0,0,0,0,18.435916965658,0,14.9432239850362,0,0
10.0651295979818,0,14.8941259384155,0,0,0,3.73045558929443,0,9.36861491812036,0,0,0,4.21521824598312,0,3.50832557678223,0,0,0,74.2483673095703,0,0,0,0,0,0,0,0,0,0,0,0,0,0,0,0,0,32.0220684878031,0,0,0,32.3381042480469,46.6964473724365,52.2007036590576,0,0,0,18.3222383704421,55.066032409668,40.7564654350281,0,3.70457647477182,0,4.29232165042092,0,10.1428685423769,0,21.0966320037842,0,5.01700563232104,0,5.29355530738831,0,0,11.9572626671126,0,0,0,0,0,0,0,38.1870555877686,0,0,0,0,0,0,0,28.7895517556564,0,62.6723543802897,4.87884745711796,0,13.366573934735,0,0
0,6.96011013733713,0,7.34085272593671,0,0,0,0,0,4.70258373022079,0,0,0,0,0,0,0,0,0,0,0,0,0,0,0,0,0,0,0,0,0,0,0,0,0,0,0,0,0,0,0,44.500657081604,0,0,0,0,0,0,0,14.4738759313311,0,3.76383280518031,0,0,0,3.84603860960052,0,8.34506587628965,0,0,0,2.98717260360718,0,0,0,0,0,0,0,0,40.1237182617188,0,40.0847969055176,0,0,0,0,0,0,0,82.2247924804688,0,6.12001365423203,3.71595943960032,13.3029982248942,0,0
0,0,0,0,3.73045558929443,0,0,0,0,0,2.85371861003694,0,3.22722815142737,0,6.45668538411458,0,0,0,0,0,0,0,0,0,0,0,0,0,0,0,0,0,0,0,0,0,0,0,0,0,0,0,0,0,0,0,0,0,0,0,4.62487552716182,0,3.61429189369742,0,0,0,3.36086680697299,0,3.70099659342515,0,4.99478924274445,0,0,0,0,0,0,0,0,0,0,0,0,0,0,0,0,0,0,0,0,0,3.76358556747437,0,0,0,0
0,0,0,0,0,0,0,0,0,0,0,3.4906309272932,0,0,0,0,0,0,0,6.33081245422363,0,0,0,0,0,0,0,0,0,0,0,0,0,0,0,0,0,0,0,0,0,0,0,0,0,0,0,0,0,0,0,2.96013021469116,0,3.55032732089361,0,0,0,0,0,2.95144128799438,0,0,0,0,0,0,0,0,0,0,0,0,0,0,0,0,0,0,0,0,0,0,3.02552696069082,0,0,0,0
5.30957822343136,0,12.7355043158239,0,9.36861491812036,0,0,0,0,0,0,0,0,0,4.04351585441166,0,3.16858577728271,0,34.4028054150668,0,0,0,0,0,6.35919453823027,0,5.80721798659749,0,0,0,0,0,0,0,0,0,40.2772888183594,0,18.9758535766602,0,43.9847763776779,57.0515340169271,27.4552966596172,0,0,0,43.7876882553101,52.7880744934082,19.2938207914663,38.7487716674805,30.3832122802734,0,0,0,6.59730872690212,0,22.1666690451758,0,21.2211480140686,0,5.21741108040311,0,0,14.5074739456177,0,0,0,7.66781858762105,0,6.12660217285156,0,19.9253876113892,0,21.8760289023904,0,0,0,0,0,40.7675857543945,0,35.3160395812988,9.55898746212682,14.4646132117824,18.128767519527,0,34.6859512329102
0,6.67870574438271,0,4.40143483025687,0,4.70258373022079,0,0,0,0,0,0,0,0,0,2.94699382781982,44.3731662205287,8.88483368460812,24.8976074078504,0,0,27.2666549682617,0,7.61747402247816,0,0,0,0,0,0,0,0,0,0,0,64.2984848022461,0,51.8389298474347,0,43.3619704643885,72.390941619873,20.684130946617,66.3229057312012,0,0,45.7954721645433,52.5695114135742,0,45.481117884318,25.4137282748644,0,0,0,0,0,4.34677381701367,0,25.8947634445994,0,14.9209814071655,0,13.796425514751,40.7103060313634,0,31.3364582061768,0,6.37825029896152,0,18.2040416797002,0,21.4498220245695,0,23.0353041181759,50.6004219055176,0,0,0,0,46.7832576125415,60.5891494750977,34.3860310170446,62.6376825968424,8.56583883681323,5.76061265533035,19.7523256459559,36.8196401596069,0
0,0,0,0,0,0,2.85371861003694,0,0,0,0,0,3.46306151079844,0,0,0,0,0,54.0241203308105,0,4.18063184180995,0,0,0,0,0,0,0,4.7759884595871,0,3.94070689628522,0,0,0,0,0,3.67675020893415,0,5.69325248769154,0,51.8456891377767,0,30.0020351409912,0,0,0,60.3377202351888,0,0,0,0,0,4.0900907235987,0,0,0,3.82058173538982,0,3.75171060459588,0,0,0,0,12.8402147854076,0,0,0,0,0,0,0,4.5514031718759,0,6.08486482864473,0,0,0,0,84.3419189453125,51.3887837727865,0,6.19579517399823,4.08985523505089,0,8.09673647284508,0,0
0,0,0,0,0,0,0,3.4906309272932,0,0,0,0,0,4.20665326383379,0,0,0,0,0,6.42603916467742,0,0,0,0,0,0,0,0,0,3.31126773600676,0,0,0,0,0,3.50644289343445,0,5.50189015855245,0,0,0,0,0,0,0,0,0,0,0,0,0,0,0,0,0,0,0,4.14251136975411,0,6.02699651334866,0,0,13.6582281406109,0,0,0,0,0,0,0,7.60715103149414,0,5.75548323425087,0,0,0,0,0,4.65268306171193,0,8.62243486826236,0,3.31984575196068,2.74808654785156,6.33786437908808,0,0
0,0,0,0,4.21521824598312,0,3.22722815142737,0,0,0,3.46306151079844,0,0,0,3.80275278999692,0,0,0,0,0,0,0,0,0,0,0,0,0,2.74391150474548,0,0,0,0,0,0,0,0,0,0,0,0,0,0,0,0,0,0,0,0,0,0,0,3.94716378358694,0,0,0,4.97189707983108,0,3.41966365208136,0,3.08980350378083,0,0,0,0,0,0,0,0,0,0,4.71681764885619,0,0,0,0,0,0,0,0,0,0,4.07938242715503,0,0,0,0
0,0,0,0,0,0,0,0,0,0,0,4.20665326383379,0,0,0,2.84960639887843,0,0,0,0,0,0,0,0,0,0,0,4.13174149415789,0,0,0,0,0,0,0,0,0,0,0,0,0,0,0,0,0,0,0,0,0,0,0,0,0,0,0,0,0,3.78685983383294,0,4.41986834671762,0,0,0,0,0,0,0,0,0,0,4.2972546173976,0,0,0,0,0,0,0,0,0,0,0,3.31037111764544,3.69435730245378,0,0,0
0,0,0,0,3.50832557678223,0,6.45668538411458,0,4.04351585441166,0,0,0,3.80275278999692,0,0,0,5.48466825485229,0,0,0,0,0,0,0,0,0,3.72163897090488,0,3.20389743645986,0,0,0,0,0,0,0,0,0,0,0,0,0,0,0,0,0,0,0,0,0,0,0,5.50710928440094,0,4.65025877952576,0,0,0,4.65010658899943,0,2.90936740239461,0,0,0,0,0,0,0,0,0,0,0,0,0,0,0,0,0,0,0,0,0,3.67532981766595,0,0,0,0
0,0,0,0,0,0,0,0,0,2.94699382781982,0,0,0,2.84960639887843,0,0,42.4989862442017,6.22278947937757,0,0,0,0,0,0,0,3.57205982208252,0,0,0,0,0,0,0,0,0,0,0,0,0,0,0,35.3973808288574,0,0,0,0,0,0,0,0,0,0,0,0,0,3.90267094515138,0,0,0,0,0,3.16766671677853,0,0,0,0,0,0,4.10716311285429,0,0,0,0,0,0,0,0,0,0,0,0,0,3.32988001512184,15.3767147064209,0,0,0
0,0,0,0,0,0,0,0,3.16858577728271,44.3731662205287,0,0,0,0,5.48466825485229,42.4989862442017,0,22.940825178067,14.9902619527224,118.033782958984,0,0,3.31412416119729,0,0,0,3.39013312934736,0,3.59233474731445,0,0,0,0,0,0,0,87.4301452636719,103.412768046061,91.3049182891846,84.850422668457,66.6314117030093,77.0166702270508,56.9436144243207,0,0,78.7794159337094,60.7524563925607,0,65.7370142255511,83.6383293999566,0,0,0,0,0,0,0,0,0,0,3.37657189369202,0,75.4690480913435,0,0,0,0,0,0,3.32654186736706,0,28.3534643650055,70.2976226806641,57.5932051340739,0,0,0,0,89.3620349339077,80.0846920013428,94.2068686485291,70.6816165924072,11.8740702137542,8.29029004277877,67.5974796979855,0,0
0,97.1052551269531,0,0,0,0,0,0,0,8.88483368460812,0,0,0,0,0,6.22278947937757,22.940825178067,0,13.1645217174667,0,0,3.41205490409554,0,2.95292949676514,0,4.03364240206205,0,4.93843380610148,0,0,0,0,0,0,0,78.1796079363142,79.7155329386393,81.4256837632921,108.12548828125,64.6556100845337,72.2772166959701,51.8196669915878,65.8919680459159,0,43.6033477783203,58.2739175758106,63.9503760704627,0,72.4655698776245,62.7863658960315,0,0,0,0,0,6.24074873924255,0,0,0,0,0,3.39071529279879,64.2901619419907,0,3.38838996887207,0,0,0,3.02863040723299,0,77.8415054321289,96.748607635498,68.2631092071533,54.3313547770182,0,0,0,0,68.7347492755659,73.342388006357,72.4888438372545,76.8637519109817,14.4977207277849,8.30127600864346,54.8346716330303,51.2853495279948,0
6.82871753026631,9.783472456038,0,0,74.2483673095703,0,0,0,34.4028054150668,24.8976074078504,54.0241203308105,0,0,0,0,0,14.9902619527224,13.1645217174667,0,31.7583160400391,42.0288047790527,0,0,45.7064086369106,11.1914310455322,0,0,0,0,0,0,0,0,0,0,64.0493166923523,61.4316103030474,66.667855131412,60.6126721941906,46.2032857064543,43.6505088116583,30.8975450859737,30.625888784784,25.2197221120199,22.5364996592204,34.3136594352051,38.9275860569975,73.1130142211914,42.975582179909,47.0464725959592,81.80992380778,0,0,0,39.6017615578391,60.1193771362305,54.4334354400635,56.8073825836182,43.9820232391357,49.3929748535156,118.470413208008,0,40.6044637886254,20.7866687774658,0,0,43.6830139160156,13.7319299697876,0,0,50.9089097543196,40.6332526539647,47.7719945907593,39.8731110532519,0,0,0,0,48.8243992283131,50.0935844355616,57.1376265838367,51.1586723195575,12.8628026618328,14.0802177762644,32.7844088164924,38.6284379959106,28.8867210466035
0,0,0,0,0,0,0,6.33081245422363,0,0,0,6.42603916467742,0,0,0,0,118.033782958984,0,31.7583160400391,0,0,0,0,0,0,0,0,0,0,0,0,0,0,0,0,4.31688924110232,0,7.30744268631981,0,50.0793601989746,0,45.9935137430827,0,0,0,31.8625632305535,0,0,0,19.7286795661563,0,0,0,0,0,0,0,4.761840593954,0,0,0,0,5.43339778114194,0,0,0,0,0,0,0,42.8297538757324,0,13.9520534632499,0,0,0,0,0,12.5403803776515,0,14.2105680039559,0,7.13926653756427,0,7.1556520499289,19.3066062927246,0
0,0,0,0,0,0,0,0,0,0,4.18063184180995,0,0,0,0,0,0,0,42.0288047790527,0,0,0,0,0,0,0,0,0,0,0,4.19795560836792,0,0,0,0,0,4.16948604024072,0,5.24506023847444,0,50.661917368571,51.6141090393066,41.531977381025,0,0,0,30.8246221769424,0,51.4036521911621,0,0,0,0,0,40.6747665405273,0,3.68431730256109,0,0,0,0,0,0,4.79930552531349,0,0,0,0,0,0,0,0,0,7.28516000621724,0,0,0,0,0,7.35547554904017,0,9.06245856536062,5.57548227324083,0,14.4303668095515,0,0
0,0,0,0,0,0,0,0,0,27.2666549682617,0,0,0,0,0,0,0,3.41205490409554,0,0,0,0,3.24972162485123,4.78530412951497,0,7.68354947277393,0,5.31563510693295,0,0,0,0,0,9.78281211853027,0,0,0,4.3233180704338,0,0,0,0,0,0,0,35.1190643310547,0,0,0,10.9750496149063,0,0,0,0,0,0,0,33.7811965942383,0,0,0,0,0,0,5.64573814509217,2.7677196093968,6.13474710306651,0,7.25396990368241,0,7.40658963788558,0,0,0,0,0,0,0,0,0,5.51867427106971,0,3.93492350264837,3.23057254666228,15.8117735385895,0,0
0,0,0,0,0,0,0,0,0,0,0,0,0,0,0,0,3.31412416119729,0,0,0,0,3.24972162485123,0,0,9.71251600607118,0,3.06743064679598,0,3.5139604977199,0,0,0,0,0,0,0,0,40.3189888000488,6.07060156410943,0,0,0,0,0,0,0,0,28.6531007766724,4.92671669571145,0,0,0,0,0,0,0,0,0,0,0,0,0,0,0,3.2901508467538,4.78878238579837,0,5.25816289817586,0,3.72559688042621,0,3.65619590905336,0,0,0,0,0,0,0,0,38.040132522583,5.49157587259326,4.84480006816024,5.27256127721385,0,0,0
49.2299410502116,12.5044909119129,0,30.989089012146,0,0,0,0,0,7.61747402247816,0,0,0,0,0,0,0,2.95292949676514,45.7064086369106,0,0,4.78530412951497,0,0,43.3394889831543,7.756062568199,0,0,0,0,0,0,0,0,0,0,0,6.01097998235907,32.2941927909851,42.7567121717665,82.8214569091797,28.7348433165323,0,0,0,42.2900329828262,0,15.5673458359458,0,17.7636060609396,0,0,0,0,0,7.30609678200313,0,23.4752638156597,0,19.0928440093994,0,12.2247996610754,32.344936811007,0,6.09114456762347,0,5.61727197787952,54.3907432556152,8.82442408245663,0,19.2091214023059,0,20.7949266433716,0,0,0,0,0,43.3188384662975,81.4818267822266,7.67117474192665,34.340628306071,12.5018632590452,6.47114829222361,11.8477499879471,0,0
12.668426344792,58.1286476135254,21.8297843933105,0,0,0,0,0,6.35919453823027,0,0,0,0,0,0,0,0,0,11.1914310455322,0,0,0,9.71251600607118,43.3394889831543,0,0,5.64543334103939,0,0,0,0,0,0,0,0,0,0,36.0890244642893,4.85603908708562,0,43.9640655517578,51.2679748535156,36.4123278078826,0,0,0,34.8462524414062,25.4646599210542,16.8576493221047,51.1374416351318,36.9513702392578,0,0,0,8.17569514857836,0,22.1588968700833,0,24.7946355342865,0,11.1051845550537,0,0,0,0,11.8680972952347,0,5.08986482034836,49.6459274291992,12.7998184290799,0,16.1009232997894,0,15.7593812942505,0,0,0,0,0,66.5389099121094,34.322723535391,4.8049027692704,10.4015333410782,19.2825944423676,23.4983816974017,0,0
0,0,0,0,0,0,0,0,0,0,0,0,0,0,0,3.57205982208252,0,4.03364240206205,0,0,0,7.68354947277393,0,7.756062568199,0,0,0,3.17670108590807,0,0,0,0,0,0,0,0,0,17.6114448479244,42.2494812011719,0,0,0,0,0,0,0,0,35.3782328092135,0,0,0,0,0,0,0,0,0,0,0,0,0,4.86072778701782,0,0,8.39830796218213,0,5.72440001495883,0,4.15374615906063,0,9.35381294614706,0,0,0,0,0,0,0,0,0,0,48.9290657043457,10.6897742629051,0,0,0,0
0,0,0,0,0,0,0,0,5.80721798659749,0,0,0,0,0,3.72163897090488,0,3.39013312934736,0,0,0,0,0,3.06743064679598,0,5.64543334103939,0,0,0,4.38204663833686,0,0,0,0,0,0,0,0,0,10.6970713264064,0,0,0,0,0,0,0,0,0,0,0,0,0,0,0,7.86112129068099,0,0,0,0,0,3.47765280426124,0,0,0,0,3.90496299050071,0,5.84010047642958,0,3.59723584479954,0,4.37932753562927,0,0,0,0,0,0,0,0,36.9189262390137,16.0029106140137,4.97902070482572,0,0,0,0
0,0,0,0,0,0,0,0,0,0,0,0,0,4.13174149415789,0,0,0,4.93843380610148,0,0,0,5.31563510693295,0,0,0,3.17670108590807,0,0,0,5.26388616870392,0,0,0,0,0,0,0,3.11904346025907,0,0,0,0,0,0,0,0,0,0,0,0,0,0,0,0,0,0,0,0,0,3.29106234312057,0,0,0,0,4.27173223291125,0,0,0,2.73479056358337,0,4.29710057843944,0,5.49630997055455,0,0,0,0,0,0,0,2.92306589417987,0,5.08958836113992,4.23388647127755,0,0,0
0,0,0,0,0,0,0,0,0,0,4.7759884595871,0,2.74391150474548,0,3.20389743645986,0,3.59233474731445,0,0,0,0,0,3.5139604977199,0,0,0,4.38204663833686,0,0,0,3.6968469896832,0,0,0,0,0,0,0,4.6676698923111,0,0,0,0,0,0,0,0,0,0,0,0,0,0,0,0,0,6.14680763880412,0,0,0,3.70242001353831,0,0,0,0,3.94139514249914,0,0,0,3.29453754425049,0,5.52411465994176,0,3.10223541259766,0,0,0,0,0,0,0,3.62768268585205,3.69517161799412,5.23777445962157,0,0,0
0,0,0,0,0,0,0,0,0,0,0,3.31126773600676,0,0,0,0,0,0,0,0,0,0,0,0,0,0,0,5.26388616870392,0,0,0,0,0,0,0,0,0,4.5872511213476,0,0,0,0,0,0,0,0,0,0,0,0,0,0,0,0,0,0,0,3.07760108494368,0,0,0,0,0,0,0,0,0,0,0,0,4.46193471620249,0,3.60011922163512,0,0,0,0,0,0,0,4.70401425221387,0,3.84690413669664,3.90877234983636,0,0,0
0,0,0,0,0,0,0,0,0,0,3.94070689628522,0,0,0,0,0,0,0,0,0,4.19795560836792,0,0,0,0,0,0,0,3.6968469896832,0,0,0,0,0,0,0,0,0,10.3358938766649,0,0,0,0,0,0,0,0,0,0,0,0,0,0,0,0,0,3.44356316175216,0,0,0,0,0,0,9.12287664413452,0,0,0,0,0,0,0,4.10058129401434,0,4.69078854410307,0,0,0,0,0,0,0,5.24463900235983,9.15958090538674,2.85348308086395,0,0,0
0,0,0,0,0,0,0,0,0,0,0,0,0,0,0,0,0,0,0,0,0,0,0,0,0,0,0,0,0,0,0,0,3.15236976362092,5.57581671079,0,4.25122584440769,0,0,0,14.1407248217885,0,0,0,0,0,0,0,3.98390626235747,0,15.6570773124695,0,0,0,0,0,0,0,0,0,0,0,0,0,0,0,0,0,0,0,0,0,0,0,0,3.59793274180834,2.74754786491394,4.18379942576091,0,5.23649509747823,0,0,0,3.56395167570848,0,0,0,0
0,0,0,0,0,0,0,0,0,0,0,0,0,0,0,0,0,0,0,0,0,0,0,0,0,0,0,0,0,0,0,3.15236976362092,0,0,7.06022396349525,3.10283753661071,14.9459676135261,0,0,18.6479336180777,0,0,0,0,0,0,0,9.59734725408276,20.9445162484812,14.8196242798206,0,0,0,0,0,0,0,0,0,0,0,0,0,0,0,0,0,0,0,0,0,0,0,0,4.22055160999298,4.71801937066398,0,5.25443024785107,29.1349143981934,4.4843393019688,0,0,3.41159647429196,0,6.67948353290558,0,0
0,0,0,0,0,0,0,0,0,0,0,0,0,0,0,0,0,0,0,0,0,9.78281211853027,0,0,0,0,0,0,0,0,0,5.57581671079,0,0,5.12082657212367,4.04566545753212,0,6.43640565683471,0,36.9396118750939,0,24.7872052192688,0,0,0,0,0,6.01832817844957,26.8194700876872,17.797904612182,0,0,0,0,0,0,0,0,0,0,0,0,0,0,0,0,0,0,0,0,0,0,0,0,0,0,4.32500748010569,4.92766532661448,7.4257378048367,0,6.81699117624535,19.4418315887451,4.63220101074567,3.65256162285805,30.5691468715668,0,0
0,0,0,0,0,0,0,0,0,0,0,0,0,0,0,0,0,0,0,0,0,0,0,0,0,0,0,0,0,0,0,0,7.06022396349525,5.12082657212367,0,0,8.41648894142021,4.93203015412603,7.46785550602412,31.3740458488464,0,0,23.8655544281006,0,0,0,58.3959503173828,8.05413413360727,12.398707985878,25.1812262762161,0,0,0,0,67.8643493652344,0,0,0,79.8639602661133,0,0,0,0,0,0,0,0,0,0,0,0,0,0,0,0,22.1612273534139,4.21039475713457,5.64413986566783,0,3.73930048115681,5.86606178871573,11.8015900701006,6.34989082301982,0,40.0943218231201,0,0
0,74.6672191619873,0,0,0,0,0,0,0,64.2984848022461,0,3.50644289343445,0,0,0,0,0,78.1796079363142,64.0493166923523,4.31688924110232,0,0,0,0,0,0,0,0,0,0,0,4.25122584440769,3.10283753661071,4.04566545753212,0,0,5.46992393732071,7.25032475567472,0,5.61096751220583,0,48.1736657142639,72.8842353820801,0,0,43.9967136907053,0,4.7593231678009,99.6054840087891,15.9252254515886,0,0,0,0,0,0,0,2.96063208580017,0,0,0,0,13.5028276386375,0,0,0,0,0,0,0,98.9827575683594,0,67.6926727294922,0,3.34904935865691,0,5.95901829855783,0,5.02393306412806,0,10.5596336248128,117.08211517334,6.87445703553863,10.3687136502102,19.9637980913294,36.5067501068115,0
0,0,56.6428604125977,0,32.0220684878031,0,0,0,40.2772888183594,0,3.67675020893415,0,0,0,0,0,87.4301452636719,79.7155329386393,61.4316103030474,0,4.16948604024072,0,0,0,0,0,0,0,0,0,0,0,14.9459676135261,0,8.41648894142021,5.46992393732071,0,0,5.65234515372486,18.6321198145549,52.3091886226947,67.9289934635162,51.2069358406486,0,0,96.4839630126953,32.9530668258667,12.9904515414402,21.2871214818954,20.5805571344164,41.8930253982544,0,0,0,33.1477527618408,0,5.44082720725091,0,0,0,0,0,0,6.96225233751089,0,0,0,0,0,0,0,68.8327789306641,0,70.584436416626,0,3.74241718451182,0,4.12316239220755,107.849159240723,5.11678603934359,0,10.4107952666192,10.5097939609135,87.7069606781006,31.0540420846506,0,37.0988390995906
48.3589153289795,21.355922031076,0,44.4896583557129,0,0,0,0,0,51.8389298474347,0,5.50189015855245,0,0,0,0,103.412768046061,81.4256837632921,66.667855131412,7.30744268631981,0,4.3233180704338,40.3189888000488,6.01097998235907,36.0890244642893,17.6114448479244,0,3.11904346025907,0,4.5872511213476,0,0,0,6.43640565683471,4.93203015412603,7.25032475567472,0,0,24.9703378825454,65.9511189460754,115.652853393555,46.9370441374517,87.527130762736,0,0,62.5521619570005,88.2257633209229,12.9820503134909,36.4638332366943,19.0386072834438,0,0,0,0,50.0854689280192,33.2000225067139,80.8662185668945,12.041573373171,80.6670837402344,23.3405992719862,43.2079238891602,16.412181854248,18.1318977815465,0,6.57579487677315,40.9921550750732,6.62473147123232,34.098300075531,13.4527409585674,42.4924020767212,11.3647530858333,100.730339050293,4.65110267158868,0,0,0,6.70214354991913,4.57113874753316,14.8532938550542,128.945465087891,7.54239815133982,25.2030136805623,15.8168979754437,7.05502684080497,18.4931058728062,48.0316474016975,0
21.3892284969489,45.340369831432,45.8097438812256,0,0,0,0,0,18.9758535766602,0,5.69325248769154,0,0,0,0,0,91.3049182891846,108.12548828125,60.6126721941906,0,5.24506023847444,0,6.07060156410943,32.2941927909851,4.85603908708562,42.2494812011719,10.6970713264064,0,4.6676698923111,0,10.3358938766649,0,0,0,7.46785550602412,0,5.65234515372486,24.9703378825454,0,110.890033721924,61.730232834816,58.2318520545959,35.785848496145,0,0,0,41.7026892490074,13.766594328388,10.670474334081,43.2336101531982,74.5021286010742,0,0,0,17.6669527871268,0,5.71387905043525,0,20.7974643707275,0,20.2132466634115,0,0,10.2150596949728,0,5.69954574725067,36.1763725280762,4.83463888750925,43.0608758926392,16.4876315824447,0,8.5184278854957,0,11.0337327889034,0,0,38.255729675293,6.13583831191063,0,10.2629008672863,27.967226673575,7.31888315068083,9.51305665156477,13.7948384350293,24.6707755064775,0,49.104653040568
0,90.5126647949219,0,0,0,0,0,0,0,43.3619704643885,0,0,0,0,0,0,84.850422668457,64.6556100845337,46.2032857064543,50.0793601989746,0,0,0,42.7567121717665,0,0,0,0,0,0,0,14.1407248217885,18.6479336180777,36.9396118750939,31.3740458488464,5.61096751220583,18.6321198145549,65.9511189460754,110.890033721924,0,87.6631576538086,24.1824503788439,75.8120742797852,55.6979293823242,0,18.5049126295531,83.6345596313477,11.2413803146769,13.599819741598,11.8934127586953,0,0,0,0,0,41.2413930892944,0,54.7412033081055,0,48.9618263244629,0,0,11.1425517198018,0,0,0,0,0,0,0,68.7422300066267,0,84.3407783508301,0,9.54451999664307,20.3678682215074,0,0,14.1656814409465,58.6828179359436,53.3934124760006,95.330259958903,53.050813659819,77.0251094500224,16.6499020391806,32.2792350328886,69.2464981079102
55.3100301954481,65.0704708099365,39.9022821279672,0,32.3381042480469,0,0,0,43.9847763776779,72.390941619873,51.8456891377767,0,0,0,0,0,66.6314117030093,72.2772166959701,43.6505088116583,0,50.661917368571,0,0,82.8214569091797,43.9640655517578,0,0,0,0,0,0,0,0,0,0,0,52.3091886226947,115.652853393555,61.730232834816,87.6631576538086,0,59.2355159476951,22.4250785938509,0,0,70.4126961844308,10.4793828803024,53.5053155081613,24.583151057544,79.9206108093262,46.7976230439686,0,0,0,48.2193387349447,0,41.0786776224772,0,44.7291749318441,0,43.7524844578334,0,72.8524465560913,22.3920841913545,0,0,0,46.4788398742676,0,0,84.2209129333496,57.0869629901388,94.9788246154785,49.1386076844769,0,0,0,0,84.1628604888916,39.2307545442497,93.5396041870117,56.7268724114927,46.8569634896178,62.4987261393299,16.6409234779979,0,25.5813437375155
57.4820227622986,40.1985375112103,41.0948547950158,30.2624286651611,46.6964473724365,44.500657081604,0,0,57.0515340169271,20.684130946617,0,0,0,0,0,35.3973808288574,77.0166702270508,51.8196669915878,30.8975450859737,45.9935137430827,51.6141090393066,0,0,28.7348433165323,51.2679748535156,0,0,0,0,0,0,0,0,24.7872052192688,0,48.1736657142639,67.9289934635162,46.9370441374517,58.2318520545959,24.1824503788439,59.2355159476951,0,14.1534572368444,17.7203954060872,0,18.05187835744,44.8559728149974,16.1862739379031,46.8216941936596,26.4236777460947,46.4876232147217,28.4627552032471,0,0,48.9913816452026,27.2335358981428,47.2578410098427,35.0766260910034,46.1639529636928,41.8507083581418,49.7864280700684,41.5418555519798,25.7648810476229,46.2328071594238,0,0,40.4841900825501,0,48.3719952901204,0,44.789223554183,76.0960998535156,44.7119767237932,75.1573944091797,0,0,28.45152759552,0,33.0181130383539,69.7678211046302,41.3179966832995,66.9466464519501,21.0553400538137,59.7357755013562,23.2562639261501,19.2953441057886,42.8953151702881
41.3281123797099,52.8987846374512,42.6117785453796,0,52.2007036590576,0,0,0,27.4552966596172,66.3229057312012,30.0020351409912,0,0,0,0,0,56.9436144243207,65.8919680459159,30.625888784784,0,41.531977381025,0,0,0,36.4123278078826,0,0,0,0,0,0,0,0,0,23.8655544281006,72.8842353820801,51.2069358406486,87.527130762736,35.785848496145,75.8120742797852,22.4250785938509,14.1534572368444,0,0,17.4903049468994,55.560081837972,26.4082962462604,12.768008854553,24.7456996053812,74.0037429597643,48.4933242107409,0,0,0,36.7899559920942,0,47.5135767239482,0,48.2563419938087,72.1026458740234,48.6355215708415,0,61.3923735618591,39.8279392069036,0,0,0,32.7170407854277,0,38.3585510253906,71.4458558824327,34.460195645419,81.5198783874512,36.3657995927999,0,0,0,0,74.024137878418,43.5338852580322,88.1148012161255,39.5851672976822,22.5858347322005,24.9144767553156,23.0067432578873,97.3081741333008,18.4170909214737
0,0,0,0,0,0,0,0,0,0,0,0,0,0,0,0,0,0,25.2197221120199,0,0,0,0,0,0,0,0,0,0,0,0,0,0,0,0,0,0,0,0,55.6979293823242,0,17.7203954060872,0,0,0,46.047082901001,0,0,0,40.7734680175781,0,0,0,0,0,0,0,0,0,0,0,0,32.1957321166992,0,0,0,0,0,0,0,0,0,0,0,0,0,0,0,0,0,62.9470062255859,0,27.1132281167167,47.7947387695312,11.1074174245199,0,0
0,0,0,0,0,0,0,0,0,0,0,0,0,0,0,0,0,43.6033477783203,22.5364996592204,0,0,0,0,0,0,0,0,0,0,0,0,0,0,0,0,0,0,0,0,0,0,0,17.4903049468994,0,0,0,8.94518995285034,0,0,0,0,0,0,0,0,0,0,0,0,0,0,0,0,0,0,0,0,0,0,0,0,0,0,0,0,0,0,0,0,44.0518379211426,0,61.817008972168,27.8525551387242,37.103645324707,12.2877016067505,0,0
90.7994842529297,37.9837912952199,0,32.4109032154083,0,0,0,0,0,45.7954721645433,0,0,0,0,0,0,78.7794159337094,58.2739175758106,34.3136594352051,31.8625632305535,0,35.1190643310547,0,42.2900329828262,0,0,0,0,0,0,0,0,0,0,0,43.9967136907053,96.4839630126953,62.5521619570005,0,18.5049126295531,70.4126961844308,18.05187835744,55.560081837972,46.047082901001,0,0,64.2050599318284,47.288872718811,79.9591207504272,49.0481016992809,0,0,0,0,0,58.7883005142212,0,24.4894972483317,0,36.8067944049835,0,0,10.099648283854,0,0,0,37.6925926208496,0,0,0,41.3150440571355,78.9023132324219,42.9835068066915,89.065803527832,0,0,0,0,30.08966622931,79.2803967793783,56.2190842135199,83.4723547363281,43.3759684451791,64.7245761078673,18.7118860153561,37.8542869567871,45.9329109191895
59.2089042663574,0,25.8920836130778,0,18.3222383704421,0,0,0,43.7876882553101,52.5695114135742,60.3377202351888,0,0,0,0,0,60.7524563925607,63.9503760704627,38.9275860569975,0,30.8246221769424,0,0,0,34.8462524414062,0,0,0,0,0,0,0,0,0,58.3959503173828,0,32.9530668258667,88.2257633209229,41.7026892490074,83.6345596313477,10.4793828803024,44.8559728149974,26.4082962462604,0,8.94518995285034,64.2050599318284,0,55.7544580187116,41.3779784349295,85.1671028137207,24.472379004437,0,0,0,31.2341666902815,0,21.1313289460682,0,29.4712229156494,64.4347763061523,29.059463818868,0,93.1139717102051,12.7665218192666,0,0,0,0,0,90.2104644775391,64.4688415527344,44.2036419955167,0,41.9144304348872,0,0,0,0,76.5897453308105,24.2788757219693,81.2135543823242,45.4663851662776,38.9074918164611,57.8850823305966,20.8705566698148,0,30.3456240495046
37.5803785540841,29.4445746572394,56.8623905181885,0,55.066032409668,0,0,0,52.7880744934082,0,0,0,0,0,0,0,0,0,73.1130142211914,0,0,0,28.6531007766724,15.5673458359458,25.4646599210542,35.3782328092135,0,0,0,0,0,3.98390626235747,9.59734725408276,6.01832817844957,8.05413413360727,4.7593231678009,12.9904515414402,12.9820503134909,13.766594328388,11.2413803146769,53.5053155081613,16.1862739379031,12.768008854553,0,0,47.288872718811,55.7544580187116,0,10.1710881308407,9.7263237024396,58.3196035112653,0,0,0,39.2229558308919,0,59.432935333252,0,62.7772086007254,0,48.0932989120483,26.1563358306885,63.0116793314616,0,0,26.9962272644043,28.5945488611857,23.3014795780182,30.5803766931806,29.9971670670943,69.2446975708008,47.5034923553467,0,0,3.8265061110593,8.77312713612038,6.79246064291635,6.89199503681116,9.90669257788893,14.3067851295838,11.4706862489686,12.9367284125882,7.97447774196519,0,21.8733371264824,0,0
9.44134636175528,72.6215667724609,28.889909622517,0,40.7564654350281,0,0,0,19.2938207914663,45.481117884318,0,0,0,0,0,0,65.7370142255511,72.4655698776245,42.975582179909,0,51.4036521911621,0,4.92671669571145,0,16.8576493221047,0,0,0,0,0,0,0,20.9445162484812,26.8194700876872,12.398707985878,99.6054840087891,21.2871214818954,36.4638332366943,10.670474334081,13.599819741598,24.583151057544,46.8216941936596,24.7456996053812,0,0,79.9591207504272,41.3779784349295,10.1710881308407,0,24.9062363340386,44.4060101826986,0,0,0,11.7281576146507,0,9.93761289320072,0,13.1776860789145,0,7.80559182167053,0,74.9492797851562,16.7884939222625,0,6.16752711816686,0,15.6990592402797,0,30.6214751005173,79.1317329406738,6.17423364408724,0,9.22445646789339,0,11.3408108154933,51.9328346252441,6.45559990882874,91.4405186971029,35.7959703565973,60.569593556722,11.9997405873763,27.3212633765249,63.6394598881404,16.0194152754657,62.2447624206543,28.7420866148812
48.4302234649658,12.0064101539329,0,7.38429206047418,0,14.4738759313311,0,0,38.7487716674805,25.4137282748644,0,0,0,0,0,0,83.6383293999566,62.7863658960315,47.0464725959592,19.7286795661563,0,10.9750496149063,0,17.7636060609396,51.1374416351318,0,0,0,0,0,0,15.6570773124695,14.8196242798206,17.797904612182,25.1812262762161,15.9252254515886,20.5805571344164,19.0386072834438,43.2336101531982,11.8934127586953,79.9206108093262,26.4236777460947,74.0037429597643,40.7734680175781,0,49.0481016992809,85.1671028137207,9.7263237024396,24.9062363340386,0,78.9137649536133,0,0,0,57.7724704742432,19.7931243434097,0,13.4728304191017,0,8.69407289126921,0,7.261594086108,37.6397376551348,0,11.1202564239502,0,14.702899380428,0,8.02098182603425,0,12.5225888536527,83.9965972900391,9.23789961724308,92.9763870239258,0,16.6741541507197,2.95372200012207,24.36163965861,54.3912997721286,33.3986666997274,15.5468159914017,54.7727616050027,33.1658446754282,69.5913698235337,15.5845361358042,29.7277999677156,0
30.7215747833252,0,10.2113630175591,0,3.70457647477182,0,4.62487552716182,0,30.3832122802734,0,0,0,0,0,0,0,0,0,81.80992380778,0,0,0,0,0,36.9513702392578,0,0,0,0,0,0,0,0,0,0,0,41.8930253982544,0,74.5021286010742,0,46.7976230439686,46.4876232147217,48.4933242107409,0,0,0,24.472379004437,58.3196035112653,44.4060101826986,78.9137649536133,0,0,2.95402240753174,0,27.3837550163269,0,18.0363547086716,0,33.3496182759603,0,16.7078654766083,0,0,12.0427506005586,0,0,0,32.1517677307129,0,0,0,42.7248961925507,0,34.7272364298503,0,0,0,0,0,42.651131766183,0,54.4440165928432,23.1147479536049,57.2441569737026,15.1499690631788,0,0
0,0,0,0,0,3.76383280518031,0,2.96013021469116,0,0,0,0,0,0,0,0,0,0,0,0,0,0,0,0,0,0,0,0,0,0,0,0,0,0,0,0,0,0,0,0,0,28.4627552032471,0,0,0,0,0,0,0,0,0,0,0,0,0,0,0,7.074702501297,0,0,0,3.54197112151555,0,0,0,0,0,0,0,0,0,0,0,0,0,0,0,0,0,0,0,0,0,0,7.65787587446325,0,0
0,0,0,0,4.29232165042092,0,3.61429189369742,0,0,0,4.0900907235987,0,3.94716378358694,0,5.50710928440094,0,0,0,0,0,0,0,0,0,0,0,0,0,0,0,0,0,0,0,0,0,0,0,0,0,0,0,0,0,0,0,0,0,0,0,2.95402240753174,0,0,0,0,0,3.14679050445557,0,3.0333375453949,0,5.67521858215332,0,0,0,0,0,0,0,0,0,0,0,0,0,0,0,0,0,0,0,0,0,3.38200769243361,0,0,0,0
0,0,0,0,0,0,0,3.55032732089361,0,0,0,0,0,0,0,0,0,0,0,0,0,0,0,0,0,0,0,0,0,0,0,0,0,0,0,0,0,0,0,0,0,0,0,0,0,0,0,0,0,0,0,0,0,0,0,0,0,0,0,0,0,0,0,0,0,0,0,0,0,0,0,0,0,0,0,0,0,0,0,0,0,0,2.91424207687378,0,0,0,0
8.24068065619065,60.6852779388428,11.131266382874,0,10.1428685423769,0,0,0,6.59730872690212,0,0,0,0,0,4.65025877952576,0,0,0,39.6017615578391,0,40.6747665405273,0,0,0,8.17569514857836,0,7.86112129068099,0,0,0,0,0,0,0,67.8643493652344,0,33.1477527618408,50.0854689280192,17.6669527871268,0,48.2193387349447,48.9913816452026,36.7899559920942,0,0,0,31.2341666902815,39.2229558308919,11.7281576146507,57.7724704742432,27.3837550163269,0,0,0,0,0,23.0389670832404,0,25.5274922847748,0,4.30430967243094,0,0,14.3339252471924,0,0,0,6.52934678363544,0,7.83210288777071,0,18.1865622560743,0,31.2398147583008,0,0,0,0,0,32.5500147077772,45.3071613311768,20.7425400416056,19.7389655877616,45.2493019104004,21.6846843727173,0,0
0,6.02848092667357,0,4.97069203853607,0,3.84603860960052,0,0,0,4.34677381701367,0,0,0,0,0,3.90267094515138,0,6.24074873924255,60.1193771362305,0,0,0,0,7.30609678200313,0,0,0,0,0,0,0,0,0,0,0,0,0,33.2000225067139,0,41.2413930892944,0,27.2335358981428,0,0,0,58.7883005142212,0,0,0,19.7931243434097,0,0,0,0,0,0,0,22.3185119628906,0,0,0,6.11153242792779,49.4050025939941,0,0,0,6.98151151173299,0,9.05993988470066,0,19.452458078211,0,18.5354990005493,0,0,0,0,0,48.7395033836365,0,21.9310708045959,0,7.92963092543862,103.589408874512,14.4140490732695,0,0
22.8776350462878,0,6.5314214396895,0,21.0966320037842,0,3.36086680697299,0,22.1666690451758,0,3.82058173538982,0,4.97189707983108,0,0,0,0,0,54.4334354400635,0,3.68431730256109,0,0,0,22.1588968700833,0,0,0,6.14680763880412,0,3.44356316175216,0,0,0,0,0,5.44082720725091,80.8662185668945,5.71387905043525,0,41.0786776224772,47.2578410098427,47.5135767239482,0,0,0,21.1313289460682,59.432935333252,9.93761289320072,0,18.0363547086716,0,3.14679050445557,0,23.0389670832404,0,0,0,9.1199263789437,0,4.68567515858288,0,0,11.1099844554375,0,0,0,21.5134332444933,0,0,0,11.4541686793853,0,4.77639033555984,0,0,0,0,0,42.7113123999702,0,17.1016884446144,17.7416429031979,23.632719039917,9.9562384988625,0,0
0,13.5869718118147,0,5.31168390909831,0,8.34506587628965,0,0,0,25.8947634445994,0,4.14251136975411,0,3.78685983383294,0,0,0,0,56.8073825836182,4.761840593954,0,33.7811965942383,0,23.4752638156597,0,0,0,0,0,3.07760108494368,0,0,0,0,0,2.96063208580017,0,12.041573373171,0,54.7412033081055,0,35.0766260910034,0,0,0,24.4894972483317,0,0,0,13.4728304191017,0,7.074702501297,0,0,0,22.3185119628906,0,0,0,4.97079858224176,0,11.5291410237551,4.78037237447058,0,0,0,20.0890017918178,0,0,0,12.6554251463838,0,7.84224438302371,0,0,0,0,0,53.6377936143142,0,18.44571451443,90.0674057006836,19.7158883887452,3.16979614893595,7.94878774346329,0,0
12.876746704181,0,7.08147086595234,0,5.01700563232104,0,3.70099659342515,0,21.2211480140686,0,3.75171060459588,0,3.41966365208136,0,4.65010658899943,0,0,0,43.9820232391357,0,0,0,0,0,24.7946355342865,0,0,0,0,0,0,0,0,0,79.8639602661133,0,0,80.6670837402344,20.7974643707275,0,44.7291749318441,46.1639529636928,48.2563419938087,0,0,0,29.4712229156494,62.7772086007254,13.1776860789145,0,33.3496182759603,0,3.0333375453949,0,25.5274922847748,0,9.1199263789437,0,0,0,5.94841817447117,0,0,0,0,0,0,24.0692599614461,0,3.38491249084473,0,14.4158444020056,0,36.9940729141235,0,0,0,0,0,48.5574287414551,0,46.385776731703,21.1999347335414,38.0108013153076,19.2524348581046,0,0
0,11.037304611767,0,6.92727240261279,0,0,0,2.95144128799438,0,14.9209814071655,0,6.02699651334866,0,4.41986834671762,0,0,0,0,49.3929748535156,0,0,0,0,19.0928440093994,0,0,0,3.29106234312057,0,0,0,0,0,0,0,0,0,23.3405992719862,0,48.9618263244629,0,41.8507083581418,72.1026458740234,0,0,36.8067944049835,64.4347763061523,0,0,8.69407289126921,0,0,0,0,0,0,0,4.97079858224176,0,0,0,3.01689917700631,13.4015232835497,0,0,0,15.0052522659302,0,0,0,6.36337877511978,0,34.267448425293,0,0,0,0,0,52.1258697509766,0,34.8258694240025,0,26.9028033869607,0,9.86484562452115,0,0
7.43251856473776,0,6.58085174030728,0,5.29355530738831,0,4.99478924274445,0,5.21741108040311,0,0,0,3.08980350378083,0,2.90936740239461,0,3.37657189369202,0,118.470413208008,0,0,0,0,0,11.1051845550537,0,3.47765280426124,0,3.70242001353831,0,0,0,0,0,0,0,0,43.2079238891602,20.2132466634115,0,43.7524844578334,49.7864280700684,48.6355215708415,0,0,0,29.059463818868,48.0932989120483,7.80559182167053,0,16.7078654766083,0,5.67521858215332,0,4.30430967243094,0,4.68567515858288,0,5.94841817447117,0,0,0,0,0,0,0,0,0,0,3.37707448005676,0,23.4898052215576,0,38.5101127624512,0,0,0,0,0,47.4074172973633,0,35.8308296203613,33.5215409706379,47.0068740844727,18.3297684949987,0,0
0,9.71616332430057,0,8.57992075257382,0,2.98717260360718,0,0,0,13.796425514751,0,0,0,0,0,3.16766671677853,0,3.39071529279879,0,0,0,0,0,12.2247996610754,0,4.86072778701782,0,0,0,0,0,0,0,0,0,0,0,16.412181854248,0,0,0,41.5418555519798,0,0,0,0,0,26.1563358306885,0,7.261594086108,0,3.54197112151555,0,0,0,6.11153242792779,0,11.5291410237551,0,3.01689917700631,0,0,0,0,0,0,7.32104393641154,0,4.77874081715559,0,32.7801139354706,0,0,0,0,0,0,0,0,0,58.5332565307617,0,10.7839125360761,0,14.1419111956721,0,0
0,25.4241553086501,0,0,0,0,0,0,0,40.7103060313634,0,13.6582281406109,0,0,0,0,75.4690480913435,64.2901619419907,40.6044637886254,5.43339778114194,0,0,0,32.344936811007,0,0,0,0,0,0,0,0,0,0,0,13.5028276386375,0,18.1318977815465,0,11.1425517198018,72.8524465560913,25.7648810476229,61.3923735618591,32.1957321166992,0,10.099648283854,93.1139717102051,63.0116793314616,74.9492797851562,37.6397376551348,0,0,0,0,0,49.4050025939941,0,4.78037237447058,0,13.4015232835497,0,0,0,0,0,0,30.280873298645,0,0,0,22.8339967683713,0,23.861063796862,0,0,0,0,0,17.329877583728,82.6829299926758,25.5730656574254,98.6081873575846,42.2753300459746,73.2303018008961,13.1530721544748,60.9426446642195,0
0,0,30.237232208252,0,11.9572626671126,0,0,0,14.5074739456177,0,12.8402147854076,0,0,0,0,0,0,0,20.7866687774658,0,4.79930552531349,0,0,0,0,0,0,0,0,0,9.12287664413452,0,0,0,0,0,6.96225233751089,0,10.2150596949728,0,22.3920841913545,46.2328071594238,39.8279392069036,0,0,0,12.7665218192666,0,16.7884939222625,0,12.0427506005586,0,0,0,14.3339252471924,0,11.1099844554375,0,0,0,0,0,0,0,0,0,0,0,0,0,0,30.9524459838867,0,15.6638208770752,0,0,0,0,0,14.7720186127363,0,16.213459017677,7.94434035392035,0,9.10576756111356,0,0
0,0,0,0,0,0,0,0,0,31.3364582061768,0,0,0,0,0,0,0,3.38838996887207,0,0,0,5.64573814509217,3.2901508467538,6.09114456762347,0,8.39830796218213,0,4.27173223291125,0,0,0,0,0,0,0,0,0,6.57579487677315,0,0,0,0,0,0,0,0,0,0,0,11.1202564239502,0,0,0,0,0,0,0,0,0,0,0,0,0,0,0,0,6.27069884413874,0,6.94882089495659,0,5.90261630429778,0,0,0,0,0,0,0,0,0,4.75001912543228,0,3.95630325293689,3.97165494951709,0,0,0
0,0,0,0,0,0,0,0,0,0,0,0,0,0,0,0,0,0,0,0,0,2.7677196093968,4.78878238579837,0,11.8680972952347,0,3.90496299050071,0,3.94139514249914,0,0,0,0,0,0,0,0,40.9921550750732,5.69954574725067,0,0,0,0,0,0,0,0,26.9962272644043,6.16752711816686,0,0,0,0,0,0,0,0,0,0,0,0,0,0,0,0,0,0,7.02655714436581,0,4.9201717710495,0,3.576176404953,0,0,0,0,0,0,0,0,0,6.01308520440659,5.81221873062092,5.49929832173632,0,0,0
0,12.3520590954854,0,0,0,0,0,0,0,6.37825029896152,0,0,0,0,0,0,0,0,43.6830139160156,0,0,6.13474710306651,0,5.61727197787952,0,5.72440001495883,0,0,0,0,0,0,0,0,0,0,0,6.62473147123232,36.1763725280762,0,0,40.4841900825501,0,0,0,37.6925926208496,0,28.5945488611857,0,14.702899380428,0,0,0,0,0,6.98151151173299,0,20.0890017918178,0,15.0052522659302,0,7.32104393641154,30.280873298645,0,6.27069884413874,0,0,0,3.70402038866474,0,14.7087188803631,0,0,0,0,0,0,0,51.1045303344727,0,5.26779726573399,50.5265121459961,10.1901160009572,17.6521530151367,8.55603361129761,20.3682842254639,0
10.3674224965713,54.8387489318848,28.5509567260742,0,0,0,0,0,7.66781858762105,0,0,0,0,0,0,0,0,0,13.7319299697876,0,0,0,5.25816289817586,54.3907432556152,5.08986482034836,0,5.84010047642958,0,0,0,0,0,0,0,0,0,0,34.098300075531,4.83463888750925,0,46.4788398742676,0,32.7170407854277,0,0,0,0,23.3014795780182,15.6990592402797,0,32.1517677307129,0,0,0,6.52934678363544,0,21.5134332444933,0,24.0692599614461,0,0,0,0,0,0,7.02655714436581,0,0,0,6.50940222210354,0,13.5005362828573,0,0,0,0,0,0,0,0,35.1542845831977,5.20574486056964,7.49054871343286,18.1623804909842,17.6640539474976,0,0
0,14.7405607882708,0,0,0,0,0,0,0,18.2040416797002,0,0,0,0,0,4.10716311285429,0,3.02863040723299,0,0,0,7.25396990368241,0,8.82442408245663,49.6459274291992,4.15374615906063,0,2.73479056358337,0,0,0,0,0,0,0,0,0,13.4527409585674,43.0608758926392,0,0,48.3719952901204,0,0,0,0,0,30.5803766931806,0,8.02098182603425,0,0,0,0,0,9.05993988470066,0,0,0,0,0,4.77874081715559,0,0,6.94882089495659,0,3.70402038866474,0,0,0,5.15876436337785,0,0,0,0,0,0,0,0,0,11.8354735374451,44.6877527236938,21.6295767965771,28.9256401062012,0,0,0
6.74950846036275,59.7613124847412,0,0,0,0,0,0,6.12660217285156,0,0,0,0,0,0,0,3.32654186736706,0,0,0,0,0,3.72559688042621,0,12.7998184290799,0,3.59723584479954,0,3.29453754425049,0,0,0,0,0,0,0,0,42.4924020767212,16.4876315824447,0,0,0,38.3585510253906,0,0,0,90.2104644775391,29.9971670670943,30.6214751005173,0,0,0,0,0,7.83210288777071,0,0,0,3.38491249084473,0,3.37707448005676,0,0,0,0,4.9201717710495,0,6.50940222210354,0,0,0,4.11955566865852,0,0,0,0,0,0,0,0,43.9618358612061,13.0767636299133,32.9492849077497,25.476402759552,34.737205696106,0,0
