0,0,0,0,0,0,0,0,0.143812077036864,0,0,0,0,0,0,0,0.347069449604504,0,0.269353929916297,0,0,0,0,0,0.146870922829424,0,0,0,0,0,0,0,0,0,0.199482926300594,0,0,0,0.137802617996931,0,0,0,0.227853667714992,0,0.309302687644958,0,0,0.219108894467354,0,0,0,0,0,0,0.187653009874784,0,0,0,0,0,0.185550160706043,0,0,0,0,0,0,0.227091200649738,0,0.207755135638373,0,0,0,0,0,0,0,0.194156065583229,0,0,0,0.182358071208,0.192582402363115,0.163733527064323,0.207855266528298,0,0
0,0,0,0.19794824719429,0,0,0,0,0,0.123779080808163,0,0,0,0,0,0,0,0.342598900198936,0.349866872928182,0,0,0,0,0,0.1993762627244,0,0,0,0,0,0,0,0,0.205840654671192,0,0,0,0.177520434061686,0.18299059306874,0,0,0.368784001592192,0,0,0,0,0,0,0.210896365601441,0.191298561446045,0,0,0,0,0,0.121523924223665,0,0,0,0,0,0.156913242454446,0,0,0,0.211232533057531,0,0.225704246759415,0,0.209652796387672,0.263100186983744,0,0.254846272143451,0,0,0,0,0,0,0,0,0.193406429886818,0.213696096369142,0,0.226386965985809,0,0
0,0,0,0,0,0,0,0,0,0,0,0,0,0,0,0,0,0,0,0,0,0,0,0,0,0,0,0,0,0,0,0,0,0,0,0,0,0,0,0,0,0,0,0,0,0,0.218666672706604,0,0,0,0,0,0,0,0,0,0.158596462687524,0,0,0,0,0,0,0,0,0,0,0,0,0,0,0,0,0,0,0,0,0,0,0,0,0,0.195069300346687,0,0.244025557837337,0,0
0,0.19794824719429,0,0,0,0,0,0,0,0,0,0,0,0,0,0,0,0,0,0.297449882123985,0,0,0,0,0,0,0,0,0,0,0,0,0,0,0,0,0,0,0,0,0,0,0,0,0,0,0,0,0,0,0,0,0,0,0,0,0,0.225608300417662,0,0,0,0,0,0,0,0,0,0,0,0,0,0,0,0,0,0,0,0,0,0,0,0,0.227271405607462,0,0.262822848947152,0,0
0,0,0,0,0,0,0.195164738730951,0,0,0,0.200837018589179,0,0,0,0,0,0,0,0,0,0.215422543019734,0,0,0,0,0,0,0,0,0,0,0,0,0,0,0,0,0,0,0,0,0,0,0,0,0,0,0,0,0,0.258648216724396,0,0,0,0,0,0.216417044401169,0,0,0,0,0,0,0.241242030987868,0,0,0,0,0,0,0,0,0,0,0,0,0,0,0,0,0,0,0.203770751668804,0.139420333854313,0.181166971723239,0,0
0,0,0,0,0,0,0,0,0,0,0,0,0,0,0,0,0,0,0,0,0,0,0,0,0,0,0,0,0,0,0,0,0,0,0,0,0,0,0,0,0,0,0,0,0,0,0,0,0,0,0,0.14114736020565,0,0,0,0,0,0,0,0,0,0,0,0,0,0,0,0,0,0,0,0,0,0,0,0,0,0,0,0,0,0,0.183848996594034,0.146215768931787,0,0,0
0,0,0,0,0.195164738730951,0,0,0,0,0,0.151362557309804,0,0,0,0,0,0,0,0,0,0.139070702017981,0,0,0,0,0,0,0,0,0,0,0,0,0,0,0,0,0,0,0,0,0,0,0,0,0,0,0,0,0,0,0,0.145564928650856,0,0,0,0.114679716527462,0,0,0,0,0,0,0.173947036266327,0,0,0,0,0,0,0,0,0,0,0,0,0,0,0,0,0,0,0.166304638138018,0.147545709398886,0.170948637028535,0,0
0,0,0,0,0,0,0,0,0,0,0,0,0,0,0,0,0,0,0,0,0,0,0,0,0,0,0,0,0,0,0,0,0,0,0,0,0,0,0,0,0,0,0,0,0,0,0,0,0,0,0,0.171482435637905,0,0.161974335047934,0,0,0,0.156210148334503,0,0.150759449601173,0,0,0,0,0,0,0,0,0,0,0,0,0,0,0,0,0,0,0,0,0,0,0.171787396073341,0,0,0,0
0.143812077036864,0,0,0,0,0,0,0,0,0,0,0,0,0,0.199349178022213,0,0.308357023767063,0,0.210241489252954,0,0,0,0.17778779566288,0,0.153634847861897,0,0.224092721939087,0,0,0,0,0,0,0,0.212974017836097,0,0,0,0.170705026951101,0,0,0,0.146573338318955,0,0,0,0,0.22603914997092,0,0,0,0,0,0,0.166528372672097,0,0,0,0,0,0.186178514392053,0,0,0,0,0,0,0.217334543808216,0,0.207465333683837,0,0,0,0,0,0,0,0.211874377727509,0,0,0.253734782338142,0.216643417087512,0.138936781948176,0.129815727472305,0.130581169687279,0,0.212655395269394
0,0.123779080808163,0,0,0,0,0,0,0,0,0,0,0,0,0,0.189997524023056,0,0,0.180736837750774,0,0,0,0,0.24317237673766,0,0.203612997554816,0,0,0,0,0,0,0,0.226871453391181,0.252260960200254,0,0,0.208218604957653,0.229710405071576,0,0,0.174320311737912,0,0,0,0,0,0.226882604616029,0.27716801315546,0,0,0,0,0,0.25979933142662,0.225565142678587,0,0,0,0,0,0.133947846712545,0,0,0.194852262735367,0,0.262219658213072,0.232872992753983,0.183504518866539,0,0,0,0,0,0,0,0,0.254720588028431,0,0,0.211647503327525,0.241480375329653,0.172868928045369,0,0.173105343808363,0,0
0,0,0,0,0.200837018589179,0,0.151362557309804,0,0,0,0,0,0.201506146630428,0,0,0,0,0,0,0,0.14017290987254,0,0,0,0,0,0,0,0.215516105294228,0,0.167636260390282,0,0,0,0,0,0.196978116510571,0,0.209037466739353,0,0,0,0,0,0,0,0,0,0,0,0,0,0,0,0,0,0.137358297125475,0,0.200915350348918,0,0,0,0,0.216112170280779,0,0,0,0,0,0,0,0.194389771137919,0,0.171650138994058,0,0,0,0,0,0.194827055677455,0,0.188092385952392,0.177997266508262,0.15613450642143,0.198463976383209,0,0
0,0,0,0,0,0,0,0,0,0,0,0,0,0.155971273615215,0,0,0,0,0,0.185164212775185,0,0,0,0,0,0,0,0.183590523898602,0,0.190846888458028,0,0,0,0,0,0.194005771401967,0,0.195113713051838,0,0,0,0,0,0,0,0,0,0,0,0,0,0,0,0,0,0,0,0.207577782818291,0,0.183994239821971,0,0,0.160811722195348,0,0,0,0,0,0,0,0.177000942174345,0,0.213695554832617,0,0,0,0,0,0,0,0.20465168959639,0,0.162348008107232,0.13457890227437,0.176153067605836,0,0
0,0,0,0,0,0,0,0,0,0,0.201506146630428,0,0,0,0,0,0,0,0,0,0,0,0,0,0,0,0,0,0,0,0,0,0,0,0,0,0,0,0,0,0,0,0,0,0,0,0,0,0,0,0,0,0,0,0,0,0.180499139983775,0,0.161769260627192,0,0,0,0,0,0,0,0,0,0,0,0,0,0,0,0,0,0,0,0,0,0,0,0.187102450203636,0.196502591911096,0,0,0
0,0,0,0,0,0,0,0,0,0,0,0.155971273615215,0,0,0,0,0,0.229298889636993,0,0,0,0,0,0,0,0,0,0.206911715983164,0,0,0,0,0,0,0,0,0,0,0,0,0,0,0,0,0,0,0,0,0,0,0,0,0,0,0,0,0,0.179516254709317,0,0.170809288787635,0,0,0,0,0,0,0,0,0,0,0.189814056456089,0,0,0,0,0,0,0,0,0,0,0,0.183271791557876,0.20276182015305,0,0,0
0,0,0,0,0,0,0,0,0.199349178022213,0,0,0,0,0,0,0,0.176524089465679,0,0,0,0,0,0,0,0.203948985785246,0,0,0,0,0,0,0,0,0,0,0,0,0,0,0,0,0,0,0,0,0,0,0,0,0,0,0,0,0,0.192720512549082,0,0,0,0.166981907354461,0,0.167899812070223,0,0,0,0,0,0,0.194785303690217,0,0.188114549964666,0,0,0,0,0,0,0,0,0,0,0,0,0.17314559008394,0.152985533078512,0,0,0
0,0,0,0,0,0,0,0,0,0.189997524023056,0,0,0,0,0,0,0,0,0,0,0,0,0,0.20651076734066,0,0,0,0,0,0,0,0,0,0,0,0,0,0,0,0,0,0,0,0,0,0,0,0,0,0,0,0,0,0,0,0.209670666605234,0,0,0,0,0,0,0,0,0,0,0.233095109462738,0,0,0,0,0,0,0,0,0,0,0,0,0,0,0,0,0.189208303888639,0,0,0
0.347069449604504,0,0,0,0,0,0,0,0.308357023767063,0,0,0,0,0,0.176524089465679,0,0,0.115246094789015,0.14443167425119,0,0,0,0.210381986664944,0,0,0,0.194819334480498,0,0.219888891165073,0,0,0,0,0,0,0,0,0,0,0.155801862478256,0.140447527170181,0.137305627266566,0.124856813251972,0,0.119391039013863,0.218708127737045,0,0,0,0,0,0,0,0,0,0,0,0,0.217791969577471,0,0.175939051456948,0,0.204125612974167,0,0,0.195422303676605,0,0,0,0.196537699354322,0,0,0,0,0,0,0,0,0,0,0,0,0.142396368746463,0.12865363558794,0.220876081950135,0,0
0,0.342598900198936,0,0,0,0,0,0,0,0,0,0,0,0.229298889636993,0,0,0.115246094789015,0,0.170220487288945,0,0,0.208018923188959,0,0.19686193428598,0,0.192302063697246,0,0.24092175917966,0,0,0,0,0,0,0,0,0,0,0,0,0,0.157743164896965,0.149523803165981,0.157941351334254,0.143484716614087,0,0,0,0,0,0,0,0,0,0,0,0,0,0,0,0,0,0,0,0.188303377479315,0,0.169796019792557,0,0.191268194466829,0,0,0,0,0,0,0,0,0,0,0,0,0,0.18998228102556,0.180559057779849,0.156758983929952,0,0
0.269353929916297,0.349866872928182,0,0,0,0,0,0,0.210241489252954,0.180736837750774,0,0,0,0,0,0,0.14443167425119,0.170220487288945,0,0,0,0,0,0,0,0,0,0,0,0,0,0,0,0,0,0,0,0,0,0.209360868958392,0.212837642990053,0.129128986324524,0.122444632015348,0.209391403680769,0.192848981329889,0.236625259423601,0.234414207839197,0,0,0,0,0,0,0,0,0,0,0,0,0,0,0,0.251574733742961,0.232250782350699,0,0,0,0,0,0,0,0,0,0,0,0,0,0,0.225791306123821,0.332171674859658,0,0.313560475905736,0.172961399035155,0.170799813598772,0.160304055557205,0.127627533148317,0.119245930324967
0,0,0,0.297449882123985,0,0,0,0,0,0,0,0.185164212775185,0,0,0,0,0,0,0,0,0,0,0,0,0,0,0,0,0,0,0,0,0,0,0,0.20361937227917,0,0,0,0.135723686218262,0,0.261518120765686,0,0,0,0.178098342980549,0,0,0,0.234751254320145,0,0,0,0,0,0,0,0.242493249804494,0,0,0,0,0.18023626158083,0,0,0,0,0,0,0,0,0,0,0,0,0,0,0,0,0,0.235574087128043,0,0.152705951200591,0,0.277014903342428,0,0
0,0,0,0,0.215422543019734,0,0.139070702017981,0,0,0,0.14017290987254,0,0,0,0,0,0,0,0,0,0,0,0,0,0,0,0,0,0,0,0,0,0,0,0,0,0.169196681757858,0,0.189603018410466,0,0,0,0,0,0,0,0.198538221418858,0,0,0,0.307614029719563,0,0,0,0,0,0.251159280951791,0,0,0,0,0,0,0.182952078779234,0,0,0,0,0,0,0,0,0,0.212737294343802,0,0,0,0,0,0.171691521589255,0,0.204986524820328,0.150555179056277,0.13037165813148,0.254911577107701,0,0
0,0,0,0,0,0,0,0,0,0,0,0,0,0,0,0,0,0.208018923188959,0,0,0,0,0.194646889670197,0.206284522284076,0,0.211889983233759,0,0.214730263784014,0,0,0,0,0,0,0,0,0,0.213793918321428,0.15856051704158,0,0,0,0,0,0,0,0,0.234106615185738,0,0.276139741970433,0,0,0,0,0,0,0,0,0,0,0,0,0,0,0.192327328181013,0.215418676826557,0.239654937599386,0,0,0,0.175312739507905,0,0,0,0,0,0,0,0,0,0.202272266386047,0.20851452772816,0.194285371596807,0.195242344195193,0,0,0
0,0,0,0,0,0,0,0,0.17778779566288,0,0,0,0,0,0,0,0.210381986664944,0,0,0,0,0.194646889670197,0,0.306092828512192,0.200127805453358,0,0.188132556525426,0,0.22835261991639,0,0,0,0,0,0.213694304227829,0,0,0,0.202468349082296,0,0,0,0,0,0,0,0,0.218056663870811,0.296934663421578,0,0,0,0,0,0.166613563895226,0,0,0,0,0,0,0,0,0,0.192149663691992,0.175057019406609,0,0.205631342778603,0,0.209766952618616,0,0.238549016609954,0,0,0,0,0,0.207010850310326,0,0,0.261170417070389,0.200825045111289,0.202930390718503,0.21378377531514,0.243458107113838,0,0
0,0,0,0,0,0,0,0,0,0.24317237673766,0,0,0,0,0,0.20651076734066,0,0.19686193428598,0,0,0,0.206284522284076,0.306092828512192,0,0.265576466917992,0.188603012458138,0,0,0,0,0,0,0,0.239050317090005,0.264146899735486,0,0,0.234394447918728,0.361652477411553,0,0,0,0,0,0,0,0,0.244801076800645,0.319161470391248,0.322553899557858,0,0,0,0,0,0.295361050218344,0,0,0,0,0,0.171239256858826,0,0,0.225878985047478,0.267826503515244,0.206848470941134,0.277763679623604,0.199349978661284,0,0,0,0,0,0,0,0.246035732328892,0.29641817510128,0,0,0.269131731212608,0.356866194733552,0.183490141291029,0.218591250692095,0.320108003237031,0,0
0.146870922829424,0.1993762627244,0,0,0,0,0,0,0.153634847861897,0,0,0,0,0,0.203948985785246,0,0,0,0,0,0,0,0.200127805453358,0.265576466917992,0,0,0.182177754958677,0,0,0,0,0,0,0,0.227417772797787,0,0,0.260409158468246,0.187957085632908,0,0,0,0.208473235368729,0,0,0,0,0.249755492390588,0.270788787295983,0.299278726180394,0,0,0,0,0.190901277535926,0,0,0,0,0,0.201368719339371,0,0,0,0.283519938588142,0.202369721982573,0.231194520848138,0.190629714630954,0,0.209847501676288,0,0,0,0,0,0,0,0.2214146098122,0,0,0.269277579075581,0.229517296824794,0.182857402669059,0.224373372081591,0.202739226920851,0,0
0,0,0,0,0,0,0,0,0,0.203612997554816,0,0,0,0,0,0,0,0.192302063697246,0,0,0,0.211889983233759,0,0.188603012458138,0,0,0,0,0,0,0,0,0,0,0,0,0,0,0,0,0,0,0,0,0,0,0,0,0,0,0,0,0,0,0,0.21844896035535,0,0,0,0,0,0,0,0,0,0,0.220390957780182,0,0.225306158974057,0,0,0,0,0,0,0,0,0,0,0,0.258991837501526,0,0.200410491223358,0,0,0,0
0,0,0,0,0,0,0,0,0.224092721939087,0,0,0,0,0,0,0,0.194819334480498,0,0,0,0,0,0.188132556525426,0,0.182177754958677,0,0,0,0,0,0,0,0,0,0,0,0,0,0,0,0,0,0,0,0,0,0,0,0,0,0,0,0,0,0,0,0,0,0,0,0.12922976911068,0,0,0,0,0.157448522746563,0,0.171574602435742,0,0.208865658485846,0,0,0,0,0,0,0,0,0,0,0,0,0.182612452790034,0,0,0,0
0,0,0,0,0,0,0,0,0,0,0,0.183590523898602,0,0.206911715983164,0,0,0,0.24092175917966,0,0,0,0.214730263784014,0,0,0,0,0,0,0,0.249735196220114,0,0,0,0,0,0,0,0.196141054232915,0,0,0,0,0,0,0,0,0,0,0,0,0,0,0,0,0,0,0,0,0,0.183800201411717,0,0,0,0,0.234863034884135,0,0,0,0,0,0.218496796960443,0,0.180869929492474,0,0,0,0,0,0,0,0,0,0.228526336429225,0.201538403964228,0,0,0
0,0,0,0,0,0,0,0,0,0,0.215516105294228,0,0,0,0,0,0.219888891165073,0,0,0,0,0,0.22835261991639,0,0,0,0,0,0,0,0.218590594847531,0,0,0,0,0,0,0,0.171654111809201,0,0,0,0,0,0,0,0,0,0,0,0,0,0,0,0,0,0.211869728234079,0,0,0,0,0,0,0,0,0,0,0,0,0,0,0.2201260594788,0,0.214049505582754,0,0,0,0,0,0,0,0,0.216786174287156,0.21027046824483,0,0,0
0,0,0,0,0,0,0,0,0,0,0,0.190846888458028,0,0,0,0,0,0,0,0,0,0,0,0,0,0,0,0.249735196220114,0,0,0,0,0,0,0,0,0,0.22621902950869,0,0,0,0,0,0,0,0,0,0,0,0,0,0,0,0,0,0,0,0.213662492111325,0,0,0,0,0,0,0,0,0,0,0,0,0.22485686806233,0,0.219991912540322,0,0,0,0,0,0,0,0.184227155878189,0,0.201630735838855,0,0,0,0
0,0,0,0,0,0,0,0,0,0,0.167636260390282,0,0,0,0,0,0,0,0,0,0,0,0,0,0,0,0,0,0.218590594847531,0,0,0,0,0,0,0,0,0,0.194146431449653,0,0,0,0,0,0,0,0,0,0,0,0,0,0,0,0,0,0.174769330769777,0,0,0,0,0,0,0,0,0,0,0,0,0,0,0.218759562142871,0,0.165020690514491,0,0,0,0,0,0,0,0.214108238065684,0.200924484975754,0.209529845044017,0,0,0
0,0,0,0,0,0,0,0,0,0,0,0,0,0,0,0,0,0,0,0,0,0,0,0,0,0,0,0,0,0,0,0,0.193963710514513,0.253914147825111,0.228938499465585,0.420017380733043,0.29132097027423,0,0,0,0,0,0,0,0,0,0,0.289036724100432,0.285685444420034,0.27297764354282,0,0,0,0,0,0,0,0,0,0,0,0,0,0,0,0,0,0,0,0,0,0,0,0,0.18471039700866,0.180365223152763,0.237555987256415,0.213477019001456,0.182528292760253,0.301539573316964,0,0,0.157671541212097,0,0,0,0
0,0,0,0,0,0,0,0,0,0,0,0,0,0,0,0,0,0,0,0,0,0,0,0,0,0,0,0,0,0,0,0.193963710514513,0,0.206297831274338,0.262394573265577,0.18389644313266,0.225519760390165,0,0,0,0,0,0,0,0,0,0,0.300413282281198,0.292502721150716,0.301456411679586,0,0,0,0,0,0,0,0,0,0,0,0,0,0,0,0,0,0,0,0,0,0,0,0,0.182014130260216,0.21588173639225,0.208256229758263,0.22931192951952,0.22503554405168,0.196878988115173,0,0,0.156834085532768,0,0,0,0
0,0.205840654671192,0,0,0,0,0,0,0,0.226871453391181,0,0,0,0,0,0,0,0,0,0,0,0,0,0.239050317090005,0,0,0,0,0,0,0,0.253914147825111,0.206297831274338,0,0.209131347652721,0.185019914593015,0,0.255774492771592,0.395700860458116,0,0,0.216462764475081,0,0,0,0,0,0.272620943144516,0.406038401202417,0.283442695935567,0,0,0,0,0,0.2252598280708,0,0,0,0,0,0,0,0,0.228388041257858,0,0.232726818703591,0,0,0,0,0.350374386140278,0,0,0.258260169521125,0.229716554022672,0.190959566321162,0.209401015062963,0.24318567769868,0.26335346698761,0.248545632769764,0.345019948899105,0.234965337726932,0.237941690144085,0.261955122152964,0,0
0.199482926300594,0,0,0,0,0,0,0,0.212974017836097,0.252260960200254,0,0,0,0,0,0,0,0,0,0,0,0,0.213694304227829,0.264146899735486,0.227417772797787,0,0,0,0,0,0,0.228938499465585,0.262394573265577,0.209131347652721,0,0,0.176801845072264,0.264774479704802,0.234453672901369,0,0,0.251370210200548,0.195898190140724,0,0,0,0,0.268561648845057,0.293252667205201,0.384600318140454,0,0,0,0,0.233166817434875,0.229552239179611,0,0,0,0,0,0,0,0,0.260871772964795,0.210318952798843,0.250134584935088,0.236060630587431,0,0,0,0,0,0,0.267921245656908,0.280585980888344,0.2198868057887,0.227126042288265,0.290560334920883,0.187912620604038,0.259580857101703,0.251254449817869,0.220511461952492,0.219173500935237,0.209294305493434,0,0
0,0,0,0,0,0,0,0,0,0,0,0.194005771401967,0,0,0,0,0,0,0,0.20361937227917,0,0,0,0,0,0,0,0,0,0,0,0.420017380733043,0.18389644313266,0.185019914593015,0,0,0.236034584055793,0.164358327999001,0,0.139369738598665,0,0.25200352711337,0,0,0,0.100024561316981,0,0.404918352981439,0.350011944770813,0.199360514680545,0,0,0,0,0,0,0,0.170697137713432,0,0,0,0,0.194956872121243,0,0,0,0,0,0,0,0,0,0,0,0.182861175388098,0.245988742086924,0.179384287871137,0,0.208151565267222,0.244682370166093,0.160226778496154,0,0.161480611154943,0.173625889745095,0.18881927523762,0,0
0,0,0,0,0,0,0,0,0,0,0.196978116510571,0,0,0,0,0,0,0,0,0,0.169196681757858,0,0,0,0,0,0,0,0,0,0,0.29132097027423,0.225519760390165,0,0.176801845072264,0.236034584055793,0,0,0.148289805789327,0,0.228516884148121,0,0,0,0,0,0.154909801210316,0.408104003173527,0.306032884120941,0,0,0,0,0,0,0,0.192253899661736,0,0,0,0,0,0,0.169498320409785,0,0,0,0,0,0,0,0,0,0,0.175829141215703,0.310902216938874,0,0.177176159289148,0.247443206884845,0.218452257590919,0,0,0.169590139651294,0.193120923622995,0.213246793431394,0,0
0,0.177520434061686,0,0,0,0,0,0,0,0.208218604957653,0,0.195113713051838,0,0,0,0,0,0,0,0,0,0.213793918321428,0,0.234394447918728,0.260409158468246,0,0,0.196141054232915,0,0.22621902950869,0,0,0,0.255774492771592,0.264774479704802,0.164358327999001,0,0,0.362938266871749,0,0,0.194625345773475,0,0,0,0.271360776254109,0,0.364629756104795,0.403505683235298,0.367009626653985,0,0,0,0,0.261008642613888,0.22983647439074,0,0.204065970678575,0,0,0,0,0.242890800038973,0,0.225315040938377,0.271292328282639,0.22617603844175,0.271452634284894,0,0.261001665145159,0,0.37457227193076,0.229860306992917,0,0,0,0.19100751642377,0.307822500114088,0.161355416150352,0,0.193279503498711,0.315153787041655,0.234867038063261,0.227875758459171,0.346198105085187,0,0
0.137802617996931,0.18299059306874,0,0,0,0,0,0,0.170705026951101,0.229710405071576,0.209037466739353,0,0,0,0,0,0,0,0,0,0.189603018410466,0.15856051704158,0.202468349082296,0.361652477411553,0.187957085632908,0,0,0,0.171654111809201,0,0.194146431449653,0,0,0.395700860458116,0.234453672901369,0,0.148289805789327,0.362938266871749,0,0,0,0.214284546673298,0.21989098404135,0,0,0,0.244479858163577,0.450752961612621,0.283178749588109,0.400802447593638,0,0,0,0,0.209088501053355,0,0.213456860490947,0,0,0,0,0,0,0.188183045747491,0.231337983289669,0.191196927884797,0.256912197934556,0.20008032387257,0,0.221243798732758,0,0.182163127594524,0,0.207690181869727,0,0,0.285953611135483,0.21130339272766,0,0.157731385449169,0.434306865990955,0.1960110488649,0.218871731169254,0.163911036555177,0.254833514500462,0,0
0,0,0,0,0,0,0,0,0,0,0,0,0,0,0,0,0.155801862478256,0,0.209360868958392,0.135723686218262,0,0,0,0,0,0,0,0,0,0,0,0,0,0,0,0.139369738598665,0,0,0,0,0,0.217098056221671,0,0.263093449515956,0,0.216549206940084,0,0.195428550243378,0.205846853554249,0.192549328645907,0,0,0,0,0,0,0,0,0,0,0,0,0.23611928186109,0,0,0,0,0,0,0,0,0,0.205345958471298,0,0,0,0,0,0.162017700698239,0.237605348229408,0.157377359085259,0,0.232507912747896,0.150727681815624,0.22433687072979,0.189736187458038,0
0,0,0,0,0,0,0,0,0,0,0,0,0,0,0,0,0.140447527170181,0,0.212837642990053,0,0,0,0,0,0,0,0,0,0,0,0,0,0,0,0,0,0.228516884148121,0,0,0,0,0,0.215570133123454,0,0.272692050561155,0,0.219937670006807,0,0.181299558954766,0.199604122837385,0,0,0,0,0,0,0,0,0,0,0,0,0,0.196059677927945,0,0,0,0,0,0,0,0,0,0.213638776292404,0,0,0,0,0,0.15065781038396,0,0.175796637910285,0.203734972647258,0,0.229620561566315,0,0
0,0.368784001592192,0,0,0,0,0,0,0,0.174320311737912,0,0,0,0,0,0,0.137305627266566,0.157743164896965,0.129128986324524,0.261518120765686,0,0,0,0,0,0,0,0,0,0,0,0,0,0.216462764475081,0.251370210200548,0.25200352711337,0,0.194625345773475,0.214284546673298,0.217098056221671,0,0,0.171689502606096,0.15781991182121,0,0.221791470233275,0,0.221706806549004,0.261793995896975,0.210745455584181,0,0,0,0,0,0.170521516104539,0,0.202126741409302,0,0,0,0,0.233859901920261,0,0,0,0.171303281012703,0.265035808086395,0,0,0.217074051499367,0,0.164040793664753,0,0,0,0,0,0.223596151751399,0,0.24461847638975,0,0.196843263977149,0.223986014723778,0.247966874193777,0.173688930974084,0
0.227853667714992,0,0,0,0,0,0,0,0.146573338318955,0,0,0,0,0,0,0,0.124856813251972,0.149523803165981,0.122444632015348,0,0,0,0,0,0.208473235368729,0,0,0,0,0,0,0,0,0,0.195898190140724,0,0,0,0.21989098404135,0,0.215570133123454,0.171689502606096,0,0.139228467430387,0.157348064068646,0,0.222163939610136,0.367527037858963,0.220136737500551,0.253301590681076,0,0,0,0,0.168966028530886,0,0.2278513337608,0,0.200528670579959,0,0,0,0,0.223430001339957,0,0.261388746591715,0,0.256560835414208,0,0.242365524172783,0,0,0,0.248813190393978,0,0,0,0.197041422128677,0.267560174067815,0.251667675170978,0.27476342022419,0.220881792827972,0.194804295755116,0,0.228160423680986,0,0.146776876724732
0,0,0,0,0,0,0,0,0,0,0,0,0,0,0,0,0,0.157941351334254,0.209391403680769,0,0,0,0,0,0,0,0,0,0,0,0,0,0,0,0,0,0,0,0,0.263093449515956,0,0.15781991182121,0.139228467430387,0,0,0.332296065245572,0,0,0,0,0,0,0,0,0,0,0,0,0,0,0,0,0.314730427223356,0,0,0,0,0,0,0,0,0,0,0,0,0,0,0,0.298522371947556,0,0.358029648661613,0,0.133932336632695,0,0.358250325269675,0.184259096544886,0
0.309302687644958,0,0,0,0,0,0,0,0,0,0,0,0,0,0,0,0.119391039013863,0.143484716614087,0.192848981329889,0,0,0,0,0,0,0,0,0,0,0,0,0,0,0,0,0,0,0,0,0,0.272692050561155,0,0.157348064068646,0,0,0,0.280070316502979,0,0.168296560645103,0,0,0,0,0,0,0,0.202148675918579,0,0,0,0,0,0,0.276946634826091,0,0,0,0,0,0,0,0,0,0,0,0,0,0,0,0.314003540344225,0,0.32250898629427,0.121135050471682,0,0.22150138164982,0,0.225803036065329
0,0,0,0,0,0,0,0,0,0,0,0,0,0,0,0,0.218708127737045,0,0.236625259423601,0.178098342980549,0,0,0,0,0,0,0,0,0,0,0,0,0,0,0,0.100024561316981,0,0.271360776254109,0,0.216549206940084,0,0.221791470233275,0,0.332296065245572,0,0,0,0,0,0.204154847631088,0,0,0,0,0,0,0,0.216722503304482,0,0,0,0,0.26152739494107,0,0,0,0,0,0,0,0,0,0.254223842705999,0,0,0,0,0,0.24438183472067,0,0.291317305522051,0,0.217273931722252,0,0.226945758135123,0.248388250668844,0
0,0,0.218666672706604,0,0,0,0,0,0,0,0,0,0,0,0,0,0,0,0.234414207839197,0,0.198538221418858,0,0,0,0,0,0,0,0,0,0,0,0,0,0,0,0.154909801210316,0,0.244479858163577,0,0.219937670006807,0,0.222163939610136,0,0.280070316502979,0,0,0,0.215307780380907,0,0,0,0,0,0,0,0,0,0,0,0,0,0,0.192209783124619,0,0,0,0,0,0,0,0,0,0.234109111224549,0,0,0,0,0,0.27113627603015,0,0.27650582989363,0.213731873780489,0,0.217165727086149,0,0
0.219108894467354,0,0,0,0,0,0,0,0.22603914997092,0.226882604616029,0,0,0,0,0,0,0,0,0,0,0,0.234106615185738,0.218056663870811,0.244801076800645,0.249755492390588,0,0,0,0,0,0,0.289036724100432,0.300413282281198,0.272620943144516,0.268561648845057,0.404918352981439,0.408104003173527,0.364629756104795,0.450752961612621,0.195428550243378,0,0.221706806549004,0.367527037858963,0,0,0,0,0,0.383347838804438,0.32641595951834,0,0,0,0,0.247641632223831,0.232420331665448,0,0,0,0,0,0,0,0,0.302569178243478,0.340278297662735,0.275850782893142,0.287462811057384,0,0,0,0.362136383554829,0,0,0.282921353250407,0.32077644885467,0.254356797321051,0.310916262088264,0.302364154067499,0.268744280909078,0.365440002029262,0.368105034316847,0.312389603257179,0.236676642740214,0.32775012196766,0,0.198711574077606
0,0.210896365601441,0,0,0,0,0,0,0,0.27716801315546,0,0,0,0,0,0,0,0,0,0,0,0,0.296934663421578,0.319161470391248,0.270788787295983,0,0,0,0,0,0,0.285685444420034,0.292502721150716,0.406038401202417,0.293252667205201,0.350011944770813,0.306032884120941,0.403505683235298,0.283178749588109,0.205846853554249,0.181299558954766,0.261793995896975,0.220136737500551,0,0.168296560645103,0,0.215307780380907,0.383347838804438,0,0.225896348221804,0,0,0,0,0.221477498610814,0.29065082470576,0.146576609538526,0,0.129316132462196,0,0.148583787171362,0,0,0.20361040532589,0.330965310335159,0.251024361710255,0.247939629977443,0.287631359093952,0,0.204260296014507,0,0.172160905401607,0,0.190463542938232,0.311488311149572,0.296227811347871,0.29390485001647,0.315990319050203,0.28518747145553,0.237925922394866,0.364148882544725,0.200581305218439,0.301378829724022,0.283782775203387,0.255381306710963,0,0
0,0.191298561446045,0,0,0,0,0,0,0,0,0,0,0,0,0,0,0,0,0,0.234751254320145,0,0.276139741970433,0,0.322553899557858,0.299278726180394,0,0,0,0,0,0,0.27297764354282,0.301456411679586,0.283442695935567,0.384600318140454,0.199360514680545,0,0.367009626653985,0.400802447593638,0.192549328645907,0.199604122837385,0.210745455584181,0.253301590681076,0,0,0.204154847631088,0,0.32641595951834,0.225896348221804,0,0,0,0,0,0,0,0,0.259863418340683,0,0,0,0.179837733507156,0.194056361913681,0,0.280245356187224,0.348953187465668,0.321683918571756,0.306194047133128,0.174720744097699,0.258278548717499,0.189090876248413,0,0.204316367637621,0,0.297100686778625,0,0.223203108276961,0.275066688656807,0.231087773889687,0.270871583945476,0.309701247006534,0.345285825622387,0.256023757174701,0.273959744721651,0.235149857531625,0,0
0,0,0,0,0.258648216724396,0,0,0,0,0,0,0,0,0,0,0,0,0,0,0,0.307614029719563,0,0,0,0,0,0,0,0,0,0,0,0,0,0,0,0,0,0,0,0,0,0,0,0,0,0,0,0,0,0,0,0,0,0,0,0,0,0,0,0,0,0,0.27682873049031,0,0,0,0,0,0,0,0,0,0,0,0,0,0,0,0,0,0,0.234372844298681,0,0.33835580945015,0,0
0,0,0,0,0,0.14114736020565,0,0.171482435637905,0,0,0,0,0,0,0,0,0,0,0,0,0,0,0,0,0,0,0,0,0,0,0,0,0,0,0,0,0,0,0,0,0,0,0,0,0,0,0,0,0,0,0,0,0,0,0,0,0,0,0,0,0,0,0,0,0,0,0,0,0,0,0,0,0,0,0,0,0,0,0,0,0,0,0.164806674061526,0,0,0,0
0,0,0,0,0,0,0.145564928650856,0,0,0,0,0,0,0,0,0,0,0,0,0,0,0,0,0,0,0,0,0,0,0,0,0,0,0,0,0,0,0,0,0,0,0,0,0,0,0,0,0,0,0,0,0,0,0,0,0,0,0,0,0,0,0,0,0,0,0,0,0,0,0,0,0,0,0,0,0,0,0,0,0,0,0,0.150322500943372,0.156617367640138,0,0,0
0,0,0,0,0,0,0,0.161974335047934,0,0,0,0,0,0,0,0,0,0,0,0,0,0,0,0,0,0,0,0,0,0,0,0,0,0,0,0,0,0,0,0,0,0,0,0,0,0,0,0,0,0,0,0,0,0,0,0,0,0,0,0.110336768290689,0,0,0,0,0,0,0,0,0,0,0,0,0,0,0,0,0,0,0,0,0,0,0.157519378213801,0,0,0,0
0.187653009874784,0,0,0,0,0,0,0,0.166528372672097,0.25979933142662,0,0,0,0,0.192720512549082,0,0,0,0,0,0,0,0.166613563895226,0,0.190901277535926,0,0,0,0,0,0,0,0,0,0.233166817434875,0,0,0.261008642613888,0.209088501053355,0,0,0,0.168966028530886,0,0,0,0,0.247641632223831,0.221477498610814,0,0,0,0,0,0,0,0,0,0,0,0.183840489856178,0,0,0,0,0.168970882892609,0,0.257056345068677,0,0.212467056919999,0,0,0,0,0,0,0,0.235367941204458,0,0,0.282758116722107,0.254439920879638,0.157731516315987,0.181419566273689,0.178400031321271,0,0
0,0.121523924223665,0,0,0,0,0,0,0,0.225565142678587,0,0,0,0,0,0.209670666605234,0,0,0,0,0,0,0,0.295361050218344,0,0.21844896035535,0,0,0,0,0,0,0,0.2252598280708,0.229552239179611,0,0,0.22983647439074,0,0,0,0.170521516104539,0,0,0,0,0,0.232420331665448,0.29065082470576,0,0,0,0,0,0,0,0,0,0,0,0,0,0,0,0,0,0.276902359449055,0.208467736840248,0,0,0,0,0,0,0,0,0,0.28080815076828,0,0,0.204006054834144,0.22713428735733,0.229963183403015,0,0.142796461175703,0,0
0,0,0.158596462687524,0,0.216417044401169,0,0.114679716527462,0,0,0,0.137358297125475,0,0.180499139983775,0,0,0,0,0,0,0,0.251159280951791,0,0,0,0,0,0,0,0.211869728234079,0,0.174769330769777,0,0,0,0,0,0.192253899661736,0,0.213456860490947,0,0,0,0.2278513337608,0,0.202148675918579,0,0,0,0.146576609538526,0,0,0,0,0,0,0,0,0,0.166554721650006,0,0,0,0,0.271709718462179,0,0,0,0,0,0,0,0.215121546066383,0,0.256862230549256,0,0,0,0,0,0.188960269782585,0,0.196548949927092,0.187405183481353,0.150861547660019,0.234408876657034,0,0.242161879936854
0,0,0,0.225608300417662,0,0,0,0.156210148334503,0,0,0,0.207577782818291,0,0.179516254709317,0,0,0,0,0,0.242493249804494,0,0,0,0,0,0,0,0,0,0.213662492111325,0,0,0,0,0,0.170697137713432,0,0.204065970678575,0,0,0,0.202126741409302,0,0,0,0.216722503304482,0,0,0,0.259863418340683,0,0,0,0,0,0,0,0,0,0.193517703840982,0,0.158156648278236,0.183278535588704,0,0,0,0,0,0,0,0.259106339486403,0,0.266021462950376,0,0,0,0,0,0,0,0.213094670325518,0,0.164688900738154,0.160601392388344,0.243471108566081,0,0
0,0,0,0,0,0,0,0,0,0,0.200915350348918,0,0.161769260627192,0,0.166981907354461,0,0.217791969577471,0,0,0,0,0,0,0,0,0,0,0,0,0,0,0,0,0,0,0,0,0,0,0,0,0,0.200528670579959,0,0,0,0,0,0.129316132462196,0,0,0,0,0,0,0,0.166554721650006,0,0,0,0.195430111579316,0,0,0.216311519118873,0,0,0,0,0,0,0,0.214134216308594,0,0,0,0,0,0,0,0,0,0,0.172850657505287,0.182016360081308,0.222136964870056,0,0
0,0,0,0,0,0,0,0.150759449601173,0,0,0,0.183994239821971,0,0.170809288787635,0,0,0,0,0,0,0,0,0,0,0,0,0,0.183800201411717,0,0,0,0,0,0,0,0,0,0,0,0,0,0,0,0,0,0,0,0,0,0,0,0,0,0.110336768290689,0,0,0,0.193517703840982,0,0,0,0.176489478775433,0,0,0,0,0,0,0,0,0.184174873093341,0,0,0,0,0,0,0,0,0,0,0,0.188087297621364,0.178833735698139,0,0,0
0.185550160706043,0,0,0,0,0,0,0,0.186178514392053,0,0,0,0,0,0.167899812070223,0,0.175939051456948,0,0,0,0,0,0,0,0.201368719339371,0,0.12922976911068,0,0,0,0,0,0,0,0,0,0,0,0,0,0,0,0,0,0,0,0,0,0.148583787171362,0,0,0,0,0,0.183840489856178,0,0,0,0.195430111579316,0,0,0,0,0,0,0,0,0.198907618509962,0,0.192315185633231,0,0,0,0,0,0,0,0,0,0,0,0,0.189134340981642,0,0.209031447768211,0,0
0,0.156913242454446,0,0,0,0,0,0,0,0.133947846712545,0,0,0,0,0,0,0,0,0,0,0,0,0,0.171239256858826,0,0,0,0,0,0,0,0,0,0,0,0,0,0,0,0,0,0,0,0,0,0,0,0,0,0.179837733507156,0,0,0,0,0,0,0,0.158156648278236,0,0.176489478775433,0,0,0,0,0,0,0.204556529720624,0,0,0,0,0,0,0,0,0,0,0,0,0,0,0,0,0,0,0,0
0,0,0,0,0,0,0,0,0,0,0,0.160811722195348,0,0,0,0,0.204125612974167,0,0.251574733742961,0.18023626158083,0,0,0,0,0,0,0,0,0,0,0,0,0,0,0,0.194956872121243,0,0.242890800038973,0,0.23611928186109,0,0.233859901920261,0,0.314730427223356,0,0.26152739494107,0,0,0,0.194056361913681,0,0,0,0,0,0,0,0.183278535588704,0,0,0,0,0,0,0,0,0,0,0,0,0,0,0.237491253763437,0,0,0,0,0,0.268867465632933,0,0.270093836960542,0,0.1475124852863,0,0.235067620102702,0.190328106284142,0
0,0,0,0,0.241242030987868,0,0.173947036266327,0,0,0,0.216112170280779,0,0,0,0,0,0,0,0.232250782350699,0,0.182952078779234,0,0,0,0,0,0,0,0,0,0,0,0,0,0,0,0.169498320409785,0,0.188183045747491,0,0.196059677927945,0,0.223430001339957,0,0.276946634826091,0,0.192209783124619,0,0.20361040532589,0,0.27682873049031,0,0,0,0,0,0.271709718462179,0,0.216311519118873,0,0,0,0,0,0,0,0,0,0,0,0,0,0,0.235921945566168,0,0,0,0,0,0.210118342309047,0,0.235268087051984,0.145760237464779,0,0.249708565690635,0,0
0,0,0,0,0,0,0,0,0,0.194852262735367,0,0,0,0,0,0,0,0.188303377479315,0,0,0,0.192327328181013,0.192149663691992,0.225878985047478,0.283519938588142,0,0,0.234863034884135,0,0,0,0,0,0.228388041257858,0.260871772964795,0,0,0.225315040938377,0.231337983289669,0,0,0,0,0,0,0,0,0.302569178243478,0.330965310335159,0.280245356187224,0,0,0,0,0,0,0,0,0,0,0,0,0,0,0,0.210980778954325,0.299458694419547,0.317401260137558,0,0,0.159687948540637,0,0,0,0,0,0,0.226287961006165,0,0,0.244357896195008,0.297323233064483,0.192552454421143,0.184117232759794,0.330501490831375,0,0
0,0.211232533057531,0,0,0,0,0,0,0,0,0,0,0,0,0,0,0.195422303676605,0,0,0,0,0.215418676826557,0.175057019406609,0.267826503515244,0.202369721982573,0,0.157448522746563,0,0,0,0,0,0,0,0.210318952798843,0,0,0.271292328282639,0.191196927884797,0,0,0,0.261388746591715,0,0,0,0,0.340278297662735,0.251024361710255,0.348953187465668,0,0,0,0,0.168970882892609,0,0,0,0,0,0,0,0,0,0.210980778954325,0,0.239595320008018,0.241037871920469,0,0.148924634093419,0,0.140326343476772,0,0,0,0,0,0,0,0,0.269081876923641,0.18719648149988,0.20725538705489,0.192454751556605,0.265111125158993,0,0
0,0,0,0,0,0,0,0,0,0.262219658213072,0,0,0,0,0,0.233095109462738,0,0.169796019792557,0,0,0,0.239654937599386,0,0.206848470941134,0.231194520848138,0.220390957780182,0,0,0,0,0,0,0,0.232726818703591,0.250134584935088,0,0,0.22617603844175,0.256912197934556,0,0,0.171303281012703,0,0,0,0,0,0.275850782893142,0.247939629977443,0.321683918571756,0,0,0,0,0,0.276902359449055,0,0,0,0,0,0.204556529720624,0,0,0.299458694419547,0.239595320008018,0,0.238886414416905,0.211508431493543,0.220474399626255,0,0,0,0,0,0,0.213401108980179,0.256231740117073,0,0,0.264529642457992,0.272732283305196,0.18384607027546,0.228007953081812,0.211138382486628,0,0
0.227091200649738,0.225704246759415,0,0,0,0,0,0,0.217334543808216,0.232872992753983,0,0,0,0,0.194785303690217,0,0,0,0,0,0,0,0.205631342778603,0.277763679623604,0.190629714630954,0,0.171574602435742,0,0,0,0,0,0,0,0.236060630587431,0,0,0.271452634284894,0.20008032387257,0,0,0.265035808086395,0.256560835414208,0,0,0,0,0.287462811057384,0.287631359093952,0.306194047133128,0,0,0,0,0.257056345068677,0.208467736840248,0,0,0,0,0.198907618509962,0,0,0,0.317401260137558,0.241037871920469,0.238886414416905,0,0,0.193244351582094,0,0,0,0,0,0,0,0.225536910196145,0,0,0.273488138011076,0.246320095420443,0.187037559927875,0.210164787707391,0.241667248047651,0,0
0,0,0,0,0,0,0,0,0,0.183504518866539,0,0,0,0,0,0,0,0.191268194466829,0,0,0,0,0,0.199349978661284,0,0.225306158974057,0,0,0,0,0,0,0,0,0,0,0,0,0,0,0,0,0,0,0,0,0,0,0,0.174720744097699,0,0,0,0,0,0,0,0,0,0,0,0,0,0,0,0,0.211508431493543,0,0,0,0.17852252556218,0,0,0,0,0,0,0,0,0,0,0,0.207584074241404,0,0,0,0
0.207755135638373,0.209652796387672,0,0,0,0,0,0,0.207465333683837,0,0,0,0,0,0.188114549964666,0,0.196537699354322,0,0,0,0,0,0.209766952618616,0,0.209847501676288,0,0.208865658485846,0,0,0,0,0,0,0,0,0,0,0.261001665145159,0.221243798732758,0,0,0,0.242365524172783,0,0,0,0,0,0.204260296014507,0.258278548717499,0,0,0,0,0.212467056919999,0,0,0,0,0,0.192315185633231,0,0,0,0,0.148924634093419,0.220474399626255,0.193244351582094,0,0,0,0.156560321914595,0,0,0,0,0,0,0,0,0.271625681565358,0.240227855741978,0.189718893552438,0,0.250544213934949,0,0
0,0.263100186983744,0,0,0,0,0,0,0,0,0,0.177000942174345,0,0.189814056456089,0,0,0,0,0,0,0,0.175312739507905,0,0,0,0,0,0.218496796960443,0,0.22485686806233,0,0,0,0,0,0,0,0,0,0,0,0.217074051499367,0,0,0,0,0,0,0,0.189090876248413,0,0,0,0,0,0,0,0.259106339486403,0,0.184174873093341,0,0,0,0,0.159687948540637,0,0,0,0.17852252556218,0,0,0,0.179209555188815,0,0,0,0,0,0,0,0,0,0.214655887754087,0.22439500167816,0.269296878189952,0,0
0,0,0,0,0,0,0,0,0,0,0.194389771137919,0,0,0,0,0,0,0,0,0,0,0,0.238549016609954,0,0,0,0,0,0.2201260594788,0,0.218759562142871,0,0,0.350374386140278,0,0,0,0.37457227193076,0.182163127594524,0,0,0,0,0,0,0,0,0.362136383554829,0.172160905401607,0,0,0,0,0,0,0,0.215121546066383,0,0.214134216308594,0,0,0,0,0,0,0.140326343476772,0,0,0,0.156560321914595,0,0,0,0.192764269013918,0,0,0,0,0,0,0.358340794486659,0.17495649477107,0.230997936998482,0.204287134823115,0,0,0
0,0.254846272143451,0,0,0,0,0,0,0,0,0,0.213695554832617,0,0,0,0,0,0,0,0,0,0,0,0,0,0,0,0.180869929492474,0,0.219991912540322,0,0,0,0,0,0,0,0.229860306992917,0,0.205345958471298,0,0.164040793664753,0,0,0,0.254223842705999,0,0,0,0.204316367637621,0,0,0,0,0,0,0,0.266021462950376,0,0,0,0,0.237491253763437,0,0,0,0,0,0,0,0.179209555188815,0,0,0,0,0,0,0,0,0,0.202131517231464,0,0.222527327015996,0,0.290525706671495,0,0
0,0,0,0,0,0,0,0,0,0,0.171650138994058,0,0,0,0,0,0,0,0,0,0.212737294343802,0,0,0,0,0,0,0,0.214049505582754,0,0.165020690514491,0,0,0,0,0,0,0,0.207690181869727,0,0.213638776292404,0,0.248813190393978,0,0,0,0.234109111224549,0,0.190463542938232,0,0,0,0,0,0,0,0.256862230549256,0,0,0,0,0,0,0.235921945566168,0,0,0,0,0,0,0,0.192764269013918,0,0,0,0,0,0,0,0.234116111882031,0,0.196963883557562,0.191417203243985,0,0.291517233330524,0,0
0,0,0,0,0,0,0,0,0,0,0,0,0,0,0,0,0,0,0,0,0,0,0,0,0,0,0,0,0,0,0,0.18471039700866,0.182014130260216,0.258260169521125,0.267921245656908,0.182861175388098,0.175829141215703,0,0,0,0,0,0,0,0,0,0,0.282921353250407,0.311488311149572,0.297100686778625,0,0,0,0,0,0,0,0,0,0,0,0,0,0,0,0,0,0,0,0,0,0,0,0,0,0.208660635210219,0.23478392899267,0.253333007295926,0.246212854981422,0.208283629445803,0,0,0.166871065531786,0,0,0,0
0,0,0,0,0,0,0,0,0,0,0,0,0,0,0,0,0,0,0,0,0,0,0,0,0,0,0,0,0,0,0,0.180365223152763,0.21588173639225,0.229716554022672,0.280585980888344,0.245988742086924,0.310902216938874,0,0,0,0,0,0,0,0,0,0,0.32077644885467,0.296227811347871,0,0,0,0,0,0,0,0,0,0,0,0,0,0,0,0,0,0,0,0,0,0,0,0,0,0.208660635210219,0,0.223745000362396,0.251234894244014,0.295609862804413,0.188831981515216,0,0.229986961592327,0.174947715150683,0,0,0,0
0,0,0,0,0,0,0,0,0,0,0,0,0,0,0,0,0,0,0,0,0,0,0,0.246035732328892,0,0,0,0,0,0,0,0.237555987256415,0.208256229758263,0.190959566321162,0.2198868057887,0.179384287871137,0,0.19100751642377,0.285953611135483,0,0,0,0,0,0,0,0,0.254356797321051,0.29390485001647,0.223203108276961,0,0,0,0,0,0,0,0,0,0,0,0,0,0,0,0,0.213401108980179,0,0,0,0,0,0,0,0.23478392899267,0.223745000362396,0,0.214267750490176,0.151683091558516,0.295568936400943,0.162555759005687,0.287890434265137,0.280034941424503,0.249366827309132,0,0,0
0.194156065583229,0,0,0,0,0,0,0,0.211874377727509,0.254720588028431,0,0,0,0,0,0,0,0,0,0,0,0,0.207010850310326,0.29641817510128,0.2214146098122,0,0,0,0,0,0,0.213477019001456,0.22931192951952,0.209401015062963,0.227126042288265,0,0.177176159289148,0.307822500114088,0.21130339272766,0,0,0,0.197041422128677,0,0,0,0,0.310916262088264,0.315990319050203,0.275066688656807,0,0,0,0,0.235367941204458,0.28080815076828,0,0,0,0,0,0,0,0,0.226287961006165,0,0.256231740117073,0.225536910196145,0,0,0,0,0,0,0.253333007295926,0.251234894244014,0.214267750490176,0,0.282544933259487,0,0.264547675848007,0.191317524172758,0.23277749126855,0.216564927250147,0.225628197193146,0,0
0,0,0,0,0,0,0,0,0,0,0,0,0,0,0,0,0,0,0.225791306123821,0,0,0,0,0,0,0,0,0,0,0,0,0.182528292760253,0.22503554405168,0.24318567769868,0.290560334920883,0.208151565267222,0.247443206884845,0.161355416150352,0,0.162017700698239,0,0.223596151751399,0.267560174067815,0.298522371947556,0,0.24438183472067,0,0.302364154067499,0.28518747145553,0.231087773889687,0,0,0,0,0,0,0,0,0,0,0,0,0.268867465632933,0,0,0,0,0,0,0,0,0,0,0,0.246212854981422,0.295609862804413,0.151683091558516,0.282544933259487,0,0.351132009737194,0.154333138154275,0,0.179225399156105,0.155559577688373,0.292220604783023,0.256710649614245,0
0,0,0,0,0,0,0,0,0,0,0.194827055677455,0,0,0,0,0,0,0,0.332171674859658,0,0.171691521589255,0,0,0,0,0,0,0,0,0,0,0.301539573316964,0.196878988115173,0.26335346698761,0.187912620604038,0.244682370166093,0.218452257590919,0,0.157731385449169,0.237605348229408,0.15065781038396,0,0.251667675170978,0,0.314003540344225,0,0.27113627603015,0.268744280909078,0.237925922394866,0.270871583945476,0,0,0,0,0,0,0.188960269782585,0,0,0,0,0,0,0.210118342309047,0,0,0,0,0,0,0,0,0,0.234116111882031,0.208283629445803,0.188831981515216,0.295568936400943,0,0.351132009737194,0,0,0.163243856038088,0.184277223432487,0.183232934966001,0.309228117169311,0,0.272757710189354
0,0,0,0,0,0,0,0,0.253734782338142,0.211647503327525,0,0.20465168959639,0,0,0,0,0,0,0,0.235574087128043,0,0.202272266386047,0.261170417070389,0.269131731212608,0.269277579075581,0.258991837501526,0,0,0,0.184227155878189,0,0,0,0.248545632769764,0.259580857101703,0.160226778496154,0,0.193279503498711,0.434306865990955,0.157377359085259,0,0.24461847638975,0.27476342022419,0.358029648661613,0,0.291317305522051,0,0.365440002029262,0.364148882544725,0.309701247006534,0,0,0,0,0.282758116722107,0.204006054834144,0,0.213094670325518,0,0,0,0,0.270093836960542,0,0.244357896195008,0.269081876923641,0.264529642457992,0.273488138011076,0,0.271625681565358,0,0.358340794486659,0.202131517231464,0,0,0,0.162555759005687,0.264547675848007,0.154333138154275,0,0,0.411481399795057,0.258894333962092,0.225863584627708,0.346101493380725,0.290109875499171,0
0.182358071208,0.193406429886818,0,0,0,0,0,0,0.216643417087512,0.241480375329653,0.188092385952392,0,0,0,0,0,0,0,0.313560475905736,0,0.204986524820328,0.20851452772816,0.200825045111289,0.356866194733552,0.229517296824794,0,0,0,0,0,0.214108238065684,0,0,0.345019948899105,0.251254449817869,0,0,0.315153787041655,0.1960110488649,0,0.175796637910285,0,0.220881792827972,0,0.32250898629427,0,0.27650582989363,0.368105034316847,0.200581305218439,0.345285825622387,0,0,0,0,0.254439920879638,0.22713428735733,0.196548949927092,0,0,0,0,0,0,0.235268087051984,0.297323233064483,0.18719648149988,0.272732283305196,0.246320095420443,0,0.240227855741978,0,0.17495649477107,0,0.196963883557562,0,0.229986961592327,0.287890434265137,0.191317524172758,0,0.163243856038088,0.411481399795057,0,0.230292616561222,0.205195898698135,0.335348978454282,0,0.293662612636884
0.192582402363115,0.213696096369142,0.195069300346687,0.227271405607462,0.203770751668804,0.183848996594034,0.166304638138018,0.171787396073341,0.138936781948176,0.172868928045369,0.177997266508262,0.162348008107232,0.187102450203636,0.183271791557876,0.17314559008394,0,0.142396368746463,0.18998228102556,0.172961399035155,0.152705951200591,0.150555179056277,0.194285371596807,0.202930390718503,0.183490141291029,0.182857402669059,0.200410491223358,0.182612452790034,0.228526336429225,0.216786174287156,0.201630735838855,0.200924484975754,0.157671541212097,0.156834085532768,0.234965337726932,0.220511461952492,0.161480611154943,0.169590139651294,0.234867038063261,0.218871731169254,0.232507912747896,0.203734972647258,0.196843263977149,0.194804295755116,0.133932336632695,0.121135050471682,0.217273931722252,0.213731873780489,0.312389603257179,0.301378829724022,0.256023757174701,0.234372844298681,0.164806674061526,0.150322500943372,0.157519378213801,0.157731516315987,0.229963183403015,0.187405183481353,0.164688900738154,0.172850657505287,0.188087297621364,0.189134340981642,0,0.1475124852863,0.145760237464779,0.192552454421143,0.20725538705489,0.18384607027546,0.187037559927875,0.207584074241404,0.189718893552438,0.214655887754087,0.230997936998482,0.222527327015996,0.191417203243985,0.166871065531786,0.174947715150683,0.280034941424503,0.23277749126855,0.179225399156105,0.184277223432487,0.258894333962092,0.230292616561222,0,0.199154855283801,0.218884772778193,0,0.137905150651932
