0,0,3.5017876625061,0,0.226758286356926,0,0,0,263.449347108603,0,0,0,0,0,0,0,0,0,1.15572834014893,0,0,0,0,0,0,0,0,0,0,0,0,0,0,0,0,0,0,0,0,0,0,0,34.7244374454021,0,0,0,0,0,5.02058643102646,0,0,0,0,0,160.542633607984,0,68.1935892701149,0,119.370824575424,0,23.4190561771393,0,0,0,0,0,0,32.1912910938263,0,0,0,0,0,0.401569604873657,0,0,0,0,0,0,0,0,20.4261530041695,0,84.0189998596907,0,0
0,0,0,194.593733876944,0,0,0,0,0,94.7797364741564,0,0,0,0,0,0,0,0,7.27849489450455,0,0,0.241467610001564,0,3.75350570678711,0,0,0,0,0,0,0,0,0,0,0,0,0,1.82259878516197,0,0,0,77.4612298458815,0,0,0,0,0,0,0,180.327552393079,0,0,0,0,0,128.444994717836,0,22.5232098400593,0,54.0735290050507,0,133.803357452154,0,0,0,0,0,0,0.346261620521545,0,5.66531684994698,0,22.5762429386377,0,0,0,0,0,0,0,24.5970117896795,0,1.6175931841135,0,326.254274964333,0,0
3.5017876625061,0,0,0,46.5383549928665,0,0,0,10.7383441627026,0,0,0,0,0,0,0,0,0,13.4471057057381,0,4.92944717407227,0,0,0,0,0,0,0,0,0,0,0,0,0,0,0,0,0,0,0,6.03861808776855,0,35.9784703701735,0,0,0,0,0,162.185007765889,0,113.582683384418,0,0,0,13.2779555022717,0,25.428217753768,0,0,0,0.265563935041428,0,0,0,0,0,0,0,0,0,0,0,0,5.89338852465153,0,0,0,0,0,0,0,0,29.5170624479651,0,151.978179946542,0,3.02803908288479
0,194.593733876944,0,0,0,47.8474663048983,0,0,0,44.0696255266666,0,2.34189832210541,0,0,0,0,0,0,0,1.51349568367004,0,0,0,0,0,0,0,0,0,0,0,0,0,0.211406394839287,0,3.7634806483984,0,0,0,0.637479484081268,0,55.3929469436407,0,0,0,34.5105414539576,0,5.4565489590168,3.41099812090397,128.343692690134,0,51.9334894865751,0,0,0,58.1088030636311,0,10.7075991779566,0,63.6039814651012,0,230.126145064831,9.41933037340641,0,0,0,0,0,0,0,4.42757549881935,0,84.7605862021446,0,0,0,0,0,79.0650129243731,0,45.8254635334015,0,41.6621469408274,0,282.668399639428,1.15278378129005,0
0.226758286356926,0,46.5383549928665,0,0,0,0,0,94.8016750812531,0,0,0,0,0,59.3645281791687,0,0,0,0,0,79.0608404129744,0,0,0,0,0,0,0,0,0,0,0,0,0,0,0,0,0,0,0,0,0,40.8708413988352,0,0,0,0,0.704646646976471,17.3679171204567,0,308.907014578581,0,0,0,26.0486715584993,0,20.9317656159401,0,0.557024598121643,0,146.339513808489,0,0,138.514922276139,0,0,0,0,0,0,0,0,0,5.14903998374939,0,0,0,0,0,0,0,0,71.9768777787685,24.7870821356773,303.704170390964,0,4.16404040157795
0,0,0,47.8474663048983,0,0,0,47.1865365803242,0,111.132243156433,0,0.707037538290024,0,0,0,0,0,0,0,12.1056992709637,0,0,0,0,0,0,0,0,0,0,0,0,0,0,0,2.20766835659742,0,0,0,0,0,8.63206644356251,0,0,0,5.99334351718426,0,8.61325617134571,0.594903588294983,29.7852719426155,0,232.485257297754,0,33.5806246399879,0,5.32026863098145,0,3.49608571827412,0,0,0,0,15.8440439552069,0,0,0,0,0,0,0,1.39313477277756,0,15.7152762413025,0,0,0,0,0,14.9083950892091,0,15.1977818757296,0,429.021802380681,0,219.013607770205,2.49323344230652,0
0,0,0,0,0,0,0,0,0,0,269.834515750408,0,10.0354888439178,0,0,0,0,0,0,0,0,0,0,0,0,0,0,0,0,0,0,0,0,0,0,0,0,0,0,0,0,0,0,0,0,0,0,0,0,0,34.7679243087769,0,524.481743097305,0,0,0,39.1341784000397,0,70.1907956004143,0,0,0,0,4.53046429157257,0,0,0,0,0,0,0,0,0,0,0,0,0,0,0,0,0,0,81.1302011013031,0,0,0,0
0,0,0,0,0,47.1865365803242,0,0,0,0,0,28.875599861145,0,0,0,0,0,0,0,0,0,0,0,0,0,0,0,0,0,0,0,0,0,0,0,0,0,0,0,0,0,0,0,0,0,0,0,0,0,0,0,21.6744163036346,0,161.94981443882,0,0,0,46.682866692543,0,0,0,0,0,0,0,0,0,0,0,0,0,0,0,0,0,0,0,0,0,0,0,0,161.920792877674,0,0,0,0
263.449347108603,0,10.7383441627026,0,94.8016750812531,0,0,0,0,0,0,0,0,0,600.529435276985,0,263.128097131848,20.6533158272505,9.39029496908188,0,0,0,0.369686186313629,3.27923154830933,45.4068040847778,1.37884187698364,21.2916585505009,0,0,0,0,0,0,0,0,0,0,0,152.73218113184,0,1.52808153629303,0,48.8838286697865,0,0.223590821027756,0,0,0,6.31420138478279,0,130.411788076162,0,0,0,470.338511228561,0,0,0,0,0,296.227620154619,0,0,0,0,0,0,85.1174476146698,0,40.9043933153152,0,0,0,0,0,0,0,0,0,0,0,69.3059457540512,564.903276607394,122.621412664652,169.852369531989,0,5.0188884139061
0,94.7797364741564,0,44.0696255266666,0,111.132243156433,0,0,0,0,0,0,0,0,0,107.352536693215,0,3.97731918096542,0,0,0,0,0,7.13456588983536,0,0.964383095502853,0,0,0,0,0,0,0,0,0,0,0,11.7354202717543,0,0,0,2.71412993967533,0,0,0,0,0,0,0,0,0,0,0,0,0,453.028823807836,0,0,0,0,0,26.1549615710974,0,0,0,0,0.359444320201874,0,18.825267881155,0,0,0,0,0,0,0,0,0,0,0,14.735865354538,0,360.199047625065,6.8187175989151,90.1819829493761,0.220321446657181,0
0,0,0,0,0,0,269.834515750408,0,0,0,0,0,91.7857837080956,0,0,0,0,0,0,0,195.362946599722,0,0,0,0,0,0,0,138.969104290009,0,35.361574023962,0,0,0,0,0,93.4697920084,0,384.942780643702,0,0,0,0,0,0,0,0,0,0,0,0,0,207.780604481697,0,0,0,2195.32417754829,0,4.51701641082764,0,0,0,0,278.7287068367,0,0,0,0,0,0,0,0,0,45.1844611763954,0,0,0,0,0,10.360694527626,0,355.692345231771,247.866370916367,3.47193932533264,1.43191730976105,0,0
0,0,0,2.34189832210541,0,0.707037538290024,0,28.875599861145,0,0,0,0,0,516.898575305939,0,0,0,0,0,1049.56618228555,0,0,0,0,0,0,0,112.438305139542,0,68.1304051876068,0,0,0,0,0,341.857315927744,0,1043.62733626366,0,0,0,0,0,0,0,0,0,0,0,0,0,24.712530195713,0,2,0,0,0,1231.15959785879,0,9.36191844940186,0,0,212.352691590786,0,0,0,0,0,0,0,2,0,78.8858143687248,0,0,0,0,0,178.621876969934,0,350.904062107205,0,239.567468822002,0,19.7121748328209,0,0
0,0,0,0,0,0,10.0354888439178,0,0,0,91.7857837080956,0,0,0,129.292063236237,0,0,0,0,0,0,0,0,0,0,0,0,0,0,0,64.0192133188248,0,0,0,0,0,0,0,0,0,0,0,0,0,0,0,0,0,0,0,0,0,0,0,0,0,149.448776841164,0,424.258731126785,0,29.6188348531723,0,0,0,0,0,0,0,0,0,0,20.0631285011768,0,6.88037443161011,0,0,0,0,0,0,0,0,43.2706581354141,94.1702470779419,0,0,0
0,0,0,0,0,0,0,0,0,0,0,516.898575305939,0,0,0,179.564865529537,0,46.1843124628067,0,0,0,0,0,0,0,0,0,4.20623707771301,0,0,0,0,0,0,0,0,0,0,0,0,0,0,0,0,0,0,0,0,0,0,0,0,0,0,0,0,0,271.564844489098,0,1019.92980393767,0,349.524727225304,0,0,0,0,0,0,0,0,4.77098309993744,0,0,0,0,0,0,0,0,0,0,0,130.848205715418,44.8367790281773,0,0,0
0,0,0,0,59.3645281791687,0,0,0,600.529435276985,0,0,0,129.292063236237,0,0,0,150.676423802972,12.1515242755413,0,0,0,0,0,0,1.08896505832672,0,30.1668425798416,0,0,0,0,0,0,0,0,0,0,0,0,0,0,0,0,0,0,0,0,0,0,0,65.5554357469082,0,0,0,18.6735255718231,0,0,0,41.189117282629,0,485.612409204245,0,0,0,0,0,0,3.45447301864624,0,12.0514019727707,0,0,0,0,0,0,0,0,0,0,0,0,279.224830657244,20.3559412956238,0,0,0
0,0,0,0,0,0,0,0,0,107.352536693215,0,0,0,179.564865529537,0,0,0.340249359607697,32.0355752110481,0,0,0,0,0,0,0,2.98315897583961,0,0,0,0,0,0,0,0,0,0,0,0,0,0,0,0,0,0,0,0,0,0,0,0,0,0,0,0,0,2.30615437030792,0,0,0,13.1450568139553,0,19.6837082207203,0,0,0,0,0,0,15.4246429204941,0,0,0,0,0,0,0,0,0,0,0,0,0,189.44236946106,40.1600804328918,0,0,0
0,0,0,0,0,0,0,0,263.128097131848,0,0,0,0,0,150.676423802972,0.340249359607697,0,11033.8489325047,3546.79047882557,0,0,3.04802429676056,637.126299902797,99.6466688662767,231.951709985733,68.3262829333544,686.030036747456,0,65.03359554708,0,0,0,0,0,0,0.515876933932304,5.81156347692013,0,0,3.35853624343872,4.30790894478559,46.9317814484239,42.3833089768887,10.8616049736738,5.26513534784317,17.1340730786324,20.5745206624269,0,0,0,0,0,0,0,20.9656155705452,0,1.642369389534,0,0,0,22.0721818506718,0,0.733138263225555,3.21800523251295,0,35.0654753446579,64.0008959174156,96.6522479951382,55.1239108592272,171.43786175549,0,0,2.12396760284901,0.260587900876999,0,0,0,0,41.345962010324,53.7581747025251,0.798347681760788,6.51508740335703,8059.02188928425,499.511325404048,64.7047454342246,4.62197895348072,8.54143518954515
0,0,0,0,0,0,0,0,20.6533158272505,3.97731918096542,0,0,0,46.1843124628067,12.1515242755413,32.0355752110481,11033.8489325047,0,4122.88735592365,0,0,44.529409751296,7.02056470513344,414.63529714942,125.392267376184,1913.33512689173,16.5355693101883,51.2464306056499,0.302462875843048,0,0,0,0,0,0,0.253143832087517,0.926544092595577,0,0,1.47712685167789,1.50140051543713,43.1640781536698,15.605286680162,17.7391216158867,0.170667588710785,13.5730607658625,8.25539207458496,0,0,0,0,0,0,0,17.9469494223595,0,1.42942690849304,0,0,0,0,53.1919699907303,4.05350744724274,0.169004410505295,0,0,281.309313192964,41.5696046948433,490.301599249244,9.42211000621319,0,0,0,3.18201494216919,0,0,0,0,34.8660488650203,23.8222920000553,3.49238292872906,3.18437512218952,7903.36798068136,932.446968048811,51.6468129381537,14.6962096691132,0.380643248558044
1.15572834014893,7.27849489450455,13.4471057057381,0,0,0,0,0,9.39029496908188,0,0,0,0,0,0,0,3546.79047882557,4122.88735592365,0,0,0,0,0.919914871454239,12.3507212400436,30.9197434484959,23.9373835176229,0.706831455230713,0,0,0,0,0,0,0,1.35948443412781,18.2490586340427,118.383514709771,0,4.52256974577904,207.372758701444,226.862379364669,1763.07902962714,1394.82056301832,251.407382160425,333.995304793119,287.118032775819,557.475226469338,0.715428940951824,4.58712056279182,1.94802893698215,0,0,0,0,24.2680662572384,0,37.5215414762497,2.342489361763,0,0,0,0,165.676321871579,149.389136835933,0,1.79931712150574,20.2108390927315,4.34140563011169,36.8004318922758,0.698279440402985,1.98437476158142,0,82.1321807652712,39.4225570708513,0,0,0,0,1181.29834312946,1233.8192839995,150.657884590328,159.238742358983,3121.52488303185,1.75236666202545,2458.88384233415,429.022436641157,238.967907570302
0,0,0,1.51349568367004,0,12.1056992709637,0,0,0,0,0,1049.56618228555,0,0,0,0,0,0,0,0,0,0,0,0,0,0,0,0,0,0,0,0,0,0,0,2286.50171564519,0,81.8425314128399,0,0,0,2.37299853563309,0,0,0,4.43110063672066,0,3.81304067373276,4.58987236022949,8.86417269706726,0,3.32711338996887,0,0,0,0,0,32.8334996700287,0,0,0,0,1187.01986090839,0,0,0,0,0,0,0,0,0,26.5271238982677,0,0,0,0,0,773.249458268285,0,113.404910430312,0,44.978385835886,0,82.4936157166958,2.53212738037109,0
0,0,4.92944717407227,0,79.0608404129744,0,0,0,0,0,195.362946599722,0,0,0,0,0,0,0,0,0,0,0,0,0,0,0,0,0,0,0,0,0,0,0,0,0,978.038720212877,0,69.4279342442751,0,0.16810567677021,0,6.11726796627045,0,0,0,5.06371331214905,0.199604630470276,0.902611672878265,0,4.60258847475052,0,0,0,0,0,95.6679000258446,0,0,0,0,0,0,822.062679216266,0,0,0,0,0,0,0,0,0,8.45644448697567,0,0,0,0,0,2198.46243739128,0,71.9563871696591,257.744999393821,0,121.558365896344,0,3.42501971125603
0,0.241467610001564,0,0,0,0,0,0,0,0,0,0,0,0,0,0,3.04802429676056,44.529409751296,0,0,0,0,127.130182623863,71.7892872691154,0,219.813362300396,0,35.0196549892426,0,0,0,0,0,0,0,0,0,1230.1765165925,0,0,0,0.199646830558777,0,0,0,0,0,0,0,82.3672856688499,0,0,0,0,0,0,0,38.2315819561481,0,0.776267111301422,0,0,0.301200211048126,0,3074.70832660049,20.9587118625641,72.1911649256945,0,133.7203001827,0,344.080920308828,0,22.6761866956949,0,0,0,3.73656675219536,0,0,0,809.905855476856,0,439.862171500921,16.5231764316559,8.83595563471317,0,0
0,0,0,0,0,0,0,0,0.369686186313629,0,0,0,0,0,0,0,637.126299902797,7.02056470513344,0.919914871454239,0,0,127.130182623863,0,0,17.4185946583748,0,58.0460676550865,0,51.1849256753922,0,0,0,0,0,0,0,0,0,788.11343690753,0,0.797181904315948,0,0,0,3.316410779953,0,0,0,58.2567215263844,0,0,0,0,0,0,0,0,0,0,0,0,0,0,0,0,3679.62957878411,0,60.4111418128014,0,27.3673608154058,0,312.420219257474,0,0.308241426944733,0,0,0,0,0,0.154921978712082,0,324.027833580971,657.256552711129,2.25452822446823,0,0,0
0,3.75350570678711,0,0,0,0,0,0,3.27923154830933,7.13456588983536,0,0,0,0,0,0,99.6466688662767,414.63529714942,12.3507212400436,0,0,71.7892872691154,0,0,0,695.674227714539,0,0,0,0,0,0,0,0,0,0,0,504.024887979031,0,0,0,0.220524609088898,0.52959331870079,0,0,0,0,0,0,6.38562831282616,0,0,0,0,0,15.8262003362179,0,0.272933691740036,0,0,0,0,0,0,174.381265088916,0,335.943660408258,0,34.5839289426804,0,3.89790454506874,0,0.532251581549644,0,0,0,0,0,0,0.322345852851868,622.526508867741,0,173.601874887943,0,31.0721404254436,0,0
0,0,0,0,0,0,0,0,45.4068040847778,0,0,0,0,0,1.08896505832672,0,231.951709985733,125.392267376184,30.9197434484959,0,0,0,17.4185946583748,0,0,2.43785083293915,364.728902518749,0,0,0,0,0,0,0,0,0,0,0,264.417389303446,0,0,0,6.70173704624176,0,0,0,0,0,17.7328146994114,0,0,0,0,0,8.68464440107346,0,0,0,0,0,0,0,0,0,0,45.5656551122665,6.04546618461609,389.619903028011,0,114.839096963406,0,3.18063718080521,0,0,0,0,0,0,0,0,0,65.717346996069,328.04389564693,0,33.1100870072842,0,3.91226696968079
0,0,0,0,0,0,0,0,1.37884187698364,0.964383095502853,0,0,0,0,0,2.98315897583961,68.3262829333544,1913.33512689173,23.9373835176229,0,0,219.813362300396,0,695.674227714539,2.43785083293915,0,0,30.1785364151001,0,0,0,0,0,0,0,0,0,0,0,0,0,1.0123678445816,0,0.208476677536964,0,0,0,0,0,0,0,0,0,0,0,0,0,0,0,0,0,1,0,0,81.2455614209175,0,601.508454203606,0,199.032520800829,0,3.82311201095581,0,0,0,0,0,0,0,0.141778320074081,0.233797430992126,0,0,284.429775744677,0,0,0.375798910856247,0
0,0,0,0,0,0,0,0,21.2916585505009,0,0,0,0,0,30.1668425798416,0,686.030036747456,16.5355693101883,0.706831455230713,0,0,0,58.0460676550865,0,364.728902518749,0,0,0,63.3745034337044,0,0,0,0,0,0,0,0,0,0,0,0,0,0,0,0,0,0,0,0,0,0,0,0,0,0,0,0,0,0,0,0,0,0,0,0,94.6695220917463,0,290.808812499046,2.83641076087952,478.041853457689,0,1.71218806505203,0,0,0,0,0,0,0,0,0,0,53.6906317621469,0,0,0,0
0,0,0,0,0,0,0,0,0,0,0,112.438305139542,0,4.20623707771301,0,0,0,51.2464306056499,0,0,0,35.0196549892426,0,0,0,30.1785364151001,0,0,0,923.264369189739,0,0,0,0,0,0,0,1.81215262413025,0,0,0,0,0,0,0,0,0,0,0,2.43275612592697,0,0,0,0,0,0,0,30.0992913246155,0,58.7086763381958,0,0,0,0,103.430425643921,0,0,0,328.496464848518,0,892.405448287725,0,82.8960101008415,0,0,0,0,0,0,0,0.64368087053299,0,10.9806160330772,0,0,0,0
0,0,0,0,0,0,0,0,0,0,138.969104290009,0,0,0,0,0,65.03359554708,0.302462875843048,0,0,0,0,51.1849256753922,0,0,0,63.3745034337044,0,0,0,182.374399065971,0,0,0,0,0,0,0,18.7276411056519,0,0,0,0,0,0,0,0,0,0,0,0,0,0,0,0,0,104.67939889431,0,33.5783659815788,0,0,0,0,0,0,0,0,0,0,23.4213932752609,0,1163.30432894826,0,284.507191106677,0,0,0,0,0,0,0,47.1860567778349,91.1446242183447,0,0,0,0
0,0,0,0,0,0,0,0,0,0,0,68.1304051876068,0,0,0,0,0,0,0,0,0,0,0,0,0,0,0,923.264369189739,0,0,0,0,0,0,0,0,0,492.157928854227,0,0,0,0,0,0,0,0,0,0,0,0,0,0,0,0,0,0,0,0,0,0,0,0,0,0,0,0,0,0,0,0,379.889407634735,0,467.242379665375,0,0,0,0,0,0,0,263.729464173317,0,38.3120169043541,0,0,0,0
0,0,0,0,0,0,0,0,0,0,35.361574023962,0,64.0192133188248,0,0,0,0,0,0,0,0,0,0,0,0,0,0,0,182.374399065971,0,0,0,0,0,0,0,0,0,28.6354522705078,0,0,0,0,0,0,0,0,0,0,0,0,0,0,0,0,0,85.2225951254368,0,0,0,0,0,0,0,0,0,0,0,0,0,0,7.56306982040405,0,500.073702290654,0,0,0,0,0,0,0,13.199470937252,55.0523378252983,0,0,0,0
0,0,0,0,0,0,0,0,0,0,0,0,0,0,0,0,0,0,0,0,0,0,0,0,0,0,0,0,0,0,0,0,934.126697063446,13.2190517187119,0,98.4994556307793,15.2890520095825,0,0,0,0,0,0,0,0,0,0,3068.17982199788,0,0.283002316951752,0,0,0,0,0,0,0,0,0,0,0,0,0,0,0,0,0,0,0,0,0,0,0,0,2310.80546709895,381.937543332577,0,0,931.806068748236,33.370769739151,0,0,187.625519573689,0,0.600331813097,0,0
0,0,0,0,0,0,0,0,0,0,0,0,0,0,0,0,0,0,0,0,0,0,0,0,0,0,0,0,0,0,0,934.126697063446,0,0,25.5160928368568,0,345.597196698189,0,0,0,0,0,0,0,0,0,0,2468.04800966382,0,0,0,0,0,0,0,0,0,0,0,0,0,0,0,0,0,0,0,0,0,0,0,0,0,0,397.068322688341,3612.02054923773,0,0,0,801.389951705933,0,0,103.149695128202,0,1.27777111530304,0,0
0,0,0,0.211406394839287,0,0,0,0,0,0,0,0,0,0,0,0,0,0,0,0,0,0,0,0,0,0,0,0,0,0,0,13.2190517187119,0,0,665.688365414739,116.168127790093,0,233.729047954082,9.90631747245789,0,0,0,0,0,0,0.21773836016655,0,1310.65236145258,0,5.21339881420135,0,0,0,0,0,0,0,0,0,0,0,0,0,0,0,0,0,0,0,0,0,0,0,0,26.180620521307,3.50939905643463,663.984989523888,586.856511563063,362.096000313759,0,316.113702774048,0,120.430953621864,35.925131291151,10.5218337774277,0,0
0,0,0,0,0,0,0,0,0,0,0,0,0,0,0,0,0,0,1.35948443412781,0,0,0,0,0,0,0,0,0,0,0,0,0,25.5160928368568,665.688365414739,0,0,569.986930713058,58.3315985202789,371.289100706577,0,0,0,3.41761163622141,0,0,0,0,1235.05493405461,2.13385328650475,0,0,0,0,0,0,0,0,0,0,0,0,0,0,0,0,0,0,0,0,0,0,0,0,2.57513070106506,0,186.682289063931,658.024212867022,1316.49330969155,0,1214.41410657763,0,375.630450963974,180.665005505085,0,7.82343438267708,0,0.752621591091156
0,0,0,3.7634806483984,0,2.20766835659742,0,0,0,0,0,341.857315927744,0,0,0,0,0.515876933932304,0.253143832087517,18.2490586340427,2286.50171564519,0,0,0,0,0,0,0,0,0,0,0,98.4994556307793,0,116.168127790093,0,0,520.220414400101,4339.42312666774,0,3.31871455162764,0,39.8693546205759,1.03473162651062,0.527862787246704,0,20.9769051522017,0,98.096333578229,0,24.3472237884998,0,0,0,0,0,0,0,65.2947855368257,0,0,0,0.861389771103859,1802.52144818008,0,0,0,0,0,0,0,0.0934470668435097,0,0.545692555606365,0,3.54507064819336,1.94126272201538,57.9773618131876,0,12670.9270552322,208.609808683395,933.439579688013,0,1004.10610308498,115.901995956898,258.176643311977,66.424858905375,0
0,0,0,0,0,0,0,0,0,0,93.4697920084,0,0,0,0,0,5.81156347692013,0.926544092595577,118.383514709771,0,978.038720212877,0,0,0,0,0,0,0,0,0,0,15.2890520095825,345.597196698189,0,569.986930713058,520.220414400101,0,0,1940.82031372935,0,9.98383311182261,4.73819217085838,246.088457815349,0,16.9874039813876,0,39.8505281731486,33.8751947879791,31.576815277338,2.48886680603027,0,0,0,0,0,0,82.7788594067097,0,0,0,0,0,0,481.719609677792,0,0,0,0,0,0,0,0,0,8.77127759158611,21.4714207649231,503.480720609426,0,225.403166748583,108.659947156906,18738.316002734,0,393.989397987723,1602.9284787178,128.586697041988,200.565327487886,0,97.839973449707
0,1.82259878516197,0,0,0,0,0,0,0,11.7354202717543,0,1043.62733626366,0,0,0,0,0,0,0,81.8425314128399,0,1230.1765165925,0,504.024887979031,0,0,0,1.81215262413025,0,492.157928854227,0,0,0,233.729047954082,58.3315985202789,4339.42312666774,0,0,256.044775784016,0,0,0.184767365455627,0,0,0,0,0,22.6713497638702,0,162.54952788353,0,0,0,0,0,21.0768888890743,0,131.282449930906,0,0,0,0,35.6133392900229,0,1076.28522250056,0,48.08310136199,0,0,0,47.1390144526958,0,417.033691465855,0,0,0,117.052823588252,191.288880228996,1198.48845475912,0,11602.8251014277,274.490379363298,1001.99473233521,255.977910101414,34.9688264727592,1.63314044475555,0
0,0,0,0,0,0,0,0,152.73218113184,0,384.942780643702,0,0,0,0,0,0,0,4.52256974577904,0,69.4279342442751,0,788.11343690753,0,264.417389303446,0,0,0,18.7276411056519,0,28.6354522705078,0,0,9.90631747245789,371.289100706577,0,1940.82031372935,256.044775784016,0,0,0.153615564107895,0,6.07625335454941,0,0.26311206817627,0,0.226966872811317,14.1364384889603,235.222219139338,0,0,0,0,0,113.580830127001,0,123.874065458775,0,0,0,0,0,0,72.6024818867445,0,374.890181273222,0,180.092532411218,0,0,0,36.4377156794071,0,11.3942039012909,0,0,0,220.858762845397,0,2097.70463234186,27.0827510356903,12135.8705941662,1848.35379548371,153.126046329737,139.635761246085,0,3.59492918848991
0,0,0,0.637479484081268,0,0,0,0,0,0,0,0,0,0,0,0,3.35853624343872,1.47712685167789,207.372758701444,0,0,0,0,0,0,0,0,0,0,0,0,0,0,0,0,3.31871455162764,0,0,0,0,0,1218.4866470471,0.683320060372353,27.1981739103794,0,11.4194795638323,0,26.7558500617743,27.1616943478584,240.090780183673,0,0.177079513669014,0,0,0,0,0,0.14413321018219,0,0,0,0.223507538437843,100.639093518257,1.18142807483673,0,0,0,0,0,0,0,0,5.00611409544945,0,2.01731419563293,0,0,0,934.259046696126,1.32138023525476,15.7339003831148,0,31.2621337398887,0.229047238826752,830.665532439947,327.421983763576,0.365323960781097
0,0,6.03861808776855,0,0,0,0,0,1.52808153629303,0,0,0,0,0,0,0,4.30790894478559,1.50140051543713,226.862379364669,0,0.16810567677021,0,0.797181904315948,0,0,0,0,0,0,0,0,0,0,0,0,0,9.98383311182261,0,0.153615564107895,0,0,2.52710511535406,815.896986022592,0,168.028553500772,0,26.4100034981966,164.063230201602,290.482180863619,0,0,0,0,0,0,0,6.72708493471146,0,0,0,0,0,0,120.005252353847,0,0,0,0,0,0,0,0,0,24.2189590930939,0,13.4311063289642,0,0,0.415916860103607,1003.05135195702,0,35.6874967813492,29.0089938938618,0,884.024484075606,0,139.138636060059
0,77.4612298458815,0,55.3929469436407,0,8.63206644356251,0,0,0,2.71412993967533,0,0,0,0,0,0,46.9317814484239,43.1640781536698,1763.07902962714,2.37299853563309,0,0.199646830558777,0,0.220524609088898,0,1.0123678445816,0,0,0,0,0,0,0,0,0,39.8693546205759,4.73819217085838,0.184767365455627,0,1218.4866470471,2.52710511535406,0,398.860729649663,152.845969423652,7.88957256823778,61.8837135285139,3.06830650568008,321.513069391251,0.118837416172028,885.347929760814,0,0.221321687102318,0,0,0,2.06344896554947,0.813189819455147,120.373318582773,0,0.729789823293686,0,2.10762453079224,264.229964390397,5.06408417224884,0,0,7.25796794891357,0,1.5312237739563,0,63.8429652750492,0,1069.69561371207,1.17265473306179,0,0,0,0,2221.67987279594,44.0485760942101,412.349846795201,3.72503490746021,1276.46179498732,4.41974428296089,3893.2228263393,1581.23147626221,7.15176099538803
34.7244374454021,0,35.9784703701735,0,40.8708413988352,0,0,0,48.8838286697865,0,0,0,0,0,0,0,42.3833089768887,15.605286680162,1394.82056301832,0,6.11726796627045,0,0,0.52959331870079,6.70173704624176,0,0,0,0,0,0,0,0,0,3.41761163622141,1.03473162651062,246.088457815349,0,6.07625335454941,0.683320060372353,815.896986022592,398.860729649663,0,0,175.186662845314,0,68.6002771258354,347.907665103674,567.307079851627,1.90273950994015,1.48875451087952,0,0,0,0.971201419830322,0,1130.32014264911,0,0,0,0,0,0.666838049888611,401.126614287496,0,0,0,0.356325834989548,2.49616360664368,0,0,0,0,684.838467240334,0,0,0,1.99010133743286,10.7361247390509,2589.8732477203,0,342.028872288764,1098.78381361067,0.81648051738739,4382.07186231017,1.23936101794243,1449.04228944331
0,0,0,0,0,0,0,0,0,0,0,0,0,0,0,0,10.8616049736738,17.7391216158867,251.407382160425,0,0,0,0,0,0,0.208476677536964,0,0,0,0,0,0,0,0,0,0.527862787246704,0,0,0,27.1981739103794,0,152.845969423652,0,0,0,53.6249738633633,1.60575076937675,0,0,0,0,0,0,0,0,0,0.198935776948929,0,0,0,0,0,23.6327814757824,0,0,0,0,0,0,0,0,0,7.91945117712021,0,0,0,0,0,208.090536475182,7.30489730834961,6.89458934962749,3.51706874370575,18.4913005381823,0.23093669116497,166.798715293407,22.1326901614666,0
0,0,0,0,0,0,0,0,0.223590821027756,0,0,0,0,0,0,0,5.26513534784317,0.170667588710785,333.995304793119,0,0,0,3.316410779953,0,0,0,0,0,0,0,0,0,0,0,0,0,16.9874039813876,0,0.26311206817627,0,168.028553500772,7.88957256823778,175.186662845314,0,0,0,324.448488973081,0.328244656324387,0.533546507358551,0,0,0,0,0,0,0,12.2239087224007,0,0,0,0,0,0,111.242929115891,0,0,0,0,0,0,0,0,0,9.7785085439682,0,0,0,0,0.152287974953651,601.937866583467,0,17.5819438993931,27.3204146772623,0,283.299301370978,2.49259272217751,11.1386266648769
0,0,0,34.5105414539576,0,5.99334351718426,0,0,0,0,0,0,0,0,0,0,17.1340730786324,13.5730607658625,287.118032775819,4.43110063672066,0,0,0,0,0,0,0,0,0,0,0,0,0,0.21773836016655,0,20.9769051522017,0,0,0,11.4194795638323,0,61.8837135285139,0,53.6249738633633,0,0,1.48475980758667,42.5610099732876,0.462885141372681,28.2070944160223,0,0.835873171687126,0,0,0,0,0,11.8740573748946,0,0,0,8.96244160830975,917.442850977182,0,0,0,0,0,0,0,1.85958862304688,0,172.512271128595,0,0,0,0,0,1035.01742136478,0.442268192768097,322.692710697651,0,24.9100055471063,0,740.055276669562,7.81470231711864,0.575524181127548
0,0,0,0,0,0,0,0,0,0,0,0,0,0,0,0,20.5745206624269,8.25539207458496,557.475226469338,0,5.06371331214905,0,0,0,0,0,0,0,0,0,0,0,0,0,0,0,39.8505281731486,0,0.226966872811317,0,26.4100034981966,3.06830650568008,68.6002771258354,1.60575076937675,324.448488973081,1.48475980758667,0,6.44416709244251,21.798279851675,0,0,0,0,0,0,0,14.2112302035093,0,0,0,0,0,0,192.646254353225,0,0,0,0,0,0,0,0,0,11.6377785205841,0,0,0,0,7.8647458255291,610.603903099895,0,237.727177083492,36.3933279141784,0,288.448740161955,1.9348207116127,4.30431951582432
0,0,0,5.4565489590168,0.704646646976471,8.61325617134571,0,0,0,0,0,0,0,0,0,0,0,0,0.715428940951824,3.81304067373276,0.199604630470276,0,0,0,0,0,0,0,0,0,0,3068.17982199788,2468.04800966382,1310.65236145258,1235.05493405461,98.096333578229,33.8751947879791,22.6713497638702,14.1364384889603,26.7558500617743,164.063230201602,321.513069391251,347.907665103674,0,0.328244656324387,42.5610099732876,6.44416709244251,0,560.044874310493,560.60206900537,0,0.724343240261078,0,0,0,0,0,0,0,0,0,0.192578092217445,0,0.70844541490078,0,0,0,0,0,0,0,0,5.51030990481377,0,1884.20472417772,3112.56127487123,86.6421936154366,654.649712577462,3507.68571279943,2465.41549161822,0.993658125400543,164.19000634551,1108.987722449,0.385631054639816,1228.17444924265,2.10324297845364,7.77248138934374
5.02058643102646,0,162.185007765889,3.41099812090397,17.3679171204567,0.594903588294983,0,0,6.31420138478279,0,0,0,0,0,0,0,0,0,4.58712056279182,4.58987236022949,0.902611672878265,0,58.2567215263844,0,17.7328146994114,0,0,0,0,0,0,0,0,0,2.13385328650475,0,31.576815277338,0,235.222219139338,27.1616943478584,290.482180863619,0.118837416172028,567.307079851627,0,0.533546507358551,0.462885141372681,21.798279851675,560.044874310493,0,51.3079922050238,0,0,0,0,10.8558854162693,0,28.4928814470768,0,0,0,0,0,0,3.21780766546726,0,24.8920693099499,0,191.945795223117,0,180.82169264555,0,76.7307057380676,2.74374423921108,92.4296790957451,0,4.066431671381,0,0,2.89753818511963,515.592650949955,0,380.252702265978,111.509754210711,0.220589652657509,959.360028102994,0,6.87235988676548
0,180.327552393079,0,128.343692690134,0,29.7852719426155,0,0,0,0,0,0,0,0,0,0,0,0,1.94802893698215,8.86417269706726,0,82.3672856688499,0,6.38562831282616,0,0,0,2.43275612592697,0,0,0,0.283002316951752,0,5.21339881420135,0,24.3472237884998,2.48886680603027,162.54952788353,0,240.090780183673,0,885.347929760814,1.90273950994015,0,0,28.2070944160223,0,560.60206900537,51.3079922050238,0,0,0.341289073228836,0,0,0,0,0,85.4587194025517,0,20.6404457837343,0,57.2372676134109,2.98430439829826,0,12.6327324509621,0,20.8619543015957,0,12.094348937273,0,46.0251635909081,0,193.853274032474,0,2.72669753432274,0,0,0,855.245476126671,0,423.694156423211,0,120.77365411073,7.33654393255711,1138.38290803134,1.50278100371361,0
0,0,113.582683384418,0,308.907014578581,0,34.7679243087769,0,130.411788076162,0,0,0,0,0,65.5554357469082,0,0,0,0,0,4.60258847475052,0,0,0,0,0,0,0,0,0,0,0,0,0,0,0,0,0,0,0,0,0,1.48875451087952,0,0,0,0,0,0,0,0,0,0,0,89.6334575116634,0,105.208060786128,0,50.767043069005,0,115.463860988617,0,0,121.440791860223,0,0,0,0,0,0,0,0,0,0,0,0,0,0,0,0,0,0,184.87463927269,0.596770346164703,191.878602817655,0,0
0,0,0,51.9334894865751,0,232.485257297754,0,21.6744163036346,0,0,0,24.712530195713,0,0,0,0,0,0,0,3.32711338996887,0,0,0,0,0,0,0,0,0,0,0,0,0,0,0,0,0,0,0,0.177079513669014,0,0.221321687102318,0,0,0,0.835873171687126,0,0.724343240261078,0,0.341289073228836,0,0,0,0.97149270772934,0,0,0,61.5889573097229,0,2.3549025952816,0,0,0.823216170072556,0,0,0,0,0,0,0,0,0,1.48184570670128,0,0,0,0,0,2.87104843556881,0,0.777587294578552,0,10.4725815057755,0,198.465289264917,0,0
0,0,0,0,0,0,524.481743097305,0,0,0,207.780604481697,0,0,0,0,0,0,0,0,0,0,0,0,0,0,0,0,0,0,0,0,0,0,0,0,0,0,0,0,0,0,0,0,0,0,0,0,0,0,0,0,0,0,0,0,0,8.14057385921478,0,0,0,0,0,0,0,0,0,0,0,0,0,0,0,0,0,0,0,0,0,0,0,0,0,313.779529929161,0,0,0,0
0,0,0,0,0,33.5806246399879,0,161.94981443882,0,0,0,2,0,0,0,0,0,0,0,0,0,0,0,0,0,0,0,0,0,0,0,0,0,0,0,0,0,0,0,0,0,0,0,0,0,0,0,0,0,0,0,0.97149270772934,0,0,0,0,0,1.5393500328064,0,0,0,0,0,0,0,0,0,0,0,0,0,0,0,0,0,0,0,0,0,0,0,0,39.955877840519,0,0,0,0
160.542633607984,0,13.2779555022717,0,26.0486715584993,0,0,0,470.338511228561,0,0,0,0,0,18.6735255718231,0,20.9656155705452,17.9469494223595,24.2680662572384,0,0,0,0,0,8.68464440107346,0,0,0,0,0,0,0,0,0,0,0,0,0,113.580830127001,0,0,0,0.971201419830322,0,0,0,0,0,10.8558854162693,0,89.6334575116634,0,0,0,0,0,0,0,0,0,10.5605565309525,0,0,0,0,0,0,164.383209615946,0,1.41752725839615,0,0,0,0,0,0,0,0,0,0,0,191.324686437845,27.8053661435843,3.40564107894897,35.4314541369677,0,0.730128586292267
0,128.444994717836,0,58.1088030636311,0,5.32026863098145,0,0,0,453.028823807836,0,0,0,0,0,2.30615437030792,0,0,0,0,0,0,0,15.8262003362179,0,0,0,0,0,0,0,0,0,0,0,0,0,21.0768888890743,0,0,0,2.06344896554947,0,0,0,0,0,0,0,0,0,0,0,0,0,0,0,0,0,0,0,39.9741326421499,0,0,0,0,54.9613117277622,0,0,0,0,0,0,0,0,0,0,0,0,0,284.607735186815,0,43.1525860726833,0,8.29768298566341,0,0
68.1935892701149,0,25.428217753768,0,20.9317656159401,0,39.1341784000397,0,0,0,2195.32417754829,0,149.448776841164,0,0,0,1.642369389534,1.42942690849304,37.5215414762497,0,95.6679000258446,0,0,0,0,0,0,0,104.67939889431,0,85.2225951254368,0,0,0,0,0,82.7788594067097,0,123.874065458775,0,6.72708493471146,0.813189819455147,1130.32014264911,0.198935776948929,12.2239087224007,0,14.2112302035093,0,28.4928814470768,0,105.208060786128,0,8.14057385921478,0,0,0,0,0,201.513352200389,0,6.63626530766487,0,0,978.594518013299,0,0,0,0,0,0,0,85.5364193320274,0,1064.98831295967,0,0,0,0,0,60.0404025837779,0,39.1736470758915,358.796749740839,4.31432366371155,1330.50186237693,0,169.727785229683
0,22.5232098400593,0,10.7075991779566,0,3.49608571827412,0,46.682866692543,0,0,0,1231.15959785879,0,271.564844489098,0,0,0,0,2.342489361763,32.8334996700287,0,38.2315819561481,0,0.272933691740036,0,0,0,30.0992913246155,0,0,0,0,0,0,0,65.2947855368257,0,131.282449930906,0,0.14413321018219,0,120.373318582773,0,0,0,11.8740573748946,0,0,0,85.4587194025517,0,61.5889573097229,0,1.5393500328064,0,0,0,0,0,271.511932596564,0,19.0163667201996,344.05892893672,0,8.02515633404255,0,16.0627094656229,0,17.8878383040428,0,481.864328593016,0,781.39313685894,0,0,0,0,0,23.799180611968,0,112.862444281578,0,225.086414761841,0,409.126075692475,3.89840757846832,0
119.370824575424,0,0,0,0.557024598121643,0,70.1907956004143,0,0,0,4.51701641082764,0,424.258731126785,0,41.189117282629,0,0,0,0,0,0,0,0,0,0,0,0,0,33.5783659815788,0,0,0,0,0,0,0,0,0,0,0,0,0,0,0,0,0,0,0,0,0,50.767043069005,0,0,0,0,0,201.513352200389,0,0,0,60.5363533645868,0,0,0,0,0,0,0,0,0,0,74.1122385859489,0,0.352191686630249,0,0,0,0,0,0,0,0,179.300618767738,5.57085275650024,7.06737717986107,0,0
0,54.0735290050507,0,63.6039814651012,0,0,0,0,0,0,0,9.36191844940186,0,1019.92980393767,0,13.1450568139553,0,0,0,0,0,0.776267111301422,0,0,0,0,0,58.7086763381958,0,0,0,0,0,0,0,0,0,0,0,0,0,0.729789823293686,0,0,0,0,0,0,0,20.6404457837343,0,2.3549025952816,0,0,0,0,0,271.511932596564,0,0,0,124.732797831297,0,0,0,0,0,0,0.726506173610687,0,63.8232018947601,0,3.12638378143311,0,0,0,0,0,2.80097842216492,0,0.342984020709991,0,204.763568848372,70.7359244227409,59.4065657556057,0,0
23.4190561771393,0,0.265563935041428,0,146.339513808489,0,0,0,296.227620154619,0,0,0,29.6188348531723,0,485.612409204245,0,22.0721818506718,0,0,0,0,0,0,0,0,0,0,0,0,0,0,0,0,0,0,0,0,0,0,0,0,0,0,0,0,0,0,0,0,0,115.463860988617,0,0,0,10.5605565309525,0,6.63626530766487,0,60.5363533645868,0,0,0,0,0,0,0,0,0,0,0,0,8.1987042427063,0,1.32590889930725,0,0,0,0,0,0,0,0,105.993306100368,0,0.644716680049896,0,0
0,133.803357452154,0,230.126145064831,0,0,0,0,0,26.1549615710974,0,0,0,349.524727225304,0,19.6837082207203,0,53.1919699907303,0,0,0,0,0,0,0,1,0,0,0,0,0,0,0,0,0,0.861389771103859,0,0,0,0.223507538437843,0,2.10762453079224,0,0,0,8.96244160830975,0,0.192578092217445,0,57.2372676134109,0,0,0,0,0,39.9741326421499,0,19.0163667201996,0,124.732797831297,0,0,0.885745167732239,0,0,0,0,0,1.79138267040253,0,0,0,5.11394089460373,0,0,0,0,0,10.5676226317883,0,7.83354561030865,0,15.9254555106163,0,32.2657838314772,0,0
0,0,0,9.41933037340641,0,15.8440439552069,0,0,0,0,0,212.352691590786,0,0,0,0,0.733138263225555,4.05350744724274,165.676321871579,1187.01986090839,0,0.301200211048126,0,0,0,0,0,0,0,0,0,0,0,0,0,1802.52144818008,0,35.6133392900229,0,100.639093518257,0,264.229964390397,0.666838049888611,23.6327814757824,0,917.442850977182,0,0,0,2.98430439829826,0,0.823216170072556,0,0,0,0,0,344.05892893672,0,0,0,0.885745167732239,0,0,0,0,0,0,0,0,27.1679878458381,0,562.415159188211,0,0,0,0,0,3430.23536400497,0.570126891136169,673.555362083018,0,52.2028186172247,0,598.962545208633,14.7682943791151,0
0,0,0,0,138.514922276139,0,4.53046429157257,0,0,0,278.7287068367,0,0,0,0,0,3.21800523251295,0.169004410505295,149.389136835933,0,822.062679216266,0,0,0,0,0,0,0,0,0,0,0,0,0,0,0,481.719609677792,0,72.6024818867445,1.18142807483673,120.005252353847,5.06408417224884,401.126614287496,0,111.242929115891,0,192.646254353225,0.70844541490078,3.21780766546726,0,121.440791860223,0,0,0,0,0,978.594518013299,0,0,0,0,0,0,0,0,0,0,0,0,0,0,0,0,295.122276768088,0,0,0,0,2.11417484283447,2321.43658569455,0.258589535951614,925.385849237442,386.671947076917,0,762.148955710232,0,20.0116197764874
0,0,0,0,0,0,0,0,0,0,0,0,0,0,0,0,0,0,0,0,0,3074.70832660049,0,174.381265088916,0,81.2455614209175,0,103.430425643921,0,0,0,0,0,0,0,0,0,1076.28522250056,0,0,0,0,0,0,0,0,0,0,0,12.6327324509621,0,0,0,0,0,0,0,8.02515633404255,0,0,0,0,0,0,0,0,230.646804258227,0,378.350592344999,0,178.051218032837,0,10.2489695101976,0,0,0,0,0,0,0,655.574965298176,0,117.499488741159,0,0.148861721158028,0,0
0,0,0,0,0,0,0,0,0,0,0,0,0,0,0,0,35.0654753446579,0,1.79931712150574,0,0,20.9587118625641,3679.62957878411,0,45.5656551122665,0,94.6695220917463,0,0,0,0,0,0,0,0,0,0,0,374.890181273222,0,0,0,0,0,0,0,0,0,24.8920693099499,0,0,0,0,0,0,0,0,0,0,0,0,0,0,0,0,0,0,171.313763767481,0,134.836110293865,0,233.478440463543,0,1.87476491928101,0,0,0,0,0,0,0,240.621895462275,162.198232740164,0,1.51271235942841,0,0
0,0,0,0,0,0,0,0,0,0.359444320201874,0,0,0,0,0,0,64.0008959174156,281.309313192964,20.2108390927315,0,0,72.1911649256945,0,335.943660408258,6.04546618461609,601.508454203606,0,0,0,0,0,0,0,0,0,0,0,48.08310136199,0,0,0,7.25796794891357,0,0,0,0,0,0,0,20.8619543015957,0,0,0,0,0,54.9613117277622,0,16.0627094656229,0,0,0,0,0,0,230.646804258227,0,0,0,188.66088719666,1.06987285614014,110.955838724971,0,1.64692603051662,0,0,0,0,0,0.279951840639114,0.772907733917236,180.950702786446,0,104.485849320889,0,81.0218735486269,0.203976199030876,0
32.1912910938263,0,0,0,0,0,0,0,85.1174476146698,0,0,0,0,0,3.45447301864624,0,96.6522479951382,41.5696046948433,4.34140563011169,0,0,0,60.4111418128014,0,389.619903028011,0,290.808812499046,0,0,0,0,0,0,0,0,0,0,0,180.092532411218,0,0,0,0.356325834989548,0,0,0,0,0,191.945795223117,0,0,0,0,0,164.383209615946,0,0,0,0,0,0,0,0,0,0,171.313763767481,0,0,0,105.476491242647,0,69.8966306447983,0,0,0,0,0,0,0,0,0,262.388750731945,210.630551636219,0,75.5132994055748,0,0
0,0.346261620521545,0,0,0,0,0,0,0,18.825267881155,0,0,0,0,0,15.4246429204941,55.1239108592272,490.301599249244,36.8004318922758,0,0,133.7203001827,0,34.5839289426804,0,199.032520800829,2.83641076087952,328.496464848518,0,0,0,0,0,0,0,0,0,0,0,0,0,1.5312237739563,2.49616360664368,0,0,0,0,0,0,12.094348937273,0,0,0,0,0,0,0,17.8878383040428,0,0.726506173610687,0,1.79138267040253,0,0,378.350592344999,0,188.66088719666,0,0,0,369.260218590498,0,0,0,0,0,0,0,0,0,0,0,115.67014542222,0,3.21509194374084,0,0
0,0,0,0,0,0,0,0,40.9043933153152,0,0,0,0,0,12.0514019727707,0,171.43786175549,9.42211000621319,0.698279440402985,0,0,0,27.3673608154058,0,114.839096963406,0,478.041853457689,0,23.4213932752609,0,0,0,0,0,0,0,0,0,0,0,0,0,0,0,0,0,0,0,180.82169264555,0,0,0,0,0,1.41752725839615,0,0,0,0,0,0,0,0,0,0,134.836110293865,1.06987285614014,105.476491242647,0,0,0,149.163543969393,0,0,0,0,0,0,0,0,0,0,82.9001479893923,0.512288272380829,0,0,0
0,5.66531684994698,0,4.42757549881935,0,1.39313477277756,0,0,0,0,0,2,0,4.77098309993744,0,0,0,0,1.98437476158142,0,0,344.080920308828,0,3.89790454506874,0,3.82311201095581,0,892.405448287725,0,379.889407634735,0,0,0,0,0,0.0934470668435097,0,47.1390144526958,0,0,0,63.8429652750492,0,0,0,1.85958862304688,0,0,0,46.0251635909081,0,0,0,0,0,0,0,481.864328593016,0,63.8232018947601,0,0,27.1679878458381,0,178.051218032837,0,110.955838724971,0,369.260218590498,0,0,0,182.745444864035,0,0,0,0,0,11.9118529483676,0,314.164640009403,0,57.525200843811,0,157.990204364061,6.52994421124458,0
0,0,0,0,0,0,0,0,0,0,0,0,20.0631285011768,0,0,0,0,0,0,0,0,0,312.420219257474,0,3.18063718080521,0,1.71218806505203,0,1163.30432894826,0,7.56306982040405,0,0,0,0,0,0,0,36.4377156794071,0,0,0,0,0,0,0,0,0,76.7307057380676,0,0,0,0,0,0,0,85.5364193320274,0,74.1122385859489,0,8.1987042427063,0,0,0,0,233.478440463543,0,69.8966306447983,0,149.163543969393,0,0,0,81.1041064411402,0,0,0,0,0,0,0,455.264938637614,53.0426800251007,0,6.75562590360641,0,0
0,22.5762429386377,0,84.7605862021446,0,15.7152762413025,0,0,0,0,0,78.8858143687248,0,0,0,0,2.12396760284901,0,82.1321807652712,26.5271238982677,0,22.6761866956949,0,0.532251581549644,0,0,0,82.8960101008415,0,467.242379665375,0,0,0,0,0,0.545692555606365,0,417.033691465855,0,5.00611409544945,0,1069.69561371207,0,7.91945117712021,0,172.512271128595,0,5.51030990481377,2.74374423921108,193.853274032474,0,1.48184570670128,0,0,0,0,0,781.39313685894,0,3.12638378143311,0,5.11394089460373,562.415159188211,0,10.2489695101976,0,1.64692603051662,0,0,0,182.745444864035,0,0,0,0,0,0,0,58.6569646447897,0.148549526929855,669.336201749742,0,75.0618784800172,7.51486870646477,883.078024417162,323.364131778479,0
0.401569604873657,0,5.89338852465153,0,5.14903998374939,0,0,0,0,0,45.1844611763954,0,6.88037443161011,0,0,0,0.260587900876999,3.18201494216919,39.4225570708513,0,8.45644448697567,0,0.308241426944733,0,0,0,0,0,284.507191106677,0,500.073702290654,0,0,0,2.57513070106506,0,8.77127759158611,0,11.3942039012909,0,24.2189590930939,1.17265473306179,684.838467240334,0,9.7785085439682,0,11.6377785205841,0,92.4296790957451,0,0,0,0,0,0,0,1064.98831295967,0,0.352191686630249,0,1.32590889930725,0,0,295.122276768088,0,1.87476491928101,0,0,0,0,0,81.1041064411402,0,0,0,0,0,0,0,20.8722249940038,0,962.895915195346,30.0531309694052,1.78245866298676,1070.14082457125,0,165.947569459677
0,0,0,0,0,0,0,0,0,0,0,0,0,0,0,0,0,0,0,0,0,0,0,0,0,0,0,0,0,0,0,2310.80546709895,397.068322688341,26.180620521307,0,3.54507064819336,21.4714207649231,0,0,2.01731419563293,0,0,0,0,0,0,0,1884.20472417772,0,2.72669753432274,0,0,0,0,0,0,0,0,0,0,0,0,0,0,0,0,0,0,0,0,0,0,0,0,0,76.9436489343643,438.845008388162,0,41.8460673838854,0,0,0,171.988419696689,0,0,0,0
0,0,0,0,0,0,0,0,0,0,0,0,0,0,0,0,0,0,0,0,0,0,0,0,0,0,0,0,0,0,0,381.937543332577,3612.02054923773,3.50939905643463,186.682289063931,1.94126272201538,503.480720609426,0,0,0,13.4311063289642,0,0,0,0,0,0,3112.56127487123,4.066431671381,0,0,0,0,0,0,0,0,0,0,0,0,0,0,0,0,0,0,0,0,0,0,0,0,0,76.9436489343643,0,0,644.441006064415,0,598.902241811156,0,0,592.680289894342,0,1.23718345165253,0,0
0,0,0,0,0,0,0,0,0,0,0,0,0,0,0,0,0,0,0,0,0,3.73656675219536,0,0,0,0,0,0,0,0,0,0,0,663.984989523888,658.024212867022,57.9773618131876,0,117.052823588252,0,0,0,0,0,0,0,0,0,86.6421936154366,0,0,0,0,0,0,0,0,0,0,0,0,0,0,0,0,0,0,0,0,0,0,0,0,0,0,438.845008388162,0,0,3.39801955223083,1109.58272732049,0,753.431276261806,0,421.266785278916,8.15790420770645,0,0,0
0,0,0,0,0,0,0,0,0,0,0,0,0,0,0,0,0,0,0,0,0,0,0,0,0,0,0,0,0,0,0,0,0,586.856511563063,1316.49330969155,0,225.403166748583,191.288880228996,220.858762845397,0,0,0,1.99010133743286,0,0,0,0,654.649712577462,0,0,0,0,0,0,0,0,0,0,0,0,0,0,0,0,0,0,0,0,0,0,0,0,0,0,0,644.441006064415,3.39801955223083,0,0,1505.17914745957,0,963.791723296046,482.983572632074,0,4.98034143447876,0,0
0,0,0,79.0650129243731,0,14.9083950892091,0,0,0,0,0,178.621876969934,0,0,0,0,41.345962010324,34.8660488650203,1181.29834312946,773.249458268285,0,0,0,0,0,0.141778320074081,0,0,0,0,0,931.806068748236,0,362.096000313759,0,12670.9270552322,108.659947156906,1198.48845475912,0,934.259046696126,0.415916860103607,2221.67987279594,10.7361247390509,208.090536475182,0.152287974953651,1035.01742136478,7.8647458255291,3507.68571279943,2.89753818511963,855.245476126671,0,2.87104843556881,0,0,0,0,0,23.799180611968,0,2.80097842216492,0,10.5676226317883,3430.23536400497,2.11417484283447,0,0,0.279951840639114,0,0,0,11.9118529483676,0,58.6569646447897,0,41.8460673838854,0,1109.58272732049,0,0,3.13546194136143,2232.56850267202,0.709574997425079,2016.52128679305,50.579535022378,1382.72470296919,1106.92868363857,3.6105762720108
