0,0,0.126571133732796,0,0,0,0,0,0.159708077987928,0.193807199597359,0,0,0,0,0.168195530772209,0,0,0,0.116584709712437,0,0,0,0,0.369815915822983,0.195285223424435,0,0,0,0,0,0,0,0,0,0,0,0,0,0,0,0,0,0.146044140681624,0,0,0,0,0.163880363106728,0.139664845023718,0.284022688865662,0,0,0,0,0.190478505405117,0,0,0,0,0,0.145254305237299,0,0,0,0,0,0,0,0,0,0,0,0,0,0,0,0,0,0,0,0,0,0.151777246715249,0,0.152354755749305,0,0
0,0,0,0.150773933033148,0,0,0,0,0.247154705226421,0.145722501469355,0,0,0,0,0,0,0,0,0.187819501757622,0.334544658660889,0,0,0,0,0.302477806806564,0,0,0,0,0,0,0,0,0,0,0,0,0.203608393669128,0.305008354783058,0,0,0.221352609919339,0.267389804124832,0,0,0.258419882506132,0,0.212260927808912,0.295663511114461,0.185452925596529,0,0,0,0,0,0.160342831979506,0,0.206317217611685,0,0.172611854970455,0,0.16171020130993,0.373770403862,0,0,0,0.117760058693789,0,0.114421029388905,0,0,0,0.296989835121415,0,0,0,0,0,0.360136219433376,0,0.41172744333744,0,0.159354524028628,0,0.200213947154812,0.266530742247899,0.263792872428894
0.126571133732796,0,0,0,0.153054640255868,0,0,0,0,0,0,0,0,0,0,0,0,0.250979691743851,0.235537746548653,0,0,0,0,0,0,0,0,0,0,0,0,0,0,0,0,0,0.140221521258354,0,0,0,0.239887156486511,0.23717176169157,0.247184484904888,0,0,0,0.180416848924425,0.237794121727347,0.218002580553293,0.227978736162186,0.183916886824937,0,0,0,0.165845982730389,0,0.164239812890689,0,0.170286314189434,0,0,0,0,0.207106407731771,0,0,0,0,0,0,0,0,0,0.256509544593947,0,0,0,0,0,0.257535176351666,0.206489950418472,0.327400410175324,0.230575637443911,0,0.192179259076192,0,0
0,0.150773933033148,0,0,0,0.155926808714867,0,0,0,0.116981588304043,0,0.252084612846375,0,0,0,0,0,0.226898451646169,0.231963202357292,0.169459133098523,0,0,0,0,0,0,0,0,0,0,0,0,0,0,0,0.181113049387932,0,0.241694822907448,0,0.19836990237236,0.285187751054764,0.23353798687458,0,0,0,0.224107454930033,0,0,0.203269749879837,0.162054870111221,0,0.150985181331635,0,0,0,0.164218816374029,0,0.184045934081078,0,0.149589348786875,0,0.172175031687532,0.205039147589658,0,0,0,0,0,0,0,0.252526849508286,0,0.274657212742945,0,0,0,0,0,0.205052322149277,0,0.258000673726201,0,0.189765818097762,0,0.203347785721223,0.27667248249054,0
0,0,0.153054640255868,0,0,0,0.191451363265514,0,0.161618670350627,0,0,0,0.152692884206772,0,0,0,0,0.237025320529938,0.240441083908081,0,0.140772080158486,0,0,0,0,0,0,0,0,0,0,0,0,0,0,0,0,0,0,0,0.217865737421172,0,0.209017280489206,0,0,0,0.15370212495327,0.228459664753505,0.20128738284111,0.218520000576973,0.165955142628762,0,0,0,0.158143644221127,0,0,0,0.163447417318821,0,0.163584299385548,0,0,0.182416108169889,0,0,0,0,0,0,0,0,0,0.224654441078504,0,0,0,0,0.26519238948822,0.211490198969841,0,0.251527070999146,0.157965626726125,0,0.183487252458067,0,0
0,0,0,0.155926808714867,0,0,0,0.159879498507666,0,0.154477581381798,0,0,0,0,0,0,0,0,0,0.165339151024818,0,0,0,0,0,0,0,0,0,0,0,0,0,0,0,0.1637574614122,0,0,0,0.184875622391701,0,0.221188628673553,0,0,0,0.246289327740669,0,0,0,0.218970283865929,0,0.129453467013258,0,0,0,0.144762367010117,0,0.190339386463165,0,0.202013775706291,0,0.207305148243904,0.212564349884079,0,0,0,0,0,0,0,0,0,0.243251219391823,0,0,0,0,0,0.157693263143301,0,0,0,0.160385693868865,0.151318326592445,0.165563648673379,0,0
0,0,0,0,0.191451363265514,0,0,0,0,0,0.192534620699647,0,0,0,0,0,0,0,0,0,0.185911026494256,0,0,0,0,0,0,0,0,0,0,0,0,0,0,0,0,0,0,0,0,0,0,0,0,0,0,0,0,0,0.173490557819605,0,0.153529996382339,0,0,0,0.184509599556744,0,0.138792146335949,0,0,0,0,0.17839192117636,0,0,0,0,0,0,0,0,0,0,0,0,0,0,0,0,0,0,0.200036240948571,0,0.183947414159775,0,0
0,0,0,0,0,0.159879498507666,0,0,0,0,0,0.229630384180281,0,0,0,0,0,0,0,0,0,0,0,0,0,0,0,0,0,0,0,0,0,0,0,0.152603693306446,0,0,0,0,0,0,0,0,0,0,0,0,0,0,0,0.145475924015045,0,0.190015131029589,0,0,0,0.228198507892908,0,0.19087927043438,0,0,0,0,0,0,0,0,0,0,0,0,0,0,0,0,0,0,0,0,0,0,0.161899731804927,0.143175259232521,0.155723541975021,0,0
0.159708077987928,0.247154705226421,0,0,0.161618670350627,0,0,0,0,0,0,0,0,0,0.124367367814888,0,0.176517389714718,0,0,0,0,0,0.131690733134747,0,0,0,0.129883387684822,0,0,0,0,0,0,0,0.162335246801376,0,0,0.310739770531654,0,0,0,0,0.165033516749282,0,0,0,0,0.225101589372284,0.188478011703282,0.297214814358287,0,0,0,0,0.185066176286968,0,0,0.207997500896454,0,0,0.112380594015121,0,0,0,0,0,0.306939274072647,0.150097710036096,0,0,0,0,0,0,0,0,0,0,0,0,0.333900466561317,0.226237654685974,0.165524446125015,0,0.176956970678193,0,0.176028952002525
0.193807199597359,0.145722501469355,0,0.116981588304043,0,0.154477581381798,0,0,0,0,0,0,0,0,0,0.152783784396657,0,0.269614392343689,0.225979934632778,0.158876299858093,0,0,0,0,0,0.160466711629521,0,0,0,0,0,0,0,0,0,0,0,0,0,0,0,0.132578971043781,0,0,0,0,0,0.195289599398772,0,0.172052537979082,0,0,0,0,0,0.172875533484433,0,0.214572229981422,0,0.187357045710087,0,0.163265374317545,0.187455490231514,0,0,0,0.159697879105806,0,0.159603866805201,0,0,0,0,0,0,0,0,0,0.266270667314529,0,0.162038218975067,0,0.165274262237243,0.216127909719944,0.159710012424689,0.142560571432114,0
0,0,0,0,0,0,0.192534620699647,0,0,0,0,0,0.144775903880082,0,0,0,0,0,0,0,0.116663026833727,0,0,0,0,0,0,0,0.148372833927472,0,0.129262521862984,0,0,0,0,0,0.166856041864345,0,0.166487381499457,0,0,0,0,0,0,0,0,0,0,0,0,0,0,0,0,0,0.181166650495974,0,0.165558377901713,0,0,0,0,0.151952188994203,0,0,0,0,0,0,0,0,0,0.130959756348444,0,0,0,0,0,0.171170263085514,0,0.162165950349671,0.149018159369007,0,0,0,0
0,0,0,0.252084612846375,0,0,0,0.229630384180281,0,0,0,0,0,0.155080681757152,0,0,0,0,0.323995277285576,0.155812287273315,0,0,0,0,0,0,0,0.178419202069441,0,0.209428276208419,0,0,0,0,0,0.151725868340473,0,0.150584873746376,0,0,0,0,0,0,0,0.288177438080311,0,0,0,0.200078219175339,0,0,0,0.22807053104043,0,0,0,0.147076398136956,0,0.16188960807345,0,0,0.259030188322067,0,0,0,0,0,0,0,0,0,0.229156014555796,0,0,0,0,0,0.126836255192757,0,0.208650800089041,0,0.148288996765191,0.134785552437489,0.191146401067575,0,0
0,0,0,0,0.152692884206772,0,0,0,0,0,0.144775903880082,0,0,0,0.14335651571552,0,0,0,0,0,0,0,0,0,0,0,0,0,0,0,0,0,0,0,0,0,0,0,0,0,0,0,0,0,0,0,0,0,0,0,0.160329684615135,0,0,0,0,0,0.162307334598154,0,0.131201502100374,0,0.194638765856699,0,0,0,0,0,0,0,0,0,0,0.168078347392704,0,0,0,0,0,0,0,0,0,0,0.154251474887133,0,0,0,0
0,0,0,0,0,0,0,0,0,0,0,0.155080681757152,0,0,0,0.115824304845022,0,0,0,0,0,0,0,0,0,0,0,0.140703909099102,0,0,0,0,0,0,0,0,0,0,0,0,0,0,0,0,0,0,0,0,0,0,0,0,0,0,0,0,0,0,0,0.175674553859605,0,0.146756397560239,0,0,0,0,0,0,0,0,0.14260369617688,0,0,0,0,0,0,0,0,0,0,0,0.183516449418726,0.169060791532199,0,0,0
0.168195530772209,0,0,0,0,0,0,0,0.124367367814888,0,0,0,0.14335651571552,0,0,0,0.133145690128043,0.13245003670454,0.18452575802803,0,0,0,0.135168115523728,0,0,0,0.130787352354012,0,0,0,0,0,0,0,0,0,0,0,0,0,0,0.182500883936882,0.1747967004776,0,0,0,0,0,0.125310808420181,0,0,0,0,0,0.126832375204877,0,0,0,0.160607735880397,0,0.16144179590465,0,0,0,0,0,0,0,0,0.132640369974815,0,0,0,0,0,0,0,0,0,0,0,0,0.138872005632429,0,0.248271688818932,0,0
0,0,0,0,0,0,0,0,0,0.152783784396657,0,0,0,0.115824304845022,0,0,0,0,0,0,0,0,0,0.196864739060402,0,0.171411563952764,0,0,0,0,0,0,0,0,0,0,0,0,0,0,0,0,0,0,0,0,0,0,0,0.176443231105804,0,0,0,0,0,0.178161876797676,0,0,0,0.121769870072603,0,0.158426597419546,0,0,0,0,0,0,0,0,0,0,0,0,0,0,0,0,0,0,0,0,0.141676254473723,0.211135064562162,0,0,0
0,0,0,0,0,0,0,0,0.176517389714718,0,0,0,0,0,0.133145690128043,0,0,0.164792147029643,0.220029017038496,0.288046487353065,0,0,0.128168675427636,0.137834787368774,0.161121288686991,0.14265116378665,0.114247101309503,0,0,0,0,0,0,0,0,0,0,0.337791273991267,0,0.24984980225563,0.276822254715896,0.22317899870021,0.246623275458813,0.24092173576355,0.311581194400787,0.254761382777204,0.234359236893716,0.196679756045341,0.237478976510465,0.239513374865055,0.22787980735302,0,0,0,0.226801216602325,0,0.28363734152582,0.275817416035212,0,0.218984246253967,0.119599747338465,0,0.299156392791442,0.23560303170234,0,0.111580842758639,0,0,0,0.113879124346417,0,0,0.277521626603219,0.270934367319569,0,0,0,0,0.289202140534625,0.30646905647415,0.277930761602792,0.266485254679407,0.143273979992754,0.115514560043812,0.268615930344198,0.230003825787987,0.261459292453012
0,0,0.250979691743851,0.226898451646169,0.237025320529938,0,0,0,0,0.269614392343689,0,0,0,0,0.13245003670454,0,0.164792147029643,0,0.244998120151769,0.332164562561295,0,0,0.119911784306169,0.170701265218668,0,0.123015503944302,0.122620247770101,0,0,0,0,0,0,0,0,0,0,0.354862855239348,0,0.246022072103288,0.265813075856074,0.232145651646022,0.236622965825138,0.20444310704867,0,0.260178585948293,0.227348820492625,0,0.226966557470528,0.279445850849152,0,0,0,0,0,0,0.288343340158463,0.291873637586832,0,0.279400631785393,0.112981025129557,0.26043963432312,0.30730307268511,0.219008190291268,0,0.111366331577301,0,0,0,0.139070172520245,0.28626437112689,0,0.299400457625206,0.259658793918788,0,0,0,0,0.293083382543748,0.298458903808804,0.291718922769193,0.25771904949631,0.155088108333089,0.11961453333497,0.272495103568133,0.242553207127354,0.247542175711418
0.116584709712437,0.187819501757622,0.235537746548653,0.231963202357292,0.240441083908081,0,0,0,0,0.225979934632778,0,0.323995277285576,0,0,0.18452575802803,0,0.220029017038496,0.244998120151769,0,0.370229670966881,0,0,0.201435565948486,0.206703417003155,0,0.215355321764946,0.160124750951162,0,0,0,0,0,0,0,0,0,0,0.358234480575279,0.27976667881012,0.270034093856812,0.308411493282548,0.215883614140347,0.272794777118293,0.230134829878807,0.502895414829254,0.296680762260438,0.241597187543704,0.230785109102726,0.236338913646949,0.28393873612623,0,0,0,0,0,0.219765618443489,0.320892922878265,0.320951896133246,0,0.242917263507843,0,0.232755348086357,0.349569388716999,0.24265439114342,0,0.170963913202286,0.301437228918076,0,0,0,0.31377079586188,0,0.325100432418873,0.304952528087362,0,0,0,0,0.336457567031113,0.357713165618938,0.313700733562764,0.311673730787109,0.234728965475675,0,0.312776431899374,0.23022370434497,0.268336086205262
0,0.334544658660889,0,0.169459133098523,0,0.165339151024818,0,0,0,0.158876299858093,0,0.155812287273315,0,0,0,0,0.288046487353065,0.332164562561295,0.370229670966881,0,0,0,0,0,0,0,0,0,0,0.38583180308342,0,0,0,0,0,0.161159312505427,0,0.30201982904112,0,0.214534339805444,0.3122651775678,0.312177264780709,0.256545066833496,0,0,0.181318625488452,0.254894338548183,0,0,0.219421272831304,0,0.129254969954491,0,0,0,0.183520942926407,0,0.146532974868058,0,0.206392398476601,0,0.243326932191849,0.224178823566397,0,0,0,0,0,0,0,0,0,0.302798472376049,0,0,0,0,0,0.166283773491586,0,0.329701213216159,0,0.186780087626827,0,0.305706145931344,0.425561785697937,0
0,0,0,0,0.140772080158486,0,0.185911026494256,0,0,0,0.116663026833727,0,0,0,0,0,0,0,0,0,0,0,0,0,0,0,0,0,0,0,0,0,0,0,0,0,0.149622308033885,0,0.156046378510274,0,0,0,0,0,0,0,0,0,0.207701053470373,0,0,0,0,0,0,0,0,0,0,0,0,0,0,0.136394359040495,0,0,0,0,0,0,0,0,0,0,0,0,0,0,0,0.167486452916637,0,0.158953789548954,0.138876661830058,0.122815780341625,0.134097408102109,0,0
0,0,0,0,0,0,0,0,0,0,0,0,0,0,0,0,0,0,0,0,0,0,0.0870964392701066,0.193775344379009,0,0.125817574884581,0,0.200422923836224,0,0,0,0,0,0,0.273075819015503,0,0,0.219083329626988,0,0,0,0,0,0,0,0,0,0.31118206679821,0,0.284309991912262,0,0,0,0,0,0,0,0,0,0,0,0,0,0,0.20333015561455,0.100364011761389,0.211469901165342,0,0.195656044510278,0,0.219779716062367,0,0,0,0,0,0,0,0,0,0.260235207242854,0,0.116046020034587,0.128657188182801,0,0,0
0,0,0,0,0,0,0,0,0.131690733134747,0,0,0,0,0,0.135168115523728,0,0.128168675427636,0.119911784306169,0.201435565948486,0,0,0.0870964392701066,0,0,0.229628629177003,0,0.117784489161712,0,0.134036548125247,0,0,0,0,0,0,0,0,0.356574386358261,0.201904109021557,0,0,0,0,0,0,0,0,0.328130582968394,0.263717463498481,0,0,0,0,0,0,0,0,0,0,0,0,0,0,0,0.0916206347553626,0.180344290251857,0,0.133773779230458,0,0.160653600498797,0,0.152169647090363,0,0,0,0,0,0,0,0,0,0.258889115409235,0.12195308274273,0.121497495982208,0.241282552480698,0,0
0.369815915822983,0,0,0,0,0,0,0,0,0,0,0,0,0,0,0.196864739060402,0.137834787368774,0.170701265218668,0.206703417003155,0,0,0.193775344379009,0,0,0,0.140377342838423,0,0,0,0,0,0,0,0,0.344663918018341,0,0,0.197627412955518,0.347730815410614,0,0,0.151730965409014,0,0,0,0,0,0.348096458862225,0.369850682360785,0.296101460680691,0,0,0,0,0,0.185120380173127,0,0,0,0,0,0.190606927430188,0,0,0.190375300952688,0,0.192813434711255,0,0.214608831714231,0,0.232263907790184,0,0,0,0,0,0,0,0,0,0.277991151543066,0.481074601411819,0.221364707523777,0,0.354349891153666,0.139426425099373,0.307893574237823
0.195285223424435,0.302477806806564,0,0,0,0,0,0,0,0,0,0,0,0,0,0,0.161121288686991,0,0,0,0,0,0.229628629177003,0,0,0,0.204403627663851,0,0,0,0,0,0,0,0.19023896753788,0,0,0.457157492637634,0.193760684022728,0,0,0,0.144769668579102,0,0,0,0,0.363637832303842,0.226416860148311,0.336233569309115,0,0,0,0,0.164291463792324,0,0,0,0,0,0,0,0,0,0,0.200554151311021,0.373944044113159,0.156530879788939,0,0.191152199841992,0,0,0,0,0,0,0,0,0,0,0.358150988817215,0.219757536435185,0.172205237135517,0.146038241941353,0.215435235990017,0,0
0,0,0,0,0,0,0,0,0,0.160466711629521,0,0,0,0,0,0.171411563952764,0.14265116378665,0.123015503944302,0.215355321764946,0,0,0.125817574884581,0,0.140377342838423,0,0,0,0.125913845212425,0,0,0,0,0,0,0,0,0,0,0,0,0,0.201759546995163,0,0,0,0,0,0,0,0,0,0,0,0,0,0.167442797124386,0,0,0,0,0,0.196191700441497,0,0,0.135526095827421,0,0.172384607139975,0,0.157037408551672,0,0.136304181483057,0,0,0,0,0,0,0,0,0,0,0,0.118674836667447,0,0,0,0
0,0,0,0,0,0,0,0,0.129883387684822,0,0,0,0,0,0.130787352354012,0,0.114247101309503,0.122620247770101,0.160124750951162,0,0,0,0.117784489161712,0,0.204403627663851,0,0,0,0.171321557284637,0,0,0,0,0,0,0,0,0,0.225043585523963,0,0,0.220391251146793,0.209704384207726,0,0,0,0,0,0,0,0,0,0,0,0,0,0,0,0,0,0.133833267241716,0,0.206011861562729,0,0,0.196863110451137,0,0.185469140649819,0,0.158564980992157,0,0.151605695170366,0,0,0,0,0,0,0,0,0.220344692468643,0.221880979835987,0.120457604640765,0,0.256029635667801,0,0
0,0,0,0,0,0,0,0,0,0,0,0.178419202069441,0,0.140703909099102,0,0,0,0,0,0,0,0.200422923836224,0,0,0,0.125913845212425,0,0,0,0.165363981023416,0,0,0,0,0,0,0,0.204626096997942,0,0,0,0,0,0,0,0,0,0,0,0,0,0,0,0,0,0,0,0.195761457085609,0,0.164544779807329,0,0,0,0,0.153683023564768,0,0,0,0.147374443011358,0,0.203578951702266,0,0.145844953134656,0,0,0,0,0,0,0,0,0,0.150785674467808,0.150870822496333,0,0,0
0,0,0,0,0,0,0,0,0,0,0.148372833927472,0,0,0,0,0,0,0,0,0,0,0,0.134036548125247,0,0,0,0.171321557284637,0,0,0,0.179062480616629,0,0,0,0,0,0,0,0.137354975566268,0,0,0,0,0,0,0,0,0,0,0,0,0,0,0,0,0,0.159706383943558,0,0.119280499132241,0,0,0,0,0,0,0.137849086836765,0,0,0,0.164763708324993,0,0.164561460375362,0,0.162062380294065,0,0,0,0,0,0,0,0.169340910157189,0.185401810705662,0,0,0,0
0,0,0,0,0,0,0,0,0,0,0,0.209428276208419,0,0,0,0,0,0,0,0.38583180308342,0,0,0,0,0,0,0,0.165363981023416,0,0,0,0,0,0,0,0,0,0.155873448116229,0,0,0,0,0,0,0,0,0,0,0,0,0,0,0,0,0,0,0,0.194443975560001,0,0,0,0,0.329320102930069,0,0,0,0,0,0,0,0.156176118925214,0,0.180664037030639,0,0,0,0,0,0,0,0.175361936868623,0,0.156323916669645,0.149051106289813,0.384367903073629,0,0
0,0,0,0,0,0,0,0,0,0,0.129262521862984,0,0,0,0,0,0,0,0,0,0,0,0,0,0,0,0,0,0.179062480616629,0,0,0,0,0,0,0,0,0,0.133381270868058,0,0,0,0,0,0,0,0,0,0,0,0,0,0,0,0,0,0.147035101349028,0,0,0,0,0,0,0,0,0,0,0,0,0,0,0.188233852386475,0,0.157653172514519,0,0,0,0,0,0,0,0.148191459146478,0.152205805747426,0,0,0,0
0,0,0,0,0,0,0,0,0,0,0,0,0,0,0,0,0,0,0,0,0,0,0,0,0,0,0,0,0,0,0,0,0.162974708086197,0.182768309488893,0.204612317330697,0.155927440729635,0.158376526374083,0,0,0,0,0,0,0,0,0,0,0.217803186808641,0,0.42598170042038,0,0,0,0,0,0,0,0,0,0,0,0,0,0,0,0,0,0,0,0,0,0,0,0,0.156529598312671,0.233470176196596,0.18619002857142,0.2365132873257,0.243610560223605,0,0,0,0.114475648796472,0,0,0,0
0,0,0,0,0,0,0,0,0,0,0,0,0,0,0,0,0,0,0,0,0,0,0,0,0,0,0,0,0,0,0,0.162974708086197,0,0.224170241504908,0.216652116627273,0.159744833258615,0.159399501241762,0,0,0,0,0,0,0,0,0,0,0.345977944341218,0,0,0,0,0,0,0,0,0,0,0,0,0,0,0,0,0,0,0,0,0,0,0,0,0,0,0.130581017314199,0.255513253894731,0.18480894240466,0.224838398602031,0.199319488058488,0.184764878905338,0,0,0.159597873919086,0,0,0,0
0,0,0,0,0,0,0,0,0,0,0,0,0,0,0,0,0,0,0,0,0,0,0,0,0,0,0,0,0,0,0,0.182768309488893,0.224170241504908,0,0.240410105599426,0.12307655382337,0,0.144215552028546,0.243938245452367,0,0,0,0,0,0,0,0,0.616739213939947,0.486182555556297,0.395704145271947,0,0,0,0,0,0,0,0,0,0,0,0,0,0,0,0,0,0,0,0,0,0,0,0,0.173181367339566,0.292418277689389,0.271513204237924,0.372280575374975,0.352423028599831,0,0.250564093917843,0.213390532661887,0.194386679244919,0,0,0,0
0,0,0,0,0,0,0,0,0.162335246801376,0,0,0,0,0,0,0,0,0,0,0,0,0.273075819015503,0,0.344663918018341,0.19023896753788,0,0,0,0,0,0,0.204612317330697,0.216652116627273,0.240410105599426,0,0,0.153315172438417,0.382948918758254,0.18271417974257,0,0,0,0,0,0,0,0,0.446988458095825,0,0.314795945731687,0,0,0,0,0,0,0,0,0,0,0,0,0,0,0.25070850054423,0,0.381096601486206,0,0.345068037509918,0,0.268322616815567,0,0,0,0.180357871871246,0.280574282461947,0.207592479390273,0.290361628143735,0.275255635017302,0.187384162107233,0.272684257800524,0.297919709936227,0.311153319713813,0,0,0,0
0,0,0,0.181113049387932,0,0.1637574614122,0,0.152603693306446,0,0,0,0.151725868340473,0,0,0,0,0,0,0,0.161159312505427,0,0,0,0,0,0,0,0,0,0,0,0.155927440729635,0.159744833258615,0.12307655382337,0,0,0.14058175665621,0.173818740292295,0.146838933229446,0.159977823819803,0,0,0,0,0,0.181214140728116,0,0.147943271467319,0,0.197073715343708,0,0.170792184770107,0,0,0,0.183325563867887,0,0.147843248369702,0,0.189443059265614,0,0.191002085804939,0.18817363108,0,0,0,0,0,0,0,0,0,0.21207120269537,0,0.206696287610314,0,0,0,0.166229736195302,0.139928573793774,0.171970768378315,0,0.164582035073923,0.169283934030682,0.175809542098331,0,0
0,0,0.140221521258354,0,0,0,0,0,0,0,0.166856041864345,0,0,0,0,0,0,0,0,0,0.149622308033885,0,0,0,0,0,0,0,0,0,0,0.158376526374083,0.159399501241762,0,0.153315172438417,0.14058175665621,0,0.164993214336309,0.163545606436544,0,0,0,0,0,0,0,0.154535413780264,0.224500387907028,0.202376866920127,0.186393423378468,0,0,0,0,0,0,0,0,0,0,0,0,0,0.150127258979026,0,0,0,0,0,0,0,0,0,0,0,0.184884167745196,0,0.162726131146369,0.140977755677505,0.171623069632039,0,0.185660777394386,0.202374823551078,0.423059920867284,0.152190698074206,0,0
0,0.203608393669128,0,0.241694822907448,0,0,0,0,0.310739770531654,0,0,0.150584873746376,0,0,0,0,0.337791273991267,0.354862855239348,0.358234480575279,0.30201982904112,0,0.219083329626988,0.356574386358261,0.197627412955518,0.457157492637634,0,0,0.204626096997942,0,0.155873448116229,0,0,0,0.144215552028546,0.382948918758254,0.173818740292295,0.164993214336309,0,0.285054831607984,0,0,0.218921579294286,0.291531354188919,0,0,0.296844653785229,0,0.544536085656764,0.416848042471842,0.466542786931698,0,0,0,0,0,0.129077941179276,0,0.145255406945944,0,0,0,0.265070796012878,0.326343456097847,0,0.331917890411889,0,0.246418413901329,0,0.298649042844772,0,0.210902137139058,0,0.295195003066744,0,0,0,0.142189374024218,0.32744374871254,0.185316620027925,0.227520581334829,0.198139683880471,0.311559989149201,0.162390357272079,0.141955063298897,0.398600310469285,0.391069465875626,0.293095007538795
0,0.305008354783058,0,0,0,0,0,0,0,0,0.166487381499457,0,0,0,0,0,0,0,0.27976667881012,0,0.156046378510274,0,0.201904109021557,0.347730815410614,0.193760684022728,0,0.225043585523963,0,0.137354975566268,0,0.133381270868058,0,0,0.243938245452367,0.18271417974257,0.146838933229446,0.163545606436544,0.285054831607984,0,0,0.195687741041183,0.320248335599899,0.144626542925835,0,0,0,0.232603281736374,0.384885516759418,0.351878644798392,0.374238034320432,0,0,0,0,0,0,0.180757340106218,0,0,0,0,0,0,0.151930869496155,0,0.302380220453615,0.379137764374415,0.208058562034216,0.372588415940603,0.228825913448083,0,0.230042412877083,0,0.14665801727713,0,0,0.209005460143089,0.249387364473021,0,0.169872060485161,0.259791017820438,0.220321128213244,0.161178391753857,0.160520415231226,0.369593218401755,0,0.132141331831614
0,0,0,0.19836990237236,0,0.184875622391701,0,0,0,0,0,0,0,0,0,0,0.24984980225563,0.246022072103288,0.270034093856812,0.214534339805444,0,0,0,0,0,0,0,0,0,0,0,0,0,0,0,0.159977823819803,0,0,0,0,0.276946604251862,0.217962512302541,0.238243858019511,0.228298977017403,0,0.20695402479148,0,0.401380847911445,0,0.28767959225095,0,0.182977691292763,0,0,0,0,0,0.21062194449561,0,0.201518878340721,0,0.208749145269394,0.161229400967176,0,0,0,0,0,0,0,0.298214763402939,0,0.230563185281224,0,0,0,0,0,0.192804909848924,0,0.203991079702973,0,0.226090572153529,0,0.188390202915306,0.264306814833121,0
0,0,0.239887156486511,0.285187751054764,0.217865737421172,0,0,0,0,0,0,0,0,0,0,0,0.276822254715896,0.265813075856074,0.308411493282548,0.3122651775678,0,0,0,0,0,0,0,0,0,0,0,0,0,0,0,0,0,0,0.195687741041183,0.276946604251862,0,0.225850542626714,0.274840743477404,0.233607336878777,0.503614991903305,0.282153999432921,0.196063920717817,0.208992463828468,0.198548313848418,0.252843511455199,0.223056099244526,0,0,0,0.223013174804774,0,0.292485288211278,0.263757174213727,0,0,0,0,0.313705789546172,0.207181724681963,0,0,0,0,0,0,0,0,0.29462368442462,0.305452159643173,0,0.1317222737349,0,0,0.322118550539017,0.249648982063947,0.314044382837084,0.331536979304027,0.249916751861617,0,0.279284924788169,0.248144338173526,0.339720943394829
0,0.221352609919339,0.23717176169157,0.23353798687458,0,0.221188628673553,0,0,0,0.132578971043781,0,0,0,0,0.182500883936882,0,0.22317899870021,0.232145651646022,0.215883614140347,0.312177264780709,0,0,0,0.151730965409014,0,0.201759546995163,0.220391251146793,0,0,0,0,0,0,0,0,0,0,0.218921579294286,0.320248335599899,0.217962512302541,0.225850542626714,0,0.173278284094201,0.218239762434145,0,0.243049735340233,0.210037603366132,0.246536688672172,0.210771264482851,0.214182046802968,0,0.228820507015501,0,0,0,0.208151524039832,0.254509180784225,0.266474582542138,0,0.230653847197452,0,0.228912667316549,0.269379875281572,0,0,0,0,0,0,0,0.285357531379251,0,0.288062862985957,0.25057885547479,0,0,0,0,0.265194616035587,0.269674932377206,0.261585478514887,0.235643111997181,0.220408057943385,0.147122956812382,0.253850714132248,0.193698298411314,0.200334738601338
0.146044140681624,0.267389804124832,0.247184484904888,0,0.209017280489206,0,0,0,0.165033516749282,0,0,0,0,0,0.1747967004776,0,0.246623275458813,0.236622965825138,0.272794777118293,0.256545066833496,0,0,0,0,0.144769668579102,0,0.209704384207726,0,0,0,0,0,0,0,0,0,0,0.291531354188919,0.144626542925835,0.238243858019511,0.274840743477404,0.173278284094201,0,0.178194660693407,0.425445139408112,0.24001238595795,0.220920996692242,0.24283311618492,0.239158935804244,0.292059854320858,0.231200244691637,0,0,0,0.208108069231877,0,0.297185392364075,0.250310803453128,0.248739138245583,0.22092941403389,0,0,0.27802085224539,0.320880994577951,0,0,0.307847142219543,0,0,0,0.28180156648159,0,0.262885825974601,0.303479098515077,0,0,0,0,0.277066217227416,0.317774974834935,0.271010195321225,0.276082930760195,0.227016600745337,0.16562557220459,0.276429867506764,0.234867966175079,0.276950792805487
0,0,0,0,0,0,0,0,0,0,0,0,0,0,0,0,0.24092173576355,0.20444310704867,0.230134829878807,0,0,0,0,0,0,0,0,0,0,0,0,0,0,0,0,0,0,0,0,0.228298977017403,0.233607336878777,0.218239762434145,0.178194660693407,0,0,0.255280435085297,0,0,0.189852170646191,0,0,0,0,0,0,0,0,0,0,0,0,0,0.321774266660213,0,0,0,0,0,0,0,0,0,0,0,0,0,0,0,0.293148037791252,0.331068754196167,0.273921062548955,0,0.220541433564254,0,0.261182598298109,0.167748272418976,0
0,0,0,0,0,0,0,0,0,0,0,0,0,0,0,0,0.311581194400787,0,0.502895414829254,0,0,0,0,0,0,0,0,0,0,0,0,0,0,0,0,0,0,0,0,0,0.503614991903305,0,0.425445139408112,0,0,0,0,0,0.463733822107315,0,0,0,0,0,0,0,0.361435979604721,0,0,0,0,0,0,0.348581880331039,0,0,0,0,0,0,0,0,0,0.411405646800995,0,0,0,0,0,0.414349228143692,0,0.445775896310806,0,0,0.417181549401119,0,0
0,0.258419882506132,0,0.224107454930033,0,0.246289327740669,0,0,0,0,0,0.288177438080311,0,0,0,0,0.254761382777204,0.260178585948293,0.296680762260438,0.181318625488452,0,0,0,0,0,0,0,0,0,0,0,0,0,0,0,0.181214140728116,0,0.296844653785229,0,0.20695402479148,0.282153999432921,0.243049735340233,0.24001238595795,0.255280435085297,0,0,0.203245878219604,0,0.265871226787567,0.225372253656387,0,0,0,0,0,0.206172741949558,0,0.246770005259249,0,0.205911284685135,0,0.211320872108142,0.182819453861978,0,0,0,0,0,0,0,0.306874632835388,0,0.281091685593128,0.263353109359741,0,0,0,0,0.210112575680685,0.283638773692979,0.291496604883293,0.248156026005745,0.241203665838275,0,0.264910728691233,0.246512860611633,0.22489620745182
0,0,0.180416848924425,0,0.15370212495327,0,0,0,0,0,0,0,0,0,0,0,0.234359236893716,0.227348820492625,0.241597187543704,0.254894338548183,0,0,0,0,0,0,0,0,0,0,0,0,0,0,0,0,0.154535413780264,0,0.232603281736374,0,0.196063920717817,0.210037603366132,0.220920996692242,0,0,0.203245878219604,0,0.238762789770313,0.231325575709343,0.235876408006464,0.166189685463905,0,0,0,0,0,0.25654074549675,0.280565023422241,0,0,0,0,0,0.241856915907679,0,0,0,0,0,0,0,0,0.277055516839027,0.235093168914318,0,0,0,0,0.262585550546646,0.209187552259442,0.251707293093204,0.322769304945611,0.215884769466016,0,0.195609467437254,0.21099442243576,0.230531917741665
0.163880363106728,0.212260927808912,0.237794121727347,0,0.228459664753505,0,0,0,0.225101589372284,0.195289599398772,0,0,0,0,0,0,0.196679756045341,0,0.230785109102726,0,0,0.31118206679821,0.328130582968394,0.348096458862225,0.363637832303842,0,0,0,0,0,0,0.217803186808641,0.345977944341218,0.616739213939947,0.446988458095825,0.147943271467319,0.224500387907028,0.544536085656764,0.384885516759418,0.401380847911445,0.208992463828468,0.246536688672172,0.24283311618492,0,0,0,0.238762789770313,0,0.304887757831535,0.385610516044985,0.238934263586998,0,0,0,0.217686012387276,0.173120561987162,0.245059356093407,0.389139592647552,0,0,0,0,0.277536511421204,0.293491080403328,0.286032123225076,0.406144268810749,0.386937441052617,0,0.390171834826469,0,0.311175942420959,0,0,0,0.234049782135897,0.338731970653987,0.503075588411755,0.428622171079286,0.365063947660224,0.229404383264054,0.461248774289737,0.337064063963077,0.295706881594722,0,0.324678313744895,0,0.205291332943099
0.139664845023718,0.295663511114461,0.218002580553293,0.203269749879837,0.20128738284111,0,0,0,0.188478011703282,0,0,0,0,0,0.125310808420181,0,0.237478976510465,0.226966557470528,0.236338913646949,0,0.207701053470373,0,0.263717463498481,0.369850682360785,0.226416860148311,0,0,0,0,0,0,0,0,0.486182555556297,0,0,0.202376866920127,0.416848042471842,0.351878644798392,0,0.198548313848418,0.210771264482851,0.239158935804244,0.189852170646191,0.463733822107315,0.265871226787567,0.231325575709343,0.304887757831535,0,0.356672105929566,0.217782539129257,0,0,0,0.21665698018941,0,0.241790480911732,0,0,0,0.129504585417651,0,0.271552751461665,0.237584967166185,0,0.255465022803272,0.388909637928009,0.196458616836823,0.3788175791502,0.212404802928563,0,0,0.270351015031338,0.282994747161865,0,0.139722000807524,0,0,0.276876454552015,0.208238667485046,0.362536712735891,0.213625650294879,0.268912007403789,0,0.261394197609314,0.186267495155334,0.279379198068305
0.284022688865662,0.185452925596529,0.227978736162186,0.162054870111221,0.218520000576973,0.218970283865929,0,0,0.297214814358287,0.172052537979082,0,0.200078219175339,0,0,0,0.176443231105804,0.239513374865055,0.279445850849152,0.28393873612623,0.219421272831304,0,0.284309991912262,0,0.296101460680691,0.336233569309115,0,0,0,0,0,0,0.42598170042038,0,0.395704145271947,0.314795945731687,0.197073715343708,0.186393423378468,0.466542786931698,0.374238034320432,0.28767959225095,0.252843511455199,0.214182046802968,0.292059854320858,0,0,0.225372253656387,0.235876408006464,0.385610516044985,0.356672105929566,0,0.228068329393864,0.194333754479885,0,0,0.234870433807373,0.172910299321063,0,0.253233402520418,0,0.170294936766496,0,0.198138534573454,0.208372270743522,0.231514632701874,0.383519229774149,0,0.271905934703331,0,0.268413907691334,0,0.212674980455974,0,0.268955619967714,0.278223603963852,0,0,0.382438391447067,0.313873748295009,0.383722437853489,0.245307378629421,0.340878616473297,0.358134391131224,0.301904961952697,0,0.286007229809089,0.302851809696718,0.273886226117611
0,0,0.183916886824937,0,0.165955142628762,0,0.173490557819605,0,0,0,0,0,0.160329684615135,0,0,0,0.22787980735302,0,0,0,0,0,0,0,0,0,0,0,0,0,0,0,0,0,0,0,0,0,0,0,0.223056099244526,0,0.231200244691637,0,0,0,0.166189685463905,0.238934263586998,0.217782539129257,0.228068329393864,0,0,0.13873409089588,0,0,0,0.206511612981558,0,0,0,0.165650819738706,0,0,0.20379342679139,0,0,0,0,0,0,0,0,0,0.217266254127026,0,0,0,0,0,0.203755721449852,0,0,0.221359468996525,0,0.199765164982826,0,0
0,0,0,0.150985181331635,0,0.129453467013258,0,0.145475924015045,0,0,0,0,0,0,0,0,0,0,0,0.129254969954491,0,0,0,0,0,0,0,0,0,0,0,0,0,0,0,0.170792184770107,0,0,0,0.182977691292763,0,0.228820507015501,0,0,0,0,0,0,0,0.194333754479885,0,0,0,0,0,0,0,0.142766364384443,0,0.144851043820381,0,0,0.161955352012928,0,0,0,0,0,0,0,0,0,0.271848767995834,0,0,0,0,0,0.178045868873596,0,0.223599597811699,0,0.124202972277999,0,0.145714196066062,0,0
0,0,0,0,0,0,0.153529996382339,0,0,0,0,0,0,0,0,0,0,0,0,0,0,0,0,0,0,0,0,0,0,0,0,0,0,0,0,0,0,0,0,0,0,0,0,0,0,0,0,0,0,0,0.13873409089588,0,0,0,0,0,0,0,0.144220933318138,0,0,0,0,0,0,0,0,0,0,0,0,0,0,0,0,0,0,0,0,0,0,0,0.144290022552013,0,0,0,0
0,0,0,0,0,0,0,0.190015131029589,0,0,0,0.22807053104043,0,0,0,0,0,0,0,0,0,0,0,0,0,0,0,0,0,0,0,0,0,0,0,0,0,0,0,0,0,0,0,0,0,0,0,0,0,0,0,0,0,0,0,0,0,0.210764073278245,0,0,0,0,0,0,0,0,0,0,0,0,0,0,0,0,0,0,0,0,0,0,0,0,0,0,0,0,0
0.190478505405117,0,0.165845982730389,0,0.158143644221127,0,0,0,0.185066176286968,0,0,0,0,0,0.126832375204877,0,0.226801216602325,0,0,0,0,0,0,0,0.164291463792324,0,0,0,0,0,0,0,0,0,0,0,0,0,0,0,0.223013174804774,0,0.208108069231877,0,0,0,0,0.217686012387276,0.21665698018941,0.234870433807373,0,0,0,0,0,0,0,0,0,0,0.137187449022745,0,0,0,0,0,0,0.20045427016857,0,0,0,0,0,0,0,0,0,0,0,0.195181598265966,0,0.263721376657486,0.196474195630462,0,0.182063443868449,0,0.204239875078201
0,0.160342831979506,0,0.164218816374029,0,0.144762367010117,0,0,0,0.172875533484433,0,0,0,0,0,0.178161876797676,0,0,0.219765618443489,0.183520942926407,0,0,0,0.185120380173127,0,0.167442797124386,0,0,0,0,0,0,0,0,0,0.183325563867887,0,0.129077941179276,0,0,0,0.208151524039832,0,0,0,0.206172741949558,0,0.173120561987162,0,0.172910299321063,0,0,0,0,0,0,0,0.189306349555651,0,0.151421261330446,0,0.187597797450144,0.196579870742721,0,0,0,0.227925808981613,0,0.169819962519866,0,0,0,0.251692491273085,0,0,0,0,0,0.180213890969753,0,0.178022134304047,0,0.151795652225729,0,0.17387315286224,0,0
0,0,0.164239812890689,0,0,0,0.184509599556744,0,0,0,0.181166650495974,0,0.162307334598154,0,0,0,0.28363734152582,0.288343340158463,0.320892922878265,0,0,0,0,0,0,0,0,0,0.159706383943558,0,0.147035101349028,0,0,0,0,0,0,0,0.180757340106218,0,0.292485288211278,0.254509180784225,0.297185392364075,0,0.361435979604721,0,0.25654074549675,0.245059356093407,0.241790480911732,0,0.206511612981558,0,0,0,0,0,0,0,0.157915681600571,0,0.112991657853127,0,0,0.277193149845851,0,0,0,0,0,0,0,0,0,0.176424933926148,0,0,0,0,0,0.273544996976852,0,0.180831278221948,0.252441526856273,0,0.272602713769313,0,0.289050457152453
0,0.206317217611685,0,0.184045934081078,0,0.190339386463165,0,0.228198507892908,0.207997500896454,0.214572229981422,0,0.147076398136956,0,0,0,0,0.275817416035212,0.291873637586832,0.320951896133246,0.146532974868058,0,0,0,0,0,0,0,0.195761457085609,0,0.194443975560001,0,0,0,0,0,0.147843248369702,0,0.145255406945944,0,0.21062194449561,0.263757174213727,0.266474582542138,0.250310803453128,0,0,0.246770005259249,0.280565023422241,0.389139592647552,0,0.253233402520418,0,0.142766364384443,0,0.210764073278245,0,0.189306349555651,0,0,0,0.193699814475976,0,0.181094984256703,0.270124362679563,0,0,0,0,0,0,0,0.296116603745355,0,0.320693032715723,0,0,0,0,0,0.269353609532118,0.285324990749359,0.271995899366572,0,0.243799116891042,0.154294893145561,0.262238758670226,0.289675374825795,0.261721521615982
0,0,0.170286314189434,0,0.163447417318821,0,0.138792146335949,0,0,0,0.165558377901713,0,0.131201502100374,0,0.160607735880397,0,0,0,0,0,0,0,0,0,0,0,0,0,0.119280499132241,0,0,0,0,0,0,0,0,0,0,0,0,0,0.248739138245583,0,0,0,0,0,0,0,0,0,0.144220933318138,0,0,0,0.157915681600571,0,0,0,0.145525908633454,0,0,0,0,0,0,0,0,0,0,0.149908219064985,0,0,0,0,0,0,0,0.24554531276226,0,0,0.194534622132778,0,0.180643417618491,0,0
0,0.172611854970455,0,0.149589348786875,0,0.202013775706291,0,0.19087927043438,0,0.187357045710087,0,0.16188960807345,0,0.175674553859605,0,0.121769870072603,0.218984246253967,0.279400631785393,0.242917263507843,0.206392398476601,0,0,0,0,0,0,0,0.164544779807329,0,0,0,0,0,0,0,0.189443059265614,0,0,0,0.201518878340721,0,0.230653847197452,0.22092941403389,0,0,0.205911284685135,0,0,0,0.170294936766496,0,0.144851043820381,0,0,0,0.151421261330446,0,0.193699814475976,0,0,0,0.177515730375552,0.217071094991345,0,0,0,0,0,0,0,0.177833143621683,0,0.258747313333594,0,0,0,0,0,0.246119469404221,0,0.296633392572403,0,0.192102200439516,0.178133405745029,0.200040267386141,0,0
0.145254305237299,0,0,0,0.163584299385548,0,0,0,0.112380594015121,0,0,0,0.194638765856699,0,0.16144179590465,0,0.119599747338465,0.112981025129557,0,0,0,0,0,0,0,0,0.133833267241716,0,0,0,0,0,0,0,0,0,0,0,0,0,0,0,0,0,0,0,0,0,0.129504585417651,0,0.165650819738706,0,0,0,0.137187449022745,0,0.112991657853127,0,0.145525908633454,0,0,0,0,0,0,0,0,0,0,0.133503703615413,0,0,0,0,0,0,0,0,0,0,0,0,0.11811910867691,0,0,0,0
0,0.16171020130993,0,0.172175031687532,0,0.207305148243904,0,0,0,0.163265374317545,0,0,0,0.146756397560239,0,0.158426597419546,0,0.26043963432312,0.232755348086357,0.243326932191849,0,0,0,0.190606927430188,0,0.196191700441497,0,0,0,0,0,0,0,0,0,0.191002085804939,0,0.265070796012878,0,0.208749145269394,0,0.228912667316549,0,0,0,0.211320872108142,0,0,0,0.198138534573454,0,0,0,0,0,0.187597797450144,0,0.181094984256703,0,0.177515730375552,0,0,0.20643238723278,0,0,0,0.194643988377518,0,0.196955874562263,0,0,0,0.251572508703579,0,0,0,0,0,0.186235465109348,0,0.309385672211647,0,0.147728786842768,0.113489486277103,0.207182838946958,0,0
0,0.373770403862,0,0.205039147589658,0,0.212564349884079,0,0,0,0.187455490231514,0,0.259030188322067,0,0,0,0,0.299156392791442,0.30730307268511,0.349569388716999,0.224178823566397,0,0,0,0,0,0,0.206011861562729,0,0,0.329320102930069,0,0,0,0,0,0.18817363108,0,0.326343456097847,0,0.161229400967176,0.313705789546172,0.269379875281572,0.27802085224539,0.321774266660213,0,0.182819453861978,0,0.277536511421204,0.271552751461665,0.208372270743522,0,0.161955352012928,0,0,0,0.196579870742721,0,0.270124362679563,0,0.217071094991345,0,0.20643238723278,0,0.219292044639587,0,0,0,0,0,0,0.290619832277298,0,0.355445697472756,0.314609751105309,0,0,0,0,0.220667571641298,0.277492433786392,0.390867140053482,0,0.297438232113747,0,0.244322375235416,0.402877150785805,0.302494257688522
0,0,0.207106407731771,0,0.182416108169889,0,0.17839192117636,0,0,0,0.151952188994203,0,0,0,0,0,0.23560303170234,0.219008190291268,0.24265439114342,0,0.136394359040495,0,0,0,0,0,0,0,0,0,0,0,0,0,0,0,0.150127258979026,0,0.151930869496155,0,0.207181724681963,0,0.320880994577951,0,0.348581880331039,0,0.241856915907679,0.293491080403328,0.237584967166185,0.231514632701874,0.20379342679139,0,0,0,0,0,0.277193149845851,0,0,0,0,0,0.219292044639587,0,0,0,0,0,0,0,0,0,0,0.287337085439099,0,0,0,0,0.251924574375153,0.204391362694587,0,0.249206442696985,0.156237879777469,0,0.223723167666826,0.206325486302376,0.280631589392821
0,0,0,0,0,0,0,0,0,0,0,0,0,0,0,0,0,0,0,0,0,0.20333015561455,0.0916206347553626,0.190375300952688,0,0.135526095827421,0,0.153683023564768,0,0,0,0,0,0,0.25070850054423,0,0,0.331917890411889,0,0,0,0,0,0,0,0,0,0.286032123225076,0,0.383519229774149,0,0,0,0,0,0,0,0,0,0,0,0,0,0,0,0.10546812787652,0.227888437012998,0,0.223647389099999,0,0.230470306983515,0,0,0,0,0,0,0.226922914385796,0,0,0.314447857607767,0,0.122815397327368,0.111634394448054,0.407755315303802,0,0
0,0,0,0,0,0,0,0,0,0,0,0,0,0,0,0,0.111580842758639,0.111366331577301,0.170963913202286,0,0,0.100364011761389,0.180344290251857,0,0.200554151311021,0,0.196863110451137,0,0.137849086836765,0,0,0,0,0,0,0,0,0,0.302380220453615,0,0,0,0,0,0,0,0,0.406144268810749,0.255465022803272,0,0,0,0,0,0,0,0,0,0,0,0,0,0,0,0.10546812787652,0,0,0.202790066599846,0,0.214522530252101,0,0.190053575178813,0,0,0,0,0,0,0,0,0.392338663339615,0.307597795668376,0.135071013500312,0.131627013144845,0.179186418652534,0,0
0,0.117760058693789,0,0,0,0,0,0,0.306939274072647,0.159697879105806,0,0,0,0,0,0,0,0,0.301437228918076,0,0,0.211469901165342,0,0.192813434711255,0.373944044113159,0.172384607139975,0,0,0,0,0,0,0,0,0.381096601486206,0,0,0.246418413901329,0.379137764374415,0,0,0,0.307847142219543,0,0,0,0,0.386937441052617,0.388909637928009,0.271905934703331,0,0,0,0,0,0.227925808981613,0,0,0,0,0,0.194643988377518,0,0,0.227888437012998,0,0,0,0.201074555391929,0,0,0,0,0,0,0,0,0,0,0,0.273362008575653,0.294163629412651,0.190309742731707,0,0.321599321696779,0,0.267123326659203
0,0,0,0,0,0,0,0,0.150097710036096,0,0,0,0,0,0,0,0,0,0,0,0,0,0.133773779230458,0,0.156530879788939,0,0.185469140649819,0,0,0,0,0,0,0,0,0,0,0,0.208058562034216,0,0,0,0,0,0,0,0,0,0.196458616836823,0,0,0,0,0,0.20045427016857,0,0,0,0,0,0,0,0,0,0,0.202790066599846,0,0,0,0.170274780967867,0,0,0,0,0,0,0,0,0,0,0.25229474902153,0.228173233880806,0.163907942446795,0.154301968216896,0.195484295622053,0,0
0,0.114421029388905,0,0,0,0,0,0,0,0.159603866805201,0,0,0,0,0,0,0,0,0,0,0,0.195656044510278,0,0.214608831714231,0,0.157037408551672,0,0.147374443011358,0,0,0,0,0,0,0.345068037509918,0,0,0.298649042844772,0.372588415940603,0,0,0,0,0,0,0,0,0.390171834826469,0.3788175791502,0.268413907691334,0,0,0,0,0,0.169819962519866,0,0,0,0,0,0.196955874562263,0,0,0.223647389099999,0,0.201074555391929,0,0,0,0.198331823142675,0,0,0,0,0,0,0,0,0,0.387273788452148,0,0.171577927966913,0,0.321363842531816,0,0
0,0,0,0,0,0,0,0,0,0,0,0,0,0,0.132640369974815,0,0.113879124346417,0.139070172520245,0,0,0,0,0.160653600498797,0,0.191152199841992,0,0.158564980992157,0,0.164763708324993,0,0,0,0,0,0,0,0,0,0.228825913448083,0,0,0,0,0,0,0,0,0,0.212404802928563,0,0,0,0,0,0,0,0,0,0,0,0.133503703615413,0,0,0,0,0.214522530252101,0,0.170274780967867,0,0,0,0.187854834418177,0,0,0,0,0,0,0,0,0,0.222218174826015,0.110439033301409,0,0.183706992268562,0,0
0,0,0,0.252526849508286,0,0,0,0,0,0,0,0,0,0.14260369617688,0,0,0,0.28626437112689,0.31377079586188,0,0,0.219779716062367,0,0.232263907790184,0,0.136304181483057,0,0.203578951702266,0,0.156176118925214,0,0,0,0,0.268322616815567,0,0,0.210902137139058,0,0.298214763402939,0,0.285357531379251,0.28180156648159,0,0,0.306874632835388,0,0.311175942420959,0,0.212674980455974,0,0,0,0,0,0,0,0.296116603745355,0,0.177833143621683,0,0,0.290619832277298,0,0.230470306983515,0,0,0,0.198331823142675,0,0,0,0.323232277915194,0,0,0,0,0,0.33808458596468,0,0.250922103909622,0,0.167732710600831,0.14110791683197,0.295198302065569,0.26934377849102,0
0,0,0,0,0,0,0,0,0,0,0,0,0.168078347392704,0,0,0,0,0,0,0,0,0,0.152169647090363,0,0,0,0.151605695170366,0,0.164561460375362,0,0.188233852386475,0,0,0,0,0,0,0,0.230042412877083,0,0,0,0,0,0,0,0,0,0,0,0,0,0,0,0,0,0,0,0.149908219064985,0,0,0,0,0,0,0.190053575178813,0,0,0,0.187854834418177,0,0,0,0.17767565961807,0,0,0,0,0,0,0,0.188529653786534,0.138582025873749,0,0,0,0
