0,0,0.0065838004847129,0,0,0,0,0,0.028208839487696,0,0,0,0,0,0,0,0,0,0.00013573427876708,0,0,0,0,0,0,0,0,0,0,0,0,0,0,0,0,0,0,3.8034100172126e-06,4.23403881856282e-05,0,0,0,0.00510694579598157,0,0,0,0.00200330397896929,2.15041774938324e-05,0.0243362971723451,0,0,0,0,0,0.000200114487408269,0,0.00014994591168697,0,0,0,0.0364692282186341,0,0,0.000232890387170913,0,0,0,0,0,0.000444237145359738,0,0,0,0.000111922901274743,0,0,0,0,0,0.000365156744400649,0,2.20842169984371e-05,3.28161568667862e-05,0,0.0123343059356807,0,0.00137962676777446
0,0,0,0.00857188565894225,0,0,0,0,0,0.00903132178571159,0,0,0,0,0,0,0,0,0,0,0,0,0,0,0,0,0,0,0,0,0,0,0,0,0,0,0,0,0,0,0,0.00144844135588029,0,0,0,0,0,0,0,0.0208507424377629,0,0,0,0,0,0.013567758257979,0,0,0,0,0,0.000314276599935594,0,0,0,0,0,0,0,0,0,0,0,0,0,0,0,0,0,0,0,0,0.000311837381132467,0,0.00559948987773919,0,0
0.0065838004847129,0,0,0,0,0,0,0,0.00947734060332986,0,0,0,0,0,0,0,0,0,0,0,0.000131993892979617,0,0,0,0,0,0,0,0,0,0,0,0,0,0,0,0,0,0,0,0,0,0.000352869508505468,0,0,0,0.000658624865823282,0,0.00208723790917978,0,0,0,0,0,0,0,0.00140875214602404,0,1.4801906940299e-05,0,0,0,0,0.00168608495459035,0,0,0,0,0,0,0,2.0336648230604e-05,0,0.00203974774338014,0,0,0,0,0,0.000183406397400418,0,9.9499307073853e-05,6.50918390025716e-06,0,0.0175115218118658,0,0.000840049539487514
0,0.00857188565894225,0,0,0,0.011382487622504,0,0,0,0.00932007746386241,0,0,0,0,0,0,0,0,1.85771406901043e-05,0.000385375074240845,0,0,0,0,0,0,0,0,0,0,0,0,0,0,0,4.80341535381319e-05,0,0,0,0,0,0.000454696107018978,0,0,0,0.00232133873041093,0,3.45427196059387e-05,0,0.0186302864526454,0,0.00517394385536393,0,0,0,0.00788196143422859,0,0.00537082803722549,0,0.000179858564573052,0,0.00945394680351227,0.000241594724647441,0,0,0,0,0,0,0,0,0,0.00213416480367458,0,0,0,0,0,2.67664109823552e-06,0,5.10311272955801e-05,0,0.000387267915094182,0,0.0235429657291848,0,0
0,0,0,0,0,0,0,0,0,0,0,0,0,0,0,0,0,0,0,0,0,0,0,0,0,0,0,0,0,0,0,0,0,0,0,0,0,0,0,0,0,0,0,0,0,0,0,0,0,0,0,0,0,0,0,0,0,0,0,0,0,0,0,0,0,0,0,0,0,0,0,0,0,0,0,0,0,0,0,0,0,0,0,0,0,0,0
0,0,0,0.011382487622504,0,0,0,0.00301671797275928,0,0,0,0,0,0,0,0,0,0,0,0,0,0,0,0,0,0,0,0,0,0,0,0,0,0,0,0,0,0,0,0,0,0,0,0,0,0,0,0,0,0,0,0.000589275208767503,0,0,0,9.03036770579738e-05,0,0.00083498512290869,0,0,0,0,0,0,0,0,0,0,0,0,0,0,0,0,0,0,0,0,0,0,0,0,7.85947406667798e-06,0,0.00037058260051376,0,0
0,0,0,0,0,0,0,0,0,0,0,0,0,0,0,0,0,0,0,0,0,0,0,0,0,0,0,0,0,0,0,0,0,0,0,0,0,0,0,0,0,0,0,0,0,0,0,0,0,0,0,0,0.0160200312009203,0,0,0,0.000313142971277271,0,0.00281890405438849,0,0,0,0,0,0,0,0,0,0,0,0,0,0,0,0,0,0,0,0,0,0,0,0.000101990988847346,0,0,0,0
0,0,0,0,0,0.00301671797275928,0,0,0,0,0,0,0,0,0,0,0,0,0,0,0,0,0,0,0,0,0,0,0,0,0,0,0,0,0,0,0,0,0,0,0,0,0,0,0,0,0,0,0,0,0,0,0,0.00110852549264545,0,0,0,0,0,0,0,0,0,0,0,0,0,0,0,0,0,0,0,0,0,0,0,0,0,0,0,0,0.000145141883905973,0,0,0,0
0.028208839487696,0,0.00947734060332986,0,0,0,0,0,0,0,0,0,0,0,0.0108917246690377,0,0.000755690234545761,0,0,0,0,0,0,0,0.0164199775357106,0,0.00219648658498936,0,0,0,0,0,0,0,0,0,0,0,0.00149810795727559,0,0,0,0.00825174919010905,0,0,0,0,0,0.00237289059956623,0,0,0,0,0,0.0383538153753341,0,0,0,0,0,0.0457824916254958,0,0,0,0,0,0,0.0094296641012013,0,0.0210006188614322,0,0,0,0,0,0,0,0,0,0,0,0.000410922590880365,0.000390698924128924,0,0.0197358088973616,0,0.00198433699792992
0,0.00903132178571159,0,0.00932007746386241,0,0,0,0,0,0,0,0,0,0,0,0.00266755197930447,0,0,6.73395252969041e-05,0,0,0,0,0.0161654694188587,0,0.0036191464021256,0,0,0,0,0,0,0,0,0,0,0,0.00107428405693023,0,0,0,0.000545496317826046,0,0,0,0,0,0,0,0,0,0,0,0,0,0.0454749489225469,0,0.000204020819562657,0,0,0,0,0,0,0,0,0,0,0,0,0,0,0,0,0,0,0,0,0,0,2.68700297147467e-05,0,0.00108321438088928,0,0.00107220832885366,0.00136738308629588,0
0,0,0,0,0,0,0,0,0,0,0,0,0.0114284071212503,0,0,0,0,0,0,0,0.0417956097312331,0,0,0,0,0,0,0,0.00126090630540237,0,0.00686553077583484,0,0,0,0,0,0,0,0.0184286143080568,0,0,0,0,0,0,0,0.000137438489711282,0,0,0,0,0,0,0,0,0,0.128421881473765,0,0.0110118114783566,0,0,0,0,0.00191039815134838,0,0,0,0,0,0,0,0.00381125494353391,0,0.0149695807819308,0,0,0,0,0,2.49839813773172e-06,0,0.00371305542059097,0.00139320683924377,0,0.000268157157314885,0,0
0,0,0,0,0,0,0,0,0,0,0,0,0,6.28338020760566e-05,0,0,0,0,0,0.00731679714005118,0,0,0,0,0,0,0,0,0,0.00543691174202077,0,0,0,0,0,0.000209271323719423,0,0.00461559567872541,0,0,0,0,0,0,0,0.00011918928876154,0,0,0,0,0,0,0,0,0,0,0,0.0293171444088967,0,0,0,0,0.0162756203419991,0,0,0,0,0,0,0,0,0,0.0145129225549648,0,0,0,0,0,3.93478070701003e-06,0,0.0027145142803395,0,0.00010057003959267,0,0.000244426487031912,0,0
0,0,0,0,0,0,0,0,0,0,0.0114284071212503,0,0,0,0.00403338058566342,0,0,0,0,0,0,0,0,0,0,0,0,0,0.000191343141674674,0,0.000328092250935636,0,0,0,0,0,0,0,0,0,0,0,0,0,0,0,0,0,0,0,0,0,0,0,0,0,0.0071659568206733,0,0.0323208401403424,0,0.00152086859919718,0,0,0,0,0,0,0,0,0,0,0.00368520420676442,0,0.00014707446532751,0,0,0,0,0,0,0,0,0.000741773774909609,0.00060999150435291,0,0,0
0,0,0,0,0,0,0,0,0,0,0,6.28338020760566e-05,0,0,0,0,0,0,0,0,0,0,0,0,0,0,0,0,0,0,0,0,0,0,0,0,0,0,0,0,0,0,0,0,0,0,0,0,0,0,0,0,0,0,0,0,0,0.000657425276922919,0,0.0022930096610685,0,0.000354358606273308,0,0,0,0,0,0,0,0,0,0,0,0,0,0,0,0,0,0,0,0,0,0,0,0,0
0,0,0,0,0,0,0,0,0.0108917246690377,0,0,0,0.00403338058566342,0,0,0,0.00456529318373278,0,0,0,0,0,0,0,0,0,0.00539453174383785,0,0.000939528004215446,0,0,0,0,0,0,0,0,0,0,0,0,0,0,0,0,0,0,0,0,0,0,0,0,0,0.00234719144960852,0,0,0,0.00368319847318509,0,0.0150244544173338,0,0,0,0,0,0,0,0,0.00363569876993215,0,0.000928187827082841,0,0,0,0,0,0,0,0,0,0,0.000954706124111635,0,0,0,0
0,0,0,0,0,0,0,0,0,0.00266755197930447,0,0,0,0,0,0,0,0.00011875171950282,0,0,0,0,0,0,0,0.00256133042532088,0,0,0,0,0,0,0,0,0,0,0,0,0,0,0,0,0,0,0,0,0,0,0,0,0,0,0,0,0,0.0145553526836822,0,0,0,0,0,0.00159213034967872,0,0,0,0,0,0,0,0,0,0,0,0,0,0,0,0,0,0,0,0,1.75274439234822e-05,0,0,0,0
0,0,0,0,0,0,0,0,0.000755690234545761,0,0,0,0,0,0.00456529318373278,0,0,0.121095763297716,0.0662283070544262,0,0,0,0.00215479920502856,0,0.00110385993478153,0,0.0142285790680506,0,0.00295730642511603,0,0,0,0,0,0,0,0,0,0,0.000159104230015023,0,0.000275727187429983,0.00127003882376949,4.12641888123002e-05,0.00107432314611021,4.00319088356138e-06,0.000566913940860505,0,0,1.55594714333647e-05,0,0,0,0,4.29175136890286e-05,0,0,0,1.17796386512224e-05,0,0.00250144959212243,0,5.02560354816628e-06,1.84286837419713e-05,0,0.00149601697869359,0,4.86926872550128e-05,0,0.00905080873645512,0,0.000443580251364323,0,2.78166939239417e-05,0,0,0,0,8.85985789778726e-05,3.18864994740854e-05,1.01507861391078e-05,3.72688018356887e-05,0.0103672825923848,0.00211024063630404,0.00046632539869466,0,0.000227483231711731
0,0,0,0,0,0,0,0,0,0,0,0,0,0,0,0.00011875171950282,0.121095763297716,0,0.0429719980416428,0,0,0.00190550887980699,0,0,1.26430267770568e-05,9.1428023424163e-05,0,0,0,0,0,0,0,0,0,0,0,0,0,0.000203511748908487,0,0.000471217648224363,0.000324613243232677,3.90372085135658e-05,0.000105980969333622,1.60349139134467e-05,8.85589376993488e-05,0,0,2.49731281979645e-05,0,0,0,0,0,0,0,0,0,0,0,0.000394045813889489,0,0,0.000511828599851641,0,0,0,0,0,0,0,6.52228392682076e-06,0,0,0,0,0,3.55415183640556e-05,2.64416261014285e-05,4.92719864799232e-05,0,0.00738706004307505,0.00150789010165057,0.000248136755231616,8.18491707262926e-06,6.29992529665748e-05
0.00013573427876708,0,0,1.85771406901043e-05,0,0,0,0,0,6.73395252969041e-05,0,0,0,0,0,0,0.0662283070544262,0.0429719980416428,0,0,9.03157006164407e-05,0,0,0,0,0,0,0,0,0,0,0,0,0,0,0,0,1.44160316299328e-05,0,0.0149051115737226,0.00138797568628664,0.0644534969545296,0.059352736487569,0.0243563223431298,0.0529545790102029,0.00798731580318093,0.0355226579692772,4.32248883150401e-05,7.59421475346087e-06,0.00696330781305463,0,0,0,0,0,0,0.000138922010705211,0.00027042239311249,0,0,0,0,0.000270873384750369,0.00100851710463598,0,0,0,0,0,0,0,0,0.00423518970533922,0.000473422949733173,0,0,0,0,0.011051469941051,0.00210266639158608,0.00902683358318126,0.000613054428988042,0.00559757018896849,0,0.0524725228708064,0.00637561805477694,0.0173076650216373
0,0,0,0.000385375074240845,0,0,0,0,0,0,0,0.00731679714005118,0,0,0,0,0,0,0,0,0,0,0,0,0,0,0,0,0,0,0,0,0,0,0,0.00882901993410846,0,0.00302160655733006,0,0,0,0,0,0,0,0,0,0,0,0,0,0,0,0,0,0,0,0.00272118798867451,0,0,0,0,0.0896627729589888,0,0,0,0,0,0,0,0,0,0.00345494871539406,0,0,0,0,0,0.00232842461983344,0,0.00465185712566107,0,0.000321254370926633,0,0.0025444839189822,0,0
0,0,0.000131993892979617,0,0,0,0,0,0,0,0.0417956097312331,0,0,0,0,0,0,0,9.03157006164407e-05,0,0,0,0,0,0,0,0,0,0,0,0.00189126122121383,0,0,0,0,0,0.00644433862181684,0,0.00799727302093173,0,2.09628879785572e-05,0,0.000236843119548198,0,0.000332730874947524,0,0.00469724101646192,0,0,0,0,0,0,0,0,0,0.0317528951297815,0,0,0,0,0,0,0.0596440468239751,0,0,0,0,0,0,0,0,0,0.00916943767869679,0,0,0,0,0,0.00225044596024724,0,0.00477268744414193,0.000151552258943636,0,0.00153842254919349,0,0
0,0,0,0,0,0,0,0,0,0,0,0,0,0,0,0,0,0.00190550887980699,0,0,0,0,0.00625881481219086,0.00173057073164147,0,0,0,0.000329298333420231,0,0,0,0,0,0,0,0,0,0.0145043726157235,1.36078754461998e-05,0,0,0,0,0,0,0,0,0,0,0.00156125855634575,0,0,0,0,0,0,0,0,0,0,0,0,0,0,0.0864239847200318,6.48421502759788e-05,0.000764558607006354,0,0,0,0,0,0,0,0,0,0,0,0,0,0.00584759861905169,0,0.00339585612146071,0.000547121298053289,0,0,0
0,0,0,0,0,0,0,0,0,0,0,0,0,0,0,0,0.00215479920502856,0,0,0,0,0.00625881481219086,0,0,0.00148010982242968,0,0.00857968772229614,0,0.00134767925762037,0,0,0,0,0,0,0,0,0.000493491599506701,0.0112999664299362,0,0,0,0,0,0,0,0,0,0.0147507527880036,0,0,0,0,0,0,0,0,0,0,0,0,0,0,0,0.000271577896251278,0.14691220503483,0,0.0022665597620805,0,0.00844678200394242,0,0.00140364183966749,0,0,0,0,0,0,0,0,0,0.00603699023093353,0.00472270077511112,0.000503640171613961,0,0,0
0,0,0,0,0,0,0,0,0,0.0161654694188587,0,0,0,0,0,0,0,0,0,0,0,0.00173057073164147,0,0,0,0.0028855254839788,0,0,0,0,0,0,0,0,0,0,0,0.00912475463307472,0,0,0,0.000460747441579254,0,0.000156053219009689,0,0,0,0,0,0.00128614853422078,0,0,0,0,0,0.0210155689798972,0,0,0,0,0,0,0,0,0.00755245743280926,0,0.163493169627026,0,0,0,0,0,0,0,0,0,0,0,0,0,0.00216507148756075,0,0.00264530909134482,2.5053190389403e-05,0.000734007676123047,0.00144355436075251,0
0,0,0,0,0,0,0,0,0.0164199775357106,0,0,0,0,0,0,0,0.00110385993478153,1.26430267770568e-05,0,0,0,0,0.00148010982242968,0,0,0,0.0925719649496453,0,0,0,0,0,0,0,0,0,0,0,0.0106239860515171,0,0,0,0,0,0,0,0,0,0.0118794490612138,0,0,0,0,0,0.00868841932534722,0,0,0,0,0,0.000670014046496904,0,0,0,0,0.000726030012723182,0,0.259991378099459,0,0.0805715698948003,0,0,0,0,0,0,0,0,0,0,0,0.00458520789413955,0.000513219180694497,0,0.00310226344260484,0,0
0,0,0,0,0,0,0,0,0,0.0036191464021256,0,0,0,0,0,0.00256133042532088,0,9.1428023424163e-05,0,0,0,0,0,0.0028855254839788,0,0,0,0.000320899438465933,0,0,0,0,0,0,0,0,0,0,0,0,0,0,0,0,0,0,0,0,0,0,0,0,0,0,0,0.00178922355761443,0,0,0,0,0,0.00396544899254587,0,0,0,0,0.0164823684056049,0,0.0193932590866682,0,0,0,0,0,0,0,0,0,0,0,0,0,0.000244020821295678,0,0,0,0
0,0,0,0,0,0,0,0,0.00219648658498936,0,0,0,0,0,0.00539453174383785,0,0.0142285790680506,0,0,0,0,0,0.00857968772229614,0,0.0925719649496453,0,0,0,0.0224462381898134,0,0,0,0,0,0,0,0,0,0,0,0,0,0,0,0,0,0,0,0,0,0,0,0,0,0.000163583221040509,0,0,0,0,0,0.000114647686150868,0,0,0,0,0.00724945693234098,0,0.0437208503040737,0,0.39471407075999,0,0.0133716074958346,0,0,0,0,0,0,0,0,0,0,0.00139103588561273,0,0,0,0
0,0,0,0,0,0,0,0,0,0,0,0,0,0,0,0,0,0,0,0,0,0.000329298333420231,0,0,0,0.000320899438465933,0,0,0,0.00392300553580539,0,0,0,0,0,0,0,0.00114389689400638,0,0,0,0,0,0,0,0,0,0,0,0,0,0,0,0,0,0,0,0,0,0,0,0,0,0,7.19960475868658e-05,0,0,0,6.40943471807986e-05,0,0.0264228313898673,0,0.00619834089262207,0,0,0,0,0,0,0,0.000525771852978113,0,0.000287998260331652,0,0,0,0
0,0,0,0,0,0,0,0,0,0,0.00126090630540237,0,0.000191343141674674,0,0.000939528004215446,0,0.00295730642511603,0,0,0,0,0,0.00134767925762037,0,0,0,0.0224462381898134,0,0,0,0.0577114021672973,0,0,0,0,0,0,0,0.000329042596591376,0,0,0,0,0,0,0,0,0,0,0,0,0,0,0,0,0,0,0,0.000262145879589572,0,0,0,0,0,0,0.00227927251672683,0,0,0,0.00706977661051097,0,0.0535888282823211,0,0.0183505833469527,0,0,0,0,0,0,0,0.000875666168216624,0.00144187995778538,3.85963298383083e-05,0,0,0
0,0,0,0,0,0,0,0,0,0,0,0.00543691174202077,0,0,0,0,0,0,0,0,0,0,0,0,0,0,0,0.00392300553580539,0,0,0,0,0,0,0,0,0,0.00841664311679192,0,0,0,0,0,0,0,0,0,0,0,0,0,0,0,0,0,0,0,0.00156062601840948,0,0,0,0,0,0,0,0,0,0,0,0,1.91145448278869e-05,0,0.0940333532705434,0,0,0,0,0,0,0,0.00317426377261881,0,0.000329923295220702,0,0,0,0
0,0,0,0,0,0,0,0,0,0,0.00686553077583484,0,0.000328092250935636,0,0,0,0,0,0,0,0.00189126122121383,0,0,0,0,0,0,0,0.0577114021672973,0,0,0,0,0,0,0,0,0,0.00187596295404774,0,0,0,1.76343653125151e-05,0,0,0,0,0,0,0,0,0,0,0,0,0,0.011942098504309,0,0.000897538484232279,0,0,0,0,0.000558560768775788,0,0,0,0,0,0,0,0.0180346352457323,0,0.0494867358300656,0,0,0,0,0,2.61479164627746e-06,0,0.000840860378674167,0.000132955051710786,7.49314686763756e-05,0.000945083429637228,0,0
0,0,0,0,0,0,0,0,0,0,0,0,0,0,0,0,0,0,0,0,0,0,0,0,0,0,0,0,0,0,0,0,0.0795679215965302,0,0.00157098760881244,0.00581644659588986,6.69144490891389e-05,0,0,0,0,0,0,0,0,0,0,0.0906540773309583,8.21493574472976e-05,0,0,0,0,0,0,0,0,0,0,0,0,0,0,0,0,0,0,0,0,0,0,0,0,0,0.0590792214691537,0.0295727715571072,0.000301487680639163,0.00179934371859958,0.00165031195960118,0,0,0,0.00112164628652553,0,0,0,0
0,0,0,0,0,0,0,0,0,0,0,0,0,0,0,0,0,0,0,0,0,0,0,0,0,0,0,0,0,0,0,0.0795679215965302,0,0.000184991416263982,0.00606063179968552,0,6.76676880842315e-05,0,0,0,0,0,0,0,0,0,0,0.0166077354895416,0.000422604944095465,0,0,0,0,0,0,0,0,0,0,0,0,0,0,0,0,0,0,0,0,0,0,0,0,0,0.00135479276108417,0.139758201290955,0,0.0109468268369,0,0.00508763791745782,0,0,0.000710336426715431,0,0,0,0
0,0,0,0,0,0,0,0,0,0,0,0,0,0,0,0,0,0,0,0,0,0,0,0,0,0,0,0,0,0,0,0,0.000184991416263982,0,0.132564874631674,0.0161243717892174,0,0.00185369905935752,0.00072391734163969,0,0,0,0,0,0,0,0,0.274523119529734,6.47366077348127e-05,0.000641031373783991,0,0,0,0,0,0,0,0,0,0,0,0,0,0,0,0,0,0,0,0,0,0,0,0,0,0,0.147450514512811,0.195556138918914,0.00662414267858314,0,0.00779307449497427,0.000368986614705593,0.00498375209464895,0.000836880493360122,0.000150914399232707,0,0
0,0,0,0,0,0,0,0,0,0,0,0,0,0,0,0,0,0,0,0,0,0,0,0,0,0,0,0,0,0,0,0.00157098760881244,0.00606063179968552,0.132564874631674,0,0,0.00268349049633014,0,0.00354588053200894,0,0,0,0,0,0,0,0,0.0743293373392555,0.000277536552956442,0,0,0,0,0,0,0,0,0,0,0,0,0,0,0,0,0,0,0,0,0,0,0,0,0,0.000180238216590294,0.00810696910299545,0.0505715835392566,0.230463133437169,0,0.00703801650559241,0.000497026763919712,0.0104206201744977,0.000882817587338709,0,9.19002073696473e-05,0,0
0,0,0,4.80341535381319e-05,0,0,0,0,0,0,0,0.000209271323719423,0,0,0,0,0,0,0,0.00882901993410846,0,0,0,0,0,0,0,0,0,0,0,0.00581644659588986,0,0.0161243717892174,0,0,0.000960410116101031,0.0119392773841025,0.000185827441023837,0,0,6.92639462316632e-06,0,3.47313832838969e-06,0,0.000342515243417175,0,0.00166096804454593,0.000139073187417271,0,0,0,0,0,0,2.35358557524218e-05,0,0,0,0,0,0,0.0124564841374012,0,0,0,0,0,0,0,0,0,0,0,0.00329408577255716,0,0.0135093565742243,0,0.068498141032886,2.84846564530568e-05,0.00467071835423892,0,0.00907504574485314,0.000119434619569292,0.00171979732793271,0,0
0,0,0,0,0,0,0,0,0,0,0,0,0,0,0,0,0,0,0,0,0.00644433862181684,0,0,0,0,0,0,0,0,0,0,6.69144490891389e-05,6.76676880842315e-05,0,0.00268349049633014,0.000960410116101031,0,0,0.0194558426266167,0,0,0,0,0,0,0,0.000291495566926018,7.07797142448168e-05,0.000142236448352153,0,0,0,0,0,0,0,1.64742727197731e-06,0,0,0,0,0,0,0.000406101354353369,0,0,0,0,0,0,0,0,0,0,0,0.0020668898055862,0,0.000357396781132822,0.000640084257730846,0.0613625089694721,0,0.00947296464978448,0.00259413535528749,0.000625036773089977,0.00137351116803562,0,0
3.8034100172126e-06,0,0,0,0,0,0,0,0,0.00107428405693023,0,0.00461559567872541,0,0,0,0,0,0,1.44160316299328e-05,0.00302160655733006,0,0.0145043726157235,0.000493491599506701,0.00912475463307472,0,0,0,0.00114389689400638,0,0.00841664311679192,0,0,0,0.00185369905935752,0,0.0119392773841025,0,0,0.00630452184317552,0,0,0.000304869434161864,1.54594702236274e-05,0,0,1.73479925845669e-05,0,0.00664948987595493,0,0.000504523843962679,0,0,0,0,0,0,0,0.000529172206749564,0,0,0,0,0.000501146390609499,0,0.00301856857027086,7.4728566872972e-05,0.00118949647685318,0,0,0,0.00299259134804815,0,0.000747334310539314,0,0,0,0.000730300206605684,1.61740015063829e-05,0.00598733880513959,0,0.130698899279753,0.00241785901151795,0.0134242321488164,0.00339680134172097,0.00150507758973954,8.08746726442219e-05,0
4.23403881856282e-05,0,0,0,0,0,0,0,0.00149810795727559,0,0.0184286143080568,0,0,0,0,0,0,0,0,0,0.00799727302093173,1.36078754461998e-05,0.0112999664299362,0,0.0106239860515171,0,0,0,0.000329042596591376,0,0.00187596295404774,0,0,0.00072391734163969,0.00354588053200894,0.000185827441023837,0.0194558426266167,0.00630452184317552,0,0,0,0,4.9557403835756e-05,0,0,0,4.65299719765719e-05,0.00899949223031889,0.00564861329285602,0,0,0,0,0,0.00196397201553217,0,0.0014584995186374,0,0,0,0,0,0,0.000770392006145378,0,0.00667379902836842,0,0.0038622921831008,0,0,0,0.000219434756984327,0,0.00191140774054161,0,0,0.000115409052276847,0.000629506289412094,0,0.007345604319191,0.000440217375078053,0.1338846447596,0.00442379975837663,0.000110336930235058,0.00472710294691642,0,0
0,0,0,0,0,0,0,0,0,0,0,0,0,0,0,0,0.000159104230015023,0.000203511748908487,0.0149051115737226,0,0,0,0,0,0,0,0,0,0,0,0,0,0,0,0,0,0,0,0,0,0,0.0587583975040209,0.00122137011640812,0.00281835931832109,0.000123248223335887,0.0365509979374464,8.58699259361999e-05,8.4139695619013e-05,0,0.0339634030920165,0,0,0,0,0,0,0,0.000347115647194852,0,0,0,0,0.00535391788696583,0,0,0,0,0,0,0,0,0,0.000875626341282334,0,0,0,0,0,0.00223463802897452,3.75665364732525e-06,0.000588825104408716,0,0.000846055096968001,0,0.0790606688138611,0.00308611614362977,0
0,0,0,0,0,0,0,0,0,0,0,0,0,0,0,0,0,0,0.00138797568628664,0,2.09628879785572e-05,0,0,0,0,0,0,0,0,0,0,0,0,0,0,0,0,0,0,0,0,5.55947738687402e-05,0.014361774698498,0,0.00955434916073138,0,0.0233363768175094,0.000670659185795032,0.00730461650177914,0,0,0,0,0,0,0,0.000194163432393339,0,0,0,0,0,0,0.000678790955217382,0,0,0,0,0,0,0,5.10290218477837e-06,0,0.000238717166279315,0,0,0,0,0,0.00380657607779808,0,0.00245339146359849,1.24726582138489e-05,0,0.0397799986304803,0,0.0130311205942091
0,0.00144844135588029,0,0.000454696107018978,0,0,0,0,0,0.000545496317826046,0,0,0,0,0,0,0.000275727187429983,0.000471217648224363,0.0644534969545296,0,0,0,0,0.000460747441579254,0,0,0,0,0,0,0,0,0,0,0,6.92639462316632e-06,0,0.000304869434161864,0,0.0587583975040209,5.55947738687402e-05,0,0.00961516614706555,0.00834433197315086,0.00136012942690265,0.00657092222839431,0.000517089113210045,0.00366851117520408,0,0.0528289972395869,0,0,0,0,0,0,0,0.00112450914609771,0,0,0,0,4.64404933657405e-05,1.07081157439488e-05,0,0,0,0,0,0,0,0,0.0145863943111201,0,0,0,0,0,0.0172417381982084,0,0.0104448049103078,0,0.00396363019531797,2.20596789822868e-06,0.0845127389584472,0.0368601302408946,0.000451622534927013
0.00510694579598157,0,0.000352869508505468,0,0,0,0,0,0.00825174919010905,0,0,0,0,0,0,0,0.00127003882376949,0.000324613243232677,0.059352736487569,0,0.000236843119548198,0,0,0,0,0,0,0,0,0,1.76343653125151e-05,0,0,0,0,0,0,1.54594702236274e-05,4.9557403835756e-05,0.00122137011640812,0.014361774698498,0.00961516614706555,0,0.000336431435897397,0.019015536112618,9.22175241045724e-05,0.0365396402075555,0.00533830415980614,0.0315207566054857,0.000209990824914433,0,0,0,0,0,0,0.00707230756617362,0,0.000234653972114144,0,0,0,0,0.00236701571824117,0,0,0,0,0,0,0,0.000914703708052224,1.23488223489943e-05,0.0170148893858465,0,0,0,0.00073201881183475,0.000380802267829704,0.00592430587457566,0.000110242328673351,0.00238006087699888,0.00366339803099724,5.55404652539197e-06,0.152117180895953,0.000238966874954432,0.0995647852062399
0,0,0,0,0,0,0,0,0,0,0,0,0,0,0,0,4.12641888123002e-05,3.90372085135658e-05,0.0243563223431298,0,0,0,0,0.000156053219009689,0,0,0,0,0,0,0,0,0,0,0,3.47313832838969e-06,0,0,0,0.00281835931832109,0,0.00834433197315086,0.000336431435897397,0,0.00187356135902239,0.00337050451575782,0.000202172726262682,0,0,0.0020633693002773,0,0,0,0,0,0,0,0.00018672227769472,0,0,0,0,0,0,0,0,0,0,0,0,0,0,0.00324312419924494,0,0,0,0,0,0.0023731202939973,0,0.00393976732334337,0,3.81878595897949e-05,0,0.0126546003731274,0.00939320311633569,0.000189891987614604
0,0,0,0,0,0,0,0,0,0,0,0,0,0,0,0,0.00107432314611021,0.000105980969333622,0.0529545790102029,0,0.000332730874947524,0,0,0,0,0,0,0,0,0,0,0,0,0,0,0,0,0,0,0.000123248223335887,0.00955434916073138,0.00136012942690265,0.019015536112618,0.00187356135902239,0,0.000113272860897226,0.030042460428154,0,3.6953498071186e-05,2.93993482514045e-05,0,0,0,0,0,0,0.000318276505708138,0,0,0,0,0,0,0.00593794590009217,0,0,0,0,0,0,0,0,0,0.00189541501755068,0,0,0,0,4.25403365015533e-05,0.00574956450436962,5.28147587005909e-06,0.00164611225317905,0.000132316889458695,0,0.0349877504140575,0,0.0178111216819468
0,0,0,0.00232133873041093,0,0,0,0,0,0,0,0.00011918928876154,0,0,0,0,4.00319088356138e-06,1.60349139134467e-05,0.00798731580318093,0,0,0,0,0,0,0,0,0,0,0,0,0,0,0,0,0.000342515243417175,0,1.73479925845669e-05,0,0.0365509979374464,0,0.00657092222839431,9.22175241045724e-05,0.00337050451575782,0.000113272860897226,0,9.8889297392909e-05,0.000265887598937414,7.11325606772589e-05,0.00406962918434016,0,0.0001588579917164,0,0,0,0,0,0.00457343286949056,0,0,0,0,0.0893945043959432,0,0,0,0,0,0,0,0,0,0.0148344183071301,0,0,0,0,0,0.0263645950312085,0,0.0134973303438083,0,0.000899984307571282,0,0.0497147240586702,0,0
0.00200330397896929,0,0.000658624865823282,0,0,0,0,0,0,0,0.000137438489711282,0,0,0,0,0,0.000566913940860505,8.85589376993488e-05,0.0355226579692772,0,0.00469724101646192,0,0,0,0,0,0,0,0,0,0,0,0,0,0,0,0.000291495566926018,0,4.65299719765719e-05,8.58699259361999e-05,0.0233363768175094,0.000517089113210045,0.0365396402075555,0.000202172726262682,0.030042460428154,9.8889297392909e-05,0,0,0.00413975395170977,0,0,0,0,0,0,0,0.00637164301563136,0,7.94105990350205e-05,0,0,0,0,0.120442336977071,0,0,0,0,0,0,0,0.00018006493334412,0,0.00354906353340448,0,0,0,0,2.9811973357416e-05,0.0270800776538164,2.36319252666022e-05,0.00321326898488204,0.000314926031608094,0,0.0966543098948532,0,0.00163363212759108
2.15041774938324e-05,0,0,3.45427196059387e-05,0,0,0,0,0,0,0,0,0,0,0,0,0,0,4.32248883150401e-05,0,0,0,0,0,0,0,0,0,0,0,0,0.0906540773309583,0.0166077354895416,0.274523119529734,0.0743293373392555,0.00166096804454593,7.07797142448168e-05,0.00664948987595493,0.00899949223031889,8.4139695619013e-05,0.000670659185795032,0.00366851117520408,0.00533830415980614,0,0,0.000265887598937414,0,0,0.164176522893828,0.0166050108074506,0,0,0,0,0,0,0,0,0,0,0,0,0,0,0,0,0,0,0,0,0,0,0,0,0.155923458346747,0.0717999580536634,0.107296038964738,0.0665401709298969,0.0043884831275881,0.00402562829269306,0.000523189802221868,0.00299059545812128,0.00233984835391278,0.000125149259667544,0.0293959006316808,6.94429329129386e-05,2.83951690998186e-05
0.0243362971723451,0,0.00208723790917978,0,0,0,0,0,0.00237289059956623,0,0,0,0,0,0,0,0,0,7.59421475346087e-06,0,0,0,0.0147507527880036,0,0.0118794490612138,0,0,0,0,0,0,8.21493574472976e-05,0.000422604944095465,6.47366077348127e-05,0.000277536552956442,0.000139073187417271,0.000142236448352153,0,0.00564861329285602,0,0.00730461650177914,0,0.0315207566054857,0,3.6953498071186e-05,7.11325606772589e-05,0.00413975395170977,0.164176522893828,0,0.000854837816679831,0,0,0,0,0.00471553029657342,0,0.000340754394955143,0,0,0,0.0104844756577817,0,0,0.000357471222910626,0,0.0127296101460558,0,0.0324236946344547,0,9.98450255404831e-05,0,0.000313353410098209,0,0.00155627312065485,0,0,0,0.000359967256100968,1.11832668417722e-05,0.00555569774082519,0,0.0151267841923292,0.00158633183505075,0,0.0420895669346394,0,0.000253466019187914
0,0.0208507424377629,0,0.0186302864526454,0,0,0,0,0,0,0,0,0,0,0,0,1.55594714333647e-05,2.49731281979645e-05,0.00696330781305463,0,0,0.00156125855634575,0,0.00128614853422078,0,0,0,0,0,0,0,0,0,0.000641031373783991,0,0,0,0.000504523843962679,0,0.0339634030920165,0,0.0528289972395869,0.000209990824914433,0.0020633693002773,2.93993482514045e-05,0.00406962918434016,0,0.0166050108074506,0.000854837816679831,0,0,0,0,0,0,0.000131783951845374,0,0.00370199434060895,0,0.000117873669477516,0,0.000623413779112045,2.65087748757239e-05,0,0.00489245796936267,0,0.00772293424470129,0,0.00333397081504703,0,0.000730666428819449,0,0.0155449711383801,0,0,0,0.00267261618202336,0,0.00360690137208107,0,0.00246341853641381,0,0.000396913073113482,9.96669739615879e-06,0.0301058473939658,0.0108464882116044,0
0,0,0,0,0,0,0,0,0,0,0,0,0,0,0,0,0,0,0,0,0,0,0,0,0,0,0,0,0,0,0,0,0,0,0,0,0,0,0,0,0,0,0,0,0,0,0,0,0,0,0,0,0,0,0,0,0,0,0,0,0,0,0,0,0,0,0,0,0,0,0,0,0,0,0,0,0,0,0,0,0,0,0,0,0,0,0
0,0,0,0.00517394385536393,0,0.000589275208767503,0,0,0,0,0,0,0,0,0,0,0,0,0,0,0,0,0,0,0,0,0,0,0,0,0,0,0,0,0,0,0,0,0,0,0,0,0,0,0,0.0001588579917164,0,0,0,0,0,0,0,0,0,0,0,0,0,0,0,0,0,0,0,0,0,0,0,0,0,0,0,0,0,0,0,0,0,0,0,0,0,0,0.000353991283122938,0,0
0,0,0,0,0,0,0.0160200312009203,0,0,0,0,0,0,0,0,0,0,0,0,0,0,0,0,0,0,0,0,0,0,0,0,0,0,0,0,0,0,0,0,0,0,0,0,0,0,0,0,0,0,0,0,0,0,0,0,0,4.26039002155939e-05,0,0,0,0,0,0,0,0,0,0,0,0,0,0,0,0,0,0,0,0,0,0,0,0,0,0.000121086385344648,0,0,0,0
0,0,0,0,0,0,0,0.00110852549264545,0,0,0,0,0,0,0,0,0,0,0,0,0,0,0,0,0,0,0,0,0,0,0,0,0,0,0,0,0,0,0,0,0,0,0,0,0,0,0,0,0,0,0,0,0,0,0,0,0,0,0,0,0,0,0,0,0,0,0,0,0,0,0,0,0,0,0,0,0,0,0,0,0,0,0,0,0,0,0
0.000200114487408269,0,0,0,0,0,0,0,0.0383538153753341,0,0,0,0,0,0.00234719144960852,0,4.29175136890286e-05,0,0,0,0,0,0,0,0.00868841932534722,0,0.000163583221040509,0,0,0,0,0,0,0,0,0,0,0,0.00196397201553217,0,0,0,0,0,0,0,0,0,0.00471553029657342,0,0,0,0,0,0,0,0,0,0,0,0.124595876687726,0,0,0,0,0,0,0.0608205201236563,0,0.00793390371021693,0,0,0,0,0,0,0,0,0,0,0,0.00432656273071829,5.16409122496923e-05,0,0.00157684786718624,0,0
0,0.013567758257979,0,0.00788196143422859,0,9.03036770579738e-05,0,0,0,0.0454749489225469,0,0,0,0,0,0.0145553526836822,0,0,0,0,0,0,0,0.0210155689798972,0,0.00178922355761443,0,0,0,0,0,0,0,0,0,2.35358557524218e-05,0,0,0,0,0,0,0,0,0,0,0,0,0,0.000131783951845374,0,0,0,0,0,0,0,0.000468614299607768,0,0,0,0.0138089096196561,0,0,0,0,0.0808095797305922,0,0,0,0,0,0,0,0,0,0,0,0,0,0,0,1.58215945853566e-06,0,0.00179308132242515,0,0
0.00014994591168697,0,0.00140875214602404,0,0,0,0.000313142971277271,0,0,0,0.128421881473765,0,0.0071659568206733,0,0,0,0,0,0.000138922010705211,0,0.0317528951297815,0,0,0,0,0,0,0,0,0,0.011942098504309,0,0,0,0,0,1.64742727197731e-06,0,0.0014584995186374,0,0.000194163432393339,0,0.00707230756617362,0,0.000318276505708138,0,0.00637164301563136,0,0.000340754394955143,0,0,0,4.26039002155939e-05,0,0,0,0,0,0.0416602073207232,0,0,0,0,0.0397092233596727,0,0,0,0,0,6.38842790573134e-05,0,0.00959649052424312,0,0.0460943974896898,0,0,0,0,0,0.00012258371246436,0,4.08649998474844e-05,0.000717564123482787,0,0.0236854526132443,0,0.00316011149196512
0,0,0,0.00537082803722549,0,0.00083498512290869,0,0,0,0.000204020819562657,0,0.0293171444088967,0,0.000657425276922919,0,0,0,0,0.00027042239311249,0.00272118798867451,0,0,0,0,0,0,0,0,0,0.00156062601840948,0,0,0,0,0,0,0,0.000529172206749564,0,0.000347115647194852,0,0.00112450914609771,0,0.00018672227769472,0,0.00457343286949056,0,0,0,0.00370199434060895,0,0,0,0,0,0.000468614299607768,0,0,0,0.0036447620921501,0,0.000596942737816417,0.0170434737235072,0,0,0,0,0,0,0,0.00295074833141139,0,0.0482736973730397,0,0,0,0,0,3.11391190007073e-05,0,0.00363862207741712,0,9.01907341364129e-06,0,0.0135099852247813,0.000160744688739546,0
0,0,1.4801906940299e-05,0,0,0,0.00281890405438849,0,0,0,0.0110118114783566,0,0.0323208401403424,0,0.00368319847318509,0,1.17796386512224e-05,0,0,0,0,0,0,0,0,0,0,0,0.000262145879589572,0,0.000897538484232279,0,0,0,0,0,0,0,0,0,0,0,0.000234653972114144,0,0,0,7.94105990350205e-05,0,0,0,0,0,0,0,0,0,0.0416602073207232,0,0,0,0.00878613171645845,0,0,0.000851991744456916,0,0,0,0,0,0.00263125998692857,0,0.039327873032489,0,0.00105835371481639,0,0,0,0,0,0,0,0,0.00289715451487174,0.0013794965510314,0.000544308777907095,0,4.54903230383457e-05
0,0,0,0.000179858564573052,0,0,0,0,0,0,0,0,0,0.0022930096610685,0,0,0,0,0,0,0,0,0,0,0,0,0,0,0,0,0,0,0,0,0,0,0,0,0,0,0,0,0,0,0,0,0,0,0,0.000117873669477516,0,0,0,0,0,0,0,0.0036447620921501,0,0,0,0.00443981948956311,0,0,0,0,0,0,0.00259980911807125,0,0.000696346834215544,0,0,0,0,0,0,0,0,0,0,0,0,0,0.000351785064314613,0,0
0.0364692282186341,0,0,0,0,0,0,0,0.0457824916254958,0,0,0,0.00152086859919718,0,0.0150244544173338,0,0.00250144959212243,0,0,0,0,0,0,0,0.000670014046496904,0,0.000114647686150868,0,0,0,0,0,0,0,0,0,0,0,0,0,0,0,0,0,0,0,0,0,0.0104844756577817,0,0,0,0,0,0.124595876687726,0,0,0,0.00878613171645845,0,0,0,0,0,0,0,0,0.00756023141424856,0,0.0274996085206341,0,0.00276471197453893,0,0,0,0,0,0,0,0,0,0,0.000723751601096459,1.55285390527082e-05,0.000136552262239337,0,0
0,0.000314276599935594,0,0.00945394680351227,0,0,0,0,0,0,0,0,0,0.000354358606273308,0,0.00159213034967872,0,0.000394045813889489,0,0,0,0,0,0,0,0.00396544899254587,0,0,0,0,0,0,0,0,0,0,0,0,0,0,0,0,0,0,0,0,0,0,0,0.000623413779112045,0,0,0,0,0,0.0138089096196561,0,0.000596942737816417,0,0.00443981948956311,0,0,0,0,0,0,0,0,0.0185449461923224,0,0,0,0,0,0,0,0,0,0,0,0,0,2.6298953110227e-05,0,0.000985298370422369,0,0
0,0,0,0.000241594724647441,0,0,0,0,0,0,0,0.0162756203419991,0,0,0,0,5.02560354816628e-06,0,0.000270873384750369,0.0896627729589888,0,0,0,0,0,0,0,0,0,0,0,0,0,0,0,0.0124564841374012,0,0.000501146390609499,0,0.00535391788696583,0,4.64404933657405e-05,0,0,0,0.0893945043959432,0,0,0,2.65087748757239e-05,0,0,0,0,0,0,0,0.0170434737235072,0,0,0,0,0,0,0,0,0,0,0,0,0,0,0.00574969962643975,0,0,0,0,0,0.0101625851146172,0,0.0076101490689229,0,0.000407380524319521,0,0.0123085776208569,0,2.45326046800758e-05
0.000232890387170913,0,0.00168608495459035,0,0,0,0,0,0,0,0.00191039815134838,0,0,0,0,0,1.84286837419713e-05,0,0.00100851710463598,0,0.0596440468239751,0,0,0,0,0,0,0,0,0,0.000558560768775788,0,0,0,0,0,0.000406101354353369,0,0.000770392006145378,0,0.000678790955217382,1.07081157439488e-05,0.00236701571824117,0,0.00593794590009217,0,0.120442336977071,0,0.000357471222910626,0,0,0,0,0,0,0,0.0397092233596727,0,0.000851991744456916,0,0,0,0,0,0,0,0,0,0,0,0,0.000270349620076274,0,0.0106330208815572,0,0,0,0,0,0.00537863135903164,0,0.00752702247514352,6.99035350838173e-05,0,0.0192768747385206,0,0.000763705573555659
0,0,0,0,0,0,0,0,0,0,0,0,0,0,0,0,0,0.000511828599851641,0,0,0,0.0864239847200318,0.000271577896251278,0.00755245743280926,0,0,0,7.19960475868658e-05,0,0,0,0,0,0,0,0,0,0.00301856857027086,0,0,0,0,0,0,0,0,0,0,0,0.00489245796936267,0,0,0,0,0,0,0,0,0,0,0,0,0,0,0,0,0.00909081047929429,0,0,0,0.00698017037456203,0,0,0,0,0,0,0,0,0,0.00424175750481652,0,0.00278310738680655,0,0,0,0
0,0,0,0,0,0,0,0,0,0,0,0,0,0,0,0,0.00149601697869359,0,0,0,0,6.48421502759788e-05,0.14691220503483,0,0.000726030012723182,0,0.00724945693234098,0,0.00227927251672683,0,0,0,0,0,0,0,0,7.4728566872972e-05,0.00667379902836842,0,0,0,0,0,0,0,0,0,0.0127296101460558,0,0,0,0,0,0,0,0,0,0,0,0,0,0,0,0,0,0,0.00293337219103199,0,0.00301479391311031,0,0.00431638361458639,0,0,0,0,0,0,0,0,0,0.00594817117697964,0.00102172411520013,0,0,0,0
0,0,0,0,0,0,0,0,0,0,0,0,0,0,0,0,0,0,0,0,0,0.000764558607006354,0,0.163493169627026,0,0.0164823684056049,0,0,0,0,0,0,0,0,0,0,0,0.00118949647685318,0,0,0,0,0,0,0,0,0,0,0,0.00772293424470129,0,0,0,0,0,0.0808095797305922,0,0,0,0,0,0,0,0,0.00909081047929429,0,0,0,0.000613089126275317,0,0,0,0,0,0,0,0,0,0,0,0.00601462249256995,0,5.65297822467962e-05,0,0.00117315235429148,0,0
0,0,0,0,0,0,0,0,0.0094296641012013,0,0,0,0,0,0,0,4.86926872550128e-05,0,0,0,0,0,0.0022665597620805,0,0.259991378099459,0,0.0437208503040737,0,0,0,0,0,0,0,0,0,0,0,0.0038622921831008,0,0,0,0,0,0,0,0,0,0.0324236946344547,0,0,0,0,0,0.0608205201236563,0,0,0,0,0,0.00756023141424856,0,0,0,0,0.00293337219103199,0,0,0,0.058045756782591,0,0,0,0,0,0,0,0,0,0,0,0.00609058249262344,0.000575012049014638,0,0.00250984811256452,0,0
0,0,0,0,0,0,0,0,0,0,0,0,0,0,0,0,0,0,0,0,0,0,0,0,0,0.0193932590866682,0,6.40943471807986e-05,0,0,0,0,0,0,0,0,0,0,0,0,0,0,0,0,0,0,0,0,0,0.00333397081504703,0,0,0,0,0,0,0,0,0,0.00259980911807125,0,0.0185449461923224,0,0,0,0,0.000613089126275317,0,0,0,0,0,0,0,0,0,0,0,0,0,0,0,0,0,0,0,0
0.000444237145359738,0,0,0,0,0,0,0,0.0210006188614322,0,0,0,0,0,0.00363569876993215,0,0.00905080873645512,0,0,0,0,0,0.00844678200394242,0,0.0805715698948003,0,0.39471407075999,0,0.00706977661051097,0,0,0,0,0,0,0,0,0,0,0,0,0,0,0,0,0,0,0,9.98450255404831e-05,0,0,0,0,0,0.00793390371021693,0,6.38842790573134e-05,0,0.00263125998692857,0,0.0274996085206341,0,0,0,0,0.00301479391311031,0,0.058045756782591,0,0,0,0.0303984694746608,0,0,0,0,0,0,0,0,0,0,0.000782407377660927,0,8.00809852016663e-06,0,0
0,0,0,0,0,0,0,0,0,0,0,0,0,0,0,0,0,0,0,0,0,0,0,0,0,0,0,0.0264228313898673,0,1.91145448278869e-05,0,0,0,0,0,0,0,0.00299259134804815,0,0,0,0,0,0,0,0,0,0,0,0.000730666428819449,0,0,0,0,0,0,0,0.00295074833141139,0,0.000696346834215544,0,0,0,0,0.00698017037456203,0,0,0,0,0,0,0,0.000328568626132779,0,0,0,0,0,0,0,0.000818426093550191,0,8.90272275176363e-05,0,0.00162254940776084,0,0
0,0,2.0336648230604e-05,0,0,0,0,0,0,0,0.00381125494353391,0,0.00368520420676442,0,0.000928187827082841,0,0.000443580251364323,0,0,0,0,0,0.00140364183966749,0,0,0,0.0133716074958346,0,0.0535888282823211,0,0.0180346352457323,0,0,0,0,0,0,0,0.000219434756984327,0,5.10290218477837e-06,0,0.000914703708052224,0,0,0,0.00018006493334412,0,0.000313353410098209,0,0,0,0,0,0,0,0.00959649052424312,0,0.039327873032489,0,0.00276471197453893,0,0,0.000270349620076274,0,0.00431638361458639,0,0,0,0.0303984694746608,0,0,0,0.00992891274807487,0,0,0,0,0,0,0,0.00209749891553145,0.00228391531513136,0.00039831186511634,0.00219823686018256,0,0.000879939084882273
0,0,0,0.00213416480367458,0,0,0,0,0,0,0,0.0145129225549648,0,0,0,0,0,6.52228392682076e-06,0.00423518970533922,0.00345494871539406,0,0,0,0,0,0,0,0.00619834089262207,0,0.0940333532705434,0,0,0,0,0,0,0,0.000747334310539314,0,0.000875626341282334,0,0.0145863943111201,1.23488223489943e-05,0.00324312419924494,0,0.0148344183071301,0,0,0,0.0155449711383801,0,0,0,0,0,0,0,0.0482736973730397,0,0,0,0,0.00574969962643975,0,0,0,0,0,0,0,0.000328568626132779,0,0,0,0,0,0,0,0.000520885072165762,0,0.00626734883896074,0,0.000149901514726658,0,0.00999154597078802,0.00745373520156936,0
0.000111922901274743,0,0.00203974774338014,0,0,0,0,0,0,0,0.0149695807819308,0,0.00014707446532751,0,0,0,2.78166939239417e-05,0,0.000473422949733173,0,0.00916943767869679,0,0,0,0,0,0,0,0.0183505833469527,0,0.0494867358300656,0,0,0,0,0,0,0,0.00191140774054161,0,0.000238717166279315,0,0.0170148893858465,0,0.00189541501755068,0,0.00354906353340448,0,0.00155627312065485,0,0,0,0,0,0,0,0.0460943974896898,0,0.00105835371481639,0,0,0,0,0.0106330208815572,0,0,0,0,0,0,0,0.00992891274807487,0,0,0,0,0,0,2.94489576136705e-06,6.06785067877151e-05,0,0.00444458556872042,0.000169559974642421,0,0.0393424451777884,0,0.010754945037307
0,0,0,0,0,0,0,0,0,0,0,0,0,0,0,0,0,0,0,0,0,0,0,0,0,0,0,0,0,0,0,0.0590792214691537,0.00135479276108417,0,0.000180238216590294,0.00329408577255716,0,0,0,0,0,0,0,0,0,0,0,0.155923458346747,0,0,0,0,0,0,0,0,0,0,0,0,0,0,0,0,0,0,0,0,0,0,0,0,0,0,0,0.0109101636169807,0.00982453264099887,0,0.00185069076357649,0,0,0,0.000808444582386812,0,0,0,0
0,0,0,0,0,0,0,0,0,0,0,0,0,0,0,0,0,0,0,0,0,0,0,0,0,0,0,0,0,0,0,0.0295727715571072,0.139758201290955,0,0.00810696910299545,0,0.0020668898055862,0,0,0,0,0,0,0,0,0,0,0.0717999580536634,0,0,0,0,0,0,0,0,0,0,0,0,0,0,0,0,0,0,0,0,0,0,0,0,0,0,0.0109101636169807,0,0,0.0317689091317427,0,0.00772940537803008,0,0,0.000688384763255384,0,0,0,0
0,0,0,0,0,0,0,0,0,0,0,0,0,0,0,0,0,0,0,0,0,0,0,0,0,0,0,0,0,0,0,0.000301487680639163,0,0.147450514512811,0.0505715835392566,0.0135093565742243,0,0.000730300206605684,0.000115409052276847,0,0,0,0,0,0,0,0,0.107296038964738,0,0.00267261618202336,0,0,0,0,0,0,0,0,0,0,0,0,0,0,0,0,0,0,0,0,0,0,0,0,0.00982453264099887,0,0,0.0260629661780522,0.00371558564742127,0,0.0144847353928357,0,0.00447801134196145,0.000106773387062094,0,0,0
0,0,0,0,0,0,0,0,0,0,0,0,0,0,0,0,0,0,0,0,0,0,0,0,0,0,0,0,0,0,0,0.00179934371859958,0.0109468268369,0.195556138918914,0.230463133437169,0,0.000357396781132822,1.61740015063829e-05,0.000629506289412094,0,0,0,0.00073201881183475,0,0,0,0,0.0665401709298969,0.000359967256100968,0,0,0,0,0,0,0,0,0,0,0,0,0,0,0,0,0,0,0,0,0,0,0,0,0,0,0.0317689091317427,0.0260629661780522,0,0,0.00700737479074295,9.94378517638408e-05,0.0318195713502755,0.00106167437267316,0,3.27225580657262e-05,0,0
0,0,0,2.67664109823552e-06,0,0,0,0,0,0,0,3.93478070701003e-06,0,0,0,0,8.85985789778726e-05,3.55415183640556e-05,0.011051469941051,0.00232842461983344,0,0,0,0,0,0,0,0,0,0,0,0.00165031195960118,0,0.00662414267858314,0,0.068498141032886,0.000640084257730846,0.00598733880513959,0,0.00223463802897452,0,0.0172417381982084,0.000380802267829704,0.0023731202939973,4.25403365015533e-05,0.0263645950312085,2.9811973357416e-05,0.0043884831275881,1.11832668417722e-05,0.00360690137208107,0,0,0,0,0,0,0,3.11391190007073e-05,0,0,0,0,0.0101625851146172,0,0,0,0,0,0,0,0,0,0.000520885072165762,2.94489576136705e-06,0.00185069076357649,0,0.00371558564742127,0,0,0,0.0121392500265043,0,0.00644663400375777,9.96483977214711e-07,0.00671224848969156,0.000412075875973544,1.29836654393811e-06
0.000365156744400649,0,0.000183406397400418,0,0,0,0,0,0,0,2.49839813773172e-06,0,0,0,0,0,3.18864994740854e-05,2.64416261014285e-05,0.00210266639158608,0,0.00225044596024724,0,0,0,0,0,0,0,0,0,2.61479164627746e-06,0,0.00508763791745782,0,0.00703801650559241,2.84846564530568e-05,0.0613625089694721,0,0.007345604319191,3.75665364732525e-06,0.00380657607779808,0,0.00592430587457566,0,0.00574956450436962,0,0.0270800776538164,0.00402562829269306,0.00555569774082519,0,0,0,0,0,0,0,0.00012258371246436,0,0,0,0,0,0,0.00537863135903164,0,0,0,0,0,0,0,0,0,6.06785067877151e-05,0,0.00772940537803008,0,0.00700737479074295,0,0,0,0.0153538676682684,0.00416022639605942,2.18754897332824e-05,0.0145774438011562,0,0.00214835356259405
0,0,0,5.10311272955801e-05,0,0,0,0,0,2.68700297147467e-05,0,0.0027145142803395,0,0,0,0,1.01507861391078e-05,4.92719864799232e-05,0.00902683358318126,0.00465185712566107,0,0.00584759861905169,0,0.00216507148756075,0,0,0,0.000525771852978113,0,0.00317426377261881,0,0,0,0.00779307449497427,0.000497026763919712,0.00467071835423892,0,0.130698899279753,0.000440217375078053,0.000588825104408716,0,0.0104448049103078,0.000110242328673351,0.00393976732334337,5.28147587005909e-06,0.0134973303438083,2.36319252666022e-05,0.000523189802221868,0,0.00246341853641381,0,0,0,0,0,0,0,0.00363862207741712,0,0,0,0,0.0076101490689229,0,0.00424175750481652,0,0.00601462249256995,0,0,0,0.000818426093550191,0,0.00626734883896074,0,0,0,0.0144847353928357,9.94378517638408e-05,0.0121392500265043,0,0,6.1238976010173e-05,0.00591754225740589,0.000223635574449624,0.00638314386220664,0.00211618886260966,2.123567766249e-05
2.20842169984371e-05,0,9.9499307073853e-05,0,0,0,0,0,0.000410922590880365,0,0.00371305542059097,0,0,0,0,0,3.72688018356887e-05,0,0.000613054428988042,0,0.00477268744414193,0,0.00603699023093353,0,0.00458520789413955,0,0,0,0.000875666168216624,0,0.000840860378674167,0,0,0.000368986614705593,0.0104206201744977,0,0.00947296464978448,0.00241785901151795,0.1338846447596,0,0.00245339146359849,0,0.00238006087699888,0,0.00164611225317905,0,0.00321326898488204,0.00299059545812128,0.0151267841923292,0,0,0,0,0,0.00432656273071829,0,4.08649998474844e-05,0,0,0,0,0,0,0.00752702247514352,0,0.00594817117697964,0,0.00609058249262344,0,0,0,0.00209749891553145,0,0.00444458556872042,0,0,0,0.0318195713502755,0,0.0153538676682684,6.1238976010173e-05,0,0.00449778894902576,0.000159920164364995,0.0123297828864076,0,0.000838602924080055
