0,0,0.0139560482775258,0,0,0,0,0,0.0301074982494668,0,0,0,0,0,0.000168006712265568,0,0,0,0.000201871155900303,0,1.15048135952748e-05,0,0,0,0,0,0,0,0,0,0,0,0,0,0,0,0,0,2.26851225506804e-05,0,0,0.000103071104267697,0.00192160401239582,0,0,0,0.00120883056388681,5.35487030082732e-05,0.0159122117222044,0,0,0,0,0,0.0192950396355794,0,0.000221024328659312,0,0,0,6.32585529751401e-05,0,0,0.00193197104265075,0,0,0,0,0,0,0,2.94937352721418e-05,0,0.00192837635790902,0,0,0,0,7.72941483377946e-06,0.000288815057103178,0,2.49015809516189e-05,0.000562227686699519,0,0.0141829892272802,2.73262424285304e-05,0
0,0,0,0.0210693282947373,0,0,0,0,0,0.0226873837849615,0,0,0,0,0,0,0,2.56946995975282e-05,0.00144722972648056,0,0,0,0,0,0,3.41212240011839e-05,0,0,0,0,0,0,0,0,0,4.71616075504668e-06,0,0,9.56284914912063e-06,0.000174652772454726,0,0.00709893992613006,0,0,0,0.00089401350762272,1.10339641349716e-05,4.91843728483144e-05,0,0.0196194980728802,0,0,0,0,5.01599085595654e-05,0.00498204279104693,0,0,0,0,0,0.00757127966212989,0,0,0,0,0,2.64301320746629e-05,0,0,0,0,0,0,0,0,0,0,8.06742286395626e-05,0,0,0,0.000329408756352269,0,0.00169612282172578,0,0
0.0139560482775258,0,0,0,0,0,0,0,0.00196122324154044,0,0,0,0,0,0.000296537168734193,0,0,0,0,0,0.00306337456504212,0,0,0,0,0,0,0,0,0,0,0,0,0,0,0,1.216680491348e-06,0,9.21602185105661e-06,0,1.35267685349256e-05,2.84131422688264e-05,0.000762193505708697,0,0,0,5.01352247669474e-05,0,0.00300856065702661,0,0.00066198596246957,0,0,0,0.00531314331520222,0,4.2709473490758e-05,0,0,0,0.000200055693691231,0,0,0.000251166264988487,0,0,0,0,0,0,0,0,0,0.000902903636428011,0,0,0,0,0,4.71530196666482e-06,0,0,0.000111622011148142,3.52218284369813e-06,0.00252876323430654,0,0
0,0.0210693282947373,0,0,0,0.00215847977121541,0,0,0,0.0247175168663276,0,0.000707484959835327,0,0,0,0,0,5.16948514797839e-06,0.000103655497774712,0.000894002277333636,0,0,0,0,0,0,0,0,0,0.000492457363043951,0,0,0,0,0,1.52798967505413e-05,0,0,0,0.000156334242141327,0,0.00327112217853858,0,0.000171643220710912,0,0.000431017662286615,0,6.35240366368234e-05,0,0.00705434034776389,0,0.00933825869102499,0,0,0,0.0487480177639835,0,0.0067637293594339,0,0.00229785321651967,0,0.00490206094984153,0.000689811779984295,0,0,0,0,0,0,0,0,0,0.00108928205165588,0,0,0,0,0,4.58673435410465e-05,0,9.10799995074275e-05,0,0.000424496030674953,0,0.00869806296425077,0.000874533376274971,0
0,0,0,0,0,0,0,0,0.00110440035114417,0,0,0,0,0,0.00114799428439615,0,0,0,0,0,0.000141504400391352,0,0,0,0,0,0,0,0,0,0,0,0,0,0,0,3.55780102417292e-05,0,0,0,0,0,0,0,0,0,0,0,0,0,0.00834492294670153,0,0,0,0.000961552163916607,0,0,0,0,0,0.000184205357002302,0,0,6.42301124950534e-05,0,0,0,0,0,0,0,0,0,0,0,0,0,0,0,0,0,0,0.000177705678895925,4.07123971098175e-05,0,0,0
0,0,0,0.00215847977121541,0,0,0,0,0,0.00665566152815901,0,0,0,0,0,0.000390742162591065,0,0,3.22446638597823e-06,0.0106809507581233,0,0,0,0,0,0,0,0,0,0.000146136029177072,0,0,0,0,0,0.00130050619608032,1.36883380145663e-05,0,0,0,0,0.000562282401619497,0,0,0,0.000612878877298068,0,0.000124625573580254,3.76852945836907e-05,0.00068278884303542,0,0.0756102529845003,0,0,0,0.000405459454992985,0,0.00112585892445819,0,0.00302008272111081,0,0.00063998988030149,0.00751577167466642,0,0,0,0,0,0,0,0,0,0.000121321654167415,0,0,0,0,0,0.00238628244930415,0,2.96865605575348e-05,0,0.00251801545660278,6.56473034876402e-06,0.00668769170103388,0,0
0,0,0,0,0,0,0,0,0,0,0,0,0,0,0,0,0,0,0,0,0,0,0,0,0,0,0,0,0,0,0,0,0,0,0,0,0,0,0,0,0,0,0,0,0,0,0,0,0,0,0,0,0.00900799489396098,0,0,0,0,0,0.000287980361229883,0,0,0,0,0,0,0,0,0,0,0,0,0,0,0,0,0,0,0,0,0,0,0,0.000457688680358921,0,0,0,0
0,0,0,0,0,0,0,0,0,0,0,0.000278606299137535,0,0,0,0,0,0,0,0.000937312846906402,0,0,0,0,0,0,0,0,0,0,0,0,0,0,0,0,0,0,0,0,0,0,0,0,0,0,0,0,0,0,0,0,0,0.00812963857305116,0,0,0,0,0,0,0,0,0,0,0,0,0,0,0,0,0,0,0,0,0,0,0,0,0,0,0,0,0.000317025046346847,0,0,0,0
0.0301074982494668,0,0.00196122324154044,0,0.00110440035114417,0,0,0,0,0,0,0,0,0,0.0210173079804466,0,1.99874492334965e-05,0,5.08159127479669e-06,0,0,0,0,0,0.00635170908346422,0,0.00608676039154684,0,0,0,0,0,0,0,6.2783214584063e-05,0,5.83945877261419e-06,0,0.0002631684017518,0,5.6466126417307e-05,0.000149404417103237,0.000136810287533276,0,0,0,8.88253650130624e-05,0,0.000241824888431949,5.27302066088975e-05,0,0,0,0,0.0569949077711453,0,1.91754308412285e-05,0,0,0,0.00232567572774137,0,0,0,0,0,0,0.013778138439208,0,0.00162413206867818,0,0,0,0.000460561180153976,0,0,0,0,0,1.6023702734592e-05,0,5.2992618604497e-05,0.00275163030710443,0.000152234456372684,0.00275765713677763,0,0
0,0.0226873837849615,0,0.0247175168663276,0,0.00665566152815901,0,0,0,0,0,0,0,0,0,0.00973525231331659,7.25676041276689e-05,0.0014604747059877,0.00017970388521573,0,0,5.44008317706502e-05,0,0.0102825632610335,0,0.000709094834775917,0,0,0,6.38274791876815e-05,0,0,0,2.47172414977589e-05,0,0,0,0.00087323822318224,0,0,0.000158991049086402,0.00384887123527724,0,0,0,0,0,0,0,0.00102931053822327,0,0,0,0,0,0.12566664203567,0,0.000650650870238394,0,0,0,0.00229613116475489,1.66381546489887e-05,0,2.31926426971244e-05,0,0.00121593645379747,0,0.00097094420011503,0,0,0,7.53878694036377e-05,0,0,0,0,0,4.31307638775556e-06,0,0.000116683672835627,0,0.00292054630795984,2.55538570319207e-06,0.0114751183992215,9.70969842069187e-05,0
0,0,0,0,0,0,0,0,0,0,0,0,0.00290641866831062,0,0,0,0,0,0,0,0.00390776410021512,0,0,0,0,0,0,0,0,0,0.000553351629946559,0,0,0,0,0,0.00137337744811228,0,0.00425401183344329,0,0,0,0,0,0,0,0,0,0,0,0,0,0,0,0,0,0.0256475608351555,0,0.00293416815891658,0,0,0,0,0,0,0,0,0,0,0,0,0,0,0.00755043944884012,0,0,0,0,0,1.81642324632195e-05,0,0.00013303751848591,0.000503019298572612,0,2.32311681849522e-05,0,0
0,0,0,0.000707484959835327,0,0,0,0.000278606299137535,0,0,0,0,0,0.00321545379290258,0,0,4.95653663844744e-06,0.000101888610417525,0.000649773665621414,0.0042550042718321,0,0,0,0,0,0,0,0,0,0.00102416534581776,0,0,0,0,0,6.42877418279403e-05,0,0.00143629282414833,0,0.000113328520763032,0,0.00291474002671069,0,0.000206025244849485,0,0.00333257035853911,0,0,1.11017773964351e-05,8.82085300677332e-05,0,5.31198640077116e-05,0,0,0,0.000225246171934074,0,0.0509731553665607,0,8.93599140560129e-06,0,5.55832352273621e-05,0.00963621097477171,0,0,0,0,0,0,0,0.000902263961124872,0,0.00347821240564737,0,0,0,0,0,5.02095805952485e-05,1.95285537562455e-06,0.000308248432756582,0,0.0010401547287049,0,0.00289739709827538,0.00280124502446199,0
0,0,0,0,0,0,0,0,0,0,0.00290641866831062,0,0,0,0.000233889975098725,0,0,0,0,0,0,0,0,0,0,0,0,0,0,0,0,0,0,0,0,0,0,0,0,0,0,0,0,0,0,0,0,0,0,0,0,0,0,0,0,0,0.0032269401975521,0,0.0223904037077215,0,0,0,0,0,0,0,0,0,0,0,0,0,0,0,0,0,0,0,0,0,0,0,6.60392090971416e-05,0,0,0,0
0,0,0,0,0,0,0,0,0,0,0,0.00321545379290258,0,0,0,0,0,0.00121074826603175,0,0,0,0,0,0,0,0.00147391723707995,0,0.000746648980240119,0,0,0,0,0,0,0,0,0,0,0,0,0,0,0,0,0,0,0,0,0,0,0,4.84379056185061e-05,0,0,0,0,0,0.000984399563309063,0,0.0142489000276248,0,6.50563962365097e-05,0,0,0,0,0,0,0,0,0.00257645368942743,0,0,0,0,0,0,0,0,0,0,0,0.000191509038419095,8.10899775027796e-05,0,0,0
0.000168006712265568,0,0.000296537168734193,0,0.00114799428439615,0,0,0,0.0210173079804466,0,0,0,0.000233889975098725,0,0,0,0,0,0,0,0,0,0,0,0,0,0,0,0,0,0,0,0,0,0,0,0,0,0,0,0.000117261003596768,0,1.95121093922641e-05,0,0,0,0,0,0.000190167468362878,0,0,0,0,0,4.45296597762716e-05,0,1.66128102786023e-05,0,0,0,0.0375913221825508,0,0,2.49797002300226e-05,0,0,0,0,0,0,0,0,0,0.000465818582051522,0,0,0,0,0,1.57386930925134e-06,0,0,4.27853462575656e-05,0,0.000465618609633867,0,0
0,0,0,0,0,0.000390742162591065,0,0,0,0.00973525231331659,0,0,0,0,0,0,0.000197558500421378,0.00585718276544427,3.09611098679566e-05,9.62489689482933e-05,0,0.000372379303167138,0,0.00960133054559477,0,0.0233173900064322,0,0.000105917027673739,0,0,0,0,0,0,0,0,0,0,0,0,0,0,0,0,0,0,0,0,0,0,0,0.00122213850202667,0,0,0,0.00448801861755477,0,0,0,0.00440799966050808,0,0.0286082313259199,0,0,0.000201437389007681,0,0.00240652625741381,0,0.0111027881385899,0,0,0,0,0,0,0,0,0,0,0,0,0,0.000627630178732461,0.000205040316209469,0,0,0
0,0,0,0,0,0,0,0,1.99874492334965e-05,7.25676041276689e-05,0,4.95653663844744e-06,0,0,0,0.000197558500421378,0,0.0900704390613242,0.0404568842452666,5.58387131507951e-05,1.99026083201288e-05,0.00173817277851789,0.00262986894771257,0.00305783899331154,0.00142060682549662,0.00279251816344912,0.00457702782407108,1.99422396005232e-05,0,1.73908221113878e-05,0,0,0,0,0,4.60114070074898e-05,1.22125849378243e-05,5.91233026297198e-06,1.91509638597871e-06,0.000524227356593106,0.000270404226121603,0.000302906784466394,0.000562695679639962,0,0,3.78140519911325e-05,0.000210271470218138,1.78650634069153e-06,2.71239564248494e-05,8.28960803269763e-05,0,0,0,0,0,9.29382635459211e-05,0,1.25147716469904e-05,0,0,0,6.27176632036082e-05,9.4348992212643e-06,0.000310085509097237,0.000588873052076441,0,0.000352235575490143,0,0.0012006578023474,8.14974679266469e-05,0,0,0,2.98595562762395e-05,0,0,0,0,0.000242438840401481,0.000540855733643043,9.64500231142461e-05,0.000122276569482534,0.0252091675277929,0.00120549549103458,0.000756617250233547,0.000148805614060936,9.08942827309152e-05
0,2.56946995975282e-05,0,5.16948514797839e-06,0,0,0,0,0,0.0014604747059877,0,0.000101888610417525,0,0.00121074826603175,0,0.00585718276544427,0.0900704390613242,0,0.0338847804437523,0.000178847404074986,3.98460147153788e-05,0.0123356525619544,7.37881139851023e-05,0.0207892990761232,0,0.0717221968539783,0,0.00960879050689116,0,0,0,0,0,0,0,0.000130089067301452,3.53368516953936e-06,4.00072064349843e-05,0,0.00201943683720599,0.000303362367872778,0.00153780599731749,0.000118215247384967,9.6293652196499e-05,0,0.000319759548020609,0.000263225018377978,1.27455692358854e-06,0,0.000291889817502217,0,0,0,0,0,0.000148820658712428,0,0.000308817953895516,0,0,0,0.00256886384456691,5.61286468636878e-05,0.00021075764164712,0.00208279339601879,0,0.00426064538680882,0,0.0338991933117316,0,9.32643392157876e-05,0,4.35593603298882e-06,1.33250412822667e-05,0,0,0,0,0.00103710902786802,0.00029083599641419,0.000521425012443191,7.47644475444508e-05,0.0318537368507874,0.00444922948909802,0.00127169361560277,0.000560967741325371,3.28879787388403e-05
0.000201871155900303,0.00144722972648056,0,0.000103655497774712,0,3.22446638597823e-06,0,0,5.08159127479669e-06,0.00017970388521573,0,0.000649773665621414,0,0,0,3.09611098679566e-05,0.0404568842452666,0.0338847804437523,0,0.00174902354329261,0.0022239679274345,0.000547880741693531,5.86699728700503e-06,0.00151888934727505,0,0.00180213506157316,0,0,0,3.59612156479818e-05,0,0,0,0,0,0.00153365439507637,0.000176489493143904,0.000139052767546074,4.99286589685744e-05,0.0280115519730883,0.00649389733584839,0.0092432819461152,0.0127719684624247,0.00290759627320442,0.000116056718392371,0.00629030831881785,0.0136637199325583,0.000109506870527445,0.000716770855337543,0.00290405576160982,0,0,0,0,8.04068654017536e-06,5.32747267078913e-05,4.99360309015264e-05,0.00158533575641635,0,8.19791345335337e-06,0,3.00361747788928e-05,0.000263530724205917,0.0176949685582511,8.28406311533482e-05,0,0.000200595093551525,0,0.000698625284392806,0,0,4.10704621513993e-05,0.000202279903759079,0.00344617595065466,0,0,0,0,0.012903786950839,0.00935047685537144,0.00342772340329978,0.00338954449620342,0.00516058482232171,1.90906560140382e-05,0.0273502726103782,0.00459214782245473,0.00227113746155619
0,0,0,0.000894002277333636,0,0.0106809507581233,0,0.000937312846906402,0,0,0,0.0042550042718321,0,0,0,9.62489689482933e-05,5.58387131507951e-05,0.000178847404074986,0.00174902354329261,0,0,1.01694532948178e-05,0,0,0,0,0,0,0,5.13053048840581e-05,0,0,0,0,0,0.0037302222821991,1.84973362607451e-06,0.00231680110234758,0,0.000596988110437558,1.32435193517504e-05,0.00177148636172736,0,0.00156019835899752,0,0.0161670014568997,6.15152697938919e-06,0,5.12332053329885e-06,0.000129869230317023,0,0.000432666766011244,0,0,0,0.00019771342821987,0,0.00530792849231481,0,4.30649561170128e-05,0,0.000144320321921121,0.0659917447277069,9.34206781854865e-06,0,0,0,0,0,0,0,0,0.00146278666912739,0,0,0,0,0,0.00373027857528148,0,0.000991476686332968,0,0.00108550343058512,0,0.00574967260798741,0.00469483168758386,0
1.15048135952748e-05,0,0.00306337456504212,0,0.000141504400391352,0,0,0,0,0,0.00390776410021512,0,0,0,0,0,1.99026083201288e-05,3.98460147153788e-05,0.0022239679274345,0,0,0,0,0,0,0,0,0,0,0,0,0,0,0,0,2.71487684666628e-06,0.00744165078080939,0,0.00516806506343901,0.000208633308235675,6.5852775900356e-05,0,0.00237959704248252,0,0,6.66487693841665e-05,0.0048103891326075,0,0.000343866551370426,0,0.000446569938402835,0,0,0,0.000144464078933005,0,0.0319507009358676,0,0,0,3.09248925179355e-05,0,0,0.218280626534235,0,0,0,0,0,0,0,0,0,0.000264614825647237,0,0,0,0,1.59841261597998e-05,0.00416161725009958,1.91198647673982e-06,0.00269022853852345,0.000929618259478133,1.42102919898699e-05,0.00916688588597774,0,0.000183180099351287
0,0,0,0,0,0,0,0,0,5.44008317706502e-05,0,0,0,0,0,0.000372379303167138,0.00173817277851789,0.0123356525619544,0.000547880741693531,1.01694532948178e-05,0,0,0.00687055597526532,0.00482640904306374,0,0.0114754515869162,0,0.0015738561419839,0,6.78928486370494e-06,0,0,0,0,0,0,0,0.00399255127558983,0,8.52883793916342e-06,1.74282561744049e-05,1.45155211262181e-05,0,0,0,0,1.82715848655313e-05,0,0,0.000382962689905882,0,0,0,0,0,0,0,0,0,0,0,0.000546730579215374,0,0,0.0578590037160686,0.00215651943153477,0.00147236977196574,0,0.00325968440259139,0,0.000669576415064898,0,4.90765171876432e-05,0,0,0,0,0,5.0914893206609e-06,5.81669354028029e-07,0.00495834013564417,0,0.00239826325952656,0.000107999360999278,4.33104198009699e-06,2.57440449930279e-06,0
0,0,0,0,0,0,0,0,0,0,0,0,0,0,0,0,0.00262986894771257,7.37881139851023e-05,5.86699728700503e-06,0,0,0.00687055597526532,0,0,0.00510045809638518,0,0.00020672451880317,0,0.000906453621899631,0,0,0,0,0,0,0,0,0,0.00151158083122344,0,0,0,0,0,0,0,0,5.85707771127465e-06,0.00335110886026955,0,0,0,0,0,0,0,0,0,0,0,0,0,0,0,0.000197306076264749,0.0763361348487935,0,0.000993498447714408,0,0,0,0.000145674242979556,0,0,0,0,0,0,0,0,0,0.00203010300805154,0.00560988027426305,0.00186286670055642,0,0,0
0,0,0,0,0,0,0,0,0,0.0102825632610335,0,0,0,0,0,0.00960133054559477,0.00305783899331154,0.0207892990761232,0.00151888934727505,0,0,0.00482640904306374,0,0,0,0.0423437515940585,0,0.000138645185584872,0,0,0,0,0,0,0,0,0,0.00230975159969444,0,5.39588635662244e-05,0,6.71617616072473e-05,0,6.48602314352702e-05,0,0,0,0,0,0.000239388126439049,0,0,0,0,0,0.000588649340297008,0,0,0,0,0,0.00682140490342861,0,0,0.00146336888996163,0,0.0354786066838476,0,0.0326900432237592,0,0,0,0,0,0,0,0,0,9.3757774231385e-06,0,7.33411524451556e-05,0,0.0023366963416354,3.77121946724771e-05,0.0011288949614984,0.000100576001828366,0
0,0,0,0,0,0,0,0,0.00635170908346422,0,0,0,0,0,0,0,0.00142060682549662,0,0,0,0,0,0.00510045809638518,0,0,0,0.00593676957002164,0,0,0,0,0,0,0,0,0,0,0,0.0037187693468006,0,0,0,0,0,0,0,0,0,0,0,0,0,0,0,0.00543885444703067,0,0,0,0,0,0,0,0,0,0,0.00139088980864047,0,0.0513830443656678,0,0.000112246045318898,0,0,0,0,0,0,0,0,0,0,0,0.000613880751567273,0.000927330073134157,0,0,0,0
0,3.41212240011839e-05,0,0,0,0,0,0,0,0.000709094834775917,0,0,0,0.00147391723707995,0,0.0233173900064322,0.00279251816344912,0.0717221968539783,0.00180213506157316,0,0,0.0114754515869162,0,0.0423437515940585,0,0,0,0.00401396082900447,0,0,0,0,0,0,0,0,0,0,0,9.93545249750223e-05,4.80616814112359e-05,8.173234295528e-05,0,0,0,5.52079630345937e-05,0,0,0,0.00028159313213303,0,0,0,0,0,0.000276131649001577,0,0,0,0,0,0.0091143840199581,0,0,0.00580874325812568,0,0.0465189090528286,0,0.169048077984289,0,0.000371513683688015,0,0,0,0,0,0,0,8.26412453737609e-06,0,1.65793527908247e-05,0,0.00512769108986762,0.00112513072616386,1.95020410136398e-05,2.22502437362141e-05,0
0,0,0,0,0,0,0,0,0.00608676039154684,0,0,0,0,0,0,0,0.00457702782407108,0,0,0,0,0,0.00020672451880317,0,0.00593676957002164,0,0,0,0,0,0,0,0,0,0,0,0,0,0,0,0,0,0,0,0,0,0,0,0,0,0,0,0,0,0,0,0,0,0,0,8.24554016825049e-05,0,0,0,0,0.00157497732849609,0,0.00624627211323516,0,0.0231610513225441,0,0.00018816922339441,0,0,0,0,0,0,0,0,0,0,0.000333159649788536,0,0,0,0
0,0,0,0,0,0,0,0,0,0,0,0,0,0.000746648980240119,0,0.000105917027673739,1.99422396005232e-05,0.00960879050689116,0,0,0,0.0015738561419839,0,0.000138645185584872,0,0.00401396082900447,0,0,0,0.000924324482182998,0,0,0,0,0,0,0,0.000368099881815936,0,0,0,4.00172708939694e-06,0,0,0,0,0,0,0,0,0,0,0,0,0,0,0,6.903465660839e-05,0,0.000863261208053237,0,0.000260921778634295,0,0,0.00379026788665392,0,0,0,0.00142692240474279,0,0.0359688946334942,0,0.0019791631014395,0,0,0,0,0,0,0,0.000649695726523202,0,0.00167061235064575,0.000543686641107439,1.89692444373547e-06,0,0
0,0,0,0,0,0,0,0,0,0,0,0,0,0,0,0,0,0,0,0,0,0,0.000906453621899631,0,0,0,0,0,0,0,0.000639676686228666,0,0,0,0,0,0,0,0.000154980552637206,0,0,0,0,0,0,0,0,0,0,0,0,0,0,0,0,0,0,0,0,0,0,0,0,0,0,0.0043393568926787,0,0,0,5.59731145138897e-05,0,0.0215902104111913,0,0.000658864314773995,0,0,0,0,0,0,0,0,0.000216446073745839,0,0,0,0
0,0,0,0.000492457363043951,0,0.000146136029177072,0,0,0,6.38274791876815e-05,0,0.00102416534581776,0,0,0,0,1.73908221113878e-05,0,3.59612156479818e-05,5.13053048840581e-05,0,6.78928486370494e-06,0,0,0,0,0,0.000924324482182998,0,0,0,0,0,0,0,0,0,0.00275843820974045,0,0,0,0.000348773747434271,0,0,0,0.000459342122567899,0,0,0,0,0,0,0,0,0,0,0,0.0074204508426264,0,0.000125422941076878,0,0,7.82632709231088e-05,0,1.9286642845752e-05,0,0,0,0,0,0.00716727745972451,0,0.0138217534769453,0,0,0,0,0,0,0,0.000263297763364784,0,0.000320641640334573,0,0.000294806555305193,0.000740970406780787,0
0,0,0,0,0,0,0,0,0,0,0.000553351629946559,0,0,0,0,0,0,0,0,0,0,0,0,0,0,0,0,0,0.000639676686228666,0,0,0,0,0,0,0,0,0,0.00185622686223363,0,0,0,0,0,0,0,0,0,0,0,0,0,0,0,0,0,0.000837821410301655,0,0,0,0,0,0,0,0,0,0,0,0,0,0,0.000790702728731643,0,0.0229659993656917,0,0,0,0,0,0,0,0.00193832380815579,0.000139796547184088,0,0,0,0
0,0,0,0,0,0,0,0,0,0,0,0,0,0,0,0,0,0,0,0,0,0,0,0,0,0,0,0,0,0,0,0,0.0335002749874148,0.00631842264312106,0,0.0141648387588425,4.55027356685703e-05,0,0,0,0.000160870402558572,0,0,0,0,0,0,0.173061204487965,0.000918239188267676,0,0,0,0,0,0,0,0,0,0,0,0,0,0,0,0,0,0,0,0,0,0,0,0,0,0.0853665440639507,0.0143467472468421,0.00199079196124359,0,0.00316815540381198,0.000594384055588608,0,0,0.0018418746067808,0,1.63285756711918e-05,0,0
0,0,0,0,0,0,0,0,0,0,0,0,0,0,0,0,0,0,0,0,0,0,0,0,0,0,0,0,0,0,0,0.0335002749874148,0,0,0.000220990838517962,0.00157219117671102,0.00249632014857999,0,0,0,0.000135560326083035,0,0,0,0,0,0,0.0066138215886419,0.00389111862459514,0,0,0,0,0,0,0,0,0,0,0,0,0,0,0,0,0,0,0,0,0,0,0,0,0,0.000774344384659931,0.0366228412340883,0,0.000629116933202698,1.2684156255069e-05,0.00162049655585153,0,0,0.00116861769503051,0,0,0,0
0,0,0,0,0,0,0,0,0,2.47172414977589e-05,0,0,0,0,0,0,0,0,0,0,0,0,0,0,0,0,0,0,0,0,0,0.00631842264312106,0,0,0.108169251455641,0.00331702624000378,1.28495731234425e-06,0.000946796166680285,0.000235325099204624,0,0,0,0,0,0,0,0,0.148267431831075,9.29059000659725e-05,0.000915597734275846,0,0,0,0,0,0,0,0,0,0,0,0,0,0,0,0,0,0,0,0,0,0,0,0,0.0093433019965068,0,0.172057857475331,0.0312725741679716,0.000906820443623584,0,0.00306369548216089,0,0.00133781782644375,0,0,0,0
0,0,0,0,0,0,0,0,6.2783214584063e-05,0,0,0,0,0,0,0,0,0,0,0,0,0,0,0,0,0,0,0,0,0,0,0,0.000220990838517962,0.108169251455641,0,0.000291228215464359,0.0138848174707504,0,0.0028039093413691,0,8.15393596874478e-06,0,0,0,0,0,0,0.2865814824379,0.00111802969228219,0.000330387437686785,0,0,0,0,0.00108209922579817,0,6.54205196574244e-05,0,0,0,0,0,0,1.30305768395534e-05,0,0,0,5.95492242808351e-05,0,0,0,0,0,9.88836539510783e-06,0,0.000125920438354512,0.0279140013263488,0.12584118390951,0,0.0031174262266844,0,0.0031749825682786,0.00144414261116835,6.85356390351373e-05,6.57812570972883e-05,0,0
0,4.71616075504668e-06,0,1.52798967505413e-05,0,0.00130050619608032,0,0,0,0,0,6.42877418279403e-05,0,0,0,0,4.60114070074898e-05,0.000130089067301452,0.00153365439507637,0.0037302222821991,2.71487684666628e-06,0,0,0,0,0,0,0,0,0,0,0.0141648387588425,0.00157219117671102,0.00331702624000378,0.000291228215464359,0,0.00463313863837886,0.00624966304136911,0,0.000238538578115675,1.45827158446349e-05,0.000405316801090791,1.10623223784802e-05,7.21303705318704e-05,0,0.00268146695617097,2.2434567193692e-05,0.0127125124231721,0.000180465176747423,8.51993462397363e-05,0,0.00018901619302539,0,0,0,2.21459924498315e-06,0,0.000182849108356232,0,1.81307834868215e-06,0,0,0.00214928924259818,9.65982514747161e-06,0,0,0,0,0,0,0,0,0,0,0.0035904344642696,0,0.0015090167971642,0,0.090273142420294,0.00137935617555821,0.00077957381282612,0,0.00979658423746108,0.00121008392847223,0.00140892591008593,0.000432045147538635,0
0,0,1.216680491348e-06,0,3.55780102417292e-05,1.36883380145663e-05,0,0,5.83945877261419e-06,0,0.00137337744811228,0,0,0,0,0,1.22125849378243e-05,3.53368516953936e-06,0.000176489493143904,1.84973362607451e-06,0.00744165078080939,0,0,0,0,0,0,0,0,0,0,4.55027356685703e-05,0.00249632014857999,1.28495731234425e-06,0.0138848174707504,0.00463313863837886,0,0,0.00749971887231617,0,0.000943310920487166,0,7.43331202452055e-05,0,0,2.14982571652339e-06,0.000228501133122483,1.23198791291077e-05,3.57008939471587e-05,0,0,3.13936262904643e-06,0,0,2.06133595511824e-05,0,0.000726989768860099,4.44597237363935e-06,0,2.63052492976261e-06,2.96939028837543e-05,0,0,0.00190174525695239,0,0,0,0,0,0,0,0,0,5.74152862275929e-06,7.84923946356219e-06,0.000427520415120295,0,0.00283096379996017,6.94447180268708e-05,0.0763045077674225,6.53772124355923e-07,0.00664622177839623,0.013131174831325,0.00524059543679768,0.00173488873957957,0,6.23507184533898e-05
0,0,0,0,0,0,0,0,0,0.00087323822318224,0,0.00143629282414833,0,0,0,0,5.91233026297198e-06,4.00072064349843e-05,0.000139052767546074,0.00231680110234758,0,0.00399255127558983,0,0.00230975159969444,0,0,0,0.000368099881815936,0,0.00275843820974045,0,0,0,0.000946796166680285,0,0.00624966304136911,0,0,0.00115914170096295,1.64671791441976e-05,0,0.000288483307621637,0,1.51864949286802e-05,0,0.000295087991147849,0,0.000315122351655898,1.04771886911855e-05,0.00155502436662766,0,0,0,0,0,0.00107058251578519,0,2.77504387393837e-05,0,0,0,0,0.000183202214703177,0,0.0022219106915465,0,0.000536350101588712,0,0,0,0.000225089569038554,0,0.000983039622444815,0,0,0,0.0010041385211486,0,0.00200651585738414,0,0.0415146106929799,5.05542040082337e-05,0.00269431816282394,3.38067607519083e-05,0.000600793928150121,0.000254265737235414,0
2.26851225506804e-05,9.56284914912063e-06,9.21602185105661e-06,0,0,0,0,0,0.0002631684017518,0,0.00425401183344329,0,0,0,0,0,1.91509638597871e-06,0,4.99286589685744e-05,0,0.00516806506343901,0,0.00151158083122344,0,0.0037187693468006,0,0,0,0.000154980552637206,0,0.00185622686223363,0,0,0.000235325099204624,0.0028039093413691,0,0.00749971887231617,0.00115914170096295,0,0,0,0.000187974591191494,4.4580842950843e-05,0,0,1.58173651010091e-06,5.69914940004885e-05,0.00805471820110152,0.000746145339952589,0.000118094904794076,0,0,0,0,0.00158917001531249,0,0.000117754629715475,0,0,0,0,0,0,0.00271676098481934,0,0.00223379539053994,0,0.00287100313742808,0,0,0,0.00114869374990124,0,0.000366978308839906,0,0,0,0.0011621432667134,0,0.00457043580478729,1.25113383546704e-05,0.0726150426489585,0.00229215522435192,8.38149957820786e-05,0.000404736109565382,1.17657276786483e-05,1.34048902866718e-05
0,0.000174652772454726,0,0.000156334242141327,0,0,0,0,0,0,0,0.000113328520763032,0,0,0,0,0.000524227356593106,0.00201943683720599,0.0280115519730883,0.000596988110437558,0.000208633308235675,8.52883793916342e-06,0,5.39588635662244e-05,0,9.93545249750223e-05,0,0,0,0,0,0,0,0,0,0.000238538578115675,0,1.64671791441976e-05,0,0,0.000121985017273324,0.0674539039225551,0.000457729040472375,0.000473227414929387,0,0.0360077084652754,0.000951377364059846,0.000137635198497635,0,0.0235491167767934,0,0,0,0,0,0,0,0.000911272892438068,0,8.15477713185108e-06,0,2.01735385771395e-05,0.0174282117892054,0.00141567044073821,2.27846301208026e-05,0,0,0,4.27846186326856e-05,0,0,0,5.64573486235174e-05,1.05460984846758e-05,0,0,0,0,0.00555533408660969,0.000155850203906612,0.00105693515264388,2.21364893000426e-05,0.00155889813534047,0,0.0192396247243672,0.0254813753228497,0.000108251353148445
0,0,1.35267685349256e-05,0,0,0,0,0,5.6466126417307e-05,0.000158991049086402,0,0,0,0,0.000117261003596768,0,0.000270404226121603,0.000303362367872778,0.00649389733584839,1.32435193517504e-05,6.5852775900356e-05,1.74282561744049e-05,0,0,0,4.80616814112359e-05,0,0,0,0,0,0.000160870402558572,0.000135560326083035,0,8.15393596874478e-06,1.45827158446349e-05,0.000943310920487166,0,0,0.000121985017273324,0,2.29639609503922e-05,0.0155567061337795,0,0,0.000270818444160162,0.00503196265385384,0.00547491131620968,0.00129118364510794,2.4429801281728e-05,0,0,0,0,3.48045073910869e-05,0,0,0,0,0,0,0,0,0.00116062205167153,0,0,0,0,0,0,0,7.12772199164464e-06,0,0.000632332147669519,0,0,0,0,2.93668559477193e-05,0.00667205278001325,5.28817871229277e-06,0.00032269887540865,0.000498722607489705,0,0.0123351307548761,2.25726565744944e-05,0.0159730449787263
0.000103071104267697,0.00709893992613006,2.84131422688264e-05,0.00327112217853858,0,0.000562282401619497,0,0,0.000149404417103237,0.00384887123527724,0,0.00291474002671069,0,0,0,0,0.000302906784466394,0.00153780599731749,0.0092432819461152,0.00177148636172736,0,1.45155211262181e-05,0,6.71617616072473e-05,0,8.173234295528e-05,0,4.00172708939694e-06,0,0.000348773747434271,0,0,0,0,0,0.000405316801090791,0,0.000288483307621637,0.000187974591191494,0.0674539039225551,2.29639609503922e-05,0,0.00217968824570876,2.05579765099485e-05,0,0.00342742817259739,0.000295966132163187,0.00238319500407208,8.42976940881892e-05,0.0160824248207116,0,0.000179944751779406,0,0,0.000133061402801499,0.000596583354789002,0,0.038811340903047,0,5.15413770126411e-05,0,1.09426286238885e-05,0.0133472667249103,6.36214650420883e-05,0,0,1.48032693220298e-05,3.96720662586302e-05,0,0,0,0,0.00267503392577194,0,0,0,0,0,0.00791235530497624,6.13069592323355e-05,0.00196278925590676,1.92609109001094e-06,0.00201311476170045,1.04910682578331e-06,0.065060787062276,0.0280636282991705,7.84793622676429e-05
0.00192160401239582,0,0.000762193505708697,0,0,0,0,0,0.000136810287533276,0,0,0,0,0,1.95121093922641e-05,0,0.000562695679639962,0.000118215247384967,0.0127719684624247,0,0.00237959704248252,0,0,0,0,0,0,0,0,0,0,0,0,0,0,1.10623223784802e-05,7.43331202452055e-05,0,4.4580842950843e-05,0.000457729040472375,0.0155567061337795,0.00217968824570876,0,0,0,0.000249857109446639,0.027549699960844,2.2372859600332e-05,0.0111854362697346,4.33045995937135e-06,0,0,0,0,0.00063673289183108,0,0.00158853851601389,4.93820314685992e-06,0,0,9.37445239633148e-05,0,0,0.0277714655787661,0,0,0,0,0,0,0,0.000984079284390606,0,0.0277462820663746,0,0,0,0,0.000101279213709764,0.00906258616203904,1.17417108025548e-05,0.00259183546676899,0.00307431789060864,8.08243244054899e-07,0.0459269933903717,3.78565069032247e-05,0.00623498986346822
0,0,0,0.000171643220710912,0,0,0,0,0,0,0,0.000206025244849485,0,0,0,0,0,9.6293652196499e-05,0.00290759627320442,0.00156019835899752,0,0,0,6.48602314352702e-05,0,0,0,0,0,0,0,0,0,0,0,7.21303705318704e-05,0,1.51864949286802e-05,0,0.000473227414929387,0,2.05579765099485e-05,0,0,0,4.9657273900848e-05,0,0,0,7.63071210583754e-05,0,0,0,0,0,0,0,0.000296182540704915,0,0,0,0,0,1.81491800246571e-05,0,0,0,0,0,0,0,0,0,0,0,0,0,0,0.000403396997610471,6.13389794211624e-06,0.000621504001262405,0,2.79460574758039e-05,0,0.00164340802381049,6.31211831566853e-05,0
0,0,0,0,0,0,0,0,0,0,0,0,0,0,0,0,0,0,0.000116056718392371,0,0,0,0,0,0,0,0,0,0,0,0,0,0,0,0,0,0,0,0,0,0,0,0,0,0,0,7.55388702221235e-05,0,0,0,0,0,0,0,0,0,0,0,0,0,0,0,0,1.40060349820815e-05,0,0,0,0,0,0,0,0,0,0,0,0,0,0,1.74511473085081e-06,1.40856259278286e-05,0,0,1.19085945671076e-06,0,4.54386500173543e-05,0,0
0,0.00089401350762272,0,0.000431017662286615,0,0.000612878877298068,0,0,0,0,0,0.00333257035853911,0,0,0,0,3.78140519911325e-05,0.000319759548020609,0.00629030831881785,0.0161670014568997,6.66487693841665e-05,0,0,0,0,5.52079630345937e-05,0,0,0,0.000459342122567899,0,0,0,0,0,0.00268146695617097,2.14982571652339e-06,0.000295087991147849,1.58173651010091e-06,0.0360077084652754,0.000270818444160162,0.00342742817259739,0.000249857109446639,4.9657273900848e-05,0,0,0.00028110895808488,8.53080001470164e-05,0,0.00156398880545899,0,0.000583424270640503,0,0,0,0.000294440747964591,0,0.00998558324420371,0,3.53361330173801e-05,0,4.05391341002891e-05,0.0408980125154958,0.00037235409177499,5.03077159238531e-06,0,0,0,7.54715302550796e-06,0,0,0,0.000816055621150106,0,0,0,0,0,0.0255973474412197,9.17055795730947e-05,0.00810639631801197,5.81746302575402e-05,0.000688236103829384,0,0.0126939423018323,0.000713726068326983,1.35027369923728e-05
0.00120883056388681,1.10339641349716e-05,5.01352247669474e-05,0,0,0,0,0,8.88253650130624e-05,0,0,0,0,0,0,0,0.000210271470218138,0.000263225018377978,0.0136637199325583,6.15152697938919e-06,0.0048103891326075,1.82715848655313e-05,0,0,0,0,0,0,0,0,0,0,0,0,0,2.2434567193692e-05,0.000228501133122483,0,5.69914940004885e-05,0.000951377364059846,0.00503196265385384,0.000295966132163187,0.027549699960844,0,7.55388702221235e-05,0.00028110895808488,0,4.59540139745343e-05,0.00109524084299417,8.1279496247067e-05,0,0,0,0,0.000194073491837289,0,2.46584783894163e-05,0,0,0,1.84328235670846e-05,0,0,0.0326933128148341,0,0,0,0,0,0,0,4.24768141515778e-06,5.61986774723426e-06,0.00123859812597076,0,0,0,0,0.000155333231910103,0.00774569148262332,8.33138446555203e-06,0.00128383748297642,0.000908341136204651,1.10382004316545e-06,0.0204115337460409,0.000257495176338091,0.000815421260967898
5.35487030082732e-05,4.91843728483144e-05,0,6.35240366368234e-05,0,0.000124625573580254,0,0,0,0,0,0,0,0,0,0,1.78650634069153e-06,1.27455692358854e-06,0.000109506870527445,0,0,0,5.85707771127465e-06,0,0,0,0,0,0,0,0,0.173061204487965,0.0066138215886419,0.148267431831075,0.2865814824379,0.0127125124231721,1.23198791291077e-05,0.000315122351655898,0.00805471820110152,0.000137635198497635,0.00547491131620968,0.00238319500407208,2.2372859600332e-05,0,0,8.53080001470164e-05,4.59540139745343e-05,0,0.0902522465151776,0.13506275127686,0,0.000181743469680623,0,0,0.000205327901450596,0,0,0.000120784494792348,0,4.84404923321944e-05,0,1.70033557723023e-05,1.88845599227765e-05,1.14198577377204e-05,0,5.72261862501541e-05,0,0.000116133620092421,0,0,0,0,0,1.45214556376113e-05,0.207964438546102,0.00449406959371107,0.0795570046585931,0.00636535265840999,0.0030548343124704,0.011849540120036,0.000601581655000917,0.00621813031653148,0.00273031163051548,0,0.0160104610680195,7.46644831891988e-05,0
0.0159122117222044,0,0.00300856065702661,0,0,3.76852945836907e-05,0,0,0.000241824888431949,0,0,1.11017773964351e-05,0,0,0.000190167468362878,0,2.71239564248494e-05,0,0.000716770855337543,5.12332053329885e-06,0.000343866551370426,0,0.00335110886026955,0,0,0,0,0,0,0,0,0.000918239188267676,0.00389111862459514,9.29059000659725e-05,0.00111802969228219,0.000180465176747423,3.57008939471587e-05,1.04771886911855e-05,0.000746145339952589,0,0.00129118364510794,8.42976940881892e-05,0.0111854362697346,0,0,0,0.00109524084299417,0.0902522465151776,0,0.000572632709718217,0,8.37471754370892e-05,0,0,0.00038461868704538,0,0.000596816052653401,0,1.02847285453321e-05,5.4303466154325e-05,0.000418736165000772,0,8.3362008905066e-06,0.000528848472426922,0,0.00564863113647165,0,0.0012793671499855,0,0.0040479480820236,0,0.000579417840582486,0,0.00452334879800651,0.00418239309001987,3.55471756125162e-05,5.01114526476709e-05,8.46808553162481e-05,4.2912530575282e-05,0.00447346891410394,0,0.00277809196281829,0.00133180926212441,2.71974737512918e-05,0.0395250545379324,0,0.000179483944696575
0,0.0196194980728802,0,0.00705434034776389,0,0.00068278884303542,0,0,5.27302066088975e-05,0.00102931053822327,0,8.82085300677332e-05,0,0,0,0,8.28960803269763e-05,0.000291889817502217,0.00290405576160982,0.000129869230317023,0,0.000382962689905882,0,0.000239388126439049,0,0.00028159313213303,0,0,0,0,0,0,0,0.000915597734275846,0.000330387437686785,8.51993462397363e-05,0,0.00155502436662766,0.000118094904794076,0.0235491167767934,2.4429801281728e-05,0.0160824248207116,4.33045995937135e-06,7.63071210583754e-05,0,0.00156398880545899,8.1279496247067e-05,0.13506275127686,0.000572632709718217,0,0,0.000496618406756155,0,0,4.21491124310593e-05,0.0017268668311152,0,0.00132564246825329,0,0.000132988706576795,0,0.00116070947989219,0.000247469879580566,0,0.00708042152295117,0,0.00708768257887268,1.6610839037607e-05,0.00685056524715223,0,0.0116775383173306,0,0.00012316034779903,0,0,0,0.00220590262740211,0,0.00104542091844766,1.79227028189243e-05,0.0193952823694358,4.76987494729919e-06,0.00182325863633514,0,0.018288213386899,0.00322644426466761,0
0,0,0.00066198596246957,0,0.00834492294670153,0,0,0,0,0,0,0,0,0,0,0,0,0,0,0,0.000446569938402835,0,0,0,0,0,0,0,0,0,0,0,0,0,0,0,0,0,0,0,0,0,0,0,0,0,0,0,0,0,0,0,0,0,0,0,0,0,0.00130568351497923,0,0,0,0,0,0,0,0,0,0,0,0,0,0,0,0,0,0,0,0,0,0,0,0.000167953791801047,0,0,0,0
0,0,0,0.00933825869102499,0,0.0756102529845003,0,0,0,0,0,5.31198640077116e-05,0,4.84379056185061e-05,0,0.00122213850202667,0,0,0,0.000432666766011244,0,0,0,0,0,0,0,0,0,0,0,0,0,0,0,0.00018901619302539,3.13936262904643e-06,0,0,0,0,0.000179944751779406,0,0,0,0.000583424270640503,0,0.000181743469680623,8.37471754370892e-05,0.000496618406756155,0,0,0,0,0,0,0,0.000813220969095565,0,0.0114980633351662,0,0.00398218329773053,0.000566888843182487,0,0,0,0,0,0,0,0,0,7.09123413722289e-05,0,0,0,0,0,0.000618223539798127,0,2.29911798388968e-05,0,0.00044711673978065,1.6611373625126e-05,0.00464968826079939,0.000167486416014375,0
0,0,0,0,0,0,0.00900799489396098,0,0,0,0,0,0,0,0,0,0,0,0,0,0,0,0,0,0,0,0,0,0,0,0,0,0,0,0,0,0,0,0,0,0,0,0,0,0,0,0,0,0,0,0,0,0,0,0,0,0.000513383879708181,0,0,0,0,0,0,0,0,0,0,0,0,0,0,0,0,0,0,0,0,0,0,0,0,0,0.000162184271277719,0,0,0,0
0,0,0,0,0,0,0,0.00812963857305116,0,0,0,0,0,0,0,0,0,0,0,0,0,0,0,0,0,0,0,0,0,0,0,0,0,0,0,0,0,0,0,0,0,0,0,0,0,0,0,0,0,0,0,0,0,0,0,0,0,0,0,0,0,0,0,0,0,0,0,0,0,0,0,0,0,0,0,0,0,0,0,0,0,0,0,0,0,0,0
0.0192950396355794,5.01599085595654e-05,0.00531314331520222,0,0.000961552163916607,0,0,0,0.0569949077711453,0,0,0,0,0,4.45296597762716e-05,0,0,0,8.04068654017536e-06,0,0.000144464078933005,0,0,0,0.00543885444703067,0,0,0,0,0,0,0,0,0,0.00108209922579817,0,2.06133595511824e-05,0,0.00158917001531249,0,3.48045073910869e-05,0.000133061402801499,0.00063673289183108,0,0,0,0.000194073491837289,0.000205327901450596,0.00038461868704538,4.21491124310593e-05,0,0,0,0,0,0,9.1988854792138e-05,0,0,0,0,0,0,0.000152665393730766,0,0,0,0.0639977433379619,0,0,0,0,0,0.0024199986547187,0,0,0,0,0,4.22392043902884e-05,0,0.00148486298626511,0.000335291247460265,7.76982513200802e-06,0.00371386627818642,3.60070084877799e-05,0
0,0.00498204279104693,0,0.0487480177639835,0,0.000405459454992985,0,0,0,0.12566664203567,0,0.000225246171934074,0,0,0,0.00448801861755477,9.29382635459211e-05,0.000148820658712428,5.32747267078913e-05,0.00019771342821987,0,0,0,0.000588649340297008,0,0.000276131649001577,0,0,0,0,0,0,0,0,0,2.21459924498315e-06,0,0.00107058251578519,0,0,0,0.000596583354789002,0,0,0,0.000294440747964591,0,0,0,0.0017268668311152,0,0,0,0,0,0,0,0.00163506613515494,0,0,0,0.0211742419645165,0.000199077382583596,0,0,0,0,0,2.25100155172436e-05,0,0,0,7.36041333202571e-05,0,0,0,0,0,2.64188604637073e-05,0,0.000323862073628096,0,0.000126581985568886,0,0.00488289018564154,0,0
0.000221024328659312,0,4.2709473490758e-05,0,0,0,0,0,1.91754308412285e-05,0,0.0256475608351555,0,0.0032269401975521,0,1.66128102786023e-05,0,0,0,4.99360309015264e-05,0,0.0319507009358676,0,0,0,0,0,0,0,0,0,0.000837821410301655,0,0,0,6.54205196574244e-05,0,0.000726989768860099,0,0.000117754629715475,0,0,0,0.00158853851601389,0,0,0,2.46584783894163e-05,0,0.000596816052653401,0,0,0,0.000513383879708181,0,9.1988854792138e-05,0,0,0,0.00509391348203414,0,0.00150138885857613,0,0,0.0106953072563212,0,0,0,0,0,0,0,0.000108440150900898,0,0.0111686451628867,0,0,0,0,0,1.8207621431402e-05,0,3.92868069740894e-05,0.000318991975335829,0,0.00508839808947743,0,0
0,0,0,0.0067637293594339,0,0.00112585892445819,0,0,0,0.000650650870238394,0,0.0509731553665607,0,0.000984399563309063,0,0,1.25147716469904e-05,0.000308817953895516,0.00158533575641635,0.00530792849231481,0,0,0,0,0,0,0,6.903465660839e-05,0,0.0074204508426264,0,0,0,0,0,0.000182849108356232,4.44597237363935e-06,2.77504387393837e-05,0,0.000911272892438068,0,0.038811340903047,4.93820314685992e-06,0.000296182540704915,0,0.00998558324420371,0,0.000120784494792348,0,0.00132564246825329,0,0.000813220969095565,0,0,0,0.00163506613515494,0,0,0,0.000264884339766601,0,0.000586711673957852,0.0342817016891498,1.16671928642278e-05,2.79155496409988e-05,0,0,0,8.07415517296807e-05,0,0.00468000035095216,0,0.0438599220677047,0,0,0,0,0,0.000900100225639334,5.67031178117907e-06,0.000530174798527141,0,0.000374562715923738,0,0.0238935565418996,0.0193328752221258,0
0,0,0,0,0,0,0.000287980361229883,0,0,0,0.00293416815891658,0,0.0223904037077215,0,0,0,0,0,0,0,0,0,0,0,0,0,0,0,0,0,0,0,0,0,0,0,0,0,0,0,0,0,0,0,0,0,0,0,1.02847285453321e-05,0,0.00130568351497923,0,0,0,0,0,0.00509391348203414,0,0,0,0.000244786036216688,0,0,4.30098718298985e-05,0,0,0,0,0,0,0,0,0,0,0,0,0,0,0,0,0,0,5.82756093866229e-05,7.53935865898303e-06,0.00164478084427469,0,0
0,0,0,0.00229785321651967,0,0.00302008272111081,0,0,0,0,0,8.93599140560129e-06,0,0.0142489000276248,0,0.00440799966050808,0,0,8.19791345335337e-06,4.30649561170128e-05,0,0,0,0,0,0,0,0.000863261208053237,0,0.000125422941076878,0,0,0,0,0,1.81307834868215e-06,2.63052492976261e-06,0,0,8.15477713185108e-06,0,5.15413770126411e-05,0,0,0,3.53361330173801e-05,0,4.84404923321944e-05,5.4303466154325e-05,0.000132988706576795,0,0.0114980633351662,0,0,0,0,0,0.000264884339766601,0,0,0,0.00511281035646785,1.96953615154879e-05,0,0,0,0,0,0,0,0.00189466114146942,0,1.728822038663e-05,0,0,0,0,0,2.20623591364383e-05,8.65345003488925e-07,5.84297273883373e-06,0,2.51693676439824e-05,0,0.000771313856110908,1.09343464595882e-05,0
6.32585529751401e-05,0,0.000200055693691231,0,0.000184205357002302,0,0,0,0.00232567572774137,0,0,0,0,0,0.0375913221825508,0,0,0,0,0,3.09248925179355e-05,0,0,0,0,0,8.24554016825049e-05,0,0,0,0,0,0,0,0,0,2.96939028837543e-05,0,0,0,0,0,9.37445239633148e-05,0,0,0,1.84328235670846e-05,0,0.000418736165000772,0,0,0,0,0,0,0,0.00150138885857613,0,0.000244786036216688,0,0,0,0,0.000207717446344318,0,0,0,0,0,0,0,5.91361736128806e-05,0,0.000151038681176496,0,0,0,0,0,8.57612712691614e-06,0,1.06266612888181e-05,1.42949507729175e-05,1.18710790239066e-05,0.00398523361667768,0,0
0,0.00757127966212989,0,0.00490206094984153,0,0.00063998988030149,0,0,0,0.00229613116475489,0,5.55832352273621e-05,0,6.50563962365097e-05,0,0.0286082313259199,6.27176632036082e-05,0.00256886384456691,3.00361747788928e-05,0.000144320321921121,0,0.000546730579215374,0,0.00682140490342861,0,0.0091143840199581,0,0.000260921778634295,0,0,0,0,0,0,0,0,0,0,0,2.01735385771395e-05,0,1.09426286238885e-05,0,0,0,4.05391341002891e-05,0,1.70033557723023e-05,0,0.00116070947989219,0,0.00398218329773053,0,0,0,0.0211742419645165,0,0.000586711673957852,0,0.00511281035646785,0,0,0,0,4.9243948954231e-05,0,0.00271743986443876,0,0.00272798051197097,0,0,0,0,0,0,0,0,0,1.866442604273e-05,0,1.69046044101059e-05,0,0.000385659035422518,4.47901129863941e-05,0.00085812668161672,0,0
0,0,0,0.000689811779984295,0,0.00751577167466642,0,0,0,1.66381546489887e-05,0,0.00963621097477171,0,0,0,0,9.4348992212643e-06,5.61286468636878e-05,0.000263530724205917,0.0659917447277069,0,0,0,0,0,0,0,0,0,7.82632709231088e-05,0,0,0,0,0,0.00214928924259818,0,0.000183202214703177,0,0.0174282117892054,0,0.0133472667249103,0,0,0,0.0408980125154958,0,1.88845599227765e-05,8.3362008905066e-06,0.000247469879580566,0,0.000566888843182487,0,0,0,0.000199077382583596,0,0.0342817016891498,0,1.96953615154879e-05,0,0,0,6.93526212447633e-06,0,0,0,0,0,0,0,0,0.00242243398227669,0,0,0,0,0,0.0105619821230398,0,0.00222535851080315,0,0.000427638679958924,0,0.0231196750373644,0.00180184895138038,0
