0,0,0.320935785770416,0.342686533927917,0,0,0,0,0.152116512504367,0,0,0,0,0,0.220703512430191,0,0.383347496390343,0,0.425382910503281,0,0,0,0,0,0.24382409453392,0,0,0,0,0,0,0,0,0,0,0,0,0,0,0,0,0,0.306281084265676,0,0,0,0,0,0.224243953176167,0,0,0,0,0,0.17492651900075,0,0,0,0,0,0.189009541402692,0,0,0.421656399965286,0,0,0,0.218968156476816,0,0.214817479252815,0,0,0,0,0,0,0,0,0,0.495650261640549,0,0,0.306114071181842,0,0.248415645356833,0,0
0,0,0,0.147305976067271,0,0.177338108420372,0,0,0,0.171686845981977,0,0,0,0,0,0,0,0,0.36297192833116,0,0,0,0,0,0,0,0,0,0,0,0,0,0,0,0,0.409729969501495,0,0,0,0.463862951844931,0,0.385542883179509,0,0,0,0,0,0,0,0.233687480255453,0,0.178055457770824,0,0,0,0.190308884752722,0,0.406083226203918,0,0,0,0.225812402072844,0,0,0,0,0,0,0.260445602915504,0,0,0,0,0,0,0,0,0,0.462658268935753,0,0.468489766120911,0,0.218029124067002,0.142129831016064,0.285845238833882,0.404123306274414,0
0.320935785770416,0,0,0,0.205847586904253,0,0,0,0.164834694793591,0,0.273221611976624,0,0,0,0,0,0,0,0.321396542446954,0,0.280260182917118,0,0,0,0,0,0,0,0,0,0,0,0,0,0,0,0.251885203378541,0,0.291586488485336,0,0.28532598841758,0,0.328572268462061,0,0.323092073202133,0,0,0.261266928911209,0.225678757752901,0,0.236135977482506,0,0,0,0.195574828763072,0,0.327938303931967,0,0.25701791793108,0,0.228471781526293,0,0,0.298642762977144,0,0,0,0,0,0,0,0,0,0.331469789147377,0,0,0,0,0,0.327999283285702,0,0.366292067549445,0.289650897852012,0.312597900629044,0.270814886992184,0,0.312926527112722
0.342686533927917,0.147305976067271,0,0,0,0.217132552096103,0,0,0,0.178978670204701,0,0,0,0,0,0,0,0.346050620079041,0.293870918038819,0,0,0,0,0,0,0,0,0,0,0,0,0,0,0,0,0.273158275029239,0.28166675567627,0,0,0.274209286272526,0,0.303136679121686,0,0,0,0.247457846999168,0,0,0.270921483635902,0.253807761995806,0,0.261912507852456,0,0,0,0.169608102180064,0,0.336884574009025,0,0.311912647720908,0,0.27525939021556,0.283679202198982,0,0,0,0,0,0,0,0,0,0.348871631754769,0,0,0,0,0,0.318439778983593,0.307210624217987,0.418852571930204,0,0.227375476105964,0.266069812575976,0.289049681360963,0.282489605247974,0
0,0,0.205847586904253,0,0,0,0,0,0.14040026716564,0,0,0,0,0,0,0,0,0,0.275055080652237,0,0.154201192315668,0,0,0,0,0,0,0,0,0,0,0,0,0,0,0,0.213014082113902,0,0,0,0.254291865974665,0,0.280949955185254,0,0,0,0.319734036922455,0.244906450311343,0.25398476421833,0,0.197899424059446,0,0.160438572367032,0,0.255214810371399,0,0.260028406977654,0,0.23226509988308,0,0,0,0,0.19561168923974,0,0,0,0,0,0,0,0,0,0,0,0,0,0,0,0.329537153244019,0,0,0.169904984102761,0,0.195931153825528,0,0
0,0.177338108420372,0,0.217132552096103,0,0,0,0,0,0.186626454410346,0,0,0,0,0,0,0,0,0.264010748267174,0.216111809015274,0,0,0,0,0,0,0,0,0,0,0,0,0,0,0,0.212573672334353,0,0,0,0.247547700173325,0,0.264190625261377,0.255287021398544,0,0,0.305045545101166,0,0,0.260886371135712,0.247605288257966,0,0.222521728232836,0,0.172000989317894,0,0.195620521903038,0,0.273882332223433,0,0,0,0.181419104337692,0.275664110978444,0.31771531701088,0,0,0,0,0,0,0,0,0.298323287566503,0,0,0,0,0,0.289066547697241,0,0,0,0.20647456006306,0.256044556386769,0.232992484684913,0,0
0,0,0,0,0,0,0,0,0,0,0.176855574879381,0,0,0,0,0,0,0,0,0,0,0,0,0,0,0,0,0,0,0,0,0,0,0,0,0,0,0,0,0,0,0,0,0,0,0,0,0,0,0,0.151416063308716,0,0.183963878287209,0,0,0,0,0,0,0,0,0,0,0,0,0,0,0,0,0,0,0,0,0,0,0,0,0,0,0,0,0,0,0,0,0,0
0,0,0,0,0,0,0,0,0,0,0,0,0,0,0,0,0,0,0,0,0,0,0,0,0,0,0,0,0,0,0,0,0,0,0,0,0,0,0,0,0,0,0,0,0,0,0,0,0,0,0,0,0,0.170381079549375,0,0,0,0,0,0,0,0,0,0,0,0,0,0,0,0,0,0,0,0,0,0,0,0,0,0,0,0,0.156550645828247,0,0,0,0
0.152116512504367,0,0.164834694793591,0,0.14040026716564,0,0,0,0,0,0,0,0,0,0.151894777384867,0,0.220624666957729,0.18834003508091,0.257311609056261,0,0,0,0.186354927718639,0,0.213887305723296,0,0,0,0,0,0,0,0,0,0,0,0,0,0.218500756588923,0,0.445715248584747,0,0.166949090858301,0,0,0,0,0,0.18602375216209,0,0,0,0,0,0.243979099277539,0,0.408902982870738,0,0,0,0.175793799811495,0,0,0.307774573564529,0,0.17728853225708,0,0.211779425153509,0,0.20441664258639,0,0,0,0,0,0,0,0,0,0.398699745535851,0,0.277675249359824,0.194719019040651,0.146891000015395,0.184855937694285,0,0.169611513614655
0,0.171686845981977,0,0.178978670204701,0,0.186626454410346,0,0,0,0,0,0,0,0,0,0.180980602414211,0,0.206751769239252,0.214330143549226,0,0,0,0,0.247686087120351,0,0.205080882566316,0,0,0,0,0,0,0,0.274264591932297,0,0.333656481570668,0,0.206964857974335,0,0.295247618918833,0,0.274637747117702,0,0,0,0,0,0.273721247911453,0.272834628820419,0.190967165371951,0,0.192989671230316,0,0,0,0.279424112935159,0,0.29304954723308,0,0,0,0.233646179080009,0.245625346899033,0,0,0,0.290950957934062,0,0,0,0,0,0.294657609462738,0,0,0,0.285644054412842,0,0.356395273691132,0,0.252835212945938,0,0.193853413887189,0.172694959266241,0.239392207448871,0,0
0,0,0.273221611976624,0,0,0,0.176855574879381,0,0,0,0,0,0.148150706837575,0,0,0,0,0,0.391005590558052,0,0.225044449545302,0,0,0,0,0,0,0,0.16976801644672,0,0.0942980096136269,0,0,0,0,0,0.136816573143005,0,0.168246537446976,0,0,0,0,0,0,0,0.229421555995941,0,0,0,0,0,0.192425082033535,0,0,0,0.202160842647408,0,0.182071121375042,0,0,0,0,0.194369707829677,0,0,0,0,0,0,0,0,0,0,0,0,0,0,0,0.179697581877311,0,0.158656058913988,0.148263802724098,0,0.33947052700179,0,0
0,0,0,0,0,0,0,0,0,0,0,0,0,0.128402294819815,0,0,0,0,0,0.141245266434804,0,0,0,0,0,0,0,0.142357794719714,0,0.181348871543176,0,0,0,0,0,0.134106055475198,0,0.131532375652556,0,0,0,0,0,0,0,0,0,0,0,0,0,0,0,0.220612584613264,0,0,0,0.196199102071042,0,0.149960850007259,0,0,0.145270842696186,0,0,0,0,0,0,0,0.144942785302798,0,0.240087356807581,0,0,0,0,0,0.152124181389809,0,0.129265257901341,0,0.136883777228818,0,0.216389303163784,0,0
0,0,0,0,0,0,0,0,0,0,0.148150706837575,0,0,0,0.175237695376078,0,0,0,0,0,0,0,0,0,0,0,0,0,0.179217047989368,0,0,0,0,0,0,0,0,0,0,0,0,0,0,0,0,0,0,0,0,0,0,0,0,0,0,0,0.175949759555585,0,0.201177846125806,0,0.189629832903544,0,0,0,0,0,0,0,0,0,0,0.209346440434456,0,0,0,0,0,0,0,0,0,0,0.154853609956314,0.175989776849747,0,0,0
0,0,0,0,0,0,0,0,0,0,0,0.128402294819815,0,0,0,0.141529379040003,0,0.178724294900894,0,0,0,0,0,0,0,0.112376270366126,0,0,0,0,0,0,0,0,0,0,0,0,0,0,0,0,0,0,0,0,0,0,0,0,0,0,0,0,0,0,0,0.150537015643062,0,0.165206180596019,0,0.1561962237109,0,0,0,0,0,0,0.119567369421323,0,0,0,0,0,0,0,0,0,0,0,0,0,0.148920891637152,0,0,0,0
0.220703512430191,0,0,0,0,0,0,0,0.151894777384867,0,0,0,0.175237695376078,0,0,0,0.166194257951779,0.193079844117165,0.266970802098513,0,0,0,0.171672016382217,0,0,0,0.196461701509999,0,0,0,0,0,0,0,0,0.401777863502502,0,0,0,0,0,0,0,0,0,0,0,0,0,0,0,0,0,0,0.218317478895187,0,0,0,0.202013559076521,0,0.207189977646999,0,0,0,0,0,0,0.2246342016892,0,0.216165856062937,0,0,0,0,0,0,0,0,0,0,0,0,0.187067115093981,0.18167906999588,0,0,0.351030200719833
0,0,0,0,0,0,0,0,0,0.180980602414211,0,0,0,0.141529379040003,0,0,0.156139279405276,0.164020706228046,0,0,0,0,0,0,0,0,0,0,0,0,0,0,0,0,0,0,0,0,0,0,0,0,0,0,0,0,0,0,0,0.224152728915215,0,0.190871104598045,0,0,0,0.190445293027621,0,0,0,0.132123008370399,0,0.180176448888249,0,0,0,0,0,0,0.121303680042426,0,0,0,0,0,0,0,0,0,0,0,0,0,0.169262511211057,0.177327147551945,0,0,0
0.383347496390343,0,0,0,0,0,0,0,0.220624666957729,0,0,0,0,0,0.166194257951779,0.156139279405276,0,0.167108257147234,0.338075192988303,0,0,0,0.143954695606451,0,0.174363151192665,0.15197152497827,0.151754847738847,0,0.133392489949862,0,0,0,0,0,0,0.329479888081551,0,0,0,0.355062351533861,0.410288839586197,0.310076026689439,0.324362655149566,0,0.322757245256351,0.313965886831284,0.356842757626013,0,0.305403620004654,0,0,0,0,0,0,0,0.391384828090668,0.34623325864474,0,0,0.187326502393592,0,0.358695857226849,0.363477918174532,0,0.146037308793319,0,0,0.162512409190337,0.167621746102226,0,0,0.356572896242142,0.340555533766747,0,0,0,0,0.382327834963799,0.412726889478969,0,0.437524002045393,0.241323092102716,0.165892783367465,0.368306946098095,0,0.319481836424934
0,0,0,0.346050620079041,0,0,0,0,0.18834003508091,0.206751769239252,0,0,0,0.178724294900894,0.193079844117165,0.164020706228046,0.167108257147234,0,0.334283373271839,0,0,0.187806963920593,0.156961161076375,0.207164439133235,0,0.167909289427877,0.16871373206377,0.203139392866029,0,0,0,0,0,0,0,0.338320925831795,0.345965296030045,0,0,0.352988662884424,0.346784930853617,0.324484791198786,0.298586303696913,0,0.315325736999512,0.342778152227402,0.326897834738096,0,0,0.314956292510033,0,0,0,0,0,0,0.356259055435658,0.369789832830429,0,0,0,0.189635042846203,0.354587386051814,0.333022905720605,0,0.158147446472536,0,0,0.193347389442385,0.17038777257715,0.167842711011569,0,0.379215016961098,0,0,0,0,0,0.371724601234159,0.379012584154095,0.292335361242294,0,0.231080151649793,0.188085073057343,0.357704627111151,0.308354780077934,0.300050193709987
0.425382910503281,0.36297192833116,0.321396542446954,0.293870918038819,0.275055080652237,0.264010748267174,0,0,0.257311609056261,0.214330143549226,0.391005590558052,0,0,0,0.266970802098513,0,0.338075192988303,0.334283373271839,0,0,0.418134264647961,0,0.258626431822777,0,0,0.228858006000519,0,0,0,0,0,0,0,0,0,0.392373175493308,0.413926625535602,0,0.431514590978622,0.36024417910239,0.364581148742753,0.274516438778344,0.245671162753163,0,0.275035733653231,0.315194200367144,0.332111145421014,0,0.289141407443417,0.344995974075227,0.285341843962669,0,0,0,0.276120126247406,0.268035799264908,0.401802531167782,0.378493724523052,0.322220355272293,0,0,0,0.353844047784805,0.380533362594192,0,0.236273430287838,0,0,0,0.270702347159386,0,0.374183893203735,0.378522879077542,0.399761154101445,0,0,0.408133268356323,0,0.398249237313158,0.39920676867267,0.475159634854279,0.452887617223538,0.284141023912038,0.293759169057012,0.367923893624467,0.282244014135305,0.255336875950781
0,0,0,0,0,0.216111809015274,0,0,0,0,0,0.141245266434804,0,0,0,0,0,0,0,0,0,0,0,0,0,0,0,0,0,0,0,0,0,0,0,0.165265406289528,0,0.168877053118887,0,0.232426568865776,0,0,0,0,0,0.31562629071149,0,0,0.227593213319778,0.204869166016579,0,0.310654457658529,0,0,0,0,0,0.174421481946681,0,0,0,0,0.180065327380611,0,0,0,0,0,0,0,0,0,0,0,0,0,0,0,0.195837928381349,0,0.264238134026527,0,0.179642647221649,0,0.249018896925957,0,0
0,0,0.280260182917118,0,0.154201192315668,0,0,0,0,0,0.225044449545302,0,0,0,0,0,0,0,0.418134264647961,0,0,0,0,0,0,0,0,0,0,0,0.346392005681992,0,0,0,0,0,0.186054329599942,0,0.215691620899626,0,0.215621184219014,0,0,0,0,0,0.295658084750175,0.223615918308496,0.233106836676598,0,0.239309899508953,0,0.169510647654533,0,0,0,0.307745702564716,0,0,0,0,0,0,0.217794467086737,0,0,0,0,0,0,0,0,0,0.372686352994707,0,0,0,0,0,0.203835800232485,0,0.310828836578311,0.181204362854581,0.224490170677503,0.244228843879956,0,0.413637965917587
0,0,0,0,0,0,0,0,0,0,0,0,0,0,0,0,0,0.187806963920593,0,0,0,0,0.100013319206865,0.182217248837755,0,0.200225830078125,0,0.155873090028763,0,0,0,0,0,0,0,0,0,0.162337948291228,0,0,0,0,0,0,0,0,0,0.346181482076645,0,0.255969615410204,0,0,0,0,0,0,0,0,0,0,0,0,0,0,0.248191147603583,0.108387334272265,0.212477921866454,0,0.22373259589076,0,0,0,0,0,0,0,0,0,0,0,0.219344378347738,0,0.124932534014111,0.13315458749147,0.262950982650121,0,0
0,0,0,0,0,0,0,0,0.186354927718639,0,0,0,0,0,0.171672016382217,0,0.143954695606451,0.156961161076375,0.258626431822777,0,0,0.100013319206865,0,0,0.14935684242639,0,0.142219064335028,0,0.186882725961152,0,0,0,0,0,0,0,0,0,0.201268132589757,0,0.26585265994072,0,0,0,0,0,0,0,0.191255799764712,0,0,0,0,0,0,0,0,0,0,0,0,0,0,0,0.142242111265659,0.208918021393376,0,0.198810097362314,0,0.180576211903044,0,0.235876750543311,0,0,0,0,0,0,0,0,0,0.227619090206212,0.143191821933762,0.103412154775399,0,0,0
0,0,0,0,0,0,0,0,0,0.247686087120351,0,0,0,0,0,0,0,0.207164439133235,0,0,0,0.182217248837755,0,0,0,0.194831655118145,0,0,0,0,0,0,0,0.286191741625468,0,0,0,0.168742473457737,0,0,0,0,0,0,0,0,0,0,0,0.23148525506258,0,0,0,0,0,0.280334210130903,0,0,0,0,0,0,0,0,0.222007132487787,0,0.214703981016289,0,0.153927820233198,0,0,0,0,0,0,0,0,0,0,0,0.200377910397947,0,0.166658287176064,0,0.287157495532717,0,0
0.24382409453392,0,0,0,0,0,0,0,0.213887305723296,0,0,0,0,0,0,0,0.174363151192665,0,0,0,0,0,0.14935684242639,0,0,0,0.153678826549474,0,0,0,0,0,0,0,0,0,0,0,0.193579823310886,0,0,0,0,0,0,0,0,0,0.20092886384754,0,0,0,0,0,0.275505613121722,0,0,0,0,0,0,0,0,0,0,0.199610669303823,0,0.205752799902584,0,0.18416988604209,0,0,0,0,0,0,0,0,0,0,0,0.148935548961163,0.191690415143967,0,0.300191949193294,0,0
0,0,0,0,0,0,0,0,0,0.205080882566316,0,0,0,0.112376270366126,0,0,0.15197152497827,0.167909289427877,0.228858006000519,0,0,0.200225830078125,0,0.194831655118145,0,0,0,0.141091423617168,0,0,0,0,0,0,0,0,0,0,0,0,0,0,0,0,0,0,0,0,0,0,0,0,0,0,0,0,0,0,0,0,0,0,0,0,0.197488278150558,0.146908596158028,0,0,0.198317859491164,0,0.157088213733264,0,0,0,0,0,0,0,0,0,0,0,0.169582157706221,0,0,0,0
0,0,0,0,0,0,0,0,0,0,0,0,0,0,0.196461701509999,0,0.151754847738847,0.16871373206377,0,0,0,0,0.142219064335028,0,0.153678826549474,0,0,0,0.192249487878548,0,0,0,0,0,0,0,0,0,0,0,0,0,0,0,0,0,0,0,0,0,0,0,0,0,0,0,0,0,0,0,0.20877286195755,0,0,0,0,0.128492003927628,0,0.174382985631625,0,0.205857624354231,0,0.214362915605307,0,0,0,0,0,0,0,0,0,0,0.166065257133507,0.194033746918043,0,0,0
0,0,0,0,0,0,0,0,0,0,0,0.142357794719714,0,0,0,0,0,0.203139392866029,0,0,0,0.155873090028763,0,0,0,0.141091423617168,0,0,0,0.139101562852209,0,0,0,0,0,0,0,0.112690985202789,0,0,0,0,0,0,0,0,0,0,0,0,0,0,0,0,0,0,0,0.113202221691608,0,0,0,0,0,0,0.145972914993763,0,0,0,0.186530232429504,0,0.17482554125336,0,0,0,0,0,0,0,0,0,0.160282179713249,0,0.14193067997694,0.139633856713772,0,0,0
0,0,0,0,0,0,0,0,0,0,0.16976801644672,0,0.179217047989368,0,0,0,0.133392489949862,0,0,0,0,0,0.186882725961152,0,0,0,0.192249487878548,0,0,0,0.210607328036552,0,0,0,0,0,0,0,0.124207283059756,0,0,0,0,0,0,0,0,0,0,0,0,0,0,0,0,0,0,0,0.212769536245534,0,0,0,0,0,0,0.252925472954909,0,0,0,0.211504007875919,0,0.191712660620476,0,0.22030502136882,0,0,0,0,0,0,0,0,0.144712942838669,0.167466634884477,0,0,0
0,0,0,0,0,0,0,0,0,0,0,0.181348871543176,0,0,0,0,0,0,0,0,0,0,0,0,0,0,0,0.139101562852209,0,0,0,0,0,0,0,0,0,0.177325067845614,0,0,0,0,0,0,0,0,0,0,0,0,0,0,0,0,0,0,0,0.208261334233814,0,0,0,0,0,0,0,0,0,0,0,0,0.129225568224986,0,0.203547324618221,0,0,0,0,0,0,0,0.204946268962908,0,0.132630114257336,0,0,0,0
0,0,0,0,0,0,0,0,0,0,0.0942980096136269,0,0,0,0,0,0,0,0,0,0.346392005681992,0,0,0,0,0,0,0,0.210607328036552,0,0,0,0,0,0,0,0,0,0.170961741984418,0,0,0,0,0,0,0,0,0,0,0,0,0,0,0,0,0,0.214019274525344,0,0,0,0,0,0,0.290205836296082,0,0,0,0,0,0,0,0.230552074011593,0,0.237183868803613,0,0,0,0,0,0,0,0.227325846324675,0,0,0,0,0
0,0,0,0,0,0,0,0,0,0,0,0,0,0,0,0,0,0,0,0,0,0,0,0,0,0,0,0,0,0,0,0,0.172473024153067,0.312751326746154,0,0.176819802162104,0.118370064454419,0,0,0,0,0,0,0,0,0,0,0.479044519215216,0.434096604585648,0.49279665350914,0,0,0,0,0,0,0,0,0,0,0,0,0,0,0,0,0,0,0,0,0,0,0,0,0.233494935111261,0.174658229315205,0.316192058941065,0,0.2982630985789,0.116783142089844,0,0,0.227970513105392,0,0,0,0
0,0,0,0,0,0,0,0,0,0,0,0,0,0,0,0,0,0,0,0,0,0,0,0,0,0,0,0,0,0,0,0.172473024153067,0,0,0,0.215015994424516,0.180118339279523,0,0,0,0,0,0,0,0,0,0,0.301457324951244,0,0.483019808928172,0,0,0,0,0,0,0,0,0,0,0,0,0,0,0,0,0,0,0,0,0,0,0,0,0.1843907693286,0.195926817650504,0,0,0.467165658871333,0.159667575557537,0,0,0.21907220126232,0,0,0,0
0,0,0,0,0,0,0,0,0,0.274264591932297,0,0,0,0,0,0,0,0,0,0,0,0,0,0.286191741625468,0,0,0,0,0,0,0,0.312751326746154,0,0,0.164910945367995,0.146878079415771,0,0.274367055277732,0,0,0,0,0.444998055696487,0,0,0,0,0.255972827283236,0.433059126138687,0.399898254209095,0,0,0,0,0,0.294242352247238,0,0,0,0,0,0,0,0,0,0,0,0,0,0,0,0,0,0,0.309912214960371,0,0.217830816625941,0.156220993435566,0.240754250437021,0,0.349164869064323,0.188479036092758,0.200461085571582,0.170326319833597,0,0,0
0,0,0,0,0,0,0,0,0,0,0,0,0,0,0,0,0,0,0,0,0,0,0,0,0,0,0,0,0,0,0,0,0,0.164910945367995,0,0,0.138505601582297,0,0.314974914848372,0,0,0,0,0,0,0,0,0.247431999280225,0.391884498298168,0,0,0,0,0,0,0,0,0,0,0,0,0,0,0,0,0,0,0,0,0,0,0,0,0,0,0,0.154043087074834,0.191417396160619,0,0.169163578322956,0,0.312570078733647,0.125302359944196,0.175484910607338,0,0,0
0,0.409729969501495,0,0.273158275029239,0,0.212573672334353,0,0,0,0.333656481570668,0,0.134106055475198,0,0,0.401777863502502,0,0.329479888081551,0.338320925831795,0.392373175493308,0.165265406289528,0,0,0,0,0,0,0,0,0,0,0,0.176819802162104,0.215015994424516,0.146878079415771,0,0,0.173951375041056,0.180920718828984,0.198424304525057,0.338866048875977,0.334288358688354,0.326130010579762,0.254139453172684,0,0.385136753320694,0.290596267756294,0,0.485876498536931,0.234572404447724,0.294058312091135,0,0.180501148104668,0,0,0,0,0,0.298388070785082,0,0,0,0,0.205406351934332,0,0,0,0,0,0,0,0,0,0.315228785077731,0,0.255018267783639,0.167952425130036,0.211021874150387,0,0.224422832093832,0.174620897460534,0.221346535746113,0,0.204665923408702,0.195025317370892,0.236077206249794,0.310121551156044,0
0,0,0.251885203378541,0.28166675567627,0.213014082113902,0,0,0,0,0,0.136816573143005,0,0,0,0,0,0,0.345965296030045,0.413926625535602,0,0.186054329599942,0,0,0,0,0,0,0,0,0,0,0.118370064454419,0.180118339279523,0,0.138505601582297,0.173951375041056,0,0,0.16949644878168,0.362710312008858,0.217242809633414,0,0.339278917937052,0,0.368963807821274,0,0.261731430374343,0.33973043748448,0.27383736972556,0,0.242216270545433,0,0,0,0.243133772164583,0,0.235045654078325,0,0.245341929296652,0,0,0,0,0.232796021143645,0,0,0,0,0,0,0,0,0,0.288908084233602,0.369136939942837,0.180292457519543,0,0.217511305643711,0.18913772252817,0.211201200045591,0,0.189574804332556,0.157074248179601,0.0981761422008276,0.215229575199435,0,0.355144151619502
0,0,0,0,0,0,0,0,0,0.206964857974335,0,0.131532375652556,0,0,0,0,0,0,0,0.168877053118887,0,0.162337948291228,0,0.168742473457737,0,0,0,0.112690985202789,0,0.177325067845614,0,0,0,0.274367055277732,0,0.180920718828984,0,0,0.166206548445755,0,0,0,0.728708184042642,0,0,0.286572821438313,0,0.592063545865912,0,0.438360169328002,0,0,0,0,0,0.263135393815381,0,0.144932980239391,0,0,0,0,0.249885980288188,0,0.20136436674807,0,0.286387057809485,0,0,0,0.135103344917297,0,0.199548577314073,0,0,0,0.215950010596095,0,0.222381894804225,0,0.22443241447902,0.14239390194416,0.325951317601444,0.435585755109787,0.334858493251695,0.214671969413757,0
0,0,0.291586488485336,0,0,0,0,0,0.218500756588923,0,0.168246537446976,0,0,0,0,0,0,0,0.431514590978622,0,0.215691620899626,0,0.201268132589757,0,0.193579823310886,0,0,0,0.124207283059756,0,0.170961741984418,0,0,0,0.314974914848372,0.198424304525057,0.16949644878168,0.166206548445755,0,0,0,0,0,0,0,0,0.359341626055539,0.321558538283552,0.338514685797425,0,0,0,0,0,0.245150760008857,0,0.151625921577215,0,0,0,0,0,0,0.277370545930941,0,0.240831986411877,0,0.305449045041269,0,0,0,0.246105953963364,0,0.265415552054798,0,0,0.186661258339882,0.306639261962323,0.232381316167968,0.254731577992697,0,0.231538024157467,0.153164820599357,0.167749526245253,0.414786495594308,0,0
0,0.463862951844931,0,0.274209286272526,0,0.247547700173325,0,0,0,0.295247618918833,0,0,0,0,0,0,0.355062351533861,0.352988662884424,0.36024417910239,0.232426568865776,0,0,0,0,0,0,0,0,0,0,0,0,0,0,0,0.338866048875977,0.362710312008858,0,0,0,0.36913888156414,0.316557494109057,0.26737961797945,0,0.304326005280018,0.309791131266232,0.327883525973275,0.243107244372368,0.24101722612977,0.229922779428738,0,0.262843683362007,0,0,0,0.334278434514999,0,0.3023268044629,0,0,0.33675354719162,0,0.327612348702512,0.342699412256479,0,0,0,0,0,0,0,0,0.281160917878151,0,0,0,0,0,0.327435665267662,0.363671807142404,0.33452662772366,0.296795532107353,0.335793865910439,0.340298663034584,0.279099092602349,0.272311679626766,0.25275794416666
0,0,0.28532598841758,0,0.254291865974665,0,0,0,0.445715248584747,0,0,0,0,0,0,0,0.410288839586197,0.346784930853617,0.364581148742753,0,0.215621184219014,0,0.26585265994072,0,0,0,0,0,0,0,0,0,0,0,0,0.334288358688354,0.217242809633414,0,0,0.36913888156414,0,0.261732324957848,0.298400364540241,0,0.388581266555622,0.40406463543574,0.366155300909447,0.346182972706597,0.244939654673401,0.328202641010284,0.263438839804042,0,0,0,0.240898152192434,0,0.286298344419761,0,0.261370639006297,0,0,0,0,0.260749701320404,0,0,0,0,0,0.322730779647827,0,0,0,0.290014805702063,0,0,0,0,0.34719284872214,0.238704252952956,0,0.270385226323491,0.323642066708117,0.288287326693535,0.290746949077484,0,0.33047604436064
0,0.385542883179509,0,0.303136679121686,0,0.264190625261377,0,0,0,0.274637747117702,0,0,0,0,0,0,0.310076026689439,0.324484791198786,0.274516438778344,0,0,0,0,0,0,0,0,0,0,0,0,0,0,0,0,0.326130010579762,0,0,0,0.316557494109057,0.261732324957848,0,0.231510924493394,0,0.235526241362095,0.336698314225352,0.2461818754673,0.432726533789384,0.454297012752957,0.34568278632912,0,0.277170538902283,0,0,0,0.260069182909587,0,0.335396469232783,0,0,0,0,0.34185324845806,0.34992390871048,0,0,0,0,0,0,0,0,0.309971109214352,0,0,0,0,0,0.31974489047171,0.302581169388511,0.353701946636041,0.379998832941055,0.305440527585297,0.330418240799699,0.324775391891018,0.259509946120546,0.253519413371881
0.306281084265676,0,0.328572268462061,0,0.280949955185254,0.255287021398544,0,0,0.166949090858301,0,0,0,0,0,0,0,0.324362655149566,0.298586303696913,0.245671162753163,0,0,0,0,0,0,0,0,0,0,0,0,0,0,0.444998055696487,0,0.254139453172684,0.339278917937052,0.728708184042642,0,0.26737961797945,0.298400364540241,0.231510924493394,0,0,0.281657453035486,0.236397698521614,0.269598052966842,0.639827754198,0.443129275247556,0.446343582655702,0.292543420568109,0,0,0,0.24822918176651,0,0.378058202264848,0.278672635555267,0.324068675438563,0,0.306037485599518,0,0.270317919552326,0.347148910097711,0,0,0,0,0,0,0,0.38620762526989,0.26537299156189,0.334447347266333,0,0,0,0,0.306939459272793,0.334346644040567,0.520754486322403,0.358462204797226,0.384108564261658,0.344443154196407,0.336814927406219,0.195008367300034,0.250606880608969
0,0,0,0,0,0,0,0,0,0,0,0,0,0,0,0,0,0,0,0,0,0,0,0,0,0,0,0,0,0,0,0,0,0,0,0,0,0,0,0,0,0,0,0,0,0,0,0,0,0,0,0,0,0,0,0,0,0,0,0,0,0,0,0,0,0,0,0,0,0,0,0,0,0,0,0,0,0,0,0,0,0,0,0,0,0,0
0,0,0.323092073202133,0,0,0,0,0,0,0,0,0,0,0,0,0,0.322757245256351,0.315325736999512,0.275035733653231,0,0,0,0,0,0,0,0,0,0,0,0,0,0,0,0,0.385136753320694,0.368963807821274,0,0,0.304326005280018,0.388581266555622,0.235526241362095,0.281657453035486,0,0,0.251755647361279,0.375367157610066,0,0.316728919744492,0,0,0,0,0,0,0,0.395271443894931,0,0,0,0,0,0.325377903878689,0.403562951190718,0,0,0,0,0,0,0,0,0,0.440580502152443,0,0,0,0,0.319697881383555,0.413522537376927,0,0.491288703035664,0.268630065644781,0,0.393738001362601,0.288704633712769,0.272988369238788
0,0,0,0.247457846999168,0,0.305045545101166,0,0,0,0,0,0,0,0,0,0,0.313965886831284,0.342778152227402,0.315194200367144,0.31562629071149,0,0,0,0,0,0,0,0,0,0,0,0,0,0,0,0.290596267756294,0,0.286572821438313,0,0.309791131266232,0.40406463543574,0.336698314225352,0.236397698521614,0,0.251755647361279,0,0.2646344602108,0,0,0.227370088299116,0,0,0,0,0,0.255532532930374,0,0.355996769921789,0,0,0,0,0.276942560709576,0,0,0,0,0,0,0,0,0,0.381940464902398,0,0,0,0,0,0.301219087176686,0.385732993483543,0.363375685790406,0,0.27974524466615,0.319620847702026,0.376707899301606,0,0
0,0,0,0,0.319734036922455,0,0,0,0,0,0.229421555995941,0,0,0,0,0,0.356842757626013,0.326897834738096,0.332111145421014,0,0.295658084750175,0,0,0,0,0,0,0,0,0,0,0,0,0,0,0,0.261731430374343,0,0.359341626055539,0.327883525973275,0.366155300909447,0.2461818754673,0.269598052966842,0,0.375367157610066,0.2646344602108,0,0.24881243871318,0.228009957820177,0,0.224533334374428,0,0,0,0,0,0.292371174054486,0.266379535198212,0,0,0,0,0.287231922149658,0.34560850270076,0,0,0,0,0,0,0,0,0,0.304854109883308,0,0,0,0,0.327757477760315,0.347493087168137,0.364098638296127,0.405025139008418,0.260232489524504,0.299216985702515,0.303953510245115,0,0.274874406556288
0,0,0.261266928911209,0,0.244906450311343,0,0,0,0,0.273721247911453,0,0,0,0,0,0,0,0,0,0,0.223615918308496,0.346181482076645,0,0,0,0,0,0,0,0,0,0.479044519215216,0.301457324951244,0.255972827283236,0.247431999280225,0.485876498536931,0.33973043748448,0.592063545865912,0.321558538283552,0.243107244372368,0.346182972706597,0.432726533789384,0.639827754198,0,0,0,0.24881243871318,0,0.530798158499792,0.440681509007338,0.26328465748917,0,0,0,0.264751642942429,0,0.276022612055143,0,0.271778620779514,0,0,0,0,0.231668878685344,0,0,0,0,0,0,0,0,0,0,0.510252694175032,0.336512052529068,0.349650280636757,0.209557351228353,0.382064048251009,0.387427155488372,0.422984361834592,0.379526165177287,0.575266838807931,0.595734555274248,0.509646579832606,0,0
0.224243953176167,0,0.225678757752901,0.270921483635902,0.25398476421833,0.260886371135712,0,0,0.18602375216209,0.272834628820419,0,0,0,0,0,0,0.305403620004654,0,0.289141407443417,0.227593213319778,0.233106836676598,0,0.191255799764712,0,0.20092886384754,0,0,0,0,0,0,0.434096604585648,0,0.433059126138687,0.391884498298168,0.234572404447724,0.27383736972556,0,0.338514685797425,0.24101722612977,0.244939654673401,0.454297012752957,0.443129275247556,0,0.316728919744492,0,0.228009957820177,0.530798158499792,0,0.381175642803376,0.271547222137451,0,0,0,0.202326959158693,0,0.295606204370658,0,0.264124507084489,0,0.200979725647998,0,0,0.232797033339739,0,0.261307943887154,0,0.236070187998782,0,0.206061825156212,0,0.290178583184285,0,0.222827734855505,0,0,0,0.376779353076761,0.259992842872938,0.395889590261626,0,0.328826351117917,0.435460549439139,0.311644817653455,0.368198005852745,0,0
0,0.233687480255453,0,0.253807761995806,0,0.247605288257966,0,0,0,0.190967165371951,0,0,0,0,0,0.224152728915215,0,0.314956292510033,0.344995974075227,0.204869166016579,0,0.255969615410204,0,0.23148525506258,0,0,0,0,0,0,0,0.49279665350914,0.483019808928172,0.399898254209095,0,0.294058312091135,0,0.438360169328002,0,0.229922779428738,0.328202641010284,0.34568278632912,0.446343582655702,0,0,0.227370088299116,0,0.440681509007338,0.381175642803376,0,0,0.221020418405533,0,0,0,0.247615185768708,0,0.331888183531627,0,0.338684191306432,0,0.265307239426507,0.301103416085243,0,0.264473532072522,0,0.235096024615424,0,0.340627274492331,0,0.449149870872498,0,0.280148377716541,0,0,0,0.437334841915539,0,0.331517862116957,0,0.317548380494118,0,0.412972569051226,0.302917918054069,0.297403732581369,0.355196168025335,0
0,0,0.236135977482506,0,0.197899424059446,0,0.151416063308716,0,0,0,0,0,0,0,0,0,0,0,0.285341843962669,0,0.239309899508953,0,0,0,0,0,0,0,0,0,0,0,0,0,0,0,0.242216270545433,0,0,0,0.263438839804042,0,0.292543420568109,0,0,0,0.224533334374428,0.26328465748917,0.271547222137451,0,0,0,0.179410465976648,0,0.211523673990194,0,0.27083871426157,0,0.259085416793823,0,0.253608531509227,0,0,0.301176096363501,0,0,0,0,0,0,0,0,0,0.292484879493713,0,0,0,0,0,0.267736807465553,0,0.293708130717278,0.219371585532872,0.28855487704277,0.269084153185727,0,0
0,0.178055457770824,0,0.261912507852456,0,0.222521728232836,0,0,0,0.192989671230316,0,0,0,0,0,0.190871104598045,0,0,0,0.310654457658529,0,0,0,0,0,0,0,0,0,0,0,0,0,0,0,0.180501148104668,0,0,0,0.262843683362007,0,0.277170538902283,0,0,0,0,0,0,0,0.221020418405533,0,0,0,0.262130211506571,0,0.196578785777092,0,0.268370589348658,0,0.263907070385247,0,0.193330023437738,0.263798539837201,0,0,0,0,0,0,0,0,0,0,0,0,0,0,0,0.28254851102829,0,0,0,0.241380676627159,0.286973237991333,0.297693830438639,0,0
0,0,0,0,0.160438572367032,0,0.183963878287209,0,0,0,0.192425082033535,0,0,0,0,0,0,0,0,0,0.169510647654533,0,0,0,0,0,0,0,0,0,0,0,0,0,0,0,0,0,0,0,0,0,0,0,0,0,0,0,0,0,0.179410465976648,0,0,0,0,0,0.193209288165708,0,0,0,0,0,0,0,0,0,0,0,0,0,0,0,0,0,0,0,0,0,0,0,0,0,0,0,0,0,0
0,0,0,0,0,0.172000989317894,0,0.170381079549375,0,0,0,0.220612584613264,0,0,0,0,0,0,0,0,0,0,0,0,0,0,0,0,0,0,0,0,0,0,0,0,0,0,0,0,0,0,0,0,0,0,0,0,0,0,0,0.262130211506571,0,0,0,0,0,0.2356588905837,0,0.2442245976283,0,0,0.21804219186306,0,0,0,0,0,0,0,0,0,0,0,0,0,0,0,0,0,0,0,0,0,0.225486531853676,0,0
0.17492651900075,0,0.195574828763072,0,0.255214810371399,0,0,0,0.243979099277539,0,0,0,0,0,0.218317478895187,0,0,0,0.276120126247406,0,0,0,0,0,0.275505613121722,0,0,0,0,0,0,0,0,0,0,0,0.243133772164583,0,0.245150760008857,0,0.240898152192434,0,0.24822918176651,0,0,0,0,0.264751642942429,0.202326959158693,0,0.211523673990194,0,0,0,0,0,0.274522577722867,0,0,0,0.212895349212931,0,0,0.269085705280304,0,0,0,0.277779772181016,0,0.216475238402685,0,0,0,0.275328814983368,0,0,0,0,0,0,0,0.263272148081296,0.254641668761478,0.149873659014702,0.230088276219297,0,0
0,0.190308884752722,0,0.169608102180064,0,0.195620521903038,0,0,0,0.279424112935159,0,0,0,0,0,0.190445293027621,0,0,0.268035799264908,0,0,0,0,0.280334210130903,0,0,0,0,0,0,0,0,0,0.294242352247238,0,0,0,0.263135393815381,0,0.334278434514999,0,0.260069182909587,0,0,0,0.255532532930374,0,0,0,0.247615185768708,0,0.196578785777092,0,0,0,0,0,0.297761511057615,0,0,0,0.241074291100869,0.279855310916901,0,0,0,0.295310082150177,0,0,0,0,0,0.302107900381088,0,0,0,0,0,0,0,0.272298889108075,0,0.229017242817925,0,0.229860199831467,0,0
0,0,0.327938303931967,0,0.260028406977654,0,0,0,0.408902982870738,0,0.202160842647408,0,0.175949759555585,0,0,0,0.391384828090668,0.356259055435658,0.401802531167782,0,0.307745702564716,0,0,0,0,0,0,0,0,0,0.214019274525344,0,0,0,0,0,0.235045654078325,0,0.151625921577215,0,0.286298344419761,0,0.378058202264848,0,0.395271443894931,0,0.292371174054486,0.276022612055143,0.295606204370658,0,0.27083871426157,0,0.193209288165708,0,0.274522577722867,0,0,0,0.238289237129603,0,0.255565352737904,0,0,0.322581257268969,0,0,0,0,0,0,0,0.412265900695374,0,0.336713942824578,0,0,0,0,0,0.308048990068448,0,0.20389232536157,0.39502350355725,0.353624356644494,0.363116101512557,0,0.402869831908632
0,0.406083226203918,0,0.336884574009025,0,0.273882332223433,0,0,0,0.29304954723308,0,0.196199102071042,0,0.150537015643062,0,0,0.34623325864474,0.369789832830429,0.378493724523052,0.174421481946681,0,0,0,0,0,0,0,0.113202221691608,0,0.208261334233814,0,0,0,0,0,0.298388070785082,0,0.144932980239391,0,0.3023268044629,0,0.335396469232783,0.278672635555267,0,0,0.355996769921789,0.266379535198212,0,0,0.331888183531627,0,0.268370589348658,0,0.2356588905837,0,0.297761511057615,0,0,0,0.276026065628898,0,0.28973850607872,0.318106818388379,0,0,0,0,0,0,0,0,0,0.292813836621741,0,0,0,0,0,0.306021438431494,0.355686038732529,0.173041608304747,0,0.277439561782076,0.373317874968052,0.361240266071212,0.363105803728104,0
0,0,0.25701791793108,0,0.23226509988308,0,0,0,0,0,0.182071121375042,0,0.201177846125806,0,0.202013559076521,0,0,0,0.322220355272293,0,0,0,0,0,0,0,0,0,0.212769536245534,0,0,0,0,0,0,0,0.245341929296652,0,0,0,0.261370639006297,0,0.324068675438563,0,0,0,0,0.271778620779514,0.264124507084489,0,0.259085416793823,0,0,0,0,0,0.238289237129603,0,0,0,0.218688216951464,0,0,0.276744544506073,0,0,0,0,0,0,0,0.222714319978005,0,0,0,0,0,0,0,0.252745725214481,0,0,0.175286732708352,0.195751643180847,0.28324155451036,0,0
0,0,0,0.311912647720908,0,0,0,0,0,0,0,0.149960850007259,0,0.165206180596019,0,0.132123008370399,0,0,0,0,0,0,0,0,0,0,0,0,0,0,0,0,0,0,0,0,0,0,0,0,0,0,0,0,0,0,0,0,0,0.338684191306432,0,0.263907070385247,0,0.2442245976283,0,0,0,0.276026065628898,0,0,0,0.270712302790748,0,0,0,0,0,0,0,0,0.152425579726696,0,0,0,0,0,0,0,0,0,0,0,0.144380554556847,0,0.321946100393931,0,0
0.189009541402692,0,0.228471781526293,0,0,0,0,0,0.175793799811495,0,0,0,0.189629832903544,0,0.207189977646999,0,0.187326502393592,0,0,0,0,0,0,0,0,0,0.20877286195755,0,0,0,0,0,0,0,0,0,0,0,0,0.33675354719162,0,0,0.306037485599518,0,0,0,0,0,0.200979725647998,0,0.253608531509227,0,0,0,0.212895349212931,0,0.255565352737904,0,0.218688216951464,0,0,0,0,0,0,0,0,0.188501230307988,0,0.207961793165458,0,0,0,0,0,0,0,0,0,0,0,0,0.161012262105942,0,0.18023996592797,0,0
0,0.225812402072844,0,0.27525939021556,0,0.181419104337692,0,0,0,0.233646179080009,0,0,0,0.1561962237109,0,0.180176448888249,0,0.189635042846203,0,0,0,0,0,0,0,0,0,0,0,0,0,0,0,0,0,0,0,0,0,0,0,0,0,0,0,0,0,0,0,0.265307239426507,0,0.193330023437738,0,0,0,0.241074291100869,0,0.28973850607872,0,0.270712302790748,0,0,0,0,0,0,0.288284490505854,0,0.279233276577933,0,0,0,0,0,0,0,0,0,0,0,0,0,0.192472721504814,0,0.300411620310375,0,0
0,0,0,0.283679202198982,0,0.275664110978444,0,0,0,0.245625346899033,0,0.145270842696186,0,0,0,0,0.358695857226849,0.354587386051814,0.353844047784805,0.180065327380611,0,0,0,0,0,0,0,0,0,0,0,0,0,0,0,0.205406351934332,0,0.249885980288188,0,0.327612348702512,0,0.34185324845806,0.270317919552326,0,0.325377903878689,0.276942560709576,0.287231922149658,0,0,0.301103416085243,0,0.263798539837201,0,0.21804219186306,0,0.279855310916901,0,0.318106818388379,0,0,0,0,0,0,0,0,0,0,0,0,0,0,0.361763259962849,0,0,0,0,0,0.277505036069529,0.385374449193478,0.28431120947484,0,0.18880183405566,0.322170466184616,0.309151047327507,0.296892484029134,0
0.421656399965286,0,0.298642762977144,0,0.19561168923974,0.31771531701088,0,0,0.307774573564529,0,0.194369707829677,0,0,0,0,0,0.363477918174532,0.333022905720605,0.380533362594192,0,0.217794467086737,0,0,0,0,0,0,0,0,0,0.290205836296082,0,0,0,0,0,0.232796021143645,0,0.277370545930941,0.342699412256479,0.260749701320404,0.34992390871048,0.347148910097711,0,0.403562951190718,0,0.34560850270076,0.231668878685344,0.232797033339739,0,0.301176096363501,0,0,0,0.269085705280304,0,0.322581257268969,0,0.276744544506073,0,0,0,0,0,0,0,0,0,0,0,0,0.382050529122353,0.307499706745148,0.344687808411462,0,0,0,0,0.35491943359375,0.282758201464363,0,0.353340970222803,0.246236879442102,0.336921638912625,0.340552781157456,0,0.399517431855202
0,0,0,0,0,0,0,0,0,0,0,0,0,0,0,0,0,0,0,0,0,0.248191147603583,0.142242111265659,0.222007132487787,0,0.197488278150558,0,0.145972914993763,0,0,0,0,0,0,0,0,0,0.20136436674807,0,0,0,0,0,0,0,0,0,0,0,0.264473532072522,0,0,0,0,0,0,0,0,0,0,0,0,0,0,0,0,0.232852282739503,0,0.251885067061944,0,0.217340949099056,0,0,0,0,0,0,0,0,0,0.265203637127974,0,0.156666185642066,0,0.268614093462626,0,0
0,0,0,0,0,0,0,0,0.17728853225708,0,0,0,0,0,0,0,0.146037308793319,0.158147446472536,0.236273430287838,0,0,0.108387334272265,0.208918021393376,0,0.199610669303823,0.146908596158028,0.128492003927628,0,0.252925472954909,0,0,0,0,0,0,0,0,0,0.240831986411877,0,0,0,0,0,0,0,0,0,0.261307943887154,0,0,0,0,0,0,0,0,0,0,0,0,0,0,0,0,0,0,0.297278907365456,0.157732591032982,0.293337270442177,0,0.295960783078301,0,0,0,0,0,0,0,0,0,0.254845896392249,0.2264492053252,0,0.318925122419993,0,0
0,0,0,0,0,0,0,0,0,0.290950957934062,0,0,0,0,0,0,0,0,0,0,0,0.212477921866454,0,0.214703981016289,0,0,0,0,0,0,0,0,0,0,0,0,0,0.286387057809485,0,0,0,0,0,0,0,0,0,0,0,0.235096024615424,0,0,0,0,0,0.295310082150177,0,0,0,0,0,0.288284490505854,0,0,0.232852282739503,0,0,0,0.253282514214516,0,0,0,0,0,0,0,0.324732720851898,0,0,0,0.276456936307556,0,0.190342607705489,0,0.310548482086737,0,0
0.218968156476816,0,0,0,0,0,0,0,0.211779425153509,0,0,0,0,0,0.2246342016892,0,0,0,0,0,0,0,0.198810097362314,0,0.205752799902584,0,0.174382985631625,0,0,0,0,0,0,0,0,0,0,0,0.305449045041269,0,0,0,0,0,0,0,0,0,0.236070187998782,0,0,0,0,0,0.277779772181016,0,0,0,0,0,0.188501230307988,0,0,0,0,0.297278907365456,0,0,0,0.230759615706577,0,0,0,0,0,0,0,0,0,0,0,0.218279062108747,0.204954727970321,0,0.370350368923454,0,0
0,0.260445602915504,0,0,0,0,0,0,0,0,0,0,0,0.119567369421323,0,0.121303680042426,0.162512409190337,0.193347389442385,0,0,0,0.22373259589076,0,0.153927820233198,0,0.198317859491164,0,0.186530232429504,0,0,0,0,0,0,0,0,0,0,0,0,0,0,0,0,0,0,0,0,0,0.340627274492331,0,0,0,0,0,0,0,0,0,0,0,0.279233276577933,0,0,0.251885067061944,0.157732591032982,0.253282514214516,0,0,0,0.224727148785017,0,0,0,0,0,0,0,0,0,0,0,0.153283292260663,0,0,0,0
0.214817479252815,0,0,0,0,0,0,0,0.20441664258639,0,0,0,0,0,0.216165856062937,0,0.167621746102226,0.17038777257715,0.270702347159386,0,0,0,0.180576211903044,0,0.18416988604209,0,0.205857624354231,0,0.211504007875919,0,0,0,0,0,0,0,0,0,0,0,0.322730779647827,0,0,0,0,0,0,0,0.206061825156212,0,0,0,0,0,0.216475238402685,0,0,0,0,0,0.207961793165458,0,0,0,0,0.293337270442177,0,0.230759615706577,0,0,0,0.239905463947969,0,0,0,0,0,0,0,0,0,0,0.195852107057969,0,0.20724356174469,0,0
0,0,0,0,0,0,0,0,0,0,0,0.144942785302798,0,0,0,0,0,0.167842711011569,0,0,0,0,0,0,0,0.157088213733264,0,0.17482554125336,0,0.129225568224986,0,0,0,0,0,0,0,0.135103344917297,0,0,0,0,0,0,0,0,0,0,0,0.449149870872498,0,0,0,0,0,0,0,0,0,0.152425579726696,0,0,0,0,0.217340949099056,0,0,0,0.224727148785017,0,0,0,0.252157585488425,0,0,0,0,0,0,0,0.224462061887607,0,0.150155524909496,0,0,0,0
0,0,0,0,0,0,0,0,0,0,0,0,0.209346440434456,0,0,0,0,0,0.374183893203735,0,0,0,0.235876750543311,0,0,0,0.214362915605307,0,0.191712660620476,0,0.230552074011593,0,0,0,0,0,0,0,0.246105953963364,0,0,0,0.38620762526989,0,0,0,0,0,0.290178583184285,0,0,0,0,0,0,0,0.412265900695374,0,0.222714319978005,0,0,0,0,0.382050529122353,0,0.295960783078301,0,0,0,0.239905463947969,0,0,0,0.240303924182398,0,0,0,0,0,0.324994891881943,0,0.279147127633548,0.161634764075279,0,0.431500434875488,0,0.418929415941238
0,0,0,0.348871631754769,0,0.298323287566503,0,0,0,0.294657609462738,0,0.240087356807581,0,0,0,0,0.356572896242142,0.379215016961098,0.378522879077542,0,0,0,0,0,0,0,0,0,0,0.203547324618221,0,0,0,0,0,0.315228785077731,0,0.199548577314073,0,0.281160917878151,0,0.309971109214352,0.26537299156189,0,0,0.381940464902398,0,0,0,0.280148377716541,0,0,0,0,0,0.302107900381088,0,0.292813836621741,0,0,0,0,0.361763259962849,0.307499706745148,0,0,0,0,0,0,0.252157585488425,0,0,0,0,0,0,0,0.323276493926438,0,0.257320580001061,0,0.381103059543031,0.376361258327961,0.342851476214434,0.342728250166949,0.308026254177094
0,0,0.331469789147377,0,0,0,0,0,0,0,0,0,0,0,0,0,0.340555533766747,0,0.399761154101445,0,0.372686352994707,0,0,0,0,0,0,0,0.22030502136882,0,0.237183868803613,0,0,0,0,0,0.288908084233602,0,0.265415552054798,0,0.290014805702063,0,0.334447347266333,0,0.440580502152443,0,0.304854109883308,0,0.222827734855505,0,0.292484879493713,0,0,0,0.275328814983368,0,0.336713942824578,0,0,0,0,0,0,0.344687808411462,0,0,0,0,0,0,0,0.240303924182398,0,0,0,0,0,0,0,0.324401432275772,0,0.291303537347289,0.34324454620134,0,0.314547236121114,0,0.43278637102672
0,0,0,0,0,0,0,0,0,0,0,0,0,0,0,0,0,0,0,0,0,0,0,0,0,0,0,0,0,0,0,0.233494935111261,0.1843907693286,0.309912214960371,0,0.255018267783639,0.369136939942837,0,0,0,0,0,0,0,0,0,0,0.510252694175032,0,0,0,0,0,0,0,0,0,0,0,0,0,0,0,0,0,0,0,0,0,0,0,0,0,0,0,0.214507798061651,0.304205948168093,0,0.317619409907878,0.397765606641769,0,0,0.241191992142671,0,0,0,0
0,0,0,0,0,0,0,0,0,0,0,0,0,0,0,0,0,0,0,0,0,0,0,0,0,0,0,0,0,0,0,0.174658229315205,0.195926817650504,0,0,0.167952425130036,0.180292457519543,0,0,0,0,0,0,0,0,0,0,0.336512052529068,0,0,0,0,0,0,0,0,0,0,0,0,0,0,0,0,0,0,0,0,0,0,0,0,0,0,0.214507798061651,0,0,0.309109318492517,0.430114448070526,0.318865864066988,0,0,0.191408249192268,0,0,0,0
0,0,0,0,0,0,0,0,0,0.285644054412842,0,0,0,0,0,0,0,0,0.408133268356323,0,0,0,0,0,0,0,0,0,0,0,0,0.316192058941065,0,0.217830816625941,0.154043087074834,0.211021874150387,0,0.215950010596095,0.186661258339882,0,0,0,0,0,0,0,0,0.349650280636757,0,0.437334841915539,0,0,0,0,0,0,0,0,0,0,0,0,0,0,0,0,0.324732720851898,0,0,0,0,0,0,0,0.304205948168093,0,0,0.155464736744761,0.294128015716157,0,0.26889153845066,0,0.169676855632237,0.182384766638279,0,0,0
0,0,0,0,0,0,0,0,0,0,0,0,0,0,0,0,0,0,0,0,0,0,0,0,0,0,0,0,0,0,0,0,0,0.156220993435566,0.191417396160619,0,0.217511305643711,0,0.306639261962323,0,0,0,0,0,0,0,0,0.209557351228353,0.376779353076761,0,0,0,0,0,0,0,0,0,0,0,0,0,0,0,0,0,0,0,0,0,0,0,0,0,0,0.309109318492517,0.155464736744761,0,0,0.309704103660085,0,0.27078425212707,0.159491200382129,0,0,0,0
