0,0,4.36943552855289,0,0,0,0,0,5.67867106360358,0,0,0,0,0,0,0,0,0,3.17350932529994,0,0,0,0,0,0,0,0,0,0,0,0,0,0,0,0,0,0,0,0,0,0,0,4.48759078979492,0,5.96444594860077,0,0,0,8.49450069665909,0,0,0,0,0,11.5312820456245,0,0,0,0,0,0,0,0,0,0,0,0,0,0,0,0,0,0,0,0,0,0,0,0,0,0,0,4.70451852211765,0,4.41216731318538,0,4.2259955406189
0,0,0,3.5620795322019,0,0,0,0,0,5.71798188966863,0,0,0,0,0,0,0,0,0,0,0,0,0,9.98050101598104,0,0,0,0,0,0,0,0,0,0,0,0,0,0,0,0,0,9.9235040307045,0,0,0,0,0,0,0,5.57605019652951,0,0,0,0,0,2.97816793542159,0,7.60221862792969,0,0,0,2.73898088932037,0,0,0,0,0,0,0,0,0,0,0,0,0,0,0,0,0,0,0,0,6.10010968002204,0,5.77446761612498,15.9799747467041,0
4.36943552855289,0,0,0,4.57614785577082,0,0,0,7.95133335228208,0,0,0,0,0,0,0,0,0,2.88344168663025,0,0,0,0,0,0,0,0,0,0,0,0,0,0,0,43.4436225891113,0,0,0,62.4976272583008,0,41.5207061767578,0,22.8375058364868,0,5.92837723563699,0,8.64418181307248,39.6129174068056,32.4460285186768,37.4538917541504,0,0,0,0,2.98960277308588,0,0,0,0,0,0,0,0,0,0,0,0,0,0,0,0,0,0,33.0516780853271,0,0,0,59.5313873291016,0,0,0,37.7682496388753,8.70809024572372,0,7.72419125501392,0,27.4892902374268
0,3.5620795322019,0,0,0,3.27196202612962,0,0,0,2.93512608965889,0,0,0,0,0,0,0,0,0,0,0,0,0,0,0,0,0,0,0,0,0,0,0,0,0,0,0,0,0,43.5998242696126,0,30.319000684298,0,0,0,12.4166564305623,0,44.956958770752,0,31.2894445313348,0,3.00019420517815,0,0,0,0,0,27.8669490814209,0,0,0,0,8.26860731560112,0,0,0,0,0,0,0,0,0,37.9872894287109,0,0,0,47.8263835906982,0,0,0,45.7281188964844,0,4.67453192869822,3.37273590905326,5.37731734338823,0,0
0,0,4.57614785577082,0,0,0,0,0,0,0,6.35259532928467,0,0,0,0,0,0,0,0,0,5.61012907822927,0,0,0,0,0,0,0,0,0,0,0,0,0,0,0,0,0,0,0,0,0,0,0,0,0,0,0,0,0,0,0,0,0,0,0,5.31473236083984,0,0,0,0,0,0,3.76388765853128,0,0,0,0,0,0,0,0,0,0,0,0,0,0,0,0,0,0,3.26356404438776,0,2.96626734733582,0,0
0,0,0,3.27196202612962,0,0,0,0,0,2.83012694782681,0,0,0,0,0,0,0,0,0,3.79632727305094,0,0,0,0,0,0,0,0,0,0,0,0,0,0,0,3.72767877578735,0,0,0,0,0,0,0,0,0,21.2421646118164,0,0,0,0,0,3.54871306186769,0,0,0,3.02385938167572,0,0,0,3.01583905220032,0,0,0,0,0,0,0,0,0,0,0,0,0,0,0,0,0,0,0,0,0,0,4.09485651336553,0,6.67708881696065,0,0
0,0,0,0,0,0,0,0,0,0,6.49620878696442,0,0,0,0,0,0,0,0,0,5.26853304283292,0,0,0,0,0,0,0,0,0,0,0,0,0,0,0,0,0,0,0,0,0,0,0,0,0,0,0,0,0,0,0,0,0,0,0,5.11983620203458,0,0,0,0,0,0,4.57978492084591,0,0,0,0,0,0,0,0,0,0,0,0,0,0,0,0,0,0,0,0,0,0,0
0,0,0,0,0,0,0,0,0,0,0,0,0,0,0,0,0,0,0,0,0,0,0,0,0,0,0,0,0,0,0,0,0,0,0,0,0,0,0,0,0,0,0,0,0,0,0,0,0,0,0,0,0,3.28865281740824,0,0,0,0,0,0,0,0,0,0,0,0,0,0,0,0,0,0,0,0,0,0,0,0,0,0,0,0,3.5222277485806,3.39911582836738,3.26696212830082,0,0
5.67867106360358,0,7.95133335228208,0,0,0,0,0,0,79.3962554931641,0,0,0,0,7.32679224014282,0,22.3896309972335,39.5798986846325,22.4280613263448,0,0,34.7757930755615,23.0196997324626,32.4820000784738,13.6183042396787,48.0266660054525,13.6925016403198,56.4977874755859,0,0,0,0,0,0,0,104.499267578125,0,0,3.68267326056957,0,0,0,3.5781569480896,0,0,0,0,0,0,0,0,0,0,0,5.12472869167809,46.2787742614746,0,0,0,0,5.73045855760574,0,0,0,0,0,42.2424875895182,0,0,0,0,0,0,0,0,0,0,0,0,0,0,4.44951307998513,11.392554522541,6.66629544893901,4.8815263227983,0,0
0,5.71798188966863,0,2.93512608965889,0,2.83012694782681,0,0,79.3962554931641,0,0,0,0,14.0316739082336,63.9620590209961,11.4620813570525,43.0174617323765,16.9481736620026,49.1810308456421,0,0,24.2137777832733,0,15.9135411783567,0,16.2510536422192,0,30.557093501091,0,0,0,0,0,0,0,0,0,3.20778957402931,0,0,0,28.7470512390137,0,0,0,0,0,0,0,0,0,0,0,0,0,5.08213008718288,0,0,0,0,0,8.99415248632431,0,0,28.1236141429228,0,16.1207040901383,0,19.108955016503,0,0,0,0,0,0,0,0,0,0,0,5.47641944885254,0,16.510806326992,26.5530014038086,4.32577287800172,0,0
0,0,0,0,6.35259532928467,0,6.49620878696442,0,0,0,0,0,3.03434737523397,0,0,0,0,0,0,0,5.33937406004145,0,0,0,0,0,0,0,0,0,3.5600934673,0,0,0,0,0,7.35193737122998,0,6.94720815198695,0,0,0,0,0,0,0,0,0,0,0,0,0,0,0,0,0,4.17273205350257,0,2.85642296075821,0,0,0,0,4.28101895650228,0,0,0,0,0,0,0,0,0,4.51141381650449,0,0,0,0,0,0,0,0,6.79255013204202,0,0,0,0
0,0,0,0,0,0,0,0,0,0,0,0,0,3.09934675066095,0,0,0,0,51.6353874206543,3.52226577171913,0,26.1054515838623,0,0,0,0,0,12.2594084329903,0,7.79049048640511,0,0,0,0,0,34.3890419006348,0,5.67983679831783,0,0,0,18.0800285339355,0,0,0,8.87319326400757,0,0,0,32.1120409965515,0,0,0,0,0,0,0,3.60915954138103,0,3.47246937419093,0,0,5.23848450288255,0,30.9386043548584,0,0,0,0,0,10.9984445692313,0,9.09900855463605,0,0,0,0,0,38.4963979721069,90.8891448974609,12.3876544684172,0,5.49484093057038,0,33.5458335876465,0,0
0,0,0,0,0,0,0,0,0,0,3.03434737523397,0,0,0,0,0,0,0,0,0,0,0,0,0,0,0,0,0,0,0,0,0,0,0,0,0,0,0,0,0,0,0,0,0,0,0,0,0,0,0,0,0,0,0,0,0,2.86204051971436,0,0,0,0,0,0,0,0,0,0,0,0,0,0,0,0,0,0,0,0,0,0,0,0,0,0,0,0,0,0
0,0,0,0,0,0,0,0,0,14.0316739082336,0,3.09934675066095,0,0,0,5.19597345590591,38.2246437072754,18.173103650411,0,0,0,25.387674331665,0,27.0189018249512,0,12.5237699002028,0,3.7098642691322,0,0,0,0,0,0,0,0,0,0,0,0,0,0,0,0,0,0,0,0,0,0,0,0,0,0,0,0,0,2.94152498245239,0,3.20967136588052,0,7.82052326202393,0,0,0,0,0,0,13.713800386949,0,4.93663691773134,0,0,0,0,0,0,0,0,0,0,0,14.7111192105421,0,0,0,0
0,0,0,0,0,0,0,0,7.32679224014282,63.9620590209961,0,0,0,0,0,66.9065856933594,19.2056678019072,39.5018837872673,40.9977874755859,0,0,34.7177124023438,19.978484471639,35.4919013977051,10.9581387656076,57.9179878234863,11.7610225696564,61.6743774414062,0,0,0,0,0,0,0,0,0,0,0,0,0,0,0,0,0,0,0,0,0,0,0,0,0,0,0,0,0,0,0,0,3.77030639137541,0,0,0,0,0,0,0,0,6.17300620626231,0,0,0,0,0,0,0,0,0,0,0,0,16.7810719308399,31.7878561019897,0,0,0
0,0,0,0,0,0,0,0,0,11.4620813570525,0,0,0,5.19597345590591,66.9065856933594,0,50.4343725692394,16.6388297062986,52.3138476780483,0,0,26.7296771400853,0,18.7628813136008,0,15.7762941983845,0,10.9864413624718,0,0,0,0,0,0,0,0,0,0,0,0,0,44.6849822998047,0,0,0,0,0,0,0,0,0,0,0,0,0,14.4449963569641,0,0,0,0,0,7.17273773749669,0,0,25.9971282482147,0,26.2992474147252,0,12.8114654100858,0,0,0,0,0,0,0,0,0,0,0,0,0,18.7699061878493,3.79736923877104,0,0,0
0,0,0,0,0,0,0,0,22.3896309972335,43.0174617323765,0,0,0,38.2246437072754,19.2056678019072,50.4343725692394,0,19.9182044649133,15.9442721839181,0,0,25.0772140835403,12.7324386861356,27.0808136196403,20.9822908014059,33.9061029874361,12.1123838365516,42.5643603380989,3.32845005989075,0,0,0,0,0,50.0568531581334,80.7379196166992,72.6335038079156,81.9286481221517,78.8752424066717,68.0189119974772,60.1594244639079,50.6446323096752,37.3834729118953,0,25.4892559051514,50.3461303710938,0,55.4181224278041,52.93097559611,0,0,0,0,0,26.3917649814061,41.0929948961413,0,0,0,0,23.3648605752499,42.481143951416,0,62.2639274597168,28.8423404693604,0,33.4022214677599,0,41.3431202570597,14.039910694269,0,0,65.3286738077799,0,0,0,0,52.2624225616455,72.026200573261,64.2104638924628,72.5613525632828,63.6115466847139,17.44237604683,9.73123354088944,56.0290704924485,50.1291080050998,0
0,0,0,0,0,0,0,0,39.5798986846325,16.9481736620026,0,0,0,18.173103650411,39.5018837872673,16.6388297062986,19.9182044649133,0,23.3315474829658,0,0,21.0278154338928,20.3057537078857,21.5717200708033,34.9491512125189,11.1879186789781,34.3408315078072,11.0747404394004,0,0,0,0,0,0,52.8713035583496,68.8742544320913,86.80553150177,75.8450616200765,85.2262551443917,57.0022911731108,62.7493046351842,40.6840731626863,49.3165373802185,51.1721073150635,0,55.4112990243094,0,69.0354232788086,78.4570455551147,54.6263700212751,0,0,0,0,40.1075134277344,21.8676415408423,0,47.8761656284332,0,0,39.8341335058212,23.9801470041275,0,0,25.4664131999016,0,22.2574132012158,0,11.2963183446557,58.1848564147949,0,0,52.2717088769983,0,0,0,0,79.3914375305176,64.2743686379738,74.1426981018811,59.6737083666252,80.493852557558,15.3457899610539,7.85261735967968,51.5055980113015,40.978474299113,90.7571563720703
3.17350932529994,0,2.88344168663025,0,0,0,0,0,22.4280613263448,49.1810308456421,0,51.6353874206543,0,0,40.9977874755859,52.3138476780483,15.9442721839181,23.3315474829658,0,77.5047607421875,0,35.7401045018976,25.0536489486694,36.6412458942361,14.0545856952667,59.6635554920543,27.6550557878282,49.6533012390137,0,35.2453460693359,0,0,0,0,42.4238137869999,58.0592050839427,64.5617558177889,67.1684086457738,68.1413111589393,44.1281665586508,48.1185897392071,28.2686731573088,23.6933931697332,13.9469371939127,4.34028360015988,31.4054385965521,35.7045644124349,37.5614330059773,42.0794029318053,52.9347993633415,0,0,0,0,0,45.9166866649281,0,42.377634453051,0,0,21.2928867340088,0,54.7858591079712,79.1543273925781,0,0,37.5651337305705,0,53.0133476257324,24.7949784596761,0,0,47.5573606748839,52.6556768417358,0,0,0,46.8156443565123,53.0771655559769,54.1620899031353,57.1196387630983,55.3779590141392,12.8529984266897,37.9296159966047,29.9759340753332,27.3787160538338,11.2940494647393
0,0,0,0,0,3.79632727305094,0,0,0,0,0,3.52226577171913,0,0,0,0,0,0,77.5047607421875,0,0,0,0,0,0,0,0,20.3253839932955,0,12.5479804540085,0,0,0,0,0,15.8247798367551,0,10.8891717294147,0,32.3145542144775,0,23.6912973652715,0,0,0,6.79893919915864,0,45.1084225972494,0,37.7561757087708,0,0,0,0,0,0,0,4.33335605381042,0,0,0,0,5.62583437725461,0,32.5070838928223,0,0,0,0,0,22.6955525279045,0,10.3775796564614,0,0,0,44.7261352539062,0,16.4303423906313,0,18.7610069464621,0,3.23724394237872,0,18.1824611028035,0,0
0,0,0,0,5.61012907822927,0,5.26853304283292,0,0,0,5.33937406004145,0,0,0,0,0,0,0,0,0,0,0,0,0,0,0,0,0,0,0,0,0,0,0,0,0,7.46502981399422,0,29.47199122111,0,33.7218704223633,0,0,0,0,0,15.0312272463089,0,0,0,0,0,0,0,0,0,3.84765583276749,0,0,0,0,0,0,3.46945909566657,0,0,0,0,0,0,0,0,0,3.38363194465637,0,0,0,0,0,11.0247663041597,0,12.7341953379642,5.44418866990149,0,5.34336111545563,0,0
0,0,0,0,0,0,0,0,34.7757930755615,24.2137777832733,0,26.1054515838623,0,25.387674331665,34.7177124023438,26.7296771400853,25.0772140835403,21.0278154338928,35.7401045018976,0,0,0,4.26276844870708,13.0801005584677,0,10.9313330971793,29.3689320882161,7.33197815636642,0,16.4560989141464,0,0,0,0,0,0,0,4.43552340043558,4.01003551483154,64.6354141235352,0,55.1094665527344,0,0,0,0,0,0,0,3.86140153216983,0,0,0,0,0,24.6006857367123,0,24.6437835693359,0,0,0,29.6968768437703,32.5980339050293,0,4.41621156186468,4.28270866429364,13.2967185532605,0,13.3732974362928,0,8.19716036066096,0,11.6210845311483,0,0,0,0,0,0,0,4.01130958997978,0,10.4075667004385,4.06998908400706,0,0,0
0,0,0,0,0,0,0,0,23.0196997324626,0,0,0,0,0,19.978484471639,0,12.7324386861356,20.3057537078857,25.0536489486694,0,0,4.26276844870708,0,0,5.29814528283619,0,7.43206655334782,0,3.38600194454193,0,0,0,0,0,0,0,0,0,5.29720491914384,0,0,0,0,0,0,0,0,0,3.40435645681746,0,0,0,0,0,0,0,0,0,0,0,17.4734218966576,0,0,0,3.4663710975647,4.68401659833499,0,4.43250996271769,0,12.897770524025,0,2.83719766139984,0,0,0,0,0,17.2266807556152,0,0,0,5.03833577354547,4.85814669003652,4.95762454915321,0,0,0
0,9.98050101598104,0,0,0,0,0,0,32.4820000784738,15.9135411783567,0,0,0,27.0189018249512,35.4919013977051,18.7628813136008,27.0808136196403,21.5717200708033,36.6412458942361,0,0,13.0801005584677,0,0,17.9811890125275,10.4001649683855,39.7378438313802,26.8683586120605,0,0,0,0,0,0,0,57.2881736755371,0,17.0470845358712,0,0,0,66.6156222025553,0,0,0,0,0,0,0,4.71795176135169,0,0,0,0,0,16.4858409503721,0,0,0,0,0,24.7634210586548,0,0,21.3706838819716,0,9.95866926696813,0,11.6813822493834,0,0,0,50.2371768951416,0,0,0,0,0,66.0392284393311,0,34.4059612949689,0,13.974373298122,9.1494225329823,3.57615638297537,0,0
0,0,0,0,0,0,0,0,13.6183042396787,0,0,0,0,0,10.9581387656076,0,20.9822908014059,34.9491512125189,14.0545856952667,0,0,0,5.29814528283619,17.9811890125275,0,0,21.6661932468414,0,0,0,0,0,0,0,0,0,0,0,3.3850311962041,0,0,0,0,0,0,0,0,0,5.07557487487793,0,0,0,0,0,14.3176947626574,32.3735427856445,0,0,0,0,5.31956929156655,0,0,0,0,3.22543388605118,16.8544731140137,2.9548491537571,0,3.49990409963271,0,0,0,0,0,0,0,0,0,0,0,4.87811555862427,9.90690192260912,0,0,0,0
0,0,0,0,0,0,0,0,48.0266660054525,16.2510536422192,0,0,0,12.5237699002028,57.9179878234863,15.7762941983845,33.9061029874361,11.1879186789781,59.6635554920543,0,0,10.9313330971793,0,10.4001649683855,0,0,47.4237060546875,8.67166229748557,0,0,0,0,0,0,0,0,0,0,0,0,0,56.6771202087402,0,0,0,0,0,0,0,3.01955306529999,0,0,0,0,52.9336128234863,21.6698028124296,0,0,0,0,0,16.0902384194461,0,0,7.0992716891425,0,12.5662692037283,0,5.98560854275244,0,4.01359870698717,0,0,0,0,0,0,0,0,0,50.3684196472168,0,12.7646200096859,17.5158100922902,0,0,0
0,0,0,0,0,0,0,0,13.6925016403198,0,0,0,0,0,11.7610225696564,0,12.1123838365516,34.3408315078072,27.6550557878282,0,0,29.3689320882161,7.43206655334782,39.7378438313802,21.6661932468414,47.4237060546875,0,0,2.93837809562683,0,0,0,0,0,0,0,0,0,0,0,0,0,0,0,0,0,0,0,0,0,0,0,0,0,12.4289649327596,0,0,0,0,0,8.35261780490046,0,0,0,0,0,0,0,0,4.92845874499405,0,0,0,0,0,0,0,0,0,0,0,0,10.7083848848382,26.2562694549561,0,0,0
0,0,0,0,0,0,0,0,56.4977874755859,30.557093501091,0,12.2594084329903,0,3.7098642691322,61.6743774414062,10.9864413624718,42.5643603380989,11.0747404394004,49.6533012390137,20.3253839932955,0,7.33197815636642,0,26.8683586120605,0,8.67166229748557,0,0,0,5.36115116866555,0,0,0,0,0,0,0,4.16281703299126,0,45.1165618896484,101.478416442871,35.4509955683062,0,0,0,26.4807917404175,0,57.6769485473633,0,51.8434722900391,0,0,0,0,0,26.9979248046875,0,14.1002729091238,0,0,0,0,23.2389910380046,0,7.66957661471789,0,25.1253207280086,0,10.0564280566962,0,5.55698926383116,0,6.87767721511222,0,0,0,0,0,52.2579612731934,0,4.21661765869824,0,8.44713260373979,5.3760920630561,29.04031592149,25.2428581237793,0
0,0,0,0,0,0,0,0,0,0,0,0,0,0,0,0,3.32845005989075,0,0,0,0,0,3.38600194454193,0,0,0,2.93837809562683,0,0,0,2.75128650665283,0,0,0,0,0,0,0,3.74722050052651,0,0,0,0,0,0,0,0,0,10.7795739173889,0,0,0,0,0,0,0,0,0,0,0,0,0,0,0,0,8.42042153946897,0,0,0,0,0,3.69476669041191,0,0,0,0,0,0,0,0,0,9.25385147987343,2.85488468408585,0,0,0,0
0,0,0,0,0,0,0,0,0,0,0,7.79049048640511,0,0,0,0,0,0,35.2453460693359,12.5479804540085,0,16.4560989141464,0,0,0,0,0,5.36115116866555,0,0,0,0,0,0,0,0,0,4.58269397635013,0,0,0,28.9913742882865,0,0,0,21.4186302139646,0,54.0736503601074,0,42.2318681081136,0,0,0,0,0,0,0,8.18932856700217,0,0,0,0,17.5315338915045,0,19.2794732180509,0,0,0,0,0,5.96452933977235,0,4.41914360344905,0,0,0,0,0,44.4530832926432,0,6.21217854877915,0,8.80187820869943,0,21.7889092763265,24.3773059844971,0
0,0,0,0,0,0,0,0,0,0,3.5600934673,0,0,0,0,0,0,0,0,0,0,0,0,0,0,0,0,0,2.75128650665283,0,0,0,0,0,0,0,0,0,4.00275585151488,0,0,0,0,0,0,0,0,0,0,0,0,0,0,0,0,0,4.80669456720352,0,0,0,0,0,0,0,0,0,0,0,0,0,0,2.74620485305786,0,3.63003865087995,0,0,0,0,0,0,0,3.7787059375218,0,0,0,0,0
0,0,0,0,0,0,0,0,0,0,0,0,0,0,0,0,0,0,0,0,0,0,0,0,0,0,0,0,0,0,0,0,4.74317189266807,7.55143056597028,3.98115515708923,6.51657659208999,0,0,0,18.8799495697021,0,0,0,0,0,26.12890625,0,12.3818945358228,0,5.3223446184589,0,0,0,0,0,0,0,0,0,0,0,0,45.5937309265137,0,0,0,0,0,0,0,0,0,0,0,7.65733708994452,4.99795401968607,4.20705032348633,0,7.30743857850076,0,0,0,4.00336642909151,0,20.5917901992798,0,0
0,0,0,0,0,0,0,0,0,0,0,0,0,0,0,0,0,0,0,0,0,0,0,0,0,0,0,0,0,0,0,4.74317189266807,0,0,4.03261509249287,12.7069999521429,5.38618541234418,0,18.7591934204102,0,0,0,43.4244155883789,0,0,0,0,3.90088436516006,5.08630798757076,0,0,0,0,0,0,0,0,0,0,0,0,0,0,0,0,0,0,0,0,0,0,0,0,0,5.46757351869514,4.22669655012216,0,4.98254825757897,13.6430898218111,8.42152287562688,0,23.2278747558594,4.46930796019039,0,0,0,0
0,0,0,0,0,0,0,0,0,0,0,0,0,0,0,0,0,0,0,0,0,0,0,0,0,0,0,0,0,0,0,7.55143056597028,0,0,5.18408827316949,3.61251629925508,0,5.08683182767459,0,22.0592138767242,0,14.5424919033051,14.729934998921,0,0,35.5502896308899,0,4.59356572628021,0,9.41027170356023,0,0,0,0,0,0,0,36.0394172668457,0,0,0,0,43.9337981087821,0,0,0,0,0,0,0,0,0,25.1216449737549,0,23.2879391789436,0,4.35217784315994,6.38016086615717,4.28600591812691,0,5.54181005442666,12.9016701754402,4.16232582668663,0,20.4212389698735,0,0
0,0,43.4436225891113,0,0,0,0,0,0,0,0,0,0,0,0,0,50.0568531581334,52.8713035583496,42.4238137869999,0,0,0,0,0,0,0,0,0,0,0,0,3.98115515708923,4.03261509249287,5.18408827316949,0,0,16.2800847291946,8.64377137628525,5.81581042528848,0,25.3541722994172,17.4242287572225,19.2178124595547,0,0,0,35.4838341799649,6.90181516045761,11.5983672711863,13.72252856911,0,0,0,0,0,0,0,0,0,0,0,0,0,0,0,0,0,0,0,0,0,0,0,28.1593891143799,4.8507285118103,4.42585070596801,5.83021201477164,4.6874166654467,0,22.750297271265,18.3317401192405,9.32059200820195,6.03416947486203,23.2524089813232,21.3228637305173,0,31.3515702000371
0,0,0,0,0,3.72767877578735,0,0,104.499267578125,0,0,34.3890419006348,0,0,0,0,80.7379196166992,68.8742544320913,58.0592050839427,15.8247798367551,0,0,0,57.2881736755371,0,0,0,0,0,0,0,6.51657659208999,12.7069999521429,3.61251629925508,0,0,5.59070361697156,8.63847315838116,109.31965637207,18.1048507278616,0,31.7776301369214,56.1426177978516,37.0379010788118,0,25.5764412583066,0,23.0100019157168,52.1821823120117,26.5618153728851,0,0,0,0,0,0,0,56.7006797790527,0,0,0,0,17.6191314597462,0,0,0,102.907867431641,0,0,0,0,0,47.5841060772277,0,13.6340108976383,0,3.75495761986307,0,5.56183406413671,93.1343547276088,16.2868998566612,84.0552469889323,5.77877853316347,21.7769192548899,23.2515691755232,34.3802254578778,0
0,0,0,0,0,0,0,0,0,0,7.35193737122998,0,0,0,0,0,72.6335038079156,86.80553150177,64.5617558177889,0,7.46502981399422,0,0,0,0,0,0,0,0,0,0,0,5.38618541234418,0,16.2800847291946,5.59070361697156,0,0,9.12403788882764,89.2202529907227,47.443521304564,56.9118207295736,42.524962837141,48.6875972747803,49.7596492767334,0,34.7580252798592,22.8110967826843,39.8334630163092,73.032585144043,0,0,0,0,0,0,8.74054594600902,0,0,0,0,0,0,25.5683934871967,0,0,0,0,0,0,0,0,0,51.991579691569,0,4.67281189024448,0,9.30406733888846,0,6.27743311715162,98.8134002685547,11.1628694183278,7.27810987067504,10.5539918525799,36.0157792460379,0,40.2262260317802
0,0,0,0,0,0,0,0,0,3.20778957402931,0,5.67983679831783,0,0,0,0,81.9286481221517,75.8450616200765,67.1684086457738,10.8891717294147,0,4.43552340043558,0,17.0470845358712,0,0,0,4.16281703299126,0,4.58269397635013,0,0,0,5.08683182767459,8.64377137628525,8.63847315838116,0,0,5.05438762732915,58.1617086673605,77.9674911499023,45.0038256472532,71.746947152274,46.1589095524379,0,33.3942618822341,0,5.4980916339121,0,7.5511552096565,0,0,0,0,0,0,0,13.233446041743,0,0,0,0,17.7158754164712,0,5.78466835774873,0,0,0,0,0,8.52361745304531,0,6.56932962625876,0,0,0,4.40261089304096,13.6894139862061,18.6631811842549,106.925757090251,6.23802183909304,18.6853062311808,5.94111949646938,6.67947945781501,32.3004985956045,36.8882089077848,0
0,0,62.4976272583008,0,0,0,0,0,3.68267326056957,0,6.94720815198695,0,0,0,0,0,78.8752424066717,85.2262551443917,68.1413111589393,0,29.47199122111,4.01003551483154,5.29720491914384,0,3.3850311962041,0,0,0,3.74722050052651,0,4.00275585151488,0,18.7591934204102,0,5.81581042528848,109.31965637207,9.12403788882764,5.05438762732915,0,74.2955093383789,63.700587532737,68.1952159588154,30.5592181760645,0,54.2173767089844,0,37.6519931039692,50.7784375757784,6.0164869815689,72.4178619384766,0,0,0,0,0,0,9.45037440692677,0,0,0,0,0,0,30.3105228969029,0,7.21770578069785,0,0,0,0,0,5.87446696417672,0,8.81267808914185,0,18.1906356811523,0,8.25826637720982,88.7235565185547,11.6271193824104,107.582496643066,5.75619603385041,6.32688905660878,8.37255866278012,20.7474436193237,0,33.0812871409398
0,0,0,43.5998242696126,0,0,0,0,0,0,0,0,0,0,0,0,68.0189119974772,57.0022911731108,44.1281665586508,32.3145542144775,0,64.6354141235352,0,0,0,0,0,45.1165618896484,0,0,0,18.8799495697021,0,22.0592138767242,0,18.1048507278616,89.2202529907227,58.1617086673605,74.2955093383789,0,58.6167831420898,17.6583458691047,39.4317911642569,26.8670868899653,0,13.7358836728796,0,22.5307227472072,53.4611943562826,13.984673640718,0,0,0,0,0,0,0,42.4570164998372,0,0,0,0,10.7585106456981,0,0,0,69.4770050048828,0,0,0,65.1744766235352,0,41.9332643577031,0,0,0,21.0083043986353,0,11.8501673679628,71.4685739216052,45.1224734579744,71.1687755584717,40.6873890491242,0,15.0700501024978,29.0192148789116,0
0,0,41.5207061767578,0,0,0,0,0,0,0,0,0,0,0,0,0,60.1594244639079,62.7493046351842,48.1185897392071,0,33.7218704223633,0,0,0,0,0,0,101.478416442871,0,0,0,0,0,0,25.3541722994172,0,47.443521304564,77.9674911499023,63.700587532737,58.6167831420898,0,35.1636680054338,14.4594521441988,0,28.2984647506323,64.3588104248047,9.48713667230954,24.9972627406984,7.18036831766183,50.2510617574056,0,0,0,0,0,0,0,76.8517684936523,0,0,0,0,0,4.60329142849097,0,0,0,0,0,0,0,0,99.400276184082,44.1497927579013,0,0,0,27.677940656061,66.8553894890679,13.0022704378283,78.7176032066345,49.9984268820359,30.4258682223467,27.760417665754,11.9292699053963,54.9630889892578,31.7393298149109
0,9.9235040307045,0,30.319000684298,0,0,0,0,0,28.7470512390137,0,18.0800285339355,0,0,0,44.6849822998047,50.6446323096752,40.6840731626863,28.2686731573088,23.6912973652715,0,55.1094665527344,0,66.6156222025553,0,56.6771202087402,0,35.4509955683062,0,28.9913742882865,0,0,0,14.5424919033051,17.4242287572225,31.7776301369214,56.9118207295736,45.0038256472532,68.1952159588154,17.6583458691047,35.1636680054338,0,15.7323738459758,11.5377997559006,0,18.2481354802605,19.6514516115189,10.1697932729645,24.8966312408447,12.2704703092249,0,0,0,0,0,34.0676460266113,0,10.8397904262274,0,0,0,0,18.8645527786103,28.5144023895264,76.0556716918945,0,73.0638275146484,0,0,0,39.6196332185165,0,14.9854510148045,55.7633438110352,0,0,17.0195453533759,21.4657195663452,25.4996998313602,48.1690713092373,27.5602053914751,50.8806716373989,13.8507811800371,38.9983378438389,12.0792102688643,12.301159732482,0
4.48759078979492,0,22.8375058364868,0,0,0,0,0,3.5781569480896,0,0,0,0,0,0,0,37.3834729118953,49.3165373802185,23.6933931697332,0,0,0,0,0,0,0,0,0,0,0,0,0,43.4244155883789,14.729934998921,19.2178124595547,56.1426177978516,42.524962837141,71.746947152274,30.5592181760645,39.4317911642569,14.4594521441988,15.7323738459758,0,59.0076627731323,7.32521732688555,53.9224141438802,17.2838387370231,18.5538278702597,13.8618866439139,22.728167552948,0,0,0,0,0,0,0,0,0,0,0,0,0,21.0090583027273,0,0,0,0,0,0,0,0,0,21.3454950281224,0,48.0292663574219,0,21.4658874416965,48.121634165446,31.2194906499277,60.840676453154,27.6300499098463,13.3465696869737,26.1588476339976,13.4278616727988,36.1016497612,10.1054954720502
0,0,0,0,0,0,0,0,0,0,0,0,0,0,0,0,0,51.1721073150635,13.9469371939127,0,0,0,0,0,0,0,0,0,0,0,0,0,0,0,0,37.0379010788118,48.6875972747803,46.1589095524379,0,26.8670868899653,0,11.5377997559006,59.0076627731323,0,0,12.4081240594387,0,0,0,35.2755135622891,0,0,0,0,0,0,0,26.6025142669678,0,0,0,0,0,0,0,0,0,0,0,0,0,0,40.8498992919922,0,0,0,0,0,34.655572526888,0,41.1854646856135,39.7832527160645,58.9377555847168,64.6930027008057,11.2338681036864,8.62652212381363,0
5.96444594860077,0,5.92837723563699,0,0,0,0,0,0,0,0,0,0,0,0,0,25.4892559051514,0,4.34028360015988,0,0,0,0,0,0,0,0,0,0,0,0,0,0,0,0,0,49.7596492767334,0,54.2173767089844,0,28.2984647506323,0,7.32521732688555,0,0,0,0,0,23.2625205516815,0,0,0,0,0,0,0,0,0,0,0,0,0,0,0,0,0,0,0,0,0,0,0,0,29.4964962005615,0,0,0,39.3695869445801,0,33.5228256507208,0,35.6092342963586,5.23602946599325,0,6.86215811088437,0,9.93173885345459
0,0,0,12.4166564305623,0,21.2421646118164,0,0,0,0,0,8.87319326400757,0,0,0,0,50.3461303710938,55.4112990243094,31.4054385965521,6.79893919915864,0,0,0,0,0,0,0,26.4807917404175,0,21.4186302139646,0,26.12890625,0,35.5502896308899,0,25.5764412583066,0,33.3942618822341,0,13.7358836728796,64.3588104248047,18.2481354802605,53.9224141438802,12.4081240594387,0,0,0,33.1937136028124,50.0681419372559,27.6632143920772,0,0,0,0,0,0,0,12.5857503664744,0,0,0,0,8.22533633572518,0,41.28125,0,0,0,0,0,30.6107936788488,0,18.5040925904111,0,0,0,39.2375640869141,0,20.2435543658913,0,26.7345957795749,71.8828277587891,20.0187916702099,33.3919663959079,8.84165516918181,22.816775004069,0
0,0,8.64418181307248,0,0,0,0,0,0,0,0,0,0,0,0,0,0,0,35.7045644124349,0,15.0312272463089,0,0,0,0,0,0,0,0,0,0,0,0,0,35.4838341799649,0,34.7580252798592,0,37.6519931039692,0,9.48713667230954,19.6514516115189,17.2838387370231,0,0,0,0,26.7387748490896,18.0711902838487,23.0544823444251,0,0,0,0,0,0,0,0,0,0,0,0,0,6.14850287650948,0,0,0,0,0,0,0,0,0,19.1213161468506,0,0,0,38.6286889781123,0,18.2821449754905,0,26.5457181077663,16.4668243565583,53.8523030281067,9.08117807048886,0,17.5284165469083
0,0,39.6129174068056,44.956958770752,0,0,0,0,0,0,0,0,0,0,0,0,55.4181224278041,69.0354232788086,37.5614330059773,45.1084225972494,0,0,0,0,0,0,0,57.6769485473633,0,54.0736503601074,0,12.3818945358228,3.90088436516006,4.59356572628021,6.90181516045761,23.0100019157168,22.8110967826843,5.4980916339121,50.7784375757784,22.5307227472072,24.9972627406984,10.1697932729645,18.5538278702597,0,0,33.1937136028124,26.7387748490896,0,7.48744110588437,5.4389712731189,0,0,0,0,0,0,0,46.8636234828404,0,0,0,0,40.404497756958,0,0,0,0,0,0,0,61.0778884887695,0,54.143638420105,36.181794054368,11.1379684207866,4.80843508279576,4.82955534814082,8.04520737111631,14.408496770094,19.558229989378,34.5115530274131,28.016008619525,8.53198952163475,20.6578852335612,14.1922856020965,44.3883018493652,37.9087808397081
8.49450069665909,0,32.4460285186768,0,0,0,0,0,0,0,0,0,0,0,0,0,52.93097559611,78.4570455551147,42.0794029318053,0,0,0,3.40435645681746,0,5.07557487487793,0,0,0,10.7795739173889,0,0,0,5.08630798757076,0,11.5983672711863,52.1821823120117,39.8334630163092,0,6.0164869815689,53.4611943562826,7.18036831766183,24.8966312408447,13.8618866439139,0,23.2625205516815,50.0681419372559,18.0711902838487,7.48744110588437,0,3.48610722916758,0,0,0,0,0,0,7.76706223955341,0,0,0,0,0,0,22.3010798863002,0,4.26778286625357,0,3.06899599234263,0,7.9010677019755,0,4.16911032875591,0,8.22818421774763,0,5.85285580859465,0,12.1985890815606,56.5534597124372,15.0886549127996,81.9321975708008,10.2962492797436,18.7004721328004,26.1444280412462,11.2569385198496,45.0517387390137,19.4966803600914
0,5.57605019652951,37.4538917541504,31.2894445313348,0,0,0,0,0,0,0,32.1120409965515,0,0,0,0,0,54.6263700212751,52.9347993633415,37.7561757087708,0,3.86140153216983,0,4.71795176135169,0,3.01955306529999,0,51.8434722900391,0,42.2318681081136,0,5.3223446184589,0,9.41027170356023,13.72252856911,26.5618153728851,73.032585144043,7.5511552096565,72.4178619384766,13.984673640718,50.2510617574056,12.2704703092249,22.728167552948,35.2755135622891,0,27.6632143920772,23.0544823444251,5.4389712731189,3.48610722916758,0,0,0,0,0,0,0,0,11.1114059885854,0,0,0,3.0222285672238,32.0854720981033,0,5.71024185651773,0,3.36506244200694,0,2.88465677367316,0,4.59487798982415,0,11.565856698625,0,6.26026360499553,0,9.66578034475128,15.1827609198434,16.3168384506379,58.6377617518107,8.99260903746177,45.950365447998,14.4933979894434,0,10.2518960730025,24.4047965095157,0
0,0,0,0,0,0,0,0,0,0,0,0,0,0,0,0,0,0,0,0,0,0,0,0,0,0,0,0,0,0,0,0,0,0,0,0,0,0,0,0,0,0,0,0,0,0,0,0,0,0,0,0,0,0,0,0,0,0,0,0,0,0,0,0,0,0,0,0,0,0,0,0,0,0,0,0,0,0,0,0,0,0,0,0,0,0,0
0,0,0,3.00019420517815,0,3.54871306186769,0,0,0,0,0,0,0,0,0,0,0,0,0,0,0,0,0,0,0,0,0,0,0,0,0,0,0,0,0,0,0,0,0,0,0,0,0,0,0,0,0,0,0,0,0,0,0,0,0,3.32084262371063,0,0,0,2.9660758279985,0,0,0,0,0,0,0,0,0,0,0,0,0,0,0,0,0,0,0,0,0,0,0,0,0,0,0
0,0,0,0,0,0,0,0,0,0,0,0,0,0,0,0,0,0,0,0,0,0,0,0,0,0,0,0,0,0,0,0,0,0,0,0,0,0,0,0,0,0,0,0,0,0,0,0,0,0,0,0,0,0,0,0,0,0,0,0,0,0,0,0,0,0,0,0,0,0,0,0,0,0,0,0,0,0,0,0,0,0,0,0,0,0,0
0,0,0,0,0,0,0,3.28865281740824,0,0,0,0,0,0,0,0,0,0,0,0,0,0,0,0,0,0,0,0,0,0,0,0,0,0,0,0,0,0,0,0,0,0,0,0,0,0,0,0,0,0,0,0,0,0,0,0,0,0,0,2.84768509864807,0,0,0,0,0,0,0,0,0,0,0,0,0,0,0,0,0,0,0,0,0,0,0,0,0,0,0
11.5312820456245,0,2.98960277308588,0,0,0,0,0,5.12472869167809,0,0,0,0,0,0,0,26.3917649814061,40.1075134277344,0,0,0,0,0,0,14.3176947626574,52.9336128234863,12.4289649327596,0,0,0,0,0,0,0,0,0,0,0,0,0,0,0,0,0,0,0,0,0,0,0,0,0,0,0,0,0,0,0,0,0,0,0,0,0,0,0,0,0,0,0,0,0,0,0,0,0,0,0,0,0,0,0,13.5140294953396,0,3.15571045875549,0,0
0,2.97816793542159,0,0,0,3.02385938167572,0,0,46.2787742614746,5.08213008718288,0,0,0,0,0,14.4449963569641,41.0929948961413,21.8676415408423,45.9166866649281,0,0,24.6006857367123,0,16.4858409503721,32.3735427856445,21.6698028124296,0,26.9979248046875,0,0,0,0,0,0,0,0,0,0,0,0,0,34.0676460266113,0,0,0,0,0,0,0,0,0,3.32084262371063,0,0,0,0,0,0,0,0,0,30.5820446014404,0,0,0,0,16.2409044678292,0,20.9392388661702,0,0,0,0,0,0,0,0,0,0,0,0,0,20.1147857426387,28.5466804504395,5.74174321781505,0,0
0,0,0,0,5.31473236083984,0,5.11983620203458,0,0,0,4.17273205350257,0,2.86204051971436,0,0,0,0,0,0,0,3.84765583276749,0,0,0,0,0,0,0,0,0,4.80669456720352,0,0,0,0,0,8.74054594600902,0,9.45037440692677,0,0,0,0,0,0,0,0,0,7.76706223955341,0,0,0,0,0,0,0,0,0,3.07850855028527,0,0,0,0,3.28588815168901,0,0,0,0,0,0,0,6.04595722329049,0,5.44732921239038,0,0,0,0,0,0,0,11.1969864513227,6.98876552581787,0,4.00389761260793,0,0
0,7.60221862792969,0,27.8669490814209,0,0,0,0,0,0,0,3.60915954138103,0,2.94152498245239,0,0,0,47.8761656284332,42.377634453051,4.33335605381042,0,24.6437835693359,0,0,0,0,0,14.1002729091238,0,8.18932856700217,0,0,0,36.0394172668457,0,56.7006797790527,0,13.233446041743,0,42.4570164998372,76.8517684936523,10.8397904262274,0,26.6025142669678,0,12.5857503664744,0,46.8636234828404,0,11.1114059885854,0,0,0,0,0,0,0,0,0,3.05105338313363,0,0,8.00173972892445,0,28.8968286514282,0,0,0,0,0,13.3636915783922,0,6.67353764583967,0,0,0,0,0,53.4468116760254,78.0533218383789,12.8723387559255,0,28.1315095292197,0,9.50959802712373,13.9358540943691,0
0,0,0,0,0,0,0,0,0,0,2.85642296075821,0,0,0,0,0,0,0,0,0,0,0,0,0,0,0,0,0,0,0,0,0,0,0,0,0,0,0,0,0,0,0,0,0,0,0,0,0,0,0,0,0,0,0,0,0,3.07850855028527,0,0,0,0,0,0,0,0,0,0,0,0,0,0,0,0,0,0,0,0,0,0,0,0,0,0,0,0,0,0
0,0,0,0,0,3.01583905220032,0,0,0,0,0,3.47246937419093,0,3.20967136588052,0,0,0,0,0,0,0,0,0,0,0,0,0,0,0,0,0,0,0,0,0,0,0,0,0,0,0,0,0,0,0,0,0,0,0,0,0,2.9660758279985,0,2.84768509864807,0,0,0,3.05105338313363,0,0,0,0,0,0,0,0,0,0,0,0,4.16790499468079,0,0,0,0,0,0,0,0,0,0,0,0,0,0,0,0
0,0,0,0,0,0,0,0,5.73045855760574,0,0,0,0,0,3.77030639137541,0,23.3648605752499,39.8341335058212,21.2928867340088,0,0,0,17.4734218966576,0,5.31956929156655,0,8.35261780490046,0,0,0,0,0,0,0,0,0,0,0,0,0,0,0,0,0,0,0,0,0,0,0,0,0,0,0,0,0,0,0,0,0,0,0,0,0,0,0,0,0,0,7.37699568271637,0,0,0,0,0,0,0,0,0,0,0,0,14.8467389330206,29.1761379241943,0,0,0
0,2.73898088932037,0,0,0,0,0,0,0,8.99415248632431,0,0,0,7.82052326202393,0,7.17273773749669,42.481143951416,23.9801470041275,0,0,0,29.6968768437703,0,24.7634210586548,0,16.0902384194461,0,0,0,0,0,0,0,0,0,0,0,0,0,0,0,0,0,0,0,0,0,0,0,3.0222285672238,0,0,0,0,0,30.5820446014404,0,0,0,0,0,0,0,0,0,0,24.5007367567583,0,0,0,0,0,0,0,0,0,0,0,0,0,74.2340850830078,0,30.4602573315303,0,0,0,0
0,0,0,8.26860731560112,0,0,0,0,0,0,0,5.23848450288255,0,0,0,0,0,0,54.7858591079712,5.62583437725461,0,32.5980339050293,0,0,0,0,0,23.2389910380046,0,17.5315338915045,0,45.5937309265137,0,43.9337981087821,0,17.6191314597462,0,17.7158754164712,0,10.7585106456981,0,18.8645527786103,0,0,0,8.22533633572518,0,40.404497756958,0,32.0854720981033,0,0,0,0,0,0,0,8.00173972892445,0,0,0,0,0,0,0,0,0,0,0,0,27.2054156101111,0,18.1697112846903,0,0,0,41.9175300598145,0,16.2256432940254,0,25.7550119731737,76.8420486450195,22.3691564039751,28.4518909454346,8.16126069915828,16.2577500343323,0
0,0,0,0,3.76388765853128,0,4.57978492084591,0,0,0,4.28101895650228,0,0,0,0,0,62.2639274597168,0,79.1543273925781,0,3.46945909566657,0,0,0,0,0,0,0,0,0,0,0,0,0,0,0,25.5683934871967,0,30.3105228969029,0,4.60329142849097,28.5144023895264,21.0090583027273,0,0,0,6.14850287650948,0,22.3010798863002,0,0,0,0,0,0,0,3.28588815168901,0,0,0,0,0,0,0,0,0,0,0,0,0,0,0,0,20.0714651743571,0,0,0,0,0,7.80664717766349,0,14.7502743854288,7.77350852612791,41.4340744018555,6.56831755434594,0,16.2392295201619
0,0,0,0,0,0,0,0,0,28.1236141429228,0,30.9386043548584,0,0,0,25.9971282482147,28.8423404693604,25.4664131999016,0,32.5070838928223,0,4.41621156186468,3.4663710975647,21.3706838819716,0,7.0992716891425,0,7.66957661471789,0,19.2794732180509,0,0,0,0,0,0,0,5.78466835774873,0,0,0,76.0556716918945,0,0,0,41.28125,0,0,0,5.71024185651773,0,0,0,0,0,0,0,28.8968286514282,0,0,0,0,0,0,0,0,46.6494235992432,0,8.50026711395809,0,9.93691454142727,0,0,0,0,0,0,0,0,0,5.61525328609104,0,9.16604580513893,12.2012948819569,0,0,0
0,0,0,0,0,0,0,0,0,0,0,0,0,0,0,0,0,0,0,0,0,4.28270866429364,4.68401659833499,0,3.22543388605118,0,0,0,8.42042153946897,0,0,0,0,0,0,0,0,0,7.21770578069785,0,0,0,0,0,0,0,0,0,4.26778286625357,0,0,0,0,0,0,0,0,0,0,0,0,0,0,0,0,0,0,4.94707611912773,0,8.33835915842,0,7.15463874447567,0,20.8786010742188,0,0,0,0,0,0,0,6.36748802661896,4.08583290179056,6.01493369075987,0,0,0
0,0,0,0,0,0,0,0,42.2424875895182,16.1207040901383,0,0,0,0,0,26.2992474147252,33.4022214677599,22.2574132012158,37.5651337305705,0,0,13.2967185532605,0,9.95866926696813,16.8544731140137,12.5662692037283,0,25.1253207280086,0,0,0,0,0,0,0,102.907867431641,0,0,0,69.4770050048828,0,73.0638275146484,0,0,0,0,0,0,0,3.36506244200694,0,0,0,0,0,16.2409044678292,0,0,0,0,0,24.5007367567583,0,0,46.6494235992432,0,0,0,22.8506090641022,0,0,0,60.0245094299316,0,0,0,0,0,79.7333450317383,0,0,0,19.4683960722552,8.34201494852702,95.0970916748047,0,0
0,0,0,0,0,0,0,0,0,0,0,0,0,0,0,0,0,0,0,0,0,0,4.43250996271769,0,2.9548491537571,0,0,0,0,0,0,0,0,0,0,0,0,0,0,0,0,0,0,0,0,0,0,0,3.06899599234263,0,0,0,0,0,0,0,0,0,0,0,0,0,0,0,0,4.94707611912773,0,0,0,0,0,0,0,0,0,0,0,0,0,0,0,5.92764329910278,6.96865367889404,0,3.60008418560028,0,0
0,0,0,0,0,0,0,0,0,19.108955016503,0,0,0,13.713800386949,0,12.8114654100858,41.3431202570597,11.2963183446557,53.0133476257324,0,0,13.3732974362928,0,11.6813822493834,0,5.98560854275244,0,10.0564280566962,0,0,0,0,0,0,0,0,0,0,0,0,0,0,0,0,0,0,0,0,0,2.88465677367316,0,0,0,0,0,20.9392388661702,0,0,0,0,0,0,0,0,8.50026711395809,0,22.8506090641022,0,0,0,6.7585015296936,0,0,0,0,0,0,0,0,0,66.4447860717773,0,15.5256188508052,18.8887697219849,0,0,0
0,0,0,0,0,0,0,0,0,0,0,0,0,0,6.17300620626231,0,14.039910694269,58.1848564147949,24.7949784596761,0,0,0,12.897770524025,0,3.49990409963271,0,4.92845874499405,0,0,0,0,0,0,0,0,0,0,0,0,0,0,0,0,0,0,0,0,0,7.9010677019755,0,0,0,0,0,0,0,0,0,0,0,7.37699568271637,0,0,0,0,8.33835915842,0,0,0,0,0,4.49387836456299,0,0,0,0,0,0,0,0,0,0,13.3607759736165,0,0,0,0
0,0,0,0,0,0,0,0,0,0,0,10.9984445692313,0,4.93663691773134,0,0,0,0,0,22.6955525279045,0,8.19716036066096,0,0,0,4.01359870698717,0,5.55698926383116,0,5.96452933977235,0,0,0,0,0,0,0,8.52361745304531,0,65.1744766235352,0,39.6196332185165,0,0,0,30.6107936788488,0,61.0778884887695,0,4.59487798982415,0,0,0,0,0,0,0,13.3636915783922,0,4.16790499468079,0,0,27.2054156101111,0,9.93691454142727,0,0,0,6.7585015296936,0,0,0,7.87967012739424,0,0,0,0,0,54.2497482299805,0,7.17135987962995,0,6.29914665222168,0,42.5927537282308,30.234307607015,0
0,0,0,0,0,0,0,0,0,0,0,0,0,0,0,0,0,0,0,0,0,0,2.83719766139984,0,0,0,0,0,3.69476669041191,0,2.74620485305786,0,0,0,0,0,0,0,5.87446696417672,0,0,0,0,0,0,0,0,0,4.16911032875591,0,0,0,0,0,0,0,6.04595722329049,0,0,0,0,0,0,0,0,7.15463874447567,0,0,0,4.49387836456299,0,0,0,4.98514517048683,0,0,0,0,0,0,0,6.72091077000667,0,0,8.55481476986662,0,0
0,0,0,37.9872894287109,0,0,0,0,0,0,0,9.09900855463605,0,0,0,0,65.3286738077799,52.2717088769983,47.5573606748839,10.3775796564614,0,11.6210845311483,0,50.2371768951416,0,0,0,6.87767721511222,0,4.41914360344905,0,0,0,25.1216449737549,0,47.5841060772277,0,6.56932962625876,0,41.9332643577031,99.400276184082,14.9854510148045,0,40.8498992919922,0,18.5040925904111,0,54.143638420105,0,11.565856698625,0,0,0,0,0,0,0,6.67353764583967,0,0,0,0,18.1697112846903,0,0,0,60.0245094299316,0,0,0,7.87967012739424,0,0,0,0,0,0,0,44.468693679141,98.0682373046875,5.36713320645281,104.403760910034,34.8375530734317,70.522834777832,15.5828593001406,17.5383606816197,0
0,0,33.0516780853271,0,0,0,0,0,0,0,4.51141381650449,0,0,0,0,0,0,0,52.6556768417358,0,3.38363194465637,0,0,0,0,0,0,0,0,0,3.63003865087995,0,0,0,28.1593891143799,0,51.991579691569,0,8.81267808914185,0,44.1497927579013,55.7633438110352,21.3454950281224,0,29.4964962005615,0,19.1213161468506,36.181794054368,8.22818421774763,0,0,0,0,0,0,0,5.44732921239038,0,0,0,0,0,0,20.0714651743571,0,20.8786010742188,0,0,0,0,0,4.98514517048683,0,0,0,0,0,31.0804504981408,95.4175186157227,45.9672487998495,85.5391082763672,6.46873838294287,20.9725323152972,0,9.92708602529387,0,19.8999825159709
0,0,0,0,0,0,0,0,0,0,0,0,0,0,0,0,0,0,0,0,0,0,0,0,0,0,0,0,0,0,0,7.65733708994452,5.46757351869514,23.2879391789436,4.8507285118103,13.6340108976383,0,0,0,0,0,0,0,0,0,0,0,11.1379684207866,0,6.26026360499553,0,0,0,0,0,0,0,0,0,0,0,0,0,0,0,0,0,0,0,0,0,0,0,0,0,6.85373113632202,2.74635028839111,0,6.36135200715281,0,0,0,4.96974624538616,0,0,0,0
0,0,0,0,0,0,0,0,0,0,0,0,0,0,0,0,0,0,0,0,0,0,0,0,0,0,0,0,0,0,0,4.99795401968607,4.22669655012216,0,4.42585070596801,0,4.67281189024448,0,18.1906356811523,0,0,0,48.0292663574219,0,0,0,0,4.80843508279576,5.85285580859465,0,0,0,0,0,0,0,0,0,0,0,0,0,0,0,0,0,0,0,0,0,0,0,0,0,6.85373113632202,0,0,5.99852831532636,15.5685733159383,5.56685268331332,0,24.4370187123617,4.15879352618072,0,9.25946617126465,0,0
0,0,0,47.8263835906982,0,0,0,0,0,0,0,0,0,0,0,0,0,0,0,44.7261352539062,0,0,0,0,0,0,0,0,0,0,0,4.20705032348633,0,4.35217784315994,5.83021201477164,3.75495761986307,0,4.40261089304096,0,21.0083043986353,0,17.0195453533759,0,0,0,39.2375640869141,0,4.82955534814082,0,9.66578034475128,0,0,0,0,0,0,0,0,0,0,0,0,41.9175300598145,0,0,0,0,0,0,0,0,0,0,0,2.74635028839111,0,0,8.05402163677035,12.1533138575377,0,4.59194963684613,13.2109247843424,4.07776626619962,0,23.7232160568237,0,0
0,0,59.5313873291016,0,0,0,0,0,0,0,0,0,0,0,0,0,52.2624225616455,79.3914375305176,46.8156443565123,0,0,0,17.2266807556152,0,0,0,0,0,0,0,0,0,4.98254825757897,6.38016086615717,4.6874166654467,0,9.30406733888846,13.6894139862061,8.25826637720982,0,27.677940656061,21.4657195663452,21.4658874416965,0,39.3695869445801,0,38.6286889781123,8.04520737111631,12.1985890815606,15.1827609198434,0,0,0,0,0,0,0,0,0,0,0,0,0,0,0,0,0,0,0,0,0,0,0,31.0804504981408,0,5.99852831532636,8.05402163677035,0,0,19.2988596592397,17.63889503479,7.96961238301399,7.4981281332131,0,20.6777567902981,0,33.9798698425293
0,0,0,0,0,0,0,0,0,0,0,38.4963979721069,0,0,0,0,72.026200573261,64.2743686379738,53.0771655559769,16.4303423906313,0,0,0,66.0392284393311,0,0,0,52.2579612731934,0,44.4530832926432,0,7.30743857850076,13.6430898218111,4.28600591812691,0,5.56183406413671,0,18.6631811842549,88.7235565185547,11.8501673679628,66.8553894890679,25.4996998313602,48.121634165446,34.655572526888,0,20.2435543658913,0,14.408496770094,56.5534597124372,16.3168384506379,0,0,0,0,0,0,0,53.4468116760254,0,0,0,0,16.2256432940254,0,0,0,79.7333450317383,0,0,0,54.2497482299805,0,44.468693679141,95.4175186157227,6.36135200715281,15.5685733159383,12.1533138575377,0,0,79.9690321967715,35.4537005941045,84.8663048744202,14.5166828298018,58.6613172803606,19.7672179073185,29.3933504329008,58.2977867126465
0,0,0,0,0,0,0,0,0,0,0,90.8891448974609,0,0,0,0,64.2104638924628,74.1426981018811,54.1620899031353,0,11.0247663041597,0,0,0,0,0,0,0,0,0,0,0,8.42152287562688,0,22.750297271265,93.1343547276088,6.27743311715162,106.925757090251,11.6271193824104,71.4685739216052,13.0022704378283,48.1690713092373,31.2194906499277,0,33.5228256507208,0,18.2821449754905,19.558229989378,15.0886549127996,58.6377617518107,0,0,0,0,0,0,0,78.0533218383789,0,0,0,0,0,7.80664717766349,0,0,0,0,0,0,0,0,98.0682373046875,45.9672487998495,0,5.56685268331332,0,19.2988596592397,79.9690321967715,0,89.8055979410807,23.2611630075058,16.1453306140788,12.0126571505594,24.7493926447883,68.6773827870687,33.3235475657737
