0,0,101.468270078301,0,0,0,0,0,95.8878325670958,0,0,0,0,0,0,0,4.45764636993408,0,3.845060095191,0,0,0,0,0,0,0,0,0,0,0,0,0,0,0,0,0,0,0,0,0,0,0,97.4821283817291,0,0,0,0,0,221.988321140409,0,0,0,0,0,310.129155546427,0,17.1297229230404,0,0,0,32.8045970201492,0,0,0,0,0,0,0,0,0,0,0,0,0,0,0,0,0,0,0,0,0,161.394187361002,0,264.859290748835,0,0
0,0,0,85.9919128715992,0,0,0,0,0,95.2089051008224,0,0,0,0,0,0,0,0,3.74071446061134,0,0,0,0,0,0,0,0,0,0,0,0,0,0,0,0,0,0,0,0,0,0,76.3620535135269,0,0,0,0,0,0,0,433.003557920456,0,0,0,0,0,359.761826634407,0,1.3231053352356,0,4.20700863003731,0,25.5535164475441,0,0,0,0,0,0,0,0,0,0,0,0,0,0,0,0,0,0,0,0,204.150062352419,0,111.071254700422,0,0
101.468270078301,0,0,0,0,0,0,0,0,0,0,0,0,0,0,0,0,0,0,0,0,0,0,0,0,0,0,0,0,0,0,0,0,0,0,0,0,0,0,0,0,0,0,0,0,0,0,0,192.019798055291,0,0,0,0,0,82.44672113657,0,84.1852093786001,0,308.552468717098,0,26.2512522935867,0,0,0,0,0,0,0,0,0,0,0,0,0,0,0,0,0,0,0,0,0,0,0,88.3080229759216,0,0
0,85.9919128715992,0,0,0,0,0,0,0,1.57070028781891,0,0,0,0,0,0,0,0,0,0,0,0,0,0,0,0,0,0,0,0,0,0,0,0,0,0,0,0,0,0,0,0,0,0,0,0,0,0,0,329.200373634696,0,0,0,0,0,1.23236113786697,0,21.4971325695515,0,20.2603138834238,0,14.2470673769712,0,0,0,0,0,0,0,0,0,0,0,0,0,0,0,0,0,0,0,0,0,0,56.8113705962896,0,0
0,0,0,0,0,0,20.9078956842422,0,0,0,0,0,0,0,0,0,0,0,0,0,62.4108974635601,0,0,0,0,0,0,0,0,0,0,0,0,0,0,0,0,0,0,0,0,0,0,0,0,0,0,0,0,0,735.983478844166,0,0,0,0,0,0,0,18.3314142823219,0,2.00269490480423,0,0,0,0,0,0,0,0,0,0,0,0,0,0,0,0,0,0,0,0,0,238.429883271456,0,5.67464703321457,0,0
0,0,0,0,0,0,0,29.7551794052124,0,0,0,0,0,0,0,18.5150510668755,0,0,0,212.038501232862,0,0,0,0,0,0,0,0,0,0,0,0,0,0,0,0,0,0,0,0,0,0,0,0,0,0,0,0,0,0,0,450.528846934438,0,3.12966990470886,0,0,0,7.93258437514305,0,59.4663240462542,0,55.0350569784641,15.6325660049915,0,0,0,0,0,0,0,0,0,0,0,0,0,0,0,0,0,0,0,226.124701187015,3.95483207702637,26.9656050205231,0,0
0,0,0,0,20.9078956842422,0,0,0,0,0,0,0,0,0,0,0,0,0,0,0,0,0,0,0,0,0,0,0,0,0,0,0,0,0,0,0,0,0,0,0,0,0,0,0,0,0,0,0,0,0,152.603015363216,0,181.667469859123,0,0,0,1.56420159339905,0,14.1554698944092,0,0,0,0,0,0,0,0,0,0,0,0,0,0,0,0,0,0,0,0,0,0,0,11.4790451526642,0,0,0,0
0,0,0,0,0,29.7551794052124,0,0,0,0,0,12.399708032608,0,0,0,0,0,0,0,0,0,0,0,0,0,0,0,0,0,0,0,0,0,0,0,0,0,0,0,0,0,0,0,0,0,0,0,0,0,0,0,38.4271994382143,0,394.869540929794,0,0,0,113.700056135654,0,94.9840043187141,0,0,0,0,0,0,0,0,0,0,0,0,0,0,0,0,0,0,0,0,0,0,252.349890708923,0,0,0,0
95.8878325670958,0,0,0,0,0,0,0,0,0,0,0,0,0,235.133093833923,0,0,0,0,0,0,0,0,0,167.889118008316,0,0,0,0,0,0,0,0,0,0.246565356850624,0,0,0,20.5033157989383,0,0,0,5.95842641592026,0,0,0,0,0,0,0,0,0,0,0,688.639177434146,0,0,0,0,0,138.517072945833,0,0,0,0,0,0,100.497677490115,0,0,0,0,0,0,0,0,0,0,0,0,0,6.24637958407402,365.053284525871,64.8232494592667,7.42404541373253,0,3.34860217571259
0,95.2089051008224,0,1.57070028781891,0,0,0,0,0,0,0,0,0,0,0,110.764766335487,0,0,0,0,0,0,0,0,0,11.3945662975311,0,0,0,0,0,0,0,0,0,0,0,1.01509170979261,0,0,0,1.33281366527081,0,0,0,0,0,0,0,6.72245302796364,0,0,0,0,0,1015.37516514212,0,0,0,0,0,195.162081986666,0,0,0,0,0,0,0,0,0,0,0,0,0,0,0,0,0,0,0,0,995.427435092628,202.387240767479,4.53367906063795,0,0
0,0,0,0,0,0,0,0,0,0,0,0,54.3801743984222,0,0,0,0,0,0,0,590.058771282434,0,0,0,0,0,0,0,0,0,53.6739564239979,0,0,0,0,0,1.76822757720947,0,1084.63409730792,0,0,0,0,0,0,0,0,0,0,0,0,0,0,0,0,0,1274.93849419057,0,97.2734596431255,0,0,0,0,71.5818930417299,0,0,0,0,0,0,0,0,0,72.6753504872322,0,0,0,0,0,0,0,66.2501568347216,152.852590173483,0,0,0,0
0,0,0,0,0,0,0,12.399708032608,0,0,0,0,0,875.830309808254,0,0,0,0,0,631.862371325493,0,0,0,0,0,0,0,213.230265200138,0,136.348712414503,0,0,0,0,0,82.3374648094177,0,1001.92067244649,0,0,0,0,0,0,0,0,0,0,0,0,0,0.721721827983856,0,0,0,0,0,1534.3261757046,0,507.640367209911,0,0,609.116086870432,0,0,0,0,0,0,0,103.671237289906,0,128.309780389071,0,0,0,0,0,0,0,176.302305459976,0,155.184373885393,0,23.3073641359806,0,0
0,0,0,0,0,0,0,0,0,0,54.3801743984222,0,0,0,77.8964552283287,0,0,0,0,0,0,0,0,0,0,0,0,0,22.9308750033379,0,0,0,0,0,0,0,0,0,0,0,0,0,0,0,0,0,0,0,0,0,0,0,0,0,0,0,1.91559910774231,0,698.939900293946,0,125.782588720322,0,0,0,0,0,0,0,0,0,0,125.671657562256,0,0,0,0,0,0,0,0,0,0,246.975853040814,699.382864892483,0,0,0
0,0,0,0,0,0,0,0,0,0,0,875.830309808254,0,0,0,80.0030308663845,0,192.406526446342,0,0,0,0,0,0,0,2.56815958023071,0,0,0,0,0,0,0,0,0,0,0,0,0,0,0,0,0,0,0,0,0,0,0,0,0,7.84290009737015,0,0,0,0,0,700.186649590731,0,327.712158814073,0,383.711189568043,0,0,0,0,0,0,0,0,0,0,0,0,0,0,0,0,0,0,0,0,549.784306138754,231.213658004999,0,0,0
0,0,0,0,0,0,0,0,235.133093833923,0,0,0,77.8964552283287,0,0,0,76.0368502140045,0,0,0,0,0,0,0,2.07514417171478,0,0,0,1.13438475131989,0,0,0,0,0,0,0,0,0,0,0,0,0,0,0,0,0,0,0,0,0,0,0,0,0,1.95290887355804,0,0,0,41.7620394229889,0,202.531300649047,0,0,0,0,0,0,0,0,1.11022388935089,0,0,0,0,0,0,0,0,0,0,0,0,191.090361446142,1.1037110388279,0,0,0
0,0,0,0,0,18.5150510668755,0,0,0,110.764766335487,0,0,0,80.0030308663845,0,0,0,260.338895708323,0,0,0,0,0,3.59534811973572,0,51.5789335370064,0,0,0,0,0,0,0,0,0,0,0,0,0,0,0,0,0,0,0,0,0,0,0,0,0,0.894451260566711,0,0,0,10.1401188373566,0,0,0,2.86062732338905,0,203.718554019928,0,0,0,0,0,0,0,0,0,0,0,0,0,0,0,0,0,0,0,0,313.582860648632,9.33564186096191,0,0,0
4.45764636993408,0,0,0,0,0,0,0,0,0,0,0,0,0,76.0368502140045,0,0,6624.75192220882,3882.2207724452,0,0,0,90.9419002532959,0,3.47904133796692,0,205.528950959444,0,0,0,0,0,0,0,0,0,0,0,0,0,0,0,2.72704492509365,0,0,0,0,0,0,0,0,0,0,0,0,0,0,0,0,0,0,0,0,0,0,0,0,0,0,15.3582667410374,0,0,0,0,0,0,0,0,0,0,0,0,5439.34637777507,791.168061889708,2.66519781947136,0,0.23539175093174
0,0,0,0,0,0,0,0,0,0,0,0,0,192.406526446342,0,260.338895708323,6624.75192220882,0,3584.46560252458,0,0,298.314950406551,0,40.7124617099762,0,482.619951277971,0,856.897107958794,0,0,0,0,0,0,0,0,0,0,0,0,0,0,0,0,0,0,0,0,0,0,0,0,0,0,0,0,0,0,0,4.56075859069824,0,16.72902739048,0,0,6.51291412115097,0,0,0,40.8089941442013,0,58.8288050889969,0,0,0,0,0,0,0,0,0,0,0,5678.30856903642,2154.23298335075,8.47777245938778,0,0
3.845060095191,3.74071446061134,0,0,0,0,0,0,0,0,0,0,0,0,0,0,3882.2207724452,3584.46560252458,0,0,0,0,0,0,0,0,0,0,0,0,0,0,0,0,0,0,0,0,0,0,0,1112.93527932465,932.435703158379,221.097744360566,935.037600129843,0,0.339664816856384,0,0,0,0,0,0,0,0,0,0,0,0,0,0,0,0,0,0,0,1.69775915145874,0,0,0,0,0,0,0,0,0,0,0,2.79703013598919,0,0,0,6822.43839086592,4.98777106404305,942.993177771568,518.953181222081,127.361027359962
0,0,0,0,0,212.038501232862,0,0,0,0,0,631.862371325493,0,0,0,0,0,0,0,0,0,0,0,0,0,0,0,0,0,0,0,0,0,0,0,1001.89997327328,0,372.099446773529,0,0,0,0,0,0,0,0,0,0,0,0,0,34.3476599901915,0,0.525109767913818,0,0,0,268.40613566339,0,0,0,0,1560.31936343014,0,0,0,0,0,0,0,0,0,0,0,0,0,0,0,146.361056596041,0,43.9872185140848,0,106.621678411961,0,91.805008366704,0,0
0,0,0,0,62.4108974635601,0,0,0,0,0,590.058771282434,0,0,0,0,0,0,0,0,0,0,0,0,0,0,0,0,0,0,0,0,0,0,0,0,0,1249.33931925893,0,464.621388450265,0,0,0,0,0,0,0,0,0,0,0,29.5555956363678,0,0,0,0,0,344.875372231007,0,0,0,0,0,0,454.157942891121,0,0,0,0,0,0,0,0,0,0.238562390208244,0,0,0,0,0,101.854315161705,0,243.83182130754,187.291998803616,0,220.473720058799,0,0
0,0,0,0,0,0,0,0,0,0,0,0,0,0,0,0,0,298.314950406551,0,0,0,0,197.548332571983,233.874850094318,0,65.0130037665367,0,177.707542583346,0,0,0,0,0,0,0,0,0,678.862521290779,0,0,0,0,0,0,0,0,0,0,0,11.6827504187822,0,0,0,0,0,0,0,0,0,0,0,0,0,0,4602.83644117415,1.47915172576904,54.9748997688293,0,23.8204959630966,0,131.753919243813,0,0,0,0,0,0,0,0,0,119.455958083272,0,1538.14414589107,108.718017727137,0,0,0
0,0,0,0,0,0,0,0,0,0,0,0,0,0,0,0,90.9419002532959,0,0,0,0,197.548332571983,0,0,60.60401250422,0,33.4331383705139,0,0,0,0,0,0,0,0,0,0,0,1217.22234705091,0,0,0,0,0,0,0,0,0,10.2314268499613,0,0,0,0,0,0,0,0,0,0,0,0,0,0,0,0,3248.01607654989,0,137.687138259411,0,0,0,0,0,0,0,0,0,0,0,0,0,199.777328670025,550.565762579441,164.900718823075,0,0,0
0,0,0,0,0,0,0,0,0,0,0,0,0,0,0,3.59534811973572,0,40.7124617099762,0,0,0,233.874850094318,0,0,0,341.775997191668,0,0,0,0,0,0,0,0,0,0,0,326.579258292913,0,0,0,0,0,0,0,0,0,0,0,0,0,0,0,0,0,15.4472910761833,0,0,0,0,0,0,0,0,50.7610026299953,0,178.525201737881,0,219.673485651612,0,0,0,0,0,0,0,0,0,0,0,194.538989678025,0,219.752930045128,0,0,0,0
0,0,0,0,0,0,0,0,167.889118008316,0,0,0,0,0,2.07514417171478,0,3.47904133796692,0,0,0,0,0,60.60401250422,0,0,0,38.0379328727722,0,0,0,0,0,0,0,0,0,0,0,654.927989929914,0,0,0,0,0,0,0,0,0,0.772030383348465,0,0,0,0,0,117.097581893206,0,0,0,0,0,35.3234180808067,0,0,0,0,136.813808679581,0,433.094347834587,0,328.026839673519,0,0,0,0,0,0,0,0,0,0,0,24.4262583553791,197.357989102602,0.145617187023163,0,0,0
0,0,0,0,0,0,0,0,0,11.3945662975311,0,0,0,2.56815958023071,0,51.5789335370064,0,482.619951277971,0,0,0,65.0130037665367,0,341.775997191668,0,0,0,267.274357199669,0,0,0,0,0,0,0,0,0,0,0,0,0,0,0,0,0,0,0,0,0,0,0,0,0,0,0,3.23717248439789,0,0,0,0,0,0,0,0,91.5771318078041,0,91.7206268906593,0,3.01009966433048,0,0.100534938275814,0,0,0,0,0,0,0,0,0,0,0,50.9930884838104,0,0,0,0
0,0,0,0,0,0,0,0,0,0,0,0,0,0,0,0,205.528950959444,0,0,0,0,0,33.4331383705139,0,38.0379328727722,0,0,0,168.040555149317,0,0,0,0,0,0,0,0,0,0,0,0,0,0,0,0,0,0,0,0,0,0,0,0,0,0,0,0,0,0,0,2.70282554626465,0,0,0,0,0,0,0.953574895858765,0,92.8277340605855,0,42.3620972782373,0,0,0,0,0,0,0,0,0,0,126.208973646164,0,0,0,0
0,0,0,0,0,0,0,0,0,0,0,213.230265200138,0,0,0,0,0,856.897107958794,0,0,0,177.707542583346,0,0,0,267.274357199669,0,0,0,429.331898808479,0,0,0,0,0,0,0,291.568807393312,0,0,0,0,0,0,0,0,0,0,0,0,0,0,0,0,0,0,0,53.6252633929253,0,51.7619061470032,0,0,0,0,110.520242117345,0,0,0,22.813338637352,0,1793.89034781605,0,21.8872436285019,0,0,0,0,0,0,0,46.5280405133963,0,273.836465001106,50.1480093002319,0,0,0
0,0,0,0,0,0,0,0,0,0,0,0,22.9308750033379,0,1.13438475131989,0,0,0,0,0,0,0,0,0,0,0,168.040555149317,0,0,0,204.034863889217,0,0,0,0,0,0,0,179.142933607101,0,0,0,0,0,0,0,0,0,0,0,0,0,0,0,0,0,0,0,38.0949448645115,0,0,0,0,0,0,2.89683794975281,0,0,0,1.52519129961729,0,1459.79781025648,0,11.3989849090576,0,0,0,0,0,0,0,0,120.251347780228,1.14745509624481,0,0,0
0,0,0,0,0,0,0,0,0,0,0,136.348712414503,0,0,0,0,0,0,0,0,0,0,0,0,0,0,0,429.331898808479,0,0,0,0,0,0,0,0,0,1072.86386922002,0,0,0,0,0,0,0,0,0,0,0,0,0,0,0,0,0,0,0,24.532090485096,0,0,0,0,0,0,0,0,0,0,0,0,933.703323543072,0,751.39179636538,0,0,0,0,0,0,0,204.049941316247,0,37.96024954319,0,0,0,0
0,0,0,0,0,0,0,0,0,0,53.6739564239979,0,0,0,0,0,0,0,0,0,0,0,0,0,0,0,0,0,204.034863889217,0,0,0,0,0,0,0,0,0,131.977303922176,0,0,0,0,0,0,0,0,0,0,0,0,0,0,0,0,0,88.5363997220993,0,0,0,0,0,0,0,0,0,0,0,0,0,0,775.219163805246,0,266.51688182354,0,0,0,0,0,0,0,3.42139196395874,8.2087334394455,0,0,0,0
0,0,0,0,0,0,0,0,0,0,0,0,0,0,0,0,0,0,0,0,0,0,0,0,0,0,0,0,0,0,0,0,1130.87747865915,92.288337752223,17.7581582814455,1135.68442507088,19.8971550017595,0,1.7222216129303,0,0,0,0,0,0,0,0,913.877252697945,1.27672851085663,1.08085572719574,0,0,0,0,0,0,0,0,0,0,0,0,0,0,0,0,0,0,0,0,0,0,0,0,1618.95711575449,481.82780264318,105.76237962395,11.7689686119556,1174.96701731533,11.414103269577,2.52307207882404,4.31237192451954,122.936215892434,0,0,0,0
0,0,0,0,0,0,0,0,0,0,0,0,0,0,0,0,0,0,0,0,0,0,0,0,0,0,0,0,0,0,0,1130.87747865915,0,18.6729216575623,110.405704423785,131.041839927435,283.717257723212,0,0,0,0,0,0,0,0,0,0,1314.34506372362,5.2817397415638,3.99151653051376,0,0,0,0,0,0,0,0,0,0,0,0,0,0,0,0,0,0,0,0,0,0,0,0,318.755285948515,1557.6576218158,6.52803400158882,96.3940579295158,68.2437477037311,97.4938583821058,4.26328559219837,4.41652753949165,255.469086319208,0,0,0,0
0,0,0,0,0,0,0,0,0,0,0,0,0,0,0,0,0,0,0,0,0,0,0,0,0,0,0,0,0,0,0,92.288337752223,18.6729216575623,0,1166.60668182373,94.8559537827969,0,243.26425999403,84.8657566606998,0,0,0,0,0,0,0,0,680.477743655443,0.586894094944,38.5234731435776,0,0,0,0,0,0,0,0,0,0,0,0,0,0,0,0,0,0,0,0,0,0,0,0,72.4507923424244,35.4652652740479,1087.91244009137,878.867098942399,35.248563721776,0.270776152610779,187.821673005819,25.0621327012777,179.722280874848,14.6269773244858,1.1334456205368,0,0
0,0,0,0,0,0,0,0,0.246565356850624,0,0,0,0,0,0,0,0,0,0,0,0,0,0,0,0,0,0,0,0,0,0,17.7581582814455,110.405704423785,1166.60668182373,0,4.50634801387787,252.407141804695,23.8513449281454,470.25764632225,0,0,0,0,0,0,0,0,648.327574446797,0,0.334554433822632,0,0,0,0,0,0,0,0,0,0,0,0,0,0,0,0,0,0,0,0,0,0,0,0,13.6126583516598,119.095300413668,533.209969118237,959.211685612798,98.2414351627231,315.571512505412,33.7893565893173,224.68446162343,151.361700132489,5.19921004772186,0.586694061756134,0,0
0,0,0,0,0,0,0,0,0,0,0,82.3374648094177,0,0,0,0,0,0,0,1001.89997327328,0,0,0,0,0,0,0,0,0,0,0,1135.68442507088,131.041839927435,94.8559537827969,4.50634801387787,0,3624.50152146816,1833.73274168372,0,9.79163485765457,4.50324729084969,0,0,0,0,0,0,279.666531726718,0.786492109298706,0,0,0,0,0,0,0,0,0,0,0,0,0,2557.28630648553,0,0,0,0,0,0,0,0,0,0,0,2299.45686773956,28.6882170438766,468.891006715596,1.07294088602066,15278.3223066591,2575.34486548603,1427.63124272227,2.16645266115665,3074.20716328919,992.01906645298,65.7046021819115,0,0
0,0,0,0,0,0,0,0,0,0,1.76822757720947,0,0,0,0,0,0,0,0,0,1249.33931925893,0,0,0,0,0,0,0,0,0,0,19.8971550017595,283.717257723212,0,252.407141804695,3624.50152146816,0,0,1982.69147063792,0.80815015733242,50.7115066498518,0,0,0,0,0,0,381.706833586097,3.30062422156334,0.850731551647186,0,0,0,0,0,0,56.9373151063919,0,0,0,0,0,0,1473.21911519766,0,0,0,0,0,0,0,0,0,0,12.3915094137192,474.673309080303,0,53.9638245105743,371.593136593699,17182.0007196814,0,2185.18325152248,2234.76731389761,865.443663164973,59.2044030725956,0,0
0,0,0,0,0,0,0,0,0,1.01509170979261,0,1001.92067244649,0,0,0,0,0,0,0,372.099446773529,0,678.862521290779,0,326.579258292913,0,0,0,291.568807393312,0,1072.86386922002,0,0,0,243.26425999403,23.8513449281454,1833.73274168372,0,0,325.822759881616,0,0,2.92012068629265,0,0,0,0,0,1223.67349393666,0,51.7755495905876,0,0,0,0,0,0,0,783.646866738796,0,0,0,0,300.229879513383,0,908.347329333425,0,505.160686478019,0,0,0,224.548248693347,0,819.250128239393,0,0,0,473.847457677126,10.1833366155624,744.737646132708,0,12860.5084854513,323.792564824224,1540.27756644785,264.767931997776,10.7317197024822,0,0
0,0,0,0,0,0,0,0,20.5033157989383,0,1084.63409730792,0,0,0,0,0,0,0,0,0,464.621388450265,0,1217.22234705091,0,654.927989929914,0,0,0,179.142933607101,0,131.977303922176,1.7222216129303,0,84.8657566606998,470.25764632225,0,1982.69147063792,325.822759881616,0,0,0,0,4.40510776638985,0,0,0,0.415127873420715,1274.98265063763,199.006675735116,2.53479263186455,0,0,0,0,4.90538866072893,0,1020.55489419401,0,0,0,0,0,0,181.538506649435,0,522.132743999362,0,271.530726402998,0,0,0,51.9570832252502,0,674.973898410797,0,26.976282350719,4.11278319358826,520.634553618729,0.22981758415699,790.270674064755,117.514900505543,11822.3180785701,1637.49601489305,38.5496872216463,71.5741068720818,0,0
0,0,0,0,0,0,0,0,0,0,0,0,0,0,0,0,0,0,0,0,0,0,0,0,0,0,0,0,0,0,0,0,0,0,0,9.79163485765457,0.80815015733242,0,0,0,14.4206691682339,730.319600723684,0.302158623933792,255.482558585703,0,977.596052229404,0,70.157809458673,8.19482342898846,636.243103869259,0,0,0,0,0,0,0,0,0,0,0,0,0,0,0,0,0,0,0,0,0,0,0,0,0,0,0,0,149.131279572845,4.27007555961609,20.30014950037,0.692295640707016,40.5240781530738,0,1903.46877302229,2.86706908047199,0
0,0,0,0,0,0,0,0,0,0,0,0,0,0,0,0,0,0,0,0,0,0,0,0,0,0,0,0,0,0,0,0,0,0,0,4.50324729084969,50.7115066498518,0,0,14.4206691682339,0,0,1263.52394539863,0,15.7790299206972,0,1535.66540959477,49.2283638566732,369.934310354292,1.58289521932602,0,0,0,0,0,0,0.46862855553627,0,0,0,0,0,0,231.504710778594,0,0,0,0,0,0,0,0,0,7.8308217227459,0,0,0,0,27.0389237850904,725.244730941951,0,76.6445247754455,3.85124552249908,0,819.90032492578,0,0.645927608013153
0,76.3620535135269,0,0,0,0,0,0,0,1.33281366527081,0,0,0,0,0,0,0,0,1112.93527932465,0,0,0,0,0,0,0,0,0,0,0,0,0,0,0,0,0,0,2.92012068629265,0,730.319600723684,0,0,64.5850171595812,101.427281297743,0,493.581974923611,0,26.0363765954971,1.58728452771902,449.221891641617,0,0,0,0,0,0,0,109.648829355836,0,1.93348634243011,0,0,0,0,0,0,0,0,0,0,27.7312778830528,0,3.41307710111141,0,0,0,0,0,1470.04688922316,0,24.891834422946,0,1121.10824789852,0.284760653972626,5518.79654692113,1877.97070212662,0
97.4821283817291,0,0,0,0,0,0,0,5.95842641592026,0,0,0,0,0,0,0,2.72704492509365,0,932.435703158379,0,0,0,0,0,0,0,0,0,0,0,0,0,0,0,0,0,0,0,4.40510776638985,0.302158623933792,1263.52394539863,64.5850171595812,0,2.85899041593075,313.370424792171,0,1197.67685789615,123.463382661343,418.065738588572,0.241803601384163,0,0,0,0,1.94014994800091,0,155.467760816216,0,1.45404148101807,0,0,0,0,43.6424629688263,0,0,0,0,0,0,0,7.90620719641447,0,88.023063108325,0,0,0,0,0,1471.80021581799,1.68264500796795,323.753393903375,764.922833710909,15.4751021936536,4215.38394696265,0,1072.7700856179
0,0,0,0,0,0,0,0,0,0,0,0,0,0,0,0,0,0,221.097744360566,0,0,0,0,0,0,0,0,0,0,0,0,0,0,0,0,0,0,0,0,255.482558585703,0,101.427281297743,2.85899041593075,0,6.47393308579922,121.463001027703,0,0.789640128612518,0,3.7246138304472,0,0,0,0,0,0,0,0,0,0,0,0,0,0,0,0,0,0,0,0,0,0,0,0,0,0,0,0,229.587900951505,0,0,0,154.923350304365,0,693.439547806978,0,0
0,0,0,0,0,0,0,0,0,0,0,0,0,0,0,0,0,0,935.037600129843,0,0,0,0,0,0,0,0,0,0,0,0,0,0,0,0,0,0,0,0,0,15.7790299206972,0,313.370424792171,6.47393308579922,0,0,28.490146741271,0,0,0,0,0,0,0,0,0,0,0,0,0,0,0,0,0.965180709958076,0,0,0,0,0,0,0,0,0,0,0,0,0,0,0,16.505858823657,0,0,142.451051540673,2.28304572403431,516.182080700994,0,3.75937852263451
0,0,0,0,0,0,0,0,0,0,0,0,0,0,0,0,0,0,0,0,0,0,0,0,0,0,0,0,0,0,0,0,0,0,0,0,0,0,0,977.596052229404,0,493.581974923611,0,121.463001027703,0,0,0,0,0,21.9408867582679,0,0,0,0,0,0,0,0.69093456864357,0,0,0,0,227.672487162054,0,0,0,0,0,0,0,0,0,0,0,0,0,0,0,797.991132281721,0,44.5296194702387,0,25.4494429826736,0,2585.59276238829,0.391597867012024,0
0,0,0,0,0,0,0,0,0,0,0,0,0,0,0,0,0,0,0.339664816856384,0,0,0,0,0,0,0,0,0,0,0,0,0,0,0,0,0,0,0,0.415127873420715,0,1535.66540959477,0,1197.67685789615,0,28.490146741271,0,0,0.225753948092461,0.834185793995857,0,0,0,0,0,0,0,1.53507077693939,0,0,0,0,0,0,1003.63415007293,0,0,0,0,0,0,0,0,0,1.88969485461712,0,0,0,0,0.0966529697179794,682.729662057012,0,201.054969802499,1.09475180506706,0.311875760555267,1457.01676125824,0,0
0,0,0,0,0,0,0,0,0,0,0,0,0,0,0,0,0,0,0,0,0,0,0,0,0,0,0,0,0,0,0,913.877252697945,1314.34506372362,680.477743655443,648.327574446797,279.666531726718,381.706833586097,1223.67349393666,1274.98265063763,70.157809458673,49.2283638566732,26.0363765954971,123.463382661343,0.789640128612518,0,0,0.225753948092461,0,1352.83515517414,1051.14050027728,0,0,0,0,0,0,0,0,0,0,0,0,0,0,0,0,0,0,0,0,0,0,0,0,1245.18034262955,1857.9375776574,672.300549536943,492.740313731134,1854.68172546476,2651.26383951306,1475.08840467036,586.84241065383,864.651401303709,5.4629283323884,159.60100235045,0,0
221.988321140409,0,192.019798055291,0,0,0,0,0,0,0,0,0,0,0,0,0,0,0,0,0,0,0,10.2314268499613,0,0.772030383348465,0,0,0,0,0,0,1.27672851085663,5.2817397415638,0.586894094944,0,0.786492109298706,3.30062422156334,0,199.006675735116,8.19482342898846,369.934310354292,1.58728452771902,418.065738588572,0,0,0,0.834185793995857,1352.83515517414,0,416.32363268733,0,0,0,0,20.0941998958588,0,179.284227579832,0,51.2668389081955,0,5.90919953584671,0,0,0.272647246718407,0,153.457006543875,0,16.4088815897703,0,0,0,195.788446202874,0,72.0386955589056,89.7555168867111,59.2731182277203,0.627382665872574,2.41930359601974,382.043624788523,278.739523947239,12.0670987665653,364.903140321374,120.212138846517,0,486.974825441837,0,1.12332999706268
0,433.003557920456,0,329.200373634696,0,0,0,0,0,6.72245302796364,0,0,0,0,0,0,0,0,0,0,0,11.6827504187822,0,0,0,0,0,0,0,0,0,1.08085572719574,3.99151653051376,38.5234731435776,0.334554433822632,0,0.850731551647186,51.7755495905876,2.53479263186455,636.243103869259,1.58289521932602,449.221891641617,0.241803601384163,3.7246138304472,0,21.9408867582679,0,1051.14050027728,416.32363268733,0,0,0,0,0,0,13.0819004625082,0,132.349120751023,0,53.4309722334146,0,41.6540820896626,0,0,381.839770615101,0,2.38751019537449,0,0.361049652099609,0,394.96187248826,0,156.543396323919,0,48.3575996160507,10.8317940235138,14.1549530625343,0.597976237535477,111.024129353464,33.2384066879749,289.121289417148,9.47674690186977,509.354358136654,0,719.553723454475,1.98264503479004,0
0,0,0,0,735.983478844166,0,152.603015363216,0,0,0,0,0,0,0,0,0,0,0,0,0,29.5555956363678,0,0,0,0,0,0,0,0,0,0,0,0,0,0,0,0,0,0,0,0,0,0,0,0,0,0,0,0,0,0,0,0.25450673699379,0,0,0,0,0,2,0,0,0,0,42.0836061835289,0,0,0,0,0,0,0,0,0,0,0,0,0,0,0,0,0,0,1349.95936363935,0,0,0,0
0,0,0,0,0,450.528846934438,0,38.4271994382143,0,0,0,0.721721827983856,0,7.84290009737015,0,0.894451260566711,0,0,0,34.3476599901915,0,0,0,0,0,0,0,0,0,0,0,0,0,0,0,0,0,0,0,0,0,0,0,0,0,0,0,0,0,0,0,0,0,13.725857809186,0,0,0,20.0404743850231,0,8.40623612701893,0,3.45370709896088,9.85844957828522,0,0,0,0,0,0,0,0,0,0,0,0,0,0,0,0,0,0,0,482.985363706946,1,51.1505846977234,0,0
0,0,0,0,0,0,181.667469859123,0,0,0,0,0,0,0,0,0,0,0,0,0,0,0,0,0,0,0,0,0,0,0,0,0,0,0,0,0,0,0,0,0,0,0,0,0,0,0,0,0,0,0,0.25450673699379,0,0,0,0,0,144.482266813517,0,1.57698202133179,0,0,0,0,0,0,0,0,0,0,0,0,0,0,0,0,0,0,0,0,0,0,0,58.8469756245613,0,0,0,0
0,0,0,0,0,3.12966990470886,0,394.869540929794,0,0,0,0,0,0,0,0,0,0,0,0.525109767913818,0,0,0,0,0,0,0,0,0,0,0,0,0,0,0,0,0,0,0,0,0,0,0,0,0,0,0,0,0,0,0,13.725857809186,0,0,0,0,0,460.190015330911,0,177.056581959128,0,0,0.865851253271103,0,0,0,0,0,0,0,0,0,0,0,0,0,0,0,0,0,0,0,224.368707954884,0,0,0,0
310.129155546427,0,82.44672113657,0,0,0,0,0,688.639177434146,0,0,0,0,0,1.95290887355804,0,0,0,0,0,0,0,0,0,117.097581893206,0,0,0,0,0,0,0,0,0,0,0,0,0,4.90538866072893,0,0,0,1.94014994800091,0,0,0,0,0,20.0941998958588,0,0,0,0,0,0,0,0,0,0,0,182.083397775888,0,0,0,0,0,0,157.894661657512,0,0,0,0,0,0,0,0,0,0.394668430089951,0,0,0,4.10786032676697,93.1998646557331,41.8766266405582,2.79978492856026,0,0.416069328784943
0,359.761826634407,0,1.23236113786697,0,0,0,0,0,1015.37516514212,0,0,0,0,0,10.1401188373566,0,0,0,0,0,0,0,15.4472910761833,0,3.23717248439789,0,0,0,0,0,0,0,0,0,0,0,0,0,0,0,0,0,0,0,0,0,0,0,13.0819004625082,0,0,0,0,0,0,0,0,0,0,0,235.569494277239,0,0,0,0,0,0,0,0,0,0,0,0,0,0,0,0,0,0,0,0,244.00911296159,68.6899657547474,0.373929113149643,0,0
17.1297229230404,0,84.1852093786001,0,0,0,1.56420159339905,0,0,0,1274.93849419057,0,1.91559910774231,0,0,0,0,0,0,0,344.875372231007,0,0,0,0,0,0,0,0,0,88.5363997220993,0,0,0,0,0,56.9373151063919,0,1020.55489419401,0,0.46862855553627,0,155.467760816216,0,0,0,1.53507077693939,0,179.284227579832,0,0,0,144.482266813517,0,0,0,0,0,209.94805470109,0,0,0,0,667.170438542962,0,0,0,0,0,0,0,203.140885442495,0,379.830893456936,0,0,0,0,0,1.56681641936302,0,139.349235847592,298.825339257717,0,809.350289598107,0,0.527556538581848
0,1.3231053352356,0,21.4971325695515,0,7.93258437514305,0,113.700056135654,0,0,0,1534.3261757046,0,700.186649590731,0,0,0,0,0,268.40613566339,0,0,0,0,0,0,0,53.6252633929253,0,24.532090485096,0,0,0,0,0,0,0,783.646866738796,0,0,0,109.648829355836,0,0,0,0.69093456864357,0,0,0,132.349120751023,0,20.0404743850231,0,460.190015330911,0,0,0,0,0,354.740824207664,0,26.584511756897,672.443364500999,0,0,0,0,0,0,0,311.315300479531,0,409.879428565502,0,0,0,0,0,0,0,55.5793281048536,0,259.924076288939,0,527.373076081276,0.641973435878754,0
0,0,308.552468717098,0,18.3314142823219,0,14.1554698944092,0,0,0,97.2734596431255,0,698.939900293946,0,41.7620394229889,0,0,0,0,0,0,0,0,0,0,0,0,0,38.0949448645115,0,0,0,0,0,0,0,0,0,0,0,0,0,1.45404148101807,0,0,0,0,0,51.2668389081955,0,2,0,1.57698202133179,0,0,0,209.94805470109,0,0,0,402.665012970567,0,0,0,0,0,0,0,0,3.89244928956032,0,108.777907446027,0,0,0,0,0,0,0,0,0,0,568.050403594971,179.832936644554,88.8338662385941,0,0
0,4.20700863003731,0,20.2603138834238,0,59.4663240462542,0,94.9840043187141,0,0,0,507.640367209911,0,327.712158814073,0,2.86062732338905,0,4.56075859069824,0,0,0,0,0,0,0,0,0,51.7619061470032,0,0,0,0,0,0,0,0,0,0,0,0,0,1.93348634243011,0,0,0,0,0,0,0,53.4309722334146,0,8.40623612701893,0,177.056581959128,0,0,0,354.740824207664,0,0,0,353.387432351708,0,0,0,0,0,0,0,0,119.847442820668,0,0,0,0,0,0,0,0,0,0,0,347.098866373301,225.1038223207,56.6171364486217,0,0
32.8045970201492,0,26.2512522935867,0,2.00269490480423,0,0,0,138.517072945833,0,0,0,125.782588720322,0,202.531300649047,0,0,0,0,0,0,0,0,0,35.3234180808067,0,2.70282554626465,0,0,0,0,0,0,0,0,0,0,0,0,0,0,0,0,0,0,0,0,0,5.90919953584671,0,0,0,0,0,182.083397775888,0,0,0,402.665012970567,0,0,0,0,0,0,0,0,0,0,0,0,0,0,0,0,0,0,0,0,0,0,0,570.455257922411,14.8281755149364,0,0,0
0,25.5535164475441,0,14.2470673769712,0,55.0350569784641,0,0,0,195.162081986666,0,0,0,383.711189568043,0,203.718554019928,0,16.72902739048,0,0,0,0,0,0,0,0,0,0,0,0,0,0,0,0,0,0,0,0,0,0,0,0,0,0,0,0,0,0,0,41.6540820896626,0,3.45370709896088,0,0,0,235.569494277239,0,26.584511756897,0,353.387432351708,0,0,0,0,0,0,0,0,0,0,0,0,0,0,0,0,0,0,0,0,0,0,304.077836990356,0,1.69701914489269,0,0
0,0,0,0,0,15.6325660049915,0,0,0,0,0,609.116086870432,0,0,0,0,0,0,0,1560.31936343014,0,0,0,0,0,0,0,0,0,0,0,0,0,0,0,2557.28630648553,0,300.229879513383,0,0,0,0,0,0,0,227.672487162054,0,0,0,0,0,9.85844957828522,0,0.865851253271103,0,0,0,672.443364500999,0,0,0,0,0,0,0,0,0,0,0,0,0,0,0,0,0,0,0,0,357.922006711364,0,85.0284606963396,0,130.865534096956,0,947.14436917007,0,0
0,0,0,0,0,0,0,0,0,0,71.5818930417299,0,0,0,0,0,0,0,0,0,454.157942891121,0,0,0,0,0,0,0,0,0,0,0,0,0,0,0,1473.21911519766,0,181.538506649435,0,231.504710778594,0,43.6424629688263,0,0.965180709958076,0,1003.63415007293,0,0.272647246718407,0,42.0836061835289,0,0,0,0,0,667.170438542962,0,0,0,0,0,0,0,0,0,0,0,0,0,0,0,0,100.871040672064,0,0,0,0,0,198.329755257815,0,1064.56651294231,254.143916398287,0,1222.71640748531,0,8.42406350374222
0,0,0,0,0,0,0,0,0,0,0,0,0,0,0,0,0,6.51291412115097,0,0,0,4602.83644117415,0,50.7610026299953,0,91.5771318078041,0,110.520242117345,0,0,0,0,0,0,0,0,0,908.347329333425,0,0,0,0,0,0,0,0,0,0,0,381.839770615101,0,0,0,0,0,0,0,0,0,0,0,0,0,0,0,0,119.574805006385,0,170.236758969724,0,876.602991916239,0,0,0,0,0,0,0,0,0,263.733596295118,0,831.04955303669,91.7494866847992,0,0,0
0,0,0,0,0,0,0,0,0,0,0,0,0,0,0,0,0,0,0,0,0,1.47915172576904,3248.01607654989,0,136.813808679581,0,0,0,2.89683794975281,0,0,0,0,0,0,0,0,0,522.132743999362,0,0,0,0,0,0,0,0,0,153.457006543875,0,0,0,0,0,0,0,0,0,0,0,0,0,0,0,0,0,0,428.862524837255,0,440.088828586042,0,710.901066474617,0,0,0,0,0,0,0,0,0,235.764366418123,116.651472598314,0,0,0,0
0,0,0,0,0,0,0,0,0,0,0,0,0,0,0,0,0,0,1.69775915145874,0,0,54.9748997688293,0,178.525201737881,0,91.7206268906593,0,0,0,0,0,0,0,0,0,0,0,505.160686478019,0,0,0,0,0,0,0,0,0,0,0,2.38751019537449,0,0,0,0,0,0,0,0,0,0,0,0,0,0,119.574805006385,0,0,0,160.736122116446,0,0,0,0,0,0,0,0,0,0,0,155.744715556502,0,391.08667165041,0,318.906422793865,0,0
0,0,0,0,0,0,0,0,100.497677490115,0,0,0,0,0,0,0,0,0,0,0,0,0,137.687138259411,0,433.094347834587,0,0.953574895858765,0,0,0,0,0,0,0,0,0,0,0,271.530726402998,0,0,0,0,0,0,0,0,0,16.4088815897703,0,0,0,0,0,157.894661657512,0,0,0,0,0,0,0,0,0,0,428.862524837255,0,0,0,0,0,0,0,0,0,0,0,0,0,0,0,7.86029413342476,167.99533034116,3.15792511403561,0,0,0
0,0,0,0,0,0,0,0,0,0,0,0,0,0,0,0,0,40.8089941442013,0,0,0,23.8204959630966,0,219.673485651612,0,3.01009966433048,0,22.813338637352,0,0,0,0,0,0,0,0,0,0,0,0,0,0,0,0,0,0,0,0,0,0.361049652099609,0,0,0,0,0,0,0,0,0,0,0,0,0,0,170.236758969724,0,160.736122116446,0,0,0,65.2626787647605,0,0,0,0,0,0,0,0,0,0,0,87.9525205492973,0,0,0,0
0,0,0,0,0,0,0,0,0,0,0,0,0,0,1.11022388935089,0,15.3582667410374,0,0,0,0,0,0,0,328.026839673519,0,92.8277340605855,0,1.52519129961729,0,0,0,0,0,0,0,0,0,0,0,0,0,0,0,0,0,0,0,0,0,0,0,0,0,0,0,0,0,3.89244928956032,0,0,0,0,0,0,440.088828586042,0,0,0,0,0,542.333404846489,0,0,0,0,0,0,0,0,0,0,124.003263950348,0,0,0,0
0,0,0,0,0,0,0,0,0,0,0,103.671237289906,0,0,0,0,0,58.8288050889969,0,0,0,131.753919243813,0,0,0,0.100534938275814,0,1793.89034781605,0,933.703323543072,0,0,0,0,0,0,0,224.548248693347,0,0,0,27.7312778830528,0,0,0,0,0,0,0,394.96187248826,0,0,0,0,0,0,0,311.315300479531,0,119.847442820668,0,0,0,0,876.602991916239,0,0,0,65.2626787647605,0,0,0,152.504641771317,0,0,0,0,0,0,0,214.793629676104,0,162.235021114349,19.9996976852417,15.6037119626999,0,0
0,0,0,0,0,0,0,0,0,0,0,0,125.671657562256,0,0,0,0,0,0,0,0,0,0,0,0,0,42.3620972782373,0,1459.79781025648,0,775.219163805246,0,0,0,0,0,0,0,51.9570832252502,0,0,0,7.90620719641447,0,0,0,0,0,195.788446202874,0,0,0,0,0,0,0,203.140885442495,0,108.777907446027,0,0,0,0,0,0,710.901066474617,0,0,0,542.333404846489,0,0,0,348.887749433517,0,0,0,0,0,0,0,170.493168652058,421.777606368065,3.40271186828613,12.2467477619648,0,0
0,0,0,0,0,0,0,0,0,0,0,128.309780389071,0,0,0,0,0,0,0,0,0,0,0,0,0,0,0,21.8872436285019,0,751.39179636538,0,0,0,0,0,0,0,819.250128239393,0,0,0,3.41307710111141,0,0,0,0,0,0,0,156.543396323919,0,0,0,0,0,0,0,409.879428565502,0,0,0,0,0,0,0,0,0,0,0,0,152.504641771317,0,0,0,0,0,0,0,0,0,122.81235165894,0,71.6250011920929,0,22.0497337579727,0,0
0,0,0,0,0,0,0,0,0,0,72.6753504872322,0,0,0,0,0,0,0,0,0,0.238562390208244,0,0,0,0,0,0,0,11.3989849090576,0,266.51688182354,0,0,0,0,0,0,0,674.973898410797,0,7.8308217227459,0,88.023063108325,0,0,0,1.88969485461712,0,72.0386955589056,0,0,0,0,0,0,0,379.830893456936,0,0,0,0,0,0,100.871040672064,0,0,0,0,0,0,0,348.887749433517,0,0,0,0,0,0,0,8.47743399441242,0,801.08322493732,5.93518733978271,0,469.021503806114,0,0.940784186124802
0,0,0,0,0,0,0,0,0,0,0,0,0,0,0,0,0,0,0,0,0,0,0,0,0,0,0,0,0,0,0,1618.95711575449,318.755285948515,72.4507923424244,13.6126583516598,2299.45686773956,12.3915094137192,0,0,0,0,0,0,0,0,0,0,1245.18034262955,89.7555168867111,48.3575996160507,0,0,0,0,0,0,0,0,0,0,0,0,0,0,0,0,0,0,0,0,0,0,0,0,0,89.7968793511391,435.762448608875,1.04012089967728,582.561213314533,39.5413280427456,1.49326227605343,0,350.15741160512,0,0,0,0
0,0,0,0,0,0,0,0,0,0,0,0,0,0,0,0,0,0,0,0,0,0,0,0,0,0,0,0,0,0,0,481.82780264318,1557.6576218158,35.4652652740479,119.095300413668,28.6882170438766,474.673309080303,0,26.976282350719,0,0,0,0,0,0,0,0,1857.9375776574,59.2731182277203,10.8317940235138,0,0,0,0,0,0,0,0,0,0,0,0,0,0,0,0,0,0,0,0,0,0,0,0,89.7968793511391,0,5.91151285171509,556.87224509567,97.046701900661,786.113076448441,4.90048766136169,184.6240914464,189.054988309741,0,0,0,0
0,0,0,0,0,0,0,0,0,0,0,0,0,0,0,0,0,0,0,0,0,0,0,0,0,0,0,0,0,0,0,105.76237962395,6.52803400158882,1087.91244009137,533.209969118237,468.891006715596,0,473.847457677126,4.11278319358826,0,0,0,0,0,0,0,0,672.300549536943,0.627382665872574,14.1549530625343,0,0,0,0,0,0,0,0,0,0,0,0,0,0,0,0,0,0,0,0,0,0,0,0,435.762448608875,5.91151285171509,0,510.568211339414,181.617504447699,0.192109301686287,252.570376679301,12.8937729299068,247.752737462521,0,2.9069209843874,0,0
0,0,0,0,0,0,0,0,0,0,0,0,0,0,0,0,0,0,0,0,0,0,0,0,0,0,0,0,0,0,0,11.7689686119556,96.3940579295158,878.867098942399,959.211685612798,1.07294088602066,53.9638245105743,10.1833366155624,520.634553618729,0,0,0,0,0,0,0,0,492.740313731134,2.41930359601974,0.597976237535477,0,0,0,0,0.394668430089951,0,0,0,0,0,0,0,0,0,0,0,0,0,0,0,0,0,0,0,1.04012089967728,556.87224509567,510.568211339414,0,22.0847219005227,60.7356340065598,43.2580917328596,475.776938602328,384.955369904637,10.4448216557503,0,0,0
0,0,0,0,0,0,0,0,0,0,0,0,0,0,0,0,0,0,2.79703013598919,146.361056596041,0,0,0,0,0,0,0,0,0,0,0,1174.96701731533,68.2437477037311,35.248563721776,98.2414351627231,15278.3223066591,371.593136593699,744.737646132708,0.22981758415699,149.131279572845,27.0389237850904,1470.04688922316,0,229.587900951505,0,797.991132281721,0.0966529697179794,1854.68172546476,382.043624788523,111.024129353464,0,0,0,0,0,0,0,0,0,0,0,0,357.922006711364,0,0,0,0,0,0,0,0,0,0,0,582.561213314533,97.046701900661,181.617504447699,22.0847219005227,0,178.482817076147,4054.53271544725,32.5814976021647,2362.92821380496,685.963507115841,1180.28229147196,101.799926020205,0
0,0,0,0,0,0,0,0,0,0,0,0,0,0,0,0,0,0,0,0,101.854315161705,0,0,0,0,0,0,0,0,0,0,11.414103269577,97.4938583821058,0.270776152610779,315.571512505412,2575.34486548603,17182.0007196814,0,790.270674064755,4.27007555961609,725.244730941951,0,1471.80021581799,0,16.505858823657,0,682.729662057012,2651.26383951306,278.739523947239,33.2384066879749,0,0,0,0,0,0,1.56681641936302,0,0,0,0,0,0,198.329755257815,0,0,0,0,0,0,0,0,0,8.47743399441242,39.5413280427456,786.113076448441,0.192109301686287,60.7356340065598,178.482817076147,0,18.6801076680422,2495.64782402664,5471.85678099096,214.100787818432,811.576243612915,0,12.9783813580871
0,0,0,0,0,0,0,0,0,0,0,176.302305459976,0,0,0,0,0,0,0,43.9872185140848,0,119.455958083272,0,194.538989678025,0,0,0,46.5280405133963,0,204.049941316247,0,2.52307207882404,4.26328559219837,187.821673005819,33.7893565893173,1427.63124272227,0,12860.5084854513,117.514900505543,20.30014950037,0,24.891834422946,1.68264500796795,0,0,44.5296194702387,0,1475.08840467036,12.0670987665653,289.121289417148,0,0,0,0,0,0,0,55.5793281048536,0,0,0,0,85.0284606963396,0,263.733596295118,0,155.744715556502,0,0,0,214.793629676104,0,122.81235165894,0,1.49326227605343,4.90048766136169,252.570376679301,43.2580917328596,4054.53271544725,18.6801076680422,0,208.895801953971,1994.94044429064,102.293225079775,646.163130104542,0,0
0,0,0,0,0,0,0,0,6.24637958407402,0,66.2501568347216,0,0,0,0,0,0,0,0,0,243.83182130754,0,199.777328670025,0,24.4262583553791,0,0,0,0,0,3.42139196395874,4.31237192451954,4.41652753949165,25.0621327012777,224.68446162343,2.16645266115665,2185.18325152248,323.792564824224,11822.3180785701,0.692295640707016,76.6445247754455,0,323.753393903375,0,0,0,201.054969802499,586.84241065383,364.903140321374,9.47674690186977,0,0,0,0,4.10786032676697,0,139.349235847592,0,0,0,0,0,0,1064.56651294231,0,235.764366418123,0,7.86029413342476,0,0,0,170.493168652058,0,801.08322493732,0,184.6240914464,12.8937729299068,475.776938602328,32.5814976021647,2495.64782402664,208.895801953971,0,2121.36709438264,39.4681439995766,2109.59015253186,0,36.9680608063936
161.394187361002,204.150062352419,0,0,238.429883271456,226.124701187015,11.4790451526642,252.349890708923,365.053284525871,995.427435092628,152.852590173483,155.184373885393,246.975853040814,549.784306138754,191.090361446142,313.582860648632,5439.34637777507,5678.30856903642,6822.43839086592,106.621678411961,187.291998803616,1538.14414589107,550.565762579441,219.752930045128,197.357989102602,50.9930884838104,126.208973646164,273.836465001106,120.251347780228,37.96024954319,8.2087334394455,122.936215892434,255.469086319208,179.722280874848,151.361700132489,3074.20716328919,2234.76731389761,1540.27756644785,1637.49601489305,40.5240781530738,3.85124552249908,1121.10824789852,764.922833710909,154.923350304365,142.451051540673,25.4494429826736,1.09475180506706,864.651401303709,120.212138846517,509.354358136654,1349.95936363935,482.985363706946,58.8469756245613,224.368707954884,93.1998646557331,244.00911296159,298.825339257717,259.924076288939,568.050403594971,347.098866373301,570.455257922411,304.077836990356,130.865534096956,254.143916398287,831.04955303669,116.651472598314,391.08667165041,167.99533034116,87.9525205492973,124.003263950348,162.235021114349,421.777606368065,71.6250011920929,5.93518733978271,350.15741160512,189.054988309741,247.752737462521,384.955369904637,2362.92821380496,5471.85678099096,1994.94044429064,2121.36709438264,0,3114.65207964927,3148.5885104388,120.499846100807,111.850411117077
0,0,0,0,0,3.95483207702637,0,0,64.8232494592667,202.387240767479,0,0,699.382864892483,231.213658004999,1.1037110388279,9.33564186096191,791.168061889708,2154.23298335075,4.98777106404305,0,0,108.718017727137,164.900718823075,0,0.145617187023163,0,0,50.1480093002319,1.14745509624481,0,0,0,0,14.6269773244858,5.19921004772186,992.01906645298,865.443663164973,264.767931997776,38.5496872216463,0,0,0.284760653972626,15.4751021936536,0,2.28304572403431,0,0.311875760555267,5.4629283323884,0,0,0,1,0,0,41.8766266405582,68.6899657547474,0,0,179.832936644554,225.1038223207,14.8281755149364,0,0,0,91.7494866847992,0,0,3.15792511403561,0,0,19.9996976852417,3.40271186828613,0,0,0,0,0,10.4448216557503,685.963507115841,214.100787818432,102.293225079775,39.4681439995766,3114.65207964927,0,159.270019575953,0,0
264.859290748835,111.071254700422,88.3080229759216,56.8113705962896,5.67464703321457,26.9656050205231,0,0,7.42404541373253,4.53367906063795,0,23.3073641359806,0,0,0,0,2.66519781947136,8.47777245938778,942.993177771568,91.805008366704,220.473720058799,0,0,0,0,0,0,0,0,0,0,0,0,1.1334456205368,0.586694061756134,65.7046021819115,59.2044030725956,10.7317197024822,71.5741068720818,1903.46877302229,819.90032492578,5518.79654692113,4215.38394696265,693.439547806978,516.182080700994,2585.59276238829,1457.01676125824,159.60100235045,486.974825441837,719.553723454475,0,51.1505846977234,0,0,2.79978492856026,0.373929113149643,809.350289598107,527.373076081276,88.8338662385941,56.6171364486217,0,1.69701914489269,947.14436917007,1222.71640748531,0,0,318.906422793865,0,0,0,15.6037119626999,12.2467477619648,22.0497337579727,469.021503806114,0,0,2.9069209843874,0,1180.28229147196,811.576243612915,646.163130104542,2109.59015253186,3148.5885104388,159.270019575953,0,579.950882926583,619.020238742232
0,0,0,0,0,0,0,0,0,0,0,0,0,0,0,0,0,0,518.953181222081,0,0,0,0,0,0,0,0,0,0,0,0,0,0,0,0,0,0,0,0,2.86706908047199,0,1877.97070212662,0,0,0,0.391597867012024,0,0,0,1.98264503479004,0,0,0,0,0,0,0,0.641973435878754,0,0,0,0,0,0,0,0,0,0,0,0,0,0,0,0,0,0,0,0,101.799926020205,0,0,0,120.499846100807,0,579.950882926583,0,0
0,0,0,0,0,0,0,0,3.34860217571259,0,0,0,0,0,0,0,0.23539175093174,0,127.361027359962,0,0,0,0,0,0,0,0,0,0,0,0,0,0,0,0,0,0,0,0,0,0.645927608013153,0,1072.7700856179,0,3.75937852263451,0,0,0,1.12332999706268,0,0,0,0,0,0.416069328784943,0,0.527556538581848,0,0,0,0,0,0,8.42406350374222,0,0,0,0,0,0,0,0,0,0.940784186124802,0,0,0,0,0,12.9783813580871,0,36.9680608063936,111.850411117077,0,619.020238742232,0,0
