0,0,46.794684574008,0,0,0,0,0,347.245105579495,0,0,0,0,0,0.209224537014961,0,0.803806856274605,0,6.46097365766764,0,0,0,0,0,0,0,0,0,0,0,0,0,0,0,0,0,0,0,0,0,0,0,51.1095578074455,0,0,0,0,0,77.4935048371553,0,0,0,0,0,9.19636130332947,0,0,0,1.95860934257507,0,63.1214447319508,0,0,0,0,0,0,0,0,0,0,0,0,0.215204268693924,0,0,0,0,0,0,0,0,7.83435785770416,0,278.347169399261,0,0
0,0,0,76.2122926414013,0,0,0,0,0,96.4089815318584,0,0,0,0,0,0,1.17018820345402,0,58.7978016138077,0,0,0,0,0,0,0,0,0,0,0,0,0,0,0,0,1.32815873622894,0,0,0,0,0,191.216079577804,0,0,0,0.374879598617554,0,0,0,244.100491985679,0,0,0,0,0,17.2386854290962,0,1.16638043522835,0,0,0,3.298195540905,0.922753512859344,0,0,0,0,0,0,0,0,0,0.497481927275658,0,0,0,0,0,12.1057403981686,0,0,0,38.5643619000912,0,197.395945161581,0,0
46.794684574008,0,0,0,35.9340339750051,0,0,0,189.233899205923,0,0,0,0,0,0,0,0,0,7.87985795736313,0,0.312622636556625,0,0,0,0,0,0,0,0,0,0,0,0,0,0,2.88509649038315,0,0,0,2.81296443939209,12.6588252335787,0,286.482472509146,0,0,10.0259811878204,0,3.50418329238892,29.7509961202741,0,328.017998561263,0,0,0,113.243305414915,0,167.992262735963,0,14.7432535886765,0,89.6005491018295,0,0,9.18922020494938,0,0,0,0,0,0,0,1.07993470132351,0,27.1236680448055,0,0,0,0,0,16.1785155683756,0,0,115.250008918345,3.52721647173166,524.908405840397,0,35.6772902309895
0,76.2122926414013,0,0,0,151.130859643221,0,0,0,29.9463738948107,0,1.06675827503204,0,0,0,36.1513936147094,0,0,6.64935523271561,0,0,0,0,0,0,0,0,0,0,0,0,0,0,0,0,1.44601814448833,0,0,0,15.2595838159323,0,163.068242922425,0,0,0,13.1631674021482,0,0,0,181.562545366585,0,55.6490649431944,0,0,0,164.010072752833,0,147.667070992291,0,51.9961636960506,0,150.766873590648,38.2310927212238,0,0,0,0,0,0,0,5.16607594490051,0,95.082336679101,0,0,0,0,0,64.8081846758723,0,1.1250623613596,0,88.5703935176134,0,480.03041023016,2.93132944405079,0
0,0,35.9340339750051,0,0,0,16.1715304851532,0,2.71796238422394,0,0,0,0,0,0,0,0,0,0,0,63.7519606351852,0,0,0,0,0,0,0,0,0,0,0,0,0,0,2.87989473342896,5.79844650626183,0,0,0,13.7892993986607,0,60.8881923854351,0,0,0,0,0,8.66849088668823,0,299.997608393431,0,5.2966902256012,0,0,0,1.84357093274593,0,0,0,0,0,0,0,0,0,0,0,0,0,0,0,1.79762279987335,1.42529445886612,0,0,0,0,0,11.9645974636078,0,1.46143925189972,184.120861642063,2.2048749178648,283.628657743335,0,0
0,0,0,151.130859643221,0,0,0,0,0,1.01900589466095,0,0,0,0,0,0,0,0,0.169471189379692,7.94249337911606,0,0,0,0,0,0,0,0,0,0,0,0,0,0,0,0.974660694599152,0,0,0,3.19703805446625,0,11.731241196394,1.99520742893219,0,0,2.22543770074844,0,0,0,1.90450441837311,0,29.2360641658306,0,6,0,0.553859651088715,0,2.51530458033085,0,8.32473057508469,0,0.42729377746582,5.94509887695312,0,0,0,0,0,0,0,0,0,4.20560897886753,0,0,0,0,0,26.5873182415962,0,0,0,25.8283045738935,0,131.706682026386,0,0
0,0,0,0,16.1715304851532,0,0,0,0,0,0,0,89.446843624115,0,0,0,0,0,0,0,0,0,0,0,0,0,0,0,0,0,0,0,0,0,0,0,0,0,0,0,0,0,0,0,0,0,0,0,0,0,0,0,65.0894478559494,0,0,0,0,0,0,0,0,0,0,0,0,0,0,0,0,0,0,0,0,0,0,0,0,0,0,0,0,0,8.82377946376801,0,0,0,0
0,0,0,0,0,0,0,0,0,0,0,0,0,0,0,0,0,0,0,0,0,0,0,0,0,0,0,0,0,0,0,0,0,0,0,0,0,0,0,0,0,0,0,0,0,0,0,0,0,0,0,0,0,48.7831897735596,0,0,0,6,0,109.334334135056,0,0,0,0,0,0,0,0,0,0,0,0,0,0,0,0,0,0,0,0,0,0,0,0,0,0,0
347.245105579495,0,189.233899205923,0,2.71796238422394,0,0,0,0,0,0,0,0,0,71.3550851345062,0,144.15152002871,29.6719106435776,3.95805707573891,0,1.44866669178009,0,0.479102611541748,0,25.3703364431858,0,5.36767274141312,0,0,0,0,0,0,0,0,0,0,0,197.82462592423,0,0.519635617733002,0,26.5025674849749,0,0,0,0,0.387784421443939,4.97900500893593,0,0,0,0,0,1095.80517589301,0,21.4771369844675,0,2.00767433643341,0,2.90203702449799,0,0,0.559891626238823,0,0,0,1.90754424035549,0,6.13960117101669,0,0,0,0.59484988451004,0,0,0,0,0,1.39264452457428,0,41.4103452265263,884.982117712498,0.40546065568924,300.39835947752,0,2.68130633234978
0,96.4089815318584,0,29.9463738948107,0,1.01900589466095,0,0,0,0,0,0,0,0,0,104.312975183129,0,0,0.125673249363899,0,0,0,0,49.1739187240601,0,0,0,0,0,0,0,0,0,2.41605712473392,0,0.290981531143188,0,211.253714010119,0,2.60378625243902,0,28.4722561612725,0,0,0,0.170895472168922,0,6.33321796357632,0,6.73481601476669,0,0,0,0,0,499.117214560509,0,3.62361836433411,0,0,0,208.116831049323,0.480107575654984,0,0,0,3.88228017091751,0,0,0,0,0,2.67872773110867,0,0,0,2.41343203186989,0,1.96877446770668,0,36.8656640350819,0,1072.23731146753,848.130654662848,311.369996219873,0,0
0,0,0,0,0,0,0,0,0,0,0,0,228.539236068726,0,0,0,0,0,0,0,97.5576119422913,0,0,0,0,0,0,0,47.6300361156464,0,2,0,0,0,0,0,195.745275139809,0,229.516915261745,0,0,0,0,0,0,0,0,0,0,0,0,0,0,0,0,0,850.390908643603,0,0,0,0,0,0,249.02334561944,0,0,0,0,0,0,0,0,0,2.79804670810699,0,0,0,0,0,4.21422690153122,0,76.5652757883072,362.830608725548,0,0,0,0
0,0,0,1.06675827503204,0,0,0,0,0,0,0,0,0,1319.28347763419,0,0,0,0,0,804.068888604641,0,0,0,0,0,0,0,81.0956974029541,0,5.2452053129673,0,0,0,0,0,51.9693689346313,0,783.331985890865,0,0,0,0,0,0,0,0,0,0,0,0,0,33.6054129600525,0,0,0,0,0,882.490265205503,0,1366.50227835774,0,0.437815994024277,51.6689556539059,0,0,0,0,0,0,0,0,0,44.8807698786259,0,0,0,0,0,0,0,51.2876497507095,0,416.745969474316,11.4130189418793,0.574277102947235,0,0
0,0,0,0,0,0,89.446843624115,0,0,0,228.539236068726,0,0,0,0,0,0,0,0,0,0,0,0,0,0,0,0,0,2,0,4.23710775375366,0,0,0,0,0,0,0,0,0,0,0,0,0,0,0,0,0,0,0,0,0,89.1264811754227,0,0,0,9.61790037155151,0,107.300584316254,0,0,0,0,0,0,0,0,0,0,0,0,0,0,0,0,0,0,0,0,0,0,0,3,1,0,0,0
0,0,0,0,0,0,0,0,0,0,0,1319.28347763419,0,0,0,13.3864910304546,0,0,0,0,0,0,0,0,0,0,0,213.424232363701,0,0,0,0,0,0,0,0,0,0,0,0,0,0,0,0,0,0,0,0,0,0,0,0,0,0,0,0,0,25.9415370225906,0,666.822773396969,0,1,0,0,0,0,0,0,0,0,18.2388468384743,0,0,0,0,0,0,0,0,0,0,0,197.52088612318,144.038586914539,0,0,0
0.209224537014961,0,0,0,0,0,0,0,71.3550851345062,0,0,0,0,0,0,0,77.7562012821436,2.80233700573444,0.287882059812546,0,0,0,0,0,2.22003781795502,0,2.62331300973892,0,0,0,0,0,0,0,0,0,0,0,0,0,0,0,0,0,0,0,0,0,2.55311016738415,0,0,0,0,0,10.2982425689697,0,2.56864716112614,0,57.7398078739643,0,8.88021944463253,0,0,0,0,0,0,0,0,0,0,0,0,0,0,0,0,0,0,0,0,0,7.56133322417736,0,0,0,0
0,0,0,36.1513936147094,0,0,0,0,0,104.312975183129,0,0,0,13.3864910304546,0,0,0,0,0,0,0,0,0,0,0,0,0,0,0,0,0,0,0,0,0,0,0,0,0,0.561944201588631,0,6.51112379133701,0,0,0,1.79432338476181,0,0,0,0.41258804500103,0,0,0,0,0,111.400860562921,0,4.49057541787624,0,0,0,5.63921621441841,0.622591495513916,0,0,0,0,0,0,0,0.274126291275024,0,2.33260732889175,0,0,0,0,0,5.19677843153477,0,0.38861021399498,0,88.9624378085136,7.01976490020752,21.0439775586128,0,0
0.803806856274605,1.17018820345402,0,0,0,0,0,0,144.15152002871,0,0,0,0,0,77.7562012821436,0,0,17088.0068901852,5673.03242386132,0,0,1.93728721141815,541.565666377544,0,34.6490439027548,28.3108104765415,1922.33814232051,0,12.1357148885727,0,0,0,0,0,0,3.99336633831263,0.292870879173279,0,0,27.8341156989336,123.59829570353,16.6763190329075,56.7381025329232,7.78924100846052,0,40.2493923678994,38.7124210596085,0,0,0,0,0,0,0,0,0,4.0834354609251,3.74530412256718,0,0,44.980093806982,0,2.33047130703926,3.50446599721909,0,3.62666997313499,0,0,0,1568.5449963212,0,0,1.02185674011707,1.69394356012344,0,0,0,0,106.956693552434,149.326068937778,0.362002462148666,1.56563502550125,6121.35374618322,345.111622020602,117.54196485877,2.564378708601,22.9540122821927
0,0,0,0,0,0,0,0,29.6719106435776,0,0,0,0,0,2.80233700573444,0,17088.0068901852,0,5084.22281569988,0,0,515.149221673608,59.8805963248014,1.01517552137375,44.6061076372862,1047.52484549582,91.4512711316347,0,0,0,0,0,0,0,0,0.946501731872559,0.248230263590813,0,0,25.4928735792637,73.2329132705927,40.8304717317224,36.8485381156206,25.2498101294041,0,30.8080246448517,26.5079224705696,0,0,0,0,0,0,0,0,0,4.14551492035389,1.0435016900301,0,0,0,9.52612155675888,2.77269038558006,4.59193733334541,6.74146547913551,0,0,7.46817791461945,59.6224000751972,75.8729991018772,0,0,3.51169963926077,3.47367566823959,0,0,0,0,55.3353694155812,113.667627051473,0.557455748319626,1.39297597110271,6695.21396693587,1003.00919425488,104.198674179614,3.02767698466778,10.0499883815646
6.46097365766764,58.7978016138077,7.87985795736313,6.64935523271561,0,0.169471189379692,0,0,3.95805707573891,0.125673249363899,0,0,0,0,0.287882059812546,0,5673.03242386132,5084.22281569988,0,0,0,0,5.27288222312927,0,10.7257249504328,0.959441900253296,8.51357717812061,0,0,0,0,0,0,0,0,87.04782859236,5.85021376609802,0,0,682.53437410295,1385.14848481864,801.220800027251,897.429776467383,404.331615015864,0,786.539398863912,420.82351180166,0,1.68884906172752,14.329933822155,0,0.161921858787537,0,0,0,1.27362906932831,71.0009256675839,103.528554327786,0,0,0,0,155.949140071869,55.1979358866811,0,0,0,0.395766168832779,0,6.2114385664463,1.27796629071236,0,106.077959388494,58.1315179914236,0,0,0,0,2963.04985028505,2019.03130593896,37.2033058702946,18.1219505667686,4311.8967179656,0,2764.07963912934,80.2311070561409,326.80650870502
0,0,0,0,0,7.94249337911606,0,0,0,0,0,804.068888604641,0,0,0,0,0,0,0,0,0,0,0,0,0,0,0,0,0,0,0,0,0,0,0,1623.09628358483,0,504.026642382145,0,0,0,0,0,0,0,0.601217687129974,0,0,0,0,0,0,0,0,0,0,0,231.514705300331,0,0,0,0,580.924117892981,0,0,0,0,0,0,0,0,0,0,0,0,0,0,0,334.518042042851,0,46.2519473433495,0,212.013088278472,4.66152000427246,103.068819284439,0,0
0,0,0.312622636556625,0,63.7519606351852,0,0,0,1.44866669178009,0,97.5576119422913,0,0,0,0,0,0,0,0,0,0,0,0,0,0,0,0,0,0,0,0,0,0,0,0,0,1658.83908692002,0,337.513767212629,0,0.407552242279053,0,8.27829357981682,0,0,0,10.5455778837204,0,3.20303869247437,0,104.639551892877,0,0,0,0,0,3.33922506868839,0,0,0,0,0,0,1197.3181925714,0,0,0,0,0,0,0,0,0,0,0,0,0,0,0,633.15352897346,0,21.9818538427353,272.242179185152,0.462670475244522,195.097292423248,0,0
0,0,0,0,0,0,0,0,0,0,0,0,0,0,0,0,1.93728721141815,515.149221673608,0,0,0,0,464.193792045116,163.444538861513,0,70.6219331175089,0,19.7041572034359,0,0,0,0,0,0,0,0,0,593.636419922113,62.5068743228912,0,0,0,0,0,0,0,0,4.74552431702614,0,51.1799318790436,0,0,0,0,0,0,0,0,0,0,0,0,0,0,3464.82894262671,56.684451341629,58.7972763478756,0,0,0,0.280845314264297,0,0,0,0,0,3.50236403942108,0,0,0,563.213387727737,0,627.55815859139,24.1574601531029,1.08443829417229,0,0
0,0,0,0,0,0,0,0,0.479102611541748,0,0,0,0,0,0,0,541.565666377544,59.8805963248014,5.27288222312927,0,0,464.193792045116,0,0,107.235504060984,0,148.586094364524,0,1.02721107006073,0,0,0,0,0,0,0,0,0,436.792941078544,0,0,0,0,0,0,0,0,0,107.625598117709,0,0,0,0,0,0,0,0,0,0,0,0,0,0,0,0,2136.12875038385,0,70.1652040928602,0,30.7275774180889,0,0,0,0,0,0,0,0,0,0,0,690.353116258979,378.639538526535,18.5574554204941,0,0,0
0,0,0,0,0,0,0,0,0,49.1739187240601,0,0,0,0,0,0,0,1.01517552137375,0,0,0,163.444538861513,0,0,0,61.2864251583815,0,0,0,0,0,0,0,0.462129265069962,0,0,0,386.665939286351,0,0,0,0,0,0,0,0,0,8.03156794607639,0,47.7554734051228,0,0,0,0,0,76.4053262770176,0,0,0,0,0,0,0,0,36.850366204977,0,591.29525411129,0,35.2346189767122,0,0,0,0,0,0,0,0.489588841795921,0,0,0,225.503989875317,0,279.599634990096,0,36.8426772356033,0,0
0,0,0,0,0,0,0,0,25.3703364431858,0,0,0,0,0,2.22003781795502,0,34.6490439027548,44.6061076372862,10.7257249504328,0,0,0,107.235504060984,0,0,0,40.2976303994656,0,0,0,0,0,0,0,0,0,0,0,19.0204902142286,0,0,0,0,0,0,0,0,0,9.30371709167957,0,0,0,0,0,95.6788407862186,0,0,0,0,0,0,0,0,0,0,3.3464477956295,0,103.193497389555,0,0.218676924705505,0,0,0,0,0,0,0,0,0,0,0,4.56422245502472,53.0912290513515,0,117.717650830746,0,0
0,0,0,0,0,0,0,0,0,0,0,0,0,0,0,0,28.3108104765415,1047.52484549582,0.959441900253296,0,0,70.6219331175089,0,61.2864251583815,0,0,0,157.240383446217,0,0,0,0,0,0,0,0,0,0,0,0,0,0,0,0,0,2.68248581886292,0,0,0,0.470860168337822,0,0,0,0,0,0,0,0,0,0,0,0,0,0,78.4126801490784,0,488.816251695156,0,70.2714229822159,0,0,0,0,0,0,0,0,0,0,0,0,0,56.2114261090755,0,0,0,0
0,0,0,0,0,0,0,0,5.36767274141312,0,0,0,0,0,2.62331300973892,0,1922.33814232051,91.4512711316347,8.51357717812061,0,0,0,148.586094364524,0,40.2976303994656,0,0,0,6.9760023355484,0,0,0,0,0,0,0,0,0,0,0,0,0,0.238371893763542,0,0,0,0,0,0,0,0,0,0,0,3,0,0,0,0,0,0,0,0,0,0,0,0,47.5145305395126,0,123.885411560535,0,0,0,0,0,0,0,0,0,0,0,0,159.71526645124,0,0,0,0
0,0,0,0,0,0,0,0,0,0,0,81.0956974029541,0,213.424232363701,0,0,0,0,0,0,0,19.7041572034359,0,0,0,157.240383446217,0,0,0,582.377082914114,0,0,0,0,0,0,0,83.2941691577435,0,0,0,0,0,0,0,0,0,0,0,0,0,0,0,0,0,0,0,16.6179497241974,0,1.23975431919098,0,0,0,0,77.5548544675112,0,0,0,218.290498733521,0,729.727540433407,0,17.8250267505646,0,0,0,0,0,0,0,165.715016305447,0,51.806004345417,68.2926932573318,0,0,0
0,0,0,0,0,0,0,0,0,0,47.6300361156464,0,2,0,0,0,12.1357148885727,0,0,0,0,0,1.02721107006073,0,0,0,6.9760023355484,0,0,0,1274.06531879306,0,0,0,0,0,0,0,1,0,0,0,0,0,0,0,0,0,0,0,0,0,0,0,0,0,0,0,3,0,0,0,0,0,0,0,0,0,0,0,0,1271.20809835196,0,604.155114665627,0,0,0,0,0,0,0,124.775197505951,11.5207419395447,0,0,0,0
0,0,0,0,0,0,0,0,0,0,0,5.2452053129673,0,0,0,0,0,0,0,0,0,0,0,0,0,0,0,582.377082914114,0,0,0,0,0,0,0,0,0,96.2565622329712,0,0,0,0,0,0,0,0,0,0,0,0,0,0,0,0,0,0,0,11.2039008140564,0,0,0,0,0,0,0,0,0,0,0,0,121.473905444145,0,387.358522891998,0,0,0,0,0,0,0,0.593425273895264,0,0,0,0,0,0
0,0,0,0,0,0,0,0,0,0,2,0,4.23710775375366,0,0,0,0,0,0,0,0,0,0,0,0,0,0,0,1274.06531879306,0,0,0,0,0,0,0,0,0,5.27362847328186,0,0,0,0,0,0,0,0,0,0,0,0,0,0,0,0,0,1.12629616260529,0,0,0,0,0,0,0,0,0,0,0,0,0,0,17.6115863770247,0,727.664414823055,0,0,0,0,0,0,0,7.74909222126007,2.61244630813599,0,0,0,0
0,0,0,0,0,0,0,0,0,0,0,0,0,0,0,0,0,0,0,0,0,0,0,0,0,0,0,0,0,0,0,0,526.476678818464,105.76374566555,0.562857031822205,271.267319083214,0,0,0,0,0,0,0,0,0,0,0,2600.5372236371,0,0.481749534606934,0,0,0,0,0,0,0,0,0,0,0,0,0,0,0,0,0,0,0,0,0,0,0,0,1597.0919559896,48.2428672164679,64.9972395300865,0,472.108437404037,0,0,0,475.754465848207,0,0,0,0
0,0,0,0,0,0,0,0,0,0,0,0,0,0,0,0,0,0,0,0,0,0,0,0,0,0,0,0,0,0,0,526.476678818464,0,21.68860912323,8.58383128046989,8.664116948843,813.915281385183,0,0,0,0,0,0,0,0,0,0,1840.42719008029,12.1910206973553,0,0,0,0,0,0,0,0,0,0,0,0,0,0,0,0,0,0,0,0,0,0,0,0,0,19.9597312808037,1279.88824953139,25.3838599324226,6.00723096728325,36.8956444263458,143.605710834265,0,0,562.756378948689,0,0.912298321723938,0,0
0,0,0,0,0,0,0,0,0,2.41605712473392,0,0,0,0,0,0,0,0,0,0,0,0,0,0.462129265069962,0,0,0,0,0,0,0,105.76374566555,21.68860912323,0,348.868991732597,133.991283774376,0,125.714482471347,0,0,0,0,0,0,0,0,0,1121.21269503236,0,5.17278736829758,0,0,0,0,0,0.68194192647934,0,0,0,0,0,0,0,0,0,0,0,0,0,0,0,0,0,0,29.6216130256653,0,1401.50969654322,322.360523641109,179.820622563362,0,332.008451133966,0,607.57690320909,0,0.287494271993637,0,0
0,0,0,0,0,0,0,0,0,0,0,0,0,0,0,0,0,0,0,0,0,0,0,0,0,0,0,0,0,0,0,0.562857031822205,8.58383128046989,348.868991732597,0,0,767.155911028385,120.236661791801,280.702502548695,0,0,0,0,0,0,0,0,2405.9194919914,2.09873670339584,0,0,0,0,0,0,0,0,0,0,0,0,0,0,0,0,0,0,0,0,0,0,0,0,0,0,27.7725265026093,575.569149106741,1689.12511262298,0,67.0108797550201,0,306.70154465735,721.625035196543,0,0.664243936538696,0,0
0,1.32815873622894,2.88509649038315,1.44601814448833,2.87989473342896,0.974660694599152,0,0,0,0.290981531143188,0,51.9693689346313,0,0,0,0,3.99336633831263,0.946501731872559,87.04782859236,1623.09628358483,0,0,0,0,0,0,0,0,0,0,0,271.267319083214,8.664116948843,133.991283774376,0,0,1122.03649115562,2821.89093265682,0,8.45497513562441,0.143517285585403,20.2105404958129,0.312067657709122,3.75184525549412,0,43.1135741993785,0.265606880187988,20.6121374964714,0,5.50388487428427,1.5250415802002,0.441201150417328,0,0,0,1.28071492910385,0,126.761517763138,0,0,0,0,1032.24159867316,0,0,0,0,0,0,0,0,0,0.931829519569874,0,62.0449739098549,4.29413861036301,83.4738248437643,0,13669.3779657185,58.505931943655,242.766336664557,0,2562.60872834921,190.278753936291,133.862973675132,1.46031905710697,0
0,0,0,0,5.79844650626183,0,0,0,0,0,195.745275139809,0,0,0,0,0,0.292870879173279,0.248230263590813,5.85021376609802,0,1658.83908692002,0,0,0,0,0,0,0,0,0,0,0,813.915281385183,0,767.155911028385,1122.03649115562,0,0,2202.22371558845,1.22593998908997,0.806605204939842,0,0.856051251292229,0,0,0,39.8105713278055,18.7151582539082,0,0,2.40719391405582,0,0,0,0.993763566017151,0,0.220431104302406,0,0,0,0,0,0,1346.886555776,0,0,0,0,0,0,0,0,0,0,0,566.740126430988,0,271.402298793197,277.766851305962,13838.5472420603,0,183.847814962268,2718.88642310351,0,88.8362044394016,0,0.164530143141747
0,0,0,0,0,0,0,0,0,211.253714010119,0,783.331985890865,0,0,0,0,0,0,0,504.026642382145,0,593.636419922113,0,386.665939286351,0,0,0,83.2941691577435,0,96.2565622329712,0,0,0,125.714482471347,120.236661791801,2821.89093265682,0,0,450.390219926834,0,0,8.61605253815651,0,0,0,0,0,1531.72656817734,0,523.034380674362,0,0,0,0,0,259.27500282228,0,632.479115605354,0,0,0,0,62.5556800663471,0,95.1084450185299,0,175.468566149473,0,0,0,19.0507528781891,0,7.84795889258385,0,0,0,216.944558724761,48.6592780351639,604.067581430078,0,10907.919968836,165.621789693832,858.987770184875,0,123.678224503994,0,0
0,0,0,0,0,0,0,0,197.82462592423,0,229.516915261745,0,0,0,0,0,0,0,0,0,337.513767212629,62.5068743228912,436.792941078544,0,19.0204902142286,0,0,0,1,0,5.27362847328186,0,0,0,280.702502548695,0,2202.22371558845,450.390219926834,0,0,0,0,58.1329142451286,0,0,0,0,315.538044720888,544.971796318889,0,0,0,0,0,129.070620939136,0,0,0,0,0,0,0,0,123.848117828369,0,15.4063947945833,0,64.3326563239098,0,0,0,0,0,19.4088758826256,0,0,0,165.960935786366,0,428.018602371216,0,10291.4000342786,1887.41133692861,43.2086982727051,326.179371654987,0,0
0,0,2.81296443939209,15.2595838159323,0,3.19703805446625,0,0,0,2.60378625243902,0,0,0,0,0,0.561944201588631,27.8341156989336,25.4928735792637,682.53437410295,0,0,0,0,0,0,0,0,0,0,0,0,0,0,0,0,8.45497513562441,1.22593998908997,0,0,0,19.3541051894426,1354.41161366552,1.83927093446255,65.8414179682732,0,103.267215654254,6.60582733154297,103.62825191021,2.58148527145386,307.810073420405,0,0.814545378088951,0,0,0,3.86681979894638,8.56035321950912,17.4519364610314,0,0,0,5.40112154185772,357.572320528328,11.6570635288954,0,0,0,0,0,0,0.178637325763702,0,13.7942048981786,0,1.96748626232147,0,0,0,672.72001901269,15.6773152947426,20.5063453838229,0,167.836059704423,0,805.370220653713,84.4671140834689,0.576291471719742
0,0,12.6588252335787,0,13.7892993986607,0,0,0,0.519635617733002,0,0,0,0,0,0,0,123.59829570353,73.2329132705927,1385.14848481864,0,0.407552242279053,0,0,0,0,0,0,0,0,0,0,0,0,0,0,0.143517285585403,0.806605204939842,0,0,19.3541051894426,0,10.2928707003593,1821.90339697152,2.7656819075346,0,27.4847702682018,161.248433470726,2.55255872011185,90.0030307769775,0.214527919888496,10.1224725097418,0,0,0,2.45210309326649,0,21.3107610046864,3.02381870150566,0,0,0,0,0,311.795898638666,0,0,0,0,0,0,0,0,1.28100292384624,5.13319562375546,0,0,0,0,37.7268576547503,902.716008104384,0,26.6184901297092,354.548198930919,1.53433908522129,2318.61246094853,0,281.264172956347
0,191.216079577804,0,163.068242922425,0,11.731241196394,0,0,0,28.4722561612725,0,0,0,0,0,6.51112379133701,16.6763190329075,40.8304717317224,801.220800027251,0,0,0,0,0,0,0,0,0,0,0,0,0,0,0,0,20.2105404958129,0,8.61605253815651,0,1354.41161366552,10.2928707003593,0,190.888470813632,45.9614823907614,0,397.932284511626,5.3615238070488,13.5388242006302,0.170607164502144,1070.28378151357,4.93168318271637,8.88010485470295,0,0,2.68116164207458,25.4668508693576,2.79405495524406,1006.83752865344,0,7.24021238088608,0,15.8155312985182,162.573886908591,2.72893378138542,0,0,0.348041087388992,0,0,0.210502043366432,60.6202998608351,0,823.744265764952,0,0,0,0,0,1808.61803004146,11.0394344627857,59.4254502058029,0,1351.21332397312,0.389104709029198,3979.63984204829,575.154808409512,7.90288472175598
51.1095578074455,0,286.482472509146,0,60.8881923854351,1.99520742893219,0,0,26.5025674849749,0,0,0,0,0,0,0,56.7381025329232,36.8485381156206,897.429776467383,0,8.27829357981682,0,0,0,0,0,0.238371893763542,0,0,0,0,0,0,0,0,0.312067657709122,0.856051251292229,0,58.1329142451286,1.83927093446255,1821.90339697152,190.888470813632,0,0.155750513076782,0,1.56578657031059,162.813805043697,187.281450152397,593.703687548637,0.826351761817932,29.9555358365178,0.258618831634521,0,0,42.7934443354607,0,976.953839235008,0,0,0,1.49971613287926,0,0.243380650877953,139.874612286687,0,0,0,0,0,0,0,18.7005504220724,0,200.311834000051,0,0,0,0.277752697467804,8.84742096066475,920.611323140562,0,11.7297511994839,1529.21643618494,11.6227183938026,4899.15672182292,3.74001497775316,2238.48787792027
0,0,0,0,0,0,0,0,0,0,0,0,0,0,0,0,7.78924100846052,25.2498101294041,404.331615015864,0,0,0,0,0,0,0,0,0,0,0,0,0,0,0,0,3.75184525549412,0,0,0,65.8414179682732,2.7656819075346,45.9614823907614,0.155750513076782,0,0,42.6172759085894,0,0,0,3.17199492454529,0,0,0,0,0,0,0,0,0,0,0,0,3.98968213796616,0,0,0,0,0,0,0,0,0,3.53033459186554,0,0,0,0,0,215.672966875136,0.225855380296707,0.308421343564987,0,61.0545801222324,0,77.3059641420841,3.76234969496727,0
0,0,0,0,0,0,0,0,0,0,0,0,0,0,0,0,0,0,0,0,0,0,0,0,0,0,0,0,0,0,0,0,0,0,0,0,0,0,0,0,0,0,0,0,0,0,0,0,0,0,0,0,0,0,0,0,0,0,0,0,0,0,0,0,0,0,0,0,0,0,0,0,0,0,0,0,0,0,0,0,0,0,0,0,0,0,0
0,0.374879598617554,10.0259811878204,13.1631674021482,0,2.22543770074844,0,0,0,0.170895472168922,0,0,0,0,0,1.79432338476181,40.2493923678994,30.8080246448517,786.539398863912,0.601217687129974,0,0,0,0,0,2.68248581886292,0,0,0,0,0,0,0,0,0,43.1135741993785,0,0,0,103.267215654254,27.4847702682018,397.932284511626,1.56578657031059,42.6172759085894,0,0,12.7119022160769,0,0,5.91228748857975,0,0.457682073116302,0,0,4.06416082382202,0.770804293453693,11.3390197455883,25.5379468724132,0,0,0,0,1279.37154854089,2.24760562181473,0,0,0,0,0,0,0.134926036000252,0,17.9009052813053,0,0,0,0,0,842.511879533529,31.0787711590528,4.79706916213036,0,196.201200991869,0,582.936922073364,9.77897137403488,0.888364255428314
0,0,0,0,0,0,0,0,0,0,0,0,0,0,0,0,38.7124210596085,26.5079224705696,420.82351180166,0,10.5455778837204,0,0,0,0,0,0,0,0,0,0,0,0,0,0,0.265606880187988,39.8105713278055,0,0,6.60582733154297,161.248433470726,5.3615238070488,162.813805043697,0,0,12.7119022160769,0,0,8.25312823057175,0,0.239932745695114,0,0,0,0,0,135.829490222037,2.51869606971741,0,0,0,0,0.239372611045837,1112.45405023545,0,0,0,0,0,0,0,0,3.46746706962585,15.8359743058681,0,0,0,0,27.0134109705687,1461.10677599162,0,47.9902926087379,152.681121982634,3.65344662219286,948.767239004374,2.36247372627258,9.81740482151508
0,0,3.50418329238892,0,0,0,0,0,0.387784421443939,6.33321796357632,0,0,0,0,0,0,0,0,0,0,0,4.74552431702614,0,8.03156794607639,0,0,0,0,0,0,0,2600.5372236371,1840.42719008029,1121.21269503236,2405.9194919914,20.6121374964714,18.7151582539082,1531.72656817734,315.538044720888,103.62825191021,2.55255872011185,13.5388242006302,187.281450152397,0,0,0,0,0,1214.85092802346,3383.31282322109,4.30893206596375,0,0,0,0,0.948660969734192,1.50890631973743,0,0,0,0,0,0,0.674233317375183,9.33190861344337,0,17.564070224762,0,0,0,0,0,0,0,1600.43247368932,6527.16833551228,665.902448937297,445.469417095184,1965.85386359692,911.777712672949,662.017032697797,609.351376205683,2656.63221693039,0,439.464924365282,0,0.767053216695786
77.4935048371553,0,29.7509961202741,0,8.66849088668823,0,0,0,4.97900500893593,0,0,0,0,0,2.55311016738415,0,0,0,1.68884906172752,0,3.20303869247437,0,107.625598117709,0,9.30371709167957,0,0,0,0,0,0,0,12.1910206973553,0,2.09873670339584,0,0,0,544.971796318889,2.58148527145386,90.0030307769775,0.170607164502144,593.703687548637,0,0,0,8.25312823057175,1214.85092802346,0,71.6558541357517,11.0192640349269,0,0,0,33.3132461085916,0,20.7414047271013,0,36.1514518260956,0,60.103812135756,0,0,5.90390441566706,0,133.11806063354,0,107.52827359736,0,242.583713546395,0,269.419814929366,0,37.2513193488121,0,49.8566798865795,0,1.12472319602966,0,58.46211373806,0,843.735892876983,399.073989577591,7.8431548550725,1263.52852033824,0,3.10830396413803
0,244.100491985679,0,181.562545366585,0,1.90450441837311,0,0,0,6.73481601476669,0,0,0,0,0,0.41258804500103,0,0,14.329933822155,0,0,51.1799318790436,0,47.7554734051228,0,0.470860168337822,0,0,0,0,0,0.481749534606934,0,5.17278736829758,0,5.50388487428427,0,523.034380674362,0,307.810073420405,0.214527919888496,1070.28378151357,0.826351761817932,3.17199492454529,0,5.91228748857975,0,3383.31282322109,71.6558541357517,0,0,2.27780319750309,0,0,0.21740460395813,10.7702562063932,0.13278903067112,99.7476129755378,0,8.31422732770443,0,24.2288848459721,10.1573684215546,0,6.6944115459919,0,265.958574131131,0,277.15360994637,0,155.046232238412,0,99.1928839087486,0,25.7394942641258,26.1603529751301,1.38944220542908,0,302.591879017651,4.37289214134216,683.355978041887,0,1015.30832181126,0,1580.76323284209,2.45646078884602,0.187167271971703
0,0,328.017998561263,0,299.997608393431,0,0,0,0,0,0,0,0,0,0,0,0,0,0,0,104.639551892877,0,0,0,0,0,0,0,0,0,0,0,0,0,0,1.5250415802002,2.40719391405582,0,0,0,10.1224725097418,4.93168318271637,29.9555358365178,0,0,0,0.239932745695114,4.30893206596375,11.0192640349269,0,0,0,0,0,0,0,97.7843332588673,0,0,0,0,0,0,2.79744032025337,0,0,0,0,0,0,0,0,0,5.5430005043745,0,0,0,0,0,8.71233773231506,0,0.390906646847725,147.370632462204,1.34810096770525,781.174141891301,0,2.83803179860115
0,0,0,55.6490649431944,0,29.2360641658306,0,0,0,0,0,33.6054129600525,0,0,0,0,0,0,0.161921858787537,0,0,0,0,0,0,0,0,0,0,0,0,0,0,0,0,0.441201150417328,0,0,0,0.814545378088951,0,8.88010485470295,0.258618831634521,0,0,0.457682073116302,0,0,0,2.27780319750309,0,0,0,0,0,0.381584823131561,0,123.926694557071,0,0.378129631280899,0,1.43101578950882,0.230412572622299,0,0,0,0,0,0,0,0,0,0.164535164833069,0,0,0,0,0,9.1449091732502,0,0,0,0,0,69.6989179849625,0,0
0,0,0,0,5.2966902256012,0,65.0894478559494,0,0,0,0,0,89.1264811754227,0,0,0,0,0,0,0,0,0,0,0,0,0,0,0,0,0,0,0,0,0,0,0,0,0,0,0,0,0,0,0,0,0,0,0,0,0,0,0,0,0,0,0,0,0,0,0,0,0,0,0,0,0,0,0,0,0,0,0,0,0,0,0,0,0,0,0,0,0,5.74045896530151,0,0,0,0
0,0,0,0,0,6,0,48.7831897735596,0,0,0,0,0,0,0,0,0,0,0,0,0,0,0,0,0,0,0,0,0,0,0,0,0,0,0,0,0,0,0,0,0,0,0,0,0,0,0,0,0,0,0,0,0,0,0,0,0,0,0,109.791204929352,0,0,0,0,0,0,0,0,0,0,0,0,0,0,0,0,0,0,0,0,0,0,0,0,0,0,0
9.19636130332947,0,113.243305414915,0,0,0,0,0,1095.80517589301,0,0,0,0,0,10.2982425689697,0,0,0,0,0,0,0,0,0,95.6788407862186,0,3,0,0,0,0,0,0,0,0,0,0.993763566017151,0,129.070620939136,0,2.45210309326649,2.68116164207458,42.7934443354607,0,0,4.06416082382202,0,0,33.3132461085916,0.21740460395813,0,0,0,0,0,0,45.0866539180279,0,0,0,21.2400355786085,0,0,1.13165311515331,0,0,0,116.52058519423,0,0.730405807495117,0,0,0,4.91264055669308,0,0,0,0.438875615596771,0,7.81064249575138,0,52.0317823588848,267.539095133543,0.522984497249126,317.005519211292,0,4.17064048349857
0,17.2386854290962,0,164.010072752833,0,0.553859651088715,0,0,0,499.117214560509,0,0,0,0,0,111.400860562921,0,0,1.27362906932831,0,0,0,0,76.4053262770176,0,0,0,0,0,0,0,0,0,0.68194192647934,0,1.28071492910385,0,259.27500282228,0,3.86681979894638,0,25.4668508693576,0,0,0,0.770804293453693,0,0.948660969734192,0,10.7702562063932,0,0.381584823131561,0,0,0,0,0,9.03840034455061,0,0,0,69.3023665845394,2.69072990119457,0,0,0,68.9776787608862,0,0,0,0,0,3.95838422328234,0,0,0,1.55202551186085,0,13.8283339291811,0,214.588484823704,0,114.785723559558,5.17916251718998,141.683696746826,0.171402990818024,0
0,0,167.992262735963,0,1.84357093274593,0,0,0,21.4771369844675,0,850.390908643603,0,9.61790037155151,0,2.56864716112614,0,4.0834354609251,4.14551492035389,71.0009256675839,0,3.33922506868839,0,0,0,0,0,0,0,0,0,1.12629616260529,0,0,0,0,0,0.220431104302406,0,0,8.56035321950912,21.3107610046864,2.79405495524406,976.953839235008,0,0,11.3390197455883,135.829490222037,1.50890631973743,20.7414047271013,0.13278903067112,97.7843332588673,0,0,0,45.0866539180279,0,0,1.53349974751472,159.480483949184,0,50.2730407118797,0,0,538.876717545092,0,0,0,0,0,0,1.08375561237335,386.852213442326,0,203.510334968567,0,0,0,0,0.130796611309052,29.9068626537919,0,0,181.752151921391,1.97611328214407,902.812013328075,0,259.155528411269
0,1.16638043522835,0,147.667070992291,0,2.51530458033085,0,6,0,3.62361836433411,0,882.490265205503,0,25.9415370225906,0,4.49057541787624,3.74530412256718,1.0435016900301,103.528554327786,231.514705300331,0,0,0,0,0,0,0,16.6179497241974,0,11.2039008140564,0,0,0,0,0,126.761517763138,0,632.479115605354,0,17.4519364610314,3.02381870150566,1006.83752865344,0,0,0,25.5379468724132,2.51869606971741,0,0,99.7476129755378,0,123.926694557071,0,0,0,9.03840034455061,1.53349974751472,0,0,23.7600599527359,0,19.4562534838915,509.253298543394,0,0,0,0.198736906051636,0,9.55323132872581,0,610.820553898811,0,396.125415861607,0,0,0,0,0,14.890496686101,1.06577597558498,9.02726912498474,0,529.626489058137,0,970.103810638189,76.862247377634,0
1.95860934257507,0,14.7432535886765,0,0,0,0,0,2.00767433643341,0,0,0,107.300584316254,0,57.7398078739643,0,0,0,0,0,0,0,0,0,0,0,0,0,3,0,0,0,0,0,0,0,0,0,0,0,0,0,0,0,0,0,0,0,36.1514518260956,0,0,0,0,0,0,0,159.480483949184,0,0,0,280.300199702382,0,0,0,0,0,0,0,0,0,0,0,0,0,0,0,0,0,0,0,0,0,16.3629924058914,0,1.62039893865585,0,0
0,0,0,51.9961636960506,0,8.32473057508469,0,109.334334135056,0,0,0,1366.50227835774,0,666.822773396969,0,0,0,0,0,0,0,0,0,0,0,0,0,1.23975431919098,0,0,0,0,0,0,0,0,0,0,0,0,0,7.24021238088608,0,0,0,0,0,0,0,8.31422732770443,0,0.378129631280899,0,109.791204929352,0,0,0,23.7600599527359,0,0,0,18.7625600099564,0,0,0,0,0,0,0.630972474813461,0,8.39463420212269,0,0.207837536931038,0,0,0,0,0,0,0,0,0,114.733127832413,25.1697282791138,35.1577909588814,0,0
63.1214447319508,0,89.6005491018295,0,0,0,0,0,2.90203702449799,0,0,0,0,0,8.88021944463253,0,44.980093806982,0,0,0,0,0,0,0,0,0,0,0,0,0,0,0,0,0,0,0,0,0,0,0,0,0,1.49971613287926,0,0,0,0,0,60.103812135756,0,0,0,0,0,21.2400355786085,0,50.2730407118797,0,280.300199702382,0,0,0,0,1.23775541782379,0,0,0,0,0,0,0,1.00086244940758,0,1.41815841197968,0,0,0,0,0,2.48152673244476,0,0,2.93498408794403,0,8.88989287614822,0,0
0,3.298195540905,0,150.766873590648,0,0.42729377746582,0,0,0,208.116831049323,0,0.437815994024277,0,1,0,5.63921621441841,0,9.52612155675888,0,0,0,0,0,0,0,0,0,0,0,0,0,0,0,0,0,0,0,0,0,5.40112154185772,0,15.8155312985182,0,0,0,0,0,0,0,24.2288848459721,0,1.43101578950882,0,0,0,69.3023665845394,0,19.4562534838915,0,18.7625600099564,0,0,0.462939575314522,0,0,0,0,0,0,0,0.536559030413628,0,2.02190953493118,0,0,0,0,0,4.79313462972641,0,0,0,0.301488488912582,0,35.8115348815918,0,0
0,0.922753512859344,0,38.2310927212238,0,5.94509887695312,0,0,0,0.480107575654984,0,51.6689556539059,0,0,0,0.622591495513916,2.33047130703926,2.77269038558006,155.949140071869,580.924117892981,0,0,0,0,0,0,0,0,0,0,0,0,0,0,0,1032.24159867316,0,62.5556800663471,0,357.572320528328,0,162.573886908591,0.243380650877953,3.98968213796616,0,1279.37154854089,0.239372611045837,0,0,10.1573684215546,0,0.230412572622299,0,0,0,2.69072990119457,0,509.253298543394,0,0,0,0.462939575314522,0,0,0,0,0,0,0,0,1.87626545131207,0,59.1188736185431,0,0,0,0,0,1661.89944632351,3.17241171002388,12.1810394227505,0,117.17575507611,0,1469.35639922321,13.8286676704884,0
0,0,9.18922020494938,0,0,0,0,0,0.559891626238823,0,249.02334561944,0,0,0,0,0,3.50446599721909,4.59193733334541,55.1979358866811,0,1197.3181925714,0,0,0,0,0,0,0,0,0,0,0,0,0,0,0,1346.886555776,0,123.848117828369,11.6570635288954,311.795898638666,2.72893378138542,139.874612286687,0,0,2.24760562181473,1112.45405023545,0.674233317375183,5.90390441566706,0,2.79744032025337,0,0,0,1.13165311515331,0,538.876717545092,0,0,0,1.23775541782379,0,0,0,0,0,0,0,0,0,0,0.685720637440681,0,8.46861021220684,0,0,0,0,2.07564866542816,2016.53479877114,0,35.0291294455528,405.676851280034,1.21921988576651,777.519217424095,0,12.9881864190102
0,0,0,0,0,0,0,0,0,0,0,0,0,0,0,0,0,6.74146547913551,0,0,0,3464.82894262671,0,36.850366204977,0,78.4126801490784,0,77.5548544675112,0,0,0,0,0,0,0,0,0,95.1084450185299,0,0,0,0,0,0,0,0,0,9.33190861344337,0,6.6944115459919,0,0,0,0,0,0,0,0,0,0,0,0,0,0,0,0,180.175892502069,0,0,0,0.267748832702637,0,0,0,0,0,0,0,0,0,119.358267128468,0,54.31624096632,0,2.8387029916048,0,0
0,0,0,0,0,0,0,0,0,0,0,0,0,0,0,0,3.62666997313499,0,0,0,0,56.684451341629,2136.12875038385,0,3.3464477956295,0,0,0,0,0,0,0,0,0,0,0,0,0,15.4063947945833,0,0,0,0,0,0,0,0,0,133.11806063354,0,0,0,0,0,0,0,0,0,0,0,0,0,0,0,0,0,0,111.967475250363,0,4.97655779123306,0,0,0,0,0,0,0,0,0,0,0,234.327839955688,8.95339673757553,0,0,0,0
0,0,0,0,0,0,0,0,0,3.88228017091751,0,0,0,0,0,0,0,0,0,0,0,58.7972763478756,0,591.29525411129,0,488.816251695156,0,0,0,0,0,0,0,0,0,0,0,175.468566149473,0,0,0,0.348041087388992,0,0,0,0,0,17.564070224762,0,265.958574131131,0,0,0,0,0,68.9776787608862,0,0.198736906051636,0,0,0,0,0,0,180.175892502069,0,0,0,109.186635777354,0,5.87150846421719,0,0,0,0,0,1.36189125478268,0,0,0,428.841930299997,0,288.422536790371,0,126.349870920181,0,0
0,0,0,0,0,0,0,0,1.90754424035549,0,0,0,0,0,0,0,0,7.46817791461945,0.395766168832779,0,0,0,70.1652040928602,0,103.193497389555,0,47.5145305395126,0,0,0,0,0,0,0,0,0,0,0,64.3326563239098,0,0,0,0,0,0,0,0,0,107.52827359736,0,0,0,0,0,116.52058519423,0,0,0,0,0,0,0,0,0,0,111.967475250363,0,0,0,6.20764446258545,0,0,0,0,0,0,0,0,0,0,0,53.2411092370749,3.85460117459297,0,49.8194395005703,0,0
0,0,0,0,0,0,0,0,0,0,0,0,0,0,0,0,0,59.6224000751972,0,0,0,0,0,35.2346189767122,0,70.2714229822159,0,218.290498733521,0,0,0,0,0,0,0,0,0,0,0,0,0,0,0,0,0,0,0,0,0,277.15360994637,0,0,0,0,0,0,0,9.55323132872581,0,0.630972474813461,0,0,0,0,0,0,109.186635777354,0,0,0,349.808407068253,0,0,0,0,0,0,0,0,0,0,0,1.5527548789978,0,3.90231846272945,0,0
0,0,0,0,0,0,0,0,6.13960117101669,0,0,0,0,0,0,0,1568.5449963212,75.8729991018772,6.2114385664463,0,0,0,30.7275774180889,0,0.218676924705505,0,123.885411560535,0,0,0,0,0,0,0,0,0,0,0,0,0,0,0.210502043366432,0,0,0,0,0,0,242.583713546395,0,0,0,0,0,0.730405807495117,0,0,0,0,0,0,0,0,0,0,4.97655779123306,0,6.20764446258545,0,0,0,35.4536275416613,0,0,0,0,0,0,0,0,0,0,72.7961775064468,0,24.7431591302156,0,0
0,0,0,5.16607594490051,0,0,0,0,0,0,0,0,0,18.2388468384743,0,0.274126291275024,0,0,1.27796629071236,0,0,0.280845314264297,0,0,0,0,0,729.727540433407,0,121.473905444145,0,0,0,0,0,0,0,19.0507528781891,0,0.178637325763702,0,60.6202998608351,0,0,0,0.134926036000252,0,0,0,155.046232238412,0,0,0,0,0,0,1.08375561237335,610.820553898811,0,8.39463420212269,0,0.536559030413628,1.87626545131207,0,0.267748832702637,0,5.87150846421719,0,349.808407068253,0,0,0,52.3028461486101,0,0,0,0,0,0,0,153.545971095562,0,20.7345986813307,18.4387037754059,129.214052304626,2.01709824800491,0
0,0,1.07993470132351,0,0,0,0,0,0,0,0,0,0,0,0,0,0,0,0,0,0,0,0,0,0,0,0,0,1271.20809835196,0,17.6115863770247,0,0,0,0,0,0,0,0,0,0,0,18.7005504220724,0,0,0,0,0,269.419814929366,0,0,0,0,0,0,0,386.852213442326,0,0,0,1.00086244940758,0,0,0.685720637440681,0,0,0,0,0,35.4536275416613,0,0,0,839.094865590334,0,0,0,0,0,0,0,21.1749852597713,0.201474368572235,0,129.841551914811,0,3.59407073259354
0,0.497481927275658,0,95.082336679101,1.79762279987335,4.20560897886753,0,0,0,2.67872773110867,0,44.8807698786259,0,0,0,2.33260732889175,1.02185674011707,3.51169963926077,106.077959388494,0,0,0,0,0,0,0,0,17.8250267505646,0,387.358522891998,0,0,0,0,0,0.931829519569874,0,7.84795889258385,0,13.7942048981786,1.28100292384624,823.744265764952,0,3.53033459186554,0,17.9009052813053,3.46746706962585,0,0,99.1928839087486,0,0.164535164833069,0,0,0,3.95838422328234,0,396.125415861607,0,0.207837536931038,0,2.02190953493118,59.1188736185431,0,0,0,0,0,0,0,52.3028461486101,0,0,0,0,0,0,0,12.1723312363029,5.56021262705326,513.398253530264,0,155.367003113031,0,645.880942486227,173.087638765574,0
0.215204268693924,0,27.1236680448055,0,1.42529445886612,0,0,0,0.59484988451004,0,2.79804670810699,0,0,0,0,0,1.69394356012344,3.47367566823959,58.1315179914236,0,0,0,0,0,0,0,0,0,604.155114665627,0,727.664414823055,0,0,0,0,0,0,0,19.4088758826256,0,5.13319562375546,0,200.311834000051,0,0,0,15.8359743058681,0,37.2513193488121,0,5.5430005043745,0,0,0,4.91264055669308,0,203.510334968567,0,0,0,1.41815841197968,0,0,8.46861021220684,0,0,0,0,0,0,0,839.094865590334,0,0,0,0,0,0,0,12.3772347122431,0,530.958005279303,40.3959676250815,0.562978565692902,691.724084869027,0,140.214834496379
0,0,0,0,0,0,0,0,0,0,0,0,0,0,0,0,0,0,0,0,0,0,0,0,0,0,0,0,0,0,0,1597.0919559896,19.9597312808037,29.6216130256653,0,62.0449739098549,0,0,0,1.96748626232147,0,0,0,0,0,0,0,1600.43247368932,0,25.7394942641258,0,0,0,0,0,0,0,0,0,0,0,0,0,0,0,0,0,0,0,0,0,0,0,0,0,9.99274250864983,1.87425255775452,0,500.710745364428,0,0,0,464.143532276154,0,0,0,0
0,0,0,0,0,0,0,0,0,0,0,0,0,0,0,0,0,0,0,0,0,0,0,0,0,0,0,0,0,0,0,48.2428672164679,1279.88824953139,0,27.7725265026093,4.29413861036301,566.740126430988,0,0,0,0,0,0,0,0,0,0,6527.16833551228,49.8566798865795,26.1603529751301,0,0,0,0,0,0,0,0,0,0,0,0,0,0,0,0,0,0,0,0,0,0,0,0,9.99274250864983,0,4.25345367193222,724.121417552233,4.25786250829697,17.3674690276384,0,0,240.335257515311,0,0.325238317251205,0,0
0,0,0,0,0,0,0,0,0,2.41343203186989,0,0,0,0,0,0,0,0,0,0,0,3.50236403942108,0,0.489588841795921,0,0,0,0,0,0,0,64.9972395300865,25.3838599324226,1401.50969654322,575.569149106741,83.4738248437643,0,216.944558724761,0,0,0,0,0,0,0,0,0,665.902448937297,0,1.38944220542908,0,0,0,0,0,1.55202551186085,0,0,0,0,0,0,0,0,0,0,1.36189125478268,0,0,0,0,0,0,0,1.87425255775452,4.25345367193222,0,85.8734828233719,242.623876780272,0,466.426515594125,0,153.54178263247,0,1.02879826724529,0,0
0,0,0,0,0,0,0,0,0,0,0,0,0,0,0,0,0,0,0,0,0,0,0,0,0,0,0,0,0,0,0,0,6.00723096728325,322.360523641109,1689.12511262298,0,271.402298793197,48.6592780351639,165.960935786366,0,0,0,0.277752697467804,0,0,0,0,445.469417095184,1.12472319602966,0,0,0,0,0,0.438875615596771,0,0,0,0,0,0,0,0,0,0,0,0,0,0,0,0,0,0,0,0,724.121417552233,85.8734828233719,0,0,302.889827042818,0,370.165877759457,154.721265256405,0,0,0,0
0,12.1057403981686,0,64.8081846758723,0,26.5873182415962,0,0,0,1.96877446770668,0,0,0,0,0,5.19677843153477,106.956693552434,55.3353694155812,2963.04985028505,334.518042042851,0,0,0,0,0,0,0,0,0,0,0,472.108437404037,36.8956444263458,179.820622563362,0,13669.3779657185,277.766851305962,604.067581430078,0,672.72001901269,37.7268576547503,1808.61803004146,8.84742096066475,215.672966875136,0,842.511879533529,27.0134109705687,1965.85386359692,0,302.591879017651,0,9.1449091732502,0,0,0,13.8283339291811,0.130796611309052,14.890496686101,0,0,0,4.79313462972641,1661.89944632351,2.07564866542816,0,0,0,0,0,0,0,0,12.1723312363029,0,500.710745364428,4.25786250829697,242.623876780272,0,0,73.6889565736055,379.310463398695,1.42641639709473,1535.67597125471,0,1150.66113220155,99.7067813053727,0.608597621321678
0,0,16.1785155683756,0,11.9645974636078,0,0,0,1.39264452457428,0,4.21422690153122,0,0,0,0,0,149.326068937778,113.667627051473,2019.03130593896,0,633.15352897346,0,0,0,0,0,0,0,0,0,0,0,143.605710834265,0,67.0108797550201,58.505931943655,13838.5472420603,0,428.018602371216,15.6773152947426,902.716008104384,11.0394344627857,920.611323140562,0.225855380296707,0,31.0787711590528,1461.10677599162,911.777712672949,58.46211373806,4.37289214134216,8.71233773231506,0,0,0,7.81064249575138,0,29.9068626537919,1.06577597558498,0,0,2.48152673244476,0,3.17241171002388,2016.53479877114,0,0,0,0,0,0,0,0,5.56021262705326,12.3772347122431,0,17.3674690276384,0,302.889827042818,73.6889565736055,0,0,281.567329823971,2162.18702528626,21.8168922290206,1451.33102981001,0.258566379547119,119.570269048214
0,0,0,1.1250623613596,0,0,0,0,0,36.8656640350819,0,51.2876497507095,0,0,0,0.38861021399498,0.362002462148666,0.557455748319626,37.2033058702946,46.2519473433495,0,563.213387727737,0,225.503989875317,0,0,0,165.715016305447,0,0.593425273895264,0,0,0,332.008451133966,0,242.766336664557,0,10907.919968836,0,20.5063453838229,0,59.4254502058029,0,0.308421343564987,0,4.79706916213036,0,662.017032697797,0,683.355978041887,0,0,0,0,0,214.588484823704,0,9.02726912498474,0,0,0,0,12.1810394227505,0,119.358267128468,0,428.841930299997,0,0,0,153.545971095562,0,513.398253530264,0,0,0,466.426515594125,0,379.310463398695,0,0,0,385.111108511686,0,163.695497885346,26.356261998415,0
