0,0,6.75905963984403,0,0,0,0,0,7.89582448813875,0,0,0,0,0,0,0,0,0,8.46076679229736,0,0,0,0,0,0,0,0,0,0,0,0,0,0,0,0,0,0,0,27.670108795166,0,0,27.9138692220052,13.5665340423584,0,0,0,0,30.2873110337691,6.11357002164803,0,0,0,0,0,10.329780015121,0,4.38490873873234,0,3.0155038394426,0,3.48120338916779,0,0,0,0,0,0,13.0400037169456,0,10.7794637680054,0,0,0,0,0,0,0,0,0,0,0,26.6698925808223,7.82656600875576,0,5.7374128936711,0,0
0,0,0,5.24906938595879,0,0,0,0,0,6.29657387733459,0,0,0,0,0,0,0,0,0,29.3139839172363,0,0,0,26.3729686737061,0,0,0,0,0,34.2434844970703,0,0,0,0,0,0,0,26.7286042922582,0,0,0,17.2732761889088,0,0,0,22.37761926651,0,0,0,31.7671572773353,0,0,0,0,0,7.59267492552061,0,26.3047080993652,0,15.754358291626,0,13.7282479604085,26.0480949401855,0,0,0,0,0,0,0,0,0,35.5807590484619,0,0,0,0,0,0,0,26.5234681765238,0,23.7314975738525,0,24.4407870962813,0,0
6.75905963984403,0,0,0,5.67710073978182,0,0,0,8.12580713651476,0,0,0,0,0,0,0,0,0,0,0,0,0,0,0,0,0,0,0,0,0,0,0,0,0,0,0,3.59615850448608,0,0,0,0,0,21.8743070874895,0,0,0,8.72599241574605,38.7814788818359,10.5038898587227,0,4.65487512998414,0,0,0,9.66257699330648,0,3.57254817269065,0,0,0,0,0,0,6.69110407767358,0,0,0,0,0,0,0,0,0,33.0667743682861,0,0,0,0,0,0,0,36.209704855214,4.92313820221385,3.47606563568115,7.22561355419663,0,0
0,5.24906938595879,0,0,0,3.44477570851644,0,0,0,5.80136225534522,0,0,0,0,0,0,0,0,0,0,0,0,0,0,0,0,0,0,0,0,0,0,0,0,0,0,0,33.4742755889893,0,0,0,32.6005745728811,0,0,0,9.99738767411974,0,0,0,7.64185753795836,0,4.61431446075439,0,0,0,4.77647094726562,0,8.548254939226,0,7.7874493598938,0,2.75053787231445,20.602501649123,0,0,0,0,0,0,0,0,0,35.3152732849121,0,0,0,0,0,0,0,37.4992866516113,0,7.26828753948212,0,8.29434281408865,0,0
0,0,5.67710073978182,0,0,0,0,0,3.74117003168379,0,4.12122917175293,0,0,0,0,0,0,0,0,0,0,0,0,0,0,0,0,0,0,0,0,0,0,0,0,0,0,0,0,0,0,0,0,0,0,0,21.0586738586426,0,0,0,3.42481972605495,0,0,0,0,0,4.36607146263123,0,4.04066470691136,0,3.22823412077768,0,0,8.28730073081913,0,0,0,0,0,0,0,0,0,0,0,0,0,0,0,0,0,0,3.10433530807495,0,10.3783047279509,0,0
0,0,0,3.44477570851644,0,0,0,0,0,2.8956852555275,0,4.24210184760716,0,0,0,3.16876697540283,0,0,0,6.0287910589593,0,0,0,0,0,0,0,0,0,0,0,0,0,0,0,0,0,0,0,28.3466763496399,0,0,0,0,0,14.8589292917496,0,0,0,0,0,3.83500110079993,0,3.80203275680542,0,3.30734475453695,0,6.75749767066006,0,6.11580727895101,0,3.19464878241221,8.13866661509075,0,0,0,0,0,0,0,0,0,0,0,0,0,0,0,33.0078125,0,0,0,3.56714930317619,0,6.06781824670657,0,0
0,0,0,0,0,0,0,0,0,0,0,0,0,0,0,0,0,0,0,0,0,0,0,0,0,0,0,0,0,0,0,0,0,0,0,0,0,0,0,0,0,0,0,0,0,0,0,0,0,0,4.410888209939,0,3.06904726317435,0,0,0,4.94746823992048,0,4.11532856436337,0,0,0,0,0,0,0,0,0,0,0,0,0,0,0,0,0,0,0,0,0,0,0,2.82637932896614,0,0,0,0
0,0,0,0,0,0,0,0,0,0,0,0,0,2.80422265189035,0,0,0,0,0,0,0,0,0,0,0,0,0,0,0,0,0,0,0,0,0,0,0,0,0,0,0,0,0,0,0,0,0,0,0,0,0,0,0,2.84585678577423,0,0,0,0,0,0,0,0,4.0027928352356,0,0,0,0,0,0,0,0,0,0,0,0,0,0,0,0,0,0,0,3.06827938556671,0,0,0,0
7.89582448813875,0,8.12580713651476,0,3.74117003168379,0,0,0,0,0,0,0,0,0,4.35158446610692,0,14.6230182744402,30.4741592407227,29.9606507301331,0,0,0,19.9446177891323,0,17.078012248448,0,12.3683332971164,0,0,0,0,0,0,0,36.6899490356445,0,0,0,26.6004154807643,0,0,28.5395997365316,25.7419357299805,0,40.0622901916504,0,0,32.8864317999946,6.97698415409435,0,0,0,0,0,9.01150531326225,0,0,0,0,0,6.56214541196823,0,0,0,0,0,0,19.2841926574707,0,7.52572572231293,0,0,0,0,0,0,0,0,0,0,0,24.8156190128446,11.2500781197018,4.43873310089111,14.2225962494904,47.3901214599609,0
0,6.29657387733459,0,5.80136225534522,0,2.8956852555275,0,0,0,0,0,0,0,0,0,5.16087045669556,0,16.7720792452494,16.3361770766122,0,0,0,0,14.3004766818016,0,22.1833209991455,0,0,0,0,0,0,0,0,0,0,0,27.3624394232767,0,0,0,17.1647488673528,0,0,0,0,0,0,0,31.9610962957706,0,0,0,0,0,6.57370083148663,0,37.4054101308187,0,16.077018737793,0,7.58874697434275,0,0,0,0,22.6416577233209,0,18.4690891265869,0,0,0,0,0,0,0,0,0,0,0,18.9708206442338,0,17.5409695943197,0,27.465749539827,0,0
0,0,0,0,4.12122917175293,0,0,0,0,0,0,0,3.14889003414857,0,0,0,0,0,0,0,4.5683809319022,0,0,0,0,0,0,0,2.88124958206626,0,3.6776997089386,0,0,0,0,0,0,0,4.21670675660572,0,0,0,0,0,0,0,0,0,17.528133392334,0,0,0,3.37963509559631,0,0,0,4.45985487519967,0,4.2266993522644,0,0,0,0,3.63934113025665,0,0,0,0,0,0,0,0,0,12.3492282231649,0,0,0,0,0,0,0,4.61118332057629,4.68932875772802,0,0,0,0
0,0,0,0,0,4.24210184760716,0,0,0,0,0,0,0,2.87544850979821,0,0,0,50.683057308197,33.3597455554538,5.64741031505443,0,0,0,0,0,0,0,3.03686485290527,0,7.00019713640213,0,0,0,0,0,0,0,4.83785141894692,0,0,0,17.522989654541,0,0,0,15.7100011607011,0,0,0,0,0,2.83770871162415,0,2.84569990634918,0,0,0,3.90988816497823,0,4.81844226519267,0,0,10.3659343023895,0,0,0,0,0,0,0,0,0,8.98285320276543,0,0,0,0,0,0,0,4.18353140145017,0,4.4893747476431,3.1063220500946,9.17639520433214,23.1334457397461,0
0,0,0,0,0,0,0,0,0,0,3.14889003414857,0,0,0,3.06583821773529,0,0,0,0,0,0,0,0,0,0,0,0,0,0,0,0,0,0,0,0,0,0,0,0,0,0,0,0,0,0,0,0,0,0,0,0,0,0,0,0,0,4.45786256260342,0,3.38259767749445,0,3.46054135428535,0,0,0,0,0,0,0,0,0,0,0,0,0,0,0,0,0,0,0,0,0,3.26359548419714,0,0,0,0
0,0,0,0,0,0,0,2.80422265189035,0,0,0,2.87544850979821,0,0,0,3.07123341458909,0,0,0,0,0,0,0,0,0,3.15526008605957,0,5.24905276298523,0,0,0,0,0,0,0,0,0,0,0,0,0,0,0,0,0,0,0,0,0,0,0,3.64836320124174,0,3.38434444774281,0,0,0,2.90942962496888,0,3.3811338138886,0,3.52661994525364,0,0,0,0,0,0,0,0,7.38678932189941,0,0,0,0,0,0,0,0,0,0,0,3.42117849263278,2.96245378063571,0,0,0
0,0,0,0,0,0,0,0,4.35158446610692,0,0,0,3.06583821773529,0,0,0,9.0050578928656,0,24.1099910736084,0,0,0,19.0985107421875,0,20.6645812988281,0,6.23852800974032,0,5.35744067896967,0,0,0,0,0,0,0,0,0,39.2093753814697,0,0,0,0,0,0,0,0,0,0,0,3.49453632036845,0,0,0,4.45231125354767,0,0,0,4.51237264275551,0,3.00420424033856,0,0,0,0,0,0,0,0,2.73501062393188,0,0,0,0,0,0,0,0,0,0,0,33.6266600290934,18.6709611338954,0,0,0,0
0,0,0,0,0,3.16876697540283,0,0,0,5.16087045669556,0,0,0,3.07123341458909,0,0,0,11.9129627445076,44.9253056844076,0,0,0,0,33.1710124969482,0,7.98646810192328,0,0,0,0,0,0,0,0,0,0,0,0,0,0,0,0,0,0,0,0,0,0,0,0,0,3.3670482635498,0,0,0,2.96320772171021,0,0,0,4.81885367969297,0,3.45429441904781,0,0,0,0,25.4410127003988,0,5.72705255235944,0,0,0,0,0,0,0,0,0,0,0,0,0,10.093120083517,0,0,0,0
0,0,0,0,0,0,0,0,14.6230182744402,0,0,0,0,0,9.0050578928656,0,0,10.8447816648115,18.3518449279071,61.925111134847,0,14.7777067820231,5.21377815640038,34.2063503265381,10.0173929503986,59.4223728179932,6.4140821795693,0,6.09083090543747,0,0,0,0,0,0,56.7369194030762,0,0,37.7275413937039,0,54.1689863204956,38.8917572431475,40.4705498384717,0,35.8111084743782,56.3041128678755,0,44.4654898643494,52.5085265749977,0,0,0,0,0,11.1111550070345,0,0,62.0058053334554,0,0,4.68947937753465,0,59.9601211547852,0,0,2.84626766045888,51.4928550720215,0,0,7.19867927594618,0,0,68.5830249786377,53.2620096206665,0,0,0,59.9691276550293,63.9046821594238,62.3884243965149,0,49.9880115343177,10.246193150337,5.48602631975785,47.5752514930621,41.5279520208185,29.5127662658691
0,0,0,0,0,0,0,0,30.4741592407227,16.7720792452494,0,50.683057308197,0,0,0,11.9129627445076,10.8447816648115,0,18.1054553443306,50.895938873291,0,6.68756256953324,0,11.6671091615877,0,12.814042225276,0,4.34259119861854,0,0,0,0,0,0,0,46.6285285949707,0,34.955704205278,0,42.1220359802246,62.2389373779297,32.8446117209064,51.3049506692325,0,43.9300908809755,42.9161400179709,0,0,49.4057121276855,36.3724987723611,0,0,0,0,47.4625205993652,22.8329782485962,0,47.6580326373761,0,0,0,11.62525643905,44.3530969035869,0,7.59724210368262,0,16.705456830759,0,11.1635146148255,0,5.50956458250682,0,51.2054666791643,71.5944976806641,0,0,0,0,56.1778099060059,79.3275451660156,36.1804718469319,68.1279975891113,8.57601456423544,6.44811563530715,41.548943971826,31.8235131581624,48.5908088684082
8.46076679229736,0,0,0,0,0,0,0,29.9606507301331,16.3361770766122,0,33.3597455554538,0,0,24.1099910736084,44.9253056844076,18.3518449279071,18.1054553443306,0,37.1150989532471,0,0,0,25.0944422016973,0,35.6728159586589,0,0,0,38.7783432006836,0,0,0,0,35.7267112731934,37.5250669206892,0,37.1647300720215,0,34.1866145133972,31.4104328155518,20.7674213906993,27.9414398395868,0,15.7352193502785,25.7948993966492,16.2714327403477,35.8166271556507,39.9503925843672,39.8117921829224,0,0,0,0,30.0871696472168,0,0,38.4610093792839,0,0,0,0,34.0602371442029,0,0,0,22.2925262451172,0,36.9539142184787,32.6505966186523,0,0,42.4501139135922,37.8969872214577,0,0,0,41.6392679214478,39.9825689951579,40.8155302259657,43.8354449064835,39.6368014164051,12.2958028501849,33.3901871767911,25.5187823067633,19.7626961600291,22.0484752118588
0,29.3139839172363,0,0,0,6.0287910589593,0,0,0,0,0,5.64741031505443,0,0,0,0,61.925111134847,50.895938873291,37.1150989532471,0,0,0,0,0,0,0,0,0,0,4.97116132404493,0,0,0,0,0,5.81248205272775,0,5.3278904420942,0,0,0,19.0873425483704,0,0,0,15.1690769175853,0,0,0,0,0,0,0,0,0,0,0,6.44704145022801,0,0,0,0,8.89988349594353,0,0,0,0,0,0,0,0,0,7.92317112648126,0,0,0,0,0,5.77523353260384,0,6.92191500215449,0,9.28191192602289,0,6.00333894890562,22.0721588134766,0
0,0,0,0,0,0,0,0,0,0,4.5683809319022,0,0,0,0,0,0,0,0,0,0,0,0,0,0,0,0,0,0,0,0,0,0,0,0,0,3.13996170163155,0,2.9547044714885,0,0,0,0,0,0,0,0,0,0,0,0,0,0,0,0,0,4.08991416619748,0,0,0,0,0,0,3.41885047068331,0,0,0,0,0,0,0,0,0,12.7685975233714,0,0,0,0,0,4.86104334725274,0,5.27474933032748,4.1109375,0,0,0,0
0,0,0,0,0,0,0,0,0,0,0,0,0,0,0,0,14.7777067820231,6.68756256953324,0,0,0,0,4.79420078350947,9.37362230300903,0,7.33716236750285,0,4.05953287530219,0,0,0,0,0,0,0,0,0,5.17744133353546,0,0,0,0,0,0,0,0,0,0,0,13.0519061040878,0,0,0,0,0,0,0,0,0,0,0,0,0,0,4.87325699234455,6.76141357421875,21.952387883113,0,9.49289182994677,0,4.69671676250604,0,23.295449256897,0,0,0,0,0,0,0,9.66498110203486,0,5.59623445658123,8.29148921451053,0,0,0
0,0,0,0,0,0,0,0,19.9446177891323,0,0,0,0,0,19.0985107421875,0,5.21377815640038,0,0,0,0,4.79420078350947,0,0,0,0,0,0,3.36746988577001,0,0,0,0,23.929407119751,14.1669099330902,0,0,27.7765312194824,9.04607974844319,0,0,0,0,0,0,0,0,24.9139552116394,6.28819049346898,0,0,0,0,0,0,0,23.3774305979411,0,0,0,0,0,0,28.2211012840271,0,4.80600950340793,0,0,0,0,0,11.3097530834092,0,15.3361358642578,0,0,0,14.0554428100586,0,0,0,10.9432757066873,4.56318836962735,3.60418581962585,20.2478381565639,0,0
0,26.3729686737061,0,0,0,0,0,0,0,14.3004766818016,0,0,0,0,0,33.1710124969482,34.2063503265381,11.6671091615877,25.0944422016973,0,0,9.37362230300903,0,0,0,21.6853834430377,0,0,0,0,0,0,0,0,0,0,0,3.84552955409376,0,0,0,0,0,0,0,0,0,0,0,9.17022572981345,0,0,0,0,0,24.1385478973389,0,45.7726669311523,0,0,0,0,44.4035758972168,0,17.0914497050372,0,4.18917904085326,0,10.1121530115604,0,10.8232406377792,0,57.8633829752604,0,0,0,0,0,0,0,6.14573479660096,0,8.66589774990228,26.0259914398193,26.8004850546519,26.9843883514404,0
0,0,0,0,0,0,0,0,17.078012248448,0,0,0,0,0,20.6645812988281,0,10.0173929503986,0,0,0,0,0,0,0,0,0,3.08220832998102,0,0,0,0,0,0,0,0,0,0,0,16.0033877155998,0,0,0,0,0,0,0,0,18.9981911977132,6.46710655607026,0,0,0,0,0,16.5182625794496,0,0,0,0,0,0,0,0,0,0,0,0,4.13520703772585,0,3.68393349647522,0,0,0,0,0,0,0,0,0,0,0,13.9299278194254,5.2192804813385,0,13.4536476135254,0,0
0,0,0,0,0,0,0,0,0,22.1833209991455,0,0,0,3.15526008605957,0,7.98646810192328,59.4223728179932,12.814042225276,35.6728159586589,0,0,7.33716236750285,0,21.6853834430377,0,0,0,4.7496569024192,0,0,0,0,0,0,0,0,0,47.7769393920898,0,0,0,46.9134775797526,0,0,0,0,0,0,0,34.9596042633057,0,0,0,0,0,28.2706146240234,0,0,0,7.68390280859811,0,5.45552945137024,0,0,3.22651978333791,0,26.7784492492676,0,5.39497546601084,0,9.38307766914368,0,0,0,0,0,0,0,0,0,43.1898956298828,0,14.7289348080402,10.9892715215683,49.4740969340006,0,0
0,0,0,0,0,0,0,0,12.3683332971164,0,0,0,0,0,6.23852800974032,0,6.4140821795693,0,0,0,0,0,0,0,3.08220832998102,0,0,0,4.96059176985141,0,0,0,0,0,0,0,0,0,0,0,0,0,0,0,0,0,0,0,0,0,0,0,0,0,12.702764749527,0,0,0,0,0,0,0,0,0,0,0,0,3.72024264335632,0,3.47073574364185,0,0,0,0,0,0,0,0,0,0,0,0,7.88475012779236,0,0,0,0
0,0,0,0,0,0,0,0,0,0,0,3.03686485290527,0,5.24905276298523,0,0,0,4.34259119861854,0,0,0,4.05953287530219,0,0,0,4.7496569024192,0,0,0,3.17941996359056,0,0,0,0,0,0,0,3.71432769298553,0,0,0,0,0,0,0,0,0,0,0,0,0,0,0,0,0,0,0,3.82992532464112,0,4.11275445448386,0,0,0,0,4.84199370278253,0,0,0,4.50684186390468,0,4.47195028251725,0,6.12914800643921,0,0,0,0,0,0,0,3.90319422653743,0,4.81928688962505,3.88318793773651,0,0,0
0,0,0,0,0,0,0,0,0,0,2.88124958206626,0,0,0,5.35744067896967,0,6.09083090543747,0,0,0,0,0,3.36746988577001,0,0,0,4.96059176985141,0,0,0,3.13370698957301,0,0,0,0,0,0,0,0,0,0,0,0,0,0,0,0,0,0,0,0,0,0,0,0,0,0,0,5.60505247116089,0,0,0,0,0,0,5.39438207618526,0,0,0,3.3813947836558,0,5.06462598576838,0,0,0,0,0,0,0,0,0,0,5.08981886315853,0,0,0,0
0,34.2434844970703,0,0,0,0,0,0,0,0,0,7.00019713640213,0,0,0,0,0,0,38.7783432006836,4.97116132404493,0,0,0,0,0,0,0,3.17941996359056,0,0,0,0,0,0,0,0,0,4.58466189862756,0,0,0,0,0,0,0,20.627962231636,0,0,0,0,0,0,0,0,0,0,0,12.8600373784291,0,0,0,0,18.6075422387374,0,0,0,0,0,0,0,5.52673871874809,0,7.52606230617588,0,0,0,0,0,0,0,4.10341786083422,0,3.21212046796625,2.95893272986779,22.8509178161621,0,0
0,0,0,0,0,0,0,0,0,0,3.6776997089386,0,0,0,0,0,0,0,0,0,0,0,0,0,0,0,0,0,3.13370698957301,0,0,0,0,0,0,0,0,0,3.01528540722229,0,0,0,0,0,0,0,0,0,0,0,0,0,0,0,0,0,0,0,0,0,0,0,0,0,0,0,0,0,0,0,0,3.46719960243471,0,5.0503838993609,0,0,0,0,0,0,0,5.94227626800537,2.7400369644165,0,0,0,0
0,0,0,0,0,0,0,0,0,0,0,0,0,0,0,0,0,0,0,0,0,0,0,0,0,0,0,0,0,0,0,0,5.84000850666182,3.14639511523039,4.86045408248901,10.2310959369906,4.43259567286061,0,0,20.6828951835632,22.4707984924316,0,0,0,0,32.1458756583078,0,8.06576402367595,17.6419773101807,15.6734567410068,0,0,0,0,0,0,0,0,0,0,0,0,0,0,0,0,0,0,0,0,0,0,0,0,6.8899112418556,7.94514951068685,5.83166981878735,2.89626440405846,12.5561786654095,21.6262982050578,0,0,3.86522288273036,0,13.6544408798218,0,0
0,0,0,0,0,0,0,0,0,0,0,0,0,0,0,0,0,0,0,0,0,0,0,0,0,0,0,0,0,0,0,5.84000850666182,0,2.9548602104187,6.2836151082211,8.64053957164288,6.34032088915507,0,0,0,17.9475437613095,0,0,0,0,0,0,5.63528339028946,13.6764717896779,0,0,0,0,0,0,0,0,0,0,0,0,0,0,0,0,0,0,0,0,0,0,0,0,0,9.04809532429009,8.03165117388151,0,7.82559701251984,17.6249973331589,8.3607987084295,0,0,6.06158289909363,0,0,0,0
0,0,0,0,0,0,0,0,0,0,0,0,0,0,0,0,0,0,0,0,0,0,23.929407119751,0,0,0,0,0,0,0,0,3.14639511523039,2.9548602104187,0,7.06383052146276,4.53250567608468,13.417467880249,5.81484141148312,7.54138400170111,0,0,3.59222912788391,0,0,0,0,0,4.65938102262586,0,9.0542967108265,0,0,0,0,0,0,0,44.5233828226725,0,0,0,0,0,0,0,26.8311230795724,0,0,0,0,0,0,30.9982318878174,0,0,0,4.24201495368555,7.34257488368129,5.62352447760733,16.4807083129883,6.66934518593075,13.2211792711484,3.91808219445057,4.72378062760388,10.8343651844905,0,0
0,0,0,0,0,0,0,0,36.6899490356445,0,0,0,0,0,0,0,0,0,35.7267112731934,0,0,0,14.1669099330902,0,0,0,0,0,0,0,0,4.86045408248901,6.2836151082211,7.06383052146276,0,2.8262502849102,8.32901678148276,7.28563261659522,5.29871097991341,0,8.85942336748231,10.1650403340658,12.8408859398988,0,0,0,0,6.10019153629719,6.62139315446218,19.7302282951974,0,0,0,0,33.3101768493652,0,0,0,0,0,0,0,0,0,0,18.6863591120793,0,19.3470211029053,0,0,0,0,0,0,0,7.47114592322504,5.27876526836961,5.62298467442508,18.6817417144775,8.33863404928399,16.9975521668144,5.80544435383182,4.65374569030345,0,10.9313446644463,0,9.57260036468506
0,0,0,0,0,0,0,0,0,0,0,0,0,0,0,0,56.7369194030762,46.6285285949707,37.5250669206892,5.81248205272775,0,0,0,0,0,0,0,0,0,0,0,10.2310959369906,8.64053957164288,4.53250567608468,2.8262502849102,0,3.21312573565033,8.2387868395308,0,20.4105234146118,0,25.081217619089,41.7857208251953,0,0,13.9846668368754,0,5.55515534537179,0,21.6859402656555,0,0,0,0,0,0,0,41.6765174865723,0,0,0,0,9.77960780817627,0,0,0,0,0,0,0,0,0,51.9928932189941,0,0,28.9954957962036,5.10621585861182,0,5.45516219580928,8.07261246045431,8.13799819053517,0,4.58257666346989,3.54920463769332,12.0282058889743,34.7444953918457,0
0,0,3.59615850448608,0,0,0,0,0,0,0,0,0,0,0,0,0,0,0,0,0,3.13996170163155,0,0,0,0,0,0,0,0,0,0,4.43259567286061,6.34032088915507,13.417467880249,8.32901678148276,3.21312573565033,0,0,6.34090913890116,0,20.4127298355103,0,29.929500579834,0,0,0,4.66211253718326,19.8646147654607,15.1443202370091,12.4447755813599,0,0,0,0,0,0,0,0,0,0,0,0,0,3.15467345714569,0,0,0,0,0,0,0,0,0,0,4.5096288830676,11.8162487420169,19.1806602478027,6.80809956336572,10.3583749759765,6.06850075594016,0,11.5118708708975,5.04362874184473,2.91068287690481,6.92450832469123,0,0
0,26.7286042922582,0,33.4742755889893,0,0,0,0,0,27.3624394232767,0,4.83785141894692,0,0,0,0,0,34.955704205278,37.1647300720215,5.3278904420942,0,5.17744133353546,27.7765312194824,3.84552955409376,0,47.7769393920898,0,3.71432769298553,0,4.58466189862756,0,0,0,5.81484141148312,7.28563261659522,8.2387868395308,0,0,10.7802711435266,0,0,9.16102489970979,0,0,0,19.7493427594503,0,7.47136248871456,0,5.38804416473095,0,0,0,0,0,25.1018210190993,0,0,0,0,0,37.7197685241699,15.1489760984074,0,6.91819866088129,0,4.15095704283033,0,0,0,4.5323662107641,0,9.05725214878718,0,0,0,4.33456215063731,15.2806485039847,7.12399367943849,0,5.28353181200097,20.6270663810499,6.29773190423629,5.32791757335265,7.12291488927953,0,0
27.670108795166,0,0,0,0,0,0,0,26.6004154807643,0,4.21670675660572,0,0,0,39.2093753814697,0,37.7275413937039,0,0,0,2.9547044714885,0,9.04607974844319,0,16.0033877155998,0,0,0,0,0,3.01528540722229,0,0,7.54138400170111,5.29871097991341,0,6.34090913890116,10.7802711435266,0,0,0,0,20.0982641458511,0,31.560131072998,0,0,5.06215859447736,5.65158513486385,17.1145610809326,0,0,0,0,27.5863278358213,0,5.26021198590596,0,0,0,0,0,0,6.26290237108866,0,7.93450384216356,0,17.8304557820758,0,0,0,5.80658447951601,0,4.67748571303954,0,0,0,3.34163852679877,0,9.81493774606631,17.4031162261963,5.95713709967377,4.54335474851655,3.2819934406796,17.0627389357124,0,22.5742988586426
0,0,0,0,0,28.3466763496399,0,0,0,0,0,0,0,0,0,0,0,42.1220359802246,34.1866145133972,0,0,0,0,0,0,0,0,0,0,0,0,20.6828951835632,0,0,0,20.4105234146118,0,0,0,0,0,9.52275502157966,0,0,0,12.009352783311,0,9.74961549043655,0,7.45084330190499,0,0,0,0,0,0,0,0,0,0,0,0,10.6610909519316,0,0,0,0,0,0,0,0,0,0,0,0,0,0,0,5.90770787683955,0,11.0825261561708,0,34.3324279785156,0,8.05088589405602,15.1393748919169,0
0,0,0,0,0,0,0,0,0,0,0,0,0,0,0,0,54.1689863204956,62.2389373779297,31.4104328155518,0,0,0,0,0,0,0,0,0,0,0,0,22.4707984924316,17.9475437613095,0,8.85942336748231,0,20.4127298355103,0,0,0,0,0,7.9047098277819,0,20.700715403403,0,5.57773637391873,11.7896786141605,9.43231582370671,11.378375602491,0,0,0,0,0,0,0,0,0,0,0,0,0,6.07703357727029,0,0,0,0,0,0,0,0,0,0,27.1479988098145,7.21971684235793,0,11.0307570604178,26.1603660583496,5.60303630252549,0,13.9157726031083,41.6761504279243,0,7.00731736119613,0,20.0366088019477
27.9138692220052,17.2732761889088,0,32.6005745728811,0,0,0,0,28.5395997365316,17.1647488673528,0,17.522989654541,0,0,0,0,38.8917572431475,32.8446117209064,20.7674213906993,19.0873425483704,0,0,0,0,0,46.9134775797526,0,0,0,0,0,0,0,3.59222912788391,10.1650403340658,25.081217619089,0,9.16102489970979,0,9.52275502157966,0,0,26.7629835888675,0,28.9047023599798,18.6214640504717,46.1216735839844,5.14494239612364,47.6938465118408,7.06646212051203,0,0,0,0,0,0,0,21.1477329485644,0,37.1237080891927,0,0,22.0851443123456,0,0,0,57.7136764526367,0,39.8906186421712,0,0,0,21.495786313114,0,0,0,0,0,13.4386675725847,0,16.870897825617,40.117185012154,18.216791074844,10.2564816615161,12.6806972698973,9.63750335292779,30.4887664794922
13.5665340423584,0,21.8743070874895,0,0,0,0,0,25.7419357299805,0,0,0,0,0,0,0,40.4705498384717,51.3049506692325,27.9414398395868,0,0,0,0,0,0,0,0,0,0,0,0,0,0,0,12.8408859398988,41.7857208251953,29.929500579834,0,20.0982641458511,0,7.9047098277819,26.7629835888675,0,0,14.6218757047282,47.3922653198242,12.9254345434362,9.69080251843949,9.46337654803787,0,0,0,0,0,0,0,0,58.7566089630127,0,0,0,0,0,11.0286240577698,0,0,0,0,0,0,0,12.2995435926649,64.3711309432983,10.9596926141601,0,0,0,17.1290064085098,47.6461944580078,16.0825263517244,0,19.4489858479876,21.1494897915447,21.5616606303624,9.39121685160363,54.4906635284424,8.97685681973528
0,0,0,0,0,0,0,0,0,0,0,0,0,0,0,0,0,0,0,0,0,0,0,0,0,0,0,0,0,0,0,0,0,0,0,0,0,0,0,0,0,0,0,0,0,0,0,0,0,0,0,0,0,0,0,0,0,0,0,0,0,0,0,0,0,0,0,0,0,0,0,0,0,0,0,0,0,0,0,0,0,0,0,0,0,0,0
0,0,0,0,0,0,0,0,40.0622901916504,0,0,0,0,0,0,0,35.8111084743782,43.9300908809755,15.7352193502785,0,0,0,0,0,0,0,0,0,0,0,0,0,0,0,0,0,0,0,31.560131072998,0,20.700715403403,28.9047023599798,14.6218757047282,0,0,34.8269780476888,9.64537488937378,32.4214062009539,35.5381004333496,0,0,0,0,0,0,0,0,0,0,0,0,0,71.4004592895508,0,0,0,0,0,60.4324607849121,0,0,0,0,25.2946348190308,0,0,0,32.2340965270996,0,30.5041989671423,0,34.7607742610731,26.0919838698146,31.0989570617676,14.8194343934236,0,7.64422629096291
0,22.37761926651,0,9.99738767411974,0,14.8589292917496,0,0,0,0,0,15.7100011607011,0,0,0,0,56.3041128678755,42.9161400179709,25.7948993966492,15.1690769175853,0,0,0,0,0,0,0,0,0,20.627962231636,0,32.1458756583078,0,0,0,13.9846668368754,0,19.7493427594503,0,12.009352783311,0,18.6214640504717,47.3922653198242,0,34.8269780476888,0,0,28.8733745401556,19.5754642486572,19.9243662895695,0,14.8480684757233,0,0,0,0,0,15.115235549065,0,0,0,0,7.19765985842165,0,0,0,0,0,0,0,0,0,23.1945521127287,0,0,0,0,0,8.35870310393632,0,16.3430574725975,0,19.9263996701492,0,8.97655654507728,26.8094994655022,0
0,0,8.72599241574605,0,21.0586738586426,0,0,0,0,0,0,0,0,0,0,0,0,0,16.2714327403477,0,0,0,0,0,0,0,0,0,0,0,0,0,0,0,0,0,4.66211253718326,0,0,0,5.57773637391873,46.1216735839844,12.9254345434362,0,9.64537488937378,0,0,33.7207312583923,14.0568129581118,0,0,0,0,0,0,0,0,0,0,0,0,0,0,6.15968947955226,0,0,0,0,0,0,0,0,0,26.9449198702548,0,0,0,33.5077896118164,0,6.48691245905586,0,19.6246474654811,20.6532881095492,0,8.6050039302348,0,15.1265964508057
30.2873110337691,0,38.7814788818359,0,0,0,0,0,32.8864317999946,0,0,0,0,0,0,0,44.4654898643494,0,35.8166271556507,0,0,0,24.9139552116394,0,18.9981911977132,0,0,0,0,0,0,8.06576402367595,5.63528339028946,4.65938102262586,6.10019153629719,5.55515534537179,19.8646147654607,7.47136248871456,5.06215859447736,9.74961549043655,11.7896786141605,5.14494239612364,9.69080251843949,0,32.4214062009539,28.8733745401556,33.7207312583923,0,5.44670710535693,7.41739826142897,0,0,0,0,39.1360255432129,0,0,0,0,0,28.2267246246338,0,32.1654052734375,0,0,21.2014350891113,0,23.9640159091434,0,0,0,0,0,0,6.96802267981964,8.59572631496828,4.6061103006806,6.82901022526983,9.70993506065838,12.7338089952767,7.53567465809785,12.7438227548832,5.73403669893742,2.95721673965454,12.200011219372,0,22.1435832977295
6.11357002164803,0,10.5038898587227,0,0,0,0,0,6.97698415409435,0,17.528133392334,0,0,0,0,0,52.5085265749977,49.4057121276855,39.9503925843672,0,0,0,6.28819049346898,0,6.46710655607026,0,0,0,0,0,0,17.6419773101807,13.6764717896779,0,6.62139315446218,0,15.1443202370091,0,5.65158513486385,0,9.43231582370671,47.6938465118408,9.46337654803787,0,35.5381004333496,19.5754642486572,14.0568129581118,5.44670710535693,0,6.37711189259058,0,0,0,0,10.1361246109009,0,12.421720940155,78.6985244750977,11.2098314676966,0,11.5444482172156,0,0,22.3032844283364,0,3.91620556473432,0,5.19028247649019,0,8.21597816546758,0,7.31089915843058,0,7.81617812517052,0,11.3220697415842,0,5.29956501875168,0,9.27579222652875,0,7.04426264521719,20.2945789578168,34.8099327087402,9.37789385358653,0,19.4700615847552
0,31.7671572773353,0,7.64185753795836,0,0,0,0,0,31.9610962957706,0,0,0,0,0,0,0,36.3724987723611,39.8117921829224,0,0,13.0519061040878,0,9.17022572981345,0,34.9596042633057,0,0,0,0,0,15.6734567410068,0,9.0542967108265,19.7302282951974,21.6859402656555,12.4447755813599,5.38804416473095,17.1145610809326,7.45084330190499,11.378375602491,7.06646212051203,0,0,0,19.9243662895695,0,7.41739826142897,6.37711189259058,0,0,0,0,0,0,32.1861053466797,0,30.0418891815259,0,34.1476120352745,0,37.0568088531494,27.0698364520895,0,11.9585583757182,0,14.5117260932922,0,17.3578870069064,0,10.5267309581532,0,11.779578977161,0,0,0,7.4301135001644,20.7820387753573,6.61684187389167,18.9672863376674,6.8395116831842,23.1839796702067,31.5246178980531,0,13.2276897879881,19.6775789260864,0
0,0,4.65487512998414,0,3.42481972605495,0,4.410888209939,0,0,0,0,0,0,0,3.49453632036845,0,0,0,0,0,0,0,0,0,0,0,0,0,0,0,0,0,0,0,0,0,0,0,0,0,0,0,0,0,0,0,0,0,0,0,0,0,4.5690655708313,0,0,0,4.82096441357122,0,4.5104430342714,0,3.53902656532997,0,0,8.97227789226331,0,0,0,0,0,0,0,0,0,0,0,0,0,0,0,0,0,0,0,0,8.57269478708074,0,0
0,0,0,4.61431446075439,0,3.83500110079993,0,0,0,0,0,2.83770871162415,0,3.64836320124174,0,3.3670482635498,0,0,0,0,0,0,0,0,0,0,0,0,0,0,0,0,0,0,0,0,0,0,0,0,0,0,0,0,0,14.8480684757233,0,0,0,0,0,0,0,2.95338849226634,0,0,0,4.39550605472227,0,3.2302059012574,0,3.55759507609952,7.81613086182394,0,0,0,0,0,0,0,0,0,0,0,0,0,0,0,0,0,0,0,4.58091381617955,0,4.96921873092651,0,0
0,0,0,0,0,0,3.06904726317435,0,0,0,3.37963509559631,0,0,0,0,0,0,0,0,0,0,0,0,0,0,0,0,0,0,0,0,0,0,0,0,0,0,0,0,0,0,0,0,0,0,0,0,0,0,0,4.5690655708313,0,0,0,0,0,4.8476719915131,0,2.91307935714722,0,0,0,0,0,0,0,0,0,0,0,0,0,0,0,0,0,0,0,0,0,0,0,3.00791478157043,0,0,0,0
0,0,0,0,0,3.80203275680542,0,2.84585678577423,0,0,0,2.84569990634918,0,3.38434444774281,0,0,0,0,0,0,0,0,0,0,0,0,0,0,0,0,0,0,0,0,0,0,0,0,0,0,0,0,0,0,0,0,0,0,0,0,0,2.95338849226634,0,0,0,0,0,3.12030947776068,0,2.91937858717782,0,0,0,0,0,0,0,0,0,0,0,0,0,0,0,0,0,0,0,0,0,0,0,0,0,0,0
10.329780015121,0,9.66257699330648,0,0,0,0,0,9.01150531326225,0,0,0,0,0,4.45231125354767,0,11.1111550070345,47.4625205993652,30.0871696472168,0,0,0,0,0,16.5182625794496,0,12.702764749527,0,0,0,0,0,0,0,33.3101768493652,0,0,0,27.5863278358213,0,0,0,0,0,0,0,0,39.1360255432129,10.1361246109009,0,0,0,0,0,0,0,0,0,0,0,3.57586872577667,0,0,0,0,0,0,16.1051560048982,0,8.00926947593689,0,0,0,0,0,0,0,0,0,0,0,26.7226534166372,19.4809148000634,0,18.1391765962947,0,0
0,7.59267492552061,0,4.77647094726562,0,3.30734475453695,0,0,0,6.57370083148663,0,0,0,0,0,2.96320772171021,0,22.8329782485962,0,0,0,0,0,24.1385478973389,0,28.2706146240234,0,0,0,0,0,0,0,0,0,0,0,25.1018210190993,0,0,0,0,0,0,0,0,0,0,0,32.1861053466797,0,0,0,0,0,0,0,0,0,15.6074239786933,0,11.1536718042273,0,0,0,0,0,0,0,0,0,0,0,0,0,0,0,0,0,0,15.2135405106978,0,25.2501945495605,0,29.0586128234863,0,0
4.38490873873234,0,3.57254817269065,0,4.36607146263123,0,4.94746823992048,0,0,0,4.45985487519967,0,4.45786256260342,0,0,0,0,0,0,0,4.08991416619748,0,23.3774305979411,0,0,0,0,0,0,0,0,0,0,0,0,0,0,0,5.26021198590596,0,0,0,0,0,0,0,0,0,12.421720940155,0,4.82096441357122,0,4.8476719915131,0,0,0,0,0,4.86849961713352,0,5.75679604255635,0,0,6.12253455369101,0,24.140064239502,0,18.5952481278428,0,14.2641046745803,0,9.52192565453489,0,10.4357992085356,0,0,0,0,0,0,0,15.0891075588408,3.81379049474543,0,6.14818752956156,0,0
0,26.3047080993652,0,8.548254939226,0,6.75749767066006,0,0,0,37.4054101308187,0,3.90988816497823,0,2.90942962496888,0,0,62.0058053334554,47.6580326373761,38.4610093792839,6.44704145022801,0,0,0,45.7726669311523,0,0,0,3.82992532464112,0,12.8600373784291,0,0,0,44.5233828226725,0,41.6765174865723,0,0,0,0,0,21.1477329485644,58.7566089630127,0,0,15.115235549065,0,0,78.6985244750977,30.0418891815259,0,4.39550605472227,0,3.12030947776068,0,0,0,0,0,6.54485284228421,0,13.1972543772529,10.4449851522061,0,0,0,0,0,21.6128942966461,0,13.1548206104219,0,12.3266543090774,0,0,0,42.9152927398682,0,45.5334815979004,0,26.5572031293204,76.0030136108398,32.8308825861547,0,14.1800293079883,23.0825264794486,0
3.0155038394426,0,0,0,4.04066470691136,0,4.11532856436337,0,0,0,4.2266993522644,0,3.38259767749445,0,4.51237264275551,0,0,0,0,0,0,0,0,0,0,0,0,0,5.60505247116089,0,0,0,0,0,0,0,0,0,0,0,0,0,0,0,0,0,0,0,11.2098314676966,0,4.5104430342714,0,2.91307935714722,0,0,0,4.86849961713352,0,0,0,3.46433053950153,0,0,0,0,0,0,15.3431640730964,0,12.9778298850982,0,5.95806420155061,0,0,0,0,0,0,0,0,0,26.6813928430731,2.96262550354004,0,7.66704368591309,0,0
0,15.754358291626,0,7.7874493598938,0,6.11580727895101,0,0,0,16.077018737793,0,4.81844226519267,0,3.3811338138886,0,4.81885367969297,0,0,0,0,0,0,0,0,0,7.68390280859811,0,4.11275445448386,0,0,0,0,0,0,0,0,0,0,0,0,0,37.1237080891927,0,0,0,0,0,0,0,34.1476120352745,0,3.2302059012574,0,2.91937858717782,0,15.6074239786933,0,6.54485284228421,0,0,0,6.5482494354248,15.0565810203552,0,0,0,29.5726337432861,0,9.07605853676796,0,8.93470643241028,0,24.2823477935791,0,0,0,0,0,0,0,43.7425651550293,0,3.56668074314411,3.53906942903996,28.3805348873138,0,0
3.48120338916779,0,0,0,3.22823412077768,0,0,0,6.56214541196823,0,0,0,3.46054135428535,0,3.00420424033856,0,4.68947937753465,0,0,0,0,0,0,0,0,0,0,0,0,0,0,0,0,0,0,0,0,0,0,0,0,0,0,0,0,0,0,28.2267246246338,11.5444482172156,0,3.53902656532997,0,0,0,3.57586872577667,0,5.75679604255635,0,3.46433053950153,0,0,0,0,0,0,0,0,12.3105558474287,0,9.27935640939644,0,0,0,0,0,0,0,0,0,0,0,27.7570235069762,4.52857503436861,0,8.68507465563322,0,0
0,13.7282479604085,0,2.75053787231445,0,3.19464878241221,0,0,0,7.58874697434275,0,0,0,3.52661994525364,0,3.45429441904781,0,11.62525643905,0,0,0,0,0,0,0,5.45552945137024,0,0,0,0,0,0,0,0,0,0,0,37.7197685241699,0,0,0,0,0,0,0,0,0,0,0,37.0568088531494,0,3.55759507609952,0,0,0,11.1536718042273,0,13.1972543772529,0,6.5482494354248,0,0,0,0,0,0,0,0,4.62961459159851,0,17.5587549209595,0,39.9799945354462,0,0,0,0,0,0,0,50.6877428690592,0,10.3496026992798,0,44.9375038146973,0,0
0,26.0480949401855,0,20.602501649123,0,8.13866661509075,0,4.0027928352356,0,0,0,10.3659343023895,0,0,0,0,59.9601211547852,44.3530969035869,34.0602371442029,8.89988349594353,0,0,0,44.4035758972168,0,0,0,0,0,18.6075422387374,0,0,0,0,0,9.77960780817627,0,15.1489760984074,0,10.6610909519316,0,22.0851443123456,0,0,71.4004592895508,7.19765985842165,0,32.1654052734375,0,27.0698364520895,0,7.81613086182394,0,0,0,0,0,10.4449851522061,0,15.0565810203552,0,0,0,0,0,0,0,0,51.4250869750977,0,17.0349807739258,0,21.0514801941561,0,0,0,0,0,6.29991194063148,0,10.7784617343244,87.3483505249023,20.5261520045144,3.21732431650162,9.56141882503578,15.6997853517532,0
0,0,6.69110407767358,0,8.28730073081913,0,0,0,0,0,3.63934113025665,0,0,0,0,0,0,0,0,0,3.41885047068331,0,28.2211012840271,0,0,0,0,0,0,0,0,0,0,0,0,0,3.15467345714569,0,6.26290237108866,0,6.07703357727029,0,11.0286240577698,0,0,0,6.15968947955226,0,22.3032844283364,0,8.97227789226331,0,0,0,0,0,6.12253455369101,0,0,0,0,0,0,0,0,27.1642246246338,0,27.4872535705566,0,0,0,18.4670355484403,0,11.1400064826012,0,0,0,0,0,5.1104751110833,0,8.80513216459577,4.38149702854646,0,5.29957054347725,0,0
0,0,0,0,0,0,0,0,0,0,0,0,0,0,0,0,0,7.59724210368262,0,0,0,4.87325699234455,0,17.0914497050372,0,3.22651978333791,0,4.84199370278253,0,0,0,0,0,0,0,0,0,6.91819866088129,0,0,0,0,0,0,0,0,0,0,0,11.9585583757182,0,0,0,0,0,0,0,0,0,0,0,0,0,0,0,0,22.3030745780214,0,23.9369293212891,0,7.55841607383374,0,23.3552074432373,0,0,0,0,0,0,0,8.22623588727429,0,4.63335081736247,0,0,0,0
0,0,0,0,0,0,0,0,0,0,0,0,0,0,0,0,2.84626766045888,0,0,0,0,6.76141357421875,4.80600950340793,0,0,0,0,0,5.39438207618526,0,0,0,0,26.8311230795724,18.6863591120793,0,0,0,7.93450384216356,0,0,0,0,0,0,0,0,21.2014350891113,3.91620556473432,0,0,0,0,0,0,0,24.140064239502,0,0,0,0,0,0,27.1642246246338,0,0,0,5.34062006027718,0,0,0,9.96129697268126,0,14.1364374160767,0,0,0,0,0,0,0,10.7570494935704,6.29450231702108,0,17.5228189826012,0,0
0,0,0,0,0,0,0,0,0,22.6416577233209,0,0,0,0,0,25.4410127003988,51.4928550720215,16.705456830759,22.2925262451172,0,0,21.952387883113,0,4.18917904085326,0,26.7784492492676,0,0,0,0,0,0,0,0,0,0,0,4.15095704283033,0,0,0,57.7136764526367,0,0,0,0,0,0,0,14.5117260932922,0,0,0,0,0,0,0,0,0,29.5726337432861,0,0,0,0,22.3030745780214,0,0,0,12.618287563324,0,8.34585672910096,0,0,0,0,0,0,0,0,0,9.63380216017808,0,10.1468462908446,32.0276145935059,0,0,0
13.0400037169456,0,0,0,0,0,0,0,19.2841926574707,0,0,0,0,0,0,0,0,0,0,0,0,0,0,0,4.13520703772585,0,3.72024264335632,0,0,0,0,0,0,0,19.3470211029053,0,0,0,17.8304557820758,0,0,0,0,0,0,0,0,23.9640159091434,5.19028247649019,0,0,0,0,0,16.1051560048982,0,18.5952481278428,0,15.3431640730964,0,12.3105558474287,0,0,27.4872535705566,0,5.34062006027718,0,0,0,4.6082413716194,0,9.05652820070585,0,13.9643306732178,0,0,0,0,0,0,0,14.9277949106126,2.96164488792419,0,16.761459126192,0,0
0,0,0,0,0,0,0,0,0,18.4690891265869,0,0,0,0,0,5.72705255235944,0,11.1635146148255,36.9539142184787,0,0,9.49289182994677,0,10.1121530115604,0,5.39497546601084,0,4.50684186390468,0,0,0,0,0,0,0,0,0,0,0,0,0,39.8906186421712,0,0,60.4324607849121,0,0,0,0,17.3578870069064,0,0,0,0,0,0,0,21.6128942966461,0,9.07605853676796,0,4.62961459159851,51.4250869750977,0,23.9369293212891,0,12.618287563324,0,0,0,7.63622824656658,0,0,0,0,0,0,0,0,0,18.2976488113403,0,15.4914953638526,17.6622505187988,0,47.2292633056641,0
10.7794637680054,0,0,0,0,0,0,0,7.52572572231293,0,0,0,0,0,2.73501062393188,0,7.19867927594618,0,32.6505966186523,0,0,0,0,0,3.68393349647522,0,3.47073574364185,0,3.3813947836558,0,0,0,0,0,0,0,0,0,0,0,0,0,0,0,0,0,0,0,8.21597816546758,0,0,0,0,0,8.00926947593689,0,14.2641046745803,0,12.9778298850982,0,9.27935640939644,0,0,0,0,0,0,4.6082413716194,0,0,0,6.15786697358002,0,0,0,0,0,0,0,0,0,0,45.3569183349609,0,7.99052065610886,0,0
0,0,0,0,0,0,0,0,0,0,0,0,0,7.38678932189941,0,0,0,5.50956458250682,0,0,0,4.69671676250604,0,10.8232406377792,0,9.38307766914368,0,4.47195028251725,0,5.52673871874809,0,0,0,0,0,0,0,4.5323662107641,0,0,0,0,0,0,0,0,0,0,0,10.5267309581532,0,0,0,0,0,0,0,13.1548206104219,0,8.93470643241028,0,17.5587549209595,17.0349807739258,0,7.55841607383374,0,8.34585672910096,0,7.63622824656658,0,0,0,4.99748023983653,0,0,0,0,0,0,0,7.40483898002944,0,5.50479332171381,0,0,0,0
0,0,0,0,0,0,0,0,0,0,0,0,0,0,0,0,0,0,0,0,0,0,11.3097530834092,0,0,0,0,0,5.06462598576838,0,3.46719960243471,0,0,0,0,0,0,0,5.80658447951601,0,0,0,12.2995435926649,0,0,0,0,0,7.31089915843058,0,0,0,0,0,0,0,9.52192565453489,0,5.95806420155061,0,0,0,0,18.4670355484403,0,9.96129697268126,0,9.05652820070585,0,6.15786697358002,0,0,0,5.3989939787449,0,0,0,0,0,0,0,6.17525800098717,6.31586146354675,0,13.0469342067838,0,0
0,35.5807590484619,0,35.3152732849121,0,0,0,0,0,0,0,8.98285320276543,0,0,0,0,68.5830249786377,51.2054666791643,42.4501139135922,7.92317112648126,0,23.295449256897,0,57.8633829752604,0,0,0,6.12914800643921,0,7.52606230617588,0,0,0,30.9982318878174,0,51.9928932189941,0,9.05725214878718,0,0,0,21.495786313114,64.3711309432983,0,0,23.1945521127287,0,0,0,11.779578977161,0,0,0,0,0,0,0,12.3266543090774,0,24.2823477935791,0,39.9799945354462,21.0514801941561,0,23.3552074432373,0,0,0,0,0,4.99748023983653,0,0,0,0,0,13.4424448013306,0,0,0,6.43914308386724,78.9645309448242,41.6844403497104,0,19.320985516345,38.8678665161133,64.2124862670898
0,0,33.0667743682861,0,0,0,0,0,0,0,12.3492282231649,0,0,0,0,0,53.2620096206665,71.5944976806641,37.8969872214577,0,12.7685975233714,0,15.3361358642578,0,0,0,0,0,0,0,5.0503838993609,0,0,0,0,0,0,0,4.67748571303954,0,0,0,10.9596926141601,0,25.2946348190308,0,26.9449198702548,0,7.81617812517052,0,0,0,0,0,0,0,10.4357992085356,0,0,0,0,0,0,11.1400064826012,0,14.1364374160767,0,13.9643306732178,0,0,0,5.3989939787449,0,0,0,0,0,0,0,0,0,5.97540408171842,40.4904193878174,0,10.214776544724,0,21.4666805267334
0,0,0,0,0,0,0,0,0,0,0,0,0,0,0,0,0,0,0,0,0,0,0,0,0,0,0,0,0,0,0,6.8899112418556,9.04809532429009,0,0,0,4.5096288830676,0,0,0,27.1479988098145,0,0,0,0,0,0,6.96802267981964,0,0,0,0,0,0,0,0,0,0,0,0,0,0,0,0,0,0,0,0,0,0,0,0,0,0,0,9.69005107583467,3.15711450576782,0,6.77335481615166,20.3240733723487,0,0,3.89292300664462,0,0,0,0
0,0,0,0,0,0,0,0,0,0,0,0,0,0,0,0,0,0,0,0,0,0,0,0,0,0,0,0,0,0,0,7.94514951068685,8.03165117388151,0,7.47114592322504,28.9954957962036,11.8162487420169,0,0,0,7.21971684235793,0,0,0,0,0,0,8.59572631496828,11.3220697415842,0,0,0,0,0,0,0,0,0,0,0,0,0,0,0,0,0,0,0,0,0,0,0,0,0,9.69005107583467,0,0,4.24723231069969,19.3390905942719,8.36060966815359,0,0,5.39289202008929,0,0,0,0
0,0,0,0,0,0,0,0,0,0,0,0,0,0,0,0,0,0,0,0,0,0,0,0,0,0,0,0,0,0,0,5.83166981878735,0,4.24201495368555,5.27876526836961,5.10621585861182,19.1806602478027,4.33456215063731,0,0,0,0,0,0,0,0,0,4.6061103006806,0,7.4301135001644,0,0,0,0,0,0,0,42.9152927398682,0,0,0,0,0,0,0,0,0,0,0,0,0,0,13.4424448013306,0,3.15711450576782,0,0,11.5416195260154,6.87009848454955,20.4920022964478,4.34170586629859,0,5.16061830600636,0,9.06115436553955,0,0
0,0,0,0,0,0,0,0,0,0,0,0,0,0,0,0,59.9691276550293,0,41.6392679214478,0,0,0,14.0554428100586,0,0,0,0,0,0,0,0,2.89626440405846,7.82559701251984,7.34257488368129,5.62298467442508,0,6.80809956336572,15.2806485039847,3.34163852679877,0,11.0307570604178,0,17.1290064085098,0,32.2340965270996,0,33.5077896118164,6.82901022526983,5.29956501875168,20.7820387753573,0,0,0,0,0,0,0,0,0,0,0,0,0,0,0,0,0,0,0,0,0,0,0,0,0,4.24723231069969,11.5416195260154,0,25.2130374908447,6.71141679565336,17.1098863813612,4.62240608925682,5.74580953589508,0,14.0376821504512,0,27.7940216064453
0,0,0,0,0,33.0078125,0,0,0,0,0,0,0,0,0,0,63.9046821594238,56.1778099060059,39.9825689951579,5.77523353260384,0,0,0,0,0,0,0,0,0,0,0,12.5561786654095,17.6249973331589,5.62352447760733,18.6817417144775,5.45516219580928,10.3583749759765,7.12399367943849,0,5.90770787683955,26.1603660583496,13.4386675725847,47.6461944580078,0,0,8.35870310393632,0,9.70993506065838,0,6.61684187389167,0,0,0,0,0,0,0,45.5334815979004,0,0,0,0,6.29991194063148,0,0,0,0,0,0,0,0,0,0,0,6.77335481615166,19.3390905942719,6.87009848454955,25.2130374908447,0,26.6862147787712,6.53905560157495,0,6.65053171520618,3.49313390882392,10.6364209544054,17.0942067765353,0
0,0,0,0,0,0,0,0,0,0,0,0,0,0,0,0,62.3884243965149,79.3275451660156,40.8155302259657,0,4.86104334725274,0,0,0,0,0,0,0,0,0,0,21.6262982050578,8.3607987084295,16.4807083129883,8.33863404928399,8.07261246045431,6.06850075594016,0,9.81493774606631,0,5.60303630252549,0,16.0825263517244,0,30.5041989671423,0,6.48691245905586,12.7338089952767,9.27579222652875,18.9672863376674,0,0,0,0,0,0,0,0,0,0,0,0,0,5.1104751110833,0,0,0,0,0,0,0,0,0,0,20.3240733723487,8.36060966815359,20.4920022964478,6.71141679565336,26.6862147787712,0,0,9.04591400438826,4.36183608699049,0,7.79250350383797,75.3962326049805,29.5364312065972
0,26.5234681765238,0,37.4992866516113,0,0,0,0,0,18.9708206442338,0,4.18353140145017,0,0,0,0,0,36.1804718469319,43.8354449064835,6.92191500215449,0,9.66498110203486,0,6.14573479660096,0,43.1898956298828,0,3.90319422653743,0,4.10341786083422,0,0,0,6.66934518593075,16.9975521668144,8.13799819053517,0,5.28353181200097,17.4031162261963,11.0825261561708,0,16.870897825617,0,0,0,16.3430574725975,0,7.53567465809785,0,6.8395116831842,0,0,0,0,0,15.2135405106978,0,26.5572031293204,0,43.7425651550293,0,50.6877428690592,10.7784617343244,0,8.22623588727429,0,9.63380216017808,0,18.2976488113403,0,7.40483898002944,0,6.43914308386724,0,0,0,4.34170586629859,17.1098863813612,6.53905560157495,0,0,23.5379180908203,11.5457176054737,7.87839956232842,8.09655488286279,21.8884315490723,0
26.6698925808223,0,36.209704855214,0,0,0,0,0,24.8156190128446,0,4.61118332057629,0,0,0,33.6266600290934,0,49.9880115343177,68.1279975891113,39.6368014164051,0,5.27474933032748,0,10.9432757066873,0,13.9299278194254,0,0,0,0,0,5.94227626800537,0,0,13.2211792711484,5.80544435383182,0,11.5118708708975,20.6270663810499,5.95713709967377,0,13.9157726031083,40.117185012154,19.4489858479876,0,34.7607742610731,0,19.6246474654811,12.7438227548832,7.04426264521719,23.1839796702067,0,0,0,0,26.7226534166372,0,15.0891075588408,76.0030136108398,26.6813928430731,0,27.7570235069762,0,87.3483505249023,8.80513216459577,0,10.7570494935704,0,14.9277949106126,0,0,0,6.17525800098717,78.9645309448242,5.97540408171842,0,0,0,4.62240608925682,0,9.04591400438826,23.5379180908203,0,14.1799518412883,32.5577227274577,14.605071906548,0,21.4264383132641
