0,0,4.5454421043396,0,0,0,0,0,6.10399458923855,0,0,0,0,0,0,0,33.0958251953125,0,0,0,0,0,0,0,0,0,0,0,0,0,0,0,0,0,0,0,0,0,0,0,0,0,12.3092127343019,0,0,0,0,0,4.64423564288407,0,0,0,0,0,6.54303170094448,0,0,0,0,0,3.66179915478355,0,0,0,0,0,0,0,0,0,0,0,0,0,0,0,0,0,0,0,0,0,9.51540340611964,0,7.27554303708703,0,14.3438529968262
0,0,0,15.4635855555534,0,13.9461984634399,0,0,0,8.19316065187899,0,0,0,0,0,0,0,0,20.1083659331004,0,0,0,0,0,0,0,0,0,0,0,0,0,0,0,0,0,0,20.4613246917725,0,29.9231281280518,0,17.7327916463216,0,0,0,0,0,0,0,7.26624906707454,0,0,0,0,0,6.09830850285956,0,38.9810600280762,0,0,0,0,30.5699729919434,0,0,0,6.22514820098877,0,0,0,0,0,0,0,0,0,0,0,45.6230209350586,0,0,0,11.2765097818375,0,12.2914293315262,14.4987459182739,0
4.5454421043396,0,0,0,10.1644546588262,0,0,0,3.61281707882881,0,0,0,0,0,0,0,0,0,0,0,0,0,0,0,0,0,0,0,0,0,0,0,0,0,0,0,30.9727783203125,0,0,0,30.0475521087646,0,32.2994578361511,0,0,0,0,0,18.5918299305824,0,8.21516799926758,0,0,0,6.11431884765625,0,0,0,0,0,0,0,0,0,0,0,0,0,0,0,0,0,0,0,0,0,0,0,0,38.9451510111491,0,0,23.600049571991,0,10.7024624303883,0,24.6099166870117
0,15.4635855555534,0,0,0,6.98849682509899,0,0,0,10.7650966644287,0,0,0,0,0,0,0,0,31.5361567905971,0,0,0,0,0,0,0,0,0,0,0,0,0,0,0,0,19.9378887812297,0,0,0,40.1688443697416,0,23.9545086387063,0,0,0,25.8701028823853,0,32.2842864990234,0,7.67479206138933,0,5.97491345192467,0,0,0,0,0,24.5471529585592,0,0,0,4.09208770692348,34.8474540710449,0,0,0,0,0,0,0,0,0,26.3841427697076,0,0,0,0,0,38.0025234818459,0,33.9263404210409,0,20.9237012526928,0,23.2263190045076,23.3282012939453,0
0,0,10.1644546588262,0,0,0,3.87048590523856,0,3.27244621515274,0,0,0,0,0,2.74755132198334,0,0,0,0,0,11.3631744066874,0,0,0,0,0,0,0,0,0,0,0,0,0,0,0,0,0,0,0,52.8282947540283,0,43.7873818874359,0,0,0,0,0,45.5498151779175,0,3.80676950211894,0,5.55508381586808,0,2.82124406099319,0,6.80286602973938,0,6.9670078754425,0,4.07290232181549,0,0,20.0368003845215,0,0,0,0,0,0,0,0,0,0,0,0,0,0,0,0,0,0,6.2798775849135,0,15.2732320060838,0,0
0,13.9461984634399,0,6.98849682509899,0,0,0,5.99339717759026,0,10.7831918083388,0,0,0,0,0,0,0,0,0,0,0,0,0,0,0,0,0,0,0,0,0,0,0,0,0,0,0,0,0,0,0,0,0,0,0,0,0,0,0,0,0,4.03308821361577,0,4.47338318221177,0,9.10772160121373,0,5.42428728938103,0,0,0,3.06526780128479,0,0,0,0,0,0,0,0,0,0,0,0,0,0,0,0,0,0,0,0,5.41535572453243,0,8.41262690948717,0,0
0,0,0,0,3.87048590523856,0,0,0,0,0,0,0,3.21900242567062,0,0,0,0,0,0,0,0,0,0,0,0,0,0,0,0,0,0,0,0,0,0,0,0,0,0,0,0,0,0,0,0,0,0,0,0,0,7.05657846587045,0,3.15198435816732,0,0,0,2.97084883815986,0,2.74009569485982,0,0,0,0,0,0,0,0,0,0,0,0,0,0,0,0,0,0,0,0,0,0,0,3.01769913109866,3.21564531326294,0,0,0
0,0,0,0,0,5.99339717759026,0,0,0,0,0,3.72705669949452,0,3.6575588573109,0,0,0,0,0,4.99280323982239,0,0,0,0,0,0,0,0,0,0,0,0,0,0,0,0,0,0,0,0,0,0,0,0,0,0,0,0,0,0,0,5.15715735912323,0,4.03167462493434,0,0,0,5.05635272624881,0,4.14118309153451,0,0,6.38408049017982,0,0,0,0,0,0,0,0,0,0,0,0,0,0,0,0,0,0,0,3.09546541875125,0,0,0,0
6.10399458923855,0,3.61281707882881,0,3.27244621515274,0,0,0,0,0,0,0,0,0,4.20914391411675,0,22.985857731846,33.5588979721069,22.9566216468811,0,0,0,24.3706028309274,0,16.9148471251778,0,21.498515262782,0,0,0,0,0,0,0,0,0,0,0,13.6077984896573,0,0,0,0,0,0,0,0,0,8.75558180468423,0,2.94495344161987,0,0,0,7.14225941500275,0,0,0,0,0,3.30921122233073,0,0,0,0,29.555154800415,33.7508735656738,11.3943170724913,0,19.5851585388184,0,0,0,0,0,0,0,0,71.410758972168,0,0,17.5131376350627,11.9245923572218,0,6.67732982346506,0,0
0,8.19316065187899,0,10.7650966644287,0,10.7831918083388,0,0,0,0,0,0,0,0,0,3.00908770768539,34.3429336547852,10.1726499955569,11.8148231506348,0,0,0,0,5.00980554639766,0,0,0,0,0,0,0,0,0,0,0,0,0,8.70729741934807,0,0,0,8.58255880408817,0,0,0,0,0,18.2465057373047,0,5.55537722277087,0,0,0,0,0,5.76049266744672,0,0,0,0,0,2.98520411144603,0,0,0,0,5.74276208877563,0,0,0,0,0,0,0,0,0,0,0,0,0,9.64880744301447,0,6.35773788212357,4.27783218766474,4.83380814961025,0,0
0,0,0,0,0,0,0,0,0,0,0,0,3.01184506075723,0,0,0,0,0,59.171932220459,0,3.827560759766,0,0,0,0,0,0,0,0,0,5.33886822064718,0,0,0,0,0,4.09394228534334,0,3.6313620950529,0,39.0546245574951,0,20.0157613754272,0,0,0,53.3466644287109,0,49.3524742126465,0,0,0,2.73417147000631,0,0,0,4.72570310906882,0,3.01467370986938,0,0,0,0,9.60197124171844,0,0,0,0,0,0,0,0,0,10.6569236745226,0,0,0,0,0,13.6055475383435,0,4.60532750452266,3.74685392672555,0,24.0466060285215,0,16.2941799163818
0,0,0,0,0,0,0,3.72705669949452,0,0,0,0,0,3.13243412971497,0,0,0,0,0,4.21861178276548,0,0,0,0,0,0,0,3.507634973526,0,4.49975046316783,0,0,0,0,0,3.0099276304245,0,4.44950742027135,0,0,0,0,0,0,0,0,0,0,0,0,0,0,0,9.06416479746501,0,0,0,6.77452640351058,0,7.40475556324957,0,0,5.64498317050934,0,0,0,0,0,0,0,4.86889673568107,0,4.96976267137193,0,0,0,0,0,4.95321009205837,0,5.91620077249658,0,5.79122154973447,0,0,0,0
0,0,0,0,0,0,3.21900242567062,0,0,0,3.01184506075723,0,0,0,3.26654851436615,0,0,0,0,0,0,0,0,0,0,0,3.3505741082705,0,0,0,0,0,0,0,0,0,0,0,0,0,0,0,0,0,0,0,0,0,0,0,0,0,2.95517754554749,0,0,0,2.99327659606934,0,3.61240281978575,0,2.94958408673604,0,0,0,0,0,0,0,0,0,0,3.07249939441681,0,0,0,0,0,0,0,0,0,0,3.0514481816973,2.85804905511637,0,0,0
0,0,0,0,0,0,0,3.6575588573109,0,0,0,3.13243412971497,0,0,0,3.3098475933075,0,2.77834784984589,0,0,0,0,0,0,0,0,0,3.13175172275967,0,0,0,0,0,0,0,0,0,0,0,0,0,0,0,0,0,0,0,0,0,0,0,0,0,3.79227155905504,0,0,0,10.5259513137161,0,5.27493552790844,0,5.5696144203345,0,0,0,0,0,0,9.03763275146484,0,2.97633668780327,0,21.8257611592611,0,0,0,0,0,0,0,0,0,3.48517381668091,3.89171719551086,0,0,0
0,0,0,0,2.74755132198334,0,0,0,4.20914391411675,0,0,0,3.26654851436615,0,0,0,6.1879546434983,38.1001180013021,0,0,0,0,23.1555305480957,0,17.1821511983871,0,10.3921263535817,0,0,0,0,0,0,0,0,0,0,0,0,0,0,0,0,0,0,0,0,0,3.89655518531799,0,3.01498545540704,0,0,0,4.10568917592367,0,0,0,3.05691862106323,0,3.0014899458204,0,0,0,0,0,0,7.38586854934692,0,2.95108032226562,0,0,0,0,0,0,0,0,0,0,0,0,8.84525034604249,0,0,0,0
0,0,0,0,0,0,0,0,0,3.00908770768539,0,0,0,3.3098475933075,0,0,0,7.05967692767873,0,0,0,0,0,0,0,3.86043826738993,0,3.26979780197144,0,0,0,0,0,0,0,0,0,0,0,0,0,0,0,0,0,0,0,0,0,0,0,0,0,0,0,10.1265494227409,0,0,0,2.85581195354462,0,3.84290873402297,0,0,0,0,0,0,3.58791065216064,0,0,0,0,0,0,0,0,0,0,0,0,0,3.13076101030622,0,0,0,0
33.0958251953125,0,0,0,0,0,0,0,22.985857731846,34.3429336547852,0,0,0,0,6.1879546434983,0,0,20.4108296087682,23.7425554729754,0,0,15.9468793869019,16.6667916646652,23.8423861070113,20.7105840835217,40.7421426773071,11.7921282546083,0,0,0,0,0,0,0,0,0,0,0,27.272364616394,72.0440805223253,63.5923649470011,65.7015762329102,36.439550106342,0,0,53.8714637756348,86.3964996337891,0,0,64.9747161865234,0,0,0,0,24.3661028699177,0,0,0,0,0,7.68528045190347,0,74.8411763509115,79.9565569559733,0,6.7095414797465,25.6646815935771,21.9934833228933,0,13.4386860529582,0,0,0,0,0,0,0,0,73.0744994481405,69.3750814508509,0,25.3200720403796,16.9524866078819,17.0905737131834,60.8842226664225,47.7980079650879,28.5535377502441
0,0,0,0,0,0,0,0,33.5588979721069,10.1726499955569,0,0,0,2.77834784984589,38.1001180013021,7.05967692767873,20.4108296087682,0,18.6758597668722,0,0,6.81918929048104,28.6288229942322,7.80592369074359,26.1492101865656,6.36831408240285,33.2752485587949,6.45512080192566,0,0,0,0,0,0,0,0,0,12.903538608551,0,64.7024561564128,84.8250312805176,45.7010113642766,76.2446009318034,0,0,71.5751485824585,53.265796661377,0,0,0,0,0,0,0,40.1147840023041,10.4453072428703,0,0,0,0,0,9.69832376071385,67.718994140625,83.7531433105469,4.53564695328001,0,11.3290838384137,27.0859234368623,6.5997386082359,32.5493762969971,0,0,0,0,0,0,0,0,80.1880029950823,83.4361063639323,20.7879430770874,41.1661016146342,11.9474093247366,5.75783924119813,74.0702412469046,37.6626358032227,55.1296943664551
0,20.1083659331004,0,31.5361567905971,0,0,0,0,22.9566216468811,11.8148231506348,59.171932220459,0,0,0,0,0,23.7425554729754,18.6758597668722,0,0,0,31.7896385192871,33.209846756675,28.7842620849609,38.035847902298,28.9073495864868,38.3643089743221,0,0,0,0,0,0,0,0,59.9981479644775,0,0,50.8140296936035,37.9850409557945,43.4296431503599,23.9934092933953,27.4202932093454,0,10.5099115371704,37.4396961410611,27.5575611173492,49.6567916870117,55.6945915222168,43.3561508503366,0,0,0,0,20.0321498650771,0,46.9517011642456,22.3298987579346,0,0,21.3080711364746,0,47.6606402201195,49.6589685126917,0,0,26.2526292800903,36.6351975032261,0,40.2780570983887,0,0,23.5088183754369,0,0,0,0,0,41.3325639357702,50.4968873793767,31.1389564902095,38.6059141892653,15.193719600288,21.9085826873779,29.6408711245379,12.9087470144329,21.6988545307819
0,0,0,0,0,0,0,4.99280323982239,0,0,0,4.21861178276548,0,0,0,0,0,0,0,0,0,0,0,0,0,0,0,0,0,0,0,0,0,0,0,5.87065168976391,0,4.52675892306226,0,0,0,0,0,0,0,0,0,0,0,0,0,0,0,6.42324328422546,0,0,0,5.7539625776575,0,0,0,0,4.79213422577783,0,0,0,0,0,0,0,0,0,0,0,0,0,0,0,7.96064653917521,0,8.97244566562129,0,6.64719201656098,0,4.18392695668596,0,0
0,0,0,0,11.3631744066874,0,0,0,0,0,3.827560759766,0,0,0,0,0,0,0,0,0,0,0,0,0,0,0,0,0,0,0,0,0,0,0,0,0,6.31108210260109,0,3.56774045361413,0,48.1137491861979,0,35.7295984121469,0,0,71.4320602416992,19.1131401062012,0,35.1847090099169,0,0,0,0,0,0,0,6.05664890812289,0,0,0,0,0,0,5.81715166406856,0,0,0,0,0,0,0,0,0,0,0,0,0,0,0,8.27132013960907,0,3.80514877394768,5.18955851081879,0,29.5643859119206,0,28.4972295761108
0,0,0,0,0,0,0,0,0,0,0,0,0,0,0,0,15.9468793869019,6.81918929048104,31.7896385192871,0,0,0,4.32251915018609,3.89340656144278,0,4.94931467973961,0,3.68918743793001,0,0,0,0,0,0,0,0,0,3.70229916053243,4.36111984127446,0,0,0,0,0,0,0,0,0,0,7.07084894180298,0,0,0,0,0,0,0,0,0,0,0,0,0,0,4.5230972793548,2.99660725593567,4.26800802775792,0,0,0,4.68421256542206,0,0,0,0,0,0,0,0,0,5.49305917958179,6.21319079399109,5.18743758240845,3.94071814417839,0,0,0
0,0,0,0,0,0,0,0,24.3706028309274,0,0,0,0,0,23.1555305480957,0,16.6667916646652,28.6288229942322,33.209846756675,0,0,4.32251915018609,0,25.2144050598145,21.2623752212524,0,8.83421202772152,0,3.0344326997652,0,0,0,0,0,0,0,0,4.1200300303983,4.34854678579625,0,0,0,0,0,0,0,0,0,5.03630354729566,0,0,0,0,0,24.6277526855469,0,0,0,0,0,0,0,0,0,3.57144891854488,4.62684295324791,0,4.31096748794828,0,12.6878593762716,0,3.26126583417257,0,0,0,0,0,0,95.4114074707031,0,0,7.58460815419856,16.532906038746,2.89110010641593,76.6464233398438,0,0
0,0,0,0,0,0,0,0,0,5.00980554639766,0,0,0,0,0,0,23.8423861070113,7.80592369074359,28.7842620849609,0,0,3.89340656144278,25.2144050598145,0,22.4430243174235,30.7671432495117,0,0,0,0,0,0,0,0,0,0,0,4.47588131280072,0,0,0,0,0,0,0,0,0,0,0,0,0,0,0,0,34.5629196166992,3.58464811398433,0,0,0,0,0,0,0,0,3.95467200279236,0,4.48242643339469,25.1048145294189,2.95772433280945,0,0,0,0,0,0,0,20.8550777435303,0,0,0,6.8957574287517,0,6.54088655408452,0,0,0,0
0,0,0,0,0,0,0,0,16.9148471251778,0,0,0,0,0,17.1821511983871,0,20.7105840835217,26.1492101865656,38.035847902298,0,0,0,21.2623752212524,22.4430243174235,0,0,14.6331324351461,0,0,0,0,0,0,0,0,0,0,23.8305282592773,4.20007778854545,68.8828811645508,0,0,0,0,0,0,0,0,11.1879703521729,0,0,0,0,0,18.514505520463,0,0,0,0,0,22.5594711303711,0,0,0,0,0,24.4383068084717,4.01749830979567,0,11.2303524398804,0,0,0,0,0,0,0,0,90.5352783203125,72.0509834289551,0,5.41965218952724,16.2547720522026,0,12.1436014970144,0,0
0,0,0,0,0,0,0,0,0,0,0,0,0,0,0,3.86043826738993,40.7421426773071,6.36831408240285,28.9073495864868,0,0,4.94931467973961,0,30.7671432495117,0,0,0,6.64855310122172,0,0,0,0,0,0,0,0,0,0,0,0,0,0,0,0,0,0,0,0,0,0,0,0,0,0,0,0,0,0,0,0,0,0,0,0,0,0,4.01679086685181,0,3.07078487532479,0,3.24099905867326,0,0,0,0,0,0,0,0,0,0,0,6.08802961877414,0,0,0,0
0,0,0,0,0,0,0,0,21.498515262782,0,0,0,3.3505741082705,0,10.3921263535817,0,11.7921282546083,33.2752485587949,38.3643089743221,0,0,0,8.83421202772152,0,14.6331324351461,0,0,0,0,0,0,0,0,0,0,0,0,0,0,70.1978454589844,0,0,0,0,0,0,0,0,0,0,0,0,0,0,22.8425275756092,0,0,0,0,0,0,0,0,0,0,5.05777502059937,0,20.3212559700012,0,6.46899308829472,0,2.81139794985453,0,0,0,0,0,0,0,0,0,27.507399559021,17.7499107316136,0,0,0,0
0,0,0,0,0,0,0,0,0,0,0,3.507634973526,0,3.13175172275967,0,3.26979780197144,0,6.45512080192566,0,0,0,3.68918743793001,0,0,0,6.64855310122172,0,0,0,3.15073502226162,0,0,0,0,0,0,0,2.95437788963318,0,0,0,0,0,0,0,0,0,0,0,0,0,0,0,0,0,0,0,4.85065873463949,0,3.9337258596678,0,9.02600288391113,0,0,4.33278522491455,0,0,0,4.1122074509395,0,4.49929366048689,0,6.02426580588023,0,0,0,0,0,0,0,5.94941214941166,0,5.377232261326,0,0,0,0
0,0,0,0,0,0,0,0,0,0,0,0,0,0,0,0,0,0,0,0,0,0,3.0344326997652,0,0,0,0,0,0,0,3.08236900721591,0,0,0,0,0,0,0,3.3111793845892,0,0,0,0,0,0,0,0,0,0,0,0,0,0,0,0,0,0,0,0,0,0,0,0,0,0,3.29221663210127,0,0,0,0,0,4.26337664692025,0,3.42387785824067,0,0,0,0,0,0,0,4.96718219230915,2.87617154554887,2.83480842908223,0,0,0
0,0,0,0,0,0,0,0,0,0,0,4.49975046316783,0,0,0,0,0,0,0,0,0,0,0,0,0,0,0,3.15073502226162,0,0,0,0,0,0,0,0,0,4.40485091221013,0,0,0,0,0,0,0,0,0,0,0,0,0,0,0,0,0,0,0,3.61088832749261,0,0,0,0,0,0,0,0,0,0,0,0,4.18263012616813,0,4.77512557879391,0,0,0,0,0,0,0,7.04239546014963,0,0,0,0,0,0
0,0,0,0,0,0,0,0,0,0,5.33886822064718,0,0,0,0,0,0,0,0,0,0,0,0,0,0,0,0,0,3.08236900721591,0,0,0,0,0,0,0,0,0,3.29857853969725,0,0,0,0,0,0,0,0,0,0,0,0,0,0,0,0,0,7.59427604595376,0,0,0,0,0,0,0,0,0,0,0,0,0,0,0,0,5.35260026220895,0,0,0,0,0,0,0,4.18478505992889,3.14977318362186,2.7518298625946,0,0,0
0,0,0,0,0,0,0,0,0,0,0,0,0,0,0,0,0,0,0,0,0,0,0,0,0,0,0,0,0,0,0,0,4.73607641088087,2.83818399906158,0,3.74539983044764,0,0,0,0,0,0,0,0,0,0,0,5.21800570076189,13.3970340092977,7.17392683029175,0,0,0,0,0,0,0,0,0,0,0,0,0,0,0,0,0,0,0,0,0,0,0,0,4.90267917332372,6.13532899963785,0,0,4.40381987767197,15.9865359465281,0,0,3.24673952125921,0,0,0,0
0,0,0,0,0,0,0,0,0,0,0,0,0,0,0,0,0,0,0,0,0,0,0,0,0,0,0,0,0,0,0,4.73607641088087,0,4.5443044324075,8.89437007904053,5.09016191042387,3.4858635958139,0,0,0,0,0,0,0,0,0,0,5.13550946810013,5.3520610332489,16.8352851867676,0,0,0,0,0,0,0,0,0,0,0,0,0,0,0,0,0,0,0,0,0,0,0,0,5.23860950623789,5.88547585954396,4.09099253018697,9.91961107254028,12.7992757161458,3.51218070063675,0,0,5.21479159135085,0,0,0,0
0,0,0,0,0,0,0,0,0,0,0,0,0,0,0,0,0,0,0,0,0,0,0,0,0,0,0,0,0,0,0,2.83818399906158,4.5443044324075,0,5.09793314286641,3.84187814351675,0,5.90358245285758,4.61819928884506,0,0,0,0,0,0,0,0,5.48650480663152,0,11.364164352417,0,0,0,0,0,0,0,0,0,0,0,0,0,0,0,0,0,0,0,0,0,0,0,0,3.26322185993195,3.95118445573851,3.99600785001215,4.93361883080764,6.09175925038078,0,6.63896665685171,16.1279861330986,5.46201106508573,0,2.83593368530273,0,0
0,0,0,0,0,0,0,0,0,0,0,0,0,0,0,0,0,0,0,0,0,0,0,0,0,0,0,0,0,0,0,0,8.89437007904053,5.09793314286641,0,0,3.30885431471835,3.03859221935272,5.58657441622969,0,0,0,0,0,0,0,0,5.54294236012735,6.6917633759348,0,0,0,0,0,0,0,0,0,0,0,0,0,0,0,0,0,0,0,0,0,0,0,0,0,0,4.94671892722448,4.86906724332309,4.40907527663491,0,6.01245373487473,11.171826505661,8.70900467609907,7.2581572495974,0,5.88211870193481,0,0
0,0,0,19.9378887812297,0,0,0,0,0,0,0,3.0099276304245,0,0,0,0,0,0,59.9981479644775,5.87065168976391,0,0,0,0,0,0,0,0,0,0,0,3.74539983044764,5.09016191042387,3.84187814351675,0,0,2.98207650306713,5.01045018870656,2.91844085852305,53.1813519795736,0,46.404887898763,83.2527084350586,0,0,34.1431717743745,0,6.72666976806965,0,57.6906795501709,0,0,0,0,0,0,0,10.8662513586191,0,0,0,0,7.85765691052426,0,0,0,0,0,0,0,0,0,40.8817806243896,0,5.3664354513853,2.74761033058167,4.04257844568609,0,6.41122645502059,3.76737501757604,8.370733946069,0,4.46381886204084,4.52955933411916,25.0568261164585,44.8766059875488,0
0,0,30.9727783203125,0,0,0,0,0,0,0,4.09394228534334,0,0,0,0,0,0,0,0,0,6.31108210260109,0,0,0,0,0,0,0,0,0,0,0,3.4858635958139,0,3.30885431471835,2.98207650306713,0,4.53438554207484,4.85449344835293,0,0,0,40.8782609303792,0,0,0,33.3501864842006,6.38829527298609,0,0,31.9497299194336,0,0,0,0,0,15.4007912325859,0,0,0,0,0,0,13.6556203035786,0,0,0,0,0,0,0,0,0,0,11.565375328064,5.02316376630296,0,11.8062710867988,4.60387731814871,6.1473708336557,0,7.24207466292846,5.63287174974689,3.03850370877749,23.5856371073379,0,0
0,20.4613246917725,0,0,0,0,0,0,0,8.70729741934807,0,4.44950742027135,0,0,0,0,0,12.903538608551,0,4.52675892306226,0,3.70229916053243,4.1200300303983,4.47588131280072,23.8305282592773,0,0,2.95437788963318,0,4.40485091221013,0,0,0,5.90358245285758,3.03859221935272,5.01045018870656,4.53438554207484,0,4.18137420059799,0,0,0,0,0,0,0,0,7.70472907348418,0,8.12579669661194,0,0,0,0,0,8.71917972867451,0,8.03638951189571,0,0,0,0,5.44585719335647,0,4.43660626827653,3.58147978782654,6.0638168398724,0,0,0,3.85358489728441,0,6.22218974923666,0,0,0,8.0804805106011,11.1146125793457,6.56091169271547,0,6.25127739436646,4.1521267332814,5.5517670125775,3.60551242451919,5.26753076499071,0,0
0,0,0,0,0,0,0,0,13.6077984896573,0,3.6313620950529,0,0,0,0,0,27.272364616394,0,50.8140296936035,0,3.56774045361413,4.36111984127446,4.34854678579625,0,4.20007778854545,0,0,0,3.3111793845892,0,3.29857853969725,0,0,4.61819928884506,5.58657441622969,2.91844085852305,4.85449344835293,4.18137420059799,0,0,0,0,22.4764194488525,0,0,0,22.5813331604004,5.25839184793104,7.91719525298759,0,0,0,0,0,12.117380304123,0,4.11869934255427,0,0,0,0,0,0,12.7647535115072,0,4.89367481093993,0,9.33031251033147,0,0,0,3.14891918500265,0,3.37332200317932,0,0,17.686695098877,4.60452384577857,0,5.51912897096934,5.5709613337033,5.13303212770663,4.7300522028287,4.30088998815593,6.72548023906685,0,0
0,29.9231281280518,0,40.1688443697416,0,0,0,0,0,0,0,0,0,0,0,0,72.0440805223253,64.7024561564128,37.9850409557945,0,0,0,0,0,68.8828811645508,0,70.1978454589844,0,0,0,0,0,0,0,0,53.1813519795736,0,0,0,0,76.3112973299893,20.4304001684077,54.1006688012017,0,0,24.1436623908855,66.1894683837891,32.914000193278,0,15.5553019209174,0,0,0,0,0,0,0,39.6522955364651,0,0,0,0,8.79722820009504,83.3971099853516,0,0,0,0,0,0,0,0,43.2430374145508,0,0,0,0,0,18.2223890316706,84.6783102852958,51.7163332770852,0,38.5404595718008,0,18.7194650057718,22.2006352679564,57.2810493045383
0,0,30.0475521087646,0,52.8282947540283,0,0,0,0,0,39.0546245574951,0,0,0,0,0,63.5923649470011,84.8250312805176,43.4296431503599,0,48.1137491861979,0,0,0,0,0,0,0,0,0,0,0,0,0,0,0,0,0,0,76.3112973299893,0,68.6798057556152,21.7549124069085,0,30.6303882598877,78.1102714538574,31.1724686017112,0,9.42138443206873,0,38.0766716003418,0,0,0,0,0,38.8014626889615,0,0,0,0,0,81.2278945922852,20.7968180373902,0,0,0,0,0,0,0,0,0,0,0,0,0,0,84.3395748138428,18.7700686241718,0,40.0359878540039,44.2853512198238,0,17.9859356578095,0,18.1947305841384
0,17.7327916463216,0,23.9545086387063,0,0,0,0,0,8.58255880408817,0,0,0,0,0,0,65.7015762329102,45.7010113642766,23.9934092933953,0,0,0,0,0,0,0,0,0,0,0,0,0,0,0,0,46.404887898763,0,0,0,20.4304001684077,68.6798057556152,0,10.9753754933675,0,0,18.2055829668226,47.4536514282227,9.77569492480767,14.930157661438,17.3164971090237,0,0,0,0,0,0,0,11.8000653221714,0,0,0,0,25.6502279248731,71.0279871622721,0,0,0,0,0,0,0,0,12.6233585570469,0,0,0,0,0,28.4433785037718,76.7374593734741,51.7161064147949,0,20.6335167309124,0,16.6504549473586,10.2200362472534,22.9370372806277
12.3092127343019,0,32.2994578361511,0,43.7873818874359,0,0,0,0,0,20.0157613754272,0,0,0,0,0,36.439550106342,76.2446009318034,27.4202932093454,0,35.7295984121469,0,0,0,0,0,0,0,0,0,0,0,0,0,0,83.2527084350586,40.8782609303792,0,22.4764194488525,54.1006688012017,21.7549124069085,10.9753754933675,0,0,6.71131467819214,38.6879348754883,21.7950497019118,8.08955854869154,12.612592852335,36.83354028066,48.6070801871164,0,0,0,0,0,24.3532551201907,0,0,0,0,0,62.326587677002,26.9591547492892,0,0,0,0,0,0,0,0,0,0,0,0,0,0,71.7832271030971,29.2138981751111,0,27.3529133796692,16.690409982247,0,13.6425371027799,14.9126958847046,8.70747169810564
0,0,0,0,0,0,0,0,0,0,0,0,0,0,0,0,0,0,0,0,0,0,0,0,0,0,0,0,0,0,0,0,0,0,0,0,0,0,0,0,0,0,0,0,0,0,0,0,0,0,0,0,0,0,0,0,0,0,0,0,0,0,0,0,0,0,0,0,0,0,0,0,0,0,0,0,0,0,0,0,0,0,0,0,0,0,0
0,0,0,0,0,0,0,0,0,0,0,0,0,0,0,0,0,0,10.5099115371704,0,0,0,0,0,0,0,0,0,0,0,0,0,0,0,0,0,0,0,0,0,30.6303882598877,0,6.71131467819214,0,0,0,0,0,0,0,0,0,0,0,0,0,0,0,0,0,0,0,0,32.7928199768066,0,0,0,0,0,0,0,0,0,0,0,0,0,0,0,35.3125756581624,0,0,0,0,9.84447916348775,0,0
0,0,0,25.8701028823853,0,0,0,0,0,0,0,0,0,0,0,0,53.8714637756348,71.5751485824585,37.4396961410611,0,71.4320602416992,0,0,0,0,0,0,0,0,0,0,0,0,0,0,34.1431717743745,0,0,0,24.1436623908855,78.1102714538574,18.2055829668226,38.6879348754883,0,0,0,58.2554715474447,0,0,39.3273162841797,0,0,0,0,0,0,0,25.7554901513186,0,0,0,0,11.0116514522346,72.6759757995605,0,0,0,0,0,0,0,0,24.2197968409612,0,0,0,0,0,22.9388627529711,79.8139747778575,12.480611241488,0,34.5136956648393,0,13.710915391228,32.3955821990967,50.9460156758626
0,0,0,0,0,0,0,0,0,0,53.3466644287109,0,0,0,0,0,86.3964996337891,53.265796661377,27.5575611173492,0,19.1131401062012,0,0,0,0,0,0,0,0,0,0,0,0,0,0,0,33.3501864842006,0,22.5813331604004,66.1894683837891,31.1724686017112,47.4536514282227,21.7950497019118,0,0,58.2554715474447,0,35.6166561126709,36.2734982783978,0,0,0,0,0,0,0,21.5820791244507,0,0,0,0,0,0,11.3597963803203,0,0,0,0,0,0,0,0,0,0,0,0,0,0,64.8434878262607,25.8616814495003,0,18.2735228538513,22.6601672018728,0,20.817183801106,0,23.1113840103149
0,0,0,32.2842864990234,0,0,0,0,0,18.2465057373047,0,0,0,0,0,0,0,0,49.6567916870117,0,0,0,0,0,0,0,0,0,0,0,0,5.21800570076189,5.13550946810013,5.48650480663152,5.54294236012735,6.72666976806965,6.38829527298609,7.70472907348418,5.25839184793104,32.914000193278,0,9.77569492480767,8.08955854869154,0,0,0,35.6166561126709,0,7.75858786641589,9.96962698085509,0,0,0,0,0,0,0,0,0,0,0,0,41.5816383361816,22.6574022928874,0,0,0,0,0,0,0,0,0,0,6.91659942498055,7.71688527868371,5.51834105775887,6.15442345324937,6.24695092844461,9.49237091781309,6.4356880105775,6.9964229196242,7.37533284195008,0,8.5335696392026,0,19.2893562316895
4.64423564288407,0,18.5918299305824,0,45.5498151779175,0,0,0,8.75558180468423,0,49.3524742126465,0,0,0,3.89655518531799,0,0,0,55.6945915222168,0,35.1847090099169,0,5.03630354729566,0,11.1879703521729,0,0,0,0,0,0,13.3970340092977,5.3520610332489,0,6.6917633759348,0,0,0,7.91719525298759,0,9.42138443206873,14.930157661438,12.612592852335,0,0,0,36.2734982783978,7.75858786641589,0,15.6214072133454,22.6969049771627,0,0,0,6.56613791900076,0,44.0059018816267,0,8.0409107208252,0,3.86341846642429,0,0,26.1278154871485,0,5.39457388980048,0,4.99620512691704,0,5.33071584105492,0,0,0,0,13.5358339945475,11.4336430694484,0,4.48543584346771,0,11.4656390622727,0,7.24264360010741,10.9153924262254,0,11.2609509564759,0,22.0441835721334
0,7.26624906707454,0,7.67479206138933,0,0,0,0,0,5.55537722277087,0,0,0,0,0,0,64.9747161865234,0,43.3561508503366,0,0,7.07084894180298,0,0,0,0,0,0,0,0,0,7.17392683029175,16.8352851867676,11.364164352417,0,57.6906795501709,0,8.12579669661194,0,15.5553019209174,0,17.3164971090237,36.83354028066,0,0,39.3273162841797,0,9.96962698085509,15.6214072133454,0,0,0,0,0,0,4.61692235299519,0,22.2087421882443,0,3.57530736923218,0,0,35.2463766098022,0,3.74054393172264,0,5.33260792952317,0,0,0,2.72921848297119,0,11.7240909337997,0,13.6644526057773,19.9397508886796,0,0,16.8708830602241,23.4859487093412,4.71925225450421,0,19.8751430309296,0,12.2166993676037,31.4516536712646,0
0,0,8.21516799926758,0,3.80676950211894,0,7.05657846587045,0,2.94495344161987,0,0,0,0,0,3.01498545540704,0,0,0,0,0,0,0,0,0,0,0,0,0,0,0,0,0,0,0,0,0,31.9497299194336,0,0,0,38.0766716003418,0,48.6070801871164,0,0,0,0,0,22.6969049771627,0,0,0,5.09399548584853,0,3.01947832107544,0,5.75575058518386,0,3.94010175296238,0,3.02926667531331,0,0,16.8968002001445,0,0,0,0,0,0,0,0,0,0,0,0,0,0,0,0,0,0,3.97697541217676,0,12.309145449282,0,0
0,0,0,5.97491345192467,0,4.03308821361577,0,5.15715735912323,0,0,0,0,0,0,0,0,0,0,0,0,0,0,0,0,0,0,0,0,0,0,0,0,0,0,0,0,0,0,0,0,0,0,0,0,0,0,0,0,0,0,0,0,0,4.36236872046422,0,0,0,3.44791367136199,0,3.03758677840233,0,0,4.35791595776876,0,0,0,0,0,0,0,0,0,0,0,0,0,0,0,0,0,0,0,4.91706150832492,0,5.98362444341183,0,0
0,0,0,0,5.55508381586808,0,3.15198435816732,0,0,0,2.73417147000631,0,2.95517754554749,0,0,0,0,0,0,0,0,0,0,0,0,0,0,0,0,0,0,0,0,0,0,0,0,0,0,0,0,0,0,0,0,0,0,0,0,0,5.09399548584853,0,0,0,0,0,2.90450503826141,0,0,0,0,0,0,0,0,0,0,0,0,0,0,0,0,0,0,0,0,0,0,0,0,0,3.25951762450369,0,0,0,0
0,0,0,0,0,4.47338318221177,0,4.03167462493434,0,0,0,9.06416479746501,0,3.79227155905504,0,0,0,0,0,6.42324328422546,0,0,0,0,0,0,0,0,0,0,0,0,0,0,0,0,0,0,0,0,0,0,0,0,0,0,0,0,0,0,0,4.36236872046422,0,0,0,0,0,5.54021559088197,0,4.8246684457049,0,0,7.19328706711531,0,0,0,0,0,0,0,0,0,0,0,0,0,0,0,0,0,0,0,3.23792177510549,0,6.35536599981374,0,0
6.54303170094448,0,6.11431884765625,0,2.82124406099319,0,0,0,7.14225941500275,0,0,0,0,0,4.10568917592367,0,24.3661028699177,40.1147840023041,20.0321498650771,0,0,0,24.6277526855469,34.5629196166992,18.514505520463,0,22.8425275756092,0,0,0,0,0,0,0,0,0,0,0,12.117380304123,0,0,0,0,0,0,0,0,0,6.56613791900076,0,3.01947832107544,0,0,0,0,0,0,0,0,0,3.8503503370285,0,0,0,0,0,0,7.29256888194186,0,12.4073393004281,0,0,0,0,0,0,0,0,0,0,0,11.7719637498856,15.9749856423109,0,11.2348206089992,0,0
0,6.09830850285956,0,0,0,9.10772160121373,0,0,0,5.76049266744672,0,0,0,0,0,10.1265494227409,0,10.4453072428703,0,0,0,0,0,3.58464811398433,0,0,0,0,0,0,0,0,0,0,0,0,0,8.71917972867451,0,0,0,0,0,0,0,0,0,0,0,4.61692235299519,0,0,0,0,0,0,0,0,0,0,0,8.55762141446272,0,0,0,0,5.83679445961426,0,0,0,0,0,0,0,0,0,21.8701343536377,0,0,0,7.91339901347219,0,7.25156985202306,0,10.9230628013611,0,0
0,0,0,0,6.80286602973938,0,2.97084883815986,0,0,0,4.72570310906882,0,2.99327659606934,0,0,0,0,0,46.9517011642456,0,6.05664890812289,0,0,0,0,0,0,0,0,0,7.59427604595376,0,0,0,0,0,15.4007912325859,0,4.11869934255427,0,38.8014626889615,0,24.3532551201907,0,0,0,21.5820791244507,0,44.0059018816267,0,5.75575058518386,0,2.90450503826141,0,0,0,0,0,2.7503662109375,0,0,0,0,8.42200164555762,0,0,0,0,0,0,0,0,0,10.3599482455886,0,0,0,0,0,40.2029612760628,0,0,7.74919252196948,0,12.3808696571916,0,16.7974171447754
0,38.9810600280762,0,24.5471529585592,0,5.42428728938103,0,5.05635272624881,0,0,0,6.77452640351058,0,10.5259513137161,0,0,0,0,22.3298987579346,5.7539625776575,0,0,0,0,0,0,0,4.85065873463949,0,3.61088832749261,0,0,0,0,0,10.8662513586191,0,8.03638951189571,0,39.6522955364651,0,11.8000653221714,0,0,0,25.7554901513186,0,0,0,22.2087421882443,0,3.44791367136199,0,5.54021559088197,0,0,0,0,0,8.26546466210309,0,0,6.40084972507075,0,0,0,0,0,0,0,4.8568771481514,0,6.60640961431458,0,0,0,0,0,36.4460359656292,103.240509033203,10.8997565488661,0,11.5985762367303,0,12.679084214167,15.9449859619141,0
0,0,0,0,6.9670078754425,0,2.74009569485982,0,0,0,3.01467370986938,0,3.61240281978575,0,3.05691862106323,0,0,0,0,0,0,0,0,0,0,0,0,0,0,0,0,0,0,0,0,0,0,0,0,0,0,0,0,0,0,0,0,0,8.0409107208252,0,3.94010175296238,0,0,0,0,0,2.7503662109375,0,0,0,2.97753393650055,0,0,0,0,0,0,0,0,0,0,3.19592816489083,0,0,0,0,0,0,0,0,0,0,3.17796583402724,2.75269246101379,0,0,0
0,0,0,0,0,0,0,4.14118309153451,0,0,0,7.40475556324957,0,5.27493552790844,0,2.85581195354462,0,0,0,0,0,0,0,0,0,0,0,3.9337258596678,0,0,0,0,0,0,0,0,0,0,0,0,0,0,0,0,0,0,0,0,0,3.57530736923218,0,3.03758677840233,0,4.8246684457049,0,0,0,8.26546466210309,0,0,0,4.85944104194641,0,0,0,0,0,0,5.56130186716716,0,5.84747363726298,0,13.7290566762288,0,0,0,0,0,0,0,0,0,3.38796827762942,2.96430778503418,0,0,0
3.66179915478355,0,0,0,4.07290232181549,0,0,0,3.30921122233073,0,0,0,2.94958408673604,0,3.0014899458204,0,7.68528045190347,0,21.3080711364746,0,0,0,0,0,22.5594711303711,0,0,0,0,0,0,0,0,0,0,0,0,0,0,0,0,0,0,0,0,0,0,0,3.86341846642429,0,3.02926667531331,0,0,0,3.8503503370285,0,0,0,2.97753393650055,0,0,0,0,0,0,0,0,9.19703420003255,0,4.09091892242432,0,0,0,0,0,0,0,0,0,0,0,0,8.43846988677979,0,0,0,0
0,0,0,4.09208770692348,0,3.06526780128479,0,0,0,2.98520411144603,0,0,0,5.5696144203345,0,3.84290873402297,0,9.69832376071385,0,0,0,0,0,0,0,0,0,9.02600288391113,0,0,0,0,0,0,0,0,0,0,0,0,0,0,0,0,0,0,0,0,0,0,0,0,0,0,0,8.55762141446272,0,0,0,4.85944104194641,0,0,0,0,0,0,5.17027461528778,0,2.94560563564301,0,5.7561229467392,0,0,0,0,0,0,0,0,0,0,0,4.09629597663879,0,5.11907990773519,0,0
0,30.5699729919434,0,34.8474540710449,0,0,0,6.38408049017982,0,0,0,5.64498317050934,0,0,0,0,74.8411763509115,67.718994140625,47.6606402201195,4.79213422577783,0,0,0,0,0,0,0,0,0,0,0,0,0,0,0,7.85765691052426,0,5.44585719335647,0,8.79722820009504,81.2278945922852,25.6502279248731,62.326587677002,0,0,11.0116514522346,0,41.5816383361816,0,35.2463766098022,0,4.35791595776876,0,7.19328706711531,0,0,0,6.40084972507075,0,0,0,0,0,0,0,0,0,0,0,0,0,0,24.0477403494028,0,0,0,0,0,15.8355016353266,92.2927484512329,12.1113753612299,0,7.4826712870473,0,15.0611990011613,53.9067293802897,65.5258054733276
0,0,0,0,20.0368003845215,0,0,0,0,0,9.60197124171844,0,0,0,0,0,79.9565569559733,83.7531433105469,49.6589685126917,0,5.81715166406856,0,0,0,0,0,0,0,0,0,0,0,0,0,0,0,13.6556203035786,0,12.7647535115072,83.3971099853516,20.7968180373902,71.0279871622721,26.9591547492892,0,32.7928199768066,72.6759757995605,11.3597963803203,22.6574022928874,26.1278154871485,0,16.8968002001445,0,0,0,0,0,8.42200164555762,0,0,0,0,0,0,0,0,0,0,0,0,0,0,0,0,0,0,0,0,0,88.2949028015137,16.7299580712742,0,9.24876905149884,9.12566866792834,0,16.0015009071404,0,25.1014115142822
0,0,0,0,0,0,0,0,0,0,0,0,0,0,0,0,0,4.53564695328001,0,0,0,4.5230972793548,3.57144891854488,3.95467200279236,0,0,0,4.33278522491455,0,0,0,0,0,0,0,0,0,4.43660626827653,0,0,0,0,0,0,0,0,0,0,0,3.74054393172264,0,0,0,0,0,0,0,0,0,0,0,0,0,0,0,0,3.57947357495626,0,3.94109909534454,0,6.24697073019168,0,0,0,0,0,0,0,0,0,6.34617312591393,0,4.03355606177757,3.59053516387939,0,0,0
0,0,0,0,0,0,0,0,29.555154800415,0,0,0,0,0,0,0,6.7095414797465,0,0,0,0,2.99660725593567,4.62684295324791,0,0,0,5.05777502059937,0,3.29221663210127,0,0,0,0,0,0,0,0,3.58147978782654,4.89367481093993,0,0,0,0,0,0,0,0,0,5.39457388980048,0,0,0,0,0,0,0,0,0,0,0,0,0,0,0,0,0,0,3.84691352314419,0,2.99854145646095,0,3.34540976130444,0,0,0,0,0,0,0,0,0,6.97061185003732,3.73402911424637,0,0,0,0
0,6.22514820098877,0,0,0,0,0,0,33.7508735656738,5.74276208877563,0,0,0,0,0,0,25.6646815935771,11.3290838384137,26.2526292800903,0,0,4.26800802775792,0,4.48242643339469,24.4383068084717,4.01679086685181,0,0,0,0,0,0,0,0,0,0,0,6.0638168398724,0,0,0,0,0,0,0,0,0,0,0,5.33260792952317,0,0,0,0,0,5.83679445961426,0,0,0,0,0,5.17027461528778,0,0,3.57947357495626,0,0,0,0,0,0,0,0,0,0,0,19.4837786356608,0,0,0,5.80492853162179,0,7.36546604190253,0,5.05138373374939,0,0
0,0,0,0,0,0,0,0,11.3943170724913,0,0,0,0,0,7.38586854934692,0,21.9934833228933,27.0859234368623,36.6351975032261,0,0,0,4.31096748794828,25.1048145294189,4.01749830979567,0,20.3212559700012,0,0,0,0,0,0,0,0,0,0,0,9.33031251033147,0,0,0,0,0,0,0,0,0,4.99620512691704,0,0,0,0,0,7.29256888194186,0,0,0,0,0,9.19703420003255,0,0,0,0,3.84691352314419,0,0,0,3.73658370088648,0,0,0,0,0,0,0,0,0,88.6505432128906,0,8.54231343917476,20.8104808486876,0,12.0117875979497,0,0
0,0,0,0,0,0,0,0,0,0,0,0,0,9.03763275146484,0,3.58791065216064,0,6.5997386082359,0,0,0,0,0,2.95772433280945,0,3.07078487532479,0,4.1122074509395,0,0,0,0,0,0,0,0,0,0,0,0,0,0,0,0,0,0,0,0,0,0,0,0,0,0,0,0,0,0,0,5.56130186716716,0,2.94560563564301,0,0,3.94109909534454,0,0,0,0,0,5.88749289575376,0,0,0,0,0,0,0,0,0,0,0,2.86823117733002,0,0,0,0
0,0,0,0,0,0,0,0,19.5851585388184,0,0,0,0,0,2.95108032226562,0,13.4386860529582,32.5493762969971,40.2780570983887,0,0,0,12.6878593762716,0,11.2303524398804,0,6.46899308829472,0,0,0,0,0,0,0,0,0,0,0,0,0,0,0,0,0,0,0,0,0,5.33071584105492,0,0,0,0,0,12.4073393004281,0,0,0,0,0,4.09091892242432,0,0,0,0,2.99854145646095,0,3.73658370088648,0,0,0,3.44192287656996,0,0,0,0,0,0,0,0,0,0,15.8342734707726,0,0,0,0
0,0,0,0,0,0,0,0,0,0,0,4.86889673568107,0,2.97633668780327,0,0,0,0,0,0,0,4.68421256542206,0,0,0,3.24099905867326,0,4.49929366048689,0,4.18263012616813,0,0,0,0,0,0,0,3.85358489728441,0,0,0,0,0,0,0,0,0,0,0,2.72921848297119,0,0,0,0,0,0,0,4.8568771481514,0,5.84747363726298,0,5.7561229467392,0,0,6.24697073019168,0,0,0,5.88749289575376,0,0,0,7.72672923260749,0,0,0,0,0,0,0,6.37720832936145,0,3.40637220797085,3.0128097931544,3.13660669326782,0,0
0,0,0,0,0,0,0,0,0,0,0,0,3.07249939441681,0,0,0,0,0,0,0,0,0,3.26126583417257,0,0,0,2.81139794985453,0,4.26337664692025,0,0,0,0,0,0,0,0,0,3.14891918500265,0,0,0,0,0,0,0,0,0,0,0,0,0,0,0,0,0,0,0,3.19592816489083,0,0,0,0,0,0,3.34540976130444,0,0,0,3.44192287656996,0,0,0,0,0,0,0,0,0,0,0,4.527889808019,2.825927734375,0,0,0,0
0,0,0,26.3841427697076,0,0,0,0,0,0,0,4.96976267137193,0,21.8257611592611,0,0,0,0,23.5088183754369,0,0,0,0,0,0,0,0,6.02426580588023,0,4.77512557879391,0,0,0,0,0,40.8817806243896,0,6.22218974923666,0,43.2430374145508,0,12.6233585570469,0,0,0,24.2197968409612,0,0,0,11.7240909337997,0,0,0,0,0,0,0,6.60640961431458,0,13.7290566762288,0,0,24.0477403494028,0,0,0,0,0,0,0,7.72672923260749,0,0,0,0,0,0,0,53.9057377406529,0,8.97000565534363,0,25.6711747699314,0,13.5511710521053,17.9496965408325,0
0,0,0,0,0,0,0,0,0,0,10.6569236745226,0,0,0,0,0,0,0,0,0,0,0,0,0,0,0,0,0,3.42387785824067,0,5.35260026220895,0,0,0,0,0,0,0,3.37332200317932,0,0,0,0,0,0,0,0,0,0,0,0,0,0,0,0,0,10.3599482455886,0,0,0,0,0,0,0,0,0,0,0,0,0,0,0,0,0,0,0,0,0,0,0,0,4.77565278543745,3.16229681968689,3.17371010780334,0,0,0
0,0,0,0,0,0,0,0,0,0,0,0,0,0,0,0,0,0,0,0,0,0,0,0,0,0,0,0,0,0,0,4.90267917332372,5.23860950623789,3.26322185993195,0,5.3664354513853,11.565375328064,0,0,0,0,0,0,0,0,0,0,6.91659942498055,13.5358339945475,13.6644526057773,0,0,0,0,0,0,0,0,0,0,0,0,0,0,0,0,0,0,0,0,0,0,0,0,0,15.3825378677784,4.75392892649945,0,5.48107129927748,20.3491924285889,0,0,4.24628088580575,0,17.3081474304199,0,0
0,0,0,0,0,0,0,0,0,0,0,0,0,0,0,0,0,0,0,0,0,0,0,0,0,0,0,0,0,0,0,6.13532899963785,5.88547585954396,3.95118445573851,4.94671892722448,2.74761033058167,5.02316376630296,0,0,0,0,0,0,0,0,0,0,7.71688527868371,11.4336430694484,19.9397508886796,0,0,0,0,0,0,0,0,0,0,0,0,0,0,0,0,0,0,0,0,0,0,0,0,15.3825378677784,0,4.08899185673291,7.23643437099131,17.3606634140015,8.91864277124405,0,0,3.49680110110956,0,22.2540550231934,0,0
0,0,0,0,0,0,0,0,0,0,0,0,0,0,0,0,0,0,0,0,0,0,0,20.8550777435303,0,0,0,0,0,0,0,0,4.09099253018697,3.99600785001215,4.86906724332309,4.04257844568609,0,8.0804805106011,17.686695098877,0,0,0,0,0,0,0,0,5.51834105775887,0,0,0,0,0,0,0,21.8701343536377,0,0,0,0,0,0,0,0,0,0,19.4837786356608,0,0,0,0,0,0,0,4.75392892649945,4.08899185673291,0,6.06471724880213,8.25437098148402,0,5.68550005266743,17.7231678962708,6.62931131965974,0,7.0554826259613,0,0
0,0,0,0,0,0,0,0,0,0,0,0,0,0,0,0,0,0,0,0,0,0,0,0,0,0,0,0,0,0,0,0,9.91961107254028,4.93361883080764,4.40907527663491,0,11.8062710867988,11.1146125793457,4.60452384577857,0,0,0,0,0,0,0,0,6.15442345324937,4.48543584346771,0,0,0,0,0,0,0,0,0,0,0,0,0,0,0,0,0,0,0,0,0,0,0,0,0,0,7.23643437099131,6.06471724880213,0,0,4.55532410065038,13.561217880249,4.97220865294827,7.22357835088457,0,0,0,0
0,45.6230209350586,0,38.0025234818459,0,0,0,0,71.410758972168,0,0,4.95321009205837,0,0,0,0,73.0744994481405,80.1880029950823,41.3325639357702,7.96064653917521,0,0,95.4114074707031,0,90.5352783203125,0,0,0,0,0,0,4.40381987767197,12.7992757161458,6.09175925038078,0,6.41122645502059,4.60387731814871,6.56091169271547,0,18.2223890316706,84.3395748138428,28.4433785037718,71.7832271030971,0,0,22.9388627529711,64.8434878262607,6.24695092844461,0,16.8708830602241,0,0,0,0,0,0,0,36.4460359656292,0,0,0,0,15.8355016353266,88.2949028015137,0,0,0,0,0,0,0,0,53.9057377406529,0,5.48107129927748,17.3606634140015,8.25437098148402,0,0,72.0765642910213,9.03367977143976,91.2182312011719,14.6358675914551,4.03034237027168,31.3473397425111,32.7051683874691,67.564679926092
0,0,38.9451510111491,0,0,0,0,0,0,0,13.6055475383435,0,0,0,0,0,69.3750814508509,83.4361063639323,50.4968873793767,0,8.27132013960907,0,0,0,72.0509834289551,0,0,0,0,0,0,15.9865359465281,3.51218070063675,0,6.01245373487473,3.76737501757604,6.1473708336557,0,5.51912897096934,84.6783102852958,18.7700686241718,76.7374593734741,29.2138981751111,0,35.3125756581624,79.8139747778575,25.8616814495003,9.49237091781309,11.4656390622727,23.4859487093412,0,0,0,0,0,0,40.2029612760628,103.240509033203,0,0,0,0,92.2927484512329,16.7299580712742,0,0,0,88.6505432128906,0,0,0,0,0,0,20.3491924285889,8.91864277124405,0,4.55532410065038,72.0765642910213,0,92.5332489013672,7.36442701441212,8.95432082793771,3.47152702228443,35.1453514228481,0,37.0773220665847
0,0,0,33.9263404210409,0,0,0,0,0,9.64880744301447,0,5.91620077249658,0,0,0,0,0,20.7879430770874,31.1389564902095,8.97244566562129,0,5.49305917958179,0,6.8957574287517,0,0,0,5.94941214941166,0,7.04239546014963,0,0,0,6.63896665685171,11.171826505661,8.370733946069,0,6.25127739436646,5.5709613337033,51.7163332770852,0,51.7161064147949,0,0,0,12.480611241488,0,6.4356880105775,0,4.71925225450421,0,0,0,0,0,7.91339901347219,0,10.8997565488661,0,0,0,0,12.1113753612299,0,6.34617312591393,0,5.80492853162179,0,0,0,6.37720832936145,0,8.97000565534363,0,0,0,5.68550005266743,13.561217880249,9.03367977143976,92.5332489013672,0,5.95450804829597,8.83527978913,8.98766927492051,16.5843590240479,22.7417087554932,0
0,0,0,0,0,0,0,0,17.5131376350627,0,4.60532750452266,0,0,0,0,0,25.3200720403796,41.1661016146342,38.6059141892653,0,3.80514877394768,6.21319079399109,7.58460815419856,0,5.41965218952724,0,27.507399559021,0,4.96718219230915,0,4.18478505992889,0,0,16.1279861330986,8.70900467609907,0,7.24207466292846,4.1521267332814,5.13303212770663,0,40.0359878540039,0,27.3529133796692,0,0,0,18.2735228538513,6.9964229196242,7.24264360010741,0,0,0,0,0,11.7719637498856,0,0,0,0,0,0,0,0,9.24876905149884,0,6.97061185003732,0,8.54231343917476,0,0,0,4.527889808019,0,4.77565278543745,0,0,17.7231678962708,4.97220865294827,91.2182312011719,7.36442701441212,5.95450804829597,0,6.35207023541989,6.82288644711177,13.9885236658949,0,19.1074705123901
9.51540340611964,11.2765097818375,23.600049571991,20.9237012526928,6.2798775849135,5.41535572453243,3.01769913109866,3.09546541875125,11.9245923572218,6.35773788212357,3.74685392672555,5.79122154973447,3.0514481816973,3.48517381668091,8.84525034604249,3.13076101030622,16.9524866078819,11.9474093247366,15.193719600288,6.64719201656098,5.18955851081879,5.18743758240845,16.532906038746,6.54088655408452,16.2547720522026,6.08802961877414,17.7499107316136,5.377232261326,2.87617154554887,0,3.14977318362186,3.24673952125921,5.21479159135085,5.46201106508573,7.2581572495974,4.46381886204084,5.63287174974689,5.5517670125775,4.7300522028287,38.5404595718008,44.2853512198238,20.6335167309124,16.690409982247,0,0,34.5136956648393,22.6601672018728,7.37533284195008,10.9153924262254,19.8751430309296,3.97697541217676,4.91706150832492,3.25951762450369,3.23792177510549,15.9749856423109,7.25156985202306,7.74919252196948,11.5985762367303,3.17796583402724,3.38796827762942,8.43846988677979,4.09629597663879,7.4826712870473,9.12566866792834,4.03355606177757,3.73402911424637,7.36546604190253,20.8104808486876,2.86823117733002,15.8342734707726,3.40637220797085,2.825927734375,25.6711747699314,3.16229681968689,4.24628088580575,3.49680110110956,6.62931131965974,7.22357835088457,14.6358675914551,8.95432082793771,8.83527978913,6.35207023541989,0,4.87148468501221,20.18099321459,13.9390949249268,17.0160754836839
0,0,0,0,0,0,3.21564531326294,0,0,4.27783218766474,0,0,2.85804905511637,3.89171719551086,0,0,17.0905737131834,5.75783924119813,21.9085826873779,0,0,3.94071814417839,2.89110010641593,0,0,0,0,0,2.83480842908223,0,2.7518298625946,0,0,0,0,4.52955933411916,3.03850370877749,3.60551242451919,4.30088998815593,0,0,0,0,0,0,0,0,0,0,0,0,0,0,0,0,0,0,0,2.75269246101379,2.96430778503418,0,0,0,0,3.59053516387939,0,0,0,0,0,3.0128097931544,0,0,3.17371010780334,0,0,0,0,4.03034237027168,3.47152702228443,8.98766927492051,6.82288644711177,4.87148468501221,0,0,0,0
