0,0,13.7498750984669,0,0,0,0,0,441.881590038538,0,0,0,0,0,0,0,1.76596936583519,3.93914967775345,244.325921699405,0,0.445442542433739,0,0,0,0,0,0,0,0,0,1.3534349501133,0,0,0,0,0,48.4443030953407,0,4.40375463664532,0,2.89495360851288,0,42.5581423938274,0,0,0,54.4717777073383,0,71.7392137497663,0,0,0,0,0,291.614511370659,0,9.55316108465195,0,0.254689276218414,0,0,0,0,3.95371656119823,0,0,0,1.38940188288689,0,1.15240773558617,0,0.234645485877991,0,23.429611325264,0,0,0,0,0,219.679760336876,0,56.7290692180395,359.883354216814,0,374.559383168817,0,3.05763080716133
0,0,0,201.837764203548,0,0,0,0,0,160.660815894604,0,0,0,0,0,0,0,0,0.30596399307251,0,0,0,0,0,0,0,0,0,0,0,0,0,0,0,0,0.257814764976501,0,0.70433098077774,0,0,0,50.358946248889,0,0,0,0,0,0,0,180.988334983587,0,0,0,0,0,12.6582515835762,0,0.203602939844131,0,0,0,5.87004178762436,0,0,0,0,0.554532587528229,0,0.303379118442535,0,0.733478665351868,0,1.24991971254349,0,0,0,0,0,0.793380737304688,0,0.609374731779099,0,50.8393414020538,0,231.74037733674,0,0
13.7498750984669,0,0,0,102.668473184109,0,0,0,175.13220256567,0,0,0,0,0,0,0,0.284118086099625,0,0.758263632655144,0,0,0,0,0,0,0,0,0,0,0,0,0,0,0,0,0,2.64505971968174,0,0.60221029818058,0,8.10548833012581,0,37.7943360954523,0,0,0,24.3912535905838,0,51.7043652832508,0,44.319426625967,0,0,0,59.6690610796213,0,13.8758756518364,0,3.0094610452652,0,7.49199163913727,0,0,0.458370685577393,0,0,0,0,0,0,0,0.218423545360565,0,19.2910743951797,0,0,0,0,0,6.31057315319777,0,4.58682206273079,51.4020145684481,2.48599886894226,141.514495462179,0,4.01974530518055
0,201.837764203548,0,0,0,20.207084774971,0,0,0,30.3284330666065,0,0,0,0,0,0,0,0,2.50172400474548,0,0,0,0,0,0,0,0,0,0,7.5858505666256,0,0,0,0,0,5.88009035587311,0.701099067926407,4.89546862244606,0,2.77141968905926,0,82.3287296593189,0.417649313807487,0,0,14.4456250071526,0.240680187940598,8.8705403059721,0.630041539669037,50.2892745286226,0,123.922734588385,0,0,0,303.110447049141,0,66.6627798229456,0,13.0343278646469,0,50.0693820416927,0.902875855565071,0,0.625226840376854,0,0,0,0.472983166575432,0,8.73888196051121,0,108.8555778265,0,0,0,0,0,16.9076581820846,0.20180769264698,29.9496581405401,0,143.555260673165,0.362063705921173,277.781682372093,3.44191913306713,0
0,0,102.668473184109,0,0,0,7.029465675354,0,101.925907164812,0,0,0,33.2075656652451,0,28.7554073929787,0,0,0,0,0,0,0,0,0,0,0,0,0,0,0,0,0,0,0,0,0,5.00199508666992,0,0,0,3.60044479370117,0,0.72602254152298,0,0,0,2.85440582036972,0,4.0514053106308,0,346.369443565607,0,28.4491810798645,0,11.7844986915588,0,0,0,15.7692394554615,0,0.532735824584961,0,0,0,0,0,0,0,0,0,0,0,0,0,0,0,0,0,0,0,0,0,153.334070324898,0,79.7305625975132,0,0
0,0,0,20.207084774971,0,0,0,0,0,28.8951491117477,0,10.1466330885887,0,0,0,0,0.244182050228119,0,2.44079242646694,130.528793305159,0,0,0,0,0,0,0,0,0,0,0,0,0,0,0,15.4651148021221,2.80143229663372,0.224468484520912,0,0.115949042141438,0,7.40038289129734,0,0,0,7.37933859229088,0,17.8477494716644,0.898244500160217,8.39730221033096,0,279.736424684525,0,0,0,55.8075556755066,0,3.42005935311317,0,0,0,0,266.41008836031,0,0,0,0,0,0,0,0.434231668710709,0,2.63196055591106,0,0,0,0,0,77.4413644000888,1.27604083716869,1.12449483573437,0,812.927813991904,0,414.679284915328,0,0
0,0,0,0,7.029465675354,0,0,0,0,0,101.349724769592,0,24.5451846122742,0,0,0,0,0,0,0,180.30785369873,0,0,0,0,0,0,0,0,0,0,0,0,0,0,0,43.2309598326683,0,0,0,0,0,0,0,0,0,0,0,0,0,0,0,251.818038165569,0,0,0,60.94656214118,0,136.542026162148,0,0,0,0,0,0,0,0,0,0,0,0,0,0,0,0,0,0,0,0,1.20603895187378,0,0,65.0924705862999,0,0,0,0
0,0,0,0,0,0,0,0,0,0,0,84.6825542449951,0,0,0,0,0,0,0,0,0,0,0,0,0,0,0,0,0,0,0,0,0,0,0,0,0,0,0,0,0,0,0,0,0,0,0,0,0,0,0,0,0,9.22776734828949,0,0,0,0,0,30.7481405735016,0,0,0,0,0,0,0,0,0,0,0,0,0,0,0,0,0,0,0,0,0,0,0,0,0,0,0
441.881590038538,0,175.13220256567,0,101.925907164812,0,0,0,0,0,0,0,0,0,197.114199101925,0,0,0,0,0,2.21184897422791,0,0,0,78.1195135265589,0,0,0,0,0,0.393422454595566,0,0,0,0,0,0,0,5.01131501793861,0,0,0,13.345496147871,0,0,0,1.27634000778198,0,0.786796271800995,0,1.54126250743866,0,0,0,892.915600597858,0,1.18145246803761,0,0,0,38.5890069007874,0,0,0,0,0,0,42.1529507339001,0,0,0,0,0,3.4309294372797,0,0,0,0,0,0,0,0,509.215864524245,0,257.906569331884,0,0.360039502382278
0,160.660815894604,0,30.3284330666065,0,28.8951491117477,0,0,0,0,0,0,0,0,0,1.85062837600708,2.75550079345703,0.380296319723129,0,0,0,0,0,3.55443724989891,0,0,0,0,0,0,0,0,0,0,0,0,0,27.208780169487,0,0,0,26.3644820898771,0,0,0,3.2822277545929,0,0,0,1.30795270204544,0,0,0,0,0,768.787302106619,0,0,0,0,0,0,0,0,0,0,27.7506330311298,0,0,0,0,0,0.24802453815937,0,0,0,0,0,0,0,0.812660306692123,0,622.008601292968,0,269.066907018423,0,0
0,0,0,0,0,0,101.349724769592,0,0,0,0,0,44.8422584533691,0,0,0,0,0,0,0,345.470810294151,0,0,0,0,0,0,0,9.30316895246506,0,261.606538012624,0,0,0,0,0,8.30779924988747,0,371.217206001282,1.32348740100861,0,0,0,0,0,0,0.394260868430138,0,0,0,0,0,2.39234632253647,0,0,0,1881.15092611313,0,97.8573030233383,0,0,0,0,28.6691275835037,0,0,0,0,0,0,0,0,0,281.593748241663,0,0,0,0,0,1.50399547815323,0,12.1573633700609,308.189176648855,0,2.29931928217411,0,0
0,0,0,0,0,10.1466330885887,0,84.6825542449951,0,0,0,0,0,7.01963448524475,0,0,0,0,5.51774191856384,44.4981636703014,0,0,0,0,0,0,0,0,0,250.280827373266,0,0,0,0,0,5.10687232017517,0,210.50124040246,0,0,0,4.04680424928665,0,0,0,11.8731770217419,0,0,0,0,0,6.21039485931396,0,12.9299961328506,0,0,0,887.554385706782,0,0,0,0,25.8436251580715,0,0,0,0,0,0,0,0.257292896509171,0,175.233840435743,0,0,0,0,0,0.180782616138458,0,44.3812893778086,0,306.151182815433,0,9.07329286634922,1.03090298175812,0
0,0,0,0,33.2075656652451,0,24.5451846122742,0,0,0,44.8422584533691,0,0,0,28.2899878770113,0,0,0,0,0,0,0,0,0,0,0,0,0,40.8656938672066,0,0,0,0,0,0,0,0,0,0,0,0,0,0,0,0,0,0,0,0,0,0,0,0,0,0,0,0,0,355.96036401391,0,5.41535930335522,0,0,0,0,0,0,0,0,0,0,0,0,0,0,0,0,0,0,0,0,0,8.27894535660744,0,0,0,0
0,0,0,0,0,0,0,0,0,0,0,7.01963448524475,0,0,0,0,0,0,0,0,0,0,0,0,0,0,0,0,0,0,0,0,0,0,0,0,0,0,0,0,0,0,0,0,0,0,0,0,0,0,0,0,0,0,0,0,0,24.1406643390656,0,114.652306377888,0,0,0,0,0,0,0,0,0,0,0,0,0,0,0,0,0,0,0,0,0,0,0,0,0,0,0
0,0,0,0,28.7554073929787,0,0,0,197.114199101925,0,0,0,28.2899878770113,0,0,0,0.182637929916382,0,0,0,0,0,0,0,0,0,0,0,0,0,0,0,0,0,0,0,0,0,0,0,0,0,0,0,0,0,0,0,0,0,0,0,0,0,3.37680011987686,0,0.9505735039711,0,26.1729077994823,0,49.8224596083164,0,0,0,0,0,0,0,0,0,0,0,0,0.534481555223465,0,0,0,0,0,0,0,0,11.0319466590881,0,0.683975994586945,0,0
0,0,0,0,0,0,0,0,0,1.85062837600708,0,0,0,0,0,0,0,27.0949475467205,0,0,0,0,0,0,0,32.7521598041058,0,0,0,0,0,0,0,0,0,0,0,0,0,0,0,0,0,0,0,0,0,0,0,0,0,0,0,0,0,81.095584154129,0,0,0,0,0,35.7595763206482,0,0,0,0,0,0,3.47236979007721,0,0,0,0,0,0,0,0,0,0,0,0,0,23.9382929801941,0,0,0,0
1.76596936583519,0,0.284118086099625,0,0,0.244182050228119,0,0,0,2.75550079345703,0,0,0,0,0.182637929916382,0,0,16084.2852331698,5718.12552696466,0,0.795407488942146,0,1,40.6487576067448,40.9018494486809,55.3777385801077,17.5936012864113,0,0,0,0.185221344232559,0,0,0,0,8.79943542182446,12.7464776337147,0.389970928430557,1.78556823730469,21.8360624909401,9.04595941305161,27.9367987215519,131.823911458254,0,7.78522896766663,6.39992982149124,124.218548923731,0,0,1.40249958634377,0,0,0,0,1.00726509094238,0,0.192170575261116,0,0,0,0,0,0.474861800670624,5.46076187491417,0,3.15749216079712,0,0,8.06929492950439,0,0,0,3.40558271110058,9.87377166748047,0,0,0,0,41.8435772955418,86.7319370880723,6.36240401864052,49.6819099187851,7928.31060922146,58.6875993609428,87.7981900274754,5.32223902642727,44.8949475288391
3.93914967775345,0,0,0,0,0,0,0,0,0.380296319723129,0,0,0,0,0,27.0949475467205,16084.2852331698,0,5967.62598273158,0,0.489226132631302,21.3229747414589,0,195.623031184077,3.99098291993141,976.071761906147,0,130.258850991726,0,1.67179709672928,0,0,0,0,0,44.0675505250692,1.83451914787292,1.60463814437389,0,60.2097184509039,0.354835450649261,135.740524590015,32.4025459736586,2.31475120782852,5.84185808897018,30.9681540578604,42.7244476526976,0,0,3.0680173188448,0.165995493531227,0,0,0,0.885459780693054,0.168204858899117,0.215427815914154,0.19724315404892,0,0,0,30.0132614076138,8.14146996289492,4.21464642882347,3.05329370498657,0,19.040864944458,0,113.586485087872,0,0,0,5.87356958538294,0.6537761464715,0,0,0,0,197.84048332274,42.8951539695263,61.688969925046,16.7630408257246,13591.2200682163,578.642520263791,75.8739480003715,23.8850532621145,7.27989166975021
244.325921699405,0.30596399307251,0.758263632655144,2.50172400474548,0,2.44079242646694,0,0,0,0,0,5.51774191856384,0,0,0,0,5718.12552696466,5967.62598273158,0,0.361199617385864,11.4429635256529,0,0,8.69084200263023,0,15.8753853738308,0,0,0,33.7180078029633,0.579012334346771,0,0,0,0,428.286210864782,126.1472267434,55.3840179890394,17.8850598633289,633.426257193089,46.0056617856026,639.527703166008,848.435514099896,32.7860560119152,42.9853110909462,422.248378172517,1318.81361781806,0,6.85846447944641,20.9745692536235,0,0.133827492594719,0,0,0.204885482788086,2.42627641558647,14.2078510969877,12.2207228243351,0,0,0,0,33.0090266764164,77.698981821537,0.646482646465302,0,2.08570051193237,0,0.577708899974823,0,9.65302816033363,0,244.344778954983,77.7224138751626,0,0,0,0,1785.86649807543,1101.30892205983,875.617732033134,385.561776705086,4556.45073198527,2.81802907586098,1133.87185578048,155.761404067278,163.466977328062
0,0,0,0,0,130.528793305159,0,0,0,0,0,44.4981636703014,0,0,0,0,0,0,0.361199617385864,0,0,0,0,0,0,0,0,0,0,16.0569252818823,0,0,0,0,0,450.829912513494,0,150.164028257132,0,0,0,0,0,0,0,122.462495625019,0,0,0,0.304166436195374,0,4.4301655292511,0,0,0,0,0,4.48659804463387,0,0,0,0,1034.0193529129,0,0,0,0,0,0,0,0.308775663375854,0,50.5963184684515,0,0,0,0,0,271.395122289658,0,118.160898596048,0,574.31096765399,0,42.922556206584,0.91069483757019,0
0.445442542433739,0,0,0,0,0,180.30785369873,0,2.21184897422791,0,345.470810294151,0,0,0,0,0,0.795407488942146,0.489226132631302,11.4429635256529,0,0,0,0,0,0,0,0,0,0,0,5.73172047734261,0,0,0,0,0,848.370309725404,0,225.831872954965,0,1.77579334378242,0,13.4724033474922,0,0,0,63.2595382332802,0,0.634903371334076,0,137.517824828625,0,5.88768565654755,0,0,0,348.847006522119,0,0.331950485706329,0,0,0,0,2220.23599378765,0,0,0,0,0,0,0,0,0,28.929368391633,0,0,0,0,0,883.639202415943,0,186.58643065393,667.904979847372,0,54.6552916243672,0,0.428861498832703
0,0,0,0,0,0,0,0,0,0,0,0,0,0,0,0,0,21.3229747414589,0,0,0,0,92.3289087712765,86.5181984901428,0,34.2492493391037,0,99.2729568481445,0,0,0,0,0,0,0,0,0,344.120143905282,0,0,0,0,0,0,0,0,0,0,0,236.558133214712,0,0,0,0,0,0,0,0,0,0,0,0,0,0,4011.94719427824,0,24.8363212347031,0,0,0,1.75943601131439,0,0,0,0,0,0,0,0,0,271.706951230764,0,487.412604302168,74.5681851506233,0,0,0
0,0,0,0,0,0,0,0,0,0,0,0,0,0,0,0,1,0,0,0,0,92.3289087712765,0,0,74.3511704802513,0,27.9540486335754,0,144.513091176748,0,0,0,0,0,0,0,0,1,728.30310022831,0,0,0,0,0,0,0,0,0,109.253666728735,0,0,0,0,0,0,0,0,0,0,0,0,0,0,0,49.9901657104492,4846.63367427886,0,21.2260000407696,0,8.29593098163605,0,48.7190299332142,0,0,0,0,0,0,0,0,0,271.084837764502,427.157078176737,40.2364687919617,2.1969997882843,0,0
0,0,0,0,0,0,0,0,0,3.55443724989891,0,0,0,0,0,0,40.6487576067448,195.623031184077,8.69084200263023,0,0,86.5181984901428,0,0,0,58.4362472295761,0,0,0,0,0,0,0,0,0,0,0,258.192244470119,0,0,0,0.726756751537323,0,0,0,0,0,0,0,17.8482689857483,0,0,0,0,0,15.8398327231407,0,0,0,0,0,0,0,0,83.6459236741066,0,148.074059218168,0,0,0,0,0,0,0,0,0,0,0,0,0,311.005303561687,0,253.598202437162,0,28.5523213744164,0,0
0,0,0,0,0,0,0,0,78.1195135265589,0,0,0,0,0,0,0,40.9018494486809,3.99098291993141,0,0,0,0,74.3511704802513,0,0,0,74.8179532289505,0,0,0,0,0,0,0,0,0,0,0,423.446340769529,0,0,0,0,0,0,0,0,0,4.59555336833,0,0,0,0,0,98.7686936557293,0,0,0,0,0,0,0,0,0,0,19.857203066349,0,104.84942355752,0,76.1707637906075,0,0,0,0,0,0,0,0,0,0,0,144.848825678229,24.5133348703384,0,2.42230394482613,0,0
0,0,0,0,0,0,0,0,0,0,0,0,0,0,0,32.7521598041058,55.3777385801077,976.071761906147,15.8753853738308,0,0,34.2492493391037,0,58.4362472295761,0,0,0,141.942103385925,0,0,0,0,0,0,0,0,0,0,0,0,0,0.521768137812614,0,0,0,0,0,0,0,0,0,0,0,0,0,35.960765838623,0,0,0,0,0,24.1808750629425,0,0,0,0,45.9410190582275,0,82.2692916989326,0,8.0904244184494,0,0,0,0,0,0,0,0,0,0,0,173.725916668773,6.04031631350517,0,0,0
0,0,0,0,0,0,0,0,0,0,0,0,0,0,0,0,17.5936012864113,0,0,0,0,0,27.9540486335754,0,74.8179532289505,0,0,0,33.9731006622314,0,0,0,0,0,0,0,0,0,0,0,0,0,0,0,0,0,0,0,0,0,0,0,0,0,0,0,0,0,0,0,0,0,0,0,0,45.5971722602844,0,11.8605834841728,0,69.585976600647,0,0,0,0,0,0,0,0,0,0,0,0,0,0,0,0,0
0,0,0,0,0,0,0,0,0,0,0,0,0,0,0,0,0,130.258850991726,0,0,0,99.2729568481445,0,0,0,141.942103385925,0,0,0,57.6519073843956,0,0,0,0,0,0,0,18.2341747283936,0,0,0,0,0,0,0,0,0,0,0,0,0,0,0,0,0,0,0,0,0,0,0,0,0,0,22.2044235467911,0,0,0,10.0266804099083,0,1018.90566071868,0,2.65209740400314,0,0,0,0,0,0,0,0,0,95.9611835479736,3.45487630367279,0,0,0
0,0,0,0,0,0,0,0,0,0,9.30316895246506,0,40.8656938672066,0,0,0,0,0,0,0,0,0,144.513091176748,0,0,0,33.9731006622314,0,0,0,31.3634616136551,0,0,0,0,0,0,0,79.8397238850594,0,0,0,0,0,0,0,0,0,0,0,0,0,0,0,0,0,0,0,1.50441485643387,0,0,0,0,0,0,39.1684886217117,0,0,0,4.56072163581848,0,1153.00712411106,0,67.5417069792747,0,0,0,0,0,0,0,6.90263804793358,19.6428211331367,0,0,0,0
0,0,0,7.5858505666256,0,0,0,0,0,0,0,250.280827373266,0,0,0,0,0,1.67179709672928,33.7180078029633,16.0569252818823,0,0,0,0,0,0,0,57.6519073843956,0,0,0,0,0,0,0,1.26563437283039,0,579.480960831046,0,3.60249608010054,0,23.6095918118954,1.5830384939909,0.73175436258316,0,92.7233127206564,0,0,0,1.43844968080521,0,0.215671136975288,0,0,0,2.57879392802715,0,62.1999727934599,0,0,0,0,35.2870691418648,0,0,0,0,0,0,0,3.89041805267334,0,959.085202887654,0,0,0,0,0,19.009387023747,0,34.0256749093533,0,14.8547283709049,0.257512807846069,66.009460568428,6.08651420474052,0
1.3534349501133,0,0,0,0,0,0,0,0.393422454595566,0,261.606538012624,0,0,0,0,0,0.185221344232559,0,0.579012334346771,0,5.73172047734261,0,0,0,0,0,0,0,31.3634616136551,0,0,0,0,0,0,0,0.21918548643589,0,197.748503625393,0,0,0,0,0,0,0,4.32748073339462,0,0.58264622092247,0,0.795910209417343,0,0,0,0,0,35.2658459991217,0,0,0,0,0,0,48.127906575799,0,0,0,0,0,0,0,29.6726649999619,0,237.913769200444,0,0,0,0,0,5.93510493636131,0,16.0552809983492,42.9828654229641,0,8.37931504845619,0,1.27265298366547
0,0,0,0,0,0,0,0,0,0,0,0,0,0,0,0,0,0,0,0,0,0,0,0,0,0,0,0,0,0,0,0,519.989513516426,77.5386267453432,0,1320.25644224882,18.4721065759659,0,0,0,0,0,0,0,0,0,0,2285.94106036425,26.3752728700638,0,0,0,0,0,0,0,0,0,0,0,0,0,0,0,0,0,0,0,0,0,0,0,0,0,1208.13320308924,0,15.2059413939714,0,336.412092268467,1.51559603214264,0,0,846.047282546759,0,0,0,0
0,0,0,0,0,0,0,0,0,0,0,0,0,0,0,0,0,0,0,0,0,0,0,0,0,0,0,0,0,0,0,519.989513516426,0,0.53099262714386,5.98832905292511,17.1224403381348,609.711198121309,0,0,0,1.32281613349915,0,0,0,0,0,0,357.169755905867,4.29656708240509,0,0,0,0,0,0,0,0,0,0,0,0,0,0,0,0,0,0,0,0,0,0,0,0,0,46.3604642152786,541.889972746372,0,5,38.1390129327774,875.552097946405,0,0,117.782571524382,0,0,0,0
0,0,0,0,0,0,0,0,0,0,0,0,0,0,0,0,0,0,0,0,0,0,0,0,0,0,0,0,0,0,0,77.5386267453432,0.53099262714386,0,1215.89982235432,827.076612889767,0,1,0,0,0,0,0.403409987688065,0,0,0,0,1921.83519122005,3.07641804218292,4.30322203040123,0,0,0,0,0,0,0,0,0,0,0,0,0,0,0,0,0,0,0,0,0,0,0,0,39.9172645658255,0,1307.06829956174,186.994487792253,250.384954303503,0,46.2868136763573,0,358.834372803569,0,1.41357147693634,0,0
0,0,0,0,0,0,0,0,0,0,0,0,0,0,0,0,0,0,0,0,0,0,0,0,0,0,0,0,0,0,0,0,5.98832905292511,1215.89982235432,0,0,587.22428047657,0,37.3473764657974,0,0,0,0,0,0,0,0,2458.82338649035,37.5025987029076,1.48598477244377,0,0,0,0,0,0,0,0,0,0,0,0,0,0,0,0,0,0,0,0,0,0,0,0,0,14.5194929540157,120.128991872072,1172.29930090904,0,262.256238847971,4.98550552129745,202.364364683628,26.0128095448017,0,0,0,0
0,0.257814764976501,0,5.88009035587311,0,15.4651148021221,0,0,0,0,0,5.10687232017517,0,0,0,0,8.79943542182446,44.0675505250692,428.286210864782,450.829912513494,0,0,0,0,0,0,0,0,0,1.26563437283039,0,1320.25644224882,17.1224403381348,827.076612889767,0,0,760.793301433325,1835.56510604918,0,40.6667722985148,0,215.591069564223,7.9329202324152,16.258033901453,0,290.613023430109,1.38313621282578,1497.6064466238,0,1.76143807917833,0,3.63303639739752,0,0,0,0.628943249583244,0,0.536329358816147,0,0,0,0.178193926811218,305.293114863336,0,0,0,0,0,0,0,0,0,5.87507390975952,0.509940564632416,376.909331321716,0,515.419271096587,0,22824.0842870772,104.451392002404,271.169424206018,3.1402739584446,2945.38075418025,43.366359308362,190.336022816598,51.2425566166639,0.781580120325089
48.4443030953407,0,2.64505971968174,0.701099067926407,5.00199508666992,2.80143229663372,43.2309598326683,0,0,0,8.30779924988747,0,0,0,0,0,12.7464776337147,1.83451914787292,126.1472267434,0,848.370309725404,0,0,0,0,0,0,0,0,0,0.21918548643589,18.4721065759659,609.711198121309,0,587.22428047657,760.793301433325,0,0,2027.43763124943,0,72.1275041103363,0.71223571151495,79.5528644993901,0,5.30626045167446,1.42721791565418,205.52843067795,164.834138512611,43.3623875975609,0,7.26803971081972,0.26312929391861,0,0,0.32432746887207,0,9.90085539221764,0,0,0,0,0,0,987.435115762055,0,0,0,0,0,0,0,0,0,9.67581962794065,131.392773509026,233.220738619566,0,58.2506113946438,147.939172595739,20173.854919821,0,1181.684968099,2488.19693618268,251.268419131637,483.345742292702,0,45.4845054000616
0,0.70433098077774,0,4.89546862244606,0,0.224468484520912,0,0,0,27.208780169487,0,210.50124040246,0,0,0,0,0.389970928430557,1.60463814437389,55.3840179890394,150.164028257132,0,344.120143905282,1,258.192244470119,0,0,0,18.2341747283936,0,579.480960831046,0,0,0,1,0,1835.56510604918,0,0,102.020560979843,6.60730615258217,0,40.8414895087481,2.02116882801056,0,0,90.1892951503396,0.217450588941574,644.371563136578,0,614.716482505202,0,0.451035365462303,0,0,0,33.5253663361073,0,19.6606106460094,0,0,0,0.718081116676331,189.475095644593,0,515.798016011715,0,137.575108200312,0,0,0,0.885930418968201,0,37.0451438426971,0,0,0,36.7744364440441,0,1030.16287259758,0,9575.79557830095,0,1041.18973212689,4.66884869337082,518.597821995616,18.7928327172995,0.156739339232445
4.40375463664532,0,0.60221029818058,0,0,0,0,0,5.01131501793861,0,371.217206001282,0,0,0,0,0,1.78556823730469,0,17.8850598633289,0,225.831872954965,0,728.30310022831,0,423.446340769529,0,0,0,79.8397238850594,0,197.748503625393,0,0,0,37.3473764657974,0,2027.43763124943,102.020560979843,0,0.128061592578888,0,0.270027130842209,27.8378600031137,0,0.408539921045303,0,41.5521983280778,55.5647484660149,659.33561475575,0,0,0,0,0,0,0,46.9548213034868,0,0,0,0,0,0,468.916403219104,0,620.297295108438,0,260.477489739656,0,0,0,7.42723608016968,0,243.034766077995,0,0,0,97.0223799794912,0.681020557880402,674.495501421392,20.4414119720459,10198.7089022696,952.117516472936,0,104.933942124248,0,16.4117298126221
0,0,0,2.77141968905926,0,0.115949042141438,0,0,0,0,1.32348740100861,0,0,0,0,0,21.8360624909401,60.2097184509039,633.426257193089,0,0,0,0,0,0,0,0,0,0,3.60249608010054,0,0,0,0,0,40.6667722985148,0,6.60730615258217,0.128061592578888,0,0.351938828825951,1226.95133329183,14.7472522854805,7.17832018435001,1.11363089084625,620.505885697901,10.1263368278742,5.92521646618843,0,416.308332726359,0,2.01059809327126,0,0,0,1.03352406620979,0,1.05734243988991,0,0,0,0,167.065579712391,0.185972481966019,0.13947606086731,0,0,0,0,0,1.49999718368053,0,73.3938325121999,0.688423156738281,0,0,0,0,953.335131980479,12.6988995820284,101.53544447571,2.81936028599739,426.446246601641,5.83384063094854,742.001364611089,16.7092413455248,2.92054742574692
2.89495360851288,0,8.10548833012581,0,3.60044479370117,0,0,0,0,0,0,0,0,0,0,0,9.04595941305161,0.354835450649261,46.0056617856026,0,1.77579334378242,0,0,0,0,0,0,0,0,0,0,0,1.32281613349915,0,0,0,72.1275041103363,0,0,0.351938828825951,0,0,165.45721848309,0,5.28492042422295,0,54.0426802188158,433.557211130857,1146.19683116674,0,8.66162149608135,0,0,0,10.1613250374794,0,5.2769166380167,0,0,0,0,0,0,116.208197697997,0,0,0,0,0,0,0,0,0,6.28998628258705,0,5.72049626708031,0,0,0,2470.01446327567,0,77.5644097179174,26.6863086819649,0.559810101985931,370.430538445711,0,45.5195193737745
0,50.358946248889,0,82.3287296593189,0,7.40038289129734,0,0,0,26.3644820898771,0,4.04680424928665,0,0,0,0,27.9367987215519,135.740524590015,639.527703166008,0,0,0,0,0.726756751537323,0,0.521768137812614,0,0,0,23.6095918118954,0,0,0,0,0,215.591069564223,0.71223571151495,40.8414895087481,0.270027130842209,1226.95133329183,0,0,207.601988874376,3.15031456947327,0,84.8399660810828,19.8627981990576,36.3896940946579,1.31372758746147,421.092756569386,0,3.47607372701168,0,0,0,25.6183866411448,0,118.557713910937,0,0,0,0,226.747668653727,0,4.16563177108765,0,0,0,0,0,60.1170656383038,0,900.076590254903,0,0,0,0.198259562253952,0,1645.0672076568,17.778878800571,464.49508048594,9.99317798018456,1408.15204419941,29.5044350624084,3404.03154981136,284.317882120609,2.30467601120472
42.5581423938274,0,37.7943360954523,0.417649313807487,0.72602254152298,0,0,0,13.345496147871,0,0,0,0,0,0,0,131.823911458254,32.4025459736586,848.435514099896,0,13.4724033474922,0,0,0,0,0,0,0,0,1.5830384939909,0,0,0,0.403409987688065,0,7.9329202324152,79.5528644993901,2.02116882801056,27.8378600031137,14.7472522854805,165.45721848309,207.601988874376,0,0,29.8973978161812,8.28688281774521,1238.13530736417,311.272706270218,743.06296724081,2.63364391028881,10.3772391676903,0,0,0,17.5437324941158,0,344.608870267868,0.371176391839981,1.02529022097588,0,0.627853780984879,0,0.677211806178093,340.542112380266,0,0,0,1.81159627437592,0,0,0.234225511550903,7.56911009550095,2.25690215826035,510.235222801566,0,0,1.82955950498581,0,32.1809258684516,1345.9008243084,10.2406236231327,406.834437705576,1285.06133215874,40.4347012490034,5657.20407144725,7.99441512674093,443.677469581366
0,0,0,0,0,0,0,0,0,0,0,0,0,0,0,0,0,2.31475120782852,32.7860560119152,0,0,0,0,0,0,0,0,0,0,0.73175436258316,0,0,0,0,0,16.258033901453,0,0,0,7.17832018435001,0,3.15031456947327,0,0,0,1.49691438674927,1.63743874430656,0,0,0.237388864159584,0,0,0,0,0,0,0,0,0,0,0,0,0.39017628133297,0,0,0,0,0,0,0,0,0,2.42902527749538,0,0,0,0,0,46.7070420533419,0,18.2571706771851,0,1.4426896572113,0,8.44896632432938,0,0
0,0,0,0,0,0,0,0,0,0,0,0,0,0,0,0,7.78522896766663,5.84185808897018,42.9853110909462,0,0,0,0,0,0,0,0,0,0,0,0,0,0,0,0,0,5.30626045167446,0,0.408539921045303,1.11363089084625,5.28492042422295,0,29.8973978161812,0,0,0,31.360640540719,0,0,0,0,0,0,0,0,0,0,0,0,0,0,0,0,11.5376754105091,0,0,0,0,0,0,0,0,0,1.53529068827629,0,0,0,0,0.182100728154182,54.2900104224682,0.410030245780945,14.6067517995834,18.4527122676373,0,56.6066799759865,1.35912942886353,9.35948093235493
0,0,0,14.4456250071526,0,7.37933859229088,0,0,0,3.2822277545929,0,11.8731770217419,0,0,0,0,6.39992982149124,30.9681540578604,422.248378172517,122.462495625019,0,0,0,0,0,0,0,0,0,92.7233127206564,0,0,0,0,0,290.613023430109,1.42721791565418,90.1892951503396,0,620.505885697901,0,84.8399660810828,8.28688281774521,1.49691438674927,0,0,3.66599263250828,3.18718566000462,0,36.4333769381046,0,4.97019852697849,0,0,0,3.92822949588299,0,24.1159564033151,0,0,0,0.550079166889191,2093.68159154803,0,0.471190482378006,0,0,0,0,0,5.01076593995094,0,310.862587839365,0,0,0,0,0,3622.03232689202,1.51846270263195,911.648429937661,2.4013054817915,300.979877837002,5.46408067643642,944.736589320004,3.62109872698784,0
54.4717777073383,0,24.3912535905838,0.240680187940598,2.85440582036972,0,0,0,1.27634000778198,0,0.394260868430138,0,0,0,0,0,124.218548923731,42.7244476526976,1318.81361781806,0,63.2595382332802,0,0,0,0,0,0,0,0,0,4.32748073339462,0,0,0,0,1.38313621282578,205.52843067795,0.217450588941574,41.5521983280778,10.1263368278742,54.0426802188158,19.8627981990576,1238.13530736417,1.63743874430656,31.360640540719,3.66599263250828,0,0,78.1787281781435,0.225781589746475,10.6780897378922,0,0,0,5.74158200621605,0.294850885868073,76.3316269218922,0,0,0,0,0,1.49980080127716,903.636829897761,0,0,0,0,0,0,0,4.77854265272617,0,129.560002371669,0,0,0,0,19.8949317336082,1473.07844486088,2.94210779666901,446.7034644261,591.453401118517,19.5233479291201,1983.98637153208,3.36194615066051,85.3662745803595
0,0,0,8.8705403059721,0,17.8477494716644,0,0,0,0,0,0,0,0,0,0,0,0,0,0,0,0,0,0,0,0,0,0,0,0,0,2285.94106036425,357.169755905867,1921.83519122005,2458.82338649035,1497.6064466238,164.834138512611,644.371563136578,55.5647484660149,5.92521646618843,433.557211130857,36.3896940946579,311.272706270218,0,0,3.18718566000462,0,0,4284.10430699587,596.516345530748,0,7.27401937544346,0,0,0,1.86011803150177,0,0,0,0,0,0.247681528329849,0.851848185062408,3.98117768764496,0,0,0,0,0,0,0,0,3.95229052007198,0,3020.53741040826,341.638177260756,1385.84878712893,552.123920083046,2405.80025759339,3148.57400730252,364.023808524013,14.8129317164421,2368.57707242668,0.471645593643188,1757.65528737009,0,0
71.7392137497663,0,51.7043652832508,0.630041539669037,4.0514053106308,0.898244500160217,0,0,0.786796271800995,0,0,0,0,0,0,0,0,0,6.85846447944641,0,0.634903371334076,0,109.253666728735,0,4.59555336833,0,0,0,0,0,0.58264622092247,26.3752728700638,4.29656708240509,3.07641804218292,37.5025987029076,0,43.3623875975609,0,659.33561475575,0,1146.19683116674,1.31372758746147,743.06296724081,0,0,0,78.1787281781435,4284.10430699587,0,13.9192612469196,15.326464176178,0.227280303835869,0,0,17.3276839703321,0,28.4277123361826,0,0.283968806266785,0,3.90024900436401,0,0,13.8798330873251,0,344.599392205477,0,153.998587667942,0,9.12426173686981,0,50.45189486444,0,54.6940134167671,1.28110998868942,1.2402036190033,5.37770336866379,0,3.35419845581055,986.775787353516,0,375.746881440282,952.559398263693,36.2958729416132,1102.95103026927,0,1.82480809092522
0,180.988334983587,0,50.2892745286226,0,8.39730221033096,0,0,0,1.30795270204544,0,0,0,0,0,0,1.40249958634377,3.0680173188448,20.9745692536235,0.304166436195374,0,236.558133214712,0,17.8482689857483,0,0,0,0,0,1.43844968080521,0,0,0,4.30322203040123,1.48598477244377,1.76143807917833,0,614.716482505202,0,416.308332726359,0,421.092756569386,2.63364391028881,0.237388864159584,0,36.4333769381046,0.225781589746475,596.516345530748,13.9192612469196,0,0,5.75886259973049,0,0,0,12.9732744395733,0,146.756932228804,0,0.531839549541473,0,15.3634198009968,18.3983833044767,0,811.952389448881,0,164.426435500383,0,49.7669976353645,0,307.444398209453,0,130.052062988281,0,0,0,55.6313880085945,0,180.553382448852,0.13408163189888,671.834092929959,0,289.236692816019,6.86406055092812,1340.15511733294,4.63196171820164,0
0,0,44.319426625967,0,346.369443565607,0,0,0,1.54126250743866,0,0,0,0,0,0,0,0,0.165995493531227,0,0,137.517824828625,0,0,0,0,0,0,0,0,0,0.795910209417343,0,0,0,0,0,7.26803971081972,0,0,0,8.66162149608135,0,10.3772391676903,0,0,0,10.6780897378922,0,15.326464176178,0,0,0,1,0,0,0,239.550803750753,0,137.325969576836,0,15.5461431741714,0,0,37.5453754663467,0,0,0,0,0,0,0,0,0,3.73589330911636,0,0,0,0,0,5.45929691195488,0,2.30210974812508,140.875887647271,0,278.714799880981,0,0
0,0,0,123.922734588385,0,279.736424684525,0,0,0,0,0,6.21039485931396,0,0,0,0,0,0,0.133827492594719,4.4301655292511,0,0,0,0,0,0,0,0,0,0.215671136975288,0,0,0,0,0,3.63303639739752,0.26312929391861,0.451035365462303,0,2.01059809327126,0,3.47607372701168,0,0,0,4.97019852697849,0,7.27401937544346,0.227280303835869,5.75886259973049,0,0,0,0,0,0.359044075012207,0,1.96097347140312,0,2.88921749591827,0,43.4996582567692,39.8481347858906,0,0.21468748152256,0,0,0,0,0,0.157677337527275,0,7.99693123996258,0,0,0,0,0,10.8143318295479,1.61791777610779,1.98952536284924,0,21.128482863307,0,116.713857188821,0,0
0,0,0,0,28.4491810798645,0,251.818038165569,0,0,0,2.39234632253647,0,0,0,0,0,0,0,0,0,5.88768565654755,0,0,0,0,0,0,0,0,0,0,0,0,0,0,0,0,0,0,0,0,0,0,0,0,0,0,0,0,0,1,0,0,0,0,0,43.6146337985992,0,0,0,0,0,0,0,0,0,0,0,0,0,0,0,0,0,0,0,0,0,0,0,0,0,45.2929646968842,0,0,0,0
0,0,0,0,0,0,0,9.22776734828949,0,0,0,12.9299961328506,0,0,0,0,0,0,0,0,0,0,0,0,0,0,0,0,0,0,0,0,0,0,0,0,0,0,0,0,0,0,0,0,0,0,0,0,0,0,0,0,0,0,0,0,0,40.9320261478424,0,3.83812117576599,0,0,0,0,0,0,0,0,0,0,0,0,0,0,0,0,0,0,0,0,0,0,0,0,0,0,0
291.614511370659,0,59.6690610796213,0,11.7844986915588,0,0,0,892.915600597858,0,0,0,0,0,3.37680011987686,0,1.00726509094238,0.885459780693054,0.204885482788086,0,0,0,0,0,98.7686936557293,0,0,0,0,0,0,0,0,0,0,0,0.32432746887207,0,0,0,10.1613250374794,0,17.5437324941158,0,0,0,5.74158200621605,0,17.3276839703321,0,0,0,0,0,0,0,4.12658470869064,0,0,0,2.52605259418488,0,0,0.339909225702286,0,0,0,221.327475577593,0,0,0,0,0,9.62627053260803,0,0,0,0,0,2.95208944380283,0,5.4899678081274,87.0783001631498,0.168512254953384,196.072105318308,0,0
0,12.6582515835762,0,303.110447049141,0,55.8075556755066,0,0,0,768.787302106619,0,0,0,0,0,81.095584154129,0,0.168204858899117,2.42627641558647,0,0,0,0,15.8398327231407,0,35.960765838623,0,0,0,2.57879392802715,0,0,0,0,0,0.628943249583244,0,33.5253663361073,0,1.03352406620979,0,25.6183866411448,0,0,0,3.92822949588299,0.294850885868073,1.86011803150177,0,12.9732744395733,0,0.359044075012207,0,0,0,0,0,2.21467478573322,0,0,0,9.97703748941422,0,0,0.30327382683754,0,191.365410745144,0,0,0,2.88942006230354,0,21.1288610994816,0,0,0,0,0,3.95138268172741,0,66.3077328652143,0,98.6547507494688,1.8321795463562,136.245776414871,0.566625833511353,0
9.55316108465195,0,13.8758756518364,0,0,0,60.94656214118,0,1.18145246803761,0,1881.15092611313,0,0,0,0.9505735039711,0,0.192170575261116,0.215427815914154,14.2078510969877,0,348.847006522119,0,0,0,0,0,0,0,0,0,35.2658459991217,0,0,0,0,0,9.90085539221764,0,46.9548213034868,0,5.2769166380167,0,344.608870267868,0,0,0,76.3316269218922,0,28.4277123361826,0,239.550803750753,0,43.6146337985992,0,4.12658470869064,0,0,0,340.643103048205,0,18.2800125926733,0,0,957.797806605697,0,0,0,0,0,0,0,513.476296126842,0,802.797704741359,0,0,0,0,0,17.9323760196567,0,30.1534809023142,137.76427526772,1.34683386981487,1503.37021714449,0,48.5664394199848
0,0.203602939844131,0,66.6627798229456,0,3.42005935311317,0,0,0,0,0,887.554385706782,0,24.1406643390656,0,0,0,0.19724315404892,12.2207228243351,4.48659804463387,0,0,0,0,0,0,0,0,0,62.1999727934599,0,0,0,0,0,0.536329358816147,0,19.6606106460094,0,1.05734243988991,0,118.557713910937,0.371176391839981,0,0,24.1159564033151,0,0,0,146.756932228804,0,1.96097347140312,0,40.9320261478424,0,2.21467478573322,0,0,0,62.6348932087421,0,0.184653624892235,216.014451429248,0,5.42955049872398,0,8.9010891020298,0,14.9469487369061,0,255.591972053051,0,667.507585898042,0,0,0,0,0,8.44801737368107,0,8.41316056251526,0,51.2993088513613,2.17303529381752,426.851808965206,3.47165185213089,0
0.254689276218414,0,3.0094610452652,0,15.7692394554615,0,136.542026162148,0,0,0,97.8573030233383,0,355.96036401391,0,26.1729077994823,0,0,0,0,0,0.331950485706329,0,0,0,0,0,0,0,1.50441485643387,0,0,0,0,0,0,0,0,0,0,0,0,0,1.02529022097588,0,0,0,0,0,0.283968806266785,0,137.325969576836,0,0,0,0,0,340.643103048205,0,0,0,83.513229995966,0,0,10.3153922855854,0,0,0,0,0,88.304824411869,0,364.557403251529,0,10.4255378246307,0,0,0,0,0,0.197011575102806,0,0,10.1831142008305,0,18.498777911067,0,0
0,0,0,13.0343278646469,0,0,0,30.7481405735016,0,0,0,0,0,114.652306377888,0,0,0,0,0,0,0,0,0,0,0,0,0,0,0,0,0,0,0,0,0,0,0,0,0,0,0,0,0,0,0,0,0,0,0,0.531839549541473,0,2.88921749591827,0,3.83812117576599,0,0,0,62.6348932087421,0,0,0,47.8672199249268,0,0,0,0,0,0,19.2804689109325,0,91.5518260002136,0,0.189264610409737,0,0,0,0,0,0,0,0,0,0,0,0,0,0
0,0,7.49199163913727,0,0.532735824584961,0,0,0,38.5890069007874,0,0,0,5.41535930335522,0,49.8224596083164,0,0,0,0,0,0,0,0,0,0,0,0,0,0,0,0,0,0,0,0,0,0,0,0,0,0,0,0.627853780984879,0,0,0,0,0,3.90024900436401,0,15.5461431741714,0,0,0,2.52605259418488,0,18.2800125926733,0,83.513229995966,0,0,0,0,0,0,0,0,0,0,9.03878474235535,0,14.3095753490925,0,5.30246293544769,0,0,0,0,0,0,0,0.211736530065536,0,0,10.834961950779,0,0.338191598653793
0,5.87004178762436,0,50.0693820416927,0,0,0,0,0,0,0,0,0,0,0,35.7595763206482,0,30.0132614076138,0,0,0,0,0,0,0,24.1808750629425,0,0,0,0,0,0,0,0,0,0.178193926811218,0,0.718081116676331,0,0,0,0,0,0,0,0.550079166889191,0,0.247681528329849,0,15.3634198009968,0,43.4996582567692,0,0,0,9.97703748941422,0,0.184653624892235,0,47.8672199249268,0,0,0,0,0,0,0,0,71.8992777764797,0,0.879795253276825,0,1.73513093590736,0,0,0,0,0,0.440122172236443,0,0.989762187004089,0,0.712507858872414,0,4.45314955711365,0,0
0,0,0,0.902875855565071,0,266.41008836031,0,0,0,0,0,25.8436251580715,0,0,0,0,0.474861800670624,8.14146996289492,33.0090266764164,1034.0193529129,0,0,0,0,0,0,0,0,0,35.2870691418648,0,0,0,0,0,305.293114863336,0,189.475095644593,0,167.065579712391,0,226.747668653727,0.677211806178093,0.39017628133297,0,2093.68159154803,1.49980080127716,0.851848185062408,0,18.3983833044767,0,39.8481347858906,0,0,0,0,0,216.014451429248,0,0,0,0,0,0,1.87625880539417,0,0.739824533462524,0,0.765009820461273,0,119.735947802663,0,361.371826395392,0.998830318450928,0,0,0,0,1364.59187918156,0,332.070889100432,0,312.94761801511,0.503401413559914,829.44261521101,1.57688654959202,0
3.95371656119823,0,0.458370685577393,0,0,0,0,0,0,0,28.6691275835037,0,0,0,0,0,5.46076187491417,4.21464642882347,77.698981821537,0,2220.23599378765,0,0,0,0,0,0,0,0,0,48.127906575799,0,0,0,0,0,987.435115762055,0,468.916403219104,0.185972481966019,116.208197697997,0,340.542112380266,0,11.5376754105091,0,903.636829897761,3.98117768764496,13.8798330873251,0,37.5453754663467,0,0,0,0.339909225702286,0,957.797806605697,0,10.3153922855854,0,0,0,0,0,0,0,0,0,0,0,0,27.2082447707653,0,504.423112779856,0,0,0,0,0,2489.40977151692,0,1201.21296937019,143.470670305192,6.18793600052595,893.2296506688,0,3.3357321023941
0,0,0,0.625226840376854,0,0,0,0,0,0,0,0,0,0,0,0,0,3.05329370498657,0.646482646465302,0,0,4011.94719427824,49.9901657104492,83.6459236741066,0,0,0,22.2044235467911,0,0,0,0,0,0,0,0,0,515.798016011715,0,0.13947606086731,0,4.16563177108765,0,0,0,0.471190482378006,0,0,0,811.952389448881,0,0.21468748152256,0,0,0,0.30327382683754,0,5.42955049872398,0,0,0,0,1.87625880539417,0,0,0,147.488209843636,0,34.0055295825005,0,200.156913742423,0,13.3520945906639,0,0,0,0,0,0,0,274.410482212901,0,25.0393264889717,1.74366724491119,7.21293121576309,0,0
0,0,0,0,0,0,0,0,0,0,0,0,0,0,0,0,3.15749216079712,0,0,0,0,0,4846.63367427886,0,19.857203066349,0,45.5971722602844,0,39.1684886217117,0,0,0,0,0,0,0,0,0,620.297295108438,0,0,0,0,0,0,0,0,0,344.599392205477,0,0,0,0,0,0,0,0,0,0,0,0,0,0,0,0,0,0,306.990822851658,0,384.518306136131,0,886.404606491327,0,6.37987607717514,0,0,0,0,0,0,0,1181.55988174677,49.457618355751,0,0,0,0
0,0.554532587528229,0,0,0,0,0,0,0,27.7506330311298,0,0,0,0,0,0,0,19.040864944458,2.08570051193237,0,0,24.8363212347031,0,148.074059218168,0,45.9410190582275,0,0,0,0,0,0,0,0,0,0,0,137.575108200312,0,0,0,0,0,0,0,0,0,0,0,164.426435500383,0,0,0,0,0,191.365410745144,0,8.9010891020298,0,0,0,0,0.739824533462524,0,147.488209843636,0,0,0,26.4205890893936,0,54.7974301576614,0,0,0,0,0,0,0,0,0,146.820479035378,0,36.4881409406662,0,35.729817956686,0,0
1.38940188288689,0,0,0,0,0,0,0,42.1529507339001,0,0,0,0,0,0,0,0,0,0,0,0,0,21.2260000407696,0,104.84942355752,0,11.8605834841728,0,0,0,0,0,0,0,0,0,0,0,260.477489739656,0,0,0,1.81159627437592,0,0,0,0,0,153.998587667942,0,0,0,0,0,221.327475577593,0,0,0,0,0,0,0,0,0,0,306.990822851658,0,0,0,131.962300419807,0,0,0,0,0,0,0,0,0,0,0,298.911010712385,1,0,70.3567271828651,0,0
0,0.303379118442535,0,0.472983166575432,0,0,0,0,0,0,0,0,0,0,0,3.47236979007721,8.06929492950439,113.586485087872,0.577708899974823,0,0,0,0,0,0,82.2692916989326,0,10.0266804099083,0,0,0,0,0,0,0,0,0,0,0,0,0,0,0,0,0,0,0,0,0,49.7669976353645,0,0,0,0,0,0,0,14.9469487369061,0,19.2804689109325,0,71.8992777764797,0.765009820461273,0,34.0055295825005,0,26.4205890893936,0,0,0,235.737361341715,0,0,0,0,0,0,0,0,0,0,0,79.612690448761,0,0.238516762852669,0,0
1.15240773558617,0,0,0,0,0,0,0,0,0,0,0,0,0,0,0,0,0,0,0,0,0,8.29593098163605,0,76.1707637906075,0,69.585976600647,0,4.56072163581848,0,0,0,0,0,0,0,0,0,0,0,0,0,0,0,0,0,0,0,9.12426173686981,0,0,0,0,0,0,0,0,0,88.304824411869,0,9.03878474235535,0,0,0,0,384.518306136131,0,131.962300419807,0,0,0,487.474734991789,0,0,0,0,0,0,0,0,0,0,0,0,0,0,0
0,0.733478665351868,0,8.73888196051121,0,0.434231668710709,0,0,0,0,0,0.257292896509171,0,0,0,0,0,0,9.65302816033363,0.308775663375854,0,1.75943601131439,0,0,0,8.0904244184494,0,1018.90566071868,0,3.89041805267334,0,0,0,0,0,0,0,0.885930418968201,0,1.49999718368053,0,60.1170656383038,0.234225511550903,0,0,5.01076593995094,0,0,0,307.444398209453,0,0.157677337527275,0,0,0,2.88942006230354,0,255.591972053051,0,91.5518260002136,0,0.879795253276825,119.735947802663,0,200.156913742423,0,54.7974301576614,0,235.737361341715,0,0,0,121.653173774481,0,0,0,0,0,1.69307200610638,0,65.6419102102518,0,8.67031656205654,1.32305087149143,198.524231791496,2.60657308995724,0
0.234645485877991,0,0.218423545360565,0,0,0,0,0,0,0,0,0,0,0,0,0,0,0,0,0,0,0,48.7190299332142,0,0,0,0,0,1153.00712411106,0,29.6726649999619,0,0,0,0,0,0,0,7.42723608016968,0,0,0,7.56911009550095,0,0,0,4.77854265272617,0,50.45189486444,0,0,0,0,0,0,0,513.476296126842,0,364.557403251529,0,14.3095753490925,0,0,27.2082447707653,0,886.404606491327,0,0,0,487.474734991789,0,0,0,685.257196635008,0,0,0,0,0,0,0,137.862346500158,15.7367903292179,0.373105853796005,63.4717219769955,0,5.15753352642059
0,1.24991971254349,0,108.8555778265,0,2.63196055591106,0,0,0,0.24802453815937,0,175.233840435743,0,0,0,0,3.40558271110058,5.87356958538294,244.344778954983,50.5963184684515,0,0,0,0,0,0,0,2.65209740400314,0,959.085202887654,0,0,0,0,0,5.87507390975952,0,37.0451438426971,0,73.3938325121999,0,900.076590254903,2.25690215826035,2.42902527749538,0,310.862587839365,0,3.95229052007198,0,130.052062988281,0,7.99693123996258,0,0,0,21.1288610994816,0,667.507585898042,0,0.189264610409737,0,1.73513093590736,361.371826395392,0,13.3520945906639,0,0,0,0,0,121.653173774481,0,0,0,0,0,0,0,91.9141961708665,0,673.424251198769,0,105.860418081284,10.9542651772499,1053.20751044154,104.490450456738,0
23.429611325264,0,19.2910743951797,0,0,0,0,0,3.4309294372797,0,281.593748241663,0,0,0,0.534481555223465,0,9.87377166748047,0.6537761464715,77.7224138751626,0,28.929368391633,0,0,0,0,0,0,0,67.5417069792747,0,237.913769200444,0,0,0,0,0.509940564632416,9.67581962794065,0,243.034766077995,0.688423156738281,6.28998628258705,0,510.235222801566,0,1.53529068827629,0,129.560002371669,0,54.6940134167671,0,3.73589330911636,0,0,0,9.62627053260803,0,802.797704741359,0,10.4255378246307,0,5.30246293544769,0,0.998830318450928,504.423112779856,0,6.37987607717514,0,0,0,0,0,685.257196635008,0,0,0,0,0,0,0,56.5923699066043,0,1019.22479245812,327.365941345692,4.54218056797981,1359.84169562161,0,357.651475220919
0,0,0,0,0,0,0,0,0,0,0,0,0,0,0,0,0,0,0,0,0,0,0,0,0,0,0,0,0,0,0,1208.13320308924,46.3604642152786,39.9172645658255,0,376.909331321716,131.392773509026,0,0,0,0,0,0,0,0,0,0,3020.53741040826,1.28110998868942,0,0,0,0,0,0,0,0,0,0,0,0,0,0,0,0,0,0,0,0,0,0,0,0,0,0,0,198.936076164246,0,253.849016338587,7.44953319430351,0,0,444.321623086929,0,0,0,0
0,0,0,0,0,0,0,0,0,0,0,0,0,0,0,0,0,0,0,0,0,0,0,0,0,0,0,0,0,0,0,0,541.889972746372,0,14.5194929540157,0,233.220738619566,0,0,0,5.72049626708031,0,0,0,0,0,0,341.638177260756,1.2402036190033,0,0,0,0,0,0,0,0,0,0,0,0,0,0,0,0,0,0,0,0,0,0,0,0,0,0,0,0,103.562503576279,0,772.027175217867,0,0,58.5325553417206,0,0,0,0
0,0,0,0,0,0,0,0,0,0,0,0,0,0,0,0,0,0,0,0,0,0,0,0,0,0,0,0,0,0,0,15.2059413939714,0,1307.06829956174,120.128991872072,515.419271096587,0,36.7744364440441,0,0,0,0.198259562253952,1.82955950498581,0,0,0,0,1385.84878712893,5.37770336866379,55.6313880085945,0,0,0,0,0,0,0,0,0,0,0,0,0,0,0,0,0,0,0,0,0,0,0,0,198.936076164246,0,0,3.14543795585632,502.302859947085,0,384.480229362845,0,328.198090836406,0,4.5908135175705,1.47893536090851,0
0,0,0,0,0,0,0,0,0,0,0,0,0,0,0,0,0,0,0,0,0,0,0,0,0,0,0,0,0,0,0,0,5,186.994487792253,1172.29930090904,0,58.2506113946438,0,97.0223799794912,0,0,0,0,0,0,0,0,552.123920083046,0,0,0,0,0,0,0,0,0,0,0,0,0,0,0,0,0,0,0,0,0,0,0,0,0,0,0,103.562503576279,3.14543795585632,0,0,365.678199484944,0,474.254498526454,12.8552978336811,0,0,0,0
