0,0,0.159965897639913,0,0,0,0,0,0.202056307435786,0,0,0,0,0,0.185158289968967,0,0.240578470130761,0,0.173477908844749,0,0,0,0,0,0.16638220846653,0,0,0,0,0,0,0,0.254448652267456,0,0,0,0,0,0.210655778646469,0.181563019752502,0.33393406867981,0.149825743266514,0.206395409954953,0,0,0,0.238808274269104,0.25576514005661,0.174873842712327,0.245268985629082,0.167170099475804,0,0,0,0.190087411019854,0,0.199153851185526,0,0.165366539359093,0,0.188626519934146,0,0,0.243091348720633,0,0,0,0.188100821939595,0,0,0,0,0,0.255376106500626,0,0,0,0,0,0.366321251505897,0,0.325284692075323,0.189054398920984,0,0.18385395057938,0,0.182081289790772
0,0,0,0.129727151173239,0,0.108080578347047,0,0,0,0.164955979825317,0,0,0,0,0,0.167799172354372,0.153603199869394,0.172884980837504,0.182232544240024,0,0,0,0,0.183333372076352,0,0,0,0,0,0,0,0,0,0,0,0,0,0.224251736799876,0,0.330190385381381,0,0.162822948551817,0,0.237970475639616,0,0,0,0,0,0.14982559292582,0,0,0,0,0,0.157662410861767,0,0.178742987306222,0,0,0,0.1226060909869,0,0,0,0,0.194421489746907,0,0,0,0,0,0,0,0,0,0.218803271651268,0,0.370293278443186,0.267031788825989,0.21059346486499,0,0.15752814733458,0,0.17043128973284,0.166412132691188,0
0.159965897639913,0,0,0,0.139065235853195,0,0,0,0.16089840605855,0,0,0,0,0,0,0,0.191190183162689,0,0.161701301733653,0,0,0,0,0,0.181013941764832,0,0,0,0,0,0,0,0,0,0,0,0.177947834134102,0,0.166713275015354,0.181028224527836,0.218944430351257,0.181923538446426,0.187853974709799,0,0,0,0.178678184747696,0.233696341514587,0.16706515789032,0,0,0,0,0,0.157993882894516,0,0.227956269796078,0,0,0,0,0,0,0.20771324634552,0,0,0,0,0,0,0,0,0,0.242674596607685,0,0,0,0.169853051503499,0,0.25879788895448,0,0.272632450141289,0.142208610170631,0,0.141098654071979,0,0.13691016550987
0,0.129727151173239,0,0,0,0.168216162374322,0,0,0,0,0,0.163032025786547,0,0,0,0,0,0,0.167138569056988,0,0,0,0,0,0,0,0,0,0,0,0,0,0,0,0,0.170982551574707,0,0,0,0.212019553780556,0,0.232390068588457,0,0,0,0.181447046675852,0,0.216480880975723,0,0.165629827725415,0,0.164582137018442,0,0,0,0,0,0.206391822467459,0,0.17502822726965,0,0,0,0,0,0,0,0,0,0,0,0,0.259043229122957,0,0,0,0,0,0.212356300730454,0,0.297185994360758,0,0.129098487490753,0,0.187443909110966,0.204652965068817,0
0,0,0.139065235853195,0,0,0,0,0,0,0,0,0,0,0,0,0,0,0,0.218590671817462,0,0.133069529707702,0,0,0,0,0,0,0,0,0,0,0,0.196801692247391,0,0,0,0.130796128085681,0,0,0,0.16061101176522,0,0.193130586118925,0,0,0,0.169425522579866,0.202331757003611,0.184720173744219,0.228952348232269,0,0,0,0,0,0,0.181380594318563,0,0,0,0,0,0,0.149012933764081,0,0,0,0,0,0,0,0,0,0.234161961823702,0,0.210045799612999,0,0,0,0.178716979920864,0,0.257552764378488,0.161083035722927,0,0.1505734683664,0,0.170775830745697
0,0.108080578347047,0,0.168216162374322,0,0,0,0,0,0.142293487489223,0,0,0,0,0,0,0,0,0,0.148990059201895,0,0,0,0,0,0,0,0,0,0,0,0,0,0,0,0.145475503206253,0,0,0,0,0,0.23918441683054,0,0,0,0,0,0,0,0.14676932990551,0,0.161908334126702,0,0,0,0.13142490724013,0,0.180038467049599,0,0,0,0,0.139187089069103,0,0,0,0,0,0,0,0,0,0,0,0,0,0,0,0.222612962126732,0,0,0,0.150790441058021,0,0.137911697157792,0,0
0,0,0,0,0,0,0,0,0,0,0.177126843482256,0,0,0,0,0,0,0,0,0,0.125725891441107,0,0,0,0,0,0,0,0,0,0,0,0,0,0,0,0,0,0,0,0,0,0,0,0,0,0,0,0,0,0,0,0.108539678156376,0,0,0,0.127799838781357,0,0,0,0,0,0,0.127525709569454,0,0,0,0,0,0,0,0,0,0,0,0,0,0,0,0,0,0,0.155881809775775,0.1418322250247,0,0,0
0,0,0,0,0,0,0,0,0,0,0,0.198435085255708,0,0.226541357381003,0,0,0,0,0,0,0,0,0,0,0,0,0,0,0,0,0,0,0,0,0,0,0,0.149520464241505,0,0,0,0,0,0,0,0,0,0,0,0,0,0,0,0.19491618249044,0,0,0,0.184621854605067,0,0.222276128828526,0,0,0,0,0,0,0,0,0,0,0,0,0,0,0,0,0,0,0.142782825231552,0,0.142824754118919,0,0.200037838021914,0,0,0,0
0.202056307435786,0,0.16089840605855,0,0,0,0,0,0,0,0,0,0,0,0.154494416374381,0,0.230740777200959,0.159843064844608,0.196337210489627,0,0,0,0,0,0.173725466054361,0,0.144359286342348,0,0,0,0,0,0,0,0,0,0,0,0.173811949789524,0,0.266069557517767,0.161618985980749,0.219764743618753,0,0,0,0.222804382443428,0.189775680502256,0.236191175439778,0.166788220405579,0,0,0,0,0.175997141816536,0,0.273115575313568,0,0,0,0.182682749203273,0,0,0.232723589986563,0,0,0,0.177791133256895,0,0,0,0,0,0.261260896424452,0,0,0,0,0,0.33674205938975,0.220971003174782,0.289091590740909,0.222789012390701,0.143786817789078,0.219129934101491,0,0.219319779958044
0,0.164955979825317,0,0,0,0.142293487489223,0,0,0,0,0,0,0,0,0,0.197778773349775,0.157429693266749,0.302339786506561,0.202631449847488,0,0,0,0,0,0,0,0,0,0,0,0,0,0,0,0,0,0,0.221241323571456,0,0.267518939243423,0,0.185109444291276,0,0.266466557979584,0,0,0,0,0,0,0,0,0,0,0,0.155469669599716,0,0,0,0,0,0.186440460472589,0,0,0,0,0.186571907471208,0,0,0,0,0,0.240238890051842,0,0,0,0.212622903287411,0,0.318899750709534,0,0.236141541494732,0.249427661299706,0.167978180725552,0,0.189367590969755,0.187356462604121,0
0,0,0,0,0,0,0.177126843482256,0,0,0,0,0,0.211382828140385,0,0,0,0,0,0,0,0.162100319684185,0,0,0,0,0,0,0,0.204022385004689,0,0.196051310065766,0,0,0,0,0,0.161163282237555,0,0.15855485619334,0,0,0,0,0,0,0,0.210600703954697,0,0,0,0,0,0.124106415547431,0,0,0,0.175964347686479,0,0.225603248675664,0,0,0,0,0.157104219931823,0,0,0,0,0,0,0,0.195383915179732,0,0.194987786260961,0,0,0,0,0,0.166532320504794,0,0.192832849869624,0.17959629116852,0.182543010695984,0,0,0
0,0,0,0.163032025786547,0,0,0,0.198435085255708,0,0,0,0,0,0.220700408620106,0,0,0,0,0,0.165219343566294,0,0,0,0,0,0,0,0.196759106612754,0,0.204981988509193,0,0,0,0,0,0.182568887282502,0,0.190695583797005,0,0,0,0,0,0,0,0,0,0,0,0.151675000786781,0,0.170994565884272,0,0.185706317424774,0,0,0,0.191000187738972,0,0.211295759853195,0,0,0.177333547671636,0,0,0,0,0,0,0,0.198516011783263,0,0.187847752869129,0,0,0,0,0,0.170046863220041,0,0.195368428977759,0,0.181757736680292,0.247603707015514,0,0,0
0,0,0,0,0,0,0,0,0,0,0.211382828140385,0,0,0,0.229648863029952,0,0,0,0,0,0,0,0,0,0,0,0.166160002350807,0,0.222792463111026,0,0.199664814397693,0,0,0,0,0,0,0,0,0,0,0,0,0,0,0,0,0,0,0,0,0,0,0,0,0,0.180337879841144,0,0.214615189807955,0,0.216096901740783,0,0,0,0,0,0,0,0,0.247623816132545,0,0.217009409853857,0,0.200272127985954,0,0,0,0,0,0,0,0,0.208232683713658,0.232824427386125,0,0,0
0,0,0,0,0,0,0,0.226541357381003,0,0,0,0.220700408620106,0,0,0,0.182256471631782,0,0,0,0,0,0,0,0,0,0,0,0.203627303242683,0,0.207842274986464,0,0,0,0,0,0,0,0,0,0,0,0,0,0,0,0,0,0,0,0.120038978755474,0,0,0,0.196091447025537,0,0,0,0.214841798032412,0,0.191172187790837,0,0.186897852964569,0,0,0,0,0,0,0,0,0.196899112065633,0,0,0,0,0,0,0,0,0,0,0,0.20739295904556,0.218226662899819,0,0,0
0.185158289968967,0,0,0,0,0,0,0,0.154494416374381,0,0,0,0.229648863029952,0,0,0,0.131050632938967,0,0,0,0,0,0,0,0.146797341989799,0,0.138046782372928,0,0.156218007206917,0,0,0,0,0,0,0,0,0,0,0,0,0,0.220498113582532,0,0,0,0,0,0.169972728937864,0,0,0,0,0,0.178390403943402,0,0,0,0.216595544318358,0,0.189580867406707,0,0,0,0,0,0,0.153525486588478,0,0.181021998587408,0,0.227159386500716,0,0,0,0,0,0,0,0,0,0,0.143370981129368,0,0.247062288224697,0,0
0,0.167799172354372,0,0,0,0,0,0,0,0.197778773349775,0,0,0,0.182256471631782,0,0,0,0.169327712617815,0,0,0,0,0,0,0,0,0,0,0,0,0,0,0,0,0,0,0,0,0,0,0,0,0,0,0,0,0,0,0,0.122266432359105,0,0,0,0,0,0.176489329216285,0,0.1466684120171,0,0.191570779202095,0,0.181987145845104,0,0,0,0,0,0,0,0,0,0,0,0,0,0,0,0,0,0,0,0,0.181528245701509,0,0,0,0
0.240578470130761,0.153603199869394,0.191190183162689,0,0,0,0,0,0.230740777200959,0.157429693266749,0,0,0,0,0.131050632938967,0,0,0.126897374379548,0.182915907663518,0,0,0,0,0,0.165334682911634,0.125888941480833,0.123405607871304,0,0.138632729649544,0,0,0.20419043302536,0,0.209078878164291,0,0.206461764872074,0,0,0.231531962752342,0.225420241716707,0.240717019204811,0.180930383702414,0.197004872224579,0.225488185882568,0.193391966819763,0.187973331127848,0.218154587706581,0.209405206582125,0.225994426384568,0.198755614277793,0,0,0,0,0.154826472335039,0.154067158699036,0.247301214064161,0.23103658358256,0,0,0.15256210033958,0,0,0.243305871332133,0,0,0,0.155798092484474,0.141259878873825,0.138758619502187,0,0,0,0.259922113772985,0,0,0,0,0.246014638558814,0.300983141248043,0.268606114697147,0.286624688105505,0.147786699587346,0.165625002235174,0.231000347199503,0.174947869032621,0.17196520169576
0,0.172884980837504,0,0,0,0,0,0,0.159843064844608,0.302339786506561,0,0,0,0,0,0.169327712617815,0.126897374379548,0,0.2159735562082,0,0,0.154483749932242,0,0,0,0.14636273468979,0,0,0,0,0,0.212223827838898,0,0,0,0,0,0,0,0.241983228927379,0.217186647984717,0.200375301557402,0.173997837757127,0.249760698704492,0.172200560569763,0.220841411501169,0.202940030023456,0.215241303046544,0.194381922483444,0.210961402490221,0,0,0,0,0,0.169534996151924,0.224193245172501,0.206414818763733,0,0,0,0,0.252816235025724,0,0.164694175124168,0,0,0,0.154863133658597,0,0,0,0.26010305753776,0.224992610514164,0,0,0,0,0.260898936380688,0.260064440694722,0.287002894365899,0.251410903675216,0.1514261931371,0,0.24008877137874,0.210016052637781,0
0.173477908844749,0.182232544240024,0.161701301733653,0.167138569056988,0.218590671817462,0,0,0,0.196337210489627,0.202631449847488,0,0,0,0,0,0,0.182915907663518,0.2159735562082,0,0,0.256549865007401,0.194172894954681,0,0,0.181680770052804,0,0,0,0,0,0,0.213432684540749,0.248923361301422,0,0,0.245444782078266,0.276267152279615,0.21555014885962,0.188780710101128,0.289811279350756,0.310980850951803,0.205201847806745,0.195052598032398,0.335628228272711,0.192097822204232,0.248533942869731,0.238795965456115,0.210151135664562,0.252170289400965,0.2157838833466,0,0,0,0,0.161129595339298,0.160458659518112,0.29477573378068,0.300140396505594,0,0,0,0,0.330914333462715,0.276061068952939,0,0,0.18498540421327,0.197585145632426,0,0,0,0,0.292297653026051,0.306557961659035,0,0,0.255610734224319,0,0.327355913519859,0.359904204659602,0.347498527355978,0.341192927400769,0.192176695528168,0.1316890232265,0.291968562847917,0.174782904175421,0.186154889372679
0,0,0,0,0,0.148990059201895,0,0,0,0,0,0.165219343566294,0,0,0,0,0,0,0,0,0,0,0,0,0,0,0,0,0,0,0,0,0,0,0,0.147348189452553,0,0.1291672932329,0,0,0,0,0,0,0,0,0,0,0,0,0,0,0,0,0,0,0,0.172361636597936,0,0,0,0,0.152732798085471,0,0,0,0,0,0,0,0,0,0.189191090812286,0,0,0,0,0,0.17350283494889,0,0.193628622693219,0,0.131412467715022,0,0.133900964260101,0,0
0,0,0,0,0.133069529707702,0,0.125725891441107,0,0,0,0.162100319684185,0,0,0,0,0,0,0,0.256549865007401,0,0,0,0,0,0,0,0,0,0,0,0,0,0,0,0,0,0.132266260554761,0,0.170515718887437,0,0.191888245252463,0,0.200301483273506,0,0,0,0.211942199526764,0,0,0,0,0,0.122735902245315,0,0,0,0.147443969111701,0,0,0,0,0,0,0.169322153228849,0,0,0,0,0,0,0,0,0,0.377563301473856,0,0,0,0,0,0.142614909731609,0,0.289100532396501,0.154434035164287,0,0.286021314561367,0,0
0,0,0,0,0,0,0,0,0,0,0,0,0,0,0,0,0,0.154483749932242,0.194172894954681,0,0,0,0.181675484121792,0.166346995159984,0,0,0,0.268371872107188,0,0,0,0,0,0,0,0,0,0.181673059435412,0.162772803992769,0,0,0,0.153827250003815,0,0,0,0,0,0,0.214752966449374,0,0,0,0,0,0,0,0,0,0,0,0,0,0,0.186040694735463,0.184745705791949,0.201166435428288,0,0,0,0.236530045889745,0,0,0,0,0,0.182602805395921,0,0,0,0.180802679544226,0.166487904821897,0.180292942381206,0.176501280909417,0.208917123930795,0,0
0,0,0,0,0,0,0,0,0,0,0,0,0,0,0,0,0,0,0,0,0,0.181675484121792,0,0,0.198857495306872,0,0.209449547135605,0,0.206985505209083,0,0,0,0,0,0,0,0,0.160380505025387,0.191388555729699,0,0,0,0,0,0,0,0,0,0,0,0,0,0,0,0.154758915305138,0,0,0,0,0,0,0,0,0,0.167346642434699,0.185407373882848,0,0.18783047820131,0,0.211101093297375,0,0.174634788793569,0,0,0,0,0,0.217849570636948,0,0,0,0.213925375146409,0.172352367406251,0.187638887322285,0,0,0
0,0.183333372076352,0,0,0,0,0,0,0,0,0,0,0,0,0,0,0,0,0,0,0,0.166346995159984,0,0,0,0,0,0,0,0,0,0,0,0,0,0,0,0.162352706326849,0,0,0,0.229385688900948,0,0,0,0,0,0,0,0.205191619694233,0,0,0,0,0,0.163870497047901,0,0,0,0,0,0,0,0,0.194388370508345,0,0.159735017618644,0,0.224245250225067,0,0,0,0,0,0,0,0,0,0,0,0.175267758345491,0,0.181966752960132,0,0.185137525200844,0,0
0.16638220846653,0,0.181013941764832,0,0,0,0,0,0.173725466054361,0,0,0,0,0,0.146797341989799,0,0.165334682911634,0,0.181680770052804,0,0,0,0.198857495306872,0,0,0,0.201970971115525,0,0,0,0,0,0,0,0,0,0,0,0.186206714756839,0,0.27174090842406,0,0.169191002845764,0,0,0,0,0,0.171539566626674,0,0,0,0,0,0.175148120765783,0,0.242794287701448,0,0,0,0.153751050432523,0,0,0.213229224085808,0,0.201103887298987,0,0.186422376178097,0,0.21268003786865,0,0,0,0.237161335017946,0,0,0,0.221348016350358,0,0.329600274562836,0,0.209903444579534,0.161991144801128,0,0.199306760619326,0,0.145800030479829
0,0,0,0,0,0,0,0,0,0,0,0,0,0,0,0,0.125888941480833,0.14636273468979,0,0,0,0,0,0,0,0,0,0,0,0,0,0,0,0,0,0,0,0,0,0,0,0,0,0,0,0,0,0,0,0,0,0,0,0,0,0,0,0,0,0,0,0,0,0,0,0,0.130477978059879,0,0.18374890089035,0,0,0,0,0,0,0,0,0,0,0,0,0,0.164123232887601,0,0,0,0
0,0,0,0,0,0,0,0,0.144359286342348,0,0,0,0.166160002350807,0,0.138046782372928,0,0.123405607871304,0,0,0,0,0,0.209449547135605,0,0.201970971115525,0,0,0,0.200528827698334,0,0,0,0,0,0,0,0,0,0,0,0,0,0,0,0,0,0,0,0.171752378344536,0,0,0,0,0,0.156932536293479,0,0,0,0,0,0.175043747656875,0,0,0,0,0.201125799341405,0,0.213357203879527,0,0.181474493659824,0,0.2195349107186,0,0,0,0,0,0,0,0,0,0,0.141668261458044,0,0.146279409527779,0,0
0,0,0,0,0,0,0,0,0,0,0,0.196759106612754,0,0.203627303242683,0,0,0,0,0,0,0,0.268371872107188,0,0,0,0,0,0,0,0.198462633023851,0,0,0,0,0,0,0,0.202197346923543,0,0,0,0,0,0,0,0,0,0,0,0,0,0,0,0,0,0,0,0.205484721356189,0,0.202598423262437,0,0,0,0,0.238637787293628,0,0,0,0,0,0.205226669686637,0,0.196757910904244,0,0,0,0,0,0,0,0.197934314835286,0,0.21659495841737,0.232268707817821,0,0,0
0,0,0,0,0,0,0,0,0,0,0.204022385004689,0,0.222792463111026,0,0.156218007206917,0,0.138632729649544,0,0,0,0,0,0.206985505209083,0,0,0,0.200528827698334,0,0,0,0.192695644754517,0,0,0,0,0,0,0,0.230882677154721,0,0,0,0,0,0,0,0,0,0,0,0,0,0,0,0,0,0.188603871045452,0,0.233380869868096,0,0.234518051147461,0,0,0,0,0,0,0,0,0.216093531357391,0,0.19534580595351,0,0.184957736617337,0,0,0,0,0,0,0,0.224472127252312,0.189199326862307,0.233105623187163,0,0,0
0,0,0,0,0,0,0,0,0,0,0,0.204981988509193,0,0.207842274986464,0,0,0,0,0,0,0,0,0,0,0,0,0,0.198462633023851,0,0,0,0,0,0,0,0,0,0.170995534760277,0,0,0,0,0,0,0,0,0,0,0,0,0,0,0,0,0,0,0,0.205607849274766,0,0,0,0,0,0,0,0,0,0,0,0,0.200068156159561,0,0.190314564781012,0,0,0,0,0,0,0,0.188070648158395,0,0.18547894116277,0.203317431026492,0,0,0
0,0,0,0,0,0,0,0,0,0,0.196051310065766,0,0.199664814397693,0,0,0,0,0,0,0,0,0,0,0,0,0,0,0,0.192695644754517,0,0,0,0,0,0,0,0,0,0.171835933070758,0,0,0,0,0,0,0,0,0,0,0,0,0,0,0,0,0,0.213651930894887,0,0.197435516864061,0,0,0,0,0,0,0,0,0,0,0,0,0.178063366254535,0,0.189019259996712,0,0,0,0,0,0,0,0.178066310372103,0.185090003039339,0,0,0,0
0,0,0,0,0,0,0,0,0,0,0,0,0,0,0,0,0.20419043302536,0.212223827838898,0.213432684540749,0,0,0,0,0,0,0,0,0,0,0,0,0,0.265186451803793,0.290261842172455,0.284584715341528,0.213709081915979,0.161907193521012,0,0,0.2010670161018,0.217303194105625,0.236389126628637,0.230116665363312,0,0,0.170239976644516,0,0.284024756800612,0,0.211856702226214,0,0,0,0,0,0,0.254944264888763,0.229294061660767,0,0,0,0,0.208060897886753,0,0,0,0,0,0,0,0,0,0,0,0.298880129568516,0.271069283673917,0.294678104471187,0.291260180034136,0.269034675347774,0.248925271510546,0.284640739361445,0,0.133866335967733,0,0.214291117746722,0,0
0.254448652267456,0,0,0,0.196801692247391,0,0,0,0,0,0,0,0,0,0,0,0,0,0.248923361301422,0,0,0,0,0,0,0,0,0,0,0,0,0.265186451803793,0,0.258442736905197,0.291145562256476,0.175174700972788,0.2086106213781,0.399728119373322,0,0,0.238834629456202,0.330721534788609,0.312726840376854,0,0,0,0.175972082548671,0.377494215760545,0.266151361703094,0.389356889724731,0,0,0,0,0,0,0,0,0,0,0,0,0,0.196977004408836,0,0,0,0,0,0,0,0,0,0.269846260547638,0.299157700778963,0.31553377915146,0.290295061392662,0.276414467973901,0.326081398554247,0.251995473747562,0.313381381332874,0,0.196891381044875,0,0.31943442299962,0,0
0,0,0,0,0,0,0,0,0,0,0,0,0,0,0,0,0.209078878164291,0,0,0,0,0,0,0,0,0,0,0,0,0,0,0.290261842172455,0.258442736905197,0,0.306019518455936,0.291573984790048,0.248225249350071,0.288092634228409,0.18453269883206,0.195071948071321,0,0.277548577923041,0.312328994274139,0,0,0.195236429572105,0,0.430162575034419,0.404459869160372,0.319869460850737,0,0,0,0,0,0,0,0,0,0,0,0,0,0,0,0,0,0,0,0,0,0,0,0,0.314466765652131,0.25856914854533,0.286499678174411,0.230059177680683,0.299642340760482,0.266467273235321,0.409106954979719,0.187425568699837,0.184967226881287,0,0.260383811333905,0,0
0,0,0,0,0,0,0,0,0,0,0,0,0,0,0,0,0,0,0,0,0,0,0,0,0,0,0,0,0,0,0,0.284584715341528,0.291145562256476,0.306019518455936,0,0.270584367215633,0.175081111296364,0.203858758429535,0.179149199277163,0,0,0.316182598471642,0.289057115279138,0,0,0,0,0.445839971079862,0.363644086741484,0.375879178444544,0,0,0,0,0,0,0,0,0,0,0,0,0,0.364953815937042,0.323823720216751,0,0,0,0,0,0,0,0,0,0.299990487098694,0.259147552996214,0.29302554885955,0.266781514317924,0.294279254497366,0.20515384276708,0.302789879407234,0.201113126923641,0.192507727864412,0,0.358206648575632,0,0
0,0,0,0.170982551574707,0,0.145475503206253,0,0,0,0,0,0.182568887282502,0,0,0,0,0.206461764872074,0,0.245444782078266,0.147348189452553,0,0,0,0,0,0,0,0,0,0,0,0.213709081915979,0.175174700972788,0.291573984790048,0.270584367215633,0,0.173791680802297,0.176072706772139,0,0.175640323398642,0.186960481107235,0.22621816618217,0.200575745531491,0.238012135028839,0,0.139780158152828,0,0.22360700207452,0.243101810663939,0.185478335091223,0,0,0,0,0,0,0.252930074930191,0.201814813273294,0,0,0,0,0.154027608376728,0.120280474424362,0,0,0,0,0,0,0,0,0.269065856933594,0,0.18225952347034,0.32456722778493,0.308324044400995,0.316118001937866,0.165394545435423,0.155775553450502,0.172207050585842,0.271529093384743,0.170707542964066,0.165225910998981,0.180646191122549,0.196637511253357,0
0,0,0.177947834134102,0,0.130796128085681,0,0,0,0,0,0.161163282237555,0,0,0,0,0,0,0,0.276267152279615,0,0.132266260554761,0,0,0,0,0,0,0,0,0,0,0.161907193521012,0.2086106213781,0.248225249350071,0.175081111296364,0.173791680802297,0,0,0.140230704833861,0.212680195768674,0.18750878572464,0.20932437479496,0.217319042732318,0,0,0.207410603761673,0.165667592858275,0.219495641333716,0.175042503295427,0.229046855370204,0,0,0,0,0,0,0.187618758529425,0,0,0,0,0,0.217830002307892,0.142045751383359,0,0,0,0,0,0,0,0,0,0.239661746554905,0.147419533774823,0.22992586029456,0,0.241582903906564,0.178388833747925,0.16698193927986,0.231068998575211,0.147697063859546,0.166831897619368,0.186014039636478,0.203116721154129,0,0.231139476100604
0,0.224251736799876,0,0,0,0,0,0.149520464241505,0,0.221241323571456,0,0.190695583797005,0,0,0,0,0,0,0.21555014885962,0.1291672932329,0,0.181673059435412,0.160380505025387,0.162352706326849,0,0,0,0.202197346923543,0,0.170995534760277,0,0,0.399728119373322,0.288092634228409,0.203858758429535,0.176072706772139,0,0,0.182564144813782,0,0,0.253077377378941,0.267137810587883,0,0,0,0,0.359017166189658,0.358604945242405,0.226501414605549,0,0,0,0,0,0.244767709124473,0,0.165631452962609,0,0,0,0,0,0,0.172359468341465,0.154791980981827,0.198835484683514,0,0,0,0.221305646304715,0,0.165402234612007,0,0,0,0.259459946611348,0.202167943120003,0.166859224438667,0,0.181278871007839,0.201305975091649,0.168545581345722,0.182668202327099,0.271621872140811,0.223590664565563,0
0.210655778646469,0,0.166713275015354,0,0,0,0,0,0.173811949789524,0,0.15855485619334,0,0,0,0,0,0.231531962752342,0,0.188780710101128,0,0.170515718887437,0.162772803992769,0.191388555729699,0,0.186206714756839,0,0,0,0.230882677154721,0,0.171835933070758,0,0,0.18453269883206,0.179149199277163,0,0.140230704833861,0.182564144813782,0,0,0.216953590512276,0.146390095353127,0.155020733525356,0,0,0,0.214754131436348,0.159197047352791,0.298770113927977,0,0,0,0,0,0.174583271145821,0,0.162871637609954,0,0,0,0.222047060728073,0,0,0.24735933230884,0.156914390337009,0.231295109220913,0,0.168360411143141,0,0,0,0.239965495601129,0,0.160389344943197,0,0,0.212859384259399,0.217876845227845,0,0.144727129774809,0.185254771168492,0.195669302206402,0.168793945412139,0.167300269311311,0.271812095514779,0,0.135638292464945
0.181563019752502,0.330190385381381,0.181028224527836,0.212019553780556,0,0,0,0,0,0.267518939243423,0,0,0,0,0,0,0.225420241716707,0.241983228927379,0.289811279350756,0,0,0,0,0,0,0,0,0,0,0,0,0.2010670161018,0,0.195071948071321,0,0.175640323398642,0.212680195768674,0,0,0,0.205311079323292,0.259493024902804,0.210556198393597,0.42472083227975,0.223531998693943,0.166359625640325,0.193359780311584,0.181722235599799,0.253911264240742,0.176846045015433,0,0,0,0,0,0,0.19642461836338,0.258233686288198,0,0,0,0,0.173021411632495,0.210125212868055,0,0,0,0,0,0,0,0,0.279432339248834,0.241212124625842,0.167693212628365,0.203896373510361,0,0,0.259101244935985,0.263692775910551,0.293507341142607,0.246187740936875,0.241749707373271,0,0.266250204474941,0.237868799298417,0
0.33393406867981,0,0.218944430351257,0,0.16061101176522,0,0,0,0.266069557517767,0,0,0,0,0,0,0,0.240717019204811,0.217186647984717,0.310980850951803,0,0.191888245252463,0,0,0,0.27174090842406,0,0,0,0,0,0,0.217303194105625,0.238834629456202,0,0,0.186960481107235,0.18750878572464,0,0.216953590512276,0.205311079323292,0,0.199689347793659,0.207656444181939,0,0.271047957241535,0.19898933172226,0.14542826154507,0.154903667316987,0.15462462298909,0.199719564003103,0,0,0,0,0.270142953842878,0,0.257880750704895,0,0,0,0,0,0.227305307984352,0.204835272065419,0,0,0,0.313542097806931,0,0,0,0,0,0.269718784306731,0,0.228638952970505,0,0.238600969314575,0.211548879742622,0.181329760297294,0.241895160079002,0.283120207806334,0.239355836926129,0,0.215935263246821,0,0.236745718866587
0.149825743266514,0.162822948551817,0.181923538446426,0.232390068588457,0,0.23918441683054,0,0,0.161618985980749,0.185109444291276,0,0,0,0,0,0,0.180930383702414,0.200375301557402,0.205201847806745,0,0,0,0,0.229385688900948,0,0,0,0,0,0,0,0.236389126628637,0.330721534788609,0.277548577923041,0.316182598471642,0.22621816618217,0.20932437479496,0.253077377378941,0.146390095353127,0.259493024902804,0.199689347793659,0,0.153707737376376,0.335415113913385,0.16534134083324,0.200771221204808,0.192265094982253,0.288719456113336,0.227487017159109,0.196375404729234,0,0,0,0,0,0.1937325296217,0.216783076524734,0.293548990506679,0,0,0,0,0.288803578471419,0.196413243810336,0.211920388042927,0,0.25290616722164,0,0,0,0,0,0.307888829853477,0.223234662099888,0.230322673916817,0,0.247292448367391,0,0.284940404898034,0.259024694313606,0.294159386245095,0.24924045338214,0.18688483120062,0,0.24458769507545,0.177716586529752,0.154256626087077
0.206395409954953,0,0.187853974709799,0,0.193130586118925,0,0,0,0.219764743618753,0,0,0,0,0,0.220498113582532,0,0.197004872224579,0.173997837757127,0.195052598032398,0,0.200301483273506,0.153827250003815,0,0,0.169191002845764,0,0,0,0,0,0,0.230116665363312,0.312726840376854,0.312328994274139,0.289057115279138,0.200575745531491,0.217319042732318,0.267137810587883,0.155020733525356,0.210556198393597,0.207656444181939,0.153707737376376,0,0,0.126434522122145,0.21142441034317,0.209019020076115,0.251776730575358,0.229441340742768,0.193114285667737,0,0,0,0,0.211345509680175,0,0.235019839559141,0,0,0,0.238725059089207,0,0,0.25395081399394,0,0,0,0.146300477060405,0,0,0,0,0.218743517994881,0.245294054616399,0,0.203172221779823,0,0.181415433064103,0.22774084409078,0.283598659767045,0.266150815855889,0.269730357432937,0.181522046054707,0.142219101389249,0.22917059494547,0,0.202892013886547
0,0.237970475639616,0,0,0,0,0,0,0,0.266466557979584,0,0,0,0,0,0,0.225488185882568,0.249760698704492,0.335628228272711,0,0,0,0,0,0,0,0,0,0,0,0,0,0,0,0,0.238012135028839,0,0,0,0.42472083227975,0,0.335415113913385,0,0,0,0,0,0,0,0,0,0,0,0,0,0,0,0.379912704229355,0,0,0,0,0,0,0,0,0,0,0,0,0,0,0.361503913998604,0,0,0,0,0,0.411370726568358,0,0.448786045037783,0,0.23493971878832,0,0.38453470915556,0,0
0,0,0,0,0,0,0,0,0,0,0,0,0,0,0,0,0.193391966819763,0.172200560569763,0.192097822204232,0,0,0,0,0,0,0,0,0,0,0,0,0,0,0,0,0,0,0,0,0.223531998693943,0.271047957241535,0.16534134083324,0.126434522122145,0,0,0,0.226586826145649,0.267466306686401,0.25046456605196,0.202214390039444,0,0,0,0,0,0,0,0,0,0,0,0,0,0,0,0,0,0,0,0,0,0,0,0,0,0,0,0,0.212362617254257,0.317187974850337,0.248565450310707,0.328463157018026,0.148952500894666,0,0.224442536477,0,0
0,0,0,0.181447046675852,0,0,0,0,0,0,0,0,0,0,0,0,0.187973331127848,0.220841411501169,0.248533942869731,0,0,0,0,0,0,0,0,0,0,0,0,0.170239976644516,0,0.195236429572105,0,0.139780158152828,0.207410603761673,0,0,0.166359625640325,0.19898933172226,0.200771221204808,0.21142441034317,0,0,0,0.169539049267769,0.184185466250858,0.213835635532935,0.171243210012714,0,0,0,0,0,0,0,0.242423371484243,0,0,0,0,0.266208420703233,0.205591022968292,0,0,0,0,0,0,0,0,0.277509454622047,0.233206808567047,0,0.202520668506622,0,0,0.178993963451448,0.220823998252551,0.288967490152229,0.179843664169312,0.201254288571468,0,0.191881286162755,0.216752715408802,0.179416492581367
0.238808274269104,0,0.178678184747696,0,0.169425522579866,0,0,0,0.222804382443428,0,0.210600703954697,0,0,0,0,0,0.218154587706581,0.202940030023456,0.238795965456115,0,0.211942199526764,0,0,0,0,0,0,0,0,0,0,0,0.175972082548671,0,0,0,0.165667592858275,0,0.214754131436348,0.193359780311584,0.14542826154507,0.192265094982253,0.209019020076115,0,0.226586826145649,0.169539049267769,0,0.202703073010093,0.175086403278382,0.221216493419238,0,0,0,0,0,0,0.218472265662291,0,0,0,0,0,0,0.226928008586139,0,0,0,0,0,0,0,0,0,0.249678035100845,0,0.181320955710752,0,0,0,0.159978737214727,0,0.253178535936352,0.21384361121109,0,0.183580703556847,0,0
0.25576514005661,0,0.233696341514587,0.216480880975723,0.202331757003611,0,0,0,0.189775680502256,0,0,0,0,0,0,0,0.209405206582125,0.215241303046544,0.210151135664562,0,0,0,0,0,0,0,0,0,0,0,0,0.284024756800612,0.377494215760545,0.430162575034419,0.445839971079862,0.22360700207452,0.219495641333716,0.359017166189658,0.159197047352791,0.181722235599799,0.154903667316987,0.288719456113336,0.251776730575358,0,0.267466306686401,0.184185466250858,0.202703073010093,0,0.22950766447735,0.231668258500397,0,0,0,0,0,0,0.267139041796327,0.246739116807779,0,0,0,0,0.2055857082208,0.216991650856147,0,0,0,0,0,0,0,0,0.255848377943039,0.267194691631529,0.258897437342219,0.305843980905504,0.315428282918893,0.329397519234738,0.199533166633627,0.20763584149905,0.370706346955243,0.212160478035609,0.323561713080252,0.20438289642334,0.296704340489831,0.251750588417053,0.235777586698532
0.174873842712327,0,0.16706515789032,0,0.184720173744219,0,0,0,0.236191175439778,0,0,0,0,0,0.169972728937864,0,0.225994426384568,0.194381922483444,0.252170289400965,0,0,0,0,0,0.171539566626674,0,0.171752378344536,0,0,0,0,0,0.266151361703094,0.404459869160372,0.363644086741484,0.243101810663939,0.175042503295427,0.358604945242405,0.298770113927977,0.253911264240742,0.15462462298909,0.227487017159109,0.229441340742768,0,0.25046456605196,0.213835635532935,0.175086403278382,0.22950766447735,0,0.332380391498829,0.161706982099492,0,0,0,0.253818981349468,0,0.168740041044048,0,0.147761378202352,0,0.157494561060479,0,0,0.206157900259166,0,0.191133894564876,0,0.164640555779139,0,0,0,0.143265089020133,0.284473538398743,0.209948903815014,0,0.212491069270505,0.388853227098783,0.284270481843697,0.23845262825489,0.168533019569628,0.363603992263476,0.2973964753823,0.243554963252761,0,0.213618429911101,0.266488075256348,0.203939171398387
0.245268985629082,0.14982559292582,0,0.165629827725415,0.228952348232269,0.14676932990551,0,0,0.166788220405579,0,0,0.151675000786781,0,0.120038978755474,0,0.122266432359105,0.198755614277793,0.210961402490221,0.2157838833466,0,0,0.214752966449374,0,0.205191619694233,0,0,0,0,0,0,0,0.211856702226214,0.389356889724731,0.319869460850737,0.375879178444544,0.185478335091223,0.229046855370204,0.226501414605549,0,0.176846045015433,0.199719564003103,0.196375404729234,0.193114285667737,0,0.202214390039444,0.171243210012714,0.221216493419238,0.231668258500397,0.332380391498829,0,0,0,0,0,0,0.203589675948024,0,0.209910633644663,0,0.197695070966369,0,0.153546743922763,0.206238032151491,0.198282927274704,0.230228541728644,0,0.208505298280716,0,0.223436953472386,0,0.234736757916073,0,0.220473978668451,0,0.219754364245977,0.36566635966301,0.350356678167979,0.298833310604095,0.195497590109639,0.269887213905652,0.242443193411866,0.250943099459012,0.224787430599439,0.172512471675873,0.196129467413286,0.19163701541367,0.17443360388279
0.167170099475804,0,0,0,0,0,0,0,0,0,0,0,0,0,0,0,0,0,0,0,0,0,0,0,0,0,0,0,0,0,0,0,0,0,0,0,0,0,0,0,0,0,0,0,0,0,0,0,0.161706982099492,0,0,0,0,0,0,0,0.17533253133297,0,0,0,0,0,0,0.120758734643459,0,0,0,0,0,0,0,0,0,0,0,0,0,0,0,0,0,0,0,0,0.17032907298117,0,0
0,0,0,0.164582137018442,0,0.161908334126702,0,0,0,0,0,0.170994565884272,0,0,0,0,0,0,0,0,0,0,0,0,0,0,0,0,0,0,0,0,0,0,0,0,0,0,0,0,0,0,0,0,0,0,0,0,0,0,0,0,0,0,0,0,0,0.157424762845039,0,0,0,0,0,0,0,0,0,0,0,0,0,0,0,0,0,0,0,0,0,0,0,0,0.153153129134859,0,0.21259247759978,0,0
0,0,0,0,0,0,0.108539678156376,0,0,0,0.124106415547431,0,0,0,0,0,0,0,0,0,0.122735902245315,0,0,0,0,0,0,0,0,0,0,0,0,0,0,0,0,0,0,0,0,0,0,0,0,0,0,0,0,0,0,0,0,0,0,0,0.125325964423277,0,0,0,0,0,0,0.12127160858743,0,0,0,0,0,0,0,0,0,0,0,0,0,0,0,0,0,0,0.130520872709652,0,0,0,0
0,0,0,0,0,0,0,0.19491618249044,0,0,0,0.185706317424774,0,0.196091447025537,0,0,0,0,0,0,0,0,0,0,0,0,0,0,0,0,0,0,0,0,0,0,0,0,0,0,0,0,0,0,0,0,0,0,0,0,0,0,0,0,0,0,0,0.150487371760866,0,0.227894984185696,0,0,0,0,0,0,0,0,0,0,0,0,0,0,0,0,0,0,0.147490739822388,0,0,0,0.183889050169539,0.178822554098932,0,0,0
0.190087411019854,0,0.157993882894516,0,0,0,0,0,0.175997141816536,0,0,0,0,0,0.178390403943402,0,0.154826472335039,0,0.161129595339298,0,0,0,0.154758915305138,0,0.175148120765783,0,0.156932536293479,0,0,0,0,0,0,0,0,0,0,0,0.174583271145821,0,0.270142953842878,0,0.211345509680175,0,0,0,0,0,0.253818981349468,0,0,0,0,0,0,0,0.221478164196014,0,0,0,0.197676699383449,0,0,0.264076381921768,0,0,0,0.179682612711308,0,0.168607950210571,0,0,0,0.265595301985741,0,0,0,0,0,0.338603317737579,0,0.271323147065499,0.163127393786024,0,0.235043659502146,0,0.165591463446617
0,0.157662410861767,0,0,0,0.13142490724013,0,0,0,0.155469669599716,0,0,0,0,0,0.176489329216285,0.154067158699036,0.169534996151924,0.160458659518112,0,0,0,0,0.163870497047901,0,0,0,0,0,0,0,0,0,0,0,0,0,0.244767709124473,0,0,0,0.1937325296217,0,0,0,0,0,0,0,0.203589675948024,0,0,0,0,0,0,0,0.298696666955948,0,0,0,0.163963926321301,0,0,0.222672998905182,0,0.219594655889915,0,0,0,0,0,0,0,0,0,0.250814601778984,0,0,0,0.213035967505396,0,0.161251762635493,0,0.186697982635695,0.179926469922066,0
0.199153851185526,0,0.227956269796078,0,0.181380594318563,0,0.127799838781357,0,0.273115575313568,0,0.175964347686479,0,0.180337879841144,0,0,0,0.247301214064161,0.224193245172501,0.29477573378068,0,0.147443969111701,0,0,0,0.242794287701448,0,0,0,0.188603871045452,0,0.213651930894887,0.254944264888763,0,0,0,0.252930074930191,0.187618758529425,0,0.162871637609954,0.19642461836338,0.257880750704895,0.216783076524734,0.235019839559141,0,0,0,0.218472265662291,0.267139041796327,0.168740041044048,0,0.17533253133297,0,0.125325964423277,0,0.221478164196014,0,0,0,0.166114016378074,0,0,0,0,0.182663539601596,0,0,0,0,0,0,0,0.139340406185702,0,0.261337663715138,0,0,0,0,0,0.208974831566519,0,0.293578792961768,0.184618657919799,0.226833577785227,0.200899898636684,0,0.252151880661647
0,0.178742987306222,0,0.206391822467459,0,0.180038467049599,0,0.184621854605067,0,0,0,0.191000187738972,0,0.214841798032412,0,0.1466684120171,0.23103658358256,0.206414818763733,0.300140396505594,0.172361636597936,0,0,0,0,0,0,0,0.205484721356189,0,0.205607849274766,0,0.229294061660767,0,0,0,0.201814813273294,0,0.165631452962609,0,0.258233686288198,0,0.293548990506679,0,0.379912704229355,0,0.242423371484243,0,0.246739116807779,0,0.209910633644663,0,0.157424762845039,0,0.150487371760866,0,0.298696666955948,0,0,0,0.203126515741423,0,0.167072535915808,0.227786656441512,0,0,0,0,0,0,0,0.204690507576291,0,0.277419563359629,0,0,0,0,0,0.217259976598952,0,0.218501259561847,0,0.197213200276548,0.213517025704226,0.231009792482931,0.247576206922531,0
0.165366539359093,0,0,0,0,0,0,0,0,0,0.225603248675664,0,0.214615189807955,0,0.216595544318358,0,0,0,0,0,0,0,0,0,0,0,0,0,0.233380869868096,0,0.197435516864061,0,0,0,0,0,0,0,0,0,0,0,0,0,0,0,0,0,0.147761378202352,0,0,0,0,0,0,0,0.166114016378074,0,0,0,0.219488147646189,0,0,0,0,0,0,0,0,0.257489800453186,0,0.231775535477532,0,0.194700673222542,0,0,0,0,0,0,0,0,0.20958346215605,0.255367034425338,0.167808166067851,0,0
0,0,0,0.17502822726965,0,0,0,0.222276128828526,0,0,0,0.211295759853195,0,0.191172187790837,0,0.191570779202095,0,0,0,0,0,0,0,0,0,0,0,0.202598423262437,0,0,0,0,0,0,0,0,0,0,0,0,0,0,0,0,0,0,0,0,0,0.197695070966369,0,0,0,0.227894984185696,0,0,0,0.203126515741423,0,0,0,0.168181928976949,0,0,0,0,0,0,0,0,0.115977111117293,0,0,0,0,0,0,0,0,0,0,0,0.215639347468783,0.228950318890614,0,0,0
0.188626519934146,0,0,0,0,0,0,0,0.182682749203273,0,0,0,0.216096901740783,0,0.189580867406707,0,0.15256210033958,0,0,0,0,0,0,0,0.153751050432523,0,0.175043747656875,0,0.234518051147461,0,0,0,0,0,0,0,0,0,0.222047060728073,0,0,0,0.238725059089207,0,0,0,0,0,0.157494561060479,0,0,0,0,0,0.197676699383449,0,0,0,0.219488147646189,0,0,0,0,0,0,0,0,0,0,0.227699339517161,0,0.24737607847367,0,0,0,0,0,0,0,0,0,0,0.163314299966608,0,0.231027217641953,0,0
0,0.1226060909869,0,0,0,0,0,0,0,0.186440460472589,0,0,0,0.186897852964569,0,0.181987145845104,0,0,0,0,0,0,0,0,0,0,0,0,0,0,0,0,0,0,0,0,0,0,0,0,0,0,0,0,0,0,0,0,0,0.153546743922763,0,0,0,0,0,0.163963926321301,0,0.167072535915808,0,0.168181928976949,0,0,0,0,0,0,0,0,0,0,0,0,0,0,0,0,0,0,0,0,0,0,0.195505207777023,0,0.151343822479248,0,0
0,0,0,0,0,0.139187089069103,0,0,0,0,0,0.177333547671636,0,0,0,0,0,0.252816235025724,0.330914333462715,0.152732798085471,0,0,0,0,0,0,0,0,0,0,0,0.208060897886753,0,0,0,0.154027608376728,0.217830002307892,0,0,0.173021411632495,0.227305307984352,0.288803578471419,0,0,0,0.266208420703233,0,0.2055857082208,0,0.206238032151491,0,0,0,0,0,0,0,0.227786656441512,0,0,0,0,0,0,0,0,0,0,0,0,0,0,0.283229237888742,0,0,0,0,0,0.198335979071771,0,0.301922647184814,0,0.160121310625102,0.129317891597748,0.246068421020211,0,0
0.243091348720633,0,0.20771324634552,0,0.149012933764081,0,0.127525709569454,0,0.232723589986563,0,0.157104219931823,0,0,0,0,0,0.243305871332133,0,0.276061068952939,0,0.169322153228849,0,0,0,0.213229224085808,0,0,0,0,0,0,0,0.196977004408836,0,0.364953815937042,0.120280474424362,0.142045751383359,0,0.24735933230884,0.210125212868055,0.204835272065419,0.196413243810336,0.25395081399394,0,0,0.205591022968292,0.226928008586139,0.216991650856147,0.206157900259166,0.198282927274704,0.120758734643459,0,0.12127160858743,0,0.264076381921768,0,0.182663539601596,0,0,0,0,0,0,0,0,0,0,0,0,0,0,0,0,0.29724935290672,0,0.200542587786913,0,0.218107402324677,0,0.216834149353678,0,0.290981063263423,0.163249962448732,0,0.230624762779737,0,0.229966968297958
0,0,0,0,0,0,0,0,0,0,0,0,0,0,0,0,0,0.164694175124168,0,0,0,0.186040694735463,0.167346642434699,0.194388370508345,0,0,0,0.238637787293628,0,0,0,0,0,0,0.323823720216751,0,0,0.172359468341465,0.156914390337009,0,0,0.211920388042927,0,0,0,0,0,0,0,0.230228541728644,0,0,0,0,0,0.222672998905182,0,0,0,0,0,0,0,0,0,0.167902577837452,0.219839192220363,0,0.166285538724784,0,0.17511881165713,0,0,0,0,0,0.178361803293228,0,0,0,0.189158298005165,0.161772929650071,0.177288367886181,0.185305355125992,0.212374639450287,0,0
0,0,0,0,0,0,0,0,0,0,0,0,0,0,0,0,0,0,0,0,0,0.184745705791949,0.185407373882848,0,0.201103887298987,0,0.201125799341405,0,0,0,0,0,0,0,0,0,0,0.154791980981827,0.231295109220913,0,0,0,0,0,0,0,0,0,0.191133894564876,0,0,0,0,0,0,0,0,0,0,0,0,0,0,0,0.167902577837452,0,0,0.155253473786931,0,0.166209854119354,0,0.153711219628652,0,0,0,0,0,0,0,0,0,0.199370833513367,0.186709364752096,0.244444055177949,0.284346908330917,0,0
0,0.194421489746907,0,0,0,0,0,0,0,0.186571907471208,0,0,0,0,0,0,0,0,0.18498540421327,0,0,0.201166435428288,0,0.159735017618644,0,0.130477978059879,0,0,0,0,0,0,0,0,0,0,0,0.198835484683514,0,0,0,0.25290616722164,0,0,0,0,0,0,0,0.208505298280716,0,0,0,0,0,0.219594655889915,0,0,0,0,0,0,0,0,0.219839192220363,0,0,0,0.184355038045401,0,0.249568141996861,0,0,0,0,0,0.202283307909966,0,0,0,0.182790891053205,0,0.199564039707184,0,0.194766823223498,0,0
0.188100821939595,0,0,0,0,0,0,0,0.177791133256895,0,0,0,0,0,0.153525486588478,0,0.155798092484474,0,0.197585145632426,0,0,0,0.18783047820131,0,0.186422376178097,0,0.213357203879527,0,0,0,0,0,0,0,0,0,0,0,0.168360411143141,0,0.313542097806931,0,0.146300477060405,0,0,0,0,0,0.164640555779139,0,0,0,0,0,0.179682612711308,0,0,0,0,0,0,0,0,0,0,0.155253473786931,0,0,0,0.201051666587591,0,0,0,0.177914887666702,0,0,0,0,0,0,0,0.188761999897928,0.175191127354294,0,0.209067095147104,0,0.136204194277525
0,0,0,0,0,0,0,0,0,0,0,0,0,0,0,0,0.141259878873825,0.154863133658597,0,0,0,0,0,0.224245250225067,0,0.18374890089035,0,0,0,0,0,0,0,0,0,0,0,0,0,0,0,0,0,0,0,0,0,0,0,0.223436953472386,0,0,0,0,0,0,0,0,0,0,0,0,0,0,0.166285538724784,0,0.184355038045401,0,0,0,0.189306089121276,0,0,0,0,0,0,0,0,0,0.23284800350666,0,0.153859734535217,0,0,0,0
0,0,0,0,0,0,0,0,0,0,0,0,0.247623816132545,0,0.181021998587408,0,0.138758619502187,0,0,0,0,0,0.211101093297375,0,0.21268003786865,0,0.181474493659824,0,0.216093531357391,0,0,0,0,0,0,0,0,0,0,0,0,0,0,0,0,0,0,0,0,0,0,0,0,0,0.168607950210571,0,0,0,0.257489800453186,0,0.227699339517161,0,0,0,0,0.166209854119354,0,0.201051666587591,0,0,0,0.169770289047179,0,0,0,0,0,0,0,0,0,0,0.178665844102701,0,0,0,0
0,0,0,0,0,0,0,0,0,0,0,0.198516011783263,0,0.196899112065633,0,0,0,0,0,0,0,0.236530045889745,0,0,0,0,0,0.205226669686637,0,0.200068156159561,0,0,0,0,0,0,0,0.221305646304715,0,0,0,0,0,0,0,0,0,0,0,0.234736757916073,0,0,0,0,0,0,0,0.204690507576291,0,0.115977111117293,0,0,0,0,0.17511881165713,0,0.249568141996861,0,0.189306089121276,0,0,0,0.196710115749072,0,0,0,0,0,0,0,0.209346273317639,0,0.211561598331857,0.221209780310752,0,0,0
0,0,0,0,0,0,0,0,0,0,0.195383915179732,0,0.217009409853857,0,0.227159386500716,0,0,0,0,0,0,0,0.174634788793569,0,0,0,0.2195349107186,0,0.19534580595351,0,0.178063366254535,0,0,0,0,0,0,0,0.239965495601129,0,0,0,0,0,0,0,0,0,0.143265089020133,0,0,0,0,0,0,0,0.139340406185702,0,0.231775535477532,0,0.24737607847367,0,0,0,0,0.153711219628652,0,0,0,0.169770289047179,0,0,0,0.153834352651274,0,0,0,0,0,0,0,0.225502471740429,0.193412770860947,0.215901402632395,0.136584918882887,0,0
0,0,0,0.259043229122957,0,0,0,0,0,0.240238890051842,0,0.187847752869129,0,0,0,0,0,0.26010305753776,0.292297653026051,0.189191090812286,0,0,0,0,0,0,0,0.196757910904244,0,0.190314564781012,0,0,0,0,0,0.269065856933594,0,0.165402234612007,0,0.279432339248834,0,0.307888829853477,0.218743517994881,0.361503913998604,0,0.277509454622047,0,0.255848377943039,0.284473538398743,0.220473978668451,0,0,0,0,0,0,0,0.277419563359629,0,0,0,0,0.283229237888742,0,0,0,0,0,0,0,0.196710115749072,0,0,0,0,0,0,0,0.286325678229332,0,0.26554813179283,0,0.184289372434803,0.208396650850773,0.282813005217718,0.274173905452092,0
0.255376106500626,0,0.242674596607685,0,0.234161961823702,0,0,0,0.261260896424452,0,0.194987786260961,0,0.200272127985954,0,0,0,0.259922113772985,0.224992610514164,0.306557961659035,0,0.377563301473856,0,0,0,0.237161335017946,0,0,0,0.184957736617337,0,0.189019259996712,0,0.269846260547638,0,0,0,0.239661746554905,0,0.160389344943197,0.241212124625842,0.269718784306731,0.223234662099888,0.245294054616399,0,0,0.233206808567047,0.249678035100845,0.267194691631529,0.209948903815014,0,0,0,0,0,0.265595301985741,0,0.261337663715138,0,0.194700673222542,0,0,0,0,0.29724935290672,0,0,0,0.177914887666702,0,0,0,0.153834352651274,0,0,0,0,0,0,0,0.280311999718348,0.208890110254288,0.241941087470927,0.223351292260405,0,0.255243605796087,0,0.280941451589266
