0,0,0.000881007965300048,0,0,0,0,0,0.0204126890695953,0,0,0,0,0,0,0,0,0,0.000295424356043416,0,0,0,0,0,0,0,0,0,0,0,0,0,0,0,0,0,0,0,2.23679255105683e-05,0,0.00114571883859185,0,0.0012487716692295,0,0,0,0.000380739181027915,0,0.0279459254118217,0,0,0,0,0,0.164002207561852,0,0,0,0,0,0,0,0,0,0,0,0,0.0038382278161917,0,0,0,0,0,0,0,0,0,0,0,0,0,0,0.00142251487943482,0,0.00632070400342501,0,0
0,0,0,0,0,0,0,0,0,0.206737117240782,0,0,0,0,0,0,0,0,0,0,0,0,0,0,0,0,0,0,0,0,0,0,0,0,0,1.17505300393597e-05,0,0,0,0,0,0.00320324575692069,0,0,0,2.49334966365925e-05,0,0,0,0.0301491751927083,0,0,0,0,0,0.168860699205379,0,0,0,0,0,0,0,0,0,0,0,0,0,0,0,0,0,0,0,0,0,0,0,0,0,0,0.00266746402152009,0.00380770993538524,0.00713490169292066,0,0
0.000881007965300048,0,0,0,0,0,0,0,0,0,0,0,0,0,0,0,0,0,0,0,0,0,0,0,0,0,0,0,0,0,0,0,0,0,0,0,0,0,0,0,0,0,0.00349878377897511,0,0,0,0,0,0.00267138808930495,0,0,0,0,0,0,0,0,0,0,0,0,0,0,0.000278988399368711,0,0,0,0,0,0,0,0,0,0,0,0,0,0,0,0,0,0,0.000504926138670604,0,0.0959064124217446,0,0
0,0,0,0,0,0,0,0,0,0,0,0,0,0,0,0,0,0,0,0,0,0,0,0,0,0,0,0,0,0,0,0,0,0,0,0,0,0,0,0,0,0,0,0,0,0,0,0,0,0.0204355576560916,0,0,0,0,0,0,0,0,0,0,0,0,0,0,0,0,0,0,0,0,0,0,0,0,0,0,0,0,0,0,0,0,0,0,0.0192267041402107,0,0
0,0,0,0,0,0,0,0,0,0,0,0,0,0,0,0,0,0,0,0,0,0,0,0,0,0,0,0,0,0,0,0,0,0,0,0,0,0,0,0,0,0,0,0,0,0,0,0,0,0,0,0,0,0,0,0,0,0,0,0,0,0,0,0,0,0,0,0,0,0,0,0,0,0,0,0,0,0,0,0,0,0,7.82872188246168e-05,0,0,0,0
0,0,0,0,0,0,0,0,0,0,0,0,0,0,0,0,0,0,0,0.18828001912442,0,0,0,0,0,0,0,0,0,0,0,0,0,0,0,0,0,0,0,0,0,0,0,0,0,0,0,0,0,0,0,0,0,0,0,0,0,0,0,0,0,0.111244914784465,0.0604338457381642,0,0,0,0,0,0,0,0,0,0,0,0,0,0,0,0,0,0,0,0.00273510216888749,0.00211884607316594,0,0,0
0,0,0,0,0,0,0,0,0,0,0,0,0,0,0,0,0,0,0,0,0.000339558580890298,0,0,0,0,0,0,0,0,0,0,0,0,0,0,0,0,0,0,0,0,0,0,0,0,0,0,0,0,0,0,0,0,0,0,0,0,0,0,0,0,0,0,0,0,0,0,0,0,0,0,0,0,0,0,0,0,0,0,0,0,0,2.05488786140657e-05,0,0,0,0
0,0,0,0,0,0,0,0,0,0,0,0,0,0.00219127858619286,0,0,0,0,0,0,0,0,0,0,0,0,0,0,0,0,0,0,0,0,0,0,0,0,0,0,0,0,0,0,0,0,0,0,0,0,0,0,0,0,0,0,0,0,0,0,0,0,0,0,0,0,0,0,0,0,0,0,0,0,0,0,0,0,0,0,0,0,0,0.0113763507202376,0,0,0
0.0204126890695953,0,0,0,0,0,0,0,0,0,0,0,0.00365041455934171,0,0.0729875104023696,0,0.0138020621442842,0,0.000531133538173587,0,0,0,0,0,0.000532197637001224,0,0,0,0,0,0,0,0,0,0,0,0,0,0.0132283193608555,0,0,0,0.0591157469542593,0,0,0,0,0,0.00889210598890488,0,0,0,0,0,0.0904114841133184,0,0,0,0,0,0.00079358443830134,0,0,0,0,0,0,0.00260013081827644,0,0,0,0,0,0,0,0,0,0,0,0,0,1.6947198982351e-05,0.0389171580461418,0.00487967599280422,0.0068187240391599,0,0.0107995008336821
0,0.206737117240782,0,0,0,0,0,0,0,0,0,0,0,0,0,0,0,0.0121951459935127,0.000629833845138708,0,0,0,0,0,0,0,0,0,0,0,0,0,0,0,0,0,0,0.00108714590778534,0,0,0,0.0111370739038583,0,0,0,0,0,0,0,0,0,0,0,0,0,0.213818887843237,0,0,0,0,0,0.0021664560190402,0,0,0,0,0,0,0,0,0,0,0,0,0,0,0,0,0,0,0.00108885461012301,0,0.007972265884264,0.00519619292441421,0.00450635500789848,0,0
0,0,0,0,0,0,0,0,0,0,0,0,0.00865409367735715,0,0,0,0,0,0,0,0.0618484810263357,0,0,0,0,0,0,0,0,0,0,0,0,0,0,0,0.00386631538606879,0,0.067249644970524,0,0,0,0,0,0,0,0,0,0,0,0,0,0,0,0,0,0.0613863877839725,0,0.00542466946302787,0,0,0,0,0.0898041285807992,0,0,0,0,0,0,0,0,0,0,0,0,0,0,0,0.00138674683509853,0,0.0412916198656899,0.0199681988280936,0,0,0,0
0,0,0,0,0,0,0,0,0,0,0,0,0,0,0,0,0,0,0,0.00275930824668376,0,0,0,0,0,0,0,0,0,0,0,0,0,0,0,0.000161776428642591,0,0.0613753147369133,0,0,0,0,0,0,0,0,0,0,0,0,0,0,0,0,0,0,0,0.129076552864465,0,0,0,0,0.0293517469126767,0,0,0,0,0,0,0,0,0,0.0249900280672615,0,0,0,0,0,0,0,0.000406219189830588,0,0.0199662116787078,0.00660558176563603,0.00112098171966878,0,0
0,0,0,0,0,0,0,0,0.00365041455934171,0,0.00865409367735715,0,0,0,0.034149729564184,0,0,0,0,0,0,0,0,0,0,0,0,0,0.00173514859561906,0,0,0,0,0,0,0,0,0,0,0,0,0,0,0,0,0,0,0,0,0,0,0,0,0,0,0,0.00150263468990329,0,0.0352771369379347,0,0.00666444252800397,0,0,0,0,0,0,0,0,0,0,0,0,0,0,0,0,0,0,0,0,0,0.0188842289353556,0.0387106881735292,0,0,0
0,0,0,0,0,0,0,0.00219127858619286,0,0,0,0,0,0,0,0.00062766392625104,0,0,0,0,0,0,0,0,0,0,0,0.000809662403785823,0,0,0,0,0,0,0,0,0,0,0,0,0,0,0,0,0,0,0,0,0,0,0,0,0,0,0,0,0,0.0147852390761473,0,0.00418780005192756,0,0,0,0,0,0,0,0,0,0,0.00166523339194659,0,0,0,0,0,0,0,0,0,0,0,0.0155560224501023,0.0661459364952361,0,0,0
0,0,0,0,0,0,0,0,0.0729875104023696,0,0,0,0.034149729564184,0,0,0,0.00764847038877845,0,0,0,0,0,0,0,0,0,0,0,0.00135152334932517,0,0,0,0,0,0,0,0,0,0,0,0,0,0,0,0,0,0,0,0,0,0,0,0,0,0,0,0,0,0.00595836045836984,0,0.00722336681104002,0,0,0,0,0,0,0,0,0,0,0,0,0,0,0,0,0,0,0,0,0,0.00830370642183095,0.0037010601262731,0,0,0
0,0,0,0,0,0,0,0,0,0,0,0,0,0.00062766392625104,0,0,0,0.00379340325746878,0,0,0,0,0,0,0,0,0,0,0,0,0,0,0,0,0,0,0,0,0,0,0,0,0,0,0,0,0,0,0,0,0,0,0,0,0,0,0,0,0,0,0,0.000470698985736817,0,0,0,0,0,0,0,0,0,0,0,0,0,0,0,0,0,0,0,0,0.0159615603929486,0.00377971459222682,0,0,0
0,0,0,0,0,0,0,0,0.0138020621442842,0,0,0,0,0,0.00764847038877845,0,0,0.297404386377825,0.245717202140836,0,0,0.000141738483906616,0,0,0,0,0.000500613471774887,0,0,0,0,0,0,0,0,0,0,0,0,0.00678751865887648,0.0217709292277149,0.00645277025427142,0.0170454296194271,0.000217566663626198,0,0.00074340408164811,0.00236609618096382,0,0.000161529507566546,0,0,0,0,0,0,0,0.000376876898636464,5.99778112635522e-05,0,0,0,0,0,4.63584821839921e-05,0,0,0,0,0,0.0103127432307872,0,0,6.77332104850941e-05,0.00330257360830419,0,0,0,0,0.000922794136460938,0.000572525158964658,0.00114740157025225,0.00615767142179613,0.0304902277110057,4.51238559759382e-05,0.0278252478534918,0,0
0,0,0,0,0,0,0,0,0,0.0121951459935127,0,0,0,0,0,0.00379340325746878,0.297404386377825,0,0.128441856191836,0,0,0.00635156564179546,0,7.19631677616331e-05,0,0.0382174580525146,0,0,0,0,0,0,0,0,0,0,0,0,0,0.0172754753621342,0.00039019235261915,0.00578016975434713,0.000287038849206964,0.000693496896083125,0,0.00141531934815701,3.79180971594596e-05,0,0,7.05927653856398e-06,0,0,0,0,0,0,0,0,0,0,0,0,0.000436053517816258,0,0,0,0,0,0,0,0,0,0.000459345736657811,1.12972307621485e-05,0,0,0,0,0.00532386638681989,0,0.0107274286948188,0,0.0315429130373387,1.98917197827056e-05,0.024230407027749,0,0
0.000295424356043416,0,0,0,0,0,0,0,0.000531133538173587,0.000629833845138708,0,0,0,0,0,0,0.245717202140836,0.128441856191836,0,0,0,0,0,0,0,0,0,0,0,0,0,0,0,0,0,0,0,0,0,0.135263390184628,0.147376996890716,0.0136638866046141,0.0221433373166968,0.000997392860335556,0,0.0512690141010534,0.0557920341311893,0,0.00050764565586162,0.000499585306690166,0,0,0,0,0,0,0.00193103530045078,3.20277407152279e-05,0,0,0,0,0.00393870631540541,0.000969066497296517,0,0,0,0,0,0,0,0,0.00167304621628492,0.0183039207776468,0,0,0,0,0.0252437779529075,0.00497865486670769,0.0130725179893926,0.0200314511229131,0.0240124205603071,0,0.228768563119261,0,0
0,0,0,0,0,0.18828001912442,0,0,0,0,0,0.00275930824668376,0,0,0,0,0,0,0,0,0,0,0,0,0,0,0,0,0,0,0,0,0,0,0,0.00439626562412841,0,0.00302411637335622,0,0,0,0,0,0,0,0,0,0,0,0,0,0,0,0,0,0,0,0.000303012200555629,0,0,0,0,0.00155144195571312,0,0,0,0,0,0,0,0,0,0,0,0,0,0,0,0.00444080122545822,0,0,0,0.000714039545127457,0,0.000640682748078963,0,0
0,0,0,0,0,0,0.000339558580890298,0,0,0,0.0618484810263357,0,0,0,0,0,0,0,0,0,0,0,0,0,0,0,0,0,0,0,0,0,0,0,0,0,0.010385917271129,0,0.0525938487560623,0,0,0,0,0,0,0,0,0,0,0,0,0,0,0,0,0,0.000440552888903767,0,0,0,0,0,0,0.0510236625739268,0,0,0,0,0,0,0,0,0,0,0,0,0,0,0,0.00103811202324969,0,0.0201937966739018,0.00877923630616419,0,0,0,0
0,0,0,0,0,0,0,0,0,0,0,0,0,0,0,0,0.000141738483906616,0.00635156564179546,0,0,0,0,1.22144019916371,0,0,0,0,0,0,0,0,0,0,0,0,0,0,0.0364005646725722,0,0,0,0,0,0,0,0,0,0,0,0,0,0,0,0,0,0,0,0,0,0,0,0,0,0,0.553124174057413,0.351840182486791,0,0,0,0,0,0,0,0,0,0,0.000132416784211203,0,0,0,0.00806369070286021,0,0.0252275657868144,0.0403711599646276,0,0,0
0,0,0,0,0,0,0,0,0,0,0,0,0,0,0,0,0,0,0,0,0,1.22144019916371,0,0,0,0,0,0,0,0,0,0,0,0,0,0,0,0.000254712231600122,0.0242356479045767,0,0,0,0,0,0,0,0,0,0,0,0,0,0,0,0,0,0,0,0,0,0,0,0,0,0.354930526567241,0.315615548781471,0,0.00192844752522856,0,0,0,0,0,0,0,0,0,0,0,0,0,0.0243068912242804,0.0323759288207531,0.041775419592452,0,0,0
0,0,0,0,0,0,0,0,0,0,0,0,0,0,0,0,0,7.19631677616331e-05,0,0,0,0,0,0,0,0,0,0,0,0,0,0,0,0,0,0,0,0.0024491349103356,0,0,0,0,0,0,0,0,0,0,0,0,0,0,0,0,0,0,0,0,0,0,0,0,0,0,0.000713405140746596,0,0.036647641151362,0,0,0,0,0,0,0,0,0,0,0,0,0,0,0,0.00487882436016522,0,0,0,0
0,0,0,0,0,0,0,0,0.000532197637001224,0,0,0,0,0,0,0,0,0,0,0,0,0,0,0,0,0,0,0,0,0,0,0,0,0,0,0,0,0,0.0117506102967843,0,0,0,0,0,0,0,0,0,0,0,0,0,0,0,0.000961491518968398,0,0,0,0,0,0,0,0,0,0,0.00411546471518455,0,0.0546635472948228,0,0.000389993986848428,0,0,0,0,0,0,0,0,0,0,0,0,0.00848182728404757,0.00301359683602223,0,0,0
0,0,0,0,0,0,0,0,0,0,0,0,0,0,0,0,0,0.0382174580525146,0,0,0,0,0,0,0,0,0,0,0,0,0,0,0,0,0,0,0,0,0,0,0,0,0,0,0,0,0,0,0,0,0,0,0,0,0,0,0,0,0,0,0,0,0,0,0,0,0,0,0,0,0,0,0,0,0,0,0,0,0,0,0,0,0.00144157093237935,0,0,0,0
0,0,0,0,0,0,0,0,0,0,0,0,0,0,0,0,0.000500613471774887,0,0,0,0,0,0,0,0,0,0,0,0.218869218363775,0,0,0,0,0,0,0,0,0,0,0,0,0,0,0,0,0,0,0,0,0,0,0,0,0,0,0,0,0,0,0,0.150764911112147,0,0,0,0,0,0,0.00338662110688048,0,0.232208477209657,0,0.000916732008841126,0,0,0,0,0,0,0,0,0,0,0.00352202030705131,0,0,0,0
0,0,0,0,0,0,0,0,0,0,0,0,0,0.000809662403785823,0,0,0,0,0,0,0,0,0,0,0,0,0,0,0,0.0829033827157197,0,0,0,0,0,0,0,0.00013170879327531,0,0,0,0,0,0,0,0,0,0,0,0,0,0,0,0,0,0,0,0,0,0.00010966313120254,0,0,0,0,0.00213453676986589,0,0,0,0,0,0.246215140541115,0,0.00116954327544954,0,0,0,0,0,0,0,0,0,0.0228568197724896,0.0697631935584881,0,0,0
0,0,0,0,0,0,0,0,0,0,0,0,0.00173514859561906,0,0.00135152334932517,0,0,0,0,0,0,0,0,0,0,0,0.218869218363775,0,0,0,0,0,0,0,0,0,0,0,0,0,0,0,0,0,0,0,0,0,0,0,0,0,0,0,0,0,0,0,0.000736874411813915,0,0.0273136816981273,0,0,0,0,0,0,0,0,0.247705208319215,0,0.0953136081362912,0,0,0,0,0,0,0,0,0,0.00208078273490237,0.00898370808348063,0.00613357828800282,0,0,0
0,0,0,0,0,0,0,0,0,0,0,0,0,0,0,0,0,0,0,0,0,0,0,0,0,0,0,0.0829033827157197,0,0,0,0,0,0,0,0,0,0.0235678178887458,0,0,0,0,0,0,0,0,0,0,0,0,0,0,0,0,0,0,0,0.000403175877554617,0,0,0,0,0,0,0,0,0,0,0,0,0.270449759764259,0,0.134145045535955,0,0,0,0,0,0,0,0,0,0.0330393848846907,0.00203974266025761,0,0,0
0,0,0,0,0,0,0,0,0,0,0,0,0,0,0,0,0,0,0,0,0,0,0,0,0,0,0,0,0,0,0,0,0,0,0,0,0,0,0.0216488002548736,0,0,0,0,0,0,0,0,0,0,0,0,0,0,0,0,0,0,0,0,0,0,0,0,0,0,0,0,0,0,0,0,0.00654994210555071,0,0.0540724500719509,0,0,0,0,0,0,0,0.0616414461529175,0,0,0,0,0
0,0,0,0,0,0,0,0,0,0,0,0,0,0,0,0,0,0,0,0,0,0,0,0,0,0,0,0,0,0,0,0,1.20474636243105,0,0.00248389483422263,0.0202234390072184,0.076392770742763,0,0,0,0,0,0,0,0,0,0,0.0266356319132808,0,0,0,0,0,0,0,0,0,0,0,0,0,0,0,0,0,0,0,0,0,0,0,0,0,0,0.103235567577314,1.4405013365961,0.000433603391598397,0,0.00119368099051121,0.00044446253322374,0,0,0.00572362982370224,0,0,0,0
0,0,0,0,0,0,0,0,0,0,0,0,0,0,0,0,0,0,0,0,0,0,0,0,0,0,0,0,0,0,0,1.20474636243105,0,0.00516821060088091,0,0.0401365944767595,0.0143825071420416,0,0,0,0,0,0,0,0,0,0,0.408808448657165,0,3.83292711835775e-05,0,0,0,0,0,0,0,0,0,0,0,0,0,0,0,0,0,0,0,0,0,0,0,0,0.220491692333538,0.0278664121532924,0.0178000464718341,0,0.0017849746235473,0.000458026964112783,0,0,0.00276691225470375,0,0,0,0
0,0,0,0,0,0,0,0,0,0,0,0,0,0,0,0,0,0,0,0,0,0,0,0,0,0,0,0,0,0,0,0,0.00516821060088091,0,0.255426555992034,0,0,0.00234676224586894,0.00174336102045314,0,0,0,0,0,0,0,0,0.141425121352971,0,0,0,0,0,0,0,0,0,0,0,0,0,0,0,0,0,0,0,0,0,0,0,0,0,0,4.75546876441278e-05,0,0.850778833429868,0.0503575376656864,0,0,0.0225216397822042,0.000956841210515462,0.0153816362286424,0.000179811577476327,0,0,0
0,0,0,0,0,0,0,0,0,0,0,0,0,0,0,0,0,0,0,0,0,0,0,0,0,0,0,0,0,0,0,0.00248389483422263,0,0.255426555992034,0,0,0.00340922684998045,0.000315287706026133,0.0538365014753186,0,0,0,0,0,0,0,0,0.462316666948414,0,0.000260826692674457,0,0,0,0,0,0,0,0,0,0,0,0,0,0,0,0,0,0,0,0,0,0,0,0,0.000699732163591635,0,0.381332690130775,0.152099188091872,0,0,0.00202558344534459,0.00154811435188784,0.000847635944872208,0.000887371898349647,0,0,0
0,1.17505300393597e-05,0,0,0,0,0,0,0,0,0,0.000161776428642591,0,0,0,0,0,0,0,0.00439626562412841,0,0,0,0,0,0,0,0,0,0,0,0.0202234390072184,0.0401365944767595,0,0,0,0.132295893842405,5.35999024577904e-05,0,0,0,0,0,0,0,0,0,0.00519187415062437,0,0,0,0,0,0,0,0,0,0,0,0,0,0,0.000964356139280066,0,0,0,0,0,0,0,0,0,0,0,0.00157779109067841,0.00853594938200281,0,0,0.0228761793527927,0.0257249828235324,0.00645951436324059,0,0.0340351156077828,0.0047193023764645,0,0,0
0,0,0,0,0,0,0,0,0,0,0.00386631538606879,0,0,0,0,0,0,0,0,0,0.010385917271129,0,0,0,0,0,0,0,0,0,0,0.076392770742763,0.0143825071420416,0,0.00340922684998045,0.132295893842405,0,0,0.0375998230250301,0,0,0,3.44357461650375e-05,0,0,0,0,0.00139685317521384,0,0,0,0,0,0,0,0,0,0,0,0,0,0,0,0.0208813998504279,0,0,0,0,0,0,0,0,0,0,0.0321060201636525,0.0127208662668827,0,0,0.0242315160306829,0.00628748721710347,0,0.0115764089316567,0.011464002828858,0.0273364536301985,0.0122411064123108,0,0
0,0,0,0,0,0,0,0,0,0.00108714590778534,0,0.0613753147369133,0,0,0,0,0,0,0,0.00302411637335622,0,0.0364005646725722,0.000254712231600122,0.0024491349103356,0,0,0,0.00013170879327531,0,0.0235678178887458,0,0,0,0.00234676224586894,0.000315287706026133,5.35999024577904e-05,0,0,0.0252103597993501,0,0,0.00639509135427912,0,0,0,0,0,0.0277624600069091,0,0.0012094007198152,0,0,0,0,0,0.0069130772123083,0,0.0741945343126455,0,0,0,0,0,0,0.0572688476977809,0,0.0366310547017361,0,0,0,0.000280995195776957,0,0.0410402719219543,0,0,0,0.00444058553528705,0,0,0,0.257937817171143,0.000230601161849532,0.0580032285779265,0.0141257241733104,0.0140760606173326,0,0
2.23679255105683e-05,0,0,0,0,0,0,0,0.0132283193608555,0,0.067249644970524,0,0,0,0,0,0,0,0,0,0.0525938487560623,0,0.0242356479045767,0,0.0117506102967843,0,0,0,0,0,0.0216488002548736,0,0,0.00174336102045314,0.0538365014753186,0,0.0375998230250301,0.0252103597993501,0,0,0,0,0.000102592313353321,0,0,0,0,0.0906182724300387,0.00795603007266264,6.13509174655409e-05,0,0,0,0,0.0104381605314977,0,0.000101234138273848,0,0,0,0,0,0,0.0165741334533193,0,0.0356869105603666,0,0.0355443180590772,0,0,0,0,0,0,0,0,0.000246006347984643,0.0144408664670159,0,0,0.00844487319996962,0.362104001797709,0.0543332833340064,0.0110290644349681,0.00295176016554725,0,0
0,0,0,0,0,0,0,0,0,0,0,0,0,0,0,0,0.00678751865887648,0.0172754753621342,0.135263390184628,0,0,0,0,0,0,0,0,0,0,0,0,0,0,0,0,0,0,0,0,0,0.000143603606522865,0.134099504555178,7.4908842417571e-05,0,0,0.234045603350803,0,0.0103455696138444,0,0.087899406936811,0,0,0,0,0,0,0,7.88512575579344e-05,0,0,0,0,0.0194117769707037,0,0,0,0,0,0,0,0,0,0.017231421994648,0,0,0,0,0,0.0199041037782821,0,0.0139574824069451,0,0.00313778618654057,0,0.155332827344388,0,0
0.00114571883859185,0,0,0,0,0,0,0,0,0,0,0,0,0,0,0,0.0217709292277149,0.00039019235261915,0.147376996890716,0,0,0,0,0,0,0,0,0,0,0,0,0,0,0,0,0,0,0,0,0.000143603606522865,0,4.66807953186459e-05,0.142266976200813,0,0,0,0.111335756494064,0,0.016990937857258,0,0,0,0,0,0,0,3.69880605436022e-05,0,0,0,0,0,0,0.0148502607489119,0,0,0,0,0,0,0,0,0,0.00184419796646159,0,0,0,0,1.06597712538905e-05,0.00149672787460242,1.30181018727392e-05,0.0055687631805216,0.00118804384544543,0,0.113152089258841,0,0
0,0.00320324575692069,0,0,0,0,0,0,0,0.0111370739038583,0,0,0,0,0,0,0.00645277025427142,0.00578016975434713,0.0136638866046141,0,0,0,0,0,0,0,0,0,0,0,0,0,0,0,0,0,0,0.00639509135427912,0,0.134099504555178,4.66807953186459e-05,0,0.00118164773289703,0.00837799727675566,0,0.019130649479582,0,0.00119990491012068,0,0.0185284859723144,0,0,0,0,0,0.0166471542187499,0,0,0,0,0,0,0.00819797707676281,0,0,0,0,0,0,0,0,0,0.00150553308820507,0,0,0,0,0,0.0229943883475859,0,0.0182058628033185,0,0.0105189211742568,9.406804277995e-06,0.136120597996302,0.00114188300009925,0
0.0012487716692295,0,0.00349878377897511,0,0,0,0,0,0.0591157469542593,0,0,0,0,0,0,0,0.0170454296194271,0.000287038849206964,0.0221433373166968,0,0,0,0,0,0,0,0,0,0,0,0,0,0,0,0,0,3.44357461650375e-05,0,0.000102592313353321,7.4908842417571e-05,0.142266976200813,0.00118164773289703,0,0,0.00084809364051793,0,0.0233387913483172,0,0.0329856050445593,6.09480296845597e-05,0,0,0,0,0,0,0.00082475169665758,0,0,0,0,0,0,0.00948443601277172,0,0,0,0,0,0,0,0,0,0.00418060321545559,0,0,0,0,4.10945654029148e-05,0.00119489019030424,2.53762916195519e-06,0.00349254913280468,0.00392125551296011,0,0.291269228396132,0,0.0460028602985571
0,0,0,0,0,0,0,0,0,0,0,0,0,0,0,0,0.000217566663626198,0.000693496896083125,0.000997392860335556,0,0,0,0,0,0,0,0,0,0,0,0,0,0,0,0,0,0,0,0,0,0,0.00837799727675566,0,0,0,0,0,0,0,0.000261739338762139,0,0,0,0,0,0,0,0,0,0,0,0,0,0,0,0,0,0,0,0,0,0,0,0,0,0,0,0,0,0,0,0,0.000126775651729801,0,4.72626798212286e-05,0.00205616493118752,0
0,0,0,0,0,0,0,0,0,0,0,0,0,0,0,0,0,0,0,0,0,0,0,0,0,0,0,0,0,0,0,0,0,0,0,0,0,0,0,0,0,0,0.00084809364051793,0,0,0,0,0,0,0,0,0,0,0,0,0,0,0,0,0,0,0,0,0,0,0,0,0,0,0,0,0,0,0,0,0,0,0,0,0,0,0,4.20099867260225e-05,0,0,0,0
0,2.49334966365925e-05,0,0,0,0,0,0,0,0,0,0,0,0,0,0,0.00074340408164811,0.00141531934815701,0.0512690141010534,0,0,0,0,0,0,0,0,0,0,0,0,0,0,0,0,0,0,0,0,0.234045603350803,0,0.019130649479582,0,0,0,0,0,0,0,0.0233082749273343,0,0,0,0,0,0,0,4.79435596055141e-05,0,0,0,0,0.0037044879184092,0,0,0,0,0,0,0,0,0,0.0118783341908265,0,0,0,0,0,0.00421064554471312,0,0.00847527428198336,0,0.000766995998522231,0,0.0609453858551341,0,0
0.000380739181027915,0,0,0,0,0,0,0,0,0,0,0,0,0,0,0,0.00236609618096382,3.79180971594596e-05,0.0557920341311893,0,0,0,0,0,0,0,0,0,0,0,0,0,0,0,0,0,0,0,0,0,0.111335756494064,0,0.0233387913483172,0,0,0,0,0,0.0226448107316506,0,0,0,0,0,0,0,0,0,0,0,0,0,0,0.0452511894315864,0,0,0,0,0,0,0,0,0,0.000738163865715768,0,0,0,0,0,0.00280763750922984,0,0.00218960477565718,0.00072514180739029,0,0.0432817856969281,0,0
0,0,0,0,0,0,0,0,0,0,0,0,0,0,0,0,0,0,0,0,0,0,0,0,0,0,0,0,0,0,0,0.0266356319132808,0.408808448657165,0.141425121352971,0.462316666948414,0.00519187415062437,0.00139685317521384,0.0277624600069091,0.0906182724300387,0.0103455696138444,0,0.00119990491012068,0,0,0,0,0,0,0.0499072030337441,0.0353792584958862,0,0,0,0,0.000516600253774729,0.000256231537624704,0,0,0,0,0,0,0,0,0,0,0.00113918308311534,0.000188439795526338,0,0,0,0,0,0,0.00106288453984257,0.168690612625942,0.192621025212231,0.37772719590315,0,2.40807316506841e-05,0.116423883506381,0.0325852936589551,7.99410079084177e-05,0,0.0512887641056759,0,0
0.0279459254118217,0,0.00267138808930495,0,0,0,0,0,0.00889210598890488,0,0,0,0,0,0,0,0.000161529507566546,0,0.00050764565586162,0,0,0,0,0,0,0,0,0,0,0,0,0,0,0,0,0,0,0,0.00795603007266264,0,0.016990937857258,0,0.0329856050445593,0,0,0,0.0226448107316506,0.0499072030337441,0,0.000221087502972165,0,0,0,0,0.00717731102483523,0,0.0127259015101809,0,0,0,0,0,0,0.00608151518543789,0,0,0,0,0,0,0,0.000108809359357216,0,0.00377992058064726,0,0.00306949943821511,2.05036883219336e-05,0.00529133088094502,0,0.000638759798505599,2.41887200097789e-05,0.0032998007079685,0.000393223542110651,0,0.0946839124326155,0,0
0,0.0301491751927083,0,0.0204355576560916,0,0,0,0,0,0,0,0,0,0,0,0,0,7.05927653856398e-06,0.000499585306690166,0,0,0,0,0,0,0,0,0,0,0,0,0,3.83292711835775e-05,0,0.000260826692674457,0,0,0.0012094007198152,6.13509174655409e-05,0.087899406936811,0,0.0185284859723144,6.09480296845597e-05,0.000261739338762139,0,0.0233082749273343,0,0.0353792584958862,0.000221087502972165,0,0,0,0,0,0,0.000513884926927277,0,1.05745613972975e-05,0,0,0,0,0.00122001251906549,0,0,0,0,0,0,0,0,0,0.000647311436435776,0,0,3.74644602075166e-05,0,0.00518871190360935,0.00125974971271715,0,0.0148220454568108,0.00123953255524828,0.00286956451427296,0,0.0748117626727006,0,0
0,0,0,0,0,0,0,0,0,0,0,0,0,0,0,0,0,0,0,0,0,0,0,0,0,0,0,0,0,0,0,0,0,0,0,0,0,0,0,0,0,0,0,0,0,0,0,0,0,0,0,0,0,0,0,0,0,0,0,0,0,0,0,0,0,0,0,0,0,0,0,0,0,0,0,0,0,0,0,0,0,0,0,0,0,0,0
0,0,0,0,0,0,0,0,0,0,0,0,0,0,0,0,0,0,0,0,0,0,0,0,0,0,0,0,0,0,0,0,0,0,0,0,0,0,0,0,0,0,0,0,0,0,0,0,0,0,0,0,0,0,0,0,0,0,0,0,0,0,0,0,0,0,0,0,0,0,0,0,0,0,0,0,0,0,0,0,0,0,0,0,0,0,0
0,0,0,0,0,0,0,0,0,0,0,0,0,0,0,0,0,0,0,0,0,0,0,0,0,0,0,0,0,0,0,0,0,0,0,0,0,0,0,0,0,0,0,0,0,0,0,0,0,0,0,0,0,0,0,0,0,0,0,0,0,0,0,0,0,0,0,0,0,0,0,0,0,0,0,0,0,0,0,0,0,0,0,0,0,0,0
0,0,0,0,0,0,0,0,0,0,0,0,0,0,0,0,0,0,0,0,0,0,0,0,0,0,0,0,0,0,0,0,0,0,0,0,0,0,0,0,0,0,0,0,0,0,0,0,0,0,0,0,0,0,0,0,0,0,0,0,0,0,0,0,0,0,0,0,0,0,0,0,0,0,0,0,0,0,0,0,0,0,0,0.00170273478738963,0,0,0
0.164002207561852,0,0,0,0,0,0,0,0.0904114841133184,0,0,0,0,0,0,0,0,0,0,0,0,0,0,0,0.000961491518968398,0,0,0,0,0,0,0,0,0,0,0,0,0,0.0104381605314977,0,0,0,0,0,0,0,0,0.000516600253774729,0.00717731102483523,0,0,0,0,0,0,0,0,0,0,0,0.00150560656601062,0,0,0,0,0,0,0.00450966701729696,0,0,0,0,0,0,0,0,0,0,0,0,0,0,0.00178498928898752,0,0.00895296193885034,0,0
0,0.168860699205379,0,0,0,0,0,0,0,0.213818887843237,0,0,0,0,0,0,0,0,0,0,0,0,0,0,0,0,0,0,0,0,0,0,0,0,0,0,0,0.0069130772123083,0,0,0,0.0166471542187499,0,0,0,0,0,0.000256231537624704,0,0.000513884926927277,0,0,0,0,0,0,0,0,0,0,0,0,0,0,0,0,0,0,0,0,0,0,0,0,0,0,0,0,0,0,0.00479060332566827,0,0.00897410576168705,5.48933120468898e-05,0.00144016420081273,0,0
0,0,0,0,0,0,0,0,0,0,0.0613863877839725,0,0.00150263468990329,0,0,0,0.000376876898636464,0,0.00193103530045078,0,0.000440552888903767,0,0,0,0,0,0,0,0,0,0,0,0,0,0,0,0,0,0.000101234138273848,0,3.69880605436022e-05,0,0.00082475169665758,0,0,0,0,0,0.0127259015101809,0,0,0,0,0,0,0,0,0,0.00142803266425819,0,0,0,0,0.000174428360240358,0,0,0,0,0,0,0,2.69674073414129e-05,0,0.100828043775103,0,0,0,0,0,0,0,0.00117779690046695,0.0197474278599051,0.000143745162709083,0.0227110011853297,0,0
0,0,0,0,0,0,0,0,0,0,0,0.129076552864465,0,0.0147852390761473,0,0,5.99778112635522e-05,0,3.20277407152279e-05,0.000303012200555629,0,0,0,0,0,0,0,0,0,0.000403175877554617,0,0,0,0,0,0,0,0.0741945343126455,0,7.88512575579344e-05,0,0,0,0,0,4.79435596055141e-05,0,0,0,1.05745613972975e-05,0,0,0,0,0,0,0,0,0,0,0,0,0.000716829536296696,0,0,0,0,0,0,0,0,0,6.31547690503349e-05,0,0,0,0,0,2.50238019742236e-06,0,3.33827090202952e-06,0,0.016087288021559,0.00609746228125094,0.010413848913747,0,0
0,0,0,0,0,0,0,0,0,0,0.00542466946302787,0,0.0352771369379347,0,0.00595836045836984,0,0,0,0,0,0,0,0,0,0,0,0,0,0.000736874411813915,0,0,0,0,0,0,0,0,0,0,0,0,0,0,0,0,0,0,0,0,0,0,0,0,0,0,0,0.00142803266425819,0,0,0,0,0,0,0,0,0,0,0,0,0,0,0,0,0,0,0,0,0,0,0,0,0,0.0121122765730665,0.00812382532505127,0,0,0
0,0,0,0,0,0,0,0,0,0,0,0,0,0.00418780005192756,0,0,0,0,0,0,0,0,0,0,0,0,0,0.00010966313120254,0,0,0,0,0,0,0,0,0,0,0,0,0,0,0,0,0,0,0,0,0,0,0,0,0,0,0,0,0,0,0,0,0,0,0,0,0,0,0,0,0,0,2.10250723092563e-05,0,0,0,0,0,0,0,0,0,0,0,0.00397205019755796,0.0178581517377056,0,0,0
0,0,0,0,0,0,0,0,0.00079358443830134,0,0,0,0.00666444252800397,0,0.00722336681104002,0,0,0,0,0,0,0,0,0,0,0,0.150764911112147,0,0.0273136816981273,0,0,0,0,0,0,0,0,0,0,0,0,0,0,0,0,0,0,0,0,0,0,0,0,0,0.00150560656601062,0,0,0,0,0,0,0,0,0,0,0,0,0,0,0,0,0,0,0,0,0,0,0,0,0,0,0,0.00370592835817904,0.00253332606516104,0,0,0
0,0,0,0,0,0.111244914784465,0,0,0,0.0021664560190402,0,0,0,0,0,0.000470698985736817,0,0,0,0,0,0,0,0,0,0,0,0,0,0,0,0,0,0,0,0,0,0,0,0,0,0,0,0,0,0,0,0,0,0,0,0,0,0,0,0,0,0,0,0,0,0,0,0,0,0,0,0,0,0,0,0,0,0,0,0,0,0,0,0,0,0,0.00294483183194707,9.46708831344976e-05,0,0,0
0,0,0,0,0,0.0604338457381642,0,0,0,0,0,0.0293517469126767,0,0,0,0,0,0.000436053517816258,0.00393870631540541,0.00155144195571312,0,0,0,0,0,0,0,0,0,0,0,0,0,0,0,0.000964356139280066,0,0,0,0.0194117769707037,0,0.00819797707676281,0,0,0,0.0037044879184092,0,0,0,0.00122001251906549,0,0,0,0,0,0,0,0.000716829536296696,0,0,0,0,0,0,0,0,0,0,0,0,0,0,0.00282183581721324,0,0,0,0,0,0.000149441794684438,0,0.0080954106406942,0,0.00104855145539923,0,0.0175032788093579,0,0
0,0,0.000278988399368711,0,0,0,0,0,0,0,0.0898041285807992,0,0,0,0,0,4.63584821839921e-05,0,0.000969066497296517,0,0.0510236625739268,0,0,0,0,0,0,0,0,0,0,0,0,0,0,0,0.0208813998504279,0,0.0165741334533193,0,0.0148502607489119,0,0.00948443601277172,0,0,0,0.0452511894315864,0,0.00608151518543789,0,0,0,0,0,0,0,0.000174428360240358,0,0,0,0,0,0,0,0,0,0,0,0,0,0,0,0,0,0,0,0,0,0,0.013814678716118,0,0.00792726065820881,0.0057725098894753,0,0.0432368457993534,0,0
0,0,0,0,0,0,0,0,0,0,0,0,0,0,0,0,0,0,0,0,0,0.553124174057413,0.354930526567241,0.000713405140746596,0,0,0,0.00213453676986589,0,0,0,0,0,0,0,0,0,0.0572688476977809,0,0,0,0,0,0,0,0,0,0,0,0,0,0,0,0,0,0,0,0,0,0,0,0,0,0,0,0.111030245956018,0,0,0,0,0,0,0,0,0,0,0,0,0,0,0.00442391909695282,0,0.0352941373423243,0.117372972614256,0,0,0
0,0,0,0,0,0,0,0,0,0,0,0,0,0,0,0,0,0,0,0,0,0.351840182486791,0.315615548781471,0,0.00411546471518455,0,0,0,0,0,0,0,0,0,0,0,0,0,0.0356869105603666,0,0,0,0,0,0,0,0,0,0,0,0,0,0,0,0,0,0,0,0,0,0,0,0,0,0.111030245956018,0,0,0,0,0,0,0,0,0,0,0,0,0,0,0,0,0.00044581692108113,0.0319669752470019,0.0588709725595615,0,0,0
0,0,0,0,0,0,0,0,0,0,0,0,0,0,0,0,0,0,0,0,0,0,0,0.036647641151362,0,0,0,0,0,0,0,0,0,0,0,0,0,0.0366310547017361,0,0,0,0,0,0,0,0,0,0.00113918308311534,0,0,0,0,0,0,0,0,0,0,0,0,0,0,0,0,0,0,0,0,0,0,0,0,0,0,0,0,0,0,0,0,0,0,0.00386370196557539,0,6.24808537434589e-05,0,0
0.0038382278161917,0,0,0,0,0,0,0,0.00260013081827644,0,0,0,0,0,0,0,0,0,0,0,0,0,0.00192844752522856,0,0.0546635472948228,0,0.00338662110688048,0,0,0,0,0,0,0,0,0,0,0,0.0355443180590772,0,0,0,0,0,0,0,0,0.000188439795526338,0,0,0,0,0,0,0.00450966701729696,0,0,0,0,0,0,0,0,0,0,0,0,0,0,0,0,0,0,0,0,0,0,0,0,0,0,6.95594490793816e-05,0.0138993964390349,0.000162475866553231,0.000322196220129335,0,0
0,0,0,0,0,0,0,0,0,0,0,0,0,0,0,0,0,0,0,0,0,0,0,0,0,0,0,0,0,0,0,0,0,0,0,0,0,0,0,0,0,0,0,0,0,0,0,0,0,0,0,0,0,0,0,0,0,0,0,0,0,0,0,0,0,0,0,0,0,0,0,0,0,0,0,0,0,0,0,0,0,0,0,0,0,0,0
0,0,0,0,0,0,0,0,0,0,0,0,0,0,0,0,0.0103127432307872,0,0,0,0,0,0,0,0.000389993986848428,0,0.232208477209657,0,0.247705208319215,0,0,0,0,0,0,0,0,0,0,0,0,0,0,0,0,0,0,0,0,0,0,0,0,0,0,0,0,0,0,0,0,0,0,0,0,0,0,0,0,0,0,0.000100558099802583,0,0,0,0,0,0,0,0,0,0,0.0116637072648699,0,0,0,0
0,0,0,0,0,0,0,0,0,0,0,0,0,0.00166523339194659,0,0,0,0,0,0,0,0,0,0,0,0,0,0.246215140541115,0,0.270449759764259,0,0,0,0,0,0,0,0.000280995195776957,0,0,0,0,0,0,0,0,0,0,0,0,0,0,0,0,0,0,0,0,0,2.10250723092563e-05,0,0,0,0,0,0,0,0,0,0,0,0,0.00328500951008604,0,0,0,0,0,0,0,0,0,0.0506089559417871,0.0952684274344398,0,0,0
0,0,0,0,0,0,0,0,0,0,0,0,0,0,0,0,0,0,0,0,0,0,0,0,0,0,0.000916732008841126,0,0.0953136081362912,0,0.00654994210555071,0,0,0,0,0,0,0,0,0,0,0,0,0,0,0,0,0,0.000108809359357216,0,0,0,0,0,0,0,2.69674073414129e-05,0,0,0,0,0,0,0,0,0,0,0,0,0.000100558099802583,0,0,0,0.0156663805554181,0,0,0,0,0,0,0,0,0.0129344412940314,0.00889258244366099,0,0,0
0,0,0,0,0,0,0,0,0,0,0,0.0249900280672615,0,0,0,0,6.77332104850941e-05,0.000459345736657811,0.00167304621628492,0,0,0,0,0,0,0,0,0.00116954327544954,0,0.134145045535955,0,0,0,0,0,0,0,0.0410402719219543,0,0.017231421994648,0,0.00150553308820507,0,0,0,0.0118783341908265,0,0,0,0.000647311436435776,0,0,0,0,0,0,0,6.31547690503349e-05,0,0,0,0,0.00282183581721324,0,0,0,0,0,0,0,0.00328500951008604,0,0,0,0,0,0,0,0.000124306880183689,0,0.00145805786310964,0,0.0250182443506393,0.00214367773209588,0.0104406002102464,0,0
0,0,0,0,0,0,0,0,0,0,0,0,0,0,0,0,0.00330257360830419,1.12972307621485e-05,0.0183039207776468,0,0,0,0,0,0,0,0,0,0,0,0.0540724500719509,0,0,0,0,0,0,0,0,0,0.00184419796646159,0,0.00418060321545559,0,0,0,0.000738163865715768,0,0.00377992058064726,0,0,0,0,0,0,0,0.100828043775103,0,0,0,0,0,0,0,0,0,0,0,0,0,0,0.0156663805554181,0,0,0,0,0,0,0,0,0,0.00939773133178628,0.000128827077687181,0,0.028128035612596,0,0
0,0,0,0,0,0,0,0,0,0,0,0,0,0,0,0,0,0,0,0,0,0,0,0,0,0,0,0,0,0,0,0.103235567577314,0.220491692333538,4.75546876441278e-05,0.000699732163591635,0.00157779109067841,0.0321060201636525,0,0,0,0,0,0,0,0,0,0,0.00106288453984257,0,0,0,0,0,0,0,0,0,0,0,0,0,0,0,0,0,0,0,0,0,0,0,0,0,0,0,0.300196514308496,0,0,5.23398314349202e-05,0,0,0,0.0123128192680906,0,0,0,0
0,0,0,0,0,0,0,0,0,0,0,0,0,0,0,0,0,0,0,0,0,0,0,0,0,0,0,0,0,0,0,1.4405013365961,0.0278664121532924,0,0,0.00853594938200281,0.0127208662668827,0,0,0,0,0,0,0,0,0,0,0.168690612625942,0.00306949943821511,3.74644602075166e-05,0,0,0,0,0,0,0,0,0,0,0,0,0,0,0,0,0,0,0,0,0,0,0,0,0.300196514308496,0,0,0.00564689840700332,0.000104479671256263,0.00011318162255966,0,0,0.000858252412558636,0,0,0,0
0,0,0,0,0,0,0,0,0,0,0,0,0,0,0,0,0,0,0,0,0,0.000132416784211203,0,0,0,0,0,0,0,0,0,0.000433603391598397,0.0178000464718341,0.850778833429868,0.381332690130775,0,0,0.00444058553528705,0.000246006347984643,0,0,0,0,0,0,0,0,0.192621025212231,2.05036883219336e-05,0,0,0,0,0,0,0,0,0,0,0,0,0,0,0,0,0,0,0,0,0,0,0,0,0,0,0,0,0.0768094799855643,0,0,0,0.000949977626616531,0.0196220661578058,9.42259247389754e-05,0,0,0
0,0,0,0,0,0,0,0,0,0,0,0,0,0,0,0,0,0,0,0,0,0,0,0,0,0,0,0,0,0,0,0,0,0.0503575376656864,0.152099188091872,0,0,0,0.0144408664670159,0,0,0,0,0,0,0,0,0.37772719590315,0.00529133088094502,0.00518871190360935,0,0,0,0,0,0,0,0,0,0,0,0,0,0,0,0,0,0,0,0,0,0,0,0,0,0.00564689840700332,0.0768094799855643,0,0,4.20145501351492e-05,0.0121606567566503,0,0.000306725244090509,0.00145393891845686,0,0,0
0,0,0,0,0,0,0,0,0,0,0,0,0,0,0,0,0.000922794136460938,0.00532386638681989,0.0252437779529075,0.00444080122545822,0,0,0,0,0,0,0,0,0,0,0,0.00119368099051121,0.0017849746235473,0,0,0.0228761793527927,0.0242315160306829,0,0,0.0199041037782821,1.06597712538905e-05,0.0229943883475859,4.10945654029148e-05,0,0,0.00421064554471312,0,0,0,0.00125974971271715,0,0,0,0,0,0,0,2.50238019742236e-06,0,0,0,0,0.000149441794684438,0,0,0,0,0,0,0,0,0,0.000124306880183689,0,5.23398314349202e-05,0.000104479671256263,0,0,0,0.0152903550505454,0.00111250125276094,0,0.0158859152403461,0.0128100315589182,0.021327988404977,0,0
0,0,0,0,0,0,0,0,0,0,0.00138674683509853,0,0,0,0,0,0.000572525158964658,0,0.00497865486670769,0,0.00103811202324969,0,0,0,0,0,0,0,0,0,0,0.00044446253322374,0.000458026964112783,0,0,0.0257249828235324,0.00628748721710347,0,0,0,0.00149672787460242,0,0.00119489019030424,0,0,0,0.00280763750922984,2.40807316506841e-05,0.000638759798505599,0,0,0,0,0,0,0,0,0,0,0,0,0,0,0.013814678716118,0,0,0,0,0,0,0,0,0,0,0,0.00011318162255966,0,4.20145501351492e-05,0.0152903550505454,0,0,1.04367746460512e-05,0.00820164246041022,0.0119292486529187,0.00635137163790979,0,0
0,0,0,0,0,0,0,0,0,0.00108885461012301,0,0.000406219189830588,0,0,0,0,0.00114740157025225,0.0107274286948188,0.0130725179893926,0,0,0.00806369070286021,0,0,0,0,0,0,0,0,0,0,0,0.0225216397822042,0.00202558344534459,0.00645951436324059,0,0.257937817171143,0.00844487319996962,0.0139574824069451,1.30181018727392e-05,0.0182058628033185,2.53762916195519e-06,0,0,0.00847527428198336,0,0.116423883506381,2.41887200097789e-05,0.0148220454568108,0,0,0,0,0,0.00479060332566827,0,3.33827090202952e-06,0,0,0,0,0.0080954106406942,0,0.00442391909695282,0,0,0,0,0,0,0,0.00145805786310964,0,0,0,0,0.0121606567566503,0.00111250125276094,0,0,0.00333582410086709,0.036791685894901,0.00432049373745773,0.0311279691748483,0,0
0,0,0,0,0,0,0,0,1.6947198982351e-05,0,0.0412916198656899,0,0,0,0,0,0.00615767142179613,0,0.0200314511229131,0,0.0201937966739018,0,0.0243068912242804,0,0,0,0,0,0.00208078273490237,0,0.0616414461529175,0,0,0.000956841210515462,0.00154811435188784,0,0.0115764089316567,0.000230601161849532,0.362104001797709,0,0.0055687631805216,0,0.00349254913280468,0,0,0,0.00218960477565718,0.0325852936589551,0.0032998007079685,0.00123953255524828,0,0,0,0,0,0,0.00117779690046695,0,0,0,0,0,0,0.00792726065820881,0,0.00044581692108113,0,6.95594490793816e-05,0,0,0,0,0,0.00939773133178628,0,0,0.000949977626616531,0,0,1.04367746460512e-05,0.00333582410086709,0,0.0678296363023292,0.0252829026088956,0.00317741847999012,0,0
0.00142251487943482,0.00266746402152009,0.000504926138670604,0,7.82872188246168e-05,0.00273510216888749,2.05488786140657e-05,0,0.0389171580461418,0.007972265884264,0.0199681988280936,0.0199662116787078,0.0188842289353556,0.0155560224501023,0.00830370642183095,0.0159615603929486,0.0304902277110057,0.0315429130373387,0.0240124205603071,0.000714039545127457,0.00877923630616419,0.0252275657868144,0.0323759288207531,0.00487882436016522,0.00848182728404757,0.00144157093237935,0.00352202030705131,0.0228568197724896,0.00898370808348063,0.0330393848846907,0,0.00572362982370224,0.00276691225470375,0.0153816362286424,0.000847635944872208,0.0340351156077828,0.011464002828858,0.0580032285779265,0.0543332833340064,0.00313778618654057,0.00118804384544543,0.0105189211742568,0.00392125551296011,0.000126775651729801,4.20099867260225e-05,0.000766995998522231,0.00072514180739029,7.99410079084177e-05,0.000393223542110651,0.00286956451427296,0,0,0,0,0.00178498928898752,0.00897410576168705,0.0197474278599051,0.016087288021559,0.0121122765730665,0.00397205019755796,0.00370592835817904,0.00294483183194707,0.00104855145539923,0.0057725098894753,0.0352941373423243,0.0319669752470019,0.00386370196557539,0.0138993964390349,0,0.0116637072648699,0.0506089559417871,0.0129344412940314,0.0250182443506393,0.000128827077687181,0.0123128192680906,0.000858252412558636,0.0196220661578058,0.000306725244090509,0.0158859152403461,0.00820164246041022,0.036791685894901,0.0678296363023292,0,0.093106179211487,0.0212685889944137,7.39596811203375e-05,2.45719619512112e-05
0,0.00380770993538524,0,0,0,0.00211884607316594,0,0.0113763507202376,0.00487967599280422,0.00519619292441421,0,0.00660558176563603,0.0387106881735292,0.0661459364952361,0.0037010601262731,0.00377971459222682,4.51238559759382e-05,1.98917197827056e-05,0,0,0,0.0403711599646276,0.041775419592452,0,0.00301359683602223,0,0,0.0697631935584881,0.00613357828800282,0.00203974266025761,0,0,0,0.000179811577476327,0.000887371898349647,0.0047193023764645,0.0273364536301985,0.0141257241733104,0.0110290644349681,0,0,9.406804277995e-06,0,0,0,0,0,0,0,0,0,0,0,0.00170273478738963,0,5.48933120468898e-05,0.000143745162709083,0.00609746228125094,0.00812382532505127,0.0178581517377056,0.00253332606516104,9.46708831344976e-05,0,0,0.117372972614256,0.0588709725595615,0,0.000162475866553231,0,0,0.0952684274344398,0.00889258244366099,0.00214367773209588,0,0,0,9.42259247389754e-05,0.00145393891845686,0.0128100315589182,0.0119292486529187,0.00432049373745773,0.0252829026088956,0.093106179211487,0,1.02661672831685e-05,0,0
0.00632070400342501,0.00713490169292066,0.0959064124217446,0.0192267041402107,0,0,0,0,0.0068187240391599,0.00450635500789848,0,0.00112098171966878,0,0,0,0,0.0278252478534918,0.024230407027749,0.228768563119261,0.000640682748078963,0,0,0,0,0,0,0,0,0,0,0,0,0,0,0,0,0.0122411064123108,0.0140760606173326,0.00295176016554725,0.155332827344388,0.113152089258841,0.136120597996302,0.291269228396132,4.72626798212286e-05,0,0.0609453858551341,0.0432817856969281,0.0512887641056759,0.0946839124326155,0.0748117626727006,0,0,0,0,0.00895296193885034,0.00144016420081273,0.0227110011853297,0.010413848913747,0,0,0,0,0.0175032788093579,0.0432368457993534,0,0,6.24808537434589e-05,0.000322196220129335,0,0,0,0,0.0104406002102464,0.028128035612596,0,0,0,0,0.021327988404977,0.00635137163790979,0.0311279691748483,0.00317741847999012,0.0212685889944137,1.02661672831685e-05,0,0.000173474961173019,0.000512887372966716
0,0,0,0,0,0,0,0,0,0,0,0,0,0,0,0,0,0,0,0,0,0,0,0,0,0,0,0,0,0,0,0,0,0,0,0,0,0,0,0,0,0.00114188300009925,0,0.00205616493118752,0,0,0,0,0,0,0,0,0,0,0,0,0,0,0,0,0,0,0,0,0,0,0,0,0,0,0,0,0,0,0,0,0,0,0,0,0,0,7.39596811203375e-05,0,0.000173474961173019,0,0
0,0,0,0,0,0,0,0,0.0107995008336821,0,0,0,0,0,0,0,0,0,0,0,0,0,0,0,0,0,0,0,0,0,0,0,0,0,0,0,0,0,0,0,0,0,0.0460028602985571,0,0,0,0,0,0,0,0,0,0,0,0,0,0,0,0,0,0,0,0,0,0,0,0,0,0,0,0,0,0,0,0,0,0,0,0,0,0,0,2.45719619512112e-05,0,0.000512887372966716,0,0
