0,0,13.8791011869907,0,0,0,0,0,254.530419707298,0,0,0,0,0,11.609432309866,0,17.5791994184256,0.966671496629715,111.150511443615,0,0,0,0,0,0.467934548854828,0,0,0,0,0,0,0,0,0,0,0,7.37352864444256,0,8.78681820631027,0,10.2492342293262,0,37.6042128205299,0,0,0,13.5021052509546,0,155.269793435931,0,0,0,0,0,365.120322108269,0,3.45752483606339,0,0,0,23.2783946543932,0,0,2.13337740302086,0,0,0,0,0,0,0,0,0,15.8882453143597,0,0,0,0,0,96.9291428476572,0,60.1958297044039,103.796632453799,0,305.684818714857,0,1.70130455493927
0,0,0,15.5303812921047,0,0,0,0,0,170.253521472216,0,0,0,0,0,0,0.317760586738586,0.828695476055145,33.7514861896634,0,0,0,0,0,0,0,0,0,0,0,0,0,0,0,0,9.95738372206688,0,2.14631216228008,0,10.5855787694454,0,183.56912779808,0,3.02555957436562,0,4.24787680804729,0,6.94463318586349,0,96.308416813612,0,0,0,0,0,308.20844206214,0,3.8650715649128,0,0,0,10.1167998015881,3.44842408597469,0,0,0,1.37700200080872,0,0,0,0,0,0.450613439083099,0,0,0,1.33294773101807,0,124.788060426712,0.708362996578217,40.2046600431204,0,97.4307759255171,0.380360811948776,49.0252969413996,5.63888642191887,0
13.8791011869907,0,0,0,0,0,0,0,9.62308183312416,0,0,0,0,0,0,0,0,0,2.74960128962994,0,4.4335503578186,0,0,0,0,0,0,0,0,0,0,0,0,0,0,0,0.955811440944672,0,0.265188366174698,0,10.1045228093863,0,94.3337510228157,0,0,0,3.57699881494045,0,94.8931574225426,0,20.0211590975523,0,0,0,30.6167232394218,0,2.89688184857368,0,0.862238824367523,0,0,0,0,2.73009103536606,0,0,0,0,0,0,0,0,0,2.25371396541595,0,0,0,0,0,6.61207979917526,0,1.36336378753185,100.258234106004,6.83440501987934,232.147392898798,0,29.4064870625734
0,15.5303812921047,0,0,0,75.4364417791367,0,0,0,71.6402871906757,0,0,0,0,0,0,0.1491729170084,0,14.709641776979,0,0,0,0,0,0,0,0,0,0,0,0,0,0,0,0,4.0756179690361,0.640061438083649,0.913485825061798,0,13.1844319999218,0,248.713301874697,0,4.5506185516715,0,44.7308300733566,0.349588453769684,20.3966434001923,3.54005768895149,109.688623517752,0,51.0257502794266,0,0,0,278.400167822838,0,108.244276672602,0,4.45137345790863,0,0,24.0081123635173,0,0,0,0,0,0,0,0,0,1.37709736824036,0,0,0,0,0,30.3594497144222,0,6.39916823804379,0,110.930754452944,3.07454547286034,322.364936515689,34.4358467161655,0
0,0,0,0,0,0,0,0,0,0,0,0,0,0,0,0,0,0,0,0,22.4060746431351,0,0,0,0,0,0,0,0,0,0,0,0,0,0,0,8.37393626570702,0,0,0,0,0,0,0,0,0,0,0,0,0,347.089144825935,0,1,0,0,0,4.23760169744492,0,9.91464447975159,0,0,0,0,0,0,0,0,0,0,0,0,0,0,0,0,0,0,0,0,3.84770184755325,0,0,158.272110402584,0,12.4017728120089,0,0
0,0,0,75.4364417791367,0,0,0,21.7634227871895,0,0,0,1.6931636929512,0,22.7577466964722,0,0,0,0,0,67.0038277208805,0,0,0,0,0,0,0,0,0,0,0,0,0,0,0,2.92907190322876,0,0,0,0.121580675244331,0,2.72766155004501,0,0,0,0.217245489358902,0,1.25573194026947,0,2.15609493851662,0,45.3854476809502,0,0,0,2.54191899299622,0,4.96375101804733,0,2.120530128479,0,48.27078551054,9.09234718978405,0,0,0,0,0,0,0,0,0,0,0,0,0,0,0,1.38440883159637,0,0.478240191936493,0,1294.22101224959,0.148237451910973,32.9801601916552,0,0
0,0,0,0,0,0,0,0,0,0,14.1303390115499,0,0,0,0,0,0,0,0,0,76.7432362437248,0,0,0,0,0,0,0,0,0,0,0,0,0,0,0,7.90393576025963,0,0,0,0,0,0,0,0,0,0,0,0,0,30.850025832653,0,559.533835530281,0,0,0,164.277760282159,0,6.04772716760635,0,0,0,0,0,0,0,0,0,0,0,0,0,0,0,0,0,0,0,0,3.14028212428093,0,0,198.676497131586,0,1.0867453366518,0,0
0,0,0,0,0,21.7634227871895,0,0,0,0,0,0,0,18.6662492752075,0,0,0,0,0,2.17414805293083,0,0,0,0,0,0,0,0,0,0,0,0,0,0,0,0,0,0,0,0,0,0,0,0,0,0,0,0,0,0,0,58.858806848526,0,159.286128222942,0,0,0,0,0,1.11339139938354,0,0,2.19051058590412,0,0,0,0,0,0,0,0,0,0,0,0,0,0,0,0,0,0,0,158.383546471596,0,0,0,0
254.530419707298,0,9.62308183312416,0,0,0,0,0,0,0,0,0,0,0,91.1071631461382,0,0,0,0,0,0,0,0,0,5.24296352267265,0,48.1696581244469,0,0,0,0,0,0,0,0,0,1.06114554405212,0,90.6866041272879,0,0,0,25.7224038243294,0,0,0,0,0,33.4844041466713,0,34.0074947476387,0,0,0,871.175448343158,0,0,0,0,0,82.085732281208,0,0,0,0,0,0,0.851054847240448,0,21.5368579030037,0,0,0,0,0,0,0,0,0,0.439516454935074,0,20.9074465632439,99.2528028935194,0.366598457098007,42.1754457354546,0,0
0,170.253521472216,0,71.6402871906757,0,0,0,0,0,0,0,0,0,0,0,40.7124285101891,0,0,0.222184628248215,0,0,0,0,41.020388379693,0,17.8565268516541,0,0,0,0,0,0,0,0,0,0,0,106.922436833382,0,0,0,61.9394513070583,0,0,0,0.399884641170502,0,0,0,14.3209224641323,0,5.34350338578224,0,0,0,387.783552512527,0,0,0,0,0,125.68649315834,0,0,0,0,60.802454739809,0,0,0,0,0,0,0,0,0,0,0,4.42670831084251,0,6.41638271510601,0,1175.89999058843,66.9693767726421,135.115246191621,0.86453665792942,0
0,0,0,0,0,0,14.1303390115499,0,0,0,0,0,409.887679621577,0,0,0,0,0,0,0,756.201098904014,0,0,0,0,0,0,0,0,0,90.6177085191011,0,0,0,0,0,76.3618432283401,0,1987.43307462335,0,0,0,0,0,0,0,0,0,0,0,0,0,11.193823620677,0,0,0,2674.07165651023,0,184.683093130589,0,0,0,0,98.6575276106596,0,0,0,0,0,0,0,10.1087188720703,0,189.460691802204,0,0,0,0,0,85.1029566675425,0,145.760308668017,578.67892678082,0,3.27655804157257,0,0
0,0,0,0,0,1.6931636929512,0,0,0,0,0,0,0,276.974703967571,0,0,0,0,0,560.360089555383,0,0,0,0,0,0,0,65.0300006866455,0,155.844754874706,0,0,0,0,0,314.215187877417,0,1308.25465585291,0,0,0,0,0,0,0,2.6695122718811,0,0,0,0,0,0,0,0.570700526237488,0,0,0,2014.94186840951,0,515.884998530149,0,0,434.768755361438,0,0,0,0,0,0,0,3.44698664546013,0,28.8175798654556,0,0,0,0,0,28.8459202051163,0,197.577321380377,0,448.696770012379,0,8.20306512713432,0,0
0,0,0,0,0,0,0,0,0,0,409.887679621577,0,0,0,4.82446521520615,0,0,0,0,0,0,0,0,0,0,0,0,0,21.1456936001778,0,0,0,0,0,0,0,0,0,0,0,0,0,0,0,0,0,0,0,0,0,1.01272395253181,0,0,0,0,0,148.687228873372,0,373.602920174599,0,0,0,0,0,0,0,0,0,0,0,0,25.9789369702339,0,0,0,0,0,0,0,0,0,0,91.2898870110512,57.9321318864822,0,0,0
0,0,0,0,0,22.7577466964722,0,18.6662492752075,0,0,0,276.974703967571,0,0,0,3,0,0,0,0,0,0,0,0,0,0,0,7.40884208679199,0,0,0,0,0,0,0,0,0,0,0,0,0,0,0,0,0,0,0,0,0,0,0,0,0,0,0,0,0,31.9578111171722,0,301.267393231392,0,0,0,0,0,0,0,0,0,0,0,0,0,0,0,0,0,0,0,0,0,0,73.4004046916962,0,0,0,0
11.609432309866,0,0,0,0,0,0,0,91.1071631461382,0,0,0,4.82446521520615,0,0,0,0,0,0,0,0,0,0,0,0,0,0,0,0,0,0,0,0,0,0,0,0,0,0,0,0,0,0,0,0,0,0,0,0,0,0,0,0,0,35.1189620792866,0,0,0,36.1610716879368,0,19.8159024715424,0,0,0,0,0,0,0,0,0,0,0,0,0,0,0,0,0,0,0,0,0,0,0,0,0,0
0,0,0,0,0,0,0,0,0,40.7124285101891,0,0,0,3,0,0,0,0,0,0,0,0,0,7.54577803611755,0,27.957024037838,0,20.0465104579926,0,0,0,0,0,0,0,0,0,0,0,0,0,0,0,0,0,0,0,0,0,0,0,1.38344848155975,0,0,0,120.747066527605,0,0,0,3.70201215147972,0,42.6803751140833,0,0,0,0,0,0,0,0,0,0,0,0,0,0,0,0,0,0,0,0,196.78658336401,0,0,0,0
17.5791994184256,0.317760586738586,0,0.1491729170084,0,0,0,0,0,0,0,0,0,0,0,0,0,6260.43175175041,3694.33084432781,0,0,0,313.145095393062,0,139.815243542194,0,180.326117500663,0,6.482814848423,0,0,0,0,0,0,0.326279103755951,5.96239590644836,0,4.25200401246548,15.6126881986856,10.5494974032044,5.78467281162739,22.7965792641044,3.41573059558868,1.52351720631123,8.67259036004543,51.0111142545938,0.1943279504776,0,0,0,0,0,0,0,0,1.42188654839993,0.160776898264885,0,0,0,0,9.8342092782259,3.93425411731005,0,9.22012144327164,0,0,0,0,0,0,0,5.22722793370485,0,0,0.16939914226532,0,29.2693570032716,103.022336915135,1.60285077989101,34.0147894695401,3695.92366980016,9.50149720907211,136.696470811963,3.34339213371277,7.67784234881401
0.966671496629715,0.828695476055145,0,0,0,0,0,0,0,0,0,0,0,0,0,0,6260.43175175041,0,2806.75023286045,0,0,157.831820264459,0,203.416938558221,0,613.366408273578,0,61.6118766367435,0,0,0,0,0,0,0,0.198254033923149,0.367137506604195,1.01586890220642,0,7.72094444185495,1.42456418275833,6.94186779856682,8.35726992040873,7.76675286889076,0.799032129347324,5.64339251071215,24.3789863213897,0.923786848783493,0.525780558586121,0,0,0,0,0,0,0,0,1.19821348041296,0,0,0,0,10.481566593051,3.05506998300552,29.1738263368607,0,0,0,50.1037136912346,0,0,0,0,1.09306716918945,0,0,0,0,16.3263465836644,21.2075575813651,0.654538094997406,7.64596799015999,5101.85948074609,27.8845106363297,35.6111568287015,1.29443299770355,1.30616905540228
111.150511443615,33.7514861896634,2.74960128962994,14.709641776979,0,0,0,0,0,0.222184628248215,0,0,0,0,0,0,3694.33084432781,2806.75023286045,0,2.00353312492371,0,0,0,0,0,0,0,0,0,0,0,0,0,0,0.971133351325989,61.7701546177268,46.5938231647015,28.5120007693768,27.0208979025483,456.155599094927,279.276204414666,801.44411303103,781.1267298311,221.916691347957,70.3981159031391,292.400928877294,1021.22286607325,29.4684315919876,17.518619671464,39.2899578511715,0,0,0,0,0,0,20.9389507770538,147.907800294459,0,0,0,0,161.657602258027,46.4966068044305,0,0,0,0,0,0,0,0,15.1846522986889,48.8977958858013,0,0,9.31753100454807,2.62045669555664,1200.51705590636,1337.70483988523,217.557810410857,267.695321515203,2538.49050672352,6.00507225841284,2494.48536980897,120.685706153512,140.682284943759
0,0,0,0,0,67.0038277208805,0,2.17414805293083,0,0,0,560.360089555383,0,0,0,0,0,0,2.00353312492371,0,0,0,0,0,0,0,0,0,0,0,0,0,0,0,0,1252.5715636462,0,565.097010657191,0,0,0,0.539240851998329,0,0,0,4.00752627849579,0,0,0,7.71021503210068,0,0,0,2.84712094068527,0,0,0,59.4937080442905,0,0,0,0,1060.65133714676,0,0,0,0,0,0,0,0,0,0,0,0,0,0,0,598.795896045864,0,61.8220636993647,0,165.315876320004,3.3006374835968,74.2336065173149,0,0
0,0,4.4335503578186,0,22.4060746431351,0,76.7432362437248,0,0,0,756.201098904014,0,0,0,0,0,0,0,0,0,0,0,0,0,0,0,0,0,0,0,0,0,0,0,0,0,1453.99125905335,0,566.515300929546,0,1.54931053519249,0,0,0,0,0,9.81679537892342,0,0.306628569960594,0,7.96327316761017,0,55.1360993981361,0,0,0,163.925136387348,0,0,0,0,0,0,1357.06746312976,0,0,0,0,0,0,0,0,0,0,0,0,0,0,0,321.898933067918,0,96.7952901124954,712.849164456129,0,164.109890133142,0,0
0,0,0,0,0,0,0,0,0,0,0,0,0,0,0,0,0,157.831820264459,0,0,0,0,919.746111452579,323.105008423328,0,2.35860240459442,0,86.9807003736496,0,0,0,0,0,0,0,0,0,2545.45964175463,94.3785043656826,0,0,0,0,0,0,0,0,0,0,188.132549017668,0,0,0,0,0,0,0,0,0,0,0,0,0,0,8431.64832563698,53.0784499049187,113.237414568663,0,2.40961742401123,0,283.469971895218,0,0,0,0,0,0,0,0,0,1136.53280608356,58.5244352370501,1770.55084566772,574.366649895906,19.2463342249393,0,0
0,0,0,0,0,0,0,0,0,0,0,0,0,0,0,0,313.145095393062,0,0,0,0,919.746111452579,0,0,242.435394078493,0,408.285190492868,0,321.862659186125,0,0,0,0,0,0,0,0,30.5934596657753,1662.76929202676,0,0,0,0,0,0,0,0,7.00934243202209,77.8598752170801,0,0,0,0,0,0,0,0,0,0,0,0,0,0,0,30.5771988630295,10468.658487916,0,167.843635722995,0,175.011447161436,0,84.9930903315544,0,0,0,0,0,0,0,0,1.0240960419178,1443.19570629299,1756.1976390332,191.779468536377,7.86860701441765,0,0
0,0,0,0,0,0,0,0,0,41.020388379693,0,0,0,0,0,7.54577803611755,0,203.416938558221,0,0,0,323.105008423328,0,0,0,305.85650408268,0,0,0,0,0,0,0,0,0,0,0,374.239350676537,0,0,0,0.310790091753006,0,0,0,0,0,0,0,1.19793617725372,0,0,0,0,0,49.8673529475927,0,0,0,0,0,0.428256928920746,0,0,106.88666498661,0,436.739669501781,0,6.15534621477127,0,0,0,0,0,0,0,0,0,0,0,122.253689199686,0,520.849971607327,56.8895632624626,11.861912727356,0,0
0.467934548854828,0,0,0,0,0,0,0,5.24296352267265,0,0,0,0,0,0,0,139.815243542194,0,0,0,0,0,242.435394078493,0,0,0,202.787987828255,0,0,0,0,0,0,0,0,0,0,0,295.319930329919,0,0,0,0,0,0,0,0,0,0.450510129332542,0,0,0,0,0,91.9899008572102,0,0,0,0,0,0,0,0,0,0,155.536263644695,0,468.406783536077,0,37.6452345848083,0,0,0,0,0,0,0,0,0,0,0,26.6676271259785,269.807886227965,0,2.84501945972443,0,0
0,0,0,0,0,0,0,0,0,17.8565268516541,0,0,0,0,0,27.957024037838,0,613.366408273578,0,0,0,2.35860240459442,0,305.85650408268,0,0,0,59.9712070226669,0,0,0,0,0,0,0,0,0,0,0,0,0,0,0,0,0,0,0,0,0,0,0,0,0,0,0,1,0,0,0,0,0,8.0916528403759,0,0,0,0,26.1175065040588,0,278.231724232435,0,5.69214606285095,0,0,0,0,0,0,0,0,0,0,0,108.683527559042,3.36117953062057,0,0,0
0,0,0,0,0,0,0,0,48.1696581244469,0,0,0,0,0,0,0,180.326117500663,0,0,0,0,0,408.285190492868,0,202.787987828255,0,0,0,113.622279942036,0,0,0,0,0,0,0,0,0,0,0,0,0,0,0,0,0,0,0,0,0,0,0,0,0,4.44612681865692,0,0,0,0,0,0,0,0,0,0,128.936022460461,0,0,0,89.813026279211,0,1.57821860909462,0,0,0,0,0,0,0,0,0,0,56.0359019935131,6.96930640935898,0,0,0
0,0,0,0,0,0,0,0,0,0,0,65.0300006866455,0,7.40884208679199,0,20.0465104579926,0,61.6118766367435,0,0,0,86.9807003736496,0,0,0,59.9712070226669,0,0,0,385.396600827575,0,0,0,0,0,0,0,61.6722540259361,0,0,0,0,0,0,0,0,0,0,0,0,0,0,0,0,0,0,0,41.6559743881226,0,215.101510941982,0,0,0,0,81.7304062843323,0,0,0,147.167808830738,0,1640.8663431555,0,52.6476809978485,0,0,0,0,0,0,0,34.0464739501476,0,71.7618641257286,0,0,0,0
0,0,0,0,0,0,0,0,0,0,0,0,21.1456936001778,0,0,0,6.482814848423,0,0,0,0,0,321.862659186125,0,0,0,113.622279942036,0,0,0,180.625071957707,0,0,0,0,0,0,0,34.8861245065928,0,0,0,0,0,0,0,0,0,0,0,0,0,0,0,0,0,0,0,68.8853927254677,0,0,0,0,0,0,67.4822936654091,0,0,0,21.0165960788727,0,1547.39332658052,0,8.53375965356827,0,0,0,0,0,0,0,2.49833434820175,294.448450654745,41.1771605014801,0,0,0
0,0,0,0,0,0,0,0,0,0,0,155.844754874706,0,0,0,0,0,0,0,0,0,0,0,0,0,0,0,385.396600827575,0,0,0,0,0,0,0,0,0,290.724777460098,0,0,0,0,0,0,0,0,0,0,0,0,0,0,0,0,0,0,0,64.148746997118,0,0,0,0,0,0,0,0,0,0,0,0,245.359456449747,0,1065.1045165807,0,0,0,0,0,0,0,253.637001499534,0,21.6607419252396,0,0,0,0
0,0,0,0,0,0,0,0,0,0,90.6177085191011,0,0,0,0,0,0,0,0,0,0,0,0,0,0,0,0,0,180.625071957707,0,0,0,0,0,0,0,0,0,652.98755954206,0,0,0,0,0,0,0,0,0,0,0,0,0,0,0,0,0,14.8895556330681,0,0,0,0,0,0,0,0,0,0,0,0,0,0,92.5705829262733,0,144.448331385851,0,0,0,0,0,0,0,89.9183146059513,60.3643471896648,0,0,0,0
0,0,0,0,0,0,0,0,0,0,0,0,0,0,0,0,0,0,0,0,0,0,0,0,0,0,0,0,0,0,0,0,1187.40384417772,39.2747709155083,0,1055.13661137223,588.885422050953,0,0,0,0,0,0,0,0,0,0,2082.71217255294,4.203373670578,0.960529565811157,0,0,0,0,0,0,0,0,0,0,0,0,0,0,0,0,0,0,0,0,0,0,0,0,1252.78142027557,248.748665452003,33.0031940340996,0,178.26357626915,86.3306083828211,0.209439009428024,0,901.463863939047,0,0,0,0
0,0,0,0,0,0,0,0,0,0,0,0,0,0,0,0,0,0,0,0,0,0,0,0,0,0,0,0,0,0,0,1187.40384417772,0,0,7.56371802091599,2.52413183450699,305.318216785789,0,0,0,0,0,0,0,0,0,0,865.24427229166,4.27298307418823,0,0,0,0,0,0,0,0,0,0,0,0,0,0,0,0,0,0,0,0,0,0,0,0,0,89.4262582957745,1548.70346602798,0,60.6513287723064,0,299.940482720733,0,0,149.510118216276,0,0,0,0
0,0,0,0,0,0,0,0,0,0,0,0,0,0,0,0,0,0,0,0,0,0,0,0,0,0,0,0,0,0,0,39.2747709155083,0,0,631.631801426411,534.205411836505,0,501.090343028307,0,0,0,0,0,0,0,0,0,838.164080739021,0,3.53470999002457,0,0,0,0,0,0,0,0,0,0,0,0,0,0,0,0,0,0,0,0,0,0,0,0,98.5281283557415,0,2244.73019266129,688.439540505409,237.18988147378,0,240.000372752547,0,605.014219760895,32.895811855793,0,0,0
0,0,0,0,0,0,0,0,0,0,0,0,0,0,0,0,0,0,0.971133351325989,0,0,0,0,0,0,0,0,0,0,0,0,0,7.56371802091599,631.631801426411,0,0,445.936267733574,115.202857732773,208.355991512537,0,0,0,0.227555453777313,0,0,0,0.63316148519516,871.363167077303,5.99034753441811,0,0,0,0,0,0,0,0,0,0,0,0,0,0,0,0,0,0,0,0,0,0,0,0,0,0,166.522855088115,269.621818780899,2770.80040489137,0,500.953413501382,1.14341771602631,192.048691004515,544.031681060791,3.22104859352112,0.714145720005035,0,0
0,9.95738372206688,0,4.0756179690361,0,2.92907190322876,0,0,0,0,0,314.215187877417,0,0,0,0,0.326279103755951,0.198254033923149,61.7701546177268,1252.5715636462,0,0,0,0,0,0,0,0,0,0,0,1055.13661137223,2.52413183450699,534.205411836505,0,0,1762.9592371285,2565.81571006775,0,11.7916078269482,0,22.6936290413141,0,7.64247976243496,0,51.0303637310863,1.95082152634859,63.3797684013844,0,55.9648262634873,0,0,0,0,0,0,0,4.1417832672596,0,0,0,0,977.746161960065,0,0,0,0,0,0,0,0,0,0,0,1096.45559175313,1.23637814819813,270.923053875566,0,24716.6203298494,428.015469759703,395.845122106373,0,4446.65624660254,1352.47683602571,118.848674982786,11.4149993211031,0
7.37352864444256,0,0.955811440944672,0.640061438083649,8.37393626570702,0,7.90393576025963,0,1.06114554405212,0,76.3618432283401,0,0,0,0,0,5.96239590644836,0.367137506604195,46.5938231647015,0,1453.99125905335,0,0,0,0,0,0,0,0,0,0,588.885422050953,305.318216785789,0,445.936267733574,1762.9592371285,0,19.3888241052628,1820.7528083846,0.58575564622879,10.3367958292365,0.323154181241989,31.334455139935,0,2.41258709132671,0,41.9081010892987,15.4216479361057,38.9850329905748,0,1.80812411010265,0,2.1829848587513,0,1.04376900196075,0,6.09518069028854,0,0,0,0,0,0,996.021479666233,0,0,0,0,0,0,0,0,0,0.217247828841209,39.4210524559021,578.282789900899,0,132.604362219572,367.864840775728,22907.3513051122,0,779.11481820792,4775.53243900836,1630.7902418077,228.408334858716,0,8.34730777144432
0,2.14631216228008,0,0.913485825061798,0,0,0,0,0,106.922436833382,0,1308.25465585291,0,0,0,0,0,1.01586890220642,28.5120007693768,565.097010657191,0,2545.45964175463,30.5934596657753,374.239350676537,0,0,0,61.6722540259361,0,290.724777460098,0,0,0,501.090343028307,115.202857732773,2565.81571006775,19.3888241052628,0,631.201687633991,12.2037638127804,0,18.0333750247955,0,4.53502038121223,0,48.9122440740466,0.174044713377953,164.035235524178,0,339.177327379584,0,0.644242107868195,0,0,0,62.115671813488,0,360.82796241343,0,0,0,0,597.686645247042,0,746.558708146214,10.1539822816849,144.294982910156,0,0,0,151.573395878077,0,138.374222427607,0,0,0,231.015270605683,21.5790574550629,2054.96029355377,0,13457.0591899306,227.223698407412,2356.69915787131,229.11344435811,198.946977972984,4.71688114106655,0
8.78681820631027,0,0.265188366174698,0,0,0,0,0,90.6866041272879,0,1987.43307462335,0,0,0,0,0,4.25200401246548,0,27.0208979025483,0,566.515300929546,94.3785043656826,1662.76929202676,0,295.319930329919,0,0,0,34.8861245065928,0,652.98755954206,0,0,0,208.355991512537,0,1820.7528083846,631.201687633991,0,0,4.19462982565165,0.30412232875824,18.1646154820919,0,2.94541257619858,1.03915363550186,89.682239279151,318.172331124544,155.732294246554,0,0,0,0,0,131.36652995646,0,568.922197602689,0,0,0,0,0,0,427.199459314346,0,330.506992056966,0,253.034676119685,0,0,0,33.8797093629837,0,88.3683513253927,0,0,0,214.555779412389,0,2055.43535319716,25.3991395235062,12730.3934974298,2080.69774444401,9.87125128507614,180.911792419851,0,9.75343915820122
0,10.5855787694454,0,13.1844319999218,0,0.121580675244331,0,0,0,0,0,0,0,0,0,0,15.6126881986856,7.72094444185495,456.155599094927,0,0,0,0,0,0,0,0,0,0,0,0,0,0,0,0,11.7916078269482,0.58575564622879,12.2037638127804,0,0,5.48121193051338,695.591909870505,3.19341836869717,100.400405690074,0,131.155267000198,27.5340781286359,13.4596934914589,1.1460268497467,227.979156300426,0,0,0,0,0,0,0,16.35221491009,0,0,0,0,172.838027022779,0.125523924827576,0,0,0,0,0,0,0,0,0,0,0,0,3.49471275508404,0,381.254764035344,8.61020557582378,58.6235906779766,0.837355822324753,96.6164832115173,4.17410764098167,1820.57897022367,74.5427688360214,1.28462517261505
10.2492342293262,0,10.1045228093863,0,0,0,0,0,0,0,0,0,0,0,0,0,10.5494974032044,1.42456418275833,279.276204414666,0,1.54931053519249,0,0,0,0,0,0,0,0,0,0,0,0,0,0,0,10.3367958292365,0,4.19462982565165,5.48121193051338,0,2.12863728404045,474.259059287608,0,19.0398091375828,2.2021561563015,275.543392889202,1.2436888217926,57.9042834490538,0,1.81751237809658,0,0,0,0,0,12.4481072574854,0.393339395523071,0,0,0,0,1.60441353917122,177.452667087317,0,0,0,0,0,0,0,0,0,3.98658819496632,0,0,0,0,4.03443425893784,394.752391695976,0,29.4301308840513,81.8063789829612,5.47294387221336,719.241975024343,0,67.1902124285698
0,183.56912779808,0,248.713301874697,0,2.72766155004501,0,0,0,61.9394513070583,0,0,0,0,0,0,5.78467281162739,6.94186779856682,801.44411303103,0.539240851998329,0,0,0,0.310790091753006,0,0,0,0,0,0,0,0,0,0,0,22.6936290413141,0.323154181241989,18.0333750247955,0.30412232875824,695.591909870505,2.12863728404045,0,129.545747667551,67.1148159354925,1.8243852853775,75.2941114827991,6.37535706907511,59.6705936193466,11.7337717115879,489.756342068315,0,1.11394876241684,0,0,0,22.9880148172379,0,794.183197289705,0,1.04540872573853,0,0,246.812874130905,0.463311314582825,0,0,24.3531985580921,0,0,0,0,0,27.5184593498707,0,0,0,7.05326332896948,0,567.134976573288,15.332475990057,98.8868845030665,0.168430522084236,1488.88753002137,36.7088036462665,4209.18677203357,426.699370786548,6.1822555065155
37.6042128205299,0,94.3337510228157,0,0,0,0,0,25.7224038243294,0,0,0,0,0,0,0,22.7965792641044,8.35726992040873,781.1267298311,0,0,0,0,0,0,0,0,0,0,0,0,0,0,0,0.227555453777313,0,31.334455139935,0,18.1646154820919,3.19341836869717,474.259059287608,129.545747667551,0,3.15178787708282,30.0999758094549,3.71278764307499,426.925707437098,144.608127996325,230.451396912336,1.30574083328247,0,0,0,0,24.2327029705048,0,130.198734387755,1.08631467819214,0,0,0,0,0,66.1197151169181,0,0,0,0,0,0,0,3.36677339673042,0,563.32567679882,0,0,0,0,2.03660864382982,1092.01825896651,0,176.773829936981,1497.04780685902,35.1538159772754,4911.9517063126,1.04752397537231,438.58189253509
0,3.02555957436562,0,4.5506185516715,0,0,0,0,0,0,0,0,0,0,0,0,3.41573059558868,7.76675286889076,221.916691347957,0,0,0,0,0,0,0,0,0,0,0,0,0,0,0,0,7.64247976243496,0,4.53502038121223,0,100.400405690074,0,67.1148159354925,3.15178787708282,0,0,25.1702123805881,1.20150677859783,3.26259128749371,0,4.8272168636322,0,0,0,0,0,0,0,7.56050220876932,0,0,0,0,11.6958788335323,1.45463037490845,0,0,0,0,0,0,0,0,0,0,0,0,2.68966951966286,0,225.220196858048,2.74329799413681,22.0135931372643,2.18329836428165,49.8140349015594,2.08704040944576,264.822989039123,10.6597576588392,0
0,0,0,0,0,0,0,0,0,0,0,0,0,0,0,0,1.52351720631123,0.799032129347324,70.3981159031391,0,0,0,0,0,0,0,0,0,0,0,0,0,0,0,0,0,2.41258709132671,0,2.94541257619858,0,19.0398091375828,1.8243852853775,30.0999758094549,0,0,0,40.7608260661364,0,3.67871718108654,0,0,0,0,0,0,0,0,0,0,0,0,0,0,1.74655073881149,0,0,0,0,0,0,0,0,0,0,0,0.184577122330666,0,0,0.335528403520584,128.66426885128,0,13.2111933231354,9.55375745892525,0,58.7350944131613,0,3.99989247322083
0,4.24787680804729,0,44.7308300733566,0,0.217245489358902,0,0,0,0.399884641170502,0,2.6695122718811,0,0,0,0,8.67259036004543,5.64339251071215,292.400928877294,4.00752627849579,0,0,0,0,0,0,0,0,0,0,0,0,0,0,0,51.0303637310863,0,48.9122440740466,1.03915363550186,131.155267000198,2.2021561563015,75.2941114827991,3.71278764307499,25.1702123805881,0,0,26.1076346114278,3.70239819586277,1.62368583679199,13.9050968587399,0,0.451344519853592,0,0,0,0,0,82.6530507579446,0,0,0,0,1027.89582764357,2.09219418466091,0,0,0,0,0,0,0,0,2.27525579929352,0,0,0,3.39846038073301,0,1404.88888204098,12.3301243409514,685.364589162171,2.33254770934582,75.324495524168,2.48026238381863,554.624385006726,8.61902962625027,0
13.5021052509546,0,3.57699881494045,0.349588453769684,0,0,0,0,0,0,0,0,0,0,0,0,51.0111142545938,24.3789863213897,1021.22286607325,0,9.81679537892342,0,0,0,0,0,0,0,0,0,0,0,0,0,0.63316148519516,1.95082152634859,41.9081010892987,0.174044713377953,89.682239279151,27.5340781286359,275.543392889202,6.37535706907511,426.925707437098,1.20150677859783,40.7608260661364,26.1076346114278,0,1.3762155175209,12.3078285902739,1.41697943210602,0,0,0,0,0.229784950613976,0,4.83462800085545,2.03388229012489,0,0,0,0,17.6494759619236,1102.14526476711,0,0,0,0,0,0,0,0,0,5.44715091586113,0,0,0,0.857204794883728,46.7456304952502,1910.51745863259,3.22868840396404,542.765186093748,319.389407522976,16.9750847965479,1393.84896392375,2.8502684533596,20.6897673308849
0,6.94463318586349,0,20.3966434001923,0,1.25573194026947,0,0,0,0,0,0,0,0,0,0,0.1943279504776,0.923786848783493,29.4684315919876,0,0,0,7.00934243202209,0,0,0,0,0,0,0,0,2082.71217255294,865.24427229166,838.164080739021,871.363167077303,63.3797684013844,15.4216479361057,164.035235524178,318.172331124544,13.4596934914589,1.2436888217926,59.6705936193466,144.608127996325,3.26259128749371,0,3.70239819586277,1.3762155175209,0,1683.76360228658,1147.99693654478,0,0,0,0,0,2.68987888097763,0,1.41258469223976,0,0,0,0,6.12587425112724,0.717210739850998,0,16.3772515654564,11.8047553598881,24.0385010242462,0,0,0,0,0,0,334.656214132905,1919.18332874775,741.369757845998,303.339490771294,939.193320378661,802.071388691664,336.631850793958,154.633976459503,4005.10937523842,28.2533746361732,895.130282580853,11.3730506896973,2.66480326652527
155.269793435931,0,94.8931574225426,3.54005768895149,0,0,0,0,33.4844041466713,0,0,0,0,0,0,0,0,0.525780558586121,17.518619671464,0,0.306628569960594,0,77.8598752170801,0,0.450510129332542,0,0,0,0,0,0,4.203373670578,4.27298307418823,0,5.99034753441811,0,38.9850329905748,0,155.732294246554,1.1460268497467,57.9042834490538,11.7337717115879,230.451396912336,0,3.67871718108654,1.62368583679199,12.3078285902739,1683.76360228658,0,188.050152122974,0.894026502966881,0,0,0,76.0424618124962,0,49.4996495246887,0.717229887843132,6.30233812332153,0,9.78189417719841,0,0.203111961483955,3.96632005274296,0,236.405200496316,0,3.03767472505569,0,32.9412527680397,0,20.8276034891605,0,28.7542286515236,0,3.1932018995285,0,30.1616601347923,0.939617499709129,450.419479861856,0,207.632762812078,690.40582716465,8.45687392354012,1452.72693663836,0.285096526145935,20.8786563575268
0,96.308416813612,0,109.688623517752,0,2.15609493851662,0,0,0,14.3209224641323,0,0,0,0,0,0,0,0,39.2899578511715,7.71021503210068,0,188.132549017668,0,1.19793617725372,0,0,0,0,0,0,0,0.960529565811157,0,3.53470999002457,0,55.9648262634873,0,339.177327379584,0,227.979156300426,0,489.756342068315,1.30574083328247,4.8272168636322,0,13.9050968587399,1.41697943210602,1147.99693654478,188.050152122974,0,0,0,0,0,0,115.559144750237,0,60.3947418034077,0,62.7130286097527,0,133.471967965364,42.6960434168577,0,404.865351647139,0,0,0,78.8122678101063,0,13.7573063969612,0,52.8879972845316,0,0.813344389200211,0,39.8021020889282,0,359.88866892457,0,140.93101221323,0,471.04986743629,17.357673227787,846.737200662494,19.086400911212,0
0,0,20.0211590975523,0,347.089144825935,0,30.850025832653,0,34.0074947476387,0,0,0,1.01272395253181,0,0,0,0,0,0,0,7.96327316761017,0,0,0,0,0,0,0,0,0,0,0,0,0,0,0,1.80812411010265,0,0,0,1.81751237809658,0,0,0,0,0,0,0,0.894026502966881,0,0,0,0,0,39.4874988496304,0,108.227517470717,0,69.6178691983223,0,0,0,0,0.304578065872192,0,0,0,0,0,0,0,0,0,0,0,0,0,0,0,3.30023413896561,0,0,86.4317920058966,0,281.550084143877,0,0
0,0,0,51.0257502794266,0,45.3854476809502,0,58.858806848526,0,5.34350338578224,0,0,0,0,0,1.38344848155975,0,0,0,0,0,0,0,0,0,0,0,0,0,0,0,0,0,0,0,0,0,0.644242107868195,0,0,0,1.11394876241684,0,0,0,0.451344519853592,0,0,0,0,0,0,0,0,0,8.20350158214569,0,72.1485679745674,0,21.6389789581299,0,0,0,0,0,0,0,0,0,0,0,0,0,0,0,0,0,0,0.889252632856369,0,0,0,601.522177517414,0,2.0336270481348,0,0
0,0,0,0,1,0,559.533835530281,0,0,0,11.193823620677,0,0,0,0,0,0,0,0,0,55.1360993981361,0,0,0,0,0,0,0,0,0,0,0,0,0,0,0,2.1829848587513,0,0,0,0,0,0,0,0,0,0,0,0,0,0,0,0,0,0,0,60.9770434647799,0,34.1881774067879,0,0,0,0,0.868778586387634,0,0,0,0,0,0,0,0,0,0,0,0,0,0,0,0,0,0,258.825851023197,0,0,0,0
0,0,0,0,0,0,0,159.286128222942,0,0,0,0.570700526237488,0,0,0,0,0,0,0,2.84712094068527,0,0,0,0,0,0,0,0,0,0,0,0,0,0,0,0,0,0,0,0,0,0,0,0,0,0,0,0,0,0,0,0,0,0,0,0,0,296.129498839378,0,8.01906251907349,0,0,10.0708680301905,0,0,0,0,0,0,0,0,0,0,0,0,0,0,0,0,0,0,0,110.211003959179,0,0,0,0
365.120322108269,0,30.6167232394218,0,0,0,0,0,871.175448343158,0,0,0,0,0,35.1189620792866,0,0,0,0,0,0,0,0,0,91.9899008572102,0,4.44612681865692,0,0,0,0,0,0,0,0,0,1.04376900196075,0,131.36652995646,0,0,0,24.2327029705048,0,0,0,0.229784950613976,0,76.0424618124962,0,39.4874988496304,0,0,0,0,0,2.10364493727684,0,0.657554417848587,0,161.170820936561,0,0,0,0,0,0,442.105722665787,0,8.45276737213135,0,0,0,0,0,0,0,0,0,1.84133148193359,0,173.288349375129,132.578217193484,0.188751325011253,227.173017144203,0,0
0,308.20844206214,0,278.400167822838,0,2.54191899299622,0,0,0,387.783552512527,0,0,0,0,0,120.747066527605,0,0,0,0,0,0,0,49.8673529475927,0,1,0,0,0,0,0,0,0,0,0,0,0,62.115671813488,0,0,0,22.9880148172379,0,0,0,0,0,2.68987888097763,0,115.559144750237,0,8.20350158214569,0,0,0,0,0,0.909193724393845,0,0,0,448.894658118486,0,0,0,0,349.717167392373,0,0,0,0,0,0,0,0,0,0,0,0,0,4.61803108453751,0,215.210825160146,1.93464270234108,193.451637253165,2.48162055015564,0
3.45752483606339,0,2.89688184857368,0,4.23760169744492,0,164.277760282159,0,0,0,2674.07165651023,0,148.687228873372,0,0,0,1.42188654839993,0,20.9389507770538,0,163.925136387348,0,0,0,0,0,0,0,0,0,14.8895556330681,0,0,0,0,0,6.09518069028854,0,568.922197602689,0,12.4481072574854,0,130.198734387755,0,0,0,4.83462800085545,0,49.4996495246887,0,108.227517470717,0,60.9770434647799,0,2.10364493727684,0,0,0,272.078606158495,0,16.7520262002945,0,0,165.703421875834,0,0,0,0,0,0,0,39.1961806416512,0,791.044476211071,0,0,0,0,0,9.61111621558666,0,0,377.224447920918,6.53119580447674,783.286672890186,0,13.535076290369
0,3.8650715649128,0,108.244276672602,0,4.96375101804733,0,0,0,0,0,2014.94186840951,0,31.9578111171722,0,0,0.160776898264885,1.19821348041296,147.907800294459,59.4937080442905,0,0,0,0,0,0,0,41.6559743881226,0,64.148746997118,0,0,0,0,0,4.1417832672596,0,360.82796241343,0,16.35221491009,0.393339395523071,794.183197289705,1.08631467819214,7.56050220876932,0,82.6530507579446,2.03388229012489,1.41258469223976,0.717229887843132,60.3947418034077,0,72.1485679745674,0,296.129498839378,0,0.909193724393845,0,0,0,249.0191719383,0,0,679.898727975786,0,0,0,0,0,0,0,128.831100195646,0,147.905991688371,0,0,0,0.806009829044342,0,31.4016513675451,0.12522865831852,57.9515139907598,0,299.757822185755,3.51766844838858,806.335784055293,83.1580072790384,0
0,0,0.862238824367523,0,9.91464447975159,0,6.04772716760635,0,0,0,184.683093130589,0,373.602920174599,0,36.1610716879368,0,0,0,0,0,0,0,0,0,0,0,0,0,68.8853927254677,0,0,0,0,0,0,0,0,0,0,0,0,0,0,0,0,0,0,0,6.30233812332153,0,69.6178691983223,0,34.1881774067879,0,0.657554417848587,0,272.078606158495,0,0,0,79.9791780412197,0,0,0,0,0,0,0,0,0,0,71.2087087035179,0,0,0,0,0,0,0,0,0,0,71.5242637991905,60.4085909128189,8.05243512988091,0,0
0,0,0,4.45137345790863,0,2.120530128479,0,1.11339139938354,0,0,0,515.884998530149,0,301.267393231392,0,3.70201215147972,0,0,0,0,0,0,0,0,0,0,0,215.101510941982,0,0,0,0,0,0,0,0,0,0,0,0,0,1.04540872573853,0,0,0,0,0,0,0,62.7130286097527,0,21.6389789581299,0,8.01906251907349,0,0,0,249.0191719383,0,0,0,119.046265810728,0,0,0,0,0,0,11.2771507501602,0,0,0,0,0,0,0,0,0,0,0,0,0,162.784118950367,1,2.25875301659107,0,0
23.2783946543932,0,0,0,0,0,0,0,82.085732281208,0,0,0,0,0,19.8159024715424,0,0,0,0,0,0,0,0,0,0,0,0,0,0,0,0,0,0,0,0,0,0,0,0,0,0,0,0,0,0,0,0,0,9.78189417719841,0,0,0,0,0,161.170820936561,0,16.7520262002945,0,79.9791780412197,0,0,0,0,0,0,0,0,0,0,0,0,0,0,0,0,0,0,0,0,0,0,0,0,0,14.1656403541565,0,0
0,10.1167998015881,0,0,0,48.27078551054,0,0,0,125.68649315834,0,0,0,0,0,42.6803751140833,0,0,0,0,0,0,0,0.428256928920746,0,8.0916528403759,0,0,0,0,0,0,0,0,0,0,0,0,0,0,0,0,0,0,0,0,0,0,0,133.471967965364,0,0,0,0,0,448.894658118486,0,0,0,119.046265810728,0,0,0,0,0,0,0,0,64.5415157675743,0,1.16443234682083,0,0,0,0,0,0,0,0,0,0,0,277.835059225559,0,0,0,0
0,3.44842408597469,0,24.0081123635173,0,9.09234718978405,0,2.19051058590412,0,0,0,434.768755361438,0,0,0,0,9.8342092782259,10.481566593051,161.657602258027,1060.65133714676,0,0,0,0,0,0,0,0,0,0,0,0,0,0,0,977.746161960065,0,597.686645247042,0,172.838027022779,1.60441353917122,246.812874130905,0,11.6958788335323,0,1027.89582764357,17.6494759619236,6.12587425112724,0.203111961483955,42.6960434168577,0,0,0,10.0708680301905,0,0,0,679.898727975786,0,0,0,0,0,0.691363230347633,0,0,0,0,0,0,0,0,1.70293605327606,0.331925749778748,0,0,1.16320705413818,0,1767.72270908952,11.297065757215,477.518008984625,0,375.094375364482,6.52759332954884,1139.69287771732,19.5537596344948,0
2.13337740302086,0,2.73009103536606,0,0,0,0,0,0,0,98.6575276106596,0,0,0,0,0,3.93425411731005,3.05506998300552,46.4966068044305,0,1357.06746312976,0,0,0,0,0,0,0,0,0,0,0,0,0,0,0,996.021479666233,0,427.199459314346,0.125523924827576,177.452667087317,0.463311314582825,66.1197151169181,1.45463037490845,1.74655073881149,2.09219418466091,1102.14526476711,0.717210739850998,3.96632005274296,0,0.304578065872192,0,0.868778586387634,0,0,0,165.703421875834,0,0,0,0,0,0.691363230347633,0,0,0,0,0,0,0,0,0,0,6.69429941475391,0,0,0,0.377727568149567,0.754978269338608,2250.69951099902,0,404.651054784656,364.595512792468,0.863137975335121,1372.03107961267,0,3.22342589497566
0,0,0,0,0,0,0,0,0,0,0,0,0,0,0,0,0,29.1738263368607,0,0,0,8431.64832563698,30.5771988630295,106.88666498661,0,0,0,81.7304062843323,0,0,0,0,0,0,0,0,0,746.558708146214,0,0,0,0,0,0,0,0,0,0,0,404.865351647139,0,0,0,0,0,0,0,0,0,0,0,0,0,0,0,0,259.580037564039,0,42.4730634689331,0,196.176909357309,0,0,0,0,0,0,0,0,0,557.615150630474,0,563.179355859756,107.257910966873,12.5427888929844,0,0
0,0,0,0,0,0,0,0,0,0,0,0,0,0,0,0,9.22012144327164,0,0,0,0,53.0784499049187,10468.658487916,0,155.536263644695,0,128.936022460461,0,67.4822936654091,0,0,0,0,0,0,0,0,10.1539822816849,330.506992056966,0,0,0,0,0,0,0,0,16.3772515654564,236.405200496316,0,0,0,0,0,0,0,0,0,0,0,0,0,0,0,0,0,0,269.363295212388,0,206.477907478809,0,119.412372261286,0,0,0,0,0,0,0,0,0,1100.99040311575,1381.65658587217,11.1503182053566,28.7671465575695,0,0
0,1.37700200080872,0,0,0,0,0,0,0,60.802454739809,0,0,0,0,0,0,0,0,0,0,0,113.237414568663,0,436.739669501781,0,26.1175065040588,0,0,0,0,0,0,0,0,0,0,0,144.294982910156,0,0,0,24.3531985580921,0,0,0,0,0,11.8047553598881,0,0,0,0,0,0,0,349.717167392373,0,0,0,0,0,0,0,0,259.580037564039,0,0,0,0,0,0,0,0,0,0,0,0,0,0,0,152.19246673584,0,395.051389917731,0.644465029239655,169.596970289946,0,0
0,0,0,0,0,0,0,0,0.851054847240448,0,0,0,0,0,0,0,0,0,0,0,0,0,167.843635722995,0,468.406783536077,0,0,0,0,0,0,0,0,0,0,0,0,0,253.034676119685,0,0,0,0,0,0,0,0,24.0385010242462,3.03767472505569,0,0,0,0,0,442.105722665787,0,0,0,0,0,0,0,0,0,0,269.363295212388,0,0,0,45.3075214028358,0,0,0,0,0,0,0,0,0,0,0,195.742184877396,208.81286406517,0,20.743691444397,0,0
0,0,0,0,0,0,0,0,0,0,0,0,0,0,0,0,0,50.1037136912346,0,0,0,2.40961742401123,0,6.15534621477127,0,278.231724232435,0,147.167808830738,0,0,0,0,0,0,0,0,0,0,0,0,0,0,0,0,0,0,0,0,0,78.8122678101063,0,0,0,0,0,0,0,0,0,11.2771507501602,0,64.5415157675743,0,0,42.4730634689331,0,0,0,0,0,126.682529196143,0,0,0,0,0,0,0,0,0,0,0,155.910338819027,0,0,0,0
0,0,0,0,0,0,0,0,21.5368579030037,0,0,0,0,0,0,0,0,0,0,0,0,0,175.011447161436,0,37.6452345848083,0,89.813026279211,0,21.0165960788727,0,0,0,0,0,0,0,0,0,0,0,0,0,0,0,0,0,0,0,32.9412527680397,0,0,0,0,0,8.45276737213135,0,0,0,0,0,0,0,0,0,0,206.477907478809,0,45.3075214028358,0,0,0,8.20231482386589,0,0,0,0,0,0,0,0,0,0,29.844143897295,0,0,0,0
0,0,0,0,0,0,0,0,0,0,0,3.44698664546013,0,0,0,0,0,0,0,0,0,283.469971895218,0,0,0,5.69214606285095,0,1640.8663431555,0,245.359456449747,0,0,0,0,0,0,0,151.573395878077,0,0,0,0,0,0,0,0,0,0,0,13.7573063969612,0,0,0,0,0,0,0,128.831100195646,0,0,0,1.16443234682083,0,0,196.176909357309,0,0,0,126.682529196143,0,0,0,193.326508656144,0,0,0,0,0,0,0,101.264221042395,0,34.7005659043789,0,0,0,0
0,0,0,0,0,0,0,0,0,0,10.1087188720703,0,25.9789369702339,0,0,0,0,0,0,0,0,0,84.9930903315544,0,0,0,1.57821860909462,0,1547.39332658052,0,92.5705829262733,0,0,0,0,0,0,0,33.8797093629837,0,0,0,3.36677339673042,0,0,0,0,0,20.8276034891605,0,0,0,0,0,0,0,39.1961806416512,0,71.2087087035179,0,0,0,0,0,0,119.412372261286,0,0,0,8.20231482386589,0,0,0,39.0709302276373,0,0,0,0,0,0,0,248.718733534217,89.3993307054043,6.10315108299255,5.88537713885307,0,0
0,0.450613439083099,0,1.37709736824036,0,0,0,0,0,0,0,28.8175798654556,0,0,0,0,0,0,15.1846522986889,0,0,0,0,0,0,0,0,52.6476809978485,0,1065.1045165807,0,0,0,0,0,0,0,138.374222427607,0,0,0,27.5184593498707,0,0,0,2.27525579929352,0,0,0,52.8879972845316,0,0,0,0,0,0,0,147.905991688371,0,0,0,0,1.70293605327606,0,0,0,0,0,0,0,193.326508656144,0,0,0,0,0,0,0,0.467833399772644,0,53.4576641023159,0,8.29766696691513,0,33.9492181688547,10.4359912574291,0
15.8882453143597,0,2.25371396541595,0,0,0,0,0,0,0,189.460691802204,0,0,0,0,0,5.22722793370485,1.09306716918945,48.8977958858013,0,0,0,0,0,0,0,0,0,8.53375965356827,0,144.448331385851,0,0,0,0,0,0.217247828841209,0,88.3683513253927,0,3.98658819496632,0,563.32567679882,0,0,0,5.44715091586113,0,28.7542286515236,0,0,0,0,0,0,0,791.044476211071,0,0,0,0,0,0.331925749778748,6.69429941475391,0,0,0,0,0,0,0,39.0709302276373,0,0,0,0,0,0,0,4.92522370815277,0,38.9662933647633,137.928300134838,4.06843727827072,251.327444583178,0,51.6909816563129
0,0,0,0,0,0,0,0,0,0,0,0,0,0,0,0,0,0,0,0,0,0,0,0,0,0,0,0,0,0,0,1252.78142027557,89.4262582957745,98.5281283557415,0,1096.45559175313,39.4210524559021,0,0,0,0,0,0,0,0,0,0,334.656214132905,0,0.813344389200211,0,0,0,0,0,0,0,0,0,0,0,0,0,0,0,0,0,0,0,0,0,0,0,0,0,44.0280577540398,194.577279835939,0,173.821125209332,0,1.14978520572186,0,496.327044770122,0,0,0,0
0,0,0,0,0,0,0,0,0,0,0,0,0,0,0,0,0,0,0,0,0,0,0,0,0,0,0,0,0,0,0,248.748665452003,1548.70346602798,0,166.522855088115,1.23637814819813,578.282789900899,0,0,0,0,0,0,0,0.184577122330666,0,0,1919.18332874775,3.1932018995285,0,0,0,0,0,0,0,0,0,0,0,0,0,0,0,0,0,0,0,0,0,0,0,0,0,44.0280577540398,0,0,835.705386251211,0,1698.69883130491,0,2.15848822891712,79.9457735568285,0,0,0,0
0,1.33294773101807,0,0,0,0,0,0,0,0,0,0,0,0,0,0,0.16939914226532,0,9.31753100454807,0,0,0,0,0,0,0,0,0,0,0,0,33.0031940340996,0,2244.73019266129,269.621818780899,270.923053875566,0,231.015270605683,0,3.49471275508404,0,7.05326332896948,0,2.68966951966286,0,3.39846038073301,0,741.369757845998,0,39.8021020889282,0,0,0,0,0,0,0,0.806009829044342,0,0,0,0,1.16320705413818,0,0,0,0,0,0,0,0,0,0,0,194.577279835939,0,0,52.8467025458813,846.02795958519,0,544.987411767244,0,570.502142682672,14.1938620060682,7.4341881275177,1.99180027842522,0
0,0,0,0,0,0,0,0,0,0,0,0,0,0,0,0,0,0,2.62045669555664,0,0,0,0,0,0,0,0,0,0,0,0,0,60.6513287723064,688.439540505409,2770.80040489137,0,132.604362219572,21.5790574550629,214.555779412389,0,0,0,0,0,0,0,0.857204794883728,303.339490771294,30.1616601347923,0,0,0,0,0,0,0,0,0,0,0,0,0,0,0.377727568149567,0,0,0,0,0,0,0,0,0,0,0,835.705386251211,52.8467025458813,0,0,643.327755667269,0,536.188225358725,394.51476791501,1.00328457355499,1.14685666561127,0,0
0,124.788060426712,0,30.3594497144222,0,1.38440883159637,0,0,0,4.42670831084251,0,28.8459202051163,0,0,0,0,29.2693570032716,16.3263465836644,1200.51705590636,598.795896045864,0,0,0,0,0,0,0,0,0,0,0,178.26357626915,0,237.18988147378,0,24716.6203298494,367.864840775728,2054.96029355377,0,381.254764035344,4.03443425893784,567.134976573288,2.03660864382982,225.220196858048,0.335528403520584,1404.88888204098,46.7456304952502,939.193320378661,0.939617499709129,359.88866892457,0,0.889252632856369,0,0,0,0,0,31.4016513675451,0,0,0,0,1767.72270908952,0.754978269338608,0,0,0,0,0,0,0,0,0.467833399772644,0,173.821125209332,0,846.02795958519,0,0,63.0900417938828,2614.6794686541,2.0188949406147,3695.59605141729,204.214615426958,1313.83743333817,133.123459070921,0.874581918120384
96.9291428476572,0.708362996578217,6.61207979917526,0,3.84770184755325,0,3.14028212428093,0,0.439516454935074,0,85.1029566675425,0,0,0,0,0,103.022336915135,21.2075575813651,1337.70483988523,0,321.898933067918,0,0,0,0,0,0,0,0,0,0,86.3306083828211,299.940482720733,0,500.953413501382,428.015469759703,22907.3513051122,0,2055.43535319716,8.61020557582378,394.752391695976,15.332475990057,1092.01825896651,2.74329799413681,128.66426885128,12.3301243409514,1910.51745863259,802.071388691664,450.419479861856,0,3.30023413896561,0,0,0,1.84133148193359,0,9.61111621558666,0.12522865831852,0,0,0,0,11.297065757215,2250.69951099902,0,0,0,0,0,0,0,0,0,4.92522370815277,0,1698.69883130491,0,643.327755667269,63.0900417938828,0,0.282843023538589,2714.40541245043,4690.3715441972,204.998040556908,1565.18280503154,1.59150052070618,109.649167656898
