0,0,42.9076692759991,0,0,0,0,0,127.805514037609,0,0,0,0,0,0,0,0.373553305864334,0,71.2942848950624,0,0,0,0,0,0,0,0,0,0,0,0,0,0,0,0,0,5.30164252221584,2.36005905270576,0.256872415542603,0,10.3118074089289,0,74.9950235635042,0,0,0,3.37104393541813,0.265159249305725,194.383235216141,0,0,0,0,0,20.3788977861404,0,0.783411890268326,0,0,0,0,0,0,0,0,0,0,0,0,0,0,0.25281035900116,0,16.1591605842113,0,0,0,0,0,107.034354582429,0,22.4142295718193,190.837899893522,0.34790027141571,403.536643326283,0,1.43858830630779
0,0,0,114.220186531544,0,0,0,0,0,298.362996429205,0,0,0,0,0,0,0.143278077244759,0,35.5440580546856,0,0,0,0,0,0,0,0,0,0,0,0,0,0,0,0,0.186213538050652,0,0,0.252395778894424,0.679733604192734,0,228.95385183394,0,0.510722100734711,0,10.5723208785057,0,4.79586988687515,0,315.085796579719,0,0,0,0,0,398.381505966187,0,39.7954682409763,0,2.59725148975849,0,20.8595620691776,3.19602072238922,0,0,0,0,0,0,0,3.21277019381523,0,5.05443195998669,0,0,0,0,0,33.958356462419,0,2.22202205657959,0,202.296532958746,0,373.419712692499,0,0
42.9076692759991,0,0,0,127.24622772634,0,0,0,71.044937312603,0,0,0,0,0,0,0,0.819268405437469,0,3.33972676098347,0,0,0,0,0,0,0,0,0,0,0,0,0,0,0,0,0,4.35712480545044,0,0,0,3.77656973153353,0,126.065973728895,0,0,0,8.74111800640821,3.56705768406391,108.158752471209,0,73.582477375865,0,0,0,82.5073344707489,0,36.6095000207424,0,45.4551052302122,0,27.7792142033577,0,0,2.26013627648354,0,0,0,0,0,0,0,1.02295382320881,0,75.6314114928246,0,0,0,0,0,11.287646561861,0,9.14478801190853,116.831225588918,2.01721705496311,328.500729203224,0,2.41516330838203
0,114.220186531544,0,0,0,169.021486073732,0,0,0,163.572812616825,0,0,0,0,0,0,0.146435633301735,1.84313359856606,5.72468733042479,51.512864947319,0,0,0,0,0,0,0,0,0,0,0,0,0,0,0,61.0529436171055,0,0,0,10.5770288109779,0,60.1685651242733,0,0.685281716287136,0,18.5701520070434,0,3.99054712057114,0,247.011151790619,0,82.9440180361271,0,0,0,410.322112590075,0,101.065840244293,0,68.2716243565083,0,74.4770123660564,21.7034285068512,0,0,0,0,0,0,0,3.4724839925766,0,17.9560837298632,0,0,0,0,0,47.6079735085368,0,3.66473224014044,0,253.66270942241,0.574302971363068,481.675201497972,3.64678743481636,0
0,0,127.24622772634,0,0,0,4.44360637664795,0,4.26208877563477,0,0,0,0,0,0,0,0.376138299703598,0,1.95225590467453,0,126.151176214218,0,0,0,0,0,0,0,0,0,0,0,0,0,0,0,2.03993621468544,0,0,0,1.8931268453598,0,66.5771753489971,0,0,0,3.50330629944801,2.17992520332336,11.9299418032169,0,362.231106460094,0,3.92831325531006,0,1,0,13.5973992347717,0,0.753619492053986,0,0,0,0,7.12356258928776,0,0,0,0,0,0,0,1.36251044273376,0,40.8510842323303,0,0,0,0,0,5.35182331502438,0,7.93188585340977,100.734437033534,2.80928802490234,128.973811835051,0,1.99527740478516
0,0,0,169.021486073732,0,0,0,0,0,0.921577334403992,0,1.18036806583405,0,0,0,3.20519727468491,0,0.941084280610085,0.523881405591965,100.212484270334,0,0,0,0,0,0,0,0,0,0,0,0,0,0,0,28.979851603508,0,0,0,5.44591388106346,0,32.0366826504469,0.225553900003433,0,0,16.7754475772381,1.00264763832092,5.63913971185684,0,4.77877098321915,0,236.656882867217,0,0,0,0.59400486946106,0,25.4277919828892,0,5.47874146699905,0,52.375644415617,52.4626275151968,0,0,0,0,0,0,0,0.546089589595795,0,8.28446078300476,0,0,0,0,0,20.8475037664175,0,1.0628422498703,0,298.655598163605,0,288.395198762417,1.2130670696497,0
0,0,0,0,4.44360637664795,0,0,0,0,0,0,0,0,0,0,0,0,0,0,0,0,0,0,0,0,0,0,0,0,0,0,0,0,0,0,0,0,0,0,0,0,0,0,0,0,0,0,0,0,0,0,0,4.45732748508453,0,0,0,3,0,0,0,0,0,0,0,0,0,0,0,0,0,0,0,0,0,0,0,0,0,0,0,0,0,0,0,0,0,0
0,0,0,0,0,0,0,0,0,0,0,56.8142026662827,0,0,0,0,0,0,0,0,0,0,0,0,0,0,0,0,0,0,0,0,0,0,0,0,0,0,0,0,0,0,0,0,0,0,0,0,0,0,0,0,0,60.0091490745544,0,0,0,0,0,0,0,0,0,0,0,0,0,0,0,0,0,0,0,0,0,0,0,0,0,0,0,0,2,0,0,0,0
127.805514037609,0,71.044937312603,0,4.26208877563477,0,0,0,0,0,0,0,0,0,28.5950841903687,0,49.1797385811806,1.04798969626427,114.790417566895,0,0,0,0,0,46.8185343444347,0,12.5005102157593,0,0,0,0,0,0,0,0,0,0,0,3.91217586398125,0,0,0,8.37893569469452,0,0,0,0,0,21.4148650169373,0,0,0,0,0,961.810558333993,0,0,0,0,0,79.1705859899521,0,0,0,0,0,0,16.6626914441586,0,0,0,0,0,1.00888955593109,0,0,0,0,0,0,0,45.253424346447,549.058921664953,0,46.4162468910217,0,0
0,298.362996429205,0,163.572812616825,0,0.921577334403992,0,0,0,0,0,0,0,0,0,42.2783171236515,0,1.23248960077763,1.19700133800507,0,0,0,0,11.3244130909443,0,107.386817932129,0,0,0,0,0,0,0,0,0,0.856372654438019,0,84.1184694766998,0.264686167240143,4.08526049554348,0,31.4691921919584,0,0,0,0.699359893798828,0,2.76463493704796,0,9.2332850843668,0,0,0,0,0,682.025533750653,0,2.49150907993317,0,0,0,37.9557419419289,0.410682648420334,0,0,0,31.1755185723305,0,15.5895363092422,0,0,0,2.29136502742767,0,0,0,0,0,1.56840348243713,0,181.325616598129,0,611.764023512602,41.7371548116207,139.654181294143,6.84596030414104,0
0,0,0,0,0,0,0,0,0,0,0,0,119.18469452858,0,0,0,0,0,0,0,242.493799030781,0,0,0,0,0,0,0,0,0,4.75971126556396,0,0,0,0,0,45.3181983232498,0,487.196938037872,0,0,0,0,0,0,0,0,0,0,0,0,0,0,0,0,0,853.951567411423,0,109.120514273643,0,0,0,0,6.37335240840912,0,0,0,0,0,0,0,1,0,4.38109278678894,0,0,0,0,0,0,0,0,21.9301487207413,0,3.09186673164368,0,0
0,0,0,0,0,1.18036806583405,0,56.8142026662827,0,0,0,0,0,107.22946625948,0,0,0,0,0,1480.86736616492,0,0,0,0,0,0,0,19.31809425354,0,129.720576822758,0,0,0,0,0,485.375776439905,0,1072.59721328318,0,0,0,0,0,0,0,0,0,0,0,0,0,0.977133393287659,0,0,0,0,0,1062.45656201243,0,322.660662233829,0,0,141.408657878637,0,0,0,0,0,0,0,12.8766231536865,0,208.632132947445,0,0,0,0,0,51.4351025223732,0,0.928027212619781,0,90.4785883426666,0,0,0,0
0,0,0,0,0,0,0,0,0,0,119.18469452858,0,0,0,44.0557536780834,0,0,0,0,0,0,0,0,0,0,0,1,0,0,0,0,0,0,0,0,0,0,0,0,0,0,0,0,0,0,0,0,0,0,0,0,0,0,0,0,0,4.30958032608032,0,371.951467603445,0,29.4167496263981,0,0,0,0,0,0,0,0,0,0,0,0,0,0,0,0,0,0,0,0,0,82.8292345404625,1,0,0,0
0,0,0,0,0,0,0,0,0,0,0,107.22946625948,0,0,0,14.5727176517248,0,0,0,0,0,0,0,0,0,0,0,10.6985541582108,0,0,0,0,0,0,0,0,0,0,0,0,0,0,0,0,0,0,0,0,0,0,0,0,0,0,0,0,0,0,0,481.922664538026,0,42.8667941391468,0,0,0,0,0,0,0,0,5,0,0,0,0,0,0,0,0,0,0,0,369.055359184742,147.776289641857,0,0,0
0,0,0,0,0,0,0,0,28.5950841903687,0,0,0,44.0557536780834,0,0,0,0,0,0,0,0,0,0,0,0,0,10.5398087501526,0,0,0,0,0,0,0,0,0,0,0,0,0,0,0,0,0,0,0,0,0,0,0,0,0,0,0,0,0,0,0,84.3913019448519,0,77.5062124729156,0,0,0,0,0,0,0,0,0,0,0,0,0,0,0,0,0,0,0,0,0,3.73481178283691,0,0,0,0
0,0,0,0,0,3.20519727468491,0,0,0,42.2783171236515,0,0,0,14.5727176517248,0,0,2.05005025863647,34.4601660072803,1.88197779655457,0,0,0,0,0,0,0,0,0,0,0,0,0,0,0,0,0,0,0,0,0,0,0,0,0,0,0,0,0,0,0,0,0,0,0,0,3.83407479524612,0,0,0,6.72791376709938,0,146.976180866361,0,0,0,0,0,0,0,0,0,0,0,0,0,0,0,0,0,0,0,0,22.7289518713951,0,0,0,0
0.373553305864334,0.143278077244759,0.819268405437469,0.146435633301735,0.376138299703598,0,0,0,49.1797385811806,0,0,0,0,0,0,2.05005025863647,0,20667.7731614634,5971.38437239826,0,0,78.0003719627857,71.3021464943886,0,29.3017947077751,34.7906643897295,873.806234151125,0,0,0,0,0,0,0,0,7.75628097355366,5.07945643365383,0,0.124831400811672,52.0444417819381,73.3627543225884,89.1475611627102,218.240313082933,4.20633965730667,0,31.2092422991991,166.502740457654,0,1.43289791047573,1.46702422201633,0.22288990020752,0,0,0,0,0,1.80410407483578,0,0,0,0.861091136932373,0,6.77669574320316,36.1862024664879,0,2.34628283977509,0,0,2.75784081220627,41.9103402495384,0,0,6.16423979401588,23.6445812806487,0,0,0,0,86.6527747064829,211.888708263636,61.1638092398643,119.00825689733,7274.45068520308,1232.77374079823,190.446286201477,25.494167894125,61.3756041303277
0,0,0,1.84313359856606,0,0.941084280610085,0,0,1.04798969626427,1.23248960077763,0,0,0,0,0,34.4601660072803,20667.7731614634,0,4891.64343579859,0,0,142.284890860319,6.67903900146484,2.18331551551819,0,274.914010614157,28.3527261316776,0,0,0,0,0,0,0,0,12.1614554971457,1.20484612882137,0,0,74.8453435450792,16.7984359264374,118.17816580832,35.2171451598406,9.18007315695286,0,45.9993542730808,30.4239540249109,0,1.4425128698349,3.56695875525475,0,0,0,0,0,0,1.41626501083374,0.547123193740845,0,0.198557868599892,0,4.48149365186691,9.58633825927973,5.48727113753557,30.2650801539421,0,0,0,12.8577592670918,0,0,0,9.92918102443218,3.61548942327499,0,0,0,0,112.836228840053,36.9389697536826,85.844408839941,36.3590186238289,8544.15891788155,4827.3868150115,96.66268196702,30.2549577355385,6.08778001368046
71.2942848950624,35.5440580546856,3.33972676098347,5.72468733042479,1.95225590467453,0.523881405591965,0,0,114.790417566895,1.19700133800507,0,0,0,0,0,1.88197779655457,5971.38437239826,4891.64343579859,0,0.416679471731186,0,0.551464855670929,0,0,0,8.13236466050148,13.0475160032511,0,0,0,0,0,0,0,0,112.105317130685,24.6007869616151,0.907980740070343,5.53299427032471,688.776966437697,360.598940163851,1014.37322753668,828.765193067491,540.010288208723,50.8721708059311,416.021169699728,785.83102466166,0,9.98869885504246,27.5347674190998,0,0.301119387149811,0,0,0,2.2468905299902,11.3151689171791,3.72880132496357,0.168332695960999,0,0,0,150.499494433403,152.937737241387,0,0,0,0,1.187321215868,0,1.83320926874876,0.763888835906982,123.448977321386,203.575775504112,0,0,0,0,1740.25106910616,1713.79687163979,812.707575343549,750.394710548222,5296.70010875165,98.302713945508,1626.3577324152,318.665224693716,250.551320753992
0,0,0,51.512864947319,0,100.212484270334,0,0,0,0,0,1480.86736616492,0,0,0,0,0,0,0.416679471731186,0,0,0,0,0,0,0,0,0,0,0,0,0,0,0,0,813.376976519823,0,61.6757706403732,0,0,0,8.18354988098145,0,0,0,1.55328643321991,0,0,0,2.17214405536652,0,12.3169678449631,0,0,0,0,0,23.9292627722025,0,1.79329776763916,0,0,1126.40970489383,0,0,0,0,0,0,0,1.3425360918045,0,1.47897467017174,0,0,0,0,0,115.658373355865,0,1.06873798370361,0,142.927203774452,0,105.541892796755,0,0
0,0,0,0,126.151176214218,0,0,0,0,0,242.493799030781,0,0,0,0,0,0,0,0,0,0,0,0,0,0,0,0,0,0,0,0,0,0,0,0,0,1094.37173500657,0,198.217545986176,0,0,0,1.38040578365326,0,0,0,0.289784103631973,0,0,0,164.871125996113,0,0,0,0,0,557.271867752075,0,0,0,0,0,0,570.897695526481,0,0,0,0,0,0,0,0,0,0.515189230442047,0,0,0,0,0,91.610029488802,0,17.2160116732121,121.608526065946,5.59546756744385,117.736331820488,0,0
0,0,0,0,0,0,0,0,0,0,0,0,0,0,0,0,78.0003719627857,142.284890860319,0.551464855670929,0,0,0,911.389873415232,143.841383457184,0,8.20140668749809,0,95.084382712841,0,0,0,0,0,0,0,0,0,1958.19046574831,0,0,0,0,0,0,0,0,0,0,0.777739822864532,79.9281382262707,0,0,0,0,0,0,0,0,0,0,0,0,0,0,10615.7749647051,0.782347679138184,364.956371366978,0,43.6264075040817,0,248.038061410189,0,0,0,0,0,0,0,0,0,1257.14197313786,0,1331.48779883981,242.764340370893,0,0,0
0,0,0,0,0,0,0,0,0,0,0,0,0,0,0,0,71.3021464943886,6.67903900146484,0,0,0,911.389873415232,0,0,0,0,8.21466684341431,0,57.8854726850986,0,0,0,0,0,0,0,0,0,463.012888550758,0,0,0,0,0,0,0,0,0.611439943313599,446.010353088379,0,0,0,0,0,0,0,0,0,0,0,0,0,0,0,21.2777068018913,8923.340756163,0,165.620331525803,0,4.62251979112625,0,4.88821575045586,0,0,0,0,0,0,0,0,0,316.133506059647,1677.42672070861,186.479390263557,0,0,0
0,0,0,0,0,0,0,0,0,11.3244130909443,0,0,0,0,0,0,0,2.18331551551819,0,0,0,143.841383457184,0,0,0,13.9538848102093,0,0,0,0,0,0,0,0,0,0,0,821.614216536283,0,0,0,0.334975078701973,0,0,0,0,0,1.72802230715752,0,0.518750935792923,0,0,0,0,0,84.0976960062981,0,0,0,0,0,0,0,0,24.4894921183586,0,554.783743441105,0,38.5478449165821,0,1.95579618215561,0,0,0,0,0,0,0,0,0,327.431906193495,0,44.4596787393093,0,2.62315231561661,0.344536602497101,0
0,0,0,0,0,0,0,0,46.8185343444347,0,0,0,0,0,0,0,29.3017947077751,0,0,0,0,0,0,0,0,0,308.036181569099,0,0,0,0,0,0,0,0,0,0,0,178.344662427902,0,0,0,0,0,0,0,0,0,0,0,0,0,0,0,209.544079691172,0,0,0,0,0,0,0,0,0,0,0,0,221.886958926916,0,177.639267474413,0,0,0,0,0,0,0,0,0,0,0,140.341589987278,6,0,5.65990805625916,0,0
0,0,0,0,0,0,0,0,0,107.386817932129,0,0,0,0,0,0,34.7906643897295,274.914010614157,8.13236466050148,0,0,8.20140668749809,0,13.9538848102093,0,0,0,124.161320626736,0,0,0,0,0,0,0,0,0,0,0,0,0,0,0,0,0,0,0,0,0,0,0,0,0,0,0,0,0,0,0,0,0,0,0,0,26.2880690097809,0,1.60289046168327,0,462.161339849234,0,0,0,0,0,0,0,0,0,0,0,0,0,89.2780043780804,0,0.221058130264282,0,0
0,0,0,0,0,0,0,0,12.5005102157593,0,0,0,1,0,10.5398087501526,0,873.806234151125,28.3527261316776,13.0475160032511,0,0,0,8.21466684341431,0,308.036181569099,0,0,0,643.306058555841,0,0,0,0,0,0,0,0,0,0,0,0,0,0.793911635875702,0,0,0,0,0,0,0,0,0,0,0,0,0,0,0,0,0,76.7410197257996,0,0,0,0,0,0,13.20421692729,0,346.513095974922,0,21.9512660503387,0,0,0,0,0,0,0.176819160580635,0,0,0,168.674615651369,1.87740629911423,0,0,0
0,0,0,0,0,0,0,0,0,0,0,19.31809425354,0,10.6985541582108,0,0,0,0,0,0,0,95.084382712841,0,0,0,124.161320626736,0,0,0,121.960062980652,0,0,0,0,0,0,0,3.42452728748322,0,0,0,0,0,0,0,0,0,0,0,0,0,0,0,0,0,0,0,0,0,12.4394009709358,0,0,0,0,21.8503115773201,0,0,0,38.2156730890274,0,500.825106605887,0,24.4816062450409,0,0,0,0,0,0,0,10.6481671333313,0,135.313302636147,0,0,0,0
0,0,0,0,0,0,0,0,0,0,0,0,0,0,0,0,0,0,0,0,0,0,57.8854726850986,0,0,0,643.306058555841,0,0,0,12.2284795641899,0,0,0,0,0,0,0,1,0,0,0,0,0,0,0,0,0,0,0,0,0,0,0,0,0,0,0,0,0,0,0,0,0,0,61.7876621186733,0,0,0,143.964657515287,0,270.778956919909,0,20.9839298725128,0,0,0,0,0,0,0,0,22.8557419776917,7,0,0,0
0,0,0,0,0,0,0,0,0,0,0,129.720576822758,0,0,0,0,0,0,0,0,0,0,0,0,0,0,0,121.960062980652,0,0,0,0,0,0,0,0,0,303.307756513357,0,0,0,0,0,0,0,0,0,0,0,0,0,0,0,0,0,0,0,21.4295751154423,0,1,0,0,0,0,0,0,0,0,0,0,492.096915245056,0,464.811156749725,0,0,0,0,0,0,0,1.00678014755249,0,7.69838225841522,0,0,0,0
0,0,0,0,0,0,0,0,0,0,4.75971126556396,0,0,0,0,0,0,0,0,0,0,0,0,0,0,0,0,0,12.2284795641899,0,0,0,0,0,0,0,0,0,57.000443816185,0,0,0,0,0,0,0,0,0,0,0,0,0,0,0,0,0,0,0,0,0,0,0,0,0,0,0,0,0,0,0,0,4,0,119.887615084648,0,0,0,0,0,0,0,14.5921328365803,112.382048845291,4.49820399284363,0,0,0
0,0,0,0,0,0,0,0,0,0,0,0,0,0,0,0,0,0,0,0,0,0,0,0,0,0,0,0,0,0,0,0,325.117793649435,81.8247945606709,0,158.790065318346,4.69266033172607,0,0,0,0,0,0,0,0,0,0,1424.15614826977,1.68981927633286,0,0,0,0,0,0,0,0,0,0,0,0,0,0,0,0,0,0,0,0,0,0,0,0,0,764.596608757973,95.236821949482,35.1345950961113,0,145.118807256222,1.04275411367416,0,0,99.3254440426826,0,0,0,0
0,0,0,0,0,0,0,0,0,0,0,0,0,0,0,0,0,0,0,0,0,0,0,0,0,0,0,0,0,0,0,325.117793649435,0,0,26.4771397709846,12.5030442178249,115.944400787354,0,0,0,0,0,0,0,0,0,0,1107.36914007366,6.61324626207352,0,0,0,0,0,0,0,0,0,0,0,0,0,0,0,0,0,0,0,0,0,0,0,0,0,48.675163179636,303.67574210465,0,13.9118365347385,9.073999106884,187.403459578753,0,0,30.8033341169357,0,0,0,0
0,0,0,0,0,0,0,0,0,0,0,0,0,0,0,0,0,0,0,0,0,0,0,0,0,0,0,0,0,0,0,81.8247945606709,0,0,1243.21686762571,202.072067648172,0,302.065077841282,94.5585407614708,0,0,0,0,0,0,0,0,5860.04709090292,159.016510277987,6.35381776094437,0,0,0,0,0,0,0,0,0,0,0,0,0,0,0,0,0,0,0,0,0,0,0,0,62.121021464467,0,1029.70646905899,52.0322186350822,58.6776780188084,0,18.9154726862907,39.4778180122375,222.220895349979,9.26111149787903,1.69700202345848,0,0
0,0,0,0,0,0,0,0,0,0,0,0,0,0,0,0,0,0,0,0,0,0,0,0,0,0,0,0,0,0,0,0,26.4771397709846,1243.21686762571,0,0,136.422781467438,20.2394669353962,48.1973430067301,0,0,0,0,0,0,0,0,5743.53667496145,20.3810588717461,15.6987284719944,0,0,0,0,0,0,0,0,0,0,0,0,0,0,0,0,0,0,0,0,0,0,0,0,0,127.598615407944,672.647447794676,1333.58064836264,1.35687500238419,35.3754006624222,3.01483181118965,245.901309460402,4.48092609643936,6.66348552703857,0,0,0
0,0.186213538050652,0,61.0529436171055,0,28.979851603508,0,0,0,0.856372654438019,0,485.375776439905,0,0,0,0,7.75628097355366,12.1614554971457,112.105317130685,813.376976519823,0,0,0,0,0,0,0,0,0,0,0,158.790065318346,12.5030442178249,202.072067648172,0,0,533.69192430377,957.992597997189,0,16.3026930615306,0,38.8216453567147,0.116091631352901,26.7677049934864,0,28.1670284792781,0,240.427584022284,0,2.78464920818806,0,19.8266400694847,0,0,0,0,0,2.97505551576614,0,7.87153241038322,0,0,1021.20589576662,0,0,0,0,0,0,0,1.30338762700558,0,3.29539310932159,0,392.244856953621,2.72869846224785,287.698824971914,0,10530.3823773637,877.470889776945,892.036734953523,0,1297.71593029797,299.817841932178,135.94924274832,44.9154206141829,0
5.30164252221584,0,4.35712480545044,0,2.03993621468544,0,0,0,0,0,45.3181983232498,0,0,0,0,0,5.07945643365383,1.20484612882137,24.6007869616151,0,1094.37173500657,0,0,0,0,0,0,0,0,0,0,4.69266033172607,115.944400787354,0,136.422781467438,533.69192430377,0,0,475.347326800227,0,2.58561907708645,0,21.075051933527,0,0.834976583719254,0,56.6559677496552,369.382065623999,70.4181808829308,0,15.5147935897112,0,0,0,0,0,431.386689692736,0,0.637539207935333,0,0,0,0,285.700266189873,0,0,0,0,0,0,0,0,0,3.17641230672598,1.32976353168488,60.0134484767914,0,120.111894309521,144.014137685299,8487.91251613945,0.342453747987747,1109.33586057276,1068.28301161528,194.665950596333,368.76053853333,0,9.16185197979212
2.36005905270576,0,0,0,0,0,0,0,0,84.1184694766998,0,1072.59721328318,0,0,0,0,0,0,0.907980740070343,61.6757706403732,0,1958.19046574831,0,821.614216536283,0,0,0,3.42452728748322,0,303.307756513357,0,0,0,302.065077841282,20.2394669353962,957.992597997189,0,0,404.219576090574,0.194733962416649,0,5.57772697508335,0,0.400229409337044,0,0.666252300143242,0,1204.07687529922,52.099248200655,244.873190104961,0,0,0,0,0,88.1246117800474,0,530.476318567991,0,0,0,0,38.564768075943,0,746.513409182429,0,1422.30866362154,0,0.258813291788101,0,152.002286940813,0,410.578526616096,0,0,0,144.530462861061,1.13421005010605,404.526617646217,0,11115.4008043408,21.2688294947147,2526.47560578585,271.43080842495,73.4882467836142,0.495166078209877,0
0.256872415542603,0.252395778894424,0,0,0,0,0,0,3.91217586398125,0.264686167240143,487.196938037872,0,0,0,0,0,0.124831400811672,0,5.53299427032471,0,198.217545986176,0,463.012888550758,0,178.344662427902,0,0,0,1,0,57.000443816185,0,0,94.5585407614708,48.1973430067301,0,475.347326800227,404.219576090574,0,0,0.87712574005127,0.865051336586475,6.09018278121948,0,0,0,6.33083088696003,2043.55020669103,381.662620872259,11.4256118834019,0,0,0,0,38.2341947555542,0,637.523849844933,0,0,0,0,0,0,47.2496263384819,0,584.226034283638,0,1309.93230967224,0,0,0,0,0,97.646214723587,0,0,0,116.344358190894,0,249.540587708354,12.7177251279354,10714.2162521034,1872.23377633095,428.924432098866,106.713260576129,0,0
0,0.679733604192734,0,10.5770288109779,0,5.44591388106346,0,0,0,4.08526049554348,0,0,0,0,0,0,52.0444417819381,74.8453435450792,688.776966437697,0,0,0,0,0,0,0,0,0,0,0,0,0,0,0,0,16.3026930615306,0,0.194733962416649,0,0,2.99383044242859,2043.53111245483,15.4384031668305,45.6015928313136,0,252.254289917648,11.3842105194926,114.95775526762,0,73.2218287959695,0,3.16794903576374,0,0,0,0.565471231937408,0.134598836302757,9.40692333877087,0,0.362076193094254,0,0.44593134522438,98.0208303257823,1.81650805473328,0,0,0,0,0,0,1.61709800362587,0,40.1150657832623,0,0,0,0,0,362.499705523252,9.07573369145393,109.339787214994,4.02987839281559,454.913597419858,0,887.156237311661,123.35339140147,2.41579765826464
10.3118074089289,0,3.77656973153353,0,1.8931268453598,0,0,0,0,0,0,0,0,0,0,0,73.3627543225884,16.7984359264374,360.598940163851,0,0,0,0,0,0,0,0,0,0,0,0,0,0,0,0,0,2.58561907708645,0,0.87712574005127,2.99383044242859,0,6.1897939145565,1036.92048142105,0,0.867677211761475,1.829121991992,362.753270715475,2.94226294755936,131.081560924649,0,0.570147454738617,0,0,0,0.469196677207947,0,5.04387613385916,0,0.312585353851318,0,0,0,0.174612209200859,142.927511230111,0,0,0,0,0,0,0,0.683425098657608,0.142555579543114,25.9230057150126,0,0,0,0,0.266441524028778,728.946020796895,0.149541139602661,35.7373064532876,190.360388852656,2.44829580187798,656.490906305611,0.392121165990829,125.03338868171
0,228.95385183394,0,60.1685651242733,0,32.0366826504469,0,0,0,31.4691921919584,0,0,0,0,0,0,89.1475611627102,118.17816580832,1014.37322753668,8.18354988098145,0,0,0,0.334975078701973,0,0,0,0,0,0,0,0,0,0,0,38.8216453567147,0,5.57772697508335,0.865051336586475,2043.53111245483,6.1897939145565,0,321.933353208005,23.4476078376174,0,275.448004804552,7.09738858044147,20.1728218644857,0.64208035171032,732.114072144032,0,13.729704067111,0,0,0,12.0728497505188,0.847519993782043,318.385981053114,0,2.20136257261038,0,4.05660371482372,184.751733891666,0.323245003819466,0,0,0,0,0,0,48.9399431273341,0,1112.05908949673,1.33203196525574,0,0,0,0,1183.90161187202,17.2804466634989,499.997018910944,8.9074285775423,2203.2524395436,7.17755247652531,3129.69344582409,875.412443354726,6.48493898659945
74.9950235635042,0,126.065973728895,0,66.5771753489971,0.225553900003433,0,0,8.37893569469452,0,0,0,0,0,0,0,218.240313082933,35.2171451598406,828.765193067491,0,1.38040578365326,0,0,0,0,0,0.793911635875702,0,0,0,0,0,0,0,0,0.116091631352901,21.075051933527,0,6.09018278121948,15.4384031668305,1036.92048142105,321.933353208005,0,3.8058967590332,0,7.94557051360607,885.816686674953,69.9204960614443,233.387619405985,0,24.9500237554312,0,0,0,11.9045442789793,0,290.342091739178,0,40.7953670173883,0,2.06641815602779,0,1.78304734826088,295.960503168404,0,0,0,0,0,0,0,83.5524963140488,1.99550135433674,1231.31502081454,0,0,0,0,13.9787486493587,1570.70385865867,9.18100197613239,620.355818040669,1620.80074027181,55.5224187970161,2863.29862869531,5.89032404124737,483.856596760452
0,0.510722100734711,0,0.685281716287136,0,0,0,0,0,0,0,0,0,0,0,0,4.20633965730667,9.18007315695286,540.010288208723,0,0,0,0,0,0,0,0,0,0,0,0,0,0,0,0,26.7677049934864,0,0.400229409337044,0,45.6015928313136,0,23.4476078376174,3.8058967590332,0,0,28.1585762947798,2.15382567048073,0,0,0.515223652124405,0,0,0,0,0,0,0,0.771722257137299,0,0,0,0,3.28334784507751,0,0,0,0,0,0,0,0,0,22.4651090800762,0,0,0,0,0,238.559882499278,8.41862058639526,327.840915188193,0,37.9703283011913,0,86.6933670341969,6.48170959949493,0
0,0,0,0,0,0,0,0,0,0,0,0,0,0,0,0,0,0,50.8721708059311,0,0,0,0,0,0,0,0,0,0,0,0,0,0,0,0,0,0.834976583719254,0,0,0,0.867677211761475,0,0,0,0,0,0,0,0,0,0,0,0,0,0,0,0,0,0,0,0,0,0,0,0,0,0,0,0,0,0,0,0,0,0,0,0,0,0,16.843059271574,0,7.05251127481461,0.666674137115479,0,12.9586833715439,0,0
0,10.5723208785057,0,18.5701520070434,0,16.7754475772381,0,0,0,0.699359893798828,0,0,0,0,0,0,31.2092422991991,45.9993542730808,416.021169699728,1.55328643321991,0,0,0,0,0,0,0,0,0,0,0,0,0,0,0,28.1670284792781,0,0.666252300143242,0,252.254289917648,1.829121991992,275.448004804552,7.94557051360607,28.1585762947798,0,0,7.67609640955925,0,0,13.4311129003763,0,9.93827833235264,0,0,0,9.05028104782104,0,7.52981925010681,0,1.80952721834183,0,0.577983289957047,1708.77676863223,1.26712024211884,0,0,0,0,0,0,0.61231592297554,0,137.459384135902,1.29144251346588,0,0,0,0,979.882474988699,6.9461730197072,479.90508672595,5.09106969833374,269.602630198002,0,759.886761084199,23.7590642422438,0
3.37104393541813,0,8.74111800640821,0,3.50330629944801,1.00264763832092,0,0,0,0,0,0,0,0,0,0,166.502740457654,30.4239540249109,785.83102466166,0,0.289784103631973,0,0,0,0,0,0,0,0,0,0,0,0,0,0,0,56.6559677496552,0,6.33083088696003,11.3842105194926,362.753270715475,7.09738858044147,885.816686674953,2.15382567048073,0,7.67609640955925,0,1.51159811019897,16.7277853935957,0,3.58189450204372,0,0,0,0,0,11.807823382318,0.295858293771744,0.835096873342991,0,0.127918764948845,0,0.381545051932335,540.264068350196,0,0,0,0,0,0,0,2.00312529504299,0.453362807631493,104.815035633743,0,0,0,0,12.1670045107603,764.47596283257,2.3418997824192,678.905037015676,505.987671419978,22.4860262721777,606.267110958695,1.7857406437397,26.4833949059248
0.265159249305725,4.79586988687515,3.56705768406391,3.99054712057114,2.17992520332336,5.63913971185684,0,0,0,2.76463493704796,0,0,0,0,0,0,0,0,0,0,0,0,0.611439943313599,1.72802230715752,0,0,0,0,0,0,0,1424.15614826977,1107.36914007366,5860.04709090292,5743.53667496145,240.427584022284,369.382065623999,1204.07687529922,2043.55020669103,114.95775526762,2.94226294755936,20.1728218644857,69.9204960614443,0,0,0,1.51159811019897,0,4894.55637910962,1235.55042904615,0.288768947124481,1.33158551156521,0,0,0,0.696754217147827,0.760018303990364,0.963598847389221,0.72691884636879,1.55038380622864,0,0,0,0,0.895570456981659,0,5.14690923690796,0,0,0,0,0.472142338752747,1.17777015268803,0.606338173151016,2350.17990864813,2343.75564812124,1253.80587923527,349.162338912487,3020.71176497638,1429.68167823553,191.847362756729,302.447969153523,656.322810515761,8.40045201778412,662.952857613564,0.30608943104744,0
194.383235216141,0,108.158752471209,0,11.9299418032169,0,0,0,21.4148650169373,0,0,0,0,0,0,0,1.43289791047573,1.4425128698349,9.98869885504246,0,0,0.777739822864532,446.010353088379,0,0,0,0,0,0,0,0,1.68981927633286,6.61324626207352,159.016510277987,20.3810588717461,0,70.4181808829308,52.099248200655,381.662620872259,0,131.081560924649,0.64208035171032,233.387619405985,0,0,0,16.7277853935957,4894.55637910962,0,183.056743040681,9.08982653915882,0,0,0,104.459372878075,0,35.2999175190926,0,10.5920410603285,0,0.257544249296188,0,0,1.35502554476261,0,223.126029923558,0.284310787916183,70.2018207609653,0,0,0,43.2255075573921,0,97.4207385927439,4.30397474765778,33.0252766609192,38.1479043066502,4.65958189964294,39.3481405079365,875.440663561225,10.8379984498024,216.949352219701,365.748642370105,1.72148145735264,1274.94294609129,0,8.12950274348259
0,315.085796579719,0,247.011151790619,0,4.77877098321915,0,0,0,9.2332850843668,0,0,0,0,0,0,1.46702422201633,3.56695875525475,27.5347674190998,2.17214405536652,0,79.9281382262707,0,0.518750935792923,0,0,0,0,0,0,0,0,0,6.35381776094437,15.6987284719944,2.78464920818806,0,244.873190104961,11.4256118834019,73.2218287959695,0,732.114072144032,0,0.515223652124405,0,13.4311129003763,0,1235.55042904615,183.056743040681,0,0,3.46738335490227,0,0,0,35.4370268732309,0,46.2120857909322,0,14.7813400328159,0,43.5997914969921,5.1389045715332,0,52.9067074209452,0,33.9185282886028,0,1.29709339141846,0,88.0483071208,0,76.9305729269981,0.41753026843071,0,0,45.017696082592,2.5719228386879,193.045955464244,1.26909166574478,573.299284353852,3.80752669274807,361.78172146529,0.648808568716049,677.046866066754,45.7738492786884,0
0,0,73.582477375865,0,362.231106460094,0,0,0,0,0,0,0,0,0,0,0,0.22288990020752,0,0,0,164.871125996113,0,0,0,0,0,0,0,0,0,0,0,0,0,0,0,15.5147935897112,0,0,0,0.570147454738617,0,24.9500237554312,0,0,0,3.58189450204372,0.288768947124481,9.08982653915882,0,0,0,0,0,3.32882383465767,0,30.2985848337412,0,7.22159920632839,0,7.63472256064415,0,0,58.410406306386,0,0,0,0,0,0,0,0,0,24.2927996218204,0,0,0,0,0,16.6458324342966,0,4.08454425632954,307.036667302251,0,214.505392998457,0,0.231090053915977
0,0,0,82.9440180361271,0,236.656882867217,0,0,0,0,0,0.977133393287659,0,0,0,0,0,0,0.301119387149811,12.3169678449631,0,0,0,0,0,0,0,0,0,0,0,0,0,0,0,19.8266400694847,0,0,0,3.16794903576374,0,13.729704067111,0,0,0,9.93827833235264,0,1.33158551156521,0,3.46738335490227,0,0,0,0,0,3.65950846672058,0,8.28803667426109,0,0,0,47.3616939783096,25.4392763376236,0,0,0,0,0,0,0,0,0,1.78998464345932,0,0,0,0,0,27.0299087166786,0,0,0,44.2073335796595,0,81.7443984299898,0.510070353746414,0
0,0,0,0,3.92831325531006,0,4.45732748508453,0,0,0,0,0,0,0,0,0,0,0,0,0,0,0,0,0,0,0,0,0,0,0,0,0,0,0,0,0,0,0,0,0,0,0,0,0,0,0,0,0,0,0,0,0,0,0,0,0,5.34790229797363,0,0,0,0,0,0,0,0,0,0,0,0,0,0,0,0,0,0,0,0,0,0,0,0,0,0,0,0,0,0
0,0,0,0,0,0,0,60.0091490745544,0,0,0,0,0,0,0,0,0,0,0,0,0,0,0,0,0,0,0,0,0,0,0,0,0,0,0,0,0,0,0,0,0,0,0,0,0,0,0,0,0,0,0,0,0,0,0,0,0,0,0,0,0,0,0,0,0,0,0,0,0,0,0,0,0,0,0,0,0,0,0,0,0,0,0,0,0,0,0
20.3788977861404,0,82.5073344707489,0,1,0,0,0,961.810558333993,0,0,0,0,0,0,0,0,0,0,0,0,0,0,0,209.544079691172,0,0,0,0,0,0,0,0,0,0,0,0,0,38.2341947555542,0,0.469196677207947,0,11.9045442789793,0,0,0,0,0,104.459372878075,0,3.32882383465767,0,0,0,0,0,1.63146506249905,0,1.26501053571701,0,162.395927995443,0,0,0.310944020748138,0,0,0,85.4743376970291,0,0,0,0.184162974357605,0,17.0459752231836,0,0,0,0,0,0.152647525072098,0,107.119013696909,37.6461614370346,0,37.1042654365301,0,0
0,398.381505966187,0,410.322112590075,0,0.59400486946106,0,0,0,682.025533750653,0,0,0,0,0,3.83407479524612,0,0,2.2468905299902,0,0,0,0,84.0976960062981,0,0,0,0,0,0,0,0,0,0,0,0,0,88.1246117800474,0,0.565471231937408,0,12.0728497505188,0,0,0,9.05028104782104,0,0.696754217147827,0,35.4370268732309,0,3.65950846672058,0,0,0,0,0,1.50697094202042,0,0,0,13.2651203870773,0,0,0,0,181.077745199203,0,0,0,0.779733538627625,0,6.84848676621914,0,0,0,0,0,0.314859688282013,0,274.908758744597,0,5.81672596931458,0,79.1824579685926,0.35856232047081,0
0.783411890268326,0,36.6095000207424,0,13.5973992347717,0,3,0,0,0,853.951567411423,0,4.30958032608032,0,0,0,1.80410407483578,1.41626501083374,11.3151689171791,0,557.271867752075,0,0,0,0,0,0,0,0,0,0,0,0,0,0,0,431.386689692736,0,637.523849844933,0.134598836302757,5.04387613385916,0.847519993782043,290.342091739178,0,0,0,11.807823382318,0.760018303990364,35.2999175190926,0,30.2985848337412,0,5.34790229797363,0,1.63146506249905,0,0,0,267.538381427526,0,52.2322365939617,0,0,485.573205538094,0,0,0,0,0,0,0,199.540953293443,0,632.077136546373,0,0,0,0,1.71312701702118,41.2146073132753,0,13.6629771441221,188.466235980392,3.7840531617403,1289.94763236493,0,22.2987116277218
0,39.7954682409763,0,101.065840244293,0,25.4277919828892,0,0,0,2.49150907993317,0,1062.45656201243,0,0,0,0,0,0.547123193740845,3.72880132496357,23.9292627722025,0,0,0,0,0,0,0,0,0,21.4295751154423,0,0,0,0,0,2.97505551576614,0,530.476318567991,0,9.40692333877087,0,318.385981053114,0,0.771722257137299,0,7.52981925010681,0.295858293771744,0.963598847389221,0,46.2120857909322,0,8.28803667426109,0,0,0,1.50697094202042,0,0,0,141.113790512085,0,19.4541472196579,411.721144631505,0,0,0,2.65149235725403,0,19.2716856002808,0,429.946680918336,0,620.695490814745,0,0,0,0,0,23.9162873029709,0,57.4016850441694,0,139.380300536752,0.537832260131836,564.291346587241,48.6673975661397,0
0,0,45.4551052302122,0,0.753619492053986,0,0,0,0,0,109.120514273643,0,371.951467603445,0,84.3913019448519,0,0,0,0.168332695960999,0,0,0,0,0,0,0,0,0,0,0,0,0,0,0,0,0,0.637539207935333,0,0,0,0.312585353851318,0,40.7953670173883,0,0,0,0.835096873342991,0.72691884636879,10.5920410603285,0,7.22159920632839,0,0,0,1.26501053571701,0,267.538381427526,0,0,0,173.202931374311,0,0,0.488290227949619,0,0,0,0,0,0,0,1.19839933514595,0,25.1737533062696,0,0,0,0,0,0.889377243816853,0,2.6863918453455,46.6056315898895,0.768622756004333,125.759701058269,0,0.818317443132401
0,2.59725148975849,0,68.2716243565083,0,5.47874146699905,0,0,0,0,0,322.660662233829,0,481.922664538026,0,6.72791376709938,0,0.198557868599892,0,1.79329776763916,0,0,0,0,0,0,0,12.4394009709358,0,1,0,0,0,0,0,7.87153241038322,0,0,0,0.362076193094254,0,2.20136257261038,0,0,0,1.80952721834183,0,1.55038380622864,0,14.7813400328159,0,0,0,0,0,0,0,141.113790512085,0,0,0,149.657531678677,18.4706495702267,0,0,0,0,0,1.4985978603363,0,68.9190016388893,0,0,0,0,0,0,0,11.7869318723679,0,0,0,93.3571874797344,87.116707444191,56.3975463062525,0,0
0,0,27.7792142033577,0,0,0,0,0,79.1705859899521,0,0,0,29.4167496263981,0,77.5062124729156,0,0.861091136932373,0,0,0,0,0,0,0,0,0,76.7410197257996,0,0,0,0,0,0,0,0,0,0,0,0,0,0,0,2.06641815602779,0,0,0,0.127918764948845,0,0.257544249296188,0,7.63472256064415,0,0,0,162.395927995443,0,52.2322365939617,0,173.202931374311,0,0,0,0,0.18462972342968,0,0,0,0,0,154.525892078876,0,5.75227427482605,0,3.404740691185,0,0,0,0,0,0,0,0.234379693865776,0.663807436823845,0,6.29973502457142,0,0
0,20.8595620691776,0,74.4770123660564,0,52.375644415617,0,0,0,37.9557419419289,0,0,0,42.8667941391468,0,146.976180866361,0,4.48149365186691,0,0,0,0,0,0,0,0,0,0,0,0,0,0,0,0,0,0,0,0,0,0.44593134522438,0,4.05660371482372,0,0,0,0.577983289957047,0,0,0,43.5997914969921,0,47.3616939783096,0,0,0,13.2651203870773,0,19.4541472196579,0,149.657531678677,0,0,0,0,0,0,0,0,11.9592102766037,0,0,0,0,0,0,0,0,0,0.825050890445709,0,0,0,2.73623466491699,0,19.0860807001591,0,0
0,3.19602072238922,0,21.7034285068512,0,52.4626275151968,0,0,0,0.410682648420334,0,141.408657878637,0,0,0,0,6.77669574320316,9.58633825927973,150.499494433403,1126.40970489383,0,0,0,0,0,0,0,0,0,0,0,0,0,0,0,1021.20589576662,0,38.564768075943,0,98.0208303257823,0.174612209200859,184.751733891666,1.78304734826088,3.28334784507751,0,1708.77676863223,0.381545051932335,0,0,5.1389045715332,0,25.4392763376236,0,0,0,0,0,411.721144631505,0,18.4706495702267,0,0,0,0,0,0,0,0,1.369971960783,0,71.1340333968401,0,657.916796639562,0,0,0,0,0,1239.56805294752,0.173491925001144,863.925084747374,0,244.183505870402,0,1288.89398314804,6.06366784870625,0
0,0,2.26013627648354,0,7.12356258928776,0,0,0,0,0,6.37335240840912,0,0,0,0,0,36.1862024664879,5.48727113753557,152.937737241387,0,570.897695526481,0,0,0,0,0,0,0,0,0,0,0,0,0,0,0,285.700266189873,0,47.2496263384819,1.81650805473328,142.927511230111,0.323245003819466,295.960503168404,0,0,1.26712024211884,540.264068350196,0,1.35502554476261,0,58.410406306386,0,0,0,0.310944020748138,0,485.573205538094,0,0.488290227949619,0,0.18462972342968,0,0,0,0,0,0,0,0,0,0,5.46656336635351,0,500.382492423058,0,0,0,0,0.199211940169334,1553.8488003239,0.154375419020653,1267.94200283289,335.696613870561,3.13667568564415,1291.5205533132,1.76669973134995,6.74303049594164
0,0,0,0,0,0,0,0,0,0,0,0,0,0,0,0,0,30.2650801539421,0,0,0,10615.7749647051,21.2777068018913,24.4894921183586,0,26.2880690097809,0,21.8503115773201,0,0,0,0,0,0,0,0,0,746.513409182429,0,0,0,0,0,0,0,0,0,0.895570456981659,0,52.9067074209452,0,0,0,0,0,0,0,0,0,0,0,0,0,0,0,0,180.231219291687,0,2.41671678423882,0,493.677200555801,0,0,0,0,0,0,0,0,0,812.681188046932,0,469.179698109627,45.4306685328484,0,0,0
0,0,0,0,0,0,0,0,0,0,0,0,0,0,0,0,2.34628283977509,0,0,0,0,0.782347679138184,8923.340756163,0,0,0,0,0,61.7876621186733,0,0,0,0,0,0,0,0,0,584.226034283638,0,0,0,0,0,0,0,0,0,223.126029923558,0,0,0,0,0,0,0,0,0,0,0,0,0,0,0,0,0,0,50.9022903442383,0,451.816342949867,0,91.1301372349262,0,0,0,0,0,0,0,0,0,651.978396520019,566.391252070665,11.5226414203644,0,0,0
0,0,0,0,0,0,0,0,0,31.1755185723305,0,0,0,0,0,0,0,0,0,0,0,364.956371366978,0,554.783743441105,0,1.60289046168327,0,0,0,0,0,0,0,0,0,0,0,1422.30866362154,0,0,0,0,0,0,0,0,0,5.14690923690796,0.284310787916183,33.9185282886028,0,0,0,0,0,181.077745199203,0,2.65149235725403,0,0,0,0,0,0,180.231219291687,0,0,0,74.0761452019215,0,204.66112601757,0,0,0,0,0,0,0,0,0,726.349377021194,0,40.8236818313599,0,184.741027146578,0,0
0,0,0,0,0,0,0,0,16.6626914441586,0,0,0,0,0,0,0,0,0,0,0,0,0,165.620331525803,0,221.886958926916,0,13.20421692729,0,0,0,0,0,0,0,0,0,0,0,1309.93230967224,0,0,0,0,0,0,0,0,0,70.2018207609653,0,0,0,0,0,85.4743376970291,0,0,0,0,0,0,0,0,0,0,50.9022903442383,0,0,0,1.03871098160744,0,0,0,0,0,0,0,0,0,0,0,1422.48718003929,24.2385463118553,0,23.9230935573578,0,0
0,0,0,0,0,0,0,0,0,15.5895363092422,0,0,0,0,0,0,2.75784081220627,12.8577592670918,1.187321215868,0,0,43.6264075040817,0,38.5478449165821,0,462.161339849234,0,38.2156730890274,0,0,0,0,0,0,0,0,0,0.258813291788101,0,0,0,0,0,0,0,0,0,0,0,1.29709339141846,0,0,0,0,0,0,0,19.2716856002808,0,1.4985978603363,0,11.9592102766037,1.369971960783,0,2.41671678423882,0,74.0761452019215,0,0,0,192.11238861084,0,0,0,0,0,0,0,0,0,3.52538478374481,0,0.921696454286575,0,3.25038394331932,0,0
0,0,0,0,0,0,0,0,0,0,0,0,0,0,0,0,41.9103402495384,0,0,0,0,0,4.62251979112625,0,177.639267474413,0,346.513095974922,0,143.964657515287,0,0,0,0,0,0,0,0,0,0,0,0,0,0,0,0,0,0,0,0,0,0,0,0,0,0,0,0,0,0,0,154.525892078876,0,0,0,0,451.816342949867,0,1.03871098160744,0,0,0,4.57058757543564,0,0,0,0,0,0,0,0,0,0,159.840800791979,0,0,0,0
0,3.21277019381523,0,3.4724839925766,0,0.546089589595795,0,0,0,0,0,12.8766231536865,0,5,0,0,0,0,1.83320926874876,1.3425360918045,0,248.038061410189,0,1.95579618215561,0,0,0,500.825106605887,0,492.096915245056,0,0,0,0,0,1.30338762700558,0,152.002286940813,0,1.61709800362587,0,48.9399431273341,0,0,0,0.61231592297554,0,0,0,88.0483071208,0,0,0,0,0,0.779733538627625,0,429.946680918336,0,68.9190016388893,0,0,71.1340333968401,0,493.677200555801,0,204.66112601757,0,192.11238861084,0,0,0,154.514225587249,0,0,0,0,0,0.626195341348648,1.05174615979195,516.537027552724,0,37.3579990416765,0,166.454674832523,11.0535271763802,0
0.25281035900116,0,1.02295382320881,0,1.36251044273376,0,0,0,0,0,1,0,0,0,0,0,0,0,0.763888835906982,0,0,0,4.88821575045586,0,0,0,21.9512660503387,0,270.778956919909,0,4,0,0,0,0,0,0,0,0,0,0.683425098657608,0,83.5524963140488,0,0,0,2.00312529504299,0.472142338752747,43.2255075573921,0,0,0,0,0,0.184162974357605,0,199.540953293443,0,1.19839933514595,0,5.75227427482605,0,0,5.46656336635351,0,91.1301372349262,0,0,0,4.57058757543564,0,0,0,217.251591175795,0,0,0,0,0,2.53797826915979,0,389.038421303034,23.1561357975006,1.53881779313087,170.479420870543,0,8.33718913793564
0,5.05443195998669,0,17.9560837298632,0,8.28446078300476,0,0,0,2.29136502742767,0,208.632132947445,0,0,0,0,6.16423979401588,9.92918102443218,123.448977321386,1.47897467017174,0,0,0,0,0,0,0,24.4816062450409,0,464.811156749725,0,0,0,0,0,3.29539310932159,0,410.578526616096,0,40.1150657832623,0.142555579543114,1112.05908949673,1.99550135433674,22.4651090800762,0,137.459384135902,0.453362807631493,1.17777015268803,0,76.9305729269981,0,1.78998464345932,0,0,0,6.84848676621914,0,620.695490814745,0,0,0,0,657.916796639562,0,0,0,0,0,0,0,154.514225587249,0,0,0,0,0,0,0,80.2012708634138,3.75049790740013,400.258534535766,2.76538395881653,170.751765340567,3.49168935418129,944.742138460279,257.88068446517,2.8597326874733
16.1591605842113,0,75.6314114928246,0,40.8510842323303,0,0,0,1.00888955593109,0,4.38109278678894,0,0,0,0,0,23.6445812806487,3.61548942327499,203.575775504112,0,0.515189230442047,0,0,0,0,0,0,0,20.9839298725128,0,119.887615084648,0,0,0,0,0,3.17641230672598,0,97.646214723587,0,25.9230057150126,1.33203196525574,1231.31502081454,0,0,1.29144251346588,104.815035633743,0.606338173151016,97.4207385927439,0.41753026843071,24.2927996218204,0,0,0,17.0459752231836,0,632.077136546373,0,25.1737533062696,0,3.404740691185,0,0,500.382492423058,0,0,0,0,0,0,0,217.251591175795,0,0,0,0,0,0,0,132.726450055838,0.76957231760025,850.003464750946,464.524691857398,25.6862811222672,810.951085776091,1.19400236010551,210.259318754077
0,0,0,0,0,0,0,0,0,0,0,0,0,0,0,0,0,0,0,0,0,0,0,0,0,0,0,0,0,0,0,764.596608757973,48.675163179636,62.121021464467,0,392.244856953621,1.32976353168488,0,0,0,0,0,0,0,0,0,0,2350.17990864813,4.30397474765778,0,0,0,0,0,0,0,0,0,0,0,0,0,0,0,0,0,0,0,0,0,0,0,0,0,0,15.4877654016018,152.019620299339,0,195.679843828082,1.45304258167744,0,0,78.0806400775909,0,0.453302532434464,0,0
0,0,0,0,0,0,0,0,0,0,0,0,0,0,0,0,0,0,0,0,0,0,0,0,0,0,0,0,0,0,0,95.236821949482,303.67574210465,0,127.598615407944,2.72869846224785,60.0134484767914,0,0,0,0,0,0,0,0,0,0,2343.75564812124,33.0252766609192,0,0,0,0,0,0,0,0,0,0,0,0,0,0,0,0,0,0,0,0,0,0,0,0,0,15.4877654016018,0,0,283.442362338305,0.865662753582001,634.179200470448,0,0,0,0,0,0,0
0,0,0,0,0,0,0,0,0,0,0,0,0,0,0,0,0,0,0,0,0,0,0,0,0,0,0,0,0,0,0,35.1345950961113,0,1029.70646905899,672.647447794676,287.698824971914,0,144.530462861061,0,0,0,0,0,0,0,0,0,1253.80587923527,38.1479043066502,45.017696082592,0,0,0,0,0,0,0,0,0,0,0,0,0,0,0,0,0,0,0,0,0,0,0,0,152.019620299339,0,0,0,218.197666823864,0,94.9640234410763,0,345.061638504267,0,3.74467025697231,0,0
0,0,0,0,0,0,0,0,0,0,0,0,0,0,0,0,0,0,0,0,0,0,0,0,0,0,0,0,0,0,0,0,13.9118365347385,52.0322186350822,1333.58064836264,0,120.111894309521,1.13421005010605,116.344358190894,0,0,0,0,0,0,0,0,349.162338912487,4.65958189964294,2.5719228386879,0,0,0,0,0,0,0,0,0,0,0,0,0,0,0,0,0,0,0,0,0,0,0,0,0,283.442362338305,0,0,0,904.969851583242,0,1161.7371545136,2,0,0,0,0
