0,0,63.2957978621125,0,3.0242817401886,0,0,0,423.07295499742,0,0,0,0,0,17.1674162000418,0,0,0,0.186362758278847,0,0,0,0,0,0,0,0,0,0,0,0,0,0,0,0,0,0.576519668102264,0,2.63806629180908,0,0,0,46.0248066037893,0,0,0,0.822526022791862,11.3130408227444,296.020484253764,0,0,0,0,0,220.60509544611,0,1.06832620501518,0,12.4985868483782,0,255.721856057644,0,0,3.89873456954956,0,0,0,0,0,0,0,0,0,3.97804288566113,0,0,0,0,0,0,0,0,57.6559482365847,0.280937403440475,303.371122643352,0,0
0,0,0,174.776643186808,0,0.23825691640377,0,0,0,778.868207126856,0,0,0,0,0,0.420135945081711,0.326907247304916,0,27.7429577186704,0,0,0,0,0,0,0,0,0,0,0,0,0,0,0,0,0,0,16.7230388373137,0,0.73084445297718,0,237.631649173796,0.403548359870911,1.75547085702419,0,7.70204861462116,0.747132614254951,134.179949313402,1.27107973396778,640.689823031425,0,0,0,0,0,239.61847011745,0,19.4132325202227,0,0,0,107.0605815202,0,0,0,0,10.4052478671074,0.0992453247308731,10.3785854876041,0,0,0,31.3960046172142,0,0,0,0.213787913322449,0,0,0,0.196041390299797,0,138.864353179932,0.27972573786974,618.328033216298,0,0
63.2957978621125,0,0,0,67.4162324368954,0,0,0,122.513633444905,0,0,0,0,0,0,0,1.31910748779774,0,3.62504690885544,0,14.0630398988724,0,0,0,0,0,0,0,0,0,0,0,0,0,0,0,20.9433242976665,0,3.55585992336273,0,0.218594580888748,1.3638504743576,179.581507265568,0,2.3126582801342,0.536796599626541,106.917522311211,2.91019334644079,158.351044461131,0,2.06008151173592,0,0,0,4.58554062247276,0,61.191719211638,0,24.5257566273212,0,8.35195112228394,0,0,143.644561067224,0,0,0,0.919826582074165,0,0,0,1.95283244550228,0.153867214918137,57.7241817265749,0,0,0,0,0,14.8642470538616,0,3.86863739788532,67.2220767587423,1.80070088803768,812.195511713624,0,0.179411068558693
0,174.776643186808,0,0,1.02041447162628,169.476096734405,0,0,0.142952799797058,133.800250828266,0,0,0,0,0,0,0.162940189242363,0,15.864823885262,77.0094181895256,0,0,0,1.67448813468218,0,0,0,0,0,0,0,0,0,0,0,24.3954960554838,0,2.19928143918514,0,2.48420414328575,0,227.105164639652,0.445942267775536,4.44012553244829,0,173.51131182909,19.3762966990471,5.05725020170212,0,167.532028406858,0,31.4925893247128,0,0,0,60.9046171754599,0.770443975925446,116.026104778051,0,22.6725633144379,0,70.5278896540403,51.2449645996094,0,0,0,0,0.165205743163824,0,0,0,0,96.5853628069162,0,0,0,0,0,152.791732385755,0,0.440280944108963,0,158.187034577131,0.294972658157349,900.065301589668,2.58343110233545,0
3.0242817401886,0,67.4162324368954,1.02041447162628,0,0,0,0,100.560094058514,0,0,0,0,0,0,0,0,0,0,0,8.77498435974121,0,0,0,0,0,0,0,0,0,0,0,0,0,0,0,3.22690165042877,0,0,0,0,0,4.34118986129761,0,0,0,6.3983378559351,0,2.21069100499153,0,118.146469116211,0,1.01276159286499,0,73.349907040596,0,203.710769742727,0,194.536640942097,0,44.1098926067352,0,0,42.1067530810833,0,0,0,0,0,0,0,0,0,0.929727673530579,0,0,0,0,0,1.23198533058167,0,0.526994049549103,102.440241374075,0.157637849450111,86.0508115142584,0,0
0,0.23825691640377,0,169.476096734405,0,0,0,244.995362699032,0,29.6626969873905,0,0,0,0,0,0,0,0,0.274041891098022,342.948275625706,0,0,0,0.904506683349609,0,0,0,0,0,0,0,0,0,0,0,41.8637596666813,0,0,0,0,0,12.833203047514,0,0.801917530596256,0,17.9625010639429,0.525083780288696,0,0,20.5826022326946,0,577.505252063274,0,132.686300724745,0,23.2141362726688,0,2.86118261516094,0,1.59153699874878,0,0,180.460542589426,0,0,0,0,0,0,0,0,0,4.10039611160755,0,0,0,0,0,47.6439795792103,0,0,0,709.929526090622,17.0968812704086,271.238972276449,0,0
0,0,0,0,0,0,0,0,0,0,0,0,0,0,0,0,0,0,0,0,1.74321937561035,0,0,0,0,0,0,0,0,0,0,0,0,0,0,0,0,0,0,0,0,0,0,0,0,0,0,0,0,0,4.70271268486977,0,426.726515382528,0,0,0,87.561774969101,0,55.5126501768827,0,0,0,0,0,0,0,0,0,0,0,0,0,0,0,0,0,0,0,0,0,0,0,17.0779328346252,0,0,0,0
0,0,0,0,0,244.995362699032,0,0,0,0,0,26.7445389032364,0,9,0,0,0,0,0,0,0,0,0,0,0,0,0,0,0,0,0,0,0,0,0,0.884007155895233,0,0,0,0,0,0,0,0,0,0,0,0,0,0,0,961.325900927186,0,944.534179449081,0,0,0,313.876893803477,0,275.58452385664,0,0,1.7871365249157,0,0,0,0,0,0,0,0,0,0,0,0,0,0,0,0,0,0,0,152.38393419981,0,0,0,0
423.07295499742,0,122.513633444905,0.142952799797058,100.560094058514,0,0,0,0,0,0,0,0.233041405677795,0,123.828842163086,0,221.371515080333,3.889598287642,38.5222412273288,0,23.0546765178442,0,0,0,95.4825967103243,0,7.98570394515991,0,0,0,0,0,0,0,0.427770048379898,0,0.246147677302361,0,111.216449394822,0.223322577774525,19.0943438708782,21.5137482397258,352.309177726507,3.71356072276831,3.12060870230198,3.90567817538977,44.3692172765732,0.806906268000603,239.699781417847,0.340229198336601,0,0,0,0,1221.43256571889,0,100.879818603396,0,30.4035465419292,0,484.828776270151,0,0,54.1297356337309,0,0,0,117.447057619691,0,40.7321568727493,0,0.2276751101017,2.05895359069109,297.83140347898,0,0,0,1.00238460302353,0,0,0,76.5335255265236,298.734396211803,3.36220496892929,688.188171222806,2.81088879704475,10.0823623985052
0,778.868207126856,0,133.800250828266,0,29.6626969873905,0,0,0,0,0,0,0,0,0,72.6670226454735,0.249526783823967,287.684735924006,114.864535033703,3.13039290904999,0,0,0,7.90280610322952,0,4.65759611129761,0,0,0,0,0,0,0,0,0,7.99268390238285,0,54.7292182147503,0,0,0,176.818460211158,0.800956770777702,0.56350739300251,0,27.9673635438085,0.824560523033142,21.7519083917141,0,82.0296659320593,0,0.636178433895111,0,0,0,1361.60882878304,0,7.18988670408726,0,0,0,117.569750279188,1.46865454316139,0,0,0,91.3549148440361,0,0,0,0,0,45.1272305101156,0.132778540253639,0,0,0.576611042022705,0,6.07145354151726,0,30.3235902786255,0,860.772210597992,84.8935577571392,445.25518938154,4.01261401176453,0
0,0,0,0,0,0,0,0,0,0,0,0,340.800250291824,0,0,0,0,0,0,0,799.440871864557,0,0,0,0,0,0,0,241.0448756814,0,0,0,0,0,0,0,266.82366321981,0,3331.61692723632,0,0,0,0,0,0,0,0,0,0,0,0,0,0,0,0,0,3795.08344139159,0,29.2234075963497,0,0,0,0,106.473874092102,0,0,0,0,0,0,0,0,0,5.28285324573517,0,0,0,0,0,6.84126354753971,0,48.4178217947483,445.467120230198,1639.25912079215,0,0,0
0,0,0,0,0,0,0,26.7445389032364,0,0,0,0,0,939.651539251208,0,0,0,0,0,1855.35865560174,0,0,0,0,0,0,0,0,0,24.5220316648483,0,0,0,0,0,593.267315506935,0,972.08881559968,0,0,0,0,0,0,0,0,0,0,0,0,0,0,0,58.639698266983,0,0,0,3548.8392701596,0,1399.38547292352,0,0,1283.48493245244,0,0,0,0,0,0,0,0,0,79.8873485922813,0,0,0,0,0,75.5224286317825,0,116.547925755382,0,342.151973366737,44.6344563961029,5.85878494381905,0,0
0,0,0,0,0,0,0,0,0.233041405677795,0,340.800250291824,0,0,0,125.030788064003,0,0,0,0,0,0,0,0,0,0,0,0,0,1.47048002481461,0,0,0,0,0,0,0,0,0,0,0,0,0,0,0,0,0,0,0,0,0,0,0,0,0,0,0,59.7521270811558,0,1165.17052584887,0,47.5333373695612,0,0,0,0,0,0,0,0,1,0,105.618102401495,0,0,0,0,0,0,0,0,0,0,182.209631681442,1219.36449867487,0,0,0
0,0,0,0,0,0,0,9,0,0,0,939.651539251208,0,0,0,65.4068466722965,0,0,0,0,0,0,0,0,0,0,0,14.1015446186066,0,50.1182217597961,0,0,0,0,0,0,0,0,0,0,0,0,0,0,0,0,0,0,0,0,0,77.9167965650558,0,36.9414223432541,0,0,0,670.845438286662,0,2748.15564122796,0,390.924500644207,0,0,0,0,0,0,0,0,116.9271042943,0,0,0,0,0,0,0,0,0,0,0,74.4410160779953,1,0,0,0
17.1674162000418,0,0,0,0,0,0,0,123.828842163086,0,0,0,125.030788064003,0,0,0,139.10354962945,0,0,0,0,0,0,0,0,0,1.38816869258881,0,0,0,0,0,0,0,0,0,0,0,0,0,0,0,0,0,0,0,0,0,18.9312256425619,0,0,0,0,0,121.011607348919,0,1.0368130505085,0,4.6461675465107,0,939.252621620893,0,0,0,0,0,0,0,0,92.9179352521896,0,0,0,1.75016333162785,0,0,0,0,0,0,0,0,148.984323203564,0,0.796260446310043,0,0
0,0.420135945081711,0,0,0,0,0,0,0,72.6670226454735,0,0,0,65.4068466722965,0,0,0,373.055180221796,0,0,0,0,0,0,0,0,0,0,0,0,0,0,0,0,0,0,0,0,0,0,0,0,0,0,0,0,0,0,0,0,0,0,0,0,0,90.8751885592937,0,0,0,0,0,340.766115248203,0,0,0,0,0,0,1.22741973400116,0,0,0,0,0,0,0,0,0,0,0,0,0,179.606570124626,12.3773446083069,0,0,0
0,0.326907247304916,1.31910748779774,0.162940189242363,0,0,0,0,221.371515080333,0.249526783823967,0,0,0,0,139.10354962945,0,0,13702.0590423793,5280.80841700733,0,0,20.4636101722717,822.44336463511,15.3731723725796,263.97444626689,1.61102759838104,3018.57730929554,0,2.09517753124237,0,0,0,0,0,0,0,0,0,0,0.185075335204601,19.499264985323,77.0706725716591,254.177381873131,0.309781655669212,10.8416132032871,20.2639488875866,160.674811504781,0,0,0.29324010014534,0,0,0,0,97.6798143833876,0,5.39560031890869,1.3146405518055,0,0,0.561243414878845,0,0,1.93252596259117,3.70556831359863,77.2524216175079,1.59377002716064,77.4207234382629,13.4466033577919,1962.34648418427,0,0,13.1316731348634,35.421055778861,0,0,0,0,0,0,0,2.37793490290642,2563.61087722331,605.210262730718,288.488914832473,10.6952466592193,18.8917170912027
0,0,0,0,0,0,0,0,3.889598287642,287.684735924006,0,0,0,0,0,373.055180221796,13702.0590423793,0,3477.53839532286,0,0,388.675041645765,53.517378911376,219.05237069726,88.3737787008286,966.887015283108,191.213278695941,0,0,0,0,0,0,0,0,0,0,0,0,1.01878073066473,0,122.430228352547,16.4367385134101,2.42961937189102,1.55784730613232,41.0872950032353,7.02780583500862,0,0,0,0,0,0,0,4.10537097603083,157.19231274724,1.76797813177109,0.315255731344223,0,0,0,416.197664797306,0,0,187.392519414425,0,139.263234317303,35.6849341541529,1477.64153134823,95.1490733027458,0,0,5.85600820183754,1.98221704363823,0,0,0,0,0,0,0,0,3160.29762789607,560.685427963734,110.952314779162,19.2452481687069,0.168395936489105
0.186362758278847,27.7429577186704,3.62504690885544,15.864823885262,0,0.274041891098022,0,0,38.5222412273288,114.864535033703,0,0,0,0,0,0,5280.80841700733,3477.53839532286,0,0,0,0,0,36.5423727184534,12.3818484321237,0,0,0,0,0,0,0,0,0,0,0,0,0.354417115449905,0,138.754397757351,178.188892170787,2299.02601882815,1295.86869763583,239.503061443567,95.1694894582033,1877.23893229663,2368.84916647524,0.692860022187233,1.44148084521294,5.85549294948578,0,0,0,0,34.9239704534411,9.37554360926151,43.1654498949647,18.6265432909131,1.38418963551521,0,0,0,0,7.68557567894459,0,0,2.51008582115173,11.5991367101669,0,0,0,0,252.244865529239,146.334176957607,0,0,0,0,4.34724432229996,0,10.6165114343166,29.251227542758,2766.45566985756,0.489055648446083,6363.55297861993,320.526580221951,71.9949414283037
0,0,0,77.0094181895256,0,342.948275625706,0,0,0,3.13039290904999,0,1855.35865560174,0,0,0,0,0,0,0,0,0,0,0,0,0,0,0,0,0,0,0,0,0,0,0,1104.74610865116,0,207.414339751005,0,0,0,0.182687371969223,0,0,0,42.6300788521767,0,0,0,1.82827359437943,0,149.988674104214,0,0,0,0,0,652.782889887691,0,0,0,1.04804062843323,2081.68611383438,0,0,0,0,0,0,0,0,0,0,0,0,0,0,0,82.196899279952,0,0,0,248.751572147012,0,53.9004551768303,0,0
0,0,14.0630398988724,0,8.77498435974121,0,1.74321937561035,0,23.0546765178442,0,799.440871864557,0,0,0,0,0,0,0,0,0,0,0,0,0,0,0,0,0,0,0,0,0,0,0,0,0,895.623885571957,0,794.771101206541,0,0.263742566108704,0,2.72167527675629,0,0,0,6.16455511748791,0,0.322918862104416,0,0,0,13.1923341751099,0,0,0,1628.87625136971,0,3.13125759363174,0,0.513628780841827,0,0,1004.37250478566,0,0,0,0,0,0,0,0,0,223.72322230041,0,0,0,0,0,301.656966850162,0,75.0320017933846,866.380937561393,0,208.696202710271,0,0
0,0,0,0,0,0,0,0,0,0,0,0,0,0,0,0,20.4636101722717,388.675041645765,0,0,0,0,567.021190345287,285.01158632338,0,14.7721697092056,0,699.108967989683,0,0,0,0,0,0,0,0,0,2855.55818790197,88.0882810354233,0,0,0,0,0,0,0,0,0,0,127.953927665949,0,0,0,0,0,0,0,0,0,0,0,0,0,0,4290.11073800921,0,138.999876767397,0,29.380328387022,0,201.260509103537,0,0,0,0,0,0,0,0,0,757.720252543688,0,684.096056461334,5.0996927022934,0,0,0
0,0,0,0,0,0,0,0,0,0,0,0,0,0,0,0,822.44336463511,53.517378911376,0,0,0,567.021190345287,0,0,217.985660493374,0,162.873639672995,0,0,0,0,0,0,0,0,0,0,1.35036540031433,2937.72783121467,0,0,0,0.95954167842865,0,0,0,0,0,95.3136363774538,0,0,0,0,0,0,0,0,0,0,0,0,0,0,0,48.0664169788361,5182.10951879621,0,32.1796651184559,0,61.8371204733849,0,2.16400450468063,0.205042362213135,0,0,0,0,0,0,0,0,630.48907366395,446.05899977684,569.753657609224,0,0,0
0,0,0,1.67448813468218,0,0.904506683349609,0,0,0,7.90280610322952,0,0,0,0,0,0,15.3731723725796,219.05237069726,36.5423727184534,0,0,285.01158632338,0,0,0,121.315006017685,2.18675994873047,0,0,0,0,0,0,7.75896841287613,0,0,0,651.011919468641,0,0.195733651518822,0,73.302288427949,0,0.721173167228699,0,2.10922719538212,0,0.394989937543869,0,68.8941250294447,0,0,0,0,0,37.5218161046505,0,0.61383181810379,0,0,0,0,0,0,353.730810582638,0,545.427961200476,0,586.580521553755,0,0,0,10.8666922152042,1.91078436374664,0,0,20.1017679721117,0,0,0,289.020253717899,0,10.2169337272644,0,21.4008698090911,9.93164664506912,0
0,0,0,0,0,0,0,0,95.4825967103243,0,0,0,0,0,0,0,263.97444626689,88.3737787008286,12.3818484321237,0,0,0,217.985660493374,0,0,0,235.901115715504,0,0,0,0,0,0,0,0,0,0,0,882.377120226622,0,0.977106332778931,5.06745911389589,41.716867133975,0,0,0.0871314108371735,1.29795455932617,0,32.0895300060511,0,0,0,0,0,61.5378958880901,0,2.29586565494537,0,0,0,0.881065189838409,0,0,0,0,86.0003775805235,0,300.125788211823,0,723.582659393549,0,0,0,9.88918015360832,0,0,0,1.92861732840538,0,0,0,195.429002046585,14.7759301960468,0,70.8072174079716,0.198588699102402,0
0,0,0,0,0,0,0,0,0,4.65759611129761,0,0,0,0,0,0,1.61102759838104,966.887015283108,0,0,0,14.7721697092056,0,121.315006017685,0,0,0.269334763288498,0,0,0,0,0,0,0,0,0,0,0,0,0,0,0,0,0,0,0,0,0,0,0,0,0,0,0,0,14.7075333595276,0,0,0,0,0,0,0,0,7.06524324417114,0,145.203046560287,0,192.32371032238,0,0,0,0,0,0,0,0,0,0,0,0,0,14.0826275348663,1.16110670566559,0,0,0
0,0,0,0,0,0,0,0,7.98570394515991,0,0,0,0,0,1.38816869258881,0,3018.57730929554,191.213278695941,0,0,0,0,162.873639672995,2.18675994873047,235.901115715504,0.269334763288498,0,0,5.18157228827477,0,0,0,0,0,0,0,0,0,0,0,0,0,0,0,0,0,0,0,0,0,0,0,0,0,0,0,0,0,0,0,0,0,0,0,0,15.9757153987885,2.51126623153687,7.4606077671051,3.37098836898804,254.350842267275,0,1.84983420372009,0,0,0,0,0,0,0,0,0,0,124.859259426594,22.6769048273563,0,0,0
0,0,0,0,0,0,0,0,0,0,0,0,0,14.1015446186066,0,0,0,0,0,0,0,699.108967989683,0,0,0,0,0,0,0,231.141093730927,0,0,0,0,0,0,0,163.516386926174,0,0,0,0,0,0,0,0,0,0,0,0,0,0,0,0,0,0,0,0,0,97.5509821176529,0,0,0,0,501.23012804985,0,0,0,0,0,3044.08055615425,0,59.1638917326927,0,0,0,0,0,0,0,130.063333451748,0,310.990270316601,510.499444901943,0,0,0
0,0,0,0,0,0,0,0,0,0,241.0448756814,0,1.47048002481461,0,0,0,2.09517753124237,0,0,0,0,0,0,0,0,0,5.18157228827477,0,0,0,440.616873681545,0,0,0,0,0,0,0,0,0,0,0,0,0,0,0,0,0,0,0,0,0,0,0,0,0,11.4413179159164,0,0,0,0,0,0,0,0,40.1756126880646,0,0,0,1,0,1784.70772260427,0,37.361874461174,0,0,0,0,0,0,0,61.3887311816216,293.853618294001,1986.16970649362,0,0,0
0,0,0,0,0,0,0,0,0,0,0,24.5220316648483,0,50.1182217597961,0,0,0,0,0,0,0,0,0,0,0,0,0,231.141093730927,0,0,0,0,0,0,0,0,0,671.027470290661,0,0,0,0,0,0,0,0,0,0,0,0,0,0,0,0,0,0,0,39.4889858961105,0,16.6926712989807,0,0,0,0,0,0,0,0,0,0,691.145805388689,0,159.946431815624,0,0,0,0,0,0,0,233.056137561798,0,0,0,0,0,0
0,0,0,0,0,0,0,0,0,0,0,0,0,0,0,0,0,0,0,0,0,0,0,0,0,0,0,0,440.616873681545,0,0,0,0,0,0,0,0,0,3153.8964856863,0,0,0,0,0,0,0,0,0,0,0,0,0,0,0,0,0,0,0,0,0,0,0,0,0,0,0,0,0,0,0,0,210.207891732454,0,79.1724678874016,0,0,0,0,0,0,0,328.399862736464,102.874129533768,52.3274793624878,0,0,0
0,0,0,0,0,0,0,0,0,0,0,0,0,0,0,0,0,0,0,0,0,0,0,0,0,0,0,0,0,0,0,0,1150.75892409682,77.773807913065,16.5416252315044,825.259137272835,30.6974489241838,0,0,0,0,0,0,0,0,0,0,633.93555611372,1.45929658412933,0,0,0,0,0,0,0,0,0,0,0,0,0,0,0,0,0,0,0,0,0,0,0,0,0,1183.29532110691,216.657215699553,22.3527681231499,56.3846881240606,720.624662861228,20.1683967411518,0,0,389.92165017128,0,0.703041255474091,0,0
0,0,0,0,0,0,0,0,0,0,0,0,0,0,0,0,0,0,0,0,0,0,0,0,0,0,0,0,0,0,0,1150.75892409682,0,13.4974104464054,109.5990447402,24.7303562164307,218.357108235359,0,0,0,0,0,0,0,0,0,0,964.283472552896,1.68171262741089,0,0,0,0,0,0,0,0,0,0,0,0,0,0,0,0,0,0,0,0,0,0,0,0,0,4.36105239391327,727.4203453511,11.1170556247234,92.31810978055,0,205.652475789189,0,0,155.752999186516,0,0,0,0
0,0,0,0,0,0,0,0,0,0,0,0,0,0,0,0,0,0,0,0,0,0,0,7.75896841287613,0,0,0,0,0,0,0,77.773807913065,13.4974104464054,0,1993.85701289773,298.829166173935,0,327.08851327002,0,0,0,0.240260377526283,0,0,0,0,0,4006.17147636414,9.01723520457745,11.1228614449501,0,0,0,0,0,5.91359031200409,0,0,0,0,0,0,0,0,0,0,1.06276202201843,0,0,0,0,0,0,0,0.574312537908554,0,1666.59066712856,145.617954596877,31.9123335778713,0,1021.149941504,0,353.507076174021,0,25.0285512506962,0,0
0,0,0,0,0,0,0,0,0.427770048379898,0,0,0,0,0,0,0,0,0,0,0,0,0,0,0,0,0,0,0,0,0,0,16.5416252315044,109.5990447402,1993.85701289773,0,0,652.60036200285,0,362.453653648496,0,0,0,0,0,0,0,0,2599.01232722402,5.36969019472599,3.55565947294235,0,0,0,0,1.21690982580185,0,0,0,0,0,0,0,0,0,0,0,0,0,0,0,0,0,0,0,0.845824867486954,29.228058770299,2340.44505670667,1971.47995238006,0,344.868500322104,0,1346.8822696656,58.4493201375008,34.0546517372131,2.63750295341015,0,0
0,0,0,24.3954960554838,0,41.8637596666813,0,0.884007155895233,0,7.99268390238285,0,593.267315506935,0,0,0,0,0,0,0,1104.74610865116,0,0,0,0,0,0,0,0,0,0,0,825.259137272835,24.7303562164307,298.829166173935,0,0,590.935176417232,4131.11990642548,0,0,78.0647934675217,0,0,0,0,34.024472810328,0,651.494863241911,45.9512265920639,2.48919235169888,0,22.9173517227173,0,0,0,2.6443856805563,0,367.783308967948,0,11.8666292279959,0,10.1341026425362,820.412769302726,0,0,0,0,0,0,0,0,0,0,0,551.025119811296,0,710.258970558643,0,13261.4311424196,975.493657886982,85.6066434681416,0,1528.42622207105,34.7759728431702,55.9641949832439,0,0
0.576519668102264,0,20.9433242976665,0,3.22690165042877,0,0,0,0.246147677302361,0,266.82366321981,0,0,0,0,0,0,0,0,0,895.623885571957,0,0,0,0,0,0,0,0,0,0,30.6974489241838,218.357108235359,0,652.60036200285,590.935176417232,0,0,2750.82565875351,0,194.64795935154,0,0,0,0,0,14.5203833281994,71.2553265094757,6.70101857185364,0,0,0,0,0,0,0,638.200933411717,0,41.4584690183401,0,11.3533274531364,0,0,568.236555278301,0,0,0,0,0,0,0,0,0,0,0,687.293578192592,0,630.051808387041,89.5154125094414,16088.7577921003,0,1547.81991267204,2151.16613227129,119.853267133236,81.6361444890499,0,0
0,16.7230388373137,0,2.19928143918514,0,0,0,0,0,54.7292182147503,0,972.08881559968,0,0,0,0,0,0,0.354417115449905,207.414339751005,0,2855.55818790197,1.35036540031433,651.011919468641,0,0,0,163.516386926174,0,671.027470290661,0,0,0,327.08851327002,0,4131.11990642548,0,0,567.01624417305,0,0,10.0239305496216,0,0.166074529290199,0,1.57342711091042,0,1424.0802988708,0,541.652322366834,0,0,0,0,0,47.4191809892654,0,967.786666870117,0,0,0,0,84.3247247338295,0,402.206846430898,0,228.800463810563,0,0,0,225.727258861065,0,253.217910468578,0,0,0,253.638983458281,20.611537694931,2154.63950228691,0,16150.6194587052,130.861206054688,1103.25023491681,8.72320890426636,127.669441640377,0,0
2.63806629180908,0,3.55585992336273,0,0,0,0,0,111.216449394822,0,3331.61692723632,0,0,0,0,0,0,0,0,0,794.771101206541,88.0882810354233,2937.72783121467,0,882.377120226622,0,0,0,0,0,3153.8964856863,0,0,0,362.453653648496,0,2750.82565875351,567.01624417305,0,0,0,0,6.3193302154541,0,0,0,0,1436.49883151054,483.942978158593,0,0,0,0,0,43.5276689827442,0,1612.58404377103,0,0,0,1.9016680419445,0,0,0,0,769.297738313675,0,238.538411855698,0,0,0,0,0,790.195838600397,0,0.275196760892868,0,699.880870938301,0,315.270553141832,1107.5718806684,14502.9817883819,2614.02019672096,867.105953991413,345.817817389965,0,0
0,0.73084445297718,0,2.48420414328575,0,0,0,0,0.223322577774525,0,0,0,0,0,0,0,0.185075335204601,1.01878073066473,138.754397757351,0,0,0,0,0.195733651518822,0,0,0,0,0,0,0,0,0,0,0,0,0,0,0,0,2.67779293656349,482.719722613692,2.37441208213568,44.5488940477371,0.533216454088688,573.173083685338,2.63829505443573,12.8173817843199,6.26290702819824,295.11573651433,0,0.129711866378784,0,0,1.15405537933111,0,0,0.773591309785843,0,0,0,0,0,0,0,0,0,0,0,0,0,0,6.39163234829903,0.531564742326736,0,0,0,0,158.762056648731,0,11.3075043261051,0,36.7569402568042,0,356.709185533226,10.8361384347081,0
0,0,0.218594580888748,0,0,0,0,0,19.0943438708782,0,0,0,0,0,0,0,19.499264985323,0,178.188892170787,0,0.263742566108704,0,0,0,0.977106332778931,0,0,0,0,0,0,0,0,0,0,78.0647934675217,194.64795935154,0,0,2.67779293656349,0,1.85083436965942,348.759471580386,0,18.9140271544456,0.946972608566284,82.8063951283693,840.24539001286,848.733792677522,0,0,0,0,0,0,0,5.57927091419697,0.599352180957794,0.356212377548218,0,0.27313905954361,0,0,0.860431253910065,0,0,0,0,0,0,0,0,0.163962110877037,8.35905945301056,1.83504849672318,0,0,1.28553341329098,56.1704680025578,110.365134716034,0,17.9681275486946,97.3752260506153,0,576.107432767749,0,49.8914608806372
0,237.631649173796,1.3638504743576,227.105164639652,0,12.833203047514,0,0,21.5137482397258,176.818460211158,0,0,0,0,0,0,77.0706725716591,122.430228352547,2299.02601882815,0.182687371969223,0,0,0,73.302288427949,5.06745911389589,0,0,0,0,0,0,0,0,0.240260377526283,0,0,0,10.0239305496216,0,482.719722613692,1.85083436965942,0,265.849380165339,231.603355504572,6.02505709975958,2121.34989494085,44.8203053623438,34.5541020184755,0.460693687200546,636.385746829212,0,2.29554149508476,0,0,26.9397601410747,38.6365986168385,5.99205034971237,122.504376418889,0,3.84869019687176,0,3.96526783704758,16.2101601585746,0.137061849236488,0,0,0,17.1450890190899,0,0,0,0,689.885963670909,22.2092615514994,0,0,0,0,7.54692708700895,0,13.333506166935,4.38119557499886,1301.74148286507,3.76722154766321,7492.06826829165,624.8257522434,6.73434533923864
46.0248066037893,0.403548359870911,179.581507265568,0.445942267775536,4.34118986129761,0,0,0,352.309177726507,0.800956770777702,0,0,0,0,0,0,254.177381873131,16.4367385134101,1295.86869763583,0,2.72167527675629,0,0.95954167842865,0,41.716867133975,0,0,0,0,0,0,0,0,0,0,0,0,0,6.3193302154541,2.37441208213568,348.759471580386,265.849380165339,0,13.4218178540468,234.698590241373,28.2525600939989,2875.63819844276,63.2702025175095,290.624261491001,1.27524707466364,0,0,0,0,44.7258834466338,0,923.928515903652,0,20.0499183386564,0,26.2009715437889,0,0,17.9828436374664,0,0,0,14.6291655004025,0,0,0,4.98974385857582,12.2126313894987,639.233277022839,0,0,0,0.74034583568573,0,0.18431068956852,0.202683612704277,48.15642388165,1278.5924834013,6.08835466206074,5098.02518524975,12.0083318278193,282.222409002483
0,1.75547085702419,0,4.44012553244829,0,0.801917530596256,0,0,3.71356072276831,0.56350739300251,0,0,0,0,0,0,0.309781655669212,2.42961937189102,239.503061443567,0,0,0,0,0.721173167228699,0,0,0,0,0,0,0,0,0,0,0,0,0,0.166074529290199,0,44.5488940477371,0,231.603355504572,13.4218178540468,0,1.11436519026756,240.036846831441,8.71932663023472,0.488506719470024,0,2.30370640009642,0,0,0,0,0.200998574495316,1.10800299048424,0,1.12994879484177,0,0,0,0.350670918822289,0,0,0,0,0,0,0,0,0,0,12.8502691090107,0,0,0,0,0,2.07730129361153,0,0,0,85.5243530794978,0,377.148523241282,11.4117058068514,0
0,0,2.3126582801342,0,0,0,0,0,3.12060870230198,0,0,0,0,0,0,0,10.8416132032871,1.55784730613232,95.1694894582033,0,0,0,0,0,0,0,0,0,0,0,0,0,0,0,0,0,0,0,0,0.533216454088688,18.9140271544456,6.02505709975958,234.698590241373,1.11436519026756,0,1.18839712440968,175.408429481089,0,0.387027859687805,0,0,0,0,0,0.522414907813072,0,2.66426573693752,0.0980119705200195,0.748614549636841,0,0,0,0,0.225014388561249,0,0,0,0,0,0,0,0,1.04697087407112,7.99216459691525,0,0,0,0,0,0,0,1.40726543962955,117.675321742892,0,202.628946855664,0.952080607414246,5.56285986304283
0,7.70204861462116,0.536796599626541,173.51131182909,0,17.9625010639429,0,0,3.90567817538977,27.9673635438085,0,0,0,0,0,0,20.2639488875866,41.0872950032353,1877.23893229663,42.6300788521767,0,0,0,2.10922719538212,0.0871314108371735,0,0,0,0,0,0,0,0,0,0,34.024472810328,0,1.57342711091042,0,573.173083685338,0.946972608566284,2121.34989494085,28.2525600939989,240.036846831441,1.18839712440968,0,93.3068358823657,1.36555106937885,0,61.9711804017425,0,12.757229372859,0,0,6.13408866524696,23.1000461354852,6.59414745122194,133.505855739117,0,8.10899132490158,0,16.6928170621395,1331.11264856905,0.518564745783806,0,0,0,5.67693699896336,0,0,0,0,302.953877329826,3.59951285272837,0,0,0,0,168.44234033674,0,7.91414053738117,1.46061527729034,334.651853166521,2.38564661890268,6586.97873322666,64.8343983218074,7.44902843981981
0.822526022791862,0.747132614254951,106.917522311211,19.3762966990471,6.3983378559351,0.525083780288696,0,0,44.3692172765732,0.824560523033142,0,0,0,0,0,0,160.674811504781,7.02780583500862,2368.84916647524,0,6.16455511748791,0,0,0,1.29795455932617,0,0,0,0,0,0,0,0,0,0,0,14.5203833281994,0,0,2.63829505443573,82.8063951283693,44.8203053623438,2875.63819844276,8.71932663023472,175.408429481089,93.3068358823657,0,1.11902679502964,27.9983712136745,11.1598712056875,0.380822211503983,0,0,0,0.445124283432961,0.611351013183594,463.562014177442,1.77504932880402,22.9653180837631,0.243024230003357,1.88179749250412,2.1284823268652,0,947.033092662692,0,0,0,5.15516862273216,0,0,0,1.1872985959053,4.17963153123856,263.454916648567,0,0,0,0,0,93.6376868784428,0,76.7417813688517,663.139903195202,3.29751642048359,5207.78434824944,4.60240886360407,48.8397700339556
11.3130408227444,134.179949313402,2.91019334644079,5.05725020170212,0,0,0,0,0.806906268000603,21.7519083917141,0,0,0,0,0,0,0,0,0.692860022187233,0,0,0,0,0.394989937543869,0,0,0,0,0,0,0,633.93555611372,964.283472552896,4006.17147636414,2599.01232722402,651.494863241911,71.2553265094757,1424.0802988708,1436.49883151054,12.8173817843199,840.24539001286,34.5541020184755,63.2702025175095,0.488506719470024,0,1.36555106937885,1.11902679502964,0,5842.60178112984,1560.94627819955,0,0,0,0,0,9.67710143327713,6.15706972777843,0.439313679933548,0.863505840301514,0.525174796581268,4.75514264404774,0,0,0,0,0,2.0129708647728,0.247216582298279,0,0,0,0.694226801395416,0.259804636240005,0,2978.97221247852,2191.02208629251,1438.13743704557,1764.19816944003,3912.80294328928,3032.92873109877,1137.54175822437,1631.73789036274,750.946526423097,0.147700414061546,1070.26488396525,0,0
296.020484253764,1.27107973396778,158.351044461131,0,2.21069100499153,0,0,0,239.699781417847,0,0,0,0,0,18.9312256425619,0,0,0,1.44148084521294,0,0.322918862104416,0,95.3136363774538,0,32.0895300060511,0,0,0,0,0,0,1.45929658412933,1.68171262741089,9.01723520457745,5.36969019472599,45.9512265920639,6.70101857185364,0,483.942978158593,6.26290702819824,848.733792677522,0.460693687200546,290.624261491001,0,0.387027859687805,0,27.9983712136745,5842.60178112984,0,991.355278402567,0,0,0,0,64.6034986972809,0,127.625592589378,0,54.8861379027367,0,240.983147516847,0,0,0.21141354739666,0,376.331517025828,0,218.250219017267,0,46.4811672568321,0,35.097195148468,0,62.0286694020033,47.4799863100052,400.159292459488,5.7253469824791,7.25250688195229,128.354627400637,1105.92665083706,0,335.390440359712,153.582181058824,0.328555703163147,1441.33550180495,0,0
0,640.689823031425,0,167.532028406858,0,20.5826022326946,0,0,0.340229198336601,82.0296659320593,0,0,0,0,0,0,0.29324010014534,0,5.85549294948578,1.82827359437943,0,127.953927665949,0,68.8941250294447,0,0,0,0,0,0,0,0,0,11.1228614449501,3.55565947294235,2.48919235169888,0,541.652322366834,0,295.11573651433,0,636.385746829212,1.27524707466364,2.30370640009642,0,61.9711804017425,11.1598712056875,1560.94627819955,991.355278402567,0,0,2.17915281653404,0,0,0.120540648698807,16.56570738554,0,69.3457500264049,0,2.22447657585144,0,35.3129971623421,0.81390056014061,0,254.628069907427,0,248.023706659675,0.184703551232815,0,0,0,0,44.5512425899506,0.699173144996166,0.613138496875763,1.43291500210762,0.536251544952393,8.11943173408508,131.427507996559,6.02015861868858,590.112419769168,7.16187520325184,190.954406991601,0,1409.15147873759,0,0
0,0,2.06008151173592,0,118.146469116211,0,4.70271268486977,0,0,0,0,0,0,0,0,0,0,0,0,0,0,0,0,0,0,0,0,0,0,0,0,0,0,0,0,0,0,0,0,0,0,0,0,0,0,0,0.380822211503983,0,0,0,0,0,83.8834180384874,0,5.92749485373497,0,18.6314251720905,0,355.978378742933,0,132.101223647594,0,0,2.98649188876152,0,0,0,0,0,0,0,0,0,0,0,0,0,0,0,0,0,0,0,0,6.91214454174042,0,0
0,0,0,31.4925893247128,0,577.505252063274,0,961.325900927186,0,0.636178433895111,0,0,0,77.9167965650558,0,0,0,0,0,149.988674104214,0,0,0,0,0,0,0,0,0,0,0,0,0,0,0,22.9173517227173,0,0,0,0.129711866378784,0,2.29554149508476,0,0,0,12.757229372859,0,0,0,2.17915281653404,0,0,0,926.514319881797,0,0,0,61.729265332222,0,324.33548489213,0,15.3968447744846,65.4341392815113,0,0,0,0,0,0,0,0,0,0.352174639701843,0,0,0,0,0,93.209567502141,0,0.902148544788361,0,346.298296928406,0,90.7325084656477,0,0
0,0,0,0,1.01276159286499,0,426.726515382528,0,0,0,0,0,0,0,0,0,0,0,0,0,13.1923341751099,0,0,0,0,0,0,0,0,0,0,0,0,0,0,0,0,0,0,0,0,0,0,0,0,0,0,0,0,0,83.8834180384874,0,0,0,0,0,97.5960691869259,0,107.635561451316,0,0,0,0,0,0,0,0,0,0,0,0,0,0,0,0,0,0,0,0,0,0,0,113.505146175623,0,0,0,0
0,0,0,0,0,132.686300724745,0,944.534179449081,0,0,0,58.639698266983,0,36.9414223432541,0,0,0,0,0,0,0,0,0,0,0,0,0,0,0,0,0,0,0,0,0,0,0,0,0,0,0,0,0,0,0,0,0,0,0,0,0,926.514319881797,0,0,0,0,0,584.921531632543,0,362.017098858953,0,0,0,0,0,0,0,0,0,0,0,0,0,0,0,0,0,0,0,0,0,0,236.160016477108,0,0,0,0
220.60509544611,0,4.58554062247276,0,73.349907040596,0,0,0,1221.43256571889,0,0,0,0,0,121.011607348919,0,97.6798143833876,4.10537097603083,34.9239704534411,0,0,0,0,0,61.5378958880901,0,0,0,0,0,0,0,0,0,1.21690982580185,0,0,0,43.5276689827442,1.15405537933111,0,26.9397601410747,44.7258834466338,0.200998574495316,0.522414907813072,6.13408866524696,0.445124283432961,0,64.6034986972809,0.120540648698807,5.92749485373497,0,0,0,0,0,9.58145353198051,0,6.78373047709465,0,469.657846450806,0,0,1.15974587202072,0,0,0,573.005227461457,0,5.53268787264824,0,1.23753038048744,2.94527495652437,27.293628051877,0,0,0,4.00907710194588,0,0,0,210.539603412151,58.8799047321081,0,76.4503253959119,5.39087434113026,2.03454533219337
0,239.61847011745,0,60.9046171754599,0,23.2141362726688,0,0,0,1361.60882878304,0,0,0,0,0,90.8751885592937,0,157.19231274724,9.37554360926151,0,0,0,0,37.5218161046505,0,14.7075333595276,0,0,0,0,0,0,0,5.91359031200409,0,2.6443856805563,0,47.4191809892654,0,0,0,38.6365986168385,0,1.10800299048424,0,23.1000461354852,0.611351013183594,9.67710143327713,0,16.56570738554,0,0,0,0,0,0,0,1.03227736055851,0,0,0,218.588047936559,0.964207530021667,0,0,0,710.606187850237,0,14.7233798801899,0,0,0,17.6144886314869,0,0,0,22.8571153432131,0,2.30019716918468,0,404.806197836995,0,57.8110990971327,2.90027689933777,416.588334456086,0,0
1.06832620501518,0,61.191719211638,0.770443975925446,203.710769742727,0,87.561774969101,0,100.879818603396,0,3795.08344139159,0,59.7521270811558,0,1.0368130505085,0,5.39560031890869,1.76797813177109,43.1654498949647,0,1628.87625136971,0,0,0,2.29586565494537,0,0,0,11.4413179159164,0,0,0,0,0,0,0,638.200933411717,0,1612.58404377103,0,5.57927091419697,5.99205034971237,923.928515903652,0,2.66426573693752,6.59414745122194,463.562014177442,6.15706972777843,127.625592589378,0,18.6314251720905,0,97.5960691869259,0,9.58145353198051,0,0,0,430.984494000673,0,12.8341591656208,0,0,1635.74457568675,0,0,0,1.86430087685585,0,0,0,301.966032654047,0,746.318113714457,0,0,0,0,0,225.796906784177,0,11.0704719424248,769.980187632143,331.329996034503,2021.99236924946,0.342706918716431,3.43435004353523
0,19.4132325202227,0,116.026104778051,0,2.86118261516094,0,313.876893803477,0,7.18988670408726,0,3548.8392701596,0,670.845438286662,0,0,1.3146405518055,0.315255731344223,18.6265432909131,652.782889887691,0,0,0,0.61383181810379,0,0,0,0,0,39.4889858961105,0,0,0,0,0,367.783308967948,0,967.786666870117,0,0.773591309785843,0.599352180957794,122.504376418889,0,1.12994879484177,0.0980119705200195,133.505855739117,1.77504932880402,0.439313679933548,0,69.3457500264049,0,61.729265332222,0,584.921531632543,0,1.03227736055851,0,0,0,1598.93114443123,0,30.6501875966787,1011.28495673835,0,0,0,0,0,0,0,0,0,441.584504932165,0,0,0,0,0,199.83913525939,0,74.2683804035187,0,146.349943041801,0.118827119469643,1347.49928597361,0.368725150823593,0
12.4985868483782,0,24.5257566273212,0,194.536640942097,0,55.5126501768827,0,30.4035465419292,0,29.2234075963497,0,1165.17052584887,0,4.6461675465107,0,0,0,1.38418963551521,0,3.13125759363174,0,0,0,0,0,0,0,0,0,0,0,0,0,0,0,41.4584690183401,0,0,0,0.356212377548218,0,20.0499183386564,0,0.748614549636841,0,22.9653180837631,0.863505840301514,54.8861379027367,0,355.978378742933,0,107.635561451316,0,6.78373047709465,0,430.984494000673,0,0,0,275.946516916156,0,0,90.5469739586115,0,0,0,0,0,11.9520241618156,0,321.101626962423,0,18.8188423663378,0,0,0,0,0,12.8360422849655,0,0.393361538648605,143.338455721736,81.7343664169312,133.645794764161,0,0
0,0,0,22.6725633144379,0,1.59153699874878,0,275.58452385664,0,0,0,1399.38547292352,0,2748.15564122796,0,0,0,0,0,0,0,0,0,0,0,0,0,97.5509821176529,0,16.6926712989807,0,0,0,0,0,11.8666292279959,0,0,0,0,0,3.84869019687176,0,0,0,8.10899132490158,0.243024230003357,0.525174796581268,0,2.22447657585144,0,324.33548489213,0,362.017098858953,0,0,0,1598.93114443123,0,0,0,5.94123083353043,9.91599430143833,0,0,0,0,0,0,0,136.845324963331,0,0.190535575151443,0,0,0,0,0,29.1241247057915,0,0,0,259.060725226998,44.5934824943542,21.1059921234846,0,0
255.721856057644,0,8.35195112228394,0,44.1098926067352,0,0,0,484.828776270151,0,0,0,47.5333373695612,0,939.252621620893,0,0.561243414878845,0,0,0,0.513628780841827,0,0,0,0.881065189838409,0,0,0,0,0,0,0,0,0,0,0,11.3533274531364,0,1.9016680419445,0,0.27313905954361,0,26.2009715437889,0,0,0,1.88179749250412,4.75514264404774,240.983147516847,0,132.101223647594,0,0,0,469.657846450806,0,12.8341591656208,0,275.946516916156,0,0,0,0,24.2781072854996,0,0,0,42.6421022415161,0,22.3324653953314,0,6.06998255848885,0,14.7145507782698,0,0,0,0,0,6.60633715987206,0,0,43.4123785346746,0.192702040076256,156.72578112781,0,0
0,107.0605815202,0,70.5278896540403,0,0,0,0,0,117.569750279188,0,0,0,390.924500644207,0,340.766115248203,0,416.197664797306,0,1.04804062843323,0,0,0,0,0,0,0,0,0,0,0,0,0,0,0,10.1341026425362,0,0,0,0,0,3.96526783704758,0,0.350670918822289,0,16.6928170621395,2.1284823268652,0,0,35.3129971623421,0,15.3968447744846,0,0,0,218.588047936559,0,30.6501875966787,0,5.94123083353043,0,0,5.51684439182281,0,0,0,18.5324477255344,0,209.440149247646,0,0,0,2.15675647556782,0,0,0,0,0,29.1889690309763,0,0,0,100.353148683906,14.9820557832718,49.1590261757374,0,0
0,0,0,51.2449645996094,0,180.460542589426,0,1.7871365249157,0,1.46865454316139,0,1283.48493245244,0,0,0,0,0,0,0,2081.68611383438,0,0,0,0,0,0,0,0,0,0,0,0,0,0,0,820.412769302726,0,84.3247247338295,0,0,0,16.2101601585746,0,0,0,1331.11264856905,0,0,0,0.81390056014061,0,65.4341392815113,0,0,0,0.964207530021667,0,1011.28495673835,0,9.91599430143833,0,5.51684439182281,0,0,0,0,0,0,0,0,0,0,195.740851864219,0,0,0,0,0,234.688884012401,0,17.8111407160759,0,132.838400147855,0,1539.71672393382,0.308451652526855,0
3.89873456954956,0,143.644561067224,0,42.1067530810833,0,0,0,54.1297356337309,0,106.473874092102,0,0,0,0,0,1.93252596259117,0,7.68557567894459,0,1004.37250478566,0,0,0,0,0,0,0,0,0,0,0,0,0,0,0,568.236555278301,0,0,0,0.860431253910065,0.137061849236488,17.9828436374664,0,0.225014388561249,0.518564745783806,947.033092662692,0,0.21141354739666,0,2.98649188876152,0,0,0,1.15974587202072,0,1635.74457568675,0,90.5469739586115,0,24.2781072854996,0,0,0,0,0,0,0,0,0,0,0.398080438375473,0,430.735034018755,0,0,0,0,0,438.337594360113,0,113.047068491578,356.148093521595,0,990.742236956954,0,0
0,0,0,0,0,0,0,0,0,0,0,0,0,0,0,0,3.70556831359863,187.392519414425,0,0,0,4290.11073800921,48.0664169788361,353.730810582638,0,7.06524324417114,0,501.23012804985,0,0,0,0,0,0,0,0,0,402.206846430898,0,0,0,0,0,0,0,0,0,0,0,254.628069907427,0,0,0,0,0,0,0,0,0,0,0,0,0,0,0,0,400.974871098995,0,475.311898306012,0,1543.39498513937,0,0,0,0,0,0,0,0,0,523.967415958643,0,454.266449600458,0,0,0,0
0,0,0,0,0,0,0,0,0,0,0,0,0,0,0,0,77.2524216175079,0,0,0,0,0,5182.10951879621,0,86.0003775805235,0,15.9757153987885,0,40.1756126880646,0,0,0,0,0,0,0,0,0,769.297738313675,0,0,0,0,0,0,0,0,0,376.331517025828,0,0,0,0,0,0,0,0,0,0,0,0,0,0,0,0,0,0,158.097084715962,0,524.808740258217,0,297.485816687346,0,0,0,0,0,0,0,0,0,842.552817359567,455.634668558836,219.406423300505,0,0,0
0,10.4052478671074,0,0,0,0,0,0,0,91.3549148440361,0,0,0,0,0,0,1.59377002716064,139.263234317303,2.51008582115173,0,0,138.999876767397,0,545.427961200476,0,145.203046560287,2.51126623153687,0,0,0,0,0,0,1.06276202201843,0,0,0,228.800463810563,0,0,0,0,0,0,0,0,0,2.0129708647728,0,248.023706659675,0,0,0,0,0,710.606187850237,0,0,0,0,0,18.5324477255344,0,0,400.974871098995,0,0,0,133.737772941589,0,0,0,0,0,0,0,9.88290706276894,0,0,0,453.239645063877,0,7.6668598651886,0,108.435418248177,0,0
0,0.0992453247308731,0.919826582074165,0.165205743163824,0,0,0,0,117.447057619691,0,0,0,0,0,0,0,77.4207234382629,35.6849341541529,11.5991367101669,0,0,0,32.1796651184559,0,300.125788211823,0,7.4606077671051,0,0,0,0,0,0,0,0,0,0,0,238.538411855698,0,0,17.1450890190899,14.6291655004025,0,0,5.67693699896336,5.15516862273216,0.247216582298279,218.250219017267,0.184703551232815,0,0,0,0,573.005227461457,0,1.86430087685585,0,0,0,42.6421022415161,0,0,0,0,158.097084715962,0,0,0,54.4426015019417,0,0,2.79773362725973,13.3185530900955,0,0,0,2.64166820049286,0,0,0,184.33612754941,27.5452186204493,0,52.8807275854051,1.61544676870108,0
0,10.3785854876041,0,0,0,0,0,0,0,0,0,0,0,0,0,1.22741973400116,13.4466033577919,1477.64153134823,0,0,0,29.380328387022,0,586.580521553755,0,192.32371032238,3.37098836898804,0,0,0,0,0,0,0,0,0,0,0,0,0,0,0,0,0,0,0,0,0,0,0,0,0,0,0,0,14.7233798801899,0,0,0,0,0,209.440149247646,0,0,475.311898306012,0,133.737772941589,0,0,1.8291347026825,231.237908929586,0,0,0,0,0,0,0,0,0,0,0,0,0,0,0,0
0,0,0,0,0,0,0,0,40.7321568727493,0,0,0,1,0,92.9179352521896,0,1962.34648418427,95.1490733027458,0,0,0,0,61.8371204733849,0,723.582659393549,0,254.350842267275,0,1,0,0,0,0,0,0,0,0,0,0,0,0,0,0,0,0,0,0,0,46.4811672568321,0,0,0,0,0,5.53268787264824,0,0,0,11.9520241618156,0,22.3324653953314,0,0,0,0,524.808740258217,0,54.4426015019417,1.8291347026825,0,0,213.465138286352,0,0,0,0,0,0,0,0,0,0,8.918585896492,1.35043713450432,1.75916954874992,0,0
0,0,0,0,0,0,0,0,0,0,0,0,0,116.9271042943,0,0,0,0,0,0,0,201.260509103537,0,0,0,0,0,3044.08055615425,0,691.145805388689,0,0,0,0,0,0,0,225.727258861065,0,0,0,0,0,0,0,0,0,0,0,0,0,0,0,0,0,0,0,0,0,136.845324963331,0,0,0,0,1543.39498513937,0,0,0,231.237908929586,0,0,0,38.5679438114166,0,0,0,0,0,0,0,130.614840507507,0,478.014950245619,652.539299815893,0,0,0
0,0,1.95283244550228,0,0,0,0,0,0.2276751101017,0,0,0,105.618102401495,0,0,0,0,0,0,0,0,0,2.16400450468063,0,0,0,1.84983420372009,0,1784.70772260427,0,210.207891732454,0,0,0,0,0,0,0,0,0,0,0,4.98974385857582,0,0,0,1.1872985959053,0.694226801395416,35.097195148468,0,0,0,0,0,1.23753038048744,0,301.966032654047,0,321.101626962423,0,6.06998255848885,0,0,0.398080438375473,0,297.485816687346,0,0,0,213.465138286352,0,0,0,0.431474655866623,0,0,0,0,0,0,0,103.408516943455,243.086810663342,364.085910499096,7.23250344395638,0,0
0,31.3960046172142,0.153867214918137,96.5853628069162,0,4.10039611160755,0,0,2.05895359069109,45.1272305101156,0,79.8873485922813,0,0,0,0,13.1316731348634,5.85600820183754,252.244865529239,0,0,0,0.205042362213135,10.8666922152042,0,0,0,59.1638917326927,0,159.946431815624,0,0,0,0,0,0,0,253.217910468578,0,6.39163234829903,0.163962110877037,689.885963670909,12.2126313894987,12.8502691090107,1.04697087407112,302.953877329826,4.17963153123856,0.259804636240005,0,44.5512425899506,0,0.352174639701843,0,0,2.94527495652437,17.6144886314869,0,441.584504932165,0,0.190535575151443,0,2.15675647556782,195.740851864219,0,0,0,0,2.79773362725973,0,0,38.5679438114166,0,0,2.51475895941257,0,0,0,0,2.61316508054733,0,80.8010318875313,0,334.780091226101,0.426623001694679,899.925599969923,6.84429715573788,0.310764878988266
