0,0,3.79775738003246,0,0,0,0,0,4.45388733152974,0,0,0,0,0,0,0,35.3336300168719,68.6161117553711,19.4464302659035,0,0,0,0,0,0,0,0,0,0,0,0,0,0,0,0,0,0,0,0,0,0,0,17.2976963713362,0,7.58025646209717,0,0,0,4.76084888092135,0,11.2219357857337,0,0,0,4.13383952567452,0,0,0,0,0,3.53699947320498,0,0,0,0,0,0,0,0,0,0,0,0,0,0,0,0,0,0,44.5786514282227,0,0,10.0087686973614,0,13.4324342504554,0,0
0,0,0,5.33876789533175,0,0,0,0,0,5.53924658023394,0,0,0,0,0,7.71390008926392,0,0,5.38045573234558,0,0,0,0,8.89743356446962,0,0,0,0,0,0,0,0,0,0,0,0,0,16.4685393416363,0,0,0,6.26127857632107,0,0,0,0,0,0,0,4.94419449882687,0,0,0,0,0,4.62478592547965,0,0,0,0,0,7.34201901131256,0,0,0,0,10.8866798574274,0,0,0,0,0,0,0,0,0,0,0,0,0,18.2677773960301,0,7.17140853460966,0,6.94418553463713,7.17911291122437,0
3.79775738003246,0,0,0,8.67220803803089,0,0,0,0,0,34.5045928955078,0,0,0,0,0,80.6442413330078,0,56.3004112243652,0,31.4521942138672,0,0,0,0,0,0,0,0,0,35.7204708523221,0,0,0,0,0,0,0,34.7235450744629,0,38.4667803446452,0,24.3929973160661,0,0,0,29.2170505523682,0,36.9942027330399,0,4.33819642748152,64.3090515136719,0,0,0,0,27.1725135959991,73.3376922607422,0,64.4013595581055,3.20274666260029,0,61.9340400695801,28.5773738679432,0,0,0,0,0,0,0,30.8852405548096,80.1220932006836,34.8956155448124,0,0,0,0,0,50.8438162370162,0,38.4917491149902,21.5093176333935,0,17.9646031746098,0,18.0682240832936
0,5.33876789533175,0,0,0,11.9804179808673,0,0,0,0,0,0,0,0,0,0,0,64.3893051147461,0,0,0,0,0,0,0,0,0,0,0,0,0,0,0,0,0,37.5177536010742,0,0,0,39.6911296844482,0,28.0898053584955,0,0,0,11.3939986569541,0,0,0,25.5886642932892,0,9.07395650494483,0,0,0,0,71.4827766418457,4.44390328962411,0,6.75379490107298,0,7.14651853051679,0,55.641019821167,0,0,0,0,0,0,0,0,34.1672204971313,0,0,0,0,0,42.9592491149902,81.2051200866699,37.5340169270833,0,11.8131480718914,0,7.58967202963652,0,0
0,0,8.67220803803089,0,0,0,0,0,0,0,0,0,0,0,0,0,0,0,52.0105209350586,0,6.24377661889738,0,0,0,0,0,0,0,0,0,0,0,0,0,0,0,52.4148381551107,0,0,0,47.3158645629883,0,37.6824150085449,0,0,0,25.0591297149658,0,0,0,3.64403416030109,0,0,0,0,0,7.31520203983083,0,0,0,0,0,0,10.3722571335217,0,0,0,0,0,0,0,0,0,0,0,0,0,0,0,37.6648877461751,0,0,3.71529172622051,0,9.79286007759935,0,0
0,0,0,11.9804179808673,0,0,0,3.5994598865509,0,3.23970890045166,0,0,0,0,0,0,0,0,0,12.6751766204834,0,0,0,0,0,0,0,0,0,0,0,0,0,0,0,0,0,0,0,43.8155487060547,0,39.4114928707,0,0,0,18.6790754988387,0,0,0,48.2473521513097,0,3.82763524828304,0,3.49276950441558,0,3.59597706794739,73.5633583068848,20.9167737960815,0,0,0,0,13.8066957841708,68.028923034668,0,0,0,0,0,0,0,0,43.7299690246582,0,0,0,0,0,43.3305095036825,0,0,0,18.9280043732036,2.84653313954671,15.1977579819413,0,0
0,0,0,0,0,0,0,0,0,0,3.73297049068823,0,0,0,0,0,0,0,0,0,7.03643204615666,0,0,0,0,0,0,0,0,0,0,0,0,0,0,0,2.95944285392761,0,0,0,0,0,0,0,0,0,0,0,0,0,0,0,3.29885665238914,0,0,0,5.09261116289323,0,0,0,0,0,0,9.97398889064789,0,0,0,0,0,0,0,0,0,0,0,0,0,0,0,0,0,0,5.28185129165649,0,0,0,0
0,0,0,0,0,3.5994598865509,0,0,0,0,0,3.35489032116342,0,2.86383955819266,0,0,0,0,0,0,0,0,0,0,0,0,0,0,0,0,0,0,0,0,0,0,0,0,0,0,0,0,0,0,0,0,0,0,0,0,0,2.72969269752502,0,3.02190180707861,0,0,0,2.96165257692337,0,3.24551482200623,0,0,0,0,0,0,0,0,0,0,0,0,0,0,0,0,0,0,0,0,0,0,0,0,0,0,0
4.45388733152974,0,0,0,0,0,0,0,0,0,0,0,0,0,6.60431591669718,0,18.5544478889038,54.703931927681,23.7220638275146,0,0,0,0,0,4.75167414199474,0,27.787917137146,0,0,0,0,0,0,0,0,0,0,0,6.44038239575307,59.957275390625,0,87.0578536987305,3.91259464239463,0,0,0,0,0,9.91979640180414,0,0,0,0,0,4.66397139936123,0,0,0,0,0,20.6965596675873,0,0,0,0,0,0,3.20304223207327,0,18.1729688644409,0,0,0,0,0,0,0,0,0,57.5126838684082,0,9.91947993067385,9.2106363797862,0,7.65124596837741,0,36.0565757751465
0,5.53924658023394,0,0,0,3.23970890045166,0,0,0,0,0,0,0,0,0,2.95610582828522,49.3824713389079,19.2048571790968,21.6253981590271,0,0,0,0,4.90496030296247,0,2.84362733364105,52.985408782959,0,0,0,0,0,0,0,0,30.1158065795898,0,7.85693323085183,0,0,0,18.74874253834,0,0,0,17.2430317560832,0,0,0,38.5454477866491,0,26.417103767395,0,0,0,6.7143558455236,0,25.038158416748,0,0,0,10.9785652160645,14.4099428994315,0,0,0,9.04111964362008,0,0,0,0,0,0,0,0,0,0,0,0,0,11.232026171857,0,8.95872562272208,0,7.82762744358931,0,0
0,0,34.5045928955078,0,0,0,3.73297049068823,0,0,0,0,0,3.88285204342433,0,0,0,0,0,50.0500860214233,0,5.04791431821835,0,0,0,0,0,0,0,0,0,8.26316956244409,0,0,0,0,0,3.35925534036424,0,4.19619405601374,0,58.5470809936523,0,27.3775118192037,0,0,0,22.0172379357474,0,0,0,0,0,5.7978150593607,0,0,0,5.60174345625712,0,0,0,0,0,74.3136825561523,9.22369993383234,0,0,0,0,0,0,0,0,0,10.0020553557599,0,0,0,0,0,8.77582632240496,0,6.75775309755832,3.26682278944209,0,34.906790415446,0,23.3425521850586
0,0,0,0,0,0,0,3.35489032116342,0,0,0,0,0,2.84235857327779,0,0,0,0,0,3.64220652092982,0,0,0,0,0,0,0,0,0,3.81128799915314,0,0,0,0,0,3.03272340695063,0,3.36912463821916,0,0,0,0,0,0,0,0,0,0,0,0,0,0,0,3.32726645469666,0,0,0,5.26736635306092,0,0,0,0,4.88490302222116,0,0,0,0,0,0,0,0,0,5.62646671574379,0,0,0,0,0,3.07802831425386,0,4.93433737359653,0,3.28663818751063,2.9675612449646,8.15107258160909,0,0
0,0,0,0,0,0,0,0,0,0,3.88285204342433,0,0,0,0,0,0,0,0,0,0,0,0,0,0,0,0,0,0,0,0,0,0,0,0,0,0,0,0,0,0,0,0,0,0,0,0,0,0,0,0,0,3.15720462799072,0,0,0,2.96015095710754,0,3.78932314240531,0,0,0,0,0,0,0,0,0,0,0,0,0,0,0,0,0,0,0,0,0,0,0,0,2.95882678031921,0,0,0
0,0,0,0,0,0,0,2.86383955819266,0,0,0,2.84235857327779,0,0,0,0,0,0,0,0,0,0,0,0,0,0,0,0,0,0,0,0,0,0,0,0,0,0,0,0,0,0,0,0,0,0,0,0,0,0,0,0,0,0,0,0,0,0,0,3.65160162308637,0,2.74440574645996,0,0,0,0,0,0,0,0,0,0,0,0,0,0,0,0,0,0,0,0,3.33276098966599,3.02779523531596,0,0,0
0,0,0,0,0,0,0,0,6.60431591669718,0,0,0,0,0,0,0,13.0596168473759,51.1255627800437,53.3769423166911,0,0,0,22.8978283405304,0,20.7195644378662,0,8.38206769680155,0,0,0,0,0,0,0,0,0,0,0,0,0,0,0,0,0,0,0,0,0,0,0,0,0,0,0,0,0,0,0,3.25744524002075,0,3.19172908245832,0,0,0,0,0,0,0,0,3.94261026031831,0,0,0,0,0,0,0,0,0,0,0,0,11.0691096894881,0,0,87.9528732299805,0
0,7.71390008926392,0,0,0,0,0,0,0,2.95610582828522,0,0,0,0,0,0,0,11.0473647594452,0,0,0,0,0,5.788445353508,0,2.85626614093781,0,0,0,0,0,0,0,0,0,0,0,0,0,0,0,0,0,0,0,0,0,0,0,3.78657269477844,0,0,0,0,0,7.82217829568045,0,0,0,0,0,3.24960671395672,0,0,0,0,4.2803300782746,0,0,0,0,0,0,0,0,0,0,0,0,0,0,0,3.03965954780579,0,0,0,0
35.3336300168719,0,80.6442413330078,0,0,0,0,0,18.5544478889038,49.3824713389079,0,0,0,0,13.0596168473759,0,0,30.3125887341489,26.283608228097,0,0,0,20.5400252990003,0,18.407760671333,31.6341304779053,15.1771947254881,0,4.90964082571176,0,62.5375200907389,0,0,0,0,0,101.68758392334,0,0,76.5447994578968,63.563328229464,64.9283500581276,46.0428317580904,57.182102839152,87.4305725097656,71.486684526716,55.5007088834589,0,55.6354598999023,65.1140327453613,0,0,0,0,0,0,76.9010620117188,0,0,0,14.4033595076147,0,79.9921811421712,69.2845164331897,0,0,0,13.2871570587158,32.8946685791016,17.3090733999159,0,0,86.8118896484375,70.4609251022339,0,0,0,0,83.7704267032811,71.2569395527244,82.5783227371843,65.7345451434869,18.660591007338,6.60258915047256,59.3420168080724,61.1970011393229,44.4055173503819
68.6161117553711,0,0,64.3893051147461,0,0,0,0,54.703931927681,19.2048571790968,0,0,0,0,51.1255627800437,11.0473647594452,30.3125887341489,0,27.6140623432005,0,0,2.83073706626892,44.6671267918178,0,38.7085103988647,11.0048917134603,50.6160373881384,0,0,0,0,0,0,0,0,0,99.8633944193522,0,136.574234008789,70.1940639446943,72.9633457578462,57.8807924224109,69.0429945725661,51.5557163238525,0,60.3979930877686,67.9509704991391,0,0,96.4979578653971,0,0,0,0,0,0,83.5954170227051,0,0,0,41.0089454650879,3.54252883067002,76.9267074584961,91.0195636749268,0,0,0,0,25.578457559858,47.3494790743475,0,0,80.9123662312825,104.471700032552,0,0,0,0,80.5502712814896,88.5222854614258,73.2743185399994,82.6762084073799,23.6091204340107,7.52311100327216,66.1843815932037,53.6953542479153,74.4329345703125
19.4464302659035,5.38045573234558,56.3004112243652,0,52.0105209350586,0,0,0,23.7220638275146,21.6253981590271,50.0500860214233,0,0,0,53.3769423166911,0,26.283608228097,27.6140623432005,0,0,37.7392578125,0,54.3900518417358,0,71.1060810089111,45.9330368041992,56.5222694079081,0,0,0,36.8447799682617,0,0,0,0,82.7467056274414,73.2372324231645,0,52.3192005157471,53.70027689227,51.202440738678,35.3726527881806,30.3599551718158,21.1687408560798,15.0889015197754,55.9060998838775,46.6466934841334,0,48.5670289993286,60.968528842926,0,0,0,0,0,0,58.1436681747437,34.2010828653971,0,0,26.0905292299059,31.7770929336548,67.745884977741,61.7507722468975,0,0,0,0,0,64.3689527511597,0,30.2816066741943,42.5974460213871,48.4790920151605,0,0,0,0,60.9200315784346,55.4495815615615,52.1825818774802,50.0546110545963,17.8788119596172,38.7457116733898,43.8803100959684,32.0138345259089,31.1804913395016
0,0,0,0,0,12.6751766204834,0,0,0,0,0,3.64220652092982,0,0,0,0,0,0,0,0,0,0,0,0,0,0,0,0,0,0,0,0,0,0,0,4.64182431024054,0,5.61227728783245,0,0,0,27.7305145263672,0,0,0,16.2577460793888,0,0,0,0,0,7.74636256694794,0,0,0,0,0,10.1207539354052,0,0,0,0,4.47033364677675,0,0,0,0,0,0,0,0,0,16.9994121158824,0,0,0,0,0,6.06916931923145,0,13.0675182135808,0,4.36560667385845,2.742182970047,9.38784177014322,0,0
0,0,31.4521942138672,0,6.24377661889738,0,7.03643204615666,0,0,0,5.04791431821835,0,0,0,0,0,0,0,37.7392578125,0,0,0,0,0,0,0,0,0,0,0,14.410807234342,0,0,0,0,0,6.11632244663442,0,5.33691914876302,58.8430252075195,50.4527460734049,87.0788726806641,38.7024095708674,0,0,0,16.5749969993319,0,35.8535690307617,0,4.98469705942298,0,0,0,0,0,7.11115461396826,0,0,83.2520599365234,0,0,66.0259170532227,5.86734038588677,0,0,0,0,0,0,0,0,0,13.7169526515045,0,0,0,0,0,7.51952192608089,0,8.95237742283947,6.97059353629311,0,9.16311834664906,0,20.1784660816193
0,0,0,0,0,0,0,0,0,0,0,0,0,0,0,0,0,2.83073706626892,0,0,0,0,4.42315769801706,4.23343100658683,0,3.10798900850703,0,3.40416124734012,0,0,0,0,0,0,0,0,0,4.2405908816001,0,0,0,0,0,0,0,0,0,0,0,4.62513077559591,0,0,0,0,0,0,0,0,0,0,0,0,0,0,4.59571425802558,2.81170034408569,4.28248570182107,0,2.90553678165783,0,0,0,0,0,0,0,0,0,0,0,6.57769075236575,0,4.11983111579646,3.0305448662151,0,0,0
0,0,0,0,0,0,0,0,0,0,0,0,0,0,22.8978283405304,0,20.5400252990003,44.6671267918178,54.3900518417358,0,0,4.42315769801706,0,0,3.59951946952126,0,7.94250382913282,0,3.82554571101299,0,0,0,0,0,0,0,0,0,3.92652794728914,0,0,0,0,0,0,0,0,0,4.27886144919965,0,0,0,0,0,0,0,0,0,0,0,21.9691114425659,0,0,0,6.49762952327728,4.61753107424613,0,3.82480778850493,0,9.3267355083239,0,5.02579376621852,0,0,0,0,0,0,0,0,0,4.5704271097978,5.55238338884134,3.82179321740803,71.4232330322266,0,0
0,8.89743356446962,0,0,0,0,0,0,0,4.90496030296247,0,0,0,0,0,5.788445353508,0,0,0,0,0,4.23343100658683,0,0,0,3.81155395871255,0,0,0,0,0,0,0,0,0,0,0,5.947069296032,0,0,0,0,0,0,0,0,0,0,0,8.14344891905785,0,0,0,0,0,6.34794508743286,0,0,0,0,0,11.1527101198832,0,0,5.28136074696112,0,4.80500076580735,0,5.65129232406616,0,0,0,0,0,0,0,0,0,0,0,6.73978937403452,0,4.21510516895967,0,4.40049556096395,0,0
0,0,0,0,0,0,0,0,4.75167414199474,0,0,0,0,0,20.7195644378662,0,18.407760671333,38.7085103988647,71.1060810089111,0,0,0,3.59951946952126,0,0,0,4.36315722214548,0,0,0,0,0,0,0,0,0,0,0,4.51730054644396,0,0,0,0,0,0,0,0,0,5.0656581141732,0,0,0,0,0,3.5157314255124,0,0,0,0,0,18.3219909667969,0,0,0,0,3.11561799049377,0,4.30046357337693,0,4.76695516463873,0,0,0,0,0,0,0,0,0,125.908058166504,0,8.57726830673218,9.31294195721115,0,6.20640175482806,0,0
0,0,0,0,0,0,0,0,0,2.84362733364105,0,0,0,0,0,2.85626614093781,31.6341304779053,11.0048917134603,45.9330368041992,0,0,3.10798900850703,0,3.81155395871255,0,0,0,3.50556763606285,0,0,0,0,0,0,0,0,0,0,0,0,0,0,0,0,0,0,0,0,0,3.55478414205404,0,0,0,0,0,0,0,0,0,0,0,3.38261119524638,0,0,3.26247749148675,0,6.29112748698787,0,4.08122877949163,0,3.91370768700877,0,0,0,0,0,0,0,0,0,0,0,3.13255663921959,0,0,0,0
0,0,0,0,0,0,0,0,27.787917137146,52.985408782959,0,0,0,0,8.38206769680155,0,15.1771947254881,50.6160373881384,56.5222694079081,0,0,0,7.94250382913282,0,4.36315722214548,0,0,0,0,0,0,0,0,0,0,0,0,0,0,0,0,96.9204902648926,0,0,0,0,0,0,0,0,0,0,0,0,0,0,0,0,0,0,11.1435193220774,0,0,0,0,2.95325970649719,0,3.31548664967219,0,3.97179774775904,0,3.12362098693848,0,0,0,0,0,0,0,0,0,0,15.1306693416193,0,106.168197631836,0,131.239868164062
0,0,0,0,0,0,0,0,0,0,0,0,0,0,0,0,0,0,0,0,0,3.40416124734012,0,0,0,3.50556763606285,0,0,0,2.98580140730078,0,0,0,0,0,0,0,3.41883113167503,0,0,0,0,0,0,0,0,0,0,0,0,0,0,0,0,0,0,0,0,0,0,0,0,0,0,3.62503389716148,0,0,0,4.24675328201718,0,3.76105443995101,0,11.3718605041504,0,0,0,0,0,0,0,0,0,2.87317159175873,0,0,0,0
0,0,0,0,0,0,0,0,0,0,0,0,0,0,0,0,4.90964082571176,0,0,0,0,0,3.82554571101299,0,0,0,0,0,0,0,2.83126382827759,0,0,0,0,0,0,0,0,0,0,0,0,0,0,0,0,0,0,0,0,0,0,0,0,0,0,0,0,0,0,0,0,0,0,4.08864610467181,0,0,0,0,0,5.02845940870397,0,2.97080404228634,0,0,0,0,0,0,0,0,2.7487450838089,0,0,0,0
0,0,0,0,0,0,0,0,0,0,0,3.81128799915314,0,0,0,0,0,0,0,0,0,0,0,0,0,0,0,2.98580140730078,0,0,0,0,0,0,0,0,0,4.31503733193002,0,0,0,0,0,0,0,0,0,0,0,0,0,0,0,0,0,0,0,8.69459358851115,0,0,0,0,0,0,0,0,0,0,0,0,3.09040044533445,0,5.17659772813436,0,0,0,0,0,0,0,3.6066454787587,0,4.01630878448486,0,0,0,0
0,0,35.7204708523221,0,0,0,0,0,0,0,8.26316956244409,0,0,0,0,0,62.5375200907389,0,36.8447799682617,0,14.410807234342,0,0,0,0,0,0,0,2.83126382827759,0,0,0,0,0,0,0,0,0,3.17707462434645,0,61.6183090209961,0,26.807660039266,0,0,0,40.0176553726196,0,54.1329193115234,0,0,0,0,0,0,0,10.0450351175919,85.7805252075195,0,0,0,0,0,19.9637391525402,0,0,0,0,0,0,0,0,0,5.14466837853999,0,0,0,0,0,50.1270790100098,0,5.45861909389496,27.2112671375275,0,39.2886531903194,0,24.7086484527588
0,0,0,0,0,0,0,0,0,0,0,0,0,0,0,0,0,0,0,0,0,0,0,0,0,0,0,0,0,0,0,0,4.50825798399396,4.20642954111099,3.83585353195667,0,0,0,0,0,0,0,0,0,0,0,0,4.76234156108764,0,0,0,0,0,0,0,0,0,0,0,0,0,0,0,0,0,0,0,0,0,0,0,0,0,0,6.50248398312444,6.09297803479186,3.89574905617596,4.72493893024968,7.25848524226646,0,0,0,3.2729943715609,0,0,0,0
0,0,0,0,0,0,0,0,0,0,0,0,0,0,0,0,0,0,0,0,0,0,0,0,0,0,0,0,0,0,0,4.50825798399396,0,2.96576060189141,3.25937461853027,0,3.10314939368484,0,0,0,0,0,0,0,0,0,0,4.68396402470076,0,0,0,0,0,0,0,0,0,0,0,0,0,0,0,0,0,0,0,0,0,0,0,0,0,0,10.0253883443968,5.10315674543381,0,2.74696254730225,14.9108443260193,3.48929153827199,0,0,3.14573531302195,0,0,0,0
0,0,0,0,0,0,0,0,0,0,0,0,0,0,0,0,0,0,0,0,0,0,0,0,0,0,0,0,0,0,0,4.20642954111099,2.96576060189141,0,5.25663810452282,4.63705649965917,0,9.15659210370015,4.70412413279216,0,0,0,0,0,0,0,0,7.02552020506653,29.9751281738281,18.8500712712606,0,0,0,0,0,0,0,0,0,0,0,0,0,0,0,0,0,0,0,0,0,0,0,0,3.50103290875753,2.93797743320465,5.0691436109764,5.32521484665637,6.36003596215021,0,8.4992029630589,9.65380314985911,6.43786781554998,0,19.3332104682922,0,0
0,0,0,0,0,0,0,0,0,0,0,0,0,0,0,0,0,0,0,0,0,0,0,0,0,0,0,0,0,0,0,3.83585353195667,3.25937461853027,5.25663810452282,0,0,5.56642482210608,0,4.08895028748939,0,0,0,0,0,0,0,0,4.92901858163612,10.3852939233184,20.4445362091064,0,0,0,0,0,0,0,0,0,0,0,0,0,0,0,0,0,0,0,0,0,0,0,0,10.08629322052,0,5.0083730685391,4.20256693544465,0,5.74164176717774,0,7.53489415934224,5.00754455311198,0,0,0,0
0,0,0,37.5177536010742,0,0,0,0,0,30.1158065795898,0,3.03272340695063,0,0,0,0,0,0,82.7467056274414,4.64182431024054,0,0,0,0,0,0,0,0,0,0,0,0,0,4.63705649965917,0,0,2.88789776819093,7.40335025718025,0,19.9925934927804,0,45.4094170331955,0,0,0,13.1766299095499,0,0,0,23.3851674686779,0,0,0,0,0,0,0,12.9476495265961,0,37.45703125,0,0,6.81175330336057,0,0,0,0,0,0,0,0,0,80.6976699829102,0,0,0,4.32575073507097,0,6.1685265729355,0,6.67189306632701,0,6.17821125818541,3.95827637471651,15.8780868010087,60.0541114807129,0
0,0,0,0,52.4148381551107,0,2.95944285392761,0,0,0,3.35925534036424,0,0,0,0,0,101.68758392334,99.8633944193522,73.2372324231645,0,6.11632244663442,0,0,0,0,0,0,0,0,0,0,0,3.10314939368484,0,5.56642482210608,2.88789776819093,0,0,5.09269956044067,119.359893798828,77.4905179341634,84.8946533203125,49.0033860402565,0,54.2646560668945,103.26282119751,25.7871296438452,0,40.5124346415202,0,33.2958679199219,0,0,0,0,0,43.6505876020952,104.370681762695,0,96.9653396606445,0,0,0,16.7093569881133,0,0,0,0,0,0,0,46.3826942443848,0,64.4691528320313,0,3.01801251720738,0,6.40672893426856,0,7.80745260365439,0,7.53212236495762,6.03230440300682,10.9958762168884,21.8260535217646,0,57.9896138509115
0,16.4685393416363,0,0,0,0,0,0,0,7.85693323085183,0,3.36912463821916,0,0,0,0,0,0,0,5.61227728783245,0,4.2405908816001,0,5.947069296032,0,0,0,3.41883113167503,0,4.31503733193002,0,0,0,9.15659210370015,0,7.40335025718025,0,0,4.11164442046744,0,0,51.0546798706055,0,0,0,18.132905179804,0,4.98164085215702,17.4289579391479,7.38346549001722,0,0,0,0,0,15.946960095063,0,7.64042045555863,0,0,0,28.4914112091064,15.9454625354094,0,6.10346847321048,0,7.8838050035109,0,0,0,11.5852880477905,0,5.64202031929144,0,0,0,8.08258596883304,0,8.00555221239726,0,5.34334128707732,3.25054759507651,5.05340614386117,6.70555646188797,5.90467211308952,18.4579887390137,0
0,0,34.7235450744629,0,0,0,0,0,6.44038239575307,0,4.19619405601374,0,0,0,0,0,0,136.574234008789,52.3192005157471,0,5.33691914876302,0,3.92652794728914,0,4.51730054644396,0,0,0,0,0,3.17707462434645,0,0,4.70412413279216,4.08895028748939,0,5.09269956044067,4.11164442046744,0,0,53.7797451019287,0,8.41649348002214,0,0,0,26.059972399757,6.54878834977343,5.97845251453546,0,0,0,0,0,8.95418065935373,0,5.13066372871399,0,0,0,0,0,0,15.5138828013394,0,4.10863468574755,0,5.87897455773386,0,0,0,0,0,5.89819818735123,0,0,13.6838261059352,7.19241949490138,0,5.66586600757036,7.56557001787073,6.27441592508393,4.21849149087189,3.6147189585962,7.68968894990902,0,31.2255451202393
0,0,0,39.6911296844482,0,43.8155487060547,0,0,59.957275390625,0,0,0,0,0,0,0,76.5447994578968,70.1940639446943,53.70027689227,0,58.8430252075195,0,0,0,0,0,0,0,0,0,0,0,0,0,0,19.9925934927804,119.359893798828,0,0,0,91.4498348236084,19.3553186608553,60.2770315253216,29.2172815098482,0,14.031501619321,73.3097410763011,0,0,12.9921780385469,0,46.1766419043908,0,0,0,0,56.9423068653454,42.9878105952822,0,44.0761528015137,0,47.2119255065918,9.8003190582362,47.6132837931315,0,0,0,0,0,0,0,0,54.3435724192652,87.6029529571533,0,0,0,0,12.2414093392369,94.2785041515644,18.97134549739,112.262868245443,36.8969653710114,58.5795974731445,16.0162589683685,22.9410227443207,64.4821731567383
0,0,38.4667803446452,0,47.3158645629883,0,0,0,0,0,58.5470809936523,0,0,0,0,0,63.563328229464,72.9633457578462,51.202440738678,0,50.4527460734049,0,0,0,0,0,0,0,0,0,61.6183090209961,0,0,0,0,0,77.4905179341634,0,53.7797451019287,91.4498348236084,0,66.9314250946045,22.0841992801621,0,28.5449333190918,53.9230550130208,13.2315979670747,0,8.05712702928805,0,0,0,0,0,0,0,50.120818643009,66.2026977539062,0,0,53.1128730773926,0,0,19.1658233586004,0,0,0,0,0,0,0,56.3068313598633,65.4099044799805,57.5255156017485,0,0,0,0,107.271855163574,16.1770639177731,0,55.2324001682338,45.0530784910759,46.7278301532452,14.8441910020918,67.9312907627651,38.9989949739896
0,6.26127857632107,0,28.0898053584955,0,39.4114928707,0,0,87.0578536987305,18.74874253834,0,0,0,0,0,0,64.9283500581276,57.8807924224109,35.3726527881806,27.7305145263672,87.0788726806641,0,0,0,0,0,96.9204902648926,0,0,0,0,0,0,0,0,45.4094170331955,84.8946533203125,51.0546798706055,0,19.3553186608553,66.9314250946045,0,9.73057334639054,16.8029380140513,0,27.1619615828624,62.6479811514578,7.02393450055804,0,10.6437096727913,0,38.4850743611654,0,0,0,0,81.9918460845947,28.5079449088485,0,36.2587441498379,0,37.6988618750321,27.8334912142911,76.1970521678095,0,0,0,0,0,0,31.1155014038086,0,24.4060429540174,93.4511184692383,0,0,0,0,26.6306019314815,83.17495292841,28.0694906546219,80.6391844749451,15.8192075981417,34.8289357757568,17.7353440881326,12.7262638602507,65.4340678623744
17.2976963713362,0,24.3929973160661,0,37.6824150085449,0,0,0,3.91259464239463,0,27.3775118192037,0,0,0,0,0,46.0428317580904,69.0429945725661,30.3599551718158,0,38.7024095708674,0,0,0,0,0,0,0,0,0,26.807660039266,0,0,0,0,0,49.0033860402565,0,8.41649348002214,60.2770315253216,22.0841992801621,9.73057334639054,0,0,0,56.5135116577148,28.8056781911283,16.0042959394909,12.5999903569373,24.7575595855713,42.1338901519775,66.8696060180664,0,0,0,0,22.7607236023686,126.107513427734,0,0,0,0,62.4989878336589,27.5833166582894,0,0,0,0,0,0,0,29.1713144514296,80.8907470703125,30.8588305980236,0,0,0,0,77.9681301116943,26.4814149903861,99.8126945495605,29.7255927686649,21.9221586249816,32.1608715703932,15.3017076272114,73.777650197347,9.7453295685599
0,0,0,0,0,0,0,0,0,0,0,0,0,0,0,0,57.182102839152,51.5557163238525,21.1687408560798,0,0,0,0,0,0,0,0,0,0,0,0,0,0,0,0,0,0,0,0,29.2172815098482,0,16.8029380140513,0,0,0,17.3639781475067,84.8845138549805,0,0,46.0941524505615,0,0,0,0,0,0,0,23.7717485427856,0,0,0,0,28.6455183029175,0,0,0,0,0,0,0,0,0,25.8831452550115,0,0,0,0,0,35.6990020505844,0,29.7197846025229,0,18.2287213903078,9.73115634918213,22.2983008298007,11.8734370299748,0
7.58025646209717,0,0,0,0,0,0,0,0,0,0,0,0,0,0,0,87.4305725097656,0,15.0889015197754,0,0,0,0,0,0,0,0,0,0,0,0,0,0,0,0,0,54.2646560668945,0,0,0,28.5449333190918,0,0,0,0,0,32.215191523234,0,0,0,0,0,0,0,0,0,67.6333389282227,0,0,0,0,0,0,22.9556439717611,0,0,0,0,0,0,0,0,0,0,0,0,0,0,0,32.3306546211243,0,29.6395056797908,39.7127692699432,0,20.3712335586548,0,11.3437166213989
0,0,0,11.3939986569541,0,18.6790754988387,0,0,0,17.2430317560832,0,0,0,0,0,0,71.486684526716,60.3979930877686,55.9060998838775,16.2577460793888,0,0,0,0,0,0,0,0,0,0,0,0,0,0,0,13.1766299095499,103.26282119751,18.132905179804,0,14.031501619321,53.9230550130208,27.1619615828624,56.5135116577148,17.3639781475067,0,0,53.6386817483341,0,0,36.845421015206,0,17.9541527649452,0,0,0,0,57.8009533352322,24.6172157656245,0,21.226851213546,0,22.7018994649251,19.097334631759,53.2612567846326,0,0,0,0,0,0,31.0871023698287,0,21.8616192610516,66.9152984619141,0,0,0,0,22.5736167826791,71.5241015298026,21.3396693780865,69.3992477416992,29.1277518231056,0,15.4887333902239,38.4032081155216,0
0,0,29.2170505523682,0,25.0591297149658,0,0,0,0,0,22.0172379357474,0,0,0,0,0,55.5007088834589,67.9509704991391,46.6466934841334,0,16.5749969993319,0,0,0,0,0,0,0,0,0,40.0176553726196,0,0,0,0,0,25.7871296438452,0,26.059972399757,73.3097410763011,13.2315979670747,62.6479811514578,28.8056781911283,84.8845138549805,32.215191523234,53.6386817483341,0,0,37.9555229371594,85.6483993530273,0,63.6194343566895,0,0,0,0,29.9939789248676,61.5152696881975,0,67.5114822387695,0,64.2860145568848,71.557494354248,16.9243809761442,0,0,0,0,0,0,0,0,88.4178028106689,29.190794890654,0,0,0,0,92.266957022927,28.0035738317731,89.3679324063388,25.8892311175783,37.3642814461189,35.8639369632887,22.1494669158059,55.2885142735073,43.7690586532865
0,0,0,0,0,0,0,0,0,0,0,0,0,0,0,0,0,0,0,0,0,0,0,0,0,0,0,0,0,0,0,4.76234156108764,4.68396402470076,7.02552020506653,4.92901858163612,0,0,4.98164085215702,6.54878834977343,0,0,7.02393450055804,16.0042959394909,0,0,0,0,0,10.9718635287739,9.86578103686517,0,0,0,0,0,0,0,0,0,0,0,0,0,58.5667457580566,0,0,0,0,0,0,0,0,0,0,7.75557863427067,6.91525615491335,7.22966248394591,6.64054292171677,9.72408044231703,4.59996123146266,7.02629602585992,9.920568145158,7.81939984236111,0,7.97829184108145,0,0
4.76084888092135,0,36.9942027330399,0,0,0,0,0,9.91979640180414,0,0,0,0,0,0,0,55.6354598999023,0,48.5670289993286,0,35.8535690307617,0,4.27886144919965,0,5.0656581141732,0,0,0,0,0,54.1329193115234,0,0,29.9751281738281,10.3852939233184,0,40.5124346415202,17.4289579391479,5.97845251453546,0,8.05712702928805,0,12.5999903569373,0,0,0,37.9555229371594,10.9718635287739,0,2.75252509117126,0,0,0,0,8.73592466778225,0,20.7198227012859,0,4.0004936059316,0,3.92417043133786,0,0,36.5521520159461,0,4.63101979126111,0,4.55182997070366,0,4.4829049646086,0,3.25973799011924,0,14.2547093676282,0,4.79900479316711,0,13.4935750961304,0,12.4266834189267,0,8.76276365167676,15.6275772686598,33.1268095970154,10.8709743120899,0,34.9001604715983
0,4.94419449882687,0,25.5886642932892,0,48.2473521513097,0,0,0,38.5454477866491,0,0,0,0,0,3.78657269477844,65.1140327453613,96.4979578653971,60.968528842926,0,0,4.62513077559591,0,8.14344891905785,0,3.55478414205404,0,0,0,0,0,0,0,18.8500712712606,20.4445362091064,23.3851674686779,0,7.38346549001722,0,12.9921780385469,0,10.6437096727913,24.7575595855713,46.0941524505615,0,36.845421015206,85.6483993530273,9.86578103686517,2.75252509117126,0,0,47.8846628742833,0,0,0,12.0138094832258,0,14.6864692512171,0,33.7171977758408,0,9.52509286735631,39.3365148544312,0,4.98552548449327,0,7.51420870593175,0,4.03226211254413,0,5.09701034176317,0,7.87415827142016,0,0,0,8.61623107469999,0,24.4868931619796,0,8.4569377495621,0,24.4106448871602,0,12.5968993749963,21.9831233819326,0
11.2219357857337,0,4.33819642748152,0,3.64403416030109,0,0,0,0,0,0,0,0,0,0,0,0,0,0,0,4.98469705942298,0,0,0,0,0,0,0,0,0,0,0,0,0,0,0,33.2958679199219,0,0,0,0,0,42.1338901519775,0,0,0,0,0,0,0,0,0,0,0,3.79212312556025,0,4.89445069215514,0,3.04510104350555,0,3.39900320226496,0,0,7.60464840304127,0,0,0,0,0,0,0,0,0,47.4427871704102,0,0,0,0,0,0,0,0,5.49216175079346,0,7.05985190868378,0,0
0,0,64.3090515136719,9.07395650494483,0,3.82763524828304,0,2.72969269752502,0,26.417103767395,0,0,0,0,0,0,0,0,0,7.74636256694794,0,0,0,0,0,0,0,0,0,0,0,0,0,0,0,0,0,0,0,46.1766419043908,0,38.4850743611654,66.8696060180664,0,0,17.9541527649452,63.6194343566895,0,0,47.8846628742833,0,0,0,6.22098143895467,0,0,0,4.41845311568334,0,0,0,0,10.3958899642848,66.0050684611003,0,0,0,0,0,0,43.956127166748,0,38.2743492126465,0,0,0,0,0,54.6371981302897,0,46.5990966796875,0,30.8272078539196,0,17.3720330262588,29.9489192962646,0
0,0,0,0,0,0,3.29885665238914,0,0,0,5.7978150593607,0,3.15720462799072,0,0,0,0,0,0,0,0,0,0,0,0,0,0,0,0,0,0,0,0,0,0,0,0,0,0,0,0,0,0,0,0,0,0,0,0,0,0,0,0,0,0,0,7.44267998154708,0,3.18210927275724,0,0,0,0,10.127947807312,0,0,0,0,0,0,0,0,0,0,0,0,0,0,0,0,0,0,0,0,0,0,0
0,0,0,0,0,3.49276950441558,0,3.02190180707861,0,0,0,3.32726645469666,0,0,0,0,0,0,0,0,0,0,0,0,0,0,0,0,0,0,0,0,0,0,0,0,0,0,0,0,0,0,0,0,0,0,0,0,0,0,0,6.22098143895467,0,0,0,0,0,3.75130949570582,0,3.20087952613831,0,0,0,0,0,0,0,0,0,0,0,0,0,0,0,0,0,0,0,0,0,0,0,0,0,0,0
4.13383952567452,0,0,0,0,0,0,0,4.66397139936123,0,0,0,0,0,0,0,0,0,0,0,0,0,0,0,3.5157314255124,0,0,0,0,0,0,0,0,0,0,0,0,0,8.95418065935373,0,0,0,0,0,0,0,0,0,8.73592466778225,0,3.79212312556025,0,0,0,0,0,0,0,0,0,3.50111686508611,0,0,0,0,0,0,3.26741319663765,0,0,0,0,0,0,0,0,0,23.183313369751,0,0,0,6.88836884498596,0,0,6.97516533206491,0,0
0,4.62478592547965,0,0,0,3.59597706794739,0,0,0,6.7143558455236,0,0,0,0,0,7.82217829568045,0,0,0,0,0,0,0,6.34794508743286,0,0,0,0,0,0,0,0,0,0,0,0,0,15.946960095063,0,0,0,0,0,0,0,0,0,0,0,12.0138094832258,0,0,0,0,0,0,0,0,0,0,0,12.902408260107,0,0,0,0,6.49301405509564,0,0,0,0,0,0,0,0,0,0,0,0,0,15.0751947114165,0,12.2194936236397,0,8.09944041332085,0,0
0,0,27.1725135959991,71.4827766418457,7.31520203983083,73.5633583068848,5.09261116289323,0,0,0,5.60174345625712,0,2.96015095710754,0,0,0,76.9010620117188,83.5954170227051,58.1436681747437,0,7.11115461396826,0,0,0,0,0,0,0,0,0,10.0450351175919,0,0,0,0,0,43.6505876020952,0,5.13066372871399,56.9423068653454,50.120818643009,81.9918460845947,22.7607236023686,0,67.6333389282227,57.8009533352322,29.9939789248676,0,20.7198227012859,0,4.89445069215514,0,7.44267998154708,0,0,0,0,73.0268318869851,3.78704166966815,75.1338184901646,4.5517032699585,78.1659736633301,73.1992195129395,10.2864460757832,0,0,0,0,0,0,80.4625473022461,5.10967779615123,86.5258102416992,9.07954317239615,0,0,0,0,89.3250617980957,49.9408796830611,93.1779737472534,16.4902402751053,21.3283483935565,34.6102929115295,13.9959804872845,70.8370590209961,19.2322472476959
0,0,73.3376922607422,4.44390328962411,0,20.9167737960815,0,2.96165257692337,0,25.038158416748,0,5.26736635306092,0,0,0,0,0,0,34.2010828653971,10.1207539354052,0,0,0,0,0,0,0,0,0,8.69459358851115,85.7805252075195,0,0,0,0,12.9476495265961,104.370681762695,7.64042045555863,0,42.9878105952822,66.2026977539062,28.5079449088485,126.107513427734,23.7717485427856,0,24.6172157656245,61.5152696881975,0,0,14.6864692512171,0,4.41845311568334,0,3.75130949570582,0,0,73.0268318869851,0,0,4.06218051668351,0,11.5816482901573,11.0664180685475,64.5850750905163,0,0,0,0,6.70711135864258,0,7.0767484776703,0,8.94337981403713,88.0914749145508,0,0,0,0,48.713797193585,82.0555718161843,14.294067785628,82.2599716186523,26.4289158788221,0,13.5160506700655,23.2352927923203,0
0,0,0,0,0,0,0,0,0,0,0,0,3.78932314240531,0,3.25744524002075,0,0,0,0,0,0,0,0,0,0,0,0,0,0,0,0,0,0,0,0,0,0,0,0,0,0,0,0,0,0,0,0,0,4.0004936059316,0,3.04510104350555,0,3.18210927275724,0,0,0,3.78704166966815,0,0,0,3.64700682957967,0,0,0,0,0,0,0,0,0,0,3.15758952388057,0,0,0,0,0,0,0,0,0,0,0,0,0,0,0
0,0,64.4013595581055,6.75379490107298,0,0,0,3.24551482200623,0,0,0,0,0,3.65160162308637,0,0,0,0,0,0,83.2520599365234,0,0,0,0,0,0,0,0,0,0,0,0,0,0,37.45703125,96.9653396606445,0,0,44.0761528015137,0,36.2587441498379,0,0,0,21.226851213546,67.5114822387695,0,0,33.7171977758408,0,0,0,3.20087952613831,0,0,75.1338184901646,4.06218051668351,0,0,0,5.2688898815299,16.3364125660488,66.1709087078388,0,0,0,0,3.96647855440776,0,0,0,39.6614580154419,0,0,0,0,0,46.2093221876356,82.4467792510986,45.1618779500326,84.3185729980469,36.4217061262864,0,21.9028572332375,0,0
3.53699947320498,0,3.20274666260029,0,0,0,0,0,20.6965596675873,0,0,0,0,0,3.19172908245832,0,14.4033595076147,41.0089454650879,26.0905292299059,0,0,0,21.9691114425659,0,18.3219909667969,0,11.1435193220774,0,0,0,0,0,0,0,0,0,0,0,0,0,53.1128730773926,0,0,0,0,0,0,0,3.92417043133786,0,3.39900320226496,0,0,0,3.50111686508611,0,4.5517032699585,0,3.64700682957967,0,0,0,0,0,0,0,0,5.65608733495077,0,5.36827850341797,0,0,0,0,0,0,0,0,0,0,80.8966751098633,0,11.531904215614,0,5.70035600662231,0,0
0,7.34201901131256,0,7.14651853051679,0,0,0,0,0,10.9785652160645,0,0,0,2.74440574645996,0,3.24960671395672,0,3.54252883067002,31.7770929336548,0,0,0,0,11.1527101198832,0,3.38261119524638,0,0,0,0,0,0,0,0,0,0,0,28.4914112091064,0,47.2119255065918,0,37.6988618750321,0,0,0,22.7018994649251,64.2860145568848,0,0,9.52509286735631,0,0,0,0,0,12.902408260107,78.1659736633301,11.5816482901573,0,5.2688898815299,0,0,0,65.116017477853,0,0,7.77148289278329,0,3.48409410317739,0,0,0,41.1254524230957,0,0,0,0,0,52.7537376403809,0,29.97357019564,84.0547409057617,8.29498800998781,0,19.2490184239748,0,0
0,0,61.9340400695801,0,0,13.8066957841708,0,0,0,14.4099428994315,74.3136825561523,4.88490302222116,0,0,0,0,79.9921811421712,76.9267074584961,67.745884977741,4.47033364677675,66.0259170532227,0,0,0,0,0,0,0,0,0,0,0,0,0,0,6.81175330336057,0,15.9454625354094,0,9.8003190582362,0,27.8334912142911,62.4989878336589,28.6455183029175,0,19.097334631759,71.557494354248,0,0,39.3365148544312,0,10.3958899642848,0,0,0,0,73.1992195129395,11.0664180685475,0,16.3364125660488,0,0,0,58.8681431645932,0,0,0,0,0,0,19.7022180557251,0,22.0325971943267,0,0,0,0,0,11.2027258288993,82.6303165980748,15.6823439475513,78.4182586669922,21.6464684958099,0,14.5465472653373,36.2345588207245,71.5316162109375
0,0,28.5773738679432,55.641019821167,10.3722571335217,68.028923034668,9.97398889064789,0,0,0,9.22369993383234,0,0,0,0,0,69.2845164331897,91.0195636749268,61.7507722468975,0,5.86734038588677,0,0,0,0,0,0,0,0,0,19.9637391525402,0,0,0,0,0,16.7093569881133,0,15.5138828013394,47.6132837931315,19.1658233586004,76.1970521678095,27.5833166582894,0,22.9556439717611,53.2612567846326,16.9243809761442,58.5667457580566,36.5521520159461,0,7.60464840304127,66.0050684611003,10.127947807312,0,0,0,10.2864460757832,64.5850750905163,0,66.1709087078388,0,65.116017477853,58.8681431645932,0,0,0,0,0,0,0,75.3052062988281,20.4422355294228,78.4209082467215,21.5211781043056,0,0,0,0,77.8337128957113,12.6173821743209,88.7339263916016,14.3032039426408,35.7048068222093,54.7124568394252,20.9129645729309,0,27.3651153189795
0,0,0,0,0,0,0,0,0,0,0,0,0,0,0,0,0,0,0,0,0,4.59571425802558,6.49762952327728,5.28136074696112,0,3.26247749148675,0,3.62503389716148,0,0,0,0,0,0,0,0,0,6.10346847321048,0,0,0,0,0,0,0,0,0,0,0,4.98552548449327,0,0,0,0,0,0,0,0,0,0,0,0,0,0,0,0,4.60580785042899,0,5.6959649274047,0,3.01080030825601,0,0,0,0,0,0,0,0,0,5.92772853447392,0,4.39977430515602,3.64910733699799,0,0,0
0,0,0,0,0,0,0,0,0,0,0,0,0,0,0,0,0,0,0,0,0,2.81170034408569,4.61753107424613,0,3.11561799049377,0,2.95325970649719,0,4.08864610467181,0,0,0,0,0,0,0,0,0,4.10863468574755,0,0,0,0,0,0,0,0,0,4.63101979126111,0,0,0,0,0,0,0,0,0,0,0,0,0,0,0,0,0,0,3.96041020803284,0,5.47637312595661,0,3.80466548378965,0,0,0,0,0,0,0,0,0,4.57220140928439,3.39627874919346,4.23061060905457,0,0,0
0,10.8866798574274,0,0,0,0,0,0,0,9.04111964362008,0,0,0,0,0,4.2803300782746,0,0,0,0,0,4.28248570182107,0,4.80500076580735,0,6.29112748698787,0,0,0,0,0,0,0,0,0,0,0,7.8838050035109,0,0,0,0,0,0,0,0,0,0,0,7.51420870593175,0,0,0,0,0,6.49301405509564,0,0,0,0,0,7.77148289278329,0,0,4.60580785042899,0,0,0,5.70168030580735,0,8.20890998840332,0,0,0,0,0,0,0,0,0,6.18699769625823,0,3.54108464090448,0,5.64952298922416,0,0
0,0,0,0,0,0,0,0,3.20304223207327,0,0,0,0,0,0,0,13.2871570587158,0,0,0,0,0,3.82480778850493,0,4.30046357337693,0,3.31548664967219,0,0,0,0,0,0,0,0,0,0,0,5.87897455773386,0,0,0,0,0,0,0,0,0,4.55182997070366,0,0,0,0,0,3.26741319663765,0,0,0,0,0,5.65608733495077,0,0,0,0,3.96041020803284,0,0,0,4.2871956418125,0,0,0,0,0,0,0,0,0,0,0,5.05276586612066,2.86220352990287,0,9.44388610583085,0,0
0,0,0,0,0,0,0,0,0,0,0,0,0,0,0,0,32.8946685791016,25.578457559858,0,0,0,2.90553678165783,0,5.65129232406616,0,4.08122877949163,0,4.24675328201718,0,0,0,0,0,0,0,0,0,0,0,0,0,0,0,0,0,0,0,0,0,4.03226211254413,0,0,0,0,0,0,0,6.70711135864258,0,3.96647855440776,0,3.48409410317739,0,0,5.6959649274047,0,5.70168030580735,0,0,0,5.10152203717139,0,0,0,0,0,0,0,0,0,0,0,0,0,7.79518747329712,0,0
0,0,0,0,0,0,0,0,18.1729688644409,0,0,0,0,0,3.94261026031831,0,17.3090733999159,47.3494790743475,64.3689527511597,0,0,0,9.3267355083239,0,4.76695516463873,0,3.97179774775904,0,0,0,0,0,0,0,0,0,0,0,0,0,0,0,0,0,0,0,0,0,4.4829049646086,0,0,0,0,0,0,0,0,0,0,0,5.36827850341797,0,0,0,0,5.47637312595661,0,4.2871956418125,0,0,0,4.14550423699792,0,0,0,0,0,0,0,70.6041870117188,104.790679931641,0,12.7034451772119,0,4.62942755222321,0,0
0,0,0,0,0,0,0,0,0,0,0,0,0,0,0,0,0,0,0,0,0,0,0,0,0,3.91370768700877,0,3.76105443995101,0,3.09040044533445,0,0,0,0,0,0,0,11.5852880477905,0,0,0,31.1155014038086,0,0,0,31.0871023698287,0,0,0,5.09701034176317,0,43.956127166748,0,0,0,0,80.4625473022461,7.0767484776703,0,0,0,0,19.7022180557251,75.3052062988281,3.01080030825601,0,8.20890998840332,0,5.10152203717139,0,0,0,4.55362547333561,0,0,0,0,0,42.6240119934082,0,4.26700830459595,0,12.6365265846252,0,10.8779871967477,0,0
0,0,30.8852405548096,0,0,0,0,0,0,0,0,0,0,0,0,0,0,0,30.2816066741943,0,0,0,5.02579376621852,0,0,0,3.12362098693848,0,5.02845940870397,0,0,0,0,0,0,0,46.3826942443848,0,0,0,56.3068313598633,0,29.1713144514296,0,0,0,0,0,3.25973799011924,0,0,0,0,0,0,0,5.10967779615123,0,3.15758952388057,0,0,0,0,20.4422355294228,0,3.80466548378965,0,0,0,4.14550423699792,0,0,0,4.66271493074705,0,0,0,0,0,53.3505706787109,0,3.30011888742447,10.9552008152008,0,13.4001735818797,0,26.8191509246826
0,0,80.1220932006836,34.1672204971313,0,43.7299690246582,0,0,0,0,0,5.62646671574379,0,0,0,0,86.8118896484375,80.9123662312825,42.5974460213871,16.9994121158824,0,0,0,0,0,0,0,11.3718605041504,0,5.17659772813436,0,0,0,0,0,80.6976699829102,0,5.64202031929144,0,54.3435724192652,65.4099044799805,24.4060429540174,80.8907470703125,25.8831452550115,0,21.8616192610516,88.4178028106689,0,0,7.87415827142016,0,38.2743492126465,0,0,0,0,86.5258102416992,8.94337981403713,0,39.6614580154419,0,41.1254524230957,22.0325971943267,78.4209082467215,0,0,0,0,0,0,4.55362547333561,0,0,97.2760620117188,0,0,0,0,61.0964831226277,94.7024002075195,7.8725252091671,93.3234176635742,42.6122990791614,0,25.7819801104393,23.4202234628317,0
0,0,34.8956155448124,0,0,0,0,0,0,0,10.0020553557599,0,0,0,0,0,70.4609251022339,104.471700032552,48.4790920151605,0,13.7169526515045,0,0,0,0,0,0,0,2.97080404228634,0,5.14466837853999,0,0,0,0,0,64.4691528320313,0,5.89819818735123,87.6029529571533,57.5255156017485,93.4511184692383,30.8588305980236,0,0,66.9152984619141,29.190794890654,0,14.2547093676282,0,47.4427871704102,0,0,0,0,0,9.07954317239615,88.0914749145508,0,0,0,0,0,21.5211781043056,0,0,0,0,0,0,0,4.66271493074705,97.2760620117188,0,0,0,0,0,88.0281639099121,51.8802252281003,94.6154251098633,6.92300616264343,39.401666264785,45.8769750595093,24.8866150266811,0,24.9049103626838
0,0,0,0,0,0,0,0,0,0,0,0,0,0,0,0,0,0,0,0,0,0,0,0,0,0,0,0,0,0,0,6.50248398312444,10.0253883443968,3.50103290875753,10.08629322052,0,0,0,0,0,0,0,0,0,0,0,0,7.75557863427067,0,0,0,0,0,0,0,0,0,0,0,0,0,0,0,0,0,0,0,0,0,0,0,0,0,0,0,14.8312723163835,5.47428470700979,0,6.01448157269468,0,0,0,7.66721024172647,0,0,0,0
0,0,0,0,0,0,0,0,0,0,0,0,0,0,0,0,0,0,0,0,0,0,0,0,0,0,0,0,0,0,0,6.09297803479186,5.10315674543381,2.93797743320465,0,0,3.01801251720738,0,0,0,0,0,0,0,0,0,0,6.91525615491335,4.79900479316711,0,0,0,0,0,0,0,0,0,0,0,0,0,0,0,0,0,0,0,0,0,0,0,0,0,14.8312723163835,0,0,2.75356352329254,18.8497274228842,5.57698428086218,0,0,5.56431559103507,0,0,0,0
0,0,0,0,0,0,0,0,0,0,0,0,0,0,0,0,0,0,0,0,0,0,0,0,0,0,0,0,0,0,0,3.89574905617596,0,5.0691436109764,5.0083730685391,4.32575073507097,0,8.08258596883304,13.6838261059352,0,0,0,0,0,0,0,0,7.22966248394591,0,8.61623107469999,0,0,0,0,0,0,0,0,0,0,0,0,0,0,0,0,0,0,0,0,0,0,0,0,5.47428470700979,0,0,7.19387586550279,5.2539846522336,0,6.91265176371394,0,6.04840726097308,15.2095041275024,0,0,0
0,0,0,0,0,0,0,0,0,0,0,0,0,0,0,0,0,0,0,0,0,0,0,0,0,0,0,0,0,0,0,4.72493893024968,2.74696254730225,5.32521484665637,4.20256693544465,0,6.40672893426856,0,7.19241949490138,0,0,0,0,0,0,0,0,6.64054292171677,13.4935750961304,0,0,0,0,0,23.183313369751,0,0,0,0,0,0,0,0,0,0,0,0,0,0,0,0,0,0,0,0,2.75356352329254,7.19387586550279,0,0,5.03305683634257,0,5.47768882788946,6.88533515895871,0,0,0,0
0,0,0,42.9592491149902,0,43.3305095036825,0,0,0,0,0,3.07802831425386,0,0,0,0,83.7704267032811,80.5502712814896,60.9200315784346,6.06916931923145,0,0,0,0,0,0,0,0,0,0,0,7.25848524226646,14.9108443260193,6.36003596215021,0,6.1685265729355,0,8.00555221239726,0,12.2414093392369,107.271855163574,26.6306019314815,77.9681301116943,35.6990020505844,0,22.5736167826791,92.266957022927,9.72408044231703,0,24.4868931619796,0,54.6371981302897,0,0,0,0,89.3250617980957,48.713797193585,0,46.2093221876356,0,52.7537376403809,11.2027258288993,77.8337128957113,0,0,0,0,0,0,42.6240119934082,0,61.0964831226277,88.0281639099121,6.01448157269468,18.8497274228842,5.2539846522336,0,0,108.402902847681,8.09323028634234,106.803993225098,38.690370358025,26.215341603756,21.1626400411084,30.5835870168255,78.6290245056152
44.5786514282227,0,50.8438162370162,81.2051200866699,37.6648877461751,0,0,0,57.5126838684082,0,8.77582632240496,0,0,0,0,0,71.2569395527244,88.5222854614258,55.4495815615615,0,7.51952192608089,0,0,0,125.908058166504,0,0,0,0,0,50.1270790100098,0,3.48929153827199,0,5.74164176717774,0,7.80745260365439,0,5.66586600757036,94.2785041515644,16.1770639177731,83.17495292841,26.4814149903861,0,32.3306546211243,71.5241015298026,28.0035738317731,4.59996123146266,12.4266834189267,0,0,0,0,0,0,0,49.9408796830611,82.0555718161843,0,82.4467792510986,0,0,82.6303165980748,12.6173821743209,0,0,0,0,0,70.6041870117188,0,53.3505706787109,94.7024002075195,51.8802252281003,0,5.57698428086218,0,5.03305683634257,108.402902847681,0,102.71413591173,13.3850490302826,35.0067160205683,50.1252913111039,28.5889438046334,74.756409962972,32.7028444348549
