0,0,0.148203705134521,0,0,0,0,0,0.19928626682116,0,0,0,0,0,0.275766352812449,0,0.29429903626442,0.317373290657997,0.372806730821277,0,0,0,0,0,0,0,0.156513837476571,0,0,0,0,0,0,0,0,0,0.368382179488738,0,0,0,0.371170044729584,0,0.360030810984354,0,0,0,0.345635810206013,0,0.263930489653876,0,0,0,0,0,0.2596202592055,0,0.203077537257497,0,0,0,0.33546713407223,0,0,0,0,0,0,0.221752005713907,0,0.185383183391471,0,0,0,0.370063183938756,0,0,0,0,0,0.393472729938958,0,0.426974724377355,0.222315386489586,0.301597299320357,0.220573956647547,0,0.312299996614456
0,0,0,0.201511163551074,0,0.133586406707764,0,0,0,0.289682188184886,0,0,0,0,0,0.365574647079815,0.313970327377319,0,0.332582879811525,0,0,0.371096223592758,0,0.2289758493454,0,0.295302121803678,0,0,0,0,0,0,0,0,0,0.34462670981884,0,0.31774877247711,0,0,0,0.313425852406409,0,0,0,0.277995526790619,0,0.299174080292384,0,0.341194091379738,0,0,0,0,0,0.292645520543984,0,0.368478953838348,0,0.37782488266627,0,0.321221842062964,0.318969289461772,0,0,0,0.300009982596979,0,0.349311245779196,0,0.355116026832702,0,0.30753851433595,0,0,0,0,0,0.317581493324704,0,0.325050870031118,0.250199645757675,0.324045760380756,0.358683825780948,0.364959771994458,0,0
0.148203705134521,0,0,0,0.187709415110491,0,0,0,0.122814798047618,0,0,0,0,0,0,0,0,0,0.253497272729874,0,0,0,0,0,0,0,0,0,0,0,0,0,0,0,0.285129591822624,0,0,0,0,0,0.22722726687789,0,0.280904012918472,0,0,0,0.230229170484976,0.291057042777538,0.141411211265593,0.269140899181366,0.223491283890965,0,0,0,0.163545873981935,0,0.271083624317096,0,0,0,0.209610790014267,0,0,0,0,0,0,0,0,0,0,0.261410802602768,0,0.301744914573172,0,0,0,0,0,0.24235425144434,0,0.271514385938644,0.147515229798935,0.278937011957169,0.182082992932805,0,0.225730223315103
0,0.201511163551074,0,0,0,0.145502215704402,0,0,0,0.274769923090935,0,0,0,0,0,0,0.231155008077621,0,0.2767543428474,0.256184208393097,0,0,0,0,0,0,0,0,0,0,0,0,0,0,0.341444969177246,0.229149287939072,0,0.283637647117887,0,0.198757246136665,0,0.265619934314773,0,0,0,0.236831921053694,0,0.308061617943976,0,0.232856208719493,0,0.199042544875082,0,0,0,0.209019385119702,0,0.342293758650084,0,0.286709010876991,0,0.250983208895685,0.268113381096295,0,0,0,0,0,0.287902027368546,0,0.312716724475225,0,0.30815625251145,0,0,0,0,0,0.262669137230626,0.326251924037933,0.298128285739995,0,0.245483469283372,0.293464921414852,0.230096120328039,0.296168684959412,0
0,0,0.187709415110491,0,0,0,0.281279492282098,0,0.207036420702934,0,0.283249169588089,0,0,0,0,0,0.244823470711708,0.25853431224823,0.272280770540237,0,0.238492409749465,0,0,0,0,0,0,0,0,0,0,0,0,0,0.277868151664734,0,0.229367256745116,0,0,0,0.283727674331102,0,0.259444807994299,0,0,0,0.25297632935242,0.266981439435319,0.24954481497407,0.259741380810738,0.24944057399217,0,0.279535010457039,0,0.19678398296237,0,0.295440389754924,0,0,0,0,0,0,0.35101467615714,0,0,0,0,0,0,0,0.27423694729805,0,0.291493798140436,0,0,0,0.286690443754196,0,0.274410844101744,0,0.282400947652365,0.234705082231182,0.21175822189876,0.273317850632124,0,0.252769764512777
0,0.133586406707764,0,0.145502215704402,0,0,0,0,0,0.134042002260685,0,0,0,0,0,0,0,0,0,0,0,0,0,0,0,0,0,0,0,0,0,0,0,0,0,0,0,0.274815380573273,0,0,0,0,0,0,0,0,0,0,0,0.281096011400223,0,0.142029270529747,0,0,0,0,0,0.190738797187805,0,0,0,0,0,0,0,0,0,0,0,0,0,0,0,0,0,0,0,0,0.201968237757683,0,0,0,0.188555005937815,0,0.173947814989973,0,0
0,0,0,0,0.281279492282098,0,0,0,0,0,0.235694647732987,0,0,0,0,0,0,0,0,0,0,0,0,0,0,0,0,0,0,0,0,0,0,0,0,0,0,0,0,0,0,0,0,0,0,0,0,0,0,0,0.27167601386706,0,0.246248562620687,0,0,0,0.276940959692001,0,0,0,0,0,0,0,0,0,0,0,0,0,0,0,0,0,0,0,0,0,0,0,0,0,0.196794435584626,0.165935672819614,0,0,0
0,0,0,0,0,0,0,0,0,0,0,0,0,0,0,0,0,0,0,0,0,0,0,0,0,0,0,0,0,0,0,0,0,0,0,0,0,0,0,0,0,0,0,0,0,0,0,0,0,0,0,0,0,0,0,0,0,0,0,0,0,0,0,0,0,0,0,0,0,0,0,0,0,0,0,0,0,0,0,0,0,0,0,0,0,0,0
0.19928626682116,0,0.122814798047618,0,0.207036420702934,0,0,0,0,0,0,0,0,0,0.170995738284261,0,0.211040261893858,0.197889666652904,0.234606471784571,0,0,0,0,0,0.323514161838426,0,0.171721471207482,0,0.146839253604412,0,0,0,0,0,0,0,0,0,0.357680543472892,0,0,0,0.176231101155281,0,0,0.260319158434868,0,0,0.254248576668593,0,0,0,0,0,0.220326935247034,0,0.291710883378983,0,0,0,0.278795772542556,0,0,0,0,0,0,0.263110629067971,0,0.192264798062819,0,0,0.258506238460541,0,0,0,0,0,0,0.335612505674362,0.2741369754076,0.355487899427061,0.21261898318032,0.173065633668254,0.202049071818715,0,0.170558234676719
0,0.289682188184886,0,0.274769923090935,0,0.134042002260685,0,0,0,0,0,0,0,0,0,0.191721619915236,0.373657554388046,0.217195084542036,0.311939663120679,0,0,0,0,0.229517236282659,0,0.178283020853996,0,0,0,0,0,0,0,0,0,0,0,0.216196366792752,0,0.270793274044991,0,0.239966244468193,0,0,0,0.276072754058987,0,0.342057734727859,0,0.308171701943216,0,0,0,0,0,0.225245357096079,0,0,0,0,0,0.208912088388675,0.258334767073393,0,0,0,0.229926786434029,0,0.326755266440542,0,0.348503393901361,0,0.381621178160322,0,0,0,0,0,0.304198392799922,0,0.213183248172636,0,0.256662153364709,0.363910510426476,0.30018934459551,0.252257347106934,0
0,0,0,0,0.283249169588089,0,0.235694647732987,0,0,0,0,0,0,0,0,0,0,0,0,0,0.150422394607473,0,0,0,0,0,0,0,0.197531285385291,0,0.146479219198227,0,0,0,0,0,0.106877998315862,0,0.128408775694153,0,0.291092286507289,0,0,0,0,0,0.281351408610741,0,0,0,0,0,0.255886270602544,0,0,0,0.278421548973535,0,0.330197957216525,0,0,0,0,0.206424953560755,0,0,0,0,0,0,0,0.365796516786833,0,0.352273619174957,0,0,0,0,0,0.269802478452524,0,0.16188106764304,0.139312444776297,0,0.189033966511488,0,0
0,0,0,0,0,0,0,0,0,0,0,0,0,0.237894876325717,0,0,0,0,0,0.199715791531831,0,0,0,0,0,0,0,0.246456829526208,0,0.163760930299759,0,0,0,0,0,0,0,0.218978642374277,0,0,0,0,0,0,0,0,0,0,0,0,0,0,0,0,0,0,0,0.210746840371386,0,0.18652213640787,0,0,0.191093055841823,0,0,0,0,0,0,0,0.268634850608891,0,0.236771111355888,0,0,0,0,0,0,0,0,0,0.218999578557038,0,0,0,0
0,0,0,0,0,0,0,0,0,0,0,0,0,0,0.118279855698347,0,0.170193733913558,0,0,0,0,0,0,0,0,0,0,0,0,0,0,0,0,0,0,0,0,0,0,0,0,0,0,0,0,0,0,0,0,0,0,0,0,0,0,0,0,0,0.280974257737398,0,0,0,0,0,0,0,0,0,0,0,0,0,0,0,0,0,0,0,0,0,0,0,0.201355040073395,0.134448453783989,0,0,0
0,0,0,0,0,0,0,0,0,0,0,0.237894876325717,0,0,0,0.214508731450353,0,0,0,0,0,0,0,0,0,0.339856714010239,0,0.227216303348541,0,0,0,0,0,0,0,0,0,0,0,0,0,0,0,0,0,0,0,0,0,0,0,0,0,0,0,0,0,0.219007600661156,0,0.189766085960648,0,0.207913499502909,0,0,0,0,0,0,0.354617953300476,0,0.23028278403299,0,0.282073348760605,0,0,0,0,0,0,0,0,0,0,0,0,0,0
0.275766352812449,0,0,0,0,0,0,0,0.170995738284261,0,0,0,0.118279855698347,0,0,0,0.170926535038864,0.184261416558359,0.235812873609604,0,0,0,0,0,0.190574780106544,0,0.137011029798052,0,0.117974435289701,0,0,0,0,0,0,0,0,0,0,0,0.281426310539246,0.260587155818939,0,0,0,0.282233446836472,0,0,0,0,0,0,0,0,0.155356101319194,0,0,0,0.137883798778057,0,0.14991929458502,0,0,0,0,0,0,0,0,0.16712077409029,0,0,0,0.259603172540665,0,0,0,0,0.280670374631882,0.289968490600586,0,0,0.166334732356188,0.158057228728597,0,0,0
0,0.365574647079815,0,0,0,0,0,0,0,0.191721619915236,0,0,0,0.214508731450353,0,0,0,0.128063820302486,0,0,0,0,0,0.245058939925262,0,0.366629256921656,0,0,0,0,0,0,0,0,0,0,0,0,0,0,0,0,0,0,0,0,0,0,0,0.368952948706491,0,0,0,0,0,0.183193946176249,0,0.349559143185616,0,0.271594151854515,0,0.278857288428765,0,0,0,0,0,0,0.354656616137141,0,0.340100839734077,0,0,0,0,0,0,0,0,0,0,0,0.20851465066274,0,0.372954266766707,0,0
0.29429903626442,0.313970327377319,0,0.231155008077621,0.244823470711708,0,0,0,0.211040261893858,0.373657554388046,0,0,0.170193733913558,0,0.170926535038864,0,0,0.174796563499459,0.2715121929313,0,0,0,0.116536076698038,0,0.181826195369164,0,0.140503878120371,0,0.152207133857763,0,0,0,0,0,0,0.398364841938019,0.342499092584703,0,0,0.314396040706799,0.317520586123481,0.270281267078484,0.284257456304776,0,0,0.2917852040062,0.294487082213163,0,0.279193252325058,0.282340107485652,0,0,0,0,0.193286235216591,0,0.334146060049534,0,0,0,0.169025269074318,0,0.315130216857562,0.236974403262138,0,0,0,0,0,0.157188966288231,0,0,0.308495451150269,0.329008869188172,0,0,0,0,0.327520272348608,0.346455539864155,0.324028574206211,0.332473588024461,0.228419377878857,0.181844174960479,0.314749171272648,0.279150263095895,0.26746016322227
0.317373290657997,0,0,0,0.25853431224823,0,0,0,0.197889666652904,0.217195084542036,0,0,0,0,0.184261416558359,0.128063820302486,0.174796563499459,0,0.279667939359546,0,0,0.154438989236951,0,0.144637520890683,0.275454550981522,0.12313699038053,0.165410175346411,0.138074591755867,0.157950614889463,0,0,0,0,0,0,0.327075736863273,0.299257919192314,0.269972234964371,0,0.312124907970428,0.308129025115208,0.27691787114395,0.293975681066513,0,0,0.294715843964041,0.29437889617223,0,0,0.300677133458001,0,0,0,0,0.196310340530343,0,0.281287630399068,0,0,0,0,0,0.311196838415438,0,0,0,0,0,0.155186653529343,0,0.347553119063377,0,0.319648925443085,0.311867811613613,0,0,0,0,0.320693166128227,0.323915576448246,0.332731744294525,0.298808051480187,0.201916381650885,0.20707341019864,0.307163921611331,0.286627209287579,0.238013754288356
0.372806730821277,0.332582879811525,0.253497272729874,0.2767543428474,0.272280770540237,0,0,0,0.234606471784571,0.311939663120679,0,0,0,0,0.235812873609604,0,0.2715121929313,0.279667939359546,0,0.345120098441839,0,0,0,0.380139797925949,0.204557031393051,0,0.212275464087725,0,0,0,0,0,0,0,0,0.365911176304022,0.352282046623852,0.379553572219961,0.368776202201843,0.33491186030989,0.320328496239609,0.236457908835688,0.256626088619044,0.415005417970511,0.256868690252304,0.296882663646345,0.289728695795951,0.274113446474075,0.310997433960438,0.304704215984012,0.274286270141602,0,0,0,0.262332105636597,0.311721165974935,0.314200463749114,0,0,0,0.222022324800491,0,0.328326112445125,0.248863615095615,0,0,0.307782411575317,0,0.332186244866427,0.189636260271072,0.368057181212035,0.288136541843414,0.352612091311203,0.323277321484712,0,0,0,0,0.363111022373904,0.361748735555967,0.393682179294321,0.345441430955279,0.237049999992081,0.242640782526077,0.329084354523077,0.247454129179863,0.223722672238011
0,0,0,0.256184208393097,0,0,0,0,0,0,0,0.199715791531831,0,0,0,0,0,0,0.345120098441839,0,0,0,0,0,0,0,0,0,0,0.292447514004178,0,0,0,0,0,0.239530050489815,0,0.223069870197181,0,0.300067673126857,0,0.311435740192731,0,0,0,0.268115587998182,0,0,0,0.247718330886629,0,0,0,0,0,0,0,0.232540677818987,0,0,0,0,0.294369535300081,0,0,0,0,0,0,0,0.343291491270065,0,0.283279456811238,0,0,0,0,0,0.255827088462112,0,0.288663648758084,0,0.22635083169102,0.292682021856308,0.279511779546738,0.324460595846176,0
0,0,0,0,0.238492409749465,0,0,0,0,0,0.150422394607473,0,0,0,0,0,0,0,0,0,0,0,0,0,0,0,0,0,0,0,0,0,0,0,0,0,0.130316594064236,0,0.134504609956191,0,0.304387980789849,0,0.313423608740171,0,0,0,0.279119725227356,0,0,0,0,0,0,0,0,0,0.279251650175346,0,0.322493905606477,0,0,0,0,0.252845248875093,0,0,0,0,0,0,0,0.345149850166297,0,0.331132793545723,0,0,0,0,0,0.240394696365538,0,0.170992796142764,0.219040899716933,0.164001337119511,0.197034751789437,0,0.281050235033035
0,0.371096223592758,0,0,0,0,0,0,0,0,0,0,0,0,0,0,0,0.154438989236951,0,0,0,0,0.130992376904009,0.303216381956732,0,0.321065183122491,0,0.291758228684294,0,0,0,0,0,0,0,0,0,0.258887301471221,0,0,0,0,0,0,0,0.286784887313843,0,0,0,0.294177095704484,0,0,0,0,0,0,0,0,0,0,0,0.352494786183039,0,0,0.264460595939568,0.125153115019202,0.320017759080454,0,0.30392157987493,0,0.301628250196095,0,0,0,0,0,0,0,0,0,0.290364782669042,0,0.183104571434189,0.143666832578054,0.364619329571724,0,0
0,0,0,0,0,0,0,0,0,0,0,0,0,0,0,0,0.116536076698038,0,0,0,0,0.130992376904009,0,0,0.135825524929651,0,0.206814303994179,0,0,0,0,0,0,0,0,0,0,0,0.229680588100365,0,0,0,0,0,0,0,0,0,0.383823921734636,0,0,0,0,0,0,0,0,0,0,0,0,0,0,0,0.123017601668835,0.239821844409329,0,0.143407265345256,0,0,0,0.281738235400273,0,0,0,0,0,0,0,0,0,0.37362517450602,0.15984888219585,0.159869562327166,0,0,0
0,0.2289758493454,0,0,0,0,0,0,0,0.229517236282659,0,0,0,0,0,0.245058939925262,0,0.144637520890683,0.380139797925949,0,0,0.303216381956732,0,0,0,0.309120956984201,0,0,0,0,0,0,0,0,0,0,0,0.266926839331101,0,0,0,0.156767685326838,0,0,0,0.31430372595787,0,0.217550799250603,0,0.353465790098364,0,0,0,0,0,0.178356059295747,0,0,0,0.348737508058548,0,0.240773398311515,0,0,0.328230770886876,0,0.285463783390481,0,0.288888834052956,0,0,0,0,0,0,0,0,0,0,0,0.302113374969265,0,0.261098649555987,0.341960817575455,0.188465510968302,0,0
0,0,0,0,0,0,0,0,0.323514161838426,0,0,0,0,0,0.190574780106544,0,0.181826195369164,0.275454550981522,0.204557031393051,0,0,0,0.135825524929651,0,0,0,0.10477781444788,0,0,0,0,0,0,0,0,0,0,0,0.149644275680184,0,0,0,0,0,0,0,0,0,0.0950691015162367,0,0,0,0,0,0.208021249976896,0,0,0,0,0,0,0,0,0,0,0.11679658460982,0,0.149530853949037,0,0.137679363660356,0,0.106658998977494,0,0,0,0,0,0,0,0,0,0.284518513990485,0.135751571393374,0,0.249788364484197,0,0
0,0.295302121803678,0,0,0,0,0,0,0,0.178283020853996,0,0,0,0.339856714010239,0,0.366629256921656,0,0.12313699038053,0,0,0,0.321065183122491,0,0.309120956984201,0,0,0,0,0,0,0,0,0,0,0,0,0,0,0,0,0,0,0,0,0,0.294543713331223,0,0,0,0.374207880227796,0,0,0,0,0,0.205621778964996,0,0.365025550127029,0,0.353188067674637,0,0.26593850336792,0,0,0.376480674214452,0,0.348992085822348,0,0.287102348171175,0,0.290703639388084,0,0,0,0,0,0,0,0,0,0,0,0.369230106472969,0,0.374298876523972,0,0
0.156513837476571,0,0,0,0,0,0,0,0.171721471207482,0,0,0,0,0,0.137011029798052,0,0.140503878120371,0.165410175346411,0.212275464087725,0,0,0,0.206814303994179,0,0.10477781444788,0,0,0,0.117559806867079,0,0,0,0,0,0,0,0,0,0,0,0,0,0.240827336907387,0,0,0,0,0,0,0,0,0,0,0,0.15625361757619,0,0,0,0,0,0,0,0,0,0,0.104247694835067,0,0,0,0.159466895175741,0,0.212851565331221,0,0,0,0,0,0,0,0,0,0,0.144481334991441,0.142449007277757,0,0,0
0,0,0,0,0,0,0,0,0,0,0,0.246456829526208,0,0.227216303348541,0,0,0,0.138074591755867,0,0,0,0.291758228684294,0,0,0,0,0,0,0,0.19955810093427,0,0,0,0,0,0,0,0.228923277569245,0,0,0,0,0,0,0,0,0,0,0,0,0,0,0,0,0,0,0,0.280779093503952,0,0,0,0,0,0,0.300712940223674,0,0,0,0.224713024847648,0,0.264472968918732,0,0.158061944174044,0,0,0,0,0,0,0,0.336921672026316,0,0.167182604471842,0.183172196149826,0,0,0
0,0,0,0,0,0,0,0,0.146839253604412,0,0.197531285385291,0,0,0,0.117974435289701,0,0.152207133857763,0.157950614889463,0,0,0,0,0,0,0,0,0.117559806867079,0,0,0,0.201912441956145,0,0,0,0,0,0,0,0,0,0,0,0,0,0,0,0,0,0,0,0,0,0,0,0,0,0,0,0.191420959929625,0,0,0,0,0,0,0,0,0,0,0.171483926475048,0,0.230585166007037,0,0.129188612103462,0,0,0,0,0,0,0,0,0.13069644207625,0.135476998623135,0,0,0
0,0,0,0,0,0,0,0,0,0,0,0.163760930299759,0,0,0,0,0,0,0,0.292447514004178,0,0,0,0,0,0,0,0.19955810093427,0,0,0,0,0,0,0,0,0,0.25469077109676,0,0,0,0,0,0,0,0,0,0,0,0,0,0,0,0,0,0,0,0.142945730686188,0,0,0,0,0.345514714717865,0,0,0,0,0,0,0,0.205263946737562,0,0.153178191606505,0,0,0,0,0,0,0,0,0,0.103896700673633,0,0,0,0
0,0,0,0,0,0,0,0,0,0,0.146479219198227,0,0,0,0,0,0,0,0,0,0,0,0,0,0,0,0,0,0.201912441956145,0,0,0,0,0,0,0,0,0,0.12388503438394,0,0,0,0,0,0,0,0,0,0,0,0,0,0,0,0,0,0,0,0,0,0,0,0,0,0,0,0,0,0,0,0,0.213558978339036,0,0.2093499185883,0,0,0,0,0,0,0,0.158500859638055,0,0,0,0,0
0,0,0,0,0,0,0,0,0,0,0,0,0,0,0,0,0,0,0,0,0,0,0,0,0,0,0,0,0,0,0,0,0.167267435789108,0,0.149766302704811,0.144017200057323,0.160952810427589,0,0,0.285264828138881,0,0,0,0,0,0,0,0.232192752072629,0,0.26948686035312,0,0,0,0,0,0,0,0,0,0,0,0,0,0,0,0,0,0,0,0,0,0,0,0,0.165227012856612,0,0,0,0.189470354378933,0,0,0,0.170263315240542,0,0,0,0
0,0,0,0,0,0,0,0,0,0,0,0,0,0,0,0,0,0,0,0,0,0,0,0,0,0,0,0,0,0,0,0.167267435789108,0,0,0.354435855788844,0,0.26896319239304,0,0,0.501226420203845,0,0,0,0,0,0,0.340174078941345,0.486476500161979,0.312211047519337,0.490021800686573,0,0,0,0,0,0,0.28973114490509,0,0,0,0,0,0,0,0,0,0,0,0,0,0,0,0,0,0,0.344604149126873,0,0.225886958324357,0,0.268901772961593,0,0,0.267335144572022,0,0.447629561381681,0,0
0,0,0,0,0,0,0,0,0,0,0,0,0,0,0,0,0,0,0,0,0,0,0,0,0,0,0,0,0,0,0,0,0,0,0.192313426099893,0.12988884864306,0.155221003293991,0.566759963830312,0.36047541598479,0,0,0,0,0,0,0,0,0.474119986333263,0,0,0,0,0,0,0,0,0,0,0,0,0,0,0,0,0,0,0,0,0,0,0,0,0,0,0.133658160765966,0,0.164153866634742,0.178461664867017,0.196092276868084,0,0.23518607587042,0.237846180796623,0.487738315786781,0,0,0,0
0,0,0.285129591822624,0.341444969177246,0.277868151664734,0,0,0,0,0,0,0,0,0,0,0,0,0,0,0,0,0,0,0,0,0,0,0,0,0,0,0.149766302704811,0.354435855788844,0.192313426099893,0,0,0.185293510831816,0.309398737549782,0.189519824535516,0,0.279260958234469,0.449940353631973,0,0,0,0,0.299284860491753,0.451534514122365,0.320329245973806,0.457525856414084,0.294451676309109,0,0,0,0,0,0.258002489805222,0,0,0,0,0,0,0,0,0,0,0,0,0,0,0,0,0.296343386173248,0,0.439949407127866,0.167115120424165,0.20203794320689,0,0.292070366442204,0.273881286382675,0.228468422459651,0.321540048801237,0.144715795914332,0.368504124346064,0,0.326892852783203
0,0.34462670981884,0,0.229149287939072,0,0,0,0,0,0,0,0,0,0,0,0,0.398364841938019,0.327075736863273,0.365911176304022,0.239530050489815,0,0,0,0,0,0,0,0,0,0,0,0.144017200057323,0,0.12988884864306,0,0,0.158623857734104,0.234258966835421,0.188881019502878,0.283585421741009,0.307563066482544,0.312658600136638,0,0.365197837352753,0,0.276672283772134,0.321187049150467,0.210771308413574,0,0.273793330994146,0,0,0,0,0,0,0,0,0,0,0,0,0.243145130190982,0,0,0,0,0,0,0,0,0,0.300140316997256,0.324988394975662,0.131119215240081,0,0.141451359220913,0,0.231640198606145,0.156344452970906,0.274907928616145,0,0.212875187314646,0.250557127348874,0.229145505231284,0.332666984375785,0
0.368382179488738,0,0,0,0.229367256745116,0,0,0,0,0,0.106877998315862,0,0,0,0,0,0.342499092584703,0.299257919192314,0.352282046623852,0,0.130316594064236,0,0,0,0,0,0,0,0,0,0,0.160952810427589,0.26896319239304,0.155221003293991,0.185293510831816,0.158623857734104,0,0,0.150682575669349,0.329784005880356,0.276690580220108,0.294460033377012,0.318412683130998,0,0.299754202365875,0.341400814056396,0.263957981789968,0.340123773253325,0.181981099769473,0.211866224805514,0.261944144964218,0,0,0,0,0,0.284647427499294,0,0,0,0,0,0.33959436416626,0.238894060026018,0,0,0,0,0,0,0,0,0,0.307040048938877,0,0.264980010170184,0,0.310698931394523,0.165054243803024,0.248704578717778,0,0.238825692288943,0.235307411917922,0.280728646450573,0.240694338218732,0.251033216714859,0.324199131754942
0,0.31774877247711,0,0.283637647117887,0,0.274815380573273,0,0,0,0.216196366792752,0,0.218978642374277,0,0,0,0,0,0.269972234964371,0.379553572219961,0.223069870197181,0,0.258887301471221,0,0.266926839331101,0,0,0,0.228923277569245,0,0.25469077109676,0,0,0,0.566759963830312,0.309398737549782,0.234258966835421,0,0,0.155091364899378,0.318228080868721,0,0.348740322186666,0.32863187789917,0,0,0.301195492159646,0,0.622609894474347,0,0.285267090103398,0,0,0,0,0,0.236256040632725,0,0.200769618153572,0,0,0,0,0.285730064881069,0,0.282439382777351,0,0.277229696363211,0,0.283683923738343,0,0.334231359548256,0,0.260905701569036,0,0,0,0,0.253957390785217,0.255266304832438,0,0.229811127061523,0.193516944678838,0.358328029830255,0.479012410880242,0.230073058035936,0.33684408167998,0
0,0,0,0,0,0,0,0,0.357680543472892,0,0.128408775694153,0,0,0,0,0,0,0,0.368776202201843,0,0.134504609956191,0,0.229680588100365,0,0.149644275680184,0,0,0,0,0,0.12388503438394,0,0,0.36047541598479,0.189519824535516,0.188881019502878,0.150682575669349,0.155091364899378,0,0,0.251481555402279,0,0.674737475398514,0,0,0,0.270714480815263,0.7676483660352,0.362321796458821,0,0,0,0,0,0.288638115843381,0,0.184685423970222,0,0,0,0,0,0,0.192763574835327,0,0.338322060927749,0,0.27865893938124,0,0.304430881405578,0,0.225211988795887,0,0.181134970486164,0,0,0,0.263446157755838,0,0.194115181331035,0,0.249924499540369,0.269944280168234,0.198528049615633,0.415713031401579,0,0.333625555038452
0,0,0,0.198757246136665,0,0,0,0,0,0.270793274044991,0,0,0,0,0,0,0.314396040706799,0.312124907970428,0.33491186030989,0.300067673126857,0,0,0,0,0,0,0,0,0,0,0,0.285264828138881,0.501226420203845,0,0,0.283585421741009,0.329784005880356,0.318228080868721,0,0,0,0.2831266444658,0.285215437412262,0.455236375331879,0,0.26144384549836,0.358595311641693,0.336059483243232,0.384730279445648,0.363015721152502,0,0,0,0,0,0.254547119140625,0,0,0,0,0,0,0.433394417331281,0,0,0,0,0,0.271373599767685,0,0.368846952915192,0,0.294691021492084,0,0.255017824470997,0.399607688188553,0,0,0.424636457811264,0.355880171060562,0.35123676014325,0,0.317859260302982,0.327198190348489,0.20980000205514,0.348675392505502,0.335816919803619
0.371170044729584,0,0.22722726687789,0,0.283727674331102,0,0,0,0,0,0.291092286507289,0,0,0,0.281426310539246,0,0.317520586123481,0.308129025115208,0.320328496239609,0,0.304387980789849,0,0,0,0,0,0,0,0,0,0,0,0,0,0.279260958234469,0.307563066482544,0.276690580220108,0,0.251481555402279,0,0,0.272917952727188,0.310332774284557,0,0.321923293850639,0.311655741930008,0.245393093487658,0.274107006334123,0.168706073964897,0.246810433765252,0.270494339721543,0,0,0,0,0,0.283154987606658,0,0.322863727807999,0,0,0,0.337468191981316,0.281377564195545,0,0,0,0,0,0,0,0.309358511553254,0.350030928850174,0.288883224719514,0,0.218536265194416,0,0.262964874505997,0.358100300033887,0.252709732178774,0.345880890885989,0.288246611027027,0.328491970635297,0.317900934143037,0.282467877702168,0.275862702727318,0.330685407286737
0,0.313425852406409,0,0.265619934314773,0,0,0,0,0,0.239966244468193,0,0,0,0,0.260587155818939,0,0.270281267078484,0.27691787114395,0.236457908835688,0.311435740192731,0,0,0,0.156767685326838,0,0,0,0,0,0,0,0,0,0,0.449940353631973,0.312658600136638,0.294460033377012,0.348740322186666,0,0.2831266444658,0.272917952727188,0,0.198541918440486,0.296062916517258,0,0.270627792107799,0.286945173144341,0.396184779316574,0.38905243948102,0.296269601975381,0,0,0,0,0.23701699078083,0.270289702397404,0,0,0,0,0,0.278855061531067,0.305184253441176,0,0,0,0.292121148627737,0,0.299075442595758,0,0.326885692331175,0,0.306076537049395,0.253660321235657,0,0,0,0,0.314929492682017,0.312590889334679,0.318716224023322,0.30391309261322,0.242116439705394,0.281853606767744,0.261620462183607,0.236381936710382,0.215574908587668
0.360030810984354,0,0.280904012918472,0,0.259444807994299,0,0,0,0.176231101155281,0,0,0,0,0,0,0,0.284257456304776,0.293975681066513,0.256626088619044,0,0.313423608740171,0,0,0,0,0,0.240827336907387,0,0,0,0,0,0,0,0,0,0.318412683130998,0.32863187789917,0.674737475398514,0.285215437412262,0.310332774284557,0.198541918440486,0,0,0.189553407952189,0.265610876970175,0.275654309657502,0.49945768551982,0.281579829312654,0.276777997612953,0.255792996516595,0,0,0,0.249787449836731,0,0.319570910161291,0,0,0,0,0,0.305943923691909,0.312613890159364,0,0,0,0,0.283818870782852,0,0.316391825675964,0.297950008511543,0.275478905210128,0.305983874390451,0,0,0,0.300802052021027,0.30707329697907,0.320052254044066,0.308941125869751,0.302352180310776,0.276777008832323,0.292595726319335,0.296266084332038,0.214078351855278,0.239777219731633
0,0,0,0,0,0,0,0,0,0,0,0,0,0,0,0,0,0,0.415005417970511,0,0,0,0,0,0,0,0,0,0,0,0,0,0,0,0,0.365197837352753,0,0,0,0.455236375331879,0,0.296062916517258,0,0,0,0.289654914289713,0,0,0,0,0,0,0,0,0,0,0,0,0,0,0,0,0.368354000151157,0,0,0,0,0,0,0,0,0,0.416942533519533,0,0,0,0,0,0.385065611165303,0,0.416999505913776,0,0,0,0.373263835906982,0,0
0,0,0,0,0,0,0,0,0,0,0,0,0,0,0,0,0,0,0.256868690252304,0,0,0,0,0,0,0,0,0,0,0,0,0,0,0,0,0,0.299754202365875,0,0,0,0.321923293850639,0,0.189553407952189,0,0,0,0.244511023163795,0,0,0,0,0,0,0,0,0,0,0,0,0,0,0,0,0,0,0,0,0,0,0,0,0,0,0,0,0,0,0,0,0.325867354869843,0,0,0.217181995511055,0,0.256041668355465,0,0.178001284599304
0,0.277995526790619,0,0.236831921053694,0,0,0,0,0.260319158434868,0.276072754058987,0,0,0,0,0.282233446836472,0,0.2917852040062,0.294715843964041,0.296882663646345,0.268115587998182,0,0.286784887313843,0,0.31430372595787,0,0.294543713331223,0,0,0,0,0,0,0,0,0,0.276672283772134,0.341400814056396,0.301195492159646,0,0.26144384549836,0.311655741930008,0.270627792107799,0.265610876970175,0.289654914289713,0,0,0.285707303881645,0.329325685898463,0,0.246926595060539,0,0,0,0,0,0.251515818138917,0,0.27448795735836,0,0,0,0.271527690383104,0.278112081592007,0,0,0,0.291156511753798,0,0.290350548826255,0,0.296009534055536,0,0.31287035490236,0.314755073615483,0,0,0,0,0.264857265695527,0.324343880017598,0.30994821762651,0.314060202011695,0.275084254371324,0.286871775984764,0.243977344789919,0.278834257613529,0.248399444497549
0.345635810206013,0,0.230229170484976,0,0.25297632935242,0,0,0,0,0,0.281351408610741,0,0,0,0,0,0.294487082213163,0.29437889617223,0.289728695795951,0,0.279119725227356,0,0,0,0,0,0,0,0,0,0,0,0.340174078941345,0,0.299284860491753,0.321187049150467,0.263957981789968,0,0.270714480815263,0.358595311641693,0.245393093487658,0.286945173144341,0.275654309657502,0,0.244511023163795,0.285707303881645,0,0.272894233232364,0.247956732021911,0.286840452253818,0.26621312416833,0,0,0,0,0,0.311975098785512,0,0,0,0,0,0.270854026079178,0.29162814817512,0,0,0,0,0,0,0,0.337247359752655,0.26262229681015,0.324123866238751,0,0,0,0.258147925138474,0.343996465206146,0.258117601971322,0,0.274592665719131,0.284131479895871,0.297555012530402,0.264811945478715,0.271954407294591,0.298153295561119
0,0.299174080292384,0.291057042777538,0.308061617943976,0.266981439435319,0,0,0,0,0.342057734727859,0,0,0,0,0,0,0,0,0.274113446474075,0,0,0,0,0.217550799250603,0,0,0,0,0,0,0,0.232192752072629,0.486476500161979,0.474119986333263,0.451534514122365,0.210771308413574,0.340123773253325,0.622609894474347,0.7676483660352,0.336059483243232,0.274107006334123,0.396184779316574,0.49945768551982,0,0,0.329325685898463,0.272894233232364,0,0.360039736599109,0.45555474890237,0.271887976676226,0,0,0,0,0.305832400918007,0.291920077587877,0,0,0,0,0.303426817059517,0,0.270911160856485,0,0,0.263864909609159,0,0,0,0,0.279545918107033,0.34329017996788,0.307106605172157,0.239682460551734,0.429957785123858,0.294545349586441,0.408460891218547,0.31194502424438,0.390531339384999,0.367369462032707,0.27553148993424,0.43049866976601,0.278479903936386,0.394627237794576,0,0.286448299884796
0.263930489653876,0,0.141411211265593,0,0.24954481497407,0,0,0,0.254248576668593,0,0,0,0,0,0,0,0.279193252325058,0,0.310997433960438,0,0,0,0.383823921734636,0,0.0950691015162367,0,0,0,0,0,0,0,0.312211047519337,0,0.320329245973806,0,0.181981099769473,0,0.362321796458821,0.384730279445648,0.168706073964897,0.38905243948102,0.281579829312654,0,0,0,0.247956732021911,0.360039736599109,0,0.392497751861811,0.264604300260544,0,0,0,0.278116686777635,0,0.273396039110983,0,0,0,0,0,0,0.297354439894358,0,0.403248614611778,0,0.255322227805433,0,0.244599311845377,0,0.267041160166264,0,0.317738950929858,0,0.343612592229959,0,0.332333144130586,0,0.285362459758189,0,0.311018838583304,0.345233985833694,0.275849732756615,0.297746680225528,0,0.284384195293699
0,0.341194091379738,0.269140899181366,0.232856208719493,0.259741380810738,0.281096011400223,0,0,0,0.308171701943216,0,0,0,0,0,0.368952948706491,0.282340107485652,0.300677133458001,0.304704215984012,0.247718330886629,0,0.294177095704484,0,0.353465790098364,0,0.374207880227796,0,0,0,0,0,0.26948686035312,0.490021800686573,0,0.457525856414084,0.273793330994146,0.211866224805514,0.285267090103398,0,0.363015721152502,0.246810433765252,0.296269601975381,0.276777997612953,0,0,0.246926595060539,0.286840452253818,0.45555474890237,0.392497751861811,0,0.263429512580236,0,0,0,0,0.297456395487453,0.32612507045269,0.348212850093842,0,0.363291923434306,0,0.363754988502827,0.278793995847573,0.280812159180641,0.26738756958028,0,0.320436067638859,0,0.348284634172916,0,0.330825234633036,0,0.326664805412292,0.323098649581273,0.218744397163391,0.433954598206394,0.304885796138218,0.453623127192259,0.337394479439775,0.267271173000336,0.371123801694627,0.300387367606163,0.35844702249248,0.293909146754365,0.311796767837887,0.318984328672804,0.276929646730423
0,0,0.223491283890965,0,0.24944057399217,0,0.27167601386706,0,0,0,0,0,0,0,0,0,0,0,0.274286270141602,0,0,0,0,0,0,0,0,0,0,0,0,0,0,0,0.294451676309109,0,0.261944144964218,0,0,0,0.270494339721543,0,0.255792996516595,0,0,0,0.26621312416833,0.271887976676226,0.264604300260544,0.263429512580236,0,0,0.243785940502819,0,0.202628202736378,0,0.259090228593671,0,0.215422646050722,0,0,0,0,0.36437632958844,0,0,0,0,0,0,0,0.28110279639562,0,0.292354949995091,0,0,0,0,0,0.261133692094258,0,0.288058042526245,0.264993976462971,0,0.268928500420825,0,0.228833116590977
0,0,0,0.199042544875082,0,0.142029270529747,0,0,0,0,0,0,0,0,0,0,0,0,0,0,0,0,0,0,0,0,0,0,0,0,0,0,0,0,0,0,0,0,0,0,0,0,0,0,0,0,0,0,0,0,0,0,0,0,0,0,0,0.195743987473046,0,0.218861743807793,0,0.172879661674853,0,0,0,0,0,0,0,0,0,0,0,0,0,0,0,0,0.204252794384956,0,0,0,0.191596396267414,0.170964598655701,0.195995080573805,0,0
0,0,0,0,0.279535010457039,0,0.246248562620687,0,0,0,0.255886270602544,0,0,0,0,0,0,0,0,0,0,0,0,0,0,0,0,0,0,0,0,0,0,0,0,0,0,0,0,0,0,0,0,0,0,0,0,0,0,0,0.243785940502819,0,0,0,0,0,0,0,0,0,0,0,0,0,0,0,0,0,0,0,0,0,0,0,0,0,0,0,0,0,0,0,0.151081017357238,0,0,0,0
0,0,0,0,0,0,0,0,0,0,0,0,0,0,0,0,0,0,0,0,0,0,0,0,0,0,0,0,0,0,0,0,0,0,0,0,0,0,0,0,0,0,0,0,0,0,0,0,0,0,0,0,0,0,0,0,0,0,0,0,0,0,0,0,0,0,0,0,0,0,0,0,0,0,0,0,0,0,0,0,0,0,0,0,0,0,0
0.2596202592055,0,0.163545873981935,0,0.19678398296237,0,0,0,0.220326935247034,0,0,0,0,0,0.155356101319194,0,0.193286235216591,0.196310340530343,0.262332105636597,0,0,0,0,0,0.208021249976896,0,0.15625361757619,0,0,0,0,0,0,0,0,0,0,0,0.288638115843381,0,0,0.23701699078083,0.249787449836731,0,0,0,0,0,0.278116686777635,0,0.202628202736378,0,0,0,0,0,0,0,0,0,0.226458171276542,0,0,0,0,0,0,0.234074907831788,0,0.194563872842904,0,0,0,0,0,0,0,0,0,0.33562245965004,0,0.329221260261862,0.214854435749756,0.178895562239315,0.257357291304148,0,0
0,0.292645520543984,0,0.209019385119702,0,0,0,0,0,0.225245357096079,0,0,0,0,0,0.183193946176249,0,0,0.311721165974935,0,0,0,0,0.178356059295747,0,0.205621778964996,0,0,0,0,0,0,0,0,0,0,0,0.236256040632725,0,0.254547119140625,0,0.270289702397404,0,0,0,0.251515818138917,0,0.305832400918007,0,0.297456395487453,0,0,0,0,0,0,0,0,0,0,0,0.211519102454185,0.348670333623886,0,0,0,0.208439059375275,0,0.315333845218023,0,0.322856341089521,0,0.289420789480209,0,0,0,0,0,0.263585448265076,0,0.222145842388272,0,0.265122505385831,0.360878417437727,0.323371673388915,0,0
0.203077537257497,0,0.271083624317096,0,0.295440389754924,0,0.276940959692001,0,0.291710883378983,0,0.278421548973535,0,0,0,0,0,0.334146060049534,0.281287630399068,0.314200463749114,0,0.279251650175346,0,0,0,0,0,0,0,0,0,0,0,0.28973114490509,0,0.258002489805222,0,0.284647427499294,0,0.184685423970222,0,0.283154987606658,0,0.319570910161291,0,0,0,0.311975098785512,0.291920077587877,0.273396039110983,0.32612507045269,0.259090228593671,0,0,0,0,0,0,0,0.33157275678193,0,0.217374967269772,0,0.309415966272354,0.306819680979997,0,0,0,0,0,0.361212680737178,0,0.381819310643171,0,0.32253857972947,0,0,0,0.27115561068058,0,0.296563441470518,0.335121721029282,0.303093239139108,0.337948073572088,0.349069309862036,0.325378995716465,0,0.329428560822924
0,0.368478953838348,0,0.342293758650084,0,0.190738797187805,0,0,0,0,0,0.210746840371386,0,0.219007600661156,0,0.349559143185616,0,0,0,0.232540677818987,0,0,0,0,0,0.365025550127029,0,0.280779093503952,0,0.142945730686188,0,0,0,0,0,0,0,0.200769618153572,0,0,0,0,0,0,0,0.27448795735836,0,0,0,0.348212850093842,0,0.195743987473046,0,0,0,0,0,0,0,0.227372172775619,0,0.348627597093582,0.244085203772201,0,0,0,0,0,0.355371707539226,0,0.329392553721271,0,0.282809536214228,0,0,0,0,0,0,0,0.400418901195129,0,0.207452605522814,0,0.319949173255586,0,0
0,0,0,0,0,0,0,0,0,0,0.330197957216525,0,0.280974257737398,0,0.137883798778057,0,0,0,0,0,0.322493905606477,0,0,0,0,0,0,0,0.191420959929625,0,0,0,0,0,0,0,0,0,0,0,0.322863727807999,0,0,0,0,0,0,0,0,0,0.215422646050722,0,0,0,0,0,0.33157275678193,0,0,0,0.199872608247556,0,0,0.327819955348969,0,0,0,0,0,0.363242914279302,0,0.393134818882005,0,0.335855275392532,0,0,0,0,0,0,0,0,0.289293658733368,0,0,0,0
0,0.37782488266627,0,0.286709010876991,0,0,0,0,0,0,0,0.18652213640787,0,0.189766085960648,0,0.271594151854515,0,0,0,0,0,0,0,0.348737508058548,0,0.353188067674637,0,0,0,0,0,0,0,0,0,0,0,0,0,0,0,0,0,0,0,0,0,0,0,0.363291923434306,0,0.218861743807793,0,0,0,0,0,0.227372172775619,0,0,0,0.338135526515543,0.378212690353394,0,0,0,0.345578148961067,0,0.348119903762801,0,0.334703403711319,0,0,0,0,0,0,0,0,0,0,0,0,0,0.333983628646187,0,0
0.33546713407223,0,0.209610790014267,0,0,0,0,0,0.278795772542556,0,0,0,0,0,0.14991929458502,0,0.169025269074318,0,0.222022324800491,0,0,0,0,0,0,0,0,0,0,0,0,0,0,0,0,0,0,0,0,0,0,0,0,0,0,0,0,0,0,0,0,0,0,0,0.226458171276542,0,0.217374967269772,0,0.199872608247556,0,0,0,0,0,0,0,0,0.176856704056263,0,0.195315103503791,0,0,0,0,0,0,0,0,0,0,0,0,0.168411617649013,0.190414254864057,0,0.254320085048676,0
0,0.321221842062964,0,0.250983208895685,0,0,0,0,0,0.208912088388675,0,0,0,0.207913499502909,0,0.278857288428765,0,0,0,0,0,0.352494786183039,0,0.240773398311515,0,0.26593850336792,0,0,0,0,0,0,0,0,0,0,0,0,0,0,0,0.278855061531067,0,0,0,0.271527690383104,0,0.303426817059517,0,0.363754988502827,0,0.172879661674853,0,0,0,0.211519102454185,0,0.348627597093582,0,0.338135526515543,0,0,0,0,0.34184518456459,0,0.332504604298335,0,0.359659030991002,0,0.333781620135178,0,0.284666299819946,0,0,0,0,0,0.26498106867075,0,0.280626952648163,0,0.229551227142413,0,0.362867843597493,0,0
0,0.318969289461772,0,0.268113381096295,0,0,0,0,0,0.258334767073393,0,0.191093055841823,0,0,0,0,0.315130216857562,0.311196838415438,0.328326112445125,0.294369535300081,0,0,0,0,0,0,0,0,0,0.345514714717865,0,0,0,0,0,0.243145130190982,0.33959436416626,0.285730064881069,0,0.433394417331281,0.337468191981316,0.305184253441176,0.305943923691909,0.368354000151157,0,0.278112081592007,0.270854026079178,0,0,0.278793995847573,0,0,0,0,0,0.348670333623886,0.309415966272354,0.244085203772201,0,0.378212690353394,0,0,0,0,0,0,0.306158185005188,0,0.299166360071727,0,0.339521216021644,0,0.315531386836479,0.333542138338089,0,0,0,0,0.276581001704868,0.329757079482079,0.292372503504883,0.272693336009979,0.263693508998044,0.315740062855184,0.255338287665744,0.344106007318992,0.30208882689476
0,0,0,0,0.35101467615714,0,0,0,0,0,0.206424953560755,0,0,0,0,0,0.236974403262138,0,0.248863615095615,0,0.252845248875093,0,0,0,0,0,0,0,0,0,0,0,0,0,0,0,0.238894060026018,0,0.192763574835327,0,0.281377564195545,0,0.312613890159364,0,0,0,0.29162814817512,0.270911160856485,0.297354439894358,0.280812159180641,0.36437632958844,0,0,0,0,0,0.306819680979997,0,0.327819955348969,0,0,0,0,0,0,0,0,0,0,0.350418388843536,0,0.355417233374384,0,0.335877141444234,0,0.252440929412842,0,0,0,0.26708485822744,0,0.261288085775225,0.259757095538988,0.158706277608871,0.300072100619937,0,0.328113661570982
0,0,0,0,0,0,0,0,0,0,0,0,0,0,0,0,0,0,0,0,0,0.264460595939568,0.123017601668835,0.328230770886876,0,0.376480674214452,0,0.300712940223674,0,0,0,0,0,0,0,0,0,0.282439382777351,0,0,0,0,0,0,0,0,0,0,0,0.26738756958028,0,0,0,0,0,0,0,0,0,0,0,0.34184518456459,0,0,0,0,0.288957188944691,0,0.326004210923295,0,0.325300581271376,0,0.375869750976562,0,0,0,0,0,0,0,0.260489749626851,0,0.215095030427689,0.164469840352073,0.337747981150945,0,0
0,0,0,0,0,0,0,0,0,0,0,0,0,0,0,0,0,0,0,0,0,0.125153115019202,0.239821844409329,0,0.11679658460982,0,0.104247694835067,0,0,0,0,0,0,0,0,0,0,0,0.338322060927749,0,0,0,0,0,0,0,0,0,0.403248614611778,0,0,0,0,0,0,0,0,0,0,0,0,0,0,0,0,0,0,0.144545269198716,0,0.312546150523356,0,0.267722636107998,0,0,0,0,0,0,0,0,0,0.380475852384846,0.160765101221648,0.221683695912361,0.386807600657145,0,0
0,0.300009982596979,0,0,0,0,0,0,0,0.229926786434029,0,0,0,0,0,0,0,0,0.307782411575317,0,0,0.320017759080454,0,0.285463783390481,0,0.348992085822348,0,0,0,0,0,0,0,0,0,0,0,0.277229696363211,0,0,0,0.292121148627737,0,0,0,0.291156511753798,0,0.263864909609159,0,0.320436067638859,0,0,0,0,0,0.208439059375275,0,0,0,0.345578148961067,0,0.332504604298335,0.306158185005188,0,0.288957188944691,0,0,0,0.297216905564472,0,0.334611145610159,0,0,0,0,0,0,0,0.251353919506073,0,0.262257546891232,0,0.299250282882573,0.340229423422562,0.323669325090149,0,0
0.221752005713907,0,0,0,0,0,0,0,0.263110629067971,0,0,0,0,0,0,0,0,0,0,0,0,0,0.143407265345256,0,0.149530853949037,0,0,0,0,0,0,0,0,0,0,0,0,0,0.27865893938124,0,0,0,0,0,0,0,0,0,0.255322227805433,0,0,0,0,0,0.234074907831788,0,0,0,0,0,0.176856704056263,0,0,0,0,0.144545269198716,0,0,0,0.197851120162818,0,0,0,0,0,0,0,0,0,0,0,0.32222959513522,0.143212368445737,0,0.302870521513191,0,0
0,0.349311245779196,0,0.287902027368546,0,0,0,0,0,0.326755266440542,0,0,0,0.354617953300476,0,0.354656616137141,0,0.155186653529343,0.332186244866427,0,0,0.30392157987493,0,0.288888834052956,0,0.287102348171175,0,0.224713024847648,0,0,0,0,0,0,0,0,0,0.283683923738343,0,0.271373599767685,0,0.299075442595758,0.283818870782852,0,0,0.290350548826255,0,0,0,0.348284634172916,0,0,0,0,0,0.315333845218023,0,0.355371707539226,0,0.348119903762801,0,0.359659030991002,0.299166360071727,0,0.326004210923295,0,0.297216905564472,0,0,0,0.319391182074265,0,0,0,0,0,0,0,0.277706245581309,0,0.303944639861584,0.320461958646774,0.314961185791047,0.355060306191444,0.361828787390059,0,0
0.185383183391471,0,0,0,0,0,0,0,0.192264798062819,0,0,0,0,0,0.16712077409029,0,0.157188966288231,0,0.189636260271072,0,0,0,0,0,0.137679363660356,0,0.159466895175741,0,0.171483926475048,0,0,0,0,0,0,0,0,0,0.304430881405578,0,0,0,0,0,0,0,0,0,0.244599311845377,0,0,0,0,0,0.194563872842904,0,0.361212680737178,0,0.363242914279302,0,0.195315103503791,0,0,0.350418388843536,0,0.312546150523356,0,0.197851120162818,0,0,0,0.345784685311888,0,0,0,0,0,0,0,0,0,0.286272564530373,0.157171296838083,0.185730956494808,0.32172571370999,0,0
0,0.355116026832702,0,0.312716724475225,0,0,0,0,0,0.348503393901361,0,0.268634850608891,0,0.23028278403299,0,0.340100839734077,0,0.347553119063377,0.368057181212035,0.343291491270065,0,0.301628250196095,0,0,0,0.290703639388084,0,0.264472968918732,0,0.205263946737562,0,0,0,0,0,0,0,0.334231359548256,0,0.368846952915192,0,0.326885692331175,0.316391825675964,0,0,0.296009534055536,0,0,0,0.330825234633036,0,0,0,0,0,0.322856341089521,0,0.329392553721271,0,0.334703403711319,0,0.333781620135178,0.339521216021644,0,0.325300581271376,0,0.334611145610159,0,0.319391182074265,0,0,0,0.40275405857387,0,0,0,0,0,0.309049252258695,0,0.329345348432209,0,0.372353915276566,0.353932723402977,0.35766070805879,0.32355061173439,0
0,0,0.261410802602768,0,0.27423694729805,0,0,0,0,0,0.365796516786833,0,0,0,0,0,0,0,0.288136541843414,0,0.345149850166297,0,0.281738235400273,0,0.106658998977494,0,0.212851565331221,0,0.230585166007037,0,0.213558978339036,0,0,0,0,0,0,0,0.225211988795887,0,0.309358511553254,0,0.297950008511543,0,0,0,0.337247359752655,0.279545918107033,0.267041160166264,0,0.28110279639562,0,0,0,0,0,0.381819310643171,0,0.393134818882005,0,0,0,0,0.355417233374384,0,0.267722636107998,0,0,0,0.345784685311888,0,0,0,0.33861887309016,0,0,0,0,0,0.317467831648313,0,0.271887930724212,0.3349960400508,0.309700727462769,0.326334604356862,0,0.322785216569901
0,0.30753851433595,0,0.30815625251145,0,0,0,0,0.258506238460541,0.381621178160322,0,0.236771111355888,0,0.282073348760605,0,0,0.308495451150269,0.319648925443085,0.352612091311203,0.283279456811238,0,0,0,0,0,0,0,0.158061944174044,0,0.153178191606505,0,0,0,0,0,0.300140316997256,0,0.260905701569036,0,0.294691021492084,0.350030928850174,0.306076537049395,0.275478905210128,0.416942533519533,0,0.31287035490236,0.26262229681015,0.34329017996788,0,0.326664805412292,0,0,0,0,0,0.289420789480209,0,0.282809536214228,0,0,0,0.284666299819946,0.315531386836479,0,0.375869750976562,0,0,0,0,0,0.40275405857387,0,0,0.318421403566996,0,0,0,0,0.318514801443569,0.312182819843292,0.366315980029829,0.339275205135345,0.394484964955908,0.348007244142619,0.358850052983604,0.33823805859497,0.307097315788269
