0,0,6.08869516916868,0,0,0,0,0,3.87363859854246,0,0,0,0,0,0,0,54.5378265380859,0,12.9513584636507,0,0,0,0,0,0,0,0,0,0,0,0,0,0,0,0,0,57.7656457689073,0,0,0,49.8196645464216,0,28.0738304372419,0,0,0,19.4115443554792,26.5946407318115,7.73773046582937,0,0,0,0,0,4.60924596136267,0,24.8694494883219,0,0,0,3.7442375421524,0,0,33.0337365906814,0,0,0,0,0,0,0,0,0,30.4203898945793,0,0,0,0,0,41.5909036271116,0,37.9018028259277,10.4280721580281,0,16.4322401707899,0,17.4000091552734
0,0,0,6.28348849975702,0,0,0,0,0,6.50900609042193,0,0,0,0,0,4.02963420681487,0,0,14.4447869154123,0,0,42.1961498260498,0,0,0,0,0,0,0,0,0,0,0,0,0,57.0693480751731,0,21.2598749058587,0,49.3246709650213,0,20.2989439914727,0,0,0,26.9779247045517,54.7743225097656,51.1599273681641,0,8.09062821995407,0,0,0,0,0,5.44242794046697,0,20.9783325791359,0,8.83332633972168,0,3.72049689937282,31.9572410583496,0,44.0060834884644,0,0,0,13.4138221740723,0,24.4564727720667,0,28.7243997874083,0,0,0,0,0,61.5528612136841,0,36.2346659342448,0,9.92719082234734,0,14.5846321191704,45.6163005828857,0
6.08869516916868,0,0,0,13.1010656356812,0,0,0,7.19624953899743,0,0,0,0,0,0,0,66.6049537658691,0,74.1908187866211,0,12.3173053741455,0,0,0,0,0,0,0,0,0,0,0,0,0,0,0,68.6159464518229,0,0,0,53.3407421112061,0,33.2654295827522,0,0,0,38.0196044628437,42.6034942626953,10.512432441005,0,10.5552597334891,0,0,0,10.5147332449217,0,15.8146367477921,0,7.67957503655378,0,8.78147934046057,0,0,28.4783973693848,0,0,0,0,0,0,0,0,0,31.3961347852434,0,0,0,0,0,58.0514693790012,0,49.8918738365173,14.7753246565001,15.5908976963588,18.649251537176,0,44.8841209411621
0,6.28348849975702,0,0,0,13.3468410968781,0,0,0,12.1960694726096,0,9.15618407726288,0,0,0,9.79784214907679,140.305465698242,58.9087181091309,60.3560624964097,8.78449361974543,0,46.1500549316406,0,0,0,0,0,0,0,0,0,0,0,0,0,42.8763015998037,29.7148628234863,42.7641625404358,0,45.6676222483317,62.7574615478516,37.7949540064885,56.3239917755127,0,0,24.5366408733221,56.6056137084961,37.524356678554,0,10.1171487627182,0,6.1208331935546,0,0,0,11.3896681693467,0,23.2496482257185,0,3.6608189201355,0,7.69914770059559,12.6082853441653,0,48.249195098877,0,36.5360336303711,0,0,0,31.6686486816406,0,32.3347403423206,86.7705230712891,0,0,0,0,23.011054214922,71.5510373796735,45.7687922583686,65.1640720367432,14.5621252691392,5.46073818206787,15.318259327647,48.0125503540039,60.359375
0,0,13.1010656356812,0,0,0,0,0,4.14944693916722,0,0,0,0,0,4.71815716425578,0,0,0,0,0,8.01635074615479,0,0,0,0,0,0,0,0,0,0,0,0,0,0,0,6.18837592715309,0,0,0,0,0,65.9692916870117,0,0,0,0,0,0,0,3.30222888188819,0,0,0,12.6183037757874,0,12.3542478084564,0,26.774133682251,0,5.37580848288262,0,0,0,0,0,0,0,0,0,0,0,0,0,0,0,0,0,0,6.88157646996634,0,0,3.03018618954553,0,16.834622224172,0,0
0,0,0,13.3468410968781,0,0,0,0,0,4.35910532447729,0,0,0,2.91080179214478,0,4.22245521470904,0,0,0,0,0,0,0,0,0,0,0,0,0,0,0,0,0,0,0,28.2652683258057,0,0,0,93.1683578491211,0,44.5641708374023,0,0,0,0,0,0,0,0,0,3.52041501998901,0,0,0,5.05496454238892,0,0,0,3.74209693499974,0,0,0,0,0,0,0,0,0,0,0,0,0,0,0,0,0,0,22.530161857605,0,0,0,4.00504086323274,4.58178009305681,43.7746754373823,0,0
0,0,0,0,0,0,0,0,0,0,3.01504214604696,0,3.71639151573181,0,0,0,0,0,0,0,2.89992082118988,0,0,0,0,0,0,0,0,0,0,0,0,0,0,0,0,0,0,0,0,0,0,0,0,0,0,0,0,0,0,0,4.06401707909324,0,0,0,3.8028450012207,0,0,0,0,0,0,0,0,0,0,0,0,0,0,0,0,0,0,0,0,0,0,0,0,0,3.19775411661933,0,0,0,0
0,0,0,0,0,0,0,0,0,0,0,0,0,0,0,0,0,0,0,0,0,0,0,0,0,0,0,0,0,0,0,0,0,0,0,3.33920837470463,0,0,0,0,0,0,0,0,0,0,0,0,0,0,0,0,0,2.80262864154318,0,0,0,5.35765722112836,0,6.94953198335609,0,0,0,0,0,0,0,0,0,0,0,0,0,0,0,0,0,0,4.38127131297671,0,0,0,2.97149235323856,0,0,0,0
3.87363859854246,0,7.19624953899743,0,4.14944693916722,0,0,0,0,0,0,0,0,0,4.2931121122912,0,25.8843908991132,0,5.84771322011948,0,0,0,0,0,6.56963410685139,0,0,0,0,0,0,0,0,0,0,0,27.1786553064982,0,6.52821387014081,0,0,0,45.615159034729,0,0,0,0,48.5210037231445,6.13641843488139,0,4.38658281735012,0,0,0,6.15768977862138,0,14.7938561439514,0,0,0,4.61383643786112,0,0,14.1231689453125,0,0,0,13.5354805485956,0,0,0,0,0,0,0,0,0,0,0,48.2339696884155,0,16.8751994823587,5.12949835236976,24.7817363739014,8.79972295171207,0,0
0,6.50900609042193,0,12.1960694726096,0,4.35910532447729,0,0,0,0,0,0,0,0,0,4.77097972159116,0,7.4432079016917,48.2274684906006,0,0,0,0,6.05824640735251,0,8.37339868545532,0,0,0,0,0,0,0,0,0,52.9453468322754,40.4622535705566,5.20880993746095,0,55.6505936070492,0,49.2683399836222,56.9953479766846,0,0,34.4430023061818,73.6016464233398,48.4503329140799,0,27.6273650756249,0,0,0,0,0,5.55789091269511,0,70.3980178833008,0,0,0,6.07812360421879,17.8598136901855,84.4524002075195,0,0,5.95437084833781,0,3.13029737655933,0,46.8077049255371,0,48.0869456699916,0,0,0,0,0,31.4042800454532,0,22.2648222105844,0,5.34478937782254,5.42678428779949,30.9152406258661,47.4466762542725,58.4371681213379
0,0,0,0,0,0,3.01504214604696,0,0,0,0,0,3.49009846072448,0,0,0,0,0,0,0,3.71323246978471,0,0,0,0,0,0,0,3.10071688228183,0,10.8308783636196,0,0,0,0,0,2.88589565409827,0,6.20453506394437,0,0,0,49.7840398152669,0,0,0,33.7681461334229,0,0,0,0,0,0,0,0,0,5.0883575279618,0,3.05307406187057,0,0,0,0,9.30149482319888,0,0,0,0,0,0,0,0,0,9.73432424068451,0,0,0,0,0,60.4489669799805,0,7.8294466478484,3.76371146664761,0,23.0794153213501,0,0
0,0,0,9.15618407726288,0,0,0,0,0,0,0,0,0,2.86366927552366,0,0,0,0,0,3.93868360873393,0,0,0,0,0,0,0,0,0,3.24938821224939,0,0,0,0,0,4.14370392962378,0,4.5626047099264,0,0,0,0,0,0,0,12.2010517120361,0,0,0,0,0,0,0,0,0,0,0,5.29126894239815,0,4.95768660554139,0,0,5.73317761006563,0,0,0,0,0,0,0,4.55119292736053,0,8.269677375925,0,0,0,0,0,4.20774108579714,0,5.73199423583778,0,3.28244713708466,0,46.8396301269531,0,0
0,0,0,0,0,0,3.71639151573181,0,0,0,3.49009846072448,0,0,0,4.07367583979731,0,0,0,0,0,0,0,0,0,0,0,0,0,3.40765747229258,0,0,0,0,0,0,0,0,0,0,0,0,0,0,0,0,0,0,0,0,0,0,0,0,0,0,0,3.89959195463415,0,4.87726822622345,0,0,0,0,0,0,0,0,0,0,0,0,0,0,0,0,0,0,0,0,0,0,0,4.82718887119173,2.73752069473267,0,0,0
0,0,0,0,0,2.91080179214478,0,0,0,0,0,2.86366927552366,0,0,0,4.78758283798268,0,2.84398484230042,0,0,0,0,0,0,0,3.71442604922562,0,4.58537751462491,0,0,0,0,0,0,0,0,0,0,0,0,0,0,0,0,0,0,0,0,0,0,0,0,0,0,0,0,0,5.36402168273926,0,4.48390009408055,0,7.97545261383057,0,0,0,0,0,0,3.56530636548996,0,4.85979080200195,0,0,0,0,0,0,0,0,0,0,0,5.19995340092541,0,0,0,0
0,0,0,0,4.71815716425578,0,0,0,4.2931121122912,0,0,0,4.07367583979731,0,0,0,0,0,0,0,0,0,0,0,0,0,0,0,0,0,0,0,0,0,0,0,0,0,0,0,0,0,32.7170944213867,0,0,0,0,0,5.01068577170372,0,4.15169169637892,0,0,0,6.3824856692347,0,0,0,6.45265592956543,0,4.19020947396198,0,0,23.7442588806152,0,0,0,20.6641502380371,0,0,0,0,0,0,0,0,0,0,0,0,0,0,3.46856841444969,0,0,0,0
0,4.02963420681487,0,9.79784214907679,0,4.22245521470904,0,0,0,4.77097972159116,0,0,0,4.78758283798268,0,0,0,3.02774325355155,0,0,0,0,0,0,0,10.3204803705215,0,7.14529175228543,0,0,0,0,0,0,0,52.3988395690918,0,0,0,0,0,46.120866394043,69.1641082763672,0,0,28.470033009847,0,0,0,43.1444339752197,0,0,0,0,0,7.09635723155478,0,0,0,5.96969145460974,0,3.86035990520664,0,0,0,0,13.8416514396667,0,7.49149094687568,0,0,0,49.9747304916382,0,0,0,0,0,27.3398971557617,0,0,0,5.85768546804714,7.09000280391739,29.5935367283068,0,0
54.5378265380859,0,66.6049537658691,140.305465698242,0,0,0,0,25.8843908991132,0,0,0,0,0,0,0,0,31.9468707869217,27.3299056600301,0,0,10.3310956954956,11.3227375916072,0,12.8791515429815,40.7971954345703,10.0383289094766,0,5.93223054409027,0,0,0,0,0,0,103.621361732483,86.2084742094341,0,0,79.681940290663,71.6164743804932,76.3951607781487,58.7587360497096,83.1952972412109,0,72.1072318133186,60.6546757656073,0,89.1923370361328,107.919849395752,0,0,0,0,3.67744100093842,0,92.1612881251744,0,0,0,0,0,73.3251550462511,71.8173830205744,0,23.6257039185228,0,0,54.5881080627441,0,0,0,86.1873962402344,61.2321087646484,0,0,0,0,94.5760228956068,74.8127958788191,87.1840229863706,64.1991820518787,14.8655964146818,10.161714004335,62.1196486997289,77.9368057250977,47.7471711158752
0,0,0,58.9087181091309,0,0,0,0,0,7.4432079016917,0,0,0,2.84398484230042,0,3.02774325355155,31.9468707869217,0,25.7787941181124,0,0,6.90428873386753,35.8583730928826,0,51.9538125991821,6.35801308225877,53.6068806648254,0,0,0,0,0,0,0,0,95.7589749897996,114.277831768167,127.857391357422,0,83.0352257887522,91.3296600341797,63.4795073014271,83.0375053769066,0,0,74.7497198922294,83.7331634683812,0,0,77.048095703125,0,0,0,0,0,9.90690088272095,107.854122161865,0,0,0,0,0,77.1239152388139,96.0096277090219,8.27549798354924,85.0162124633789,0,0,9.47222594210976,0,129.922103881836,0,72.3372116088867,97.6666660308838,0,0,0,0,89.9175410757259,100.687085940514,81.1133976920706,92.0580487569173,12.4793202256024,12.9432192808787,75.2081684421849,56.9071302106304,67.1916596548898
12.9513584636507,14.4447869154123,74.1908187866211,60.3560624964097,0,0,0,0,5.84771322011948,48.2274684906006,0,0,0,0,0,0,27.3299056600301,25.7787941181124,0,0,0,47.2687479654948,41.6979312896729,0,0,0,40.9080829620361,0,0,0,0,0,0,0,0,67.1631152372566,74.5436267699846,62.8587969611673,64.3519694010417,47.5415512308606,55.0021561237324,33.041080298544,39.5571705474521,19.3822181065877,0,35.8782115284401,42.6731162225772,0,68.0088602701823,56.9888480642568,0,0,0,0,0,82.3255896568298,57.1478232617648,25.657543182373,69.7954711914062,0,58.3223533630371,93.2428245544434,49.8851066223563,52.7226809860369,57.2426719665527,0,0,0,40.9444627761841,0,42.4309896653698,0,34.4923507514173,50.5660086334067,0,0,0,0,55.3081909979923,60.4365961947163,44.6337069373489,52.0993953565802,22.3996849283539,38.8868365654579,39.9916221798124,30.3392868007932,30.9678694556741
0,0,0,8.78449361974543,0,0,0,0,0,0,0,3.93868360873393,0,0,0,0,0,0,0,0,0,0,0,0,0,0,0,0,0,0,0,0,0,0,0,5.54746180019573,0,5.91199354763472,0,0,0,0,0,0,0,9.62014182408651,0,0,0,0,0,0,0,0,0,0,0,4.09800633621216,0,0,0,16.2231086095174,5.05956696325914,0,0,0,0,0,0,0,0,0,0,0,0,0,0,0,7.75764654719566,0,4.05570521354675,0,7.17013651979426,0,6.31923593007601,0,0
0,0,12.3173053741455,0,8.01635074615479,0,2.89992082118988,0,0,0,3.71323246978471,0,0,0,0,0,0,0,0,0,0,0,0,0,0,0,0,0,0,0,0,0,0,0,0,0,6.53807753165428,0,4.29102946867448,0,0,0,0,0,0,0,33.27099609375,0,0,0,0,0,0,0,13.4581388897366,0,4.96795109399529,0,10.1808487176895,0,15.0086290041606,0,0,4.55305101638887,0,0,0,0,0,0,0,0,0,13.7773180007935,0,0,0,0,0,8.29009948836433,0,4.58756549674344,4.51610315689674,0,9.12157690347131,0,0
0,42.1961498260498,0,46.1500549316406,0,0,0,0,0,0,0,0,0,0,0,0,10.3310956954956,6.90428873386753,47.2687479654948,0,0,0,3.69378012418747,4.73621397752028,0,4.11431791663867,0,4.32539772987366,0,0,0,0,0,0,0,0,0,4.74651363640633,0,0,0,46.2899980130403,0,0,0,65.8824450174967,0,0,0,11.7671091102195,0,0,0,0,0,60.0453720092773,0,28.3978973388672,0,32.4406332969666,0,0,65.1535263061523,0,5.73935049671798,0,16.185396418427,0,16.7067327324937,0,15.0885277879856,0,16.5838447952271,0,0,0,0,0,95.6828994750977,0,9.56154358989471,0,6.00523855611073,6.48897376774691,40.3305349349976,37.7320938110352,0
0,0,0,0,0,0,0,0,0,0,0,0,0,0,0,0,11.3227375916072,35.8583730928826,41.6979312896729,0,0,3.69378012418747,0,0,6.2446088624555,0,4.94920492076105,0,3.68667440116405,0,0,0,0,0,0,0,0,0,5.05792905858173,0,0,0,60.1830596923828,0,0,0,0,0,11.7938026877011,0,0,0,0,0,0,0,0,0,0,0,0,0,0,0,0,4.94765898672122,0,4.5381421148777,0,5.66382816632589,0,3.88935632705688,0,0,0,0,0,0,113.057403564453,0,0,7.18916780736246,5.16536185548562,4.85654147343758,0,0,0
0,0,0,0,0,0,0,0,0,6.05824640735251,0,0,0,0,0,0,0,0,0,0,0,4.73621397752028,0,0,0,4.27397039928267,0,0,0,0,0,0,0,0,0,0,0,5.30746613849293,0,0,0,0,0,0,0,0,0,0,0,12.0775716977242,0,0,0,0,0,6.901773512712,0,0,0,0,0,0,0,0,6.3103201687336,0,5.55966208099546,0,3.52103999783011,0,0,0,0,0,0,0,0,0,0,0,8.78967240917109,0,4.90659223000209,0,8.25698527300133,0,0
0,0,0,0,0,0,0,0,6.56963410685139,0,0,0,0,0,0,0,12.8791515429815,51.9538125991821,0,0,0,0,6.2446088624555,0,0,0,0,0,0,0,0,0,0,0,0,0,0,0,6.87622615870307,0,0,0,0,0,0,0,0,0,12.3289358761252,0,0,0,0,0,6.92455497741699,0,0,0,0,0,2.9497058391571,0,0,0,0,6.67070279802595,0,3.55079029644689,0,5.08802428841591,0,0,0,0,0,0,0,0,0,0,0,8.56918967853893,6.73938711484273,0,3.71939043341012,0,0
0,0,0,0,0,0,0,0,0,8.37339868545532,0,0,0,3.71442604922562,0,10.3204803705215,40.7971954345703,6.35801308225877,0,0,0,4.11431791663867,0,4.27397039928267,0,0,0,4.48359819151397,0,0,0,0,0,0,0,0,0,0,0,0,0,0,0,0,0,0,0,0,0,21.6831245422363,0,0,0,0,0,11.4912695884705,0,0,0,9.71572086546156,0,5.53770069586925,0,0,4.49533326648971,0,5.20153761250632,0,4.12579303466425,0,9.37878592809041,0,0,0,0,0,0,0,0,0,0,0,4.39839180310567,0,0,0,0
0,0,0,0,0,0,0,0,0,0,0,0,0,0,0,0,10.0383289094766,53.6068806648254,40.9080829620361,0,0,0,4.94920492076105,0,0,0,0,0,5.3063195953219,0,0,0,0,0,0,0,0,0,0,0,0,0,0,0,0,0,63.7814483642578,0,0,0,0,0,0,0,0,0,0,0,0,0,0,0,0,0,0,5.10347126501578,0,0,0,3.00507548587774,0,7.61865186691284,0,0,0,0,0,0,0,99.9252777099609,0,0,4.95465593988245,0,0,0,0
0,0,0,0,0,0,0,0,0,0,0,0,0,4.58537751462491,0,7.14529175228543,0,0,0,0,0,4.32539772987366,0,0,0,4.48359819151397,0,0,0,2.81887809435527,0,0,0,0,0,0,0,3.99990631474389,0,0,0,0,0,0,0,0,0,0,0,0,0,0,0,0,0,0,0,0,0,4.47234487177721,0,0,0,0,3.3705815076828,0,0,0,6.68259431707098,0,5.97571746326887,0,0,0,0,0,0,0,0,0,4.18111272901297,0,4.48753660837809,0,0,0,0
0,0,0,0,0,0,0,0,0,0,3.10071688228183,0,3.40765747229258,0,0,0,5.93223054409027,0,0,0,0,0,3.68667440116405,0,0,0,5.3063195953219,0,0,0,2.91689653396606,0,0,0,0,0,0,0,3.58502170443535,0,0,0,0,0,0,0,0,0,0,0,0,0,0,0,0,0,0,0,0,0,0,0,0,0,0,4.62832409685308,0,0,0,6.6148535109855,0,5.65388049114318,0,4.93883363902569,0,0,0,0,0,0,0,4.72678712592728,2.96229600906372,0,0,0,0
0,0,0,0,0,0,0,0,0,0,0,3.24938821224939,0,0,0,0,0,0,0,0,0,0,0,0,0,0,0,2.81887809435527,0,0,0,0,0,0,0,0,0,3.98815874794255,0,0,0,0,0,0,0,0,0,0,0,0,0,0,0,0,0,0,0,6.28821317822325,0,5.91045236587524,0,0,0,0,0,0,0,0,0,0,3.2515113515369,0,4.9939636941226,0,0,0,0,0,0,0,3.70516058265186,0,3.16410831042698,0,0,0,0
0,0,0,0,0,0,0,0,0,0,10.8308783636196,0,0,0,0,0,0,0,0,0,0,0,0,0,0,0,0,0,2.91689653396606,0,0,0,0,0,0,0,0,0,3.03002156471384,0,0,0,0,0,0,0,0,0,0,0,0,0,0,0,0,0,6.6671321478757,0,0,0,0,0,0,0,0,0,0,0,0,0,0,3.58017575740814,0,4.74887569268544,0,0,0,0,0,0,0,5.08927569798061,4.05926224860278,0,43.6146879196167,0,0
0,0,0,0,0,0,0,0,0,0,0,0,0,0,0,0,0,0,0,0,0,0,0,0,0,0,0,0,0,0,0,0,4.43501913386422,3.68786542945438,2.84143483638763,9.16579067812,0,0,0,0,0,0,0,0,0,0,0,7.13619080070377,8.00563049316406,8.4144585609436,0,0,0,0,0,0,0,0,0,0,0,0,0,0,0,0,0,0,0,0,0,0,0,0,4.67259760747982,4.65064960605693,5.75959082188145,0,9.2230146774321,4.22962212562561,0,0,3.6027353954854,0,7.14053392410278,0,0
0,0,0,0,0,0,0,0,0,0,0,0,0,0,0,0,0,0,0,0,0,0,0,0,0,0,0,0,0,0,0,4.43501913386422,0,0,4.29403388500214,0,4.76926222014329,0,0,0,0,0,0,0,0,0,0,8.37719614514833,7.34900935490926,16.8250331878662,0,0,0,0,0,0,0,0,0,0,0,0,0,0,0,0,0,0,0,0,0,0,0,0,2.95668570200602,5.14270197098814,0,6.53323411941528,0,9.35534400159127,0,0,6.97112333093371,0,0,0,0
0,0,0,0,0,0,0,0,0,0,0,0,0,0,0,0,0,0,0,0,0,0,0,0,0,0,0,0,0,0,0,3.68786542945438,0,0,4.2661330555132,5.65120832906159,0,4.4252869704674,0,0,0,0,0,0,0,0,0,4.14735121013009,0,6.600421667099,0,0,0,0,0,0,0,0,0,0,0,0,0,0,0,0,0,0,0,0,0,0,0,0,5.77258777618408,5.12505054473877,4.91362816151162,4.54826982685777,6.3527601576866,0,2.90735380649567,0,3.17655680376455,0,6.77192354202271,0,0
0,0,0,0,0,0,0,0,0,0,0,0,0,0,0,0,0,0,0,0,0,0,0,0,0,0,0,0,0,0,0,2.84143483638763,4.29403388500214,4.2661330555132,0,0,5.28778484317123,0,3.98545617163181,0,0,0,0,0,0,0,0,3.24503409619234,0,0,0,0,0,0,0,0,0,0,0,0,0,0,0,0,0,0,0,0,0,0,0,0,0,0,0,4.60050649766798,4.22895885102543,5.17685741866366,0,6.62186084642001,0,6.31027221679688,3.71981855801174,4.21925719579061,0,0,0
0,57.0693480751731,0,42.8763015998037,0,28.2652683258057,0,3.33920837470463,0,52.9453468322754,0,4.14370392962378,0,0,0,52.3988395690918,103.621361732483,95.7589749897996,67.1631152372566,5.54746180019573,0,0,0,0,0,0,0,0,0,0,0,9.16579067812,0,5.65120832906159,0,0,6.09346300564455,7.64228110162443,0,74.7152503331502,105.455934524536,58.8793096308232,85.4434804916382,49.8678649696144,0,46.9259702159426,94.4208769226074,10.5264944168361,0,53.440999170629,0,23.8987115224202,0,0,0,59.4780193675648,0,7.32265790077773,0,19.1170139312744,0,38.0122576713562,15.6148023615385,117.921068191528,68.9118118286133,0,0,0,0,0,120.87748336792,0,86.2998888227675,107.12829371861,6.50568320051484,12.9996115366618,5.87477045257886,0,7.29932268833552,13.0921362094312,15.5449109320965,108.063863900992,8.4943083200476,4.52485465967939,47.9717675334698,49.039329859836,86.9079259236654
57.7656457689073,0,68.6159464518229,29.7148628234863,6.18837592715309,0,0,0,27.1786553064982,40.4622535705566,2.88589565409827,0,0,0,0,0,86.2084742094341,114.277831768167,74.5436267699846,0,6.53807753165428,0,0,0,0,0,0,0,0,0,0,0,4.76926222014329,0,5.28778484317123,6.09346300564455,0,2.8180947303772,6.98884222075936,104.126889801025,53.3110959702644,81.0346374511719,59.4387571385179,0,0,90.6082482588919,49.7233708427588,6.39330785473188,42.6205051898956,59.6127328872681,0,0,0,0,26.2200270758735,73.4830093383789,8.05066455789834,0,26.9387894948324,0,25.6990880966187,37.8296298980713,105.261945088704,19.0016939972534,0,0,0,0,0,0,77.8345241546631,0,114.757532119751,94.289464263916,4.83383274078369,4.92320931598235,0,6.49491525201237,10.9880769248729,7.65364892807541,113.342439651489,12.9908262004767,9.78095807727186,6.94003335106403,52.9855730611382,88.6791717529297,49.0335438853562
0,21.2598749058587,0,42.7641625404358,0,0,0,0,0,5.20880993746095,0,4.5626047099264,0,0,0,0,0,127.857391357422,62.8587969611673,5.91199354763472,0,4.74651363640633,0,5.30746613849293,0,0,0,3.99990631474389,0,3.98815874794255,0,0,0,4.4252869704674,0,7.64228110162443,2.8180947303772,0,2.74640774726868,83.6752426147461,0,26.3377582093944,74.8196868896484,0,0,41.2205897264702,0,5.50520978399931,0,5.73973832837878,0,0,0,0,0,8.5073608487517,105.24991607666,3.74030333360036,0,0,0,0,12.9406552000094,147.455230712891,6.93617598712444,0,8.81950108401747,0,0,0,3.45369133353233,0,4.63743868240943,0,0,0,5.95155107073423,0,10.3161305704042,0,6.04024782694077,6.09223175048828,5.87963758088365,4.00924987925424,9.93841477172581,42.980281829834,0
0,0,0,0,0,0,0,0,6.52821387014081,0,6.20453506394437,0,0,0,0,0,0,0,64.3519694010417,0,4.29102946867448,0,5.05792905858173,0,6.87622615870307,0,0,0,3.58502170443535,0,3.03002156471384,0,0,0,3.98545617163181,0,6.98884222075936,2.74640774726868,0,0,0,0,70.8186130523682,0,0,0,41.5006761550903,7.15187358652425,6.95042584686553,0,0,0,0,0,6.74462811513381,0,5.82107263264136,0,0,0,0,0,0,9.98918194433386,0,4.62439523904751,0,6.04292854597402,0,0,0,0,0,5.50048923492432,0,0,0,5.27994858142402,0,10.2809148090592,0,5.32979251740506,5.57908434382326,3.31511553696224,8.65331222481198,0,40.860668182373
0,49.3246709650213,0,45.6676222483317,0,93.1683578491211,0,0,0,55.6505936070492,0,0,0,0,0,0,79.681940290663,83.0352257887522,47.5415512308606,0,0,0,0,0,0,0,0,0,0,0,0,0,0,0,0,74.7152503331502,104.126889801025,83.6752426147461,0,0,72.0490182240804,27.9761877480106,48.1748473540596,31.0372356006077,0,18.3150042791925,69.4707154591878,19.5199518203735,0,19.6416529300166,0,0,0,0,0,57.5773211585151,0,50.7631454467773,0,67.145881652832,0,59.1491498947144,11.0849225287852,81.8875198364258,79.4002380371094,0,0,0,0,0,61.864070892334,0,53.9063251910566,79.4733871459961,0,0,0,0,14.5545053995916,93.4532181524461,40.2720743290319,91.1923554364373,43.0634473063556,0,18.6971169030517,34.4595672703591,65.4651351928711
49.8196645464216,0,53.3407421112061,62.7574615478516,0,0,0,0,0,0,0,0,0,0,0,0,71.6164743804932,91.3296600341797,55.0021561237324,0,0,0,0,0,0,0,0,0,0,0,0,0,0,0,0,105.455934524536,53.3110959702644,0,0,72.0490182240804,0,64.1822227478027,27.4677855877061,49.8518943786621,0,77.0370295388358,13.1608907061738,0,16.6719080805779,0,0,0,0,0,51.5729713439941,0,56.3612308945767,0,44.6016864776611,0,55.2250061035156,0,67.8360290527344,18.465721884045,0,0,0,0,0,0,0,71.3052215576172,90.5158500671387,45.6260509850844,0,0,0,0,91.7418927279386,18.4681342182488,81.5881271362305,33.0180334326843,46.381484388101,26.3902339935303,18.8972356202098,62.9833786010742,32.8253343134751
0,20.2989439914727,0,37.7949540064885,0,44.5641708374023,0,0,0,49.2683399836222,0,0,0,0,0,46.120866394043,76.3951607781487,63.4795073014271,33.041080298544,0,0,46.2899980130403,0,0,0,0,0,0,0,0,0,0,0,0,0,58.8793096308232,81.0346374511719,26.3377582093944,0,27.9761877480106,64.1822227478027,0,15.6101106582137,17.9474900477641,0,24.3069073525629,63.0575946172078,4.25189697174799,0,21.113236788341,0,43.5891087849935,0,0,0,46.055300546729,76.0361099243164,24.9961144776471,0,20.4685802459717,0,52.095306998805,31.1069534065187,61.8411483764648,38.9112429985633,0,43.8261604309082,0,25.9004364013672,0,26.7363376185454,0,23.2251448739213,67.6035522460938,0,0,0,0,36.4236004624186,62.7625225021178,30.1367232619952,64.0795780050343,18.694015941624,0,18.431753378018,19.8908485936873,45.0905498504639
28.0738304372419,0,33.2654295827522,56.3239917755127,65.9692916870117,0,0,0,45.615159034729,56.9953479766846,49.7840398152669,0,0,0,32.7170944213867,69.1641082763672,58.7587360497096,83.0375053769066,39.5571705474521,0,0,0,60.1830596923828,0,0,0,0,0,0,0,0,0,0,0,0,85.4434804916382,59.4387571385179,74.8196868896484,70.8186130523682,48.1748473540596,27.4677855877061,15.6101106582137,0,0,14.1586236953735,38.5310812140956,26.4219443722629,8.54076177933637,8.35455715016988,38.7848528453282,39.8829580034528,0,0,0,41.2989000237506,56.7151489257812,28.1447889903012,44.0259552001953,41.2737105687459,0,44.9041906217249,0,52.3612842559814,33.9474929082961,0,0,0,0,0,0,74.6676200866699,42.7345965703328,62.6065721511841,23.0656665624574,0,0,0,0,67.8482423345727,36.4472565883072,66.5870939337689,31.5087797253812,19.0060386208993,18.9958259314299,21.6265013253671,38.793781598409,22.1594286397471
0,0,0,0,0,0,0,0,0,0,0,0,0,0,0,0,83.1952972412109,0,19.3822181065877,0,0,0,0,0,0,0,0,0,0,0,0,0,0,0,0,49.8678649696144,0,0,0,31.0372356006077,49.8518943786621,17.9474900477641,0,0,0,19.1573904673258,0,0,0,0,0,0,0,0,0,0,0,0,0,0,0,0,37.4570274353027,0,0,0,0,0,0,0,0,0,0,0,0,0,0,0,40.8402614593506,48.1237716674805,39.1731649398804,0,15.6476312705449,0,23.0001815649179,18.1426386303372,0
0,0,0,0,0,0,0,0,0,0,0,0,0,0,0,0,0,0,0,0,0,0,0,0,0,0,0,0,0,0,0,0,0,0,0,0,0,0,0,0,0,0,14.1586236953735,0,0,0,0,0,0,0,0,0,0,0,0,0,0,0,0,0,0,0,0,0,0,0,0,0,0,0,0,0,0,0,0,0,0,0,0,0,0,0,10.0559661865234,0,3.99428915977478,0,0
0,26.9779247045517,0,24.5366408733221,0,0,0,0,0,34.4430023061818,0,12.2010517120361,0,0,0,28.470033009847,72.1072318133186,74.7497198922294,35.8782115284401,9.62014182408651,0,65.8824450174967,0,0,0,0,0,0,0,0,0,0,0,0,0,46.9259702159426,90.6082482588919,41.2205897264702,0,18.3150042791925,77.0370295388358,24.3069073525629,38.5310812140956,19.1573904673258,0,0,59.6574296783983,46.7108001708984,100.61775970459,26.2350761240179,0,0,0,0,0,34.488299109719,0,26.2483435331606,0,0,0,35.5796642303467,11.5998842851825,67.4189704446232,64.1651776631673,0,0,0,0,0,47.6950717794484,0,35.9593364795049,85.1086578369141,0,0,0,0,27.5361784985226,78.3055760595534,35.6589153395969,73.6587823721079,30.2905495993855,0,16.4277044439832,41.6481503742497,53.9560222625732
19.4115443554792,54.7743225097656,38.0196044628437,56.6056137084961,0,0,0,0,0,73.6016464233398,33.7681461334229,0,0,0,0,0,60.6546757656073,83.7331634683812,42.6731162225772,0,33.27099609375,0,0,0,0,0,63.7814483642578,0,0,0,0,0,0,0,0,94.4208769226074,49.7233708427588,0,41.5006761550903,69.4707154591878,13.1608907061738,63.0575946172078,26.4219443722629,0,0,59.6574296783983,0,0,37.4196165524996,0,0,0,0,0,0,83.7271575927734,40.6615286499914,0,33.3302850723267,0,45.1109741210937,70.0772476196289,80.3466766357422,16.2602197534267,0,0,0,0,0,0,107.095970153809,38.7866020202637,84.2692672729492,46.4992077304232,0,0,0,0,82.7775469693271,27.6485820484284,90.6235497792562,36.060458818719,33.1261407422975,21.5750038146973,25.4134041216416,58.0708836642179,44.3486773681641
26.5946407318115,51.1599273681641,42.6034942626953,37.524356678554,0,0,0,0,48.5210037231445,48.4503329140799,0,0,0,0,0,0,0,0,0,0,0,0,0,0,0,0,0,0,0,0,0,7.13619080070377,8.37719614514833,4.14735121013009,3.24503409619234,10.5264944168361,6.39330785473188,5.50520978399931,7.15187358652425,19.5199518203735,0,4.25189697174799,8.54076177933637,0,0,46.7108001708984,0,0,5.14168953883534,5.84882294700806,0,42.7471466064453,0,0,0,46.8769087791443,45.5447886784871,59.8294245402018,42.6838531494141,0,46.80295753479,44.4016456604004,0,0,0,0,0,0,0,0,62.9593200683594,0,63.1330680847168,66.7411327362061,7.14525523130524,5.98446323637102,3.46312886849046,3.27776899019877,7.55587106909071,9.30420616288175,6.08489465713501,4.52743954376634,6.97871255215178,12.5091868042946,7.72479289625533,0,0
7.73773046582937,0,10.512432441005,0,0,0,0,0,6.13641843488139,0,0,0,0,0,5.01068577170372,0,89.1923370361328,0,68.0088602701823,0,0,0,11.7938026877011,0,12.3289358761252,0,0,0,0,0,0,8.00563049316406,7.34900935490926,0,0,0,42.6205051898956,0,6.95042584686553,0,16.6719080805779,0,8.35455715016988,0,0,100.61775970459,37.4196165524996,5.14168953883534,0,5.45523769427569,0,0,0,0,14.7003128809087,0,33.6265959410832,0,11.2735645915523,0,9.54751189001675,0,0,43.7199096679688,0,6.10298615041941,0,7.27651052704024,0,6.2259336092573,0,10.5481491034505,0,32.4999352931976,0,5.68579363822937,0,4.11760276097518,0,7.63248085496069,0,5.79326430282548,10.3857201603802,21.4600435892741,7.15992378028784,0,80.6302032470703
0,8.09062821995407,0,10.1171487627182,0,0,0,0,0,27.6273650756249,0,0,0,0,0,43.1444339752197,107.919849395752,77.048095703125,56.9888480642568,0,0,11.7671091102195,0,12.0775716977242,0,21.6831245422363,0,0,0,0,0,8.4144585609436,16.8250331878662,6.600421667099,0,53.440999170629,59.6127328872681,5.73973832837878,0,19.6416529300166,0,21.113236788341,38.7848528453282,0,0,26.2350761240179,0,5.84882294700806,5.45523769427569,0,0,19.2060127258301,0,0,0,24.444328121517,0,8.78279479150172,0,7.57607344887473,0,9.0969562301897,31.3248939947648,0,9.94063257647359,0,16.1881063157234,0,10.0567436912325,0,9.52082707511412,0,21.680895018984,84.4560089111328,0,0,3.10015592575073,0,13.5613659470287,83.1243845621745,8.13336026579587,69.3949584960938,19.1256479393352,0,10.4840514182246,50.1748073577881,0
0,0,10.5552597334891,0,3.30222888188819,0,0,0,4.38658281735012,0,0,0,0,0,4.15169169637892,0,0,0,0,0,0,0,0,0,0,0,0,0,0,0,0,0,0,0,0,0,0,0,0,0,0,0,39.8829580034528,0,0,0,0,0,0,0,0,0,0,0,9.60397093296051,0,13.4549232543783,0,7.61105632781982,0,5.44412836273292,0,0,11.4017562866211,0,0,0,0,0,0,0,0,0,41.1065521240234,0,0,0,0,0,0,0,0,0,0,13.6558305422465,0,0
0,0,0,6.1208331935546,0,3.52041501998901,0,0,0,0,0,0,0,0,0,0,0,0,0,0,0,0,0,0,0,0,0,0,0,0,0,0,0,0,0,23.8987115224202,0,0,0,0,0,43.5891087849935,0,0,0,0,0,42.7471466064453,0,19.2060127258301,0,0,0,0,0,0,0,0,0,0,0,0,0,0,0,0,0,0,0,0,0,0,0,0,0,0,0,0,40.5958862304688,0,0,0,17.5878942489624,0,23.1726567928608,0,0
0,0,0,0,0,0,4.06401707909324,0,0,0,0,0,0,0,0,0,0,0,0,0,0,0,0,0,0,0,0,0,0,0,0,0,0,0,0,0,0,0,0,0,0,0,0,0,0,0,0,0,0,0,0,0,0,0,0,0,2.8476539850235,0,0,0,0,0,0,0,0,0,0,0,0,0,0,0,0,0,0,0,0,0,0,0,0,0,0,0,0,0,0
0,0,0,0,0,0,0,2.80262864154318,0,0,0,0,0,0,0,0,0,0,0,0,0,0,0,0,0,0,0,0,0,0,0,0,0,0,0,0,0,0,0,0,0,0,0,0,0,0,0,0,0,0,0,0,0,0,0,0,0,4.45703713833785,0,7.35291377703349,0,0,0,0,0,0,0,0,0,0,0,0,0,0,0,0,0,0,0,0,0,0,0,0,0,0,0
4.60924596136267,0,10.5147332449217,0,12.6183037757874,0,0,0,6.15768977862138,0,0,0,0,0,6.3824856692347,0,3.67744100093842,0,0,0,13.4581388897366,0,0,0,6.92455497741699,0,0,0,0,0,0,0,0,0,0,0,26.2200270758735,0,6.74462811513381,0,51.5729713439941,0,41.2989000237506,0,0,0,0,0,14.7003128809087,0,9.60397093296051,0,0,0,0,0,13.0224997313919,0,19.8041928609212,0,8.77196504519536,0,0,12.4822232723236,0,0,0,4.65731283993397,0,5.4552427988786,0,37.19287109375,0,38.6593570709229,0,0,0,0,0,26.8023061752319,0,10.9918601084978,8.53109388820735,0,19.2152325171459,0,0
0,5.44242794046697,0,11.3896681693467,0,5.05496454238892,0,0,0,5.55789091269511,0,0,0,0,0,7.09635723155478,0,9.90690088272095,82.3255896568298,0,0,60.0453720092773,0,6.901773512712,0,11.4912695884705,0,0,0,0,0,0,0,0,0,59.4780193675648,73.4830093383789,8.5073608487517,0,57.5773211585151,0,46.055300546729,56.7151489257812,0,0,34.488299109719,83.7271575927734,46.8769087791443,0,24.444328121517,0,0,0,0,0,0,0,39.5987434387207,0,0,0,6.17130007929431,67.8408813476562,0,0,0,4.92459183314751,0,0,0,46.0009565353394,0,49.3207778930664,0,0,0,0,0,47.9027716595194,87.7747077941895,24.3935514688492,0,24.422710516236,0,18.9325641569813,0,0
24.8694494883219,0,15.8146367477921,0,12.3542478084564,0,3.8028450012207,0,14.7938561439514,0,5.0883575279618,0,3.89959195463415,0,0,0,92.1612881251744,107.854122161865,57.1478232617648,0,4.96795109399529,0,0,0,0,0,0,0,0,0,6.6671321478757,0,0,0,0,0,8.05066455789834,105.24991607666,5.82107263264136,0,56.3612308945767,76.0361099243164,28.1447889903012,0,0,0,40.6615286499914,45.5447886784871,33.6265959410832,0,13.4549232543783,0,2.8476539850235,0,13.0224997313919,0,0,0,5.05378198065953,0,6.8329088606802,0,0,9.42981691045372,0,30.3102016448975,0,0,0,22.29497571425,0,7.92148399669712,74.4977442423503,7.95492432800346,0,0,0,0,93.024772644043,50.3876230113478,0,26.0598313515646,18.4361763759698,29.0956312815348,16.952181952514,0,40.1553192138672
0,20.9783325791359,0,23.2496482257185,0,0,0,5.35765722112836,0,70.3980178833008,0,5.29126894239815,0,5.36402168273926,0,0,0,0,25.657543182373,4.09800633621216,0,28.3978973388672,0,0,0,0,0,0,0,6.28821317822325,0,0,0,0,0,7.32265790077773,0,3.74030333360036,0,50.7631454467773,0,24.9961144776471,44.0259552001953,0,0,26.2483435331606,0,59.8294245402018,0,8.78279479150172,0,0,0,4.45703713833785,0,39.5987434387207,0,0,0,4.74078727709294,0,11.7078235944112,9.6206801975711,0,28.3105522155762,0,20.8878470829555,0,10.6394683156695,0,7.40290620271835,0,6.82122915173754,0,0,0,0,0,25.4250737190247,0,17.1503020604451,0,14.6455366126078,0,9.70706568334642,16.6754083633423,0
0,0,7.67957503655378,0,26.774133682251,0,0,0,0,0,3.05307406187057,0,4.87726822622345,0,6.45265592956543,0,0,0,69.7954711914062,0,10.1808487176895,0,0,0,0,0,0,0,0,0,0,0,0,0,0,0,26.9387894948324,0,0,0,44.6016864776611,0,41.2737105687459,0,0,0,33.3302850723267,42.6838531494141,11.2735645915523,0,7.61105632781982,0,0,0,19.8041928609212,0,5.05378198065953,0,0,0,3.93885516618427,0,0,9.59449887275696,0,26.0309753417969,0,0,0,9.25520217418671,0,5.62883489394407,0,38.8967704772949,0,0,0,0,0,20.724181319728,0,0,8.28082692975829,21.0072345733643,14.7671266353294,0,0
0,8.83332633972168,0,3.6608189201355,0,3.74209693499974,0,6.94953198335609,0,0,0,4.95768660554139,0,4.48390009408055,0,5.96969145460974,0,0,0,0,0,32.4406332969666,0,0,0,9.71572086546156,0,4.47234487177721,0,5.91045236587524,0,0,0,0,0,19.1170139312744,0,0,0,67.145881652832,0,20.4685802459717,0,0,0,0,0,0,0,7.57607344887473,0,0,0,7.35291377703349,0,0,0,4.74078727709294,0,0,0,4.95114075356696,10.4802832603455,0,28.0478530296913,0,18.8767703916968,0,8.53274059202157,0,6.51094214121501,0,15.303586101532,0,0,0,0,0,19.1034545898438,0,0,0,16.7553886175156,0,9.38502293500033,0,0
3.7442375421524,0,8.78147934046057,0,5.37580848288262,0,0,0,4.61383643786112,0,0,0,0,0,4.19020947396198,0,0,0,58.3223533630371,0,15.0086290041606,0,0,0,2.9497058391571,0,0,0,0,0,0,0,0,0,0,0,25.6990880966187,0,0,0,55.2250061035156,0,44.9041906217249,0,0,0,45.1109741210937,46.80295753479,9.54751189001675,0,5.44412836273292,0,0,0,8.77196504519536,0,6.8329088606802,0,3.93885516618427,0,0,0,0,26.5667107899984,0,0,0,0,0,3.20090941588084,0,3.36684319376945,0,38.8712024688721,0,0,0,0,0,30.8371970347869,0,72.3120346069336,25.7350709199905,24.4449486732483,25.4670659268396,0,0
0,3.72049689937282,0,7.69914770059559,0,0,0,0,0,6.07812360421879,0,0,0,7.97545261383057,0,3.86035990520664,0,0,93.2428245544434,16.2231086095174,0,0,0,0,0,5.53770069586925,0,0,0,0,0,0,0,0,0,38.0122576713562,37.8296298980713,0,0,59.1491498947144,0,52.095306998805,0,0,0,35.5796642303467,70.0772476196289,44.4016456604004,0,9.0969562301897,0,0,0,0,0,6.17130007929431,0,11.7078235944112,0,4.95114075356696,0,0,13.1125441959926,0,38.8708047866821,0,19.0928028651646,0,6.31107640743256,0,40.0141669909159,0,0,0,0,0,0,0,25.2091263961792,78.9878749847412,65.2179724375407,0,18.9366026642502,0,16.6531337030472,49.8852615356445,0
0,31.9572410583496,0,12.6082853441653,0,0,0,0,0,17.8598136901855,0,5.73317761006563,0,0,0,0,73.3251550462511,77.1239152388139,49.8851066223563,5.05956696325914,0,65.1535263061523,0,0,0,0,0,0,0,0,0,0,0,0,0,15.6148023615385,105.261945088704,12.9406552000094,0,11.0849225287852,67.8360290527344,31.1069534065187,52.3612842559814,37.4570274353027,0,11.5998842851825,80.3466766357422,0,0,31.3248939947648,0,0,0,0,0,67.8408813476562,0,9.6206801975711,0,10.4802832603455,0,13.1125441959926,0,0,39.9076256752014,0,0,0,0,0,38.2222795988384,0,23.4113920433087,70.7520904541016,0,0,0,0,13.5105314217711,90.9488189697266,12.1125421404839,0,18.5560119239199,0,11.8692147174749,47.9979176839193,54.4145660400391
33.0337365906814,0,28.4783973693848,0,0,0,0,0,14.1231689453125,84.4524002075195,9.30149482319888,0,0,0,23.7442588806152,0,71.8173830205744,96.0096277090219,52.7226809860369,0,4.55305101638887,0,0,0,0,0,0,0,0,0,0,0,0,0,0,117.921068191528,19.0016939972534,147.455230712891,9.98918194433386,81.8875198364258,18.465721884045,61.8411483764648,33.9474929082961,0,0,67.4189704446232,16.2602197534267,0,43.7199096679688,0,11.4017562866211,0,0,0,12.4822232723236,0,9.42981691045372,0,9.59449887275696,0,26.5667107899984,0,0,0,0,0,0,0,0,0,89.5198135375977,23.0230621337891,82.3709831237793,21.506697160878,0,0,0,0,96.1022094726563,18.8961200079693,96.940357208252,14.5487109179861,33.314461665995,38.198304494222,20.8808125289669,83.0411542256673,50.4979570176866
0,44.0060834884644,0,48.249195098877,0,0,0,0,0,0,0,0,0,0,0,0,0,8.27549798354924,57.2426719665527,0,0,5.73935049671798,0,6.3103201687336,0,4.49533326648971,0,3.3705815076828,0,0,0,0,0,0,0,68.9118118286133,0,6.93617598712444,0,79.4002380371094,0,38.9112429985633,0,0,0,64.1651776631673,0,0,0,9.94063257647359,0,0,0,0,0,0,0,28.3105522155762,0,28.0478530296913,0,38.8708047866821,39.9076256752014,0,0,0,6.30352072151455,0,11.6074948792973,0,8.85154143359268,0,13.9214752556442,0,0,0,0,0,0,0,6.0798306542635,0,9.33518874171105,5.58161413669586,33.7097425842285,37.7431831359863,99.3409576416016
0,0,0,0,0,0,0,0,0,0,0,0,0,0,0,0,23.6257039185228,85.0162124633789,0,0,0,0,4.94765898672122,0,6.67070279802595,0,5.10347126501578,0,4.62832409685308,0,0,0,0,0,0,0,0,0,4.62439523904751,0,0,0,0,0,0,0,0,0,6.10298615041941,0,0,0,0,0,0,0,30.3102016448975,0,26.0309753417969,0,0,0,0,0,0,0,0,3.51527733802795,0,4.44245512402335,0,8.92492093197449,0,15.7376509507497,0,0,0,0,0,0,0,6.34341736264557,4.85004067823694,3.15552468733354,84.8328094482422,0,0
0,0,0,36.5360336303711,0,0,0,0,0,5.95437084833781,0,0,0,0,0,13.8416514396667,0,0,0,0,0,16.185396418427,0,5.55966208099546,0,5.20153761250632,0,0,0,0,0,0,0,0,0,0,0,8.81950108401747,0,0,0,43.8261604309082,0,0,0,0,0,0,0,16.1881063157234,0,0,0,0,0,4.92459183314751,0,20.8878470829555,0,18.8767703916968,0,19.0928028651646,0,0,6.30352072151455,0,0,0,7.02009169942955,0,9.77419909901089,0,0,0,0,0,0,0,0,0,7.80565215699115,0,10.1174850674237,0,8.75605430439851,0,0
0,0,0,0,0,0,0,0,13.5354805485956,0,0,0,0,0,20.6641502380371,0,0,0,0,0,0,0,4.5381421148777,0,3.55079029644689,0,0,0,0,0,0,0,0,0,0,0,0,0,6.04292854597402,0,0,0,0,0,0,0,0,0,7.27651052704024,0,0,0,0,0,4.65731283993397,0,0,0,0,0,0,0,0,0,0,3.51527733802795,0,0,0,4.35445843178492,0,10.6291885375977,0,0,0,0,0,0,0,0,0,8.77913670236466,19.1829620361328,0,5.93333350867033,0,0
0,13.4138221740723,0,0,0,0,0,0,0,3.13029737655933,0,0,0,3.56530636548996,0,7.49149094687568,54.5881080627441,9.47222594210976,40.9444627761841,0,0,16.7067327324937,0,3.52103999783011,0,4.12579303466425,0,6.68259431707098,0,0,0,0,0,0,0,0,0,0,0,0,0,25.9004364013672,0,0,0,0,0,0,0,10.0567436912325,0,0,0,0,0,0,0,10.6394683156695,0,8.53274059202157,0,6.31107640743256,0,0,11.6074948792973,0,7.02009169942955,0,0,0,5.59319281578064,0,35.1214256286621,0,0,0,0,0,44.3047790527344,0,0,0,10.0739481062502,3.4854496717453,18.940934240818,0,0
0,0,0,0,0,0,0,0,0,0,0,0,0,0,0,0,0,0,0,0,0,0,5.66382816632589,0,5.08802428841591,0,3.00507548587774,0,6.6148535109855,0,0,0,0,0,0,0,0,0,0,0,0,0,0,0,0,0,0,0,6.2259336092573,0,0,0,0,0,5.4552427988786,0,22.29497571425,0,9.25520217418671,0,3.20090941588084,0,0,0,0,4.44245512402335,0,4.35445843178492,0,0,0,8.13057589688838,0,0,0,0,0,0,0,0,0,0,4.52863723039627,0,36.2711448669434,0,0
0,24.4564727720667,0,31.6686486816406,0,0,0,0,0,46.8077049255371,0,4.55119292736053,0,4.85979080200195,0,0,0,129.922103881836,42.4309896653698,0,0,15.0885277879856,0,0,0,9.37878592809041,0,5.97571746326887,0,3.2515113515369,0,0,0,0,0,120.87748336792,77.8345241546631,3.45369133353233,0,61.864070892334,0,26.7363376185454,74.6676200866699,0,0,47.6950717794484,107.095970153809,62.9593200683594,0,9.52082707511412,0,0,0,0,0,46.0009565353394,0,7.40290620271835,0,6.51094214121501,0,40.0141669909159,38.2222795988384,89.5198135375977,8.85154143359268,0,9.77419909901089,0,5.59319281578064,0,0,0,5.68442017244301,0,0,0,0,0,72.2968660990397,94.3650131225586,5.56051058309815,78.4587999979655,26.7952759047877,0,21.9258616929664,32.6412113734654,0
0,0,0,0,0,0,0,0,0,0,0,0,0,0,0,0,0,0,0,0,0,0,3.88935632705688,0,0,0,7.61865186691284,0,5.65388049114318,0,3.58017575740814,0,0,0,0,0,0,0,0,0,71.3052215576172,0,42.7345965703328,0,0,0,38.7866020202637,0,10.5481491034505,0,0,0,0,0,37.19287109375,0,7.92148399669712,0,5.62883489394407,0,3.36684319376945,0,0,23.0230621337891,0,8.92492093197449,0,10.6291885375977,0,8.13057589688838,0,0,0,5.35817740945255,0,0,0,0,0,78.1468811035156,0,4.27259742588586,31.5017444610596,0,25.0808799266815,0,0
0,28.7243997874083,0,32.3347403423206,0,0,0,0,0,48.0869456699916,0,8.269677375925,0,0,0,49.9747304916382,86.1873962402344,72.3372116088867,34.4923507514173,0,0,16.5838447952271,0,0,0,0,0,0,0,4.9939636941226,0,0,0,0,0,86.2998888227675,114.757532119751,4.63743868240943,0,53.9063251910566,90.5158500671387,23.2251448739213,62.6065721511841,0,0,35.9593364795049,84.2692672729492,63.1330680847168,0,21.680895018984,0,0,0,0,0,49.3207778930664,74.4977442423503,6.82122915173754,0,15.303586101532,0,0,23.4113920433087,82.3709831237793,13.9214752556442,0,0,0,35.1214256286621,0,5.68442017244301,0,0,67.6087417602539,0,0,0,0,67.4552963359936,95.2715306963239,7.6152394846866,79.0506083170573,25.2264680718295,0,22.0075995433718,33.0922696807168,59.9038577609592
30.4203898945793,0,31.3961347852434,86.7705230712891,0,0,0,0,0,0,9.73432424068451,0,0,0,0,0,61.2321087646484,97.6666660308838,50.5660086334067,0,13.7773180007935,0,0,0,0,0,0,0,4.93883363902569,0,4.74887569268544,0,0,0,0,107.12829371861,94.289464263916,0,5.50048923492432,79.4733871459961,45.6260509850844,67.6035522460938,23.0656665624574,0,0,85.1086578369141,46.4992077304232,66.7411327362061,32.4999352931976,84.4560089111328,41.1065521240234,0,0,0,38.6593570709229,0,7.95492432800346,0,38.8967704772949,0,38.8712024688721,0,70.7520904541016,21.506697160878,0,15.7376509507497,0,0,0,0,0,5.35817740945255,67.6087417602539,0,0,0,0,0,98.4981658935547,57.7733158240641,76.7378768920898,8.8755151036274,29.063919657175,35.9448204040527,30.49012536728,95.3344078063965,21.4605378863178
0,0,0,0,0,0,0,0,0,0,0,0,0,0,0,0,0,0,0,0,0,0,0,0,0,0,0,0,0,0,0,4.67259760747982,2.95668570200602,5.77258777618408,0,6.50568320051484,4.83383274078369,0,0,0,0,0,0,0,0,0,0,7.14525523130524,0,0,0,0,0,0,0,0,0,0,0,0,0,0,0,0,0,0,0,0,0,0,0,0,0,0,0,5.98717228571574,4.64117964831266,0,4.56662601450064,22.2691284179688,0,0,3.97357687529396,0,0,0,0
