0,0,0.0108297032933589,0,0,0,0,0,0.064294546849265,0,0,0,0,0,0,0,0.000170327334089224,0.000150057113195381,0.0054711755350959,0,0.000117571832054574,0,0,0,0.00205548982798454,0,0,0,0,0,0,0,0,0.000296299001374421,0,0,1.54794052741459e-05,0,0.000348207181227041,0.000165728442506578,0.000371920896531515,0,0.0408782355713901,0,0,0,0.00146525765486894,0.00104787007738208,0.0342073003480271,0.00215289097474927,0,0,0,0,0.0536790391621717,0,3.96688624877579e-05,0,0,0,0.0266719946852153,0,0,0.0050025615328468,0,0,0,0.000377938754028469,0,0,0,0,2.40094101016256e-05,5.6705905763961e-05,0,0,0,0,0,0.00262834960020668,0,0.00200790871472516,0.000984628651681048,1.96693392838149e-05,0.02416412963253,0,0.000347526883410873
0,0,0,0.0355969805027709,0,0,0,0,0,0.0110268520155931,0,0,0,0,0,0,8.79206745020144e-06,0,0.000262397961414718,0,0,0,0,0,0,0,0,0,0,0,0,0,0,0,0,0,0,0,0,0.00241862913285339,0,0.0122706735204571,0,0,0,7.88173357855432e-05,0,0,0,0.0145925248652776,0,0,0,0,0,0.0303347427552492,0,0,0,8.26543628482277e-05,0,0.00249081382185764,0,0,0,0,0,0,0,0,0,0,0,0,0,0,0,0,0.00028045333452382,0,0,0,0.00173925890654979,0,0.00521121511949549,0,0
0.0108297032933589,0,0,0,0,0,0,0,0.00382282916084343,0,6.26936465403737e-05,0,0,0,0,0,8.36825258774778e-06,4.28576846287823e-05,0.000528646387758507,0,0.000403332826889454,0,0,0,0,0,0,0,0,0,0,0,0,0,0,0,0,0,0.000125635295145193,0,0.000448969755938344,0,0.00451126511260912,0,0,0,0.00110405016814205,0.000241876506479277,0.0205451488563912,0,0.029712348326442,0,0,0,0.0846070488274377,0,0.000782740067585579,0,0.0179652750426664,0,0.0655385096463519,0,0,0.00312470028801935,0,0,0,0,0,0,0,0,0,0.000424436103296628,0,0,0,0,0,0.00124873782164482,0,0.000520952679285252,0.000253878447838932,0,0.0153694347565748,0,0.000513343860019441
0,0.0355969805027709,0,0,0,0.0790586971097531,0,0,0,0.0436617512077625,0,0.000286825212991003,0,0,0,0,9.46978336458957e-06,1.32889887922302e-05,0.000292205601131338,0,0,0,0,0,0,0,0,0,0,0,0,0,0,0,0,8.05390873262686e-05,4.54473527960424e-05,0,0,0.00188473351815225,0,0.00954320330517542,0.00109712847798817,0,0,0.000440136926660538,8.9868807057799e-06,0.00111382702303657,0.00110530773246886,0.00925252759057847,0,0.0515371008558648,0,0,0,0.147229911762271,0,0.00181889547204015,0,0.00469964276779685,0,0.000456473820766561,0,0,0,0,0,0,0,0,0,0,0.000966474335006797,0,0,0,0,0,7.28208588572099e-05,4.09796673989598e-06,2.20718107132238e-06,0,0.00181747247844232,0,0.023371579881513,0.000889674135166755,0
0,0,0,0,0,0,0,0,0.0288767390217945,0,0,0,0.00420920289268488,0,0.00480035768921633,0,0,0,0,0,0,0,0,0,0,0,0,0,0,0,0,0,0,0,0,0,0,0,0,0,0,0,0,0,0,0,0,0,0.000138768783266331,0,0.0662621267124479,0,0.000323847161049218,0,0,0,0.000385038776512849,0,0.000385450898266265,0,0,0,0,0,0,0,0,0,0,0,0,0,0,0,0,0,0,0,0,0,0,0,0.000872293298226283,0,0.000878576693874307,0,0
0,0,0,0.0790586971097531,0,0,0,0.019129051964102,0,0.00495862395037057,0,4.39421997139077e-05,0,0,0,0,0,0,0,0.0106146491856735,0,0,0,0,0,0,0,0,0,0,0,0,0,0,0,0.000495762556899718,0,0,0,0.000265612143992666,0,0.000399704752640984,9.41497495709212e-05,0,0,0.000341925555011892,0,0,0.000246836711826953,0,0,0.00684905934878725,0,0.0106690581530285,0,0,0,3.87006679308667e-05,0,0,0,0,0.00406770023461024,0,0,0,0,0,0,0,0,0,0,0,0,0,0,0,0.000962300769216128,0,0,0,0.00214414531224127,0.000676974487403564,0.0169244342203289,0,0
0,0,0,0,0,0,0,0,0,0,0,0,9.07358698896132e-05,0,0,0,0,0,0,0,0,0,0,0,0,0,0,0,0,0,0,0,0,0,0,0,0,0,0,0,0,0,0,0,0,0,0,0,0,0,0.000978534031757204,0,0.000111556891750681,0,0,0,0,0,0,0,0,0,0,0,0,0,0,0,0,0,0,0,0,0,0,0,0,0,0,0,0,0,0.000714607644244001,0,0,0,0
0,0,0,0,0,0.019129051964102,0,0,0,0,0,0.00662884860406085,0,0.000419260081745285,0,0,0,0,0,0,0,0,0,0,0,0,0,0,0,0,0,0,0,0,0,0,0,0,0,0,0,0,0,0,0,0,0,0,0,0,0,0,0,0.0105474440578178,0,0,0,0.00694925273813388,0,0.00267228994503796,0,0,0,0,0,0,0,0,0,0,0,0,0,0,0,0,0,0,0,0,0,0,0,0,0,0,0
0.064294546849265,0,0.00382282916084343,0,0.0288767390217945,0,0,0,0,0,0,0,0,0,0.0444094488426328,0,0.000620499235183206,1.37367653635696e-05,4.94671755001917e-05,0,0,0,0,0,0.00237156877786154,0,0,0,0,0,0,0,0,0,0,0,0,0,2.06198236827965e-05,0,0,0,0.0194196668090523,0,0,0,0,1.12245783800073e-05,0.00629647567559565,0,0,0,0,0,0.379496304766569,0,0,0,0.000216215337509033,0,0.00676132753258118,0,0,0,0,0,0,0,0,0,0,0,0,0,0,0,0,0,0,0,0,0,0.00361879942340961,0,0.00870346332224785,0,0.0244626731683225
0,0.0110268520155931,0,0.0436617512077625,0,0.00495862395037057,0,0,0,0,0,0,0,0,0,0.0167065667412572,0.000421229203891503,0.00429281900996908,0.000120390277235764,0,0,0,0,0.00379161726595124,0,0.0069573687410226,0,0,0,0,0,0,0,0.00311879200895652,0,0,0,0.00156601995808693,0,0.000351683043271274,0,0.00229809323403316,0,0,0,0,0,0,0,0.00293689363045138,0,0.00670390542485594,0,0,0,0.1539566497311,0,0,0,0,0,0.00500855351889043,0,0,0,0,0.00250039692665195,0,0,0,0,0,0,0,0,0,0.000105100063759987,0,0,0,0.000369524924425753,0,0.00423430198106263,0.00429824170154048,0.00736713182312437,0.00244362169125655,0
0,0,6.26936465403737e-05,0,0,0,0,0,0,0,0,0,0,0,0,0,0,0,0,0,0.00526991769901763,0,0,0,0,0,0,0,0,0,0.000531753263203427,0,0,0,0,0,0,0,0.0017686112385595,0,0,0,0,0,0,0,0,0,0,0,0,0,0.00281086328704654,0,0,0,0.0833739250143878,0,0,0,0,0,0,0.000248528456881637,0,0,0,0,0,0,0,0,0,0,0,0,0,0,0,0,0,0,0.000634935615553839,1.11722793008084e-05,5.40706083530024e-05,0,0
0,0,0,0.000286825212991003,0,4.39421997139077e-05,0,0.00662884860406085,0,0,0,0,0,0.00317784888765699,0,0,0,0,0,0.0304208320133516,0,0,0,0,0,0,0,0,0,0.00251655436141404,0,0,0,0,0,0.00477916950526458,0,0.0264741501517313,0,0,0,0,0,0,0,0,0,0,0,0,0,4.43933685338985e-05,0,0,0,0,0,0.0220723311804227,0,0,0,0,0,0,0,0,0,0,0,0,0.00346790647010597,0,0,0,0,0,0,0,0.000221375585917246,0,0.000295462515265207,0,0.000914227561790841,0,1.00406653084228e-05,0,0
0,0,0,0,0.00420920289268488,0,9.07358698896132e-05,0,0,0,0,0,0,0,0.023288504981835,0,0,0,0,0,0,0,0,0,0,0,0,0,9.72951966105029e-05,0,0,0,0,0,0,0,0,0,0,0,0,0,0,0,0,0,0,0,0,0,0.00326703152876875,0,0,0,0,0,0,0,0.0118853286494926,0,0.000268706600609124,0,0,0,0,0,0,0,0,0,0,0,0,0,0,0,0,0,0,0,0,0,0.000656243500777035,0.000528248140480839,0,0,0
0,0,0,0,0,0,0,0.000419260081745285,0,0,0,0.00317784888765699,0,0,0,0.00675158394979851,0,1.57397036606565e-05,0,0,0,0,0,0,0,0,0,0.00033683285871148,0,0,0,0,0,0,0,0,0,0,0,0,0,0,0,0,0,0,0,0,0,0,0,0.00139077004149605,0,0,0,0,0,0,0,0.0420637369192287,0,0.0234874644508544,0,0,0,0,0,0,0,0,0,0,0,0,0,0,0,0,0,0,0,0,0.000450575399057801,0,0,0,0
0,0,0,0,0.00480035768921633,0,0,0,0.0444094488426328,0,0,0,0.023288504981835,0,0,0,0,0,0,0,0,0,0,0,0,0,0,0,0,0,0,0,0,0,0,0,0,0,0,0,0,0,0,0,0,0,0,0,0,0,0.00123645392004149,0,0,0,0.00567136715851809,0,0,0,0.0185628626419756,0,0.0188564644660334,0,0,0,0,0,0,0,0,0,0,0,0,0,0,0,0,0,0,0,0,0,1.55508987794647e-05,0,0,0,0
0,0,0,0,0,0,0,0,0,0.0167065667412572,0,0,0,0.00675158394979851,0,0,0.000338134830244894,0.00342287745918189,0.000930562123109981,0,0,0,0,0,0,0.0125806256573067,0,0,0,0,0,0,0,0,0,0,0,0,0,0,0,0.000138985685982619,0,0,0,0,0,0,0,0,0,0.000974017948806912,0,0,0,0.00510489247164515,0,0,0,0.010878381577854,0,0.0541937486926681,0,0,0,0,0,0,0.000192994310054928,0,0,0,0,0,0,0,0,0,0,0,0,4.32427251711564e-06,0.000159214329239169,2.15865217897835e-05,0,0,0
0.000170327334089224,8.79206745020144e-06,8.36825258774778e-06,9.46978336458957e-06,0,0,0,0,0.000620499235183206,0.000421229203891503,0,0,0,0,0,0.000338134830244894,0,0.210195547291628,0.0726725398045409,0,3.83336612032157e-05,0,0,0,0,0.000113711552394025,0,1.98193139004706e-05,0,0,0,0,0,0,0,0,1.98923692666561e-06,0,0.000106919763038617,0.00233122828907304,5.96715564577785e-05,0.000605897195053249,0.000855577150030845,2.77060419670214e-05,0.000199099984651001,0.00010108302676711,0.000905644478546176,0,0,6.22416503468288e-05,0,0,0,0,0,0,0,1.12235398389544e-05,0,0,0,0,0,0.000753975279229159,0,0.00053150541637513,0,0,0,0,0,0,4.03959597366795e-05,0,0,0,0,0,0.000170761938152559,0.00182950406964673,1.2645083585696e-05,0.000720655100933432,0.0221276861121518,0.0372011497759386,0.00205341446485467,9.50898733331797e-05,0.000120054372261185
0.000150057113195381,0,4.28576846287823e-05,1.32889887922302e-05,0,0,0,0,1.37367653635696e-05,0.00429281900996908,0,0,0,1.57397036606565e-05,0,0.00342287745918189,0.210195547291628,0,0.0727960858466662,0,3.366981293979e-05,0,0,6.90876113367267e-05,0,0.00345491458352125,0,0.00332463037406924,0,0,0,0,0,0,0,0,9.26069401469888e-06,0,8.32902924485068e-06,0.00389258599472944,2.89690399666985e-06,0.00132409419152798,0.000473348711179608,7.81710225458617e-05,3.98332806071686e-05,0.000355745312272407,0.000407429835969352,0,0,0.000198770376216859,0,0,0,0,0,0,0,2.22780931029437e-05,0,0,0,0,0,0.0004405851618573,0,0,0,0,0,0,0,0,1.17948532293616e-05,0,0,0,0,0,0.00051244470774286,0.000733674714750738,0,0.000219598236762525,0.0576407642241231,0.0684054930621409,0.00185299357675329,0.000223457083379657,4.89497914475719e-05
0.0054711755350959,0.000262397961414718,0.000528646387758507,0.000292205601131338,0,0,0,0,4.94671755001917e-05,0.000120390277235764,0,0,0,0,0,0.000930562123109981,0.0726725398045409,0.0727960858466662,0,0,0.000971777255749046,0,0,0,0,0.00026721158758918,0,0,0,0,0,0,0,0,0,0,6.13053826405981e-05,0,0.00105056830982469,0.0979887666065646,0.00182366753306006,0.0334016855251397,0.0233147599118667,0.00011048411493756,0.00853993631505482,0.00588738674607264,0.017504177832512,1.07935653743187e-05,0.000406726753991076,0.00425826664182827,0,1.40111598005708e-05,0,0,0,0,0,0.000440493632770927,0,0,0,0,0.00010331341969495,0.0138515573080356,0,0,0,0,0,0,0,0,0.00280784453382552,0.00043552095547375,0,0,0,0,0.0103178144884573,0.0174658971540971,0.000545669283128399,0.00928615371298675,0.0235206206900949,0.00154017851475502,0.0532331673859286,0.00953817906291164,0.00351775748099229
0,0,0,0,0,0.0106146491856735,0,0,0,0,0,0.0304208320133516,0,0,0,0,0,0,0,0,0,0,0,0,0,0,0,0,0,0,0,0,0,0,0,0.00314228552612029,0,5.30869700930906e-05,0,0,0,0,0,0,0,0.0267492641858993,0,0,0,0,0,0,0,0,0,0,0,0.000134988628195606,0,0,0,0,0.204367068065624,0,0,0,0,0,0,0,0,0,0,0,0,0,0,0,0.000534954895478317,0,0,0,0.00116663173922763,0,0.00032998769551981,0,0
0.000117571832054574,0,0.000403332826889454,0,0,0,0,0,0,0,0.00526991769901763,0,0,0,0,0,3.83336612032157e-05,3.366981293979e-05,0.000971777255749046,0,0,0,0,0,0,0,0,0,0,0,0,0,0,0,0,0,0.0114665708543169,0,0.00462692889117954,0,0.000450441505502998,0,0.000769358350022474,0,0.00018320763866686,0,0.000601087306245115,0,0.000704682893227509,0,0.00533072621564968,0,0.0015958069949649,0,0,0,0.0654804622568791,0,0.000252325214458224,0,0,0,0,0.126158164778459,0,0,0,0,0,0,0,0,0,0.00103505713268491,0,0,0,0,0,0.00222798394677211,0,0.00056444562918069,0.000678894327212666,8.37443001745362e-06,0.0051849023488019,0,0.000109780963437833
0,0,0,0,0,0,0,0,0,0,0,0,0,0,0,0,0,0,0,0,0,0,0.00407096615262023,0.00328097258242701,0,0.000122317051674001,0,0.0019677070875961,0,0,0,0,0,0,0,0,0,0.00216931481120318,0,0,0,0,0,0,0,0,0,0,0,0.000622712033739582,0,0,0,0,0,0,0,0,0,0,0,0,0,0,0.0535787644238323,0,0.00611365581555822,0,0.00326397483098218,0,0.00124287303807824,0,0,0,0,0,0,0,0,0,0.000470561439273904,0,0.00219278249704394,0.00096987335987458,0,0,0
0,0,0,0,0,0,0,0,0,0,0,0,0,0,0,0,0,0,0,0,0,0.00407096615262023,0,0,0.00583462720674943,0,3.21767900498417e-05,0,0,0,0,0,0,0,0,0,0,0,0.00987661982221232,0,0,0,0,0,0,0,0,9.04231938010715e-05,3.44128375336233e-05,0,0,0,0,0,0,0,0,0,0,0,0,0,0,0,0,0.0433553354996766,0,0.00364596479289684,0,0.0110836385641134,0,0,0,0,0,0,0,0,0,0,0,0.0018903025623991,0.00154167915320425,0.000292055444070485,2.15119868079174e-05,0,0
0,0,0,0,0,0,0,0,0,0.00379161726595124,0,0,0,0,0,0,0,6.90876113367267e-05,0,0,0,0.00328097258242701,0,0,0,0.0140626115836121,0,0,0,0,0,0,0,0.000945540958442674,0,0,0,0.0071445931217708,0,0,0,0,0,0,0,0,0,0,0,7.16075883246958e-05,0,0,0,0,0,0.0180273287912221,0,0,0,0,0,0,0,0,0.00266382491133409,0,0.00691709403416743,0,0.0154327506489086,0,0,0,0,0,0,0,3.66955045268923e-05,0,0,0,0.00207802388759925,0,0.000266197224490085,0,0,0,0
0.00205548982798454,0,0,0,0,0,0,0,0.00237156877786154,0,0,0,0,0,0,0,0,0,0,0,0,0,0.00583462720674943,0,0,0,0.0127692314560852,0,0,0,0,0,0,0,0,0,0,0,0.0146359071327142,0,0,0,0,0,0,0,0,0,6.27071299466847e-05,0,0,0,0,0,0.061235326512531,0,0,0,0,0,0,0,0,0,0,0.00118253326412111,0,0.109665924369915,0,0.0545864765169918,0,0,0,0,0,0,0,0,0,0,0,0.00136114962110071,1.82636292726245e-05,7.62115708817029e-05,0.000238379830712333,0,0
0,0,0,0,0,0,0,0,0,0.0069573687410226,0,0,0,0,0,0.0125806256573067,0.000113711552394025,0.00345491458352125,0.00026721158758918,0,0,0.000122317051674001,0,0.0140626115836121,0,0,0,6.15271055721678e-05,0,0,0,0,0,0,0,0,0,0,0,0,0,0,0,0,0,0,0,0,0,0,0,0,0,0,0,0,0,0,0,0,0,0,0,0,0.000322621986538564,0,0.000528609475378953,0,0.0548060294147448,0,0.00344466427649954,0,0,0,0,0,0,0,0,0,0,0,0.000320059853863348,3.50549836038876e-06,0,0,0
0,0,0,0,0,0,0,0,0,0,0,0,0,0,0,0,0,0,0,0,0,0,3.21767900498417e-05,0,0.0127692314560852,0,0,0,0,0,0,0,0,0,0,0,0,0,0,0,0,0,0,0,0,0,0,0,0,0,0,0,0,0,0.000375187838882938,0,0,0,0.0034949504027553,0,0,0,0,0,0,0,0,0.000248778003271,0,0.00916448572001191,0,0.000805601027688497,0,0,0,0,0,0,0,0,0,0,0,0,0,0,0
0,0,0,0,0,0,0,0,0,0,0,0,0,0.00033683285871148,0,0,1.98193139004706e-05,0.00332463037406924,0,0,0,0.0019677070875961,0,0,0,6.15271055721678e-05,0,0,0,0.0105819155275671,0,0,0,0,0,0,0,4.0191847801907e-05,0,0,0,0,0,0,0,0,0,0,0,0,0,0,0,0,0,0,0,0,0,0.0103508370537669,0,0,0,0,0,0,0,0,7.00037412030409e-05,0,0.0166729492325295,0,0,0,0,0,0,0,0,0,0,0,0.000275886463950862,2.67399910284212e-06,0,0,0
0,0,0,0,0,0,0,0,0,0,0,0,9.72951966105029e-05,0,0,0,0,0,0,0,0,0,0,0,0,0,0,0,0,0,0,0,0,0,0,0,0,0,0,0,0,0,0,0,0,0,0,0,0,0,0,0,0,0,0,0,0,0,0.00102796836056327,0,0,0,0,0,0,0,0,0,0,0,0,0.000969090197421456,0,0,0,0,0,0,0,0,0,0,0,0,0,0,0
0,0,0,0,0,0,0,0,0,0,0,0.00251655436141404,0,0,0,0,0,0,0,0,0,0,0,0,0,0,0,0.0105819155275671,0,0,0,0,0,0,0,0,0,0,0,0,0,0,0,0,0,0,0,0,0,0,0,0,0,0,0,0,0,0.000174959870446887,0,0,0,0,0,0,0,0,0,0,0,0,0.00637687688040058,0,0.00537938240485566,0,0,0,0,0,0,0,0,0,0,0,0,0,0
0,0,0,0,0,0,0,0,0,0,0.000531753263203427,0,0,0,0,0,0,0,0,0,0,0,0,0,0,0,0,0,0,0,0,0,0,0,0,0,0,0,0.00188213656670018,0,0,0,0,0,0,0,0,0,0,0,0,0,0,0,0,0,0.000154996712808497,0,0,0,0,0,0,0,0,0,0,0,0,0,0,0,0,0.0614123963756696,0,0,0,0,0,0,0,0,0.00043547670386088,0,0,0,0
0,0,0,0,0,0,0,0,0,0,0,0,0,0,0,0,0,0,0,0,0,0,0,0,0,0,0,0,0,0,0,0,0.0514100876000329,0.00432562576381641,0,0.00585432263409711,0.000385248538631572,0,0,0,0,0,0,0,0,0,0,0.0932866890260794,0.000493039244939796,0.00195682759049632,0,0,0,0,0,0,0,0,0,0,0,0,0,0,0,0,0,0,0,0,0,0,0,0,0.0319343821759005,0.0142755453071896,0.0112719636435241,0,2.98977467927612e-05,0,0,0,0.00183357625415764,8.03639540818753e-07,0,0,0
0,0,0,0,0,0,0,0,0,0,0,0,0,0,0,0,0,0,0,0,0,0,0,0,0,0,0,0,0,0,0,0.0514100876000329,0,0.0191153118128256,0,6.46903638249919e-05,0.000745859174796082,0,0,0,0,0,0,0,0,0,0,0.000709906587467019,0,0,0,0,0,0,0,0,0,0,0,0,0,0,0,0,0,0,0,0,0,0,0,0,0,0,0,0.0197260053830413,0,0,0,0.00158378266941397,0,0,0.000465444016782007,0,0,0,0
0.000296299001374421,0,0,0,0,0,0,0,0,0.00311879200895652,0,0,0,0,0,0,0,0,0,0,0,0,0,0.000945540958442674,0,0,0,0,0,0,0,0.00432562576381641,0.0191153118128256,0,0.125493847620392,0.000714361320238613,0,0.00237625267409187,1.36793950941188e-05,0,0,0,0,0,0,0,0,0.112428325466423,0.0078333730601209,0.00300049598497743,0,0,0,0,0,5.33570128185767e-05,0,0,0,0,0,0,0,0,0,0,0.00148519024014412,0,0,0,0,0,0,0,0.00143333871605138,0,0.0692200039347389,0.0324745236605198,9.25184965859307e-05,3.47481288701847e-06,0.00692654253216388,4.29829621191141e-05,0.00336167255898605,0,0.000142241301992325,0,0
0,0,0,0,0,0,0,0,0,0,0,0,0,0,0,0,0,0,0,0,0,0,0,0,0,0,0,0,0,0,0,0,0,0.125493847620392,0,0,0.00423163597251051,0,0.00136707305744051,0,0,0,0,0,0,0,0,0.0440822563483787,0.000553459662723276,8.23116582637686e-05,0,0,0,0,0,0,0,0,0,0,0,0,0,0,0,0,0,0,0,0,0,0,0,0,0,0.00839697660112873,0.0158601402159947,0.156962059491522,0,0.00198478526042518,0,0.00118848585791905,0.000134989231300417,0,0,0,0
0,0,0,8.05390873262686e-05,0,0.000495762556899718,0,0,0,0,0,0.00477916950526458,0,0,0,0,0,0,0,0.00314228552612029,0,0,0,0,0,0,0,0,0,0,0,0.00585432263409711,6.46903638249919e-05,0.000714361320238613,0,0,0.00209684676196658,0.0119368062950406,0,1.67785186953063e-05,0,9.57965190163335e-05,1.58647637093605e-05,0,0,0.00487263939758591,0,0.0072409369190128,0,1.4829948663193e-05,0,8.84541384940876e-06,0,0,0,0,0,0.00160555648090718,0,0,0,0,0.0113753238111841,0,0,0,0,0,0,0,0,0,0,0,0.000642874409515753,0,6.46753905299754e-05,0,0.0422263565388236,8.7797832303201e-05,0.00262689802813281,0,0.0030892770439133,3.2211105599532e-05,0.00287709600982346,0,0
1.54794052741459e-05,0,0,4.54473527960424e-05,0,0,0,0,0,0,0,0,0,0,0,0,1.98923692666561e-06,9.26069401469888e-06,6.13053826405981e-05,0,0.0114665708543169,0,0,0,0,0,0,0,0,0,0,0.000385248538631572,0.000745859174796082,0,0.00423163597251051,0.00209684676196658,0,0,0.00352945655015495,0,0.000705588578076167,0,2.24164439514568e-05,0,1.72220532299688e-06,0,3.05530818784177e-05,0.000556937435782367,0.000252316698533548,0,0.00151063347204967,0,0,0,0,0,0.000460917293467743,0,0.00106891765636807,0,0,0,0,0.00269990501100467,0,0,0,0,0,0,0,0,0,1.69302991317636e-06,3.73287208068295e-06,0.000187637327352202,0,0.00233143295847278,0,0.0463750114224377,0,0.00588767579884687,0.00419511367458832,0.000226946861508036,0.00198664927595429,0,0
0,0,0,0,0,0,0,0,0,0.00156601995808693,0,0.0264741501517313,0,0,0,0,0,0,0,5.30869700930906e-05,0,0.00216931481120318,0,0.0071445931217708,0,0,0,4.0191847801907e-05,0,0,0,0,0,0.00237625267409187,0,0.0119368062950406,0,0,4.72145169968345e-05,0,0,0,0,0,0,0.000225232399607187,0,0.000302205403329692,0,0.00901342843123476,0,0,0,0,0,0.000137902978896988,0,0.00419304459347964,0,0,0,0,0.00164966584038421,0,0.000922513493847163,0,0.010572927441758,0,0,0,1.34859947138466e-05,0,0,0,0,0,0.000120050914265064,0,0.00150527082935235,0,0.0535179280874992,0,0.00357072710858988,1.26054700522105e-05,0.00224316824340178,0,0
0.000348207181227041,0,0.000125635295145193,0,0,0,0,0,2.06198236827965e-05,0,0.0017686112385595,0,0,0,0,0,0.000106919763038617,8.32902924485068e-06,0.00105056830982469,0,0.00462692889117954,0,0.00987661982221232,0,0.0146359071327142,0,0,0,0,0,0.00188213656670018,0,0,1.36793950941188e-05,0.00136707305744051,0,0.00352945655015495,4.72145169968345e-05,0,0,2.14887407254513e-06,1.18537028272331e-05,0.000615729568229028,0,9.62724801227633e-05,0,0.000344192080287135,0.00204110360143992,0.0058947208225333,0.000810512709322984,0,0,0,0,0,0,1.38790583150694e-05,0,0,0,0,0,0,0.00580175307764831,0,0.00516704516430971,0,0.0197599784652316,0,0,0,4.44175711190712e-06,0,3.40036585319175e-05,0,0,0,0.00124398450451292,6.76748641875182e-06,0.000810120437140408,0,0.0611978374184608,0.00716975812872282,0.000951256940506738,0.00394318789603518,0,0.000166625913450713
0.000165728442506578,0.00241862913285339,0,0.00188473351815225,0,0.000265612143992666,0,0,0,0.000351683043271274,0,0,0,0,0,0,0.00233122828907304,0.00389258599472944,0.0979887666065646,0,0,0,0,0,0,0,0,0,0,0,0,0,0,0,0,1.67785186953063e-05,0,0,0,0,0.000158594136824842,0.20180576429514,0.0169225841749461,0.00303033570216174,0.000900387925081211,0.0206001114428997,0.000599295004631892,7.28087854487408e-05,8.84010069794411e-05,0.00960820788183045,0,0.000201696247929756,0,0,0,0,0,0.000883717042903399,0,1.98801513640594e-05,0,0,0.000380506027708985,0.000192258998907108,0,0,0,0,0,0,0,0,0.0035825792939169,0,0,0,0,0,0.00587808656289824,0.000271948882453498,0.000442653199139227,0.000108910333607539,0.00447219377738908,6.67814156230609e-05,0.0632567472328342,0.0222659753884735,0.000127106114452544
0.000371920896531515,0,0.000448969755938344,0,0,0,0,0,0,0,0,0,0,0,0,0,5.96715564577785e-05,2.89690399666985e-06,0.00182366753306006,0,0.000450441505502998,0,0,0,0,0,0,0,0,0,0,0,0,0,0,0,0.000705588578076167,0,2.14887407254513e-06,0.000158594136824842,0,0,0.005809473180085,0,0.000622152099684505,0,0.00122877055125765,0.00195194977431807,0.000349459513240025,0,0.000621400494159714,0,0,0,0,0,6.57584608128071e-05,0,0.000598219027045082,0,0,0,0,0.000987313655331625,0,0,0,0,0,0,0,0,0,0,0,0,0,0,0,0.00774132904599333,0,5.64001221928383e-05,0.000906320600873171,2.7040818806408e-06,0.00238178601740775,0,0.0016375028257549
0,0.0122706735204571,0,0.00954320330517542,0,0.000399704752640984,0,0,0,0.00229809323403316,0,0,0,0,0,0.000138985685982619,0.000605897195053249,0.00132409419152798,0.0334016855251397,0,0,0,0,0,0,0,0,0,0,0,0,0,0,0,0,9.57965190163335e-05,0,0,1.18537028272331e-05,0.20180576429514,0,0,0.0186683524305322,0.000786717116773555,0.000152370591728907,0.00470163666445908,0.000238245383002511,3.61324785028367e-05,4.21277277668007e-05,0.0269352376724436,0,0.000274651967424782,0,0,0,0,0,0.00733557695989729,0,3.51742684592679e-05,0,0,0.00076269064370894,6.94221714304826e-05,0,0,0,0,0,0,0,0,0.0303772947346978,0,0,0,0,0,0.00451263334868105,3.82314538450865e-05,0.000196596515885536,6.21874145573831e-05,0.00604920560531557,3.51318826130149e-05,0.0910160838983994,0.109774444675124,0
0.0408782355713901,0,0.00451126511260912,0.00109712847798817,0,9.41497495709212e-05,0,0,0.0194196668090523,0,0,0,0,0,0,0,0.000855577150030845,0.000473348711179608,0.0233147599118667,0,0.000769358350022474,0,0,0,0,0,0,0,0,0,0,0,0,0,0,1.58647637093605e-05,2.24164439514568e-05,0,0.000615729568229028,0.0169225841749461,0.005809473180085,0.0186683524305322,0,1.72028941345156e-05,0.00482755480362439,0.00185991676993392,0.040434485577745,3.29693826837622e-05,0.0367507527852711,0.00122257226518833,1.60860897895472e-05,0.000119932174774125,0,0,0.000244741886768314,0,0.00058865203688191,0.000246628547748297,0.000316873593794593,3.61157042871917e-05,0.000161466167005749,0,0,0.0341384185712625,0,0,0,0,0,0,0,0,0.000286934304430331,0.000380484932192624,0,0,0,0,0.00024127065513824,0.0250855963012379,6.39709622327678e-06,0.00753244343333277,0.00699432622587429,4.96843528428199e-05,0.0886298986089169,0.000482332005100996,0.053025279602973
0,0,0,0,0,0,0,0,0,0,0,0,0,0,0,0,2.77060419670214e-05,7.81710225458617e-05,0.00011048411493756,0,0,0,0,0,0,0,0,0,0,0,0,0,0,0,0,0,0,0,0,0.00303033570216174,0,0.000786717116773555,1.72028941345156e-05,0,0,1.49561637140597e-05,0,0,0,0.000258599945991263,0,0,0,0,0,0,0,0.000102413152118559,0,0,0,0,0,0,0,0,0,0,0,0,0,0,0.00113903731127271,0,0,0,0,0,3.18669537592924e-05,2.49062813728886e-06,0,0,3.06997473023239e-05,0,0.000737469581485011,0.000845124912241262,0
0,0,0,0,0,0,0,0,0,0,0,0,0,0,0,0,0.000199099984651001,3.98332806071686e-05,0.00853993631505482,0,0.00018320763866686,0,0,0,0,0,0,0,0,0,0,0,0,0,0,0,1.72220532299688e-06,0,9.62724801227633e-05,0.000900387925081211,0.000622152099684505,0.000152370591728907,0.00482755480362439,0,0,0,0.00311034975910516,0,0,0,0,0,0,0,0,0,0,0,0,0,0,0,0,0.00194149994355066,0,0,0,0,0,0,0,0,0,0,0,0,0,0,1.63558024088436e-05,0.00202806127230471,0,0.000831748371356298,7.96504198428546e-05,2.04753454409663e-05,0.00499548537938217,0,0.00491756301005528
0,7.88173357855432e-05,0,0.000440136926660538,0,0.000341925555011892,0,0,0,0,0,0,0,0,0,0,0.00010108302676711,0.000355745312272407,0.00588738674607264,0.0267492641858993,0,0,0,0,0,0,0,0,0,0,0,0,0,0,0,0.00487263939758591,0,0.000225232399607187,0,0.0206001114428997,0,0.00470163666445908,0.00185991676993392,1.49561637140597e-05,0,0,0.000209138778097794,0.00030261065551079,0.000385558979067186,0.000753939089582499,0,3.80992654688949e-05,0,0,0,0,0,0.00512385020921301,0,1.70205279856154e-05,0,0,0.0371323628315601,0,0,0,0,0,0,0,0,0,0.00872009832268853,0,0,0,0,0,0.0119248204867322,2.99593574355023e-05,0.00523786598546964,3.28867799586634e-05,0.000620859151485998,0,0.0779675174018118,0.000729059303989539,0
0.00146525765486894,0,0.00110405016814205,8.9868807057799e-06,0,0,0,0,0,0,0,0,0,0,0,0,0.000905644478546176,0.000407429835969352,0.017504177832512,0,0.000601087306245115,0,0,0,0,0,0,0,0,0,0,0,0,0,0,0,3.05530818784177e-05,0,0.000344192080287135,0.000599295004631892,0.00122877055125765,0.000238245383002511,0.040434485577745,0,0.00311034975910516,0.000209138778097794,0,0,0.000193447771434127,0,0,0,0,0,0,0,0.000227989510509737,0,6.85536778893805e-05,0,0,0,0,0.0227030779942516,0,0,0,0,0,0,0,0,0,0.000497682289432176,0,0,0,0,8.77597753574065e-05,0.00614981934244334,0,0.00210621152938728,0.00115597162281209,3.60420892722711e-05,0.017428595654668,0,0.00237159511816141
0.00104787007738208,0,0.000241876506479277,0.00111382702303657,0,0,0,0,1.12245783800073e-05,0,0,0,0,0,0,0,0,0,1.07935653743187e-05,0,0,0,9.04231938010715e-05,0,0,0,0,0,0,0,0,0.0932866890260794,0.000709906587467019,0.112428325466423,0.0440822563483787,0.0072409369190128,0.000556937435782367,0.000302205403329692,0.00204110360143992,7.28087854487408e-05,0.00195194977431807,3.61324785028367e-05,3.29693826837622e-05,0,0,0.00030261065551079,0,0,0.154917471011923,0.0497697556164728,0,0,0,0,0,0,5.22079452512229e-05,4.10143653373189e-05,0.000110699061514458,0,0,0,0,0.000236636922858329,0,6.88405139805095e-05,0,0,0,0,0,0,3.63106065982789e-05,0,0.0735969179458992,0.00611916308656765,0.000291961405555313,0.00210164521035456,0.00678677834150254,0.0077602609876778,0.000235886402697597,0.00112898361156427,0.0109971778064515,0.000135742413220368,0.00359189805135759,0,0
0.0342073003480271,0,0.0205451488563912,0.00110530773246886,0.000138768783266331,0.000246836711826953,0,0,0.00629647567559565,0,0,0,0,0,0,0,0,0,0.000406726753991076,0,0.000704682893227509,0,3.44128375336233e-05,0,6.27071299466847e-05,0,0,0,0,0,0,0.000493039244939796,0,0.0078333730601209,0.000553459662723276,0,0.000252316698533548,0,0.0058947208225333,8.84010069794411e-05,0.000349459513240025,4.21277277668007e-05,0.0367507527852711,0,0,0.000385558979067186,0.000193447771434127,0.154917471011923,0,0.0314597528503958,4.18040581701584e-05,0.000185307670529636,0,0,0.00665794032321754,0,0.000737034188256088,4.42640518641807e-05,0.000680458976787165,2.36128993656864e-05,0.0123221165995083,0,0,0.00381068690447991,0,1.40544848685475e-05,0,0.000749722893203692,0,0.00405332199076531,0,0.00289687967840386,3.96445663348678e-05,0.000664000552129637,0.000230482366275582,0.00216387024211086,5.89494195386606e-05,0.000224227838823255,3.82909965463092e-06,0.0045803569501438,0,0.00699279950182878,0.00761951143655029,7.12803660176619e-06,0.0464341895320251,1.3882029401756e-05,0.00469720585406733
0.00215289097474927,0.0145925248652776,0,0.00925252759057847,0,0,0,0,0,0.00293689363045138,0,0,0,0,0,0,6.22416503468288e-05,0.000198770376216859,0.00425826664182827,0,0,0.000622712033739582,0,7.16075883246958e-05,0,0,0,0,0,0,0,0.00195682759049632,0,0.00300049598497743,8.23116582637686e-05,1.4829948663193e-05,0,0.00901342843123476,0.000810512709322984,0.00960820788183045,0,0.0269352376724436,0.00122257226518833,0.000258599945991263,0,0.000753939089582499,0,0.0497697556164728,0.0314597528503958,0,0,1.29874439313795e-05,0,0,0,0.00147920580031201,0,0.00188693520379936,0,0.000417093782072176,0,0.00554390277037349,7.15894014487505e-05,0,0.000259755001718224,0,0,0,0,0,0.00139016688103782,0,0.0265864344530705,0,0,0,0,0,5.29664783949519e-05,2.03009370028716e-05,0.00627432172008374,0.000324287972832677,0.00576410644859915,1.81691548616612e-06,0.0241993887966103,0.00477933127214446,2.29870488296473e-05
0,0,0.029712348326442,0,0.0662621267124479,0,0.000978534031757204,0,0,0,0,0,0.00326703152876875,0,0.00123645392004149,0,0,0,0,0,0.00533072621564968,0,0,0,0,0,0,0,0,0,0,0,0,0,0,0,0.00151063347204967,0,0,0,0.000621400494159714,0,1.60860897895472e-05,0,0,0,0,0,4.18040581701584e-05,0,0,0,6.93550542905869e-05,0,0.00118453345403752,0,0.00308864427849135,0,0.00444038326757528,0,0,0,0,0.00092187843748414,0,0,0,0,0,0,0,0,0,0,0,0,0,0,0,0.000279943561261368,0,0,0.000411808184320307,0,0.0148758209832261,0,0
0,0,0,0.0515371008558648,0,0.00684905934878725,0,0,0,0.00670390542485594,0,4.43933685338985e-05,0,0.00139077004149605,0,0.000974017948806912,0,0,1.40111598005708e-05,0,0,0,0,0,0,0,0,0,0,0,0,0,0,0,0,8.84541384940876e-06,0,0,0,0.000201696247929756,0,0.000274651967424782,0.000119932174774125,0,0,3.80992654688949e-05,0,0,0.000185307670529636,1.29874439313795e-05,0,0,0,0.00109215022530407,0,0.00413469554653915,0,0,0,0,0,0.00161949992990145,0,0,0,0,0,0,0,0,0,0,0,0,0,0,0,0,3.34484100908601e-06,0,0,0,0.000337397692407398,0,0.00160893274160227,0,0
0,0,0,0,0.000323847161049218,0,0.000111556891750681,0,0,0,0.00281086328704654,0,0,0,0,0,0,0,0,0,0.0015958069949649,0,0,0,0,0,0,0,0,0,0,0,0,0,0,0,0,0,0,0,0,0,0,0,0,0,0,0,0,0,6.93550542905869e-05,0,0,0,0,0,0.00168491829215658,0,0,0,0,0,0,6.40216027825008e-05,0,0,0,0,0,0,0,0,0,0,0,0,0,0,0,0,0,0,0.00018452207814883,0,0,0,0
0,0,0,0,0,0.0106690581530285,0,0.0105474440578178,0,0,0,0,0,0,0,0,0,0,0,0,0,0,0,0,0,0,0,0,0,0,0,0,0,0,0,0,0,0,0,0,0,0,0,0,0,0,0,0,0,0,0,0.00109215022530407,0,0,0,0,0,0.00111293409474751,0,0,0,0,0,0,0,0,0,0,0,0,0,0,0,0,0,0,0,0,0,0,0,0,0,0,0,0,0
0.0536790391621717,0,0.0846070488274377,0,0,0,0,0,0.379496304766569,0,0,0,0,0,0.00567136715851809,0,0,0,0,0,0,0,0,0,0.061235326512531,0,0.000375187838882938,0,0,0,0,0,0,0,0,0,0,0,0,0,0,0,0.000244741886768314,0,0,0,0,0,0.00665794032321754,0,0.00118453345403752,0,0,0,0,0,0.000352848823671269,0,0.00228634519472866,0,0.00669535784974977,0,0,0,0,0,0,0.0851706485919123,0,0,0,0,0,0,0,0,0,0,0,0,0,0,0.000121776071318052,0,0.00306936387734985,0,0
0,0.0303347427552492,0,0.147229911762271,0,0,0,0,0,0.1539566497311,0,0,0,0,0,0.00510489247164515,0,0,0,0,0,0,0,0.0180273287912221,0,0,0,0,0,0,0,0,0,5.33570128185767e-05,0,0,0,0.000137902978896988,0,0,0,0,0,0,0,0,0,0,0,0.00147920580031201,0,0.00413469554653915,0,0,0,0,0,0,0,0,0,0.00101445554915394,0,0,0,0,0.10957689054486,0,0,0,0,0,0,0,0,0,0,0,0,0,1.22543774695076e-05,0,0.000570845552657058,0,1.52868163236393e-05,0,0
3.96688624877579e-05,0,0.000782740067585579,0,0.000385038776512849,0,0,0,0,0,0.0833739250143878,0,0,0,0,0,0,0,0,0,0.0654804622568791,0,0,0,0,0,0,0,0,0,0.000154996712808497,0,0,0,0,0,0.000460917293467743,0,1.38790583150694e-05,0,6.57584608128071e-05,0,0.00058865203688191,0,0,0,0.000227989510509737,5.22079452512229e-05,0.000737034188256088,0,0.00308864427849135,0,0.00168491829215658,0,0.000352848823671269,0,0,0,0.00534954887767052,0,2.79765622852894e-05,0,0,0.0401282639713183,0,0,0,0,0,0,0,0,0,0.00725868143564094,0,0,0,0,0,0.000375384164452694,0,0,0.000213259243995967,0,0.0154381700143451,0,0
0,0,0,0.00181889547204015,0,3.87006679308667e-05,0,0.00694925273813388,0,0,0,0.0220723311804227,0,0,0,0,1.12235398389544e-05,2.22780931029437e-05,0.000440493632770927,0.000134988628195606,0,0,0,0,0,0,0,0,0,0.000174959870446887,0,0,0,0,0,0.00160555648090718,0,0.00419304459347964,0,0.000883717042903399,0,0.00733557695989729,0.000246628547748297,0.000102413152118559,0,0.00512385020921301,0,4.10143653373189e-05,4.42640518641807e-05,0.00188693520379936,0,0,0,0.00111293409474751,0,0,0,0,0,1.35288137530504e-05,0,0,0.00514541907166573,3.00810586399123e-05,0,0,0,0,0,0,0,0,0.021660873230502,0,0,0,0,0,0.000172887900922241,0,2.05107126295934e-05,0,0.000208745712973592,0,0.0310550017268019,0.01228450713467,0
0,0,0.0179652750426664,0,0.000385450898266265,0,0,0,0.000216215337509033,0,0,0,0.0118853286494926,0,0.0185628626419756,0,0,0,0,0,0.000252325214458224,0,0,0,0,0,0.0034949504027553,0,0.00102796836056327,0,0,0,0,0,0,0,0.00106891765636807,0,0,0,0.000598219027045082,0,0.000316873593794593,0,0,0,6.85536778893805e-05,0.000110699061514458,0.000680458976787165,0,0.00444038326757528,0,0,0,0.00228634519472866,0,0.00534954887767052,0,0,0,0.00105012634702957,0,0,0.00109327750511219,0,0,0,0,0,0,0,0,0,0,0,0,0,0,0,0.000308010954500755,0,0,0.000107956027968609,0,0.00657846065977704,0,0
0,8.26543628482277e-05,0,0.00469964276779685,0,0,0,0.00267228994503796,0,0,0,0,0,0.0420637369192287,0,0.010878381577854,0,0,0,0,0,0,0,0,0,0,0,0.0103508370537669,0,0,0,0,0,0,0,0,0,0,0,1.98801513640594e-05,0,3.51742684592679e-05,3.61157042871917e-05,0,0,1.70205279856154e-05,0,0,2.36128993656864e-05,0.000417093782072176,0,0,0,0,0,0,0,1.35288137530504e-05,0,0,0,0.0102453045458898,0,0,0,0,0,0,0,0,0,0,0,0,0,0,0,0,0,0,0,0,0.000124204515303506,0,0.000131162016156509,0,0
0.0266719946852153,0,0.0655385096463519,0,0,0,0,0,0.00676132753258118,0,0,0,0.000268706600609124,0,0.0188564644660334,0,0,0,0,0,0,0,0,0,0,0,0,0,0,0,0,0,0,0,0,0,0,0,0,0,0,0,0.000161466167005749,0,0,0,0,0,0.0123221165995083,0,0,0,0,0,0.00669535784974977,0,2.79765622852894e-05,0,0.00105012634702957,0,0,0,0,0,0,0,0,0.0164973422611325,0,0,0,0,0,0,0,0,0,0,0,0,0,0,6.30037769784501e-06,0,0.000360428429390528,0,0
0,0.00249081382185764,0,0.000456473820766561,0,0,0,0,0,0.00500855351889043,0,0,0,0.0234874644508544,0,0.0541937486926681,0,0,0,0,0,0,0,0,0,0,0,0,0,0,0,0,0,0,0,0,0,0,0,0,0,0,0,0,0,0,0,0,0,0.00554390277037349,0,0.00161949992990145,0,0,0,0.00101445554915394,0,0,0,0.0102453045458898,0,0,0,0,0,0,0,0,0,0,0,0,0,0,0,0,0,0,0,0,0,0,0,0,0,0,0
0,0,0,0,0,0.00406770023461024,0,0,0,0,0,0,0,0,0,0,0,0,0.00010331341969495,0.204367068065624,0,0,0,0,0,0,0,0,0,0,0,0,0,0,0,0.0113753238111841,0,0.00164966584038421,0,0.000380506027708985,0,0.00076269064370894,0,0,0,0.0371323628315601,0,0,0,7.15894014487505e-05,0,0,0,0,0,0,0,0.00514541907166573,0,0,0,0,0,0,0,0,0,0,0,0,0,0,0.00190057361548634,0,0,0,0,0,0.00737143040115486,0,4.09503809044765e-05,0,0.000309571335336997,0,0.0235792396619804,0.000318111700300212,0
0.0050025615328468,0,0.00312470028801935,0,0,0,0,0,0,0,0.000248528456881637,0,0,0,0,0,0.000753975279229159,0.0004405851618573,0.0138515573080356,0,0.126158164778459,0,0,0,0,0,0,0,0,0,0,0,0,0,0,0,0.00269990501100467,0,0.00580175307764831,0.000192258998907108,0.000987313655331625,6.94221714304826e-05,0.0341384185712625,0,0.00194149994355066,0,0.0227030779942516,0.000236636922858329,0.00381068690447991,0,0.00092187843748414,0,6.40216027825008e-05,0,0,0,0.0401282639713183,3.00810586399123e-05,0.00109327750511219,0,0,0,0,0,0,0,0,0,0,0,0,0,0,0.0445837204345157,0,0,0,0,5.30259102064189e-06,0.00682033645554862,0,0.00569354957688248,0.00110995454840935,4.44031900881159e-05,0.0500852716757465,0,0.00125275741171844
0,0,0,0,0,0,0,0,0,0,0,0,0,0,0,0,0,0,0,0,0,0.0535787644238323,0,0.00266382491133409,0,0.000322621986538564,0,0,0,0,0,0,0,0,0,0,0,0.000922513493847163,0,0,0,0,0,0,0,0,0,0,0,0.000259755001718224,0,0,0,0,0,0,0,0,0,0,0,0,0,0,0,0,0.000471615391087093,0,0.00117690992299855,0,0.000175682878721071,0,0,0,0,0,0,0,0,0,0.00031129265585232,0,0.000138697792400472,0,0,0,0
0,0,0,0,0,0,0,0,0,0,0,0,0,0,0,0,0.00053150541637513,0,0,0,0,0,0.0433553354996766,0,0.00118253326412111,0,0,0,0,0,0,0,0,0,0,0,0,0,0.00516704516430971,0,0,0,0,0,0,0,0,6.88405139805095e-05,1.40544848685475e-05,0,0,0,0,0,0,0,0,0,0,0,0,0,0,0,0,0,0,0.0148248486693189,0,0.00521943445011764,0,0,0,0,0,0,0,0,0,0,0,0.00132640151343476,0.00047735582707708,0,0,0,0
0,0,0,0,0,0,0,0,0,0.00250039692665195,0,0,0,0,0,0,0,0,0,0,0,0.00611365581555822,0,0.00691709403416743,0,0.000528609475378953,0,0,0,0,0,0,0,0.00148519024014412,0,0,0,0.010572927441758,0,0,0,0,0,0,0,0,0,0,0,0,0,0,0,0,0,0.10957689054486,0,0,0,0,0,0,0,0,0.000471615391087093,0,0,0,0.00164038405283903,0,0,0,0,0,0,0,0,0,0,0,0.0201172237154061,0,2.99639590378012e-05,0,0.000732602441228058,0,0
0.000377938754028469,0,0,0,0,0,0,0,0,0,0,0,0,0,0,0,0,0,0,0,0,0,0.00364596479289684,0,0.109665924369915,0,0.000248778003271,0,0,0,0,0,0,0,0,0,0,0,0.0197599784652316,0,0,0,0,0,0,0,0,0,0.000749722893203692,0,0,0,0,0,0.0851706485919123,0,0,0,0,0,0.0164973422611325,0,0,0,0,0.0148248486693189,0,0,0,0.0363386644000839,0,0,0,0,0,0,0,0,0,0,0,0.00874968943124673,0.000124968736258641,0.000357701901036696,0.00160269969206975,0,0
0,0,0,0,0,0,0,0,0,0,0,0,0,0,0,0.000192994310054928,0,0,0,0,0,0.00326397483098218,0,0.0154327506489086,0,0.0548060294147448,0,7.00037412030409e-05,0,0,0,0,0,0,0,0,0,0,0,0,0,0,0,0,0,0,0,0,0,0,0,0,0,0,0,0,0,0,0,0,0,0,0,0,0.00117690992299855,0,0.00164038405283903,0,0,0,0.0125253472808373,0,0,0,0,0,0,0,0,0,0,0,1.1426794153474e-05,0,0,0,0
0,0,0,0,0,0,0,0,0,0,0,0,0,0,0,0,0,0,0,0,0,0,0.0110836385641134,0,0.0545864765169918,0,0.00916448572001191,0,0,0,0,0,0,0,0,0,0,0,0,0,0,0,0,0,0,0,0,0,0.00405332199076531,0,0,0,0,0,0,0,0,0,0,0,0,0,0,0,0,0.00521943445011764,0,0.0363386644000839,0,0,0,0,0,0,0,0,0,0,0,0,0,0,0,0,0,0,0
0,0,0,0,0,0,0,0,0,0,0,0.00346790647010597,0,0,0,0,0,0,0,0,0,0.00124287303807824,0,0,0,0.00344466427649954,0,0.0166729492325295,0,0.00637687688040058,0,0,0,0,0,0,0,1.34859947138466e-05,0,0,0,0,0,0,0,0,0,0,0,0.00139016688103782,0,0,0,0,0,0,0,0,0,0,0,0,0,0,0.000175682878721071,0,0,0,0.0125253472808373,0,0,0,0.00465709367617227,0,0,0,0,0,0,0,1.80462609261807e-05,0,0.000518518267984208,0,0,0,0
0,0,0,0,0,0,0,0,0,0,0,0,0,0,0,0,0,0,0,0,0,0,0,0,0,0,0.000805601027688497,0,0.000969090197421456,0,0,0,0,0,0,0,0,0,4.44175711190712e-06,0,0,0,0,0,0,0,0,0,0.00289687967840386,0,0,0,0,0,0,0,0,0,0,0,0,0,0,0,0,0,0,0,0,0,0,0,0,0,0,0,0,0,0,0,0,0.000117635719588578,0,0,0,0,0
2.40094101016256e-05,0,0,0.000966474335006797,0,0,0,0,0,0,0,0,0,0,0,0,4.03959597366795e-05,1.17948532293616e-05,0.00280784453382552,0,0,0,0,0,0,0,0,0,0,0.00537938240485566,0,0,0,0,0,0,0,0,0,0.0035825792939169,0,0.0303772947346978,0.000286934304430331,0.00113903731127271,0,0.00872009832268853,0,3.63106065982789e-05,3.96445663348678e-05,0.0265864344530705,0,0,0,0,0,0,0,0.021660873230502,0,0,0,0,0.00190057361548634,0,0,0,0,0,0,0,0.00465709367617227,0,0,0,0,0,0,0,0.000303085298743842,1.28246440732387e-06,3.75934946079849e-05,1.21980639264743e-05,0.000208703910655615,0,0.0431360130947152,0.0406062123477346,0
5.6705905763961e-05,0,0.000424436103296628,0,0,0,0,0,0,0,0,0,0,0,0,0,0,0,0.00043552095547375,0,0.00103505713268491,0,0,0,0,0,0,0,0,0,0.0614123963756696,0,0,0,0,0,1.69302991317636e-06,0,3.40036585319175e-05,0,0,0,0.000380484932192624,0,0,0,0.000497682289432176,0,0.000664000552129637,0,0,0,0,0,0,0,0.00725868143564094,0,0,0,0,0,0,0.0445837204345157,0,0,0,0,0,0,0,0,0,0,0,0,0,0,0,0.000161958792472852,0,0.00836337986082048,3.37099930738568e-05,0,0.00791030498178689,0,0.00109310911967673
0,0,0,0,0,0,0,0,0,0,0,0,0,0,0,0,0,0,0,0,0,0,0,0,0,0,0,0,0,0,0,0.0319343821759005,0,0.00143333871605138,0,0.000642874409515753,3.73287208068295e-06,0,0,0,0,0,0,0,0,0,0,0.0735969179458992,0.000230482366275582,0,0,0,0,0,0,0,0,0,0,0,0,0,0,0,0,0,0,0,0,0,0,0,0,0,0,0.000123230446211882,0,0,1.75655623575531e-05,0,0,0,0.00031889681382923,2.8951974563451e-06,0,0,0
0,0,0,0,0,0,0,0,0,0,0,0,0,0,0,0,0,0,0,0,0,0,0,0,0,0,0,0,0,0,0,0.0142755453071896,0.0197260053830413,0,0.00839697660112873,0,0.000187637327352202,0,0,0,0,0,0,0,0,0,0,0.00611916308656765,0.00216387024211086,0,0,0,0,0,0,0,0,0,0,0,0,0,0,0,0,0,0,0,0,0,0,0,0,0,0.000123230446211882,0,0,0.000121307697554585,0,0.00124152068963679,0,0,0.000251739481133617,0,0,0,0
0,0,0,0,0,0,0,0,0,0.000105100063759987,0,0,0,0,0,0,0,0,0,0,0,0,0,3.66955045268923e-05,0,0,0,0,0,0,0,0.0112719636435241,0,0.0692200039347389,0.0158601402159947,6.46753905299754e-05,0,0.000120050914265064,0,0,0,0,0,0,0,0,0,0.000291961405555313,5.89494195386606e-05,0,0,0,0,0,0,0,0,0,0,0,0,0,0,0,0,0,0,0,0,0,0,0,0,0,0,0,0,0.00322058265447937,5.96782209551606e-05,0,0.00325949631520679,0,0.000927474967626416,0,0,0,0
0,0,0,0,0,0,0,0,0,0,0,0,0,0,0,0,0,0,0,0,0,0,0,0,0,0,0,0,0,0,0,0,0,0.0324745236605198,0.156962059491522,0,0.00233143295847278,0,0.00124398450451292,0,0,0,0,0,0,0,0,0.00210164521035456,0.000224227838823255,0,0,0,0,0,0,0,0,0,0,0,0,0,0,0,0,0,0,0,0,0,0,0,0,0,0,0.000121307697554585,0.00322058265447937,0,0,5.50873094905919e-05,0,0.000173027911532837,0.000177623299707697,0,0,0,0
