0,0,33.6384137868881,0,0,0,0,0,435.829232186079,0,0,0,0,0,0,0,0,0,0,0,0,0,0,0,4.70645129680634,0,0,0,0,0,0,0,0,0,0,0,0,0,0.235215231776237,0,0,0,95.5653734207153,0,0,0,0,3.2277030646801,266.169279903173,0,0,0,0,0,91.4742529094219,0,0,0,0,0,92.7550953924656,0,0,0,0,0,0,3.13556179404259,0,1.31360280513763,0,0,0,0,0,0,0,0,0,0,0,0,133.289541438222,0,355.209357455373,0,0.411271452903748
0,0,0,421.56144297123,0,15.2714822590351,0,0,0,938.513217374682,0,0,0,0,0,0,0,0,0,0,0,0,0,0,0,0,0,0,0,0,0,0,0,0,0,0,0,0,0,0,0,199.234593257308,0,0,0,1.03209638595581,0,0,0,261.868999540806,0,19.0765985548496,0,0,0,549.199572488666,0,54.8289532661438,0,6.09344959259033,0,30.6847013533115,0,0,0,0,5.97301971912384,0,0,0,0,0,0,0,0,0,0,0,0,0,0,0,613.451253265142,0,583.949050620198,27.8319089859724,0
33.6384137868881,0,0,0,403.228239506483,0,0,0,338.4663875103,0,0,0,0,0,0,0,0,0,0,0,0,0,0,0,0,0,0,0,0,0,0,0,0,0,0,0,0,0,0,0,0,0,0,0,0,0,2.31151401996613,0,303.166130542755,0,59.8846180438995,0,0,0,82.7459572851658,0,56.2576524913311,0,34.2355473041534,0,92.0782377719879,0,0,0,0,0,0,0,0,0,0,1.25148442387581,0,3.86663120985031,0,0,0,0,0,0.410455644130707,0,0,0,0,320.195657804608,0,0
0,421.56144297123,0,0,0,501.809792101383,0,0,0,744.814171463251,0,0,0,0,0,0,0,0,0,0,0,0,0,0,0,0,0,0,0,0,0,0,0,0,0,0,0,0,0,0,0,21.2962703406811,0,0,0,52.6753408610821,0,0,0,59.5370246767998,0,181.7376486063,0,0,0,10.6589644253254,0,1.54911577701569,0,44.5615907907486,0,23.3578802347183,2.04670476913452,0,0,0,0,0,0,0,0,0,0,0,0,0,0,0,0.349676340818405,0,0,0,566.407727241516,0,963.27953594923,18.4551755934954,0
0,0,403.228239506483,0,0,0,4,0,171.374866247177,0,0,0,0,0,0,0,0,0,0,0,29.8369923681021,0,0,0,0,0,0,0,0,0,0,0,0,0,0,0,0,0,0.890536487102509,0,2.07304739952087,0,0.501605376601219,0,0,0,7.42650762200356,0,2.06566214561462,0,420.594799458981,0,0,0,30.6902766823769,0,51.4028944373131,0,0,0,28.6553836762905,0,0,4.40847882628441,0,0,0,0,0,0,0,4.74192062020302,0,4.20419663190842,0,0,0,0,0,0.300460577011108,0,3.51929062604904,118.585389018059,0,250.99830943346,0,1.30704474449158
0,15.2714822590351,0,501.809792101383,0,0,0,219.04096531868,0,246.649738892913,0,17.6961199939251,0,9.11333119869232,0,0,0,0,0,3.34809046983719,0,0,0,0,0,0,0,0,0,0,0,0,0,0,0,13.1878366321325,0,0,0,0,0,0,0,0,0,114.807037502527,0,0,0.369912981987,0,0,688.719965040684,0,153.269436836243,0,1.79993054270744,0,67.7251488119364,0,66.9605893492699,0,0,26.9977283775806,0,0,0,0,0,0,0,0.202075317502022,0,1.29377280175686,0,0,0,0,0,75.7298003137112,0,0,0,1248.73799338937,0,641.771840825677,0,0
0,0,0,0,4,0,0,0,0,0,0,0,0,0,0,0,0,0,0,0,0,0,0,0,0,0,0,0,0,0,0,0,0,0,0,0,0,0,0,0,0,0,0,0,0,0,0,0,0,0,1,0,23.2732375860214,0,0,0,0,0,75.8235365152359,0,0,0,0,0,0,0,0,0,0,0,0,0,0,0,0,0,0,0,0,0,0,0,109.996694475412,0,0,0,0
0,0,0,0,0,219.04096531868,0,0,0,0,0,91.7306355237961,0,77.054640173912,0,0,0,0,0,22.8923630714417,0,0,0,0,0,0,0,0,0,0,0,0,0,0,0,0,0,0,0,0,0,0,0,0,0,0,0,0,0,0,0,95.0568395853043,0,378.612515032291,0,0,0,39.5994975864887,0,19.4611341357231,0,0,0,0,0,0,0,0,0,0,0,0,0,0,0,0,0,0,0,0,0,0,102.429917275906,0,0,0,0
435.829232186079,0,338.4663875103,0,171.374866247177,0,0,0,0,0,0,0,0,0,95.4789353311062,0,6.70198795199394,0,0,0,0,0,0,0,32.9758808016777,0,0,0,0,0,0,0,0,0,0,0,0,0,52.7054609358311,0,0,0,1.00119531154633,0,0,0,0,0,34.8921348750591,0,29.0468320846558,0,0,0,1925.70109967887,0,2.70780864357948,0,2.7128803730011,0,138.530543535948,0,0,0,0,0,0,144.738676294684,0,1.88965934514999,0,1.76822927594185,0,0.593029022216797,0,0,0,0,0,0,0,69.2642540037632,104.675305992365,0,194.24691849947,0,0
0,938.513217374682,0,744.814171463251,0,246.649738892913,0,0,0,0,0,0,0,0,0,442.7283834517,0,130.344750851393,2.16670763492584,0,0,0,0,128.35172252357,0,1.70495176315308,0,0,0,0,0,0,0,0,0,0,0,16.5890543162823,0,0,0,3.60699674487114,0,0,0,6.61553969979286,0,0,0,14.3484608232975,0,86.3551997244358,0,0,0,845.826400786638,0,0,0,0,0,80.301116168499,0,0,0,0,125.89637324214,0,0,0,0,0,0,0,0,0,0,0,0,0,25.8886097222567,0,1446.6234087497,0,477.412662908435,1.5697640478611,0
0,0,0,0,0,0,0,0,0,0,0,0,0,0,0,0,0,0,0,0,95.4181662648916,0,0,0,0,0,0,0,0,0,13.7035713195801,0,0,0,0,0,4.76098203659058,0,600.970589518547,0,0,0,0,0,0,0,0,0,0,0,0,0,5.81802809238434,0,0,0,847.225413322449,0,0,0,0,0,0,1.84676380455494,0,0,0,0,0,0,0,0,0,1.70236325263977,0,0,0,0,0,0,0,134.018280297518,886.038384318352,0,0,0,0
0,0,0,0,0,17.6961199939251,0,91.7306355237961,0,0,0,0,0,114.461058080196,0,0,0,0,0,429.590449914336,0,0,0,0,0,0,0,2,0,0,0,0,0,0,0,364.108654603362,0,1051.61650560796,0,0.519302621483803,0,0,0,0,0,17.6542299389839,0,0,0,0,0,0,0,57.0544763803482,0,0,0,3215.09400872886,0,3.97805392742157,0,0,43.3745375871658,0,0,0,0,0,0,0,0,0,88.7232331931591,0,0,0,0,0,162.5652269274,0,385.774127572775,0,563.880037918687,0,108.956088155508,0,0
0,0,0,0,0,0,0,0,0,0,0,0,0,0,47.6275075674057,0,0,0,0,0,0,0,0,0,0,0,0,0,0,0,0,0,0,0,0,0,0,0,0,0,0,0,0,0,0,0,0,0,0,0,1.39515006542206,0,0,0,0,0,0,0,553.604837477207,0,0,0,0,0,0,0,0,0,0,0,0,0,0,0,0,0,0,0,0,0,0,0,5.07011497020721,0,0,0,0
0,0,0,0,0,9.11333119869232,0,77.054640173912,0,0,0,114.461058080196,0,0,0,842.117301106453,0,0,0,0,0,0,0,0,0,34.9146611690521,0,0,0,0,0,0,0,0,0,0,0,0,0,0,0,0,0,0,0,0,0,0,0,0,0,32.2330414056778,0,99.9651876688004,0,0,0,188.679294526577,0,605.10645544529,0,172.601189255714,0,0,0,0,0,0,0,0,2.67711448669434,0,0,0,0,0,0,0,0,0,0,0,126.525398313999,21.3614966869354,0,0,0
0,0,0,0,0,0,0,0,95.4789353311062,0,0,0,47.6275075674057,0,0,0,0,0,0,0,0,0,0,0,0,0,0,0,0,0,0,0,0,0,0,0,0,0,0,0,0,0,0,0,0,0,0,0,0,0,0,0,0,0,79.2470571994781,0,0.740733683109283,0,182.624357879162,0,129.262444317341,0,0,0,0,0,0,0,0,0,0,0,0,0,0,0,0,0,0,0,0,0,2,0,0,0,0
0,0,0,0,0,0,0,0,0,442.7283834517,0,0,0,842.117301106453,0,0,0,73.3816423714161,1.11264252662659,0,0,0,0,0,0,64.5548014640808,0,0,0,0,0,0,0,0,0,0,0,0,0,0,0,0,0,0,0,0,0,0,0,0,0,8.73040199279785,0,4.30671787261963,0,45.8707231879234,0,0,0,205.380828619003,0,139.655220985413,0,0,0,0,0,0,0,0,0,0,0,0,0,0,0,0,0,1.21675646305084,0,0,270.942687422037,0,0,0,0
0,0,0,0,0,0,0,0,6.70198795199394,0,0,0,0,0,0,0,0,7386.24017439783,2637.40885072947,0,0,0,112.907033890486,0,0,0,0,0,0,0,0,0,0,0,0,2.17750123143196,3.71946381032467,0,3.67009103298187,33.6201995685697,3.16678574681282,12.5386147499084,8.57733972370625,3.15722739696503,0,23.6492062062025,27.9485067427158,1.39298185706139,0,2.53683276474476,0,0,0,0,0,0,0,0.751923859119415,0,0,0,0,0,2.56381532549858,0,83.0361785292625,0,0,0,0,0,0.422825634479523,0.996340334415436,4.14534595608711,0,0,0,0,30.7982385754585,51.6488254740834,7.67659458518028,25.2039844840765,4732.90702453256,1.69744229316711,34.6289039701223,0,8.52471067011356
0,0,0,0,0,0,0,0,0,130.344750851393,0,0,0,0,0,73.3816423714161,7386.24017439783,0,2740.75233887136,0,0,0,0,1,0,42.1923285424709,0,0,0,0,0,0,0,0,0,1.6578578799963,6.82423037290573,1.10812079906464,1.66954147815704,9.27054727077484,1.93302264809608,5.42640388011932,4.97080388665199,0.849357783794403,0,5.06977485120296,21.5877925902605,0,0,0.441993534564972,0,0,0,0,0,0,0,0,0,0,0,0,0,10.4521416425705,3,0,0,0,6.53031575679779,0,0,0,0,1.54047165811062,0,0,0,0,18.3549311757088,77.7934645265341,3.77282543480396,24.6580428779125,8349.38951070607,0.495266109704971,9.72663488984108,0,1.09875041246414
0,0,0,0,0,0,0,0,0,2.16670763492584,0,0,0,0,0,1.11264252662659,2637.40885072947,2740.75233887136,0,0.45118111371994,3.36683900654316,0,0,0,0,0,0,0,0,0,0,0,0,0,0,112.971258215606,233.92597129941,2.66598832607269,76.4568878412247,1038.13459785283,150.528610177338,1228.87802267075,678.183569088578,137.912147119641,7.66508533060551,304.919129289687,710.353002630174,5.80964617431164,0,189.298045173287,0,0,0,0,0,0,0.193452507257462,7.66119210422039,0,0,0,0,2.33967223018408,284.652709245682,0,0,0,0,0,0,0.388841271400452,3.53108986467123,39.0682552307844,77.9990360736847,0,0,0,0,1059.81182324886,1524.19223497063,274.851118631661,1075.17367619276,2536.53079688549,2.63514941930771,950.487359106541,83.9416112601757,132.971680656075
0,0,0,0,0,3.34809046983719,0,22.8923630714417,0,0,0,429.590449914336,0,0,0,0,0,0,0.45118111371994,0,0,0,0,0,0,0,0,0,0,0,0,0,0,0,0,1685.71172195673,0,77.8264274150133,0,2.95123793184757,0,0.172691136598587,0,0,0,162.059034690261,0,0,0,0,0,0,0,0,0,0,0,23.547105461359,0,0,0,0,2736.85655035079,0,0,0,0,0,0,0,0,0,51.6770882308483,0,0,0,0,0,953.043194696307,0,208.567408502102,0,912.950511142612,0,262.550600901246,0,0
0,0,0,0,29.8369923681021,0,0,0,0,0,95.4181662648916,0,0,0,0,0,0,0,3.36683900654316,0,0,0,0,0,0,0,0,0,0,0,0,0,0,0,0,0.101846180856228,1084.82371288538,0,286.742714561522,0,2.1308217048645,0,0.940533310174942,0,0,0.111085094511509,48.1658703684807,0,2.76299631595612,0,199.952323481441,0,51.9070422649384,0,0,0,593.288579121232,0,2.56826907396317,0,0,0,0,1099.51868607104,0,0,0,0,0,0,0,14.884703412652,0,84.4779279455543,0,0,0,0,0,537.825284071267,0,295.112107105553,440.309314727783,0,77.8410052880645,0,0
0,0,0,0,0,0,0,0,0,0,0,0,0,0,0,0,0,0,0,0,0,0,381.447464883327,283.306990042329,0,121.995002239943,0,75.079779624939,0,0,0,0,0,0,0,0,0,825.544284164906,0,0,0,0,0,0,0,0,0,0,0,70.1451279520988,0,0,0,0,0,0,0,0.642334990203381,0,0,0,0,0,0,6480.88083854318,176.05062520504,324.514526844025,0,182.219553053379,0,92.4195496141911,0,0,0,0,0,0,0,0,0,343.238241136074,0,1005.7144652009,29.2109942436218,1.28638665378094,0,0
0,0,0,0,0,0,0,0,0,0,0,0,0,0,0,0,112.907033890486,0,0,0,0,381.447464883327,0,0,281.201113939285,0,227.556957483292,0,1,0,0,0,0,0,0,0,0,0,621.878778874874,0,0,0,0,0,0,0,0,0,49.3841435015202,0,0,0,0,0,0,0,0,0,0,0,0,0,0,0,0,7648.11469899863,0,213.062938526273,0,73.5143844038248,0,2.47684648633003,0,0,0,0,0,0,0,0,0,114.172127604485,1325.21622464061,38.3136625289917,11.8449280560017,0,0
0,0,0,0,0,0,0,0,0,128.35172252357,0,0,0,0,0,0,0,1,0,0,0,283.306990042329,0,0,0,368.813079833984,0,0,0,0,0,0,0,0,0,0,0,383.291825354099,0,0,0,0,0,0,0,0,0,0,0,80.6647344827652,0,0,0,0,0,156.223993167281,0,1.21726256608963,0,0,0,0,0,0,60.3711671382189,0,985.044191598892,0,60.7830879092216,0,3.70121914148331,0,0.226751506328583,0,0,0,0,0,0,0,134.240462765098,0,243.602980941534,0,43.1497201323509,0,0
4.70645129680634,0,0,0,0,0,0,0,32.9758808016777,0,0,0,0,0,0,0,0,0,0,0,0,0,281.201113939285,0,0,0,238.057062029839,0,0,0,0,0,0,0,0,0,0,0,332.214968830347,0,0,0,0,0,0,0,0,0,4.82332146167755,0,0,0,0,0,63.7064906358719,0,0,0,0,0,0,0,0,0,0,96.5995550304651,0,830.734069392085,0,281.05834120512,0,0,0,0,0,0,0,0,0,0,0,135.791783601046,24.0485973358154,0,24.0764918923378,0,0
0,0,0,0,0,0,0,0,0,1.70495176315308,0,0,0,34.9146611690521,0,64.5548014640808,0,42.1923285424709,0,0,0,121.995002239943,0,368.813079833984,0,0,0,12.626648157835,0,0,0,0,0,0,0,0,0,0,0,0,0,0,0,0,0,0,0,0,0,0,0,0,0,0,0,0,0,0,0,0,0,0,0,0,26.7860207259655,0,1,0,514.063650816679,0,37.9544086456299,0,0,0,0,0,0,0,0,0,0,0,165.513875514269,5.0467876791954,0,0,0
0,0,0,0,0,0,0,0,0,0,0,0,0,0,0,0,0,0,0,0,0,0,227.556957483292,0,238.057062029839,0,0,0,1,0,0,0,0,0,0,0,0,0,0,0,0,0,0,0,0,0,0,0,0,0,0,0,0,0,9.01777726411819,0,0,0,0,0,0,0,0,0,0,90.5778343677521,0,131.885743439198,0,179.05606508255,0,0,0,0,0,0,0,0,0,0,0,0,21.5331015586853,0,0,0,0
0,0,0,0,0,0,0,0,0,0,0,2,0,0,0,0,0,0,0,0,0,75.079779624939,0,0,0,12.626648157835,0,0,0,46.389858007431,0,0,0,0,0,0,0,6.01601779460907,0,0,0,0,0,0,0,0,0,0,0,0,0,0,0,0,0,0,0,4,0,0,0,0,0,0,0.36990749835968,0,0,0,14.1808418929577,0,563.550230562687,0,15.9011066555977,0,0,0,0,0,0,0,0,0,0,0,0,0,0
0,0,0,0,0,0,0,0,0,0,0,0,0,0,0,0,0,0,0,0,0,0,1,0,0,0,1,0,0,0,254.989961743355,0,0,0,0,0,0,0,10.2484909892082,0,0,0,0,0,0,0,0,0,0,0,0,0,0,0,0,0,0,0,0,0,0,0,0,0,0,34.5413904190063,0,0,0,3,0,351.275667786598,0,0,0,0,0,0,0,0,0,0,9.28596746921539,0,0,0,0
0,0,0,0,0,0,0,0,0,0,0,0,0,0,0,0,0,0,0,0,0,0,0,0,0,0,0,46.389858007431,0,0,0,0,0,0,0,0,0,14.3577734529972,0,0,0,0,0,0,0,0,0,0,0,0,0,0,0,0,0,0,0,20.6438739299774,0,0,0,0,0,0,0,0,0,0,0,0,3.86896681785583,0,616.382079273462,0,0,0,0,0,0,0,32.831553965807,0,0,0,0,0,0
0,0,0,0,0,0,0,0,0,0,13.7035713195801,0,0,0,0,0,0,0,0,0,0,0,0,0,0,0,0,0,254.989961743355,0,0,0,0,0,0,0,0,0,540.172388076782,0,0,0,0,0,0,0,0,0,0,0,0,0,0,0,0,0,105.948026046157,0,0,0,0,0,0,0.699263870716095,0,0,0,0,0,0,0,350.111107081175,0,230.108565017581,0,0,0,0,0,0,0,0,175.167976260185,0,0,0,0
0,0,0,0,0,0,0,0,0,0,0,0,0,0,0,0,0,0,0,0,0,0,0,0,0,0,0,0,0,0,0,0,232.942495048046,144.718822419643,29.1774308085442,765.953062772751,0,0,0,0,0,0,0,0,0,0,0,40.0700854659081,0,0,0,0,0,0,0,0,0,0,0,0,0,0,0,0,0,0,0,0,0,0,0,0,0,0,406.023324936628,212.341908574104,59.7751230895519,0,558.187845431268,2.36263489723206,0,0,1931.28324079514,0,0,0,0
0,0,0,0,0,0,0,0,0,0,0,0,0,0,0,0,0,0,0,0,0,0,0,0,0,0,0,0,0,0,0,232.942495048046,0,2.87470200657845,38.8895997405052,94.1575236320496,342.505470067263,0,0,0,0,0,0,0,0,0,0,694.523615956306,31.2519573569298,0,0,0,0,0,0,0,0,0,0,0,0,0,0,0,0,0,0,0,0,0,0,0,0,0,4.81506836414337,1500.71347105503,0,40.0888213217258,0,1195.82747799158,0,0,1034.73850816488,0,0,0,0
0,0,0,0,0,0,0,0,0,0,0,0,0,0,0,0,0,0,0,0,0,0,0,0,0,0,0,0,0,0,0,144.718822419643,2.87470200657845,0,1162.37124490738,2492.01559346914,0,240.804922699928,0,0,0,0,0,0,0,0,0,1971.79957827926,2.40182921290398,0,0,0,0,0,0,0,0,0,0,0,0,0,0,0,0,0,0,0,0,0,0,0,0,0,5.86371511220932,0,1067.4910351932,134.969778001308,433.366237282753,0,0,0,1207.62700398266,5.97773662209511,0,0,0
0,0,0,0,0,0,0,0,0,0,0,0,0,0,0,0,0,0,0,0,0,0,0,0,0,0,0,0,0,0,0,29.1774308085442,38.8895997405052,1162.37124490738,0,0,666.95479157567,0,274.865742102265,0,0,0,0,0,0,0,0,244.28081330657,13.4788115173578,0,0,0,0,0,0,0,0,0,0,0,0,0,0,0,0,0,0,0,0,0,0,0,0,0,0,56.2217519879341,30.0106882452965,1324.89824867249,0,1143.92739863694,0,400.871537983418,102.810923218727,0,0,0,0
0,0,0,0,0,13.1878366321325,0,0,0,0,0,364.108654603362,0,0,0,0,2.17750123143196,1.6578578799963,112.971258215606,1685.71172195673,0.101846180856228,0,0,0,0,0,0,0,0,0,0,765.953062772751,94.1575236320496,2492.01559346914,0,0,604.413036666811,3790.22178588063,4.80301024019718,75.4825134426355,2.04648233950138,127.340938292444,28.9724647402763,109.862984329462,0,229.176275476813,7.38137126713991,120.378271237016,50.334712177515,71.9670464396477,0,0,0,0,0,0,0,2.62516906112432,0,0,0,0,1403.24895460904,2.46352490782738,0,0,0,0,0,0,0,0,9.24366201460361,0.49199865758419,196.444829240441,0,1264.10917857289,0,25397.7359408252,22.2606055513024,353.596295259893,8.00134348124266,8394.21128854901,118.357329726219,322.734777130187,2.45122089982033,3.13248373568058
0,0,0,0,0,0,0,0,0,0,4.76098203659058,0,0,0,0,0,3.71946381032467,6.82423037290573,233.92597129941,0,1084.82371288538,0,0,0,0,0,0,0,0,0,0,0,342.505470067263,0,666.95479157567,604.413036666811,0,55.4162745475769,3686.44301261753,20.1156471222639,124.704588465393,15.4259992539883,122.336090050638,1.55616797506809,3.61477290838957,11.488309212029,389.98394998908,19.7356363087893,59.249343007803,1.20535752177238,6.89758521318436,0,0,0,0,0,17.2602015137672,0,0,0,0,0,0,1101.19460130483,0,0,0,0,0,0,0,17.1553403139114,0.131393879652023,53.8088427633047,0,306.305012702942,0,54.8008700609207,48.0727939009666,16860.2506982833,7.19439882040024,3441.58262009174,8140.35786302388,144.826423555613,292.227963849902,0,17.4128553643823
0,0,0,0,0,0,0,0,0,16.5890543162823,0,1051.61650560796,0,0,0,0,0,1.10812079906464,2.66598832607269,77.8264274150133,0,825.544284164906,0,383.291825354099,0,0,0,6.01601779460907,0,14.3577734529972,0,0,0,240.804922699928,0,3790.22178588063,55.4162745475769,0,22.2286865115166,1.4295464232564,1.29696106910706,28.1782561987638,1.93530215322971,3.78958567976952,0,9.06232109665871,0.206824228167534,11.8417380601168,0,204.49532289803,0,0,0,0,0,15.2367259562016,0,64.580464810133,0,0,0,0,102.417831256986,0.406854540109634,183.910513967276,0,142.776745021343,0,0.519167482852936,0,0,0,53.8521182239056,0,0,0,82.8408675789833,0,1707.34503823519,1.75848099589348,10198.8392168581,0.108487963676453,4280.16392342746,284.424421221018,549.233918324113,0,0
0.235215231776237,0,0,0,0.890536487102509,0,0,0,52.7054609358311,0,600.970589518547,0,0,0,0,0,3.67009103298187,1.66954147815704,76.4568878412247,0,286.742714561522,0,621.878778874874,0,332.214968830347,0,0,0,10.2484909892082,0,540.172388076782,0,0,0,274.865742102265,4.80301024019718,3686.44301261753,22.2286865115166,0,5.66922815144062,8.56171528249979,4.52991101145744,105.670963905752,1.15155556797981,1.34412264823914,1.53695024549961,164.106662549078,55.7365696579218,185.857591480017,0.337219923734665,0,0,0,0,32.3819607496262,0,315.63380946219,0,0,0,0,0,0,307.344219759107,0,420.774932533503,0,461.217219024897,0,0,0,0,0,470.74041198194,0,0,0,66.121104106307,6.55590865015984,926.837865665555,0.466879278421402,11806.4826015532,2764.54065471143,109.143505036831,180.088626258075,0,91.7044766992331
0,0,0,0,0,0,0,0,0,0,0,0.519302621483803,0,0,0,0,33.6201995685697,9.27054727077484,1038.13459785283,2.95123793184757,0,0,0,0,0,0,0,0,0,0,0,0,0,0,0,75.4825134426355,20.1156471222639,1.4295464232564,5.66922815144062,0,11.1953334286809,2956.32677639276,459.379210397601,330.291972078383,1.49573665112257,3460.28819208592,108.876333266497,132.690142743289,11.0339840948582,2833.05963750929,0,0,0,0,0,0,0.16423787176609,17.8413492739201,0,0,0,0,315.499360248446,25.0274825394154,0,0,0,0,0,0,1.57642790675163,1.95381347835064,87.0948282703757,12.7656336799264,0.619133122265339,0,0,0,2012.50244273245,171.597726158798,191.676680542529,49.7991455122828,902.378560557961,0,2391.59591172636,107.881247699261,13.8569925278425
0,0,0,0,2.07304739952087,0,0,0,0,0,0,0,0,0,0,0,3.16678574681282,1.93302264809608,150.528610177338,0,2.1308217048645,0,0,0,0,0,0,0,0,0,0,0,0,0,0,2.04648233950138,124.704588465393,1.29696106910706,8.56171528249979,11.1953334286809,0,10.5120005756617,809.808093309402,0.132236763834953,6.34431634843349,5.43022449314594,593.031291991472,51.6973850131035,225.521200351417,2.00021034479141,5.45012167096138,0,0,0,0.136994391679764,0,2.66029840707779,0.878782689571381,0.489419758319855,0,0,0,0,138.768132708967,0,0,0,0,0,0,0,13.2478528618813,0.649780213832855,31.9179586321115,0,0,0,0,18.4937126040459,624.256123542786,4.06285434961319,80.2178027778864,28.9625560045242,0,684.881195679307,0,43.6314804553986
0,199.234593257308,0,21.2962703406811,0,0,0,0,0,3.60699674487114,0,0,0,0,0,0,12.5386147499084,5.42640388011932,1228.87802267075,0.172691136598587,0,0,0,0,0,0,0,0,0,0,0,0,0,0,0,127.340938292444,15.4259992539883,28.1782561987638,4.52991101145744,2956.32677639276,10.5120005756617,0,1069.76240441203,117.665441170335,1.13092970848083,293.202993780375,53.3996361196041,65.6216955855489,1.08306950330734,1471.00438605249,0,0,0,0,0,0.412091881036758,0,139.939503237605,0,0,0,0,103.366604879498,17.7123297974467,0,0,1.61138081550598,0,0,0,10.9876542985439,0.152300417423248,1232.11420987546,4.77176558971405,2.29503783583641,0,0,0,1752.61138797551,143.340819351375,877.282884791493,52.4357775896788,892.32801040262,1.02037215232849,3893.64533242583,1407.11077328026,13.8254256248474
95.5653734207153,0,0,0,0.501605376601219,0,0,0,1.00119531154633,0,0,0,0,0,0,0,8.57733972370625,4.97080388665199,678.183569088578,0,0.940533310174942,0,0,0,0,0,0,0,0,0,0,0,0,0,0,28.9724647402763,122.336090050638,1.93530215322971,105.670963905752,459.379210397601,809.808093309402,1069.76240441203,0,5.79511602222919,57.3682386428118,64.4725507721305,2477.92513664067,10.8285287991166,108.883611157537,96.5241525098681,0,0,0,0,0.293476104736328,0,10.9451768696308,0.137297943234444,0,0,0,0,1.81372891366482,907.61174082011,0,0,0,0,0,0,0,352.451073154807,5.59278868883848,598.963559612632,0.299559399485588,0,0,0,345.888268336654,2252.6814597249,46.8583043217659,824.12944252044,1239.4587097615,0,4089.71354114264,26.1193497776985,1385.66623294353
0,0,0,0,0,0,0,0,0,0,0,0,0,0,0,0,3.15722739696503,0.849357783794403,137.912147119641,0,0,0,0,0,0,0,0,0,0,0,0,0,0,0,0,109.862984329462,1.55616797506809,3.78958567976952,1.15155556797981,330.291972078383,0.132236763834953,117.665441170335,5.79511602222919,0,0.342795491218567,215.501750379801,6.75857488065958,7.21636514365673,0,50.3340569585562,0,0,0,0,0,0,0,6.1670663356781,0,0,0,0,0.480440586805344,2.68139538913965,0,0,0,0,0,0,0,0,64.8634659200907,0.770536601543427,0.535908252000809,0,0,0,1181.23743177205,14.5069074481726,243.717824205756,5.60220837593079,60.0925002992153,0.594951272010803,464.351523250341,2.22646027803421,0.119657695293427
0,0,0,0,0,0,0,0,0,0,0,0,0,0,0,0,0,0,7.66508533060551,0,0,0,0,0,0,0,0,0,0,0,0,0,0,0,0,0,3.61477290838957,0,1.34412264823914,1.49573665112257,6.34431634843349,1.13092970848083,57.3682386428118,0.342795491218567,0,0,24.2339474409819,0.15946489572525,0,0.265443533658981,0,0,0,0,0,0,0,0,0,0,0,0,0,12.9508830010891,0,0,0,0,0,0,0,0,0,0.197514101862907,0,0,0,0,2.72389656305313,50.2366479709744,0.772313833236694,4.68502072989941,17.7018222212791,0,37.1243664175272,0,0.875477433204651
0,1.03209638595581,0,52.6753408610821,0,114.807037502527,0,0,0,6.61553969979286,0,17.6542299389839,0,0,0,0,23.6492062062025,5.06977485120296,304.919129289687,162.059034690261,0.111085094511509,0,0,0,0,0,0,0,0,0,0,0,0,0,0,229.176275476813,11.488309212029,9.06232109665871,1.53695024549961,3460.28819208592,5.43022449314594,293.202993780375,64.4725507721305,215.501750379801,0,0,45.5515238940716,90.9667322188616,57.528756737709,255.842354096472,0,0,0,0,0,0,0.128281891345978,239.17323474586,0,0,0,0,1608.97086954862,18.7798430100083,0,0,0,0,0,0,7.07332193851471,0.599001154303551,856.580487184227,3.80283973366022,4.9796107262373,0,0,0,4240.53618770838,82.336437009275,892.306831292808,32.5914727374911,456.088788330555,0.31699725985527,3845.99580645561,13.2504514455795,1.27538403868675
0,0,2.31151401996613,0,7.42650762200356,0,0,0,0,0,0,0,0,0,0,0,27.9485067427158,21.5877925902605,710.353002630174,0,48.1658703684807,0,0,0,0,0,0,0,0,0,0,0,0,0,0,7.38137126713991,389.98394998908,0.206824228167534,164.106662549078,108.876333266497,593.031291991472,53.3996361196041,2477.92513664067,6.75857488065958,24.2339474409819,45.5515238940716,0,3.04227021336555,276.161009609699,12.4230236038566,3.0278155207634,0,0,0,0,0,24.8863204270601,0.718260988593102,0,0,0,0,0,1700.30782720447,0,0,0,0,0,0,0,60.5422809422016,2.67511478811502,369.97478826344,0,0,0,0,58.3366181924939,2452.78859389573,5.37593426555395,959.831147834659,289.204279966652,0,1835.88995677233,0,31.0189380347729
3.2277030646801,0,0,0,0,0,0,0,0,0,0,0,0,0,0,0,1.39298185706139,0,5.80964617431164,0,0,0,0,0,0,0,0,0,0,0,0,40.0700854659081,694.523615956306,1971.79957827926,244.28081330657,120.378271237016,19.7356363087893,11.8417380601168,55.7365696579218,132.690142743289,51.6973850131035,65.6216955855489,10.8285287991166,7.21636514365673,0.15946489572525,90.9667322188616,3.04227021336555,0,2876.39375783503,313.861870631576,0,0,0,0,0,0,0,1.11273726820946,0,0,0,0,0.548661291599274,0,0,0.679144740104675,0,0,0,0,0.221126452088356,0,4.73162987828255,0,807.034395419061,305.546643450856,502.583771705627,553.464390844107,1217.55621925741,1245.51519855857,3.11489835381508,246.19234931469,1168.78601916134,35.7396176457405,258.842395149171,1.40657049417496,0.144963607192039
266.169279903173,0,303.166130542755,0,2.06566214561462,0.369912981987,0,0,34.8921348750591,0,0,0,0,0,0,0,0,0,0,0,2.76299631595612,0,49.3841435015202,0,4.82332146167755,0,0,0,0,0,0,0,31.2519573569298,2.40182921290398,13.4788115173578,50.334712177515,59.249343007803,0,185.857591480017,11.0339840948582,225.521200351417,1.08306950330734,108.883611157537,0,0,57.528756737709,276.161009609699,2876.39375783503,0,1.33112375438213,1.63351881504059,0,0,0,87.5644721090794,0,10.3818764686584,1.91684140264988,0,0,46.4275473058224,0,0,30.1586625501513,0,44.3651732504368,0,43.8914089202881,0,6.08951200544834,0,15.830243870616,5.22988739609718,31.4340862482786,0,14.466954767704,7.84403884410858,152.584981024265,95.0516448244452,833.10710003227,0.642904743552208,422.3013593629,337.253949336708,0,790.297463037074,0,1.80375453829765
0,261.868999540806,0,59.5370246767998,0,0,0,0,0,14.3484608232975,0,0,0,0,0,0,2.53683276474476,0.441993534564972,189.298045173287,0,0,70.1451279520988,0,80.6647344827652,0,0,0,0,0,0,0,0,0,0,0,71.9670464396477,1.20535752177238,204.49532289803,0.337219923734665,2833.05963750929,2.00021034479141,1471.00438605249,96.5241525098681,50.3340569585562,0.265443533658981,255.842354096472,12.4230236038566,313.861870631576,1.33112375438213,0,0,0,0,0,0,21.706999823451,0,174.158985361457,0,0,0,5.93222618103027,20.9371139258146,5.61375370621681,183.029768437147,0,84.1758439689875,0,93.6862831711769,0,140.414332538843,0,210.182427480817,0.335577607154846,14.8305159583688,0,0,0,826.290320545435,27.7295574992895,370.09622246027,6.3802202641964,609.632127709687,0,1761.28985095769,76.8937421888113,0.971734523773193
0,0,59.8846180438995,0,420.594799458981,0,1,0,29.0468320846558,0,0,0,1.39515006542206,0,0,0,0,0,0,0,199.952323481441,0,0,0,0,0,0,0,0,0,0,0,0,0,0,0,6.89758521318436,0,0,0,5.45012167096138,0,0,0,0,0,3.0278155207634,0,1.63351881504059,0,0,0,2,0,74.6391179859638,0,41.8827018290758,0,17.2380098104477,0,84.8997136354446,0,0,167.367980077863,0,0,0,0,0,0,0,1.11450727283955,0,0.344464421272278,0,0,0,0,0,61.4532846361399,0,0,22.0862667262554,0,298.83291348815,0,0
0,19.0765985548496,0,181.7376486063,0,688.719965040684,0,95.0568395853043,0,86.3551997244358,0,0,0,32.2330414056778,0,8.73040199279785,0,0,0,0,0,0,0,0,0,0,0,0,0,0,0,0,0,0,0,0,0,0,0,0,0,0,0,0,0,0,0,0,0,0,0,0,0,48.3309509158134,0,5.2710117995739,0,164.921477198601,0,50.4250939190388,0,20.2860001921654,0,0,0,0,0,0,0,0,0,0,0,0,0,0,0,0,0,0,0,0,8.33990287780762,0,28.6718243658543,0,0
0,0,0,0,0,0,23.2732375860214,0,0,0,5.81802809238434,0,0,0,0,0,0,0,0,0,51.9070422649384,0,0,0,0,0,0,0,0,0,0,0,0,0,0,0,0,0,0,0,0,0,0,0,0,0,0,0,0,0,2,0,0,0,0,0,60.8031053543091,0,0,0,0,0,0,0,0,0,0,0,0,0,0,0,0,0,0,0,0,0,0,0.921887993812561,0,0,12.3713386356831,0,0.547387540340424,0,0
0,0,0,0,0,153.269436836243,0,378.612515032291,0,0,0,57.0544763803482,0,99.9651876688004,0,4.30671787261963,0,0,0,0,0,0,0,0,0,0,0,0,0,0,0,0,0,0,0,0,0,0,0,0,0,0,0,0,0,0,0,0,0,0,0,48.3309509158134,0,0,0,0,0,69.8187150657177,0,33.308699965477,0,0,0,0,0,0,0,0,0,0,0,0,0,0,0,0,0,0,0,0,0,0,150.869670391083,0,0,0,0
91.4742529094219,0,82.7459572851658,0,30.6902766823769,0,0,0,1925.70109967887,0,0,0,0,0,79.2470571994781,0,0,0,0,0,0,0,0,0,63.7064906358719,0,9.01777726411819,0,0,0,0,0,0,0,0,0,0,0,32.3819607496262,0,0.136994391679764,0,0.293476104736328,0,0,0,0,0,87.5644721090794,0,74.6391179859638,0,0,0,0,0,26.3453752696514,0,4.80344727635384,0,330.656005471945,0,0,0,0,0,0,450.598142817616,0,60.476474121213,0,0.526917576789856,0,0,0,0,0,0,0,0,0,79.5977446138859,91.8154419958591,0,120.758342295885,0,0
0,549.199572488666,0,10.6589644253254,0,1.79993054270744,0,0,0,845.826400786638,0,0,0,0,0,45.8707231879234,0,0,0,0,0,0,0,156.223993167281,0,0,0,0,0,0,0,0,0,0,0,0,0,15.2367259562016,0,0,0,0.412091881036758,0,0,0,0,0,0,0,21.706999823451,0,5.2710117995739,0,0,0,0,0,0,0,0,0,90.8041776120663,0,0,0,0,209.463059172034,0,0,0,0,0,0,0,0,0,0,0,0,0,41.902282088995,0,43.903995886445,0,25.2208516895771,0,0
0,0,56.2576524913311,0,51.4028944373131,0,0,0,2.70780864357948,0,847.225413322449,0,0,0,0.740733683109283,0,0,0,0.193452507257462,0,593.288579121232,0,0,0,0,0,0,0,0,0,105.948026046157,0,0,0,0,0,17.2602015137672,0,315.63380946219,0.16423787176609,2.66029840707779,0,10.9451768696308,0,0,0.128281891345978,24.8863204270601,0,10.3818764686584,0,41.8827018290758,0,60.8031053543091,0,26.3453752696514,0,0,0,51.5634459555149,0,38.9085871875286,0,0,1193.99459962547,0,0,0,0,0,0,0,188.792064860463,0,428.816904917359,0,0,0,0,0,30.3942226842046,0,160.146205216646,428.635446697474,0,519.813910737634,0,5.56750151515007
0,54.8289532661438,0,1.54911577701569,0,67.7251488119364,0,39.5994975864887,0,0,0,3215.09400872886,0,188.679294526577,0,0,0.751923859119415,0,7.66119210422039,23.547105461359,0,0.642334990203381,0,1.21726256608963,0,0,0,4,0,20.6438739299774,0,0,0,0,0,2.62516906112432,0,64.580464810133,0,17.8413492739201,0.878782689571381,139.939503237605,0.137297943234444,6.1670663356781,0,239.17323474586,0.718260988593102,1.11273726820946,1.91684140264988,174.158985361457,0,164.921477198601,0,69.8187150657177,0,0,0,0,0,109.477050811052,0,8.69312274456024,244.764540210366,0,8.28653790056705,0,0.562074184417725,0,19.7874900996685,0,106.823418751359,0,426.772633895278,0,0,0,0,0,16.6070182695985,3.26108264178038,24.3092901259661,0,41.0792782753706,0,472.486925259233,27.3035755157471,0
0,0,34.2355473041534,0,0,0,75.8235365152359,0,2.7128803730011,0,0,0,553.604837477207,0,182.624357879162,0,0,0,0,0,2.56826907396317,0,0,0,0,0,0,0,0,0,0,0,0,0,0,0,0,0,0,0,0.489419758319855,0,0,0,0,0,0,0,0,0,17.2380098104477,0,0,0,4.80344727635384,0,51.5634459555149,0,0,0,23.4059745371342,0,0,11.7905854284763,0,0,0,0,0,0,0,0,0,0,0,0,0,0,0,2.06388080120087,0,0,16.6472174823284,0,184.517949610949,0,0
0,6.09344959259033,0,44.5615907907486,0,66.9605893492699,0,19.4611341357231,0,0,0,3.97805392742157,0,605.10645544529,0,205.380828619003,0,0,0,0,0,0,0,0,0,0,0,0,0,0,0,0,0,0,0,0,0,0,0,0,0,0,0,0,0,0,0,0,0,0,0,50.4250939190388,0,33.308699965477,0,0,0,109.477050811052,0,0,0,12.2268897294998,0,0,0,0,0,0,0,0,47.4300512075424,0,0,0,0,0,0,0,0,0,0,0,121.613906025887,16.6070349216461,2.43447244167328,0,0
92.7550953924656,0,92.0782377719879,0,28.6553836762905,0,0,0,138.530543535948,0,0,0,0,0,129.262444317341,0,0,0,0,0,0,0,0,0,0,0,0,0,0,0,0,0,0,0,0,0,0,0,0,0,0,0,0,0,0,0,0,0,46.4275473058224,0,84.8997136354446,0,0,0,330.656005471945,0,38.9085871875286,0,23.4059745371342,0,0,0,0,0,0,0,0,0,0,0,0,29.5911326408386,0,0,0,0,0,0,0,0,0,0,4.05899798870087,0,57.3716759383678,0,0
0,30.6847013533115,0,23.3578802347183,0,0,0,0,0,80.301116168499,0,0,0,172.601189255714,0,139.655220985413,0,0,0,0,0,0,0,0,0,0,0,0,0,0,0,0,0,0,0,0,0,0,0,0,0,0,0,0,0,0,0,0,0,5.93222618103027,0,20.2860001921654,0,0,0,90.8041776120663,0,8.69312274456024,0,12.2268897294998,0,0,0,0,0,0,0,0,0,0,0,0,0,0,0,0,0,0,0,0,0,0,14.9171211719513,0,0,0,0
0,0,0,2.04670476913452,0,26.9977283775806,0,0,0,0,0,43.3745375871658,0,0,0,0,0,0,2.33967223018408,2736.85655035079,0,0,0,0,0,0,0,0,0,0,0,0,0,0,0,1403.24895460904,0,102.417831256986,0,315.499360248446,0,103.366604879498,1.81372891366482,0.480440586805344,0,1608.97086954862,0,0.548661291599274,0,20.9371139258146,0,0,0,0,0,0,0,244.764540210366,0,0,0,0,0,0,0.782840713858604,0,0,0,0.273742258548737,0,23.2111915946007,0,64.8230638504028,0,0,0,0,0,4925.48152917624,0.0791982039809227,138.130085155368,0,153.038204468787,0,895.65243974328,3.00508633255959,0
0,0,0,0,4.40847882628441,0,0,0,0,0,1.84676380455494,0,0,0,0,0,2.56381532549858,10.4521416425705,284.652709245682,0,1099.51868607104,0,0,0,0,0,0,0,0,0,0.699263870716095,0,0,0,0,2.46352490782738,1101.19460130483,0.406854540109634,307.344219759107,25.0274825394154,138.768132708967,17.7123297974467,907.61174082011,2.68139538913965,12.9508830010891,18.7798430100083,1700.30782720447,0,30.1586625501513,5.61375370621681,167.367980077863,0,0,0,0,0,1193.99459962547,0,11.7905854284763,0,0,0,0,0,0,0,0,0,0,0.339196056127548,0,258.936331637204,0.560344517230988,491.579177357256,0,0,0,0,27.220266751945,2244.14831600338,4.4571548178792,749.448680460453,132.764358513057,0,899.193931438029,0.242728859186172,13.4311305880547
0,0,0,0,0,0,0,0,0,0,0,0,0,0,0,0,0,3,0,0,0,6480.88083854318,0,60.3711671382189,0,26.7860207259655,0,0.36990749835968,0,0,0,0,0,0,0,0,0,183.910513967276,0,0,0,0,0,0,0,0,0,0,0,183.029768437147,0,0,0,0,0,0,0,8.28653790056705,0,0,0,0,0.782840713858604,0,0,0,377.514870420098,0,178.129577897489,0,919.20864058286,0,0.216279685497284,0,0,0,0,0,0,0,437.662064313889,0,210.022269517183,0,4.46674998104572,0,0
0,0,0,0,0,0,0,0,0,0,0,0,0,0,0,0,83.0361785292625,0,0,0,0,176.05062520504,7648.11469899863,0,96.5995550304651,0,90.5778343677521,0,34.5413904190063,0,0,0,0,0,0,0,0,0,420.774932533503,0,0,0,0,0,0,0,0,0.679144740104675,44.3651732504368,0,0,0,0,0,0,0,0,0,0,0,0,0,0,0,0,0,0,272.253638446331,0,572.608309820294,0,59.1565905809402,0,0,0,0,0,0,0,0,0,177.557930082083,252.299576431513,132.042270183563,19.017013669014,0,0
0,5.97301971912384,0,0,0,0,0,0,0,125.89637324214,0,0,0,0,0,0,0,0,0,0,0,324.514526844025,0,985.044191598892,0,1,0,0,0,0,0,0,0,0,0,0,0,142.776745021343,0,0,0,1.61138081550598,0,0,0,0,0,0,0,84.1758439689875,0,0,0,0,0,209.463059172034,0,0.562074184417725,0,0,0,0,0,0,377.514870420098,0,0,0,12.875983864069,0,5.83338043093681,0,0,0,0,0,0,0,0,0,373.958601295948,0,137.536082357168,0,184.087937518954,0,0
3.13556179404259,0,0,0,0,0,0,0,144.738676294684,0,0,0,0,0,0,0,0,0,0,0,0,0,213.062938526273,0,830.734069392085,0,131.885743439198,0,0,0,0,0,0,0,0,0,0,0,461.217219024897,0,0,0,0,0,0,0,0,0,43.8914089202881,0,0,0,0,0,450.598142817616,0,0,0,0,0,0,0,0,0,0,272.253638446331,0,0,0,365.560741409659,0,8.44201962649822,0,0,0,0,0,0,0,0,0,747.468956023455,44.0762815177441,0,309.544539898634,0,0
0,0,0,0,0,0,0,0,0,0,0,0,0,0,0,0,0,6.53031575679779,0,0,0,182.219553053379,0,60.7830879092216,0,514.063650816679,0,14.1808418929577,0,0,0,0,0,0,0,0,0,0.519167482852936,0,0,0,0,0,0,0,0,0,0,0,93.6862831711769,0,0,0,0,0,0,0,19.7874900996685,0,0,0,0,0.273742258548737,0,178.129577897489,0,12.875983864069,0,0,0,26.9074195027351,0,0,0,0,0,0,0,0,0,0,0,118.663055598736,2.49328619241714,10.9504688084126,0,0
1.31360280513763,0,0,0,0,0,0,0,1.88965934514999,0,0,0,0,0,0,0,0,0,0,0,0,0,73.5143844038248,0,281.05834120512,0,179.05606508255,0,3,0,0,0,0,0,0,0,0,0,0,0,0,0,0,0,0,0,0,0,6.08951200544834,0,0,0,0,0,60.476474121213,0,0,0,0,0,0,0,0,0.339196056127548,0,572.608309820294,0,365.560741409659,0,0,0,297.726630732417,0,0,0,0,0,0,0,0,0,0,35.0185194015503,0,3.21646770834923,0,0
0,0,0,0,0,0.202075317502022,0,0,0,0,0,0,0,2.67711448669434,0,0,0,0,0.388841271400452,0,0,92.4195496141911,0,3.70121914148331,0,37.9544086456299,0,563.550230562687,0,3.86896681785583,0,0,0,0,0,0,0,0,0,1.57642790675163,0,10.9876542985439,0,0,0,7.07332193851471,0,0.221126452088356,0,140.414332538843,0,0,0,0,0,0,0,106.823418751359,0,47.4300512075424,0,0,23.2111915946007,0,919.20864058286,0,5.83338043093681,0,26.9074195027351,0,0,0,64.4750955104828,0,0,0,0,0,0.768629714846611,0,0.903779596090317,0,1.046331346035,0,183.726157277822,0,0
0,0,1.25148442387581,0,4.74192062020302,0,0,0,1.76822927594185,0,0,0,0,0,0,0,0.422825634479523,0,3.53108986467123,0,14.884703412652,0,2.47684648633003,0,0,0,0,0,351.275667786598,0,350.111107081175,0,0,0,0,0,17.1553403139114,0,0,1.95381347835064,13.2478528618813,0.152300417423248,352.451073154807,0,0,0.599001154303551,60.5422809422016,0,15.830243870616,0,1.11450727283955,0,0,0,0.526917576789856,0,188.792064860463,0,0,0,29.5911326408386,0,0,258.936331637204,0,59.1565905809402,0,8.44201962649822,0,297.726630732417,0,0,0,551.121811673045,0,0,0,0,0.293187782168388,26.6878398954868,0.283167243003845,102.869079582393,21.2438630834222,0,671.01442605257,0,185.861925177276
0,0,0,0,0,1.29377280175686,0,0,0,0,0,88.7232331931591,0,0,0,0,0.996340334415436,0,39.0682552307844,51.6770882308483,0,0,0,0.226751506328583,0,0,0,15.9011066555977,0,616.382079273462,0,0,0,0,0,9.24366201460361,0.131393879652023,53.8521182239056,0,87.0948282703757,0.649780213832855,1232.11420987546,5.59278868883848,64.8634659200907,0,856.580487184227,2.67511478811502,4.73162987828255,5.22988739609718,210.182427480817,0,0,0,0,0,0,0,426.772633895278,0,0,0,0,64.8230638504028,0.560344517230988,0.216279685497284,0,0,0,0,0,64.4750955104828,0,0,0,0.488703265786171,0,0,0,62.6156746447086,5.95219133794308,1189.94259530306,1.7674842774868,16.3702530562878,0,952.21643550694,367.068020164967,0
0,0,3.86663120985031,0,4.20419663190842,0,0,0,0.593029022216797,0,1.70236325263977,0,0,0,0,0,4.14534595608711,1.54047165811062,77.9990360736847,0,84.4779279455543,0,0,0,0,0,0,0,0,0,230.108565017581,0,0,0,0,0.49199865758419,53.8088427633047,0,470.74041198194,12.7656336799264,31.9179586321115,4.77176558971405,598.963559612632,0.770536601543427,0.197514101862907,3.80283973366022,369.97478826344,0,31.4340862482786,0.335577607154846,0.344464421272278,0,0,0,0,0,428.816904917359,0,0,0,0,0,0,491.579177357256,0,0,0,0,0,0,0,551.121811673045,0,0,0,0,0,0,6.22897097468376,176.602249279618,0.266112819314003,911.760473817587,76.1667872071266,0,1390.93273389339,0,306.169216275215
0,0,0,0,0,0,0,0,0,0,0,0,0,0,0,0,0,0,0,0,0,0,0,0,0,0,0,0,0,0,0,406.023324936628,4.81506836414337,5.86371511220932,0,196.444829240441,0,0,0,0.619133122265339,0,2.29503783583641,0.299559399485588,0.535908252000809,0,4.9796107262373,0,807.034395419061,0,14.8305159583688,0,0,0,0,0,0,0,0,0,0,0,0,0,0,0,0,0,0,0,0,0,0,0.488703265786171,0,0,0,8.59750699996948,0,180.849550664425,0,0.0801321715116501,0,561.384949266911,0,0.818171210587025,0.205385312438011,0
0,0,0,0,0,0,0,0,0,0,0,0,0,0,0,0,0,0,0,0,0,0,0,0,0,0,0,0,0,0,0,212.341908574104,1500.71347105503,0,56.2217519879341,0,306.305012702942,0,0,0,0,0,0,0,0,0,0,305.546643450856,14.466954767704,0,0,0,0,0,0,0,0,0,0,0,0,0,0,0,0,0,0,0,0,0,0,0,0,0,0,0,0,343.884088665247,0,1153.51224771142,0,0,327.41421443224,0,0,0,0
0,0,0,0,0,0,0,0,0,0,0,0,0,0,0,0,0,0,0,0,0,0,0,0,0,0,0,0,0,0,0,59.7751230895519,0,1067.4910351932,30.0106882452965,1264.10917857289,0,82.8408675789833,0,0,0,0,0,0,0,0,0,502.583771705627,7.84403884410858,0,0,0,0,0,0,0,0,0,0,0,0,0,0,0,0,0,0,0,0,0,0,0,0,0,8.59750699996948,0,0,0.438509523868561,44.0129611566663,0,368.453303724527,0,572.164051994681,0,0,0,0
0,0,0,0,0,0,0,0,0,0,0,0,0,0,0,0,0,0,0,0,0,0,0,0,0,0,0,0,0,0,0,0,40.0888213217258,134.969778001308,1324.89824867249,0,54.8008700609207,0,66.121104106307,0,0,0,0,0,0,0,0,553.464390844107,152.584981024265,0,0,0,0,0,0,0,0,0,0,0,0,0,0,0,0,0,0,0,0,0,0,0,0,0,0,343.884088665247,0.438509523868561,0,0,768.666910506785,0,389.744805380702,94.4098573923111,0,0,0,0
0,0,0,0.349676340818405,0,75.7298003137112,0,0,0,0,0,162.5652269274,0,0,0,0,30.7982385754585,18.3549311757088,1059.81182324886,953.043194696307,0,0,0,0,0,0,0,0,0,0,0,558.187845431268,0,433.366237282753,0,25397.7359408252,48.0727939009666,1707.34503823519,6.55590865015984,2012.50244273245,18.4937126040459,1752.61138797551,345.888268336654,1181.23743177205,2.72389656305313,4240.53618770838,58.3366181924939,1217.55621925741,95.0516448244452,826.290320545435,0,0,0,0,0,0,0,16.6070182695985,0,0,0,0,4925.48152917624,27.220266751945,0,0,0,0,0,0,0.768629714846611,0.293187782168388,62.6156746447086,6.22897097468376,180.849550664425,0,44.0129611566663,0,0,197.862493045628,1269.80235060304,70.6627816408873,2599.82749202847,34.072006881237,2885.6562981382,19.8775900900364,11.6075000911951
0,0,0.410455644130707,0,0.300460577011108,0,0,0,0,0,0,0,0,0,0,1.21675646305084,51.6488254740834,77.7934645265341,1524.19223497063,0,537.825284071267,0,0,0,0,0,0,0,0,0,0,2.36263489723206,1195.82747799158,0,1143.92739863694,22.2606055513024,16860.2506982833,1.75848099589348,926.837865665555,171.597726158798,624.256123542786,143.340819351375,2252.6814597249,14.5069074481726,50.2366479709744,82.336437009275,2452.78859389573,1245.51519855857,833.10710003227,27.7295574992895,61.4532846361399,0,0.921887993812561,0,0,0,30.3942226842046,3.26108264178038,2.06388080120087,0,0,0,0.0791982039809227,2244.14831600338,0,0,0,0,0,0,0,26.6878398954868,5.95219133794308,176.602249279618,0,1153.51224771142,0,768.666910506785,197.862493045628,0,30.4093463867903,3233.41747362167,1593.61394786835,453.080522716045,1540.55562379211,1.29656770825386,135.086985699832
0,0,0,0,0,0,0,0,0,25.8886097222567,0,385.774127572775,0,0,0,0,7.67659458518028,3.77282543480396,274.851118631661,208.567408502102,0,343.238241136074,0,134.240462765098,0,0,0,0,0,32.831553965807,0,0,0,0,0,353.596295259893,7.19439882040024,10198.8392168581,0.466879278421402,191.676680542529,4.06285434961319,877.282884791493,46.8583043217659,243.717824205756,0.772313833236694,892.306831292808,5.37593426555395,3.11489835381508,0.642904743552208,370.09622246027,0,0,0,0,0,41.902282088995,0,24.3092901259661,0,0,0,0,138.130085155368,4.4571548178792,437.662064313889,0,373.958601295948,0,0,0,0.903779596090317,0.283167243003845,1189.94259530306,0.266112819314003,0.0801321715116501,0,368.453303724527,0,1269.80235060304,30.4093463867903,0,10.6777112409472,834.735531374812,39.1045633256435,967.548373319209,182.205051869154,2.5452792942524
