0,0,0.212909587368529,0,0,0,0,0,0.177600218730289,0,0,0,0,0,0.193855543931325,0,0.297015824488231,0,0.268719957940441,0,0,0,0,0,0.270347326993942,0,0,0,0,0,0,0,0,0,0,0,0,0,0.254821687936783,0,0.386315435171127,0,0.327783406166469,0,0.352214972178141,0.334183946251869,0.324555158615112,0.263448059558868,0.230185199905986,0,0.218489761153857,0,0,0,0.146848542732187,0,0.334009396533171,0,0.35479757686456,0,0.196460458285668,0,0,0.40870329279166,0,0,0,0,0,0,0,0.311492443084717,0,0.382849544286728,0,0,0,0,0.32122939825058,0.385191030800343,0,0,0.310240035145981,0.341143436729908,0.295121532453354,0,0.292602876201272
0,0,0,0.178859816297241,0,0,0,0,0,0.159204953627006,0,0,0,0,0,0,0,0,0.275407140381145,0,0,0,0,0,0,0,0,0,0,0,0,0,0,0,0,0,0,0.290654838085175,0,0.391345951557159,0,0.283296345639481,0,0.411433011293411,0,0.330992663279176,0,0.346704363822937,0,0.195582085754722,0,0,0,0,0,0.206903513603333,0,0.366636497633798,0,0,0,0.187735520303249,0.345969885587692,0,0,0,0.226809084415436,0,0,0,0,0,0.380050003528595,0,0,0,0,0,0.37083535194397,0,0.43886332710584,0,0.186549024137317,0.152100643941334,0.222569297126901,0.32426090944897,0
0.212909587368529,0,0,0.272429868578911,0.189368475744787,0,0,0,0.149624336096976,0,0,0,0,0,0.277056127786636,0,0,0,0.281500766674678,0,0,0,0,0,0,0,0,0,0,0,0,0,0,0,0,0,0.240888357162476,0,0,0.261621445417404,0.230449490745862,0.292450577020645,0.328334949216862,0,0.294298656284809,0.285905288159847,0.276346259646946,0.250364648444312,0.259338841519573,0,0.236994869912727,0,0,0,0.188920837170199,0,0.295725658208459,0,0.303822207721797,0,0.242656081650227,0,0.289024204015732,0.272215187549591,0,0,0,0,0,0,0,0,0,0.309633016586304,0,0,0,0,0.247612684965134,0.321345955133438,0,0,0.250211614171664,0.280695233080122,0.278583516282488,0,0.287574501832326
0,0.178859816297241,0.272429868578911,0,0,0.165776714632742,0,0,0,0.135929746472317,0,0,0,0,0,0,0.261975963910421,0.280655741691589,0.283618084021977,0,0,0,0,0,0,0,0,0,0,0,0,0,0,0,0,0.270459850629171,0.253511011600494,0.236755626542228,0,0.262975525856018,0,0.306709072161043,0.257867187261581,0.310448829616819,0,0.278520922870078,0.265905413776636,0.262482710182667,0.326243102550507,0.271098309755325,0,0.242417142071106,0,0,0,0.151432817495322,0.30476467524256,0.302773304487744,0,0.285497717062632,0,0.248910737476608,0.240190887335435,0.309153825044632,0,0,0,0,0,0,0,0,0.321464853095157,0,0,0,0,0,0.250361002981663,0.276102334260941,0.288898780941963,0,0.250983952015054,0.224605079740286,0.284791919215097,0.28576079927958,0.289316743612289
0,0,0.189368475744787,0,0,0,0.206977629853833,0,0.174718739828844,0,0,0,0,0,0,0,0,0,0.259718835353851,0,0.148188626766205,0,0,0,0,0,0,0,0,0,0,0,0,0,0,0,0.239843454957008,0,0,0,0.23253957927227,0,0.27296686321497,0,0,0.244189221411943,0.232470694184303,0.226412251591682,0.228782561090257,0,0.201676555614376,0,0,0,0.208037113149961,0,0.269004703327349,0,0.259631921762022,0,0.220075922211011,0,0,0.304600265893069,0,0,0,0,0,0,0,0,0,0,0,0,0,0,0,0.302944473028183,0,0,0.19342282126573,0.21623796167282,0.255344117389006,0,0.262814482053121
0,0,0,0.165776714632742,0,0,0,0.193149750431379,0,0.139639280037954,0,0,0,0,0,0,0,0.244152024388313,0,0.183825475902393,0,0,0,0,0,0,0,0,0,0,0,0,0,0,0,0,0,0.231928944587708,0,0.303212096293767,0,0.287036938511807,0,0,0,0.257161418596904,0,0,0,0.212410405278206,0,0.242950900921708,0,0.162289099974765,0,0.129682838916779,0,0.280135013682898,0,0.288556807570987,0,0.208700445791086,0.182238444399375,0.306743323802948,0,0,0,0,0,0,0,0,0.31400205059485,0,0,0,0,0,0.296504045171397,0,0,0,0.190614301953795,0.251082536421324,0.227672564342987,0.280005663633347,0
0,0,0,0,0.206977629853833,0,0,0,0,0,0,0,0,0,0,0,0,0,0,0,0.122761703741092,0,0,0,0,0,0,0,0,0,0,0,0,0,0,0,0,0,0,0,0,0,0,0,0,0,0,0,0,0,0.217051529222065,0,0.187272158615729,0,0,0,0.208008483117324,0,0.206821590662003,0,0,0,0,0,0,0,0,0,0,0,0,0,0,0,0,0,0,0,0,0,0,0,0.179956138134003,0,0,0,0
0,0,0,0,0,0.193149750431379,0,0,0,0,0,0,0,0.181389377875762,0,0,0,0,0,0,0,0,0,0,0,0,0,0,0,0,0,0,0,0,0,0,0,0,0,0,0,0,0,0,0,0,0,0,0,0,0,0.207183357376557,0,0.183721930045506,0,0,0,0.237552732172574,0,0.177177527156032,0,0,0.264478171413595,0,0,0,0,0,0,0,0,0,0,0,0,0,0,0,0.284098207950592,0,0,0,0.164497478588207,0,0.227595537900925,0,0
0.177600218730289,0,0.149624336096976,0,0.174718739828844,0,0,0,0,0,0,0,0,0,0.196189347917436,0,0.200854879444238,0.190235927700996,0.269168856243293,0,0,0.1504807472229,0,0,0.212081368322726,0,0.176898181789062,0,0,0,0,0,0,0,0,0,0,0,0.308324128389359,0,0,0,0.257220977745905,0,0.339992880821228,0.268026165664196,0.248897880315781,0,0.203806769429592,0,0.208951601210762,0,0,0,0.210451949688649,0,0.243345983326435,0,0.360029071569443,0,0.219303766614422,0,0,0.296523857116699,0,0,0,0,0,0.169102351367474,0,0,0,0.283634185791016,0,0,0,0,0,0.287271777788798,0,0.237774978081385,0.205107656346971,0.22136860092481,0.233879960151677,0,0.248138150572777
0,0.159204953627006,0,0.135929746472317,0,0.139639280037954,0,0,0,0,0,0,0,0,0,0.204221032614655,0,0.185711532831192,0.256746977567673,0,0,0,0,0.169190027392828,0,0,0,0,0,0,0,0,0,0,0,0,0,0.175946814756767,0,0,0,0.245687335428565,0,0,0,0.297088426848253,0,0.322001785039902,0,0.181058598309755,0,0,0,0,0,0.221688254027465,0,0.274638950824738,0,0,0,0.209096125685252,0.280129998922348,0,0,0,0.183429053425789,0,0,0,0,0,0.312563399473826,0,0,0,0.264023303985596,0,0.339610576629639,0,0.210467436040441,0,0.171573324956828,0.186091999212901,0.181808021837387,0,0
0,0,0,0,0,0,0,0,0,0,0,0,0.144626033577052,0,0,0,0,0,0,0,0.113248432801746,0,0,0,0,0,0,0,0,0,0.200479169858572,0,0,0,0,0,0.150253838506238,0,0.136084779653301,0,0,0,0,0,0,0,0,0,0,0,0,0,0.139894733826319,0,0,0,0.211788765625215,0,0.13784426572648,0,0,0,0,0.118922407738864,0,0,0,0,0,0,0,0,0,0.175131164883312,0,0,0,0,0,0.223423957824707,0,0.143156115993761,0.202484804660223,0,0,0,0
0,0,0,0,0,0,0,0,0,0,0,0,0,0.126960380002856,0,0,0,0,0,0.138336173858416,0,0,0,0,0,0,0,0.16640904545784,0,0,0,0,0,0,0,0,0,0.138792827361968,0,0,0,0,0,0,0,0,0,0,0,0,0,0.295872500538826,0,0.174707885831594,0,0,0,0.202790286449624,0,0.129392448398802,0,0,0.152899705608126,0,0,0,0,0,0,0,0.177546800902257,0,0,0,0,0,0,0,0,0,0.166698926128447,0,0.113171221040513,0,0.204982577264309,0,0
0,0,0,0,0,0,0,0,0,0,0.144626033577052,0,0,0,0.237444392508931,0,0,0,0,0,0,0,0,0,0,0,0,0,0.190785153706868,0,0,0,0,0,0,0,0,0,0,0,0,0,0,0,0,0,0,0,0.280580163002014,0,0.225414082407951,0,0,0,0,0,0,0,0.212134075187545,0,0.238801819086075,0,0,0,0,0,0,0,0,0,0,0,0,0,0,0,0,0,0,0,0,0,0.139598369598389,0,0,0,0
0,0,0,0,0,0,0,0.181389377875762,0,0,0,0.126960380002856,0,0,0,0,0,0,0,0,0,0,0,0,0,0,0,0,0,0,0,0,0,0,0,0,0,0,0,0,0,0,0,0,0,0,0,0,0,0,0,0,0,0,0,0,0,0.142709349095821,0,0.196956674439194,0,0.170995146967471,0,0,0,0,0,0,0,0,0,0,0,0,0,0,0,0,0,0,0,0,0.191517366539864,0,0,0,0
0.193855543931325,0,0.277056127786636,0,0,0,0,0,0.196189347917436,0,0,0,0.237444392508931,0,0,0,0,0,0,0,0,0,0,0,0,0,0,0,0,0,0,0,0,0,0,0,0,0,0,0,0,0,0,0,0,0,0,0,0.173431500792503,0,0.217200024561449,0,0,0,0.201151133320489,0,0,0,0.275881032250365,0,0.206439754680583,0,0,0,0,0,0,0,0,0,0,0,0,0,0,0,0,0,0,0,0,0,0.179146938957274,0.269409693224691,0.245778113603592,0,0
0,0,0,0,0,0,0,0,0,0.204221032614655,0,0,0,0,0,0,0,0,0,0,0,0,0,0,0,0,0,0,0,0,0,0,0,0,0,0,0,0,0,0,0,0,0,0,0,0,0,0,0,0,0,0.221318568695675,0,0,0,0.268629815494805,0,0,0,0,0,0.203852412016953,0,0,0,0,0,0,0,0,0,0,0,0,0,0,0,0,0,0,0,0,0.152474719015035,0.15510380640626,0,0,0
0.297015824488231,0,0,0.261975963910421,0,0,0,0,0.200854879444238,0,0,0,0,0,0,0,0,0.178011138182087,0.295338530212478,0,0.310263216495514,0.156709273774472,0.150383934811797,0,0.207704275846481,0.200672574341297,0.13222752501295,0,0,0,0,0,0,0,0,0,0.322407588362694,0,0,0.310573583695947,0.334485314289729,0.288493462952605,0.278034064672925,0.255291794908458,0.270171346234494,0.278771348820444,0.291549215430584,0.323081433773041,0.381597921252251,0,0,0,0,0,0.215117928385735,0,0.317664875225587,0.317539811134338,0,0,0,0,0.253662216166655,0.339187866997445,0,0,0,0,0,0,0,0,0.316601276397705,0,0,0,0,0,0.33412325810427,0.33932625919908,0.328415706753731,0.420770920813084,0.229740980077627,0.156245157747836,0.339564836655993,0.268118484905272,0.265747178583703
0,0,0,0.280655741691589,0,0.244152024388313,0,0,0.190235927700996,0.185711532831192,0,0,0,0,0,0,0.178011138182087,0,0.26056470734811,0,0,0.146890496255196,0.16726179420948,0.179491682953778,0.172460608184338,0.158689847895328,0.14148686081171,0,0,0,0,0,0,0,0,0,0.343533203005791,0,0,0.300622940650136,0.304556732928311,0.281413242904418,0.25429014594127,0.266211970106644,0.244929496537555,0.272559659320048,0.270804931494323,0.285610757768154,0.331019431352615,0.271203473210335,0,0,0,0,0,0.146506860852242,0.295890673995018,0.280665889382362,0,0,0,0,0.271523390303959,0.300961621105671,0,0,0,0,0.167721904814243,0,0,0,0.309813193976879,0,0,0,0,0,0.317373123315592,0.321329643535945,0.349284008145332,0.34970523416996,0.217146331703471,0.166707530476901,0.297640666785374,0.268395388971514,0.245846326152484
0.268719957940441,0.275407140381145,0.281500766674678,0.283618084021977,0.259718835353851,0,0,0,0.269168856243293,0.256746977567673,0,0,0,0,0,0,0.295338530212478,0.26056470734811,0,0,0.382722403321947,0.23100894358423,0,0,0.269933998584747,0,0,0,0,0,0,0,0,0,0,0.344237446784973,0.374050666888555,0,0,0.348726660607462,0.380217390285956,0.29069629166191,0.222606987045689,0.259343681124489,0.246911331147387,0.308100971525177,0.323549721135554,0.347795639719282,0.364129434390502,0.272274846831958,0.266904473304749,0,0,0,0,0.280052423477173,0.339223852663329,0.357513859547595,0,0,0.248245760798454,0,0.283478800739561,0.357948520407081,0,0,0,0,0,0,0,0,0.373978215981932,0.345837712287903,0,0,0,0,0.372829403716641,0.382267635953854,0.39959804713726,0.451017717520396,0.245864534802534,0.251716182863011,0.350911345170016,0.269319924278873,0.24157929336125
0,0,0,0,0,0.183825475902393,0,0,0,0,0,0.138336173858416,0,0,0,0,0,0,0,0,0,0,0,0,0,0,0,0,0,0,0,0,0,0,0,0.162958093079293,0,0.158364792518756,0,0,0,0,0,0,0,0.251742444932461,0,0,0,0,0,0,0,0,0,0,0,0.152829048037529,0,0,0,0,0.183380195062104,0,0,0,0,0,0,0,0,0,0,0,0,0,0,0,0.232044673439813,0,0,0,0.186089320675186,0.2243472919192,0.206730002996983,0,0
0,0,0,0,0.148188626766205,0,0.122761703741092,0,0,0,0.113248432801746,0,0,0,0,0,0.310263216495514,0,0.382722403321947,0,0,0,0,0,0,0,0,0,0,0,0,0,0,0,0,0,0.199597300830224,0,0.151801073856382,0,0,0,0.36200775206089,0,0.396300613880157,0,0.273408104665577,0,0,0,0.221534192562103,0,0.109127884730697,0,0,0,0.1479848284613,0,0,0,0,0,0,0.229373245478465,0,0,0,0,0,0,0,0,0,0.260688450932503,0,0,0,0,0,0.240265503135736,0,0.159637348583111,0.164711011797702,0,0.242655071829047,0,0
0,0,0,0,0,0,0,0,0.1504807472229,0,0,0,0,0,0,0,0.156709273774472,0.146890496255196,0.23100894358423,0,0,0,0.0885293824892295,0.137358641872803,0,0.16299632564187,0,0.125013776123524,0,0,0,0,0,0,0,0,0,0.172774425908169,0.111189747022258,0,0,0,0,0,0,0,0.201951444149017,0.332017295062542,0,0.249435471104724,0,0,0,0,0,0,0,0,0,0,0,0,0,0,0.186942484330012,0.0877186879515648,0.169688249723269,0,0.228265597914042,0,0.165167406201363,0,0,0,0,0,0.24476084113121,0,0,0,0.220649477787489,0.113714664110116,0.132142686274799,0.138871125833333,0.312956184148788,0,0
0,0,0,0,0,0,0,0,0,0,0,0,0,0,0,0,0.150383934811797,0.16726179420948,0,0,0,0.0885293824892295,0,0,0.145790883857343,0,0.203107123312197,0,0.145023203290561,0,0,0,0,0,0,0,0,0,0.207699883568581,0,0,0,0,0,0,0,0,0,0.316369862919268,0,0,0,0,0,0,0,0,0,0,0,0,0,0,0,0.133846268057823,0.19048225755165,0,0.148550824537164,0,0.248772505162792,0,0.146498484046836,0,0,0,0,0,0,0,0,0,0.29215070994004,0.111326865251026,0,0.346568942070007,0,0
0,0,0,0,0,0,0,0,0,0.169190027392828,0,0,0,0,0,0,0,0.179491682953778,0,0,0,0.137358641872803,0,0,0,0.206753809005022,0,0,0,0,0,0,0,0.32660037279129,0,0,0,0.175143939704437,0,0,0,0.139961436390877,0,0,0,0,0,0.317878261208534,0,0.242260249952475,0,0,0,0,0,0.221507460452043,0,0.378883332014084,0,0.338440999388695,0,0.337741047143936,0,0,0.17484642023573,0,0.186249147090956,0,0.233062055607637,0,0.326109737157822,0,0,0,0,0,0.267340490221977,0,0,0,0.225517612920013,0,0.137016386404389,0.0955724865198135,0.177352394539494,0,0
0.270347326993942,0,0,0,0,0,0,0,0.212081368322726,0,0,0,0,0,0,0,0.207704275846481,0.172460608184338,0.269933998584747,0,0,0,0.145790883857343,0,0,0,0.139723899242069,0,0,0,0,0,0,0,0,0,0,0,0.162719337388556,0,0,0,0,0,0,0,0,0,0,0,0,0,0,0,0.249131986058798,0,0,0,0,0,0,0,0,0,0,0.141483399271965,0,0.206361004320091,0,0.212357259800901,0,0,0,0.336923956871033,0,0,0,0.25217068195343,0,0,0,0.247690361494628,0.162100660530004,0,0.135776970093533,0,0
0,0,0,0,0,0,0,0,0,0,0,0,0,0,0,0,0.200672574341297,0.158689847895328,0,0,0,0.16299632564187,0,0.206753809005022,0,0,0,0,0,0,0,0,0,0,0,0,0,0,0,0,0,0,0,0,0,0,0,0,0,0,0,0,0,0,0,0.196098141372204,0,0,0,0,0,0.179657114297152,0,0,0.205465056640761,0,0.222508072853088,0,0.242757046480238,0,0.215039068460464,0,0,0,0,0,0,0,0,0,0,0,0.182799115777016,0,0,0,0
0,0,0,0,0,0,0,0,0.176898181789062,0,0,0,0,0,0,0,0.13222752501295,0.14148686081171,0,0,0,0,0.203107123312197,0,0.139723899242069,0,0,0,0.208203782038442,0,0,0,0,0,0,0,0,0,0,0,0,0,0,0,0,0,0,0,0,0,0,0,0,0,0.247173942625523,0,0,0,0,0,0,0,0,0,0,0.193701585324911,0,0.226846973810877,0,0.222257021664573,0,0.203940694982355,0,0,0,0,0,0,0,0,0,0,0.130558418730895,0,0,0,0
0,0,0,0,0,0,0,0,0,0,0,0.16640904545784,0,0,0,0,0,0,0,0,0,0.125013776123524,0,0,0,0,0,0,0,0,0,0,0,0,0,0,0,0.152936558425426,0,0,0,0,0,0,0,0,0,0,0,0,0,0,0,0,0,0,0,0,0,0.165898559615016,0,0.17480137248834,0,0,0.185432404279709,0,0,0,0.139505915343761,0,0.177083935408757,0,0,0,0,0,0,0,0,0,0,0,0.145508931949735,0,0,0,0
0,0,0,0,0,0,0,0,0,0,0,0,0.190785153706868,0,0,0,0,0,0,0,0,0,0.145023203290561,0,0,0,0.208203782038442,0,0,0,0.216403478384018,0,0,0,0,0,0,0,0.132675239589156,0,0,0,0,0,0,0,0,0,0,0,0,0,0,0,0,0,0,0,0,0,0,0,0,0,0,0.229271034789937,0,0,0,0.238930404624518,0,0.197777498240518,0,0.231121039390564,0,0,0,0,0,0,0,0.149574682116508,0.160045269426409,0,0,0,0
0,0,0,0,0,0,0,0,0,0,0,0,0,0,0,0,0,0,0,0,0,0,0,0,0,0,0,0,0,0,0,0,0,0,0,0,0,0.17213195450604,0,0,0,0,0,0,0,0,0,0,0,0,0,0,0,0,0,0,0,0,0,0,0,0,0,0,0,0,0,0,0,0,0,0,0.202246031022235,0,0,0,0,0,0,0,0.211013704538345,0,0,0,0,0,0
0,0,0,0,0,0,0,0,0,0,0.200479169858572,0,0,0,0,0,0,0,0,0,0,0,0,0,0,0,0,0,0.216403478384018,0,0,0,0,0,0,0,0,0,0.162534184346441,0,0,0,0,0,0,0,0,0,0,0,0,0,0,0,0,0,0.245367520937213,0,0,0,0,0,0,0,0,0,0,0,0,0,0,0.210377436677615,0,0.239392296145748,0,0,0,0,0,0,0,0.231463541587194,0.141949156920115,0.153837129473686,0,0,0
0,0,0,0,0,0,0,0,0,0,0,0,0,0,0,0,0,0,0,0,0,0,0,0,0,0,0,0,0,0,0,0,0.174782260468132,0.249726726207882,0,0.232671426832676,0,0,0,0,0,0,0,0,0,0,0,0.440851383025439,0.522295445203781,0.548835456371307,0,0,0,0,0,0,0,0,0,0,0,0,0,0,0,0,0,0,0,0,0,0,0,0,0.257557736393902,0.311440825462341,0.266669377036717,0,0.252573738860733,0,0,0,0.174309183955193,0.327674984931946,0,0,0
0,0,0,0,0,0,0,0,0,0,0,0,0,0,0,0,0,0,0,0,0,0,0,0,0,0,0,0,0,0,0,0.174782260468132,0,0,0.263656051035954,0.179438824263903,0.195355409224119,0,0,0,0,0,0,0,0,0,0,0.270876639144893,0.426185637712479,0,0,0,0,0,0,0,0,0,0,0,0,0,0,0,0,0,0,0,0,0,0,0,0,0,0,0.212643152307719,0,0.268112447112799,0,0.317545540409513,0,0,0.211740409955382,0,0,0,0
0,0,0,0,0,0,0,0,0,0,0,0,0,0,0,0,0,0,0,0,0,0,0,0.32660037279129,0,0,0,0,0,0,0,0.249726726207882,0,0,0.203479179181159,0.14813935909571,0,0.307360891039882,0.224888727068901,0,0,0,0,0,0,0,0,0.315423786556453,0,0.405014485120773,0,0,0,0,0,0,0,0,0,0,0,0,0,0,0,0,0.31265250486987,0,0,0,0,0,0,0,0.276191594459141,0,0.251385134029308,0.176957213351708,0.244279874488711,0,0.376196331633867,0,0.176218018845747,0,0,0,0
0,0,0,0,0,0,0,0,0,0,0,0,0,0,0,0,0,0,0,0,0,0,0,0,0,0,0,0,0,0,0,0,0.263656051035954,0.203479179181159,0,0,0.165207138216054,0.337053850293159,0.229614003346517,0,0,0,0,0,0,0,0,0.360311069328935,0.284048736095428,0,0,0,0,0,0,0,0,0,0,0,0,0,0,0,0,0,0,0.260217527548472,0,0,0,0,0,0,0,0.327343795448542,0.189780479243823,0.194506464064562,0,0.244276980310678,0.398968802257018,0.288504958152771,0.246812651554743,0.299192905426025,0,0,0
0,0,0,0.270459850629171,0,0,0,0,0,0,0,0,0,0,0,0,0,0,0.344237446784973,0.162958093079293,0,0,0,0,0,0,0,0,0,0,0,0.232671426832676,0.179438824263903,0.14813935909571,0,0,0.163281609450119,0.152013357644437,0,0,0,0,0,0.349125921726227,0,0.220205607158797,0,0.750943229651787,0,0.205412983894348,0,0,0,0,0,0,0,0,0,0,0,0,0.187428352231972,0,0,0,0,0,0,0,0,0,0,0,0.194619538969007,0,0.134404323732152,0,0.22846528086697,0.178620965650945,0.214855148558106,0,0.174447140582772,0.263621001546063,0.237615967322798,0,0
0,0,0.240888357162476,0.253511011600494,0.239843454957008,0,0,0,0,0,0.150253838506238,0,0,0,0,0,0.322407588362694,0.343533203005791,0.374050666888555,0,0.199597300830224,0,0,0,0,0,0,0,0,0,0,0,0.195355409224119,0,0.165207138216054,0.163281609450119,0,0,0.157385026502462,0.409799605607986,0.187975132290055,0,0.306349962949753,0,0.389205652475357,0.351338103413582,0.286218960010088,0.354546734690666,0.243838587687129,0,0.277957259824401,0,0,0,0,0,0.286554338321799,0,0.352569013834,0,0.328883022069931,0,0.272020936012268,0.246436057569644,0,0,0,0,0,0,0,0,0,0,0,0.208578820985097,0,0.139729264378548,0.209462278419071,0.227643374206352,0,0.182890381445788,0.183874500039858,0.173500989197757,0.262854265101266,0,0
0,0.290654838085175,0,0.236755626542228,0,0.231928944587708,0,0,0,0.175946814756767,0,0.138792827361968,0,0,0,0,0,0,0,0.158364792518756,0,0.172774425908169,0,0.175143939704437,0,0,0,0.152936558425426,0,0.17213195450604,0,0,0,0.307360891039882,0.337053850293159,0.152013357644437,0,0,0.244079484293858,0,0,0.166348377099404,0,0,0,0,0,0.587586798561944,0,0.370042254304171,0,0,0,0,0,0.193948155955264,0,0.136050465409873,0,0,0,0,0.156087152314502,0,0.220094329840399,0,0.243721647932452,0,0,0,0,0,0.17972993850708,0,0,0,0.228589386869502,0,0.215228197004074,0,0.240713910705381,0.18653730409486,0.296704528030164,0,0.258123721597957,0,0
0.254821687936783,0,0,0,0,0,0,0,0.308324128389359,0,0.136084779653301,0,0,0,0,0,0,0,0,0,0.151801073856382,0.111189747022258,0.207699883568581,0,0.162719337388556,0,0,0,0.132675239589156,0,0.162534184346441,0,0,0.224888727068901,0.229614003346517,0,0.157385026502462,0.244079484293858,0,0,0,0,0.172007714708646,0,0,0,0,0.446887060387494,0.387110123032619,0,0,0,0,0,0.277236059085647,0,0.119890382596188,0,0,0,0,0,0,0.158303873147815,0,0.301387588520652,0,0.234120504322535,0,0,0,0.21039555221796,0,0.224662842787802,0,0,0,0.218672781486378,0,0.195644012113426,0.142881965812515,0.244097908270719,0.149377738704553,0,0.35345647773407,0,0
0,0.391345951557159,0.261621445417404,0.262975525856018,0,0.303212096293767,0,0,0,0,0,0,0,0,0,0,0.310573583695947,0.300622940650136,0.348726660607462,0,0,0,0,0,0,0,0,0,0,0,0,0,0,0,0,0,0.409799605607986,0,0,0,0.412860110402107,0.298246654204867,0.291378895441691,0.340099265604036,0.344122499227524,0.294705207407372,0.34033352272077,0.378769033011936,0.335890558476631,0.240975676688241,0,0,0,0,0,0,0,0.296385877189182,0,0,0,0,0.27910276548937,0.366442918777466,0,0,0,0,0,0,0,0,0.335942513412899,0,0,0,0,0,0.295533090661881,0.381993520718354,0.288504384458065,0,0.309801496237329,0.287506969688937,0.299514761814683,0.3218874791447,0.299104958772659
0.386315435171127,0,0.230449490745862,0,0.23253957927227,0,0,0,0,0,0,0,0,0,0,0,0.334485314289729,0.304556732928311,0.380217390285956,0,0,0,0,0,0,0,0,0,0,0,0,0,0,0,0,0,0.187975132290055,0,0,0.412860110402107,0,0.362957552075386,0.294180642738351,0.289723832160234,0.396972450690392,0.352936836806211,0.328338820266394,0.543335973118481,0.431617945154547,0.398430741473332,0,0,0,0,0,0,0.27131578539099,0.377413421869278,0,0,0,0,0,0.27915888209092,0,0,0,0,0,0,0,0,0,0.397801101207733,0,0,0,0,0.416680370767911,0.225894115845803,0,0,0.33391597932368,0.330258905887604,0.314250634849357,0.336759030818939,0.283635013026766
0,0.283296345639481,0.292450577020645,0.306709072161043,0,0.287036938511807,0,0,0,0.245687335428565,0,0,0,0,0,0,0.288493462952605,0.281413242904418,0.29069629166191,0,0,0,0,0.139961436390877,0,0,0,0,0,0,0,0,0,0,0,0,0,0.166348377099404,0,0.298246654204867,0.362957552075386,0,0.23760541556134,0.299371598064247,0.244924295693636,0.299014499012462,0.313302526161784,0.359954697782533,0.293510109186172,0.332381919575921,0,0,0,0,0,0.237070569118788,0,0.336646309708509,0,0.334451466798782,0,0.234214834868908,0.300842232247059,0.340489566326141,0,0,0.170290615823534,0,0,0,0,0,0.334181696807266,0,0,0,0,0,0.312890657959886,0.369712996742,0.389679342508316,0.313873201608658,0.296173785792756,0.287272130856748,0.309738648810607,0.271761732353426,0.239276934415102
0.327783406166469,0,0.328334949216862,0.257867187261581,0.27296686321497,0,0,0,0.257220977745905,0,0,0,0,0,0,0,0.278034064672925,0.25429014594127,0.222606987045689,0,0.36200775206089,0,0,0,0,0,0,0,0,0,0,0,0,0,0,0,0.306349962949753,0,0.172007714708646,0.291378895441691,0.294180642738351,0.23760541556134,0,0.216090455651283,0.245422634074376,0.283888288280543,0.312890886867939,0.454232996602853,0.364999576739454,0.463960645099481,0,0,0,0,0.30852298438549,0,0.340502367326708,0,0.365218152818472,0,0.359338268637657,0,0.342344760894775,0.341052601765987,0,0,0,0,0,0,0,0.342883310147694,0,0.374756688747225,0,0,0,0,0.323079174215143,0.32834596120543,0,0.360006213188171,0.331617239745577,0.335760830591122,0.314685106131017,0.240737304091454,0.24123602693942
0,0.411433011293411,0,0.310448829616819,0,0,0,0,0,0,0,0,0,0,0,0,0.255291794908458,0.266211970106644,0.259343681124489,0,0,0,0,0,0,0,0,0,0,0,0,0,0,0,0,0.349125921726227,0,0,0,0.340099265604036,0.289723832160234,0.299371598064247,0.216090455651283,0,0.276825845241547,0.310641303168776,0.308416140079498,0.390291611353556,0,0.301499135792255,0,0,0,0,0,0,0,0.330102185408274,0,0,0,0,0.300037470810554,0.334196895360947,0,0,0,0,0,0,0,0,0.362215723842382,0,0,0,0,0,0.363828392207988,0.341225289636188,0.447200134396553,0,0.278354392356651,0.270707234544189,0.334367251635468,0.269930939663921,0.241919845342636
0.352214972178141,0,0.294298656284809,0,0,0,0,0,0.339992880821228,0,0,0,0,0,0,0,0.270171346234494,0.244929496537555,0.246911331147387,0,0.396300613880157,0,0,0,0,0,0,0,0,0,0,0,0,0,0,0,0.389205652475357,0,0,0.344122499227524,0.396972450690392,0.244924295693636,0.245422634074376,0.276825845241547,0,0.259292036294937,0.353152650316957,0,0.336283742450178,0,0,0,0,0,0,0,0.316129107028246,0,0,0,0,0,0,0.360254322430667,0,0,0,0,0,0,0,0,0,0.336662292480469,0,0,0,0,0.319112309387752,0.400696295622019,0,0.509699016809464,0.265762107907444,0.312496691942215,0.374588384025573,0.282561033964157,0.256963177451066
0.334183946251869,0.330992663279176,0.285905288159847,0.278520922870078,0.244189221411943,0.257161418596904,0,0,0.268026165664196,0.297088426848253,0,0,0,0,0,0,0.278771348820444,0.272559659320048,0.308100971525177,0.251742444932461,0,0,0,0,0,0,0,0,0,0,0,0,0,0,0,0.220205607158797,0.351338103413582,0,0,0.294705207407372,0.352936836806211,0.299014499012462,0.283888288280543,0.310641303168776,0.259292036294937,0,0.308855944804931,0.244338295054297,0.293676346540451,0.291289164312184,0,0,0,0.283673971891403,0,0,0.301246865590413,0.284459808038266,0,0,0,0,0.295995019969825,0.310571388556407,0,0,0,0,0,0,0,0,0.312431364420146,0,0,0,0,0,0.274176153876734,0.345691193640232,0.276940304717403,0.342642843723297,0.290960322403568,0.272923072051798,0.289361908220858,0.286652107257396,0.268224731087685
0.324555158615112,0,0.276346259646946,0.265905413776636,0.232470694184303,0,0,0,0.248897880315781,0,0,0,0,0,0,0,0.291549215430584,0.270804931494323,0.323549721135554,0,0.273408104665577,0.201951444149017,0,0,0,0,0,0,0,0,0,0,0,0,0,0,0.286218960010088,0,0,0.34033352272077,0.328338820266394,0.313302526161784,0.312890886867939,0.308416140079498,0.353152650316957,0.308855944804931,0,0.326255232095718,0.289036011057241,0,0.235344670712948,0,0,0,0,0,0.27683647377842,0.288431353867054,0,0,0,0,0.33727016299963,0.282753929181425,0,0,0,0,0,0,0,0,0,0.28536484892271,0,0,0,0,0.351040096022189,0.305617982077647,0.336707353591919,0.344711416214705,0.311354145237572,0.312667752687748,0.293664485531751,0.278846633434296,0.269933085078779
0.263448059558868,0.346704363822937,0.250364648444312,0.262482710182667,0.226412251591682,0,0,0,0,0.322001785039902,0,0,0,0,0,0,0.323081433773041,0.285610757768154,0.347795639719282,0,0,0.332017295062542,0,0.317878261208534,0,0,0,0,0,0,0,0.440851383025439,0.270876639144893,0.315423786556453,0.360311069328935,0.750943229651787,0.354546734690666,0.587586798561944,0.446887060387494,0.378769033011936,0.543335973118481,0.359954697782533,0.454232996602853,0.390291611353556,0,0.244338295054297,0.326255232095718,0,0.558811335449093,0.485581428207964,0,0,0,0,0,0,0.263193886727095,0.253959372639656,0,0,0,0,0.248263099363872,0.219019085168839,0,0,0.396383655567964,0,0,0,0,0,0,0,0.342146044024607,0.562186789195411,0.351477436643444,0.337429983005066,0.393319415325984,0.537381543914084,0.458357295184247,0.362778468728066,0.556016954220564,0.36247598528862,0.451742371159887,0,0
0.230185199905986,0,0.259338841519573,0.326243102550507,0.228782561090257,0,0,0,0.203806769429592,0,0,0,0.280580163002014,0,0.173431500792503,0,0.381597921252251,0.331019431352615,0.364129434390502,0,0,0,0.316369862919268,0,0,0,0,0,0,0,0,0.522295445203781,0.426185637712479,0,0.284048736095428,0,0.243838587687129,0,0.387110123032619,0.335890558476631,0.431617945154547,0.293510109186172,0.364999576739454,0,0.336283742450178,0.293676346540451,0.289036011057241,0.558811335449093,0,0.399587732852384,0.243404778838158,0,0,0,0.194661140867642,0,0.27941182746992,0,0.254808712385449,0,0.19814530958732,0,0,0.300554649035136,0,0.384738490662792,0,0.201145155649436,0,0.255769879418485,0,0.29170452643718,0,0.270733694235484,0,0.491260278224945,0,0.415787739679217,0.327967047691345,0.355477917215462,0,0.408213232143658,0.468185641871155,0.279078528285027,0.33129794879599,0,0.333766892188933
0,0.195582085754722,0,0.271098309755325,0,0.212410405278206,0,0,0,0.181058598309755,0,0,0,0,0,0,0,0.271203473210335,0.272274846831958,0,0,0.249435471104724,0,0.242260249952475,0,0,0,0,0,0,0,0.548835456371307,0,0.405014485120773,0,0.205412983894348,0,0.370042254304171,0,0.240975676688241,0.398430741473332,0.332381919575921,0.463960645099481,0.301499135792255,0,0.291289164312184,0,0.485581428207964,0.399587732852384,0,0,0,0,0,0,0.157534838550621,0,0.307127295663724,0,0.323193411032359,0,0.213832202165023,0.274399352761415,0,0.233087547279013,0,0.204299665310166,0,0.213805307323734,0,0.260442498109199,0,0.303539097309113,0,0,0,0,0,0.306975713733471,0,0.317937280230679,0,0.425591002782322,0.337982134024302,0.341594499926085,0.373867332935333,0
0.218489761153857,0,0.236994869912727,0,0.201676555614376,0,0.217051529222065,0,0.208951601210762,0,0,0,0.225414082407951,0,0.217200024561449,0,0,0,0.266904473304749,0,0.221534192562103,0,0,0,0,0,0,0,0,0,0,0,0,0,0,0,0.277957259824401,0,0,0,0,0,0,0,0,0,0.235344670712948,0,0.243404778838158,0,0,0,0.194809862461529,0,0.222598721660101,0,0.27000119683176,0,0.255517256446183,0,0.221549646694993,0,0.273809969425201,0.296759869903326,0,0,0,0,0,0,0,0,0,0,0,0,0,0,0,0.277743714462434,0,0,0.177540581727373,0.180748964186575,0.273000088427008,0,0
0,0,0,0.242417142071106,0,0.242950900921708,0,0.207183357376557,0,0,0,0.295872500538826,0,0,0,0.221318568695675,0,0,0,0,0,0,0,0,0,0,0,0,0,0,0,0,0,0,0,0,0,0,0,0,0,0,0,0,0,0,0,0,0,0,0,0,0,0.223696494669271,0,0.237986624240875,0,0.271886802546759,0,0.265558550059795,0,0.264075505340265,0.253741138075527,0,0,0,0,0,0,0,0,0,0,0,0,0,0,0,0.278936989605427,0,0,0,0.208204444997558,0,0.246434050922592,0,0
0,0,0,0,0,0,0.187272158615729,0,0,0,0.139894733826319,0,0,0,0,0,0,0,0,0,0.109127884730697,0,0,0,0,0,0,0,0,0,0,0,0,0,0,0,0,0,0,0,0,0,0,0,0,0,0,0,0,0,0.194809862461529,0,0,0,0,0,0.18715946455558,0,0.199810042579969,0,0,0,0,0,0,0,0,0,0,0,0,0,0,0,0,0,0,0,0,0,0,0,0.127776440452127,0,0,0,0
0,0,0,0,0,0.162289099974765,0,0.183721930045506,0,0,0,0.174707885831594,0,0,0,0,0,0,0,0,0,0,0,0,0,0,0,0,0,0,0,0,0,0,0,0,0,0,0,0,0,0,0,0,0,0.283673971891403,0,0,0,0,0,0.223696494669271,0,0,0,0,0,0.230238272685414,0,0.204953725045582,0,0,0.246841571768936,0,0,0,0,0,0,0,0,0,0,0,0,0,0,0,0.300166230648756,0,0,0,0.175088611245155,0,0.235951424429291,0,0
0.146848542732187,0,0.188920837170199,0,0.208037113149961,0,0,0,0.210451949688649,0,0,0,0,0,0.201151133320489,0,0.215117928385735,0,0,0,0,0,0,0,0.249131986058798,0,0.247173942625523,0,0,0,0,0,0,0,0,0,0,0,0.277236059085647,0,0,0,0.30852298438549,0,0,0,0,0,0.194661140867642,0,0.222598721660101,0,0,0,0,0,0,0,0,0,0.214198489128554,0,0,0,0,0,0,0.289706925221149,0,0,0,0,0,0,0,0,0,0.262450501322746,0,0,0,0.255058314828646,0.211917432770133,0,0.229178982858474,0,0
0,0.206903513603333,0,0.151432817495322,0,0.129682838916779,0,0,0,0.221688254027465,0,0,0,0,0,0.268629815494805,0,0.146506860852242,0.280052423477173,0,0,0,0,0.221507460452043,0,0.196098141372204,0,0,0,0,0,0,0,0,0,0,0,0.193948155955264,0,0,0,0.237070569118788,0,0,0,0,0,0,0,0.157534838550621,0,0.237986624240875,0,0,0,0,0,0,0,0,0,0.246005903692748,0,0,0,0,0.253065805432301,0,0,0,0,0,0.291032642126083,0,0,0,0,0,0,0,0.232070795015285,0,0.189263076669928,0.185629680752754,0.181845970451832,0,0
0.334009396533171,0,0.295725658208459,0.30476467524256,0.269004703327349,0,0.208008483117324,0,0.243345983326435,0,0.211788765625215,0,0,0,0,0,0.317664875225587,0.295890673995018,0.339223852663329,0,0.1479848284613,0,0,0,0,0,0,0,0,0,0.245367520937213,0,0,0,0,0,0.286554338321799,0,0.119890382596188,0,0.27131578539099,0,0.340502367326708,0,0.316129107028246,0.301246865590413,0.27683647377842,0.263193886727095,0.27941182746992,0,0.27000119683176,0,0.18715946455558,0,0,0,0,0.301830485463142,0.288036189955487,0,0.291946288198233,0,0,0.286451010493671,0,0,0,0,0,0,0,0.36029778508579,0.301358093818029,0.31454154566119,0,0,0,0,0.297058820724487,0.308605309962143,0,0.126262548845261,0.210849462234428,0.331441044807434,0.320097823815323,0,0.335653245449066
0,0.366636497633798,0,0.302773304487744,0,0.280135013682898,0,0.237552732172574,0,0.274638950824738,0,0.202790286449624,0,0.142709349095821,0,0,0.317539811134338,0.280665889382362,0.357513859547595,0.152829048037529,0,0,0,0.378883332014084,0,0,0,0,0,0,0,0,0,0,0,0,0,0.136050465409873,0,0.296385877189182,0.377413421869278,0.336646309708509,0,0.330102185408274,0,0.284459808038266,0.288431353867054,0.253959372639656,0,0.307127295663724,0,0.271886802546759,0,0.230238272685414,0,0,0.301830485463142,0,0,0.220204916792911,0,0.212655492126942,0.250119493666853,0,0,0,0.296841110501971,0,0.367496684193611,0,0.375726055332095,0,0.356686419761572,0,0,0,0,0,0.31018531729716,0.341661661863327,0,0,0.313357330806605,0.293783202767372,0.32495603369249,0.338539794683456,0
0.35479757686456,0,0.303822207721797,0,0.259631921762022,0,0.206821590662003,0,0.360029071569443,0,0.13784426572648,0,0.212134075187545,0,0.275881032250365,0,0,0,0,0,0,0,0,0,0,0,0,0,0,0,0,0,0,0,0,0,0.352569013834,0,0,0,0,0,0.365218152818472,0,0,0,0,0,0.254808712385449,0,0.255517256446183,0,0.199810042579969,0,0,0,0.288036189955487,0,0,0,0.27186561960865,0,0,0.37612147629261,0,0,0,0,0,0,0,0.303073406219482,0,0.313779890537262,0,0,0,0,0,0.335635711749395,0,0,0.30380617454648,0,0.345230427480513,0,0.346050769090652
0,0,0,0.285497717062632,0,0.288556807570987,0,0.177177527156032,0,0,0,0.129392448398802,0,0.196956674439194,0,0,0,0,0,0,0,0,0,0.338440999388695,0,0,0,0.165898559615016,0,0,0,0,0,0,0,0,0,0,0,0,0,0.334451466798782,0,0,0,0,0,0,0,0.323193411032359,0,0.265558550059795,0,0.204953725045582,0,0,0,0.220204916792911,0,0,0,0.193388067881266,0.283702522516251,0,0,0,0.347533708810806,0,0.388307872452313,0,0.388825255182554,0,0,0,0,0,0,0,0,0,0,0,0.339414788647131,0,0.24197842925787,0,0
0.196460458285668,0,0.242656081650227,0,0.220075922211011,0,0,0,0.219303766614422,0,0,0,0.238801819086075,0,0.206439754680583,0,0,0,0.248245760798454,0,0,0,0,0,0,0,0,0,0,0,0,0,0,0,0,0,0.328883022069931,0,0,0,0,0,0.359338268637657,0,0,0,0,0,0.19814530958732,0,0.221549646694993,0,0,0,0.214198489128554,0,0.291946288198233,0,0.27186561960865,0,0,0,0,0,0,0,0,0,0,0,0,0,0,0,0,0,0,0,0,0,0,0,0.187210143009822,0.269238316764434,0.305446630245761,0,0.308071623245875
0,0.187735520303249,0,0.248910737476608,0,0.208700445791086,0,0,0,0.209096125685252,0,0,0,0.170995146967471,0,0.203852412016953,0,0,0,0,0,0,0,0.337741047143936,0,0.179657114297152,0,0.17480137248834,0,0,0,0,0,0,0,0,0,0,0,0,0,0.234214834868908,0,0,0,0,0,0,0,0.213832202165023,0,0.264075505340265,0,0,0,0.246005903692748,0,0.212655492126942,0,0.193388067881266,0,0,0,0,0,0,0.340578490495682,0,0.364893571331801,0,0.210406872810739,0,0,0,0,0,0,0,0,0,0,0,0.164903200098446,0.18196955230087,0.20959946513176,0,0
0,0.345969885587692,0.289024204015732,0.240190887335435,0,0.182238444399375,0,0.264478171413595,0,0.280129998922348,0,0.152899705608126,0,0,0,0,0.253662216166655,0.271523390303959,0.283478800739561,0.183380195062104,0,0,0,0,0,0,0,0,0,0,0,0,0,0,0,0.187428352231972,0.272020936012268,0.156087152314502,0,0.27910276548937,0,0.300842232247059,0.342344760894775,0.300037470810554,0,0.295995019969825,0.33727016299963,0.248263099363872,0,0.274399352761415,0.273809969425201,0.253741138075527,0,0.246841571768936,0,0,0,0.250119493666853,0,0.283702522516251,0,0,0,0,0,0,0,0,0,0,0,0,0.323516395736913,0,0,0,0,0,0.279714567482635,0.368744865059853,0.276112405188156,0,0.203271383151673,0.269865065813065,0.285498838391114,0.26314178109169,0
0.40870329279166,0,0.272215187549591,0.309153825044632,0.304600265893069,0.306743323802948,0,0,0.296523857116699,0,0.118922407738864,0,0,0,0,0,0.339187866997445,0.300961621105671,0.357948520407081,0,0.229373245478465,0,0,0,0,0,0,0,0,0,0,0,0,0,0,0,0.246436057569644,0,0.158303873147815,0.366442918777466,0.27915888209092,0.340489566326141,0.341052601765987,0.334196895360947,0.360254322430667,0.310571388556407,0.282753929181425,0.219019085168839,0.300554649035136,0,0.296759869903326,0,0,0,0,0,0.286451010493671,0,0.37612147629261,0,0,0,0,0,0,0,0,0,0,0,0,0,0,0.28402035665654,0,0,0,0,0.36579315662384,0.262437257134674,0,0.304142409563065,0.224851029483267,0.364961087703705,0.30411585514245,0,0.335745749374231
0,0,0,0,0,0,0,0,0,0,0,0,0,0,0,0,0,0,0,0,0,0.186942484330012,0.133846268057823,0.17484642023573,0,0.205465056640761,0,0.185432404279709,0,0,0,0,0,0,0,0,0,0.220094329840399,0,0,0,0,0,0,0,0,0,0,0,0.233087547279013,0,0,0,0,0,0,0,0,0,0,0,0,0,0,0,0,0.284996954824876,0,0.279364214799343,0,0.203403342002166,0,0,0,0,0,0,0,0,0,0.246855274372631,0,0.145573856611537,0.122660281668816,0,0,0
0,0,0,0,0,0,0,0,0,0,0,0,0,0,0,0,0,0,0,0,0,0.0877186879515648,0.19048225755165,0,0.141483399271965,0,0.193701585324911,0,0.229271034789937,0,0,0,0,0,0,0,0,0,0.301387588520652,0,0,0,0,0,0,0,0,0,0.384738490662792,0,0,0,0,0,0,0,0,0,0,0,0,0,0,0,0,0,0,0.229720710541257,0,0.246507621230145,0,0.226341605347556,0,0,0,0,0,0,0,0,0,0.291648125062223,0.130759538337588,0,0,0,0
0,0.226809084415436,0,0,0,0,0,0,0,0.183429053425789,0,0,0,0,0,0,0,0,0,0,0,0.169688249723269,0,0.186249147090956,0,0.222508072853088,0,0,0,0,0,0,0,0.31265250486987,0,0,0,0.243721647932452,0,0,0,0.170290615823534,0,0,0,0,0,0.396383655567964,0,0.204299665310166,0,0,0,0,0,0.253065805432301,0,0.296841110501971,0,0.347533708810806,0,0.340578490495682,0,0,0.284996954824876,0,0,0,0.257730036421168,0,0.282173551264263,0,0,0,0,0,0.294355518051556,0,0,0,0.279176206256571,0,0.205700220167637,0,0.220970329407741,0,0
0,0,0,0,0,0,0,0,0,0,0,0,0,0,0,0,0,0,0,0,0,0,0.148550824537164,0,0.206361004320091,0,0.226846973810877,0,0,0,0,0,0,0,0.260217527548472,0,0,0,0.234120504322535,0,0,0,0,0,0,0,0,0,0.201145155649436,0,0,0,0,0,0.289706925221149,0,0,0,0,0,0,0,0,0,0,0.229720710541257,0,0,0,0.226166468066505,0,0,0,0,0,0,0,0.280800534083563,0,0,0,0.276089958074488,0.283553411563237,0,0.215286320272816,0,0
0,0,0,0,0,0,0,0,0,0,0,0,0,0,0,0,0,0.167721904814243,0,0,0,0.228265597914042,0,0.233062055607637,0,0.242757046480238,0,0.139505915343761,0,0,0,0,0,0,0,0,0,0,0,0,0,0,0,0,0,0,0,0,0,0.213805307323734,0,0,0,0,0,0,0,0.367496684193611,0,0.388307872452313,0,0.364893571331801,0,0,0.279364214799343,0,0.257730036421168,0,0,0,0.328969069700812,0,0,0,0,0,0,0,0,0,0,0,0.177533969283104,0,0.250009594692124,0,0
0,0,0,0,0,0,0,0,0.169102351367474,0,0,0,0,0,0,0,0,0,0,0,0,0,0.248772505162792,0,0.212357259800901,0,0.222257021664573,0,0.238930404624518,0,0,0,0,0,0,0,0,0,0,0,0,0,0,0,0,0,0,0,0.255769879418485,0,0,0,0,0,0,0,0,0,0,0,0,0,0,0,0,0.246507621230145,0,0.226166468066505,0,0,0,0.328837624955468,0,0,0,0,0,0,0,0,0,0,0.162897303700447,0,0.165159938010302,0,0
0,0,0,0,0,0,0,0,0,0,0,0.177546800902257,0,0,0,0,0,0,0,0,0,0.165167406201363,0,0.326109737157822,0,0.215039068460464,0,0.177083935408757,0,0,0,0,0,0,0,0,0,0,0,0,0,0,0,0,0,0,0,0,0,0.260442498109199,0,0,0,0,0,0,0,0.375726055332095,0,0.388825255182554,0,0.210406872810739,0,0,0.203403342002166,0,0.282173551264263,0,0.328969069700812,0,0,0,0.280180334596224,0,0,0,0,0,0,0,0.221352495930412,0,0,0,0.360514352718989,0,0
0.311492443084717,0,0,0,0,0,0,0,0,0,0,0,0,0,0,0,0,0,0,0,0,0,0.146498484046836,0,0,0,0.203940694982355,0,0.197777498240518,0,0.210377436677615,0,0,0,0,0,0,0,0.21039555221796,0,0,0,0.342883310147694,0,0,0,0,0,0.29170452643718,0,0,0,0,0,0,0,0.36029778508579,0,0.303073406219482,0,0,0,0,0,0,0.226341605347556,0,0,0,0.328837624955468,0,0,0,0.254886094240412,0,0,0,0,0,0,0,0.280227202177048,0.209304807914628,0,0.41088043153286,0,0.28152397274971
0,0.380050003528595,0,0.321464853095157,0,0.31400205059485,0,0,0,0.312563399473826,0,0,0,0,0,0,0.316601276397705,0.309813193976879,0.373978215981932,0,0,0,0,0,0,0,0,0,0,0.202246031022235,0,0,0,0,0,0,0,0.17972993850708,0,0.335942513412899,0,0.334181696807266,0,0.362215723842382,0,0.312431364420146,0,0,0,0.303539097309113,0,0,0,0,0,0.291032642126083,0.301358093818029,0.356686419761572,0,0,0,0,0.323516395736913,0,0,0,0,0,0,0,0.280180334596224,0,0,0,0,0,0,0,0.297967993964752,0.330647453665733,0.257548037502501,0,0.369251077622175,0.345847117900848,0.368501083001082,0.358113756137235,0.256998270750046
0.382849544286728,0,0.309633016586304,0,0,0,0,0,0.283634185791016,0,0.175131164883312,0,0,0,0,0,0,0,0.345837712287903,0,0.260688450932503,0,0,0,0.336923956871033,0,0,0,0.231121039390564,0,0.239392296145748,0,0,0,0,0,0,0,0.224662842787802,0,0.397801101207733,0,0.374756688747225,0,0.336662292480469,0,0.28536484892271,0,0.270733694235484,0,0,0,0,0,0,0,0.31454154566119,0,0.313779890537262,0,0,0,0,0.28402035665654,0,0,0,0,0,0,0,0.254886094240412,0,0,0,0,0,0,0,0.280460995051169,0,0.254994364060946,0.373056511737798,0,0.373634503898667,0,0.369903848721431
0,0,0,0,0,0,0,0,0,0,0,0,0,0,0,0,0,0,0,0,0,0,0,0,0,0,0,0,0,0,0,0.257557736393902,0,0.276191594459141,0,0.194619538969007,0,0,0,0,0,0,0,0,0,0,0,0.342146044024607,0,0,0,0,0,0,0,0,0,0,0,0,0,0,0,0,0,0,0,0,0,0,0,0,0,0,0,0,0.294915385500602,0,0.238519691902658,0,0,0,0.136553422493093,0,0,0,0
0,0,0,0,0,0,0,0,0,0,0,0,0,0,0,0,0,0,0,0,0,0,0,0,0,0,0,0,0,0,0,0.311440825462341,0.212643152307719,0,0.327343795448542,0,0.208578820985097,0,0,0,0,0,0,0,0,0,0,0.562186789195411,0.491260278224945,0,0,0,0,0,0,0,0,0,0,0,0,0,0,0,0,0,0,0,0,0,0,0,0,0,0,0,0,0.356899448123989,0,0.261459620606101,0,0,0.193883682290713,0,0.460585832595825,0,0
0,0,0,0,0,0,0,0,0,0.264023303985596,0,0,0,0,0,0,0,0,0,0,0,0.24476084113121,0,0.267340490221977,0,0,0,0,0,0,0,0.266669377036717,0,0.251385134029308,0.189780479243823,0.134404323732152,0,0.228589386869502,0,0,0,0,0,0,0,0,0,0.351477436643444,0,0,0,0,0,0,0,0,0,0,0,0,0,0,0,0,0,0,0.294355518051556,0,0,0,0,0,0,0,0.294915385500602,0,0,0.160530285853328,0.243362550395277,0,0.292285581319828,0,0.130167540324771,0,0,0,0
0,0,0,0,0,0,0,0,0,0,0,0,0,0,0,0,0,0,0,0,0,0,0,0,0.25217068195343,0,0,0,0,0,0,0,0.268112447112799,0.176957213351708,0.194506464064562,0,0.139729264378548,0,0.218672781486378,0,0,0,0,0,0,0,0,0.337429983005066,0.415787739679217,0,0,0,0,0,0.262450501322746,0,0,0,0,0,0,0,0,0,0,0,0,0.280800534083563,0,0,0,0,0,0,0,0.356899448123989,0.160530285853328,0,0,0.29495791591955,0,0.268489763744516,0.175757970765372,0.213389709591866,0,0,0
