0,0.396369367837906,267.35121679306,0,4.90593563020229,0,0,0,1005.84089267254,0,0,0,2.30819779634476,0,51.8370977193117,0,20.9689439088106,1.13511726260185,352.959437027574,0,22.9005992114544,0,0,0,4.09279951453209,0,0,0,0,0,0,0,0,0,0,0,3.6607703641057,0,21.2699912637472,2.90370762348175,11.2150729894638,0,561.73846372962,0,0,0,73.9032390415668,0,223.579854145646,0,0,0,0,0,609.468050301075,0,36.4435857087374,0,42.5382195264101,0,730.482511371374,0,0,196.988703995943,0,0,0,0,0,0,0,0.6227807700634,0,10.5997589230537,0,0,0,0,0,245.151236534119,0,27.9821752607822,348.62739572674,2.68742017447948,640.500494144857,2.39143514633179,2.57513107359409
0.396369367837906,0,0,64.3351616859436,0,1.71908903121948,0,0,0,337.560001134872,0,0,0,0,0,0,1.2643538415432,9.99852074682713,208.912141576409,0,0,0,0,0.66307969391346,0,0,0,0,0,0,0,0,0,0,0,1.44630427658558,0,0,0,45.7013288140297,0,493.176936268806,0.177524656057358,2.08171236515045,0,0,0.617360234260559,0,0,114.936770677567,0,0.782655209302902,0,0,0,603.701003983617,0,23.5857674479485,0,0.55525866150856,0,37.9204957634211,0,0,0,0,0,0,0,0,0,0,0.797853469848633,0,0,0,0,0,38.4578790515661,2.90376295149326,3.61398157477379,0,259.167196556926,0,256.419472143054,1.46906749904156,0
267.35121679306,0,0,0,376.361098602414,0,0,0,209.471934959292,0,0,0,0.265407860279083,0,1.8131197988987,0,0,0,1.8569337874651,0,1.98967272043228,0,0,0,0,0,0,0,0,0,0,0,0,0,0,0,21.741454526782,0,0.245656728744507,0,23.9742314070463,0.27252933382988,104.554264418781,0,1.34977333247662,0,10.7135732769966,0,257.420474022627,0,119.022588208318,0,0,0,348.248785078526,0,71.2885485589504,0,8.762411236763,0,99.7017593085766,0,0,13.0041195452213,0,0,0,0,0,0,0,1.15817455947399,0,7.62346787750721,0,0,0,0,0,11.2651966139674,0,0,282.631513260305,30.7630972117186,207.224722787738,0,2.56493167579174
0,64.3351616859436,0,0,0,165.528448194265,0,0,0,169.038889750838,0,0,0,0,0,99.3220455646515,0,0,8.38832768797874,0,0,0,0,0.218938082456589,0,0,0,0,0,0,0,0,0,0,0,0,0,0,0,3.66576099395752,0,207.1381547153,2.08460593223572,0,0,0,0,0,0,112.269414275885,0,168.800072625279,0,0,0,467.790645688772,0,96.0410016253591,0,31.6874596178532,0,418.449763670564,1.26106403768063,0,0,0,0,0,0,0,0,0,7.33494065701962,0,0,0,0,0,0.137746453285217,0,1.2628800868988,0,326.315736293793,0.721351459622383,256.317412965,17.5401349663734,0
4.90593563020229,0,376.361098602414,0,0,0,129.803251028061,0,33.0185995399952,0,0,0,0,0,2.55804435908794,0,0,0,0.234706714749336,0,0,0,0,0,0,0,0,0,0,0,0,0,0,0,0,0,11.8031940460205,0,0,0,2.90234167873859,0,32.6222442984581,0,0,0,4.62716320157051,0,21.0233721882105,0,489.240291565657,0,102.009521007538,0,0,0,63.500352203846,0,15.2746975123882,0,171.283897250891,0,0,0,0,0,0,0,0,0,0,0,0,0.943142056465149,0,0,0,0,0,35.0211890339851,0,0,1207.42885874957,91.9846806377172,68.5820564329624,0,0
0,1.71908903121948,0,165.528448194265,0,0,0,0,0,106.293177723885,0,0,0,0,0,220.472347587347,0,0,0.257800340652466,0,0,0,0,0,0,0,0,0,0,0,0,0,0,0,0,23.6297978162766,0,0,0,0,0,6.50773353874683,0,0,0,0,0,7.30669069290161,0,5.09621381759644,0,443.630992233753,0,11.5972147583961,0,16.1565502882004,0,3.26947967708111,0,0,0,57.068832308054,0,0,0,0,0,0,0,0,0,0,0,0,0,0,0,0,8.74221837520599,0,0,0,1202.75240285695,234.479221463203,125.408586293459,0.20157116651535,0
0,0,0,0,129.803251028061,0,0,0,0,0,0,0,0,0,0,0,0,0,0,0,0,0,0,0,0,0,0,0,0,0,0,0,0,0,0,0,0,0,0,0,0,0,0,0,0,0,0,0,0,0,453.441873669624,0,316.819676846266,0,0,0,0,0,27.1494605243206,0,0,0,0,0,0,0,0,0,0,0,0,0,0,0,0,0,0,0,0,0,0,0,159.789350390434,0,0,0,0
0,0,0,0,0,0,0,0,0,0,0,22.1200815141201,0,47.707362651825,0,0,0,0,0,4.3681366443634,0,0,0,0,0,0,0,0,0,0,0,0,0,0,0,0,0,0,0,0,0,0,0,0,0,0,0,0,0,0,0,86.4314053058624,0,271.491706192493,0,0,0,35.8926980793476,0,0,0,0,29.7071838378906,0,0,0,0,0,0,0,0,0,0,0,0,0,0,0,0,0,0,0,61.0806229114532,16.6362905502319,0,0,0
1005.84089267254,0,209.471934959292,0,33.0185995399952,0,0,0,0,0,0,0,5.62924760580063,0,267.008103907108,0,37.7679487168789,2.95643711090088,21.4998929798603,0,0.746073305606842,0,0,0,221.563919648528,0,1.41978785395622,0,0,0,0,0,0,0,0,0,0,0,8.83121430873871,0,2.26584909856319,0,205.543174013495,0,0,0.334199130535126,4.54480464756489,0,49.9416411370039,0,24.6322421133518,0,0,0,740.202809289098,0,48.0489334315062,0,36.9933643788099,0,515.115239441395,0,0,3.11513131856918,0,0,0,88.091468244791,0,79.9140097498894,0,1.92489117383957,0,3.63781908154488,0,0,0,0,0,7.59981931746006,0,14.5449470877647,1219.2620947063,100.611922495067,283.468801178038,0,2.99297493696213
0,337.560001134872,0,169.038889750838,0,106.293177723885,0,0,0,0,0,0,0,0,0,432.897858887911,0,206.17827886343,0.7426538169384,0,0,0,0,4.68204310536385,0,21.5531922578812,0,0,0,0,0,0,0,0,0,0.146387651562691,0,1.6097020804882,0,0.973982989788055,0,47.4986834526062,0,0.187146931886673,0,0,0,0,0,16.2607820481062,0,112.582322493196,0,0,0,665.605480775237,0,2.04884639382362,0,0,0,524.860072821379,0,0,0,0,0.631081461906433,0,27.8485333919525,0,0,0,0,0,0,0,0,0,0.195322886109352,0,8.72803092002869,0,1428.83553217351,489.485223323107,97.2448646128178,11.2194862067699,0
0,0,0,0,0,0,0,0,0,0,0,0,158.906711414456,0,0,0,0,0,0,0,238.399524450302,0,0,0,0,0,0,0,0,0,76.8429597020149,0,0,0,0,0,5.92967087030411,0,29.8293456435204,0,0,0,0,0,0,0,0,0,0,0,0,0,0,0,0,0,1369.14604488015,0,234.499434486032,0,0,0,0,71.3501773774624,0,0,0,0,0,0,0,0,0,0,0,0,0,0,0,0,0,0,220.671862363815,0,0,0,0
0,0,0,0,0,0,0,22.1200815141201,0,0,0,0,0,292.972157001495,0,0,0,0,0,14.3942284584045,0,0,0,0,0,0,0,0,0,11.498315602541,0,0,0,0,0,72.4019439220428,0,45.4939782619476,0,0,0,0,0,0,0,0,0,0,0,0,0,0,0,2.88615855574608,0,0,0,1478.71360521019,0,36.498707652092,0,0,235.113068193197,0,0,0,0,0,0,0,0,0,183.974999338388,0,0,0,0,0,21.2555284500122,0,84.7535426616669,0,226.587540656328,0,0,0,0
2.30819779634476,0,0.265407860279083,0,0,0,0,0,5.62924760580063,0,158.906711414456,0,0,0,73.6480064690113,0,0,0,0,0,0,0,0,0,0,0,0,0,0,0,0,0,0,0,0,0,0,0,0,0,0.575662061572075,0,5.02044168114662,0,0,0,0,0,31.3062662482262,0,0,0,0,0,0,0,237.545410647988,0,711.632699891925,0,12.2788201868534,0,0,0.904605865478516,0,0,0,0,0,0,0,0,0,0,0,0,0,0,0,0,0,0,82.7649139761925,2,15.0985838919878,0,0
0,0,0,0,0,0,0,47.707362651825,0,0,0,292.972157001495,0,0,0,220.634337633848,0,0,0,0,0,0,0,0,0,0,0,34.7361149787903,0,0,0,0,0,0,0,0,0,0,0,0,0,0,0,0,0,0,0,0,0,0,0,0,0,0,0,0,0,16.4829893112183,0,251.158257365227,0,67.852518081665,0,0,0,0,0,0,0,0,0,0,0,0,0,0,0,0,0,0,0,0,417.729120761156,283.889314711094,0,0,0
51.8370977193117,0,1.8131197988987,0,2.55804435908794,0,0,0,267.008103907108,0,0,0,73.6480064690113,0,0,0,23.8336617350578,0,0,0,0.236019536852837,0,0,0,1.03900739550591,0,5.18443325161934,0,0,0,0,0,0,0,0,0,0.202891677618027,0,0,0,1.33424611389637,0,42.8179834187031,0,0,0,0.484761759638786,0,53.0548036694527,0,2.00017395615578,0,0,0,47.6951058506966,0,52.5014629364014,0,72.2641197741032,0,318.238312929869,0,0,1.17154559493065,0,0,0,0,0,14.0828729867935,0,0,0,0,0,0,0,0,0,0.370052456855774,0,0,178.374620504677,1.58259346336126,51.3410854041576,0,0
0,0,0,99.3220455646515,0,220.472347587347,0,0,0,432.897858887911,0,0,0,220.634337633848,0,0,0,51.3028695583344,0,0,0,0,0,0,0,0,0,0,0,0,0,0,0,0,0,0,0,0,0,0,0,0.389989227056503,0,0,0,0,0,0,0,0,0,23.4963162243366,0,0,0,12.0615198910236,0,1.90006472170353,0,253.761053085327,0,371.846198454499,0,0,0,0,0,0,5.48939073085785,0,0,0,0,0,0,0,0,0,0,0,0,0,701.720172852278,521.96330845356,0.973064750432968,0,0
20.9689439088106,1.2643538415432,0,0,0,0,0,0,37.7679487168789,0,0,0,0,0,23.8336617350578,0,0,12513.208471708,7389.00660609454,0,1.58279593288898,0,77.0712332725525,0,49.5080318450928,0,156.920307427645,0,0,0,0,0,0,0,0,0,0.145909115672112,0,2.96535696089268,26.7242032289505,0.612179040908813,4.51053497195244,16.026771619916,0,1.28289866447449,6.74033617973328,7.13231091201305,0,0,0,0,0,0,0,0,0,0.646548628807068,0,0,0,0,0,0,32.6404734104872,0,38.8132064342499,0,0,0,38.1689229011536,0,0,0,0,0,0,0,0,11.8382028490305,49.4416579604149,0,2.85770691931248,6477.22487348318,213.68259306252,56.0886476412416,0.572653979063034,11.1653847247362
1.13511726260185,9.99852074682713,0,0,0,0,0,0,2.95643711090088,206.17827886343,0,0,0,0,0,51.3028695583344,12513.208471708,0,4936.38810679317,0,0.328900575637817,17.7583791017532,0,288.753493636847,0,327.479367494583,0,0,0,0,0,0,0,0,0,3.68749225139618,0.125559419393539,0,0.381568968296051,127.370143562555,0.12363813072443,25.5788308978081,7.32617798447609,1.32967086136341,0,14.5824143141508,16.7322022467852,0,0,0.466731563210487,0,0,0,0,0,90.1864988803864,0,0,0,0,0,3.53991377353668,0,47.3581981658936,0,0,0.717420995235443,0,1.01103520393372,0,0,0,0,0.571736603975296,0,0,0,0,56.1002541035414,24.6087976396084,0,0.727650940418243,12110.9882231504,3557.38477101922,108.336017742753,10.2740583121777,5.16405864059925
352.959437027574,208.912141576409,1.8569337874651,8.38832768797874,0.234706714749336,0.257800340652466,0,0,21.4998929798603,0.7426538169384,0,0,0,0,0,0,7389.00660609454,4936.38810679317,0,0,19.1863102316856,0,0,1.97073246538639,0,0,0,0,0,0,0,0,0,0,0,43.6757207661867,5.98005818575621,0,4.18939587473869,2382.71952548623,78.7073371559381,1499.013928473,594.888873979449,137.26995703578,4.43664442002773,432.725504294038,398.353582166135,0,40.2146189212799,25.1679971069098,0,0,0,0,0,2.55421963334084,3.63863426446915,68.8715406060219,0,0,0,1.11941479146481,9.89111296832561,948.265063278377,0,0,0,0,0,0,0,0,12.3700637817383,29.8847781270742,0,0,0,0,1074.50534005463,1480.09530199319,31.3496648520231,32.0176122039557,10150.3900598884,110.429632738233,2720.59712868929,607.896506875753,175.291415899992
0,0,0,0,0,0,0,4.3681366443634,0,0,0,14.3942284584045,0,0,0,0,0,0,0,0,0,0,0,0,0,0,0,0,0,0,0,0,0,0,0,271.855525255203,0,41.8185387849808,0,0,0,0,0,0,0,0,0,0,0,1.82218980789185,0,0,0,0,0,0,0,3.51507616043091,0,0,0,0,2046.10386934876,0,0,0,0,0,0,0,0,0,0,0,0,0,0,0,471.459585189819,0,0,0,34.3474372327328,0,83.7631490826607,0,0
22.9005992114544,0,1.98967272043228,0,0,0,0,0,0.746073305606842,0,238.399524450302,0,0,0,0.236019536852837,0,1.58279593288898,0.328900575637817,19.1863102316856,0,0,0,0,0,0,0,0,0,0,0,0,0,0,0,0,0,1402.46330551058,0,537.948269248009,0,0,0,8.02792745828629,0,0,0,106.856309324503,0,2.17291778326035,0,0.462301194667816,0,0,0,0,0,105.221558049321,0,0.789908334612846,0,1.55306021869183,0,0,2261.60669545829,0,0,0,0,0,0,0,0,0,0,0,0,0,0,0,640.416092939675,0,163.189507290721,803.0929498896,0.187673702836037,631.9323323071,0,1.90731245279312
0,0,0,0,0,0,0,0,0,0,0,0,0,0,0,0,0,17.7583791017532,0,0,0,0,63.8355267643929,58.7319781035185,0,19.7514227330685,0,67.7714287042618,0,0,0,0,0,0,0,0,0,670.221815854311,0,0,0,0,0,0,0,0,0,0,0,40.6169535517693,0,0,0,0,0,0,0,0,0,0,0,0,0,0,3895.60834608227,0,68.0724488943815,0,4.99615210294724,0,5.36793828010559,0,0,0,0,0,0,0,0,0,144.195528581738,0,655.573510855436,446.721200883389,0,0,0
0,0,0,0,0,0,0,0,0,0,0,0,0,0,0,0,77.0712332725525,0,0,0,0,63.8355267643929,0,0,294.816468983889,0,482.987362444401,0,33.7861435115337,0,0,0,0,0,0,0,0,0,644.863868206739,0,0,0,0,0,0,0,0,0,11.8031308054924,0,0,0,0,0,0,0,0,0,0,0,0,0,0,0,0,3877.63466461003,0,261.839495971799,0,458.661239981651,0,3.11820051074028,0,0,0,0,0,0,0,0,0,301.213309198618,291.357838153839,21.9723603725433,0,0,0
0,0.66307969391346,0,0.218938082456589,0,0,0,0,0,4.68204310536385,0,0,0,0,0,0,0,288.753493636847,1.97073246538639,0,0,58.7319781035185,0,0,0,163.526250094175,0,0,0,0,0,0,0,0,0,0,0,316.447174981236,0,0,0,5.56881462037563,0,0,0,0,0,0,0,0,0,0,0,0,0,119.318966701627,0,0,0,0,0,3.80262184143066,0,0,64.1463859081268,0,634.325741171837,0,555.968430250883,0,0,0,0,0,0,0,0,0,0,0,107.435164898634,0,328.779457718134,0,59.7057018578053,0,0
4.09279951453209,0,0,0,0,0,0,0,221.563919648528,0,0,0,0,0,1.03900739550591,0,49.5080318450928,0,0,0,0,0,294.816468983889,0,0,0,170.928962334991,0,0,0,0,0,0,0,0,0,0,0,350.302502572536,0,0,0,0,0,0,0,0,0,0.834058701992035,0,0,0,0,0,329.596231177449,0,0,0,0,0,3.59444719552994,0,0,0,0,73.777355208993,0,147.458956763148,0,152.843153133988,0,0,0,0,0,0,0,0,0,0,0,115.179818838835,110.853698417544,0,9.04644080996513,0,0
0,0,0,0,0,0,0,0,0,21.5531922578812,0,0,0,0,0,0,0,327.479367494583,0,0,0,19.7514227330685,0,163.526250094175,0,0,0,86.7596100568771,0,0,0,0,0,0,0,0,0,0,0,0,0,0,0,0,0,0,0,0,0,0,0,0,0,0,0,4.4869664311409,0,0,0,0,0,16.3786571323872,0,0,6.13160473108292,0,12.9179913401604,0,218.283590897918,0,0,0,0,0,0,0,0,0,0,0,0,0,109.839016437531,2.08190298080444,0,0,0
0,0,0,0,0,0,0,0,1.41978785395622,0,0,0,0,0,5.18443325161934,0,156.920307427645,0,0,0,0,0,482.987362444401,0,170.928962334991,0,0,0,102.325163565576,0,0,0,0,0,0,0,0,0,0,0,0,0,0,0,0,0,0,0,0,0,0,0,0,0,0,0,0,0,0,0,5.92191019654274,0,0,0,0,61.5822454541922,0,0,0,1246.15638124943,0,462.691356316209,0,0,0,0,0,0,0,0,0,0,230.811334103346,0,0,0,0
0,0,0,0,0,0,0,0,0,0,0,0,0,34.7361149787903,0,0,0,0,0,0,0,67.7714287042618,0,0,0,86.7596100568771,0,0,0,633.014775037766,0,0,0,0,0,0,0,2,0,0,0,0,0,0,0,0,0,0,0,0,0,0,0,0,0,0,0,0,0,0,0,0,0,0,28.9599719643593,0,0,0,0,0,900.70880395174,0,425.308376699686,0,0,0,0,0,0,0,1.33919888734818,0,113.139874815941,5.44844245910645,0,0,0
0,0,0,0,0,0,0,0,0,0,0,0,0,0,0,0,0,0,0,0,0,0,33.7861435115337,0,0,0,102.325163565576,0,0,0,1,0,0,0,0,0,0,0,61.2087675333023,0,0,0,0,0,0,0,0,0.346601009368896,2.96683984994888,0,0,0,0,0,0,0,0,0,0,0,0,0,0,0,0,14.4335623383522,0,0,0,100.789429455996,0,335.774530231953,0,0,0,0,0,0,0,0,0,110.798668384552,19.8093765377998,0,0,0,0
0,0,0,0,0,0,0,0,0,0,0,11.498315602541,0,0,0,0,0,0,0,0,0,0,0,0,0,0,0,633.014775037766,0,0,0,0,0,0,0,0,0,119.164556324482,0,0,0,0,0,0,0,0,0,0,0,0,0,0,0,0,0,0,0,6.42812776565552,0,0,0,0,0,0,0,0,0,0,0,0,53.7422585487366,0,551.879693686962,0,0,0,0,0,0,0,22.8913159072399,0,8.60317814350128,0,0,0,0
0,0,0,0,0,0,0,0,0,0,76.8429597020149,0,0,0,0,0,0,0,0,0,0,0,0,0,0,0,0,0,1,0,0,0,0,0,0,0,0,0,29.2898682951927,0,0,0,0,0,0,0,0,0,0,0,0,0,0,0,0,0,55.8900134563446,0,0,0,0,0,0,0,0,0,0,0,0,0,0,0,0,37.4619936943054,0,0,0,0,0,0,0,0.839923024177551,0,0,0,0,0
0,0,0,0,0,0,0,0,0,0,0,0,0,0,0,0,0,0,0,0,0,0,0,0,0,0,0,0,0,0,0,0,12.6507239341736,62.6895293295383,0,112.368388295174,0,0,0,0,0,0,0,0,0,0,0,1061.7720181644,0,0,0,0,0,0,0,0,0,0,0,0,0,0,0,0,0,0,0,0,0,0,0,0,0,0,3288.33527524769,0,59.9541464149952,0,64.0748930126429,0,0,0,582.913787335157,0,0,0,0
0,0,0,0,0,0,0,0,0,0,0,0,0,0,0,0,0,0,0,0,0,0,0,0,0,0,0,0,0,0,0,12.6507239341736,0,0,0,0,164.792957425117,0,0,0,0.32493545114994,0,0,0,0,0,0,520.212517440319,12.1875095516443,0,0,0,0,0,0,0,0,0,0,0,0,0,0,0,0,0,0,0,0,0,0,0,0,0,0,723.670903921127,0,0,0,311.247216701508,0,0,140.09694096446,0,0,0,0
0,0,0,0,0,0,0,0,0,0,0,0,0,0,0,0,0,0,0,0,0,0,0,0,0,0,0,0,0,0,0,62.6895293295383,0,0,595.698840036988,193.560267746449,0,380.693148121238,7.07999205589294,0,0,0,14.4737519323826,0,0,0,0,1286.72084638476,1.9089860022068,12.8267667591572,0,0,0,0,0,0,0,0,0,0,0,0,0,0,0,0,0,0,0,0,0,0,0,0,20.7770630419254,0,1892.15657453239,590.197194799781,16.4550112038851,0,731.501105844975,0,420.288345202804,117.33847028017,42.5647541582584,0,0
0,0,0,0,0,0,0,0,0,0,0,0,0,0,0,0,0,0,0,0,0,0,0,0,0,0,0,0,0,0,0,0,0,595.698840036988,0,5.91640347242355,22.6333885192871,0,21.2645349502563,0,0,0,0,0,0,0,0,827.84507521987,33.4272377192974,0,0,0,0,0,0,0,0,0,0,0,0,0,0,0,0,0,0,0,0,0,0,0,0,0,0,0,76.3464945107698,1783.79778245091,0,74.1751289367676,0,401.726299256086,291.126686364412,66.7901136875153,2.28924381732941,0,0
0,1.44630427658558,0,0,0,23.6297978162766,0,0,0,0.146387651562691,0,72.4019439220428,0,0,0,0,0,3.68749225139618,43.6757207661867,271.855525255203,0,0,0,0,0,0,0,0,0,0,0,112.368388295174,0,193.560267746449,5.91640347242355,0,465.349872410297,1118.56657244265,0,22.5962271988392,0,3.43555295467377,0,0,0,65.9808167368174,0,92.5275615006685,1.75541567802429,3.20785042643547,0,28.5299139022827,0,0,0,0,0,1.25511744618416,0,0,0,0,569.253548189998,0,0,0,0,0,0,0,0,0,0,0,338.172220811248,0,190.865972220898,0,16278.356609717,97.7768962979317,308.035835444927,0,653.429011791945,0,242.017194777727,5.83991611003876,0
3.6607703641057,0,21.741454526782,0,11.8031940460205,0,0,0,0,0,5.92967087030411,0,0,0,0.202891677618027,0,0.145909115672112,0.125559419393539,5.98005818575621,0,1402.46330551058,0,0,0,0,0,0,0,0,0,0,0,164.792957425117,0,22.6333885192871,465.349872410297,0,0,606.455023236573,0,14.4157905727625,0.120885767042637,3.35628212243319,0,0,0,2.35842686891556,22.993833899498,4.23301945626736,0,1.64304131269455,0,0,0,0,0,5.56441804766655,0,0.186184123158455,0,2.85004258155823,0,0,1517.1494377628,0,0,0,0,0,0,0,0,0,0.159529745578766,0,365.346095263958,0,207.683673322201,38.2513796985149,9087.9322014153,0,754.349937595427,1212.2210085988,0,236.817916095257,0,1.35306222736835
0,0,0,0,0,0,0,0,0,1.6097020804882,0,45.4939782619476,0,0,0,0,0,0,0,41.8185387849808,0,670.221815854311,0,316.447174981236,0,0,0,2,0,119.164556324482,0,0,0,380.693148121238,0,1118.56657244265,0,0,11,0,0,0.725772559642792,0,0,0,0,0,20.5339420735836,0,541.494091719389,0,0,0,0,0,53.720706731081,0,6.14525032043457,0,0,0,0,1.19095611572266,0,322.947033166885,0,518.153690740466,0,0,0,0,0,15.379026889801,0,0,0,49.6065932363272,0,1308.90216721594,0,10083.5160773546,10.0615887641907,282.529314279556,91.9510543346405,148.281793296337,0,0
21.2699912637472,0,0.245656728744507,0,0,0,0,0,8.83121430873871,0,29.8293456435204,0,0,0,0,0,2.96535696089268,0.381568968296051,4.18939587473869,0,537.948269248009,0,644.863868206739,0,350.302502572536,0,0,0,61.2087675333023,0,29.2898682951927,0,0,7.07999205589294,21.2645349502563,0,606.455023236573,11,0,0,0,0,9.48643606901169,0,0,0,35.8610810786486,448.539294213057,589.001709908247,0,0,0,0,0,25.7642869055271,0,9.04702469706535,0,0,0,0,0,0,318.718970641494,0,99.5274127274752,0,1121.5686430335,0,0,0,23.5152844488621,0,0.759962767362595,0,0,0,202.535569310188,0,523.19215990603,0,11819.1106226295,990.662647113204,144.680116608739,69.5688844025135,0,0
2.90370762348175,45.7013288140297,0,3.66576099395752,0,0,0,0,0,0.973982989788055,0,0,0,0,0,0,26.7242032289505,127.370143562555,2382.71952548623,0,0,0,0,0,0,0,0,0,0,0,0,0,0,0,0,22.5962271988392,0,0,0,0,0,3630.29243300855,10.1080555319786,262.471904739738,0,653.977611422539,2.60326170921326,0,0,170.976246252656,0,0,0,0,0,0,0,31.8077645227313,0,0,0,0,175.855227313936,11.9502831026912,0,0,0,0,0,0,0,0,4.00040280818939,0,0,0,0,0,1312.70673114061,18.6127306967974,15.8390942364931,0.222471073269844,446.524783007801,2.57400608062744,1993.2600042969,457.329157590866,0.550643026828766
11.2150729894638,0,23.9742314070463,0,2.90234167873859,0,0,0,2.26584909856319,0,0,0,0.575662061572075,0,1.33424611389637,0,0.612179040908813,0.12363813072443,78.7073371559381,0,0,0,0,0,0,0,0,0,0,0,0,0,0.32493545114994,0,0,0,14.4157905727625,0,0,0,0,0,270.949584849179,0,0,0,3.33970840275288,566.736641183496,3483.85865043849,1.59531092643738,7.46731619536877,0,0,0,0,0,4.88974076509476,0,5.09909797459841,0,6.03497037291527,0,0,121.197912015021,0,0,0,0,0,0,0,0.147716909646988,0,1.99159491062164,0,0,0,0,0,1972.5434519127,0,4.09080788493156,164.489852488041,1.03784596920013,1230.92563252151,0,22.3746703341603
0,493.176936268806,0.27252933382988,207.1381547153,0,6.50773353874683,0,0,0,47.4986834526062,0,0,0,0,0,0.389989227056503,4.51053497195244,25.5788308978081,1499.013928473,0,0,0,0,5.56881462037563,0,0,0,0,0,0,0,0,0,0,0,3.43555295467377,0.120885767042637,0.725772559642792,0,3630.29243300855,0,0,112.73417262733,235.64148825407,0,227.617776036263,1.08530659973621,39.4589537978172,2.59537833929062,489.927640765905,0,1.303217202425,0,0,0,38.2730273753405,0,271.240332014859,0,2.54046902060509,0,77.7438409030437,26.3283801525831,3.54372884333134,0,0,1.38943895697594,0,0,0,0,0,17.6924508213997,0,0,0,0,0,414.827953964472,5.72001107037067,4.64263159036636,0,2189.7102683261,11.6168813183904,4905.34986415505,1448.46040803194,6.51389971375465
561.73846372962,0.177524656057358,104.554264418781,2.08460593223572,32.6222442984581,0,0,0,205.543174013495,0,0,0,5.02044168114662,0,42.8179834187031,0,16.026771619916,7.32617798447609,594.888873979449,0,8.02792745828629,0,0,0,0,0,0,0,0,0,0,0,0,14.4737519323826,0,0,3.35628212243319,0,9.48643606901169,10.1080555319786,270.949584849179,112.73417262733,0,0.222436338663101,13.8206879198551,0.0996409580111504,1058.57313782722,453.583646580577,618.236227706075,14.6840581595898,4.71388360857964,0,0,0,34.8951386809349,0,118.607810348272,1.15573792159557,51.1512988358736,0,366.278427809477,0,0.334756091237068,802.735935434699,0,0,0,0,0,0,0,2.21873736381531,0,214.912934362888,0,0,8.12422302365303,0,4.51187822967768,1485.73054310679,0,5.36957743763924,2565.85731162876,38.9669875428081,4770.21577088535,5.5542010217905,1325.65243406594
0,2.08171236515045,0,0,0,0,0,0,0,0.187146931886673,0,0,0,0,0,0,0,1.32967086136341,137.26995703578,0,0,0,0,0,0,0,0,0,0,0,0,0,0,0,0,0,0,0,0,262.471904739738,0,235.64148825407,0.222436338663101,0,0,23.2283340990543,0.564658522605896,0,0,4.09620988368988,0,0,0,0,0,0,0,5.62625892460346,0,0,0,0,1.50879211723804,1.61431866884232,0,0,0,0,0,0,0,0,0.731500446796417,0,0,0,0,0,60.3793431073427,0.426310375332832,0.803990453481674,0,142.338666960597,0,110.796869575977,67.4408278167248,0
0,0,1.34977333247662,0,0,0,0,0,0,0,0,0,0,0,0,0,1.28289866447449,0,4.43664442002773,0,0,0,0,0,0,0,0,0,0,0,0,0,0,0,0,0,0,0,0,0,0,0,13.8206879198551,0,0,0,15.4177221953869,0,0,0,0.242378920316696,0,0,0,0,0,0.167902186512947,0,0,0,0.440486773848534,0,0,12.6996448785067,0,0,0,0,0,0,0,0,0,0,0,0,0,0,0,10.5265212059021,0,0,14.3594251573086,0,7.72388537228107,0,0
0,0,0,0,0,0,0,0,0.334199130535126,0,0,0,0,0,0,0,6.74033617973328,14.5824143141508,432.725504294038,0,0,0,0,0,0,0,0,0,0,0,0,0,0,0,0,65.9808167368174,0,0,0,653.977611422539,0,227.617776036263,0.0996409580111504,23.2283340990543,0,0,0,0,0,0.658852115273476,0,0,0,0,0,0,0,19.8498391956091,0,0,0,0,1346.7351398468,0,0,0,0,0,0,0,0,0,0.154231190681458,0,0,0,0,0,1075.05217929184,0,297.860091030598,0,62.5669343322515,0,1449.9400973767,2.19600932300091,0
73.9032390415668,0.617360234260559,10.7135732769966,0,4.62716320157051,0,0,0,4.54480464756489,0,0,0,0,0,0.484761759638786,0,7.13231091201305,16.7322022467852,398.353582166135,0,106.856309324503,0,0,0,0,0,0,0,0,0,0,0,0,0,0,0,2.35842686891556,0,35.8610810786486,2.60326170921326,3.33970840275288,1.08530659973621,1058.57313782722,0.564658522605896,15.4177221953869,0,0,0,24.7004276812077,0,0.760057851672173,0,0,0,0.569054186344147,0,4.67990098148584,0,2.74520081281662,0,2.9559091180563,0,0,1345.55600947887,0,0,0,0,0,0,0,0,0,13.9065472111106,0,0,0,0,4.5552633702755,479.680777058005,0,20.9288095384836,287.688470765948,5.24909847974777,448.229869909585,0,14.9767946004868
0,0,0,0,0,7.30669069290161,0,0,0,0,0,0,0,0,0,0,0,0,0,0,0,0,0,0,0,0,0,0,0.346601009368896,0,0,1061.7720181644,520.212517440319,1286.72084638476,827.84507521987,92.5275615006685,22.993833899498,20.5339420735836,448.539294213057,0,566.736641183496,39.4589537978172,453.583646580577,0,0,0,0,0,5883.69784501195,903.252396464348,0,0,0,0,0,0,0,0,0,0,0,0,0.13282373547554,0,0,0,0,0,0,0,0,1.30033032596111,0,0,2297.99882747233,115.007640659809,353.167278379202,135.019776418805,127.970054909587,0.698768496513367,168.020302325487,271.69119079411,4439.10518184304,447.116891384125,1315.08548663557,0,13.0410182774067
223.579854145646,0,257.420474022627,0,21.0233721882105,0,0,0,49.9416411370039,0,0,0,31.3062662482262,0,53.0548036694527,0,0,0,40.2146189212799,0,2.17291778326035,0,11.8031308054924,0,0.834058701992035,0,0,0,2.96683984994888,0,0,0,12.1875095516443,1.9089860022068,33.4272377192974,1.75541567802429,4.23301945626736,0,589.001709908247,0,3483.85865043849,2.59537833929062,618.236227706075,0,0,0,24.7004276812077,5883.69784501195,0,614.15202973783,8.53492480516434,0,0,0,8.83167520165443,0,47.3072476312518,0,47.4602134153247,0,98.6848188340664,0,0,30.6400364041328,0,60.5639191269875,0,0,0,21.0129566192627,0,152.920805543661,0,191.953554041684,0,0,0,103.17376999557,56.2346463501453,575.727010957897,0,480.288815975189,1648.98941905797,16.1541010886431,1380.8534969613,0,0.36471363902092
0,114.936770677567,0,112.269414275885,0,5.09621381759644,0,0,0,16.2607820481062,0,0,0,0,0,0,0,0.466731563210487,25.1679971069098,1.82218980789185,0,40.6169535517693,0,0,0,0,0,0,0,0,0,0,0,12.8267667591572,0,3.20785042643547,0,541.494091719389,0,170.976246252656,1.59531092643738,489.927640765905,14.6840581595898,4.09620988368988,0,0.658852115273476,0,903.252396464348,614.15202973783,0,0,0,0,0,0,51.1953328847885,0,28.0933025330305,0,4.45423504710197,0,78.1251033246517,0.721263259649277,0,64.4202367961407,0,59.9757248461246,0,60.761017292738,0,8.77446398139,0,89.4741255640984,0,0,0,1.11271071434021,0,69.7183828055859,1.47586858272552,423.36381572485,0,933.020343065262,3.43026089668274,1091.13784572482,19.3739651441574,1.72773595154285
0,0,119.022588208318,0,489.240291565657,0,453.441873669624,0,24.6322421133518,0,0,0,0,0,2.00017395615578,0,0,0,0,0,0.462301194667816,0,0,0,0,0,0,0,0,0,0,0,0,0,0,0,1.64304131269455,0,0,0,7.46731619536877,0,4.71388360857964,0,0.242378920316696,0,0.760057851672173,0,8.53492480516434,0,0,0,27.749076962471,0,0,0,147.862163558602,0,65.4947468787432,0,128.463630840182,0,0,0,0,0,0,0,0,0,0,0,0,0,0,0,0,0,0,0.135453373193741,0,0,155.358501628041,6.34525270015001,75.0047204941511,0,0
0,0.782655209302902,0,168.800072625279,0,443.630992233753,0,86.4314053058624,0,112.582322493196,0,0,0,0,0,23.4963162243366,0,0,0,0,0,0,0,0,0,0,0,0,0,0,0,0,0,0,0,28.5299139022827,0,0,0,0,0,1.303217202425,0,0,0,0,0,0,0,0,0,0,0,32.839495241642,0,11.7265469133854,0,160.416390523314,0,36.7177209407091,0,87.6997496783733,0,0,0,0,0,0,0,0,0,0,0,0,0,0,0,0,23.6436070203781,0,0,0,880.166412681341,35.3244225382805,232.097509995103,0,0
0,0,0,0,102.009521007538,0,316.819676846266,0,0,0,0,0,0,0,0,0,0,0,0,0,0,0,0,0,0,0,0,0,0,0,0,0,0,0,0,0,0,0,0,0,0,0,0,0,0,0,0,0,0,0,27.749076962471,0,0,0,0,0,0,0,0,0,0,0,0,0,0,0,0,0,0,0,0,0,0,0,0,0,0,0,0,0,0,0,69.7897336483002,0,0,0,0
0,0,0,0,0,11.5972147583961,0,271.491706192493,0,0,0,2.88615855574608,0,0,0,0,0,0,0,0,0,0,0,0,0,0,0,0,0,0,0,0,0,0,0,0,0,0,0,0,0,0,0,0,0,0,0,0,0,0,0,32.839495241642,0,0,0,0,0,424.994102045894,0,0,0,0,1.89803010225296,0,0,0,0,0,0,0,0,0,0,0,0,0,0,0,0,0,0,0,99.9146254062653,0,0,0,0
609.468050301075,0,348.248785078526,0,0,0,0,0,740.202809289098,0,0,0,0,0,47.6951058506966,0,0,0,0,0,0,0,0,0,329.596231177449,0,0,0,0,0,0,0,0,0,0,0,0,0,25.7642869055271,0,0,0,34.8951386809349,0,0,0,0.569054186344147,0,8.83167520165443,0,0,0,0,0,0,0,2.77157831192017,0,5.3394678235054,0,141.355657175183,0,0,0,0,0,0,89.2950536310673,0,8.93106460571289,0,0,0,0,0,0,0,0,0,0.726167023181915,0,45.6679910719395,324.289531894028,3.73771207034588,32.494749635458,0,0
0,603.701003983617,0,467.790645688772,0,16.1565502882004,0,0,0,665.605480775237,0,0,0,0,0,12.0615198910236,0,90.1864988803864,2.55421963334084,0,0,0,0,119.318966701627,0,4.4869664311409,0,0,0,0,0,0,0,0,0,0,0,53.720706731081,0,0,0,38.2730273753405,0,0,0,0,0,0,0,51.1953328847885,0,11.7265469133854,0,0,0,0,0,19.5750690102577,0,0,0,532.686441779137,0,0,0,0,241.303251236677,0,0,0,0,0,0,0,0,0,0,0,0,0,272.914691269398,0,234.609546169639,3.18416365981102,212.283659681678,1.42816443741322,0
36.4435857087374,0,71.2885485589504,0,63.500352203846,0,0,0,48.0489334315062,0,1369.14604488015,0,237.545410647988,0,52.5014629364014,0,0.646548628807068,0,3.63863426446915,0,105.221558049321,0,0,0,0,0,0,0,0,0,55.8900134563446,0,0,0,0,0,5.56441804766655,0,9.04702469706535,0,4.88974076509476,0,118.607810348272,0,0.167902186512947,0,4.67990098148584,0,47.3072476312518,0,147.862163558602,0,0,0,2.77157831192017,0,0,0,714.093993395567,0,263.229693382978,0,0,449.941470526159,0,0,0,0,0,0,0,139.365698218346,0,19.3934010267258,0,0,0,0,0,4.85650718212128,0,0,170.559936054051,9.46411552280188,612.869300819933,0,11.3707790672779
0,23.5857674479485,0,96.0410016253591,0,3.26947967708111,0,35.8926980793476,0,2.04884639382362,0,1478.71360521019,0,16.4829893112183,0,1.90006472170353,0,0,68.8715406060219,3.51507616043091,0,0,0,0,0,0,0,0,0,6.42812776565552,0,0,0,0,0,1.25511744618416,0,6.14525032043457,0,31.8077645227313,0,271.240332014859,1.15573792159557,5.62625892460346,0,19.8498391956091,0,0,0,28.0933025330305,0,160.416390523314,0,424.994102045894,0,19.5750690102577,0,0,0,333.531675338745,0,32.0761955976486,192.479142650962,0,0,0,0,0,0,0,70.690077573061,0,252.002747014165,0,0,0,0,0,41.4117891862988,0.215050101280212,0,0,230.797107957304,0.121575392782688,1104.48578178883,23.3246060013771,0
42.5382195264101,0,8.762411236763,0,15.2746975123882,0,27.1494605243206,0,36.9933643788099,0,234.499434486032,0,711.632699891925,0,72.2641197741032,0,0,0,0,0,0.789908334612846,0,0,0,0,0,0,0,0,0,0,0,0,0,0,0,0.186184123158455,0,0,0,5.09909797459841,0,51.1512988358736,0,0,0,2.74520081281662,0,47.4602134153247,0,65.4947468787432,0,0,0,5.3394678235054,0,714.093993395567,0,0,0,102.801492527127,0,0,9.15446227788925,0,0,0,0,0,0,0,72.6062881946564,0,0.555459976196289,0,0,0,0,0,1.36570781469345,0,0,90.1522960886359,4.44516755640507,177.002081401646,0,0.894235968589783
0,0.55525866150856,0,31.6874596178532,0,0,0,0,0,0,0,36.498707652092,0,251.158257365227,0,253.761053085327,0,0,0,0,0,0,0,0,0,0,0,0,0,0,0,0,0,0,0,0,0,0,0,0,0,2.54046902060509,0,0,0,0,0,0,0,4.45423504710197,0,36.7177209407091,0,0,0,0,0,333.531675338745,0,0,0,68.6637822836637,0,0,0,0,0,0,26.504930973053,0,673.314770549536,0,0,0,0,0,0,0,0,0,0,0,228.867639601231,26.49837911129,17.63390442729,0,0
730.482511371374,0,99.7017593085766,0,171.283897250891,0,0,0,515.115239441395,0,0,0,12.2788201868534,0,318.238312929869,0,0,0,0,0,1.55306021869183,0,0,0,3.59444719552994,0,5.92191019654274,0,0,0,0,0,0,0,0,0,2.85004258155823,0,0,0,6.03497037291527,0,366.278427809477,0,0.440486773848534,0,2.9559091180563,0,98.6848188340664,0,128.463630840182,0,0,0,141.355657175183,0,263.229693382978,0,102.801492527127,0,0,0,0,12.030986443162,0,0,0,57.4409173429012,0,2.38450390100479,0,0,0,1.16294646263123,0,0,0,0,0,3.15864551067352,0,0,141.460759177804,6.9433030039072,419.862167686224,0,1.52400130033493
0,37.9204957634211,0,418.449763670564,0,57.068832308054,0,0,0,524.860072821379,0,0,0,67.852518081665,0,371.846198454499,0,3.53991377353668,1.11941479146481,0,0,0,0,3.80262184143066,0,16.3786571323872,0,0,0,0,0,0,0,0,0,0,0,0,0,0,0,77.7438409030437,0,0,0,0,0,0,0,78.1251033246517,0,87.6997496783733,0,0,0,532.686441779137,0,32.0761955976486,0,68.6637822836637,0,0,0,0,0,0,0,0,8.90687593817711,0,30.7610463500023,0,2.03323048353195,0,0,0,0,0,1.27656185626984,0,0,0,450.937934160233,160.214204698801,118.571033120155,1.03920650482178,0
0,0,0,1.26106403768063,0,0,0,29.7071838378906,0,0,0,235.113068193197,0,0,0,0,0,0,9.89111296832561,2046.10386934876,0,0,0,0,0,0,0,0,0,0,0,0,0,0,0,569.253548189998,0,1.19095611572266,0,175.855227313936,0,26.3283801525831,0.334756091237068,1.50879211723804,0,1346.7351398468,0,0.13282373547554,0,0.721263259649277,0,0,0,1.89803010225296,0,0,0,192.479142650962,0,0,0,0,0,0,0,0,0,0,0,0,0,0,3.37339025735855,0,0,0,0,0,1695.75896313787,0,92.0431734696031,0,33.5976086780429,0,898.443032294512,0,0
196.988703995943,0,13.0041195452213,0,0,0,0,0,3.11513131856918,0,71.3501773774624,0,0.904605865478516,0,1.17154559493065,0,32.6404734104872,47.3581981658936,948.265063278377,0,2261.60669545829,0,0,0,0,0,0,0,0,0,0,0,0,0,0,0,1517.1494377628,0,318.718970641494,11.9502831026912,121.197912015021,3.54372884333134,802.735935434699,1.61431866884232,12.6996448785067,0,1345.55600947887,0,30.6400364041328,0,0,0,0,0,0,0,449.941470526159,0,9.15446227788925,0,12.030986443162,0,0,0,0,0,0,0,0,0,0,0.719949215650558,0,145.303557738662,0,0,0,0,1.66980135440826,1688.61929364502,0,503.205359980464,838.010592609644,9.24700021743774,1909.24765054137,0,70.632650449872
0,0,0,0,0,0,0,0,0,0,0,0,0,0,0,0,0,0,0,0,0,3895.60834608227,0,64.1463859081268,0,6.13160473108292,0,28.9599719643593,0,0,0,0,0,0,0,0,0,322.947033166885,0,0,0,0,0,0,0,0,0,0,0,64.4202367961407,0,0,0,0,0,0,0,0,0,0,0,0,0,0,0,0,142.755193009973,0,40.1003016978502,0,352.657269388437,0,0,0,0,0,0,0,0,0,279.042173504829,0,117.398537367582,4.68421745300293,0,0,0
0,0,0,0,0,0,0,0,0,0,0,0,0,0,0,0,38.8132064342499,0,0,0,0,0,3877.63466461003,0,73.777355208993,0,61.5822454541922,0,14.4335623383522,0,0,0,0,0,0,0,0,0,99.5274127274752,0,0,0,0,0,0,0,0,0,60.5639191269875,0,0,0,0,0,0,0,0,0,0,0,0,0,0,0,0,0,0,92.8277458399534,0,67.4995818883181,0,11.5571272969246,0,0,0,0,0,0,0,0,0,25.983709603548,17.1717611551285,0,0,0,0
0,0,0,0,0,0,0,0,0,0.631081461906433,0,0,0,0,0,0,0,0.717420995235443,0,0,0,68.0724488943815,0,634.325741171837,0,12.9179913401604,0,0,0,0,0,0,0,0,0,0,0,518.153690740466,0,0,0,1.38943895697594,0,0,0,0,0,0,0,59.9757248461246,0,0,0,0,0,241.303251236677,0,0,0,0,0,0,0,0,142.755193009973,0,0,0,171.079785898328,0,14.0955415666103,0,0,0,0,0,0,0,0,0,990.830891266465,0,120.200044602156,0,197.333523243666,0,0
0,0,0,0,0,0,0,0,88.091468244791,0,0,0,0,0,0,0,0,0,0,0,0,0,261.839495971799,0,147.458956763148,0,0,0,0,0,0,0,0,0,0,0,0,0,1121.5686430335,0,0,0,0,0,0,0,0,0,0,0,0,0,0,0,89.2950536310673,0,0,0,0,0,57.4409173429012,0,0,0,0,92.8277458399534,0,0,0,177.31082957983,0,0,0,0,0,0,0,0,0,0,0,563.143290877342,14.2195604592562,0,117.164144188166,0,0
0,0,0,0,0,0,0,0,0,27.8485333919525,0,0,0,0,0,5.48939073085785,0,1.01103520393372,0,0,0,4.99615210294724,0,555.968430250883,0,218.283590897918,0,0,0,0,0,0,0,0,0,0,0,0,0,0,0,0,0,0,0,0,0,0,0,60.761017292738,0,0,0,0,0,0,0,0,0,26.504930973053,0,8.90687593817711,0,0,40.1003016978502,0,171.079785898328,0,0,0,141.446236625314,0,0,0,0,0,0,0,0,0,0,0,106.899446427822,0,0,0,0
0,0,0,0,0,0,0,0,79.9140097498894,0,0,0,0,0,14.0828729867935,0,38.1689229011536,0,0,0,0,0,458.661239981651,0,152.843153133988,0,1246.15638124943,0,100.789429455996,0,0,0,0,0,0,0,0,0,0,0,0,0,0,0,0,0,0,0,21.0129566192627,0,0,0,0,0,8.93106460571289,0,0,0,0,0,2.38450390100479,0,0,0,0,67.4995818883181,0,177.31082957983,0,0,0,350.998642340302,0,0,0,0,0,0,0,0,0,0,8.50736832618713,0,0,0,0
0,0,0,0,0,0,0,0,0,0,0,0,0,0,0,0,0,0,0,0,0,5.36793828010559,0,0,0,0,0,900.70880395174,0,53.7422585487366,0,0,0,0,0,0,0,0,0,0,0,0,0,0,0,0,0,0,0,8.77446398139,0,0,0,0,0,0,0,70.690077573061,0,673.314770549536,0,30.7610463500023,0,0,352.657269388437,0,14.0955415666103,0,141.446236625314,0,0,0,7.81939417123795,0,0,0,0,0,0,0,199.169654399157,0,0,0,0,0,0
0.6227807700634,0,1.15817455947399,0,0,0,0,0,1.92489117383957,0,0,0,0,0,0,0,0,0,0,0,0,0,3.11820051074028,0,0,0,462.691356316209,0,335.774530231953,0,0,0,0,0,0,0,0,0,23.5152844488621,0,0.147716909646988,0,2.21873736381531,0,0,0,0,1.30033032596111,152.920805543661,0,0,0,0,0,0,0,139.365698218346,0,72.6062881946564,0,0,0,0,0.719949215650558,0,11.5571272969246,0,0,0,350.998642340302,0,0,0,207.945775032043,0,0,0,0,0,0,0,196.358585208654,10.7047340720892,0,183.546018630266,0,0
0,0.797853469848633,0,7.33494065701962,0,0,0,0,0,0,0,183.974999338388,0,0,0,0,0,0,12.3700637817383,0,0,0,0,0,0,0,0,425.308376699686,0,551.879693686962,0,0,0,0,0,0,0,15.379026889801,0,4.00040280818939,0,17.6924508213997,0,0.731500446796417,0,0.154231190681458,0,0,0,89.4741255640984,0,0,0,0,0,0,0,252.002747014165,0,0,0,2.03323048353195,3.37339025735855,0,0,0,0,0,0,0,7.81939417123795,0,0,0,0,0,0,0,1.29459309577942,0,3.96627452969551,0,24.3432665616274,0,93.1075184419751,2.15963315963745,0
10.5997589230537,0,7.62346787750721,0,0.943142056465149,0,0,0,3.63781908154488,0,0,0,0,0,0,0,0,0.571736603975296,29.8847781270742,0,0,0,0,0,0,0,0,0,0,0,37.4619936943054,0,0,0,0,0,0.159529745578766,0,0.759962767362595,0,1.99159491062164,0,214.912934362888,0,0,0,13.9065472111106,0,191.953554041684,0,0,0,0,0,0,0,19.3934010267258,0,0.555459976196289,0,1.16294646263123,0,0,145.303557738662,0,0,0,0,0,0,0,207.945775032043,0,0,0,0,0,0,0,7.11375837773085,0,55.2733091413975,223.060430809855,2.37794207781553,768.526407554746,0,26.7614060342312
0,0,0,0,0,0,0,0,0,0,0,0,0,0,0,0,0,0,0,0,0,0,0,0,0,0,0,0,0,0,0,3288.33527524769,0,20.7770630419254,0,338.172220811248,0,0,0,0,0,0,0,0,0,0,0,2297.99882747233,0,0,0,0,0,0,0,0,0,0,0,0,0,0,0,0,0,0,0,0,0,0,0,0,0,0,0,0,82.7332579493523,0,265.384681731462,0,0,0,66.6700305938721,0,0,0,0
0,0,0,0,0,0,0,0,0,0,0,0,0,0,0,0,0,0,0,0,0,0,0,0,0,0,0,0,0,0,0,0,723.670903921127,0,0,0,365.346095263958,0,0,0,0,0,0,0,0,0,0,115.007640659809,0,0,0,0,0,0,0,0,0,0,0,0,0,0,0,0,0,0,0,0,0,0,0,0,0,0,0,0,0,116.03997951746,0,204.745057821274,0,0,162.240024983883,0,0,0,0
0,0,0,0,0,0,0,0,0,0,0,0,0,0,0,0,0,0,0,0,0,0,0,0,0,0,0,0,0,0,0,59.9541464149952,0,1892.15657453239,76.3464945107698,190.865972220898,0,49.6065932363272,0,0,0,0,8.12422302365303,0,0,0,0,353.167278379202,0,1.11271071434021,0,0,0,0,0,0,0,0,0,0,0,0,0,0,0,0,0,0,0,0,0,0,0,0,82.7332579493523,0,0,8.06299549341202,319.036229774356,0,316.621933713555,0,86.5426099002361,0.426668643951416,31.3613888174295,0,0
0,0,0,0,0,0,0,0,0,0,0,0,0,0,0,0,0,0,0,0,0,0,0,0,0,0,0,0,0,0,0,0,0,590.197194799781,1783.79778245091,0,207.683673322201,0,202.535569310188,0,0,0,0,0,0,0,0,135.019776418805,103.17376999557,0,0,0,0,0,0,0,0,0,0,0,0,0,0,0,0,0,0,0,0,0,0,0,0,0,0,116.03997951746,8.06299549341202,0,0,193.4549497962,0,149.818799227476,209.293248057365,0,0,0,0
0,38.4578790515661,0,0.137746453285217,0,8.74221837520599,0,0,0,0.195322886109352,0,21.2555284500122,0,0,0,0,11.8382028490305,56.1002541035414,1074.50534005463,471.459585189819,0,0,0,0,0,0,0,0,0,0,0,64.0748930126429,0,16.4550112038851,0,16278.356609717,38.2513796985149,1308.90216721594,0,1312.70673114061,0,414.827953964472,4.51187822967768,60.3793431073427,0,1075.05217929184,4.5552633702755,127.970054909587,56.2346463501453,69.7183828055859,0,23.6436070203781,0,0,0,0,0,41.4117891862988,0,0,0,1.27656185626984,1695.75896313787,1.66980135440826,0,0,0,0,0,0,0,0,1.29459309577942,0,265.384681731462,0,319.036229774356,0,0,10.1384080946445,1621.33606620133,0,702.726514592767,0,1515.2840269655,154.145879581571,0.211942136287689
245.151236534119,2.90376295149326,11.2651966139674,0,35.0211890339851,0,0,0,7.59981931746006,0,0,0,0,0,0.370052456855774,0,49.4416579604149,24.6087976396084,1480.09530199319,0,640.416092939675,0,0,0,0,0,0,0,0,0,0,0,311.247216701508,0,74.1751289367676,97.7768962979317,9087.9322014153,0,523.19215990603,18.6127306967974,1972.5434519127,5.72001107037067,1485.73054310679,0.426310375332832,10.5265212059021,0,479.680777058005,0.698768496513367,575.727010957897,1.47586858272552,0.135453373193741,0,0,0,0.726167023181915,0,4.85650718212128,0.215050101280212,1.36570781469345,0,3.15864551067352,0,0,1688.61929364502,0,0,0,0,0,0,0,0,0,7.11375837773085,0,204.745057821274,0,193.4549497962,10.1384080946445,0,0,1161.20848423243,1020.39298652858,4.88826338946819,910.76482219249,2.40787244588137,197.146936193109
0,3.61398157477379,0,1.2628800868988,0,0,0,0,0,8.72803092002869,0,84.7535426616669,0,0,0,0,0,0,31.3496648520231,0,0,144.195528581738,0,107.435164898634,0,0,0,1.33919888734818,0,22.8913159072399,0,0,0,731.501105844975,0,308.035835444927,0,10083.5160773546,0,15.8390942364931,0,4.64263159036636,0,0.803990453481674,0,297.860091030598,0,168.020302325487,0,423.36381572485,0,0,0,0,0,272.914691269398,0,0,0,0,0,0,92.0431734696031,0,279.042173504829,0,990.830891266465,0,0,0,199.169654399157,0,3.96627452969551,0,0,0,316.621933713555,0,1621.33606620133,0,0,0,233.950309470296,3.03529238700867,486.950705319643,2.27711391448975,0
27.9821752607822,0,0,0,0,0,0,0,14.5449470877647,0,0,0,0,0,0,0,2.85770691931248,0.727650940418243,32.0176122039557,0,163.189507290721,0,301.213309198618,0,115.179818838835,0,0,0,110.798668384552,0,0.839923024177551,0,0,0,401.726299256086,0,754.349937595427,10.0615887641907,11819.1106226295,0.222471073269844,4.09080788493156,0,5.36957743763924,0,0,0,20.9288095384836,271.69119079411,480.288815975189,0,0,0,0,0,45.6679910719395,0,0,0,0,0,0,0,0,503.205359980464,0,25.983709603548,0,563.143290877342,0,0,0,196.358585208654,0,55.2733091413975,0,0,0,149.818799227476,0,1161.20848423243,0,0,430.05800704658,0.651808947324753,82.0822274982929,0,5.82193942368031
