0,0,104.396731033921,0,2.66375023126602,0,0,0,266.520191058517,0,0,0,0,0,0,0,0,0,24.6470187455416,0,0,0,0,0,2.73382008075714,0,0,0,0,0,0,0,0,0,0,0,0,0,0.988074079155922,0,0.520822286605835,0,28.0604677647352,0,0,0,0.249631926417351,0,426.601835727692,0.213275074958801,0,0,0,0,210.348218664527,0,0,0,0,0,109.834038123488,0,0,0,0,0,0,0.411385536193848,0,0,0,0,0,0,0,0,0,0,0,1.88992981612682,0,0.229176014661789,450.999224558473,1.4053875207901,282.205013513565,0,1.26887571811676
0,0,0,1454.61511877179,0,0,0,0,0,461.004143163562,0,0,0,0,0,3.53871780633926,1.01590330153704,0.23532697558403,21.7660325616598,0,0,0,0,0,0,0,0,0,0,0,0,0,0,0,0,0,0,2.27466529607773,0.23468953371048,8.77645230293274,0,83.0821870267391,0.174479812383652,0.386296272277832,0,34.4151105880737,0,0,0,682.721299424767,0,0,0,0,0,192.124906897545,0,103.95046775043,0,15.0757630765438,0,240.126058384776,2.08133466541767,0,0,0,0,0,0,0,0,0,29.9491620063782,0,0,0,0,0,75.9287776350975,0,8.35945758223534,0,304.393299952149,0,934.059287250042,3.75963014364243,0
104.396731033921,0,0,0.294039249420166,32.449740588665,0,0,0,89.4839300066233,0,0,0,0,0,0,0,0.130039408802986,0,1.71214783191681,0,1.9002428650856,0,0,0,0.324860274791718,0,0,0,0,0,0,0,0,0,0,0,4.32743790745735,0,1.02603296935558,0,16.5964428037405,3.95407603681087,105.907216086984,0,1.08296895027161,1.54874122142792,18.6633583158255,0,126.339105963707,6.0076476931572,2.45525550842285,0,0,0,33.6910758167505,0,40.1098040491343,0,59.3829427957535,0,6.90684033930302,0,0.386761516332626,11.7262022346258,0,0,0,0,0,0,0,0,0,0.860663294792175,0,0,0,0,0,31.4283210113645,0,6.63116686046124,91.8309494033456,6.56616303324699,1265.43825289607,0,4.33198407292366
0,1454.61511877179,0.294039249420166,0,0,41.7176227271557,0,0,0,51.5125648379326,0,3.49152326583862,0,0,0,0,0,2.01075302064419,5.08625765144825,50.5624764561653,0,0,0,0,0,0,0,0,0,0,0,0,0,0,0,89.0170710533857,1.47142943739891,0,0,67.9167563617229,0,84.7735319286585,0,0,0,106.409596130252,0,0,0,302.488226413727,0,78.7467476725578,0,0,0,132.65543910861,0,22.6064975261688,0,109.97902789712,0,109.905047297478,4.94951982796192,0,0,0,0,0,0,0,0,0,4.27109552919865,0,0,0,0,0,41.4341711252928,0,10.7012246251106,0,621.172659054399,9.71244803071022,2370.00780315697,0,0
2.66375023126602,0,32.449740588665,0,0,0,0,0,6.76756238937378,0,0,0,0,0,0,0,0,0,0.750241607427597,0,268.674317359924,0,0,0,0,0,0,0,0,0,0,0,0,0,0,0,7.15222844481468,0,0,0,3.73473836481571,0.765432417392731,21.6310434937477,0,0,1.87983798980713,1.96397531032562,1.07560741901398,11.2503341585398,2.67599850893021,0.321817100048065,0,0,0,4.31173312664032,0,0,0,0.748633623123169,0,0,0,0,141.93112590909,0,0,0,0,0,0,0,0,0,0.23892143368721,0,0,0,0,0,4.26318491995335,0,0,303.861093208194,0.155804440379143,437.320494368672,0,0
0,0,0,41.7176227271557,0,0,0,0,0,44.4327645897865,0,0,0,0,0,0,0,0,0,15.0697531104088,0,0,0,0,0,0,0,0,0,0,0,0,0,0,0,1.18434143066406,0,0,0,0,0,0,0,0,0,0,0,0,0,0,0,2.66976690292358,0,0,0,0,0,4.7604660987854,0,0,0,0,0,0,0,0,0,0,0,0,0,0,0,0,0,0,0,0,0,0,0,0,115.015837430954,44.5480029881001,68.8499314188957,0,0
0,0,0,0,0,0,0,0,0,0,26.2261824011803,0,0,0,0,0,0,0,0,0,111.105892062187,0,0,0,0,0,0,0,0,0,0,0,0,0,0,0,0,0,0,0,0,0,0,0,0,0,0,0,0,0,0,0,0,0,0,0,21.9459399878979,0,0,0,0,0,0,6.36704975366592,0,0,0,0,0,0,0,0,0,0,0,0,0,0,0,0,0,0,0,0,0,0,0
0,0,0,0,0,0,0,0,0,0,0,0,0,0,0,0,0,0,0,0,0,0,0,0,0,0,0,0,0,0,0,0,0,0,0,0,0,0,0,0,0,0,0,0,0,0,0,0,0,0,0,0,0,3.36102271080017,0,0,0,120.427679300308,0,0,0,0,0,0,0,0,0,0,0,0,0,0,0,0,0,0,0,0,0,0,0,0,1,14.9057354927063,0,0,0
266.520191058517,0,89.4839300066233,0,6.76756238937378,0,0,0,0,0,0,0,0,0,47.4448593258858,0,73.4607973843813,17.1017451584339,14.7140187174082,0,0,0,0,0,80.9467949867249,0,0,0,0,0,0,0,0,0,0,0,0,0,88.369629740715,0,0.740073576569557,0,97.3534858971834,0,0,0,0,0,3.51690211892128,0,0,0,0,0,948.707319259644,0,0,0,0,0,41.9565857052803,0,0,0,0,0,0,21.8078864216805,0,0,0,0,0,0,0,0,0,0,0,0.261763751506805,0,180.815339177847,888.842217579484,19.3192676305771,531.433142721653,0,24.4197183251381
0,461.004143163562,0,51.5125648379326,0,44.4327645897865,0,0,0,0,0,0,0,0,0,315.710013628006,0,8.66743230819702,19.2694594860077,0,0,0,0,37.0456090271473,0,0,0,0,0,0,0,0,0,0,0,0,0,11.3616237044334,0,0,0,224.461529642344,0,0,0,0,0,0,0,4.39815199375153,0,0,0,0,0,1156.43093711138,0,3.66060021519661,0,0,0,205.192722305655,0.258135378360748,0,0,0,270.512874141335,0,3.86294269561768,0,0,0,10.1738731265068,0,0,0,0,0,1.30893568694592,0,48.8933951407671,0,1125.29634314775,105.22671726346,265.140882506967,109.464531049132,0
0,0,0,0,0,0,26.2261824011803,0,0,0,0,0,239.590977430344,0,0,0,0,0,0,0,666.377752810717,0,0,0,0,0,0,0,80.9796701669693,0,11.4606862962246,0,0,0,0,0,222.647984623909,0,2350.29219657183,0,0,0,0,0,0,0,0,0,0,0,0,0,79.1154105067253,0,0,0,1658.51475487649,0,72.2308368682861,0,0,0,0,371.546682298183,0,0,0,0,0,0,0,87.946653842926,0,211.294909983873,0,0,0,0,0,75.4183594584465,0,605.098565816879,175.643726363778,0,26.7135671377182,0,0
0,0,0,3.49152326583862,0,0,0,0,0,0,0,0,0,318.31618860364,0,0,0,0,0,557.68605145812,0,0,0,0,0,0,0,33.6967426538467,0,287.166934788227,0,0,0,0,0,50.0306116938591,0,3527.39909918606,0,0,0,0.449868321418762,0,0,0,0,0,0,0,0,0,0,0,0,0,0,0,1499.13679006696,0,1465.9870646596,0,0,49.0153329968452,0,0,0,0,0,0,0,434.383977472782,0,343.119867920876,0,0,0,0,0,0,0,934.267936810851,0,813.950464218855,539.185472428799,4.82382160425186,0,0
0,0,0,0,0,0,0,0,0,0,239.590977430344,0,0,0,5.66459155082703,0,0,0,0,0,0,0,0,0,0,0,24.7137286663055,0,0,0,0,0,0,0,0,0,0,0,0,0,0,0,0,0,0,0,0,0,0,0,0,0,0,0,0,0,593.605119526386,0,531.663688659668,0,1,0,0,0,0,0,0,0,0,108.149037241936,0,0,0,0,0,0,0,0,0,0,0,0,75.4384961128235,0,0,0,0
0,0,0,0,0,0,0,0,0,0,0,318.31618860364,0,0,0,855.741102188826,0,0,0,0,0,0,0,0,0,30.6086890697479,0,8.44294184446335,0,9.28240728378296,0,0,0,0,0,0,0,0,0,0,0,0,0,0,0,0,0,0,0,0,0,0,0,0,0,0,0,38.4171862006187,0,700.978955149651,0,18.5336812734604,0,0,0,0,0,0,5.83871418237686,0,53.1104059815407,0,4.40369343757629,0,0,0,0,0,0,0,0,0,428.783329606056,504.860968470573,0,0,0
0,0,0,0,0,0,0,0,47.4448593258858,0,0,0,5.66459155082703,0,0,0,0,0,0,0,0,0,0,0,0,0,62.541323184967,0,0,0,0,0,0,0,0,0,0,0,0,0,0,0,0,0,0,0,0,0,0,0,0,0,0,0,133.267078578472,0,0,0,0,0,30.0205637216568,0,0,0,0,0,0,0,0,92.8263969421387,0,0,0,0,0,0,0,0,0,0,0,0,2.12891286611557,0,0,0,0
0,3.53871780633926,0,0,0,0,0,0,0,315.710013628006,0,0,0,855.741102188826,0,0,0,159.032737374306,0,0,0,0,0,2.63118195533752,0,75.6962231993675,0,0,0,0,0,0,0,0,0,0,0,0,0,0,0,0,0,0,0,0,0,0,0,0,0,0,0,0,0,377.170015096664,0,0,0,985.16478100419,0,363.15435358882,0,0,0,0,37.4230656474829,0,322.398232936859,0,0,0,0,0,0,0,0,0,0,0,0,0,281.648793637753,0,0,0,0
0,1.01590330153704,0.130039408802986,0,0,0,0,0,73.4607973843813,0,0,0,0,0,0,0,0,18205.0096031427,5559.31186327338,1.14576041698456,0,0,54.9512116909027,1.76391696929932,13.7175250351429,0,15.8767041563988,0,0,0,0,0,0,0,0,0,0,0,0,14.8250949755311,48.227481752634,90.9730632007122,365.669943258166,3.7365977615118,16.7396403625607,6.34537388384342,6.59336976706982,0,1.90373182296753,0,0,0,0,0,0,0,0,1.52299606800079,0,0,43.6291792988777,0,4.49675413966179,0,0,9.44297504425049,3.95725917816162,2.47988621890545,0,619.357842385769,0,0,0.430772498250008,0.203932031989098,0,0,0,0,45.0066373720765,45.3511585891247,1.59138496220112,0.15760038793087,3317.42455902696,259.358477473259,220.324815884233,19.3558997511864,65.0596721172333
0,0.23532697558403,0,2.01075302064419,0,0,0,0,17.1017451584339,8.66743230819702,0,0,0,0,0,159.032737374306,18205.0096031427,0,6279.99886455387,1.55395755171776,0,16.82652592659,0,27.1777664124966,2.30543076992035,870.731159925461,0,0,0,0,0,0,0,0,0,0,0,0,0,43.4013044536114,47.3686011135578,230.595613054931,259.297656677663,26.6567256897688,22.9007621705532,32.3171389549971,5.92197972536087,0,1.90273030102253,0,0,0,0,0,0,0,0,1.2806810438633,0,0,0,5.55064535140991,7.17977215349674,0.355739772319794,10.0720930099487,0,17.6763253211975,0,462.624369651079,0,0,0,4.90331216156483,0,0,0,0,0,71.8889375701547,36.4338296502829,9.1424156203866,0,5056.3115824312,3076.48171383142,321.783816829324,79.5626914352179,57.3008730337024
24.6470187455416,21.7660325616598,1.71214783191681,5.08625765144825,0.750241607427597,0,0,0,14.7140187174082,19.2694594860077,0,0,0,0,0,0,5559.31186327338,6279.99886455387,0,3.23551428318024,0,0,0,4.79313844442368,74.9271324127913,0,0,0,0,0,0,0,0,0,0,0,0,6.31741639971733,0.480116501450539,609.740694478154,1249.44203335047,2043.28970143944,4842.79617170244,184.972449406981,377.796246938407,468.194204479456,159.599969670177,0,131.38911665976,0,0,0,0,0,0.537589058279991,1.87019065022469,0,24.7316544651985,0.300047814846039,0,0,0,129.608279943466,0,0,0,1.39218944311142,0,0,0,0,0,60.7028385847807,14.2952250987291,0,0,0,0,1143.0020480305,1052.46286185831,173.075159847736,60.8281230032444,6582.7388394326,110.139355242252,5294.52696463466,565.664325684309,745.386390566826
0,0,0,50.5624764561653,0,15.0697531104088,0,0,0,0,0,557.68605145812,0,0,0,0,1.14576041698456,1.55395755171776,3.23551428318024,0,0,0,0,0,0,0,0,0,0,0,0,0,0,0,0,2731.9353300333,0,830.914238721132,0,0.758720055222511,0,12.4652068316936,0,0,0,12.9794258773327,0,0,0,0,0,0,0,0,0,0,0,563.042283982038,0,0,0,0,1131.1804151237,0,0,0,0,0,0,0,0,0,107.133103728294,0,0,0,0,0,1742.03358057141,0,173.749413326383,0,336.240722209215,31.5008135437965,152.867647245526,10.3022946715355,0
0,0,1.9002428650856,0,268.674317359924,0,111.105892062187,0,0,0,666.377752810717,0,0,0,0,0,0,0,0,0,0,0,0,0,0,0,0,0,0,0,0,0,0,0,0,0,737.221041321754,0,855.438204944134,0,0,0.242663815617561,8.16995611786842,0,0,0,0,0,4.70108109712601,0,2.62378710508347,0,8.23252353072166,0,0,0,97.1485525369644,0,0.481861308217049,0,0.344234079122543,0,0,3647.30796065927,0,0,0,0,0,0,0,0,0,2.94811302423477,0,0,0,0,0,533.891478061676,0,397.513937532902,213.574303254485,0,183.133774608374,0,0
0,0,0,0,0,0,0,0,0,0,0,0,0,0,0,0,0,16.82652592659,0,0,0,0,1906.78787958622,141.060314208269,0,86.5585398077965,0,634.231625795364,0,0,0,0,0,0,0,0,0,1325.05492526293,26.3893911838531,0,0,0,0,0,0,0,0,0,0,1162.28248435259,0,0,0,0,0,0,0,0,0,0,0,0,0,0,12640.4454330206,57.5336907505989,24.3682409524918,0,167.026120334864,0,237.678592354059,0,0,0,0,0,0,0,0,0,413.828165456653,0,4209.96974176168,2669.09236070514,0,0,0
0,0,0,0,0,0,0,0,0,0,0,0,0,0,0,0,54.9512116909027,0,0,0,0,1906.78787958622,0,0,416.444551870227,0,360.062769964337,0,378.096696585417,0,0,0,0,0,0,0,0,0,840.408978551626,0,0,0,0,0,0,0,0,0,75.9327887892723,0,0,0,0,0,0,0,0,0,0,0,0,0,0,0,1516.00682070851,9623.94189016521,0,36.9570180773735,0,13.5058078765869,0,84.4434126317501,0,0,0,0,0,0,0,0,0,640.669522479177,2539.68643379211,247.168781340122,0,0,0
0,0,0,0,0,0,0,0,0,37.0456090271473,0,0,0,0,0,2.63118195533752,1.76391696929932,27.1777664124966,4.79313844442368,0,0,141.060314208269,0,0,0,92.1971630454063,0,7.22225058078766,0,0,0,0,0,0,0,0,0,286.223155915737,0,0,0,5.92155084013939,0,0,0,0,0,0,0,68.383311778307,0,0,0,0,0,231.448068410158,0,0,0,0,0,7.21050700545311,0,0,106.486404404044,0,489.750307738781,0,504.02938580513,0,0,0,0,0,0,0,0,0,0,0,291.80043707788,0,394.626432627439,0,1.5804702937603,0.889914572238922,0
2.73382008075714,0,0.324860274791718,0,0,0,0,0,80.9467949867249,0,0,0,0,0,0,0,13.7175250351429,2.30543076992035,74.9271324127913,0,0,0,416.444551870227,0,0,0,167.604797571898,0,0,0,0,0,0,0.252748727798462,0.701744228601456,0,0,0,785.073813930154,0,0,0,43.8442444503307,0,0,0,0,1.73531690239906,0.519968211650848,0.347452223300934,0,0,0,0,139.687814310193,0,0,0,0,0,0,0,0,0,0,57.653314769268,0,625.64926636219,0,0.319963276386261,0,0,0,0,0,0,0,0,0,0,0,1335.86187215149,860.871855676174,0.120227836072445,25.778500854969,0,14.6473969221115
0,0,0,0,0,0,0,0,0,0,0,0,0,30.6086890697479,0,75.6962231993675,0,870.731159925461,0,0,0,86.5585398077965,0,92.1971630454063,0,0,0,28.5721898078918,0,0,0,0,0,0,0,0,0,0.573240578174591,0,0,0,0,0,0,0,0,0,0,0,12.6510984003544,0,0,0,0,0,1.72378408908844,0,0,0,151.630196809769,0,2.78868341445923,0,0,13.3406262397766,0,12.6157504320145,0,1237.21287447214,0,475.10190975666,0,0,0,0,0,0,0,0,0,2.96920190751553,0,156.782250732183,0,2.90593203902245,0,0
0,0,0,0,0,0,0,0,0,0,0,0,24.7137286663055,0,62.541323184967,0,15.8767041563988,0,0,0,0,0,360.062769964337,0,167.604797571898,0,0,0,0,0,0,0,0,0,0,0,0,0,0,0,0,0,0,0,0,0,0,0,0,0,0,0,0,0,0,0,0,0,0,0,0,0,0,0,0,19.9231386780739,0,4.68195644021034,0,243.267019450665,0,0,0,0,0,0,0,0,0,0,0,0,93.3201552331448,0,0,0,0
0,0,0,0,0,0,0,0,0,0,0,33.6967426538467,0,8.44294184446335,0,0,0,0,0,0,0,634.231625795364,0,7.22225058078766,0,28.5721898078918,0,0,0,756.43709141016,0,0,0,0,0,0,0,116.547625124454,0,0,0,0,0,0,0,0,0,0,0,0,0,0,0,0,0,0,0,0,0,47.3043250441551,0,0,0,0,37.5284007787704,0,3.87701964378357,0,18.7832740545273,0,4889.72627134621,0,0,0,0,0,0,0,0,0,0,0,1290.54750402272,835.204997390509,0,0,0
0,0,0,0,0,0,0,0,0,0,80.9796701669693,0,0,0,0,0,0,0,0,0,0,0,378.096696585417,0,0,0,0,0,0,0,202.825745493174,0,0,0,0,0,0,0,59.1363458186388,0,0,0,0,0,0,0,0,0,0,0,0,0,0,0,0,0,13.5281542539597,0,0,0,0,0,0,0,0,506.876373380423,0,0,0,75.371395111084,0,1544.65332096815,0,81.4384987354279,0,0,0,0,0,0,0,458.751546189189,0,0,0,0,0
0,0,0,0,0,0,0,0,0,0,0,287.166934788227,0,9.28240728378296,0,0,0,0,0,0,0,0,0,0,0,0,0,756.43709141016,0,0,0,0,0,0,0,0,0,491.176193088293,0,0,0,0,0,0,0,0,0,0,0,0,0,0,0,0,0,0,0,146.984589368105,0,0,0,0,0,0,0,0,0,0,0,0,350.778224050999,0,103.58390557766,0,0,0,0,0,0,0,15.3399531841278,0,1039.86091977358,777.062498986721,0,0,0
0,0,0,0,0,0,0,0,0,0,11.4606862962246,0,0,0,0,0,0,0,0,0,0,0,0,0,0,0,0,0,202.825745493174,0,0,0,0,0,0,0,0,0,454.084545373917,0,0,0,0,0,0,0,0,0,0,0,0,0,0,0,0,0,82.5596504658461,0,0,0,0,0,0,0,0,0,0,0,0,0,0,336.655111551285,0,945.428969368339,0,0,0,0,0,0,0,821.1922981143,30.9698548913002,0,0,0,0
0,0,0,0,0,0,0,0,0,0,0,0,0,0,0,0,0,0,0,0,0,0,0,0,0,0,0,0,0,0,0,0,1471.98356884718,148.893135040998,52.2138946056366,37.4465029537678,48.7606063485146,0,0,0,0,0,0,0,0,0,0,536.853297576308,0,0,0,0,0,0,0,0,0,0,0,0,0,0,0,0,0,0,0,0,0,0,0,0,0,0,3066.59601646662,262.211258023977,578.887212336063,1.25762379169464,409.100690156221,0,0,0,571.072629243135,0,0,0,0
0,0,0,0,0,0,0,0,0,0,0,0,0,0,0,0,0,0,0,0,0,0,0,0,0,0,0,0,0,0,0,1471.98356884718,0,7.21555387973785,516.475345924497,6.7958996295929,466.976307809353,0,0,0,0,0,0,0,0,0,0,2752.91018265486,0,10.1080728471279,0,0,0,0,0,0,0,0,0,0,0,0,0,0,0,0,0,0,0,0,0,0,0,0,1758.33416193724,1045.22063605487,23.1922307014465,190.872967362404,63.3416677415371,0,0,0,781.041937053204,0,0,0,0
0,0,0,0,0,0,0,0,0,0,0,0,0,0,0,0,0,0,0,0,0,0,0,0,0.252748727798462,0,0,0,0,0,0,148.893135040998,7.21555387973785,0,2636.72679017484,82.4259834289551,3.72629511356354,1004.37987685204,246.146586060524,0,0,0,0,0,0,0,0,1122.5246655643,0.914419233798981,0,0,0,0,0,0,0,0,0,0,0,0,0,0,0,0,0,0,0,0,0,0,0,0,0,46.948746830225,2.57402372360229,5430.18928155303,385.188063666224,94.8177514076233,0,502.598730504513,260.267447352409,179.702086687088,0,0,0,0
0,0,0,0,0,0,0,0,0,0,0,0,0,0,0,0,0,0,0,0,0,0,0,0,0.701744228601456,0,0,0,0,0,0,52.2138946056366,516.475345924497,2636.72679017484,0,0,804.033901289105,15.4022580981255,241.178108096123,0,0,0,0,0,0,0,0,9587.01711004972,43.0421181470156,424.974050670862,0,0,0,0,0,0,0,0,0,0,0,0,0,0,0,0,0,0,0,0,0,0,0,0,6.3327442407608,45.4408483505249,2267.79259297252,1640.94252468646,0,102.521296218038,913.88040356338,345.356737434864,931.361190795898,107.803960293531,13.5211543291807,0,0
0,0,0,89.0170710533857,0,1.18434143066406,0,0,0,0,0,50.0306116938591,0,0,0,0,0,0,0,2731.9353300333,0,0,0,0,0,0,0,0,0,0,0,37.4465029537678,6.7958996295929,82.4259834289551,0,0,243.304092228413,2982.71285910904,0,167.72628068924,0,6.26521646976471,0,0,0,9.10367387533188,0,133.273830831051,0,43.1965045034885,0,0,0,0,0,0,0,356.858370184898,0,0,0,0,750.340212762356,0,0,0,0,0,0,0,0,0,0,0,34.1975518167019,0,24.7778337001801,0,15043.8295191675,0,4401.336100474,0,2214.48804366589,129.953118979931,461.31259675324,0.184095323085785,0
0,0,4.32743790745735,1.47142943739891,7.15222844481468,0,0,0,0,0,222.647984623909,0,0,0,0,0,0,0,0,0,737.221041321754,0,0,0,0,0,0,0,0,0,0,48.7606063485146,466.976307809353,3.72629511356354,804.033901289105,243.304092228413,0,5.69340315461159,1827.06254054606,28.0643601417542,0.24264357984066,0,2.53219141066074,0,0,0,0,45.0942440032959,7.25276285409927,5.28818297386169,0.15635746717453,0,0,0,2.8992952555418,0,12,0,0,0,0.33234715461731,0,3.63025107979774,2511.93358398974,0,0,0,0,0,0,0,0,0,0,8.64426827430725,152.082229718566,0,237.222634226084,263.664599537849,12973.2922602445,0,713.934329167008,2099.61756005883,0.286087274551392,298.657723858953,0,0
0,2.27466529607773,0,0,0,0,0,0,0,11.3616237044334,0,3527.39909918606,0,0,0,0,0,0,6.31741639971733,830.914238721132,0,1325.05492526293,0,286.223155915737,0,0.573240578174591,0,116.547625124454,0,491.176193088293,0,0,0,1004.37987685204,15.4022580981255,2982.71285910904,5.69340315461159,0,903.782973945141,1.77826039493084,0,24.125474780798,0,0.746241092681885,0,6.72645777463913,0,457.669558003545,0,227.383108898997,0,0,0,0,0,80.1736207604408,0,1743.84089833498,0,0,0,0,435.702733770013,0,2575.77876587212,0,1249.47720763087,0.313027083873749,6.54951536655426,0,346.852083265781,0,419.230313241482,0,0,0,71.8121488690376,16.4146551191807,63.6728059202433,0.335407823324203,19634.6529810205,12.7932197451591,4925.2136092186,1992.65163087845,317.470573142171,8.23817670345306,0
0.988074079155922,0.23468953371048,1.02603296935558,0,0,0,0,0,88.369629740715,0,2350.29219657183,0,0,0,0,0,0,0,0.480116501450539,0,855.438204944134,26.3893911838531,840.408978551626,0,785.073813930154,0,0,0,59.1363458186388,0,454.084545373917,0,0,246.146586060524,241.178108096123,0,1827.06254054606,903.782973945141,0,0,0.220130443572998,2.30175586044788,79.87937964499,0,0,0,0,1363.68768540025,31.5185381621122,69.7202281802893,0,0,0,0,37.3881856203079,0,688.857642367482,0.701623395085335,0,0,0,0,0,379.788692817092,0,1474.70792910457,0.276173830032349,1306.0803938061,0,0,0,344.261074721813,0,425.730274826288,0,0,0,110.490471318364,0,714.532333761454,451.495186254382,19655.4504107386,2116.09203436971,97.25743663311,331.969128400087,0,14.4492331892252
0,8.77645230293274,0,67.9167563617229,0,0,0,0,0,0,0,0,0,0,0,0,14.8250949755311,43.4013044536114,609.740694478154,0.758720055222511,0,0,0,0,0,0,0,0,0,0,0,0,0,0,0,167.72628068924,28.0643601417542,1.77826039493084,0,0,1.61626912653446,978.404011547565,1.26664893329144,40.6444501131773,2.51631318032742,623.158051773906,0,377.547383651137,0,1578.71212409437,0,0,0,0,0,0,0,0.845088109374046,0,0,0,0,236.08593916893,0,0,0,0,0,0,0,0,0,8.94675770401955,0,0,0,0,0,2110.68038497865,1.2889159321785,280.24746902287,0,130.374941036105,1.33776870369911,2054.83526746929,176.835057348013,0
0.520822286605835,0,16.5964428037405,0,3.73473836481571,0,0,0,0.740073576569557,0,0,0,0,0,0,0,48.227481752634,47.3686011135578,1249.44203335047,0,0,0,0,0,0,0,0,0,0,0,0,0,0,0,0,0,0.24264357984066,0,0.220130443572998,1.61626912653446,0,3.60044592618942,2743.62855882198,0,192.656360983849,2.83107371628284,227.31581620872,0,502.159238517284,3.92276811599731,0,0,0,0,3.86717599630356,0,0,0.164822101593018,0.882324814796448,0,0.0967108607292175,0,0.77394700050354,143.301854491234,0,0,0,0,0,0,0,0,0,0.656561806797981,0,0,0,0,1.00526538491249,1398.05329233408,0,14.2049125432968,190.51436458528,1.88770712912083,2091.14957374334,0.261652410030365,513.103066056967
0,83.0821870267391,3.95407603681087,84.7735319286585,0.765432417392731,0,0,0,0,224.461529642344,0,0.449868321418762,0,0,0,0,90.9730632007122,230.595613054931,2043.28970143944,12.4652068316936,0.242663815617561,0,0,5.92155084013939,0,0,0,0,0,0,0,0,0,0,0,6.26521646976471,0,24.125474780798,2.30175586044788,978.404011547565,3.60044592618942,0,487.655749738216,116.581435039639,3.0398566275835,432.357279241085,1.44914385676384,2.56220519542694,0.520695209503174,193.267850100994,0,0,0,0,0.209332302212715,7.78243182599545,0,1038.79724548757,0,7.72032132744789,0,3.0958785712719,187.770401537418,0,0,0,94.7865984141827,0.239176094532013,0,0,0,0,704.881150454283,0,0,0,0,0,1586.73114645481,7.26851086318493,461.311862826347,0.714948505163193,1174.13734056056,39.1452970951796,6802.81343047321,1677.57975126803,4.70090702176094
28.0604677647352,0.174479812383652,105.907216086984,0,21.6310434937477,0,0,0,97.3534858971834,0,0,0,0,0,0,0,365.669943258166,259.297656677663,4842.79617170244,0,8.16995611786842,0,0,0,43.8442444503307,0,0,0,0,0,0,0,0,0,0,0,2.53219141066074,0,79.87937964499,1.26664893329144,2743.62855882198,487.655749738216,0,2.07806020975113,292.516447275877,2.84576430916786,72.8853036016226,18.0480010062456,646.272973276675,20.7488104850054,0,0,0,0,91.5267117470503,0,2.04135669767857,0.526686370372772,4.40456047654152,0,2.75831018388271,0,0.480513334274292,7.55491387844086,0,0,0,4.77702294290066,0,0,0,9.0043483376503,0.165162682533264,71.9888046830893,0,0,0,0,4.16819450259209,3670.18661825359,0.415747120976448,123.053124040365,2273.75771351904,19.777452789247,7078.58533124626,3.219108954072,1319.14485917985
0,0.386296272277832,0,0,0,0,0,0,0,0,0,0,0,0,0,0,3.7365977615118,26.6567256897688,184.972449406981,0,0,0,0,0,0,0,0,0,0,0,0,0,0,0,0,0,0,0.746241092681885,0,40.6444501131773,0,116.581435039639,2.07806020975113,0,1.62887793779373,25.8284363150597,0,0,0,0,0,0,0,0,0,0,0,3.36688888072968,0,0,0,0,12.8974695652723,0,0,0,0,0,0,0,0,0,2.24361503124237,0,0,0,0,0,112.458386860788,0.183894842863083,25.077778339386,0,42.3139787167311,2.39082610607147,271.271497353911,10.1464935094118,0
0,0,1.08296895027161,0,0,0,0,0,0,0,0,0,0,0,0,0,16.7396403625607,22.9007621705532,377.796246938407,0,0,0,0,0,0,0,0,0,0,0,0,0,0,0,0,0,0,0,0,2.51631318032742,192.656360983849,3.0398566275835,292.516447275877,1.62887793779373,0,0.82749155163765,27.5459839999676,0,6.8928562104702,0,0,0,0,0,0,0,0,0,0,0,0,0,0.153540581464767,0,0,0,0,0,0,0,0,0,0.142409637570381,6.44343392550945,0,0,0,0,3.43690893054008,213.453360304236,0,24.7431831508875,46.5036281645298,0.548314452171326,338.128961101174,0.699524164199829,20.9207162857056
0,34.4151105880737,1.54874122142792,106.409596130252,1.87983798980713,0,0,0,0,0,0,0,0,0,0,0,6.34537388384342,32.3171389549971,468.194204479456,12.9794258773327,0,0,0,0,0,0,0,0,0,0,0,0,0,0,0,9.10367387533188,0,6.72645777463913,0,623.158051773906,2.83107371628284,432.357279241085,2.84576430916786,25.8284363150597,0.82749155163765,0,0.306111365556717,1.57705599069595,0,64.6239562928677,0,0,0,0,0,0,0,2.46112923324108,0,0,0.317924171686172,0,1246.36497147381,0,0,0,0,0,0,0,0,0,8.68499857187271,0,0,0,0,0,420.887984544039,0.404495239257812,203.740409463644,0,152.711036533117,0.23206914961338,1836.6257327646,2.75985646247864,0
0.249631926417351,0,18.6633583158255,0,1.96397531032562,0,0,0,0,0,0,0,0,0,0,0,6.59336976706982,5.92197972536087,159.599969670177,0,0,0,0,0,0,0,0,0,0,0,0,0,0,0,0,0,0,0,0,0,227.31581620872,1.44914385676384,72.8853036016226,0,27.5459839999676,0.306111365556717,0,0,12.3835605531931,0,0,0,0,0,2.57126939296722,0,0,0,3.68112367391586,0,0,0,0,848.308987431228,0,0,0,0,0,0,0,0,0,3.51551228761673,0,0,0,0,0.867360293865204,1149.67942002416,0,71.4983836114407,49.4194119349122,0.96501499414444,652.055836074054,0,4.70194762945175
0,0,0,0,1.07560741901398,0,0,0,0,0,0,0,0,0,0,0,0,0,0,0,0,0,0,0,1.73531690239906,0,0,0,0,0,0,536.853297576308,2752.91018265486,1122.5246655643,9587.01711004972,133.273830831051,45.0942440032959,457.669558003545,1363.68768540025,377.547383651137,0,2.56220519542694,18.0480010062456,0,0,1.57705599069595,0,0,297.623020246625,2851.03332574666,0,0,0,0,0,0,0,0,0.156581163406372,0,0,0,1.02821484208107,0,0,0,1.29122385382652,8.81706985831261,0,0,0,0,0,0,3602.06157131493,6821.55440784991,2492.04660087824,864.373696312308,1113.7741599679,153.237910419703,1571.96257196367,271.808848693967,764.430524781346,0,624.033166468143,0,0
426.601835727692,0,126.339105963707,0,11.2503341585398,0,0,0,3.51690211892128,0,0,0,0,0,0,0,1.90373182296753,1.90273030102253,131.38911665976,0,4.70108109712601,0,75.9327887892723,0,0.519968211650848,0,0,0,0,0,0,0,0,0.914419233798981,43.0421181470156,0,7.25276285409927,0,31.5185381621122,0,502.159238517284,0.520695209503174,646.272973276675,0,6.8928562104702,0,12.3835605531931,297.623020246625,0,154.268158048391,0,0,0,0,13.6775269657373,0,6.86832536756992,0,2.15926361083984,0,4.14283317327499,0,0.384514778852463,10.9376732707024,0,20.3225584626198,0,42.9176092743874,0,156.55083835125,0,20.2714562118053,0,28.7179798781872,0,0,0,11.5777269005775,0,570.249888561666,10.4587150067091,765.326688081026,178.203370541334,0.475027740001678,1548.49460258335,0,148.491139411926
0.213275074958801,682.721299424767,6.0076476931572,302.488226413727,2.67599850893021,0,0,0,0,4.39815199375153,0,0,0,0,0,0,0,0,0,0,0,1162.28248435259,0,68.383311778307,0.347452223300934,12.6510984003544,0,0,0,0,0,0,10.1080728471279,0,424.974050670862,43.1965045034885,5.28818297386169,227.383108898997,69.7202281802893,1578.71212409437,3.92276811599731,193.267850100994,20.7488104850054,0,0,64.6239562928677,0,2851.03332574666,154.268158048391,0,0,0.846909940242767,0,0,4.90525817871094,1.34909546375275,0,99.0487403869629,0,1.61141356825829,0,29.2927631288767,4.07340520620346,0,236.484977304935,0,247.668344467878,2.05439783632755,50.0167230069637,0,61.6000909656286,0,132.841867864132,0,7.05240052938461,12.3813515901566,11.6906955838203,24.9411715865135,1286.29098813236,2.98880994319916,829.630033120513,52.8470977395773,769.432521015406,2.11307649314404,1648.69390527904,0,0
0,0,2.45525550842285,0,0.321817100048065,0,0,0,0,0,0,0,0,0,0,0,0,0,0,0,2.62378710508347,0,0,0,0,0,0,0,0,0,0,0,0,0,0,0,0.15635746717453,0,0,0,0,0,0,0,0,0,0,0,0,0,0,0,0,0,0,0,0.842177420854568,0,0,0,0,0,0,27.5495302677155,0,0,0,0,0,0,0,0,0,0,0,0,0,0,0,1.98451498150826,0,0,1.19454169273376,0,500.666874468327,0,0
0,0,0,78.7467476725578,0,2.66976690292358,0,0,0,0,0,0,0,0,0,0,0,0,0,0,0,0,0,0,0,0,0,0,0,0,0,0,0,0,0,0,0,0,0,0,0,0,0,0,0,0,0,0,0,0.846909940242767,0,0,0,0,0,0,0,32.8526960611343,0,0.728771567344666,0,54.7567984461784,0,0,0,0,0,0,0,0,0,0,0,0,0,0,0,0,0,0,0,0,0,0,17.8906626701355,0,0
0,0,0,0,0,0,0,0,0,0,79.1154105067253,0,0,0,0,0,0,0,0,0,8.23252353072166,0,0,0,0,0,0,0,0,0,0,0,0,0,0,0,0,0,0,0,0,0,0,0,0,0,0,0,0,0,0,0,0,0,0,0,221.866932421923,0,0,0,0,0,0,2.32274425029755,0,0,0,0,0,0,0,0,0,0,0,0,0,0,0,0,0,0,0,0,0,0,0
0,0,0,0,0,0,0,3.36102271080017,0,0,0,0,0,0,0,0,0,0,0,0,0,0,0,0,0,0,0,0,0,0,0,0,0,0,0,0,0,0,0,0,0,0,0,0,0,0,0,0,0,0,0,0,0,0,0,0,0,18.8942279815674,0,0,0,0,0,0,0,0,0,0,0,0,0,0,0,0,0,0,0,0,0,0,0,0,0,0,0,0,0
210.348218664527,0,33.6910758167505,0,4.31173312664032,0,0,0,948.707319259644,0,0,0,0,0,133.267078578472,0,0,0,0.537589058279991,0,0,0,0,0,139.687814310193,0,0,0,0,0,0,0,0,0,0,0,2.8992952555418,0,37.3881856203079,0,3.86717599630356,0.209332302212715,91.5267117470503,0,0,0,2.57126939296722,0,13.6775269657373,4.90525817871094,0,0,0,0,0,0,0,0,0,0,82.4747101515532,0,0,1.03658591210842,0,0,0,85.0161914229393,0,0,0,0,0,0.402126744389534,0,0,0,0,0,4.20989879965782,0,102.469147562981,284.940786294639,0.116353027522564,392.011661142111,0,7.90645803511143
0,192.124906897545,0,132.65543910861,0,0,0,0,0,1156.43093711138,0,0,0,0,0,377.170015096664,0,0,1.87019065022469,0,0,0,0,231.448068410158,0,1.72378408908844,0,0,0,0,0,0,0,0,0,0,0,80.1736207604408,0,0,0,7.78243182599545,0,0,0,0,0,0,0,1.34909546375275,0,0,0,0,0,0,0,0,0,0,0,554.708164617419,0,0,0,0,126.871450081468,0,0,0,0,0,0,0,0,0,0,0,0,0,556.695762813091,0,257.53532487154,0,117.339176148176,0.266596496105194,0
0,0,40.1098040491343,0,0,0,21.9459399878979,0,0,0,1658.51475487649,0,593.605119526386,0,0,0,0,0,0,0,97.1485525369644,0,0,0,0,0,0,0,13.5281542539597,0,82.5596504658461,0,0,0,0,0,12,0,688.857642367482,0,0,0,2.04135669767857,0,0,0,0,0,6.86832536756992,0,0.842177420854568,0,221.866932421923,0,0,0,0,0,22.015295624733,0,0,0,0,41.8545458912849,0,0,0,0,0,0,0,0,0,292.138850793242,0,0,0,0,0,0.146571725606918,0,127.38775858283,89.8286416232586,0,529.405692145228,0,0
0,103.95046775043,0,22.6064975261688,0,4.7604660987854,0,120.427679300308,0,3.66060021519661,0,1499.13679006696,0,38.4171862006187,0,0,1.52299606800079,1.2806810438633,24.7316544651985,563.042283982038,0,0,0,0,0,0,0,0,0,146.984589368105,0,0,0,0,0,356.858370184898,0,1743.84089833498,0.701623395085335,0.845088109374046,0.164822101593018,1038.79724548757,0.526686370372772,3.36688888072968,0,2.46112923324108,0,0,0,99.0487403869629,0,32.8526960611343,0,18.8942279815674,0,0,0,0,0,194.562178686261,0,91.0374260693789,631.844964787364,0,0,0,0.260125458240509,0,0,0,4.77023223042488,0,1675.70976625383,0,0,0,0,0,11.8753549456596,0,122.514223232865,0,287.426789015532,105.308106303215,1613.69410534203,167.509482204914,0
0,0,59.3829427957535,0,0.748633623123169,0,0,0,0,0,72.2308368682861,0,531.663688659668,0,0,0,0,0,0.300047814846039,0,0.481861308217049,0,0,0,0,0,0,0,0,0,0,0,0,0,0,0,0,0,0,0,0.882324814796448,0,4.40456047654152,0,0,0,3.68112367391586,0.156581163406372,2.15926361083984,0,0,0,0,0,0,0,22.015295624733,0,0,0,0,0,0,1.19889503717422,0,0,0,0,0,0,0,0,0,0,0,0,0,0,0,0.39444200694561,0,0.219457492232323,2.3255707025528,0.121354252099991,95.4885180443525,0,0
0,15.0757630765438,0,109.97902789712,0,0,0,0,0,0,0,1465.9870646596,0,700.978955149651,0,985.16478100419,0,0,0,0,0,0,0,0,0,151.630196809769,0,47.3043250441551,0,0,0,0,0,0,0,0,0,0,0,0,0,7.72032132744789,0,0,0,0,0,0,0,1.61141356825829,0,0.728771567344666,0,0,0,0,0,194.562178686261,0,0,0,21.2468816041946,0,0,0,0,0,0,42.6842919588089,0,0,0,0.20253711938858,0,0,0,0,0,0,0,0,0,417.912611544132,42.4615924358368,11.4630863666534,0,0
109.834038123488,0,6.90684033930302,0,0,0,0,0,41.9565857052803,0,0,0,1,0,30.0205637216568,0,43.6291792988777,0,0,0,0.344234079122543,0,0,0,0,0,0,0,0,0,0,0,0,0,0,0,0.33234715461731,0,0,0,0.0967108607292175,0,2.75831018388271,0,0,0.317924171686172,0,0,4.14283317327499,0,0,0,0,0,82.4747101515532,0,0,0,0,0,0,0,0,0,0,0,0,0,0,0,0,0,0,0,0,0,0,0,0,1.18042054772377,0,0,0.666359357535839,0,60.5870493799448,0,0
0,240.126058384776,0,109.905047297478,0,0,0,0,0,205.192722305655,0,0,0,18.5336812734604,0,363.15435358882,0,5.55064535140991,0,0,0,0,0,7.21050700545311,0,2.78868341445923,0,0,0,0,0,0,0,0,0,0,0,0,0,0,0,3.0958785712719,0,0,0,0,0,0,0,29.2927631288767,0,54.7567984461784,0,0,0,554.708164617419,0,91.0374260693789,0,21.2468816041946,0,0,0,0,0,0,102.658500358462,0,9.03147399425507,0,0,0,1.26432687044144,0,0,0,0,0,0,0,0,0,130.116276085377,0,17.6028464734554,0,0
0,2.08133466541767,0.386761516332626,4.94951982796192,0,0,0,0,0,0.258135378360748,0,49.0153329968452,0,0,0,0,4.49675413966179,7.17977215349674,129.608279943466,1131.1804151237,0,0,0,0,0,0,0,0,0,0,0,0,0,0,0,750.340212762356,3.63025107979774,435.702733770013,0,236.08593916893,0.77394700050354,187.770401537418,0.480513334274292,12.8974695652723,0.153540581464767,1246.36497147381,0,1.02821484208107,0.384514778852463,4.07340520620346,0,0,0,0,0,0,0,631.844964787364,0,0,0,0,0,0,0,0,0,0,0,0,0,0,600.385128259659,0,0,0,0,0,1271.71894882619,0,466.443162754178,0,247.612604096532,0,1193.87152097374,107.923653438687,0
0,0,11.7262022346258,0,141.93112590909,0,6.36704975366592,0,0,0,371.546682298183,0,0,0,0,0,0,0.355739772319794,0,0,3647.30796065927,0,0,0,0,0,0,0,0,0,0,0,0,0,0,0,2511.93358398974,0,379.788692817092,0,143.301854491234,0,7.55491387844086,0,0,0,848.308987431228,0,10.9376732707024,0,27.5495302677155,0,2.32274425029755,0,1.03658591210842,0,41.8545458912849,0,1.19889503717422,0,0,0,0,0,0,0,0,0,0,0,0,0,0,10.3580695688725,0,0,0,0,0,3241.42092981935,0,823.198149502277,679.876918181777,0.432175993919373,966.609569139779,0,0
0,0,0,0,0,0,0,0,0,0,0,0,0,0,0,0,0,10.0720930099487,0,0,0,12640.4454330206,1516.00682070851,106.486404404044,0,13.3406262397766,0,37.5284007787704,0,0,0,0,0,0,0,0,0,2575.77876587212,0,0,0,0,0,0,0,0,0,0,0,236.484977304935,0,0,0,0,0,0,0,0,0,0,0,0,0,0,0,13.287260055542,161.372893035412,0,363.454532980919,0,639.898891240358,0,0,0,0,0,0,0,0,0,1239.52266934514,0,1653.76698920131,399.190276801586,0,0,0
0,0,0,0,0,0,0,0,0,0,0,0,0,0,0,0,9.44297504425049,0,0,0,0,57.5336907505989,9623.94189016521,0,57.653314769268,0,19.9231386780739,0,506.876373380423,0,0,0,0,0,0,0,0,0,1474.70792910457,0,0,0,0,0,0,0,0,0,20.3225584626198,0,0,0,0,0,0,0,0,0,0,0,0,0,0,0,13.287260055542,0,0,99.5729286670685,0,2.70338487625122,0,140.312477916479,0,0,0,0,0,0,0,0,0,614.244017928839,1119.12558987737,0,0,0,0
0,0,0,0,0,0,0,0,0,270.512874141335,0,0,0,0,0,37.4230656474829,3.95725917816162,17.6763253211975,1.39218944311142,0,0,24.3682409524918,0,489.750307738781,0,12.6157504320145,0,3.87701964378357,0,0,0,0,0,0,0,0,0,1249.47720763087,0.276173830032349,0,0,94.7865984141827,0,0,0,0,0,1.29122385382652,0,247.668344467878,0,0,0,0,0,126.871450081468,0,0.260125458240509,0,0,0,102.658500358462,0,0,161.372893035412,0,0,0,180.657736212015,0,22.7625827491283,0,1.84905830025673,0,0,0,0,0,0.205930680036545,0,1685.68807636201,0,305.589094638824,0,431.410299435258,4.87647318840027,0
0.411385536193848,0,0,0,0,0,0,0,21.8078864216805,0,0,0,0,0,0,0,2.47988621890545,0,0,0,0,0,36.9570180773735,0,625.64926636219,0,4.68195644021034,0,0,0,0,0,0,0,0,0,0,0.313027083873749,1306.0803938061,0,0,0.239176094532013,4.77702294290066,0,0,0,0,8.81706985831261,42.9176092743874,2.05439783632755,0,0,0,0,85.0161914229393,0,0,0,0,0,0,0,0,0,0,99.5729286670685,0,0,0,88.0536242723465,0,0,0,0,0,0,0,0,0,0,0,1143.64466197789,187.340799659491,0,21.101172208786,0,2.94391342997551
0,0,0,0,0,0,0,0,0,3.86294269561768,0,0,0,5.83871418237686,0,322.398232936859,0,462.624369651079,0,0,0,167.026120334864,0,504.02938580513,0,1237.21287447214,0,18.7832740545273,0,0,0,0,0,0,0,0,0,6.54951536655426,0,0,0,0,0,0,0,0,0,0,0,50.0167230069637,0,0,0,0,0,0,0,0,0,42.6842919588089,0,9.03147399425507,0,0,363.454532980919,0,180.657736212015,0,0,0,57.945220708847,0,0,0,0,0,0,0,0,0,12.5784404575825,0,116.703940391541,0,38.4253994226456,0,0
0,0,0,0,0,0,0,0,0,0,0,0,108.149037241936,0,92.8263969421387,0,619.357842385769,0,0,0,0,0,13.5058078765869,0,0.319963276386261,0,243.267019450665,0,75.371395111084,0,0,0,0,0,0,0,0,0,0,0,0,0,0,0,0,0,0,0,156.55083835125,0,0,0,0,0,0,0,0,0,0,0,0,0,0,0,0,2.70338487625122,0,88.0536242723465,0,0,0,53.1651126742363,0,0,0,0,0,0,0,0,0,0,143.280383199453,0,0,0,0
0,0,0,0,0,0,0,0,0,0,0,434.383977472782,0,53.1104059815407,0,0,0,0,0,0,0,237.678592354059,0,0,0,475.10190975666,0,4889.72627134621,0,350.778224050999,0,0,0,0,0,0,0,346.852083265781,0,0,0,0,0,0,0,0,0,0,0,61.6000909656286,0,0,0,0,0,0,0,4.77023223042488,0,0,0,0,0,0,639.898891240358,0,22.7625827491283,0,57.945220708847,0,0,0,70.1228655278683,0,0,0,0,0,0,0,572.435465753078,0,910.835173100233,402.575746566057,0,0,0
0,0,0,0,0,0,0,0,0,0,87.946653842926,0,0,0,0,0,0,0,0,0,0,0,84.4434126317501,0,0,0,0,0,1544.65332096815,0,336.655111551285,0,0,0,0,0,0,0,344.261074721813,0,0,0,9.0043483376503,0,0,0,0,0,20.2714562118053,0,0,0,0,0,0,0,0,0,0,0,0,0,0,0,0,140.312477916479,0,0,0,53.1651126742363,0,0,0,0,0,0,0,0,0,0,0,600.183432742953,0,0,92.553667485714,0,0
0,29.9491620063782,0,4.27109552919865,0,0,0,0,0,10.1738731265068,0,343.119867920876,0,4.40369343757629,0,0,0.430772498250008,4.90331216156483,60.7028385847807,107.133103728294,0,0,0,0,0,0,0,0,0,103.58390557766,0,0,0,0,0,0,0,419.230313241482,0,8.94675770401955,0,704.881150454283,0.165162682533264,2.24361503124237,0.142409637570381,8.68499857187271,0,0,0,132.841867864132,0,0,0,0,0,0,0,1675.70976625383,0,0.20253711938858,0,1.26432687044144,600.385128259659,0,0,0,1.84905830025673,0,0,0,70.1228655278683,0,0,0,0,0,0,0,10.6305941194296,0,336.269692540169,0,158.004772648215,237.872734427452,1106.37363557518,401.164513334632,0
0,0,0.860663294792175,0,0.23892143368721,0,0,0,0,0,211.294909983873,0,0,0,0,0,0.203932031989098,0,14.2952250987291,0,2.94811302423477,0,0,0,0,0,0,0,81.4384987354279,0,945.428969368339,0,0,0,0,0,0,0,425.730274826288,0,0.656561806797981,0,71.9888046830893,0,6.44343392550945,0,3.51551228761673,0,28.7179798781872,0,0,0,0,0,0.402126744389534,0,292.138850793242,0,0,0,0,0,0,10.3580695688725,0,0,0,0,0,0,0,0,0,0,0,0,0,0,0,5.00972779840231,0,224.49388885498,41.7469791248441,0.350626915693283,1485.80922647566,0,11.6981841623783
0,0,0,0,0,0,0,0,0,0,0,0,0,0,0,0,0,0,0,0,0,0,0,0,0,0,0,0,0,0,0,3066.59601646662,1758.33416193724,46.948746830225,6.3327442407608,34.1975518167019,8.64426827430725,0,0,0,0,0,0,0,0,0,0,3602.06157131493,0,7.05240052938461,0,0,0,0,0,0,0,0,0,0,0,0,0,0,0,0,0,0,0,0,0,0,0,0,0,333.929221451283,75.3431535363197,0,229.070650726557,0,0,0,380.616976201534,0,0,0,0
0,0,0,0,0,0,0,0,0,0,0,0,0,0,0,0,0,0,0,0,0,0,0,0,0,0,0,0,0,0,0,262.211258023977,1045.22063605487,2.57402372360229,45.4408483505249,0,152.082229718566,0,0,0,0,0,0,0,0,0,0,6821.55440784991,0,12.3813515901566,0,0,0,0,0,0,0,0,0,0,0,0,0,0,0,0,0,0,0,0,0,0,0,0,333.929221451283,0,39.6908207535744,67.2548824250698,73.6794058978558,94.0598143935204,0,0,358.336565136909,0,0,0,0
0,0,0,0,0,0,0,0,0,0,0,0,0,0,0,0,0,0,0,0,0,0,0,0,0,0,0,0,0,0,0,578.887212336063,23.1922307014465,5430.18928155303,2267.79259297252,24.7778337001801,0,71.8121488690376,0,0,0,0,0,0,0,0,0,2492.04660087824,0,11.6906955838203,0,0,0,0,0,0,0,0,0,0,0,0,0,0,0,0,0,0,0,0,0,0,0,0,75.3431535363197,39.6908207535744,0,157.000916600227,11.0966174900532,0,312.425730675459,0.252480328083038,422.825416475534,0,0,0,0
0,0,0,0,0,0,0,0,0,0,0,0,0,0,0,0,0,0,0,0,0,0,0,0,0,0,0,0,0,0,0,1.25762379169464,190.872967362404,385.188063666224,1640.94252468646,0,237.222634226084,16.4146551191807,110.490471318364,0,0,0,0,0,0,0,0,864.373696312308,11.5777269005775,24.9411715865135,0,0,0,0,0,0,0,0,0,0,0,0,0,0,0,0,0,0,0,0,0,0,0,0,0,67.2548824250698,157.000916600227,0,0,84.0377296060324,138.473389014602,336.444310694933,360.037451028824,107.003200948238,0.808948546648026,0,0
0,75.9287776350975,0,41.4341711252928,0,0,0,0,0,1.30893568694592,0,0,0,0,0,0,45.0066373720765,71.8889375701547,1143.0020480305,1742.03358057141,0,0,0,0,0,0,0,0,0,0,0,409.100690156221,63.3416677415371,94.8177514076233,0,15043.8295191675,263.664599537849,63.6728059202433,0,2110.68038497865,1.00526538491249,1586.73114645481,4.16819450259209,112.458386860788,3.43690893054008,420.887984544039,0.867360293865204,1113.7741599679,0,1286.29098813236,0,0,0,0,0,0,0,11.8753549456596,0,0,0,0,1271.71894882619,0,0,0,0.205930680036545,0,0,0,0,0,10.6305941194296,0,229.070650726557,73.6794058978558,11.0966174900532,0,0,1.62332546710968,1214.26849700511,0,1928.28513260931,59.3344753235579,2999.12928082049,458.708282127976,0
1.88992981612682,0,31.4283210113645,0,4.26318491995335,0,0,0,0.261763751506805,0,75.4183594584465,0,0,0,0,0,45.3511585891247,36.4338296502829,1052.46286185831,0,533.891478061676,0,0,0,0,0,0,0,0,0,0,0,0,0,102.521296218038,0,12973.2922602445,0.335407823324203,714.532333761454,1.2889159321785,1398.05329233408,7.26851086318493,3670.18661825359,0.183894842863083,213.453360304236,0.404495239257812,1149.67942002416,153.237910419703,570.249888561666,2.98880994319916,1.98451498150826,0,0,0,4.20989879965782,0,0.146571725606918,0,0.39444200694561,0,1.18042054772377,0,0,3241.42092981935,0,0,0,0,0,0,0,0,0,5.00972779840231,0,94.0598143935204,0,84.0377296060324,1.62332546710968,0,0,835.809280663729,928.223052896559,5.26092186570168,2294.8096268028,0.158789902925491,171.244315676391
0,8.35945758223534,0,10.7012246251106,0,0,0,0,0,48.8933951407671,0,934.267936810851,0,0,0,0,1.59138496220112,9.1424156203866,173.075159847736,173.749413326383,0,413.828165456653,0,291.80043707788,0,2.96920190751553,0,0,0,15.3399531841278,0,0,0,502.598730504513,913.88040356338,4401.336100474,0,19634.6529810205,451.495186254382,280.24746902287,0,461.311862826347,0.415747120976448,25.077778339386,0,203.740409463644,0,1571.96257196367,10.4587150067091,829.630033120513,0,0,0,0,0,556.695762813091,0,122.514223232865,0,0,0,0,466.443162754178,0,1239.52266934514,0,1685.68807636201,0,12.5784404575825,0,572.435465753078,0,336.269692540169,0,0,0,312.425730675459,138.473389014602,1214.26849700511,0,0,13.2801499813795,3270.8437448442,1016.10730670393,970.091906487942,456.761303409934,0
