0,0,41.1873638033867,0,0,0,0,0,461.985831260681,0,0,0,0,0,0,0,0,0,6.35848143696785,0,0,0,0,0,0,0,0,0,0,0,0,0,0,0,0,0,0,0.291836321353912,0.700008392333984,0,3.60189843177795,0,151.086795330048,0,0,0,0,1.68386939167976,440.797440975904,0,0,0,0,0,257.119942039251,0,0.689721435308456,0,0,0,14.718971401453,0,0,0,0,0,0,0.664492249488831,0,0,0,0,0,2.44880478084087,0,0,0,0,0,44.5787936151028,0,16.5122739672661,280.880167365074,0,102.791339695454,0,0.212100550532341
0,0,0,41.3697454035282,0,0,0,0,0,500.170254215598,0,0,0,0,0,0,0,0,148.93109023571,0,0,0,0,0.276970863342285,0,0,0,0,0,0,0,0,0,0,0,0,0,2.42940127849579,0,2.79146318137646,0,390.79854914546,0,0,0,0,0,11.2717997580767,0,389.283529490232,0,0,0,0,0,407.189358085394,0,0,0,0,0,40.7118029594421,0,0,0,0,8.04077342152596,0,0,0,0,0,3.22922630608082,0,0,0,0,0,9.34357705712318,0,1.55468240380287,0,440.274638399482,0,671.282745480537,0,0
41.1873638033867,0,0,0,1,0,0,0,7.74655908346176,0,0,0,0,0,0,0,0.931373000144958,0,4.03187374770641,0,0,0,0,0,0,0,0,0,0,0,0,0,0,0,0,0,0,0,0,0,3.79796206951141,0,69.6403318047523,0,0,0,0,0,104.47501757741,1.303502202034,0.726534128189087,0,0,0,3.11538547277451,0,14.4387573301792,0,157.097502321005,0,0,0,0,2.70337146520615,0,0,0,0,0,0,0,0,0,5.42865869402885,0,0,0,0,0,3.91785335540771,0,0.543156757950783,73.3147751390934,0,410.409108579159,0,1.81661784648895
0,41.3697454035282,0,0,0,110.989906251431,0,0,0,1.14140719175339,0,1.28299105167389,0,0,0,0,2.74997900426388,6.70194684714079,28.4565849602222,5.69334453344345,0,0,0,0,0,0,0,0,0,0,0,0,0,0,0,20.2154096513987,0,0,0,33.8459156602621,0,224.483205504715,0.220346763730049,0,0,5.98927915096283,0,2.59649680554867,0,185.896525040269,0,2.64385135471821,0,0,0,31.842117190361,0,42.221845433116,0,4.62400966882706,0,1.22246414422989,14.0337363630533,0,0,0,0,0,0,0,0,0,78.7805536389351,0,0,0,0,0,37.8623753488064,0.236595898866653,50.8642230629921,0.168467104434967,327.851969204843,0,671.520126655698,1.65210841596127,0
0,0,1,0,0,0,0,0,0,0,0,0,0,0,0,0,0,0,0.855515480041504,0,52.7984307259321,0,0,0,0,0,0,0,0,0,0,0,0,0,0,0,0,0,0,0,1.81798195838928,0,12.5740385204554,0,0,0,0,0,0.591482222080231,0.495216563344002,25.6380748748779,0,20.2939023971558,0,75.2224838733673,0,0,0,0,0,0,0,0,61.6988910138607,0,0,0,0,0,0,0,0,0,0,0,0,0,0,0,0,0,0,87.6187010407448,0.190932914614677,41.9048429578543,0,0
0,0,0,110.989906251431,0,0,0,0,0,0.225097686052322,0,0,0,0,0,0,0,0.152320802211761,0,45.1411064565182,0,0,0,0,0,0,0,0,0,0,0,0,0,0,0,3.07746611535549,0,0,0,4.70090471208096,0,16.6743413954973,0.159415379166603,0,0,0,0,0,0,2.20418290793896,0,110.682891458273,0,0,0,15.0664035975933,0,127.991363495588,0,0,0,0.799805283546448,17.8495757877827,0,0,0,0,0,0,0,0,0,2.82389745116234,0,0,0,0,0,2.9872774630785,0,1.24415235221386,0,38.9074307978153,0,206.531110823154,0.190329626202583,0
0,0,0,0,0,0,0,0,0,0,0,0,22.8600263595581,0,0,0,0,0,0,0,32.251873254776,0,0,0,0,0,0,0,0,0,0,0,0,0,0,0,0,0,0,0,0,0,0,0,0,0,0,0,0,0,0,0,2.16866588592529,0,0,0,9.6984395980835,0,6.02753353118896,0,0,0,0,0,0,0,0,0,0,0,0,0,0,0,0,0,0,0,0,0,0,0,341.745492339134,48.9889063835144,0,0,0
0,0,0,0,0,0,0,0,0,0,0,0,0,0,0,0,0,0,0,0,0,0,0,0,0,0,0,0,0,0,0,0,0,0,0,0,0,0,0,0,0,0,0,0,0,0,0,0,0,0,0,0,0,4.74574375152588,0,0,0,167.304796457291,0,0,0,0,0,0,0,0,0,0,0,0,0,0,0,0,0,0,0,0,0,0,0,0,0,0,0,0,0
461.985831260681,0,7.74655908346176,0,0,0,0,0,0,0,0,0,0,0,43.7223195135593,0,1.70990854501724,0,0,0,0,0,0,0,28.5304278433323,0,0,0,0,0,0,0,0,0,0,0,0,0,106.521006703377,0,0,0,13.8167509138584,0,0,0,0,0,37.6078439056873,0,0,0,0,0,646.786055251956,0,0,0,0,0,19.4731594771147,0,0,0,0,0,0,13.5571009814739,0,0.871089160442352,0,0,0,0,0,0,0,0,0,0,0,46.7304447889328,334.194311618805,0,135.460466146469,0,0
0,500.170254215598,0,1.14140719175339,0,0.225097686052322,0,0,0,0,0,0,0,0,0,8.2195805311203,0,0,5.47769929468632,0,0,0.201065748929977,0,171.00734834373,0,0,0,0,0,0,0,0,0,0,0,0.336954206228256,0,26.3678133189678,0,0.29573667049408,0,6.22476309537888,0.196488946676254,0,0,0,0,0.309615343809128,0,48.1658153235912,0,0,0,0,0,519.651153355837,0,0.193296119570732,0,0,0,0,0.37897652387619,0,0,0,342.238595142961,0,0,0,0,0,2.07478025555611,0,0,0,0,0,0.314785450696945,0,13.9266099333763,0,867.962118119001,8.27876853942871,38.8722736686468,0,0
0,0,0,0,0,0,0,0,0,0,0,0,666.229078173637,0,0,0,0,0,0,0,1548.41285410523,0,0,0,0,0,0,0,0,0,8.52369970083237,0,0,0,0,0,472.783710747957,0,1864.21465659142,0,0,0,0,0,0,0,0,0,0,0,0,0,0,0,0,0,1454.01728308201,0,40.9904601573944,0,0,0,0,1349.54463142157,0,0,0,0,0,0,0,0,0,138.000707954168,0,0,0,0,0,235.785074472427,0,308.195926934481,476.234750628471,1,17.8159624934196,0,0
0,0,0,1.28299105167389,0,0,0,0,0,0,0,0,0,281.142747044563,0,0,0,0,0,341.52288582921,0,0,0,0,0,0,0,0,0,111.459484934807,0,0,0,0,0,297.528133571148,0,137.394076779485,0,0,0,0,0,0,0,0,0,0,0,0,0,0,0,0,0,0,0,4376.40639704466,0,2012.84253913164,0,0,381.524634227157,0,0,0,0,0,0,0,1249.66574776173,0,434.313561350107,0,0,0,0,0,0,0,10.0263257920742,0,102.506088495255,0,9.4158837646246,0,0
0,0,0,0,0,0,22.8600263595581,0,0,0,666.229078173637,0,0,0,0,0,0,0,0,0,0,0,0,0,0,0,0,0,0,0,0,0,0,0,0,0,0,0,0,0,0,0,0,0,0,0,0,0,0,0,0,0,203.68496465683,0,0,0,629.336167961359,0,2022.35843321681,0,0,0,0,0,0,0,0,0,0,0,0,4.28987449407578,0,0,0,0,0,0,0,0,0,0,261.353746205568,1,0,0,0
0,0,0,0,0,0,0,0,0,0,0,281.142747044563,0,0,0,46.1696869134903,0,0,0,0,0,0,0,0,0,0,0,16.3640477657318,0,0,0,0,0,0,0,0,0,0,0,0,0,0,0,0,0,0,0,0,0,0,0,0,0,0,0,0,0,0,0,227.638972997665,0,39.4201874732971,0,0,0,0,0,0,0,0,35.7752137184143,0,0,0,0,0,0,0,0,0,0,0,433.396605849266,90.3093883991241,0,0,0
0,0,0,0,0,0,0,0,43.7223195135593,0,0,0,0,0,0,0,7.39162814617157,0,0,0,0,0,0,0,0,0,0,0,0,0,0,0,0,0,0,0,0,0,0,0,0,0,0,0,0,0,0,0,0,0,0,0,0,0,54.9973614364862,0,0,0,0,0,6.2885667681694,0,0,0,0,0,0,0,0,1,0,0,0,0,0,0,0,0,0,0,0,0,0,0,0,0,0
0,0,0,0,0,0,0,0,0,8.2195805311203,0,0,0,46.1696869134903,0,0,0,0,0,0,0,0,0,2.79532437026501,0,0.920010447502136,0,0,0,0,0,0,0,0,0,0,0,0,0,0,0,0,0,0,0,0,0,0,0,0,0,0,0,0,0,1.02812707424164,0,0,0,0,0,140.181856483221,0,0,0,0,3.98402234911919,0,0,0,0,0,0,0,0,0,0,0,0,0,0,0,0,0,0,0,0
0,0,0.931373000144958,2.74997900426388,0,0,0,0,1.70990854501724,0,0,0,0,0,7.39162814617157,0,0,16952.5724586993,7199.80076999962,0,0,0,120.048302799463,0,186.673561304808,0,283.908336400986,0,0,0,0,0,0,0,0,0,0,0,0,19.4943108633161,73.0908321589231,27.6333342269063,110.900785692036,0,0.398577511310577,3.42701868712902,6.30967198312283,0,0.24952620267868,0,0,0,0,0,0,1.12552118301392,8.4235305339098,1.19094230979681,0.732535734772682,0,3.16293907165527,0,0.709877759218216,5.54394854605198,0,0,0,0,0,19.6291078925133,0,0,6.70931302011013,23.7556991428137,0,0,0,0,70.5648913905025,309.499164000154,54.6443512812257,182.447400957346,4615.88752859086,1206.01662971079,141.339117050171,0.106635957956314,7.61584524810314
0,0,0,6.70194684714079,0,0.152320802211761,0,0,0,0,0,0,0,0,0,0,16952.5724586993,0,6522.22836439312,0,0,0,47.4430484175682,5.55852335691452,8.33005394041538,18.0574128329754,4.82264131307602,0,0,0,0,0,0,0,0,0,0,0.190166831016541,0,53.8288705423474,24.5396086722612,108.154144927859,47.1229447498918,0,0.211360976099968,19.5571398735046,1.50500798970461,0,0,1.43761251866817,0,0,0,0,0,0.485671937465668,5.04657216370106,3.93294404447079,0,0,0,0,11.3446751385927,2.69470602273941,0,0,0,0,15.4325430393219,0,0,0,25.1506552323699,4.36715547740459,0,0,0,0,221.983634315431,102.857981838286,168.266645677388,53.6749873235822,4903.19355975837,1441.24398672581,140.234911851585,1.33171701431274,6.80317671597004
6.35848143696785,148.93109023571,4.03187374770641,28.4565849602222,0.855515480041504,0,0,0,0,5.47769929468632,0,0,0,0,0,0,7199.80076999962,6522.22836439312,0,0,0,0,13.5990174412727,0,0,0,1.32394504547119,0,0,0,0,0,0,0,0,0,0,0.382804200053215,0.415106117725372,1004.98795576394,1222.97023878992,941.689843520522,1127.09757723659,0,4.6727157086134,339.88814842701,86.6568567156792,0,9.56617388129234,5.59782941639423,0,0,0,0,0.323485523462296,0.820834025740623,75.7427602410316,29.4076029732823,2.79874704778194,0,0,0,159.268508806825,172.610587388277,0,0,0,0,0,0,0,0,250.59045779705,246.170196086168,0,0,0,0,2697.76809100062,3293.79363659769,1648.35964336991,1378.09938745201,4114.91824477911,1.28031073510647,2286.82970080525,20.6638371646404,151.502084687352
0,0,0,5.69334453344345,0,45.1411064565182,0,0,0,0,0,341.52288582921,0,0,0,0,0,0,0,0,0,0,0,0,0,0,0,0,0,0,0,0,0,0,0,1159.8983822763,0,90.9148967564106,0,0.233239337801933,0,0.633034944534302,0,0,0,0.539308190345764,0,0,0,0,0,64.884638234973,0,0,0,2.45159739255905,0,1006.73105734587,0,0.723260581493378,0,0.972248196601868,1070.96036213636,0,0,0,0,0,0,0,0,0,5.40751177072525,0,0,0,0,0,190.904541045427,0,83.8514709025621,0,324.728478491306,0,172.199916809797,0,0
0,0,0,0,52.7984307259321,0,32.251873254776,0,0,0,1548.41285410523,0,0,0,0,0,0,0,0,0,0,0,0,0,0,0,0,0,0,0,0,0,0,0,0,0,1852.85079629719,0,146.808012247086,0,0,0,0.343914955854416,0,0,0,0,0,0,0,44.9386457949877,0,27.1697491407394,0,0,0,132.610756203532,0,0,0,0,0,0,1527.71811014414,0,0,0,0,0,0,0,0,0,91.5892505645752,0,0,0,0,0,1082.55405271053,0,92.6057938486338,150.238032221794,0,73.1680353432894,0,0
0,0,0,0,0,0,0,0,0,0.201065748929977,0,0,0,0,0,0,0,0,0,0,0,0,386.291852593422,466.0814942047,0,444.822363376617,0,3,0,0,0,0,0,0,0,0,0,1254.98349600285,0,0,0,0,0,0,0,0,0,0,0,2.68611399829388,0,0,0,0,0,0.147629588842392,0,0,0,0,0,0,0,0,1565.97087269276,0,490.523113846779,0,2.20738172531128,0,0,0,0,0,0,0,0,0,0,0,197.568478569388,0,1111.7740470767,10.6637983322144,0,0,0
0,0,0,0,0,0,0,0,0,0,0,0,0,0,0,0,120.048302799463,47.4430484175682,13.5990174412727,0,0,386.291852593422,0,0,184.006566375494,0,145.126337051392,0,529.288311719894,0,0,0,0,0,0,0,0,0,889.572866678238,0,0,0,0,0,0,0,0,0,61.30758908391,0,0,0,0,0,0,0,0,0,0,0,0,0,0,0,0,2428.44255796075,0,48.9720921069384,0,42.7234714180231,0,132.008912563324,0,0,0,0,0,0,0,0,0,133.487069964409,905.115616172552,0,0,0,0
0,0.276970863342285,0,0,0,0,0,0,0,171.00734834373,0,0,0,0,0,2.79532437026501,0,5.55852335691452,0,0,0,466.0814942047,0,0,0,873.63809068501,0,0,0,0,0,0,0,0,0,0,0,814.234311148524,0,0,0,0,0,0,0,0,0,1.40483045578003,0,0,0,0,0,0,0,87.5987432599068,0,0,0,0,0,0,0,0,137.725982807577,0,733.056954547763,0,101.249705761671,0,0,0,0,0,0,0,0,0,0,0,415.850433766842,0,202.841169402003,0,0.330476224422455,0,0
0,0,0,0,0,0,0,0,28.5304278433323,0,0,0,0,0,0,0,186.673561304808,8.33005394041538,0,0,0,0,184.006566375494,0,0,0,1140.93383717537,0,0,0,0,0,0,0,0,0,0,0,123.494245886803,0,0,0.130697339773178,0,0,0,0,0,0,3.54959401488304,0,0,0,0,0,167.231600373983,0,0,0,0,0,0.83908224105835,0,0,0,0,54.2823649644852,0,607.477113485336,0,2260.27090409398,0,0,0,0,0,0,0,0,0,0,0,114.946724444628,218.803714767098,0,15.1749123930931,0,0
0,0,0,0,0,0,0,0,0,0,0,0,0,0,0,0.920010447502136,0,18.0574128329754,0,0,0,444.822363376617,0,873.63809068501,0,0,0,10.8791372179985,0,0,0,0,0,0,0,0,0,0,0,0,0,0,0,0,0,0,0,0,0,0,0,0,0,0,0,0,0,0,0,0,0,0,0,0,19.3595514297485,0,31.6695274412632,0,73.7493619918823,0,0,0,0,0,0,0,0,0,0,0,0,0,84.2419129610062,0,0,0,0
0,0,0,0,0,0,0,0,0,0,0,0,0,0,0,0,283.908336400986,4.82264131307602,1.32394504547119,0,0,0,145.126337051392,0,1140.93383717537,0,0,0,248.750602006912,0,0,0,0,0,0,0,0,0,0,0,0,0,0,0,0,0,0,0,0,0,0,0,0,0,0,0,0,0,0,0,0,0,0,0,0,0,0,88.3439857661724,0,23.9655928313732,0,119.812575936317,0,0,0,0,0,0,0,0,0,0,54.7581129968166,0,0,0,0
0,0,0,0,0,0,0,0,0,0,0,0,0,16.3640477657318,0,0,0,0,0,0,0,3,0,0,0,10.8791372179985,0,0,0,73.234850615263,0,0,0,0,0,0,0,26.7675292491913,0,0,0,0,0,0,0,0,0,0,0,0,0,0,0,0,0,0,0,0,0,13.4436373710632,0,0,0,0,127.625838279724,0,0,0,0,0,1984.56931357086,0,57.5453481078148,0,0,0,0,0,0,0,81.780257999897,0,192.49293166399,0,0,0,0
0,0,0,0,0,0,0,0,0,0,0,0,0,0,0,0,0,0,0,0,0,0,529.288311719894,0,0,0,248.750602006912,0,0,0,107.343170523643,0,0,0,0,0,0,0,52.0836544036865,0,0,0,0,0,0,0,0,0,0,0,0,0,0,0,0,0,0,0,0,0,0,0,0,0,0,0,0,0,0,4,0,738.956393480301,0,171.722535729408,0,0,0,0,0,0,0,0,19.9309091567993,13.6894731521606,0,0,0
0,0,0,0,0,0,0,0,0,0,0,111.459484934807,0,0,0,0,0,0,0,0,0,0,0,0,0,0,0,73.234850615263,0,0,0,0,0,0,0,0,0,15.9080700278282,0,0,0,0,0,0,0,0,0,0,0,0,0,0,0,0,0,0,0,303.287855684757,0,0,0,0,0,0,0,0,0,0,0,0,557.353989973664,0,1739.75964699686,0,0,0,0,0,0,0,501.95300886035,0,0,0,0,0,0
0,0,0,0,0,0,0,0,0,0,8.52369970083237,0,0,0,0,0,0,0,0,0,0,0,0,0,0,0,0,0,107.343170523643,0,0,0,0,0,0,0,0,0,59.4020980000496,0,0,0,0,0,0,0,0,0,0,0,0,0,0,0,0,0,4.32177758216858,0,0,0,0,0,0,0,0,0,0,0,0,0,0,30.9019227027893,0,225.032363146544,0,0,0,0,0,0,0,2.60350182652473,0,0,0,0,0
0,0,0,0,0,0,0,0,0,0,0,0,0,0,0,0,0,0,0,0,0,0,0,0,0,0,0,0,0,0,0,0,1436.45873421431,2.14697152376175,0,42.3839905112982,0.692508935928345,0,0,0,0,0,0,0,0,0,0,65.0426989793777,0,0,0,0,0,0,0,0,0,0,0,0,0,0,0,0,0,0,0,0,0,0,0,0,0,0,1193.8260153681,218.213170319796,30.1821113079786,15.0321326553822,329.29542426765,3.49350064992905,0,0,15.3792881369591,0,0,0,0
0,0,0,0,0,0,0,0,0,0,0,0,0,0,0,0,0,0,0,0,0,0,0,0,0,0,0,0,0,0,0,1436.45873421431,0,0,0.192891806364059,0.440113574266434,524.318035960197,0,0,0,0,0,0,0,0,0,0,71.5144741237164,0,0,0,0,0,0,0,0,0,0,0,0,0,0,0,0,0,0,0,0,0,0,0,0,0,0,1087.85386812687,428.222662389278,17.2469716668129,41.7395656108856,37.1270921826363,99.5031241029501,0,0,282.7980286479,0,0,0,0
0,0,0,0,0,0,0,0,0,0,0,0,0,0,0,0,0,0,0,0,0,0,0,0,0,0,0,0,0,0,0,2.14697152376175,0,0,1400.22210375965,687.85673609376,0,1175.16892367601,203.834052324295,0,0,0,0,0,0,0,0,527.836686357856,11.6439664512873,0,0,0,0,0,0,0,0,0,0,0,0,0,0,0,0,0,0,0,0,0,0,0,0,0,59.9550569951534,0,2210.92179535329,1408.94203785062,800.563309237361,0.997549802064896,164.789949297905,189.491297706962,206.027697280049,0,3.34571692347527,0,0
0,0,0,0,0,0,0,0,0,0,0,0,0,0,0,0,0,0,0,0,0,0,0,0,0,0,0,0,0,0,0,0,0.192891806364059,1400.22210375965,0,0,790.490838646889,55.3623334169388,310.091382071376,0,0,0,0,0,0,0,0,559.376506850123,0,1.53194808959961,0,0,0,0,0,0,0,0,0,0,0,0,0,0,0,0,0,0,0,0,0,0,0,0,41.8600952029228,145.1275626719,2071.78829407692,2023.44980558753,6.01078343391418,142.202853858471,46.585900247097,563.118480280042,736.877558335662,0,0,0,0
0,0,0,20.2154096513987,0,3.07746611535549,0,0,0,0.336954206228256,0,297.528133571148,0,0,0,0,0,0,0,1159.8983822763,0,0,0,0,0,0,0,0,0,0,0,42.3839905112982,0.440113574266434,687.85673609376,0,0,1867.74492073059,3104.15137949586,63.104430437088,56.7215115427971,0,6.86507289111614,0,0,0,0.381543397903442,1.51771128177643,249.311494097114,0,15.9117992222309,0,2.13937562704086,0,0,0,6.04373526573181,0,743.121739760041,0,3.44957432150841,0,0.230448678135872,3190.43837553263,0,0,0,0,0,0,0,0,0,0,0,295.520002678037,8.93896234035492,357.623454451561,0,13391.0156328231,1264.65736234188,2706.34471146762,5.2607057094574,1970.78386473656,3.21868205070496,352.651423215866,0,0
0,0,0,0,0,0,0,0,0,0,472.783710747957,0,0,0,0,0,0,0,0,0,1852.85079629719,0,0,0,0,0,0,0,0,0,0,0.692508935928345,524.318035960197,0,790.490838646889,1867.74492073059,0,5.23009371757507,3259.4986576885,0,2.59021973609924,0,6.90124547481537,0,0,0,13.5312101840973,397.656943142414,23.8427111804485,11.201110497117,21.1017396450043,0,0,0,1.46755973994732,0,12.6928750127554,0,2.9108130633831,0,0,0,0,1556.01779042184,0,0,0,0,0,0,0,0,0,0,0.268053233623505,649.721040129662,1.00628392398357,387.207160994411,578.8317463696,20638.2033161297,0,998.262254282832,3693.27604685724,86.5263900905848,206.177582979202,0,0
0.291836321353912,2.42940127849579,0,0,0,0,0,0,0,26.3678133189678,0,137.394076779485,0,0,0,0,0,0.190166831016541,0.382804200053215,90.9148967564106,0,1254.98349600285,0,814.234311148524,0,0,0,26.7675292491913,0,15.9080700278282,0,0,0,1175.16892367601,55.3623334169388,3104.15137949586,5.23009371757507,0,671.891569539905,0.171397611498833,0,1.64969250559807,1.90412153303623,0,0,2.11167187988758,0,682.90598680079,113.858544453979,0.794708266854286,0,0,0,0,0,1.52982398867607,0,3898.47940611839,0,0,0,0,302.692817687988,0,189.608127035201,0,14.9995849430561,0,0,0,0,0,466.746732637286,0,0,0,572.493527114391,0.982105672359467,1399.62304949015,4.33988523483276,13688.6650063992,366.062712341547,2663.76706060767,1.78321051597595,168.698350951076,0.622981190681458,0.637391835451126
0.700008392333984,0,0,0,0,0,0,0,106.521006703377,0,1864.21465659142,0,0,0,0,0,0,0,0.415106117725372,0,146.808012247086,0,889.572866678238,0,123.494245886803,0,0,0,52.0836544036865,0,59.4020980000496,0,0,203.834052324295,310.091382071376,63.104430437088,3259.4986576885,671.891569539905,0,0,0,0,6.06592205166817,0,0,0,2.22662183642387,610.536536216736,864.12916263938,2.33652245998383,0,0,0,0,110.784724235535,0,109.272362560034,0,0,0,0,0,0,292.555428668857,0,524.243699833751,3.13407170772552,517.613616615534,0,0,0,12.7465777397156,0,40.5803900361061,0,19.2964212596416,58.5588917136192,178.062526211143,0.805951297283173,860.438300251961,200.207388803363,12376.966523394,1622.87996515632,5.33791017532349,546.781985133886,0,0
0,2.79146318137646,0,33.8459156602621,0,4.70090471208096,0,0,0,0.29573667049408,0,0,0,0,0,0,19.4943108633161,53.8288705423474,1004.98795576394,0.233239337801933,0,0,0,0,0,0,0,0,0,0,0,0,0,0,0,56.7215115427971,0,0.171397611498833,0,0,1.0586362183094,1267.28746728599,16.0661983788013,0,0,109.031636506319,0.458880603313446,37.5124481022358,0,351.825300469995,0,0,0,0,0,2.39844278991222,0,2.56456525623798,0,0,0,0,176.211073175073,0.202685549855232,0,0,0,0,0,0,0,0,41.5706752240658,1.44862937927246,0,0,3.62255334854126,0,682.434948593378,8.18859632313251,138.433423794806,4.67115089297295,236.227702312171,0.373837053775787,1221.62940616161,6.19514247775078,1.1029739677906
3.60189843177795,0,3.79796206951141,0,1.81798195838928,0,0,0,0,0,0,0,0,0,0,0,73.0908321589231,24.5396086722612,1222.97023878992,0,0,0,0,0,0,0,0,0,0,0,0,0,0,0,0,0,2.59021973609924,0,0,1.0586362183094,0,4.21656501293182,1297.3066971302,0,10.4447939395905,0.439100280404091,57.6049041748047,17.9468419253826,378.784007877111,4.74570220708847,0,0,0,0,0.433382123708725,0,17.8738751709461,0,4.77467012405396,0,0,0,0.627769708633423,149.364397644997,0,0,0,0,0,0,0,0,0,45.1280795112252,0,0,0,0,3.73989863693714,634.223540991545,5.69196183979511,147.663995936513,163.805099017918,4.04971754550934,871.9059933424,0,7.27224184572697
0,390.79854914546,0,224.483205504715,0,16.6743413954973,0,0,0,6.22476309537888,0,0,0,0,0,0,27.6333342269063,108.154144927859,941.689843520522,0.633034944534302,0,0,0,0,0.130697339773178,0,0,0,0,0,0,0,0,0,0,6.86507289111614,0,1.64969250559807,0,1267.28746728599,4.21656501293182,0,198.062939107418,0,0,98.0619919598103,0,47.2429583072662,0,540.522704586387,0,0,0,0,0,12.2982527166605,0.812049776315689,262.595178708434,0,0,0,0,203.372393324971,0.244402885437012,0,0,0,0,0,0,0,0,991.589862421155,2.86728636920452,0,0,1.470942735672,0,1796.22757581621,21.1325268149376,1021.02644105256,7.51679629087448,2089.4168644771,5.35521818697453,4365.91932670772,146.593307316303,3.11990797519684
151.086795330048,0,69.6403318047523,0.220346763730049,12.5740385204554,0.159415379166603,0,0,13.8167509138584,0.196488946676254,0,0,0,0,0,0,110.900785692036,47.1229447498918,1127.09757723659,0,0.343914955854416,0,0,0,0,0,0,0,0,0,0,0,0,0,0,0,6.90124547481537,1.90412153303623,6.06592205166817,16.0661983788013,1297.3066971302,198.062939107418,0,0,33.0099729299545,9.24288205802441,159.417301118374,24.0851317942142,512.657543733716,15.7417496293783,2.30167892575264,0,0,0,24.7051535248756,0,335.35724721849,1.22002539038658,45.9381192475557,0,1.51182848215103,0,2.28364077210426,379.735295459628,0,0,0,0,0,0,0,0,5.24988323450089,434.223426669836,0,0,0,1.2664167881012,25.7479173988104,2090.06582294405,27.8133768737316,611.039556860924,1400.66597917676,42.5280082523823,4918.00599661469,3.10166564583778,819.172550588846
0,0,0,0,0,0,0,0,0,0,0,0,0,0,0,0,0,0,0,0,0,0,0,0,0,0,0,0,0,0,0,0,0,0,0,0,0,0,0,0,0,0,0,0,0,0,0,0,0,0,0,0,0,0,0,0,0,0,0,0,0,0,0,0,0,0,0,0,0,0,0,0,0,0,0,0,0,0,0,0,0,0,0,0,0,0,0
0,0,0,0,0,0,0,0,0,0,0,0,0,0,0,0,0.398577511310577,0.211360976099968,4.6727157086134,0,0,0,0,0,0,0,0,0,0,0,0,0,0,0,0,0,0,0,0,0,10.4447939395905,0,33.0099729299545,0,0,0,0,0,0,0,0,0,0,0,0,0,0.229140356183052,0,0,0,0,0,0,0.43826074898243,0,0,0,0,0,0,0,0,0,0,0,0,0,0,0,16.3446607142687,0,7.28898650407791,18.9616375565529,0.490827485918999,24.3991190493107,0,4.27306032180786
0,0,0,5.98927915096283,0,0,0,0,0,0,0,0,0,0,0,0,3.42701868712902,19.5571398735046,339.88814842701,0.539308190345764,0,0,0,0,0,0,0,0,0,0,0,0,0,0,0,0.381543397903442,0,2.11167187988758,0,109.031636506319,0.439100280404091,98.0619919598103,9.24288205802441,0,0,0,0,0.211588770151138,0,0.990824997425079,0,0,0,0,0,1.23121827840805,2.35313177108765,0.140815675258636,0,0.501985147595406,0,0,1544.86572921276,0,0,0,0,0,0,0,0,0,16.6875081509352,0,0,0,0,0,134.437940195203,0.891005575656891,216.459810048342,2.03649163246155,51.1891046240926,0,302.752186976373,0,0
0,0,0,0,0,0,0,0,0,0,0,0,0,0,0,0,6.30967198312283,1.50500798970461,86.6568567156792,0,0,0,0,0,0,0,0,0,0,0,0,0,0,0,0,1.51771128177643,13.5312101840973,0,2.22662183642387,0.458880603313446,57.6049041748047,0,159.417301118374,0,0,0,0,0.850311771035194,21.1785769611597,1.23076555132866,0,0,0,0,0,0,92.0410391539335,0,0.621255829930305,0,0,0,0,939.358813732862,0,0,0,0,0,0,0,0,0,102.7063190341,0,0,0,0,0.788267433643341,670.803447201848,0.746804729104042,243.833953306079,16.4569671601057,0,382.606040790677,0,4.97071951627731
1.68386939167976,11.2717997580767,0,2.59649680554867,0,0,0,0,0,0.309615343809128,0,0,0,0,0,0,0,0,0,0,0,0,0,1.40483045578003,0,0,0,0,0,0,0,65.0426989793777,71.5144741237164,527.836686357856,559.376506850123,249.311494097114,397.656943142414,682.90598680079,610.536536216736,37.5124481022358,17.9468419253826,47.2429583072662,24.0851317942142,0,0,0.211588770151138,0.850311771035194,0,635.034968927503,469.490427449346,0,0,0,0,0,1.40011245012283,0.517673820257187,0,0,0,0,0,0,0,0,0,62.703813046217,0,0,0,0,0,0.146305575966835,0,3600.15062849224,6027.62287810445,5200.85198032856,5732.90139907598,6801.89741159976,94.9653349518776,936.932604774833,3224.01985318959,301.065865024924,0,997.324999734759,0,1.03551095724106
440.797440975904,0,104.47501757741,0,0.591482222080231,0,0,0,37.6078439056873,0,0,0,0,0,0,0,0.24952620267868,0,9.56617388129234,0,0,0,61.30758908391,0,3.54959401488304,0,0,0,0,0,0,0,0,11.6439664512873,0,0,23.8427111804485,113.858544453979,864.12916263938,0,378.784007877111,0,512.657543733716,0,0,0,21.1785769611597,635.034968927503,0,105.548608884215,1.4599417746067,0,0,0,16.0801159292459,0,38.229267001152,0,18.4409019052982,0,3.68767078220844,0,0,7.32578575611115,0,112.443300575018,0,161.433133155107,0,193.608947247267,0,0,0,9.43824076652527,0,0,2.25581105053425,4.23197528719902,0,372.833598285913,87.1423120349646,322.80569525063,244.11789187789,3.08057531714439,1615.37554675341,0,13.2379418462515
0,389.283529490232,1.303502202034,185.896525040269,0.495216563344002,2.20418290793896,0,0,0,48.1658153235912,0,0,0,0,0,0,0,1.43761251866817,5.59782941639423,0,0,2.68611399829388,0,0,0,0,0,0,0,0,0,0,0,0,1.53194808959961,15.9117992222309,11.201110497117,0.794708266854286,2.33652245998383,351.825300469995,4.74570220708847,540.522704586387,15.7417496293783,0,0,0.990824997425079,1.23076555132866,469.490427449346,105.548608884215,0,0,0,0,0,0,111.273747384548,2.46126006543636,12.4451707303524,0,0,0,3.69280445575714,0.757773250341415,0,47.0545800626278,0,0,0,0,0,1.28626382350922,0,32.0582762807608,0.157254338264465,0,0,45.3716955184937,19.498992472887,41.0218110978603,2.25877651572227,27.3299458026886,3.50153857469559,432.743494965136,0,1220.08098715544,2.96702665090561,0
0,0,0.726534128189087,0,25.6380748748779,0,0,0,0,0,0,0,0,0,0,0,0,0,0,0,44.9386457949877,0,0,0,0,0,0,0,0,0,0,0,0,0,0,0,21.1017396450043,0,0,0,0,0,2.30167892575264,0,0,0,0,0,1.4599417746067,0,0,0,0,0,0,0,0.896412879228592,0,0,0,0,0,0,230.99024617672,0,0,0,0,0,0,0,0,0,0.221496775746346,0,0,0,0,0,83.5301123857498,0,0,132.841440215707,0,76.6518116295338,0,0
0,0,0,2.64385135471821,0,110.682891458273,0,0,0,0,0,0,0,0,0,0,0,0,0,64.884638234973,0,0,0,0,0,0,0,0,0,0,0,0,0,0,0,2.13937562704086,0,0,0,0,0,0,0,0,0,0,0,0,0,0,0,0,0,0,0,0,0,33.563066393137,0,0.38888955116272,0,0,55.2363512068987,0,0,0,0,0,0,0,0,0,0.364072352647781,0,0,0,0,0,0.888819187879562,0,0,0,0.246017828583717,0,84.3987262398005,0,0
0,0,0,0,20.2939023971558,0,2.16866588592529,0,0,0,0,0,203.68496465683,0,0,0,0,0,0,0,27.1697491407394,0,0,0,0,0,0,0,0,0,0,0,0,0,0,0,0,0,0,0,0,0,0,0,0,0,0,0,0,0,0,0,0,0,0,0,0,0,7.79519939422607,0,0,0,0,0,0,0,0,0,0,0,0,0,0,0,0,0,0,0,0,0,0,0,148.372393965721,0,0,0,0
0,0,0,0,0,0,0,4.74574375152588,0,0,0,0,0,0,0,0,0,0,0,0,0,0,0,0,0,0,0,0,0,0,0,0,0,0,0,0,0,0,0,0,0,0,0,0,0,0,0,0,0,0,0,0,0,0,0,0,0,16.7583429813385,0,0,0,0,0,0,0,0,0,0,0,0,0,0,0,0,0,0,0,0,0,0,0,0,0,0,0,0,0
257.119942039251,0,3.11538547277451,0,75.2224838733673,0,0,0,646.786055251956,0,0,0,0,0,54.9973614364862,0,0,0,0.323485523462296,0,0,0,0,0,167.231600373983,0,0,0,0,0,0,0,0,0,0,0,1.46755973994732,0,110.784724235535,0,0.433382123708725,0,24.7051535248756,0,0,0,0,0,16.0801159292459,0,0,0,0,0,0,0,1.27794043719769,0,0,0,289.764554679394,0,0,12.1756588816643,0,0,0,312.124923497438,0,0.950624853372574,0,0,0,3.74995627999306,0,0,0,0,0,6.44255982339382,0,244.674600809813,52.0451472848654,0,147.048016369343,0,0.291756689548492
0,407.189358085394,0,31.842117190361,0,15.0664035975933,0,0,0,519.651153355837,0,0,0,0,0,1.02812707424164,1.12552118301392,0.485671937465668,0.820834025740623,2.45159739255905,0,0.147629588842392,0,87.5987432599068,0,0,0,0,0,0,0,0,0,0,0,6.04373526573181,0,1.52982398867607,0,2.39844278991222,0,12.2982527166605,0,0,0,1.23121827840805,0,1.40011245012283,0,111.273747384548,0,0,0,0,0,0,0,1.10540184378624,0,0,0,10.2253022789955,0.648579597473145,0,0,0,194.424341291189,0,0,0,0,0,3.93605476617813,0,0,0,0,0,5.50862890481949,0,11.1104803979397,0,182.460680261254,0,181.502689003944,0,0
0.689721435308456,0,14.4387573301792,0,0,0,9.6984395980835,0,0,0,1454.01728308201,0,629.336167961359,0,0,0,8.4235305339098,5.04657216370106,75.7427602410316,0,132.610756203532,0,0,0,0,0,0,0,0,0,4.32177758216858,0,0,0,0,0,12.6928750127554,0,109.272362560034,0,17.8738751709461,0.812049776315689,335.35724721849,0,0.229140356183052,2.35313177108765,92.0410391539335,0.517673820257187,38.229267001152,2.46126006543636,0.896412879228592,0,0,0,1.27794043719769,0,0,0,67.0489273816347,0,1.74636441469193,0,0,791.12793815136,0,0,0,0,0,0,0,0,0,688.287878364325,0,0,0,0,0,108.681520342827,0.392944663763046,63.5921678245068,265.892574198544,0,716.21451921761,0,34.6693349629641
0,0,0,42.221845433116,0,127.991363495588,0,167.304796457291,0,0.193296119570732,0,4376.40639704466,0,0,0,0,1.19094230979681,3.93294404447079,29.4076029732823,1006.73105734587,0,0,0,0,0,0,0,0,0,303.287855684757,0,0,0,0,0,743.121739760041,0,3898.47940611839,0,2.56456525623798,0,262.595178708434,1.22002539038658,0,0,0.140815675258636,0,0,0,12.4451707303524,0,33.563066393137,0,16.7583429813385,0,1.10540184378624,0,0,0,0.254274636507034,0,0,1112.63106119633,0,0,0,0,0,0,0,0,0,649.847826033831,0,0,0,0,0,8.72103604674339,0,160.964867427945,0,423.110577598214,0,599.45246951282,10.3744349777699,0.187829360365868
0,0,157.097502321005,0,0,0,6.02753353118896,0,0,0,40.9904601573944,0,2022.35843321681,0,0,0,0.732535734772682,0,2.79874704778194,0,0,0,0,0,0,0,0,0,0,0,0,0,0,0,0,0,2.9108130633831,0,0,0,4.77467012405396,0,45.9381192475557,0,0,0,0.621255829930305,0,18.4409019052982,0,0,0,7.79519939422607,0,0,0,67.0489273816347,0,0,0,392.279351949692,0,0,7.80876857042313,0,0,0,0,0,1,0,64.441940009594,0,13.6656425744295,0,0,0,0,0,15.225547760725,0,5.05344875156879,408.470451027155,17.4182252883911,225.404678449035,0,2.04793108999729
0,0,0,4.62400966882706,0,0,0,0,0,0,0,2012.84253913164,0,227.638972997665,0,0,0,0,0,0.723260581493378,0,0,0,0,0,0,0,13.4436373710632,0,0,0,0,0,0,0,3.44957432150841,0,0,0,0,0,0,0,0,0,0.501985147595406,0,0,0,0,0,0.38888955116272,0,0,0,0,0,0.254274636507034,0,0,0,2,2.31160616874695,0,0,0,0,0,0,0,114.548884391785,0,0,0,0,0,0,0,1.14132572710514,0,0,0,5.23481677472591,4.73450231552124,30.8660472929478,0,0
14.718971401453,0,0,0,0,0,0,0,19.4731594771147,0,0,0,0,0,6.2885667681694,0,3.16293907165527,0,0,0,0,0,0,0,0.83908224105835,0,0,0,0,0,0,0,0,0,0,0,0,0,0,0,0,0,1.51182848215103,0,0,0,0,0,3.68767078220844,0,0,0,0,0,289.764554679394,0,1.74636441469193,0,392.279351949692,0,0,0,0,0,0,0,0,52.7178211510181,0,0,0,0,0,0,0,0,0,0,0,0,0,0,0,0,6.73914378881454,0,0
0,40.7118029594421,0,1.22246414422989,0,0.799805283546448,0,0,0,0,0,0,0,39.4201874732971,0,140.181856483221,0,0,0,0.972248196601868,0,0,0,0,0,0,0,0,0,0,0,0,0,0,0,0.230448678135872,0,0,0,0,0,0,0,0,0,0,0,0,0,3.69280445575714,0,0,0,0,0,10.2253022789955,0,0,0,2,0,0,0.213472455739975,0,0,0,0,0,0,0,0,0,0,0,0,0,0,0,0.706706389784813,0,0,0,0,0,3.64332711696625,0,0
0,0,0,14.0337363630533,0,17.8495757877827,0,0,0,0.37897652387619,0,381.524634227157,0,0,0,0,0.709877759218216,11.3446751385927,159.268508806825,1070.96036213636,0,0,0,0,0,0,0,0,0,0,0,0,0,0,0,3190.43837553263,0,302.692817687988,0,176.211073175073,0.627769708633423,203.372393324971,2.28364077210426,0,0,1544.86572921276,0,0,0,0.757773250341415,0,55.2363512068987,0,0,0,0.648579597473145,0,1112.63106119633,0,2.31160616874695,0,0.213472455739975,0,0,0,0,0,0,0,0,0,0,397.213124409318,0,0,0,0,0,798.37173320353,1.09083239734173,2299.59181246907,0,367.094884604216,0,890.243110358715,0,0
0,0,2.70337146520615,0,61.6988910138607,0,0,0,0,0,1349.54463142157,0,0,0,0,0,5.54394854605198,2.69470602273941,172.610587388277,0,1527.71811014414,0,0,0,0,0,0,0,0,0,0,0,0,0,0,0,1556.01779042184,0,292.555428668857,0.202685549855232,149.364397644997,0.244402885437012,379.735295459628,0,0.43826074898243,0,939.358813732862,0,7.32578575611115,0,230.99024617672,0,0,0,12.1756588816643,0,791.12793815136,0,7.80876857042313,0,0,0,0,0,0,0,0,0,0,0,0,0,0,621.976221054792,0,0,0,0,0,4563.95178377628,0,1829.71444998682,288.337807267904,0,867.485513776541,0,46.9902473390102
0,0,0,0,0,0,0,0,0,0,0,0,0,0,0,0,0,0,0,0,0,1565.97087269276,0,137.725982807577,0,19.3595514297485,0,127.625838279724,0,0,0,0,0,0,0,0,0,189.608127035201,0,0,0,0,0,0,0,0,0,0,0,47.0545800626278,0,0,0,0,0,0,0,0,0,0,0,0,0,0,0,0,384.335727564991,0,0,0,62.9257271885872,0,0,0,0,0,0,0,0,0,30.815084323287,0,47.3263622522354,0,0,0,0
0,0,0,0,0,0,0,0,0,0,0,0,0,0,0,0,0,0,0,0,0,0,2428.44255796075,0,54.2823649644852,0,0,0,0,0,0,0,0,0,0,0,0,0,524.243699833751,0,0,0,0,0,0,0,0,0,112.443300575018,0,0,0,0,0,0,0,0,0,0,0,0,0,0,0,0,0,0,171.827623412013,0,151.451518937945,0,245.113337010145,0,0,0,0,0,0,0,0,0,29.6046004891396,108.477865040302,1,0,0,0
0,8.04077342152596,0,0,0,0,0,0,0,342.238595142961,0,0,0,0,0,3.98402234911919,0,0,0,0,0,490.523113846779,0,733.056954547763,0,31.6695274412632,0,0,0,0,0,0,0,0,0,0,0,14.9995849430561,3.13407170772552,0,0,0,0,0,0,0,0,62.703813046217,0,0,0,0,0,0,0,194.424341291189,0,0,0,0,0,0,0,0,384.335727564991,0,0,0,1.16500785946846,0,0,0,0,0,0,0,0,0,0,0,24.4545146226883,1.05050110816956,193.334994867444,0,22.4323566854,0,0
0.664492249488831,0,0,0,0,0,0,0,13.5571009814739,0,0,0,0,0,0,0,0,0,0,0,0,0,48.9720921069384,0,607.477113485336,0,88.3439857661724,0,0,0,0,0,0,0,0,0,0,0,517.613616615534,0,0,0,0,0,0,0,0,0,161.433133155107,0,0,0,0,0,312.124923497438,0,0,0,0,0,52.7178211510181,0,0,0,0,171.827623412013,0,0,0,1004.86832526326,0,0,0,0,0,0,0,0,0,0,0,568.468567103148,72.8786400854588,0,134.880405604839,0,0
0,0,0,0,0,0,0,0,0,0,0,0,0,0,0,0,0,15.4325430393219,0,0,0,2.20738172531128,0,101.249705761671,0,73.7493619918823,0,0,0,0,0,0,0,0,0,0,0,0,0,0,0,0,0,0,0,0,0,0,0,0,0,0,0,0,0,0,0,0,0,0,0,0,0,0,0,0,1.16500785946846,0,0,0,0,0,0,0,0,0,0,0,0,0,0,0,15.9634508490562,0,0,0,0
0,0,0,0,0,0,0,0,0.871089160442352,0,0,0,0,0,1,0,19.6291078925133,0,0,0,0,0,42.7234714180231,0,2260.27090409398,0,23.9655928313732,0,4,0,0,0,0,0,0,0,0,0,0,0,0,0,0,0,0,0,0,0,193.608947247267,0,0,0,0,0,0.950624853372574,0,0,0,1,0,0,0,0,0,0,151.451518937945,0,1004.86832526326,0,0,0,109.836613893509,0,0,0,0,0,0,0,0,0,0,1,0,21.9496700912714,0,0
0,0,0,0,0,0,0,0,0,0,0,1249.66574776173,0,35.7752137184143,0,0,0,0,0,0,0,0,0,0,0,0,0,1984.56931357086,0,557.353989973664,0,0,0,0,0,0,0,0,0,0,0,0,0,0,0,0,0,0,0,1.28626382350922,0,0,0,0,0,0,0,0,0,114.548884391785,0,0,0,0,62.9257271885872,0,0,0,0,0,0,0,2.07637725770473,0,0,0,0,0,0,0,106.097774744034,0,56.3321353793144,0,0,0,0
0,0,0,0,0,0,0,0,0,0,0,0,4.28987449407578,0,0,0,0,0,0,0,0,0,132.008912563324,0,0,0,119.812575936317,0,738.956393480301,0,30.9019227027893,0,0,0,0,0,0,0,12.7465777397156,0,0,0,0,0,0,0,0,0,0,0,0,0,0,0,0,0,0,0,64.441940009594,0,0,0,0,0,0,245.113337010145,0,0,0,109.836613893509,0,0,0,0,0,0,0,0,0,0,0,152.379061222076,267.31983011961,38.5585088729858,0,0,0
0,3.22922630608082,0,78.7805536389351,0,2.82389745116234,0,0,0,2.07478025555611,0,434.313561350107,0,0,0,0,6.70931302011013,25.1506552323699,250.59045779705,5.40751177072525,0,0,0,0,0,0,0,57.5453481078148,0,1739.75964699686,0,0,0,0,0,0,0,466.746732637286,0,41.5706752240658,0,991.589862421155,5.24988323450089,0,0,16.6875081509352,0,0.146305575966835,0,32.0582762807608,0,0.364072352647781,0,0,0,3.93605476617813,0,649.847826033831,0,0,0,0,397.213124409318,0,0,0,0,0,0,0,2.07637725770473,0,0,0.57295061647892,0,0,0,0,56.2231851816177,4.22906610369682,204.141706250608,3.08372294902802,658.5448275581,0.177119493484497,1351.36412858963,64.0339828431606,0.599073320627213
2.44880478084087,0,5.42865869402885,0,0,0,0,0,0,0,138.000707954168,0,0,0,0,0,23.7556991428137,4.36715547740459,246.170196086168,0,91.5892505645752,0,0,0,0,0,0,0,171.722535729408,0,225.032363146544,0,0,0,0,0,0,0,40.5803900361061,1.44862937927246,45.1280795112252,2.86728636920452,434.223426669836,0,0,0,102.7063190341,0,9.43824076652527,0.157254338264465,0.221496775746346,0,0,0,3.74995627999306,0,688.287878364325,0,13.6656425744295,0,0,0,0,621.976221054792,0,0,0,0,0,0,0,0,0.57295061647892,0,0,0,0,0,2.07121025025845,107.21164419502,1.3563579916954,200.704976841807,70.3429903015494,0,854.426284745336,0.262744903564453,107.315547138453
0,0,0,0,0,0,0,0,0,0,0,0,0,0,0,0,0,0,0,0,0,0,0,0,0,0,0,0,0,0,0,1193.8260153681,1087.85386812687,59.9550569951534,41.8600952029228,295.520002678037,0.268053233623505,0,0,0,0,0,0,0,0,0,0,3600.15062849224,0,0,0,0,0,0,0,0,0,0,0,0,0,0,0,0,0,0,0,0,0,0,0,0,0,0,0,59.6402091085911,148.345997855067,27.2348670661449,496.226025573909,1.83254288136959,0,0,53.5326652526855,0,0,0,0
0,0,0,0,0,0,0,0,0,0,0,0,0,0,0,0,0,0,0,0,0,0,0,0,0,0,0,0,0,0,0,218.213170319796,428.222662389278,0,145.1275626719,8.93896234035492,649.721040129662,0,19.2964212596416,0,0,0,0,0,0,0,0,6027.62287810445,0,0,0,0,0,0,0,0,0,0,0,0,0,0,0,0,0,0,0,0,0,0,0,0,0,0,59.6402091085911,0,1.87100094556808,1002.32132922113,58.5743406265974,290.978754192591,0,3.72377188503742,1014.95776945353,0,0,0,0
0,0,0,0,0,0,0,0,0,0,0,0,0,0,0,0,0,0,0,0,0,0,0,0,0,0,0,0,0,0,0,30.1821113079786,17.2469716668129,2210.92179535329,2071.78829407692,357.623454451561,1.00628392398357,572.493527114391,58.5588917136192,3.62255334854126,0,1.470942735672,0,0,0,0,0,5200.85198032856,2.25581105053425,45.3716955184937,0,0,0,0,0,0,0,0,0,0,0,0,0,0,0,0,0,0,0,0,0,0,0,0,148.345997855067,1.87100094556808,0,1180.96946041286,603.476167485118,3.6531507819891,130.68428003788,152.417596369982,467.310170084238,0,13.9135947972536,0,0
0,0,0,0,0,0,0,0,0,0,0,0,0,0,0,0,0,0,0,0,0,0,0,0,0,0,0,0,0,0,0,15.0321326553822,41.7395656108856,1408.94203785062,2023.44980558753,0,387.207160994411,0.982105672359467,178.062526211143,0,0,0,1.2664167881012,0,0,0,0,5732.90139907598,4.23197528719902,19.498992472887,0,0,0,0,0,0,0,0,0,0,0,0,0,0,0,0,0,0,0,0,0,0,0,0,27.2348670661449,1002.32132922113,1180.96946041286,0,10.8494329750538,5.73298239707947,8.03921660780907,486.133499212563,572.874113366008,0,33.2580472379923,0,0
0,9.34357705712318,0,37.8623753488064,0,2.9872774630785,0,0,0,0.314785450696945,0,0,0,0,0,0,70.5648913905025,221.983634315431,2697.76809100062,190.904541045427,0,0,0,0,0,0,0,0,0,0,0,329.29542426765,37.1270921826363,800.563309237361,6.01078343391418,13391.0156328231,578.8317463696,1399.62304949015,0.805951297283173,682.434948593378,3.73989863693714,1796.22757581621,25.7479173988104,0,0,134.437940195203,0.788267433643341,6801.89741159976,0,41.0218110978603,0,0.888819187879562,0,0,0,5.50862890481949,0,8.72103604674339,0,1.14132572710514,0,0.706706389784813,798.37173320353,0,0,0,0,0,0,0,0,0,56.2231851816177,2.07121025025845,496.226025573909,58.5743406265974,603.476167485118,10.8494329750538,0,449.870692767203,5607.9677779302,12.2889891862869,1063.57413251698,0.488199651241302,1570.89191823453,2.76124905049801,0.618767648935318
44.5787936151028,0,3.91785335540771,0.236595898866653,0,0,0,0,0,0,235.785074472427,0,0,0,0,0,309.499164000154,102.857981838286,3293.79363659769,0,1082.55405271053,0,0,0,0,0,0,0,0,0,0,3.49350064992905,99.5031241029501,0.997549802064896,142.202853858471,1264.65736234188,20638.2033161297,4.33988523483276,860.438300251961,8.18859632313251,634.223540991545,21.1325268149376,2090.06582294405,0,16.3446607142687,0.891005575656891,670.803447201848,94.9653349518776,372.833598285913,2.25877651572227,83.5301123857498,0,0,0,6.44255982339382,0,108.681520342827,0,15.225547760725,0,0,0,1.09083239734173,4563.95178377628,0,0,0,0,0,0,0,0,4.22906610369682,107.21164419502,1.83254288136959,290.978754192591,3.6531507819891,5.73298239707947,449.870692767203,0,21.5990025103092,1711.43631964922,2793.63571760058,30.4297952800989,1822.58278910071,0,42.7162006497383
0,1.55468240380287,0,50.8642230629921,0,1.24415235221386,0,0,0,13.9266099333763,0,10.0263257920742,0,0,0,0,54.6443512812257,168.266645677388,1648.35964336991,83.8514709025621,0,197.568478569388,0,415.850433766842,0,0,0,81.780257999897,0,501.95300886035,0,0,0,164.789949297905,46.585900247097,2706.34471146762,0,13688.6650063992,200.207388803363,138.433423794806,5.69196183979511,1021.02644105256,27.8133768737316,0,0,216.459810048342,0.746804729104042,936.932604774833,87.1423120349646,27.3299458026886,0,0,0,0,0,11.1104803979397,0.392944663763046,160.964867427945,0,0,0,0,2299.59181246907,0,30.815084323287,0,24.4545146226883,0,0,0,106.097774744034,0,204.141706250608,1.3563579916954,0,0,130.68428003788,8.03921660780907,5607.9677779302,21.5990025103092,0,745.786734193563,1519.56531083584,2.49928496778011,1386.1006065309,43.0562180429697,7.95043177902699
16.5122739672661,0,0.543156757950783,0.168467104434967,0,0,0,0,46.7304447889328,0,308.195926934481,0,0,0,0,0,182.447400957346,53.6749873235822,1378.09938745201,0,92.6057938486338,0,133.487069964409,0,114.946724444628,0,0,0,0,0,2.60350182652473,0,0,189.491297706962,563.118480280042,5.2607057094574,998.262254282832,366.062712341547,12376.966523394,4.67115089297295,147.663995936513,7.51679629087448,611.039556860924,0,7.28898650407791,2.03649163246155,243.833953306079,3224.01985318959,322.80569525063,3.50153857469559,0,0,0,0,244.674600809813,0,63.5921678245068,0,5.05344875156879,0,0,0,0,1829.71444998682,0,29.6046004891396,1.05050110816956,568.468567103148,0,0,0,152.379061222076,3.08372294902802,200.704976841807,0,3.72377188503742,152.417596369982,486.133499212563,12.2889891862869,1711.43631964922,745.786734193563,0,1375.3765802905,2.34213918447495,706.382404074073,0.37833508849144,129.810852140188
