0,0,6.09068808978117,0,9.36822622637206,0,0,0,7.06146226236629,0,0,0,0,0,0,0,41.1490306854248,0,7.01308136667524,0,0,0,0,0,16.496475281074,0,27.6607341766357,0,0,0,0,0,0,0,0,0,0,0,16.3064235305786,0,0,0,5.47222849335333,0,0,0,0,0,8.2853094069163,0,0,0,0,0,7.28930518516274,0,0,0,0,0,5.42956075668335,0,0,0,0,0,0,9.82859030517481,0,0,0,0,0,0,0,0,0,0,0,0,0,17.2705431938171,6.72140896081924,0,6.11656853268822,0,6.68523699622
0,0,0,8.19345345559991,0,15.3657722473145,0,0,0,7.26059891131459,0,0,0,0,0,22.5049343109131,0,26.7548561096191,15.2027014626397,0,0,0,0,21.7169142999957,0,18.1829558662746,0,0,0,0,0,0,0,0,0,0,0,26.1248823210251,0,0,0,0,28.4196224212646,0,0,0,0,0,0,9.84427924514938,0,10.7812383174896,0,0,0,12.513606654766,0,8.9986311636473,0,0,0,9.83001954504784,0,0,0,0,19.7239260327989,0,15.6190135515653,0,0,0,0,0,0,0,0,0,0,0,25.3089371500789,0,4.10790119719456,0,15.6799134063721,0,0
6.09068808978117,0,0,0,4.89316142082214,0,0,0,8.20239122238748,0,0,0,0,0,0,0,34.5412275526259,43.7312355041504,39.6085815429688,0,0,0,0,0,32.1181927181426,0,0,0,0,0,0,0,0,0,0,0,0,0,0,0,0,0,16.3745302756627,0,0,0,5.19527500647086,0,4.76488610242037,0,0,0,0,0,11.4762676077731,0,3.5452135848999,0,0,0,0,0,0,0,0,0,0,32.0774409853179,0,0,0,0,0,0,0,0,0,0,0,0,0,0,6.15082917566653,0,6.6784012538794,0,0
0,8.19345345559991,0,0,0,5.23707986432453,0,0,0,8.71427925216391,0,0,0,0,0,3.60476906870452,0,27.8156266893659,0,0,0,0,0,35.9881737709045,0,0,0,0,0,0,0,0,0,0,0,0,0,40.6565088199664,0,0,0,16.0934810447693,0,0,0,0,0,0,0,5.12168178562993,0,7.47459836372962,0,0,0,11.5014189755973,0,4.00183113416036,0,4.39728870391846,0,4.83034496966416,0,0,0,0,31.65797827794,0,24.0469837188721,0,34.9328585730659,0,31.434868812561,0,0,0,0,0,0,0,40.8971460515803,0,7.10452812534195,0,6.97806966331673,0,0
9.36822622637206,0,4.89316142082214,0,0,0,0,0,8.88719160065931,0,0,0,0,0,0,0,0,0,16.9938430786133,0,0,0,0,0,0,0,0,0,0,0,0,0,0,0,0,0,0,0,0,0,0,0,0,0,0,0,0,0,13.713596534729,0,3.07487743922642,0,0,0,5.19962016741435,0,3.22586452960968,0,0,0,0,0,0,0,0,0,0,0,0,0,0,0,0,0,0,0,0,0,0,0,0,0,4.28055291450941,0,11.6656905871171,0,0
0,15.3657722473145,0,5.23707986432453,0,0,0,0,0,6.61642943006573,0,2.9071879863739,0,0,0,5.90977641105652,0,0,0,0,0,0,0,0,0,0,0,0,0,0,0,0,0,0,0,0,0,45.7761039733887,0,0,0,0,0,0,0,0,0,0,0,0,0,3.96117043287255,0,0,0,5.16993549595708,0,6.07625586039399,0,3.90862202865106,0,3.84115022312511,0,0,0,0,0,0,0,0,0,0,0,0,0,0,0,0,0,0,0,0,3.90035577722498,0,7.03933136310418,0,0
0,0,0,0,0,0,0,0,0,0,0,0,0,0,0,0,0,0,0,0,0,0,0,0,0,0,0,0,0,0,0,0,0,0,0,0,0,0,0,0,0,0,0,0,0,0,0,0,0,0,0,0,0,0,0,0,0,0,0,0,0,0,0,0,0,0,0,0,0,0,0,0,0,0,0,0,0,0,0,0,0,0,0,0,0,0,0
0,0,0,0,0,0,0,0,0,0,0,0,0,0,0,0,0,0,0,0,0,0,0,0,0,0,0,0,0,0,0,0,0,0,0,0,0,0,0,0,0,0,0,0,0,0,0,0,0,0,0,0,0,0,0,0,0,0,0,0,0,0,0,0,0,0,0,0,0,0,0,0,0,0,0,0,0,0,0,0,0,0,0,0,0,0,0
7.06146226236629,0,8.20239122238748,0,8.88719160065931,0,0,0,0,0,0,0,0,0,5.55041059912467,0,20.4816940848892,29.4065719332014,10.2949534869094,0,0,0,23.056755065918,32.6531219482422,15.667596669834,0,17.7832630475362,0,0,0,0,0,0,0,0,0,0,0,25.4484272003174,0,0,39.807767868042,16.9200064438145,0,0,0,0,0,21.5629013733543,0,0,0,0,0,7.66486619709113,0,0,0,0,0,5.85872781153807,0,0,0,0,0,0,13.8008104504934,0,0,0,0,0,0,0,0,0,0,0,0,0,27.3014822006226,8.80536482940476,8.78703734534127,16.5319933096568,0,0
0,7.26059891131459,0,8.71427925216391,0,6.61642943006573,0,0,0,0,0,0,0,19.9146909713745,0,6.28522377420765,30.1031851768494,19.6321021460415,20.9067450342952,0,0,0,0,20.8534325997391,0,19.2114692014806,0,0,0,0,0,0,0,0,0,0,0,26.8975149515725,0,0,0,13.3944797126373,48.7847023010254,0,0,0,0,0,62.4347801208496,20.393825996702,0,9.65176489830017,0,0,0,7.13743955038468,0,22.861611366272,0,0,0,13.1234850315821,0,0,0,0,21.5001461094823,0,9.11435808605618,0,24.3255146026611,0,23.3223404884338,0,0,0,0,0,0,0,27.5164789720015,0,8.54845374571272,17.5896801418728,15.2710433806143,13.0931468923041,0
0,0,0,0,0,0,0,0,0,0,0,0,3.30402588325998,0,0,0,0,0,0,0,2.73716509342194,0,0,0,0,0,0,0,4.12334789679601,0,6.55793416150504,0,0,0,0,0,0,0,2.9266596019268,0,0,0,0,0,0,0,0,0,0,0,0,0,0,0,0,0,3.22762039397498,0,0,0,0,0,0,0,0,0,0,0,0,0,0,0,0,5.30130477671353,0,0,0,0,0,0,0,0,4.14145791530609,0,0,0,0
0,0,0,0,0,2.9071879863739,0,0,0,0,0,0,0,2.7811706977732,0,0,0,0,0,6.32848763247149,0,0,0,0,0,0,0,0,0,2.8969749212265,0,0,0,0,0,3.14265039563179,0,2.99827065467834,0,0,0,0,0,0,0,0,0,0,0,0,0,0,0,0,0,0,0,3.82843080738135,0,0,0,0,7.32377779483795,0,0,0,0,0,0,0,0,0,3.12439107894897,0,0,0,0,0,0,0,3.22424495220184,0,4.02311969350237,0,4.87150099542406,0,0
0,0,0,0,0,0,0,0,0,0,3.30402588325998,0,0,0,3.11224418878555,0,0,0,0,0,0,0,0,0,0,0,0,0,0,0,0,0,0,0,0,0,0,0,0,0,0,0,0,0,0,0,0,0,0,0,0,0,0,0,0,0,0,0,0,0,0,0,0,0,0,0,0,0,0,0,0,0,0,0,0,0,0,0,0,0,0,0,3.136603474617,0,0,0,0
0,0,0,0,0,0,0,0,0,19.9146909713745,0,2.7811706977732,0,0,0,4.93218584621654,0,0,0,0,0,0,0,0,0,0,0,0,0,0,0,0,0,0,0,0,0,0,0,0,0,0,0,0,0,0,0,0,0,0,0,0,0,0,0,24.8443565368652,0,0,0,3.62894952297211,0,9.44959652900696,0,0,0,0,0,0,0,0,0,0,0,0,0,0,0,0,0,0,0,0,4.11188725560729,4.65573868192272,0,0,0
0,0,0,0,0,0,0,0,5.55041059912467,0,0,0,3.11224418878555,0,0,0,0,0,0,0,0,0,0,0,13.0590936279297,0,0,0,0,0,0,0,0,0,0,0,0,0,0,0,0,0,0,0,0,0,0,0,3.14464640617371,0,0,0,0,0,5.27655439252977,0,0,0,0,0,3.88202914396922,0,0,0,0,0,0,21.7017221450806,0,0,0,0,0,0,0,0,0,0,0,0,0,0,10.5198573555265,10.1590566028248,0,0,0
0,22.5049343109131,0,3.60476906870452,0,5.90977641105652,0,0,0,6.28522377420765,0,0,0,4.93218584621654,0,0,0,19.2467335831347,0,0,0,0,0,36.6908067067464,0,11.1300565945475,0,0,0,0,0,0,0,0,0,0,0,39.7468139648438,0,0,0,0,0,0,0,0,0,0,0,20.7717203727135,0,5.23291035259471,0,0,0,9.97412600884071,0,0,0,3.29635263891781,0,7.12061092358281,0,0,0,0,38.0984471638997,0,5.02704973862721,0,0,0,0,0,0,0,0,0,0,0,0,0,6.16572894338224,5.65038411976189,0,0,0
41.1490306854248,0,34.5412275526259,0,0,0,0,0,20.4816940848892,30.1031851768494,0,0,0,0,0,0,0,9.84208309852905,20.6765904263403,0,0,7.70828437805176,6.78337875386359,18.8606184323629,17.6862501469818,25.2063589096069,14.4489301394509,0,0,0,0,0,0,0,0,0,0,35.4170900980631,51.8236947801378,0,0,36.9943341443883,37.7502444323608,44.5386740684509,39.1059390581571,0,0,0,46.9523863518107,52.0429920620388,0,0,0,0,28.490208334842,31.7860111236572,0,0,0,0,0,0,0,0,0,8.49177029927572,28.2443525677636,19.7503215086745,0,0,59.0099776131766,57.7100383043289,63.712064743042,66.0853271484375,0,0,0,0,0,0,0,51.608699798584,14.64280920599,12.556134209334,42.3789797411278,44.2600177928714,35.9564505062605
0,26.7548561096191,43.7312355041504,27.8156266893659,0,0,0,0,29.4065719332014,19.6321021460415,0,0,0,0,0,19.2467335831347,9.84208309852905,0,23.9657882997321,0,0,4.95879871090088,12.848675591605,19.8308382030148,29.3262114524841,12.2368059008009,0,4.21470604624067,0,0,0,0,0,0,0,0,0,32.3954304700706,74.0322341918945,0,0,35.949499518511,45.0379103373706,42.1888894415521,0,0,0,0,53.8763401543916,47.1652432013873,0,0,0,0,39.7663841247559,17.5871976103934,0,0,0,0,0,17.3097576789367,0,0,6.19268425112437,0,20.6015403228147,0,11.7008119869232,0,60.2850599101945,55.7985916137695,55.8204395587628,0,0,0,0,0,0,0,57.055778503418,61.3648090362549,13.434481930599,11.569997571274,38.6821500369481,37.811305027302,50.5734364191691
7.01308136667524,15.2027014626397,39.6085815429688,0,16.9938430786133,0,0,0,10.2949534869094,20.9067450342952,0,0,0,0,0,0,20.6765904263403,23.9657882997321,0,0,0,0,0,37.6378383934498,22.3782927195231,43.390697479248,0,0,0,0,0,0,0,0,0,0,0,44.6016597747803,43.1140116373698,0,0,19.4581038559221,19.9667977889907,23.4260189009009,22.0995090198517,37.0420608520508,0,0,39.8820964240366,41.7804208043534,0,0,0,0,14.9378794829051,23.3066059748332,0,0,0,0,0,26.9020481109619,0,0,0,0,33.4399580955505,29.1184387207031,0,0,48.634991645813,50.3236081049993,44.0904003779093,0,0,0,0,0,0,0,43.9093627929688,46.2498741149902,13.3722315027164,28.0088317305953,19.0937657098965,20.1149100095713,17.2587167309291
0,0,0,0,0,0,0,0,0,0,0,6.32848763247149,0,0,0,0,0,0,0,0,0,0,0,0,0,0,0,0,0,0,0,0,0,0,0,3.67550490683868,0,8.18548878999514,0,7.42322805192735,0,0,0,0,0,6.73698204853496,0,0,0,0,0,0,0,0,0,0,0,7.78992557525635,0,0,0,0,5.05974141479632,0,0,0,0,0,0,0,0,0,11.614369392395,0,0,0,0,0,7.83109388960169,0,10.5695711434316,0,3.33301275793244,0,4.0192068417867,0,0
0,0,0,0,0,0,0,0,0,0,2.73716509342194,0,0,0,0,0,0,0,0,0,0,0,0,0,0,0,0,0,0,0,0,0,0,0,0,0,0,0,3.04120005880083,0,0,0,0,0,0,0,0,0,13.4224884986877,0,0,0,0,0,0,0,2.96060299873352,0,0,0,0,0,0,3.41762714333587,0,0,0,0,0,0,0,0,0,11.345635284077,0,0,0,0,0,0,0,0,2.88625677426656,0,5.56130623817444,0,0
0,0,0,0,0,0,0,0,0,0,0,0,0,0,0,0,7.70828437805176,4.95879871090088,0,0,0,0,3.98868314623833,3.83003186030047,0,5.86460258851902,0,4.58607200317209,0,0,0,0,0,0,0,0,0,4.15897495948054,18.1189670562744,0,0,0,0,0,0,0,0,0,0,5.08943144007335,0,0,0,0,0,0,0,26.1368274688721,0,0,0,0,0,0,6.28397238799444,4.52897810935974,3.97875174907369,0,9.0531558923039,0,7.89507067489053,0,0,0,0,0,0,0,0,0,0,0,4.24584299841637,4.22972931165129,0,0,0
0,0,0,0,0,0,0,0,23.056755065918,0,0,0,0,0,0,0,6.78337875386359,12.848675591605,0,0,0,3.98868314623833,0,0,4.15121714274089,0,7.11148775815964,0,0,0,0,0,0,0,0,0,0,4.55274083722721,4.05066432407773,0,0,0,0,0,0,0,0,0,6.78593432335627,0,0,0,0,0,0,0,0,0,0,0,0,0,0,0,0,6.70016212320688,0,4.59141768727984,0,4.49167307019234,0,3.59319067001343,0,0,0,0,0,0,0,0,0,0,5.05835457789734,4.33509264204237,0,0,0
0,21.7169142999957,0,35.9881737709045,0,0,0,0,32.6531219482422,20.8534325997391,0,0,0,0,0,36.6908067067464,18.8606184323629,19.8308382030148,37.6378383934498,0,0,3.83003186030047,0,0,0,13.7417611078783,0,0,0,0,0,0,0,0,0,0,0,10.1051784402869,17.2992326021194,0,0,18.9386542042096,42.0062274932861,0,0,0,0,16.9614622592926,52.5395660400391,32.3146064032806,0,45.150089263916,0,0,0,14.5420639461941,0,26.8347271813287,0,0,0,32.9857295571941,26.7623229980469,0,3.67183266113053,0,10.0103895507812,0,11.9626586862973,0,21.5357699076335,0,0,0,0,0,0,0,0,0,9.25317161839183,18.9127842296254,7.80544886254098,10.6594440761365,21.0632543027401,24.5231819629669,64.1681976318359
16.496475281074,0,32.1181927181426,0,0,0,0,0,15.667596669834,0,0,0,0,0,13.0590936279297,0,17.6862501469818,29.3262114524841,22.3782927195231,0,0,0,4.15121714274089,0,0,0,3.96949530101958,0,0,0,0,0,0,0,0,0,0,11.7353401184082,4.54024868764375,0,0,38.6615180969238,20.9591019793255,0,0,0,0,0,9.32283209537973,0,0,0,0,0,16.6043057961719,0,0,0,0,0,10.485754464802,0,0,0,0,17.1698419615978,0,4.89682049909349,0,4.41664815189862,0,0,0,0,0,0,0,0,0,0,0,12.1665237426758,6.46456228707518,5.17027401924133,20.4077126902919,0,21.4639548024824
0,18.1829558662746,0,0,0,0,0,0,0,19.2114692014806,0,0,0,0,0,11.1300565945475,25.2063589096069,12.2368059008009,43.390697479248,0,0,5.86460258851902,0,13.7417611078783,0,0,0,4.69316759877954,0,0,0,0,0,0,0,0,0,31.3882207870483,0,0,0,47.2011871337891,0,0,0,0,0,0,0,15.6363568305969,0,0,0,0,0,18.0497734069824,0,19.6045665740967,0,6.95601079260048,0,9.40203601121902,0,0,5.25338360857456,0,15.4387828753545,0,6.19429701307103,0,4.35424746465533,0,0,0,0,0,0,0,0,0,0,0,8.14748044199758,3.12530171871185,21.7121715545654,0,0
27.6607341766357,0,0,0,0,0,0,0,17.7832630475362,0,0,0,0,0,0,0,14.4489301394509,0,0,0,0,0,7.11148775815964,0,3.96949530101958,0,0,0,2.73532438278198,0,0,0,0,0,0,0,0,0,0,0,0,0,0,0,0,0,0,0,8.14673709869385,0,0,0,0,0,18.1447014808655,0,0,0,4.61927901097198,0,7.89051160812378,0,0,0,0,6.17107844980139,0,7.58057764210279,0,6.59672667303558,0,3.55527795553207,0,0,0,0,0,0,0,0,0,0,13.9074270508506,34.9937035242716,0,0,0
0,0,0,0,0,0,0,0,0,0,0,0,0,0,0,0,0,4.21470604624067,0,0,0,4.58607200317209,0,0,0,4.69316759877954,0,0,0,4.01211549106397,0,0,0,0,0,0,0,0,0,0,0,0,0,0,0,0,0,0,0,18.4205913543701,0,0,0,0,0,0,0,18.8080670283391,0,8.96868738375212,0,0,0,0,4.81006509485379,0,0,0,6.7493437981223,0,5.14561003443761,0,0,0,0,0,0,0,0,0,0,0,3.14729897181193,0,24.1661917368571,0,0
0,0,0,0,0,0,0,0,0,0,4.12334789679601,0,0,0,0,0,0,0,0,0,0,0,0,0,0,0,2.73532438278198,0,0,0,4.12823185427435,0,0,0,0,0,0,0,0,0,0,0,0,0,0,0,0,0,0,0,0,0,0,0,0,0,0,0,2.95926558971405,0,0,0,0,0,0,0,0,0,0,0,0,3.19789832530741,0,0,0,0,0,0,0,0,0,0,0,0,0,0,0
0,0,0,0,0,0,0,0,0,0,0,2.8969749212265,0,0,0,0,0,0,0,0,0,0,0,0,0,0,0,4.01211549106397,0,0,0,0,0,0,0,0,0,4.28053281042311,0,0,0,0,0,0,0,0,0,0,0,0,0,0,0,0,0,0,0,3.49598147514019,0,0,0,0,0,0,0,0,0,0,0,0,2.73939752578735,0,3.18262332735153,0,0,0,0,0,0,0,3.16494307866911,0,0,0,3.58527421951294,0,0
0,0,0,0,0,0,0,0,0,0,6.55793416150504,0,0,0,0,0,0,0,0,0,0,0,0,0,0,0,0,0,4.12823185427435,0,0,0,0,0,0,0,0,0,0,0,0,0,0,0,0,0,0,0,0,0,0,0,0,0,0,0,4.48087079958482,0,0,0,0,0,0,0,0,0,0,0,0,0,0,0,0,2.7466436624527,0,0,0,0,0,0,0,0,0,0,0,0,0
0,0,0,0,0,0,0,0,0,0,0,0,0,0,0,0,0,0,0,0,0,0,0,0,0,0,0,0,0,0,0,0,5.49466651523134,2.75340127944946,0,3.08472098509471,0,0,0,3.96459014415741,0,0,0,0,0,0,0,4.9627573743408,0,0,0,0,0,0,0,0,0,0,0,0,0,0,0,0,0,0,0,0,0,0,0,0,0,0,6.58458819389343,8.86842219702965,3.83079381783803,0,10.5315181059497,13.1615740458171,0,0,4.84908569658907,0,0,0,0
0,0,0,0,0,0,0,0,0,0,0,0,0,0,0,0,0,0,0,0,0,0,0,0,0,0,0,0,0,0,0,5.49466651523134,0,8.54264391793145,0,0,0,0,0,14.6782768249512,6.40833241144816,0,0,0,0,0,0,6.67071511064257,4.04087818874402,16.415715717134,0,0,0,0,0,0,0,0,0,0,0,0,0,0,0,0,0,0,0,0,0,0,0,0,9.1292538506526,5.73107086748142,9.77446431380052,3.0033584356308,17.9067505964956,8.84457559727911,0,0,4.01190685374396,0,23.2319464683533,0,0
0,0,0,0,0,0,0,0,0,0,0,0,0,0,0,0,0,0,0,0,0,0,0,0,0,0,0,0,0,0,0,2.75340127944946,8.54264391793145,0,4.43231347017881,5.16956622134738,0,5.89706068631238,7.32010300051082,0,0,0,0,0,0,0,0,4.93640384089253,0,4.27963015556335,0,0,0,0,0,0,0,0,0,0,0,0,0,0,0,0,0,0,0,0,0,0,0,0,14.6942697304946,10.7926797866821,5.14610164270773,4.74114783563112,5.76324925845182,0,4.90634232876348,10.6083936691284,5.40759034283956,4.10102530795595,0,0,0
0,0,0,0,0,0,0,0,0,0,0,0,0,0,0,0,0,0,0,0,0,0,0,0,0,0,0,0,0,0,0,0,0,4.43231347017881,0,0,5.77366499283484,7.28501701922644,4.1815472997135,0,0,0,0,0,0,0,0,3.91460346730216,8.22244596481323,12.8862895965576,0,0,0,0,0,0,0,0,0,0,0,0,0,0,0,0,0,0,0,0,0,0,0,0,0,4.67978255106853,5.78165045535813,4.46179506845982,20.3531017303467,8.15599572381308,11.0218859987056,4.96019284694623,4.30526711727676,5.06997334304993,0,0,0
0,0,0,0,0,0,0,0,0,0,0,3.14265039563179,0,0,0,0,0,0,0,3.67550490683868,0,0,0,0,0,0,0,0,0,0,0,3.08472098509471,0,5.16956622134738,0,0,5.42466577081119,3.39685256410353,0,4.84134674072266,0,18.9407319582426,20.4221846262614,16.9204206466675,0,11.09233281429,0,3.79649774722564,0,0,0,0,0,0,0,0,0,0,0,0,0,0,5.85688178857168,0,0,0,0,0,0,0,0,0,0,0,10.2036138772964,0,7.49026361385375,7.40025424957275,3.76923530807547,2.95575904846191,4.45840822733366,0,5.32053001739167,3.12901416420937,12.1882331748294,0,0
0,0,0,0,0,0,0,0,0,0,0,0,0,0,0,0,0,0,0,0,0,0,0,0,0,0,0,0,0,0,0,0,0,0,5.77366499283484,5.42466577081119,0,0,3.47837024264865,38.5252876281738,0,20.2205444473818,19.8866137386708,15.3013213475545,0,18.952849706014,8.91371632877149,20.0309061288834,27.2411085764567,36.2804696219308,0,0,0,0,0,0,0,0,0,0,0,0,0,0,0,0,0,0,0,0,0,0,0,0,0,0,0,4.68713281318253,13.9698402995155,3.96918550822855,0,5.45406006489481,17.1875203493983,3.00391034285227,8.88051854355695,0,0
0,26.1248823210251,0,40.6565088199664,0,45.7761039733887,0,0,0,26.8975149515725,0,2.99827065467834,0,0,0,39.7468139648438,35.4170900980631,32.3954304700706,44.6016597747803,8.18548878999514,0,4.15897495948054,4.55274083722721,10.1051784402869,11.7353401184082,31.3882207870483,0,0,0,4.28053281042311,0,0,0,5.89706068631238,7.28501701922644,3.39685256410353,0,0,5.1357459665314,0,0,16.8090632334824,0,0,0,0,0,7.10035213990645,0,16.8138508715042,0,46.1121063232422,0,0,0,24.647500342217,0,28.9390268959898,0,0,0,38.7872722413805,19.3410794280824,0,5.04745121256134,0,9.4041523296827,0,69.1827926635742,0,22.7596627588141,0,3.61987576177043,0,0,0,6.40514899716519,12.1350088119507,7.12974117360216,0,4.37058922306469,7.96997475717582,6.73676919659788,6.361726581803,16.4973592397472,16.1430896274627,0
16.3064235305786,0,0,0,0,0,0,0,25.4484272003174,0,2.9266596019268,0,0,0,0,0,51.8236947801378,74.0322341918945,43.1140116373698,0,3.04120005880083,18.1189670562744,4.05066432407773,17.2992326021194,4.54024868764375,0,0,0,0,0,0,0,0,7.32010300051082,4.1815472997135,0,3.47837024264865,5.1357459665314,0,0,0,0,18.3844072537159,0,0,0,0,5.64482018682692,14.7968438815643,0,0,0,0,0,21.7679246266683,0,0,0,0,0,0,0,0,0,0,5.23502439617917,0,13.7525027555578,0,0,0,27.3672103881836,0,0,0,0,6.54712855404821,3.48388059550318,0,6.62487742070402,7.90758639185052,4.8168211419674,5.41085666623609,4.20565536667903,18.6141397316037,0,19.7120888180203
0,0,0,0,0,0,0,0,0,0,0,0,0,0,0,0,0,0,0,7.42322805192735,0,0,0,0,0,0,0,0,0,0,0,3.96459014415741,14.6782768249512,0,0,4.84134674072266,38.5252876281738,0,0,0,17.7010822296143,18.7731482909386,21.5704202651978,0,0,11.6283728200653,26.2082697550456,9.07957742130617,9.79973549357915,5.29946973425963,0,0,0,0,0,0,0,0,0,0,0,0,5.34979446241933,0,0,0,0,0,0,0,0,0,0,0,0,22.4952399274136,0,0,5.17622701549994,23.1721839904785,4.43405485677195,0,17.9944548897627,0,9.37227913079631,16.3797914187113,0
0,0,0,0,0,0,0,0,0,0,0,0,0,0,0,0,0,0,0,0,0,0,0,0,0,0,0,0,0,0,0,0,6.40833241144816,0,0,0,0,0,0,17.7010822296143,0,0,14.4831392169371,0,0,0,9.68311359384935,7.0704593554787,5.57715185739385,0,0,0,0,0,0,0,0,0,0,0,0,0,0,3.75390083857515,0,0,0,0,0,0,0,0,0,0,0,9.25475787404758,0,0,0,5.27309713820947,0,0,0,0,6.34895610657693,0,14.2863439089292
0,0,0,16.0934810447693,0,0,0,0,39.807767868042,13.3944797126373,0,0,0,0,0,0,36.9943341443883,35.949499518511,19.4581038559221,0,0,0,0,18.9386542042096,38.6615180969238,47.2011871337891,0,0,0,0,0,0,0,0,0,18.9407319582426,20.2205444473818,16.8090632334824,0,18.7731482909386,0,0,12.981429816381,8.69712741951366,33.3617725372314,14.5482285123682,0,11.1417226422001,18.3778742790222,8.59564844460871,0,0,0,0,0,16.3213922427251,0,11.9830170544711,0,0,0,0,24.1964238288285,0,0,0,17.209471095692,0,13.2601566314697,0,18.4298509634458,0,13.5654023072299,0,0,25.1786327362061,0,0,19.6214515889539,0,12.7889875646188,0,12.6555067826252,0,5.83632596028956,6.3411022316558,42.8839963277181
5.47222849335333,28.4196224212646,16.3745302756627,0,0,0,0,0,16.9200064438145,48.7847023010254,0,0,0,0,0,0,37.7502444323608,45.0379103373706,19.9667977889907,0,0,0,0,42.0062274932861,20.9591019793255,0,0,0,0,0,0,0,0,0,0,20.4221846262614,19.8866137386708,0,18.3844072537159,21.5704202651978,14.4831392169371,12.981429816381,0,27.6406421661377,4.80575499447381,18.6222744878133,12.0120603495278,13.2415382565192,8.19512403825177,33.1199749537877,0,0,0,0,14.5403377308565,0,0,0,0,0,0,0,0,8.94027749697367,0,0,0,13.1191204295439,0,22.5232887268066,0,24.6064425706863,0,6.85617173910141,0,26.4503547961895,0,0,20.4893687111991,15.2285649961417,0,14.3549438452109,13.4380187739624,19.4133625030518,7.1025942471702,43.2833585739136,5.93974724201416
0,0,0,0,0,0,0,0,0,0,0,0,0,0,0,0,44.5386740684509,42.1888894415521,23.4260189009009,0,0,0,0,0,0,0,0,0,0,0,0,0,0,0,0,16.9204206466675,15.3013213475545,0,0,0,0,8.69712741951366,27.6406421661377,0,0,9.88929462432861,0,0,77.4426727294922,50.8514404296875,0,0,0,0,0,0,0,0,0,0,0,0,0,0,0,0,0,0,0,0,0,0,0,0,0,0,0,0,0,0,24.9598598480225,0,22.0931020816167,0,10.7738294858727,11.5467619660136,39.8549461364746
0,0,0,0,0,0,0,0,0,0,0,0,0,0,0,0,39.1059390581571,0,22.0995090198517,0,0,0,0,0,0,0,0,0,0,0,0,0,0,0,0,0,0,0,0,0,0,33.3617725372314,4.80575499447381,0,0,0,3.36853869033582,23.9905878702799,23.099751663208,24.8623085021973,0,0,0,0,0,0,0,0,0,0,0,0,0,0,0,0,0,0,0,0,0,0,0,0,0,34.6219272613525,0,0,0,0,0,0,28.7296756199428,0,6.36546007093492,42.7693777084351,8.59484937077477
0,0,0,0,0,0,0,0,0,0,0,0,0,0,0,0,0,0,37.0420608520508,6.73698204853496,0,0,0,0,0,0,0,0,0,0,0,0,0,0,0,11.09233281429,18.952849706014,0,0,11.6283728200653,0,14.5482285123682,18.6222744878133,9.88929462432861,0,0,24.0470901489258,26.5788291295369,0,22.9067472027194,0,0,0,0,0,0,0,15.5598297119141,0,0,0,0,7.40535097088706,0,0,0,0,0,0,0,21.0970206260681,0,18.2430392433615,0,0,0,0,0,15.433689073992,0,0,0,15.4298368715323,0,6.70177643496407,10.074645791735,0
0,0,5.19527500647086,0,0,0,0,0,0,0,0,0,0,0,0,0,0,0,0,0,0,0,0,0,0,0,0,0,0,0,0,0,0,0,0,0,8.91371632877149,0,0,26.2082697550456,9.68311359384935,0,12.0120603495278,0,3.36853869033582,24.0470901489258,0,22.0241410768949,19.6507035818137,28.2835766474406,0,0,0,0,0,0,0,0,0,0,0,0,0,5.86169557093988,0,0,0,0,0,0,0,0,0,15.1718507342868,0,29.9413925806681,0,0,0,8.85901650254216,0,0,10.6844557916931,0,7.48896461654478,0,0
0,0,0,0,0,0,0,0,0,0,0,0,0,0,0,0,0,0,0,0,0,0,0,16.9614622592926,0,0,0,0,0,0,0,4.9627573743408,6.67071511064257,4.93640384089253,3.91460346730216,3.79649774722564,20.0309061288834,7.10035213990645,5.64482018682692,9.07957742130617,7.0704593554787,11.1417226422001,13.2415382565192,0,23.9905878702799,26.5788291295369,22.0241410768949,0,5.3699933654853,6.27499516085742,0,0,0,0,0,0,0,0,0,0,0,0,0,0,18.3198871612549,0,0,0,0,0,0,0,0,0,7.05462860925887,7.91810708425986,5.79938247827115,5.1807835248843,11.3686877580721,8.60138808249259,8.58273141336368,5.64514860190475,4.83655445433758,4.41383196032324,13.9471059823986,0,0
8.2853094069163,0,4.76488610242037,0,13.713596534729,0,0,0,21.5629013733543,62.4347801208496,0,0,0,0,3.14464640617371,0,46.9523863518107,53.8763401543916,39.8820964240366,0,13.4224884986877,0,6.78593432335627,52.5395660400391,9.32283209537973,0,8.14673709869385,0,0,0,0,0,4.04087818874402,0,8.22244596481323,0,27.2411085764567,0,14.7968438815643,9.79973549357915,5.57715185739385,18.3778742790222,8.19512403825177,77.4426727294922,23.099751663208,0,19.6507035818137,5.3699933654853,0,8.85382175836407,0,0,0,0,16.3227657100611,57.3647804260254,6.60044054229661,0,4.4297308921814,0,3.01355682100569,0,0,17.4749442112857,0,8.16986865950826,0,9.1473657583579,0,8.74715276663103,0,7.62901303292194,78.7417221069336,8.17738702268486,0,6.51734201246281,0,5.59679293356347,26.5347973505656,7.59431591788548,0,5.59660037296995,19.6353374572864,0,9.04996725057224,60.573477935791,14.9280811223117
0,9.84427924514938,0,5.12168178562993,0,0,0,0,0,20.393825996702,0,0,0,0,0,20.7717203727135,52.0429920620388,47.1652432013873,41.7804208043534,0,0,5.08943144007335,0,32.3146064032806,0,15.6363568305969,0,18.4205913543701,0,0,0,0,16.415715717134,4.27963015556335,12.8862895965576,0,36.2804696219308,16.8138508715042,0,5.29946973425963,0,8.59564844460871,33.1199749537877,50.8514404296875,24.8623085021973,22.9067472027194,28.2835766474406,6.27499516085742,8.85382175836407,0,0,6.99612655639648,0,0,0,18.6954128390009,0,13.4161687237876,0,6.92939411762149,0,7.17299145866039,18.131455265392,0,5.24165356701071,0,30.8572905487484,0,13.2650743257131,0,7.90342830488272,0,5.18665703195725,0,5.35304760932922,22.0379797406371,3.98256371251072,0,7.05721421868399,28.1545092264811,6.81642285448141,0,10.354585756276,0,9.14388924705925,15.2937418058665,0
0,0,0,0,3.07487743922642,0,0,0,0,0,0,0,0,0,0,0,0,0,0,0,0,0,0,0,0,0,0,0,0,0,0,0,0,0,0,0,0,0,0,0,0,0,0,0,0,0,0,0,0,0,0,0,0,0,0,0,2.99471024104527,0,0,0,0,0,0,0,0,0,0,0,0,0,0,0,0,0,0,0,0,0,0,0,0,0,3.05991470813751,0,0,0,0
0,10.7812383174896,0,7.47459836372962,0,3.96117043287255,0,0,0,9.65176489830017,0,0,0,0,0,5.23291035259471,0,0,0,0,0,0,0,45.150089263916,0,0,0,0,0,0,0,0,0,0,0,0,0,46.1121063232422,0,0,0,0,0,0,0,0,0,0,0,6.99612655639648,0,0,0,0,0,5.09599969316931,0,6.69553315708007,0,4.54618596743388,0,4.9965661076399,0,0,0,0,0,0,0,0,0,0,0,0,0,0,0,0,0,0,0,0,4.66518940925598,0,7.69221151070517,0,0
0,0,0,0,0,0,0,0,0,0,0,0,0,0,0,0,0,0,0,0,0,0,0,0,0,0,0,0,0,0,0,0,0,0,0,0,0,0,0,0,0,0,0,0,0,0,0,0,0,0,0,0,0,0,0,0,0,0,0,0,0,0,0,0,0,0,0,0,0,0,0,0,0,0,0,0,0,0,0,0,0,0,0,0,0,0,0
0,0,0,0,0,0,0,0,0,0,0,0,0,0,0,0,0,0,0,0,0,0,0,0,0,0,0,0,0,0,0,0,0,0,0,0,0,0,0,0,0,0,0,0,0,0,0,0,0,0,0,0,0,0,0,0,0,0,0,0,0,0,0,0,0,0,0,0,0,0,0,0,0,0,0,0,0,0,0,0,0,0,0,0,0,0,0
7.28930518516274,0,11.4762676077731,0,5.19962016741435,0,0,0,7.66486619709113,0,0,0,0,0,5.27655439252977,0,28.490208334842,39.7663841247559,14.9378794829051,0,0,0,0,0,16.6043057961719,0,18.1447014808655,0,0,0,0,0,0,0,0,0,0,0,21.7679246266683,0,0,0,14.5403377308565,0,0,0,0,0,16.3227657100611,0,0,0,0,0,0,0,0,0,0,0,4.77418338344787,0,0,0,0,0,0,17.1680821719506,0,0,0,30.2628879547119,0,0,0,0,0,0,0,0,0,22.5853271484375,12.3408618750493,28.8781223297119,17.9659738838673,0,0
0,12.513606654766,0,11.5014189755973,0,5.16993549595708,0,0,0,7.13743955038468,0,0,0,24.8443565368652,0,9.97412600884071,31.7860111236572,17.5871976103934,23.3066059748332,0,0,0,0,14.5420639461941,0,18.0497734069824,0,0,0,0,0,0,0,0,0,0,0,24.647500342217,0,0,0,16.3213922427251,0,0,0,0,0,0,57.3647804260254,18.6954128390009,0,5.09599969316931,0,0,0,0,0,0,0,0,0,13.2145827146677,0,0,0,0,15.493901265132,0,40.2699546813965,0,30.3656196594238,0,0,0,0,0,0,0,0,0,28.4432193354556,0,13.5751601417859,27.4591751098633,15.2755336080279,11.6461801162133,0
0,0,3.5452135848999,0,3.22586452960968,0,0,0,0,0,3.22762039397498,0,0,0,0,0,0,0,0,0,2.96060299873352,0,0,0,0,0,0,0,0,0,4.48087079958482,0,0,0,0,0,0,0,0,0,0,0,0,0,0,0,0,0,6.60044054229661,0,2.99471024104527,0,0,0,0,0,0,0,0,0,2.74719476699829,0,0,8.78916759490967,0,0,0,0,0,11.5214066323587,0,6.54708271842819,0,3.74534415554356,0,0,0,0,0,0,0,0,0,0,5.06618011197564,0,0
0,8.9986311636473,0,4.00183113416036,0,6.07625586039399,0,0,0,22.861611366272,0,3.82843080738135,0,0,0,0,0,0,0,7.78992557525635,0,26.1368274688721,0,26.8347271813287,0,19.6045665740967,0,18.8080670283391,0,3.49598147514019,0,0,0,0,0,0,0,28.9390268959898,0,0,0,11.9830170544711,0,0,0,15.5598297119141,0,0,0,13.4161687237876,0,6.69553315708007,0,0,0,0,0,0,0,4.39142550617816,0,5.86722134358317,9.07226691278471,0,0,0,23.9800342062245,0,15.7817134274781,0,10.0248341172631,0,6.56163955418168,0,0,0,0,0,0,0,28.0877168202887,0,30.3483629226685,0,9.24239233226088,0,0
0,0,0,0,0,0,0,0,0,0,0,0,0,0,0,0,0,0,0,0,0,0,0,0,0,0,4.61927901097198,0,2.95926558971405,0,0,0,0,0,0,0,0,0,0,0,0,0,0,0,0,0,0,0,4.4297308921814,0,0,0,0,0,0,0,0,0,0,0,2.9646524588267,0,0,0,0,0,0,0,0,6.74858367955026,0,5.24386049400676,0,0,0,0,0,0,0,0,0,0,0,0,0,0,0
0,0,0,4.39728870391846,0,3.90862202865106,0,0,0,0,0,0,0,3.62894952297211,0,3.29635263891781,0,0,0,0,0,0,0,0,0,6.95601079260048,0,8.96868738375212,0,0,0,0,0,0,0,0,0,0,0,0,0,0,0,0,0,0,0,0,0,6.92939411762149,0,4.54618596743388,0,0,0,0,0,4.39142550617816,0,0,0,5.51296237050271,0,0,0,0,0,0,6.86848750079635,0,7.94042100394823,0,0,0,0,0,0,0,0,0,0,0,3.7465803888109,6.25219787250866,6.76969398771014,0,0
5.42956075668335,0,0,0,0,0,0,0,5.85872781153807,0,0,0,0,0,3.88202914396922,0,0,0,0,0,0,0,0,0,10.485754464802,0,7.89051160812378,0,0,0,0,0,0,0,0,0,0,0,0,0,0,0,0,0,0,0,0,0,3.01355682100569,0,0,0,0,0,4.77418338344787,0,2.74719476699829,0,2.9646524588267,0,0,0,0,0,0,0,0,25.5952167510986,0,5.42649824959891,0,0,0,0,0,0,0,0,0,0,0,0,13.3477722167969,0,0,0,0
0,9.83001954504784,0,4.83034496966416,0,3.84115022312511,0,0,0,13.1234850315821,0,0,0,9.44959652900696,0,7.12061092358281,0,17.3097576789367,26.9020481109619,0,0,0,0,32.9857295571941,0,9.40203601121902,0,0,0,0,0,0,0,0,0,0,0,38.7872722413805,0,0,0,0,0,0,0,0,0,0,0,7.17299145866039,0,4.9965661076399,0,0,0,13.2145827146677,0,5.86722134358317,0,5.51296237050271,0,0,0,0,0,0,32.1680150185862,0,4.99997122696152,0,0,0,0,0,0,0,0,0,0,0,0,0,8.95924092624702,14.3998883724213,14.0436979293823,33.7399711608887,0
0,0,0,0,0,0,0,0,0,0,0,7.32377779483795,0,0,0,0,0,0,0,5.05974141479632,0,0,0,26.7623229980469,0,0,0,0,0,0,0,0,0,0,0,5.85688178857168,0,19.3410794280824,0,5.34979446241933,0,24.1964238288285,0,0,0,7.40535097088706,0,0,0,18.131455265392,0,0,0,0,0,0,0,9.07226691278471,0,0,0,0,0,0,0,0,23.4853630065918,0,29.5260124206543,0,20.1508020527688,0,15.4786585610488,0,0,0,0,0,9.9789451770965,0,11.7237293428845,0,5.5604418091007,0,5.50087723648205,11.0823827379205,0
0,0,0,0,0,0,0,0,0,0,0,0,0,0,0,0,0,0,0,0,3.41762714333587,0,0,0,0,0,0,0,0,0,0,0,0,0,0,0,0,0,0,0,3.75390083857515,0,8.94027749697367,0,0,0,5.86169557093988,0,17.4749442112857,0,0,0,0,0,0,0,8.78916759490967,0,0,0,0,0,0,0,0,0,0,0,0,0,0,0,0,12.3675182828036,0,0,0,0,0,4.7988402140472,0,13.6424046441128,0,0,6.64959441997387,0,0
0,0,0,0,0,0,0,0,0,0,0,0,0,0,0,0,0,6.19268425112437,0,0,0,6.28397238799444,0,3.67183266113053,0,5.25338360857456,0,4.81006509485379,0,0,0,0,0,0,0,0,0,5.04745121256134,0,0,0,0,0,0,0,0,0,18.3198871612549,0,5.24165356701071,0,0,0,0,0,0,0,0,0,0,0,0,0,0,0,0,5.04534002659852,0,8.98960249699079,0,7.75879920564012,0,0,0,0,0,0,0,0,0,0,19.949197769165,6.14717195443148,0,0,0,0
0,0,0,0,0,0,0,0,0,0,0,0,0,0,0,0,8.49177029927572,0,0,0,0,4.52897810935974,6.70016212320688,0,17.1698419615978,0,6.17107844980139,0,0,0,0,0,0,0,0,0,0,0,5.23502439617917,0,0,0,0,0,0,0,0,0,8.16986865950826,0,0,0,0,0,0,0,0,0,0,0,0,0,0,0,0,0,0,15.0963716017894,0,5.85953220657546,0,5.02306216918618,0,0,0,0,0,0,0,0,0,0,5.41402142880911,9.3693962097168,0,0,0
0,19.7239260327989,0,31.65797827794,0,0,0,0,0,21.5001461094823,0,0,0,0,0,38.0984471638997,28.2443525677636,20.6015403228147,33.4399580955505,0,0,3.97875174907369,0,10.0103895507812,0,15.4387828753545,0,0,0,0,0,0,0,0,0,0,0,9.4041523296827,0,0,0,17.209471095692,0,0,0,0,0,0,0,30.8572905487484,0,0,0,0,0,15.493901265132,0,23.9800342062245,0,0,0,32.1680150185862,23.4853630065918,0,5.04534002659852,0,0,0,6.81126721700033,0,19.0406829289028,0,0,0,0,0,0,0,0,0,5.45237719787742,0,10.6971760716355,39.2638359069824,19.8049098983888,21.1150901100852,0
9.82859030517481,0,32.0774409853179,0,0,0,0,0,13.8008104504934,0,0,0,0,0,21.7017221450806,0,19.7503215086745,0,29.1184387207031,0,0,0,4.59141768727984,0,4.89682049909349,0,7.58057764210279,0,0,0,0,0,0,0,0,0,0,0,13.7525027555578,0,0,0,13.1191204295439,0,0,0,0,0,9.1473657583579,0,0,0,0,0,17.1680821719506,0,0,0,0,0,25.5952167510986,0,0,0,0,15.0963716017894,0,0,0,3.59714412689209,0,0,0,0,0,0,0,0,0,0,0,13.4273724145787,10.3833665983719,42.539005279541,10.1329678405415,0,15.9670625686646
0,15.6190135515653,0,24.0469837188721,0,0,0,0,0,9.11435808605618,0,0,0,0,0,5.02704973862721,0,11.7008119869232,0,0,0,9.0531558923039,0,11.9626586862973,0,6.19429701307103,0,6.7493437981223,0,0,0,0,0,0,0,0,0,69.1827926635742,0,0,0,13.2601566314697,0,0,0,0,0,0,0,13.2650743257131,0,0,0,0,0,40.2699546813965,0,15.7817134274781,0,6.86848750079635,0,4.99997122696152,29.5260124206543,0,8.98960249699079,0,6.81126721700033,0,0,0,6.2137144086104,0,0,0,0,0,0,0,0,0,0,0,10.3916439859886,0,16.0488371932716,0,0
0,0,0,0,0,0,0,0,0,0,0,0,0,0,0,0,0,0,0,0,0,0,4.49167307019234,0,4.41664815189862,0,6.59672667303558,0,0,0,0,0,0,0,0,0,0,0,0,0,0,0,22.5232887268066,0,0,0,0,0,8.74715276663103,0,0,0,0,0,0,0,11.5214066323587,0,6.74858367955026,0,5.42649824959891,0,0,0,0,5.85953220657546,0,3.59714412689209,0,0,0,6.01163821750217,0,0,0,0,0,0,0,0,0,0,0,0,14.3531312986352,0,0
0,0,0,34.9328585730659,0,0,0,0,0,24.3255146026611,0,0,0,0,0,0,59.0099776131766,60.2850599101945,48.634991645813,0,0,7.89507067489053,0,21.5357699076335,0,4.35424746465533,0,5.14561003443761,0,2.73939752578735,0,0,0,0,0,0,0,22.7596627588141,0,0,0,18.4298509634458,0,0,0,21.0970206260681,0,0,0,7.90342830488272,0,0,0,0,0,30.3656196594238,0,10.0248341172631,0,7.94042100394823,0,0,20.1508020527688,0,7.75879920564012,0,19.0406829289028,0,6.2137144086104,0,0,0,7.63844192219133,0,0,0,0,0,0,0,19.5166592637046,0,25.1591846644878,0,17.9202499276116,20.1846092413671,0
0,0,0,0,0,0,0,0,0,0,0,0,0,0,0,0,57.7100383043289,55.7985916137695,50.3236081049993,0,0,0,3.59319067001343,0,0,0,3.55527795553207,0,3.19789832530741,0,0,0,0,0,0,0,0,0,27.3672103881836,0,0,0,24.6064425706863,0,0,0,0,0,7.62901303292194,0,0,0,0,0,30.2628879547119,0,6.54708271842819,0,5.24386049400676,0,0,0,0,0,0,5.02306216918618,0,0,0,6.01163821750217,0,0,0,7.36276883478986,0,0,0,0,0,0,0,0,39.8225672348686,0,8.93872453032001,0,26.2705275217692
0,0,0,31.434868812561,0,0,0,0,0,23.3223404884338,0,3.12439107894897,0,0,0,0,63.712064743042,55.8204395587628,44.0904003779093,11.614369392395,0,0,0,0,0,0,0,0,0,3.18262332735153,0,0,0,0,0,0,0,3.61987576177043,0,0,0,13.5654023072299,0,0,0,18.2430392433615,0,0,78.7417221069336,5.18665703195725,0,0,0,0,0,0,0,6.56163955418168,0,0,0,0,15.4786585610488,0,0,0,0,0,0,0,7.63844192219133,0,0,0,0,0,0,0,0,0,4.87880601442378,0,41.9346070289612,0,9.20461343939251,14.9197518743318,0
0,0,0,0,0,0,0,0,0,0,5.30130477671353,0,0,0,0,0,66.0853271484375,0,0,0,11.345635284077,0,0,0,0,0,0,0,0,0,2.7466436624527,0,0,0,0,0,0,0,0,0,0,0,6.85617173910141,0,0,0,15.1718507342868,0,8.17738702268486,0,0,0,0,0,0,0,3.74534415554356,0,0,0,0,0,0,12.3675182828036,0,0,0,0,0,0,0,7.36276883478986,0,0,0,0,0,0,0,0,0,4.35767750904478,28.4504025777181,0,12.4461456139882,0,0
0,0,0,0,0,0,0,0,0,0,0,0,0,0,0,0,0,0,0,0,0,0,0,0,0,0,0,0,0,0,0,6.58458819389343,9.1292538506526,14.6942697304946,0,10.2036138772964,0,0,0,0,0,0,0,0,0,0,0,7.05462860925887,0,5.35304760932922,0,0,0,0,0,0,0,0,0,0,0,0,0,0,0,0,0,0,0,0,0,0,0,0,0,14.2752438419911,5.1048952722024,0,7.13041135808665,22.7640219794379,0,0,6.74163810412089,0,0,0,0
0,0,0,0,0,0,0,0,0,0,0,0,0,0,0,0,0,0,0,0,0,0,0,0,0,0,0,0,0,0,0,8.86842219702965,5.73107086748142,10.7926797866821,4.67978255106853,0,0,0,0,22.4952399274136,9.25475787404758,25.1786327362061,26.4503547961895,0,34.6219272613525,0,29.9413925806681,7.91810708425986,6.51734201246281,22.0379797406371,0,0,0,0,0,0,0,0,0,0,0,0,0,0,0,0,0,0,0,0,0,0,0,0,14.2752438419911,0,13.4407825469971,4.74168281014084,22.6137077186858,4.19804991353856,0,0,13.3828217188517,0,23.7080117900197,0,0
0,0,0,0,0,0,0,0,0,0,0,0,0,0,0,0,0,0,0,0,0,0,0,0,0,0,0,0,0,0,0,3.83079381783803,9.77446431380052,5.14610164270773,5.78165045535813,7.49026361385375,0,6.40514899716519,6.54712855404821,0,0,0,0,0,0,0,0,5.79938247827115,0,3.98256371251072,0,0,0,0,0,0,0,0,0,0,0,0,0,0,0,0,0,0,0,0,0,0,0,0,5.1048952722024,13.4407825469971,0,7.11494119644165,6.69934446800341,0,4.37620314427768,10.4026606877645,4.26791490763426,4.29191871301843,0,0,0
0,0,0,0,0,0,0,0,0,0,0,0,0,0,0,0,0,0,0,0,0,0,0,0,0,0,0,0,0,0,0,0,3.0033584356308,4.74114783563112,4.46179506845982,7.40025424957275,4.68713281318253,12.1350088119507,3.48388059550318,0,0,0,0,0,0,0,0,5.1807835248843,5.59679293356347,0,0,0,0,0,0,0,0,0,0,0,0,0,0,0,0,0,0,0,0,0,0,0,0,0,0,4.74168281014084,7.11494119644165,0,0,5.09014944931895,9.30868218022008,3.62337972374765,5.5939534219106,4.45593906016577,0,0,0
0,0,0,0,0,0,0,0,0,0,0,0,0,0,0,0,0,0,0,7.83109388960169,0,0,0,0,0,0,0,0,0,0,0,10.5315181059497,17.9067505964956,5.76324925845182,20.3531017303467,3.76923530807547,13.9698402995155,7.12974117360216,0,5.17622701549994,0,19.6214515889539,20.4893687111991,0,0,15.433689073992,0,11.3686877580721,26.5347973505656,7.05721421868399,0,0,0,0,0,0,0,0,0,0,0,0,9.9789451770965,0,0,0,0,0,0,0,0,0,0,0,7.13041135808665,22.6137077186858,6.69934446800341,0,0,25.9876142537819,5.75713174135249,0,8.23513717777265,0,9.49951088413515,19.5490424144699,0
0,0,0,0,0,0,0,0,0,0,0,0,0,0,0,0,0,0,0,0,0,0,0,0,0,0,0,0,0,0,0,13.1615740458171,8.84457559727911,0,8.15599572381308,2.95575904846191,3.96918550822855,0,6.62487742070402,23.1721839904785,5.27309713820947,0,15.2285649961417,0,0,0,8.85901650254216,8.60138808249259,7.59431591788548,28.1545092264811,0,0,0,0,0,0,0,0,0,0,0,0,0,4.7988402140472,0,0,0,0,0,0,0,0,0,0,22.7640219794379,4.19804991353856,0,5.09014944931895,25.9876142537819,0,0,6.37356493828144,7.159779040437,2.96131563186646,9.32864425652424,0,19.753900088621
0,25.3089371500789,0,40.8971460515803,0,0,0,0,0,27.5164789720015,0,3.22424495220184,0,0,0,0,0,57.055778503418,43.9093627929688,10.5695711434316,0,0,0,9.25317161839183,0,0,0,0,0,3.16494307866911,0,0,0,4.90634232876348,11.0218859987056,4.45840822733366,0,4.37058922306469,7.90758639185052,4.43405485677195,0,12.7889875646188,0,24.9598598480225,0,0,0,8.58273141336368,0,6.81642285448141,0,0,0,0,0,28.4432193354556,0,28.0877168202887,0,0,0,0,11.7237293428845,0,0,0,5.45237719787742,0,0,0,19.5166592637046,0,4.87880601442378,0,0,0,4.37620314427768,9.30868218022008,5.75713174135249,0,0,10.037962604798,6.12592235037551,6.19386313201408,12.8817378661612,16.1025977863788,0
17.2705431938171,0,0,0,0,0,0,0,27.3014822006226,0,0,0,0,0,0,0,51.608699798584,61.3648090362549,46.2498741149902,0,0,0,0,18.9127842296254,12.1665237426758,0,0,0,0,0,0,0,0,10.6083936691284,4.96019284694623,0,5.45406006489481,7.96997475717582,4.8168211419674,0,0,0,14.3549438452109,0,0,0,0,5.64514860190475,5.59660037296995,0,0,0,0,0,22.5853271484375,0,0,0,0,0,0,0,0,13.6424046441128,19.949197769165,0,0,13.4273724145787,0,0,0,0,0,4.35767750904478,0,0,10.4026606877645,3.62337972374765,0,6.37356493828144,10.037962604798,0,11.7885637542476,5.68030658863686,10.4613069191484,0,16.8864840606163
6.72140896081924,4.10790119719456,6.15082917566653,7.10452812534195,4.28055291450941,3.90035577722498,0,0,8.80536482940476,8.54845374571272,4.14145791530609,4.02311969350237,3.136603474617,4.11188725560729,10.5198573555265,6.16572894338224,14.64280920599,13.434481930599,13.3722315027164,3.33301275793244,2.88625677426656,4.24584299841637,5.05835457789734,7.80544886254098,6.46456228707518,8.14748044199758,13.9074270508506,3.14729897181193,0,0,0,4.84908569658907,4.01190685374396,5.40759034283956,4.30526711727676,5.32053001739167,17.1875203493983,6.73676919659788,5.41085666623609,17.9944548897627,0,12.6555067826252,13.4380187739624,22.0931020816167,28.7296756199428,15.4298368715323,10.6844557916931,4.83655445433758,19.6353374572864,10.354585756276,3.05991470813751,4.66518940925598,0,0,12.3408618750493,13.5751601417859,0,30.3483629226685,0,3.7465803888109,13.3477722167969,8.95924092624702,5.5604418091007,0,6.14717195443148,5.41402142880911,10.6971760716355,10.3833665983719,10.3916439859886,0,25.1591846644878,39.8225672348686,41.9346070289612,28.4504025777181,6.74163810412089,13.3828217188517,4.26791490763426,5.5939534219106,8.23513717777265,7.159779040437,6.12592235037551,11.7885637542476,0,5.41632252899032,11.2829784851317,17.6098397785566,23.2960179310579
0,0,0,0,0,0,0,0,8.78703734534127,17.5896801418728,0,0,0,4.65573868192272,10.1590566028248,5.65038411976189,12.556134209334,11.569997571274,28.0088317305953,0,0,4.22972931165129,4.33509264204237,10.6594440761365,5.17027401924133,3.12530171871185,34.9937035242716,0,0,0,0,0,0,4.10102530795595,5.06997334304993,3.12901416420937,3.00391034285227,6.361726581803,4.20565536667903,0,0,0,19.4133625030518,0,0,0,0,4.41383196032324,0,0,0,0,0,0,28.8781223297119,27.4591751098633,0,0,0,6.25219787250866,0,14.3998883724213,0,0,0,9.3693962097168,39.2638359069824,42.539005279541,0,0,0,0,0,0,0,0,4.29191871301843,4.45593906016577,0,2.96131563186646,6.19386313201408,5.68030658863686,5.41632252899032,0,0,45.6392021179199,44.9755249023438
6.11656853268822,15.6799134063721,6.6784012538794,6.97806966331673,11.6656905871171,7.03933136310418,0,0,16.5319933096568,15.2710433806143,0,4.87150099542406,0,0,0,0,42.3789797411278,38.6821500369481,19.0937657098965,4.0192068417867,5.56130623817444,0,0,21.0632543027401,20.4077126902919,21.7121715545654,0,24.1661917368571,0,3.58527421951294,0,0,23.2319464683533,0,0,12.1882331748294,8.88051854355695,16.4973592397472,18.6141397316037,9.37227913079631,6.34895610657693,5.83632596028956,7.1025942471702,10.7738294858727,6.36546007093492,6.70177643496407,7.48896461654478,13.9471059823986,9.04996725057224,9.14388924705925,0,7.69221151070517,0,0,17.9659738838673,15.2755336080279,5.06618011197564,9.24239233226088,0,6.76969398771014,0,14.0436979293823,5.50087723648205,6.64959441997387,0,0,19.8049098983888,10.1329678405415,16.0488371932716,14.3531312986352,17.9202499276116,8.93872453032001,9.20461343939251,12.4461456139882,0,23.7080117900197,0,0,9.49951088413515,9.32864425652424,12.8817378661612,10.4613069191484,11.2829784851317,0,0,9.03610698432519,7.84436322540992
