0,0,0.0227157067085965,0,0.000128815832407178,0,0,0,0.0111671104330551,0,0,0,0,0,0.000379090763392861,0,0,0,0.000349326481498081,0,0,0,0,0,0,0,0,0,0,0,0,0,0,0,0,0,0,0,8.10929745444466e-05,0,8.27223169612324e-05,0,0.00314012567073326,0,0,0,0.000311361627969642,0,0.0247418006120756,0,0,0,0,0,0.0292212070765618,0,0.000494454133804797,0,0.0030954340627881,0,0.0156292757696169,0,0,0.00011796886215756,0,0,0,0.000639150278913861,0,0.000233952509506435,0,0.00047623481729338,0,0.00168069215875371,0,0,0,0,0,0,0,0.000161097357214291,0.000504073865143782,0,0.00278475173116768,0,0
0,0,0,0.0167631870379516,0,0,0,0,0,0.00885260898227962,0,0,0,0,0,0,0,0,4.40740639603672e-05,0,0,0,0,0,0,0,0,0,0,0,0,0,0,0,0,0,0,8.2191448140264e-05,0,0,0,0.00163099584690915,0,0,0,0,0,0.000371740571580669,0,0.0336263002321083,0,0,0,0,0,0.00338274327095525,0,0.00108233800661338,0,0,0,0.00125030343148739,0,0,0,0,0.000709685964484706,0,0.000911059512910783,0,0,0,0.000556477486587571,0,0,0,0,0,0,0,0.000107640821221671,0,0.000559012550491355,0,0.00884510995478699,0,0
0.0227157067085965,0,0,0,0.0325697942247847,0,0,0,0.0271850578156015,0,0,0,0,0,0,0,0,0,1.557203660741e-05,0,0,0,0,0,0,0,0,0,0,0,0,0,0,0,0,0,0,0,0,0,0,0,0.000114086612586272,0,0,0,0.000863883830147523,0,0.00851894325787324,0,0.0173231193042462,0,0,0,0.0357289102923354,0,0.000153361504904216,0,0.000441371599442659,0,0.00101513758309279,0,0,0,0,0,0,0,0,0,0,0,0,0,0,0,0,0,0,0,0,1.01762962304441e-05,0.000195167113288073,0.000202909485011919,0.012501821753401,0,0
0,0.0167631870379516,0,0,0,0.046855845879389,0,0,0,0.00576440395957602,0,0,0,0,0,0,0,0,1.32369889173983e-05,0,0,0,0,0.000441702987523811,0,0,0,0,0,0,0,0,0,0,0,0,0,6.31027898247872e-05,0,0,0,3.762982220952e-05,0,0,0,0.00988793626844702,0,0.00061355984451318,0,0.00245224252043741,0,0.0258140796471106,0,0,0,0.00344908823856312,0,0.000998932715101462,0,0,0,0.005318623379666,0,0,0,0,0.00294010595971408,0,0,0,0,0,3.2605445060948e-05,0,0,0,0,0,0,0,0.000171035187518813,0,0.00125472225247327,0,0.0309702584917599,0,0
0.000128815832407178,0,0.0325697942247847,0,0,0,0.00679982009006939,0,0.00508253142045222,0,0,0,0.000626289579747597,0,0,0,0,0,0,0,0.0040871057863123,0,0,0,0,0,0,0,0,0,0,0,0,0,0,0,6.4457726840708e-06,0,0,0,0,0,2.5716554493936e-05,0,0,0,0.00186666242718625,0,9.9094630759038e-05,0,0.0969096392946274,0,0.00595811035308164,0,0.000763793246156908,0,0.000164075997743878,0,0.000861279284270588,0,7.21765980016822e-05,0,0,0.00728343080118794,0,0,0,0,0,0,0,0,0,0,0,0,0,0,0,0,0,0,0.00134186830568957,0.000132942870314542,0.0178363334129343,0,0
0,0,0,0.046855845879389,0,0,0,0.00182285143332026,0,0.00279094278146049,0,2.40926535807913e-05,0,0.00530954540640241,0,0.0140220850256208,0,0,0,0.00188716102495367,0,0,0,0,0,0,0,0,0,0,0,0,0,0,0,8.85640088473276e-06,0,0,0,0,0,0,0,0,0,0.000197946444424786,0,0,0,0,0,0.178817559861637,0,0.00236321547557749,0,0.0017520951648468,0,9.6734035829809e-05,0,0.00200824553628624,0,0.0108664324514471,0.00806118863210973,0,0,0,0,0,0,0,0,0,0,0,0,0,0,0,0,0,0,0,0.00310179093310918,0.000205747966239943,0.00177511679035487,0,0
0,0,0,0,0.00679982009006939,0,0,0,0,0,0.00182635388450939,0,0.0036329766450037,0,0,0,0,0,0,0,0.00543723381615147,0,0,0,0,0,0,0,0,0,0,0,0,0,0,0,0.000345344487712797,0,0,0,0,0,0,0,0,0,0,0,0,0,0,0,0.0666486467082387,0,0,0,0.00126911797965412,0,0.00343957355148059,0,0,0,0,0.000721953126498922,0,0,0,0,0,0,0,0,0,0,0,0,0,0,0,0,0,0,0.00149397802413901,0.000568434704584527,0,0,0
0,0,0,0,0,0.00182285143332026,0,0,0,0,0,0.00157993592131053,0,0.0052765541790952,0,0,0,0,0,0.00231871584624429,0,0,0,0,0,0,0,0,0,0,0,0,0,0,0,0,0,0,0,0,0,0,0,0,0,2.05823525177853e-05,0,0,0,0,0,0.00493523632007116,0,0.0369040754326094,0,0,0,0.00290234037431305,0,0.00563136782558169,0,0,0.00373666235239687,0,0,0,0,0,0,0,0,0,0,0,0,0,0,0,0,0,0,0,0.000647030024157471,0,0,0,0
0.0111671104330551,0,0.0271850578156015,0,0.00508253142045222,0,0,0,0,0,0,0,0,0,0.00668491750654302,0,0.00422253135514418,5.0621016014471e-06,0.000674912800408459,0,0,0,0,0,0.00216795299587927,0,0.00279848266826979,0,0,0,0,0,0,0,0,0,0,0,0.00101576263879963,0,0,0,0.00752613201765692,0,6.76259115685654e-05,0,0.000197545007373388,0,0.00916934821396738,0,0.000284280495806465,0,0,0,0.10886560097417,0,0.000123073411831815,0,0.000412628662432922,0,0.00922230850843514,0,0,0,0,0,0,0.00279114660495119,0,0.00161618072548014,0,0.00033866058310083,0,0.00158847657138263,0,0,0,0,0,0,0,0.00101789003524128,0.00179706198579593,3.21819566747189e-05,0.00473144291627949,0,8.640465151163e-05
0,0.00885260898227962,0,0.00576440395957602,0,0.00279094278146049,0,0,0,0,0,0,0,0,0,0.0164795626740989,0,0.000137556761251985,4.84240539418537e-05,0,0,2.44453942309635e-05,0,0,0,0,0,0,0,0,0,0,0,0,0,0,0,0.000285161470769953,0,0,0,7.05034578726994e-05,0,0,0,0,0,0.00197294189673668,0,0.00453876706485458,0,0.00394995443717261,0,0,0,0.0202315564444452,0,0,0,0,0,0.0194092236589951,0,0,0,0,0.00154856070977951,0,0,0,0,0,0,0,0,0,0,0,0,0,0.000617160172520625,0,0.00129921477149698,0.000117638026345055,0.000572813072015647,0,0
0,0,0,0,0,0,0.00182635388450939,0,0,0,0,0,0.00350267743107463,0,0,0,0,0,0,0,0.0224436592623429,0,0,0,0,0,0,0,0,0,0.00499976684605705,0,0,0,0,0,0.00471168357931059,0,0.00829036040125981,0,0,0,0,0,0,0,0,0,0,0,1.96752656526134e-05,0,0.00114399805927316,0,0,0,0.0566591908419591,0,0.0016684877887427,0,0,0,0,0.00296286644716052,0,0,0,0,0,0,0,1.05040085998512e-05,0,0.00166352557233211,0,0,0,0,0,0.00126455222191555,0,0.0079556669969481,0.00167076553658487,0,8.2926574733e-05,0,0
0,0,0,0,0,2.40926535807913e-05,0,0.00157993592131053,0,0,0,0,0,0.00308405122266166,0,0,0,0,0,0.00561249253954098,0,0,0,0,0,0,0,0,0,0.0117948261703188,0,0,0,0,0,0.000171182106648015,0,0.00620495991897778,0,0,0,0,0,0,0,0,0,0,0,0,0,2.86284640521695e-05,0,0,0,0,0,0.0699750516158346,0,2.64240569242606e-05,0,0,0.00440956868298192,0,0,0,0,0,0,0,0.000346132746833985,0,0.013993846931879,0,0,0,0,0,0,0,0.00144411949184349,0,0.000955209107485284,0,0.000142027948923241,0,0
0,0,0,0,0.000626289579747597,0,0.0036329766450037,0,0,0,0.00350267743107463,0,0,0,0.00173010303401245,0,1.24584600103006e-05,0,0,0,0,0,0,0,0,0,0,0,0,0,0,0,0,0,0,0,0,0,0,0,0,0,0,0,0,0,0,0,0,0,0,0,0.000420437106833225,0,0,0,0.000327585325004206,0,0.0193547613245364,0,0.00547471179084895,0,0,0,0,0,0,0,0,0,0,0,0,0,0,0,0,0,0,0,0,0,0.000445784683106507,0.000868079458583991,0,0,0
0,0,0,0,0,0.00530954540640241,0,0.0052765541790952,0,0,0,0.00308405122266166,0,0,0,0.0100190981543022,0,0.00017787908372669,0,0,0,0,0,0,0,0.000130395138190866,0,0,0,0,0,0,0,0,0,0,0,0,0,0,0,0,0,0,0,0,0,0,0,0,0,0.00371391317291152,0,0.00733882925316148,0,0,0,0.00888715879645648,0,0.0588268892378533,0,0.000580530515134391,0,0,0,0,0,0,0,0,0,0,0,0,0,0,0,0,0,0,0,0,0.00105464910363058,0.000143404844496421,0,0,0
0.000379090763392861,0,0,0,0,0,0,0,0.00668491750654302,0,0,0,0.00173010303401245,0,0,0,0.00184595110932608,0,1.12965812253313e-05,0,0,0,0,0,0.000249820844094278,0,0.000137958772433797,0,3.81430987159224e-05,0,0,0,0,0,0,0,0,0,1.53441567663696e-06,0,0,0,2.96376158806832e-05,0,0,0,0,0,0,0,0,0,0,0,0.0213783569994539,0,0,0,0.00268684038546737,0,0.0368346826361109,0,0,0,0,0,0,4.65011609356741e-05,0,0.001481430661492,0,0.000203189440110951,0,0,0,0,0,0,0,0,0,0,0.000488669958852592,0,0,0,0
0,0,0,0,0,0.0140220850256208,0,0,0,0.0164795626740989,0,0,0,0.0100190981543022,0,0,0,0.00229899717259276,0,0,0,5.94019958594241e-06,0,0.000104013096162332,0,0.00143065981193887,0,0,0,0,0,0,0,0,0,0,0,3.68161297519443e-06,0,0,0,0,0,0,0,0,0,2.657452490185e-05,0,0.000263617158545237,0,0.0268797798682566,0,0,0,0.00777297712459696,0,0.000236838456078379,0,0.00841110016337469,0,0.0470995268855101,0,0,8.93725877661427e-06,0,7.98021354340831e-05,0,0.000495681257149174,0,0,0,1.83003453673905e-05,0,0,0,0,0,0,0,6.27258537284274e-05,0,0.00108233722131788,0,0.000192996070104057,0,0
0,0,0,0,0,0,0,0,0.00422253135514418,0,0,0,1.24584600103006e-05,0,0.00184595110932608,0,0,0.0484337913210261,0.0351060980393363,0,3.20358323849559e-05,0.0002145324769644,0.00896405694946927,7.87216963428841e-05,0.0104019087396937,0,0.0103244267699112,0,0.000336331541965239,0,0,0,0,0,0,0,0,0,1.87034740149912e-06,9.26130629039365e-06,2.15424879380375e-05,0.000656871856691303,0.0055136071221751,0.000122804296568757,0.000820234759001427,8.20242198861674e-05,0.00346286054101877,0,2.75282587307947e-06,0,0,0,0,0,0.00011952519217831,0,0.000285418499914304,3.58957634116947e-06,0,0,0.000661414075756424,0,0,0.000273113966998276,0,0.00497631316011019,0,0.00456126296564289,0,0.00864026089043974,0,0.000916284904179865,1.50041026023926e-05,0.00129914266206169,0,0,0,0,0,2.85117919407889e-05,3.01790070847707e-05,0.000907045507718706,0.0208654574169807,0.000534640423498288,0.00427402236805465,7.66300951649624e-05,0.00192162079596959
0,0,0,0,0,0,0,0,5.0621016014471e-06,0.000137556761251985,0,0,0,0.00017787908372669,0,0.00229899717259276,0.0484337913210261,0,0.0606161589786986,0,0,0.00317135368522171,1.47859492921582e-05,0.0076807797711836,0,0.00543785937683221,0,4.14908420615079e-06,0,0,0,0,0,0,0,0,0,0,0,6.96620168242228e-05,0,0.00910321118081889,0.000400152895804034,0.00135589698205752,1.20954316577441e-05,0.00113608004752732,0.000160472124853363,2.70371655104989e-05,0,7.25624449105961e-05,0,0,0,0,0,8.99879809761576e-05,1.46886440344635e-05,0.000288792220447249,0,0,0,0.000435607073528406,2.95770892766678e-06,0,0.000826464792624625,0,0.000412047591138581,0,0.0102599701570402,3.05873325133718e-05,6.25075884162264e-06,0,0.00128347397781331,6.03856452619005e-06,0,0,0,0,0,0,0.000194174643516983,3.49788216543436e-05,0.0158478660124878,0.000672416114658348,0.00454526551087983,0.00152346767572769,0.000110374327683885
0.000349326481498081,4.40740639603672e-05,1.557203660741e-05,1.32369889173983e-05,0,0,0,0,0.000674912800408459,4.84240539418537e-05,0,0,0,0,1.12965812253313e-05,0,0.0351060980393363,0.0606161589786986,0,0,5.66248180755628e-06,0,0,0.000407013064518448,0.000413304153517965,0.000276675185531285,0.000307844571163688,0,0,0,1.73522153028892e-05,0,0,0,0,0,0,0,3.30783500197421e-05,0.000361742526202688,5.22884388875885e-05,0.0579166603821864,0.0466782151963094,0.0101042912059497,0.00897824510355567,0.016177374329639,0.0340780586490899,0,0,0.000308156743258027,0,0,0,0,0,0.000353021237308725,0.00121437393098533,0.00111051230577081,0,0,0,0,5.77134171901217e-05,0.00106520838027773,3.28327610895525e-05,0,0,0.000168365543733046,9.61976013309496e-05,0.000542698186660754,4.10677108144519e-05,0,0.0047646945816231,0.00600780920689728,0,0,0,0,2.0529539954626e-05,0.000100629839434211,0.000763308055378517,0.0032202775684368,0.0073526412775655,0,0.065149060247929,0.0130793066769109,0.0148482542879192
0,0,0,0,0,0.00188716102495367,0,0.00231871584624429,0,0,0,0.00561249253954098,0,0,0,0,0,0,0,0,0,0,0,0,0,0,0,0,0,0,0,0,0,0,0,0.00539251154523341,0,0.00118573116295595,0,0,0,0,0,0,0,2.20891026611203e-05,0,0,0,0,0,0.000146771354758969,0,0,0,0,0,0.000862184776919441,0,0,0,0,0.0627914017780775,0,0,0,0,0,0,0,0.00010828086167404,0,0.00232731364090372,0,0,0,0,0,0.00677690529844397,0,0.00110930829933016,0,0.000651628514322433,1.40929972793019e-05,0.00079377505712269,0,0
0,0,0,0,0.0040871057863123,0,0.00543723381615147,0,0,0,0.0224436592623429,0,0,0,0,0,3.20358323849559e-05,0,5.66248180755628e-06,0,0,0,0,0,0,0,0,0,0,0,1.88483716887951e-05,0,0,0,0,0,0.00479751031957886,0,0.0058881674333275,0,0,0,1.06475378702968e-05,0,0,0,0.00234253812970343,0,0,0,0.00150200297106181,0,0.000598770508477899,0,0,0,0.00305643270202476,0,0,0,0,0,0,0.12211731878144,0,0,0,0,0,0,0,0,0,0.00270394435206744,0,0,0,0,0,0.0121742020435014,0,0.00339581304283249,0.00158069446596732,2.4686621690747e-05,0.00403279789416118,0,0.000155025260130447
0,0,0,0,0,0,0,0,0,2.44453942309635e-05,0,0,0,0,0,5.94019958594241e-06,0.0002145324769644,0.00317135368522171,0,0,0,0,0.00067950428622358,0,0,0.000781106913001448,0,0.00184515248602544,0,0,0,0,0,0,0,0,0,0.00392622519978496,0,0,0,0,0,0,0,0,0,0.000119006024467325,0,0.00206389132695797,0,0,0,0,0,1.71270927599105e-05,0,0,0,0,0,0,0,0,0.0405275450089125,0,6.30612562396828e-05,0,0.000193837378250751,0,0.00315582096198895,0,9.83516916770494e-06,0,0,0,0,0,0,0,0.00411127061467697,0,0.00264752922853161,0.000688169511807948,9.32312352174701e-05,0,0
0,0,0,0,0,0,0,0,0,0,0,0,0,0,0,0,0.00896405694946927,1.47859492921582e-05,0,0,0,0.00067950428622358,0,0,0.00101688535292182,0,0.000412410094961015,0,0.00288774170925628,0,0,0,0,0,0,0,0,0,0.00324275443114038,0,0,0,0,0,0,0,0,0,0,0,0,0,0,0,0,0,0,0,0,0,0,0,0,0,0,0.045477256235101,0,0.000822209302562289,0,0.000812466528853845,0,0.00158667364766005,0,0,0,0,0,0,0,0,0,0.00332957597450965,0.00229669266991454,8.48123698623218e-05,0,0,0
0,0,0,0.000441702987523811,0,0,0,0,0,0,0,0,0,0,0,0.000104013096162332,7.87216963428841e-05,0.0076807797711836,0.000407013064518448,0,0,0,0,0,0,0.00101913787915702,0,0,0,0,0,0,0,0,0,0,0,0.00167571918215525,0,0,0,8.90330140011718e-05,0,0.000286705915071243,0,0,0,0.000744440964072703,0,0.00657567456529261,0,0,0,0,0,0.000276124530852258,0,0,0,0,0,0,0,0,0,0,0.0102511069115238,0,0,0,0,0,0,0,0,0,0,0,0,0,0.00530083833115301,0,0.000730229043415642,0,0.00154755966194748,0,0
0,0,0,0,0,0,0,0,0.00216795299587927,0,0,0,0,0,0.000249820844094278,0,0.0104019087396937,0,0.000413304153517965,0,0,0,0.00101688535292182,0,0,0,0.0108329965336507,0,0,0,0,0,0,0,0,0,0,0,0.00144677418593183,0,0,0,0.000200724902841067,0,0,0,0,0,0.000632588408167965,0,0,0,0,0,0.00202103634666835,0,0,0,0,0,9.71282717283986e-05,0,0,0,0,0,0,0.0289307002857894,0,0.0115916294655104,0,6.23072283944398e-05,0,5.48654871922122e-05,0,0,0,0,0,0,0,0.0005313062558252,0.00186059722411352,0,7.03300241830962e-05,0,0
0,0,0,0,0,0,0,0,0,0,0,0,0,0.000130395138190866,0,0.00143065981193887,0,0.00543785937683221,0.000276675185531285,0,0,0.000781106913001448,0,0.00101913787915702,0,0,0,0.00109105901288693,0,0,0,0,0,0,0,0,0,0,0,0,0,2.22103254772235e-05,0,0,0,0,0,0,0,0,0,0,0,0,0,0,0,0,0,4.00382178233053e-05,0,0,0,0,3.15032250744474e-05,0,0.0107864836260661,0,0.0195276185938712,0,0,0,0,0,0,0,0,0,0,0,8.22042480986213e-05,0,0.00010688375950055,0,0,0,0
0,0,0,0,0,0,0,0,0.00279848266826979,0,0,0,0,0,0.000137958772433797,0,0.0103244267699112,0,0.000307844571163688,0,0,0,0.000412410094961015,0,0.0108329965336507,0,0,0,0.0170037602553159,0,0,0,0,0,0,0,0,0,0,0,0,0,3.7273663266437e-05,0,0,0,0.00012331317777934,0,0,0,0,0,0,0,0,0,0,0,0,0,0,0,0,0,0,0.000136614414656018,0,0.00279892958598921,0,0.0757047972682275,0,0.00421680695694359,0,0,0,0,0,0,0,0,0,9.68950032285759e-06,0.000317414408732563,0,3.34144957316669e-05,0,0.000102592079957841
0,0,0,0,0,0,0,0,0,0,0,0,0,0,0,0,0,4.14908420615079e-06,0,0,0,0.00184515248602544,0,0,0,0.00109105901288693,0,0,0,0.00690994700104406,0,0,0,0,0,0,0,0.00469091212324559,0,0,0,0,0,0,0,0,0,0,0,0,0,0,0,0,0,0,0,0,0,0.00401530363651273,0,0,0,0,0.00166074181523882,0,0,0,0.0048083575037324,0,0.00935210270549492,0,0.00258101408541014,0,0,0,0,0,0,0,4.34991280234378e-05,0,6.5670940113285e-05,0,0,0,0
0,0,0,0,0,0,0,0,0,0,0,0,0,0,3.81430987159224e-05,0,0.000336331541965239,0,0,0,0,0,0.00288774170925628,0,0,0,0.0170037602553159,0,0,0,0.0180322794196477,0,0,0,0,0,0,0,0.00186119448014384,0,0,0,0,0,0,0,0,0,0,0,0,0,0,0,0,0,2.90806964338159e-05,0,0.000631474691166201,0,0,0,0,0,0,0.000992953011148346,0,0,0,0.00961077394435455,0,0.0194421510696094,0,0.00515026880094588,0,0,0,0,0,0,0,0.000242075640654097,0.000314394213697438,4.41549463872938e-06,0,0,0
0,0,0,0,0,0,0,0,0,0,0,0.0117948261703188,0,0,0,0,0,0,0,0,0,0,0,0,0,0,0,0.00690994700104406,0,0,0,0,0,0,0,0,0,0.00676351967449742,0,0,0,0,0,0,0,0,0,0,0,0,0,0,0,0,0,0,0,0.000871269247767655,0,0,0,0,0,0,0,0,0,0,0,0,0,0,0.0261569013713227,0,0,0,0,0,0,0,0.00382099891528449,0,0.000137931669287327,0,0,0,0
0,0,0,0,0,0,0,0,0,0,0.00499976684605705,0,0,0,0,0,0,0,1.73522153028892e-05,0,1.88483716887951e-05,0,0,0,0,0,0,0,0.0180322794196477,0,0,0,0,0,0,0,0,0,0.00295598305716145,0,0,0,0,0,0,0,0,0,0,0,0,0,0,0,0,0,0.00464699607321978,0,0,0,0,0,0,0,0,0,0,0,0,0,0,0.00319376465483054,0,0.0306680151788078,0,0,0,0,0,0,0,0.00152112753756154,7.62511706973068e-05,0,0,0,0
0,0,0,0,0,0,0,0,0,0,0,0,0,0,0,0,0,0,0,0,0,0,0,0,0,0,0,0,0,0,0,0,0.0417503758726382,0.00390271576166906,0,0.00230356408221924,0,0,0,0.000164934885510567,1.5655384329487e-05,0,0,0,0,0,0,0.0327871589684161,0,0.00035936353271218,0,0,0,0,0,0,0,0,0,0,0,0,0,0,0,0,0,0,0,0,0,0,0,0,0.0537520349500517,0.0275917994305677,0.0122191821455539,0,0.00752902001816545,0.00226069739687627,0,0,0.00153215599542645,0,4.72287963640834e-05,0,0
0,0,0,0,0,0,0,0,0,0,0,0,0,0,0,0,0,0,0,0,0,0,0,0,0,0,0,0,0,0,0,0.0417503758726382,0,0,0.00078999301100742,8.85322966328162e-05,0.00143146787765187,0,0,0,0.000448561552678299,0,0,0,0,0,0,0.0192628386552767,0.000147690252133188,0,0,0,0,0,0,0,0,0,0,0,0,0,0,0,0,0,0,0,0,0,0,0,0,0,0.0679697002861745,0.0703878608064909,0,0.00276679152106618,0.000430706624188601,0.00827200992910542,0,0,0.000651807774554857,0,0,0,0
0,0,0,0,0,0,0,0,0,0,0,0,0,0,0,0,0,0,0,0,0,0,0,0,0,0,0,0,0,0,0,0.00390271576166906,0,0,0.102212608100243,0.00636801530166485,0,0.00301672702961153,0,0.00022572575434387,0,0.000125039754022794,2.80567773629399e-05,0,0,0,0,0.100439406440649,0.000464233680938809,0.00648069357523112,0,0,0,0,0,0,0,0,0,0,0,0,0,0,3.79996718591347e-05,0,0,0,0,0,0,0,0.000109004533394223,0,0.00266555720484896,0.000453281975103248,0.162466849611941,0.159845100241566,0.0069732449415178,1.76933157970681e-05,0.0022357887724571,0,0.00201976729529966,5.12967766979787e-05,0.000102181201032477,0,0
0,0,0,0,0,0,0,0,0,0,0,0,0,0,0,0,0,0,0,0,0,0,0,0,0,0,0,0,0,0,0,0,0.00078999301100742,0.102212608100243,0,0,0.00259909376044698,0,0.00268382535543791,0,0,0,0,0,0,0,0,0.0732606797056873,0.00490894436366569,0,0,0,0,0,0,0,0,0,0,0,0,0,0,0,0,0,0,0,0,0,0,0,0,0,0,0.00980196072495423,0.0251448044383841,0.162672727712231,0,0.00395307088663231,0,0.00791577622598716,0.00182613019614322,0,7.84759640688427e-05,0,0
0,0,0,0,0,8.85640088473276e-06,0,0,0,0,0,0.000171182106648015,0,0,0,0,0,0,0,0.00539251154523341,0,0,0,0,0,0,0,0,0,0,0,0.00230356408221924,8.85322966328162e-05,0.00636801530166485,0,0,0.00169133103970599,0.0165578321315493,0,0.000240612849359946,0,0,0,0,0,0.000228864057780979,0,0.00102019159212934,0,0,0,0,0,0,0,0,0,0,0,0,0,0,0.00153477721149452,0,0,0,0,0,0,0,0,0,0,0,0.00233743788205056,0.000343938495096233,0.0041444817777248,0,0.0786304210747787,0.0015457922049027,0.00269227329748936,0,0.00737649892986702,6.45727243947959e-05,0.0001287422089924,0,0
0,0,0,0,6.4457726840708e-06,0,0.000345344487712797,0,0,0,0.00471168357931059,0,0,0,0,0,0,0,0,0,0.00479751031957886,0,0,0,0,0,0,0,0,0,0,0,0.00143146787765187,0,0.00259909376044698,0.00169133103970599,0,0,0.00986175079638214,0.000216987702512057,1.55340983238723e-05,0,4.59920697492254e-06,0,0,3.15958084686727e-06,0.000193320048416682,0.000732222594590978,0,9.57032060197593e-06,0,0,0,0,0,0,0.000810509996688181,0,0,0,0,0,0,0.00529020991209678,0,0,0,0,0,0,0,0,0,0,0.000283846423920875,0.00316336127955485,0,0.000701081209793751,0.000858754260930109,0.0739602085830327,0,0.00534624540177118,0.00452618526174141,0.000182618804567748,0.00120943162128366,0,0
0,8.2191448140264e-05,0,6.31027898247872e-05,0,0,0,0,0,0.000285161470769953,0,0.00620495991897778,0,0,0,3.68161297519443e-06,0,0,0,0.00118573116295595,0,0.00392622519978496,0,0.00167571918215525,0,0,0,0.00469091212324559,0,0.00676351967449742,0,0,0,0.00301672702961153,0,0.0165578321315493,0,0,0.000642712860018825,0,0,0,0,0,0,0,0,0.00867400998038809,0,0.00245749027814001,0,0,0,0,0,0.000182761037615663,0,0.000385509011447599,0,0,0,0,1.9519299456572e-05,0,0.000520634416171734,0,0.000191894621655012,0,0,0,0.000544557686988591,0,0.00036918546957786,0,0,0,0.00246853256224308,0,0.00726872481371703,0,0.0708866523179814,0,0.00522822593183597,0.00089121156237438,6.70116380855091e-05,0,0
8.10929745444466e-05,0,0,0,0,0,0,0,0.00101576263879963,0,0.00829036040125981,0,0,0,1.53441567663696e-06,0,1.87034740149912e-06,0,3.30783500197421e-05,0,0.0058881674333275,0,0.00324275443114038,0,0.00144677418593183,0,0,0,0.00186119448014384,0,0.00295598305716145,0,0,0,0.00268382535543791,0,0.00986175079638214,0.000642712860018825,0,0,0,0,0.000484533383857611,0,0,0,0.000153916782230379,0.00290763483642616,0.00292837489072725,0,0,0,0,0,0.000742785984108252,0,0.00134909584300646,0,6.07490633194811e-06,0,3.96786857301659e-05,0,0,0.00134288493222328,0,0.00364054613625327,0,0.000441144296923806,0,0,0,0.00178282841991743,0,0.000629833159023782,0,0,0,0.00149269884008773,0,0.00396711696778618,4.15666552980652e-05,0.0590966402571647,0.00262857464866992,0.000740204711713192,0.00112463572470784,0,1.50400594466757e-05
0,0,0,0,0,0,0,0,0,0,0,0,0,0,0,0,9.26130629039365e-06,6.96620168242228e-05,0.000361742526202688,0,0,0,0,0,0,0,0,0,0,0,0,0.000164934885510567,0,0.00022572575434387,0,0.000240612849359946,0.000216987702512057,0,0,0,0.000181924566368773,0.0266134458988233,0,0.000586141219027014,0,0.0694721596848171,0.000131853489114963,0.00582194190516632,0,0.0700554349691636,0,0,0,0,0,0,0,1.95712360663537e-05,0,0,0,0,0.0122288022290883,0,0,0,0,0,0,0,0,0,0,0,0.000737857377592724,0.000899744613775283,0.000137423604572169,0,0.0294649667788721,0.000823365172675491,0.00185235158007138,0,2.93979936089215e-05,0,0.114581794958163,6.8246195260081e-05,0
8.27223169612324e-05,0,0,0,0,0,0,0,0,0,0,0,0,0,0,0,2.15424879380375e-05,0,5.22884388875885e-05,0,0,0,0,0,0,0,0,0,0,0,0,1.5655384329487e-05,0.000448561552678299,0,0,0,1.55340983238723e-05,0,0,0.000181924566368773,0,0,0.0078977926180902,0,0,0.000340371329251941,0.0430515896632338,0.00262763590440501,0.0306089310666923,9.02174626098422e-05,0,0,0,0,0,0,5.33206677945893e-05,0,0,0,1.59628126820315e-05,0,3.21705942358604e-05,0.00340220383691105,0,0,0,0,0,6.16588184389217e-05,0,0,0,0.00164695641618362,0.0003507339453971,0,0,0,0.000131000301161918,0.01645322729098,0,0.0020533348402917,4.46373924645008e-05,0,0.0817757456079086,0,0.000453773408041053
0,0.00163099584690915,0,3.762982220952e-05,0,0,0,0,0,7.05034578726994e-05,0,0,0,0,0,0,0.000656871856691303,0.00910321118081889,0.0579166603821864,0,0,0,0,8.90330140011718e-05,0,2.22103254772235e-05,0,0,0,0,0,0,0,0.000125039754022794,0,0,0,0,0,0.0266134458988233,0,0,0.00348576083105776,0.00974784615256925,0.000224826333680173,0.016096117712131,0.000664295828133183,0.00914119232821244,0,0.0373365873539615,0,0,0,0,0,0,1.23562870472087e-05,0.00791969584759807,0,0,0,0,0.00795869122252302,3.46988656903442e-05,0,0,0,0,5.92972119226479e-05,0,2.15971286453331e-05,0,0.0177291709996679,8.358808342666e-05,0,0,2.04274720700561e-05,0,0.000671621237996382,0,0.00227518496259181,8.7661324744127e-05,0.0049157645987438,1.38360286856828e-06,0.159758917863184,0.0869257466228237,0.000756581502480926
0.00314012567073326,0,0.000114086612586272,0,2.5716554493936e-05,0,0,0,0.00752613201765692,0,0,0,0,0,2.96376158806832e-05,0,0.0055136071221751,0.000400152895804034,0.0466782151963094,0,1.06475378702968e-05,0,0,0,0.000200724902841067,0,3.7273663266437e-05,0,0,0,0,0,0,2.80567773629399e-05,0,0,4.59920697492254e-06,0,0.000484533383857611,0,0.0078977926180902,0.00348576083105776,0,0.000386935860806227,0.00577288836452376,0.000270576648803361,0.016222704932891,0.0146829737406647,0.0109977914092651,0.000116480786293604,3.69667602775068e-05,0,0,0,0.00104549343420004,0,0.00808984317440336,2.8335618997774e-05,1.13896717145344e-05,0,0.00016984229836313,0,0,0.00257605442999203,0,0,0,2.24298102167036e-05,0,0.000112178374595376,0,0,6.20323363260706e-05,0.0242705901240548,0,0,0.000154496711088219,0,0,0.000296336028406584,1.8278949911249e-05,0.00659006818518931,0.00231734108236903,0,0.163021802256075,0.000301342663973469,0.0917942564531769
0,0,0,0,0,0,0,0,0,0,0,0,0,0,0,0,0.000122804296568757,0.00135589698205752,0.0101042912059497,0,0,0,0,0.000286705915071243,0,0,0,0,0,0,0,0,0,0,0,0,0,0,0,0.000586141219027014,0,0.00974784615256925,0.000386935860806227,0,0,0.00515696274563893,0.000268105607051326,0,0,0,0,0,0,0,0,0,0,0,0,0,0,0,0,0,0,0,0,0,0,0,0,0,0.000126124290003274,0,0,0,0,0,0,0,3.14511731344758e-05,4.947504341066e-06,0.000124645034863027,0,0.00589432803592334,0.00370559191367645,0.000298720130244123
0,0,0,0,0,0,0,0,6.76259115685654e-05,0,0,0,0,0,0,0,0.000820234759001427,1.20954316577441e-05,0.00897824510355567,0,0,0,0,0,0,0,0,0,0,0,0,0,0,0,0,0,0,0,0,0,0,0.000224826333680173,0.00577288836452376,0,0,0.000143439757752011,0.0119408070477383,0,0,0,0,0,0,0,0,0,3.27926967594083e-05,0,0,0,0,0,0,0.000235093814399698,0,0,0,0.000687099164630195,0,0,0,0,0,0.00142660631319417,0,0,0,0,0,1.50509008900962e-05,0,0.000399016011180893,6.03460245982071e-05,0,0.00484750942250169,0,0.00895376105352344
0,0,0,0.00988793626844702,0,0.000197946444424786,0,2.05823525177853e-05,0,0,0,0,0,0,0,0,8.20242198861674e-05,0.00113608004752732,0.016177374329639,2.20891026611203e-05,0,0,0,0,0,0,0,0,0,0,0,0,0,0,0,0.000228864057780979,3.15958084686727e-06,0,0,0.0694721596848171,0.000340371329251941,0.016096117712131,0.000270576648803361,0.00515696274563893,0.000143439757752011,0,0.000585623344467606,0.00214055441231121,1.23101962760293e-05,0.00677500506247452,0,3.28767844051938e-05,0,0,0,0,0,0.00533211251389687,0,0,0,0,0.0796653886057561,0,0,0,0,0,0,0,0.000251581330187374,0,0.0191996983605552,0,0,0,0,0,0.0103505174276644,9.31458518853734e-05,0.00257617414482692,1.37452081954004e-05,0.000933882101086035,0,0.148672563610911,0.00237625948711754,0.000153301231881758
0.000311361627969642,0,0.000863883830147523,0,0.00186666242718625,0,0,0,0.000197545007373388,0,0,0,0,0,0,0,0.00346286054101877,0.000160472124853363,0.0340780586490899,0,0.00234253812970343,0,0,0,0,0,0.00012331317777934,0,0,0,0,0,0,0,0,0,0.000193320048416682,0,0.000153916782230379,0.000131853489114963,0.0430515896632338,0.000664295828133183,0.016222704932891,0.000268105607051326,0.0119408070477383,0.000585623344467606,0,6.67027118419198e-05,0.00364730400996024,0.000135648346400347,9.39329680810445e-05,0,0,0,0,0,0.00185001078090986,0,0,0,0,0,0,0.0660341718455166,0,0,0,7.02621749806009e-05,0,0,0,0,0,0.00685062587404027,0,0,0,0,0,0.0142769883722207,0,0.00393460242005769,0.00138771255617071,2.67654247813179e-06,0.099848820532175,4.13182283874958e-05,0.00520354287124868
0,0.000371740571580669,0,0.00061355984451318,0,0,0,0,0,0.00197294189673668,0,0,0,0,0,2.657452490185e-05,0,2.70371655104989e-05,0,0,0,0.000119006024467325,0,0.000744440964072703,0,0,0,0,0,0,0,0.0327871589684161,0.0192628386552767,0.100439406440649,0.0732606797056873,0.00102019159212934,0.000732222594590978,0.00867400998038809,0.00290763483642616,0.00582194190516632,0.00262763590440501,0.00914119232821244,0.0146829737406647,0,0,0.00214055441231121,6.67027118419198e-05,0,0.102980988625165,0.0635224927818394,0,0,0,0,0,0.00181877662229748,0,0,0,0,0,0.000164186335807905,0.000155686310368058,0,0.000122536443842942,0,0,0,0,0,0,0,0,0,0.0292055191291045,0.0119031376194437,0.0570926908061916,0.0132291026433318,0.0068123188023947,0.0178993569292196,0.00346178631756579,0.00501083325018713,0.00373301085065889,0,0.0300584144652882,0,0
0.0247418006120756,0,0.00851894325787324,0,9.9094630759038e-05,0,0,0,0.00916934821396738,0,0,0,0,0,0,0,2.75282587307947e-06,0,0,0,0,0,0,0,0.000632588408167965,0,0,0,0,0,0,0,0.000147690252133188,0.000464233680938809,0.00490894436366569,0,0,0,0.00292837489072725,0,0.0306089310666923,0,0.0109977914092651,0,0,1.23101962760293e-05,0.00364730400996024,0.102980988625165,0,0.00052229316077839,0.00301218641511617,0,0,0,0.00588247152981697,1.84165214433716e-05,0.00067091284038257,0,0.001394276004529,0,0.00594933325114636,0,0,8.54193642812237e-05,0,0,0,0.00389233156688833,0,0.000642347157730903,0,0.00154088638653539,0,0.00153072341021348,0,0,0.000456694319784512,0.000616578190295032,0,0.00168575748452,0,0.0148041046371282,0.000512386404636713,0,0.0329581453824521,0,0
0,0.0336263002321083,0,0.00245224252043741,0,0,0,0,0,0.00453876706485458,0,0,0,0,0,0.000263617158545237,0,7.25624449105961e-05,0.000308156743258027,0,0,0.00206389132695797,0,0.00657567456529261,0,0,0,0,0,0,0,0.00035936353271218,0,0.00648069357523112,0,0,9.57032060197593e-06,0.00245749027814001,0,0.0700554349691636,9.02174626098422e-05,0.0373365873539615,0.000116480786293604,0,0,0.00677500506247452,0.000135648346400347,0.0635224927818394,0.00052229316077839,0,0,0,0,0,0,0.00469521305434169,0,0.0086098702997263,0,0.00549448056671482,0,0.00104723193191296,0.00170337091029997,0,0.00433113754726199,0,0.00866245131171932,0,0.00108707695870689,0,0.0124988456252894,0,0.0195666360723663,0,0.000669448183928705,0.000151255705072323,0.00347795531780891,0,0.00369048107591939,0.000465231915874632,0.00608231905725497,0,0.000850459013795265,0,0.0636167209420896,0.000109674484135901,0
0,0,0.0173231193042462,0,0.0969096392946274,0,0,0,0.000284280495806465,0,1.96752656526134e-05,0,0,0,0,0,0,0,0,0,0.00150200297106181,0,0,0,0,0,0,0,0,0,0,0,0,0,0,0,0,0,0,0,0,0,3.69667602775068e-05,0,0,0,9.39329680810445e-05,0,0.00301218641511617,0,0,0,0.013478174112593,0,0.00608135046640618,0,0.0163542102877948,0,0.00400724713461451,0,0.00228018776909062,0,0,0.00567263712392326,0,0,0,0,0,0,0,0,0,0,0,0,0,0,0,0,0,1.30886204246713e-05,0.000875560767646952,0,0.00388617050950701,0,0
0,0,0,0.0258140796471106,0,0.178817559861637,0,0.00493523632007116,0,0.00394995443717261,0,2.86284640521695e-05,0,0.00371391317291152,0,0.0268797798682566,0,0,0,0.000146771354758969,0,0,0,0,0,0,0,0,0,0,0,0,0,0,0,0,0,0,0,0,0,0,0,0,0,3.28767844051938e-05,0,0,0,0,0,0,0,0.00569236036292315,0,0.000154191307102976,0,0.0158762590359895,0,0.0182937657717057,0,0.0258742637259254,0.00619186713164667,0,0,0,0,0,0,0,0,0,0,0,0,0,0,0,0,0,0,0,0.000439107929820624,0,0.000552425136667623,0,0
0,0,0,0,0.00595811035308164,0,0.0666486467082387,0,0,0,0.00114399805927316,0,0.000420437106833225,0,0,0,0,0,0,0,0.000598770508477899,0,0,0,0,0,0,0,0,0,0,0,0,0,0,0,0,0,0,0,0,0,0,0,0,0,0,0,0,0,0.013478174112593,0,0,0,0,0,0.00829578289531696,0,0.00358142918329699,0,0,0,0,0.000155193255572577,0,0,0,0,0,0,0,0,0,0,0,0,0,0,0,0,0,0,0.000758633854839206,0.000256334955834915,0,0,0
0,0,0,0,0,0.00236321547557749,0,0.0369040754326094,0,0,0,0,0,0.00733882925316148,0,0,0,0,0,0,0,0,0,0,0,0,0,0,0,0,0,0,0,0,0,0,0,0,0,0,0,0,0,0,0,0,0,0,0,0,0,0.00569236036292315,0,0,0,0,0,0.0134652033357715,0,0.00293349888572342,0,0,0.000366665028692166,0,0,0,0,0,0,0,0,0,0,0,0,0,0,0,0,0,0,0,0.000488836143355894,0,0,0,0
0.0292212070765618,0,0.0357289102923354,0,0.000763793246156908,0,0,0,0.10886560097417,0,0,0,0,0,0.0213783569994539,0,0.00011952519217831,0,0,0,0,0,0,0,0.00202103634666835,0,0,0,0,0,0,0,0,0,0,0,0,0,0.000742785984108252,0,0,0,0.00104549343420004,0,0,0,0,0,0.00588247152981697,0,0.00608135046640618,0,0,0,0,0,0.000447920657796421,0,0.00188480957022218,0,0.0250230850721379,0,0,0,0,0,0,0.00757668927918047,0,0.00830870591062773,0,0.000139055519081355,0,0.000344136169004551,0,0,0,0,0,0,0,0.000645414246523872,0.000369969721026183,0,0.00390254114541143,0,0
0,0.00338274327095525,0,0.00344908823856312,0,0.0017520951648468,0,0,0,0.0202315564444452,0,0,0,0,0,0.00777297712459696,0,8.99879809761576e-05,0.000353021237308725,0,0,1.71270927599105e-05,0,0.000276124530852258,0,0,0,0,0,0,0,0,0,0,0,0,0,0.000182761037615663,0,0,0,0,0,0,0,0,0,0.00181877662229748,1.84165214433716e-05,0.00469521305434169,0,0.000154191307102976,0,0,0,0,0,0,0,0,0,0,0,0,0,0,0.00629035069622141,0,0,0,0,0,0,0,0,0,0,0,0,0,0.00162434354592934,0,0.000697910158786334,0,0.0022765113048556,0.000222648430716677,0
0.000494454133804797,0,0.000153361504904216,0,0.000164075997743878,0,0.00126911797965412,0,0.000123073411831815,0,0.0566591908419591,0,0.000327585325004206,0,0,0,0.000285418499914304,1.46886440344635e-05,0.00121437393098533,0,0.00305643270202476,0,0,0,0,0,0,0,2.90806964338159e-05,0,0.00464699607321978,0,0,0,0,0,0.000810509996688181,0,0.00134909584300646,0,5.33206677945893e-05,1.23562870472087e-05,0.00808984317440336,0,3.27926967594083e-05,0,0.00185001078090986,0,0.00067091284038257,0,0.0163542102877948,0,0.00829578289531696,0,0.000447920657796421,0,0,0,0.026659026809482,0,0.00207098307003792,0,0,0.0310822367859756,0,0,0,0,0,0.000259912182267074,0,0.0445374854549116,0,0.07439053170752,0,0,0,0,0,5.87340740269372e-05,0,0.00442147914865139,0.000672343908709363,0,0.0130178523886,0,0.00170205067548054
0,0.00108233800661338,0,0.000998932715101462,0,9.6734035829809e-05,0,0.00290234037431305,0,0,0,0.0699750516158346,0,0.00888715879645648,0,0.000236838456078379,3.58957634116947e-06,0.000288792220447249,0.00111051230577081,0.000862184776919441,0,0,0,0,0,0,0,0,0,0.000871269247767655,0,0,0,0,0,0,0,0.000385509011447599,0,1.95712360663537e-05,0,0.00791969584759807,2.8335618997774e-05,0,0,0.00533211251389687,0,0,0,0.0086098702997263,0,0.0158762590359895,0,0.0134652033357715,0,0,0,0,0,0.0161212229723869,0,0.00244801983633812,0.0364897061953631,0,0,0,0.000344756531075226,0,0.00140252930880984,0,0.00704852343412044,0,0.0562579217906071,0,0,0,0,0,0,0,0.000321558837959149,0,0.000193094489158303,0,0.0172071843891684,0.000181029409892306,3.85883748833735e-05
0.0030954340627881,0,0.000441371599442659,0,0.000861279284270588,0,0.00343957355148059,0,0.000412628662432922,0,0.0016684877887427,0,0.0193547613245364,0,0.00268684038546737,0,0,0,0,0,0,0,0,0,0,0,0,0,0.000631474691166201,0,0,0,0,0,0,0,0,0,6.07490633194811e-06,0,0,0,1.13896717145344e-05,0,0,0,0,0,0.001394276004529,0,0.00400724713461451,0,0.00358142918329699,0,0.00188480957022218,0,0.026659026809482,0,0,0,0.0125807399771301,0,0,0,0,0,0,0,0,0.00052059905345866,0,0.00771800173626721,0,0.000111829899486024,0,0,0,0,0,0,0,8.73442451058469e-06,0.000145883098776137,2.12055969391415e-05,0.000233197624978937,0,0
0,0,0,0,0,0.00200824553628624,0,0.00563136782558169,0,0,0,2.64240569242606e-05,0,0.0588268892378533,0,0.00841110016337469,0,0,0,0,0,0,0,0,0,4.00382178233053e-05,0,0.00401530363651273,0,0,0,0,0,0,0,0,0,0,0,0,0,0,0,0,0,0,0,0,0,0.00549448056671482,0,0.0182937657717057,0,0.00293349888572342,0,0,0,0.0161212229723869,0,0,0,0.00758201695485838,2.7737996116647e-05,0,0,0,0.00153790273542659,0,0.0118136720215565,0,0.0137367980446713,0,0.000114784968882042,0,0,0,0,0,0,0,0,0,0.000442843653498809,0.00019725052041459,6.50318554477811e-05,0,0
0.0156292757696169,0,0.00101513758309279,0,7.21765980016822e-05,0,0,0,0.00922230850843514,0,0,0,0.00547471179084895,0,0.0368346826361109,0,0.000661414075756424,0,0,0,0,0,0,0,9.71282717283986e-05,0,0,0,0,0,0,0,0,0,0,0,0,0,3.96786857301659e-05,0,1.59628126820315e-05,0,0.00016984229836313,0,0,0,0,0,0.00594933325114636,0,0.00228018776909062,0,0,0,0.0250230850721379,0,0.00207098307003792,0,0.0125807399771301,0,0,0,0,0,0,0,0,0.000981365376313229,0,0.00426046087045735,0,0.0011592800182982,0,0.000933550033711783,0,0,0,0,0,0,0,4.65217851994943e-05,0.000816460512441022,0,0.000706687392566213,0,0
0,0.00125030343148739,0,0.005318623379666,0,0.0108664324514471,0,0,0,0.0194092236589951,0,0,0,0.000580530515134391,0,0.0470995268855101,0,0.000435607073528406,0,0,0,0,0,0,0,0,0,0,0,0,0,0,0,0,0,0,0,0,0,0,0,0,0,0,0,0,0,0.000164186335807905,0,0.00104723193191296,0,0.0258742637259254,0,0,0,0,0,0.00244801983633812,0,0.00758201695485838,0,0,0,0,0,0,0.000139181908161792,0,0,0,0,0,0,0,0,0,0,0,0,0,5.50579790179333e-05,0,0.000591702849828044,0,9.30898165139111e-05,0,0
0,0,0,0,0,0.00806118863210973,0,0.00373666235239687,0,0,0,0.00440956868298192,0,0,0,0,0,2.95770892766678e-06,5.77134171901217e-05,0.0627914017780775,0,0,0,0,0,0,0,0,0,0,0,0,0,0,0,0.00153477721149452,0,1.9519299456572e-05,0,0.0122288022290883,3.21705942358604e-05,0.00795869122252302,0,0,0,0.0796653886057561,0,0.000155686310368058,0,0.00170337091029997,0,0.00619186713164667,0,0.000366665028692166,0,0,0,0.0364897061953631,0,2.7737996116647e-05,0,0,0,0,0,0,0,0,0,0,0.00125515692469327,0,0.0213277562627019,0,0,1.29393236348674e-05,0,0,0.0202051944273016,2.28552080556122e-05,0.00828564086135253,0,0.000623738507057062,1.84015082528027e-05,0.0114880360038398,2.26471165024806e-05,0
0.00011796886215756,0,0,0,0.00728343080118794,0,0.000721953126498922,0,0,0,0.00296286644716052,0,0,0,0,0,0.000273113966998276,0,0.00106520838027773,0,0.12211731878144,0,0,0,0,0,0,0,0,0,0,0,0,0,0,0,0.00529020991209678,0,0.00134288493222328,0,0.00340220383691105,3.46988656903442e-05,0.00257605442999203,0,0.000235093814399698,0,0.0660341718455166,0,8.54193642812237e-05,0,0.00567263712392326,0,0.000155193255572577,0,0,0,0.0310822367859756,0,0,0,0,0,0,0,0,0,0,0,0,0,0,7.78810856707623e-05,0,0.0211878466309551,0,0,0,0,0,0.0322910998237469,0,0.00494134872964325,0.00219201735188896,4.8930935996248e-06,0.0211229226447759,0,0.00051806104948322
0,0,0,0,0,0,0,0,0,0,0,0,0,0,0,8.93725877661427e-06,0,0.000826464792624625,3.28327610895525e-05,0,0,0.0405275450089125,0,0,0,3.15032250744474e-05,0,0.00166074181523882,0,0,0,0,0,3.79996718591347e-05,0,0,0,0.000520634416171734,0,0,0,0,0,0,0,0,0,0.000122536443842942,0,0.00433113754726199,0,0,0,0,0,0,0,0,0,0,0,0,0,0,0,0,0,0,0,0,0.00928592275258817,0,0.00179137843584032,0,0,0,0,0,0,0,0.00214419215871757,0,0.000216807897632546,0,0,0,0
0,0,0,0,0,0,0,0,0,0,0,0,0,0,0,0,0.00497631316011019,0,0,0,0,0,0.045477256235101,0,0,0,0.000136614414656018,0,0.000992953011148346,0,0,0,0,0,0,0,0,0,0.00364054613625327,0,0,0,0,0,0,0,0,0,0,0,0,0,0,0,0,0,0,0,0,0,0,0,0,0,0,0,0,0,0,0.00010787736610328,0,0.0105987891232762,0,0,0,0,0,0,0,0,0,0.0183060777882495,0.00119889544727736,4.04952179298377e-05,0,0,0
0,0.000709685964484706,0,0.00294010595971408,0,0,0,0,0,0.00154856070977951,0,0,0,0,0,7.98021354340831e-05,0,0.000412047591138581,0,0,0,6.30612562396828e-05,0,0.0102511069115238,0,0.0107864836260661,0,0,0,0,0,0,0,0,0,0,0,0.000191894621655012,0,0,0,0,0,0,0,0,0,0,0,0.00866245131171932,0,0,0,0,0,0.00629035069622141,0,0.000344756531075226,0,0.00153790273542659,0,0.000139181908161792,0,0,0,0,0,0,0.00328721046618847,0,0,0,0,0,0,0,0,0,0,0,0.00041702142130407,0,0.000174436346865484,0,0.00187984306433521,0,0
0.000639150278913861,0,0,0,0,0,0,0,0.00279114660495119,0,0,0,0,0,4.65011609356741e-05,0,0.00456126296564289,0,0.000168365543733046,0,0,0,0.000822209302562289,0,0.0289307002857894,0,0.00279892958598921,0,0,0,0,0,0,0,0,0,0,0,0.000441144296923806,0,0,0,2.24298102167036e-05,0,0.000687099164630195,0,7.02621749806009e-05,0,0.00389233156688833,0,0,0,0,0,0.00757668927918047,0,0,0,0,0,0.000981365376313229,0,0,0,0,0,0,0,0,0.0121962796365655,0,0.000699340191718845,0,0,0,0,0,0,0,0,0,0.000480960829102571,0.000632961190103159,0,0.00422826047305657,0,0.000448590304616529
0,0.000911059512910783,0,0,0,0,0,0,0,0,0,0,0,0,0,0.000495681257149174,0,0.0102599701570402,9.61976013309496e-05,0,0,0.000193837378250751,0,0,0,0.0195276185938712,0,0.0048083575037324,0,0,0,0,0,0,0,0,0,0,0,0,0,5.92972119226479e-05,0,0,0,0,0,0,0,0.00108707695870689,0,0,0,0,0,0,0,0.00140252930880984,0,0.0118136720215565,0,0,0,0,0,0,0.00328721046618847,0,0,0,0.0120725046956046,0,0,0,0,0,0,0,0,0,0,0,0.000416399277549931,0,6.29308393652916e-05,0,0
0.000233952509506435,0,0,0,0,0,0,0,0.00161618072548014,0,0,0,0,0,0.001481430661492,0,0.00864026089043974,3.05873325133718e-05,0.000542698186660754,0,0,0,0.000812466528853845,0,0.0115916294655104,0,0.0757047972682275,0,0.00961077394435455,0,0,0,0,0,0,0,0,0,0,0,6.16588184389217e-05,0,0.000112178374595376,0,0,0,0,0,0.000642347157730903,0,0,0,0,0,0.00830870591062773,0,0.000259912182267074,0,0.00052059905345866,0,0.00426046087045735,0,0,0,0,0.00010787736610328,0,0.0121962796365655,0,0,0,0.0294557211890283,0,0,0,0,0,0,0,0,0,0,0.000481730140506448,0,0.000363809980855169,0,0.00013614693190401
0,0,0,0,0,0,0,0,0,0,0,0.000346132746833985,0,0,0,0,0,6.25075884162264e-06,4.10677108144519e-05,0.00010828086167404,0,0.00315582096198895,0,0,0,0,0,0.00935210270549492,0,0,0,0,0,0,0,0,0,0.000544557686988591,0,0,0,2.15971286453331e-05,0,0,0,0.000251581330187374,0,0,0,0.0124988456252894,0,0,0,0,0,0,0,0.00704852343412044,0,0.0137367980446713,0,0,0.00125515692469327,0,0.00928592275258817,0,0,0,0.0120725046956046,0,0,0,0.0530201812602442,0,0,0,0,0,0,0,0.0111764016663634,0,0,0,0.000138673654386776,0.000140287665163696,0
