0,0,0.165586796402931,0,0.149605287859837,0,0,0,0.176365407034118,0,0,0,0,0,0.253923272093137,0,0.279362874371665,0.191586993634701,0.263713365793228,0,0.382558923959732,0,0,0,0,0,0,0,0,0,0,0,0,0.293476551771164,0.196978158527805,0,0,0,0.167318858738456,0,0.30016906435291,0.220970004796982,0.232967919324526,0,0,0,0.281615619596682,0.221130657099908,0.144382767476465,0.269196584820747,0,0,0,0,0.254133830750638,0,0.318702771766296,0,0,0,0.182588755450992,0,0,0.28596796308245,0,0,0,0.246937931792156,0,0,0,0,0,0.330494423481551,0,0,0.221853906909625,0.212627957180395,0,0.37986095599374,0,0.348634631944853,0.194050367034617,0.171929473007048,0.209276763039331,0,0
0,0,0,0.142217487096786,0,0,0,0,0,0.15323094064729,0,0,0,0,0,0.192527205646038,0,0.253620959818363,0.309290978206596,0,0,0,0,0.247608873993158,0,0,0,0,0,0,0,0,0,0,0,0,0,0.21762266382575,0,0.395190056363742,0,0.259203327718731,0,0,0,0.285075757404168,0,0.218638531863689,0,0.131807713587564,0,0,0,0,0,0.183076780262351,0,0.28032036870718,0,0,0,0.185780135230121,0,0,0.249272721734914,0,0.283835858106613,0,0,0,0,0,0.255420029163361,0,0,0,0,0,0.385764404684305,0,0,0,0.204559287939193,0.142934335043301,0.215952679528261,0.231032290628978,0
0.165586796402931,0,0,0,0.128953469003428,0,0,0,0.146504751096169,0,0,0,0,0,0,0,0.227849490940571,0.209178157150745,0.224520452712712,0,0.278213530778885,0,0,0,0,0,0,0,0,0,0,0,0,0,0,0,0.206906518086474,0,0,0,0.220191426639972,0,0.229755951023777,0,0,0,0.223001085249777,0,0.234977641701698,0,0.155952782894905,0,0,0,0.148134460378634,0,0.258392249363841,0.2346271276474,0.190833946629878,0,0.155469608552094,0,0,0.209487025820932,0,0,0,0,0,0,0,0,0,0.276292982029504,0,0,0,0,0,0.242692624720243,0,0.286690239673075,0.189075551993024,0.210202254354954,0.226267988491631,0,0
0,0.142217487096786,0,0,0,0.125722610721765,0,0,0,0.132726458317422,0,0,0,0,0,0,0.221077406406403,0.224058181875282,0.224917836261518,0.172917693853378,0,0,0,0,0,0,0,0,0,0,0,0,0,0,0,0.192716794855454,0,0,0,0.218323038101196,0,0.242506257361836,0.222705617547035,0,0,0.221226481543906,0,0,0.214971743524075,0.198825038307788,0,0.184513310375421,0,0,0,0.151785941295374,0,0.212812122101932,0,0.183428400582602,0,0,0.214066162705421,0,0,0,0,0,0,0,0,0,0,0,0,0,0,0,0.214888778282329,0,0,0,0.18052753932124,0.211044415831566,0.227015681539072,0.234030539968184,0
0.149605287859837,0,0.128953469003428,0,0,0,0,0,0.161824974824082,0,0,0,0,0,0,0,0,0,0.182971293727557,0,0.179324790172197,0,0,0,0,0,0,0,0,0,0,0,0,0,0,0,0.150624790073683,0,0,0,0.17744075187615,0,0.202231076485352,0,0,0,0.176637327806516,0,0.201792106032372,0.204884680360556,0.169175305536815,0,0.191025355830789,0,0.0967497669837692,0,0.223356679081917,0,0,0,0,0,0,0.246510667666312,0,0,0,0,0,0,0,0,0,0.245358344912529,0,0,0,0.232274889945984,0,0.209835052490234,0,0.251832265406847,0.168222192083212,0.158222326037416,0.160698039475578,0,0
0,0,0,0.125722610721765,0,0,0,0,0,0.123899472256502,0,0.188663941215385,0,0,0,0,0.207334756851196,0.193193897604942,0.187382824718952,0.159275618059417,0,0,0,0,0,0,0,0,0,0,0,0,0,0,0,0.150249193821635,0,0.182943165302277,0,0.2480600203077,0,0.213148262213778,0.184828400611877,0,0,0.200210658212503,0,0,0.183212414383888,0.159750323985582,0,0.156894158039774,0,0,0,0.151256158947945,0,0.215934532530168,0,0,0,0,0.152764912490567,0,0,0,0,0,0,0,0,0,0,0,0,0,0,0,0.219677843153477,0,0,0.207451164722443,0.16083004768237,0.172409892082214,0.158330306813696,0.193110339343548,0
0,0,0,0,0,0,0,0,0,0,0,0,0,0,0,0,0,0,0,0,0.0992288818346203,0,0,0,0,0,0,0,0,0,0,0,0,0,0,0,0,0,0,0,0,0,0,0,0,0,0,0,0,0,0,0,0.173102095723152,0,0,0,0.151413321495056,0,0,0,0,0,0,0,0,0,0,0,0,0,0,0,0,0,0,0,0,0,0,0,0,0,0.118781407854774,0,0,0,0
0,0,0,0,0,0,0,0,0,0,0,0,0,0,0,0,0,0,0,0.159559082772051,0,0,0,0,0,0,0,0,0,0,0,0,0,0,0,0,0,0,0,0,0,0,0,0,0,0,0,0,0,0,0,0,0,0,0,0,0,0,0,0.170339956879616,0,0,0.14383400645521,0,0,0,0,0,0,0,0,0,0,0,0,0,0,0,0,0,0,0,0.152838436265786,0.1573486328125,0,0,0
0.176365407034118,0,0.146504751096169,0,0.161824974824082,0,0,0,0,0,0,0,0,0,0.189456698381239,0,0.19066816509243,0,0.227782172106561,0,0.352491408586502,0,0,0,0.139676927959853,0,0.210841893188415,0,0,0,0,0,0,0,0,0,0,0,0.14073089577935,0,0.215602777898312,0,0.205928951927594,0,0,0,0.208353025217851,0.183341771364212,0.211726781394747,0,0,0,0,0,0.201729095643523,0,0.313183886519933,0,0,0,0.20731712111405,0,0,0.274239469319582,0,0,0,0.168858187668251,0,0.218920036088385,0,0,0,0.339467004589413,0,0,0,0.224204291899999,0,0.379524251302848,0,0.381457544000525,0.152484423995713,0.140597111012401,0.256404782317287,0,0
0,0.15323094064729,0,0.132726458317422,0,0.123899472256502,0,0,0,0,0,0,0,0,0,0.166362350324651,0,0.281620291620493,0.25769156800664,0,0,0,0,0.175328405598799,0,0.166326835751534,0,0,0,0,0,0,0,0.188845723867416,0,0,0,0.223245337232947,0,0.28151467608081,0,0.210260475227653,0,0,0,0.199547981222471,0,0,0,0.12332662459203,0,0,0,0,0,0.224897426660033,0,0.260008879005909,0,0,0,0.191560820365945,0,0,0.218920918181539,0,0.18679307906524,0,0,0,0,0,0,0,0,0,0.209588900208473,0,0.325409588905481,0,0.224722037712733,0,0.169186555402935,0.147683552942224,0.163486133118755,0.181764930486679,0
0,0,0,0,0,0,0,0,0,0,0,0,0.276091524107116,0,0,0,0,0,0,0,0.172149344052499,0,0,0,0,0,0,0,0.208398287483585,0,0.199084973198244,0,0,0,0,0,0.189414571266709,0,0.211720870533464,0,0,0,0,0,0,0,0,0,0,0,0,0,0,0,0,0,0.162888619186063,0,0.238942534591303,0,0,0,0,0.18790047356656,0,0,0,0,0,0,0,0.216614009629677,0,0.218212775886059,0,0,0,0,0,0.193606194853783,0,0.196841692768719,0.175217929373806,0.189528871711456,0,0,0
0,0,0,0,0,0.188663941215385,0,0,0,0,0,0,0,0.220866274291178,0,0,0,0,0,0.142146499240643,0,0,0,0,0,0,0,0.205810306079549,0,0,0,0,0,0,0,0.186226250403491,0,0.203657841839288,0,0,0,0,0,0,0,0.160589262843132,0,0,0,0,0,0.136392742395401,0,0,0,0,0,0.18048500347237,0,0.20285083428541,0,0,0.139535537959573,0,0,0,0,0,0,0,0.227160430412336,0,0.164409078657627,0,0,0,0,0,0.218777198264355,0,0.195699621897541,0,0.189322770498265,0.165793209203652,0.145225778222084,0,0
0,0,0,0,0,0,0,0,0,0,0.276091524107116,0,0,0,0,0,0,0,0,0,0,0,0,0,0,0,0,0,0,0,0,0,0,0,0,0,0,0,0,0,0,0,0,0,0,0,0,0,0,0,0,0,0,0,0,0,0,0,0.212409089878201,0,0.179314538836479,0,0,0,0,0,0,0,0,0,0,0,0,0,0,0,0,0,0,0,0,0,0.172028465047936,0.182319032892682,0,0,0
0,0,0,0,0,0,0,0,0,0,0,0.220866274291178,0,0,0,0.164729700005484,0,0,0,0,0,0,0,0,0,0,0,0.223385582367579,0,0,0,0,0,0,0,0,0,0,0,0,0,0,0,0,0,0,0,0,0,0,0,0,0,0,0,0,0,0.204631613872268,0,0.190148825078763,0,0.165511398480813,0,0,0,0,0,0,0,0,0.22361750729186,0,0,0,0,0,0,0,0,0,0,0,0.182037084995503,0.213238915117939,0,0,0
0.253923272093137,0,0,0,0,0,0,0,0.189456698381239,0,0,0,0,0,0,0,0,0,0,0,0,0,0,0,0,0,0.152986437082291,0,0,0,0,0,0,0,0,0,0,0,0,0,0,0,0.218663364648819,0,0,0,0,0,0,0,0,0,0,0,0.222741338610649,0,0,0,0,0,0.19098339911471,0,0,0,0,0,0,0.254911385476589,0,0,0,0,0,0,0,0,0,0,0,0,0,0,0.183706892673502,0.223930988006475,0.275324925780296,0,0
0,0.192527205646038,0,0,0,0,0,0,0,0.166362350324651,0,0,0,0.164729700005484,0,0,0,0,0,0,0,0,0,0.222574643790722,0,0,0,0,0,0,0,0,0,0,0,0,0,0,0,0,0,0.190747156739235,0,0,0,0,0,0,0,0,0,0,0,0,0,0.204154074355796,0,0,0,0.166286148345814,0,0.165755855850875,0,0,0,0,0,0,0,0,0,0,0,0,0,0,0,0,0,0,0,0,0.161395539315242,0.170377275214664,0.177100745694978,0,0
0.279362874371665,0,0.227849490940571,0.221077406406403,0,0.207334756851196,0,0,0.19066816509243,0,0,0,0,0,0,0,0,0.128346212636817,0.188175308575492,0,0.298921840531485,0,0,0,0,0,0,0,0,0,0,0,0,0,0,0,0,0,0.374584103624026,0.240473193065687,0.244705886825719,0.196146943753487,0.204030800111515,0,0.179823408524195,0.232353113442659,0.242678296985706,0,0,0.21391499787569,0.197015210986137,0,0,0,0.198799227674802,0.206115439534187,0.295188202452906,0.235359196861585,0,0,0,0,0,0.250665372923801,0,0,0,0,0,0,0,0,0,0.300055935484017,0,0,0,0,0.267127834716622,0.29558239774048,0,0.307297791200922,0.146778314460158,0.191927843267405,0.257563346163765,0.207492747477123,0
0.191586993634701,0.253620959818363,0.209178157150745,0.224058181875282,0,0.193193897604942,0,0,0,0.281620291620493,0,0,0,0,0,0,0.128346212636817,0,0.223290151175999,0,0,0,0,0,0,0,0,0,0,0,0,0,0,0,0,0,0,0,0,0.248892627911726,0.226836573619109,0.211272005639421,0.182857189465452,0,0,0.243823241556715,0.224922894965857,0,0,0.22552002966404,0,0,0,0,0,0.189003244042397,0.218806408571474,0.251335611566901,0,0,0,0,0.243876511851947,0.206842061877251,0,0,0,0,0,0,0,0,0.263868495821953,0.227869585670274,0,0,0,0,0.281492052748561,0.254787313320288,0,0.252458140986865,0.159921711999437,0.179220591535729,0.260905421459963,0.224008289476236,0
0.263713365793228,0.309290978206596,0.224520452712712,0.224917836261518,0.182971293727557,0.187382824718952,0,0,0.227782172106561,0.25769156800664,0,0,0,0,0,0,0.188175308575492,0.223290151175999,0,0,0.317826031148434,0,0,0.170832261443138,0,0,0,0,0,0,0,0,0,0,0,0,0,0,0,0.290129517857994,0.276048655102414,0.230781939597713,0.178400806656906,0,0,0.279966964208752,0.292180857558582,0,0.21601692289114,0.198365545935101,0.196101300418377,0,0,0,0.226995382457972,0.204777091741562,0.262287682497006,0.294068705609867,0,0,0,0,0.264094596107801,0.255204847820525,0,0,0.166267022490501,0,0,0,0,0,0.310832639535268,0.264495571948471,0,0,0,0.220128305256367,0.350682552498968,0.328928855963862,0,0.308227810668114,0.203237932737869,0.188505329191685,0.310351355581035,0.209969895995326,0
0,0,0,0.172917693853378,0,0.159275618059417,0,0.159559082772051,0,0,0,0.142146499240643,0,0,0,0,0,0,0,0,0,0,0,0,0,0,0,0,0,0,0,0,0,0,0,0.184442641245333,0,0.23313744366169,0,0.147149190306664,0,0,0,0,0,0.172303444352643,0,0,0,0.154251977801323,0,0.158805787511404,0,0.134865656495094,0,0,0,0.14123733698026,0,0,0,0,0.171618387531067,0,0,0,0,0,0,0,0,0,0,0,0,0,0,0,0.174276621444876,0,0.219137193324665,0,0.151796997301588,0.155963028178496,0.171303380079366,0,0
0.382558923959732,0,0.278213530778885,0,0.179324790172197,0,0.0992288818346203,0,0.352491408586502,0,0.172149344052499,0,0,0,0,0,0.298921840531485,0,0.317826031148434,0,0,0,0,0,0,0,0,0,0,0,0,0,0,0,0,0,0.189435366650018,0,0.177000973589402,0,0.187615089394428,0,0.246511869132519,0,0,0,0.262578922137618,0,0,0,0.213848080590507,0,0.107205775255958,0,0,0,0.175548229697998,0,0.267920265595118,0,0,0,0,0.229259523032101,0,0,0,0,0,0,0,0,0,0.353515028953552,0,0,0,0,0,0.170098842306284,0,0.186066526505682,0.150177679526868,0,0.199591733746647,0,0
0,0,0,0,0,0,0,0,0,0,0,0,0,0,0,0,0,0,0,0,0,0,0.177780954473467,0,0,0.158829867839813,0,0.286491092338282,0,0,0,0,0,0,0,0,0,0.213766918903215,0.153050117759869,0,0,0,0,0,0,0,0,0,0,0.20023942142725,0,0,0,0,0,0,0,0,0,0,0,0,0,0,0.225661376540132,0.182638772200674,0.201899892091751,0,0,0,0.252081438980915,0,0,0,0,0,0,0,0,0,0.228651921039927,0.171849571483236,0.174248163762469,0.186236919207894,0,0,0
0,0,0,0,0,0,0,0,0,0,0,0,0,0,0,0,0,0,0,0,0,0.177780954473467,0,0,0.213880950808525,0,0.188801522298557,0,0.18062495603794,0,0,0,0,0,0,0,0,0.190528453913602,0.180785005324089,0,0,0,0,0,0,0,0,0,0,0,0,0,0,0,0,0,0,0,0,0,0,0,0,0,0.145491796472674,0.201142559633834,0,0.203643098749496,0,0.178172711723594,0,0.204745712280273,0,0,0,0,0,0,0,0,0.178372271560334,0.198897630555203,0.184074583064848,0.235232917496758,0,0,0
0,0.247608873993158,0,0,0,0,0,0,0,0.175328405598799,0,0,0,0,0,0.222574643790722,0,0,0.170832261443138,0,0,0,0,0,0,0.199988228353587,0,0,0,0,0,0,0,0,0,0,0,0.220834464925091,0,0,0,0,0,0,0,0,0,0,0,0.231885007686085,0,0,0,0,0,0.268124803462449,0,0,0,0,0,0,0,0,0.255948528647423,0,0.210408789412916,0,0.223996330437989,0,0,0,0,0,0,0,0,0,0,0,0.248358868062496,0,0.162826242511938,0.164457469032361,0.267187317212423,0,0
0,0,0,0,0,0,0,0,0.139676927959853,0,0,0,0,0,0,0,0,0,0,0,0,0,0.213880950808525,0,0,0,0.187387026207788,0,0,0,0,0,0,0,0,0,0,0,0.154167579417979,0,0,0,0.144355930387974,0,0,0,0,0.27995990216732,0.223670934637388,0,0,0,0,0,0.177010543644428,0,0,0,0,0,0,0,0,0,0,0.230023710806175,0,0.190298865553196,0,0.20218287384423,0,0,0,0,0,0,0,0.29942199587822,0,0,0,0.245109494999692,0.154348418321631,0,0.271717071533203,0,0
0,0,0,0,0,0,0,0,0,0.166326835751534,0,0,0,0,0,0,0,0,0,0,0,0.158829867839813,0,0.199988228353587,0,0,0,0,0,0,0,0,0,0,0,0,0,0,0,0,0,0,0,0,0,0,0,0,0,0,0,0,0,0,0,0,0,0,0,0,0,0,0,0,0.153037031943148,0,0.210327628134477,0,0,0,0,0,0,0,0,0,0,0,0,0,0,0,0,0,0,0,0
0,0,0,0,0,0,0,0,0.210841893188415,0,0,0,0,0,0.152986437082291,0,0,0,0,0,0,0,0.188801522298557,0,0.187387026207788,0,0,0,0.181239050100831,0,0,0,0,0,0,0,0,0,0,0,0,0,0,0,0,0,0,0,0,0,0,0,0,0,0,0,0,0,0,0,0,0,0,0,0,0.194285454118953,0,0.181824900332044,0,0.180613562231883,0,0.232707235784758,0,0,0,0,0,0,0,0,0,0,0.173854109396537,0.176723852753639,0,0,0
0,0,0,0,0,0,0,0,0,0,0,0.205810306079549,0,0.223385582367579,0,0,0,0,0,0,0,0.286491092338282,0,0,0,0,0,0,0,0.261854248356168,0,0,0,0,0,0,0,0,0,0,0,0,0,0,0,0,0,0,0,0,0,0,0,0,0,0,0,0.219588978879753,0,0.203068775315267,0,0,0,0,0.26113565757795,0,0,0,0,0,0.250287282518065,0,0.241789211603026,0,0,0,0,0,0,0,0.176413977146149,0,0.206413616673856,0.223154061370426,0,0,0
0,0,0,0,0,0,0,0,0,0,0.208398287483585,0,0,0,0,0,0,0,0,0,0,0,0.18062495603794,0,0,0,0.181239050100831,0,0,0,0.223812124586392,0,0,0,0,0,0,0,0.164263345301151,0,0,0,0,0,0,0,0,0,0,0,0,0,0,0,0,0,0,0,0,0,0,0,0,0,0,0.206271192566915,0,0,0,0.171707299622622,0,0.221279766521357,0,0.216543018849606,0,0,0,0,0,0,0,0.15732275481735,0.20500023549046,0.211582482104647,0,0,0
0,0,0,0,0,0,0,0,0,0,0,0,0,0,0,0,0,0,0,0,0,0,0,0,0,0,0,0.261854248356168,0,0,0,0,0,0,0,0,0,0.181448425383192,0,0,0,0,0,0,0,0,0,0,0,0,0,0,0,0,0,0,0,0.180325429196711,0,0,0,0,0,0,0,0,0,0,0,0,0.234687562762465,0,0.223731662372511,0,0,0,0,0,0,0,0.216629167011038,0,0.226539055506388,0.278869529979097,0,0,0
0,0,0,0,0,0,0,0,0,0,0.199084973198244,0,0,0,0,0,0,0,0,0,0,0,0,0,0,0,0,0,0.223812124586392,0,0,0,0,0,0,0,0,0,0.199006792142036,0,0,0,0,0,0,0,0,0,0,0,0,0,0,0,0,0,0.189702490424808,0,0,0,0,0,0,0,0,0,0,0,0,0,0,0.215018196022868,0,0.183889022956089,0,0,0,0,0,0,0,0.174805500838038,0.1896803855896,0.17618990953513,0,0,0
0,0,0,0,0,0,0,0,0,0,0,0,0,0,0,0,0,0,0,0,0,0,0,0,0,0,0,0,0,0,0,0,0.314039255519897,0.20012458866196,0.296027585864067,0.173810239751747,0.434702107248529,0,0,0,0,0,0,0,0,0,0,0.421638617814686,0.408587318658829,0,0,0,0,0,0,0,0,0,0,0,0,0,0,0,0,0,0,0,0,0,0,0,0,0,0.186288303969902,0.19777209113601,0.18687890871213,0,0.197023370640075,0.368034163633218,0,0,0.159793463252161,0,0,0,0
0,0,0,0,0,0,0,0,0,0,0,0,0,0,0,0,0,0,0,0,0,0,0,0,0,0,0,0,0,0,0,0.314039255519897,0,0.301452327858318,0.248381794031177,0.235339858347461,0.260260640063148,0,0,0,0,0,0,0,0,0,0,0.341593369630163,0.386523924375835,0,0,0,0,0,0,0,0,0,0,0,0,0,0,0,0,0,0,0,0,0,0,0,0,0,0.213907540286029,0.240067067018353,0,0.246928510124459,0.2399425941209,0.221057561005669,0,0,0.215810643360019,0,0,0,0
0.293476551771164,0,0,0,0,0,0,0,0,0.188845723867416,0,0,0,0,0,0,0,0,0,0,0,0,0,0,0,0,0,0,0,0,0,0.20012458866196,0.301452327858318,0,0.230990722033581,0.173852159462723,0,0.278594298964966,0.214888587594032,0,0,0.243608373754165,0.283631346291966,0,0,0,0,0.296516315254218,0.316136784128004,0.293103914707899,0,0,0,0,0,0,0,0,0,0,0.270874351263046,0,0,0,0,0,0,0,0,0,0,0,0,0,0.221701053380966,0.172851762601307,0.218667714257994,0.220055275887734,0.17470954441362,0,0.351326411129326,0.234480991438031,0.279365478644571,0.217351242899895,0.287834246050228,0,0
0.196978158527805,0,0,0,0,0,0,0,0,0,0,0,0,0,0,0,0,0,0,0,0,0,0,0,0,0,0,0,0,0,0,0.296027585864067,0.248381794031177,0.230990722033581,0,0,0.184081490294342,0.198417424391478,0.224749799128973,0,0,0,0.204532979641642,0,0,0,0,0.27454667037604,0.28575301644477,0,0,0,0,0,0.220453838507334,0,0,0,0,0,0,0,0,0,0,0,0,0.256801615158717,0,0,0,0,0,0,0,0.219957855946206,0.235144276420275,0.216565326832225,0,0.182184913785945,0.392282995084922,0.223240972953554,0.220683386343509,0,0.21767091242842,0,0
0,0,0,0.192716794855454,0,0.150249193821635,0,0,0,0,0,0.186226250403491,0,0,0,0,0,0,0,0.184442641245333,0,0,0,0,0,0,0,0,0,0,0,0.173810239751747,0.235339858347461,0.173852159462723,0,0,0.206885009587498,0.143691711108539,0,0.157334862943785,0,0.212561141876947,0,0,0,0.134357879559199,0,0.482124205482634,0,0.201978188886005,0,0,0,0,0,0,0,0.182172371026797,0,0,0,0,0.185322258789208,0,0,0,0,0,0,0,0,0,0,0,0.182783628746412,0.225647730191788,0.174252753373787,0,0.195895892712381,0.224905733103387,0.146961687132716,0,0.156226734273567,0.201710862421332,0.177067286961319,0,0
0,0,0.206906518086474,0,0.150624790073683,0,0,0,0,0,0.189414571266709,0,0,0,0,0,0,0,0,0,0.189435366650018,0,0,0,0,0,0,0,0,0,0,0.434702107248529,0.260260640063148,0,0.184081490294342,0.206885009587498,0,0,0.147786260143107,0,0.149581643251272,0.254158586263657,0.209807217121124,0,0,0.151718623936176,0.142475221995954,0.497739990886587,0,0.22810215822288,0.160372880309127,0,0,0,0.194958617289861,0,0.186240572942064,0,0.213886350393295,0,0.19967120885849,0,0,0.19208949331385,0,0,0,0,0,0,0,0,0,0,0.284641521051526,0.215422530770302,0,0.186844690794676,0.211403794999383,0.223128463148464,0,0.130864441170969,0.186695105559839,0.206733506436583,0.163761168804141,0,0
0,0.21762266382575,0,0,0,0.182943165302277,0,0,0,0.223245337232947,0,0.203657841839288,0,0,0,0,0,0,0,0.23313744366169,0,0.213766918903215,0.190528453913602,0.220834464925091,0,0,0,0,0,0.181448425383192,0,0,0,0.278594298964966,0.198417424391478,0.143691711108539,0,0,0.185704820503896,0.191684529185295,0,0.231818300416492,0,0,0,0,0,0.476970670744777,0,0.209997722756363,0,0,0,0,0,0.27617010831212,0,0.17504283158017,0,0,0,0.17964294552803,0.210792605458079,0,0.217307048147877,0.193175872415304,0.24299422955982,0,0,0,0,0,0.209300449539219,0,0,0,0.251310131897337,0,0.155938535860341,0,0.205644753644046,0.203592042279424,0.220941416799612,0.20402972463329,0.270487509575128,0.271195650100708,0
0.167318858738456,0,0,0,0,0,0,0,0.14073089577935,0,0.211720870533464,0,0,0,0,0,0.374584103624026,0,0,0,0.177000973589402,0.153050117759869,0.180785005324089,0,0.154167579417979,0,0,0,0.164263345301151,0,0.199006792142036,0,0,0.214888587594032,0.224749799128973,0,0.147786260143107,0.185704820503896,0,0,0.25614782422781,0,0.214438089210054,0,0,0,0.272831206321716,0.470585173225566,0.24339497988594,0,0,0,0,0,0.187157765708186,0,0.201086102526292,0,0,0,0,0,0,0.223961651841731,0.172313976618979,0.18771746829593,0,0.179870672653551,0,0,0,0,0,0.204089060158073,0,0,0.298774421215057,0.250924751336087,0,0.152759873532827,0.196825103873902,0.206046006325211,0.174622979363878,0.186884179690384,0.25523945937554,0,0
0,0.395190056363742,0,0.218323038101196,0,0.2480600203077,0,0,0,0.28151467608081,0,0,0,0,0,0,0.240473193065687,0.248892627911726,0.290129517857994,0.147149190306664,0,0,0,0,0,0,0,0,0,0,0,0,0,0,0,0.157334862943785,0,0.191684529185295,0,0,0.263113893568516,0.249506222264314,0.217240952393588,0,0,0.245709041451186,0.260383574025972,0.180770302812258,0,0.196008835430718,0,0,0,0,0,0.21149887686426,0.232618678361177,0.230088606476784,0,0,0,0,0.243277870433431,0,0,0,0,0,0,0,0,0,0.244347512722015,0.232137180036969,0,0,0,0,0.197432443688751,0.284568130970001,0,0.272587475677331,0.250890994708733,0.261478235324224,0.239814838510558,0.225419369098302,0
0.30016906435291,0,0.220191426639972,0,0.17744075187615,0,0,0,0.215602777898312,0,0,0,0,0,0,0,0.244705886825719,0.226836573619109,0.276048655102414,0,0.187615089394428,0,0,0,0,0,0,0,0,0,0,0,0,0,0,0,0.149581643251272,0,0.25614782422781,0.263113893568516,0,0.21405844638745,0.236611891957731,0,0.206910878419876,0.192631527781487,0.235783537705793,0.194286693692644,0.200973436127878,0,0.197554000160273,0,0,0,0.213679970375129,0,0.246258317618757,0,0,0,0.210205237070719,0,0,0.208265346449775,0,0,0,0,0,0,0,0,0,0.263650867018369,0,0.218475426236788,0,0,0.295850589871407,0.219446375571272,0,0.284601136800031,0.249831474990791,0.235835521058603,0.231220858211701,0,0
0.220970004796982,0.259203327718731,0,0.242506257361836,0,0.213148262213778,0,0,0,0.210260475227653,0,0,0,0,0,0.190747156739235,0.196146943753487,0.211272005639421,0.230781939597713,0,0,0,0,0,0,0,0,0,0,0,0,0,0,0.243608373754165,0,0.212561141876947,0.254158586263657,0.231818300416492,0,0.249506222264314,0.21405844638745,0,0.179919113059129,0,0,0.245166903444531,0.23554233780929,0.383071255067299,0.248772792518139,0.314773197652916,0,0,0,0,0,0.217920026268947,0.214415528774261,0.289731899579692,0,0,0,0.209161905305726,0.288122749610527,0.196161713451147,0,0,0,0,0,0,0,0,0.278258815407753,0.235957498351733,0,0,0.262520862579346,0,0.252505939341407,0.250147313943931,0.293380202450417,0.242262574641601,0.236645212026891,0.243958202721197,0.278801994734436,0.282712596287201,0
0.232967919324526,0,0.229755951023777,0.222705617547035,0.202231076485352,0.184828400611877,0,0,0.205928951927594,0,0,0,0,0,0.218663364648819,0,0.204030800111515,0.182857189465452,0.178400806656906,0,0.246511869132519,0,0,0,0.144355930387974,0,0,0,0,0,0,0,0,0.283631346291966,0.204532979641642,0,0.209807217121124,0,0.214438089210054,0.217240952393588,0.236611891957731,0.179919113059129,0,0,0.131641181806723,0.166616857051849,0.226826656194662,0.307175074103316,0.282536848709056,0.2590541690588,0.206655675545335,0,0,0,0.201974146068096,0,0.26030261643248,0.219812338550886,0,0,0.223566326034534,0,0.187845662236214,0.264127551908108,0,0,0,0.201498790383339,0,0,0,0,0.203751586377621,0.247800745357392,0,0,0.272474083635542,0.225756344695886,0.26509203016758,0.24864654237609,0,0.259067267124906,0.225865512520391,0.207951394608244,0.291935552523063,0,0
0,0,0,0,0,0,0,0,0,0,0,0,0,0,0,0,0,0,0,0,0,0,0,0,0,0,0,0,0,0,0,0,0,0,0,0,0,0,0,0,0,0,0,0,0,0,0,0,0,0,0,0,0,0,0,0,0,0,0,0,0,0,0,0,0,0,0,0,0,0,0,0,0,0,0,0,0,0,0,0,0,0,0,0,0,0,0
0,0,0,0,0,0,0,0,0,0,0,0,0,0,0,0,0.179823408524195,0,0,0,0,0,0,0,0,0,0,0,0,0,0,0,0,0,0,0,0,0,0,0,0.206910878419876,0,0.131641181806723,0,0,0,0.236984342336655,0,0,0,0,0,0,0,0,0,0,0,0,0,0,0,0,0,0,0,0,0,0,0,0,0,0,0,0,0,0,0,0,0.249487139676747,0,0.203374405701955,0.206103971600533,0,0.211199335753918,0,0
0,0.285075757404168,0,0.221226481543906,0,0.200210658212503,0,0,0,0.199547981222471,0,0.160589262843132,0,0,0,0,0.232353113442659,0.243823241556715,0.279966964208752,0.172303444352643,0,0,0,0,0,0,0,0,0,0,0,0,0,0,0,0.134357879559199,0.151718623936176,0,0,0.245709041451186,0.192631527781487,0.245166903444531,0.166616857051849,0,0,0,0.295234362284342,0,0.190182581543922,0.196370870988259,0,0,0,0,0,0.191461441772325,0.289892852306366,0.234773490258626,0,0,0,0,0.215114858498176,0.213186755776405,0,0,0,0,0,0,0,0,0.250162959098816,0.226635508239269,0,0,0,0,0.262676423459023,0.31329583376646,0.260386928915977,0.279215812683105,0.238464977928599,0.232188954949379,0.241866038118137,0.23099563177675,0
0.281615619596682,0,0.223001085249777,0,0.176637327806516,0,0,0,0.208353025217851,0,0,0,0,0,0,0,0.242678296985706,0.224922894965857,0.292180857558582,0,0.262578922137618,0,0,0,0,0,0,0,0,0,0,0,0,0,0,0,0.142475221995954,0,0.272831206321716,0.260383574025972,0.235783537705793,0.23554233780929,0.226826656194662,0,0.236984342336655,0.295234362284342,0,0,0.242071893811226,0.20418880879879,0.198869562397401,0,0,0,0.205765561053627,0,0.240241992644599,0,0,0,0.201056078076363,0,0,0.220053930337662,0,0,0,0,0,0,0,0,0,0.262255021166511,0,0,0,0,0.304969966411591,0.225076467274489,0,0.291521894962252,0.250956281273535,0.235018089413643,0.215765808072964,0,0
0.221130657099908,0.218638531863689,0,0,0,0,0,0,0.183341771364212,0,0,0,0,0,0,0,0,0,0,0,0,0,0,0,0.27995990216732,0,0,0,0,0,0,0.421638617814686,0.341593369630163,0.296516315254218,0.27454667037604,0.482124205482634,0.497739990886587,0.476970670744777,0.470585173225566,0.180770302812258,0.194286693692644,0.383071255067299,0.307175074103316,0,0,0,0,0,0.34321559056159,0.315304748814654,0,0,0,0,0,0,0.267366218566895,0,0,0,0.244482532143593,0,0,0,0.178251370787621,0,0,0.349051387472586,0,0,0,0,0,0,0.352027636021376,0.345530157870345,0.336800818660445,0.250590571919537,0.253338617610407,0.385598722063792,0.439816550657008,0.324646501934076,0.372430714986594,0.235411727275604,0.490094210187204,0,0
0.144382767476465,0,0.234977641701698,0.214971743524075,0.201792106032372,0.183212414383888,0,0,0.211726781394747,0,0,0,0,0,0,0,0,0,0.21601692289114,0,0,0,0,0,0.223670934637388,0,0,0,0,0,0,0.408587318658829,0.386523924375835,0.316136784128004,0.28575301644477,0,0,0,0.24339497988594,0,0.200973436127878,0.248772792518139,0.282536848709056,0,0,0.190182581543922,0.242071893811226,0.34321559056159,0,0.264552485609254,0,0,0,0,0.170045512525932,0,0.254464617628845,0,0.159209927916527,0,0.147636746539034,0,0,0.231876820325851,0,0.229478179415067,0,0.238984633154339,0,0.190624922513962,0,0,0,0.251295976596219,0,0.317965198406499,0.297076661655965,0.268327507500847,0,0.252081108895503,0.545885324478149,0.283003684800739,0.329008862201525,0.203269218179313,0.234526356776499,0,0
0.269196584820747,0.131807713587564,0,0.198825038307788,0.204884680360556,0.159750323985582,0,0,0,0.12332662459203,0,0,0,0,0,0,0.21391499787569,0.22552002966404,0.198365545935101,0.154251977801323,0,0.20023942142725,0,0.231885007686085,0,0,0,0,0,0,0,0,0,0.293103914707899,0,0.201978188886005,0.22810215822288,0.209997722756363,0,0.196008835430718,0,0.314773197652916,0.2590541690588,0,0,0.196370870988259,0.20418880879879,0.315304748814654,0.264552485609254,0,0.214515767991543,0,0,0,0,0.162253452092409,0.26296974470218,0.251811641454697,0,0,0.223844222724438,0,0.162690937519073,0,0.199674459922053,0,0.223075297560623,0,0,0,0,0,0.217534875740176,0,0,0.328729450702667,0,0.265109226107597,0.175167378911911,0.29122466054456,0.277317210068995,0.246677970513701,0.259351577354742,0.236515387041228,0.232727226643414,0.259097055746959,0
0,0,0.155952782894905,0,0.169175305536815,0,0,0,0,0,0,0,0,0,0,0,0.197015210986137,0,0.196101300418377,0,0.213848080590507,0,0,0,0,0,0,0,0,0,0,0,0,0,0,0,0.160372880309127,0,0,0,0.197554000160273,0,0.206655675545335,0,0,0,0.198869562397401,0,0,0.214515767991543,0,0,0,0,0,0,0.22780866781479,0,0,0,0,0,0,0.282763825176836,0,0,0,0,0,0,0,0,0,0.214671209454536,0,0,0,0,0,0.248280031872647,0,0.206093788146973,0.180544614399734,0.176949148376783,0.197719841139244,0,0
0,0,0,0.184513310375421,0,0.156894158039774,0,0,0,0,0,0.136392742395401,0,0,0,0,0,0,0,0.158805787511404,0,0,0,0,0,0,0,0,0,0,0,0,0,0,0,0,0,0,0,0,0,0,0,0,0,0,0,0,0,0,0,0,0,0,0,0,0,0.200014582570688,0,0,0,0,0.161866654924273,0,0,0,0,0,0,0,0,0,0,0,0,0,0,0,0,0,0,0,0.151866516000346,0.151643097400665,0.196082547170307,0,0
0,0,0,0,0.191025355830789,0,0.173102095723152,0,0,0,0,0,0,0,0,0,0,0,0,0,0.107205775255958,0,0,0,0,0,0,0,0,0,0,0,0,0,0,0,0,0,0,0,0,0,0,0,0,0,0,0,0,0,0,0,0,0,0,0,0,0,0,0,0,0,0,0,0,0,0,0,0,0,0,0,0,0,0,0,0,0,0,0,0,0,0.161414311326653,0,0,0,0
0,0,0,0,0,0,0,0,0,0,0,0,0,0,0,0,0,0,0,0.134865656495094,0,0,0,0,0,0,0,0,0,0,0,0,0,0,0,0,0,0,0,0,0,0,0,0,0,0,0,0,0,0,0,0,0,0,0,0,0,0,0,0,0,0,0.160867378115654,0,0,0,0,0,0,0,0,0,0,0,0,0,0,0,0,0,0,0,0.16542725952772,0,0.163338646292686,0,0
0.254133830750638,0,0.148134460378634,0,0.0967497669837692,0,0,0,0.201729095643523,0,0,0,0,0,0.222741338610649,0,0.198799227674802,0,0.226995382457972,0,0,0,0,0,0.177010543644428,0,0,0,0,0,0,0,0,0,0.220453838507334,0,0.194958617289861,0,0.187157765708186,0,0.213679970375129,0,0.201974146068096,0,0,0,0.205765561053627,0,0.170045512525932,0,0,0,0,0,0,0,0.231343679130077,0,0,0,0.206113716369628,0,0,0.193745285272598,0,0,0,0.208217477830856,0,0.212430322766304,0,0,0,0.253946370134751,0,0,0,0.232836956779162,0,0.229845899343491,0,0.229766239607057,0.17493560234126,0.151365010718989,0.24281707161137,0,0
0,0.183076780262351,0,0.151785941295374,0,0.151256158947945,0,0,0,0.224897426660033,0,0,0,0,0,0.204154074355796,0.206115439534187,0.189003244042397,0.204777091741562,0,0,0,0,0.268124803462449,0,0,0,0,0,0,0,0,0,0,0,0,0,0.27617010831212,0,0.21149887686426,0,0.217920026268947,0,0,0,0.191461441772325,0,0,0,0.162253452092409,0,0,0,0,0,0,0,0.219556320458651,0,0,0,0.201684837463326,0,0,0.246653117279749,0,0.284616450735131,0,0,0,0,0,0,0,0,0,0,0,0.227450472967965,0,0.285242501956721,0,0.184095673386223,0.194753179326653,0.234580158358213,0.200238002198083,0
0.318702771766296,0,0.258392249363841,0,0.223356679081917,0,0.151413321495056,0,0.313183886519933,0,0.162888619186063,0,0,0,0,0,0.295188202452906,0.218806408571474,0.262287682497006,0,0.175548229697998,0,0,0,0,0,0,0,0,0,0.189702490424808,0,0,0,0,0,0.186240572942064,0,0.201086102526292,0.232618678361177,0.246258317618757,0.214415528774261,0.26030261643248,0,0,0.289892852306366,0.240241992644599,0.267366218566895,0.254464617628845,0.26296974470218,0.22780866781479,0,0,0,0.231343679130077,0,0,0,0.230940204961547,0,0.194620096683502,0,0,0.259917513863316,0,0,0,0,0,0,0,0,0,0.313647319363044,0,0,0.282255709171295,0,0.326130926609039,0.262484616627459,0,0.190590406067532,0.236471165928735,0.202917113900185,0.280070877745506,0,0
0,0.28032036870718,0.2346271276474,0.212812122101932,0,0.215934532530168,0,0,0,0.260008879005909,0,0.18048500347237,0,0.204631613872268,0,0,0.235359196861585,0.251335611566901,0.294068705609867,0.14123733698026,0,0,0,0,0,0,0,0.219588978879753,0,0.180325429196711,0,0,0,0,0,0.182172371026797,0,0.17504283158017,0,0.230088606476784,0,0.289731899579692,0.219812338550886,0,0,0.234773490258626,0,0,0,0.251811641454697,0,0.200014582570688,0,0,0,0.219556320458651,0,0,0,0.20123133050806,0,0,0.238036956967594,0,0,0,0,0,0,0,0.215767494587781,0,0.273854166269302,0,0,0,0,0,0.222933129153468,0.251618504524231,0.192766993850857,0,0.207368332763081,0.196977209299803,0.248472780657123,0.29251713873375,0
0,0,0.190833946629878,0,0,0,0,0,0,0,0.238942534591303,0,0.212409089878201,0,0,0,0,0,0,0,0.267920265595118,0,0,0,0,0,0,0,0,0,0,0,0,0,0,0,0.213886350393295,0,0,0,0,0,0,0,0,0,0,0,0.159209927916527,0,0,0,0,0,0,0,0.230940204961547,0,0,0,0,0,0,0.299682190020879,0,0,0,0,0,0,0,0,0,0,0,0,0,0,0,0.29065255522728,0,0,0.218899628833721,0.198423762379561,0.220567162196199,0,0
0,0,0,0.183428400582602,0,0,0,0.170339956879616,0,0,0,0.20285083428541,0,0.190148825078763,0,0.166286148345814,0,0,0,0,0,0,0,0,0,0,0,0.203068775315267,0,0,0,0,0,0,0,0,0,0,0,0,0,0,0,0,0,0,0,0,0,0,0,0,0,0,0,0,0,0.20123133050806,0,0,0,0.167757563546401,0,0,0,0,0,0,0,0,0,0,0,0,0,0,0,0,0,0,0,0,0.206662625535207,0.208065959555245,0.187599008902907,0,0
0.182588755450992,0,0.155469608552094,0,0,0,0,0,0.20731712111405,0,0,0,0.179314538836479,0,0.19098339911471,0,0,0,0,0,0,0,0,0,0,0,0,0,0,0,0,0,0,0.270874351263046,0,0,0.19967120885849,0,0,0,0.210205237070719,0,0.223566326034534,0,0,0,0.201056078076363,0.244482532143593,0.147636746539034,0.223844222724438,0,0,0,0,0.206113716369628,0,0.194620096683502,0,0,0,0,0,0,0.187129661440849,0,0,0,0.203523510978335,0,0.191340640406398,0,0,0,0.232887598375479,0,0,0,0,0,0.226228907704353,0,0,0.187960328032004,0.175416149199009,0.196292963720137,0,0
0,0.185780135230121,0,0,0,0,0,0,0,0.191560820365945,0,0,0,0.165511398480813,0,0.165755855850875,0,0,0,0,0,0,0,0,0,0,0,0,0,0,0,0,0,0,0,0,0,0.17964294552803,0,0,0,0.209161905305726,0,0,0,0,0,0,0,0,0,0,0,0,0,0.201684837463326,0,0,0,0.167757563546401,0,0,0,0,0.229746475815773,0,0,0,0,0,0,0,0,0,0,0,0,0,0,0,0,0,0.172344442228882,0.147596366463169,0.184110165938087,0,0
0,0,0,0.214066162705421,0,0.152764912490567,0,0.14383400645521,0,0,0,0.139535537959573,0,0,0,0,0,0.243876511851947,0.264094596107801,0.171618387531067,0,0,0,0,0,0,0,0,0,0,0,0,0,0,0,0.185322258789208,0,0.210792605458079,0,0.243277870433431,0,0.288122749610527,0.187845662236214,0,0,0.215114858498176,0,0,0,0.162690937519073,0,0.161866654924273,0,0.160867378115654,0,0,0,0.238036956967594,0,0,0,0,0,0,0,0,0,0,0,0,0,0,0.279251044558496,0,0,0,0,0,0.218796183732761,0,0.201413548289669,0,0.142511614412823,0,0.272925157377432,0.267796823754907,0
0.28596796308245,0,0.209487025820932,0,0.246510667666312,0,0,0,0.274239469319582,0,0.18790047356656,0,0,0,0,0,0.250665372923801,0.206842061877251,0.255204847820525,0,0.229259523032101,0,0,0,0,0,0,0,0,0,0,0,0,0,0,0,0.19208949331385,0,0.223961651841731,0,0.208265346449775,0.196161713451147,0.264127551908108,0,0,0.213186755776405,0.220053930337662,0,0.231876820325851,0,0.282763825176836,0,0,0,0.193745285272598,0,0.259917513863316,0,0.299682190020879,0,0.187129661440849,0,0,0,0,0,0,0,0,0,0,0,0,0.322001519886886,0,0,0,0,0,0.249128209442931,0,0.295887617378317,0.206436893148791,0.235741828878721,0.296233748407203,0,0
0,0.249272721734914,0,0,0,0,0,0,0,0.218920918181539,0,0,0,0,0,0,0,0,0,0,0,0.225661376540132,0.145491796472674,0.255948528647423,0,0.153037031943148,0,0.26113565757795,0,0,0,0,0,0,0,0,0,0.217307048147877,0.172313976618979,0,0,0,0,0,0,0,0,0.178251370787621,0,0.199674459922053,0,0,0,0,0,0.246653117279749,0,0,0,0,0,0.229746475815773,0,0,0,0.163223247120126,0.222929734325754,0,0.215626070048751,0,0.248724381976268,0,0,0,0,0,0.179527282714844,0,0,0,0.233101789888583,0.147392839193344,0.17101746094968,0.170874545446464,0.250738359159893,0,0
0,0,0,0,0,0,0,0,0,0,0,0,0,0,0,0,0,0,0,0,0,0.182638772200674,0.201142559633834,0,0.230023710806175,0,0.194285454118953,0,0.206271192566915,0,0,0,0,0,0,0,0,0.193175872415304,0.18771746829593,0,0,0,0,0,0,0,0,0,0.229478179415067,0,0,0,0,0,0,0,0,0,0,0,0,0,0,0,0.163223247120126,0,0,0.238397288132352,0,0.185457861423492,0,0.219423858448863,0,0,0,0,0,0,0,0,0.187467036147912,0.190420736869176,0.188581591988386,0.223827444556029,0,0,0
0,0.283835858106613,0,0,0,0,0,0,0,0.18679307906524,0,0,0,0,0,0,0,0,0.166267022490501,0,0,0.201899892091751,0,0.210408789412916,0,0.210327628134477,0,0,0,0,0,0,0,0,0,0,0,0.24299422955982,0,0,0,0,0,0,0,0,0,0,0,0.223075297560623,0,0,0,0,0,0.284616450735131,0,0,0,0,0,0,0,0,0.222929734325754,0,0,0,0.207578978278268,0,0,0,0,0,0,0,0.196254104375839,0,0,0,0.265297900885344,0,0.159642401491142,0.159950405359268,0.294862958977665,0,0
0.246937931792156,0,0,0,0,0,0,0,0.168858187668251,0,0,0,0,0,0.254911385476589,0,0,0,0,0,0,0,0.203643098749496,0,0.190298865553196,0,0.181824900332044,0,0,0,0,0,0,0,0.256801615158717,0,0,0,0.179870672653551,0,0,0,0.201498790383339,0,0,0,0,0.349051387472586,0.238984633154339,0,0,0,0,0,0.208217477830856,0,0,0,0,0,0.203523510978335,0,0,0,0,0.238397288132352,0,0,0,0.190583508902867,0,0,0,0,0,0,0,0.27649268694222,0,0,0.492402404546738,0.268881999450616,0.1725346851174,0.164661404987176,0.324741914625401,0,0
0,0,0,0,0,0,0,0,0,0,0,0,0,0,0,0,0,0,0,0,0,0,0,0.223996330437989,0,0,0,0,0,0,0,0,0,0,0,0,0,0,0,0,0,0,0,0,0,0,0,0,0,0,0,0,0,0,0,0,0,0,0,0,0,0,0,0,0.215626070048751,0,0.207578978278268,0,0,0,0.174361142900682,0,0,0,0,0,0,0,0,0,0,0,0,0,0,0,0
0,0,0,0,0,0,0,0,0.218920036088385,0,0,0,0,0,0,0,0,0,0,0,0,0,0.178172711723594,0,0.20218287384423,0,0.180613562231883,0,0.171707299622622,0,0,0,0,0,0,0,0,0,0,0,0,0,0,0,0,0,0,0,0.190624922513962,0,0,0,0,0,0.212430322766304,0,0,0,0,0,0.191340640406398,0,0,0,0,0.185457861423492,0,0.190583508902867,0,0,0,0.163722846657038,0,0,0,0,0,0,0,0,0,0,0.179169002852657,0,0.194653603163632,0,0
0,0,0,0,0,0,0,0,0,0,0,0.227160430412336,0,0.22361750729186,0,0,0,0,0,0,0,0.252081438980915,0,0,0,0,0,0.250287282518065,0,0.234687562762465,0,0,0,0,0,0,0,0,0,0,0,0,0,0,0,0,0,0,0,0,0,0,0,0,0,0,0,0.215767494587781,0,0,0,0,0,0,0.248724381976268,0,0,0,0.174361142900682,0,0,0,0.231387364166475,0,0,0,0,0,0,0,0.158831449846427,0,0.239923808759229,0.230366266223461,0,0,0
0,0,0,0,0,0,0,0,0,0,0.216614009629677,0,0,0,0,0,0,0,0,0,0,0,0.204745712280273,0,0,0,0.232707235784758,0,0.221279766521357,0,0.215018196022868,0,0,0,0,0,0,0,0,0,0,0,0,0,0,0,0,0,0,0,0,0,0,0,0,0,0,0,0,0,0,0,0,0,0,0.219423858448863,0,0,0,0.163722846657038,0,0,0,0.235188822104381,0,0,0,0,0,0,0,0,0.221168340043684,0.216953671960668,0.260063062111537,0,0
0,0.255420029163361,0,0,0,0,0,0,0,0,0,0.164409078657627,0,0,0,0,0,0.263868495821953,0.310832639535268,0,0,0,0,0,0,0,0,0.241789211603026,0,0.223731662372511,0,0,0,0,0,0,0,0.209300449539219,0,0.244347512722015,0,0.278258815407753,0.203751586377621,0,0,0.250162959098816,0,0,0,0.217534875740176,0,0,0,0,0,0,0,0.273854166269302,0,0,0,0,0.279251044558496,0,0,0,0,0,0,0,0.231387364166475,0,0,0.234477862715721,0,0,0,0,0,0,0.230148577877364,0.258441358804703,0.19837399460881,0.193823993206024,0.294312680975117,0.308947205543518,0
0.330494423481551,0,0.276292982029504,0,0.245358344912529,0,0,0,0.339467004589413,0,0.218212775886059,0,0,0,0,0,0.300055935484017,0.227869585670274,0.264495571948471,0,0.353515028953552,0,0,0,0,0,0,0,0.216543018849606,0,0.183889022956089,0,0,0,0,0,0,0,0.204089060158073,0.232137180036969,0.263650867018369,0.235957498351733,0.247800745357392,0,0,0.226635508239269,0.262255021166511,0,0.251295976596219,0,0.214671209454536,0,0,0,0.253946370134751,0,0.313647319363044,0,0,0,0.232887598375479,0,0,0.322001519886886,0,0,0,0,0,0,0,0.235188822104381,0.234477862715721,0,0,0,0,0,0.281398415565491,0.251577380008267,0,0.203548164791371,0.267235401145545,0.178487955896478,0.256970894716044,0,0
0,0,0,0,0,0,0,0,0,0,0,0,0,0,0,0,0,0,0,0,0,0,0,0,0,0,0,0,0,0,0,0.186288303969902,0.213907540286029,0.221701053380966,0,0.182783628746412,0.284641521051526,0,0,0,0,0,0,0,0,0,0,0.352027636021376,0,0,0,0,0,0,0,0,0,0,0,0,0,0,0,0,0,0,0,0,0,0,0,0,0,0,0,0.169151516936042,0.278730927352124,0,0.196654506027699,0.238071085810661,0,0,0.171542675533602,0,0,0,0
0,0,0,0,0,0,0,0,0,0,0,0,0,0,0,0,0,0,0,0,0,0,0,0,0,0,0,0,0,0,0,0.19777209113601,0.240067067018353,0.172851762601307,0.219957855946206,0.225647730191788,0.215422530770302,0,0,0,0.218475426236788,0,0,0,0,0,0,0.345530157870345,0.317965198406499,0.328729450702667,0,0,0,0,0,0,0,0,0,0,0,0,0,0,0,0,0,0,0,0,0,0,0,0,0.169151516936042,0,0,0.292173554324324,0.246752992893259,0.250562995099104,0,0,0.164623744364666,0,0,0,0
0.221853906909625,0,0,0,0,0,0,0,0,0.209588900208473,0,0,0,0,0,0,0,0,0,0,0,0,0,0,0,0,0,0,0,0,0,0.18687890871213,0,0.218667714257994,0.235144276420275,0.174252753373787,0,0.251310131897337,0.298774421215057,0,0,0.262520862579346,0.272474083635542,0,0,0,0,0.336800818660445,0.297076661655965,0,0,0,0,0,0,0,0.282255709171295,0,0,0,0,0,0,0,0.179527282714844,0,0.196254104375839,0,0,0,0,0,0,0,0.278730927352124,0,0,0.234033884572201,0.181221352760182,0,0.291039078385997,0.286325297421879,0.249054034791028,0.216207504272461,0.287032031143705,0,0
0.212627957180395,0,0,0,0.232274889945984,0,0,0,0.224204291899999,0,0,0,0,0,0,0,0,0,0.220128305256367,0,0,0,0,0,0.29942199587822,0,0,0,0,0,0,0,0.246928510124459,0.220055275887734,0.216565326832225,0,0.186844690794676,0,0.250924751336087,0,0,0,0.225756344695886,0,0,0,0,0.250590571919537,0.268327507500847,0.265109226107597,0,0,0,0,0.232836956779162,0,0,0,0,0,0,0,0,0,0,0,0,0.27649268694222,0,0,0,0,0,0,0,0.292173554324324,0.234033884572201,0,0,0.197260030497288,0.343201488256454,0.274709563259877,0.232984090542925,0,0.250113160085322,0,0
0,0.385764404684305,0,0.214888778282329,0,0.219677843153477,0,0,0,0.325409588905481,0,0.218777198264355,0,0,0,0,0.267127834716622,0.281492052748561,0.350682552498968,0.174276621444876,0,0,0,0,0,0,0,0,0,0,0,0.197023370640075,0.2399425941209,0.17470954441362,0,0.195895892712381,0.211403794999383,0.155938535860341,0,0.197432443688751,0.295850589871407,0.252505939341407,0.26509203016758,0,0,0.262676423459023,0.304969966411591,0.253338617610407,0,0.175167378911911,0,0,0,0,0,0.227450472967965,0.326130926609039,0.222933129153468,0,0,0,0,0.218796183732761,0,0,0,0,0,0,0,0,0,0,0.281398415565491,0.196654506027699,0.246752992893259,0.181221352760182,0,0,0.211051347672939,0.192192998528481,0.288253660712923,0.203101524164925,0.207880351915658,0.235865443135085,0.261618822813034,0
