0,0,168.317270874977,0,1.65044996142387,0,0,0,363.285195708275,0,0,0,0,0,0,0,0,0,27.5028327703476,0,0,0,0.805942431092262,0,0,0,0,0,0,0,0,0,0,0,0,0,0,0,0.498212084174156,0,0,0,3.95573747158051,0,0,0,0,0,159.286394149065,0,11.8126836717129,0,0,0,200.230366975069,0,0,0,0,0,2.87355935573578,0,0,0,0,0.215745747089386,0,0,0,16.5697544515133,0,10.7695109248161,0,11.2530607581139,0,0,0,0,0,0,0,0,641.505861222744,0,88.9748246967793,0,0
0,0,0,87.5390947908163,0,0,0,0,0,358.988945230842,0,0,0,0,0,52.5702522099018,0,0,0,0,0,0,0,0,0,0,0,0,0,0,0,0,0,0,0,0,0,0.235798746347427,0,0,0,8.34917238354683,0,0,0,0,0,0,0,462.091295018792,0,0,0,0,0,99.3874493837357,0,0.801653206348419,0,0,0,101.266490578651,0,0,0,0,0,0,0,0,0,0,0,0,0,0,0,0,0,0,0,0,251.527295455337,0,112.611478552222,0,0
168.317270874977,0,0,0,25.4032916128635,0,0,0,32.699550151825,0,0,0,0,0,0,0,0,0.857645452022552,0,0,13.3838231563568,0,0,0,0,0,0,0,0,0,0,0,0,0,0.579566359519958,0.615837335586548,4.76010420918465,0,0,0,11.272930264473,0,18.2863418608904,0,0.742575153708458,0,327.732732400298,13.5736938565969,233.244909085333,0.380760818719864,151.923428341746,0,0,0,109.168912053108,0,2.87711122632027,0,8.21644061803818,0,30.4746203124523,0,0,73.1172139644623,0,0,0,0,0,0,0,0,0,13.4985688179731,0,0,0,6.49005635082722,0.563694715499878,3.49702900648117,0,6.84747219085693,63.483936265111,0,1027.70285184681,0,4.09736296534538
0,87.5390947908163,0,0,0,109.835027486086,0,0,0,110.101144447923,0,0,0,0,0,0,0,0,0.409857004880905,24.7796842455864,0,0,0,1.29922914505005,0,0,0,0,0,0,0,2.18514108657837,0,2.88328051567078,0,0.46798574924469,0,0,0,3.51453791558743,0,53.3298423886299,0,0,0,618.04924339056,0,15.1451966315508,0,271.289978943765,0,9.0164766907692,0,0,0,32.0419707298279,0,7.9119216799736,0,0,0,7.880859375,287.580899342895,0,0,0,0,0,0,0,1.00884327292442,0,71.0524741709232,0,0.289718568325043,0,4.82730661332607,0.955156087875366,5.93283326923847,0,18.0308090895414,0,154.770250715315,2.16304415464401,1348.96409809589,0,0
1.65044996142387,0,25.4032916128635,0,0,0,0,0,32.1803359389305,0,0,0,0,0,84.3749285936356,0,0,0,0,0,17.9456751942635,0,0,0,0,0,0,0,0,0,0,0,0,0,0,0,9.71912920475006,0,0.644484460353851,0,0.324896454811096,0,0.738799922168255,0,0,0,63.5824627578259,2.53769762814045,1.51546388864517,0,995.509051829576,0,86.1776010394096,0,9.63420861959457,0,2.05463637411594,0,26.4567902684212,0,77.5013710409403,0,0,130.17290365696,0,0,0,0,0,0,0,0,0,2.23514273762703,0,0,0,0.521651923656464,0,1.46354806423187,0,0.553614437580109,760.136115476489,3.63821876049042,92.2928905338049,0,0
0,0,0,109.835027486086,0,0,0,119.324840188026,0,101.345678210258,0,0,0,13.1496117115021,0,0,0,0,0,65.1220865547657,0,0,0,0,0,0,0,0,0,0,0,0,0,0,0,0,0,0,0,0,0,0,0,0,0,0,0,0,0,0.600012600421906,0,666.409607589245,0,7.95884716510773,0,52.6862444877625,0,8.10004943609238,0,44.0206243991852,0,26.3826224803925,3.76685041189194,0,0,0,0,0,0,0,0,0,0.268921881914139,0,0,0,0,0,0,0,0,0,274.25073069334,64.5321989059448,98.8992494046688,0,0
0,0,0,0,0,0,0,0,0,0,0,0,156.309914827347,0,0,0,0,0,0,0,33.4101130366325,0,0,0,0,0,0,0,0,0,0,0,0,0,0,0,0,0,0,0,0,0,0,0,0,0,0,0,0,0,109.816322505474,0,493.331085503101,0,0,0,0,0,261.378395140171,0,0,0,0,0,0,0,0,0,0,0,0,0,0,0,0,0,0,0,0,0,0,0,75.2255411148071,2.25562119483948,0,0,0
0,0,0,0,0,119.324840188026,0,0,0,0,0,102.305608868599,0,40.3896238803864,0,0,0,0,0,0,0,0,0,0,0,0,0,0,0,0,0,0,0,0,0,0,0,0,0,0,0,0,0,0,0,0,0,0,0,0,0,7.03489375114441,0,184.800584733486,0,0,0,0,0,26.6334102153778,0,0,0,0,0,0,0,0,0,0,0,0,0,0,0,0,0,0,0,0,0,0,340.550431966782,19.2482891082764,1,0,0
363.285195708275,0,32.699550151825,0,32.1803359389305,0,0,0,0,0,0,0,0,0,170.475767314434,0,659.942363023758,46.451169103384,24.9514408409595,0,0,0,56.5878445357084,7.2064870595932,116.990323126316,0.285695046186447,253.519299149513,0,0.40748006105423,0,0,0,0,0,0,0,0,0,34.3789836764336,0,0,0.555102646350861,30.7626097202301,0,0,0,0.615317761898041,0,53.341632604599,0,2.23510736227036,0,0,0,673.108606427908,0,0,0,0,0,145.931845754385,0,0,0,0,30.2877842485905,1.22706639766693,10.879645884037,0,272.354515492916,0,0,0,0,0,0,0,0,0,1.05676245689392,0.303479701280594,0,494.96023157239,5.24532389640808,192.637612372637,0,0
0,358.988945230842,0,110.101144447923,0,101.345678210258,0,0,0,0,0,0,0,0,0,21.2901867628098,30.6039001941681,204.517421469092,29.3025682270527,0,0,70.9410996288061,17.6897410899401,156.246974468231,7.11100870370865,8.33295142650604,7.3250495493412,1.79524505138397,0,0,0,0,0,0,0,0,0,43.2965307831764,0,0,0,26.8866269886494,0,0,1.3854808807373,0,0,0,0,79.2302233725786,0,0,0,0,0,530.252127438784,0,0,0,0,0,24.4898496866226,0,0,29.5102772563696,3.13872927427292,72.9668590128422,1.52050399780273,2.65021178126335,0,0,0,0,0,0,0,2.08554315567017,0,1.93141208589077,0,43.4179941564798,0,521.648653432727,37.6030801832676,124.621667295694,0,0
0,0,0,0,0,0,0,0,0,0,0,0,30.4272929430008,0,0,0,0,0,0.146709963679314,0,359.181392520666,0,0,0,0,0,0,0,63.3238816261292,0,21.2211315631866,0,0,0,0,0,1,0,236.434472769499,0,1.63530264049768,0,0.254328891634941,0,0,0,43.5954743549228,0.180264115333557,0,0,0,0,0,0,0,0,967.69930152595,0,12.4277773201466,0,0,0,0,97.6517080813646,0,0,0,0,0,0,0,0,0,11.0275142192841,0,0,0,0.143901526927948,0,3.74042224884033,0,77.6750863492489,163.941953659058,2.61130547523499,7.37626294791698,0,1.10333824157715
0,0,0,0,0,0,0,102.305608868599,0,0,0,0,0,79.8831744790077,0,0,0,0,0,170.688910737634,0,0,0,0,0,0,0,9.11648644506931,0,68.1689518094063,0,0,0,0,0,425.458010554314,0,122.554399847984,0,0,0,0,0,0,0,0,0,0,0,1.28621293604374,0,0,0,13.2996347546577,0,0,0,787.937938943505,0,6.52876460552216,0,0,86.1276800483465,0,6.67762809991837,0,0,0,0,0,46.2139400839806,0,54.2739784270525,0,0,0,0,0,70.5477159023285,0,194.590154975653,0,143.463696539402,0,8.38600254058838,0,0
0,0,0,0,0,0,156.309914827347,0,0,0,30.4272929430008,0,0,0,0,0,0.972233831882477,0,0,0,0,0,0,0,0,0,0,0,100.556324958801,0,0,0,0,0,0,0,0,0,0,0,0,0,0,0,0,0,0,0,0,0,1.20482623577118,0,0,0,0,0,68.3686167299747,0,527.064314097166,0,0,0,0,0,0,0,0,0,0,0,0,0,0,0,0,0,0,0,0,0,0,0,9.48759508132935,0,0,0,0
0,0,0,0,0,13.1496117115021,0,40.3896238803864,0,0,0,79.8831744790077,0,0,0,140.033767938614,0,0,0,0,0,0,0,0,0,0,0,0.840207993984222,0,0,0,0,0,0,0,0,0,0,0,0,0,0,0,0,0,0,0,0,0,1.24805501103401,0,5.56282258033752,0,29.0468542575836,0,0,0,185.542887598276,0,363.46925753355,0,0,1.90374726057053,0,5.38339813053608,0,0,0,16.7462743520737,0,38.0633286088705,0,0,0,0,0,0,0,0,0,0,0,91.6981339454651,1,0,0,0
0,0,0,0,84.3749285936356,0,0,0,170.475767314434,0,0,0,0,0,0,0,385.552632391453,5.95693264901638,3.48941206932068,0,0,0,16.8353291153908,0,3.10381484031677,0,177.507514864206,0,0,0,0,0,0,0,0,0,0,0,0,0,0,0.41114816069603,1.39339959621429,0,0,0,0,0,11.2644896507263,0,0,0,0,0,0.754738092422485,0,0,0,106.801285862923,0,266.221370458603,0,0,0,0,12.0960442125797,0,4.80313670635223,0,150.461289614439,0,1.30265736579895,0,0,0,0,0,0,0,0,0,0,85.0699726641178,1.01071882247925,0,0,0
0,52.5702522099018,0,0,0,0,0,0,0,21.2901867628098,0,0,0,140.033767938614,0,0,2.92547631263733,107.243102803826,1.2588472366333,0,0,27.8755279034376,2.54598462581635,9.60092437267303,0,0.425183713436127,0,0,0,0,0,0,0,0,0,0,0,0,0,0,0,0,0,0,0,0,0,0,0,166.734869658947,0,0,0,0,0,21.6870749592781,0,0,0,14.8208989500999,0,101.733321875334,0,0,11.1676581501961,0,5.68170017004013,0,0.6177998483181,0,0,0,0,0,0,0,0,0,0,0,0,0,44.7658885270357,7.28872856497765,0,0,0
0,0,0,0,0,0,0,0,659.942363023758,30.6039001941681,0,0,0.972233831882477,0,385.552632391453,2.92547631263733,0,10469.9405369461,5342.4254110828,0,0,205.727374613285,2158.58893056214,127.282373011112,378.476105093956,22.0003757178783,5451.95606648922,0,250.143580406904,0,0,0,0,0.242402911186218,0.200429320335388,26.8741657137871,3.06457126140594,0.918773218989372,0.4785987585783,29.3418844267726,100.19381827116,116.312494374812,477.451513163745,12.020391985774,135.678998887539,47.0855948328972,15.6951095163822,2.61402785778046,7.9349168613553,5.90045095980167,0,0,0,0,19.3364026844501,5.31303203105927,0,0,0,0,418.607271969318,0,5.22576338797808,0.483981795608997,54.3036131113768,610.443538948894,59.2115278542042,53.3724342286587,6.02348265051842,2344.32243967056,0,39.6356862783432,3.59306413680315,1.63245221972466,0,0,0.123183280229568,0.876593694090843,141.147419452667,86.6896174177527,31.2335271537304,7.17871434986591,5463.24621196091,504.990517228842,147.102553226054,24.6565985381603,13.1516420394182
0,0,0.857645452022552,0,0,0,0,0,46.451169103384,204.517421469092,0,0,0,0,5.95693264901638,107.243102803826,10469.9405369461,0,4065.4169241786,0,0,4119.56026488543,772.461925134063,987.322223961353,283.960651919246,1171.77982498705,245.235024482012,216.015589982271,4.22521317005157,0,0,0,0,0,0,52.6768613159657,2.52397403120995,4.19843645393848,2.58127284049988,56.396293990314,32.5725597143173,180.070574834943,158.553336083889,5.08221288025379,57.1235265880823,63.9643298909068,3.84122955799103,3.74584245681763,1.67604497075081,3.97751818597317,0,0,0,0,2.84161710739136,51.3445764780045,0,0,0,0,6.93527075648308,4.30045682191849,11.9611380398273,0,1042.16350103915,255.206669256091,514.733368098736,28.5392915010452,472.139048084617,244.844167411327,1.59578943252563,0,7.98775345087051,1.75585722923279,0,0,0,1.21506333351135,366.164534516633,35.1656206101179,117.937352836132,2.04568088054657,9388.46200112998,1194.40383583307,95.5257130265236,54.3536465540528,1.53171157836914
27.5028327703476,0,0,0.409857004880905,0,0,0,0,24.9514408409595,29.3025682270527,0.146709963679314,0,0,0,3.48941206932068,1.2588472366333,5342.4254110828,4065.4169241786,0,0.790608555078506,0,42.5105382353067,168.847133591771,64.1482735872269,143.461167931557,9.68158128857613,137.960318431258,0,2.61556088924408,0,0,0,0.214990720152855,0.341014519333839,0.273939043283463,247.392268516123,37.8840029835701,22.5778113752604,0.879670843482018,307.734489649534,344.328843913972,1044.89202102274,1701.57015569508,181.726098582149,776.339975729585,482.186106517911,62.7313986122608,10.1521780788898,8.27981914579868,41.7786050513387,0,0,0,0,0,0,1.33417427539825,0.816829204559326,0,0,0,0,82.2223769724369,1.71070128679276,16.5777797847986,59.6002765893936,18.8729081749916,38.040282189846,17.1201433539391,103.735123723745,0,0,22.2868650406599,5.68915337324142,0,0,0.976060643792152,2.01577787101269,1853.65625798702,524.507710158825,370.90278878063,14.2223391085863,3673.68356795609,60.7250966727734,1239.93097279221,199.881424948573,66.0778950452805
0,0,0,24.7796842455864,0,65.1220865547657,0,0,0,0,0,170.688910737634,0,0,0,0,0,0,0.790608555078506,0,0,0,0,0,0,0,0,0,0,0,0,0,0,0,0,850.857533670962,0,69.0866375565529,0,0,0,0.210162997245789,0,0,0,9.98046787083149,0,0,0,0,0,0,0,0,0,0,0,103.021041050553,0,0,0,0,932.101287737489,0,0,0,0,0,0,0,0,0,13.0110830813646,0,0,0,0,0,954.807369343936,0,672.639674350619,0,15.7693370878696,0,67.5421794652939,0,0
0,0,13.3838231563568,0,17.9456751942635,0,33.4101130366325,0,0,0,359.181392520666,0,0,0,0,0,0,0,0,0,0,0,0,0,0,0,0,0,0,0,0,0,0.722135365009308,0,0,0,343.889927297831,0,263.924539744854,0,1.80664275586605,0,0.363757759332657,0,0,0,96.7882160320878,0,0,0,0.893370807170868,0,0,0,0,0,113.240646779537,0,0,0,0,0,0,776.394363611937,0,0,0,0,0,0,0,0,0,28.7243132293224,0,0,0,0,0,518.549607083201,0,57.5173727571964,257.700929701328,6.90790444612503,61.6978050246835,0,0
0,0,0,0,0,0,0,0,0,70.9410996288061,0,0,0,0,0,27.8755279034376,205.727374613285,4119.56026488543,42.5105382353067,0,0,0,184.281599134207,373.868039831519,20.8578211665154,803.29690413177,16.0531963407993,48.3300021737814,0,0,0,0,0,0,0,0.155649930238724,0,741.292329058051,0,0,0.301441729068756,2.91271325200796,1.65429770946503,0,0.274345755577087,0.14114536345005,0,0,0,18.8849824815989,0,0,0,0,0,3.59486609697342,0,0,0,0,0,3.10719355940819,0,0,4889.31684231758,20.0978361368179,161.017988175154,3.6324155330658,368.13765886426,22.0840846896172,16.6482974886894,0,2.91956269741058,0,0,0,0,0,2.63061262667179,0,328.173199266195,0,2595.71368224919,535.731389731169,1.6835869550705,0.208431974053383,0
0.805942431092262,0,0,0,0,0,0,0,56.5878445357084,17.6897410899401,0,0,0,0,16.8353291153908,2.54598462581635,2158.58893056214,772.461925134063,168.847133591771,0,0,184.281599134207,0,78.4142021238804,651.28267031908,14.0122547447681,1781.9231748879,0,146.302802711725,0,0,0,0,0,0,0.466074153780937,0.33473140001297,55.217260658741,545.17889200151,2.94397769868374,2.99585029482841,6.66828536987305,12.9501458853483,0,3.54035139083862,1.00930432975292,3.17021112143993,0.501731276512146,154.467847704887,0.166444301605225,0,0,0,0,1.167839884758,0,6.29778838157654,0,0,0,8.23641583323479,0,0,0,52.6706276237965,5392.97385573387,38.7759660333395,199.500409215689,6.16243350505829,1202.46341502666,0,162.48735871911,0,0.681509852409363,0,0,0,0,10.545875646174,0.980627670884132,5.98078471422195,123.475112982094,3385.8350455761,363.066351920366,13.0579624027014,0.152427420020103,0.21369794011116
0,0,0,1.29922914505005,0,0,0,0,7.2064870595932,156.246974468231,0,0,0,0,0,9.60092437267303,127.282373011112,987.322223961353,64.1482735872269,0,0,373.868039831519,78.4142021238804,0,70.426117002964,78.2294951975346,20.6911922097206,0,0,0,0,0,0,0,0,0.828002348542213,0,173.880296558142,1.67070627212524,0,0,1.72577446699142,0,1.52927988767624,0,0.2209093272686,0,0,0,32.6187209486961,0,0,0,0,0,24.2332330346107,0,0,0,0,0.861279845237732,0,0,0,113.230593040586,26.0500535070896,1477.43531441689,7.98220157623291,12.477866590023,19.344534277916,0,0,0,0,0,0,3.19935004413128,0,5.06332631409168,1.92200809717178,186.438354462385,0,978.441690802574,45.1434004306793,50.0637178421021,0,0
0,0,0,0,0,0,0,0,116.990323126316,7.11100870370865,0,0,0,0,3.10381484031677,0,378.476105093956,283.960651919246,143.461167931557,0,0,20.8578211665154,651.28267031908,70.426117002964,0,11.4851895570755,416.316714763641,0,0,0,0,0,0,0,0,0.164842247962952,0,1.1188850402832,97.0813863873482,0,0,1.7113693356514,7.48701974749565,0,1.02326384186745,0,0,0,19.5715063214302,0,0,0,0,0,8.2036999464035,0,0,0,0,0,0,0,0,0,20.2872718274593,371.276224821806,17.2813593149185,524.188523232937,4.64155292510986,235.703199565411,0,0,0,0,0,0,0,0,5.15592220425606,0,0.630299866199493,7.32086658477783,1859.56990692019,55.068870216608,48.7062552124262,1.0452800989151,0.847759425640106
0,0,0,0,0,0,0,0,0.285695046186447,8.33295142650604,0,0,0,0,0,0.425183713436127,22.0003757178783,1171.77982498705,9.68158128857613,0,0,803.29690413177,14.0122547447681,78.2294951975346,11.4851895570755,0,4.78465616703033,201.822295457125,0,0,0,0,0,0,0,0,0.187709897756577,0,0,0,0,0,0,0,0,0,0,0,0,0,0,0,0,0,0,0,0,0,0,0,0,0.971215963363647,0,0,312.503826543689,8.29421228170395,37.3185885846615,0,194.544322535396,0,128.858007162809,0,0,0,0,0,0,0,0,0,0,0,440.958907321095,31.6385761797428,0,0,0
0,0,0,0,0,0,0,0,253.519299149513,7.3250495493412,0,0,0,0,177.507514864206,0,5451.95606648922,245.235024482012,137.960318431258,0,0,16.0531963407993,1781.9231748879,20.6911922097206,416.316714763641,4.78465616703033,0,0,721.730872988701,0,0,0,0,0,0,0.592264413833618,0,0,0,0,0.50221186876297,0.394053608179092,1.31571957468987,0,1.39913123846054,0.425506561994553,0,0,0,0,0,0,0,0,7.68180501461029,0.67164820432663,0,0,0,0,74.057853192091,0,0,0,4.4843276143074,732.548025846481,4.09744265675545,69.7632604241371,1.41422688961029,3380.57039472461,0,155.195118963718,0,0,0,0,0,0,4.47287254035473,4.36150605976582,0.819157958030701,0,1187.74968966842,80.4477319568396,2.88771519064903,0.227833613753319,0
0,0,0,0,0,0,0,0,0,1.79524505138397,0,9.11648644506931,0,0.840207993984222,0,0,0,216.015589982271,0,0,0,48.3300021737814,0,0,0,201.822295457125,0,0,0,73.9240625798702,0,0,0,0,0,0,0,119.938675045967,0,0,0,0,0,0,0,0.293289929628372,0,0,0,8.79794245958328,0,0,0,0,0,0,0,58.190218642354,0,3.93504562973976,0,0,4.31194843351841,0,198.039774686098,0,0,0,85.9633833765984,0,645.312010377645,0,52.4798175096512,0,0,0,0,0,0,0,359.906260579824,0,238.381488069892,105.192512914538,0,0,0
0,0,0,0,0,0,0,0,0.40748006105423,0,63.3238816261292,0,100.556324958801,0,0,0,250.143580406904,4.22521317005157,2.61556088924408,0,0,0,146.302802711725,0,0,0,721.730872988701,0,0,0,89.0381227582693,0,0,0,0,0,0,0,38.627102792263,0,0,0,0,0,0,0,0,0,1.46494388580322,0,0,0,0,0,0.453347533941269,0,0,0,0,0,0,0,0,0,0,205.480675280094,0,0,0,143.856450438499,0,465.416848897934,0,8.19441999495029,0,0,0,0,1.18429803848267,0,0,46.7115594148636,406.639610931277,56.7986661195755,0,0,0
0,0,0,0,0,0,0,0,0,0,0,68.1689518094063,0,0,0,0,0,0,0,0,0,0,0,0,0,0,0,73.9240625798702,0,0,0,0,0,0,0,0,0,23.5618925690651,0,0,0,0,0,0,0,0,0,0,0,2.2885886579752,0,0,0,0,0,0,0,52.0002968758345,0,0,0,0,0.239850029349327,0,18.5564126521349,0,0,0,0,0,124.357512205839,0,667.517931163311,0,0,0,0,0,0,0,136.753679588437,0,3.28882741928101,0,0,0,0
0,0,0,0,0,0,0,0,0,0,21.2211315631866,0,0,0,0,0,0,0,0,0,0,0,0,0,0,0,0,0,89.0381227582693,0,0,0,0,0,0,0,0,0,190.940379232168,0,0,0,0,0,0,0,0,0,0,0,0,0,0,0,0,0,0,0,0,0,0,0,0,0,0,0,0,0,0,0,0,0,0,535.582229480147,0,0,0,0,0,0,0,125.644725471735,8.45103096961975,0,0,0,0
0,0,0,2.18514108657837,0,0,0,0,0,0,0,0,0,0,0,0,0,0,0,0,0,0,0,0,0,0,0,0,0,0,0,0,1454.77213656902,36.3815068304539,21.003006875515,622.73521476984,0,0,0,4.41459619998932,0.137045219540596,0,0,0,0,5.23871596157551,1.04733335971832,913.665202394128,0.319807440042496,3.81322439014912,0,0,0,0,0,0,0,0.334749400615692,0,0,0,0,0,0,0,0,0,0,0,0,0,0,0.352346420288086,0,2211.37949551642,279.263767391443,65.7340564578772,59.5769044458866,1202.99671515822,1.56134432554245,0,0,298.403818070889,1.33541083335876,17.9962155222893,0,0
0,0,0,0,0,0,0,0,0,0,0,0,0,0,0,0,0,0,0.214990720152855,0,0.722135365009308,0,0,0,0,0,0,0,0,0,0,1454.77213656902,0,103.573546409607,17.205289721489,190.398555517197,436.750225454569,0,0,1.30266985297203,0.220267459750175,0,0.202813670039177,0,0,0.313611596822739,5.85748539119959,751.854441583157,74.265713557601,0,0,0,0,0,0,0,0,0,0,0,0,0,0,0,0,0,0,0,0,0,0,0,0,0,399.693633198738,3111.68198481202,3.74941486120224,92.5122210532427,71.5609022974968,435.951405316591,0,0,488.958185106516,0,17.9907135814428,0,0
0,0,0,2.88328051567078,0,0,0,0,0,0,0,0,0,0,0,0,0.242402911186218,0,0.341014519333839,0,0,0,0,0,0,0,0,0,0,0,0,36.3815068304539,103.573546409607,0,740.240616977215,293.581005722284,0,129.730701178312,0,15.2065563052893,0,56.1248286962509,0,0.674251735210419,0,18.6487723141909,5.3732622563839,1463.22929893434,2.79142788052559,98.9393340796232,0,0,0,0,0,0,0,0,0,0,0,0,0.707505986094475,0,0,0,0,0,0,0,0,0,1.37979559600353,0.229096814990044,90.4957494735718,45.1389840841293,5081.97312556207,842.663121715188,817.954554364085,0.692327290773392,532.685950681567,0,247.738600060344,0.237924203276634,66.3428784608841,0.200787201523781,0
0,0,0.579566359519958,0,0,0,0,0,0,0,0,0,0,0,0,0,0.200429320335388,0,0.273939043283463,0,0,0,0,0,0,0,0,0,0,0,0,21.003006875515,17.205289721489,740.240616977215,0,0,114.068454265594,7.80516457557678,107.418560147285,0,2.84701973944902,3.12612745165825,19.4824257642031,0,1.21679519116879,0,10.5663773864508,1044.07977665961,10.5970619022846,5.77607417106628,0,0,0,0,0,0,0,0,0,0,0,0,0,0,0,0,0,0,0,0,0,0,0,0.617177858948708,8.98352289199829,163.765081524849,291.552393689752,4778.20270566642,7.00661242008209,176.299181677401,41.3968677520752,1.11190031468868,863.31488442421,0,99.9131050333381,0,0
0,0,0.615837335586548,0.46798574924469,0,0,0,0,0,0,0,425.458010554314,0,0,0,0,26.8741657137871,52.6768613159657,247.392268516123,850.857533670962,0,0.155649930238724,0.466074153780937,0.828002348542213,0.164842247962952,0,0.592264413833618,0,0,0,0,622.73521476984,190.398555517197,293.581005722284,0,0,740.961352169514,4129.09042930603,0,32.3933100923896,1.05167058110237,185.967343017459,5.06713370978832,14.3304536938667,0.971726432442665,500.445121429861,0,204.625314369798,4.84419795870781,4.07971814274788,0,0,0,0,0,0,0,23.1788376569748,0,0,0,0,922.156009271741,0,0.142065018415451,1.54532635211945,0,0,0,0.304631441831589,0,0,0.571867763996124,0,45.715059325099,0.860082924365997,115.898595780134,2.93878948688507,22128.6712748334,188.570792898536,1367.66907356679,0,2475.98276776075,615.465682148933,186.822380311787,82.4713702276349,0
0,0,4.76010420918465,0,9.71912920475006,0,0,0,0,0,1,0,0,0,0,0,3.06457126140594,2.52397403120995,37.8840029835701,0,343.889927297831,0,0.33473140001297,0,0,0.187709897756577,0,0,0,0,0,0,436.750225454569,0,114.068454265594,740.961352169514,0,0,1935.36294046044,2.63195115327835,36.1769896447659,1.02045166492462,273.864586882293,0,48.9282574504614,0,576.016262762249,371.316208519042,46.5664171874523,21.0452440530062,0.719830393791199,0,0,0,0,0,0.693063616752625,0,0,0,0,0,0,539.633834972978,0,0,0,0,0,0,0,0,0,2.0500864982605,0,9.37658534944057,0.165585458278656,6.30666160583496,60.4040955901146,26212.3585781008,0,190.913857921958,5067.74404881895,854.8464435637,331.817320473492,0,85.7333341985941
0,0.235798746347427,0,0,0,0,0,0,0,43.2965307831764,0,122.554399847984,0,0,0,0,0.918773218989372,4.19843645393848,22.5778113752604,69.0866375565529,0,741.292329058051,55.217260658741,173.880296558142,1.1188850402832,0,0,119.938675045967,0,23.5618925690651,0,0,0,129.730701178312,7.80516457557678,4129.09042930603,0,0,7.18157780170441,0.952739700675011,0,59.8112237229943,0,1.49747979640961,0,83.5925220474601,0,407.183166407049,0,114.513167068362,0,0,0,0,0,6.67004671692848,0,0.432551383972168,0,0,0,0,8.47663308680058,0,201.332194536924,0,15.6736518442631,0,0,0,25.8012205660343,0,56.0406033098698,0,0,0,27.2207161337137,0,1213.26299924403,0.172670930624008,8685.86674536765,0,1332.35157796741,164.769311964512,136.05444779247,16.7118442952633,0
0.498212084174156,0,0,0,0.644484460353851,0,0,0,34.3789836764336,0,236.434472769499,0,0,0,0,0,0.4785987585783,2.58127284049988,0.879670843482018,0,263.924539744854,0,545.17889200151,1.67070627212524,97.0813863873482,0,0,0,38.627102792263,0,190.940379232168,0,0,0,107.418560147285,0,1935.36294046044,7.18157780170441,0,0,5.46793240308762,0,48.7339029014111,0,1.19080209732056,0.711009919643402,22.1061444059014,2.86574721336365,279.118259623647,0.551998496055603,0,0,0,0,0,0,3.20185247063637,0,0,0,0,0,0,34.8237784951925,0,381.699720442295,0,40.2811372280121,0,0,0,67.0829104781151,0,0,0,0,0,5.03811207413673,0,611.096835076809,0,7771.72473871708,2123.63513626158,367.957548767328,65.8450336009264,0,18.9282631874084
0,0,0,3.51453791558743,0,0,0,0,0,0,0,0,0,0,0,0,29.3418844267726,56.396293990314,307.734489649534,0,0,0,2.94397769868374,0,0,0,0,0,0,0,0,4.41459619998932,1.30266985297203,15.2065563052893,0,32.3933100923896,2.63195115327835,0.952739700675011,0,0,2.67806220054626,944.326583169401,6.10626626014709,58.5934714451432,0.252677798271179,929.137854129076,7.38720166683197,476.467322744429,0,846.590975508094,0,0,0,0,0,0,0,3.0020127594471,0,0,0,0,477.171918898821,0,0,0.549779772758484,0.713904470205307,0,0,0.847476780414581,0,0,16.5604314655066,0,3.57606552541256,0,20.0214429497719,0.362294942140579,1728.00622972846,0.391135394573212,185.264399453998,0,57.7307267338037,0.209049865603447,718.85293083638,52.5655431374907,0
0,0,11.272930264473,0,0.324896454811096,0,0,0,0,0,1.63530264049768,0,0,0,0,0,100.19381827116,32.5725597143173,344.328843913972,0,1.80664275586605,0.301441729068756,2.99585029482841,0,0,0,0.50221186876297,0,0,0,0,0.137045219540596,0.220267459750175,0,2.84701973944902,1.05167058110237,36.1769896447659,0,5.46793240308762,2.67806220054626,0,11.4376661702991,2068.3732060194,1.92329923808575,84.9355725049973,1.52599775791168,1878.35651259124,496.487628549337,982.28180346638,3.19415807723999,0,0,0,0,0,0,7.3658142387867,0,0,0,0,0,0.146766304969788,17.3262354359031,0,0,0,0,0,0.180893942713737,0,0,0,30.5161481127143,0.136093407869339,0.771369613707066,0.789019346237183,148.120764933527,3.78233994543552,1525.94920416176,0.244150638580322,136.803749389946,181.348903164268,1.50792944431305,1647.21517319977,0.275558710098267,29.2485483586788
0,8.34917238354683,0,53.3298423886299,0,0,0,0,0.555102646350861,26.8866269886494,0,0,0,0,0.41114816069603,0,116.312494374812,180.070574834943,1044.89202102274,0.210162997245789,0,2.91271325200796,6.66828536987305,1.72577446699142,1.7113693356514,0,0.394053608179092,0,0,0,0,0,0,56.1248286962509,3.12612745165825,185.967343017459,1.02045166492462,59.8112237229943,0,944.326583169401,11.4376661702991,0,270.832033053041,260.707016706467,9.02367141842842,548.307330325246,0.931670591235161,376.765628479421,1.58113858103752,933.751600869,0,0,0,0,0,2.01762497425079,0,126.946968466043,0,0,3.46046781539917,0,333.305111959577,0,2.59897099435329,0.914166629314423,2.90104515850544,0.218375235795975,5.57274985313416,5.35543885827065,24.0019519776106,0,1242.35185730457,1.58144484460354,0.192415907979012,0,48.0670367628336,4.49215245246887,2346.8709377721,7.49492660164833,1273.71586345881,0.487387999892235,990.390895567834,2.85903808474541,2686.53229659051,544.443212777376,3.38507497310638
3.95573747158051,0,18.2863418608904,0,0.738799922168255,0,0,0,30.7626097202301,0,0.254328891634941,0,0,0,1.39339959621429,0,477.451513163745,158.553336083889,1701.57015569508,0,0.363757759332657,1.65429770946503,12.9501458853483,0,7.48701974749565,0,1.31571957468987,0,0,0,0,0,0.202813670039177,0,19.4824257642031,5.06713370978832,273.864586882293,0,48.7339029014111,6.10626626014709,2068.3732060194,270.832033053041,0,5.0078689455986,803.676109984517,13.400643274188,464.28221192956,231.180858612061,581.200070902705,0.467250749468803,0,0,0,0,0,0,145.910568609834,0,0,0,0,0,0.53498949110508,232.490039676428,0,1.03564530611038,3.01968756318092,0,0,4.27768695354462,0,22.0634438246489,2.83738708496094,1060.53294048458,0,0,0,64.7388368621469,48.1481643691659,4063.63348824531,30.0925208777189,1012.41297902167,889.101562358439,4.79843527078629,4280.40887922049,7.15338107943535,982.524450749159
0,0,0,0,0,0,0,0,0,0,0,0,0,0,0,0,12.020391985774,5.08221288025379,181.726098582149,0,0,0,0,1.52927988767624,0,0,0,0,0,0,0,0,0,0.674251735210419,0,14.3304536938667,0,1.49747979640961,0,58.5934714451432,1.92329923808575,260.707016706467,5.0078689455986,0,0,55.522614531219,0,5.40694187581539,1.5308758020401,7.63995105028152,0,0,0,0,0,0,0,0,0,0,0,0,4.83123549818993,0,0,0,0,0,0,0.707683801651001,0,0,2.29828417301178,0,0,0,0.980090513825417,0,222.024797447026,1.45100772380829,8.32961355149746,0,19.4631004035473,0,151.968952938914,7.96057312190533,0
0,0,0.742575153708458,0,0,0,0,0,0,1.3854808807373,0,0,0,0,0,0,135.678998887539,57.1235265880823,776.339975729585,0,0,0.274345755577087,3.54035139083862,0,1.02326384186745,0,1.39913123846054,0,0,0,0,0,0,0,1.21679519116879,0.971726432442665,48.9282574504614,0,1.19080209732056,0.252677798271179,84.9355725049973,9.02367141842842,803.676109984517,0,0,2.70438629388809,30.0897486656904,9.47653520107269,4.55951218307018,0,0,0,0,0,0,0,0.8928512185812,0,0,0,1.32249760627747,0,0.155681386590004,2.16688191890717,0.251212865114212,1.35945612192154,0,0,0,0,0,0,0.139063730835915,5.09976860880852,0,0.179433420300484,0,1.81518043577671,9.31394247710705,537.050164580345,1.28780137002468,9.62907963991165,86.8985612690449,0,468.709893614054,5.66143921017647,5.89220148324966
0,0,0,618.04924339056,0,0,0,0,0,0,0,0,0,0,0,0,47.0855948328972,63.9643298909068,482.186106517911,9.98046787083149,0,0.14114536345005,1.00930432975292,0.2209093272686,0,0,0.425506561994553,0.293289929628372,0,0,0,5.23871596157551,0.313611596822739,18.6487723141909,0,500.445121429861,0,83.5925220474601,0.711009919643402,929.137854129076,1.52599775791168,548.307330325246,13.400643274188,55.522614531219,2.70438629388809,0,0,140.522065132856,0,276.277040317655,0,0,0,0,0,0,0,124.31171682477,0,1.68185991048813,0,0,2092.04549042135,0,0.446405336260796,0,0.583620548248291,0,0.279178142547607,0,14.4782418757677,0,244.868950083852,0,3.46740800142288,0,20.061483182013,3.64073896408081,2563.20269990712,1.09591031074524,1131.79333732277,0.207634851336479,108.403870761395,1.75523871183395,1641.92312256992,51.3123521953821,0
0,0,327.732732400298,0,63.5824627578259,0,0,0,0.615317761898041,0,43.5954743549228,0,0,0,0,0,15.6951095163822,3.84122955799103,62.7313986122608,0,96.7882160320878,0,3.17021112143993,0,0,0,0,0,0,0,0,1.04733335971832,5.85748539119959,5.3732622563839,10.5663773864508,0,576.016262762249,0,22.1061444059014,7.38720166683197,1878.35651259124,0.931670591235161,464.28221192956,0,30.0897486656904,0,0,437.245805256069,243.850885421038,29.8928667008877,0.75800696015358,0,0,0,0,0,220.609431810677,0,0.38533678650856,0,0,0,0.4357550740242,2119.37488136441,0,0.208413526415825,0,0,0,1.24301481246948,0,13.5165352225304,0,269.092075042427,0.719542264938354,11.1703494489193,2.72609996795654,167.767166867852,2.89116758108139,3390.89098709822,1.67575547099113,430.683333389461,61.0706363320351,0.961778998374939,2466.73656559736,0,66.2682404071093
0,0,13.5736938565969,15.1451966315508,2.53769762814045,0,0,0,0,0,0.180264115333557,0,0,0,0,0,2.61402785778046,3.74584245681763,10.1521780788898,0,0,0,0.501731276512146,0,0,0,0,0,0,0,0,913.665202394128,751.854441583157,1463.22929893434,1044.07977665961,204.625314369798,371.316208519042,407.183166407049,2.86574721336365,476.467322744429,496.487628549337,376.765628479421,231.180858612061,5.40694187581539,9.47653520107269,140.522065132856,437.245805256069,0,251.843816265464,1008.39355629683,0,0,0,0,0,0,2.29681212455034,1.33565071225166,0,0,0,0,10.5027597248554,1.78117635846138,0,0,0,0,0,0,0.129929780960083,0.287600696086884,4.79158343374729,9.36562903225422,453.229174122214,1318.97037377954,965.89312928915,1565.13605207205,3145.02154612541,1331.90150869638,234.298528581858,17.3398923128843,478.339853227139,0,1600.23824010789,3.49366064369678,0.881645500659943
159.286394149065,0,233.244909085333,0,1.51546388864517,0,0,0,53.341632604599,0,0,0,0,0,11.2644896507263,0,7.9349168613553,1.67604497075081,8.27981914579868,0,0,0,154.467847704887,0,19.5715063214302,0,0,0,1.46494388580322,0,0,0.319807440042496,74.265713557601,2.79142788052559,10.5970619022846,4.84419795870781,46.5664171874523,0,279.118259623647,0,982.28180346638,1.58113858103752,581.200070902705,1.5308758020401,4.55951218307018,0,243.850885421038,251.843816265464,0,3.43301044404507,0.687628388404846,0,0,0,57.6511540412903,0,99.9982078149915,0,0,0,18.9926676154137,0,0,18.1071752458811,0,138.18289847672,0,6.70151123404503,0,24.4569606482983,0,285.761391654611,0,87.7415065988898,0,92.2808624953032,0,155.886879213154,0,267.19628534466,1.52762496471405,590.259534738958,93.8001038059592,0.152594029903412,1338.65800285339,0,97.2147284597158
0,462.091295018792,0.380760818719864,271.289978943765,0,0.600012600421906,0,0,0,79.2302233725786,0,1.28621293604374,0,1.24805501103401,0,166.734869658947,5.90045095980167,3.97751818597317,41.7786050513387,0,0,18.8849824815989,0.166444301605225,32.6187209486961,0,0,0,8.79794245958328,0,2.2885886579752,0,3.81322439014912,0,98.9393340796232,5.77607417106628,4.07971814274788,21.0452440530062,114.513167068362,0.551998496055603,846.590975508094,3.19415807723999,933.751600869,0.467250749468803,7.63995105028152,0,276.277040317655,29.8928667008877,1008.39355629683,3.43301044404507,0,0,0,0,0,0,8.28007453680038,0,179.863494873047,0,6.3993821144104,0,136.692407906055,109.902504175901,0,180.696873039007,0.46698209643364,8.26808452606201,0,18.2743898630142,0.164893865585327,890.199181705713,0,80.2667085528374,0.552851557731628,9.07787032425404,0,49.4078610986471,6.71673288941383,545.276581272483,3.48850096017122,316.25755148381,0,198.202763289213,3.60380047559738,1933.30304081738,19.5611533671618,0
11.8126836717129,0,151.923428341746,0,995.509051829576,0,109.816322505474,0,2.23510736227036,0,0,0,1.20482623577118,0,0,0,0,0,0,0,0.893370807170868,0,0,0,0,0,0,0,0,0,0,0,0,0,0,0,0.719830393791199,0,0,0,0,0,0,0,0,0,0.75800696015358,0,0.687628388404846,0,0,0,17.9031499028206,0,82.8811765611172,0,0,0,228.887860715389,0,133.805141463876,0,0,20.0563922524452,0,0,0,0,0,0,0,0,0,0,0,0,0,0,0,0,0,0,76.3783993721008,0,4.3255832195282,0,0
0,0,0,9.0164766907692,0,666.409607589245,0,7.03489375114441,0,0,0,0,0,5.56282258033752,0,0,0,0,0,0,0,0,0,0,0,0,0,0,0,0,0,0,0,0,0,0,0,0,0,0,0,0,0,0,0,0,0,0,0,0,0,0,0,2.78329128026962,0,0,0,0,0,108.353160858154,0,33.9776273369789,1.25909399986267,0,0,0,0,0,0,0,0,0,0,0,0,0,0,0,0,0,0,0,309.665221720934,0,6.0181200504303,0,0
0,0,0,0,86.1776010394096,0,493.331085503101,0,0,0,0,0,0,0,0,0,0,0,0,0,0,0,0,0,0,0,0,0,0,0,0,0,0,0,0,0,0,0,0,0,0,0,0,0,0,0,0,0,0,0,17.9031499028206,0,0,0,0,0,0,0,131.996570110321,0,3.3716356754303,0,0,0,0,0,0,0,0,0,0,0,0,0,0,0,0,0,0,0,0,0,0,0,0,0,0
0,0,0,0,0,7.95884716510773,0,184.800584733486,0,0,0,13.2996347546577,0,29.0468542575836,0,0,0,0,0,0,0,0,0,0,0,0,0,0,0,0,0,0,0,0,0,0,0,0,0,0,0,0,0,0,0,0,0,0,0,0,0,2.78329128026962,0,0,0,0,0,0,0,46.4722571372986,0,0,0,0,0,0,0,0,0,0,0,0,0,0,0,0,0,0,0,0,0,0,129.327115535736,0,0,0,0
200.230366975069,0,109.168912053108,0,9.63420861959457,0,0,0,673.108606427908,0,0,0,0,0,0.754738092422485,0,19.3364026844501,2.84161710739136,0,0,0,0,1.167839884758,0,8.2036999464035,0,7.68180501461029,0,0.453347533941269,0,0,0,0,0,0,0,0,0,0,0,0,0,0,0,0,0,0,0,57.6511540412903,0,82.8811765611172,0,0,0,0,0,0,0,0,0,2.31549090147018,0,0,0,0,1.22048926353455,0,46.3258825540543,0,6.90520948171616,0,0,0,0,0,0,0,0,0.409229159355164,0,0,0,17.6652824282646,0,0.921513795852661,0,0
0,99.3874493837357,0,32.0419707298279,0,52.6862444877625,0,0,0,530.252127438784,0,0,0,0,0,21.6870749592781,5.31303203105927,51.3445764780045,0,0,0,3.59486609697342,0,24.2332330346107,0,0,0.67164820432663,0,0,0,0,0,0,0,0,0,0,6.67004671692848,0,0,0,2.01762497425079,0,0,0,0,0,0,0,8.28007453680038,0,0,0,0,0,0,0,0,0,0,0,32.6052098274231,0,0,8.40943470597267,0,74.1413030922413,0,0,0.805341243743896,0,0,0,0,0,0,0.945800125598907,0,0,0,7.83225527405739,0,35.9905761480331,2.59911173582077,2.2005073428154,0,0
0,0,2.87711122632027,0,2.05463637411594,0,0,0,0,0,967.69930152595,0,68.3686167299747,0,0,0,0,0,1.33417427539825,0,113.240646779537,0,6.29778838157654,0,0,0,0,0,0,0,0,0,0,0,0,0,0.693063616752625,0,3.20185247063637,0,7.3658142387867,0,145.910568609834,0,0.8928512185812,0,220.609431810677,2.29681212455034,99.9982078149915,0,0,0,0,0,0,0,0,0,19.949759632349,0,21.1185806393623,0,0,280.565734311938,0,7.83845967054367,0,0,0,23.2403559684753,0,449.051848471165,0,246.584702670574,0,0,0,1.08132646977901,0,10.0108859241009,0,66.7050153911114,3.35448580235243,0,601.623210541904,0,18.5113225877285
0,0.801653206348419,0,7.9119216799736,0,8.10004943609238,0,0,0,0,0,787.937938943505,0,185.542887598276,0,0,0,0,0.816829204559326,103.021041050553,0,0,0,0,0,0,0,58.190218642354,0,52.0002968758345,0,0.334749400615692,0,0,0,23.1788376569748,0,0.432551383972168,0,3.0020127594471,0,126.946968466043,0,0,0,124.31171682477,0,1.33565071225166,0,179.863494873047,0,0,0,0,0,0,0,0,0,389.124345034361,0,0,1189.17365683615,0,21.238272562623,0,0,0,0.57553642988205,0,631.155201017857,0,604.351166337729,0,0.659621953964233,0,0,0,2.2959403321147,0,168.822725325823,0,71.1447827517986,0,369.946674518287,2.34542465209961,0
0,0,8.21644061803818,0,26.4567902684212,0,261.378395140171,0,0,0,12.4277773201466,0,527.064314097166,0,106.801285862923,0,0,0,0,0,0,0,0,0,0,0,0,0,0,0,0,0,0,0,0,0,0,0,0,0,0,0,0,0,0,0,0.38533678650856,0,0,0,228.887860715389,0,131.996570110321,0,0,0,19.949759632349,0,0,0,220.304118305445,0,0,0,0,0,0,0,0,0,0,0,0,0,0,0,0,0,0,0,0,0,0,0,1.5808439552784,0,0
0,0,0,0,0,44.0206243991852,0,26.6334102153778,0,0,0,6.52876460552216,0,363.46925753355,0,14.8208989500999,0,0,0,0,0,0,0,0,0,0,0,3.93504562973976,0,0,0,0,0,0,0,0,0,0,0,0,0,0,0,0,0,1.68185991048813,0,0,0,6.3993821144104,0,108.353160858154,0,46.4722571372986,0,0,0,389.124345034361,0,0,0,58.9741964042187,30.2132013142109,0,8.38846422731876,0,0,0,35.4186965227127,0,345.288288295269,0,0,0,0,0,0,0,0,0,0,0,46.0529713630676,3,0,0,0
2.87355935573578,0,30.4746203124523,0,77.5013710409403,0,0,0,145.931845754385,0,0,0,0,0,266.221370458603,0,418.607271969318,6.93527075648308,0,0,0,0,8.23641583323479,0.861279845237732,0,0,74.057853192091,0,0,0,0,0,0,0,0,0,0,0,0,0,0,3.46046781539917,0,0,1.32249760627747,0,0,0,18.9926676154137,0,133.805141463876,0,3.3716356754303,0,2.31549090147018,0,21.1185806393623,0,220.304118305445,0,0,0,0,0,0,4.57269452512264,0,0,0,81.9810197353363,0,0,0,0,0,0,0,0,0,0,0,0,75.8711229562759,0,0,0,0
0,101.266490578651,0,7.880859375,0,26.3826224803925,0,0,0,24.4898496866226,0,0,0,0,0,101.733321875334,0,4.30045682191849,0,0,0,3.10719355940819,0,0,0,0.971215963363647,0,0,0,0,0,0,0,0,0,0,0,0,0,0,0,0,0,0,0,0,0,0,0,136.692407906055,0,33.9776273369789,0,0,0,32.6052098274231,0,0,0,58.9741964042187,0,0,0,0,2.39547707140446,0,0,0,7.17295122146606,0,0,0,0,0,0,0,0,0,0,0,0,0,4.57446163892746,0,0,0,0
0,0,0,287.580899342895,0,3.76685041189194,0,0,0,0,0,86.1276800483465,0,1.90374726057053,0,0,5.22576338797808,11.9611380398273,82.2223769724369,932.101287737489,0,0,0,0,0,0,0,4.31194843351841,0,0.239850029349327,0,0,0,0.707505986094475,0,922.156009271741,0,8.47663308680058,0,477.171918898821,0.146766304969788,333.305111959577,0.53498949110508,4.83123549818993,0.155681386590004,2092.04549042135,0.4357550740242,10.5027597248554,0,109.902504175901,0,1.25909399986267,0,0,0,0,0,1189.17365683615,0,30.2132013142109,0,0,0,0,1.28976011276245,0,0,0,0,0,95.1390327066183,0,270.263871148229,0,0.26078075170517,0.696631908416748,1.60812070220709,0,1074.8595238626,1.79452323913574,843.488378740847,0,109.847173251212,0,414.762036137283,5.15227736532688,0
0,0,73.1172139644623,0,130.17290365696,0,0,0,0,0,97.6517080813646,0,0,0,0,0,0.483981795608997,0,1.71070128679276,0,776.394363611937,0,0,0,0,0,0,0,0,0,0,0,0,0,0,0,539.633834972978,0,34.8237784951925,0,17.3262354359031,0,232.490039676428,0,2.16688191890717,0,2119.37488136441,1.78117635846138,18.1071752458811,0,20.0563922524452,0,0,0,0,0,280.565734311938,0,0,0,0,0,0,0,0,0,0,0,0,0,0,29.1705353558064,0,131.314270108938,0,0,0,1.37907551229,0,1739.09234180301,0,404.369064614177,45.2733076810837,0,721.634747393429,0,13.3783974349499
0,0,0,0,0,0,0,0,0,29.5102772563696,0,6.67762809991837,0,5.38339813053608,0,11.1676581501961,54.3036131113768,1042.16350103915,16.5777797847986,0,0,4889.31684231758,52.6706276237965,113.230593040586,20.2872718274593,312.503826543689,4.4843276143074,198.039774686098,0,18.5564126521349,0,0,0,0,0,0.142065018415451,0,201.332194536924,0,0,0,2.59897099435329,0,0,0.251212865114212,0.446405336260796,0,0,0,180.696873039007,0,0,0,0,0,8.40943470597267,0,21.238272562623,0,8.38846422731876,0,2.39547707140446,1.28976011276245,0,0,20.971090734005,86.4615516662598,2.81741011142731,250.019026204944,7.5863783955574,1171.71624426544,0,59.6848504990339,0,0,0,0,0,1.56855230778456,0,613.33328551054,0,872.399184510112,130.764986589551,3.57333897054195,0.57876755297184,0.941936075687408
0.215745747089386,0,0,0,0,0,0,0,30.2877842485905,3.13872927427292,0,0,0,0,12.0960442125797,0,610.443538948894,255.206669256091,59.6002765893936,0,0,20.0978361368179,5392.97385573387,26.0500535070896,371.276224821806,8.29421228170395,732.548025846481,0,205.480675280094,0,0,0,0,0,0,1.54532635211945,0,0,381.699720442295,0.549779772758484,0,0.914166629314423,1.03564530611038,0,1.35945612192154,0,0.208413526415825,0,138.18289847672,0.46698209643364,0,0,0,0,1.22048926353455,0,7.83845967054367,0,0,0,4.57269452512264,0,0,0,20.971090734005,0,7.52517473697662,30.743230342865,0,463.211217820644,0,359.287860751152,0,1.55252289772034,0,0,0,0,2.98523242771626,0.801289796829224,0,505.059625029564,901.838400423527,59.7582164406776,8.30443735420704,0,0
0,0,0,0,0,0,0,0,1.22706639766693,72.9668590128422,0,0,0,0,0,5.68170017004013,59.2115278542042,514.733368098736,18.8729081749916,0,0,161.017988175154,38.7759660333395,1477.43531441689,17.2813593149185,37.3185885846615,4.09744265675545,0,0,0,0,0,0,0,0,0,0,15.6736518442631,0,0.713904470205307,0,2.90104515850544,3.01968756318092,0,0,0.583620548248291,0,0,0,8.26808452606201,0,0,0,0,0,74.1413030922413,0,0,0,0,0,0,0,0,86.4615516662598,7.52517473697662,0,1.10712742805481,20.6161054968834,4.19037592411041,2.23846052587032,0,0,0,0,0,8.33021119236946,0,1.57838866114616,0,128.415430098772,0,362.588653460145,21.8935606479645,25.4491723030806,0,0
