0,0,224.7286875844,0,13.2216068506241,0,0,0,944.39556273818,0,0,0,0,0,64.3644927144051,0,36.9330589026213,1.15141469240189,82.7147595584393,0,11.8030297160149,0,0,0,71.9863655567169,0,0,0,0,0,0,0,0,0,0,0,9.74742056429386,0,17.0784078091383,0,9.96468299627304,0,355.719193279743,0,0.279795289039612,0.480443626642227,18.8800317794085,0,311.875109121203,0,1.45604586601257,0,0,0,639.433080539107,0,9.49238616228104,0,9.10499759018421,0,484.198331668973,0,0.688316106796265,9.47862981259823,0,0,0,6.7886281311512,0,1.05890321731567,0,18.7251983880997,0,5.96627426147461,0,0,0,0,0.658833801746368,21.2245529592037,0,58.2003067135811,261.361255154014,3.42942395806313,967.277625799179,0,0.851932168006897
0,0,0,106.354137152433,0,0,0,0,0,155.646071240306,0,0,0,0,0,0,0,9.92617252469063,42.8277380913496,0,0,0,0,14.6993144452572,0,0,0,0,0,0,0,0,0,0,0,13.319069430232,0,21.1657370626926,0,38.6000411063433,0,369.949142158031,0,32.941924020648,0,50.2957752048969,0,0.727681159973145,0,87.1209535598755,0,0.820534706115723,0,0,0,181.71034283936,0,45.3659414947033,0,1.84065890312195,0,48.4177021980286,7.42999698221684,0,0,0,13.2846625894308,0,0,0,0,0,6.47174572944641,0,0,0,0,0,100.800416648388,0,84.8210835009813,0,265.500276088715,1.60198618471622,681.681732088327,0.179151341319084,0
224.7286875844,0,0,0,58.2117163985968,0,0.808052361011505,0,140.926642805338,0,0,0,0,0,2.50437331199646,0,0,0,6.40001104772091,0,17.1810650974512,0,0,0,0,0,0,0,0,0,0,0,0,0,0,0,27.1678837686777,0,7.26812560856342,0.675095021724701,10.1875612139702,0,152.1017498523,0,0,0,65.586243391037,0,153.466341897845,0,36.515157520771,0,0,0,314.534231990576,0,42.5351874828339,0,9.07969196140766,0,197.894508436322,0,0,26.3385080546141,0,0,0,0,0,0,0,15.0641698688269,0,6.17571100592613,0,0,0,0,0,48.594710804522,0,27.2717611789703,190.900116622448,0.965846821665764,334.104405969381,0,0
0,106.354137152433,0,0,0,9.96551911532879,0,0,0,19.2881019413471,0,0,0,0,0,0,0,0,18.2734448313713,6.80285570025444,0,0,0,1.74090319871902,0,0,0,0,0,0,0,0,0,0,0,15.2305602133274,0,7.46989367902279,0,19.2387376874685,0,135.463456913829,1.99558471143246,2.82968565821648,0.311102852225304,44.7370593398809,1.14833448827267,0,16.960656940937,86.5198227763176,0,264.369004175067,0,0,0,9.4083253890276,0,246.592876434326,0,86.402298361063,0,111.259874552488,6.40375359356403,0.350994244217873,0,0,1.35162757337093,0,0,0,0,0.132881790399551,11.6035180687904,0,0,0,0,0,36.5062035024166,3.18857474625111,8.49728648364544,0,311.074534282088,3.19971930980682,540.096983499825,6.05105093121529,1.58179007470608
13.2216068506241,0,58.2117163985968,0,0,0,51.1006380915642,0,86.48745842278,0,0,0,10.3860596716404,0,18.9237656593323,0,0,0,0,0,44.5752789676189,0,0,0,0,0,0,0,0,0,0,0,0,0,0,0,91.5553435385227,0,0,0,0,0,3.63259902596474,0,0,0,0.895420789718628,3.17141056060791,9.13069355487823,0,714.400491118431,0,26.0865275859833,0,3.90950262546539,0,6.40139791369438,0,16.3867006599903,0,9.54579344391823,0,0,0,0,0,0,0,0,0,0,0,0,0,0,0,0,0,0,5.75991749763489,0,1.70688354969025,930.001891955733,0.281527996063232,111.625019490719,0,0
0,0,0,9.96551911532879,0,0,0,4.20533847808838,0,90.9231477379799,0,5.0302746295929,0,3.96290004253387,0,48.7860500812531,0,0,0,77.4579356610775,0,0,0,0,0,0,0,0,0,0,0,0,0,0,0,18.2708233296871,0,0,0,0,0,0,0,0,0,2.21043229103088,0,0,0.572883993387222,4.57931470870972,0,1115.03681583703,0,29.7600128650665,0,0,0,17.6955043971539,0,1.38733303546906,0,36.7809646129608,45.4129401147366,0,0,0,0,0,0,0,0,0,0,0,0,0,0,0,12.277008280158,0,0,0,750.505146354437,68.0049167871475,76.2128518223763,0,0
0,0,0.808052361011505,0,51.1006380915642,0,0,0,0,0,23.9786297082901,0,0,0,0,0,0,0,0,0,33.1551239490509,0,0,0,0,0,0,0,0,0,0,0,0,0,0,0,1.89891529083252,0,0,0,0,0,0,0,0,0,0,0,0,0,130.485461175442,0,535.276793956757,0,0,0,124.176792532206,0,3.52405777573586,0,0,0,0,0,0,0,0,0,0,0,0,0,0,0,0,0,0,0,0,0,0,0,114.509968310595,0,0,0,0
0,0,0,0,0,4.20533847808838,0,0,0,0,0,0,0,0,0,0,0,0,0,0,0,0,0,0,0,0,0,0,0,0,0,0,0,0,0,0,0,0,0,0,0,0,0,0,0,0,0,0,0,0,0,39.2006220221519,0,627.564572572708,0,0,0,121.190735936165,0,24.4671316742897,0,0,2.9226365685463,0,0,0,0,0,0,0,0,0,0,0,0,0,0,0,0,0,0,0,89.5930169820786,0,1.1403648853302,0,0
944.39556273818,0,140.926642805338,0,86.48745842278,0,0,0,0,0,0,0,0,0,687.922372639179,0,5.38649818301201,0,1.72962927818298,0,2.88531702756882,0,0,0,125.524432957172,0,2.46844011545181,0,0,0,0,0,0,0,0,0,12.5092470943928,0,0.632758468389511,0,1.06171631813049,0,184.583483949304,0,0,0,7.71121683716774,0.15631140768528,75.9805381149054,0,52.7585397362709,0,0,0,984.961973577738,0,16.6314138025045,0,6.49907895922661,0,522.808890581131,0,0,1.36564286053181,0,0,0,0,0,8.1198218613863,0,15.9960803687572,0,1.17556595802307,0,0,0,0,0,4.4503915309906,0,1.63308975100517,1652.96649636328,37.1714432835579,222.836763426661,0,0
0,155.646071240306,0,19.2881019413471,0,90.9231477379799,0,0,0,0,0,0,0,0,0,260.065974831581,0,2,0,0,0,0,0,93.2565138787031,0,15.210156455636,0,0,0,0,0,0,0,0,0,0,0,1.45516023039818,0,0,0,38.0443976670504,0,0,0,0,0,0,0,8.25679308176041,0,179.017194956541,0,0,0,542.263564482331,0,14.6899751126766,0,0,0,234.397702440619,0,0,0,0,22.4353659152985,0,3.22527852654457,0,0,0,4.91059285402298,0,0,0,0,0,0,0,5.59949341416359,0,1444.35537625849,289.221390038729,39.1709447950125,0,0
0,0,0,0,0,0,23.9786297082901,0,0,0,0,0,333.738693207502,0,0,0,0,0,0,0,548.131225854158,0,0,0,0,0,0,0,204.228036940098,0,432.910490065813,0,0,0,0,0,197.039064526558,0,97.5705507993698,0,0,0,1.04543650150299,0,0,0,0,0,0,0,0,0,0,0,0,0,2789.12979245186,0,221.810063958168,0,0,0,0,44.8206901699305,0,0,0,0,0,0,0,171.615562886,0,4.59457492828369,0,0,0,0,0,0.68961888551712,0,0,682.004106372595,0,5.18866407871246,0,0
0,0,0,0,0,5.0302746295929,0,0,0,0,0,0,0,304.302318066359,0,0,0,0,0.557525932788849,186.179803371429,0,0,0,0,0,0,0,11.3611190319061,0,46.9518170654774,0,0,0,0,0,361.594902083278,0,76.9936197400093,0,0,0,0,0,0,0,8.04949226975441,0,0,0,0,0,7.02208843827248,0,1.27889409661293,0,0,0,2188.44988103211,0,148.808016836643,0,0,77.8479750305414,0,0,0,0,0,0,0,0,0,287.152112528682,0,0,0,0,0,118.467527151108,0,0,0,272.759351700544,0,10.3309760019183,0,0
0,0,0,0,10.3860596716404,0,0,0,0,0,333.738693207502,0,0,0,373.706055551767,0,0,0,0,0,0.291301637887955,0,0,0,0,0,31.4770445376635,0,39.4311661273241,0,0,0,0,0,0,0,0,0,0,0,0,0,0,0,0,0,0,0,0,0,0.80929696559906,0,0,0,0,0,11.1496218442917,0,973.070576161146,0,11.1751375794411,0,0,0,0,0,0,0,0,0.453086853027344,0,20.5060512572527,0,0,0,0,0,0,0,0,0,0,154.800925761461,24.5074453353882,5.79480373859406,0,0
0,0,0,0,0,3.96290004253387,0,0,0,0,0,304.302318066359,0,0,0,340.681616544724,0,0,0,0,0,0,0,0,0,0,0,90.6655148267746,0,0,0,0,0,0,0,0,0,0,0,0,0,0,0,0,0,0,0,0,0,1.8558965921402,0,7.5378303527832,0,0,0,0,0,112.489065349102,0,585.880687624216,0,652.950001627207,0,0,0,0,0,0,1.46436858177185,0,0.689942836761475,0,0,0,0,0,0,0,0,0,0,0,131.313460290432,1,0,0,0
64.3644927144051,0,2.50437331199646,0,18.9237656593323,0,0,0,687.922372639179,0,0,0,373.706055551767,0,0,0,3.30397832393646,0,0,0,0,0,0,0,111.888880193233,0,19.5966090410948,0,0,0,0,0,0,0,0,0,0,0,0,0,0,0,16.5533509403467,0,0,0,0,0,6.92473316192627,0,148.737040489912,0,0,0,73.7129499167204,0,0,0,14.9127096831799,0,1388.16455054283,0,0,0,0,0,0,0,0,31.3452874720097,0,0.595911771059036,0,0,0,0,0,0,0,0,0,0,594.795845121145,8.38250243663788,18.9160130918026,0,0
0,0,0,0,0,48.7860500812531,0,0,0,260.065974831581,0,0,0,340.681616544724,0,0,0,64.1413350105286,0,0,0,0,0,3.78368717432022,0,9.47071239352226,0,0,0,0,0,0,0,0,0,0,0,0,0,0,0,0,0,0,0,0,0,0,0,5.22973254323006,0,140.833673596382,0,0,0,37.2373440414667,0,0.863934755325317,0,95.6218299865723,0,946.852590382099,0,0,0,0,0,0,2.17857336997986,0,0,0,0,0,0,0,0,0,0,0,0,0,614.284956067801,0,0,0,0
36.9330589026213,0,0,0,0,0,0,0,5.38649818301201,0,0,0,0,0,3.30397832393646,0,0,11026.2462496608,3354.22633698583,0,3.3308223336935,0,501.464980691671,4.14151620864868,18.8964284658432,0,333.529259204865,0,0,0,0,0,0,0,0,1.1829529106617,11.0009655356407,0,1.73240858316422,10.8463346809149,23.5960174202919,8.6425953656435,70.2892292141914,10.4722304940224,16.9169407635927,16.7424754947424,70.9528638422489,0,2.66998693346977,2.4564388692379,0,0,0,0,0,0,0.323726028203964,0.388191282749176,0,0,0,0,3.34164044260979,24.12069837749,0,596.12353259325,0,0,0,11.5074332952499,0,0.536761730909348,0,1.96353608369827,0,0,0,0,8.25642122328281,63.3939850628376,1.42339658737183,17.9895415306091,8262.57091003656,3203.55556730926,124.330356746912,5.01442235708237,29.8636299967766
1.15141469240189,9.92617252469063,0,0,0,0,0,0,0,2,0,0,0,0,0,64.1413350105286,11026.2462496608,0,3386.71916308999,0,0,179.458143919706,0,143.117539703846,0,219.425773844123,0,0,0,0,0,0,0,0,0,3.59099119901657,1.89945763349533,0,0,21.7805882841349,3.54452227056026,55.3876320049167,20.4399964660406,32.0933766514063,10.1616742163897,20.0716981291771,24.8796691820025,0,0,5.84643061459064,0,0,0,0,0,5.76755261421204,0,1.30373878777027,0,0,0,11.2934214472771,6.10039791464806,13.3148932605982,68.532291829586,0,7.64969438314438,0,48.4344945698977,0,0,0,0.742966294288635,0,0,0,0,0,27.0087094306946,12.941845394671,5.07713907957077,4.15191857516766,14086.1370827407,2622.37362106144,57.9164271876216,23.3377760052681,4.81238484382629
82.7147595584393,42.8277380913496,6.40001104772091,18.2734448313713,0,0,0,0,1.72962927818298,0,0,0.557525932788849,0,0,0,0,3354.22633698583,3386.71916308999,0,0.375153452157974,23.6476460918784,0,0,0.23663355410099,0,0,0,0,0,0,0,0,0,0,0,110.784288518131,45.8405069634318,4.92034536600113,29.1203830987215,737.420494884253,174.44632499665,1679.23201152682,1249.44824523479,510.73902349174,290.348086729646,684.894244171679,830.225310333073,0.39438471198082,19.957953453064,228.881793186069,0,0.228546142578125,0,0,0,0,9.99101416766644,144.829286061227,0.410987973213196,0,0.688438951969147,0,126.405983828008,301.705196857452,0,0,0.171713173389435,0,0,0,0,2.2040636241436,97.1116023808718,8.40941661596298,0,0,0,0,760.606023155153,551.161687940359,213.293509989977,181.884671926498,6996.15408544242,43.2092344015837,2835.92827609926,368.716461211443,496.880362376571
0,0,0,6.80285570025444,0,77.4579356610775,0,0,0,0,0,186.179803371429,0,0,0,0,0,0,0.375153452157974,0,0,0,0,0,0,0,0,0,0,0,0,0,0,0,0,529.385118931532,0,207.304015755653,0,0,0,1.54589818418026,0,0,0,20.7580637335777,0,0,8.12833686172962,4.43888065218925,0,101.087270751595,0,15.8338616788387,0,0,0,351.012369811535,0,0.598959803581238,0,0,1790.23105508089,0,0,0,0,0,0,0,0,0,0,0,0,0,0,0,220.5602889359,1.15956914424896,24.5781931877136,0,301.945705860853,0,151.200028970838,0,0
11.8030297160149,0,17.1810650974512,0,44.5752789676189,0,33.1551239490509,0,2.88531702756882,0,548.131225854158,0,0.291301637887955,0,0,0,3.3308223336935,0,23.6476460918784,0,0,0,0,0,0,0,0,0,0,0,0,0,0,0,0,0,1129.5126080215,0,198.677735239267,0,5.00091278553009,0.147647842764854,48.549360498786,0.194648072123528,4.88120022416115,0,263.905236437917,0,8.64503394067287,0,30.0044783353806,0,0,0,0.750250816345215,0,276.827586144209,0,4.4892206788063,0,2.23533779382706,0,0,3913.71592400968,0,0,0,0,0,0,0,1.47992533445358,0,13.659991979599,0,0,0,0,0,806.756188750267,0,58.6283071786165,1242.92226445675,0,465.066505581141,0,7.25668808817863
0,0,0,0,0,0,0,0,0,0,0,0,0,0,0,0,0,179.458143919706,0,0,0,0,54.2257478237152,206.93019258976,0,221.901688039303,0,72.0101219415665,0,0,0,0,0,0,0,0,0,322.24689796567,26.8289394378662,0,0,0,0,0,0,0,0,0,0,12.1058786958456,0,0,0,0,0,0,0,0,0,0,0,0,0,0,7018.34837257862,0,281.626320898533,0,39.7331666350365,0,26.5523839592934,0,0,0,0,0,0,0,0,0,157.134771049023,11.0698208808899,1156.77707462013,82.9411486387253,52.3137246221304,0,0
0,0,0,0,0,0,0,0,0,0,0,0,0,0,0,0,501.464980691671,0,0,0,0,54.2257478237152,0,0,96.112956225872,0,149.256306752563,0,311.452833294868,0,0,0,0,0,0,0,0,0,832.520447552204,0,0,0,0,0,0,0,0,0,213.885488256812,0,0,0,0,0,0,0,0,0,0,0,0.311911731958389,0,0,0,0,6468.21846157312,0,44.7229840010405,0,65.4646452963352,0,506.803647845984,0,0,0,0,0,0,0,0,0,509.872330278158,1230.90637388825,38.1281192600727,0,0,0
0,14.6993144452572,0,1.74090319871902,0,0,0,0,0,93.2565138787031,0,0,0,0,0,3.78368717432022,4.14151620864868,143.117539703846,0.23663355410099,0,0,206.93019258976,0,0,0,147.193303734064,0,0,0,0,0,0,0,0,0,0,0,177.015915155411,0,0.307020217180252,0,4.60963678359985,0,0,0,0.282222807407379,0,0,0,3.79829408228397,0,0,0,0,0,159.760875195265,0,0,0,0,0,8.55685493350029,0,0,17.8459245562553,0,404.295408964157,0,163.3211158216,0,0,0,0,0,0,0,0,0,0,0,44.5536324083805,0,330.96594658494,0,2.10667622089386,0,0
71.9863655567169,0,0,0,0,0,0,0,125.524432957172,0,0,0,0,0,111.888880193233,0,18.8964284658432,0,0,0,0,0,96.112956225872,0,0,0,297.010007962584,0,0,0,0,0,0,0,0,0,0,0,358.280814483762,0,0,0,2.44669938087463,0,0,0,0,0,1.67076215147972,0,0,0,0,0,29.6099592447281,0,0,0,0,0,257.289634883404,0,0,0,0,0,0,394.581710413098,0,46.5384484380484,0,0,0,0,0,0,0,0,0,0,0,40.7479943037033,232.268982365727,0,28.8370212465525,0,0
0,0,0,0,0,0,0,0,0,15.210156455636,0,0,0,0,0,9.47071239352226,0,219.425773844123,0,0,0,221.901688039303,0,147.193303734064,0,0,0,8.41566370427608,0,0,0,0,0,0,0,0,0,0,0,0,0,0,0,0,0,0,0,0,0,0,0,0,0,0,0,44.200933560729,0,0,0,0,0,6.35482378304005,0,0,0,0,12.6332777142525,0,922.39770154655,0,15.8133742213249,0,0,0,0,0,0,0,0,0,0,0,162.390439540148,0,0,0,0
0,0,0,0,0,0,0,0,2.46844011545181,0,0,0,31.4770445376635,0,19.5966090410948,0,333.529259204865,0,0,0,0,0,149.256306752563,0,297.010007962584,0,0,0,139.303164541721,0,0,0,0,0,0,0,0,0,0,0,0,0,0,0,0,0,0,0,0,0,0,0,0,0,0,0,0,0,2.87744688987732,0,28.2559917718172,0,0,0,0,11.1525169610977,0,0,0,230.02840128541,0,14.4662270098925,0,0,0,0,0,0,0,0,0,0,220.018074065447,0,0,0,0
0,0,0,0,0,0,0,0,0,0,0,11.3611190319061,0,90.6655148267746,0,0,0,0,0,0,0,72.0101219415665,0,0,0,8.41566370427608,0,0,0,211.29443320632,0,0,0,0,0,0,0,60.9944184720516,0,0,0,0,0,0,0,0,0,0,0,0,0,0,0,0,0,0,0,0,0,229.705988764763,0,0,0,0,28.1181521564722,0,0,0,98.3748115152121,0,1010.14586424828,0,29.1601903438568,0,0,0,0,0,0,0,0.738749653100967,0,3.13176783919334,0,0,0,0
0,0,0,0,0,0,0,0,0,0,204.228036940098,0,39.4311661273241,0,0,0,0,0,0,0,0,0,311.452833294868,0,0,0,139.303164541721,0,0,0,199.659909918904,0,0,0,0,0,0,0,254.552433401346,0,0,0,0,0,0,0,0,0,0,0,0,0,0,0,0,0,1.51392465829849,0,60.0756140649319,0,0,0,0,0,0,110.142890900373,0,0,0,8.13478268682957,0,2466.00637902319,0,4.96414947509766,0,0,0,0,0,0,0,6.06183439493179,101.918213248253,98.9936788678169,0,0,0
0,0,0,0,0,0,0,0,0,0,0,46.9518170654774,0,0,0,0,0,0,0,0,0,0,0,0,0,0,0,211.29443320632,0,0,0,0,0,0,0,0,0,312.602459847927,0,0,0,0,0,0,0,0,0,0,0,0,0,0,0,0,0,0,0,1,0,0,0,0,0,0,0,0,0,0,0,0,82.2207065820694,0,395.289727896452,0,0,0,0,0,0,0,23.8592556118965,0,3.07456961274147,0,0,0,0
0,0,0,0,0,0,0,0,0,0,432.910490065813,0,0,0,0,0,0,0,0,0,0,0,0,0,0,0,0,0,199.659909918904,0,0,0,0,0,0,0,0,0,191.491780072451,0,0,0,0,0,0,0,0,0,0,0,0,0,0,0,0,0,31.8112418651581,0,0,0,0,0,0,0,0,0,0,0,0,0,0,291.220359683037,0,235.473339855671,0,0,0,0,0,0,0,43.9572504162788,144.722533524036,0,0,0,0
0,0,0,0,0,0,0,0,0,0,0,0,0,0,0,0,0,0,0,0,0,0,0,0,0,0,0,0,0,0,0,0,166.156826496124,64.8109995722771,0,573.076446473598,0,0,0,0,0,0,0,0,0,0,0,1075.2434348017,57.7693075239658,19.511304050684,0,0,0,0,0,0,0,0,0,0,0,0,0,0,0,0,0,0,0,0,0,0,0,0,2005.47545981407,113.896072745323,37.3888887166977,0,210.168065369129,0,0,0,471.451185643673,0,0,0,0
0,0,0,0,0,0,0,0,0,0,0,0,0,0,0,0,0,0,0,0,0,0,0,0,0,0,0,0,0,0,0,166.156826496124,0,3.63757455348969,43.2479244470596,107.868299007416,521.364990234375,0,0,0,0,0,0,0,0,0,0,597.525658264756,14.2873064577579,0,0,0,0,0,0,0,0,0,0,0,0,0,0,0,0,0,0,0,0,0,0,0,0,0,18.3030295372009,1811.44105577469,0,2,1,291.112476944923,0,0,118.417595267296,0,0,0,0
0,0,0,0,0,0,0,0,0,0,0,0,0,0,0,0,0,0,0,0,0,0,0,0,0,0,0,0,0,0,0,64.8109995722771,3.63757455348969,0,695.822381794453,461.71287471056,0,386.548881590366,0,0,0,0,0,0,0,0,0.102607905864716,282.102338314056,0,7.51497966051102,0,0,0,0,0,0,0,0,0,0,0,0,0,0,0,0,0,0,0,0,0,0,0,0,119.966322004795,0,2588.65651877224,120.846603512764,152.397993803024,0,175.436555042863,0,215.282184422016,17.6896128356457,0.600055932998657,0,0
0,0,0,0,0,0,0,0,0,0,0,0,0,0,0,0,0,0,0,0,0,0,0,0,0,0,0,0,0,0,0,0,43.2479244470596,695.822381794453,0,0,331.403955206275,0,261.742098361254,0,0,0,0,0,0,0,0,689.273409560323,44.7119237333536,0,0,0,0,0,0,0,0,0,0,0,0,0,0,0,0,0,0,0,0,0,0,0,0,0,0,23.9828451871872,87.2176458835602,1062.4018612951,0,47.8975685834885,0,496.07719156146,45.9733282327652,0,0,0,0
0,13.319069430232,0,15.2305602133274,0,18.2708233296871,0,0,0,0,0,361.594902083278,0,0,0,0,1.1829529106617,3.59099119901657,110.784288518131,529.385118931532,0,0,0,0,0,0,0,0,0,0,0,573.076446473598,107.868299007416,461.71287471056,0,0,221.800449252129,2592.99447417259,0,12.60230897367,0,77.3628765195608,0.663953706622124,51.8793604075909,0.848011747002602,132.306461311877,0,200.420851558447,9.42762465775013,81.7946017384529,0,40.6311739683151,0,0.564006447792053,0,0,0,122.37164785713,0,0.589923977851868,0,0,1099.32558826357,0,0,0,0,0,0,0,0,0,0.335298001766205,0.139474675059319,638.318335995078,0,609.025382488966,0,17855.9686909243,50.3369781970978,2400.86919791996,0,2669.17756099999,129.019654840231,297.137733645737,12.7917358130217,0
9.74742056429386,0,27.1678837686777,0,91.5553435385227,0,1.89891529083252,0,12.5092470943928,0,197.039064526558,0,0,0,0,0,11.0009655356407,1.89945763349533,45.8405069634318,0,1129.5126080215,0,0,0,0,0,0,0,0,0,0,0,521.364990234375,0,331.403955206275,221.800449252129,0,0,2340.08517982066,0.123822718858719,10.2923426777124,0.359241873025894,58.5950864031911,0,26.6022464931011,0.313862010836601,284.172136642039,14.0145224779844,98.5540964305401,0.304440729320049,7.88098157942295,0,0,0,4.03162097930908,0,246.339384309947,0.135051667690277,6.7924252897501,0,5.17668840289116,0,0,1584.43514063209,0,0,0,0,0,0,0,2.32491911947727,0,8.61991691589355,0,351.735318809748,0,304.958833515644,77.6502551734447,19587.0244083628,0,3206.47082319856,3069.5601355508,107.587256640196,417.593666508794,0.144553765654564,10.1239147782326
0,21.1657370626926,0,7.46989367902279,0,0,0,0,0,1.45516023039818,0,76.9936197400093,0,0,0,0,0,0,4.92034536600113,207.304015755653,0,322.24689796567,0,177.015915155411,0,0,0,60.9944184720516,0,312.602459847927,0,0,0,386.548881590366,0,2592.99447417259,0,0,12.638142824173,3.09606685489416,0,16.0519276410341,0.166533023118973,4.89433258771896,0,108.595173880458,0,18.5955323725939,0,77.1916546821594,0,0,0,0,0,3.62288562953472,0,173.684691429138,0,0.360118120908737,0,0.262785196304321,256.029984399676,0,138.289000451565,0,300.855439633131,0,11.2314788103104,0,0,0,234.162860065699,0,0,0,55.1598394960165,0,2061.56861640513,0,15388.8339225948,0,1341.88518080115,205.833639591932,120.553301632404,0,0
17.0784078091383,0,7.26812560856342,0,0,0,0,0,0.632758468389511,0,97.5705507993698,0,0,0,0,0,1.73240858316422,0,29.1203830987215,0,198.677735239267,26.8289394378662,832.520447552204,0,358.280814483762,0,0,0,254.552433401346,0,191.491780072451,0,0,0,261.742098361254,0,2340.08517982066,12.638142824173,0,0.231633007526398,1.33975493907928,0.228378057479858,99.8520151376724,0,4.10562165081501,0,98.7298885434866,365.063597381115,303.220814079046,0,0,0,0,0,20.3253881633282,0,4.59444665908813,0,0,0,1.18138775229454,0,0,352.161927014589,0,110.817939788103,0,556.70932918787,0,8.35120537877083,0,36.1884385049343,0,72.6643209308386,0,0,0,90.3932720720768,0,892.719108954072,71.3853514194489,19737.1632867157,2420.94316737354,256.020551562309,125.770950108767,0,11.6716241240501
0,38.6000411063433,0.675095021724701,19.2387376874685,0,0,0,0,0,0,0,0,0,0,0,0,10.8463346809149,21.7805882841349,737.420494884253,0,0,0,0,0.307020217180252,0,0,0,0,0,0,0,0,0,0,0,12.60230897367,0.123822718858719,3.09606685489416,0.231633007526398,0,1.3921123445034,2251.0294623822,12.1629968583584,246.064658597112,1.41938815265894,686.996537178755,1.66325704753399,0,0,197.382498562336,0,0,0,0,0,0,0,25.3478743135929,0,0,0,0,200.033050619066,2.37441835552454,0,0,0,0,0,0,0,0,2.27407713234425,0,0,0,0,0,252.076595470309,1.5293644964695,44.7031649798155,1.61361509561539,299.169721707702,0,727.624678455293,146.648618832231,2.56630821526051
9.96468299627304,0,10.1875612139702,0,0,0,0,0,1.06171631813049,0,0,0,0,0,0,0,23.5960174202919,3.54452227056026,174.44632499665,0,5.00091278553009,0,0,0,0,0,0,0,0,0,0,0,0,0,0,0,10.2923426777124,0,1.33975493907928,1.3921123445034,0,3.22720995545387,672.722433120012,3.80101482570171,126.473616078496,1.50002405047417,323.756291508675,0,80.490611821413,0,0,0,0,0,0,0,0.660013735294342,1.14025647938251,0.125022247433662,0,0,0,0.671599641442299,31.9307946264744,0,0,0,0,0,0,0,0,0.115111321210861,2.1577507853508,0,0,0,0,1.2510009855032,193.686244904995,0,8.56314393877983,137.30901183933,1.4846585392952,443.766060002148,0,78.1600109487772
0,369.949142158031,0,135.463456913829,0,0,0,0,0,38.0443976670504,0,0,0,0,0,0,8.6425953656435,55.3876320049167,1679.23201152682,1.54589818418026,0.147647842764854,0,0,4.60963678359985,0,0,0,0,0,0,0,0,0,0,0,77.3628765195608,0.359241873025894,16.0519276410341,0.228378057479858,2251.0294623822,3.22720995545387,0,37.9236792325974,272.328046455979,6.11476922035217,328.14145796746,8.69016382843256,9.24542370438576,0,944.298966988921,0,9.47811684012413,0,0,0,1.03665329515934,0,623.51789984107,0,7.23592111468315,0.379131525754929,6.61527591943741,143.125205650926,3.87824014574289,0,0,0,0,0,0,1.50599956512451,0,366.509730756283,0,0,0,0,0,920.839195586741,7.96803874522448,81.8475403487682,0.338654339313507,2870.12180756032,109.05094063282,2420.55032273382,482.308867648244,8.02754943817854
355.719193279743,0,152.1017498523,1.99558471143246,3.63259902596474,0,0,0,184.583483949304,0,1.04543650150299,0,0,0,16.5533509403467,0,70.2892292141914,20.4399964660406,1249.44824523479,0,48.549360498786,0,0,0,2.44669938087463,0,0,0,0,0,0,0,0,0,0,0.663953706622124,58.5950864031911,0.166533023118973,99.8520151376724,12.1629968583584,672.722433120012,37.9236792325974,0,7.15003184974194,323.432809896767,12.8106915056705,1214.03605309129,36.8398734331131,1057.63922710717,2.17070131003857,1.50594681501389,0,0,0,69.8116461038589,0,97.3602896183729,1.44548503309488,39.4785158038139,0,222.998093768954,0.421446114778519,2.59981781244278,745.197339013219,0,0,0,12.3732255995274,0,4.45762240886688,0,124.073028728366,0.695598527789116,78.4951186329126,0,0,0,0,13.0962232574821,1181.49356675148,0,191.093662753701,3702.60274776816,21.6455445438623,4300.62355761975,3.09919558465481,1347.4610325098
0,32.941924020648,0,2.82968565821648,0,0,0,0,0,0,0,0,0,0,0,0,10.4722304940224,32.0933766514063,510.73902349174,0,0.194648072123528,0,0,0,0,0,0,0,0,0,0,0,0,0,0,51.8793604075909,0,4.89433258771896,0,246.064658597112,3.80101482570171,272.328046455979,7.15003184974194,0,3.29951067268848,127.410463884473,1.40688939392567,0,0,93.1277151554823,0,0.80990993976593,0,0,0,0,0,3.69799646735191,0,0,0,0,14.7499597817659,1.72424580156803,0,0,0,0,0,0,0,0,0.51208133995533,0,0,0,0,0,273.853342071176,2.01451770961285,79.8706647008657,1.22481420636177,146.234808862209,1.51367270946503,241.146760031581,46.5331685692072,4.45133502781391
0.279795289039612,0,0,0.311102852225304,0,0,0,0,0,0,0,0,0,0,0,0,16.9169407635927,10.1616742163897,290.348086729646,0,4.88120022416115,0,0,0,0,0,0,0,0,0,0,0,0,0,0,0.848011747002602,26.6022464931011,0,4.10562165081501,1.41938815265894,126.473616078496,6.11476922035217,323.432809896767,3.29951067268848,0,1.23743362724781,56.1148953288794,0,1.25714504718781,0.365022078156471,0,0.123960331082344,0,0,0,0,0,0.518714308738708,0,0,0.250265270471573,0,0.546954825520515,32.3583237081766,0,0,0,0,0,0,0,0,0,0,0,0,0,0,1.23869195580482,199.917714424431,0,38.933393150568,121.175712861121,0.212450444698334,198.807709626853,0,113.404293194413
0.480443626642227,50.2957752048969,0,44.7370593398809,0,2.21043229103088,0,0,0,0,0,8.04949226975441,0,0,0,0,16.7424754947424,20.0716981291771,684.894244171679,20.7580637335777,0,0,0,0.282222807407379,0,0,0,0,0,0,0,0,0,0,0,132.306461311877,0.313862010836601,108.595173880458,0,686.996537178755,1.50002405047417,328.14145796746,12.8106915056705,127.410463884473,1.23743362724781,0,6.79977216571569,0.948819011449814,5.42825064063072,115.718121528625,0,4.62332992255688,0,0,0,0,0,93.9051277935505,0,1.27400414645672,0,0,1905.43183487654,2.60300563275814,0,0,0,0,0,0,0,0,2.98371773958206,0,0,0,0,0,1332.32139583677,4.76206625252962,360.037410482764,0.535944297909737,259.701190121472,0.390461772680283,817.138427399099,22.3110889494419,10.076577603817
18.8800317794085,0,65.586243391037,1.14833448827267,0.895420789718628,0,0,0,7.71121683716774,0,0,0,0,0,0,0,70.9528638422489,24.8796691820025,830.225310333073,0,263.905236437917,0,0,0,0,0,0,0,0,0,0,0,0,0.102607905864716,0,0,284.172136642039,0,98.7298885434866,1.66325704753399,323.756291508675,8.69016382843256,1214.03605309129,1.40688939392567,56.1148953288794,6.79977216571569,0,0,21.0221475958824,0.124135747551918,0,0.219868034124374,0,0,2.55668663978577,0,25.5961989611387,1.0749373883009,4.34237068891525,0,3.41880083084106,0,1.01452687382698,1191.87285871059,0,0,0,0,0,0,0,3.50889030098915,0,29.9396190568805,0,0,0,0,5.69626834988594,1514.84724286199,0.657186150550842,223.1368855685,521.024111062288,4.46370612084866,692.109535984695,2.54393018782139,38.9656564593315
0,0.727681159973145,0,0,3.17141056060791,0,0,0,0.15631140768528,0,0,0,0,0,0,0,0,0,0.39438471198082,0,0,0,0,0,0,0,0,0,0,0,0,1075.2434348017,597.525658264756,282.102338314056,689.273409560323,200.420851558447,14.0145224779844,18.5955323725939,365.063597381115,0,0,9.24542370438576,36.8398734331131,0,0,0.948819011449814,0,0,3398.30613587797,1566.62622439861,0,0,0,0,0,0,0.259034395217896,0,0,0,0,0,0,0,0,0,0,0,0,0,0,0,0,0,184.319596290588,161.256365403533,183.569816827774,245.01575602591,406.720572471619,461.680983409286,112.873552769423,116.123565167189,2591.48426367342,42.60910987854,593.891213268042,0.276867717504501,0
311.875109121203,0,153.466341897845,16.960656940937,9.13069355487823,0.572883993387222,0,0,75.9805381149054,0,0,0,0,0,6.92473316192627,0,2.66998693346977,0,19.957953453064,8.12833686172962,8.64503394067287,0,213.885488256812,0,1.67076215147972,0,0,0,0,0,0,57.7693075239658,14.2873064577579,0,44.7119237333536,9.42762465775013,98.5540964305401,0,303.220814079046,0,80.490611821413,0,1057.63922710717,0,1.25714504718781,5.42825064063072,21.0221475958824,3398.30613587797,0,396.814826697111,1.35848374664783,0.2971570789814,0,0,20.103876054287,0,61.4281526356936,0,41.7102569043636,0,135.938374966383,0,0,7.22075188159943,0,38.6673700809479,0,22.1529024541378,0,1.81612366437912,0,36.1700904816389,0,23.7621506601572,3.4512392282486,7.78756028413773,0,77.4065319746733,7.87786051630974,1385.26013976336,0,681.222427070141,1725.05542591214,1.33104677498341,1541.34052024782,0,0
0,87.1209535598755,0,86.5198227763176,0,4.57931470870972,0,0,0,8.25679308176041,0,0,0,1.8558965921402,0,5.22973254323006,2.4564388692379,5.84643061459064,228.881793186069,4.43888065218925,0,12.1058786958456,0,3.79829408228397,0,0,0,0,0,0,0,19.511304050684,0,7.51497966051102,0,81.7946017384529,0.304440729320049,77.1916546821594,0,197.382498562336,0,944.298966988921,2.17070131003857,93.1277151554823,0.365022078156471,115.718121528625,0.124135747551918,1566.62622439861,396.814826697111,0,0,4.32415026426315,0,0,0,8.16989296674728,0,173.733099341393,0,109.213008016348,0,55.6005195975304,13.2289849668741,0.218569323420525,13.1600739955902,0,5.47733700275421,0,83.2587888836861,0,14.7692518830299,0,3.75202749669552,0,0.476384997367859,0,44.2753426730633,0,173.306338079274,0.458068750798702,503.180512458086,0.159943208098412,3307.18941070139,2.96630017459393,922.128407239914,56.5240582376719,0.370916113257408
1.45604586601257,0,36.515157520771,0,714.400491118431,0,130.485461175442,0,52.7585397362709,0,0,0,0.80929696559906,0,148.737040489912,0,0,0,0,0,30.0044783353806,0,0,0,0,0,0,0,0,0,0,0,0,0,0,0,7.88098157942295,0,0,0,0,0,1.50594681501389,0,0,0,0,0,1.35848374664783,0,0,0,20.2477005720139,0,1.12758922576904,0,96.5188314914703,0,109.29872789979,0,171.805906385183,0,0,0,0,0,0,0,0,0,0,0,0,0,0,0,0,0,0,3.25993478298187,0,0,407.815961271524,1.24037599563599,163.164377182722,0,0
0,0.820534706115723,0,264.369004175067,0,1115.03681583703,0,39.2006220221519,0,179.017194956541,0,7.02208843827248,0,7.5378303527832,0,140.833673596382,0,0,0.228546142578125,101.087270751595,0,0,0,0,0,0,0,0,0,0,0,0,0,0,0,40.6311739683151,0,0,0,0,0,9.47811684012413,0,0.80990993976593,0.123960331082344,4.62332992255688,0.219868034124374,0,0.2971570789814,4.32415026426315,0,0,0,190.201279431581,0,0,0,82.5787086039782,0,31.379093170166,0,37.2286606580019,41.849072471261,0.131046116352081,0,0,0,0,0,0,0,0,0,0,0,0,0,0,52.9593263417482,0.484376788139343,0.246690645813942,0,1362.93033134937,3.74851211905479,418.864472791553,0.37656307220459,0
0,0,0,0,26.0865275859833,0,535.276793956757,0,0,0,0,0,0,0,0,0,0,0,0,0,0,0,0,0,0,0,0,0,0,0,0,0,0,0,0,0,0,0,0,0,0,0,0,0,0,0,0,0,0,0,20.2477005720139,0,0,0,0,0,110.259880393744,0,0,0,0,0,0,0,0,0,0,0,0,0,0,0,0,0,0,0,0,0,0,0,0,0,43.1365132927895,0,0,0,0
0,0,0,0,0,29.7600128650665,0,627.564572572708,0,0,0,1.27889409661293,0,0,0,0,0,0,0,15.8338616788387,0,0,0,0,0,0,0,0,0,0,0,0,0,0,0,0.564006447792053,0,0,0,0,0,0,0,0,0,0,0,0,0,0,0,190.201279431581,0,0,0,0,0,410.085898444057,0,8.8758916258812,0,0,75.9018163979053,0,0,0,0,0,0,0,0,0,0,0,0,0,0,0,0,0,0,0,37.1706556677818,0,33.0742402970791,0,0
639.433080539107,0,314.534231990576,0,3.90950262546539,0,0,0,984.961973577738,0,0,0,0,0,73.7129499167204,0,0,0,0,0,0.750250816345215,0,0,0,29.6099592447281,0,0,0,0,0,0,0,0,0,0,0,4.03162097930908,0,20.3253881633282,0,0,0,69.8116461038589,0,0,0,2.55668663978577,0,20.103876054287,0,1.12758922576904,0,0,0,0,0,3.17090940475464,0,0,0,68.1732801795006,0,0,0,0,0,0,118.928235456347,0,1.02693796157837,0,2.02965784072876,0,0,0,0,0,0,0,2.724494099617,0,48.7186540663242,294.976100087166,1.64369823038578,44.7182951718569,0,0
0,181.71034283936,0,9.4083253890276,0,0,0,0,0,542.263564482331,0,0,0,0,0,37.2373440414667,0,5.76755261421204,0,0,0,0,0,159.760875195265,0,44.200933560729,0,0,0,0,0,0,0,0,0,0,0,3.62288562953472,0,0,0,1.03665329515934,0,0,0,0,0,0,0,8.16989296674728,0,0,0,0,0,0,0,0,0,0,0,279.814278677106,0,0,0,0,123.180111855268,0,12.7083346843719,0,0,0,0,0,0,0,0,0,0,0,5.06807491183281,0,87.8751793205738,0,20.5106218457222,0,0
9.49238616228104,0,42.5351874828339,0,6.40139791369438,0,124.176792532206,0,16.6314138025045,0,2789.12979245186,0,11.1496218442917,0,0,0,0.323726028203964,0,9.99101416766644,0,276.827586144209,0,0,0,0,0,0,0,1.51392465829849,0,31.8112418651581,0,0,0,0,0,246.339384309947,0,4.59444665908813,0,0.660013735294342,0,97.3602896183729,0,0,0,25.5961989611387,0.259034395217896,61.4281526356936,0,96.5188314914703,0,110.259880393744,0,3.17090940475464,0,0,0,194.463613271713,0,72.008772790432,0,0,774.615436159074,0,0,0,0,0,0,0,13.5609659254551,0,121.871892273426,0,0,0,0,0,85.5533373579383,0,0.684766709804535,179.82686458528,0.187830284237862,733.425290897489,0,0.291106283664703
0,45.3659414947033,0,246.592876434326,0,17.6955043971539,0,121.190735936165,0,14.6899751126766,0,2188.44988103211,0,112.489065349102,0,0.863934755325317,0.388191282749176,1.30373878777027,144.829286061227,351.012369811535,0,0,0,0,0,0,0,0,0,1,0,0,0,0,0,122.37164785713,0.135051667690277,173.684691429138,0,25.3478743135929,1.14025647938251,623.51789984107,1.44548503309488,3.69799646735191,0.518714308738708,93.9051277935505,1.0749373883009,0,0,173.733099341393,0,82.5787086039782,0,410.085898444057,0,0,0,0,0,430.554858744144,0,78.7670571208,1294.64070568979,1.34667909145355,0,0,0,0,0,0,0,0,204.965777561069,0,0,0,0,0,187.086369916797,1.88783326745033,6.97990494966507,0,770.684446513653,2.15730178356171,1756.69979625195,2.74630054831505,2.29998082667589
9.10499759018421,0,9.07969196140766,0,16.3867006599903,0,3.52405777573586,0,6.49907895922661,0,221.810063958168,0,973.070576161146,0,14.9127096831799,0,0,0,0.410987973213196,0,4.4892206788063,0,0,0,0,0,2.87744688987732,0,60.0756140649319,0,0,0,0,0,0,0,6.7924252897501,0,0,0,0.125022247433662,0,39.4785158038139,0,0,0,4.34237068891525,0,41.7102569043636,0,109.29872789979,0,0,0,0,0,194.463613271713,0,0,0,170.113267719746,0,0,63.5352818369865,0,0,0,0,0,0,0,17.2204409241676,0,0.49540913105011,0,0,0,0,0,35.8648832291365,0,0,55.1752251237631,2.62259750068188,216.291439637542,0,0
0,1.84065890312195,0,86.402298361063,0,1.38733303546906,0,24.4671316742897,0,0,0,148.808016836643,0,585.880687624216,0,95.6218299865723,0,0,0,0.598959803581238,0,0,0,0,0,0,0,229.705988764763,0,0,0,0,0,0,0,0.589923977851868,0,0.360118120908737,0,0,0,7.23592111468315,0,0,0,1.27400414645672,0,0,0,109.213008016348,0,31.379093170166,0,8.8758916258812,0,0,0,430.554858744144,0,0,0,254.883430719376,4.17474845051765,0,0,0,0,0,43.7636426687241,0,155.400236845016,0,0,0,0,0,0,0,9.9636754989624,0,0,0,48.8434452414513,1,53.8221780061722,0,0
484.198331668973,0,197.894508436322,0,9.54579344391823,0,0,0,522.808890581131,0,0,0,11.1751375794411,0,1388.16455054283,0,0,0,0.688438951969147,0,2.23533779382706,0,0.311911731958389,0,257.289634883404,0,28.2559917718172,0,0,0,0,0,0,0,0,0,5.17668840289116,0,1.18138775229454,0,0,0.379131525754929,222.998093768954,0,0.250265270471573,0,3.41880083084106,0,135.938374966383,0,171.805906385183,0,0,0,68.1732801795006,0,72.008772790432,0,170.113267719746,0,0,0,0,16.8792325407267,0,0,0,0.265143901109695,0,134.130666792393,0,19.7298925220966,0,0,0,0,0,0,0,11.4174607247114,0,0,262.259249404073,1.01410672068596,313.442669615149,0,0
0,48.4177021980286,0,111.259874552488,0,36.7809646129608,0,0,0,234.397702440619,0,0,0,652.950001627207,0,946.852590382099,0,11.2934214472771,0,0,0,0,0,8.55685493350029,0,6.35482378304005,0,0,0,0,0,0,0,0,0,0,0,0.262785196304321,0,0,0,6.61527591943741,0.421446114778519,0,0,0,0,0,0,55.6005195975304,0,37.2286606580019,0,0,0,279.814278677106,0,78.7670571208,0,254.883430719376,0,0,0,0,0,0,0,0,32.8719363212585,0,0.847330182790756,0,0,0,0,0,0,0,0,0.221164226531982,0,0,312.785058364272,0,53.3436376303434,0,0
0.688316106796265,7.42999698221684,0,6.40375359356403,0,45.4129401147366,0,2.9226365685463,0,0,0,77.8479750305414,0,0,0,0,3.34164044260979,6.10039791464806,126.405983828008,1790.23105508089,0,0,0,0,0,0,0,0,0,0,0,0,0,0,0,1099.32558826357,0,256.029984399676,0,200.033050619066,0.671599641442299,143.125205650926,2.59981781244278,14.7499597817659,0.546954825520515,1905.43183487654,1.01452687382698,0,0,13.2289849668741,0,41.849072471261,0,75.9018163979053,0,0,0,1294.64070568979,0,4.17474845051765,0,0,0,2.02554599940777,0,0,0,0,0,0,0,0,9.2387962937355,0,0,0,0,0,1809.02728482336,0.613158360123634,330.994062945247,0,525.952499896288,1.86767494678497,1132.59992609173,4.96336415410042,0.203554183244705
9.47862981259823,0,26.3385080546141,0.350994244217873,0,0,0,0,1.36564286053181,0,44.8206901699305,0,0,0,0,0,24.12069837749,13.3148932605982,301.705196857452,0,3913.71592400968,0,0,0,0,0,0,0,0,0,0,0,0,0,0,0,1584.43514063209,0,352.161927014589,2.37441835552454,31.9307946264744,3.87824014574289,745.197339013219,1.72424580156803,32.3583237081766,2.60300563275814,1191.87285871059,0,7.22075188159943,0.218569323420525,0,0.131046116352081,0,0,0,0,774.615436159074,1.34667909145355,63.5352818369865,0,16.8792325407267,0,2.02554599940777,0,0,0,0,0,0,0.157151862978935,0,7.96188132464886,0,202.558205336332,0,0,0,0,0.762392327189445,1772.80840058625,0.106389574706554,89.1831901967525,712.592886045575,0.388474240899086,1322.76238209009,1.54100024700165,10.9630614668131
0,0,0,0,0,0,0,0,0,0,0,0,0,0,0,0,0,68.532291829586,0,0,0,7018.34837257862,0,17.8459245562553,0,0,0,28.1181521564722,0,0,0,0,0,0,0,0,0,138.289000451565,0,0,0,0,0,0,0,0,0,0,0,13.1600739955902,0,0,0,0,0,0,0,0,0,0,0,0,0,0,0,0,129.17234480381,0,115.706177890301,0,977.557004243135,0,0,0,0,0,0,0,0,0,358.255973011255,0,320.05203178525,0,0,0,0
0,0,0,0,0,0,0,0,0,0,0,0,0,0,0,0,596.12353259325,0,0,0,0,0,6468.21846157312,0,0,0,11.1525169610977,0,110.142890900373,0,0,0,0,0,0,0,0,0,110.817939788103,0,0,0,0,0,0,0,0,0,38.6673700809479,0,0,0,0,0,0,0,0,0,0,0,0,0,0,0,0,0,0,13.65371966362,0,173.126400977373,0,524.017312139273,0,0,0,0,0,0,0,0,0,300.206948101521,185.937622636557,0,0,0,0
0,13.2846625894308,0,1.35162757337093,0,0,0,0,0,22.4353659152985,0,0,0,0,0,0,0,7.64969438314438,0.171713173389435,0,0,281.626320898533,0,404.295408964157,0,12.6332777142525,0,0,0,0,0,0,0,0,0,0,0,300.855439633131,0,0,0,0,0,0,0,0,0,0,0,5.47733700275421,0,0,0,0,0,123.180111855268,0,0,0,0,0,0,0,0,129.17234480381,0,0,0,95.7426599264145,0,0,0,0,0,0,0,0,0,0,0,431.585962563753,0,100.033278137445,0,479.899182841182,0,0
6.7886281311512,0,0,0,0,0,0,0,0,0,0,0,0,0,0,0,0,0,0,0,0,0,44.7229840010405,0,394.581710413098,0,0,0,0,0,0,0,0,0,0,0,0,0,556.70932918787,0,0,0,12.3732255995274,0,0,0,0,0,22.1529024541378,0,0,0,0,0,118.928235456347,0,0,0,0,0,0.265143901109695,0,0,0,0,13.65371966362,0,0,0,3.22647476196289,0,0,0,0,0,0,0,0,0,0,0,170.689882233739,50.2880960255861,0,77.847583681345,0,0
0,0,0,0,0,0,0,0,0,3.22527852654457,0,0,0,1.46436858177185,0,2.17857336997986,0,48.4344945698977,0,0,0,39.7331666350365,0,163.3211158216,0,922.39770154655,0,98.3748115152121,0,0,0,0,0,0,0,0,0,11.2314788103104,0,0,0,0,0,0,0,0,0,0,0,83.2587888836861,0,0,0,0,0,12.7083346843719,0,0,0,43.7636426687241,0,32.8719363212585,0,0,115.706177890301,0,95.7426599264145,0,0,0,615.262766569853,0,0,0,0,0,0,0,0,0,7.07726883888245,0,3.60812735557556,0,7.13303932547569,0,0
1.05890321731567,0,0,0,0,0,0,0,8.1198218613863,0,0,0,0.453086853027344,0,31.3452874720097,0,11.5074332952499,0,0,0,0,0,65.4646452963352,0,46.5384484380484,0,230.02840128541,0,8.13478268682957,0,0,0,0,0,0,0,0,0,8.35120537877083,0,0,0,4.45762240886688,0,0,0,0,0,1.81612366437912,0,0,0,0,0,1.02693796157837,0,0,0,0,0,134.130666792393,0,0,0.157151862978935,0,173.126400977373,0,3.22647476196289,0,0,0,3.63782194256783,0,0,0,0,0,0,0,0,0,0.599797427654266,6.52917218208313,0,3.71168577671051,0,0
0,0,0,0,0,0,0,0,0,0,0,0,0,0.689942836761475,0,0,0,0,0,0,0,26.5523839592934,0,0,0,15.8133742213249,0,1010.14586424828,0,82.2207065820694,0,0,0,0,0,0,0,0,0,0,0,1.50599956512451,0,0,0,0,0,0,0,14.7692518830299,0,0,0,0,0,0,0,0,0,155.400236845016,0,0.847330182790756,0,0,977.557004243135,0,0,0,615.262766569853,0,0,0,154.951656892896,0,0,0,0,0,0,0,2.1110771894455,0,6.15123444795609,0,0.37960547208786,0,0
18.7251983880997,0,15.0641698688269,0.132881790399551,0,0,0,0,15.9960803687572,0,171.615562886,0,20.5060512572527,0,0.595911771059036,0,0.536761730909348,0,2.2040636241436,0,1.47992533445358,0,506.803647845984,0,0,0,14.4662270098925,0,2466.00637902319,0,291.220359683037,0,0,0,0,0,2.32491911947727,0,36.1884385049343,0,0,0,124.073028728366,0,0,0,3.50889030098915,0,36.1700904816389,0,0,0,0,0,2.02965784072876,0,13.5609659254551,0,17.2204409241676,0,19.7298925220966,0,0,7.96188132464886,0,524.017312139273,0,0,0,3.63782194256783,0,0,0,42.667503029108,0,0,0,0,0,5.43533847481012,0,296.698050528765,110.156470566988,0,75.0426372364163,0,1.34833943843842
0,6.47174572944641,0,11.6035180687904,0,0,0,0,0,4.91059285402298,0,287.152112528682,0,0,0,0,0,0.742966294288635,97.1116023808718,0,0,0,0,0,0,0,0,29.1601903438568,0,395.289727896452,0,0,0,0,0,0.335298001766205,0,234.162860065699,0,2.27407713234425,0.115111321210861,366.509730756283,0.695598527789116,0.51208133995533,0,2.98371773958206,0,0,0,3.75202749669552,0,0,0,0,0,0,0,204.965777561069,0,0,0,0,9.2387962937355,0,0,0,0,0,0,0,154.951656892896,0,0,0,0,0,0,0,3.90498158335686,0,364.703607797623,0,218.087341681123,0,88.1584661900997,1.62230598926544,0
5.96627426147461,0,6.17571100592613,0,0,0,0,0,1.17556595802307,0,4.59457492828369,0,0,0,0,0,1.96353608369827,0,8.40941661596298,0,13.659991979599,0,0,0,0,0,0,0,4.96414947509766,0,235.473339855671,0,0,0,0,0.139474675059319,8.61991691589355,0,72.6643209308386,0,2.1577507853508,0,78.4951186329126,0,0,0,29.9396190568805,0,23.7621506601572,0,0,0,0,0,0,0,121.871892273426,0,0.49540913105011,0,0,0,0,202.558205336332,0,0,0,0,0,0,0,42.667503029108,0,0,0,0,0,0,0,52.7590020149946,0,41.3612545579672,98.484384521842,0.127462908625603,445.205832950771,0,0.597241640090942
