0,0,11.4746713942172,0,0,0,0,0,5.71471930381864,0,0,0,0,0,0,0,25.8374260266622,0,14.1893066668328,0,0,0,0,0,0,0,0,0,0,0,0,0,0,0,0,0,53.9156397183736,0,30.0193271636963,58.6921157836914,28.5446701049805,81.9944534301758,14.175922000219,36.0475902557373,0,66.5926818847656,15.3331090450287,0,8.35101613113424,0,0,0,0,0,4.77276616568094,0,10.9276591539383,0,16.0453758239746,0,10.0698687754737,0,0,34.0309524536133,0,0,0,0,0,0,0,0,0,24.6409994761149,0,0,0,0,62.7423032124837,46.8079223303959,0,28.981616973877,9.73750045346809,17.6382389068604,10.6183923557953,47.6829948425293,9.83459631601969
0,0,0,5.39779685463822,0,0,0,0,0,6.07076336125859,0,0,0,0,0,0,34.3414363861084,0,12.122938982078,0,0,0,0,13.7929463386536,0,0,0,0,0,0,0,0,0,0,0,54.6348838806152,0,18.3607892990112,0,30.8855991363525,0,16.2480474248787,0,13.2366514205933,0,16.8078144618443,43.9607181549072,0,0,5.4179817034648,0,0,0,0,0,4.71907423791431,0,22.2183081309001,0,0,0,0,34.9252716064453,61.3868064880371,0,0,10.8164846897125,0,12.4733146031698,0,11.7735633850098,0,27.173865669652,0,0,0,0,0,45.5126966303045,58.2782382965088,31.1661719446597,0,8.59802591275361,0,11.5764551935823,14.1855776686417,0
11.4746713942172,0,0,52.9220695495605,12.5321930932327,0,0,0,8.42761905626817,0,0,0,0,0,0,0,55.2151554652623,0,35.1817391395569,0,35.0882682800293,0,0,0,0,0,0,0,0,0,0,0,0,0,0,0,51.3104354010688,0,0,0,25.6433391571045,0,22.0147958643296,0,30.758485521589,0,17.8288680485317,0,14.0956778082048,0,14.373011663225,0,0,0,8.69431887018508,0,23.0759892592559,60.8661270141602,14.8206334908803,0,7.04278496165334,0,0,28.5418236255646,0,0,0,0,0,0,0,0,0,27.9547761770395,0,0,0,0,0,38.2360945807563,0,33.9353055392995,15.5208296893348,22.0946165847778,19.3437267572249,0,19.0674189768339
0,5.39779685463822,52.9220695495605,0,0,7.8019701350819,0,0,0,7.6309450968044,0,0,0,0,0,8.835862159729,0,0,31.1978063583374,6.81793775558472,0,0,0,0,0,0,0,0,0,0,0,0,0,0,0,31.0916300761072,34.5804061889648,0,0,40.0148597717285,0,19.663509597184,36.9529190063477,0,0,54.3082828521729,0,0,0,10.0409362678942,59.9865036010742,5.85207177188298,0,0,0,6.09905895290025,71.1568908691406,10.2724733352661,0,3.56654710284734,0,6.30508976777395,41.9522857666016,0,0,0,0,0,0,0,29.6360920992765,0,28.8237614329857,0,0,0,0,0,40.5022720336914,0,35.2794494628906,0,15.5639084333799,25.8105990236456,16.7550860247027,15.8438372892492,0
0,0,12.5321930932327,0,0,0,4.2124964594841,0,4.34786112057535,0,0,0,3.34950624979459,0,5.73881086083346,0,0,0,38.2165195941925,0,5.78323838445875,0,0,0,0,0,0,0,0,0,0,0,0,0,0,0,15.8980055859214,0,0,0,0,0,31.6653926849365,0,28.9793310165405,0,32.1471211115519,0,43.0737030594437,44.6598243713379,5.54451207307555,0,3.16682744026184,0,4.76684746742248,0,9.26406539570202,0,6.45646878947382,0,5.42610000383736,0,0,24.2306270202001,0,0,0,0,0,0,0,0,0,0,0,0,0,0,97.7329940795898,41.3219858169556,0,79.0882034301758,5.32615244784296,18.2580818143384,28.2524103622437,0,0
0,0,0,7.8019701350819,0,0,0,3.10193498929342,0,18.9785289764404,0,2.96186399459839,0,0,0,0,0,0,0,2.7276623249054,0,0,0,0,0,0,0,0,0,0,0,0,0,0,0,10.1296527703603,0,0,0,0,0,30.1877738952637,0,0,0,0,0,0,0,25.4129117329915,0,3.7548043943727,0,2.90828533172607,0,2.88146771325005,0,23.808117165285,0,5.75579770406087,0,0,16.5916748046875,0,0,0,0,0,0,0,34.3995346069336,0,37.3011032104492,0,0,0,0,0,0,0,0,0,6.10694989950761,35.1923179626465,12.9607988508124,30.0379104614258,0
0,0,0,0,4.2124964594841,0,0,0,0,0,3.60102622509003,0,3.31089305877686,0,0,0,0,0,0,0,4.57473628222942,0,0,0,0,0,0,0,0,0,0,0,0,0,0,0,0,0,0,0,0,0,0,0,0,0,0,0,0,0,3.16586446762085,0,3.35932597425795,0,0,0,0,0,2.82866163875746,0,0,0,0,8.59557456970215,0,0,0,0,0,0,0,0,0,0,0,0,0,0,0,0,0,0,3.82717123738042,4.48849400877953,0,0,0
0,0,0,0,0,3.10193498929342,0,0,0,0,0,0,0,3.3732479095459,0,0,0,0,0,0,0,0,0,0,0,0,0,0,0,0,0,0,0,0,0,0,0,0,0,0,0,0,0,0,0,0,0,0,0,0,0,3.08914232254028,0,3.78102499164947,0,0,0,4.00730752944946,0,3.41281361050076,0,0,0,0,0,0,0,0,0,0,0,0,0,0,0,0,0,0,0,0,0,0,2.73763805627823,0,0,0,0
5.71471930381864,0,8.42761905626817,0,4.34786112057535,0,0,0,0,0,0,0,0,0,3.90005784034729,0,0,0,68.6243057250977,0,0,0,0,0,3.8304781516393,0,0,0,0,0,0,0,0,0,0,0,0,0,8.44878796430734,0,0,0,5.69725116232167,0,0,0,0,0,8.37597718991731,0,5.45622730255127,0,0,0,5.79634716157137,0,19.1564311981201,0,0,0,5.06057807580749,0,0,0,0,0,0,4.53859513456171,0,3.33392124590666,0,0,0,0,0,0,0,0,0,0,0,11.1208536536605,5.23252605516594,0,6.81427729129791,0,8.04669169017247
0,6.07076336125859,0,7.6309450968044,0,18.9785289764404,0,0,0,0,0,0,0,0,0,3.56700808443922,0,0,0,0,0,0,0,5.30802143559311,0,3.0630552150585,0,0,0,0,0,0,0,0,0,43.6698207855225,0,11.613050609827,0,0,0,9.90690159028576,0,0,0,0,0,0,0,15.1346744390634,0,0,0,0,0,6.77804820372725,0,37.1541748046875,0,0,0,3.99462870324012,0,0,0,0,7.66675817845231,0,3.04265010356903,0,43.0890655517578,0,38.9836475665753,0,0,0,0,0,0,0,18.7703095464145,0,6.15969433585342,7.1089141368866,10.3127707753863,8.31683306694031,0
0,0,0,0,0,0,3.60102622509003,0,0,0,0,0,3.532295022692,0,0,0,0,0,0,0,8.45967277165117,0,0,0,0,0,0,0,3.8986177444458,0,8.68942558718663,0,0,0,0,0,0,0,3.71829967857689,0,0,0,0,0,0,0,0,0,0,0,0,0,3.22542309761047,0,0,0,7.1936408306921,0,3.33635351633785,0,0,0,0,7.2294425870858,0,0,0,0,0,0,0,0,0,9.69037842750549,0,0,0,0,0,0,0,5.64671509606498,4.22689961421527,4.27346670627594,20.785680770874,0,0
0,0,0,0,0,2.96186399459839,0,0,0,0,0,0,0,2.9775129949084,0,0,0,0,0,5.39013114770253,0,0,0,0,0,0,0,2.92624436484443,0,4.33335560708007,0,0,0,0,0,5.02710796991984,0,3.46562797421808,0,0,0,0,0,0,0,14.9637479782104,0,0,0,0,0,4.3454962571462,0,3.1651074886322,0,0,0,6.71574361219477,0,3.30353673746067,0,0,8.1773168099554,0,0,0,0,0,0,0,3.97263821867323,0,4.49561767611239,0,0,0,0,0,4.28781953879765,0,4.52720118442755,0,4.16102097485517,0,6.31824124943126,0,0
0,0,0,0,3.34950624979459,0,3.31089305877686,0,0,0,3.532295022692,0,0,0,6.66483858396422,0,0,0,0,0,0,0,0,0,0,0,3.05128204121309,0,4.04579858823654,0,0,0,0,0,0,0,0,0,0,0,0,0,0,0,0,0,0,0,0,0,0,0,0,0,0,0,3.24528966844082,0,4.55916717462706,0,5.43535497609307,0,0,0,0,0,0,0,0,0,0,4.01851117610931,0,0,0,0,0,0,0,0,0,0,3.22957007768678,3.46777527831322,0,0,0
0,0,0,0,0,0,0,3.3732479095459,0,0,0,2.9775129949084,0,0,0,3.3257405067745,0,0,0,0,0,0,0,0,0,0,0,0,0,2.72465324401855,0,0,0,0,0,0,0,0,0,0,0,0,0,0,0,0,0,0,0,0,0,0,0,3.54616012573242,0,0,0,3.58871102333069,0,4.23537479576312,0,3.80983299946566,0,0,0,0,0,0,0,0,3.09921143054962,0,0,0,0,0,0,0,0,0,0,0,3.04649968992306,3.64245429164485,0,0,0
0,0,0,0,5.73881086083346,0,0,0,3.90005784034729,0,0,0,6.66483858396422,0,0,0,3.03040154774984,0,0,0,0,0,0,0,10.4932211467198,0,9.73356533050537,0,2.87529873847961,0,0,0,0,0,0,0,0,0,0,0,0,0,0,0,0,0,0,0,0,0,0,0,0,0,5.09944183826447,0,7.34938406944275,0,6.10992394960844,0,4.37330696659703,0,0,0,0,0,0,11.9419345855713,0,8.36347482601801,0,0,0,0,0,0,0,0,0,0,0,0,7.76042608347806,3.42879915237427,15.9850698471069,0,0
0,0,0,8.835862159729,0,0,0,0,0,3.56700808443922,0,0,0,3.3257405067745,0,0,0,0,0,0,0,0,0,0,0,3.47292232513428,0,0,0,0,0,0,0,0,0,0,0,27.5544528961182,0,0,0,0,0,0,0,0,0,0,0,0,0,0,0,0,0,6.16698995503512,0,0,0,2.73256731033325,0,3.58352902829647,0,0,32.3240242004395,0,16.7751504182816,0,3.45948839187622,0,0,0,0,0,0,0,0,0,0,0,25.865818977356,0,3.50955260318259,2.93154022428724,0,0,0
25.8374260266622,34.3414363861084,55.2151554652623,0,0,0,0,0,0,0,0,0,0,0,3.03040154774984,0,0,28.4593925267388,31.2395248039747,0,0,0,5.19248669364236,54.6395874023438,9.23292328251733,40.5122362772624,4.27114105224609,0,0,0,0,0,0,0,0,104.353504943848,100.509965419769,0,0,73.0024995514841,58.3914184570312,62.7836242026471,46.5279062519903,51.4288894292471,45.4732049444447,60.4886369313279,62.0193596753207,0,65.5314191182454,0,0,0,0,0,51.5997886657715,0,0,0,0,0,0,0,72.2835725726503,76.1825109628531,0,2.74647235870361,0,0,0,3.80489027500153,0,0,131.913467407227,0,0,0,0,0,82.8498240590885,84.7079718907674,73.0713882446289,85.779580116272,17.2120286765357,10.0267834444856,56.8754215136441,74.3946678161621,39.0079986865704
0,0,0,0,0,0,0,0,0,0,0,0,0,0,0,0,28.4593925267388,0,29.5204640014604,0,0,3.82824504090268,0,8.75993016958237,41.9641380310059,17.5458318831316,0,0,0,0,0,0,0,0,0,97.5602264404297,104.563082377116,0,0,0,63.0819301605225,59.9127260446548,63.7785714467367,59.1556131839752,61.8476270039876,73.8465595245361,73.1547588620867,0,127.407791137695,0,0,0,0,0,0,0,0,0,0,0,0,0,107.251098632812,81.7923431396484,3.72377164610501,0,0,0,3.62780941306771,0,0,0,102.096412658691,0,0,0,0,0,95.0142324447632,91.8258616129557,0,90.7060203552246,14.6462992411809,9.36115610452863,69.3206778439609,56.5044191148546,58.7511711120605
14.1893066668328,12.122938982078,35.1817391395569,31.1978063583374,38.2165195941925,0,0,0,68.6243057250977,0,0,0,0,0,0,0,31.2395248039747,29.5204640014604,0,0,78.3283030192057,0,48.8764114379883,0,33.9335441589355,0,0,0,0,0,0,0,0,0,0,59.6998326011121,68.8493348751428,0,55.649007508249,37.3226559376557,37.5032256099594,18.7850731355222,16.7882826839342,17.376694022119,20.117043037532,29.7604289444633,31.7715707530042,0,26.6482699850331,32.5772915501748,0,0,0,0,50.1190354029338,0,38.0283581415812,41.5648835500081,0,0,0,0,43.3157588513017,46.3267168696923,0,0,0,0,0,0,39.694785118103,0,28.6123751887569,35.3342938715098,0,0,72.1446685791016,0,49.1337958282007,52.7175377832269,36.670082634264,43.9655307544553,20.2056344971832,36.6976210276286,27.6125921015108,17.3795510013949,17.5471285087962
0,0,0,6.81793775558472,0,2.7276623249054,0,0,0,0,0,5.39013114770253,0,0,0,0,0,0,0,0,0,0,0,0,0,0,0,0,0,0,0,0,0,0,0,5.8173361087927,0,3.53305450315061,0,0,0,0,0,0,0,15.7170481681824,0,0,0,0,0,0,0,0,0,0,0,7.15227501732962,0,0,0,0,6.30819536817884,0,0,0,0,0,0,0,0,0,0,0,0,0,0,0,8.85118940740747,0,16.9863067040077,0,5.33686484650868,0,12.8518313806351,0,0
0,0,35.0882682800293,0,5.78323838445875,0,4.57473628222942,0,0,0,8.45967277165117,0,0,0,0,0,0,0,78.3283030192057,0,0,0,0,0,0,0,0,0,0,0,0,0,0,0,0,0,7.6552623450576,0,3.82247672875722,0,0,0,41.426438331604,0,0,0,12.7897415161133,0,37.5563803586093,0,10.2075005045124,0,0,0,0,0,9.21839064627783,89.0067901611328,12.7353384494781,0,0,0,0,8.3115669916937,0,0,0,0,0,0,0,23.1205768585205,0,16.5931171344805,0,0,0,0,0,8.7411109420493,0,7.22834196957675,10.8741137938066,7.21118974685669,13.0730854905964,0,0
0,0,0,0,0,0,0,0,0,0,0,0,0,0,0,0,0,3.82824504090268,0,0,0,0,3.12154944453921,6.07644180059433,0,2.8760947783788,0,3.19376350678119,0,0,0,0,0,0,0,0,0,5.7514690210328,0,0,0,48.0478324890137,0,0,0,0,0,0,0,9.21159317860237,0,0,0,0,0,0,0,23.7751407623291,0,25.8278198242188,0,0,0,0,5.81141638711842,0,5.36644493560402,0,14.1510582293494,0,5.51290282374578,0,0,0,0,0,0,0,0,0,7.4983910175001,0,4.29694419640761,0,0,0,0
0,0,0,0,0,0,0,0,0,0,0,0,0,0,0,0,5.19248669364236,0,48.8764114379883,0,0,3.12154944453921,0,0,4.39168641061494,0,3.54711079597473,0,5.20444159659128,0,0,0,0,0,0,0,0,0,5.6616971496358,0,0,0,0,0,0,0,0,0,13.0215036710103,0,0,0,0,0,0,0,0,0,0,0,0,0,0,0,0,4.92966875012716,0,8.98831289884995,0,9.70456025389587,0,8.56706318096681,0,11.9572890758514,0,0,0,0,0,0,0,7.00936933448412,4.11946545162267,3.7045832157135,0,0,0
0,13.7929463386536,0,0,0,0,0,0,0,5.30802143559311,0,0,0,0,0,0,54.6395874023438,8.75993016958237,0,0,0,6.07644180059433,0,0,0,3.37586847373417,0,0,0,0,0,0,0,0,0,0,0,6.45813373293195,0,0,0,8.88821752866109,0,0,0,0,0,0,0,9.98767692392523,0,0,0,0,0,5.92615565326479,0,0,0,0,0,0,0,0,9.22730053281321,0,5.03172411569735,0,5.17258816957474,0,6.5932023525238,0,0,0,0,0,0,0,0,0,8.54277323301022,0,7.47895156900296,9.08938121795654,9.95428311824799,9.86814212799072,0
0,0,0,0,0,0,0,0,3.8304781516393,0,0,0,0,0,10.4932211467198,0,9.23292328251733,41.9641380310059,33.9335441589355,0,0,0,4.39168641061494,0,0,0,5.91489543914795,0,0,0,0,0,0,0,0,0,0,0,8.6781976663383,0,0,0,5.69908285140991,0,0,0,0,0,12.6090888644374,0,0,0,0,0,7.08960583557685,0,0,0,0,0,10.43041128336,0,0,0,0,5.84577884497466,0,4.49809167544047,0,5.6832587301872,0,13.2060982783635,0,0,0,0,0,0,0,0,0,9.45298910504989,5.35453101450747,0,8.81148613126654,0,0
0,0,0,0,0,0,0,0,0,3.0630552150585,0,0,0,0,0,3.47292232513428,40.5122362772624,17.5458318831316,0,0,0,2.8760947783788,0,3.37586847373417,0,0,0,3.00869481265545,0,0,0,0,0,0,0,0,0,0,0,0,0,0,0,0,0,0,0,0,0,6.34038305282593,0,0,0,0,0,2.94721150398254,0,0,0,0,0,2.72676467895508,0,0,3.23910554250081,0,4.90422854953342,0,3.13546734717157,0,3.04467532213996,0,0,0,0,0,0,0,0,0,0,0,18.3722270329793,0,15.7842636108398,0,0
0,0,0,0,0,0,0,0,0,0,0,0,3.05128204121309,0,9.73356533050537,0,4.27114105224609,0,0,0,0,0,3.54711079597473,0,5.91489543914795,0,0,0,3.00760773480949,0,0,0,0,0,0,0,0,0,0,0,0,0,0,0,0,0,0,0,0,0,0,0,0,0,0,0,0,0,4.7123502890269,0,8.07487461566925,0,0,0,0,0,0,0,0,3.97710012849481,0,2.86960411071777,0,0,0,0,0,0,0,0,0,0,4.07294265429179,0,0,0,0
0,0,0,0,0,0,0,0,0,0,0,2.92624436484443,0,0,0,0,0,0,0,0,0,3.19376350678119,0,0,0,3.00869481265545,0,0,0,7.58689438501994,0,0,0,0,0,0,0,0,0,0,0,0,0,0,0,0,0,0,0,0,0,0,0,0,0,0,0,0,0,0,0,0,0,0,3.3729149650883,0,0,0,3.27403017570233,0,3.68622013582383,0,14.7252139529666,0,0,0,0,0,0,0,13.4830261788717,0,2.9329516964574,3.27025091648102,0,0,0
0,0,0,0,0,0,0,0,0,0,3.8986177444458,0,4.04579858823654,0,2.87529873847961,0,0,0,0,0,0,0,5.20444159659128,0,0,0,3.00760773480949,0,0,0,4.39721008814298,0,0,0,0,0,0,0,3.04274868965149,0,0,0,0,0,0,0,0,0,0,0,0,0,0,0,0,0,0,0,3.30376681528593,0,0,0,0,0,0,8.77213405690542,0,0,0,2.87783575057983,0,5.06963421370918,0,5.50951770218936,0,0,0,0,0,0,0,17.6869567235311,3.94291265136317,4.38118668397268,0,0,0
0,0,0,0,0,0,0,0,0,0,0,4.33335560708007,0,2.72465324401855,0,0,0,0,0,0,0,0,0,0,0,0,0,7.58689438501994,0,0,0,0,0,0,0,0,0,4.05349528942353,0,0,0,0,0,0,0,0,0,0,0,0,0,0,0,0,0,0,0,8.06294319314777,0,0,0,0,0,0,0,0,0,0,0,0,11.1648361291458,0,7.6988436831453,0,0,0,0,0,0,0,5.66517426774308,0,3.41649079322815,0,0,0,0
0,0,0,0,0,0,0,0,0,0,8.68942558718663,0,0,0,0,0,0,0,0,0,0,0,0,0,0,0,0,0,4.39721008814298,0,0,0,0,0,0,0,0,0,3.70797712674279,0,0,0,0,0,0,0,0,0,0,0,0,0,0,0,0,0,8.25941661246737,0,0,0,0,0,0,0,0,0,0,0,0,0,0,6.68865831081684,0,5.18499838781057,0,0,0,0,0,0,0,5.83185641112782,9.99988636121912,0,0,0,0
0,0,0,0,0,0,0,0,0,0,0,0,0,0,0,0,0,0,0,0,0,0,0,0,0,0,0,0,0,0,0,0,5.07966468069288,4.68184916789715,0,5.29188827723265,0,0,0,0,0,0,0,0,0,0,0,7.44617501065388,9.5831606388092,7.25799298286438,0,0,0,0,0,0,0,0,0,0,0,0,0,0,0,0,0,0,0,0,0,0,0,0,6.0171374952845,0,5.84912382417424,0,4.14984313490356,0,0,0,4.42869705989443,0,0,0,0
0,0,0,0,0,0,0,0,0,0,0,0,0,0,0,0,0,0,0,0,0,0,0,0,0,0,0,0,0,0,0,5.07966468069288,0,0,3.48950040535849,0,5.28629621680902,0,0,0,0,0,0,0,0,0,0,6.9515351769212,9.68838801383972,0,0,0,0,0,0,0,0,0,0,0,0,0,0,0,0,0,0,0,0,0,0,0,0,0,7.91580894589424,6.81402679760395,0,7.09481996180964,0,9.90702897869811,0,0,4.30399968475103,0,0,0,0
0,0,0,0,0,0,0,0,0,0,0,0,0,0,0,0,0,0,0,0,0,0,0,0,0,0,0,0,0,0,0,4.68184916789715,0,0,3.69286268737543,6.29982903110447,0,4.71062807660354,2.84749627113342,0,0,0,0,0,0,44.0777168273926,0,5.72888674794056,0,0,0,0,0,0,0,0,0,0,0,0,0,0,0,0,0,0,0,0,0,0,0,0,0,0,4.68460486874436,0,5.03605381079358,5.71570960453578,5.29209211249101,0,4.30869952307807,0,4.07335291590009,0,0,0,0
0,0,0,0,0,0,0,0,0,0,0,0,0,0,0,0,0,0,0,0,0,0,0,0,0,0,0,0,0,0,0,0,3.48950040535849,3.69286268737543,0,0,3.86271854055008,3.07892532782121,5.25147356730345,0,0,0,0,0,0,0,0,5.26758964666599,13.296373685201,0,0,0,0,0,0,0,0,0,0,0,0,0,0,0,0,0,0,0,0,0,0,0,0,0,0,3.71933222428346,7.03613539068418,6.5323691435655,0,6.16248347448266,9.30156517028809,6.09852607207311,3.69319908320904,0,0,0,0
0,54.6348838806152,0,31.0916300761072,0,10.1296527703603,0,0,0,43.6698207855225,0,5.02710796991984,0,0,0,0,104.353504943848,97.5602264404297,59.6998326011121,5.8173361087927,0,0,0,0,0,0,0,0,0,0,0,5.29188827723265,0,6.29982903110447,0,0,5.98359203338623,5.86524733330222,9.78189964521499,51.3263835906982,0,51.7881375741268,55.8813171386719,51.055761640317,0,37.3548385965687,123.350425720215,18.3504179824482,0,27.0355709913735,0,0,0,0,0,43.4146933555603,0,44.5073815859281,0,29.0221891403198,0,43.1464703877767,10.192495971549,0,0,0,0,0,0,0,55.1400077819824,0,56.5955045599686,0,6.66693787600683,0,6.17712162539016,0,7.06995700392765,5.35778260231018,7.45023700865405,0,8.58001118635512,7.23027447164059,42.9901933494112,47.13369342259,0
53.9156397183736,0,51.3104354010688,34.5804061889648,15.8980055859214,0,0,0,0,0,0,0,0,0,0,0,100.509965419769,104.563082377116,68.8493348751428,0,7.6552623450576,0,0,0,0,0,0,0,0,0,0,0,5.28629621680902,0,3.86271854055008,5.98359203338623,0,0,5.86303653724982,0,64.8661885261536,0,54.8681367443454,84.6089782714844,53.6575990471958,112.722747802734,44.2659547890978,14.5226113682701,34.1002070731723,0,22.435746889848,0,0,0,33.3533452351888,0,45.0057006412082,0,43.309092203776,0,0,0,0,25.0094163670786,0,0,0,0,0,0,0,0,0,59.7805926005046,0,11.3139450848103,0,5.53876262520431,5.73292624950409,7.3118841747268,0,10.4071640392258,7.43057353855812,21.2021163511967,48.4279034098372,0,48.0372785992093
0,18.3607892990112,0,0,0,0,0,0,0,11.613050609827,0,3.46562797421808,0,0,0,27.5544528961182,0,0,0,3.53305450315061,0,5.7514690210328,0,6.45813373293195,0,0,0,0,0,4.05349528942353,0,0,0,4.71062807660354,3.07892532782121,5.86524733330222,0,0,4.52690059887735,0,0,11.440493106842,0,0,0,54.182804107666,0,0,0,6.41178072392941,0,0,0,0,0,17.7921422280763,0,3.8869210429244,0,20.7846546173096,0,27.6757640838623,6.32073805332184,0,9.30709252158801,0,8.26030838598399,0,12.9344655168735,0,7.53882398957112,0,4.16491496188086,0,0,0,8.27376990396898,3.37308764457703,9.02194246497143,0,5.69404035157353,4.24622775430549,4.78198259687189,4.23880236563475,5.54536721298286,10.1450719833374,0
30.0193271636963,0,0,0,0,0,0,0,8.44878796430734,0,3.71829967857689,0,0,0,0,0,0,0,55.649007508249,0,3.82247672875722,0,5.6616971496358,0,8.6781976663383,0,0,0,3.04274868965149,0,3.70797712674279,0,0,2.84749627113342,5.25147356730345,9.78189964521499,5.86303653724982,4.52690059887735,0,0,56.8158047993978,0,44.6883186764187,0,48.7714424133301,0,19.0823378531349,6.00966461083686,6.92454999856338,0,0,0,0,0,6.97561735548872,0,3.86553441277511,0,0,0,0,0,0,11.5652463405482,0,6.81195376034117,0,7.98835330704848,0,12.997992515564,0,9.22679708866363,0,4.84396164119244,0,0,0,8.32186331058279,0,8.94416299290076,6.18649057439856,5.52603894251438,5.43308887321387,5.57094951539204,12.3139623460316,0,47.6484375
58.6921157836914,30.8855991363525,0,40.0148597717285,0,0,0,0,0,0,0,0,0,0,0,0,73.0024995514841,0,37.3226559376557,0,0,0,0,0,0,0,0,0,0,0,0,0,0,0,0,51.3263835906982,0,0,0,0,80.0016975402832,20.4175960009753,25.6811828613281,26.9800542897956,0,21.5839417055249,74.5345268249512,0,0,5.17414145445337,0,0,0,0,0,0,0,0,0,0,0,0,9.86859473917219,88.7102788289388,0,0,0,0,0,0,60.090087890625,0,54.572093963623,0,0,0,0,0,22.083592414856,89.4559898376465,46.2997471419248,0,40.0688597469007,32.6263198852539,17.3973419294076,21.5013537872128,77.4078903198242
28.5446701049805,0,25.6433391571045,0,0,0,0,0,0,0,0,0,0,0,0,0,58.3914184570312,63.0819301605225,37.5032256099594,0,0,0,0,0,0,0,0,0,0,0,0,0,0,0,0,0,64.8661885261536,0,56.8158047993978,80.0016975402832,0,70.3523330688477,23.1263763820916,0,27.0364971160889,0,19.0517172038189,10.5519646297802,5.25696754700349,14.9462383985519,0,0,0,0,0,0,0,0,0,0,0,0,89.3650321960449,16.3482794028062,0,0,0,0,0,0,0,0,0,0,0,0,0,0,0,17.2947322078373,0,57.8949505199086,42.76180246714,43.5383491516113,11.8436265052893,0,19.0407553224003
81.9944534301758,16.2480474248787,0,19.663509597184,0,30.1877738952637,0,0,0,9.90690159028576,0,0,0,0,0,0,62.7836242026471,59.9127260446548,18.7850731355222,0,0,48.0478324890137,0,8.88821752866109,0,0,0,0,0,0,0,0,0,0,0,51.7881375741268,0,11.440493106842,0,20.4175960009753,70.3523330688477,0,9.02637539388703,12.8897621717479,0,24.7966933692528,50.9385973612467,8.57936030927331,52.468147277832,13.5395278280263,0,39.329174041748,0,0,0,29.8458176237164,0,18.6231840678624,0,24.5815830230713,0,40.4839408874512,25.1129471715508,72.1119117736816,0,0,0,0,0,0,16.7060099840164,0,14.9919000363048,0,0,0,48.4230308532715,0,33.9761747026281,89.3195215861003,29.1458360787594,86.0166854858398,13.7978006992763,36.0174901485443,14.8794185048928,11.7328163349267,0
14.175922000219,0,22.0147958643296,36.9529190063477,31.6653926849365,0,0,0,5.69725116232167,0,0,0,0,0,0,0,46.5279062519903,63.7785714467367,16.7882826839342,0,41.426438331604,0,0,0,5.69908285140991,0,0,0,0,0,0,0,0,0,0,55.8813171386719,54.8681367443454,0,44.6883186764187,25.6811828613281,23.1263763820916,9.02637539388703,0,37.8266544342041,12.9699119435555,54.9198360443115,16.7572512887991,4.94506580034892,11.5576469616144,0,40.5588798522949,0,0,0,33.6712369918823,0,16.3555474352481,0,47.8486404418945,0,28.7120142170027,0,66.6547336578369,27.0489116025394,0,0,0,0,0,0,0,17.9663391113281,0,13.7944796641918,0,0,0,0,66.6584409077962,32.1671573571194,68.0104446411133,35.6602309978369,9.23751429631375,29.7073543950131,11.8064315767214,6.52370090484619,8.12690617402899
36.0475902557373,13.2366514205933,0,0,0,0,0,0,0,0,0,0,0,0,0,0,51.4288894292471,59.1556131839752,17.376694022119,0,0,0,0,0,0,0,0,0,0,0,0,0,0,0,0,51.055761640317,84.6089782714844,0,0,26.9800542897956,0,12.8897621717479,37.8266544342041,0,0,20.9175574070699,49.0817630601966,63.5750694274902,0,45.9779345194499,0,0,0,0,0,0,0,54.3456726074219,0,0,0,0,30.3128965125894,60.0947545369466,0,0,0,0,0,0,0,0,34.7134790420532,61.4601440429688,0,0,0,0,36.2540918892367,67.0450973510742,40.9065146446228,68.1225662231445,18.0520853488172,41.6767730712891,16.0089608324579,15.8111947907342,0
0,0,30.758485521589,0,28.9793310165405,0,0,0,0,0,0,0,0,0,0,0,45.4732049444447,61.8476270039876,20.117043037532,0,0,0,0,0,0,0,0,0,0,0,0,0,0,0,0,0,53.6575990471958,0,48.7714424133301,0,27.0364971160889,0,12.9699119435555,0,0,0,14.3543715314432,0,24.9872264862061,0,26.0749206542969,0,0,0,29.3891150156657,0,0,0,0,0,0,0,69.0478973388672,29.0362409105488,0,0,0,0,0,0,0,0,0,39.4261745452881,0,0,0,0,0,36.6959749440091,0,33.0378865136041,16.9532389897926,39.7470991611481,16.6191830468732,57.3627395629883,18.8556709080935
66.5926818847656,16.8078144618443,0,54.3082828521729,0,0,0,0,0,0,0,14.9637479782104,0,0,0,0,60.4886369313279,73.8465595245361,29.7604289444633,15.7170481681824,0,0,0,0,0,0,0,0,0,0,0,0,0,44.0777168273926,0,37.3548385965687,112.722747802734,54.182804107666,0,21.5839417055249,0,24.7966933692528,54.9198360443115,20.9175574070699,0,0,61.3691309611003,0,0,35.4577154159546,0,0,0,0,0,0,0,17.4865512114305,0,0,0,0,11.307010088024,68.4402139451769,0,0,0,0,0,0,0,0,23.3075598250044,70.6258010864258,0,0,0,0,28.2954207028965,81.3698101043701,21.3194217779798,0,30.2036484305923,43.85680809021,16.3541034279009,41.5512816111247,60.6591091156006
15.3331090450287,43.9607181549072,17.8288680485317,0,32.1471211115519,0,0,0,0,0,0,0,0,0,0,0,62.0193596753207,73.1547588620867,31.7715707530042,0,12.7897415161133,0,0,0,0,0,0,0,0,0,0,0,0,0,0,123.350425720215,44.2659547890978,0,19.0823378531349,74.5345268249512,19.0517172038189,50.9385973612467,16.7572512887991,49.0817630601966,14.3543715314432,61.3691309611003,0,42.7398986816406,37.1941614747047,0,34.0196418762207,0,0,0,27.8948396046956,0,25.4014755136826,0,38.9818515777588,0,0,0,74.1560122172038,17.277865429707,0,0,0,0,0,0,0,0,80.2203216552734,31.4135112762451,0,0,0,0,74.2619229020744,28.9868704485941,77.3258819580078,24.9941231137481,30.763640855814,32.0744633625463,21.2553048454268,59.3902816772461,29.0416082833943
0,0,0,0,0,0,0,0,0,0,0,0,0,0,0,0,0,0,0,0,0,0,0,0,0,0,0,0,0,0,0,7.44617501065388,6.9515351769212,5.72888674794056,5.26758964666599,18.3504179824482,14.5226113682701,0,6.00966461083686,0,10.5519646297802,8.57936030927331,4.94506580034892,63.5750694274902,0,0,42.7398986816406,0,6.10021951308771,5.92551923364536,0,0,0,0,0,0,52.8091049194336,0,0,0,0,0,0,0,0,0,0,0,0,0,0,0,0,0,6.68556732056846,9.52860124349805,7.26164049896405,7.58970683059968,6.40951637990079,7.1552000812604,2.72295188903809,4.51570508099984,5.99058313342347,8.42617529088801,6.4838944185264,0,0
8.35101613113424,0,14.0956778082048,0,43.0737030594437,0,0,0,8.37597718991731,0,0,0,0,0,0,0,65.5314191182454,127.407791137695,26.6482699850331,0,37.5563803586093,0,13.0215036710103,0,12.6090888644374,0,0,0,0,0,0,9.5831606388092,9.68838801383972,0,13.296373685201,0,34.1002070731723,0,6.92454999856338,0,5.25696754700349,52.468147277832,11.5576469616144,0,24.9872264862061,0,37.1941614747047,6.10021951308771,0,9.14407719830249,43.3164973105154,0,0,0,15.9387587088126,0,21.5948823157365,0,25.1100818894126,0,8.66548031176146,0,0,47.3326477474637,0,18.1213541551568,0,8.51231392530295,0,14.6132634268867,0,11.8736449466355,0,11.7189105913259,9.20368230342865,8.72697827929542,0,4.77321481704712,61.6663665771484,7.8708083650509,0,6.54635670177958,8.81492182592683,21.0637974209256,10.0663663460696,0,11.9257294752887
0,5.4179817034648,0,10.0409362678942,44.6598243713379,25.4129117329915,0,0,0,15.1346744390634,0,0,0,0,0,0,0,0,32.5772915501748,0,0,9.21159317860237,0,9.98767692392523,0,6.34038305282593,0,0,0,0,0,7.25799298286438,0,0,0,27.0355709913735,0,6.41178072392941,0,5.17414145445337,14.9462383985519,13.5395278280263,0,45.9779345194499,0,35.4577154159546,0,5.92551923364536,9.14407719830249,0,0,0,0,0,0,19.3301847510868,0,10.3856450823062,0,5.49640017998319,0,6.62871550174242,11.5172952924456,0,14.4202386017503,0,6.59599707001134,0,8.24479484611683,0,8.92002287070622,0,18.8740953546052,0,0,0,0,0,25.1487692327876,0,6.52217969338745,0,9.83844689126531,24.3917669932048,9.08405264510627,13.2356594052426,0
0,0,14.373011663225,59.9865036010742,5.54451207307555,0,3.16586446762085,0,5.45622730255127,0,0,0,0,0,0,0,0,0,0,0,10.2075005045124,0,0,0,0,0,0,0,0,0,0,0,0,0,0,0,22.435746889848,0,0,0,0,0,40.5588798522949,0,26.0749206542969,0,34.0196418762207,0,43.3164973105154,0,0,0,0,0,11.0711561044057,0,5.70718029581132,0,5.36075670815213,0,3.7862208366394,0,0,10.9491929170248,0,0,0,0,0,0,0,0,0,0,0,0,0,0,0,38.2046656357615,0,0,5.61391747193258,32.0681851704915,15.3494252591957,0,0
0,0,0,5.85207177188298,0,3.7548043943727,0,3.08914232254028,0,0,0,4.3454962571462,0,0,0,0,0,0,0,0,0,0,0,0,0,0,0,0,0,0,0,0,0,0,0,0,0,0,0,0,0,39.329174041748,0,0,0,0,0,0,0,0,0,0,0,3.16304636001587,0,0,0,4.86309358706841,0,3.63770431214637,0,3.32269427023436,0,0,0,0,0,0,0,0,0,0,35.9540214538574,0,0,0,0,0,0,0,0,0,5.24794370877115,38.366283416748,10.0226435137958,0,0
0,0,0,0,3.16682744026184,0,3.35932597425795,0,0,0,3.22542309761047,0,0,0,0,0,0,0,0,0,0,0,0,0,0,0,0,0,0,0,0,0,0,0,0,0,0,0,0,0,0,0,0,0,0,0,0,0,0,0,0,0,0,0,0,0,3.64761565526327,0,0,0,0,0,0,0,0,0,0,0,0,0,0,0,0,0,0,0,0,0,0,0,0,0,4.52071167035385,5.6817760581062,0,0,0
0,0,0,0,0,2.90828533172607,0,3.78102499164947,0,0,0,3.1651074886322,0,3.54616012573242,0,0,0,0,0,0,0,0,0,0,0,0,0,0,0,0,0,0,0,0,0,0,0,0,0,0,0,0,0,0,0,0,0,0,0,0,0,3.16304636001587,0,0,0,0,0,3.76506569981575,0,2.87919462810863,0,0,0,0,0,0,0,0,0,0,0,0,0,0,0,0,0,0,0,0,0,0,4.9540974299113,0,0,0,0
4.77276616568094,0,8.69431887018508,0,4.76684746742248,0,0,0,5.79634716157137,0,0,0,0,0,5.09944183826447,0,51.5997886657715,0,50.1190354029338,0,0,0,0,0,7.08960583557685,0,0,0,0,0,0,0,0,0,0,0,33.3533452351888,0,6.97561735548872,0,0,0,33.6712369918823,0,29.3891150156657,0,27.8948396046956,0,15.9387587088126,0,11.0711561044057,0,0,0,0,0,0,0,6.17220687866211,0,5.44923785917773,0,0,59.0387601852417,0,0,0,4.92259650201243,0,9.90226809183756,0,0,0,0,0,0,0,0,0,40.1547703213162,85.9720153808594,6.62227850300925,11.9145504218945,27.4061211672696,26.9053325548277,0,0
0,4.71907423791431,0,6.09905895290025,0,2.88146771325005,0,0,0,6.77804820372725,0,0,0,0,0,6.16698995503512,0,0,0,0,0,0,0,5.92615565326479,0,2.94721150398254,0,0,0,0,0,0,0,0,0,43.4146933555603,0,17.7921422280763,0,0,0,29.8458176237164,0,0,0,0,0,0,0,19.3301847510868,0,0,0,0,0,0,0,54.9860363006592,0,4.07059276103973,0,4.62548027162967,0,0,24.5499658584595,0,6.50845996584604,0,0,0,38.7485160827637,0,36.9916965484619,0,0,0,0,0,0,0,16.7235306587772,0,16.5390300612701,0,28.8488706043788,23.8036359151204,0
10.9276591539383,0,23.0759892592559,71.1568908691406,9.26406539570202,0,0,0,19.1564311981201,0,7.1936408306921,0,3.24528966844082,0,7.34938406944275,0,0,0,38.0283581415812,0,9.21839064627783,0,0,0,0,0,0,0,0,0,8.25941661246737,0,0,0,0,0,45.0057006412082,0,3.86553441277511,0,0,0,16.3555474352481,0,0,0,25.4014755136826,52.8091049194336,21.5948823157365,0,5.70718029581132,0,3.64761565526327,0,0,0,0,0,6.62617562521036,0,8.02151203155518,0,0,14.1488322560207,0,0,0,0,0,26.6051368713379,0,8.14726706108321,79.9975128173828,7.86714907106778,0,0,0,0,0,42.1713556951406,0,0,8.73943635694908,22.0725157737732,11.2958210016924,0,12.8974611461163
0,22.2183081309001,60.8661270141602,10.2724733352661,0,23.808117165285,0,4.00730752944946,0,37.1541748046875,0,6.71574361219477,0,3.58871102333069,0,0,0,0,41.5648835500081,7.15227501732962,89.0067901611328,23.7751407623291,0,0,0,0,0,0,0,8.06294319314777,0,0,0,0,0,44.5073815859281,0,3.8869210429244,0,0,0,18.6231840678624,0,54.3456726074219,0,17.4865512114305,0,0,0,10.3856450823062,0,4.86309358706841,0,3.76506569981575,0,54.9860363006592,0,0,0,4.80031229914721,0,6.05455422401428,10.6107464198483,0,0,0,0,0,10.3689714230989,0,9.24694917855724,0,6.51114767285212,0,0,0,0,0,33.0829961776733,0,8.9625038686006,0,19.3655276688246,44.8948694864909,13.0224735313609,12.0165929794312,0
16.0453758239746,0,14.8206334908803,0,6.45646878947382,0,2.82866163875746,0,0,0,3.33635351633785,0,4.55916717462706,0,6.10992394960844,0,0,0,0,0,12.7353384494781,0,0,0,0,0,4.7123502890269,0,3.30376681528593,0,0,0,0,0,0,0,43.309092203776,0,0,0,0,0,47.8486404418945,0,0,0,38.9818515777588,0,25.1100818894126,0,5.36075670815213,0,0,0,6.17220687866211,0,6.62617562521036,0,0,0,4.59811320024378,0,0,18.4594052036603,0,0,0,0,0,8.7392605304718,0,3.89057833525785,0,0,0,0,0,0,0,40.9433046976725,0,18.1078414916992,5.65203280760863,5.63020772404141,13.2328744262615,0,0
0,0,0,3.56654710284734,0,5.75579770406087,0,3.41281361050076,0,0,0,3.30353673746067,0,4.23537479576312,0,2.73256731033325,0,0,0,0,0,25.8278198242188,0,0,0,0,0,0,0,0,0,0,0,0,0,29.0221891403198,0,20.7846546173096,0,0,0,24.5815830230713,0,0,0,0,0,0,0,5.49640017998319,0,3.63770431214637,0,2.87919462810863,0,4.07059276103973,0,4.80031229914721,0,0,0,3.69371096634426,0,0,0,0,0,0,6.97213339805603,0,4.915990378597,0,31.8113412857056,0,0,0,0,0,0,0,16.258373260498,0,3.43524840603704,4.7575740814209,13.3456060339193,0,0
10.0698687754737,0,7.04278496165334,0,5.42610000383736,0,0,0,5.06057807580749,0,0,0,5.43535497609307,0,4.37330696659703,0,0,0,0,0,0,0,0,0,10.43041128336,0,8.07487461566925,0,0,0,0,0,0,0,0,0,0,0,0,0,0,0,28.7120142170027,0,0,0,0,0,8.66548031176146,0,3.7862208366394,0,0,0,5.44923785917773,0,8.02151203155518,0,4.59811320024378,0,0,0,0,0,0,0,0,10.5372340930136,0,7.47597450361981,0,4.23728143175443,0,0,0,0,0,0,0,0,0,0,8.10959566340727,4.99027716752255,18.3934400724328,0,0
0,0,0,6.30508976777395,0,0,0,0,0,3.99462870324012,0,0,0,3.80983299946566,0,3.58352902829647,0,0,0,0,0,0,0,0,0,2.72676467895508,0,0,0,0,0,0,0,0,0,43.1464703877767,0,27.6757640838623,0,0,0,40.4839408874512,0,0,0,0,0,0,0,6.62871550174242,0,3.32269427023436,0,0,0,4.62548027162967,0,6.05455422401428,0,3.69371096634426,0,0,0,0,0,0,16.5197892718845,0,4.49759899761717,0,4.86825256688254,0,37.8888602786594,0,0,0,0,0,0,0,21.7555160522461,0,20.9396118852827,0,30.2824478710399,0,0
0,34.9252716064453,0,41.9522857666016,0,16.5916748046875,0,0,0,0,0,8.1773168099554,0,0,0,0,72.2835725726503,107.251098632812,43.3157588513017,6.30819536817884,0,0,0,0,0,0,0,0,0,0,0,0,0,0,0,10.192495971549,0,6.32073805332184,0,9.86859473917219,89.3650321960449,25.1129471715508,66.6547336578369,30.3128965125894,69.0478973388672,11.307010088024,74.1560122172038,0,0,11.5172952924456,0,0,0,0,0,0,0,10.6107464198483,0,0,0,0,0,88.5541598002116,0,0,0,0,15.7432155609131,0,14.0295518398285,0,16.4872337157682,0,0,0,0,0,13.3442466007424,89.988826751709,20.9620312558482,0,12.555107014845,54.2637624740601,17.2841912039985,40.7262544631958,0
34.0309524536133,61.3868064880371,28.5418236255646,0,24.2306270202001,0,8.59557456970215,0,0,0,7.2294425870858,0,0,0,0,0,76.1825109628531,81.7923431396484,46.3267168696923,0,8.3115669916937,0,0,0,0,0,0,0,0,0,0,0,0,0,0,0,25.0094163670786,0,11.5652463405482,88.7102788289388,16.3482794028062,72.1119117736816,27.0489116025394,60.0947545369466,29.0362409105488,68.4402139451769,17.277865429707,0,47.3326477474637,0,10.9491929170248,0,0,0,59.0387601852417,0,14.1488322560207,0,18.4594052036603,0,0,0,88.5541598002116,0,0,0,0,0,0,0,0,20.0233214187622,76.5873641967773,19.3237151779047,0,0,0,0,92.2943638392857,19.019925576412,0,21.7536994295167,44.8167756970586,44.3708534240723,19.459787181054,0,34.8856477101644
0,0,0,0,0,0,0,0,0,0,0,0,0,0,0,32.3240242004395,0,3.72377164610501,0,0,0,5.81141638711842,0,9.22730053281321,0,3.23910554250081,0,3.3729149650883,0,0,0,0,0,0,0,0,0,9.30709252158801,0,0,0,0,0,0,0,0,0,0,0,14.4202386017503,0,0,0,0,0,24.5499658584595,0,0,0,0,0,0,0,0,0,0,8.12701263295016,0,10.8649927758156,0,4.85593238449525,0,0,0,0,0,0,0,0,0,6.10208303581118,0,7.27251633619651,5.90746021270752,20.5949796904688,0,0
0,0,0,0,0,0,0,0,0,0,0,0,0,0,0,0,2.74647235870361,0,0,0,0,0,4.92966875012716,0,5.84577884497466,0,0,0,8.77213405690542,0,0,0,0,0,0,0,0,0,6.81195376034117,0,0,0,0,0,0,0,0,0,18.1213541551568,0,0,0,0,0,0,0,0,0,0,0,0,0,0,0,0,0,0,6.4569520438013,0,7.1371600258258,0,8.67487252490185,0,12.7751968171861,0,0,0,0,0,0,0,6.11062466885362,4.24047041367628,0,23.2287635803223,0,0
0,10.8164846897125,0,0,0,0,0,0,0,7.66675817845231,0,0,0,0,0,16.7751504182816,0,0,0,0,0,5.36644493560402,0,5.03172411569735,0,4.90422854953342,0,0,0,0,0,0,0,0,0,0,0,8.26030838598399,0,0,0,0,0,0,0,0,0,0,0,6.59599707001134,0,0,0,0,0,6.50845996584604,0,0,0,0,0,16.5197892718845,0,0,8.12701263295016,0,0,0,6.32038021829806,0,5.4126748134965,0,0,0,0,0,0,0,0,0,8.55961719448359,0,4.49761518060345,0,10.137271156156,0,0
0,0,0,0,0,0,0,0,4.53859513456171,0,0,0,0,0,11.9419345855713,0,0,0,0,0,0,0,8.98831289884995,0,4.49809167544047,0,0,0,0,0,0,0,0,0,0,0,0,0,7.98835330704848,0,0,0,0,0,0,0,0,0,8.51231392530295,0,0,0,0,0,4.92259650201243,0,0,0,0,0,10.5372340930136,0,0,0,0,6.4569520438013,0,0,0,6.27904022893598,0,10.532705601893,0,0,0,0,0,0,0,0,0,6.29465597841708,6.75225088993708,0,8.09522432269472,0,0
0,12.4733146031698,0,0,0,0,0,0,0,3.04265010356903,0,0,0,0,0,3.45948839187622,0,3.62780941306771,0,0,0,14.1510582293494,0,5.17258816957474,0,3.13546734717157,0,3.27403017570233,0,0,0,0,0,0,0,0,0,12.9344655168735,0,0,0,0,0,0,0,0,0,0,0,8.24479484611683,0,0,0,0,0,0,0,10.3689714230989,0,6.97213339805603,0,4.49759899761717,15.7432155609131,0,10.8649927758156,0,6.32038021829806,0,0,0,5.83923114358021,0,12.4258761405945,0,0,0,0,0,0,0,13.8627563272204,0,22.2616691589355,0,13.015681428294,0,0
0,0,0,0,0,0,0,0,3.33392124590666,0,0,0,0,0,8.36347482601801,0,3.80489027500153,0,0,0,0,0,9.70456025389587,0,5.6832587301872,0,3.97710012849481,0,2.87783575057983,0,0,0,0,0,0,0,0,0,12.997992515564,0,0,0,0,0,0,0,0,0,14.6132634268867,0,0,0,0,0,9.90226809183756,0,26.6051368713379,0,8.7392605304718,0,7.47597450361981,0,0,0,0,7.1371600258258,0,6.27904022893598,0,0,0,6.24982704875762,0,12.9039371490479,0,0,0,0,0,0,0,12.2288748134266,4.49416174207415,0,0,0,0
0,11.7735633850098,0,29.6360920992765,0,34.3995346069336,0,0,0,43.0890655517578,0,3.97263821867323,0,3.09921143054962,0,0,0,0,39.694785118103,0,0,5.51290282374578,0,6.5932023525238,0,3.04467532213996,0,3.68622013582383,0,11.1648361291458,0,0,0,0,0,55.1400077819824,0,7.53882398957112,0,60.090087890625,0,16.7060099840164,0,0,0,0,0,0,0,8.92002287070622,0,0,0,0,0,38.7485160827637,0,9.24694917855724,0,4.915990378597,0,4.86825256688254,14.0295518398285,0,4.85593238449525,0,5.4126748134965,0,5.83923114358021,0,0,0,7.89821544004312,0,0,0,0,0,59.9331817626953,0,7.15866279781481,0,21.5936314006905,47.0848731994629,19.5217541004482,14.788381934166,0
0,0,0,0,0,0,0,0,0,0,0,0,4.01851117610931,0,0,0,0,0,0,0,23.1205768585205,0,8.56706318096681,0,13.2060982783635,0,2.86960411071777,0,5.06963421370918,0,6.68865831081684,0,0,0,0,0,0,0,9.22679708866363,0,0,0,17.9663391113281,0,0,0,0,0,11.8736449466355,0,0,0,0,0,0,0,8.14726706108321,0,3.89057833525785,0,4.23728143175443,0,0,20.0233214187622,0,8.67487252490185,0,10.532705601893,0,6.24982704875762,0,0,0,6.89168752974865,0,0,0,0,0,47.8077937534877,0,8.74948209818579,13.413405752182,44.0449562072754,17.8398304462433,0,18.6306114196777
0,27.173865669652,0,28.8237614329857,0,37.3011032104492,0,0,0,38.9836475665753,0,4.49561767611239,0,0,0,0,131.913467407227,102.096412658691,28.6123751887569,0,0,0,0,0,0,0,0,14.7252139529666,0,7.6988436831453,0,0,0,0,0,56.5955045599686,0,4.16491496188086,0,54.572093963623,0,14.9919000363048,0,34.7134790420532,0,23.3075598250044,80.2203216552734,0,0,18.8740953546052,0,35.9540214538574,0,0,0,36.9916965484619,79.9975128173828,6.51114767285212,0,31.8113412857056,0,37.8888602786594,16.4872337157682,76.5873641967773,0,0,0,0,12.4258761405945,0,7.89821544004312,0,0,0,0,0,0,0,58.4786490238074,0,5.02483955839484,0,26.2850653762027,46.8595080168351,21.8265365449338,15.361767843978,0
24.6409994761149,0,27.9547761770395,0,0,0,0,0,0,0,9.69037842750549,0,0,0,0,0,0,0,35.3342938715098,0,16.5931171344805,0,11.9572890758514,0,0,0,0,0,5.50951770218936,0,5.18499838781057,0,0,0,0,0,59.7805926005046,0,4.84396164119244,0,0,0,13.7944796641918,61.4601440429688,39.4261745452881,70.6258010864258,31.4135112762451,0,11.7189105913259,0,0,0,0,0,0,0,7.86714907106778,0,0,0,0,0,0,19.3237151779047,0,12.7751968171861,0,0,0,12.9039371490479,0,6.89168752974865,0,0,0,0,0,0,109.794105529785,49.9547644721137,0,5.91394553516543,25.5671170251123,44.6572456359863,13.5755946963385,0,18.3989814122518
0,0,0,0,0,0,0,0,0,0,0,0,0,0,0,0,0,0,0,0,0,0,0,0,0,0,0,0,0,0,0,6.0171374952845,7.91580894589424,4.68460486874436,0,6.66693787600683,0,0,0,0,0,0,0,0,0,0,0,6.68556732056846,9.20368230342865,0,0,0,0,0,0,0,0,0,0,0,0,0,0,0,0,0,0,0,0,0,0,0,0,0,0,0,6.66764526719215,0,4.73837692361129,0,0,0,3.64879432591525,0,0,0,0
0,0,0,0,0,0,0,0,0,0,0,0,0,0,0,0,0,0,0,0,0,0,0,0,0,0,0,0,0,0,0,0,6.81402679760395,0,3.71933222428346,0,11.3139450848103,0,0,0,0,0,0,0,0,0,0,9.52860124349805,8.72697827929542,0,0,0,0,0,0,0,0,0,0,0,0,0,0,0,0,0,0,0,0,0,0,0,0,0,0,0,0,5.72177099439421,0,6.75873433570473,0,0,0,0,0,0,0
0,0,0,0,0,0,0,0,0,0,0,0,0,0,0,0,0,0,72.1446685791016,0,0,0,0,0,0,0,0,0,0,0,0,5.84912382417424,0,5.03605381079358,7.03613539068418,6.17712162539016,0,8.27376990396898,0,0,0,48.4230308532715,0,0,0,0,0,7.26164049896405,0,0,0,0,0,0,0,0,0,0,0,0,0,0,0,0,0,0,0,0,0,0,0,0,0,0,6.66764526719215,0,0,0,5.53026978386773,0,5.15211516610274,0,8.84299457918002,12.4366888999939,0,0,0
0,0,0,0,0,0,0,0,0,0,0,0,0,0,0,0,0,0,0,0,0,0,0,0,0,0,0,0,0,0,0,0,7.09481996180964,5.71570960453578,6.5323691435655,0,5.53876262520431,3.37308764457703,8.32186331058279,0,0,0,0,0,0,0,0,7.58970683059968,4.77321481704712,0,0,0,0,0,0,0,0,0,0,0,0,0,0,0,0,0,0,0,0,0,0,0,0,0,0,5.72177099439421,0,0,0,9.52754872900541,0,6.01716038475486,5.47027339254107,0,0,0,0
62.7423032124837,45.5126966303045,0,40.5022720336914,97.7329940795898,0,0,0,0,0,0,4.28781953879765,0,0,0,0,82.8498240590885,95.0142324447632,49.1337958282007,8.85118940740747,0,0,0,0,0,0,0,0,0,0,0,4.14984313490356,0,5.29209211249101,0,7.06995700392765,5.73292624950409,9.02194246497143,0,22.083592414856,0,33.9761747026281,66.6584409077962,36.2540918892367,0,28.2954207028965,74.2619229020744,6.40951637990079,61.6663665771484,25.1487692327876,0,0,0,0,0,0,0,33.0829961776733,0,0,0,0,13.3442466007424,92.2943638392857,0,0,0,0,0,0,59.9331817626953,0,58.4786490238074,109.794105529785,4.73837692361129,0,5.53026978386773,0,0,105.332714080811,8.54218758789431,110.562423706055,17.8811553856656,45.8557149491659,34.8640239143542,40.4929494445707,59.4351081848145
