0,0,5.32517811242077,0,0,0,0,0,5.29888952661444,0,0,0,0,0,0,0,42.0354871749878,0,9.69812981835727,0,0,0,0,0,0,0,0,0,0,0,0,0,0,0,0,0,0,0,0,0,27.9895171356201,0,17.0834805419325,0,0,0,24.0091479686981,34.7554969787598,3.81151583270421,0,0,0,0,0,3.30242879282344,0,22.2110509872437,0,0,0,3.07705879657068,0,0,21.5125714492798,0,0,0,0,0,0,0,0,0,29.2004516601563,0,0,0,0,0,30.7928461669594,0,29.7548170089722,5.64563540680699,0,13.4683845224619,0,13.5955201929266
0,0,0,3.47604583234203,0,0,0,0,0,4.57982200031081,0,0,0,0,0,0,0,46.9361763000488,8.41504083360944,0,0,0,0,19.3268275942121,0,0,0,0,0,0,0,0,0,0,0,0,0,19.4495476834914,0,30.8241782188416,0,26.6815886376121,0,6.50268936157227,0,0,0,26.9332888466971,0,6.02143526992413,0,0,0,0,0,6.41745693012349,0,0,0,0,0,3.69391775131226,0,0,0,0,2.74568939208984,0,0,0,0,0,28.131856918335,0,0,0,0,0,30.9298852471744,0,33.5074195861816,0,21.4747741564089,0,13.253566411011,10.0875336329142,0
5.32517811242077,0,0,48.1694183349609,7.7272943349985,0,0,0,3.37524926662445,0,0,0,0,0,0,0,51.057502746582,0,27.928147968493,0,0,0,0,0,0,0,0,0,0,0,0,0,0,0,0,0,11.1519718170166,0,0,0,29.4153018174348,0,27.1553617896679,0,0,0,22.7426531655448,0,13.2760889938369,0,5.95166996363047,0,0,0,0,0,20.3495320062168,0,4.07378496726354,0,0,0,0,20.954387029012,0,0,0,0,0,0,0,0,0,29.5092263085502,0,0,0,0,0,31.5874408575205,0,31.1953741374769,11.0099160250495,0,18.6732510041847,0,16.4970121383667
0,3.47604583234203,48.1694183349609,0,0,5.64193285882085,0,0,0,5.76680216789246,0,0,0,0,0,0,57.1670188903809,47.3025817871094,40.9755744934082,12.3899549756731,0,0,0,0,0,0,0,0,0,0,0,0,0,0,0,13.5359769300981,0,0,0,28.1896914243698,112.79711151123,30.4643134846934,51.3533096313477,0,0,19.0086733229617,0,0,28.1715087890625,23.3377213078644,0,5.20034189385492,0,0,0,6.11112024007219,0,4.24222395970271,0,5.37284289055587,0,4.9076960497889,19.692843914032,0,0,0,0,0,0,0,0,0,29.9667587508698,0,0,0,0,0,35.9887037130503,0,33.7954661347145,0,14.0938823549371,6.9240894317627,15.045983921786,26.9213210741679,0
0,0,7.7272943349985,0,0,0,0,0,4.44669049978256,0,0,0,0,0,0,0,0,0,0,0,3.65551961759093,0,0,0,0,0,0,0,0,0,0,0,0,0,0,0,18.1130599975586,0,0,0,37.0720748901367,0,36.7765998840332,0,0,0,0,0,40.5325126647949,0,4.47776492782261,0,0,0,0,0,18.8383631706238,0,0,0,0,0,0,4.49059202624302,0,0,0,0,0,0,0,0,0,37.5989471435547,0,0,0,0,0,38.2198104858398,0,0,11.7920162677765,0,23.0853193182694,0,0
0,0,0,5.64193285882085,0,0,0,3.58400734265645,0,3.24181831584257,0,7.35093560814857,0,3.14938938617706,0,2.96289057731628,0,0,0,5.97015796480952,0,0,0,0,0,0,0,0,0,0,0,0,0,0,0,3.2711433172226,0,0,0,29.2037868499756,0,33.5800139904022,0,0,0,0,0,0,0,31.9277413686117,0,3.92256123879377,0,0,0,2.74680296579997,0,3.78050234443263,0,4.03682971000671,0,0,7.99648330428384,0,0,0,0,0,0,0,0,0,60.5341873168945,0,0,0,0,0,29.7055606842041,0,0,0,4.37637725083724,3.31636383740798,9.50932894122433,0,0
0,0,0,0,0,0,0,0,0,0,5.82850860938048,0,0,0,0,0,0,0,0,0,5.97295972673516,0,0,0,0,0,0,0,0,0,0,0,0,0,0,0,0,0,0,0,0,0,0,0,0,0,0,0,0,0,0,0,3.50962262153625,0,0,0,3.87027907371521,0,0,0,0,0,0,4.38197471156265,0,0,0,0,0,0,0,0,0,0,0,0,0,0,0,0,0,0,0,0,0,0,0
0,0,0,0,0,3.58400734265645,0,0,0,0,0,3.55802133083343,0,0,0,0,0,0,0,5.87685573895772,0,0,0,0,0,0,0,0,0,0,0,0,0,0,0,0,0,0,0,0,0,0,0,0,0,0,0,0,0,0,0,0,0,3.35128951072693,0,0,0,3.85752355730211,0,0,0,0,8.34044085608588,0,0,0,0,0,0,0,0,0,0,0,0,0,0,0,0,0,0,0,3.11684070816336,0,0,0,0
5.29888952661444,0,3.37524926662445,0,4.44669049978256,0,0,0,0,0,0,0,0,0,4.25193068981171,0,9.70528964115226,34.0507559342818,7.35059027717664,0,0,0,0,0,5.05304782938313,0,3.0473434491591,0,0,0,0,0,0,0,0,0,0,0,3.92575313077115,0,42.2103428310818,44.0223503112793,5.36089734717636,0,0,0,36.3282203674316,0,0,0,0,0,0,0,3.85179740698763,0,31.5953102111816,0,0,0,3.52689680457115,0,0,0,0,0,0,4.9804093681398,0,3.99807643890381,0,0,0,36.7869644165039,0,0,0,0,61.1866140365601,42.0764284769694,0,11.5205453973298,4.23016263555098,5.71056020259857,10.9615923816508,0,7.11377390948209
0,4.57982200031081,0,5.76680216789246,0,3.24181831584257,0,0,0,0,0,0,0,0,0,4.68406584858894,30.9639627456665,5.41909336315261,6.76799132850733,0,0,0,0,7.39436621030172,0,7.06062412261963,0,0,0,0,0,0,0,0,0,0,0,10.2930702461916,0,0,0,19.49362185727,41.3189697265625,0,0,0,0,26.3584613800049,0,15.7797322803073,0,0,0,0,0,5.73822432035542,0,0,0,0,0,5.94887720545133,0,0,0,0,4.66316639355251,0,0,0,0,0,0,0,0,0,0,0,52.5353126525879,0,14.0180556669599,0,6.97891872607025,6.07887931766673,11.6045034634265,5.98336970806122,0
0,0,0,0,0,0,5.82850860938048,0,0,0,0,0,3.25688767433167,0,0,0,0,0,0,0,4.14348058608778,0,0,0,0,0,0,0,3.09041735861036,0,5.50179088816923,0,0,0,0,0,3.68375379540199,0,4.1775023924025,0,0,0,0,0,0,0,0,0,0,0,0,0,5.86008251281012,0,0,0,6.13599666913572,0,0,0,0,0,0,4.56014856718537,0,0,0,0,0,0,0,0,0,3.48587641716003,0,0,0,0,0,3.68382433530326,0,5.32498778908263,4.92230822518468,3.06898334576533,3.13918895721436,0,0
0,0,0,0,0,7.35093560814857,0,3.55802133083343,0,0,0,0,0,7.18241463776585,0,0,0,0,0,3.95706910495278,0,0,0,0,0,0,0,3.43580768658565,0,4.83928834915161,0,0,0,0,0,4.18553174886488,0,4.56255344639542,0,0,0,0,0,0,0,0,0,0,0,0,0,0,0,0,0,0,0,4.54593605764092,0,6.79869561234141,0,0,4.59782399653372,0,0,0,0,0,0,0,6.34741187095642,0,6.58801623216764,0,0,0,0,0,3.72439285667061,0,5.23442197988954,0,3.44174068967501,8.9868027142116,5.08829591009352,0,0
0,0,0,0,0,0,0,0,0,0,3.25688767433167,0,0,0,2.88710095087687,0,0,0,0,0,0,0,0,0,0,0,0,0,2.78264626860619,0,3.5810911655426,0,0,0,0,0,0,0,0,0,0,0,0,0,0,0,0,0,0,0,0,0,0,0,0,0,2.7929095138203,0,3.47894258756895,0,2.73678374290466,0,0,0,0,0,0,0,0,0,0,0,0,0,0,0,0,0,0,0,0,0,3.09327723668969,3.04874896580446,0,0,0
0,0,0,0,0,3.14938938617706,0,0,0,0,0,7.18241463776585,0,0,0,3.5812949937089,0,2.7342746257782,0,0,0,0,0,0,0,0,0,4.10865239215934,0,8.53610563278198,0,0,0,0,0,0,0,0,0,0,0,0,0,0,0,0,0,0,0,0,0,4.35710457960765,0,0,0,0,0,11.0628072046237,0,3.73662414862321,0,4.13218937555949,0,0,0,0,0,0,0,0,4.50006826565816,0,16.6607112884521,0,0,0,0,0,0,0,0,0,4.35977804954738,3.83185336295139,0,0,0
0,0,0,0,0,0,0,0,4.25193068981171,0,0,0,2.88710095087687,0,0,0,3.35937887430191,0,0,0,0,0,0,0,0,0,3.42960821498524,0,0,0,0,0,0,0,0,0,0,0,0,0,0,0,0,0,0,0,0,0,0,0,0,0,0,0,4.33833538047199,0,0,0,2.92907714590113,0,3.32069072723389,0,0,0,0,0,0,3.48949810436794,0,4.94148108074742,0,0,0,0,0,0,0,0,0,0,0,0,0,0,0,0,0
0,0,0,0,0,2.96289057731628,0,0,0,4.68406584858894,0,0,0,3.5812949937089,0,0,0,3.76960106789245,0,0,0,0,0,3.69120937585831,0,4.10945133368174,0,0,0,0,0,0,0,0,0,0,0,0,0,0,0,0,0,0,0,0,0,0,0,0,0,3.58804845809937,0,0,0,6.88532769970778,0,0,0,3.72063680648804,0,4.22311863716286,0,0,0,0,0,0,3.38387835025787,0,2.9529881477356,0,0,0,0,0,0,0,0,0,0,0,4.09286334622612,2.73563866615295,0,0,0
42.0354871749878,0,51.057502746582,57.1670188903809,0,0,0,0,9.70528964115226,30.9639627456665,0,0,0,0,3.35937887430191,0,0,12.2052066612791,18.017215444713,0,0,0,3.73026141381352,25.6038928031921,5.56428782263798,0,3.14812361342566,0,0,0,0,0,0,0,0,0,0,0,0,60.8488394501921,50.0496064735181,55.4752649579729,40.9168598397528,52.0316963195801,45.4915415445964,50.0870343192679,50.6082128054136,0,56.3279075622559,62.8766606648763,0,0,0,0,0,26.9936676025391,47.8950714111328,0,0,0,0,0,64.6523122787476,50.2444530668713,0,4.44311236310973,0,3.72049721082052,0,4.39116013440929,0,0,67.1214752197266,55.1317090573518,0,0,0,0,64.1006534935063,53.9524091720581,66.3376069910386,56.6794325884651,12.4374050863131,6.12151289307989,48.4651819349889,47.9876688788919,39.3265626647256
0,46.9361763000488,0,47.3025817871094,0,0,0,0,34.0507559342818,5.41909336315261,0,0,0,2.7342746257782,0,3.76960106789245,12.2052066612791,0,14.5918783119747,0,0,3.06812256429254,6.05447467168172,8.22720330501425,20.1515283584595,3.50285791973325,0,3.37255156040192,0,0,0,0,0,0,0,0,0,13.6755857467651,0,54.863821799295,61.8362414790135,47.7954329630775,54.6062712367577,0,0,41.7125073767997,55.5989379882812,0,0,60.7507629394531,0,0,0,0,0,6.7566054889134,69.2041549682617,0,0,0,0,4.40562066378659,54.226245880127,64.2140151977539,3.15460300445557,0,9.21029562950134,0,3.58048646606844,0,3.09603877862295,0,65.2191017150879,76.2935600280762,0,0,0,0,58.0642984814114,63.7380666863428,53.0374393463135,64.8937924702962,10.3478941229397,6.85339190179457,50.9049750774626,41.6008936377133,50.0392086029053
9.69812981835727,8.41504083360944,27.928147968493,40.9755744934082,0,0,0,0,7.35059027717664,6.76799132850733,0,0,0,0,0,0,18.017215444713,14.5918783119747,0,0,0,0,0,9.89871410528819,0,0,0,0,0,0,0,0,0,0,0,0,0,0,0,38.3240155116768,40.6417476041817,24.6924647450334,27.6891344016851,18.6004062493642,45.8793935775757,25.3724763866945,37.7027657897384,0,33.9442939758301,33.3755019732884,0,0,0,0,0,9.30223274230957,32.1540197511999,19.6632499694824,0,0,0,15.8101987838745,43.3338455926804,33.940204832289,0,0,0,0,19.4964628219604,0,0,0,29.1487511682295,39.0697160047643,0,0,0,0,37.0306734240366,41.3368586249101,34.7226102542033,38.1227837612754,12.3470073069163,7.11148754037434,31.6419401526961,19.8071093653188,24.5948512778186
0,0,0,12.3899549756731,0,5.97015796480952,0,5.87685573895772,0,0,0,3.95706910495278,0,0,0,0,0,0,0,0,0,0,0,0,0,0,0,0,0,0,0,0,0,0,0,4.42160809331677,0,3.80716242392858,0,25.1074695587158,0,36.600564956665,0,0,0,0,0,0,0,33.22465467453,0,0,0,0,0,0,0,4.99649225204222,0,0,0,0,4.77335437949823,0,0,0,0,0,0,0,0,0,0,0,0,0,0,0,4.2754539092297,0,5.12063637538929,0,6.10513009043301,0,6.94559064582797,0,0
0,0,0,0,3.65551961759093,0,5.97295972673516,0,0,0,4.14348058608778,0,0,0,0,0,0,0,0,0,0,0,0,0,0,0,0,0,0,0,0,0,0,0,0,0,3.90736407741135,0,4.97573678315062,0,24.6451042175293,0,40.0368092854818,0,0,0,9.04161558151245,0,33.9585744684393,0,3.15366554260254,0,7.41657292842865,0,0,0,5.22110942142462,0,0,0,0,0,0,5.36001964672556,0,0,0,0,0,0,0,0,0,5.07350413004557,0,0,0,0,0,4.6924633802918,0,4.63495556155002,3.91002862573798,0,11.4038256499502,0,0
0,0,0,0,0,0,0,0,0,0,0,0,0,0,0,0,0,3.06812256429254,0,0,0,0,4.19679068010254,14.1339712749093,0,7.67699956893921,0,4.42431454166122,0,0,0,0,0,0,0,0,0,7.22730367267986,3.74923844898448,0,0,0,0,0,0,0,0,0,0,5.96290388759092,0,0,0,0,0,0,0,0,0,0,0,0,0,0,5.57342730756047,4.2614043658365,7.1931234241137,0,6.91820744907155,0,5.07319723463607,0,13.3565562900744,0,0,0,0,0,0,0,8.74409545143716,0,4.33704806515802,3.04382647140117,24.2327296733856,0,0
0,0,0,0,0,0,0,0,0,0,0,0,0,0,0,0,3.73026141381352,6.05447467168172,0,0,0,4.19679068010254,0,0,5.18983945962388,0,3.4707336311609,0,3.89928988923025,0,0,0,0,0,0,0,0,3.49273244953156,4.4289655620612,0,0,0,0,0,0,0,0,0,5.70326812767688,0,0,0,0,0,0,0,0,0,0,0,0,0,0,0,5.44227041473872,4.24792881272909,0,6.08825349998474,0,3.55467881777576,0,6.7088777422905,0,7.72978591918945,0,0,0,0,0,0,3.27611827850342,4.35854384536837,4.23282042472059,5.2366118639295,25.087718963623,0,0
0,19.3268275942121,0,0,0,0,0,0,0,7.39436621030172,0,0,0,0,0,3.69120937585831,25.6038928031921,8.22720330501425,9.89871410528819,0,0,14.1339712749093,0,0,0,3.4600934931027,0,0,0,0,0,0,0,0,0,0,0,6.60190313388892,0,0,0,7.35617208480835,0,0,0,0,0,21.5658311843872,0,7.15710866598435,0,0,0,0,0,5.54245175542058,0,0,0,0,0,0,0,0,10.9989896432773,0,3.73246992294199,0,3.96973137628464,0,8.57496147155762,0,12.9857187271118,0,0,0,0,0,0,0,6.59833825887402,0,7.49589198037288,0,13.129388514318,7.63722133636475,0
0,0,0,0,0,0,0,0,5.05304782938313,0,0,0,0,0,0,0,5.56428782263798,20.1515283584595,0,0,0,0,5.18983945962388,0,0,0,4.24518495417656,0,0,0,0,0,0,0,0,0,0,0,4.22801981513514,0,0,0,6.1518744468689,0,0,0,0,0,3.70985079694677,0,0,0,0,0,4.48876497837213,0,0,0,0,0,0,0,0,0,0,5.22356168988725,0,3.73199006656852,0,3.51258061434093,0,0,0,0,0,0,0,0,0,0,0,6.43537386385093,4.94520432949066,0,3.89365095912286,0,10.1899437904358
0,0,0,0,0,0,0,0,0,7.06062412261963,0,0,0,0,0,4.10945133368174,0,3.50285791973325,0,0,0,7.67699956893921,0,3.4600934931027,0,0,0,3.01121050516764,0,0,0,0,0,0,0,0,0,0,0,0,0,0,0,0,0,0,0,0,0,0,0,0,0,0,0,3.72216272354126,0,0,0,0,0,0,0,0,2.98301695925849,0,4.45517150277183,0,4.52760861659872,0,0,0,0,0,0,0,0,0,0,0,0,0,3.72716644097443,0,0,0,0
0,0,0,0,0,0,0,0,3.0473434491591,0,0,0,0,0,3.42960821498524,0,3.14812361342566,0,0,0,0,0,3.4707336311609,0,4.24518495417656,0,0,0,2.95182339350382,0,0,0,0,0,0,0,0,0,0,0,0,0,0,0,0,0,0,0,0,0,0,0,0,0,2.94579688707987,0,0,0,0,0,3.85107990315086,0,0,0,0,3.69867355601732,0,3.97786761820316,0,3.35458955588164,0,2.94093608856201,0,0,0,0,0,0,0,0,0,0,5.68826712369919,0,0,0,0
0,0,0,0,0,0,0,0,0,0,0,3.43580768658565,0,4.10865239215934,0,0,0,3.37255156040192,0,0,0,4.42431454166122,0,0,0,3.01121050516764,0,0,0,4.49024467058079,0,0,0,0,0,0,0,3.46769154071808,0,0,0,0,0,0,0,0,0,0,0,0,0,0,0,0,0,0,0,8.00757014751434,0,4.27273367722829,0,0,0,0,7.0311692480057,0,0,0,4.07175035660083,0,4.68478096207089,0,7.37296545505524,0,0,0,0,0,0,0,6.37048344980946,0,3.89604141453038,4.07648810633907,0,0,0
0,0,0,0,0,0,0,0,0,0,3.09041735861036,0,2.78264626860619,0,0,0,0,0,0,0,0,0,3.89928988923025,0,0,0,2.95182339350382,0,0,0,4.00218320558966,0,0,0,0,0,0,0,3.65438789671118,0,0,0,0,0,0,0,0,0,0,0,0,0,0,0,0,0,3.13681032260259,0,3.85471974719654,0,0,0,0,0,0,3.31239568413078,0,0,0,0,0,4.25021117341817,0,4.79046663059203,0,0,0,0,0,0,0,10.3498823425987,3.5390651357133,3.15906285221253,0,0,0
0,0,0,0,0,0,0,0,0,0,0,4.83928834915161,0,8.53610563278198,0,0,0,0,0,0,0,0,0,0,0,0,0,4.49024467058079,0,0,0,0,0,0,0,0,0,4.95340586625613,0,0,0,0,0,0,0,0,0,0,0,0,0,0,0,0,0,0,0,6.11040246486664,0,0,0,0,0,0,0,0,0,0,0,0,4.83579244214176,0,5.0744189720005,0,0,0,0,0,0,0,5.271415690581,0,3.21280111789703,0,0,0,0
0,0,0,0,0,0,0,0,0,0,5.50179088816923,0,3.5810911655426,0,0,0,0,0,0,0,0,0,0,0,0,0,0,0,4.00218320558966,0,0,0,0,0,0,0,0,0,3.7477155755943,0,0,0,0,0,0,0,0,0,0,0,0,0,0,0,0,0,7.0699705183506,0,0,0,0,0,0,0,0,0,0,0,0,0,0,4.66244686522135,0,3.70167268199354,0,0,0,0,0,0,0,4.07848506880264,6.44593789303702,2.86459849918403,0,0,0
0,0,0,0,0,0,0,0,0,0,0,0,0,0,0,0,0,0,0,0,0,0,0,0,0,0,0,0,0,0,0,0,4.69016324313182,8.85329520760513,7.11354775264345,3.65843097480027,3.9829908150893,0,0,0,0,0,0,0,0,0,0,6.21773333329222,14.9709742863973,5.47014141082764,0,0,0,0,0,0,0,0,0,0,0,0,0,0,0,0,0,0,0,0,0,0,0,0,5.52855424383691,9.60245867841384,7.9639409347014,15.1054162979126,3.88528468506188,4.62354838191055,0,0,3.24004213433517,0,0,0,0
0,0,0,0,0,0,0,0,0,0,0,0,0,0,0,0,0,0,0,0,0,0,0,0,0,0,0,0,0,0,0,4.69016324313182,0,12.3317108154297,14.4356658585144,0,3.21754500200582,0,0,0,0,0,0,0,0,0,0,6.38529955102711,4.27231289943059,11.5430774688721,0,0,0,0,0,0,0,0,0,0,0,0,0,0,0,0,0,0,0,0,0,0,0,0,4.66160603447475,4.78011411218955,0,10.3048170679841,12.592486000061,3.07845837228438,0,0,3.22401121733845,0,0,0,0
0,0,0,0,0,0,0,0,0,0,0,0,0,0,0,0,0,0,0,0,0,0,0,0,0,0,0,0,0,0,0,8.85329520760513,12.3317108154297,0,5.74403009275233,5.53180648936882,3.08906329274178,6.70165924672727,6.34548245766584,0,0,0,0,0,0,0,0,6.1064535986023,16.1647668280253,5.00184425440702,0,0,0,0,0,0,0,0,0,0,0,0,0,0,0,0,0,0,0,0,0,0,0,0,11.3069418560375,15.0103894472122,6.73979577989521,5.06111140337409,6.34543374652413,15.8939491510391,10.4981993113656,6.31819216046321,5.12697048118601,3.75472930669785,12.2341299586826,0,0
0,0,0,0,0,0,0,0,0,0,0,0,0,0,0,0,0,0,0,0,0,0,0,0,0,0,0,0,0,0,0,7.11354775264345,14.4356658585144,5.74403009275233,0,6.67900784810384,4.54758339945978,8.55706052482128,6.29993901426142,0,0,0,0,0,0,0,0,5.2466019118996,4.54531526565552,15.4295812386733,0,0,0,0,0,0,0,0,0,0,0,0,0,0,0,0,0,0,0,0,0,0,0,0,10.7577792864579,20.7479692520707,5.08609243317895,5.23035835806686,9.24578126271566,4.98006779519369,13.2862744050867,6.49493143734351,6.07943833893445,3.47756170389945,0,0,0
0,0,0,13.5359769300981,0,3.2711433172226,0,0,0,0,0,4.18553174886488,0,0,0,0,0,0,0,4.42160809331677,0,0,0,0,0,0,0,0,0,0,0,3.65843097480027,0,5.53180648936882,6.67900784810384,0,4.55229209047375,4.62364991805182,4.90207350220289,0,0,32.7705671787262,0,0,0,5.21851223707199,0,2.98319753011068,13.7166881561279,19.4837245411343,0,0,0,0,0,0,0,4.48925881915622,0,0,0,0,4.33772900795565,0,0,0,0,0,0,0,0,0,38.8118019104004,0,4.01895341670922,0,7.37231921516288,17.5055809020996,4.49438397787725,4.82739014908819,4.61372705160862,4.9981861114502,4.35167353569577,10.2388126850128,9.51833965188714,0,0
0,0,11.1519718170166,0,18.1130599975586,0,0,0,0,0,3.68375379540199,0,0,0,0,0,0,0,0,0,3.90736407741135,0,0,0,0,0,0,0,0,0,0,3.9829908150893,3.21754500200582,3.08906329274178,4.54758339945978,4.55229209047375,0,9.3478497505188,5.05464745289646,0,31.5793285369873,0,0,0,0,0,6.29232343037923,10.7751408259074,15.354667867933,16.8319895608085,0,0,0,0,0,0,0,0,0,0,0,0,0,7.24275258132967,0,0,0,0,0,0,0,0,0,0,4.34975661962582,3.85836256805219,3.61450533305897,5.03784448555538,4.48596257038331,5.00293489083928,0,6.48982725138224,5.22790604743737,5.08426767700979,8.65993595514141,0,0
0,19.4495476834914,0,0,0,0,0,0,0,10.2930702461916,0,4.56255344639542,0,0,0,0,0,13.6755857467651,0,3.80716242392858,0,7.22730367267986,3.49273244953156,6.60190313388892,0,0,0,3.46769154071808,0,4.95340586625613,0,0,0,6.70165924672727,8.55706052482128,4.62364991805182,9.3478497505188,0,4.543408818472,0,0,15.3340908288956,16.6347786729986,0,0,12.1834197044373,0,5.23673059495099,20.7216519497811,5.55658390371368,0,0,0,0,0,9.63456818292726,0,7.17934075268832,0,0,0,0,6.28432156089409,0,7.1071823637731,4.50234724415673,9.26124314257973,0,11.217511177063,0,5.4107928968245,0,4.11251525123059,0,0,0,6.82916561762492,5.59575866207932,6.92107087512349,3.57690787315369,4.59173708165362,4.67172962372986,5.38767633677806,3.88889216340106,14.1873059482156,9.84274284656231,0
0,0,0,0,0,0,0,0,3.92575313077115,0,4.1775023924025,0,0,0,0,0,0,0,0,0,4.97573678315062,3.74923844898448,4.4289655620612,0,4.22801981513514,0,0,0,3.65438789671118,0,3.7477155755943,0,0,6.34548245766584,6.29993901426142,4.90207350220289,5.05464745289646,4.543408818472,0,0,0,0,3.36914559557468,0,0,0,0,6.72105964706058,6.02741180216281,0,0,0,0,0,5.58805488231705,0,6.53141193313292,0,0,0,0,0,0,9.42008192868412,5.79100251197815,4.73673252254417,0,6.1187985122124,0,0,0,5.34736777226859,0,3.82827761701045,0,0,8.88373489379883,6.40890970476356,3.84796910016042,6.61699767078557,6.0400207553591,4.87175464537673,4.49801215642269,4.35374604577202,6.53059047417675,0,0
0,30.8241782188416,0,28.1896914243698,0,29.2037868499756,0,0,0,0,0,0,0,0,0,0,60.8488394501921,54.863821799295,38.3240155116768,25.1074695587158,0,0,0,0,0,0,0,0,0,0,0,0,0,0,0,0,0,0,0,0,74.548412322998,23.4110395595042,58.7812518244204,24.1358833312988,0,19.2014983973151,72.3847452799479,13.0377120839225,0,14.1905466557283,0,30.7810344696045,0,0,0,0,76.3681564331055,0,0,0,0,0,6.40884502582837,0,0,0,0,0,0,0,0,0,45.7553863101535,0,0,0,0,0,15.1449146822434,74.5673747062683,29.989120341636,0,41.1481523134657,57.4572353363037,14.1828489495915,20.9495830841554,74.2111778259277
27.9895171356201,0,29.4153018174348,112.79711151123,37.0720748901367,0,0,0,42.2103428310818,0,0,0,0,0,0,0,50.0496064735181,61.8362414790135,40.6417476041817,0,24.6451042175293,0,0,0,0,0,0,0,0,0,0,0,0,0,0,0,31.5793285369873,0,0,74.548412322998,0,49.7063562075297,19.4252719470861,0,0,54.5823307037354,11.7936480117841,0,10.3943914301328,0,37.9759635925293,0,0,0,0,0,37.9984844871189,0,0,0,0,0,0,8.72732403020903,0,0,0,0,0,0,0,0,77.5355033874512,22.1167040394064,0,0,0,0,75.0470237731934,8.15726356720935,60.996166229248,10.0465106579959,33.969464899778,26.5108432769775,12.3598266622365,52.8500022888184,22.0428306519673
0,26.6815886376121,0,30.4643134846934,0,33.5800139904022,0,0,44.0223503112793,19.49362185727,0,0,0,0,0,0,55.4752649579729,47.7954329630775,24.6924647450334,36.600564956665,0,0,0,7.35617208480835,0,0,0,0,0,0,0,0,0,0,0,32.7705671787262,0,15.3340908288956,0,23.4110395595042,49.7063562075297,0,16.1612885065377,11.7921369870504,35.5141563415527,28.0329745321563,48.2538375854492,14.5013885498047,0,17.9604717039274,51.3521842956543,43.5913068135579,0,0,0,23.9236712985569,49.5740013122559,7.98845259348551,0,44.4178042411804,0,40.8833823204041,24.1946281062232,0,0,0,0,0,0,0,15.5498384237289,0,13.2382103595276,61.4027862548828,0,0,0,0,30.0711041279764,67.717350769043,16.9254880227904,52.3831520080566,20.6331229771604,30.3760602739122,15.1560989928649,12.850336454068,18.6649883588155
17.0834805419325,0,27.1553617896679,51.3533096313477,36.7765998840332,0,0,0,5.36089734717636,41.3189697265625,0,0,0,0,0,0,40.9168598397528,54.6062712367577,27.6891344016851,0,40.0368092854818,0,0,0,6.1518744468689,0,0,0,0,0,0,0,0,0,0,0,0,16.6347786729986,3.36914559557468,58.7812518244204,19.4252719470861,16.1612885065377,0,0,16.0508161385854,39.8759427751814,29.0306607567438,11.1375556679872,8.5161261979581,44.8722351074219,44.1495361328125,0,0,0,4.26596585653161,36.4683113098145,18.3376782894135,0,0,0,0,0,0,17.8284313295708,0,0,30.9619903564453,5.91726207733154,0,0,0,0,46.5622310638428,22.6949625620261,0,0,0,0,66.2929205052993,20.8340611355882,48.0243237018585,11.1779684083175,20.6932421800341,25.8889147043228,16.5710767019884,30.5171808762984,10.1844336686391
0,6.50268936157227,0,0,0,0,0,0,0,0,0,0,0,0,0,0,52.0316963195801,0,18.6004062493642,0,0,0,0,0,0,0,0,0,0,0,0,0,0,0,0,0,0,0,0,24.1358833312988,0,11.7921369870504,0,0,0,5.11813869476318,0,0,0,27.4958019256592,0,0,0,0,0,0,0,0,0,0,0,0,0,0,0,0,0,0,0,0,0,0,24.983118057251,0,0,0,0,0,23.9521336873372,0,26.13201491038,0,21.5101532936096,0,15.1728180497885,10.7151679992676,0
0,0,0,0,0,0,0,0,0,0,0,0,0,0,0,0,45.4915415445964,0,45.8793935775757,0,0,0,0,0,0,0,0,0,0,0,0,0,0,0,0,0,0,0,0,0,0,35.5141563415527,16.0508161385854,0,0,0,17.9040069580078,0,0,0,0,0,0,0,0,0,0,0,0,0,0,0,0,0,0,0,0,0,0,0,0,0,0,0,0,0,0,0,0,0,0,0,6.82509897549947,0,5.80983141813864,0,0
0,0,0,19.0086733229617,0,0,0,0,0,0,0,0,0,0,0,0,50.0870343192679,41.7125073767997,25.3724763866945,0,0,0,0,0,0,0,0,0,0,0,0,0,0,0,0,5.21851223707199,0,12.1834197044373,0,19.2014983973151,54.5823307037354,28.0329745321563,39.8759427751814,5.11813869476318,0,0,47.3293204307556,0,0,23.7388672342106,0,27.7146396636963,0,0,0,0,0,0,0,35.9950752258301,0,0,8.49431102578811,0,0,0,0,0,0,0,0,0,30.4116588234901,0,0,0,0,0,13.5811806602641,72.6867332458496,12.3472733859616,0,17.1799028744207,0,14.1509232709829,30.8501024246216,0
24.0091479686981,0,22.7426531655448,0,0,0,0,0,36.3282203674316,0,0,0,0,0,0,0,50.6082128054136,55.5989379882812,37.7027657897384,0,9.04161558151245,0,0,0,0,0,0,0,0,0,0,0,0,0,0,0,6.29232343037923,0,0,72.3847452799479,11.7936480117841,48.2538375854492,29.0306607567438,0,17.9040069580078,47.3293204307556,0,0,28.5727756999483,28.650016784668,0,0,0,0,0,0,21.8143719326366,0,0,0,0,0,0,11.5249615514417,0,0,0,0,0,0,0,0,0,20.2202060818672,0,0,0,0,90.8815124511719,17.9005931495144,64.9972629547119,12.1010996860694,29.9851742166772,0,21.2570952363706,49.4460144042969,30.216025352478
34.7554969787598,26.9332888466971,0,0,0,0,0,0,0,26.3584613800049,0,0,0,0,0,0,0,0,0,0,0,0,0,21.5658311843872,0,0,0,0,0,0,0,6.21773333329222,6.38529955102711,6.1064535986023,5.2466019118996,2.98319753011068,10.7751408259074,5.23673059495099,6.72105964706058,13.0377120839225,0,14.5013885498047,11.1375556679872,0,0,0,0,0,9.88581281566827,7.73146453549438,0,0,0,0,0,22.8574876785278,0,0,0,0,0,0,0,0,36.3212184906006,0,23.8269675861705,0,0,0,0,0,0,0,6.30267496322481,4.83898155558449,6.00480570477438,5.62053158242319,4.44130184183811,8.40638991281496,9.88081703867231,8.62899043936478,7.41512891323101,5.34776303859857,9.90984994051408,0,0
3.81151583270421,0,13.2760889938369,28.1715087890625,40.5325126647949,0,0,0,0,0,0,0,0,0,0,0,56.3279075622559,0,33.9442939758301,0,33.9585744684393,0,5.70326812767688,0,3.70985079694677,0,0,0,0,0,0,14.9709742863973,4.27231289943059,16.1647668280253,4.54531526565552,13.7166881561279,15.354667867933,20.7216519497811,6.02741180216281,0,10.3943914301328,0,8.5161261979581,0,0,0,28.5727756999483,9.88581281566827,0,17.7066904764909,40.9209327697754,36.4955863952637,0,0,0,0,33.3676129877567,0,0,0,0,0,0,32.7620993782492,0,6.3541126319901,34.379810333252,5.94922310113907,0,3.60352382836518,0,6.3588779895719,0,7.68246160546939,0,4.9234761386855,15.5254893302917,4.94972103541015,0,11.2637708905148,26.2267913818359,5.50161207585759,10.0314399772673,23.1409098307292,14.1354817578599,0,25.7750034332275
0,6.02143526992413,0,23.3377213078644,0,31.9277413686117,0,0,0,15.7797322803073,0,0,0,0,0,0,62.8766606648763,60.7507629394531,33.3755019732884,33.22465467453,0,5.96290388759092,0,7.15710866598435,0,0,0,0,0,0,0,5.47014141082764,11.5430774688721,5.00184425440702,15.4295812386733,19.4837245411343,16.8319895608085,5.55658390371368,0,14.1905466557283,0,17.9604717039274,44.8722351074219,27.4958019256592,0,23.7388672342106,28.650016784668,7.73146453549438,17.7066904764909,0,0,39.5327296257019,0,0,0,24.4633860588074,0,10.4020546750177,0,39.1294628143311,0,36.5958299636841,16.9736356735229,0,6.25636292068879,0,5.04526782035828,0,4.98887082904872,0,4.93589098876137,0,6.50467513541065,0,5.80703258514404,0,0,16.3138119379679,8.92719856742499,0,6.56045119974348,17.4306716918945,15.3124740932735,23.3020095825195,14.4604279780132,17.6789476425667,0
0,0,5.95166996363047,0,4.47776492782261,0,0,0,0,0,0,0,0,0,0,0,0,0,0,0,3.15366554260254,0,0,0,0,0,0,0,0,0,0,0,0,0,0,0,0,0,0,0,37.9759635925293,51.3521842956543,44.1495361328125,0,0,0,0,0,40.9209327697754,0,0,0,0,0,0,0,4.45365402013949,0,0,0,0,0,0,4.04496475855509,0,0,0,0,0,0,0,0,0,0,0,0,0,0,0,0,0,0,17.4948120117188,0,13.4120080981936,0,0
0,0,0,5.20034189385492,0,3.92256123879377,0,0,0,0,0,0,0,4.35710457960765,0,3.58804845809937,0,0,0,0,0,0,0,0,0,0,0,0,0,0,0,0,0,0,0,0,0,0,0,30.7810344696045,0,43.5913068135579,0,0,0,27.7146396636963,0,0,36.4955863952637,39.5327296257019,0,0,0,0,0,0,0,3.4179202914238,0,5.53911591742746,0,4.42924246081599,0,0,0,0,0,0,0,0,0,0,40.1405439376831,0,0,0,0,0,44.4345121383667,0,43.9810905456543,0,18.9602840086993,0,9.86644249667453,0,0
0,0,0,0,0,0,3.50962262153625,0,0,0,5.86008251281012,0,0,0,0,0,0,0,0,0,7.41657292842865,0,0,0,0,0,0,0,0,0,0,0,0,0,0,0,0,0,0,0,0,0,0,0,0,0,0,0,0,0,0,0,0,0,0,0,4.49823965044583,0,0,0,0,0,0,5.27405595779419,0,0,0,0,0,0,0,0,0,0,0,0,0,0,0,0,0,0,4.65014266967773,0,0,0,0
0,0,0,0,0,0,0,3.35128951072693,0,0,0,0,0,0,0,0,0,0,0,0,0,0,0,0,0,0,0,0,0,0,0,0,0,0,0,0,0,0,0,0,0,0,0,0,0,0,0,0,0,0,0,0,0,0,0,0,0,0,0,0,0,0,0,0,0,0,0,0,0,0,0,0,0,0,0,0,0,0,0,0,0,0,3.03297238294468,0,0,0,0
3.30242879282344,0,0,0,0,0,0,0,3.85179740698763,0,0,0,0,0,4.33833538047199,0,0,0,0,0,0,0,0,0,4.48876497837213,0,2.94579688707987,0,0,0,0,0,0,0,0,0,0,0,5.58805488231705,0,0,0,4.26596585653161,0,0,0,0,0,0,0,0,0,0,0,0,0,0,0,0,0,4.07539118667322,0,0,0,0,0,0,4.80587329183306,0,3.52773714065552,0,0,0,0,0,0,0,0,0,0,0,9.8521797934502,8.02826323509216,0,4.28060509063102,0,6.1209716796875
0,6.41745693012349,0,6.11112024007219,0,2.74680296579997,0,0,0,5.73822432035542,0,0,0,0,0,6.88532769970778,26.9936676025391,6.7566054889134,9.30223274230957,0,0,0,0,5.54245175542058,0,3.72216272354126,0,0,0,0,0,0,0,0,0,0,0,9.63456818292726,0,0,0,23.9236712985569,36.4683113098145,0,0,0,0,22.8574876785278,0,24.4633860588074,0,0,0,0,0,0,0,0,0,0,0,8.96559056043625,0,0,0,0,3.63443242593941,0,7.79609537124634,0,0,0,0,0,0,0,0,0,32.5189247131348,0,9.52666719068731,0,11.690979389044,0,10.7786688700966,0,0
22.2110509872437,0,20.3495320062168,0,18.8383631706238,0,3.87027907371521,0,31.5953102111816,0,6.13599666913572,0,2.7929095138203,0,0,0,47.8950714111328,69.2041549682617,32.1540197511999,0,5.22110942142462,0,0,0,0,0,0,0,3.13681032260259,0,7.0699705183506,0,0,0,0,0,0,0,6.53141193313292,76.3681564331055,37.9984844871189,49.5740013122559,18.3376782894135,0,0,0,21.8143719326366,0,33.3676129877567,0,4.45365402013949,0,4.49823965044583,0,0,0,0,0,3.50969259445169,0,0,0,0,5.13752094524663,0,0,0,0,0,0,0,0,0,6.03676958045392,0,0,0,0,61.7153434753418,47.0945370992025,0,7.80661259273782,9.46127254622323,3.60310210122003,11.6596357768102,0,14.9214446322123
0,0,0,4.24222395970271,0,3.78050234443263,0,3.85752355730211,0,0,0,4.54593605764092,0,11.0628072046237,0,0,0,0,19.6632499694824,4.99649225204222,0,0,0,0,0,0,0,8.00757014751434,0,6.11040246486664,0,0,0,0,0,4.48925881915622,0,7.17934075268832,0,0,0,7.98845259348551,0,0,0,0,0,0,0,10.4020546750177,0,3.4179202914238,0,0,0,0,0,0,0,12.0217149061558,0,0,6.81264938299473,0,0,0,0,0,0,0,6.23328766368684,0,6.69456640764432,0,0,0,0,0,0,0,8.2095625487158,0,3.79259964964871,0,4.18635371835005,0,0
0,0,4.07378496726354,0,0,0,0,0,0,0,0,0,3.47894258756895,0,2.92907714590113,0,0,0,0,0,0,0,0,0,0,0,0,0,3.85471974719654,0,0,0,0,0,0,0,0,0,0,0,0,0,0,0,0,0,0,0,0,0,0,0,0,0,0,0,3.50969259445169,0,0,0,2.9258146153556,0,0,25.8672580718994,0,0,0,0,0,0,0,0,0,0,0,0,0,0,0,0,0,0,3.61475720851541,3.73708045482635,3.98937296867371,0,0
0,0,0,5.37284289055587,0,4.03682971000671,0,0,0,0,0,6.79869561234141,0,3.73662414862321,0,3.72063680648804,0,0,0,0,0,0,0,0,0,0,0,4.27273367722829,0,0,0,0,0,0,0,0,0,0,0,0,0,44.4178042411804,0,0,0,35.9950752258301,0,0,0,39.1294628143311,0,5.53911591742746,0,0,0,0,0,12.0217149061558,0,0,0,4.04217483512068,0,0,0,0,0,0,0,0,3.93064622261695,0,24.2334447273841,0,0,0,0,0,46.3529052734375,0,0,0,4.37333458336917,4.21443634334652,16.4210340636117,0,0
3.07705879657068,0,0,0,0,0,0,0,3.52689680457115,0,0,0,2.73678374290466,0,3.32069072723389,0,0,0,0,0,0,0,0,0,0,0,3.85107990315086,0,0,0,0,0,0,0,0,0,0,0,0,0,0,0,0,0,0,0,0,0,0,0,0,0,0,0,4.07539118667322,0,0,0,2.9258146153556,0,0,0,0,0,0,0,0,3.34560041842253,0,5.20489420209612,0,0,0,0,0,0,0,0,0,0,0,0,0,0,0,0,0
0,3.69391775131226,0,4.9076960497889,0,0,0,0,0,5.94887720545133,0,0,0,4.13218937555949,0,4.22311863716286,0,4.40562066378659,15.8101987838745,0,0,0,0,0,0,0,0,0,0,0,0,0,0,0,0,0,0,0,0,0,0,40.8833823204041,0,0,0,0,0,0,0,36.5958299636841,0,4.42924246081599,0,0,0,8.96559056043625,0,0,0,4.04217483512068,0,0,0,0,0,0,0,0,0,0,0,0,41.7026112874349,0,0,0,0,0,38.0391159057617,0,0,0,4.93770254671184,0,25.974562138319,0,0
0,0,0,19.692843914032,0,7.99648330428384,0,8.34044085608588,0,0,0,4.59782399653372,0,0,0,0,64.6523122787476,54.226245880127,43.3338455926804,4.77335437949823,0,0,0,0,0,0,0,0,0,0,0,0,0,0,0,4.33772900795565,0,6.28432156089409,0,6.40884502582837,0,24.1946281062232,0,0,0,8.49431102578811,0,0,0,16.9736356735229,0,0,0,0,0,0,0,6.81264938299473,0,0,0,0,0,0,0,0,0,0,22.5013942718506,0,12.8100280761719,0,15.2714686462845,0,0,0,0,0,6.66908510219851,80.9363708496094,8.87615326339388,0,7.92746089479606,0,9.4909572576248,46.2771224975586,0
21.5125714492798,0,20.954387029012,0,4.49059202624302,0,4.38197471156265,0,0,0,4.56014856718537,0,0,0,0,0,50.2444530668713,64.2140151977539,33.940204832289,0,5.36001964672556,0,0,0,0,0,0,0,0,0,0,0,0,0,0,0,7.24275258132967,0,9.42008192868412,0,8.72732403020903,0,17.8284313295708,0,0,0,11.5249615514417,0,32.7620993782492,0,4.04496475855509,0,5.27405595779419,0,0,0,5.13752094524663,0,25.8672580718994,0,0,0,0,0,0,0,0,0,0,0,0,0,0,10.0351804817164,0,0,0,0,71.6461887359619,9.08308043845139,0,7.87418418356826,7.69488164591672,0,8.9643740337349,0,12.5168043688724
0,0,0,0,0,0,0,0,0,0,0,0,0,0,0,0,0,3.15460300445557,0,0,0,5.57342730756047,5.44227041473872,10.9989896432773,0,2.98301695925849,0,7.0311692480057,0,0,0,0,0,0,0,0,0,7.1071823637731,5.79100251197815,0,0,0,0,0,0,0,0,36.3212184906006,0,6.25636292068879,0,0,0,0,0,0,0,0,0,0,0,0,0,0,0,8.77986812591553,5.9779112717616,0,7.23786218180133,0,6.31327657383609,0,11.8138236999512,0,0,0,0,0,0,0,11.5888351095513,0,6.00549737231951,0,22.9538154602051,32.3392486572266,0
0,0,0,0,0,0,0,0,0,0,0,0,0,0,0,0,4.44311236310973,0,0,0,0,4.2614043658365,4.24792881272909,0,5.22356168988725,0,3.69867355601732,0,3.31239568413078,0,0,0,0,0,0,0,0,4.50234724415673,4.73673252254417,0,0,0,0,0,0,0,0,0,6.3541126319901,0,0,0,0,0,0,0,0,0,0,0,0,0,0,0,8.77986812591553,0,0,4.34954699457691,0,3.95211542639423,0,9.46597341542745,0,7.65742444992065,0,0,0,0,0,0,0,5.5954063646086,4.84440449298278,5.35104190149615,0,0,0
0,2.74568939208984,0,0,0,0,0,0,0,4.66316639355251,0,0,0,0,0,0,0,9.21029562950134,0,0,0,7.1931234241137,0,3.73246992294199,0,4.45517150277183,0,0,0,0,0,0,0,0,0,0,0,9.26124314257973,0,0,0,0,30.9619903564453,0,0,0,0,23.8269675861705,34.379810333252,5.04526782035828,0,0,0,0,0,3.63443242593941,0,0,0,0,0,0,0,0,5.9779112717616,0,0,0,5.48641662472173,0,8.74154653549194,0,0,0,0,0,0,0,0,0,9.03551944821263,0,17.504916205773,0,9.02222164030428,0,0
0,0,0,0,0,0,0,0,4.9804093681398,0,0,0,0,0,3.48949810436794,0,3.72049721082052,0,0,0,0,0,6.08825349998474,0,3.73199006656852,0,3.97786761820316,0,0,0,0,0,0,0,0,0,0,0,6.1187985122124,0,0,0,5.91726207733154,0,0,0,0,0,5.94922310113907,0,0,0,0,0,4.80587329183306,0,0,0,0,0,3.34560041842253,0,0,0,0,4.34954699457691,0,0,0,3.45422443606103,0,6.98184196154277,0,0,0,0,0,0,0,0,0,8.87827715771125,4.55843622496038,0,6.63596756183184,0,7.81243133544922
0,0,0,0,0,0,0,0,0,0,0,0,0,0,0,3.38387835025787,0,3.58048646606844,19.4964628219604,0,0,6.91820744907155,0,3.96973137628464,0,4.52760861659872,0,4.07175035660083,0,0,0,0,0,0,0,0,0,11.217511177063,0,0,0,0,0,0,0,0,0,0,0,4.98887082904872,0,0,0,0,0,7.79609537124634,0,0,0,0,0,0,22.5013942718506,0,7.23786218180133,0,5.48641662472173,0,0,0,3.79381686641324,0,0,0,0,0,0,0,0,0,0,0,4.05840386284722,0,0,0,0
0,0,0,0,0,0,0,0,3.99807643890381,0,0,0,0,0,4.94148108074742,0,4.39116013440929,0,0,0,0,0,3.55467881777576,0,3.51258061434093,0,3.35458955588164,0,0,0,0,0,0,0,0,0,0,0,0,0,0,0,0,0,0,0,0,0,3.60352382836518,0,0,0,0,0,3.52773714065552,0,0,0,0,0,5.20489420209612,0,0,0,0,3.95211542639423,0,3.45422443606103,0,0,0,5.83910987919343,0,0,0,0,0,0,0,0,0,0,4.32220870515575,0,0,0,0
0,0,0,0,0,0,0,0,0,0,0,6.34741187095642,0,4.50006826565816,0,2.9529881477356,0,3.09603877862295,0,0,0,5.07319723463607,0,8.57496147155762,0,0,0,4.68478096207089,0,4.83579244214176,0,0,0,0,0,0,0,5.4107928968245,0,0,0,15.5498384237289,0,0,0,0,0,0,0,4.93589098876137,0,0,0,0,0,0,0,6.23328766368684,0,3.93064622261695,0,0,12.8100280761719,0,6.31327657383609,0,8.74154653549194,0,3.79381686641324,0,0,0,5.78891263961792,0,0,0,0,0,0,0,7.30513449682706,0,3.82632464212138,3.5971062603501,6.06770154711318,0,0
0,0,0,0,0,0,0,0,0,0,0,0,0,0,0,0,0,0,0,0,0,0,6.7088777422905,0,0,0,2.94093608856201,0,4.25021117341817,0,4.66244686522135,0,0,0,0,0,0,0,5.34736777226859,0,0,0,0,0,0,0,0,0,6.3588779895719,0,0,0,0,0,0,0,0,0,0,0,0,0,0,0,0,9.46597341542745,0,6.98184196154277,0,5.83910987919343,0,0,0,4.66750144863886,0,0,0,0,0,0,0,6.62277014271498,3.4069948585666,3.04725214838982,13.4885730743408,0,0
0,28.131856918335,0,29.9667587508698,0,60.5341873168945,0,0,0,0,0,6.58801623216764,0,16.6607112884521,0,0,67.1214752197266,65.2191017150879,29.1487511682295,0,0,13.3565562900744,0,12.9857187271118,0,0,0,7.37296545505524,0,5.0744189720005,0,0,0,0,0,38.8118019104004,0,4.11251525123059,0,45.7553863101535,77.5355033874512,13.2382103595276,46.5622310638428,24.983118057251,0,30.4116588234901,0,0,0,6.50467513541065,0,40.1405439376831,0,0,0,0,0,6.69456640764432,0,24.2334447273841,0,41.7026112874349,15.2714686462845,0,11.8138236999512,0,0,0,0,0,5.78891263961792,0,0,0,0,0,0,0,45.6655502319336,82.2993965148926,5.68837965686669,0,17.1420434936881,0,12.7653427662147,19.4990646811093,0
29.2004516601563,0,29.5092263085502,0,37.5989471435547,0,0,0,36.7869644165039,0,3.48587641716003,0,0,0,0,0,55.1317090573518,76.2935600280762,39.0697160047643,0,5.07350413004557,0,7.72978591918945,0,0,0,0,0,4.79046663059203,0,3.70167268199354,0,0,0,0,0,0,0,3.82827761701045,0,22.1167040394064,61.4027862548828,22.6949625620261,0,0,0,20.2202060818672,0,7.68246160546939,0,0,0,0,0,0,0,6.03676958045392,0,0,0,0,0,0,10.0351804817164,0,7.65742444992065,0,0,0,0,0,4.66750144863886,0,0,0,0,0,0,64.1760654449463,39.503840637207,0,6.57608536464581,23.7088345576377,0,11.1765328540242,0,19.4623506875599
0,0,0,0,0,0,0,0,0,0,0,0,0,0,0,0,0,0,0,0,0,0,0,0,0,0,0,0,0,0,0,5.52855424383691,4.66160603447475,11.3069418560375,10.7577792864579,4.01895341670922,4.34975661962582,0,0,0,0,0,0,0,0,0,0,6.30267496322481,0,5.80703258514404,0,0,0,0,0,0,0,0,0,0,0,0,0,0,0,0,0,0,0,0,0,0,0,0,0,12.5665947599231,9.40635756885304,0,4.73298555527818,4.75233644945868,0,0,3.35567300565504,0,0,0,0
0,0,0,0,0,0,0,0,0,0,0,0,0,0,0,0,0,0,0,0,0,0,0,0,0,0,0,0,0,0,0,9.60245867841384,4.78011411218955,15.0103894472122,20.7479692520707,0,3.85836256805219,0,0,0,0,0,0,0,0,0,0,4.83898155558449,4.9234761386855,0,0,0,0,0,0,0,0,0,0,0,0,0,0,0,0,0,0,0,0,0,0,0,0,0,12.5665947599231,0,0,10.0971412995084,16.9620010587904,3.87730470986155,0,0,3.52524719626139,0,0,0,0
0,0,0,0,0,0,0,0,0,0,0,0,0,0,0,0,0,0,0,0,0,0,0,0,0,0,0,0,0,0,0,7.9639409347014,0,6.73979577989521,5.08609243317895,7.37231921516288,3.61450533305897,6.82916561762492,8.88373489379883,0,0,0,0,0,0,0,0,6.00480570477438,15.5254893302917,0,0,0,0,0,0,0,0,0,0,0,0,0,0,0,0,0,0,0,0,0,0,0,0,0,9.40635756885304,0,0,5.28679498450857,7.52711260342839,0,6.87891181385348,13.3300512313843,5.0715860160493,5.38735021127237,0,0,0
0,0,0,0,0,0,0,0,0,0,0,0,0,0,0,0,0,0,0,0,0,0,0,0,0,0,0,0,0,0,0,15.1054162979126,10.3048170679841,5.06111140337409,5.23035835806686,17.5055809020996,5.03784448555538,5.59575866207932,6.40890970476356,0,0,0,0,0,0,0,0,5.62053158242319,4.94972103541015,16.3138119379679,0,0,0,0,0,0,0,0,0,0,0,0,0,0,0,0,0,0,0,0,0,0,0,0,0,10.0971412995084,5.28679498450857,0,9.20971934000651,5.07270460263849,16.16202044487,10.5271300549847,3.44440002895113,3.79346477985382,0,0,0
0,30.9298852471744,0,35.9887037130503,0,29.7055606842041,0,0,61.1866140365601,52.5353126525879,0,3.72439285667061,0,0,0,0,64.1006534935063,58.0642984814114,37.0306734240366,4.2754539092297,0,0,0,0,0,0,0,0,0,0,0,3.88528468506188,12.592486000061,6.34543374652413,9.24578126271566,4.49438397787725,4.48596257038331,6.92107087512349,3.84796910016042,15.1449146822434,75.0470237731934,30.0711041279764,66.2929205052993,23.9521336873372,0,13.5811806602641,90.8815124511719,4.44130184183811,0,8.92719856742499,0,44.4345121383667,0,0,0,32.5189247131348,61.7153434753418,0,0,46.3529052734375,0,38.0391159057617,6.66908510219851,71.6461887359619,0,0,0,0,0,0,0,0,45.6655502319336,64.1760654449463,4.73298555527818,16.9620010587904,7.52711260342839,9.20971934000651,0,15.8440398647361,5.87062767437025,0,16.4017900779489,29.4725928703944,21.9190588525291,26.0307926875289,59.5241775512695
30.7928461669594,0,31.5874408575205,0,38.2198104858398,0,0,0,42.0764284769694,0,3.68382433530326,0,0,0,0,0,53.9524091720581,63.7380666863428,41.3368586249101,0,4.6924633802918,0,0,0,0,0,0,0,0,0,0,4.62354838191055,3.07845837228438,15.8939491510391,4.98006779519369,4.82739014908819,5.00293489083928,3.57690787315369,6.61699767078557,74.5673747062683,8.15726356720935,67.717350769043,20.8340611355882,0,0,72.6867332458496,17.9005931495144,8.40638991281496,11.2637708905148,0,0,0,0,0,0,0,47.0945370992025,0,0,0,0,0,80.9363708496094,9.08308043845139,0,0,0,0,0,0,0,0,82.2993965148926,39.503840637207,4.75233644945868,3.87730470986155,0,5.07270460263849,15.8440398647361,0,65.2198944091797,6.34616624867475,17.8751330498036,3.54796710139827,17.6923654620494,47.3714065551758,22.0867741973312
0,33.5074195861816,0,33.7954661347145,0,0,0,0,0,14.0180556669599,0,5.23442197988954,0,0,0,0,66.3376069910386,53.0374393463135,34.7226102542033,5.12063637538929,0,8.74409545143716,3.27611827850342,6.59833825887402,0,0,0,6.37048344980946,0,5.271415690581,0,0,0,10.4981993113656,13.2862744050867,4.61372705160862,0,4.59173708165362,6.0400207553591,29.989120341636,60.996166229248,16.9254880227904,48.0243237018585,26.13201491038,0,12.3472733859616,64.9972629547119,9.88081703867231,26.2267913818359,6.56045119974348,0,43.9810905456543,0,0,0,9.52666719068731,0,8.2095625487158,0,0,0,0,8.87615326339388,0,11.5888351095513,0,9.03551944821263,0,0,0,7.30513449682706,0,5.68837965686669,0,0,0,6.87891181385348,16.16202044487,5.87062767437025,65.2198944091797,0,6.76723537947002,7.55076582148204,3.69197957515717,15.1511207053261,18.0109744722193,0
