0,0,0.0238689899094202,0,0.00294454786283955,0,0,0,0.0654586218579573,0,0,0,0,0,0,0,1.67271528191519e-05,0,0.000844246705348338,0,0,0,0,0,0,0,0,0,0,0,0,0,0,0,0,0,2.96952823582882e-06,0,0,0,0,0,0.00218460970045081,0,0.000120531155325059,0,0.00102794767423023,4.99668911107294e-05,0.0150080530638311,0,0,0,0,0,0.0349244132544236,0,0.00236596031803092,0,0,0,0.00254827397294561,0,0,0.000206589728708764,0,0,0,0,0,0,0,0,0,0.000132216981140864,0,0,0,0,1.82033088341662e-06,6.21446490749177e-05,0,0.00015736556817233,0.000582308018017819,1.27235399314736e-06,0.0151311241805733,0,0.000117354188304538
0,0,0,0.0709677754621719,0,0.000235883742270638,0,0,0,0.0322075923067424,0,0,0,0,0,0,8.47809741246348e-06,0,0.000477537901793329,0,0,0,0,0,0,0,0,0,0,0,0,0,0,0,0,2.45527099735791e-06,0,0.000107406240300647,0,0,0,0.00294625549475379,0,0,0,0,0,3.63006457591245e-05,0,0.0401326522321915,0,0,0,0,0,0.0520786098887367,0,0.00482582748406577,0,0,0,0.00503558697646068,0.000308786102896118,0,0,0,4.69581319862454e-05,0,0.0001352603842059,0,4.92116700912768e-05,0,0.000775855325465659,0,0,0,0,0,0.000498869116240713,0,0.00121304096548413,0,0.00152703207821703,1.01063735551425e-06,0.0140787740590687,0.00127870863079031,0
0.0238689899094202,0,0,0,0.0102206107759717,0,0,0,0.0126266361022341,0,0,0,0,0,0,0,0,0,0,0,0,0,0,0,0,0,0,0,0,0,0,0,0,0,0,0,0.000451606693872663,0,0,0,0,0,0,0,0,0,0.00068727550527497,0,0.0013905556979793,0,0,0,0,0,0.00186149639832661,0,0,0,0,0,0,0,0,0,0,0,0,0,0,0,0,0,0,0,0,0,0,0,0,0,0,0,0.00128535077859381,0,0.00544270044003209,0,0
0,0.0709677754621719,0,0,0,0.00185569951509757,0,0,0,0.0131023555475819,0,0,0,0,0,0,0,0,1.70052713288071e-05,0,0,0,0,0,0,0,0,0,0,0,0,0,0,0,0,0.000240894329763271,0,0,0,0,0,0.00149934497454038,0,0,0,0.000243495817649564,0,0,0,0.00254584500431424,0,0.016147635200304,0,0,0,0.00307053090380548,0,0.00084523714854396,0,0,0,0,0.000304952375863795,0,0,0,0.000236807981209766,0,3.61031078680886e-05,0,0,0,0,0,0,0,0,0,0.000258261678957921,0,7.58064908154077e-06,0,0.00225585985531106,7.43093899113805e-05,0.00829483963278186,0.000822818079027343,0
0.00294454786283955,0,0.0102206107759717,0,0,0,0.00747762617837488,0,0.0119199126495496,0,0,0,0.00373146965691526,0,0.00837579338854341,0,0,0,0,0,0.00061595243989282,0,0,0,0,0,0,0,0,0,0,0,0,0,0,0,0.000424842757338609,0,0,0,0,0,0,0,0,0,0.000862689596835882,0,0,0,0.0426327008123997,0,0.000282869514576732,0,0.00388085555950786,0,0.00103552382012263,0,0.00886015006110598,0,0.0212751046542974,0,0,0.000742811725577043,0,0,0,0,0,0,0,0,0,0,0,0,0,0,0,3.06375009088092e-05,0,0,0.00160316164982374,4.22611568816029e-06,0.00695627662259108,0,0
0,0.000235883742270638,0,0.00185569951509757,0,0,0,0.00478373734200195,0,0.00555896600759379,0,0,0,0.00698777775093135,0,0,2.48884989448265e-06,1.95264237435404e-05,9.50548465010529e-05,0.000128179747814678,0,0,0,0,0,0,0,0,0,0,0,0,0,0,0,0.000153606900295068,0,0,0,0.000216847590560144,0,0.000471778001847848,5.68015148270478e-05,0,0,0.000648309034379936,0,8.74964877165511e-05,0,0.000763380579117364,0,0.0173274341830311,0,0.0101515563022354,0,0,0,0.00103255872934078,0,0.00229783486536833,0,0,0.00410194793177771,0,0,0,0,0,0,0,2.11497867754857e-05,0,2.91000353335423e-05,0,0,0,0,0,6.60254544400922e-05,0,5.16743075663765e-06,0,0.00393710506284772,9.51513916926469e-07,0.00843772508587377,0,0
0,0,0,0,0.00747762617837488,0,0,0,0,0,0.00712464524045723,0,0,0,0,0,0,0,0,0,0.00657373126993537,0,0,0,0,0,0,0,0,0,0,0,0,0,0,0,0.000469253778042503,0,0,0,0,0,0,0,0,0,0,0,0,0,0.0121591901063457,0,0.0208101119149735,0,0,0,0.00972279013564754,0,0,0,0,0,0,0.00268259149062502,0,0,0,0,0,0,0,0,0,0,0,0,0,0,0,7.79705150236837e-05,0,0,0.00118302437049564,1.73315102434279e-06,0,0,0
0,0,0,0,0,0.00478373734200195,0,0,0,0,0,0.00118268598738179,0,0,0,0,0,0,0,0.000234465535068397,0,0,0,0,0,0,0,0,0,0,0,0,0,0,0,8.01176380004479e-06,0,0,0,0,0,0,0,0,0,0,0,0,0,0,0,0.000217956190025072,0,0.0400991388252468,0,0,0,4.57682245568573e-05,0,0,0,0,0,0,0,0,0,0,0,0,0,0,0,0,0,0,0,0,0,0,0,0,0.000903356827967157,0,0,0,0
0.0654586218579573,0,0.0126266361022341,0,0.0119199126495496,0,0,0,0,0,0,0,0,0,0.0309530354688992,0,0,0,0,0,0,0,0,0,0.0195705503929793,0,0,0,0,0,0,0,0,0,0,0,9.0005016055219e-06,0,0.00093298714760311,0,0,0,0.00409768158464436,0,0,0,0.000802866853185477,0,0.00147457660727658,0,0.000454962945677474,0,0,0,0.17059337305922,0,7.40470133849211e-05,0,0,0,0.00416466767054495,0,0,0.000281448744305126,0,0,0,0.0099441328218565,0,0,0,1.25526909985872e-05,0,0,0,0,0,0,0,0,0,3.05836447266086e-05,0.00109017957610757,0,0.00173794307056801,0,0.00299476314024191
0,0.0322075923067424,0,0.0131023555475819,0,0.00555896600759379,0,0,0,0,0,0,0,0,0,0.0496370033654538,0,0,0,0,0,0,0,0.00133658753637435,0,0,0,0,0,0,0,0,0,0,0,0,0,0,0,0,0,0.00374762602645177,0,0,0,0,0,0,0,0,0,0,0,0,0,0.0646250467312812,0,0.000178267837716117,0,0,0,0.00708549866768586,0.000236837498710396,0,0,0,0.00160364102457144,0,0,0,0,0,0,0,0,0,0,0,0,0,4.56029231074269e-06,0,0.000940728523832684,0.000182355185722832,0.0014353983091638,0.0100074461170385,0
0,0,0,0,0,0,0.00712464524045723,0,0,0,0,0,0,0,0,0,0,0,0,0,0.0138665490455641,0,0,0,0,0,0,0,0.00130578900218955,0,0.00590313720369925,0,0,0,0,0,0.00439273898892704,0,0.00502525815064661,0,0,0,0,0,0,0,0,0,0,0,0,0,0.000316602505433479,0,0,0,0.0650506175672162,0,4.52960084658116e-05,0,0,0,0,0.00138092937256321,0,0,0,0,0,0,0,0.000428136751425901,0,0.00129675292752756,0,0,0,0,0,0,0,4.84594663937154e-05,0.0017365699265371,0,0,0,0
0,0,0,0,0,0,0,0.00118268598738179,0,0,0,0,0,0.00790853310774012,0,0,0,0,0,0.0195377137659512,0,0,0,0,0,0,0,0.000639836815186799,0,0.0166572558004802,0,0,0,0,0,0.00320696649962628,0,0.00635943123955781,0,0,0,0,0,0,0,0,0,0,0,4.25846155224781e-05,0,0,0,0,0,0,0,0.107686557342144,0,0.000266808965534437,0,0,0.00531410291759827,0,0,0,0,0,0,0,0.00116589690098634,0,0.0105789864635774,0,0,0,0,0,0,0,0.00103673524206677,0,0.00277140784876514,0,0.000614835618853859,0,0
0,0,0,0,0.00373146965691526,0,0,0,0,0,0,0,0,0,0,0,0,0,0,0,0,0,0,0,0,0,0,0,0,0,0,0,0,0,0,0,0,0,0,0,0,0,0,0,0,0,0,0,0,0,0.0022033315463977,0,0,0,0,0,0,0,0.00034722221607808,0,0,0,0,0,0,0,0,0,0,0,0,0,0,0,0,0,0,0,0,0,0,0,8.72360223507177e-05,0,0,0,0
0,0,0,0,0,0.00698777775093135,0,0,0,0,0,0.00790853310774012,0,0,0,0.00318094435607068,0,0,0,0,0,0,0,0,0,0,0,0.00370937332288346,0,0.000710231163960238,0,0,0,0,0,0,0,0,0,0,0,0,0,0,0,0,0,0,0,0,0,0.0041986503215855,0,0,0,0,0,0.00338976089836441,0,0.0302402190428963,0,0.00371506966017623,0,0,0,0,0,0,0,0,0,0,0,0,0,0,0,0,0,0,0,0,3.61611412170342e-06,0,0,0,0
0,0,0,0,0.00837579338854341,0,0,0,0.0309530354688992,0,0,0,0,0,0,0,0,0,0,0,0,0,0,0,0,0,0,0,0,0,0,0,0,0,0,0,0,0,0,0,0,0,0,0,0,0,0,0,0,0,0.000701767335693606,0,0,0,0.037905769276269,0,0,0,0,0,0.0155165093809454,0,0,0,0,0,0,0,0,0,0,0,0,0,0,0,0,0,0,0,0,0,0.000203509178759106,0,0,0,0
0,0,0,0,0,0,0,0,0,0.0496370033654538,0,0,0,0.00318094435607068,0,0,0,0,0,0,0,0,0,0,0,0,0,0,0,0,0,0,0,0,0,0,0,0,0,0,0,0,0,0,0,0,0,0,0,0,0,0,0,0,0,0.000218962115468457,0,0.000297833856396174,0,0.0226233194056527,0,0.00476684062915398,0,0,0,0,0,0,0,0,0,0,0,0,0,0,0,0,0,0,0,0,0.000401021455961731,0,0,0,0
1.67271528191519e-05,8.47809741246348e-06,0,0,0,2.48884989448265e-06,0,0,0,0,0,0,0,0,0,0,0,0.073213613190614,0.028796306436301,4.1957109843983e-06,0,0,0.00103532777887548,0,0,0,0.000157641996029508,0,0,0,0,0,0,0,0,8.1508308013573e-06,5.37059258606845e-06,1.46024685646583e-05,8.66102323534692e-06,9.41577589585923e-05,0.000176650234948178,0.000219201766077553,0.000705146516578209,2.03716810972924e-05,0.000353674203927659,7.67300087079078e-06,0.000360873619430954,0,0,0,0,0,0,0,0,0,0,5.60433560154506e-05,0,0,0,0,1.92166734682304e-06,0,0,0.000106241029624303,0,0,0,1.78878071892541e-05,0,4.34758671821555e-06,2.02073078915859e-05,4.20250864353609e-05,0,0,0,0,0.000285192190928486,0.000122975749555053,0.000251272689499876,0.000288016258398104,0.0497678182653441,0.0142846703115768,0.00118360818876594,2.23398142833793e-05,0.000239882833510732
0,0,0,0,0,1.95264237435404e-05,0,0,0,0,0,0,0,0,0,0,0.073213613190614,0,0.039892715875792,0,0,0.000160229183365867,0,0,0,0.00140432859331111,0,7.77139329528843e-05,0,0,0,0,0,0,0,2.20764572711874e-05,9.73577467390884e-06,3.65685229688631e-05,0,0.000335704623572453,8.17509524823203e-05,0.000519453173538496,0.000371450229040113,8.99405137081062e-05,0.000356572250414957,0.000157438274206624,0.000330549780328637,1.07984459477833e-05,0,0,0,0,0,0,0,0,0,2.99144936104456e-05,0,0,0,0,0.00012104458471878,5.14370475146187e-06,0,0,0,0,3.74861774616875e-05,0,0,0,8.51981622586372e-05,1.92396546730922e-05,0,0,0,0,0.0006076952549439,0.000124612545247897,0.000567636086587351,9.29533376185012e-05,0.0523932269264523,0.00832885640562239,0.00106243197064816,0.000126600904776066,0.00014581521752707
0.000844246705348338,0.000477537901793329,0,1.70052713288071e-05,0,9.50548465010529e-05,0,0,0,0,0,0,0,0,0,0,0.028796306436301,0.039892715875792,0,3.14567430250627e-06,0,0,0,0,0,0,0,0,0,0,0,0,0,0,0,0.000237270454971154,0.000310851638076463,0.000459648430377826,0.000193051901545506,0.00321335709572993,0.00182187539187257,0.0118634129927931,0.0174329927843084,0.00234269229184809,0.00865875404018562,0.0013386890010935,0.0118879626116488,0,0,0.00016657294689717,0,0,0,0,0,0,5.30879211824327e-05,0.000128467614146212,0,0,0,0,0.00179399964050679,0.00019478668417528,0,0,0,0,1.38147811948883e-05,0,3.19162238680815e-06,6.57465197201985e-05,0.00329276522979955,0.00224374685752196,0,0,0,0,0.00810320495889402,0.00351967973884916,0.00880265037133361,0.0050513370755816,0.0324056840080395,0.00181545914173527,0.0341211775642363,0.00235120205071985,0.00922988227396045
0,0,0,0,0,0.000128179747814678,0,0.000234465535068397,0,0,0,0.0195377137659512,0,0,0,0,4.1957109843983e-06,0,3.14567430250627e-06,0,0,0,0,0,0,0,0,0,0,0,0,0,0,0,0,0.012581496247159,0,0.000417220118979649,0,2.84570238524029e-05,0,0.000291390875864427,5.9393191140157e-06,0,0,0.000915924362233275,0,8.77226694663159e-05,3.17901915840766e-05,0.00182897488574018,0,0,0,0.00244362341239687,0,0,0,0.00425709979359145,0,0,0,0,0.0930029903483859,0,0,0,0,0,0,0,0,0,0,0,0,0,0,0,0.00290880371945343,0,0.000556009369268726,0,0.00248096061200253,0,0.00575670875762668,0,0
0,0,0,0,0.00061595243989282,0,0.00657373126993537,0,0,0,0.0138665490455641,0,0,0,0,0,0,0,0,0,0,0,0,0,0,0,0,0,0,0,0,0,0,0,0,0,0.0137099025457864,0,0.00109117835040237,0,1.39308724434803e-05,1.31429154054705e-05,6.42764421404115e-05,0,3.03239644074971e-05,0,0.000687772313176189,0.000144090529459109,0.000362913867600788,0,0,0,0.00153401435794124,0,0,0,0.000297764757726007,0,0,0,0,0,0,0.0732007750433302,0,0,0,0,0,0,0,0,0,0.000278809087553953,0,0,0,0,0,0.0048061119850082,0,0.000174552747538114,0.00241020292878213,0,0.00251721623475465,0,0
0,0,0,0,0,0,0,0,0,0,0,0,0,0,0,0,0,0.000160229183365867,0,0,0,0,0.00527257148505338,0.00318126867081204,0,0.00563433900583934,0,0.00134959551259866,0,0,0,0,0,0,0,0,0,0.0116951385897153,7.34360955018075e-05,0,0,0,0,0,0,0,0,0,0,0,0,0,0,0,0,0,0,0,0,0,0,0,0,0,0.0913297738412504,8.66811107273267e-05,0.0064643389797701,0,0.00636517751722991,0,0,0,0,0,0,0,0,0,0,0,0.00203650088170637,0,0.0063056768525462,0.00420029742136505,0,0,0
0,0,0,0,0,0,0,0,0,0,0,0,0,0,0,0,0.00103532777887548,0,0,0,0,0.00527257148505338,0,0,0.00340965610528935,0,0.00409657413910051,0,0.000935334273308813,0,0,0,0,0,0,0,0,3.1565779395025e-05,0.00747258374635009,0,0,0,0,0,0,0,0,0,0.000357594207377582,0,0,0,0,0,0,0,0,0,0,0,0,0,0,0,6.51277477803922e-05,0.0787216915189772,0,0.000595859060897864,0,0.00393155340173854,0,0,0,0,0,0,0,0,0,0,0,0.00107699030617426,0.00472221221794553,0.000734048326862714,0,0,0
0,0,0,0,0,0,0,0,0,0.00133658753637435,0,0,0,0,0,0,0,0,0,0,0,0.00318126867081204,0,0,0,0.0128410157609971,0,0,0,0,0,0,0,0,0,0,0,0.00269157799193124,1.21711814647443e-05,0,0,0.00108655561182342,0,0,0,0,0,0,0,0.000598999174255572,0,0,0,0,0,0.0674433230039959,0,0.000120086619003132,0,0,0,0,9.90478184059863e-05,0,0.00256539730582511,0,0.185386282356801,0,0.000238169529650462,0,0,0,0,0,0,0,0,0,0,0,0.00172180948378211,0,0.000787831727438255,4.30135545901366e-06,0.000489430396833143,0.00132037802512117,0
0,0,0,0,0,0,0,0,0.0195705503929793,0,0,0,0,0,0,0,0,0,0,0,0,0,0.00340965610528935,0,0,0,0.0376780564424492,0,0,0,0,0,0,0,0,0,3.2937193134294e-06,0,0.0070589029537323,0,0,0,0.00499665390366876,0,0,0,0.00028507223370084,0,0.000121804070478208,0,0,0,0,0,0.0472641138830025,0,0,0,0,0,0.00358511127317352,0,0,0.000350454305085182,0,0.00665252242379681,0,0.117827191619858,0,0.0307436769381059,0,0,0,0,0,0,0,0,0,0,0,0.00159180317534951,0.00100254717291971,0,0.00235582730691691,0,0.00232679536429773
0,0,0,0,0,0,0,0,0,0,0,0,0,0,0,0,0,0.00140432859331111,0,0,0,0.00563433900583934,0,0.0128410157609971,0,0,0,0.00938328360474004,0,0,0,0,0,0,0,0,0,0,0,0,0,0,0,0,0,0,0,0,0,0.000131917784874369,0,0,0,0,0,0,0,0,0,0,0,0,0,0,0.00210086833688539,0,0.0146015844584585,0,0.0629043782475224,0,0.00972839574457656,0,0,0,0,0,0,0,0,0,0,0,0.000534855220605362,0,0,0,0
0,0,0,0,0,0,0,0,0,0,0,0,0,0,0,0,0.000157641996029508,0,0,0,0,0,0.00409657413910051,0,0.0376780564424492,0,0,0,3.4831137804575e-05,0,0,0,0,0,0,0,0,0,9.67353187839243e-06,0,0,0,0,0,0,0,0,0,0,0,0,0,0,0,0,0,0,0,0,0,7.63623799973157e-05,0,0,0,0,0.00283857222552217,0,0.00976994293482728,0,0.121739005877379,0,0.000237256847865911,0,0,0,0,0,0,0,0,0,2.24849164119495e-05,9.93002911983637e-05,0,0,0,0
0,0,0,0,0,0,0,0,0,0,0,0.000639836815186799,0,0.00370937332288346,0,0,0,7.77139329528843e-05,0,0,0,0.00134959551259866,0,0,0,0.00938328360474004,0,0,0,0.00510126560932975,0,0,0,0,0,0,0,4.66425750899756e-06,0,0,0,0,0,0,0,0,0,0,0,0,0,0,0,0,0,0,0,0,0,0.000736223381906538,0,0,0,0,0.00487415429464356,0,0,0,0.000281099450514321,0,0.0246385554847541,0,0.000774552286408157,0,0,0,0,0,0,0,0.000238895896923608,0,0.00154932633504532,4.97468953412754e-05,0,0,0
0,0,0,0,0,0,0,0,0,0,0.00130578900218955,0,0,0,0,0,0,0,0,0,0,0,0.000935334273308813,0,0,0,3.4831137804575e-05,0,0,0,0.00111471522381412,0,0,0,0,0,0,0,0,0,0,0,0,0,0,0,0,0,0,0,0,0,0,0,0,0,0.000135857641206144,0,0,0,0,0,0,0,0,0,0,0,0,0.00194096697582497,0,0.00871605359759254,0,0,0,0,0,0,0,0,0,0,0.000437808915404046,4.20744390794425e-06,0,0,0
0,0,0,0,0,0,0,0,0,0,0,0.0166572558004802,0,0.000710231163960238,0,0,0,0,0,0,0,0,0,0,0,0,0,0.00510126560932975,0,0,0,0,0,0,0,0,0,0.00642393575870469,0,0,0,0,0,0,0,0,0,0,0,0,0,0,0,0,0,0,0,0.0023136982745897,0,0,0,0,0,0,0,0,0,0,0,0,0.000441726431996583,0,0.0634905400943268,0,0,0,0,0,0,0,0.000898693467153749,0,0.000207776331176575,0,0,0,0
0,0,0,0,0,0,0,0,0,0,0.00590313720369925,0,0,0,0,0,0,0,0,0,0,0,0,0,0,0,0,0,0.00111471522381412,0,0,0,0,0,0,0,0,0,0.00244007206455954,0,0,0,0,0,0,0,0,0,0,0,0,0,0,0,0,0,0.00199284336533797,0,0,0,0,0,0,0,0,0,0,0,0,0,0,4.93022030522794e-05,0,0.00312246151605305,0,0,0,0,0,0,0,0,0.000224572052894119,0,0,0,0
0,0,0,0,0,0,0,0,0,0,0,0,0,0,0,0,0,0,0,0,0,0,0,0,0,0,0,0,0,0,0,0,0.0381469450944594,0.0015555822190375,0.0010027403930257,0.005184380521202,1.74692553701825e-05,0,0,0,0,0,0,0,0,0,0,0.0861167508046558,0,0,0,0,0,0,0,0,0,0,0,0,0,0,0,0,0,0,0,0,0,0,0,0,0,0,0.466840791957748,0.0372214495789028,0.00174662474511437,0,0.00819578522896326,9.48594845092994e-05,0,0,0.00107179972903214,0,0,0,0
0,0,0,0,0,0,0,0,0,0,0,0,0,0,0,0,0,0,0,0,0,0,0,0,0,0,0,0,0,0,0,0.0381469450944594,0,0,0.0100772794510059,0.000194820325177787,0.00550511624543924,0,0,0,0.000389138673577835,0,0,0,0,0,0,0.0764329028414221,0.00229683521765052,0,0,0,0,0,0,0,0,0,0,0,0,0,0,0,0,0,0,0,0,0,0,0,0,0,0.0149093330298644,0.741841546201872,0,0.000510261855355748,6.21928964837789e-06,0.00689030546421797,0,0,0.00345036539699488,0,0,0,0
0,0,0,0,0,0,0,0,0,0,0,0,0,0,0,0,0,0,0,0,0,0,0,0,0,0,0,0,0,0,0,0.0015555822190375,0,0,0.0490899012164696,0.00399253865404227,0,0.000878392050036861,5.41659679418326e-05,0,0,0.000206643886852364,0.000261060595711476,0,0,0,1.45484779868188e-05,0.176148185569448,0,0,0,0,0,0,0,0,0,0,0,0,0,0,0,0,0,0,0,0,0,0,0,0,0,0,0.000598002184162189,0,0.0589526187257403,0.00309867325526174,0.000652806541777439,0,0.000640749737026275,0,0.00287391647601826,0,0.000505053018589918,0,0
0,0,0,0,0,0,0,0,0,0,0,0,0,0,0,0,0,0,0,0,0,0,0,0,0,0,0,0,0,0,0,0.0010027403930257,0.0100772794510059,0.0490899012164696,0,0,0.00516319298398962,0.000230625143886251,0.00128779648918442,0,0,3.91492022758103e-05,0.000906269146349934,0,0,0,0.000104132673724028,0.182687727240047,0.000277842159398338,0.000265942137837014,0,0,0,0,0,0,0,0,0,0,0,0,0,0,0,0,0,0,0,0,0,0,0,0,0.000295247134274135,0.0228822481350556,0.0212546169789211,0.124827615530473,0,0.000825325650918139,0,0.0025983675204321,0.00125966163057154,0,0.00168032443707048,0,0
0,2.45527099735791e-06,0,0.000240894329763271,0,0.000153606900295068,0,8.01176380004479e-06,0,0,0,0.00320696649962628,0,0,0,0,8.1508308013573e-06,2.20764572711874e-05,0.000237270454971154,0.012581496247159,0,0,0,0,0,0,0,0,0,0,0,0.005184380521202,0.000194820325177787,0.00399253865404227,0,0,0.00223185644261181,0.0131526146782208,8.66467574739697e-07,0.000244101879963429,5.2625063018231e-06,0.000815863346331181,5.91636899318517e-05,1.03411628943554e-05,3.33444840700637e-06,0.000282041027177587,5.84713585130994e-05,0.000550154910407254,4.13788540150612e-05,0.000895532016249657,0,0,0,2.13216176765312e-05,0,0,0,0.00204774789075567,0,0,0,0,0.00310086903710537,0,0,0,0,0,3.3783180740659e-06,0,8.82789823232043e-06,0,4.9725205217867e-05,0,7.97956816481985e-05,0.000554232452832575,0.000748812261465042,0,0.0960048764784302,0.000179799328852966,0.00659383995909836,1.40636595970728e-05,0.0136666951168325,0.00309759114837876,0.00137282527836513,7.20122834559466e-05,0
2.96952823582882e-06,0,0.000451606693872663,0,0.000424842757338609,0,0.000469253778042503,0,9.0005016055219e-06,0,0.00439273898892704,0,0,0,0,0,5.37059258606845e-06,9.73577467390884e-06,0.000310851638076463,0,0.0137099025457864,0,0,0,3.2937193134294e-06,0,0,0,0,0,0,1.74692553701825e-05,0.00550511624543924,0,0.00516319298398962,0.00223185644261181,0,3.31311886908659e-05,0.0159127017370909,0,4.39038871715681e-05,6.00802318342496e-06,0.000761083030777243,1.23838289151711e-06,0.000268818710127443,0,0.00349950618613087,0.00119420759505793,0.000233593851918276,1.45997184883967e-06,0,0,1.14853059396534e-05,0,0,0,0.00154752867882013,0,0,0,0,0,0,0.00555223573517948,0,0,0,0,0,0,0,2.02198300503577e-06,0,5.42087843081139e-06,0,0.00178804074968555,0,0.0015485859177124,0.00100002079521802,0.104300306590385,0,0.00678779979743162,0.0169256812551652,0.00572289085097267,0.0037614985712948,0,0.000262868579417406
0,0.000107406240300647,0,0,0,0,0,0,0,0,0,0.00635943123955781,0,0,0,0,1.46024685646583e-05,3.65685229688631e-05,0.000459648430377826,0.000417220118979649,0,0.0116951385897153,3.1565779395025e-05,0.00269157799193124,0,0,0,4.66425750899756e-06,0,0.00642393575870469,0,0,0,0.000878392050036861,0.000230625143886251,0.0131526146782208,3.31311886908659e-05,0,0.00331126355522459,5.95505157390627e-05,0,0.00240348276223913,3.13159713446146e-05,2.26907845472815e-06,8.35587413964124e-06,2.9060738310627e-05,0,0.0197708958519425,9.70110514894391e-06,0.00141888087439577,0,0,0,0,0,0.00020700049950051,0,0.00308932521302881,0,0,0,0,0.00651434592138349,0,0.0049064011464154,0,0.0111551580436885,0,0,0,0,0,0.00653147095567581,0,0,0,0.00216123795590532,0,0.0133757061783736,0,0.157052164901851,0.00104648039291142,0.0149052124325298,0.00460726973946994,0.00181615520645563,0.00017540010102288,2.49067427425188e-06
0,0,0,0,0,0,0,0,0.00093298714760311,0,0.00502525815064661,0,0,0,0,0,8.66102323534692e-06,0,0.000193051901545506,0,0.00109117835040237,7.34360955018075e-05,0.00747258374635009,1.21711814647443e-05,0.0070589029537323,0,9.67353187839243e-06,0,0,0,0.00244007206455954,0,0,5.41659679418326e-05,0.00128779648918442,8.66467574739697e-07,0.0159127017370909,0.00331126355522459,0,0,0,3.25502576958106e-05,0.000831452379571334,0,0.000246874501623363,0,0.00184259919270108,0.022008467162675,0.0024597821710437,0,0,0,0,0,0.000204068628482621,0,0.00435252475689429,0,0,0,0,0,0,0.00311572162201138,0,0.00645661524622271,0,0.0135269916595643,0,0,0,0,0,0.00161348584486904,0,0,0,0.00142895722035651,0,0.0106016739086073,0.000156114574914645,0.125166580626353,0.0134045881149296,0.00482012289692546,0.00174889629558417,0,1.19296736915112e-05
0,0,0,0,0,0.000216847590560144,0,0,0,0,0,0,0,0,0,0,9.41577589585923e-05,0.000335704623572453,0.00321335709572993,2.84570238524029e-05,0,0,0,0,0,0,0,0,0,0,0,0,0,0,0,0.000244101879963429,0,5.95505157390627e-05,0,0,0,0.0315884210209745,0.000208724283010456,0,0.000320691280998472,0.0203498603892288,0.000108499312233113,0.00254412249608612,3.53108110582997e-05,0.0280508486867024,0,0,0,0,0,0,0,0.000216718351041209,0,0,0,0,0.00251953751472251,0,0,0,0,0,0.000180526148137703,0,3.5084443201478e-05,0,0.00142097442945557,0,0,0,0,0,0.00704734074692533,3.49682821142252e-05,0.000516363242428284,2.14120934843852e-05,0.000325175598743021,5.04026172896689e-05,0.0115705800402068,0.00177707328853644,0
0,0,0,0,0,0,0,0,0,0,0,0,0,0,0,0,0.000176650234948178,8.17509524823203e-05,0.00182187539187257,0,1.39308724434803e-05,0,0,0,0,0,0,0,0,0,0,0,0.000389138673577835,0,0,5.2625063018231e-06,4.39038871715681e-05,0,0,0,0,8.45930629991578e-05,0.0431469793813996,0,0.00731183233179458,0,0.0403415580348224,0.000562702227900506,0.0091009146997077,1.10123060099016e-05,0,0,0,0,0,0,0.000188738805149203,0,0,0,0,0,0,0.00190088612271494,0,0,0,0,0,0,0,4.17891044464478e-06,0,0.000596625644641604,0,0.00113056834560404,0,0.000126074315141084,1.97020840466379e-05,0.00378200037389226,1.84112549108506e-05,0.00107382630186841,0.000159912126457833,1.29513071472985e-05,0.0206368396047122,0,0.00200563622707129
0,0.00294625549475379,0,0.00149934497454038,0,0.000471778001847848,0,0,0,0.00374762602645177,0,0,0,0,0,0,0.000219201766077553,0.000519453173538496,0.0118634129927931,0.000291390875864427,1.31429154054705e-05,0,0,0.00108655561182342,0,0,0,0,0,0,0,0,0,0.000206643886852364,3.91492022758103e-05,0.000815863346331181,6.00802318342496e-06,0.00240348276223913,3.25502576958106e-05,0.0315884210209745,8.45930629991578e-05,0,0.0109935149066453,0.00046458605795401,0.000462436921583987,0.00318558145358226,0.000284587271156969,0.0225018663916742,0.000389362234125622,0.0342594020431367,0,0,0,0,0,0.000353675424955337,0,0.0348363992644087,0,0.000516126326373305,0,5.05977933715047e-05,0.0237468430591277,6.87504327780077e-06,0,0,0.00135564604330605,0,0.00320483074343557,0,0.00308346948034373,0,0.0312586860918302,2.48815947096022e-05,0,0,0.00205102124671694,0,0.025400905400941,7.71488144881638e-05,0.0171118857450579,7.67990379327853e-05,0.00321383410619873,0.000124087827389762,0.0673499209996235,0.0348162463013963,0.00225443760491395
0.00218460970045081,0,0,0,0,5.68015148270478e-05,0,0,0.00409768158464436,0,0,0,0,0,0,0,0.000705146516578209,0.000371450229040113,0.0174329927843084,5.9393191140157e-06,6.42764421404115e-05,0,0,0,0.00499665390366876,0,0,0,0,0,0,0,0,0.000261060595711476,0.000906269146349934,5.91636899318517e-05,0.000761083030777243,3.13159713446146e-05,0.000831452379571334,0.000208724283010456,0.0431469793813996,0.0109935149066453,0,0,0.00954122891018666,0.00010635921039777,0.033485856415308,0.0196205810017719,0.0317751870485558,0.001629349633973,0,0,0,0,0.000496961134133316,0,0.00378763671347837,6.95526380051581e-05,1.72513780127663e-05,0,0,0,0.000119551664976816,0.0142272008753599,0,0,0,0.000356973894111477,0,0,0,0.000985840095849368,0.000215510029655745,0.00454270091009026,0,1.60339131662494e-05,0.00139593073360935,0.00208522461774237,0.000303258376945294,0.0248595807244769,0.000332284235617136,0.00972060697099714,0.00352790798583559,0.000162831745040435,0.13266134442125,8.86174839793799e-05,0.104080740080897
0,0,0,0,0,0,0,0,0,0,0,0,0,0,0,0,2.03716810972924e-05,8.99405137081062e-05,0.00234269229184809,0,0,0,0,0,0,0,0,0,0,0,0,0,0,0,0,1.03411628943554e-05,1.23838289151711e-06,2.26907845472815e-06,0,0,0,0.00046458605795401,0,0,0.000504065943770698,0,0,0,0,0.000379659023580333,0,0,0,0,0,0,0,3.39344736985481e-05,0,0,0,0,0.00039779903643739,0,0,0,0,0,0,0,0,0,0.00186109846009164,0.00015457695697987,0,0,0,0,0.000222743306265724,0,0.000734148299147116,0,9.02619053790601e-05,6.94651082742743e-07,0.000490517686758306,0.000362522925721281,0
0.000120531155325059,0,0,0,0,0,0,0,0,0,0,0,0,0,0,0,0.000353674203927659,0.000356572250414957,0.00865875404018562,0,3.03239644074971e-05,0,0,0,0,0,0,0,0,0,0,0,0,0,0,3.33444840700637e-06,0.000268818710127443,8.35587413964124e-06,0.000246874501623363,0.000320691280998472,0.00731183233179458,0.000462436921583987,0.00954122891018666,0.000504065943770698,0,0,0.00826678225900123,0,0,1.73908717346348e-05,0,0,0,0,0,0,0,0,0,0,0,0,0,3.1478868765247e-05,0,0,0,0,0,0,0,0,0.000184884639664028,0.000222821765426178,0,0,0,0,0.000132532731731469,0.00423456249223375,0.000158858449874024,0.00218817012178444,0.000353530696656452,3.96827905466736e-05,0.00735448075736802,0.000101494075551007,0.00231236886348651
0,0,0,0.000243495817649564,0,0.000648309034379936,0,0,0,0,0,0,0,0,0,0,7.67300087079078e-06,0.000157438274206624,0.0013386890010935,0.000915924362233275,0,0,0,0,0,0,0,0,0,0,0,0,0,0,0,0.000282041027177587,0,2.9060738310627e-05,0,0.0203498603892288,0,0.00318558145358226,0.00010635921039777,0,0,0,2.45458525155139e-05,0.000937585854004249,7.48527650393177e-05,0.0128825766671594,0,0,0,0,0,0,0,0.00181894972347804,0,0,0,0,0.019985335824031,0,0,0,0,0,0.000146221101106504,0,0.000566201880768499,0,0.0045303867528916,0,0,0,1.90498918967754e-05,1.15386251705268e-05,0.0029595136776182,1.44381128631002e-05,0.00057861364291296,2.61604149006337e-05,0.000256702794792995,7.34812407604608e-06,0.0105015242372719,0.000355201563564795,0
0.00102794767423023,0,0.00068727550527497,0,0.000862689596835882,0,0,0,0.000802866853185477,0,0,0,0,0,0,0,0.000360873619430954,0.000330549780328637,0.0118879626116488,0,0.000687772313176189,0,0,0,0.00028507223370084,0,0,0,0,0,0,0,0,1.45484779868188e-05,0.000104132673724028,5.84713585130994e-05,0.00349950618613087,0,0.00184259919270108,0.000108499312233113,0.0403415580348224,0.000284587271156969,0.033485856415308,0,0.00826678225900123,2.45458525155139e-05,0,0.00341454165807487,0.01522862590415,0.000253990080244403,0.000181787361668367,0,0,0,0.000265803215466777,0,0.00104164330336533,0,0,0,0,0,0,0.0269527359697411,0,0,0,0,0,0,0,5.87740774481899e-05,0.000172263394364184,0.0106630702371719,0,8.08620465981067e-05,0.000102414577023312,0.000416666563649809,8.7484982016222e-05,0.01916067389486,0.000232073538679774,0.0121160487343921,0.00344977926347459,2.5556026478948e-05,0.0684572446488265,0,0.00581230960840393
4.99668911107294e-05,3.63006457591245e-05,0,0,0,8.74964877165511e-05,0,0,0,0,0,0,0,0,0,0,0,1.07984459477833e-05,0,8.77226694663159e-05,0.000144090529459109,0,0,0,0,0,0,0,0,0,0,0.0861167508046558,0.0764329028414221,0.176148185569448,0.182687727240047,0.000550154910407254,0.00119420759505793,0.0197708958519425,0.022008467162675,0.00254412249608612,0.000562702227900506,0.0225018663916742,0.0196205810017719,0,0,0.000937585854004249,0.00341454165807487,0,0.0807548631025655,0.0365073865083799,0,0,0,0,0,0,2.08747770664868e-05,0,0,0,0,0,0.000184440302426127,0.000383027938075995,0,0,0,0,0,0,7.17656142672088e-06,4.54384657405001e-06,0,5.00062145576257e-05,0.0481279667455636,0.0995662885964129,0.157126398123182,0.127156521907267,0.0166226550904933,0.00410253960638758,0.000418769650178884,0.00553705048714734,0.0064399593421239,0.000227006057990267,0.0234049422970959,0,0.000202035021794034
0.0150080530638311,0,0.0013905556979793,0,0,0,0,0,0.00147457660727658,0,0,0,0,0,0,0,0,0,0,3.17901915840766e-05,0.000362913867600788,0,0.000357594207377582,0,0.000121804070478208,0,0,0,0,0,0,0,0.00229683521765052,0,0.000277842159398338,4.13788540150612e-05,0.000233593851918276,9.70110514894391e-06,0.0024597821710437,3.53108110582997e-05,0.0091009146997077,0.000389362234125622,0.0317751870485558,0,0,7.48527650393177e-05,0.01522862590415,0.0807548631025655,0,0.000804302857950867,0,0,0,0,0,0,0.00587394616690659,8.76980905177203e-06,0.00047297486322599,0,0.000114786720300701,0,2.90385059788878e-05,0.000639088462131125,0,0.00231270152604805,0,0.00674057500806011,0,0.00742914203331717,0,0.000207991344844858,0.000114058813354729,0.000247308864791053,0,0.000794320809560819,0.00239576892864868,0.000458540727235436,1.70276270318627e-05,0.000485633410055926,5.7950006767523e-06,0.00952122749178578,0.00128835309883561,3.12087596013276e-05,0.019810503367565,0,0.000339773800547511
0,0.0401326522321915,0,0.00254584500431424,0,0.000763380579117364,0,0,0,0,0,4.25846155224781e-05,0,0,0,0,0,0,0.00016657294689717,0.00182897488574018,0,0,0,0.000598999174255572,0,0.000131917784874369,0,0,0,0,0,0,0,0,0.000265942137837014,0.000895532016249657,1.45997184883967e-06,0.00141888087439577,0,0.0280508486867024,1.10123060099016e-05,0.0342594020431367,0.001629349633973,0.000379659023580333,1.73908717346348e-05,0.0128825766671594,0.000253990080244403,0.0365073865083799,0.000804302857950867,0,0,0,0,0,0,0,0,0.00444394068840909,0,0.00013589521645624,0,0.000134638856785441,0.00850263313027716,9.90736446933077e-06,0.000786216021499761,0,0.00301626014972877,0,0.010602375256825,0,0.00150401158795622,0,0.00122909738976427,0,0,0,0.00101057969414044,0.000425250177553312,0.00249032503075649,3.66762406159101e-06,0.00507907602211696,1.92139182399645e-06,0.000945550420375479,0,0.0218331935286297,0.00322375314572377,0
0,0,0,0,0.0426327008123997,0,0.0121591901063457,0,0.000454962945677474,0,0,0,0.0022033315463977,0,0.000701767335693606,0,0,0,0,0,0,0,0,0,0,0,0,0,0,0,0,0,0,0,0,0,0,0,0,0,0,0,0,0,0,0,0.000181787361668367,0,0,0,0,0,0,0,0.00290463711642729,0,0.0029917673045716,0,0.0100005665676401,0,0.0230476178815845,0,0,0.000157531153051996,0,0,0,0,0,0,0,0,0,0,0,0,0,0,0,0,0,0,8.86737606867182e-05,0,0.000828762923172127,0,0
0,0,0,0.016147635200304,0,0.0173274341830311,0,0.000217956190025072,0,0,0,0,0,0.0041986503215855,0,0,0,0,0,0,0,0,0,0,0,0,0,0,0,0,0,0,0,0,0,0,0,0,0,0,0,0,0,0,0,0,0,0,0,0,0,0,0,0.000349511195181007,0,0.00892361506301255,0,0,0,0.00112550166653448,0,0.000366905151167884,0.00242596270779253,0,0,0,0,0,0,0,0,0,0,0,0,0,0,0,0,0,0,0,0.000420547771837943,0,0.000251209399937924,0,0
0,0,0,0,0.000282869514576732,0,0.0208101119149735,0,0,0,0.000316602505433479,0,0,0,0,0,0,0,0,0,0.00153401435794124,0,0,0,0,0,0,0,0,0,0,0,0,0,0,0,1.14853059396534e-05,0,0,0,0,0,0,0,0,0,0,0,0,0,0,0,0,0,0,0,0.00151562083969095,0,0,0,0,0,0,7.7062429555113e-05,0,0,0,0,0,0,0,0,0,0,0,0,0,0,0,0,0,0,6.85715375648127e-05,0,0,0,0
0,0,0,0,0,0.0101515563022354,0,0.0400991388252468,0,0,0,0,0,0,0,0,0,0,0,0.00244362341239687,0,0,0,0,0,0,0,0,0,0,0,0,0,0,0,2.13216176765312e-05,0,0,0,0,0,0,0,0,0,0,0,0,0,0,0,0.000349511195181007,0,0,0,0,0,0,0,0,0,0,0,0,0,0,0,0,0,0,0,0,0,0,0,0,0,0,0,0,0,0,0.000492820555430781,0,0,0,0
0.0349244132544236,0,0.00186149639832661,0,0.00388085555950786,0,0,0,0.17059337305922,0,0,0,0,0,0.037905769276269,0,0,0,0,0,0,0,0,0,0.0472641138830025,0,0,0,0,0,0,0,0,0,0,0,0,0,0.000204068628482621,0,0,0,0.000496961134133316,0,0,0,0.000265803215466777,0,0,0,0.00290463711642729,0,0,0,0,0,0,0,0,0,0.0118973428170861,0,0,7.5826088203175e-05,0,0,0,0.0300106006953337,0,0,0,0,0,0,0,0,0,0,0,0,0,0.000626849170686865,0.000208333722630989,0,0.000493310129800034,0,0.000432121893774166
0,0.0520786098887367,0,0.00307053090380548,0,0,0,0,0,0.0646250467312812,0,0,0,0,0,0.000218962115468457,0,0,0,0,0,0,0,0.0674433230039959,0,0,0,0,0,0,0,0,0,0,0,0,0,0.00020700049950051,0,0,0,0.000353675424955337,0,0,0,0,0,0,0,0,0,0.00892361506301255,0,0,0,0,0,0.000132177730434835,0,0,0,0.0243770560108025,2.86471575269322e-05,0,0,0,0.0706783960025601,0,0,0,0,0,0,0,0,0,0,0,0,0,4.53742974054192e-05,0,4.45881890174513e-05,0,0.000148379881979748,0.00133751564821764,0
0.00236596031803092,0,0,0,0.00103552382012263,0,0.00972279013564754,0,7.40470133849211e-05,0,0.0650506175672162,0,0,0,0,0,0,0,5.30879211824327e-05,0,0.000297764757726007,0,0,0,0,0,0,0,0.000135857641206144,0,0.00199284336533797,0,0,0,0,0,0.00154752867882013,0,0.00435252475689429,0,0.000188738805149203,0,0.00378763671347837,0,0,0,0.00104164330336533,2.08747770664868e-05,0.00587394616690659,0,0.0029917673045716,0,0.00151562083969095,0,0,0,0,0,0.018228660050616,0,0.0213229177770368,0,0,0.0099374824654425,0,0,0,0,0,0,0,0.000734124835106683,0,0.0406621809160099,0,0,0,0,0,0.000209774894012332,0,0,0.000166305582309854,0,0.0118901587976755,0,0.00131373384802099
0,0.00482582748406577,0,0.00084523714854396,0,0.00103255872934078,0,4.57682245568573e-05,0,0.000178267837716117,0,0.107686557342144,0,0.00338976089836441,0,0.000297833856396174,5.60433560154506e-05,2.99144936104456e-05,0.000128467614146212,0.00425709979359145,0,0,0,0.000120086619003132,0,0,0,0,0,0.0023136982745897,0,0,0,0,0,0.00204774789075567,0,0.00308932521302881,0,0.000216718351041209,0,0.0348363992644087,6.95526380051581e-05,3.39344736985481e-05,0,0.00181894972347804,0,0,8.76980905177203e-06,0.00444394068840909,0,0,0,0,0,0.000132177730434835,0,0,0,0.027577089703568,0,0.00347293657309868,0.0319893730435002,0,0,0,0.00030450909350604,0,0.0139728090406221,0,0.019291903857957,0,0.0406285983693022,0,0,0,0,0,9.90973181112638e-05,2.03714497501806e-06,0.000173799593110969,0,0.00134175836596649,9.16030371684513e-07,0.0146675122133008,0.005236392300554,9.92136125957735e-05
0,0,0,0,0.00886015006110598,0,0,0,0,0,4.52960084658116e-05,0,0.00034722221607808,0,0,0,0,0,0,0,0,0,0,0,0,0,0,0,0,0,0,0,0,0,0,0,0,0,0,0,0,0,1.72513780127663e-05,0,0,0,0,0,0.00047297486322599,0,0.0100005665676401,0,0,0,0,0,0.018228660050616,0,0,0,0.000541584703281483,0,0,0,0,0,0,0,0,0.000556870363652706,0,0,0,0,0,0,0,0,0,1.50797116777426e-06,0,0,0.000132500471805776,0,0.000200792036410119,0,0
0,0,0,0,0,0.00229783486536833,0,0,0,0,0,0.000266808965534437,0,0.0302402190428963,0,0.0226233194056527,0,0,0,0,0,0,0,0,0,0,0,0.000736223381906538,0,0,0,0,0,0,0,0,0,0,0,0,0,0.000516126326373305,0,0,0,0,0,0,0,0.00013589521645624,0,0.00112550166653448,0,0,0,0,0,0.027577089703568,0,0,0,0.00228732071134733,0.000695726184992772,0,0,0,0,0,0.00129368542542563,0,0.00798795555898414,0,0,0,0,0,0,0,0,0,0,0,0,4.28539897256996e-06,4.10152319927786e-05,0,0
0.00254827397294561,0,0,0,0.0212751046542974,0,0,0,0.00416466767054495,0,0,0,0,0,0.0155165093809454,0,0,0,0,0,0,0,0,0,0.00358511127317352,0,7.63623799973157e-05,0,0,0,0,0,0,0,0,0,0,0,0,0,0,0,0,0,0,0,0,0,0.000114786720300701,0,0.0230476178815845,0,0,0,0.0118973428170861,0,0.0213229177770368,0,0.000541584703281483,0,0,0,0,0,0,0,0,0.00345686542808227,0,0.00800476401356992,0,0,0,0,0,0,0,0,0,0,0,0,0.000291297661109051,0,0,0,0
0,0.00503558697646068,0,0,0,0,0,0,0,0.00708549866768586,0,0,0,0.00371506966017623,0,0.00476684062915398,0,0,0,0,0,0,0,0,0,0,0,0,0,0,0,0,0,0,0,0,0,0,0,0,0,5.05977933715047e-05,0,0,0,0,0,0,0,0.000134638856785441,0,0.000366905151167884,0,0,0,0.0243770560108025,0,0.00347293657309868,0,0.00228732071134733,0,0,0.000215880170844854,0,0,0,0,0,0.00178514580460363,0,7.77110632662053e-05,0,0.00058394827674985,0,0,0,0,0,0,0,0,0,1.58358504852379e-05,0,0.00042179617838055,0,0
0,0.000308786102896118,0,0.000304952375863795,0,0.00410194793177771,0,0,0,0.000236837498710396,0,0.00531410291759827,0,0,0,0,1.92166734682304e-06,0.00012104458471878,0.00179399964050679,0.0930029903483859,0,0,0,9.90478184059863e-05,0,0,0,0,0,0,0,0,0,0,0,0.00310086903710537,0,0.00651434592138349,0,0.00251953751472251,0,0.0237468430591277,0.000119551664976816,0.00039779903643739,0,0.019985335824031,0,0.000184440302426127,2.90385059788878e-05,0.00850263313027716,0,0.00242596270779253,0,0,0,2.86471575269322e-05,0,0.0319893730435002,0,0.000695726184992772,0,0.000215880170844854,0,0,0,0,0.000177645204794987,0,0.0030449518418436,0,0.00667031807772344,0,0.0595302619332105,0,0,0,0,7.12935562164507e-06,0.0155169861673868,1.01773778923356e-05,0.0213213592355668,0,0.0011174342316069,1.15728795577959e-05,0.0280492132078604,0.00376069098948629,1.27672010623786e-05
0.000206589728708764,0,0,0,0.000742811725577043,0,0.00268259149062502,0,0.000281448744305126,0,0.00138092937256321,0,0,0,0,0,0,5.14370475146187e-06,0.00019478668417528,0,0.0732007750433302,0,0,0,0.000350454305085182,0,0,0,0,0,0,0,0,0,0,0,0.00555223573517948,0,0.00311572162201138,0,0.00190088612271494,6.87504327780077e-06,0.0142272008753599,0,3.1478868765247e-05,0,0.0269527359697411,0.000383027938075995,0.000639088462131125,9.90736446933077e-06,0.000157531153051996,0,7.7062429555113e-05,0,7.5826088203175e-05,0,0.0099374824654425,0,0,0,0,0,0,0,0,0,0,4.44160702252571e-05,0,0,0,0.000113167699675691,6.75930987397322e-06,0.0214386472425117,0,0,0,0,0,0.0207584518632276,2.61133898739167e-06,0.0088485153973454,0.00285642668311083,1.31654006447097e-06,0.0374435671752077,0,0.00888957314824181
0,0,0,0,0,0,0,0,0,0,0,0,0,0,0,0,0,0,0,0,0,0.0913297738412504,6.51277477803922e-05,0.00256539730582511,0,0.00210086833688539,0,0.00487415429464356,0,0,0,0,0,0,0,0,0,0.0049064011464154,0,0,0,0,0,0,0,0,0,0,0,0.000786216021499761,0,0,0,0,0,0,0,0,0,0,0,0,0,0,0,0,0.00994123609526947,0,0.00198777292381836,0,4.77126031042007e-05,0,0,0,0,0,0,0,0,0,0.000928129801246555,0,0.00108752808377726,0.000376683520732137,0,0,0
0,0,0,0,0,0,0,0,0,0,0,0,0,0,0,0,0.000106241029624303,0,0,0,0,8.66811107273267e-05,0.0787216915189772,0,0.00665252242379681,0,0.00283857222552217,0,0,0,0,0,0,0,0,0,0,0,0.00645661524622271,0,0,0,0,0,0,0,0,0,0.00231270152604805,0,0,0,0,0,0,0,0,0,0,0,0,0,0,0,0,0,0,0.00393088836121084,0,0.00607038132727793,0,6.12179848390835e-05,0,0,0,0,0,0,0,0,0,0.00152980041057264,0.00153016869269359,0.000144157751551127,0,0,0
0,4.69581319862454e-05,0,0.000236807981209766,0,0,0,0,0,0.00160364102457144,0,0,0,0,0,0,0,0,0,0,0,0.0064643389797701,0,0.185386282356801,0,0.0146015844584585,0,0,0,0,0,0,0,0,0,0,0,0.0111551580436885,0,0,0,0.00135564604330605,0,0,0,0,0,0,0,0.00301626014972877,0,0,0,0,0,0.0706783960025601,0,0.00030450909350604,0,0,0,0,0.000177645204794987,0,0.00994123609526947,0,0,0,0.0138164621753401,0,0,0,0,0,0,0,0,0,0,0,0.00599954808358978,0,0.000285341425853945,1.78248097754694e-06,0.000866121125765037,0.00117900042208198,0
0,0,0,0,0,0,0,0,0.0099441328218565,0,0,0,0,0,0,0,0,0,0,0,0,0,0.000595859060897864,0,0.117827191619858,0,0.00976994293482728,0,0,0,0,0,0,0,0,0,0,0,0.0135269916595643,0,0,0,0.000356973894111477,0,0,0,0,0,0.00674057500806011,0,0,0,0,0,0.0300106006953337,0,0,0,0,0,0.00345686542808227,0,0,4.44160702252571e-05,0,0.00393088836121084,0,0,0,0.0048795197295287,0,0,0,0,0,0,0,0,0,0,0,0.0109475680363015,0.000245610188449613,0,0.00135823041151097,0,0.000191183762987887
0,0.0001352603842059,0,3.61031078680886e-05,0,0,0,0,0,0,0,0,0,0,0,0,0,3.74861774616875e-05,1.38147811948883e-05,0,0,0.00636517751722991,0,0.000238169529650462,0,0.0629043782475224,0,0.000281099450514321,0,0,0,0,0,0,0,3.3783180740659e-06,0,0,0,0.000180526148137703,0,0.00320483074343557,0,0,0,0.000146221101106504,0,0,0,0.010602375256825,0,0,0,0,0,0,0,0.0139728090406221,0,0.00129368542542563,0,0.00178514580460363,0.0030449518418436,0,0.00198777292381836,0,0.0138164621753401,0,0,0,0.0214532116011889,0,0.00034233682212344,0,0,0,0,0,5.99048970339393e-06,0,3.60414967812141e-05,0,4.58298748414845e-06,0,0.00072705662564315,0.00059293367545418,0
0,0,0,0,0,0,0,0,0,0,0,0,0,0,0,0,1.78878071892541e-05,0,0,0,0,0,0.00393155340173854,0,0.0307436769381059,0,0.121739005877379,0,0.00194096697582497,0,0,0,0,0,0,0,0,0,0,0,0,0,0,0,0,0,0,0,0.00742914203331717,0,0,0,0,0,0,0,0,0,0.000556870363652706,0,0.00800476401356992,0,0,0,0,0.00607038132727793,0,0.0048795197295287,0,0,0,0.0129441724947788,0,0,0,0,0,0,0,0,0,0,0.000126076324165195,0,0,0,0
0,4.92116700912768e-05,0,0,0,2.11497867754857e-05,0,0,0,0,0,0.00116589690098634,0,0,0,0,0,0,3.19162238680815e-06,0,0,0,0,0,0,0.00972839574457656,0,0.0246385554847541,0,0.000441726431996583,0,0,0,0,0,8.82789823232043e-06,0,0,0,3.5084443201478e-05,0,0.00308346948034373,0,0,0,0.000566201880768499,0,7.17656142672088e-06,0,0.00150401158795622,0,0,0,0,0,0,0,0.019291903857957,0,0.00798795555898414,0,7.77110632662053e-05,0.00667031807772344,0,4.77126031042007e-05,0,0,0,0.0214532116011889,0,0,0,0.000819501079946228,0,0,0,0,0,3.37628633309353e-05,0,6.3747294502908e-05,0,0.000300353796467883,0,0.00074554767690475,0.000501669356318301,0
