0,0,0.185104445368052,0,0,0,0,0,0.139957458192998,0,0,0,0,0,0,0,0.206020832061768,0,0.252051705011615,0,0,0,0,0,0,0,0,0,0,0,0,0,0,0,0,0,0,0,0,0,0.46982130408287,0,0.314867821832498,0,0,0,0,0.289675533771515,0.188103727722431,0,0.188456954807043,0,0,0,0.195573047087848,0,0,0,0,0,0.218498352604608,0,0,0.32188555598259,0,0,0,0,0,0,0,0,0,0.456390976905823,0,0,0,0,0,0.293918997049332,0,0,0.231632505321787,0.326099147399267,0.271635827433346,0,0
0,0,0,0.183103983358639,0,0.211970627307892,0,0,0,0.167362853884697,0,0,0,0,0,0,0,0.322281301021576,0.267448373414852,0,0,0,0,0.213972195982933,0,0,0,0,0,0,0,0,0,0,0,0.346840560436249,0,0.214847013354301,0,0.378932386636734,0,0.305696965140455,0,0,0,0.28729174321606,0,0,0,0.233015542527787,0,0.204921742280324,0,0,0,0.1940926489878,0,0.273153283275091,0,0.204631899793943,0,0.20234822332859,0,0,0,0,0.217959396541119,0,0,0,0.316318559646606,0,0.33532509803772,0,0,0,0,0,0.333076062301795,0,0.365470707416534,0,0.242078492542108,0,0.264292864692867,0,0
0.185104445368052,0,0,0.266541630029678,0.208643538088112,0,0,0,0.123306773140194,0,0,0,0,0,0,0,0,0,0.281346915910641,0,0,0,0,0,0,0,0,0,0,0,0,0,0,0,0,0,0,0,0,0.229832261800766,0.303445811334409,0.301188811659813,0.308629184784346,0,0,0.25685664870449,0.280061374902725,0.314482182264328,0.257635902365049,0,0.218494947237173,0,0,0,0.182598246261477,0,0.293876859545708,0.269942301724638,0.237313205997149,0,0.207367133635741,0,0.247226436932882,0.244001060724258,0,0,0,0,0,0,0,0,0.313734129071236,0.344478858595199,0,0,0,0,0,0.296885283096977,0,0.333868436515331,0.212530114986364,0.269749124844869,0.296767865016003,0.285514414310455,0.291563514620066
0,0.183103983358639,0.266541630029678,0,0,0.247592702507973,0,0,0,0.141700451262295,0,0,0,0,0,0,0,0.291201591491699,0.278991833329201,0,0,0,0,0.20707842707634,0,0,0,0,0,0,0,0,0,0,0,0.404875606298447,0,0.220336506764094,0,0.280694931745529,0,0.278403932352861,0,0,0,0.2543524396756,0.266854465007782,0,0,0.200811307132244,0,0.244296085323904,0,0,0,0,0.282629936933517,0.26424865895196,0,0.223460468313386,0,0.219308719038963,0.259483685096105,0.264557063579559,0,0,0.221137925982475,0,0,0,0.325287069593157,0,0.333540258831099,0.292242407798767,0,0,0,0,0.322667367756367,0,0.345083072781563,0,0.274906032718718,0,0.234666697563925,0.253438860177994,0
0,0,0.208643538088112,0,0,0,0,0,0.205916621114897,0,0,0,0,0,0,0,0,0,0.279574692249298,0,0.168946550555632,0,0,0,0,0,0,0,0,0,0,0,0,0,0,0,0,0,0,0,0.270709574222565,0,0.273263871669769,0,0,0.234695255756378,0.253596127033234,0,0.237382009625435,0,0.25430380103931,0,0,0,0.229545036780423,0,0.30019611120224,0,0,0,0,0,0,0.22866578400135,0,0,0,0,0,0,0,0,0,0,0,0,0,0,0,0.256600335240364,0,0.293407261371613,0.173412659541279,0,0.20792626333423,0,0
0,0.211970627307892,0,0.247592702507973,0,0,0,0.191561779379845,0,0.201405730843544,0,0,0,0,0,0,0,0,0,0,0,0,0,0,0,0,0,0,0,0,0,0,0,0,0,0,0,0,0,0,0,0.256364305814107,0.295133709907532,0,0,0.209020659327507,0,0,0,0.277086436748505,0,0.238293701606075,0,0.20262086391449,0,0.229901397341414,0,0.269867555661635,0,0.284682760636012,0,0.277141809463501,0.259113620966673,0,0,0,0,0,0,0,0,0,0.288303732872009,0,0,0,0,0,0.29329206943512,0,0,0,0,0.258991986513138,0.227144873222789,0,0
0,0,0,0,0,0,0,0,0,0,0.178588811556498,0,0,0,0,0,0,0,0,0,0,0,0,0,0,0,0,0,0,0,0,0,0,0,0,0,0,0,0,0,0,0,0,0,0,0,0,0,0,0,0,0,0.245794296264648,0,0,0,0,0,0,0,0,0,0,0,0,0,0,0,0,0,0,0,0,0,0,0,0,0,0,0,0,0,0.147576630115509,0,0,0,0
0,0,0,0,0,0.191561779379845,0,0,0,0,0,0,0,0,0,0,0,0,0,0,0,0,0,0,0,0,0,0,0,0,0,0,0,0,0,0.138888366520405,0,0,0,0,0,0,0,0,0,0,0,0,0,0,0,0.19806714852651,0,0.229781001386508,0,0,0,0.241904320913976,0,0.260006658580838,0,0,0,0,0,0,0,0,0,0,0,0,0,0,0,0,0,0,0,0,0,0,0.187417756233897,0,0,0,0
0.139957458192998,0,0.123306773140194,0,0.205916621114897,0,0,0,0,0,0,0,0,0,0.138325927158197,0,0,0,0.346095055341721,0,0,0,0,0,0.193108669585652,0,0,0,0,0,0,0,0,0,0,0,0,0,0.158857866412117,0,0,0,0.276663988828659,0,0,0,0,0,0.165843172093569,0,0.205806876875852,0,0,0,0.225840937653086,0,0,0,0,0,0.174951733347097,0,0,0,0,0,0,0.198049567639828,0,0,0,0,0,0,0,0,0,0,0,0,0,0.209851343534599,0.174722511540441,0.179301221904002,0.181834041733633,0,0
0,0.167362853884697,0,0.141700451262295,0,0.201405730843544,0,0,0,0,0,0,0,0,0,0.193482047426486,0,0.226360493472644,0.301731869578362,0,0,0,0,0.131543562007256,0,0,0,0,0,0,0,0,0,0,0,0,0,0.154928247133891,0,0,0,0.214499660900661,0,0,0,0.293668055108615,0,0,0,0.159156358585908,0,0.226802908711963,0,0,0,0.248733965028146,0,0.299354162599359,0,0,0,0.198183077308097,0.322007673978806,0,0,0,0.197233187300818,0,0.191541951149702,0,0.335520054612841,0,0.312194645404816,0,0,0,0,0,0.319857224822044,0,0.18476583622396,0,0.198371781942855,0.2824199302122,0.265544560220506,0.17766709625721,0
0,0,0,0,0,0,0.178588811556498,0,0,0,0,0,0.168345830403268,0,0,0,0,0,0,0,0.154464074886507,0,0,0,0,0,0,0,0,0,0,0,0,0,0,0,0.13867146614939,0,0.151829959188981,0,0,0,0,0,0,0,0,0,0,0,0,0,0,0,0,0,0.212378225898318,0,0.181499988354486,0,0,0,0,0.154124151915312,0,0,0,0,0,0,0,0.106178556382656,0,0,0,0,0,0,0,0.14114785939455,0,0.152866583261917,0.139656613767147,0,0,0,0
0,0,0,0,0,0,0,0,0,0,0,0,0,0.135228449478745,0,0,0,0,0,0.13291050079796,0,0,0,0,0,0,0,0,0,0.257767982589893,0,0,0,0,0,0.165851223698029,0,0.136185668243302,0,0,0,0,0,0,0,0,0,0,0,0,0,0,0,0,0,0,0,0.225837589643329,0,0.228713863343,0,0,0,0,0,0,0,0,0,0,0.12801718711853,0,0.18763224776607,0,0,0,0,0,0.154504260846547,0,0.149898608525594,0,0.170855691730976,0.141783483326435,0,0,0
0,0,0,0,0,0,0,0,0,0,0.168345830403268,0,0,0,0,0,0,0,0,0,0,0,0,0,0,0,0,0,0,0,0,0,0,0,0,0,0,0,0,0,0,0,0,0,0,0,0,0,0,0,0,0,0,0,0,0,0,0,0.151627310193502,0,0,0,0,0,0,0,0,0,0,0,0,0,0,0,0,0,0,0,0,0,0,0,0,0,0,0,0
0,0,0,0,0,0,0,0,0,0,0,0.135228449478745,0,0,0,0.185926869511604,0,0,0,0,0,0,0,0,0,0,0,0.163139151409268,0,0,0,0,0,0,0,0,0,0,0,0,0,0,0,0,0,0,0,0,0,0,0,0,0,0,0,0,0,0,0,0.193848024879457,0,0,0,0,0,0,0,0,0,0,0,0,0,0,0,0,0,0,0,0,0,0,0.148115032042066,0.142901331186295,0,0,0
0,0,0,0,0,0,0,0,0.138325927158197,0,0,0,0,0,0,0,0,0,0,0,0,0,0,0,0,0,0,0,0,0,0,0,0,0,0,0,0,0,0,0,0,0,0,0,0,0,0,0,0,0,0,0,0,0,0,0,0,0,0,0,0.182602617144585,0,0,0,0,0,0,0,0,0,0,0,0,0,0,0,0,0,0,0,0,0,0,0,0,0,0
0,0,0,0,0,0,0,0,0,0.193482047426486,0,0,0,0.185926869511604,0,0,0.155126005411148,0.157612481154501,0,0,0,0,0,0.179934304795767,0,0,0,0,0,0,0,0,0,0,0,0,0,0,0,0,0,0,0,0,0,0,0,0,0,0,0,0.152126990258694,0,0,0,0.213089779382799,0,0,0,0,0,0.174963530073775,0,0,0,0,0,0,0.16198768466711,0,0,0,0,0,0,0,0,0,0,0,0,0,0.177659824490547,0.167773112654686,0,0,0
0.206020832061768,0,0,0,0,0,0,0,0,0,0,0,0,0,0,0.155126005411148,0,0.185015583235524,0.312768461437313,0,0,0.159591322595423,0,0,0.158996947109699,0.17265122348354,0.157477817365101,0,0,0,0,0,0,0,0,0.363774971961975,0.342828604308042,0,0,0.341375694825099,0.330197740777009,0.311176117430342,0.304540666544212,0.313059106469154,0,0.318706593828873,0.310630624332736,0,0.334501326084137,0,0,0,0,0,0,0,0.305783092975616,0,0,0,0,0,0.291868875424067,0.337178430773995,0,0,0,0,0,0,0.287601888179779,0,0.387727330128352,0.395967114716768,0,0,0,0,0.364719112777406,0.347903742110484,0.399108986644184,0.374649849534035,0.229091259919724,0.270638735157199,0.353736156867782,0.299332423643632,0.302198321312323
0,0.322281301021576,0,0.291201591491699,0,0,0,0,0,0.226360493472644,0,0,0,0,0,0.157612481154501,0.185015583235524,0,0.324645022955903,0,0,0.146685914695263,0,0,0.174064290758811,0.174741717981316,0.166204296797514,0,0,0,0,0,0,0,0,0.376579668592004,0.39210529923439,0.380028627812862,0,0.332139547575604,0.318584629983613,0.305976275110913,0.285625847556242,0.305913462525322,0,0.317237472313158,0.291616632657893,0,0,0,0,0.288494735956192,0,0,0,0,0,0,0,0,0,0.155314691364765,0.304283806255886,0.304848884542783,0,0,0,0,0,0,0,0,0.345117331697391,0.33614981174469,0,0,0,0,0.359061405315238,0.347004487297752,0.375164173752348,0.490914762020111,0.209832589156939,0.196800990708704,0.334454772929054,0.30936328934816,0.281150010228157
0.252051705011615,0.267448373414852,0.281346915910641,0.278991833329201,0.279574692249298,0,0,0,0.346095055341721,0.301731869578362,0,0,0,0,0,0,0.312768461437313,0.324645022955903,0,0,0,0,0,0,0.153040677309036,0.245704524219036,0,0,0,0,0,0,0,0,0,0.405548690430886,0.388394474983215,0.417827700791152,0,0.343431463786865,0.341911052555597,0.275540353537044,0.286858838097549,0.256097249824692,0,0.313600506765283,0.302016055173189,0,0.311381641488809,0.285195618867874,0,0.25275420024991,0,0,0,0,0.283166766166687,0.310119275003672,0,0,0,0,0.293236800544971,0.330365880628942,0,0,0,0,0,0,0.337635313471158,0,0.365326227664947,0.455759284464089,0,0,0,0,0.375712968457624,0.370601963122603,0.408841250360995,0.49511258420991,0.295220848402798,0.246214980116257,0.379886508297466,0.275130054965997,0.286355478021334
0,0,0,0,0,0,0,0,0,0,0,0.13291050079796,0,0,0,0,0,0,0,0,0,0,0,0,0,0,0,0,0,0,0,0,0,0,0,0.209525301062355,0,0.213283701428299,0,0,0,0,0,0,0,0.241150220235189,0,0,0,0.245363004505634,0,0.191240847110748,0,0,0,0,0,0.152373099131204,0,0,0,0,0.250842929428274,0,0,0,0,0,0,0,0.340888038277626,0,0.316682942112287,0,0,0,0,0,0.279143248400498,0,0.318359937772308,0,0.164770041704178,0,0.170154355241951,0,0
0,0,0,0,0.168946550555632,0,0,0,0,0,0.154464074886507,0,0,0,0,0,0,0,0,0,0,0,0,0,0,0,0,0,0,0,0,0,0,0,0,0,0.166187683102853,0,0.170304836898014,0,0,0,0,0,0,0,0,0,0,0,0.211538592974345,0,0,0,0,0,0.161489975026676,0,0,0,0,0,0,0.177052112208455,0,0,0,0,0,0,0,0,0,0.235688701272011,0,0,0,0,0,0.187937092853755,0,0.248450502753258,0.193714804592587,0,0.1946971565485,0,0
0,0,0,0,0,0,0,0,0,0,0,0,0,0,0,0,0.159591322595423,0.146685914695263,0,0,0,0,0.134615644812584,0.24125279770011,0,0.17383710667491,0,0,0,0,0,0,0,0,0,0,0,0.340317063839049,0,0,0,0,0,0,0,0,0,0,0,0.311627045912402,0,0,0,0,0,0,0,0,0,0,0,0,0,0,0.251776419007544,0,0.275074881541988,0,0.29701428202715,0,0.329497296729961,0,0.379170007175869,0,0,0,0,0,0,0,0.393683052599868,0,0.169791596151932,0.104586958885193,0,0,0
0,0,0,0,0,0,0,0,0,0,0,0,0,0,0,0,0,0,0,0,0,0.134615644812584,0,0,0.263369853204151,0,0.207672369976838,0,0.133565592000613,0,0,0,0,0,0,0,0,0,0.307013978944816,0,0,0,0,0,0,0,0,0,0.27102379634809,0,0,0,0,0,0,0,0,0,0,0,0,0,0,0,0.135289445519447,0.247156943361264,0,0.252987371592582,0,0.362346852123737,0,0.216346945166588,0,0,0,0,0,0,0,0,0,0.396568393817654,0.179169827077574,0,0.400020010769367,0,0
0,0.213972195982933,0,0.20707842707634,0,0,0,0,0,0.131543562007256,0,0,0,0,0,0.179934304795767,0,0,0,0,0,0.24125279770011,0,0,0,0.17434884079041,0,0,0,0,0,0,0,0,0,0,0,0.246880331479368,0,0,0,0.289771839976311,0,0,0,0,0,0,0,0.27396722137928,0,0,0,0,0,0.284188672042942,0,0,0,0,0,0.174288859590888,0,0,0.281508148420514,0,0.285731059550825,0,0.216714585113317,0,0.294720619916916,0,0.309764087200165,0,0,0,0,0,0,0,0.29558793187531,0,0.25555960064133,0,0.295281259076936,0,0
0,0,0,0,0,0,0,0,0.193108669585652,0,0,0,0,0,0,0,0.158996947109699,0.174064290758811,0.153040677309036,0,0,0,0.263369853204151,0,0,0,0.215762595832348,0,0,0,0,0,0,0,0,0,0,0,0.248710298342594,0,0,0,0,0,0,0,0,0,0.239110654121951,0,0,0,0,0,0.20981998373331,0,0,0,0,0,0,0,0,0,0,0.259319313785486,0,0.240440355467328,0,0.219154218089136,0,0,0,0,0,0,0,0,0,0,0,0.272974057346582,0.160329633775879,0,0.249432464971126,0,0
0,0,0,0,0,0,0,0,0,0,0,0,0,0,0,0,0.17265122348354,0.174741717981316,0.245704524219036,0,0,0.17383710667491,0,0.17434884079041,0,0,0,0.210474112316182,0,0,0,0,0,0,0,0,0,0,0,0,0,0,0,0,0,0,0,0,0,0,0,0,0,0,0,0,0,0,0,0,0,0,0,0,0.378845870494843,0,0.230108675857385,0,0.250532610586326,0,0.246525170992721,0,0,0,0,0,0,0,0,0,0,0,0.195363291435772,0,0,0,0
0,0,0,0,0,0,0,0,0,0,0,0,0,0,0,0,0.157477817365101,0.166204296797514,0,0,0,0,0.207672369976838,0,0.215762595832348,0,0,0,0.18988824111444,0,0,0,0,0,0,0,0,0,0,0,0,0,0,0,0,0,0,0,0,0,0,0,0,0,0.201703473925591,0,0,0,0,0,0,0,0,0,0,0.259637189097703,0,0.287457486987114,0,0.234181064081953,0,0.227107414385168,0,0,0,0,0,0,0,0,0,0,0.146720787882805,0,0,0,0
0,0,0,0,0,0,0,0,0,0,0,0,0,0.163139151409268,0,0,0,0,0,0,0,0,0,0,0,0.210474112316182,0,0,0,0.140918885262645,0,0,0,0,0,0,0,0,0,0,0,0,0,0,0,0,0,0,0,0,0,0,0,0,0,0,0,0,0,0.169725924730301,0,0,0,0,0.185149426572025,0,0,0,0.229532757401466,0,0.229156752960865,0,0,0,0,0,0,0,0,0,0,0,0.167028048863778,0,0,0,0
0,0,0,0,0,0,0,0,0,0,0,0,0,0,0,0,0,0,0,0,0,0,0.133565592000613,0,0,0,0.18988824111444,0,0,0,0.234641248094184,0,0,0,0,0,0,0,0.233361404389143,0,0,0,0,0,0,0,0,0,0,0,0,0,0,0,0,0,0,0,0,0,0,0,0,0,0,0.203727431595325,0,0,0,0.264552305142085,0,0.203480800342672,0,0,0,0,0,0,0,0,0,0.223764047026634,0.143459942191839,0,0,0,0
0,0,0,0,0,0,0,0,0,0,0,0.257767982589893,0,0,0,0,0,0,0,0,0,0,0,0,0,0,0,0.140918885262645,0,0,0,0,0,0,0,0,0,0.23158609338137,0,0,0,0,0,0,0,0,0,0,0,0,0,0,0,0,0,0,0,0.257570283280479,0,0,0,0,0,0,0,0,0,0,0,0,0.138459444046021,0,0.251892217099667,0,0,0,0,0,0,0,0.24547326698115,0,0.134543704986572,0,0,0,0
0,0,0,0,0,0,0,0,0,0,0,0,0,0,0,0,0,0,0,0,0,0,0,0,0,0,0,0,0.234641248094184,0,0,0,0,0,0,0,0,0,0.153652887218274,0,0,0,0,0,0,0,0,0,0,0,0,0,0,0,0,0,0.252740800380707,0,0,0,0,0,0,0,0,0,0,0,0,0,0,0.235185384129485,0,0.241759665269333,0,0,0,0,0,0,0,0.249594137475297,0.107943713665009,0,0,0,0
0,0,0,0,0,0,0,0,0,0,0,0,0,0,0,0,0,0,0,0,0,0,0,0,0,0,0,0,0,0,0,0,0.168114154193646,0.266454827709076,0,0.157773847691715,0,0,0,0,0,0,0,0,0,0,0,0.304838530209839,0,0,0,0,0,0,0,0,0,0,0,0,0,0,0,0,0,0,0,0,0,0,0,0,0,0,0.193629244273921,0.177431734768968,0.234855688144179,0,0.26269297263009,0.200038358569145,0,0,0.170377885606491,0,0,0,0
0,0,0,0,0,0,0,0,0,0,0,0,0,0,0,0,0,0,0,0,0,0,0,0,0,0,0,0,0,0,0,0.168114154193646,0,0,0.205718921290504,0.161379741416091,0.167105673389001,0,0,0.543474425872167,0,0,0,0,0,0,0,0.457029431042042,0.51441827886983,0.52880313534003,0,0,0,0,0,0,0,0,0,0,0,0,0,0,0,0,0,0,0,0,0,0,0,0,0.152323173979918,0.225134659321526,0,0,0.150429870933294,0.210876704949253,0,0,0.193499327681827,0,0.490721046924591,0,0
0,0,0,0,0,0,0,0,0,0,0,0,0,0,0,0,0,0,0,0,0,0,0,0,0,0,0,0,0,0,0,0.266454827709076,0,0,0.202101631772629,0.1809375028054,0,0.188875973585618,0.175070285797119,0,0,0,0,0,0,0,0,0.288716577267449,0,0.444828639427821,0,0,0,0,0,0,0,0,0,0,0,0,0,0,0,0,0,0,0,0,0,0,0,0,0.311022343216362,0,0.248511168577002,0.171548626836269,0.34092116682772,0,0.2754422440825,0,0.188339806679222,0,0,0,0
0,0,0,0,0,0,0,0,0,0,0,0,0,0,0,0,0,0,0,0,0,0,0,0,0,0,0,0,0,0,0,0,0.205718921290504,0.202101631772629,0,0,0.196651231144604,0,0.341072779306224,0,0,0,0,0,0,0,0.329303950071335,0.396102432572879,0.580526087019179,0,0,0,0,0,0,0,0,0,0,0,0,0,0,0,0,0,0,0,0,0,0,0,0,0,0,0.199644416570663,0.189133812551913,0.306050599402969,0.287683427333832,0.372384606818204,0,0.312143841537965,0.223728449774139,0.343054711818695,0.38992977142334,0,0
0,0.346840560436249,0,0.404875606298447,0,0,0,0.138888366520405,0,0,0,0.165851223698029,0,0,0,0,0.363774971961975,0.376579668592004,0.405548690430886,0.209525301062355,0,0,0,0,0,0,0,0,0,0,0,0.157773847691715,0.161379741416091,0.1809375028054,0,0,0.153367920716604,0.24933862819831,0,0.419680453009076,0,0.378388025350385,0.361031830310822,0.386582392912645,0,0.308278778488737,0,0.377428112285478,0,0.362886471407754,0,0.274534851312637,0,0,0,0,0,0.300259037325714,0,0,0,0,0.27159563957282,0,0,0,0,0,0,0,0.353869706392288,0,0.343785797556241,0,0.152975033678694,0,0.20157856807897,0,0.263504736533272,0.394246856371562,0.276193536262063,0.371377974748611,0.221911172344306,0.258409917354584,0.232303832253215,0.401279872435111,0.365470141172409
0,0,0,0,0,0,0,0,0,0,0.13867146614939,0,0,0,0,0,0.342828604308042,0.39210529923439,0.388394474983215,0,0.166187683102853,0,0,0,0,0,0,0,0,0,0,0,0.167105673389001,0,0.196651231144604,0.153367920716604,0,0,0.163337304489687,0,0.3327457010746,0.358557850122452,0.349893649963483,0,0,0.365196913480759,0.266766064726146,0.402063184816922,0.331663399934769,0,0,0,0,0,0,0,0.151017390191555,0,0,0,0,0,0,0.177601720736726,0,0,0,0,0,0,0,0,0,0.333127724272864,0,0.215538374503344,0,0.306402541172725,0.150462287543125,0.249257195604691,0,0.213528666219635,0.20464509260693,0.386770114728383,0.264717131638183,0,0.401678908616304
0,0.214847013354301,0,0.220336506764094,0,0,0,0,0,0.154928247133891,0,0.136185668243302,0,0,0,0,0,0.380028627812862,0.417827700791152,0.213283701428299,0,0.340317063839049,0,0.246880331479368,0,0,0,0,0,0.23158609338137,0,0,0,0.188875973585618,0,0.24933862819831,0,0,0.128684852768977,0.261645615100861,0,0.208676873661545,0,0,0,0.305438120518961,0.345443874597549,0.59989815029231,0,0.357775696325394,0,0,0,0,0,0.224536963008546,0,0.312279913063143,0,0,0,0,0.287388386218239,0,0.369288349972118,0,0.274140520582665,0,0.361198785630139,0,0.353901381513067,0,0.208655196876248,0,0,0,0.226923357973744,0,0.264400970539787,0,0.260422416905593,0.131678109367689,0.250447552210275,0.307809012010694,0.245218689846729,0.415086835622787,0
0,0,0,0,0,0,0,0,0.158857866412117,0,0.151829959188981,0,0,0,0,0,0,0,0,0,0.170304836898014,0,0.307013978944816,0,0.248710298342594,0,0,0,0.233361404389143,0,0.153652887218274,0,0,0.175070285797119,0.341072779306224,0,0.163337304489687,0.128684852768977,0,0,0,0,0,0,0,0,0.303336501121521,0.605188741727221,0.350059002748698,0,0,0,0,0,0.207087999425436,0,0.15254308519439,0,0,0,0,0,0,0.225080101327463,0,0.313066529239358,0,0.307399149485338,0,0,0,0.310752707223098,0,0.150593568384647,0,0,0.165490031242371,0.269677469134331,0,0.21990892094557,0.126569473037594,0.264165862010523,0.193975917863274,0.3498164968271,0.438210193577001,0,0
0,0.378932386636734,0.229832261800766,0.280694931745529,0,0,0,0,0,0,0,0,0,0,0,0,0.341375694825099,0.332139547575604,0.343431463786865,0,0,0,0,0,0,0,0,0,0,0,0,0,0.543474425872167,0,0,0.419680453009076,0,0.261645615100861,0,0,0.224387010931969,0.284240337354796,0.259929421544075,0.33614981129314,0,0.268643496909513,0.225707127712667,0.553943105028141,0.408560208976269,0.437790829433932,0.239291533827782,0.259294748306274,0,0,0,0,0.272519394755363,0.26859865254826,0,0,0,0,0.249619348891198,0,0,0,0,0,0,0,0.288142621517181,0,0.337772148350875,0.282751321792603,0,0,0,0,0.326631878880021,0.362244918942451,0.297836709567296,0,0.354802595266443,0,0.27692493100344,0.344702965557088,0.275100886821747
0.46982130408287,0,0.303445811334409,0,0.270709574222565,0,0,0,0,0,0,0,0,0,0,0,0.330197740777009,0.318584629983613,0.341911052555597,0,0,0,0,0,0,0,0,0,0,0,0,0,0,0,0,0,0.3327457010746,0,0,0.224387010931969,0,0.299833734830221,0.302373515720088,0,0,0.261451852876087,0.307057055698805,0.311948339743861,0.225203130002085,0,0.311238959431648,0,0,0,0,0,0.317076126734416,0.276472732424736,0,0,0,0,0,0.303244370565965,0,0,0,0,0,0,0,0,0.294041067361832,0.333684376262604,0,0,0,0,0.392667724026574,0.308135864990098,0.37324096262455,0.381019206841787,0.300907176640845,0.314426582484018,0.287137527040044,0.30064332485199,0.414252365433325
0,0.305696965140455,0.301188811659813,0.278403932352861,0,0.256364305814107,0,0,0,0.214499660900661,0,0,0,0,0,0,0.311176117430342,0.305976275110913,0.275540353537044,0,0,0,0,0.289771839976311,0,0,0,0,0,0,0,0,0,0,0,0.378388025350385,0.358557850122452,0.208676873661545,0,0.284240337354796,0.299833734830221,0,0.213625324836477,0.251584744677242,0,0.304501212312341,0.29596426541155,0.398663068359548,0,0.302798087590389,0.273700803518295,0.262695569811123,0,0,0,0.29389713704586,0,0.368097224126181,0,0.35728149364392,0,0,0.335575798681211,0,0,0,0,0,0,0,0.358450507479055,0,0.36784694384889,0,0,0,0,0,0.35256732240719,0.336856293678284,0.380150249436413,0.356901377439499,0.273124080289111,0.303940074743739,0.303111768659607,0.28054297190064,0.229803048074245
0.314867821832498,0,0.308629184784346,0,0.273263871669769,0.295133709907532,0,0,0.276663988828659,0,0,0,0,0,0,0,0.304540666544212,0.285625847556242,0.286858838097549,0,0,0,0,0,0,0,0,0,0,0,0,0,0,0,0,0.361031830310822,0.349893649963483,0,0,0.259929421544075,0.302373515720088,0.213625324836477,0,0.258723139762878,0,0.28724046264376,0.299503784000346,0.384472790145382,0.288788340718623,0,0.257879701607368,0,0,0,0,0,0.348134423225698,0.295658297836781,0,0,0,0,0.327656755844752,0.352318832779875,0,0,0,0,0,0,0,0,0.325876414775848,0.375956153304412,0,0,0,0.377050250768661,0.342143236100674,0.340650312885838,0.343565916021665,0.404185180772435,0.271296634579939,0.343852010774024,0.328594874628464,0.285069350685392,0.28406971603351
0,0,0,0,0,0,0,0,0,0,0,0,0,0,0,0,0.313059106469154,0.305913462525322,0.256097249824692,0,0,0,0,0,0,0,0,0,0,0,0,0,0,0,0,0.386582392912645,0,0,0,0.33614981129314,0,0.251584744677242,0.258723139762878,0,0,0.357706632697955,0.252750962972641,0,0,0.253641548752785,0,0.256259173154831,0,0,0,0,0,0,0,0,0,0,0.370655422238098,0,0,0,0,0,0,0,0,0,0.394944220781326,0,0,0,0,0,0.378059048205614,0.339127490917842,0.343948695394728,0,0.244500142667029,0,0.308393444259499,0.261644419768582,0.263405948877335
0,0,0,0,0,0,0,0,0,0,0,0,0,0,0,0,0,0,0,0,0,0,0,0,0,0,0,0,0,0,0,0,0,0,0,0,0,0,0,0,0,0,0,0,0,0,0,0,0,0,0,0,0,0,0,0,0,0,0,0,0,0,0,0,0,0,0,0,0,0,0,0,0,0,0,0,0,0,0,0,0,0,0,0,0,0,0
0,0.28729174321606,0.25685664870449,0.2543524396756,0.234695255756378,0.209020659327507,0,0,0,0.293668055108615,0,0,0,0,0,0,0.318706593828873,0.317237472313158,0.313600506765283,0.241150220235189,0,0,0,0,0,0,0,0,0,0,0,0,0,0,0,0.308278778488737,0.365196913480759,0.305438120518961,0,0.268643496909513,0.261451852876087,0.304501212312341,0.28724046264376,0.357706632697955,0,0,0.249427008820642,0,0,0.236626381027526,0.25026486068964,0.256659812397427,0,0,0,0,0.262477026631435,0.289316655553687,0,0.317942566731397,0,0,0.282242003631888,0.332477748394012,0,0,0.333530575037003,0,0.338665828108788,0,0.319744456915339,0,0.32492445886283,0.292709068059921,0,0,0,0.415193647146225,0.30671262244247,0.354330079216096,0.337686893761649,0.318747580051422,0.304713114559307,0.294072056810061,0.276393104312213,0.330418591698011,0.311001798281303
0,0,0.280061374902725,0.266854465007782,0.253596127033234,0,0,0,0,0,0,0,0,0,0,0,0.310630624332736,0.291616632657893,0.302016055173189,0,0,0,0,0,0,0,0,0,0,0,0,0,0,0,0.329303950071335,0,0.266766064726146,0.345443874597549,0.303336501121521,0.225707127712667,0.307057055698805,0.29596426541155,0.299503784000346,0.252750962972641,0,0.249427008820642,0,0.416797459125519,0.273847723690172,0,0.230473092624119,0.255980461835861,0,0,0,0,0.309701354351155,0.268930598416112,0,0.287009954452515,0,0,0.247794655462106,0.278463840106259,0,0,0,0,0,0,0.295631210009257,0,0.326161414384842,0.348654916871395,0,0,0,0.336591297388077,0.389256825049718,0.302853912888227,0.388399511575699,0.391646409722174,0.236039382829943,0.314286410808563,0.327263802863084,0.303534001111984,0.291829723332609
0.289675533771515,0,0.314482182264328,0,0,0,0,0,0,0,0,0,0,0,0,0,0,0,0,0,0,0,0,0,0,0,0,0,0,0,0,0.304838530209839,0.457029431042042,0.288716577267449,0.396102432572879,0.377428112285478,0.402063184816922,0.59989815029231,0.605188741727221,0.553943105028141,0.311948339743861,0.398663068359548,0.384472790145382,0,0,0,0.416797459125519,0,0.429240557042008,0.532356219942384,0,0,0,0,0,0,0,0,0,0,0,0,0,0,0,0,0,0,0,0,0,0,0,0,0.335567149880518,0.362195796853914,0.359932551679166,0.386372806840256,0.475693996989103,0.402177598033546,0.427763771351057,0.418108472147503,0.448853765115744,0.632281592488289,0.487648955689392,0.38629512488842,0
0.188103727722431,0,0.257635902365049,0,0.237382009625435,0,0,0,0.165843172093569,0,0,0,0,0,0,0,0.334501326084137,0,0.311381641488809,0,0,0,0.27102379634809,0,0.239110654121951,0,0,0,0,0,0,0,0.51441827886983,0,0.580526087019179,0,0.331663399934769,0,0.350059002748698,0.408560208976269,0.225203130002085,0,0.288788340718623,0,0,0,0.273847723690172,0.429240557042008,0,0.334676032265027,0.242882654070854,0,0,0,0.212577985928339,0,0.265040372312069,0,0,0,0,0,0,0.298014514148235,0,0.364718868758509,0,0.210791260393616,0,0.247307622119,0,0.28960193497966,0,0.353430999737037,0,0,0,0,0.503819584846497,0.295349350350129,0,0.418881826274859,0.345674969089007,0.238408540685972,0.30694745880671,0,0.303596273064613
0,0.233015542527787,0,0.200811307132244,0,0.277086436748505,0,0,0,0.159156358585908,0,0,0,0,0,0,0,0,0.285195618867874,0.245363004505634,0,0.311627045912402,0,0.27396722137928,0,0,0,0,0,0,0,0,0.52880313534003,0.444828639427821,0,0.362886471407754,0,0.357775696325394,0,0.437790829433932,0,0.302798087590389,0,0.253641548752785,0,0.236626381027526,0,0.532356219942384,0.334676032265027,0,0,0.239827815029356,0,0,0,0.229323526844382,0,0.303832476438298,0,0.235225438224998,0,0.208586047935699,0.235381237485192,0,0.29218256632487,0,0.307568444219311,0,0.258623623289168,0,0.346857270529104,0,0.36452939775255,0,0,0,0,0,0.44545283646879,0,0.347565013366907,0,0.39936281764274,0.288306887660708,0.318655619143419,0.356538457529885,0
0.188456954807043,0,0.218494947237173,0,0.25430380103931,0,0,0,0.205806876875852,0,0,0,0,0,0,0,0,0,0,0,0.211538592974345,0,0,0,0,0,0,0,0,0,0,0,0,0,0,0,0,0,0,0.239291533827782,0.311238959431648,0.273700803518295,0.257879701607368,0,0,0.25026486068964,0.230473092624119,0,0.242882654070854,0,0,0,0.315525926808093,0,0.218643415166486,0,0.239904765571867,0.256321907043457,0.22757665845363,0,0.212466160717763,0,0,0.256179054903093,0,0,0,0,0,0,0,0,0,0.3101959725221,0,0,0,0,0,0.273004284594208,0,0.2999626994133,0.227698841028743,0,0.267063508496473,0,0.241652950644493
0,0.204921742280324,0,0.244296085323904,0,0.238293701606075,0,0.19806714852651,0,0.226802908711963,0,0,0,0,0,0.152126990258694,0,0.288494735956192,0.25275420024991,0.191240847110748,0,0,0,0,0,0,0,0,0,0,0,0,0,0,0,0.274534851312637,0,0,0,0.259294748306274,0,0.262695569811123,0,0.256259173154831,0,0.256659812397427,0.255980461835861,0,0,0.239827815029356,0,0,0,0.226919882391628,0,0.209684155186017,0.253088645637035,0.2481958941123,0,0.248158522881567,0,0.251013353784034,0.293336856178939,0,0,0,0,0,0,0,0.285694368860938,0,0.28894877614397,0,0,0,0,0,0.299037662148476,0,0.306817046233586,0,0.239014878869057,0.282407909631729,0.250375329406111,0,0
0,0,0,0,0,0,0.245794296264648,0,0,0,0,0,0,0,0,0,0,0,0,0,0,0,0,0,0,0,0,0,0,0,0,0,0,0,0,0,0,0,0,0,0,0,0,0,0,0,0,0,0,0,0.315525926808093,0,0,0,0,0,0,0,0,0,0,0,0,0,0,0,0,0,0,0,0,0,0,0,0,0,0,0,0,0,0,0,0,0,0,0,0
0,0,0,0,0,0.20262086391449,0,0.229781001386508,0,0,0,0,0,0,0,0,0,0,0,0,0,0,0,0,0,0,0,0,0,0,0,0,0,0,0,0,0,0,0,0,0,0,0,0,0,0,0,0,0,0,0,0.226919882391628,0,0,0,0,0,0.241550526662189,0,0.257077334956689,0,0,0,0,0,0,0,0,0,0,0,0,0,0,0,0,0,0,0,0,0,0,0,0,0,0,0
0.195573047087848,0,0.182598246261477,0,0.229545036780423,0,0,0,0.225840937653086,0,0,0,0,0,0,0,0,0,0,0,0,0,0,0,0.20981998373331,0,0.201703473925591,0,0,0,0,0,0,0,0,0,0,0,0.207087999425436,0,0,0,0,0,0,0,0,0,0.212577985928339,0,0.218643415166486,0,0,0,0,0,0,0,0,0,0.222257778696392,0,0,0,0,0,0,0.247849643685751,0,0.201879449188709,0,0,0,0,0,0,0,0,0,0,0,0.274147717124971,0.192407107528518,0,0.189623989164829,0,0
0,0.1940926489878,0,0,0,0.229901397341414,0,0,0,0.248733965028146,0,0,0,0,0,0.213089779382799,0,0,0,0,0,0,0,0.284188672042942,0,0,0,0,0,0,0,0,0,0,0,0,0,0.224536963008546,0,0,0,0.29389713704586,0,0,0,0,0,0,0,0.229323526844382,0,0.209684155186017,0,0,0,0,0,0.231739949434996,0,0.234654640158017,0,0.209810492221047,0,0,0,0,0.242559184478881,0,0.183972526341677,0,0,0,0,0,0,0,0,0,0,0,0.282773369421753,0,0.185140492795389,0,0.212023941799998,0,0
0,0,0.293876859545708,0.282629936933517,0.30019611120224,0,0,0,0,0,0.212378225898318,0,0,0,0,0,0.305783092975616,0,0.283166766166687,0,0.161489975026676,0,0,0,0,0,0,0,0,0,0.252740800380707,0,0,0,0,0,0.151017390191555,0,0.15254308519439,0.272519394755363,0.317076126734416,0,0.348134423225698,0,0,0.262477026631435,0.309701354351155,0,0.265040372312069,0,0.239904765571867,0.253088645637035,0,0,0,0,0,0.270723223686218,0.249862956255674,0,0.249146029353142,0,0,0.336759605488194,0,0,0,0,0,0,0,0.325068980950454,0,0.330468203523278,0,0,0,0,0,0.305103124756562,0,0.164455470521893,0.267170182739695,0,0.352680677944474,0,0.374739497900009
0,0.273153283275091,0.269942301724638,0.26424865895196,0,0.269867555661635,0,0.241904320913976,0,0.299354162599359,0,0.225837589643329,0,0,0,0,0,0,0.310119275003672,0.152373099131204,0,0,0,0,0,0,0,0,0,0.257570283280479,0,0,0,0,0,0.300259037325714,0,0.312279913063143,0,0.26859865254826,0.276472732424736,0.368097224126181,0.295658297836781,0,0,0.289316655553687,0.268930598416112,0,0,0.303832476438298,0.256321907043457,0.2481958941123,0,0.241550526662189,0,0.231739949434996,0.270723223686218,0,0,0.32176796428766,0,0.228113855306919,0.319830006970001,0,0.411886811256409,0,0.37370789796114,0,0.402498421461686,0,0.372415216521311,0,0.36172770537843,0.284602224826813,0,0,0,0,0.303406332175159,0.264770537614822,0.375046293303816,0,0.304715656737487,0.329842925071716,0.344566381804884,0.346017390489578,0.284128352999687
0,0,0.237313205997149,0,0,0,0,0,0,0,0.181499988354486,0,0.151627310193502,0,0,0,0,0,0,0,0,0,0,0,0,0,0,0,0,0,0,0,0,0,0,0,0,0,0,0,0,0,0,0,0,0,0,0,0,0,0.22757665845363,0,0,0,0,0,0.249862956255674,0,0,0,0.245342348156304,0,0,0,0,0,0,0,0,0,0,0.23558198762875,0,0,0,0,0,0,0,0,0,0,0,0,0.269233345985413,0,0
0,0.204631899793943,0,0.223460468313386,0,0.284682760636012,0,0.260006658580838,0,0,0,0.228713863343,0,0.193848024879457,0,0,0,0,0,0,0,0,0,0,0,0,0,0.169725924730301,0,0,0,0,0,0,0,0,0,0,0,0,0,0.35728149364392,0,0,0,0.317942566731397,0.287009954452515,0,0,0.235225438224998,0,0.248158522881567,0,0.257077334956689,0,0.234654640158017,0,0.32176796428766,0,0,0,0.193985546628634,0.335622388124466,0,0,0,0.362063330411911,0,0.380764758524795,0,0.357632788920812,0,0.275407999753952,0,0,0,0,0,0.305627204477787,0,0,0,0.274384275078773,0,0.242356174169703,0,0
0.218498352604608,0,0.207367133635741,0,0,0,0,0,0.174951733347097,0,0,0,0,0,0.182602617144585,0,0,0,0,0,0,0,0,0,0,0,0,0,0,0,0,0,0,0,0,0,0,0,0,0,0,0,0,0,0,0,0,0,0,0,0.212466160717763,0,0,0,0.222257778696392,0,0.249146029353142,0,0.245342348156304,0,0,0,0,0,0,0,0,0,0,0.236119851469994,0,0,0,0,0,0,0,0,0,0,0,0,0,0,0,0,0
0,0.20234822332859,0,0.219308719038963,0,0.277141809463501,0,0,0,0.198183077308097,0,0,0,0,0,0.174963530073775,0,0.155314691364765,0,0,0,0,0,0.174288859590888,0,0,0,0,0,0,0,0,0,0,0,0,0,0,0,0,0,0,0,0,0,0,0,0,0,0.208586047935699,0,0.251013353784034,0,0,0,0.209810492221047,0,0.228113855306919,0,0.193985546628634,0,0,0,0,0,0,0,0,0.240217018872499,0,0.243864046062453,0,0.299653112888336,0,0,0,0,0,0,0,0,0,0.172935489151213,0,0.19762796163559,0,0
0,0,0.247226436932882,0.259483685096105,0,0.259113620966673,0,0,0,0.322007673978806,0,0,0,0,0,0,0.291868875424067,0.304283806255886,0.293236800544971,0.250842929428274,0,0,0,0,0,0,0,0,0,0,0,0,0,0,0,0.27159563957282,0,0.287388386218239,0,0.249619348891198,0,0.335575798681211,0.327656755844752,0.370655422238098,0,0.282242003631888,0.247794655462106,0,0,0.235381237485192,0,0.293336856178939,0,0,0,0,0,0.319830006970001,0,0.335622388124466,0,0,0,0,0,0,0,0,0.396891981363297,0,0.353013621643186,0,0.335076444790661,0.313753932714462,0,0,0,0,0.27580889096381,0,0.355339354708975,0,0.19410553543518,0,0.303305164594868,0.3491105394704,0
0.32188555598259,0,0.244001060724258,0.264557063579559,0.22866578400135,0,0,0,0,0,0.154124151915312,0,0,0,0,0,0.337178430773995,0.304848884542783,0.330365880628942,0,0.177052112208455,0,0,0,0,0,0,0,0,0,0,0,0,0,0,0,0.177601720736726,0,0.225080101327463,0,0.303244370565965,0,0.352318832779875,0,0,0.332477748394012,0.278463840106259,0,0.298014514148235,0,0.256179054903093,0,0,0,0,0,0.336759605488194,0,0,0,0,0,0,0,0,0,0,0,0,0,0,0,0,0.339620188304737,0,0,0,0,0.35952664911747,0.269703610059403,0,0.305656911646108,0.302931886846132,0.333812987804413,0.337666473504538,0,0.325231422980626
0,0,0,0,0,0,0,0,0,0,0,0,0,0,0,0,0,0,0,0,0,0.251776419007544,0.135289445519447,0.281508148420514,0,0.378845870494843,0,0.185149426572025,0,0,0,0,0,0,0,0,0,0.369288349972118,0,0,0,0,0,0,0,0,0,0,0,0.29218256632487,0,0,0,0,0,0,0,0.411886811256409,0,0,0,0,0,0,0,0,0.261110474658199,0,0.318819519827486,0,0.311841381779756,0,0.379899561405182,0,0,0,0,0,0,0,0.399407492039051,0,0.133486352501863,0,0,0,0
0,0,0,0,0,0,0,0,0,0,0,0,0,0,0,0,0,0,0,0,0,0,0.247156943361264,0,0.259319313785486,0,0.259637189097703,0,0.203727431595325,0,0,0,0,0,0,0,0,0,0.313066529239358,0,0,0,0,0,0,0,0,0,0.364718868758509,0,0,0,0,0,0,0,0,0,0,0,0,0,0,0,0,0,0,0.218480235875997,0,0.410384439487696,0,0.267900391441984,0,0,0,0,0,0,0,0,0,0.286995040820452,0.212683565426068,0,0.335996359586716,0,0
0,0.217959396541119,0,0.221137925982475,0,0,0,0,0,0.197233187300818,0,0,0,0,0,0,0,0,0,0,0,0.275074881541988,0,0.285731059550825,0,0.230108675857385,0,0,0,0,0,0,0,0,0,0,0,0.274140520582665,0,0,0,0,0,0,0,0.333530575037003,0,0,0,0.307568444219311,0,0,0,0,0,0.242559184478881,0,0.37370789796114,0,0.362063330411911,0,0,0,0,0.261110474658199,0,0,0,0.272729374298995,0,0.289587778918376,0,0,0,0,0,0,0,0,0,0.319747553305989,0,0.268120723210763,0.310107961297035,0.296388746290417,0,0
0,0,0,0,0,0,0,0,0.198049567639828,0,0,0,0,0,0,0,0,0,0,0,0,0,0.252987371592582,0,0.240440355467328,0,0.287457486987114,0,0,0,0,0,0,0,0,0,0,0,0.307399149485338,0,0,0,0,0,0,0,0,0,0.210791260393616,0,0,0,0,0,0.247849643685751,0,0,0,0,0,0,0,0,0,0,0.218480235875997,0,0,0,0.271387147606432,0,0,0,0,0,0,0,0,0,0,0,0.315707959492699,0.25569203098615,0,0.317371254818419,0,0
0,0,0,0,0,0,0,0,0,0.191541951149702,0,0,0,0,0,0.16198768466711,0,0,0,0,0,0.29701428202715,0,0.216714585113317,0,0.250532610586326,0,0.229532757401466,0,0,0,0,0,0,0,0,0,0.361198785630139,0,0,0,0,0,0,0,0.338665828108788,0,0,0,0.258623623289168,0,0,0,0,0,0.183972526341677,0,0.402498421461686,0,0.380764758524795,0,0.240217018872499,0.396891981363297,0,0.318819519827486,0,0.272729374298995,0,0,0,0.327296930467183,0,0,0,0,0,0,0,0,0,0.343387395143509,0,0.15913312882185,0,0.390012055635452,0,0
0,0,0,0,0,0,0,0,0,0,0,0,0,0,0,0,0,0,0,0,0,0,0.362346852123737,0,0.219154218089136,0,0.234181064081953,0,0.264552305142085,0,0,0,0,0,0,0,0,0,0,0,0,0,0,0,0,0,0,0,0.247307622119,0,0,0,0,0,0.201879449188709,0,0,0,0,0,0.236119851469994,0,0,0,0,0.410384439487696,0,0.271387147606432,0,0,0,0.296840570842633,0,0,0,0,0,0,0,0,0,0,0,0,0,0,0
0,0.316318559646606,0,0.325287069593157,0,0,0,0,0,0.335520054612841,0,0.12801718711853,0,0,0,0,0.287601888179779,0,0.337635313471158,0.340888038277626,0,0.329497296729961,0,0.294720619916916,0,0.246525170992721,0,0.229156752960865,0,0.138459444046021,0,0,0,0,0,0.353869706392288,0,0.353901381513067,0,0.288142621517181,0,0.358450507479055,0,0,0,0.319744456915339,0.295631210009257,0,0,0.346857270529104,0,0.285694368860938,0,0,0,0,0,0.372415216521311,0,0.357632788920812,0,0.243864046062453,0.353013621643186,0,0.311841381779756,0,0.289587778918376,0,0.327296930467183,0,0,0,0.382428559790487,0,0,0,0,0,0.326446920633316,0,0.314362125793464,0.322629332542419,0.35648186496277,0.375127002596855,0.356505722654137,0.39022359251976,0
0,0,0,0,0,0,0,0,0,0,0.106178556382656,0,0,0,0,0,0,0,0,0,0,0,0.216346945166588,0,0,0,0.227107414385168,0,0.203480800342672,0,0.235185384129485,0,0,0,0,0,0,0,0.310752707223098,0,0,0,0,0,0,0,0,0,0.28960193497966,0,0,0,0,0,0,0,0.325068980950454,0,0.23558198762875,0,0,0,0,0,0,0.267900391441984,0,0,0,0.296840570842633,0,0,0,0.366778558492661,0,0,0,0,0,0,0,0.249617716670036,0.245393272489309,0,0.451735491102392,0,0
0,0.33532509803772,0.313734129071236,0.333540258831099,0,0.288303732872009,0,0,0,0.312194645404816,0,0.18763224776607,0,0,0,0,0.387727330128352,0.345117331697391,0.365326227664947,0.316682942112287,0,0.379170007175869,0,0.309764087200165,0,0,0,0,0,0.251892217099667,0,0,0,0,0,0.343785797556241,0,0.208655196876248,0,0.337772148350875,0.294041067361832,0.36784694384889,0.325876414775848,0.394944220781326,0,0.32492445886283,0.326161414384842,0,0,0.36452939775255,0,0.28894877614397,0,0,0,0,0,0.36172770537843,0,0.275407999753952,0,0.299653112888336,0.335076444790661,0,0.379899561405182,0,0,0,0,0,0.382428559790487,0,0,0,0,0,0,0,0.326195021981702,0.354623377323151,0.363379464843529,0,0.388344715523999,0.373830424113707,0.356729631575773,0.412462844025521,0
0.456390976905823,0,0.344478858595199,0.292242407798767,0,0,0,0,0,0,0,0,0,0,0,0,0.395967114716768,0.33614981174469,0.455759284464089,0,0.235688701272011,0,0,0,0,0,0,0,0,0,0.241759665269333,0,0,0,0,0,0.333127724272864,0,0.150593568384647,0.282751321792603,0.333684376262604,0,0.375956153304412,0,0,0.292709068059921,0.348654916871395,0,0.353430999737037,0,0.3101959725221,0,0,0,0,0,0.330468203523278,0.284602224826813,0,0,0,0,0.313753932714462,0.339620188304737,0,0,0,0,0,0,0,0.366778558492661,0,0,0,0,0,0,0.393815398216248,0.325665827630422,0.397490501403809,0.330409329491768,0.431583645468464,0.435429006814957,0.474723351343224,0,0.448654666543007
0,0,0,0,0,0,0,0,0,0,0,0,0,0,0,0,0,0,0,0,0,0,0,0,0,0,0,0,0,0,0,0.193629244273921,0.152323173979918,0.311022343216362,0,0.152975033678694,0,0,0,0,0,0,0,0,0,0,0,0.335567149880518,0,0,0,0,0,0,0,0,0,0,0,0,0,0,0,0,0,0,0,0,0,0,0,0,0,0,0,0,0.305182457132037,0,0.27546626963592,0,0,0,0.152082345100926,0,0,0,0
0,0,0,0,0,0,0,0,0,0,0,0,0,0,0,0,0,0,0,0,0,0,0,0,0,0,0,0,0,0,0,0.177431734768968,0.225134659321526,0,0.199644416570663,0,0.215538374503344,0,0,0,0,0,0,0,0,0,0,0.362195796853914,0,0,0,0,0,0,0,0,0,0,0,0,0,0,0,0,0,0,0,0,0,0,0,0,0,0,0,0,0,0.295076465064829,0,0.310519775519004,0,0,0.198317519581045,0,0,0,0
0,0,0,0,0,0,0,0,0,0,0,0,0,0,0,0,0,0,0,0,0,0,0,0,0,0,0,0,0,0,0,0.234855688144179,0,0.248511168577002,0.189133812551913,0.20157856807897,0,0.226923357973744,0.165490031242371,0,0,0,0,0,0,0,0,0.359932551679166,0,0,0,0,0,0,0,0,0,0,0,0,0,0,0,0,0,0,0,0,0,0,0,0,0,0,0.305182457132037,0,0,0,0.329213348008636,0,0.308293161454589,0,0.188490493679946,0,0,0,0
0,0,0,0,0,0,0,0,0,0,0,0,0,0,0,0,0,0,0,0,0,0,0,0,0,0,0,0,0,0,0,0,0,0.171548626836269,0.306050599402969,0,0.306402541172725,0,0.269677469134331,0,0,0,0.377050250768661,0,0,0.415193647146225,0.336591297388077,0.386372806840256,0,0,0,0,0,0,0,0,0,0,0,0,0,0,0,0,0,0,0,0,0,0,0,0,0,0,0,0.295076465064829,0,0,0,0.346642898986447,0,0.341487396854057,0.192327320445002,0,0.424665510654449,0,0
0,0.333076062301795,0,0.322667367756367,0,0.29329206943512,0,0,0,0.319857224822044,0,0.154504260846547,0,0,0,0,0.364719112777406,0.359061405315238,0.375712968457624,0.279143248400498,0,0,0,0,0,0,0,0,0,0,0,0.26269297263009,0.150429870933294,0.34092116682772,0.287683427333832,0.263504736533272,0.150462287543125,0.264400970539787,0,0.326631878880021,0.392667724026574,0.35256732240719,0.342143236100674,0.378059048205614,0,0.30671262244247,0.389256825049718,0.475693996989103,0.503819584846497,0.44545283646879,0,0.299037662148476,0,0,0,0,0,0.303406332175159,0,0.305627204477787,0,0,0.27580889096381,0.35952664911747,0,0,0,0,0,0,0.326446920633316,0,0.326195021981702,0.393815398216248,0.27546626963592,0,0.329213348008636,0,0,0.387169644639299,0.365190979919257,0.386903047561646,0.290657482802456,0.312253768742084,0.349005504061536,0.384316240664149,0.293130171298981
0.293918997049332,0,0.296885283096977,0,0.256600335240364,0,0,0,0,0,0.14114785939455,0,0,0,0,0,0.347903742110484,0.347004487297752,0.370601963122603,0,0.187937092853755,0,0,0,0,0,0,0,0,0,0,0.200038358569145,0.210876704949253,0,0.372384606818204,0.394246856371562,0.249257195604691,0,0.21990892094557,0.362244918942451,0.308135864990098,0.336856293678284,0.340650312885838,0.339127490917842,0,0.354330079216096,0.302853912888227,0.402177598033546,0.295349350350129,0,0.273004284594208,0,0,0,0,0,0.305103124756562,0.264770537614822,0,0,0,0,0,0.269703610059403,0,0,0,0,0,0,0,0,0.354623377323151,0.325665827630422,0,0.310519775519004,0,0.346642898986447,0.387169644639299,0,0.394104778766632,0.283977663461232,0.275629228454725,0.337817734479904,0.333612236909408,0.341807939112186,0.392584222480655
