0,0,0.00345477515278284,0,0,0,0,0,0.00593778142410592,0,0,0,0,0,0,0,0.000115269094754906,0,0.000723695813561362,0,0,0,0,0,0,0,0,0,0,0,0,0,0,0,0,0,0,0,0,0,0,0,0.00699420320081413,0,0,0,0,0,0.0104358860805638,0,0,0,0,0,0.0137177194155692,0,7.90050018174566e-05,0,5.42997433799573e-05,0,0.000776739787317194,0,0,0,0,0,0,0,0,0,0,0,0,0,0,0,0,0,0,0,0,0,0.000121725760730342,0,0.00693150004301814,0,0.000189035894325604
0,0,0.000112277315493948,0.000626394765231714,0,0,0,0,0,0.00623128360746709,0,0,0,0.00188779553375318,0,0.0112728811750665,0,0,0.000450260891923248,0,0,0,0,0.00125504116724117,0,0,0,0,0,0,0,0,0,0,0,0,0,0.00017734163821029,0,0,0,0.0523005263485634,0,9.04643236640246e-05,0,0.000566603621950065,0,0,0,0.0205722111441373,0,0,0,0,0,0.0142970792089546,0,0.00411154428234522,0,0.013900940748212,0,0.0212386010735778,5.26944530186203e-05,0,0,0,0,0,0,0,0,0,0.00278304130367286,0,0,0,0,0,1.66511903685586e-06,0,0,0,0.000160935197099852,1.18029405311486e-06,0.0234537031564086,8.15431312695364e-05,0
0.00345477515278284,0.000112277315493948,0,0.00138587249412449,0.00131539799752685,0,0,0,0.0121594152811308,0,0,0,0,0,0,0,0,0,8.73857035127868e-05,0,0,0,0,0,0,0,0,0,0,0,0,0,0,0,0,0,2.45856180779332e-05,0,0,0,0.000350358685189219,0,0.00735347466128272,0,0,0.00138394117336451,0.000417223794632222,0,0.0237499108602696,0.000406100405690847,0.00141980733139105,0,0,0,0.016155538417363,0,0.00346690480630251,0,0.000319512053374036,0,0.000140975699725904,0.000497490929925778,0,3.58162486238235e-05,0,0,0,0,0,0,0,0,0,0,0,0,0,0,0,2.0709334232785e-05,0,0,0.000151350253209062,0,0.0105281641113783,0,0.00376427764298216
0,0.000626394765231714,0.00138587249412449,0,0.000225279303792292,0.0027116410521962,0,0,0,0.0155934252516649,0,0,0,0,0,0,2.48827660647449e-06,0,0.000552508166081917,0.000125776041395572,0,0,0,0.00108922973789114,0,0,0,0,0,0,0,0,0,0,0,0.000474384314150196,0,5.47180729401197e-05,0,0.00389989569640014,0.00018239867753051,0.00696240872235159,5.18880695170478e-05,0.00552505059318736,0,0.0121522758192897,0.0006475420393988,0,0,0.00492217604260603,0.000964049146122119,0.000346320883643143,0,0,0,0.0265154621323075,0.00116149181705147,0.00214737857480473,0.000233474523912258,0,0,0.000175105328543073,0.00234805051798766,2.7010375798095e-05,0,0,0,0,0,0,0,0,0.00318013991766475,0,0,0,0,0,0.000386533403683864,4.98792083730129e-06,0,0,0.000390231979403796,9.89905915590707e-05,0.0130075016349533,0.000754938621160687,0
0,0,0.00131539799752685,0.000225279303792292,0,0,0,0,0,0,0,0,0,0,0.000499347490275672,0,0,0,4.36666928715131e-05,0,0.000778484299343205,0,0,0,0,0,0,0,0,0,0,0,0,0,0,0,2.10424067479903e-05,0,0,0,0,0,0.000694191643539613,0,0,0,7.01035673771858e-05,0,0.000837279706565844,0.000154904051280296,0.0161834776772615,0,0,0,0,0,0.000473884193905352,0,0.000185813832514832,0,0.000283625791176164,0,0,0,0,0,0,0,0,0,0,0,0,0,0,0,0,0,0,1.91054233866791e-06,0,0,9.10592106149171e-05,0,0.00722846923679361,0,0
0,0,0,0.0027116410521962,0,0,0,0,0,0.00600569818872394,0,0,0,0,0,0.00944103147117778,3.08760067488974e-06,0,1.25009625870588e-05,0.000375794704313922,0,0,0,0,0,0,0,0,0,0,0,0,0,0,0,9.22859167715741e-05,0,0,0,8.94980649417058e-05,0,0.000155938590070367,0,4.17439879280643e-05,0,0.000751112867677678,0,0,0,0.00269468145385585,2.82394814970473e-05,0.000245131818450895,0,0,0,0.00130456892293439,3.97320695214014e-05,0.000532695701402226,0,0.00184205504017375,7.52425278726133e-05,0.00344367231612336,0.000223796343450273,0,0,0,0,0,0,0,0,0,7.89129166562687e-05,0,0,0,0,0,1.23982425745972e-05,0,0,0,0.000778002960471363,6.10507703039469e-06,0.00190153413886141,4.34036191245858e-05,6.20283377705585e-05
0,0,0,0,0,0,0,0,0,0,0,0,0,0,0,0,0,0,0,0,0,0,0,0,0,0,0,0,0,0,0,0,0,0,0,0,0,0,0,0,0,0,0,0,0,0,0,0,0,0,0,0,0.00824667638623868,0,0,0,0.000310246745391412,0,0,0,0,0,0,0,0,0,0,0,0,0,0,0,0,0,0,0,0,0,0,0,0,0,2.95186828225269e-06,0,0,0,0
0,0,0,0,0,0,0,0,0,0,0,0,0,0,0,0,0,0,0,0,0,0,0,0,0,0,0,0,0,0,0,0,0,0,0,0,0,0,0,0,0,0,0,0,0,0,0,0,0,0,0,0,0,0,0,0,0,0,0,0,0,0,0,0,0,0,0,0,0,0,0,0,0,0,0,0,0,0,0,0,0,0,0,0,0,0,0
0.00593778142410592,0,0.0121594152811308,0,0,0,0,0,0,0,0,0,0,0,0.0112678251205837,0,0.000184574272341351,6.22360192425623e-05,0,0,0,0,0,0,0.00247816784507692,0,0,0,0,0,0,0,0,0,0,0,0,0,0.00278900924859039,0,0,0,0.00158403413961092,0,0,0,0,4.23873067799879e-05,0.00132410000702676,0,0,0,0,0,0.108866582838967,0,4.18195723207401e-05,0,0,0,0.00978698730450579,0,0,0,0,0,0,0.000915817752725496,0,0,0,0,0,0,0,0,0,0,0,0,0,0.000681374509831553,0.00122950340177312,0,0.00254544824207453,0,6.35221038371441e-05
0,0.00623128360746709,0,0.0155934252516649,0,0.00600569818872394,0,0,0,0,0,0,0,0,0,0.0127992217452627,0,0.000109645851055216,0.000150759755777566,0,0,0,0,0.015455328773577,0,0,0,0,0,0,0,0,0,0,0,0,0,0.000431006465391132,0,0,0,0.00247740359708373,0,0.000179521764487286,0,0.000210613381175052,0,0,0,0.000580909073551731,0,0.00195075560040046,0,0,0,0.0914623410092507,0,0.000245463586478691,0,0,0,0.00306807638062336,0,0,0,0,0.0391807906682141,0,0,0,0,0,0.000206597894139779,0,0,0,0,0,0,0,4.91362573633604e-05,0,0.00344586691729804,0.000454609492592069,0.00356404113848055,0,0
0,0,0,0,0,0,0,0,0,0,0,0,0,0,0,0,0,0,0,0,0.000641186400492638,0,0,0,0,0,0,0,0,0,4.80296137719202e-05,0,0,0,0,0,0,0,0.00715096845409863,0,6.0429715271647e-06,0,0,0,0,0,0.000138954151952378,0,0,0,0,0,0,0,0,0,0.027055768613823,0,0,0,0,0,0,0.00217825353002558,0,0,0,0,0,0,0,0,0,7.20989090830563e-05,0,0,0,0,0,9.66581820095158e-06,0,0.000556523932873423,0.000111955377315981,0,5.4355173970946e-05,0,0
0,0,0,0,0,0,0,0,0,0,0,0,0,0.00529563882074271,0,0,0,0,0,0.0110653643862317,0,0,0,0,0,0,0,0,0,0,0,0,0,0,0,0.000947505468239095,0,0.00293228781165074,0,0,0,0,0,0,0,0,0,0,0,1.37742952586184e-05,0,0,0,6.31054208497517e-05,0,0,0,0.0755308338120223,0,0.0025648428711545,0,0,3.94360649806913e-05,0,0,0,0,0,0,0,0,0,0.0134858590213031,0,0,0,0,0,5.42623680504087e-05,0,0.000801431415264606,0,0.000150485467605509,5.07467393617844e-06,2.01725321562123e-05,0,0
0,0,0,0,0,0,0,0,0,0,0,0,0,0,0,0,0,0,0,0,0,0,0,0,0,0,0,0,0,0,0,0,0,0,0,0,0,0,0,0,0,0,0,0,0,0,0,0,0,0,0,0,0,0,0,0,0,0,0.00354783896398939,0,0,0,0,0,0,0,0,0,0,0,0,0,0,0,0,0,0,0,0,0,0,0,0,0,0,0,0
0,0.00188779553375318,0,0,0,0,0,0,0,0,0,0.00529563882074271,0,0,0,0.00044881240510946,0,0,0,0,0,0,0,0,0,0,0,3.60945668944623e-05,0,0,0,0,0,0,0,0,0,0,0,0,0,0,0,0,0,0,0,0,0,0.000520887513814278,0,0,0,0.000796542817997347,0,0,0,7.35020307115275e-05,0,0.0440179496973397,0,0.00416461569720269,0,0,0,0,0,0,0,0,3.69480876543093e-05,0,0,0,0,0,0,0,0,0,0,0,0.000131643440344481,0,4.49336561695257e-05,0,0
0,0,0,0,0.000499347490275672,0,0,0,0.0112678251205837,0,0,0,0,0,0,0,0.000616724935325902,0.000127683848919459,6.61228966136116e-06,0,0,0,3.85928657681091e-06,0,0,0,0,0,0,0,0,0,0,0,0,0,0,0,0,0,0,0,0,0,0,0,0,0,0,0,0.0080208286201176,0,0,0,0,0,0,0,1.23269991794675e-05,0,0.000692117509971941,0,0,0,0,0,0,0,0,0,0,0,0,0,0,0,0,0,0,0,0,0,1.80185552032955e-05,0,1.33536737363588e-05,0,0
0,0.0112728811750665,0,0,0,0.00944103147117778,0,0,0,0.0127992217452627,0,0,0,0.00044881240510946,0,0,0,1.71917308762204e-05,0,0,0,0,0,7.27999353447965e-05,0,0.00259746336885727,0,0,0,0,0,0,0,0,0,0,0,0,0,9.9513365272399e-05,0,0,0,0,0,0,0,0,0,0.000117149465641016,0,0,0,0,0,0,0,0,0,0.000636064061354499,0,0.0182328840908727,0,0,0,0,0.000156877740773778,0,0.0019666323393732,0,0,0,0,0,0,0,0,0,0,0,0,0,8.23037959209595e-05,0,0.000159166090600876,0,0
0.000115269094754906,0,0,2.48827660647449e-06,0,3.08760067488974e-06,0,0,0.000184574272341351,0,0,0,0,0,0.000616724935325902,0,0,0.164690956157139,0.0478441653765088,0,0,0,0.00142883853704947,0,0.00464724142323756,0,0.00289601298936935,0,0.000180148808753414,0,0,0,0,0,0,3.46530141381253e-06,0,0,0,4.12980625825185e-05,0.00180067013638246,0.000210915805535688,0.00281550931488574,0.000143537793364364,6.58853706839509e-05,0.00113468673710003,0.00171033212768763,0,6.95102293314025e-06,0,3.5588448080589e-06,0,0,0,0,0,0.000229223103987423,0,1.55870243900024e-06,0,0,0,0,4.37033972774123e-05,0,0,0,0.00277947680429644,0,0.00088127305655174,0,0,2.56304559586754e-06,0,0,0,0,0,0.000141025648715515,0.000303963940300055,0,0,0.024496792479583,0.00186223256207708,0.00505485529194653,0.000103245387603294,0.00131915439090924
0,0,0,0,0,0,0,0,6.22360192425623e-05,0.000109645851055216,0,0,0,0,0.000127683848919459,1.71917308762204e-05,0.164690956157139,0,0.0446748793081292,0,0,8.60178075114764e-05,7.64984512720899e-05,0.00202659132720712,0.00168112460670487,7.04254522246664e-05,0.000205922023828448,0,0,0,0,0,0,0,0,0,0,0,0,0,0.000108256839562693,9.77075887276322e-06,0.00013798044715097,3.18913940615131e-05,7.5745383690146e-05,0.000244781256806799,0.000153210861166357,0,0,0,0,0,0,0,0,2.99624051703811e-05,1.65359253238444e-05,0,0,0,0,0,3.53685300595224e-06,0,0,0,5.50622298552909e-06,0.000215770877707763,0,8.77989591124991e-06,0,0,0,0,0,0,0,0,1.6298793655704e-05,6.04492302462294e-05,0,0,0.0336793713113949,0.0321283879219582,0.000366317561833339,1.46710517471959e-05,0.000146030276459768
0.000723695813561362,0.000450260891923248,8.73857035127868e-05,0.000552508166081917,4.36666928715131e-05,1.25009625870588e-05,0,0,0,0.000150759755777566,0,0,0,0,6.61228966136116e-06,0,0.0478441653765088,0.0446748793081292,0,4.77936437021402e-06,0,0,0,8.83794708835348e-05,0.000185590143993402,0,7.73366246796644e-05,0,0,0,0,0,0,0,0,6.05479712339963e-05,0.000165559003984664,3.20949106680435e-05,0,0.000905866801734521,0.0427352602090981,0.0404178158211233,0.0287978305775633,0.0120504362059259,0.00482437063876076,0.0741065987310008,0.0392795705101278,0,0.000141285927010107,0.000417529716665277,0.000118420430915056,8.2717407800712e-06,0,0,9.5271015544549e-06,4.21656391261843e-05,0.000982390789685717,0.000684735519251903,6.91419631880057e-05,0,5.58485824771578e-06,0.000104051927924287,0.000492765780384823,0.000296746935888685,0,0,0,2.40267080582617e-05,0,0,0,0,0.00129002879825706,0,0,0,0,0,0.00396311744135687,0.00649188285206696,8.32495877142229e-05,1.36049751213684e-05,0.0132298013457386,0.000202836430738806,0.0801928663583936,0.0312565080333289,0.0145563341396887
0,0,0,0.000125776041395572,0,0.000375794704313922,0,0,0,0,0,0.0110653643862317,0,0,0,0,0,0,4.77936437021402e-06,0,0,0,0,0,0,0,0,0,0,0,0,0,0,0,0,0.00133498694474603,0,0,0,0,0,0,0,0,0,0.00285796595164105,0,0,0,2.09388977698635e-05,0,0,0,0,0,0,0,0.0227370438474964,0,0,0,0,0.0279645978243387,0,0,0,0,0,0,0,0,0,0,0,0,0,0,0,0.000651772788189202,0,7.11376046079828e-06,0,0.000603867970683301,1.40515597622144e-05,0.00104007918849059,0,0
0,0,0,0,0.000778484299343205,0,0,0,0,0,0.000641186400492638,0,0,0,0,0,0,0,0,0,0,0,0,0,0,0,0,0,0,0,0,0,0,0,0,0,0.00245401606565569,0,0.00179384591062959,0,0,0,0,0,0,0,0.000681684262925175,0,9.08308178972578e-05,0,0.00482345237147088,0,0,0,0,0,0.000212884773711909,0,0,0,0,0,0,0.0222101367532057,0,0,0,0,0,0,0,0,0,0,0,0,0,0,0,0.00136566522594901,0,0,0.0001285771823487,0,0.00198459360508527,0,0
0,0,0,0,0,0,0,0,0,0,0,0,0,0,0,0,0,8.60178075114764e-05,0,0,0,0,0.00156810199439258,0,0,0.000374879695057326,0,1.48528824865934e-05,0,0,0,0,0,0,0,0,0,0.00747643210717691,0,0,0,0,0,0,0,0,0,0,0,0.00216367984236252,0,0,0,0,0,0,0,0,0,0,0,0,0,0,0.0451749275987747,0.000758555716653799,0.000272539262751659,0,0.000847768455525963,0,0,0,0,0,0,0,0,0,0,0,0.00162420367967025,0,0.00110764801762941,0,0,0,0
0,0,0,0,0,0,0,0,0,0,0,0,0,0,3.85928657681091e-06,0,0.00142883853704947,7.64984512720899e-05,0,0,0,0.00156810199439258,0,0,0,0,7.03459756167159e-05,0,0,0,0,0,0,0,0,0,0,0,0.00375315510353428,0,0,0,0,0,0,0,0,0,0.00662402220913494,0,0,0,0,0,0,0,0,0,0,0,0,0,0,0,0,0.0502340730324097,0,0,0,0,0,0,0,0,0,0,0,0,0,0,0,0.00285073965475489,0.00137356986672698,3.98035152739739e-06,0,0,0
0,0.00125504116724117,0,0.00108922973789114,0,0,0,0,0,0.015455328773577,0,0,0,0,0,7.27999353447965e-05,0,0.00202659132720712,8.83794708835348e-05,0,0,0,0,0,0,0.0155197193757206,0,0,0,0,0,0,0,0,0,1.38999890621043e-05,0,0.0024351502963892,0,0,0,0.000386168540983733,0,0.000260952975853303,0,8.98261648813858e-06,0,0,0,0.000212626280838541,0,0,0,0,0,0.0200370142388904,0,0,0,0,0,0,0,0,0,0,0.022464129329884,0,0.0205454075554667,0,0,0,0,0,0,0,0.000161267722304427,0,0,0,0.00413961114190189,0,0.00112859841282648,7.71020588435014e-05,0.000740894435378123,0,0
0,0,0,0,0,0,0,0,0.00247816784507692,0,0,0,0,0,0,0,0.00464724142323756,0.00168112460670487,0.000185590143993402,0,0,0,0,0,0,0,0.010521784615016,0,0,0,0,0,0,0,0,0,0,0,0.00297526601130703,0,1.32352669801069e-05,0,2.53479930271885e-05,0,0,0,0,0,0.00230493892016217,0,0,0,0,0,0.00784319121105882,0,0,0,0,0,0,0,0,0,0,4.48640085626626e-05,0,0.00277334491144235,0,0,0,0,0,0,0,0,0,0,0,0,0,0.000593187183584648,3.99637117632466e-05,0,0.00125071356733917,0,0
0,0,0,0,0,0,0,0,0,0,0,0,0,0,0,0.00259746336885727,0,7.04254522246664e-05,0,0,0,0.000374879695057326,0,0.0155197193757206,0,0,0,0.00121823233466443,0,0,0,0,0,0,0,0,0,0,0,0,0,0,0,0,0,0,0,0,0,0,0,0,0,0,0,0,0,0,0,0,0,0.000745276177614457,0,0,0.00167446111654801,0,0.00270088267459912,0,0.0153324783720791,0,0,0,0,0,0,0,0,0,0,0,0,0,0.000182548190108137,8.11178980841105e-05,0,0,0
0,0,0,0,0,0,0,0,0,0,0,0,0,0,0,0,0.00289601298936935,0.000205922023828448,7.73366246796644e-05,0,0,0,7.03459756167159e-05,0,0.010521784615016,0,0,0,0.000222932403852395,0,0,0,0,0,0,0,0,0,0,0,0,0,0,0,0,0,0,0,0,0,0,0,0,0,0,0,0,0,0,0,0,0,0,0,0,0,0,0,0,0.00228048547875339,0,0,0,0,0,0,0,0,0,0,0,0,0.000286821463282358,1.69384721393555e-06,0,0,0
0,0,0,0,0,0,0,0,0,0,0,0,0,3.60945668944623e-05,0,0,0,0,0,0,0,1.48528824865934e-05,0,0,0,0.00121823233466443,0,0,0,0.00099231248697439,0,0,0,0,0,0,0,0.000345960929050638,0,0,0,0,0,0,0,0,0,0,0,0,0,0,0,0,0,0,0,0,0,0.00108540504303667,0,0,0,0,0,0,0,0,0.000429743060641863,0,0.0052730148909068,0,0,0,0,0,0,0,0,0,0,0,0.00059519577052996,0.000376519937370641,0,0,0
0,0,0,0,0,0,0,0,0,0,0,0,0,0,0,0,0.000180148808753414,0,0,0,0,0,0,0,0,0,0.000222932403852395,0,0,0,0,0,0,0,0,0,0,0,0,0,0,0,0,0,0,0,0,0,0,0,0,0,0,0,0,0,0,0,0,0,0,0,0,0,0,0,0,0,0,0,0,0.00148944613551859,0,0.00232748641646261,0,0,0,0,0,0,0,0,4.71438489783216e-05,3.22686054766956e-05,0,0,0
0,0,0,0,0,0,0,0,0,0,0,0,0,0,0,0,0,0,0,0,0,0,0,0,0,0,0,0.00099231248697439,0,0,0,0,0,0,0,0,0,0.00332658607620918,0,0,0,0,0,0,0,0,0,0,0,0,0,0,0,0,0,0,0,3.01988424168426e-05,0,0,0,0,0,0,0,0,0,0,0,0,0.00289478763246983,0,0.0230414005620158,0,0,0,0,0,0,0,0.000442530427261779,0,0.000330277651952901,0,0,0,0
0,0,0,0,0,0,0,0,0,0,4.80296137719202e-05,0,0,0,0,0,0,0,0,0,0,0,0,0,0,0,0,0,0,0,0,0,0,0,0,0,0,0,0.00048284067620402,0,0,0,0,0,0,0,0,0,0,0,0,0,0,0,0,0,0.00134348365040139,0,0,0,0,0,0,0,0,0,0,0,0,0,0,0,0,0.0311757023756269,0,0,0,0,0,0,0,0.000335146493727523,8.47107701389192e-06,0,0,0,0
0,0,0,0,0,0,0,0,0,0,0,0,0,0,0,0,0,0,0,0,0,0,0,0,0,0,0,0,0,0,0,0,0.0136807798678532,0.0175378796483228,0,8.22054062155075e-06,0,0,0,0.000758021667594329,0,0,0,0,0,0,0,0.0301976462155064,0,0.00169217678134049,0,0,0,0,0,0,0,0,0,0,0,0,0,0,0,0,0,0,0,0,0,0,0,0,0.0411551900167054,0,0.00150469824142663,0,0.00126873936558123,0,0,0,0.00051798999758134,0,0,0,0
0,0,0,0,0,0,0,0,0,0,0,0,0,0,0,0,0,0,0,0,0,0,0,0,0,0,0,0,0,0,0,0.0136807798678532,0,0,0.0197429070448898,0,0.00476463032002255,0,0,0,0,0,0,0,0,0,0,0.0133379740619247,0,0.000118060473258295,0,0,0,0,0,0,0,0,0,0,0,0,0,0,0,0,0,0,0,0,0,0,0,0,0.0130188172355269,0.0426803358083507,0,0.00811342866600412,0,0.00113042257099834,0,0,0.000330960680896206,0,0,0,0
0,0,0,0,0,0,0,0,0,0,0,0,0,0,0,0,0,0,0,0,0,0,0,0,0,0,0,0,0,0,0,0.0175378796483228,0,0,0.0298979712189706,0.00287563811431051,0,0.00119508633356079,1.15823859232478e-05,0,0,3.07779202457087e-05,0,0,0,0,0,0.0415409572399995,0,0.00029818525140007,0,0,0,0,0,0,0,0,0,0,0,0,0,0,0,0,2.47633099999568e-05,0,0,0,0,0,0,0,0.0175720420943552,0,0.0777905272293986,0.0218930726753669,0.000882479658270441,0,0.0036816592710805,0,6.31379354048217e-05,0,0,0,0
0,0,0,0,0,0,0,0,0,0,0,0,0,0,0,0,0,0,0,0,0,0,0,0,0,0,0,0,0,0,0,0,0.0197429070448898,0.0298979712189706,0,0,0.00180239902948312,0.000349276951228045,0.00144014066370502,0,0,8.11922973351347e-05,9.92368236986817e-05,0,0,0,0,0.0204584980258629,0.00175121050784699,2.44228377643992e-05,0,0,0,0,4.43232476455462e-05,0,0,0,0,0,0,0,0,0,0,0,0,0,0,0,0,0,0,0,0,0.00434809267804322,0.0163343571574208,0.053621918928489,0,0.000764771400575434,0,0.00287867698181117,0.000253843956331762,0,0,0,0
0,0,0,0.000474384314150196,0,9.22859167715741e-05,0,0,0,0,0,0.000947505468239095,0,0,0,0,3.46530141381253e-06,0,6.05479712339963e-05,0.00133498694474603,0,0,0,1.38999890621043e-05,0,0,0,0,0,0,0,8.22054062155075e-06,0,0.00287563811431051,0,0,0.000896082903714643,0.00904425168186654,0,3.03299958545566e-05,0,2.18723891226619e-05,9.91901070758201e-07,2.61020301998781e-05,0,0.000705518219711948,2.97211735142666e-06,0.00131395234878585,0,0.000315789112560168,0,3.1474394349083e-05,0,0,0,1.86264818488428e-05,1.94839578218865e-05,0.000463983963093588,0,0,0,4.86388017631087e-05,0.00231286988418978,0,0,0,0,0,0,0,0,0,0,0,1.0872936190597e-05,0,0.000271426524388952,0,0.0507198235014319,0.000630351433295427,0.00446053496365041,0,0.00173104844699299,0.000341034265346713,0.000674692637204709,1.73046972778933e-05,0
0,0,2.45856180779332e-05,0,2.10424067479903e-05,0,0,0,0,0,0,0,0,0,0,0,0,0,0.000165559003984664,0,0.00245401606565569,0,0,0,0,0,0,0,0,0,0,0,0.00476463032002255,0,0.00180239902948312,0.000896082903714643,0,0,0.00592868533983884,0,3.16130136562881e-05,0,5.2869980957591e-05,0,9.12513207519918e-06,3.57486106550304e-05,0.000223085837593643,0.00727159714577696,8.22824518447417e-06,5.5264402885216e-05,2.95772678707115e-05,0,0,0,0,0,0.000141323839956465,0,1.15085781645409e-05,0,0,0,0,0.000906429332792449,0,0,0,0,0,0,0,0,0,0,0,0.00189356927377418,0,0.000351901270092513,0.000544542736999643,0.0648531854927313,0,0.00172438661624184,0.00329285107990091,0.000417332908739639,0.000936530540002707,0,1.76701121227059e-06
0,0.00017734163821029,0,5.47180729401197e-05,0,0,0,0,0,0.000431006465391132,0,0.00293228781165074,0,0,0,0,0,0,3.20949106680435e-05,0,0,0.00747643210717691,0,0.0024351502963892,0,0,0,0.000345960929050638,0,0.00332658607620918,0,0,0,0.00119508633356079,0.000349276951228045,0.00904425168186654,0,0,0.000670208590408989,0,0,7.38832132266675e-05,0,1.17116799015787e-05,0,1.83150076759618e-05,1.20806710710116e-06,0.00183842843415156,0,0.00489638625830071,0,0,0,0,0,0.000463522694455394,0,3.65272593948751e-05,0,0,0,0,0,0,0.00540508903674428,0,0.00252830520281714,0,0,0,0,0,0.00299336762593361,0,0,0,0.00187941126843558,0,0.0034237052511184,0,0.0512127638029208,0.000308883043812247,0.000715241417328323,8.77900368261857e-06,0.00271355684804975,0,0
0,0,0,0,0,0,0,0,0.00278900924859039,0,0.00715096845409863,0,0,0,0,0,0,0,0,0,0.00179384591062959,0,0.00375315510353428,0,0.00297526601130703,0,0,0,0,0,0.00048284067620402,0,0,1.15823859232478e-05,0.00144014066370502,0,0.00592868533983884,0.000670208590408989,0,0,0,0,0.0039912031135499,0,0,0,2.68119016207801e-05,0.00298004960489082,0.01548807496057,0,0,0,0,0,0.00194455489759553,0,0.00124512247033768,0,0,0,0,0,0,0.000269794418273802,0,0.00223849833676683,0,0.00142251271580983,0,0,0,3.78172370737485e-05,0,0,0,0,0,0.00127229775527153,0,0.000585738248242942,0,0.0433944817023689,0.00167720087912962,5.56803880525166e-05,0.00536424585956145,0,0
0,0,0,0.00389989569640014,0,8.94980649417058e-05,0,0,0,0,0,0,0,0,0,9.9513365272399e-05,4.12980625825185e-05,0,0.000905866801734521,0,0,0,0,0,0,0,0,0,0,0,0,0.000758021667594329,0,0,0,3.03299958545566e-05,0,0,0,0,0,0.00155805518314852,0,0.0013615551920596,0,0.00351212290838141,0,0.0184805903832947,0.00542711913260674,0.0672403841537748,0.000155025390757839,0,0,0,0,0,1.08092459156495e-05,8.28111597603542e-05,0,0,0,0.000813466949674947,1.56536310332337e-05,0,0,0,0,0,0,0,0,0,0.000124019868483059,0,0.000727256248454697,0,0,0,0.0124826659541374,0,0,0,5.04021030171661e-05,0,0.0154593788862962,0.00118042322845205,0
0,0,0.000350358685189219,0.00018239867753051,0,0,0,0,0,0,6.0429715271647e-06,0,0,0,0,0,0.00180067013638246,0.000108256839562693,0.0427352602090981,0,0,0,0,0,1.32352669801069e-05,0,0,0,0,0,0,0,0,0,0,0,3.16130136562881e-05,0,0,0,0,0.000128651209322084,0.0784497739362842,0.000768907068045801,0.0205658933814048,0.00239382810725872,0.126284143522717,0,0.0064948120712942,0.000462620621747746,0.000880640162127282,0,0,0,0,0,0.00153393545487561,0.000130735845503976,0.000159201776070227,0,0.000204838999314878,0,0,0.00208471610717053,0,0,0,0,0,0,0,0,1.50982299045861e-05,8.32612277900382e-05,0,0,0,0,3.07688985997361e-05,0.0014529581575191,0,2.89931390339145e-06,0.000665559250731347,0,0.0498462028787529,0.000415590160682668,0.0121512939554518
0,0.0523005263485634,0,0.00696240872235159,0,0.000155938590070367,0,0,0,0.00247740359708373,0,0,0,0,0,0,0.000210915805535688,9.77075887276322e-06,0.0404178158211233,0,0,0,0,0.000386168540983733,0,0,0,0,0,0,0,0,0,3.07779202457087e-05,8.11922973351347e-05,2.18723891226619e-05,0,7.38832132266675e-05,0,0.00155805518314852,0.000128651209322084,0,0.00430343401836433,0.0207372618146801,1.36768647038872e-05,0.077595193653515,0.000276706214359342,0.00629276659252002,4.34142166372502e-05,0.0179106552213842,0,0,0,0,0,0.00315715743428676,0,0.00775745710202218,7.27955702032419e-06,0,0,0.00026951860567479,0.00142318419246624,0,0,0,6.47163490350537e-05,0,0,0,0,0,0.00608717292659622,0,0,0,0,0,0.0010301277847305,6.85096861760689e-06,9.36348207628869e-06,0,0.0115032244310933,0.00057607205349145,0.125019940115669,0.0667901901185138,0
0.00699420320081413,0,0.00735347466128272,5.18880695170478e-05,0.000694191643539613,0,0,0,0.00158403413961092,0,0,0,0,0,0,0,0.00281550931488574,0.00013798044715097,0.0287978305775633,0,0,0,0,0,2.53479930271885e-05,0,0,0,0,0,0,0,0,0,9.92368236986817e-05,9.91901070758201e-07,5.2869980957591e-05,0,0.0039912031135499,0,0.0784497739362842,0.00430343401836433,0,8.07901788533246e-06,0.012331993012684,0.00085576062630954,0.0346792035708035,0.0857309927414077,0.0193237620962231,0.000733125185341824,0.00274649548406765,0,0,0,0.000670030319324397,0,0.0193858557305371,0,0.00160797841096082,0,0.0012867737906604,0,0,0.00168437802997923,0,0,0,0.000882332080332913,0,0,0,0,0,0.00158506558564994,0,0,0,0,1.07840056986082e-06,0.0032987979899952,0,0.000796501355101527,0.0112909447811249,7.72261460722529e-05,0.151468770431641,8.3050314241453e-05,0.0944748033547163
0,9.04643236640246e-05,0,0.00552505059318736,0,4.17439879280643e-05,0,0,0,0.000179521764487286,0,0,0,0,0,0,0.000143537793364364,3.18913940615131e-05,0.0120504362059259,0,0,0,0,0.000260952975853303,0,0,0,0,0,0,0,0,0,0,0,2.61020301998781e-05,0,1.17116799015787e-05,0,0.0013615551920596,0.000768907068045801,0.0207372618146801,8.07901788533246e-06,0,0,0.0252030704903602,0.000273238436905835,0,0,0.000397295708754913,0,5.36908496538186e-05,0,0,0,0.000181211225302072,0,0.000453154549485306,0,0,0,0.000115471997935533,0.000277108527450437,0,0,0,0,0,0,0,0,0,0.000302151965480842,0,0,0,0,0,0.000745375047452554,1.40230838402519e-06,2.07277084031918e-05,0,0.000715045451076149,0.000101301515068189,0.0176848551302896,0.0203204418049722,0
0,0,0,0,0,0,0,0,0,0,0,0,0,0,0,0,6.58853706839509e-05,7.5745383690146e-05,0.00482437063876076,0,0,0,0,0,0,0,0,0,0,0,0,0,0,0,0,0,9.12513207519918e-06,0,0,0,0.0205658933814048,1.36768647038872e-05,0.012331993012684,0,0,1.78035794095254e-05,0.0103714971596937,0,0.000358725569779153,0,0.000305189664953986,0,0,0,0,0,0.000348760287734592,0,3.9088699239975e-05,0,0,0,0,0.00031921673332588,0,0,0,0,0,0,0,0,0,0,0,0,0,0,0,0.000454802002600517,0,0,0.000164795263988355,0,0.0128831482457846,0,0.00730863340825597
0,0.000566603621950065,0.00138394117336451,0.0121522758192897,0,0.000751112867677678,0,0,0,0.000210613381175052,0,0,0,0,0,0,0.00113468673710003,0.000244781256806799,0.0741065987310008,0.00285796595164105,0,0,0,8.98261648813858e-06,0,0,0,0,0,0,0,0,0,0,0,0.000705518219711948,3.57486106550304e-05,1.83150076759618e-05,0,0.00351212290838141,0.00239382810725872,0.077595193653515,0.00085576062630954,0.0252030704903602,1.78035794095254e-05,0,0.00419449497575158,0,0,0.0123845651548756,0.00137625158132388,8.43868733575949e-05,0,0,0,6.31850815261581e-05,0.00179422025382141,0.00182899028872541,0.000498503351351424,0,3.62207796094196e-05,0.000755749265783678,0.0671369672345555,4.23565317001842e-05,0,0,0,0,0,0,0,0,0.00129546274485111,0,0,0,0,0,0.0121095055694349,0.000373860370488391,0.000813096296260173,0,0.00181706024254041,0.000232871055241653,0.0902683376707496,0.0109459050318717,0.000352736822052115
0,0,0.000417223794632222,0.0006475420393988,7.01035673771858e-05,0,0,0,0,0,0.000138954151952378,0,0,0,0,0,0.00171033212768763,0.000153210861166357,0.0392795705101278,0,0.000681684262925175,0,0,0,0,0,0,0,0,0,0,0,0,0,0,2.97211735142666e-06,0.000223085837593643,1.20806710710116e-06,2.68119016207801e-05,0,0.126284143522717,0.000276706214359342,0.0346792035708035,0.000273238436905835,0.0103714971596937,0.00419449497575158,0,0,0.000214353488471736,0.000433735697579093,0.000560932717123706,0,0,0,0,0,0.0104858069913788,0,0.000325039730837428,0,0.000243560123373351,0.000139342775374689,0,0.0679975472911819,0,0,0,0,0,0,0,0,0,0.000154248558429119,0,0,0,0,9.4571038518841e-05,0.0165792888348676,0,0.000326657550050737,0.0011849372332552,0,0.0624769908850149,0.000608805856264213,0.00325765276616093
0,0,0,0,0,0,0,0,4.23873067799879e-05,0,0,0,0,0,0,0,0,0,0,0,0,0,0,0,0,0,0,0,0,0,0,0.0301976462155064,0.0133379740619247,0.0415409572399995,0.0204584980258629,0.00131395234878585,0.00727159714577696,0.00183842843415156,0.00298004960489082,0.0184805903832947,0,0.00629276659252002,0.0857309927414077,0,0,0,0,0,0.070785507932014,0.137400808652131,0,0,0,0,0,0,0,0,0,0,0,0,0,0,0,0,0,7.67789963439785e-05,0,0,0,0,0,0,0.0168213761468691,0.0143930516938496,0.0271365720811068,0.0149289068457048,0.00766124617056777,0.00800796075885911,0.0077868537367612,0.00634696634289688,0.00922281781187272,0.000138809246110018,0.0128305613152093,0,0
0.0104358860805638,0,0.0237499108602696,0,0.000837279706565844,0,0,0,0.00132410000702676,0,0,0,0,0,0,0,6.95102293314025e-06,0,0.000141285927010107,0,9.08308178972578e-05,0,0.00662402220913494,0,0.00230493892016217,0,0,0,0,0,0,0,0,0,0.00175121050784699,0,8.22824518447417e-06,0,0.01548807496057,0.00542711913260674,0.0064948120712942,4.34142166372502e-05,0.0193237620962231,0,0.000358725569779153,0,0.000214353488471736,0.070785507932014,0,0.101642424394448,0.00133957442180631,0,0,0,0.00186355465798904,0,0.00445477338324205,0,0.00235801469830006,0,0.00524607870381633,0,0,5.34745999987516e-05,0,0.0128907601194689,0,0.0153436468186516,0,0.00677905576168688,0,0.00738153902572035,0,0.00351389639679449,0,0,0,0.000797801863981382,7.72854392804857e-05,0.000389235928037753,0,0.0219907192358519,0.000349856015000307,8.51423372715604e-06,0.0542731673137891,0,0.000819650675272092
0,0.0205722111441373,0.000406100405690847,0.00492217604260603,0.000154904051280296,0.00269468145385585,0,0,0,0.000580909073551731,0,1.37742952586184e-05,0,0.000520887513814278,0,0.000117149465641016,0,0,0.000417529716665277,2.09388977698635e-05,0,0.00216367984236252,0,0.000212626280838541,0,0,0,0,0,0,0,0.00169217678134049,0.000118060473258295,0.00029818525140007,2.44228377643992e-05,0.000315789112560168,5.5264402885216e-05,0.00489638625830071,0,0.0672403841537748,0.000462620621747746,0.0179106552213842,0.000733125185341824,0.000397295708754913,0,0.0123845651548756,0.000433735697579093,0.137400808652131,0.101642424394448,0,0.001365741983329,0.000306097620123629,0,0,0,0.000832455271108196,0.000674297876426379,0.00342468957246842,0.000352165172655947,0.0105508800284585,0.000222123294846074,0.00616572758651759,0.000641121141110058,0,0.00188439871308478,0,0.000860964765196953,0,0.00584786976514451,0,0.0144069724876406,0,0.00402495028145756,0,0.00198971064518184,0,0.00038256331343282,0,0.0134386018858121,3.18236474556605e-05,0.00453543275585104,0,0.00149430415517522,8.61976963451081e-06,0.0623287776097065,0.000123922504382287,0
0,0,0.00141980733139105,0.000964049146122119,0.0161834776772615,2.82394814970473e-05,0,0,0,0,0,0,0,0,0.0080208286201176,0,3.5588448080589e-06,0,0.000118420430915056,0,0.00482345237147088,0,0,0,0,0,0,0,0,0,0,0,0,0,0,0,2.95772678707115e-05,0,0,0.000155025390757839,0.000880640162127282,0,0.00274649548406765,0,0.000305189664953986,0.00137625158132388,0.000560932717123706,0,0.00133957442180631,0.001365741983329,0,7.20627953183757e-05,0.000703942132530166,0,0,0,0.0118002903370731,1.41120425395836e-05,0.000351441220136942,0,0.00798846869772951,0.000212765054754345,0,0.00191301238936841,0,0,0,0,0,0,0,0,6.12658845115664e-05,0,0,0,0,0,0,7.98708497148158e-05,0,0,0.000566190914487552,0,0.0258964512936132,0,0.000784869098944324
0,0,0,0.000346320883643143,0,0.000245131818450895,0,0,0,0.00195075560040046,0,0,0,0,0,0,0,0,8.2717407800712e-06,0,0,0,0,0,0,0,0,0,0,0,0,0,0,0,0,3.1474394349083e-05,0,0,0,0,0,0,0,5.36908496538186e-05,0,8.43868733575949e-05,0,0,0,0.000306097620123629,7.20627953183757e-05,0,0,0,0,0.000901721917565178,1.4935676066329e-05,2.89057700386015e-05,0,0.0124141143581841,0,0.0196444158350836,0,0,0,0,0,0,0,0,0,0,0,0,0,0,0,0,0,0,0,0,1.32038089937937e-06,1.26891541538869e-06,0.000282476358969714,0,0
0,0,0,0,0,0,0.00824667638623868,0,0,0,0,0,0,0,0,0,0,0,0,0,0,0,0,0,0,0,0,0,0,0,0,0,0,0,0,0,0,0,0,0,0,0,0,0,0,0,0,0,0,0,0.000703942132530166,0,0,0,0,0,0.00125321563953391,0,0,0,0,0,0,0,0,0,0,0,0,0,0,0,0,0,0,0,0,0,0,0,0,0,0,0,0,0,0
0,0,0,0,0,0,0,0,0,0,0,6.31054208497517e-05,0,0.000796542817997347,0,0,0,0,0,0,0,0,0,0,0,0,0,0,0,0,0,0,0,0,0,0,0,0,0,0,0,0,0,0,0,0,0,0,0,0,0,0,0,0,0,0,0,0,0,0,0,0,0,0,0,0,0,0,0,0,0,0,0,0,0,0,0,0,0,0,0,0,0,0,0,0,0
0.0137177194155692,0,0.016155538417363,0,0,0,0,0,0.108866582838967,0,0,0,0,0,0,0,0,0,9.5271015544549e-06,0,0,0,0,0,0.00784319121105882,0,0,0,0,0,0,0,0,0,4.43232476455462e-05,0,0,0,0.00194455489759553,0,0,0,0.000670030319324397,0,0,0,0,0,0.00186355465798904,0,0,0,0,0,0,0,0.000441144159824586,0,2.90238067158508e-05,0,0.00423620021205182,0,0,0,0,0,0,0.0292938209572046,0,0,0,0,0,0,0,0,0,0,0,0,0,0.00346326131181527,0.000238648961778865,0,0.00240637592824917,0,0.00253344385377498
0,0.0142970792089546,0,0.0265154621323075,0,0.00130456892293439,0,0,0,0.0914623410092507,0,0,0,0,0,0,0,2.99624051703811e-05,4.21656391261843e-05,0,0,0,0,0.0200370142388904,0,0,0,0,0,0,0,0,0,0,0,1.86264818488428e-05,0,0.000463522694455394,0,0,0,0.00315715743428676,0,0.000181211225302072,0,6.31850815261581e-05,0,0,0,0.000832455271108196,0,0.000901721917565178,0,0,0,0,0,0.000192602173888336,0,0,0,0,0,0,0,0,0.141432421408103,0,0,0,0,0,0.000159213288008681,0,0,0,0,0,0,0,0.000310068812884884,0,0.000320349275923782,9.78582475641124e-05,0.00410032708440732,0,0
7.90050018174566e-05,0,0.00346690480630251,0.00116149181705147,0.000473884193905352,3.97320695214014e-05,0.000310246745391412,0,4.18195723207401e-05,0,0.027055768613823,0,0,0,0,0,0.000229223103987423,1.65359253238444e-05,0.000982390789685717,0,0.000212884773711909,0,0,0,0,0,0,0,0,0,0.00134348365040139,0,0,0,0,1.94839578218865e-05,0.000141323839956465,0,0.00124512247033768,1.08092459156495e-05,0.00153393545487561,0,0.0193858557305371,0,0.000348760287734592,0.00179422025382141,0.0104858069913788,0,0.00445477338324205,0.000674297876426379,0.0118002903370731,1.4935676066329e-05,0.00125321563953391,0,0.000441144159824586,0,0,0.000112659896841343,0.00622184197723382,0,0.00144546802681456,0,0,0.0166289420420313,0,0,0,0,0,0,0,0.0157892570627688,0,0.072343052654653,0,0,0,0,0,0.00387013757199168,0,0.000643166248561998,0.000259676177626084,0,0.027136343910752,0,0.00526355803017384
0,0.00411154428234522,0,0.00214737857480473,0,0.000532695701402226,0,0,0,0.000245463586478691,0,0.0755308338120223,0,7.35020307115275e-05,0,0,0,0,0.000684735519251903,0.0227370438474964,0,0,0,0,0,0,0,0,0,3.01988424168426e-05,0,0,0,0,0,0.000463983963093588,0,3.65272593948751e-05,0,8.28111597603542e-05,0.000130735845503976,0.00775745710202218,0,0.000453154549485306,0,0.00182899028872541,0,0,0,0.00342468957246842,1.41120425395836e-05,2.89057700386015e-05,0,0,0,0.000192602173888336,0.000112659896841343,0,1.43546660662445e-05,0.019104509125615,0,0.000402970542164326,0.00986909584211989,0,0,0,0,0,0,0,0.0157524954364533,0,0.0186709754930689,0,0,0,0,0,0.00131508445172072,2.40523845321572e-06,2.0723086857655e-05,0,0.00102264299096057,5.63559940594136e-05,0.0203038119846999,0.000112484674707396,0
5.42997433799573e-05,0,0.000319512053374036,0.000233474523912258,0.000185813832514832,0,0,0,0,0,0,0,0.00354783896398939,0,1.23269991794675e-05,0,1.55870243900024e-06,0,6.91419631880057e-05,0,0,0,0,0,0,0,0,0,0,0,0,0,0,0,0,0,1.15085781645409e-05,0,0,0,0.000159201776070227,7.27955702032419e-06,0.00160797841096082,0,3.9088699239975e-05,0.000498503351351424,0.000325039730837428,0,0.00235801469830006,0.000352165172655947,0.000351441220136942,0,0,0,2.90238067158508e-05,0,0.00622184197723382,1.43546660662445e-05,0,0,0.0125808395102196,0,0,0,0,0,0,0,0,0.000274413841264158,0,0.000239407408081674,0,0.000123645814299599,0,0,0,0,0,3.61132026196121e-05,0,0,2.39514697983726e-05,0,0.00379261572864793,0,0.000282214052591324
0,0.013900940748212,0,0,0,0.00184205504017375,0,0,0,0,0,0.0025648428711545,0,0.0440179496973397,0,0.000636064061354499,0,0,0,0,0,0,0,0,0,0,0,0.00108540504303667,0,0,0,0,0,0,0,0,0,0,0,0,0,0,0,0,0,0,0,0,0,0.0105508800284585,0,0.0124141143581841,0,0,0,0,0,0.019104509125615,0,0,0,0.0183427897304192,0.000675314870158053,0,0,0,0,0,0,0,0.00569534311010578,0,0,0,0,0,0,0,0,0,0,0,0.000119322753790849,0,0.000587418754452748,0,0
0.000776739787317194,0,0.000140975699725904,0,0.000283625791176164,7.52425278726133e-05,0,0,0.00978698730450579,0,0,0,0,0,0.000692117509971941,0,0,0,5.58485824771578e-06,0,0,0,0,0,0,0,0,0,0,0,0,0,0,0,0,0,0,0,0,0,0.000204838999314878,0,0.0012867737906604,0,0,3.62207796094196e-05,0.000243560123373351,0,0.00524607870381633,0.000222123294846074,0.00798846869772951,0,0,0,0.00423620021205182,0,0.00144546802681456,0,0.0125808395102196,0,0,0,0,1.08913786154219e-05,0,0,0,0,0,0.00010963566931768,0,0.000254183514141366,0,0.000315154835411351,0,0,0,0,0,8.87087231818961e-06,0,0,5.52433672968242e-06,6.53156528777985e-06,0.0021069083177839,0,0.000843730189914957
0,0.0212386010735778,0.000497490929925778,0.000175105328543073,0,0.00344367231612336,0,0,0,0.00306807638062336,0,0,0,0.00416461569720269,0,0.0182328840908727,0,0,0.000104051927924287,0,0,0,0,0,0,0.000745276177614457,0,0,0,0,0,0,0,0,0,4.86388017631087e-05,0,0,0,0.000813466949674947,0,0.00026951860567479,0,0.000115471997935533,0,0.000755749265783678,0.000139342775374689,0,0,0.00616572758651759,0.000212765054754345,0.0196444158350836,0,0,0,0,0,0.000402970542164326,0,0.0183427897304192,0,0,0.000113341841700968,0,0,0,0.000634676049582327,0,0.0123060179158946,0,6.47345297015221e-05,0,0.000207765870490634,0,0,0,0,0,5.89939972702372e-05,0,0,0,0.000223697721888079,1.25388883865161e-05,0.00220616280480744,0,0
0,5.26944530186203e-05,0,0.00234805051798766,0,0.000223796343450273,0,0,0,0,0,3.94360649806913e-05,0,0,0,0,0,3.53685300595224e-06,0.000492765780384823,0.0279645978243387,0,0,0,0,0,0,0,0,0,0,0,0,0,0,0,0.00231286988418978,0,0,0,1.56536310332337e-05,0,0.00142318419246624,0,0.000277108527450437,0,0.0671369672345555,0,0,0,0.000641121141110058,0,0,0,0,0,0,0,0.00986909584211989,0,0.000675314870158053,0,0.000113341841700968,0,0,0,0,0,0,0,0,0,0,0.000706477925221298,0,0,0,0,0,0.00543111655602355,0,0.000466736787573701,0,7.64610025212314e-05,6.12606469482381e-07,0.027645488562706,0.000135420640843041,0
0,0,3.58162486238235e-05,2.7010375798095e-05,0,0,0,0,0,0,0.00217825353002558,0,0,0,0,0,4.37033972774123e-05,0,0.000296746935888685,0,0.0222101367532057,0,0,0,0,0,0,0,0,0,0,0,0,0,0,0,0.000906429332792449,0,0.000269794418273802,0,0.00208471610717053,0,0.00168437802997923,0,0.00031921673332588,4.23565317001842e-05,0.0679975472911819,0,5.34745999987516e-05,0,0.00191301238936841,0,0,0,0,0,0.0166289420420313,0,0,0,1.08913786154219e-05,0,0,0,0,0,0,2.40433124526788e-05,0,0,0,0,0,0.000285263131929947,0,0,0,0,0,0.00356472052094985,0,0.000888965213718456,0.0001423928979518,0,0.0167660737665359,0,0.000118037365414761
0,0,0,0,0,0,0,0,0,0,0,0,0,0,0,0,0,0,0,0,0,0.0451749275987747,0,0,0,0.00167446111654801,0,0,0,0,0,0,0,0,0,0,0,0.00540508903674428,0,0,0,0,0,0,0,0,0,0,0,0.00188439871308478,0,0,0,0,0,0,0,0,0,0,0,0,0,0,0,0,0.00273690586522448,0,0.00177400782964225,0,0.00186100918178376,0,0,0,0,0,0,0,0,0,0.00367458262848661,0,0.00036638452539429,0,0,0,0
0,0,0,0,0,0,0,0,0,0,0,0,0,0,0,0,0,0,0,0,0,0.000758555716653799,0.0502340730324097,0,4.48640085626626e-05,0,0,0,0,0,0,0,0,0,0,0,0,0,0.00223849833676683,0,0,0,0,0,0,0,0,0,0.0128907601194689,0,0,0,0,0,0,0,0,0,0,0,0,0,0,0,0,0,0,0.000297451549862322,0,0.00778228203802795,0,0.00131696868734926,0,0,0,0,0,0,0,0,0,0.00450447549237794,0.000590139679366242,0,0,0,0
0,0,0,0,0,0,0,0,0,0.0391807906682141,0,0,0,0,0,0.000156877740773778,0,5.50622298552909e-06,0,0,0,0.000272539262751659,0,0.022464129329884,0,0.00270088267459912,0,0,0,0,0,0,0,2.47633099999568e-05,0,0,0,0.00252830520281714,0,0,0,6.47163490350537e-05,0,0,0,0,0,0,0,0.000860964765196953,0,0,0,0,0,0.141432421408103,0,0,0,0,0,0.000634676049582327,0,0,0.00273690586522448,0,0,0,0.0192430555545498,0,0.000349313929778663,0,0,0,0,0,9.07778651791241e-05,0,0,0,0.0157838450301379,0,0.000117468205130942,5.71876894348934e-06,0.0014315791014617,0,0
0,0,0,0,0,0,0,0,0.000915817752725496,0,0,0,0,0,0,0,0.00277947680429644,0.000215770877707763,2.40267080582617e-05,0,0,0,0,0,0.00277334491144235,0,0,0,0,0,0,0,0,0,0,0,0,0,0.00142251271580983,0,0,0,0.000882332080332913,0,0,0,0,7.67789963439785e-05,0.0153436468186516,0,0,0,0,0,0.0292938209572046,0,0,0,0,0,0,0,0,2.40433124526788e-05,0,0.000297451549862322,0,0,0,0.00215571020003057,0,0,0,0,0,0,0,0,0,0,0,0.00544752804233892,0.000105062886876678,0,0.00159917350386955,0,0
0,0,0,0,0,0,0,0,0,0,0,0,0,0,0,0.0019666323393732,0,0,0,0,0,0.000847768455525963,0,0.0205454075554667,0,0.0153324783720791,0,0.000429743060641863,0,0,0,0,0,0,0,0,0,0,0,0,0,0,0,0,0,0,0,0,0,0.00584786976514451,0,0,0,0,0,0,0,0,0,0,0,0.0123060179158946,0,0,0.00177400782964225,0,0.0192430555545498,0,0,0,0.00732765368513121,0,0,0,0,0,0,0,0,0,0,0,0.000125586415208834,0.000112656052433444,0,0,0
0,0,0,0,0,0,0,0,0,0,0,0,0,0,0,0,0.00088127305655174,8.77989591124991e-06,0,0,0,0,0,0,0,0,0.00228048547875339,0,0,0,0,0,0,0,0,0,0,0,0,0,0,0,0,0,0,0,0,0,0.00677905576168688,0,0,0,0,0,0,0,0,0,0.000274413841264158,0,0.00010963566931768,0,0,0,0,0.00778228203802795,0,0.00215571020003057,0,0,0,0.0109859764962465,0,0,0,0,0,0,0,0,0,0,0.000148079698142989,0,4.54333265239521e-05,0,0
0,0,0,0,0,0,0,0,0,0,0,0,0,3.69480876543093e-05,0,0,0,0,0,0,0,0,0,0,0,0,0,0.0052730148909068,0,0.00289478763246983,0,0,0,0,0,0,0,0,0,0,0,0,0,0,0,0,0,0,0,0.0144069724876406,0,0,0,0,0,0,0,0.0157524954364533,0,0.00569534311010578,0,6.47345297015221e-05,0,0,0.00186100918178376,0,0.000349313929778663,0,0.00732765368513121,0,0,0,0.00258813047855888,0,0,0,0,0,0,0,1.09780330603826e-05,0,1.83324261967448e-05,2.13846457350368e-05,2.67252842526267e-05,0,0
0,0,0,0,0,0,0,0,0,0,0,0,0,0,0,0,0,0,0,0,0,0,0,0,0,0,0,0,0.00148944613551859,0,0,0,0,0,0,0,0,0,3.78172370737485e-05,0,0,0,0,0,0,0,0,0,0.00738153902572035,0,0,0,0,0,0,0,0.0157892570627688,0,0.000239407408081674,0,0.000254183514141366,0,0,0,0,0.00131696868734926,0,0,0,0.0109859764962465,0,0,0,0.00330294966044554,0,0,0,0,0,0,0,0.000753868898180713,3.237185370607e-06,0,0.000220553817857736,0,0
0,0.00278304130367286,0,0.00318013991766475,0,7.89129166562687e-05,0,0,0,0.000206597894139779,0,0.0134858590213031,0,0,0,0,2.56304559586754e-06,0,0.00129002879825706,0,0,0,0,0,0,0,0,0,0,0.0230414005620158,0,0,0,0,0,0,0,0.00299336762593361,0,0.000124019868483059,1.50982299045861e-05,0.00608717292659622,0,0.000302151965480842,0,0.00129546274485111,0,0,0,0.00402495028145756,6.12658845115664e-05,0,0,0,0,0.000159213288008681,0,0.0186709754930689,0,0,0,0.000207765870490634,0.000706477925221298,0,0,0,0,0,0,0,0.00258813047855888,0,0,0,0,0,0,0,1.02295092321276e-05,0,0.00129983879514139,0,0.000196232825548218,1.36357445024594e-06,0.0157114371691237,0.000117728439347628,0
