0,0,0.165149358303651,0,0,0,0,0,0.130262546241283,0,0,0,0,0,0,0,0,0,0,0,0,0,0,0,0,0,0,0,0,0,0,0,0,0,0,0,0,0,0.201085582375526,0,0,0.25960224731402,0.322315773175609,0,0,0,0,0,0.170512775338529,0.374127089977264,0,0,0,0,0.176564707631065,0,0,0,0,0,0,0,0,0,0,0,0,0,0,0,0,0,0,0,0,0,0,0,0,0,0,0,0.168310472526048,0,0.315120126416044,0,0
0,0,0,0.144400854129344,0,0,0,0,0,0.147079983854602,0,0,0,0,0,0.177913668751717,0,0,0,0,0,0,0,0,0,0,0,0,0,0,0,0,0,0,0,0,0,0,0,0.260794669389725,0,0.238663082055867,0,0,0,0,0,0,0,0.132198026320878,0,0,0,0,0,0.224780500253551,0,0,0,0,0,0.182485641866195,0,0,0,0,0,0,0,0,0,0,0,0,0,0,0,0,0.316831097006798,0,0,0,0.139572469125453,0,0.181274048727134,0,0
0.165149358303651,0,0,0,0.252298751473427,0,0,0,0.124567812001242,0,0,0,0,0,0,0,0.292424634099007,0,0.295590034552983,0,0.225141227245331,0,0,0,0,0,0,0,0,0,0,0,0,0,0,0,0.19714592397213,0,0.308541387319565,0,0.252211584709585,0,0.27371683246211,0,0,0,0.247757979801723,0.304699558019638,0.233172743669096,0.333971202373505,0.225642895156687,0,0,0,0.184992792271078,0,0.268615148651103,0,0.251472160816193,0,0.202763305377152,0,0,0.274897251526515,0,0,0,0,0,0,0,0,0,0.308842791637904,0,0,0,0,0.251993298530579,0.276634669074645,0,0.306442712034498,0.219029925266902,0,0.223663260725739,0,0.280023291707039
0,0.144400854129344,0,0,0,0.149306237697601,0,0,0,0.136847854774987,0,0,0,0,0,0,0.269710659980774,0.306501276791096,0.277050614356995,0.279432028532028,0,0,0,0,0,0,0,0,0,0,0,0,0,0,0,0.276221943753106,0.27564799040556,0.297823622822762,0,0.262964835226785,0,0.274657949744686,0.236722059547901,0.324625506997108,0,0.273924855624928,0.357990860939026,0.303609507112968,0.31615674495697,0.202349172059506,0,0.23264109546488,0,0,0,0.170593446493149,0,0.28797457460314,0,0.215588122606277,0,0,0.304028814037641,0,0,0,0,0,0,0,0.304360826810201,0,0.341671916035314,0,0,0,0.348314970731735,0,0.295424397676079,0.24762689769268,0.328389692422631,0.225413978099823,0.215429705159723,0,0.252027163271874,0.285279740393162,0
0,0,0.252298751473427,0,0,0,0.18118159630985,0,0.177853536605835,0,0.244029767811298,0,0,0,0,0,0,0.29366010427475,0.290090411901474,0,0.210982055618213,0,0,0,0,0,0,0,0,0,0,0,0,0,0,0,0.19152569770813,0,0,0,0.221983917057514,0,0.258784044872631,0,0,0,0,0.292662827806039,0.256483353674412,0,0.192809225780662,0,0,0,0.215139863582758,0,0.255635698636373,0,0,0,0,0,0,0.227422137487502,0,0,0,0,0,0,0,0,0,0,0,0,0,0,0,0.250140827149153,0,0.226595804095268,0.159596117351342,0,0.221968539714158,0,0.238747246563435
0,0,0,0.149306237697601,0,0,0,0.0963028722575733,0,0.168008926917206,0,0.254552140831947,0,0.0996240073194106,0,0.168919645249844,0,0,0,0.233353229086907,0,0,0,0,0,0,0,0,0,0,0,0,0,0,0,0.199562266469002,0,0,0,0.238594227160017,0,0.268453128635883,0,0,0,0.202834829688072,0,0.316144043207169,0,0.243988728523254,0,0.221597404261192,0,0.144071526825428,0,0.19959382712841,0,0.251123487949371,0,0.180441558361053,0,0.19131855101421,0.230654961509364,0,0,0,0,0,0,0,0,0,0.287850807110469,0,0,0,0,0,0.232225033479768,0.241660714149475,0,0,0.167272128909826,0,0.221636492581595,0,0
0,0,0,0,0.18118159630985,0,0,0,0,0,0.221427634358406,0,0,0,0,0,0,0,0,0,0.124569935103257,0,0,0,0,0,0,0,0,0,0,0,0,0,0,0,0.160904794931412,0,0,0,0,0,0,0,0,0,0,0,0.244022503495216,0,0.223026625812054,0,0.215582831616861,0,0.199654594063759,0,0,0,0,0,0,0,0,0,0,0,0,0,0,0,0,0,0,0,0,0,0,0,0,0,0,0,0.161404564976692,0,0.223952959690775,0,0
0,0,0,0,0,0.0963028722575733,0,0,0,0,0,0.151944539763711,0,0.0985423102974892,0,0,0,0,0,0,0,0,0,0,0,0,0,0,0,0,0,0,0,0,0,0,0,0,0,0,0,0,0,0,0,0,0,0,0,0,0,0,0,0.175250359828461,0,0,0,0.142680398188531,0,0,0,0,0.115350313484669,0,0,0,0,0,0,0,0,0,0,0,0,0,0,0,0,0,0,0,0.125249129648392,0,0,0,0
0.130262546241283,0,0.124567812001242,0,0.177853536605835,0,0,0,0,0,0,0,0,0,0.145174816250801,0,0.211516238749027,0,0.236821368336678,0,0,0,0,0,0.174092368533214,0,0,0,0,0,0,0,0,0,0,0,0,0,0.160012488864889,0,0,0.207285806536674,0.19807004266315,0,0,0,0,0,0.179785816239662,0,0,0,0,0,0.237645428033403,0,0.240796774625778,0,0,0,0.193400426552846,0,0,0,0,0,0,0.2163410410285,0,0,0,0,0,0.2643683552742,0,0,0,0,0,0,0,0.206224775849245,0.158242657864835,0,0.152269366142626,0,0
0,0.147079983854602,0,0.136847854774987,0,0.168008926917206,0,0,0,0,0,0,0,0,0,0.162224170916221,0.163424294056564,0.160462892238508,0.217534713447094,0,0,0,0,0.31431276840823,0,0.18062667122909,0,0,0,0,0,0,0,0,0,0,0,0.288813296162527,0,0.242047533392906,0,0.180538735585287,0,0,0,0.20599552989006,0,0,0,0.15476656994484,0,0,0,0,0,0.241943925248081,0,0.270046984155973,0,0,0,0.230486825853586,0.264825254678726,0,0,0,0.250811056958305,0,0.15824219211936,0,0,0,0.306250995915869,0,0,0,0,0,0.282420605421066,0.226760789752007,0.270601059943438,0,0.168338091386974,0,0.247320985103908,0.23954476416111,0
0,0,0,0,0.244029767811298,0,0.221427634358406,0,0,0,0,0,0.146241952975591,0,0,0,0,0,0,0,0.1486772846084,0,0,0,0,0,0,0,0,0,0,0,0,0,0,0,0.14134984228898,0,0.144859766550511,0,0,0,0,0,0,0,0,0,0,0,0.307141974568367,0,0,0,0,0,0.219427423550777,0,0,0,0,0,0,0.145042045792151,0,0,0,0,0,0,0,0,0,0.208391873304509,0,0,0,0,0,0.125006708152154,0,0.144593028159922,0.132782807275084,0,0.229449528455734,0,0
0,0,0,0,0,0.254552140831947,0,0.151944539763711,0,0,0,0,0,0,0,0,0,0,0,0.15863250095598,0,0,0,0,0,0,0,0,0,0.137189362417249,0,0,0,0,0,0.128430999342411,0,0.140633908181177,0,0.258684451381365,0,0.248639121651649,0,0,0,0.288016434013844,0,0,0,0,0,0.258476205170155,0,0.147763088345528,0,0,0,0.242417408593586,0,0,0,0,0.182849869895272,0,0,0,0,0,0,0,0,0,0.324256405911662,0,0,0,0,0,0.148193990190824,0,0.117871321737766,0,0.137291524160121,0,0.299131075883734,0,0
0,0,0,0,0,0,0,0,0,0,0.146241952975591,0,0,0,0.132539799643887,0,0,0,0,0,0,0,0,0,0,0,0,0,0,0,0,0,0,0,0,0,0,0,0,0,0,0,0,0,0,0,0,0,0,0,0,0,0,0,0,0,0,0,0.192374892020954,0,0,0,0,0,0,0,0,0,0,0,0,0,0,0,0,0,0,0,0,0,0,0,0.147591173648834,0,0,0,0
0,0,0,0,0,0.0996240073194106,0,0.0985423102974892,0,0,0,0,0,0,0,0,0,0,0,0,0,0,0,0,0,0,0,0,0,0,0,0,0,0,0,0,0,0,0,0,0,0,0,0,0,0,0,0,0,0.194027426838875,0,0.139130316674709,0,0,0,0,0,0.197583077682389,0,0.214691443091377,0,0.193629399769836,0,0,0,0,0,0,0,0,0,0,0,0,0,0,0,0,0,0,0,0,0.168127725201268,0,0,0,0
0,0,0,0,0,0,0,0,0.145174816250801,0,0,0,0.132539799643887,0,0,0,0.15115350484848,0.188749313354492,0,0,0,0,0,0,0,0,0,0,0,0,0,0,0,0,0,0,0,0,0,0,0,0,0,0,0,0,0,0,0,0,0,0,0,0,0.172414352496465,0,0.245376542210579,0,0.215190217128167,0,0.206750307153989,0,0,0,0,0,0,0,0,0,0,0,0,0,0,0,0,0,0,0,0,0,0.145833373069763,0,0,0,0
0,0.177913668751717,0,0,0,0.168919645249844,0,0,0,0.162224170916221,0,0,0,0,0,0,0.174825197292699,0.174814207479358,0.206351336091757,0,0,0,0,0.1720050573349,0,0.147422465949486,0.1578419059515,0,0,0,0,0,0,0,0,0,0,0,0,0,0,0,0,0,0,0.2594895362854,0.275246143341064,0,0,0.178603544003434,0,0.172485386106101,0,0,0,0.223234840631485,0,0.183332053323587,0,0.175388043746352,0,0.176075376796,0,0,0,0,0,0,0.171626332402229,0,0,0,0,0,0,0,0,0,0,0,0,0,0.152592682752056,0.162822147661989,0,0,0
0,0,0.292424634099007,0.269710659980774,0,0,0,0,0.211516238749027,0.163424294056564,0,0,0,0,0.15115350484848,0.174825197292699,0,0.206346689898491,0.295007717284091,0,0,0,0.108768882237718,0.169904562716301,0.169039688831152,0.189733863770962,0.149911382981935,0,0,0,0,0,0,0,0,0.361001002291838,0.355288290551731,0.40350928902626,0.307870447635651,0.339889912825564,0.322294209829786,0.272317750586404,0.285999352783721,0,0,0.335030744953822,0.32271511413348,0.313904672861099,0.306125557422638,0.37526723742485,0.288716152310371,0,0,0,0.312651693820953,0,0.299787133932114,0.365316540002823,0,0,0.165399580839134,0.180719010531902,0.340812466210789,0.318668188417659,0,0.117437843233347,0.190732123596328,0,0.202625344292476,0.139316544730282,0,0,0.356076789398988,0.33592763543129,0,0,0.423007696866989,0,0.355199893617064,0.359432627426964,0.349590041316473,0.351358217607557,0.200328117969635,0.203806699468539,0.326062742369307,0.293996380908149,0.305201311036944
0,0,0,0.306501276791096,0.29366010427475,0,0,0,0,0.160462892238508,0,0,0,0,0.188749313354492,0.174814207479358,0.206346689898491,0,0.295072059745475,0,0,0.117894966377918,0,0.150795726278394,0,0.158738093708297,0.23005803213233,0.144515627995133,0,0,0,0,0,0,0,0.33803039126926,0.366810196638107,0.318683609366417,0,0.317264115810394,0.329225341478984,0.275378512613701,0.285955957895101,0,0,0.317514865322316,0.360541468570309,0.272301267832518,0.311075896024704,0.264222611983617,0.291253715753555,0,0,0,0,0,0,0.348037820309401,0,0,0.173465889692307,0.167805221370995,0.326867028194315,0.329310249951151,0.112738318831088,0,0.17130314626477,0,0.16832669110867,0.181923383048603,0.126851553718249,0,0.339951113742941,0.328827892740568,0,0,0,0,0.342416385693295,0.385687534957368,0.361471627095733,0.346300427996835,0.174688486304072,0.146855364388896,0.319237673397248,0.296812430769205,0.306741493940353
0,0,0.295590034552983,0.277050614356995,0.290090411901474,0,0,0,0.236821368336678,0.217534713447094,0,0,0,0,0,0.206351336091757,0.295007717284091,0.295072059745475,0,0.389274150133133,0,0,0,0.230465618893504,0,0.232020859917005,0.22747732902115,0,0,0,0,0,0,0,0,0.377052378423965,0.380736563795356,0.412468858740547,0.398365810513496,0.316919436354837,0.318210578754172,0.230700595001556,0.252691286814341,0.30253978818655,0.355506926774979,0.311935078700946,0.328385878782017,0.263706070184708,0.316285025419259,0.288256926195962,0.280145019292831,0.225269928574562,0,0,0.291295126080513,0,0.330475360155106,0.381505724546072,0,0,0.248299116889636,0.211012454969542,0.313267979084661,0.313609556896346,0,0,0.211237753431002,0,0.248232214114605,0.316218197345734,0.310345947742462,0,0.387707759473059,0.351646712965728,0.216213516891003,0,0.273777235299349,0,0.337414619838399,0.356504854110975,0.388001491885428,0.36475071585143,0.242955603617889,0.232057666549316,0.319252376453537,0.252933043728834,0.272597474560364
0,0,0,0.279432028532028,0,0.233353229086907,0,0,0,0,0,0.15863250095598,0,0,0,0,0,0,0.389274150133133,0,0,0,0,0,0,0,0,0,0,0,0,0,0,0,0,0.154456256835471,0,0.228529895537756,0,0.283712010830641,0,0,0.301759004592896,0.412911579012871,0,0.271088950335979,0,0,0,0.256490528583527,0,0.28107006251812,0,0,0,0,0,0.30111457773468,0,0,0,0,0.18345800675064,0,0,0,0,0,0,0,0,0,0.326651336676484,0,0,0,0,0,0.22508872102718,0,0.312723609070255,0,0.129602081107872,0,0.314080045717519,0.407583877444267,0
0,0,0.225141227245331,0,0.210982055618213,0,0.124569935103257,0,0,0,0.1486772846084,0,0,0,0,0,0,0,0,0,0,0,0,0,0,0,0,0,0,0,0,0,0,0,0,0,0.155597894212946,0,0.139753256553322,0,0.210819810628891,0,0,0,0,0,0.219041988253593,0.295554235577583,0.252207370102406,0,0.233548154132535,0,0.124976653267037,0,0.221397265791893,0,0.170310609042645,0,0.29396253824234,0,0,0,0,0.19957885366463,0,0,0,0,0,0,0,0,0,0.330844432115555,0,0,0,0.300160616636276,0,0.163136110357616,0,0.150508688895103,0.141474790374438,0,0.207556537305466,0,0
0,0,0,0,0,0,0,0,0,0,0,0,0,0,0,0,0,0.117894966377918,0,0,0,0,0.105617547430188,0.134667409693494,0,0.0961628258228302,0,0.202324248066074,0,0,0,0,0,0,0.454060524702072,0,0,0.258115879801194,0.38320654630661,0,0,0,0,0,0,0,0,0.478251934051514,0.430963486433029,0.314232002375096,0,0,0,0,0,0,0,0,0,0,0,0,0,0,0.205287176391456,0.133870359924104,0.187651740387082,0,0.113772954791784,0,0,0,0,0,0,0,0,0,0,0,0.281174594787418,0.412825375795364,0.128156584320646,0.309406162604042,0.170019802451134,0,0
0,0,0,0,0,0,0,0,0,0,0,0,0,0,0,0,0.108768882237718,0,0,0,0,0.105617547430188,0,0,0.160711131989956,0,0.12965416637334,0,0.151472013496177,0,0,0,0,0,0,0,0,0,0.207286146384009,0,0,0,0,0,0,0,0,0.301162779331207,0.267320478154767,0.41195023059845,0,0,0,0,0,0,0,0,0,0,0,0,0,0,0,0.213295085486025,0,0.166315617529969,0,0.229506738483906,0,0.145061641931534,0,0,0,0,0,0,0,0,0,0.226095982619471,0.131836382950854,0,0,0,0
0,0,0,0,0,0,0,0,0,0.31431276840823,0,0,0,0,0,0.1720050573349,0.169904562716301,0.150795726278394,0.230465618893504,0,0,0.134667409693494,0,0,0,0.129692821881988,0.163884580135345,0,0,0,0,0,0,0,0,0,0,0.231981702881758,0,0,0,0.25329985221227,0,0,0,0,0,0,0,0.221798446593863,0,0,0,0,0,0.311617141216993,0,0,0,0,0,0,0,0,0.165817287351404,0,0.159134691125817,0,0.133700859688577,0,0,0,0,0,0,0,0,0,0,0,0.13901236516734,0,0.14207453790777,0,0.236099873070738,0,0
0,0,0,0,0,0,0,0,0.174092368533214,0,0,0,0,0,0,0,0.169039688831152,0,0,0,0,0,0.160711131989956,0,0,0,0.154725522920489,0,0,0,0,0,0,0,0,0,0,0,0.22847312134872,0,0,0.295790702104568,0,0,0,0,0,0,0.285761953959631,0,0,0,0,0,0.254234006007512,0,0,0,0,0,0,0,0,0,0,0.216447542111079,0,0.188297210393921,0,0.256394848227501,0,0,0,0,0,0,0,0,0,0,0,0.273825806507375,0.144132236639659,0,0.303985155089115,0.240306735038757,0
0,0,0,0,0,0,0,0,0,0.18062667122909,0,0,0,0,0,0.147422465949486,0.189733863770962,0.158738093708297,0.232020859917005,0,0,0.0961628258228302,0,0.129692821881988,0,0,0.162302568554878,0.157909219463666,0,0,0,0,0,0,0,0,0,0,0,0.336852967739105,0,0,0,0,0,0.290961429476738,0,0.281361252069473,0,0,0,0,0,0,0,0,0,0,0,0,0,0.144285527190992,0,0,0,0,0.151251728832722,0,0.144281322076436,0.143141657114029,0.198350667953491,0,0,0,0,0,0,0,0.315591976046562,0.353890478610992,0,0,0.124677771371939,0.167702496051788,0.275660417973995,0,0
0,0,0,0,0,0,0,0,0,0,0,0,0,0,0,0.1578419059515,0.149911382981935,0.23005803213233,0.22747732902115,0,0,0,0.12965416637334,0.163884580135345,0.154725522920489,0.162302568554878,0,0,0.155240049958229,0,0,0,0,0,0,0.38123881816864,0,0,0,0,0,0,0,0,0,0.343851014971733,0,0,0,0,0,0,0,0,0,0,0,0,0,0,0,0,0,0,0,0,0,0.177278238659104,0,0.153491664677858,0,0,0,0,0,0,0,0,0.339215680956841,0.325950652360916,0,0.316579014062881,0.167294208705425,0,0.329380720853806,0,0
0,0,0,0,0,0,0,0,0,0,0,0,0,0,0,0,0,0.144515627995133,0,0,0,0.202324248066074,0,0,0,0.157909219463666,0,0,0,0.134642143874136,0,0,0,0,0,0,0,0.12924175709486,0,0,0,0,0,0,0,0,0,0,0,0,0,0,0,0,0,0,0,0,0,0,0,0,0,0,0.231204614043236,0,0,0,0.187427931775649,0,0.157377801353125,0,0.182998508214951,0,0,0,0,0,0,0,0.133450701832771,0,0.124007608402859,0.163082515820861,0,0,0
0,0,0,0,0,0,0,0,0,0,0,0,0,0,0,0,0,0,0,0,0,0,0.151472013496177,0,0,0,0.155240049958229,0,0,0,0,0,0,0,0,0,0,0,0,0,0,0,0,0,0,0,0,0,0,0,0,0,0,0,0,0,0,0,0,0,0,0,0,0,0,0.189270617359358,0,0,0,0,0,0.199716502803823,0,0,0,0,0,0,0,0,0,0.211763426661491,0,0,0,0,0
0,0,0,0,0,0,0,0,0,0,0,0.137189362417249,0,0,0,0,0,0,0,0,0,0,0,0,0,0,0,0.134642143874136,0,0,0,0,0,0,0,0,0,0.213446643463401,0,0,0,0,0,0,0,0,0,0,0,0,0,0,0,0,0,0,0,0.216957549750805,0,0,0,0,0,0,0,0,0,0,0,0,0.154525361955166,0,0.185139847314358,0,0,0,0,0,0,0,0,0,0.234953084452586,0,0,0,0
0,0,0,0,0,0,0,0,0,0,0,0,0,0,0,0,0,0,0,0,0,0,0,0,0,0,0,0,0,0,0,0,0,0,0,0,0,0,0.133973518322254,0,0,0,0,0,0,0,0,0,0,0,0,0,0,0,0,0,0,0,0,0,0,0,0,0,0,0,0,0,0,0,0,0,0,0.176272366391985,0,0,0,0,0,0,0,0.18635198703179,0,0,0,0,0
0,0,0,0,0,0,0,0,0,0,0,0,0,0,0,0,0,0,0,0,0,0,0,0,0,0,0,0,0,0,0,0,0.224615543697562,0.392696936925252,0.173365995287895,0.192837312127705,0.180067871550196,0,0,0,0,0,0,0,0,0,0,0.42962324590312,0.404468894004822,0.231874391436577,0,0,0,0,0,0,0,0,0,0,0,0,0,0,0,0,0,0,0,0,0,0,0,0,0.334865475927811,0.254445272037782,0.275837405564937,0.557443737983704,0.239187566267307,0.334242688391009,0,0,0.193174757038303,0,0,0,0
0,0,0,0,0,0,0,0,0,0,0,0,0,0,0,0,0,0,0,0,0,0,0,0,0,0,0,0,0,0,0,0.224615543697562,0,0.155700176954269,0.181778927644094,0.480544927716255,0.179651493037289,0,0,0,0,0,0,0,0,0,0,0.367910050455181,0,0,0,0,0,0,0,0,0,0,0,0,0,0,0,0,0,0,0,0,0,0,0,0,0,0,0.275207419909634,0.283123485842814,0.166181117296219,0.24107606283256,0.458759739995003,0.291999084909031,0,0,0.251847809056441,0,0,0,0
0,0,0,0,0,0,0,0,0,0,0,0,0,0,0,0,0,0,0,0,0,0,0,0,0,0,0,0,0,0,0,0.392696936925252,0.155700176954269,0,0.161895885732638,0.149376074141926,0,0.195040055192434,0.168732464313507,0,0,0,0,0,0,0,0,0.388777236405656,0.461070228368044,0.488003551959991,0,0,0,0,0,0,0,0,0,0,0,0,0,0,0,0,0,0,0,0,0,0,0,0,0.375665677854648,0.559159517288208,0.198435561268324,0.183174446408003,0.188613820954586,0.515923500061035,0.202278419301428,0.272873361195837,0.22711414957419,0,0.467723485496309,0,0
0,0,0,0,0,0,0,0,0,0,0,0,0,0,0,0,0,0,0,0,0,0.454060524702072,0,0,0,0,0,0,0,0,0,0.173365995287895,0.181778927644094,0.161895885732638,0,0,0.176861466601923,0,0.199479505605996,0,0,0.390305727720261,0,0,0,0,0.332446644703547,0.510691508859445,0.448785934759223,0.510339331189427,0.32685774564743,0.318651109933853,0,0,0.319111257791519,0,0,0,0,0,0,0,0,0,0,0,0,0,0,0,0,0,0,0,0.381799444556236,0.329312852273385,0.167235910124931,0.247138331585004,0.478184640407562,0.229514671480933,0.156201496720314,0.29833254240679,0.239009682784478,0,0.448649579286575,0,0
0,0,0,0.276221943753106,0,0.199562266469002,0,0,0,0,0,0.128430999342411,0,0,0,0,0.361001002291838,0.33803039126926,0.377052378423965,0.154456256835471,0,0,0,0,0,0,0.38123881816864,0,0,0,0,0.192837312127705,0.480544927716255,0.149376074141926,0,0,0.159995983036803,0.231914979008388,0.150300651788712,0.294061228167266,0.364393308758736,0.295958834035056,0.260939255356789,0.43983656167984,0,0.241053573376938,0,0.423422100407451,0.26159979403019,0.297237845567557,0,0.221302141745885,0,0,0,0,0,0.279315933585167,0,0,0,0,0.197449290018994,0,0,0,0,0,0.26414155960083,0,0,0,0.300258768101533,0,0.413012582844553,0,0.174722200402847,0,0.245325614590167,0.185384054791253,0.293738282373491,0.41205370426178,0.180888626327665,0.375865817070007,0.255858704537512,0.293528598546982,0
0,0,0.19714592397213,0.27564799040556,0.19152569770813,0,0.160904794931412,0,0,0,0.14134984228898,0,0,0,0,0,0.355288290551731,0.366810196638107,0.380736563795356,0,0.155597894212946,0,0,0,0,0,0,0,0,0,0,0.180067871550196,0.179651493037289,0,0.176861466601923,0.159995983036803,0,0,0.158071885659423,0.377011775970459,0.329106371317591,0.305238461494446,0.321719706058502,0,0,0.298824362456799,0.326646127516315,0.536272422903601,0.310347586870193,0.349367499351501,0.236885038018227,0,0,0,0,0,0.13907895166623,0.230675652623177,0.254482358694077,0,0,0,0,0.169138507686215,0,0,0,0,0,0,0,0,0.314958900213242,0.389734268188477,0.245939746135619,0.189719688377263,0,0.20630567605431,0.277882208139443,0.196150575931255,0,0.222654447821425,0.16256689190168,0.138176843124841,0.24558885228958,0,0.360352848966916
0,0,0,0.297823622822762,0,0,0,0,0,0.288813296162527,0,0.140633908181177,0,0,0,0,0.40350928902626,0.318683609366417,0.412468858740547,0.228529895537756,0,0.258115879801194,0,0.231981702881758,0,0,0,0.12924175709486,0,0.213446643463401,0,0,0,0.195040055192434,0,0.231914979008388,0,0,0.213388857976446,0.308739181075777,0,0.319474902004004,0,0.443963870406151,0,0.307430342291341,0,0.311170546027521,0.449394032359123,0.263941079565123,0,0,0,0,0,0.302189167747166,0,0.379655390977859,0,0,0,0,0.266479172289665,0,0.298425893359434,0,0.233822365192806,0,0,0,0,0,0.35009789135721,0,0,0,0.185819193720818,0,0.256356734883638,0,0.24765087620557,0.189783111214638,0.180077858198195,0.143077579140663,0.370468904587383,0,0
0.201085582375526,0,0.308541387319565,0,0,0,0,0,0.160012488864889,0,0.144859766550511,0,0,0,0,0,0.307870447635651,0,0.398365810513496,0,0.139753256553322,0.38320654630661,0.207286146384009,0,0.22847312134872,0,0,0,0,0,0.133973518322254,0,0,0.168732464313507,0.199479505605996,0.150300651788712,0.158071885659423,0.213388857976446,0,0,0.256559401750565,0.329431747778868,0.177033226368791,0,0,0,0.33749136990971,0.57284813627392,0.313691864448953,0.436266031933994,0,0,0,0,0.274396182900226,0,0.140739449364419,0,0,0,0,0,0,0.186766533775533,0,0.304743217580459,0,0.305442886261329,0,0,0,0.232451170682907,0,0.190907048327582,0,0,0.156198471784592,0.174753814287808,0.371555089950562,0.226687651142659,0.149054325447651,0.226137443714761,0.208502957764927,0.162717051613025,0.35721936997169,0,0.228622630238533
0,0.260794669389725,0,0.262964835226785,0,0.238594227160017,0,0,0,0.242047533392906,0,0.258684451381365,0,0,0,0,0.339889912825564,0.317264115810394,0.316919436354837,0.283712010830641,0,0,0,0,0,0.336852967739105,0,0,0,0,0,0,0,0,0,0.294061228167266,0.377011775970459,0.308739181075777,0,0,0.320640758556478,0.317252031044469,0.267524297796023,0.467720099857875,0,0.284923936053419,0.346750766206323,0.27755150017215,0,0.278752462664723,0,0.247124471447685,0,0,0,0,0,0.268376511286914,0,0.247668951749802,0,0.331089198589325,0.295869262945292,0.339418634772301,0,0,0,0,0.310162335634232,0,0,0,0.293090569767875,0.346947982907295,0.196524206135008,0,0.325306087732315,0,0.260428407166544,0.35026990548595,0.293757150765885,0.341305423974991,0.304954918791086,0.341281337397439,0.327037183316294,0.289635937109038,0.27562818144049
0,0,0.252211584709585,0,0.221983917057514,0,0,0,0,0,0,0,0,0,0,0,0.322294209829786,0.329225341478984,0.318210578754172,0,0.210819810628891,0,0,0,0,0,0,0,0,0,0,0,0,0,0,0.364393308758736,0.329106371317591,0,0.256559401750565,0.320640758556478,0,0.240026778408459,0.286429386809427,0,0.309518478810787,0.339130660519004,0.313000240356637,0.355971705168486,0.250975117290846,0,0.235292515251786,0,0,0,0.232497168704867,0,0.256187388407333,0,0.238831426948309,0,0.240014687180519,0,0.360270703832308,0.281587002455257,0,0,0,0,0,0,0,0.289145921667417,0,0.289008663807596,0,0,0,0,0.310783739068678,0.272040953657406,0.368992358446121,0.254895782332961,0.328040298590293,0.310522168874741,0.271308327634818,0.331609487533569,0.29442312375102
0.25960224731402,0.238663082055867,0,0.274657949744686,0,0.268453128635883,0,0,0.207285806536674,0.180538735585287,0,0.248639121651649,0,0,0,0,0.272317750586404,0.275378512613701,0.230700595001556,0,0,0,0,0.25329985221227,0.295790702104568,0,0,0,0,0,0,0,0,0,0.390305727720261,0.295958834035056,0.305238461494446,0.319474902004004,0.329431747778868,0.317252031044469,0.240026778408459,0,0.201529722413442,0.311997761683805,0,0.282677899439668,0.269211596181226,0.374149622074489,0.333630847930908,0.295778164847679,0,0.257817304560116,0,0,0.216822624206543,0,0,0.306097129365538,0,0.25654461979866,0,0,0.322959792849265,0.281701117753983,0.315300196409225,0,0,0.273304790258408,0,0,0.338011879473925,0,0.332956056417145,0.239357382059097,0,0,0.265968759854635,0,0.296677548086374,0.261233351780155,0.326370777775134,0.309311483420578,0.27338769839329,0.324192857200449,0.316668287249584,0.24434087673823,0.238695792853832
0.322315773175609,0,0.27371683246211,0.236722059547901,0.258784044872631,0,0,0,0.19807004266315,0,0,0,0,0,0,0,0.285999352783721,0.285955957895101,0.252691286814341,0.301759004592896,0,0,0,0,0,0,0,0,0,0,0,0,0,0,0,0.260939255356789,0.321719706058502,0,0.177033226368791,0.267524297796023,0.286429386809427,0.201529722413442,0,0.299726724624634,0.202751980984912,0.241267663710996,0.300725947042181,0.344229532139642,0.30043882171458,0.222277278701464,0.26616957038641,0.221442729234695,0,0,0.255475477474492,0,0.310174122312819,0.247203305363655,0.266479996964335,0,0.271705839782953,0,0.263028502464294,0.301400175472585,0,0,0,0,0,0.23586805164814,0,0.327347042806008,0.290321575270759,0.327624143269133,0,0.233806595206261,0,0.308279901742935,0.285928910094149,0.294738058945741,0.306078301121791,0.308266961208398,0.257911337324302,0.330980432033539,0.292049613291881,0.206444919109344,0.266636186100432
0,0,0,0.324625506997108,0,0,0,0,0,0,0,0,0,0,0,0,0,0,0.30253978818655,0.412911579012871,0,0,0,0,0,0,0,0,0,0,0,0,0,0,0,0.43983656167984,0,0.443963870406151,0,0.467720099857875,0,0.311997761683805,0.299726724624634,0,0,0,0,0,0,0.357855081558228,0,0,0,0,0,0,0,0.410464449061288,0,0.317137241363525,0,0,0.393532752990723,0,0,0,0,0,0,0,0,0,0.427712715268135,0,0,0,0,0,0.457582882098984,0.313246332108974,0.480501360320426,0,0.296760830012235,0,0.443049823626494,0.379073098301888,0
0,0,0,0,0,0,0,0,0,0,0,0,0,0,0,0,0,0,0.355506926774979,0,0,0,0,0,0,0,0,0,0,0,0,0,0,0,0,0,0,0,0,0,0.309518478810787,0,0.202751980984912,0,0,0,0.313675623629,0,0,0,0,0,0,0,0,0,0,0,0,0,0,0,0,0.310501504885523,0,0,0,0,0,0,0,0,0,0,0,0,0,0,0,0.33923658750513,0,0.403028786182404,0.251246317156724,0,0.255329339566389,0,0.213946998119354
0,0,0,0.273924855624928,0,0.202834829688072,0,0,0,0.20599552989006,0,0.288016434013844,0,0,0,0.2594895362854,0.335030744953822,0.317514865322316,0.311935078700946,0.271088950335979,0,0,0,0,0,0.290961429476738,0.343851014971733,0,0,0,0,0,0,0,0,0.241053573376938,0.298824362456799,0.307430342291341,0,0.284923936053419,0.339130660519004,0.282677899439668,0.241267663710996,0,0,0,0.334992731921375,0.292840261992655,0.236549779772758,0.264767316210529,0,0.220159254968166,0,0,0,0,0.274268925189972,0.315865721961443,0,0.280694335699081,0,0,0.287071165756261,0.33927971976144,0.335004210472107,0,0,0,0.317525625228882,0.263281047344208,0.35063236951828,0,0.334906155636182,0.300800085067749,0.24166601151228,0,0.292756281793118,0,0.273050518676412,0.3322121007553,0.34034382866933,0.317777167260647,0.33025570004815,0.314630284905434,0.298916162417255,0.308185241950883,0.263539716601372
0,0,0.247757979801723,0.357990860939026,0,0,0,0,0,0,0,0,0,0,0,0.275246143341064,0.32271511413348,0.360541468570309,0.328385878782017,0,0.219041988253593,0,0,0,0,0,0,0,0,0,0,0,0,0,0.332446644703547,0,0.326646127516315,0,0.33749136990971,0.346750766206323,0.313000240356637,0.269211596181226,0.300725947042181,0,0.313675623629,0.334992731921375,0,0.303965640311338,0.25277021541646,0.333535403013229,0.258569978177547,0,0,0,0.279548307259878,0,0.293188799558015,0,0.315136402845383,0,0.264736071228981,0,0.344914225014773,0.289733472213778,0,0,0,0,0,0,0,0.335446268320084,0.327179342508316,0.334947320758491,0,0,0.349705934524536,0.3187009592851,0.355400573916552,0.286490166687224,0.354904230684042,0.335392646610873,0.345520489683467,0.343019917607307,0.315931890785018,0.288458049297333,0.294132764850344
0,0,0.304699558019638,0.303609507112968,0.292662827806039,0.316144043207169,0,0,0,0,0,0,0,0,0,0,0.313904672861099,0.272301267832518,0.263706070184708,0,0.295554235577583,0.478251934051514,0.301162779331207,0,0,0.281361252069473,0,0,0,0,0,0.42962324590312,0.367910050455181,0.388777236405656,0.510691508859445,0.423422100407451,0.536272422903601,0.311170546027521,0.57284813627392,0.27755150017215,0.355971705168486,0.374149622074489,0.344229532139642,0,0,0.292840261992655,0.303965640311338,0,0.437078979035841,0.500700459797212,0.300973812739054,0.301816582679749,0,0,0.275698042164246,0.262001752853394,0.287833750247955,0.30659843981266,0.277143100897471,0,0.30198760330677,0,0.275947760790586,0.281362235546112,0.384335425496101,0.376956691344579,0,0,0,0,0.297779470682144,0.324796229600906,0.330029904842377,0.359545588493347,0.471664455413849,0.449525269158314,0.377667242732547,0.370985851306339,0.408037672152967,0.41000899446366,0.383562671286719,0.530772402803254,0.491397743869717,0,0.456502460766213,0,0.265613079071045
0.170512775338529,0,0.233172743669096,0.31615674495697,0.256483353674412,0,0.244022503495216,0,0.179785816239662,0,0,0,0,0,0,0,0.306125557422638,0.311075896024704,0.316285025419259,0,0.252207370102406,0.430963486433029,0.267320478154767,0,0.285761953959631,0,0,0,0,0,0,0.404468894004822,0,0.461070228368044,0.448785934759223,0.26159979403019,0.310347586870193,0.449394032359123,0.313691864448953,0,0.250975117290846,0.333630847930908,0.30043882171458,0,0,0.236549779772758,0.25277021541646,0.437078979035841,0,0.417943210279093,0.258122358843684,0,0,0,0.217297049461569,0,0.320672668348578,0,0.301193807688024,0,0.274510352448984,0,0,0.265387959281603,0.35976231098175,0.289555682352491,0,0.320229800867623,0,0.34811854046003,0,0.327038932795086,0.365659534931183,0.398503534109672,0.421994781494141,0.508297542730967,0.474133253097534,0.412731088222341,0.340509391493267,0.32683755173412,0.405230542023977,0.327928374381223,0.344764679600865,0.353212922811508,0.320249331539426,0,0.331800407777398
0.374127089977264,0.132198026320878,0.333971202373505,0.202349172059506,0,0.243988728523254,0,0,0,0.15476656994484,0,0,0,0.194027426838875,0,0.178603544003434,0.37526723742485,0.264222611983617,0.288256926195962,0.256490528583527,0,0.314232002375096,0.41195023059845,0.221798446593863,0,0,0,0,0,0,0,0.231874391436577,0,0.488003551959991,0.510339331189427,0.297237845567557,0.349367499351501,0.263941079565123,0.436266031933994,0.278752462664723,0,0.295778164847679,0.222277278701464,0.357855081558228,0,0.264767316210529,0.333535403013229,0.500700459797212,0.417943210279093,0,0,0.252448722099264,0,0,0,0.16881019317768,0,0.321408423938249,0,0.2861196114758,0,0.231481394585157,0.317691551464977,0,0.283380713134172,0,0.261263538856764,0,0.301449428321025,0,0.288637484242172,0,0.294937924801848,0,0.215200271457434,0,0.437367159128189,0.437384539528897,0.268831273533313,0.354660161371742,0.336709097191708,0.431769182611453,0.319681002745262,0,0.299686104343895,0.301706300250122,0
0,0,0.225642895156687,0,0.192809225780662,0,0.223026625812054,0,0,0,0.307141974568367,0,0,0,0,0,0.288716152310371,0.291253715753555,0.280145019292831,0,0.233548154132535,0,0,0,0,0,0,0,0,0,0,0,0,0,0.32685774564743,0,0.236885038018227,0,0,0,0.235292515251786,0,0.26616957038641,0,0,0,0.258569978177547,0.300973812739054,0.258122358843684,0,0,0,0,0,0.234979120019364,0,0.317822729954954,0,0.263707882165909,0,0.286512210965157,0,0,0.275100055195036,0,0,0,0,0,0,0,0,0,0.283489257097244,0,0,0,0.326061427593231,0,0.262133970856667,0,0.266088935732841,0.212316759551565,0,0.259519093443047,0,0.273665269215902
0,0,0,0.23264109546488,0,0.221597404261192,0,0,0,0,0,0.258476205170155,0,0.139130316674709,0,0.172485386106101,0,0,0.225269928574562,0.28107006251812,0,0,0,0,0,0,0,0,0,0,0,0,0,0,0.318651109933853,0.221302141745885,0,0,0,0.247124471447685,0,0.257817304560116,0.221442729234695,0,0,0.220159254968166,0,0.301816582679749,0,0.252448722099264,0,0,0,0,0,0,0,0.246581311668119,0,0.190790632118781,0,0.196327944017627,0.316415375471115,0,0,0,0,0,0,0,0,0,0.302791953086853,0,0,0,0,0,0.264429638052688,0.324218571186066,0.300102278590202,0,0.220958469372529,0,0.249720638781263,0.26232975423336,0
0,0,0,0,0,0,0.215582831616861,0,0,0,0,0,0,0,0,0,0,0,0,0,0.124976653267037,0,0,0,0,0,0,0,0,0,0,0,0,0,0,0,0,0,0,0,0,0,0,0,0,0,0,0,0,0,0,0,0,0,0,0,0,0,0,0,0,0,0,0,0,0,0,0,0,0,0,0,0,0,0,0,0,0,0,0,0,0,0.112430790869089,0,0,0,0
0,0,0,0,0,0.144071526825428,0,0.175250359828461,0,0,0,0.147763088345528,0,0,0,0,0,0,0,0,0,0,0,0,0,0,0,0,0,0,0,0,0,0,0,0,0,0,0,0,0,0,0,0,0,0,0,0,0,0,0,0,0,0,0,0,0,0,0,0.204121957222621,0,0,0,0,0,0,0,0,0,0,0,0,0,0,0,0,0,0,0,0,0,0,0.133016051893884,0,0,0,0
0.176564707631065,0,0.184992792271078,0,0.215139863582758,0,0.199654594063759,0,0.237645428033403,0,0,0,0,0,0.172414352496465,0,0.312651693820953,0,0.291295126080513,0,0.221397265791893,0,0,0,0.254234006007512,0,0,0,0,0,0,0,0,0,0.319111257791519,0,0,0,0.274396182900226,0,0.232497168704867,0.216822624206543,0.255475477474492,0,0,0,0.279548307259878,0.275698042164246,0.217297049461569,0,0.234979120019364,0,0,0,0,0,0.280714987715085,0,0.246146510044734,0,0.2059577564741,0,0,0.274303642766816,0,0,0,0.245859606621357,0,0,0,0,0,0.270474530756474,0,0,0,0.323495030403137,0,0.270897462964058,0,0.270926501360886,0.193588970412671,0,0.236449545596616,0,0.267583886782328
0,0.224780500253551,0,0.170593446493149,0,0.19959382712841,0,0,0,0.241943925248081,0,0,0,0,0,0.223234840631485,0,0,0,0,0,0,0,0.311617141216993,0,0,0,0,0,0,0,0,0,0,0,0,0,0.302189167747166,0,0,0,0,0,0,0,0,0,0.262001752853394,0,0.16881019317768,0,0,0,0,0,0,0,0,0,0,0,0.227827198931637,0,0,0,0,0.218473231401106,0,0,0,0,0,0.302680343389511,0,0,0,0,0,0,0,0.282595444997636,0,0.195787993570169,0,0.272725277489289,0,0
0,0,0.268615148651103,0,0.255635698636373,0,0,0,0.240796774625778,0,0.219427423550777,0,0,0,0.245376542210579,0,0.299787133932114,0,0.330475360155106,0,0.170310609042645,0,0,0,0,0,0,0,0,0,0,0,0,0,0,0,0.13907895166623,0,0.140739449364419,0,0.256187388407333,0,0.310174122312819,0,0,0.274268925189972,0.293188799558015,0.287833750247955,0.320672668348578,0,0.317822729954954,0,0,0,0.280714987715085,0,0,0,0.333340425480593,0,0.307992500337687,0,0,0.301148946492577,0,0,0,0,0,0,0,0.36533476088358,0,0.358059290072647,0,0,0.341672986745834,0,0,0.269966275244951,0,0.170303025556838,0.15296799589235,0.364795178174973,0.291094704588346,0,0.31946542263031
0,0,0,0.28797457460314,0,0.251123487949371,0,0.142680398188531,0,0.270046984155973,0,0.242417408593586,0,0.197583077682389,0,0.183332053323587,0.365316540002823,0.348037820309401,0.381505724546072,0.30111457773468,0,0,0,0,0,0,0,0,0,0.216957549750805,0,0,0,0,0,0.279315933585167,0.230675652623177,0.379655390977859,0,0.268376511286914,0,0.306097129365538,0.247203305363655,0.410464449061288,0,0.315865721961443,0,0.30659843981266,0,0.321408423938249,0,0.246581311668119,0,0,0,0,0,0,0,0.306776109019817,0,0.187972772765804,0.327694229545419,0,0.320504433578915,0,0.321963308799651,0,0.346759663560452,0,0.37207309345982,0,0.387449999369987,0,0,0,0,0,0.279992894926032,0.268180094659328,0.38612248018384,0,0.277512169508047,0.381911277770996,0.318542774932177,0.342537161200605,0
0,0,0.251472160816193,0,0,0,0,0,0,0,0,0,0.192374892020954,0,0.215190217128167,0,0,0,0,0,0.29396253824234,0,0,0,0,0,0,0,0,0,0,0,0,0,0,0,0.254482358694077,0,0,0,0.238831426948309,0,0.266479996964335,0,0,0,0.315136402845383,0.277143100897471,0.301193807688024,0,0.263707882165909,0,0,0,0.246146510044734,0,0.333340425480593,0,0,0,0.26083014284571,0,0,0.315414190940235,0,0,0,0,0,0,0,0.325163513422012,0,0,0,0,0,0,0,0.281893417239189,0,0.327819272875786,0.255052927467558,0,0.29746161696832,0,0.29512420296669
0,0,0,0.215588122606277,0,0.180441558361053,0,0,0,0,0,0,0,0.214691443091377,0,0.175388043746352,0,0,0,0,0,0,0,0,0,0,0,0,0,0,0,0,0,0,0,0,0,0,0,0.247668951749802,0,0.25654461979866,0,0.317137241363525,0,0.280694335699081,0,0,0,0.2861196114758,0,0.190790632118781,0,0.204121957222621,0,0,0,0.306776109019817,0,0,0,0.181776520772414,0.315627813339233,0,0,0,0.300025728441054,0,0.320269360987827,0,0.291832272320578,0,0,0,0,0,0,0,0,0,0,0,0.17534526437521,0,0.356481804615921,0,0
0,0,0.202763305377152,0,0,0,0,0,0.193400426552846,0,0,0,0,0,0.206750307153989,0,0.165399580839134,0.173465889692307,0.248299116889636,0,0,0,0,0,0,0,0,0,0,0,0,0,0,0,0,0,0,0,0,0,0.240014687180519,0,0.271705839782953,0,0,0,0.264736071228981,0.30198760330677,0.274510352448984,0,0.286512210965157,0,0,0,0.2059577564741,0,0.307992500337687,0,0.26083014284571,0,0,0,0,0.305173722761018,0,0,0,0,0,0,0,0,0,0,0,0,0,0,0,0.293903529644012,0,0.324409157037735,0.156607742212257,0,0.282532405750505,0,0
0,0.182485641866195,0,0,0,0.19131855101421,0,0,0,0.230486825853586,0,0,0,0.193629399769836,0,0.176075376796,0.180719010531902,0.167805221370995,0.211012454969542,0,0,0,0,0,0,0.144285527190992,0,0,0,0,0,0,0,0,0,0,0,0,0,0.331089198589325,0,0,0,0,0,0,0,0,0,0.231481394585157,0,0.196327944017627,0,0,0,0.227827198931637,0,0.187972772765804,0,0.181776520772414,0,0,0,0,0,0,0.282924845814705,0,0.289273057004501,0,0.309363546116011,0,0,0,0,0,0,0,0,0,0,0,0.173983814539733,0,0.19449399614876,0,0
0,0,0,0.304028814037641,0,0.230654961509364,0,0.115350313484669,0,0.264825254678726,0,0.182849869895272,0,0,0,0,0.340812466210789,0.326867028194315,0.313267979084661,0.18345800675064,0,0,0,0,0,0,0,0,0,0,0,0,0,0,0,0.197449290018994,0,0.266479172289665,0,0.295869262945292,0.360270703832308,0.322959792849265,0.263028502464294,0.393532752990723,0,0.287071165756261,0.344914225014773,0.275947760790586,0,0.317691551464977,0,0.316415375471115,0,0,0,0,0,0.327694229545419,0,0.315627813339233,0,0,0,0.256710767745972,0.334095701575279,0,0.325422098239263,0,0.339682725923402,0,0.347692335645358,0,0.343620871194573,0,0,0,0,0,0.270520081989878,0.348091561685909,0.301558238063555,0.356433282295863,0.240218814635119,0.376342723766963,0.341028062148615,0.353604286909103,0.276763379573822
0,0,0.274897251526515,0,0.227422137487502,0,0,0,0,0,0.145042045792151,0,0,0,0,0,0.318668188417659,0.329310249951151,0.313609556896346,0,0.19957885366463,0,0,0,0,0,0,0,0,0,0,0,0,0,0,0,0.169138507686215,0,0.186766533775533,0.339418634772301,0.281587002455257,0.281701117753983,0.301400175472585,0,0.310501504885523,0.33927971976144,0.289733472213778,0.281362235546112,0.265387959281603,0,0.275100055195036,0,0,0,0.274303642766816,0,0.301148946492577,0,0.315414190940235,0,0.305173722761018,0,0.256710767745972,0,0,0,0,0,0,0,0,0,0,0.347033411979104,0,0,0,0,0.34930983848042,0.272420297729356,0,0.280564330097412,0.258284768985735,0,0.298471722496904,0,0.284370103478432
0,0,0,0,0,0,0,0,0,0,0,0,0,0,0,0,0,0.112738318831088,0,0,0,0.205287176391456,0,0.165817287351404,0,0,0,0.231204614043236,0,0,0,0,0,0,0,0,0,0.298425893359434,0,0,0,0.315300196409225,0,0,0,0.335004210472107,0,0.384335425496101,0.35976231098175,0.283380713134172,0,0,0,0,0,0,0,0.320504433578915,0,0,0,0,0.334095701575279,0,0,0,0.163803860545158,0,0.266637842598799,0,0.282085276607956,0,0.308074356135675,0,0,0,0,0,0,0,0.262915146711255,0.455432295799255,0.29439904242754,0,0.320122301578522,0,0
0,0,0,0,0,0,0,0,0,0,0,0,0,0,0,0,0.117437843233347,0,0,0,0,0.133870359924104,0.213295085486025,0,0.216447542111079,0,0,0,0.189270617359358,0,0,0,0,0,0,0,0,0,0.304743217580459,0,0,0,0,0,0,0,0,0.376956691344579,0.289555682352491,0,0,0,0,0,0,0,0,0,0,0,0,0,0,0,0,0,0,0.241867930489652,0,0.264570294777946,0,0.198463500754253,0,0,0,0,0,0,0,0,0,0.304393577896275,0.20762513205409,0,0.276666082441807,0,0
0,0,0,0,0,0,0,0,0,0.250811056958305,0,0,0,0,0,0,0.190732123596328,0.17130314626477,0.211237753431002,0,0,0.187651740387082,0,0.159134691125817,0,0.151251728832722,0,0,0,0,0,0,0,0,0,0,0,0.233822365192806,0,0,0,0,0,0,0,0,0,0,0,0.261263538856764,0,0,0,0,0,0.218473231401106,0,0.321963308799651,0,0.300025728441054,0,0.282924845814705,0.325422098239263,0,0.163803860545158,0,0,0,0.262331682928773,0,0.307856948363899,0,0,0,0,0,0,0,0,0,0.225138409133244,0,0.139402744670709,0,0.268925975721616,0,0
0,0,0,0,0,0,0,0,0.2163410410285,0,0,0,0,0,0,0,0,0,0,0,0,0,0.166315617529969,0,0.188297210393921,0,0.177278238659104,0,0,0,0,0,0,0,0,0,0,0,0.305442886261329,0,0,0.273304790258408,0,0,0,0,0,0,0.320229800867623,0,0,0,0,0,0.245859606621357,0,0,0,0,0,0,0,0,0,0,0.241867930489652,0,0,0,0.255048198611648,0,0,0,0,0,0,0,0,0,0,0,0.303685024116767,0.24267056286335,0,0.359382611494966,0,0
0,0,0,0,0,0,0,0,0,0.15824219211936,0,0,0,0,0,0.171626332402229,0.202625344292476,0.16832669110867,0.248232214114605,0,0,0.113772954791784,0,0.133700859688577,0,0.144281322076436,0,0.187427931775649,0,0,0,0,0,0,0,0.26414155960083,0,0,0,0.310162335634232,0,0,0,0,0,0.317525625228882,0,0,0,0.301449428321025,0,0,0,0,0,0,0,0.346759663560452,0,0.320269360987827,0,0.289273057004501,0.339682725923402,0,0.266637842598799,0,0.262331682928773,0,0,0,0.366434213236044,0,0.31864125529925,0,0,0,0,0,0.340724527835846,0.382243990898132,0.281399041414261,0,0.16862944850182,0.191455036401749,0.313427986325444,0,0
0,0,0,0,0,0,0,0,0,0,0,0,0,0,0,0,0.139316544730282,0.181923383048603,0.316218197345734,0,0,0,0.229506738483906,0,0.256394848227501,0.143141657114029,0.153491664677858,0,0,0,0,0,0,0,0,0,0,0,0,0,0,0,0.23586805164814,0,0,0.263281047344208,0,0,0.34811854046003,0,0,0,0,0,0,0,0,0,0,0,0,0,0,0,0,0.264570294777946,0,0.255048198611648,0,0,0,0.301638131340345,0,0,0,0,0,0,0,0.333142310380936,0,0,0.139984038692934,0,0,0,0
0,0,0,0.304360826810201,0,0,0,0,0,0,0,0,0,0,0,0,0,0.126851553718249,0.310345947742462,0,0,0,0,0,0,0.198350667953491,0,0.157377801353125,0,0.154525361955166,0,0,0,0,0,0,0,0,0,0,0,0.338011879473925,0,0,0,0.35063236951828,0,0.297779470682144,0,0.288637484242172,0,0,0,0,0,0,0,0.37207309345982,0,0.291832272320578,0,0.309363546116011,0.347692335645358,0,0.282085276607956,0,0.307856948363899,0,0.366434213236044,0,0,0,0.312040386946647,0,0,0,0,0,0,0,0.271012325747986,0,0.130118843039562,0,0.356824043334699,0,0
0,0,0,0,0,0,0,0,0,0,0,0,0,0,0,0,0,0,0,0,0,0,0.145061641931534,0,0,0,0,0,0.199716502803823,0,0,0,0,0,0,0,0,0,0.232451170682907,0,0.289145921667417,0,0.327347042806008,0,0,0,0.335446268320084,0.324796229600906,0.327038932795086,0,0,0,0,0,0,0,0.36533476088358,0,0.325163513422012,0,0,0,0,0,0,0.198463500754253,0,0,0,0.301638131340345,0,0,0,0.392740431724419,0,0,0,0,0,0,0,0.362199225969482,0.29651203751564,0,0.363511739978715,0,0
