0,0,0.15458331933776,0,0,0,0,0,0.187398674358016,0,0,0,0,0,0,0,0.304771516649496,0.30336794212009,0.332719419431943,0,0,0,0,0,0,0,0,0,0,0,0,0,0,0,0,0,0.358990013599396,0,0.204589679837227,0,0.490172728896141,0,0.274207956261105,0,0,0,0,0,0.153543763168034,0,0,0,0,0,0.222422583084474,0,0.194014178669971,0,0.202705696225166,0,0.225086545944214,0,0.338909953832626,0.293569773435593,0,0,0,0.242019004188478,0,0,0,0,0,0.425610363483429,0,0,0,0,0.351304471492767,0.405999872200894,0.381950676441193,0.412412986159325,0.213878353854187,0.222248896956444,0.210454140599269,0,0.332301914691925
0,0,0,0.152982482970085,0,0.142925783991814,0,0,0,0.171462827530064,0,0,0,0,0,0,0.271732830339008,0.271189560492833,0.281447018097554,0,0,0,0,0.187276137726648,0,0,0,0,0,0,0,0,0,0,0,0.183590307831764,0,0.254337638616562,0,0.190518666058779,0,0.319136227624757,0,0.347321152687073,0,0.190175576135516,0,0.317189328372478,0,0.221487387138254,0,0,0,0,0,0.177784029711004,0,0.281603167454402,0,0,0,0,0.302073657512665,0,0,0,0,0,0,0,0,0,0,0.30496820807457,0,0,0,0,0,0.373922030131022,0,0,0.284810566170044,0,0.243632093671197,0.187409060341971,0
0.15458331933776,0,0,0,0.133342840881259,0,0,0,0.136031890074925,0,0,0,0,0,0,0,0.291513189673424,0,0.264792613685131,0,0.309490084648132,0,0,0,0,0,0,0,0,0,0,0,0,0,0,0,0,0,0,0.297708570957184,0.277926591535409,0.204487025737762,0.307601826081813,0,0,0,0.207351547237989,0.334209769964218,0.26512099802494,0,0.181645188379932,0,0,0,0.171324020955298,0,0.224243578177934,0,0.160032304220421,0,0,0,0.327002257108688,0.253944076597691,0,0,0,0,0,0,0,0,0,0.305527354280154,0,0,0,0,0.285793113708496,0.296588206291199,0.344859421253204,0.339427088697751,0.177278158598565,0,0.213705993396376,0,0.267521575093269
0,0.152982482970085,0,0,0,0.143262162095024,0,0,0,0,0,0,0,0,0,0,0.274151742458344,0,0.283721560781652,0,0,0,0,0,0,0,0,0,0,0,0,0,0,0.365668594837189,0,0.192201390862465,0,0,0,0.277343717060591,0,0.28138641406924,0.277287617325783,0,0,0.230782177713182,0,0.29169518895009,0,0.183353875084479,0,0.174211134990821,0,0,0,0.13569218872322,0,0.214132510069618,0,0.228736728429794,0,0,0.274009324610233,0.316062599420547,0,0,0,0,0,0,0,0,0.316083148742716,0,0,0,0,0,0.326092415434473,0,0.355177161368457,0,0.191773882084857,0,0.185057628089684,0.266745252741708,0
0,0,0.133342840881259,0,0,0,0,0,0.16209603290794,0,0,0,0.16324370354414,0,0.162400799594363,0,0,0,0.242165707051754,0,0.187977830372881,0,0,0,0,0,0,0,0,0,0,0,0,0,0,0,0.201341974012779,0,0,0,0.240113466978073,0,0.253107190132141,0,0,0,0.211485370993614,0,0.236589148640633,0,0.163347965894635,0,0.187046855688095,0,0.16577139745156,0,0.231244936585426,0,0.187336787581444,0,0.16066314367687,0,0,0.208897945453536,0,0,0,0,0,0,0,0,0,0,0,0,0,0,0,0.211657394255911,0,0,0.144054708173198,0.16652607669433,0.196193691057923,0,0.225932210683823
0,0.142925783991814,0,0.143262162095024,0,0,0,0,0,0.18222085169599,0,0,0,0.211235417969643,0,0,0,0,0,0.174807151884175,0,0,0,0,0,0,0,0,0,0,0,0,0,0,0,0.215226817627748,0,0,0,0.248555974652436,0,0.268539484767687,0,0,0,0.227282212577134,0,0.28342942148447,0,0.233847739519896,0,0.175570039499191,0,0.172603575246675,0,0.188475519418716,0,0.2240380077135,0,0.169122240864314,0,0,0.261518200996675,0,0,0,0,0,0,0,0,0,0.285765454173088,0,0,0,0,0,0.258694849110075,0.247031949460506,0.321706175804138,0,0.18306640355664,0,0.221783043252178,0,0
0,0,0,0,0,0,0,0,0,0,0,0,0,0,0,0,0,0,0,0,0.163185995221138,0,0,0,0,0,0,0,0,0,0,0,0,0,0,0,0,0,0,0,0,0,0,0,0,0,0,0,0,0,0.166623622179031,0,0.181445428608779,0,0,0,0,0,0,0,0,0,0,0,0,0,0,0,0,0,0,0,0,0,0,0,0,0,0,0,0,0,0.180382594466209,0,0,0,0
0,0,0,0,0,0,0,0,0,0,0,0,0,0,0,0,0,0,0,0,0,0,0,0,0,0,0,0,0,0,0,0,0,0,0,0,0,0,0,0,0,0,0,0,0,0,0,0,0,0,0,0,0,0,0,0,0,0,0,0.163716635107994,0,0,0,0,0,0,0,0,0,0,0,0,0,0,0,0,0,0,0,0,0,0,0.210670406881132,0,0,0,0
0.187398674358016,0,0.136031890074925,0,0.16209603290794,0,0,0,0,0,0,0,0.193653911352158,0,0.189022267804198,0,0.20765183081224,0.19499323547371,0.225718481418414,0,0,0,0,0,0.236848888918757,0,0.225220072245787,0,0,0,0,0,0,0,0,0,0,0,0.166536937408809,0.316246822476387,0,0,0.293171107769012,0,0,0,0,0,0.186843519280483,0,0.181781444309363,0,0,0,0.218584039056991,0,0.245017044246197,0,0,0,0.193129078498808,0,0.279314428567886,0,0,0,0,0.260709566148845,0,0.235364695502953,0,0,0,0,0,0,0,0,0.31737298766772,0.307846575975418,0,0.185985396745113,0.202883100817451,0.213359273970127,0.184908409861433,0,0
0,0.171462827530064,0,0,0,0.18222085169599,0,0,0,0,0,0,0,0,0,0.179743039111296,0.18248565269239,0.179161946384274,0.239554969593883,0,0,0,0,0.223113546768824,0,0,0,0,0,0,0,0,0,0,0,0.197159253060818,0,0.214062286069594,0,0.228132416804632,0,0.291572893207723,0.246196150779724,0,0,0.214204327513774,0.31205078959465,0.295729808864139,0,0.302696565786997,0,0,0,0,0,0.218548312251057,0,0,0,0,0,0.209336409729625,0,0,0,0,0.244914256657163,0,0,0,0,0,0,0,0,0,0,0,0.324616819620132,0.301852703094482,0.242678165694942,0,0.177106330974548,0,0.24342924861479,0.192006218082765,0
0,0,0,0,0,0,0,0,0,0,0,0,0.131589234929602,0,0,0,0,0,0,0,0.121833995608628,0,0,0,0,0,0,0,0.152663871645927,0,0.146714676171541,0,0,0,0,0,0.124935644528558,0,0.125313821373022,0,0,0,0,0,0,0,0,0,0,0,0,0,0,0,0,0,0.20653193037454,0,0,0,0,0,0,0.126542708494618,0,0,0,0,0,0,0,0,0,0.14192891617616,0,0,0,0,0,0.204801373183727,0,0.121753879283604,0.137477646532812,0.148397646844387,0.384653493762016,0,0
0,0,0,0,0,0,0,0,0,0,0,0,0,0.131703198358819,0,0,0,0,0,0.136622557797853,0,0,0,0,0,0,0,0.120023207032475,0,0,0,0,0,0,0,0.120961238423155,0,0.129176030371186,0,0.263550306602222,0,0,0,0,0,0.301463282243772,0,0,0,0.211195901036263,0,0,0,0,0,0,0,0.167989341276033,0,0.130991388963802,0,0,0.165367613099222,0,0,0,0,0,0,0,0,0,0.108675591647625,0,0,0,0,0,0.286248681445916,0,0.135495740581642,0,0.120869786449345,0,0.305373558710361,0,0
0,0,0,0,0.16324370354414,0,0,0,0.193653911352158,0,0.131589234929602,0,0,0,0.174461351831754,0,0.170593219144004,0,0,0,0,0,0,0,0,0,0.168751711646716,0,0.165154009667876,0,0,0,0,0,0,0,0,0,0,0,0,0,0,0,0,0,0,0,0,0,0.160778567194939,0,0,0,0,0,0.119720543779078,0,0.15092819920559,0,0,0,0,0,0,0,0,0,0,0,0,0,0,0,0,0,0,0,0,0,0,0,0.178043302982601,0.168512850999832,0,0,0
0,0,0,0,0,0.211235417969643,0,0,0,0,0,0.131703198358819,0,0,0,0.188032027653285,0,0,0,0,0,0,0,0,0,0,0,0,0,0.152114474773407,0,0,0,0,0,0,0,0,0,0,0,0,0,0,0,0,0,0,0,0,0,0.184289327530719,0,0.164284083992243,0,0,0,0,0,0.23978794181793,0,0.213994728746238,0,0,0,0,0,0,0,0,0,0,0,0,0,0,0,0,0,0,0,0,0.219267118544806,0,0,0,0
0,0,0,0,0.162400799594363,0,0,0,0.189022267804198,0,0,0,0.174461351831754,0,0,0,0.171711866982963,0.206112861633301,0.251919001340866,0,0,0,0,0,0.194055136293173,0,0.184231830844239,0,0.158810744682948,0,0,0,0,0,0,0,0,0,0,0,0,0,0,0,0,0,0,0,0,0,0.166751069327195,0,0,0,0.198740642571795,0,0,0,0.164308533072472,0,0.173112047942801,0,0.272714585065842,0,0,0,0,0.258639350533485,0,0.197070052518564,0,0,0,0,0,0,0,0,0,0,0,0,0.175496580159575,0.155751393176615,0,0,0
0,0,0,0,0,0,0,0,0,0.179743039111296,0,0,0,0.188032027653285,0,0,0.179492894560099,0.173467057943344,0.222035400569439,0,0,0,0,0,0,0,0,0,0,0,0,0,0,0,0,0,0,0,0,0,0,0,0,0,0,0,0,0,0,0,0,0,0,0,0,0.174298352996508,0,0,0,0.210617337822914,0,0.191729644443873,0,0,0,0,0,0,0,0,0,0,0,0,0,0,0,0,0,0,0,0,0.165327028117397,0,0,0,0
0.304771516649496,0.271732830339008,0.291513189673424,0.274151742458344,0,0,0,0,0.20765183081224,0.18248565269239,0,0,0.170593219144004,0,0.171711866982963,0.179492894560099,0,0.220257127350484,0.279811616865488,0,0.311644166707993,0,0.115388630674436,0,0.193562759239166,0,0.195594808504748,0,0.17292096093297,0,0,0,0,0,0,0,0,0,0,0.323323348435489,0.316583798897843,0.288954149330816,0.28384464838081,0.307523486349318,0.306646198034286,0.281902017337935,0.339905426288262,0,0.267815634608269,0.30597870690482,0,0,0,0,0.216938064992428,0,0.328327975020959,0.308870419859886,0,0,0.193272657973586,0,0.313685344961973,0.319927672316369,0,0,0,0,0,0.196083874523061,0,0,0.329728512536912,0.33563787324561,0,0,0,0,0.355297401494963,0.342141136388518,0.354520868945431,0.348397685361158,0.216118391455531,0.1998449473923,0.310899616551221,0.281566167871157,0.300724902153015
0.30336794212009,0.271189560492833,0,0,0,0,0,0,0.19499323547371,0.179161946384274,0,0,0,0,0.206112861633301,0.173467057943344,0.220257127350484,0,0.270525834528577,0,0.289185404777527,0.13780111606632,0,0,0.272654563188553,0.147261454050358,0.179818680509925,0,0,0,0,0,0,0,0,0,0,0,0.34785270690918,0.320098065517165,0.30215110629797,0.287854424878663,0.270132241872224,0.301662060949538,0.240828275680542,0.287028041481972,0.316882610321045,0.239337086677551,0.268154352903366,0.34191820025444,0,0,0,0,0.168779358267784,0,0.32718647023042,0,0,0,0.190363930804389,0.192311945060889,0.306423842620391,0.309614841530963,0,0,0,0,0,0.157727814146451,0,0,0.348396796372629,0.31680978089571,0,0,0,0,0.34244752717656,0.334627983315537,0.343297006977592,0.307926782872528,0.19907062678317,0.179217570089846,0.305941842784539,0.257348548620939,0.267818161596855
0.332719419431943,0.281447018097554,0.264792613685131,0.283721560781652,0.242165707051754,0,0,0,0.225718481418414,0.239554969593883,0,0,0,0,0.251919001340866,0.222035400569439,0.279811616865488,0.270525834528577,0,0,0.295002397894859,0,0,0,0.291322275996208,0.263653248548508,0.235570242459124,0,0,0,0,0,0,0,0,0,0.334424372230257,0,0.24246834218502,0.334566616189445,0.30255769741044,0.273033668424772,0.226511946425264,0.40375957955591,0.307893339544535,0.277868357988504,0.327389104263432,0.275142531841993,0.240740947651141,0.312911015935242,0,0,0,0,0.22920235991478,0,0.313182843228181,0.323252542053952,0,0,0,0,0.314873569403534,0.308973034855091,0,0,0,0,0,0.274850249290466,0,0,0.353013799371313,0.333375779660167,0,0,0,0,0.388622666450241,0.344148650663377,0.378641588613391,0.342569257880821,0.254355300100331,0.233737609452671,0.309890180622062,0.272754378458287,0.250704687955075
0,0,0,0,0,0.174807151884175,0,0,0,0,0,0.136622557797853,0,0,0,0,0,0,0,0,0,0,0,0,0,0,0,0,0,0,0,0,0,0,0,0.147472357461727,0,0.116833209189085,0,0,0,0,0,0,0,0.203880622982979,0,0,0,0.237889647483826,0,0,0,0,0,0,0,0.182223829792606,0,0,0,0,0.161517657134511,0,0,0,0,0,0,0,0,0,0,0,0,0,0,0,0.164990628782277,0,0.109392469127973,0,0.14689304959029,0,0.195661351350801,0,0
0,0,0.309490084648132,0,0.187977830372881,0,0.163185995221138,0,0,0,0.121833995608628,0,0,0,0,0,0.311644166707993,0.289185404777527,0.295002397894859,0,0,0,0,0,0,0,0,0,0,0,0,0,0,0,0,0,0.140799085249254,0,0.163465881933324,0,0.29203762114048,0.278058350086212,0.304979516302838,0,0.49791944026947,0,0.293050176664895,0,0.295047417283058,0,0.200815618038177,0,0,0,0,0,0.248580814407245,0,0,0,0,0,0,0.222151849285541,0,0,0,0,0,0,0,0,0,0.295585140978035,0,0,0,0,0.404155910015106,0.15715650221529,0,0.190581569231356,0.187490879946592,0.171388024633581,0.26621565125347,0,0.404314935207367
0,0,0,0,0,0,0,0,0,0,0,0,0,0,0,0,0,0.13780111606632,0,0,0,0,0.11032848774145,0.0936677439824531,0,0.146322216838598,0,0,0,0,0,0,0,0,0,0,0,0.200344153883105,0,0,0,0,0,0,0,0,0,0,0,0.250954211231262,0,0,0,0,0,0,0,0,0,0,0,0,0,0,0.145482004218388,0,0.227807269177654,0,0,0,0.240930991953817,0,0,0,0,0,0,0,0,0,0.258749196522371,0,0.141693313350511,0.154193344712257,0,0,0
0,0,0,0,0,0,0,0,0,0,0,0,0,0,0,0,0.115388630674436,0,0,0,0,0.11032848774145,0,0,0.129249925414721,0,0,0,0.124397410032077,0,0,0,0,0,0,0,0,0,0.147346719079085,0,0,0,0,0,0,0,0,0,0.271864473819733,0,0,0,0,0,0,0,0,0,0,0,0,0,0,0,0.124998094141483,0.198254330551729,0,0.0962827950716019,0,0,0,0.214592678693392,0,0,0,0,0,0,0,0,0,0.254750934507386,0.106950948617064,0,0.32704846188426,0,0
0,0.187276137726648,0,0,0,0,0,0,0,0.223113546768824,0,0,0,0,0,0,0,0,0,0,0,0.0936677439824531,0,0,0,0.178637120230445,0,0,0,0,0,0,0,0,0,0,0,0.22631569457439,0,0,0,0.277993023395538,0,0,0,0,0,0,0,0.263748979026621,0,0,0,0,0,0,0,0,0,0,0,0,0,0,0.22983091828451,0,0.212680461778806,0,0.237175796534458,0,0,0,0,0,0,0,0,0,0,0,0.258046467499195,0,0,0,0.197667657372055,0,0
0,0,0,0,0,0,0,0,0.236848888918757,0,0,0,0,0,0.194055136293173,0,0.193562759239166,0.272654563188553,0.291322275996208,0,0,0,0.129249925414721,0,0,0,0.196439566214879,0,0,0,0,0,0,0,0,0,0,0,0.173449536301729,0,0,0,0.149929322302341,0,0,0,0,0,0.169044330107922,0,0,0,0,0,0.314760566826611,0,0,0,0,0,0,0,0,0,0,0.107408217021397,0,0.235793963596225,0,0.19548475848777,0,0,0,0,0,0,0,0,0,0,0,0.223360118971151,0.216296161774179,0,0.188731093794621,0,0
0,0,0,0,0,0,0,0,0,0,0,0,0,0,0,0,0,0.147261454050358,0.263653248548508,0,0,0.146322216838598,0,0.178637120230445,0,0,0,0,0,0,0,0,0,0,0,0,0,0,0,0,0,0,0,0,0,0,0,0,0,0.305613100528717,0,0,0,0,0,0,0,0,0,0,0,0,0,0,0.226129637232849,0,0.192620407789946,0,0.265097227935888,0,0.323946505784988,0,0,0,0,0,0,0,0,0,0,0,0.178906604647636,0,0,0,0
0,0,0,0,0,0,0,0,0.225220072245787,0,0,0,0.168751711646716,0,0.184231830844239,0,0.195594808504748,0.179818680509925,0.235570242459124,0,0,0,0,0,0.196439566214879,0,0,0,0,0,0,0,0,0,0,0,0,0,0,0,0,0,0,0,0,0,0,0,0,0,0,0,0,0,0.215727900465329,0,0,0,0,0,0.227633982896805,0,0,0,0,0,0,0,0,0.153719382066476,0,0,0,0,0,0,0,0,0.310740232467651,0.367086201906204,0,0,0.207066959158007,0.151782484158226,0,0,0
0,0,0,0,0,0,0,0,0,0,0,0.120023207032475,0,0,0,0,0,0,0,0,0,0,0,0,0,0,0,0,0,0.128591872751713,0,0,0,0,0,0,0,0,0,0,0,0,0,0,0,0,0,0,0,0,0,0,0,0,0,0,0,0,0,0,0,0,0,0,0,0,0,0,0,0,0.0887111659560885,0,0,0,0,0,0,0,0,0,0,0,0.215727128088474,0.230185825326671,0,0,0
0,0,0,0,0,0,0,0,0,0,0.152663871645927,0,0.165154009667876,0,0.158810744682948,0,0.17292096093297,0,0,0,0,0,0.124397410032077,0,0,0,0,0,0,0,0.191473409533501,0,0,0,0,0,0,0,0.145953088253736,0,0,0,0,0,0,0,0,0,0,0,0,0,0,0,0,0,0,0,0.256682372311266,0,0,0,0,0,0,0,0,0.129856280982494,0,0,0,0.253256714083575,0,0.195155695080757,0,0,0,0,0,0,0,0,0.164776160436518,0.157524049282074,0,0,0
0,0,0,0,0,0,0,0,0,0,0,0,0,0.152114474773407,0,0,0,0,0,0,0,0,0,0,0,0,0,0.128591872751713,0,0,0,0,0,0,0,0,0,0.134644996745424,0,0,0,0,0,0,0,0,0,0,0,0,0,0,0,0,0,0,0,0,0,0,0,0,0,0,0,0,0,0,0,0,0,0,0.155389010906219,0,0,0,0,0,0,0,0,0,0,0,0,0,0
0,0,0,0,0,0,0,0,0,0,0.146714676171541,0,0,0,0,0,0,0,0,0,0,0,0,0,0,0,0,0,0.191473409533501,0,0,0,0,0,0,0,0,0,0.13300974915425,0,0,0,0,0,0,0,0,0,0,0,0,0,0,0,0,0,0,0,0,0,0,0,0,0,0,0,0,0,0,0,0,0,0,0.174302239940591,0,0,0,0,0,0,0,0,0.145227541880948,0,0,0,0
0,0,0,0,0,0,0,0,0,0,0,0,0,0,0,0,0,0,0,0,0,0,0,0,0,0,0,0,0,0,0,0,0.153750518163623,0.308912466087985,0.150374367833138,0.190384214832669,0.137197703123093,0,0,0,0,0,0,0,0,0,0,0.403426412620472,0,0,0,0,0,0,0,0,0,0,0,0,0,0,0,0,0,0,0,0,0,0,0,0,0,0,0.282783373302217,0.20843590647889,0.33246180610122,0.13595387339592,0.273592674059839,0,0,0,0.151661206963401,0,0.408122420310974,0,0
0,0,0,0,0,0,0,0,0,0,0,0,0,0,0,0,0,0,0,0,0,0,0,0,0,0,0,0,0,0,0,0.153750518163623,0,0.145121884716165,0.290653305974874,0.16013046945924,0.176656445721164,0,0,0,0,0,0,0,0,0,0,0.413433942544535,0,0,0,0,0,0,0,0,0,0,0,0,0,0,0,0,0,0,0,0,0,0,0,0,0,0,0.185566573565555,0.286533650253251,0.416113674640656,0.22115370386009,0.26654259541205,0.237959154108737,0,0,0.17240174591723,0,0,0,0
0,0,0,0.365668594837189,0,0,0,0,0,0,0,0,0,0,0,0,0,0,0,0,0,0,0,0,0,0,0,0,0,0,0,0.308912466087985,0.145121884716165,0,0.223222507736465,0.141116139277707,0,0.210876876245374,0.146385565400124,0,0,0,0.469895929098129,0,0,0,0,0.514082685923165,0.451918397699633,0.427254940072695,0,0,0,0,0,0,0,0,0,0,0,0,0,0,0,0,0,0,0,0,0,0,0,0,0.321641559161029,0.157257810533047,0.216214623437995,0.210468664116794,0.177365433956896,0.438075542449951,0.215464292810513,0.435031145811081,0.224522461566855,0.255009052054635,0.417181408405304,0,0
0,0,0,0,0,0,0,0,0,0,0,0,0,0,0,0,0,0,0,0,0,0,0,0,0,0,0,0,0,0,0,0.150374367833138,0.290653305974874,0.223222507736465,0,0,0.139226642843332,0,0.141133993864059,0,0,0,0,0,0,0,0,0.361622625483564,0.366626834869385,0,0,0,0,0,0,0,0,0,0,0,0,0,0,0,0,0,0,0,0,0,0,0,0,0,0,0.21386766863557,0.221653037149497,0.193044719789232,0,0.128775946152725,0,0.252363217728479,0.134594793434326,0.1184296682477,0,0,0
0,0.183590307831764,0,0.192201390862465,0,0.215226817627748,0,0,0,0.197159253060818,0,0.120961238423155,0,0,0,0,0,0,0,0.147472357461727,0,0,0,0,0,0,0,0,0,0,0,0.190384214832669,0.16013046945924,0.141116139277707,0,0,0.184708772250947,0.130257066027284,0,0,0,0.335797846317291,0,0,0,0.200070169264987,0,0.226013189243479,0.224095851182938,0.218345022173943,0,0.231136336922646,0,0,0,0,0,0.255375973880291,0,0,0,0,0.163356649192003,0,0,0,0,0,0,0,0,0,0.322965860366821,0,0.256852346207993,0.124947464621779,0.147749316612525,0,0.191660073070919,0.155363148388763,0.129180530898082,0,0.171681936066713,0,0.21901873462108,0,0
0.358990013599396,0,0,0,0.201341974012779,0,0,0,0,0,0.124935644528558,0,0,0,0,0,0,0,0.334424372230257,0,0.140799085249254,0,0,0,0,0,0,0,0,0,0,0.137197703123093,0.176656445721164,0,0.139226642843332,0.184708772250947,0,0,0.121573366419467,0,0.296518710255623,0,0.317165732383728,0,0.415540665388107,0,0.200288408053549,0.31694007633548,0.235778086647695,0.239976811740133,0.217743905342144,0,0,0,0,0,0.22325199842453,0,0,0,0,0,0,0.180703681014793,0,0,0,0,0,0,0,0,0,0,0.16076406588157,0.312308635773524,0,0.143430325981914,0.206734203620453,0.196684661545407,0.301289021968842,0.161973930467221,0.171526993835165,0.143808357417583,0.222913467729429,0,0
0,0.254337638616562,0,0,0,0,0,0,0,0.214062286069594,0,0.129176030371186,0,0,0,0,0,0,0,0.116833209189085,0,0.200344153883105,0,0.22631569457439,0,0,0,0,0,0.134644996745424,0,0,0,0.210876876245374,0,0.130257066027284,0,0,0,0,0,0.367082421978315,0,0,0,0,0,0.557841879520084,0,0.252843718285914,0,0,0,0,0,0.233399639195866,0,0.120154732077785,0,0,0,0,0.120886505315346,0,0.176148071486986,0,0.233579455631493,0,0,0,0.20232711943111,0,0.132296645617389,0,0,0,0.22493684862131,0,0.215480182917332,0,0.234977068776972,0,0.218798598337848,0.260491303602854,0.278421708003238,0.298049628734589,0
0.204589679837227,0,0,0,0,0,0,0,0.166536937408809,0,0.125313821373022,0,0,0,0,0,0,0.34785270690918,0.24246834218502,0,0.163465881933324,0,0.147346719079085,0,0.173449536301729,0,0,0,0.145953088253736,0,0.13300974915425,0,0,0.146385565400124,0.141133993864059,0,0.121573366419467,0,0,0,0,0,0.157231382439645,0,0,0,0.283416885137558,0.287754088640213,0.410466494022021,0,0,0,0,0,0.276524334361679,0,0.173878338526596,0,0,0,0,0,0,0.239187169481408,0,0.245404155399555,0,0.263473523508283,0,0.327200055122375,0,0.271028221895297,0,0.111847925931215,0,0,0,0,0,0.223903731266155,0,0.267872212741147,0.189590197522193,0.195162299534549,0.247714781119854,0,0.413012474775314
0,0.190518666058779,0.297708570957184,0.277343717060591,0,0.248555974652436,0,0,0.316246822476387,0.228132416804632,0,0.263550306602222,0,0,0,0,0.323323348435489,0.320098065517165,0.334566616189445,0,0,0,0,0,0,0,0,0,0,0,0,0,0,0,0,0,0,0,0,0,0.311713241040707,0.306363189926479,0.278814794407004,0.383788538437623,0.278061136603355,0.228992452745031,0.35075136423111,0.294041067361832,0,0.233507822639067,0,0.256155310198665,0,0,0,0,0.307772934436798,0.262743409915069,0,0.241474092006683,0,0,0.259289504299575,0.335208472506753,0,0,0,0,0,0,0.286060988903046,0,0.281546804548046,0.29620968302091,0,0,0.307335525751114,0,0.275791618230753,0.351280452834593,0.295947590381561,0.320426135109021,0.317141459936601,0,0.260809275101532,0.315969718354089,0.26347179710865
0.490172728896141,0,0.277926591535409,0,0.240113466978073,0,0,0,0,0,0,0,0,0,0,0,0.316583798897843,0.30215110629797,0.30255769741044,0,0.29203762114048,0,0,0,0,0,0,0,0,0,0,0,0,0,0,0,0.296518710255623,0,0,0.311713241040707,0,0.283869771020753,0.281200561036841,0.287242203950882,0.410448585533433,0,0.256135565313426,0.286530343549592,0.25697494944137,0,0,0,0,0,0,0,0.287012126884962,0,0,0,0,0,0.294145154953003,0.249505238646216,0,0,0,0,0,0,0,0,0.359262138605118,0.271867897125739,0,0,0,0.368398696184158,0.335651093002023,0.25706701024458,0.316167838194154,0.246328609612767,0.295257063397953,0,0.28562583099446,0,0.292810270959331
0,0.319136227624757,0.204487025737762,0.28138641406924,0,0.268539484767687,0,0,0,0.291572893207723,0,0,0,0,0,0,0.288954149330816,0.287854424878663,0.273033668424772,0,0.278058350086212,0,0,0.277993023395538,0,0,0,0,0,0,0,0,0,0,0,0.335797846317291,0,0.367082421978315,0,0.306363189926479,0.283869771020753,0,0.242883490792809,0.358822263191255,0,0.302275749464189,0.263217307627201,0.27769626507023,0.288624726235867,0.296829447136304,0.254646062850952,0.258412566449907,0,0,0,0.298071056604385,0.28119608387351,0.337636042531975,0,0,0,0,0.327126636465773,0.271679894490675,0,0,0,0,0,0,0.349485000967979,0,0.340675652975117,0,0,0,0,0,0.299045652320247,0.306663307850644,0.314615254167748,0.298683520406485,0.244492211360312,0,0.308921422711886,0.295826632087514,0.25169979284207
0.274207956261105,0,0.307601826081813,0.277287617325783,0.253107190132141,0,0,0,0.293171107769012,0.246196150779724,0,0,0,0,0,0,0.28384464838081,0.270132241872224,0.226511946425264,0,0.304979516302838,0,0,0,0.149929322302341,0,0,0,0,0,0,0,0,0.469895929098129,0,0,0.317165732383728,0,0.157231382439645,0.278814794407004,0.281200561036841,0.242883490792809,0,0.255012920747201,0.23927873596549,0.262877316851365,0.279282382247988,0.52486932866457,0.284531897577372,0.287713101931981,0.260031366720796,0,0,0,0.297905080020428,0,0.341400409204002,0.290376782417297,0.322942932446798,0,0,0,0.280566851458242,0.318546445165007,0,0,0,0,0,0,0,0,0.285123646259308,0.333251310544626,0,0,0.440069695313772,0,0.304921419408761,0.288475292065943,0.310765308336677,0.309723739268835,0.302737675028633,0.266017466783524,0.291533998812446,0.205592383941015,0.224142307017099
0,0.347321152687073,0,0,0,0,0,0,0,0,0,0,0,0,0,0,0.307523486349318,0.301662060949538,0.40375957955591,0,0,0,0,0,0,0,0,0,0,0,0,0,0,0,0,0,0,0,0,0.383788538437623,0.287242203950882,0.358822263191255,0.255012920747201,0,0,0.369863008910959,0.280131693929434,0.291209325194359,0,0.343695603311062,0,0,0,0,0,0,0,0.370610639452934,0,0,0,0,0.304389759070343,0.324416091044744,0,0,0,0,0,0,0.348684892058372,0,0.416243648013951,0,0,0,0,0,0.46830248212668,0.353014960885048,0.492723373247653,0.279239479452372,0.337072548034944,0.434817641973495,0.410884427045708,0.321548313930117,0
0,0,0,0,0,0,0,0,0,0,0,0,0,0,0,0,0.306646198034286,0.240828275680542,0.307893339544535,0,0.49791944026947,0,0,0,0,0,0,0,0,0,0,0,0,0,0,0,0.415540665388107,0,0,0.278061136603355,0.410448585533433,0,0.23927873596549,0,0,0,0.353270635008812,0,0.27695906162262,0,0,0,0,0,0,0,0.473426914215088,0,0,0,0,0,0,0.323936228282177,0,0,0,0,0,0,0,0,0,0.475388969182968,0,0,0,0,0.299673443039258,0.464930397597538,0,0.537503381002517,0.287585901289151,0,0.419893015971344,0,0
0,0.190175576135516,0,0.230782177713182,0,0.227282212577134,0,0,0,0.214204327513774,0,0.301463282243772,0,0,0,0,0.281902017337935,0.287028041481972,0.277868357988504,0.203880622982979,0,0,0,0,0,0,0,0,0,0,0,0,0,0,0,0.200070169264987,0,0,0,0.228992452745031,0,0.302275749464189,0.262877316851365,0.369863008910959,0,0,0,0.286000642283209,0,0.254763260865823,0,0.218994033419424,0,0,0,0.225624158978462,0.296481996774673,0.294781756515686,0,0.213403274615606,0,0,0.225751840976817,0.28949507077535,0,0,0,0,0,0,0.325726702809334,0,0.306562221175089,0,0,0,0,0,0.229028834202499,0.313621787797837,0.330508029315074,0.316956840455532,0.321769275135464,0,0.270719593216083,0.36270779051951,0
0,0,0.207351547237989,0,0.211485370993614,0,0,0,0,0.31205078959465,0,0,0,0,0,0,0.339905426288262,0.316882610321045,0.327389104263432,0,0.293050176664895,0,0,0,0,0,0,0,0,0,0,0,0,0,0,0,0.200288408053549,0,0.283416885137558,0.35075136423111,0.256135565313426,0.263217307627201,0.279282382247988,0.280131693929434,0.353270635008812,0,0,0.277049118280411,0.245777923487811,0.252724692225456,0.240343064069748,0,0,0,0,0,0.311287696375924,0.259739130735397,0,0,0,0,0.327810096740723,0.24718955052128,0,0,0,0,0,0,0,0,0,0.328483790836551,0,0,0,0,0.32762891848882,0.276956760226586,0.328118734061718,0.356065654086989,0.296106171019063,0,0.268013797666994,0,0.343033967539668
0,0.317189328372478,0.334209769964218,0.29169518895009,0,0.28342942148447,0,0,0,0.295729808864139,0,0,0,0,0,0,0,0.239337086677551,0.275142531841993,0,0,0,0,0,0,0,0,0,0,0,0,0.403426412620472,0.413433942544535,0.514082685923165,0.361622625483564,0.226013189243479,0.31694007633548,0.557841879520084,0.287754088640213,0.294041067361832,0.286530343549592,0.27769626507023,0.52486932866457,0.291209325194359,0,0.286000642283209,0.277049118280411,0,0.46726414203894,0.368701521971852,0,0.27538068095843,0,0,0,0,0.337106555700302,0.275148430839181,0,0,0,0,0.26853887240092,0,0,0,0,0.348812997341156,0,0,0,0,0.282246310602535,0,0.473011598460352,0.407394675804036,0.415245208328126,0.308779916389287,0.361011243463734,0.41710898552051,0.32549843020164,0.360131206420752,0.406727822820004,0.233196228742599,0.440953377000631,0.3255994617939,0.313335239887238
0.153543763168034,0,0.26512099802494,0,0.236589148640633,0,0,0,0.186843519280483,0,0,0,0,0,0,0,0.267815634608269,0.268154352903366,0.240740947651141,0,0.295047417283058,0,0.271864473819733,0,0.169044330107922,0,0,0,0,0,0,0,0,0.451918397699633,0.366626834869385,0.224095851182938,0.235778086647695,0,0.410466494022021,0,0.25697494944137,0.288624726235867,0.284531897577372,0,0.27695906162262,0,0.245777923487811,0.46726414203894,0,0.390390054509044,0.238320834934711,0,0,0,0.237795936959711,0,0.260120494881781,0,0.151703804731369,0,0,0,0,0.30150516422614,0,0,0,0.254145058621224,0,0.286033883042957,0,0.254345885515213,0,0.269040020182729,0,0.30925363888506,0.425270653791256,0.343927849346483,0.297206252813339,0.329478338327128,0.398250674208005,0.32280699918422,0.397457322135905,0,0.311442405768752,0,0.251619767397642
0,0.221487387138254,0,0.183353875084479,0,0.233847739519896,0,0,0,0.302696565786997,0,0.211195901036263,0,0,0,0,0.30597870690482,0.34191820025444,0.312911015935242,0.237889647483826,0,0.250954211231262,0,0.263748979026621,0,0.305613100528717,0,0,0,0,0,0,0,0.427254940072695,0,0.218345022173943,0.239976811740133,0.252843718285914,0,0.233507822639067,0,0.296829447136304,0.287713101931981,0.343695603311062,0,0.254763260865823,0.252724692225456,0.368701521971852,0.390390054509044,0,0,0.247992849349976,0,0,0,0.181106416715516,0.289698541164398,0.270846279793315,0,0,0,0.191097278147936,0.281912409390012,0,0.256381261058488,0,0.28320100669403,0,0.311750643281266,0,0.300111393097277,0,0.286467100880789,0,0,0,0.416404055356979,0.439378887414932,0.302955851168526,0.263562262058258,0.2532356673657,0.352473765611649,0.338959364147268,0,0.255230678726471,0.337985145418268,0
0,0,0.181645188379932,0,0.163347965894635,0,0.166623622179031,0,0.181781444309363,0,0,0,0.160778567194939,0,0.166751069327195,0,0,0,0,0,0.200815618038177,0,0,0,0,0,0,0,0,0,0,0,0,0,0,0,0.217743905342144,0,0,0,0,0.254646062850952,0.260031366720796,0,0,0,0.240343064069748,0,0.238320834934711,0,0,0,0,0,0.193058433397761,0,0.229983190695445,0,0.170881133526564,0,0.156741541624069,0,0,0.259986091743816,0,0,0,0,0,0,0,0,0,0,0,0,0,0,0,0.23065597563982,0,0,0.168660992480093,0,0.228360013359815,0,0
0,0,0,0.174211134990821,0,0.175570039499191,0,0,0,0,0,0,0,0.184289327530719,0,0,0,0,0,0,0,0,0,0,0,0,0,0,0,0,0,0,0,0,0,0.231136336922646,0,0,0,0.256155310198665,0,0.258412566449907,0,0,0,0.218994033419424,0,0.27538068095843,0,0.247992849349976,0,0,0,0.180057719349861,0,0,0,0.224252711981535,0,0.175318121910095,0,0,0.30871604681015,0,0,0,0,0,0,0,0,0,0.258112370967865,0,0,0,0,0,0.299990331754088,0,0.300310701131821,0,0.237668741690485,0,0.231598465599148,0,0
0,0,0,0,0.187046855688095,0,0.181445428608779,0,0,0,0,0,0,0,0,0,0,0,0,0,0,0,0,0,0,0,0,0,0,0,0,0,0,0,0,0,0,0,0,0,0,0,0,0,0,0,0,0,0,0,0,0,0,0,0,0,0.234479633825166,0,0,0,0,0,0,0,0,0,0,0,0,0,0,0,0,0,0,0,0,0,0,0,0,0,0.17349673807621,0,0,0,0
0,0,0,0,0,0.172603575246675,0,0,0,0,0,0,0,0.164284083992243,0,0,0,0,0,0,0,0,0,0,0,0,0,0,0,0,0,0,0,0,0,0,0,0,0,0,0,0,0,0,0,0,0,0,0,0,0,0.180057719349861,0,0,0,0,0,0,0,0.165654018521309,0,0,0,0,0,0,0,0,0,0,0,0,0,0,0,0,0,0,0,0,0,0,0.153202310204506,0,0,0,0
0.222422583084474,0,0.171324020955298,0,0.16577139745156,0,0,0,0.218584039056991,0,0,0,0,0,0.198740642571795,0,0.216938064992428,0.168779358267784,0.22920235991478,0,0,0,0,0,0.314760566826611,0,0.215727900465329,0,0,0,0,0,0,0,0,0,0,0,0.276524334361679,0,0,0,0.297905080020428,0,0,0,0,0,0.237795936959711,0,0.193058433397761,0,0,0,0,0,0.244715109467506,0,0,0,0.201799897132096,0,0,0,0,0,0,0.294299468166133,0,0.238802244265874,0,0,0,0,0,0,0,0,0,0,0,0.257161970587744,0.17425202652812,0,0.258196298064304,0,0
0,0.177784029711004,0,0.13569218872322,0,0.188475519418716,0,0,0,0.218548312251057,0,0,0,0,0,0.174298352996508,0,0,0,0,0,0,0,0,0,0,0,0,0,0,0,0,0,0,0,0,0,0.233399639195866,0,0,0,0.298071056604385,0,0,0,0.225624158978462,0,0,0,0.181106416715516,0,0,0,0,0,0,0,0,0,0,0,0.202773566047351,0,0,0,0,0.258170673932217,0,0,0,0,0,0,0,0,0,0,0,0,0,0.256198737770319,0,0,0,0.178348665541791,0,0
0.194014178669971,0,0.224243578177934,0,0.231244936585426,0,0,0,0.245017044246197,0,0.20653193037454,0,0.119720543779078,0,0,0,0.328327975020959,0.32718647023042,0.313182843228181,0,0.248580814407245,0,0,0,0,0,0,0,0,0,0,0,0,0,0,0,0.22325199842453,0,0.173878338526596,0.307772934436798,0.287012126884962,0.28119608387351,0.341400409204002,0,0.473426914215088,0.296481996774673,0.311287696375924,0.337106555700302,0.260120494881781,0.289698541164398,0.229983190695445,0,0.234479633825166,0,0.244715109467506,0,0,0,0.217703942574707,0,0,0,0.305118501186371,0.311322445166356,0,0,0,0,0,0,0,0.343801306684812,0,0.327894101339333,0,0,0,0.308238208293915,0.318196272148806,0.309926892392827,0.295580096542835,0.347549899628288,0.273500062429752,0.402596592903137,0.311086688908827,0,0.37551322755729
0,0.281603167454402,0,0.214132510069618,0,0.2240380077135,0,0,0,0,0,0.167989341276033,0,0,0,0,0.308870419859886,0,0.323252542053952,0.182223829792606,0,0,0,0,0,0,0,0,0,0,0,0,0,0,0,0.255375973880291,0,0.120154732077785,0,0.262743409915069,0,0.337636042531975,0.290376782417297,0.370610639452934,0,0.294781756515686,0.259739130735397,0.275148430839181,0,0.270846279793315,0,0.224252711981535,0,0,0,0,0,0,0,0,0,0,0.287534517448978,0.328514844179153,0,0,0,0,0,0,0.272991493876491,0,0.248421821674348,0,0,0,0,0,0.280160365604806,0.346650183200836,0.138936811646858,0,0.287075783933202,0,0.290997594355354,0.348013586722887,0.273881047964096
0.202705696225166,0,0.160032304220421,0,0.187336787581444,0,0,0,0,0,0,0,0.15092819920559,0,0.164308533072472,0,0,0,0,0,0,0,0,0,0,0,0,0,0.256682372311266,0,0,0,0,0,0,0,0,0,0,0,0,0,0.322942932446798,0,0,0,0,0,0.151703804731369,0,0.170881133526564,0,0,0,0,0,0.217703942574707,0,0,0,0,0,0,0,0,0,0,0,0,0,0,0.272689497086819,0,0,0,0,0,0,0,0,0,0,0,0,0.231322063384829,0,0
0,0,0,0.228736728429794,0,0.169122240864314,0,0.163716635107994,0,0,0,0.130991388963802,0,0.23978794181793,0,0.210617337822914,0,0,0,0,0,0,0,0,0,0,0,0,0,0,0,0,0,0,0,0,0,0,0,0.241474092006683,0,0,0,0,0,0.213403274615606,0,0,0,0,0,0.175318121910095,0,0.165654018521309,0,0,0,0,0,0,0,0.193246750424137,0,0,0,0,0,0,0,0,0,0,0,0,0,0,0,0,0,0,0,0,0.170971994973579,0,0.242485818894286,0,0
0.225086545944214,0,0,0,0.16066314367687,0,0,0,0.193129078498808,0,0,0,0,0,0.173112047942801,0,0.193272657973586,0.190363930804389,0,0,0,0,0,0,0,0,0.227633982896805,0,0,0,0,0,0,0,0,0,0,0,0,0,0,0,0,0,0,0,0,0,0,0,0.156741541624069,0,0,0,0.201799897132096,0,0,0,0,0,0,0,0,0,0,0,0,0.245825863310269,0,0.214182704687119,0,0,0,0,0,0,0,0,0,0,0,0,0.206430657551839,0.174957096576691,0.306770170728366,0,0
0,0,0,0,0,0,0,0,0,0.209336409729625,0,0,0,0.213994728746238,0,0.191729644443873,0,0.192311945060889,0,0,0,0,0,0,0,0,0,0,0,0,0,0,0,0,0,0,0,0,0,0,0,0,0,0,0,0,0,0,0,0.191097278147936,0,0,0,0,0,0.202773566047351,0,0,0,0.193246750424137,0,0,0,0,0,0,0.197058479086711,0,0.194068355993791,0,0,0,0,0,0,0,0,0,0,0,0,0,0.174414900588054,0,0.184629432857037,0,0
0.338909953832626,0.302073657512665,0.327002257108688,0.274009324610233,0,0.261518200996675,0,0,0.279314428567886,0,0,0.165367613099222,0,0,0.272714585065842,0,0.313685344961973,0.306423842620391,0.314873569403534,0.161517657134511,0,0,0,0,0,0,0,0,0,0,0,0,0,0,0,0.163356649192003,0,0.120886505315346,0,0.259289504299575,0.294145154953003,0.327126636465773,0.280566851458242,0.304389759070343,0,0.225751840976817,0.327810096740723,0.26853887240092,0,0.281912409390012,0,0.30871604681015,0,0,0,0,0.305118501186371,0.287534517448978,0,0,0,0,0,0.315714703156398,0,0,0,0,0,0,0.342563450336456,0,0.276092387119074,0.317770406603813,0,0,0,0,0.246857711830769,0.340278458699845,0.295595027702597,0.335358779877424,0.279709183492444,0,0.329284908302606,0.341548671325048,0.275169061496854
0.293569773435593,0,0.253944076597691,0.316062599420547,0.208897945453536,0,0,0,0,0,0.126542708494618,0,0,0,0,0,0.319927672316369,0.309614841530963,0.308973034855091,0,0.222151849285541,0,0,0,0,0,0,0,0,0,0,0,0,0,0,0,0.180703681014793,0,0.239187169481408,0.335208472506753,0.249505238646216,0.271679894490675,0.318546445165007,0.324416091044744,0.323936228282177,0.28949507077535,0.24718955052128,0,0.30150516422614,0,0.259986091743816,0,0,0,0,0,0.311322445166356,0.328514844179153,0,0,0,0,0.315714703156398,0,0,0,0,0,0,0,0,0,0.334643885493279,0.338911984078294,0,0,0,0,0.348785641292731,0.283106641023309,0.334258832361387,0.335501260707381,0.31196884572506,0,0.308742845999073,0.279811233282089,0.311473581158085
0,0,0,0,0,0,0,0,0,0,0,0,0,0,0,0,0,0,0,0,0,0.145482004218388,0.124998094141483,0.22983091828451,0,0.226129637232849,0,0,0,0,0,0,0,0,0,0,0,0.176148071486986,0,0,0,0,0,0,0,0,0,0,0,0.256381261058488,0,0,0,0,0,0,0,0,0,0,0,0,0,0,0,0,0.264737999192174,0,0.30756591518183,0,0.259747465225783,0,0,0,0,0,0,0,0,0,0.251458989225165,0,0.121722713940673,0,0.239965051412582,0,0
0,0,0,0,0,0,0,0,0,0,0,0,0,0,0,0,0,0,0,0,0,0,0.198254330551729,0,0.107408217021397,0,0,0,0,0,0,0,0,0,0,0,0,0,0.245404155399555,0,0,0,0,0,0,0,0,0,0,0,0,0,0,0,0,0,0,0,0,0,0,0,0,0,0,0,0,0.198404721383538,0,0.260645549782252,0,0.268732053392074,0,0,0,0,0,0,0,0,0,0.263745961280969,0.1174090107282,0,0.34517166018486,0,0
0,0,0,0,0,0,0,0,0,0.244914256657163,0,0,0,0,0,0,0,0,0,0,0,0.227807269177654,0,0.212680461778806,0,0.192620407789946,0,0,0,0,0,0,0,0,0,0,0,0.233579455631493,0,0,0,0,0,0,0,0,0,0,0,0.28320100669403,0,0,0,0,0,0.258170673932217,0,0,0,0,0,0.197058479086711,0,0,0.264737999192174,0,0,0,0.277031966590573,0,0.346828756853938,0,0,0,0,0,0,0,0,0,0.292930673886212,0,0,0,0.153371058345157,0,0
0.242019004188478,0,0,0,0,0,0,0,0.260709566148845,0,0,0,0,0,0.258639350533485,0,0,0,0,0,0,0,0.0962827950716019,0,0.235793963596225,0,0,0,0.129856280982494,0,0,0,0,0,0,0,0,0,0.263473523508283,0,0,0,0,0,0,0,0,0.348812997341156,0.254145058621224,0,0,0,0,0,0.294299468166133,0,0,0,0,0,0.245825863310269,0,0,0,0,0.198404721383538,0,0,0,0.269296188933262,0,0.269315260829348,0,0,0,0,0,0,0,0,0,0.275535858200707,0,0,0.262327418783783,0,0
0,0,0,0,0,0,0,0,0,0,0,0,0,0,0,0,0,0,0,0,0,0,0,0.237175796534458,0,0.265097227935888,0,0,0,0,0,0,0,0,0,0,0,0,0,0,0,0,0,0,0,0,0,0,0,0.311750643281266,0,0,0,0,0,0,0,0,0,0,0,0.194068355993791,0,0,0.30756591518183,0,0.277031966590573,0,0,0,0.336648908745714,0,0,0,0,0,0,0,0,0,0,0,0,0,0.193262914816538,0,0
0,0,0,0,0,0,0,0,0.235364695502953,0,0,0,0,0,0.197070052518564,0,0.196083874523061,0.157727814146451,0.274850249290466,0,0,0,0,0,0.19548475848777,0,0.153719382066476,0,0,0,0,0,0,0,0,0,0,0,0.327200055122375,0,0,0,0,0,0,0,0,0,0.286033883042957,0,0,0,0,0,0.238802244265874,0,0,0,0,0,0.214182704687119,0,0,0,0,0.260645549782252,0,0.269296188933262,0,0,0,0.276367492705798,0,0,0,0,0,0,0,0,0,0.284893408417702,0.207334532549507,0.228035777807236,0.353617548942566,0,0
0,0,0,0,0,0,0,0,0,0,0,0,0,0,0,0,0,0,0,0,0,0.240930991953817,0,0,0,0.323946505784988,0,0.0887111659560885,0,0,0,0,0,0,0,0,0,0.20232711943111,0,0.286060988903046,0,0.349485000967979,0,0.348684892058372,0,0.325726702809334,0,0,0,0.300111393097277,0,0,0,0,0,0,0,0.272991493876491,0,0,0,0,0.342563450336456,0,0.259747465225783,0,0.346828756853938,0,0.336648908745714,0,0,0,0.36419074760901,0,0,0,0,0,0,0,0.204596509684378,0,0.322527259588242,0,0.336908825943547,0,0
0,0,0,0,0,0,0,0,0,0,0,0,0,0,0,0,0,0,0,0,0,0,0.214592678693392,0,0,0,0,0,0.253256714083575,0,0,0,0,0,0,0,0,0,0.271028221895297,0,0,0,0,0,0,0,0,0,0.254345885515213,0,0,0,0,0,0,0,0.343801306684812,0,0.272689497086819,0,0,0,0,0,0,0.268732053392074,0,0.269315260829348,0,0.276367492705798,0,0,0,0.220358478604702,0,0,0,0,0,0,0,0.247823046388165,0,0,0.256311632416866,0,0
0,0,0,0.316083148742716,0,0.285765454173088,0,0,0,0,0,0.108675591647625,0,0,0,0,0.329728512536912,0.348396796372629,0.353013799371313,0,0,0,0,0,0,0,0,0,0,0.155389010906219,0,0,0,0,0,0.322965860366821,0,0.132296645617389,0,0.281546804548046,0.359262138605118,0.340675652975117,0.285123646259308,0.416243648013951,0,0.306562221175089,0,0.282246310602535,0,0.286467100880789,0,0.258112370967865,0,0,0,0,0,0.248421821674348,0,0,0,0,0.276092387119074,0.334643885493279,0,0,0,0,0,0,0.36419074760901,0,0,0,0,0,0,0,0.28926940759023,0.33755753993988,0.306018275874002,0.358953054994345,0.333973557115174,0.389009714126587,0.325779816978651,0.380557183623314,0.314287602901459
0.425610363483429,0.30496820807457,0.305527354280154,0,0,0,0,0,0,0,0.14192891617616,0,0,0,0,0,0.33563787324561,0.31680978089571,0.333375779660167,0,0.295585140978035,0,0,0,0,0,0,0,0.195155695080757,0,0.174302239940591,0,0,0,0,0,0,0,0.111847925931215,0.29620968302091,0.271867897125739,0,0.333251310544626,0,0.475388969182968,0,0.328483790836551,0,0.269040020182729,0,0,0,0,0,0,0,0.327894101339333,0,0,0,0,0,0.317770406603813,0.338911984078294,0,0,0,0,0,0,0,0.220358478604702,0,0,0,0,0,0,0.32008022069931,0.321656820073002,0.353492966720036,0.253839143857605,0.3472994909142,0,0.300733905863226,0.30538347363472,0.370177144754906
0,0,0,0,0,0,0,0,0,0,0,0,0,0,0,0,0,0,0,0,0,0,0,0,0,0,0,0,0,0,0,0.282783373302217,0.185566573565555,0.321641559161029,0,0.256852346207993,0.16076406588157,0,0,0,0,0,0,0,0,0,0,0.473011598460352,0,0,0,0,0,0,0,0,0,0,0,0,0,0,0,0,0,0,0,0,0,0,0,0,0,0,0,0.297681559062875,0.352722119267394,0,0.273180313119965,0.149387337267399,0,0,0.149372880214027,0,0,0,0
0,0,0,0,0,0,0,0,0,0,0,0,0,0,0,0,0,0,0,0,0,0,0,0,0,0,0,0,0,0,0,0.20843590647889,0.286533650253251,0.157257810533047,0.21386766863557,0.124947464621779,0.312308635773524,0,0,0,0,0,0,0,0,0,0,0.407394675804036,0.30925363888506,0,0,0,0,0,0,0,0,0,0,0,0,0,0,0,0,0,0,0,0,0,0,0,0,0,0.297681559062875,0,0.425096750259399,0.218094033234817,0.282111664967878,0.286335938833654,0,0,0.256032827045044,0,0,0,0
0,0,0,0,0,0,0,0,0,0,0,0,0,0,0,0,0,0,0,0,0,0,0,0,0,0,0,0,0,0,0,0.33246180610122,0.416113674640656,0.216214623437995,0.221653037149497,0.147749316612525,0,0.22493684862131,0,0.307335525751114,0,0,0.440069695313772,0,0,0,0,0.415245208328126,0.425270653791256,0.416404055356979,0,0,0,0,0,0,0,0,0,0,0,0,0,0,0,0,0,0,0,0,0,0,0,0,0.352722119267394,0.425096750259399,0,0.282543865025492,0.339568975359894,0,0.261882588816529,0.369286775588989,0.226762242837931,0.214192022654143,0.376209284365177,0,0
0,0,0,0,0,0,0,0,0,0,0,0,0,0,0,0,0,0,0,0,0,0,0,0,0,0,0,0,0,0,0,0.13595387339592,0.22115370386009,0.210468664116794,0.193044719789232,0,0.143430325981914,0,0,0,0.368398696184158,0,0,0,0,0,0,0.308779916389287,0.343927849346483,0.439378887414932,0,0,0,0,0,0,0.308238208293915,0,0,0,0,0,0,0,0,0,0,0,0,0,0,0,0,0,0,0.218094033234817,0.282543865025492,0,0,0.263959875752103,0.377321124076843,0.267564410888232,0.17973612473391,0,0.390701391480186,0,0
