0,3.98476178352612e-05,0.00345286351372239,0,0,0,0,0,0.0300668813308337,0,0,0,8.32500849360296e-05,0,0.000448586015520955,0,9.55129643249932e-06,4.73168686693313e-06,0.000408593497592038,0,0,0,8.43140973628632e-05,0,0.0100630993788767,0,0,0,0,0,0,0,0,0,0,0,1.59856379202325e-06,0,0.00143690892926723,0,0.000513899773001144,0.000154605513596361,0.0138376746706247,0,0,0,0.00032829693563168,0.000446471783326444,0.0293148652190885,0,0,0,0,0,0.0641001193499105,0,0,0,0,0,0.0111164129049207,0,0,0,0,3.90980940860995e-05,0,0.0352871732292458,0,0.0353275580025076,0,0.000431351054704997,0,0,0,0,0,0,0,9.09746274625886e-06,0,0.000665598318630027,0.00138777647836107,0,0.0270089947441332,0,0.00052756732044985
3.98476178352612e-05,0,0,0.0281754645946586,0,0,0,0,0,0.00403241565550649,0,0,0,0,0,0,0,0.000140616931101919,0.000367763837293828,0,0,0,0,0.00368957948918416,0,0,0,0,0,0,0,0,0,0,0,5.06318671486564e-05,0,0.000236501037500138,1.13458175007777e-05,0.00116831751749049,0,0.00359062438895484,0,0,0,0.0002591911025621,0,3.76266788253571e-05,0,0.029488890486488,0,0,0,0,0,0.026007729636028,0,0.0052419604789566,0,0.00143383717983253,0,0.00353838843964621,0.00063228214927662,0,0,0,0.00962525381825483,0,4.47422672328335e-05,0,0.00154364471185527,0,0.00797639877662674,0,0,0,0,0,0.000497539442566199,0,0.000294162299301621,2.31537404205389e-05,0.000876656620215232,0,0.0215937775273985,0.001451336689343,0
0.00345286351372239,0,0,0,0,0,0,0,4.78786602866954e-05,0,0,0,0,0,0,0,0,0,6.06601414578908e-05,0,0,0,0,0,0,0,0,0,0,0,0,0,0,0,0,0,9.70091192764289e-05,0,0,0,0.000883845216805213,0.000132148297270337,0.00602407938660434,0,0,0,0.000216691884042559,0.000181483263365632,0.00424079769904864,0,0,0,0,0,0.0368905887650923,0,0.000224650938168,0,4.72492494588703e-05,0,0.00770379951726913,0,0,0.000182085433969386,0,0,0,0,0,3.51834453997607e-05,0,5.38727850028038e-05,0,0,0,0,0,0,0,0.000191809186740206,0,0,0.00071673657750525,0,0.012331211341269,0,0
0,0.0281754645946586,0,0,0,0.00168528766313163,0,0,0,0.00259521682411844,0,0,0,0,0,0,0,3.86779526800594e-05,1.00312190133133e-05,0,0,4.39231401504463e-06,0,7.62237617635067e-05,0,0,0,1.99243536579534e-05,0,4.20556786647625e-05,0,0,0,0,0,3.18623478279202e-06,0,1.49898192711498e-05,0,0.000246698264332136,0,0.00343426181916902,2.01048883887221e-05,0,0,1.95089312319411e-05,0,0,6.11798249340527e-05,0.0189521213191505,0,0.000268692712576523,0,0,0,0.0106457303634938,0,0.00125613142802172,0,0.00279204814858104,0,0.030850813214716,1.37847856185126e-05,0,0,0,8.5410281598133e-05,0,0,0,0.00102917000890699,0,0.00423135940891889,0,0,0,0,0,1.18018077927126e-05,0,6.74485505406234e-05,0,0.000165668897618856,1.70706810740671e-05,0.00689695554257905,0.00402418911585355,0
0,0,0,0,0,0,0,0,0.013052762782686,0,0,0,0,0,0.000258740131170927,0,0,0,0,0,0,0,0,0,0,0,0,0,0,0,0,0,0,0,0,0,1.1393750357348e-05,0,0,0,0,0,0,0,0,0,0,0,0,0,0.00432306207731357,0,0.000634260703130357,0,0.000445360278049109,0,0,0,0,0,0,0,0,0,0,0,0,0,0,0,0,0,0,0,0,0,0,0,0,1.44277038778111e-05,0,0,0.000545482987208281,0,0,0,0
0,0,0,0.00168528766313163,0,0,0,0.00224904636496165,0,0.00367842350925968,0,0,0,6.11415089224465e-05,0,0.0164200351458972,0,0,0,0,0,0,0,0,0,0,0,0,0,0,0,0,0,0,0,0,0,0,0,2.65565725875035e-05,0,0.000405847042248928,0,0,0,0,0,0,0,0.000130281675784862,0,0.103582429782452,0,0.00184659415268814,0,0,0,0.000106373498915431,0,0.00154638756976755,0,0.00782735106151983,0,0,0,0,0,0,0,0,0,0,0,0,0,0,0,0,0,0,0,0,0.000509350952231237,9.16012234040592e-05,0.000820418538357541,0,0
0,0,0,0,0,0,0,0,0,0,0,0,0,0,0,0,0,0,0,0,0,0,0,0,0,0,0,0,0,0,0,0,0,0,0,0,0,0,0,0,0,0,0,0,0,0,0,0,0,0,0,0,0,0,0,0,0.0116498199467542,0,0.00138626063031345,0,0,0,0,0,0,0,0,0,0,0,0,0,0,0,0,0,0,0,0,0,0,0,0,0,0,0,0
0,0,0,0,0,0.00224904636496165,0,0,0,0,0,0.00196647838786819,0,0,0,0,0,0,0,0,0,0,0,0,0,0,0,0,0,0,0,0,0,0,0,0,0,0,0,0,0,0,0,0,0,0,0,0,0,0,0,0.00132902443930312,0,0.0214744150730364,0,0,0,0.000106501538403553,0,0,0,0,0,0,0,0,0,0,0,0,0,0,0,0,0,0,0,0,0,0,0,0,6.05944933340652e-06,0,0,0,0
0.0300668813308337,0,4.78786602866954e-05,0,0.013052762782686,0,0,0,0,0,0,0,0,0,0.00109814169204131,0,0.000346232432914681,0,0.000583766329652832,0,0,0,3.00829786563303e-05,0,0.0097925355582528,0,0.000515832143261957,0,0,0,0,0,0,0,0,0,0,0,0.000962364451111489,0,3.6486661873334e-05,3.56503322299353e-05,0.0150217904107923,0,0,0,0,0.000235702004291762,0.00314315079238963,0,0,0,0,0,0.0336566353333045,0,0,0,0,0,0.000295653514669981,0,0,0,0,0,0,0.028574733594857,0,0.00193178177744967,0,1.91573562174779e-05,0,0,0,0,0,0,0,2.47997635025176e-05,2.44743723296854e-06,0.000834637145270358,0.00236987575030866,0.000239698399900417,0.00799467553666819,0,0.00206531015368187
0,0.00403241565550649,0,0.00259521682411844,0,0.00367842350925968,0,0,0,0,0,0,0,0,0,0.0144516464204148,0.000276004239512393,0.00179756482070253,0.00142094131347043,0,0,0,0,0.00150843366735135,0,0.000209625695209761,0,0,0,0,0,0,0,0,0,0,0,1.91808937591322e-05,0,0,0,0.00162863151695751,0,0,0,0,2.75881283843783e-05,0,1.67518029814507e-05,0.000668445761415194,0,0.000384021428410528,0,0,0,0.0676002216792158,0,0.000706918884837312,0,2.35674288729012e-05,0,0.0164862217830071,0.000102605127805445,0,3.20047342431428e-05,0,0.00404951024158079,0,0,0,0.00124537056383536,0,0.000691131937235717,0,0,0,0,0,0,0,0.000102798087947901,0,0.00122437258664812,1.97663368255567e-05,0.00172720419591555,0.000342269390923967,0
0,0,0,0,0,0,0,0,0,0,0,0,0,0,0,0,0,0,0,0,0.00806598147480319,0,0,0,0,0,0,0,6.36729746474884e-05,0,0.000818211327483285,0,0,0,0,0,6.23043342671204e-05,0,0.000961502158483877,0,0,0,0,0,0,0,0.000538369148139211,0,0,0,0,0,0,0,0,0,0.0540283324683265,0,5.84048149721121e-05,0,0,0,0,0.00773283816825971,0,0,0,0,0,0,0,0.000113268280636194,0,0.0027770870218848,0,0,0,0,0,5.93134789178589e-06,0,0.000968164278655173,0.000152777540526333,0,0.000882252447763316,0,0
0,0,0,0,0,0,0,0.00196647838786819,0,0,0,0,0,0.00483230910969099,0,0,0,0,0,0.0098245072715668,0,3.86861157447446e-06,0,0,0,0,0,0.00071387562929009,0,0.00214982389001276,0,0,0,0,0,0,0,0.00165121472507568,0,0,0,6.58234164000997e-05,0,0,0,4.06427349776267e-05,0,0,0,0,0,0,0,0,0,0,0,0.091184960584493,0,0.00283661273579671,0,0,0.00121767668380222,0,9.27760500889517e-06,0,0,0,0,0,0.00236017429950471,0,0.00157919682140145,0,0,0,0,0,1.10680141248643e-06,0,0,0,0.000833321282356003,0,5.17451785803465e-06,0,0
8.32500849360296e-05,0,0,0,0,0,0,0,0,0,0,0,0,0,0.000198979055386613,0,0,0,0,0,0,0,7.06429442802117e-06,0,6.64001144098599e-05,0,9.29583698638843e-05,0,0,0,0,0,0,0,0,0,0,0,0,0,0,0,0,0,0,0,0,0,0.000109015733459306,0,0,0,0,0,0,0,1.14648892278794e-05,0,0.00798795363904694,0,0.00359273623240135,0,0,0,0,2.24953995807943e-05,0,1.64434250324061e-05,0,0.00387533241962752,0,0.00107817048725801,0,0,0,0,0,0,0,0,0,0,8.9116629169439e-06,0,0,0,0
0,0,0,0,0,6.11415089224465e-05,0,0,0,0,0,0.00483230910969099,0,0,0,0,0,0,0,0,0,0,0,0,0,0,0,6.57703959326683e-05,0,0,0,0,0,0,0,0,0,0,0,0,0,0,0,0,0,0,0,0,0,0,0,0,0,6.82360987411812e-05,0,0,0,3.55588095034235e-05,0,0.0078448442292538,0,9.17269965892142e-05,0,0,0,0,0,0,0,0,0.00364652483598143,0,0,0,0,0,0,0,0,0,0,0,0.000386056485575033,0.000268534752925211,0,0,0
0.000448586015520955,0,0,0,0.000258740131170927,0,0,0,0.00109814169204131,0,0,0,0.000198979055386613,0,0,0,0,0,0,0,0,0,3.49012511899387e-06,0,0.000541180772603087,0,0.00033935362329785,0,0,0,0,0,0,0,0,0,0,0,0,0,0,0,0,0,0,0,0,0,0.000239961245956728,0,0,0,0,0,0.000389714381561213,0,0,0,0.00163193558172015,0,0.0855820364875727,0,0,0,0,2.32451663454293e-05,0,0.000502956934088221,0,0.0200317849095115,0,1.13240633720434e-05,0,0,0,0,0,0,0,0,0,0,1.94765662733989e-05,0,0,0,0
0,0,0,0,0,0.0164200351458972,0,0,0,0.0144516464204148,0,0,0,0,0,0,0.000101486528570365,0.0034115285284783,0,0,0,0,0,0,0,0.000617417094938505,0,2.41395189842401e-05,0,0,0,0,0,0,0,0,0,0,0,0,0,0,0,0,0,0,0,0,0,5.96607726366326e-05,0,0.00154553570257352,0,0,0,0.0240823668003142,0,0,0,0,0,0.0309975440459708,0,0,0,0,0,0,0.00018129702245029,0,0,0,0,0,0,0,0,0,0,0,0,0,0.000587035150455,0.00016553308854802,0,0,0
9.55129643249932e-06,0,0,0,0,0,0,0,0.000346232432914681,0.000276004239512393,0,0,0,0,0,0.000101486528570365,0,0.117036665549417,0.0710954123762408,0,0,7.58228516042697e-05,0.00152475288492417,0.000846551632879587,1.09430325404397e-05,0.000173921991744001,0.000396525286985383,9.14351332908519e-06,0,0,0,0,0,0,0,9.34264280487619e-06,0.000118640400052717,7.55897274962831e-06,5.80280382756422e-06,0.000276383504480375,0.00127922055582599,0.000401115966367929,0.00107589500286593,0,1.65232627295645e-05,0.000366829280476284,0.000434180257022641,0,0.000918557885004618,6.41532858626476e-05,0,0,0,0,0,0,0,0,0,0,0,0,0.00016217292980305,0.00016318233816454,0,0,0,0,0,1.4840542912331e-05,1.3015698581916e-05,0,5.76507533540846e-05,0,0,0,0,0,0.000281534459649899,0.00033774788162999,0.000195887236165434,0.00030058821577957,0.0338303102035602,0.018259800625066,0.000434750624266078,3.32550306297277e-05,0.000351857824762372
4.73168686693313e-06,0.000140616931101919,0,3.86779526800594e-05,0,0,0,0,0,0.00179756482070253,0,0,0,0,0,0.0034115285284783,0.117036665549417,0,0.0581119065355104,0,0,0.000584661881472156,0,0.00411002398110744,0,0.00889243876749322,0,0.00139536276140752,0,1.63583603606909e-05,0,0,0,0,0,0.000188352685739144,0.000219163214585722,8.59693870917859e-05,2.25485941572204e-05,0.00233467337750627,0.00218019877688449,0.00348192454268813,0.00175037420715562,0,0,0.00210264848522972,0.000849700341858265,0,0.00133673963417265,3.85328080690748e-05,0,0,0,0,0,0,0,9.15896103416734e-06,0,0,0,0.000129152524466745,0.000856147283998226,0.000231303777872276,0,0,0,0,0.000359476815205039,1.58223605276276e-05,9.48957305574732e-05,0,0.000839303963871525,0,0,0,0,0,0.00223219985168239,0.00051717884445561,0.00256498111812313,0.00030783168108595,0.0469400424960329,0.0449655707054681,0.00214983509293265,0.000633149792437248,0.000433282554421984
0.000408593497592038,0.000367763837293828,6.06601414578908e-05,1.00312190133133e-05,0,0,0,0,0.000583766329652832,0.00142094131347043,0,0,0,0,0,0,0.0710954123762408,0.0581119065355104,0,0,0,3.87178626415794e-05,1.36440346696973e-05,0.000377409997005188,2.85347260637366e-05,5.5566593346601e-05,0,0,0,2.38527276194226e-05,0,0,0,0,0,0.000303610110608654,0.00214181623685955,0.000237239128103008,0.000410060243463604,0.0060616421606068,0.0335457769804952,0.00815043211157443,0.0271424770071176,0.000203021234253958,8.44628066090092e-05,0.00855650056088618,0.00891840246970095,0,0.0298487002630163,0.000590787930210421,0,0,0,0,0.000119240466920108,1.5547014095626e-05,0,2.89786302009991e-05,0,0,0,5.81182769649962e-05,0.00340386545601799,0.0025314980806214,0,0,0,1.99243549901577e-05,0,5.37200308576941e-05,0.000177055877412273,1.17708807813182e-05,0.00104959921826269,0,0,0,0,0,0.00460068647280606,0.00576994476725232,0.00382991923473348,0.00623599777552108,0.0168611669261724,0.000535322326311325,0.0113625770605887,0.00199814078300456,0.00538674686832172
0,0,0,0,0,0,0,0,0,0,0,0.0098245072715668,0,0,0,0,0,0,0,0,0,0,0,0,0,0,0,0,0,0.000557612447732256,0,0,0,0,0,0.00232076509165415,0,0.00310318644667378,0,0,0,0,0,0,0,0,0,0,0,0,0,0.000138155911483942,0,0,0,0,0,0.014903009921723,0,0,0,0,0.0576738943931967,0,0,0,0,0,0,0,0,0,0.0234187837763317,0,0,0,0,0,4.26741653904214e-05,0,0.00248358200817883,0,0.000579212020444932,1.66780993472642e-05,0.00015623639047687,0,0
0,0,0,0,0,0,0,0,0,0,0.00806598147480319,0,0,0,0,0,0,0,0,0,0,0,0,0,0,0,0,0,0,0,0,0,0,0,0,0,0.00246315553050271,0,0.00628417827884007,0,0,0,0,0,0,0,0.00333650712217441,0,0,0,0,0,0,0,0,0,0.00351678411704945,0,0,0,0,0,0,0.101392048950105,0,0,0,0,0,0,0,0,0,0,0,0,0,0,0,0.000204335538409373,0,0.000510192876842787,0.000759186213922468,0,0.00335220897048559,0,0
0,0,0,4.39231401504463e-06,0,0,0,0,0,0,0,3.86861157447446e-06,0,0,0,0,7.58228516042697e-05,0.000584661881472156,3.87178626415794e-05,0,0,0,0.00498121074376093,0.00353379364862078,0,0.00108266838372977,0,0.00392496297110376,0,0,0,0,0,0,0,0,0,0.00323528889845995,0,0,0,6.03895110318478e-05,0,0,0,0,2.55799006522433e-05,0,2.90524059181843e-06,0.000131542192019645,0,0,0,0,0,0,0,0.000302388755291114,0,0.00012738086038462,0,0,1.59403388409033e-05,0,0.0887945356277702,0.000362123022924116,0.000775319541691384,0,0.000697682584928881,0,0.0102749300888748,0,0,0,0,0,0,0,9.00320762323951e-06,0,0.00409204165425272,0.000462256954721712,0.00292443127473146,0.00417912495109394,5.9963645401263e-05,0,0
8.43140973628632e-05,0,0,0,0,0,0,0,3.00829786563303e-05,0,0,0,7.06429442802117e-06,0,3.49012511899387e-06,0,0.00152475288492417,0,1.36440346696973e-05,0,0,0.00498121074376093,0,0,0.00421558673873787,0,0.000460782892616359,0,0.000392487249685421,0,0,0,0,0,0,0,0,0,0.0111763238483323,0,3.2314093878567e-06,0,7.45606873463027e-05,0,0,0,5.4713590977659e-06,0,0.00429781578200161,0,0,0,0,0,6.79700011975946e-06,0,8.09312266908457e-05,0,2.8866948377342e-06,0,3.85998246535835e-06,0,0,0,0.000511934949515293,0.0840239353734587,0,0.00428554218862291,0,0.00232166624357166,0,0.000737103327642877,0,0,0,0,0,0,0,1.45940484564534e-06,0,0.00370182647599498,0.00695526668586259,0.0061760160957881,0.000483572330058254,0,0
0,0.00368957948918416,0,7.62237617635067e-05,0,0,0,0,0,0.00150843366735135,0,0,0,0,0,0,0.000846551632879587,0.00411002398110744,0.000377409997005188,0,0,0.00353379364862078,0,0,0,0.03909565692621,0,0,0,0,0,0,0,0,0,0,1.59145135926624e-06,0.00581617436721966,0,0,0,4.15411874044136e-05,5.81214610718712e-05,0,0,0,0,0.000222133527578568,0,0.000881191519075608,0,0,0,0,0,0.00786841397224722,0,2.48321448272637e-05,0,0,0,0,0,0,0.000367764508863183,0,0.103561979490735,0,0.0151305510824519,0,3.19798833413537e-05,0,0,0,0,0,0,0,0,0,0.000419072043779682,4.8904400354224e-06,0.000439194439498231,1.16302150091886e-05,0.00136368243320005,0,0
0.0100630993788767,0,0,0,0,0,0,0,0.0097925355582528,0,0,0,6.64001144098599e-05,0,0.000541180772603087,0,1.09430325404397e-05,0,2.85347260637366e-05,0,0,0,0.00421558673873787,0,0,0,0.0198075021525001,0,0,0,0,0,0,0,0.000108203232481589,0,0,0,0.0115190725722131,0,0,0,0.00185916692170155,0,0,0,0,0.000553994027535539,0.00187084171252152,1.43834965804805e-05,0,0,0,0,0.00605595758150825,0,0,0,0.000116791721727752,0,0.00968624181322758,0,0,0,0,0.00466962976223376,0,0.139182488245709,0,0.0227395771929328,0,0,0,0,0,0,0,0,0,0,0,0.00666048508597143,0.000941194870101001,0,0.00245799947798693,0,0.000417147121989688
0,0,0,0,0,0,0,0,0,0.000209625695209761,0,0,0,0,0,0.000617417094938505,0.000173921991744001,0.00889243876749322,5.5566593346601e-05,0,0,0.00108266838372977,0,0.03909565692621,0,0,0,0.0100324598414045,0,0,0,0,0,0,0,0,0,0,0,0,0,0,0,0,0,0,0,0,0,0,0,0,0,0,0,0,0,2.40490207547184e-05,0,0.000341523717742926,0,0,0,0,0.000904270637602086,0,0.00399786336935538,0,0.0512048417677686,0,0.0168206174233433,0,0,0,0,0,0,0,0,0,0,0,0.000551962502102178,0.000258528695686106,0,0,0
0,0,0,0,0,0,0,0,0.000515832143261957,0,0,0,9.29583698638843e-05,0,0.00033935362329785,0,0.000396525286985383,0,0,0,0,0,0.000460782892616359,0,0.0198075021525001,0,0,0,0,0,0,0,0,0,0,0,0,0,4.10422319902076e-06,0,0,0,0,0,0,0,0,0,5.73306842314089e-05,0,0,0,0,0,0,0,0,0,1.37793687346444e-05,0,0.00762715747613995,0,0,0,0,0.000210644695919879,0,0.0142458995130573,0,0.0460975046313749,0,0,0,0,0,0,0,0,0,0,0,5.43647067096937e-06,6.07240144745447e-06,0,0,0,0
0,0,0,1.99243536579534e-05,0,0,0,0,0,0,0,0.00071387562929009,0,6.57703959326683e-05,0,2.41395189842401e-05,9.14351332908519e-06,0.00139536276140752,0,0,0,0.00392496297110376,0,0,0,0.0100324598414045,0,0,0,0.00665617753655103,0,0,0,0,0,0,0,0.00015272383577364,0,0,0,0.000196949885934685,0,0,0,1.2583595292521e-05,0,0,0,0,0,0,0,0,0,0,0,0.00144965404004368,0,0.00244443968833399,0,0,0.000276500932365282,0,0.00123464392564264,0,0,0,0.00178021925338789,0,0.0523448461152731,0,0.00106511569733072,0,0,0,0,0,0,0,5.40432880968071e-05,0,5.76558521974218e-05,2.94316416861011e-05,0.000124755100542059,3.41200784688436e-05,0
0,0,0,0,0,0,0,0,0,0,6.36729746474884e-05,0,0,0,0,0,0,0,0,0,0,0,0.000392487249685421,0,0,0,0,0,0,0,0.00408026276276524,0,0,0,0,0,0,0,0.000818122763530828,0,0,0,0,0,0,0,0,0,3.07535599189363e-05,0,0,0,0,0,0,0,0,0,0,0,0,0,0,5.0617403468234e-06,0,0,0,0,0,0,0,0.0324760187347763,0,0.000598889399947906,0,0,0,0,0,0,0,0.00242968514013013,2.90538037006627e-06,0,0,0,0
0,0,0,4.20556786647625e-05,0,0,0,0,0,0,0,0.00214982389001276,0,0,0,0,0,1.63583603606909e-05,2.38527276194226e-05,0.000557612447732256,0,0,0,0,0,0,0,0.00665617753655103,0,0,0,0,0,0,0,0,0,0.00268052630509928,0,1.57333473709302e-05,0,0.000383184703342963,0,0,0,4.61394911731885e-05,0,0,0,0,0,0,0,0,0,0,0,0.00312270277189137,0,0,0,0,0.000957428146587481,0,0,0,0,0,0,0,0.00493453480426334,0,0.0539673380338661,0,0,0,0,0,4.19531287595471e-06,0,0.000274959622533417,0,0.000317532207466014,0,0.000224639714155548,0,0
0,0,0,0,0,0,0,0,0,0,0.000818211327483285,0,0,0,0,0,0,0,0,0,0,0,0,0,0,0,0,0,0.00408026276276524,0,0,0,0,0,0,0,0,0,0.00167012745538718,0,0,0,0,0,0,0,0,0,0,0,0,0,0,0,0,0,0.000705084628551374,0,0,0,0,0,0,0,0,0,0,0,0,0,0,0.00664595022148359,0,0.100704815618071,0,0,0,0,0,0,0,0.00567676321583408,4.69033202727511e-05,0,0,0,0
0,0,0,0,0,0,0,0,0,0,0,0,0,0,0,0,0,0,0,0,0,0,0,0,0,0,0,0,0,0,0,0,0.0162374984651216,0.00300969690689801,0.00242789467520254,0.000910949441294504,1.78539477474196e-06,0,0,0,0,0,0,0,0,0,0,0.0172114300640697,0,0.000542011023423536,0,0,0,0,0,0,0,0,0,0,0,0,0,0,0,0,0,0,0,0,0,0,0,0,0.103116285166514,0.00647111530278126,0.00627451872347601,0.00621011474363046,0.0010011240284405,2.59688283066935e-05,0,0,4.33388428676683e-05,0,0,0,0
0,0,0,0,0,0,0,0,0,0,0,0,0,0,0,0,0,0,0,0,0,0,0,0,0,0,0,0,0,0,0,0.0162374984651216,0,0,0.000660703055172361,1.86795747526463e-05,0.000197780561815683,0,0,4.60344902543839e-05,0,0,0,0,0,0,0,0.0340728708470615,0,0.00309281800401274,0,0,0,0,0,0,0,0,0,0,0,0,0,0,0,0,0,0,0,0,0,0,0,0,0.0294891990647835,0.0813528528309079,0,0.00292955195694355,0,0.000973130888682275,0,0,0.000857734817894499,0,0.000960947296856832,0,0
0,0,0,0,0,0,0,0,0,0,0,0,0,0,0,0,0,0,0,0,0,0,0,0,0,0,0,0,0,0,0,0.00300969690689801,0,0,0.139713683404597,0.00380960204134249,0.00181927225108092,0.00448902651585812,0.00064826566886498,0,0,0,0,0,0,0,0,0.0676323311568289,0,0.0115020879275936,0,0,0,0,0,0,0,0,0,0,0,0,0,0,0,0,0,0,0,0,0,0,0,0,0.000735225647359295,0,0.274656492222795,0.0376333329454466,0.00167902901670482,3.74885485100588e-05,0.010029406728843,0.000624604000283141,0.00136414892103679,0.00101596617135079,1.48842928658887e-05,0,0
0,0,0,0,0,0,0,0,0,0,0,0,0,0,0,0,0,0,0,0,0,0,0,0,0.000108203232481589,0,0,0,0,0,0,0.00242789467520254,0.000660703055172361,0.139713683404597,0,0,0.00604322919162318,0.00207132882874577,0.0048200127272541,0,0,0,0,0,0,0,0,0.125650182174241,0.00453104125500331,0.00725121099620625,0,0,0,0,0,0,0,0,0,0,0,0,0,0,0,0,0,6.4852615655215e-05,0,0,2.51949340720533e-05,0,0,0,0,0.000591175583134335,0.104178769700391,0.287642080075493,0,0.000569732345384108,0.00103275047806284,0.00297419107678089,0.0040234776989349,3.66078311363988e-05,6.80061519844621e-05,0,0
0,5.06318671486564e-05,0,3.18623478279202e-06,0,0,0,0,0,0,0,0,0,0,0,0,9.34264280487619e-06,0.000188352685739144,0.000303610110608654,0.00232076509165415,0,0,0,0,0,0,0,0,0,0,0,0.000910949441294504,1.86795747526463e-05,0.00380960204134249,0,0,0.000356970377958018,0.00214083844027155,1.893443543647e-06,5.58957907956775e-05,8.24775386611559e-06,0.00025338563754874,1.59784174894444e-05,0,0,0.00131071262212729,7.21598102770122e-06,0.000731429770483002,1.69267819935483e-05,1.23950520388302e-05,0,4.79800421596634e-05,0,0,0,0,0,0.000373330497039464,0,2.18999357822064e-05,0,3.91912230515712e-06,0.00347223907427135,0,0,0,0,0,0,0,0,0,4.3588742346493e-05,0,0.00662881477824972,2.49787104127073e-05,0.00119804570251009,0,0.0575480854334755,1.98951016452663e-05,0.0138392186672614,6.59857371628366e-07,0.0039500396052192,0.000198190684406048,0.00135262440667495,0.000163614033823326,0
1.59856379202325e-06,0,9.70091192764289e-05,0,1.1393750357348e-05,0,0,0,0,0,6.23043342671204e-05,0,0,0,0,0,0.000118640400052717,0.000219163214585722,0.00214181623685955,0,0.00246315553050271,0,0,1.59145135926624e-06,0,0,0,0,0,0,0,1.78539477474196e-06,0.000197780561815683,0.00181927225108092,0.00604322919162318,0.000356970377958018,0,2.86434704234129e-06,0.00259206913614907,3.18033130200716e-05,0.000304601345579112,2.62872351892266e-05,0.000745870892995856,0,9.76155449420473e-06,1.88154987011193e-05,0.00315684713047044,0.000319469223129788,0.000118505056912775,0,0,0,0,0,0,0,0,0,0,0,0,0,0,0.00836217068460249,0,0,0,0,0,2.84761675378039e-06,0,0,1.78179507041471e-06,0,0,0.000250436588557291,0,0.00401679767221697,0.000178764211157522,0.0537025410544931,1.22462758273597e-05,0.0054665666164336,0.00634780684780972,0.000284900166207956,0.000679782314237531,3.72865082048002e-06,0.000367635999317895
0,0.000236501037500138,0,1.49898192711498e-05,0,0,0,0,0,1.91808937591322e-05,0,0.00165121472507568,0,0,0,0,7.55897274962831e-06,8.59693870917859e-05,0.000237239128103008,0.00310318644667378,0,0.00323528889845995,0,0.00581617436721966,0,0,0,0.00015272383577364,0,0.00268052630509928,0,0,0,0.00448902651585812,0.00207132882874577,0.00214083844027155,2.86434704234129e-06,0,0.00302331945583648,1.7339370530885e-05,4.51736345802379e-06,0.000615002372487654,5.53271614275083e-06,0,0,0.00122779775507872,0,0.00655422043507616,9.24912894569095e-06,0.00218519766225359,0,0,0,0,0,7.10206101815091e-05,0,0.00313073126690819,0,0,0,1.31349293927219e-05,0.00646942696879383,0,0.00320882307865806,0,0.00823126424178025,0,0.000261465359008357,0,0.00143789468641346,0,0.00144445926015726,0,0,0,0.0030635788286287,0.00107911331336255,0.00127564846590167,1.49226044332117e-05,0.0839302540556465,0.00301490877829974,0.0024696386078112,0.00326322327305904,0.00226489375033518,0.00013043511214678,0
0.00143690892926723,1.13458175007777e-05,0,0,0,0,0,0,0.000962364451111489,0,0.000961502158483877,0,0,0,0,0,5.80280382756422e-06,2.25485941572204e-05,0.000410060243463604,0,0.00628417827884007,0,0.0111763238483323,0,0.0115190725722131,0,4.10422319902076e-06,0,0.000818122763530828,0,0.00167012745538718,0,0,0.00064826566886498,0.0048200127272541,1.893443543647e-06,0.00259206913614907,0.00302331945583648,0,0,3.96732621152617e-05,0,0.000843940861249274,0,0,0,0.000450232291673608,0.00301193510846489,0.00509540509350726,0.000308435099291733,0,0,0,0,0.00131227679402939,0,9.72985373800804e-05,0,0,0,0,0,0,0.00187874416107192,1.21109914317553e-06,0.00583262412664289,3.1866157726105e-05,0.00744779485751469,1.16706644404355e-05,5.82891804259593e-05,4.94940397493428e-06,0.000127204936772471,0,0.00141987207988014,0,0,4.31254630859719e-05,0.0051413737784429,1.97054127480527e-06,0.00289818091175153,0.00106646882903851,0.0900650975452947,0.00427816752749685,0.000345462788284152,0.00441818005039596,0,0.000133536694073978
0,0.00116831751749049,0,0.000246698264332136,0,2.65565725875035e-05,0,0,0,0,0,0,0,0,0,0,0.000276383504480375,0.00233467337750627,0.0060616421606068,0,0,0,0,0,0,0,0,0,0,1.57333473709302e-05,0,0,4.60344902543839e-05,0,0,5.58957907956775e-05,3.18033130200716e-05,1.7339370530885e-05,0,0,0.000352663259545985,0.0787830283677929,0.000261178551783212,0.000240280404189311,0,0.0133599715458161,4.59679445160681e-05,0.000738936693519049,0.00039292004339331,0.0103170678363289,0,0.000189265369893454,0,0,0,7.15858304904888e-05,0,0.000626340293436254,0,8.02620905204557e-05,0,5.25851555548646e-05,0.0102822329264697,2.41786080087493e-05,0,0,0,0,0,0,0.000299807538633229,0,0.000631498429878783,0,0,0,0,0,0.00602600164087202,2.40027531461878e-05,0.000863645105193037,9.25805915890049e-06,0.00112786103755721,5.97230516642959e-06,0.0216907787657429,0.0265097179829295,0.000296720323197707
0.000513899773001144,0,0.000883845216805213,0,0,0,0,0,3.6486661873334e-05,0,0,0,0,0,0,0,0.00127922055582599,0.00218019877688449,0.0335457769804952,0,0,0,3.2314093878567e-06,0,0,0,0,0,0,0,0,0,0,0,0,8.24775386611559e-06,0.000304601345579112,4.51736345802379e-06,3.96732621152617e-05,0.000352663259545985,0,0.000692186832207311,0.101977850168973,0,0,0.000269004479823565,0.0290122392402734,0.000306642250322435,0.0373863950091655,0,0,0,0,0,0.000146153514335408,0,0,0,0,0,3.17521428410971e-05,0,0.000135426383398611,0.000989393989210141,0,0,0,0,0,9.44800109839117e-05,0,0,4.96240285362357e-05,0,0,0,0,0,0.000120479284025325,0.00706406866069497,0.000181866840963845,0.000608793776054415,0.00150981788898571,3.82477138454168e-05,0.0100915322509279,0.000561368537658667,0.00699458240077213
0.000154605513596361,0.00359062438895484,0.000132148297270337,0.00343426181916902,0,0.000405847042248928,0,0,3.56503322299353e-05,0.00162863151695751,0,6.58234164000997e-05,0,0,0,0,0.000401115966367929,0.00348192454268813,0.00815043211157443,0,0,6.03895110318478e-05,0,4.15411874044136e-05,0,0,0,0.000196949885934685,0,0.000383184703342963,0,0,0,0,0,0.00025338563754874,2.62872351892266e-05,0.000615002372487654,0,0.0787830283677929,0.000692186832207311,0,0.0062037433597591,0.00117165182602634,0,0.0373073345161185,0.000208426968788479,0.00371475032096051,0.000477275586510235,0.0335443214337082,0,0.000533320383835612,0,0,0,0.00193013756828684,0,0.0132222911378356,0,0.00256092480997726,0,0.00201928651210844,0.0121552067889448,0.000125118749883267,0.000141758950766734,0,0.000364751308787957,1.22321506376016e-05,1.13590745894033e-05,4.12665363981645e-05,0.0155598440419883,0,0.0409228320504887,0,0,0,0,0,0.007784525506337,6.16146464691655e-05,0.0105533387544879,3.73733507585206e-05,0.00618111572604213,0.000213455824002814,0.0489120679358233,0.0253933008446543,0.000135609553797356
0.0138376746706247,0,0.00602407938660434,2.01048883887221e-05,0,0,0,0,0.0150217904107923,0,0,0,0,0,0,0,0.00107589500286593,0.00175037420715562,0.0271424770071176,0,0,0,7.45606873463027e-05,5.81214610718712e-05,0.00185916692170155,0,0,0,0,0,0,0,0,0,0,1.59784174894444e-05,0.000745870892995856,5.53271614275083e-06,0.000843940861249274,0.000261178551783212,0.101977850168973,0.0062037433597591,0,0,0,0.000228547912191859,0.0308255234702396,4.28987950106078e-05,0.074423566942204,0,0,0,0,0,0.0036910696949614,0,0,0,0,0,0.000149981317282192,7.60195194326899e-06,2.50848985230442e-05,0.00530761945250893,0,2.07088676909657e-05,0,9.58529683331736e-05,0,0.00123287308157444,0,5.46105100762298e-05,9.91273879797033e-06,0.00031159185366112,0,0,0,0,0.000124559944185239,0.00405673901310309,0.000177905949950571,0.00265069197120331,0.0104095352208261,3.49981315057315e-05,0.0344252169302385,7.12202025177974e-05,0.00773617975703774
0,0,0,0,0,0,0,0,0,0,0,0,0,0,0,0,0,0,0.000203021234253958,0,0,0,0,0,0,0,0,0,0,0,0,0,0,0,0,0,0,0,0,0.000240280404189311,0,0.00117165182602634,0,0,0,0,0,0,0,0,0,0,0,0,0,0,0,0,0,0,0,0,0,0,0,0,0,0,0,0,0,0,0,0,0,0,0,0,3.02750908431443e-05,0,2.20303171445059e-05,0,4.88525784682651e-06,0,6.5351799177531e-05,0,0
0,0,0,0,0,0,0,0,0,0,0,0,0,0,0,0,1.65232627295645e-05,0,8.44628066090092e-05,0,0,0,0,0,0,0,0,0,0,0,0,0,0,0,0,0,9.76155449420473e-06,0,0,0,0,0,0,0,0,0,0,0,0,0,0,0,0,0,0,0,0,0,0,0,0,0,0,0,0,0,0,0,0,0,0,0,0,0,0,0,0,0,0,4.3956864579576e-05,0,4.49391186991477e-05,3.16839842023794e-05,0,0,0,0
0,0.0002591911025621,0,1.95089312319411e-05,0,0,0,0,0,0,0,4.06427349776267e-05,0,0,0,0,0.000366829280476284,0.00210264848522972,0.00855650056088618,0,0,0,0,0,0,0,0,1.2583595292521e-05,0,4.61394911731885e-05,0,0,0,0,0,0.00131071262212729,1.88154987011193e-05,0.00122779775507872,0,0.0133599715458161,0.000269004479823565,0.0373073345161185,0.000228547912191859,0,0,0,0.000103087444106902,0,0.000208135491134008,1.3743097888934e-05,0,9.17220318337566e-05,0,0,0,2.0034179935304e-05,0,0.000255593092483425,0,3.65910556422917e-05,0,0.000103533531404903,0.0242379643581181,1.5436856332213e-05,1.46147887107303e-05,0,0,0,0,0,0.000344841706212184,0,0.00381118435978141,0,0,0,0,0,0.0090487056863259,3.06925014750867e-05,0.00845201600210924,2.62740255958499e-05,0.000924852056975832,6.99819239287449e-06,0.00535980823931998,0.00256549783413519,0.000235490964859968
0.00032829693563168,0,0.000216691884042559,0,0,0,0,0,0,2.75881283843783e-05,0.000538369148139211,0,0,0,0,0,0.000434180257022641,0.000849700341858265,0.00891840246970095,0,0.00333650712217441,2.55799006522433e-05,5.4713590977659e-06,0,0,0,0,0,0,0,0,0,0,0,0,7.21598102770122e-06,0.00315684713047044,0,0.000450232291673608,4.59679445160681e-05,0.0290122392402734,0.000208426968788479,0.0308255234702396,0,0,0.000103087444106902,0,0,0.0083640601434644,0,0,0,0,0,0.000146952221237283,0,0,0,0,0,0,0,1.87926887826252e-05,0.0676721662898622,0,0,0,0,0,0.000139453729201351,0,1.27965056038566e-05,1.89378088334415e-05,0,0,0,0,0,4.72846410530487e-05,0.00683253035735687,8.51461983280128e-05,0.00315243212354571,0.00116412791852096,3.37940392675041e-06,0.0194688921783198,5.24120935326646e-05,0.000592642488891446
0.000446471783326444,3.76266788253571e-05,0.000181483263365632,0,0,0,0,0,0.000235702004291762,0,0,0,0,0,0,0,0,0,0,0,0,0,0,0.000222133527578568,0.000553994027535539,0,0,0,0,0,0,0.0172114300640697,0.0340728708470615,0.0676323311568289,0.125650182174241,0.000731429770483002,0.000319469223129788,0.00655422043507616,0.00301193510846489,0.000738936693519049,0.000306642250322435,0.00371475032096051,4.28987950106078e-05,0,0,0,0,0,0.0546122915234012,0.416747703181665,0,0,0,0,3.38205337856601e-05,0,0,8.30725221909331e-06,0,0,0,0,2.34302787937828e-05,0,7.62134502731574e-05,0,0.0010626111844861,0.000212981728669591,0.000134139381475124,0,0.000152143976269363,0,0,0,0.0625330988686326,0.0056759663827734,0.025433892888801,0.0124083797897501,0.013626615614833,0.00229003708148117,0.0032950390184709,0.0055203989284043,0.0073862767979343,9.63834208389815e-06,0.0312253899854966,0,6.15203069627944e-05
0.0293148652190885,0,0.00424079769904864,6.11798249340527e-05,0,0,0,0,0.00314315079238963,1.67518029814507e-05,0,0,0.000109015733459306,0,0.000239961245956728,0,0.000918557885004618,0.00133673963417265,0.0298487002630163,0,0,2.90524059181843e-06,0.00429781578200161,0,0.00187084171252152,0,5.73306842314089e-05,0,3.07535599189363e-05,0,0,0,0,0,0.00453104125500331,1.69267819935483e-05,0.000118505056912775,9.24912894569095e-06,0.00509540509350726,0.00039292004339331,0.0373863950091655,0.000477275586510235,0.074423566942204,0,0,0.000208135491134008,0.0083640601434644,0.0546122915234012,0,0.0222852547801168,0,0,0,0,0.00355909448766548,0,0.00266782353706965,0,0.000506034810370092,0,0.00813434976444075,0,0,0.00126838841471381,0,0.000294151332578976,0,0.0140912668805796,0,0.026462305444576,0,0.00791893993694377,0.000145104704407249,0.0261402904087581,0.00207828129318469,0,0,0.00423808061883457,8.96243162948809e-05,0.00520069370583569,0.000143449972295604,0.0016817879657305,0.00482798070531741,2.94942909380814e-05,0.0737519513218315,0.000126604360767783,0.0139187452208029
0,0.029488890486488,0,0.0189521213191505,0,0.000130281675784862,0,0,0,0.000668445761415194,0,0,0,0,0,5.96607726366326e-05,6.41532858626476e-05,3.85328080690748e-05,0.000590787930210421,0,0,0.000131542192019645,0,0.000881191519075608,1.43834965804805e-05,0,0,0,0,0,0,0.000542011023423536,0.00309281800401274,0.0115020879275936,0.00725121099620625,1.23950520388302e-05,0,0.00218519766225359,0.000308435099291733,0.0103170678363289,0,0.0335443214337082,0,0,0,1.3743097888934e-05,0,0.416747703181665,0.0222852547801168,0,0,0,0,0,0,0.00277142032781654,0,0.00414854105264541,0,0.000801307599217897,0,0.000327329666934254,3.6923795946191e-05,0,0.000126663564303855,0,0.0115762902153457,0,0.00165405487181113,0,0.00119556419694425,0,0.00308810716505842,0,0.00438384280145398,4.13382827176775e-05,0.00110146492980455,0.000712396212664381,0.0014312819620575,8.38356863858964e-06,0.00997606673390357,0.000850614580613598,0.00583720699899272,2.39777589295887e-05,0.0439496232950676,9.87052640393522e-05,0
0,0,0,0,0.00432306207731357,0,0,0,0,0,0,0,0,0,0,0,0,0,0,0,0,0,0,0,0,0,0,0,0,0,0,0,0,0,0,0,0,0,0,0,0,0,0,0,0,0,0,0,0,0,0,0,0,0,0,0,0,0,0,0,0,0,0,0,0,0,0,0,0,0,0,0,0,0,0,0,0,0,0,0,0,0,5.89792732426933e-05,0,6.34211884606006e-06,0,0
0,0,0,0.000268692712576523,0,0.103582429782452,0,0.00132902443930312,0,0.000384021428410528,0,0,0,0,0,0.00154553570257352,0,0,0,0.000138155911483942,0,0,0,0,0,0,0,0,0,0,0,0,0,0,0,4.79800421596634e-05,0,0,0,0.000189265369893454,0,0.000533320383835612,0,0,0,9.17220318337566e-05,0,0,0,0,0,0,0,0.0150352683818264,0,0,0,0.000858021303751657,0,0.000383716767567242,0,0.014311850997132,0.00578242693059772,0,0,0,0,0,0,0,0,0,0,0,0,0,0,0,2.20934406823038e-05,0,7.1689644079882e-06,0,0.000587266949390991,9.94549029420574e-05,0.000838714201518599,0,0
0,0,0,0,0.000634260703130357,0,0,0,0,0,0,0,0,0,0,0,0,0,0,0,0,0,0,0,0,0,0,0,0,0,0,0,0,0,0,0,0,0,0,0,0,0,0,0,0,0,0,0,0,0,0,0,0,0,0,0,0.00288407455784521,0,0.00322347527146519,0,0,0,0,0,0,0,0,0,0,0,0,0,0,0,0,0,0,0,0,0,0,0,0,0,0,0,0
0,0,0,0,0,0.00184659415268814,0,0.0214744150730364,0,0,0,0,0,6.82360987411812e-05,0,0,0,0,0,0,0,0,0,0,0,0,0,0,0,0,0,0,0,0,0,0,0,0,0,0,0,0,0,0,0,0,0,0,0,0,0,0.0150352683818264,0,0,0,0,0,0.00529117063971042,0,0,0,0,0,0,0,0,0,0,0,0,0,0,0,0,0,0,0,0,0,0,0,0,0,0,0,0,0
0.0641001193499105,0,0.0368905887650923,0,0.000445360278049109,0,0,0,0.0336566353333045,0,0,0,0,0,0.000389714381561213,0,0,0,0.000119240466920108,0,0,0,6.79700011975946e-06,0,0.00605595758150825,0,0,0,0,0,0,0,0,0,0,0,0,0,0.00131227679402939,0,0.000146153514335408,0,0.0036910696949614,0,0,0,0.000146952221237283,3.38205337856601e-05,0.00355909448766548,0,0,0,0,0,0,0,0,0,3.77337592382208e-05,0,0.0142815793195163,0,0,0,0,0,0,0.0327798297337187,0,0.00307357962573682,0,0,0,0,0,0,0,0,0,2.70902402765597e-05,0,0.00134089628935458,0.000289847186983117,0,0.00284477329909941,0,0.000479155722271914
0,0.026007729636028,0,0.0106457303634938,0,0,0,0,0,0.0676002216792158,0,0,0,0,0,0.0240823668003142,0,0,1.5547014095626e-05,0,0,0,0,0.00786841397224722,0,0,0,0,0,0,0,0,0,0,0,0,0,7.10206101815091e-05,0,7.15858304904888e-05,0,0.00193013756828684,0,0,0,2.0034179935304e-05,0,0,0,0.00277142032781654,0,0,0,0,0,0,0,0.000346482441948256,0,0,0,0.0286906772205273,0,0,1.46792549129012e-05,0,0.0302893983142611,0,0.000894363784919399,0,0.000377679777159419,0,0.000615587221391853,0,0,0,0,0,0,0,1.94947626417106e-05,3.66099497302476e-06,0.00041705154684053,8.77566611971953e-07,0.0016440051737785,0.000776759725731947,0
0,0,0.000224650938168,0,0,0,0.0116498199467542,0,0,0,0.0540283324683265,0,1.14648892278794e-05,0,0,0,0,0,0,0,0.00351678411704945,0,8.09312266908457e-05,0,0,0,0,0,0,0,0.000705084628551374,0,0,0,0,0,0,0,9.72985373800804e-05,0,0,0,0,0,0,0,0,0,0.00266782353706965,0,0,0,0.00288407455784521,0,0,0,0,0,0.000453792663161898,0,0.000128609198442783,0,0,0.0065564678511907,0,8.21767445294394e-06,0,2.25596443099115e-05,0,0.000720903063531151,0,0.00378416824346159,0,0.00871232355714568,0,0,0,0,0,0,0,0.000405203855458649,0.000134059521840405,0,0.00680343154436659,0,0
0,0.0052419604789566,0,0.00125613142802172,0,0.000106373498915431,0,0.000106501538403553,0,0.000706918884837312,0,0.091184960584493,0,3.55588095034235e-05,0,0,0,9.15896103416734e-06,2.89786302009991e-05,0.014903009921723,0,0.000302388755291114,0,2.48321448272637e-05,0,2.40490207547184e-05,0,0.00144965404004368,0,0.00312270277189137,0,0,0,0,0,0.000373330497039464,0,0.00313073126690819,0,0.000626340293436254,0,0.0132222911378356,0,0,0,0.000255593092483425,0,8.30725221909331e-06,0,0.00414854105264541,0,0.000858021303751657,0,0.00529117063971042,0,0.000346482441948256,0,0,0,0.0263201146523067,0,0.0024816651415009,0.0349017633147852,0,0.000661289857167505,0,0.000293034128917655,0,5.5007889512432e-05,0,0.0428003417266271,0,0.045591241786854,0,0,0,0,0,0.00013903721428511,0,0.000178195788886684,0,0.00102664792579354,3.12046919816141e-06,0.0239079659427764,0.00254407370823904,0
0,0,4.72492494588703e-05,0,0,0,0.00138626063031345,0,0,0,5.84048149721121e-05,0,0.00798795363904694,0,0.00163193558172015,0,0,0,0,0,0,0,2.8866948377342e-06,0,0.000116791721727752,0,1.37793687346444e-05,0,0,0,0,0,0,0,0,0,0,0,0,0,0,0,0,0,0,0,0,0,0.000506034810370092,0,0,0,0.00322347527146519,0,3.77337592382208e-05,0,0.000453792663161898,0,0,0,0.00467005554666907,0,0,0,0,1.58413954020656e-05,0,0,0,0.00305457288083433,0,0.000448138928683436,0,0,0,0,0,0,0,1.72022218977228e-06,0,0,0,0,0.000519390376657511,0,0
0,0.00143383717983253,0,0.00279204814858104,0,0.00154638756976755,0,0,0,2.35674288729012e-05,0,0.00283661273579671,0,0.0078448442292538,0,0,0,0,0,0,0,0.00012738086038462,0,0,0,0.000341523717742926,0,0.00244443968833399,0,0,0,0,0,0,0,2.18999357822064e-05,0,0,0,8.02620905204557e-05,0,0.00256092480997726,0,0,0,3.65910556422917e-05,0,0,0,0.000801307599217897,0,0.000383716767567242,0,0,0,0,0,0.0263201146523067,0,0,0,0.00222336056660491,0.000360748298646048,0,0.000146104051884031,0,0,0,0.00412000952994734,0,0.0246551133614773,0,0.000709185135058791,0,0,0,0,0,9.22694742351515e-06,0,6.49120166246834e-06,2.24724623533381e-06,0.000414952115431158,0.000253259177169947,0.00270119748151116,2.28240455697976e-05,0
0.0111164129049207,0,0.00770379951726913,0,0,0,0,0,0.000295653514669981,0,0,0,0.00359273623240135,0,0.0855820364875727,0,0,0,0,0,0,0,3.85998246535835e-06,0,0.00968624181322758,0,0.00762715747613995,0,0,0,0,0,0,0,0,0,0,0,0,0,3.17521428410971e-05,0,0.000149981317282192,0,0,0,0,0,0.00813434976444075,0,0,0,0,0,0.0142815793195163,0,0.000128609198442783,0,0.00467005554666907,0,0,0,0,0,0,2.20587260962428e-05,0,0.000391011227199742,0,0.0256253283479276,0,0.000418125673885501,0,0,0,0,0,0,0,0,0,0,1.24265312221112e-05,0,0.000498224795835145,0,0
0,0.00353838843964621,0,0.030850813214716,0,0.00782735106151983,0,0,0,0.0164862217830071,0,0,0,9.17269965892142e-05,0,0.0309975440459708,0,0.000129152524466745,5.81182769649962e-05,0,0,0,0,0,0,0,0,0,0,0,0,0,0,0,0,3.91912230515712e-06,0,1.31349293927219e-05,0,5.25851555548646e-05,0,0.00201928651210844,7.60195194326899e-06,0,0,0.000103533531404903,0,0,0,0.000327329666934254,0,0.014311850997132,0,0,0,0.0286906772205273,0,0.0024816651415009,0,0.00222336056660491,0,0,0,0,0,0,0,0,0,0,0.000413113847523912,0,0.000848721769642533,0,0,0,0,0,0,0,1.11055260343227e-05,0,0.000411753794222244,4.64205429154238e-05,0.00104221700956382,0.000304161119268728,0
0,0.00063228214927662,0,1.37847856185126e-05,0,0,0,0,0,0.000102605127805445,0,0.00121767668380222,0,0,0,0,0.00016217292980305,0.000856147283998226,0.00340386545601799,0.0576738943931967,0,1.59403388409033e-05,0,0,0,0,0,0.000276500932365282,0,0.000957428146587481,0,0,0,0,0,0.00347223907427135,0,0.00646942696879383,0,0.0102822329264697,0.000135426383398611,0.0121552067889448,2.50848985230442e-05,0,0,0.0242379643581181,1.87926887826252e-05,2.34302787937828e-05,0,3.6923795946191e-05,0,0.00578242693059772,0,0,0,0,0,0.0349017633147852,0,0.000360748298646048,0,0,0,0,7.27207357047875e-05,0,0,0,0,0,0.00717839426608415,0,0.0291026245642884,0,0,0,0,0,0.00628937694722465,0,0.00953444308473116,4.50177073948869e-06,0.00147630171483416,6.65851959536865e-06,0.00670998251295742,0.0010397907480975,1.83392005561181e-05
0,0,0.000182085433969386,0,0,0,0,0,0,0,0.00773283816825971,0,0,0,0,0,0.00016318233816454,0.000231303777872276,0.0025314980806214,0,0.101392048950105,0,0,0,0,0,0,0,5.0617403468234e-06,0,0,0,0,0,0,0,0.00836217068460249,0,0.00187874416107192,2.41786080087493e-05,0.000989393989210141,0.000125118749883267,0.00530761945250893,0,0,1.5436856332213e-05,0.0676721662898622,0,0.00126838841471381,0,0,0,0,0,0,0,0.0065564678511907,0,0,0,0,0,0,0,0,0,0,0,0,0,0,0,7.77639857091465e-05,0,0,0,0,0,2.16734913215271e-05,0.00468024405385282,2.32730710687898e-05,0.00130781662807239,0.000834532880621856,4.17153874515485e-06,0.0180207685974842,4.38964143341571e-05,0.00037067691982584
