0,0,6.53374263218471,0,14.5758485794067,0,0,0,4.92496769909827,0,0,0,0,0,0,0,0,0,3.56839895248413,0,0,0,0,0,0,0,0,0,0,0,0,0,0,0,0,0,0,0,0,0,0,0,18.0402799823828,0,0,0,0,0,10.8478541935191,0,0,0,0,0,4.62039850322345,0,6.24914030392965,0,5.47945652348655,0,3.93227496801638,0,0,0,0,0,0,2.93684977293015,0,0,0,0,0,20.0209293365479,0,0,0,0,0,0,0,0,8.86135686698713,0,15.5755230484816,0,0
0,0,0,4.24085355574085,0,0,0,0,0,3.99557071172891,0,0,0,0,0,0,0,0,9.97590379714966,0,0,30.4134635925293,0,3.90641939640045,0,0,0,0,0,0,0,0,0,0,0,0,0,14.2739375432332,0,0,0,22.1008108258247,0,0,0,0,0,0,0,10.5360904557862,0,0,0,0,0,3.91905795881901,0,8.52498192469279,0,6.07208019675631,0,4.49716700187751,0,0,0,0,0,0,14.3060693740845,0,10.7653654575348,0,19.2088941073014,0,0,0,0,0,0,0,27.6971409960491,0,15.5841755867004,0,12.3722550431076,0,0
6.53374263218471,0,0,0,17.4073654104162,0,0,0,4.85480415253412,0,0,0,0,0,0,0,0,0,11.0299414907183,0,19.0853700637817,0,0,0,0,0,0,0,0,0,0,0,0,0,0,0,0,0,0,0,42.1288585662842,0,21.3023036620196,0,0,0,0,0,6.89726582841377,0,6.42701874777328,0,0,0,4.16417570989959,0,20.5281478813716,0,0,0,3.59923815727234,0,0,0,0,0,0,0,0,0,0,0,0,27.837427684239,0,0,0,0,0,0,0,0,22.9465386000547,0,11.9941970418383,0,18.8916700681051
0,4.24085355574085,0,0,0,8.4283931382159,0,0,0,4.78441470244835,0,3.61879734992981,0,0,0,0,0,0,0,5.47830677032471,0,0,0,0,0,0,0,0,0,0,0,0,0,60.0853385925293,0,65.3596555536444,0,0,0,54.3381131490072,0,30.1628737151623,0,0,0,24.5599945552314,0,57.1250317891439,40.3994522094727,15.0674927977265,0,7.93718962420046,0,0,0,4.24733520776798,0,13.4753686648149,0,5.72684389352798,0,5.62725480938457,32.8729463985988,0,0,0,0,0,0,0,33.0680364881243,0,33.2638949502278,0,0,0,0,0,56.1600182757658,0,40.9139791488647,0,20.3917005402701,0,17.9400973951296,15.7303678512573,0
14.5758485794067,0,17.4073654104162,0,0,0,0,0,8.01441004346399,0,0,0,0,0,3.68203426258905,0,0,0,0,0,8.9666553906032,0,0,0,0,0,0,0,0,0,0,0,0,0,0,0,0,0,0,0,0,0,40.3945924264413,0,0,0,0,60.8699913024902,47.1638507843018,0,4.44027706578529,0,0,0,6.3801216173172,0,14.5077330607634,0,3.06173372268677,0,4.81484736695801,0,0,10.7998340898944,0,0,0,0,0,0,0,0,0,44.9915885925293,0,0,0,0,0,0,0,0,5.21705154850058,4.90806157588959,12.7362824594207,0,32.5128812789917
0,0,0,8.4283931382159,0,0,0,3.60617246814803,0,2.96702925782455,0,6.41438817977905,0,0,0,0,0,0,0,4.77084388230976,0,0,0,0,0,0,0,0,0,0,0,0,0,0,0,55.8170606295268,0,0,0,0,0,40.7685788472494,0,0,0,24.9606496370756,0,63.8790895213252,44.7681248982747,46.4715488978795,0,3.36982512206174,0,3.72005088154863,0,2.75194120407104,0,11.7291031678518,0,0,0,0,9.92971445012976,0,0,0,0,0,0,0,46.2063407897949,0,42.4079005800444,0,0,0,0,0,62.9883898629083,0,47.8083053588867,0,4.67303583349871,0,16.9313259573327,32.8529396057129,0
0,0,0,0,0,0,0,0,0,0,4.09440904500469,0,2.89723861217499,0,0,0,0,0,0,0,0,0,0,0,0,0,0,0,0,0,0,0,0,0,0,0,0,0,0,0,0,0,0,0,0,0,0,0,0,0,2.91069082780318,0,3.17956226944582,0,0,0,4.27475328538932,0,2.95907880578722,0,0,0,0,6.3335386912028,0,0,0,0,0,0,0,0,0,0,0,0,0,0,0,0,0,0,2.85901540517807,0,0,0,0
0,0,0,0,0,3.60617246814803,0,0,0,0,0,2.90252705982753,0,0,0,0,0,0,0,0,0,0,0,0,0,0,0,0,0,0,0,0,0,0,0,0,0,0,0,0,0,0,0,0,0,0,0,0,0,0,0,3.68036485802044,0,3.06628402074178,0,0,0,3.36879770217403,0,0,0,0,0,0,0,0,0,0,0,0,0,0,0,0,0,0,0,0,0,0,0,0,3.79859903082252,0,0,0,0
4.92496769909827,0,4.85480415253412,0,8.01441004346399,0,0,0,0,0,0,0,0,0,3.88042248961746,0,12.8146986421549,49.4566576821463,27.1456451416016,0,0,0,32.3588066101074,36.8418960571289,6.39076009774819,49.5251960754395,5.82961133718491,0,0,0,0,0,0,0,0,0,0,0,4.37370696103662,0,51.6040706634521,0,16.2192978708489,0,38.4713668823242,0,0,0,10.7193387150764,0,6.48737187819047,0,0,0,5.19283924890278,0,0,0,0,0,4.44168750351551,0,0,0,0,0,0,4.21870285411214,0,4.65545975534539,0,0,0,0,0,0,0,0,0,0,0,9.23299915399124,6.59878208508363,5.60775947317164,9.05302584016478,0,3.23471776644389
0,3.99557071172891,0,4.78441470244835,0,2.96702925782455,0,0,0,0,0,0,0,0,0,4.12971350481344,0,5.85198020935059,0,0,0,0,0,3.04987397789955,0,4.74641251564026,0,0,0,0,0,0,0,0,0,0,0,4.61905632019043,0,0,0,15.2257330200889,0,0,0,0,0,0,0,0,0,0,0,0,0,4.62554535214751,0,0,0,0,0,4.6959080795447,0,0,0,0,6.52751207351685,0,5.82195133715868,0,0,0,0,0,0,0,0,0,0,0,7.14499994480249,0,4.78836198013984,5.79115520204817,8.38426579405728,5.06309223175049,0
0,0,0,0,0,0,4.09440904500469,0,0,0,0,0,3.06852845487923,0,0,0,0,0,0,0,3.50445346996702,0,0,0,0,0,0,0,2.8364740137784,0,3.92381022958195,0,0,0,0,0,3.22303622740286,0,3.37985674428268,0,0,0,0,0,0,0,0,0,0,0,0,0,4.44041940927506,0,0,0,6.16503966652159,0,4.54478591680527,0,0,0,0,4.68355133718458,0,0,0,0,0,0,0,0,0,5.51717650606519,0,0,0,0,0,13.6671600682395,0,4.87306002517799,3.69190893708703,2.75041651725769,28.1983375549316,0,0
0,0,0,3.61879734992981,0,6.41438817977905,0,2.90252705982753,0,0,0,0,0,2.95008916810085,0,0,0,0,0,3.34006801329621,0,0,0,0,0,0,0,2.83243718412187,0,3.30237803459167,0,0,0,0,0,4.1133045400892,0,3.7629029952358,0,0,0,0,0,0,0,0,0,0,0,0,0,3.98614553125893,0,2.74137330055237,0,0,0,4.66823056324449,0,3.12497758865356,0,0,3.95530584168299,0,0,0,0,0,0,0,3.05235624313354,0,5.86932277973787,0,0,0,0,0,9.25990161269602,0,5.29533729833715,0,3.38947944850712,0,3.35505900118086,0,0
0,0,0,0,0,0,2.89723861217499,0,0,0,3.06852845487923,0,0,0,3.2897544002533,0,0,0,0,0,0,0,0,0,0,0,0,0,0,0,3.41850455980452,0,0,0,0,0,0,0,0,0,0,0,0,0,0,0,0,0,0,0,0,0,0,0,0,0,3.55535742159813,0,3.56114173838587,0,3.936037551273,0,0,0,0,0,0,0,0,0,0,3.27394404062411,0,4.13969402313232,0,0,0,0,0,0,0,0,3.33362415257622,3.04277382791042,0,0,0
0,0,0,0,0,0,0,0,0,0,0,2.95008916810085,0,0,0,3.12528450983875,0,8.84435106025023,0,0,0,0,0,0,0,0,0,3.37889806429545,0,0,0,0,0,0,0,0,0,0,0,0,0,0,0,0,0,0,0,0,0,0,0,0,0,0,0,0,0,3.08142376534733,0,3.96835251095154,0,3.2423726717631,0,0,0,0,0,0,0,0,4.86072587966919,0,0,0,0,0,0,0,0,0,0,0,3.10123694896698,2.99554830438951,0,0,0
0,0,0,0,3.68203426258905,0,0,0,3.88042248961746,0,0,0,3.2897544002533,0,0,0,8.12007169471438,51.3846412658691,0,0,0,0,0,0,18.7608852386475,0,4.51021401882172,0,0,0,0,0,0,0,0,0,0,0,0,0,0,0,0,0,0,0,0,0,0,0,4.0059621205201,0,0,0,4.6093852519989,0,0,0,3.73163361019558,0,5.091530673417,0,0,0,0,0,0,14.0681961774826,0,3.74424040317535,0,0,0,0,0,0,0,0,0,0,0,0,4.86833036608166,3.85684967041016,0,0,0
0,0,0,0,0,0,0,0,0,4.12971350481344,0,0,0,3.12528450983875,0,0,41.51806640625,6.81548229130832,0,0,0,0,0,0,0,4.06312012672424,0,0,0,0,0,0,0,0,0,0,0,0,0,0,0,0,0,0,0,0,0,0,0,0,0,0,0,0,0,8.0674823919932,0,0,0,5.13709690570831,0,4.37531064033508,0,0,0,0,0,0,4.22307776635693,0,0,0,0,0,0,0,0,0,0,0,0,0,3.70735427004392,2.74258503913879,0,0,0
0,0,0,0,0,0,0,0,12.8146986421549,0,0,0,0,0,8.12007169471438,41.51806640625,0,30.1099254976969,24.5108142697531,0,0,35.2523651123047,6.86834671008842,35.9832327406285,16.6559360337257,40.6311697006226,8.75183585859645,0,6.220236937205,0,0,0,0,0,0,124.3258934021,100.013084411621,0,0,82.6998062133789,70.271577835083,58.4690301956669,52.1411358833313,38.8963969548543,51.2213815053304,48.9338200432914,60.4657780191173,0,0,0,0,0,0,0,29.5755804502047,0,74.5367813110352,0,0,0,6.28690041028536,0,51.8282508850098,81.917371114095,0,6.8952949322187,36.1242411931356,22.5518808450018,42.4808838367462,15.1809048056602,0,0,65.740454864502,75.1870269775391,0,0,0,0,69.6768586510106,80.4003960596372,77.3296305338542,64.5259235927037,18.2531568953725,6.06951156901649,51.1055131173349,48.8978366851807,58.7991523742676
0,0,0,0,0,0,0,0,49.4566576821463,5.85198020935059,0,0,0,8.84435106025023,51.3846412658691,6.81548229130832,30.1099254976969,0,24.0763032674485,0,0,6.43144593156617,77.9894472757975,19.9574265600253,37.0721566907821,13.1928683139766,48.7030287848579,5.84095794813974,57.6430015563965,0,0,0,0,0,0,82.0827331542969,116.898382568359,0,0,96.8684196472168,92.0938129425049,57.1948380788167,70.3641542954878,45.3097059461806,68.9145965576172,62.5161116463797,58.2857513427734,0,0,0,0,0,0,0,51.3890520731608,0,57.9318389892578,0,0,0,0,4.50766324996948,81.4085998535156,76.2034912109375,0,0,24.1271503087694,38.9196023439106,15.716824334285,37.8132518132528,0,0,0,51.12109375,0,0,0,0,83.0487659573555,100.218501946865,69.0837106704712,82.4121265411377,16.7075236874041,4.09732129541748,57.2125178492347,45.4357588918586,32.0401840209961
3.56839895248413,9.97590379714966,11.0299414907183,0,0,0,0,0,27.1456451416016,0,0,0,0,0,0,0,24.5108142697531,24.0763032674485,0,0,0,0,42.1256421407064,36.8395474553108,33.1937053544181,41.7480438495504,63.1754989624023,0,0,0,0,0,0,0,60.6318893432617,72.6485188249229,68.63084214905,0,65.225944519043,40.4642012459891,33.7520409058454,28.4833512790472,24.288581761761,19.8279128792012,13.9839612753353,30.8985022056003,28.473054178383,52.2196941375732,14.0093622207642,32.4980142593384,0,0,0,0,22.882216334343,0,32.9514729683859,36.8286666870117,0,0,0,0,44.4573685014752,36.9674766451813,0,39.8427314758301,27.0577331119114,31.7552433013916,30.2370683125087,80.6578140258789,38.3921092987061,0,35.4899576328419,34.3566697064568,0,0,0,0,51.0870894788417,54.3395334861182,37.4641338366907,37.6124515839439,14.5735243167269,36.2156143188477,26.9395172670432,25.885150389178,21.9003773047545
0,0,0,5.47830677032471,0,4.77084388230976,0,0,0,0,0,3.34006801329621,0,0,0,0,0,0,0,0,0,0,0,0,0,0,0,0,0,0,0,0,0,0,0,3.91990569461429,0,5.58461441278458,0,0,0,34.7525043487549,0,0,0,9.26434631347656,0,52.8657366434733,55.8490867614746,38.3506062825521,0,8.21911096572876,0,0,0,0,0,3.08863464991252,0,0,0,0,5.00342970065387,0,0,0,0,0,0,0,0,0,22.906379789114,0,0,0,0,0,6.235708423782,0,10.0057777808263,0,4.94152265787125,0,11.5266176645572,28.9032936096191,0
0,0,19.0853700637817,0,8.9666553906032,0,0,0,0,0,3.50445346996702,0,0,0,0,0,0,0,0,0,0,0,0,0,0,0,0,0,0,0,0,0,0,0,0,0,5.05356663511467,0,6.76471889936007,0,28.653678894043,0,35.7815839594061,0,0,0,15.216983795166,44.1103324890137,37.0673141479492,0,7.36884307861328,0,0,0,0,0,5.6059576573773,0,0,0,0,0,0,5.69576494661465,0,0,0,0,0,0,0,0,0,11.1877342914713,0,0,0,0,0,7.53152986654601,0,9.94796459414378,8.22214122613271,0,7.79988003822795,0,30.1314878463745
0,30.4134635925293,0,0,0,0,0,0,0,0,0,0,0,0,0,0,35.2523651123047,6.43144593156617,0,0,0,0,3.41035134377687,5.8884672012882,0,4.07978612908693,0,4.29889085076072,0,0,0,0,0,0,0,0,0,5.51597543888981,0,0,0,55.1830940246582,0,0,0,0,0,0,0,10.00730688581,0,0,0,0,0,0,0,22.4487009945079,0,22.6624285380046,0,0,35.2289390563965,0,5.50781403062802,5.00914700826009,4.94901705334205,0,8.27965610814326,0,11.0396851340253,0,14.939635491707,0,0,0,15.8474645614624,0,0,0,9.56343922198489,0,3.6647008994613,3.48873992760976,25.5297360596833,0,0
0,0,0,0,0,0,0,0,32.3588066101074,0,0,0,0,0,0,0,6.86834671008842,77.9894472757975,42.1256421407064,0,0,3.41035134377687,0,0,6.62989454269409,0,5.11458547785878,0,4.5223307738433,0,0,0,0,0,0,0,0,0,3.43723318819861,0,77.6281967163086,0,0,0,59.1805381774902,0,0,0,10.0994571184708,0,0,0,0,0,0,0,0,0,0,0,0,0,0,0,0,4.50060901300269,0,3.85624159750391,0,4.05511159631941,0,8.48614380974323,0,9.52334690093994,0,0,0,0,0,84.4514312744141,0,5.22522557605397,5.36191816389561,3.59279759724935,0,0,0
0,3.90641939640045,0,0,0,0,0,0,36.8418960571289,3.04987397789955,0,0,0,0,0,0,35.9832327406285,19.9574265600253,36.8395474553108,0,0,5.8884672012882,0,0,0,4.15046458749385,0,0,0,0,0,0,0,0,0,0,0,4.33249175703371,0,0,0,8.7899923324585,73.5855293273926,0,0,0,0,0,0,7.980660370418,0,0,0,0,0,7.13439123254073,0,18.4651184082031,0,0,0,0,0,0,5.28119228312359,0,4.44033379332964,0,5.30754675467809,0,7.56043270656041,0,14.5136303901672,0,0,0,0,0,0,68.4793319702148,6.38487313256847,0,12.3387922777546,0,8.68672094711891,0,0
0,0,0,0,0,0,0,0,6.39076009774819,0,0,0,0,0,18.7608852386475,0,16.6559360337257,37.0721566907821,33.1937053544181,0,0,0,6.62989454269409,0,0,45.3915147781372,3.09243331583895,0,0,0,0,0,0,0,0,0,0,0,3.84637420256059,0,0,0,6.1080447435379,0,0,0,0,0,7.42371039132814,0,0,0,0,0,3.24272527297338,0,0,0,0,0,0,0,0,0,0,4.59608671976172,22.7517204284668,4.05382276305408,0,3.91497909519034,0,7.00071223576864,0,0,0,0,0,0,0,0,0,5.87098193698459,8.45550655669023,0,4.4665907507851,0,7.64711761474609
0,0,0,0,0,0,0,0,49.5251960754395,4.74641251564026,0,0,0,0,0,4.06312012672424,40.6311697006226,13.1928683139766,41.7480438495504,0,0,4.07978612908693,0,4.15046458749385,45.3915147781372,0,0,4.79017179352897,0,0,0,0,0,0,0,0,0,0,0,0,0,54.1547966003418,0,48.4437713623047,0,0,0,0,0,0,0,0,0,0,0,0,0,0,0,0,0,2.95762157440186,0,0,4.87733308474223,0,4.05215452568872,0,4.61039805591555,0,3.99534869194031,0,0,0,0,0,0,0,96.2075729370117,125.341934204102,0,0,12.4205767697975,0,0,52.4856224060059,0
0,0,0,0,0,0,0,0,5.82961133718491,0,0,0,0,0,4.51021401882172,0,8.75183585859645,48.7030287848579,63.1754989624023,0,0,0,5.11458547785878,0,3.09243331583895,0,0,0,3.32843739456601,0,0,0,0,0,0,0,0,0,0,0,0,0,0,0,0,0,0,0,0,0,0,0,0,0,0,0,0,0,0,0,0,0,0,0,0,5.60553456290824,0,3.45942782143415,76.2170333862305,3.91260379766563,0,4.01225360234578,0,0,0,0,0,0,0,0,0,0,12.6503624163176,0,0,0,0
0,0,0,0,0,0,0,0,0,0,0,2.83243718412187,0,3.37889806429545,0,0,0,5.84095794813974,0,0,0,4.29889085076072,0,0,0,4.79017179352897,0,0,0,3.19277578740974,0,0,0,0,0,0,0,2.73086452484131,0,0,0,0,0,0,0,0,0,0,0,4.78169250488281,0,0,0,0,0,0,0,2.88048518621005,0,4.02629335403442,0,0,0,0,2.95405467918941,0,0,0,3.37331373861858,0,4.47791867069502,0,4.87815725326538,0,0,0,0,0,0,0,4.84893584251404,0,2.97010757525762,0,0,0,0
0,0,0,0,0,0,0,0,0,0,2.8364740137784,0,0,0,0,0,6.220236937205,57.6430015563965,0,0,0,0,4.5223307738433,0,0,0,3.32843739456601,0,0,0,3.09030019843971,0,0,0,0,0,0,0,2.90942333726322,0,0,0,0,0,0,0,0,0,0,0,0,0,0,0,0,0,2.80119454115629,0,3.85659365093007,0,0,0,0,0,0,0,0,0,0,3.90272063016891,0,4.20713282436938,0,4.56061050576984,0,0,0,0,0,0,0,15.4735397574722,3.9155790961307,0,0,0,0
0,0,0,0,0,0,0,0,0,0,0,3.30237803459167,0,0,0,0,0,0,0,0,0,0,0,0,0,0,0,3.19277578740974,0,0,0,0,0,0,0,0,0,3.60869108118037,0,0,0,0,0,0,0,0,0,0,0,0,0,0,0,0,0,0,0,0,0,0,0,0,0,0,0,0,0,0,0,0,4.64561729253949,0,7.60085605906549,0,0,0,0,0,0,0,4.54180418877375,0,3.0089329589497,0,0,0,0
0,0,0,0,0,0,0,0,0,0,3.92381022958195,0,3.41850455980452,0,0,0,0,0,0,0,0,0,0,0,0,0,0,0,3.09030019843971,0,0,0,0,0,0,0,0,0,2.92852631859157,0,0,0,0,0,0,0,0,0,0,0,0,0,0,0,0,0,4.09914214817094,0,0,0,0,0,0,0,0,0,0,0,0,0,0,2.89181416375296,0,3.79269837394474,0,0,0,0,0,0,0,3.24235345335568,2.83121201571296,0,0,0,0
0,0,0,0,0,0,0,0,0,0,0,0,0,0,0,0,0,0,0,0,0,0,0,0,0,0,0,0,0,0,0,0,6.26904256111998,3.40912463929918,0,3.14988037847704,4.96116399765015,0,0,0,0,0,0,0,0,0,0,4.9027834357262,0,13.9095888137817,0,0,0,0,0,0,0,0,0,0,0,0,0,0,0,0,0,0,0,0,0,0,0,0,4.81579589999579,8.01206518642089,0,0,5.02393171155877,5.19367558615548,0,0,3.79327316119753,0,12.403076171875,0,0
0,0,0,0,0,0,0,0,0,0,0,0,0,0,0,0,0,0,0,0,0,0,0,0,0,0,0,0,0,0,0,6.26904256111998,0,0,3.10663415491581,0,3.13614204898477,0,0,0,0,0,0,0,0,0,0,5.10146924119872,0,0,0,0,0,0,0,0,0,0,0,0,0,0,0,0,0,0,0,0,0,0,0,0,0,0,5.63852808946445,4.69069955215054,0,0,0,4.55775776039175,0,0,3.68535076682247,0,5.66879844665527,0,0
0,0,0,60.0853385925293,0,0,0,0,0,0,0,0,0,0,0,0,0,0,0,0,0,0,0,0,0,0,0,0,0,0,0,3.40912463929918,0,0,3.78660799952241,7.2922832917194,0,3.94180812634213,3.79535818099976,0,0,0,0,0,0,43.6179695129395,0,5.84506189656591,0,16.6959828596849,0,0,0,0,0,0,0,0,0,0,0,0,0,0,0,0,0,0,0,0,0,0,0,0,10.9810098597878,6.18712774912516,5.30598177870225,4.59193093094387,9.33136085940398,0,6.66419878839993,0,4.40495960686796,6.12017463262265,15.1807629013062,0,0
0,0,0,0,0,0,0,0,0,0,0,0,0,0,0,0,0,0,60.6318893432617,0,0,0,0,0,0,0,0,0,0,0,0,0,3.10663415491581,3.78660799952241,0,0,3.97652424099269,2.83948561350505,3.8127447291622,0,0,0,49.4628615812822,0,0,0,0,4.36883962496896,14.6829919815063,0,0,0,0,0,0,0,0,0,0,0,0,0,0,0,0,0,0,0,0,0,0,0,0,60.8274192810059,0,5.7231374539156,4.19123293079945,7.24497095336811,0,9.12764556914414,0,9.25392562023644,6.27773569027583,0,9.83083534240723,0,49.0685787200928
0,0,0,65.3596555536444,0,55.8170606295268,0,0,0,0,0,4.1133045400892,0,0,0,0,124.3258934021,82.0827331542969,72.6485188249229,3.91990569461429,0,0,0,0,0,0,0,0,0,0,0,3.14988037847704,0,7.2922832917194,0,0,2.93085481073255,4.55049926865126,0,40.6345873612624,0,45.3455291954247,89.8835601806641,66.3682613372803,0,36.5075123945872,0,13.5963559972829,0,14.5884653589,0,0,0,0,0,0,0,14.5466974865307,0,0,0,72.5336710611979,5.05373968290246,0,0,0,0,0,0,0,81.6160278320312,0,82.5752538045247,0,3.05105257034302,6.75830507278442,24.7080396223759,0,8.78941453716899,3.16107019256143,9.68881226502051,0,6.42502711381319,4.9764735609293,22.0773721534327,47.4877845394996,0
0,0,0,0,0,0,0,0,0,0,3.22303622740286,0,0,0,0,0,100.013084411621,116.898382568359,68.63084214905,0,5.05356663511467,0,0,0,0,0,0,0,0,0,0,4.96116399765015,3.13614204898477,0,3.97652424099269,2.93085481073255,0,0,5.48081567831039,0,47.833605980051,72.7892323448544,51.00350859182,0,57.7151349695717,0,34.3308994124917,4.0071783264478,23.2924666681955,4.22551250457764,0,0,0,0,0,0,8.58166175592141,0,0,0,0,0,0,14.5316970339069,0,0,0,0,0,0,0,0,0,61.0211844010787,4.01120535532633,4.00201634553763,0,21.0505191258022,3.16442607724389,7.77654525356878,0,12.8612511459317,7.31064225443258,4.16507107136296,29.1667520113751,0,48.597620994282
0,14.2739375432332,0,0,0,0,0,0,0,4.61905632019043,0,3.7629029952358,0,0,0,0,0,0,0,5.58461441278458,0,5.51597543888981,0,4.33249175703371,0,0,0,2.73086452484131,0,3.60869108118037,0,0,0,3.94180812634213,2.83948561350505,4.55049926865126,0,0,3.36756638406028,0,0,48.4799537658691,0,0,0,0,0,3.61248438609274,0,4.96819205049609,0,0,0,0,0,6.49951288385211,0,4.21824567157067,0,0,0,0,16.0180357979692,0,5.41592814632923,0,8.41124868392944,0,0,0,6.29279969486536,0,3.88607306557524,0,0,0,7.11476191672786,4.58780851818266,7.82245054761487,0,5.51659059593377,4.43704105198868,4.10174850472038,3.57753388126298,7.19498114382967,32.3512072563171,0
0,0,0,0,0,0,0,0,4.37370696103662,0,3.37985674428268,0,0,0,0,0,0,0,65.225944519043,0,6.76471889936007,0,3.43723318819861,0,3.84637420256059,0,0,0,2.90942333726322,0,2.92852631859157,0,0,3.79535818099976,3.8127447291622,0,5.48081567831039,3.36756638406028,0,0,54.6184425354004,0,54.0060447244083,0,68.0573959350586,0,49.5506973266602,5.53674426945773,6.94594177708414,0,0,0,0,0,7.10608605827604,0,6.49612893440105,0,0,0,0,0,0,8.97480471730232,0,4.0288599726272,0,5.84550314370766,0,0,0,7.15012559360928,0,8.14605024456978,0,0,0,8.94338821113845,0,6.90379611924773,4.31874312673296,5.30575412671493,4.80494282278554,5.06956293117041,6.02118681386574,0,51.4899574279785
0,0,0,54.3381131490072,0,0,0,0,0,0,0,0,0,0,0,0,82.6998062133789,96.8684196472168,40.4642012459891,0,0,0,0,0,0,0,0,0,0,0,0,0,0,0,0,40.6345873612624,0,0,0,0,0,19.0537491542376,56.2835845947266,28.0369342565536,0,27.7125329971313,0,15.3487843513489,25.2002540315901,7.6210194048274,0,50.985481262207,0,0,0,0,0,55.777042388916,0,0,0,49.948070526123,9.4945070811438,78.9530868530273,0,0,0,0,0,0,0,0,45.243736076355,0,2.94393634796143,0,0,0,10.4123361162021,90.5177871704102,18.3172667904904,0,33.4728889980832,46.005916595459,13.2392204825548,17.8672613514124,54.1938985188802
0,0,42.1288585662842,0,0,0,0,0,51.6040706634521,0,0,0,0,0,0,0,70.271577835083,92.0938129425049,33.7520409058454,0,28.653678894043,0,77.6281967163086,0,0,0,0,0,0,0,0,0,0,0,0,0,47.833605980051,0,54.6184425354004,0,0,39.5813238480512,19.3836692588809,0,24.4302683927575,0,32.4738528959213,6.12279101470848,8.66356086679574,0,0,0,0,0,0,0,43.7238285541534,0,0,0,0,0,0,9.19695867646125,0,0,0,0,0,0,0,0,0,15.8673446207871,0,4.68835636843806,0,0,74.9839134216309,11.5910223336672,0,12.6497104024887,46.6473427878486,0,10.3699559842968,0,18.9223940813983
0,22.1008108258247,0,30.1628737151623,0,40.7685788472494,0,0,0,15.2257330200889,0,0,0,0,0,0,58.4690301956669,57.1948380788167,28.4833512790472,34.7525043487549,0,55.1830940246582,0,8.7899923324585,0,54.1547966003418,0,0,0,0,0,0,0,0,0,45.3455291954247,72.7892323448544,48.4799537658691,0,19.0537491542376,39.5813238480512,0,14.4789342058116,15.5109493517014,29.3082479476929,29.6523977597555,58.3730926513672,15.6914537428498,52.9102783203125,12.2065755034146,0,38.327018737793,0,0,0,18.4990386962891,53.1232051849365,18.1106563889703,0,28.7465124130249,0,32.8294283548991,26.8776333117178,55.7242012023926,0,0,47.3388214111328,0,28.5844821929932,0,19.6430645224489,0,14.380141272598,65.3031832377116,0,0,0,0,26.356758579475,53.3400478437253,16.8480579830164,53.0391836166382,15.3213083751887,27.8088434659518,15.4448192886722,9.83468160355335,26.2408416514494
18.0402799823828,0,21.3023036620196,0,40.3945924264413,0,0,0,16.2192978708489,0,0,0,0,0,0,0,52.1411358833313,70.3641542954878,24.288581761761,0,35.7815839594061,0,0,73.5855293273926,6.1080447435379,0,0,0,0,0,0,0,0,0,49.4628615812822,89.8835601806641,51.00350859182,0,54.0060447244083,56.2835845947266,19.3836692588809,14.4789342058116,0,0,15.4485237306936,0,29.8030848340092,14.5161741663186,11.0338894582163,37.4794185638428,41.4782524108887,0,0,0,18.1265563964844,0,18.436904763182,0,0,0,0,0,50.5645027160645,23.2517189688118,0,0,0,21.9039726257324,44.286319732666,0,0,0,0,14.8740929286714,0,0,0,44.5049285888672,64.5048716068268,32.9069730058733,0,22.6984187652667,20.4366617557886,26.4775371551514,14.6137417632632,40.6716823577881,9.7902832197869
0,0,0,0,0,0,0,0,0,0,0,0,0,0,0,0,38.8963969548543,45.3097059461806,19.8279128792012,0,0,0,0,0,0,48.4437713623047,0,0,0,0,0,0,0,0,0,66.3682613372803,0,0,0,28.0369342565536,0,15.5109493517014,0,0,0,11.3482819307934,56.7593421936035,0,0,0,0,0,0,0,0,0,54.1716346740723,0,0,0,0,0,35.9613428617779,0,0,0,0,0,0,0,0,0,30.9088814258575,0,0,0,0,0,31.3506211761395,90.2106272379557,31.7317996025085,66.9052276611328,21.9794051071693,20.4025115966797,15.0948933220428,17.4758128325144,0
0,0,0,0,0,0,0,0,38.4713668823242,0,0,0,0,0,0,0,51.2213815053304,68.9145965576172,13.9839612753353,0,0,0,59.1805381774902,0,0,0,0,0,0,0,0,0,0,0,0,0,57.7151349695717,0,68.0573959350586,0,24.4302683927575,29.3082479476929,15.4485237306936,0,0,0,17.6273756566062,31.5513591766357,25.8551006317139,0,0,0,0,0,0,0,26.7504059718205,0,0,0,0,0,0,29.4408519051292,0,0,0,0,0,0,0,0,0,28.1926761354719,0,0,0,0,48.6321220397949,30.6725061958657,0,32.0830746378217,27.2696352481842,0,16.2897474628887,40.6735092163086,16.2877520370483
0,0,0,24.5599945552314,0,24.9606496370756,0,0,0,0,0,0,0,0,0,0,48.9338200432914,62.5161116463797,30.8985022056003,9.26434631347656,0,0,0,0,0,0,0,0,0,0,0,0,0,43.6179695129395,0,36.5075123945872,0,0,0,27.7125329971313,0,29.6523977597555,0,11.3482819307934,0,0,55.5664901733398,43.8848983294343,20.9004440307617,28.8170580182757,0,32.0726442337036,0,0,0,0,0,36.1944973340598,0,0,0,32.1584276902048,9.87107623136362,0,0,0,0,0,0,0,43.4609371532093,0,33.2586225652883,0,0,0,0,0,24.1933000400314,91.7919845581055,17.1239189280404,0,29.5944721945401,0,13.1291110429764,26.5569541931152,81.9558067321777
0,0,0,0,0,0,0,0,0,0,0,0,0,0,0,0,60.4657780191173,58.2857513427734,28.473054178383,0,15.216983795166,0,0,0,0,0,0,0,0,0,0,0,0,0,0,0,34.3308994124917,0,49.5506973266602,0,32.4738528959213,58.3730926513672,29.8030848340092,56.7593421936035,17.6273756566062,55.5664901733398,0,38.4272083282471,29.5062156253391,0,0,0,0,0,0,0,21.3176215943836,0,0,0,0,0,0,10.3538408134435,0,0,0,0,0,0,0,0,0,18.2768795490265,0,0,0,0,93.6905731201172,24.4209403254248,0,15.8910719597628,42.5787383639623,0,16.324704111747,56.1959584554036,32.6618222323331
0,0,0,57.1250317891439,60.8699913024902,63.8790895213252,0,0,0,0,0,0,0,0,0,0,0,0,52.2196941375732,52.8657366434733,44.1103324890137,0,0,0,0,0,0,0,0,0,0,4.9027834357262,5.10146924119872,5.84506189656591,4.36883962496896,13.5963559972829,4.0071783264478,3.61248438609274,5.53674426945773,15.3487843513489,6.12279101470848,15.6914537428498,14.5161741663186,0,31.5513591766357,43.8848983294343,38.4272083282471,0,6.60152299129046,7.42722557543955,0,59.4788182576497,0,0,0,0,0,0,0,0,0,54.5626068115234,0,41.1639251708984,0,0,0,0,0,0,0,0,72.5266874101427,0,6.3987384378969,5.59130541963656,4.86864374081294,4.15664765960631,5.95362835738409,6.03268370009933,6.40503144264221,5.33194583573857,9.47665300881337,45.2860794067383,13.0102077326429,29.3761478424072,19.8183063779558
10.8478541935191,0,6.89726582841377,40.3994522094727,47.1638507843018,44.7681248982747,0,0,10.7193387150764,0,0,0,0,0,0,0,0,0,14.0093622207642,55.8490867614746,37.0673141479492,0,10.0994571184708,0,7.42371039132814,0,0,0,0,0,0,0,0,0,14.6829919815063,0,23.2924666681955,0,6.94594177708414,25.2002540315901,8.66356086679574,52.9102783203125,11.0338894582163,0,25.8551006317139,20.9004440307617,29.5062156253391,6.60152299129046,0,5.74509031344683,0,0,0,0,13.1072698116302,0,12.3358709937648,0,0,0,0,0,0,30.2887229919434,0,10.4200149815658,0,7.52699168175842,0,3.58838092064371,0,5.37847198022378,51.0800399780273,8.19837651947732,0,5.52297335863113,0,0,6.74829483032227,7.88508348161471,0,6.24425546043471,17.1081501274293,24.4918441772461,10.2325629672606,0,24.2540215386285
0,10.5360904557862,0,15.0674927977265,0,46.4715488978795,0,0,0,0,0,0,0,0,0,0,0,0,32.4980142593384,38.3506062825521,0,10.00730688581,0,7.980660370418,0,0,0,4.78169250488281,0,0,0,13.9095888137817,0,16.6959828596849,0,14.5884653589,4.22551250457764,4.96819205049609,0,7.6210194048274,0,12.2065755034146,37.4794185638428,0,0,28.8170580182757,0,7.42722557543955,5.74509031344683,0,0,52.4682216644287,0,0,0,0,0,8.87238984800584,0,5.84132035742415,0,7.2403851646488,28.3251196543376,0,9.00457057720277,0,5.58807445726087,0,5.00717905163765,0,6.95675778901705,0,14.1656985450577,0,6.52782118320465,0,0,0,8.59930943223173,0,7.33536285783616,0,20.7121305541559,24.3780221939087,11.8783911095665,37.5445418357849,0
0,0,6.42701874777328,0,4.44027706578529,0,2.91069082780318,0,6.48737187819047,0,0,0,0,0,4.0059621205201,0,0,0,0,0,7.36884307861328,0,0,0,0,0,0,0,0,0,0,0,0,0,0,0,0,0,0,0,0,0,41.4782524108887,0,0,0,0,0,0,0,0,0,0,0,5.07098198185364,0,4.82607230255148,0,3.47509079811557,0,4.61819960052768,0,0,8.57879755648482,0,0,0,0,0,0,0,0,0,0,0,0,0,0,0,0,0,0,4.06883118469591,7.19670724868774,7.76437751260627,0,0
0,0,0,7.93718962420046,0,3.36982512206174,0,3.68036485802044,0,0,0,3.98614553125893,0,0,0,0,0,0,0,8.21911096572876,0,0,0,0,0,0,0,0,0,0,0,0,0,0,0,0,0,0,0,50.985481262207,0,38.327018737793,0,0,0,32.0726442337036,0,59.4788182576497,0,52.4682216644287,0,0,0,4.42845249176025,0,0,0,4.27411165141096,0,3.18882608413696,0,0,11.8430938720703,0,0,0,0,0,0,0,0,0,41.7470264434814,0,0,0,0,0,55.9098043441772,0,47.0320720672607,0,8.46838092803955,0,10.9005200088872,0,0
0,0,0,0,0,0,3.17956226944582,0,0,0,4.44041940927506,0,0,0,0,0,0,0,0,0,0,0,0,0,0,0,0,0,0,0,0,0,0,0,0,0,0,0,0,0,0,0,0,0,0,0,0,0,0,0,0,0,0,0,0,0,6.10841542482376,0,0,0,0,0,0,0,0,0,0,0,0,0,0,0,0,0,0,0,0,0,0,0,0,0,3.02511738523652,0,0,0,0
0,0,0,0,0,3.72005088154863,0,3.06628402074178,0,0,0,2.74137330055237,0,0,0,0,0,0,0,0,0,0,0,0,0,0,0,0,0,0,0,0,0,0,0,0,0,0,0,0,0,0,0,0,0,0,0,0,0,0,0,4.42845249176025,0,0,0,0,0,3.16621470451355,0,0,0,0,0,0,0,0,0,0,0,0,0,0,0,0,0,0,0,0,0,0,0,0,3.87230024554513,0,0,0,0
4.62039850322345,0,4.16417570989959,0,6.3801216173172,0,0,0,5.19283924890278,0,0,0,0,0,4.6093852519989,0,29.5755804502047,51.3890520731608,22.882216334343,0,0,0,0,0,3.24272527297338,0,0,0,0,0,0,0,0,0,0,0,0,0,7.10608605827604,0,0,0,18.1265563964844,0,0,0,0,0,13.1072698116302,0,5.07098198185364,0,0,0,0,0,0,0,0,0,3.52058839797974,0,0,0,0,0,0,3.43476718960546,0,4.10872864723206,0,0,0,0,0,0,0,0,0,0,0,8.91030637138768,21.1872298049927,9.91196727752686,11.9257557456558,0,18.5624084472656
0,3.91905795881901,0,4.24733520776798,0,2.75194120407104,0,0,0,4.62554535214751,0,0,0,0,0,8.0674823919932,0,0,0,0,0,0,0,7.13439123254073,0,0,0,0,0,0,0,0,0,0,0,0,0,6.49951288385211,0,0,0,18.4990386962891,0,0,0,0,0,0,0,0,0,0,0,0,0,0,0,0,0,0,0,4.96323940188614,0,0,0,0,5.28884645214787,0,0,0,0,0,0,0,0,0,0,0,0,0,9.18564996069905,0,5.09860510826111,0,10.8505236460612,0,0
6.24914030392965,0,20.5281478813716,0,14.5077330607634,0,4.27475328538932,0,0,0,6.16503966652159,0,3.55535742159813,0,0,0,74.5367813110352,57.9318389892578,32.9514729683859,0,5.6059576573773,0,0,0,0,0,0,0,2.80119454115629,0,4.09914214817094,0,0,0,0,0,8.58166175592141,0,6.49612893440105,0,43.7238285541534,53.1232051849365,18.436904763182,54.1716346740723,26.7504059718205,0,21.3176215943836,0,12.3358709937648,0,4.82607230255148,0,6.10841542482376,0,0,0,0,0,3.92946791260741,0,4.55170771280924,0,0,14.0723752627821,0,0,0,0,0,0,0,4.32855735643946,0,8.29585313946009,0,0,0,0,0,36.2182207479105,0,18.881854057312,12.2847663967797,2.8531676530838,14.7762464191425,0,17.3408961790913
0,8.52498192469279,0,13.4753686648149,0,11.7291031678518,0,3.36879770217403,0,0,0,4.66823056324449,0,3.08142376534733,0,0,0,0,36.8286666870117,3.08863464991252,0,22.4487009945079,0,18.4651184082031,0,0,0,2.88048518621005,0,0,0,0,0,0,0,14.5466974865307,0,4.21824567157067,0,55.777042388916,0,18.1106563889703,0,0,0,36.1944973340598,0,0,0,8.87238984800584,0,4.27411165141096,0,3.16621470451355,0,0,0,0,0,5.15369788932193,0,5.89781294045625,11.669445992479,0,23.2972836494446,0,18.6168712377548,0,15.3733233724322,0,6.42037166517234,0,6.69091089673224,0,0,0,0,0,51.622814826595,0,8.44685069108621,0,4.68256568436575,0,11.7494481534688,17.9498795100621,0
5.47945652348655,0,0,0,3.06173372268677,0,2.95907880578722,0,0,0,4.54478591680527,0,3.56114173838587,0,3.73163361019558,0,0,0,0,0,0,0,0,0,0,0,0,0,3.85659365093007,0,0,0,0,0,0,0,0,0,0,0,0,0,0,0,0,0,0,0,0,0,3.47509079811557,0,0,0,0,0,3.92946791260741,0,0,0,4.10303710028529,0,0,0,0,0,0,0,0,0,0,3.73103109860824,0,24.2820110321045,0,0,0,0,0,0,0,0,3.34452631396632,4.85991477966309,9.14596583968715,0,0
0,6.07208019675631,0,5.72684389352798,0,0,0,0,0,0,0,3.12497758865356,0,3.96835251095154,0,5.13709690570831,0,0,0,0,0,22.6624285380046,0,0,0,0,0,4.02629335403442,0,0,0,0,0,0,0,0,0,0,0,0,0,28.7465124130249,0,0,0,0,0,0,0,5.84132035742415,0,3.18882608413696,0,0,0,0,0,5.15369788932193,0,0,0,4.7932599252359,0,0,0,0,0,0,6.73779964447021,0,3.86952614784241,0,6.656639367342,0,0,0,0,0,52.8234443664551,0,37.3203277587891,0,3.32668459483555,3.31230377664371,8.48190624098624,0,0
3.93227496801638,0,3.59923815727234,0,4.81484736695801,0,0,0,4.44168750351551,0,0,0,3.936037551273,0,5.091530673417,0,6.28690041028536,0,0,0,0,0,0,0,0,0,0,0,0,0,0,0,0,0,0,0,0,0,0,0,0,0,0,0,0,0,0,0,0,0,4.61819960052768,0,0,0,3.52058839797974,0,4.55170771280924,0,4.10303710028529,0,0,0,0,0,0,0,0,0,0,0,0,3.91255156199137,0,6.33181071281433,0,0,0,0,0,0,0,0,4.85566726902075,0,5.27159547805786,0,0
0,4.49716700187751,0,5.62725480938457,0,0,0,0,0,4.6959080795447,0,0,0,3.2423726717631,0,4.37531064033508,0,4.50766324996948,0,0,0,0,0,0,0,2.95762157440186,0,0,0,0,0,0,0,0,0,72.5336710611979,0,0,0,49.948070526123,0,32.8294283548991,0,0,0,32.1584276902048,0,54.5626068115234,0,7.2403851646488,0,0,0,0,0,4.96323940188614,0,5.89781294045625,0,4.7932599252359,0,0,31.0447568893433,0,0,0,0,0,3.16010564565659,0,0,0,40.0948210323558,0,0,0,0,0,61.1600929896037,0,40.7637587047759,0,5.29556212160322,0,20.1213956822406,0,0
0,0,0,32.8729463985988,0,9.92971445012976,0,0,0,0,0,3.95530584168299,0,0,0,0,51.8282508850098,81.4085998535156,44.4573685014752,5.00342970065387,0,35.2289390563965,0,0,0,0,0,0,0,0,0,0,0,0,0,5.05373968290246,0,16.0180357979692,0,9.4945070811438,0,26.8776333117178,50.5645027160645,35.9613428617779,0,9.87107623136362,0,0,0,28.3251196543376,0,11.8430938720703,0,0,0,0,0,11.669445992479,0,0,0,31.0447568893433,0,0,0,0,0,0,0,0,26.1042208158053,0,19.0804356920986,0,0,0,0,0,10.1070814933096,83.0536613464355,11.2758970104629,0,23.3502212365468,0,16.0509825788124,44.0610546698937,0
0,0,0,0,10.7998340898944,0,6.3335386912028,0,0,0,4.68355133718458,0,0,0,0,0,81.917371114095,76.2034912109375,36.9674766451813,0,5.69576494661465,0,0,0,0,0,0,0,0,0,0,0,0,0,0,0,14.5316970339069,0,8.97480471730232,78.9530868530273,9.19695867646125,55.7242012023926,23.2517189688118,0,29.4408519051292,0,10.3538408134435,41.1639251708984,30.2887229919434,0,8.57879755648482,0,0,0,0,0,14.0723752627821,0,0,0,0,0,0,0,0,0,0,0,0,0,0,0,0,19.0994781135173,0,0,0,0,79.3436508178711,14.0868867576097,85.9371032714844,14.1417772533941,11.9076430121293,0,14.7648111511847,0,27.684413864499
0,0,0,0,0,0,0,0,0,0,0,0,0,0,0,0,0,0,0,0,0,5.50781403062802,0,5.28119228312359,0,4.87733308474223,0,2.95405467918941,0,0,0,0,0,0,0,0,0,5.41592814632923,0,0,0,0,0,0,0,0,0,0,0,9.00457057720277,0,0,0,0,0,0,0,23.2972836494446,0,0,0,0,0,0,0,0,4.93643918252529,0,5.90412164543614,0,7.87823613508006,0,10.6625855215665,0,0,0,0,0,0,0,5.99231229944134,0,3.19475332173434,0,40.7537422180176,0,0
0,0,0,0,0,0,0,0,0,0,0,0,0,0,0,0,6.8952949322187,0,39.8427314758301,0,0,5.00914700826009,4.50060901300269,0,4.59608671976172,0,5.60553456290824,0,0,0,0,0,0,0,0,0,0,0,4.0288599726272,0,0,0,0,0,0,0,0,0,10.4200149815658,0,0,0,0,0,0,0,0,0,0,0,0,0,0,0,0,0,0,4.20100556628805,0,5.31486261318234,0,5.16799065984529,0,8.3185863494873,0,0,0,0,0,0,0,4.90752979384528,5.53718078971668,0,62.1434898376465,0,0
0,0,0,0,0,0,0,0,0,6.52751207351685,0,0,0,0,0,0,36.1242411931356,24.1271503087694,27.0577331119114,0,0,4.94901705334205,0,4.44033379332964,22.7517204284668,4.05215452568872,0,0,0,0,0,0,0,0,0,0,0,8.41124868392944,0,0,0,47.3388214111328,0,0,0,0,0,0,0,5.58807445726087,0,0,0,0,0,5.28884645214787,0,18.6168712377548,0,0,0,0,0,0,4.93643918252529,0,0,0,4.98354079291137,29.5245189666748,8.59150981632146,0,13.4383665720622,0,0,0,0,0,100.147689819336,85.2128372192383,8.28246741346504,0,15.8565496661446,0,8.85041685938835,63.2145347595215,0
2.93684977293015,0,0,0,0,0,0,0,4.21870285411214,0,0,0,0,0,14.0681961774826,0,22.5518808450018,38.9196023439106,31.7552433013916,0,0,0,3.85624159750391,0,4.05382276305408,0,3.45942782143415,0,0,0,0,0,0,0,0,0,0,0,5.84550314370766,0,0,0,21.9039726257324,0,0,0,0,0,7.52699168175842,0,0,0,0,0,3.43476718960546,0,0,0,0,0,0,0,0,0,0,4.20100556628805,0,0,0,3.53724657738959,0,4.06128086057203,0,0,0,0,0,0,0,0,0,5.95291838965295,8.17566285910231,0,10.4903129331814,0,0
0,14.3060693740845,0,0,0,0,0,0,0,5.82195133715868,0,0,0,0,0,4.22307776635693,42.4808838367462,15.716824334285,30.2370683125087,0,0,8.27965610814326,0,5.30754675467809,0,4.61039805591555,76.2170333862305,3.37331373861858,0,0,0,0,0,0,0,0,0,0,0,0,0,28.5844821929932,44.286319732666,0,0,0,0,0,0,5.00717905163765,0,0,0,0,0,0,0,15.3733233724322,0,6.73779964447021,0,3.16010564565659,0,0,5.90412164543614,0,4.98354079291137,0,0,0,5.23608148040817,0,0,0,0,0,0,0,0,0,0,0,14.2853358971952,0,19.9508199691772,0,0
0,0,0,0,0,0,0,0,4.65545975534539,0,0,0,0,0,3.74424040317535,0,15.1809048056602,37.8132518132528,80.6578140258789,0,0,0,4.05511159631941,0,3.91497909519034,0,3.91260379766563,0,3.90272063016891,0,0,0,0,0,0,0,0,0,0,0,0,0,0,0,0,0,0,0,3.58838092064371,0,0,0,0,0,4.10872864723206,0,0,0,0,0,0,0,0,0,0,5.31486261318234,29.5245189666748,3.53724657738959,0,0,0,3.37197220934569,0,0,0,0,0,0,0,0,0,0,8.2483399015362,32.9715614318848,0,0,0
0,10.7653654575348,0,33.0680364881243,0,46.2063407897949,0,0,0,0,0,3.05235624313354,0,4.86072587966919,0,0,0,0,38.3921092987061,0,0,11.0396851340253,0,7.56043270656041,0,3.99534869194031,0,4.47791867069502,0,4.64561729253949,0,0,0,0,0,81.6160278320312,0,6.29279969486536,0,0,0,19.6430645224489,0,0,0,43.4609371532093,0,0,0,6.95675778901705,0,0,0,0,0,0,0,6.42037166517234,0,3.86952614784241,0,0,26.1042208158053,0,7.87823613508006,0,8.59150981632146,0,5.23608148040817,0,0,0,5.25408615087318,0,0,0,0,0,62.2435020164207,0,5.82622631685808,0,7.35408677825009,0,21.1429367893621,21.0531525082058,0
0,0,0,0,0,0,0,0,0,0,0,0,3.27394404062411,0,0,0,0,0,0,0,0,0,8.48614380974323,0,7.00071223576864,0,4.01225360234578,0,4.20713282436938,0,2.89181416375296,0,0,0,0,0,0,0,7.15012559360928,0,0,0,0,0,0,0,0,0,5.37847198022378,0,0,0,0,0,0,0,4.32855735643946,0,3.73103109860824,0,3.91255156199137,0,0,0,0,5.16799065984529,0,4.06128086057203,0,3.37197220934569,0,0,0,4.07758728919491,0,0,0,0,0,0,0,7.91941519510948,3.06157147884369,0,5.30584268569946,0,0
0,19.2088941073014,0,33.2638949502278,0,42.4079005800444,0,0,0,0,0,5.86932277973787,0,0,0,0,65.740454864502,0,35.4899576328419,22.906379789114,0,14.939635491707,0,14.5136303901672,0,0,0,4.87815725326538,0,7.60085605906549,0,0,0,0,0,82.5752538045247,0,3.88607306557524,0,45.243736076355,0,14.380141272598,0,30.9088814258575,0,33.2586225652883,0,72.5266874101427,51.0800399780273,14.1656985450577,0,41.7470264434814,0,0,0,0,0,6.69091089673224,0,6.656639367342,0,40.0948210323558,19.0804356920986,0,10.6625855215665,0,13.4383665720622,0,0,0,5.25408615087318,0,0,0,0,0,0,0,55.9807647824287,96.0148315429688,6.17913118505403,0,34.0820963303248,43.654420035226,22.7121906684724,19.7254718674554,0
20.0209293365479,0,27.837427684239,0,44.9915885925293,0,0,0,0,0,5.51717650606519,0,4.13969402313232,0,0,0,75.1870269775391,51.12109375,34.3566697064568,0,11.1877342914713,0,9.52334690093994,0,0,0,0,0,4.56061050576984,0,3.79269837394474,0,0,0,60.8274192810059,0,61.0211844010787,0,8.14605024456978,0,15.8673446207871,65.3031832377116,14.8740929286714,0,28.1926761354719,0,18.2768795490265,0,8.19837651947732,0,0,0,0,0,0,0,8.29585313946009,0,24.2820110321045,0,6.33181071281433,0,0,19.0994781135173,0,8.3185863494873,0,0,0,0,0,4.07758728919491,0,0,0,0,0,0,0,49.1033182144165,0,5.23125840314312,28.0875185955138,61.722484588623,10.6525440781292,0,19.0447124518784
0,0,0,0,0,0,0,0,0,0,0,0,0,0,0,0,0,0,0,0,0,0,0,0,0,0,0,0,0,0,0,4.81579589999579,5.63852808946445,10.9810098597878,0,3.05105257034302,4.01120535532633,0,0,2.94393634796143,0,0,0,0,0,0,0,6.3987384378969,0,6.52782118320465,0,0,0,0,0,0,0,0,0,0,0,0,0,0,0,0,0,0,0,0,0,0,0,0,0,8.71055894631606,6.75497122067891,0,9.07141194715128,0,0,0,5.28143181592008,0,0,0,0
0,0,0,0,0,0,0,0,0,0,0,0,0,0,0,0,0,0,0,0,0,0,0,0,0,0,0,0,0,0,0,8.01206518642089,4.69069955215054,6.18712774912516,5.7231374539156,6.75830507278442,4.00201634553763,0,0,0,4.68835636843806,0,0,0,0,0,0,5.59130541963656,5.52297335863113,0,0,0,0,0,0,0,0,0,0,0,0,0,0,0,0,0,0,0,0,0,0,0,0,0,8.71055894631606,0,0,6.0960156324007,0,5.2889297678013,0,0,3.36798452536265,0,6.71378564834595,0,0
0,0,0,0,0,0,0,0,0,0,0,0,0,0,0,0,0,0,0,0,0,15.8474645614624,0,0,0,0,0,0,0,0,0,0,0,5.30598177870225,4.19123293079945,24.7080396223759,0,7.11476191672786,0,0,0,0,0,0,0,0,0,4.86864374081294,0,0,0,0,0,0,0,0,0,0,0,0,0,0,0,0,0,0,0,0,0,0,0,0,0,0,6.75497122067891,0,0,7.39213180541992,8.37872122398297,0,5.38192401785136,0,4.75269085075996,10.9872848033905,0,0,0
0,0,0,0,0,0,0,0,0,0,0,0,0,0,0,0,0,0,0,0,0,0,0,0,0,0,0,0,0,0,0,0,0,4.59193093094387,7.24497095336811,0,21.0505191258022,4.58780851818266,8.94338821113845,0,0,0,44.5049285888672,0,0,0,0,4.15664765960631,0,0,0,0,0,0,0,0,0,0,0,0,0,0,0,0,0,0,0,0,0,0,0,0,0,0,0,6.0960156324007,7.39213180541992,0,0,9.27810911944814,0,6.71125095013257,5.19303022889441,0,5.92950611114502,0,0
0,0,0,56.1600182757658,0,62.9883898629083,0,0,0,0,0,9.25990161269602,0,0,0,0,69.6768586510106,83.0487659573555,51.0870894788417,6.235708423782,0,0,0,0,0,96.2075729370117,0,0,0,0,0,5.02393171155877,0,9.33136085940398,0,8.78941453716899,3.16442607724389,7.82245054761487,0,10.4123361162021,74.9839134216309,26.356758579475,64.5048716068268,31.3506211761395,48.6321220397949,24.1933000400314,93.6905731201172,5.95362835738409,6.74829483032227,8.59930943223173,0,55.9098043441772,0,0,0,0,0,51.622814826595,0,52.8234443664551,0,61.1600929896037,10.1070814933096,79.3436508178711,0,0,100.147689819336,0,0,0,62.2435020164207,0,55.9807647824287,0,9.07141194715128,0,8.37872122398297,0,0,100.917644500732,8.67882424600244,85.5058746337891,13.8646719983683,16.7849424827931,27.8909876257907,34.6533774366413,59.2211990356445
