0,0,4.59408853948116,0,9.0413880944252,0,0,0,633.070443958044,0,0,0,0,0,2.42779472470284,0,2.26165837049484,0.32673941552639,15.8120160847902,0,1.49438598752022,0,0,0,0,0,0,0,0,0,0,0,0,0.156623244285583,7.25096079707146,0,0,0,24.1828654557467,0,6.4553584009409,0.31364369392395,292.918343618512,0,0,0,14.7594109922647,10.0001340582967,62.2733426988125,0.258290477097034,0,0,0,0,121.386503696442,0,24.8862218409777,0,0,0,177.76372089982,0,0,3.54427446424961,0,0,0,18.6802720725536,0,0,0,0,0,12.9917237907648,0,0,0.923672661185265,13.2476849555969,0,125.328902833164,0,75.8730676919222,423.472526334226,80.9303266853094,507.859709918499,0,0
0,0,0,7.48627138137817,0,0,0,0,0,1083.69290842116,0,0,0,0,0,16.6089190244675,0,0.457361787557602,82.6166512966156,0,0,0,0,0.625006422400475,0,0,0,0,0,0,0,0,0,0,0,0,0,1.14040976762772,0,58.5654335916042,0,469.770601257682,0,0,0,16.9452206343412,0,0.484643921256065,0,237.724710375071,0,0,0,0,0,459.552924439311,0,3.29000635445118,0,0,0,240.849336251616,0,0,2.66304033994675,0,22.4025087356567,0,0,0,0,0,0.539669454097748,0,0,0,0,0,139.60849352181,0,0,0,915.671143993735,13.1954521387815,450.695947512984,10.8234563469887,0
4.59408853948116,0,0,0,119.062107905746,0,0,0,12.3257133066654,0,0,0,0,0,0,0,17.0426435917616,3.00652585178614,14.2607223838568,0,0.346898898482323,0,0,0,0,0,0,0,0,0,0,0,0,0,0,0,11.2357095479965,0,0,0,57.0615723282099,0,316.928816214204,0,0,0,124.421603612602,0,8.60301660001278,0,348.574370115995,0,0,0,194.906271338463,0,33.8200896531343,0.216239467263222,33.6408506333828,0,129.486336201429,0,0,18.4468805864453,0,0,0,0,0,0,0,0,0,12.7536182403564,0,0,0,0,0,45.3191180378199,0,31.8041830807924,69.9944858178496,4.8613947480917,329.479372948408,0,0
0,7.48627138137817,0,0,0,478.527571558952,0,0,0,30.8090882748365,0,0,0,0,0,0,7.09065322577953,6.22369323670864,19.6691222786903,0.368240863084793,0,0,0,0,0,0,0,0,0,0,0,0,0,0,0,7.86751635372639,0,0,0,78.2364726811647,0,195.178627580404,0.240213602781296,0,0,80.6051672920585,0,0,1.32497085630894,108.329144880176,0,122.574490696192,0,0,0,102.728335767984,0,146.413794577122,0,136.017862334847,0,0,0.134492665529251,0,0,0,0,0,0,0,0,0,0,0,0,0,0,0,50.0828545689583,0,0,0,269.682200551033,1.98532855510712,801.672997780144,14.4032161682844,0
9.0413880944252,0,119.062107905746,0,0,0,0,0,8.41543394327164,0,0,0,0,0,0,0,0,0,3.54827833175659,0,279.954611107707,0,0,0,0,0,0,0,0,0,0,0,0,0,0,0,20.880126491189,0,0,0,23.4026730805635,0,170.071530014277,0,0,0,28.8337185233831,0,8.20655615627766,5.29733917117119,193.789230912924,0,8,0,15.859176158905,0,2.01266103982925,0,0,0,0,0,0,33.9542994052172,0,0,0,0,0,0,0,0,0,2.42485474050045,0,0,0,0.211895883083344,0,14.5123615860939,0,3.93186381459236,1514.85802224278,87.0951447039843,410.554554894567,0,0
0,0,0,478.527571558952,0,0,0,0,0,30.4622927010059,0,9.34984946250916,0,0,0,0,0.252575308084488,0.524144172668457,2.71410942077637,242.648973762989,0,0,0,0,0,0,0,0,0,0,0,0,0,0,0,6.34405198693275,0,0.261617034673691,0,8.48767048120499,0,85.5937395095825,1.19305205345154,0,0,3.52702715992928,0,0,0.197208896279335,68.5210814028978,0,71.4243736863136,0,0,0,3.71933674812317,0,8.15965297818184,0,0,0,0,78.6396986544132,0,0,0,0,0,0,0,0,0,0,0,0,0,0,0,39.633064687252,0,0,0.201388075947762,215.156866729259,8.82244838774204,653.272510662675,11.7183644920588,0
0,0,0,0,0,0,0,0,0,0,0,0,0,0,0,0,0,0,0,0,94.651143014431,0,0,0,0,0,0,0,0,0,0,0,0,0,0,0,0,0,0,0,0,0,0,0,0,0,0,0,0,0,0,0,17,0,0,0,2.53835034370422,0,0,0,0,0,0,0,0,0,0,0,0,0,0,0,0,0,0,0,0,0,0,0,0,0,65.4933619201183,0,0,0,0
0,0,0,0,0,0,0,0,0,0,0,0,0,0,0,0,0,0,0,12.6675905883312,0,0,0,0,0,0,0,0,0,0,0,0,0,0,0,0,0,0,0,0,0,0,0,0,0,0,0,0,0,0,0,0,0,0,0,0,0,0,0,4.46751880645752,0,0,7.06598201394081,0,0,0,0,0,0,0,0,0,0,0,0,0,0,0,0,0,0,0,102.133362114429,13.39434877038,0,0,0
633.070443958044,0,12.3257133066654,0,8.41543394327164,0,0,0,0,0,0,0,0,0,73.9163963496685,0,48.7639921158552,0,7.23659224808216,0,0.299515873193741,0,0,0,500.609095096588,0,53.4121530056,0,0,0,0,0,0,0,0,0,0,0,15.0864443778992,0,0.925652951002121,0,80.9886654764414,0,0,0,1.66723814606667,0.210637181997299,4.50824634730816,0,0,0,0,0,715.272141426802,0,29.5988321453333,0,0,0,120.78391200304,0,0,4.45270054042339,0,0,0,29.4508871585131,0,743.237997710705,0,0,0,12.7942520081997,0,0,0,0.67816273868084,0,35.9191377162933,0,43.1849058866501,1842.5459741801,243.587528929114,99.1089119911194,0,0
0,1083.69290842116,0,30.8090882748365,0,30.4622927010059,0,0,0,0,0,0,0,0,0,140.587414503098,0,15.8857052624226,31.7482218146324,0,0,0,0,82.8573422729969,0,1,0,0,0,0,0,0,0,0.142006158828735,0,0,0,15.2722881883383,0,11.1650949716568,0,62.5109848082066,0,0,0,5.15682995319366,0,0,0,164.797625079751,0,0,0,0,0,384.716113746166,0,1.22773808240891,0,0,0,8.26378881931305,0,0,4.96409729123116,0,59.4035265743732,0,0,0,0,0,0,0,0,0,0.184625074267387,0,8.07222092151642,0,1.14217498898506,0,1731.87703314424,738.02385032177,189.81606388092,5.43335351347923,0
0,0,0,0,0,0,0,0,0,0,0,0,129.288028478622,0,0,0,0,0,0,0,2121.92464271188,0,0,0,0,0,0,0,313.723617017269,0,65.860945224762,0,0,0,0,0,777.724756002426,0,3310.24189800024,0,0,0,0,0,0,0,0,0,0,0,0,0,0,0,0,0,644.373786792159,0,2086.21975505352,0,0,0,0,1174.78317765892,0,0,0,0,0,0,0,2549.91662102938,0,35.2001184225082,0,0,0,0,0,16.3548650741577,0,3148.46699902415,736.471746206284,1063.00330281258,0,0,0
0,0,0,0,0,9.34984946250916,0,0,0,0,0,0,0,459.845636844635,0,0,0,0,0,592.779007524252,0,0,0,0,0,0,0,123.75531104207,0,0,0,0,0,0,0,1840.79354947805,0,588.147909224033,0,0,0,0,0,0,0,1.24533867835999,0,0,0,0,0,4.62880116701126,0,0,0,0,0,1760.27741852403,0,1364.1099576354,0,0,634.51103952527,0,0,0,0,0,0,0,347.687800884247,0,6.09916281700134,0,0,0,0,0,899.682988464832,0,570.181862443686,0,322.146549493074,21.826891541481,1.2449117898941,0,0
0,0,0,0,0,0,0,0,0,0,129.288028478622,0,0,0,0,0,0,0,0,0,0,0,0,0,0,0,0,0,0,0,0,0,0,0,0,0,0,0,0,0,0,0,0,0,0,0,0,0,0,0,0,0,0,0,0,0,0,0,144.488286852837,0,0.316452533006668,0,0,0,0,0,0,0,0,0,0,0,0,0,0,0,0,0,0,0,0,0,198.802111059427,2620.17641216516,0,0,0
0,0,0,0,0,0,0,0,0,0,0,459.845636844635,0,0,0,839.677001774311,0,0,0,0,0,0,0,0,0,0,0,1.70189461112022,0,0,0,0,0,0,0,0,0,0,0,0,0,0,0,0,0,0,0,0,0,0,0,0,0,0,0,0,0,479.132827609777,0,2673.89532244205,0,630.726135730743,0,0,0,0,0,0,0,0,187.028588801622,0,0,0,0,0,0,0,0,0,0,0,388.801529109478,3343.59836313128,0,0,0
2.42779472470284,0,0,0,0,0,0,0,73.9163963496685,0,0,0,0,0,0,0,0,0,0,0,0,0,0,0,0,0,2.20332431793213,0,0,0,0,0,0,0,0,0,0,0,0,0,0,0,0.320109009742737,0,0,0,0,0,0,0,0,0,0,0,106.356992617249,0,0,0,0,0,15.6252275407314,0,0,0,0,0,0,0.572850525379181,0,0,0,0,0,0,0,0,0,0,0,0,0,0,338.872532606125,280.147518634796,1.41524630784988,0,0
0,16.6089190244675,0,0,0,0,0,0,0,140.587414503098,0,0,0,839.677001774311,0,0,0,0,0,0,0,0,0,10.4188060760498,0,0,0,0,0,0,0,0,0,0,0,0,0,0,0,0,0,1.05583062767982,0,0,0,0,0,0,0,0,0,0,0,0,0,83.6306944936514,0,0,0,339.948312163353,0,308.596266895533,0,0,0,0,0,0,0,0,0,0,0,0,0,0,0,0,0,0,0,0,431.909601315856,875.477043330669,1.17224195599556,0,0
2.26165837049484,0,17.0426435917616,7.09065322577953,0,0.252575308084488,0,0,48.7639921158552,0,0,0,0,0,0,0,0,7908.33908378333,4855.71665970236,0,1.86265890300274,0,0,0,0,0,0,0,0,0,0,0,0,0,0,0,0,0,2.62588343024254,204.433800704777,306.825281739235,70.9254393652081,146.378852888942,0,2.3931974619627,66.0449342876673,433.521328397095,0,0,0.758433118462563,1.41882508993149,0,0,0,1.83336621522903,1.19042676687241,91.2888879925013,1.30737635493279,0,0,0,0,0,19.2574292272329,0,0,0,0,0,0,0,0,0,77.763437345624,0,0,0,0,120.233966067433,950.462562724948,0,421.655580766499,3691.61231727898,27.7855402678251,481.637214303017,1.90237279236317,0
0.32673941552639,0.457361787557602,3.00652585178614,6.22369323670864,0,0.524144172668457,0,0,0,15.8857052624226,0,0,0,0,0,0,7908.33908378333,0,5146.8542746529,0,0,0,0,0,0,0,0,0,0,0,0,0,0,0,0,0,0,0,0,499.435356833041,33.558507502079,242.876742392778,25.338479578495,0,0,193.154241621494,37.0498182028532,0,0,0.264749139547348,0,0,0,0,0,0.666117608547211,7.82561872899532,3.32153160870075,0,0,0,0,3.09141460061073,1.51888261735439,0,0,0,0,0,0,0,0,0.595599189400673,8.54563132673502,0,0,0,0,210.696269318461,47.8823446333408,0,26.797045879066,1764.36075370014,78.2787230163813,637.146075829864,2.60950061678886,0
15.8120160847902,82.6166512966156,14.2607223838568,19.6691222786903,3.54827833175659,2.71410942077637,0,0,7.23659224808216,31.7482218146324,0,0,0,0,0,0,4855.71665970236,5146.8542746529,0,0,4.52704492211342,0,0,1.56455171108246,0,0,0,0,0,0,0,0,0,0,0,0,0,0,0,1987.04882583022,880.768726885319,853.404578380287,276.811983570457,0,0,949.884415045381,1580.64686092734,0,3.67491029202938,3.55123995244503,0.766434088349342,0,0,0,1.63067376613617,10.3940642774105,125.612106613815,19.46140229702,0,0,0,0,4.68635585904121,45.9413008987904,0,0,1.13118278980255,0,0,0,0,0,2.05285596847534,137.76056843996,0,0,0,0.378251299262047,1071.4680005461,1853.17874224484,0,521.408945336938,2917.22868014872,3.5848816037178,3569.5532098487,33.204604446888,0
0,0,0,0.368240863084793,0,242.648973762989,0,12.6675905883312,0,0,0,592.779007524252,0,0,0,0,0,0,0,0,0,0,0,0,0,0,0,0,0,0,0,0,0,0,0,1521.73749041557,0,240.642800092697,0,0.829260841012001,0,0,0,0,0,108.488200992346,0,0,0,0.244025990366936,0,155.662123382092,0,1.73744142055511,0,0,0,47.2499385178089,0,0,0,0,2167.23770855367,0,0,0,0,0,0,0,0,0,0,0,0,0,0,0,1524.80651804805,0,202.552679538727,0,338.802636399865,20.8456247746944,89.5731731802225,0,0
1.49438598752022,0,0.346898898482323,0,279.954611107707,0,94.651143014431,0,0.299515873193741,0,2121.92464271188,0,0,0,0,0,1.86265890300274,0,4.52704492211342,0,0,0,0,0,0,0,0,0,0,0,0,0,0,0,0,0,2032.3964548707,0,710.881034016609,0,8.46053284406662,0,0.710823401808739,0,0,0,10.0557271465659,0,0,0,89.1299698799849,0,7.55873292684555,0,0,0,1493.42581009865,0,5.1240119934082,0,0,0,0,410.918580532074,0,0,0,0,0,0,0,0,0,0.935396015644073,0,0,0,0,0,315.94819663465,0,98.2453316152096,611.900818735361,0,60.5739859268069,0,0
0,0,0,0,0,0,0,0,0,0,0,0,0,0,0,0,0,0,0,0,0,0,8621.59735676646,0,0,1,0,187.45895588398,0,0,0,0,0,0,0,0,0,2545.64384189248,168.065223708749,0,0,0,0,0,0,0,0,0,0,3.89860701560974,0,0,0,0,0,0,0,0,0,0,0,0,0,0,10515.3234670609,6943.17324000597,6.95862025022507,0,0,0,330.044388353825,0,0,0,0,0,0,0,0,0,4625.10844278336,195.331391960382,1923.24193778634,176.031893700361,0,0,0
0,0,0,0,0,0,0,0,0,0,0,0,0,0,0,0,0,0,0,0,0,8621.59735676646,0,0,701.905928224325,0,137.197545289993,0,139.58549284935,0,0,0,0,0,0,0,0,199.721097782254,1101.15292483568,0,0,0,0,0,0,0,0,0,0,0,0,0,0,0,0,0,0,0,0,0,0,0,0,0,642.660815015435,18042.2982994318,0,161.913118243217,0,481.18120610714,0,340.575128793716,0,0,0,0,0,0,0,0,33.9129538983107,2462.49833706021,2031.30846129358,1324.64975553751,0,0,0
0,0.625006422400475,0,0,0,0,0,0,0,82.8573422729969,0,0,0,0,0,10.4188060760498,0,0,1.56455171108246,0,0,0,0,0,0,406.173327326775,0,0,0,0,0,0,0,0,0,0,0,553.228119805455,0,0,0,0,0,0,0,0,0,0,0,3.75862835347652,0,0,0,0,0,12.559170588851,0,0,0,0,0,0,0,0,0.615472793579102,0,868.996123313904,0,94.0982985496521,0,0,0,0,0,0,0,0,0,0,0,3.84765455126762,0,373.465143769979,25.9537354111671,0.800725758075714,0,0
0,0,0,0,0,0,0,0,500.609095096588,0,0,0,0,0,0,0,0,0,0,0,0,0,701.905928224325,0,0,0,525.091959536076,0,0,0,0,0,0,0,0,0,0,0,91.2493297159672,0,0,0,2.15370875597,0,0,0,0,2.26910179853439,3.89683103561401,0,0,0,0,0,5.30540156364441,0,0,0,0,0,0,0,0,0,0,160.240699678659,0,1297.73262661695,0,912.110374748707,0,0,0,0,0,0,0,0.994426861405373,0,0,0,141.463970288634,771.396550238132,0,2.58197224140167,0,0
0,0,0,0,0,0,0,0,0,1,0,0,0,0,0,0,0,0,0,0,0,1,0,406.173327326775,0,0,0,0,0,0,0,0,0,0,0,0,0,0,0,0,0,0,0,0,0,0,0,0,0,0,0,0,0,0,0,0,0,0,0,0,0,0,0,0,11,0,632.309465885162,0,0,0,0,0,0,0,0,0,0,0,0,0,0,0,0,0,0,0,0
0,0,0,0,0,0,0,0,53.4121530056,0,0,0,0,0,2.20332431793213,0,0,0,0,0,0,0,137.197545289993,0,525.091959536076,0,0,0,968.835773944855,0,0,0,0,0,0,0,0,0,0,0,0,0,0,0,0,0,0,0,0,0,0,0,0,0,0,0,0,0,0,0,0,0,0,0,0,50.7913568019867,0,269.476649969816,0,449.396379649639,0,123.872382640839,0,0,0,0,0,0,0,0,0,0,278.086633086205,20.0466457605362,0,0,0
0,0,0,0,0,0,0,0,0,0,0,123.75531104207,0,1.70189461112022,0,0,0,0,0,0,0,187.45895588398,0,0,0,0,0,0,0,768.010537207127,0,0,0,0,0,0,0,0,0,0,0,0,0,0,0,0,0,0,0,0,0,0,0,0,0,0,0,175.990538090467,0,356.954330742359,0,0,0,0,254.881739616394,0,0,0,0,0,8232.2703383863,0,1248.3298330605,0,0,0,0,0,0,0,10.6339715719223,0,77.7424780726433,52.1391324102879,0,0,0
0,0,0,0,0,0,0,0,0,0,313.723617017269,0,0,0,0,0,0,0,0,0,0,0,139.58549284935,0,0,0,968.835773944855,0,0,0,2053.265273422,0,0,0,0,0,0,0,26.5705398321152,0,0,0,0,0,0,0,0,0,0,0,0,0,0,0,0,0,0,0,0,0,0,0,0,0,0,38.0915467739105,0,0,0,84.7763063907623,0,2735.28400969505,0,1856.2576738596,0,0,0,0,0,0,0,21.7145235538483,2034.49017715454,3108.86587679386,0,0,0
0,0,0,0,0,0,0,0,0,0,0,0,0,0,0,0,0,0,0,0,0,0,0,0,0,0,0,768.010537207127,0,0,0,0,0,0,0,0,0,520.301859915257,0,0,0,0,0,0,0,0,0,0,0,0,0,0,0,0,0,0,0,137.823996901512,0,0,0,0,0,0,0,0,0,0,0,0,1225.75746124983,0,2879.43092909455,0,0,0,0,0,0,0,552.791842997074,0,35.8654746413231,48.1180276870728,0,0,0
0,0,0,0,0,0,0,0,0,0,65.860945224762,0,0,0,0,0,0,0,0,0,0,0,0,0,0,0,0,0,2053.265273422,0,0,0,0,0,0,0,0,0,580.5956620574,0,0,0,0,0,0,0,0,0,0,0,0,0,0,0,0,0,350.384660303593,0,0,0,0,0,0,0,0,0,0,0,0,0,0,461.614086776972,0,398.27469265461,0,0,0,0,0,0,0,295.629504024982,281.885824918747,308.780507564545,0,0,0
0,0,0,0,0,0,0,0,0,0,0,0,0,0,0,0,0,0,0,0,0,0,0,0,0,0,0,0,0,0,0,0,2037.08094640076,52.4463666677475,3.74795162677765,1235.02572330832,128.000784635544,0,0,0,0,0,0,0,0,0,0,2320.07229468226,51.1203781962395,0,0,0,0,0,0,0,0,0,0,0,0,0,0,0,0,0,0,0,0,0,0,0,0,0,525.020960986614,2302.56319856644,12.4036156088114,0,73.9543189406395,180.64951762557,0,0,122.277106910944,0,0,0,0
0,0,0,0,0,0,0,0,0,0,0,0,0,0,0,0,0,0,0,0,0,0,0,0,0,0,0,0,0,0,0,2037.08094640076,0,17.0676465630531,40.4498279392719,192.455810263753,519.254419609904,0,0,0,0,0,0,0,0,0,0,1978.68448266387,19.5099826455116,0,0,0,0,0,0,0,0,0,0,0,0,0,0,0,0,0,0,0,0,0,0,0,0,0,168.509929001331,2186.47424885631,0,118.910500504076,126.521341085434,1040.68131290376,0,0,221.277587890625,0,0,0,0
0.156623244285583,0,0,0,0,0,0,0,0,0.142006158828735,0,0,0,0,0,0,0,0,0,0,0,0,0,0,0,0,0,0,0,0,0,52.4463666677475,17.0676465630531,0,2159.80104357004,347.794890403748,0,130.25149461627,31.4429060220718,0,0,26.6475765258074,3.1690347418189,0,0,0,0,3674.22393070161,199.652106307447,11.2476207017899,0,0,0,0,0,0,0,0,0,0,0.12557315826416,0,0,0,0,0,0,0,0,0,0,0,0,0,19.883005797863,188.97088009119,418.168861955404,4393.295463413,27.6764554977417,0,61.3302363306284,276.211177483201,1368.08225634694,3.51196765899658,5.58193553239107,0,0
7.25096079707146,0,0,0,0,0,0,0,0,0,0,0,0,0,0,0,0,0,0,0,0,0,0,0,0,0,0,0,0,0,0,3.74795162677765,40.4498279392719,2159.80104357004,0,0,429.450248360634,130.953790009022,77.7857114672661,0,0,0,12.0438140779734,0,0,0,0,1831.76068219543,17.5669039338827,0,0,0,0,0,2.20345155894756,0,0,0,0,0,0,0,0,0,0,0,0,3.08640831708908,0,0,0,0,0,0,0,215.525573581457,50.8819043040276,1939.86030554771,0,973.035587117076,9.76521643996239,889.577500119805,238.565984427929,0,42.7956144064665,0,0
0,0,0,7.86751635372639,0,6.34405198693275,0,0,0,0,0,1840.79354947805,0,0,0,0,0,0,0,1521.73749041557,0,0,0,0,0,0,0,0,0,0,0,1235.02572330832,192.455810263753,347.794890403748,0,0,5599.65218740702,1202.14272101223,0,27.7938261479139,0,7.05952295660973,0,0,0,24.9213924258947,0,36.0333859920502,0,43.6447169780731,0,0,0,0,0,0,0,96.9499804973602,0,0,0,0,4398.1014726758,0,0,0,0,0,0,0,0,0,0,0,986.015503376722,130.378514871001,761.930471032858,0,35220.9331695884,6533.20673894882,6.96839515864849,0,4168.07088120282,4234.08572649956,253.164741866291,0,0
0,0,11.2357095479965,0,20.880126491189,0,0,0,0,0,777.724756002426,0,0,0,0,0,0,0,0,0,2032.3964548707,0,0,0,0,0,0,0,0,0,0,128.000784635544,519.254419609904,0,429.450248360634,5599.65218740702,0,0,974.082730084658,0,25.8021367490292,0.284688413143158,2.35459304600954,0,0,0.95667190849781,18.4261945188046,167.930624097586,0,9.25660218298435,17.2857545316219,0,0,0,2.40011703968048,0,327.896262422204,0,2.0643482208252,0,0.443981975317001,0,0,2495.74519831687,0,0,0,0,0,0,0,0,0,0,12.6489616334438,693.878124207258,0,856.362405180931,2483.58820384741,19624.2163824439,0,529.312531977892,10300.6025673449,3296.58115914464,157.844988487661,0,0
0,1.14040976762772,0,0,0,0.261617034673691,0,0,0,15.2722881883383,0,588.147909224033,0,0,0,0,0,0,0,240.642800092697,0,2545.64384189248,199.721097782254,553.228119805455,0,0,0,0,0,520.301859915257,0,0,0,130.25149461627,130.953790009022,1202.14272101223,0,0,480.260534852743,0.119563408195972,0,272.439549252391,0,0,0,0,0,143.266545534134,0,41.563308686018,0,0,0,0,0,36.3718040287495,0,457.902766346931,0,0,0,0.168794199824333,542.735092192888,0,943.539534628391,17.1885161846876,386.416427925229,0,0,0,0,0,1104.47618633509,0,0,0,167.458129420877,0,2994.31337431073,0,22862.4450110346,6222.69210252166,1771.29407079518,122.87929160893,108.65136963129,0.388972252607346,0
24.1828654557467,0,0,0,0,0,0,0,15.0864443778992,0,3310.24189800024,0,0,0,0,0,2.62588343024254,0,0,0,710.881034016609,168.065223708749,1101.15292483568,0,91.2493297159672,0,0,0,26.5705398321152,0,580.5956620574,0,0,31.4429060220718,77.7857114672661,0,974.082730084658,480.260534852743,0,0,0.495395205914974,0,10.968572512269,0,0,0,6.08543653786182,178.104518741369,112.803370803595,0,0,0,0,0,9.29092086851597,0,2809.52452853322,0,0,0,0,0,0,465.147406496108,10.1981395184994,546.201571971178,0,192.790594875813,0,0,0,0,0,765.711269080639,0,0,0.619059085845947,121.401272594929,0,738.123070806265,75.0454892516136,14545.4822258949,6112.6723780036,2401.0038228035,43.2676063030958,0,0
0,58.5654335916042,0,78.2364726811647,0,8.48767048120499,0,0,0,11.1650949716568,0,0,0,0,0,0,204.433800704777,499.435356833041,1987.04882583022,0.829260841012001,0,0,0,0,0,0,0,0,0,0,0,0,0,0,0,27.7938261479139,0,0.119563408195972,0,0,2.99876581132412,2223.62478931993,14.608466565609,0,0,1601.58486194164,5.44927985966206,1.87248468399048,0,980.487113684416,0,0,0,0,0,11.7875664532185,1.85764418542385,6.31520736217499,0,0,0,0,62.2980723381042,0,0,0,0,0,0,0,0,0,0.747152253985405,4.82959423959255,0,0,0,0,934.828413948417,14.3381363898516,0,2.9085455685854,922.275165647268,5.95882599055767,3694.24189203978,14.4121480882168,0
6.4553584009409,0,57.0615723282099,0,23.4026730805635,0,0,0,0.925652951002121,0,0,0,0,0,0,0,306.825281739235,33.558507502079,880.768726885319,0,8.46053284406662,0,0,0,0,0,0,0,0,0,0,0,0,0,0,0,25.8021367490292,0,0.495395205914974,2.99876581132412,0,5.93533489108086,565.701244451106,0,1.75265347957611,0.226030856370926,2359.3531382978,65.784731850028,301.857015311718,0,10.8485245406628,0,0,0,8.87795424461365,0,37.3158435374498,0,0,0,2.66088981926441,0,0,419.705132506788,0,0,0,0,0,0,0,0,0,24.2059954851866,0,1.80926063656807,0,0,0.674742043018341,598.113280884922,0,171.668125577271,479.143331818283,1.642956353724,959.188585117459,0,0
0.31364369392395,469.770601257682,0,195.178627580404,0,85.5937395095825,0,0,0,62.5109848082066,0,0,0,0,0,1.05583062767982,70.9254393652081,242.876742392778,853.404578380287,0,0,0,0,0,0,0,0,0,0,0,0,0,0,26.6475765258074,0,7.05952295660973,0.284688413143158,272.439549252391,0,2223.62478931993,5.93533489108086,0,204.385307535529,0,0,333.232016511261,2.27882045507431,26.4884787797928,0.799496024847031,516.648289456964,0,0,0,0,0,86.7518566399813,7.5113929361105,520.895240187645,0,0,0,2.60836371779442,66.7778799980879,1.17415139079094,0,0,0,0,0,0,0,0,4.83656341582537,3.65946939587593,0,0,30.646650403738,0,222.528115995228,7.58168642222881,105.646791487932,12.3624550402164,2105.17744980007,42.2483527213335,5154.8073932603,288.486726671457,0
292.918343618512,0,316.928816214204,0.240213602781296,170.071530014277,1.19305205345154,0,0,80.9886654764414,0,0,0,0,0,0.320109009742737,0,146.378852888942,25.338479578495,276.811983570457,0,0.710823401808739,0,0,0,2.15370875597,0,0,0,0,0,0,0,0,3.1690347418189,12.0438140779734,0,2.35459304600954,0,10.968572512269,14.608466565609,565.701244451106,204.385307535529,0,0,9.81881248950958,0.49021503329277,576.177900761366,83.1925870478153,795.332341171801,5.38609464466572,21.8769219964743,0,0,0,223.997207552195,0,594.606614291668,0.50813364982605,0,0,17.9842126518488,0,0.164741069078445,238.013155058026,0,0,0,25.0228868424892,0,0,0,0,0.449626162648201,296.990067876875,0,0,2.72908788174391,5.00936387479305,3.03948187828064,793.293594554067,0,357.144541561604,1364.27547416836,29.9947457313538,4846.06558673084,0,0
0,0,0,0,0,0,0,0,0,0,0,0,0,0,0,0,0,0,0,0,0,0,0,0,0,0,0,0,0,0,0,0,0,0,0,0,0,0,0,0,0,0,0,0,0,0,0,0,0,0,0,0,0,0,0,0,0,0,0,0,0,0,0,0,0,0,0,0,0,0,0,0,0,0,0,0,0,0,0,0,0,0,0,0,0,0,0
0,0,0,0,0,0,0,0,0,0,0,0,0,0,0,0,2.3931974619627,0,0,0,0,0,0,0,0,0,0,0,0,0,0,0,0,0,0,0,0,0,0,0,1.75265347957611,0,9.81881248950958,0,0,0,1.19149273633957,0,0,0,0,0,0,0,0,0,0,0,0,0,0,0,0,0,0,0,0,0,0,0,0,0,0,0,0,0,0,0,0,15.3576966822147,0,1.2459489107132,10.7858593761921,0,3.64082026481628,0,0
0,16.9452206343412,0,80.6051672920585,0,3.52702715992928,0,0,0,5.15682995319366,0,1.24533867835999,0,0,0,0,66.0449342876673,193.154241621494,949.884415045381,108.488200992346,0,0,0,0,0,0,0,0,0,0,0,0,0,0,0,24.9213924258947,0.95667190849781,0,0,1601.58486194164,0.226030856370926,333.232016511261,0.49021503329277,0,0,0,2.86652380228043,0,0.190836936235428,72.9869039133191,0,0,0,0,0,8.88401463627815,0.137327194213867,6.7054230645299,0,0,0,0,631.71987375617,0.556535720825195,0,0,0,0,0,0,0,0,0.248670719563961,0.54590792953968,0,0,0,0,1466.61504791677,2.79522410035133,0.730001509189606,0.614990338683128,405.064786545932,0.550164073705673,1774.38981661946,5.14729881286621,0
14.7594109922647,0,124.421603612602,0,28.8337185233831,0,0,0,1.66723814606667,0,0,0,0,0,0,0,433.521328397095,37.0498182028532,1580.64686092734,0,10.0557271465659,0,0,0,0,0,0,0,0,0,0,0,0,0,0,0,18.4261945188046,0,6.08543653786182,5.44927985966206,2359.3531382978,2.27882045507431,576.177900761366,0,1.19149273633957,2.86652380228043,0,0,8.36916807293892,0.155863776803017,4.43518999218941,0,0,0,13.6595622897148,0,85.3396014943719,0,0,0,3.19976417720318,0,0,241.108128651977,0,0,0,0,0,0,0,0,0,41.471714258194,0,0,0,0,5.73165434598923,1846.31944783032,0,380.705393567681,752.093022696674,5.7670660763979,1416.61386597902,0,0
10.0001340582967,0.484643921256065,0,0,0,0,0,0,0.210637181997299,0,0,0,0,0,0,0,0,0,0,0,0,0,0,0,2.26910179853439,0,0,0,0,0,0,2320.07229468226,1978.68448266387,3674.22393070161,1831.76068219543,36.0333859920502,167.930624097586,143.266545534134,178.104518741369,1.87248468399048,65.784731850028,26.4884787797928,83.1925870478153,0,0,0,0,0,6457.86173504591,331.068778187037,0,0,0,0,0,0,0.637754864990711,0,0,0,0.126431673765182,0,0,0,1.61095750331879,0,0,25.9663306325674,0,0,0,0,0,0,3.69532182812691,833.94887624681,338.375352412462,932.8642334342,66.3800692260265,2429.57370002568,3973.93151091039,721.062128841877,2644.43861106038,40.6808595955372,1536.86842721701,0,0
62.2733426988125,0,8.60301660001278,1.32497085630894,8.20655615627766,0.197208896279335,0,0,4.50824634730816,0,0,0,0,0,0,0,0,0,3.67491029202938,0,0,0,0,0,3.89683103561401,0,0,0,0,0,0,51.1203781962395,19.5099826455116,199.652106307447,17.5669039338827,0,0,0,112.803370803595,0,301.857015311718,0.799496024847031,795.332341171801,0,0,0.190836936235428,8.36916807293892,6457.86173504591,0,821.819759443402,0,0,0,0,13.8463160991669,0,30.0345306396484,0,15.9994966983795,0,65.2705276012421,0,0,0.21258133649826,0,11.2880956381559,0,83.4563242644072,0,0.357367277145386,0,0,0,75.2085649520159,0,451.507664963603,74.4522357881069,22.5920917093754,0,703.434087350965,2.55015826225281,1805.40080637485,2690.62430714816,20.5104334950447,1229.66573758423,0,0
0.258290477097034,237.724710375071,0,108.329144880176,5.29733917117119,68.5210814028978,0,0,0,164.797625079751,0,0,0,0,0,0,0.758433118462563,0.264749139547348,3.55123995244503,0.244025990366936,0,3.89860701560974,0,3.75862835347652,0,0,0,0,0,0,0,0,0,11.2476207017899,0,43.6447169780731,9.25660218298435,41.563308686018,0,980.487113684416,0,516.648289456964,5.38609464466572,0,0,72.9869039133191,0.155863776803017,331.068778187037,821.819759443402,0,0.29852856695652,0,0,0,0,65.9574311971664,0.845020674169064,0.740392804145813,0,0,0.247562922537327,0,0.22404471039772,0,107.22924105823,0,28.3101435899734,0,0,0,0,0,56.6975037157536,0,0,0.525140762329102,0,0.446187704801559,497.706853047013,6.82502739131451,601.274375230074,1.14894510060549,828.97454495728,21.7340683490038,1477.13389246911,4.05677153170109,0
0,0,348.574370115995,0,193.789230912924,0,0,0,0,0,0,0,0,0,0,0,1.41882508993149,0,0.766434088349342,0,89.1299698799849,0,0,0,0,0,0,0,0,0,0,0,0,0,0,0,17.2857545316219,0,0,0,10.8485245406628,0,21.8769219964743,0,0,0,4.43518999218941,0,0,0.29852856695652,0,0,0,0,0,0,141.150175631046,0,0,0,0,0,0,76.5204513072968,0,0,0,0,0,0,0,0,0,0.686772376298904,0,0,0,0,0,26.4999154061079,0,0.196065694093704,915.575865477324,0.656371146440506,431.323838293552,0,0
0,0,0,122.574490696192,0,71.4243736863136,0,0,0,0,0,4.62880116701126,0,0,0,0,0,0,0,155.662123382092,0,0,0,0,0,0,0,0,0,0,0,0,0,0,0,0,0,0,0,0,0,0,0,0,0,0,0,0,0,0,0,0,0,0,0,0,0,71.6791019290686,0,0,0,0,199.897679805756,0,0,0,0,0,0,0,0,0,0,0,0,0,0,0,0,0,0,0,11.6356466263533,3.34436726570129,51.0266956090927,0,0
0,0,0,0,8,0,17,0,0,0,0,0,0,0,0,0,0,0,0,0,7.55873292684555,0,0,0,0,0,0,0,0,0,0,0,0,0,0,0,0,0,0,0,0,0,0,0,0,0,0,0,0,0,0,0,0,0,0,0,0,0,0,0,0,0,0,0,0,0,0,0,0,0,0,0,0,0,0,0,0,0,0,0,0,0,414.629971653223,0,0,0,0
0,0,0,0,0,0,0,0,0,0,0,0,0,0,0,0,0,0,0,1.73744142055511,0,0,0,0,0,0,0,0,0,0,0,0,0,0,0,0,0,0,0,0,0,0,0,0,0,0,0,0,0,0,0,0,0,0,0,0,0,0,0,0,0,0,0.471458911895752,0,0,0,0,0,0,0,0,0,0,0,0,0,0,0,0,0,0,0,130.783727526665,0,0.419230699539185,0,0
121.386503696442,0,194.906271338463,0,15.859176158905,0,0,0,715.272141426802,0,0,0,0,0,106.356992617249,0,1.83336621522903,0,1.63067376613617,0,0,0,0,0,5.30540156364441,0,0,0,0,0,0,0,0,0,2.20345155894756,0,2.40011703968048,0,9.29092086851597,0,8.87795424461365,0,223.997207552195,0,0,0,13.6595622897148,0,13.8463160991669,0,0,0,0,0,0,0,12.6703021675348,0,0,0,952.586418017745,0,0,4.7954486310482,0,0,0,140.574718385935,0,28.2115623950958,0,0,0,6.92485091090202,0,0,0,4.50684541463852,0,16.4853187203407,0,13.4760808050632,333.614044174552,55.3552268147469,464.488631412387,0,0
0,459.552924439311,0,102.728335767984,0,3.71933674812317,0,0,0,384.716113746166,0,0,0,0,0,83.6306944936514,1.19042676687241,0.666117608547211,10.3940642774105,0,0,0,0,12.559170588851,0,0,0,0,0,0,0,0,0,0,0,0,0,36.3718040287495,0,11.7875664532185,0,86.7518566399813,0,0,0,8.88401463627815,0,0,0,65.9574311971664,0,0,0,0,0,0,0,7.62848396599293,0,0,0,356.78411963582,0,0,39.108257189393,0,357.590117871761,0,0,0,0,0,0,0,0,0,0,0,10.7518562376499,0,8.81301096081734,0,131.574171379209,3.07811965048313,373.26179985702,5.64752952754498,0
24.8862218409777,0,33.8200896531343,0,2.01266103982925,0,2.53835034370422,0,29.5988321453333,0,644.373786792159,0,0,0,0,0,91.2888879925013,7.82561872899532,125.612106613815,0,1493.42581009865,0,0,0,0,0,0,0,0,0,350.384660303593,0,0,0,0,0,327.896262422204,0,2809.52452853322,1.85764418542385,37.3158435374498,7.5113929361105,594.606614291668,0,0,0.137327194213867,85.3396014943719,0.637754864990711,30.0345306396484,0.845020674169064,141.150175631046,0,0,0,12.6703021675348,0,0,0,152.56411704421,0,1.22854760289192,0,0,1184.27003916353,0,0,0,0,0,0,0,0,0,488.96377722919,0,0,0.431781500577927,0,0.278318047523499,132.366095259786,0,610.385280095041,1750.063651748,114.22996699065,1033.77190949768,0,0
0,3.29000635445118,0.216239467263222,146.413794577122,0,8.15965297818184,0,0,0,1.22773808240891,0,1760.27741852403,0,479.132827609777,0,0,1.30737635493279,3.32153160870075,19.46140229702,47.2499385178089,0,0,0,0,0,0,0,175.990538090467,0,137.823996901512,0,0,0,0,0,96.9499804973602,0,457.902766346931,0,6.31520736217499,0,520.895240187645,0.50813364982605,0,0,6.7054230645299,0,0,0,0.740392804145813,0,71.6791019290686,0,0,0,7.62848396599293,0,0,0,630.010754078627,0,0,673.85814037919,0,0,0,0,0,0,0,319.006717085838,0,1.70278015732765,0,0,0,0,0,40.9635125249624,0.70852267742157,77.7438275516033,0,1252.77476047724,10.1255165338516,417.835572548211,10.5406155139208,0
0,0,33.6408506333828,0,0,0,0,0,0,0,2086.21975505352,0,144.488286852837,0,0,0,0,0,0,0,5.1240119934082,0,0,0,0,0,0,0,0,0,0,0,0,0,0,0,2.0643482208252,0,0,0,0,0,0,0,0,0,0,0,15.9994966983795,0,0,0,0,0,0,0,152.56411704421,0,0,0,0,0,0,7.18168586492538,0,0,0,0,0,0,0,0,0,0,0,0,0,0,0,4.29918485879898,0,0,276.431300103664,940.736177563667,185.717649191618,0,0
0,0,0,136.017862334847,0,0,0,4.46751880645752,0,0,0,1364.1099576354,0,2673.89532244205,0,339.948312163353,0,0,0,0,0,0,0,0,0,0,0,356.954330742359,0,0,0,0,0,0,0,0,0,0,0,0,0,0,0,0,0,0,0,0,0,0,0,0,0,0,0,0,0,630.010754078627,0,0,0,201.419981837273,0,0,0,0,0,0,0,0,0,0,0,0,0,0,0,0,0,0,0,0,4103.91810929775,4708.6950481534,16.7217550724745,0,0
177.76372089982,0,129.486336201429,0,0,0,0,0,120.78391200304,0,0,0,0.316452533006668,0,15.6252275407314,0,0,0,0,0,0,0,0,0,0,0,0,0,0,0,0,0,0,0.12557315826416,0,0,0.443981975317001,0,0,0,2.66088981926441,0,17.9842126518488,0,0,0,3.19976417720318,0.126431673765182,65.2705276012421,0.247562922537327,0,0,0,0,952.586418017745,0,1.22854760289192,0,0,0,0,0,0,0.299205839633942,0,0,0,13.4876877814531,0,16.770335689187,0,0,0,1.16152992844582,0,0,0,0,0,0.45653310418129,0,0,1259.28123883903,1.61146683990955,40.7916901111603,0,0
0,240.849336251616,0,0,0,0,0,0,0,8.26378881931305,0,0,0,630.726135730743,0,308.596266895533,0,0,0,0,0,0,0,0,0,0,0,0,0,0,0,0,0,0,0,0,0,0.168794199824333,0,0,0,2.60836371779442,0,0,0,0,0,0,0,0,0,0,0,0,0,356.78411963582,0,0,0,201.419981837273,0,0,0,0,0.167475506663322,0,0,0,0,0,0,0,0,0,0,0,0,0,0,0,0,0,169.684830337763,30.1220697760582,4.96635772287846,0,0
0,0,0,0.134492665529251,0,78.6396986544132,0,7.06598201394081,0,0,0,634.51103952527,0,0,0,0,0,3.09141460061073,4.68635585904121,2167.23770855367,0,0,0,0,0,0,0,0,0,0,0,0,0,0,0,4398.1014726758,0,542.735092192888,0,62.2980723381042,0,66.7778799980879,0.164741069078445,0,0,631.71987375617,0,0,0,0.22404471039772,0,199.897679805756,0,0.471458911895752,0,0,0,673.85814037919,0,0,0,0,0,0,0,0,0,0,0,0,0,0,26.6227430105209,0,0,0,0,0,2233.2702152729,0,183.788062885404,0,987.337152898312,0,1303.37478481978,1.88668459653854,0
3.54427446424961,0,18.4468805864453,0,33.9542994052172,0,0,0,4.45270054042339,0,1174.78317765892,0,0,0,0,0,19.2574292272329,1.51888261735439,45.9413008987904,0,410.918580532074,0,0,0,0,0,0,0,0,0,0,0,0,0,0,0,2495.74519831687,0,465.147406496108,0,419.705132506788,1.17415139079094,238.013155058026,0,0,0.556535720825195,241.108128651977,0,0.21258133649826,0,76.5204513072968,0,0,0,4.7954486310482,0,1184.27003916353,0,7.18168586492538,0,0.299205839633942,0,0,0,0,0,0,0,0,0,0,0,0,121.968249753118,0,0,0,0,0,1123.27237450331,0,819.799045912921,162.1173928231,0.475482761859894,848.547593444586,0,0
0,2.66304033994675,0,0,0,0,0,0,0,4.96409729123116,0,0,0,0,0,0,0,0,0,0,0,10515.3234670609,642.660815015435,0.615472793579102,0,11,0,254.881739616394,0,0,0,0,0,0,0,0,0,943.539534628391,10.1981395184994,0,0,0,0,0,0,0,0,1.61095750331879,0,107.22924105823,0,0,0,0,0,39.108257189393,0,0,0,0,0,0.167475506663322,0,0,0,155.419341951609,593.242895439267,0,31.009984895587,0,237.617636919022,0,0,0,0,0,1.00472247600555,0,0,0,793.774605378509,1.2692015171051,1799.76087719202,320.861260920763,17.9032112360001,0,0
0,0,0,0,0,0,0,0,0,0,0,0,0,0,0,0,0,0,0,0,0,6943.17324000597,18042.2982994318,0,160.240699678659,0,50.7913568019867,0,38.0915467739105,0,0,0,0,0,0,0,0,17.1885161846876,546.201571971178,0,0,0,0,0,0,0,0,0,11.2880956381559,0,0,0,0,0,0,0,0,0,0,0,0,0,0,0,155.419341951609,0,0,408.282096982002,0,38.3810474872589,0,18.197163105011,0,0,0,0,0,0,0,0,5.96485447883606,740.948848038912,1546.01445546746,831.76203674078,0,0,0
0,22.4025087356567,0,0,0,0,0,0,0,59.4035265743732,0,0,0,0,0,0,0,0,1.13118278980255,0,0,6.95862025022507,0,868.996123313904,0,632.309465885162,0,0,0,0,0,0,0,0,0,0,0,386.416427925229,0,0,0,0,0,0,0,0,0,0,0,28.3101435899734,0,0,0,0,0,357.590117871761,0,0,0,0,0,0,0,0,593.242895439267,0,0,0,127.492365837097,0,0,0,0,0,0,0,2.10396063327789,0,0,0,30.9874351024628,0,1433.96215474606,16.3742794394493,78.0931112617254,0,0
18.6802720725536,0,0,0,0,0,0,0,29.4508871585131,0,0,0,0,0,0.572850525379181,0,0,0,0,0,0,0,161.913118243217,0,1297.73262661695,0,269.476649969816,0,0,0,0,0,0,0,3.08640831708908,0,0,0,192.790594875813,0,0,0,25.0228868424892,0,0,0,0,25.9663306325674,83.4563242644072,0,0,0,0,0,140.574718385935,0,0,0,0,0,13.4876877814531,0,0,0,0,408.282096982002,0,0,0,854.903387874365,0,0,0,0,0,0,0,22.2731347233057,0,0,2.06502509117126,515.319923251867,1707.767103374,18.0779091417789,139.277034834027,0,0
0,0,0,0,0,0,0,0,0,0,0,0,0,0,0,0,0,0,0,0,0,0,0,94.0982985496521,0,0,0,0,0,0,0,0,0,0,0,0,0,0,0,0,0,0,0,0,0,0,0,0,0,0,0,0,0,0,0,0,0,0,0,0,0,0,0,0,31.009984895587,0,127.492365837097,0,0,0,71.5486449599266,0,0,0,0,0,0,0,0,0,0,0,0,0,0,0,0
0,0,0,0,0,0,0,0,743.237997710705,0,0,0,0,0,0,0,0,0,0,0,0,0,481.18120610714,0,912.110374748707,0,449.396379649639,0,84.7763063907623,0,0,0,0,0,0,0,0,0,0,0,0,0,0,0,0,0,0,0,0.357367277145386,0,0,0,0,0,28.2115623950958,0,0,0,0,0,16.770335689187,0,0,0,0,38.3810474872589,0,854.903387874365,0,0,0,9.70627641677856,0,0,0,0,0,0,0,0,0,0,227.805998563766,0,10.7779667973518,0,0
0,0,0,0,0,0,0,0,0,0,0,347.687800884247,0,187.028588801622,0,0,0,0,0,0,0,330.044388353825,0,0,0,0,0,8232.2703383863,0,1225.75746124983,0,0,0,0,0,0,0,0,0,0,0,0,0,0,0,0,0,0,0,0,0,0,0,0,0,0,0,319.006717085838,0,0,0,0,0,0,237.617636919022,0,0,0,71.5486449599266,0,0,0,771.391267955303,0,0,0,0,0,0,0,11.9826600551605,0,2085.6400668323,2154.30070072412,0,0,0
0,0,0,0,0,0,0,0,0,0,2549.91662102938,0,0,0,0,0,0,0,0,0,0,0,340.575128793716,0,0,0,123.872382640839,0,2735.28400969505,0,461.614086776972,0,0,0,0,0,0,0,0,0,0,0,0,0,0,0,0,0,0,0,0,0,0,0,0,0,0,0,0,0,0,0,0,0,0,18.197163105011,0,0,0,9.70627641677856,0,0,0,73.03919044137,0,0,0,0,0,0,0,0,729.401122689247,194.018133401871,1.19624572992325,0,0
0,0.539669454097748,0,0,0,0,0,0,0,0,0,6.09916281700134,0,0,0,0,0,0.595599189400673,2.05285596847534,0,0,0,0,0,0,0,0,1248.3298330605,0,2879.43092909455,0,0,0,0,0,0,0,1104.47618633509,0,0.747152253985405,0,4.83656341582537,0.449626162648201,0,0,0.248670719563961,0,0,0,56.6975037157536,0,0,0,0,0,0,0,1.70278015732765,0,0,0,0,26.6227430105209,0,0,0,0,0,0,0,771.391267955303,0,0,0.207213327288628,0,0,0,0,0,0,269.190904051065,0.623509645462036,470.225214004517,3.20580244064331,126.127019882202,0.264631569385529,0
12.9917237907648,0,12.7536182403564,0,2.42485474050045,0,0,0,12.7942520081997,0,35.2001184225082,0,0,0,0,0,77.763437345624,8.54563132673502,137.76056843996,0,0.935396015644073,0,0,0,0,0,0,0,1856.2576738596,0,398.27469265461,0,0,0,0,0,0,0,765.711269080639,4.82959423959255,24.2059954851866,3.65946939587593,296.990067876875,0,0,0.54590792953968,41.471714258194,0,75.2085649520159,0,0.686772376298904,0,0,0,6.92485091090202,0,488.96377722919,0,0,0,1.16152992844582,0,0,121.968249753118,0,0,0,0,0,0,0,73.03919044137,0.207213327288628,0,0,0,0,0,0.415938496589661,47.6440084949136,0,359.86533279717,381.346689902246,186.085319407284,580.345236621797,0,0
0,0,0,0,0,0,0,0,0,0,0,0,0,0,0,0,0,0,0,0,0,0,0,0,0,0,0,0,0,0,0,525.020960986614,168.509929001331,19.883005797863,0,986.015503376722,12.6489616334438,0,0,0,0,0,0,0,0,0,0,3.69532182812691,0,0,0,0,0,0,0,0,0,0,0,0,0,0,0,0,0,0,0,0,0,0,0,0,0,0,0,243.659331530333,475.718579381704,0,5.44582834839821,24.2462919354439,0,0,830.677203327417,0,0,0,0
0,0,0,0,0,0,0,0,0,0,0,0,0,0,0,0,0,0,0,0,0,0,0,0,0,0,0,0,0,0,0,2302.56319856644,2186.47424885631,188.97088009119,215.525573581457,130.378514871001,693.878124207258,0,0,0,1.80926063656807,0,0,0,0,0,0,833.94887624681,451.507664963603,0.525140762329102,0,0,0,0,0,0,0,0,0,0,0,0,0,0,0,0,0,0,0,0,0,0,0,0,243.659331530333,0,0,676.717232584953,56.2546305954456,576.452856518328,0,0,915.983036756516,0,0,0,0
0.923672661185265,0,0,0,0,0,0,0,0,0.184625074267387,0,0,0,0,0,0,0,0,0,0,0,0,0,0,0,0,0,0,0,0,0,12.4036156088114,0,418.168861955404,50.8819043040276,761.930471032858,0,167.458129420877,0.619059085845947,0,0,30.646650403738,2.72908788174391,0,0,0,0,338.375352412462,74.4522357881069,0,0,0,0,0,0,0,0.431781500577927,0,0,0,0,0,0,0,1.00472247600555,0,2.10396063327789,0,0,0,0,0,0,0,475.718579381704,0,0,60.4631286561489,85.5227701067924,0,97.4742908328772,3.51628805696964,1302.13240905106,0.972508996725082,5.48567348718643,0,0
13.2476849555969,0,0,0,0.211895883083344,0,0,0,0.67816273868084,0,0,0,0,0,0,0,0,0,0.378251299262047,0,0,0,0,0,0.994426861405373,0,0,0,0,0,0,0,118.910500504076,4393.295463413,1939.86030554771,0,856.362405180931,0,121.401272594929,0,0,0,5.00936387479305,0,0,0,0,932.8642334342,22.5920917093754,0.446187704801559,0,0,0,0,4.50684541463852,0,0,0,0,0,0,0,0,0,0,0,0,22.2731347233057,0,0,0,0,0,0,0,676.717232584953,60.4631286561489,0,0,339.206793747842,1.23836159706116,75.3841823637486,758.161027505994,0,94.8360285013914,0,0
0,139.60849352181,0,50.0828545689583,0,39.633064687252,0,0,0,8.07222092151642,0,899.682988464832,0,0,0,0,120.233966067433,210.696269318461,1071.4680005461,1524.80651804805,0,0,0,0,0,0,0,0,0,0,0,73.9543189406395,126.521341085434,27.6764554977417,0,35220.9331695884,2483.58820384741,2994.31337431073,0,934.828413948417,0.674742043018341,222.528115995228,3.03948187828064,0,0,1466.61504791677,5.73165434598923,66.3800692260265,0,497.706853047013,0,0,0,0,0,10.7518562376499,0.278318047523499,40.9635125249624,0,0,0,0,2233.2702152729,0,0,0,0,0,0,0,0,0,0,0.415938496589661,5.44582834839821,56.2546305954456,85.5227701067924,0,0,2399.53604629636,15.7540664970875,5.26657555997372,7209.93498964608,1612.5158059746,1249.69595755637,2.96306240558624,0
125.328902833164,0,45.3191180378199,0,14.5123615860939,0,0,0,35.9191377162933,0,16.3548650741577,0,0,0,0,0,950.462562724948,47.8823446333408,1853.17874224484,0,315.94819663465,0,0,0,0,0,0,0,0,0,0,180.64951762557,1040.68131290376,0,973.035587117076,6533.20673894882,19624.2163824439,0,738.123070806265,14.3381363898516,598.113280884922,7.58168642222881,793.293594554067,0,15.3576966822147,2.79522410035133,1846.31944783032,2429.57370002568,703.434087350965,6.82502739131451,26.4999154061079,0,0,0,16.4853187203407,0,132.366095259786,0.70852267742157,4.29918485879898,0,0.45653310418129,0,0,1123.27237450331,0,0,0,0,0,0,0,0,0,47.6440084949136,24.2462919354439,576.452856518328,0,339.206793747842,2399.53604629636,0,0,607.308195695281,13831.9114692286,2389.28046742082,1050.21645068377,0,0
0,0,0,0,0,0,0,0,0,1.14217498898506,0,570.181862443686,0,0,0,0,0,0,0,202.552679538727,0,4625.10844278336,33.9129538983107,3.84765455126762,0,0,0,10.6339715719223,0,552.791842997074,0,0,0,61.3302363306284,9.76521643996239,6.96839515864849,0,22862.4450110346,75.0454892516136,0,0,105.646791487932,0,0,0,0.730001509189606,0,3973.93151091039,2.55015826225281,601.274375230074,0,0,0,0,0,8.81301096081734,0,77.7438275516033,0,0,0,0,183.788062885404,0,793.774605378509,5.96485447883606,30.9874351024628,2.06502509117126,0,0,11.9826600551605,0,269.190904051065,0,0,0,97.4742908328772,1.23836159706116,15.7540664970875,0,0,171.694626569748,2955.57201826572,5.29718424379826,256.770996727049,0.242786958813667,0
75.8730676919222,0,31.8041830807924,0,3.93186381459236,0.201388075947762,0,0,43.1849058866501,0,3148.46699902415,0,0,0,0,0,421.655580766499,26.797045879066,521.408945336938,0,98.2453316152096,195.331391960382,2462.49833706021,0,141.463970288634,0,0,0,21.7145235538483,0,295.629504024982,0,0,276.211177483201,889.577500119805,0,529.312531977892,6222.69210252166,14545.4822258949,2.9085455685854,171.668125577271,12.3624550402164,357.144541561604,0,1.2459489107132,0.614990338683128,380.705393567681,721.062128841877,1805.40080637485,1.14894510060549,0.196065694093704,0,0,0,13.4760808050632,0,610.385280095041,0,0,0,0,0,0,819.799045912921,1.2692015171051,740.948848038912,0,515.319923251867,0,0,0,0,0.623509645462036,359.86533279717,0,0,3.51628805696964,75.3841823637486,5.26657555997372,607.308195695281,171.694626569748,0,4589.40503457189,229.105709582567,765.035732604563,0,0
