0,0,3.30151410715296,0,0,0,0,0,3.34860652234374,0,0,0,0,0,4.64298129081726,0,0,0,8.55743691656325,0,0,0,0,0,0,0,0,0,0,0,0,0,0,0,0,0,0,0,0,0,63.5324401855469,0,14.6711751330983,0,0,0,0,0,6.78025339421443,0,0,0,0,0,4.30278986553813,0,13.2863528078253,0,5.27852773666382,0,5.88825737129558,0,0,0,0,0,0,2.73810338973999,0,3.50729932234837,0,0,0,27.2252321243286,0,0,0,0,0,31.8409217834473,0,0,5.26967774966978,9.26268768310547,7.14840790025874,0,16.8616991043091
0,0,0,3.58302249663915,0,11.2630656560262,0,0,0,5.94245006659321,0,0,0,0,0,0,0,47.2337455749512,4.36990517269481,0,0,0,0,0,0,0,0,0,0,0,0,0,0,0,0,50.1210304260254,0,20.3156181971232,0,41.5326970418294,0,17.3512037039575,0,0,0,13.9749083518982,0,33.4155502319336,0,6.97537779990043,0,0,0,0,0,5.57282504309779,0,22.1253540936638,0,0,0,0,28.8410959243774,0,0,0,0,0,0,0,23.2962604522705,0,25.1438059990223,0,0,0,0,0,36.6398032524066,0,28.9699096679688,0,13.8076963925863,0,11.9937508655928,11.7952470779419,0
3.30151410715296,0,0,0,13.5691674550374,0,0,0,4.79699420266681,0,27.5795154571533,0,0,0,0,0,78.1520004272461,103.70645904541,45.8574330466134,0,12.0404080522471,0,0,0,0,0,0,0,0,0,0,0,0,0,0,0,24.3600915273031,0,0,0,39.3244131469727,0,31.1769215200074,0,0,0,10.2450577327183,53.2642683982849,29.339903097768,0,8.03253087997436,0,0,0,3.6400224345071,0,33.0613882700602,67.3087387084961,0,0,0,0,54.7120658874512,21.1150965690613,0,0,0,0,0,0,0,0,0,29.533383846283,0,0,0,0,76.3810577392578,0,0,0,16.8091659635027,22.1023116392248,15.9373712894156,0,17.7549619674683
0,3.58302249663915,0,0,0,7.58973080068827,0,0,0,22.1815064748128,0,0,0,0,0,0,0,0,38.224821472168,0,0,0,0,24.0456600189209,0,0,0,0,0,0,0,0,0,0,0,0,0,24.5580577850342,0,34.8499037834906,0,31.4562096811419,71.8828506469727,0,0,32.3666560649872,47.0081443786621,55.0462951660156,32.2722778320312,24.7585121665835,0,7.76019365239031,0,0,0,7.44314132974282,60.3178006952459,13.1037195497944,0,5.9280066953765,0,4.78344362477462,43.2027931213379,55.3275947570801,0,0,0,0,0,0,32.4014209400524,0,29.0609106222789,0,0,0,0,0,45.8591470718384,72.4694480895996,32.4924716949463,0,21.2719350179823,20.7301652526855,20.7199185680614,23.8804092407227,0
0,0,13.5691674550374,0,0,0,3.05667666413567,0,3.05519786477089,0,0,0,0,0,0,0,0,0,0,0,12.9989163768825,0,0,0,0,0,0,0,0,0,0,0,0,0,0,0,34.0150451660156,0,0,0,0,0,41.2140817642212,0,0,0,0,0,43.1131076812744,0,4.24420681493036,0,0,0,0,0,5.89000079035759,0,0,0,2.87298164367676,0,0,16.1041426431565,0,0,0,0,0,0,0,0,0,0,0,0,0,0,0,26.9650650024414,0,0,4.87631528953026,0,12.9335088643161,0,0
0,11.2630656560262,0,7.58973080068827,0,0,0,0,0,29.7292938232422,0,5.19195933852877,0,0,0,0,0,0,40.3289403915405,4.70456404345376,0,0,0,0,0,0,0,0,0,0,0,0,0,0,0,0,0,0,0,0,0,38.7235068713917,0,0,0,0,0,0,0,38.0989480548435,0,4.30505212966134,0,2.94508194923401,0,5.81604305903117,0,10.0960125923157,0,0,0,0,0,57.5461730957031,0,0,0,0,0,0,36.904956817627,0,35.8583234151204,0,0,0,0,0,0,0,0,0,12.2390274727482,27.1207723617554,14.4834453169505,0,0
0,0,0,0,3.05667666413567,0,0,0,0,0,2.99040311925551,0,3.18055197507321,0,0,0,0,0,0,0,0,0,0,0,0,0,0,0,0,0,0,0,0,0,0,0,0,0,0,0,0,0,0,0,0,0,0,0,0,0,2.94545996189117,0,3.47510989207142,0,0,0,3.08182402725877,0,3.41058610301269,0,0,0,0,0,0,0,0,0,0,0,0,0,0,0,0,0,0,0,0,0,0,0,2.91289261615638,0,0,0,0
0,0,0,0,0,0,0,0,0,0,0,0,0,0,0,0,0,0,0,0,0,0,0,0,0,0,0,0,0,0,0,0,0,0,0,0,0,0,0,0,0,0,0,0,0,0,0,0,0,0,0,0,0,3.16561079025269,0,0,0,3.39605218485782,0,0,0,0,0,0,0,0,0,0,0,0,0,0,0,0,0,0,0,0,0,0,0,0,2.74631690979004,0,0,0,0
3.34860652234374,0,4.79699420266681,0,3.05519786477089,0,0,0,0,0,0,0,0,0,3.90158977373591,0,15.590996948493,44.404670864928,48.239533833095,0,0,0,24.0881408963885,0,15.3865123748779,0,23.0213250110024,0,0,0,0,0,0,0,16.7485422076601,0,0,0,6.75174770310293,0,87.9936790466309,0,10.0459249187523,0,0,0,16.2629718780518,57.3816986083984,7.82039133707682,0,0,0,0,0,4.63943096637726,0,32.6568152109782,0,0,0,5.12191459588837,0,0,0,0,0,0,2.8814343214035,0,20.5725136726133,0,0,0,0,0,0,0,18.081777215004,0,0,0,15.4846362603175,8.95680004903248,0,7.82628264767783,0,0
0,5.94245006659321,0,22.1815064748128,0,29.7292938232422,0,0,0,0,0,0,0,0,0,5.78159864350121,0,0,0,0,0,0,0,5.14186231153352,0,0,0,0,0,0,0,0,0,0,0,0,0,4.47948857637552,0,0,0,3.84015409648418,0,0,0,0,0,0,0,21.6742593447367,0,0,0,0,0,6.11467436302077,0,0,0,0,0,8.18154096603394,0,0,0,0,9.3218128769486,0,0,0,0,0,35.1003494262695,0,0,0,0,0,0,0,14.1361848592758,0,5.36947473315413,3.84169976313909,7.27102208327942,0,0
0,0,27.5795154571533,0,0,0,2.99040311925551,0,0,0,0,0,3.00604155858358,0,0,0,0,0,61.6021270751953,0,4.54761678923971,0,0,0,0,0,0,0,0,0,3.13849917054176,0,0,0,0,0,3.15526325255632,0,3.71714468653422,0,0,0,0,0,0,0,16.8720142530358,0,54.9564895629883,0,0,0,3.75758353401633,0,0,0,4.51201819355164,0,2.84627282619476,0,0,0,0,15.4175241220565,0,0,0,0,0,0,0,0,0,3.57974343829685,0,0,0,0,0,5.60190947850545,0,4.54362654173246,3.96429435990073,0,9.5660928885142,0,0
0,0,0,0,0,5.19195933852877,0,0,0,0,0,0,0,3.1653723526001,0,0,0,0,0,3.72495081689623,0,0,0,0,0,0,0,3.01079800128937,0,0,0,0,0,0,0,4.94388553831312,0,4.02982419187372,0,0,0,0,0,0,0,13.3293056488037,0,0,0,0,0,6.35292601078115,0,0,0,0,0,4.51965992814588,0,3.12767113584921,0,0,11.3096602880038,0,0,0,0,0,0,0,3.31174330181546,0,12.7505693435669,0,0,0,0,0,6.11263967477358,0,0,0,3.54051080953728,0,9.24579018354416,0,0
0,0,0,0,0,0,3.18055197507321,0,0,0,3.00604155858358,0,0,0,2.92400683959325,0,0,0,0,0,0,0,0,0,0,0,0,0,0,0,0,0,0,0,0,0,0,0,0,0,0,0,0,0,0,0,0,0,0,0,0,0,3.56722982342427,0,0,0,3.19795676072439,0,3.65880242778409,0,0,0,0,0,0,0,0,0,0,0,0,0,0,0,0,0,0,0,0,0,0,0,0,0,0,0,0
0,0,0,0,0,0,0,0,0,0,0,3.1653723526001,0,0,0,2.74627208709717,0,0,0,0,0,0,0,0,0,0,0,3.12226802962167,0,0,0,0,0,0,0,0,0,0,0,0,0,0,0,0,0,0,0,0,0,0,0,0,0,0,0,0,0,0,0,2.87103564739227,0,0,0,0,0,0,0,0,0,0,0,0,0,0,0,0,0,0,0,0,0,0,0,4.64574909210205,0,0,0
4.64298129081726,0,0,0,0,0,0,0,3.90158977373591,0,0,0,2.92400683959325,0,0,0,17.7192887408393,45.7174068450928,78.9091033935547,0,0,0,23.1355667114258,0,0,0,7.69769559904586,0,0,0,0,0,0,0,0,0,0,0,0,0,0,0,0,0,0,0,0,0,0,0,0,0,0,0,3.52984956003005,0,0,0,0,0,3.5702769557635,0,0,0,0,0,0,0,0,20.246711730957,0,0,0,0,0,0,0,0,0,0,0,0,7.16051447580731,0,0,0,0
0,0,0,0,0,0,0,0,0,5.78159864350121,0,0,0,2.74627208709717,0,0,0,0,0,0,0,0,0,0,0,0,0,0,0,0,0,0,0,0,0,0,0,0,0,0,0,0,0,0,0,0,0,0,0,0,0,0,0,0,0,6.33323979377747,0,0,0,0,0,0,0,0,0,0,14.7950487136841,0,0,0,0,0,0,0,0,0,0,0,0,0,0,0,3.15165992365539,4.66484575271606,0,0,0
0,0,78.1520004272461,0,0,0,0,0,15.590996948493,0,0,0,0,0,17.7192887408393,0,0,19.9930933035054,22.7239143046363,0,0,0,25.298335016059,22.4587472279867,16.845571281332,42.9943752288818,12.502821121573,0,4.00154344240824,0,0,0,0,0,0,93.8136596679688,0,0,60.5807838439941,67.4330803401887,58.2507276365743,57.4178585415795,46.3886339161223,0,0,62.2081590838137,53.2976545757718,0,0,0,0,0,0,0,0,0,53.6118509392989,0,0,0,13.8894706606865,0,72.4419815249559,62.9940523770776,0,0,0,19.2292699284024,0,14.7767392843239,0,0,68.8139708382743,46.7082234896146,0,0,0,0,74.8363800468026,62.2978625532914,70.9886884689331,56.7745277881622,16.5682554039809,0,52.6469252837066,55.9087798507125,36.8039585019169
0,47.2337455749512,103.70645904541,0,0,0,0,0,44.404670864928,0,0,0,0,0,45.7174068450928,0,19.9930933035054,0,20.0860109978305,0,0,4.77964648604393,46.5579957962036,14.1631062825521,30.4661622183663,6.57611281887379,33.0044700218751,0,0,0,0,0,0,0,0,101.216440836589,0,0,61.8099479675293,61.3186457644227,66.7135734558105,45.8058881047041,53.0509417160698,0,0,57.3063587961318,62.961582988774,0,0,0,0,0,0,0,0,0,72.6177368164062,68.7713050842285,0,0,48.0274308522542,0,65.9388418833415,76.952079902261,0,0,0,28.7377868652344,6.42457933652969,39.9395926793416,0,0,61.7820536295573,69.4484786987305,0,0,0,0,65.1737475185915,70.4777848784988,60.2288546562195,67.1827341715495,15.7131896674214,4.08770094937041,57.3423092150814,42.3449050822157,50.6042876854921
8.55743691656325,4.36990517269481,45.8574330466134,38.224821472168,0,40.3289403915405,0,0,48.239533833095,0,61.6021270751953,0,0,0,78.9091033935547,0,22.7239143046363,20.0860109978305,0,0,0,0,41.1347796122233,0,38.4140245914459,0,44.514300832943,0,0,83.6277160644531,94.4991912841797,0,0,0,0,62.7841617039272,0,33.6114349365234,42.0244657076322,44.7820237517481,47.1829768825222,32.5398353690163,29.4140096859056,0,0,38.0527266469302,38.8410100625515,0,41.6907717386881,46.6787185668945,0,0,0,0,0,0,43.5464783769973,25.7226389004634,0,0,0,0,45.5759261719086,52.6754237474021,0,0,0,39.6606960296631,0,37.6900755147465,26.4833526611328,0,28.5224427006727,38.6854610443115,0,0,0,0,46.2202971700096,47.9009793242147,34.2240814370863,43.8506874188985,18.3390790300985,16.8723430633545,35.317906252551,23.4355791663844,27.1050920354938
0,0,0,0,0,4.70456404345376,0,0,0,0,0,3.72495081689623,0,0,0,0,0,0,0,0,0,0,0,0,0,0,0,0,0,8.42231559753418,0,0,0,0,0,6.79617116647783,0,4.9581593528707,0,12.0461263656616,0,0,0,0,0,13.4636017648797,0,0,0,0,0,6.0330606480034,0,2.81491939226786,0,0,0,5.36646822191054,0,0,0,0,5.50157744732726,0,0,0,0,0,0,0,0,0,6.51376375162377,0,0,0,0,0,9.57896991286959,0,5.94345511963118,0,11.8678216656176,0,4.13165436886452,0,0
0,0,12.0404080522471,0,12.9989163768825,0,0,0,0,0,4.54761678923971,0,0,0,0,0,0,0,0,0,0,0,0,0,0,0,0,0,0,0,0,0,0,0,0,0,6.73816070235367,0,3.47164253199973,0,0,0,39.5407638549805,0,0,0,26.2138652801514,0,35.7386493682861,0,17.4386641184489,0,0,0,0,0,10.6867930094401,0,0,0,0,0,0,3.54655670599125,0,0,0,0,0,0,0,0,0,0,0,0,0,0,0,6.53828393338576,0,3.34150433540344,10.1891414614824,27.6188564300537,8.21655504208691,0,0
0,0,0,0,0,0,0,0,0,0,0,0,0,0,0,0,0,4.77964648604393,0,0,0,0,3.53923355384045,6.15469073355198,0,4.00659362836318,0,2.84552226168044,0,0,0,0,0,0,0,0,0,7.84126212544158,0,0,0,0,0,0,0,0,0,26.7347583770752,0,6.08237183094025,0,0,0,0,0,0,0,0,0,0,0,0,0,0,3.86171173182401,0,7.65096656044761,0,6.70717499472878,0,4.54048591393691,0,0,0,0,0,0,0,0,0,6.62021463491299,0,4.32118357859742,3.07178815205892,15.7818473928115,0,0
0,0,0,0,0,0,0,0,24.0881408963885,0,0,0,0,0,23.1355667114258,0,25.298335016059,46.5579957962036,41.1347796122233,0,0,3.53923355384045,0,0,11.6267482308405,0,7.84751743341969,0,0,0,0,0,0,0,0,0,0,0,5.57944464255053,0,61.8142356872559,0,0,0,0,0,0,21.4933815002441,6.8081332932819,0,0,0,0,0,0,0,0,0,0,0,0,0,0,0,5.20381352175837,4.40116193723538,0,3.2054599466778,0,17.8398575782776,0,0,0,0,0,0,0,0,80.3754501342773,0,0,5.24640499197459,14.9029398309557,3.16971821784973,17.2136163711548,0,0
0,0,0,24.0456600189209,0,0,0,0,0,5.14186231153352,0,0,0,0,0,0,22.4587472279867,14.1631062825521,0,0,0,6.15469073355198,0,0,0,0,0,0,0,0,0,0,0,18.6175756454468,0,0,0,4.37060934434766,0,0,0,0,0,0,0,0,0,0,0,5.92586420377096,0,0,0,0,0,5.7352926198174,0,0,0,0,0,0,0,0,6.10885116928502,0,5.1357172394658,0,5.07129907608032,0,0,0,0,0,0,0,18.3464751996492,0,0,0,5.68876119403096,0,5.14274168066356,38.3829154968262,4.26370996072752,0,0
0,0,0,0,0,0,0,0,15.3865123748779,0,0,0,0,0,0,0,16.845571281332,30.4661622183663,38.4140245914459,0,0,0,11.6267482308405,0,0,0,20.6149673461914,0,0,0,0,0,0,0,0,0,0,0,5.65972089511092,0,0,0,78.8297576904297,0,0,0,0,0,6.44766190236666,0,0,0,0,0,4.10910546779633,0,0,0,0,0,0,0,0,72.6320648193359,0,0,0,3.48823384478174,0,4.84286925831779,0,7.57197904586792,0,0,0,0,0,0,0,70.833869934082,0,4.81791820892921,10.8476033378066,0,7.63546818894478,0,35.1410179138184
0,0,0,0,0,0,0,0,0,0,0,0,0,0,0,0,42.9943752288818,6.57611281887379,0,0,0,4.00659362836318,0,0,0,0,38.9396667480469,3.4373768350856,0,0,0,0,0,0,0,0,0,0,0,0,0,0,0,0,0,0,0,0,0,0,0,0,0,0,0,0,0,0,0,0,0,0,0,0,0,0,0,0,0,0,3.49725949287415,0,0,0,0,0,0,0,0,0,0,0,8.38604896068573,0,0,0,0
0,0,0,0,0,0,0,0,23.0213250110024,0,0,0,0,0,7.69769559904586,0,12.502821121573,33.0044700218751,44.514300832943,0,0,0,7.84751743341969,0,20.6149673461914,38.9396667480469,0,0,2.78377636273702,0,0,0,0,0,0,0,0,0,0,0,0,75.4796085357666,79.291145324707,0,0,0,59.8081855773926,0,0,0,0,0,0,0,0,0,0,0,0,0,36.4091529846191,0,0,0,0,3.09349433581034,0,0,0,7.51969021691216,0,0,0,0,0,0,0,0,0,67.5948181152344,0,0,9.79871608763102,0,66.1337966918945,0,51.6533584594727
0,0,0,0,0,0,0,0,0,0,0,3.01079800128937,0,3.12226802962167,0,0,0,0,0,0,0,2.84552226168044,0,0,0,3.4373768350856,0,0,0,3.04042146249783,0,0,0,0,0,0,0,2.74302768707275,0,0,0,0,0,0,0,0,0,0,0,0,0,0,0,0,0,0,0,0,0,2.90088945627213,0,0,0,0,0,0,0,0,2.82308608690898,0,2.89544922345644,0,2.95607630411784,0,0,0,0,0,0,0,3.05376076698303,0,2.90489585876465,3.96438367278488,0,0,0
0,0,0,0,0,0,0,0,0,0,0,0,0,0,0,0,4.00154344240824,0,0,0,0,0,0,0,0,0,2.78377636273702,0,0,0,2.79396285613378,0,0,0,0,0,0,0,0,0,0,0,0,0,0,0,0,0,0,0,0,0,0,0,0,0,2.74489712715149,0,0,0,0,0,0,0,0,0,0,0,0,0,0,3.12273038493262,0,2.89012551307678,0,0,0,0,0,0,0,0,3.30043516941925,0,0,0,0
0,0,0,0,0,0,0,0,0,0,0,0,0,0,0,0,0,0,83.6277160644531,8.42231559753418,0,0,0,0,0,0,0,3.04042146249783,0,0,0,0,0,0,0,0,0,4.53463892638683,0,0,0,44.1562080383301,0,0,0,27.3366199493408,0,0,0,0,0,0,0,0,0,0,0,4.45162309091643,0,0,0,0,9.88205564022064,0,0,0,0,0,0,0,3.20993189565067,0,3.69232834858841,0,0,0,0,0,0,0,0,0,2.84019609860011,44.6271286010742,11.9052695168389,0,0
0,0,0,0,0,0,0,0,0,0,3.13849917054176,0,0,0,0,0,0,0,94.4991912841797,0,0,0,0,0,0,0,0,0,2.79396285613378,0,0,0,0,0,0,0,0,0,0,0,0,0,44.0728492736816,0,0,0,18.1827021837234,0,49.3050384521484,0,0,0,0,0,0,0,3.40701323360592,0,0,0,0,0,0,17.4362719655037,0,0,0,0,0,0,0,0,0,2.81776292507465,0,0,0,0,0,0,0,0,0,40.8184204101562,36.4918379102434,0,0
0,0,0,0,0,0,0,0,0,0,0,0,0,0,0,0,0,0,0,0,0,0,0,0,0,0,0,0,0,0,0,0,5.8393979583244,4.63803354899089,6.74944477677345,9.85769149626809,2.87008346669814,0,0,0,0,0,0,0,0,0,0,5.26089868869056,0,6.28623867034912,0,0,0,0,0,0,0,0,0,0,0,0,0,0,0,0,0,0,0,0,0,0,0,0,6.58895370885859,7.19986949315885,5.37121098382132,9.00833622829334,16.5578186398461,0,0,0,4.43394895493984,0,0,0,0
0,0,0,0,0,0,0,0,0,0,0,0,0,0,0,0,0,0,0,0,0,0,0,0,0,0,0,0,0,0,0,5.8393979583244,0,4.18470041344805,6.27571249008179,3.3839867413044,7.72427322547933,0,0,14.9294347763062,0,0,0,0,0,0,0,6.44134972870686,7.00025762211193,12.5918957964192,0,0,0,0,0,0,0,0,0,0,0,0,0,0,0,0,0,0,0,0,0,0,0,0,2.96972320925805,6.67542882716214,0,6.95950550782053,0,7.4611737347736,0,0,5.70768069905161,0,0,0,0
0,0,0,0,0,0,0,0,0,0,0,0,0,0,0,0,0,0,0,0,0,0,0,18.6175756454468,0,0,0,0,0,0,0,4.63803354899089,4.18470041344805,0,4.13894807701268,3.25899546338408,0,8.19138188193385,0,0,0,0,26.3718605041504,0,0,0,0,5.49839890876221,0,14.4874569574992,0,0,0,0,0,0,0,0,0,0,0,0,0,0,0,0,0,0,0,0,0,0,0,0,5.66292268579656,0,3.70687833690514,8.54589033126831,4.63540754101493,0,6.42133629673817,0,4.86310431853585,0,0,0,0
0,0,0,0,0,0,0,0,16.7485422076601,0,0,0,0,0,0,0,0,0,0,0,0,0,0,0,0,0,0,0,0,0,0,6.74944477677345,6.27571249008179,4.13894807701268,0,0,3.22390274734764,11.566912651062,8.10966240761671,0,0,0,12.1254363059998,0,0,0,0,5.07995388260811,13.0712249279022,10.1865036752489,0,0,0,0,17.3690893775538,0,0,0,0,0,0,0,0,0,0,0,0,0,0,0,0,0,0,0,0,7.23497599363327,3.25435728525399,6.39715981620569,0,3.21573904313539,0,5.39313027528668,4.12998170119065,0,6.05970732371012,0,0
0,50.1210304260254,0,0,0,0,0,0,0,0,0,4.94388553831312,0,0,0,0,93.8136596679688,101.216440836589,62.7841617039272,6.79617116647783,0,0,0,0,0,0,0,0,0,0,0,9.85769149626809,3.3839867413044,3.25899546338408,0,0,2.96130877822193,4.12113359481946,0,69.5963745117188,106.063369750977,58.8603774622867,0,0,0,39.2807506577581,0,3.41462358351677,0,78.6223932902018,0,16.1821683883667,0,0,0,0,102.946617126465,3.88654532432556,0,0,0,0,5.33752976734709,31.2333564758301,0,0,0,0,0,0,0,0,0,0,3.97740040116638,3.27949297428131,4.20101041575662,0,6.51111465929342,16.3171872854233,5.465068186292,0,7.18764190247029,9.71748293963346,15.7822937449413,40.2569026947021,0
0,0,24.3600915273031,0,34.0150451660156,0,0,0,0,0,3.15526325255632,0,0,0,0,0,0,0,0,0,6.73816070235367,0,0,0,0,0,0,0,0,0,0,2.87008346669814,7.72427322547933,0,3.22390274734764,2.96130877822193,0,0,5.6648491968186,0,0,0,42.6268920898438,0,0,0,14.6643037796021,12.1269646584988,11.1333073102511,0,24.4897212982178,0,0,0,0,0,34.0331995773315,0,0,0,0,0,0,8.12142193388796,0,0,0,0,0,0,0,0,0,0,0,4.08590769583369,0,4.35574019628729,3.13224883079529,5.52857562809113,0,6.88134813308716,5.73507236497458,5.98494845628738,16.3748642968176,0,46.3907127380371
0,20.3156181971232,0,24.5580577850342,0,0,0,0,0,4.47948857637552,0,4.02982419187372,0,0,0,0,0,0,33.6114349365234,4.9581593528707,0,7.84126212544158,0,4.37060934434766,0,0,0,2.74302768707275,0,4.53463892638683,0,0,0,8.19138188193385,11.566912651062,4.12113359481946,0,0,3.42668329331933,0,0,29.6728219985962,0,0,0,22.908850413997,0,5.75440810207927,0,7.05160477292524,0,0,0,0,0,13.0029828548431,81.9078979492188,3.01774210196275,0,0,0,0,17.2840233766116,75.4672622680664,8.82897778452278,0,6.88595841202555,0,0,0,3.91960175832113,0,3.53216340230859,0,0,0,11.4263289261468,0,8.28314800409674,0,6.53920319534483,20.0241241455078,5.10509021530928,2.86095654964447,7.47329913657699,0,0
0,0,0,0,0,0,0,0,6.75174770310293,0,3.71714468653422,0,0,0,0,0,60.5807838439941,61.8099479675293,42.0244657076322,0,3.47164253199973,0,5.57944464255053,0,5.65972089511092,0,0,0,0,0,0,0,0,0,8.10966240761671,0,5.6648491968186,3.42668329331933,0,0,48.0961761474609,0,8.10825155865062,0,0,0,20.9133148701986,5.60911425741592,5.38589563013902,0,0,0,0,0,8.05019695783569,0,3.3133510862078,0,0,0,0,0,0,18.3959161740183,0,6.8857964336282,0,6.5098955056497,0,0,0,0,0,0,0,0,0,7.2824419489979,0,6.62768001749668,4.74366943041484,5.13472094697666,4.74444941253662,43.8362655639648,6.23807936523094,0,22.349723815918
0,41.5326970418294,0,34.8499037834906,0,0,0,0,0,0,0,0,0,0,0,0,67.4330803401887,61.3186457644227,44.7820237517481,12.0461263656616,0,0,0,0,0,0,0,0,0,0,0,0,14.9294347763062,0,0,69.5963745117188,0,0,0,0,83.9482559204102,20.255308457445,64.3248224894206,0,0,20.2085316703691,88.6818513870239,8.2681982140792,0,12.516160623814,0,0,0,0,0,0,56.3724283071665,51.1571343161843,0,0,0,0,9.91254741984855,72.9673919677734,0,0,0,0,0,0,51.8764514923096,0,51.9588573162372,0,0,0,0,0,55.1171178501585,86.7988622029622,58.0996910942925,0,39.2781322061472,74.4594268798828,14.5802279095403,25.955909433819,71.8782909393311
63.5324401855469,0,39.3244131469727,0,0,0,0,0,87.9936790466309,0,0,0,0,0,0,0,58.2507276365743,66.7135734558105,47.1829768825222,0,0,0,61.8142356872559,0,0,0,0,0,0,0,0,0,0,0,0,106.063369750977,0,0,48.0961761474609,83.9482559204102,0,66.1612253496724,20.3897865886975,0,23.3410995996486,76.7678522222182,14.2622011662201,36.6861839294434,10.609597148842,0,0,0,0,0,0,0,46.4501641057119,98.8027267456055,0,0,0,0,76.4140193939209,15.0082463130355,0,0,0,71.8449401855469,0,0,0,0,77.0155792236328,60.1882054465158,0,0,0,44.1162986755371,89.9461332048689,17.3572798370755,81.9609565734863,49.7255103701637,52.2115789985417,40.8651138941447,15.2644022710824,60.6600690205892,22.014920562786
0,17.3512037039575,0,31.4562096811419,0,38.7235068713917,0,0,0,3.84015409648418,0,0,0,0,0,0,57.4178585415795,45.8058881047041,32.5398353690163,0,0,0,0,0,0,0,75.4796085357666,0,0,44.1562080383301,0,0,0,0,0,58.8603774622867,0,29.6728219985962,0,20.255308457445,66.1612253496724,0,11.6108032362365,0,16.4521963827072,27.1500302403076,64.5730041927762,14.0518118331307,13.5138198988778,14.1300367269729,0,0,0,0,0,35.7267608642578,71.5090243021647,15.9445090286387,0,0,0,0,26.0290487367174,73.7394299507141,0,0,0,0,0,0,20.7100180826689,0,15.4010255452811,70.8503646850586,0,0,0,0,28.5452926227515,76.588250579834,28.1082252360159,56.1739196777344,19.5974271143554,35.3597856679357,16.7179415645553,14.0790406455232,69.4073615074158
14.6711751330983,0,31.1769215200074,71.8828506469727,41.2140817642212,0,0,0,10.0459249187523,0,0,0,0,0,0,0,46.3886339161223,53.0509417160698,29.4140096859056,0,39.5407638549805,0,0,0,78.8297576904297,0,79.291145324707,0,0,0,44.0728492736816,0,0,26.3718605041504,12.1254363059998,0,42.6268920898438,0,8.10825155865062,64.3248224894206,20.3897865886975,11.6108032362365,0,0,14.4321093255689,65.6587791442871,23.6806668319297,18.989997477367,11.431993288235,24.5173964500427,0,0,0,0,11.2945294380188,0,22.9768211920141,83.4640426635742,0,0,0,0,72.9279163905552,28.7297400027022,0,0,0,0,0,35.0029335021973,0,0,79.8487071990967,18.7247377753549,0,0,0,12.8253722190857,77.2879819683,22.509097193691,70.5813461303711,26.7218075025649,14.579440472907,27.9358041630455,14.4990181167896,50.8898293631417,8.56697931050744
0,0,0,0,0,0,0,0,0,0,0,0,0,0,0,0,0,0,0,0,0,0,0,0,0,0,0,0,0,0,0,0,0,0,0,0,0,0,0,0,0,0,0,0,0,0,0,0,0,0,0,0,0,0,0,0,0,0,0,0,0,0,0,0,0,0,0,0,0,0,0,0,0,0,0,0,0,0,0,0,0,0,0,0,0,0,0
0,0,0,0,0,0,0,0,0,0,0,0,0,0,0,0,0,0,0,0,0,0,0,0,0,0,0,0,0,0,0,0,0,0,0,0,0,0,0,0,23.3410995996486,16.4521963827072,14.4321093255689,0,0,0,19.3263128598531,0,24.1368530273438,0,0,0,0,0,0,0,71.6704406738281,0,0,0,0,0,0,28.6627199607983,0,0,0,0,0,0,0,0,0,0,0,0,0,0,0,29.3444727313134,0,0,9.23631508255005,0,10.3583848638355,0,0
0,13.9749083518982,0,32.3666560649872,0,0,0,0,0,0,0,13.3293056488037,0,0,0,0,62.2081590838137,57.3063587961318,38.0527266469302,13.4636017648797,0,0,0,0,0,0,0,0,0,27.3366199493408,0,0,0,0,0,39.2807506577581,0,22.908850413997,0,20.2085316703691,76.7678522222182,27.1500302403076,65.6587791442871,0,0,0,70.6668501354399,56.9771334330241,58.6083717346191,39.5003240150318,0,0,0,0,0,0,65.3699849036432,21.4727428038042,0,0,0,0,10.4516257444324,66.7695323096381,0,0,0,0,0,0,33.6502380371094,0,26.8156077129389,70.7989082336426,0,0,0,0,24.266869618316,78.9240784645081,23.2097417778439,0,33.7206419302461,38.1078948974609,20.6259930221444,42.8294523679293,70.1342413766044
0,0,10.2450577327183,47.0081443786621,0,0,0,0,16.2629718780518,0,16.8720142530358,0,0,0,0,0,53.2976545757718,62.961582988774,38.8410100625515,0,26.2138652801514,0,0,0,0,0,59.8081855773926,0,0,0,18.1827021837234,0,0,0,0,0,14.6643037796021,0,20.9133148701986,88.6818513870239,14.2622011662201,64.5730041927762,23.6806668319297,0,19.3263128598531,70.6668501354399,0,48.8823108673096,29.773930369683,0,0,0,0,0,0,0,24.7560351897623,0,0,0,0,0,70.2610173225403,14.9620559624602,0,0,0,55.6417961120605,0,50.0970764160156,0,0,65.3585834503174,23.8689939726644,0,0,0,0,82.4702739170619,18.5621801342163,62.7357546488444,16.706806432007,37.5125671118078,30.0190269470215,19.9632777448719,49.1843872070312,40.153891154698
0,33.4155502319336,53.2642683982849,55.0462951660156,0,0,0,0,57.3816986083984,0,0,0,0,0,0,0,0,0,0,0,0,26.7347583770752,21.4933815002441,0,0,0,0,0,0,0,0,5.26089868869056,6.44134972870686,5.49839890876221,5.07995388260811,3.41462358351677,12.1269646584988,5.75440810207927,5.60911425741592,8.2681982140792,36.6861839294434,14.0518118331307,18.989997477367,0,0,56.9771334330241,48.8823108673096,0,8.71681244032724,8.20785425607094,0,0,0,0,0,0,57.855267791748,0,0,0,0,0,0,49.7924925486247,0,0,0,0,0,0,0,0,0,0,5.93019375801086,4.83851498581838,6.98973714425916,6.04796622196833,6.76183564603821,9.59260280023922,9.31217476107039,9.24062891501885,7.40659861124945,45.091236114502,12.4552878217977,0,59.2521018981934
6.78025339421443,0,29.339903097768,32.2722778320312,43.1131076812744,0,0,0,7.82039133707682,0,54.9564895629883,0,0,0,0,0,0,0,41.6907717386881,0,35.7386493682861,0,6.8081332932819,0,6.44766190236666,0,0,0,0,0,49.3050384521484,0,7.00025762211193,0,13.0712249279022,0,11.1333073102511,0,5.38589563013902,0,10.609597148842,13.5138198988778,11.431993288235,0,24.1368530273438,58.6083717346191,29.773930369683,8.71681244032724,0,8.57723588172836,0,0,0,0,6.8456822183748,0,30.3589801019801,0,4.97324166297913,0,7.14192545718767,0,0,38.541999900734,0,4.72908794784035,0,5.61931091866842,0,3.62345654887538,0,4.59811245245377,0,7.9343711730525,0,4.47292417571658,0,18.7876853942871,70.1732788085938,13.22896604418,0,6.540022884924,10.2083853703317,20.7998711268107,10.5238337792499,0,40.2588319778442
0,6.97537779990043,0,24.7585121665835,0,38.0989480548435,0,0,0,21.6742593447367,0,0,0,0,0,0,0,0,46.6787185668945,0,0,6.08237183094025,0,5.92586420377096,0,0,0,0,0,0,0,6.28623867034912,12.5918957964192,14.4874569574992,10.1865036752489,78.6223932902018,0,7.05160477292524,0,12.516160623814,0,14.1300367269729,24.5173964500427,0,0,39.5003240150318,0,8.20785425607094,8.57723588172836,0,0,0,0,0,0,44.9311943054199,58.2634970347087,15.5842724286992,0,0,0,0,38.4693535649499,0,4.24915860465209,0,3.62315810844302,0,4.20411780426622,0,5.83494306668158,0,18.5212991490229,70.1587600708008,0,11.6000953250461,0,20.5014355977376,33.2895374974578,0,6.64155713963783,70.8377914428711,11.8701469148709,26.9495750608898,12.9051945297031,14.1114152669907,0
0,0,8.03253087997436,0,4.24420681493036,0,2.94545996189117,0,0,0,0,0,0,0,0,0,0,0,0,0,17.4386641184489,0,0,0,0,0,0,0,0,0,0,0,0,0,0,0,24.4897212982178,0,0,0,0,0,0,0,0,0,0,0,0,0,0,0,0,0,0,0,4.03592820012051,0,0,0,4.28021800518036,0,0,14.6391880909602,0,0,0,0,0,0,0,0,0,0,0,0,0,0,0,23.0606239863804,0,0,3.12633737273838,0,8.39182492166932,0,0
0,0,0,7.76019365239031,0,4.30505212966134,0,0,0,0,0,6.35292601078115,0,0,0,0,0,0,0,6.0330606480034,0,0,0,0,0,0,0,0,0,0,0,0,0,0,0,16.1821683883667,0,0,0,0,0,0,0,0,0,0,0,0,0,0,0,0,0,0,0,4.05865070626542,0,4.58849458217621,0,3.37942393841567,0,3.33738679281423,0,0,0,0,0,0,0,0,0,0,0,0,0,0,0,0,0,0,0,0,4.62600237982614,0,8.83576143371956,0,0
0,0,0,0,0,0,3.47510989207142,0,0,0,3.75758353401633,0,3.56722982342427,0,0,0,0,0,0,0,0,0,0,0,0,0,0,0,0,0,0,0,0,0,0,0,0,0,0,0,0,0,0,0,0,0,0,0,0,0,0,0,0,0,0,0,3.79862033688292,0,0,0,0,0,0,0,0,0,0,0,0,0,0,0,0,0,0,0,0,0,0,0,0,0,4.89832658237881,0,0,0,0
0,0,0,0,0,2.94508194923401,0,3.16561079025269,0,0,0,0,0,0,0,0,0,0,0,2.81491939226786,0,0,0,0,0,0,0,0,0,0,0,0,0,0,0,0,0,0,0,0,0,0,0,0,0,0,0,0,0,0,0,0,0,0,0,0,0,3.2652071037808,0,0,0,0,0,0,0,0,0,0,0,0,0,0,0,0,0,0,0,0,0,0,0,0,2.82333333675678,0,0,0,0
4.30278986553813,0,3.6400224345071,0,0,0,0,0,4.63943096637726,0,0,0,0,0,3.52984956003005,0,0,0,0,0,0,0,0,0,4.10910546779633,0,0,0,0,0,0,0,0,0,17.3690893775538,0,0,0,8.05019695783569,0,0,0,11.2945294380188,0,0,0,0,0,6.8456822183748,0,0,0,0,0,0,0,0,0,0,0,4.98319317448524,0,0,0,0,0,0,3.48539595825728,0,3.62111093230167,0,8.88161277770996,0,0,0,0,0,18.9697617424859,0,0,0,15.0961947090486,5.5873302558683,0,9.77602961789007,0,0
0,5.57282504309779,0,7.44314132974282,0,5.81604305903117,0,0,0,6.11467436302077,0,0,0,0,0,6.33323979377747,0,0,0,0,0,0,0,5.7352926198174,0,0,0,0,0,0,0,0,0,0,0,0,0,13.0029828548431,0,0,0,35.7267608642578,0,0,0,0,0,0,0,44.9311943054199,0,4.05865070626542,0,0,0,0,0,9.25091139475504,0,3.61075134575367,0,3.53718610572815,0,0,0,0,6.05596555921132,0,0,0,0,0,0,0,0,0,0,0,0,0,9.04165920777754,0,6.20766560746989,0,9.7009517124721,0,0
13.2863528078253,0,33.0613882700602,60.3178006952459,5.89000079035759,0,3.08182402725877,0,32.6568152109782,0,4.51201819355164,0,3.19795676072439,0,0,0,53.6118509392989,72.6177368164062,43.5464783769973,0,10.6867930094401,0,0,0,0,0,0,0,2.74489712715149,0,3.40701323360592,0,0,0,0,102.946617126465,34.0331995773315,81.9078979492188,3.3133510862078,56.3724283071665,46.4501641057119,71.5090243021647,22.9768211920141,0,71.6704406738281,65.3699849036432,24.7560351897623,57.855267791748,30.3589801019801,58.2634970347087,4.03592820012051,0,3.79862033688292,0,0,0,0,77.6365146636963,4.33449367114476,0,3.17458442846934,0,63.2964367252765,13.9160444921278,0,0,0,0,0,54.0141868591309,0,0,79.1363067626953,5.56566611458273,0,0,0,0,83.8512824023211,38.8754862789755,81.8361304146903,3.54773372617261,35.9432572659913,38.3274810946718,26.9344191187868,80.9605140686035,14.5147154107519
0,22.1253540936638,67.3087387084961,13.1037195497944,0,10.0960125923157,0,3.39605218485782,0,0,0,4.51965992814588,0,0,0,0,0,68.7713050842285,25.7226389004634,5.36646822191054,0,0,0,0,0,0,0,0,0,4.45162309091643,0,0,0,0,0,3.88654532432556,0,3.01774210196275,0,51.1571343161843,98.8027267456055,15.9445090286387,83.4640426635742,0,0,21.4727428038042,0,0,0,15.5842724286992,0,4.58849458217621,0,3.2652071037808,0,9.25091139475504,77.6365146636963,0,0,4.8015781454742,0,0,8.24730389792563,71.2413330078125,0,0,0,0,0,0,5.33232062695355,0,6.33706395486786,0,0,0,0,0,38.6994563883001,100.430030822754,0,0,28.5531890696668,41.2730663844517,9.82203083591938,15.7149423430948,0
5.27852773666382,0,0,0,0,0,3.41058610301269,0,0,0,2.84627282619476,0,3.65880242778409,0,0,0,0,0,0,0,0,0,0,0,0,0,0,0,0,0,0,0,0,0,0,0,0,0,0,0,0,0,0,0,0,0,0,0,4.97324166297913,0,0,0,0,0,0,0,4.33449367114476,0,0,0,4.02011108398438,0,0,0,0,0,0,0,0,0,0,2.91958050727844,0,0,0,0,0,0,0,0,0,0,2.78225477536519,0,10.743785572052,0,0
0,0,0,5.9280066953765,0,0,0,0,0,0,0,3.12767113584921,0,2.87103564739227,0,0,0,0,0,0,0,0,0,0,0,0,0,2.90088945627213,0,0,0,0,0,0,0,0,0,0,0,0,0,0,0,0,0,0,0,0,0,0,0,3.37942393841567,0,0,0,3.61075134575367,0,4.8015781454742,0,0,0,3.13822889328003,0,0,0,0,0,0,0,0,3.38434823788702,0,0,0,0,0,0,0,0,0,0,0,2.94557030112655,0,7.3912319455828,0,0
5.88825737129558,0,0,0,2.87298164367676,0,0,0,5.12191459588837,0,0,0,0,0,3.5702769557635,0,13.8894706606865,48.0274308522542,0,0,0,0,0,0,0,0,36.4091529846191,0,0,0,0,0,0,0,0,0,0,0,0,0,0,0,0,0,0,0,0,0,7.14192545718767,0,4.28021800518036,0,0,0,4.98319317448524,0,3.17458442846934,0,4.02011108398438,0,0,0,0,0,0,0,0,0,0,5.32506723190421,0,6.07439848870942,0,0,0,0,0,0,0,0,0,0,7.30419844739577,0,14.3957183361053,0,0
0,0,0,4.78344362477462,0,0,0,0,0,8.18154096603394,0,0,0,0,0,0,0,0,0,0,0,0,0,0,0,0,0,0,0,0,0,0,0,0,0,0,0,0,0,0,0,0,0,0,0,0,0,0,0,0,0,3.33738679281423,0,0,0,3.53718610572815,0,0,0,3.13822889328003,0,0,0,0,0,0,0,0,0,0,0,0,0,0,0,0,0,0,0,0,0,0,3.98530016626631,4.96781635284424,0,0,0
0,28.8410959243774,54.7120658874512,43.2027931213379,0,0,0,0,0,0,0,11.3096602880038,0,0,0,0,72.4419815249559,65.9388418833415,45.5759261719086,5.50157744732726,0,0,0,0,0,0,0,0,0,9.88205564022064,0,0,0,0,0,5.33752976734709,0,17.2840233766116,0,9.91254741984855,76.4140193939209,26.0290487367174,72.9279163905552,0,0,10.4516257444324,70.2610173225403,0,0,38.4693535649499,0,0,0,0,0,0,63.2964367252765,8.24730389792563,0,0,0,0,0,59.8231089274089,0,0,0,0,0,0,15.0271296645656,0,11.9385298713172,70.247428894043,0,0,0,0,14.7648485574049,74.2965809504191,15.0891396717132,68.4900207519531,38.3331997248293,49.0791259765625,17.1415313300755,47.1923412595476,76.5680669148763
0,0,21.1150965690613,55.3275947570801,16.1041426431565,57.5461730957031,0,0,0,0,15.4175241220565,0,0,0,0,0,62.9940523770776,76.952079902261,52.6754237474021,0,3.54655670599125,0,0,0,72.6320648193359,0,0,0,0,0,17.4362719655037,0,0,0,0,31.2333564758301,8.12142193388796,75.4672622680664,18.3959161740183,72.9673919677734,15.0082463130355,73.7394299507141,28.7297400027022,0,28.6627199607983,66.7695323096381,14.9620559624602,49.7924925486247,38.541999900734,0,14.6391880909602,0,0,0,0,0,13.9160444921278,71.2413330078125,0,0,0,0,59.8231089274089,0,0,0,0,0,0,0,0,0,72.0578765869141,26.9217188149168,0,0,0,0,85.1562539236886,17.1965777898293,77.1066284179688,16.9485714301299,51.7001469171408,41.703266620636,21.4242516817178,70.4188781738281,52.2557297812568
0,0,0,0,0,0,0,0,0,0,0,0,0,0,0,0,0,0,0,0,0,3.86171173182401,5.20381352175837,6.10885116928502,0,0,0,0,0,0,0,0,0,0,0,0,0,8.82897778452278,0,0,0,0,0,0,0,0,0,0,0,4.24915860465209,0,0,0,0,0,0,0,0,0,0,0,0,0,0,0,0,6.51408524456478,0,6.82609968185425,0,6.51158371116176,0,0,0,0,0,0,0,0,0,6.33361291263076,0,4.12397872365039,0,16.1298005580902,0,0
0,0,0,0,0,0,0,0,0,0,0,0,0,0,0,0,0,0,0,0,0,0,4.40116193723538,0,0,0,3.09349433581034,0,0,0,0,0,0,0,0,0,0,0,6.8857964336282,0,0,0,0,0,0,0,0,0,4.72908794784035,0,0,0,0,0,0,0,0,0,0,0,0,0,0,0,0,0,0,0,0,3.79845523834229,0,0,0,0,0,0,0,0,0,0,0,4.58242893979904,5.49525880813599,0,15.5104756355286,0,0
0,0,0,0,0,0,0,0,0,9.3218128769486,0,0,0,0,0,14.7950487136841,0,0,0,0,0,7.65096656044761,0,5.1357172394658,0,0,0,0,0,0,0,0,0,0,0,0,0,6.88595841202555,0,0,0,0,0,0,0,0,0,0,0,3.62315810844302,0,0,0,0,0,6.05596555921132,0,0,0,0,0,0,0,0,6.51408524456478,0,0,0,4.26483721641978,0,3.41740703582764,0,0,0,0,0,18.9231726328532,0,0,0,4.75570573033513,0,4.41967125271642,0,8.02614579598109,0,0
2.73810338973999,0,0,0,0,0,0,0,2.8814343214035,0,0,0,0,0,0,0,19.2292699284024,28.7377868652344,39.6606960296631,0,0,0,3.2054599466778,0,3.48823384478174,0,0,0,0,0,0,0,0,0,0,0,0,0,6.5098955056497,0,71.8449401855469,0,0,0,0,0,55.6417961120605,0,5.61931091866842,0,0,0,0,0,3.48539595825728,0,0,0,0,0,0,0,0,0,0,0,0,0,0,3.74410288651784,0,6.43502855300903,0,0,0,0,0,0,0,0,0,8.12471478184064,6.80500808416628,0,9.01073048512141,0,0
0,0,0,0,0,0,0,0,0,0,0,0,0,0,0,0,0,6.42457933652969,0,0,0,6.70717499472878,0,5.07129907608032,0,0,0,2.82308608690898,0,0,0,0,0,0,0,0,0,0,0,0,0,0,0,0,0,0,0,0,0,4.20411780426622,0,0,0,0,0,0,0,0,0,0,0,0,0,0,6.82609968185425,0,4.26483721641978,0,0,0,3.10690492496156,0,0,0,0,0,0,0,0,0,0,0,3.06533288955688,0,0,0,0
3.50729932234837,0,0,0,0,0,0,0,20.5725136726133,0,0,0,0,0,20.246711730957,0,14.7767392843239,39.9395926793416,37.6900755147465,0,0,0,17.8398575782776,0,4.84286925831779,0,7.51969021691216,0,0,0,0,0,0,0,0,0,0,0,0,0,0,0,35.0029335021973,0,0,0,50.0970764160156,0,3.62345654887538,0,0,0,0,0,3.62111093230167,0,54.0141868591309,0,0,0,5.32506723190421,0,0,0,0,3.79845523834229,0,3.74410288651784,0,0,0,4.91765762865543,0,0,0,0,0,0,98.2095336914062,62.3977851867676,0,0,17.9877896285332,0,35.2699101765951,0,46.1665325164795
0,23.2962604522705,0,32.4014209400524,0,36.904956817627,0,0,0,0,0,3.31174330181546,0,0,0,0,0,0,26.4833526611328,0,0,4.54048591393691,0,0,0,3.49725949287415,0,2.89544922345644,0,3.20993189565067,0,0,0,0,0,0,0,3.91960175832113,0,51.8764514923096,0,20.7100180826689,0,0,0,33.6502380371094,0,0,0,5.83494306668158,0,0,0,0,0,0,0,5.33232062695355,0,3.38434823788702,0,0,15.0271296645656,0,6.51158371116176,0,3.41740703582764,0,3.10690492496156,0,0,0,4.87429529204404,0,0,0,0,0,76.0254573822021,0,5.21286718355717,0,15.8172215053013,45.8541641235352,16.0253579038562,20.8403644561768,0
0,0,0,0,0,0,0,0,0,0,0,0,0,0,0,0,0,0,0,0,0,0,0,0,7.57197904586792,0,0,0,3.12273038493262,0,0,0,0,0,0,0,0,0,0,0,0,0,0,0,0,0,0,0,4.59811245245377,0,0,0,0,0,8.88161277770996,0,0,0,2.91958050727844,0,6.07439848870942,0,0,0,0,0,0,6.43502855300903,0,4.91765762865543,0,0,0,0,0,0,0,0,0,0,0,5.72357871225071,0,0,0,0,0
0,25.1438059990223,0,29.0609106222789,0,35.8583234151204,0,0,0,35.1003494262695,0,12.7505693435669,0,0,0,0,68.8139708382743,61.7820536295573,28.5224427006727,6.51376375162377,0,0,0,0,0,0,0,2.95607630411784,0,3.69232834858841,0,0,0,0,0,0,0,3.53216340230859,0,51.9588573162372,77.0155792236328,15.4010255452811,79.8487071990967,0,0,26.8156077129389,65.3585834503174,0,0,18.5212991490229,0,0,0,0,0,0,79.1363067626953,6.33706395486786,0,0,0,0,11.9385298713172,72.0578765869141,0,0,0,0,0,0,4.87429529204404,0,0,87.0366592407227,0,0,0,0,50.695728302002,86.9178810119629,5.51313912396587,85.2765731811523,33.0586512113872,43.025136639995,16.1804737098274,18.8937117755413,86.9940719604492
27.2252321243286,0,29.533383846283,0,0,0,0,0,0,0,3.57974343829685,0,0,0,0,0,46.7082234896146,69.4484786987305,38.6854610443115,0,0,0,0,0,0,0,0,0,2.89012551307678,0,2.81776292507465,0,0,0,0,0,0,0,0,0,60.1882054465158,70.8503646850586,18.7247377753549,0,0,70.7989082336426,23.8689939726644,0,7.9343711730525,70.1587600708008,0,0,0,0,0,0,5.56566611458273,0,0,0,0,0,70.247428894043,26.9217188149168,0,0,0,0,0,0,0,0,87.0366592407227,0,0,0,0,0,100.809858957926,51.6104117945621,0,5.87563468518672,37.1061581018809,40.0245713551839,13.7159811761835,0,15.1291341576525
0,0,0,0,0,0,0,0,0,0,0,0,0,0,0,0,0,0,0,0,0,0,0,0,0,0,0,0,0,0,0,6.58895370885859,2.96972320925805,5.66292268579656,0,3.97740040116638,0,0,0,0,0,0,0,0,0,0,0,5.93019375801086,0,0,0,0,0,0,0,0,0,0,0,0,0,0,0,0,0,0,0,0,0,0,0,0,0,0,0,0,6.87562286145551,0,7.54412441759829,0,0,0,3.43243492394686,0,0,0,0
0,0,0,0,0,0,0,0,0,0,0,0,0,0,0,0,0,0,0,0,0,0,0,0,0,0,0,0,0,0,0,7.19986949315885,6.67542882716214,0,7.23497599363327,3.27949297428131,4.08590769583369,0,0,0,0,0,0,0,0,0,0,4.83851498581838,4.47292417571658,11.6000953250461,0,0,0,0,0,0,0,0,0,0,0,0,0,0,0,0,0,0,0,0,0,0,0,0,0,0,0,4.51170127444584,0,5.00151928833553,0,0,6.04265156984329,0,0,0,0
0,0,0,0,0,0,0,0,0,0,0,0,0,0,0,0,0,0,0,0,0,0,0,18.3464751996492,0,0,0,0,0,0,0,5.37121098382132,0,3.70687833690514,3.25435728525399,4.20101041575662,0,11.4263289261468,0,0,0,0,0,0,0,0,0,6.98973714425916,0,0,0,0,0,0,0,0,0,0,0,0,0,0,0,0,0,0,18.9231726328532,0,0,0,0,0,0,0,6.87562286145551,0,0,0,3.96151561724437,0,9.50993788663079,0,7.96535125251644,0,0,0,0
0,0,0,0,0,0,0,0,18.081777215004,0,0,0,0,0,0,0,0,0,0,0,0,0,0,0,0,0,0,0,0,0,0,9.00833622829334,6.95950550782053,8.54589033126831,6.39715981620569,0,4.35574019628729,0,7.2824419489979,0,44.1162986755371,0,12.8253722190857,0,0,0,0,6.04796622196833,18.7876853942871,20.5014355977376,0,0,0,0,18.9697617424859,0,0,0,0,0,0,0,0,0,0,0,0,0,0,0,0,0,0,0,0,4.51170127444584,0,0,0,7.23740912739991,0,4.98301896446296,6.29817970520859,0,16.2620544433594,0,0
0,36.6398032524066,76.3810577392578,45.8591470718384,0,0,0,0,0,0,0,6.11263967477358,0,0,0,0,74.8363800468026,65.1737475185915,46.2202971700096,9.57896991286959,0,0,80.3754501342773,0,0,0,0,0,0,0,0,16.5578186398461,0,4.63540754101493,0,6.51111465929342,3.13224883079529,8.28314800409674,0,55.1171178501585,89.9461332048689,28.5452926227515,77.2879819683,0,0,24.266869618316,82.4702739170619,6.76183564603821,70.1732788085938,33.2895374974578,0,0,0,0,0,0,83.8512824023211,38.6994563883001,0,0,0,0,14.7648485574049,85.1562539236886,0,0,0,0,0,98.2095336914062,76.0254573822021,0,50.695728302002,100.809858957926,7.54412441759829,0,3.96151561724437,0,0,88.5852182449833,12.5969660756899,93.2744903564453,39.5353094768558,50.7803017859365,31.3510662195296,32.4509724452819,84.354929787772
31.8409217834473,0,0,72.4694480895996,26.9650650024414,0,0,0,0,0,5.60190947850545,0,0,0,0,0,62.2978625532914,70.4777848784988,47.9009793242147,0,6.53828393338576,0,0,0,70.833869934082,0,67.5948181152344,0,0,0,0,0,7.4611737347736,0,3.21573904313539,16.3171872854233,5.52857562809113,0,6.62768001749668,86.7988622029622,17.3572798370755,76.588250579834,22.509097193691,0,29.3444727313134,78.9240784645081,18.5621801342163,9.59260280023922,13.22896604418,0,23.0606239863804,0,0,0,0,0,38.8754862789755,100.430030822754,0,0,0,0,74.2965809504191,17.1965777898293,0,0,0,0,0,62.3977851867676,0,0,86.9178810119629,51.6104117945621,0,5.00151928833553,0,7.23740912739991,88.5852182449833,0,83.7183044433594,6.44879970246939,37.6727816602741,42.3518836661561,19.5858720955177,57.1986263820103,32.609120591339
0,28.9699096679688,0,32.4924716949463,0,0,0,0,0,14.1361848592758,0,0,0,0,0,0,70.9886884689331,60.2288546562195,34.2240814370863,5.94345511963118,0,6.62021463491299,0,5.68876119403096,0,0,0,3.05376076698303,0,0,0,0,0,6.42133629673817,0,5.465068186292,0,6.53920319534483,4.74366943041484,58.0996910942925,81.9609565734863,28.1082252360159,70.5813461303711,0,0,23.2097417778439,62.7357546488444,9.31217476107039,0,6.64155713963783,0,0,0,0,0,9.04165920777754,81.8361304146903,0,0,0,0,0,15.0891396717132,77.1066284179688,6.33361291263076,0,4.75570573033513,0,0,0,5.21286718355717,0,5.51313912396587,0,0,0,9.50993788663079,0,12.5969660756899,83.7183044433594,0,0,26.061087963127,44.8065363566081,12.7711974307649,20.3226681451003,0
0,0,0,0,0,0,0,0,15.4846362603175,0,4.54362654173246,0,0,0,0,0,56.7745277881622,67.1827341715495,43.8506874188985,0,3.34150433540344,0,5.24640499197459,0,4.81791820892921,0,0,0,0,0,0,0,0,0,5.39313027528668,0,6.88134813308716,20.0241241455078,5.13472094697666,0,49.7255103701637,56.1739196777344,26.7218075025649,0,0,0,16.706806432007,9.24062891501885,6.540022884924,70.8377914428711,0,0,0,0,15.0961947090486,0,3.54773372617261,0,0,0,0,0,68.4900207519531,16.9485714301299,0,4.58242893979904,0,8.12471478184064,0,0,0,5.72357871225071,85.2765731811523,5.87563468518672,0,0,0,4.98301896446296,93.2744903564453,6.44879970246939,0,0,9.76539020263232,43.1916389465332,6.91377266551934,0,20.2597321101597
