0,0,14.6732149124146,0,0,0,0,0,5.62723438306288,0,0,0,14.9331073760986,0,12.5902607509068,0,8.01773452758789,0,11.1028812408447,0,0,0,0,0,0,0,0,0,0,0,0,0,0,0,0,0,0,0,0,0,0,0,12.0354964458837,0,0,0,23.4598899841309,0,8.10500979423523,0,0,0,0,0,5.26463985443115,0,8.050877060209,0,10.174390079357,0,9.44108549476916,0,0,0,0,0,0,0,0,0,0,0,0,0,0,0,0,0,0,0,0,0,11.4402354583144,29.6895113945007,7.440885854094,0,16.0320285797119
0,0,0,15.6480162938436,0,0,0,0,0,11.5479059163914,0,0,0,0,0,0,0,0,16.9544104848589,0,0,0,0,24.421630859375,0,0,0,0,0,0,0,0,0,0,0,0,0,0,0,0,0,16.5773752733541,0,0,0,20.1855284827096,0,0,0,14.4116198267256,0,0,0,0,0,6.61566548120408,0,12.3699320356051,0,5.09054307341576,0,6.07712153661049,30.5801563262939,0,0,0,18.1069828033447,0,12.1382086753845,0,6.73807027935982,0,24.9989219903946,0,0,0,0,0,41.285166422526,0,30.4967250823975,0,18.5766214957604,43.7612466812134,13.119022245376,16.1463912757667,0
14.6732149124146,0,0,0,6.71167626817718,0,0,0,4.72936081886292,0,0,0,0,0,0,0,0,123.464172363281,38.4513431549072,0,9.83775806427002,0,0,0,0,0,0,0,0,0,0,0,0,0,0,28.7201910018921,19.5238029662877,0,0,34.5170127323696,21.1815621852875,0,18.8586535025866,0,30.4625816345215,36.0980529785156,16.4451442053824,0,8.69842052459717,0,5.49196299097755,0,0,0,5.81989185015361,0,14.6478315109902,0,10.9872890578376,0,16.4122543334961,0,0,12.971771066839,0,0,0,0,0,0,0,0,65.3121871948242,29.173132610321,0,0,0,0,39.4143295288086,18.1664831451341,0,0,13.7203293864609,26.9855248100228,15.3112071780856,0,17.9184350564446
0,15.6480162938436,0,0,0,7.48834212166922,0,0,0,25.1318726106123,0,0,0,0,0,0,0,53.5671844482422,34.4094488837502,8.62412166595459,0,0,0,23.8831701278687,0,0,0,0,0,0,0,0,0,0,0,21.7088290090146,24.5830144882202,43.4949264526367,0,22.4244379130277,35.4556694030762,22.3469451579736,57.4033533732096,31.3137874603271,0,16.5341045036766,35.5046157836914,0,0,18.2194941393534,0,7.29238337736863,0,0,0,8.71554225345828,0,20.669191319768,0,8.94858002662659,0,4.76348056112017,11.2944362235792,0,0,0,0,0,0,0,29.3791521072388,0,28.1131343086167,0,0,0,0,0,23.1771707849188,38.6903305053711,37.3396301269531,0,16.4983712686017,28.3498139706525,17.0617251925508,19.1612608550025,0
0,0,6.71167626817718,0,0,0,4.88584918067569,0,0,0,0,0,0,0,3.75314664840698,0,0,0,0,0,4.21826028823853,0,0,0,0,0,0,0,0,0,0,0,0,0,0,26.3886737823486,14.7974402354314,0,0,0,0,0,0,0,0,0,19.5886268615723,0,17.6655349731445,0,4.5477161009077,0,6.50963967187064,0,3.01634407043457,0,12.3716477155685,0,6.53403754514806,0,3.5744739373525,0,0,3.59975671768188,0,0,0,0,0,0,0,0,0,0,0,0,0,0,0,16.4236125946045,0,0,8.19940305432529,26.9463879267375,15.4660643648218,0,0
0,0,0,7.48834212166922,0,0,0,0,0,5.20195739467939,0,0,0,7.98274344465007,0,5.42052247789171,0,0,0,5.40166282653809,0,0,0,0,0,0,0,0,0,0,0,0,0,0,0,9.13070110174326,0,0,0,0,0,0,0,23.3467311859131,0,0,0,0,0,17.6815099716187,0,3.48699423370011,0,0,0,0,0,13.538886478969,0,6.63420019637455,0,6.48566477639335,6.55929005146027,0,0,0,0,0,0,0,0,0,0,0,0,0,0,0,10.5107005292719,0,0,0,4.6509669524153,24.6086686712045,15.5797192891439,0,0
0,0,0,0,4.88584918067569,0,0,0,0,0,5.29054638147354,0,0,0,0,0,0,0,0,0,0,0,0,0,0,0,0,0,0,0,0,0,0,0,0,0,0,0,0,0,0,0,0,0,0,0,0,0,0,0,5.78845649957657,0,3.99218487739563,0,0,0,6.96494721372922,0,4.35610053274367,0,0,0,0,0,0,0,0,0,0,0,0,0,0,0,0,0,0,0,0,0,0,0,3.95245522260666,0,0,0,0
0,0,0,0,0,0,0,0,0,0,0,4.21740789413452,0,4.55819745574679,0,0,0,0,0,2.95872378349304,0,0,0,0,0,0,0,0,0,0,0,0,0,0,0,10.457325553894,0,0,0,0,0,0,0,0,0,0,0,0,0,0,0,4.0797476619482,0,3.61120627948216,0,0,0,5.66509043879625,0,5.71804813652822,0,0,0,0,0,0,0,0,0,0,0,0,0,0,0,0,0,0,6.81088119745255,0,0,0,2.92316646575928,0,14.7790908813477,0,0
5.62723438306288,0,4.72936081886292,0,0,0,0,0,0,0,0,0,0,0,3.81315392504136,0,0,0,0,0,0,0,0,0,0,0,0,0,0,0,0,0,0,0,0,0,0,0,7.25332970619202,0,0,0,4.52940833727519,0,0,0,0,0,0,0,4.4329080581665,0,0,0,4.68193400858456,0,20.1464080810547,0,23.413761138916,0,4.05505755742391,0,0,0,0,0,0,0,0,0,0,0,0,0,0,0,0,0,0,0,0,2.95013618469238,4.32967018055659,6.30061969161034,4.5820566953155,0,3.83406688826425
0,11.5479059163914,0,25.1318726106123,0,5.20195739467939,0,0,0,0,0,0,0,0,0,3.6019843056698,0,5.69925689697266,3.65219612419605,0,0,0,0,3.56975919608922,0,2.95764446258545,0,0,0,0,0,0,0,24.7090962727865,0,0,0,5.38882547787258,0,0,0,7.26159409616814,0,0,0,0,0,0,0,18.6314523003318,0,8.02857336401939,0,0,0,6.51292105850335,0,0,0,0,0,9.1060000005758,0,0,0,0,11.3891161178288,0,0,0,0,0,0,0,0,0,24.2765979766846,0,0,0,5.72951294436599,0,4.33381381623819,18.4515595701006,7.22955631173175,6.85215463638306,0
0,0,0,0,0,0,5.29054638147354,0,0,0,0,0,2.90902832349141,0,0,0,0,0,0,0,3.25315852019623,0,0,0,0,0,0,0,0,0,3.54374498128891,0,0,0,0,0,3.88745211518329,0,4.691929456182,0,0,0,0,0,0,0,0,0,0,0,0,0,5.75920557975769,0,0,0,4.59032671939006,0,5.59569757736769,0,0,0,0,7.53894761417593,0,0,0,0,0,0,0,0,0,3.91308583383975,0,0,0,0,0,4.80672894444382,0,5.02361358536614,3.5415677006046,2.96396668752035,4.66103489001592,0,0
0,0,0,0,0,0,0,4.21740789413452,0,0,0,0,0,3.61797177164178,0,0,0,0,0,3.36394270923403,0,0,0,0,0,0,0,3.59093594551086,0,4.68549138704936,0,0,0,0,0,7.86547348392544,0,3.28941973974538,0,0,0,0,0,0,0,0,0,0,0,0,0,0,0,0,0,0,0,5.64636359788327,0,4.30014328941749,0,0,8.57721078395844,0,0,0,0,0,0,0,3.11342936754227,0,7.33279676182687,0,0,0,0,0,6.94165865839744,0,5.13238705076822,0,3.74383708408901,2.84607136249542,0,0,0
14.9331073760986,0,0,0,0,0,0,0,0,0,2.90902832349141,0,0,0,2.93045702958718,0,0,0,0,0,0,0,0,0,0,0,0,0,0,0,0,0,0,0,0,0,0,0,0,0,0,0,19.9950160980225,0,0,0,0,0,6.73611640930176,0,0,0,0,0,0,0,3.88368654251099,0,3.83752293297739,0,2.73848569393158,0,0,0,0,0,0,0,0,0,0,0,0,0,0,0,0,0,0,0,0,0,2.85771298408508,2.88041098912557,16.0275520324707,0,0
0,0,0,0,0,7.98274344465007,0,4.55819745574679,0,0,0,3.61797177164178,0,0,0,4.52363972838332,0,0,0,0,0,0,0,0,0,2.95180332660675,0,0,0,0,0,0,0,0,0,0,0,0,0,0,0,0,0,0,0,0,0,0,0,8.63284254074097,0,6.96172709465027,0,4.85676638285319,0,0,0,9.07520122528076,0,3.87122231284413,0,3.98496403192219,0,0,0,0,0,0,0,0,2.98975883211408,0,0,0,0,0,0,0,0,0,0,0,0,0,0,0,0
12.5902607509068,0,0,0,3.75314664840698,0,0,0,3.81315392504136,0,0,0,2.93045702958718,0,0,0,0,0,0,0,0,0,0,0,0,0,0,0,0,0,0,0,0,0,0,0,0,0,0,0,0,0,0,0,0,0,0,0,6.32002282142639,0,3.48152271184054,0,0,0,4.56727413509203,0,0,0,5.32150571996515,0,4.6236441909166,0,0,0,0,0,0,0,0,0,0,0,0,0,0,0,0,0,0,0,0,0,5.14372253417969,3.48956668376923,15.7146038479275,0,0
0,0,0,0,0,5.42052247789171,0,0,0,3.6019843056698,0,0,0,4.52363972838332,0,0,0,0,0,0,0,0,0,0,0,3.08573706944784,0,0,0,0,0,0,0,0,0,0,0,0,0,0,0,0,0,0,0,0,0,0,0,0,0,5.25885131692639,0,0,0,6.62843539459365,0,0,0,5.27033971337711,0,5.16476270030527,0,0,0,0,0,0,9.40322092175484,0,0,0,0,0,0,0,0,0,0,0,0,0,8.59996978193521,0,0,0,0
8.01773452758789,0,0,0,0,0,0,0,0,0,0,0,0,0,0,0,0,33.2568149518928,23.5212182206372,0,0,37.7496948242188,11.2286151409149,27.0387890338898,12.8952174867902,34.5637106365628,7.50887816737999,0,5.01752678553263,0,0,0,0,0,0,73.3218841552734,80.2429779052734,0,0,79.1201805114746,59.9348749992175,56.2894597053528,37.6865526457964,48.4973393440247,40.4906511306763,51.8831581607942,48.7279784515614,0,0,0,0,0,0,0,0,0,0,0,0,0,0,0,70.7027534484863,66.1229858398438,0,7.182785987854,0,0,0,7.92490154818485,0,0,0,0,0,0,0,0,79.3573142341945,71.5854724970731,0,0,12.7430467566667,8.03948571978236,45.6907760572876,45.4599609375,43.3021457195282
0,0,123.464172363281,53.5671844482422,0,0,0,0,0,5.69925689697266,0,0,0,0,0,0,33.2568149518928,0,26.2154826966212,0,0,5.74070060496428,0,10.6285766098234,33.943754196167,9.94223240762949,44.1893663406372,0,0,0,0,0,0,0,0,75.5323715209961,80.5436096191406,0,0,69.407683877384,59.172191619873,47.009826262792,51.9722366333008,41.4394200607971,36.1650223731995,51.9473877405103,53.0784921646118,0,0,52.2509994506836,0,0,0,0,0,0,0,0,0,0,0,0,70.9150904337565,65.7988719940186,0,0,3.17193313439687,0,4.15059623718262,0,0,0,60.3531818389893,0,0,0,0,0,77.552916433297,66.2967601899178,0,0,12.2906196820584,6.03780956196305,49.0602138200715,46.44392578125,49.8314679463704
11.1028812408447,16.9544104848589,38.4513431549072,34.4094488837502,0,0,0,0,0,3.65219612419605,0,0,0,0,0,0,23.5212182206372,26.2154826966212,0,44.031681060791,0,0,0,0,0,0,0,0,0,0,0,0,0,0,0,62.4018857551344,60.3075639531854,0,0,46.2312687635422,42.435165956735,18.8347967898277,22.0000999446451,20.7400099078903,15.2026550677713,33.338462737867,28.3404921186396,0,50.1496086120605,38.049305507115,0,0,0,0,0,0,37.3372939716686,39.0263590131487,0,0,0,0,47.3145624745277,42.7923423949986,0,0,0,0,0,0,0,0,39.6685680476102,38.5422806739807,0,0,0,0,54.066363940547,48.7740684205652,0,0,13.2374090779395,39.0920331172454,28.6316978026973,15.5629288767792,26.0181323613935
0,0,0,8.62412166595459,0,5.40166282653809,0,2.95872378349304,0,0,0,3.36394270923403,0,0,0,0,0,0,44.031681060791,0,0,0,0,0,0,0,0,0,0,0,0,0,0,0,0,5.75907501720247,0,2.9252232948939,0,0,0,0,0,0,0,15.3345909118652,0,0,0,0,0,13.180429564582,0,0,0,0,0,4.89485433839616,0,0,0,0,6.41877444360567,0,0,0,0,0,0,0,0,0,0,0,0,0,0,0,13.0442104313182,0,0,0,3.87353945395042,19.7594652175903,3.281907081604,0,0
0,0,9.83775806427002,0,4.21826028823853,0,0,0,0,0,3.25315852019623,0,0,0,0,0,0,0,0,0,0,0,0,0,0,0,0,0,0,0,0,0,0,0,0,0,4.69424923546538,0,3.14441791682215,0,0,0,0,0,0,0,11.597433100576,0,0,0,5.9279933636447,0,0,0,0,0,4.21739379072611,0,0,0,0,0,0,6.38266865619551,0,0,0,0,0,0,0,0,0,6.96806478500366,0,0,0,0,0,7.43958562841196,0,0,2.88737637788347,17.0172863006592,4.91095330175115,0,0
0,0,0,0,0,0,0,0,0,0,0,0,0,0,0,0,37.7496948242188,5.74070060496428,0,0,0,0,0,4.73620357116063,0,3.04542804956436,0,3.0392233133316,0,0,0,0,0,0,0,0,0,5.07794300600159,0,0,0,0,0,0,0,0,0,0,0,5.25296679410067,0,0,0,0,0,0,0,15.9994897842407,0,0,0,0,0,0,5.12694577879148,0,6.61045937074555,0,4.11083662378919,0,5.96802894790451,0,0,0,0,0,0,0,0,0,4.43529380763973,0,3.69564317166805,0,14.3150205612183,0,0
0,0,0,0,0,0,0,0,0,0,0,0,0,0,0,0,11.2286151409149,0,0,0,0,0,0,0,5.35884159803391,0,2.89912704626719,0,3.18177678034856,0,0,0,0,0,0,0,0,0,7.97915103407561,0,0,0,0,0,0,0,0,23.7750568389893,7.62890370850711,0,0,0,0,0,0,0,0,0,0,0,0,0,0,0,0,4.28953241431384,0,3.66881650686264,0,4.25624527931213,0,4.05104797753421,0,0,0,0,0,0,0,0,32.9407272338867,6.18754685185362,4.4063188781986,0,19.035291420786,0,0
0,24.421630859375,0,23.8831701278687,0,0,0,0,0,3.56975919608922,0,0,0,0,0,0,27.0387890338898,10.6285766098234,0,0,0,4.73620357116063,0,0,0,3.58161361827407,0,0,0,0,0,0,0,0,0,0,0,5.78762193699272,0,0,0,0,0,0,0,0,0,14.7562912772684,0,9.37060628618513,0,0,0,0,0,6.10564969645606,0,0,0,12.2265739440918,0,0,0,0,11.7911504595368,0,4.41494106937051,0,4.36958254178365,0,9.94235817591349,0,0,0,0,0,0,0,0,0,7.45162973889879,0,6.21292638913386,44.7839527130127,10.0583241694682,0,0
0,0,0,0,0,0,0,0,0,0,0,0,0,0,0,0,12.8952174867902,33.943754196167,0,0,0,0,5.35884159803391,0,0,0,2.86641615629196,0,0,0,0,0,0,0,17.4993534088135,0,0,0,5.3489618155421,0,0,0,10.5218067765236,0,0,0,0,0,6.42527651071548,0,0,0,0,0,3.86294234127834,0,0,0,0,0,0,0,0,0,0,5.22533349672953,0,6.05262115862813,0,3.53486025108481,0,4.62899651527405,0,0,0,0,0,0,0,0,0,6.61996651722484,8.36280576999371,0,5.05471809431054,0,0
0,0,0,0,0,0,0,0,0,2.95764446258545,0,0,0,2.95180332660675,0,3.08573706944784,34.5637106365628,9.94223240762949,0,0,0,3.04542804956436,0,3.58161361827407,0,0,0,3.44478688240051,0,0,0,0,0,0,0,0,0,0,0,0,0,0,0,0,0,0,0,0,0,0,0,0,0,0,0,0,0,0,0,10.1003001530965,0,0,0,0,0,0,4.61188260037848,0,3.95888583283675,0,8.52791312161614,0,0,0,0,0,0,0,0,0,0,0,4.57827494694636,0,89.1587905883789,0,0
0,0,0,0,0,0,0,0,0,0,0,0,0,0,0,0,7.50887816737999,44.1893663406372,0,0,0,0,2.89912704626719,0,2.86641615629196,0,0,0,3.16604006290436,0,0,0,0,0,0,0,0,0,0,0,0,0,0,0,0,0,0,0,0,0,0,0,0,0,0,0,0,0,0,0,0,0,0,0,0,2.84937171141307,0,0,0,3.12265833287403,0,4.05177155769233,0,0,0,0,0,0,0,0,0,0,10.9959477980932,16.061393737793,0,0,0
0,0,0,0,0,0,0,0,0,0,0,3.59093594551086,0,0,0,0,0,0,0,0,0,3.0392233133316,0,0,0,3.44478688240051,0,0,0,4.74028168084486,0,0,0,0,0,0,0,2.83671435713768,0,0,0,0,0,0,0,0,0,0,0,5.2496075630188,0,0,0,0,0,0,0,0,0,3.59529614448547,0,0,0,0,4.31957844325474,0,0,0,3.60077657699585,0,4.67901389102715,0,8.22380458992139,0,0,0,0,0,0,0,5.22624421876574,0,2.87281548976898,2.95285820960999,0,0,0
0,0,0,0,0,0,0,0,0,0,0,0,0,0,0,0,5.01752678553263,0,0,0,0,0,3.18177678034856,0,0,0,3.16604006290436,0,0,0,3.42175350870405,0,0,0,0,0,0,0,3.38191509246826,0,0,0,0,0,0,0,0,0,0,0,0,0,0,0,0,0,0,0,0,0,0,0,0,0,0,5.06083403314863,0,0,0,0,0,3.50136791755046,0,4.46657878702337,0,0,0,0,0,0,0,0,4.02023805271496,0,0,0,0
0,0,0,0,0,0,0,0,0,0,0,4.68549138704936,0,0,0,0,0,0,0,0,0,0,0,0,0,0,0,4.74028168084486,0,0,0,0,0,0,0,0,0,3.99380475282669,0,0,0,0,0,0,0,0,0,0,0,0,0,0,0,0,0,0,0,3.37740341822306,0,0,0,0,0,0,0,0,0,0,0,0,9.95076622508821,0,7.38046608418098,0,0,0,0,0,0,0,10.8424466497758,0,0,0,0,0,0
0,0,0,0,0,0,0,0,0,0,3.54374498128891,0,0,0,0,0,0,0,0,0,0,0,0,0,0,0,0,0,3.42175350870405,0,0,0,0,0,0,0,0,0,3.21407496487653,0,0,0,0,0,0,0,0,0,0,0,0,0,0,0,0,0,4.86379175186157,0,0,0,0,0,0,0,0,0,0,0,0,0,0,3.79160663714776,0,4.57051898174952,0,0,0,0,0,0,0,3.63316481454032,4.00995886325836,0,0,0,0
0,0,0,0,0,0,0,0,0,0,0,0,0,0,0,0,0,0,0,0,0,0,0,0,0,0,0,0,0,0,0,0,3.37097139717781,10.7655804114682,2.94123697280884,3.63742916937066,3.03131985664368,0,0,0,0,0,0,0,0,0,0,6.37705514914748,0,12.8242452144623,0,0,0,0,0,0,0,0,0,0,0,0,0,0,0,0,0,0,0,0,0,0,0,0,4.56154113315658,4.54342828711418,11.0555169930619,0,9.31153072518289,0,0,0,3.57207538400378,0,0,0,0
0,0,0,0,0,0,0,0,0,0,0,0,0,0,0,0,0,0,0,0,0,0,0,0,0,0,0,0,0,0,0,3.37097139717781,0,3.03848116738456,13.5608907415442,3.05534886702513,11.7081996443905,0,0,0,10.6278762817383,0,0,0,0,0,0,5.32509130777851,15.8637520926339,0,0,0,0,0,0,0,0,0,0,0,0,0,0,0,0,0,0,0,0,0,0,0,0,0,4.75917346136911,5.80531672639384,0,12.8507848071613,9.29645209842258,7.68981367281427,0,0,4.58734752500758,0,18.5881032943726,0,0
0,0,0,0,0,0,0,0,0,24.7090962727865,0,0,0,0,0,0,0,0,0,0,0,0,0,0,0,0,0,0,0,0,0,10.7655804114682,3.03848116738456,0,3.84929577415176,3.84577031577885,0,10.3127067249362,3.9842700447355,18.3418547312419,0,0,0,0,0,0,0,5.45953964232444,13.6505117416382,11.076332631864,0,0,0,0,0,25.5677970250448,0,0,0,0,0,0,0,0,0,0,0,0,0,0,0,0,0,0,7.84863906165503,0,4.83736507736501,3.51592946425663,7.82319860312403,0,7.44852436203318,3.9542803923289,6.02680645386378,5.48153507709503,0,0,0
0,0,0,0,0,0,0,0,0,0,0,0,0,0,0,0,0,0,0,0,0,0,0,0,17.4993534088135,0,0,0,0,0,0,2.94123697280884,13.5608907415442,3.84929577415176,0,0,4.85092134970539,2.75099873542786,5.31066097490123,0,16.0464606285095,10.2886772155762,5.47699666023254,0,0,0,0,5.35144585865586,13.5371903937037,0,0,0,0,0,0,0,0,0,0,0,0,0,0,0,0,19.7765560150146,0,24.7756280899048,0,0,0,18.0233533041818,0,18.1578041712443,0,10.9489191168189,4.36174837628702,4.65292116891473,18.7570629119873,7.98153209839112,14.5537716547648,8.43925928493281,6.05524717966715,0,8.30700612068176,0,0
0,0,28.7201910018921,21.7088290090146,26.3886737823486,9.13070110174326,0,10.457325553894,0,0,0,7.86547348392544,0,0,0,0,73.3218841552734,75.5323715209961,62.4018857551344,5.75907501720247,0,0,0,0,0,0,0,0,0,0,0,3.63742916937066,3.05534886702513,3.84577031577885,0,0,3.40096954843697,4.04602505343376,5.2819504737854,6.93926023585456,0,39.582309450422,21.1043033599854,40.9846105575562,0,21.4397749917148,95.5294342041016,7.69607535046591,0,11.9636836603332,0,15.1371904611588,0,0,0,0,0,16.0262968811446,0,22.3614915211995,0,26.7380084991455,10.4346254928838,0,0,0,0,0,0,0,0,0,0,0,4.7061392219927,7.04655596517747,4.76667589737969,0,6.88730391860684,7.20884849723435,6.78375015258789,0,5.05347022181275,9.9378025273482,15.863477062917,38.805549621582,0
0,0,19.5238029662877,24.5830144882202,14.7974402354314,0,0,0,0,0,3.88745211518329,0,0,0,0,0,80.2429779052734,80.5436096191406,60.3075639531854,0,4.69424923546538,0,0,0,0,0,0,0,0,0,0,3.03131985664368,11.7081996443905,0,4.85092134970539,3.40096954843697,0,0,5.01650692823806,0,24.0507368788427,0,37.8002400970459,80.9240341186523,46.4032629013061,80.7608871459961,20.4527630120252,22.1582215968599,24.0807520074038,0,17.5902030944824,0,0,0,0,0,8.18164601733045,0,24.1220073699951,0,0,0,0,9.64536503825007,0,0,0,0,0,0,0,0,0,0,0,7.69227762140978,0,6.4938099601052,7.41945440428598,5.91432264942144,0,8.14581635152852,5.02292300548147,7.65589368191687,19.9241627612694,0,36.3408164978027
0,0,0,43.4949264526367,0,0,0,0,0,5.38882547787258,0,3.28941973974538,0,0,0,0,0,0,0,2.9252232948939,0,5.07794300600159,0,5.78762193699272,0,0,0,2.83671435713768,0,3.99380475282669,0,0,0,10.3127067249362,2.75099873542786,4.04602505343376,0,0,3.72430720797346,0,0,28.3235578536987,0,0,0,0,0,7.37805434381319,0,6.14851089811673,0,0,0,0,0,8.07387624663868,0,4.34900823132745,0,0,0,0,3.20586618841911,0,5.67477232042481,0,7.57982721727484,0,6.33421639033726,0,6.92335733961552,0,3.23336734374364,0,0,0,13.6310734144156,2.87838133176168,6.9607376919261,0,5.75342803110037,5.11266118829901,5.24832030724205,4.93101992105183,7.74870908846621,0,0
0,0,0,0,0,0,0,0,7.25332970619202,0,4.691929456182,0,0,0,0,0,0,0,0,0,3.14441791682215,0,7.97915103407561,0,5.3489618155421,0,0,0,3.38191509246826,0,3.21407496487653,0,0,3.9842700447355,5.31066097490123,5.2819504737854,5.01650692823806,3.72430720797346,0,0,0,0,7.18697634865256,0,0,0,0,5.90470451063814,9.65747553442061,0,0,0,0,0,7.85205969640187,0,5.38314314982662,0,0,0,0,0,0,3.88214815006806,0,9.44633280656424,0,5.42510036474309,0,9.43021202087402,0,15.8498458621478,0,6.86941447156541,0,0,0,6.28543760262284,0,7.34215848583471,14.8390224498251,6.04198125773633,4.59278603783375,2.96479177474976,5.51009724939123,0,0
0,0,34.5170127323696,22.4244379130277,0,0,0,0,0,0,0,0,0,0,0,0,79.1201805114746,69.407683877384,46.2312687635422,0,0,0,0,0,0,0,0,0,0,0,0,0,0,18.3418547312419,0,6.93926023585456,0,0,0,0,0,19.5686841936416,62.5628185272217,28.0706307002476,65.1989860534668,12.6003816585018,32.6266098022461,10.9043887578524,0,5.47092258269345,0,0,0,0,0,0,0,0,0,27.9170551300049,0,0,8.23309273996215,0,0,0,0,0,0,0,0,0,45.4455337524414,58.3103790283203,8.2861393822564,0,20.1696014404297,0,9.26836967319436,43.704225063324,0,0,21.6642310563908,51.6199165344238,9.31071960904005,27.7495417441091,0
0,0,21.1815621852875,35.4556694030762,0,0,0,0,0,0,0,0,0,0,0,0,59.9348749992175,59.172191619873,42.435165956735,0,0,0,0,0,0,0,0,0,0,0,0,0,10.6278762817383,0,16.0464606285095,0,24.0507368788427,0,0,0,0,0,20.9817325571621,65.207145690918,26.9501872717165,64.3847303082866,12.2091224438599,8.24147235800367,4.37791588730681,5.9158930312628,0,0,0,0,0,0,36.6285470326742,0,0,42.8227996826172,0,0,0,5.86794104720607,0,0,0,0,0,0,0,0,0,42.4561958312988,0,7.71257576942444,0,16.8079085350037,68.0139644145966,11.2012639935254,0,0,38.1780742362694,53.1761114937919,13.5793090301725,0,31.3979271650314
0,16.5773752733541,0,22.3469451579736,0,0,0,0,0,7.26159409616814,0,0,0,0,0,0,56.2894597053528,47.009826262792,18.8347967898277,0,0,0,0,0,0,0,0,0,0,0,0,0,0,0,10.2886772155762,39.582309450422,0,28.3235578536987,0,19.5686841936416,0,0,7.17489159075334,16.4263071753085,0,19.7692915112753,56.110969543457,7.10009284994819,18.6245410442352,8.90078020649674,0,0,0,0,0,7.83574802225286,0,14.3058821404422,0,18.7268390655518,0,16.4093914031982,22.7775251709636,0,0,0,0,0,0,0,16.0368434361049,0,10.7789853765161,0,0,0,0,9.98912382125854,29.8578959115709,68.4676029682159,10.5671928579157,0,8.22563696714468,41.7968980606566,9.95299685306629,7.65820144221282,0
12.0354964458837,0,18.8586535025866,57.4033533732096,0,0,0,0,4.52940833727519,0,0,0,19.9950160980225,0,0,0,37.6865526457964,51.9722366333008,22.0000999446451,0,0,0,0,0,10.5218067765236,0,0,0,0,0,0,0,0,0,5.47699666023254,21.1043033599854,37.8002400970459,0,7.18697634865256,62.5628185272217,20.9817325571621,7.17489159075334,0,43.9462852478027,16.8610016418104,56.3364020756313,18.3939803364974,6.44706869425264,9.10362914254307,14.5694425002388,0,0,0,0,25.1812515258789,0,18.7044567489624,0,21.4617840283877,0,23.568695155057,0,0,25.234769596029,0,0,0,11.766286277771,0,0,0,0,0,16.5912028074265,0,0,0,7.29953509569168,68.4471819741385,26.1428574598615,0,10.1999349594116,7.94858134956102,38.0670529147557,9.49114697474485,0,7.12250136964408
0,0,0,31.3137874603271,0,23.3467311859131,0,0,0,0,0,0,0,0,0,0,48.4973393440247,41.4394200607971,20.7400099078903,0,0,0,0,0,0,0,0,0,0,0,0,0,0,0,0,40.9846105575562,80.9240341186523,0,0,28.0706307002476,65.207145690918,16.4263071753085,43.9462852478027,0,35.3339614868164,19.007134932239,51.6586055755615,0,0,47.7419281005859,0,0,0,0,0,0,0,0,0,0,0,0,27.2813482529078,0,0,0,0,0,0,0,0,0,40.5768616994222,0,0,0,0,0,34.3053249946007,65.892512512207,0,0,24.4596330834858,22.4797037564791,18.7395069450982,14.0356560620395,0
0,0,30.4625816345215,0,0,0,0,0,0,0,0,0,0,0,0,0,40.4906511306763,36.1650223731995,15.2026550677713,0,0,0,0,0,0,0,0,0,0,0,0,0,0,0,0,0,46.4032629013061,0,0,65.1989860534668,26.9501872717165,0,16.8610016418104,35.3339614868164,0,49.6564080715179,18.3807972455636,0,0,0,0,0,0,0,0,0,33.0003623962402,0,0,0,0,0,0,26.9833915498522,0,0,0,0,0,0,0,0,0,47.6120567321777,0,0,0,0,75.2072541978624,31.151510565431,0,0,17.2704037383751,20.2478637695312,16.3269627399473,0,16.9271264870961
0,20.1855284827096,36.0980529785156,16.5341045036766,0,0,0,0,0,0,0,0,0,0,0,0,51.8831581607942,51.9473877405103,33.338462737867,15.3345909118652,0,0,0,0,0,0,0,0,0,0,0,0,0,0,0,21.4397749917148,80.7608871459961,0,0,12.6003816585018,64.3847303082866,19.7692915112753,56.3364020756313,19.007134932239,49.6564080715179,0,43.9263460736315,0,44.6174163818359,19.5164878590902,0,16.2226364135742,0,0,0,20.4138498306274,45.976148223877,26.8640703625149,0,18.280268351237,0,21.9481239318848,10.748078951113,68.0703913370768,0,0,0,0,0,0,37.3146198817662,0,33.5162352658004,57.6563034057617,0,0,0,0,20.6050617075142,60.9380281766256,34.0871232350667,0,30.0397766081841,29.8452703144239,16.1541923118435,29.4906327724457,51.9271278381348
23.4598899841309,0,16.4451442053824,35.5046157836914,19.5886268615723,0,0,0,0,0,0,0,0,0,0,0,48.7279784515614,53.0784921646118,28.3404921186396,0,11.597433100576,0,0,0,0,0,0,0,0,0,0,0,0,0,0,95.5294342041016,20.4527630120252,0,0,32.6266098022461,12.2091224438599,56.110969543457,18.3939803364974,51.6586055755615,18.3807972455636,43.9263460736315,0,0,22.8626319293318,34.7450695037842,26.2683696746826,0,0,0,25.8466415405273,0,24.4476107326714,0,26.6297961235046,0,28.5562362670898,0,65.0256195068359,11.1374533292196,0,0,0,0,0,0,0,0,66.4043884277344,30.7758985549685,0,0,0,0,56.3300024971129,17.4108250996037,0,0,24.6668385325126,32.3095301013244,16.1890305133468,0,29.05982141237
0,0,0,0,0,0,0,0,0,0,0,0,0,0,0,0,0,0,0,0,0,0,23.7750568389893,14.7562912772684,0,0,0,0,0,0,0,6.37705514914748,5.32509130777851,5.45953964232444,5.35144585865586,7.69607535046591,22.1582215968599,7.37805434381319,5.90470451063814,10.9043887578524,8.24147235800367,7.10009284994819,6.44706869425264,0,0,0,0,0,8.31111378117658,6.01297652366439,0,0,0,0,0,0,0,0,0,0,0,0,0,0,0,0,15.7833450395767,26.1784343719482,0,0,0,16.9003779547555,0,16.9148999591206,7.22127952132931,5.49649790443709,4.8327355057917,6.32748569392125,8.34182587700829,8.97526024284635,7.56603034374651,6.63015916081322,5.50292413649824,0,6.36455099231479,0,0
8.10500979423523,0,8.69842052459717,0,17.6655349731445,0,0,0,0,0,0,0,6.73611640930176,0,6.32002282142639,0,0,0,50.1496086120605,0,0,0,7.62890370850711,0,6.42527651071548,0,0,0,0,0,0,0,15.8637520926339,13.6505117416382,13.5371903937037,0,24.0807520074038,0,9.65747553442061,0,4.37791588730681,18.6245410442352,9.10362914254307,0,0,44.6174163818359,22.8626319293318,8.31111378117658,0,4.11676829414177,0,0,0,0,10.7986651148115,0,7.34975828295169,0,6.47962811045403,0,6.27836597067678,0,0,18.4958724975586,0,9.63895472458431,0,5.83437367913975,0,5.58254849735428,0,9.42970035118716,0,9.90720634306631,0,9.15509800534499,0,4.51276957577672,21.7283913294474,15.531644862202,0,7.73475301425729,9.71473714444447,25.4986648877462,7.96054522250851,0,11.931581361621
0,14.4116198267256,0,18.2194941393534,0,17.6815099716187,0,0,0,18.6314523003318,0,0,0,8.63284254074097,0,0,0,52.2509994506836,38.049305507115,0,0,5.25296679410067,0,9.37060628618513,0,0,0,5.2496075630188,0,0,0,12.8242452144623,0,11.076332631864,0,11.9636836603332,0,6.14851089811673,0,5.47092258269345,5.9158930312628,8.90078020649674,14.5694425002388,47.7419281005859,0,19.5164878590902,34.7450695037842,6.01297652366439,4.11676829414177,0,0,14.7429256439209,0,0,0,0,0,12.0879995992107,0,5.18912716828349,0,6.67538747787476,15.8884050250053,0,5.05889252682666,0,7.85689094758803,0,4.83496424595515,0,7.77931539459123,0,9.29896039818481,0,6.83429542558636,0,5.65303596446389,0,10.4984319442229,0,5.07416931588711,0,10.5561653044489,30.8707284927368,7.92754716184435,7.34669808931248,52.3204917907715
0,0,5.49196299097755,0,4.5477161009077,0,5.78845649957657,0,4.4329080581665,0,0,0,0,0,3.48152271184054,0,0,0,0,0,5.9279933636447,0,0,0,0,0,0,0,0,0,0,0,0,0,0,0,17.5902030944824,0,0,0,0,0,0,0,0,0,26.2683696746826,0,0,0,0,0,5.76649844078791,0,0,0,5.53890378596419,0,5.40276802017028,0,4.09488110937131,0,0,6.01866698265076,0,0,0,0,0,0,0,0,0,0,0,0,0,0,0,18.4966996291588,0,0,10.4512534201145,27.660026550293,15.9196248435974,0,0
0,0,0,7.29238337736863,0,3.48699423370011,0,4.0797476619482,0,8.02857336401939,0,0,0,6.96172709465027,0,5.25885131692639,0,0,0,13.180429564582,0,0,0,0,0,0,0,0,0,0,0,0,0,0,0,15.1371904611588,0,0,0,0,0,0,0,0,0,16.2226364135742,0,0,0,14.7429256439209,0,0,0,5.07390757168041,0,0,0,8.15618922502668,0,5.60207759597158,0,3.90647740973302,11.7793409256708,0,0,0,0,0,0,0,0,0,0,0,0,0,0,0,25.8154681710636,0,0,0,4.5542042351152,14.0718499851227,12.1752518564463,0,0
0,0,0,0,6.50963967187064,0,3.99218487739563,0,0,0,5.75920557975769,0,0,0,0,0,0,0,0,0,0,0,0,0,0,0,0,0,0,0,0,0,0,0,0,0,0,0,0,0,0,0,0,0,0,0,0,0,0,0,5.76649844078791,0,0,0,0,0,7.80639597116891,0,6.43825516902225,0,0,0,0,0,0,0,0,0,0,0,0,0,0,0,0,0,0,0,0,0,0,0,0,0,0,0,0
0,0,0,0,0,0,0,3.61120627948216,0,0,0,0,0,4.85676638285319,0,0,0,0,0,0,0,0,0,0,0,0,0,0,0,0,0,0,0,0,0,0,0,0,0,0,0,0,0,0,0,0,0,0,0,0,0,5.07390757168041,0,0,0,0,0,9.12512526359964,0,5.92165182308948,0,0,12.655834197998,0,0,0,0,0,0,0,0,0,0,0,0,0,0,0,0,0,0,0,2.96185302734375,0,0,0,0
5.26463985443115,0,5.81989185015361,0,3.01634407043457,0,0,0,4.68193400858456,0,0,0,0,0,4.56727413509203,0,0,0,0,0,0,0,0,0,3.86294234127834,0,0,0,0,0,0,0,0,0,0,0,0,0,7.85205969640187,0,0,0,25.1812515258789,0,0,0,25.8466415405273,0,10.7986651148115,0,0,0,0,0,0,0,0,0,7.73706756319319,0,4.59826258544264,0,0,0,0,0,0,6.21860613673925,0,14.0764042536418,0,0,0,0,0,0,0,0,0,32.6116371154785,0,5.61229246740888,7.81537749950702,0,9.87364874124527,0,0
0,6.61566548120408,0,8.71554225345828,0,0,0,0,0,6.51292105850335,0,0,0,0,0,6.62843539459365,0,0,0,0,0,0,0,6.10564969645606,0,0,0,0,0,0,0,0,0,25.5677970250448,0,0,0,8.07387624663868,0,0,0,7.83574802225286,0,0,0,20.4138498306274,0,0,0,0,0,0,0,0,0,0,0,0,0,0,0,8.04910171668103,0,0,0,0,8.58258870457703,0,0,0,0,0,35.5293655395508,0,0,0,25.6971135820661,0,0,0,7.48110822032642,0,9.6259756554728,31.287875134012,14.3503666372582,5.47439336776733,0
8.050877060209,0,14.6478315109902,0,12.3716477155685,0,6.96494721372922,0,20.1464080810547,0,4.59032671939006,0,3.88368654251099,0,0,0,0,0,37.3372939716686,0,4.21739379072611,0,0,0,0,0,0,0,0,0,4.86379175186157,0,0,0,0,0,8.18164601733045,0,5.38314314982662,0,36.6285470326742,0,18.7044567489624,0,33.0003623962402,45.976148223877,24.4476107326714,0,7.34975828295169,0,5.53890378596419,0,7.80639597116891,0,0,0,0,0,4.45403948591815,0,6.75211963057518,0,0,13.673154340207,0,16.4222717285156,0,0,0,0,0,5.34046651579832,0,5.37399930803521,0,0,0,0,53.0931234359741,20.3017026409344,0,4.8901335299015,9.46627799257056,29.9401742501692,10.2402911662758,0,14.9378606160482
0,12.3699320356051,0,20.669191319768,0,13.538886478969,0,5.66509043879625,0,0,0,5.64636359788327,0,9.07520122528076,0,0,0,0,39.0263590131487,4.89485433839616,0,15.9994897842407,0,0,0,0,0,0,0,3.37740341822306,0,0,0,0,0,16.0262968811446,0,4.34900823132745,0,0,0,14.3058821404422,0,0,0,26.8640703625149,0,0,0,12.0879995992107,0,8.15618922502668,0,9.12512526359964,0,0,0,0,0,5.78554020756513,0,9.38080334663391,8.28095474435371,0,0,0,14.5411963607326,0,10.2963881245975,0,4.42417675217772,0,5.95409264645523,0,0,0,0,0,18.5786310436769,0,10.9793664455414,0,9.07118419106327,28.8645482548213,8.85465625829475,9.58495745292077,0
10.174390079357,0,10.9872890578376,0,6.53403754514806,0,4.35610053274367,0,23.413761138916,0,5.59569757736769,0,3.83752293297739,0,5.32150571996515,0,0,0,0,0,0,0,0,0,0,0,0,0,0,0,0,0,0,0,0,0,24.1220073699951,0,0,0,0,0,21.4617840283877,0,0,0,26.6297961235046,0,6.47962811045403,0,5.40276802017028,0,6.43825516902225,0,7.73706756319319,0,4.45403948591815,0,0,0,4.35717185163946,0,0,36.4359998703003,0,0,0,0,0,0,0,3.13696672916412,0,0,0,0,0,0,52.0198707580566,24.6479869186878,0,0,24.9732120220478,30.7438230514526,14.2681498605911,0,16.532074581493
0,5.09054307341576,0,8.94858002662659,0,6.63420019637455,0,5.71804813652822,0,0,0,4.30014328941749,0,3.87122231284413,0,5.27033971337711,0,0,0,0,0,0,0,12.2265739440918,0,10.1003001530965,0,3.59529614448547,0,0,0,0,0,0,0,22.3614915211995,0,0,0,27.9170551300049,42.8227996826172,18.7268390655518,0,0,0,18.280268351237,0,0,0,5.18912716828349,0,5.60207759597158,0,5.92165182308948,0,0,0,5.78554020756513,0,0,0,3.94953665269746,13.088644557529,0,0,0,14.3101845741272,0,5.82533310461044,0,3.52191503151603,0,0,0,0,0,0,0,22.9799850298011,0,0,0,3.48319109586569,0,8.25545003772837,0,0
9.44108549476916,0,16.4122543334961,0,3.5744739373525,0,0,0,4.05505755742391,0,0,0,2.73848569393158,0,4.6236441909166,0,0,0,0,0,0,0,0,0,0,0,0,0,0,0,0,0,0,0,0,0,0,0,0,0,0,0,23.568695155057,0,0,0,28.5562362670898,0,6.27836597067678,0,4.09488110937131,0,0,0,4.59826258544264,0,6.75211963057518,0,4.35717185163946,0,0,0,0,0,0,0,0,0,0,0,0,0,0,31.7440242767334,0,0,0,0,0,0,0,0,5.06431007385254,8.92122097015381,14.8742016502049,0,17.4294579823812
0,6.07712153661049,0,4.76348056112017,0,6.48566477639335,0,0,0,9.1060000005758,0,0,0,3.98496403192219,0,5.16476270030527,0,0,0,0,0,0,0,0,0,0,0,0,0,0,0,0,0,0,0,26.7380084991455,0,0,0,0,0,16.4093914031982,0,0,0,21.9481239318848,0,0,0,6.67538747787476,0,3.90647740973302,0,0,0,8.04910171668103,0,9.38080334663391,0,3.94953665269746,0,0,0,0,0,0,16.0830132484436,0,7.54551895571427,0,11.9948153495789,0,0,0,0,0,0,0,26.5256633758545,0,0,0,8.04375457763672,0,18.3868099342693,0,0
0,30.5801563262939,0,11.2944362235792,0,6.55929005146027,0,0,0,0,0,8.57721078395844,0,0,0,0,70.7027534484863,70.9150904337565,47.3145624745277,6.41877444360567,0,0,0,0,0,0,0,0,0,0,0,0,0,0,0,10.4346254928838,0,3.20586618841911,0,8.23309273996215,0,22.7775251709636,0,27.2813482529078,0,10.748078951113,65.0256195068359,0,0,15.8884050250053,0,11.7793409256708,0,12.655834197998,0,0,0,8.28095474435371,0,13.088644557529,0,0,0,0,0,0,0,0,0,0,21.3088312149048,0,19.6711202140327,0,0,0,0,0,10.6085718103398,0,27.1079044342041,0,23.269479031033,22.1290284206993,11.9258779584406,33.5829772949219,0
0,0,12.971771066839,0,3.59975671768188,0,0,0,0,0,7.53894761417593,0,0,0,0,0,66.1229858398438,65.7988719940186,42.7923423949986,0,6.38266865619551,0,0,0,0,0,0,0,0,0,0,0,0,0,0,0,9.64536503825007,0,3.88214815006806,0,5.86794104720607,0,25.234769596029,0,26.9833915498522,68.0703913370768,11.1374533292196,0,18.4958724975586,0,6.01866698265076,0,0,0,0,0,13.673154340207,0,36.4359998703003,0,0,0,0,0,0,0,0,0,0,0,0,0,0,18.1575613187707,0,0,0,0,108.397468566895,13.5188836859428,0,3.16188335418701,11.4800214742092,48.2721557617188,14.5942565120319,0,37.5490989685059
0,0,0,0,0,0,0,0,0,0,0,0,0,0,0,0,0,0,0,0,0,5.12694577879148,0,11.7911504595368,0,0,0,4.31957844325474,0,0,0,0,0,0,0,0,0,5.67477232042481,0,0,0,0,0,0,0,0,0,0,0,5.05889252682666,0,0,0,0,0,0,0,0,0,0,0,0,0,0,0,0,7.65423751897687,0,5.14878950631323,0,5.68033014038796,0,0,0,0,0,0,0,0,0,4.50177436089863,0,5.09422179485889,0,0,0,0
0,0,0,0,0,0,0,0,0,0,0,0,0,0,0,0,7.182785987854,0,0,0,0,0,4.28953241431384,0,5.22533349672953,0,2.84937171141307,0,5.06083403314863,0,0,0,0,0,19.7765560150146,0,0,0,9.44633280656424,0,0,0,0,0,0,0,0,0,9.63895472458431,0,0,0,0,0,0,0,16.4222717285156,0,0,0,0,0,0,0,0,0,0,5.01496739046914,0,4.78611371382555,0,4.36786276558436,0,15.7723379135132,0,0,0,0,0,0,0,6.49161443897847,4.60201894185122,0,18.0937696603628,0,0
0,18.1069828033447,0,0,0,0,0,0,0,11.3891161178288,0,0,0,0,0,0,0,3.17193313439687,0,0,0,6.61045937074555,0,4.41494106937051,0,4.61188260037848,0,0,0,0,0,0,0,0,0,0,0,7.57982721727484,0,0,0,0,0,0,0,0,0,15.7833450395767,0,7.85689094758803,0,0,0,0,0,8.58258870457703,0,14.5411963607326,0,14.3101845741272,0,16.0830132484436,0,0,7.65423751897687,0,0,0,5.45391279494269,0,9.05260162488789,0,9.15042495727539,0,0,0,27.8197841644287,0,0,0,5.97437747022231,0,11.7725229138759,0,7.33989052875684,0,0
0,0,0,0,0,0,0,0,0,0,0,0,0,0,0,0,0,0,0,0,0,0,3.66881650686264,0,6.05262115862813,0,0,0,0,0,0,0,0,0,24.7756280899048,0,0,0,5.42510036474309,0,0,0,11.766286277771,0,0,0,0,26.1784343719482,5.83437367913975,0,0,0,0,0,6.21860613673925,0,0,0,0,0,0,0,0,0,0,5.01496739046914,0,0,0,4.72331397141082,0,4.83094479820945,0,0,0,0,0,0,0,0,0,6.38456780198333,10.297035853068,0,4.44027583110027,0,0
0,12.1382086753845,0,0,0,0,0,0,0,0,0,0,0,0,0,9.40322092175484,0,4.15059623718262,0,0,0,4.11083662378919,0,4.36958254178365,0,3.95888583283675,0,3.60077657699585,0,0,0,0,0,0,0,0,0,6.33421639033726,0,0,0,0,0,0,0,0,0,0,0,4.83496424595515,0,0,0,0,0,0,0,10.2963881245975,0,5.82533310461044,0,7.54551895571427,0,0,5.14878950631323,0,5.45391279494269,0,0,0,5.96949943068887,0,0,0,0,0,0,0,0,0,7.03395576477051,0,4.12741458415985,0,14.1483737826347,0,0
0,0,0,0,0,0,0,0,0,0,0,0,0,0,0,0,7.92490154818485,0,0,0,0,0,4.25624527931213,0,3.53486025108481,0,3.12265833287403,0,0,0,0,0,0,0,0,0,0,0,9.43021202087402,0,0,0,0,0,0,0,0,0,5.58254849735428,0,0,0,0,0,14.0764042536418,0,0,0,0,0,0,0,0,0,0,4.78611371382555,0,4.72331397141082,0,0,0,3.83733276624491,0,0,0,0,0,0,0,0,0,9.23497581481934,2.96177673339844,0,5.81047563552856,0,0
0,6.73807027935982,0,29.3791521072388,0,0,0,0,0,0,0,3.11342936754227,0,2.98975883211408,0,0,0,0,0,0,0,5.96802894790451,0,9.94235817591349,0,8.52791312161614,0,4.67901389102715,0,9.95076622508821,0,0,0,0,0,0,0,6.92335733961552,0,0,0,16.0368434361049,0,0,0,37.3146198817662,0,0,0,7.77931539459123,0,0,0,0,0,0,0,4.42417675217772,0,3.52191503151603,0,11.9948153495789,21.3088312149048,0,5.68033014038796,0,9.05260162488789,0,5.96949943068887,0,0,0,11.9617515164686,0,0,0,0,0,0,0,8.96560415706119,0,10.9398477607303,52.0252437591553,16.3217571482939,16.4140071868896,0
0,0,0,0,0,0,0,0,0,0,0,0,0,0,0,0,0,0,0,0,0,0,4.05104797753421,0,4.62899651527405,0,4.05177155769233,0,3.50136791755046,0,3.79160663714776,0,0,0,18.0233533041818,0,0,0,15.8498458621478,0,0,0,0,0,0,0,0,16.9003779547555,9.42970035118716,0,0,0,0,0,0,0,5.34046651579832,0,3.13696672916412,0,0,0,0,0,0,4.36786276558436,0,4.83094479820945,0,3.83733276624491,0,0,0,5.31241061857768,0,0,0,0,0,40.3517761230469,0,10.0983595584161,8.13155515988668,0,8.19457109451294,0,0
0,24.9989219903946,65.3121871948242,28.1131343086167,0,0,0,0,0,0,0,7.33279676182687,0,0,0,0,0,60.3531818389893,39.6685680476102,0,0,0,0,0,0,0,0,8.22380458992139,0,7.38046608418098,0,0,0,0,0,0,0,3.23336734374364,0,45.4455337524414,0,10.7789853765161,0,40.5768616994222,0,33.5162352658004,66.4043884277344,0,0,9.29896039818481,0,0,0,0,0,35.5293655395508,0,5.95409264645523,0,0,0,0,19.6711202140327,0,0,0,9.15042495727539,0,0,0,11.9617515164686,0,0,0,0,0,0,0,54.6702943884808,0,5.04430579011505,0,26.2393965327412,49.7905543645223,14.3144129690962,13.7991079330444,0
0,0,29.173132610321,0,0,0,0,0,0,0,3.91308583383975,0,0,0,0,0,0,0,38.5422806739807,0,6.96806478500366,0,0,0,0,0,0,0,4.46657878702337,0,4.57051898174952,0,0,0,18.1578041712443,0,0,0,6.86941447156541,58.3103790283203,42.4561958312988,0,16.5912028074265,0,47.6120567321777,57.6563034057617,30.7758985549685,16.9148999591206,9.90720634306631,0,0,0,0,0,0,0,5.37399930803521,0,0,0,31.7440242767334,0,0,18.1575613187707,0,15.7723379135132,0,0,0,0,0,5.31241061857768,0,0,0,0,0,0,82.2092571258545,44.8108302525112,0,6.10306086229441,21.8639013426644,56.097354888916,8.9505771410962,0,18.6958961486816
0,0,0,0,0,0,0,0,0,0,0,0,0,0,0,0,0,0,0,0,0,0,0,0,0,0,0,0,0,0,0,4.56154113315658,4.75917346136911,7.84863906165503,0,4.7061392219927,0,0,0,8.2861393822564,0,0,0,0,0,0,0,7.22127952132931,0,6.83429542558636,0,0,0,0,0,0,0,0,0,0,0,0,0,0,0,0,0,0,0,0,0,0,0,0,0,5.59630477428436,7.38771305343235,0,7.14835211971368,12.6155166625977,0,0,5.17359256744385,0,12.252981821696,0,0
0,0,0,0,0,0,0,0,0,0,0,0,0,0,0,0,0,0,0,0,0,0,0,0,0,0,0,0,0,0,0,4.54342828711418,5.80531672639384,0,10.9489191168189,7.04655596517747,7.69227762140978,0,0,0,7.71257576942444,0,0,0,0,0,0,5.49649790443709,9.15509800534499,0,0,0,0,0,0,0,0,0,0,0,0,0,0,0,0,0,0,0,0,0,0,0,0,0,5.59630477428436,0,0,11.3975655394046,0,9.8053123310782,0,0,12.6304615736008,0,8.03767807343427,0,0
0,0,0,0,0,0,0,0,0,24.2765979766846,0,0,0,0,0,0,0,0,0,0,0,0,0,0,0,0,0,0,0,0,0,11.0555169930619,0,4.83736507736501,4.36174837628702,4.76667589737969,0,13.6310734144156,0,20.1696014404297,0,0,0,0,0,0,0,4.8327355057917,0,5.65303596446389,0,0,0,0,0,25.6971135820661,0,0,0,0,0,0,0,0,0,0,27.8197841644287,0,0,0,0,0,0,0,7.38771305343235,0,0,5.00671474456787,5.35011302494834,0,5.79233953667943,0,7.04655564626058,0,5.17763805389404,0,0
0,0,0,0,0,0,0,0,0,0,0,0,0,0,0,0,0,0,0,0,0,0,0,0,0,0,0,0,0,0,0,0,12.8507848071613,3.51592946425663,4.65292116891473,0,6.4938099601052,2.87838133176168,6.28543760262284,0,16.8079085350037,9.98912382125854,7.29953509569168,0,0,0,0,6.32748569392125,4.51276957577672,0,0,0,0,0,0,0,0,0,0,0,0,0,0,0,0,0,0,0,0,0,0,0,0,0,0,11.3975655394046,5.00671474456787,0,0,6.02571786322245,0,6.81580374962498,3.9829225951975,0,3.98784160614014,0,0
0,41.285166422526,39.4143295288086,23.1771707849188,0,10.5107005292719,0,6.81088119745255,0,0,0,6.94165865839744,0,0,0,0,79.3573142341945,77.552916433297,54.066363940547,13.0442104313182,0,0,0,0,0,0,0,0,0,0,0,9.31153072518289,9.29645209842258,7.82319860312403,18.7570629119873,6.88730391860684,7.41945440428598,6.9607376919261,0,9.26836967319436,68.0139644145966,29.8578959115709,68.4471819741385,34.3053249946007,75.2072541978624,20.6050617075142,56.3300024971129,8.34182587700829,21.7283913294474,10.4984319442229,0,25.8154681710636,0,0,0,0,53.0931234359741,18.5786310436769,52.0198707580566,22.9799850298011,0,26.5256633758545,10.6085718103398,108.397468566895,0,0,0,0,0,0,0,0,54.6702943884808,82.2092571258545,7.14835211971368,0,5.35011302494834,0,0,18.4758055380084,6.4493853136477,0,10.958859154453,22.1925156580077,24.5098431442632,35.1362739086151,55.7650324503581
0,0,18.1664831451341,38.6903305053711,16.4236125946045,0,0,0,0,0,4.80672894444382,0,0,0,0,0,71.5854724970731,66.2967601899178,48.7740684205652,0,7.43958562841196,0,0,0,0,0,0,0,0,0,0,0,7.68981367281427,0,7.98153209839112,7.20884849723435,5.91432264942144,0,7.34215848583471,43.704225063324,11.2012639935254,68.4676029682159,26.1428574598615,65.892512512207,31.151510565431,60.9380281766256,17.4108250996037,8.97526024284635,15.531644862202,0,18.4966996291588,0,0,0,32.6116371154785,0,20.3017026409344,0,24.6479869186878,0,0,0,0,13.5188836859428,0,0,0,0,0,0,0,40.3517761230469,0,44.8108302525112,12.6155166625977,9.8053123310782,0,6.02571786322245,18.4758055380084,0,0,5.94501874966156,7.58661315532403,14.5363058347513,22.9187978569374,0,35.8237003424229
