0,56.3152084350586,5.34938405428319,0,16.5378522872925,0,0,0,5.31731839613481,0,0,0,0,0,7.1726318161662,0,35.4301228156457,55.6633949279785,6.72946886675698,0,0,0,0,0,0,0,0,0,0,0,0,0,0,0,0,0,0,47.2446308135986,13.1717133522034,0,32.7531024445879,0,18.7633326150439,0,0,0,18.4777164459229,42.669854482015,5.2421012532711,0,0,0,0,0,5.85766352762595,0,25.2860663731893,59.8864097595215,0,0,5.48420987526576,0,100.074348449707,22.7320976257324,0,0,0,6.23588407039642,0,0,0,0,0,29.3651344299316,0,0,0,0,0,35.2552931729485,46.9095344543457,34.7457339150565,7.19279037210919,22.1081218719482,11.0927354691508,0,0
56.3152084350586,0,0,4.71854019510573,0,12.2816174030304,0,0,0,6.22266452027633,0,0,0,0,0,21.0985134972466,35.5346355438232,0,10.0103918957499,29.1277618408203,0,0,0,10.5371724367142,0,0,0,0,0,0,0,0,0,0,0,0,0,13.1741523187736,47.3243285731265,0,53.0895614624023,22.0641648161411,39.3671179877387,0,0,24.2805939989598,0,0,46.3622398376465,7.72310249531318,0,19.8165054321289,0,0,0,6.99132017860046,0,8.8190378373983,0,0,0,11.4003769377649,31.9160354734813,0,0,0,12.7644222214324,0,0,0,0,0,19.1289366616143,0,0,0,0,0,37.0858288393041,0,18.7555209414511,0,12.4945163175311,34.1881218968606,15.1908414271907,0,0
5.34938405428319,0,0,0,9.07627295605957,0,0,0,6.0341876880126,0,0,0,0,0,8.87224888801575,0,82.888557434082,0,96.4129231770833,0,0,0,0,0,0,0,0,0,0,0,0,0,0,0,0,0,18.329873085022,56.2193565368652,27.8669540882111,0,43.1372365951538,40.2834053039551,40.3941101244233,0,0,0,24.8668721199036,0,8.76987743377686,38.5578079223633,6.96290637529813,0,0,0,5.57077376804655,0,25.816725816118,0,4.46380852717979,0,4.77370344190037,0,0,23.5392422676086,0,0,0,0,0,0,0,0,0,30.1953669653998,0,0,0,0,0,41.8706391962563,0,39.959375805325,10.4509304473889,7.1839451789856,16.9723364355922,0,23.4698718388875
0,4.71854019510573,0,0,0,11.1198277583067,0,0,0,5.80651811104787,0,0,0,0,0,0,66.6573944091797,94.5291570027669,47.4857310381803,0,0,0,0,0,0,0,0,0,0,0,0,0,0,0,0,29.4380626678467,0,32.6603775024414,0,29.9064655303955,0,42.6048389253162,64.9938507080078,0,0,27.6008768731898,0,0,0,7.78497555927249,0,10.3967384734711,0,0,0,7.47678800276768,0,7.28614414830422,0,6.42255991299947,0,8.11078158329273,29.5424362182617,0,0,0,0,0,0,0,24.7813110351562,0,29.2126557506732,0,0,0,0,0,40.149721547177,0,42.5977262150158,0,7.90757136247596,0,10.2413980406693,22.169672648112,0
16.5378522872925,0,9.07627295605957,0,0,0,0,0,9.72983861965137,0,0,0,0,0,0,0,0,0,82.932014465332,0,7.90040721084578,0,0,0,0,0,0,0,0,0,0,0,0,0,0,0,28.2786263658957,0,44.0603561401367,0,53.782845986856,48.0884990692139,50.0329509435916,0,0,0,40.6573490142822,0,19.2420655012131,0,5.08691908518473,0,0,0,8.45170416861224,0,38.3919924358989,0,0,0,0,0,0,13.2219831646453,0,0,0,0,0,0,0,0,0,46.9921741485596,0,0,0,0,0,22.9627163573487,0,51.0606959416316,5.47497536289449,5.28360119130876,14.4556167535599,0,33.7943630218506
0,12.2816174030304,0,11.1198277583067,0,0,0,0,0,5.87586614290873,0,0,0,0,0,0,0,0,110.406455993652,13.3735283790408,0,0,0,0,0,0,0,0,0,0,0,0,0,0,0,17.9982108228347,0,0,0,38.081018447876,0,53.2653265732985,0,0,0,41.0688653945923,0,64.782958984375,0,43.038740382475,0,3.74450986672446,0,3.30961946340708,0,6.68181912899017,0,6.50036175150267,0,3.93538063049316,0,0,31.4323803270367,0,0,0,0,0,0,0,0,0,41.1985893249512,0,0,0,0,0,32.7360399676041,0,56.5694459279378,0,14.536822160085,0,15.5189133285004,50.8701725006104,0
0,0,0,0,0,0,0,0,0,0,2.94005920886993,0,0,0,0,0,0,0,0,0,3.25918204050798,0,0,0,0,0,0,0,0,0,0,0,0,0,0,0,0,0,0,0,0,0,0,0,0,0,0,0,0,0,0,0,2.86578838512151,0,0,0,0,0,0,0,0,0,0,0,0,0,0,0,0,0,0,0,0,0,0,0,0,0,0,0,0,0,3.19884156297754,0,0,0,0
0,0,0,0,0,0,0,0,0,0,0,3.17824220657349,0,0,0,0,0,0,0,8.45108366012573,0,0,0,0,0,0,0,0,0,0,0,0,0,0,0,11.1115503311157,0,0,0,0,0,0,0,0,0,0,0,0,0,0,0,0,0,3.10351872707599,0,0,0,0,0,3.02684148152669,0,0,10.9851717948914,0,0,0,0,0,0,0,0,0,0,0,0,0,0,0,11.2936296463013,0,0,0,4.37829422950745,0,0,0,0
5.31731839613481,0,6.0341876880126,0,9.72983861965137,0,0,0,0,0,0,0,0,0,5.51994490487235,0,17.015974686851,41.6843013763428,14.9773645401001,0,0,0,0,0,4.19907279845771,0,3.83684602671979,0,0,0,0,0,0,0,0,0,0,0,8.43223912375314,0,69.6018142700195,0,11.5257300826219,0,0,0,26.2777919769287,0,5.45079099469715,0,11.0268149375916,0,0,0,7.87892670410768,0,35.076343536377,0,6.25741555955675,0,5.82706924980762,0,0,19.3313961029053,0,0,0,6.57190174857775,0,3.80057658812012,0,0,0,0,0,0,0,0,0,0,0,14.2432211066401,8.40756285382574,21.8091828227043,9.06380503794243,0,9.10966546194894
0,6.22266452027633,0,5.80651811104787,0,5.87586614290873,0,0,0,0,0,0,0,0,0,4.13259805237375,0,3.15798027063507,0,0,0,0,0,4.42106202125549,0,0,0,0,0,0,0,0,0,0,0,0,0,9.50117206573486,0,0,0,10.2800425887108,0,0,0,0,0,0,0,11.339906613032,0,0,0,0,0,4.83462214244277,0,18.553617477417,0,0,0,4.24372876143154,0,0,0,0,11.2947309667414,0,0,0,0,0,16.9349977175395,0,0,0,0,0,49.9993896484375,0,27.0631283351353,0,4.82041122247836,31.9864747864859,15.5097819532667,0,0
0,0,0,0,0,0,2.94005920886993,0,0,0,0,0,3.44684287566173,0,0,0,0,0,0,0,3.48402625063191,0,0,0,0,0,0,0,2.89347333378262,0,2.73578429222107,0,0,0,0,0,3.63325170848681,0,3.72072937518735,0,0,0,0,0,0,0,0,0,0,0,0,0,3.66199889183044,0,0,0,4.08124777652599,0,4.72779643499815,0,0,0,0,4.12294369854339,0,0,0,0,0,0,0,0,0,0,0,0,0,0,0,0,0,4.54320893287659,5.04784660869175,0,4.54088939939226,0,0
0,0,0,0,0,0,0,3.17824220657349,0,0,0,0,0,3.25596264290483,0,0,0,0,0,3.52667689751082,0,0,0,0,0,0,0,3.15484261512756,0,3.03328648982225,0,0,0,0,0,0,0,3.20197409165056,0,0,0,0,0,0,0,0,0,0,0,0,0,0,0,4.53571915626526,0,0,0,3.32106695175171,0,3.02326742240361,0,0,12.5706520080566,0,0,0,0,0,0,0,0,0,3.4582528583074,0,0,0,0,0,0,0,0,0,3.15880849298123,2.84538817405701,0,0,0
0,0,0,0,0,0,0,0,0,0,3.44684287566173,0,0,0,0,0,0,0,0,0,0,0,0,0,0,0,0,0,2.79083256721497,0,0,0,0,0,0,0,0,0,0,0,0,0,0,0,0,0,0,0,0,0,0,0,0,0,0,0,2.91410666245681,0,3.09988058131674,0,0,0,0,0,0,0,0,0,0,0,0,0,0,0,0,0,0,0,0,0,0,0,3.46177414655685,0,0,0,0
0,0,0,0,0,0,0,0,0,0,0,3.25596264290483,0,0,0,4.12778318355758,0,0,0,0,0,0,0,0,0,4.93190685908,0,2.98207953998021,0,2.73525357246399,0,0,0,0,0,0,0,0,0,0,0,0,0,0,0,0,0,0,0,0,0,0,0,0,0,0,0,0,0,3.03078838518471,0,5.78580584859413,0,0,0,0,0,0,8.38432453112169,0,2.74643540382385,0,0,0,0,0,0,0,0,0,0,0,3.26490292182335,3.04216488496757,0,0,0
7.1726318161662,0,8.87224888801575,0,0,0,0,0,5.51994490487235,0,0,0,0,0,0,0,17.5176197486765,42.5832939147949,24.4373683929443,0,0,0,0,0,3.79587174256643,0,5.51549320836221,0,0,0,0,0,0,0,0,0,0,0,0,0,0,0,0,0,0,0,0,0,8.15338501223811,0,13.0334823832792,0,0,0,11.1772240283442,0,0,0,6.54656365712484,0,5.73844729578363,0,0,0,0,0,0,5.85616086079524,0,3.66372426350911,0,0,0,0,0,0,0,0,0,0,0,0,12.4487792338644,0,96.5734329223633,0,0
0,21.0985134972466,0,0,0,0,0,0,0,4.13259805237375,0,0,0,4.12778318355758,0,0,0,4.30131748684666,0,0,0,0,0,0,0,3.8486305141449,0,0,0,0,0,0,0,0,0,0,0,0,0,0,0,31.8044338226318,0,0,0,0,0,0,0,2.74529266357422,0,0,0,0,0,6.02016719391471,0,0,0,3.68179316180093,0,3.70272425230712,0,0,0,0,0,0,6.09949145301843,0,0,0,0,0,0,0,0,0,0,0,0,0,3.33963526619805,2.75305104255676,26.915109702519,0,0
35.4301228156457,35.5346355438232,82.888557434082,66.6573944091797,0,0,0,0,17.015974686851,0,0,0,0,0,17.5176197486765,0,0,24.8732546505509,26.5495114911731,0,0,8.64428520202637,5.8400099947851,0,3.81819832141583,0,14.9478638355549,0,0,0,0,0,0,0,0,82.3823394775391,0,0,0,0,65.9240464844772,76.4864936215537,57.4854488336541,0,0,70.7816489370246,59.7595129966736,0,0,0,0,99.0210266113281,0,0,0,0,50.7783885002136,100.473653793335,0,0,19.9256296157837,0,78.2715080111634,0,0,6.88851026396394,0,2.89189988090878,0,0,0,0,0,65.4216575622559,0,0,0,0,83.8597304626081,70.4736241451843,84.4892533196343,69.0200732210849,17.391086053726,8.43884803343648,60.5340195141511,71.6829964773996,57.712411063058
55.6633949279785,0,0,94.5291570027669,0,0,0,0,41.6843013763428,3.15798027063507,0,0,0,0,42.5832939147949,4.30131748684666,24.8732546505509,0,22.2830550365379,76.7288208007812,0,4.27548944950104,0,3.37372853539207,0,2.96854150295258,0,2.9204615354538,0,0,0,0,0,0,0,94.1036415100098,0,69.6075496673584,0,94.8532752990723,73.7550643545682,66.7643907025175,77.6188786605309,0,0,68.0112575683594,68.592269673067,0,0,0,0,0,0,0,0,0,0,108.386665344238,0,0,0,3.12006270885468,74.2579291504208,84.2461242675781,4.0532287792726,0,0,0,0,0,0,0,71.3546939425998,0,0,0,0,0,76.1750741795679,74.3471449631911,75.1563323590395,78.7971831560135,13.538468468765,6.2300659572756,71.4394159284017,63.6641004085541,0
6.72946886675698,10.0103918957499,96.4129231770833,47.4857310381803,82.932014465332,110.406455993652,0,0,14.9773645401001,0,0,0,0,0,24.4373683929443,0,26.5495114911731,22.2830550365379,0,38.8677092960903,0,0,0,0,0,0,33.3282890319824,0,0,0,0,0,0,0,0,63.3510020573934,0,41.3069052559989,0,54.2830078601837,51.8631697302934,44.381870808198,42.6536875414968,0,0,45.1596204954277,44.3839754341146,0,63.9301651545933,69.5152997289385,0,101.77124786377,0,0,0,0,41.4176684648563,62.6272906780243,0,0,0,102.205516815186,51.867731965953,64.9525728225708,0,0,0,0,0,0,0,0,39.9272155905128,40.3921931873668,0,0,0,0,54.4512869814441,54.5631439558042,51.1668300355011,51.300273013716,18.0818090037181,24.6504526386658,40.0887551968657,37.7097628294865,44.6509739435636
0,29.1277618408203,0,0,0,13.3735283790408,0,8.45108366012573,0,0,0,3.52667689751082,0,0,0,0,0,76.7288208007812,38.8677092960903,0,0,0,0,0,0,0,0,0,0,0,0,0,0,0,0,4.15273199818529,0,8.87646121055849,0,0,0,44.3882419041225,0,0,0,42.4254682745252,0,0,0,0,0,13.8198499900323,0,8.39882874488831,0,0,0,7.88958485006428,0,14.9241390228271,0,0,5.82842155611712,0,0,0,0,0,0,0,0,0,0,0,0,0,0,0,6.01983232663865,0,5.17697102300237,0,4.99311564000733,0,10.3803030034186,0,0
0,0,0,0,7.90040721084578,0,3.25918204050798,0,0,0,3.48402625063191,0,0,0,0,0,0,0,0,0,0,0,0,0,0,0,0,0,0,0,0,0,0,0,0,0,4.60983463425993,0,3.36255759222318,0,0,0,0,0,0,0,10.7261491775513,0,0,0,0,0,0,0,0,0,0,0,0,0,0,0,0,3.59417337504085,0,0,0,0,0,0,0,0,0,0,0,0,0,0,0,9.36065948733967,0,0,5.20080498445268,0,4.57619016170502,0,0
0,0,0,0,0,0,0,0,0,0,0,0,0,0,0,0,8.64428520202637,4.27548944950104,0,0,0,0,4.4696063986531,4.93824376309584,0,3.76169043779373,0,0,0,0,0,0,0,0,0,0,0,6.08776040448615,42.4600524902344,0,0,0,0,0,0,0,0,31.5864168802897,0,2.73692870140076,0,0,0,0,0,0,0,0,0,0,0,0,0,0,4.20864842381768,2.96110020365034,7.44236623624275,0,6.57924213409424,0,3.66525061428547,0,0,0,0,0,0,0,0,0,9.54549325565165,0,4.43511895197148,6.62384302163236,23.1184131304423,0,0
0,0,0,0,0,0,0,0,0,0,0,0,0,0,0,0,5.8400099947851,0,0,0,0,4.4696063986531,0,0,3.228366178015,0,3.41338364670916,0,0,0,0,0,0,0,0,0,0,0,5.78716065625476,0,0,0,0,0,0,0,0,0,5.38811033208605,0,0,0,0,0,0,0,0,0,0,0,0,0,0,0,0,4.17309061560575,0,9.01571846008301,0,3.99100148902749,0,3.2482092984115,0,0,0,0,0,0,0,0,0,6.86432945941176,4.05058982059387,4.48035238603165,0,0,0
0,10.5371724367142,0,0,0,0,0,0,0,4.42106202125549,0,0,0,0,0,0,0,3.37372853539207,0,0,0,4.93824376309584,0,0,0,3.76738189828807,0,0,0,0,0,0,0,0,0,0,0,4.01887291343651,0,0,0,0,0,0,0,0,0,0,0,0,0,0,0,0,0,6.10063602486435,0,0,0,0,0,0,0,0,7.05583736712318,0,4.19699473101138,0,3.69892918798659,0,0,0,0,0,0,0,0,0,0,0,4.75082131911968,0,3.99141798424817,0,0,0,0
0,0,0,0,0,0,0,0,4.19907279845771,0,0,0,0,0,3.79587174256643,0,3.81819832141583,0,0,0,0,0,3.228366178015,0,0,0,3.76836223226365,0,0,0,0,0,0,0,0,0,0,0,8.49835641966217,0,0,0,0,0,0,0,0,0,6.65866759088304,0,0,0,0,0,6.44526507581732,0,0,0,0,0,4.21403342677701,0,0,0,0,5.67637494498608,0,6.46395796940972,0,3.68240021638171,0,0,0,0,0,0,0,0,0,0,0,9.75542385454672,3.93987892803393,0,12.0931548277537,0,0
0,0,0,0,0,0,0,0,0,0,0,0,0,4.93190685908,0,3.8486305141449,0,2.96854150295258,0,0,0,3.76169043779373,0,3.76738189828807,0,0,0,2.96420454978943,0,0,0,0,0,0,0,0,0,0,0,0,0,0,0,0,0,0,0,0,0,0,0,0,0,0,0,0,0,0,0,0,0,3.16688537597656,0,0,6.56482792910883,0,5.82495274327018,0,5.38666085094948,0,0,0,0,0,0,0,0,0,0,0,0,0,0,0,0,0,0
0,0,0,0,0,0,0,0,3.83684602671979,0,0,0,0,0,5.51549320836221,0,14.9478638355549,0,33.3282890319824,0,0,0,3.41338364670916,0,3.76836223226365,0,0,0,3.04662619195543,0,0,0,0,0,0,0,0,0,0,0,78.6307144165039,0,0,0,0,0,0,0,0,0,0,0,0,0,3.77783629141356,0,0,0,0,0,0,0,0,0,0,2.85645884275436,0,4.95190483729045,0,4.14759349246179,0,3.07873207947304,0,0,0,0,0,0,0,0,0,0,5.49626119931539,0,0,0,0
0,0,0,0,0,0,0,0,0,0,0,3.15484261512756,0,2.98207953998021,0,0,0,2.9204615354538,0,0,0,0,0,0,0,2.96420454978943,0,0,0,4.86060801206851,0,0,0,0,0,0,0,0,0,0,0,0,0,0,0,0,0,0,0,0,0,0,0,0,0,0,0,3.9086667356037,0,3.58843016624451,0,0,0,0,0,0,2.73642539978027,0,4.48575498152149,0,3.84460625664464,0,2.98377880454063,0,0,0,0,0,0,0,0,0,3.02411018255103,2.98510773547061,0,0,0
0,0,0,0,0,0,0,0,0,0,2.89347333378262,0,2.79083256721497,0,0,0,0,0,0,0,0,0,0,0,0,0,3.04662619195543,0,0,0,3.09184729412038,0,0,0,0,0,0,0,0,0,0,0,0,0,0,0,0,0,0,0,0,0,0,0,0,0,2.96590757369995,0,3.24861168036411,0,0,0,0,0,0,0,0,0,0,4.25013337135315,0,3.46519527706919,0,0,0,0,0,0,0,0,0,0,2.74431316057841,0,0,0,0
0,0,0,0,0,0,0,0,0,0,0,3.03328648982225,0,2.73525357246399,0,0,0,0,0,0,0,0,0,0,0,0,0,4.86060801206851,0,0,0,0,0,0,0,0,0,2.98043084631161,0,0,0,0,0,0,0,0,0,0,0,0,0,0,0,0,0,0,0,6.47748389591773,0,3.523477602005,0,0,0,0,0,0,0,0,0,0,5.54225289611816,0,3.27514386357187,0,0,0,0,0,0,0,2.84236812591553,0,2.82734233803219,2.88899151484172,0,0,0
0,0,0,0,0,0,0,0,0,0,2.73578429222107,0,0,0,0,0,0,0,0,0,0,0,0,0,0,0,0,0,3.09184729412038,0,0,0,0,0,0,0,0,0,3.51555233813347,0,0,0,0,0,0,0,0,0,0,0,0,0,0,0,0,0,3.08098840713501,0,0,0,0,0,0,0,0,0,0,0,0,0,0,4.57150000479163,0,3.49509785923303,0,0,0,0,0,0,0,4.01069915294647,2.96943044662476,0,0,0,0
0,0,0,0,0,0,0,0,0,0,0,0,0,0,0,0,0,0,0,0,0,0,0,0,0,0,0,0,0,0,0,0,7.40735995389853,8.83352905053359,8.22203486306327,3.60338161587715,15.2371953964233,0,0,0,0,0,0,0,0,0,0,4.91084203115458,0,4.51707331339518,0,0,0,0,0,0,0,0,0,0,0,0,0,0,0,0,0,0,0,0,0,0,0,0,5.59732905602387,10.2887067090114,3.44717360039552,0,3.58357286453247,12.8273181915283,0,0,3.82860048643247,0,0,0,0
0,0,0,0,0,0,0,0,0,0,0,0,0,0,0,0,0,0,0,0,0,0,0,0,0,0,0,0,0,0,0,7.40735995389853,0,14.2493525505066,9.94459415776952,3.68433637278421,10.2559395703741,0,0,0,0,0,0,0,0,0,0,6.38601872049563,2.75188255310059,11.7484623591105,0,0,0,0,0,0,0,0,0,0,0,0,0,0,0,0,0,0,0,0,0,0,0,0,9.98465733565101,6.19468510027197,0,9.92063687738929,0,19.7093961915894,0,0,3.31617812589972,0,0,0,0
0,0,0,0,0,0,0,0,0,0,0,0,0,0,0,0,0,0,0,0,0,0,0,0,0,0,0,0,0,0,0,8.83352905053359,14.2493525505066,0,4.46563962471038,3.54871188030868,0,4.70283787846565,10.783309035831,0,0,0,0,0,0,0,0,5.76375377837442,0,6.34322834014893,0,0,0,0,0,0,0,0,0,0,0,0,0,0,0,0,0,0,0,0,0,0,0,0,13.4656994105417,29.026891708374,3.34834606019259,3.4617588860648,3.97932067587356,0,4.91730208720191,0,3.79818130438123,6.77483712258886,30.4435405731201,0,0
0,0,0,0,0,0,0,0,0,0,0,0,0,0,0,0,0,0,0,0,0,0,0,0,0,0,0,0,0,0,0,8.22203486306327,9.94459415776952,4.46563962471038,0,0,7.53887657544122,15.5376758575439,4.1854684984946,0,0,14.7835415493358,0,0,0,0,0,5.9661778241611,4.16400749394388,12.2877700667979,0,0,0,0,0,0,0,0,0,0,0,0,0,0,0,0,0,0,0,0,0,0,0,0,18.8180344321511,11.5781505356232,3.65099461193544,6.27573324812232,0,25.1907490259641,0,3.87217566569646,4.21823093790492,4.93230505216689,14.0950723554267,0,0
0,0,0,29.4380626678467,0,17.9982108228347,0,11.1115503311157,0,0,0,0,0,0,0,0,82.3823394775391,94.1036415100098,63.3510020573934,4.15273199818529,0,0,0,0,0,0,0,0,0,0,0,3.60338161587715,3.68433637278421,3.54871188030868,0,0,4.46336729598768,6.34956409714439,0,12.4845060976396,0,33.4786464894404,0,0,0,27.5090585844857,0,4.04533089677668,0,16.4353092282089,0,20.3256545066833,0,12.0767560371986,0,0,0,20.7305913304174,0,18.5062294006348,0,34.8514595031738,6.59750081277361,0,0,0,0,0,0,0,0,0,65.0896606445312,0,6.10242871975981,12.221827507019,4.419901514112,0,6.15127292240626,9.94086435547581,6.03362258992164,103.304840087891,6.20170284714018,6.39062262221471,17.9196680982328,50.6040458679199,0
0,0,18.329873085022,0,28.2786263658957,0,0,0,0,0,3.63325170848681,0,0,0,0,0,0,0,0,0,4.60983463425993,0,0,0,0,0,0,0,0,0,0,15.2371953964233,10.2559395703741,0,7.53887657544122,4.46336729598768,0,0,5.1431557135586,0,35.4240048185308,0,43.1966194152832,0,0,0,11.1304423940943,4.37979581325869,30.2155313491821,0,0,0,0,0,0,0,35.5404930114746,0,0,0,0,0,0,11.3820512071252,0,0,0,0,0,0,0,0,0,0,0,5.56777372277779,0,4.71366992379938,8.39179589531638,5.38406009059183,0,8.29226133993527,10.0035853197291,8.66338102547034,12.9760071447679,0,0
47.2446308135986,13.1741523187736,56.2193565368652,32.6603775024414,0,0,0,0,0,9.50117206573486,0,3.20197409165056,0,0,0,0,0,69.6075496673584,41.3069052559989,8.87646121055849,0,6.08776040448615,0,4.01887291343651,0,0,0,0,0,2.98043084631161,0,0,0,4.70283787846565,15.5376758575439,6.34956409714439,0,0,6.19886722403058,0,0,24.0264469934313,22.9388695177825,0,0,55.243583385761,0,11.6860386883629,30.3299361830908,6.31945355733236,0,0,0,0,0,8.43621041297913,0,6.80445625142353,0,0,0,34.3849334716797,9.52682655477588,0,8.29330110640926,0,6.19072080790466,0,0,0,4.78157898575761,0,4.10162258613226,0,0,0,3.26953418631303,0,15.9621554766671,0,5.02909969359593,2.96071600914001,10.159331195975,8.04512711422515,15.6888757194745,26.4076278393085,0
13.1717133522034,47.3243285731265,27.8669540882111,0,44.0603561401367,0,0,0,8.43223912375314,0,3.72072937518735,0,0,0,0,0,0,0,0,0,3.36255759222318,42.4600524902344,5.78716065625476,0,8.49835641966217,0,0,0,0,0,3.51555233813347,0,0,10.783309035831,4.1854684984946,0,5.1431557135586,6.19886722403058,0,0,0,28.9698499043783,9.30579980451669,0,0,0,8.9824273109436,7.20324086028467,7.54997578904402,47.5747667948405,0,0,0,0,10.1835153147232,0,0,51.5080299377441,0,0,0,54.2224998474121,0,5.02575673632426,0,9.95658134317946,0,13.6270261296373,0,17.5061922073364,0,11.325075785319,0,0,0,0,0,5.20091557048616,0,9.4952644083235,20.0422077555405,5.70553047645932,4.96131996835011,6.14579240859501,12.5641170417765,0,14.934467792511
0,0,0,29.9064655303955,0,38.081018447876,0,0,0,0,0,0,0,0,0,0,0,94.8532752990723,54.2830078601837,0,0,0,0,0,0,0,0,0,0,0,0,0,0,0,0,12.4845060976396,0,0,0,0,0,26.5089555436915,0,0,0,11.1845450162888,0,26.4021034240723,0,8.44551143623037,0,41.7778749465942,0,0,0,0,0,61.1477165222168,0,0,0,64.754035949707,25.6355617453412,0,0,0,0,0,0,0,0,0,31.0488155909947,0,0,0,0,0,6.49658102238751,0,7.56428823211702,0,18.7665194783892,0,14.5164888379894,0,0
32.7531024445879,53.0895614624023,43.1372365951538,0,53.782845986856,0,0,0,69.6018142700195,0,0,0,0,0,0,0,65.9240464844772,73.7550643545682,51.8631697302934,0,0,0,0,0,0,0,78.6307144165039,0,0,0,0,0,0,0,0,0,35.4240048185308,0,0,0,0,77.3124746971942,26.0789401241558,0,0,84.1466887394587,21.6874185787315,83.4654541015625,11.1640581232234,62.0951690673828,0,0,0,0,0,0,56.6242885028615,116.65478515625,0,0,0,0,91.7428364000822,20.6665177250956,0,0,0,0,0,0,0,0,88.4271392822266,59.3913657848652,0,0,0,0,91.2221144473914,25.4748815820389,95.6755507096,44.3338198354639,41.0577796037872,53.6864425952618,27.3157587972947,84.9080912272135,36.9149645836123
0,22.0641648161411,40.2834053039551,42.6048389253162,48.0884990692139,53.2653265732985,0,0,0,10.2800425887108,0,0,0,0,0,31.8044338226318,76.4864936215537,66.7643907025175,44.381870808198,44.3882419041225,0,0,0,0,0,0,0,0,0,0,0,0,0,0,14.7835415493358,33.4786464894404,0,24.0264469934313,28.9698499043783,26.5089555436915,77.3124746971942,0,15.0909115518181,0,0,33.0884786809235,76.4987487792969,9.41384040321824,14.9023743326014,14.5237230997281,0,53.2386162497781,0,0,0,40.9986766179403,75.6045252482096,22.7977718343379,0,56.0504837036133,0,31.7210217363694,33.3412528728687,50.6261901855469,0,0,0,0,0,0,15.3408241271973,0,33.813949355101,62.5379180908203,0,0,0,0,33.5534840730952,88.758692741394,47.017961597194,77.6805390252007,20.8221372750196,20.5809838070589,24.4204793229897,23.9072240924193,64.0703735351562
18.7633326150439,39.3671179877387,40.3941101244233,64.9938507080078,50.0329509435916,0,0,0,11.5257300826219,0,0,0,0,0,0,0,57.4854488336541,77.6188786605309,42.6536875414968,0,0,0,0,0,0,0,0,0,0,0,0,0,0,0,0,0,43.1966194152832,22.9388695177825,9.30579980451669,0,26.0789401241558,15.0909115518181,0,0,0,71.4558319764979,42.8422122651388,15.7891692946442,14.0062031997575,32.3522827625275,0,0,0,0,32.8454971313477,0,36.4547435227087,41.6647262573242,0,0,0,0,70.2501088460287,39.1145377606153,0,0,0,0,0,0,0,0,93.0402145385742,30.333438243395,0,0,0,0,82.6526258642023,36.9171999052389,58.7072280536998,41.0139935174874,22.9090784476029,31.3251089682946,22.2245247604589,23.901150894165,17.6052163792555
0,0,0,0,0,0,0,0,0,0,0,0,0,0,0,0,0,0,0,0,0,0,0,0,0,0,0,0,0,0,0,0,0,0,0,0,0,0,0,0,0,0,0,0,0,0,0,0,0,0,0,0,0,0,0,0,0,0,0,0,0,0,0,0,0,0,0,0,0,0,0,0,0,0,0,0,0,0,0,0,0,0,3.68339105447133,0,4.31263788541158,0,0
0,0,0,0,0,0,0,0,0,0,0,0,0,0,0,0,0,0,0,0,0,0,0,0,0,0,0,0,0,0,0,0,0,0,0,0,0,0,0,0,0,0,0,0,0,0,0,0,0,0,0,0,0,0,0,0,0,0,0,0,0,0,0,0,0,0,0,0,0,0,0,0,0,0,0,0,0,0,0,0,0,0,0,0,0,0,0
0,24.2805939989598,0,27.6008768731898,0,41.0688653945923,0,0,0,0,0,0,0,0,0,0,70.7816489370246,68.0112575683594,45.1596204954277,42.4254682745252,0,0,0,0,0,0,0,0,0,0,0,0,0,0,0,27.5090585844857,0,55.243583385761,0,11.1845450162888,84.1466887394587,33.0884786809235,71.4558319764979,0,0,0,83.716860294342,0,0,41.6558028953244,0,44.6175475873445,0,0,0,0,0,53.5705474181609,0,0,0,45.8067321777344,13.3117871560778,0,0,0,0,0,0,0,0,0,51.8187614440918,0,0,0,0,0,38.6327235476076,83.8303486506144,57.4089512466103,91.5841503143311,38.0316303836949,60.8908142089844,22.0610894238055,43.9423180298066,52.8695945739746
18.4777164459229,0,24.8668721199036,0,40.6573490142822,0,0,0,26.2777919769287,0,0,0,0,0,0,0,59.7595129966736,68.592269673067,44.3839754341146,0,10.7261491775513,0,0,0,0,0,0,0,0,0,0,0,0,0,0,0,11.1304423940943,0,8.9824273109436,0,21.6874185787315,76.4987487792969,42.8422122651388,0,0,83.716860294342,0,0,35.0546905924973,0,0,0,0,0,0,0,21.2626269126342,0,0,0,0,0,77.9360504150391,14.7813074769298,0,0,0,0,0,0,0,0,0,31.597866913368,0,0,0,0,76.6054096221924,17.8068496153272,86.0550740559896,21.6382345389266,32.3150411574793,44.2003313700358,21.7069914672532,0,67.6560321807861
42.669854482015,0,0,0,0,64.782958984375,0,0,0,0,0,0,0,0,0,0,0,0,0,0,0,31.5864168802897,0,0,0,0,0,0,0,0,0,4.91084203115458,6.38601872049563,5.76375377837442,5.9661778241611,4.04533089677668,4.37979581325869,11.6860386883629,7.20324086028467,26.4021034240723,83.4654541015625,9.41384040321824,15.7891692946442,0,0,0,0,0,9.14446308671678,6.7442629844134,0,0,0,0,0,0,0,43.1143569946289,0,0,0,0,0,0,0,0,0,0,0,0,0,0,0,0,6.21352421588007,6.21567086433339,7.03129328667432,7.45604968653914,4.45168571605861,5.81059091302673,16.9226769785727,0,8.27617693996133,8.7672444454529,12.8557418789805,0,0
5.2421012532711,46.3622398376465,8.76987743377686,0,19.2420655012131,0,0,0,5.45079099469715,0,0,0,0,0,8.15338501223811,0,0,0,63.9301651545933,0,0,0,5.38811033208605,0,6.65866759088304,0,0,0,0,0,0,0,2.75188255310059,0,4.16400749394388,0,30.2155313491821,30.3299361830908,7.54997578904402,0,11.1640581232234,14.9023743326014,14.0062031997575,0,0,0,35.0546905924973,9.14446308671678,0,13.927158868441,0,0,0,0,6.26700906123012,0,15.7303850769997,0,4.91380743753342,0,4.43466034341366,0,0,46.6906834770651,0,10.3839969012815,0,6.44136305801247,0,8.35373886169926,0,6.4632850461536,0,12.9861049122281,0,0,0,5.6105925643116,0,56.8524516875094,33.3759827333338,7.37007559726938,12.8548197337074,14.2784038023515,15.0195705197815,0,43.0541648864746
0,7.72310249531318,38.5578079223633,7.78497555927249,0,43.038740382475,0,0,0,11.339906613032,0,0,0,0,0,2.74529266357422,0,0,69.5152997289385,0,0,2.73692870140076,0,0,0,0,0,0,0,0,0,4.51707331339518,11.7484623591105,6.34322834014893,12.2877700667979,16.4353092282089,0,6.31945355733236,47.5747667948405,8.44551143623037,62.0951690673828,14.5237230997281,32.3522827625275,0,0,41.6558028953244,0,6.7442629844134,13.927158868441,0,0,46.8840759595235,0,0,0,9.72737752501644,0,14.005797302621,0,6.23943969181606,0,11.7536393115395,46.9593787296959,0,3.09945703180213,0,18.0751607894897,0,0,0,0,0,7.30484559751923,0,0,12.6112626393636,0,16.0452156066895,23.0155193559055,0,5.38660668187486,0,11.8845628286603,35.0998600323995,13.8662529599319,8.45231278737386,0
0,0,6.96290637529813,0,5.08691908518473,0,0,0,11.0268149375916,0,0,0,0,0,13.0334823832792,0,0,0,0,0,0,0,0,0,0,0,0,0,0,0,0,0,0,0,0,0,0,0,0,0,0,0,0,0,0,0,0,0,0,0,0,0,0,0,15.5409576098124,0,6.74150974854179,0,7.22294520835082,0,8.52783476269764,0,0,13.0166085561117,0,0,0,0,0,0,0,0,0,0,0,0,0,0,0,0,0,0,0,0,6.24323732058207,0,0
0,19.8165054321289,0,10.3967384734711,0,3.74450986672446,0,0,0,0,0,0,0,0,0,0,99.0210266113281,0,101.77124786377,13.8198499900323,0,0,0,0,0,0,0,0,0,0,0,0,0,0,0,20.3256545066833,0,0,0,41.7778749465942,0,53.2386162497781,0,0,0,44.6175475873445,0,0,0,46.8840759595235,0,0,0,2.97961956659953,0,0,0,6.52621471018031,0,3.15631354252497,0,14.877513051033,19.8471631079304,0,0,0,0,0,0,0,0,0,41.9656854109331,0,0,0,0,0,31.9190492379038,0,54.6416877746582,0,25.1246331532796,7.77074289321899,16.8626942641742,0,0
0,0,0,0,0,0,2.86578838512151,0,0,0,3.66199889183044,0,0,0,0,0,0,0,0,0,0,0,0,0,0,0,0,0,0,0,0,0,0,0,0,0,0,0,0,0,0,0,0,0,0,0,0,0,0,0,0,0,0,0,0,0,0,0,0,0,0,0,0,0,0,0,0,0,0,0,0,0,0,0,0,0,0,0,0,0,0,0,3.04410587310791,0,0,0,0
0,0,0,0,0,3.30961946340708,0,3.10351872707599,0,0,0,4.53571915626526,0,0,0,0,0,0,0,8.39882874488831,0,0,0,0,0,0,0,0,0,0,0,0,0,0,0,12.0767560371986,0,0,0,0,0,0,0,0,0,0,0,0,0,0,0,2.97961956659953,0,0,0,0,0,3.13579456011454,0,0,0,0,9.99439698457718,0,0,0,0,0,0,0,0,0,0,0,0,0,0,0,11.8843747456868,0,0,0,2.99276357378278,0,8.41665287017822,0,0
5.85766352762595,0,5.57077376804655,0,8.45170416861224,0,0,0,7.87892670410768,0,0,0,0,0,11.1772240283442,0,0,0,0,0,0,0,0,0,6.44526507581732,0,3.77783629141356,0,0,0,0,0,0,0,0,0,0,0,10.1835153147232,0,0,0,32.8454971313477,0,0,0,0,0,6.26700906123012,0,15.5409576098124,0,0,0,0,0,0,0,8.5984574508667,0,7.10509093529588,0,0,0,0,0,0,6.85153684646952,0,4.40058755651813,0,0,0,0,0,0,0,0,0,0,0,13.1863644755004,9.12224637353143,0,13.0536037168385,0,0
0,6.99132017860046,0,7.47678800276768,0,6.68181912899017,0,0,0,4.83462214244277,0,0,0,0,0,6.02016719391471,0,0,0,0,0,0,0,6.10063602486435,0,0,0,0,0,0,0,0,0,0,0,0,0,8.43621041297913,0,0,0,40.9986766179403,0,0,0,0,0,0,0,9.72737752501644,0,0,0,0,0,0,0,22.4690132141113,0,0,0,4.83111519487495,0,0,0,0,6.97503872414754,0,0,0,0,0,38.4008255004883,0,0,0,0,0,53.3797874450684,0,13.38929207623,0,11.7154878844386,32.5806585039411,13.4364467224517,0,0
25.2860663731893,0,25.816725816118,0,38.3919924358989,0,0,0,35.076343536377,0,4.08124777652599,0,2.91410666245681,0,0,0,50.7783885002136,0,41.4176684648563,0,0,0,0,0,0,0,0,0,2.96590757369995,0,3.08098840713501,0,0,0,0,0,35.5404930114746,0,0,0,56.6242885028615,75.6045252482096,36.4547435227087,0,0,0,21.2626269126342,0,15.7303850769997,0,6.74150974854179,0,0,0,0,0,0,0,3.93868855278144,0,4.15728081041767,0,117.277191162109,11.1274968941409,0,0,0,0,0,0,0,3.18174662309534,0,23.4503120581309,0,0,0,0,0,52.1069395788785,0,51.9901012420654,33.9505526304245,27.5110430717468,21.577311384731,0,17.596944474082
59.8864097595215,8.8190378373983,0,7.28614414830422,0,6.50036175150267,0,0,0,18.553617477417,0,3.32106695175171,0,0,0,0,100.473653793335,108.386665344238,62.6272906780243,7.88958485006428,0,0,0,0,0,0,0,3.9086667356037,0,6.47748389591773,0,0,0,0,0,20.7305913304174,0,6.80445625142353,51.5080299377441,61.1477165222168,116.65478515625,22.7977718343379,41.6647262573242,0,0,53.5705474181609,0,43.1143569946289,0,14.005797302621,0,6.52621471018031,0,3.13579456011454,0,22.4690132141113,0,0,0,17.4992118477821,0,14.5461645722389,11.4805872285154,0,0,0,0,0,0,0,3.692773031561,0,7.43955567130516,0,0,0,0,0,40.9523090409561,0,15.908111828215,0,20.2906342486225,39.917434946696,10.5048990271226,27.4942683051614,0
0,0,4.46380852717979,0,0,0,0,0,6.25741555955675,0,4.72779643499815,0,3.09988058131674,0,6.54656365712484,0,0,0,0,0,0,0,0,0,0,0,0,0,3.24861168036411,0,0,0,0,0,0,0,0,0,0,0,0,0,0,0,0,0,0,0,4.91380743753342,0,7.22294520835082,0,0,0,8.5984574508667,0,3.93868855278144,0,0,0,4.64125628904863,0,0,0,0,0,0,0,0,6.12993173239585,0,7.89432711975418,0,0,0,0,0,0,0,0,0,0,5.7709409865466,0,4.91773366928101,0,0
0,0,0,6.42255991299947,0,3.93538063049316,0,3.02684148152669,0,0,0,3.02326742240361,0,3.03078838518471,0,3.68179316180093,0,0,0,14.9241390228271,0,0,0,0,0,0,0,3.58843016624451,0,3.523477602005,0,0,0,0,0,18.5062294006348,0,0,0,0,0,56.0504837036133,0,0,0,0,0,0,0,6.23943969181606,0,3.15631354252497,0,0,0,0,0,17.4992118477821,0,0,0,4.40371316955203,26.0572554270426,0,0,0,0,0,0,0,0,0,38.7944297790527,0,0,0,0,0,22.6940097808838,0,68.4873962402344,0,22.9048595428467,0,9.83666790856255,0,0
5.48420987526576,0,4.77370344190037,0,0,0,0,0,5.82706924980762,0,0,0,0,0,5.73844729578363,0,19.9256296157837,0,0,0,0,0,0,0,4.21403342677701,0,0,0,0,0,0,0,0,0,0,0,0,0,0,0,0,0,0,0,0,0,0,0,4.43466034341366,0,8.52783476269764,0,0,0,7.10509093529588,0,4.15728081041767,0,4.64125628904863,0,0,0,0,0,0,0,0,5.75160898011306,0,4.30836691306188,0,0,0,0,0,0,0,0,0,0,0,0,34.568431854248,0,0,0,0
0,11.4003769377649,0,8.11078158329273,0,0,0,0,0,4.24372876143154,0,0,0,5.78580584859413,0,3.70272425230712,0,3.12006270885468,102.205516815186,0,0,0,0,0,0,3.16688537597656,0,0,0,0,0,0,0,0,0,34.8514595031738,0,34.3849334716797,54.2224998474121,64.754035949707,0,31.7210217363694,0,0,0,45.8067321777344,0,0,0,11.7536393115395,0,14.877513051033,0,0,0,4.83111519487495,0,14.5461645722389,0,4.40371316955203,0,0,53.9548040390015,0,0,0,6.33625793457031,0,3.58020940423012,0,0,0,29.6265936399761,0,0,0,0,0,58.6624813079834,0,84.4950714111328,0,44.5303537628867,46.6171086629232,17.5901622943806,0,0
100.074348449707,31.9160354734813,0,29.5424362182617,0,31.4323803270367,0,10.9851717948914,0,0,0,12.5706520080566,0,0,0,0,78.2715080111634,74.2579291504208,51.867731965953,5.82842155611712,0,0,0,0,0,0,0,0,0,0,0,0,0,0,0,6.59750081277361,0,9.52682655477588,0,25.6355617453412,91.7428364000822,33.3412528728687,70.2501088460287,0,0,13.3117871560778,77.9360504150391,0,0,46.9593787296959,0,19.8471631079304,0,9.99439698457718,0,0,117.277191162109,11.4805872285154,0,26.0572554270426,0,53.9548040390015,0,0,0,0,0,0,0,0,0,0,14.1369584729629,94.0261459350586,0,0,0,0,23.3863785733626,91.4637273152669,16.3480483461232,100.919345092773,44.3367898070795,57.7690823078156,19.7674819798441,39.5562260828981,73.9408187866211
22.7320976257324,0,23.5392422676086,0,13.2219831646453,0,0,0,19.3313961029053,0,4.12294369854339,0,0,0,0,0,0,84.2461242675781,64.9525728225708,0,3.59417337504085,0,0,0,0,0,0,0,0,0,0,0,0,0,0,0,11.3820512071252,0,5.02575673632426,0,20.6665177250956,50.6261901855469,39.1145377606153,0,0,0,14.7813074769298,0,46.6906834770651,0,13.0166085561117,0,0,0,0,0,11.1274968941409,0,0,0,0,0,0,0,0,0,0,0,0,0,0,0,0,22.9556009142022,0,0,0,0,0,9.20423766790162,0,8.75890127812488,13.5447819516279,37.8940763473511,12.6259432413538,0,17.499748468399
0,0,0,0,0,0,0,0,0,0,0,0,0,0,0,0,0,4.0532287792726,0,0,0,4.20864842381768,0,7.05583736712318,0,6.56482792910883,0,0,0,0,0,0,0,0,0,0,0,8.29330110640926,0,0,0,0,0,0,0,0,0,0,0,3.09945703180213,0,0,0,0,0,0,0,0,0,0,0,0,0,0,0,0,9.02610850590359,0,6.88802171958483,0,4.45596766810847,0,0,0,0,0,0,0,0,0,8.61986163664688,0,4.83765840870993,4.90764439105988,20.5715036392212,0,0
0,0,0,0,0,0,0,0,0,0,0,0,0,0,0,0,6.88851026396394,0,0,0,0,2.96110020365034,4.17309061560575,0,5.67637494498608,0,2.85645884275436,0,0,0,0,0,0,0,0,0,0,0,9.95658134317946,0,0,0,0,0,0,0,0,0,10.3839969012815,0,0,0,0,0,0,0,0,0,0,0,0,0,0,0,0,0,0,6.6355297425214,0,4.21887887917556,0,3.62097879346595,0,0,0,0,0,0,0,0,0,13.157517323307,5.53605845853856,5.83782617849846,0,0,0
0,12.7644222214324,0,0,0,0,0,0,0,11.2947309667414,0,0,0,0,0,0,0,0,0,0,0,7.44236623624275,0,4.19699473101138,0,5.82495274327018,0,2.73642539978027,0,0,0,0,0,0,0,0,0,6.19072080790466,0,0,0,0,0,0,0,0,0,0,0,18.0751607894897,0,0,0,0,0,6.97503872414754,0,0,0,0,0,6.33625793457031,0,0,9.02610850590359,0,0,0,3.41985691896006,0,4.89125716795615,0,0,0,0,0,0,0,0,0,6.13444612008422,0,8.12850854653851,16.823474407196,13.0622829437256,0,0
6.23588407039642,0,0,0,0,0,0,0,6.57190174857775,0,0,0,0,0,5.85616086079524,0,2.89189988090878,0,0,0,0,0,9.01571846008301,0,6.46395796940972,0,4.95190483729045,0,0,0,0,0,0,0,0,0,0,0,13.6270261296373,0,0,0,0,0,0,0,0,0,6.44136305801247,0,0,0,0,0,6.85153684646952,0,0,0,0,0,5.75160898011306,0,0,0,0,6.6355297425214,0,0,0,4.33436410063613,0,0,0,0,0,0,0,0,0,0,0,9.83766652825839,4.53679877803439,0,5.32875776832754,0,0
0,0,0,0,0,0,0,0,0,0,0,0,0,8.38432453112169,0,6.09949145301843,0,0,0,0,0,6.57924213409424,0,3.69892918798659,0,5.38666085094948,0,4.48575498152149,0,0,0,0,0,0,0,0,0,0,0,0,0,0,0,0,0,0,0,0,0,0,0,0,0,0,0,0,0,0,0,0,0,3.58020940423012,0,0,6.88802171958483,0,3.41985691896006,0,0,0,5.93903695517895,0,0,0,0,0,0,0,0,0,0,0,0,0,0,0,0
0,0,0,0,0,0,0,0,3.80057658812012,0,0,0,0,0,3.66372426350911,0,0,0,0,0,0,0,3.99100148902749,0,3.68240021638171,0,4.14759349246179,0,4.25013337135315,0,0,0,0,0,0,0,0,0,17.5061922073364,0,0,0,0,0,0,0,0,0,8.35373886169926,0,0,0,0,0,4.40058755651813,0,0,0,6.12993173239585,0,4.30836691306188,0,0,0,0,4.21887887917556,0,4.33436410063613,0,0,0,4.23584106843919,0,0,0,0,0,0,0,0,0,14.5952308177948,3.10071447799946,0,13.3529100418091,0,0
0,0,0,24.7813110351562,0,0,0,0,0,0,0,0,0,2.74643540382385,0,0,0,0,0,0,0,3.66525061428547,0,0,0,0,0,3.84460625664464,0,5.54225289611816,0,0,0,0,0,0,0,4.78157898575761,0,0,0,15.3408241271973,0,0,0,0,0,0,0,0,0,0,0,0,0,0,0,3.692773031561,0,0,0,0,0,0,4.45596766810847,0,4.89125716795615,0,5.93903695517895,0,0,0,5.19950109609731,0,0,0,0,0,0,0,4.40345911533091,0,3.31486678123474,0,22.2893238067627,0,0
0,0,0,0,0,0,0,0,0,0,0,0,0,0,0,0,0,0,0,0,0,0,3.2482092984115,0,0,0,3.07873207947304,0,3.46519527706919,0,4.57150000479163,0,0,0,0,0,0,0,11.325075785319,0,0,0,0,0,0,0,0,0,6.4632850461536,0,0,0,0,0,0,0,3.18174662309534,0,7.89432711975418,0,0,0,0,0,0,3.62097879346595,0,0,0,4.23584106843919,0,0,0,3.89686783001973,0,0,0,0,0,0,0,3.53963580617479,0,0,0,0,0
0,19.1289366616143,0,29.2126557506732,0,41.1985893249512,0,0,0,16.9349977175395,0,3.4582528583074,0,0,0,0,0,71.3546939425998,39.9272155905128,0,0,0,0,0,0,0,0,2.98377880454063,0,3.27514386357187,0,0,0,0,0,65.0896606445312,0,4.10162258613226,0,31.0488155909947,88.4271392822266,33.813949355101,93.0402145385742,0,0,51.8187614440918,0,0,0,7.30484559751923,0,41.9656854109331,0,0,0,38.4008255004883,0,7.43955567130516,0,38.7944297790527,0,29.6265936399761,14.1369584729629,0,0,0,0,0,0,0,5.19950109609731,0,0,0,0,0,0,0,58.1252034095026,0,6.58469263729955,0,21.1742665802254,0,17.1291353678453,21.2468808794778,0
29.3651344299316,0,30.1953669653998,0,46.9921741485596,0,0,0,0,0,0,0,0,0,0,0,65.4216575622559,0,40.3921931873668,0,0,0,0,0,0,0,0,0,0,0,3.49509785923303,0,0,0,0,0,0,0,0,0,59.3913657848652,62.5379180908203,30.333438243395,0,0,0,31.597866913368,0,12.9861049122281,0,0,0,0,0,0,0,23.4503120581309,0,0,0,0,0,94.0261459350586,22.9556009142022,0,0,0,0,0,0,0,3.89686783001973,0,0,0,0,0,0,108.273483276367,56.6628328211167,0,4.14914704066465,39.909392674764,0,13.8322564877962,0,19.7586280902227
0,0,0,0,0,0,0,0,0,0,0,0,0,0,0,0,0,0,0,0,0,0,0,0,0,0,0,0,0,0,0,5.59732905602387,9.98465733565101,13.4656994105417,18.8180344321511,6.10242871975981,0,0,0,0,0,0,0,0,0,0,0,6.21352421588007,0,0,0,0,0,0,0,0,0,0,0,0,0,0,0,0,0,0,0,0,0,0,0,0,0,0,0,13.6605686634145,5.74585033685733,23.3162126541138,4.5762070706868,21.1722884178162,0,0,6.72282256988379,0,0,0,0
0,0,0,0,0,0,0,0,0,0,0,0,0,0,0,0,0,0,0,0,0,0,0,0,0,0,0,0,0,0,0,10.2887067090114,6.19468510027197,29.026891708374,11.5781505356232,12.221827507019,5.56777372277779,0,0,0,0,0,0,0,0,0,0,6.21567086433339,0,12.6112626393636,0,0,0,0,0,0,0,0,0,0,0,0,0,0,0,0,0,0,0,0,0,0,0,0,13.6605686634145,0,0,4.96815987135734,16.4479694366455,25.8475122747495,0,0,4.74275438079621,0,0,0,0
0,0,0,0,0,0,0,0,0,0,0,0,0,0,0,0,0,0,0,0,0,0,0,0,0,0,0,0,0,0,0,3.44717360039552,0,3.34834606019259,3.65099461193544,4.419901514112,0,3.26953418631303,0,0,0,0,0,0,0,0,0,7.03129328667432,0,0,0,0,0,0,0,0,0,0,0,0,0,0,0,0,0,0,0,0,0,0,0,0,0,0,5.74585033685733,0,0,5.46756582260132,4.72422984399294,0,3.45528229498705,0,4.09742229204298,0,0,0,0
0,0,0,0,0,0,0,0,0,0,0,0,0,0,0,0,0,0,0,0,0,0,0,0,0,0,0,0,0,0,0,0,9.92063687738929,3.4617588860648,6.27573324812232,0,4.71366992379938,0,5.20091557048616,0,0,0,0,0,0,0,0,7.45604968653914,5.6105925643116,16.0452156066895,0,0,0,0,0,0,0,0,0,0,0,0,0,0,0,0,0,0,0,0,0,0,0,0,23.3162126541138,4.96815987135734,5.46756582260132,0,0,5.65512234755676,0,4.48718401382388,3.8638563760897,0,0,0,0
0,37.0858288393041,0,40.149721547177,0,32.7360399676041,0,11.2936296463013,0,49.9993896484375,0,0,0,0,0,0,83.8597304626081,76.1750741795679,54.4512869814441,6.01983232663865,0,0,0,0,0,0,0,0,0,0,0,3.58357286453247,0,3.97932067587356,0,6.15127292240626,8.39179589531638,15.9621554766671,0,6.49658102238751,91.2221144473914,33.5534840730952,82.6526258642023,0,0,38.6327235476076,76.6054096221924,4.45168571605861,0,23.0155193559055,0,31.9190492379038,0,11.8843747456868,0,53.3797874450684,0,40.9523090409561,0,22.6940097808838,0,58.6624813079834,23.3863785733626,0,0,0,0,0,0,0,0,0,58.1252034095026,108.273483276367,4.5762070706868,16.4479694366455,4.72422984399294,0,0,32.8456481819722,23.2583998733421,105.990992863973,47.4937609566903,21.1078943895257,35.1339436554974,28.7240548936447,72.5543670654297
35.2552931729485,0,41.8706391962563,0,22.9627163573487,0,0,0,0,0,0,0,0,0,0,0,70.4736241451843,74.3471449631911,54.5631439558042,0,9.36065948733967,0,0,0,0,0,0,0,0,0,0,12.8273181915283,19.7093961915894,0,25.1907490259641,9.94086435547581,5.38406009059183,0,9.4952644083235,0,25.4748815820389,88.758692741394,36.9171999052389,0,0,83.8303486506144,17.8068496153272,5.81059091302673,56.8524516875094,0,0,0,0,0,0,0,52.1069395788785,0,0,0,0,0,91.4637273152669,9.20423766790162,0,0,0,0,0,0,0,0,0,56.6628328211167,21.1722884178162,25.8475122747495,0,5.65512234755676,32.8456481819722,0,92.8262615203857,11.3166508040159,38.0416223769549,24.22738312566,36.4712096299835,62.0011539459229,46.7312718232473
46.9095344543457,18.7555209414511,0,42.5977262150158,0,56.5694459279378,0,0,0,27.0631283351353,0,0,0,0,0,0,84.4892533196343,75.1563323590395,51.1668300355011,5.17697102300237,0,9.54549325565165,0,4.75082131911968,0,0,0,0,0,2.84236812591553,0,0,0,4.91730208720191,0,6.03362258992164,0,5.02909969359593,20.0422077555405,7.56428823211702,95.6755507096,47.017961597194,58.7072280536998,0,0,57.4089512466103,86.0550740559896,16.9226769785727,33.3759827333338,5.38660668187486,0,54.6416877746582,0,0,0,13.38929207623,0,15.908111828215,0,68.4873962402344,0,84.4950714111328,16.3480483461232,0,8.61986163664688,0,6.13444612008422,0,0,0,4.40345911533091,0,6.58469263729955,0,0,0,3.45528229498705,0,23.2583998733421,92.8262615203857,0,87.4695720672607,32.610067664427,11.9586631369518,29.2528725956542,33.3843341921712,0
34.7457339150565,0,39.959375805325,0,51.0606959416316,0,0,0,14.2432211066401,0,4.54320893287659,0,0,0,0,0,69.0200732210849,78.7971831560135,51.300273013716,0,0,0,6.86432945941176,0,9.75542385454672,0,0,0,0,0,4.01069915294647,0,0,0,3.87217566569646,103.304840087891,8.29226133993527,2.96071600914001,5.70553047645932,0,44.3338198354639,77.6805390252007,41.0139935174874,0,0,91.5841503143311,21.6382345389266,0,7.37007559726938,0,0,0,0,0,13.1863644755004,0,51.9901012420654,0,0,0,0,0,100.919345092773,8.75890127812488,0,13.157517323307,0,9.83766652825839,0,14.5952308177948,0,3.53963580617479,0,4.14914704066465,0,0,0,4.48718401382388,105.990992863973,11.3166508040159,87.4695720672607,0,34.8243310739947,59.9221534729004,21.7256835947495,85.0181045532227,28.4762771194046
