0,0,5.7394119984763,0,0,0,0,0,4.42164585373618,21.5313234329224,0,0,0,0,0,0,39.7448806762695,49.1305809020996,15.3561578638413,0,0,0,0,0,15.3432569503784,0,0,0,0,0,0,0,0,0,0,0,56.8665936787923,0,22.914326357287,0,45.352375793457,72.5887832641602,18.5532993906473,0,0,0,25.914379119873,33.055521774292,12.4708530355144,0,0,0,0,0,4.17683073201794,0,0,0,0,0,3.25863301753998,0,0,71.6979598999023,0,0,0,11.2187788255753,0,0,0,27.7118663787842,0,0,0,0,0,0,0,36.3914918899536,0,31.9902554562217,14.2181896743039,30.9031659762065,10.6305969543608,0,15.5485067367554
0,0,0,6.44772498496839,0,10.7342847188314,0,0,0,8.03608889716291,0,0,0,0,0,5.69956302642822,52.6634292602539,19.4359738826752,12.6559345086416,31.6402215957642,0,0,0,7.39389909546951,0,0,0,0,0,0,0,0,0,0,0,53.1611508762135,0,22.0470908392779,51.146110534668,35.0398244857788,84.3949928283691,20.5928595099494,0,0,0,22.9954382745843,0,25.2849267323812,0,7.14584929926866,0,8.78503956113543,0,0,0,6.18548924078321,0,12.2867036027423,0,17.5018711090088,0,4.54324062281641,32.6177965799967,0,0,0,7.00230320629321,0,0,0,37.9175777435303,0,30.9031898893159,0,0,0,0,0,36.6690551688274,0,26.1739454293988,103.549331665039,17.0094103755523,31.4485836029053,17.1249351597116,40.6948709487915,0
5.7394119984763,0,0,0,8.43020869603102,0,0,0,6.68727789438048,0,0,0,0,0,0,0,52.6328754425049,0,29.0430278778076,0,0,0,0,0,0,0,0,0,0,0,0,0,51.3700904846191,0,52.9919586181641,25.1245155334473,21.1332061290741,67.9661865234375,47.5815043449402,0,33.6503535461426,0,26.3031242744267,0,0,0,13.5567510809217,49.296862411499,10.0644950572481,39.5150215148926,5.1946573138237,0,0,0,4.88167746708943,0,0,0,5.8588942527771,0,0,0,0,26.495584487915,0,0,0,0,0,30.7499694824219,0,24.3744792938232,0,0,0,53.9525814056396,0,61.2408752441406,0,32.212295850118,0,41.0687117576599,12.1406237665737,13.9497339725494,12.3446478268913,0,14.6060928748204
0,6.44772498496839,0,0,0,9.22186684070673,0,0,0,9.0843736399775,0,0,0,0,0,3.35979676246643,68.9760627746582,0,10.5204925537109,26.077220916748,0,0,0,33.0956764221191,0,0,0,0,0,0,0,0,0,0,0,23.3005577325821,0,63.1867523193359,0,43.0835094451904,0,29.1221493055236,0,0,0,22.3244588128452,0,62.4605751037598,0,7.7146868566672,0,8.56733458136257,0,0,0,5.65567664478136,0,6.49940523348357,0,7.05075188570244,0,8.98159779700558,44.3767204284668,0,0,0,0,0,0,0,0,0,29.1716393180515,0,0,0,0,0,31.4684113043326,0,43.1868476867676,0,11.6324528684983,57.3033752441406,8.02492675713346,31.6986675262451,0
0,0,8.43020869603102,0,0,0,4.01407337188721,0,5.73844316488137,0,0,0,0,0,0,0,0,0,47.4198265075684,0,7.12837965671833,0,0,0,0,0,0,0,0,0,0,0,0,0,0,37.7016181945801,20.7919692993164,0,64.1042861938477,0,27.8538166681925,0,44.1585943433974,0,0,0,17.8025044775628,57.1952900886536,19.8594361543655,51.0454696019491,4.3098705807583,0,0,0,4.469145628539,0,3.36417722702026,0,0,0,3.16467249393463,0,0,8.78681444834514,0,0,0,0,0,0,0,0,0,0,0,0,0,65.0599002838135,0,22.8207917743259,0,0,8.68608316859683,5.67747728046106,10.2280585520608,0,0
0,10.7342847188314,0,9.22186684070673,0,0,0,0,0,5.39941985955399,0,0,0,0,0,0,160.658615112305,0,43.4502468109131,3.87924333413442,0,0,0,0,0,0,0,0,0,0,0,0,0,0,0,16.4825699943857,0,70.1310052871704,0,51.8617382049561,0,42.683490463783,0,0,0,27.2376811802387,0,61.8676233291626,0,19.693234725432,0,4.21067684254748,0,0,0,4.38451548665762,0,11.1932059609613,0,0,0,6.57021792485164,8.49916297778851,0,0,0,0,0,0,0,41.5385526021322,0,41.4307484096951,0,0,0,0,0,25.7945273356004,0,48.7560017903646,0,4.76354641111127,3.7850014961372,13.9478843633945,0,0
0,0,0,0,4.01407337188721,0,0,0,0,0,0,0,0,0,0,0,0,0,0,0,5.122836229649,0,0,0,0,0,0,0,0,0,0,0,0,0,0,0,0,0,0,0,0,0,0,0,0,0,0,0,0,0,2.88724657467433,0,2.9229315335934,0,0,0,0,0,0,0,0,0,0,6.66375084976097,0,0,0,0,0,0,0,0,0,0,0,0,0,0,0,0,0,0,2.97633982741314,3.46038411213801,0,0,0
0,0,0,0,0,0,0,0,0,0,0,3.26437756933015,0,0,0,0,0,0,0,5.25574926564293,0,0,0,0,0,0,0,0,0,0,0,0,0,0,0,0,0,0,0,0,0,0,0,0,0,0,0,0,0,0,0,2.81166235605876,0,2.90258071461662,0,0,0,0,0,2.82656698226929,0,0,2.94338202476501,0,0,0,0,0,0,0,0,0,0,0,0,0,0,0,0,0,0,0,3.48306430422741,3.12607326227076,0,0,0
4.42164585373618,0,6.68727789438048,0,5.73844316488137,0,0,0,0,0,0,0,0,0,2.84245678782463,0,12.6089600513933,33.6639041900635,17.4733384677342,0,0,0,0,0,7.11153170988732,0,3.0498062985284,0,0,0,0,0,0,0,0,0,0,0,8.15698961566265,0,0,0,9.99484032323991,0,0,0,18.2709438323975,0,15.3833367824554,0,3.30451738162779,0,0,0,4.58642261922115,0,0,0,0,0,4.13885984420776,0,0,0,0,0,0,7.36876827039217,0,8.98513531684875,0,0,0,0,0,0,0,0,0,0,0,6.73452505294014,5.46280204933701,18.8797474861145,13.888652591563,0,3.65403747558594
21.5313234329224,8.03608889716291,0,9.0843736399775,0,5.39941985955399,0,0,0,0,0,0,0,0,0,4.58946571770511,40.0034585365882,18.6599750660127,13.5910229084909,0,0,0,0,6.97498360945254,0,2.80160937990461,0,0,0,0,0,0,0,0,0,61.4430805005525,76.4397277832031,23.8058513689411,76.8930110931396,53.8153988066174,50.2038235042406,23.5466453921256,43.1260044915335,0,0,45.6591703414917,36.0503228505452,29.9853477478027,69.6714849472046,8.39683598711871,0,11.8345882415771,0,0,0,5.59571509848099,0,16.5652090058182,0,11.5821056365967,0,5.2838907328951,23.2780995462455,46.007698059082,0,0,9.7498659854982,0,4.71788650456041,0,19.580379373887,0,21.6217866527791,0,0,0,0,0,50.9893942819515,59.1886226947491,38.2318574060564,68.3892145658794,9.0929731744955,21.4109416258963,20.3313113911416,34.3402862548828,0
0,0,0,0,0,0,0,0,0,0,0,0,3.10746205323621,0,0,0,0,0,0,0,3.12062845636883,0,0,0,0,0,0,0,0,0,2.82276587486267,0,0,0,0,0,3.02335412642535,0,3.16969045712834,0,0,0,0,0,0,0,0,0,0,0,0,0,0,0,0,0,5.07656735694781,0,3.16762395021392,0,0,0,0,4.08407333393225,0,0,0,0,0,0,0,0,0,4.15911895036697,0,0,0,0,0,3.71581742037898,0,0,2.980138246431,0,5.34949313677274,0,0
0,0,0,0,0,0,0,3.26437756933015,0,0,0,0,0,3.81937654077271,0,0,0,0,0,3.57976258023738,0,0,0,0,0,0,0,3.52384706779763,0,4.48115086179031,0,0,0,0,0,3.35812473924536,0,4.39429448572795,0,0,0,0,0,0,0,0,0,0,0,0,0,0,0,0,0,0,0,3.93197228932048,0,3.29500532396061,0,0,0,0,0,0,0,0,0,0,3.34589978268272,0,5.04948040200455,0,0,0,0,0,0,0,7.51939884821574,0,3.51273523226823,2.84946095943451,0,0,0
0,0,0,0,0,0,0,0,0,0,3.10746205323621,0,0,0,0,0,0,0,0,0,0,0,0,0,0,0,0,0,3.83099580229374,0,0,0,0,0,0,0,0,0,0,0,0,0,0,0,0,0,0,0,0,0,0,0,0,0,0,0,3.58812054991722,0,2.90639496048292,0,0,0,0,0,0,0,0,0,0,0,0,0,0,0,0,0,0,0,0,0,0,0,3.12149365324723,3.15976236263911,0,0,0
0,0,0,0,0,0,0,0,0,0,0,3.81937654077271,0,0,0,0,0,0,0,0,0,0,0,0,0,0,0,2.95439684391022,0,0,0,0,0,0,0,0,0,0,0,0,0,0,0,0,0,60.8864364624023,0,0,0,0,0,0,0,0,0,0,0,3.42589865790473,0,3.03836167713381,0,0,0,0,0,0,0,0,0,0,2.91513621807098,0,0,0,0,0,0,0,0,0,0,0,3.43547998625657,3.06542634255815,0,0,0
0,0,0,0,0,0,0,0,2.84245678782463,0,0,0,0,0,0,0,12.3825138145023,0,0,0,0,0,0,0,0,0,0,0,0,0,0,0,0,0,0,0,0,0,0,0,0,0,0,0,0,0,0,0,0,0,0,0,0,0,3.1584310978651,0,0,0,0,0,0,0,0,0,0,0,0,0,0,0,0,0,0,0,0,0,0,0,0,0,0,0,18.1337520054408,6.58838646752494,0,0,0
0,5.69956302642822,0,3.35979676246643,0,0,0,0,0,4.58946571770511,0,0,0,0,0,0,39.0343552369338,16.0040485715784,32.616644178118,0,0,0,0,0,0,3.34278588824802,0,0,0,0,0,0,0,0,0,0,0,0,0,0,0,51.787784576416,0,0,0,0,0,0,94.3577499389648,3.73429726732188,0,0,0,0,0,5.1411081650218,0,3.04253191235422,0,2.83217651503427,0,3.92111412463365,0,0,0,0,0,0,3.16887807846069,0,0,0,0,0,0,0,0,0,0,0,0,0,7.65663566682246,6.95401822385334,8.37816365559896,0,0
39.7448806762695,52.6634292602539,52.6328754425049,68.9760627746582,0,160.658615112305,0,0,12.6089600513933,40.0034585365882,0,0,0,0,12.3825138145023,39.0343552369338,0,24.9768107471193,18.1013748311861,70.3365287780762,0,0,6.33390037948466,0,3.72908993544558,0,3.16887791951497,0,0,0,0,0,0,0,0,97.5519491831462,96.9827035268148,108.558825041118,94.9363748650802,82.3894968032837,73.2507621049881,71.3247267494739,56.9702269158712,0,0,69.971855269538,65.0214352077908,0,73.9224454561869,65.6022478739421,0,0,0,0,3.43597152174973,0,0,0,0,0,6.15632605552673,34.7304656770494,73.6001007080078,69.626220703125,0,6.03156929016113,0,0,0,3.05717954039574,0,116.098258972168,83.194164276123,0,0,0,0,0,83.518425468926,80.7683571480416,93.413094808889,83.053567038642,17.3810043189057,11.4777346400376,66.2178230026728,67.5894419352214,51.9773636817932
49.1305809020996,19.4359738826752,0,0,0,0,0,0,33.6639041900635,18.6599750660127,0,0,0,0,0,16.0040485715784,24.9768107471193,0,20.6101211354383,82.199821472168,0,3.33496843484732,0,7.06344684752925,0,5.47912444250924,0,0,0,0,0,0,0,0,0,87.4624626159668,93.3047071184431,89.064126996433,99.1046783447266,76.9726641585187,78.1566409591801,60.2443456700239,68.5407995569626,0,0,61.9935745631947,45.7737350463867,0,83.0186411539714,71.6060115269252,0,0,0,0,0,10.7262957709176,0,0,0,0,0,17.1245018279914,80.8944705200195,94.7902870178223,5.27054337092808,0,12.0971395288195,0,7.81705174805983,0,0,0,55.0263944353376,0,0,0,0,0,72.6635681428521,87.4769865671794,77.4312831620525,89.1146549141925,18.7771638313343,11.3073265344445,66.8250125589406,54.0703339827688,65.1058069375845
15.3561578638413,12.6559345086416,29.0430278778076,10.5204925537109,47.4198265075684,43.4502468109131,0,0,17.4733384677342,13.5910229084909,0,0,0,0,0,32.616644178118,18.1013748311861,20.6101211354383,0,48.0769076347351,0,0,0,0,0,0,0,0,0,31.7354869842529,0,0,0,0,0,63.4373757130391,65.6885117106355,65.7284444435356,67.9020016605609,42.7662509811321,43.2485053167378,27.6800720936367,22.2773937433786,24.2073914210002,29.0601902008057,37.3293848539654,46.5036705609026,36.8318328857422,38.2792456998663,33.9471383407468,0,0,0,0,0,21.2087078094482,0,36.1596806470086,0,0,0,23.4880437850952,46.7841695554697,46.9220338548933,0,0,0,0,0,0,29.4851127624512,26.1745431900024,35.6552961576353,35.7408902304513,0,0,0,0,46.977717841865,52.9710963532165,49.3259304844768,51.2507997949805,13.686260860882,18.9614581886837,35.3637887722767,25.7725312565081,24.1904931738225
0,31.6402215957642,0,26.077220916748,0,3.87924333413442,0,5.25574926564293,0,0,0,3.57976258023738,0,0,0,0,70.3365287780762,82.199821472168,48.0769076347351,0,0,0,0,0,0,0,0,0,0,6.45001490910848,0,0,0,0,0,5.46283631740168,0,7.00449613244445,0,0,0,47.6262884701,92.1747665405273,0,0,21.593249166334,0,0,0,48.3396759033203,0,0,0,0,0,0,0,4.50172796763852,0,0,0,0,5.61111053926112,0,0,0,0,0,0,0,0,0,8.90827759106954,0,0,0,0,0,11.030662353488,0,11.0846527692956,0,4.31057655295049,55.2447319030762,8.11567399248164,0,0
0,0,0,0,7.12837965671833,0,5.122836229649,0,0,0,3.12062845636883,0,0,0,0,0,0,0,0,0,0,0,0,0,0,0,0,0,0,0,0,0,0,0,0,0,4.48527865052748,0,3.43083545278877,0,0,0,41.7613296508789,0,0,0,25.0038646697998,0,0,0,0,0,0,0,0,0,3.42467021548058,0,0,0,0,0,0,3.73350111334028,0,0,0,0,0,0,0,0,0,4.63691939626421,0,0,0,0,0,5.02277155512387,0,5.48115921020508,6.59536613755756,15.4422788619995,5.21725962901938,0,0
0,0,0,0,0,0,0,0,0,0,0,0,0,0,0,0,0,3.33496843484732,0,0,0,0,5.65853455259993,7.17383044579126,11.6680052280426,3.63511919582822,0,3.94023098910812,0,0,0,0,0,0,0,0,0,3.86808398298102,2.96011773745219,0,0,0,0,0,0,0,0,0,0,5.27965035752504,0,0,0,0,0,0,0,0,0,0,0,0,0,0,4.3695160558939,6.04743138481589,7.71010143799189,0,5.05853705219194,0,3.1028991540273,0,0,0,0,0,0,0,0,0,19.5425150187119,0,4.69444108009338,4.3700705045292,20.8684101104736,0,0
0,0,0,0,0,0,0,0,0,0,0,0,0,0,0,0,6.33390037948466,0,0,0,0,5.65853455259993,0,0,6.7159216841535,0,3.62158983945847,0,3.15366982409829,0,0,0,0,0,0,0,0,2.95066213607788,6.63306825860102,0,0,0,0,0,0,0,0,0,4.22382053084039,0,0,0,0,0,0,0,0,0,0,0,0,0,0,0,2.74884999499601,4.42691466454662,0,6.55969354474208,0,0,0,3.0942190527916,0,0,0,0,0,0,0,0,0,14.3623667134179,5.75506934771836,4.29591240961044,0,0,0
0,7.39389909546951,0,33.0956764221191,0,0,0,0,0,6.97498360945254,0,0,0,0,0,0,0,7.06344684752925,0,0,0,7.17383044579126,0,0,0,4.01099258804321,0,0,0,0,0,0,0,0,0,0,0,5.08283133899674,0,0,0,15.964015520536,0,0,0,0,0,17.4773120880127,0,7.52911471612383,0,0,0,0,0,6.069906001091,0,0,0,0,0,0,0,0,8.48872024362737,0,4.8196612535674,0,4.6402920836308,0,0,0,0,0,0,0,0,0,0,0,7.00601602897925,0,4.78980466392305,0,6.87686076334545,0,0
15.3432569503784,0,0,0,0,0,0,0,7.11153170988732,0,0,0,0,0,0,0,3.72908993544558,0,0,0,0,11.6680052280426,6.7159216841535,0,0,0,4.83168332741178,0,0,0,0,0,0,0,0,0,0,0,7.78460874315426,0,0,0,16.3924617767334,0,0,0,0,22.2814617156982,7.62290243656315,0,0,0,0,0,4.62768643558179,0,0,0,0,0,4.68148345417447,0,0,0,0,7.80555483032533,0,5.54492538579575,0,3.37913703918457,0,0,0,0,0,0,0,0,0,0,0,6.45637666586354,5.19274667991224,8.02298164367676,7.66523146629333,0,0
0,0,0,0,0,0,0,0,0,2.80160937990461,0,0,0,0,0,3.34278588824802,0,5.47912444250924,0,0,0,3.63511919582822,0,4.01099258804321,0,0,0,3.60481043701822,0,0,0,0,0,0,0,0,0,16.4954242706299,0,0,0,0,0,0,0,0,0,0,0,13.6861295700073,0,0,0,0,0,0,0,0,0,0,0,4.01376289129257,0,0,3.41833711374001,0,8.89028254799221,0,3.48063016901998,0,5.56364118668341,0,0,0,0,0,0,0,0,0,17.2180619239807,0,5.11963539263781,0,17.4596567153931,0,0
0,0,0,0,0,0,0,0,3.0498062985284,0,0,0,0,0,0,0,3.16887791951497,0,0,0,0,0,3.62158983945847,0,4.83168332741178,0,0,0,0,0,0,0,0,0,0,0,0,0,0,0,0,0,0,0,0,0,0,0,0,0,0,0,0,0,3.15475695927938,0,0,0,0,0,0,0,0,0,0,0,0,0,0,2.94112379103899,0,0,0,0,0,0,0,0,0,0,0,0,4.65711259841919,0,0,0,0
0,0,0,0,0,0,0,0,0,0,0,3.52384706779763,0,2.95439684391022,0,0,0,0,0,0,0,3.94023098910812,0,0,0,3.60481043701822,0,0,0,4.20059469704316,0,0,0,0,0,0,0,2.85709774494171,0,0,0,0,0,0,0,0,0,0,0,0,0,0,0,0,0,0,0,0,0,0,0,0,0,0,5.35072576365572,0,0,0,4.15853887337905,0,5.00050775612716,0,0,0,0,0,0,0,0,0,0,0,5.49344227001781,3.07929859734789,0,0,0
0,0,0,0,0,0,0,0,0,0,0,0,3.83099580229374,0,0,0,0,0,0,0,0,0,3.15366982409829,0,0,0,0,0,0,0,4.30331630969611,0,0,0,0,0,0,0,2.80798697471619,0,0,0,0,0,0,0,0,0,0,0,0,0,0,0,0,0,0,0,0,0,0,0,0,0,0,3.06678904505337,0,0,0,0,0,3.57034314682609,0,3.58600687980652,0,0,0,0,0,0,0,0,2.8988847562245,2.98207107186317,0,0,0
0,0,0,0,0,0,0,0,0,0,0,4.48115086179031,0,0,0,0,0,0,31.7354869842529,6.45001490910848,0,0,0,0,0,0,0,4.20059469704316,0,0,0,0,0,0,0,0,0,4.6723000632392,0,0,0,48.0432968139648,0,0,0,0,0,0,0,0,0,0,0,0,0,0,0,3.66981018743207,0,0,0,0,10.0931143760681,0,0,0,0,0,0,0,3.3326621055603,0,4.2187655266509,0,0,0,0,0,0,0,3.77957529822985,0,4.48449401949581,4.04585408483233,0,0,0
0,0,0,0,0,0,0,0,0,0,2.82276587486267,0,0,0,0,0,0,0,0,0,0,0,0,0,0,0,0,0,4.30331630969611,0,0,0,0,0,0,0,0,0,3.37019096270646,0,0,0,0,0,0,0,0,0,0,0,0,0,0,0,0,0,3.17028832435608,0,0,0,0,0,0,0,0,0,0,0,0,0,0,3.63376620411873,0,3.45909392160045,0,0,0,0,0,0,0,3.29705839408071,4.00875417391459,0,0,0,0
0,0,0,0,0,0,0,0,0,0,0,0,0,0,0,0,0,0,0,0,0,0,0,0,0,0,0,0,0,0,0,0,4.53321503217404,3.199197096997,3.33386249975725,0,2.86845555492476,0,0,0,0,0,0,0,0,0,0,7.30696964513569,0,8.26842857996623,0,0,0,0,0,0,0,0,0,0,0,0,0,0,0,0,0,0,0,0,0,0,0,0,4.65448740525749,9.31192725499471,4.10997787117958,6.39943587779999,7.85148388544718,14.9826707839966,0,0,2.93525506320753,0,0,0,0
0,0,51.3700904846191,0,0,0,0,0,0,0,0,0,0,0,0,0,0,0,0,0,0,0,0,0,0,0,0,0,0,0,0,4.53321503217404,0,0,3.72238238867339,0,4.57525790544848,0,96.1799354553223,0,72.1742248535156,0,0,0,0,0,55.3055884043376,8.59295269545688,0,13.3178829779992,0,0,0,0,0,0,0,0,0,0,0,0,0,0,0,0,0,0,0,0,0,0,0,0,13.2550209999084,6.53025878986082,0,4.40758543761808,0,9.96694681793451,0,80.5357666015625,3.18323315701015,0,56.8397237989638,0,0
0,0,0,0,0,0,0,0,0,0,0,0,0,0,0,0,0,0,0,0,0,0,0,0,0,0,0,0,0,0,0,3.199197096997,0,0,3.49912260307206,7.12669659031488,0,6.77524793148041,0,35.7658004760742,0,10.575182278951,0,0,0,0,0,4.57938864337447,0,8.59867725990437,0,0,0,0,0,0,0,0,0,0,0,0,0,0,0,0,0,0,0,0,0,0,0,0,7.06192128360271,3.89508986473083,4.4634269494859,4.78903199243946,8.81602419734387,0,7.67564774164255,0,4.00325734162134,0,0,0,0
0,0,52.9919586181641,0,0,0,0,0,0,0,0,0,0,0,0,0,0,0,0,0,0,0,0,0,0,0,0,0,0,0,0,3.33386249975725,3.72238238867339,3.49912260307206,0,0,6.05613286830761,0,5.09468702175332,0,74.3428421020508,0,0,0,0,0,63.228197479248,5.14995963911586,8.79285208668028,16.7588649477277,0,0,0,0,0,0,0,0,0,0,0,0,0,0,0,0,0,0,0,0,0,0,0,0,0,5.8335649728775,4.85791909694672,7.22323208177605,0,10.2400330319124,0,5.20758120693378,5.06734080691568,0,26.1541190677219,0,0
0,53.1611508762135,25.1245155334473,23.3005577325821,37.7016181945801,16.4825699943857,0,0,0,61.4430805005525,0,3.35812473924536,0,0,0,0,97.5519491831462,87.4624626159668,63.4373757130391,5.46283631740168,0,0,0,0,0,0,0,0,0,0,0,0,0,7.12669659031488,0,0,4.21627583361547,8.40246650978027,9.9994044303894,40.9285614572722,101.444165547689,42.0967118665731,54.6522719341776,0,0,39.6050661201664,0,10.210889394166,62.7868213653564,54.9278295851768,0,52.0915689468384,0,0,0,37.4178047180176,0,43.1800918993743,0,0,0,9.9150562286377,20.0574765623352,0,0,0,0,0,0,0,61.973331451416,0,62.7753739648936,0,2.98417095343272,0,6.47578664671017,53.5622138977051,6.26304115953828,14.7343035936356,12.6347495457115,67.314992087228,14.768456640681,20.4427568107321,39.3201223662776,39.0196744851899,88.2944854736328
56.8665936787923,0,21.1332061290741,0,20.7919692993164,0,0,0,0,76.4397277832031,3.02335412642535,0,0,0,0,0,96.9827035268148,93.3047071184431,65.6885117106355,0,4.48527865052748,0,0,0,0,0,0,0,0,0,0,2.86845555492476,4.57525790544848,0,6.05613286830761,4.21627583361547,0,7.78599493950605,10.6305647642609,152.47599029541,28.7358306808905,95.9885807037354,47.7405558495772,0,0,94.4847984313965,36.2694309333886,46.3872989999487,30.4311321230902,37.9422120061414,0,0,0,0,0,0,3.19676992699907,0,0,0,0,0,0,6.87388599069813,0,0,0,0,0,0,0,0,0,0,2.87368308344195,21.9789401531219,0,7.39649515912153,9.09366319293068,5.9190440907942,104.772850036621,13.1532885277359,13.6873337907447,24.4084316634144,39.1945585985145,0,43.9509741862615
0,22.0470908392779,67.9661865234375,63.1867523193359,0,70.1310052871704,0,0,0,23.8058513689411,0,4.39429448572795,0,0,0,0,108.558825041118,89.064126996433,65.7284444435356,7.00449613244445,0,3.86808398298102,2.95066213607788,5.08283133899674,0,16.4954242706299,0,2.85709774494171,0,4.6723000632392,0,0,0,6.77524793148041,0,8.40246650978027,7.78599493950605,0,6.91314681101654,48.0494785990034,119.702879905701,52.310359092749,93.3261502129691,0,0,47.4620752027524,138.42431640625,8.23742101531593,124.760480880737,14.6391228067083,0,0,0,0,0,16.833048852022,0,11.4503476873357,0,21.6917374928792,0,0,24.0061011563216,0,8.49278944810658,0,5.35695329031993,0,11.6856498437769,0,5.6248140335083,0,25.4992034972251,0,0,0,4.35572915639937,0,22.0756631558022,99.4036534627279,7.55752802999972,21.3936480229551,19.9110862363452,42.9461037084728,48.0886829169858,43.2650672839238,92.5849418640137
22.914326357287,51.146110534668,47.5815043449402,0,64.1042861938477,0,0,0,8.15698961566265,76.8930110931396,3.16969045712834,0,0,0,0,0,94.9363748650802,99.1046783447266,67.9020016605609,0,3.43083545278877,2.96011773745219,6.63306825860102,0,7.78460874315426,0,0,0,2.80798697471619,0,3.37019096270646,0,96.1799354553223,0,5.09468702175332,9.9994044303894,10.6305647642609,6.91314681101654,0,121.933288574219,41.4630776370864,89.0775624325401,47.3830713439205,0,67.5386047363281,106.675109863281,43.2645397597444,13.578288420878,13.6245690395958,87.8800694392278,0,0,0,0,6.61924042780537,0,4.44547837834026,0,0,0,0,0,0,6.1465401512802,0,10.8357933950747,0,6.91355576998071,0,0,0,0,0,3.70451852721097,0,102.233123779297,0,5.22289016619419,129.902811686198,13.4523508028135,13.5060832283714,7.77671125028849,24.2086500173603,34.5089924477626,36.2221573117632,0,42.4672633652139
0,35.0398244857788,0,43.0835094451904,0,51.8617382049561,0,0,0,53.8153988066174,0,0,0,0,0,0,82.3894968032837,76.9726641585187,42.7662509811321,0,0,0,0,0,0,0,0,0,0,0,0,0,0,35.7658004760742,0,40.9285614572722,152.47599029541,48.0494785990034,121.933288574219,0,103.390357971191,21.6269280787056,70.2905683517456,39.6993865966797,0,26.1243564727459,0,7.70242531181122,86.8080902099609,13.1989205635277,0,53.0632133483887,0,0,0,0,0,54.6139226913452,0,0,0,61.7416648864746,11.5934052543708,0,0,0,0,0,0,0,63.5621719360352,0,58.2666656427216,0,16.4139545440674,18.6637630462646,0,36.6791534423828,12.8462122213029,62.205493927002,45.7998485309737,117.924814860026,54.874876555517,67.7974361843533,16.457577222986,26.7810884416103,84.1973648071289
45.352375793457,84.3949928283691,33.6503535461426,0,27.8538166681925,0,0,0,0,50.2038235042406,0,0,0,0,0,0,73.2507621049881,78.1566409591801,43.2485053167378,0,0,0,0,0,0,0,0,0,0,0,0,0,72.1742248535156,0,74.3428421020508,101.444165547689,28.7358306808905,119.702879905701,41.4630776370864,103.390357971191,0,71.3692065823463,18.3417741727864,28.1563677787781,31.061482111613,81.3263660230135,13.4385406299078,10.1487411868493,12.1202726841285,57.4100489616394,0,0,0,0,0,0,0,0,0,0,0,71.8458633422852,93.4836540222168,15.6585262680054,0,0,0,0,0,0,0,78.4547729492188,112.338813781738,48.9639320373535,0,68.8420867919922,0,0,84.7535472869873,10.219212461388,100.666808234321,46.8177365660667,40.8132281714826,58.3576090319845,18.8294161234438,64.2143624623616,36.1763881419992
72.5887832641602,20.5928595099494,0,29.1221493055236,0,42.683490463783,0,0,0,23.5466453921256,0,0,0,0,0,51.787784576416,71.3247267494739,60.2443456700239,27.6800720936367,47.6262884701,0,0,0,15.964015520536,0,0,0,0,0,48.0432968139648,0,0,0,10.575182278951,0,42.0967118665731,95.9885807037354,52.310359092749,89.0775624325401,21.6269280787056,71.3692065823463,0,22.513735313156,20.1873760725323,0,25.3330465837577,39.6697127819061,8.59748893976212,72.0712812597101,21.5136607225421,0,41.2376996959959,0,0,0,28.1458423932393,0,28.0324476227561,0,25.2058504422506,0,36.8132905960083,28.7995928118518,0,0,0,17.2872461905846,0,0,0,29.8963799958277,0,32.4924149555121,0,0,0,0,0,24.2189936218842,74.3674610539487,45.3374977625406,82.2610986771122,26.0321673317229,58.2180213367238,19.777489688106,21.7281058790603,56.9124104309082
18.5532993906473,0,26.3031242744267,0,44.1585943433974,0,0,0,9.99484032323991,43.1260044915335,0,0,0,0,0,0,56.9702269158712,68.5407995569626,22.2773937433786,92.1747665405273,41.7613296508789,0,0,0,16.3924617767334,0,0,0,0,0,0,0,0,0,0,54.6522719341776,47.7405558495772,93.3261502129691,47.3830713439205,70.2905683517456,18.3417741727864,22.513735313156,0,15.2578802108765,14.87226663317,70.954013418644,33.4144708356974,14.6076782801572,20.1719766482531,59.2947807312012,0,0,0,0,22.3660068511963,0,11.6586649417877,0,0,0,0,0,73.3584149678548,27.8733805530476,0,0,0,16.7783088684082,0,12.814451789856,0,19.4581319755978,94.0381469726562,24.8640557289124,0,78.8303756713867,0,69.8027534484863,77.696169225181,35.7325047202001,84.6504132931049,44.4408003846864,20.233938533379,44.6330754984205,19.359985766858,57.5239953994751,17.7157601890741
0,0,0,0,0,0,0,0,0,0,0,0,0,0,0,0,0,0,24.2073914210002,0,0,0,0,0,0,0,0,0,0,0,0,0,0,0,0,0,0,0,0,39.6993865966797,28.1563677787781,20.1873760725323,15.2578802108765,0,0,0,0,0,0,0,0,0,0,0,0,0,0,0,0,0,0,0,0,0,0,0,0,0,0,0,0,0,0,0,0,0,0,0,38.7101383209229,41.3690605163574,49.1867961883545,59.8106575012207,22.875795006752,0,20.0328786713736,0,28.3423080444336
0,0,0,0,0,0,0,0,0,0,0,0,0,0,0,0,0,0,29.0601902008057,0,0,0,0,0,0,0,0,0,0,0,0,0,0,0,0,0,0,0,67.5386047363281,0,31.061482111613,0,14.87226663317,0,0,0,0,0,0,0,0,0,0,0,0,0,0,0,0,0,0,0,0,0,0,0,0,0,0,0,0,0,0,0,0,0,0,0,0,0,0,0,54.7439975738525,0,17.3602828979492,0,0
0,22.9954382745843,0,22.3244588128452,0,27.2376811802387,0,0,0,45.6591703414917,0,0,0,60.8864364624023,0,0,69.971855269538,61.9935745631947,37.3293848539654,21.593249166334,0,0,0,0,0,0,0,0,0,0,0,0,0,0,0,39.6050661201664,94.4847984313965,47.4620752027524,106.675109863281,26.1243564727459,81.3263660230135,25.3330465837577,70.954013418644,0,0,0,62.1986083984375,47.269668378328,84.6115163167318,30.8750954657927,0,26.4012335459391,0,0,0,22.2875385284424,0,29.4740161233478,0,21.2822017669678,0,0,10.2807470254042,72.304801940918,0,0,0,0,0,0,40.2708572974572,0,36.6587976224495,0,0,0,0,46.3863143920898,23.0769302376983,91.2175928751628,39.4714425590923,95.5820973714193,34.4784212995047,55.53552655598,18.3923294304391,42.4957866225132,58.0527496337891
25.914379119873,0,13.5567510809217,0,17.8025044775628,0,0,0,18.2709438323975,36.0503228505452,0,0,0,0,0,0,65.0214352077908,45.7737350463867,46.5036705609026,0,25.0038646697998,0,0,0,0,0,0,0,0,0,0,0,55.3055884043376,0,63.228197479248,0,36.2694309333886,138.42431640625,43.2645397597444,0,13.4385406299078,39.6697127819061,33.4144708356974,0,0,62.1986083984375,0,51.2512081237066,32.7203107740821,43.7434867784089,0,0,0,0,0,0,27.7093677520752,0,0,0,0,0,0,8.2826908792365,0,0,0,0,0,0,0,34.8091125488281,0,0,0,55.4407283238002,0,61.1900520324707,0,19.4374307505166,0,40.0804340601787,29.5980907784531,49.5044554251212,18.4173978672822,0,35.3913322925568
33.055521774292,25.2849267323812,49.296862411499,62.4605751037598,57.1952900886536,61.8676233291626,0,0,0,29.9853477478027,0,0,0,0,0,0,0,0,36.8318328857422,0,0,0,0,17.4773120880127,22.2814617156982,0,0,0,0,0,0,7.30696964513569,8.59295269545688,4.57938864337447,5.14995963911586,10.210889394166,46.3872989999487,8.23742101531593,13.578288420878,7.70242531181122,10.1487411868493,8.59748893976212,14.6076782801572,0,0,47.269668378328,51.2512081237066,0,7.41076866440151,7.67126432261468,0,0,0,0,0,0,0,58.5808804829915,0,0,0,0,58.6718146914528,0,0,0,0,19.4422426223755,0,0,0,0,72.098388671875,0,11.0834904328561,8.80968445363129,4.53329940980354,7.10539172813594,8.12092944102525,16.470067673164,8.49754768020805,14.9631330554302,8.79446943974914,3.65584127108256,25.1711240611146,0,14.5426058769226
12.4708530355144,0,10.0644950572481,0,19.8594361543655,0,0,0,15.3833367824554,69.6714849472046,0,0,0,0,0,94.3577499389648,73.9224454561869,83.0186411539714,38.2792456998663,0,0,0,4.22382053084039,0,7.62290243656315,0,0,0,0,0,0,0,0,0,8.79285208668028,62.7868213653564,30.4311321230902,124.760480880737,13.6245690395958,86.8080902099609,12.1202726841285,72.0712812597101,20.1719766482531,0,0,84.6115163167318,32.7203107740821,7.41076866440151,0,58.2733694076538,0,0,0,0,10.9804939693875,0,3.14720273017883,99.8140029907227,8.7831335067749,0,0,0,111.881538391113,51.267827351888,0,3.94293892113204,0,6.38858576359287,0,4.22824423653739,0,3.35540798131157,82.2279624938965,3.48538222477354,0,17.7049703598022,0,7.42182465241506,101.547069549561,23.5914114266634,89.9730644226074,13.3738691302737,37.8302849139239,66.4947737448854,13.9378390317711,64.4866800308228,21.6605754415051
0,7.14584929926866,39.5150215148926,7.7146868566672,51.0454696019491,19.693234725432,0,0,0,8.39683598711871,0,0,0,0,0,3.73429726732188,65.6022478739421,71.6060115269252,33.9471383407468,48.3396759033203,0,5.27965035752504,0,7.52911471612383,0,13.6861295700073,0,0,0,0,0,8.26842857996623,13.3178829779992,8.59867725990437,16.7588649477277,54.9278295851768,37.9422120061414,14.6391228067083,87.8800694392278,13.1989205635277,57.4100489616394,21.5136607225421,59.2947807312012,0,0,30.8750954657927,43.7434867784089,7.67126432261468,58.2733694076538,0,0,19.1422228217125,0,0,0,8.07682682621864,0,14.7651036350997,0,12.0234969243771,0,6.42511487924136,45.0759575613614,0,6.41192055322631,0,5.06243148839699,0,8.74326862891515,0,7.69384072492788,0,21.4663652055827,0,18.0223275583687,16.3771785920666,6.21855049355085,16.4830535113156,23.0966047162302,28.7212217504328,13.0858222883609,70.971014769181,19.5686307835862,64.3886419932048,18.8955430655566,31.0397627694266,51.8977375030518
0,0,5.1946573138237,0,4.3098705807583,0,2.88724657467433,0,3.30451738162779,0,0,0,0,0,0,0,0,0,0,0,0,0,0,0,0,0,0,0,0,0,0,0,0,0,0,0,0,0,0,0,0,0,0,0,0,0,0,0,0,0,0,0,2.95702075958252,0,3.13974463277393,0,0,0,3.93949731190999,0,4.00584411621094,0,0,0,0,0,0,0,0,0,0,0,0,0,0,0,0,0,0,0,0,0,5.6177436562552,7.51459539297855,4.46409718195597,0,0
0,8.78503956113543,0,8.56733458136257,0,4.21067684254748,0,2.81166235605876,0,11.8345882415771,0,0,0,0,0,0,0,0,0,0,0,0,0,0,0,0,0,0,0,0,0,0,0,0,0,52.0915689468384,0,0,0,53.0632133483887,0,41.2376996959959,0,0,0,26.4012335459391,0,0,0,19.1422228217125,0,0,0,0,0,4.67233957846959,0,4.27537520229816,0,0,0,5.41022693203843,7.94183420051228,0,0,0,0,0,0,0,0,0,36.3291489737374,0,0,0,0,0,37.9932946477618,0,42.8074998855591,0,4.21228017317943,5.659935675727,8.25282283370376,47.0718002319336,0
0,0,0,0,0,0,2.9229315335934,0,0,0,0,0,0,0,0,0,0,0,0,0,0,0,0,0,0,0,0,0,0,0,0,0,0,0,0,0,0,0,0,0,0,0,0,0,0,0,0,0,0,0,2.95702075958252,0,0,0,0,0,0,0,0,0,0,0,0,0,0,0,0,0,0,0,0,0,0,0,0,0,0,0,0,0,0,0,0,0,0,0,0
0,0,0,0,0,0,0,2.90258071461662,0,0,0,0,0,0,0,0,0,0,0,0,0,0,0,0,0,0,0,0,0,0,0,0,0,0,0,0,0,0,0,0,0,0,0,0,0,0,0,0,0,0,0,0,0,0,0,0,0,3.36631274223328,0,2.74022340774536,0,0,0,0,0,0,0,0,0,0,0,0,0,0,0,0,0,0,0,0,0,0,3.08160278002421,3.04706967167738,0,0,0
4.17683073201794,0,4.88167746708943,0,4.469145628539,0,0,0,4.58642261922115,0,0,0,0,0,3.1584310978651,0,3.43597152174973,0,0,0,0,0,0,0,4.62768643558179,0,3.15475695927938,0,0,0,0,0,0,0,0,0,0,0,6.61924042780537,0,0,0,22.3660068511963,0,0,0,0,0,10.9804939693875,0,3.13974463277393,0,0,0,0,0,0,0,0,0,4.06181663558597,0,0,0,0,0,0,5.78056947839835,0,4.8305934270223,0,0,0,0,0,0,0,0,0,0,0,6.72169527514227,5.64719053904216,0,7.76235377788544,0,0
0,6.18548924078321,0,5.65567664478136,0,4.38451548665762,0,0,0,5.59571509848099,0,0,0,0,0,5.1411081650218,0,10.7262957709176,21.2087078094482,0,0,0,0,6.069906001091,0,0,0,0,0,0,0,0,0,0,0,37.4178047180176,0,16.833048852022,0,0,0,28.1458423932393,0,0,0,22.2875385284424,0,0,0,8.07682682621864,0,4.67233957846959,0,0,0,0,0,19.6669425964355,0,0,0,5.15684676246038,31.3937942504883,0,0,0,6.25132062771176,0,3.60516607761383,0,19.5708088874817,0,19.7059656778971,0,0,0,0,0,62.4049549102783,0,13.1923672789535,0,15.3130851510971,0,12.1817478058385,0,0
0,0,0,0,3.36417722702026,0,0,0,0,0,5.07656735694781,0,3.58812054991722,0,0,0,0,0,0,0,3.42467021548058,0,0,0,0,0,0,0,0,0,3.17028832435608,0,0,0,0,0,3.19676992699907,0,4.44547837834026,0,0,0,11.6586649417877,0,0,0,27.7093677520752,0,3.14720273017883,0,0,0,0,0,0,0,0,0,3.31922551790873,0,0,0,0,3.00962753729387,0,0,0,0,0,0,0,0,0,2.97674673398336,0,0,0,0,0,4.46060291926066,0,2.72691464424133,3.98935747988084,0,3.6868336002032,0,0
0,12.2867036027423,0,6.49940523348357,0,11.1932059609613,0,0,0,16.5652090058182,0,3.93197228932048,0,3.42589865790473,0,3.04253191235422,0,0,36.1596806470086,4.50172796763852,0,0,0,0,0,0,0,0,0,3.66981018743207,0,0,0,0,0,43.1800918993743,0,11.4503476873357,0,54.6139226913452,0,28.0324476227561,0,0,0,29.4740161233478,0,58.5808804829915,99.8140029907227,14.7651036350997,0,4.27537520229816,0,3.36631274223328,0,19.6669425964355,0,0,0,5.7412183896743,0,3.73373452548323,11.7456005598288,0,0,0,0,0,0,0,8.1258087257269,0,8.7314729921067,0,0,0,0,0,45.1531832990975,0,36.6173049354553,0,16.5082369791936,0,10.2244533822249,24.238529586792,0
0,0,5.8588942527771,0,0,0,0,0,0,0,3.16762395021392,0,2.90639496048292,0,0,0,0,0,0,0,0,0,0,0,0,0,0,0,0,0,0,0,0,0,0,0,0,0,0,0,0,0,0,0,0,0,0,0,8.7831335067749,0,3.93949731190999,0,0,0,0,0,3.31922551790873,0,0,0,2.9752329826355,0,0,0,0,0,0,0,0,0,0,0,0,0,0,0,0,0,0,0,0,0,0,0,8.31780791282654,0,0
0,17.5018711090088,0,7.05075188570244,0,0,0,2.82656698226929,0,11.5821056365967,0,3.29500532396061,0,3.03836167713381,0,2.83217651503427,0,0,0,0,0,0,0,0,0,0,0,0,0,0,0,0,0,0,0,0,0,21.6917374928792,0,0,0,25.2058504422506,0,0,0,21.2822017669678,0,0,0,12.0234969243771,0,0,0,2.74022340774536,0,0,0,5.7412183896743,0,0,0,3.03691246774462,19.3105773925781,0,0,0,0,0,0,0,4.36774542060079,0,0,0,0,0,0,0,0,0,0,0,9.24508299692622,2.99747307981764,16.2159285159178,0,0
3.25863301753998,0,0,0,3.16467249393463,0,0,0,4.13885984420776,0,0,0,0,0,0,0,6.15632605552673,0,0,0,0,0,0,0,4.68148345417447,0,0,0,0,0,0,0,0,0,0,0,0,0,0,0,0,0,0,0,0,0,0,0,0,0,4.00584411621094,0,0,0,4.06181663558597,0,0,0,2.9752329826355,0,0,0,0,0,0,0,0,2.84671759605408,0,4.09977450613248,0,0,0,0,0,0,0,0,0,0,0,0,0,0,0,0,0
0,4.54324062281641,0,8.98159779700558,0,6.57021792485164,0,0,0,5.2838907328951,0,0,0,0,0,3.92111412463365,34.7304656770494,17.1245018279914,23.4880437850952,0,0,0,0,0,0,4.01376289129257,0,0,0,0,0,0,0,0,0,9.9150562286377,0,0,0,61.7416648864746,71.8458633422852,36.8132905960083,0,0,0,0,0,0,0,6.42511487924136,0,5.41022693203843,0,0,0,5.15684676246038,0,3.73373452548323,0,3.03691246774462,0,0,0,0,0,0,28.6096477508545,0,3.42037272453308,0,3.87076806139063,0,0,0,0,0,0,0,0,73.4529800415039,0,0,9.8875496976831,6.73077872666446,12.6669643086598,0,0
0,32.6177965799967,0,44.3767204284668,0,8.49916297778851,0,2.94338202476501,0,23.2780995462455,0,0,0,0,0,0,73.6001007080078,80.8944705200195,46.7841695554697,5.61111053926112,0,0,0,0,0,0,0,0,0,10.0931143760681,0,0,0,0,0,20.0574765623352,0,24.0061011563216,0,11.5934052543708,93.4836540222168,28.7995928118518,73.3584149678548,0,0,10.2807470254042,0,58.6718146914528,111.881538391113,45.0759575613614,0,7.94183420051228,0,0,0,31.3937942504883,0,11.7456005598288,0,19.3105773925781,0,0,0,0,0,0,0,0,0,0,27.0433775738972,0,18.0005362684076,0,0,0,0,66.7446517944336,12.165009729259,109.811664581299,16.7102591964304,110.117416381836,39.0027042434462,56.9724704942038,17.8265086384173,46.2836990356445,0
71.6979598999023,0,26.495584487915,0,8.78681444834514,0,6.66375084976097,0,0,46.007698059082,4.08407333393225,0,0,0,0,0,69.626220703125,94.7902870178223,46.9220338548933,0,3.73350111334028,0,0,0,0,0,0,0,0,0,0,0,0,0,0,0,6.87388599069813,0,6.1465401512802,0,15.6585262680054,0,27.8733805530476,0,0,72.304801940918,8.2826908792365,0,51.267827351888,0,0,0,0,0,0,0,3.00962753729387,0,0,0,0,0,0,0,0,0,0,0,0,0,0,0,0,0,0,0,0,0,0,7.43462090651194,0,11.0227975782924,9.95013863563538,18.7898074695042,10.0192539500042,0,43.419506072998
0,0,0,0,0,0,0,0,0,0,0,0,0,0,0,0,0,5.27054337092808,0,0,0,4.3695160558939,2.74884999499601,8.48872024362737,0,3.41833711374001,0,5.35072576365572,0,0,0,0,0,0,0,0,0,8.49278944810658,0,0,0,0,0,0,0,0,0,0,0,6.41192055322631,0,0,0,0,0,0,0,0,0,0,0,0,0,0,0,0,9.19964959442271,0,5.38338974837599,0,8.12596144544886,0,11.1714105606079,0,0,0,0,0,0,0,5.55383717759043,0,4.3827927592008,4.75304274989808,21.7152500152588,0,0
0,0,0,0,0,0,0,0,0,0,0,0,0,0,0,0,6.03156929016113,0,0,0,0,6.04743138481589,4.42691466454662,0,7.80555483032533,0,0,0,3.06678904505337,0,0,0,0,0,0,0,0,0,10.8357933950747,0,0,0,0,0,0,0,0,0,3.94293892113204,0,0,0,0,0,0,0,0,0,0,0,0,0,0,0,0,0,0,8.24173262315078,0,0,0,3.57173948287964,0,0,0,0,0,0,0,0,0,3.85577884647581,5.10260972420526,4.86846827325367,0,0,0
0,7.00230320629321,0,0,0,0,0,0,0,9.7498659854982,0,0,0,0,0,0,0,12.0971395288195,0,0,0,7.71010143799189,0,4.8196612535674,0,8.89028254799221,0,0,0,0,0,0,0,0,0,0,0,5.35695329031993,0,0,0,17.2872461905846,0,0,0,0,0,0,0,5.06243148839699,0,0,0,0,0,6.25132062771176,0,0,0,0,0,28.6096477508545,0,0,9.19964959442271,0,0,0,7.03033148730459,0,0,0,0,0,0,0,0,0,0,0,6.07288938848228,0,8.95189405188841,0,6.23220131397247,0,0
11.2187788255753,0,0,0,0,0,0,0,7.36876827039217,0,0,0,0,0,0,0,0,0,0,0,0,0,6.55969354474208,0,5.54492538579575,0,0,0,0,0,0,0,0,0,0,0,0,0,6.91355576998071,0,0,0,16.7783088684082,0,0,0,0,19.4422426223755,6.38858576359287,0,0,0,0,0,5.78056947839835,0,0,0,0,0,2.84671759605408,0,0,0,0,8.24173262315078,0,0,0,0,0,0,0,0,0,0,0,0,0,0,0,4.87140118257323,7.90519820073756,0,4.95801770687103,0,0
0,0,0,0,0,0,0,0,0,4.71788650456041,0,0,0,0,0,3.16887807846069,0,7.81705174805983,0,0,0,5.05853705219194,0,4.6402920836308,0,3.48063016901998,0,4.15853887337905,0,0,0,0,0,0,0,0,0,11.6856498437769,0,0,0,0,0,0,0,0,0,0,0,8.74326862891515,0,0,0,0,0,3.60516607761383,0,0,0,0,0,3.42037272453308,0,0,5.38338974837599,0,7.03033148730459,0,0,0,4.28216696396852,0,0,0,0,0,0,0,0,0,13.5727133670096,0,5.80857822332489,0,9.34793048555201,0,0
0,0,30.7499694824219,0,0,0,0,0,8.98513531684875,0,0,0,0,0,0,0,3.05717954039574,0,0,0,0,0,0,0,3.37913703918457,0,2.94112379103899,0,0,0,0,0,0,0,0,0,0,0,0,0,0,0,12.814451789856,0,0,0,0,0,4.22824423653739,0,0,0,0,0,4.8305934270223,0,0,0,0,0,4.09977450613248,0,0,0,0,0,0,0,0,0,0,0,0,0,0,0,0,0,0,50.3393516540527,0,0,21.8848437070847,0,6.64880623058839,0,0
0,37.9175777435303,0,0,0,41.5385526021322,0,0,0,19.580379373887,0,3.34589978268272,0,2.91513621807098,0,0,0,0,29.4851127624512,0,0,3.1028991540273,0,0,0,5.56364118668341,0,5.00050775612716,0,3.3326621055603,0,0,0,0,0,61.973331451416,0,5.6248140335083,0,63.5621719360352,0,29.8963799958277,0,0,0,40.2708572974572,0,0,0,7.69384072492788,0,0,0,0,0,19.5708088874817,0,8.1258087257269,0,4.36774542060079,0,3.87076806139063,27.0433775738972,0,8.12596144544886,0,0,0,4.28216696396852,0,0,0,5.68614949498858,0,0,0,0,0,49.5205001831055,0,9.27813091278076,0,21.4473877327115,7.34536335919354,14.530010506123,37.2907245635986,0
27.7118663787842,0,24.3744792938232,0,0,0,0,0,0,0,0,0,0,0,0,0,116.098258972168,0,26.1745431900024,0,0,0,3.0942190527916,0,0,0,0,0,3.57034314682609,0,3.63376620411873,0,0,0,0,0,0,0,0,0,78.4547729492188,0,19.4581319755978,0,0,0,34.8091125488281,0,3.35540798131157,0,0,0,0,0,0,0,0,0,0,0,0,0,0,0,0,3.57173948287964,0,0,0,0,0,0,0,0,0,0,0,0,0,47.228645324707,0,3.119748878479,7.86635698788408,0,7.30578660964966,0,22.0369892120361
0,30.9031898893159,0,29.1716393180515,0,41.4307484096951,0,0,0,21.6217866527791,0,5.04948040200455,0,0,0,0,83.194164276123,55.0263944353376,35.6552961576353,8.90827759106954,0,0,0,0,0,0,0,0,0,4.2187655266509,0,0,0,0,0,62.7753739648936,0,25.4992034972251,0,58.2666656427216,112.338813781738,32.4924149555121,94.0381469726562,0,0,36.6587976224495,0,72.098388671875,82.2279624938965,21.4663652055827,0,36.3291489737374,0,0,0,19.7059656778971,0,8.7314729921067,0,0,0,0,18.0005362684076,0,11.1714105606079,0,0,0,0,0,5.68614949498858,0,0,0,0,0,0,0,50.8151270350771,99.3192100524902,10.9890755879928,127.615613301595,26.3638266571012,67.2149866544283,23.3870311420123,28.9410026425221,56.3875846862793
0,0,0,0,0,0,0,0,0,0,4.15911895036697,0,0,0,0,0,0,0,35.7408902304513,0,4.63691939626421,0,0,0,0,0,0,0,3.58600687980652,0,3.45909392160045,0,0,0,0,0,0,0,3.70451852721097,0,48.9639320373535,0,24.8640557289124,0,0,0,0,0,3.48538222477354,0,0,0,0,0,0,0,2.97674673398336,0,0,0,0,0,0,0,0,0,0,0,0,0,0,0,0,0,0,0,0,0,0,0,0,3.37624401279858,5.31940944298454,34.222038269043,5.98711942017444,0,0
0,0,0,0,0,0,0,0,0,0,0,0,0,0,0,0,0,0,0,0,0,0,0,0,0,0,0,0,0,0,0,4.65448740525749,13.2550209999084,7.06192128360271,0,2.98417095343272,2.87368308344195,0,0,16.4139545440674,0,0,0,0,0,0,0,11.0834904328561,0,18.0223275583687,0,0,0,0,0,0,0,0,0,0,0,0,0,0,0,0,0,0,0,0,0,0,0,0,0,17.6123482431684,4.15536730110799,0,3.92780590564647,0,0,0,4.5093510945638,0,0,0,0
0,0,53.9525814056396,0,0,0,0,0,0,0,0,0,0,0,0,0,0,0,0,0,0,0,0,0,0,0,0,0,0,0,0,9.31192725499471,6.53025878986082,3.89508986473083,5.8335649728775,0,21.9789401531219,0,102.233123779297,18.6637630462646,68.8420867919922,0,78.8303756713867,0,0,0,55.4407283238002,8.80968445363129,17.7049703598022,16.3771785920666,0,0,0,0,0,0,0,0,0,0,0,0,0,0,0,0,0,0,0,0,0,0,0,0,17.6123482431684,0,0,7.90720116588431,18.4685586929321,30.4521656686609,0,84.138973236084,4.66951801401118,0,49.6885692808363,0,0
0,0,0,0,0,0,0,0,0,0,0,0,0,0,0,0,0,0,0,0,0,0,0,0,0,0,0,0,0,0,0,4.10997787117958,0,4.4634269494859,4.85791909694672,6.47578664671017,0,4.35572915639937,0,0,0,0,0,0,0,0,0,4.53329940980354,0,6.21855049355085,0,0,0,0,0,0,0,0,0,0,0,0,0,0,0,0,0,0,0,0,0,0,0,0,4.15536730110799,0,0,0,8.48821438702059,0,5.71299354833514,0,3.29070427732648,0,0,0,0
0,0,61.2408752441406,0,65.0599002838135,0,0,0,0,0,0,0,0,0,0,0,0,0,0,0,0,0,0,0,0,0,0,0,0,0,0,6.39943587779999,4.40758543761808,4.78903199243946,7.22323208177605,53.5622138977051,7.39649515912153,0,5.22289016619419,36.6791534423828,0,0,69.8027534484863,0,0,46.3863143920898,61.1900520324707,7.10539172813594,7.42182465241506,16.4830535113156,0,0,0,0,0,0,0,0,0,0,0,0,66.7446517944336,0,0,0,0,0,0,0,0,0,0,0,0,7.90720116588431,0,0,0,6.93977117953093,0,5.1230969809719,5.14128437296015,0,48.4651088153615,0,0
