0,0,0.132421794280256,0,0.14486388862133,0,0,0,0.180878263791819,0.224782630801201,0,0,0,0,0,0,0.300493415307116,0.265709731550444,0.314580806914498,0,0,0,0,0,0.21264761313796,0,0,0,0,0,0,0,0,0,0,0,0,0,0,0,0.350334316492081,0,0.305438055760331,0,0,0.330546289682388,0.337609559297562,0.359250657260418,0.157750805983177,0,0,0,0,0,0.2164686288965,0,0,0,0,0,0.215500051105345,0,0,0,0,0,0,0.227029068395495,0,0,0,0,0,0,0,0,0,0,0.296422511339188,0.405624282360077,0,0,0.20119943618444,0.188920147716999,0.232821592974742,0,0.217676796019077
0,0,0,0.143476271027366,0,0,0,0,0,0.193427826861314,0,0,0,0,0,0,0.323871473471324,0.346648089587688,0.334826927470124,0,0,0,0,0,0,0,0,0,0,0,0,0,0,0,0,0,0,0,0,0,0.322002997001012,0.281790947732162,0,0.378783822059631,0,0.322687783411571,0,0.348354369401932,0,0.146679658603881,0,0,0,0,0,0.268070975530862,0,0.314393818378448,0,0,0,0,0.336243220738002,0,0,0,0.278180020196097,0,0,0,0,0,0.285577058792114,0,0,0,0,0,0.393318134877417,0.39066798388958,0,0,0.29066271190163,0.321599006652832,0.255510830388563,0.163474446405535,0
0.132421794280256,0,0,0,0.169277684680656,0,0,0,0.144349790327349,0,0,0,0,0,0,0,0.257867842912674,0.279304414987564,0,0,0,0,0,0,0,0,0,0,0,0,0,0,0,0,0,0,0.223180398344994,0,0,0,0.244292592130056,0.309906810522079,0.317204878615041,0,0,0,0.220355091649189,0,0.194268371649953,0,0.199994186560313,0,0,0,0.133367477015394,0,0.291152584233454,0,0.206036239862442,0,0,0,0,0.255933847278357,0,0,0,0,0,0,0,0,0,0.2710016310215,0,0,0,0,0,0.255781385178367,0,0.300181533331456,0.154209627222051,0.176994994282722,0.206347605905044,0,0.334617440899213
0,0.143476271027366,0,0,0,0.142024480019297,0,0.136454530060291,0,0.128491097483142,0,0,0,0,0,0,0,0,0.264285534620285,0.136011912774892,0,0,0,0,0,0,0,0,0,0,0,0,0,0,0,0.153809508681297,0,0.344400644302368,0,0.207283712923527,0,0.226401307753154,0.236505925655365,0,0,0.222806083207781,0,0,0,0.140700964361244,0,0.138804358606403,0,0.135528447727362,0,0.125767135855399,0,0.190884619537327,0,0.159170627593994,0,0.13144463300705,0.170026256935671,0,0,0,0,0,0,0,0,0,0.29803525408109,0,0,0,0,0,0.273949939757586,0,0.285762193302314,0,0.193641319100199,0.139754046168592,0.157993658921785,0,0
0.14486388862133,0,0.169277684680656,0,0,0,0.210859625041485,0,0.19009373779014,0,0,0,0.233702522516251,0,0,0,0,0,0,0,0.190407144687909,0,0,0,0,0,0,0,0,0,0,0,0,0,0,0,0.183953505962394,0,0,0,0.220343787074089,0,0.246477994535651,0,0,0.285561263561249,0.193985807956481,0.216283515095711,0.217558075432424,0,0.188044269722347,0,0.201921522120635,0,0.149145006172119,0,0.249447587877512,0,0.231443309277858,0,0.153822299506929,0,0,0.22663915284553,0,0,0,0,0,0,0,0,0,0,0,0,0,0,0,0.242305173489608,0,0.245156316707532,0.160543644034314,0,0.24478921375987,0,0.221304774284363
0,0,0,0.142024480019297,0,0,0,0.142618857622147,0,0.181169114568654,0,0,0,0.0986407218795074,0,0.17159141600132,0,0,0,0.186412673801757,0,0,0,0,0,0,0,0,0,0,0,0,0,0,0,0.162333624277796,0,0.256657630205154,0,0.202536575496197,0,0.216157709558805,0,0,0,0.172983739449053,0,0,0,0.186345379799604,0,0.169048151106129,0,0.168555485072479,0,0.156558260321617,0,0.202079801055474,0,0.160377532988787,0,0.170635594262017,0.178581645194855,0,0,0,0,0,0,0,0,0,0,0,0,0,0,0,0.20876108109951,0,0.2688262835145,0,0.136806347902785,0.17721740702788,0.169081840615345,0,0
0,0,0,0,0.210859625041485,0,0,0,0,0,0.135102201253176,0,0.179442455992103,0,0,0,0,0,0,0,0.108768087811768,0,0,0,0,0,0,0,0,0,0,0,0,0,0,0,0.190421941622001,0,0,0,0,0,0,0,0,0,0,0,0,0,0.180748523914651,0,0.217038231158548,0,0,0,0.154579361279806,0,0.237431840101878,0,0,0,0,0,0,0,0,0,0,0,0,0,0,0,0,0,0,0,0,0,0,0,0.188079184594941,0.108121130615473,0.112147647887468,0,0
0,0,0,0.136454530060291,0,0.142618857622147,0,0,0,0.146024599671364,0,0.1571882797814,0,0.139312542974949,0,0,0,0,0,0.173268333077431,0,0,0,0,0,0,0,0,0,0,0,0,0,0,0,0,0,0,0,0,0,0,0,0,0,0,0,0,0,0,0,0.160092704352878,0,0.159774509599139,0,0,0,0.165558781474829,0,0.182981208442723,0,0,0.168076068162918,0,0,0,0,0,0,0,0,0,0,0,0,0,0,0,0,0,0,0,0.152116476160506,0.170315220952034,0.159408596158028,0,0
0.180878263791819,0,0.144349790327349,0,0.19009373779014,0,0,0,0,0,0,0,0,0,0.133805394172668,0,0.171337708981859,0.212056261571971,0.235810403761111,0,0,0,0,0,0.179593560787348,0,0.12966451048851,0,0,0,0,0,0,0,0,0,0.196372583508492,0,0.207620759793956,0,0.240142832199732,0,0.224056084136494,0,0,0.32112443447113,0.193361301507269,0,0.183805676680562,0,0.177841821908951,0,0,0,0.252485531609401,0,0.253734409809113,0,0,0,0.188860343976153,0,0,0.139783620834351,0,0,0,0.221500290764703,0,0.186059236526489,0,0,0,0,0,0,0,0,0,0.240840722735112,0,0.250509174318489,0.176863520780857,0,0.167760971924267,0,0.175972920927134
0.224782630801201,0.193427826861314,0,0.128491097483142,0,0.181169114568654,0,0.146024599671364,0,0,0,0,0,0.137229916453362,0,0.164352600518455,0.213620816773557,0.1649490220753,0.2100864392519,0.143260071674983,0,0,0,0.160549779306166,0,0.151155023111237,0,0,0,0,0,0,0,0,0,0,0,0.195292508765443,0,0,0.322852303584417,0.19568617849849,0.302355945110321,0,0,0.275197386741638,0,0,0,0.181933089196682,0,0.164514888077974,0,0,0,0.202470267644605,0,0.158828670779864,0,0.147937869032224,0,0.193326212605026,0.165623098611832,0,0,0,0.226885919199615,0,0.167802587151527,0,0,0,0,0,0,0,0,0,0.317890733480453,0.280764728784561,0.256584523851613,0,0.177524782773672,0.171900272369385,0.2434145443488,0.297693638574509,0
0,0,0,0,0,0,0.135102201253176,0,0,0,0,0,0.149969894564554,0,0,0,0,0,0,0,0.141098549086465,0,0,0,0,0,0,0,0.117277398705482,0,0.157300785183907,0,0,0,0,0,0.136484435814268,0,0.13494756944601,0,0,0,0,0,0,0,0.25679756142199,0,0,0,0,0,0.161721813182036,0,0,0,0.185478189416264,0,0.161789832370622,0,0,0,0,0.151543145494716,0,0,0,0,0,0,0,0,0,0.239107305804888,0,0,0,0,0,0.149234996587038,0,0.139012940957521,0.156242208317648,0.175620357195536,0.205680343012015,0,0
0,0,0,0,0,0,0,0.1571882797814,0,0,0,0,0,0,0,0,0,0,0,0.118780148698541,0,0,0,0,0,0,0,0,0,0.21519962651995,0,0,0,0,0,0.149779066366791,0,0.14251216032845,0,0,0,0,0,0,0,0,0,0,0,0,0,0,0,0.188354045365538,0,0,0,0.21515677514414,0,0.176818355917931,0,0,0.208293647928671,0,0,0,0,0,0,0,0,0,0.186230150673857,0,0,0,0,0,0.177041651237579,0,0.15556804852946,0,0.153558282802502,0.145273559327636,0,0,0
0,0,0,0,0.233702522516251,0,0.179442455992103,0,0,0,0.149969894564554,0,0,0,0.145912888069307,0,0.128730826079845,0,0,0,0,0,0,0,0,0,0.153021133997861,0,0.134132532645827,0,0,0,0,0,0,0,0,0,0,0,0,0,0,0,0,0,0,0,0,0,0,0,0,0,0,0,0.140391527985533,0,0.164359299179453,0,0.14740888774395,0,0,0,0,0,0,0,0,0,0,0.141598265814154,0,0,0,0,0,0,0,0,0,0,0.162853533609046,0,0,0,0
0,0,0,0,0,0.0986407218795074,0,0.139312542974949,0,0.137229916453362,0,0,0,0,0,0.159702217134323,0,0.138156140223145,0,0,0,0,0,0,0,0.11421237885952,0,0.176614193198008,0,0,0,0,0,0,0,0,0,0,0,0,0,0,0,0,0,0,0,0,0,0,0,0.164221078157425,0,0,0,0.135584317147732,0,0.19993282854557,0,0.173293275087287,0,0.171948784341415,0,0,0,0,0,0,0,0,0.193168419916018,0,0,0,0,0,0,0,0,0,0,0,0.16596345118153,0.169005970351207,0,0,0
0,0,0,0,0,0,0,0,0.133805394172668,0,0,0,0.145912888069307,0,0,0,0.14735071242032,0.164307601749897,0.215750716626644,0,0,0,0,0,0,0,0.168225892645828,0,0,0,0,0,0,0,0,0,0,0,0,0,0,0,0,0,0,0,0,0,0,0,0,0,0,0,0.130769059062004,0,0,0,0.135551801499198,0,0.15191365585283,0,0,0,0,0,0,0,0,0.169799867554529,0,0,0,0,0,0,0,0,0.340150326490402,0,0,0,0.154978522109358,0.152786567807198,0,0,0
0,0,0,0,0,0.17159141600132,0,0,0,0.164352600518455,0,0,0,0.159702217134323,0,0,0.186415758572127,0.15373332279952,0.220361626810498,0,0,0,0,0,0,0.147301992553252,0,0.134513139724731,0,0,0,0,0,0,0,0,0,0,0,0,0,0,0,0,0,0,0,0,0,0,0,0,0,0,0,0.15471410099417,0,0,0,0.139778335507099,0,0.151625723490175,0,0,0,0,0,0,0.156127760807673,0,0,0,0,0,0,0,0,0,0.336161583662033,0,0,0,0.144577200657555,0.136536514386535,0,0,0
0.300493415307116,0.323871473471324,0.257867842912674,0,0,0,0,0,0.171337708981859,0.213620816773557,0,0,0.128730826079845,0,0.14735071242032,0.186415758572127,0,0.193409559282561,0.251419136227888,0,0,0,0.121981514629665,0,0.182138470560312,0.18047082170527,0.12673960317984,0,0.135676090915998,0,0,0,0,0,0,0,0.3487209379673,0.371603816747665,0.322519510984421,0.283018037676811,0.317666403677782,0.262148484035775,0.296439627366783,0.275037620216608,0.337164695773806,0.331033347820749,0.315678712911904,0.28212034702301,0.313422936014831,0,0,0,0,0,0,0.161785128340125,0.365171149373055,0.30891227722168,0.130128160119057,0,0.148864455521107,0.154683245552911,0.309216558407335,0.304620996117592,0,0.120020074748445,0,0.170859232544899,0.166583309570948,0.141590177520008,0,0,0,0.336108088493347,0,0,0,0,0.338658388229024,0.347442872925051,0.315480382546135,0.365121595762871,0.175580683881334,0.241939105770805,0.331574127783159,0.271343195438385,0.295480497573551
0.265709731550444,0.346648089587688,0.279304414987564,0,0,0,0,0,0.212056261571971,0.1649490220753,0,0,0,0.138156140223145,0.164307601749897,0.15373332279952,0.193409559282561,0,0.247782983525038,0,0,0.121778351049145,0,0.127604797482491,0,0.141385972028216,0.193381985028585,0.145337328314781,0.126664564013481,0,0,0,0,0,0,0,0,0,0,0.272990386933088,0.322656553639815,0.265639870626027,0.295502920697133,0.28056508799394,0.354195833206177,0.305128269487148,0.314853986932172,0,0.322442142499818,0,0,0,0,0,0,0.177774624570328,0.352166026830673,0.363344758749008,0,0.142610837790099,0.157614067196846,0.161799264153795,0.302930376915769,0.280864208936691,0.124843091881971,0,0.163256565063465,0,0.162704896408974,0.15659522679117,0.134031072258949,0,0.295107752084732,0.325934817393621,0,0,0,0,0.321989382683979,0.346573278307915,0.327152868237676,0.338003909215331,0.195136624387964,0.147784493762775,0.333302587411314,0.276233281526301,0.282410083545579
0.314580806914498,0.334826927470124,0,0.264285534620285,0,0,0,0,0.235810403761111,0.2100864392519,0,0,0,0,0.215750716626644,0.220361626810498,0.251419136227888,0.247782983525038,0,0,0,0,0,0,0,0.24251544794866,0.203090560436249,0,0,0,0,0,0,0,0,0.330728117624919,0.322835963964462,0.346125930547714,0,0.249387203234632,0.311034373908377,0.225155621588051,0.262168730290129,0.279775524139404,0.437631777301431,0.306931399334358,0.299978180747965,0.308881044387817,0.30954553864219,0.242648327989238,0,0,0,0,0,0.234547097086906,0.330120429396629,0.290334591498742,0,0,0.198321387171745,0.202617625395457,0.295476267203634,0.285525510708491,0,0,0,0,0.205198779702187,0.226334884762764,0,0,0.324678593873978,0.341271259954997,0,0,0,0,0.309125904827079,0.359128372966741,0.326520360937364,0.368507677352039,0.244123440338333,0.241200075868298,0.315045500042656,0.246976963503266,0.267864725760465
0,0,0,0.136011912774892,0,0.186412673801757,0,0.173268333077431,0,0.143260071674983,0,0.118780148698541,0,0,0,0,0,0,0,0,0,0,0,0,0,0,0,0,0,0.135105833411217,0,0,0,0,0,0.163143211873488,0,0.237001202828703,0,0,0,0.214382499456406,0,0,0,0.202044526735942,0,0,0,0,0,0.169718849031549,0,0.189593824744225,0,0.152453002333641,0,0.166037905236913,0,0.154816955327988,0,0,0.237463242912068,0,0,0,0,0,0,0,0,0,0.221864421936599,0,0,0,0,0,0.176550000102624,0,0.307270858116466,0,0.178883016295731,0.18895185738802,0.191961930029922,0.356713831424713,0
0,0,0,0,0.190407144687909,0,0.108768087811768,0,0,0,0.141098549086465,0,0,0,0,0,0,0,0,0,0,0,0,0,0,0,0,0,0,0,0,0,0,0,0,0,0.141143414914608,0,0.133071415552071,0,0.253124977151553,0,0.248504772782326,0,0,0,0.250330732793224,0,0.231196630746126,0,0,0,0,0,0,0,0.161616793325679,0,0,0,0,0,0,0.162734996009027,0,0,0,0,0,0,0,0,0,0.264886678755283,0,0,0,0,0,0.164514874706258,0,0.164759333081105,0.136316553808202,0,0.219670186665925,0,0
0,0,0,0,0,0,0,0,0,0,0,0,0,0,0,0,0,0.121778351049145,0,0,0,0,0.0778863419118701,0.16329861634544,0,0.143521907781674,0,0.155989059712738,0,0,0,0,0,0,0,0,0,0.223707434623192,0,0,0,0,0,0,0,0,0,0,0.151615254580975,0.310856949231204,0,0,0,0,0,0,0,0,0,0,0,0,0,0,0.191047116677094,0.0974408876564768,0.253035320867947,0,0.161071432103594,0,0.298653366322589,0,0,0,0,0,0,0,0,0,0.215888530904506,0,0.118849641354199,0.09449058255324,0,0,0
0,0,0,0,0,0,0,0,0,0,0,0,0,0,0,0,0.121981514629665,0,0,0,0,0.0778863419118701,0,0,0.149766598033343,0,0.120843973412788,0,0.159106038909101,0,0,0,0,0,0,0,0,0,0.117271935317529,0,0,0,0,0,0,0,0,0,0.182330912789878,0,0,0,0,0,0,0,0,0,0,0,0,0,0,0,0.112405209476128,0.162807846923789,0,0.190292465248529,0,0.132448178937747,0,0.159869373460446,0,0,0,0,0,0,0,0,0,0.125344287453448,0.10321943214815,0.145426837475719,0,0,0
0,0,0,0,0,0,0,0,0,0.160549779306166,0,0,0,0,0,0,0,0.127604797482491,0,0,0,0.16329861634544,0,0,0,0.139739394684633,0,0,0,0,0,0,0,0,0,0,0,0.202453978052431,0,0,0,0.229614809155464,0,0,0,0,0,0.334168970584869,0,0.289654044168336,0,0,0,0,0,0.235593806493458,0,0,0,0,0,0.236411452293396,0,0,0.207935269922018,0,0.172669868042183,0,0.135454107138365,0,0.231083325270949,0,0,0,0,0,0,0,0,0,0.275509767670457,0,0.124376418758874,0,0.198689246793156,0,0
0.21264761313796,0,0,0,0,0,0,0,0.179593560787348,0,0,0,0,0,0,0,0.182138470560312,0,0,0,0,0,0.149766598033343,0,0,0,0.13877311852925,0,0,0,0,0,0,0,0,0,0,0,0.13787723370917,0,0,0,0.171042854587237,0,0,0,0,0,0.209491521120071,0,0,0,0,0,0.205057008222478,0,0,0,0,0,0.192460641264915,0,0,0,0,0.159260565888952,0,0.144367488759353,0,0.153089441359043,0,0,0,0,0,0,0,0,0,0,0,0.227220303012479,0.131259398534894,0,0.169354019472834,0,0
0,0,0,0,0,0,0,0,0,0.151155023111237,0,0,0,0.11421237885952,0,0.147301992553252,0.18047082170527,0.141385972028216,0.24251544794866,0,0,0.143521907781674,0,0.139739394684633,0,0,0,0.13291588673989,0,0,0,0,0,0,0,0,0,0,0,0,0.285568445920944,0,0,0,0,0,0.313290268182755,0,0,0,0,0,0,0,0,0.14894120937044,0,0,0,0,0,0.180065272883935,0,0,0.153195815708707,0,0.1815085709095,0,0.153008990606802,0,0,0,0,0,0,0,0,0,0,0,0,0,0.129803777658022,0,0,0,0
0,0,0,0,0,0,0,0,0.12966451048851,0,0,0,0.153021133997861,0,0.168225892645828,0,0.12673960317984,0.193381985028585,0.203090560436249,0,0,0,0.120843973412788,0,0.13877311852925,0,0,0,0.125556544261053,0,0,0,0,0,0,0,0,0,0,0,0,0,0,0,0,0,0,0,0,0,0,0,0,0,0.150449493101665,0,0,0,0.144816985353827,0,0.147420018911362,0,0,0,0,0.142212140858173,0,0.145457732180754,0,0.148265854463357,0,0.165758013725281,0,0,0,0,0,0,0.286545723676682,0.263558864593506,0,0,0.142089070169909,0,0.215411141514778,0,0
0,0,0,0,0,0,0,0,0,0,0,0,0,0.176614193198008,0,0.134513139724731,0,0.145337328314781,0,0,0,0.155989059712738,0,0,0,0.13291588673989,0,0,0,0.174509902221769,0,0,0,0,0,0,0,0.158792961906228,0,0,0,0,0,0,0,0,0,0,0,0,0,0,0,0,0,0,0,0,0,0.195816915896204,0,0,0,0,0.137015144030253,0,0,0,0.140097787370905,0,0.199540676042986,0,0.190370343459977,0,0,0,0,0,0,0,0.186134800314903,0,0.170414090156555,0.159421333495308,0,0,0
0,0,0,0,0,0,0,0,0,0,0.117277398705482,0,0.134132532645827,0,0,0,0.135676090915998,0.126664564013481,0,0,0,0,0.159106038909101,0,0,0,0.125556544261053,0,0,0,0.139252733610092,0,0,0,0,0,0,0,0.144945667787867,0,0,0,0,0,0,0,0,0,0,0,0,0,0,0,0,0,0,0,0.157180375932308,0,0,0,0,0,0,0.166834984537003,0,0,0,0.133990285177774,0,0.168529668718667,0,0.146993870181697,0,0,0,0,0,0,0,0.17137935757637,0.13550220326417,0.13434318266809,0,0,0
0,0,0,0,0,0,0,0,0,0,0,0.21519962651995,0,0,0,0,0,0,0,0.135105833411217,0,0,0,0,0,0,0,0.174509902221769,0,0,0,0,0,0,0,0,0,0.169588759067227,0,0,0,0,0,0,0,0,0,0,0,0,0,0,0,0,0,0,0,0.158560075543144,0,0,0,0,0.213060289621353,0,0,0,0,0,0,0,0.19198597049887,0,0.199609059012598,0,0,0,0,0,0,0,0.193860283919743,0,0.165462816865168,0,0,0,0
0,0,0,0,0,0,0,0,0,0,0.157300785183907,0,0,0,0,0,0,0,0,0,0,0,0,0,0,0,0,0,0.139252733610092,0,0,0,0,0,0,0,0,0,0.109004835701651,0,0,0,0,0,0,0,0,0,0,0,0,0,0,0,0,0,0.178330397476321,0,0,0,0,0,0,0,0,0,0,0,0,0,0,0.214906263579592,0,0.182011976866879,0,0,0,0,0,0,0,0.141724923595053,0.131957650184631,0,0,0,0
0,0,0,0,0,0,0,0,0,0,0,0,0,0,0,0,0,0,0,0,0,0,0,0,0,0,0,0,0,0,0,0,0.173772958884562,0.18378790281713,0,0.157460434696613,0.201135931779509,0,0,0,0,0,0,0,0,0,0,0.164577241928782,0,0,0,0,0,0,0,0,0,0,0,0,0,0,0,0,0,0,0,0,0,0,0,0,0,0,0.162063331947182,0.159778166900982,0.19372634606999,0,0.175737648108093,0.202035886780271,0,0,0.143664992090903,0,0,0,0
0,0,0,0,0,0,0,0,0,0,0,0,0,0,0,0,0,0,0,0,0,0,0,0,0,0,0,0,0,0,0,0.173772958884562,0,0,0.210276639556394,0.207589752972126,0.19516983628801,0,0,0,0,0,0,0,0,0,0,0.169340023584664,0,0,0,0,0,0,0,0,0,0,0,0,0,0,0,0,0,0,0,0,0,0,0,0,0,0,0,0.286959443080246,0,0.253216696972398,0.287171125411987,0.242658559904724,0,0,0.167860263377191,0,0,0,0
0,0,0,0,0,0,0,0,0,0,0,0,0,0,0,0,0,0,0,0,0,0,0,0,0,0,0,0,0,0,0,0.18378790281713,0,0,0.145705368712142,0.144449330880368,0,0.179139919122871,0,0,0,0,0,0,0,0,0,0.330951026595792,0,0,0,0,0,0,0,0,0,0,0,0,0,0,0,0,0,0,0,0,0,0,0,0,0,0,0.231076109718967,0,0.169401382990962,0.297852012846205,0.147045577471414,0,0.28210850698084,0,0.162795583407084,0.378483631248985,0,0,0
0,0,0,0,0,0,0,0,0,0,0,0,0,0,0,0,0,0,0,0,0,0,0,0,0,0,0,0,0,0,0,0,0.210276639556394,0.145705368712142,0,0,0.171741381339136,0.339146107435226,0.199852436143137,0,0,0,0,0,0,0,0,0.361195219056535,0,0.368003721337721,0,0,0,0,0,0,0,0,0,0,0,0,0,0,0,0,0,0,0,0,0,0,0,0,0,0.295261165015718,0.154361261603727,0.250971247730695,0,0.244664048540939,0.333024278283119,0.288311310472988,0.193532305880118,0.321163191795349,0.358182897170385,0,0
0,0,0,0.153809508681297,0,0.162333624277796,0,0,0,0,0,0.149779066366791,0,0,0,0,0,0,0.330728117624919,0.163143211873488,0,0,0,0,0,0,0,0,0,0,0,0.157460434696613,0.207589752972126,0.144449330880368,0,0,0.164013823388882,0.177430947044555,0,0.27507771551609,0,0.289411155506968,0.313315182924271,0.408790970842044,0,0.241761079678933,0,0.19694651168299,0,0.245619164020927,0,0.176893476396799,0,0.162410601973534,0,0.176526740193367,0,0.18289007459368,0,0,0,0,0.180636564379229,0,0,0,0,0,0,0,0,0,0,0,0.170297163072973,0.215311154723167,0.142621656879783,0,0.196049492509451,0.177611611783504,0.225583912062397,0,0.172867618986407,0.15007984420993,0.210298246433658,0.348105366031329,0
0,0,0.223180398344994,0,0.183953505962394,0,0.190421941622001,0,0.196372583508492,0,0.136484435814268,0,0,0,0,0,0.3487209379673,0,0.322835963964462,0,0.141143414914608,0,0,0,0,0,0,0,0,0,0,0.201135931779509,0.19516983628801,0,0.171741381339136,0.164013823388882,0,0,0.159390607571968,0.252233497798443,0.228829796425998,0,0.266680717468262,0,0,0.330254673957825,0.222348711681816,0.265508897002641,0.227421342730522,0.289177628500121,0,0,0.203483164310455,0,0,0,0.260748987396558,0,0,0,0,0,0,0.172680205435601,0,0,0,0,0,0,0,0,0,0.293079882860184,0,0.195622146003059,0,0.206977019871562,0.181204252151292,0.184545613952791,0,0.21191715086069,0.161964803654825,0.449243942896525,0.219300597694749,0,0.360990732908249
0,0,0,0.344400644302368,0,0.256657630205154,0,0,0,0.195292508765443,0,0.14251216032845,0,0,0,0,0.371603816747665,0,0.346125930547714,0.237001202828703,0,0.223707434623192,0,0.202453978052431,0,0,0,0.158792961906228,0,0.169588759067227,0,0,0,0.179139919122871,0.339146107435226,0.177430947044555,0,0,0.112955819815397,0,0,0.400250953973317,0.323197305202484,0.499373952547709,0,0.341197555263837,0,0.268089063465595,0,0.317222279139038,0,0,0,0,0,0.227325002880807,0,0.14531057552909,0,0,0,0,0.298252537319515,0,0.153994813465596,0,0.267314628676458,0,0.217594817280769,0,0.249194181170957,0,0.170605603883516,0,0,0,0.169204969538583,0,0.207153789490475,0.321725398302078,0.216009554349166,0,0.156536095600565,0.13417656743151,0.242917411738918,0.445744124054909,0
0,0,0,0,0,0,0,0,0.207620759793956,0,0.13494756944601,0,0,0,0,0,0.322519510984421,0,0,0,0.133071415552071,0,0.117271935317529,0,0.13787723370917,0,0,0,0.144945667787867,0,0.109004835701651,0,0,0,0.199852436143137,0,0.159390607571968,0.112955819815397,0,0,0.318708837032318,0,0.18112830678001,0,0.384052813053131,0,0.230507202446461,0.399088541666667,0.318636184392041,0,0,0,0,0,0.269446156462845,0,0.167618008560323,0,0,0,0,0,0,0.208518507401588,0,0.144154299709659,0,0.214266759011595,0,0,0,0.176887637552093,0,0.154732005162673,0,0,0,0.216139504785945,0,0.222840921624115,0,0.203779440317355,0.149555548751814,0.203240203005927,0.261068661062591,0,0
0,0,0,0.207283712923527,0,0.202536575496197,0,0,0,0,0,0,0,0,0,0,0.283018037676811,0.272990386933088,0.249387203234632,0,0,0,0,0,0,0,0,0,0,0,0,0,0,0,0,0.27507771551609,0.252233497798443,0,0,0,0.285498964515599,0.257232834587005,0.263286576295892,0.259818226761288,0.250448524951935,0.229736594425818,0.262746632099152,0.403095903141158,0,0.291029095090353,0,0,0,0,0,0,0.257770448923111,0.22903661773755,0,0,0,0,0.201400289671834,0,0,0,0,0,0,0,0,0,0.295098513364792,0,0,0,0,0,0.274002435340393,0.336881078779697,0.257747979903663,0,0.252093756532336,0,0.220631357291659,0.274159244869066,0.266375187784433
0.350334316492081,0.322002997001012,0.244292592130056,0,0.220343787074089,0,0,0,0.240142832199732,0.322852303584417,0,0,0,0,0,0,0.317666403677782,0.322656553639815,0.311034373908377,0,0.253124977151553,0,0,0,0,0.285568445920944,0,0,0,0,0,0,0,0,0,0,0.228829796425998,0,0.318708837032318,0.285498964515599,0,0.271537258369582,0.291626617820274,0.284246186224314,0.330495047192591,0.304953111656781,0.223678931027651,0.20624340384194,0.199080141006737,0,0.237114270528158,0,0,0,0.197998464107513,0,0.284743050925243,0.282111018896103,0,0,0,0,0.318593950735198,0.255221961760053,0,0,0,0,0,0,0,0,0.373550251126289,0.313063426052823,0,0,0,0,0.336357480039199,0.26646234579169,0.364512785122945,0.345795430618224,0.30586467018671,0.316086124628782,0.314361685903139,0.292715900888046,0.356598964587171
0,0.281790947732162,0.309906810522079,0.226401307753154,0,0.216157709558805,0,0,0,0.19568617849849,0,0,0,0,0,0,0.262148484035775,0.265639870626027,0.225155621588051,0.214382499456406,0,0,0,0.229614809155464,0,0,0,0,0,0,0,0,0,0,0,0.289411155506968,0,0.400250953973317,0,0.257232834587005,0.271537258369582,0,0.258133249024082,0.236637372862209,0.277356968039558,0.275156828549147,0.281001998111606,0.377530992031097,0.230501550829635,0.36515178327237,0,0.246303662657738,0,0,0,0.240709761778514,0,0.333317644235427,0,0,0,0,0.28722346910379,0.261261731386185,0,0,0,0,0,0,0,0,0.386130895887234,0.28537280857563,0,0,0,0,0.2870637847618,0.301960986554623,0.374751165735428,0.323696693405509,0.280979654454396,0,0.296844435336828,0.257396160062641,0.232071639969945
0.305438055760331,0,0.317204878615041,0.236505925655365,0.246477994535651,0,0,0,0.224056084136494,0.302355945110321,0,0,0,0,0,0,0.296439627366783,0.295502920697133,0.262168730290129,0,0.248504772782326,0,0,0,0.171042854587237,0,0,0,0,0,0,0,0,0,0,0.313315182924271,0.266680717468262,0.323197305202484,0.18112830678001,0.263286576295892,0.291626617820274,0.258133249024082,0,0.223876498639584,0.299219875546273,0.261154594302177,0.272342655870402,0.301696216969779,0.256685201031237,0,0.246644213795662,0,0,0,0.249700939655304,0,0.344060408900369,0.231411680579185,0,0,0,0,0.273997784985436,0.29610750079155,0,0,0,0,0,0,0,0,0.316945187747478,0.373448151875945,0,0,0,0,0.29192353626515,0.335916764767923,0.305182179579368,0.382965672469196,0.266241662716519,0.329485177993774,0.302620610283854,0.230616859414361,0.25481194502541
0,0.378783822059631,0,0,0,0,0,0,0,0,0,0,0,0,0,0,0.275037620216608,0.28056508799394,0.279775524139404,0,0,0,0,0,0,0,0,0,0,0,0,0,0,0,0,0.408790970842044,0,0.499373952547709,0,0.259818226761288,0.284246186224314,0.236637372862209,0.223876498639584,0,0,0.301784499258292,0,0,0.228134900331497,0.267454817891121,0,0,0,0,0,0,0,0.307063341140747,0,0,0,0,0.405588412726367,0,0,0,0,0,0,0,0,0,0.434572751323382,0,0,0,0,0,0.39463075158,0.30787047288484,0.459958636357139,0.284367352724075,0.2262429473075,0,0.366253288410534,0.252385867759585,0.219318125396967
0,0,0,0,0,0,0,0,0,0,0,0,0,0,0,0,0.337164695773806,0.354195833206177,0.437631777301431,0,0,0,0,0,0,0,0,0,0,0,0,0,0,0,0,0,0,0,0.384052813053131,0.250448524951935,0.330495047192591,0.277356968039558,0.299219875546273,0,0,0.328703314065933,0.290972530841827,0.234337016940117,0.288937314723929,0,0,0,0,0,0,0,0.453510214885076,0,0,0,0,0,0.29455604404211,0.341202735900879,0,0,0,0,0,0,0,0,0,0,0,0,0,0,0.296517266468568,0.420411705198448,0.249476104974747,0.495381302665919,0.267828580801902,0,0.342088320670706,0,0.34877469142278
0.330546289682388,0.322687783411571,0,0.222806083207781,0.285561263561249,0.172983739449053,0,0,0.32112443447113,0.275197386741638,0,0,0,0,0,0,0.331033347820749,0.305128269487148,0.306931399334358,0.202044526735942,0,0,0,0,0,0,0,0,0,0,0,0,0,0,0,0.241761079678933,0.330254673957825,0.341197555263837,0,0.229736594425818,0.304953111656781,0.275156828549147,0.261154594302177,0.301784499258292,0.328703314065933,0,0.321892703280729,0.381817162036896,0.308796616271138,0.237867226321114,0,0.171141821146011,0,0,0,0.213537439703941,0.336956908305486,0.253733944578386,0,0.198228523135185,0,0,0.222040114548585,0.329514399170876,0,0,0,0,0,0,0,0,0.324594873540542,0,0,0,0,0,0.294469439967167,0.333401718181233,0.335517786132793,0.355993621879154,0.322206371672013,0.331575814070124,0.259205272965199,0.276286292426726,0.257946852180693
0.337609559297562,0,0.220355091649189,0,0.193985807956481,0,0,0,0.193361301507269,0,0.25679756142199,0,0,0,0,0,0.315678712911904,0.314853986932172,0.299978180747965,0,0.250330732793224,0,0,0,0,0.313290268182755,0,0,0,0,0,0,0,0,0,0,0.222348711681816,0,0.230507202446461,0.262746632099152,0.223678931027651,0.281001998111606,0.272342655870402,0,0.290972530841827,0.321892703280729,0,0.198624095545625,0.220153405476472,0.209663361310959,0.220926203898021,0,0,0,0.187150698155165,0,0.310113483984209,0,0,0,0,0,0.315769199814115,0.268296503397246,0,0,0,0,0,0,0,0,0,0.309148317797387,0,0,0,0,0.324589561957579,0.219808827829758,0,0.338898731763386,0.281023061928454,0.178791433572769,0.268645300412042,0,0.322565209120512
0.359250657260418,0.348354369401932,0,0,0.216283515095711,0,0,0,0,0,0,0,0,0,0,0,0.28212034702301,0,0.308881044387817,0,0,0,0,0.334168970584869,0,0,0,0,0,0,0,0.164577241928782,0.169340023584664,0.330951026595792,0.361195219056535,0.19694651168299,0.265508897002641,0.268089063465595,0.399088541666667,0.403095903141158,0.20624340384194,0.377530992031097,0.301696216969779,0,0.234337016940117,0.381817162036896,0.198624095545625,0,0.30868895168771,0.431849940343106,0,0,0,0,0,0,0.248457759618759,0,0,0,0,0,0,0.227732792496681,0,0,0.310257971286774,0,0,0,0,0,0,0,0.272868255267338,0.339465469777308,0.220927488456475,0.318268028434163,0.375291905129099,0.317268742814546,0.253323577344418,0.273004148728572,0.391509515147433,0.51766700233732,0.349142347784603,0,0
0.157750805983177,0,0.194268371649953,0,0.217558075432424,0,0,0,0.183805676680562,0,0,0,0,0,0,0,0.313422936014831,0.322442142499818,0.30954553864219,0,0.231196630746126,0.151615254580975,0.182330912789878,0,0.209491521120071,0,0,0,0,0,0,0,0,0,0,0,0.227421342730522,0,0.318636184392041,0,0.199080141006737,0.230501550829635,0.256685201031237,0.228134900331497,0.288937314723929,0.308796616271138,0.220153405476472,0.30868895168771,0,0.287757534168515,0.231857873499393,0,0,0,0.209788748761639,0,0.252102812131246,0,0.189756015936534,0,0.193691224059356,0,0,0.220535459972563,0,0.223985466985933,0,0.23956176367673,0,0.243580571629784,0,0.25767175356547,0,0.265357612570127,0,0,0.310246415436268,0.256350934505463,0.3107564051946,0.202869959255857,0.304091056187948,0.2739218331565,0.288987001629941,0.270339973270893,0.248267866940975,0,0.265426471592888
0,0.146679658603881,0,0.140700964361244,0,0.186345379799604,0,0,0,0.181933089196682,0,0,0,0,0,0,0,0,0.242648327989238,0,0,0.310856949231204,0,0.289654044168336,0,0,0,0,0,0,0,0,0,0,0.368003721337721,0.245619164020927,0.289177628500121,0.317222279139038,0,0.291029095090353,0,0.36515178327237,0,0.267454817891121,0,0.237867226321114,0.209663361310959,0.431849940343106,0.287757534168515,0,0,0.184011936187744,0,0,0,0.147857934236526,0,0.286487817232098,0,0.176006481982768,0,0,0.227430445899875,0,0.315483013788859,0,0.265876883304263,0,0.213917229324579,0,0.219042702353893,0,0.275210634183663,0,0,0,0.351206481456757,0.32504293974489,0.351273489668965,0.268185218175252,0.253119899483949,0.327022012323141,0.309945357096104,0,0.297724208664913,0.349007752537727,0
0,0,0.199994186560313,0,0.188044269722347,0,0.180748523914651,0,0.177841821908951,0,0,0,0,0,0,0,0,0,0,0,0,0,0,0,0,0,0,0,0,0,0,0,0,0,0,0,0,0,0,0,0.237114270528158,0,0.246644213795662,0,0,0,0.220926203898021,0,0.231857873499393,0,0,0,0.189542048117694,0,0.193945728242397,0,0,0,0.224292999340428,0,0.164974353667619,0,0,0.29847739636898,0,0,0,0,0,0,0,0,0,0,0,0,0,0,0,0.248517154715955,0,0,0.157823695281748,0,0.279228628067409,0,0
0,0,0,0.138804358606403,0,0.169048151106129,0,0.160092704352878,0,0.164514888077974,0,0,0,0.164221078157425,0,0,0,0,0,0.169718849031549,0,0,0,0,0,0,0,0,0,0,0,0,0,0,0,0.176893476396799,0,0,0,0,0,0.246303662657738,0,0,0,0.171141821146011,0,0,0,0.184011936187744,0,0,0,0.180105557557075,0,0.154478885233402,0,0.190289857797325,0,0.159823145344853,0,0.125435537275146,0.200018408397833,0,0,0,0,0,0,0,0,0,0,0,0,0,0,0,0.227709650993347,0,0.304886996746063,0,0.147110375011859,0.16034175668444,0.182490243110806,0,0
0,0,0,0,0.201921522120635,0,0.217038231158548,0,0,0,0.161721813182036,0,0,0,0,0,0,0,0,0,0,0,0,0,0,0,0,0,0,0,0,0,0,0,0,0,0.203483164310455,0,0,0,0,0,0,0,0,0,0,0,0,0,0.189542048117694,0,0,0,0,0,0.146133152356273,0,0.240640051662922,0,0,0,0,0,0,0,0,0,0,0,0,0,0,0,0,0,0,0,0,0,0,0,0.224769742796885,0,0,0,0
0,0,0,0.135528447727362,0,0.168555485072479,0,0.159774509599139,0,0,0,0.188354045365538,0,0,0,0,0,0,0,0.189593824744225,0,0,0,0,0,0,0,0,0,0,0,0,0,0,0,0.162410601973534,0,0,0,0,0,0,0,0,0,0,0,0,0,0,0,0.180105557557075,0,0,0,0,0,0.211153070215418,0,0.168860298122036,0,0,0,0,0,0,0,0,0,0,0,0,0,0,0,0,0,0,0,0,0,0,0.159921980334967,0.192754209041595,0.17450901595029,0,0
0.2164686288965,0,0.133367477015394,0,0.149145006172119,0,0,0,0.252485531609401,0,0,0,0,0,0.130769059062004,0,0,0,0,0,0,0,0,0,0.205057008222478,0,0.150449493101665,0,0,0,0,0,0,0,0,0,0,0,0.269446156462845,0,0.197998464107513,0,0.249700939655304,0,0,0,0.187150698155165,0,0.209788748761639,0,0.193945728242397,0,0,0,0,0,0.246916837990284,0,0,0,0.215599619002655,0,0,0.176186497012774,0,0,0,0.24813280196033,0,0.206281512975693,0,0,0,0,0,0,0,0,0,0.189569294452667,0,0.295928144571828,0.190823576736207,0,0.183071783811286,0,0
0,0.268070975530862,0,0.125767135855399,0,0.156558260321617,0,0,0,0.202470267644605,0,0,0,0.135584317147732,0,0.15471410099417,0.161785128340125,0.177774624570328,0.234547097086906,0.152453002333641,0,0,0,0.235593806493458,0,0.14894120937044,0,0,0,0,0,0,0,0,0,0.176526740193367,0,0.227325002880807,0,0,0,0.240709761778514,0,0,0,0.213537439703941,0,0,0,0.147857934236526,0,0.154478885233402,0,0,0,0,0,0.195026379823685,0,0.145861561099688,0,0.197488745521815,0.188938653469086,0,0,0,0.313297580124364,0,0,0,0,0,0,0,0,0,0,0,0.299574688076973,0,0.290197575754589,0,0.16374376679168,0.148589968681335,0.218322535648065,0,0
0,0,0.291152584233454,0,0.249447587877512,0,0.154579361279806,0,0.253734409809113,0,0.185478189416264,0,0.140391527985533,0,0,0,0.365171149373055,0.352166026830673,0.330120429396629,0,0.161616793325679,0,0,0,0,0,0,0,0,0,0.178330397476321,0,0,0,0,0,0.260748987396558,0,0.167618008560323,0.257770448923111,0.284743050925243,0,0.344060408900369,0,0.453510214885076,0.336956908305486,0.310113483984209,0.248457759618759,0.252102812131246,0,0,0,0.146133152356273,0,0.246916837990284,0,0,0,0.185239480895884,0,0.194118663668633,0,0.371612787246704,0.315861068124121,0,0,0,0,0,0,0,0,0,0.214046359170698,0,0,0,0,0,0.277525576246141,0.325631141662598,0.164946199793901,0.183506499363984,0.199579007923603,0.353811934037785,0,0.368555713783611
0,0.314393818378448,0,0.190884619537327,0,0.202079801055474,0,0.165558781474829,0,0.158828670779864,0,0.21515677514414,0,0.19993282854557,0,0,0.30891227722168,0.363344758749008,0.290334591498742,0.166037905236913,0,0,0,0,0,0,0,0,0,0.158560075543144,0,0,0,0,0,0.18289007459368,0,0.14531057552909,0,0.22903661773755,0.282111018896103,0.333317644235427,0.231411680579185,0.307063341140747,0,0.253733944578386,0,0,0,0.286487817232098,0,0.190289857797325,0,0.211153070215418,0,0.195026379823685,0,0,0,0.218292911595936,0,0,0.275590292368319,0,0,0,0,0,0,0,0,0,0.291722640071226,0,0,0,0,0,0.256405924260616,0.344299544890722,0.30773777782917,0.337541967630386,0.256970079711232,0.161760103973475,0.280026768406888,0.357577024493366,0.27894452214241
0,0,0.206036239862442,0,0.231443309277858,0,0.237431840101878,0,0,0,0.161789832370622,0,0.164359299179453,0,0.135551801499198,0,0.130128160119057,0,0,0,0,0,0,0,0,0,0.144816985353827,0,0.157180375932308,0,0,0,0,0,0,0,0,0,0,0,0,0,0,0,0,0,0,0,0.189756015936534,0,0.224292999340428,0,0.240640051662922,0,0,0,0.185239480895884,0,0,0,0.172280833507196,0,0,0,0,0,0,0,0,0,0,0.197095163783123,0,0,0,0,0,0,0,0,0,0,0.18377456938227,0.190072178840637,0.172697655856609,0,0
0,0,0,0.159170627593994,0,0.160377532988787,0,0.182981208442723,0,0.147937869032224,0,0.176818355917931,0,0.173293275087287,0,0.139778335507099,0,0.142610837790099,0,0.154816955327988,0,0,0,0,0,0,0,0.195816915896204,0,0,0,0,0,0,0,0,0,0,0,0,0,0,0,0,0,0.198228523135185,0,0,0,0.176006481982768,0,0.159823145344853,0,0.168860298122036,0,0.145861561099688,0,0.218292911595936,0,0,0,0.213157102629379,0.16417196393013,0,0,0,0,0,0,0,0.189305042596282,0,0,0,0,0,0,0,0,0,0,0,0.167592054659113,0.17453896097087,0.203442074358463,0,0
0.215500051105345,0,0,0,0.153822299506929,0,0,0,0.188860343976153,0,0,0,0.14740888774395,0,0.15191365585283,0,0.148864455521107,0.157614067196846,0.198321387171745,0,0,0,0,0,0.192460641264915,0,0.147420018911362,0,0,0,0,0,0,0,0,0,0,0,0,0,0,0,0,0,0,0,0,0,0.193691224059356,0,0.164974353667619,0,0,0,0.215599619002655,0,0.194118663668633,0,0.172280833507196,0,0,0,0,0,0,0,0,0.216076172888279,0,0,0,0,0,0,0,0,0,0,0,0,0,0,0.164365719258785,0,0,0,0
0,0,0,0.13144463300705,0,0.170635594262017,0,0,0,0.193326212605026,0,0,0,0.171948784341415,0,0.151625723490175,0.154683245552911,0.161799264153795,0.202617625395457,0,0,0,0,0.236411452293396,0,0.180065272883935,0,0,0,0,0,0,0,0,0,0,0,0,0,0,0,0,0,0,0,0,0,0,0,0,0,0.125435537275146,0,0,0,0.197488745521815,0,0,0,0.213157102629379,0,0,0,0,0,0,0.266704548869217,0,0.186229564970539,0,0,0,0,0,0,0,0,0,0.249023258686066,0,0,0,0.158629896703051,0.169279453158379,0,0,0
0,0.336243220738002,0,0.170026256935671,0,0.178581645194855,0,0.168076068162918,0,0.165623098611832,0,0.208293647928671,0,0,0,0,0.309216558407335,0.302930376915769,0.295476267203634,0.237463242912068,0,0,0,0,0,0,0,0,0,0.213060289621353,0,0,0,0,0,0.180636564379229,0,0.298252537319515,0,0.201400289671834,0.318593950735198,0.28722346910379,0.273997784985436,0.405588412726367,0.29455604404211,0.222040114548585,0.315769199814115,0,0,0.227430445899875,0,0.200018408397833,0,0,0,0.188938653469086,0.371612787246704,0.275590292368319,0,0.16417196393013,0,0,0,0,0,0,0,0,0,0,0,0,0.317776935040087,0,0,0,0,0,0.2524076800718,0.334159053605178,0.396276546703077,0.383530214428902,0.280493121130846,0.290927531278652,0.248753092092623,0.286926772607409,0.282658344507217
0,0,0.255933847278357,0,0.22663915284553,0,0,0,0.139783620834351,0,0.151543145494716,0,0,0,0,0,0.304620996117592,0.280864208936691,0.285525510708491,0,0.162734996009027,0,0,0,0,0,0,0,0,0,0,0,0,0,0,0,0.172680205435601,0,0.208518507401588,0,0.255221961760053,0.261261731386185,0.29610750079155,0,0.341202735900879,0.329514399170876,0.268296503397246,0.227732792496681,0.220535459972563,0,0.29847739636898,0,0,0,0.176186497012774,0,0.315861068124121,0,0,0,0,0,0,0,0,0,0,0,0,0,0,0,0,0.318371583214577,0,0,0,0,0.348304927349091,0.244257057920063,0,0.29676196366492,0.147443216374452,0.195388813813527,0.296724367831956,0,0.348044057687124
0,0,0,0,0,0,0,0,0,0,0,0,0,0,0,0,0,0.124843091881971,0,0,0,0.191047116677094,0.112405209476128,0.207935269922018,0,0.153195815708707,0,0.137015144030253,0,0,0,0,0,0,0,0,0,0.153994813465596,0,0,0,0,0,0,0,0,0,0,0,0.315483013788859,0,0,0,0,0,0,0,0,0,0,0,0,0,0,0,0,0.27481609898327,0,0.166632502819553,0,0.228350059284066,0,0,0,0,0,0,0,0,0,0.185750758300448,0,0.123323045309906,0.107120373182827,0,0,0
0,0,0,0,0,0,0,0,0,0,0,0,0,0,0,0,0.120020074748445,0,0,0,0,0.0974408876564768,0.162807846923789,0,0.159260565888952,0,0.142212140858173,0,0.166834984537003,0,0,0,0,0,0,0,0,0,0.144154299709659,0,0,0,0,0,0,0,0,0,0.223985466985933,0,0,0,0,0,0,0,0,0,0,0,0,0,0,0,0,0,0,0.191274866461754,0,0.165070972021888,0,0.178246486794066,0,0,0,0,0,0,0,0,0,0.16899440176785,0.136930221455889,0,0,0,0
0,0.278180020196097,0,0,0,0,0,0,0,0.226885919199615,0,0,0,0,0,0,0,0.163256565063465,0,0,0,0.253035320867947,0,0.172669868042183,0,0.1815085709095,0,0,0,0,0,0,0,0,0,0,0,0.267314628676458,0,0,0,0,0,0,0,0,0,0.310257971286774,0,0.265876883304263,0,0,0,0,0,0.313297580124364,0,0,0,0,0,0.266704548869217,0,0,0.27481609898327,0,0,0,0.189343329748282,0,0.244208369936262,0,0,0,0,0,0,0,0,0,0.328995958431201,0,0.177969454842455,0,0.257004191929644,0,0
0.227029068395495,0,0,0,0,0,0,0,0.221500290764703,0,0,0,0,0,0,0,0.170859232544899,0,0,0,0,0,0.190292465248529,0,0.144367488759353,0,0.145457732180754,0,0,0,0,0,0,0,0,0,0,0,0.214266759011595,0,0,0,0,0,0,0,0,0,0.23956176367673,0,0,0,0,0,0.24813280196033,0,0,0,0,0,0.216076172888279,0,0,0,0,0.191274866461754,0,0,0,0.198118148371577,0,0,0,0,0,0,0,0,0,0,0,0.256118690697991,0.123144089554747,0,0.225978966743227,0,0
0,0,0,0,0,0,0,0,0,0.167802587151527,0,0,0,0,0,0.156127760807673,0.166583309570948,0.162704896408974,0.205198779702187,0,0,0.161071432103594,0,0.135454107138365,0,0.153008990606802,0,0.140097787370905,0,0,0,0,0,0,0,0,0,0.217594817280769,0,0,0,0,0,0,0,0,0,0,0,0.213917229324579,0,0,0,0,0,0,0,0,0,0,0,0.186229564970539,0,0,0.166632502819553,0,0.189343329748282,0,0,0,0.197549666621183,0,0,0,0,0,0,0,0,0,0.213835373520851,0,0.141569410680759,0,0.288995683193207,0,0
0,0,0,0,0,0,0,0,0.186059236526489,0,0,0,0,0,0.169799867554529,0,0.141590177520008,0.15659522679117,0.226334884762764,0,0,0,0.132448178937747,0,0.153089441359043,0,0.148265854463357,0,0.133990285177774,0,0,0,0,0,0,0,0,0,0,0,0,0,0,0,0,0,0,0,0.243580571629784,0,0,0,0,0,0.206281512975693,0,0,0,0,0,0,0,0,0,0,0.165070972021888,0,0.198118148371577,0,0,0,0.217175596066423,0,0,0,0,0,0,0,0,0,0,0.144820503644505,0,0,0,0
0,0,0,0,0,0,0,0,0,0,0,0,0,0.193168419916018,0,0,0,0.134031072258949,0,0,0,0.298653366322589,0,0.231083325270949,0,0,0,0.199540676042986,0,0.19198597049887,0,0,0,0,0,0,0,0.249194181170957,0,0,0,0,0,0,0,0,0,0,0,0.219042702353893,0,0,0,0,0,0,0,0,0,0.189305042596282,0,0,0,0,0.228350059284066,0,0.244208369936262,0,0.197549666621183,0,0,0,0.213010803213885,0,0,0,0,0,0,0,0.226733728676386,0,0.154787696003914,0,0.261383384466171,0,0
0,0,0,0,0,0,0,0,0,0,0,0,0.141598265814154,0,0,0,0,0,0,0,0,0,0.159869373460446,0,0,0,0.165758013725281,0,0.168529668718667,0,0.214906263579592,0,0,0,0,0,0,0,0.176887637552093,0,0,0,0,0,0,0,0,0,0.25767175356547,0,0,0,0,0,0,0,0,0,0.197095163783123,0,0,0,0,0,0,0.178246486794066,0,0,0,0.217175596066423,0,0,0,0.239030407910997,0,0,0,0,0,0,0,0.233264107789312,0.159896001219749,0.176694596807162,0,0,0
0,0.285577058792114,0,0.29803525408109,0,0,0,0,0,0,0,0.186230150673857,0,0,0,0,0,0.295107752084732,0.324678593873978,0.221864421936599,0,0,0,0,0,0,0,0.190370343459977,0,0.199609059012598,0,0,0,0,0,0,0,0.170605603883516,0,0.295098513364792,0.373550251126289,0.386130895887234,0.316945187747478,0.434572751323382,0,0.324594873540542,0,0,0,0.275210634183663,0,0,0,0,0,0,0,0.291722640071226,0,0,0,0,0.317776935040087,0,0,0,0,0,0,0,0.213010803213885,0,0,0,0,0,0,0,0.317438907424609,0.327859103679657,0.299825008438286,0,0.284848174080253,0.331042483448982,0.373888461504102,0.410191678003067,0
0,0,0.2710016310215,0,0,0,0,0,0,0,0.239107305804888,0,0,0,0,0,0.336108088493347,0.325934817393621,0.341271259954997,0,0.264886678755283,0,0,0,0,0,0,0,0.146993870181697,0,0.182011976866879,0,0,0,0,0,0.293079882860184,0,0.154732005162673,0,0.313063426052823,0.28537280857563,0.373448151875945,0,0,0,0.309148317797387,0,0.265357612570127,0,0,0,0,0,0,0,0.214046359170698,0,0,0,0,0,0,0.318371583214577,0,0,0,0,0,0,0,0.239030407910997,0,0,0,0,0,0,0,0.2982590818821,0.367187589406967,0.183267842081128,0.205134861171246,0,0.383064854117582,0,0.396579949061076
