0,69.4044126427692,0,0,0,0,0,0,21.8866189327091,67.8347127096994,0,0,0,0,28.8513367970784,67.9687570844378,37.0890122983874,55.5236922793918,32.3202071998079,0,0,42.1253178914388,0,42.6606712341309,33.2910280227661,62.3836342306698,55.5700607299805,0,0,0,0,0,0,0,0,0,0,46.5062665303548,0,0,0,68.4779357910156,20.7323228050681,56.1059025355748,62.9895477294922,80.7553558349609,0,0,58.1717147827148,69.2138783137004,0,0,0,0,32.2731476955944,59.9546580314636,0,0,0,0,37.4571709632874,75.2801127433777,0,0,46.616584777832,0,52.1949737548828,24.3002738952637,68.9698131267841,37.6155915260315,0,0,0,0,0,0,0,0,109.814668655396,93.4365921020508,47.5017149788993,92.855110168457,30.3805507575676,26.1960887908936,38.3976186911265,52.1001625061035,0
69.4044126427692,0,0,35.000320871671,0,0,0,0,68.1381390784398,8.84973566655882,0,104.909797668457,0,17.6491532197448,68.0666266221266,14.1151130854094,57.5366158019665,35.4960796835281,34.0670474548729,0,0,38.0945597938869,0,34.0841590401655,47.1401033401489,28.5273811931693,65.5115935007731,0,0,0,0,104.95694732666,118.164596557617,0,0,87.3695560455322,77.1986343383789,34.021758797728,0,0,49.0715293884277,30.4249254829005,59.3976253162731,36.6256840905147,0,17.4372956177284,0,81.0959955851237,89.4580574035645,22.356900942953,0,0,0,0,69.3195972711268,7.52462150208251,0,0,0,0,73.2656533377511,11.9288003690619,0,0,25.6896190643311,0,35.1185443016791,63.9604244232178,26.0500355142977,66.1206713358561,0,0,0,0,55.8375082015991,116.592727661133,64.4900436401367,88.4941387176514,74.1626976860894,93.0709870656331,36.5992111778259,78.2232160568237,34.84228822333,23.3781141741522,22.0416097144286,32.0385768630288,59.8600807189941
0,0,0,0,0,0,0,0,0,0,0,0,0,0,0,0,0,0,0,0,0,0,0,0,0,0,0,0,0,0,0,0,0,0,0,0,0,0,0,0,0,0,0,0,7.31270280251136,0,0,0,0,0,0,0,0,0,0,0,0,0,0,0,0,0,0,0,0,0,0,0,0,0,0,0,0,0,0,0,0,0,0,0,0,0,3.42742591244834,0,4.24246898197359,0,0
0,35.000320871671,0,0,0,0,0,0,69.6215953826904,13.1737376848857,0,0,0,21.0515785217285,75.8155975341797,25.7943247689141,58.6870486610814,47.0995036271902,12.7119365063581,0,0,37.7014665603638,0,34.6120400061974,0,33.1254110336304,0,0,0,0,0,0,0,0,0,70.5078811645508,0,39.5826458930969,0,45.9082565307617,0,19.2676393687725,33.9185066223145,17.3807079666539,71.6303558349609,31.2865693569183,0,0,0,40.8672361373901,0,0,0,0,71.4380073547363,13.9165788919498,0,0,0,0,0,28.0521017142705,0,0,38.2787704467773,0,0,0,27.619887806819,0,0,0,0,0,0,0,55.1249008178711,0,66.4097686040969,69.9639053344727,38.4353410720825,72.5078430175781,46.5609441333347,0,14.5354460197337,13.6550600345318,0
0,0,0,0,0,0,0,0,0,0,0,0,0,0,0,0,0,0,0,0,0,0,0,0,0,0,0,0,0,0,0,0,0,0,0,0,0,0,0,0,0,0,0,0,0,0,0,0,0,0,0,0,0,0,0,0,0,0,0,0,0,0,0,0,0,0,0,0,0,0,0,0,0,0,0,0,0,0,0,0,0,0,2.89971416261461,0,0,0,0
0,0,0,0,0,0,0,0,0,0,0,0,0,0,0,0,0,0,0,0,0,0,0,0,0,0,0,0,0,0,0,0,0,0,0,0,0,0,0,0,0,0,0,0,0,0,0,0,0,0,0,0,0,0,0,0,0,0,0,0,0,0,0,0,0,0,0,0,0,0,0,0,0,0,0,0,0,0,0,0,0,0,0,0,0,0,0
0,0,0,0,0,0,0,0,0,0,0,0,0,0,0,0,0,0,0,0,0,0,0,0,0,0,0,0,0,0,0,0,0,0,0,0,0,0,0,0,0,0,0,0,0,0,0,0,0,0,0,0,0,0,0,0,0,0,0,0,0,0,0,0,0,0,0,0,0,0,0,0,0,0,0,0,0,0,0,0,0,0,0,0,0,0,0
0,0,0,0,0,0,0,0,0,0,0,0,0,0,0,0,0,0,0,0,0,0,0,0,0,0,0,0,0,0,0,0,0,0,0,0,0,0,0,0,0,0,0,0,0,0,0,0,0,0,0,0,0,0,0,0,0,0,0,0,0,0,0,0,0,0,0,0,0,0,0,0,0,0,0,0,0,0,0,0,0,0,0,0,0,0,0
21.8866189327091,68.1381390784398,0,69.6215953826904,0,0,0,0,0,62.3545653244545,0,0,0,0,5.55934217260845,67.6565322875977,17.399279043131,48.92644629421,18.3740041944039,0,0,43.1471760749817,0,39.0746993808956,32.2799908320109,57.975404178395,13.277548982386,0,0,0,0,0,0,0,0,88.3447036743164,81.5685844421387,42.8359863941486,0,78.0956687927246,0,57.5968185424805,51.1066281454904,65.5242826060245,0,81.8095397949219,0,75.3290939331055,86.1831174577985,67.8137176915219,0,0,0,0,7.73704109598364,67.4013534994686,0,0,0,0,6.98357086648812,71.9125160943894,0,0,0,0,55.7837851388114,23.261119556427,61.2564109166463,15.547627045558,0,0,0,0,0,0,0,0,107.403064303928,91.1834159851074,46.8062379256539,81.015540599823,21.8054727603541,31.0332565307617,60.9843007087708,61.0961233774821,85.133544921875
67.8347127096994,8.84973566655882,0,13.1737376848857,0,0,0,0,62.3545653244545,0,0,88.1343002319336,0,13.9133170144311,0,10.1629897523873,49.3220521546563,16.4766199789549,30.6484874914277,0,0,39.3516184488932,0,23.2635178719797,0,22.2516026080601,67.0288896560669,0,0,0,0,61.5104293823242,0,0,79.6106872558594,66.0184883704552,81.2013753255208,34.0498803945688,0,48.4997784007679,67.3270432608468,32.2901686271032,52.4971694401332,22.123254571185,38.6401755015055,21.1839776472612,0,64.6484082539876,73.2878224054972,22.604762283026,0,0,0,0,62.5856902712867,7.1251056034293,0,67.2465438842773,0,0,0,7.10998213904983,0,0,0,0,34.7318170720881,0,24.1958546192526,61.1487731933594,0,0,0,61.4949035644531,67.0374018351237,0,64.4826202392578,89.0315361022949,67.2226198138613,81.3149568029197,55.1798000335693,82.4248081207275,13.974124007271,14.7332272106601,21.1426297228761,24.6430971357558,0
0,0,0,0,0,0,0,0,0,0,0,0,0,0,0,0,0,0,0,0,3.80368334906442,0,0,0,0,0,0,0,0,0,4.23718525947086,0,0,0,52.5245838165283,0,0,0,4.72699177056028,0,0,0,0,0,0,0,7.6318137525308,38.0172555106027,13.0217256546021,0,0,0,0,0,0,0,3.04541444778442,0,0,0,0,0,0,4.92278120479482,0,0,0,0,0,0,0,0,0,5.64912414550781,0,39.6537094116211,0,0,0,43.9812367757161,0,8.62683960448864,3.88916420053553,0,18.8660364151001,0,0
0,104.909797668457,0,0,0,0,0,0,0,88.1343002319336,0,0,0,0,0,0,0,76.3881435394287,68.3062508322976,5.29392923694365,0,0,0,0,0,0,0,0,0,5.03298984527588,0,48.8120045381434,0,40.5221405029297,0,61.4116824756969,0,6.63597599621658,0,45.5018485841297,0,18.4597410852369,0,70.6335678100586,0,16.7362508012525,0,40.4670265264678,78.5450897216797,27.3804467001627,0,0,0,0,0,0,0,3.81103904075042,0,0,0,0,10.9795702284033,0,0,0,0,0,0,0,12.258508682251,0,5.6294253875162,0,46.9128115254064,0,36.7113300791958,0,52.6824466453111,0,14.1612080947349,0,6.64577592538328,0,14.8420871810534,18.2903784513474,0
0,0,0,0,0,0,0,0,0,0,0,0,0,0,0,0,0,0,0,0,0,0,0,0,0,0,0,0,0,0,0,0,0,0,0,0,0,0,0,0,0,0,0,0,0,0,0,0,0,0,0,0,0,0,0,0,0,0,0,0,0,0,0,0,0,0,0,0,0,0,0,0,0,0,0,0,0,0,0,0,0,0,0,0,0,0,0
0,17.6491532197448,0,21.0515785217285,0,0,0,0,0,13.9133170144311,0,0,0,0,92.6186904907227,5.43652200350965,61.6114925384521,13.2738050193787,52.6830117361886,0,0,35.592170715332,0,87.1353149414062,0,8.34826781995156,0,6.72803645133972,0,0,0,0,0,0,0,0,0,0,0,0,0,0,0,0,0,32.9279632568359,0,0,0,0,0,0,0,0,70.0308227539062,10.4109823703766,0,0,0,3.30149309006002,0,6.6615260415005,0,0,0,0,0,0,6.42893467334009,0,0,0,0,0,0,0,0,0,109.682327270508,0,30.8104667663574,0,9.18687842108987,4.89666142463684,33.7181396484375,0,0
28.8513367970784,68.0666266221266,0,75.8155975341797,0,0,0,0,5.55934217260845,0,0,0,0,92.6186904907227,0,74.4698419570923,9.97575213920557,50.6207371464482,44.4547185897827,0,0,44.0209589004517,0,36.8741887410482,0,57.9837245941162,8.94689748265328,0,0,0,0,0,0,0,0,0,0,0,0,0,0,0,36.2176399230957,76.9281158447266,0,0,0,0,0,0,0,0,0,0,7.86606883349484,65.5102386474609,0,0,0,0,3.93249334317935,59.2996854782104,0,0,0,0,38.3141078948975,15.3386535644531,58.0828730265299,9.33201289888638,0,0,0,0,0,0,0,0,0,0,51.7992337544759,0,15.7254050713833,0,56.5737037658691,72.9858169555664,123.025268554688
67.9687570844378,14.1151130854094,0,25.7943247689141,0,0,0,0,67.6565322875977,10.1629897523873,0,0,0,5.43652200350965,74.4698419570923,0,53.4112057640439,14.5249924359524,32.7717987355732,0,0,26.8888465336391,0,28.9635830720266,60.858283996582,10.215651450486,48.0346069335938,0,0,0,0,0,0,0,0,0,97.8547973632812,32.830751630995,0,57.4228439331055,83.1268157958984,30.4290407998221,72.1139907836914,27.4729486509811,0,31.6735195583767,0,0,80.5559043884277,27.4634416804594,0,0,0,0,69.4978079795837,8.27325551859538,0,0,0,3.83838539214651,0,4.79406083858453,0,0,28.1192359924316,0,25.8102703094482,0,9.63530004864647,52.6109209060669,0,0,0,0,0,0,0,0,73.4533254450018,91.0234985351562,40.5179895673479,99.693613688151,11.3680822638798,5.00957873503067,24.161101035352,30.7862680435181,0
37.0890122983874,57.5366158019665,0,58.6870486610814,0,0,0,0,17.399279043131,49.3220521546563,0,0,0,61.6114925384521,9.97575213920557,53.4112057640439,0,15.0369046209154,14.175021571619,0,0,33.5594092191652,0,33.0867341281158,20.8432512066581,48.9133825932652,8.33347950034967,0,0,0,0,84.4778518676758,0,82.3205375671387,50.1451644897461,87.86087660356,73.5204048156738,38.6202990597692,0,82.8328285217285,59.3604571024577,57.443240962309,45.9685420300587,38.5468348418132,29.9558184250541,51.299016740587,74.6836805343628,73.51029066606,69.0988311767578,62.8584443092346,0,0,0,0,23.0493401262899,50.7119840440296,0,0,0,0,11.8515982547926,53.3198405456543,0,0,0,0,43.2090279715402,8.45665907859802,48.9189007092366,12.7010022074237,0,0,0,88.9554214477539,86.7045059204102,0,101.531692504883,80.0698951721191,89.4376379421779,73.1135092538501,53.8445838479435,66.463493234971,15.0130812875352,9.17730307993681,34.6908499581473,55.4426975250244,43.6016120910645
55.5236922793918,35.4960796835281,0,47.0995036271902,0,0,0,0,48.92644629421,16.4766199789549,0,76.3881435394287,0,13.2738050193787,50.6207371464482,14.5249924359524,15.0369046209154,0,18.5476087887772,0,0,14.4384605560614,0,20.0385012511593,45.9030513763428,9.05183812897825,34.8328971355519,5.19764453118001,0,0,0,71.6337051391602,0,85.1006698608398,53.3172073364258,78.9584303404155,84.3953765066046,32.9749211326974,0,58.6302513454271,76.002074347602,38.7739390903049,59.858966293335,36.2148111945704,37.7266812324524,46.6830514511972,0,62.7125936508179,70.298415222168,46.8421337580917,0,0,0,0,49.8427596861316,22.1619275982181,0,0,0,0,44.28580493927,23.7148595579686,0,0,42.7851676940918,0,21.213599983303,45.8103618621826,14.27399990017,38.3478497634699,4.6511435508728,0,0,0,61.6978325477013,0,70.1538095474243,82.3810958862305,71.0975040366433,87.5010441308734,46.5966823199564,81.6089381217957,12.1376482647265,9.00928580403002,39.8692873683056,35.1058665033597,90.6282196044922
32.3202071998079,34.0670474548729,0,12.7119365063581,0,0,0,0,18.3740041944039,30.6484874914277,0,68.3062508322976,0,52.6830117361886,44.4547185897827,32.7717987355732,14.175021571619,18.5476087887772,0,99.7761688232422,0,38.4690217971802,0,33.3651764525308,33.85089747111,40.0676795959473,59.3156140645345,0,0,0,0,67.0565549410307,74.5505111694336,56.6879806518555,54.3789330996,61.5306540620541,62.0218609467481,39.1807031705976,0,46.3286015171333,50.0452384710312,28.1363282512617,25.4200616485932,18.7548339149699,19.7561185610147,29.479290794819,65.3965203820205,53.1801722390311,44.1049898844685,30.4184681022004,0,0,0,0,40.272985794965,23.6651087573596,55.6251888275146,0,0,0,46.9136799706353,34.3628884063908,75.0822296142578,0,0,0,47.6825072878883,26.5388164520264,41.042238176331,58.4347379857844,0,0,0,54.2499237060547,59.3926451341161,55.7741041564941,55.899761557579,54.7059282889733,60.3289640641895,58.6745628908539,51.3610744476318,52.8820669993724,13.636211127926,33.2905060768127,22.4552343682669,23.5452177693359,53.4464892511782
0,0,0,0,0,0,0,0,0,0,0,5.29392923694365,0,0,0,0,0,0,99.7761688232422,0,0,0,0,0,0,0,0,0,0,11.5788888931274,0,41.6718683242798,63.4292984008789,34.2767697652181,0,15.228426784277,0,10.7059380080965,0,37.346371544732,0,11.5528744874321,0,0,0,11.624260155908,0,36.5730771851121,0,21.99106775186,0,0,0,0,0,0,0,4.30614176721174,0,0,0,0,6.68627024624715,0,0,0,0,0,0,0,0,0,12.8034679022702,0,38.0458811709755,0,24.9299927906818,0,27.6900726807117,0,15.3646406582566,0,7.41523073033888,0,9.11566036824997,0,0
0,0,0,0,0,0,0,0,0,0,3.80368334906442,0,0,0,0,0,0,0,0,0,0,0,0,0,0,0,0,0,0,0,0,0,42.3976033528646,0,51.645263671875,0,52.6262957255046,0,0,0,29.8644888741629,0,14.2392423391342,0,0,0,8.54968120684437,39.6096640995571,19.2101289749146,0,0,0,0,0,0,0,3.78643628276845,0,0,0,0,0,0,5.15798914797614,0,0,0,0,0,0,0,0,0,6.41494687440548,0,43.7755208696638,0,54.3831049601237,0,17.643266916275,0,9.71871658662955,46.8939895629883,0,7.57388358957627,0,12.1943632761637
42.1253178914388,38.0945597938869,0,37.7014665603638,0,0,0,0,43.1471760749817,39.3516184488932,0,0,0,35.592170715332,44.0209589004517,26.8888465336391,33.5594092191652,14.4384605560614,38.4690217971802,0,0,0,3.63878116082019,9.16015990575155,0,11.8793698535079,42.2952184677124,0,0,0,0,0,0,7.81829555829366,0,0,0,4.05026063217836,0,97.1380996704102,0,40.0248680114746,75.5616861979167,43.421347618103,0,0,0,0,0,11.0875523885091,0,0,0,0,47.0735233851842,35.789680480957,0,0,0,0,34.5826530456543,30.1574966112773,0,0,3.97418718577036,0,12.6271486282349,41.0911254882812,16.5018210204649,35.5182337760925,0,0,0,0,0,0,0,0,109.044151306152,70.076904296875,6.00709566805098,0,13.0702639508435,38.7567024230957,43.425220489502,0,0
0,0,0,0,0,0,0,0,0,0,0,0,0,0,0,0,0,0,0,0,0,3.63878116082019,0,0,0,0,0,0,0,0,0,0,0,0,0,0,0,3.57497856397738,6.29903385115833,0,0,0,0,0,0,0,0,0,6.32714700698853,0,0,0,0,0,0,0,0,0,0,0,0,0,0,0,0,4.33268284776324,0,5.80517525672913,0,0,0,0,0,0,0,0,0,18.8412866592407,0,0,0,6.59097593322435,4.77462279813606,6.0679520941011,0,0,0
42.6606712341309,34.0841590401655,0,34.6120400061974,0,0,0,0,39.0746993808956,23.2635178719797,0,0,0,87.1353149414062,36.8741887410482,28.9635830720266,33.0867341281158,20.0385012511593,33.3651764525308,0,0,9.16015990575155,0,0,0,17.8790637811025,36.046435546875,0,0,0,0,0,0,0,0,129.765869140625,0,18.9180538654327,0,0,0,29.5758104324341,60.4958639144897,33.1817733219692,49.8123321533203,43.1946802139282,0,0,60.5011806488037,30.7876166293496,0,0,0,0,41.0919754261873,32.3495287365384,0,0,0,0,35.9861820765904,29.8996885418892,0,0,0,0,20.0178500505594,24.4485759735107,22.084478913692,32.3404774665833,0,0,0,0,0,0,0,0,86.1870517730713,93.304308573405,11.4862796600829,70.1847241719564,23.9917294607324,0,37.2613596422919,30.3458036184311,0
33.2910280227661,47.1401033401489,0,0,0,0,0,0,32.2799908320109,0,0,0,0,0,0,60.858283996582,20.8432512066581,45.9030513763428,33.85089747111,0,0,0,0,0,0,0,0,0,0,0,0,0,0,0,0,0,0,0,3.75548031957526,0,0,0,0,39.837818145752,0,0,0,0,0,0,0,0,0,0,32.5764484405518,0,0,0,0,0,0,0,0,0,0,0,0,0,34.7323608398438,26.919750213623,0,0,0,0,0,0,0,0,0,0,39.6247673034668,4.98540097993353,36.1561796665192,0,64.7252655029297,0,0
62.3836342306698,28.5273811931693,0,33.1254110336304,0,0,0,0,57.975404178395,22.2516026080601,0,0,0,8.34826781995156,57.9837245941162,10.215651450486,48.9133825932652,9.05183812897825,40.0676795959473,0,0,11.8793698535079,0,17.8790637811025,0,0,49.9911851882935,4.33985489675368,0,0,0,0,0,0,0,87.8157348632812,109.298950195312,28.1349703814532,0,0,76.5886344909668,38.8885095058343,83.334114074707,33.6516384780407,0,34.332894545335,0,0,90.8548202514648,34.194586724946,0,0,0,0,61.6383724919072,20.1997931338847,0,0,0,7.78996035908208,67.5793774922689,10.0146222054834,0,0,15.6140894889832,0,22.4677968819936,0,5.7228411027322,45.7875434875488,3.54274744987488,0,0,0,0,0,0,0,87.3243358612061,98.4204730987549,28.5903308391571,95.2821762084961,11.5794530151559,7.00658554297227,34.7228196643648,35.5866455078125,0
55.5700607299805,65.5115935007731,0,0,0,0,0,0,13.277548982386,67.0288896560669,0,0,0,0,8.94689748265328,48.0346069335938,8.33347950034967,34.8328971355519,59.3156140645345,0,0,42.2952184677124,0,36.046435546875,0,49.9911851882935,0,0,0,0,0,0,0,0,0,0,0,49.3061167399089,0,0,0,55.4505729675293,0,68.4103107452393,0,0,0,0,0,0,0,0,0,0,15.0067338740572,73.4172897338867,0,0,0,0,7.05583760177061,51.2257204055786,0,0,0,0,0,0,41.2023671468099,4.73718156008159,0,2.85808891057968,0,0,0,0,0,0,0,0,122.382774353027,0,19.9476587797869,0,66.7020721435547,0,0
0,0,0,0,0,0,0,0,0,0,0,0,0,6.72803645133972,0,0,0,5.19764453118001,0,0,0,0,0,0,0,4.33985489675368,0,0,0,3.43928823591788,0,0,0,0,0,0,0,3.49372106790543,0,0,0,0,0,0,0,0,0,0,0,0,0,0,0,0,0,0,0,0,0,0,0,0,0,0,3.5408249488939,0,0,0,4.33312994129253,0,2.82574617862701,0,0,0,0,0,0,0,0,0,3.56068287849426,0,3.74075363576412,0,0,0,0
0,0,0,0,0,0,0,0,0,0,0,0,0,0,0,0,0,0,0,0,0,0,0,0,0,0,0,0,0,0,0,0,0,0,0,0,0,0,0,0,0,0,0,0,0,0,0,0,0,0,0,0,0,0,0,0,0,0,0,0,0,0,0,0,0,0,0,0,0,0,0,0,0,0,0,0,0,0,0,0,0,0,0,0,0,0,0
0,0,0,0,0,0,0,0,0,0,0,5.03298984527588,0,0,0,0,0,0,0,11.5788888931274,0,0,0,0,0,0,0,3.43928823591788,0,0,0,0,0,0,0,0,0,3.98365924755732,0,0,0,0,0,0,0,18.9608535766602,0,0,0,0,0,0,0,0,0,0,0,3.65264010429382,0,0,0,0,17.4506311416626,0,0,0,0,0,0,0,11.1565108299255,0,4.98219145591289,0,0,0,0,0,0,0,9.81199022293091,0,3.72115282390429,0,0,0,0
0,0,0,0,0,0,0,0,0,0,4.23718525947086,0,0,0,0,0,0,0,0,0,0,0,0,0,0,0,0,0,0,0,0,0,0,0,0,0,0,0,4.95608014595218,0,0,0,0,0,0,0,0,0,0,0,0,0,0,0,0,0,0,0,0,0,0,0,0,0,0,0,0,0,0,0,0,0,0,3.99949073791504,0,0,0,0,0,0,0,6.54739174210882,6.95233011245728,0,0,0,0
0,104.95694732666,0,0,0,0,0,0,0,61.5104293823242,0,48.8120045381434,0,0,0,0,84.4778518676758,71.6337051391602,67.0565549410307,41.6718683242798,0,0,0,0,0,0,0,0,0,0,0,0,4.47862427474592,9.78562242161568,6.13535036974483,7.85565321109305,11.7096619921282,45.1704093170166,0,22.8468432560773,18.4948470592499,34.7309454540874,16.043571472168,56.3861427307129,0,34.2197817671085,33.8608448982239,10.0014460731261,19.1602010726929,14.7987851578512,0,0,0,0,0,0,0,47.6919090270996,0,0,0,0,39.9326424362636,44.4307880401611,0,0,0,0,0,0,0,0,0,0,5.34676159712541,4.9803755179129,11.8441837139834,58.7960739135742,21.9503639276667,17.6904991997613,36.5809367468598,61.5504264831543,6.660683458399,0,18.095394080685,44.8869946797689,0
0,118.164596557617,0,0,0,0,0,0,0,0,0,0,0,0,0,0,0,0,74.5505111694336,63.4292984008789,42.3976033528646,0,0,0,0,0,0,0,0,0,0,4.47862427474592,0,9.01365004645454,8.56228331990936,12.581831353776,13.8670156839834,0,0,27.4865892330805,22.8401098251343,22.9227443695068,36.7060757416945,0,0,39.7774885962991,31.8490175173018,13.4701882809618,19.7395095397265,21.8070300420125,0,0,0,0,0,0,46.471997347745,0,0,0,0,0,47.9513931274414,43.2476776898918,0,0,0,0,0,0,0,0,0,47.3705007553101,7.05530843367943,4.02915857602246,33.2846866607666,14.4359309826469,25.1119148873446,12.8672936953673,0,48.5615708033244,5.68151199809161,0,23.4671602047665,0,0
0,0,0,0,0,0,0,0,0,0,0,40.5221405029297,0,0,0,0,82.3205375671387,85.1006698608398,56.6879806518555,34.2767697652181,0,7.81829555829366,0,0,0,0,0,0,0,0,0,9.78562242161568,9.01365004645454,0,7.6301587588085,7.45125451554147,12.9496761932774,8.07313319223117,13.2104047976042,38.0314357898853,34.7300027211507,23.3573076327642,26.6856883366903,0,0,40.252642142832,43.8378963470459,10.1261963091076,28.4455202002274,13.6277764892051,0,0,0,0,0,0,0,39.2149349212646,0,0,0,0,49.1832117566875,47.7981872558594,0,0,0,0,0,0,0,0,0,0,12.649323182286,10.255252382972,5.25356212716069,9.66353046085975,14.483927807644,13.6518862646188,10.1534043498661,18.6908094353146,11.4375554232112,0,23.4538775962649,39.2921520233154,0
0,0,0,0,0,0,0,0,0,79.6106872558594,52.5245838165283,0,0,0,0,0,50.1451644897461,53.3172073364258,54.3789330996,0,51.645263671875,0,0,0,0,0,0,0,0,0,0,6.13535036974483,8.56228331990936,7.6301587588085,0,15.6300236480532,15.7695734720512,15.1629720146006,8.57129042053623,59.455623626709,29.9825186987181,30.1108701879328,20.1023228624593,0,0,43.4365463256836,39.9104112024465,10.6951953895489,18.4868614147909,22.6795643729133,0,0,0,0,0,0,53.3389315885656,0,0,0,0,0,41.0011444091797,42.1541625227884,0,0,0,0,0,0,0,0,0,56.3599304691438,51.232421875,8.88910819087508,12.2373967130397,6.38643927858022,27.4650575399399,21.4542711553985,22.1554230298001,11.9830684111669,9.50642883452393,4.65059757232666,29.3138145453955,0,25.5959764208112
0,87.3695560455322,0,70.5078811645508,0,0,0,0,88.3447036743164,66.0184883704552,0,61.4116824756969,0,0,0,0,87.86087660356,78.9584303404155,61.5306540620541,15.228426784277,0,0,0,129.765869140625,0,87.8157348632812,0,0,0,0,0,7.85565321109305,12.581831353776,7.45125451554147,15.6300236480532,0,10.4956100017374,6.70386281136509,21.5367012023926,28.902161218449,70.7058258056641,36.1674260242925,77.4004572088068,49.8267959926439,73.3074188232422,34.6921647425448,0,42.9013405579787,74.1970558166504,34.8536061211238,0,0,0,0,0,80.4131088256836,0,56.0581588745117,0,0,0,89.3027198791504,22.230624893277,0,0,0,0,0,69.8563385009766,0,0,0,0,0,12.1854562676615,17.9047870295388,10.3002873671424,20.3472035770063,9.48580840421498,16.3750947230312,17.3873915109089,74.7351207733154,8.76729251721976,8.36685045710514,31.3103638122537,36.7316719935491,0
0,77.1986343383789,0,0,0,0,0,0,81.5685844421387,81.2013753255208,0,0,0,0,0,97.8547973632812,73.5204048156738,84.3953765066046,62.0218609467481,0,52.6262957255046,0,0,0,0,109.298950195312,0,0,0,0,0,11.7096619921282,13.8670156839834,12.9496761932774,15.7695734720512,10.4956100017374,0,29.0938572353787,6.05198189569064,56.1518068313599,25.1328500311471,50.1719014681303,34.8814213773479,63.5968596140544,58.2391151759935,0,33.5551595377118,26.8439424322141,23.9631261108327,59.9400685628255,0,0,0,0,84.4921188354492,104.998336791992,56.8141827053494,0,0,0,0,95.6578826904297,46.6465110778809,38.3685946870357,0,0,0,0,105.6201171875,80.4542388916016,0,0,0,58.3815647248299,14.6301971761192,11.1249914402842,16.2374483876758,18.4393660389358,10.5899290228989,8.17961795340189,85.8171412150065,14.2873030798136,15.0481091202747,4.93613708898918,30.2373348490177,102.614906311035,53.6825004577637
46.5062665303548,34.021758797728,0,39.5826458930969,0,0,0,0,42.8359863941486,34.0498803945688,0,6.63597599621658,0,0,0,32.830751630995,38.6202990597692,32.9749211326974,39.1807031705976,10.7059380080965,0,4.05026063217836,3.57497856397738,18.9180538654327,0,28.1349703814532,49.3061167399089,3.49372106790543,0,3.98365924755732,0,45.1704093170166,0,8.07313319223117,15.1629720146006,6.70386281136509,29.0938572353787,0,8.00130706880151,48.0968821525574,88.4737447102865,15.3423101829978,38.5615726470947,28.4770091374715,0,22.6063514450483,0,40.6242033936257,0,10.33606005488,0,0,0,0,50.5637608846029,38.2261228561401,0,16.3187644282977,0,0,40.9006118774414,38.6230059171978,19.2655052867803,0,3.00463181963334,0,5.98505175113678,29.4818134307861,29.9935758764094,0,0,0,4.32202245972373,0,44.6114713535752,0,17.7291317854897,10.4898785258784,29.5982934386616,69.3490616480509,5.72311403227175,29.011394182841,8.06434981174172,6.57795327900574,17.040650626263,18.600816222443,0
0,0,0,0,0,0,0,0,0,0,4.72699177056028,0,0,0,0,0,0,0,0,0,0,0,6.29903385115833,0,3.75548031957526,0,0,0,0,0,4.95608014595218,0,0,13.2104047976042,8.57129042053623,21.5367012023926,6.05198189569064,8.00130706880151,0,0,49.7875499725342,0,5.62366185934105,0,0,0,26.8205750783284,25.2591093063354,3.8838470285589,0,0,0,0,0,0,0,0,0,0,0,0,0,0,18.8350734710693,0,7.19828345245373,0,0,0,0,0,0,0,0,0,57.8658332824707,23.2327703748431,7.34499800543413,77.6171264648438,7.57481765436629,22.9105817079544,5.4588764172036,5.35964441426978,5.69766382913921,4.4835253264806,0,18.6808500289917
0,0,0,45.9082565307617,0,0,0,0,78.0956687927246,48.4997784007679,0,45.5018485841297,0,0,0,57.4228439331055,82.8328285217285,58.6302513454271,46.3286015171333,37.346371544732,0,97.1380996704102,0,0,0,0,0,0,0,0,0,22.8468432560773,27.4865892330805,38.0314357898853,59.455623626709,28.902161218449,56.1518068313599,48.0968821525574,0,0,58.8051834106445,21.1145185710622,56.7051593235561,31.0149281991495,76.5364201863607,14.2142797835152,0,19.5898782224146,48.6550547281901,22.0168348753533,0,0,0,0,153.987442016602,0,0,33.6459484100342,0,0,0,80.6158981323242,16.8440399371387,0,0,0,0,0,87.6200561523438,0,0,0,0,0,22.3060261953657,0,37.1587881401404,66.4185924530029,19.5487711044973,75.5556829543341,47.1178880700278,73.3896361130934,42.2684432999654,0,17.8830293493451,16.9950163224164,0
0,49.0715293884277,0,0,0,0,0,0,0,67.3270432608468,0,0,0,0,0,83.1268157958984,59.3604571024577,76.002074347602,50.0452384710312,0,29.8644888741629,0,0,0,0,76.5886344909668,0,0,0,0,0,18.4948470592499,22.8401098251343,34.7300027211507,29.9825186987181,70.7058258056641,25.1328500311471,88.4737447102865,49.7875499725342,58.8051834106445,0,48.4357681910197,21.3599421825273,52.6679957707723,48.1725222847678,0,11.6565638369612,17.2444234013733,16.749201656592,0,0,0,0,0,0,83.0293273925781,30.7934006473474,0,0,0,0,84.7511342366536,0,26.9646828367903,0,0,0,0,0,0,0,0,0,32.4157691987093,57.4434928894043,19.3092724285295,0,31.321533075115,87.1067473093669,16.7130806132955,68.8449554443359,38.5863577211936,33.5672975217915,0,19.0185493810929,0,21.0540720621745
68.4779357910156,30.4249254829005,0,19.2676393687725,0,0,0,0,57.5968185424805,32.2901686271032,0,18.4597410852369,0,0,0,30.4290407998221,57.443240962309,38.7739390903049,28.1363282512617,11.5528744874321,0,40.0248680114746,0,29.5758104324341,0,38.8885095058343,55.4505729675293,0,0,0,0,34.7309454540874,22.9227443695068,23.3573076327642,30.1108701879328,36.1674260242925,50.1719014681303,15.3423101829978,0,21.1145185710622,48.4357681910197,0,30.5373713710521,11.8746855446181,44.1235359191895,15.5938523312738,44.9621740976969,20.7408550651961,32.3233016805446,10.0548158168366,0,0,0,0,55.5485847473145,26.198224067688,0,15.1863322508963,0,0,0,32.7667691514299,13.05366352126,0,0,0,30.3134851455688,0,33.6795030393099,0,0,0,14.2174218893051,41.1924266815186,32.8132255886945,36.8532889684041,26.3189871094444,40.5835668245951,32.8843046047357,46.9834096688347,23.9012773553493,46.2711240241078,26.1255287888684,21.4854211807251,11.0421344263906,4.77438185776997,31.3383843104045
20.7323228050681,59.3976253162731,0,33.9185066223145,0,0,0,0,51.1066281454904,52.4971694401332,0,0,0,0,36.2176399230957,72.1139907836914,45.9685420300587,59.858966293335,25.4200616485932,0,14.2392423391342,75.5616861979167,0,60.4958639144897,0,83.334114074707,0,0,0,0,0,16.043571472168,36.7060757416945,26.6856883366903,20.1023228624593,77.4004572088068,34.8814213773479,38.5615726470947,5.62366185934105,56.7051593235561,21.3599421825273,30.5373713710521,0,21.3693578935439,9.76362323090244,55.3805122375488,12.0803231154254,16.2025453625876,12.9075343998325,60.2576866149902,0,0,0,0,34.0895824432373,29.2455682754517,16.2680538962869,0,0,0,0,68.7683258056641,0,12.0818044861298,0,0,0,0,45.3442192077637,33.6378135681152,0,0,0,14.798035726472,51.9573020935059,33.3012427772794,34.9594917297363,18.5478984790512,75.9754751156538,30.8282913532904,58.1029747554234,21.976703475723,22.6186387386322,11.5619524319967,9.95659128784498,50.6074975331624,6.23329862703432
56.1059025355748,36.6256840905147,0,17.3807079666539,0,0,0,0,65.5242826060245,22.123254571185,0,70.6335678100586,0,0,76.9281158447266,27.4729486509811,38.5468348418132,36.2148111945704,18.7548339149699,0,0,43.421347618103,0,33.1817733219692,39.837818145752,33.6516384780407,68.4103107452393,0,0,0,0,56.3861427307129,0,0,0,49.8267959926439,63.5968596140544,28.4770091374715,0,31.0149281991495,52.6679957707723,11.8746855446181,21.3693578935439,0,12.6108915602907,10.490798884896,16.6459636688232,46.2576942443848,55.9205681193959,41.8605443954468,0,0,0,0,60.0167007446289,18.4128775389298,0,0,0,0,0,25.2512094202176,0,0,0,0,26.6737096786499,0,33.811389042781,61.5808296203613,0,0,0,65.0046463012695,61.728889465332,59.6498146057129,37.8290824890137,0,45.3437769718659,61.7765497319839,34.6377918489518,63.2825863486842,14.3968671448309,0,6.51824971635332,9.4485365663256,78.1439666748047
62.9895477294922,0,7.31270280251136,71.6303558349609,0,0,0,0,0,38.6401755015055,0,0,0,0,0,0,29.9558184250541,37.7266812324524,19.7561185610147,0,0,0,0,49.8123321533203,0,0,0,0,0,0,0,0,0,0,0,73.3074188232422,58.2391151759935,0,0,76.5364201863607,48.1725222847678,44.1235359191895,9.76362323090244,12.6108915602907,0,13.4581995010376,6.84608912467957,60.3710269927979,40.5582777659098,0,0,0,0,0,0,0,0,0,0,0,0,35.9665374755859,0,0,0,0,0,0,0,0,0,0,0,40.9334150950114,88.7005615234375,27.1704025268555,0,73.7450790405273,80.6651999733665,48.8807221306695,63.0625114440918,49.9321322721594,14.9487193074292,0,7.29808215128964,35.4766407012939,5.76087705612183
80.7553558349609,17.4372956177284,0,31.2865693569183,0,0,0,0,81.8095397949219,21.1839776472612,0,16.7362508012525,0,32.9279632568359,0,31.6735195583767,51.299016740587,46.6830514511972,29.479290794819,11.624260155908,0,0,0,43.1946802139282,0,34.332894545335,0,0,0,18.9608535766602,0,34.2197817671085,39.7774885962991,40.252642142832,43.4365463256836,34.6921647425448,0,22.6063514450483,0,14.2142797835152,0,15.5938523312738,55.3805122375488,10.490798884896,13.4581995010376,0,0,24.5924737900993,53.5368473052979,23.6096815248,0,0,0,0,0,19.4771145248413,0,15.88585583596,0,0,0,28.2109147480556,7.02684841373293,0,0,0,0,0,35.6820110521818,75.4852066040039,0,0,16.4668157963665,0,34.3418527926252,0,40.6915841722488,52.578549861908,28.6773063535589,96.4413159688314,30.3049078083598,112.731414794922,24.7218020354295,0,8.81917339896616,18.1938234221551,0
0,0,0,0,0,0,0,0,0,0,7.6318137525308,0,0,0,0,0,74.6836805343628,0,65.3965203820205,0,8.54968120684437,0,0,0,0,0,0,0,0,0,0,33.8608448982239,31.8490175173018,43.8378963470459,39.9104112024465,0,33.5551595377118,0,26.8205750783284,0,11.6565638369612,44.9621740976969,12.0803231154254,16.6459636688232,6.84608912467957,0,0,24.9862086333081,22.2622219343831,0,0,0,0,0,155.38166809082,0,12.3943379013627,0,0,0,0,0,0,7.11624928557099,0,0,0,0,0,0,0,0,0,15.5986310626081,0,32.2345231132002,0,41.7157830717814,78.9731610616048,21.5892742753312,75.8447875976562,19.2142328004042,46.2014011594984,0,8.07585039907099,42.9286727905273,10.6466151795736
0,81.0959955851237,0,0,0,0,0,0,75.3290939331055,64.6484082539876,38.0172555106027,40.4670265264678,0,0,0,0,73.51029066606,62.7125936508179,53.1801722390311,36.5730771851121,39.6096640995571,0,0,0,0,0,0,0,0,0,0,10.0014460731261,13.4701882809618,10.1261963091076,10.6951953895489,42.9013405579787,26.8439424322141,40.6242033936257,25.2591093063354,19.5898782224146,17.2444234013733,20.7408550651961,16.2025453625876,46.2576942443848,60.3710269927979,24.5924737900993,24.9862086333081,0,19.0855951675053,7.16437512194077,0,0,0,0,0,0,38.931925535202,35.9432353973389,0,0,0,73.7358055114746,30.4835338453307,33.7165649202135,0,0,0,0,79.6302032470703,0,0,0,18.4144603729248,43.6312307357788,12.1267619879032,19.4850087841945,13.3144059368557,11.4494685959318,31.0628234400758,27.0107395515871,26.0778350846325,25.5329944589785,14.7027046578699,0,24.1067343498028,59.9601287841797,23.6713477373123
58.1717147827148,89.4580574035645,0,0,0,0,0,0,86.1831174577985,73.2878224054972,13.0217256546021,78.5450897216797,0,0,0,80.5559043884277,69.0988311767578,70.298415222168,44.1049898844685,0,19.2101289749146,0,6.32714700698853,60.5011806488037,0,90.8548202514648,0,0,0,0,0,19.1602010726929,19.7395095397265,28.4455202002274,18.4868614147909,74.1970558166504,23.9631261108327,0,3.8838470285589,48.6550547281901,16.749201656592,32.3233016805446,12.9075343998325,55.9205681193959,40.5582777659098,53.5368473052979,22.2622219343831,19.0855951675053,0,53.0819477505154,0,0,0,0,0,74.5593872070312,12.0602580706278,0,0,0,0,73.6137008666992,28.1998443603516,18.2002467905499,0,5.89680147171021,0,5.1297722392612,105.341659545898,0,0,0,0,6.15904858108433,0,19.7437667040758,24.3133611679077,22.1674669524937,69.5205036510121,21.4614487748733,86.9684295654297,12.3537703516837,28.1033750922716,26.4864406585693,12.9366383980759,81.320915222168,15.8602943963428
69.2138783137004,22.356900942953,0,40.8672361373901,0,0,0,0,67.8137176915219,22.604762283026,0,27.3804467001627,0,0,0,27.4634416804594,62.8584443092346,46.8421337580917,30.4184681022004,21.99106775186,0,11.0875523885091,0,30.7876166293496,0,34.194586724946,0,0,0,0,0,14.7987851578512,21.8070300420125,13.6277764892051,22.6795643729133,34.8536061211238,59.9400685628255,10.33606005488,0,22.0168348753533,0,10.0548158168366,60.2576866149902,41.8605443954468,0,23.6096815248,0,7.16437512194077,53.0819477505154,0,0,0,0,0,62.5464740753174,15.9232632319132,0,11.7424848334594,0,0,68.1093063354492,26.092333646921,24.3286769262707,0,4.59044211251395,0,31.5442920684814,0,35.6240514363998,66.6173629760742,3.76096496582031,0,7.39410937936218,0,19.4318005549774,0,15.0773495099735,24.6687727727388,29.3874695537019,74.7574849128723,10.5963016690001,67.1243978500366,29.716094895485,0,10.4819016345961,20.2928351711582,0
0,0,0,0,0,0,0,0,0,0,0,0,0,0,0,0,0,0,0,0,0,0,0,0,0,0,0,0,0,0,0,0,0,0,0,0,0,0,0,0,0,0,0,0,0,0,0,0,0,0,0,0,0,0,0,0,0,0,0,0,0,0,0,0,0,0,0,0,0,0,0,0,0,0,0,0,0,0,0,0,0,0,0,0,0,0,0
0,0,0,0,0,0,0,0,0,0,0,0,0,0,0,0,0,0,0,0,0,0,0,0,0,0,0,0,0,0,0,0,0,0,0,0,0,0,0,0,0,0,0,0,0,0,0,0,0,0,0,0,0,0,0,0,0,0,0,0,0,0,0,0,0,0,0,0,0,0,0,0,0,0,0,0,0,0,0,0,0,0,0,0,0,0,0
0,0,0,0,0,0,0,0,0,0,0,0,0,0,0,0,0,0,0,0,0,0,0,0,0,0,0,0,0,0,0,0,0,0,0,0,0,0,0,0,0,0,0,0,0,0,0,0,0,0,0,0,0,0,0,0,0,0,0,0,0,0,0,0,0,0,0,0,0,0,0,0,0,0,0,0,0,0,0,0,0,0,0,0,0,0,0
0,0,0,0,0,0,0,0,0,0,0,0,0,0,0,0,0,0,0,0,0,0,0,0,0,0,0,0,0,0,0,0,0,0,0,0,0,0,0,0,0,0,0,0,0,0,0,0,0,0,0,0,0,0,0,0,0,0,0,0,0,0,0,0,0,0,0,0,0,0,0,0,0,0,0,0,0,0,0,0,0,0,0,0,0,0,0
32.2731476955944,69.3195972711268,0,71.4380073547363,0,0,0,0,7.73704109598364,62.5856902712867,0,0,0,70.0308227539062,7.86606883349484,69.4978079795837,23.0493401262899,49.8427596861316,40.272985794965,0,0,47.0735233851842,0,41.0919754261873,32.5764484405518,61.6383724919072,15.0067338740572,0,0,0,0,0,0,0,0,0,84.4921188354492,50.5637608846029,0,153.987442016602,0,55.5485847473145,34.0895824432373,60.0167007446289,0,0,155.38166809082,0,0,62.5464740753174,0,0,0,0,0,67.0221214294434,0,0,0,0,10.4266282305998,74.0184894137912,0,0,56.6708526611328,0,40.9606452941895,22.8995972739326,64.613557270595,24.519346339362,0,0,0,0,0,0,0,0,110.872198104858,98.4480852399554,51.0975227355957,76.4801815577916,29.5578332219698,31.868408203125,69.9810293789568,69.3479080200195,0
59.9546580314636,7.52462150208251,0,13.9165788919498,0,0,0,0,67.4013534994686,7.1251056034293,0,0,0,10.4109823703766,65.5102386474609,8.27325551859538,50.7119840440296,22.1619275982181,23.6651087573596,0,0,35.789680480957,0,32.3495287365384,0,20.1997931338847,73.4172897338867,0,0,0,0,0,0,0,0,80.4131088256836,104.998336791992,38.2261228561401,0,0,83.0293273925781,26.198224067688,29.2455682754517,18.4128775389298,0,19.4771145248413,0,0,74.5593872070312,15.9232632319132,0,0,0,0,67.0221214294434,0,0,0,0,0,74.3409042358398,8.35417107363653,0,0,0,0,30.3443674360003,53.1049728393555,17.9000943365273,62.2207043965658,0,0,0,0,0,0,0,0,75.8352355957031,106.330490112305,42.7350867878307,83.6554489135742,23.5576122864237,13.6243443191051,16.739976748367,19.0195744832357,0
0,0,0,0,0,0,0,0,0,0,3.04541444778442,0,0,0,0,0,0,0,55.6251888275146,0,3.78643628276845,0,0,0,0,0,0,0,0,0,0,0,46.471997347745,0,53.3389315885656,0,56.8141827053494,0,0,0,30.7934006473474,0,16.2680538962869,0,0,0,12.3943379013627,38.931925535202,12.0602580706278,0,0,0,0,0,0,0,0,0,0,0,0,0,0,6.23142414934495,0,0,0,0,0,0,0,0,0,5.10235621783792,0,42.7774934768677,0,57.0086992703951,0,45.0968986732372,0,10.2064385414124,46.7409971025255,0,14.1552941309778,0,14.0208753895115
0,0,0,0,0,0,0,0,0,67.2465438842773,0,3.81103904075042,0,0,0,0,0,0,0,4.30614176721174,0,0,0,0,0,0,0,0,0,3.65264010429382,0,47.6919090270996,0,39.2149349212646,0,56.0581588745117,0,16.3187644282977,0,33.6459484100342,0,15.1863322508963,0,0,0,15.88585583596,0,35.9432353973389,0,11.7424848334594,0,0,0,0,0,0,0,0,0,0,0,0,15.9181420454903,0,0,0,0,0,0,0,11.1215901374817,0,4.60902793066842,0,46.5856704711914,0,26.4073198636373,0,50.3384283447266,0,10.605102982372,0,5.23386600438286,0,11.4950964024396,24.0160160064697,0
0,0,0,0,0,0,0,0,0,0,0,0,0,0,0,0,0,0,0,0,0,0,0,0,0,0,0,0,0,0,0,0,0,0,0,0,0,0,0,0,0,0,0,0,0,0,0,0,0,0,0,0,0,0,0,0,0,0,0,0,0,0,0,0,0,0,0,0,0,0,0,0,0,0,0,0,0,0,0,0,0,0,0,0,0,0,0
0,0,0,0,0,0,0,0,0,0,0,0,0,3.30149309006002,0,3.83838539214651,0,0,0,0,0,0,0,0,0,7.78996035908208,0,0,0,0,0,0,0,0,0,0,0,0,0,0,0,0,0,0,0,0,0,0,0,0,0,0,0,0,0,0,0,0,0,0,0,6.95709705352783,0,0,0,0,0,0,7.99850662549337,0,0,0,0,0,0,0,0,0,0,0,0,0,0,0,0,0,0
37.4571709632874,73.2656533377511,0,0,0,0,0,0,6.98357086648812,0,0,0,0,0,3.93249334317935,0,11.8515982547926,44.28580493927,46.9136799706353,0,0,34.5826530456543,0,35.9861820765904,0,67.5793774922689,7.05583760177061,0,0,0,0,0,0,0,0,0,0,40.9006118774414,0,0,0,0,0,0,0,0,0,0,0,68.1093063354492,0,0,0,0,10.4266282305998,74.3409042358398,0,0,0,0,0,94.5180740356445,0,0,0,0,36.4376010894775,23.359884262085,53.9582010904948,7.42711525468782,0,0,0,0,0,0,0,0,0,0,62.1709696451823,0,16.7810919924059,0,49.1507364908854,0,0
75.2801127433777,11.9288003690619,0,28.0521017142705,0,0,0,0,71.9125160943894,7.10998213904983,0,0,0,6.6615260415005,59.2996854782104,4.79406083858453,53.3198405456543,23.7148595579686,34.3628884063908,0,0,30.1574966112773,0,29.8996885418892,0,10.0146222054834,51.2257204055786,0,0,0,0,0,0,0,0,89.3027198791504,95.6578826904297,38.6230059171978,0,80.6158981323242,84.7511342366536,32.7667691514299,68.7683258056641,25.2512094202176,35.9665374755859,28.2109147480556,0,73.7358055114746,73.6137008666992,26.092333646921,0,0,0,0,74.0184894137912,8.35417107363653,0,0,0,6.95709705352783,94.5180740356445,0,0,0,41.291675567627,0,43.7559959888458,0,8.77000404506625,68.637752532959,0,0,0,0,52.9917221069336,109.49732208252,0,0,78.2157602945964,98.2360206604004,37.4106998443604,97.9064505440848,21.7547172881187,8.703882547312,24.5238895307268,26.0462699890137,115.828559875488
0,0,0,0,0,0,0,0,0,0,0,10.9795702284033,0,0,0,0,0,0,75.0822296142578,6.68627024624715,0,0,0,0,0,0,0,0,0,17.4506311416626,0,39.9326424362636,47.9513931274414,49.1832117566875,41.0011444091797,22.230624893277,46.6465110778809,19.2655052867803,0,16.8440399371387,0,13.05366352126,0,0,0,7.02684841373293,0,30.4835338453307,28.1998443603516,24.3286769262707,0,0,0,0,0,0,0,15.9181420454903,0,0,0,0,0,0,0,0,0,0,0,0,0,0,18.6978291683639,0,41.400729826939,0,42.9090800285339,58.5148440769741,13.3889399611717,0,23.8691942806969,0,14.2692291445087,0,13.1943061603101,78.4347076416016,0
0,0,0,0,0,0,0,0,0,0,4.92278120479482,0,0,0,0,0,0,0,0,0,5.15798914797614,0,0,0,0,0,0,0,0,0,0,44.4307880401611,43.2476776898918,47.7981872558594,42.1541625227884,0,38.3685946870357,0,18.8350734710693,0,26.9646828367903,0,12.0818044861298,0,0,0,7.11624928557099,33.7165649202135,18.2002467905499,0,0,0,0,0,0,0,6.23142414934495,0,0,0,0,0,0,0,0,0,0,0,0,0,0,0,0,10.3805116923727,0,41.8062454223633,0,45.5314431306792,0,16.4010995070463,0,11.1963016085236,44.2029750347137,0,6.48192992454028,0,12.7447132363039
46.616584777832,25.6896190643311,0,38.2787704467773,0,0,0,0,0,0,0,0,0,0,0,28.1192359924316,0,42.7851676940918,0,0,0,3.97418718577036,0,0,0,15.6140894889832,0,3.5408249488939,0,0,0,0,0,0,0,0,0,3.00463181963334,0,0,0,0,0,0,0,0,0,0,0,4.59044211251395,0,0,0,0,56.6708526611328,0,0,0,0,0,0,41.291675567627,0,0,0,0,0,0,11.1413726806641,0,4.26270836307889,0,8.81436443328857,0,0,0,0,0,0,0,3.70154146664012,0,9.19943180084229,0,0,0,0
0,0,0,0,0,0,0,0,0,0,0,0,0,0,0,0,0,0,0,0,0,0,4.33268284776324,0,0,0,0,0,0,0,0,0,0,0,0,0,0,0,7.19828345245373,0,0,0,0,0,0,0,0,0,5.89680147171021,0,0,0,0,0,0,0,0,0,0,0,0,0,0,0,0,0,0,5.56748102159582,0,0,0,0,0,0,0,0,0,18.0233554840088,0,0,0,11.7202550803914,5.84312996599409,4.73437623182933,0,0,0
52.1949737548828,35.1185443016791,0,0,0,0,0,0,55.7837851388114,34.7318170720881,0,0,0,0,38.3141078948975,25.8102703094482,43.2090279715402,21.213599983303,47.6825072878883,0,0,12.6271486282349,0,20.0178500505594,0,22.4677968819936,0,0,0,0,0,0,0,0,0,0,0,5.98505175113678,0,0,0,30.3134851455688,0,26.6737096786499,0,0,0,0,0,31.5442920684814,0,0,0,0,40.9606452941895,30.3443674360003,0,0,0,0,36.4376010894775,43.7559959888458,0,0,0,0,0,0,24.6989946961403,57.5573196411133,0,0,0,0,0,0,0,0,72.7596130371094,68.0866622924805,8.01553010940552,109.34196472168,25.7332579195499,0,31.3259702162309,33.0622711181641,0
24.3002738952637,63.9604244232178,0,0,0,0,0,0,23.261119556427,0,0,0,0,0,15.3386535644531,0,8.45665907859802,45.8103618621826,26.5388164520264,0,0,41.0911254882812,5.80517525672913,24.4485759735107,0,0,0,0,0,0,0,0,0,0,0,0,0,29.4818134307861,0,0,0,0,0,0,0,0,0,0,5.1297722392612,0,0,0,0,0,22.8995972739326,53.1049728393555,0,0,0,0,23.359884262085,0,0,0,0,5.56748102159582,0,0,0,0,0,0,0,0,0,0,0,0,0,0,0,0,19.2297546012061,0,37.2068717479706,0,0
