0,0,0.0211541128433031,0,0,0,0,0,0.0483700648066123,0,0,0,0,0,0,0,1.58191942816431e-05,0,0.000875017013128985,0,0,0,0,0,0,0,0,0,0,0,0,0,0,0,0,0,4.21776706268873e-06,0,1.47970309493056e-06,0,0.000173716942560053,7.26944595590296e-05,0.00701062318237616,0,0,0,0.00101989099085489,0.000320587893552855,0.00929025948947202,0,0,0,0,0,0.0730932452005134,0,0,0,0,0,0.0038021053346581,0,0,8.99632176885675e-05,0,0,0,0,0,0,0,2.02890213926944e-05,0,0,0,0,0,0,1.0805058755578e-06,0.000144191596640174,1.71516024338649e-06,2.82891620847467e-06,0.00116717038015397,0,0.00415692761786699,0,5.22413758238371e-05
0,0,0,0.0198154666652273,0,0.000394182792542521,0,0,0,0.0582441865897431,0,0,0,0,0,0.000152764856869227,0,2.06582907622807e-05,0.000380704844367789,0,0,0,0,0,0,0,0,0,0,0,0,0,0,0,0,1.27196309285021e-06,0,0,0,0.000225651430724091,0,0.00935012663267285,0,0,0,0.000955841960951092,0,6.67285899409245e-05,0,0.0261920722665026,0,0.00312865401616937,0,0,0,0.0589441397479219,0,0.000252549664413649,0,0.000196862468278622,0,0.0018253216793366,0,0,0,0,0.000202137472361343,0,4.52830597186065e-05,0,0,0,0,0,0,0,0,0,6.3239697418068e-05,0,0,0,0.000264431504267456,0,0.00444153608759428,4.75557004022808e-05,0
0.0211541128433031,0,0,0,0.0167011661593472,0,0,0,0.0204846300488653,0,0,0,0,0,0,0,0,0,0,0,0,0,0,0,0,0,0,0,0,0,0,0,0,0,0,0,2.75765218358026e-05,0,0,1.30589802801451e-05,0.000283557565086643,6.71608724117439e-06,0.00108853829792965,0,0,5.63972024005964e-05,0.000342807869860576,0.000403862715832994,0.00273037176467268,0,0.0192318271180552,0,0,0,0.0610063528326625,0,0.00601253991780989,0,0.00104963509825896,0,0.00231613955078305,0,0,5.50182484956585e-05,0,0,0,0,0,0,0,0,0,0.00242764435617779,0,0,0,0,1.90368129861667e-06,4.77632734313386e-05,0,1.57718548519708e-05,0.000826332544458506,1.2079366638178e-05,0.0124653267371411,0,0.000330124473663751
0,0.0198154666652273,0,0,0,0.0112906166286566,0,0,0,0.0097190064190187,0,0,0,0,0,0,0,0,5.50044022813538e-06,0,0,0,0,0,0,0,0,0,0,0,0,0,0,0,0,1.2506141798427e-06,0,0,0,0.000368089670089837,0,0.00158635636280899,0,0,0,0.00238000799937303,0,9.87856887763507e-05,0,0.00248996355242375,0,0.0196552210597893,0,0,0,0.0372276164338069,0,0.000814452696967685,0,0.000706368939150741,0,0.00226191136402071,0,0,0,0,0,0,0,0,0,0,0.000532125477075928,0,0,0,0,0,1.98385130812863e-05,0,2.18636693739439e-05,0,0.000495579470781614,5.10485369886737e-06,0.0189930460460607,0.00055905832684162,0
0,0,0.0167011661593472,0,0,0,0.0134081385666031,0,0.0185734039841458,0,0,0,0,0,0.0014031866405834,0,0,0,0,0,0.0147943944170209,0,0,0,0,0,0,0,0,0,0,0,0,0,0,0,0.000559806858995833,0,0,2.32558157974606e-05,0.000398939739062953,0,0.000714715218010635,0,0,0,0.000677425566652665,0.00030457165560945,0.00203644146801173,0,0.0771762992299724,0,0,0,0.0193572925413506,0,0.000415451759909096,0,4.68190442234635e-05,0,0.00553586589658397,0,0,0.000866750970947297,0,0,0,0,0,0,0,0,0,0.000680891383266989,0,0,0,4.35973943371446e-05,4.92583375972359e-06,0.000242160059027809,0,5.24858731497014e-06,0.00504951103555545,0.00044425930717402,0.0119408222792973,0,0
0,0.000394182792542521,0,0.0112906166286566,0,0,0,0.00289125685404768,0,0.0382785940003443,0,0,0,0,0,0.0064017462394084,0,1.77601959403719e-05,0.000110348702941126,0.00629484763117074,0,0,0,0,0,0,0,0,0,0,0,0,0,0,0,0.000243367286032448,0,0,0,0.00022833913883482,0,0.000439226776891319,0,0,0,0.00231052428923318,0,0.000362032340359962,0,0.000308603070224422,0,0.0726244777377579,0,0.0103855254579991,0,0.0284685523521231,0,0.000209123729767787,0,0.000252485510542755,0,0.00160353504766938,0.00980073077688511,0,0,0,0,0,0,0,9.20868940487864e-06,0,0.000504867961910211,0,0,0,0,0,0.000239779715413482,0,4.10362229186652e-05,0,0.00244709311028575,1.39968118921521e-05,0.0139561563266127,8.15537993942225e-05,0
0,0,0,0,0.0134081385666031,0,0,0,0,0,0.000163280285984941,0,0.00010297070548404,0,0,0,0,0,0,0,0,0,0,0,0,0,0,0,0,0,0,0,0,0,0,0,0,0,0,0,0,0,0,0,0,0,0,0,0,0,0.00556520624545856,0,0.0217622132522427,0,0,0,0.000963918443253037,0,0.000109307533421088,0,0,0,0,0,0,0,0,0,0,0,0,0,0,0,0,0,0,0,0,0,0,0,0.000530450757550863,0,0,0,0
0,0,0,0,0,0.00289125685404768,0,0,0,0,0,0.00155173520123439,0,0,0,0,0,0,0,0,0,0,0,0,0,0,0,0,0,0,0,0,0,0,0,0,0,0,0,0,0,0,0,0,0,0,0,0,0,0,0,0.000538458416139698,0,0.0032899735153018,0,0,0,0.000653806778631786,0,0,0,0,4.63546723082457e-05,0,0,0,0,0,0,0,0,0,0,0,0,0,0,0,0,0,0,0,0.000146177948627558,4.60625334489481e-05,0,0,0
0.0483700648066123,0,0.0204846300488653,0,0.0185734039841458,0,0,0,0,0,0,0,0,0,0.0127187217296453,0,0,0,0,0,0,0,0,0,0.0006509409282051,0,0,0,0,0,0,0,0,0,0,1.28021770411021e-06,0,0,0.00165310509681771,0,0,0,7.30129196994111e-05,0,0.000215853270324001,0,5.55997088701899e-05,0,0.00071550479903345,0,0.00131405005114347,0,0,0,0.152557155763253,0,0,0,0,0,0.0196956536879458,0,0,0,0,0,0,0.00081532822663976,0,0,0,0,0,3.42611528965473e-05,0,0,0,0,0,0,0,0.000136555825075716,0.00305647209263175,5.35603513019751e-05,0.0128593768157145,0,0
0,0.0582441865897431,0,0.0097190064190187,0,0.0382785940003443,0,0,0,0,0,0,0,0,0,0.00724013290394368,0.000410797477075909,0.00193218380227887,0.000278569422994685,0,0,0,0,0.00776818083653427,0,0.00122321592786993,0,0,0,0,0,0,0,0,0,0,0,0.00160222487100654,0,0,0,2.75287892830597e-05,0,0,0,4.10498133765658e-05,0,0,0,0.00350451020675728,0,0.0120926978542337,0,0,0,0.0758066836928377,0,0,0,0,0,0.00351318509631399,0,0,0,0,9.37451131480917e-05,0,0.000992148409122919,0,0,0,0,0,0,0,6.92281544044057e-05,0,0,0,1.01530780706452e-05,0,0.00181686680674037,7.24677862684809e-06,0.00753787172582073,0,0
0,0,0,0,0,0,0.000163280285984941,0,0,0,0,0,0.00178638904952719,0,0,0,0,0,0,0,0.0589971424679422,0,0,0,0,0,0,0,0,0,0.00435806806996762,0,0,0,0,0,0.00327789189566081,0,0.0114350238384033,0,0,0,0,0,0,0,2.08924147124777e-05,0,0,0,0,0,0,0,0,0,0.0469885783893653,0,0,0,0,0,0,0.00323009076056032,0,0,0,0,0,0,0,0,0,0.00116505625074781,0,0,0,0,0,0.000131756071740247,0,0.000500277174255518,0.00232794857914934,0,0.00028215332631325,0,0
0,0,0,0,0,0,0,0.00155173520123439,0,0,0,0,0,0.00220610792139442,0,0,0,0,0,0.00906500449968859,0,0,0,0,0,0,0,0,0,0.00442200626129858,0,0,0,0,0,0,0,0.000559841882676851,0,0,0,0,0,0,0,0,0,0,0,0,0,0,0,0.00658827926165176,0,0,0,0.0507830812762812,0,0,0,0,0.00209373359329836,0,0,0,0,0,0,0,3.37307764515597e-05,0,0.00336307914369966,0,0,0,0,0,3.40618389182261e-06,0,0.00218000746152309,0,0.00123990043345385,0,4.4120678342228e-05,0,0
0,0,0,0,0,0,0.00010297070548404,0,0,0,0.00178638904952719,0,0,0,0.000336997951182546,0,0,0,0,0,0,0,0,0,0,0,0,0,0,0,0,0,0,0,0,0,0,0,0,0,0,0,0,0,0,0,0,0,0,0,0,0,0,0,0,0,0,0,0.0232971452267014,0,2.07683476909064e-05,0,0,0,0,0,0,0,0,0,0,3.06447655020747e-05,0,0,0,0,0,0,0,0,0,0,0.000252907682557071,0.000135132166485795,0,0,0
0,0,0,0,0,0,0,0,0,0,0,0.00220610792139442,0,0,0,0.00193303373885796,0,0.000465968862793045,0,0,0,0,0,0,0,4.39830195375253e-05,0,0.000372820301229503,0,0,0,0,0,0,0,0,0,0,0,0,0,0,0,0,0,0,0,0,0,0,0,0,0,0.000386995321561417,0,0,0,0,0,0.0068405460591921,0,0.0002699605669704,0,0,0,0,0,0,0,0,0,0,0,0,0,0,0,0,0,0,0,0,0.000191790118776132,0,0,0,0
0,0,0,0,0.0014031866405834,0,0,0,0.0127187217296453,0,0,0,0.000336997951182546,0,0,0,0.00100111536766091,3.02120474496214e-05,2.34401650435192e-05,0,0,0,0,0,0,0,0.00541582481735888,0,0.000111449240222908,0,0,0,0,0,0,0,0,0,0,0,0,0,0,0,0,0,0,0,0,0,0.000374046138271886,0,0,0,0.00690660250872962,0,0,0,0.00176922937632369,0,0.0142345336042978,0,0,0,0,0,0,0,0,0,0,0,0,0,0,0,0,0,0,0,0,0,3.16027632096258e-05,0,0,0,0
0,0.000152764856869227,0,0,0,0.0064017462394084,0,0,0,0.00724013290394368,0,0,0,0.00193303373885796,0,0,0.000162471913348506,0.00330432236360364,0.000111892035710386,0,0,0,0,0.000187811044702884,0,0.00528159813859713,0,0,0,0,0,0,0,0,0,0,0,0,0,0,0,0,0,0,0,0,0,0,0,0,0,0.00168214561499233,0,0,0,4.56597506643661e-05,0,0,0,0.00436523168516083,0,0.0145478019056579,0,0,0.000148639541649282,0,0,0,0.00573803076893972,0,0,0,0,0,0,0,0,0,0,0,0,0,0.00145054395506032,3.0917381130823e-05,0,0,0
1.58191942816431e-05,0,0,0,0,0,0,0,0,0.000410797477075909,0,0,0,0,0.00100111536766091,0.000162471913348506,0,0.119086208331452,0.0562248371908034,0,0,0.000317238383784663,0.00104489656279104,0.00405683341442144,0.00615934304280008,0.00154737620887205,0.00326501862910709,0,0,0,0,0,0,0,0,3.10008514503625e-05,1.75476950710775e-05,0,2.63026353006398e-06,0.000281726726842892,0.000267633817037013,0.000176504714026531,0.00054987672014491,5.24627801506763e-05,8.8520355859366e-06,0.00023377284501549,0.000361499587566303,0,0,4.85547040904614e-06,0,0,0,0,0,0.000149617887240717,0,0,0,0,0.000455567720411714,0.000153341413366903,1.46100208755614e-05,8.63159710965538e-05,0.000421703137017966,0,0.000305403861885831,0.00115734874105686,0.000152117760873867,0.00313891209742273,0,9.53781832266397e-06,1.61759450198718e-05,7.19675936010189e-05,0,0,0,0,0.000335005037790644,0.000359597768518769,9.66334550318273e-05,0.000163561454089629,0.0189092382494951,0.00210026328476636,0.000786944577520508,0.000128965724369829,0.000232365719817554
0,2.06582907622807e-05,0,0,0,1.77601959403719e-05,0,0,0,0.00193218380227887,0,0,0,0.000465968862793045,3.02120474496214e-05,0.00330432236360364,0.119086208331452,0,0.0497034362664447,0,0,0.00607950423101214,4.12266498670363e-05,0.0188336993712136,0.000551174869827376,0.0329352525427556,8.95123559229675e-06,0.00106029540977614,0,0,0,0,0,0,0,5.25879109218111e-05,1.23495646210778e-05,1.46201767671494e-06,0,0.000822700590457195,0.000209575041428879,0.000424032374962984,0.000487992805973529,7.76484882236594e-05,1.33351488423167e-05,0.000404235552691249,0.000407970874387553,0,0,2.3405595276686e-06,0,0,0,0,8.52266005427356e-06,0.0002031164121528,0,0,0,0,4.87104778139873e-05,0.0018813477247415,9.15442044186874e-06,7.6995515726676e-05,0.00330605862527125,0,0.000483750467338861,0.000146474693363592,0.00678590197099375,0.000137782610665522,0,0,3.4490781551302e-05,4.70515086768618e-05,0,0,0,0,0.000857293408941187,0.000326483405893585,0.000411860394346079,0.000100999933563142,0.0339420093590242,0.00577043320477947,0.00104376138523615,0.000401960891474513,4.42136941453239e-05
0.000875017013128985,0.000380704844367789,0,5.50044022813538e-06,0,0.000110348702941126,0,0,0,0.000278569422994685,0,0,0,0,2.34401650435192e-05,0.000111892035710386,0.0562248371908034,0.0497034362664447,0,0,0,2.02150890824139e-05,3.57839344273831e-06,0.0010752558772418,0.000222559306105036,0.000663259584726294,0,0,0,0,0,0,0,0,0,0.000516170089341909,0.000512663913518798,2.02041094396589e-05,3.25689961472443e-05,0.01822690876857,0.00601393011049019,0.00845281161674718,0.0114508187123536,0.00395504601599295,0.00417121184802174,0.00979191298985905,0.0172597467625315,9.09696778619807e-06,3.61610642215375e-05,9.39482747819785e-05,1.04901448969689e-05,0,0,0,1.35215335363962e-05,0,8.61289686941405e-05,0.000118354853859135,0,0,0,2.52371141644008e-05,0.000423245922296514,0.00350555755779411,0.000167695618036352,0,1.28003153249947e-05,2.7192304249999e-05,0.00017927552979123,0,4.09208832075699e-06,3.05530317967655e-05,0.00122522647236324,0.0033698118525263,0,0,0,0,0.010630616382871,0.0113418652326192,0.0035552533220264,0.0027785980190884,0.00854087781341905,5.39900975951292e-05,0.0216455855275954,0.00615572168518706,0.00443886556075325
0,0,0,0,0,0.00629484763117074,0,0,0,0,0,0.00906500449968859,0,0,0,0,0,0,0,0,0,0,0,0,0,0,0,0,0,0.000101772441463843,0,0,0,0,0,0.00272772384452202,0,0.000168522499998032,0,0,0,0,0,0,0,0.00203527257099471,0,0,0,0,0,0.00111160914330639,0,0,0,0,0,0.000338961471312907,0,0,0,0,0.0578204938121802,0,0,0,0,0,0,0,0,0,0.00180668129999409,0,0,0,0,0,0.00376656312034603,0,0.0013843463081864,0,0.00154320947012791,0,0.000195119505453626,0,0
0,0,0,0,0.0147943944170209,0,0,0,0,0,0.0589971424679422,0,0,0,0,0,0,0,0,0,0,0,0,0,0,0,0,0,0,0,0,0,0,0,0,0,0.0118195966013133,0,0.0014404824040593,0,0,0,0,0,0,0,0.000193418648407234,0,0,0,0.00432889540942309,0,0,0,0,0,0.00140370964114057,0,0,0,0,0,0,0.0597655237752038,0,0,0,0,0,0,0,0,0,0.000445558210537149,0,0,0,0,0,0.00425090793383502,0,0.000595096005406019,0.00102228791475842,2.58629721037584e-06,0.00212308504428499,0,0
0,0,0,0,0,0,0,0,0,0,0,0,0,0,0,0,0.000317238383784663,0.00607950423101214,2.02150890824139e-05,0,0,0,0.000103427819841688,0.000304815030859979,0,0.00361632333730472,0,0.00166683495887027,0,0,0,0,0,0,0,0,0,0.00143546619284604,0,0,0,0,0,0,0,0,0,0,0,0.00397694300023888,0,0,0,0,0,0,0,0,0,0,0,1.35152347657705e-05,0,0,0.0317154022968564,0,3.04351401714995e-05,0,0.000157493283239063,0,6.60709149090144e-05,0,0,0,0,0,0,0,0,0,0.000486817011872193,0,0.00145311738147252,0.000164348786746439,0.000617142194750211,0,0
0,0,0,0,0,0,0,0,0,0,0,0,0,0,0,0,0.00104489656279104,4.12266498670363e-05,3.57839344273831e-06,0,0,0.000103427819841688,0,0,0.00228595973314813,0,0.000868680422605694,0,0.00154529571505001,0,0,0,0,0,0,0,0,0.000129879824275982,0.00192829170449757,0,0,0,0,0,0,0,0,0,0.000721430203333152,0,0,0,0,0,0,0,0,0,0,0,0,0,0,0,0,0.0323674810095084,0,0.000812949662863787,0,1.53203873196617e-05,0,0.00251561938268703,0,0,0,0,0,0,0,0,0,0.00145293751605596,0.000378206275629056,2.22085333954074e-05,0,0,0
0,0,0,0,0,0,0,0,0,0.00776818083653427,0,0,0,0,0,0.000187811044702884,0.00405683341442144,0.0188336993712136,0.0010752558772418,0,0,0.000304815030859979,0,0,0,0.0353005527433334,0,0,0,0,0,0,0,0,0,0,0,0.000213554025965596,0,3.23254081107613e-05,0,0,6.46057004787415e-06,0,0,0,0,0,0,0.00459759326731754,0,0,0,0,0,0.00156330647545441,0,0,0,0,0,7.81814156928173e-05,0,0,0.000805528852925125,0,0.139275065645438,0,0.0130393304560984,0,0,0,0,0,0,0,0,0,1.10089385866868e-05,0,0.00313361386964984,0,0.00246176317892956,4.69721270037835e-06,0.00320385210170926,0.000253705901720799,0
0,0,0,0,0,0,0,0,0.0006509409282051,0,0,0,0,0,0,0,0.00615934304280008,0.000551174869827376,0.000222559306105036,0,0,0,0.00228595973314813,0,0,0,0.0372808560230583,0,0,0,0,0,0,0,0,0,0,0,0.00595529639919485,0,0,0,0,0,0,0,0,0,0.00114998464580395,0,0,0,0,0,0.00610301722376016,0,0,0,0,0,0,0,0,0,0,0.000179941750599152,0,0.0788795851967655,0,0.000116370739351048,0,0,0,0,0,0,0,0,0,0,0,0.00431226457910767,0.00120682061883088,7.40621954813224e-05,0.00134761938789651,0,0
0,0,0,0,0,0,0,0,0,0.00122321592786993,0,0,0,4.39830195375253e-05,0,0.00528159813859713,0.00154737620887205,0.0329352525427556,0.000663259584726294,0,0,0.00361632333730472,0,0.0353005527433334,0,0,0,0.00225251862072232,0,0,0,0,0,0,0,0,0,0,0,3.19764241838508e-05,0,0,0,0,0,0,0,0,0,0.000141501161440996,0,0,0,0,0,0.000473200287373132,0,0,0,0,0,0.00553250008244995,0,0,0.000144253344783159,0,0.0134947556516412,0.000224125166966083,0.0451500248642448,0,0.00023684973744896,0,0,0,0,0,0,0,1.41055501003882e-05,0,0,0,0.00203111277739738,1.35663284151138e-05,0,0,0
0,0,0,0,0,0,0,0,0,0,0,0,0,0,0.00541582481735888,0,0.00326501862910709,8.95123559229675e-06,0,0,0,0,0.000868680422605694,0,0.0372808560230583,0,0,0,0.00772828186595261,0,0,0,0,0,0,0,0,0,0,0,0,0,0,0,0,0,0,0,0,0,0,0,0,0,0,0,0,0,0,0,0.000466182304877119,0,0,0,0,0.000270262745001753,0,0.0112577806984402,0,0.0172217221907558,0,0.00243650207143963,0,0,0,0,0,0,0,0,0,0,0.00016680038142538,0,0,0,0
0,0,0,0,0,0,0,0,0,0,0,0,0,0.000372820301229503,0,0,0,0.00106029540977614,0,0,0,0.00166683495887027,0,0,0,0.00225251862072232,0,0,0,0.000178915214167743,0,0,0,0,0,0,0,0,0,0,0,0,0,0,0,0,0,0,0,0,0,0,0,0,0,0,0,0.000440534798084764,0,0,0,0,4.82443323063136e-05,0,0,0,0,0,5.495013462557e-05,0,0.00819554953732088,0,0.000409677701057042,0,0,0,0,0,0,0,0,0,0.000187034100757407,0,0,0,0
0,0,0,0,0,0,0,0,0,0,0,0,0,0,0.000111449240222908,0,0,0,0,0,0,0,0.00154529571505001,0,0,0,0.00772828186595261,0,0,0,0.0103386839402606,0,0,0,0,0,0,0,1.55979469127487e-05,0,0,0,0,0,0,0,0,0,0,0,0,0,0,0,0,0,0,0,0,0,0,0,0,0,0,0.000176793252830965,0,0,0,0.00176837677064369,0,0.00985309218875629,0,0.00522447667128455,0,0,0,0,0,0,0,0.000157060958845034,0,0,0,0,0
0,0,0,0,0,0,0,0,0,0,0,0.00442200626129858,0,0,0,0,0,0,0,0.000101772441463843,0,0,0,0,0,0,0,0.000178915214167743,0,0,0,0,0,0,0,0,0,0.00179267271573565,0,0,0,0,0,0,0,9.93368587353884e-05,0,0,0,0,0,0,0,0,0,0,0,0.00233355176520029,0,0,0,0,9.05686973269328e-05,0,0,0,0,0,0,0,0.00165428904901888,0,0.0398751628588228,0,0,0,0,0,0,0,0.00121488519255205,0,2.30312638000395e-05,0,0,0,0
0,0,0,0,0,0,0,0,0,0,0.00435806806996762,0,0,0,0,0,0,0,0,0,0,0,0,0,0,0,0,0,0.0103386839402606,0,0,0,0,0,0,0,0,0,0.00711895051183067,0,0,0,0,0,0,0,5.05519409280223e-05,0,0,0,0,0,0,0,0,0,0.00346535978481071,0,0,0,0,0,0,0.00019121501240868,0,0,0,0,0,0,0,0.000409024842860263,0,0.0182399021495205,0,0,0,0,0,0,0,0.00026415002825184,0.000225881488842589,0,0,0,0
0,0,0,0,0,0,0,0,0,0,0,0,0,0,0,0,0,0,0,0,0,0,0,0,0,0,0,0,0,0,0,0,0.00920254518212583,0.00247581993704286,0,0.00665609210904022,0,0,0,0,0,0,0,0,0,0,0,0.0303854756558649,0,0.000110292289059193,0,0,0,0,0,0,0,0,0,0,0,0,0,0,0,0,0,0,0,0,0,0,0,0,0.139068879752862,0.000627038551250814,0.0104451121177114,0,0.00218910426158089,3.61734702877787e-06,0,0,0.00362287245838432,0,0,0,0
0,0,0,0,0,0,0,0,0,0,0,0,0,0,0,0,0,0,0,0,0,0,0,0,0,0,0,0,0,0,0,0.00920254518212583,0,0,0.000101782418576385,0,0.00412339154256521,0,0,0,0,0,0,0,0,0,0,0.0276796940152005,0,0,0,0,0,0,0,0,0,0,0,0,0,0,0,0,0,0,0,0,0,0,0,0,0,0,0.00116229131765702,0.187910488168776,0,0.00383050137606795,0,0.00127950325360761,0,0,0.000872494670971636,0,0,0,0
0,0,0,0,0,0,0,0,0,0,0,0,0,0,0,0,0,0,0,0,0,0,0,0,0,0,0,0,0,0,0,0.00247581993704286,0,0,0.050463906726831,0.0140555862063562,0,0.000617057722040185,8.92913068126482e-06,0,0,0,0,0,0,0,0,0.0691360173124449,4.63812743410322e-05,0.00167793383585697,0,0,0,0,0,0,0,0,0,0,0,0,0,0,0,0,0,0,0,0,0,0,0,0,0.00344094823825847,0,0.102958219909146,0.0409211822656841,0.00252431680266339,0,0.000493752047737386,5.95207503737951e-06,0.00195583253960503,0,0,0,0
0,0,0,0,0,0,0,0,0,0,0,0,0,0,0,0,0,0,0,0,0,0,0,0,0,0,0,0,0,0,0,0,0.000101782418576385,0.050463906726831,0,0,0.00191638999030823,0.000578079751768864,0.000888006267919237,0,0,0,0,0,0,0,0,0.0540315809327662,0.000264627784710256,0.000109018994285209,0,0,0,0,0,0,0,0,0,0,0,0,0,0,0,0,0,0,0,0,0,0,0,0,0,0.00287557236391184,0.00806425002313597,0.0950986250578138,0,0.000791605076037797,0.000161013679692569,0.000648679555000367,0.000533800519201313,0,5.544335551822e-05,0,0
0,1.27196309285021e-06,0,1.2506141798427e-06,0,0.000243367286032448,0,0,1.28021770411021e-06,0,0,0,0,0,0,0,3.10008514503625e-05,5.25879109218111e-05,0.000516170089341909,0.00272772384452202,0,0,0,0,0,0,0,0,0,0,0,0.00665609210904022,0,0.0140555862063562,0,0,0.000715151056667479,0.00484423243678237,0.000197786451510566,0.000126825813896772,4.21742815619035e-06,0.00017080849593987,3.18089678958515e-05,0.000279255366765265,0,0.00183809951839525,1.7617104430709e-05,0.00233761685586063,0,6.46618308639535e-06,0,0,0,0,0,0,0,8.70328642980583e-07,0,0,0,0,0.00223477554663263,1.57158011124522e-06,0,0,0,0,0,0,0,0,2.90894280507342e-05,0,0.00288880235675857,0,0.00113981499099387,0,0.0680648384949504,0.000144454818849202,0.000111227084281023,0,0.0133441795754272,0.000623914052711053,0.00093480091797171,8.99809946072164e-05,2.17191704157785e-06
4.21776706268873e-06,0,2.75765218358026e-05,0,0.000559806858995833,0,0,0,0,0,0.00327789189566081,0,0,0,0,0,1.75476950710775e-05,1.23495646210778e-05,0.000512663913518798,0,0.0118195966013133,0,0,0,0,0,0,0,0,0,0,0,0.00412339154256521,0,0.00191638999030823,0.000715151056667479,0,0,0.012466228391922,1.94256066615619e-05,4.51590459980473e-05,7.00472985527714e-06,0.000296958769995795,0,0.000103449198734701,5.09565233737603e-06,0.00141384310988928,0.00142653066377266,3.95287463556208e-06,0,0.000186038559187642,0,0,0,2.09777006025747e-06,0,0.000252484948171463,0,0,0,0,0,0,0.00545511186553155,0,0,0,0,0,0,0,3.13829291522411e-06,0,5.07109184689596e-05,0,0.000850679194103107,0,0.00070281148708133,0.000163659037361564,0.0668482922679689,9.87692121980322e-07,0.00242697239331947,0.0116785987391022,0.00320679146735717,0.00117130492184261,0,6.02787015334286e-05
0,0,0,0,0,0,0,0,0,0.00160222487100654,0,0.000559841882676851,0,0,0,0,0,1.46201767671494e-06,2.02041094396589e-05,0.000168522499998032,0,0.00143546619284604,0.000129879824275982,0.000213554025965596,0,0,0,0,0,0.00179267271573565,0,0,0,0.000617057722040185,0.000578079751768864,0.00484423243678237,0,0,0.000274352353234767,9.97081287172223e-06,0,1.01264016317949e-06,0,2.0516773685363e-05,0,0.000380756427697571,0,0.00231473537256929,7.57298400874055e-06,0.00975913062783529,0,0,0,0,0,0.00238319257695486,0,0.000292604768875639,0,0,0,0,0.000181857218628193,0,0.00179951391761092,0,0.000223381737632427,0,0,0,0,0,0.000144914543945831,0,0,0,0.000639827579360112,0,0.00192358697745183,0,0.0311094819386808,1.03517259049113e-05,0.00383094076793435,0.000389868074214714,0.00252770614215864,4.6875283992404e-06,0
1.47970309493056e-06,0,0,0,0,0,0,0,0.00165310509681771,0,0.0114350238384033,0,0,0,0,0,2.63026353006398e-06,0,3.25689961472443e-05,0,0.0014404824040593,0,0.00192829170449757,0,0.00595529639919485,0,0,0,1.55979469127487e-05,0,0.00711895051183067,0,0,8.92913068126482e-06,0.000888006267919237,0.000197786451510566,0.012466228391922,0.000274352353234767,0,0,1.77089552345517e-06,1.96885143432012e-05,2.07106880873541e-05,7.32455717590531e-06,1.97180757679528e-05,0,0.000218869055010578,0.00409900057611419,0.00440602495319436,1.025340405511e-05,0,0,0,0,0.000221969259150032,0,0.00155485442204952,0,0,0,0,0,0,0.00255245995621391,0,0.00101454455919217,0,0.00218930449529816,0,0,0,0,0,0.000414012284762456,0,0,0,0,1.14571919995861e-06,0.00670977618535346,5.59954765606108e-06,0.0428340676976287,0.00526889512582494,0.00144495283121622,0.00040982900498675,0,1.61195871789527e-06
0,0.000225651430724091,1.30589802801451e-05,0.000368089670089837,2.32558157974606e-05,0.00022833913883482,0,0,0,0,0,0,0,0,0,0,0.000281726726842892,0.000822700590457195,0.01822690876857,0,0,0,0,3.23254081107613e-05,0,3.19764241838508e-05,0,0,0,0,0,0,0,0,0,0.000126825813896772,1.94256066615619e-05,9.97081287172223e-06,0,0,0.000573709977190124,0.0549184879538826,0.0016374584088051,0.00343794690325553,7.47419167860684e-05,0.0115298018336437,0.00108117888208979,0.000892467904236452,0.000101662637254592,0.0165912909856095,0,4.63509141540603e-05,0,0,0,0.000231291068926734,2.76674280444075e-05,0.000399105063629409,0,7.36836890914889e-06,0,0,0.00189449211085427,0.000553268575593153,0,0,0,0,0,0,0,0,0.00236616119082632,0.000291602182150585,0,0,0,0,0.0079507318373699,0.000378885252387345,0.00134096673329158,5.01344933802714e-05,0.00110875549869702,0,0.0201457690867867,0.0083016180672673,0.000746695193879957
0.000173716942560053,0,0.000283557565086643,0,0.000398939739062953,0,0,0,0,0,0,0,0,0,0,0,0.000267633817037013,0.000209575041428879,0.00601393011049019,0,0,0,0,0,0,0,0,0,0,0,0,0,0,0,0,4.21742815619035e-06,4.51590459980473e-05,0,1.77089552345517e-06,0.000573709977190124,0,0.000313553960031853,0.0288992543943659,6.35983353883883e-05,0.00148993758448736,0.000177562654233483,0.0140591123029914,0.00125834797001746,0.0130069331736387,6.21251373784408e-05,0.000196359559738672,0,0,0,0,0,0.000457376133026397,0,2.82350590986791e-05,0,0,0,0,0.00133049562436805,0,0,0,0,0,0,0,7.22516958996366e-05,0,0.00512073147318248,0,6.52393273254948e-05,0,0,0.000159660190897617,0.00436759292829789,1.77230535262967e-05,0.000916849123625978,0.000168588019288699,0,0.0215167427732384,2.20021145347876e-05,0.00429882809979344
7.26944595590296e-05,0.00935012663267285,6.71608724117439e-06,0.00158635636280899,0,0.000439226776891319,0,0,0,2.75287892830597e-05,0,0,0,0,0,0,0.000176504714026531,0.000424032374962984,0.00845281161674718,0,0,0,0,0,0,0,0,0,0,0,0,0,0,0,0,0.00017080849593987,7.00472985527714e-06,1.01264016317949e-06,1.96885143432012e-05,0.0549184879538826,0.000313553960031853,0,0.00460218882531457,0.00226144654764821,1.14503491341844e-05,0.00609177709607827,0.000656140815818237,0.00474283095040283,0.000264886159232357,0.00937943158024379,0,8.29516818774875e-05,0,0,0,9.55100680640204e-05,4.55952274001822e-06,0.0049913257211565,0,6.31052060027782e-06,0,0,0.00769483338622604,0.000158562551913146,0,0,0,0,0,0,0.000162644517402789,0,0.0256650444239924,0.000202369618024929,0,0,0,0,0.011733702890211,0.000265286737055966,0.00625184943528191,5.82893812403841e-05,0.00328314970460248,0,0.0594689241988001,0.0334051318350845,0.000115098444945689
0.00701062318237616,0,0.00108853829792965,0,0.000714715218010635,0,0,0,7.30129196994111e-05,0,0,0,0,0,0,0,0.00054987672014491,0.000487992805973529,0.0114508187123536,0,0,0,0,6.46057004787415e-06,0,0,0,0,0,0,0,0,0,0,0,3.18089678958515e-05,0.000296958769995795,0,2.07106880873541e-05,0.0016374584088051,0.0288992543943659,0.00460218882531457,0,6.32393145035741e-05,0.000526877184330941,0.000484027462879902,0.0144299363858923,0.0104776886719814,0.00793178302826467,0.000359882641261007,0.000169494285545637,0,0,0,0.000195077171788389,0,0.00658320924418127,4.53122687540518e-06,2.03601787565192e-05,0,0,0,7.4302208785508e-06,0.00771511178269361,0,0,0,0,0,0,0,0.000331887209124332,0.000118750869118031,0.0313276675254831,0,0,0,2.8424833913331e-05,0.000420468016895745,0.0115629834210084,0.000226378168106542,0.00236480996442204,0.00261914694503602,0,0.0642146656840805,0.000640527389561179,0.0263412959067273
0,0,0,0,0,0,0,0,0,0,0,0,0,0,0,0,5.24627801506763e-05,7.76484882236594e-05,0.00395504601599295,0,0,0,0,0,0,0,0,0,0,0,0,0,0,0,0,0.000279255366765265,0,2.0516773685363e-05,7.32455717590531e-06,0.00343794690325553,6.35983353883883e-05,0.00226144654764821,6.32393145035741e-05,0,0,0.00110404777215732,6.07100396647843e-05,0,0,9.41877766506528e-05,0,0,0,0,0,0,0,0.000375460025468973,0,0,0,0,1.34592675804929e-05,3.13675193211368e-05,0,0,0,0,0,0,1.08449405303618e-05,0,0.0108054076151328,1.56392195280696e-05,0,0,0,0,0.00266191177141074,4.02026879484683e-05,0.00352806259209955,3.85682409079276e-06,5.63325147084594e-05,0,0.00369495591060717,0.00404168131978574,0
0,0,0,0,0,0,0,0,0.000215853270324001,0,0,0,0,0,0,0,8.8520355859366e-06,1.33351488423167e-05,0.00417121184802174,0,0,0,0,0,0,0,0,0,0,0,0,0,0,0,0,0,0.000103449198734701,0,1.97180757679528e-05,7.47419167860684e-05,0.00148993758448736,1.14503491341844e-05,0.000526877184330941,0,0,1.9950495765087e-05,0.00145350280802702,0,3.67910876618305e-05,0,0,0,0,0,0,0,0,0,0,0,0,0,0,0.000628745720547943,0,0,0,0,0,0,0,0,0,0.000873518528926585,0,0,0,0,1.14604501250759e-05,0.00169027300078117,0,0.000564744424622733,3.59961509272711e-05,0,0.0020152520239129,0,0.00173994886511288
0,0.000955841960951092,5.63972024005964e-05,0.00238000799937303,0,0.00231052428923318,0,0,0,4.10498133765658e-05,0,0,0,0,0,0,0.00023377284501549,0.000404235552691249,0.00979191298985905,0.00203527257099471,0,0,0,0,0,0,0,0,0,9.93368587353884e-05,0,0,0,0,0,0.00183809951839525,5.09565233737603e-06,0.000380756427697571,0,0.0115298018336437,0.000177562654233483,0.00609177709607827,0.000484027462879902,0.00110404777215732,1.9950495765087e-05,0,0.000246737082759906,0.0010732841373122,1.27199890558481e-05,0.00110850787597067,0,0.000492458618418476,0,0,0,0.000194204506484547,0,0.00147745656586283,0,0,0,0.000187918253309385,0.0261703143354513,2.75833221634471e-05,6.09513717794529e-06,0,0,0,0,0,9.29853398609654e-05,0,0.0143388808924637,2.29110287238338e-05,0,0,0,0,0.0198316226287773,8.91349436344269e-05,0.012565358791434,3.93391125919935e-05,0.000716859660768875,0,0.0257208570885109,0.00125907790423689,8.79673539301916e-05
0.00101989099085489,0,0.000342807869860576,0,0.000677425566652665,0,0,0,5.55997088701899e-05,0,2.08924147124777e-05,0,0,0,0,0,0.000361499587566303,0.000407970874387553,0.0172597467625315,0,0.000193418648407234,0,0,0,0,0,0,0,0,0,5.05519409280223e-05,0,0,0,0,1.7617104430709e-05,0.00141384310988928,0,0.000218869055010578,0.00108117888208979,0.0140591123029914,0.000656140815818237,0.0144299363858923,6.07100396647843e-05,0.00145350280802702,0.000246737082759906,0,0.00033869032205136,0.00186507975266319,1.63902475231428e-05,0.000128549404785677,0,0,0,5.85365046055321e-05,0,0.000342114858068258,0,5.42674661032489e-06,0,0,0,1.98710905425463e-05,0.0245682278007616,0,0,0,0,0,0,0,3.03940148135521e-05,1.23006107685801e-05,0.0087605472688278,0,0,0,0,0.000172156071440588,0.0197008613154533,4.05370091080667e-05,0.0056716886623661,0.000804288470777331,0,0.0267188173613937,0.000147606645330791,0.000952524308206651
0.000320587893552855,6.67285899409245e-05,0.000403862715832994,9.87856887763507e-05,0.00030457165560945,0.000362032340359962,0,0,0,0,0,0,0,0,0,0,0,0,9.09696778619807e-06,0,0,0,0,0,0,0,0,0,0,0,0,0.0303854756558649,0.0276796940152005,0.0691360173124449,0.0540315809327662,0.00233761685586063,0.00142653066377266,0.00231473537256929,0.00409900057611419,0.000892467904236452,0.00125834797001746,0.00474283095040283,0.0104776886719814,0,0,0.0010732841373122,0.00033869032205136,0,0.0803325070950054,0.0697551441488917,0.000153213454235011,0,0,0,6.02396763203987e-05,1.68113865355713e-05,0,2.03222566652329e-05,6.71934686477261e-06,0,0,0,0.000320966426654776,0,0,0,0,0,0,0,0,1.68677425562709e-05,0.000112205534343379,0,0.0555670201631216,0.0285042651989055,0.0970493893926217,0.0827987346332919,0.00626700037760696,0.00861463694735254,0.00418982435412922,0.0104005016900342,0.00629201519342941,0,0.0362423269798332,0.000146197768376681,1.82481943576814e-05
0.00929025948947202,0,0.00273037176467268,0,0.00203644146801173,0,0,0,0.00071550479903345,0,0,0,0,0,0,0,0,0,3.61610642215375e-05,0,0,0,0.000721430203333152,0,0.00114998464580395,0,0,0,0,0,0,0,0,4.63812743410322e-05,0.000264627784710256,0,3.95287463556208e-06,7.57298400874055e-06,0.00440602495319436,0.000101662637254592,0.0130069331736387,0.000264886159232357,0.00793178302826467,0,3.67910876618305e-05,1.27199890558481e-05,0.00186507975266319,0.0803325070950054,0,0.00104727639843712,0.000473310861542646,0,0,0,0.00177552559791982,0,0.00292019140429456,0,0.00167350852339973,0,0.000904127868277276,0,0,0.000368712603004529,0,0.00275131127292081,0,0.000499445875941874,0,0.00175334847895267,0,0.0123085965373008,0,0.00661116756031438,0,4.9100773712105e-05,8.07905444174135e-05,0.00272872623267935,2.60188369138913e-05,0.00403682274925343,8.18680845613556e-05,0.010346899520857,0.00205547405235365,0,0.0299601786254646,0,6.51519957625831e-05
0,0.0261920722665026,0,0.00248996355242375,0,0.000308603070224422,0,0,0,0.00350451020675728,0,0,0,0,0,0,4.85547040904614e-06,2.3405595276686e-06,9.39482747819785e-05,0,0,0.00397694300023888,0,0.00459759326731754,0,0.000141501161440996,0,0,0,0,0,0.000110292289059193,0,0.00167793383585697,0.000109018994285209,6.46618308639535e-06,0,0.00975913062783529,1.025340405511e-05,0.0165912909856095,6.21251373784408e-05,0.00937943158024379,0.000359882641261007,9.41877766506528e-05,0,0.00110850787597067,1.63902475231428e-05,0.0697551441488917,0.00104727639843712,0,0,0.000374319857787857,0,0,0,0.00167587318753592,0,0.00257436092404765,0,0.000561592012440178,0,0.000950494102558496,0.000492713442978279,0,0.00168668923095826,0,0.00800104038005557,0,0.00564971192986991,0,0.0114440991170007,0,0.00137558352238356,2.15146034140568e-05,0.000252842762432849,0,0.000618232596101408,5.67527767471028e-05,0.00119673771434022,6.79805121312203e-06,0.0048972534335196,8.13285141925295e-05,0.0023019107703882,0,0.0202303540822922,0.000732295879164862,5.79158013582781e-05
0,0,0.0192318271180552,0,0.0771762992299724,0,0.00556520624545856,0,0.00131405005114347,0,0,0,0,0,0.000374046138271886,0,0,0,1.04901448969689e-05,0,0.00432889540942309,0,0,0,0,0,0,0,0,0,0,0,0,0,0,0,0.000186038559187642,0,0,0,0.000196359559738672,0,0.000169494285545637,0,0,0,0.000128549404785677,0.000153213454235011,0.000473310861542646,0,0,0,0,0,0.00722277521831329,0,0.00237468890994947,0,0.000263465153418354,0,0.032290555142326,0,0,0.00202710677676564,0,0,0,0,0,0,0,9.73888323673941e-06,0,6.29556403598025e-05,0,0,0,0,2.35995244693952e-06,0.000160889205141437,0,0,0.000479385520585902,0,0.00557411782546777,0,0.000204554879245686
0,0.00312865401616937,0,0.0196552210597893,0,0.0726244777377579,0,0.000538458416139698,0,0.0120926978542337,0,0,0,0,0,0.00168214561499233,0,0,0,0.00111160914330639,0,0,0,0,0,0,0,0,0,0,0,0,0,0,0,0,0,0,0,4.63509141540603e-05,0,8.29516818774875e-05,0,0,0,0.000492458618418476,0,0,0,0.000374319857787857,0,0,0,0.0221972891901447,0,0.00524190202801047,0,0.0034098652755063,0,0.00605217396502661,0,0.0256080526892743,0.00312326214968455,0,0,0,0,0,0,0,0,0,6.78950082713182e-05,0,0,0,0,0,7.54709678820005e-05,0,1.18905421668154e-05,0,0.000392803605358974,0,0.00827928259065745,0,0
0,0,0,0,0,0,0.0217622132522427,0,0,0,0,0,0,0,0,0,0,0,0,0,0,0,0,0,0,0,0,0,0,0,0,0,0,0,0,0,0,0,0,0,0,0,0,0,0,0,0,0,0,0,0,0,0,0,0,0,0,0,0.00371480794013498,0,0,0,0,0,0,0,0,0,0,0,0,0,0,0,0,0,0,0,0,0,0,0,0.00012405549314161,1.38500018961499e-05,0,0,0
0,0,0,0,0,0.0103855254579991,0,0.0032899735153018,0,0,0,0.00658827926165176,0,0.000386995321561417,0,0,0,0,0,0,0,0,0,0,0,0,0,0,0,0,0,0,0,0,0,0,0,0,0,0,0,0,0,0,0,0,0,0,0,0,0,0.0221972891901447,0,0,0,0,0,0.00318910526710428,0,0,0,0,0,0,0,0,0,0,0,0,0,0,0,0,0,0,0,0,0,0,0,0,0,0,0,0,0
0.0730932452005134,0,0.0610063528326625,0,0.0193572925413506,0,0,0,0.152557155763253,0,0,0,0,0,0.00690660250872962,0,0,8.52266005427356e-06,1.35215335363962e-05,0,0,0,0,0,0.00610301722376016,0,0,0,0,0,0,0,0,0,0,0,2.09777006025747e-06,0,0.000221969259150032,0,0,0,0.000195077171788389,0,0,0,5.85365046055321e-05,6.02396763203987e-05,0.00177552559791982,0,0.00722277521831329,0,0,0,0,0,0.00035396643773234,0,0.00014870409976638,0,0.0558683522185293,0,0,0,0,0,0,0.0323133401603985,0,0.000102962091659195,0,0,0,8.93055870304421e-05,0,0,0,0,1.01316069015224e-06,1.92930296918038e-05,0,7.32531357084911e-05,0.000254148772714861,0,0.00529365184769396,0,0
0,0.0589441397479219,0,0.0372276164338069,0,0.0284685523521231,0,0,0,0.0758066836928377,0,0,0,0,0,4.56597506643661e-05,0.000149617887240717,0.0002031164121528,0,0,0,0,0,0.00156330647545441,0,0.000473200287373132,0,0,0,0,0,0,0,0,0,0,0,0.00238319257695486,0,0.000231291068926734,0,9.55100680640204e-05,0,0,0,0.000194204506484547,0,1.68113865355713e-05,0,0.00167587318753592,0,0.00524190202801047,0,0,0,0,0,4.35489953208856e-05,0,0,0,0.0053363892054091,0,0,0,0,0.00120148639658589,0,0,0,0,0,0.000469166394787521,0,0,0,0.000278847810691098,0,1.70746197486627e-06,0,0.000155575087392757,0,0.000100918322924795,0,0.00241916038990045,0,0
0,0,0.00601253991780989,0,0.000415451759909096,0,0.000963918443253037,0,0,0,0.0469885783893653,0,0,0,0,0,0,0,8.61289686941405e-05,0,0.00140370964114057,0,0,0,0,0,0,0,0,0,0.00346535978481071,0,0,0,0,0,0.000252484948171463,0,0.00155485442204952,2.76674280444075e-05,0.000457376133026397,4.55952274001822e-06,0.00658320924418127,0,0,0,0.000342114858068258,0,0.00292019140429456,0,0.00237468890994947,0,0,0,0.00035396643773234,0,0,0,0.0104504115664114,0,0.00117552870873091,0,0,0.0356663093931388,0,0,0,0,0,0,0,0.00758168015149241,0,0.0494971814401277,0,0,0,0,1.80841250730333e-06,0.000244420416642447,0,0.000291462640630002,0.000268720334657871,0,0.0230731030151747,0,0.00105444140163283
0,0.000252549664413649,0,0.000814452696967685,0,0.000209123729767787,0,0.000653806778631786,0,0,0,0.0507830812762812,0,0,0,0,0,0,0.000118354853859135,0.000338961471312907,0,0,0,0,0,0,0,0.000440534798084764,0,0.00233355176520029,0,0,0,0,0,8.70328642980583e-07,0,0.000292604768875639,0,0.000399105063629409,0,0.0049913257211565,4.53122687540518e-06,0.000375460025468973,0,0.00147745656586283,0,2.03222566652329e-05,0,0.00257436092404765,0,0.0034098652755063,0,0.00318910526710428,0,4.35489953208856e-05,0,0,0,0.0403558978892145,0,0.000840292808172142,0.0442063077355234,0,0,0,0,0,0,0,0.0270837873116928,0,0.0300138061851787,0,0,0,0,0,7.88734613741277e-05,2.33370602469756e-06,0.00178581959163303,0,0.000445893962612887,0,0.0130920926198519,0.00190492118024149,0
0,0,0.00104963509825896,0,4.68190442234635e-05,0,0.000109307533421088,0,0,0,0,0,0.0232971452267014,0,0.00176922937632369,0,0,0,0,0,0,0,0,0,0,0,0,0,0,0,0,0,0,0,0,0,0,0,0,0,2.82350590986791e-05,0,2.03601787565192e-05,0,0,0,5.42674661032489e-06,6.71934686477261e-06,0.00167350852339973,0,0.000263465153418354,0,0.00371480794013498,0,0.00014870409976638,0,0.0104504115664114,0,0,0,0.0187415351712546,0,0,0,0,0,0,0,0,0,0,0.00382090832135349,0,3.64073204823438e-05,0,0,0,0,1.03075445972203e-06,0,0,0,0.000133482115689109,0,0.000135402706690378,0,0
0,0.000196862468278622,0,0.000706368939150741,0,0.000252485510542755,0,0,0,0,0,0,0,0.0068405460591921,0,0.00436523168516083,0,0,0,0,0,0,0,0,0,0,0,0,0,0,0,0,0,0,0,0,0,0,0,7.36836890914889e-06,0,6.31052060027782e-06,0,0,0,0,0,0,0,0.000561592012440178,0,0.00605217396502661,0,0,0,0,0,0.0403558978892145,0,0,0,0.00184988658348598,0.00116356286373898,0,0,0,0,0,0,0,0.00161674387187624,0,0,0,0,0,0,0,7.42058102012785e-06,0,0,0,1.25313389776735e-05,0,0.000395587220224343,0,0
0.0038021053346581,0,0.00231613955078305,0,0.00553586589658397,0,0,0,0.0196956536879458,0,0,0,2.07683476909064e-05,0,0.0142345336042978,0,0.000455567720411714,4.87104778139873e-05,0,0,0,0,0,0,0,0,0.000466182304877119,0,0,0,0,0,0,0,0,0,0,0,0,0,0,0,0,0,0,0,0,0,0.000904127868277276,0,0.032290555142326,0,0,0,0.0558683522185293,0,0.00117552870873091,0,0.0187415351712546,0,0,0,0,0,0,0,0,0,0,0.00298730278699657,0,0,0,4.5350229540985e-05,0,0,0,0,0,0,0,0,0.000105136472458597,0,0,0,0
0,0.0018253216793366,0,0.00226191136402071,0,0.00160353504766938,0,0,0,0.00351318509631399,0,0,0,0.0002699605669704,0,0.0145478019056579,0.000153341413366903,0.0018813477247415,2.52371141644008e-05,0,0,1.35152347657705e-05,0,7.81814156928173e-05,0,0.00553250008244995,0,0,0,0,0,0,0,0,0,0,0,0,0,0,0,0,0,0,0,0.000187918253309385,0,0,0,0.000950494102558496,0,0.0256080526892743,0,0,0,0.0053363892054091,0,0.000840292808172142,0,0.00184988658348598,0,0,0,0,0.000144571553153852,0,0,0,0.00728192875798627,0,0,0,2.49538904122028e-05,0,0,0,0,0,0,0,0,0,0.000169554649726875,8.9882322068284e-06,0.000196260024026327,0,0
0,0,0,0,0,0.00980073077688511,0,4.63546723082457e-05,0,0,0,0.00209373359329836,0,0,0,0,1.46100208755614e-05,9.15442044186874e-06,0.000423245922296514,0.0578204938121802,0,0,0,0,0,0,0,4.82443323063136e-05,0,9.05686973269328e-05,0,0,0,0,0,0.00223477554663263,0,0.000181857218628193,0,0.00189449211085427,0,0.00769483338622604,7.4302208785508e-06,1.34592675804929e-05,0,0.0261703143354513,1.98710905425463e-05,0.000320966426654776,0,0.000492713442978279,0,0.00312326214968455,0,0,0,0,0,0.0442063077355234,0,0.00116356286373898,0,0,0,0,0,0,0,0,0,0,0.0027350261918677,0,0.0174066728109487,0,0,0,0,0,0.0266495511109403,3.61392537886884e-06,0.00796123729715209,0,0.000434393538693659,0,0.0180474768242182,0.000693516293310546,0
8.99632176885675e-05,0,5.50182484956585e-05,0,0.000866750970947297,0,0,0,0,0,0.00323009076056032,0,0,0,0,0,8.63159710965538e-05,7.6995515726676e-05,0.00350555755779411,0,0.0597655237752038,0,0,0,0,0,0,0,0,0,0.00019121501240868,0,0,0,0,1.57158011124522e-06,0.00545511186553155,0,0.00255245995621391,0.000553268575593153,0.00133049562436805,0.000158562551913146,0.00771511178269361,3.13675193211368e-05,0.000628745720547943,2.75833221634471e-05,0.0245682278007616,0,0.000368712603004529,0,0.00202710677676564,0,0,0,0,0,0.0356663093931388,0,0,0,0,0,0,0,0,0,0,0,0,0,0,0.000488754130632138,3.89013139920357e-05,0.0277314261732093,0,0,0,0,8.14641446194448e-05,0.0219393422116501,3.1159894449126e-06,0.00496994350269061,0.000292104978731195,0,0.0236052756391545,2.41391439478487e-05,0.00060317708564765
0,0,0,0,0,0,0,0,0,0,0,0,0,0,0,0.000148639541649282,0.000421703137017966,0.00330605862527125,0.000167695618036352,0,0,0.0317154022968564,0,0.000805528852925125,0,0.000144253344783159,0,0,0,0,0,0,0,0,0,0,0,0.00179951391761092,0,0,0,0,0,0,0,6.09513717794529e-06,0,0,0,0.00168668923095826,0,0,0,0,0,0,0,0,0,0,0,0.000144571553153852,0,0,0,0,0.000932839720750108,0,0.000358407615930675,0,0.00156622498231535,0,0,0,0,0,0,0,0,0,0.0013622822419318,0,0.000232134674001748,0,3.17626973383236e-05,0,0
0,0,0,0,0,0,0,0,0,0,0,0,0,0,0,0,0,0,0,0,0,0,0.0323674810095084,0,0.000179941750599152,0,0.000270262745001753,0,0.000176793252830965,0,0,0,0,0,0,0,0,0,0.00101454455919217,0,0,0,0,0,0,0,0,0,0.00275131127292081,0,0,0,0,0,0,0,0,0,0,0,0,0,0,0,0,0,0,0.00109005100715279,0,0.00294952990495893,0,0.00107675159812743,0,0,0,0,0,0,0,0,0,0.00456981431255272,1.7274450239837e-05,0,0,0,0
