0,0,7.29891956011454,84.6686172485352,0,0,0,0,4.40492112368823,30.8645172119141,0,0,0,0,0,0,42.0045787266323,42.0992317199707,26.4258208274841,0,0,0,0,0,0,0,0,0,0,0,0,0,0,0,0,0,0,0,0,0,0,0,19.0386709861266,0,0,0,23.6153240203857,32.0755710601807,6.28949835542905,0,9.92434597015381,0,0,0,5.64020130369398,0,0,0,0,0,0,0,0,0,0,0,0,0,0,0,0,0,0,0,0,0,0,0,113.293888092041,61.0184803009033,0,0,10.7137104317466,96.3554763793945,9.48911130294971,0,0
0,0,0,5.97411501857744,0,9.98961506859731,0,0,0,5.96199569525542,0,0,0,0,0,0,46.6743049621582,25.1173835754395,9.93510727448897,0,0,0,0,0,0,0,0,0,0,0,0,0,0,0,0,0,0,0,0,46.2669982910156,48.4548072814941,5.81314051151276,42.4149742126465,0,0,15.9257843711159,40.4470558166504,0,0,6.21490439815798,0,0,0,0,0,6.65393768613784,0,0,0,0,0,5.40785098121983,81.8830795288086,0,0,0,4.91371982237872,0,0,0,0,0,0,0,0,0,0,0,40.9129847013033,0,0,0,6.88834498463006,0,5.07116126234783,3.73661475522178,0
7.29891956011454,0,0,0,7.78521882573831,0,0,0,6.35587738819842,0,0,0,0,0,0,0,0,0,22.2575616836548,0,0,0,0,0,0,0,0,0,0,0,0,0,0,0,0,0,39.6083831787109,0,30.9919586181641,0,48.0301380157471,0,34.0208415842768,0,17.3714603424072,0,21.4662028312683,50.0978698730469,36.2955772763207,0,5.7292267867094,0,0,0,7.94525268172274,0,25.9551486968994,0,6.3250470161438,0,0,0,0,41.1371002197266,0,0,0,0,0,0,0,0,0,29.3064675442008,0,0,0,0,59.6883525848389,39.6461055980009,0,34.5190774372646,7.12931862994783,6.33663274844487,12.5687907345295,0,18.1367664337158
84.6686172485352,5.97411501857744,0,0,0,6.39980808326176,0,0,0,11.1653865953286,0,0,0,0,0,0,0,26.902099609375,0,0,0,0,0,0,0,0,0,0,0,0,0,0,0,0,0,32.3041763305664,0,31.9811820983887,0,42.8080797195435,61.2305870056152,33.2014135360718,58.7859840393066,0,0,11.7226347273046,0,56.5539627075195,0,10.2481651321436,0,5.15110815895928,0,0,0,8.84808653593063,0,6.05978094242715,0,0,0,3.32521874564035,5.69867525859313,0,0,0,0,0,0,0,0,0,29.7343130111694,0,0,0,0,0,61.0345764160156,0,46.0987342834473,0,17.5135073733187,4.4813313300793,11.0510259428418,28.1675872802734,0
0,0,7.78521882573831,0,0,0,2.95256876468658,0,3.06701673310378,0,0,0,0,0,0,0,0,0,40.950496673584,0,5.68010003716303,0,0,0,0,0,0,0,0,0,0,0,0,0,0,0,34.5314833248363,0,0,0,36.9226972579956,50.626106262207,45.3409334279723,0,25.6515293121338,0,21.7551665917421,52.3110607147217,46.1880268096924,45.8034791946411,3.98171565532684,0,0,0,0,0,36.7677993774414,0,0,0,3.38373780250549,0,0,9.45744701685659,0,0,0,0,0,0,0,0,0,42.1843013763428,0,0,0,0,0,23.3634168825651,0,72.8629035949707,9.31278024879662,2.73836374282837,14.1852555376382,0,87.0726928710938
0,9.98961506859731,0,6.39980808326176,0,0,0,0,0,3.83860588171044,0,0,0,2.9616334438324,0,0,0,0,61.4262154897054,5.92218112945557,0,0,0,0,0,0,0,0,0,0,0,0,0,0,0,29.3861637489468,0,0,0,40.7648466911869,65.487548828125,44.5149010744962,0,0,0,18.8845591859997,62.2581558227539,52.8224752710221,0,45.6282295943624,0,4.38060330920749,0,3.38520693778992,0,3.17696022987366,0,33.2041028340658,0,3.69831417288099,0,0,11.5959654374614,0,0,0,0,0,0,0,0,0,35.7276611328125,0,0,0,0,0,23.9413319129448,84.3498458862305,68.8084239959717,137.45149230957,4.77404313989588,10.363073348999,20.6784546573677,47.183162689209,0
0,0,0,0,2.95256876468658,0,0,0,0,0,3.3311992005298,0,0,0,0,0,0,0,0,0,0,0,0,0,0,0,0,0,0,0,0,0,0,0,0,0,0,0,0,0,0,0,0,0,0,0,0,0,0,0,2.85184831278665,0,3.78181628358775,0,0,0,3.73447010040283,0,0,0,0,0,0,0,0,0,0,0,0,0,0,0,0,0,0,0,0,0,0,0,0,0,0,0,0,0,0
0,0,0,0,0,0,0,0,0,0,0,3.06031688054403,0,0,0,0,0,0,0,2.85016715526581,0,0,0,0,0,0,0,0,0,0,0,0,0,0,0,0,0,0,0,0,0,0,0,0,0,0,0,0,0,0,0,0,0,3.16320181233542,0,0,0,0,0,0,0,0,0,0,0,0,0,0,0,0,0,0,0,0,0,0,0,0,0,0,0,0,2.81632463137309,0,0,0,0
4.40492112368823,0,6.35587738819842,0,3.06701673310378,0,0,0,0,49.747184753418,0,0,0,0,3.29012820266542,0,16.1123083121535,48.2300124535194,16.2008933437114,0,0,0,0,0,4.21661748103241,0,5.13921225772184,0,0,0,0,0,0,0,0,38.7062072753906,0,0,6.15269647124251,0,68.9250869750977,0,10.1646443138952,0,0,0,23.1381742858887,32.3517608642578,21.2590183417002,0,0,0,0,0,6.09374212731084,45.9326400756836,0,0,0,0,3.05936992168427,0,0,0,0,0,0,3.52504253884157,0,3.30376060803731,0,0,0,0,0,0,0,0,0,97.097713470459,0,7.94891251994006,6.95405725836171,7.83389840126038,14.9272183780595,0,6.58560575757708
30.8645172119141,5.96199569525542,0,11.1653865953286,0,3.83860588171044,0,0,49.747184753418,0,0,0,0,0,52.5187034606934,6.29803453670459,38.1776155630747,20.2332827462993,23.3233432031447,0,0,0,0,5.38995974035148,0,17.8619401568458,63.2432136535645,0,0,0,0,0,0,0,0,0,0,7.21459890417912,0,51.1922302246094,52.9438836233956,4.26875879013375,52.4824237823486,0,0,40.5499992370605,38.6973102793974,0,0,12.3100988690446,0,0,0,0,0,7.08239959976048,0,0,0,0,0,11.0278926899559,50.593433380127,59.2963898976644,0,0,4.38311498363813,0,9.21481357921254,0,0,0,0,0,0,0,0,0,57.9761006832123,58.7194326341767,14.3197044935383,74.0939647129604,11.82812155904,11.3945619784869,9.49871964617209,46.7708797454834,0
0,0,0,0,0,0,3.3311992005298,0,0,0,0,0,3.34070317961953,0,0,0,0,0,0,0,3.06410659849644,0,0,0,0,0,0,0,0,0,3.98164068931362,0,0,0,0,0,3.47998768964391,0,3.94132770601457,0,0,0,0,0,0,0,0,0,0,0,0,0,4.98877395045373,0,0,0,6.04580379657991,0,3.8838992357254,0,0,0,0,2.98081900996547,0,0,0,0,0,0,0,5.10507412410918,0,4.65936785538991,0,0,0,0,0,3.02405400652634,0,0,3.4851551188363,0,4.19653037190437,0,0
0,0,0,0,0,0,0,3.06031688054403,0,0,0,0,0,2.98251407941182,0,0,0,0,47.5290069580078,3.37896590766969,0,0,0,0,0,0,0,0,0,4.32148933814744,0,0,0,0,0,0,0,3.92713716811927,0,45.219190120697,0,41.2121292750041,0,0,0,22.3447778964865,0,51.3090375264486,0,43.0679221683078,0,0,0,3.59229199091593,0,0,0,4.9163427417214,0,3.30280478795369,0,0,7.87945277061103,0,0,0,0,0,0,0,0,0,7.2523291905721,0,0,0,0,0,8.57898817062378,75.7991180419922,4.79027091046815,0,4.2796027759711,0,21.8330470614963,0,0
0,0,0,0,0,0,0,0,0,0,3.34070317961953,0,0,0,0,0,0,0,0,0,0,0,0,0,0,0,0,0,0,0,0,0,0,0,0,0,0,0,0,0,0,0,0,0,0,0,0,0,0,0,0,0,0,0,0,0,3.25381132005488,0,3.43102577880577,0,0,0,0,0,0,0,0,0,0,0,0,2.88175582885742,0,0,0,0,0,0,0,0,0,0,0,0,0,0,0
0,0,0,0,0,2.9616334438324,0,0,0,0,0,2.98251407941182,0,0,0,3.2615548113118,0,3.79054141044617,0,0,0,0,0,0,0,4.95460211603265,0,3.82896802160475,0,0,0,0,0,0,0,0,0,0,0,0,0,0,0,0,0,0,0,0,0,0,0,0,0,0,0,0,0,3.57163937568665,0,3.35955871166067,0,5.00811783472697,0,0,0,0,0,0,5.4133863846461,0,0,0,0,0,0,0,0,0,0,0,0,0,3.32055583927366,4.84920129409203,0,0,0
0,0,0,0,0,0,0,0,3.29012820266542,52.5187034606934,0,0,0,0,0,0,20.1814210891724,43.8588409423828,19.4176387786865,0,0,0,0,0,8.45464897155762,0,9.07547144456343,0,0,0,0,0,0,0,0,0,0,0,0,0,0,0,0,0,0,0,0,0,0,0,0,0,0,0,4.53890596117292,0,0,0,5.57705677747726,0,3.66854616006215,0,0,0,0,0,0,3.93966897328695,0,0,0,0,0,0,0,0,0,0,0,77.0554275512695,0,0,3.05889046192169,0,0,0,0
0,0,0,0,0,0,0,0,0,6.29803453670459,0,0,0,3.2615548113118,0,0,51.8873718486113,14.7902485589099,34.2060473305838,0,0,0,0,0,0,16.3758932281943,0,3.9938223361969,0,0,0,0,0,0,0,0,0,0,0,0,0,0,0,0,0,0,0,0,0,0,0,0,0,0,0,4.45533025841559,0,0,0,3.23847535940317,0,4.52094170853898,0,0,0,0,0,0,3.42747300379985,0,0,0,0,0,0,0,0,0,0,0,0,0,13.7227803551067,10.8940927006982,0,0,0
42.0045787266323,46.6743049621582,0,0,0,0,0,0,16.1123083121535,38.1776155630747,0,0,0,0,20.1814210891724,51.8873718486113,0,28.4243457553941,19.1902237054121,0,0,0,3.97932689953474,37.7352228164673,4.13276981424402,42.0649478575763,7.19552628264939,0,0,0,0,0,0,0,0,0,0,0,0,74.0228395734514,63.8155566831178,76.8678386394794,53.5046780164852,51.0011100769043,48.0325444539388,74.7641267042894,55.3427942677548,0,74.9393005371094,104.90958404541,0,0,0,0,0,45.9109679806617,75.8010177612305,76.5442570277623,0,0,0,37.5434341430664,86.5745779338636,75.2483236204903,0,4.51981693211168,0,0,46.2384643554688,5.17993654331691,0,0,89.9360504150391,61.1956039428711,0,0,0,0,80.9280078764885,74.242486425193,83.5861881940793,70.1134557623612,16.0550431941292,7.98579658108735,58.505235846226,70.5071137746175,51.2654357207449
42.0992317199707,25.1173835754395,0,26.902099609375,0,0,0,0,48.2300124535194,20.2332827462993,0,0,0,3.79054141044617,43.8588409423828,14.7902485589099,28.4243457553941,0,20.2215116298144,0,0,4.3243924052748,0,8.39198037642467,16.8294372558594,11.6350931930799,31.3122885567801,4.95104742050171,0,0,0,0,0,0,0,0,0,0,0,61.8267380033221,66.3684869732773,51.7859770936786,65.8268039890977,42.4313837687174,39.0053520202637,53.54723616706,59.2496571424531,68.8801294962565,91.3940124511719,67.8296839396159,0,0,0,0,0,21.9707384284662,0,62.086765382348,0,0,0,13.8766543615114,69.7973104559857,79.2846778869629,0,0,12.1105426549911,0,9.82514957527616,30.1679623921712,0,0,61.7931758335658,67.7870845794678,0,0,0,0,68.8232815036666,76.2089786054025,60.9107799655513,77.1508488322413,16.437339230172,9.04523294425725,56.8178834454767,42.1689050527719,62.4152693497507
26.4258208274841,9.93510727448897,22.2575616836548,0,40.950496673584,61.4262154897054,0,0,16.2008933437114,23.3233432031447,0,47.5290069580078,0,0,19.4176387786865,34.2060473305838,19.1902237054121,20.2215116298144,0,0,0,0,0,34.872670173645,2.95151662826538,52.9255352020264,21.1086444854736,0,0,0,0,0,0,0,0,38.7937164306641,78.1573905944824,0,52.9598808288574,44.3571943330577,45.9548157179706,34.9558661127687,32.7938478115765,16.3302941566859,42.2838150024414,34.9971746900807,34.9325308648023,48.2584630526029,45.4132106178685,48.2843575769541,0,0,0,0,7.67965698242188,30.243530105142,53.4565696716309,44.5426848115977,0,0,0,0,55.3765477680025,55.7730582094071,0,0,0,0,39.4423789978027,0,0,0,44.5301206144568,37.4236791822645,0,0,0,0,50.2160424371265,49.1303323468436,44.1978874687387,43.6477728620933,18.9957259967274,18.6387730321577,35.3785347877154,28.2613129800963,30.4378142957334
0,0,0,0,0,5.92218112945557,0,2.85016715526581,0,0,0,3.37896590766969,0,0,0,0,0,0,0,0,0,0,0,0,0,0,0,0,0,0,0,0,0,0,0,4.86204957099763,0,3.23335111722714,0,40.8705272674561,0,40.9272985458374,0,0,0,17.8503325034161,0,51.256721496582,0,41.3752628564835,0,0,0,0,0,0,0,6.9950411823607,0,0,0,0,7.65409131314157,0,0,0,0,0,0,0,0,0,12.9143106460571,0,0,0,0,0,8.69112286858234,130.397689819336,5.22467916022797,0,4.04218827682593,5.19105453491211,18.5093173885345,82.1960144042969,0
0,0,0,0,5.68010003716303,0,0,0,0,0,3.06410659849644,0,0,0,0,0,0,0,0,0,0,0,0,0,0,0,0,0,0,0,0,0,0,0,0,0,3.8320288468207,0,4.63398651992325,0,54.7265129089355,0,47.1155729293823,0,0,0,16.1387192812833,0,47.2544357993386,45.380916595459,0,0,0,0,0,0,0,0,0,0,0,0,0,4.27257930282456,0,0,0,0,0,0,0,0,0,8.1926383972168,0,0,0,0,0,4.66657856646038,0,8.2363452861409,9.72509320673904,0,13.3686768073662,0,0
0,0,0,0,0,0,0,0,0,0,0,0,0,0,0,0,0,4.3243924052748,0,0,0,0,4.17146875292568,6.01508787883225,0,3.01255249977112,0,2.74962282180786,0,0,0,0,0,0,0,0,0,4.68894174396992,0,0,0,0,0,0,0,0,0,0,0,8.48071566871975,0,0,0,0,0,0,0,0,0,0,0,0,0,0,5.24133168524031,3.83997045863758,4.40299582712859,0,4.32618037678979,0,0,0,0,0,0,0,0,0,0,0,10.4985807085298,0,4.16577965759096,4.62809846706879,0,0,0
0,0,0,0,0,0,0,0,0,0,0,0,0,0,0,0,3.97932689953474,0,0,0,0,4.17146875292568,0,0,5.33155729793959,0,3.57409334182739,0,3.9527876944769,0,0,0,0,0,0,0,0,0,5.30374480637026,0,0,0,0,0,0,0,0,17.7686700820923,9.26736584202997,0,0,0,0,0,0,0,0,0,0,0,0,0,0,0,3.0684312582016,6.15341208303297,0,3.36636902093887,0,3.4910444021225,0,8.56610453274785,0,0,0,0,0,0,0,0,0,7.20147396030993,4.38545033016375,4.97343963714101,16.8561639785767,0,0
0,0,0,0,0,0,0,0,0,5.38995974035148,0,0,0,0,0,0,37.7352228164673,8.39198037642467,34.872670173645,0,0,6.01508787883225,0,0,0,4.15366316959262,0,0,0,0,0,0,0,0,0,0,0,4.39754146688125,0,0,0,0,0,0,0,0,0,0,0,4.09142896107265,0,0,0,0,0,3.63644666855152,0,0,0,0,0,0,0,0,4.40799808285453,0,3.75246397243457,0,4.33432189623515,0,0,0,0,0,0,0,0,0,92.8914947509766,0,8.47501962858698,0,5.62693100600016,32.2531299591064,8.21448802451293,0,0
0,0,0,0,0,0,0,0,4.21661748103241,0,0,0,0,0,8.45464897155762,0,4.13276981424402,16.8294372558594,2.95151662826538,0,0,0,5.33155729793959,0,0,0,3.74105305491753,0,0,0,0,0,0,0,0,0,0,0,4.16405298741035,0,0,0,0,0,0,0,0,0,0,0,0,0,0,0,4.5277365064621,0,0,0,0,0,0,0,0,0,0,3.72457312042564,0,4.07239167273045,0,3.96010433710538,0,0,0,0,0,0,0,0,0,0,0,7.54112594604492,3.85111891220112,0,3.91344990730286,0,0
0,0,0,0,0,0,0,0,0,17.8619401568458,0,0,0,4.95460211603265,0,16.3758932281943,42.0649478575763,11.6350931930799,52.9255352020264,0,0,3.01255249977112,0,4.15366316959262,0,0,0,3.59386036707007,0,0,0,0,0,0,0,0,0,0,0,0,0,49.2959175109863,0,0,0,0,0,0,0,0,0,0,0,0,0,9.13719825311141,0,0,0,0,0,17.8893388748169,0,0,0,0,0,0,4.15833200019634,0,0,0,0,0,0,0,0,0,82.3809623718262,0,0,0,13.212083627906,10.9642713453088,0,0,0
0,0,0,0,0,0,0,0,5.13921225772184,63.2432136535645,0,0,0,0,9.07547144456343,0,7.19552628264939,31.3122885567801,21.1086444854736,0,0,0,3.57409334182739,0,3.74105305491753,0,0,0,4.52686094536501,0,0,0,0,0,0,0,0,0,0,0,0,0,0,0,0,0,0,0,0,0,0,0,0,0,4.23663019522643,0,0,0,0,0,0,0,0,0,0,3.47577651057925,0,4.32396444907555,0,4.85556022553217,0,6.897952764265,0,0,0,0,0,0,0,0,0,0,8.49687443304499,61.5140037536621,0,0,0
0,0,0,0,0,0,0,0,0,0,0,0,0,3.82896802160475,0,3.9938223361969,0,4.95104742050171,0,0,0,2.74962282180786,0,0,0,3.59386036707007,0,0,0,3.38297897577286,0,0,0,0,0,0,0,3.02439224720001,0,0,0,0,0,0,0,0,0,0,0,0,0,0,0,0,0,0,0,0,0,2.95810508728027,0,0,0,0,3.58750909566879,0,0,0,4.5040801855234,0,4.22378013541924,0,0,0,0,0,0,0,0,0,3.58605885072188,0,2.89093462626139,8.41091156005859,0,0,0
0,0,0,0,0,0,0,0,0,0,0,0,0,0,0,0,0,0,0,0,0,0,3.9527876944769,0,0,0,4.52686094536501,0,0,0,2.87567078439813,0,0,0,0,0,0,0,2.91428925991058,0,0,0,0,0,0,0,0,0,0,0,0,0,0,0,0,0,0,0,5.95525443802277,0,0,0,0,0,0,3.15554979890585,0,0,0,4.652570048968,0,3.9026916271601,0,0,0,0,0,0,0,0,0,2.89967733621597,4.11258073510795,2.74645435810089,0,0,0
0,0,0,0,0,0,0,0,0,0,0,4.32148933814744,0,0,0,0,0,0,0,0,0,0,0,0,0,0,0,3.38297897577286,0,0,0,0,0,0,0,0,0,4.1156017780304,0,0,0,0,0,0,0,0,0,0,0,0,0,0,0,0,0,0,0,4.43993481000264,0,0,0,0,0,0,0,0,0,0,0,0,0,0,6.31804728876684,0,0,0,0,0,0,0,4.4477829740505,0,2.74217128753662,0,0,0,0
0,0,0,0,0,0,0,0,0,0,3.98164068931362,0,0,0,0,0,0,0,0,0,0,0,0,0,0,0,0,0,2.87567078439813,0,0,0,0,0,0,0,0,0,3.84338686025068,0,0,0,0,0,0,0,0,0,0,0,0,0,0,0,0,0,4.5137674914466,0,0,0,0,0,0,0,0,0,0,0,0,0,0,6.39925878475874,0,4.01552461258701,0,0,0,0,0,0,0,4.64815788848378,3.3209182548523,0,0,0,0
0,0,0,0,0,0,0,0,0,0,0,0,0,0,0,0,0,0,0,0,0,0,0,0,0,0,0,0,0,0,0,0,5.10051485055532,24.6111282652075,0,4.26599608784291,0,0,0,0,0,0,0,0,0,0,0,4.02723043391326,0,0,0,0,0,0,0,0,0,0,0,0,0,0,0,0,0,0,0,0,0,0,0,0,0,0,8.96043291883845,6.51339027704286,16.6669874170091,0,6.54947492989098,0,0,0,3.67986719782759,0,0,0,0
0,0,0,0,0,0,0,0,0,0,0,0,0,0,0,0,0,0,0,0,0,0,0,0,0,0,0,0,0,0,0,5.10051485055532,0,0,12.6546585083008,0,2.78837008579918,0,0,0,0,0,0,0,0,0,0,3.74430253194726,0,0,0,0,0,0,0,0,0,0,0,0,0,0,0,0,0,0,0,0,0,0,0,0,0,0,5.24380364098362,5.03721313174662,0,11.4118831604719,0,2.91040086746216,0,0,3.19097450263518,0,0,0,0
0,0,0,0,0,0,0,0,0,0,0,0,0,0,0,0,0,0,0,0,0,0,0,0,0,0,0,0,0,0,0,24.6111282652075,0,0,4.83001016722366,3.62331680431869,0,3.20870655674045,0,0,0,0,0,0,0,0,0,6.00421776221987,29.2206497192383,11.253638458252,0,0,0,0,0,0,0,0,0,0,0,0,0,0,0,0,0,0,0,0,0,0,0,0,10.8425890922546,0,5.5804806586792,4.68722412195155,4.73359576465817,0,4.18530036311552,7.40688848495483,4.0978267505765,0,0,0,0
0,0,0,0,0,0,0,0,0,0,0,0,0,0,0,0,0,0,0,0,0,0,0,0,0,0,0,0,0,0,0,0,12.6546585083008,4.83001016722366,0,0,4.51389619890849,6.75142097473145,4.65444524293684,0,0,0,0,0,0,0,0,6.95185436563037,0,25.0070934295654,0,0,0,0,0,0,0,0,0,0,0,0,0,0,0,0,0,0,0,0,0,0,0,0,0,10.7367256946034,8.44129007239627,5.80615406174814,0,3.95453344053317,0,5.88276446021257,4.51497867586018,3.79111731052399,0,0,0
0,0,0,32.3041763305664,0,29.3861637489468,0,0,38.7062072753906,0,0,0,0,0,0,0,0,0,38.7937164306641,4.86204957099763,0,0,0,0,0,0,0,0,0,0,0,4.26599608784291,0,3.62331680431869,0,0,4.03513323621052,9.45142151584555,0,35.7852063496908,38.7585517883301,37.3720271984736,38.521258687973,0,0,10.551786084106,17.9810649871826,31.979517815543,31.3892161720677,31.6367101485913,0,0,0,0,0,0,0,39.1140460968018,0,0,0,0,10.3672072752148,44.3283500671387,0,0,0,0,0,0,0,0,56.0654716491699,0,2.8465588092804,0,7.32809381625232,0,5.49170337825409,11.3877834735378,11.2932832667941,50.1106605529785,5.98215766621623,4.7968717324648,26.6619170931049,73.0923080444336,39.5493774414062
0,0,39.6083831787109,0,34.5314833248363,0,0,0,0,0,3.47998768964391,0,0,0,0,0,0,0,78.1573905944824,0,3.8320288468207,0,0,0,0,0,0,0,0,0,0,0,2.78837008579918,0,4.51389619890849,4.03513323621052,0,0,4.81612889492273,0,31.4985555648804,0,44.4573728442192,0,0,0,22.6164963775211,5.15199422079419,21.3450758197091,13.8633297681808,0,0,0,0,0,0,4.38908727963765,0,0,0,0,0,0,11.4991623199202,0,0,0,0,0,0,0,0,0,52.0260632832845,0,3.17811542749405,0,3.91116246661624,4.53349827785118,5.55312920449164,0,8.46365002875274,5.66958394785168,7.73072407397438,28.7322155391016,0,37.5726852416992
0,0,0,31.9811820983887,0,0,0,0,0,7.21459890417912,0,3.92713716811927,0,0,0,0,0,0,0,3.23335111722714,0,4.68894174396992,0,4.39754146688125,0,0,0,3.02439224720001,0,4.1156017780304,0,0,0,3.20870655674045,6.75142097473145,9.45142151584555,0,0,11.5723131913405,0,0,3.79747142791748,0,0,0,20.7711772918701,0,6.63082644256235,0,7.5054884766394,0,0,0,0,0,12.9985100428263,0,4.89610429420028,0,0,0,0,13.2074101382288,0,7.57542477483335,0,10.002775490117,0,0,0,7.93197222081771,0,5.20436104668511,0,0,0,4.77962104082108,7.4031138420105,14.2004621777759,0,6.4176804967879,2.75342893600464,5.11250138612387,2.99829860762054,6.21310088136694,0,0
0,0,30.9919586181641,0,0,0,0,0,6.15269647124251,0,3.94132770601457,0,0,0,0,0,0,0,52.9598808288574,0,4.63398651992325,0,5.30374480637026,0,4.16405298741035,0,0,0,2.91428925991058,0,3.84338686025068,0,0,0,4.65444524293684,0,4.81612889492273,11.5723131913405,0,0,0,0,19.1849598089854,0,28.9940605163574,0,24.3671793256487,7.46846344722489,7.18027281991526,0,0,0,0,0,6.1854896324197,0,7.26284142386862,0,0,0,0,0,0,10.5285876834129,0,4.57309534102678,0,5.57652789974539,0,0,0,3.53366647875177,0,3.85833259718759,0,0,0,4.89062012746496,76.639533996582,9.10204439778482,34.7779235839844,5.85998126204456,4.98523971072943,4.1963004401418,9.97775867272215,0,25.8279609680176
0,46.2669982910156,0,42.8080797195435,0,40.7648466911869,0,0,0,51.1922302246094,0,45.219190120697,0,0,0,0,74.0228395734514,61.8267380033221,44.3571943330577,40.8705272674561,0,0,0,0,0,0,0,0,0,0,0,0,0,0,0,35.7852063496908,0,0,0,0,65.2369224911644,21.2617539451754,51.3819908565945,28.0979690551758,51.869930267334,21.3863700573977,65.2265960375468,14.1289996710317,14.7912533283234,12.9962774466889,0,0,0,0,0,0,0,50.1721668440042,0,0,0,0,15.8775272867979,71.7338110605876,0,0,0,0,0,0,0,0,50.0545384333684,106.156188964844,0,0,38.2831802368164,0,15.7541576883699,75.6836917643644,52.5320499627487,77.4506492614746,51.79299168722,63.5661163330078,22.0967510222742,39.3012536586016,53.3260677882603
0,48.4548072814941,48.0301380157471,61.2305870056152,36.9226972579956,65.487548828125,0,0,68.9250869750977,52.9438836233956,0,0,0,0,0,0,63.8155566831178,66.3684869732773,45.9548157179706,0,54.7265129089355,0,0,0,0,0,0,0,0,0,0,0,0,0,0,38.7585517883301,31.4985555648804,0,0,65.2369224911644,0,51.7503598286555,23.8709261038926,0,26.7574973106384,61.7298361460368,15.5909436217258,20.8905431364858,15.0921690810156,19.2529128789902,0,0,0,0,0,0,57.4528350830078,74.8793115615845,0,0,0,0,83.0702323913574,15.5517021471316,0,0,0,0,0,0,0,0,71.788459777832,31.2389486134052,0,0,0,0,86.0419938223703,20.302340666112,80.9503772442157,50.6939280096974,52.0445185983014,0,17.9172554190875,55.1451019287109,24.9956391652425
0,5.81314051151276,0,33.2014135360718,50.626106262207,44.5149010744962,0,0,0,4.26875879013375,0,41.2121292750041,0,0,0,0,76.8678386394794,51.7859770936786,34.9558661127687,40.9272985458374,0,0,0,0,0,49.2959175109863,0,0,0,0,0,0,0,0,0,37.3720271984736,0,3.79747142791748,0,21.2617539451754,51.7503598286555,0,16.3381583687386,19.2691045264675,0,28.9738166101298,63.5104915445501,17.7355881676529,26.128449604429,17.2464989731583,0,0,0,0,0,0,66.1390533447266,18.4295514419453,0,0,0,0,26.805449082661,84.1306743621826,0,0,0,0,0,0,20.8549861907959,0,22.3830469524298,60.3598747253418,0,0,29.7373027801514,0,27.7910516160746,69.1476798057556,31.7449302410257,53.9503567669843,19.7717462815298,40.7358627319336,19.1330077108053,13.0737825869406,39.9494510650635
19.0386709861266,42.4149742126465,34.0208415842768,58.7859840393066,45.3409334279723,0,0,0,10.1646443138952,52.4824237823486,0,0,0,0,0,0,53.5046780164852,65.8268039890977,32.7938478115765,0,47.1155729293823,0,0,0,0,0,0,0,0,0,0,0,0,0,0,38.521258687973,44.4573728442192,0,19.1849598089854,51.3819908565945,23.8709261038926,16.3381583687386,0,69.2939071655273,34.1035778522491,48.4568491617839,28.4793813188871,14.5574547965805,13.7340662447326,40.806925166737,0,0,0,0,42.3341102600098,0,39.0270584651402,63.204210842357,0,0,0,0,63.1687539907602,33.2020533796018,0,0,0,0,0,0,53.7330284118652,0,54.2565832138062,22.780488344807,0,0,0,0,65.4291737809473,30.7528006230887,61.6648156592186,35.2883251793822,19.1131960943899,37.3461993081229,19.4210305330345,38.494732538859,15.9744273573877
0,0,0,0,0,0,0,0,0,0,0,0,0,0,0,0,51.0011100769043,42.4313837687174,16.3302941566859,0,0,0,0,0,0,0,0,0,0,0,0,0,0,0,0,0,0,0,0,28.0979690551758,0,19.2691045264675,69.2939071655273,0,0,10.6494642893473,0,29.1250863075256,0,33.5517114639282,0,0,0,0,0,0,0,21.553810387327,0,0,0,0,35.9241786684309,70.6574096679688,0,0,0,0,0,0,0,0,23.556606165568,0,0,0,0,0,37.0933449588605,49.2796012878418,28.6222592592239,0,41.9764097820629,0,22.552734506723,21.8596257103814,0
0,0,17.3714603424072,0,25.6515293121338,0,0,0,0,0,0,0,0,0,0,0,48.0325444539388,39.0053520202637,42.2838150024414,0,0,0,0,0,0,0,0,0,0,0,0,0,0,0,0,0,0,0,28.9940605163574,51.869930267334,26.7574973106384,0,34.1035778522491,0,0,48.5843086242676,22.2827503204346,0,34.8410364786784,0,0,0,0,0,0,0,0,84.6038131713867,0,0,0,0,0,34.4524323145548,0,0,0,0,0,0,0,0,0,25.026109032009,0,0,0,0,0,33.2664702122028,0,30.1207272769841,52.1021306174142,0,22.1684426230353,0,20.1425406932831
0,15.9257843711159,0,11.7226347273046,0,18.8845591859997,0,0,0,40.5499992370605,0,22.3447778964865,0,0,0,0,74.7641267042894,53.54723616706,34.9971746900807,17.8503325034161,0,0,0,0,0,0,0,0,0,0,0,0,0,0,0,10.551786084106,0,20.7711772918701,0,21.3863700573977,61.7298361460368,28.9738166101298,48.4568491617839,10.6494642893473,48.5843086242676,0,64.418389638265,34.2863689113308,17.4960072835286,28.8896578252316,0,0,0,0,0,0,0,25.6950278067269,0,0,0,0,15.632764974354,73.2328864203559,0,0,0,0,0,0,0,0,29.1141310995752,61.0023536682129,0,0,0,0,25.2843866836708,72.8641659037272,30.7874350404501,70.7419514656067,27.5084836114822,17.0600551605225,15.514793667728,23.7921630786015,0
23.6153240203857,40.4470558166504,21.4662028312683,0,21.7551665917421,62.2581558227539,0,0,23.1381742858887,38.6973102793974,0,0,0,0,0,0,55.3427942677548,59.2496571424531,34.9325308648023,0,16.1387192812833,0,0,0,0,0,0,0,0,0,0,0,0,0,0,17.9810649871826,22.6164963775211,0,24.3671793256487,65.2265960375468,15.5909436217258,63.5104915445501,28.4793813188871,0,22.2827503204346,64.418389638265,0,34.796626735378,27.3208197165872,30.0142957899306,27.9177188873291,0,0,0,0,0,19.0239314351763,67.8516830444336,0,0,0,0,79.3723125457764,15.0687885582817,0,0,0,0,0,0,0,0,108.335121154785,24.1136479377747,0,0,0,52.0187950134277,74.398277992426,23.3599790476078,78.0432281494141,24.8625992082193,32.3120650807133,26.0502124266191,16.3923271152411,80.2217559814453,42.8657394647598
32.0755710601807,0,50.0978698730469,56.5539627075195,52.3110607147217,52.8224752710221,0,0,32.3517608642578,0,0,51.3090375264486,0,0,0,0,0,68.8801294962565,48.2584630526029,51.256721496582,0,0,17.7686700820923,0,0,0,0,0,0,0,0,4.02723043391326,3.74430253194726,6.00421776221987,6.95185436563037,31.979517815543,5.15199422079419,6.63082644256235,7.46846344722489,14.1289996710317,20.8905431364858,17.7355881676529,14.5574547965805,29.1250863075256,0,34.2863689113308,34.796626735378,0,7.74198513144926,11.414577178771,0,0,0,0,0,0,0,55.3280410766602,0,0,0,0,45.7564075075347,50.7720540364583,0,0,0,0,0,0,25.5974779129028,0,64.9051389694214,0,9.1375921694787,6.22136573089186,8.80213953208431,5.54714086924412,7.41338288021409,6.47082935897713,11.4521283400307,7.87847947393145,9.28320103554799,10.1375112533569,13.8787092872677,0,68.8284301757812
6.28949835542905,0,36.2955772763207,0,46.1880268096924,0,0,0,21.2590183417002,0,0,0,0,0,0,0,74.9393005371094,91.3940124511719,45.4132106178685,0,47.2544357993386,0,9.26736584202997,0,0,0,0,0,0,0,0,0,0,29.2206497192383,0,31.3892161720677,21.3450758197091,0,7.18027281991526,14.7912533283234,15.0921690810156,26.128449604429,13.7340662447326,0,34.8410364786784,17.4960072835286,27.3208197165872,7.74198513144926,0,14.4135872419566,0,0,0,0,11.4515420913696,0,60.7904453277588,79.9018440246582,0,0,0,0,0,35.9161448292918,0,4.40717817956951,0,0,0,0,0,0,0,20.4388925265043,0,0,26.8029668596056,25.6177501678467,57.3756603240967,21.375380872648,43.9699676513672,9.51893646920784,13.7486482623012,42.0870157877604,15.479338733845,0,34.0193528551044
0,6.21490439815798,0,10.2481651321436,45.8034791946411,45.6282295943624,0,0,0,12.3100988690446,0,43.0679221683078,0,0,0,0,104.90958404541,67.8296839396159,48.2843575769541,41.3752628564835,45.380916595459,8.48071566871975,0,4.09142896107265,0,0,0,0,0,0,0,0,0,11.253638458252,25.0070934295654,31.6367101485913,13.8633297681808,7.5054884766394,0,12.9962774466889,19.2529128789902,17.2464989731583,40.806925166737,33.5517114639282,0,28.8896578252316,30.0142957899306,11.414577178771,14.4135872419566,0,0,37.8810348510742,0,0,0,6.57157026637684,0,35.1023523854972,0,4.87080310573097,0,3.90346214294434,40.2768746693929,76.6720352172852,7.20242895343439,0,5.08937650141509,0,5.50514268875122,0,7.66296392679214,0,9.87245388622702,0,0,0,10.8280615309874,0,23.1277686213399,47.2681608200073,9.51298215366253,61.8256988525391,18.493370706868,34.2007541656494,17.6961896087519,41.5580926622663,65.9578838348389
9.92434597015381,0,5.7292267867094,0,3.98171565532684,0,2.85184831278665,0,0,0,0,0,0,0,0,0,0,0,0,0,0,0,0,0,0,0,0,0,0,0,0,0,0,0,0,0,0,0,0,0,0,0,0,0,0,0,27.9177188873291,0,0,0,0,0,2.7482590675354,0,5.21185954685869,0,0,0,0,0,2.99018608530362,0,0,0,0,0,0,0,0,0,0,0,0,0,0,0,0,0,0,0,0,0,2.96033930778503,0,6.49649079640706,0,0
0,0,0,5.15110815895928,0,4.38060330920749,0,0,0,0,0,0,0,0,0,0,0,0,0,0,0,0,0,0,0,0,0,0,0,0,0,0,0,0,0,0,0,0,0,0,0,0,0,0,0,0,0,0,0,37.8810348510742,0,0,0,2.74871802330017,0,0,0,0,0,2.97909086091178,0,4.13573543778781,7.49347988764445,0,0,0,0,0,0,0,0,0,0,0,0,0,0,0,45.1716651916504,0,0,0,0,0,16.8239530835833,0,0
0,0,0,0,0,0,3.78181628358775,0,0,0,4.98877395045373,0,0,0,0,0,0,0,0,0,0,0,0,0,0,0,0,0,0,0,0,0,0,0,0,0,0,0,0,0,0,0,0,0,0,0,0,0,0,0,2.7482590675354,0,0,0,0,0,5.79308188403094,0,0,0,0,0,0,0,0,0,0,0,0,0,0,0,0,0,0,0,0,0,0,0,0,0,0,0,0,0,0
0,0,0,0,0,3.38520693778992,0,3.16320181233542,0,0,0,3.59229199091593,0,0,0,0,0,0,0,0,0,0,0,0,0,0,0,0,0,0,0,0,0,0,0,0,0,0,0,0,0,0,0,0,0,0,0,0,0,0,0,2.74871802330017,0,0,0,0,0,0,0,3.24888348579407,0,0,0,0,0,0,0,0,0,0,0,0,0,0,0,0,0,0,0,0,0,0,0,0,0,0,0
5.64020130369398,0,7.94525268172274,0,0,0,0,0,6.09374212731084,0,0,0,0,0,4.53890596117292,0,0,0,7.67965698242188,0,0,0,0,0,4.5277365064621,0,4.23663019522643,0,0,0,0,0,0,0,0,0,0,0,6.1854896324197,0,0,0,42.3341102600098,0,0,0,0,0,11.4515420913696,0,5.21185954685869,0,0,0,0,0,0,0,0,0,3.90510802391248,0,0,0,0,0,0,4.24183880710471,0,0,0,0,0,36.8582878112793,0,0,0,0,0,0,0,8.19069127603011,7.36567571888799,0,13.4924294831323,0,0
0,6.65393768613784,0,8.84808653593063,0,3.17696022987366,0,0,45.9326400756836,7.08239959976048,0,0,0,0,0,4.45533025841559,45.9109679806617,21.9707384284662,30.243530105142,0,0,0,0,3.63644666855152,0,9.13719825311141,0,0,0,0,0,0,0,0,0,0,0,12.9985100428263,0,0,0,0,0,0,0,0,0,0,0,6.57157026637684,0,0,0,0,0,0,0,0,0,0,0,7.83270133866204,0,0,0,0,4.88362580758554,0,0,0,0,0,0,0,0,0,0,0,0,0,12.5707468492816,0,13.8838191811756,18.2349263599941,8.59836741856166,0,0
0,0,25.9551486968994,0,36.7677993774414,0,3.73447010040283,0,0,0,6.04580379657991,0,3.25381132005488,0,0,0,75.8010177612305,0,53.4565696716309,0,0,0,0,0,0,0,0,0,0,0,4.5137674914466,0,0,0,0,0,4.38908727963765,0,7.26284142386862,0,57.4528350830078,66.1390533447266,39.0270584651402,0,0,0,19.0239314351763,0,60.7904453277588,0,0,0,5.79308188403094,0,0,0,0,0,6.78214942022811,0,3.16575264930725,0,0,9.18230501354718,0,0,0,0,0,0,0,6.48972125486894,0,4.57693257261553,0,0,0,0,0,42.9839019775391,0,6.98474979400635,56.3905029296875,0,7.29945786560283,0,19.7459468841553
0,0,0,6.05978094242715,0,33.2041028340658,0,0,0,0,0,4.9163427417214,0,3.57163937568665,0,0,76.5442570277623,62.086765382348,44.5426848115977,6.9950411823607,0,0,0,0,0,0,0,0,0,4.43993481000264,0,0,0,0,0,39.1140460968018,0,4.89610429420028,0,50.1721668440042,74.8793115615845,18.4295514419453,63.204210842357,21.553810387327,84.6038131713867,25.6950278067269,67.8516830444336,55.3280410766602,79.9018440246582,35.1023523854972,0,0,0,0,0,0,0,0,0,3.70810252133538,0,0,13.5532070012129,77.7779426574707,0,0,0,0,0,0,0,0,5.79806707961314,68.9773750305176,0,0,0,0,53.1701606010136,88.7729702904111,48.4318273284219,79.2532283238002,47.2561078925821,66.1757049560547,19.1878856818831,17.2854277074191,92.9260902404785
0,0,6.3250470161438,0,0,0,0,0,0,0,3.8838992357254,0,3.43102577880577,0,5.57705677747726,0,0,0,0,0,0,0,0,0,0,0,0,0,5.95525443802277,0,0,0,0,0,0,0,0,0,0,0,0,0,0,0,0,0,0,0,0,0,0,0,0,0,0,0,6.78214942022811,0,0,0,5.81985658082095,0,0,0,0,0,0,0,0,0,0,4.63870214940476,0,0,0,0,0,0,0,0,0,0,0,0,0,0,0
0,0,0,0,0,3.69831417288099,0,0,0,0,0,3.30280478795369,0,3.35955871166067,0,3.23847535940317,0,0,0,0,0,0,0,0,0,0,0,2.95810508728027,0,0,0,0,0,0,0,0,0,0,0,0,0,0,0,0,0,0,0,0,0,4.87080310573097,0,2.97909086091178,0,3.24888348579407,0,0,0,3.70810252133538,0,0,0,3.9984672133987,0,0,0,0,0,0,4.51007676976068,0,3.8728913974762,0,0,0,0,0,0,0,0,0,0,0,0,0,0,0,0
0,0,0,0,3.38373780250549,0,0,0,3.05936992168427,0,0,0,0,0,3.66854616006215,0,0,0,0,0,0,0,0,0,0,0,0,0,0,0,0,0,0,0,0,0,0,0,0,0,0,0,0,0,0,0,0,0,0,0,2.99018608530362,0,0,0,3.90510802391248,0,3.16575264930725,0,5.81985658082095,0,0,0,0,0,0,0,0,0,0,4.31037449836731,0,0,0,0,0,0,0,0,0,0,0,0,0,0,0,0,0
0,5.40785098121983,0,3.32521874564035,0,0,0,0,0,11.0278926899559,0,0,0,5.00811783472697,0,4.52094170853898,37.5434341430664,13.8766543615114,0,0,0,0,0,0,0,17.8893388748169,0,0,0,0,0,0,0,0,0,0,0,0,0,0,0,0,0,0,0,0,0,0,0,3.90346214294434,0,4.13573543778781,0,0,0,7.83270133866204,0,0,0,3.9984672133987,0,0,0,0,0,0,0,0,4.78577292882479,0,0,0,0,0,0,0,0,0,0,0,0,0,13.3008448698304,15.1711173738752,0,0,0
0,81.8830795288086,0,5.69867525859313,0,11.5959654374614,0,0,0,50.593433380127,0,7.87945277061103,0,0,0,0,86.5745779338636,69.7973104559857,55.3765477680025,7.65409131314157,0,0,0,0,0,0,0,0,0,0,0,0,0,0,0,10.3672072752148,0,13.2074101382288,0,15.8775272867979,83.0702323913574,26.805449082661,63.1687539907602,35.9241786684309,0,15.632764974354,79.3723125457764,45.7564075075347,0,40.2768746693929,0,7.49347988764445,0,0,0,0,0,13.5532070012129,0,0,0,0,0,97.7226136525472,0,0,0,0,0,0,0,0,18.8610628841753,0,0,0,0,0,15.2967521703586,92.7210822881654,11.9155906323225,99.9921633402507,20.6109455832778,38.8119096755981,19.4685321248096,24.0184267420828,69.8350830078125
0,0,41.1371002197266,0,9.45744701685659,0,0,0,0,59.2963898976644,2.98081900996547,0,0,0,0,0,75.2483236204903,79.2846778869629,55.7730582094071,0,4.27257930282456,0,0,0,0,0,0,0,0,0,0,0,0,0,0,44.3283500671387,11.4991623199202,0,10.5285876834129,71.7338110605876,15.5517021471316,84.1306743621826,33.2020533796018,70.6574096679688,34.4524323145548,73.2328864203559,15.0687885582817,50.7720540364583,35.9161448292918,76.6720352172852,0,0,0,0,0,0,9.18230501354718,77.7779426574707,0,0,0,0,97.7226136525472,0,0,0,0,0,0,0,0,0,0,14.4506162688086,0,0,0,0,94.627361225632,12.1615092539138,93.1256463187081,11.9824505402592,37.0764144156383,73.6384658813477,12.7675258317142,0,35.4538860040552
0,0,0,0,0,0,0,0,0,0,0,0,0,0,0,0,0,0,0,0,0,5.24133168524031,3.0684312582016,4.40799808285453,0,0,0,3.58750909566879,0,0,0,0,0,0,0,0,0,7.57542477483335,0,0,0,0,0,0,0,0,0,0,0,7.20242895343439,0,0,0,0,0,0,0,0,0,0,0,0,0,0,0,0,3.63157197833061,0,0,0,4.72097109131894,0,0,0,0,0,0,0,0,0,11.0552056443458,0,4.57212337676217,3.79756467593344,0,0,0
0,0,0,0,0,0,0,0,0,0,0,0,0,0,0,0,4.51981693211168,0,0,0,0,3.83997045863758,6.15341208303297,0,3.72457312042564,0,3.47577651057925,0,3.15554979890585,0,0,0,0,0,0,0,0,0,4.57309534102678,0,0,0,0,0,0,0,0,0,4.40717817956951,0,0,0,0,0,0,0,0,0,0,0,0,0,0,0,0,0,0,3.84939979284238,0,2.97433626651764,0,3.13083349441995,0,0,0,0,0,0,0,0,0,5.51048644781113,8.82223587113667,6.05497590700785,0,0,0
0,4.91371982237872,0,0,0,0,0,0,0,4.38311498363813,0,0,0,0,0,0,0,12.1105426549911,0,0,0,4.40299582712859,0,3.75246397243457,0,0,0,0,0,0,0,0,0,0,0,0,0,10.002775490117,0,0,0,0,0,0,0,0,0,0,0,5.08937650141509,0,0,0,0,0,4.88362580758554,0,0,0,0,0,0,0,0,3.63157197833061,0,0,0,0,0,0,0,0,0,0,0,0,0,0,0,7.55781394995532,0,3.25037064677791,0,9.21068770230471,0,0
0,0,0,0,0,0,0,0,3.52504253884157,0,0,0,0,0,3.93966897328695,0,0,0,0,0,0,0,3.36636902093887,0,4.07239167273045,0,4.32396444907555,0,0,0,0,0,0,0,0,0,0,0,5.57652789974539,0,0,0,0,0,0,0,0,0,0,0,0,0,0,0,4.24183880710471,0,0,0,0,0,0,0,0,0,0,3.84939979284238,0,0,0,0,0,0,0,0,0,0,0,0,0,0,0,7.31666630405227,5.70935092543677,0,4.87438108772039,0,0
0,0,0,0,0,0,0,0,0,9.21481357921254,0,0,0,5.4133863846461,0,3.42747300379985,46.2384643554688,9.82514957527616,39.4423789978027,0,0,4.32618037678979,0,4.33432189623515,0,4.15833200019634,0,4.5040801855234,0,0,0,0,0,0,0,0,0,0,0,0,0,0,0,0,0,0,0,0,0,5.50514268875122,0,0,0,0,0,0,0,0,0,4.51007676976068,0,4.78577292882479,0,0,0,0,0,0,0,0,2.95546476046244,0,0,0,0,0,0,0,0,0,0,0,16.4475115140279,19.003578821818,0,0,0
0,0,0,0,0,0,0,0,3.30376060803731,0,0,0,0,0,0,0,5.17993654331691,30.1679623921712,0,0,0,0,3.4910444021225,0,3.96010433710538,0,4.85556022553217,0,4.652570048968,0,0,0,0,0,0,0,0,0,0,0,0,0,0,0,0,0,0,0,0,0,0,0,0,0,0,0,0,0,0,0,4.31037449836731,0,0,0,0,2.97433626651764,0,0,0,0,0,6.04018372137916,0,0,0,0,0,0,0,0,0,0,3.21794266700745,0,0,0,0
0,0,0,0,0,0,0,0,0,0,0,0,0,0,0,0,0,0,0,0,0,0,0,0,0,0,0,4.22378013541924,0,0,0,0,0,0,0,0,0,7.93197222081771,0,0,0,20.8549861907959,53.7330284118652,0,0,0,0,25.5974779129028,0,7.66296392679214,0,0,0,0,0,0,0,0,0,3.8728913974762,0,0,0,0,4.72097109131894,0,0,0,2.95546476046244,0,0,0,3.18564026355743,0,0,0,0,0,0,0,5.91425533833958,0,13.3779299855232,2.95969426631927,30.2996792793274,0,0
0,0,0,0,0,0,0,0,0,0,5.10507412410918,0,2.88175582885742,0,0,0,0,0,0,0,0,0,8.56610453274785,0,0,0,6.897952764265,0,3.9026916271601,0,6.39925878475874,0,0,0,0,0,0,0,3.53366647875177,0,0,0,0,0,0,0,0,0,0,0,0,0,0,0,0,0,6.48972125486894,0,4.63870214940476,0,0,0,0,0,0,3.13083349441995,0,0,0,6.04018372137916,0,0,0,5.72394462420786,0,0,0,0,0,0,0,5.09498363956931,4.04599432150523,0,0,0,0
0,0,0,29.7343130111694,0,35.7276611328125,0,0,0,0,0,7.2523291905721,0,0,0,0,89.9360504150391,61.7931758335658,44.5301206144568,12.9143106460571,0,0,0,0,0,0,0,0,0,6.31804728876684,0,0,0,0,0,56.0654716491699,0,5.20436104668511,0,50.0545384333684,71.788459777832,22.3830469524298,54.2565832138062,23.556606165568,0,29.1141310995752,108.335121154785,64.9051389694214,0,9.87245388622702,0,0,0,0,0,0,0,5.79806707961314,0,0,0,0,18.8610628841753,0,0,0,0,0,0,0,3.18564026355743,0,0,0,0,0,0,0,54.9785826893176,89.5673921373155,5.10136935746141,77.2821451822917,57.1434031833302,0,9.44966643569017,20.2381662462578,54.9779434204102
0,0,29.3064675442008,0,42.1843013763428,0,0,0,0,0,4.65936785538991,0,0,0,0,0,61.1956039428711,67.7870845794678,37.4236791822645,0,8.1926383972168,0,0,0,0,0,0,0,0,0,4.01552461258701,0,0,0,0,0,52.0260632832845,0,3.85833259718759,106.156188964844,31.2389486134052,60.3598747253418,22.780488344807,0,25.026109032009,61.0023536682129,24.1136479377747,0,20.4388925265043,0,0,0,0,0,36.8582878112793,0,4.57693257261553,68.9773750305176,0,0,0,0,0,14.4506162688086,0,0,0,0,0,0,0,5.72394462420786,0,0,0,0,0,0,84.254430770874,49.541284080313,74.8215065002441,7.70010341660248,45.615460201546,0,15.1804215329034,54.8809413909912,20.1335762406504
0,0,0,0,0,0,0,0,0,0,0,0,0,0,0,0,0,0,0,0,0,0,0,0,0,0,0,0,0,0,0,8.96043291883845,5.24380364098362,10.8425890922546,0,2.8465588092804,0,0,0,0,0,0,0,0,0,0,0,9.1375921694787,0,0,0,0,0,0,0,0,0,0,0,0,0,0,0,0,0,0,0,0,0,0,0,0,0,0,0,7.69938723246257,14.9726447481388,0,4.78458181955402,0,0,0,6.50286920279102,0,0,0,0
0,0,0,0,0,0,0,0,0,0,0,0,0,0,0,0,0,0,0,0,0,0,0,0,0,0,0,0,0,0,0,6.51339027704286,5.03721313174662,0,10.7367256946034,0,3.17811542749405,0,0,0,0,0,0,0,0,0,0,6.22136573089186,0,0,0,0,0,0,0,0,0,0,0,0,0,0,0,0,0,0,0,0,0,0,0,0,0,0,7.69938723246257,0,0,16.9949483760049,0,2.95910263061523,0,0,4.15070738597792,0,0,0,0
0,0,0,0,0,0,0,0,0,0,0,0,0,0,0,0,0,0,0,0,0,0,0,0,0,0,0,0,0,0,0,16.6669874170091,0,5.5804806586792,8.44129007239627,7.32809381625232,0,4.77962104082108,0,38.2831802368164,0,29.7373027801514,0,0,0,0,0,8.80213953208431,26.8029668596056,10.8280615309874,0,0,0,0,0,0,0,0,0,0,0,0,0,0,0,0,0,0,0,0,0,0,0,0,14.9726447481388,0,0,9.64176745903798,5.60475476404254,0,4.88814183517739,0,5.75480098932381,0,31.6565503392901,0,0
0,0,0,0,0,0,0,0,0,0,0,0,0,0,0,0,0,0,0,0,0,0,0,0,0,0,0,0,0,0,0,0,11.4118831604719,4.68722412195155,5.80615406174814,0,3.91116246661624,7.4031138420105,4.89062012746496,0,0,0,0,0,0,0,52.0187950134277,5.54714086924412,25.6177501678467,0,0,0,0,0,0,0,0,0,0,0,0,0,0,0,0,0,0,0,0,0,0,0,0,0,0,16.9949483760049,9.64176745903798,0,0,4.79985558986664,0,5.56345519652733,5.65536413654204,8.51218575239182,0,0,0
113.293888092041,40.9129847013033,59.6883525848389,61.0345764160156,0,23.9413319129448,0,0,0,57.9761006832123,0,8.57898817062378,0,0,0,0,80.9280078764885,68.8232815036666,50.2160424371265,8.69112286858234,0,0,0,92.8914947509766,0,82.3809623718262,0,0,0,0,0,6.54947492989098,0,4.73359576465817,0,5.49170337825409,4.53349827785118,14.2004621777759,76.639533996582,15.7541576883699,86.0419938223703,27.7910516160746,65.4291737809473,37.0933449588605,0,25.2843866836708,74.398277992426,7.41338288021409,57.3756603240967,23.1277686213399,0,45.1716651916504,0,0,0,0,0,53.1701606010136,0,0,0,0,15.2967521703586,94.627361225632,0,0,0,0,0,0,0,0,54.9785826893176,84.254430770874,4.78458181955402,0,5.60475476404254,0,0,94.4365098769483,23.8588338110838,92.2760531107585,33.9523189413128,9.30935379346212,26.7118770247425,28.7818549253448,70.6985567878274
61.0184803009033,0,39.6461055980009,0,23.3634168825651,84.3498458862305,0,0,97.097713470459,58.7194326341767,3.02405400652634,75.7991180419922,0,0,77.0554275512695,0,74.242486425193,76.2089786054025,49.1303323468436,130.397689819336,4.66657856646038,0,0,0,0,0,0,0,0,0,0,0,2.91040086746216,0,3.95453344053317,11.3877834735378,5.55312920449164,0,9.10204439778482,75.6836917643644,20.302340666112,69.1476798057556,30.7528006230887,49.2796012878418,33.2664702122028,72.8641659037272,23.3599790476078,6.47082935897713,21.375380872648,47.2681608200073,0,0,0,0,0,0,42.9839019775391,88.7729702904111,0,0,0,0,92.7210822881654,12.1615092539138,0,0,0,0,0,0,0,0,89.5673921373155,49.541284080313,0,2.95910263061523,0,4.79985558986664,94.4365098769483,0,89.6900599305059,17.3331285305274,46.920167883981,39.3470047405788,36.0501757269376,67.0698988778251,36.8367632359409
