0,0,52.0658600479364,0,0,0,0,0,134.366605773568,0,0,0,0,0,0,0,0.197461992502213,0,24.0576202869415,0,0,0,0,0,0,0,0,0,0,0,0,0,0,0,0,0,0.267559662461281,0,0,0,0.113824591040611,0,40.3812802433968,0,0,0,0,9.60640521347523,283.285753294826,1.22228845953941,0,0,0,0,157.217346742749,0,0.604416280984879,0,0,0,20.462314337492,0,0,0.864162929356098,0,0,0,0,0,0,0,0,0,1.08304020762444,0,0,0,0,0,2.38302520662546,0,4.05571084469557,138.453595429659,0,151.8287942186,0,1.5305141210556
0,0,0,79.1721030771732,0,0,0,0,0,523.954395025969,0,0,0,0,0,134.230383396149,0,0,15.4990341365337,0,0,0,0,81.7782015800476,0,0,0,0,0,0,0,0,0,0.193179234862328,0,0,0,0.143531680107117,0,0.144301563501358,0,22.2348411679268,0,0,0,0,0,1.09901582449675,0,160.915437743068,0,0,0,0,0,277.535674199462,0,0.693335607647896,0,0,0,23.5549638420343,0,0,0,0,2.52640131115913,0,6.81931209564209,0,0,0,0.32325105369091,0,0,0,0,0,3.3264933526516,0,0.121092811226845,0,238.577305570245,7.24942016601562,214.292632929981,2.71113920211792,0
52.0658600479364,0,0,0,38.4292374253273,0,0,0,6.72197353839874,0,0,0,0,0,0,0,0.238339796662331,2.4716272354126,5.05993624031544,0,0,0,0,0,0,0,0,0,0,0,0,0,0,0,0,0,0.564676284790039,0,0,0,0,0,130.257320269942,0,0,0,0,1.40278379619122,57.8865299224854,0,53.1213958710432,0,0,0,55.7205879688263,0,83.2523920983076,0,41.9999860674143,0,0.620487838983536,0,0,15.0229023396969,0,0,0,0,0,0,0,0,0,19.6858302950859,0,0,0,0,0,2.79406800866127,0,4.64746963977814,8.86618106067181,0,357.432422652841,0,6.19085904955864
0,79.1721030771732,0,0,0,0.735592275857925,0,0,0,4.22676753997803,0,0,0,0,0,0,0,0,11.5690352767706,0,0,0,0,0,0,0,0,0,0,0,0,0,0,0,0,0,0,0,0,0,0,101.752662494779,0,0,0,0,0,1.56565698981285,0,4.42010515928268,0,0.703522384166718,0,0,0,81.1022065281868,0,16.8648918122053,0,0,0,0,3.36157849431038,0,0,0,0,0,0,0,0,0,19.5227061361074,0,0,0,0,0,1.91344329714775,0,0,0,9.96116264164448,0,185.089924871922,1.92640678584576,0
0,0,38.4292374253273,0,0,0,0,0,2,0,0,0,0,0,9.26456102728844,0,0,0,0,0,84.3903960287571,0,0,0,0,0,0,0,0,0,0,0,0,0,0,0,96.4102240353823,0,0,0,0,0,0,0,0,0,0,0,0,0,190.497512891889,0,17.5137878656387,0,0,0,4.57838639616966,0,12.4049765169621,0,51.9933602511883,0,0,75.9712484478951,0,0,0,0,0,0,0,0,0,0,0,0,0,0,0,9.6975009739399,0,0,172.474390536547,2,147.596384823322,0,0
0,0,0,0.735592275857925,0,0,0,70.0127319097519,0,7.96191549301147,0,9.80260340869427,0,0,0,6.00601994991302,0,0,0,132.746324464679,0,0,0,0,0,0,0,0,0,0,0,0,0,0,0,2.33612108230591,0,0,0,0,0,0,0,0,0,0,0,0,0,0,0,152.71581569314,0,51.4730930626392,0,0,0,6.84371450543404,0,0,0,2.9026780128479,52.760061442852,0,0,0,0,0,0,0,0,0,0,0,0,0,0,0,0,0,0,0,766.483124643564,63.4720643460751,136.164329588413,0,0
0,0,0,0,0,0,0,0,0,0,0,0,0,0,0,0,0,0,0,0,195.909675955772,0,0,0,0,0,0,0,0,0,0,0,0,0,0,0,65.1775280535221,0,0,0,0,0,0,0,0,0,0,0,0,0,52.2786027193069,0,570.233674317598,0,0,0,0.834734708070755,0,146.130867421627,0,0,0,0,6.07460790872574,0,0,0,0,0,0,0,0,0,0,0,0,0,0,0,20.8983872532845,0,0,275.30410349369,55.3161852955818,45.8049485683441,0,0
0,0,0,0,0,70.0127319097519,0,0,0,0,0,182.87536354363,0,0,0,0,0,0,0,25.008587539196,0,0,0,0,0,0,0,0,0,0,0,0,0,0,0,0,0,0,0,0,0,0,0,0,0,0,0,0,0,0,0,33.4339856505394,0,363.309970468283,0,0,0,59.6397760361433,0,94.1181304454803,0,0,132.270810693502,0,0,0,0,0,0,0,0,0,0,0,0,0,0,0,0,0,0,0,163.906533122063,0,0,0,0
134.366605773568,0,6.72197353839874,0,2,0,0,0,0,0,0,0,0,0,128.121510624886,0,528.63023480773,43.1214472204447,27.3506039530039,0,0,0,1.90491437911987,8.58046528697014,12.5014501214027,1.08143079280853,12.1958799958229,0,0,0,0,0,0,0,0,0,0,0,28.4350699931383,0,0,0,119.41863271594,0,0,0,0,11.5346300452948,21.4488282501698,0.845236748456955,3,0,0,0,937.052190691233,0.51899653673172,0.464172124862671,0,0,0,41.6884357184172,0,0,0,0,0,3.17243632674217,0,1.86861860752106,4.37450754642487,0,0,0,0,0,0,0,0,0,1.65308904647827,1.03085862100124,23.6846687197685,819.97070401907,97.1874757111073,290.033225387335,0,6.61488616466522
0,523.954395025969,0,4.22676753997803,0,7.96191549301147,0,0,0,0,0,0,0,0,0,739.694806784391,3.99455584585667,286.560183122754,86.637407720089,0,0,1.68792355060577,0,170.714510798454,0,91.7077351212502,0,0,0,0,0,0,0,0,0,0,0,1.90895691514015,0,0,0,67.9234714359045,0,0,0,0,0,10.0333088934422,0,11.3611556142569,0,0,0,0,0,850.161817342043,0,0,0,0,0,114.056059911847,0,0,0,0,20.7455734610558,0,2.19698262214661,0,0,0,0,0,0,0,0,0,0,0,1.68829965591431,0,1739.18074612319,176.984932109714,405.695763632655,4.00468274950981,0
0,0,0,0,0,0,0,0,0,0,0,0,96.6333546638489,0,0,0,0,0,0,0,1222.46957963705,0,0,0,0,0,0,0,0,0,10.6951007544994,0,0,0,0,0,235.264301478863,0,1285.64480503649,0,0,0,0,0,0,0,0,0,0,0,0.619466722011566,0,0,0,0,0,930.892620533705,0,448.443969935179,0,0,0,0,145.323105692863,0,0,0,0,0,0,0,0,0,6.85971875488758,0,0,0,0,0,161.208997666836,0,387.210213258862,254.599788166583,26.1274353861809,0,0,0
0,0,0,0,0,9.80260340869427,0,182.87536354363,0,0,0,0,0,228.811754494905,0,0,0,0,0.202035591006279,292.850984722376,0,0,0,0,0,0,0,1.6478945016861,0,105.584964632988,0,0,0,0,0,289.181591399014,0,466.017548270524,0,0,0,0,0,0,0,0,0,0,0,0,0,3.38458901643753,0,109.340545147657,0,0,0,2719.81709885597,0,13.0148470699787,0,0,266.689961701632,0,0,0,0,0,0,0,0,0,112.546710148454,0,0,0,0,0,52.9365263134241,0,213.471035137773,0,338.476511597633,0,17.9512645751238,2.35642266273499,0
0,0,0,0,0,0,0,0,0,0,96.6333546638489,0,0,0,39.9913529753685,0,0,0,0,0,0,0,0,0,0,0,0,0,70.4326884746552,0,0,0,0,0,0,0,0,0,0,0,0,0,0,0,0,0,0,0,0,0,0,0,0,0,0,0,162.543782606721,0,830.543334439397,0,19.2350991368294,0,0,0,0,0,0,0,0,0,0,1,0,0,0,0,0,0,0,0,0,0,180.197931528091,42.2330043315887,0,0,0
0,0,0,0,0,0,0,0,0,0,0,228.811754494905,0,0,0,146.224978208542,0,0,0,0,0,0,0,0,0,14.453617721796,0,56.1650651395321,0,0,0,0,0,0,0,0,0,0,0,0,0,0,0,0,0,0,0,0,0,0,0,0,0,137.698978066444,0,0,0,261.591443583369,0,1888.93358315527,0,215.126913189888,0,0,0,0,0,0,48.6097275912762,0,37.4662531912327,0,1.71312302350998,0,0,0,0,0,0,0,0,0,281.362856984138,15.075608253479,0,0,0
0,0,0,0,9.26456102728844,0,0,0,128.121510624886,0,0,0,39.9913529753685,0,0,0,121.618452429771,1.13352847099304,0,0,0,0,0,0,3.43148404359818,0,52.5645396113396,0,0,0,0,0,0,0,0,0,0,0,0,0,0,0,0,0,0,0,0,0,0,0,9.92112404108047,0,0,0,316.177175462246,0,0,0,116.089174091816,0,471.097808897495,0,0,0,0,0,2.51208472251892,0,0,55.7057175040245,0,0,0,0,0,0,0,0,0,1.19182288646698,0,0,207.675295174122,128.788868546486,0,0,0
0,134.230383396149,0,0,0,6.00601994991302,0,0,0,739.694806784391,0,0,0,146.224978208542,0,0,0.633310079574585,269.537215858698,0,0,0,0,0,1.70470678806305,0,485.895325303078,0,6.49075272679329,0,0,0,0,0,0,0,0,0,0,0,0,0,0,0,0,0,0,0,0,0,0,0,0,0,0,0,482.545851945877,0,0,0,308.184466302395,0,587.134120643139,0,0,0,0,0.740720152854919,0,90.9150460064411,0,4.77153873443604,0,0,0,0,0,0,0,0,0,0,0,362.667789489031,19.6346964836121,0,0,0
0.197461992502213,0,0.238339796662331,0,0,0,0,0,528.63023480773,3.99455584585667,0,0,0,0,121.618452429771,0.633310079574585,0,8700.47004844248,1304.3998901844,0,0.110708773136139,52.6897477507591,159.749182060361,68.6060017496347,62.4082246720791,53.2435453534126,351.215555787086,0,0,0,0,0,0,1.59338200092316,0,6.02911195158958,4.24172604829073,0,0.492716357111931,10.8529182076454,4.7731998115778,18.2568662390113,14.5919907540083,0.322446167469025,0,0,1.56036506593227,0,0,3.52540469169617,0,0,0,0,16.4947484135628,2.70292735099792,10.418166488409,0.410631954669952,0,0,92.1698608994484,2.07412442564964,1.58004558086395,0.349709615111351,0.191776260733604,3.17298054695129,56.684100061655,13.6284256577492,4.32699172198772,66.6790264844894,0,0,5.23241563141346,8.91050651669502,0,0,0,0,59.0671481415629,43.3015743046999,2.81585042178631,46.8588727638125,6174.90631296486,124.632013082504,58.4184704422951,1.39113640785217,0.616483807563782
0,0,2.4716272354126,0,0,0,0,0,43.1214472204447,286.560183122754,0,0,0,0,1.13352847099304,269.537215858698,8700.47004844248,0,2389.87159625441,0,0.252776563167572,294.404167845845,21.4604913443327,491.958399042487,10.7510454058647,811.938031569123,23.3285249322653,0,0,0,0,0,0,0,0,0,7.48470991849899,0,0,27.2459987998009,8.45490744709969,38.560285910964,22.0034259930253,0,0,0,1.10689353942871,0,0,3.99116110801697,0,0,0,0,1.65984284877777,21.8391186594963,13.4947743862867,5.39210057258606,0,0,0,201.054399490356,0,3.69735838472843,19.9919101893902,0,100.309454366565,3.83920049667358,211.349620968103,1.39280545711517,0,0,8.82131513953209,8.01660704612732,0,0,0,0,74.0741077288985,28.8882258683443,7.42606674134731,44.921276345849,7692.86561492085,147.7110247612,124.70859067142,0.971083253622055,1.50499990582466
24.0576202869415,15.4990341365337,5.05993624031544,11.5690352767706,0,0,0,0,27.3506039530039,86.637407720089,0,0.202035591006279,0,0,0,0,1304.3998901844,2389.87159625441,0,0.743921637535095,2.40900933742523,3.24945366382599,0.463206976652145,39.2670588344336,2.00780725479126,23.6203415691853,0.258714884519577,0,0,0,0,0,0,0.149850472807884,0,41.0021062344313,53.0627787262201,0,4.33559829741716,371.916938334703,69.0600202381611,439.087456047535,473.277015395463,2.21065437793732,1.58398833870888,6.23328270018101,66.5664014592767,0.778967887163162,1.01546333730221,27.0711568593979,0,0,0,0,0.793848663568497,8.5384107530117,75.8117203637958,48.3717518150806,2.37782341241837,0,0,2.12375569343567,42.4889011532068,18.2079694792628,0,0,26.6146474778652,0,13.8904621601105,0,0,0,61.4887557923794,44.0592241734266,0,0,0,1.99940896034241,676.382543377578,398.520719274879,96.7289994433522,307.026528201997,2144.76857565343,0,1291.4019863829,161.979012794793,104.367185004056
0,0,0,0,0,132.746324464679,0,25.008587539196,0,0,0,292.850984722376,0,0,0,0,0,0,0.743921637535095,0,0,0,0,0,0,0,0,0,0,0,0,0,0,0,0,719.855854526162,0,29.5586550235748,0,0,0,1.24014592170715,0,0,0,1.15295973420143,0,0,0,0,0,17.4300319552422,0,2.12250423431396,0,0,0,9.87045772373676,0,0,0,0,1835.33911262453,0,0,0,0,0,0,0,0,0,0,0,0,0,0,0,1074.29742478579,0,96.3817288130522,0,288.029899969697,0,9.71136268973351,0,0
0,0,0,0,84.3903960287571,0,195.909675955772,0,0,0,1222.46957963705,0,0,0,0,0,0.110708773136139,0.252776563167572,2.40900933742523,0,0,0,0,0,0,0,0,0,0,0,0,0,0,0,0,0,590.317576244473,0,86.0036078691483,0,0.23034656047821,0,0.331812500953674,0,0,0,1.9447455406189,0,0,0,2.30197322368622,0,68.0688945651054,0,0,0,383.699974581599,0,0,0,0,0,0,969.988910198212,0,0,0,0,0,0,0,0,0,1.7819436788559,0,0,0,0,0,974.706313274801,0,116.597768351436,403.43472160399,0,51.7953124046326,0,0.250866800546646
0,0,0,0,0,0,0,0,0,1.68792355060577,0,0,0,0,0,0,52.6897477507591,294.404167845845,3.24945366382599,0,0,0,136.143888115883,222.493858963251,0,267.743091881275,0,104.82272079587,0,0,0,0,0,0,0,0,0,736.235714837909,0,0,0,0,0,0,0,0,0,0,0,205.950319603086,0,0,0,0,0,0,0,0,0,0,0,1.9793341755867,0,0,7143.23116077483,43.725830078125,113.896358221769,0,73.8156354129314,0,27.5028115808964,0,0,0,0,0,16.3243680596352,0,0,0,380.903091236949,0,1794.52770127356,56.2922292351723,17.0213985145092,0,0
0,0,0,0,0,0,0,0,1.90491437911987,0,0,0,0,0,0,0,159.749182060361,21.4604913443327,0.463206976652145,0,0,136.143888115883,0,0,76.250415623188,0,41.1963967084885,0,157.340383112431,0,0,0,0,0,0,0,0,3.30984085798264,539.844801649451,0,0.181058138608932,0,0,0,0,0,0,22.7281900346279,29.3848551213741,0,0,0,0,0,0,0,0,0,0,0,0,0,0,0,0,6251.95291431248,0,13.3091557770967,0,1.78840899467468,0,63.8163152635098,0,0,0,0,0,0,0,0,2.72099667787552,477.457141682506,1327.11751435697,415.007255658507,0.927212417125702,0,0
0,81.7782015800476,0,0,0,0,0,0,8.58046528697014,170.714510798454,0,0,0,0,0,1.70470678806305,68.6060017496347,491.958399042487,39.2670588344336,0,0,222.493858963251,0,0,0,254.756635919213,0,0,0,0,0,0,0,0,0,0,0,190.820575654507,0,0,0,3.47062963247299,0,0,0,0,0,0,0,188.233047604561,0,0,0,0,0,76.8605200052261,0,0,0,0,0,1.27550268173218,0,0,33.1802966296673,0,1409.50297242403,0,21.9981443881989,0,0,0,0,0,0,0,0,0,0,0,48.5600492358208,0,636.306621909142,0,137.519393235445,0,0
0,0,0,0,0,0,0,0,12.5014501214027,0,0,0,0,0,3.43148404359818,0,62.4082246720791,10.7510454058647,2.00780725479126,0,0,0,76.250415623188,0,0,0,219.993440270424,0,0,0,0,0,0,0,0,0,0,0,145.542236641049,0,0,0,0,0,0,0,0,0,24.4035068452358,0,0,0,0,0,203.641799479723,0,0,0,0,0,0,0,0,0,0,3.73054039478302,2.73067927360535,1411.43514531851,0,9.65653720498085,0,0,0,0,0,0,0,0,0,0,0,53.455124899745,170.1621786654,0,48.4228394031525,0,0
0,0,0,0,0,0,0,0,1.08143079280853,91.7077351212502,0,0,0,14.453617721796,0,485.895325303078,53.2435453534126,811.938031569123,23.6203415691853,0,0,267.743091881275,0,254.756635919213,0,0,0.643528878688812,102.846064805984,0,0,0,0,0,0,0,0,0,0,0,0,0,0,0,0,0,0,0,0,0,36.4915227741003,0,0,0,0,0,12.5252025127411,0,0,0,0,0,224.366258144379,0,0,152.587999582291,0,655.59812527895,0,1684.39878758788,0,212.409153044224,0,0,0,0,0,0,0,0.21547295153141,0,0.815747797489166,0,979.588030427694,1.34062850475311,0,0,0
0,0,0,0,0,0,0,0,12.1958799958229,0,0,0,0,0,52.5645396113396,0,351.215555787086,23.3285249322653,0.258714884519577,0,0,0,41.1963967084885,0,219.993440270424,0.643528878688812,0,0,0,0,0,0,0,0,0,0,0,0,0,0,0,0,0,0,0,0,0,0,0,0,0,0,0,0,491.255914747715,0,0,0,0,0,0,0,0,0,0,138.874158114195,0,97.6123639345169,0,1282.30068627,0,1,0,0,0,0,0,0,0,0,0,0,176.570800274611,0,0,0,0
0,0,0,0,0,0,0,0,0,0,0,1.6478945016861,0,56.1650651395321,0,6.49075272679329,0,0,0,0,0,104.82272079587,0,0,0,102.846064805984,0,0,0,179.057059213519,0,0,0,0,0,0,0,156.758716493845,0,0,0,0,0,0,0,0,0,0,0,0,0,0,0,0,0,0,0,0,0,2,0,0,0,0,105.693958908319,0,0,0,72.0807041525841,0,2435.97662509978,0,42.2395424544811,0,0,0,0,0,0,0,34.952530503273,0,320.548752695322,0,0,0,0
0,0,0,0,0,0,0,0,0,0,0,0,70.4326884746552,0,0,0,0,0,0,0,0,0,157.340383112431,0,0,0,0,0,0,0,28.9681873321533,0,0,0,0,0,0,0,118.279694616795,0,0,0,0,0,0,0,0,0,0,0,0,0,0,0,0,0,0,0,0,0,0,0,0,0,0,111.392296850681,0,0,0,37.5126156806946,0,437.792211294174,0,38.7961554229259,0,0,0,0,0,0,0,151.132660269737,33.259929895401,0,0,0,0
0,0,0,0,0,0,0,0,0,0,0,105.584964632988,0,0,0,0,0,0,0,0,0,0,0,0,0,0,0,179.057059213519,0,0,0,0,0,0,0,0,0,95.6733190715313,0,0,0,0,0,0,0,0,0,0,0,0,0,0,0,0,0,0,0,23.5995121002197,0,0,0,0,0,0,0,0,0,0,0,0,120.379682213068,0,779.918085321784,0,0,0,0,0,0,0,23.6990669965744,0,123.687583386898,0,0,0,0
0,0,0,0,0,0,0,0,0,0,10.6951007544994,0,0,0,0,0,0,0,0,0,0,0,0,0,0,0,0,0,28.9681873321533,0,0,0,0,0,0,0,0,0,347.4452213943,0,0,0,0,0,0,0,0,0,0,0,0,0,0,0,0,0,43.8297584652901,0,0,0,0,0,0,0,0,0,0,0,0,0,0,0,0,423.282604336739,0,0,0,0,0,0,0,45.4381158649921,47.3787481188774,0,0,0,0
0,0,0,0,0,0,0,0,0,0,0,0,0,0,0,0,0,0,0,0,0,0,0,0,0,0,0,0,0,0,0,0,1248.02165497839,110.098387733102,33.7207625508308,378.673485860229,154.756476610899,0,0,0,1.7505931854248,0,0,0,0,0,0,2096.71281345189,4.62997287511826,11.506263807416,0,0,0,0,0,0,0,0,0,0,0,0,0,0,0,0,0,0,0,0,0,0,0,0,1740.20389959216,1463.71638250351,126.323812022805,1.64633524417877,735.087053969502,353.630667597055,0,0,169.666147381067,0,0.875277161598206,0,0
0,0,0,0,0,0,0,0,0,0,0,0,0,0,0,0,0,0,0,0,0,0,0,0,0,0,0,0,0,0,0,1248.02165497839,0,59.9141233712435,1.29074656963348,60.5622040629387,866.490744352341,0,0,0,0,0,0,0,0,0,0,391.171807527542,0,0,0,0,0,0,0,0,0,0,0,0,0,0,0,0,0,0,0,0,0,0,0,0,0,0,190.041122615337,3859.29245683551,46.7191129177809,35.3657784461975,3.68417423963547,991.618400931358,0,0,440.045561939478,0,0,0,0
0,0.193179234862328,0,0,0,0,0,0,0,0,0,0,0,0,0,0,1.59338200092316,0,0.149850472807884,0,0,0,0,0,0,0,0,0,0,0,0,110.098387733102,59.9141233712435,0,736.804959073663,412.013058483601,15.9203292950988,519.914588660002,29.8786126375198,0,0,2.56239260733128,0.445584654808044,0,0,0,0,2508.87536530197,30.8066948950291,3.7366124689579,0,0,0,0,0,0,0,0,0,0,0,0,0.175705283880234,0,0,0.574206113815308,0.356990247964859,0,0,0,0,0,0,0,19.2733011245728,21.3628242611885,936.696228563786,1327.59350250661,207.219126410782,0.582433342933655,442.02508328855,23.0329287052155,524.353542894125,0.999464452266693,4.43106772750616,0.466323971748352,0
0,0,0,0,0,0,0,0,0,0,0,0,0,0,0,0,0,0,0,0,0,0,0,0,0,0,0,0,0,0,0,33.7207625508308,1.29074656963348,736.804959073663,0,0,488.251086741686,1.6652580499649,122.192940622568,0,1.37631893157959,0,1.61729650199413,0,0,0,0,1678.11204507947,1.74563235044479,0.850465834140778,0,0,0,0,0,0,0,0,0,0,0,0,0,0,0,0,0,0,0,0,0,0,0,0,2.69153070449829,81.9969183802605,732.772774264216,1890.91657270491,0,700.689416773617,0,3.20943862199783,326.312421679497,0,0.570213079452515,0,0
0,0,0,0,0,2.33612108230591,0,0,0,0,0,289.181591399014,0,0,0,0,6.02911195158958,0,41.0021062344313,719.855854526162,0,0,0,0,0,0,0,0,0,0,0,378.673485860229,60.5622040629387,412.013058483601,0,0,1804.90369275957,2393.62319244444,3.03687429428101,15.317014887929,7.93008309602737,41.4061787799001,0.34013606607914,0,0,187.235941134393,0,173.873115614057,22.7255704402924,10.7942378073931,0,0,0,0,0,0,0,61.4739450439811,0,0,0,0,541.955923452973,0,0,0,0,0,0,0,0,0,0,0,354.729156449437,91.7122775912285,286.181580767035,0,24493.1045983136,1597.20864515007,728.937760621309,0,4712.98182340711,1765.18408542871,124.258223161101,3.68262332677841,0
0.267559662461281,0,0.564676284790039,0,96.4102240353823,0,65.1775280535221,0,0,0,235.264301478863,0,0,0,0,0,4.24172604829073,7.48470991849899,53.0627787262201,0,590.317576244473,0,0,0,0,0,0,0,0,0,0,154.756476610899,866.490744352341,15.9203292950988,488.251086741686,1804.90369275957,0,1.67631781846285,1649.52230577171,2.61986207962036,139.803445495665,0.400222286581993,115.204680845141,0,3.4722985625267,0,142.918398074806,53.3610648885369,46.5730521827936,0,32.6299639046192,0,4.00149293243885,0,0,0,592.457515157759,0,0,0,0,0,0,534.101329706609,0,0,0,0,0,0,0,0,0,0,12.4735715091228,413.171345755458,12.1284899115562,39.717697262764,297.116884335876,24513.9403253719,0.169756501913071,375.031926080585,4274.88085913658,4641.18922542036,239.443680666387,0,32.7056164592505
0,0.143531680107117,0,0,0,0,0,0,0,1.90895691514015,0,466.017548270524,0,0,0,0,0,0,0,29.5586550235748,0,736.235714837909,3.30984085798264,190.820575654507,0,0,0,156.758716493845,0,95.6733190715313,0,0,0,519.914588660002,1.6652580499649,2393.62319244444,1.67631781846285,0,258.965334296227,0.130662426352501,0,7.45316424965858,0,0,0,1.79359111189842,0,43.1947115063667,2.87437418103218,438.988677144051,0,0,0,0,0,0,0,66.2138826847076,0,0,0,0,14.701307490468,0,534.106218747795,0,184.322533383965,0,0,0,3.52436637878418,0,53.4982404112816,0,0,0,392.0952950418,1.72153997421265,1064.90852667391,2.39354014396667,15991.3877847865,86.684148401022,2092.68250878155,215.36740025878,168.597386673093,0.572590529918671,0
0,0,0,0,0,0,0,0,28.4350699931383,0,1285.64480503649,0,0,0,0,0,0.492716357111931,0,4.33559829741716,0,86.0036078691483,0,539.844801649451,0,145.542236641049,0,0,0,118.279694616795,0,347.4452213943,0,0,29.8786126375198,122.192940622568,3.03687429428101,1649.52230577171,258.965334296227,0,0,0.802784442901611,0,39.2242273613811,0,0,0,2.73118358850479,1288.9191301018,239.819364458323,58.4493722915649,0,0,0,0,17.0073968321085,0,685.056961551309,0,0,0,0,0,0,102.181501269341,0.458335071802139,336.350856006145,0,67.7831738591194,0,0,0,0,0,142.300945490599,0,0.165348932147026,9.59627562761307,115.12410761416,0,749.347167082131,82.8310396969318,14899.7403636053,2494.10794648528,792.37854899466,121.380605496466,0,3.51666636765003
0,0.144301563501358,0,0,0,0,0,0,0,0,0,0,0,0,0,0,10.8529182076454,27.2459987998009,371.916938334703,0,0,0,0,0,0,0,0,0,0,0,0,0,0,0,0,15.317014887929,2.61986207962036,0.130662426352501,0,0,36.3030151724815,892.87700240314,36.8853696957231,0,0,184.324444621801,5.64056468009949,1.46577961742878,4.99023368954659,777.757661089301,0,0,0,0,0,0,0,18.7721429169178,0,0,0,0,108.924349062145,1.32286763191223,0,0,0,0,0,0,0,0,8.38323828577995,0,0,0,0,0,834.293756082654,6.49198424816132,33.2718876451254,0.168328195810318,139.8165923208,0,1856.89159499854,153.944876007736,1.17780598253012
0.113824591040611,0,0,0,0,0,0,0,0,0,0,0,0,0,0,0,4.7731998115778,8.45490744709969,69.0600202381611,0,0.23034656047821,0,0.181058138608932,0,0,0,0,0,0,0,0,1.7505931854248,0,0,1.37631893157959,7.93008309602737,139.803445495665,0,0.802784442901611,36.3030151724815,0,0.600500881671906,480.072662226856,0,23.4600715562701,0,267.740832351148,267.07475143671,340.359706580639,26.8219899237156,0,0,0,0,2.63351488113403,0,12.8679182082415,0,0,0,0,0,0,530.017231673002,0,0,0,0,0,0,0,0,0,7.56294320523739,13.3514409065247,0,0,0,3.46207237243652,2470.5022167787,1.03048157691956,121.060838460922,116.347130745649,0,1323.69130264223,0,42.5225410163403
0,22.2348411679268,0,101.752662494779,0,0,0,0,0,67.9234714359045,0,0,0,0,0,0,18.2568662390113,38.560285910964,439.087456047535,1.24014592170715,0,0,0,3.47062963247299,0,0,0,0,0,0,0,0,0,2.56239260733128,0,41.4061787799001,0.400222286581993,7.45316424965858,0,892.87700240314,0.600500881671906,0,311.807095557451,0,0,3.13104999810457,5.26732492446899,58.2740787342191,0.453458189964294,447.398426510394,0,0,0,0,0,6.36160507798195,0,605.123579703271,0,0,0,0,276.060517162085,0.324493415653706,0,0,3.08569717407227,0,0,0,0,0,567.260850951076,0,0,0,0,0,1451.31235974282,6.16449729353189,69.5340137481689,3.56361526250839,813.264947168529,0,3337.50542674959,728.56237000227,8.90002845972776
40.3812802433968,0,130.257320269942,0,0,0,0,0,119.41863271594,0,0,0,0,0,0,0,14.5919907540083,22.0034259930253,473.277015395463,0,0.331812500953674,0,0,0,0,0,0,0,0,0,0,0,0,0.445584654808044,1.61729650199413,0.34013606607914,115.204680845141,0,39.2242273613811,36.8853696957231,480.072662226856,311.807095557451,0,0,69.0569119006395,0,115.033565856516,86.3344942927361,226.091533400118,63.7591181248426,0.440058380365372,0,0,0,38.2160241901875,0,526.639322035015,0,0.592126399278641,0,0,0,0.10589337348938,104.740178018808,0,0,0.381922364234924,0,0,0,0,0.649870753288269,0.195103898644447,322.349268853664,0,0,0.220525920391083,2.24147447943687,30.5415432527661,1538.7513474524,1.11614435911179,286.819021426141,858.15535929054,1.04418846964836,3675.86023505777,6.17335888743401,585.341402679682
0,0,0,0,0,0,0,0,0,0,0,0,0,0,0,0,0.322446167469025,0,2.21065437793732,0,0,0,0,0,0,0,0,0,0,0,0,0,0,0,0,0,0,0,0,0,0,0,0,0,0,0,0,0,0,0,0,0,0,0,0,0,0,0,0,0,0,0,0.165953576564789,0,0,0,0,0,0,0,0,0,0,0,0,0,0,0,0,0,0,0,0,0,1.86425089836121,0,0
0,0,0,0,0,0,0,0,0,0,0,0,0,0,0,0,0,0,1.58398833870888,0,0,0,0,0,0,0,0,0,0,0,0,0,0,0,0,0,3.4722985625267,0,0,0,23.4600715562701,0,69.0569119006395,0,0,0,15.38601757586,0,0.683100312948227,1.97605121135712,0,0,0,0,0,0,0,0,0,0,0,0,0,4.33037509024143,0,0,0,0,0,0,0,0,0,0,0,0.286508500576019,0,0,0.145989000797272,58.7678348645568,0,1.18530558049679,14.4796170890331,0,41.4015390127897,0,0.413566134870052
0,0,0,0,0,0,0,0,0,0,0,0,0,0,0,0,0,0,6.23328270018101,1.15295973420143,0,0,0,0,0,0,0,0,0,0,0,0,0,0,0,187.235941134393,0,1.79359111189842,0,184.324444621801,0,3.13104999810457,0,0,0,0,0,0,0,0,0,0,0,0,0,0,0,13.2498739287257,0,0,0,0,1263.06717006117,0,0,0,0,0,0,0,0,0,9.9863427951932,0,0,0,0,0,1597.05001367629,1.4848804473877,350.217012107372,0,8.2146959900856,0,694.791351810098,0.836808800697327,0
0,0,0,0,0,0,0,0,0,0,0,0,0,0,0,0,1.56036506593227,1.10689353942871,66.5664014592767,0,1.9447455406189,0,0,0,0,0,0,0,0,0,0,0,0,0,0,0,142.918398074806,0,2.73118358850479,5.64056468009949,267.740832351148,5.26732492446899,115.033565856516,0,15.38601757586,0,0,0.925892293453217,11.4671255350113,4.22457218170166,0,0,0,0,0,0,6.49324131011963,0,0,0,0,0,0,221.316235989332,0,0,0,0,0,0,0,0,0,0.462982952594757,0,0,0,0,0,1602.51109112054,0,49.2947119623423,18.3430359512568,0,369.364340268075,0,8.96338525414467
9.60640521347523,1.09901582449675,1.40278379619122,1.56565698981285,0,0,0,0,11.5346300452948,10.0333088934422,0,0,0,0,0,0,0,0,0.778967887163162,0,0,0,22.7281900346279,0,0,0,0,0,0,0,0,2096.71281345189,391.171807527542,2508.87536530197,1678.11204507947,173.873115614057,53.3610648885369,43.1947115063667,1288.9191301018,1.46577961742878,267.07475143671,58.2740787342191,86.3344942927361,0,0,0,0.925892293453217,0,1468.64872156084,1191.51995754242,0,0,0,0,0.657535895705223,0.431342348456383,0,1.89482191205025,0,0,0,0,0.898281469941139,0,2.91469743847847,37.0942471921444,0.464391529560089,0.550945043563843,0,0,0,0,0,0,2941.0211866647,1675.92765340209,3025.34585407376,2550.7008357048,1724.26531299949,4351.14424522221,420.669943675399,1598.27798640728,455.697627387941,0,1013.42992080003,3.56256930530071,2.50539629161358
283.285753294826,0,57.8865299224854,0,0,0,0,0,21.4488282501698,0,0,0,0,0,0,0,0,0,1.01546333730221,0,0,0,29.3848551213741,0,24.4035068452358,0,0,0,0,0,0,4.62997287511826,0,30.8066948950291,1.74563235044479,22.7255704402924,46.5730521827936,2.87437418103218,239.819364458323,4.99023368954659,340.359706580639,0.453458189964294,226.091533400118,0,0.683100312948227,0,11.4671255350113,1468.64872156084,0,73.4347851276398,0,0,0,0,49.5436297208071,0,77.4388494342566,0,19.7735284864902,0,32.1684993505478,0,0,3.62659041583538,0,143.084844261408,0,51.3554476499557,0,51.8213216364384,0,357.300849616528,0,25.1679369807243,14.0666560828686,13.9833618998528,226.243813335896,47.2248332202435,1.82934772968292,710.974377721548,8.58344347774982,505.446070939302,187.204682596028,0,1487.42496722937,0,2.80816851556301
1.22228845953941,160.915437743068,0,4.42010515928268,0,0,0,0,0.845236748456955,11.3611556142569,0,0,0,0,0,0,3.52540469169617,3.99116110801697,27.0711568593979,0,0,205.950319603086,0,188.233047604561,0,36.4915227741003,0,0,0,0,0,11.506263807416,0,3.7366124689579,0.850465834140778,10.7942378073931,0,438.988677144051,58.4493722915649,777.757661089301,26.8219899237156,447.398426510394,63.7591181248426,0,1.97605121135712,0,4.22457218170166,1191.51995754242,73.4347851276398,0,0,0,0,0,0,8.32889840006828,0.47540882229805,357.463800773025,0,208.637751668692,0,12.921499311924,2.19881927967072,0,269.534752115607,1.12098369002342,151.073146998882,0,82.9937156438828,0,696.062241658568,0,24.7859899550676,0,2.80101200938225,0,32.4559655785561,6.54078003764153,390.061021707952,0.612983047962189,978.41465973109,35.8990480005741,337.668874636292,0,1317.21405304223,6.22540460526943,1.0182686150074
0,0,53.1213958710432,0,190.497512891889,0,52.2786027193069,0,3,0,0.619466722011566,0,0,0,9.92112404108047,0,0,0,0,0,2.30197322368622,0,0,0,0,0,0,0,0,0,0,0,0,0,0,0,32.6299639046192,0,0,0,0,0,0.440058380365372,0,0,0,0,0,0,0,0,0,38.2777924537659,0,0.668324708938599,0,115.006638541818,0,180.027277767658,0,78.802616328001,0,0,176.47931984067,0,0,0,0,0,0,0,0,0,0,0,0,0,0,0,0,0,0,56.3330399990082,0,147.024854660034,0,0
0,0,0,0.703522384166718,0,152.71581569314,0,33.4339856505394,0,0,0,3.38458901643753,0,0,0,0,0,0,0,17.4300319552422,0,0,0,0,0,0,0,0,0,0,0,0,0,0,0,0,0,0,0,0,0,0,0,0,0,0,0,0,0,0,0,0,0,105.592047810555,0,7.10796594619751,0,0.561882585287094,0,0,0,31.3578655719757,0.635826021432877,0,0,0,0,0,0,0,0,0,0,0,0,0,0,0,0,0,0,0,158.163118079305,8.73469281196594,52.2699123620987,0,0
0,0,0,0,17.5137878656387,0,570.233674317598,0,0,0,0,0,0,0,0,0,0,0,0,0,68.0688945651054,0,0,0,0,0,0,0,0,0,0,0,0,0,0,0,4.00149293243885,0,0,0,0,0,0,0,0,0,0,0,0,0,38.2777924537659,0,0,0,0,0,624.788234189153,0,44.0653340518475,0,0,0,0,0,0,0,0,0,0,0,0,0,0,0,0,0,0,0,0,0.420019626617432,0,0,258.116522952914,3.0848975777626,2.44816660881042,0,0
0,0,0,0,0,51.4730930626392,0,363.309970468283,0,0,0,109.340545147657,0,137.698978066444,0,0,0,0,0,2.12250423431396,0,0,0,0,0,0,0,0,0,0,0,0,0,0,0,0,0,0,0,0,0,0,0,0,0,0,0,0,0,0,0,105.592047810555,0,0,0,0,0,25.0107582509518,0,5.07722270488739,0,0,14.5259975045919,0,0,0,0,0,0,0,0,0,0,0,0,0,0,0,0,0,0,0,23.3759561181068,1.23036706447601,0,0,0
157.217346742749,0,55.7205879688263,0,0,0,0,0,937.052190691233,0,0,0,0,0,316.177175462246,0,16.4947484135628,1.65984284877777,0.793848663568497,0,0,0,0,0,203.641799479723,0,491.255914747715,0,0,0,0,0,0,0,0,0,0,0,17.0073968321085,0,2.63351488113403,0,38.2160241901875,0,0,0,0,0.657535895705223,49.5436297208071,0,0.668324708938599,0,0,0,0,0,8.23395350575447,0,1.67605370283127,0,136.08800406754,0,0,1.08787715435028,0,0,0,114.178214162588,0,28.6233243346214,0,0,0,0.331265270709991,0,0,0,0,0,0,0,114.675594717264,176.155324280262,21.5211168527603,56.0700668990612,0,0.161237850785255
0,277.535674199462,0,81.1022065281868,0,0,0,0,0.51899653673172,850.161817342043,0,0,0,0,0,482.545851945877,2.70292735099792,21.8391186594963,8.5384107530117,0,0,0,0,76.8605200052261,0,12.5252025127411,0,0,0,0,0,0,0,0,0,0,0,0,0,0,0,6.36160507798195,0,0,0,0,0,0.431342348456383,0,8.32889840006828,0,7.10796594619751,0,0,0,0,0,0,0,0,0,172.813815534115,0,0,0,0,38.2792235910892,0,1.50499379634857,0,0,0,0,0,0,0,0,0,0,0,8.75237464904785,0,213.998924583197,5.78549861907959,104.619451388717,0,0
0.604416280984879,0,83.2523920983076,0,4.57838639616966,0,0.834734708070755,0,0.464172124862671,0,930.892620533705,0,162.543782606721,0,0,0,10.418166488409,13.4947743862867,75.8117203637958,0,383.699974581599,0,0,0,0,0,0,0,0,0,43.8297584652901,0,0,0,0,0,592.457515157759,0,685.056961551309,0,12.8679182082415,0,526.639322035015,0,0,0,6.49324131011963,0,77.4388494342566,0.47540882229805,115.006638541818,0,624.788234189153,0,8.23395350575447,0,0,0,434.346735820174,0,0.744966268539429,0,0,812.653109274805,0,0,0,0,0,1.95543533563614,0,543.618255496025,0,208.055877052248,0,0,0,0,0.753617793321609,81.9747885465622,0,52.1455262601376,213.426553465426,13.3883262872696,1167.67212449014,0,42.8316575735807
0,0.693335607647896,0,16.8648918122053,0,6.84371450543404,0,59.6397760361433,0,0,0,2719.81709885597,0,261.591443583369,0,0,0.410631954669952,5.39210057258606,48.3717518150806,9.87045772373676,0,0,0,0,0,0,0,0,0,23.5995121002197,0,0,0,0,0,61.4739450439811,0,66.2138826847076,0,18.7721429169178,0,605.123579703271,0,0,0,13.2498739287257,0,1.89482191205025,0,357.463800773025,0,0.561882585287094,0,25.0107582509518,0,0,0,0,0,76.7949319332838,0,3.58095529675484,174.91378724575,0,0,0,0,0,2.09692484140396,0,91.9140537977219,0,1256.76127408445,0,0,0,0,0,12.9203486517072,0,7.18712429702282,0,126.241850167513,0,752.729927271605,20.1107568889856,0
0,0,41.9999860674143,0,12.4049765169621,0,146.130867421627,0,0,0,448.443969935179,0,830.543334439397,0,116.089174091816,0,0,0,2.37782341241837,0,0,0,0,0,0,0,0,0,0,0,0,0,0,0,0,0,0,0,0,0,0,0,0.592126399278641,0,0,0,0,0,19.7735284864902,0,180.027277767658,0,44.0653340518475,0,1.67605370283127,0,434.346735820174,0,0,0,104.188830584288,0,0,50.6191719025373,0,0,0,0,0,4.38128823041916,0,83.1948483288288,0,0.638963937759399,0,0,0,0,0,0,0,0.831395030021667,307.850311338902,1.99161243438721,134.89143794775,0,0.616264134645462
0,0,0,0,0,0,0,94.1181304454803,0,0,0,13.0148470699787,0,1888.93358315527,0,308.184466302395,0,0,0,0,0,0,0,0,0,0,0,2,0,0,0,0,0,0,0,0,0,0,0,0,0,0,0,0,0,0,0,0,0,208.637751668692,0,0,0,5.07722270488739,0,0,0,76.7949319332838,0,0,0,402.092388123274,0,0,0,0,0,0,2.91545474529266,0,3.19090464711189,0,0,0,0,0,0,0,0,0,0,0,58.4239478707314,0,0,0,0
20.462314337492,0,0.620487838983536,0,51.9933602511883,0,0,0,41.6884357184172,0,0,0,19.2350991368294,0,471.097808897495,0,92.1698608994484,0,0,0,0,0,0,0,0,0,0,0,0,0,0,0,0,0,0,0,0,0,0,0,0,0,0,0,0,0,0,0,32.1684993505478,0,78.802616328001,0,0,0,136.08800406754,0,0.744966268539429,0,104.188830584288,0,0,0,0,0,0,0,0,0,0,0,0,0,0,0,0,0,0,0,0,0,0,0,115.480311453342,5.7412241101265,0,0,0
0,23.5549638420343,0,0,0,2.9026780128479,0,0,0,114.056059911847,0,0,0,215.126913189888,0,587.134120643139,2.07412442564964,201.054399490356,2.12375569343567,0,0,1.9793341755867,0,1.27550268173218,0,224.366258144379,0,0,0,0,0,0,0,0,0,0,0,0,0,0,0,0,0,0,0,0,0,0,0,12.921499311924,0,31.3578655719757,0,0,0,172.813815534115,0,3.58095529675484,0,402.092388123274,0,0,0,0,0,0,0,0,18.4860768020153,0,0,0,0,0,0,0,0,0,0,0,0,0,96.0518263578415,0,0,0,0
0,0,0,3.36157849431038,0,52.760061442852,0,132.270810693502,0,0,0,266.689961701632,0,0,0,0,1.58004558086395,0,42.4889011532068,1835.33911262453,0,0,0,0,0,0,0,0,0,0,0,0,0,0.175705283880234,0,541.955923452973,0,14.701307490468,0,108.924349062145,0,276.060517162085,0.10589337348938,0.165953576564789,0,1263.06717006117,0,0.898281469941139,0,2.19881927967072,0,0.635826021432877,0,14.5259975045919,0,0,0,174.91378724575,0,0,0,0,0,0,0,0,0,0,0,0,2.37427222728729,0,180.502442732453,0,0,0,0,0,1505.67190032452,0,272.411636635661,0,301.067584127188,0,501.051953010261,15.5016789734364,0
0.864162929356098,0,15.0229023396969,0,75.9712484478951,0,6.07460790872574,0,0,0,145.323105692863,0,0,0,0,0,0.349709615111351,3.69735838472843,18.2079694792628,0,969.988910198212,0,0,0,0,0,0,0,0,0,0,0,0,0,0,0,534.101329706609,0,102.181501269341,1.32286763191223,530.017231673002,0.324493415653706,104.740178018808,0,4.33037509024143,0,221.316235989332,0,3.62659041583538,0,176.47931984067,0,0,0,1.08787715435028,0,812.653109274805,0,50.6191719025373,0,0,0,0,0,0,0,0,0,0,0,0,0,0,15.0423641055822,0,0,0,0,1.03305113315582,1701.05363190174,0,994.11158131808,575.33763487637,1.00704205036163,816.793467953801,0,2.71862232685089
0,0,0,0,0,0,0,0,0,0,0,0,0,0,0,0,0.191776260733604,19.9919101893902,0,0,0,7143.23116077483,0,33.1802966296673,0,152.587999582291,0,105.693958908319,0,0,0,0,0,0,0,0,0,534.106218747795,0.458335071802139,0,0,0,0,0,0,0,0,2.91469743847847,0,269.534752115607,0,0,0,0,0,0,0,0,0,0,0,0,0,0,0,0,33.9861962497234,0,57.8614836931229,0,367.487271115184,0,0.386120319366455,0,0,0,27.9402198791504,0,0,0,474.647220805287,0,189.663300096989,12.3483860492706,2.50500869750977,0,0
0,0,0,0,0,0,0,0,0,0,0,0,0,0,0,0,3.17298054695129,0,0,0,0,43.725830078125,6251.95291431248,0,3.73054039478302,0,138.874158114195,0,111.392296850681,0,0,0,0,0.574206113815308,0,0,0,0,336.350856006145,0,0,0,0,0,0,0,0,37.0942471921444,143.084844261408,1.12098369002342,0,0,0,0,0,0,0,0,0,0,0,0,0,0,0,0,0,49.1228212118149,0,249.315617382526,0,94.4692861884832,0,0,0,0,1.35880613327026,0,0,0,0,654.63929797709,695.680689781904,27.8722894638777,1.90568649768829,0,0
0,2.52640131115913,0,0,0,0,0,0,3.17243632674217,20.7455734610558,0,0,0,0,2.51208472251892,0.740720152854919,56.684100061655,100.309454366565,26.6146474778652,0,0,113.896358221769,0,1409.50297242403,2.73067927360535,655.59812527895,0,0,0,0,0,0,0,0.356990247964859,0,0,0,184.322533383965,0,0,0,3.08569717407227,0.381922364234924,0,0,0,0,0.464391529560089,0,151.073146998882,0,0,0,0,0,38.2792235910892,0,0,0,0,0,0,0,0,33.9861962497234,0,0,0,52.8958712816238,0,18.6499114632607,0,0,0,0,0,3.16732794046402,0,0,0,214.543000146747,0,200.196935176849,0,287.419405788183,0,0
0,0,0,0,0,0,0,0,0,0,0,0,0,0,0,0,13.6284256577492,3.83920049667358,0,0,0,0,13.3091557770967,0,1411.43514531851,0,97.6123639345169,0,0,0,0,0,0,0,0,0,0,0,67.7831738591194,0,0,0,0,0,0,0,0,0.550945043563843,51.3554476499557,0,0,0,0,0,114.178214162588,0,0,0,0,0,0,0,0,0,0,49.1228212118149,0,0,0,119.876192867756,0,0,0,0,0,0,0,0.891853272914886,0,0,0,269.308062002063,33.1547217965126,0,64.4505216181278,0,0
0,6.81931209564209,0,0,0,0,0,0,1.86861860752106,2.19698262214661,0,0,0,48.6097275912762,0,90.9150460064411,4.32699172198772,211.349620968103,13.8904621601105,0,0,73.8156354129314,0,21.9981443881989,0,1684.39878758788,0,72.0807041525841,0,0,0,0,0,0,0,0,0,0,0,0,0,0,0,0,0,0,0,0,0,82.9937156438828,0,0,0,0,0,1.50499379634857,0,2.09692484140396,0,2.91545474529266,0,18.4860768020153,0,0,57.8614836931229,0,52.8958712816238,0,0,0,164.05407166481,0,0,0,0,0,0,0,0,0,0,0,109.642023891211,0,1.39926862716675,0,0
0,0,0,0,0,0,0,0,4.37450754642487,0,0,0,0,0,55.7057175040245,0,66.6790264844894,1.39280545711517,0,0,0,0,1.78840899467468,0,9.65653720498085,0,1282.30068627,0,37.5126156806946,0,0,0,0,0,0,0,0,0,0,0,0,0,0,0,0,0,0,0,51.8213216364384,0,0,0,0,0,28.6233243346214,0,1.95543533563614,0,4.38128823041916,0,0,0,0,0,0,249.315617382526,0,119.876192867756,0,0,0,38.9148697853088,0,0,0,0,0,0,0,0,0,0,30.1597881019115,0,0,0,0
0,0,0,0,0,0,0,0,0,0,0,0,0,37.4662531912327,0,4.77153873443604,0,0,0,0,0,27.5028115808964,0,0,0,212.409153044224,0,2435.97662509978,0,120.379682213068,0,0,0,0,0,0,0,3.52436637878418,0,0,0,0,0,0,0,0,0,0,0,696.062241658568,0,0,0,0,0,0,0,91.9140537977219,0,3.19090464711189,0,0,2.37427222728729,0,367.487271115184,0,18.6499114632607,0,164.05407166481,0,0,0,588.591562867165,0,0,0,0,0,0,0,60.4347567558289,0,193.023494660854,31.3833875656128,0,0,0
0,0,0,0,0,0,0,0,0,0,0,0,1,0,0,0,0,0,0,0,0,0,63.8163152635098,0,0,0,1,0,437.792211294174,0,0,0,0,0,0,0,0,0,0,0,0,0,0.649870753288269,0,0,0,0,0,357.300849616528,0,0,0,0,0,0,0,543.618255496025,0,83.1948483288288,0,0,0,0,0,0,94.4692861884832,0,0,0,38.9148697853088,0,0,0,17.9223116934299,0,0,0,0,0,0,0,237.952803790569,110.082225561142,0,9.26849842071533,0,0
0,0.32325105369091,0,19.5227061361074,0,0,0,0,0,0,0,112.546710148454,0,1.71312302350998,0,0,5.23241563141346,8.82131513953209,61.4887557923794,0,0,0,0,0,0,0,0,42.2395424544811,0,779.918085321784,0,0,0,0,0,0,0,53.4982404112816,0,8.38323828577995,0,567.260850951076,0.195103898644447,0,0,9.9863427951932,0,0,0,24.7859899550676,0,0,0,0,0,0,0,1256.76127408445,0,0,0,0,180.502442732453,0,0.386120319366455,0,0,0,0,0,588.591562867165,0,0,0,0,0,0,0,9.20743118226528,0.296886622905731,227.650457292795,0,42.0905062705278,0,569.293351367116,32.2578557282686,0
1.08304020762444,0,19.6858302950859,0,0,0,0,0,0,0,6.85971875488758,0,0,0,0,0,8.91050651669502,8.01660704612732,44.0592241734266,0,1.7819436788559,0,0,0,0,0,0,0,38.7961554229259,0,423.282604336739,0,0,0,0,0,0,0,142.300945490599,0,7.56294320523739,0,322.349268853664,0,0,0,0.462982952594757,0,25.1679369807243,0,0,0,0,0,0.331265270709991,0,208.055877052248,0,0.638963937759399,0,0,0,0,15.0423641055822,0,0,0,0,0,0,0,17.9223116934299,0,0,0,0,0,0,1.87284028530121,33.8072871863842,0,173.167225822806,85.4029332026839,0,847.880702182651,0,57.0686179101467
0,0,0,0,0,0,0,0,0,0,0,0,0,0,0,0,0,0,0,0,0,0,0,0,0,0,0,0,0,0,0,1740.20389959216,190.041122615337,19.2733011245728,2.69153070449829,354.729156449437,12.4735715091228,0,0,0,13.3514409065247,0,0,0,0,0,0,2941.0211866647,14.0666560828686,2.80101200938225,0,0,0,0,0,0,0,0,0,0,0,0,0,0,0,0,0,0,0,0,0,0,0,0,0,497.410738289356,299.733587160707,0.452568471431732,1226.14564308524,1713.81356395781,0,0,1.25678527355194,0,0,0,0
0,0,0,0,0,0,0,0,0,0,0,0,0,0,0,0,0,0,0,0,0,0,0,0,0,0,0,0,0,0,0,1463.71638250351,3859.29245683551,21.3628242611885,81.9969183802605,91.7122775912285,413.171345755458,0,0.165348932147026,0,0,0,0,0,0.286508500576019,0,0,1675.92765340209,13.9833618998528,0,0,0,0,0,0,0,0,0,0,0,0,0,0,0,0,0,0,0,0,0,0,0,0,0,497.410738289356,0,20.9766155779362,380.957346305251,4.6777036190033,1133.28157508373,0,0,461.027763158083,0,0,0,0
0,0,0,0,0,0,0,0,0,0,0,0,0,0,0,0,0,0,0,0,0,16.3243680596352,0,0,0,0,0,0,0,0,0,126.323812022805,46.7191129177809,936.696228563786,732.772774264216,286.181580767035,12.1284899115562,392.0952950418,9.59627562761307,0,0,0,0.220525920391083,0,0,0,0,3025.34585407376,226.243813335896,32.4559655785561,0,0,0,0,0,0,0,0,0,0,0,0,0,0,27.9402198791504,1.35880613327026,3.16732794046402,0,0,0,0,0,0,0,299.733587160707,20.9766155779362,0,1413.6196513921,881.134452149272,21.6082498431206,323.551974982023,42.3570334613323,323.1591591537,0,3.81217116117477,0,0
0,0,0,0,0,0,0,0,0,0,0,0,0,0,0,0,0,0,1.99940896034241,0,0,0,0,0,0,0,0,0,0,0,0,1.64633524417877,35.3657784461975,1327.59350250661,1890.91657270491,0,39.717697262764,1.72153997421265,115.12410761416,0,0,0,2.24147447943687,0,0,0,0,2550.7008357048,47.2248332202435,6.54078003764153,0,0,0,0,0,0,0,0,0,0,0,0,0,0,0,0,0,0.891853272914886,0,0,0,0,0,0,0.452568471431732,380.957346305251,1413.6196513921,0,1.70834720134735,542.271385341883,8.15488481521606,463.326488673687,62.6380389034748,0,5.08363525569439,0,0
