0,55.7636931283133,6.47408422969636,0,13.4434844425746,0,0,0,7.78434705734253,0,0,0,0,0,11.9029512405396,0,46.3125743865967,47.7051830291748,5.46374136929351,0,0,0,0,52.2229928970337,22.7128582000732,0,0,0,0,0,0,0,0,0,0,0,0,42.1215455698413,22.2018392086029,0,28.242980874103,53.767328898112,21.5740222657195,0,0,0,18.7851219964168,29.3277093929096,6.51665363892265,50.0495712280273,0,0,0,0,7.36943759689472,0,18.8983736038208,0,0,0,6.99305066519146,0,0,31.5142706025322,0,0,48.9738971710205,10.6851843015283,0,0,0,0,0,25.4742380489003,0,0,0,0,101.020111083984,28.3025261748071,71.8385238647461,25.2162383044208,19.9504137016639,0,19.2668101581557,53.0754013061523,19.8651480674744
55.7636931283133,0,63.027416229248,6.73455448702079,0,0,0,0,0,5.19955577416282,0,0,0,0,0,5.79781413078308,39.0919046401978,34.8439712524414,9.89823895213248,0,0,0,0,0,42.3334800720215,0,0,0,0,0,0,0,0,0,0,0,0,10.8704654016802,37.4465466549522,24.607007814065,0,15.6171968416734,55.5284004211426,0,0,15.8703113652892,0,25.4238595962524,58.0737953186035,7.57111315331928,0,19.4683728218079,0,0,65.1547241210938,4.7902767396953,0,0,0,0,68.1481475830078,4.79291437113727,27.4191398620605,79.8047103881836,0,0,4.05717142768528,43.7060794830322,0,0,0,0,34.1320106506348,0,0,0,0,0,27.1707203906515,0,25.1843013763428,35.7651062011719,13.721601964225,8.92102940877279,13.776781062827,16.3512138426304,0
6.47408422969636,63.027416229248,0,0,12.1540620110252,0,0,0,7.70935900722231,0,0,0,0,0,0,0,65.9932994842529,58.6676330566406,49.298252286911,0,13.9129619598389,0,0,0,0,0,0,0,0,0,0,0,0,0,0,30.692424138387,29.7065467834473,47.8196220397949,37.90625,0,30.6386949920654,41.9154324531555,31.7514408335966,0,0,0,23.1132967492112,35.7704693476359,11.5557653220546,0,9.55466132035126,0,0,0,17.9686602183751,0,4.78467651986584,0,4.86043436255231,0,4.85652748696944,0,0,26.8585796356201,0,0,0,27.7269245783488,0,0,0,33.3190727233887,0,31.2300006747246,0,0,0,0,102.124984741211,33.2120747492864,86.0368499755859,35.0091193517049,17.9088610617767,0,18.4997933758756,0,43.3662877082825
0,6.73455448702079,0,0,0,5.27323177358606,0,0,0,7.33696641344013,0,0,0,0,0,0,57.2475784301758,59.9079666137695,46.996086359024,10.2744851112366,0,0,0,0,0,0,0,0,0,0,0,0,0,0,0,12.709755873276,25.2033920288086,0,0,24.9756451845169,73.9193344116211,32.2525587081909,41.5914657229469,0,0,17.6604654344462,48.615478515625,28.9805912971497,34.652405166626,8.88190232284766,0,7.15310087066532,0,0,0,6.63922624618976,0,5.89393067195498,0,4.86230969281844,0,6.15980536580379,9.84215307235718,0,0,0,0,0,0,0,27.0878810882568,0,29.1737909970218,0,0,0,0,0,27.7197624593973,0,36.8073259989421,76.141975402832,10.8730149162002,6.64420960098505,12.6777736534953,20.7497666903905,0
13.4434844425746,0,12.1540620110252,0,0,0,0,0,3.40269308059643,0,0,0,0,0,0,0,63.6814289093018,52.8645858764648,40.3031196594238,0,6.229128253871,0,0,0,0,0,0,0,0,0,0,0,0,0,0,40.8500709533691,15.6084280014038,0,0,0,24.697691599528,80.5062255859375,40.8256138563156,0,0,0,27.1808585190192,0,17.7074521935504,0,5.7146388818236,0,0,0,3.44089057710436,0,6.68163069089254,0,0,0,0,0,0,11.3342086712519,0,0,0,0,0,0,0,0,0,31.9120826721191,0,0,0,0,0,31.935371194567,0,34.8317779541016,4.36450759776227,0,9.72846852598622,0,0
0,0,0,5.27323177358606,0,0,0,3.18444053332011,0,0,0,0,0,0,0,0,78.7823791503906,0,0,4.7001207120078,0,0,0,0,0,0,0,0,0,0,0,0,0,0,0,12.5877416680257,0,0,0,29.365731375558,0,36.0368565952077,38.3703002929688,0,0,20.041597366333,47.9955902099609,0,0,28.1045702828301,0,4.9421546459198,0,0,0,0,0,14.3952987194061,0,0,0,0,7.1952886139905,0,0,0,0,0,0,0,0,0,32.806206703186,0,0,0,0,0,11.3410956612949,0,0,0,3.90735855864769,4.81312986424095,8.66995950553377,48.1863670349121,0
0,0,0,0,0,0,0,0,0,0,0,0,0,0,0,0,0,0,0,0,5.30405363093975,0,0,0,0,0,0,0,0,0,0,0,0,0,0,0,0,0,0,0,0,0,0,0,0,0,0,0,0,0,0,0,2.95438949267069,0,0,0,0,0,2.94869041442871,0,0,0,0,0,0,0,0,0,0,0,0,0,0,0,0,0,0,0,0,0,0,0,3.85547880083323,2.96041774749756,0,0,0
0,0,0,0,0,3.18444053332011,0,0,0,0,0,3.25714018706876,0,0,0,0,0,0,0,5.17371746209952,0,0,0,0,0,0,0,0,0,0,0,0,0,0,0,0,0,0,0,0,0,0,0,0,0,0,0,0,0,0,0,0,0,3.37599158287048,0,0,0,0,0,0,0,0,7.28192103125832,0,0,0,0,0,0,0,0,0,0,0,0,0,0,0,0,0,0,0,3.1374493016137,0,0,0,0
7.78434705734253,0,7.70935900722231,0,3.40269308059643,0,0,0,0,0,0,0,4.75054502487183,0,3.34536874426004,0,6.41875188958411,0,27.8256311416626,0,0,0,0,0,5.8226096180902,0,3.77765369812648,0,0,0,0,0,0,0,0,0,0,0,9.61366106657421,0,32.9896507263184,41.5053634643555,19.5224969709242,0,0,0,24.1997403364915,35.8181800842285,5.20391421941481,0,0,0,0,0,6.10527538611955,0,0,0,0,0,3.5790500814333,0,0,53.4610404968262,0,0,0,8.83471446037293,0,3.22992529494039,0,0,0,23.0343596140544,0,0,0,0,0,38.7276633580526,42.8684883117676,13.3483857062128,5.92659996744234,5.23441958200796,14.1170305898113,0,0
0,5.19955577416282,0,7.33696641344013,0,0,0,0,0,0,0,0,0,0,0,3.98229884247791,27.4740161895752,4.41699535648028,5.87996013024274,0,0,30.8899192810059,0,9.08982829938882,0,6.26480977314035,0,0,0,0,0,0,0,0,0,0,0,11.542882071601,0,0,0,8.04208686309201,0,0,0,0,0,0,0,8.86945854062619,0,0,0,0,0,5.47561710994003,0,0,0,0,0,7.09653750846261,0,0,23.8450284004211,0,6.80241194417921,0,10.7733455257756,0,0,0,39.9105567932129,0,0,0,0,0,0,0,18.3319668545442,0,5.1032623973102,4.90925394211497,9.35921567267385,3.79576107433864,0
0,0,0,0,0,0,0,0,0,0,0,0,3.3600343133128,0,0,0,0,0,0,0,4.10207098380669,0,0,0,0,0,0,0,3.62817401152391,0,5.25172028139882,0,0,0,0,0,3.33304383565372,0,4.27711629255851,0,0,0,0,0,0,0,0,0,0,0,6.13919678188506,0,5.91891145706177,0,0,0,4.16196149765976,0,3.15258139925436,0,0,0,0,4.1953853448232,0,0,0,0,0,0,0,2.97145908595594,0,5.99302019882202,0,0,0,0,0,3.65123343467712,0,4.08583324939221,3.18171661077904,3.00014653801918,5.97054076194763,0,0
0,0,0,0,0,0,0,3.25714018706876,0,0,0,0,0,3.87705637391206,0,0,0,0,51.4174346923828,5.20551303020743,0,0,0,0,0,0,0,3.30882417588007,0,4.33461165428162,0,0,0,0,0,3.75749555150285,0,4.11706996542353,0,0,0,0,0,0,0,0,0,0,0,0,0,0,0,0,0,0,0,3.95732126125512,0,4.69061447000828,0,0,4.07233263168138,0,0,0,0,0,0,0,3.23156033482468,0,5.6457654557577,0,0,0,0,0,5.52547480201721,0,6.73644870519638,0,4.00126109450264,0,3.25443754593531,0,0
0,0,0,0,0,0,0,0,4.75054502487183,0,3.3600343133128,0,0,0,3.7309185663859,0,0,0,0,0,0,0,0,0,0,0,4.8212571144104,0,4.86505842208862,0,2.72287201881409,0,0,0,0,0,0,0,0,0,0,0,0,0,0,0,0,0,0,0,0,0,0,0,0,0,0,0,3.18196286319138,0,0,0,0,0,0,0,0,0,0,0,0,3.1412525177002,0,0,0,0,0,0,0,0,0,0,3.31281248060986,3.32054040487137,0,0,0
0,0,0,0,0,0,0,0,0,0,0,3.87705637391206,0,0,0,4.48709795890598,0,0,0,0,0,0,0,0,0,0,0,3.01775693893433,0,0,0,0,0,0,0,0,0,0,0,0,0,0,0,0,0,0,0,0,0,0,0,0,0,0,0,0,0,3.54079839780733,0,3.88012524106908,0,5.57277888128656,0,0,0,0,0,0,0,0,2.8657762143347,0,0,0,0,0,0,0,0,0,0,0,4.03439441608016,3.62715832793753,0,0,0
11.9029512405396,0,0,0,0,0,0,0,3.34536874426004,0,0,0,3.7309185663859,0,0,0,7.1846348132406,0,0,0,0,0,0,0,0,0,8.4296170870463,0,0,0,0,0,0,0,0,0,0,0,0,0,0,0,0,0,0,0,0,0,0,0,0,0,0,0,4.21043570602641,0,0,0,6.53158521652222,0,3.4762179141349,0,0,0,0,0,0,21.5176811218262,0,0,0,0,0,0,0,0,0,0,0,0,0,0,3.64534174020474,3.60553066483859,0,0,0
0,5.79781413078308,0,0,0,0,0,0,0,3.98229884247791,0,0,0,4.48709795890598,0,0,0,0,0,0,0,0,0,0,0,4.1486143882458,0,0,0,0,0,0,0,0,0,0,0,0,0,0,0,0,0,0,0,0,0,0,0,0,0,0,0,0,0,3.68781433210104,0,0,0,7.25278516916128,0,4.50204175721228,0,0,0,0,0,0,0,0,0,0,0,0,0,0,0,0,0,0,0,0,6.31155622005463,0,0,0,0
46.3125743865967,39.0919046401978,65.9932994842529,57.2475784301758,63.6814289093018,78.7823791503906,0,0,6.41875188958411,27.4740161895752,0,0,0,0,7.1846348132406,0,0,14.0974437247103,15.0444963242899,0,0,0,3.29333283998308,0,2.87417554855347,0,3.87814845490077,0,4.08963406085968,0,0,0,0,0,0,0,0,0,0,56.1514243398394,50.4913116406791,48.9576909334994,43.0416197709634,0,39.0715866088867,52.3801742281233,46.6024252590926,0,77.0951156616211,74.3008880615234,78.15380859375,0,0,0,0,0,46.5682697296143,56.9211769104004,0,0,0,0,60.2949371337891,58.1410661177202,0,3.37650756835937,0,7.50638937950134,0,0,0,46.8741645812988,57.4928372701009,57.7916714986165,0,0,0,0,58.6550168936593,56.6095431433784,56.2107631365458,52.907784541448,13.3126796808344,6.71362528409907,49.7675904291492,46.5856539045061,38.9962742246431
47.7051830291748,34.8439712524414,58.6676330566406,59.9079666137695,52.8645858764648,0,0,0,0,4.41699535648028,0,0,0,0,0,0,14.0974437247103,0,16.6561277714849,0,0,0,0,0,0,4.83007459481557,0,0,0,0,0,0,0,0,0,0,0,0,102.109245300293,53.5141347390634,61.8101842543658,47.5180157589247,53.8409561183717,0,0,50.5371875,53.8882780376234,0,54.802619934082,58.897702898298,0,0,0,0,0,55.7251567840576,0,41.7983303070068,0,0,0,0,52.0556526184082,66.2578533717564,0,0,0,0,0,0,0,0,52.5624039593865,62.1047654993394,0,0,0,0,56.4368956967404,63.5132187906901,54.4650131010673,65.2034749984741,12.2071561324014,6.6818747967779,51.7181462720799,41.8888269284876,56.1575904846191
5.46374136929351,9.89823895213248,49.298252286911,46.996086359024,40.3031196594238,0,0,0,27.8256311416626,5.87996013024274,0,51.4174346923828,0,0,0,0,15.0444963242899,16.6561277714849,0,0,39.7302112579346,0,0,0,0,29.644926071167,0,0,0,0,0,0,0,0,0,61.307243347168,51.8258628845215,0,38.0322003364563,44.0019501442517,44.3988186876735,35.7767541630358,35.4387176341481,0,26.3485946655273,34.2081982493401,36.1306176569391,52.9487457275391,44.7596441109975,47.6741280436516,73.1282043457031,74.2892608642578,0,0,28.1243215288435,0,34.0170154571533,34.1094733344184,0,0,0,0,46.8401216360239,48.8528628045502,0,0,0,27.1841440200806,0,0,52.4204597473145,0,37.0999106571173,38.0012636044446,0,0,0,0,44.5767258187999,44.0270096065645,43.0170102708795,41.536811736619,17.5984945038835,18.141910643191,35.6872790218822,32.5290350903065,33.9569835259881
0,0,0,10.2744851112366,0,4.7001207120078,0,5.17371746209952,0,0,0,5.20551303020743,0,0,0,0,0,0,0,0,0,0,0,0,0,0,0,0,0,0,0,0,0,0,0,4.95542186888579,0,5.54091684900184,0,31.3155908584595,0,45.5448356628418,42.8298377990723,0,0,29.2245101928711,0,0,38.1347236633301,31.5541725158691,0,0,0,2.82258334755898,0,0,0,5.15421105566479,0,26.5026988983154,0,0,4.61856877382037,0,0,0,0,0,0,0,38.7579803466797,0,39.706335067749,0,0,0,0,0,5.63023781241515,0,9.43579308354125,0,5.49485582722558,3.48544216156006,8.24737187643205,0,0
0,0,13.9129619598389,0,6.229128253871,0,5.30405363093975,0,0,0,4.10207098380669,0,0,0,0,0,0,0,39.7302112579346,0,0,0,0,0,0,0,0,0,0,0,8.14037268502372,0,0,0,0,0,4.02928354144096,0,4.28840988020034,0,0,0,42.7328643798828,0,0,0,29.5584840774536,0,0,0,6.27168481125022,0,9.1046397186989,0,0,0,4.10827415856985,0,0,0,0,0,0,4.3295569809928,0,0,0,0,0,0,0,0,0,38.9833908081055,0,0,0,0,0,4.40464995211403,0,3.85411028726406,9.68459368224191,13.4493043422699,7.47443410715161,0,0
0,0,0,0,0,0,0,0,0,30.8899192810059,0,0,0,0,0,0,0,0,0,0,0,0,6.03021424557363,11.3808226334421,0,5.66893185923497,0,3.22982476997375,0,0,0,0,0,0,0,0,0,4.63372153063162,0,0,0,0,0,0,0,0,0,0,0,6.61972789719944,0,0,0,0,0,23.8708955446879,0,0,0,0,0,26.1460151672363,0,0,4.37572608980329,7.09432508431229,12.4267475207914,0,6.67091346180129,0,4.72569477196896,0,0,0,0,0,0,0,0,0,5.99453015610723,0,5.95215303321489,4.03374872888838,0,0,0
0,0,0,0,0,0,0,0,0,0,0,0,0,0,0,0,3.29333283998308,0,0,0,0,6.03021424557363,0,41.1590461730957,10.2367696408872,0,4.13093607322029,0,3.93629127957246,0,0,0,0,0,0,0,0,32.5413815180461,8.82281386431526,0,0,0,0,0,0,0,0,26.4306534716957,9.94502401351929,35.7773590087891,0,0,0,0,0,0,0,0,0,0,0,0,0,0,5.49140979658883,4.35841714139838,0,19.7358940014472,0,4.20897150039673,0,4.49713480472565,0,0,0,0,0,0,0,0,39.7440172831217,8.05452118332569,4.8456307612245,11.4666372367314,41.0469913482666,0,0
52.2229928970337,0,0,0,0,0,0,0,0,9.08982829938882,0,0,0,0,0,0,0,0,0,0,0,11.3808226334421,41.1590461730957,0,36.1511287689209,6.55260784568259,0,0,0,0,0,0,0,0,0,0,0,7.69846293904182,32.1509294509888,0,0,2.82983195781708,0,0,0,0,0,13.9465551972389,41.4700317382812,13.7553210094057,0,0,0,0,0,8.45443539439198,0,0,0,0,58.629695892334,0,0,0,11.7761350153117,0,5.28003268379431,37.9635139465332,10.050074809935,0,0,0,0,0,0,0,0,0,0,0,10.9774705213332,32.9265125274658,8.84093038970177,0,7.73529633255892,9.14954042434692,0
22.7128582000732,42.3334800720215,0,0,0,0,0,0,5.8226096180902,0,0,0,0,0,0,0,2.87417554855347,0,0,0,0,0,10.2367696408872,36.1511287689209,0,0,3.80685280984448,0,0,0,0,0,0,29.2044277191162,0,0,0,27.3900246620178,7.91974801562566,0,0,0,5.44907021522522,0,0,0,0,17.3553216050311,0,34.7031132193173,0,0,0,0,4.96815762468564,0,0,0,0,0,0,0,0,0,0,6.90099707009657,35.6810709635417,4.31242206498801,0,3.38987820239848,0,0,0,0,0,0,0,0,0,0,31.1541681289673,7.87583429914303,5.23035695372887,14.4874596595764,29.6370005267007,0,0
0,0,0,0,0,0,0,0,0,6.26480977314035,0,0,0,0,0,4.1486143882458,0,4.83007459481557,29.644926071167,0,0,5.66893185923497,0,6.55260784568259,0,0,0,0,0,0,0,0,0,0,0,0,0,0,0,0,0,0,0,0,0,0,0,0,0,0,0,0,0,0,0,7.85245400667191,0,0,0,0,0,3.45507031679153,0,0,5.47193384170532,0,9.58072056089129,0,4.00492793733293,0,0,0,0,0,0,0,0,0,0,0,0,0,8.73972661657767,0,0,0,0
0,0,0,0,0,0,0,0,3.77765369812648,0,0,0,4.8212571144104,0,8.4296170870463,0,3.87814845490077,0,0,0,0,0,4.13093607322029,0,3.80685280984448,0,0,0,4.50770529747009,0,0,0,0,0,0,0,0,0,0,0,0,0,0,0,0,0,0,0,0,0,0,0,0,0,4.34140825271606,0,0,0,0,0,8.55740356445312,0,0,0,0,0,0,4.02002522078427,0,3.81672759599323,0,0,0,0,0,0,0,0,0,0,0,0,3.94643006324768,0,0,0,0
0,0,0,0,0,0,0,0,0,0,0,3.30882417588007,0,3.01775693893433,0,0,0,0,0,0,0,3.22982476997375,0,0,0,0,0,0,0,4.48236894607544,0,0,0,0,0,0,0,4.74812002182007,0,0,0,0,0,0,0,0,0,0,0,0,0,0,0,0,0,0,0,0,0,3.01028393507004,0,0,0,0,3.19897132931334,0,0,0,3.49032060723556,0,4.20272308480954,0,4.27058625990345,0,0,0,0,0,0,0,0,0,3.33301613991519,2.82505841255188,0,0,0
0,0,0,0,0,0,0,0,0,0,3.62817401152391,0,4.86505842208862,0,0,0,4.08963406085968,0,0,0,0,0,3.93629127957246,0,0,0,4.50770529747009,0,0,0,4.18414805304836,0,0,0,0,0,0,0,3.59813775221507,0,0,0,0,0,0,0,0,0,0,0,0,0,0,0,0,0,0,0,0,0,0,0,0,0,0,3.80705827748925,0,0,0,3.62550388063703,0,3.83799509726465,0,6.76286348288621,0,0,0,0,0,0,0,5.5081341777529,3.94175190296932,2.99143930760826,0,0,0
0,0,0,0,0,0,0,0,0,0,0,4.33461165428162,0,0,0,0,0,0,0,0,0,0,0,0,0,0,0,4.48236894607544,0,0,0,0,0,0,0,0,0,4.11511472369848,0,0,0,0,0,0,0,0,0,0,0,0,0,0,0,0,0,0,0,4.9608520048636,0,0,0,0,0,0,0,0,0,0,0,0,5.44067339934604,0,4.82758982976278,0,0,0,0,0,0,0,5.91714418248126,0,3.5270606941647,0,0,0,0
0,0,0,0,0,0,0,0,0,0,5.25172028139882,0,2.72287201881409,0,0,0,0,0,0,0,8.14037268502372,0,0,0,0,0,0,0,4.18414805304836,0,0,0,0,0,0,0,0,0,4.28229998870078,0,0,0,0,0,0,0,0,0,0,0,0,0,0,0,0,0,5.59679874352046,0,3.75110836029053,0,0,0,0,0,0,0,0,0,0,0,0,3.59053979978617,0,4.12430120956929,0,0,0,0,0,0,0,5.0651834870086,3.43692706477258,3.78855341672897,0,0,0
0,0,0,0,0,0,0,0,0,0,0,0,0,0,0,0,0,0,0,0,0,0,0,0,0,0,0,0,0,0,0,0,7.41362958499797,12.1581206826196,17.3398626622032,3.94471498453136,6.50467568205804,0,0,0,0,0,0,0,0,0,0,8.98762121200562,12.1209350119938,6.75377368927002,0,0,0,0,0,0,0,0,0,0,0,0,0,0,0,0,0,0,0,0,0,0,0,0,4.77947761674361,9.11663007867549,11.9986332787408,19.2933204258189,4.72258456224619,12.473467610522,0,0,7.24359342753887,0,0,0,0
0,0,0,0,0,0,0,0,0,0,0,0,0,0,0,0,0,0,0,0,0,0,0,0,0,0,0,0,0,0,0,7.41362958499797,0,15.2386459336561,14.2053432233872,7.60074448024525,5.25739891116274,0,0,0,0,0,0,0,0,0,0,8.83739159443772,21.9252752463023,9.44165802001953,0,0,0,0,0,0,0,0,0,0,0,0,0,0,0,0,0,0,0,0,0,0,0,0,8.22977138110078,5.77097963096049,22.3269795227051,17.0424740046263,14.8321985114704,7.63946733294531,0,0,3.64877412682873,41.7783546447754,0,0,0
0,0,0,0,0,0,0,0,0,0,0,0,0,0,0,0,0,0,0,0,0,0,0,0,29.2044277191162,0,0,0,0,0,0,12.1581206826196,15.2386459336561,0,5.46394058079706,4.41260861175161,0,4.19390069606692,9.06174084894797,0,0,0,0,0,0,0,0,7.04366079977978,16.6323021674316,12.6893477499485,0,0,0,0,0,0,0,0,0,0,0,0,0,0,0,0,0,27.1025581359863,0,0,0,0,0,0,14.2630148696899,17.599099687908,4.95091504836209,4.91211843464742,5.07809354154856,40.141806602478,4.79993849766405,20.2115966073828,5.40975280294141,2.88161579767863,0,0,0
0,0,0,0,0,0,0,0,0,0,0,0,0,0,0,0,0,0,0,0,0,0,0,0,0,0,0,0,0,0,0,17.3398626622032,14.2053432233872,5.46394058079706,0,11.5351630846659,5.08718479375308,7.89741124015257,5.2166374412315,0,0,0,0,0,0,0,0,6.28698957997574,12.086693566421,17.2911493553306,0,0,0,0,0,0,0,0,0,0,0,0,0,0,0,0,0,0,0,0,0,0,0,0,23.0639278411865,19.2630246128004,4.51729037643464,5.08633272028035,0,6.41781365819824,12.1413379966236,5.08498194877138,6.75753413043684,3.19045582310907,0,0,0
0,0,30.692424138387,12.709755873276,40.8500709533691,12.5877416680257,0,0,0,0,0,3.75749555150285,0,0,0,0,0,0,61.307243347168,4.95542186888579,0,0,0,0,0,0,0,0,0,0,0,3.94471498453136,7.60074448024525,4.41260861175161,11.5351630846659,0,3.71993740511184,4.61984376853163,3.82615299224854,30.2335332787555,0,33.1709019707852,36.3852361043294,0,0,8.23685211559822,36.448787689209,9.44499018232701,22.4968439982488,15.4532386040201,39.0219192504883,14.9823246002197,0,0,0,0,0,4.32776349981626,0,0,0,23.6955089569092,4.20258064608975,0,0,0,0,0,0,0,0,0,38.4673839569092,0,4.8811816963061,10.3273538172245,4.61228917511004,0,4.78532248694145,4.20397885191001,5.47909429648011,0,4.90141688630172,8.90237465500832,12.7111658285736,0,0
0,0,29.7065467834473,25.2033920288086,15.6084280014038,0,0,0,0,0,3.33304383565372,0,0,0,0,0,0,0,51.8258628845215,0,4.02928354144096,0,0,0,0,0,0,0,0,0,0,6.50467568205804,5.25739891116274,0,5.08718479375308,3.71993740511184,0,3.56944614962528,5.11213607756297,0,12.4603138991765,18.960334777832,43.4521560668945,0,0,36.5766830444336,34.3133595784505,11.0574434863196,19.4928149173134,0,0,0,0,0,0,0,3.31446776940272,41.587215423584,0,0,0,0,0,4.38803840186485,0,0,0,0,0,0,0,0,0,0,10.3785204397489,7.10776639080817,0,7.64343882542031,5.55128532016979,4.61670750227875,0,6.16377389164677,3.54493453157334,3.43251941601435,12.8267396571844,0,0
42.1215455698413,10.8704654016802,47.8196220397949,0,0,0,0,0,0,11.542882071601,0,4.11706996542353,0,0,0,0,0,0,0,5.54091684900184,0,4.63372153063162,32.5413815180461,7.69846293904182,27.3900246620178,0,0,4.74812002182007,0,4.11511472369848,0,0,0,4.19390069606692,7.89741124015257,4.61984376853163,3.56944614962528,0,12.8828779781961,0,0,9.54091167449951,0,0,0,11.1487760543823,0,6.299043404072,24.9966850459019,7.01720197598823,0,0,0,0,44.0797109603882,11.8137939004214,0,4.21233359429382,0,0,0,0,7.14275127268852,0,6.06106197381924,31.177374124527,8.65467270309963,28.6452321012048,0,0,3.23528317142935,0,4.30992397456102,0,0,0,5.90342004776001,11.1234595775604,7.81518081740984,0,5.39127193223943,12.7092420489856,4.61635060624361,0,9.53529195255703,11.4582381248474,0
22.2018392086029,37.4465466549522,37.90625,0,0,0,0,0,9.61366106657421,0,4.27711629255851,0,0,0,0,0,0,102.109245300293,38.0322003364563,0,4.28840988020034,0,8.82281386431526,32.1509294509888,7.91974801562566,0,0,0,3.59813775221507,0,4.28229998870078,0,0,9.06174084894797,5.2166374412315,3.82615299224854,5.11213607756297,12.8828779781961,0,0,55.8985862731934,123.50456237793,28.5318657370175,0,0,0,51.2129783630371,9.94923112533952,7.45380615486818,27.1486230939093,0,0,0,0,7.60525262510622,0,4.65599776800934,0,0,0,21.9061463673909,0,0,4.96432840299306,0,5.1588963362985,31.5975672721863,9.13227857978977,0,0,0,3.7370237385585,0,3.89463813139164,0,0,7.50335251201283,5.37893549485097,10.9738765954971,6.78464120922089,7.71319654158184,4.53623932489367,4.87797503680973,4.07502915674043,20.6539558697139,0,0
0,24.607007814065,0,24.9756451845169,0,29.365731375558,0,0,0,0,0,0,0,0,0,0,56.1514243398394,53.5141347390634,44.0019501442517,31.3155908584595,0,0,0,0,0,0,0,0,0,0,0,0,0,0,0,30.2335332787555,0,0,0,0,70.8417636326381,23.0032978653908,45.4750030560601,0,0,12.6908913774526,69.6607286362421,27.8937614957492,48.9643129621233,13.0196277920926,0,35.2646935272217,0,0,0,47.1767244338989,70.2061538696289,39.6107331552813,0,0,0,39.8954083124797,5.27068234975885,74.2610600789388,0,0,0,0,0,0,41.7596836090088,0,37.9348340106082,86.5533981323242,0,0,0,0,25.352912006343,69.4502987861633,34.7562735291709,67.7753702799479,29.4464548331162,33.9271096502032,18.1049626227177,26.1209376514822,63.2170584996541
28.242980874103,0,30.6386949920654,73.9193344116211,24.697691599528,0,0,0,32.9896507263184,0,0,0,0,0,0,0,50.4913116406791,61.8101842543658,44.3988186876735,0,0,0,0,0,0,0,0,0,0,0,0,0,0,0,0,0,12.4603138991765,0,55.8985862731934,70.8417636326381,0,37.4511464514383,22.2690190291796,0,0,0,16.9456873718635,3.50861271222432,17.5242799528284,25.6876850128174,0,0,0,0,37.0296287536621,0,39.6516213417053,0,43.5785217285156,0,0,0,0,13.831476961739,0,0,0,0,0,0,0,0,67.0750026702881,42.8309778585667,0,0,0,0,70.5292345285416,12.2156835773875,81.9617214202881,32.0653600768039,35.4084850801966,60.8871828715006,20.8199651506212,53.7564137776693,30.8090486129125
53.767328898112,15.6171968416734,41.9154324531555,32.2525587081909,80.5062255859375,36.0368565952077,0,0,41.5053634643555,8.04208686309201,0,0,0,0,0,0,48.9576909334994,47.5180157589247,35.7767541630358,45.5448356628418,0,0,0,2.82983195781708,0,0,0,0,0,0,0,0,0,0,0,33.1709019707852,18.960334777832,9.54091167449951,123.50456237793,23.0032978653908,37.4511464514383,0,20.2182977598717,0,16.8383636474609,33.7490538695763,54.2212396860123,33.1285264492035,41.7260715663433,16.9031644211875,0,42.1893373885245,0,0,0,35.5346873356746,41.1796264648438,24.6307222302078,0,39.4734983444214,0,42.3660130067305,18.5065156568692,59.6832997378181,0,0,3.79985451698303,0,0,0,42.5177427927653,0,20.4252604073539,56.9655125481742,0,0,0,0,25.3001039058411,55.5858615159988,15.4752133592663,60.7690760067531,21.8528999166751,46.9738256791059,17.8653182952775,13.5472955329266,45.7905871447395
21.5740222657195,55.5284004211426,31.7514408335966,41.5914657229469,40.8256138563156,38.3703002929688,0,0,19.5224969709242,0,0,0,0,0,0,0,43.0416197709634,53.8409561183717,35.4387176341481,42.8298377990723,42.7328643798828,0,0,0,5.44907021522522,0,0,0,0,0,0,0,0,0,0,36.3852361043294,43.4521560668945,0,28.5318657370175,45.4750030560601,22.2690190291796,20.2182977598717,0,0,14.437869235089,48.2674235591182,26.9283310412598,30.955514272054,25.0293884010929,29.1786575806447,46.1263942718506,36.4033088684082,0,0,16.5032194236229,31.6006870269775,21.4948483375793,53.6211094326443,45.3221130371094,42.7810554504395,30.0050086975098,40.144811630249,34.3053364753723,28.5014015945835,0,0,58.5758819580078,20.8588698250907,0,0,0,16.0256262701385,59.6832030723835,16.6487972748317,0,0,0,0,50.8563003343405,22.0660158677234,50.8063157399495,23.1399813372947,24.4634253688207,52.0903692245483,18.8576900314103,40.619661294497,16.974433095348
0,0,0,0,0,0,0,0,0,0,0,0,0,0,0,0,0,0,0,0,0,0,0,0,0,0,0,0,0,0,0,0,0,0,0,0,0,0,0,0,0,0,0,0,0,0,0,0,0,0,0,0,0,0,0,0,0,0,0,0,0,0,0,0,0,0,0,0,0,0,0,0,0,0,0,0,0,0,0,0,0,0,0,0,0,0,0
0,0,0,0,0,0,0,0,0,0,0,0,0,0,0,0,39.0715866088867,0,26.3485946655273,0,0,0,0,0,0,0,0,0,0,0,0,0,0,0,0,0,0,0,0,0,0,16.8383636474609,14.437869235089,0,0,0,23.3106651306152,0,0,0,0,0,0,0,0,0,0,0,0,0,0,0,0,0,0,0,0,0,0,0,0,0,0,0,0,0,0,0,0,30.0832901000977,0,0,18.1638221740723,0,16.2723944187164,0,0
0,15.8703113652892,0,17.6604654344462,0,20.041597366333,0,0,0,0,0,0,0,0,0,0,52.3801742281233,50.5371875,34.2081982493401,29.2245101928711,0,0,0,0,0,0,0,0,0,0,0,0,0,0,0,8.23685211559822,36.5766830444336,11.1487760543823,0,12.6908913774526,0,33.7490538695763,48.2674235591182,0,0,0,64.1845569610596,30.8851184844971,38.7497978210449,24.443507974798,0,25.4599489065317,0,0,0,30.6102294921875,0,22.738482316335,0,0,0,21.7950296401978,5.35147305515325,68.6043090820312,0,0,0,0,0,0,36.6883430480957,0,34.5968447866894,51.2890739440918,0,0,0,0,12.6284528528333,68.493480682373,27.1863351821899,0,23.4831304273553,22.7693305015564,13.4222821971458,33.6885479688644,52.7024078369141
18.7851219964168,0,23.1132967492112,48.615478515625,27.1808585190192,47.9955902099609,0,0,24.1997403364915,0,0,0,0,0,0,0,46.6024252590926,53.8882780376234,36.1306176569391,0,29.5584840774536,0,0,0,0,0,0,0,0,0,0,0,0,0,0,36.448787689209,34.3133595784505,0,51.2129783630371,69.6607286362421,16.9456873718635,54.2212396860123,26.9283310412598,0,23.3106651306152,64.1845569610596,0,40.4891223907471,40.2421629419587,44.1085688273112,46.1613006591797,0,0,0,38.6745376586914,0,30.5187213604267,74.5609436035156,28.3913450241089,0,0,0,0,12.7480596935084,0,0,0,40.2121334075928,0,0,0,39.2560729980469,67.6736246744792,32.3292465176962,0,0,0,0,70.0179811560589,15.6798386700221,79.7812160145153,18.6607640821542,28.1671935330184,53.0733299255371,23.58397161577,58.4915631612142,35.0158560276031
29.3277093929096,25.4238595962524,35.7704693476359,28.9805912971497,0,0,0,0,35.8181800842285,0,0,0,0,0,0,0,0,0,52.9487457275391,0,0,0,26.4306534716957,13.9465551972389,17.3553216050311,0,0,0,0,0,0,8.98762121200562,8.83739159443772,7.04366079977978,6.28698957997574,9.44499018232701,11.0574434863196,6.299043404072,9.94923112533952,27.8937614957492,3.50861271222432,33.1285264492035,30.955514272054,0,0,30.8851184844971,40.4891223907471,0,9.14835348730134,9.61340179136821,0,0,0,0,32.0903860727946,0,0,0,0,0,38.6662502288818,0,0,0,0,21.6880976937034,14.6956041509455,17.5364406263673,0,20.4226665496826,0,0,0,20.0880002975464,8.50255368604251,9.82723680113116,8.43968451169911,6.43023308126851,5.19621089714855,7.7910142056435,12.2559484116486,10.252605517852,8.262511083959,6.84508696886209,12.6030855231377,0,0
6.51665363892265,58.0737953186035,11.5557653220546,34.652405166626,17.7074521935504,0,0,0,5.20391421941481,0,0,0,0,0,0,0,77.0951156616211,54.802619934082,44.7596441109975,38.1347236633301,0,0,9.94502401351929,41.4700317382812,0,0,0,0,0,0,0,12.1209350119938,21.9252752463023,16.6323021674316,12.086693566421,22.4968439982488,19.4928149173134,24.9966850459019,7.45380615486818,48.9643129621233,17.5242799528284,41.7260715663433,25.0293884010929,0,0,38.7497978210449,40.2421629419587,9.14835348730134,0,20.138197978241,0,0,0,0,7.20578008738871,0,6.39395627007582,0,6.04417589402968,0,7.38299324705794,49.4865264892578,0,47.6073367906653,0,4.08274208307266,45.8133288792201,17.7319436603122,0,3.74872076511383,0,4.10188878272951,58.5272645950317,8.31005582938323,24.0438842773438,7.55216288615951,19.8246130698766,5.79491662979126,57.7967436654227,9.68465646798378,25.6051600141433,7.14022384274848,12.2772201435146,43.2765502929688,17.3650054373011,51.6186218261719,41.3850622177124
50.0495712280273,7.57111315331928,0,8.88190232284766,0,28.1045702828301,0,0,0,8.86945854062619,0,0,0,0,0,0,74.3008880615234,58.897702898298,47.6741280436516,31.5541725158691,0,6.61972789719944,35.7773590087891,13.7553210094057,34.7031132193173,0,0,0,0,0,0,6.75377368927002,9.44165802001953,12.6893477499485,17.2911493553306,15.4532386040201,0,7.01720197598823,27.1486230939093,13.0196277920926,25.6876850128174,16.9031644211875,29.1786575806447,0,0,24.443507974798,44.1085688273112,9.61340179136821,20.138197978241,0,0,35.4078724601052,0,0,49.9586124420166,11.8091784871143,0,35.1325410366058,0,3.97768402099609,58.2440662384033,13.4215329544885,27.147758102417,74.3434829711914,5.98695875628107,37.0145416259766,10.0644624567032,33.6451716789832,3.997802734375,0,4.40377421703817,0,29.9551269986214,49.5820121765137,0,10.2613796418713,6.99661739667257,20.0444006238665,12.0954271534275,23.1320479937962,5.67767396954328,25.6914395456729,14.0198585516505,25.7746432622274,16.5792816941555,19.4413155317307,53.901309967041
0,0,9.55466132035126,0,5.7146388818236,0,0,0,0,0,6.13919678188506,0,0,0,0,0,78.15380859375,0,73.1282043457031,0,6.27168481125022,0,0,0,0,0,0,0,0,0,0,0,0,0,0,39.0219192504883,0,0,0,0,0,0,46.1263942718506,0,0,0,46.1613006591797,0,0,0,0,0,0,0,0,0,5.97618517857009,0,4.23035841381427,0,3.24873183170954,0,0,6.13876997723299,0,0,0,0,0,0,0,0,0,0,0,0,0,0,0,0,0,0,14.0784205198288,0,10.6017150827076,0,0
0,19.4683728218079,0,7.15310087066532,0,4.9421546459198,0,0,0,0,0,0,0,0,0,0,0,0,74.2892608642578,0,0,0,0,0,0,0,0,0,0,0,0,0,0,0,0,14.9823246002197,0,0,0,35.2646935272217,0,42.1893373885245,36.4033088684082,0,0,25.4599489065317,0,0,0,35.4078724601052,0,0,0,0,0,2.95283031463623,0,32.1539421081543,0,0,0,0,8.54476737976074,0,0,0,0,0,0,0,36.9631500244141,0,39.2527451515198,0,0,0,0,0,33.8636053933038,0,48.8487243652344,0,11.7284597381949,0,16.5417390887936,31.6601066589355,0
0,0,0,0,0,0,2.95438949267069,0,0,0,5.91891145706177,0,0,0,0,0,0,0,0,0,9.1046397186989,0,0,0,0,0,0,0,0,0,0,0,0,0,0,0,0,0,0,0,0,0,0,0,0,0,0,0,0,0,0,0,0,0,0,0,6.7759436664702,0,0,0,0,0,0,9.09609831565338,0,0,0,0,0,0,0,0,0,0,0,0,0,0,0,0,0,0,2.93222104178535,0,0,0,0
0,0,0,0,0,0,0,3.37599158287048,0,0,0,0,0,0,0,0,0,0,0,2.82258334755898,0,0,0,0,0,0,0,0,0,0,0,0,0,0,0,0,0,0,0,0,0,0,0,0,0,0,0,0,0,0,0,0,0,0,0,0,0,0,0,0,0,0,0,0,0,0,0,0,0,0,0,0,0,0,0,0,0,0,0,0,0,0,0,0,0,0,0
7.36943759689472,65.1547241210938,17.9686602183751,0,3.44089057710436,0,0,0,6.10527538611955,0,0,0,0,0,4.21043570602641,0,0,0,28.1243215288435,0,0,0,0,0,4.96815762468564,0,4.34140825271606,0,0,0,0,0,0,0,0,0,0,44.0797109603882,7.60525262510622,0,37.0296287536621,0,16.5032194236229,0,0,0,38.6745376586914,32.0903860727946,7.20578008738871,49.9586124420166,0,0,0,0,0,0,16.2415809631348,0,0,0,6.85091298317075,0,0,0,0,0,51.1475982666016,6.93423010836477,0,3.91355918645859,0,20.0047731399536,0,18.9666143417358,0,0,0,0,0,0,47.6428565979004,7.95388389446519,10.5243892226108,4.01603174209595,12.0475548662321,0,13.2893018722534
0,4.7902767396953,0,6.63922624618976,0,0,0,0,0,5.47561710994003,0,0,0,0,0,3.68781433210104,0,55.7251567840576,0,0,0,23.8708955446879,0,8.45443539439198,0,7.85245400667191,0,0,0,0,0,0,0,0,0,0,0,11.8137939004214,0,47.1767244338989,0,35.5346873356746,31.6006870269775,0,0,30.6102294921875,0,0,0,11.8091784871143,0,2.95283031463623,0,0,0,0,0,32.4514436721802,0,0,0,5.98833077522968,0,0,27.9432216057411,0,6.04497850986009,60.8429985046387,10.5776246019772,0,35.5188484191895,0,36.2279636383057,0,0,0,0,0,33.8576265970866,0,14.8499684340342,0,7.3982989203631,7.72918913743206,16.5909291366478,0,0
18.8983736038208,0,4.78467651986584,0,6.68163069089254,0,0,0,0,0,4.16196149765976,0,0,0,0,0,46.5682697296143,0,34.0170154571533,0,4.10827415856985,0,0,0,0,0,0,0,0,0,5.59679874352046,0,0,0,0,0,3.31446776940272,0,4.65599776800934,70.2061538696289,39.6516213417053,41.1796264648438,21.4948483375793,0,0,0,30.5187213604267,0,6.39395627007582,0,5.97618517857009,0,6.7759436664702,0,16.2415809631348,0,0,0,3.55528455947939,0,3.74897072792053,0,0,5.5567318843643,0,0,0,0,0,0,0,5.21025115368413,0,6.11176277097614,0,0,0,0,0,33.2307610945268,0,6.41815860788305,4.85541945084547,3.11796412467957,7.91337811164656,0,0
0,0,0,5.89393067195498,0,14.3952987194061,0,0,0,0,0,3.95732126125512,0,3.54079839780733,0,0,56.9211769104004,41.7983303070068,34.1094733344184,5.15421105566479,0,0,0,0,0,0,0,0,0,4.9608520048636,0,0,0,0,0,4.32776349981626,41.587215423584,4.21233359429382,0,39.6107331552813,0,24.6307222302078,53.6211094326443,0,0,22.738482316335,74.5609436035156,0,0,35.1325410366058,0,32.1539421081543,0,0,0,32.4514436721802,0,0,0,4.52594000215714,0,30.1105928421021,5.2481584296082,0,0,0,0,0,0,0,6.03948677057334,0,6.68410878923928,0,0,0,0,0,6.81535083507669,96.6902847290039,12.0288437461853,0,6.96229097560832,29.3479080200195,6.97942218960295,13.7349865701463,0
0,0,4.86043436255231,0,0,0,2.94869041442871,0,0,0,3.15258139925436,0,3.18196286319138,0,6.53158521652222,0,0,0,0,0,0,0,0,0,0,0,0,0,0,0,3.75110836029053,0,0,0,0,0,0,0,0,0,43.5785217285156,0,45.3221130371094,0,0,0,28.3913450241089,0,6.04417589402968,0,4.23035841381427,0,0,0,0,0,3.55528455947939,0,0,0,3.70480906453114,0,0,0,0,0,0,0,0,5.0314488978613,0,0,0,0,0,0,0,0,0,0,0,0,3.80849640992037,3.31393956787446,12.0221791532305,0,0
0,0,0,4.86230969281844,0,0,0,0,0,0,0,4.69061447000828,0,3.88012524106908,0,7.25278516916128,0,0,0,26.5026988983154,0,0,0,0,0,0,0,3.01028393507004,0,0,0,0,0,0,0,0,0,0,0,0,0,39.4734983444214,42.7810554504395,0,0,0,0,0,0,3.97768402099609,0,0,0,0,0,0,0,4.52594000215714,0,0,0,5.01583421230316,11.3703470230103,0,0,0,0,0,0,0,3.75810382101271,0,34.8081588745117,0,0,0,0,0,0,0,40.7714729309082,0,3.62128682114762,4.00209920294583,6.25203333402935,0,0
6.99305066519146,68.1481475830078,4.85652748696944,0,0,0,0,0,3.5790500814333,0,0,0,0,0,3.4762179141349,0,0,0,0,0,0,0,0,58.629695892334,0,0,8.55740356445312,0,0,0,0,0,0,0,0,0,0,0,21.9061463673909,0,0,0,30.0050086975098,0,0,0,0,38.6662502288818,7.38299324705794,58.2440662384033,3.24873183170954,0,0,0,6.85091298317075,0,3.74897072792053,0,3.70480906453114,0,0,0,0,0,0,0,0,21.0402419697155,0,3.87005570158362,0,0,0,0,0,0,0,0,0,51.9226608276367,0,22.5393905639648,25.0900609171068,4.22404813766479,22.7218152046204,0,0
0,4.79291437113727,0,6.15980536580379,0,0,0,0,0,7.09653750846261,0,0,0,5.57277888128656,0,4.50204175721228,0,0,0,0,0,26.1460151672363,0,0,0,3.45507031679153,0,0,0,0,0,0,0,0,0,23.6955089569092,0,0,0,39.8954083124797,0,42.3660130067305,40.144811630249,0,0,21.7950296401978,0,0,49.4865264892578,13.4215329544885,0,0,0,0,0,5.98833077522968,0,30.1105928421021,0,5.01583421230316,0,0,0,0,0,0,6.77582832092935,0,7.17779614375188,0,0,0,37.9582284291585,0,0,0,0,0,40.276750087738,83.9082489013672,39.745433807373,0,19.7818433861983,0,24.8640234994888,0,0
0,27.4191398620605,0,9.84215307235718,0,7.1952886139905,0,7.28192103125832,0,0,0,4.07233263168138,0,0,0,0,60.2949371337891,52.0556526184082,46.8401216360239,4.61856877382037,0,0,0,0,0,0,0,0,0,0,0,0,0,0,0,4.20258064608975,0,7.14275127268852,0,5.27068234975885,0,18.5065156568692,34.3053364753723,0,0,5.35147305515325,0,0,0,27.147758102417,0,8.54476737976074,0,0,0,0,0,5.2481584296082,0,11.3703470230103,0,0,0,0,0,0,0,0,0,0,13.5912137031555,0,10.9374869106052,0,0,0,0,0,5.34187251726398,0,6.61413498831189,0,5.58121078100401,0,5.68391146788604,16.2876251538595,0
31.5142706025322,79.8047103881836,26.8585796356201,0,11.3342086712519,0,0,0,53.4610404968262,0,4.1953853448232,0,0,0,0,0,58.1410661177202,66.2578533717564,48.8528628045502,0,4.3295569809928,0,0,0,0,0,0,0,0,0,0,0,0,0,0,0,4.38803840186485,0,4.96432840299306,74.2610600789388,13.831476961739,59.6832997378181,28.5014015945835,0,0,68.6043090820312,12.7480596935084,0,47.6073367906653,74.3434829711914,6.13876997723299,0,9.09609831565338,0,0,0,5.5567318843643,0,0,0,0,0,0,0,0,0,0,0,0,0,0,0,0,23.8278923959874,0,0,0,0,78.2804508209229,7.60693556812364,80.6230799357096,6.72293640697463,27.7344424569956,66.7559967041016,12.8664116318604,65.0284233093262,34.410836492266
0,0,0,0,0,0,0,0,0,23.8450284004211,0,0,0,0,0,0,0,0,0,0,0,4.37572608980329,5.49140979658883,11.7761350153117,0,5.47193384170532,0,3.19897132931334,0,0,0,0,0,0,0,0,0,6.06106197381924,0,0,0,0,0,0,0,0,0,0,0,5.98695875628107,0,0,0,0,0,27.9432216057411,0,0,0,0,0,0,0,0,0,6.48761662415096,7.95058010790295,0,7.5967564768825,0,3.36909314990044,0,0,0,0,0,0,0,0,0,5.74704659379469,0,4.55138779704681,6.75327062606812,20.0961503982544,0,0
0,0,0,0,0,0,0,0,0,0,0,0,0,0,0,0,3.37650756835937,0,0,0,0,7.09432508431229,4.35841714139838,0,6.90099707009657,0,0,0,3.80705827748925,0,0,0,0,0,0,0,0,31.177374124527,5.1588963362985,0,0,0,0,0,0,0,0,21.6880976937034,4.08274208307266,37.0145416259766,0,0,0,0,0,0,0,0,0,0,0,0,0,0,6.48761662415096,0,41.850435256958,6.82876467704773,0,0,0,4.29990713061756,0,0,0,0,0,0,0,0,34.5622444152832,7.85499629358406,4.15134280673146,4.38743863219307,41.1464424133301,0,0
48.9738971710205,4.05717142768528,0,0,0,0,0,0,0,6.80241194417921,0,0,0,0,0,0,0,0,0,0,0,12.4267475207914,0,5.28003268379431,35.6810709635417,9.58072056089129,0,0,0,0,0,0,0,0,0,0,0,8.65467270309963,31.5975672721863,0,0,3.79985451698303,58.5758819580078,0,0,0,0,14.6956041509455,45.8133288792201,10.0644624567032,0,0,0,0,51.1475982666016,6.04497850986009,0,0,0,0,0,6.77582832092935,0,0,7.95058010790295,41.850435256958,0,37.7406794230143,7.85534146893879,0,0,0,0,0,0,0,0,0,0,0,9.30879356412026,32.6773601531982,8.46466080027242,0,7.03260682064753,0,0
10.6851843015283,43.7060794830322,27.7269245783488,0,0,0,0,0,8.83471446037293,0,0,0,0,0,21.5176811218262,0,7.50638937950134,0,27.1841440200806,0,0,0,19.7358940014472,37.9635139465332,4.31242206498801,0,4.02002522078427,0,0,0,0,0,0,27.1025581359863,0,0,0,28.6452321012048,9.13227857978977,0,0,0,20.8588698250907,0,0,0,40.2121334075928,17.5364406263673,17.7319436603122,33.6451716789832,0,0,0,0,6.93423010836477,60.8429985046387,0,0,0,0,21.0402419697155,0,0,0,0,6.82876467704773,37.7406794230143,0,0,5.55229727174066,0,25.6214952468872,0,21.9580097198486,0,0,0,0,0,46.7759437561035,34.6315569196429,8.44036665888394,7.07451565111284,16.2301418185234,21.2846392448912,0,0
0,0,0,0,0,0,0,0,0,10.7733455257756,0,0,0,0,0,0,0,0,0,0,0,6.67091346180129,0,10.050074809935,0,4.00492793733293,0,3.49032060723556,0,0,0,0,0,0,0,0,0,0,0,0,0,0,0,0,0,0,0,0,0,3.997802734375,0,0,0,0,0,10.5776246019772,0,0,0,0,0,7.17779614375188,0,0,7.5967564768825,0,7.85534146893879,0,0,0,3.30657590402139,0,0,0,0,0,0,0,0,0,0,0,12.3958908613177,0,0,0,0
0,0,0,0,0,0,0,0,3.22992529494039,0,0,0,0,0,0,0,0,0,0,0,0,0,4.20897150039673,0,3.38987820239848,0,3.81672759599323,0,3.62550388063703,0,0,0,0,0,0,0,0,0,0,0,0,0,0,0,0,0,0,20.4226665496826,3.74872076511383,0,0,0,0,0,3.91355918645859,0,0,0,5.0314488978613,0,3.87005570158362,0,0,0,0,0,0,5.55229727174066,0,0,0,3.34181166972433,0,0,0,0,0,0,0,0,0,10.6381230354309,3.53088565452679,0,43.2487411499023,0,0
0,0,0,27.0878810882568,0,0,0,0,0,0,0,3.23156033482468,0,2.8657762143347,0,0,0,0,52.4204597473145,38.7579803466797,0,4.72569477196896,0,0,0,0,0,4.20272308480954,0,5.44067339934604,0,0,0,0,0,0,0,3.23528317142935,0,41.7596836090088,0,42.5177427927653,0,0,0,36.6883430480957,0,0,0,4.40377421703817,0,36.9631500244141,0,0,0,35.5188484191895,0,6.03948677057334,0,3.75810382101271,0,0,13.5912137031555,0,3.36909314990044,0,0,0,3.30657590402139,0,0,0,4.088345707053,0,0,0,0,0,0,0,3.56583243608475,0,4.02531704444552,2.83832764625549,16.6613876872592,20.7534980773926,0
0,0,33.3190727233887,0,0,0,0,0,0,0,2.97145908595594,0,3.1412525177002,0,0,0,46.8741645812988,0,0,0,0,0,4.49713480472565,0,0,0,0,0,3.83799509726465,0,3.59053979978617,0,0,0,0,0,0,0,3.7370237385585,0,0,0,16.0256262701385,0,0,0,39.2560729980469,0,4.10188878272951,0,0,0,0,0,20.0047731399536,0,5.21025115368413,0,0,0,0,0,0,0,0,4.29990713061756,0,25.6214952468872,0,3.34181166972433,0,0,0,5.16883088282507,0,0,0,0,0,0,0,4.36633152663356,4.3012645483017,3.07438986831241,9.08815852298012,0,0
0,34.1320106506348,0,29.1737909970218,0,32.806206703186,0,0,0,39.9105567932129,0,5.6457654557577,0,0,0,0,57.4928372701009,52.5624039593865,37.0999106571173,39.706335067749,0,0,0,0,0,0,0,4.27058625990345,0,4.82758982976278,0,0,0,0,0,38.4673839569092,0,4.30992397456102,0,37.9348340106082,67.0750026702881,20.4252604073539,59.6832030723835,0,0,34.5968447866894,67.6736246744792,0,58.5272645950317,29.9551269986214,0,39.2527451515198,0,0,0,36.2279636383057,0,6.68410878923928,0,34.8081588745117,0,37.9582284291585,10.9374869106052,0,0,0,0,0,0,0,4.088345707053,0,0,75.4047164916992,0,0,0,0,49.4540455019152,92.723225402832,5.07654006303246,76.2297973632812,27.6855974346399,40.7699295043945,16.6772039889481,19.0005503536141,59.6532707214355
25.4742380489003,0,31.2300006747246,0,31.9120826721191,0,0,0,23.0343596140544,0,5.99302019882202,0,0,0,0,0,57.7916714986165,62.1047654993394,38.0012636044446,0,38.9833908081055,0,0,0,0,0,0,0,6.76286348288621,0,4.12430120956929,0,0,0,0,0,0,0,3.89463813139164,86.5533981323242,42.8309778585667,56.9655125481742,16.6487972748317,0,0,51.2890739440918,32.3292465176962,20.0880002975464,8.31005582938323,49.5820121765137,0,0,0,0,18.9666143417358,0,6.11176277097614,0,0,0,0,0,0,23.8278923959874,0,0,0,21.9580097198486,0,0,0,5.16883088282507,75.4047164916992,0,0,0,0,0,63.0256662368774,36.4799631698222,75.9325154622396,10.2851855061071,24.4375821523227,3.55927928288778,9.54713513225538,64.7633972167969,19.2403061206524
