0,0,0.14470289590267,0,0,0,0,0,0.147723514677548,0,0,0,0,0,0.210233755764507,0,0.378339288632075,0.281924143433571,0.328066476865819,0,0,0,0,0,0.190211534500122,0,0,0,0,0,0,0,0,0,0,0,0.393689313903451,0,0.409070233106613,0,0.438030201941729,0,0.367882300478717,0,0,0,0.372551069905361,0,0.173210980717179,0,0,0,0,0,0.156633126919859,0,0.376063253730536,0,0,0,0.235439616212478,0,0,0.375210322439671,0,0,0,0,0,0,0,0,0,0.402292444370687,0,0,0,0,0,0.435353359809289,0,0.435931338947646,0.278301487366358,0,0.356638413667679,0,0.291242301464081
0,0,0,0.176481213834551,0,0,0,0,0,0.171409861702058,0,0,0,0,0,0,0.297851175069809,0.353080481290817,0.286200476133011,0,0,0,0,0,0,0,0,0,0,0,0,0,0,0,0,0.403214180043765,0,0.343260650123869,0,0.413975085203464,0,0.310896895638033,0,0.341950063904126,0,0.305754408240318,0,0.426352414819929,0,0.191033196821809,0,0,0,0,0,0.192093643534758,0,0.353743548576648,0,0,0,0.18819056948026,0.299597506012235,0,0,0,0.207699671387672,0,0,0,0,0,0.380316317081451,0,0,0,0.422172019879023,0,0.408213916803018,0.437261998653412,0.44952773782942,0,0.30461778293509,0.23987665772438,0.344536908047715,0.294881835579872,0
0.14470289590267,0,0,0,0,0,0,0,0.145008059839408,0,0,0,0,0,0,0,0,0,0.234676510095596,0,0.13849738240242,0,0,0,0,0,0,0,0,0,0,0,0,0,0,0,0.308105826377869,0,0.330284267663956,0,0.239560158054034,0,0.26990227202975,0,0,0,0.278140256802241,0,0.147059558726409,0,0.158807425035371,0,0,0,0.139675886298601,0,0.256431847810745,0,0.180789286891619,0,0,0,0,0.202477857470512,0,0,0,0,0,0,0,0,0,0.321893602609634,0,0,0,0,0,0.262604779005051,0,0.32428773244222,0.233521666199173,0.318094128562558,0.228744916221387,0,0.248829586918537
0,0.176481213834551,0,0,0,0.148366233398174,0,0,0,0.155207756620187,0,0,0,0,0,0,0.239714443683624,0,0.261192607382933,0,0,0,0,0,0,0,0,0,0,0,0,0,0,0,0,0.268531522154808,0.253295421600342,0.363096453249454,0,0.255067599208459,0,0.278749287964586,0,0.26254757369558,0,0.212963943911153,0.274895697832108,0.233291718576636,0.241196087428502,0.216915988537573,0,0.173767703109317,0,0,0,0.168734066292685,0,0.27732135227914,0,0.185705617070198,0,0,0.2427634797059,0,0,0,0,0,0,0,0,0,0.294285481174787,0,0,0,0,0,0.276462531932022,0,0.34828609029452,0,0.216816547174345,0.266035525749127,0.262196651814047,0.247957582826968,0
0,0,0,0,0,0,0,0,0,0,0,0,0,0,0,0,0,0,0,0,0.138508416436337,0,0,0,0,0,0,0,0,0,0,0,0,0,0,0,0.171550205349922,0,0,0,0,0,0,0,0,0,0,0,0,0,0.160508224710419,0,0.176769584417343,0,0,0,0.166070657471816,0,0.204680968608175,0,0,0,0,0,0,0,0,0,0,0,0,0,0,0,0,0,0,0,0,0.173466436564922,0,0,0.169296517968178,0,0.154273167666462,0,0
0,0,0,0.148366233398174,0,0,0,0.170961813794242,0,0,0,0.153408549726009,0,0.179788697924879,0,0,0,0,0,0.15849762837644,0,0,0,0,0,0,0,0,0,0,0,0,0,0,0,0.167222465078036,0,0,0,0.317927420139313,0,0.270972833037376,0,0,0,0.184233009815216,0,0.258677452802658,0,0.238946229219437,0,0.188404991261421,0,0,0,0.153506562113762,0,0.185238413512707,0,0.183549717068672,0,0.173173180608838,0.140566959100611,0,0,0,0,0,0,0,0,0,0,0,0,0,0,0,0.273100167512894,0,0.336106240749359,0,0.2036506718066,0.238386884331703,0.175654552685909,0,0
0,0,0,0,0,0,0,0,0,0,0.184460538529581,0,0,0,0,0,0,0,0,0,0.13361388931469,0,0,0,0,0,0,0,0,0,0,0,0,0,0,0,0.17374340362019,0,0,0,0,0,0,0,0,0,0,0,0,0,0.158797077834606,0,0.16799935845534,0,0,0,0.179218038916588,0,0.195563635230064,0,0,0,0,0,0,0,0,0,0,0,0,0,0,0,0,0,0,0,0,0.166138204932213,0,0,0.164196314503912,0,0.175218318899473,0,0
0,0,0,0,0,0.170961813794242,0,0,0,0,0,0,0,0.180856611798791,0,0,0,0,0,0.132374421589904,0,0,0,0,0,0,0,0,0,0,0,0,0,0,0,0,0,0,0,0,0,0,0,0,0,0,0,0,0,0,0,0.171106607693693,0,0.16161711145015,0,0,0,0,0,0.185517698526382,0,0,0.138135563582182,0,0,0,0,0,0,0,0,0,0,0,0,0,0,0,0,0,0,0,0.164794656824558,0,0,0,0
0.147723514677548,0,0.145008059839408,0,0,0,0,0,0,0,0,0,0,0,0.187252593537172,0,0,0,0,0,0,0,0,0,0.180425541475415,0,0.164418478374896,0,0,0,0,0,0,0,0,0,0.189786911010742,0,0.168485055646454,0,0,0,0.172026400268078,0,0,0,0,0,0.169904541756426,0,0.153462586567757,0,0,0,0.209504716740295,0,0,0,0,0,0.20283114989147,0,0,0,0,0,0,0.190344832837582,0,0.158839975412075,0,0,0,0,0,0,0,0,0,0.210626378655434,0,0.217532251030207,0.147986714933383,0.152041628956795,0.188245625572002,0,0
0,0.171409861702058,0,0.155207756620187,0,0,0,0,0,0,0,0,0,0,0,0.161794157255264,0,0,0.178532332181931,0,0,0,0,0.206773827588835,0,0.170644094546636,0,0,0,0,0,0,0,0,0,0,0,0.198343213938426,0,0,0,0.183017008006573,0,0,0,0.338482320308685,0,0,0,0.179703108138508,0,0.153461918234825,0,0,0,0.224687990217373,0,0,0,0,0,0.173217617148577,0,0,0,0,0.2355638562634,0,0,0,0,0,0,0,0,0,0,0,0.331523378690084,0,0.197957612135831,0,0.163252915473694,0.205725621751377,0.191790919521409,0.160701860984166,0
0,0,0,0,0,0,0.184460538529581,0,0,0,0,0,0.157022598609038,0,0,0,0,0,0,0,0.148689001093148,0,0,0,0,0,0,0,0,0,0.152198548299995,0,0,0,0,0,0.179844832513481,0,0.166124041990361,0,0,0,0,0,0,0,0,0,0,0,0,0,0.180891065036549,0,0,0,0.191616237093878,0,0.145897561919342,0,0,0,0,0.159386992343326,0,0,0,0,0,0,0,0.140850830823183,0,0.204967124809821,0,0,0,0,0,0.187764901742339,0,0.154601314738393,0.155598765782391,0,0.213261883705854,0,0
0,0,0,0,0,0.153408549726009,0,0,0,0,0,0,0,0.160759366583079,0,0,0,0,0,0.142272235131462,0,0,0,0,0,0,0,0.165402196785983,0,0.157046600639283,0,0,0,0,0,0.16047989722258,0,0.15148616333099,0,0,0,0,0,0,0,0.256397731602192,0,0,0,0,0,0,0,0.242446333169937,0,0,0,0.210641057117456,0,0.172210762610561,0,0,0.146999791159891,0,0,0,0,0,0,0,0.145951591432095,0,0.18614777644812,0,0,0,0,0,0.154763348143676,0,0.157824614981435,0,0.15684060279765,0,0.171250905502926,0,0
0,0,0,0,0,0,0,0,0,0,0.157022598609038,0,0,0,0.154818708697955,0,0,0,0,0,0,0,0,0,0,0,0,0,0.207413841038942,0,0,0,0,0,0,0,0,0,0,0,0,0,0,0,0,0,0,0,0,0,0.167948491871357,0,0,0,0,0,0.163177605050977,0,0.165394610589052,0,0,0,0,0,0,0,0,0,0,0,0,0.178836507292894,0,0,0,0,0,0,0,0,0,0,0.151580503758262,0.145827297694408,0,0,0
0,0,0,0,0,0.179788697924879,0,0.180856611798791,0,0,0,0.160759366583079,0,0,0,0.118079942961534,0,0,0,0,0,0,0,0,0,0,0,0.140650391578674,0,0,0,0,0,0,0,0,0,0,0,0,0,0,0,0,0,0,0,0,0,0,0,0,0,0,0,0,0,0.158935314044356,0,0.167126271350325,0,0,0,0,0,0,0,0,0,0,0,0,0,0,0,0,0,0,0,0,0,0,0.150117245813211,0,0,0,0
0.210233755764507,0,0,0,0,0,0,0,0.187252593537172,0,0,0,0.154818708697955,0,0,0,0,0,0,0,0,0,0,0,0,0,0,0,0,0,0,0,0,0,0,0,0,0,0,0,0,0,0,0,0,0,0,0,0,0,0,0,0,0,0.20253088991893,0,0,0,0.169734307047394,0,0.142145639657974,0,0,0,0,0,0,0,0,0,0,0,0,0,0,0,0,0,0,0,0,0,0,0,0,0,0
0,0,0,0,0,0,0,0,0,0.161794157255264,0,0,0,0.118079942961534,0,0,0,0,0,0,0,0,0,0.169368535280228,0,0.164915712343322,0,0.125785728295644,0,0,0,0,0,0,0,0,0,0,0,0,0,0,0,0,0,0,0,0,0,0,0,0.140173733234406,0,0,0,0.20055897592714,0,0,0,0.192250487208366,0,0.206068713504535,0,0,0,0,0,0,0,0,0,0,0,0,0,0,0,0,0,0,0,0,0.150080094025249,0,0,0,0
0.378339288632075,0.297851175069809,0,0.239714443683624,0,0,0,0,0,0,0,0,0,0,0,0,0,0.180095103828267,0.26277217036002,0,0,0,0.162480278407307,0,0.217303350644628,0,0.154113539536526,0,0.14158998131752,0,0,0,0,0,0,0.348806202411652,0.390991323760578,0,0.413968414068222,0.331710841725854,0.339287127057711,0.251468402147293,0.301842701633771,0.27926539182663,0.347017069657644,0.312427839094942,0.329769036562546,0.415106743574142,0,0,0,0,0,0,0,0,0.403021931648254,0.266026765108109,0,0,0,0,0.310307587896075,0.304022001102567,0,0.161927709976832,0,0,0,0,0,0,0,0.394483536481857,0,0,0.230610683560371,0,0.33426686589207,0.391842264813535,0.367170631885529,0.421876854815726,0.233154472075441,0.180103231221437,0.36069486983218,0.267854452133179,0.309513550251722
0.281924143433571,0.353080481290817,0,0,0,0,0,0,0,0,0,0,0,0,0,0,0.180095103828267,0,0.280692400913891,0,0,0.166041624691107,0,0.182833466457354,0,0.130811458257581,0,0.143819285890995,0,0,0,0,0,0,0,0.349820137023926,0.339549526572227,0.158657744526863,0,0.309432968497276,0.302142016589642,0.274893376976252,0.296620711684227,0.267046477645636,0.295815999309222,0.295727556571364,0.311423144895922,0.336519916852315,0.406273663043976,0,0,0,0,0,0,0,0,0.288115721940994,0,0,0,0,0.29623768851161,0.303436034917831,0.15250137056175,0,0,0,0.155106191337109,0,0,0,0,0.332846105098724,0,0,0,0,0.327745576267657,0.344569574384128,0.317727163434029,0.383829547299279,0.214038321225011,0.147693579201587,0.315267629813457,0.235662996768951,0.282563753426075
0.328066476865819,0.286200476133011,0.234676510095596,0.261192607382933,0,0,0,0,0,0.178532332181931,0,0,0,0,0,0,0.26277217036002,0.280692400913891,0,0.229255974292755,0,0,0,0,0,0,0,0,0,0,0,0,0,0,0.265329211950302,0.369218910921295,0.351741731287987,0.391778644762541,0.369275828494745,0.318353734897064,0.298617086936012,0.234331726390989,0.239622368591619,0.243981852523378,0.245438142976862,0.302604233175141,0.321653640122139,0.354450678746951,0.278438724577427,0.278347673448356,0,0,0,0,0,0,0.3511958695375,0.332431856609349,0,0,0,0,0.310118525562037,0.295492565244194,0,0,0,0,0,0,0,0,0.357685453512452,0.367232097477853,0,0,0.367904765738381,0.380709360043208,0.351859405860919,0.359134613792181,0.429672536781295,0.3866794167349,0.240031221142828,0.28553715467453,0.322848378863842,0.265590228514964,0.274794100123083
0,0,0,0,0,0.15849762837644,0,0.132374421589904,0,0,0,0.142272235131462,0,0,0,0,0,0,0.229255974292755,0,0,0,0,0,0,0,0,0,0,0,0,0,0,0,0,0.15949969374091,0,0.170865885263927,0,0,0,0.250674590468407,0,0,0,0.309440056482951,0,0,0,0.200365896026293,0,0,0,0.156160444021225,0,0,0,0.180853737155338,0,0,0,0,0.177252571722968,0,0,0,0,0,0,0,0,0,0,0,0,0,0,0,0.17967143602918,0,0.227843808469834,0,0.148096371344898,0.22464513219893,0.203124870514048,0,0
0,0,0.13849738240242,0,0.138508416436337,0,0.13361388931469,0,0,0,0.148689001093148,0,0,0,0,0,0,0,0,0,0,0,0,0,0,0,0,0,0,0,0,0,0,0,0,0,0.1706588937991,0,0.179406793940276,0,0.210401229560375,0,0,0,0,0,0.300915520299565,0,0.219712004065514,0,0.158550622739962,0,0.133353594135731,0,0,0,0.161369605564085,0,0,0,0,0,0,0.181473989134843,0,0,0,0,0,0,0,0,0,0,0,0,0,0,0,0.213621097277379,0,0.205098978524069,0.153548893427885,0,0.210598964694959,0,0
0,0,0,0,0,0,0,0,0,0,0,0,0,0,0,0,0,0.166041624691107,0,0,0,0,0.124461118479312,0.166377973137423,0,0.137170438965162,0,0.144095671984057,0,0,0,0,0,0,0,0,0,0.205430161458655,0.13814775987583,0,0,0,0,0,0,0,0,0,0,0.374435842083913,0,0,0,0,0,0,0,0,0,0,0,0,0,0,0.198580753984549,0.106511357107333,0.167911037478758,0,0.143055990338326,0,0.174711404970902,0,0,0,0,0,0,0,0,0,0.20291414256691,0.16870846700024,0.139862893758099,0.141518116411236,0.289644031274703,0,0
0,0,0,0,0,0,0,0,0,0,0,0,0,0,0,0,0.162480278407307,0,0,0,0,0.124461118479312,0,0,0.168205714526591,0,0.161739483829272,0,0.155663314065492,0,0,0,0,0,0,0,0,0.130758448503911,0.155524174574237,0,0,0,0,0,0,0,0,0.425153456628323,0.239666960104394,0,0,0,0,0,0,0,0,0,0,0,0,0,0,0,0.105882758895556,0.204668091406821,0,0.18885919294574,0,0.150425637808611,0,0.154394216909267,0,0,0,0,0,0,0,0,0.132469519972801,0.189709420193848,0.143061498746222,0.130826015626231,0.29026505847772,0,0
0,0,0,0,0,0,0,0,0,0.206773827588835,0,0,0,0,0,0.169368535280228,0,0.182833466457354,0,0,0,0.166377973137423,0,0,0,0.155421834473639,0,0,0,0,0,0,0,0,0,0,0,0.154367077074224,0,0,0,0.274424940347672,0,0,0,0,0,0,0,0.361870616674423,0,0,0,0,0,0.301315977201833,0,0,0,0,0,0.163251876831055,0,0,0.187833962917328,0,0.215963574563897,0,0.158708969751994,0,0,0,0,0,0,0,0,0,0,0,0.213111675300523,0,0.153140360116959,0.139029373534215,0.296214850412475,0,0
0.190211534500122,0,0,0,0,0,0,0,0.180425541475415,0,0,0,0,0,0,0,0.217303350644628,0,0,0,0,0,0.168205714526591,0,0,0,0.206907069385052,0,0,0,0,0,0,0,0,0,0,0,0.122851644080779,0,0,0,0,0,0,0,0,0,0.166331239044666,0,0,0,0,0,0.211930945849241,0,0,0,0,0,0,0,0,0,0,0.197559595283753,0,0.201132682454014,0,0.199343453560557,0,0,0,0,0,0,0,0,0,0,0,0.19681983620956,0.159276498432429,0,0.404840096831322,0,0
0,0,0,0,0,0,0,0,0,0.170644094546636,0,0,0,0,0,0.164915712343322,0,0.130811458257581,0,0,0,0.137170438965162,0,0.155421834473639,0,0,0,0.141720911083014,0,0,0,0,0,0,0,0,0,0,0,0,0,0,0,0,0,0,0,0,0,0,0,0,0,0,0,0.158872380852699,0,0,0,0,0,0.238460745662451,0,0,0,0,0.149126714042255,0,0.187660976476276,0,0.148566260933876,0,0,0,0,0,0,0,0,0,0,0,0.15030103482306,0.152205504477024,0,0,0
0,0,0,0,0,0,0,0,0.164418478374896,0,0,0,0,0,0,0,0.154113539536526,0,0,0,0,0,0.161739483829272,0,0.206907069385052,0,0,0,0.154523386610182,0,0,0,0,0,0,0,0,0,0,0,0,0,0,0,0,0,0,0,0,0,0,0,0,0,0.164756035804749,0,0,0,0,0,0,0,0,0,0,0.172655253641067,0,0,0,0.169076151152452,0,0.174814671278,0,0,0,0,0,0,0,0,0,0,0.145081505339633,0.159921452403069,0,0,0
0,0,0,0,0,0,0,0,0,0,0,0.165402196785983,0,0.140650391578674,0,0.125785728295644,0,0.143819285890995,0,0,0,0.144095671984057,0,0,0,0.141720911083014,0,0,0,0.15534202202278,0,0,0,0,0,0,0,0.146093463477416,0,0,0,0,0,0,0,0,0,0,0,0,0,0,0,0,0,0,0,0.164886848794089,0,0.150174355985206,0,0,0,0,0.158174836387237,0,0,0,0.194924488823901,0,0.170414705614675,0,0.167781488611064,0,0,0,0,0,0,0,0.156004460194172,0,0.155885422395335,0,0,0,0
0,0,0,0,0,0,0,0,0,0,0,0,0.207413841038942,0,0,0,0.14158998131752,0,0,0,0,0,0.155663314065492,0,0,0,0.154523386610182,0,0,0,0.140320038774385,0,0,0,0,0,0,0,0.158367753258118,0,0,0,0,0,0,0,0,0,0,0,0,0,0,0,0,0,0,0,0.202255287766457,0,0,0,0,0,0,0.153547197580338,0,0,0,0.152685725263187,0,0.172340436791458,0,0.190098822116852,0,0,0,0,0,0,0,0.150720831006765,0.164137610754409,0.15825591981411,0,0,0
0,0,0,0,0,0,0,0,0,0,0,0.157046600639283,0,0,0,0,0,0,0,0,0,0,0,0,0,0,0,0.15534202202278,0,0,0,0,0,0,0,0,0,0.161230738201867,0,0,0,0,0,0,0,0,0,0,0,0,0,0,0,0,0,0,0,0.155861280560493,0,0,0,0,0,0,0,0,0,0,0,0,0.167674488792516,0,0.20535885773232,0,0,0,0,0,0,0,0.158443781930062,0,0.150511296171891,0,0,0,0
0,0,0,0,0,0,0,0,0,0,0.152198548299995,0,0,0,0,0,0,0,0,0,0,0,0,0,0,0,0,0,0.140320038774385,0,0,0,0,0,0,0,0,0,0.153372281381199,0,0,0,0,0,0,0,0,0,0,0,0,0,0,0,0,0,0.206950804120616,0,0,0,0,0,0,0,0,0,0,0,0,0,0,0.148686873416106,0,0.20483237560902,0,0,0,0,0,0,0,0.151889530817668,0.154965871416811,0,0,0,0
0,0,0,0,0,0,0,0,0,0,0,0,0,0,0,0,0,0,0,0,0,0,0,0,0,0,0,0,0,0,0,0,0.151939520828714,0.171780248674063,0,0.164975733242252,0.137248545010661,0,0,0,0,0,0,0,0,0,0,0.338872705266262,0.520679374535879,0.534853398799896,0,0,0,0,0,0,0,0,0,0,0,0,0,0,0,0,0,0,0,0,0,0,0,0,0.196596470944076,0.160237198262601,0.19797793911262,0,0.17583448399407,0.148810933071833,0.24267552793026,0,0.156668333648211,0,0,0,0
0,0,0,0,0,0,0,0,0,0,0,0,0,0,0,0,0,0,0,0,0,0,0,0,0,0,0,0,0,0,0,0.151939520828714,0,0,0.233693797673498,0.230119824409485,0.174799468914035,0,0,0,0,0,0,0,0,0,0,0.309177531116459,0.480245530605316,0,0,0,0,0,0,0,0,0,0,0,0,0,0,0,0,0,0,0,0,0,0,0,0,0,0.151551163196564,0.210555432465172,0,0.269994879762332,0,0.250817366639342,0,0,0.235854833053613,0,0,0,0
0,0,0,0,0,0,0,0,0,0,0,0,0,0,0,0,0,0,0,0,0,0,0,0,0,0,0,0,0,0,0,0.171780248674063,0,0,0.194761156732959,0.173798423811847,0,0.173092950972081,0,0,0,0,0,0,0,0,0,0.231798077120734,0,0.37359681725502,0,0,0,0,0,0,0,0,0,0,0,0,0,0,0,0,0,0,0,0,0,0,0,0,0.165575902263323,0,0.214629231987951,0.19223806863794,0.226489771784532,0,0.194250847386048,0,0.181413328442388,0.167764265711109,0,0,0
0,0,0,0,0,0,0,0,0,0,0,0,0,0,0,0,0,0,0.265329211950302,0,0,0,0,0,0,0,0,0,0,0,0,0,0.233693797673498,0.194761156732959,0,0,0.170991979357673,0.165215626611548,0.213835412160659,0,0,0,0.296184241771698,0,0,0,0.332608103752136,0.222381664260218,0.334915953023093,0,0,0,0,0,0,0,0,0,0,0,0,0,0,0,0,0,0,0,0,0,0,0,0,0,0,0.266451872416905,0.19854526316866,0.221449880943504,0,0.197924435491553,0.150738701224327,0.211478852968019,0.17208966503783,0.142815671861172,0.282392621040344,0,0
0,0.403214180043765,0,0.268531522154808,0,0.167222465078036,0,0,0,0,0,0.16047989722258,0,0,0,0,0.348806202411652,0.349820137023926,0.369218910921295,0.15949969374091,0,0,0,0,0,0,0,0,0,0,0,0.164975733242252,0.230119824409485,0.173798423811847,0,0,0.137685867281054,0.174809248571034,0,0.320411628798435,0,0.334518334487589,0,0.384536906367257,0,0.302358089426121,0.318879768252373,0.327101649840673,0,0.321151750451989,0,0,0,0,0,0,0,0.184914923139981,0,0,0,0,0.193932485951428,0,0,0,0,0,0,0,0,0,0,0,0.163526419813816,0.208314225077629,0.233486816716882,0,0.200972377947405,0.138304090360928,0.22927757772221,0,0.172362515542298,0.197897092987071,0.27273392550696,0.359161696086327,0
0.393689313903451,0,0.308105826377869,0.253295421600342,0.171550205349922,0,0.17374340362019,0,0.189786911010742,0,0.179844832513481,0,0,0,0,0,0.390991323760578,0.339549526572227,0.351741731287987,0,0.1706588937991,0,0,0,0,0,0,0,0,0,0,0.137248545010661,0.174799468914035,0,0.170991979357673,0.137685867281054,0,0.155467687682672,0.173361362425359,0.408032119274139,0.319137153625488,0.330493956804276,0.326779888553934,0,0.369214756621255,0,0.31106025411422,0.320133364906437,0.317203192740467,0,0.191771497329076,0,0.173678644001484,0,0.22440730035305,0,0.18885832130909,0,0,0,0,0,0,0.192971190432327,0,0,0,0,0,0,0,0,0,0.409704029560089,0.149271394974656,0.215123141156369,0,0.181683127481238,0.158588781512739,0.191054989722306,0,0.216986758107397,0.177392944211525,0.177421733201842,0.223640145892384,0,0.345275342464447
0,0.343260650123869,0,0.363096453249454,0,0,0,0,0,0.198343213938426,0,0.15148616333099,0,0,0,0,0,0.158657744526863,0.391778644762541,0.170865885263927,0,0.205430161458655,0.130758448503911,0.154367077074224,0,0,0,0.146093463477416,0,0.161230738201867,0,0,0,0.173092950972081,0.165215626611548,0.174809248571034,0.155467687682672,0,0.134618281153275,0.331373711427053,0,0.33598802841845,0,0.406121409856356,0,0.347777306532659,0.331582397222519,0.501911554681627,0,0.51747004285052,0,0.364654928445816,0,0,0,0.255175380885196,0,0.161773155681616,0,0,0,0,0.238349951326323,0,0.264806092549949,0.131588940819105,0.296640160291091,0,0,0,0.152680895379129,0,0.208228513322495,0,0,0,0.184099868597353,0.17038051949607,0.256089924544456,0,0.202036278872267,0.165711769822592,0.194027191258511,0.195104696312729,0.278803645012279,0.371436263506229,0
0.409070233106613,0,0.330284267663956,0,0,0,0,0,0.168485055646454,0,0.166124041990361,0,0,0,0,0,0.413968414068222,0,0.369275828494745,0,0.179406793940276,0.13814775987583,0.155524174574237,0,0.122851644080779,0,0,0,0.158367753258118,0,0.153372281381199,0,0,0,0.213835412160659,0,0.173361362425359,0.134618281153275,0,0,0.313162812164852,0.424277186393738,0.379618348144903,0,0.390067335632112,0.375108063220978,0.342456494303916,0.572381178485164,0.409810218684099,0,0,0,0,0,0.201673688756865,0,0.178366874108972,0,0,0,0,0,0,0.241400683969689,0,0.222689471809372,0,0.242568909768423,0,0,0,0.184116886748422,0,0.178374362237957,0,0,0,0.191344868342082,0,0.234974404841968,0.207392217384444,0.208045714289697,0.230120366369265,0.258183496072888,0.405994420162344,0,0.366037878990173
0,0.413975085203464,0,0.255067599208459,0,0.317927420139313,0,0,0,0,0,0,0,0,0,0,0.331710841725854,0.309432968497276,0.318353734897064,0,0,0,0,0,0,0,0,0,0,0,0,0,0,0,0,0.320411628798435,0.408032119274139,0.331373711427053,0,0,0.332805997133255,0.278052526039367,0.300951510667801,0.353871673409246,0,0.301942598540336,0.341873310646921,0.245408967137337,0.262927055358887,0.215185910134933,0,0,0,0,0,0,0,0.270451315139469,0,0,0,0,0.249386815871283,0.296279698610306,0,0,0,0,0,0,0,0,0,0,0,0,0.296996386987822,0,0.240930925411431,0.369205996394157,0.307253263725175,0.433767959475517,0.306488922469213,0.320912789214741,0.298383033715854,0.319564448855817,0.276525646448135
0.438030201941729,0,0.239560158054034,0,0,0,0,0,0,0,0,0,0,0,0,0,0.339287127057711,0.302142016589642,0.298617086936012,0,0.210401229560375,0,0,0,0,0,0,0,0,0,0,0,0,0,0,0,0.319137153625488,0,0.313162812164852,0.332805997133255,0,0.276652075350285,0.273351540910863,0,0.324007572606206,0.354458117485046,0.317044265054785,0.342447241147359,0.237819127391039,0,0.205340996384621,0,0,0,0,0,0.279754414326615,0.357657179236412,0,0,0,0,0.343676080306371,0.227857157725783,0,0,0,0,0,0,0,0,0,0.322391420602798,0,0,0,0,0.352633714675903,0.239188256792429,0,0.312771737188488,0.293182441445648,0.312919694185257,0.265872157109967,0,0.3155509858996
0,0.310896895638033,0,0.278749287964586,0,0.270972833037376,0,0,0,0.183017008006573,0,0,0,0,0,0,0.251468402147293,0.274893376976252,0.234331726390989,0.250674590468407,0,0,0,0.274424940347672,0,0,0,0,0,0,0,0,0,0,0,0.334518334487589,0.330493956804276,0.33598802841845,0.424277186393738,0.278052526039367,0.276652075350285,0,0.225367715050067,0.256729795896646,0.215233311057091,0.287117092232955,0.323763840577819,0.407954929586576,0.456054300069809,0.314430562980786,0,0.25684155523777,0,0,0,0.253985110351018,0,0.332661599958564,0,0.34817311167717,0,0,0.331793579973693,0.291924804449081,0,0,0.395981050729752,0,0,0,0,0,0.306657861979281,0,0,0,0.324298709630966,0,0.318369084356925,0.340850463935307,0.399999632438024,0.338941365480423,0.284055769097854,0.276203641191471,0.326694560295337,0.258622731949965,0.23382019251585
0.367882300478717,0,0.26990227202975,0,0,0,0,0,0.172026400268078,0,0,0,0,0,0,0,0.301842701633771,0.296620711684227,0.239622368591619,0,0,0,0,0,0,0,0,0,0,0,0,0,0,0,0.296184241771698,0,0.326779888553934,0,0.379618348144903,0.300951510667801,0.273351540910863,0.225367715050067,0,0.225055880844593,0.299635090596146,0.28474588394165,0.283172194733687,0.460636181020459,0.322180002582846,0.386814028024673,0,0,0,0,0.175505640752175,0,0.362509883179957,0.272444784641266,0,0,0,0,0,0.285556077608588,0,0,0,0,0,0,0,0.340398894415961,0,0.365098072458868,0,0,0,0,0.334476870298386,0.331175593280792,0,0.397660864816679,0.27905559501134,0.314952131091934,0.313610253905549,0.247917200128237,0.242986144375963
0,0.341950063904126,0,0.26254757369558,0,0,0,0,0,0,0,0,0,0,0,0,0.27926539182663,0.267046477645636,0.243981852523378,0,0,0,0,0,0,0,0,0,0,0,0,0,0,0,0,0.384536906367257,0,0.406121409856356,0,0.353871673409246,0,0.256729795896646,0.225055880844593,0,0,0.339747784828598,0.306412823498249,0.384472407400608,0,0.37769515812397,0,0,0,0,0,0,0,0.327905537052588,0,0,0,0,0.325399775058031,0.320988327264786,0,0,0,0,0,0,0,0,0,0,0,0,0.3728759765625,0,0.386182635715327,0.331653751432896,0.447591610856958,0.365411639213562,0.252289941666102,0.283808845612738,0.317726387398956,0.297063954566654,0
0,0,0,0,0,0,0,0,0,0,0,0,0,0,0,0,0.347017069657644,0.295815999309222,0.245438142976862,0,0,0,0,0,0,0,0,0,0,0,0,0,0,0,0,0,0.369214756621255,0,0.390067335632112,0,0.324007572606206,0.215233311057091,0.299635090596146,0,0,0,0.367218111720041,0,0.358532518148422,0,0,0,0,0,0,0,0,0,0,0,0,0,0,0.328555572777987,0,0,0,0,0,0,0,0,0,0,0,0.340703427791595,0,0,0.286189615726471,0.411038030218871,0,0.444882452487946,0.266848753278072,0,0.345341238557108,0,0.339984635512034
0,0.305754408240318,0,0.212963943911153,0,0.184233009815216,0,0,0,0.338482320308685,0,0.256397731602192,0,0,0,0,0.312427839094942,0.295727556571364,0.302604233175141,0.309440056482951,0,0,0,0,0,0,0,0,0,0,0,0,0,0,0,0.302358089426121,0,0.347777306532659,0.375108063220978,0.301942598540336,0.354458117485046,0.287117092232955,0.28474588394165,0.339747784828598,0,0,0.337306969137077,0.294406016667684,0.352483615279198,0.232594823241234,0,0.190505489706993,0,0,0,0,0,0.266781368860226,0,0,0,0,0.244215818928019,0.31052703410387,0,0,0,0,0,0,0,0,0.289517777306693,0,0,0,0.289346098899841,0,0.286461168053079,0.362327004923965,0.361072290317837,0.364551901817322,0.296501139414982,0.298188457122216,0.310598805472201,0.285965412855148,0
0.372551069905361,0,0.278140256802241,0.274895697832108,0,0,0,0,0,0,0,0,0,0,0,0,0.329769036562546,0.311423144895922,0.321653640122139,0,0.300915520299565,0,0,0,0,0,0,0,0,0,0,0,0,0,0.332608103752136,0.318879768252373,0.31106025411422,0.331582397222519,0.342456494303916,0.341873310646921,0.317044265054785,0.323763840577819,0.283172194733687,0.306412823498249,0.367218111720041,0.337306969137077,0,0.313158117234707,0.286288237820069,0.285797566175461,0,0,0,0,0.22474405169487,0,0.321541517972946,0.342561438679695,0,0,0,0,0.328212131346975,0.284757404612973,0,0,0,0,0,0,0,0,0,0.321703324715296,0,0,0,0.365240424871445,0.345403677473466,0.316297342072738,0.370765942335129,0.357515590774906,0.312365632175364,0.332284903870179,0.295410773348778,0.324710150559743,0.293483031647546
0,0.426352414819929,0,0.233291718576636,0,0.258677452802658,0,0,0,0,0,0,0,0,0,0,0.415106743574142,0.336519916852315,0.354450678746951,0,0,0,0.425153456628323,0,0,0,0,0,0,0,0,0.338872705266262,0.309177531116459,0.231798077120734,0.222381664260218,0.327101649840673,0.320133364906437,0.501911554681627,0.572381178485164,0.245408967137337,0.342447241147359,0.407954929586576,0.460636181020459,0.384472407400608,0,0.294406016667684,0.313158117234707,0,0.481563488714101,0.473397516256687,0,0,0,0,0,0.449571996927261,0,0.287082726756732,0,0,0,0,0.263356875096049,0.263395048677921,0,0.456165075302124,0.363709879418214,0.534309276763131,0,0,0,0,0,0,0.206724416984702,0.394729962895666,0.306700933061442,0.23729208849333,0.339793453127311,0.35240221098742,0.367212238636884,0.37369201496824,0.515820813409335,0.293773370484511,0.520014477778473,0.346659219927258,0.333542495965958
0.173210980717179,0,0.147059558726409,0.241196087428502,0,0,0,0,0.169904541756426,0,0,0,0,0,0,0,0,0.406273663043976,0.278438724577427,0,0.219712004065514,0,0.239666960104394,0,0.166331239044666,0,0,0,0,0,0,0.520679374535879,0.480245530605316,0,0.334915953023093,0,0.317203192740467,0,0.409810218684099,0.262927055358887,0.237819127391039,0.456054300069809,0.322180002582846,0,0.358532518148422,0.352483615279198,0.286288237820069,0.481563488714101,0,0.369602228092611,0.23502379655838,0,0,0,0.193562408339004,0,0.247899582473243,0.286257103085518,0.204439088702202,0,0.190015117327372,0,0.256377071142197,0.23539713876588,0,0.257032415660136,0,0.259654596447945,0,0.270482663707487,0,0.2711388949837,0,0.292368161181609,0,0.41252147157987,0,0.339259430766106,0.359775111079216,0.327253500101488,0,0.387261121824849,0.418053324485546,0.309917794664701,0.299140716751514,0.29064878821373,0.303909599781036
0,0.191033196821809,0,0.216915988537573,0,0.238946229219437,0,0,0,0.179703108138508,0,0,0,0,0,0,0,0,0.278347673448356,0.200365896026293,0,0.374435842083913,0,0.361870616674423,0,0,0,0,0,0,0,0.534853398799896,0,0.37359681725502,0,0.321151750451989,0,0.51747004285052,0,0.215185910134933,0,0.314430562980786,0.386814028024673,0.37769515812397,0,0.232594823241234,0.285797566175461,0.473397516256687,0.369602228092611,0,0,0,0,0,0,0.20395595446229,0,0.22829751122971,0,0.196070901524853,0,0.27930146750513,0.216764594178374,0,0.280539928025781,0,0,0,0.279715217597096,0,0.298384460806847,0,0.303300111032114,0,0.285048425197601,0,0.407958632068975,0,0.282495458651323,0,0.352010646008927,0,0.393321578905033,0.287531672804444,0.298157953668115,0.315434402227402,0
0,0,0.158807425035371,0,0.160508224710419,0,0.158797077834606,0,0.153462586567757,0,0,0,0.167948491871357,0,0,0,0,0,0,0,0.158550622739962,0,0,0,0,0,0,0,0,0,0,0,0,0,0,0,0.191771497329076,0,0,0,0.205340996384621,0,0,0,0,0,0,0,0.23502379655838,0,0,0,0,0,0.145836501740492,0,0.21509109934171,0,0.204129710194454,0,0,0,0,0.170109435915947,0,0,0,0,0,0,0,0,0,0,0,0,0,0,0,0.20209551602602,0,0,0.180929172234457,0,0.199000707989064,0,0
0,0,0,0.173767703109317,0,0.188404991261421,0,0.171106607693693,0,0.153461918234825,0,0,0,0,0,0.140173733234406,0,0,0,0,0,0,0,0,0,0,0,0,0,0,0,0,0,0,0,0,0,0.364654928445816,0,0,0,0.25684155523777,0,0,0,0.190505489706993,0,0,0,0,0,0,0,0,0,0.172197109460831,0,0.224424503034069,0,0.20188764914086,0,0,0,0,0,0,0,0,0,0,0,0,0,0,0,0,0,0,0.25844019651413,0,0,0,0.210607210040092,0,0.194157242774963,0,0
0,0,0,0,0.176769584417343,0,0.16799935845534,0,0,0,0.180891065036549,0,0,0,0,0,0,0,0,0,0.133353594135731,0,0,0,0,0,0,0,0,0,0,0,0,0,0,0,0.173678644001484,0,0,0,0,0,0,0,0,0,0,0,0,0,0,0,0,0,0,0,0.179610151085961,0,0.197343587875366,0,0,0,0,0.151704624295235,0,0,0,0,0,0,0,0,0,0,0,0,0,0,0,0,0,0,0.171666257531265,0,0,0,0
0,0,0,0,0,0,0,0.16161711145015,0,0,0,0.242446333169937,0,0,0,0,0,0,0,0.156160444021225,0,0,0,0,0,0,0,0,0,0,0,0,0,0,0,0,0,0,0,0,0,0,0,0,0,0,0,0,0,0,0,0,0,0,0,0,0,0.26375064658656,0,0.161153966188431,0,0,0.159648641943932,0,0,0,0,0,0,0,0,0,0,0,0,0,0,0,0,0,0,0,0.17875782081059,0,0,0,0
0.156633126919859,0,0.139675886298601,0,0,0,0,0,0.209504716740295,0,0,0,0,0,0.20253088991893,0,0,0,0,0,0,0,0,0,0.211930945849241,0,0.164756035804749,0,0,0,0,0,0,0,0,0,0.22440730035305,0,0.201673688756865,0,0,0,0.175505640752175,0,0,0,0.22474405169487,0,0.193562408339004,0,0.145836501740492,0,0,0,0,0,0.202253215014935,0,0.168819077312946,0,0.219751849027443,0,0,0,0,0,0,0.240990091573634,0,0.164341270923615,0,0,0,0,0,0,0,0,0,0.210192084312439,0,0.281007732730359,0.178739083887533,0.23894077539444,0.186113445886544,0,0
0,0.192093643534758,0,0.168734066292685,0,0.153506562113762,0,0,0,0.224687990217373,0,0,0,0,0,0.20055897592714,0,0,0,0,0,0,0,0.301315977201833,0,0.158872380852699,0,0,0,0,0,0,0,0,0,0,0,0.255175380885196,0,0,0,0.253985110351018,0,0,0,0,0,0.449571996927261,0,0.20395595446229,0,0.172197109460831,0,0,0,0,0,0.266844868659973,0,0,0,0.225851083436558,0,0,0,0,0.278266619375856,0,0,0,0,0,0,0,0,0,0,0,0,0,0.296678195397059,0,0.189371157937297,0.226565459370613,0.239137782488189,0.206420414149761,0
0.376063253730536,0,0.256431847810745,0,0.166070657471816,0,0.179218038916588,0,0,0,0.191616237093878,0,0.163177605050977,0,0,0,0.403021931648254,0,0.3511958695375,0,0.161369605564085,0,0,0,0,0,0,0,0,0,0.206950804120616,0,0,0,0,0,0.18885832130909,0,0.178366874108972,0,0.279754414326615,0,0.362509883179957,0,0,0,0.321541517972946,0,0.247899582473243,0,0.21509109934171,0,0.179610151085961,0,0.202253215014935,0,0,0,0.171481119629612,0,0.190388928760182,0,0,0.278514126862238,0,0,0,0,0,0,0,0.158341780047992,0,0.257400179213706,0,0,0,0,0,0.272930409101879,0,0,0.183198298155158,0.250336681803068,0.303523750228439,0,0.374291150193465
0,0.353743548576648,0,0.27732135227914,0,0.185238413512707,0,0,0,0,0,0.210641057117456,0,0.158935314044356,0,0,0.266026765108109,0.288115721940994,0.332431856609349,0.180853737155338,0,0,0,0,0,0,0,0.164886848794089,0,0.155861280560493,0,0,0,0,0,0.184914923139981,0,0.161773155681616,0,0.270451315139469,0.357657179236412,0.332661599958564,0.272444784641266,0.327905537052588,0,0.266781368860226,0.342561438679695,0.287082726756732,0.286257103085518,0.22829751122971,0,0.224424503034069,0,0.26375064658656,0,0.266844868659973,0,0,0,0.216515118800233,0,0,0.277190452476717,0,0,0,0,0,0,0,0.201406385711173,0,0.232393041865466,0,0,0,0.353922307491302,0,0.287103499903857,0.325924634933472,0.169675979018211,0,0.226482929694779,0.329777340997349,0.329386815454604,0.350021659396589,0
0,0,0.180789286891619,0,0.204680968608175,0,0.195563635230064,0,0,0,0.145897561919342,0,0.165394610589052,0,0.169734307047394,0,0,0,0,0,0,0,0,0,0,0,0,0,0.202255287766457,0,0,0,0,0,0,0,0,0,0,0,0,0,0,0,0,0,0,0,0.204439088702202,0,0.204129710194454,0,0.197343587875366,0,0.168819077312946,0,0.171481119629612,0,0,0,0.232651248679195,0,0,0,0,0,0,0,0,0,0,0.183210307092809,0,0,0,0,0,0,0,0,0,0,0.172750518330046,0.151755557503811,0.280228572232383,0,0
0,0,0,0.185705617070198,0,0.183549717068672,0,0.185517698526382,0,0,0,0.172210762610561,0,0.167126271350325,0,0.192250487208366,0,0,0,0,0,0,0,0,0,0,0,0.150174355985206,0,0,0,0,0,0,0,0,0,0,0,0,0,0.34817311167717,0,0,0,0,0,0,0,0.196070901524853,0,0.20188764914086,0,0.161153966188431,0,0,0,0.216515118800233,0,0,0,0.206066005495416,0,0,0,0,0,0,0.315251287072897,0,0,0,0,0,0,0,0,0,0,0,0,0,0.178347010537982,0.164290860295296,0.26483690738678,0,0
0.235439616212478,0,0,0,0,0,0,0,0.20283114989147,0,0,0,0,0,0.142145639657974,0,0,0,0,0,0,0,0,0,0,0,0,0,0,0,0,0,0,0,0,0,0,0,0,0,0,0,0,0,0,0,0,0,0.190015117327372,0,0,0,0,0,0.219751849027443,0,0.190388928760182,0,0.232651248679195,0,0,0,0,0,0,0,0,0,0,0,0,0,0,0,0,0,0,0,0,0,0,0,0,0,0.151876409138952,0,0
0,0.18819056948026,0,0,0,0.173173180608838,0,0,0,0.173217617148577,0,0,0,0,0,0.206068713504535,0,0,0,0,0,0,0,0.163251876831055,0,0.238460745662451,0,0,0,0,0,0,0,0,0,0,0,0,0,0,0,0,0,0,0,0,0,0,0,0.27930146750513,0,0,0,0,0,0.225851083436558,0,0,0,0.206066005495416,0,0,0,0,0,0,0,0,0.277413979902134,0,0.291812211275101,0,0,0,0,0,0,0,0,0,0,0,0.15725764362087,0,0,0,0
0,0.299597506012235,0,0.2427634797059,0,0.140566959100611,0,0.138135563582182,0,0,0,0.146999791159891,0,0,0,0,0.310307587896075,0.29623768851161,0.310118525562037,0.177252571722968,0,0,0,0,0,0,0,0,0,0,0,0,0,0,0,0.193932485951428,0,0.238349951326323,0,0.249386815871283,0.343676080306371,0.331793579973693,0,0.325399775058031,0,0.244215818928019,0.328212131346975,0.263356875096049,0.256377071142197,0.216764594178374,0,0,0,0.159648641943932,0,0,0,0.277190452476717,0,0,0,0,0,0.323003530502319,0,0,0,0,0,0,0,0,0.308057983716329,0.363049745559692,0,0,0.365273833274841,0,0.241843317074183,0.362454767410572,0.326059397432561,0,0.188773172459464,0.271911416860188,0.285537827778393,0.315618146459262,0
0.375210322439671,0,0.202477857470512,0,0,0,0,0,0,0,0.159386992343326,0,0,0,0,0,0.304022001102567,0.303436034917831,0.295492565244194,0,0.181473989134843,0,0,0,0,0,0,0,0,0,0,0,0,0,0,0,0.192971190432327,0,0.241400683969689,0.296279698610306,0.227857157725783,0.291924804449081,0.285556077608588,0.320988327264786,0.328555572777987,0.31052703410387,0.284757404612973,0.263395048677921,0.23539713876588,0,0.170109435915947,0,0.151704624295235,0,0,0,0.278514126862238,0,0,0,0,0,0.323003530502319,0,0,0,0,0,0,0,0,0,0,0.32789858803153,0,0,0,0.342630207538605,0.330215185880661,0.262819534802974,0,0.322230320199656,0.195874674760915,0.301433086395264,0.287863438695321,0,0.34772814810276
0,0,0,0,0,0,0,0,0,0,0,0,0,0,0,0,0,0.15250137056175,0,0,0,0.198580753984549,0.105882758895556,0.187833962917328,0,0,0,0.158174836387237,0,0,0,0,0,0,0,0,0,0.264806092549949,0,0,0,0,0,0,0,0,0,0,0,0.280539928025781,0,0,0,0,0,0,0,0,0,0,0,0,0,0,0,0,0.231491156106378,0,0.266305310617794,0,0.257645491370828,0,0,0,0,0,0,0,0,0,0.241971693759741,0,0.152253207854099,0.174751772161792,0.30357988551259,0,0
0,0,0,0,0,0,0,0,0,0,0,0,0,0,0,0,0.161927709976832,0,0,0,0,0.106511357107333,0.204668091406821,0,0.197559595283753,0,0.172655253641067,0,0.153547197580338,0,0,0,0,0,0,0,0,0.131588940819105,0.222689471809372,0,0,0,0,0,0,0,0,0.456165075302124,0.257032415660136,0,0,0,0,0,0,0,0,0,0,0,0,0,0,0,0,0,0,0.24010861370841,0,0.32887510398543,0,0.226696644116331,0,0,0,0,0,0,0,0,0,0.258752836417543,0.182492118943291,0.111214689444751,0.361608598766656,0,0
0,0.207699671387672,0,0,0,0,0,0,0,0.2355638562634,0,0,0,0,0,0,0,0,0,0,0,0.167911037478758,0,0.215963574563897,0,0.149126714042255,0,0,0,0,0,0,0,0,0,0,0,0.296640160291091,0,0,0,0.395981050729752,0,0,0,0,0,0.363709879418214,0,0,0,0,0,0,0,0.278266619375856,0,0,0,0,0,0,0,0,0.231491156106378,0,0,0,0,0,0,0,0,0,0,0,0,0,0,0,0.30493879949518,0,0.189982940122653,0.329268574714661,0.348863380504589,0,0
0,0,0,0,0,0,0,0,0.190344832837582,0,0,0,0,0,0,0,0,0,0,0,0,0,0.18885919294574,0,0.201132682454014,0,0,0,0,0,0,0,0,0,0,0,0,0,0.242568909768423,0,0,0,0,0,0,0,0,0.534309276763131,0.259654596447945,0,0,0,0,0,0.240990091573634,0,0,0,0,0,0,0,0,0,0,0.24010861370841,0,0,0,0.308224963966538,0,0,0,0,0,0,0,0,0,0,0,0.320181972343168,0.258680267445743,0,0.421334450443586,0,0
0,0,0,0,0,0,0,0,0,0,0,0,0,0,0,0,0,0.155106191337109,0,0,0,0.143055990338326,0,0.158708969751994,0,0.187660976476276,0,0.194924488823901,0,0,0,0,0,0,0,0,0,0,0,0,0,0,0,0,0,0,0,0,0,0.279715217597096,0,0,0,0,0,0,0,0,0,0.315251287072897,0,0.277413979902134,0,0,0.266305310617794,0,0,0,0,0,0.311608881652355,0,0,0,0,0,0,0,0,0,0,0,0.158818085892842,0,0,0,0
0,0,0,0,0,0,0,0,0.158839975412075,0,0,0,0,0,0,0,0,0,0,0,0,0,0.150425637808611,0,0.199343453560557,0,0.169076151152452,0,0.152685725263187,0,0,0,0,0,0,0,0,0,0,0,0,0,0,0,0,0,0,0,0.270482663707487,0,0,0,0,0,0.164341270923615,0,0,0,0,0,0,0,0,0,0,0.32887510398543,0,0.308224963966538,0,0,0,0.176461720291306,0,0,0,0,0,0,0,0,0,0,0.132515830298265,0,0,0,0
0,0,0,0,0,0,0,0,0,0,0,0.145951591432095,0,0,0,0,0,0,0,0,0,0.174711404970902,0,0,0,0.148566260933876,0,0.170414705614675,0,0.167674488792516,0,0,0,0,0,0,0,0.152680895379129,0,0,0,0,0,0,0,0,0,0,0,0.298384460806847,0,0,0,0,0,0,0,0.201406385711173,0,0,0,0.291812211275101,0,0,0.257645491370828,0,0,0,0.311608881652355,0,0,0,0.21505430850638,0,0,0,0,0,0,0,0.208630875424222,0,0.159920402699047,0,0,0,0
0,0,0,0,0,0,0,0,0,0,0.140850830823183,0,0.178836507292894,0,0,0,0,0,0,0,0,0,0.154394216909267,0,0,0,0.174814671278,0,0.172340436791458,0,0.148686873416106,0,0,0,0,0,0,0,0.184116886748422,0,0,0,0.340398894415961,0,0,0,0,0,0.2711388949837,0,0,0,0,0,0,0,0.158341780047992,0,0.183210307092809,0,0,0,0,0,0,0.226696644116331,0,0,0,0.176461720291306,0,0,0,0.186596299743368,0,0,0,0,0,0,0,0.214528556855629,0.174048476927989,0.148924186825752,0.380826771259308,0,0
0,0.380316317081451,0,0.294285481174787,0,0,0,0,0,0,0,0.18614777644812,0,0,0,0,0,0,0.357685453512452,0,0,0,0,0,0,0,0,0.167781488611064,0,0.20535885773232,0,0,0,0,0,0,0,0.208228513322495,0,0,0,0.306657861979281,0,0,0,0.289517777306693,0,0,0,0.303300111032114,0,0,0,0,0,0,0,0.232393041865466,0,0,0,0,0.308057983716329,0,0,0,0,0,0,0,0.21505430850638,0,0,0,0,0,0,0,0.413304209709167,0,0.197816631804078,0,0.256836373697628,0,0.344158050790429,0.326429089361971,0
0.402292444370687,0,0.321893602609634,0,0,0,0,0,0,0,0.204967124809821,0,0,0,0,0,0.394483536481857,0.332846105098724,0.367232097477853,0,0,0,0,0,0,0,0,0,0.190098822116852,0,0.20483237560902,0,0,0,0,0,0.409704029560089,0,0.178374362237957,0,0.322391420602798,0,0.365098072458868,0,0,0,0.321703324715296,0,0.292368161181609,0,0,0,0,0,0,0,0.257400179213706,0,0,0,0,0,0.363049745559692,0.32789858803153,0,0,0,0,0,0,0,0.186596299743368,0,0,0,0,0,0,0,0.355007942765951,0,0.236895280006604,0.270934892842522,0.392311409115791,0.36109007234281,0,0.389454066753387
0,0,0,0,0,0,0,0,0,0,0,0,0,0,0,0,0,0,0,0,0,0,0,0,0,0,0,0,0,0,0,0.196596470944076,0.151551163196564,0.165575902263323,0,0.163526419813816,0.149271394974656,0,0,0,0,0,0,0,0,0,0,0.206724416984702,0,0.285048425197601,0,0,0,0,0,0,0,0,0,0,0,0,0,0,0,0,0,0,0,0,0,0,0,0,0,0.156361124971334,0.243536916548766,0,0.229605503772434,0,0.253571730852127,0,0.169542793109369,0,0,0,0
0,0,0,0,0,0,0,0,0,0,0,0,0,0,0,0,0,0,0,0,0,0,0,0,0,0,0,0,0,0,0,0.160237198262601,0.210555432465172,0,0.266451872416905,0.208314225077629,0.215123141156369,0,0,0,0,0,0,0,0.340703427791595,0,0,0.394729962895666,0.41252147157987,0,0,0,0,0,0,0,0,0,0,0,0,0,0,0,0,0,0,0,0,0,0,0,0,0,0.156361124971334,0,0,0.318089443751994,0,0.225744495101027,0,0.325127667188644,0.187707554083318,0,0,0,0
0,0.422172019879023,0,0,0,0,0,0,0,0,0,0,0,0,0,0,0.230610683560371,0,0.367904765738381,0,0,0,0,0,0,0,0,0,0,0,0,0.19797793911262,0,0.214629231987951,0.19854526316866,0.233486816716882,0,0.184099868597353,0,0.296996386987822,0,0.324298709630966,0,0.3728759765625,0,0.289346098899841,0,0.306700933061442,0,0.407958632068975,0,0,0,0,0,0,0,0.353922307491302,0,0,0,0,0.365273833274841,0,0,0,0,0,0,0,0,0,0,0,0.243536916548766,0,0,0.201659195350878,0.338932948155776,0,0.291676475574886,0,0.187036197344794,0.18356515379513,0.367303781211376,0.397689302762349,0
0,0,0,0,0,0,0,0,0,0,0,0,0,0,0,0,0,0,0.380709360043208,0,0,0,0,0,0,0,0,0,0,0,0,0,0.269994879762332,0.19223806863794,0.221449880943504,0,0.181683127481238,0.17038051949607,0.191344868342082,0,0,0,0,0,0,0,0.365240424871445,0.23729208849333,0.339259430766106,0,0,0,0,0,0,0,0,0,0,0,0,0,0,0.342630207538605,0,0,0,0,0,0,0,0,0,0,0,0.318089443751994,0.201659195350878,0,0,0.254539238530845,0,0.219878370714087,0.187058609857988,0.173387616872787,0.277541100978851,0,0
