0,0,28.7217234969139,0,0,0,0,0,90.3059271275997,0,0,0,0,0,0,0,0,0,0,0,0,0,0,0,0,0,0,0,0,0,0,0,0,0,0,0,0,0,0,0,0,0,5.16876929998398,0,0,0,0,0,148.124875426292,0,0,0,0,0,79.9299658536911,0,0,0,0,0,0.371710985898972,0,0,0,0,0,0,0,0,0,0,0,0,0,0,0,0,0,0,0,0,0,0.421363264322281,0,24.0221809148788,0,0
0,0,0,222.753225296736,0,0,0,0,0,93.5231305956841,0,0,0,0,0,13.5874905586243,0,0,0.629687935113907,0,0,0,0,0,0,0,0,0,0,0,0,0,0,0,0,0,0,0,0,0,0,186.979811087251,0,0,0,0,0,0,0,131.080388605595,0,0,0,0,0,45.456078350544,0,1.38641421496868,0,0,0,52.1252662837505,0,0,0,0,0,0,0.507312133908272,0,0,0,0.554620802402496,0,0,0,0,0,0,0,0,0,25.8857128620148,0,159.183384269476,0,0
28.7217234969139,0,0,0.209076553583145,62.0378168821335,0.223201535642147,0,0,31.09330701828,0,0,0,0,0,0,0,0,0,0,0,0.421098113059998,0,0,0,0,0,0,0,0,0,0,0,0,0,0,0,6.60111279785633,0,0,0,16.2228674888611,0.916487768292427,66.6961625367403,0,0,0.0859946757555008,16.1389321982861,2.8616860806942,69.1008262336254,0.41581342369318,73.8254524171352,0,0,0,0,0.231648445129395,58.9470482617617,0,9.99589973688126,0,17.6155832111835,0.117054916918278,0,9.55069342255592,0,0,0,0,0,0,0,0,0.244120232760906,42.3356896489859,0,0,0,0,1.15321363508701,61.524803891778,0,7.68855310976505,9.41351987421513,0,176.607214719057,0.256676681339741,9.8055936396122
0,222.753225296736,0.209076553583145,0,0,18.3387520313263,0,0,0,124.651777178049,0,0,0,0,0,0,0,0,0,1.39470839500427,0,0.417750060558319,0,0,0,0,0,0,0,0.192661017179489,0,0,0,0,0,8.13932348787785,0.133619055151939,0.194323435425758,0,34.3919973745942,0.947527080774307,30.7936133295298,3.77279813587666,0,0,4.79032266139984,0,0.109315983951092,9.3581824824214,104.123548418283,0,11.5476626157761,0,0,0,32.6006838977337,0.358505681157112,265.769147485495,0,251.321323648095,0,185.509208679199,1.23164039850235,0.420803107321262,0.724739968776703,0,0,0,0,0,11.4173604995012,0,74.2971766144037,0.33524264395237,0,0,0,0,26.7748298048973,1.71205869317055,22.28082883358,0.157225355505943,50.0767220854759,0,216.612358063459,12.0707516521215,0.27324415743351
0,0,62.0378168821335,0,0,0,0,0,0,0,0,0,0,0,0,0,0,0,0,0,140.354403495789,0,0,0,0,0,0,0,0,0,0,0,0,0,0,0,0,0,0,0,0.627127543091774,0.310336500406265,0.279336631298065,0,0,0,0,0,11.7544128596783,0,261.581597626209,0,1.78190988302231,0,0,0,0.39899805188179,0,0,0,0,0,0,3.98963651061058,0,0,0,0,0,0,0,0,0,0,0,0,0,0,0,3.25063872337341,0,0,69.0086778998375,0,111.436451464891,0,0
0,0,0.223201535642147,18.3387520313263,0,0,0,42.825763463974,0,0,0,0,0,0,0,10.0275048017502,0,0,2.21832919120789,7.7634349167347,0,0,0,0,0,0,0,0,0,0,0,0,0,0,0,88.1697409600019,0.376534819602966,0,0,13.3534972667694,0.561852008104324,5.36774255335331,1.53854472190142,0,0,0.426052585244179,2.1079888343811,0.129343971610069,6.53456415981054,18.9835924357176,0,895.091906100512,0,38.2609877586365,0,0,0.409175612032413,0.833511993288994,0,1.2048374414444,0,74.8926584422588,2.24462875723839,0.266468033194542,0,0,0,0,0,0,0,0,1.97798323631287,0.470051974058151,0,0,0,0,16.6976053416729,0.619566142559052,2.84956067800522,0,125.714299842715,1.08147040009499,141.101959571242,0.380000472068787,0.234457433223724
0,0,0,0,0,0,0,0,0,0,0,0,0,0,0,0,0,0,0,0,31.5798043161631,0,0,0,0,0,0,0,0,0,0,0,0,0,0,0,0,0,0,0,0,0,0,0,0,0,0,0,0,0,74.164936542511,0,107.675902217627,0,0,0,48.2480293363333,0,16.8662586212158,0,0,0,0,29.9319163709879,0,0,0,0,0,0,0,0,0,0,0,0,0,0,0,0,0,0,3,0,0,0,0
0,0,0,0,0,42.825763463974,0,0,0,0,0,3.73246681690216,0,0,0,0,0,0,0,0,0,0,0,0,0,0,0,0,0,0,0,0,0,0,0,0,0,0,0,0,0,0,0,0,0,0,0,0,0,0,0,34.4407415390015,0,173.847000837326,0,0,0,153.980476260185,0,0,0,0,0,0,0,0,0,0,0,0,0,0,0,0,0,0,0,0,0,0,0,0,83.7446043491364,0,0,0,0
90.3059271275997,0,31.09330701828,0,0,0,0,0,0,0,0,0,0,0,56.4964295774698,0,656.23863221705,198.870922021568,66.3718586713076,0,0,0,38.0832513719797,42.6283689141273,278.273746013641,9.45800323784351,248.715169787407,0,0,0,0,0,0,0,4.00260661542416,0.176672711968422,2.29758982360363,0,120.300383865833,0.124716810882092,3.63955643028021,1.59668850898743,81.5687185302377,0,0,0.202834695577621,1.0468637496233,0,20.6281641721725,0,0,0,0,0,669.962360024452,0,0,0,0,0,0,0,0,1.1521153897047,0,0.439185678958893,7.76087695360184,0.668493449687958,0,33.1705080121756,0,0,0,0.96611225605011,0,0,0,14.8113439530134,4.18125902116299,17.8728292435408,1.13958199322224,66.2328437119722,1245.95393875241,5.64418388903141,373.617183886468,0.403865680098534,4.77094487845898
0,93.5231305956841,0,124.651777178049,0,0,0,0,0,0,0,0.558826267719269,0,0,0,24.4335975050926,0,75.2347401380539,5.89191338419914,0,0,0,0,8.19695764780045,0,1.00623595714569,0,0,0,0,0,0,0,2.06039401888847,0,0.747053131461143,0,138.233654081821,0,2.17108500003815,0,3.49897055327892,0.780127122998238,0,0,0,0,0,0.116012059152126,8.80428494513035,0,0,0,0,0,512.49973359704,0,2.3011541813612,0,0,0,10.3255026191473,0,0,0,0,0,0,0.234603241086006,0,0.173517927527428,0,3.0748844742775,0.230936527252197,0,0,9.14373809099197,0,7.69009894132614,0.123301662504673,50.4915338307619,0,67.4356367960572,0,88.0439387783408,0.168484747409821,0.106045261025429
0,0,0,0,0,0,0,0,0,0,0,0,42.0894669294357,0,0,0,0,0,0,0,78.3171488493681,0,0,0,0,0,0,0,39.1842136383057,0,21.2208646833897,0,0,0,0,0,64.2939043045044,0,487.718035891652,0,0,0,1.71566462516785,0,0,0,6.44874818623066,0,0,0,1.19019141793251,0,6.80004060268402,0,0,0,1342.27579021454,0,59.7712168693542,0,0,0,0,97.4520853459835,0,0,0,0,0,0,0,0,0,20.90347635746,0,0,0,0,0,1.1825567483902,0,395.565542280674,178.825943171978,15.1648439764977,6.9743786752224,0,0
0,0,0,0,0,0,0,3.73246681690216,0,0.558826267719269,0,0,0,538.449455022812,0,0,0,0,0,601.230747878551,0,0,0,0,0,0,0,47.006822347641,0,0.423150956630707,0,0,0,0,0,512.805589079857,0,1070.37962920964,0,0,0,0,0,0,0,1.25504410266876,0,0,0,0,0,12.4736049771309,0,0,0,0,0,1198.32501430809,0,127.777463674545,0,0,245.416014909744,0,0,0,0,0,0,0,0,0,5.42315876483917,0,0,0,0,0,326.981830343604,0,87.6164090633392,0,286.391868919134,0,0.489022493362427,0,0
0,0,0,0,0,0,0,0,0,0,42.0894669294357,0,0,0,6,0,0,0,0,0,0,0,0,0,0,0,0,0,0,0,0,0,0,0,0,0,0,0,0,0,0,0,0,0,0,0,0,0,0,0,0,0,24.4256496429443,0,0,0,20.3020107746124,0,122.520988225937,0,3,0,0,0,0,0,0,0,0,0,0,0,0,0,0,0,0,0,0,0,0,0,17.91477394104,24.3900752067566,0,0,0
0,0,0,0,0,0,0,0,0,0,0,538.449455022812,0,0,0,0,0,0,0,0,0,0,0,0,0,0,0,0,0,0,0,0,0,0,0,0,0,0,0,0,0,0,0,0,0,0,0,0,0,0,0,0,0,0,0,0,0,32.6955189704895,0,396.223755478859,0,0,0,0,0,0,0,0,0,0,0,0,0,0,0,0,0,0,0,0,0,0,10.0018701553345,0,0,0,0
0,0,0,0,0,0,0,0,56.4964295774698,0,0,0,6,0,0,0,371.718784958124,21.5168642550707,11.8137447834015,0,0,0,29.805683016777,1.52920150756836,19.8369001150131,0,169.912586152554,0,0,0,0,0,0,0,0,0,0,0,0,0.488682091236115,0,2.8346905708313,0,0,0,0,0,0,0,0,4.19455015659332,0,0,0,5.56520611047745,0,0,0,0.585312962532043,0,9.63258224725723,0,0,0,0,0,0,0,0,19.9334101080894,0,0,0,0,0,0,0,0,0,0,0,0,261.522398248315,2.25753927230835,0,0,0
0,13.5874905586243,0,0,0,10.0275048017502,0,0,0,24.4335975050926,0,0,0,0,0,0,4.73024328052998,42.7125806510448,0,0,0,0,0,2.46187043190002,0,3.16404676437378,0,0,0,0,0,0,0,0,0,0,0,0,0,0,0,0,0,0,0,0,0,0,0,0,0,0,0,0,0,97.1047146916389,0,0,0,0,0,29.7838228642941,0,0,0,0,0,0,0,0,0,0,0,0,0,0,0,0,0,0,0,0,14.9420036673546,63.2231559753418,0,0,0
0,0,0,0,0,0,0,0,656.23863221705,0,0,0,0,0,371.718784958124,4.73024328052998,0,7077.70788470656,4518.677449435,0,0,27.9891882240772,984.019141033292,296.239125683904,616.077546790242,117.853167116642,2448.38512606919,0,3.7948676943779,0,0,0,0,0,0,3.52371028065681,18.5365231707692,0,0,31.3344455659389,51.0379901826382,48.6214047521353,80.8447918966413,12.1747423708439,0,16.5321129560471,15.1805323883891,0,0,0,0,0,0,0,29.6428890526295,0,0,1.40915358066559,0,0,34.2491888701916,0,8.75979812443256,23.0634957700968,0,26.2217009663582,31.5572867691517,0,16.2084205746651,340.284800976515,0,0,2.42258843779564,0.821152701973915,0,1.1712651848793,0,0,100.139467924833,133.883417226374,29.0479230582714,3.05909642577171,8130.56440027058,219.477060690522,113.384201817214,6.15794838964939,8.30363187193871
0,0,0,0,0,0,0,0,198.870922021568,75.2347401380539,0,0,0,0,21.5168642550707,42.7125806510448,7077.70788470656,0,3835.65717367828,0,0,253.135938286781,102.074185550213,989.486680969596,291.532635197043,1111.89037939906,183.422819286585,0,0,0,0,0,0,0,0,0.240367904305458,7.56440159678459,0,0,16.6764909848571,24.6060267388821,20.7462645918131,16.7555824741721,2.47976672649384,0,10.0944000557065,16.9142971336842,0,0,0,0,0,0,0,1.69603133201599,11.5790529251099,0,0.109877176582813,0,0,6.22971272468567,0,9.72710287570953,2.73594485223293,0,4.26677364110947,114.526085227728,0.295080810785294,169.159394085407,52.3576060384512,0,0,1.14384214580059,1.81909966468811,0,0.290122956037521,0,0,54.6206000819802,62.7029601484537,16.6678662374616,0,6596.85335223377,240.73279735446,41.8473746553063,9.1071837618947,0.157163143157959
0,0.629687935113907,0,0,0,2.21832919120789,0,0,66.3718586713076,5.89191338419914,0,0,0,0,11.8137447834015,0,4518.677449435,3835.65717367828,0,0,0.860249102115631,3.78257419168949,12.4571208655834,93.4324114024639,83.5682515501976,23.5965583771467,103.933833554387,0,0,0,0,0,0,0,0,64.6584020107985,281.559193886817,0.155398517847061,0,425.442817762494,565.28976264596,609.284950181842,576.213006958365,274.044840358198,0,248.270882129669,174.414378345013,1.24797332286835,0.482453867793083,0.770044311881065,0,0,0,0,5.6525045633316,0,4.78779163956642,32.0763403847814,0,0,0,0,144.549732506275,226.435894005001,0,2.69311833381653,5.96170499920845,0,4.8744869530201,7.81349220871925,0,0,72.1165855973959,31.1092158257961,0,30.4941633939743,0,0,1789.39159339666,1876.64822457731,375.279268570244,106.816898196936,2815.90867047757,20.8986623585224,1748.57858765125,218.770785391331,46.4986737966537
0,0,0,1.39470839500427,0,7.7634349167347,0,0,0,0,0,601.230747878551,0,0,0,0,0,0,0,0,0,0,0,0,0,0,0,0,0,0,0,0,0,0,0,1328.40674340725,0,8.55405309796333,0,0,0,0,0,0,0,1.53174313902855,0,0,0,0,0,84.691704839468,0,0,0,0,0,114.243736237288,0,0,0,0,370.856592997909,0,0,0,0,0,0,0,0,0,2.20355123281479,0,0,0,0,0,667.647857800126,0,4.58814759552479,0,98.8022850453854,9.74258956313133,110.228432536125,0,0
0,0,0.421098113059998,0,140.354403495789,0,31.5798043161631,0,0,0,78.3171488493681,0,0,0,0,0,0,0,0.860249102115631,0,0,0,0,0,0,0,0,0,0,0,0,0,0,0,0,0,1084.03445798159,0,127.10487818718,0,0,0,2.41865366697311,0,0,0,29.6343314647675,0,3.36736281216145,0,52.2966358959675,0,22.9057419449091,0,0,0,181.275747686625,0,0,0,0,0,0,706.894182696939,0,0,0,0,0,0,0,0,0,42.6000256538391,0,0,0,0,0,878.249932825565,0,55.8053031265736,58.7188865989447,4.85636201500893,122.028427705169,0,0
0,0,0,0.417750060558319,0,0,0,0,0,0,0,0,0,0,0,0,27.9891882240772,253.135938286781,3.78257419168949,0,0,0,173.770681619644,55.7828372716904,0,16.3771870434284,0,68.0583472251892,0,0,0,0,0,0,0,0,0,309.080781951547,0,0.150667145848274,0,8.581696793437,0.113159067928791,0,0,0.576583757996559,0,0,0,139.0690395087,0,0,0,0,0,0,0,39.3540140390396,0,0.353007674217224,0,0,8.48150922358036,0,2965.25124882162,5.67077589035034,148.54084071517,0,18.1594699025154,0,114.54823154211,0,39.4083336144686,0,0,0,0,0,2.39236418902874,0,276.529738008976,0,299.141327887774,34.0757303535938,16.5589771866798,1.96042257547379,0
0,0,0,0,0,0,0,0,38.0832513719797,0,0,0,0,0,29.805683016777,0,984.019141033292,102.074185550213,12.4571208655834,0,0,173.770681619644,0,4.51169303059578,149.004589885473,3.23479306697845,612.425707817078,0,48.4281179010868,0,0,0,0,0,1.34129548072815,0,0,59.9225859642029,515.236724048853,0,0,0,0,0,0,0,0,1.05282938480377,148.023794353008,0,0,0,0,0,7.12620568275452,0,0,0,0,0,0.974949538707733,0,0,0,0,3641.77241833508,0,1.81670609116554,0,105.94146412611,0,3.46604731678963,0,0,0,0,0,0,0,0,0,276.169074773788,1129.3604554981,61.5071601271629,0,0,0
0,0,0,0,0,0,0,0,42.6283689141273,8.19695764780045,0,0,0,0,1.52920150756836,2.46187043190002,296.239125683904,989.486680969596,93.4324114024639,0,0,55.7828372716904,4.51169303059578,0,15.6669698059559,190.843453407288,48.18911460042,0,0,0,0,0,0,0,0,0,0,33.9047763347626,0,0.25021293759346,1.33756801486015,0.195156261324883,0.282272487878799,0,0,0,0,0,0,93.0041791796684,0,0,0,0,0.322102725505829,7.82106712460518,0,0,0,0.403691560029984,0.63719642162323,15.0111900120974,0,0,61.6270895451307,0,735.535684794188,0,34.7603876888752,10.0271645784378,0.248388066887856,0,0,0,0,0,0,0,0.439654499292374,3.02376925945282,133.47369800508,0,718.5906804353,0,131.552773356438,0,0
0,0,0,0,0,0,0,0,278.273746013641,0,0,0,0,0,19.8369001150131,0,616.077546790242,291.532635197043,83.5682515501976,0,0,0,149.004589885473,15.6669698059559,0,7.10023552179337,217.075462430716,0,0,0,0,0,0,0,0.599354863166809,0,0,0,85.5402227640152,0.540032565593719,0.476461052894592,0,8.39758306741714,0,0,0.717289626598358,0.629907250404358,0,19.7393960654736,0,0,0,0,0,274.412812799215,0,0,0,0,0,1.14726531505585,0,0,0.572828829288483,0,2.04818940162659,7.19100832939148,381.036009967327,1.21193480491638,45.3710018396378,0,0,0,0,0,0,0,22.5424573421478,2.78532004356384,0.588821694254875,0,31.0327643156052,738.294599533081,7.92171582579613,64.5831550061703,0,0
0,0,0,0,0,0,0,0,9.45800323784351,1.00623595714569,0,0,0,0,0,3.16404676437378,117.853167116642,1111.89037939906,23.5965583771467,0,0,16.3771870434284,3.23479306697845,190.843453407288,7.10023552179337,0,5.33290815353394,2.3890001475811,0,0,0,0,0,0,0,0,0,0,0,0,0,0,0,0,0,0,0,0,0,0,0,0,0,0,0,0,0,0,0,0,0,0,0,0,0.734669029712677,0,527.783296734095,0,134.625278204679,0,0,0,0,0,0,0,0,0,1.08510681986809,0,0,0,303.034885719419,3.95611548423767,0,0,0
0,0,0,0,0,0,0,0,248.715169787407,0,0,0,0,0,169.912586152554,0,2448.38512606919,183.422819286585,103.933833554387,0,0,0,612.425707817078,48.18911460042,217.075462430716,5.33290815353394,0,0,0,0,0,0,0,0,0,0,0,0,0,0,2.85664749145508,2.1251819729805,4.12329530715942,0,0,0,0,0,0,0,0,0,0,0,51.2580720186234,0,0,0,0,0,26.3335514068604,0,0,0,0,22.1864472031593,2.85365724563599,11.8608787059784,0,412.533547788858,0,0,0,0,0,0,0,0,0,7.14720088243484,1.07450127601624,0,1349.13402083516,3.83582210540771,2.64687405526638,0,0
0,0,0,0,0,0,0,0,0,0,0,47.006822347641,0,0,0,0,0,0,0,0,0,68.0583472251892,0,0,0,2.3890001475811,0,0,0,661.739751875401,0,0,0,0,0,0,0,0,0,0,0,0,0,0,0,0,0,0,0,0,0,0,0,0,0,0,0,0,0,0,0,0,0,0,134.31902962923,0,0,0,58.7691390812397,0,845.896380528808,0,159.341402769089,0,0,0,0,0,0,0,1,0,0,0,0,0,0
0,0,0,0,0,0,0,0,0,0,39.1842136383057,0,0,0,0,0,3.7948676943779,0,0,0,0,0,48.4281179010868,0,0,0,0,0,0,0,241.387016564608,0,0,0,0,0,0,0,0,0,0,0,0,0,0,0,0,0,0,0,0,0,0,0,0,0,11.8810601234436,0,0,0,0,0,0,0,0,0,0,0,0,1,0,377.653642654419,0,144.039225697517,0,0,0,0,0,0,0,72.8018103837967,59.9959062039852,0,0,0,0
0,0,0,0.192661017179489,0,0,0,0,0,0,0,0.423150956630707,0,0,0,0,0,0,0,0,0,0,0,0,0,0,0,661.739751875401,0,0,0,0,0,0,0,0,0,340.525649130344,0,0,0,0,0,0,0,0,0,0,0,0,0,0,0,0,0,0,0,68.1499865353107,0,0,0,0,1.93568362295628,0,0,0,0,0,0,0,164.818752408028,0,745.830141380429,0,0,0,0,0,0,0,28.1255626380444,0,25.4558191299438,0,0.717364847660065,0,0
0,0,0,0,0,0,0,0,0,0,21.2208646833897,0,0,0,0,0,0,0,0,0,0,0,0,0,0,0,0,0,241.387016564608,0,0,0,0,0,0,0,0,0,182.647697553039,0,0,0,0,0,0,0,0,0,0,0,0,0,0,0,0,0,36.9694302678108,0,0,0,0,0,0,0,0,0,0,0,0,0,0,20.5660855174065,0,563.906539000571,0,0,0,0,0,0,0,79.4053848087788,96.28125,0,0,0,0
0,0,0,0,0,0,0,0,0,0,0,0,0,0,0,0,0,0,0,0,0,0,0,0,0,0,0,0,0,0,0,0,1107.72729504108,1.2675256729126,0,546.427368402481,38.1315836906433,0,0,0,4.6275829076767,0,0,0,0,0,0,706.234835326672,0,0,0,0,0,0,0,0,0,0,0,0,0,0,0,0,0,0,0,0,0,0,0,0,0,0,1892.85061511397,326.893004536629,20.0406510233879,0,859.581180587411,16.1179578304291,0,0,136.346500277519,0,0,0,0
0,0,0,0,0,0,0,0,0,0,0,0,0,0,0,0,0,0,0,0,0,0,0,0,0,0,0,0,0,0,0,1107.72729504108,0,1.57221531867981,42.1501912474632,219.543665617704,672.172662675381,0,0,0,0,0,0,0,0,0,0,2206.42529183626,3.1759968996048,0,0,0,0,0,0,0,0,0,0,0,0,0,0,0,0,0,0,0,0,0,0,0,0,0,460.029536217451,522.028305262327,10.0919329822063,24.6196926385164,262.384405970573,596.161400616169,0,0,774.725352793932,0,0,0,0
0,0,0,0,0,0,0,0,0,2.06039401888847,0,0,0,0,0,0,0,0,0,0,0,0,0,0,0,0,0,0,0,0,0,1.2675256729126,1.57221531867981,0,341.380238831043,247.639161616564,0,340.52218708396,7.14118146896362,0,0,0.300177186727524,0,0,0,0,0,1466.29625472426,0,0.869404911994934,0,0,0,0,0,2.31319096684456,0,0,0,0,0,0,0,0,0,0,0,0,0,0,0,0,0,0,65.7229330539703,0,1179.89729394019,427.680241286755,57.2463942468166,0,309.53106662631,0,60.9216989725828,29.5506697893143,1.15876293182373,0,0
0,0,0,0,0,0,0,0,4.00260661542416,0,0,0,0,0,0,0,0,0,0,0,0,0,1.34129548072815,0,0.599354863166809,0,0,0,0,0,0,0,42.1501912474632,341.380238831043,0,0,714.190542250872,0.40359815955162,724.138410523534,0,0,0,4.45767129957676,0,0,0,0,1816.47630366683,9.06846979260445,3.64051574468613,0,0,0,0,22.16221319139,0,0,0,0,0,0,0,0,0,0,0,0,0,0,0,0,0,0,0,10.4856356084347,250.407871156931,465.960551440716,1707.88744740933,4.51844650506973,273.370982632041,0,343.820124782622,71.4210416227579,0,7.18645034730434,0,0
0,0,0,8.13932348787785,0,88.1697409600019,0,0,0.176672711968422,0.747053131461143,0,512.805589079857,0,0,0,0,3.52371028065681,0.240367904305458,64.6584020107985,1328.40674340725,0,0,0,0,0,0,0,0,0,0,0,546.427368402481,219.543665617704,247.639161616564,0,0,691.168634414673,2365.88836756349,0,3.3706022799015,0,30.5585918202996,0,0.28874596953392,0,123.733138479292,0,418.978049635887,12.8703701496124,8.05610151588917,0,54.0497084259987,0,0,0,0,0,120.268139198422,0,0.249263793230057,0,0.867179989814758,779.977013759315,0.101279780268669,0,0,0,0,0,0,0.252096243202686,0,3.2355819195509,0,77.906970217824,113.761621564627,44.3083747625351,0,19062.1864573509,446.798760838807,405.443345665932,0.268123835325241,4145.70286259055,715.321007281542,110.518764771521,9.00339751690626,0.676789283752441
0,0,6.60111279785633,0.133619055151939,0,0.376534819602966,0,0,2.29758982360363,0,64.2939043045044,0,0,0,0,0,18.5365231707692,7.56440159678459,281.559193886817,0,1084.03445798159,0,0,0,0,0,0,0,0,0,0,38.1315836906433,672.172662675381,0,714.190542250872,691.168634414673,0,0,2309.85553982854,1.37035291641951,26.2033497393131,1.56768788397312,168.714157633483,0.17720240354538,0.170966610312462,0.172811627388,354.697536475956,41.6992466449738,0.773137390613556,0.753544986248016,0,0,0,0,0,0.134742990136147,7.57136745750904,0.388017185032368,0,0,0,0,0,352.417509093881,0,0,0.213164687156677,0,0,0,0,0,0.248844385147095,7.69875413179398,0,525.744341999292,0,277.25745652616,244.169655710459,23353.5512436256,4.8972293138504,344.697971746325,2305.51435925812,750.731622979045,323.000759407878,2.01810395717621,15.745924025774
0,0,0,0.194323435425758,0,0,0,0,0,138.233654081821,0,1070.37962920964,0,0,0,0,0,0,0.155398517847061,8.55405309796333,0,309.080781951547,59.9225859642029,33.9047763347626,0,0,0,0,0,340.525649130344,0,0,0,340.52218708396,0.40359815955162,2365.88836756349,0,0,108.452285498381,0,0,36.3861585110426,0,0,0,3.77589041739702,0,93.1771487891674,0,285.338559761643,0,0,0,0,0,168.934406802058,0,314.399733528495,0,0,0,0,65.001577720046,0,180.867196857929,0,56.092886865139,0,2.50520786643028,0,5.37958893179893,0,215.442370191216,0,0,0,210.521617442369,0,2156.03840391338,0,12586.8406625912,9.71371507644653,1165.08908945322,63.2027388215065,184.705052986741,0.782972753047943,0
0,0,0,0,0,0,0,0,120.300383865833,0,487.718035891652,0,0,0,0,0,0,0,0,0,127.10487818718,0,515.236724048853,0,85.5402227640152,0,0,0,0,0,182.647697553039,0,0,7.14118146896362,724.138410523534,0,2309.85553982854,108.452285498381,0,0,0,0,29.781362503767,0,0,0,0,42.2378863543272,531.739097028971,0,0,0,0,0,55.0231432020664,0,48.0517685115337,0,0,0,0,0,0,41.1846923828125,0,207.144137129188,0,28.4876405000687,0,0,0,0,0,18.4228682219982,0,0,0,593.313234269619,0,704.670881763101,76.1938172578812,11662.5176128596,1048.96387349069,310.959752202034,151.168722242117,0,0
0,0,0,34.3919973745942,0,13.3534972667694,0,0,0.124716810882092,2.17108500003815,0,0,0,0,0.488682091236115,0,31.3344455659389,16.6764909848571,425.442817762494,0,0,0.150667145848274,0,0.25021293759346,0.540032565593719,0,0,0,0,0,0,0,0,0,0,3.3706022799015,1.37035291641951,0,0,0,3.72933232784271,628.95335753262,5.03792175650597,24.0873363316059,0,218.082341328263,1.05943377315998,2.64670324325562,0,164.713671989739,0,4.10077764838934,0,0,0,2.79586324095726,0,19.073866777122,0,10.7633128985763,0,6.11071223020554,513.514389976859,1.82415035367012,0.382785893976688,0,0.388601168990135,0,0,0,1.69152844697237,0,11.7847704663873,0.517539620399475,0,0,0,0,1868.00722304732,10.1985593885183,81.6941519826651,0,67.3696973547339,0,1870.48759696633,46.2623795643449,1.05658473074436
0,0,16.2228674888611,0.947527080774307,0.627127543091774,0.561852008104324,0,0,3.63955643028021,0,0,0,0,0,0,0,51.0379901826382,24.6060267388821,565.28976264596,0,0,0,0,1.33756801486015,0.476461052894592,0,2.85664749145508,0,0,0,0,4.6275829076767,0,0,0,0,26.2033497393131,0,0,3.72933232784271,0,8.8079045265913,852.502085097134,0.404373623430729,3.00030326843262,0.3062514513731,267.684485569596,825.513925015926,219.7234358266,1.47133815288544,0,0.16550986468792,0,0,0,0,5.21555559337139,0.67392436414957,0,0,0,0,0.439499266445637,58.035284332931,0,0,0,0,0,0,0.105339176952839,0,0.889268510043621,17.0995898544788,4.53679835796356,157.139761775732,0,0,18.6598348468542,1478.36862070113,2.23689152300358,21.4330819249153,127.477889932692,0.395696952939034,1162.02369979024,2.15863815695047,195.487400889397
0,186.979811087251,0.916487768292427,30.7936133295298,0.310336500406265,5.36774255335331,0,0,1.59668850898743,3.49897055327892,0,0,0,0,2.8346905708313,0,48.6214047521353,20.7462645918131,609.284950181842,0,0,8.581696793437,0,0.195156261324883,0,0,2.1251819729805,0,0,0,0,0,0,0.300177186727524,0,30.5585918202996,1.56768788397312,36.3861585110426,0,628.95335753262,8.8079045265913,0,466.532176800072,24.027676731348,0,37.6280390024185,1.03834358602762,58.8487119823694,11.1925740912557,440.155227459967,0,0.158896535634995,0,0,0,0.208072125911713,1.1865641027689,451.483921661973,0,0.468806385993958,0,0.89881656318903,194.331860393286,2.94215215742588,4.50145508348942,0,2.74522323906422,0,0,2.01914763450623,52.4607984423637,0,722.843453682959,1.41557333618402,0,0,3.29851400852203,0,1094.43820162863,20.3639586791396,218.215331792831,0.31718485802412,998.020407728851,3.01454664766788,3772.49335449934,1191.63748089969,0.863090395927429
5.16876929998398,0,66.6961625367403,3.77279813587666,0.279336631298065,1.53854472190142,0,0,81.5687185302377,0.780127122998238,1.71566462516785,0,0,0,0,0,80.8447918966413,16.7555824741721,576.213006958365,0,2.41865366697311,0.113159067928791,0,0.282272487878799,8.39758306741714,0,4.12329530715942,0,0,0,0,0,0,0,4.45767129957676,0,168.714157633483,0,29.781362503767,5.03792175650597,852.502085097134,466.532176800072,0,2.994848549366,0,0.543494872748852,75.953159622848,184.101865485311,431.320742271841,10.2220986932516,0,0,0,0,6.29840469360352,0.138867899775505,455.458973973989,5.05634064972401,5.11480858922005,0.219547018408775,0,0.0943527594208717,0.488461375236511,291.134801328182,0,0,0,1.30173134803772,0,0,0.442314960062504,4.19191652536392,3.47855773568153,356.430036529899,0,13.7645932510495,0,2.42076575756073,12.206521525979,1310.69746392965,2.15233240276575,135.819487467408,1355.38861434162,17.8944109603763,3723.31994039565,3.23682893067598,969.913251273334
0,0,0,0,0,0,0,0,0,0,0,0,0,0,0,0,12.1747423708439,2.47976672649384,274.044840358198,0,0,0,0,0,0,0,0,0,0,0,0,0,0,0,0,0.28874596953392,0.17720240354538,0,0,24.0873363316059,0.404373623430729,24.027676731348,2.994848549366,0,0,0.659375205636024,0,0,0.880854204297066,0.625987514853477,0,0,0,0,0,0,0,16.0890316963196,0,0,0,0,7.32704871892929,0.770708829164505,0.342726767063141,0,0,0,0,0,1.02271032333374,0,22.7667019367218,0.396785318851471,0,0,0,0,129.468389615417,2.33992485702038,55.2046799659729,0,85.1454263776541,0,64.1315480396152,6.06591901183128,0.0849189609289169
0,0,0,0,0,0,0,0,0,0,0,0,0,0,0,0,0,0,0,0,0,0,0,0,0,0,0,0,0,0,0,0,0,0,0,0,0.170966610312462,0,0,0,3.00030326843262,0,0,0,0,0,0,0,0,0,0,0,0,0,0,0,0,0,0,0,0,0,0,0,0,0,0,0,0,0,0,0,0,0,0,0,0,0,0,4.62263196706772,0,0,0,0,0,0,0
0,0,0.0859946757555008,4.79032266139984,0,0.426052585244179,0,0,0.202834695577621,0,0,1.25504410266876,0,0,0,0,16.5321129560471,10.0944000557065,248.270882129669,1.53174313902855,0,0.576583757996559,0,0,0.717289626598358,0,0,0,0,0,0,0,0,0,0,123.733138479292,0.172811627388,3.77589041739702,0,218.082341328263,0.3062514513731,37.6280390024185,0.543494872748852,0.659375205636024,0,0,1.71176826953888,2.0981605052948,2.79865546524525,11.2549926936626,0,1.43414886295795,0,0,0,0,0.127186685800552,83.0246874168515,0,0.815410003066063,0,0,549.404127106071,0.687926299870014,1.23651549220085,0,0.332385182380676,0,0,0,14.8774356693029,0,86.8180442899466,0,0,0,0,0,2538.69974546134,6.87834025174379,619.787924110889,0.324509799480438,57.5167032778263,0,551.807042397559,2.10296314954758,2.53219747543335
0,0,16.1389321982861,0,0,2.1079888343811,0,0,1.0468637496233,0,6.44874818623066,0,0,0,0,0,15.1805323883891,16.9142971336842,174.414378345013,0,29.6343314647675,0,0,0,0.629907250404358,0,0,0,0,0,0,0,0,0,0,0,354.697536475956,0,0,1.05943377315998,267.684485569596,1.03834358602762,75.953159622848,0,0,1.71176826953888,0,0,83.1815293431282,0,0,0,0,0,0,0,141.235308378935,0.220441594719887,0,0,0,0,0.127766519784927,665.48785277456,0,0,0,0,0,0,0,0.341349869966507,0,129.090867727995,0,20.6761870980263,0,0,7.35613667964935,1514.9241437763,0,289.969057708979,94.6358565688133,8.36565816402435,1268.33408197016,1.52573174983263,6.05326087772846
0,0,2.8616860806942,0.109315983951092,0,0.129343971610069,0,0,0,0,0,0,0,0,0,0,0,0,1.24797332286835,0,0,0,1.05282938480377,0,0,0,0,0,0,0,0,706.234835326672,2206.42529183626,1466.29625472426,1816.47630366683,418.978049635887,41.6992466449738,93.1771487891674,42.2378863543272,2.64670324325562,825.513925015926,58.8487119823694,184.101865485311,0,0,2.0981605052948,0,0,1945.70357464254,2258.11404430866,0,0,0,0,0,0,0.183416590094566,0.0954740047454834,0,0,0,0,0,0.516248524188995,0,0,0,0,0,0,0,0,0.154672741889954,0,4182.03759324551,3278.68625684083,1289.03272283077,1664.40334308147,2735.73220430315,2385.66750764847,67.0293767303228,571.786624461412,2048.3530831188,0,621.450298205018,0.620933786034584,0
148.124875426292,0,69.1008262336254,9.3581824824214,11.7544128596783,6.53456415981054,0,0,20.6281641721725,0.116012059152126,0,0,0,0,0,0,0,0,0.482453867793083,0,3.36736281216145,0,148.023794353008,0,19.7393960654736,0,0,0,0,0,0,0,3.1759968996048,0,9.06846979260445,12.8703701496124,0.773137390613556,0,531.739097028971,0,219.7234358266,11.1925740912557,431.320742271841,0.880854204297066,0,2.79865546524525,83.1815293431282,1945.70357464254,0,51.5554156824946,0.3595911860466,0.667776316404343,0,0,219.638731956482,0.58760841190815,37.2123660743237,3.62396591901779,9.39628019928932,0,0,0.407438710331917,0,14.1713050752878,0,469.391981512308,0,40.3053368926048,0,6.11311474442482,0.541247054934502,336.343014597893,3.0128273293376,36.0839356929064,0,14.17952221632,0.399626910686493,14.3504507541656,10.0289868414402,483.502521730959,1.00449145585299,884.731231436133,802.758893296123,1.17222230136395,1789.49944271147,2.85328915715218,4.6449573636055
0,131.080388605595,0.41581342369318,104.123548418283,0,18.9835924357176,0,0,0,8.80428494513035,0,0,0,0,0,0,0,0,0.770044311881065,0,0,139.0690395087,0,93.0041791796684,0,0,0,0,0,0,0,0,0,0.869404911994934,3.64051574468613,8.05610151588917,0.753544986248016,285.338559761643,0,164.713671989739,1.47133815288544,440.155227459967,10.2220986932516,0.625987514853477,0,11.2549926936626,0,2258.11404430866,51.5554156824946,0,0,4.19696620106697,0,0,0,20.8355289399624,0.608400113880634,87.546157233417,0,7.93380424380302,0,73.4923277944326,6.214484333992,0.491887360811234,348.82310578227,0,135.139334350824,0,111.674901530147,0,105.851715549827,0,83.0702608600259,1.1692683249712,2.94698762893677,0,2.7138432264328,0,294.151857808232,0.786877050995827,860.671558246017,0.163266986608505,558.849191218615,0.102572426199913,1172.94640361518,6.97853020578623,0.547469958662987
0,0,73.8254524171352,0,261.581597626209,0,74.164936542511,0,0,0,1.19019141793251,0,0,0,4.19455015659332,0,0,0,0,0,52.2966358959675,0,0,0,0,0,0,0,0,0,0,0,0,0,0,0,0,0,0,0,0,0,0,0,0,0,0,0,0.3595911860466,0,0,0,47.3606998026371,0,0,0,21.1889112889767,0,92.618872076273,0,20.1174436509609,0,0,3.16689716279507,0,0,0,0,0,0,0,0,0,0,0,0,0,0,0,0,0,0,110.952333927155,0,121.769682824612,0,0
0,0,0,11.5476626157761,0,895.091906100512,0,34.4407415390015,0,0,0,12.4736049771309,0,0,0,0,0,0,0,84.691704839468,0,0,0,0,0,0,0,0,0,0,0,0,0,0,0,54.0497084259987,0,0,0,4.10077764838934,0.16550986468792,0.158896535634995,0,0,0,1.43414886295795,0,0,0.667776316404343,4.19696620106697,0,0,0,71.5633015632629,0,0,0.0817456096410751,153.808932691813,0,25.9716035425663,0,36.3183769881725,53.0892482995987,0,0,0,0,0,0,0,0,0,0.406941831111908,0,0,0,0,0,5.63461962342262,0,0.2253487855196,0,229.390568718314,1.63463178277016,248.435556583107,0,0
0,0,0,0,1.78190988302231,0,107.675902217627,0,0,0,6.80004060268402,0,24.4256496429443,0,0,0,0,0,0,0,22.9057419449091,0,0,0,0,0,0,0,0,0,0,0,0,0,0,0,0,0,0,0,0,0,0,0,0,0,0,0,0,0,47.3606998026371,0,0,0,0,0,273.038570165634,0,0,0,0,0,0,61.5194866210222,0,0,0,0,0,0,0,0,0,0,0,0,0,0,0,0,0,0,0,0,0,0,0
0,0,0,0,0,38.2609877586365,0,173.847000837326,0,0,0,0,0,0,0,0,0,0,0,0,0,0,0,0,0,0,0,0,0,0,0,0,0,0,0,0,0,0,0,0,0,0,0,0,0,0,0,0,0,0,0,71.5633015632629,0,0,0,0,0,208.976014852524,0,0,0,0,0,0,0,0,0,0,0,0,0,0,0,0,0,0,0,0,0,0,0,0,76.0640525817871,0,0,0,0
79.9299658536911,0,0,0,0,0,0,0,669.962360024452,0,0,0,0,0,5.56520611047745,0,29.6428890526295,1.69603133201599,5.6525045633316,0,0,0,7.12620568275452,0.322102725505829,274.412812799215,0,51.2580720186234,0,0,0,0,0,0,0,22.16221319139,0,0,0,55.0231432020664,0,0,0,6.29840469360352,0,0,0,0,0,219.638731956482,0,0,0,0,0,0,0,0,0,0,0,82.1541162729263,0,0,0,0,0,0,5.14547729492188,0,6.9245890378952,0,0,0,0,0,0,0,25.1323887109756,2.57132835686207,1.02826404571533,0,102.788898721337,112.348181575537,0,126.07299913466,0,0
0,45.456078350544,0.231648445129395,32.6006838977337,0,0,0,0,0,512.49973359704,0,0,0,0,0,97.1047146916389,0,11.5790529251099,0,0,0,0,0,7.82106712460518,0,0,0,0,0,0,0,0,0,2.31319096684456,0,0,0.134742990136147,168.934406802058,0,2.79586324095726,0,0.208072125911713,0.138867899775505,0,0,0,0,0,0.58760841190815,20.8355289399624,0,0,0,0,0,0,0,1.30254764854908,0,5.78200250864029,0,172.133989721537,0,0,0,0,35.4658544659615,0,3.25729517638683,0,0,0,2.45165857672691,0,0,0,13.3762077093124,0,2.36623430252075,0.133480429649353,170.315480485559,0,21.7497671544552,0,45.9759318158031,0,0
0,0,58.9470482617617,0.358505681157112,0.39899805188179,0.409175612032413,48.2480293363333,0,0,0,1342.27579021454,0,20.3020107746124,0,0,0,0,0,4.78779163956642,0,181.275747686625,0,0,0,0,0,0,0,11.8810601234436,0,36.9694302678108,0,0,0,0,0,7.57136745750904,0,48.0517685115337,0,5.21555559337139,1.1865641027689,455.458973973989,0,0,0.127186685800552,141.235308378935,0.183416590094566,37.2123660743237,0.608400113880634,21.1889112889767,0.0817456096410751,273.038570165634,0,0,0,0,0.0998026430606842,152.943176239729,0,3.73643133044243,0,0,1618.95544335246,0,0,0,0,0,0,0,631.222120642662,0.253330931067467,1021.07523562014,0,0.323235481977463,0,0,0.131081596016884,54.637664064765,0,5.88474589586258,28.5556595697999,4.3621442168951,651.488666683435,0.468118958175182,57.3238945305347
0,1.38641421496868,0,265.769147485495,0,0.833511993288994,0,153.980476260185,0,2.3011541813612,0,1198.32501430809,0,32.6955189704895,0,0,1.40915358066559,0.109877176582813,32.0763403847814,114.243736237288,0,39.3540140390396,0,0,0,0,0,0,0,68.1499865353107,0,0,0,0,0,120.268139198422,0.388017185032368,314.399733528495,0,19.073866777122,0.67392436414957,451.483921661973,5.05634064972401,16.0890316963196,0,83.0246874168515,0.220441594719887,0.0954740047454834,3.62396591901779,87.546157233417,0,153.808932691813,0,208.976014852524,0,1.30254764854908,0.0998026430606842,0,0,316.78213866055,0,9.9009807407856,589.154288426042,0.51711667329073,19.1339611113071,0,6.70379607379436,0,0,0,751.571179822087,0,1207.07040334493,0.649455480277538,0,1.2028820514679,0,0,102.18878428638,1.23434319347143,112.898421823978,0.115133717656136,19.9723208025098,0.891775339841843,1282.85507384688,152.116278588772,0.207206763327122
0,0,9.99589973688126,0,0,0,16.8662586212158,0,0,0,59.7712168693542,0,122.520988225937,0,0.585312962532043,0,0,0,0,0,0,0,0,0,0,0,0,0,0,0,0,0,0,0,0,0,0,0,0,0,0,0,5.11480858922005,0,0,0,0,0,9.39628019928932,0,92.618872076273,0,0,0,0,0,152.943176239729,0,0,0,24.1986719071865,0,0,1.22047013044357,0,0,0,0,0,0,0,0,0,0.465978413820267,0,0,0,0,0,0,0,0,87.6009414196014,3.6606822013855,11.3800608515739,0,0
0,0,0,251.321323648095,0,1.2048374414444,0,0,0,0,0,127.777463674545,0,396.223755478859,0,0,0,0,0,0,0,0.353007674217224,0,0.403691560029984,0,0,0,0,0,0,0,0,0,0,0,0.249263793230057,0,0,0,10.7633128985763,0,0.468806385993958,0.219547018408775,0,0,0.815410003066063,0,0,0,7.93380424380302,0,25.9716035425663,0,0,0,5.78200250864029,0,316.78213866055,0,0,0,41.3527278006077,35.4534323364496,0,0,0,0.751639068126678,0,0,0,71.7574759572744,0,2.53708925843239,0,0,0,0,0,3.70080953836441,0,1.40821652114391,0,30.7910496890545,0,94.9048553556204,0,0
0.371710985898972,0,17.6155832111835,0,0,0,0,0,0,0,0,0,3,0,9.63258224725723,0,34.2491888701916,6.22971272468567,0,0,0,0,0.974949538707733,0.63719642162323,1.14726531505585,0,26.3335514068604,0,0,0,0,0,0,0,0,0,0,0,0,0,0,0,0,0,0,0,0,0,0,0,20.1174436509609,0,0,0,82.1541162729263,0,3.73643133044243,0,24.1986719071865,0,0,0,0,0,0,0,0,0,0,4.0697066783905,0,0,0,0,0,0,0,0,0,0,0,0,11.3783459812403,0.914768636226654,3.15005388855934,0,0
0,52.1252662837505,0.117054916918278,185.509208679199,0,74.8926584422588,0,0,0,10.3255026191473,0,0,0,0,0,29.7838228642941,0,0,0,0,0,0,0,15.0111900120974,0,0,0,0,0,0,0,0,0,0,0,0.867179989814758,0,0,0,6.11071223020554,0,0.89881656318903,0.0943527594208717,0,0,0,0,0,0.407438710331917,73.4923277944326,0,36.3183769881725,0,0,0,172.133989721537,0,9.9009807407856,0,41.3527278006077,0,0,0.779103517532349,0,0,0,87.7835168540478,0,4.93552820384502,0,0.192053139209747,0,0.573642536997795,0,0,0,0,0,2.02172246575356,0,1.86720982193947,0,4.5601569712162,0,56.4912643507123,0,0
0,0,0,1.23164039850235,0,2.24462875723839,0,0,0,0,0,245.416014909744,0,0,0,0,8.75979812443256,9.72710287570953,144.549732506275,370.856592997909,0,8.48150922358036,0,0,0,0,0,0,0,1.93568362295628,0,0,0,0,0,779.977013759315,0,65.001577720046,0,513.514389976859,0.439499266445637,194.331860393286,0.488461375236511,7.32704871892929,0,549.404127106071,0.127766519784927,0,0,6.214484333992,0,53.0892482995987,0,0,0,0,0,589.154288426042,0,35.4534323364496,0,0.779103517532349,0,1.16472247242928,7.22266973555088,0,0.865917652845383,0,0,0,119.768879421055,0,496.155542612076,0.254898637533188,0,0.25790086388588,0,0,3237.96049142629,3.31422147154808,851.766880922019,0,95.3358773067594,0.275686383247375,1195.439561598,6.78650458157063,0
0,0,9.55069342255592,0.420803107321262,3.98963651061058,0.266468033194542,29.9319163709879,0,1.1521153897047,0,97.4520853459835,0,0,0,0,0,23.0634957700968,2.73594485223293,226.435894005001,0,706.894182696939,0,0,0,0.572828829288483,0,0,0,0,0,0,0,0,0,0,0.101279780268669,352.417509093881,0,41.1846923828125,1.82415035367012,58.035284332931,2.94215215742588,291.134801328182,0.770708829164505,0,0.687926299870014,665.48785277456,0.516248524188995,14.1713050752878,0.491887360811234,3.16689716279507,0,61.5194866210222,0,0,0,1618.95544335246,0.51711667329073,1.22047013044357,0,0,0,1.16472247242928,0,0,0,0,0,0,0,0,34.4004954844713,1.17896850407124,275.615316614509,0,17.3210729211569,0,0,0.593578658998013,3453.26825271547,2.3517941609025,495.343954496086,203.591177903116,9.81506544351578,993.788040801883,0.469517827033997,18.9893347769976
0,0,0,0.724739968776703,0,0,0,0,0,0,0,0,0,0,0,0,0,0,0,0,0,2965.25124882162,0,61.6270895451307,0,0.734669029712677,0,134.31902962923,0,0,0,0,0,0,0,0,0,180.867196857929,0,0.382785893976688,0,4.50145508348942,0,0.342726767063141,0,1.23651549220085,0,0,0,348.82310578227,0,0,0,0,0,0,0,19.1339611113071,0,0,0,0,7.22266973555088,0,0,0,247.377278342843,0,229.455127537251,0,271.608804896474,0,17.885359287262,0,0,0,0,0,0.254314392805099,0,440.68687222898,0,45.3704632520676,0,28.8250110521913,1.6896698474884,0
0,0,0,0,0,0,0,0,0.439185678958893,0,0,0,0,0,0,0,26.2217009663582,4.26677364110947,2.69311833381653,0,0,5.67077589035034,3641.77241833508,0,2.04818940162659,0,22.1864472031593,0,0,0,0,0,0,0,0,0,0,0,207.144137129188,0,0,0,0,0,0,0,0,0,469.391981512308,0,0,0,0,0,0,0,0,0,0,0,0,0,0,0,0,0,0,71.5300641059875,0,194.655438244343,0,68.1454584598541,0,0,0,0,0,0,0,0,0,727.359095513821,101.424616023898,0.752057135105133,0.575886011123657,0,0
0,0,0,0,0,0,0,0,7.76087695360184,0,0,0,0,0,0,0,31.5572867691517,114.526085227728,5.96170499920845,0,0,148.54084071517,0,735.535684794188,7.19100832939148,527.783296734095,2.85365724563599,0,0,0,0,0,0,0,0,0,0.213164687156677,56.092886865139,0,0.388601168990135,0,2.74522323906422,0,0,0,0.332385182380676,0,0,0,135.139334350824,0,0,0,0,0,35.4658544659615,0,6.70379607379436,0,0.751639068126678,0,87.7835168540478,0.865917652845383,0,247.377278342843,0,0,0,659.974662065506,0.881981551647186,96.0253227204084,0,2.23342773318291,0,0,0,7.04904249310493,0,1.01557382941246,0.571147799491882,428.252056613564,0,75.546614587307,0,325.152414217591,0,0
0,0,0,0,0,0,0,0,0.668493449687958,0,0,0,0,0,0,0,0,0.295080810785294,0,0,0,0,1.81670609116554,0,381.036009967327,0,11.8608787059784,0,0,0,0,0,0,0,0,0,0,0,28.4876405000687,0,0,0,1.30173134803772,0,0,0,0,0,40.3053368926048,0,0,0,0,0,5.14547729492188,0,0,0,0,0,0,0,0,0,0,71.5300641059875,0,0,0,8.12318193912506,0,0,0,0,0,0,0,0.670545399188995,0,0,0,41.1869009435177,0,0,17.3386543095112,0,0
0,0.507312133908272,0,0,0,0,0,0,0,0.234603241086006,0,0,0,0,0,0,16.2084205746651,169.159394085407,4.8744869530201,0,0,18.1594699025154,0,34.7603876888752,1.21193480491638,134.625278204679,0,58.7691390812397,0,0,0,0,0,0,0,0,0,2.50520786643028,0,0,0,0,0,0,0,0,0,0,0,111.674901530147,0,0,0,0,0,3.25729517638683,0,0,0,0,0,4.93552820384502,0,0,229.455127537251,0,659.974662065506,0,0,0,23.712968736887,0,0,0,0,0,0,0,0,0,0,0,35.1797247678041,0,5.66664101183414,0,0
0,0,0,0,0,0,0,0,33.1705080121756,0,0,0,0,0,19.9334101080894,0,340.284800976515,52.3576060384512,7.81349220871925,0,0,0,105.94146412611,10.0271645784378,45.3710018396378,0,412.533547788858,0,1,0,0,0,0,0,0,0,0,0,0,0,0,2.01914763450623,0,0,0,0,0,0,6.11311474442482,0,0,0,0,0,6.9245890378952,0,0,0,0,0,4.0697066783905,0,0,0,0,194.655438244343,0.881981551647186,8.12318193912506,0,0,0,0,0,0,0,0,0,0,0,0,0,0,257.648228943348,0.812510967254639,1.47511577606201,0,0
0,0,0,11.4173604995012,0,0,0,0,0,0.173517927527428,0,0,0,0,0,0,0,0,0,0,0,114.54823154211,0,0.248388066887856,0,0,0,845.896380528808,0,164.818752408028,0,0,0,0,0,0.252096243202686,0,5.37958893179893,0,1.69152844697237,0.105339176952839,52.4607984423637,0.442314960062504,1.02271032333374,0,14.8774356693029,0,0,0.541247054934502,105.851715549827,0,0,0,0,0,0,0,751.571179822087,0,71.7574759572744,0,0.192053139209747,119.768879421055,0,271.608804896474,0,96.0253227204084,0,23.712968736887,0,0,0,167.258931875229,0,0,0,0,0,12.8840956389904,0,430.998280927539,0,1.43463894724846,0.105387948453426,135.269876822829,12.8548696041107,0
0,0,0,0,0,0,0,0,0,0,0,0,0,0,0,0,0,0,0,0,0,0,3.46604731678963,0,0,0,0,0,377.653642654419,0,20.5660855174065,0,0,0,0,0,0,0,0,0,0,0,4.19191652536392,0,0,0,0.341349869966507,0,336.343014597893,0,0,0,0,0,0,0,631.222120642662,0,0,0,0,0,0,34.4004954844713,0,68.1454584598541,0,0,0,0,0,0,0,333.926887750626,0,0,0,0,0,1.02692802250385,0,317.129616193473,13.6275160312653,0,8.40543603897095,0,0.366555333137512
