0,0,0.131373004775146,0,0.109840426061835,0,0,0,0.180092741615293,0,0,0,0,0,0.226426306491097,0,0.256850314001704,0.273379591328126,0.255988536136491,0,0.255449204146862,0,0,0,0,0,0.225207542379697,0,0,0,0,0,0,0,0,0,0,0.284897461533546,0,0.316201054269359,0.34790694154799,0.296617068350315,0.177415677699549,0,0,0.332416892051697,0.383594062829775,0,0.209996621094404,0,0.148984704166651,0,0,0,0.165477397173923,0,0.152012505833893,0,0.177863517279426,0,0.201335505306066,0,0,0.376292028106176,0,0,0,0,0,0.197707939147949,0,0,0,0.284104108810425,0,0,0,0,0.315625240405401,0.397791022176926,0,0.361840962654068,0.256236998312194,0.24953206628561,0.172557683641552,0,0.175619749973218
0,0,0,0.171766207253154,0,0.23761510848999,0,0,0,0.189282550045422,0,0,0,0,0,0,0.255624383687973,0.247079238295555,0.194071566065152,0,0,0,0,0,0,0,0,0,0,0,0,0,0,0,0,0,0,0,0,0.261113035678864,0,0.240567949257399,0,0,0,0,0,0,0,0.146006343426642,0,0.175344064831734,0,0,0,0.174453013776978,0.255264788866043,0,0,0,0,0,0,0,0,0,0.198502600193024,0,0,0,0,0,0,0,0,0,0,0,0,0.289668887853622,0,0,0.138336639532021,0.202968630939722,0.190088796967964,0.270851939916611,0
0.131373004775146,0,0,0,0.118975363147911,0,0,0,0.119578111769158,0,0,0,0,0,0,0,0.264119952917099,0.301202535629272,0.237257398664951,0,0.220083683729172,0,0,0,0,0,0,0,0,0,0,0,0,0,0,0,0,0.287311643362045,0,0,0.257232356195648,0.219085536897182,0.230873177908048,0,0,0,0.244525998046524,0,0.118992228288113,0.298865348100662,0.157265357673168,0,0,0,0.11854435774413,0,0.198421690189703,0,0.178389261166255,0,0,0,0,0.232954795690293,0,0,0,0,0,0,0,0,0,0.257300201803446,0,0,0,0,0,0.289580348683031,0,0.233436648334776,0.21010175904502,0,0.20307731740106,0,0.245416251676423
0,0.171766207253154,0,0,0,0.155948699151654,0,0,0,0.173637369944163,0,0,0,0,0,0,0.228488221764565,0.249782413244247,0.228635199237288,0.315839350223541,0,0,0,0,0,0,0,0,0,0,0,0,0.201149582862854,0,0,0.187947139143944,0.21760031580925,0,0,0.230124671877635,0.225588094857004,0.263341454547655,0.207279968364485,0,0,0.188991803748935,0,0.220718875527382,0.237060230639246,0.200853240841853,0,0.15754569182587,0,0,0,0.1760779429761,0,0.20472958320102,0,0.174107455936345,0,0.141479919354121,0.22989627293178,0,0,0,0,0,0,0,0,0,0.28533344467481,0,0,0,0,0,0.205786350611094,0.223798826336861,0,0,0.126684302527483,0.141018939869744,0.227268664485593,0.262188029108625,0
0.109840426061835,0,0.118975363147911,0,0,0,0.140160199999809,0,0.175902060877818,0,0.154248528182507,0,0,0,0,0,0,0,0.202021613717079,0,0.160776703698721,0,0,0,0,0,0,0,0,0,0,0,0,0,0,0,0.163332108746875,0,0,0,0.201841673761044,0,0.20885184208552,0,0,0,0.163868681542457,0,0.227939024567604,0,0.163495609275997,0,0.169902004301548,0,0.185024201869965,0,0.190267948352772,0,0,0,0,0,0,0.138047929587109,0,0,0,0,0,0,0,0,0,0,0,0,0,0,0,0.186470135767883,0,0.246457760532697,0.255739914154373,0.162127301096916,0.135099860546844,0,0.172839649021626
0,0.23761510848999,0,0.155948699151654,0,0,0,0.154395192861557,0,0.144897578851036,0,0,0,0,0,0.145569107362202,0.225249995787938,0,0.207238587737083,0.236801399209005,0,0,0,0,0,0,0,0,0,0,0,0,0,0,0,0.187376132087102,0.183329484964672,0,0,0.203848988645607,0.207007212564349,0.216095047619413,0.202607929706573,0.190641134977341,0,0.219563652740584,0.199368059635162,0.187980650152479,0.199264400031256,0.204026913417108,0,0.238024786114693,0,0,0,0.139003604650497,0,0.187135060628255,0,0.156699419021606,0,0.137416159113248,0.245699506522953,0,0,0,0,0,0,0,0,0,0,0,0,0,0,0,0.208445574445494,0.197808636973302,0,0,0.164150079154397,0.152767692000335,0.186981934049744,0.209584099054337,0.209181040525436
0,0,0,0,0.140160199999809,0,0,0,0,0,0.156083091029099,0,0,0,0,0,0,0,0,0,0.145296667164295,0,0,0,0,0,0,0,0,0,0,0,0,0,0,0,0.163462947326145,0,0,0,0.197490131855011,0,0,0,0,0,0.174680799245834,0,0,0,0.140967410802841,0,0.176447020096336,0,0,0,0.160452358424664,0,0,0,0,0,0,0.177873279761385,0,0,0,0,0,0,0,0,0,0,0,0,0,0,0,0.158287684406553,0,0,0.155879298536818,0.169969759881496,0,0,0
0,0,0,0,0,0.154395192861557,0,0,0,0,0,0.170393201708794,0,0.18597699812165,0,0,0,0,0,0.133569265902042,0,0,0,0,0,0,0,0,0,0,0,0,0,0,0,0.139949540197849,0,0,0,0,0,0,0,0,0,0,0,0,0,0,0,0,0,0.16620601594923,0,0,0,0.169559940695763,0,0.182581316031034,0,0,0.133011680224846,0,0,0,0,0,0,0,0,0,0,0,0,0,0,0,0.136391319334507,0,0,0,0.138658612728246,0,0.141492191415567,0,0
0.180092741615293,0,0.119578111769158,0,0.175902060877818,0,0,0,0,0,0,0,0,0,0.187905382026326,0,0.258469967799527,0.271241397110384,0.233770007029512,0,0,0,0,0,0.163282409018161,0,0.166132558137178,0,0,0,0,0,0,0,0,0,0,0,0.242979507546247,0.314389186212793,0.289233976176807,0.284479761496186,0.169202519298503,0.282810181379318,0,0.299644466489553,0.300938111386801,0,0.147709399461746,0.20499150454998,0,0,0,0,0.187143468927116,0,0.176007926464081,0,0,0,0.208743000512056,0,0,0.281365275382996,0,0,0,0.158832096527604,0,0.161415678759416,0,0,0,0,0,0,0,0,0.338092777539383,0.313235985460105,0,0.24186914225856,0.207181534087351,0.207737939154848,0.261160042767341,0.25472866743803,0.184928726404905
0,0.189282550045422,0,0.173637369944163,0,0.144897578851036,0,0,0,0,0,0,0,0,0,0.177392620046933,0,0.217285384391916,0.170105005324889,0,0,0,0,0.165564343333244,0,0.201152428984642,0,0,0,0,0,0,0,0,0,0.184323206543922,0,0.244254064945955,0,0.233348308929375,0.208533078432083,0.206649825488793,0.248659454640888,0,0,0.193902775645256,0,0.317991226911545,0.255132681131363,0.1761387207529,0,0.163664880726073,0,0,0,0.170618510248418,0.227139607071877,0.244552098214626,0,0,0,0,0.204862080514431,0,0,0,0.21819768846035,0,0,0,0,0,0.238318257033825,0,0,0,0,0,0.192746132612228,0.207489281892776,0.226676150073862,0,0.18050660531665,0.153235749574378,0.201103890425654,0.199605081230402,0
0,0,0,0,0.154248528182507,0,0.156083091029099,0,0,0,0,0,0.184835114554702,0,0,0,0.282598376274109,0,0.226322036981583,0,0.214687194485447,0,0,0,0,0,0,0,0.218870903173393,0,0.281261578202248,0,0,0,0,0,0.162518442285732,0,0.185365218126295,0,0.286080598831177,0,0.259335820045736,0,0,0,0.312933097283045,0,0,0,0,0,0.143573574721813,0,0,0,0.17145523782737,0,0.188084986678232,0,0,0,0,0.347065975524716,0,0,0,0,0,0,0,0,0,0.169921219348907,0,0,0,0,0,0.15947816546621,0,0.182772341337346,0.181795787484399,0.17255248236902,0.313540609346496,0,0.272505139311155
0,0,0,0,0,0,0,0.170393201708794,0,0,0,0,0,0.157177264370569,0,0,0,0,0,0.157852438162081,0,0,0,0,0,0,0,0.16096194460988,0,0.202651832252741,0,0,0,0,0,0.201095481499516,0,0.200833394104324,0,0,0,0,0,0,0,0.208732940256596,0,0,0,0,0,0.243484258651733,0,0.171441569924355,0,0,0,0.168606074414621,0,0.176099534939837,0,0,0.135805533219972,0,0,0,0,0,0,0,0,0,0.196161755617114,0,0,0,0,0,0.194232917577028,0,0.192752429351793,0,0.177360679173181,0,0.257472273111343,0,0
0,0,0,0,0,0,0,0,0,0,0.184835114554702,0,0,0,0.147513454216062,0,0,0,0,0,0,0,0,0,0,0,0,0,0.173474241580282,0,0.171421036228433,0,0,0,0,0,0,0,0,0,0,0,0,0,0,0,0,0,0,0,0,0,0,0,0,0,0.170738634662093,0,0.19199482182055,0,0,0,0,0,0,0,0,0,0,0,0,0.158019373814265,0,0.171872444012586,0,0,0,0,0,0,0,0,0.173730046131723,0.193181841769095,0,0,0
0,0,0,0,0,0,0,0.18597699812165,0,0,0,0.157177264370569,0,0,0,0.179485600855615,0,0,0,0,0,0,0,0,0,0,0,0,0,0,0,0,0,0,0,0,0,0,0,0,0,0,0,0,0,0,0,0,0,0,0,0,0,0.192363381385803,0,0,0,0.200079166600781,0,0.218962104137575,0,0.177249198922744,0,0,0,0,0,0,0,0,0.214826971292496,0,0.215010934892823,0,0,0,0,0,0,0,0,0,0.238325711532875,0.200101787081132,0,0,0
0.226426306491097,0,0,0,0,0,0,0,0.187905382026326,0,0,0,0.147513454216062,0,0,0,0.137158746698073,0,0,0,0,0,0,0,0,0,0.146203167855029,0,0,0,0,0,0,0,0,0,0,0,0,0,0,0,0,0,0,0,0,0,0,0,0,0,0,0,0.187373018411339,0,0,0,0.176711554208913,0,0.195995249350866,0,0,0,0,0,0,0,0,0.149444010720324,0,0,0,0,0,0,0,0,0,0,0,0,0.154398855184683,0,0,0,0
0,0,0,0,0,0.145569107362202,0,0,0,0.177392620046933,0,0,0,0.179485600855615,0,0,0,0.172802217008002,0,0,0,0,0,0,0,0,0,0,0,0,0,0,0,0,0,0,0,0,0,0,0,0,0,0,0,0,0,0,0,0,0,0,0,0,0,0.193716700499256,0,0,0,0.120377585912744,0,0.154246266061043,0,0,0,0,0,0,0.221667178731034,0,0,0,0,0,0,0,0,0,0,0,0,0,0.167524612167422,0.214924871921539,0,0,0
0.256850314001704,0.255624383687973,0.264119952917099,0.228488221764565,0,0.225249995787938,0,0,0.258469967799527,0,0.282598376274109,0,0,0,0.137158746698073,0,0,0.152658796673739,0.216404895245142,0,0.285622373223305,0,0.112230506512003,0,0,0,0.128679000365334,0,0,0,0,0,0,0,0,0,0,0,0.271351456642151,0.274376179124824,0.255164684881841,0.23722367331108,0.223409842215311,0.195966422557831,0,0.246807040991607,0.262835048685663,0,0.30671219031016,0.219891515870889,0,0,0,0,0,0,0.25343571189377,0,0,0,0,0,0,0.262216263183273,0,0.146112822528396,0,0,0,0.138563519015032,0,0,0,0.272147665421168,0,0,0,0,0.277995054210935,0.270312035233197,0,0.251574821331922,0.201614274221302,0.210658676696546,0.254232590023736,0.22752648293972,0.230418227612972
0.273379591328126,0.247079238295555,0.301202535629272,0.249782413244247,0,0,0,0,0.271241397110384,0.217285384391916,0,0,0,0,0,0.172802217008002,0.152658796673739,0,0.220153269205547,0,0,0,0,0,0,0.174298461033216,0,0,0,0,0,0,0,0,0,0,0,0,0,0.27163361877342,0.272301267222925,0.23382915782206,0.223115384292144,0.245607241988182,0,0.248061755361656,0.296434243068551,0.213085882365704,0.248666048049927,0.219122943778833,0,0,0,0,0,0,0.280031464993954,0,0,0,0,0.162223817082122,0.235796079039574,0.282663684160936,0,0,0,0,0.170672491329885,0,0,0,0,0,0,0,0,0,0.31100904035802,0.29270361196459,0,0.24565614759922,0.206752890028159,0.290576768772943,0.259393853668253,0.233495466411114,0.246770039200783
0.255988536136491,0.194071566065152,0.237257398664951,0.228635199237288,0.202021613717079,0.207238587737083,0,0,0.233770007029512,0.170105005324889,0.226322036981583,0,0,0,0,0,0.216404895245142,0.220153269205547,0,0.208937868475914,0.240941307610936,0,0,0.14333516454443,0,0,0,0,0,0,0,0,0,0.231636941432953,0,0,0,0.164473980665207,0.230619852741559,0.274494746933587,0.244986813917095,0.216494177679995,0.176331815542653,0.21927821305063,0.193521529436111,0.2630361277651,0.260978894959286,0.197343609162739,0.207350914676984,0.21101259082964,0,0.188140571117401,0,0,0,0.208619520068169,0.236767091155052,0.306899425658313,0,0,0,0,0.239510804414749,0.254103606412127,0,0,0,0,0,0,0,0,0.303597115911543,0.226986615194215,0,0,0,0,0.312877306375517,0.257934616096283,0,0.231573877216857,0.201415185005931,0.214532180368399,0.266253559033056,0.200102446372989,0.178690046485927
0,0,0,0.315839350223541,0,0.236801399209005,0,0.133569265902042,0,0,0,0.157852438162081,0,0,0,0,0,0,0.208937868475914,0,0,0,0,0,0,0,0,0,0,0,0,0,0,0,0,0.181533426345892,0.202441230416298,0.210645014694804,0,0.193213175982237,0,0,0,0,0,0.180935946794657,0,0.179986968636513,0.197766616940498,0.189714968204498,0,0.257965041697025,0,0,0,0,0,0.26694318652153,0,0,0,0,0.176608746762286,0,0,0,0,0,0,0,0,0,0,0,0,0,0,0,0.19445306653333,0.203155919909477,0.188687870719733,0,0.173979324395934,0,0.208893820741031,0,0
0.255449204146862,0,0.220083683729172,0,0.160776703698721,0,0.145296667164295,0,0,0,0.214687194485447,0,0,0,0,0,0.285622373223305,0,0.240941307610936,0,0,0,0,0,0,0,0,0,0,0,0,0,0,0,0,0,0.180266251213458,0,0.184418793040805,0.248654633760452,0.212957959164653,0.221953451633453,0.264135905882207,0,0.261243283748627,0,0.226976760228475,0,0.262563723325729,0,0.201588070589649,0,0.152483482460876,0,0,0,0.180555335618646,0,0,0,0,0,0,0.253574222843281,0,0,0,0,0,0,0,0,0,0.33193051815033,0,0,0,0,0,0.193532178130669,0,0.185585765708839,0.19831098423103,0.173026773333549,0.285815794334233,0,0.268241750076413
0,0,0,0,0,0,0,0,0,0,0,0,0,0,0,0,0,0,0,0,0,0,0.159271248909019,0.162540424349053,0,0.196692311704554,0,0.203656824842348,0,0,0,0,0,0,0,0,0,0.189705555422328,0.108133306136219,0,0,0,0,0,0,0,0,0.471197053790092,0.495814353227615,0.255506536967698,0,0,0,0,0,0,0,0,0,0,0,0,0,0,0.175164773229465,0.152673825984762,0.177341685875466,0,0.203765425394321,0,0.204250132381631,0,0,0,0,0,0,0,0,0,0.196163931408055,0.126456226089171,0.153092822920354,0.152539996573558,0.237468609213829,0,0
0,0,0,0,0,0,0,0,0,0,0,0,0,0,0,0,0.112230506512003,0,0,0,0,0.159271248909019,0,0,0.152435577578015,0,0.139571462622565,0,0.171400413922737,0,0,0,0,0,0,0,0,0.132021037015048,0.192420027391391,0,0,0,0,0,0,0,0,0,0.20464471841755,0,0,0,0,0,0,0,0,0,0,0,0,0,0,0,0.145196250187499,0.16269965505569,0,0.165495497777182,0,0.154067292596613,0,0.192174072348761,0,0.247302412986755,0,0,0,0,0,0,0,0.203292586247483,0.148091167476867,0.195288749168748,0.201265268027782,0,0
0,0,0,0,0,0,0,0,0,0.165564343333244,0,0,0,0,0,0,0,0,0.14333516454443,0,0,0.162540424349053,0,0,0,0.173169452945391,0,0,0,0,0,0,0,0,0,0,0,0.214534494203295,0,0,0,0.188645511865616,0.270025507546961,0,0,0,0,0,0.337131177385648,0.221174448214728,0,0,0,0,0,0.188835867426612,0,0,0,0,0,0,0,0,0.204611194846423,0,0.175594124048362,0,0.21976226568222,0,0,0,0,0,0,0,0.180009532719851,0,0,0,0.219639168383654,0,0.165685767877553,0,0.243059511727362,0,0
0,0,0,0,0,0,0,0,0.163282409018161,0,0,0,0,0,0,0,0,0,0,0,0,0,0.152435577578015,0,0,0,0.174467041643698,0,0,0,0,0,0,0,0,0,0,0,0.203995727944178,0,0,0,0,0,0,0,0,0,0.209832841462462,0,0,0,0,0,0.189231778330663,0,0,0,0,0,0.191560722887516,0,0,0,0,0.164805067605094,0,0.174029932380187,0,0.166522168977694,0,0,0,0,0,0,0,0,0,0,0,0.19927606018989,0.149623259902,0,0.269057137519121,0,0
0,0,0,0,0,0,0,0,0,0.201152428984642,0,0,0,0,0,0,0,0.174298461033216,0,0,0,0.196692311704554,0,0.173169452945391,0,0,0,0,0,0,0,0,0,0,0,0,0,0,0,0,0,0,0,0,0,0,0,0,0,0,0,0,0,0,0,0,0,0,0,0,0,0,0,0,0.204214854740272,0,0.203239569548638,0,0.208696783081559,0,0,0,0,0,0,0,0,0,0,0,0,0,0.198719249730961,0,0,0,0
0.225207542379697,0,0,0,0,0,0,0,0.166132558137178,0,0,0,0,0,0.146203167855029,0,0.128679000365334,0,0,0,0,0,0.139571462622565,0,0.174467041643698,0,0,0,0.143947274762171,0,0,0,0,0,0,0,0,0,0,0,0,0,0,0,0,0,0,0,0,0,0,0,0,0,0.180474234935714,0,0,0,0,0,0.147256664868634,0,0,0,0,0.1783353152775,0,0.179622520617887,0,0.152789703370737,0,0.210902363061905,0,0,0,0,0,0,0,0,0,0,0.137367471094642,0,0.192647882116338,0,0
0,0,0,0,0,0,0,0,0,0,0,0.16096194460988,0,0,0,0,0,0,0,0,0,0.203656824842348,0,0,0,0,0,0,0,0.159950836894395,0,0,0,0,0,0,0,0.148806965664813,0,0,0,0,0,0,0,0,0,0,0,0,0,0,0,0,0,0,0,0.212200790643692,0,0.187871944211738,0,0,0,0,0.194645019987273,0,0,0,0.206751869428878,0,0.193559801721984,0,0.176233736077944,0,0,0,0,0,0,0,0.178810443108281,0,0.194034814834595,0.158641815185547,0,0,0
0,0,0,0,0,0,0,0,0,0,0.218870903173393,0,0.173474241580282,0,0,0,0,0,0,0,0,0,0.171400413922737,0,0,0,0.143947274762171,0,0,0,0.201022353601009,0,0,0,0,0,0,0,0.187822957249249,0,0,0,0,0,0,0,0,0,0,0,0,0,0,0,0,0,0.195074126605065,0,0.183793923539935,0,0,0,0,0,0,0,0,0,0,0.129973336730314,0,0.179099529534718,0,0.211989210858555,0,0,0,0,0,0,0,0.178970987322154,0.184350719514686,0.200677825439449,0,0,0
0,0,0,0,0,0,0,0,0,0,0,0.202651832252741,0,0,0,0,0,0,0,0,0,0,0,0,0,0,0,0.159950836894395,0,0,0,0,0,0,0,0,0,0.184627193478601,0,0,0,0,0,0,0,0,0,0,0,0,0,0,0,0,0,0,0,0.190834080179532,0,0.163105885897364,0,0,0,0,0,0,0,0,0,0,0.156418065200309,0,0.163389983382251,0,0,0,0,0,0,0,0.174334284685114,0,0.208290189504623,0,0,0,0
0,0,0,0,0,0,0,0,0,0,0.281261578202248,0,0.171421036228433,0,0,0,0,0,0,0,0,0,0,0,0,0,0,0,0.201022353601009,0,0,0,0,0,0,0,0,0,0.211487791025821,0,0,0,0,0,0,0,0,0,0,0,0,0,0,0,0,0,0.277434557676315,0,0.170141701993433,0,0,0,0,0,0,0,0,0,0,0,0,0.200843137171533,0,0.179438487393782,0,0,0,0,0,0,0,0.203653505464133,0.180058498141454,0.175389031192083,0,0,0
0,0,0,0,0,0,0,0,0,0,0,0,0,0,0,0,0,0,0,0,0,0,0,0,0,0,0,0,0,0,0,0,0.309809651293112,0.246958286008414,0.197006976375213,0.199704488570703,0.222163353570931,0,0,0.118352085351944,0.216756742447615,0.17060723900795,0,0,0,0.223181635141373,0,0.390144175880314,0.395018015407661,0.150151346926577,0,0,0,0,0,0,0,0,0,0,0,0,0,0,0,0,0,0,0,0,0,0,0,0,0.353035062171367,0.256314468413296,0.274839979552087,0.27641027122736,0.19767036394788,0.393614640470388,0,0,0.174738759525195,0,0.154911197721958,0,0
0,0,0,0.201149582862854,0,0,0,0,0,0,0,0,0,0,0,0,0,0,0,0,0,0,0,0,0,0,0,0,0,0,0,0.309809651293112,0,0.27906157883505,0.189888415665462,0.171957403150472,0.178953361428581,0,0,0,0.201797926425934,0,0,0,0,0,0,0.407257104649656,0.440248076693486,0.236238528043032,0,0,0,0,0,0,0,0,0,0,0,0,0,0,0,0,0,0,0,0,0,0,0,0,0.331398077025989,0.170477211296149,0.363942158342612,0.271248115656468,0.240882213393303,0.279565478307193,0,0,0.168266010815519,0,0,0,0
0,0,0,0,0,0,0,0,0,0,0,0,0,0,0,0,0,0,0.231636941432953,0,0,0,0,0,0,0,0,0,0,0,0,0.246958286008414,0.27906157883505,0,0.306552777137942,0.163200757719152,0.31075313009999,0.481512906650702,0.344236360568749,0,0.328952113787333,0.261432379484177,0.430494715060507,0,0,0.27633348107338,0,0.474328684164824,0.465964601091717,0.399595864794471,0,0,0,0,0,0,0,0,0,0.267307132482529,0,0,0,0,0,0,0,0,0,0,0,0,0,0,0.340875437677796,0.28374018577429,0.192218875458728,0.218024885989459,0.163136583882169,0.333910574515661,0.42970430647785,0.153777030911019,0.264501884793087,0,0.491960944952788,0,0
0,0,0,0,0,0,0,0,0,0,0,0,0,0,0,0,0,0,0,0,0,0,0,0,0,0,0,0,0,0,0,0.197006976375213,0.189888415665462,0.306552777137942,0,0.138483047485352,0.180883326977052,0.189552523609665,0.181445980600536,0,0,0,0,0,0,0,0,0.328481942662971,0.429609248067363,0,0,0,0,0,0,0,0,0,0,0,0,0,0,0,0,0,0,0,0,0,0,0,0,0,0.38063820451498,0.292115554997796,0.307314282164295,0.234361511327068,0.147141419351101,0.174909509704569,0,0.189755926179466,0.206568202892378,0.327359106492352,0,0,0
0,0,0,0.187947139143944,0,0.187376132087102,0,0.139949540197849,0,0.184323206543922,0,0.201095481499516,0,0,0,0,0,0,0,0.181533426345892,0,0,0,0,0,0,0,0,0,0,0,0.199704488570703,0.171957403150472,0.163200757719152,0.138483047485352,0,0.184971686177464,0.201325096527735,0.116315180808306,0.186653982651861,0.206958214920687,0.215658605098724,0.174916937947273,0,0,0.155580648957793,0,0.180540992073429,0.217417644957701,0.195953059807176,0,0.195342713484058,0,0,0,0.159232541918755,0,0.216916501522064,0,0.186770208179951,0,0,0.183859368966369,0.207117781043053,0,0,0,0,0,0,0,0,0,0,0.284594042816703,0.178447523942361,0.236335569749708,0,0.199176860598775,0.18115124426275,0.192098937355555,0,0.173808029939174,0.231332169310613,0.170899605185288,0.2094656676054,0
0,0,0,0.21760031580925,0.163332108746875,0.183329484964672,0.163462947326145,0,0,0,0.162518442285732,0,0,0,0,0,0,0,0,0.202441230416298,0.180266251213458,0,0,0,0,0,0,0,0,0,0,0.222163353570931,0.178953361428581,0.31075313009999,0.180883326977052,0.184971686177464,0,0,0.170700186864832,0.227963037788868,0.187880468415729,0,0.285317609707514,0,0,0.169902002438903,0.194875091314316,0.26494954629191,0.230517136779698,0.229765950605787,0,0.207536265254021,0.159725319714315,0,0,0,0.160101090868314,0,0,0,0,0,0.178384713828564,0.177714560791566,0,0,0,0,0,0,0,0,0,0,0.278140800694625,0.184926160313122,0.332982401053111,0.173197533159206,0.290953376991453,0.17804596634054,0,0.169303532968903,0.171940955223353,0.1642650544311,0.208807300498236,0,0
0.284897461533546,0,0.287311643362045,0,0,0,0,0,0,0.244254064945955,0,0.200833394104324,0,0,0,0,0,0,0.164473980665207,0.210645014694804,0,0.189705555422328,0.132021037015048,0.214534494203295,0,0,0,0.148806965664813,0,0.184627193478601,0,0,0,0.481512906650702,0.189552523609665,0.201325096527735,0,0,0.206875343170792,0,0,0.193633705377579,0.40638265652316,0,0,0,0.281280338764191,0.56692804295808,0.475707002422389,0.300437181011224,0,0,0,0,0,0.278791962533581,0.264733264843623,0.193434482854758,0,0,0,0,0.205199910808873,0,0.180420091685715,0,0.273349542044482,0,0,0,0.161243010273914,0,0.195773721031178,0,0,0,0.16534988489002,0,0.209218892933755,0,0.188381997109574,0.168628872314002,0.230950058053393,0.16784091631687,0.306163866662611,0,0
0,0,0,0,0,0,0,0,0.242979507546247,0,0.185365218126295,0,0,0,0,0,0.271351456642151,0,0.230619852741559,0,0.184418793040805,0.108133306136219,0.192420027391391,0,0.203995727944178,0,0,0,0.187822957249249,0,0.211487791025821,0,0,0.344236360568749,0.181445980600536,0.116315180808306,0.170700186864832,0.206875343170792,0,0,0.292368429899216,0,0.260436404209871,0,0,0,0,0.365980179495475,0.227137054111221,0.538849818706512,0,0,0,0,0.236648963712856,0,0.184821024466129,0,0,0,0,0,0,0.33262274052025,0.121908225119114,0.18478561937809,0,0.244840138468398,0,0,0,0.204072833385157,0,0,0,0,0,0.190183274362279,0,0.195130444129457,0.257655453350809,0.184506611756046,0.16167747676153,0.190522933151715,0.332577928925268,0,0.258088676134745
0.316201054269359,0.261113035678864,0,0.230124671877635,0,0.203848988645607,0,0,0.314389186212793,0.233348308929375,0,0,0,0,0,0,0.274376179124824,0.27163361877342,0.274494746933587,0.193213175982237,0.248654633760452,0,0,0,0,0,0,0,0,0,0,0.118352085351944,0,0,0,0.186653982651861,0.227963037788868,0,0,0,0.29419160412069,0.263203514872292,0.217553192312244,0.354366611181335,0.259692937135696,0.216819187541451,0.323726134567425,0.13522053446988,0.243025292828679,0.189843493859756,0,0.201783490677675,0,0,0,0.22056520357728,0.302792124450207,0.237972227590425,0,0.20877943187952,0,0,0.218499150705235,0.296372525832232,0,0,0,0,0,0,0,0,0.267924722284079,0,0.1314852014184,0,0,0,0.197625119931485,0.321754939650947,0,0.26424203813076,0.271139974032381,0.272855162039036,0.255003226701065,0.251661037850143,0.259687267243862
0.34790694154799,0,0.257232356195648,0.225588094857004,0.201841673761044,0.207007212564349,0.197490131855011,0,0.289233976176807,0.208533078432083,0.286080598831177,0,0,0,0,0,0.255164684881841,0.272301267222925,0.244986813917095,0,0.212957959164653,0,0,0,0,0,0,0,0,0,0,0.216756742447615,0.201797926425934,0.328952113787333,0,0.206958214920687,0.187880468415729,0,0.292368429899216,0.29419160412069,0,0.257321610700252,0.221794994185007,0,0.173136249184608,0.234003350541398,0.258605061473163,0.382001988767158,0.263557208660576,0.275559326012929,0.20770712977364,0.223237622529268,0,0,0,0,0.245358606775602,0.350202649831772,0.203638717532158,0,0,0,0.253730028867722,0.213488976164694,0,0,0,0,0,0,0,0,0,0.175002306699753,0.296897506713867,0.222797518968582,0.337341318527857,0,0.250154883497291,0.232446952501482,0,0.228269469099385,0.247499002684143,0.236178413294909,0.23258932702328,0.249654933810234,0.19560744957282
0.296617068350315,0.240567949257399,0.219085536897182,0.263341454547655,0,0.216095047619413,0,0,0.284479761496186,0.206649825488793,0,0,0,0,0,0,0.23722367331108,0.23382915782206,0.216494177679995,0,0.221953451633453,0,0,0.188645511865616,0,0,0,0,0,0,0,0.17060723900795,0,0.261432379484177,0,0.215658605098724,0,0.193633705377579,0,0.263203514872292,0.257321610700252,0,0.180387335183433,0.267772765944199,0,0.219436409144566,0.279019390232861,0.204783505831773,0.338668075523206,0.25779323761885,0,0.216628691012209,0,0,0,0.247042339827333,0.232072659664684,0.267195425927639,0.226786956191063,0.219964161515236,0,0.230281032621861,0.259744041315887,0.270045877922149,0,0,0.213556104236179,0,0,0,0,0,0.270299308772745,0,0,0,0,0,0.269744973361224,0.28074670883257,0,0.231521165796689,0.233397288233839,0.251570785684245,0.252745682385112,0.274126063743945,0.175037617484728
0.177415677699549,0,0.230873177908048,0.207279968364485,0.20885184208552,0.202607929706573,0,0,0.169202519298503,0.248659454640888,0.259335820045736,0,0,0,0,0,0.223409842215311,0.223115384292144,0.176331815542653,0,0.264135905882207,0,0,0.270025507546961,0,0,0,0,0,0,0,0,0,0.430494715060507,0,0.174916937947273,0.285317609707514,0.40638265652316,0.260436404209871,0.217553192312244,0.221794994185007,0.180387335183433,0,0,0.12442883849144,0.194486057963865,0.224386522716535,0.397635929676748,0.363786209753082,0.288580418974161,0.227319445461035,0.210832759737968,0,0,0.166630256921053,0,0.251847326619089,0.228813990950584,0.232618646402108,0.19123312830925,0.254027485847473,0.18726958334446,0,0.250702724133826,0,0,0.294464781880379,0,0,0,0,0,0.234184011816978,0.223574415068416,0,0,0.368595540523529,0,0.234441099422319,0.225542350544327,0.384357800086339,0.231309976422843,0.248151040647323,0.230004340067677,0.220758749654934,0.23580243105584,0.148778755953535
0,0,0,0,0,0.190641134977341,0,0,0.282810181379318,0,0,0,0,0,0,0,0.195966422557831,0.245607241988182,0.21927821305063,0,0,0,0,0,0,0,0,0,0,0,0,0,0,0,0,0,0,0,0,0.354366611181335,0,0.267772765944199,0,0,0,0.389015436172485,0,0,0,0.238611747821172,0,0,0,0,0,0,0,0.338295231262843,0,0,0,0,0,0,0,0,0,0,0,0,0,0,0.31369532431875,0,0,0,0,0,0.403817189857364,0,0,0,0.262582833568255,0.266133219003677,0.338268292011047,0.25452589802444,0
0,0,0,0,0,0,0,0,0,0,0,0,0,0,0,0,0,0,0.193521529436111,0,0.261243283748627,0,0,0,0,0,0,0,0,0,0,0,0,0,0,0,0,0,0,0.259692937135696,0.173136249184608,0,0.12442883849144,0,0,0,0.211566665342876,0,0,0,0,0,0,0,0,0,0,0,0,0,0,0,0,0.217847064137459,0,0,0,0,0,0,0,0,0,0,0,0,0,0,0,0.227487359195948,0,0.209051355719566,0.191513726540974,0,0.188248008489609,0,0
0.332416892051697,0,0,0.188991803748935,0,0.219563652740584,0,0,0.299644466489553,0.193902775645256,0,0.208732940256596,0,0,0,0,0.246807040991607,0.248061755361656,0.2630361277651,0.180935946794657,0,0,0,0,0,0,0,0,0,0,0,0.223181635141373,0,0.27633348107338,0,0.155580648957793,0.169902002438903,0,0,0.216819187541451,0.234003350541398,0.219436409144566,0.194486057963865,0.389015436172485,0,0,0.308840373387704,0.155738425148385,0.1863879679065,0.182420026234519,0,0.243494547282656,0,0,0,0,0,0.260231545567512,0,0.199831023812294,0,0,0.194057387533347,0.243050124496222,0,0,0,0,0,0,0,0,0.268516004085541,0,0,0.177285872399807,0,0,0.202839065349692,0.217408143397835,0.18987958734589,0.22109092772007,0.2413698285042,0.253335047047585,0.184731578138683,0.219945612549782,0
0.383594062829775,0,0.244525998046524,0,0.163868681542457,0.199368059635162,0.174680799245834,0,0.300938111386801,0,0.312933097283045,0,0,0,0,0,0.262835048685663,0.296434243068551,0.260978894959286,0,0.226976760228475,0,0,0,0,0,0,0,0,0,0,0,0,0,0,0,0.194875091314316,0.281280338764191,0,0.323726134567425,0.258605061473163,0.279019390232861,0.224386522716535,0,0.211566665342876,0.308840373387704,0,0,0.293073109470972,0.27947861328721,0.18658295912402,0,0.189144134521484,0,0,0,0.251499898680325,0,0.231768101453781,0,0,0,0,0.190232222896519,0,0,0,0,0,0,0,0,0,0.296464654803276,0,0,0,0,0.325425708523163,0.254856611867394,0,0.280309214456681,0.269990079368032,0.254018886368486,0.245697285563971,0,0.203751772959182
0,0,0,0.220718875527382,0,0.187980650152479,0,0,0,0.317991226911545,0,0,0,0,0,0,0,0.213085882365704,0.197343609162739,0.179986968636513,0,0.471197053790092,0,0,0,0,0,0,0,0,0,0.390144175880314,0.407257104649656,0.474328684164824,0.328481942662971,0.180540992073429,0.26494954629191,0.56692804295808,0.365980179495475,0.13522053446988,0.382001988767158,0.204783505831773,0.397635929676748,0,0,0.155738425148385,0,0,0.440518928375669,0.258467750370605,0,0.178241348266602,0,0,0,0.221722558140755,0.310268968343735,0,0,0.213809251785278,0,0,0.179796208228384,0,0,0,0.326167494058609,0,0,0,0,0.334477975964546,0.247994005680084,0,0.347305603122609,0.415275937207391,0.37081452608701,0.405013581802105,0.188188957088378,0.404908933839343,0.459353867090411,0.438747423887253,0.472717400486966,0.30198974814266,0.529114957155096,0.158252403140068,0
0.209996621094404,0,0.118992228288113,0.237060230639246,0.227939024567604,0.199264400031256,0,0,0.147709399461746,0.255132681131363,0,0,0,0,0,0,0.30671219031016,0.248666048049927,0.207350914676984,0.197766616940498,0.262563723325729,0.495814353227615,0.20464471841755,0.337131177385648,0.209832841462462,0,0,0,0,0,0,0.395018015407661,0.440248076693486,0.465964601091717,0.429609248067363,0.217417644957701,0.230517136779698,0.475707002422389,0.227137054111221,0.243025292828679,0.263557208660576,0.338668075523206,0.363786209753082,0,0,0.1863879679065,0.293073109470972,0.440518928375669,0,0.340432957754902,0,0.213218200951815,0,0,0.120917438964049,0,0.236956374985831,0,0.149492323745129,0,0.159998849874434,0,0.173550985753536,0.259837307791779,0,0.197198900541193,0.325505336125692,0.234570644626563,0,0.219248464537991,0,0.199516999599052,0,0.174287566771874,0.402852229929219,0.32121824324131,0.37332532396082,0.389760663112005,0.206135966561057,0.338341459077744,0.525377260787146,0.239467121467652,0.465669868264095,0.249814552565416,0.275601551905156,0.323213990245547,0.21396554261446
0,0.146006343426642,0.298865348100662,0.200853240841853,0,0.204026913417108,0,0,0.20499150454998,0.1761387207529,0,0,0,0,0,0,0.219891515870889,0.219122943778833,0.21101259082964,0.189714968204498,0,0.255506536967698,0,0.221174448214728,0,0,0,0,0,0,0,0.150151346926577,0.236238528043032,0.399595864794471,0,0.195953059807176,0.229765950605787,0.300437181011224,0.538849818706512,0.189843493859756,0.275559326012929,0.25779323761885,0.288580418974161,0.238611747821172,0,0.182420026234519,0.27947861328721,0.258467750370605,0.340432957754902,0,0,0.202810091468004,0,0,0,0.156956036036665,0,0.234448254108429,0,0.183970347046852,0,0.198237091302872,0.20028178691864,0,0.244831280329743,0,0.230382530877627,0,0,0,0,0,0.250056480367978,0,0.143347408622503,0.272454679012299,0.195514378120314,0.372292250394821,0.16076439768506,0.216233330900254,0.237719971991519,0,0.327775475231089,0.252300954024707,0.23154631502311,0.271269138600375,0
0.148984704166651,0,0.157265357673168,0,0.163495609275997,0,0.140967410802841,0,0,0,0,0,0,0,0,0,0,0,0,0,0.201588070589649,0,0,0,0,0,0,0,0,0,0,0,0,0,0,0,0,0,0,0,0.20770712977364,0,0.227319445461035,0,0,0,0.18658295912402,0,0,0,0,0,0.18240724503994,0,0,0,0.180998661148269,0,0.197105965680546,0,0,0,0,0.160762575896163,0,0,0,0,0,0,0,0,0,0.204045042395592,0,0,0,0,0,0.197703201323748,0,0.239055901765823,0.17292308062315,0,0.164447984900617,0,0.183144524693489
0,0.175344064831734,0,0.15754569182587,0,0.238024786114693,0,0,0,0.163664880726073,0,0.243484258651733,0,0,0,0,0,0,0.188140571117401,0.257965041697025,0,0,0,0,0,0,0,0,0,0,0,0,0,0,0,0.195342713484058,0.207536265254021,0,0,0.201783490677675,0.223237622529268,0.216628691012209,0.210832759737968,0,0,0.243494547282656,0,0.178241348266602,0.213218200951815,0.202810091468004,0,0,0,0,0,0.161947133236153,0,0,0,0,0,0.139753058552742,0.280815561180529,0,0,0,0,0,0,0,0,0,0.237934708595276,0,0,0,0,0,0.221930103055362,0.207718792557716,0,0,0.184943097744057,0,0.220247149467468,0.220535069704056,0
0,0,0,0,0.169902004301548,0,0.176447020096336,0,0,0,0.143573574721813,0,0,0,0,0,0,0,0,0,0.152483482460876,0,0,0,0,0,0,0,0,0,0,0,0,0,0,0,0.159725319714315,0,0,0,0,0,0,0,0,0,0.189144134521484,0,0,0,0.18240724503994,0,0,0,0,0,0.11998833467563,0,0,0,0,0,0,0.170687161386013,0,0,0,0,0,0,0,0,0,0,0,0,0,0,0,0.151919188147241,0,0,0.162964466959238,0.164825893938541,0,0,0
0,0,0,0,0,0,0,0.16620601594923,0,0,0,0.171441569924355,0,0.192363381385803,0,0,0,0,0,0,0,0,0,0,0,0,0,0,0,0,0,0,0,0,0,0,0,0,0,0,0,0,0,0,0,0,0,0,0,0,0,0,0,0,0,0,0,0.164161699513594,0,0.174638524651527,0,0,0,0,0,0,0,0,0,0,0,0,0,0,0,0,0,0,0,0,0,0,0.165741600592931,0,0,0,0
0.165477397173923,0,0.11854435774413,0,0.185024201869965,0,0,0,0.187143468927116,0,0,0,0,0,0.187373018411339,0,0,0,0,0,0,0,0,0,0.189231778330663,0,0.180474234935714,0,0,0,0,0,0,0,0,0,0,0,0.236648963712856,0,0,0,0.166630256921053,0,0,0,0,0,0.120917438964049,0,0,0,0,0,0,0,0,0,0,0,0.24106803774274,0,0,0,0,0,0,0.141387062413352,0,0.174552217125893,0,0,0,0,0,0,0,0,0,0,0,0.21243456150156,0.191911254467359,0,0.254446713304197,0,0
0,0.174453013776978,0,0.1760779429761,0,0.139003604650497,0,0,0,0.170618510248418,0,0,0,0,0,0.193716700499256,0,0,0.208619520068169,0,0,0,0,0.188835867426612,0,0,0,0,0,0,0,0,0,0,0,0.159232541918755,0,0.278791962533581,0,0.22056520357728,0,0.247042339827333,0,0,0,0,0,0.221722558140755,0,0.156956036036665,0,0.161947133236153,0,0,0,0,0,0,0,0,0,0,0,0,0,0,0.187562880416711,0,0,0,0,0,0,0,0,0,0,0,0,0,0.256400553340262,0,0.184583032445516,0,0.190304864943028,0.220302741974592,0
0.152012505833893,0.255264788866043,0.198421690189703,0,0.190267948352772,0,0.160452358424664,0,0.176007926464081,0.227139607071877,0.17145523782737,0,0.170738634662093,0,0,0,0.25343571189377,0.280031464993954,0.236767091155052,0,0.180555335618646,0,0,0,0,0,0,0,0.195074126605065,0,0.277434557676315,0,0,0,0,0,0.160101090868314,0.264733264843623,0.184821024466129,0.302792124450207,0.245358606775602,0.232072659664684,0.251847326619089,0,0,0,0.251499898680325,0.310268968343735,0.236956374985831,0,0.180998661148269,0,0.11998833467563,0,0,0,0,0,0.162176975720031,0,0.177428758860408,0,0,0.287943031882571,0,0,0,0,0,0,0,0,0,0.249952429014703,0,0,0,0,0,0.260106683472278,0,0.256140465582056,0.16252841577546,0.260824337601662,0.275101843471233,0,0.247861236244885
0,0,0,0.20472958320102,0,0.187135060628255,0,0.169559940695763,0,0.244552098214626,0,0.168606074414621,0,0.200079166600781,0,0,0,0,0.306899425658313,0.26694318652153,0,0,0,0,0,0,0,0.212200790643692,0,0.190834080179532,0,0,0,0,0,0.216916501522064,0,0.193434482854758,0,0.237972227590425,0.350202649831772,0.267195425927639,0.228813990950584,0.338295231262843,0,0.260231545567512,0,0,0,0.234448254108429,0,0,0,0.164161699513594,0,0,0,0,0,0,0,0,0.286651745438576,0,0,0,0,0,0,0,0,0,0.145787586939746,0,0,0,0,0,0.223458006978035,0,0.181266456483358,0,0.18576851430573,0.336002677679062,0.25723422456197,0.310887003938357,0
0.177863517279426,0,0.178389261166255,0,0,0,0,0,0,0,0.188084986678232,0,0.19199482182055,0,0.176711554208913,0,0,0,0,0,0,0,0,0,0,0,0,0,0.183793923539935,0,0.170141701993433,0,0,0,0,0,0,0,0,0,0.203638717532158,0.226786956191063,0.232618646402108,0,0,0,0.231768101453781,0,0.149492323745129,0,0.197105965680546,0,0,0,0,0,0.162176975720031,0,0,0,0.201795516858909,0,0,0,0,0,0,0,0,0,0,0.17871208768338,0,0.164059123231305,0,0,0,0,0,0.207370042800903,0,0,0.176468376284358,0.210971859097481,0.185632677276929,0,0
0,0,0,0.174107455936345,0,0.156699419021606,0,0.182581316031034,0,0,0,0.176099534939837,0,0.218962104137575,0,0.120377585912744,0,0,0,0,0,0,0,0,0,0,0,0.187871944211738,0,0.163105885897364,0,0,0,0.267307132482529,0,0.186770208179951,0,0,0,0.20877943187952,0,0.219964161515236,0.19123312830925,0,0,0.199831023812294,0,0.213809251785278,0,0.183970347046852,0,0,0,0.174638524651527,0,0,0,0,0,0,0,0.153955905661315,0,0,0,0,0,0,0,0,0.162084105468932,0,0,0,0,0,0,0,0.252949841320515,0,0,0,0.237136521005541,0.219261258840561,0.204993575811386,0,0
0.201335505306066,0,0,0,0,0,0,0,0.208743000512056,0,0,0,0,0,0.195995249350866,0,0,0,0,0,0,0,0,0,0.191560722887516,0,0.147256664868634,0,0,0,0,0,0,0,0,0,0,0,0,0,0,0,0.254027485847473,0,0,0,0,0,0.159998849874434,0,0,0,0,0,0.24106803774274,0,0.177428758860408,0,0.201795516858909,0,0,0,0,0,0,0,0,0,0,0.140295828220205,0,0,0,0,0,0,0,0,0,0,0,0,0.153972023741362,0,0.167461524475111,0,0
0,0,0,0.141479919354121,0,0.137416159113248,0,0,0,0,0,0,0,0.177249198922744,0,0.154246266061043,0,0.162223817082122,0,0,0,0,0,0,0,0,0,0,0,0,0,0,0,0,0,0,0,0,0,0,0,0.230281032621861,0.18726958334446,0,0,0,0,0,0,0.198237091302872,0,0.139753058552742,0,0,0,0,0,0,0,0.153955905661315,0,0,0,0,0,0,0,0,0,0,0,0,0,0,0,0,0,0,0,0,0,0,0.191030642390251,0,0.250770981113116,0,0
0,0,0,0.22989627293178,0,0.245699506522953,0,0.133011680224846,0,0.204862080514431,0,0.135805533219972,0,0,0,0,0,0.235796079039574,0.239510804414749,0.176608746762286,0,0,0,0,0,0,0,0,0,0,0,0,0,0,0,0.183859368966369,0.178384713828564,0.205199910808873,0,0.218499150705235,0.253730028867722,0.259744041315887,0,0,0,0.194057387533347,0,0.179796208228384,0.173550985753536,0.20028178691864,0,0.280815561180529,0,0,0,0,0,0.286651745438576,0,0,0,0,0,0,0,0,0,0,0,0,0,0,0,0,0,0,0,0,0.199243976586952,0,0.173282911194794,0,0.163100691550553,0,0.255665081021461,0,0
0.376292028106176,0,0.232954795690293,0,0.138047929587109,0,0.177873279761385,0,0.281365275382996,0,0.347065975524716,0,0,0,0,0,0.262216263183273,0.282663684160936,0.254103606412127,0,0.253574222843281,0,0,0,0,0,0,0,0,0,0,0,0,0,0,0.207117781043053,0.177714560791566,0,0.33262274052025,0.296372525832232,0.213488976164694,0.270045877922149,0.250702724133826,0,0.217847064137459,0.243050124496222,0.190232222896519,0,0.259837307791779,0,0.160762575896163,0,0.170687161386013,0,0,0,0.287943031882571,0,0,0,0,0,0,0,0,0,0,0,0,0,0,0,0,0.281550101827884,0,0,0,0,0.262082666158676,0.202926588740885,0,0.355696957592294,0.265061543472181,0.237781152594835,0.26898952237632,0.263867010672887,0.251673109367885
0,0,0,0,0,0,0,0,0,0,0,0,0,0,0,0,0,0,0,0,0,0.175164773229465,0.145196250187499,0.204611194846423,0,0.204214854740272,0,0.194645019987273,0,0,0,0,0,0,0,0,0,0.180420091685715,0.121908225119114,0,0,0,0,0,0,0,0,0,0,0.244831280329743,0,0,0,0,0,0,0,0,0,0,0,0,0,0,0,0.137509611327397,0.258891083247273,0,0.191356098651886,0,0.185736841389111,0,0,0,0,0,0,0,0,0,0.18785237439506,0,0.180614879987172,0,0.22806337972482,0,0
0,0,0,0,0,0,0,0,0,0,0,0,0,0,0,0,0.146112822528396,0,0,0,0,0.152673825984762,0.16269965505569,0,0.164805067605094,0,0.1783353152775,0,0,0,0,0,0,0,0,0,0,0,0.18478561937809,0,0,0,0,0,0,0,0,0,0.197198900541193,0,0,0,0,0,0,0,0,0,0,0,0,0,0,0,0.137509611327397,0,0,0.151886060833931,0,0.226542149167841,0,0.261118452102496,0,0.22914083302021,0,0,0,0,0,0,0,0.221044555929393,0.163404538661242,0.188751115924434,0.184510782361031,0,0
0,0.198502600193024,0,0,0,0,0,0,0,0.21819768846035,0,0,0,0,0,0,0,0,0,0,0,0.177341685875466,0,0.175594124048362,0,0.203239569548638,0,0,0,0,0,0,0,0,0,0,0,0.273349542044482,0,0,0,0.213556104236179,0.294464781880379,0,0,0,0,0.326167494058609,0.325505336125692,0.230382530877627,0,0,0,0,0,0.187562880416711,0,0,0,0,0,0,0,0,0.258891083247273,0,0,0,0.214700247062014,0,0,0,0,0,0,0,0,0,0,0,0.263221863352277,0,0.176082766743313,0,0.274624729975961,0,0
0,0,0,0,0,0,0,0,0.158832096527604,0,0,0,0,0,0,0,0,0,0,0,0,0,0.165495497777182,0,0.174029932380187,0,0.179622520617887,0,0,0,0,0,0,0,0,0,0,0,0.244840138468398,0,0,0,0,0,0,0,0,0,0.234570644626563,0,0,0,0,0,0.141387062413352,0,0,0,0,0,0,0,0,0,0,0.151886060833931,0,0,0,0.175504545192452,0,0.222578047215939,0,0,0,0,0,0,0,0,0,0.229503133854309,0.153576344131462,0,0.257382835212507,0,0
0,0,0,0,0,0,0,0,0,0,0,0,0,0,0,0.221667178731034,0,0.170672491329885,0,0,0,0.203765425394321,0,0.21976226568222,0,0.208696783081559,0,0.206751869428878,0,0,0,0,0,0,0,0,0,0,0,0,0,0,0,0,0,0,0,0,0,0,0,0,0,0,0,0,0,0,0,0,0,0,0,0,0.191356098651886,0,0.214700247062014,0,0,0,0.167190379463136,0,0,0,0,0,0,0,0,0,0,0,0.207789275646975,0,0,0,0
0.197707939147949,0,0,0,0,0,0,0,0.161415678759416,0,0,0,0,0,0.149444010720324,0,0.138563519015032,0,0,0,0,0,0.154067292596613,0,0.166522168977694,0,0.152789703370737,0,0.129973336730314,0,0,0,0,0,0,0,0,0,0,0,0,0,0,0,0,0,0,0,0.219248464537991,0,0,0,0,0,0.174552217125893,0,0,0,0,0,0.140295828220205,0,0,0,0,0.226542149167841,0,0.175504545192452,0,0,0,0.250301424346797,0,0,0,0,0,0,0,0,0,0,0.142460643104068,0,0.166458422965544,0,0
0,0,0,0,0,0,0,0,0,0,0,0,0,0.214826971292496,0,0,0,0,0,0,0,0.204250132381631,0,0,0,0,0,0.193559801721984,0,0.156418065200309,0,0,0,0,0,0,0,0.161243010273914,0,0,0,0,0,0,0,0,0,0,0,0,0,0,0,0,0,0,0,0,0,0.162084105468932,0,0,0,0,0.185736841389111,0,0,0,0.167190379463136,0,0,0,0.162370749882289,0,0,0,0,0,0,0,0.19224428304506,0,0.191283339086701,0.219553247094154,0,0,0
0,0,0,0,0,0,0,0,0,0,0,0,0.158019373814265,0,0,0,0,0,0,0,0,0,0.192174072348761,0,0,0,0.210902363061905,0,0.179099529534718,0,0.200843137171533,0,0,0,0,0,0,0,0.204072833385157,0,0,0,0,0,0,0,0,0.334477975964546,0.199516999599052,0,0,0,0,0,0,0,0,0,0.17871208768338,0,0,0,0,0,0,0.261118452102496,0,0.222578047215939,0,0.250301424346797,0,0,0,0.158378014197716,0,0,0,0,0,0,0,0.188233821398714,0.182030531076285,0.186794130418794,0.265478347396028,0,0
0,0,0,0.28533344467481,0,0,0,0,0,0.238318257033825,0,0.196161755617114,0,0.215010934892823,0,0,0,0,0.303597115911543,0,0,0,0,0,0,0,0,0.176233736077944,0,0.163389983382251,0,0,0,0,0,0,0,0.195773721031178,0,0.267924722284079,0,0.270299308772745,0.234184011816978,0.31369532431875,0,0.268516004085541,0,0.247994005680084,0,0.250056480367978,0,0.237934708595276,0,0,0,0,0,0.145787586939746,0,0,0,0,0,0,0,0,0,0,0,0,0.162370749882289,0,0,0,0,0,0,0,0,0.264694154262543,0.163575268791216,0,0.216128107211361,0.293961495161057,0.343888581091282,0.312350849310557,0
