0,0,0.163525534537731,0,0,0,0,0,0.159549235225581,0,0,0,0,0,0,0,0.277039259672165,0.237967633388259,0.304831443948949,0,0,0,0,0,0,0,0,0,0,0,0,0,0,0,0,0,0,0,0,0,0,0,0.401207912057766,0,0,0,0.391376636922359,0,0.176483185547921,0,0,0,0,0,0.157639053960641,0,0,0,0,0,0,0,0,0.420548447729212,0,0,0,0,0,0,0,0,0,0,0,0,0,0,0,0.425478230597395,0,0.434932148102486,0.223225784736063,0,0.256126758309243,0,0
0,0,0,0.11420581920894,0,0,0,0,0,0.137144450722187,0,0,0,0,0,0,0,0,0.268968132411773,0,0,0,0,0,0,0,0,0,0,0,0,0,0,0,0,0.310843586921692,0,0,0,0.389562706152598,0,0.337748462016901,0,0,0,0.327497845888138,0,0.35620741546154,0,0.129079032527364,0,0,0,0,0,0.190372079610825,0,0,0,0,0,0,0,0,0,0,0,0,0,0,0,0,0,0,0,0,0,0,0.389588502145583,0,0.393018133938313,0,0.291242306333447,0,0.192223954067276,0,0
0.163525534537731,0,0,0,0.128454690131376,0,0,0,0.102764774113894,0,0,0,0,0,0,0,0,0,0.198983077178983,0,0,0,0,0,0,0,0,0,0,0,0,0,0,0,0,0,0.239375274628401,0,0,0,0.260074592850826,0,0.263425841927528,0,0,0,0.265867030613692,0,0.20032229522864,0,0,0,0,0,0.128334501230005,0,0,0,0,0,0,0,0,0,0,0,0,0,0,0,0,0,0,0,0,0,0,0,0,0.393780678510666,0,0,0.204683280015643,0,0.256430181790153,0,0
0,0.11420581920894,0,0,0,0.13055884980907,0,0,0,0.128351838795506,0,0,0,0,0,0,0,0,0.155471689999104,0,0,0,0,0,0,0,0,0,0,0,0,0,0,0,0,0,0,0,0,0.42608255147934,0,0.342594655851523,0,0,0,0.296976625919342,0,0,0,0.123988771811128,0,0,0,0,0,0,0,0,0,0,0,0,0,0,0,0,0,0,0,0,0,0,0,0,0,0,0,0,0.383435988426209,0,0.389684766530991,0,0.133748951954422,0,0.160595028067198,0,0
0,0,0.128454690131376,0,0,0,0,0,0.160768315963009,0,0,0,0,0,0,0,0,0,0,0,0.202473417399036,0,0,0,0,0,0,0,0,0,0,0,0,0,0,0,0.202912269367112,0,0,0,0,0,0,0,0,0,0,0,0,0,0.218453176176319,0,0,0,0.168919045280143,0,0,0,0,0,0,0,0,0,0,0,0,0,0,0,0,0,0,0,0,0,0,0,0,0.199991685152054,0,0,0.186751623948415,0.191687941551208,0.153101595984988,0,0
0,0,0,0.13055884980907,0,0,0,0,0,0.140020768878595,0,0,0,0,0,0,0,0,0,0.248038915136168,0,0,0,0,0,0,0,0,0,0,0,0,0,0,0,0.171490515305384,0,0,0,0.242700608937364,0,0.264786146454892,0,0,0,0.218581218272448,0,0.265791580080986,0,0.243194388225675,0,0.178460493683815,0,0,0,0,0,0,0,0,0,0,0,0,0,0,0,0,0,0,0,0,0,0,0,0,0,0,0.182868000740806,0,0.228620745241642,0,0.171469041353299,0.233000472187996,0.183803812265396,0,0
0,0,0,0,0,0,0,0,0,0,0,0,0,0,0,0,0,0,0,0,0.212796798596779,0,0,0,0,0,0,0,0,0,0,0,0,0,0,0,0,0,0,0,0,0,0,0,0,0,0,0,0,0,0,0,0,0,0,0,0.211228758096695,0,0,0,0,0,0,0,0,0,0,0,0,0,0,0,0,0,0,0,0,0,0,0,0,0,0.213203079170651,0,0,0,0
0,0,0,0,0,0,0,0,0,0,0,0,0,0,0,0,0,0,0,0.237195460001628,0,0,0,0,0,0,0,0,0,0,0,0,0,0,0,0,0,0,0,0,0,0,0,0,0,0,0,0,0,0,0,0,0,0,0,0,0,0.190541530648867,0,0,0,0,0,0,0,0,0,0,0,0,0,0,0,0,0,0,0,0,0,0,0,0,0,0,0,0,0
0.159549235225581,0,0.102764774113894,0,0.160768315963009,0,0,0,0,0.233619370630809,0,0,0,0,0.190217575185919,0,0.317161586391207,0.245301839871666,0.236289050181707,0,0,0,0,0,0,0,0,0,0,0,0,0,0,0,0,0,0,0,0,0,0,0,0,0,0,0,0,0,0,0,0,0,0,0,0.139026522237275,0,0,0,0,0,0.149216163099981,0,0,0,0,0,0,0,0,0,0,0,0,0,0,0,0,0,0,0,0,0,0.211974885466701,0.207698971173673,0.153923004865646,0,0
0,0.137144450722187,0,0.128351838795506,0,0.140020768878595,0,0,0.233619370630809,0,0,0,0,0,0,0.148532542556819,0.252738768855731,0.222697657395582,0.283344557603859,0,0,0,0,0.227714687585831,0,0.287399006897912,0,0,0,0,0,0,0,0,0,0,0,0,0,0,0,0.24355895803609,0,0,0,0,0,0,0,0,0,0,0,0,0,0.153338388588868,0,0,0,0,0,0.235761214243738,0,0,0,0,0,0,0.300664712559609,0,0,0,0,0,0,0,0,0,0.351797312498093,0,0,0,0.181872521424225,0.217812373495658,0.18244973953388,0,0
0,0,0,0,0,0,0,0,0,0,0,0,0,0,0,0,0,0,0,0,0.181249436150106,0,0,0,0,0,0,0,0,0,0,0,0,0,0,0,0.226027748775932,0,0.224433466057743,0,0,0,0,0,0,0,0,0,0,0,0,0,0,0,0,0,0.207036137580872,0,0,0,0,0,0,0.167650657395522,0,0,0,0,0,0,0,0,0,0,0,0,0,0,0,0.223805766552687,0,0.23711212478318,0.226263578448977,0,0,0,0
0,0,0,0,0,0,0,0,0,0,0,0,0,0.203824634835113,0,0,0,0,0,0.224645354953918,0,0,0,0,0,0,0,0,0,0,0,0,0,0,0,0.260124217595486,0,0.219236558298792,0,0,0,0,0,0,0,0,0,0,0,0,0,0,0,0,0,0,0,0.172712559395648,0,0.190980687670594,0,0,0.230855803417736,0,0,0,0,0,0,0,0,0,0,0,0,0,0,0,0,0,0.242514683565132,0,0.227445954313645,0,0,0,0
0,0,0,0,0,0,0,0,0,0,0,0,0,0,0,0,0,0,0,0,0,0,0,0,0,0,0,0,0,0,0,0,0,0,0,0,0,0,0,0,0,0,0,0,0,0,0,0,0,0,0,0,0,0,0,0,0,0,0.307442262242822,0,0,0,0,0,0,0,0,0,0,0,0,0,0,0,0,0,0,0,0,0,0,0,0.176103904098272,0.202557390119801,0,0,0
0,0,0,0,0,0,0,0,0,0,0,0.203824634835113,0,0,0,0.149451219476759,0,0,0,0,0,0,0,0,0,0,0,0,0,0,0,0,0,0,0,0,0,0,0,0,0,0,0,0,0,0,0,0,0,0,0,0,0,0,0,0,0,0.212418378530787,0,0.238590638371702,0,0,0,0,0,0,0,0,0,0,0,0,0,0,0,0,0,0,0,0,0,0,0.241669692805944,0.236058921475173,0,0,0
0,0,0,0,0,0,0,0,0.190217575185919,0,0,0,0,0,0,0,0,0,0,0,0,0,0,0,0,0,0,0,0,0,0,0,0,0,0,0,0,0,0,0,0,0,0,0,0,0,0,0,0,0,0,0,0,0,0.155453592538834,0,0,0,0,0,0,0,0,0,0,0,0,0,0,0,0,0,0,0,0,0,0,0,0,0,0,0,0.206390942846026,0.216369345784187,0,0,0
0,0,0,0,0,0,0,0,0,0.148532542556819,0,0,0,0.149451219476759,0,0,0,0.234434058440143,0,0,0,0,0,0,0,0,0,0,0,0,0,0,0,0,0,0,0,0,0,0,0,0,0,0,0,0,0,0,0,0,0,0,0,0,0,0.176043440246487,0,0,0,0.128534157946706,0,0.142261790732543,0,0,0,0,0,0,0.285159558057785,0,0,0,0,0,0,0,0,0,0,0,0,0,0.211364775896072,0,0,0,0
0.277039259672165,0,0,0,0,0,0,0,0.317161586391207,0.252738768855731,0,0,0,0,0,0,0,0.169831740064139,0.234425003821764,0,0,0,0.214018090993543,0,0,0,0,0,0,0,0,0,0,0,0,0,0,0,0,0.275193981429998,0.251993477344513,0.221130077134479,0.216340170338236,0.224899945780635,0.226961291753329,0.266643927149151,0.258014096154107,0,0,0,0,0,0,0,0,0,0,0,0,0,0,0,0.27916131913662,0.29259164418493,0,0.208707615733147,0,0,0,0,0,0,0,0,0,0,0,0,0.291483479705486,0.282382998030973,0.275606674700975,0.288946579024196,0.229887656688423,0.187967166480413,0.251474377539189,0.20454209617206,0.219045759031647
0.237967633388259,0,0,0,0,0,0,0,0.245301839871666,0.222697657395582,0,0,0,0,0,0.234434058440143,0.169831740064139,0,0.260517025149825,0,0,0,0,0.270239491644618,0,0.348688306716772,0,0,0,0,0,0,0,0,0,0,0,0,0,0.289820467091364,0.358558684587479,0.225596130286392,0,0.227967884143194,0,0.275312311649323,0.337578592201074,0,0,0,0,0,0,0,0,0,0,0,0,0,0,0,0.30492640286684,0.346124360958735,0,0,0.24069881439209,0,0.338988129260405,0,0,0,0,0,0,0,0,0,0.30422132732449,0.347763897256648,0.298838234158477,0.332686459024747,0.217236859486662,0.210674809802869,0.285241560339928,0.234531773214645,0.212312166889509
0.304831443948949,0.268968132411773,0.198983077178983,0.155471689999104,0,0,0,0,0.236289050181707,0.283344557603859,0,0,0,0,0,0,0.234425003821764,0.260517025149825,0,0,0,0,0,0.260895541205574,0.192924876625721,0,0,0,0,0,0,0,0,0,0,0,0,0,0,0.360804132994516,0.404204246553558,0.214420694265404,0.216219727831487,0.254912881303612,0.2507456395887,0.337504312061152,0.381993734992173,0,0.205085147172213,0.171390378847718,0,0,0,0,0,0,0,0,0,0,0,0,0.388351060502408,0.394371480626218,0,0,0.235306118925413,0,0,0,0,0,0,0,0,0,0,0,0.366761507989768,0.378606258727457,0.402359426154622,0.394807492988184,0.218273219064416,0,0.349488838652427,0.219743020248179,0.216799523737189
0,0,0,0,0,0.248038915136168,0,0.237195460001628,0,0,0,0.224645354953918,0,0,0,0,0,0,0,0,0,0,0,0,0,0,0,0,0,0,0,0,0,0,0,0.237096593523269,0,0.255901671946049,0,0,0,0,0,0,0,0,0,0,0,0,0,0.247632279177196,0,0.240718714968505,0,0,0,0.213956992681852,0,0,0,0,0.224108297023035,0,0,0,0,0,0,0,0,0,0,0,0,0,0,0,0.209479278210422,0,0.283832520246506,0,0.277479380369186,0,0.158067620519934,0,0
0,0,0,0,0.202473417399036,0,0.212796798596779,0,0,0,0.181249436150106,0,0,0,0,0,0,0,0,0,0,0,0,0,0,0,0,0,0,0,0,0,0,0,0,0,0.236509109848132,0,0.274857562035322,0,0,0,0,0,0,0,0,0,0,0,0.248406765190696,0,0.218981884519259,0,0,0,0.21556541897209,0,0,0,0,0,0,0.247938175286566,0,0,0,0,0,0,0,0,0,0,0,0,0,0,0,0.23233706202358,0,0.265747843931119,0.191757373866581,0,0.178427356594014,0,0
0,0,0,0,0,0,0,0,0,0,0,0,0,0,0,0,0,0,0,0,0,0,0.185167028951752,0,0,0,0,0.204747989084236,0,0,0,0,0,0,0,0,0,0.23818616611617,0.19375138272616,0,0,0,0,0,0,0,0,0,0,0.152506603969861,0,0,0,0,0,0,0,0,0,0,0,0,0,0,0.176151638813717,0.200820152718706,0.19140464619354,0,0,0,0.223407068659389,0,0,0,0,0,0,0,0,0,0.257898788198386,0.23730297634999,0.169179739978144,0.215945708714205,0,0,0
0,0,0,0,0,0,0,0,0,0,0,0,0,0,0,0,0.214018090993543,0,0,0,0,0.185167028951752,0,0,0.193902337125369,0,0.216012300923467,0,0.239335797145704,0,0,0,0,0,0,0,0,0,0.192881269007921,0,0,0,0,0,0,0,0,0,0.15876186820792,0,0,0,0,0,0,0,0,0,0,0,0,0,0,0,0.194392529006495,0.194592092293593,0,0.189066603131916,0,0,0,0.230677058334117,0,0,0,0,0,0,0,0,0,0.221753332481053,0.185461206092137,0.216393410426039,0,0,0
0,0,0,0,0,0,0,0,0,0.227714687585831,0,0,0,0,0,0,0,0.270239491644618,0.260895541205574,0,0,0,0,0,0,0.328513469292047,0,0,0,0,0,0,0,0,0,0,0,0.267081025510262,0,0,0,0.40447536110878,0,0,0,0,0,0.410914639631907,0,0.255657642614096,0,0,0,0,0,0,0,0,0,0,0,0,0,0,0,0,0.246882038014304,0,0.331754175941628,0,0,0,0,0,0,0,0,0,0,0,0.301732482581303,0,0.249344426921605,0,0.376728014151255,0,0
0,0,0,0,0,0,0,0,0,0,0,0,0,0,0,0,0,0,0.192924876625721,0,0,0,0.193902337125369,0,0,0,0.206356992820899,0,0,0,0,0,0,0,0,0,0,0,0.184152769545714,0,0,0,0.141139134764671,0,0,0,0,0,0.133650742471218,0,0,0,0,0,0,0,0,0,0,0,0,0,0,0,0,0,0,0.202889810668098,0,0.222557880661704,0,0,0,0,0,0,0,0,0,0,0,0.227339523666688,0.167566537857056,0,0,0,0
0,0,0,0,0,0,0,0,0,0.287399006897912,0,0,0,0,0,0,0,0.348688306716772,0,0,0,0,0,0.328513469292047,0,0,0,0,0,0,0,0,0,0,0,0,0,0,0,0,0,0,0,0,0,0,0,0,0,0,0,0,0,0,0,0,0,0,0,0,0,0,0,0,0,0,0.280770444207721,0,0.310645188604082,0,0,0,0,0,0,0,0,0,0,0,0,0,0.360938877503926,0,0,0,0
0,0,0,0,0,0,0,0,0,0,0,0,0,0,0,0,0,0,0,0,0,0,0.216012300923467,0,0.206356992820899,0,0,0,0.201343526781508,0,0,0,0,0,0,0,0,0,0,0,0,0,0,0,0,0,0,0,0,0,0,0,0,0,0,0,0,0,0,0,0,0,0,0,0,0,0,0.236796662211418,0,0,0,0.170759106675784,0,0,0,0,0,0,0,0,0,0,0,0,0,0,0
0,0,0,0,0,0,0,0,0,0,0,0,0,0,0,0,0,0,0,0,0,0.204747989084236,0,0,0,0,0,0,0,0.249430904420197,0,0,0,0,0,0,0,0,0,0,0,0,0,0,0,0,0,0,0,0,0,0,0,0,0,0,0,0,0,0.196719914313519,0,0,0,0,0.20638079320391,0,0,0,0,0,0.257418112055761,0,0.230029455174275,0,0,0,0,0,0,0,0,0,0.190979670201029,0.235929187940013,0,0,0
0,0,0,0,0,0,0,0,0,0,0,0,0,0,0,0,0,0,0,0,0,0,0.239335797145704,0,0,0,0.201343526781508,0,0,0,0,0,0,0,0,0,0,0,0.133993107825518,0,0,0,0,0,0,0,0,0,0.0963274650275707,0,0,0,0,0,0,0,0,0,0,0,0,0,0,0,0,0,0,0,0,0,0,0.243720202877813,0,0,0,0,0,0,0,0,0,0,0.216850886742274,0.243251858917001,0,0,0
0,0,0,0,0,0,0,0,0,0,0,0,0,0,0,0,0,0,0,0,0,0,0,0,0,0,0,0.249430904420197,0,0,0,0,0,0,0,0,0,0.246770151039606,0,0,0,0,0,0,0,0,0,0,0,0,0,0,0,0,0,0,0,0,0,0,0,0,0,0,0,0,0,0,0,0,0.23475599847734,0,0.228546386870366,0,0,0,0,0,0,0,0,0,0.245618581771851,0,0,0,0
0,0,0,0,0,0,0,0,0,0,0,0,0,0,0,0,0,0,0,0,0,0,0,0,0,0,0,0,0,0,0,0,0,0,0,0,0,0,0.2223064227101,0,0,0,0,0,0,0,0,0,0,0,0,0,0,0,0,0,0,0,0,0,0,0,0,0,0,0,0,0,0,0,0,0,0,0.2318000882864,0,0,0,0,0,0,0,0.23158900005122,0,0,0,0,0
0,0,0,0,0,0,0,0,0,0,0,0,0,0,0,0,0,0,0,0,0,0,0,0,0,0,0,0,0,0,0,0,0.200283574517527,0,0.162946668763955,0.397297435392768,0.343328377855745,0,0,0,0,0,0,0,0,0,0,0.453100144034594,0,0,0,0,0,0,0,0,0,0,0,0,0,0,0,0,0,0,0,0,0,0,0,0,0,0,0.327649166882988,0.235624206595332,0.32361176609993,0.159670199666704,0.237437474574151,0.31948745749138,0,0,0.204593416303396,0,0,0,0
0,0,0,0,0,0,0,0,0,0,0,0,0,0,0,0,0,0,0,0,0,0,0,0,0,0,0,0,0,0,0,0.200283574517527,0,0,0,0.190953954086157,0.176544693063694,0,0,0,0,0,0,0,0,0,0,0.470592677593231,0,0,0,0,0,0,0,0,0,0,0,0,0,0,0,0,0,0,0,0,0,0,0,0,0,0,0.205199823739431,0.183574832203065,0.153793141245842,0,0.194455693534144,0.191364459076169,0,0,0,0,0,0,0
0,0,0,0,0,0,0,0,0,0,0,0,0,0,0,0,0,0,0,0,0,0,0,0,0,0,0,0,0,0,0,0,0,0,0.320185407926749,0.1803063017725,0,0.228821568191051,0.524207295452962,0,0,0,0,0,0,0,0,0.373837751440456,0.591875195503235,0,0,0,0,0,0,0,0,0,0,0,0,0,0,0,0,0,0,0,0,0,0,0,0,0,0.333061402379456,0,0.276956722214447,0.224017443677051,0.206815131428687,0,0,0.509802222251892,0.216228963520664,0.268624862035116,0,0,0
0,0,0,0,0,0,0,0,0,0,0,0,0,0,0,0,0,0,0,0,0,0,0,0,0,0,0,0,0,0,0,0.162946668763955,0,0.320185407926749,0,0,0.219098208336857,0,0.277011086841424,0,0,0,0,0,0,0,0,0.367671950759195,0,0.359652668237686,0,0,0,0,0,0,0,0,0,0,0,0,0,0,0,0,0,0,0,0,0,0,0,0,0.184330325159762,0,0.213697001549947,0.205783644918262,0,0.215367044298313,0,0.248281269929463,0.163658821251657,0,0,0,0
0,0.310843586921692,0,0,0,0.171490515305384,0,0,0,0,0,0.260124217595486,0,0,0,0,0,0,0,0.237096593523269,0,0,0,0,0,0,0,0,0,0,0,0.397297435392768,0.190953954086157,0.1803063017725,0,0,0.335027734563798,0.153540049759757,0,0.26304024056248,0,0.304431079263739,0,0,0,0.257141926884651,0,0.349777690781892,0,0.279837664828372,0,0.17032971398698,0,0,0,0,0,0.267504848805921,0,0,0,0,0.226315668793246,0,0,0,0,0,0,0,0,0,0,0,0.364764886457215,0.205498542933337,0.187474413131075,0,0.209028961673157,0.234938965482023,0,0,0.202196486806165,0.24751719218283,0.288212083711436,0,0
0,0,0.239375274628401,0,0.202912269367112,0,0,0,0,0,0.226027748775932,0,0,0,0,0,0,0,0,0,0.236509109848132,0,0,0,0,0,0,0,0,0,0,0.343328377855745,0.176544693063694,0,0.219098208336857,0.335027734563798,0,0,0.218335727399046,0.309686318039894,0.164469733834267,0.331953041553497,0.301161239544551,0,0,0.267513871192932,0.199427170684776,0.402290820011071,0.243391826748848,0.295823842287064,0.20782363281036,0,0,0,0,0,0,0,0,0,0,0,0,0.25523855971111,0,0,0,0,0,0,0,0,0,0,0.338298338094378,0.180260612291206,0,0.186675077769905,0.256040227137694,0.186090390347326,0,0,0.230351177821284,0.286696950546207,0.247390021486613,0,0
0,0,0,0,0,0,0,0,0,0,0,0.219236558298792,0,0,0,0,0,0,0,0.255901671946049,0,0.23818616611617,0,0.267081025510262,0,0,0,0,0,0.246770151039606,0,0,0,0.228821568191051,0,0.153540049759757,0,0,0.227802307602573,0,0,0.235800184309483,0,0,0,0,0,0.445916811777581,0,0.293695688799008,0,0,0,0,0,0,0,0.265749697685242,0,0,0,0,0.233985326642734,0,0.210479229688644,0,0.308741493279214,0,0,0,0,0,0.233731387390031,0,0,0,0.233772961422801,0,0.172045767514819,0,0.288553988117032,0.241925936621669,0.272067354021358,0.227493478192223,0.365049773644583,0,0
0,0,0,0,0,0,0,0,0,0,0.224433466057743,0,0,0,0,0,0,0,0,0,0.274857562035322,0.19375138272616,0.192881269007921,0,0.184152769545714,0,0,0,0.133993107825518,0,0.2223064227101,0,0,0.524207295452962,0.277011086841424,0,0.218335727399046,0.227802307602573,0,0,0,0,0,0,0,0,0,0.550757083511627,0,0,0,0,0,0,0,0,0.239325358500499,0,0,0,0,0,0,0,0.215345616434135,0.183568194210529,0,0.18522983635294,0,0,0,0,0,0.212838798761368,0,0,0.172359682619572,0.232032539322972,0,0.216434299945831,0.240386988130472,0.213344665546703,0.233284520565486,0.261310411351068,0,0,0
0,0.389562706152598,0,0.42608255147934,0,0.242700608937364,0,0,0,0,0,0,0,0,0,0,0.275193981429998,0.289820467091364,0.360804132994516,0,0,0,0,0,0,0,0,0,0,0,0,0,0,0,0,0.26304024056248,0.309686318039894,0,0,0,0,0.280409408851611,0,0.411589314617536,0,0.304893728675454,0,0.230842529857823,0,0.2311080209365,0,0,0,0,0,0,0,0,0,0,0,0,0.317342875568926,0.3717447022597,0,0,0,0,0,0,0,0,0,0,0,0,0,0,0.203031698899034,0.348935938307217,0.23951856838268,0.31945812702179,0.322477388559415,0.284788662636722,0.338661642234942,0.380146163074594,0
0,0,0.260074592850826,0,0,0,0,0,0,0,0,0,0,0,0,0,0.251993477344513,0.358558684587479,0.404204246553558,0,0,0,0,0,0,0,0,0,0,0,0,0,0,0,0,0,0.164469733834267,0,0,0,0,0,0.272503056696483,0,0.394675686955452,0,0.232969915171507,0.317474794432972,0.211284247824759,0,0,0,0,0,0,0,0,0,0,0,0,0,0,0,0,0,0,0,0,0,0,0,0,0,0,0,0,0,0,0.161410398264654,0,0.314602971076965,0.260892514586449,0,0.266534584677052,0,0.274256259202957
0,0.337748462016901,0,0.342594655851523,0,0.264786146454892,0,0,0,0.24355895803609,0,0,0,0,0,0,0.221130077134479,0.225596130286392,0.214420694265404,0,0,0,0,0.40447536110878,0,0,0,0,0,0,0,0,0,0,0,0.304431079263739,0.331953041553497,0.235800184309483,0,0.280409408851611,0,0,0,0,0,0.275112729942134,0,0.176408759857479,0,0.339840312730425,0,0,0,0,0,0.255203647272927,0,0,0,0,0,0,0.372376494291352,0,0,0,0.295850662248475,0,0,0,0,0,0.257400636610232,0,0,0,0,0,0.396315002749706,0,0.29473040073879,0,0.31323771656362,0.304639899284133,0.333017871061406,0.234128205327813,0
0.401207912057766,0,0.263425841927528,0,0,0,0,0,0,0,0,0,0,0,0,0,0.216340170338236,0,0.216219727831487,0,0,0,0,0,0.141139134764671,0,0,0,0,0,0,0,0,0,0,0,0.301161239544551,0,0,0,0.272503056696483,0,0,0,0.209515929222107,0,0.269865084772889,0,0.299201336553023,0,0,0,0,0,0,0,0,0,0,0,0,0,0,0.391107047146017,0,0,0,0,0,0,0,0,0,0,0,0,0,0,0,0.333179697394371,0,0.396377898752689,0.301152347602585,0.303157106041908,0.317277268441142,0,0.207535289669697
0,0,0,0,0,0,0,0,0,0,0,0,0,0,0,0,0.224899945780635,0.227967884143194,0.254912881303612,0,0,0,0,0,0,0,0,0,0,0,0,0,0,0,0,0,0,0,0,0.411589314617536,0,0,0,0,0,0.363564726830061,0,0,0,0,0,0,0,0,0,0,0,0,0,0,0,0,0.373596781066486,0,0,0,0,0,0,0,0,0,0,0,0,0,0,0,0.436880811457373,0.342219154040019,0.453722429275513,0.331524699926376,0.295496455446268,0.286837585270405,0.357112056589616,0,0
0,0,0,0,0,0,0,0,0,0,0,0,0,0,0,0,0.226961291753329,0,0.2507456395887,0,0,0,0,0,0,0,0,0,0,0,0,0,0,0,0,0,0,0,0,0,0.394675686955452,0,0.209515929222107,0,0,0,0.368204492536084,0,0,0,0,0,0,0,0,0,0,0,0,0,0,0,0,0.375137002422259,0,0,0,0,0,0,0,0,0,0,0,0,0,0,0.310105115175247,0.381182059972254,0,0.395889972371084,0.281917980313301,0,0.329155043551796,0,0
0,0.327497845888138,0,0.296976625919342,0,0.218581218272448,0,0,0,0,0,0,0,0,0,0,0.266643927149151,0.275312311649323,0.337504312061152,0,0,0,0,0,0,0,0,0,0,0,0,0,0,0,0,0.257141926884651,0.267513871192932,0,0,0.304893728675454,0,0.275112729942134,0,0.363564726830061,0,0,0,0.28954503685236,0,0.247345707391377,0,0,0,0,0,0,0,0,0,0,0,0,0.344513481518008,0,0,0,0,0,0,0,0,0,0,0,0,0,0,0,0.372465848121592,0.367672568559647,0.381346570939171,0,0.328791621308889,0.300521115366465,0.347763300176409,0,0
0.391376636922359,0,0.265867030613692,0,0,0,0,0,0,0,0,0,0,0,0,0,0.258014096154107,0.337578592201074,0.381993734992173,0,0,0,0,0,0,0,0,0,0,0,0,0,0,0,0,0,0.199427170684776,0,0,0,0.232969915171507,0,0.269865084772889,0,0.368204492536084,0,0,0,0.241830203179045,0,0,0,0,0,0,0,0,0,0,0,0,0,0,0.381413791328669,0,0,0,0,0,0,0,0,0,0,0,0,0,0,0.364723205566406,0.306673338939237,0,0.419923329604006,0.326340885672546,0,0.287906944745446,0,0.267843626439571
0,0.35620741546154,0,0,0,0.265791580080986,0,0,0,0,0,0,0,0,0,0,0,0,0,0,0,0,0,0.410914639631907,0,0,0,0,0,0,0,0.453100144034594,0.470592677593231,0.373837751440456,0.367671950759195,0.349777690781892,0.402290820011071,0.445916811777581,0.550757083511627,0.230842529857823,0.317474794432972,0.176408759857479,0,0,0,0.28954503685236,0,0,0.577871979713674,0.294952779252385,0,0,0,0,0,0,0,0,0,0,0,0,0,0,0,0,0.386727194700922,0,0,0,0,0,0,0,0.410817013781825,0.183559601144431,0.304716240611754,0.266888428758385,0.182445242134638,0.2859607023236,0.391250709692637,0.584033334284153,0.27370624295842,0.334745548665524,0.418057226414621,0,0
0.176483185547921,0,0.20032229522864,0,0,0,0,0,0,0,0,0,0,0,0,0,0,0,0.205085147172213,0,0,0,0.15876186820792,0,0.133650742471218,0,0,0,0.0963274650275707,0,0,0,0,0.591875195503235,0,0,0.243391826748848,0,0,0,0.211284247824759,0,0.299201336553023,0,0,0,0.241830203179045,0.577871979713674,0,0.224115853959864,0,0,0,0,0,0,0,0,0,0,0,0,0,0,0,0.164995827401678,0,0,0,0,0,0,0,0,0,0,0.367947995662689,0.314940938274517,0,0.145945698479,0,0.364883720290427,0.303794674684896,0,0.262544916839061,0,0
0,0.129079032527364,0,0.123988771811128,0,0.243194388225675,0,0,0,0,0,0,0,0,0,0,0,0,0.171390378847718,0,0,0.152506603969861,0,0.255657642614096,0,0,0,0,0,0,0,0,0,0,0.359652668237686,0.279837664828372,0.295823842287064,0.293695688799008,0,0.2311080209365,0,0.339840312730425,0,0,0,0.247345707391377,0,0.294952779252385,0.224115853959864,0,0,0,0,0,0,0,0,0,0,0,0,0,0,0,0.152078833085663,0,0.271052449941635,0,0,0,0,0,0.260629443697227,0,0,0,0,0,0.234211909587567,0,0.252969514882238,0,0.293209345451583,0.279386441662626,0.271304798253254,0,0
0,0,0,0,0.218453176176319,0,0,0,0,0,0,0,0,0,0,0,0,0,0,0,0.248406765190696,0,0,0,0,0,0,0,0,0,0,0,0,0,0,0,0.20782363281036,0,0,0,0,0,0,0,0,0,0,0,0,0,0,0,0,0,0,0,0,0,0,0,0,0,0,0,0,0,0,0,0,0,0,0,0,0,0,0,0,0,0,0.20672974077075,0,0,0.182270948984185,0,0.1760233225567,0,0
0,0,0,0,0,0.178460493683815,0,0,0,0,0,0,0,0,0,0,0,0,0,0.247632279177196,0,0,0,0,0,0,0,0,0,0,0,0,0,0,0,0.17032971398698,0,0,0,0,0,0,0,0,0,0,0,0,0,0,0,0,0,0,0,0,0,0,0,0,0,0,0,0,0,0,0,0,0,0,0,0,0,0,0,0,0,0,0.159925922751427,0,0,0,0.183318719267845,0,0,0,0
0,0,0,0,0,0,0,0,0,0,0,0,0,0,0,0,0,0,0,0,0.218981884519259,0,0,0,0,0,0,0,0,0,0,0,0,0,0,0,0,0,0,0,0,0,0,0,0,0,0,0,0,0,0,0,0,0,0,0,0,0,0,0,0,0,0,0,0,0,0,0,0,0,0,0,0,0,0,0,0,0,0,0,0,0,0,0,0,0,0
0,0,0,0,0,0,0,0,0,0,0,0,0,0,0,0,0,0,0,0.240718714968505,0,0,0,0,0,0,0,0,0,0,0,0,0,0,0,0,0,0,0,0,0,0,0,0,0,0,0,0,0,0,0,0,0,0,0,0,0,0,0,0,0,0,0.211781471967697,0,0,0,0,0,0,0,0,0,0,0,0,0,0,0,0,0,0,0,0,0,0,0,0
0.157639053960641,0,0.128334501230005,0,0.168919045280143,0,0,0,0.139026522237275,0,0,0,0,0,0.155453592538834,0,0,0,0,0,0,0,0,0,0,0,0,0,0,0,0,0,0,0,0,0,0,0,0,0,0,0,0,0,0,0,0,0,0,0,0,0,0,0,0,0,0,0,0,0,0.167844712734222,0,0,0,0,0,0,0,0,0,0,0,0,0,0,0,0,0,0,0,0,0,0.171783766020899,0.19153538197279,0.190675818773567,0,0
0,0.190372079610825,0,0,0,0,0,0,0,0.153338388588868,0,0,0,0,0,0.176043440246487,0,0,0,0,0,0,0,0,0,0,0,0,0,0,0,0,0,0,0,0,0,0,0,0,0,0.255203647272927,0,0,0,0,0,0,0,0,0,0,0,0,0,0,0,0,0,0,0,0.191144748167558,0,0,0,0,0,0,0,0,0,0,0,0,0,0,0,0,0,0,0,0,0.20773624877135,0,0.222074180841446,0,0
0,0,0,0,0,0,0.211228758096695,0,0,0,0.207036137580872,0,0,0,0,0,0,0,0,0,0.21556541897209,0,0,0,0,0,0,0,0,0,0,0,0,0,0,0,0,0,0.239325358500499,0,0,0,0,0,0,0,0,0,0,0,0,0,0,0,0,0,0,0,0,0,0,0,0,0.168140076100826,0,0,0,0,0,0,0,0,0,0,0,0,0,0,0,0,0,0.239414831664827,0.213180729976067,0,0,0,0
0,0,0,0,0,0,0,0.190541530648867,0,0,0,0.172712559395648,0,0.212418378530787,0,0,0,0,0,0.213956992681852,0,0,0,0,0,0,0,0,0,0,0,0,0,0,0,0.267504848805921,0,0.265749697685242,0,0,0,0,0,0,0,0,0,0,0,0,0,0,0,0,0,0,0,0,0,0.19286379597782,0,0,0.211193261148988,0,0,0,0,0,0,0,0,0,0,0,0,0,0,0,0,0,0,0,0.23226870867339,0,0,0,0
0,0,0,0,0,0,0,0,0,0,0,0,0.307442262242822,0,0,0,0,0,0,0,0,0,0,0,0,0,0,0,0,0,0,0,0,0,0,0,0,0,0,0,0,0,0,0,0,0,0,0,0,0,0,0,0,0,0,0,0,0,0,0,0,0,0,0,0,0,0,0,0,0,0,0,0,0,0,0,0,0,0,0,0,0,0.336326634479781,0.212960175147244,0,0,0
0,0,0,0,0,0,0,0,0,0,0,0.190980687670594,0,0.238590638371702,0,0.128534157946706,0,0,0,0,0,0,0,0,0,0,0,0.196719914313519,0,0,0,0,0,0,0,0,0,0,0,0,0,0,0,0,0,0,0,0,0,0,0,0,0,0,0,0,0,0.19286379597782,0,0,0,0,0,0,0,0,0,0,0,0,0,0,0,0,0,0,0,0,0,0,0,0,0.291130283170817,0.245912589932566,0,0,0
0,0,0,0,0,0,0,0,0.149216163099981,0,0,0,0,0,0,0,0,0,0,0,0,0,0,0,0,0,0,0,0,0,0,0,0,0,0,0,0,0,0,0,0,0,0,0,0,0,0,0,0,0,0,0,0,0,0.167844712734222,0,0,0,0,0,0,0,0,0,0,0,0,0,0,0,0,0,0,0,0,0,0,0,0,0,0,0,0,0,0,0,0
0,0,0,0,0,0,0,0,0,0.235761214243738,0,0,0,0,0,0.142261790732543,0,0,0,0,0,0,0,0,0,0,0,0,0,0,0,0,0,0,0,0,0,0,0,0,0,0,0,0,0,0,0,0,0,0,0,0,0,0,0,0.191144748167558,0,0,0,0,0,0,0,0,0,0,0,0,0,0,0,0,0,0,0,0,0,0,0,0,0,0,0.280645936727524,0,0,0,0
0,0,0,0,0,0,0,0,0,0,0,0.230855803417736,0,0,0,0,0.27916131913662,0.30492640286684,0.388351060502408,0.224108297023035,0,0,0,0,0,0,0,0,0,0,0,0,0,0,0,0.226315668793246,0,0.233985326642734,0,0.317342875568926,0,0.372376494291352,0,0.373596781066486,0,0.344513481518008,0,0,0,0,0,0,0,0.211781471967697,0,0,0,0.211193261148988,0,0,0,0,0,0,0,0,0,0,0,0,0,0,0,0,0,0,0,0,0.202955724479314,0.36904838681221,0.439227708933151,0,0.281277496764,0,0.431333701396256,0.344621939975538,0
0.420548447729212,0,0,0,0,0,0,0,0,0,0.167650657395522,0,0,0,0,0,0.29259164418493,0.346124360958735,0.394371480626218,0,0.247938175286566,0,0,0,0,0,0,0,0,0,0,0,0,0,0,0,0.25523855971111,0,0,0.3717447022597,0,0,0.391107047146017,0,0.375137002422259,0,0.381413791328669,0,0,0,0,0,0,0,0,0,0.168140076100826,0,0,0,0,0,0,0,0,0,0,0,0,0,0,0,0,0,0,0,0,0,0.378811991214752,0.226361103125454,0.397257834672928,0.469200639879402,0.399185985326767,0,0.422379012803237,0,0.354873726765315
0,0,0,0,0,0,0,0,0,0,0,0,0,0,0,0,0,0,0,0,0,0.176151638813717,0.194392529006495,0,0,0,0,0.20638079320391,0,0,0,0,0,0,0,0,0,0.210479229688644,0.215345616434135,0,0,0,0,0,0,0,0,0,0,0.152078833085663,0,0,0,0,0,0,0,0,0,0,0,0,0,0,0,0.203407256199299,0,0,0,0,0,0,0,0,0,0,0,0,0,0,0.197610312878196,0,0.182501615855177,0.191839426818691,0,0,0
0,0,0,0,0,0,0,0,0,0,0,0,0,0,0,0,0.208707615733147,0,0,0,0,0.200820152718706,0.194592092293593,0,0,0,0,0,0,0,0,0,0,0,0,0,0,0,0.183568194210529,0,0,0,0,0,0,0,0,0,0.164995827401678,0,0,0,0,0,0,0,0,0,0,0,0,0,0,0,0.203407256199299,0,0,0,0,0,0,0,0,0,0,0,0,0,0,0,0,0.186230705844031,0.198027541161686,0.205254341141795,0,0,0
0,0,0,0,0,0,0,0,0,0,0,0,0,0,0,0,0,0.24069881439209,0.235306118925413,0,0,0.19140464619354,0,0.246882038014304,0,0.280770444207721,0,0,0,0,0,0,0,0,0,0,0,0.308741493279214,0,0,0,0.295850662248475,0,0,0,0,0,0.386727194700922,0,0.271052449941635,0,0,0,0,0,0,0,0,0,0,0,0,0,0,0,0,0,0,0,0,0,0,0,0,0,0,0,0,0,0,0.271478253039154,0,0.259702814544142,0,0.333701926387019,0,0
0,0,0,0,0,0,0,0,0,0,0,0,0,0,0,0,0,0,0,0,0,0,0.189066603131916,0,0.202889810668098,0,0.236796662211418,0,0,0,0,0,0,0,0,0,0,0,0.18522983635294,0,0,0,0,0,0,0,0,0,0,0,0,0,0,0,0,0,0,0,0,0,0,0,0,0,0,0,0,0,0,0.220400579273701,0,0,0,0,0,0,0,0,0,0,0,0.176218658685684,0,0,0,0,0
0,0,0,0,0,0,0,0,0,0.300664712559609,0,0,0,0,0,0.285159558057785,0,0.338988129260405,0,0,0,0,0,0.331754175941628,0,0.310645188604082,0,0,0,0,0,0,0,0,0,0,0,0,0,0,0,0,0,0,0,0,0,0,0,0,0,0,0,0,0,0,0,0,0,0,0,0,0,0,0,0,0,0,0,0,0,0,0,0,0,0,0,0,0,0,0,0,0.339169994380891,0,0,0,0
0,0,0,0,0,0,0,0,0,0,0,0,0,0,0,0,0,0,0,0,0,0,0,0,0.222557880661704,0,0,0,0,0,0,0,0,0,0,0,0,0,0,0,0,0,0,0,0,0,0,0,0,0,0,0,0,0,0,0,0,0,0,0,0,0,0,0,0,0,0,0.220400579273701,0,0,0,0,0,0,0,0,0,0,0,0,0,0,0,0,0,0,0
0,0,0,0,0,0,0,0,0,0,0,0,0,0,0,0,0,0,0,0,0,0.223407068659389,0,0,0,0,0,0.257418112055761,0,0.23475599847734,0,0,0,0,0,0,0,0,0,0,0,0,0,0,0,0,0,0,0,0,0,0,0,0,0,0,0,0,0,0,0,0,0,0,0,0,0,0,0,0,0,0,0.206394451816066,0,0,0,0,0,0,0,0,0,0.237348846014006,0.238701904361898,0,0,0
0,0,0,0,0,0,0,0,0,0,0,0,0,0,0,0,0,0,0,0,0,0,0.230677058334117,0,0,0,0.170759106675784,0,0.243720202877813,0,0,0,0,0,0,0,0,0,0,0,0,0,0,0,0,0,0,0,0,0,0,0,0,0,0,0,0,0,0,0,0,0,0,0,0,0,0,0,0,0,0,0,0,0,0,0,0,0,0,0,0,0,0.233162734996189,0.247094019386121,0,0,0
0,0,0,0,0,0,0,0,0,0,0,0,0,0,0,0,0,0,0,0,0,0,0,0,0,0,0,0.230029455174275,0,0.228546386870366,0,0,0,0,0,0,0,0.233731387390031,0,0,0,0.257400636610232,0,0,0,0,0,0,0,0.260629443697227,0,0,0,0,0,0,0,0,0,0,0,0,0,0,0,0,0,0,0,0,0.206394451816066,0,0,0,0,0,0,0,0,0,0.190764670345801,0,0.292166568338871,0,0.35000143809752,0,0
0,0,0,0,0,0,0,0,0,0,0,0,0,0,0,0,0,0,0,0,0,0,0,0,0,0,0,0,0,0,0.2318000882864,0,0,0,0,0,0,0,0.212838798761368,0,0,0,0,0,0,0,0,0,0,0,0,0,0,0,0,0,0,0,0,0,0,0,0,0,0,0,0,0,0,0,0,0,0,0,0,0,0,0,0,0,0,0,0,0,0,0,0
0,0,0,0,0,0,0,0,0,0,0,0,0,0,0,0,0,0,0,0,0,0,0,0,0,0,0,0,0,0,0,0.327649166882988,0.205199823739431,0.333061402379456,0.184330325159762,0.364764886457215,0.338298338094378,0,0,0,0,0,0,0,0,0,0,0.410817013781825,0,0,0,0,0,0,0,0,0,0,0,0,0,0,0,0,0,0,0,0,0,0,0,0,0,0,0,0.198576445244763,0.293113767452862,0.157005322165787,0.185116796518381,0.357916675011317,0,0,0.203563106298447,0,0,0,0
0,0,0,0,0,0,0,0,0,0,0,0,0,0,0,0,0,0,0,0,0,0,0,0,0,0,0,0,0,0,0,0.235624206595332,0.183574832203065,0,0,0.205498542933337,0.180260612291206,0,0,0,0,0,0,0,0,0,0,0.183559601144431,0,0,0,0,0,0,0,0,0,0,0,0,0,0,0,0,0,0,0,0,0,0,0,0,0,0,0.198576445244763,0,0,0,0.198872491685224,0.191707503683718,0,0,0.142035145508616,0,0,0,0
0,0,0,0,0,0,0,0,0,0,0,0,0,0,0,0,0,0,0,0,0,0,0,0,0,0,0,0,0,0,0,0.32361176609993,0.153793141245842,0.276956722214447,0.213697001549947,0.187474413131075,0,0.233772961422801,0.172359682619572,0,0,0,0,0,0,0,0,0.304716240611754,0.367947995662689,0,0,0,0,0,0,0,0,0,0,0,0,0,0,0,0,0,0,0,0,0,0,0,0,0,0.293113767452862,0,0,0.198241980018244,0.17915123260357,0,0,0,0.267362903058529,0,0,0,0
0,0,0,0,0,0,0,0,0,0,0,0,0,0,0,0,0,0,0,0,0,0,0,0,0,0,0,0,0,0,0,0.159670199666704,0,0.224017443677051,0.205783644918262,0,0.186675077769905,0,0.232032539322972,0,0,0,0,0,0,0,0,0.266888428758385,0.314940938274517,0,0,0,0,0,0,0,0,0,0,0,0,0,0,0,0,0,0,0,0,0,0,0,0,0,0.157005322165787,0,0.198241980018244,0,0,0.191236426984822,0,0.197118575374285,0.154415282565103,0,0,0,0
0,0.389588502145583,0,0.383435988426209,0,0.182868000740806,0,0,0,0.351797312498093,0,0,0,0,0,0,0.291483479705486,0.30422132732449,0.366761507989768,0.209479278210422,0,0,0,0,0,0,0,0,0,0,0,0.237437474574151,0.194455693534144,0.206815131428687,0,0.209028961673157,0.256040227137694,0.172045767514819,0,0.203031698899034,0,0.396315002749706,0,0.436880811457373,0.310105115175247,0.372465848121592,0.364723205566406,0.182445242134638,0,0.234211909587567,0,0.159925922751427,0,0,0,0,0,0,0,0,0,0,0.202955724479314,0.378811991214752,0,0,0,0,0,0,0,0,0,0,0.185116796518381,0.198872491685224,0.17915123260357,0,0,0.240948420799809,0.209042864163285,0.367293158173561,0.288338101800019,0.264251240304787,0.427634360958521,0.430622100830078,0
0.425478230597395,0,0.393780678510666,0,0.199991685152054,0,0,0,0,0,0.223805766552687,0,0,0,0,0,0.282382998030973,0.347763897256648,0.378606258727457,0,0.23233706202358,0,0,0,0,0,0,0,0,0,0,0.31948745749138,0.191364459076169,0,0.215367044298313,0.234938965482023,0.186090390347326,0,0.216434299945831,0.348935938307217,0.161410398264654,0,0.333179697394371,0.342219154040019,0.381182059972254,0.367672568559647,0.306673338939237,0.2859607023236,0.145945698479,0,0.20672974077075,0,0,0,0,0,0,0,0,0,0,0,0.36904838681221,0.226361103125454,0,0,0,0,0,0,0,0,0,0,0.357916675011317,0.191707503683718,0,0.191236426984822,0.240948420799809,0,0.383041525880496,0.349480509757996,0.272673744609592,0.264673121079492,0.410217359687072,0,0.228159323334694
0,0.393018133938313,0,0.389684766530991,0,0.228620745241642,0,0,0,0,0,0.242514683565132,0,0,0,0,0.275606674700975,0.298838234158477,0.402359426154622,0.283832520246506,0,0.257898788198386,0,0.301732482581303,0,0,0,0,0,0,0,0,0,0,0,0,0,0.288553988117032,0.240386988130472,0.23951856838268,0,0.29473040073879,0,0.453722429275513,0,0.381346570939171,0,0.391250709692637,0,0.252969514882238,0,0,0,0,0,0,0,0,0,0,0,0,0.439227708933151,0.397257834672928,0.197610312878196,0,0.271478253039154,0,0,0,0,0,0.190764670345801,0,0,0,0,0,0.209042864163285,0.383041525880496,0,0.242963012695037,0.274950187847104,0.311922738949458,0.384060491023589,0.349895480377921,0
0.434932148102486,0,0,0,0,0,0,0,0,0,0.23711212478318,0,0,0,0,0,0.288946579024196,0.332686459024747,0.394807492988184,0,0.265747843931119,0.23730297634999,0.221753332481053,0,0.227339523666688,0,0,0,0,0,0.23158900005122,0,0,0.509802222251892,0.248281269929463,0,0,0.241925936621669,0.213344665546703,0.31945812702179,0.314602971076965,0,0.396377898752689,0.331524699926376,0.395889972371084,0,0.419923329604006,0.584033334284153,0.364883720290427,0,0,0,0,0,0,0,0.239414831664827,0,0,0,0,0,0,0.469200639879402,0,0.186230705844031,0,0.176218658685684,0,0,0,0,0,0,0,0,0,0.197118575374285,0.367293158173561,0.349480509757996,0.242963012695037,0,0.222277160617117,0.240798208916533,0.408936777249884,0,0
0.223225784736063,0.291242306333447,0.204683280015643,0.133748951954422,0.186751623948415,0.171469041353299,0.213203079170651,0,0.211974885466701,0.181872521424225,0.226263578448977,0.227445954313645,0.176103904098272,0.241669692805944,0.206390942846026,0.211364775896072,0.229887656688423,0.217236859486662,0.218273219064416,0.277479380369186,0.191757373866581,0.169179739978144,0.185461206092137,0.249344426921605,0.167566537857056,0.360938877503926,0,0.190979670201029,0.216850886742274,0.245618581771851,0,0.204593416303396,0,0.216228963520664,0.163658821251657,0.202196486806165,0.230351177821284,0.272067354021358,0.233284520565486,0.322477388559415,0.260892514586449,0.31323771656362,0.301152347602585,0.295496455446268,0.281917980313301,0.328791621308889,0.326340885672546,0.27370624295842,0.303794674684896,0.293209345451583,0.182270948984185,0.183318719267845,0,0,0.171783766020899,0.20773624877135,0.213180729976067,0.23226870867339,0.336326634479781,0.291130283170817,0,0.280645936727524,0.281277496764,0.399185985326767,0.182501615855177,0.198027541161686,0.259702814544142,0,0.339169994380891,0,0.237348846014006,0.233162734996189,0.292166568338871,0,0.203563106298447,0.142035145508616,0.267362903058529,0.154415282565103,0.288338101800019,0.272673744609592,0.274950187847104,0.222277160617117,0,0.247104357692753,0.285962103612925,0.25343251042068,0.22030055571775
0,0,0,0,0.191687941551208,0.233000472187996,0,0,0.207698971173673,0.217812373495658,0,0,0.202557390119801,0.236058921475173,0.216369345784187,0,0.187967166480413,0.210674809802869,0,0,0,0.215945708714205,0.216393410426039,0,0,0,0,0.235929187940013,0.243251858917001,0,0,0,0,0.268624862035116,0,0.24751719218283,0.286696950546207,0.227493478192223,0.261310411351068,0.284788662636722,0,0.304639899284133,0.303157106041908,0.286837585270405,0,0.300521115366465,0,0.334745548665524,0,0.279386441662626,0,0,0,0,0.19153538197279,0,0,0,0.212960175147244,0.245912589932566,0,0,0,0,0.191839426818691,0.205254341141795,0,0,0,0,0.238701904361898,0.247094019386121,0,0,0,0,0,0,0.264251240304787,0.264673121079492,0.311922738949458,0.240798208916533,0.247104357692753,0,0.285424750162797,0,0
0.256126758309243,0.192223954067276,0.256430181790153,0.160595028067198,0.153101595984988,0.183803812265396,0,0,0.153923004865646,0.18244973953388,0,0,0,0,0,0,0.251474377539189,0.285241560339928,0.349488838652427,0.158067620519934,0.178427356594014,0,0,0.376728014151255,0,0,0,0,0,0,0,0,0,0,0,0.288212083711436,0.247390021486613,0.365049773644583,0,0.338661642234942,0.266534584677052,0.333017871061406,0.317277268441142,0.357112056589616,0.329155043551796,0.347763300176409,0.287906944745446,0.418057226414621,0.262544916839061,0.271304798253254,0.1760233225567,0,0,0,0.190675818773567,0.222074180841446,0,0,0,0,0,0,0.431333701396256,0.422379012803237,0,0,0.333701926387019,0,0,0,0,0,0.35000143809752,0,0,0,0,0,0.427634360958521,0.410217359687072,0.384060491023589,0.408936777249884,0.285962103612925,0.285424750162797,0,0.336748968444933,0.279983548161723
0,0,0,0,0,0,0,0,0,0,0,0,0,0,0,0,0.20454209617206,0.234531773214645,0.219743020248179,0,0,0,0,0,0,0,0,0,0,0,0,0,0,0,0,0,0,0,0,0.380146163074594,0,0.234128205327813,0,0,0,0,0,0,0,0,0,0,0,0,0,0,0,0,0,0,0,0,0.344621939975538,0,0,0,0,0,0,0,0,0,0,0,0,0,0,0,0.430622100830078,0,0.349895480377921,0,0.25343251042068,0,0.336748968444933,0,0
0,0,0,0,0,0,0,0,0,0,0,0,0,0,0,0,0.219045759031647,0.212312166889509,0.216799523737189,0,0,0,0,0,0,0,0,0,0,0,0,0,0,0,0,0,0,0,0,0,0.274256259202957,0,0.207535289669697,0,0,0,0.267843626439571,0,0,0,0,0,0,0,0,0,0,0,0,0,0,0,0,0.354873726765315,0,0,0,0,0,0,0,0,0,0,0,0,0,0,0,0.228159323334694,0,0,0.22030055571775,0,0.279983548161723,0,0
