0,0,8.98488085486672,0,16.5989640676058,0,0,0,4.90349891768561,0,0,0,0,0,0,0,0,0,23.7547980638651,0,0,0,0,0,0,0,0,0,0,0,0,0,0,0,0,0,63.7169799804688,0,0,0,63.3071022033691,70.3379287719727,24.5357707230941,0,0,0,43.540776570638,0,6.26445721585289,0,17.9235067367554,0,0,0,6.17579817918781,0,8.98452615737915,0,0,0,6.36753036375759,0,0,0,0,0,0,15.0298838615417,0,5.65692329406738,0,74.7724609375,0,0,0,0,0,0,102.295886993408,49.9444073268345,0,0,11.9423346773783,0,14.9903184213946,0,0
0,0,0,5.7434259628763,0,17.7283231735229,0,0,0,4.21551626570085,0,0,0,0,0,0,0,36.7773558298747,18.6548197746277,0,0,0,0,0,0,0,0,0,0,0,0,0,0,0,0,0,0,0,0,0,0,19.6499018911588,0,0,0,0,0,0,0,5.92245691897822,0,14.8511959075928,0,0,0,5.27703337782905,0,6.50010103030796,0,6.1381894458424,0,5.83962614296456,0,0,0,0,12.874566192627,0,0,0,0,0,0,0,0,0,0,0,0,0,112.181343078613,0,6.99547772504845,0,13.2500210732024,0,0
8.98488085486672,0,0,0,9.68377455839744,0,0,0,7.17144775006079,0,0,0,0,0,0,0,0,0,24.4016914367676,0,0,0,0,0,0,0,0,0,0,0,0,0,0,0,0,0,0,0,0,0,34.3937683105469,0,28.3068725864093,0,0,0,24.5234504699707,0,14.2894799232483,0,10.9849271774292,0,0,0,11.800338045756,0,29.2072110609575,0,2.78334623575211,0,0,0,0,30.5939922332764,0,0,0,0,0,0,0,39.0273030853271,0,34.2864914549158,0,0,0,0,0,50.1529960632324,0,38.760612487793,14.4041603565216,0,14.5969417233552,0,21.5330448150635
0,5.7434259628763,0,0,0,13.7259796582736,0,0,0,5.44718814492226,0,0,0,0,0,0,0,52.2321243286133,35.2966381953313,0,0,0,0,0,0,0,0,0,0,0,0,0,0,0,0,41.2962385813395,0,0,0,45.0089639027913,0,31.0979955885145,0,0,0,13.0128079482487,0,0,0,13.914269890104,0,11.9459817977179,0,0,0,6.43663198607309,78.4361724853516,19.0960442111606,0,6.12525796890259,0,5.42260707508434,59.1447257995605,0,0,0,0,0,0,0,0,0,34.8802256584167,0,0,0,0,0,52.0345475333078,56.5496635437012,29.9017677307129,0,9.23450820305768,4.54095411300659,12.4084160906165,18.9944960276286,0
16.5989640676058,0,9.68377455839744,0,0,0,5.7801463242088,0,14.3179019024498,0,7.72629325143222,0,0,0,2.9048948504708,0,0,0,0,0,7.63106174554144,0,0,0,0,0,0,0,0,0,0,0,0,0,0,0,55.3449327150981,0,0,0,77.5886459350586,0,43.5186725415682,0,0,0,33.124119758606,55.4058456420898,27.3859384059906,0,4.85088128869126,0,4.51981146415968,0,7.32912646469317,0,8.6976501305898,0,6.6470915545588,0,0,0,0,11.5083572303548,0,0,0,0,0,0,0,55.4760160446167,0,47.6867556254069,0,0,0,0,0,55.1858256203788,0,53.4754082815988,7.46751319371854,0,12.2130212860615,0,0
0,17.7283231735229,0,13.7259796582736,0,0,0,3.44430538942648,0,3.58261339230971,0,0,0,5.79720300894517,0,2.95429563522339,0,81.979128519694,55.1275188611901,9.78896003162738,0,0,0,0,0,0,0,0,0,0,0,0,0,0,0,34.2477981288259,0,0,0,47.3213814629449,0,54.974038197444,79.1854133605957,0,0,28.5596092686509,0,63.8513692220052,54.4818572998047,48.8322567317797,0,4.52814994258528,0,3.3698410647256,0,0,83.9509201049805,23.6359086036682,0,5.42169689635436,0,5.86499201349851,16.1929042066974,70.1992904663086,0,0,0,0,0,0,92.634521484375,95.2414703369141,45.6553611755371,87.2245559692383,0,0,0,0,36.2049893611619,98.1923980712891,64.9417007446289,0,5.10595363766602,3.30532364050547,21.934642979917,0,0
0,0,0,0,5.7801463242088,0,0,0,0,0,5.47597519813045,0,0,0,0,0,0,0,0,0,7.4497585556409,0,0,0,0,0,0,0,0,0,0,0,0,0,0,0,0,0,0,0,0,0,0,0,0,0,0,0,0,0,4.5349702494485,0,4.61767873515087,0,0,0,5.00429778574678,0,0,0,0,0,0,6.36807643175125,0,0,0,0,0,0,0,0,0,0,0,0,0,0,0,0,0,0,4.02607176658955,0,0,0,0
0,0,0,0,0,3.44430538942648,0,0,0,0,0,5.71087203333455,0,0,0,0,0,0,0,0,0,0,0,0,0,0,0,0,0,0,0,0,0,0,0,0,0,0,0,0,0,0,0,0,0,0,0,0,0,0,0,3.46797734498978,0,4.47490290036568,0,0,0,4.43784738243173,0,5.08476622481095,0,0,0,0,0,0,0,0,0,0,0,0,0,0,0,0,0,0,0,0,0,0,4.26757549828496,0,0,0,0
4.90349891768561,0,7.17144775006079,0,14.3179019024498,0,0,0,0,0,0,0,0,0,3.86738624572754,0,20.169003518153,48.3679812858845,61.8072093963623,0,0,0,0,0,4.79535381495953,0,3.18638173016635,0,0,0,0,0,0,0,0,0,81.7317047119141,0,4.4235258102417,0,0,0,18.0474500750864,0,0,0,35.6100950241089,0,12.2370803189832,0,13.5193366270799,0,0,0,4.7089947403564,0,0,0,0,0,7.82020244699843,0,0,0,0,0,0,0,0,0,0,49.6526565551758,0,51.4784448797053,0,0,0,0,102.135375976562,64.4078845977783,0,7.50131231621851,6.17606450386047,38.3162598609924,11.3035739570754,0,0
0,4.21551626570085,0,5.44718814492226,0,3.58261339230971,0,0,0,0,0,0,0,0,0,3.85995872860605,43.5314097934299,22.4292972182283,25.7232670783997,0,0,0,0,6.08717427391937,0,0,0,0,0,0,0,0,0,0,0,0,0,9.67806840825964,0,0,0,5.88635301589966,0,0,0,0,0,0,0,3.04102441242763,0,37.675708770752,0,0,0,4.68883350414962,0,29.846715927124,0,0,0,5.63902917115585,0,0,0,0,7.28812243227373,0,0,0,0,0,0,0,0,0,0,0,63.4514083862305,0,11.5380831012019,0,6.17188245201528,6.32578134536743,12.2372333901269,0,0
0,0,0,0,7.72629325143222,0,5.47597519813045,0,0,0,0,0,2.74889969825745,0,0,0,0,0,0,0,3.64047564353262,0,0,0,0,0,0,0,0,0,0,0,0,0,0,0,2.95789003372192,0,3.12465753398099,0,0,0,0,0,0,0,16.1147813796997,0,0,0,6.33004379272461,0,4.7394093698406,0,0,0,6.68371978771047,0,2.94320952892303,0,0,0,0,5.82760795850432,0,0,0,0,0,0,0,0,0,4.5004200220108,0,0,0,0,0,66.9801025390625,0,3.10820109397173,3.45397940449331,0,3.82229220867157,0,0
0,0,0,0,0,0,0,5.71087203333455,0,0,0,0,0,2.7378838857015,0,0,0,0,0,3.22726513952485,0,0,0,0,0,0,0,0,0,4.36001102740948,0,0,0,0,0,0,0,4.67754006385803,0,0,0,0,0,0,0,0,0,0,0,0,0,0,0,4.54858933113239,0,0,0,6.43337055549253,0,0,0,0,5.28019438039011,0,0,0,0,0,0,0,0,0,11.1308219600607,0,0,0,0,0,32.0853214263916,0,8.7515817269035,0,4.72858756283919,0,7.44470672607422,0,0
0,0,0,0,0,0,0,0,0,0,2.74889969825745,0,0,0,0,0,0,0,0,0,0,0,0,0,0,0,0,0,0,0,0,0,0,0,0,0,0,0,0,0,0,0,0,0,0,0,0,0,0,0,0,0,0,0,0,0,5.09011366788079,0,5.25546708703041,0,0,0,0,0,0,0,0,0,0,0,0,0,0,0,0,0,0,0,0,0,0,0,0,0,0,0,0
0,0,0,0,0,5.79720300894517,0,0,0,0,0,2.7378838857015,0,0,0,2.82699428399404,0,0,0,0,0,0,0,0,0,0,0,3.47423798697335,0,0,0,0,0,0,0,0,0,0,0,0,0,0,0,0,0,0,0,0,0,0,0,6.47246726353963,0,0,0,0,0,0,0,5.52639635493246,0,2.95190888643265,0,0,0,0,0,0,0,0,9.35757475632888,0,0,0,0,0,0,0,0,0,0,0,2.9494028246921,3.5992271900177,0,0,0
0,0,0,0,2.9048948504708,0,0,0,3.86738624572754,0,0,0,0,0,0,0,18.7938048680623,59.3431968688965,0,0,0,0,0,0,3.18487660477801,0,0,0,0,0,0,0,0,0,0,0,0,0,0,0,0,0,0,0,0,0,0,0,0,0,0,0,0,0,0,0,15.5177173614502,0,5.9370479125243,0,3.40257830089993,0,0,0,0,0,0,0,0,0,0,0,0,0,0,0,0,0,0,0,0,0,17.6775885082427,0,9.88437461853027,0,0
0,0,0,0,0,2.95429563522339,0,0,0,3.85995872860605,0,0,0,2.82699428399404,0,0,0,21.6597003936768,0,0,0,0,0,0,0,3.96365478303697,0,0,0,0,0,0,0,0,0,0,0,0,0,0,0,0,0,0,0,0,0,0,0,0,0,2.82238702774048,0,0,0,3.22768335188589,0,0,0,4.61988976422478,0,4.66419976050394,0,0,0,0,0,0,3.35092644890149,0,0,0,0,0,0,0,0,0,0,0,0,0,3.14986770803278,0,0,0,0
0,0,0,0,0,0,0,0,20.169003518153,43.5314097934299,0,0,0,0,18.7938048680623,0,0,26.9867266107669,25.0310402348227,0,0,0,4.351013365246,0,5.23722086197291,0,2.95942705869675,0,0,0,0,0,0,0,0,109.144593200684,102.688803728889,105.576675415039,0,85.5414639986478,71.741812286377,79.333487701416,58.9093461328623,57.5391054789225,0,104.433109283447,44.2477874755859,0,129.106628417969,120.382781982422,0,105.745658874512,0,0,0,0,0,100.089163208008,0,90.6990737915039,6.10759028792381,0,101.899352073669,162.67707824707,0,3.62397987492706,0,3.27598776640715,0,3.59415136443244,0,0,108.029037475586,83.2425765991211,0,0,0,0,100.999247587444,86.3249070303781,90.2793074577085,76.3386283602033,21.4286303413134,15.9058902503823,71.7303211079087,74.2904449462891,50.0782632827759
0,36.7773558298747,0,52.2321243286133,0,81.979128519694,0,0,48.3679812858845,22.4292972182283,0,0,0,0,59.3431968688965,21.6597003936768,26.9867266107669,0,25.5041348325075,0,0,3.12466716766357,0,5.77102327346802,0,6.19555152695755,0,5.48926138877869,0,0,0,0,0,0,0,108.802403117335,125.381553649902,99.6994756062825,193.471969604492,82.64387852805,107.805566515241,64.7022145589193,74.2419602530343,50.1854877471924,0,78.6307308197022,48.2009048461914,0,0,87.4365081787109,0,89.3830757141113,0,0,0,44.4469337463379,105.399871826172,85.6851406097412,0,0,0,0,88.2380699157715,94.385627746582,112.409034729004,0,4.65366411209106,0,3.29003917543512,27.8115406036377,0,81.5535659790039,73.9584727287292,119.219874064128,0,0,0,0,92.2640065686456,101.325860886347,84.5352576208896,118.647897992815,18.8168343163431,12.0366216478512,73.9838264878974,57.2613958161453,69.623779296875
23.7547980638651,18.6548197746277,24.4016914367676,35.2966381953313,0,55.1275188611901,0,0,61.8072093963623,25.7232670783997,0,0,0,0,0,0,25.0310402348227,25.5041348325075,0,0,47.946325302124,72.2324867248535,0,0,0,0,0,0,0,0,0,0,0,0,0,68.8254742877954,69.3609109860141,67.6931585832076,72.7883576681448,46.7711962686069,47.2274586192349,33.7501104812153,29.1457123066385,18.8027315372212,18.3710193634033,40.0380351439766,40.5540476849205,88.0694046020508,53.6401171003069,47.5317091941833,0,57.0097541809082,0,0,0,75.371342976888,40.5829912424088,51.3629025353326,0,59.0654335021973,0,0,56.1179470533735,56.508121100339,56.6185741424561,0,83.3658599853516,0,82.3686192830404,0,43.2297188895089,44.2419343275182,37.8961013418729,36.6810946583155,0,0,84.071418762207,0,56.4323395420775,60.1430331566117,42.2730958301613,43.3350173598745,19.1258023092505,23.6233618297274,34.2965297476869,24.9899077858545,22.5317097280336
0,0,0,0,0,9.78896003162738,0,0,0,0,0,3.22726513952485,0,0,0,0,0,0,0,0,0,0,0,0,0,0,0,0,0,0,0,0,0,0,0,15.6652563317962,0,3.59971156873201,0,28.3944355646769,0,43.9731551083651,0,0,0,9.51733061671257,0,60.2220573425293,41.7811164855957,45.3651712962559,0,3.97280466878736,0,0,0,0,72.9412956237793,17.598074944814,0,0,0,0,5.4922511766328,60.4128668043349,0,0,0,0,0,0,0,0,45.8592690361871,77.8085174560547,0,0,0,0,14.3652900075259,77.132080078125,14.8635624742856,78.0061416625977,9.79994104862213,0,21.472040141586,0,0
0,0,0,0,7.63106174554144,0,7.4497585556409,0,0,0,3.64047564353262,0,0,0,0,0,0,0,47.946325302124,0,0,0,0,0,0,0,0,0,0,0,0,0,0,0,0,0,7.37575144188426,0,8.77507652759552,0,0,0,0,0,0,0,16.6442967414856,0,0,0,0,0,9.96023600152198,0,0,0,5.19504047673324,0,0,0,0,0,0,7.67964378167024,0,0,0,0,0,0,0,0,0,9.62644592920939,0,0,0,0,0,5.83526524908749,0,9.94871614719259,5.29380067744676,0,6.043487307502,0,0
0,0,0,0,0,0,0,0,0,0,0,0,0,0,0,0,0,3.12466716766357,72.2324867248535,0,0,0,3.70619416236877,5.99842802136533,0,3.70535237102185,0,5.1256680574503,0,0,0,0,0,0,0,0,0,12.2182588754353,0,0,0,29.2406741055575,0,0,0,43.0797424316406,0,0,0,13.9183214705331,0,0,0,0,0,0,0,25.3858576629121,0,0,0,0,68.4336853027344,0,5.12795796404035,0,7.89618996020114,0,5.16914460659027,0,11.1945196935866,0,13.031222250217,0,0,0,0,0,0,107.933708190918,11.633972881725,0,4.7747843583841,2.95704364776611,24.0534717014858,0,0
0,0,0,0,0,0,0,0,0,0,0,0,0,0,0,0,4.351013365246,0,0,0,0,3.70619416236877,0,0,5.47976713134471,0,6.06975682097745,0,4.36763582229614,0,0,0,0,0,0,0,0,0,6.38201207218314,0,0,0,0,0,0,0,0,0,5.89882683561176,0,0,0,0,0,0,0,0,0,0,0,0,0,0,0,0,6.34232155966158,0,5.54216406847301,0,6.16042313400222,0,7.27913094483889,0,0,0,0,0,0,0,0,0,7.38764214600232,4.15392418097187,4.84164960043771,0,0,0
0,0,0,0,0,0,0,0,0,6.08717427391937,0,0,0,0,0,0,0,5.77102327346802,0,0,0,5.99842802136533,0,0,0,3.71472424810583,0,0,0,0,0,0,0,0,0,0,0,4.74410204589367,0,0,0,0,0,0,0,0,0,0,0,10.5577926105923,0,0,0,0,0,4.66982739111956,0,23.7805529236794,0,19.068137135999,0,6.95751459510238,0,0,7.68889916148679,0,5.48105962321443,0,6.67846840029364,0,14.0901874542236,0,0,0,0,0,0,0,0,0,8.26645721823482,0,6.5840489322489,0,9.41752825081348,0,0
0,0,0,0,0,0,0,0,4.79535381495953,0,0,0,0,0,3.18487660477801,0,5.23722086197291,0,0,0,0,0,5.47976713134471,0,0,0,3.0641699121757,0,0,0,0,0,0,0,0,0,0,0,4.0265061872719,0,0,0,0,0,0,0,0,0,0,0,0,0,0,0,4.07931259045234,0,19.5055685043335,0,0,0,11.5856113433838,0,0,0,0,5.31654434876564,0,4.54388773681041,0,3.99586885144012,0,11.6246309280396,0,0,0,0,0,0,0,0,0,5.08237710231688,4.29845056931178,0,5.71949608983665,0,0
0,0,0,0,0,0,0,0,0,0,0,0,0,0,0,3.96365478303697,0,6.19555152695755,0,0,0,3.70535237102185,0,3.71472424810583,0,0,0,4.41903505214425,0,0,0,0,0,0,0,0,0,0,0,0,0,0,0,0,0,0,0,0,0,0,0,0,0,0,0,0,0,20.0361708958944,0,13.8768714774739,0,4.51773408641965,0,0,7.40370575586955,0,8.04207867383957,0,6.3704161995747,0,5.0498197044645,0,0,0,0,0,0,0,63.0487823486328,0,0,0,2.74753069877625,0,0,0,0
0,0,0,0,0,0,0,0,3.18638173016635,0,0,0,0,0,0,0,2.95942705869675,0,0,0,0,0,6.06975682097745,0,3.0641699121757,0,0,0,0,0,0,0,0,0,0,0,0,0,0,0,0,0,0,0,0,0,0,0,0,0,0,0,0,0,0,0,0,0,0,0,0,0,0,0,0,9.0715998686277,0,3.67899334430695,0,3.75169982602886,0,3.87762158057269,0,0,0,0,0,0,0,0,0,0,3.69447700182597,0,0,0,0
0,0,0,0,0,0,0,0,0,0,0,0,0,3.47423798697335,0,0,0,5.48926138877869,0,0,0,5.1256680574503,0,0,0,4.41903505214425,0,0,0,3.94202260971069,0,0,0,0,0,0,0,3.10951839349209,0,0,0,0,0,0,0,0,0,0,0,0,0,0,0,0,0,0,0,0,0,4.831620915642,0,0,0,0,5.22816216945648,0,0,0,4.02958569526672,0,5.56536135948244,0,12.0739569664001,0,0,0,0,0,0,0,0,0,6.28344370826842,3.5952000617981,0,0,0
0,0,0,0,0,0,0,0,0,0,0,0,0,0,0,0,0,0,0,0,0,0,4.36763582229614,0,0,0,0,0,0,0,3.33929562568665,0,0,0,0,0,0,0,3.79309749603271,0,0,0,0,0,0,0,0,0,0,0,0,0,0,0,0,0,0,0,0,0,0,0,0,0,0,3.15206996767144,0,0,0,4.47696189747916,0,4.55946794946276,0,0,0,0,0,0,0,0,0,0,2.89431230227152,0,0,0,0
0,0,0,0,0,0,0,0,0,0,0,4.36001102740948,0,0,0,0,0,0,0,0,0,0,0,0,0,0,0,3.94202260971069,0,0,0,0,0,0,0,0,0,6.74431501248398,0,0,0,0,0,0,0,0,0,0,0,0,0,0,0,0,0,0,0,3.15611108144124,0,0,0,0,0,0,0,0,0,0,0,0,3.42402696609497,0,8.06708979685056,0,0,0,0,0,0,0,6.31536675710876,0,0,0,0,0,0
0,0,0,0,0,0,0,0,0,0,0,0,0,0,0,0,0,0,0,0,0,0,0,0,0,0,0,0,3.33929562568665,0,0,0,0,0,0,0,0,0,3.10519742965698,0,0,0,0,0,0,0,0,0,0,0,0,0,0,0,0,0,7.58963298797607,0,0,0,0,0,0,0,0,0,0,0,0,0,0,5.03614522117415,0,3.24901128386309,0,0,0,0,0,0,0,4.76974049636296,0,0,0,0,0
0,0,0,0,0,0,0,0,0,0,0,0,0,0,0,0,0,0,0,0,0,0,0,0,0,0,0,0,0,0,0,0,4.40764430207266,8.86414051055908,4.25627344846725,2.99011831270175,0,0,0,0,0,0,0,0,0,0,0,5.09046035178206,0,0,0,0,0,0,0,0,0,0,0,0,0,0,0,0,0,0,0,0,0,0,0,0,0,0,5.58614875436458,4.87035101773788,3.96840390563011,0,5.61499469800103,0,0,0,4.11497742547764,0,0,0,0
0,0,0,0,0,0,0,0,0,0,0,0,0,0,0,0,0,0,0,0,0,0,0,0,0,0,0,0,0,0,0,4.40764430207266,0,4.06714952619452,6.57328319549561,3.25959097014533,3.0934752074499,0,0,0,0,0,0,0,0,0,0,4.44599530911559,5.90669298171997,0,0,0,0,0,0,0,0,0,0,0,0,0,0,0,0,0,0,0,0,0,0,0,0,0,5.34000694124322,5.13880732254491,5.60245136618614,10.587005683354,17.5966782569885,10.9888893882912,0,0,3.98828572288473,0,0,0,0
0,0,0,0,0,0,0,0,0,0,0,0,0,0,0,0,0,0,0,0,0,0,0,0,0,0,0,0,0,0,0,8.86414051055908,4.06714952619452,0,5.1939603687513,4.95776246046072,13.7312173843384,5.19967133747904,0,0,0,0,0,0,0,0,0,5.00949941148842,0,12.2319469451904,0,0,0,0,0,0,0,0,0,0,0,0,0,0,0,0,0,0,0,0,0,0,0,0,6.65744549359462,0,4.15970563702597,4.36742144558817,11.2209117495965,0,4.84039185365615,0,4.53067332979233,0,45.7818508148193,0,0
0,0,0,0,0,0,0,0,0,0,0,0,0,0,0,0,0,0,0,0,0,0,0,0,0,0,0,0,0,0,0,4.25627344846725,6.57328319549561,5.1939603687513,0,0,9.29246968426004,0,5.18780111011706,0,0,0,0,0,0,0,0,4.92765835312194,3.94233299437023,0,0,0,0,0,0,0,0,0,0,0,0,0,0,0,0,0,0,0,0,0,0,0,0,0,4.89279353618622,7.05785551119824,5.28994373979553,5.28060044896339,0,9.61065283499454,0,8.36458769650526,3.7774303595225,2.73276162147522,0,0,0
0,0,0,41.2962385813395,0,34.2477981288259,0,0,0,0,0,0,0,0,0,0,109.144593200684,108.802403117335,68.8254742877954,15.6652563317962,0,0,0,0,0,0,0,0,0,0,0,2.99011831270175,3.25959097014533,4.95776246046072,0,0,5.1644150608837,8.00839570326298,0,46.6099951062884,125.149425506592,55.4053674048566,106.415618896484,59.7260035464638,0,26.1981765043617,95.7795639038086,18.6623675993511,26.664316813151,27.6008634449523,0,71.9054796695709,0,0,0,0,0,72.3937875869426,0,74.1670150756836,0,0,30.3345273189117,0,0,0,0,0,93.6756540934245,0,86.8951009114583,0,79.9502130146899,180.681823730469,9.14253290190081,0,17.4300363874435,0,9.99437336705063,61.3331525444984,14.5634890252741,0,20.8933980501646,80.7843704223633,58.0804839951109,49.7387494783144,0
63.7169799804688,0,0,0,55.3449327150981,0,0,0,81.7317047119141,0,2.95789003372192,0,0,0,0,0,102.688803728889,125.381553649902,69.3609109860141,0,7.37575144188426,0,0,0,0,0,0,0,0,0,0,0,3.0934752074499,13.7312173843384,9.29246968426004,5.1644150608837,0,0,6.89311078792681,0,60.0310998492771,105.643795013428,62.4392155965169,0,0,0,34.8112104870626,12.184674832556,27.6127196993147,109.226829528809,32.009147644043,0,0,0,0,0,77.6775970458984,112.50904083252,0,0,0,0,152.360992431641,27.9725231780273,0,0,0,0,0,0,0,111.807454427083,0,77.4512710571289,0,6.82597183528012,0,11.5880879595602,28.1714924797416,9.22163018830298,127.369651794434,10.4343571829029,22.6692356040008,3.66018906392549,46.3798994134212,0,57.3017463684082
0,0,0,0,0,0,0,0,0,9.67806840825964,0,4.67754006385803,0,0,0,0,105.576675415039,99.6994756062825,67.6931585832076,3.59971156873201,0,12.2182588754353,0,4.74410204589367,0,0,0,3.10951839349209,0,6.74431501248398,0,0,0,5.19967133747904,0,8.00839570326298,0,0,0,0,0,64.0180444156422,0,64.606019337972,0,40.7378174918039,0,8.76400657494863,0,7.40368359509041,0,0,0,0,0,12.8329369443836,0,15.2282870829105,0,0,0,0,11.9547174697699,0,9.61164017792406,0,7.85287781964953,0,20.2071539560954,0,32.2698554992676,0,9.47819372258096,0,0,0,6.15564574809433,0,14.7381627340929,141.741806030273,7.07249971678074,4.02096319198608,9.12895107269287,3.59511017799377,11.932524212547,54.0265096028646,0
0,0,0,0,0,0,0,0,4.4235258102417,0,3.12465753398099,0,0,0,0,0,0,193.471969604492,72.7883576681448,0,8.77507652759552,0,6.38201207218314,0,4.0265061872719,0,0,0,3.79309749603271,0,3.10519742965698,0,0,0,5.18780111011706,0,6.89311078792681,0,0,0,76.5177593231201,0,61.7319213910536,0,0,0,43.4729592853122,12.9389871120453,7.0266237689488,0,0,0,0,0,9.93729390547826,0,3.82495013503141,0,0,0,0,0,0,24.8011041400939,0,6.0624334585099,0,7.91594345055654,0,0,0,4.39025817977058,0,54.9662603855133,0,0,0,11.1192320655374,0,13.864293962024,0,6.44269043230543,7.39501848126535,69.2280578613281,8.66207776364592,0,0
0,0,0,45.0089639027913,0,47.3213814629449,0,0,0,0,0,0,0,0,0,0,85.5414639986478,82.64387852805,46.7711962686069,28.3944355646769,0,0,0,0,0,0,0,0,0,0,0,0,0,0,0,46.6099951062884,0,0,0,0,74.7170314788818,27.1770611865632,45.2383602687291,35.5872847394245,0,17.9070138557284,0,16.0648841079401,0,18.2459841783715,0,60.0029029846191,0,0,0,0,0,51.2093188341926,0,68.1395950317383,0,0,27.2951263996863,44.2128353118896,66.696647644043,0,0,0,0,0,0,0,65.5323151482476,0,0,0,0,0,16.1626645500487,108.315110206604,46.1346964396928,0,57.8434275920574,51.7811988830566,25.2081018501382,24.4540195913123,0
63.3071022033691,0,34.3937683105469,0,77.5886459350586,0,0,0,0,0,0,0,0,0,0,0,71.741812286377,107.805566515241,47.2274586192349,0,0,0,0,0,0,0,0,0,0,0,0,0,0,0,0,125.149425506592,60.0310998492771,0,76.5177593231201,74.7170314788818,0,60.7099189758301,27.0015239578027,76.5872468948364,32.5342321395874,129.244491577148,18.9281008161347,27.8449683189392,9.85580785945058,0,0,0,0,0,0,0,49.8808441162109,59.1126670837402,0,0,0,0,0,27.7753652619921,0,0,0,0,0,0,0,0,0,55.8388357162476,0,0,0,0,98.2521797180176,19.2699259065446,98.4585876464844,61.1346790362627,59.3513288497925,52.2588882446289,22.3747128002869,0,23.6779594054589
70.3379287719727,19.6499018911588,0,31.0979955885145,0,54.974038197444,0,0,0,5.88635301589966,0,0,0,0,0,0,79.333487701416,64.7022145589193,33.7501104812153,43.9731551083651,0,29.2406741055575,0,0,0,0,0,0,0,0,0,0,0,0,0,55.4053674048566,105.643795013428,64.0180444156422,0,27.1770611865632,60.7099189758301,0,13.9680407746085,29.8315590638381,0,33.9133727510097,0,12.9020523405075,0,13.7229969098018,0,50.3880002468447,0,0,0,44.8061623573303,86.2757797241211,23.2546692953854,0,38.0038293909144,0,23.8876870473226,39.1803089752349,81.0677040100098,39.2202591529259,0,30.0175453186035,0,36.7179963588715,0,25.9579942794073,110.313865661621,18.5088032662869,0,38.4955558776855,0,43.0002981821696,0,35.2897225667512,83.3963226590838,32.169599044059,63.7189598083496,20.6219558973233,36.2926878247942,20.1979387295849,11.4038863492098,0
24.5357707230941,0,28.3068725864093,0,43.5186725415682,79.1854133605957,0,0,18.0474500750864,0,0,0,0,0,0,0,58.9093461328623,74.2419602530343,29.1457123066385,0,0,0,0,0,0,0,0,0,0,0,0,0,0,0,0,106.415618896484,62.4392155965169,0,61.7319213910536,45.2383602687291,27.0015239578027,13.9680407746085,0,44.3813934326172,0,68.8884906768799,15.002969935193,10.2356118830768,13.1720468559715,0,66.2596282958984,0,0,0,38.7639956474304,0,23.5360588636048,82.241200764974,0,92.5638122558594,0,0,77.101879119873,32.1288486322863,0,0,0,11.9343073368073,0,34.4090609550476,0,28.9692664816976,0,24.4523633899525,0,0,0,0,63.5723389712247,35.8892112790212,92.5070648193359,43.2054738432305,19.0590123956426,37.4054039546422,17.9642258978659,0,12.0295431627223
0,0,0,0,0,0,0,0,0,0,0,0,0,0,0,0,57.5391054789225,50.1854877471924,18.8027315372212,0,0,0,0,0,0,0,0,0,0,0,0,0,0,0,0,59.7260035464638,0,64.606019337972,0,35.5872847394245,76.5872468948364,29.8315590638381,44.3813934326172,0,0,25.4293874104818,0,0,0,38.9951515197754,0,0,0,0,0,36.2466659545898,0,56.417444229126,0,0,0,0,35.1115553114149,0,0,0,0,0,0,0,0,0,43.000895690918,0,0,0,0,0,41.5389861163674,62.2585345181552,39.0416381094191,66.276725769043,46.3618739031363,43.7104263305664,16.7868236461318,28.2809797525406,0
0,0,0,0,0,0,0,0,0,0,0,0,0,0,0,0,0,0,18.3710193634033,0,0,0,0,0,0,0,0,0,0,0,0,0,0,0,0,0,0,0,0,0,32.5342321395874,0,0,0,0,0,0,0,0,0,0,0,0,0,0,0,0,0,0,0,0,0,0,0,0,0,0,0,0,0,0,0,0,0,0,0,0,0,0,45.4323852539062,0,38.3199272155762,27.32417345047,0,6.09355075018747,0,0
0,0,0,13.0128079482487,0,28.5596092686509,0,0,0,0,0,0,0,0,0,0,104.433109283447,78.6307308197022,40.0380351439766,9.51733061671257,0,43.0797424316406,0,0,0,0,0,0,0,0,0,0,0,0,0,26.1981765043617,0,40.7378174918039,0,17.9070138557284,129.244491577148,33.9133727510097,68.8884906768799,25.4293874104818,0,0,0,36.675821849278,33.9555387496948,29.894376718081,0,30.0898405456543,0,0,0,17.7192630767822,63.8450355529785,28.8820127300594,0,31.508004506429,0,0,7.53347093836246,0,41.984489440918,0,0,0,0,0,0,0,32.3709478378296,0,0,0,0,0,25.2017797367739,82.8307100931803,17.5488159807021,66.5517730712891,27.5112464526468,0,18.6868517147545,24.3066493670146,94.4285049438477
43.540776570638,0,24.5234504699707,0,33.124119758606,0,0,0,35.6100950241089,0,16.1147813796997,0,0,0,0,0,44.2477874755859,48.2009048461914,40.5540476849205,0,16.6442967414856,0,0,0,0,0,0,0,0,0,0,0,0,0,0,95.7795639038086,34.8112104870626,0,43.4729592853122,0,18.9281008161347,0,15.002969935193,0,0,0,0,0,15.5584086618925,0,0,47.8810997009277,0,0,36.252560933431,0,25.3769116997719,44.4746284484863,0,0,0,0,38.4643936157227,12.9633508821762,0,0,0,0,0,50.6292266845703,0,45.5483176287483,0,24.4533945425057,0,0,0,0,0,34.2003942012451,0,18.7505366352444,28.8326761372884,0,17.3949368407471,0,25.7549209594727
0,0,0,0,55.4058456420898,63.8513692220052,0,0,0,0,0,0,0,0,0,0,0,0,88.0694046020508,60.2220573425293,0,0,0,0,0,0,0,0,0,0,0,5.09046035178206,4.44599530911559,5.00949941148842,4.92765835312194,18.6623675993511,12.184674832556,8.76400657494863,12.9389871120453,16.0648841079401,27.8449683189392,12.9020523405075,10.2356118830768,0,0,36.675821849278,0,0,8.67124236419457,9.99936117519852,0,71.0592393875122,0,0,0,0,0,66.7375022888184,0,0,0,0,39.1730614900589,43.0585549672445,0,0,0,0,0,0,0,0,0,0,7.30327832182749,6.85281439656917,4.71723905603091,4.46039652208427,9.51076502044359,7.59971967414714,7.74815721628143,8.84059760190438,7.44724191102003,0,10.2912063197255,0,0
6.26445721585289,0,14.2894799232483,0,27.3859384059906,54.4818572998047,0,0,12.2370803189832,0,0,0,0,0,0,0,129.106628417969,0,53.6401171003069,41.7811164855957,0,0,5.89882683561176,0,0,0,0,0,0,0,0,0,5.90669298171997,0,3.94233299437023,26.664316813151,27.6127196993147,0,7.0266237689488,0,9.85580785945058,0,13.1720468559715,0,0,33.9555387496948,15.5584086618925,8.67124236419457,0,9.77236595153809,17.6900463104248,52.2951622009277,0,0,4.67225829037753,0,10.6762761322657,42.8472099304199,4.30842290605818,0,3.70543775075599,0,0,36.2845311232016,0,5.17614830346227,0,10.3364056650099,0,4.88425863209893,0,7.64114784453967,0,10.4374790921237,0,3.69652533531189,0,3.18920655250549,80.7850427627563,14.6587981220105,0,6.73863037057969,11.0214417522927,0,12.5361931790225,103.216842651367,32.4527409871419
0,5.92245691897822,0,13.914269890104,0,48.8322567317797,0,0,0,3.04102441242763,0,0,0,0,0,0,120.382781982422,87.4365081787109,47.5317091941833,45.3651712962559,0,13.9183214705331,0,10.5577926105923,0,0,0,0,0,0,0,0,0,12.2319469451904,0,27.6008634449523,109.226829528809,7.40368359509041,0,18.2459841783715,0,13.7229969098018,0,38.9951515197754,0,29.894376718081,0,9.99936117519852,9.77236595153809,0,0,47.7874079754478,0,0,0,36.5101869901021,0,11.2322759408353,0,10.3753214289502,0,3.82444414278356,41.3965398073196,0,17.2471701093942,0,9.48892321971932,0,12.0874462367145,0,8.11680444081624,0,5.88997456371384,0,0,18.387767791748,0,0,12.5540750327954,35.5644709723336,7.13921468483928,60.6122398376465,12.3497982220115,0,10.8863841398957,42.9317280451457,0
17.9235067367554,0,10.9849271774292,0,4.85088128869126,0,4.5349702494485,0,13.5193366270799,0,6.33004379272461,0,0,0,0,0,0,0,0,0,0,0,0,0,0,0,0,0,0,0,0,0,0,0,0,0,32.009147644043,0,0,0,0,0,66.2596282958984,0,0,0,0,0,17.6900463104248,0,0,0,3.79983822075096,0,6.23131740388791,0,4.28318401690452,0,4.51665191089406,0,3.66328573226929,0,0,5.98926655451457,0,0,0,0,0,0,0,0,0,0,0,0,0,0,0,0,0,0,6.86153011322021,0,3.95982907158988,0,0
0,14.8511959075928,0,11.9459817977179,0,4.52814994258528,0,3.46797734498978,0,37.675708770752,0,0,0,6.47246726353963,0,2.82238702774048,105.745658874512,89.3830757141113,57.0097541809082,3.97280466878736,0,0,0,0,0,0,0,0,0,0,0,0,0,0,0,71.9054796695709,0,0,0,60.0029029846191,0,50.3880002468447,0,0,0,30.0898405456543,47.8810997009277,71.0592393875122,52.2951622009277,47.7874079754478,0,0,0,3.03259913921356,0,0,82.4547068277995,7.11142121183461,0,7.3133647441864,0,5.05525898188353,13.5401055332744,72.0535744561089,0,0,0,0,0,0,50.2182235717773,0,44.7009344100952,93.529541015625,0,0,0,0,42.9497132941858,92.2385609944661,55.8090031941732,0,55.9091942548752,0,27.0211984353829,57.5070838928223,0
0,0,0,0,4.51981146415968,0,4.61767873515087,0,0,0,4.7394093698406,0,0,0,0,0,0,0,0,0,9.96023600152198,0,0,0,0,0,0,0,0,0,0,0,0,0,0,0,0,0,0,0,0,0,0,0,0,0,0,0,0,0,3.79983822075096,0,0,0,0,0,4.19129787988899,0,0,0,0,0,0,0,0,0,0,0,0,0,0,0,0,0,0,0,0,0,0,0,0,0,6.59606688363211,0,0,0,0
0,0,0,0,0,3.3698410647256,0,4.47490290036568,0,0,0,4.54858933113239,0,0,0,0,0,0,0,0,0,0,0,0,0,0,0,0,0,0,0,0,0,0,0,0,0,0,0,0,0,0,0,0,0,0,0,0,0,0,0,3.03259913921356,0,0,0,0,0,4.41271040314122,0,0,0,0,15.1267204284668,0,0,0,0,0,0,0,0,0,0,0,0,0,0,0,0,0,0,0,0,0,7.77475690841675,0,0
6.17579817918781,0,11.800338045756,0,7.32912646469317,0,0,0,4.7089947403564,0,0,0,0,0,0,0,0,0,0,0,0,0,0,0,4.07931259045234,0,0,0,0,0,0,0,0,0,0,0,0,0,9.93729390547826,0,0,0,38.7639956474304,0,0,0,36.252560933431,0,4.67225829037753,0,6.23131740388791,0,0,0,0,0,42.9178428649902,0,0,0,5.43195618741653,0,0,0,0,0,0,4.12234755725395,0,3.99471521377563,0,53.779390335083,0,48.6680187225342,0,0,0,0,0,0,0,8.26428535469459,8.02508020553833,0,18.9678500284914,0,0
0,5.27703337782905,0,6.43663198607309,0,0,0,0,0,4.68883350414962,0,0,0,0,0,3.22768335188589,0,44.4469337463379,75.371342976888,0,0,0,0,4.66982739111956,0,0,0,0,0,0,0,0,0,0,0,0,0,12.8329369443836,0,0,0,44.8061623573303,0,36.2466659545898,0,17.7192630767822,0,0,0,36.5101869901021,0,0,0,0,0,0,0,40.7990837097168,0,0,0,8.30646339006591,69.4628448486328,0,0,0,6.1612369835086,0,0,0,0,0,0,0,0,0,0,0,0,0,12.0467412524364,0,5.02950998714992,0,17.3005796100782,0,0
8.98452615737915,0,29.2072110609575,78.4361724853516,8.6976501305898,83.9509201049805,5.00429778574678,0,0,0,6.68371978771047,0,5.09011366788079,0,15.5177173614502,0,0,105.399871826172,40.5829912424088,72.9412956237793,5.19504047673324,0,0,0,19.5055685043335,0,0,0,0,0,7.58963298797607,0,0,0,0,0,77.6775970458984,0,3.82495013503141,0,49.8808441162109,86.2757797241211,23.5360588636048,0,0,63.8450355529785,25.3769116997719,0,10.6762761322657,0,4.28318401690452,82.4547068277995,4.19129787988899,0,42.9178428649902,0,0,81.0080655415853,7.40071493076033,82.4450378417969,13.5104147378652,0,71.9901504516602,9.28173430424122,0,22.6615123748779,0,20.2041779568321,0,15.0895462581354,0,8.00550574445564,0,7.60667757569354,0,0,0,0,0,60.5670968541559,0,17.9801271452623,37.7124994740342,0,11.2198012551401,0,20.1091127973614
0,6.50010103030796,0,19.0960442111606,0,23.6359086036682,0,4.43784738243173,0,29.846715927124,0,6.43337055549253,0,0,0,0,100.089163208008,85.6851406097412,51.3629025353326,17.598074944814,0,25.3858576629121,0,23.7805529236794,0,20.0361708958944,0,0,0,3.15611108144124,0,0,0,0,0,72.3937875869426,112.50904083252,15.2282870829105,0,51.2093188341926,59.1126670837402,23.2546692953854,82.241200764974,56.417444229126,0,28.8820127300594,44.4746284484863,66.7375022888184,42.8472099304199,11.2322759408353,0,7.11142121183461,0,4.41271040314122,0,40.7990837097168,81.0080655415853,0,0,8.66473684951306,0,9.18953000137963,20.7787025312019,68.9696623604253,26.0520040988922,0,19.1473310938421,0,18.3196165951654,0,11.0216060471289,88.1373774210612,8.56468010338091,86.4508912828233,0,0,0,0,51.5360687132624,85.8341766357422,16.1766604144654,114.184150695801,25.02871556586,32.7339949607849,20.1019976278683,20.0756274792327,0
0,0,2.78334623575211,0,6.6470915545588,0,0,0,0,0,2.94320952892303,0,5.25546708703041,0,5.9370479125243,0,0,0,0,0,0,0,0,0,0,0,0,0,0,0,0,0,0,0,0,0,0,0,0,0,0,0,0,0,0,0,0,0,4.30842290605818,0,4.51665191089406,0,0,0,0,0,7.40071493076033,0,0,0,6.61421119808639,0,0,13.4135341644287,0,0,0,15.487193018198,0,10.2261612719678,0,4.72358450841744,0,0,0,0,0,0,0,0,0,0,0,0,7.36947090872403,0,0
0,6.1381894458424,0,6.12525796890259,0,5.42169689635436,0,5.08476622481095,0,0,0,0,0,5.52639635493246,0,4.61988976422478,90.6990737915039,0,59.0654335021973,0,0,0,0,19.068137135999,0,13.8768714774739,0,4.831620915642,0,0,0,0,0,0,0,74.1670150756836,0,0,0,68.1395950317383,0,38.0038293909144,92.5638122558594,0,0,31.508004506429,0,0,0,10.3753214289502,0,7.3133647441864,0,0,0,0,82.4450378417969,8.66473684951306,0,0,0,5.45684204625961,36.2164360347547,73.4659591674805,34.141583442688,0,16.8773188018799,0,11.1903602865273,0,7.84423260500296,0,40.5773328145345,0,0,0,0,0,52.6343539311336,0,46.2903582255046,0,9.28274548495257,0,23.8315245170219,34.4647254943848,0
6.36753036375759,0,0,0,0,0,0,0,7.82020244699843,0,0,0,0,0,3.40257830089993,0,6.10759028792381,0,0,0,0,0,0,0,11.5856113433838,0,0,0,0,0,0,0,0,0,0,0,0,0,0,0,0,0,0,0,0,0,0,0,3.70543775075599,0,3.66328573226929,0,0,0,5.43195618741653,0,13.5104147378652,0,6.61421119808639,0,0,0,0,0,0,0,0,11.3232856170373,0,6.73457818869457,0,5.27103233337402,0,0,0,0,0,0,0,0,0,0,0,0,12.2929236094157,0,0
0,5.83962614296456,0,5.42260707508434,0,5.86499201349851,0,0,0,5.63902917115585,0,0,0,2.95190888643265,0,4.66419976050394,0,0,0,0,0,0,0,6.95751459510238,0,4.51773408641965,0,0,0,0,0,0,0,0,0,0,0,0,0,0,0,23.8876870473226,0,0,0,0,0,0,0,3.82444414278356,0,5.05525898188353,0,0,0,8.30646339006591,0,9.18953000137963,0,5.45684204625961,0,0,50.107780456543,0,27.9716663360596,0,7.18826397465121,0,3.99031355551311,0,0,0,44.4121780395508,0,0,0,0,0,62.664176940918,0,0,0,3.06686478276407,0,16.6312080792018,0,0
0,0,0,59.1447257995605,0,16.1929042066974,0,0,0,0,0,5.28019438039011,0,0,0,0,101.899352073669,88.2380699157715,56.1179470533735,5.4922511766328,0,68.4336853027344,0,0,0,0,0,0,0,0,0,0,0,0,0,30.3345273189117,152.360992431641,11.9547174697699,0,27.2951263996863,0,39.1803089752349,77.101879119873,35.1115553114149,0,7.53347093836246,38.4643936157227,39.1730614900589,0,41.3965398073196,0,13.5401055332744,0,15.1267204284668,0,69.4628448486328,71.9901504516602,20.7787025312019,0,36.2164360347547,0,50.107780456543,0,60.3274083818708,53.1691174507141,0,0,0,49.0998628515946,87.1823043823242,31.132449772047,93.8904113769531,25.6191966794382,0,0,0,0,0,20.3737782686027,114.265424092611,16.3698717343778,0,37.8301899159277,81.2264823913574,24.7196788165149,30.9509237729586,0
0,0,30.5939922332764,0,11.5083572303548,70.1992904663086,6.36807643175125,0,0,0,5.82760795850432,0,0,0,0,0,162.67707824707,94.385627746582,56.508121100339,60.4128668043349,7.67964378167024,0,0,0,0,0,0,0,0,0,0,0,0,0,0,0,27.9725231780273,0,24.8011041400939,44.2128353118896,27.7753652619921,81.0677040100098,32.1288486322863,0,0,0,12.9633508821762,43.0585549672445,36.2845311232016,0,5.98926655451457,72.0535744561089,0,0,0,0,9.28173430424122,68.9696623604253,13.4135341644287,73.4659591674805,0,0,60.3274083818708,0,0,0,0,29.9224925041199,0,27.7155673980713,0,24.6735920526765,93.1040344238281,17.9914295420589,0,0,0,0,133.545621236165,22.7987484144591,80.8297271728516,13.259298920359,27.1868509443439,0,16.0980155036699,74.3509292602539,16.2527932061089
0,0,0,0,0,0,0,0,0,0,0,0,0,0,0,0,0,112.409034729004,56.6185741424561,0,0,5.12795796404035,0,7.68889916148679,0,7.40370575586955,0,5.22816216945648,0,0,0,0,0,0,0,0,0,9.61164017792406,0,66.696647644043,0,39.2202591529259,0,0,0,41.984489440918,0,0,0,17.2471701093942,0,0,0,0,0,0,0,26.0520040988922,0,34.141583442688,0,27.9716663360596,53.1691174507141,0,0,0,9.83948476790347,0,14.0205627839957,0,14.9790510545517,0,15.7972936618787,111.031700134277,0,0,0,0,83.0187210083008,0,7.56619659580322,0,6.96470931724266,8.88945802052816,40.1977718989054,0,0
0,0,0,0,0,0,0,0,0,0,0,0,0,0,0,0,3.62397987492706,0,0,0,0,0,6.34232155966158,0,5.31654434876564,0,9.0715998686277,0,3.15206996767144,0,0,0,0,0,0,0,0,0,6.0624334585099,0,0,0,0,0,0,0,0,0,5.17614830346227,0,0,0,0,0,0,0,22.6615123748779,0,0,0,0,0,0,0,0,0,0,4.41885443167253,0,6.20488597548571,0,4.70995962600859,0,0,0,0,0,0,0,0,0,5.93030562992356,5.16817279672816,0,0,0,0
0,12.874566192627,0,0,0,0,0,0,0,7.28812243227373,0,0,0,0,0,0,0,4.65366411209106,83.3658599853516,0,0,7.89618996020114,0,5.48105962321443,0,8.04207867383957,0,0,0,0,0,0,0,0,0,0,0,7.85287781964953,0,0,0,30.0175453186035,0,0,0,0,0,0,0,9.48892321971932,0,0,0,0,0,6.1612369835086,0,19.1473310938421,0,16.8773188018799,0,7.18826397465121,0,0,9.83948476790347,0,0,0,5.95378460658294,0,10.7386357191518,0,18.6649282895602,0,0,0,0,0,68.8916969299316,0,6.90705534922771,0,5.39848474467673,0,12.1933112555143,31.2973155975342,0
15.0298838615417,0,0,0,0,0,0,0,0,0,0,0,0,0,0,0,3.27598776640715,0,0,0,0,0,5.54216406847301,0,4.54388773681041,0,3.67899334430695,0,0,0,0,0,0,0,0,0,0,0,7.91594345055654,0,0,0,11.9343073368073,0,0,0,0,0,10.3364056650099,0,0,0,0,0,4.12234755725395,0,20.2041779568321,0,15.487193018198,0,11.3232856170373,0,0,29.9224925041199,0,4.41885443167253,0,0,0,5.31618700180054,0,11.4415699237238,0,0,0,0,0,0,0,0,0,7.37753152102232,7.0868181841714,0,10.6366334748964,0,0
0,0,0,0,0,0,0,0,0,0,0,0,0,0,0,3.35092644890149,0,3.29003917543512,82.3686192830404,0,0,5.16914460659027,0,6.67846840029364,0,6.3704161995747,0,4.02958569526672,0,0,0,0,0,0,0,93.6756540934245,0,20.2071539560954,0,0,0,36.7179963588715,0,0,0,0,0,0,0,12.0874462367145,0,0,0,0,0,0,0,18.3196165951654,0,11.1903602865273,0,3.99031355551311,49.0998628515946,0,14.0205627839957,0,5.95378460658294,0,0,0,10.2166752758609,0,22.123539191026,0,0,0,0,0,73.308837164016,174.206039428711,61.3007532755534,0,3.41420328617096,0,23.8930639398509,42.7904853820801,0
5.65692329406738,0,0,0,0,0,0,0,0,0,0,0,0,0,0,0,3.59415136443244,27.8115406036377,0,0,0,0,6.16042313400222,0,3.99586885144012,0,3.75169982602886,0,4.47696189747916,0,0,0,0,0,0,0,0,0,0,0,0,0,34.4090609550476,0,0,0,50.6292266845703,0,4.88425863209893,0,0,0,0,0,3.99471521377563,0,15.0895462581354,0,10.2261612719678,0,6.73457818869457,0,87.1823043823242,27.7155673980713,0,6.20488597548571,0,5.31618700180054,0,0,0,7.56418755015963,0,15.4018682479858,0,0,0,0,0,0,0,0,3.66235548257828,0,24.1957507133484,0,0
0,0,0,0,0,92.634521484375,0,0,0,0,0,0,0,9.35757475632888,0,0,0,0,43.2297188895089,0,0,11.1945196935866,0,14.0901874542236,0,5.0498197044645,0,5.56536135948244,0,3.42402696609497,0,0,0,0,0,86.8951009114583,0,32.2698554992676,0,0,0,25.9579942794073,0,0,0,0,0,0,0,8.11680444081624,0,50.2182235717773,0,0,0,0,0,11.0216060471289,0,7.84423260500296,0,0,31.132449772047,0,14.9790510545517,0,10.7386357191518,0,10.2166752758609,0,0,0,8.4049249535678,121.217384338379,0,0,0,0,61.3950864156087,125.971786499023,6.23171774078818,0,22.5539922195932,0,22.6031399794987,31.3587982177734,0
74.7724609375,0,39.0273030853271,0,55.4760160446167,95.2414703369141,0,0,49.6526565551758,0,0,0,0,0,0,0,0,81.5535659790039,44.2419343275182,0,0,0,7.27913094483889,0,11.6246309280396,0,3.87762158057269,0,4.55946794946276,0,5.03614522117415,0,0,0,0,0,111.807454427083,0,4.39025817977058,0,0,110.313865661621,28.9692664816976,0,0,0,45.5483176287483,0,7.64114784453967,0,0,0,0,0,53.779390335083,0,8.00550574445564,88.1373774210612,4.72358450841744,0,5.27103233337402,0,93.8904113769531,24.6735920526765,0,4.70995962600859,0,11.4415699237238,0,7.56418755015963,0,0,0,8.0366466738961,0,0,0,0,0,71.9091935028901,0,6.78145518287385,51.4599697657994,68.9385890960693,23.8601237138112,0,32.2144243452284
0,0,0,34.8802256584167,0,45.6553611755371,0,0,0,0,0,11.1308219600607,0,0,0,0,108.029037475586,73.9584727287292,37.8961013418729,45.8592690361871,0,13.031222250217,0,0,0,0,0,12.0739569664001,0,8.06708979685056,0,0,0,0,0,79.9502130146899,0,9.47819372258096,0,65.5323151482476,0,18.5088032662869,0,43.000895690918,0,32.3709478378296,0,0,0,5.88997456371384,0,44.7009344100952,0,0,0,0,0,8.56468010338091,0,40.5773328145345,0,44.4121780395508,25.6191966794382,93.1040344238281,15.7972936618787,0,18.6649282895602,0,22.123539191026,0,8.4049249535678,0,0,97.7182312011719,0,0,0,0,64.6843265978495,89.6436386108398,9.76236843450578,104.628829956055,59.6304472047989,35.5856819152832,19.6910820823175,21.5961212358977,0
0,0,34.2864914549158,0,47.6867556254069,87.2245559692383,0,0,51.4784448797053,0,4.5004200220108,0,0,0,0,0,83.2425765991211,119.219874064128,36.6810946583155,77.8085174560547,9.62644592920939,0,0,0,0,0,0,0,0,0,3.24901128386309,0,0,0,0,180.681823730469,77.4512710571289,0,54.9662603855133,0,55.8388357162476,0,24.4523633899525,0,0,0,24.4533945425057,0,10.4374790921237,0,0,93.529541015625,0,0,48.6680187225342,0,7.60667757569354,86.4508912828233,0,0,0,0,0,17.9914295420589,111.031700134277,0,0,0,0,15.4018682479858,121.217384338379,8.0366466738961,97.7182312011719,0,0,0,0,87.3054580688477,145.00016784668,64.0453689084416,108.313835144043,8.76536409349631,45.132934466902,33.6385746002197,24.2871847700933,0,23.7818743139505
0,0,0,0,0,0,0,0,0,0,0,0,0,0,0,0,0,0,0,0,0,0,0,0,0,0,0,0,0,0,0,5.58614875436458,5.34000694124322,6.65744549359462,4.89279353618622,9.14253290190081,0,0,0,0,0,38.4955558776855,0,0,0,0,0,7.30327832182749,0,0,0,0,0,0,0,0,0,0,0,0,0,0,0,0,0,0,0,0,0,0,0,0,0,0,0,18.6832400851779,5.51301458296909,0,6.98650746507618,21.2401885986328,0,0,6.05490257179036,0,61.7792663574219,0,0
0,0,0,0,0,0,0,0,0,0,0,0,0,0,0,0,0,0,0,0,0,0,0,0,0,0,0,0,0,0,0,4.87035101773788,5.13880732254491,0,7.05785551119824,0,6.82597183528012,0,0,0,0,0,0,0,0,0,0,6.85281439656917,3.69652533531189,18.387767791748,0,0,0,0,0,0,0,0,0,0,0,0,0,0,0,0,0,0,0,0,0,0,0,0,18.6832400851779,0,0,6.49145749400532,20.0080763244629,5.50138503326894,0,0,4.53198038079158,0,0,0,0
0,0,0,0,0,0,0,0,0,0,0,0,0,0,0,0,0,0,84.071418762207,0,0,0,0,0,0,0,0,0,0,0,0,3.96840390563011,5.60245136618614,4.15970563702597,5.28994373979553,17.4300363874435,0,6.15564574809433,0,0,0,43.0002981821696,0,0,0,0,0,4.71723905603091,0,0,0,0,0,0,0,0,0,0,0,0,0,0,0,0,0,0,0,0,0,0,0,0,0,0,5.51301458296909,0,0,4.92157464946082,9.2196487847964,0,5.82683807730593,0,4.49738582453333,0,0,0,0
