0,0,8.4629432708025,0,0,0,0,0,6.1481695920229,0,0,0,0,0,41.7321905344725,0,1.28505408763885,0,46.403579056263,0,5.48855701088905,0,0,0,23.5026650875807,0,0,0,0,0,0,0,0,0,0,0,0.115502439439297,0,4.5810926258564,0,0,0,554.020505532622,0,0,0,0,0,101.22230386734,0,0,0,0,0,38.716023683548,0,104.32002030313,0,1.36565971374512,0,209.835046574473,0,0,1.89943060278893,0,0,0,0.478747501969337,0,0,0,1.95827785134315,0,81.5065629333258,0,0,0,0,0,0,0,0,6.85315728187561,0,662.558909624815,0,2.52234749495983
0,0,0,211.048406541348,0,0,0,0,0,406.724154755473,0,0,0,0,0,133.524810314178,0,0.524506688117981,8.77165620774031,0,0,0,0,0,0,0,0,0,0,0,0,0,0,0,0,0.297476217150688,0,0,0,5.35822127759457,0,1722.64493390918,0,0,0,0,0,0,0,189.122870497406,0,0,0,0,0,124.866039067507,0,41.428600564599,0,0,0,41.0715902000666,0,0,0,0,0,0,0.242234319448471,0,0.346258699893951,0,185.210131339729,0,0,0,0,0,1.96329499781132,0,0,0,222.533709652722,0,658.232694834471,3.34984548389912,0
8.4629432708025,0,0,0,0,0,0,0,87.1370243132114,0,0,0,0,0,11.1005266904831,0,0,0,0,0,0,0,0,0,0,0,0,0,0,0,0,0,0,0,0,0,0,0,0,0,0,0,9.27252516150475,0,0,0,0,0,77.0770597159863,0,380.823310345411,0,0,0,297.60305288434,0,58.7232735008001,0,33.9734035432339,0,278.003207266331,0,0,3.20922702550888,0,0,0,0,0,0,0,2.57822652161121,0,12.0672442018986,0,0,0,0,0,3.58002138137817,0,0,55.8909560889006,0,92.23170183599,0,0
0,211.048406541348,0,0,0,44.0933279395103,0,0,0,14.8952086269855,0,2.28749632835388,0,0,0,6.71300852298737,0,0,0,39.012786924839,0,0,0,0,0,0,0,0,0,0,0,0,0,0,0,163.028973042965,0,0,0,0.920691981911659,0,14.909012645483,0,0,0,0.377144634723663,0,0,0,423.588887900114,0,58.9106793105602,0,0,0,430.046507298946,0,5.46389600634575,0,0,0,231.126862511039,18.4138851165771,0,0,0,0,0,0,0,0,0,62.4623065590858,0,0,0,0,0,254.861368596554,0,0,0,344.324070349336,3.11460566520691,204.208447381854,0,0
0,0,0,0,0,0,0,0,2,0,0,0,0,0,0,0,0,0,0,0,0,0,0,0,0,0,0,0,0,0,0,0,0,0,0,0,0,0,0,0,0,0,0,0,0,0,0,0,0,0,0,0,0,0,0,0,0,0,0,0,0,0,0,0,0,0,0,0,0,0,0,0,0,0,0,0,0,0,0,0,0,0,228.762316644192,36.640557706356,3.65944540500641,0,0
0,0,0,44.0933279395103,0,0,0,0,0,0,0,2.46232581138611,0,0,0,0,0,0,0,10.0901806354523,0,0,0,0,0,0,0,0,0,0,0,0,0,0,0,2.70605397224426,0,0,0,0,0,0,0,0,0,0,0,0,0,0,0,4.00828576087952,0,0,0,0,0,0,0,66.2717016637325,0,7.15023690462112,0,0,0,0,0,0,0,0,0,0,0,0,0,0,0,0,0,0,0,0,211.898445054889,0,8.23770761489868,0,0
0,0,0,0,0,0,0,0,0,0,0,0,0,0,0,0,0,0,0,0,0,0,0,0,0,0,0,0,0,0,0,0,0,0,0,0,0.22655962407589,0,0,0,0,0,0,0,0,0,0,0,0,0,0,0,1,0,0,0,0,0,0,0,0,0,0,0,0,0,0,0,0,0,0,0,0,0,0,0,0,0,0,1.07137131690979,0,0,131.95642375946,2.6765992641449,0,0,0
0,0,0,0,0,0,0,0,0,0,0,1,0,25.7348099648952,0,0,0,0,0,0,0,0,0,0,0,0,0,0,0,0,0,0,0,0,0,0,0,0,0,0,0,0,0,0,0,0,0,0,0,0,0,0,0,13.5758334994316,0,0,0,3.04050087928772,0,133.595902085304,0,0,0,0,0,0,0,0,0,0,0,0,0,0,0,0,0,0,0,0,0,0,1.35926035046577,0,0,0,0
6.1481695920229,0,87.1370243132114,0,2,0,0,0,0,0,0,0,0,0,211.99412727356,0,54.2539322078228,0,8.24495105445385,0,0,0,0,0,87.7728977948427,0,0.632516622543335,0,0,0,0,0,0,0,0,0,0,0,51.0933596938848,0,0,0,26.1811474263668,0,0,0,0.125287503004074,0,6.66780924797058,0,0,0,0,0,654.676282122731,0,40.3342061638832,0,9.12989747524261,0,203.936844736338,0,0,2.10599678754807,0,0,0,111.907490700483,0,3.84100702404976,0,2.71237897872925,0,35.1269217431545,0,0,0,0,0,0.278216987848282,0,12.7600261718035,429.783033967018,11.9944273233414,68.2889017760754,0,6.33076959848404
0,406.724154755473,0,14.8952086269855,0,0,0,0,0,0,0,0,0,0,0,308.633384168148,0,74.0963144749403,0,0,0,0,0,28.691532574594,0,17.3618324995041,0,0,0,0,0,0,0,0,0,0,0,51.9752134680748,0,9.56939029693604,0,36.3831754028797,0,0,0,0.132762208580971,0,0,0,25.7220802754164,0,0,0,0,0,451.363691605628,0,0,0,0,0,91.439760223031,0,0,0,0,92.6387650221586,0,45.5630764961243,0,0,0,1.08696383237839,0,0,0,0,0,1.4533931016922,0,16.0500560253859,0,805.760406345129,51.0565423965454,53.2240481823683,0,0
0,0,0,0,0,0,0,0,0,0,0,0,78.5089247524738,0,0,0,0,0,0,0,457.479381918907,0,0,0,0,0,0,0,0,0,21.6153395175934,0,0,0,0,0,327.045468136668,0,307.483679622412,0,0,0,0,0,0,0,0,0,0.580636262893677,0,0,0,10,0,0,0,1600.07204182446,0,425.752108350396,0,0,0,0,12.8528911024332,0,0,0,0,0,0,0,11.9370083808899,0,61.2539386451244,0,0,0,0,0,16.8312247395515,0,1,132.457914501429,158.52591753006,5.10461795330048,0,0
0,0,0,2.28749632835388,0,2.46232581138611,0,1,0,0,0,0,0,618.644477009773,0,0,0,0,0,376.184052169323,0,0,0,0,0,0,0,452.34021872282,0,280.183924615383,0,0,0,0,0,165.797845050693,0,712.429432570934,0,0,0,0,0,0,0,0,0,0,0,0,0,0,0,0,0,0,0,1689.78234125674,0,964.332771956921,0,0,50.6852335035801,0,0,0,0,0,0,0,271.644982933998,0,12.2364100217819,0,0,0,0,0,3.4123493283987,0,0,0,81.9643096923828,0,0,0,0
0,0,0,0,0,0,0,0,0,0,78.5089247524738,0,0,0,80.9335922300816,0,0,0,0,0,0,0,0,0,0,0,0,0,0,0,0,0,0,0,0,0,0,0,0,0,0,0,0,0,0,0,0,0,1.07738077640533,0,0,0,0,0,0,0,202.771616019309,0,887.273369759321,0,17.6608625650406,0,0,0,0,0,0,0,0,0,0,0,0,0,0,0,0,0,0,0,0,0,133.208648681641,8.90298676490784,0,0,0
0,0,0,0,0,0,0,25.7348099648952,0,0,0,618.644477009773,0,0,0,0,0,0,0,0,0,0,0,0,0,0,0,60.9910855293274,0,0,0,0,0,0,0,0,0,0,0,0,0,0,0,0,0,0,0,0,0,0,0,0,0,121.802796006203,0,0,0,11.7321528494358,0,322.515436023474,0,0,0,0,0,0,0,0,0,0,0,0,0,0,0,0,0,0,0,0,0,0,0.361050397157669,0,0,0,0
41.7321905344725,0,11.1005266904831,0,0,0,0,0,211.99412727356,0,0,0,80.9335922300816,0,0,0,0,0,0,0,0,0,0,0,0,0,0,0,0,0,0,0,0,0,0,0,0,0,0,0,0,0,29.5743078663945,0,0,0,0,0,7.84838932752609,0,0,0,0,0,4.02322621643543,0,9.46290415525436,0,15.5939062833786,0,49.1093233674765,0,0,0,0,0,0,0.551256358623505,0,0,0,0,0,0.23089012503624,0,0,0,0,0,0,0,0,16.0046900361776,0,36.061175391078,0,0
0,133.524810314178,0,6.71300852298737,0,0,0,0,0,308.633384168148,0,0,0,0,0,0,0,37.1443794369698,0,0,0,0,0,1.16114796698093,0,0,0,0,0,0,0,0,0,0,0,0,0,0.858430340886116,0,0,0,5.99540790915489,0,0,0,0,0,0,0,40.2848387360573,0,0,0,0,0,20.5389165580273,0,0,0,8.29986584186554,0,163.070765048265,0,0,0,0,8.97919112443924,0,0,0,0,0,1.82333059608936,0,0,0,0,0,0,0,0.199233755469322,0,70.293448522687,0,6.07042741775513,0,0
1.28505408763885,0,0,0,0,0,0,0,54.2539322078228,0,0,0,0,0,0,0,0,16305.6753449813,6381.3047196418,0,3.11928325891495,138.738370113075,1269.52578100562,0,2.42935068905354,86.2307763844728,195.029311478138,0,0,0,0,0,0,0,0,9.30654805153608,6.43290438503027,0,0.21511597931385,53.0958889722824,1.8353069499135,66.6993472054601,293.583244346082,14.8863367587328,32.8881564885378,13.234085790813,328.421019144356,0,0.62098491191864,0,0,0,0,0,21.6684814244509,0,38.5497306585312,0.255152314901352,0,0,0,0,0,221.363161429763,3.47748459875584,147.750607773662,0,0.301783919334412,3.90029495954514,1.26679599285126,0,0.480064645409584,1.41913509368896,194.026196673512,0,0,0,0,24.9899912551045,443.356009736657,0,0.422548651695251,7007.07467001677,585.071135722101,920.759956739843,37.1838251650333,271.097925186157
0,0.524506688117981,0,0,0,0,0,0,0,74.0963144749403,0,0,0,0,0,37.1443794369698,16305.6753449813,0,2624.48904936016,0,0,398.871234484017,273.73072950542,2.81118251383305,1.61310151219368,380.669117555022,17.7504302561283,0,0,0,0,0,0,0,0,12.2397257611156,0.35805906355381,1.71772663295269,0,221.463550783694,0,384.840521886945,35.5133710801601,26.6332317888737,2.83978633582592,51.9561345726252,63.1010593920946,0,0,0,0,0,0,0,0,2.41524249315262,0,0.43247589468956,0,0,0,0,6.06695576757193,10.8453391343355,83.8173542842269,1.70400352776051,0.344508305191994,0,36.8264920115471,0,0,0,6.66157972812653,1.2972227036953,0,0,0,0,120.387138515711,45.2407603487372,0.292959347367287,0,8334.73289618641,667.358146011829,460.135256633162,217.013303443789,19.9912988916039
46.403579056263,8.77165620774031,0,0,0,0,0,0,8.24495105445385,0,0,0,0,0,0,0,6381.3047196418,2624.48904936016,0,0,6.0096997320652,4.0391534268856,5.5982644110918,0,0,0.232483714818954,0,0,0,0,0,0,0,0,0,44.8315124809742,4.95042578876019,0,0,1081.19324510545,8.52974990010262,2045.75942181051,503.732693292201,107.305616728961,84.7550699412823,340.532783918083,1074.77001404017,0,0,3.7173053175211,0,0,0,0,0,0,36.8982265815139,16.9798445701599,0,0,0,0,40.536263667047,361.37683159858,0.247161507606506,0,0,0,0,0,0,0,171.976200923324,190.810739785433,0,0,0,0,572.705900460482,1169.46881240606,0,0,4100.56854500622,6.74512097239494,3691.76904002577,742.298715353012,495.850839182734
0,0,0,39.012786924839,0,10.0901806354523,0,0,0,0,0,376.184052169323,0,0,0,0,0,0,0,0,0,0,0,0,0,0,0,0,0,0,0,0,0,0,0,426.959652647376,0,43.8056150078773,0,0,0,0,0,0,0,0.149181753396988,0,0,0,0,0,9.26806545257568,0,0,0,0,0,68.3051460087299,0,0,0,0,1191.98865121603,0,0,0,0,0,0,0,0,0,0,0,0,0,0,0,53.8768028765917,0,0,0,135.145775079727,0,177.032449305058,0,0
5.48855701088905,0,0,0,0,0,0,0,0,0,457.479381918907,0,0,0,0,0,3.11928325891495,0,6.0096997320652,0,0,0,0,0,0,0,0,0,0,0,0,0,0,0,0,0,790.934666261077,0,126.301894307137,0,0,0,0.929364457726479,0,0,0,5.85120860487223,0,1.85857525467873,0,0,0,0,0,0,0,549.727127164602,0,0,0,0,0,0,1172.41587711126,0,0,0,0,0,0,0,0.193475365638733,0,66.5470144152641,0,0,0,0,0,146.690153874457,0,0,211.402196332812,0,30.8547166585922,0,0
0,0,0,0,0,0,0,0,0,0,0,0,0,0,0,0,138.738370113075,398.871234484017,4.0391534268856,0,0,0,19.799320563674,157.4422339499,0,133.841909110546,0,11,0,0,0,0,0,2.08860874176025,0,0,0,743.696067988873,38.1389045715332,1.31496012210846,0,0,0,0,0,0,0,31.3478561937809,0,184.96719764173,0,0,0,0,0,0,0,0,0,0,0,0,0,0,2891.41416986287,0.160720646381378,152.414303451777,0,18.5601234436035,0,3,0,0,0,0,0,3.5375862121582,0,0,0,663.909289717674,0,714.284686125815,4.07602222263813,3.85024906694889,0,0
0,0,0,0,0,0,0,0,0,0,0,0,0,0,0,0,1269.52578100562,273.73072950542,5.5982644110918,0,0,19.799320563674,0,0,197.263490438461,3.88687968254089,67.8123735636473,0,111.274702906609,0,0,0,0,0,0,0,0,0,1257.47001823783,0,0,0,0.278970807790756,0,0,0,0.185700625181198,0,174.564828366041,0,0,0,0,0,0,0,0,0,0,0,0,0,0,0,0.169041216373444,4150.19251401722,0,214.090103238821,0,0,0,240.002463877201,0,0,0,0,0,0,0,0,0,1515.86928142607,522.400192320347,132.936495825648,5.15633490681648,0,1.99718862771988
0,0,0,0,0,0,0,0,0,28.691532574594,0,0,0,0,0,1.16114796698093,0,2.81118251383305,0,0,0,157.4422339499,0,0,0,28.5432209968567,0,0,0,0,0,0,0,0,0,0,0,240.266049489379,0,0,0,0,0,0,0,0,0,3.65794816613197,0,6.61732894182205,0,0,0,0,0,30.0424835756421,0,0,0,0,0,3.21734816581011,0,0,88.7096658200026,0,435.738552212715,0,167.110190153122,0,0,0,0,0,0,0,0.728537246584892,0,0,0,411.925654411316,0,348.429132893682,0,9.17415522038937,0,0
23.5026650875807,0,0,0,0,0,0,0,87.7728977948427,0,0,0,0,0,0,0,2.42935068905354,1.61310151219368,0,0,0,0,197.263490438461,0,0,0,762.35766595602,0,0,0,0,0,0,0,0,0,0,0,416.63053162396,0,0,0,1.48752701282501,0,0,0,0,0,65.1343571096659,0,0,0,0,0,28.3072179555893,0,0,0,0,0,6.41918301582336,0,0,0,0,213.921618461609,0,420.096038892865,0,1863.13281561434,0,0,0,0,0,0,0,0,0,0,0,115.682159766555,34.1125971078873,0,108.037229984999,0,0
0,0,0,0,0,0,0,0,0,17.3618324995041,0,0,0,0,0,0,86.2307763844728,380.669117555022,0.232483714818954,0,0,133.841909110546,3.88687968254089,28.5432209968567,0,0,0,0,0,0,0,0,0,0,0,0,0,0,0,0,0,0,0,0,0,0,0,0,0,1.0343282520771,0,0,0,0,0,16.9368603229523,0,0,0,0,0,0,0,0,0.695323944091797,0.220436990261078,84.7141786813736,0,22.6272441744804,0,2,0,0,0,0,0,0,0,2.62326383590698,0,0,0,219.075376816094,20.6277683675289,3.56549668312073,0,0
0,0,0,0,0,0,0,0,0.632516622543335,0,0,0,0,0,0,0,195.029311478138,17.7504302561283,0,0,0,0,67.8123735636473,0,762.35766595602,0,0,0,24.2676064968109,0,0,0,0,0,0,0,0,0,0,0,0,0,0,0,0,0,0,0,0,0,0,0,0,0,0,0,0,0,0,0,0,0,0,0,0,74.3376203775406,0,52.9961337894201,0,62.1439808607101,0,0,0,0,0,0,0,0,0,0,0,0,52.0506513118744,2.74232211709023,0,0,0
0,0,0,0,0,0,0,0,0,0,0,452.34021872282,0,60.9910855293274,0,0,0,0,0,0,0,11,0,0,0,0,0,0,0,787.673781573772,0,0,0,0,0,0,0,12,0,0,0,0,0,0,0,0,0,0,0,0,0,0,0,0,0,0,0,35.0580089092255,0,0,0,0,0,0,2,0,0,0,0,0,72.5051636099815,0,476.812095165253,0,0,0,0,0,0,0,7,0,4,0,0,0,0
0,0,0,0,0,0,0,0,0,0,0,0,0,0,0,0,0,0,0,0,0,0,111.274702906609,0,0,0,24.2676064968109,0,0,0,20.0661697387695,0,0,0,0,0,0,0,2.8974723815918,0,0,0,0,0,0,0,0,0,0,0,0,0,0,0,0,0,0,0,0,0,0,0,0,0,0,22.5420966148376,0,0,0,1,0,18.5100474357605,0,0,0,0,0,0,0,0,0,0,0,121.131484270096,0,0,0
0,0,0,0,0,0,0,0,0,0,0,280.183924615383,0,0,0,0,0,0,0,0,0,0,0,0,0,0,0,787.673781573772,0,0,0,0,0,0,0,0,0,125.924606800079,0,0,0,0,0,0,0,0,0,0,0,0,0,0,0,0,0,0,0,3.61290609836578,0,0,0,0,0,0,0,0,0,0,0,0,677.148862242699,0,605.672075808048,0,0,0,0,0,0,0,55.7641038894653,0,0,0,0,0,0
0,0,0,0,0,0,0,0,0,0,21.6153395175934,0,0,0,0,0,0,0,0,0,0,0,0,0,0,0,0,0,20.0661697387695,0,0,0,0,0,0,0,0,0,173.861894726753,0,0,0,0,0,0,0,0,0,0,0,0,0,0,0,0,0,2.07549202442169,0,0,0,0,0,0,0,0,0,0,0,0,0,0,125.142476975918,0,14.0118229836226,0,0,0,0,0,0,0,59.2554879188538,19.7926700115204,112.693146705627,0,0,0
0,0,0,0,0,0,0,0,0,0,0,0,0,0,0,0,0,0,0,0,0,0,0,0,0,0,0,0,0,0,0,0,247.664226621389,38.5482302606106,0,328.761507496238,1.95408308506012,0,0,0,0,0,0,0,0,0,0,591.753512337804,0,8.47374057769775,0,0,0,0,0,0,0,0,0,0,0,0,0,0,0,0,0,0,0,0,0,0,0,0,972.911944806576,0,37.9671117067337,0,511.416596323252,0,0,0,652.774820312858,0,0,0,0
0,0,0,0,0,0,0,0,0,0,0,0,0,0,0,0,0,0,0,0,0,0,0,0,0,0,0,0,0,0,0,247.664226621389,0,0,2.71016269922256,0,149.68524813652,0,0,0,0,0,0,0,0,0,0,487.179666265845,7.54092028737068,0,0,0,0,0,0,0,0,0,0,0,0,0,0,0,0,0,0,0,0,0,0,0,0,0,10.7655662894249,381.34112021327,0,0,0,3.86572635173798,0,0,108.539520025253,0,0,0,0
0,0,0,0,0,0,0,0,0,0,0,0,0,0,0,0,0,0,0,0,0,2.08860874176025,0,0,0,0,0,0,0,0,0,38.5482302606106,0,0,562.518434822559,413.202767372131,0,328.514324709773,0,0,0,0,0,0,0,0,0,260.717152953148,0,0,0,0,0,0,0,0,0,0,0,0,0,0,0,0,0,0,0,0,0,0,0,0,0,0,46.9480349868536,0,1106.0063995719,91.9372359514236,209.239913955331,0,129.482079878449,0,460.367405772209,0,0,0,0
0,0,0,0,0,0,0,0,0,0,0,0,0,0,0,0,0,0,0,0,0,0,0,0,0,0,0,0,0,0,0,0,2.71016269922256,562.518434822559,0,1.96961987018585,192.105334728956,0,64.8478637933731,0,0,0,0,0,0,0,0,829.459022328258,1.59106515347958,0,0,0,0,0,0,0,0,0,0,0,0,0,0,0,0,0,0,0,0,0,0,0,0,0,0,0,3.35476779937744,1743.87657502294,0,42.2407722473145,0,71.6573329716921,3,0,0,0,0
0,0.297476217150688,0,163.028973042965,0,2.70605397224426,0,0,0,0,0,165.797845050693,0,0,0,0,9.30654805153608,12.2397257611156,44.8315124809742,426.959652647376,0,0,0,0,0,0,0,0,0,0,0,328.761507496238,0,413.202767372131,1.96961987018585,0,766.607798010111,1114.61714693904,0,6.82294672727585,0,35.1071557924151,0.992644548416138,4.25088796764612,0,46.0512683540583,15.1293357759714,442.201022595167,0,36.9139734953642,0,0,0,0,0,0,0,0.697447955608368,0,0,0,0,641.682337999344,2.38229846954346,0,0,0,0,0,0,0.181756600737572,0,0.414488136768341,0,326.495058387518,0,541.921324551105,0,19972.7006697729,1455.91257798672,279.949386194348,0,1961.76910606027,0,188.778260447085,1.4358769506216,0
0.115502439439297,0,0,0,0,0,0.22655962407589,0,0,0,327.045468136668,0,0,0,0,0,6.43290438503027,0.35805906355381,4.95042578876019,0,790.934666261077,0,0,0,0,0,0,0,0,0,0,1.95408308506012,149.68524813652,0,192.105334728956,766.607798010111,0,0,1486.66011911631,0,0.992393255233765,0,0.535712212324142,0,0,0,7.5906599983573,114.009327203035,41.1592884361744,0,0,0,0.225009232759476,0,0,0,224.709480024874,0,0,0,0,0,0,744.320796847343,0,0,0,0,0,0,0,0,0,0.150809824466705,0,225.92380464077,0,56.5089054107666,582.215996071696,15656.3435386494,0,191.531183555722,3353.92826330662,1679.23993109167,85.9292948544025,0,0
0,0,0,0,0,0,0,0,0,51.9752134680748,0,712.429432570934,0,0,0,0.858430340886116,0,1.71772663295269,0,43.8056150078773,0,743.696067988873,0,240.266049489379,0,0,0,12,0,125.924606800079,0,0,0,328.514324709773,0,1114.61714693904,0,0,232.681427240372,0,0,3.30038625001907,0,0,0,0,0,1013.08118234575,0,187.924766942859,0,0,0,0,0,26.1051234602928,0,334.544821202755,0,0,0,0.401166349649429,172.944320857525,0,30.0235617756844,0,15.632156431675,0,0,0,1,0,99.2755128145218,0,0,0,120.133578196168,0,821.335559457541,0,8715.97796592116,58.4614472389221,478.095990091562,0,158.906082779169,0,0
4.5810926258564,0,0,0,0,0,0,0,51.0933596938848,0,307.483679622412,0,0,0,0,0,0.21511597931385,0,0,0,126.301894307137,38.1389045715332,1257.47001823783,0,416.63053162396,0,0,0,2.8974723815918,0,173.861894726753,0,0,0,64.8478637933731,0,1486.66011911631,232.681427240372,0,0,0,0,0,0,0,0,0,0,615.472569674253,0,0,0,0,0,18.8191355913877,0,198.513580739498,0,0,0,0.608018159866333,0,0,23.045482635498,0,339.251014396548,0,371.214897856116,0,0,0,37.3719410002232,0,0,0,0,0,37.112801194191,0,230.20568190515,0,6654.13792611659,1202.56133152544,324.569978162646,135.432476550341,0,0
0,5.35822127759457,0,0.920691981911659,0,0,0,0,0,9.56939029693604,0,0,0,0,0,0,53.0958889722824,221.463550783694,1081.19324510545,0,0,1.31496012210846,0,0,0,0,0,0,0,0,0,0,0,0,0,6.82294672727585,0,0,0,0,0,1792.76187963039,1.34495714306831,180.422322183847,0,487.99979005754,14.6074775308371,0,5.88531342148781,148.932460486889,0,0,0,0,0,0,0,1.07112097740173,0,0,0,0,9.1657851934433,1.16454210877419,0,0,0,0,0,0,0,0,9.3945267945528,0,0,0,0,0,207.027266427875,5.82755309343338,0,0,288.204288840294,0.726193770766258,1736.41723921895,55.330000013113,5.34105068445206
0,0,0,0,0,0,0,0,0,0,0,0,0,0,0,0,1.8353069499135,0,8.52974990010262,0,0,0,0,0,0,0,0,0,0,0,0,0,0,0,0,0,0.992393255233765,0,0,0,0,0,21.2291903495789,0,3.34588988125324,0.45477432012558,59.458196029067,292.762405127287,3960.38882923126,204.446262389421,0,0,0,0,0,0,0,0,0,0,0,0,0,0,0,0,0,0,0,0,0,0,0,0,0.970049321651459,0,0,0,0,700.595141373575,0,0,4.96551840007305,0,73.090916544199,0,1.46127480268478
0,1722.64493390918,0,14.909012645483,0,0,0,0,0,36.3831754028797,0,0,0,0,0,5.99540790915489,66.6993472054601,384.840521886945,2045.75942181051,0,0,0,0,0,0,0,0,0,0,0,0,0,0,0,0,35.1071557924151,0,3.30038625001907,0,1792.76187963039,0,0,308.800811670721,192.145874604583,0,299.727770142257,4.91249108314514,7.59250777959824,4.90923362970352,298.801948986948,0,0,0,0,0,1.62460599839687,0,30.4221711158752,0,0,0,4.02546972036362,79.1435545906425,7.32059386372566,0,0,1.80202704668045,0,1.05864325165749,0,0,0,279.334998369217,1.13472950458527,0,0,0,0,308.349208928645,7.32016404718161,0,0,2131.46863622963,3.77940464764833,3858.52908498794,1867.9891923815,4.12382557243109
554.020505532622,0,9.27252516150475,0,0,0,0,0,26.1811474263668,0,0,0,0,0,29.5743078663945,0,293.583244346082,35.5133710801601,503.732693292201,0,0.929364457726479,0,0.278970807790756,0,1.48752701282501,0,0,0,0,0,0,0,0,0,0,0.992644548416138,0.535712212324142,0,0,1.34495714306831,21.2291903495789,308.800811670721,0,3.51702071726322,328.542835891247,0.561579421162605,1202.40013366938,37.2583318501711,1638.11168831587,4.48078419268131,0,0,0,0,0,0,329.348150342703,0,2.58078366518021,0,189.550772227347,0,0,121.887446440756,0,0,0,0,0,0,0,79.9655404388905,0,209.562341362238,0,0,0,0,3.68415497243404,371.504569962621,0,0,1243.12410250306,1.93897414207458,3564.13279779255,0,1011.46944071352
0,0,0,0,0,0,0,0,0,0,0,0,0,0,0,0,14.8863367587328,26.6332317888737,107.305616728961,0,0,0,0,0,0,0,0,0,0,0,0,0,0,0,0,4.25088796764612,0,0,0,180.422322183847,0,192.145874604583,3.51702071726322,0,0,46.2503461241722,4.79922978579998,0,0,0.889380723237991,0,0,0,0,0,0,0,0,0,0,0,0,17.0655392855406,0,0,0,0,0,0,0,0,0,4.11095702648163,0,0,0,0,0,91.9355668053031,4.91182659566402,0,0,197.847077690065,2.35802939534187,448.378415033221,12.188402235508,0
0,0,0,0,0,0,0,0,0,0,0,0,0,0,0,0,32.8881564885378,2.83978633582592,84.7550699412823,0,0,0,0,0,0,0,0,0,0,0,0,0,0,0,0,0,0,0,0,0,3.34588988125324,0,328.542835891247,0,0,0,293.866964243352,0,0,0,0,0,0,0,0,0,0,0,0,0,0,0,0,23.1797825545073,0,0,0,0,0,0,0,0,0,0,0,0,0,0,0,78.2714518234134,0,0,182.285990342498,0,461.312611892819,0,25.0439502596855
0,0,0,0.377144634723663,0,0,0,0,0,0.132762208580971,0,0,0,0,0,0,13.234085790813,51.9561345726252,340.532783918083,0.149181753396988,0,0,0,0,0,0,0,0,0,0,0,0,0,0,0,46.0512683540583,0,0,0,487.99979005754,0.45477432012558,299.727770142257,0.561579421162605,46.2503461241722,0,0,99.0395021960139,0,0,32.6134058833122,0,0,0,0,0,0,0,19.5465880036354,0,0,0,0,1150.62172318995,0.238300874829292,0,0,0,0,0,0,0,0,55.5802131146193,0,0,0,0,0,1092.07934369892,6.29899653792381,0,0,84.42475759238,0,2434.61584343016,5.49726369976997,0.223559781908989
0,0,0,0,0,0,0,0,0.125287503004074,0,0,0,0,0,0,0,328.421019144356,63.1010593920946,1074.77001404017,0,5.85120860487223,0,0.185700625181198,0,0,0,0,0,0,0,0,0,0,0,0,15.1293357759714,7.5906599983573,0,0,14.6074775308371,59.458196029067,4.91249108314514,1202.40013366938,4.79922978579998,293.866964243352,99.0395021960139,0,0,2.10531067848206,0,0,0,0,0,0,0,15.7091004699469,0,0,0,0,0,0,1586.40207117796,0,0.177618235349655,0,0,0,0,0,0,0,26.9458246827126,0,0,0,0,11.8050466403365,1554.88487927616,0,0,540.691657423973,0,2125.55398593843,1.15013261139393,37.1326368749142
0,0,0,0,0,0,0,0,0,0,0,0,0,0,0,0,0,0,0,0,0,31.3478561937809,0,3.65794816613197,0,0,0,0,0,0,0,591.753512337804,487.179666265845,260.717152953148,829.459022328258,442.201022595167,114.009327203035,1013.08118234575,0,0,292.762405127287,7.59250777959824,37.2583318501711,0,0,0,0,0,6157.65761050582,1329.1996243,0,0,0,0,0,0,0,0,0,0,0,0,0,0,2.61663484573364,0,3.25740171968937,0,0,0,0,0,0,0,379.570545047522,527.547300547361,218.851913869381,441.103950560093,537.459886297584,1004.39044217765,2106.81497222185,17.2438696473837,4266.15104937553,0,264.117333114147,0,0
101.22230386734,0,77.0770597159863,0,0,0,0,0,6.66780924797058,0,0.580636262893677,0,1.07738077640533,0,7.84838932752609,0,0.62098491191864,0,0,0,1.85857525467873,0,174.564828366041,0,65.1343571096659,0,0,0,0,0,0,0,7.54092028737068,0,1.59106515347958,0,41.1592884361744,0,615.472569674253,5.88531342148781,3960.38882923126,4.90923362970352,1638.11168831587,0,0,0,2.10531067848206,6157.65761050582,0,3445.20012223721,0,0,0,0,0,0,350.17199665308,0,20.2402863204479,0,252.890375614166,0,0,52.475271821022,0,99.4003553986549,0,65.5760851204395,0,70.6228590607643,0,34.1767735928297,0,200.365080550313,159.221625328064,48.9261378645897,0,9.10512888431549,12.9283509850502,245.556505069137,0,1559.55665056407,2860.84185819328,0,2061.58929939568,0,2.51415695250034
0,189.122870497406,0,423.588887900114,0,0,0,0,0,25.7220802754164,0,0,0,0,0,40.2848387360573,0,0,3.7173053175211,0,0,184.96719764173,0,6.61732894182205,0,1.0343282520771,0,0,0,0,0,8.47374057769775,0,0,0,36.9139734953642,0,187.924766942859,0,148.932460486889,204.446262389421,298.801948986948,4.48078419268131,0.889380723237991,0,32.6134058833122,0,1329.1996243,3445.20012223721,0,0,0,0,0,0,6.59792345762253,0,64.4862819463015,0,0,0,105.183035492897,4.46943300962448,0,190.654320538044,0,27.7648655325174,0,55.0775838345289,0,259.564162164927,0,319.547851011157,0,93.3969528377056,0,0,0,124.023885339499,1.14321574568748,249.352299496531,0,1200.56844531,2.06829598546028,1637.76251760125,4.9210284948349,0.540371790528297
0,0,380.823310345411,0,0,0,0,0,0,0,0,0,0,0,0,0,0,0,0,0,0,0,0,0,0,0,0,0,0,0,0,0,0,0,0,0,0,0,0,0,0,0,0,0,0,0,0,0,0,0,0,0,0,0,0,0,83.8654024302959,0,35.3225145936012,0,11.5408518314362,0,0,0,0,0,0,0,0,0,0,0,0,0.25944909453392,0,0,0,0,0,0,0,0,89.1530478447676,0,1.75540900230408,0,0
0,0,0,58.9106793105602,0,4.00828576087952,0,0,0,0,0,0,0,0,0,0,0,0,0,9.26806545257568,0,0,0,0,0,0,0,0,0,0,0,0,0,0,0,0,0,0,0,0,0,0,0,0,0,0,0,0,0,0,0,0,0,0,0,0.738640546798706,0,2.41311204433441,0,181.980985283852,0,62.8961764872074,0,0,0,0,0,0,0,0,0,0,0,0,0,0,0,0,0,0,0,0,0,0,4.61375951766968,0,0
0,0,0,0,0,0,1,0,0,0,10,0,0,0,0,0,0,0,0,0,0,0,0,0,0,0,0,0,0,0,0,0,0,0,0,0,0.225009232759476,0,0,0,0,0,0,0,0,0,0,0,0,0,0,0,0,0,0,0,0,0,2.32623362541199,0,0,0,0,0,0,0,0,0,0,0,0,0,0,0,0,0,0,0,0,0,0,0,0,0,0,0,0
0,0,0,0,0,0,0,13.5758334994316,0,0,0,0,0,121.802796006203,0,0,0,0,0,0,0,0,0,0,0,0,0,0,0,0,0,0,0,0,0,0,0,0,0,0,0,0,0,0,0,0,0,0,0,0,0,0,0,0,0,0,0,0,0,192.722241282463,0,0,0,0,0,0,0,0,0,0,0,0,0,0,0,0,0,0,0,0,0,0,0,0,0,0,0
38.716023683548,0,297.60305288434,0,0,0,0,0,654.676282122731,0,0,0,0,0,4.02322621643543,0,21.6684814244509,0,0,0,0,0,0,0,28.3072179555893,0,0,0,0,0,0,0,0,0,0,0,0,0,18.8191355913877,0,0,0,0,0,0,0,0,0,0,0,0,0,0,0,0,0,10.5738766789436,0,0.514089047908783,0,29.9934650659561,0,0,0,0,0,0,133.605929121375,0,0.888815104961395,0,0,0,0,0,0,0,0,0,0,0,58.4310610294342,164.072371006012,1.25282463431358,4.01754710078239,0,0
0,124.866039067507,0,430.046507298946,0,0,0,0,0,451.363691605628,0,0,0,0,0,20.5389165580273,0,2.41524249315262,0,0,0,0,0,30.0424835756421,0,16.9368603229523,0,0,0,0,0,0,0,0,0,0,0,26.1051234602928,0,0,0,1.62460599839687,0,0,0,0,0,0,0,6.59792345762253,0,0.738640546798706,0,0,0,0,0,0.308002680540085,0,5.10989998281002,0,114.06048297137,0,0,0,0,189.323922380805,0,30.2209877967834,0,0,0,1.16488979756832,0,0,0,0,0,0,0,8.7827201038599,0,12.5972674041986,0,32.3547310009599,0,0
104.32002030313,0,58.7232735008001,0,0,0,0,0,40.3342061638832,0,1600.07204182446,0,202.771616019309,0,9.46290415525436,0,38.5497306585312,0,36.8982265815139,0,549.727127164602,0,0,0,0,0,0,0,0,0,2.07549202442169,0,0,0,0,0,224.709480024874,0,198.513580739498,0,0,0,329.348150342703,0,0,0,15.7091004699469,0,350.17199665308,0,83.8654024302959,0,0,0,10.5738766789436,0,0,0,761.161700926721,0,230.441377595067,0,0,946.704561784863,0,0,0,0,0,2.87936627864838,0,267.358172371984,0,409.159262344241,0,0,0,0,0,147.826154582202,0,0,321.029599010944,0,807.625564515591,0,23.0311957001686
0,41.428600564599,0,5.46389600634575,0,0,0,3.04050087928772,0,0,0,1689.78234125674,0,11.7321528494358,0,0,0.255152314901352,0.43247589468956,16.9798445701599,68.3051460087299,0,0,0,0,0,0,0,35.0580089092255,0,3.61290609836578,0,0,0,0,0,0.697447955608368,0,334.544821202755,0,1.07112097740173,0,30.4221711158752,0,0,0,19.5465880036354,0,0,0,64.4862819463015,0,2.41311204433441,0,0,0,0.308002680540085,0,0,0,732.530961185694,0,15.1936974823475,427.583173848689,0,0,0,0,0,0,0,37.9390103816986,0,653.436987370253,0,0,0,0,0,6.239352196455,0,0,0,18.2786359935999,0,761.621725201607,5.90213787555695,0
1.36565971374512,0,33.9734035432339,0,0,0,0,0,9.12989747524261,0,425.752108350396,0,887.273369759321,0,15.5939062833786,0,0,0,0,0,0,0,0,0,0,0,0,0,0,0,0,0,0,0,0,0,0,0,0,0,0,0,2.58078366518021,0,0,0,0,0,20.2402863204479,0,35.3225145936012,0,2.32623362541199,0,0.514089047908783,0,761.161700926721,0,0,0,249.004943937063,0,0,3.69276264309883,0,0,0,0,0,3.9738461971283,0,3.03580401837826,0,0,0,0,0,0,0,0,0,0,2.08248436450958,0,20.1455243229866,0,0
0,0,0,0,0,66.2717016637325,0,133.595902085304,0,0,0,964.332771956921,0,322.515436023474,0,8.29986584186554,0,0,0,0,0,0,0,0,0,0,0,0,0,0,0,0,0,0,0,0,0,0,0,0,0,0,0,0,0,0,0,0,0,0,0,181.980985283852,0,192.722241282463,0,5.10989998281002,0,732.530961185694,0,0,0,80.0827746242285,7.13563305139542,0,0,0,0,0,0,0,0,0,0,0,0,0,0,0,0,0,0,0,60.8601367771626,0,0.963172495365143,0,0
209.835046574473,0,278.003207266331,0,0,0,0,0,203.936844736338,0,0,0,17.6608625650406,0,49.1093233674765,0,0,0,0,0,0,0,0,0,6.41918301582336,0,0,0,0,0,0,0,0,0,0,0,0,0,0.608018159866333,0,0,0,189.550772227347,0,0,0,0,0,252.890375614166,0,11.5408518314362,0,0,0,29.9934650659561,0,230.441377595067,0,249.004943937063,0,0,0,0,5.64039176702499,0,0,0,1.742804646492,0,70.2048676013947,0,18.1042748689651,0,19.6903899163008,0,0,0,0,0,0,0,0,6.48729747533798,0,170.49694262445,0,0.458883166313171
0,41.0715902000666,0,231.126862511039,0,7.15023690462112,0,0,0,91.439760223031,0,0,0,0,0,163.070765048265,0,0,0,0,0,0,0,3.21734816581011,0,0,0,0,0,0,0,0,0,0,0,0,0,0.401166349649429,0,0,0,4.02546972036362,0,0,0,0,0,0,0,105.183035492897,0,62.8961764872074,0,0,0,114.06048297137,0,15.1936974823475,0,80.0827746242285,0,0,0,0,0,0,23.6653329357505,0,0,0,0,0,0,0,0,0,0,0,0,0,0,0,0,0,19.2429695278406,0,0
0,0,0,18.4138851165771,0,0,0,0,0,0,0,50.6852335035801,0,0,0,0,0,6.06695576757193,40.536263667047,1191.98865121603,0,0,0,0,0,0,0,0,0,0,0,0,0,0,0,641.682337999344,0,172.944320857525,0,9.1657851934433,0,79.1435545906425,0,17.0655392855406,0,1150.62172318995,0,0,0,4.46943300962448,0,0,0,0,0,0,0,427.583173848689,0,7.13563305139542,0,0,0,0,0,0,0,0,0,0,0,0,54.5794516205788,0,0,0,0,0,514.558522425592,0,3.45891630649567,0,389.954291433096,0,1154.78440119326,0.519464433193207,3.47094178199768
1.89943060278893,0,3.20922702550888,0,0,0,0,0,2.10599678754807,0,12.8528911024332,0,0,0,0,0,221.363161429763,10.8453391343355,361.37683159858,0,1172.41587711126,0,0,0,0,0,0,0,0,0,0,0,0,0,0,2.38229846954346,744.320796847343,0,23.045482635498,1.16454210877419,0,7.32059386372566,121.887446440756,0,23.1797825545073,0.238300874829292,1586.40207117796,0,52.475271821022,0,0,0,0,0,0,0,946.704561784863,0,3.69276264309883,0,5.64039176702499,0,0,0,0,0,0,0,0,0,0,0.126655519008636,0,290.638621196151,0,0,0,0,0.136211261153221,1355.31680034101,0,0,246.852130502462,0,515.499147407711,0,37.4744839370251
0,0,0,0,0,0,0,0,0,0,0,0,0,0,0,0,3.47748459875584,83.8173542842269,0.247161507606506,0,0,2891.41416986287,0.169041216373444,88.7096658200026,0,0.695323944091797,0,2,0,0,0,0,0,0,0,0,0,30.0235617756844,0,0,0,0,0,0,0,0,0,2.61663484573364,0,190.654320538044,0,0,0,0,0,0,0,0,0,0,0,0,0,0,0,0,147.940128788352,0,37.0174336582422,0,0,0,0,0,0,0,0,0,0,0,74.2591796219349,0,33.7818309366703,0,0,0,0
0,0,0,0,0,0,0,0,0,0,0,0,0,0,0,0,147.750607773662,1.70400352776051,0,0,0,0.160720646381378,4150.19251401722,0,213.921618461609,0.220436990261078,74.3376203775406,0,22.5420966148376,0,0,0,0,0,0,0,0,0,339.251014396548,0,0,0,0,0,0,0,0.177618235349655,0,99.4003553986549,0,0,0,0,0,0,0,0,0,0,0,0,0,0,0,0,0,0,88.492354169488,0,164.090301930904,0,131.771389171481,0,0,0,0,0,0,0,0,0,1203.84014257789,59.9096857756376,31.0926986783743,5.22137777507305,0,0
0,0,0,0,0,0,0,0,0,92.6387650221586,0,0,0,0,0,8.97919112443924,0,0.344508305191994,0,0,0,152.414303451777,0,435.738552212715,0,84.7141786813736,0,0,0,0,0,0,0,0,0,0,0,15.632156431675,0,0,0,1.80202704668045,0,0,0,0,0,3.25740171968937,0,27.7648655325174,0,0,0,0,0,189.323922380805,0,0,0,0,0,23.6653329357505,0,0,147.940128788352,0,0,0,44.6626846641302,0,0,0,0,0,0,0,0.422880664467812,0,0,0,150.482186302543,0,104.294962719083,0,44.6207408457994,0,0
0.478747501969337,0,0,0,0,0,0,0,111.907490700483,0,0,0,0,0,0.551256358623505,0,0.301783919334412,0,0,0,0,0,214.090103238821,0,420.096038892865,0,52.9961337894201,0,0,0,0,0,0,0,0,0,0,0,371.214897856116,0,0,0,0,0,0,0,0,0,65.5760851204395,0,0,0,0,0,133.605929121375,0,0,0,0,0,1.742804646492,0,0,0,0,88.492354169488,0,0,0,327.765097796917,0,0,0,0,0,0,0,0,0,0,0,475.536937430501,16.3305750787258,0,313.086180493236,0,0
0,0.242234319448471,0,0,0,0,0,0,0,45.5630764961243,0,0,0,0,0,0,3.90029495954514,36.8264920115471,0,0,0,18.5601234436035,0,167.110190153122,0,22.6272441744804,0,0,0,0,0,0,0,0,0,0,0,0,0,0,0,1.05864325165749,0,0,0,0,0,0,0,55.0775838345289,0,0,0,0,0,30.2209877967834,0,0,0,0,0,0,0,0,37.0174336582422,0,44.6626846641302,0,0,0,276.624459326267,0,0,0,0,0,0,0,0,0,0,0,108.134387761354,0.754822611808777,27.7977055311203,0,0
0,0,0,0,0,0,0,0,3.84100702404976,0,0,0,0,0,0,0,1.26679599285126,0,0,0,0,0,0,0,1863.13281561434,0,62.1439808607101,0,1,0,0,0,0,0,0,0,0,0,0,0,0,0,0,0,0,0,0,0,70.6228590607643,0,0,0,0,0,0.888815104961395,0,2.87936627864838,0,3.9738461971283,0,70.2048676013947,0,0,0,0,164.090301930904,0,327.765097796917,0,0,0,139.160198166966,0,0,0,0,0,0,0,0,0,0,0,0,0,0,0
0,0.346258699893951,0,0,0,0,0,0,0,0,0,271.644982933998,0,0,0,0,0,0,0,0,0,3,0,0,0,2,0,72.5051636099815,0,677.148862242699,0,0,0,0,0,0.181756600737572,0,1,0,0,0,0,0,0,0,0,0,0,0,259.564162164927,0,0,0,0,0,0,0,37.9390103816986,0,0,0,0,0,0,0,0,0,0,276.624459326267,0,0,0,78.3048751652241,0,0,0,0,0,0,0,687.010531485081,0,1,3,43.3176311701536,0,0
1.95827785134315,0,2.57822652161121,0,0,0,0,0,2.71237897872925,0,11.9370083808899,0,0,0,0,0,0.480064645409584,0,0,0,0.193475365638733,0,240.002463877201,0,0,0,0,0,18.5100474357605,0,125.142476975918,0,0,0,0,0,0,0,37.3719410002232,0,0,0,79.9655404388905,0,0,0,0,0,34.1767735928297,0,0,0,0,0,0,0,267.358172371984,0,3.03580401837826,0,18.1042748689651,0,0,0.126655519008636,0,131.771389171481,0,0,0,139.160198166966,0,0,0,19.6624261885881,0,0,0,0,0,0.896431602537632,0,807.629123985767,5.16896617412567,0,74.7159365564585,0,0
0,185.210131339729,0,62.4623065590858,0,0,0,0,0,1.08696383237839,0,12.2364100217819,0,0,0,1.82333059608936,1.41913509368896,6.66157972812653,171.976200923324,0,0,0,0,0,0,0,0,476.812095165253,0,605.672075808048,0,0,0,0,0,0.414488136768341,0,99.2755128145218,0,9.3945267945528,0,279.334998369217,0,4.11095702648163,0,55.5802131146193,0,0,0,319.547851011157,0,0,0,0,0,1.16488979756832,0,653.436987370253,0,0,0,0,54.5794516205788,0,0,0,0,0,0,0,78.3048751652241,0,0,0,0,0,0,0,9.69195431470871,0,2,0,173.535236135125,0,1070.01736812294,99.8874360322952,0
81.5065629333258,0,12.0672442018986,0,0,0,0,0,35.1269217431545,0,61.2539386451244,0,0,0,0.23089012503624,0,194.026196673512,1.2972227036953,190.810739785433,0,66.5470144152641,0,0,0,0,0,0,0,0,0,14.0118229836226,0,0,0,0,0,0.150809824466705,0,0,0,0,1.13472950458527,209.562341362238,0,0,0,26.9458246827126,0,200.365080550313,0,0.25944909453392,0,0,0,0,0,409.159262344241,0,0,0,19.6903899163008,0,0,290.638621196151,0,0,0,0,0,0,0,19.6624261885881,0,0,0,0,0,0,1.12109076976776,44.3849748000503,0,284.719726026058,179.890727758408,1,298.986423015594,0,83.2303535044193
0,0,0,0,0,0,0,0,0,0,0,0,0,0,0,0,0,0,0,0,0,0,0,0,0,0,0,0,0,0,0,972.911944806576,10.7655662894249,46.9480349868536,0,326.495058387518,0,0,0,0,0.970049321651459,0,0,0,0,0,0,379.570545047522,159.221625328064,93.3969528377056,0,0,0,0,0,0,0,0,0,0,0,0,0,0,0,0,0,0,0,0,0,0,0,0,0,0,345.889543324709,0,382.357280939817,0,0,0,49.8373867869377,0,1.32966095209122,0,0
0,0,0,0,0,0,0,0,0,0,0,0,0,0,0,0,0,0,0,0,0,0,0,0,0,0,0,0,0,0,0,0,381.34112021327,0,0,0,225.92380464077,0,0,0,0,0,0,0,0,0,0,527.547300547361,48.9261378645897,0,0,0,0,0,0,0,0,0,0,0,0,0,0,0,0,0,0,0,0,0,0,0,0,0,0,0,0,4.28974032402039,0,163.896371468902,0,0,3.8357527256012,0,0,0,0
0,0,0,0,0,0,0,0,0,0,0,0,0,0,0,0,0,0,0,0,0,3.5375862121582,0,0.728537246584892,0,0,0,0,0,0,0,37.9671117067337,0,1106.0063995719,3.35476779937744,541.921324551105,0,120.133578196168,0,0,0,0,0,0,0,0,0,218.851913869381,0,0,0,0,0,0,0,0,0,0,0,0,0,0,0,0,0,0,0.422880664467812,0,0,0,0,0,0,0,345.889543324709,0,0,0,139.748080223799,0,290.134163364768,0,63.651507973671,0,0,0,0
0,0,0,0,0,0,0,0,0,0,0,0,0,0,0,0,0,0,0,0,0,0,0,0,0,0,0,0,0,0,0,0,0,91.9372359514236,1743.87657502294,0,56.5089054107666,0,37.112801194191,0,0,0,0,0,0,0,0,441.103950560093,9.10512888431549,0,0,0,0,0,0,0,0,0,0,0,0,0,0,0,0,0,0,0,0,0,0,0,0,0,0,4.28974032402039,0,0,0,135.686526119709,0,565.578678414226,0,0,0,0,0
0,1.96329499781132,0,254.861368596554,0,0,0,0,0,1.4533931016922,0,3.4123493283987,0,0,0,0,24.9899912551045,120.387138515711,572.705900460482,53.8768028765917,0,0,0,0,0,2.62326383590698,0,0,0,0,0,511.416596323252,0,209.239913955331,0,19972.7006697729,582.215996071696,821.335559457541,0,207.027266427875,0,308.349208928645,3.68415497243404,91.9355668053031,0,1092.07934369892,11.8050466403365,537.459886297584,12.9283509850502,124.023885339499,0,0,0,0,0,0,0,6.239352196455,0,0,0,0,514.558522425592,0.136211261153221,0,0,0,0,0,0,0,0,9.69195431470871,1.12109076976776,382.357280939817,0,139.748080223799,0,0,460.641589298844,314.082064449787,0,862.913384325802,0.317853577435017,982.774972014129,23.6035943776369,0.622768223285675
0,0,3.58002138137817,0,0,0,1.07137131690979,0,0.278216987848282,0,16.8312247395515,0,0,0,0,0,443.356009736657,45.2407603487372,1169.46881240606,0,146.690153874457,0,0,0,0,0,0,0,0,0,0,0,3.86572635173798,0,42.2407722473145,1455.91257798672,15656.3435386494,0,230.20568190515,5.82755309343338,700.595141373575,7.32016404718161,371.504569962621,4.91182659566402,78.2714518234134,6.29899653792381,1554.88487927616,1004.39044217765,245.556505069137,1.14321574568748,0,0,0,0,0,0,147.826154582202,0,0,0,0,0,0,1355.31680034101,0,0,0,0,0,0,0,0.896431602537632,0,44.3849748000503,0,163.896371468902,0,135.686526119709,460.641589298844,0,0,232.309587225318,996.049871429801,302.189768001437,1241.80044817924,2.73165228962898,27.3638005778193
0,0,0,0,0,0,0,0,0,16.0500560253859,0,0,0,0,0,0.199233755469322,0,0.292959347367287,0,0,0,663.909289717674,0,411.925654411316,0,0,0,7,0,55.7641038894653,0,0,0,129.482079878449,0,279.949386194348,0,8715.97796592116,0,0,0,0,0,0,0,0,0,2106.81497222185,0,249.352299496531,0,0,0,0,0,8.7827201038599,0,0,0,0,0,0,3.45891630649567,0,74.2591796219349,0,150.482186302543,0,0,0,687.010531485081,0,2,0,0,0,290.134163364768,0,314.082064449787,0,0,0,132.251899406314,0,36.5996840149164,0,0
0,0,0,0,0,0,0,0,12.7600261718035,0,1,0,0,0,0,0,0.422548651695251,0,0,0,0,0,1515.86928142607,0,115.682159766555,0,0,0,0,0,59.2554879188538,0,0,0,71.6573329716921,0,191.531183555722,58.4614472389221,6654.13792611659,0,0,0,0,0,0,0,0,17.2438696473837,1559.55665056407,0,0,0,0,0,58.4310610294342,0,0,0,0,0,0,0,0,0,0,1203.84014257789,0,475.536937430501,0,0,0,807.629123985767,0,284.719726026058,0,0,0,565.578678414226,0,232.309587225318,0,0,226.817066147923,11.2253081798553,144.473550990224,0,0
6.85315728187561,222.533709652722,55.8909560889006,344.324070349336,228.762316644192,211.898445054889,131.95642375946,1.35926035046577,429.783033967018,805.760406345129,132.457914501429,81.9643096923828,133.208648681641,0.361050397157669,16.0046900361776,70.293448522687,7007.07467001677,8334.73289618641,4100.56854500622,135.145775079727,211.402196332812,714.284686125815,522.400192320347,348.429132893682,34.1125971078873,219.075376816094,52.0506513118744,4,0,0,19.7926700115204,652.774820312858,108.539520025253,460.367405772209,3,1961.76910606027,3353.92826330662,478.095990091562,1202.56133152544,288.204288840294,4.96551840007305,2131.46863622963,1243.12410250306,197.847077690065,182.285990342498,84.42475759238,540.691657423973,4266.15104937553,2860.84185819328,1200.56844531,89.1530478447676,0,0,0,164.072371006012,12.5972674041986,321.029599010944,18.2786359935999,2.08248436450958,60.8601367771626,6.48729747533798,0,389.954291433096,246.852130502462,33.7818309366703,59.9096857756376,104.294962719083,16.3305750787258,108.134387761354,0,1,5.16896617412567,173.535236135125,179.890727758408,49.8373867869377,3.8357527256012,63.651507973671,0,862.913384325802,996.049871429801,132.251899406314,226.817066147923,0,3454.9432887882,4997.01525626332,250.779863275588,506.951255895197
0,0,0,3.11460566520691,36.640557706356,0,2.6765992641449,0,11.9944273233414,51.0565423965454,158.52591753006,0,8.90298676490784,0,0,0,585.071135722101,667.358146011829,6.74512097239494,0,0,4.07602222263813,132.936495825648,0,0,20.6277683675289,2.74232211709023,0,121.131484270096,0,112.693146705627,0,0,0,0,0,1679.23993109167,0,324.569978162646,0.726193770766258,0,3.77940464764833,1.93897414207458,2.35802939534187,0,0,0,0,0,2.06829598546028,0,0,0,0,1.25282463431358,0,0,0,0,0,0,0,0,0,0,31.0926986783743,0,0,0.754822611808777,0,3,0,0,1,0,0,0,0,0.317853577435017,302.189768001437,0,11.2253081798553,3454.9432887882,0,19.1330168396235,1.32491660118103,0
662.558909624815,658.232694834471,92.23170183599,204.208447381854,3.65944540500641,8.23770761489868,0,0,68.2889017760754,53.2240481823683,5.10461795330048,0,0,0,36.061175391078,6.07042741775513,920.759956739843,460.135256633162,3691.76904002577,177.032449305058,30.8547166585922,3.85024906694889,5.15633490681648,9.17415522038937,108.037229984999,3.56549668312073,0,0,0,0,0,0,0,0,0,188.778260447085,85.9292948544025,158.906082779169,135.432476550341,1736.41723921895,73.090916544199,3858.52908498794,3564.13279779255,448.378415033221,461.312611892819,2434.61584343016,2125.55398593843,264.117333114147,2061.58929939568,1637.76251760125,1.75540900230408,4.61375951766968,0,0,4.01754710078239,32.3547310009599,807.625564515591,761.621725201607,20.1455243229866,0.963172495365143,170.49694262445,19.2429695278406,1154.78440119326,515.499147407711,0,5.22137777507305,44.6207408457994,313.086180493236,27.7977055311203,0,43.3176311701536,74.7159365564585,1070.01736812294,298.986423015594,1.32966095209122,0,0,0,982.774972014129,1241.80044817924,36.5996840149164,144.473550990224,4997.01525626332,19.1330168396235,0,673.179094821215,1224.06506036222
