0,0,18.1623155389513,0,27.3548579216003,0,0,0,11.0857976293491,0,0,0,0,0,0,0,0,0,13.2763400318361,0,0,0,0,0,10.6462802886963,0,0,0,0,0,0,0,0,0,0,0,0,0,12.3534803920322,0,0,0,19.179054545013,0,0,0,0,0,5.41660809365048,0,0,0,0,0,15.4295212299051,0,0,0,0,0,2.7515709400177,0,0,0,0,0,0,10.7890602350235,0,0,0,0,0,26.5375053405762,0,0,0,0,0,0,0,13.9488548234452,11.3808599505675,0,12.7391267811942,0,0
0,0,0,18.434993046086,0,22.8606436252594,0,0,0,7.70870150158601,0,0,0,0,0,0,0,31.868782043457,9.25327244748607,0,0,0,0,7.94605956012256,0,0,0,0,0,0,0,0,0,0,0,0,0,11.1893105506897,0,39.8986892700195,0,20.5776324626935,0,0,0,0,0,0,0,6.25070469361499,0,0,0,0,0,5.42070425991361,0,22.759859085083,0,0,0,0,0,0,0,0,8.37229217415207,0,0,0,0,0,0,0,0,0,0,0,0,0,0,0,10.641256988975,21.7522281299938,12.5215466779845,19.1851989746094,0
18.1623155389513,0,0,42.9223698510064,4.2688056132025,44.5265464782715,0,0,26.2998988673372,0,0,0,0,0,0,0,49.2807483673096,0,39.3818858861923,0,0,0,0,0,0,0,0,0,0,0,0,0,0,0,0,0,18.3693178193685,0,0,0,22.0454183847476,0,29.196469856031,0,0,0,23.2665134492468,0,5.01274752360518,0,5.49635976079119,0,0,0,19.5145655790965,0,26.3948707580566,0,3.38348143100739,0,4.02863875480547,0,0,27.2238830354479,0,0,0,31.4103889465332,0,0,0,31.3241745716817,0,30.7180068969727,0,0,0,0,0,28.9264084952218,0,31.3016230265299,18.7019563305135,24.0815932329963,20.0980270351582,0,0
0,18.434993046086,42.9223698510064,0,0,4.09466813645273,0,0,0,23.6901230739825,0,0,0,0,0,0,61.9165780203683,46.2171482395481,46.4701949726452,0,0,0,0,28.5641918182373,0,0,0,0,0,0,0,0,0,0,0,18.9582246144613,0,28.3668375015259,0,29.477659372183,0,31.4403997114199,30.055908203125,0,0,26.1429879930284,56.5347410837809,0,42.6882781982422,10.0019684488123,0,4.9093018089022,0,0,0,10.4463897314939,0,31.1064220855111,0,0,0,0,28.0593757629395,84.862232208252,0,0,24.8501247059215,0,0,0,0,0,32.5661926269531,0,0,0,0,0,31.2856460147434,62.1498018900553,0,0,20.4556966748818,30.2936114337709,26.1769806653173,30.0614891052246,0
27.3548579216003,0,4.2688056132025,0,0,0,3.18898814065116,0,28.3981180544253,0,4.46094274569039,0,0,0,0,0,0,0,33.9317169189453,0,5.39714121818542,0,0,0,0,0,0,0,0,0,0,0,0,0,0,0,17.0789598134848,0,0,0,0,0,33.8118915557861,0,0,0,0,0,0,0,3.36351898623637,0,3.16888996934698,0,7.08401165452114,0,3.09535869430093,0,0,0,0,0,0,39.2188568115234,0,0,0,35.0340728759766,0,0,0,38.6256065368652,0,34.893150806427,0,0,0,0,0,40.0355072021484,0,32.6664876937866,6.84230336852307,22.7260823249817,18.2583657842736,0,0
0,22.8606436252594,44.5265464782715,4.09466813645273,0,0,0,0,0,15.2700317639571,0,0,0,0,0,2.74017834663391,0,0,0,5.19717761448451,0,0,0,0,0,0,0,0,0,0,0,0,0,0,0,13.7061388492584,0,0,0,34.8983974456787,0,36.4023442291861,32.8788261413574,0,0,0,0,0,0,0,0,2.92708334326744,0,0,0,26.8041687011719,0,35.6021016438802,0,0,0,2.7725307808982,0,0,0,0,0,0,0,0,0,0,0,0,0,0,0,0,36.1589469909668,0,0,0,5.93536414183103,0,13.6510009860324,38.2796587944031,0
0,0,0,0,3.18898814065116,0,0,0,0,0,3.57110676765442,0,3.04581499099731,0,0,0,0,0,0,0,3.32542152404785,0,0,0,0,0,0,0,0,0,0,0,0,0,0,0,2.959312915802,0,0,0,0,0,0,0,0,0,0,0,0,0,0,0,2.98992696112775,0,0,0,0,0,0,0,0,0,0,0,0,0,0,0,0,0,0,0,0,0,0,0,0,0,0,0,0,0,2.82353940010071,3.26554369926453,3.42120899873621,0,0
0,0,0,0,0,0,0,0,0,0,0,0,0,0,0,0,0,0,0,2.81780936501243,0,0,0,0,0,0,0,0,0,0,0,0,0,0,0,0,0,0,0,0,0,0,0,0,0,0,0,0,0,0,0,0,0,0,0,0,0,0,0,0,0,0,0,0,0,0,0,0,0,0,0,0,0,0,0,0,0,0,0,0,0,0,2.7527682185173,0,0,0,0
11.0857976293491,0,26.2998988673372,0,28.3981180544253,0,0,0,0,0,0,0,0,0,3.95741982204573,0,3.29651409387589,0,17.805847462388,0,0,0,0,0,4.79001380757588,0,2.97566970984141,0,0,0,0,0,0,0,0,0,30.7170658111572,0,12.6626262664795,0,0,0,17.9279195862328,0,0,0,0,0,7.21919178381199,0,0,0,0,0,9.0273418594782,0,0,0,0,0,4.72631369844268,0,0,33.3177223205566,0,0,0,5.85942465626732,0,0,0,32.9852968851725,0,21.314427280426,0,0,0,0,0,34.3988513946533,0,7.26003716865816,10.6078379905571,4.80431826931337,16.7434844592909,0,0
0,7.70870150158601,0,23.6901230739825,0,15.2700317639571,0,0,0,0,0,0,0,0,0,0,0,3.78956413269043,23.8850276129586,0,0,0,0,3.79596050580343,0,0,0,0,0,0,0,0,0,0,0,0,0,6.25684604368919,0,0,0,21.9731587866333,34.5892944335938,0,0,0,0,0,0,18.2212327032378,0,0,0,0,0,4.8692054052957,0,23.4870446523031,0,0,0,2.9687356710434,0,0,0,0,22.4893815782335,0,0,0,0,0,0,0,0,0,0,0,0,0,5.97511862311902,0,7.01908047086611,4.06928760043362,14.709451528611,12.6723754882813,0
0,0,0,0,4.46094274569039,0,3.57110676765442,0,0,0,0,0,2.92057405220219,0,0,0,0,0,0,0,3.85554171327042,0,0,0,0,0,0,0,0,0,2.8412236066965,0,0,0,0,0,0,0,3.20588206499815,0,0,0,0,0,0,0,0,0,0,0,0,0,4.36431284648616,0,0,0,3.37196521432895,0,3.03389836291233,0,0,0,0,5.15302696934453,0,0,0,0,0,0,0,0,0,3.10736554198795,0,0,0,0,0,0,0,0,2.93999226570129,4.63171362876892,4.51411046584447,0,0
0,0,0,0,0,0,0,0,0,0,0,0,0,3.29984521397483,0,0,0,0,0,3.16362231495471,0,0,0,0,0,0,0,3.51273572290099,0,0,0,0,0,0,0,2.94698299087327,0,3.55727212232293,0,0,0,0,0,0,0,0,0,0,0,0,0,0,0,0,0,0,0,2.87829933812221,0,3.4927733707724,0,0,3.40813999176025,0,0,0,0,0,0,0,2.94720208104177,0,0,0,0,0,0,0,3.14089134004381,0,0,0,2.87167141056061,0,0,0,0
0,0,0,0,0,0,3.04581499099731,0,0,0,2.92057405220219,0,0,0,3.1558334746144,0,0,0,0,0,0,0,0,0,0,0,0,0,2.9055487038316,0,0,0,0,0,0,0,0,0,0,0,0,0,0,0,0,0,0,0,0,0,0,0,0,0,0,0,0,0,3.23089365643466,0,0,0,0,0,0,0,0,0,0,0,0,2.95295807293483,0,0,0,0,0,0,0,0,0,0,3.15477329031583,3.16186694501874,0,0,0
0,0,0,0,0,0,0,0,0,0,0,3.29984521397483,0,0,0,2.95879799306841,0,0,0,0,0,0,0,0,0,0,0,2.99629808039892,0,0,0,0,0,0,0,0,0,0,0,0,0,0,0,0,0,0,0,0,0,0,0,0,0,0,0,0,0,3.23108882969673,0,3.33903332539667,0,3.0147900975393,0,0,0,0,0,0,0,0,2.87397484663056,0,0,0,0,0,0,0,0,0,0,0,3.07044823358812,3.86130263581672,0,0,0
0,0,0,0,0,0,0,0,3.95741982204573,0,0,0,3.1558334746144,0,0,0,2.94107703062204,0,0,0,0,0,0,0,0,0,2.84660014629364,0,3.00659555196762,0,0,0,0,0,0,0,0,0,0,0,0,0,0,0,0,0,0,0,2.94971132278442,0,0,0,0,0,3.27293316433939,0,0,0,2.92347606745633,0,3.63938964383547,0,0,0,0,0,0,0,0,0,0,0,0,0,0,0,0,0,0,0,0,0,2.92725149250339,4.28424983902981,0,0,0
0,0,0,0,0,2.74017834663391,0,0,0,0,0,0,0,2.95879799306841,0,0,0,2.81568229198456,0,0,0,0,0,0,0,2.91400077126243,0,2.81139953707305,0,0,0,0,0,0,0,0,0,0,0,0,0,0,0,0,0,0,0,0,0,0,0,0,0,0,0,0,0,0,0,3.01013448111677,0,2.96680235647456,0,0,0,0,0,0,2.97296722730001,0,3.05508572920096,0,0,0,0,0,0,0,0,0,0,0,3.04569195909762,3.20330906636787,0,0,0
0,0,49.2807483673096,61.9165780203683,0,0,0,0,3.29651409387589,0,0,0,0,0,2.94107703062204,0,0,10.0374398575209,15.5568471444718,0,0,0,3.28275943685461,0,0,0,2.93118742534093,0,3.15000513195992,0,0,0,0,0,0,0,0,0,0,59.32201666581,52.3495225906372,51.8250817248696,33.3185583725819,48.0460433959961,0,59.1672101143079,50.1808348483727,0,0,0,0,0,0,0,0,0,0,0,0,0,0,0,0,45.1652532245802,0,0,0,0,0,0,0,0,0,0,0,0,0,0,66.8570298414964,51.1795157643108,0,0,12.6120871139349,12.9167987290245,46.8288245288482,44.6741057175856,30.6924235395376
0,31.868782043457,0,46.2171482395481,0,0,0,0,0,3.78956413269043,0,0,0,0,0,2.81568229198456,10.0374398575209,0,15.4652621237722,0,0,3.21454003694895,0,0,0,2.84908744692802,0,0,0,0,0,0,0,0,0,0,0,0,0,48.6708559431043,62.1271759379994,37.4010461954627,49.8122308128758,35.1207349598408,0,44.931035720196,53.3924239930652,0,0,0,0,0,0,0,0,0,0,48.7146631876628,0,0,0,0,0,63.2125246524811,0,0,0,0,0,0,0,0,0,0,0,0,0,0,52.6828945694943,60.4395077883542,0,0,14.1935190839522,9.64109730235272,46.5878060883949,32.1194517931987,47.6537322998047
13.2763400318361,9.25327244748607,39.3818858861923,46.4701949726452,33.9317169189453,0,0,0,17.805847462388,23.8850276129586,0,0,0,0,0,0,15.5568471444718,15.4652621237722,0,0,0,0,0,29.5409768422445,0,0,0,0,0,0,0,0,0,0,0,0,0,0,0,37.4392729457421,36.7683499074012,20.1167420303465,14.4882624183197,17.8837360247047,17.0793342786966,42.6598507904945,41.9116122220573,0,31.2405122121175,13.2068044413691,0,0,0,0,22.6858413071759,26.3893075456806,28.2148208618164,35.4806006936466,0,0,0,0,53.3445472717285,36.8456938920306,0,0,27.1008166721889,28.5062127113342,0,0,0,32.6918888092041,29.0965251922607,30.5806870093712,0,0,0,0,36.8680649618292,36.0442248155367,0,28.3737907409668,14.0917732994178,21.4660882606495,28.1204474991947,15.4720735081387,12.1365555136818
0,0,0,0,0,5.19717761448451,0,2.81780936501243,0,0,0,3.16362231495471,0,0,0,0,0,0,0,0,0,0,0,0,0,0,0,0,0,0,0,0,0,0,0,3.07655028298844,0,2.91324003040791,0,0,0,34.1197547912598,0,0,0,0,0,0,0,40.9131774902344,0,0,0,2.95174193382263,0,0,0,3.92184716463089,0,0,0,0,2.94997068246206,0,0,0,0,0,0,0,0,0,0,0,0,0,0,0,3.03292831033468,0,0,0,7.44138634595715,7.03018540602464,6.08020335283556,0,0
0,0,0,0,5.39714121818542,0,3.32542152404785,0,0,0,3.85554171327042,0,0,0,0,0,0,0,0,0,0,0,0,0,0,0,0,0,0,0,0,0,0,0,0,0,3.04859831341003,0,3.20284243331236,0,0,0,0,0,0,0,0,0,0,0,0,0,3.49309249040557,0,0,0,4.05495175984171,0,0,0,0,0,0,2.96817226889272,0,0,0,0,0,0,0,0,0,0,0,0,0,0,0,3.42284762859344,0,0,2.89756915539126,0,0,0,0
0,0,0,0,0,0,0,0,0,0,0,0,0,0,0,0,0,3.21454003694895,0,0,0,0,3.52450160087623,2.88045942265054,0,3.07724638687548,0,2.92679114599486,0,0,0,0,0,0,0,0,0,3.02112830877304,0,0,0,0,0,0,0,0,0,0,0,0,0,0,0,0,0,0,0,0,0,0,0,0,0,0,2.98076544790725,2.74377143383026,2.96029520663863,0,0,0,2.89046162366867,0,0,0,0,0,0,0,0,0,3.37193512916565,0,3.36769837091102,4.07377205492889,0,0,0
0,0,0,0,0,0,0,0,0,0,0,0,0,0,0,0,3.28275943685461,0,0,0,0,3.52450160087623,0,0,0,0,0,0,2.85468871063656,0,0,0,0,0,0,0,0,0,3.13720507621765,0,0,0,0,0,0,0,0,0,0,0,0,0,0,0,0,0,0,0,0,0,0,0,0,0,3.27681284632002,2.94607726746004,0,3.19760970447374,0,0,0,0,0,0,0,0,0,0,0,0,0,0,3.44303682501816,3.47789776994941,0,0,0
0,7.94605956012256,0,28.5641918182373,0,0,0,0,0,3.79596050580343,0,0,0,0,0,0,0,0,29.5409768422445,0,0,2.88045942265054,0,0,0,0,0,0,0,0,0,0,0,0,0,0,0,5.30970784028371,0,0,0,21.2016258239746,0,0,0,0,0,0,0,17.4741201400757,0,0,0,0,0,6.85484668455626,0,0,0,0,0,0,0,0,3.08000435537964,0,3.27977020221858,0,3.59780691617943,0,0,0,0,0,0,0,0,0,0,0,4.51831092437108,0,13.7690916193856,0,10.5640332169003,6.73298454284668,0
10.6462802886963,0,0,0,0,0,0,0,4.79001380757588,0,0,0,0,0,0,0,0,0,0,0,0,0,0,0,0,0,2.94165730476379,0,0,0,0,0,0,0,0,0,0,0,3.31765110152108,0,0,0,0,0,0,0,0,0,0,0,0,0,0,0,4.49405390620232,0,0,0,0,0,0,0,0,0,0,3.20719917615255,0,3.50144171993092,0,0,0,0,0,0,0,0,0,0,0,0,0,2.81538367271423,3.16227515538534,0,0,0,0
0,0,0,0,0,0,0,0,0,0,0,0,0,0,0,2.91400077126243,0,2.84908744692802,0,0,0,3.07724638687548,0,0,0,0,0,2.96978538390433,0,0,0,0,0,0,0,0,0,0,0,0,0,0,0,0,0,0,0,0,0,0,0,0,0,0,0,0,0,0,0,0,0,2.93304699117487,0,0,3.12243200448843,0,0,0,2.96758254728706,0,3.21037070277315,0,0,0,0,0,0,0,0,0,0,0,3.21423775809152,0,0,0,0
0,0,0,0,0,0,0,0,2.97566970984141,0,0,0,0,0,2.84660014629364,0,2.93118742534093,0,0,0,0,0,0,0,2.94165730476379,0,0,0,3.00993110361882,0,0,0,0,0,0,0,0,0,0,0,0,0,0,0,0,0,0,0,0,0,0,0,0,0,0,0,0,0,0,0,0,0,0,0,0,0,0,0,0,3.00300941864649,0,3.1498721241951,0,0,0,0,0,0,0,0,0,0,2.75911316504845,0,0,0,0
0,0,0,0,0,0,0,0,0,0,0,3.51273572290099,0,2.99629808039892,0,2.81139953707305,0,0,0,0,0,2.92679114599486,0,0,0,2.96978538390433,0,0,0,2.84585613012314,0,0,0,0,0,0,0,0,0,0,0,0,0,0,0,0,0,0,0,0,0,0,0,0,0,0,0,0,0,2.7334908246994,0,0,0,0,0,0,0,0,0,0,2.91418072229941,0,0,0,0,0,0,0,0,0,0,0,3.06999087333679,2.89938926696777,0,0,0
0,0,0,0,0,0,0,0,0,0,0,0,2.9055487038316,0,3.00659555196762,0,3.15000513195992,0,0,0,0,0,2.85468871063656,0,0,0,3.00993110361882,0,0,0,3.44627384110993,0,0,0,0,0,0,0,0,0,0,0,0,0,0,0,0,0,0,0,0,0,0,0,0,0,0,0,2.91736342896164,0,0,0,0,0,0,0,0,0,0,2.94611096382141,0,2.98403326265231,0,0,0,0,0,0,0,0,0,0,3.18448443533281,2.873740536826,0,0,0
0,0,0,0,0,0,0,0,0,0,0,0,0,0,0,0,0,0,0,0,0,0,0,0,0,0,0,2.84585613012314,0,0,0,0,0,0,0,0,0,2.77687667637337,0,0,0,0,0,0,0,0,0,0,0,0,0,0,0,0,0,0,0,2.86257052939871,0,0,0,0,0,0,0,0,0,0,0,0,3.07544032966389,0,2.80184862727211,0,0,0,0,0,0,0,0,0,0,0,0,0,0
0,0,0,0,0,0,0,0,0,0,2.8412236066965,0,0,0,0,0,0,0,0,0,0,0,0,0,0,0,0,0,3.44627384110993,0,0,0,0,0,0,0,0,0,0,0,0,0,0,0,0,0,0,0,0,0,0,0,0,0,0,0,3.2560274079442,0,0,0,0,0,0,0,0,0,0,0,0,0,0,0,0,2.97763324528933,0,0,0,0,0,0,0,0,0,0,0,0,0
0,0,0,0,0,0,0,0,0,0,0,0,0,0,0,0,0,0,0,0,0,0,0,0,0,0,0,0,0,0,0,0,3.67802768194694,3.9165932669672,2.74383576711019,0,2.75081690152486,0,0,0,0,0,0,0,0,0,0,6.54398192856606,9.22082757032835,0,0,0,0,0,0,0,0,0,0,0,0,0,0,0,0,0,0,0,0,0,0,0,0,0,2.86098599433899,4.6415451917776,5.33028907531347,5.49880170822144,0,11.3347053527832,0,0,2.84791421890259,0,0,0,0
0,0,0,0,0,0,0,0,0,0,0,0,0,0,0,0,0,0,0,0,0,0,0,0,0,0,0,0,0,0,0,3.67802768194694,0,0,0,2.95491941769918,2.87733252843221,0,0,0,0,0,0,0,0,0,0,4.6127089704119,0,0,0,0,0,0,0,0,0,0,0,0,0,0,0,0,0,0,0,0,0,0,0,0,0,0,0,2.83589307804249,0,2.91438784599304,0,0,0,0,3.39694183158874,0,0,0,0
0,0,0,0,0,0,0,0,0,0,0,0,0,0,0,0,0,0,0,0,0,0,0,0,0,0,0,0,0,0,0,3.9165932669672,0,0,5.96405348696161,3.12018038676335,0,3.34524657058092,7.01055396502135,0,0,0,0,0,0,0,0,5.00655336014017,6.48120338408673,3.1629331111908,0,0,0,0,0,0,0,0,0,0,0,0,0,0,0,0,0,0,0,0,0,0,0,0,5.00061489068545,0,3.43198089956661,5.28250264552565,2.94328920808557,0,6.85718340003144,6.49487650301064,3.01598981921182,2.91181702613831,0,0,0
0,0,0,0,0,0,0,0,0,0,0,0,0,0,0,0,0,0,0,0,0,0,0,0,0,0,0,0,0,0,0,2.74383576711019,0,5.96405348696161,0,0,2.89844562025631,6.5353072665516,3.3678459037434,0,0,0,0,0,0,0,0,5.2072124477114,0,0,0,0,0,0,0,0,0,0,0,0,0,0,0,0,0,0,0,0,0,0,0,0,0,0,0,0,2.85912985615916,3.15131590850994,0,0,8.51811580657959,3.04804221250243,3.60218126822491,2.76866377483715,0,0,0
0,0,0,18.9582246144613,0,13.7061388492584,0,0,0,0,0,2.94698299087327,0,0,0,0,0,0,0,3.07655028298844,0,0,0,0,0,0,0,0,0,0,0,0,2.95491941769918,3.12018038676335,0,0,12.7059949874878,2.9578513729798,0,8.98610535034767,0,20.4072599983215,0,0,0,0,0,0,0,14.2108714580536,0,0,0,0,0,0,0,3.09442682527914,0,0,0,0,2.95820970691029,0,0,0,0,0,0,0,0,0,0,0,0,0,0,0,3.44038111074628,0,3.04026872102718,0,8.44726938958579,0,11.0251136117847,19.964958190918,0
0,0,18.3693178193685,0,17.0789598134848,0,2.959312915802,0,30.7170658111572,0,0,0,0,0,0,0,0,0,0,0,3.04859831341003,0,0,0,0,0,0,0,0,0,0,2.75081690152486,2.87733252843221,0,2.89844562025631,12.7059949874878,0,0,3.35846005639604,0,0,15.928083896637,0,0,0,0,0,0,10.9434022903442,0,25.0198377881731,0,0,0,26.2475528717041,0,0,0,0,0,0,0,0,3.23505577103036,0,0,0,0,0,0,0,0,0,0,0,2.87096785944562,0,0,0,3.04093250525246,0,3.40934579606475,10.2611386865601,0,15.2857220178295,18.0725784301758,0
0,11.1893105506897,0,28.3668375015259,0,0,0,0,0,6.25684604368919,0,3.55727212232293,0,0,0,0,0,0,0,2.91324003040791,0,3.02112830877304,0,5.30970784028371,0,0,0,0,0,2.77687667637337,0,0,0,3.34524657058092,6.5353072665516,2.9578513729798,0,0,7.20896360878819,0,0,8.67780236403147,0,0,0,0,0,7.43670653460319,0,20.2665476799011,0,0,0,0,0,8.70449435488778,0,3.72730766085328,0,0,0,0,3.43765473365784,0,3.1610472202301,0,6.52579905352461,0,0,0,0,0,2.86613341300718,0,0,0,3.39012919687757,8.98664116859436,3.00405949354172,0,3.57369646326665,7.09304326930172,5.75677949613479,2.84330758367266,11.9874025412968,10.2448876698812,0
12.3534803920322,0,0,0,0,0,0,0,12.6626262664795,0,3.20588206499815,0,0,0,0,0,0,0,0,0,3.20284243331236,0,3.13720507621765,0,3.31765110152108,0,0,0,0,0,0,0,0,7.01055396502135,3.3678459037434,0,3.35846005639604,7.20896360878819,0,0,0,0,0,0,0,0,0,6.39390826750281,0,0,0,0,0,0,34.8264083862305,0,3.60274654276231,0,0,0,0,0,0,0,0,0,0,6.87508017083873,0,0,0,0,0,0,0,0,0,3.16764045592607,0,0,6.07284397964782,3.27283259716546,4.61681204875286,2.91252315044403,3.78849138736725,0,0
0,39.8986892700195,0,29.477659372183,0,34.8983974456787,0,0,0,0,0,0,0,0,0,0,59.32201666581,48.6708559431043,37.4392729457421,0,0,0,0,0,0,0,0,0,0,0,0,0,0,0,0,8.98610535034767,0,0,0,0,85.6742630004883,13.7104263316308,98.4439086914062,21.3169043064117,0,5.32519547598703,70.7168871561686,0,0,5.99089387808586,0,0,0,0,0,35.2428321838379,0,48.5515988667806,0,0,0,0,0,69.7824020385742,0,0,0,0,0,0,0,0,0,0,0,0,0,0,13.9322572358897,74.5901336669922,0,0,47.073555288453,55.9247823474051,9.54357744595667,19.8967255637759,0
0,0,22.0454183847476,0,0,0,0,0,0,0,0,0,0,0,0,0,52.3495225906372,62.1271759379994,36.7683499074012,0,0,0,0,0,0,0,0,0,0,0,0,0,0,0,0,0,0,0,0,85.6742630004883,0,69.8472188313802,17.8433233833313,0,21.3000564575195,75.3301372528076,4.93267220778481,7.96624573417332,5.73947765189022,10.2910601298014,0,0,0,0,0,0,0,0,0,0,0,0,0,50.7149616877238,0,0,0,0,0,0,0,0,0,0,0,0,0,0,73.6403713226318,16.5379197833302,0,0,43.471534980591,56.0110946262584,17.3285077056351,0,17.5792009035746
0,20.5776324626935,0,31.4403997114199,0,36.4023442291861,0,0,0,21.9731587866333,0,0,0,0,0,0,51.8250817248696,37.4010461954627,20.1167420303465,34.1197547912598,0,0,0,21.2016258239746,0,0,0,0,0,0,0,0,0,0,0,20.4072599983215,15.928083896637,8.67780236403147,0,13.7104263316308,69.8472188313802,0,55.2391045093536,28.9720734119415,0,40.9417184900354,82.9530644416809,0,7.8084117124478,19.2530210696418,0,36.1513873013583,0,0,0,35.8449789028542,0,51.4004013226146,0,0,0,0,0,85.0593795776367,0,0,46.6399307250977,0,0,0,0,0,52.7229428010828,0,0,0,0,0,36.6387971374224,84.7784690856934,0,0,24.2852573046512,44.2647738839216,18.3255793857998,13.3759356697807,0
19.179054545013,0,29.196469856031,30.055908203125,33.8118915557861,32.8788261413574,0,0,17.9279195862328,34.5892944335938,0,0,0,0,0,0,33.3185583725819,49.8122308128758,14.4882624183197,0,0,0,0,0,0,0,0,0,0,0,0,0,0,0,0,0,0,0,0,98.4439086914062,17.8433233833313,55.2391045093536,0,0,9.53233975455874,48.6516990661621,17.6063363334286,0,12.5642391361805,0,38.246319770813,0,0,0,31.2833600750676,34.5645141601562,52.0551261901855,0,0,0,36.4891535441081,0,0,44.9783072409692,0,0,0,40.0318946838379,0,0,0,47.3339691162109,0,43.8325492858887,0,0,0,0,66.4022972106934,24.761970854631,0,53.1480903625488,25.0515513670251,28.9891102144008,17.055666225672,0,7.49586581426953
0,0,0,0,0,0,0,0,0,0,0,0,0,0,0,0,48.0460433959961,35.1207349598408,17.8837360247047,0,0,0,0,0,0,0,0,0,0,0,0,0,0,0,0,0,0,0,0,21.3169043064117,0,28.9720734119415,0,0,0,12.621230840683,82.4185256958008,0,0,0,0,0,0,0,0,0,0,38.8154411315918,0,0,0,0,0,0,0,0,0,0,0,0,0,0,0,0,0,0,0,0,29.5209359389085,0,0,0,22.4028184437516,39.1059272766113,14.3094860057367,10.7492597103119,0
0,0,0,0,0,0,0,0,0,0,0,0,0,0,0,0,0,0,17.0793342786966,0,0,0,0,0,0,0,0,0,0,0,0,0,0,0,0,0,0,0,0,0,21.3000564575195,0,9.53233975455874,0,0,0,15.0864729315548,0,0,0,0,0,0,0,0,0,0,0,0,0,0,0,0,0,0,0,0,0,0,0,0,0,0,0,0,0,0,0,0,0,0,0,14.2316928398318,44.2209014892578,12.4433087015909,0,0
0,0,0,26.1429879930284,0,0,0,0,0,0,0,0,0,0,0,0,59.1672101143079,44.931035720196,42.6598507904945,0,0,0,0,0,0,0,0,0,0,0,0,0,0,0,0,0,0,0,0,5.32519547598703,75.3301372528076,40.9417184900354,48.6516990661621,12.621230840683,0,0,74.6080645808467,0,0,0,0,0,0,0,0,0,0,50.9989585876465,0,0,0,0,3.54925326393683,89.59765625,0,0,0,0,0,0,0,0,0,0,0,0,0,0,42.6734854500249,82.0679179600307,0,0,46.9633782183538,54.4971244027369,18.5799208897699,77.6892674763997,0
0,0,23.2665134492468,56.5347410837809,0,0,0,0,0,0,0,0,0,0,0,0,50.1808348483727,53.3924239930652,41.9116122220573,0,0,0,0,0,0,0,0,0,0,0,0,0,0,0,0,0,0,0,0,70.7168871561686,4.93267220778481,82.9530644416809,17.6063363334286,82.4185256958008,15.0864729315548,74.6080645808467,0,0,21.2193557739258,0,0,0,0,0,29.7543347676595,0,0,0,0,0,0,0,0,18.7375015750039,0,0,0,0,0,0,0,53.0587463378906,0,0,0,0,0,0,74.1953582763672,42.245177133109,0,0,43.3559602283817,53.5585568651391,18.0537286993379,0,0
0,0,0,0,0,0,0,0,0,0,0,0,0,0,0,0,0,0,0,0,0,0,0,0,0,0,0,0,0,0,0,6.54398192856606,4.6127089704119,5.00655336014017,5.2072124477114,0,0,7.43670653460319,6.39390826750281,0,7.96624573417332,0,0,0,0,0,0,0,6.49275822189685,4.09242889944762,0,0,0,0,0,0,0,0,0,0,0,0,0,0,0,0,0,0,0,0,0,0,0,0,0,9.40294342798902,5.9389710379119,5.46589385138618,0,6.26487290491911,7.87040210695672,7.7208321762085,5.23654854459394,0,11.0974754605974,0,0
5.41660809365048,0,5.01274752360518,42.6882781982422,0,0,0,0,7.21919178381199,0,0,0,0,0,2.94971132278442,0,0,0,31.2405122121175,0,0,0,0,0,0,0,0,0,0,0,0,9.22082757032835,0,6.48120338408673,0,0,10.9434022903442,0,0,0,5.73947765189022,7.8084117124478,12.5642391361805,0,0,0,21.2193557739258,6.49275822189685,0,6.28285341810906,0,0,0,0,9.42441045320951,0,2.73347210884094,0,0,0,2.84733486175537,0,0,0,0,0,0,0,0,0,0,0,0,0,0,7.06756007671356,0,0,0,4.81015661114552,0,16.5469880104065,6.2504879296326,49.7875137329102,9.32867975973063,10.3549990653992,0
0,6.25070469361499,0,10.0019684488123,0,0,0,0,0,18.2212327032378,0,0,0,0,0,0,0,0,13.2068044413691,40.9131774902344,0,0,0,17.4741201400757,0,0,0,0,0,0,0,0,0,3.1629331111908,0,14.2108714580536,0,20.2665476799011,0,5.99089387808586,10.2910601298014,19.2530210696418,0,0,0,0,0,4.09242889944762,6.28285341810906,0,0,0,0,0,0,5.13386623064677,0,11.4068972089074,0,0,0,0,0,0,0,0,15.0721279144287,0,0,0,0,0,0,0,0,0,0,0,6.0449830140823,0,0,0,5.54195061736668,12.2326974868774,8.73256295132758,14.7469344222755,0
0,0,5.49635976079119,0,3.36351898623637,0,0,0,0,0,0,0,0,0,0,0,0,0,0,0,0,0,0,0,0,0,0,0,0,0,0,0,0,0,0,0,25.0198377881731,0,0,0,0,0,38.246319770813,0,0,0,0,0,0,0,0,0,0,0,0,0,3.94771480356526,0,0,0,0,0,0,0,0,0,0,0,0,0,0,0,0,0,0,0,0,0,0,0,0,0,8.5955662727356,0,5.97861933708191,0,0
0,0,0,4.9093018089022,0,2.92708334326744,0,0,0,0,0,0,0,0,0,0,0,0,0,0,0,0,0,0,0,0,0,0,0,0,0,0,0,0,0,0,0,0,0,0,0,36.1513873013583,0,0,0,0,0,0,0,0,0,0,0,0,0,0,0,0,0,0,0,0,0,0,0,0,0,0,0,0,0,0,36.5019187927246,0,0,0,0,0,0,0,0,0,3.18591400487533,0,19.5412171681722,0,0
0,0,0,0,3.16888996934698,0,2.98992696112775,0,0,0,4.36431284648616,0,0,0,0,0,0,0,0,0,3.49309249040557,0,0,0,0,0,0,0,0,0,0,0,0,0,0,0,0,0,0,0,0,0,0,0,0,0,0,0,0,0,0,0,0,0,0,0,0,0,0,0,0,0,0,0,0,0,0,0,0,0,0,0,0,0,0,0,0,0,0,0,0,0,2.7309922642178,3.46402858604084,3.55455321832137,0,0
0,0,0,0,0,0,0,0,0,0,0,0,0,0,0,0,0,0,0,2.95174193382263,0,0,0,0,0,0,0,0,0,0,0,0,0,0,0,0,0,0,0,0,0,0,0,0,0,0,0,0,0,0,0,0,0,0,0,0,0,0,0,0,0,0,0,0,0,0,0,0,0,0,0,0,0,0,0,0,0,0,0,0,0,0,2.9534649848938,0,0,0,0
15.4295212299051,0,19.5145655790965,0,7.08401165452114,0,0,0,9.0273418594782,0,0,0,0,0,3.27293316433939,0,0,0,22.6858413071759,0,0,0,0,0,4.49405390620232,0,0,0,0,0,0,0,0,0,0,0,26.2475528717041,0,34.8264083862305,0,0,0,31.2833600750676,0,0,0,29.7543347676595,0,9.42441045320951,0,0,0,0,0,0,0,0,0,0,0,4.70374143890161,0,0,34.0177249908447,0,0,0,4.32150623039227,0,0,0,33.7083231608073,0,32.7169394493103,0,0,0,0,0,0,0,25.2484250068665,20.9039290659498,26.5929946899414,26.5244931561014,0,0
0,5.42070425991361,0,10.4463897314939,0,26.8041687011719,0,0,0,4.8692054052957,0,0,0,0,0,0,0,0,26.3893075456806,0,0,0,0,6.85484668455626,0,0,0,0,0,0,0,0,0,0,0,0,0,8.70449435488778,0,35.2428321838379,0,35.8449789028542,34.5645141601562,0,0,0,0,0,0,5.13386623064677,0,0,0,0,0,0,0,34.4323302048903,0,0,0,0,0,0,0,0,4.90907858452707,0,0,0,0,0,36.2267074584961,0,0,0,0,0,0,0,9.59963157700329,0,10.5173733574033,28.6682739257812,18.1932531093464,32.4940135478973,0
0,0,26.3948707580566,0,3.09535869430093,0,0,0,0,0,3.37196521432895,0,0,0,0,0,0,0,28.2148208618164,0,4.05495175984171,0,0,0,0,0,0,0,0,0,3.2560274079442,0,0,0,0,0,0,0,3.60274654276231,0,0,0,52.0551261901855,0,0,0,0,0,2.73347210884094,0,3.94771480356526,0,0,0,0,0,0,0,2.8587319056193,0,3.16246366500854,0,0,3.98472415260647,0,0,0,0,0,0,0,0,0,3.82003083825111,0,0,0,0,0,0,0,0,18.0681236237288,0,11.5701596736908,0,0
0,22.759859085083,0,31.1064220855111,0,35.6021016438802,0,0,0,23.4870446523031,0,2.87829933812221,0,3.23108882969673,0,0,0,48.7146631876628,35.4806006936466,3.92184716463089,0,0,0,0,0,0,0,0,0,2.86257052939871,0,0,0,0,0,3.09442682527914,0,3.72730766085328,0,48.5515988667806,0,51.4004013226146,0,38.8154411315918,0,50.9989585876465,0,0,0,11.4068972089074,0,0,0,0,0,34.4323302048903,0,0,0,3.52457338706248,0,0,4.31969046592712,0,0,0,0,0,0,0,0,0,2.88770334777378,0,0,0,0,0,10.5749664306641,83.079475402832,0,0,18.8119779392097,67.2975654602051,13.8925015406175,54.5648126602173,98.6257400512695
0,0,3.38348143100739,0,0,0,0,0,0,0,3.03389836291233,0,3.23089365643466,0,2.92347606745633,0,0,0,0,0,0,0,0,0,0,0,0,0,2.91736342896164,0,0,0,0,0,0,0,0,0,0,0,0,0,0,0,0,0,0,0,0,0,0,0,0,0,0,0,2.8587319056193,0,0,0,0,0,0,0,0,0,0,0,0,0,0,0,0,0,0,0,0,0,0,0,0,0,3.34259617328644,3.19985485076904,0,0,0
0,0,0,0,0,0,0,0,0,0,0,3.4927733707724,0,3.33903332539667,0,3.01013448111677,0,0,0,0,0,0,0,0,0,0,0,2.7334908246994,0,0,0,0,0,0,0,0,0,0,0,0,0,0,0,0,0,0,0,0,0,0,0,0,0,0,0,0,0,3.52457338706248,0,0,0,2.96975943937406,0,0,0,0,0,0,0,0,0,0,0,0,0,0,0,0,0,0,0,0,3.32608675103781,3.2779992546354,0,0,0
2.7515709400177,0,4.02863875480547,0,0,0,0,0,4.72631369844268,0,0,0,0,0,3.63938964383547,0,0,0,0,0,0,0,0,0,0,0,0,0,0,0,0,0,0,0,0,0,0,0,0,0,0,0,36.4891535441081,0,0,0,0,0,2.84733486175537,0,0,0,0,0,4.70374143890161,0,3.16246366500854,0,0,0,0,0,0,0,0,0,0,0,0,0,0,0,0,0,0,0,0,0,0,0,0,0,2.77960124015808,3.10348257736156,22.3232123851776,0,0
0,0,0,0,0,2.7725307808982,0,0,0,2.9687356710434,0,0,0,3.0147900975393,0,2.96680235647456,0,0,0,0,0,0,0,0,0,2.93304699117487,0,0,0,0,0,0,0,0,0,0,0,0,0,0,0,0,0,0,0,0,0,0,0,0,0,0,0,0,0,0,0,0,0,2.96975943937406,0,0,0,0,0,0,0,0,0,0,0,0,0,0,0,0,0,0,0,0,0,0,3.01073492735795,3.64651164554414,0,0,0
0,0,0,28.0593757629395,0,0,0,0,0,0,0,3.40813999176025,0,0,0,0,0,0,53.3445472717285,2.94997068246206,0,0,0,0,0,0,0,0,0,0,0,0,0,0,0,2.95820970691029,0,3.43765473365784,0,0,0,0,0,0,0,3.54925326393683,0,0,0,0,0,0,0,0,0,0,0,4.31969046592712,0,0,0,0,0,0,0,0,0,0,0,0,0,0,0,0,0,0,0,0,2.95630693435669,0,0,0,10.340196279379,0,3.74593813809971,0,0
0,0,27.2238830354479,84.862232208252,39.2188568115234,0,0,0,33.3177223205566,0,5.15302696934453,0,0,0,0,0,45.1652532245802,63.2125246524811,36.8456938920306,0,2.96817226889272,0,0,0,0,0,0,0,0,0,0,0,0,0,0,0,3.23505577103036,0,0,69.7824020385742,50.7149616877238,85.0593795776367,44.9783072409692,0,0,89.59765625,18.7375015750039,0,0,0,0,0,0,0,34.0177249908447,0,3.98472415260647,0,0,0,0,0,0,0,0,0,0,0,0,0,0,0,0,0,0,0,0,0,0,8.06216862996419,0,0,23.5303454059833,54.1537763050624,12.661211754278,0,17.8499946594238
0,0,0,0,0,0,0,0,0,0,0,0,0,0,0,0,0,0,0,0,0,2.98076544790725,3.27681284632002,3.08000435537964,0,3.12243200448843,0,0,0,0,0,0,0,0,0,0,0,3.1610472202301,0,0,0,0,0,0,0,0,0,0,0,0,0,0,0,0,0,0,0,0,0,0,0,0,0,0,0,0,3.07366881370544,0,0,0,0,0,0,0,0,0,0,0,0,0,0,0,3.19043571016063,0,0,0,0
0,0,0,0,0,0,0,0,0,0,0,0,0,0,0,0,0,0,0,0,0,2.74377143383026,2.94607726746004,0,3.20719917615255,0,0,0,0,0,0,0,0,0,0,0,0,0,0,0,0,0,0,0,0,0,0,0,0,0,0,0,0,0,0,0,0,0,0,0,0,0,0,0,0,0,0,3.12583350098651,0,0,0,0,0,0,0,0,0,0,0,0,0,0,3.3917479094337,0,0,0,0
0,8.37229217415207,0,24.8501247059215,0,0,0,0,0,22.4893815782335,0,0,0,0,0,0,0,0,27.1008166721889,0,0,2.96029520663863,0,3.27977020221858,0,0,0,0,0,0,0,0,0,0,0,0,0,6.52579905352461,0,0,0,46.6399307250977,0,0,0,0,0,0,0,15.0721279144287,0,0,0,0,0,4.90907858452707,0,0,0,0,0,0,0,0,3.07366881370544,0,0,0,0,0,0,0,0,0,0,0,0,0,0,0,6.75153407513429,0,16.1532678268574,0,8.44548989440266,0,0
10.7890602350235,0,31.4103889465332,0,35.0340728759766,0,0,0,5.85942465626732,0,0,0,0,0,0,0,0,0,28.5062127113342,0,0,0,3.19760970447374,0,3.50144171993092,0,0,0,0,0,0,0,0,0,0,0,0,0,6.87508017083873,0,0,0,40.0318946838379,0,0,0,0,0,0,0,0,0,0,0,4.32150623039227,0,0,0,0,0,0,0,0,0,0,3.12583350098651,0,0,0,0,0,0,0,0,0,0,0,0,0,0,0,4.92312745140964,34.2715682983398,0,12.6312546730042,0,0
0,0,0,0,0,0,0,0,0,0,0,0,0,0,0,2.97296722730001,0,0,0,0,0,0,0,3.59780691617943,0,2.96758254728706,0,0,0,0,0,0,0,0,0,0,0,0,0,0,0,0,0,0,0,0,0,0,0,0,0,0,0,0,0,0,0,0,0,0,0,0,0,0,0,0,0,0,0,0,0,0,0,0,0,0,0,0,0,0,0,0,0,0,0,0,0
0,0,0,0,0,0,0,0,0,0,0,0,0,0,0,0,0,0,0,0,0,0,0,0,0,0,3.00300941864649,0,2.94611096382141,0,0,0,0,0,0,0,0,0,0,0,0,0,0,0,0,0,0,0,0,0,0,0,0,0,0,0,0,0,0,0,0,0,0,0,0,0,0,0,0,0,0,0,0,0,0,0,0,0,0,0,0,0,0,0,0,0,0
0,0,0,0,0,0,0,0,0,0,0,2.94720208104177,0,2.87397484663056,0,3.05508572920096,0,0,0,0,0,2.89046162366867,0,0,0,3.21037070277315,0,2.91418072229941,0,3.07544032966389,0,0,0,0,0,0,0,0,0,0,0,0,0,0,0,0,0,0,0,0,0,0,0,0,0,0,0,0,0,0,0,0,0,0,0,0,0,0,0,0,0,0,0,0,0,0,0,0,0,0,0,0,3.03708151408604,0,0,0,0
0,0,31.3241745716817,0,38.6256065368652,0,0,0,32.9852968851725,0,0,0,2.95295807293483,0,0,0,0,0,32.6918888092041,0,0,0,0,0,0,0,3.1498721241951,0,2.98403326265231,0,0,0,0,0,0,0,0,0,0,0,0,0,47.3339691162109,0,0,0,53.0587463378906,0,0,0,0,0,0,0,33.7083231608073,0,0,0,0,0,0,0,0,0,0,0,0,0,0,0,0,0,0,2.74859881401062,0,0,0,0,0,0,0,0,19.3760546134866,0,5.66139789124653,0,0
0,0,0,32.5661926269531,0,0,0,0,0,0,0,0,0,0,0,0,0,0,29.0965251922607,0,0,0,0,0,0,0,0,0,0,2.80184862727211,0,0,0,0,0,0,0,2.86613341300718,0,0,0,52.7229428010828,0,0,0,0,0,0,0,0,0,36.5019187927246,0,0,0,36.2267074584961,0,2.88770334777378,0,0,0,0,0,0,0,0,0,0,0,0,0,0,0,0,0,0,0,0,0,0,0,0,37.5712782541911,0,18.4548127821514,0,0
26.5375053405762,0,30.7180068969727,0,34.893150806427,0,0,0,21.314427280426,0,3.10736554198795,0,0,0,0,0,0,0,30.5806870093712,0,0,0,0,0,0,0,0,0,0,0,2.97763324528933,0,0,0,0,0,0,0,0,0,0,0,43.8325492858887,0,0,0,0,0,0,0,0,0,0,0,32.7169394493103,0,3.82003083825111,0,0,0,0,0,0,0,0,0,0,0,0,0,0,2.74859881401062,0,0,0,0,0,0,0,0,0,0,27.6311407637322,39.340264638265,6.89132062981768,0,0
0,0,0,0,0,0,0,0,0,0,0,0,0,0,0,0,0,0,0,0,0,0,0,0,0,0,0,0,0,0,0,2.86098599433899,0,5.00061489068545,0,0,0,0,0,0,0,0,0,0,0,0,0,0,0,0,0,0,0,0,0,0,0,0,0,0,0,0,0,0,0,0,0,0,0,0,0,0,0,0,0,0,5.5999584197998,0,0,0,0,0,2.9512050151825,0,0,0,0
0,0,0,0,0,0,0,0,0,0,0,0,0,0,0,0,0,0,0,0,0,0,0,0,0,0,0,0,0,0,0,4.6415451917776,2.83589307804249,0,0,0,2.87096785944562,0,0,0,0,0,0,0,0,0,0,9.40294342798902,7.06756007671356,0,0,0,0,0,0,0,0,0,0,0,0,0,0,0,0,0,0,0,0,0,0,0,0,0,0,0,0,2.81910276412964,0,0,0,0,0,0,0,0,0
0,0,0,0,0,0,0,0,0,0,0,0,0,0,0,0,0,0,0,0,0,0,0,0,0,0,0,0,0,0,0,5.33028907531347,0,3.43198089956661,2.85912985615916,0,0,3.39012919687757,0,0,0,0,0,0,0,0,0,5.9389710379119,0,0,0,0,0,0,0,0,0,0,0,0,0,0,0,0,0,0,0,0,0,0,0,0,0,0,5.5999584197998,0,0,4.45596551895142,0,0,0,0,3.11104033210061,0,0,0,0
0,0,0,0,0,0,0,0,0,0,0,0,0,0,0,0,0,0,0,0,0,0,0,0,0,0,0,0,0,0,0,5.49880170822144,2.91438784599304,5.28250264552565,3.15131590850994,0,0,8.98664116859436,3.16764045592607,0,0,0,0,0,0,0,0,5.46589385138618,0,0,0,0,0,0,0,0,0,0,0,0,0,0,0,0,0,0,0,0,0,0,0,0,0,0,0,2.81910276412964,4.45596551895142,0,0,0,9.41347694396973,3.07891621362595,3.00082634216131,2.94866929137916,0,0,0
0,0,0,31.2856460147434,0,36.1589469909668,0,0,0,0,0,3.14089134004381,0,0,0,0,66.8570298414964,52.6828945694943,36.8680649618292,3.03292831033468,0,0,0,0,0,0,0,0,0,0,0,0,0,2.94328920808557,0,3.44038111074628,0,3.00405949354172,0,13.9322572358897,73.6403713226318,36.6387971374224,66.4022972106934,29.5209359389085,0,42.6734854500249,74.1953582763672,0,0,6.0449830140823,0,0,0,0,0,0,0,10.5749664306641,0,0,0,0,2.95630693435669,0,0,0,0,0,0,0,0,0,0,0,0,0,0,0,0,72.8533739362444,4.21380381286144,0,35.5705711549183,62.5954309328638,20.462906558453,26.2613354921341,59.9499893188477
0,0,28.9264084952218,62.1498018900553,40.0355072021484,0,0,0,34.3988513946533,0,0,0,0,0,0,0,51.1795157643108,60.4395077883542,36.0442248155367,0,3.42284762859344,0,0,0,0,0,0,0,0,0,0,11.3347053527832,0,0,0,0,3.04093250525246,0,0,74.5901336669922,16.5379197833302,84.7784690856934,24.761970854631,0,0,82.0679179600307,42.245177133109,6.26487290491911,4.81015661114552,0,0,0,0,0,0,0,0,83.079475402832,0,0,0,0,0,8.06216862996419,0,0,0,0,0,0,0,0,0,0,0,0,0,0,72.8533739362444,0,0,3.3859685292034,46.3139571840033,59.8139817266181,14.1162105514091,0,21.745280623436
0,0,0,0,0,0,0,0,0,5.97511862311902,0,0,0,0,0,0,0,0,0,0,0,3.37193512916565,0,4.51831092437108,0,0,0,0,0,0,0,0,0,6.85718340003144,8.51811580657959,3.04026872102718,0,3.57369646326665,6.07284397964782,0,0,0,0,0,0,0,0,7.87040210695672,0,0,0,0,0,0,0,9.59963157700329,0,0,0,0,0,0,0,0,0,0,6.75153407513429,0,0,0,0,0,0,0,0,0,0,9.41347694396973,4.21380381286144,0,0,7.83905728512752,3.29388044716476,2.86305785924196,2.74160617589951,0,0
13.9488548234452,0,31.3016230265299,0,32.6664876937866,0,0,0,7.26003716865816,0,0,0,0,0,0,0,0,0,28.3737907409668,0,0,0,0,0,2.81538367271423,0,0,0,0,0,0,0,0,6.49487650301064,3.04804221250243,0,3.40934579606475,7.09304326930172,3.27283259716546,0,0,0,53.1480903625488,0,0,0,0,7.7208321762085,16.5469880104065,0,0,0,0,0,25.2484250068665,0,0,0,0,0,0,0,0,0,0,0,0,4.92312745140964,0,0,0,0,0,0,0,0,0,3.07891621362595,0,3.3859685292034,7.83905728512752,0,4.06147357162676,0,9.13275504995275,0,0
11.3808599505675,10.641256988975,18.7019563305135,20.4556966748818,6.84230336852307,5.93536414183103,2.82353940010071,2.7527682185173,10.6078379905571,7.01908047086611,2.93999226570129,2.87167141056061,3.15477329031583,3.07044823358812,2.92725149250339,3.04569195909762,12.6120871139349,14.1935190839522,14.0917732994178,7.44138634595715,2.89756915539126,3.36769837091102,3.44303682501816,13.7690916193856,3.16227515538534,3.21423775809152,2.75911316504845,3.06999087333679,3.18448443533281,0,0,2.84791421890259,3.39694183158874,3.01598981921182,3.60218126822491,8.44726938958579,10.2611386865601,5.75677949613479,4.61681204875286,47.073555288453,43.471534980591,24.2852573046512,25.0515513670251,22.4028184437516,14.2316928398318,46.9633782183538,43.3559602283817,5.23654854459394,6.2504879296326,5.54195061736668,8.5955662727356,3.18591400487533,2.7309922642178,2.9534649848938,20.9039290659498,10.5173733574033,18.0681236237288,18.8119779392097,3.34259617328644,3.32608675103781,2.77960124015808,3.01073492735795,10.340196279379,23.5303454059833,3.19043571016063,3.3917479094337,16.1532678268574,34.2715682983398,0,0,3.03708151408604,19.3760546134866,37.5712782541911,27.6311407637322,2.9512050151825,0,3.11104033210061,3.00082634216131,35.5705711549183,46.3139571840033,3.29388044716476,4.06147357162676,0,5.09200002727345,24.6786479831723,26.8476025457506,34.8974022671983
0,21.7522281299938,24.0815932329963,30.2936114337709,22.7260823249817,0,3.26554369926453,0,4.80431826931337,4.06928760043362,4.63171362876892,0,3.16186694501874,3.86130263581672,4.28424983902981,3.20330906636787,12.9167987290245,9.64109730235272,21.4660882606495,7.03018540602464,0,4.07377205492889,3.47789776994941,0,0,0,0,2.89938926696777,2.873740536826,0,0,0,0,2.91181702613831,2.76866377483715,0,0,2.84330758367266,2.91252315044403,55.9247823474051,56.0110946262584,44.2647738839216,28.9891102144008,39.1059272766113,44.2209014892578,54.4971244027369,53.5585568651391,0,49.7875137329102,12.2326974868774,0,0,3.46402858604084,0,26.5929946899414,28.6682739257812,0,67.2975654602051,3.19985485076904,3.2779992546354,3.10348257736156,3.64651164554414,0,54.1537763050624,0,0,0,0,0,0,0,0,0,39.340264638265,0,0,0,2.94866929137916,62.5954309328638,59.8139817266181,2.86305785924196,0,5.09200002727345,0,54.4870584188866,41.3515216827393,47.1643730163574
12.7391267811942,12.5215466779845,20.0980270351582,26.1769806653173,18.2583657842736,13.6510009860324,3.42120899873621,0,16.7434844592909,14.709451528611,4.51411046584447,0,0,0,0,0,46.8288245288482,46.5878060883949,28.1204474991947,6.08020335283556,0,0,0,10.5640332169003,0,0,0,0,0,0,0,0,0,0,0,11.0251136117847,15.2857220178295,11.9874025412968,3.78849138736725,9.54357744595667,17.3285077056351,18.3255793857998,17.055666225672,14.3094860057367,12.4433087015909,18.5799208897699,18.0537286993379,11.0974754605974,9.32867975973063,8.73256295132758,5.97861933708191,19.5412171681722,3.55455321832137,0,26.5244931561014,18.1932531093464,11.5701596736908,13.8925015406175,0,0,22.3232123851776,0,3.74593813809971,12.661211754278,0,0,8.44548989440266,12.6312546730042,0,0,0,5.66139789124653,18.4548127821514,6.89132062981768,0,0,0,0,20.462906558453,14.1162105514091,2.74160617589951,9.13275504995275,24.6786479831723,54.4870584188866,0,16.7712395748305,15.646154171592
0,19.1851989746094,0,30.0614891052246,0,38.2796587944031,0,0,0,12.6723754882813,0,0,0,0,0,0,44.6741057175856,32.1194517931987,15.4720735081387,0,0,0,0,6.73298454284668,0,0,0,0,0,0,0,0,0,0,0,19.964958190918,18.0725784301758,10.2448876698812,0,19.8967255637759,0,13.3759356697807,0,10.7492597103119,0,77.6892674763997,0,0,10.3549990653992,14.7469344222755,0,0,0,0,0,32.4940135478973,0,54.5648126602173,0,0,0,0,0,0,0,0,0,0,0,0,0,0,0,0,0,0,0,0,26.2613354921341,0,0,0,26.8476025457506,41.3515216827393,16.7712395748305,0,0
0,0,0,0,0,0,0,0,0,0,0,0,0,0,0,0,30.6924235395376,47.6537322998047,12.1365555136818,0,0,0,0,0,0,0,0,0,0,0,0,0,0,0,0,0,0,0,0,0,17.5792009035746,0,7.49586581426953,0,0,0,0,0,0,0,0,0,0,0,0,0,0,98.6257400512695,0,0,0,0,0,17.8499946594238,0,0,0,0,0,0,0,0,0,0,0,0,0,0,59.9499893188477,21.745280623436,0,0,34.8974022671983,47.1643730163574,15.646154171592,0,0
