0,0,0.0228174959630546,0,0,0,0,0,0.0520739011221774,0,0,0,0,0,0,0,4.14348964038511e-05,0,0.00420223062513184,0,0,0,0,0,0.000618318689835366,0,0,0,0,0,0,0,0,0,0,0,0,0,0.000106460702078971,0,0,0,0.00710428295028663,0,0,0,0.000347209307255898,0,0.0120793578983573,0,0,0,0,0,0.0118787059241419,0,0,0,0,0,0.00369736508286925,0,0,0.000181087838278866,0,0,0,4.62232912375152e-05,0,0,0,0,0,0,0,0,0,0,0,0.000158642947692222,0,5.38285343872208e-05,0.000393190983728217,0,0.00799300968561208,0,0.000303548317599128
0,0,0,0.0182909269684578,0,0,0,0,0,0.0570832934157942,0,0,0,0,0,0,0,3.780153736457e-05,0.000656883241715673,0,0,0,0,0.00660928076998962,0,0,0,0,0,0,0,0,0,0,0,0,0,0.00011342264979748,0,0.00013870737666593,0,0.00228191396686991,0,0.000115901049341657,0,0,0,0,0,0.0131407313697614,0,0,0,0,0,0.106031844302654,0,0.000147205204263499,0,0,0,0.0197035157043557,0,0,0,0,0.0299228431075059,0,0,0,0,0,0,0,0,0,0,0,5.64688874316615e-05,0,0.000172259858369516,0,0.000200986329424019,0,0.00348531534689661,0.000770286551515334,0
0.0228174959630546,0,0,0,0.000642091945337164,0,0,0,0.00876099552399623,0,0,0,0,0,0,0,0,0,5.57311113444602e-05,0,4.05069673073621e-05,0,0,0,0,0,0,0,0,0,0,0,0,0,0,0,0,0,6.11640428308072e-06,0,0.000390503632120907,0,0.00350558301756382,0,0,0,0.00128494160267793,0,0.0231973902885435,0,0.0104609812807951,0,0,0,0.00752146976601502,0,0.000253408358810416,0,0.0237160258645282,0,0.00749539951909371,0,0,0.000855160036969697,0,0,0,0,0,0,0,0,0,0.000298224779712083,0,0,0,0,0,7.76708126802101e-05,0,0.000109583599587261,0.000630994457024778,0,0.00923378299301725,0,0
0,0.0182909269684578,0,0,0,0.0561017381878684,0,0,0,0.00495281471826018,0,3.08422593255555e-05,0,0,0,0,3.2558946840131e-06,0,0.000244235308699777,0,0,0,0,0,0,0,0,0,0,0,0,0,0,0,0,4.58802207673713e-05,0,0,0,0.00153914570049905,0,0.00956142656310357,7.63142898643172e-05,0,0,0.00243686852645301,1.0405475437625e-05,2.01408302175536e-05,0.000181455265613911,0.0133782680409556,0,0.00391063195299516,0,0,0,0,0,0.00985960704911479,0,0.000317580251155986,0,0.000333580674404314,0.00100944521359123,0,0,0,0,0,0,0,0,0,0.000385979908719229,0,0,0,0,0,5.83980327202664e-05,0,0.000250477400911853,0,0.00269159778585821,2.11071077690499e-05,0.0251775850929383,0.00378830133047734,0
0,0,0.000642091945337164,0,0,0,0.00327758414847234,0,0.00262926024928911,0,0,0,0,0,0,0,0,0,0,0,0.0148834017162477,0,0,0,0,0,0,0,0,0,0,0,0,0,0,0,1.05736957077927e-05,0,0,0,0,0,0.000850522843623915,0,0,0,0.000359802773324986,0,0.00148744718256785,0,0.244565910465559,0,0.013713285561966,0,0,0,0.00046081901111354,0,0.000413515449725479,0,0,0,0,0.00110098844614487,0,0,0,0,0,0,0,0,0,5.30349417698396e-05,0,0,0,0,0,8.55679646148096e-05,0,4.61896248166144e-05,0.00181857332754004,0,0.00541330002939676,0,0
0,0,0,0.0561017381878684,0,0,0,0.015315803588605,0,0.0184421662372449,0,0,0,0,0,0,0,0,0,0.00975077207993597,0,0,0,0,0,0,0,0,0,0,0,0,0,0,0,8.3649639447277e-05,0,0,0,0.000348609571936994,0,0.0016650618792214,0,0,0,0.00612722456025147,0,1.52612110498982e-05,0,0.000431427846642829,0,0.0685287330026622,0,0.000128077430787641,0,0,0,0.0034857067247466,0,0.00087689599837337,0,0,0.00656583336899091,0,0,0,0,0,0,0,0,0,0,0,0,0,0,0,0.000654940847569157,0,4.54253947169898e-05,0,0.003443814722976,0.000102639610878944,0.0119011716630297,0.000336644867019786,0
0,0,0,0,0.00327758414847234,0,0,0,0,0,0,0,0.00539999642871652,0,0,0,0,0,0,0,0.00221267506857913,0,0,0,0,0,0,0,0,0,0,0,0,0,0,0,0,0,0,0,0,0,0,0,0,0,0,0,0,0,0.00685584308969694,0,0.0315707875845326,0,0,0,0.00310983242155253,0,0.00131623394156701,0,0,0,0,0,0,0,0,0,0,0,0,0,0,0,0,0,0,0,0,0,0,0,2.28983052629936e-05,0,0,0,0
0,0,0,0,0,0.015315803588605,0,0,0,0,0,0,0,0,0,0,0,0,0,0.000140399963555193,0,0,0,0,0,0,0,0,0,0,0,0,0,0,0,0.000106909664690565,0,0,0,0,0,0,0,0,0,0,0,0,0,0,0,0.00221278089747973,0,0.0448657744481894,0,0,0,0,0,0.000207042202447178,0,0,0.000109570375506656,0,0,0,0,0,0,0,0,0,0,0,0,0,0,0,0,0,0,0,0.00229675544800535,0.000161759667449742,0,0,0
0.0520739011221774,0,0.00876099552399623,0,0.00262926024928911,0,0,0,0,0,0,0,0,0,0.0102499078449787,0,0.000171890713884294,0,1.69434389621402e-05,0,0.000149609560501993,0,0,0,0.0380089262818673,0,0,0,0,0,0,0,0,0,0,0,0,0,0.000243394904653237,0,1.54608154307948e-05,0,0.00380232459609865,0,0,0,0.000302631060503552,0,0.00740079752404532,0,0.00607340796702664,0,0,0,0.187266206236198,0,0.00150984227535529,0,0,0,0.00129283918183162,0,0,6.66827653730791e-05,0,0,0,0.0396143142182272,0,0,0,0,0,0.000120921807655907,0,0,0,0,0,1.53936034118007e-05,0,2.45629311813623e-05,0.00271125109975653,3.97459325959283e-07,0.0142384100983531,0,0.00021615126302144
0,0.0570832934157942,0,0.00495281471826018,0,0.0184421662372449,0,0,0,0,0,0,0,0,0,0.0257532467267056,0.00198276278179696,0.0154708320345518,0.00117619284582645,0,0,0,0,0.0397474943066645,0,0.00288091098770617,0,0,0,0,0,0,0,0,0,0,0,0.00367338847807482,0,0,0,0.000118209476365615,0,0,0,0,2.29193224875334e-05,0,0,0.00564548007285002,0,0,0,0,0,0.0882710971644286,0,0,0,0,0,0.060535214359308,0,0,0,0,0.0142891410810924,0,0.00111431725016639,0,0,0,0,0,0,0,0,0,0,0,0.00213347809551644,0,0.00112772152599287,1.58218515467598e-05,0.00455622069434234,0,0
0,0,0,0,0,0,0,0,0,0,0,0,0.00627335561694057,0,0,0,0,0,0,0,0.0182322448999473,0,0,0,0,0,0,0,0.000280715931758031,0,0.00162332600234343,0,0,0,0,0,0,0,0.00210398088587969,0,0,0,0,0,0,0,0,0,0,0,0,0,0,0,0,0,0.0795478280024905,0,0.00910607081489898,0,0,0,0,0,0,0,0,0,0,0,0,0,0,0.00361892595837597,0,0,0,0,0,0,0,0,0.000173931871060153,0,0,0,0
0,0,0,3.08422593255555e-05,0,0,0,0,0,0,0,0,0,0.00202628097219122,0,0,0,0,0,0.0161401118597148,0,0,0,0,0,0,0,0,0,0.00898113455246723,0,0,0,0,0,6.88108495705574e-05,0,0.00876641404522566,0,0,0,0,0,0,0,0.000144947711370497,0,0,0,0,0,0,0,0,0,0,0,0.0247604828825037,0,0,0,0,0.00283303526092032,0,0,0,0,0,0,0,0,0,6.18775363692681e-05,0,0,0,0,0,6.11601498914355e-06,0,0.00177935062517011,0,0.00028720698799778,0,5.35116401075891e-05,0,0
0,0,0,0,0,0,0.00539999642871652,0,0,0,0.00627335561694057,0,0,0,0.0227008862392514,0,0,0,0,0,0,0,0,0,0,0,0,0,0.00265405901690356,0,0,0,0,0,0,0,0,0,0,0,0,0,0,0,0,0,0,0,0,0,0.000267420607134155,0,0.00224801890199821,0,0,0,9.86232981294298e-05,0,0.0263804551905032,0,0.00667121959269479,0,0,0,0,0,0,0,0,0,0,0.00016449869610884,0,0,0,0,0,0,0,0,0,0,2.4443961592624e-06,0,0,0,0
0,0,0,0,0,0,0,0,0,0,0,0.00202628097219122,0,0,0,0.00108011246459665,0,9.73621980131424e-05,0,0,0,0,0,0,0,0.000283230867325217,0,0.00230547279836754,0,0,0,0,0,0,0,0,0,0,0,0,0,0,0,0,0,0,0,0,0,0,0,0,0,0,0,0,0,0.00167334251038121,0,0.00746730584841055,0,0,0,0,0,0,0,0,0,0,7.01940829170048e-05,0,0,0,0,0,0,0,0,0,0,0,0.000422692306710768,9.25840622143317e-05,0,0,0
0,0,0,0,0,0,0,0,0.0102499078449787,0,0,0,0.0227008862392514,0,0,0,0,0,0,0,0,0,0,0,0.000283818106991407,0,0,0,0,0,0,0,0,0,0,0,0,0,0,0,0,0,0,0,0,0,0,0,0,0,0,0,0,0,0.00524284714743082,0,0,0,0.00528139163802513,0,0.0348197487637749,0,0,0,0,0,0,0.000340759443314894,0,0,0,0,0,0,0,0,0,0,0,0,0,0,8.29705128155895e-05,0,0,0,0
0,0,0,0,0,0,0,0,0,0.0257532467267056,0,0,0,0.00108011246459665,0,0,0.000268842062235272,0.00557344637940046,0.000164024167731236,0,0,0,0,0,0,0.00461286060695301,0,0,0,0,0,0,0,0,0,0,0,0,0,0,0,3.82947358717536e-05,0,0,0,0,0,0,0,0,0,0,0,0,0,0.00910358585413569,0,0,0,0,0,0.0471891275423786,0,0,0,0,0,0,0.0130045740655283,0,0,0,0,0,0,0,0,0,0,0,0,0,0.000237677215206213,6.80162100187353e-06,0,0,0
4.14348964038511e-05,0,0,3.2558946840131e-06,0,0,0,0,0.000171890713884294,0.00198276278179696,0,0,0,0,0,0.000268842062235272,0,0.141574224722201,0.054165168865173,0,0,0,0,1.33563342027508e-05,0,0.000640594420277648,0.00111379698112525,0,4.1339680137753e-05,0,0,0,0,0,0,0,0,0,8.44171668601401e-06,0.00065608902480823,3.48091516200919e-05,0.000393016449937366,0.000454686448495678,9.00719054650469e-06,0,5.8718367275047e-05,0.000508105356679983,0,2.10899404681384e-06,2.60958187947177e-05,0,0,0,0,0,9.67202280910439e-06,2.06211305142228e-06,6.90628256605594e-06,0,0,0,0,0,0.000574520613933373,0,0,0,0,0.000162839633331739,0,0,0,0,0,0,0,0,0,0.000192092833210762,0.000338584468915095,9.76067415809556e-05,0.000272743863568042,0.0312294604693996,0.00566134084544962,0.000621620169193091,0.000136746073099701,0.000118703089052163
0,3.780153736457e-05,0,0,0,0,0,0,0,0.0154708320345518,0,0,0,9.73621980131424e-05,0,0.00557344637940046,0.141574224722201,0,0.0609864477372081,0,0,0,0,0.00100160996254142,0,0.00591307332057889,0,0,0,0,0,0,0,0,0,0,0,0,0,0.00257448476325075,0.000183013594928265,0.00197658754201477,0.000510472738197909,6.60449159112392e-05,0,0.000348525215807037,0.000481849651977632,0,3.032337932829e-06,5.41548571643684e-05,0,0,0,0,0,8.40491222343817e-05,0,0.000144167367407027,0,0,0,0.00175902352187955,1.668290234572e-05,0.000343873789243314,3.55012524875967e-05,0,0,0,0.00199335793575024,0,0,0,0,0,0,0,0,0,0.000826043949221838,0.000545617047742587,0.000388434042653687,0.000438869316595651,0.0374896633809935,0.0104018665315555,0.00182620260721354,0.000547627481138729,0.000180298923861309
0.00420223062513184,0.000656883241715673,5.57311113444602e-05,0.000244235308699777,0,0,0,0,1.69434389621402e-05,0.00117619284582645,0,0,0,0,0,0.000164024167731236,0.054165168865173,0.0609864477372081,0,0,2.02237308103512e-05,0,0,0,0,0.000189569916107678,0,0,0,0,0,0,0,0,0,0,0,6.99968928931747e-05,0.000366076199236405,0.022277160218032,0.0024779067317917,0.0219215086895037,0.0155844249594907,0.000530523949834161,0.00202723133390762,0.0026294003376075,0.0156938549951311,0,0.000125240300386815,0.000631490551945557,0,0,0,0,0,0,8.23871429700871e-05,0.00220757162259487,0,0,0,0,0.000198469767998661,0.0175875304545015,0,0,0,0,9.42209795085735e-05,0,0,0,0.000120260327529632,0.000368697000969674,0,0,0,0,0.00703870860928085,0.0116685545577732,0.00398788891621486,0.00845329959606019,0.022944317053439,0.000375877210627193,0.0377319913021512,0.00718785669627283,0.00604415814580553
0,0,0,0,0,0.00975077207993597,0,0.000140399963555193,0,0,0,0.0161401118597148,0,0,0,0,0,0,0,0,0,0,0,0,0,0,0,0,0,0.000196881844295591,0,0,0,0,0,0.0124404704797192,0,0.000704622985070772,0,0,0,0,0,0,0,0.0055182295982954,0,0,0,0,0,0,0,0,0,0,0,0.00106212286577235,0,0,0,0,0.0801641878385856,0,0,0,0,0,0,0,0,0,7.94171234960262e-05,0,0,0,0,0,0.00613543582947455,0,4.63753066709084e-05,0,0.00104965337293699,1.67138964360974e-06,3.9233144130668e-05,0,0
0,0,4.05069673073621e-05,0,0.0148834017162477,0,0.00221267506857913,0,0.000149609560501993,0,0.0182322448999473,0,0,0,0,0,0,0,2.02237308103512e-05,0,0,0,0,0,0,0,0,0,0,0,0,0,0,0,0,0,0.00819290092694063,0,0.00552765032111631,0,0,0,6.08703613499343e-06,0,0,0,0.00123620397331057,0,0,0,0.0109240550144963,0,0.00179858583344776,0,0,0,0.00355631198490958,0,0,0,0,0,0,0.0821747239499269,0,0,0,0,0,0,0,0,0,0.000153326584500268,0,0,0,0,0,0.0023069410233505,0,0.00372232154550013,0.000413433983197634,0,0.00750302886327407,0,0
0,0,0,0,0,0,0,0,0,0,0,0,0,0,0,0,0,0,0,0,0,0,0.000183313698954911,0.00202812860691246,0,0,0,0.00170386457096714,0,0,0,0,0,0,0,0,0,0.00119220634114042,0,0,0,0,0,0,0,0,0,0,0,0.00115829732216643,0,0,0,0,0,0,0,0,0,0,0,0,0,0,0.0263540659944049,0,0.0012310219582298,0,5.271508637422e-06,0,0.000261714244407832,0,0,0,0,0,0,0,0,0,1.34434260102253e-05,0,0.000642523439252802,0,0,0,0
0,0,0,0,0,0,0,0,0,0,0,0,0,0,0,0,0,0,0,0,0,0.000183313698954911,0,0,0.0011987930033598,0,1.91232011275133e-05,0,0.00168156282940442,0,0,0,0,0,0,0,0,0,0.00254394850447051,0,0,0,0,0,0,0,0,1.50229237940569e-05,0,0,0,0,0,0,0,0,0,0,0,0,0,0,0,0,0,0.0227045746914708,0,5.23910036013941e-05,0,0,0,0.000101133509365253,0,0,0,0,0,0,0,0,0,0.00126060249842599,0.000965683537179841,8.4351610116749e-06,0,0,0
0,0.00660928076998962,0,0,0,0,0,0,0,0.0397474943066645,0,0,0,0,0,0,1.33563342027508e-05,0.00100160996254142,0,0,0,0.00202812860691246,0,0,0,0.0872067140851002,0,0,0,0,0,0,0,0,0,0,0,0.00294715311467676,0,0,0,3.2984806620884e-05,0,0,0,0,0,0,0,0.000303138508857651,0,0,0,0,0,0.0250691804610202,0,0,0,0,0,0,0,0,0.000712768966467967,0,0.0480546339022633,0,0.0657321098851706,0,0,0,0,0,0,0,0,0,0,0,0.0014175520350958,0,0.000267569182917774,0,0.00681585866714049,0,0
0.000618318689835366,0,0,0,0,0,0,0,0.0380089262818673,0,0,0,0,0,0.000283818106991407,0,0,0,0,0,0,0,0.0011987930033598,0,0,0,0.000890099289013447,0,0,0,0,0,0,0,0,0,0,0,0.00477720873905854,0,0,0,0,0,0,0,0,0,0.000388565802468172,0,0,0,0,0,0.0774344080164001,0,0,0,0,0,0,0,0,0,0,0.00715129483406854,0,0.102381400299136,0,0.0226471010743332,0,0,0,0,0,0,0,0.000778132769995966,0,0,0,0.00610011028784411,0.000250633066792737,3.57947402165695e-06,0.000177197936540865,0,0
0,0,0,0,0,0,0,0,0,0.00288091098770617,0,0,0,0.000283230867325217,0,0.00461286060695301,0.000640594420277648,0.00591307332057889,0.000189569916107678,0,0,0,0,0.0872067140851002,0,0,0,0,0,0,0,0,0,0,0,0,0,6.42314581751732e-05,0,0,0,0.000115712384520577,0,0,0,0,0,0,0,0,0,0,0,0,0,0,0,0,0,8.61555879769316e-05,0,0.000374233000081849,0,0,3.04780478472821e-05,0,0.032396368348283,0,0.0308259406910088,0,0.000269952647307352,0,0,0,0,0,0,0,1.1393976394566e-06,0,3.52472878480472e-06,0,0.000534908923939319,4.48160423439956e-05,9.75958363564475e-05,0,0
0,0,0,0,0,0,0,0,0,0,0,0,0,0,0,0,0.00111379698112525,0,0,0,0,0,1.91232011275133e-05,0,0.000890099289013447,0,0,0,0.00234908439115179,0,0,0,0,0,0,0,0,0,0,0,0,0,0,0,0,0,0,0,0,0,0,0,0,0,0,0,0,0,0,0,0,0,0,0,0,0,0,0,0,0.0406551638111498,0,0.000473350208823344,0,0,0,0,0,0,0,0,0,0,0.000386131967909289,0,0,0,0
0,0,0,0,0,0,0,0,0,0,0,0,0,0.00230547279836754,0,0,0,0,0,0,0,0.00170386457096714,0,0,0,0,0,0,0,0,0,0,0,0,0,0,0,0,0,0,0,0,0,0,0,0,0,0,0,0,0,0,0,0,0,0,0,0,0,0.000150802759908404,0,0,0,0,0,0,0,0,0,0,0.017473821916691,0,0.000155122042304919,0,0,0,0,0,0,0,0,0,0,0,0,0,0
0,0,0,0,0,0,0,0,0,0,0.000280715931758031,0,0.00265405901690356,0,0,0,4.1339680137753e-05,0,0,0,0,0,0.00168156282940442,0,0,0,0.00234908439115179,0,0,0,0.000524643754227228,0,0,0,0,0,0,0,0.000783328308373355,0,0,0,0,0,0,0,0,3.29914747390918e-05,0,0,0,0,0,0,0,0,0.00011063782585552,0,0.00335777377738354,0,0,0,0,0,0,0.000118121458859366,0,0,0,0.00471523272436042,0,0.0299965984902043,0,0.00315447250066502,0,0,0,0,0,0,0,8.36341396889383e-05,3.73381268670039e-05,0.000171946310572512,7.06568658649268e-06,0,0
0,0,0,0,0,0,0,0,0,0,0,0.00898113455246723,0,0,0,0,0,0,0,0.000196881844295591,0,0,0,0,0,0,0,0,0,0,0,0,0,0,0,0,0,2.36350751947612e-05,0,0.000112796204394579,0,0,0,0,0,0.00013484584963768,0,0,0,0,0,0,0,0,0,0,0,0.000184520191710107,0,0,0,0,0,0,0,0,0,0,0,0,0,0,0.0254519260713834,0,0,0,0,0,0,0,1.21910334200948e-05,0,0,0,3.34122388787432e-05,0,0
0,0,0,0,0,0,0,0,0,0,0.00162332600234343,0,0,0,0,0,0,0,0,0,0,0,0,0,0,0,0,0,0.000524643754227228,0,0,0,0,0,0,0,0,0,0.00415038758867449,0,0,0,0,0,0,0,0,0,0,0,0,0,0,0,0,0,0.000139806361403316,0,0,0,0,0,0,0,0,0,0,0,0,0,0,0.00251351986925291,0,0.0366605272184883,0,0,0,0,0,0,0,2.5199389710906e-05,0,0,0,0,0
0,0,0,0,0,0,0,0,0,0,0,0,0,0,0,0,0,0,0,0,0,0,0,0,0,0,0,0,0,0,0,0,0.0517754857486786,0.013935742300547,0.00163360697180305,0.00558127760932063,0.000999392466401388,0,0,0,0,0,0,0,0,0,0,0.0192615675229618,0.000232119848246081,0,0,0,0,0,0,0,0,0,0,0,0,0,0,0,0,0,0,0,0,0,0,0,0,0,0.576970745808563,0.0160791975105629,0.00779569357395287,0.00176452780805612,0.00419113480719996,0.000207089732010037,0,0,0.00152556626331564,0,0,0,0
0,0,0,0,0,0,0,0,0,0,0,0,0,0,0,0,0,0,0,0,0,0,0,0,0,0,0,0,0,0,0,0.0517754857486786,0,0.00988404263634456,0.00428664172717699,0.000255023587780284,0.00330717827621708,0,0,0,0,0,0,0,0,0,0,0.074958078582386,0.0010085545135045,0,0,0,0,0,0,0,0,0,0,0,0,0,0,0,0,0,0,0,0,0,0,0,0,0,0.129692156707744,0.369700143837149,0.00148659908556074,0.0126581962064664,0.000173377194533169,0.00613116595666414,0,0,0.000406079557143651,0,0,0,0
0,0,0,0,0,0,0,0,0,0,0,0,0,0,0,0,0,0,0,0,0,0,0,0,0,0,0,0,0,0,0,0.013935742300547,0.00988404263634456,0,0.119497120586661,0.00430829037810229,0,0.00366713435241122,0.000201576470723767,0,0,0,0,0,0,0,0,0.250065186621463,0.011289933622603,0.000689302555439581,0,0,0,0,0,0,0,0,0,0,0,0,0,0,0,0,0,0,0,0,0.000480733433281322,0,6.3759721851314e-05,0,0.0239101883294557,0.0018710351153003,0.154451000746905,0.0664843067900532,0.00123116975811797,0.000117850258756263,0.00490911110440353,0.000142224034063383,0.00105380118145626,0,6.24491640748183e-05,0,0
0,0,0,0,0,0,0,0,0,0,0,0,0,0,0,0,0,0,0,0,0,0,0,0,0,0,0,0,0,0,0,0.00163360697180305,0.00428664172717699,0.119497120586661,0,0,0.000570857588419209,0,0.000988274065555404,0,0,0,1.65541773077877e-05,0,0,0,0,0.0967546762723676,0.0134691406435913,0.000141391447499435,0,0,0,0,0,0,0,0,0,0,0,0,0,0,0,0,0,0,0,0,0,0,0,0,0.000196225360350654,0.0050747783892,0.0299173997829667,0.161333718777384,0,0.000703042019861096,0,0.000667471043367012,0.00069869693370745,0,4.46390004634052e-05,0,0
0,0,0,4.58802207673713e-05,0,8.3649639447277e-05,0,0.000106909664690565,0,0,0,6.88108495705574e-05,0,0,0,0,0,0,0,0.0124404704797192,0,0,0,0,0,0,0,0,0,0,0,0.00558127760932063,0.000255023587780284,0.00430829037810229,0,0,0.00510859517140387,0.00472461597990789,0,6.70279217984725e-06,0,1.40777541973792e-05,0,0,0,0.000109625607660338,0,0.00158326701115821,0.000385631596717111,0.000153956926111377,0,0,0,0,0,0,0,0,0,0,0,0,0.0055908130536764,0,0,0,0,0,0,0,0,0,0,0,0.000279240162049637,1.27970873338885e-05,6.44928463506579e-05,0,0.0638482449672602,0.00098721219339244,0.00251159898108801,0,0.00630429696881627,0.000480273553668335,0.000399537150464088,0,0
0,0,0,0,1.05736957077927e-05,0,0,0,0,0,0,0,0,0,0,0,0,0,0,0,0.00819290092694063,0,0,0,0,0,0,0,0,0,0,0.000999392466401388,0.00330717827621708,0,0.000570857588419209,0.00510859517140387,0,0,0.00419036299466048,0,4.74588159994752e-05,0,1.08557178371087e-05,0,0,0,1.69925606368715e-05,0.00230865818142605,0.000498982780941656,0,0.000158021281965502,0,0,0,0,0,1.96735614599415e-05,0,3.73993637159285e-05,0,0,0,0,0.00130610400438507,0,0,0,0,0,0,0,0,0,0,0.00039255930661192,0.00105591758145854,0,0.000190087438050832,0.00116301480816048,0.0589091030330967,0,0.00174452937524643,0.00721214265606795,0.00071725943251838,0.00245128626981146,0,0
0,0.00011342264979748,0,0,0,0,0,0,0,0.00367338847807482,0,0.00876641404522566,0,0,0,0,0,0,6.99968928931747e-05,0.000704622985070772,0,0.00119220634114042,0,0.00294715311467676,0,6.42314581751732e-05,0,0,0,2.36350751947612e-05,0,0,0,0.00366713435241122,0,0.00472461597990789,0,0,7.63890857342631e-05,2.10565457616882e-05,0,3.49390352227723e-05,0,0,0,0.00086185044320176,0,0.0101824520247419,0,0.0140784958445156,0,0,0,0,0,0.00179365477617879,0,0.000595307535448009,0,0,0,6.83653677298638e-06,0.0023524621868556,0,0.00158974863379014,0,0.00673215827365398,0,0,0,0.00530107903557801,0,0.000109190060632843,0,0,0,0.000315274532614512,0,0.0068448844586858,0,0.038540554229339,0,0.00279993544274176,0.000394959310062392,0.000780582176160062,4.56924930269298e-05,0
0.000106460702078971,0,6.11640428308072e-06,0,0,0,0,0,0.000243394904653237,0,0.00210398088587969,0,0,0,0,0,8.44171668601401e-06,0,0.000366076199236405,0,0.00552765032111631,0,0.00254394850447051,0,0.00477720873905854,0,0,0,0.000783328308373355,0,0.00415038758867449,0,0,0.000201576470723767,0.000988274065555404,0,0.00419036299466048,7.63890857342631e-05,0,0,0,0.000118287135978526,0.000420531065202667,0,0,0,0.000912938603504892,0.0076370157412935,0.00347340144116299,3.92484821279048e-05,5.83086583743833e-06,0,0,0,0.000406029798930182,0,0.000608436750539811,0,0,0,0,0,0,0.00532959586286056,0,0.00152299029985551,0,0.00157167072707832,0,0,0,0.000141085535941063,0,0.000448785632431002,0,0,4.59463095496999e-05,0.00296226003242173,7.63531618279325e-06,0.00168265728828354,0,0.066059924160711,0.00255301838260982,0.00010780315889686,0.00233276204117689,0,0.000246342410852321
0,0.00013870737666593,0,0.00153914570049905,0,0.000348609571936994,0,0,0,0,0,0,0,0,0,0,0.00065608902480823,0.00257448476325075,0.022277160218032,0,0,0,0,0,0,0,0,0,0,0.000112796204394579,0,0,0,0,0,6.70279217984725e-06,0,2.10565457616882e-05,0,0,0.000242775789844493,0.112042981868009,0.00128206495886385,0.00602190084266195,0.000187261908960939,0.0505559618384176,0.00061853310751474,0.00173056553517338,0,0.0658033417230004,0,0,0,0,0,0,9.27466039831737e-05,0.00391704892432304,0,0,0,0,0.00931160878551279,0.000406714284834644,0,0,0,0,0,0,0,0,0.000554261895112337,0,0,0,0,0,0.0179784553270442,0.000100289276583668,0.00115841348741883,0.000130461421174301,0.0022562260278873,5.4806953443825e-05,0.0595822158789664,0.021486947801763,0.000605453611731883
0,0,0.000390503632120907,0,0,0,0,0,1.54608154307948e-05,0,0,0,0,0,0,0,3.48091516200919e-05,0.000183013594928265,0.0024779067317917,0,0,0,0,0,0,0,0,0,0,0,0,0,0,0,0,0,4.74588159994752e-05,0,0,0.000242775789844493,0,0.000130812097019987,0.00685147197534497,0.000164438911717368,0.000806002224513313,2.43478552317423e-05,0.00457716600853753,9.06198025802255e-05,0.0237947589682999,0,0.000810343854537366,0,0,0,0,0,0.000175686482270922,0,8.05025569148357e-05,0,0,0,0,0.00834078954778154,0,0,0,0,0,0,0,0,0,1.14385337694414e-05,0,0,0,0,1.54431992248128e-06,0.00830440313405295,0,6.68602052448388e-05,9.64800070947999e-05,7.95908248115156e-06,0.013467266119041,2.23835292779644e-05,0.00491335906885249
0,0.00228191396686991,0,0.00956142656310357,0,0.0016650618792214,0,0,0,0.000118209476365615,0,0,0,0,0,3.82947358717536e-05,0.000393016449937366,0.00197658754201477,0.0219215086895037,0,0,0,0,3.2984806620884e-05,0,0.000115712384520577,0,0,0,0,0,0,0,0,0,1.40777541973792e-05,0,3.49390352227723e-05,0.000118287135978526,0.112042981868009,0.000130812097019987,0,0.00720198136418971,0.00289730041040786,0,0.00813764058453528,0.000352435556917688,0.00217924407706386,0.000333393164048544,0.00612124213498154,1.39112579920315e-05,0,0,0,0,0,3.34930379202944e-05,0.0609484035299548,0,0,0,0,0.0126493805380227,0.00060322776107833,0,0,0,0,0,0,0,0,0.00154956826841783,0,0,0,0,4.26307426652679e-05,0.01209321456854,0.000257758228590567,0.00299023050669682,0.000235903888370555,0.0043962290438474,4.54493285574763e-05,0.0756125681372377,0.094564846637025,0.000379163718241666
0.00710428295028663,0,0.00350558301756382,7.63142898643172e-05,0.000850522843623915,0,0,0,0.00380232459609865,0,0,0,0,0,0,0,0.000454686448495678,0.000510472738197909,0.0155844249594907,0,6.08703613499343e-06,0,0,0,0,0,0,0,0,0,0,0,0,0,1.65541773077877e-05,0,1.08557178371087e-05,0,0.000420531065202667,0.00128206495886385,0.00685147197534497,0.00720198136418971,0,0,0.0004982525250986,0.000139791532641494,0.0171241305404468,0.000305584589330147,0.0124444479804282,0,0.00200045331348896,0,0,0,0.000616375181578925,0,0.00271310592290011,1.61745765629422e-05,2.52949690550699e-05,0,0,0,0,0.0261546262206993,0,0,0,0,0,0,0,0,0,0.0109683773751186,0,0,0,0,0.000188140071733641,0.0144564665225536,6.77500726354313e-05,0.00543529598672995,0.00383546379050658,1.63107588596338e-05,0.0833032179062009,0.000178355386811958,0.0337695486282992
0,0.000115901049341657,0,0,0,0,0,0,0,0,0,0,0,0,0,0,9.00719054650469e-06,6.60449159112392e-05,0.000530523949834161,0,0,0,0,0,0,0,0,0,0,0,0,0,0,0,0,0,0,0,0,0.00602190084266195,0.000164438911717368,0.00289730041040786,0,0,0,0.000210947577016825,0,0,0,0,0,0,0,0,0,0,0,0.00352182319928136,0,0,0,0,0.000258290362849628,0,0,0,0,0,0,0,0,0,0.00125862590184699,0,0,0,0,0,0.000721113195203145,0,0.00142790894498932,1.94379915743054e-05,7.34016592085623e-06,0,0.00405661734928012,0.00357066764058332,0
0,0,0,0,0,0,0,0,0,0,0,0,0,0,0,0,0,0,0.00202723133390762,0,0,0,0,0,0,0,0,0,0,0,0,0,0,0,0,0,0,0,0,0.000187261908960939,0.000806002224513313,0,0.0004982525250986,0,0,0,0.000880990994514105,0,0,0,0,0,0,0,0,0,0,0,0,0,0,0,0,0.000505366937772211,0,0,0,0,0,0,0,0,0,0,0,0,0,0,0,0.000532518566034402,0,0.000293314917048353,8.90624586413238e-06,0,0.000220582462047473,0,0.00014473195538207
0,0,0,0.00243686852645301,0,0.00612722456025147,0,0,0,0,0,0.000144947711370497,0,0,0,0,5.8718367275047e-05,0.000348525215807037,0.0026294003376075,0.0055182295982954,0,0,0,0,0,0,0,0,0,0.00013484584963768,0,0,0,0,0,0.000109625607660338,0,0.00086185044320176,0,0.0505559618384176,2.43478552317423e-05,0.00813764058453528,0.000139791532641494,0.000210947577016825,0,0,3.62903471127147e-05,0.000722052784215475,0.000368436662291441,0.00472356233991124,0,0,0,0,0,0,0,0.0200528077636159,0,0,0,0,0.0595401159572713,4.52082600965899e-05,0,0,0,0,0,0,0,0,0.0064581394373682,0,0,0,0,0,0.0209814029493867,1.47601987242039e-05,0.0117516607271447,6.28021389900587e-05,0.000918052965419722,1.12155856770733e-05,0.0209148864934173,0.00163846678505913,0
0.000347209307255898,0,0.00128494160267793,1.0405475437625e-05,0.000359802773324986,0,0,0,0.000302631060503552,2.29193224875334e-05,0,0,0,0,0,0,0.000508105356679983,0.000481849651977632,0.0156938549951311,0,0.00123620397331057,0,0,0,0,0,0,0,0,0,0,0,0,0,0,0,1.69925606368715e-05,0,0.000912938603504892,0.00061853310751474,0.00457716600853753,0.000352435556917688,0.0171241305404468,0,0.000880990994514105,3.62903471127147e-05,0,0,0.00274829334985747,0,0.000632807403168681,0,0,0,0.000226602387251114,0,0.000218726060593254,6.08800769938919e-05,1.62145899279502e-05,0,0,0,0,0.0699072208523044,0,0,0,0,0,0,0,0,0,0.000214674058175854,0,0,0,0,6.29032325597889e-05,0.00411143987529327,5.43048704947846e-05,0.0067423965543636,0.000889119029101791,1.70683199663476e-05,0.0249666798348137,0.000528661635520933,0.000943415837882591
0,0,0,2.01408302175536e-05,0,1.52612110498982e-05,0,0,0,0,0,0,0,0,0,0,0,0,0,0,0,0,1.50229237940569e-05,0,0,0,0,0,3.29914747390918e-05,0,0,0.0192615675229618,0.074958078582386,0.250065186621463,0.0967546762723676,0.00158326701115821,0.00230865818142605,0.0101824520247419,0.0076370157412935,0.00173056553517338,9.06198025802255e-05,0.00217924407706386,0.000305584589330147,0,0,0.000722052784215475,0,0,0.0850804823793436,0.0381275349313748,0,0,0,0,0,0,0,0,0,0,0,0,0,0,0,1.58725238769883e-05,0,0,0,0,0.00367466525292869,6.28676429528472e-05,0.000184086279796054,0,0.0796667736712632,0.0283772994540474,0.0714276895204728,0.0191102242218923,0.00427271949243813,0.00587410217054761,0.00592108605090299,0.00780334470702861,0.00370837802968427,0.00198070652347463,0.0132295776910171,1.63463177807865e-05,0
0.0120793578983573,0,0.0231973902885435,0.000181455265613911,0.00148744718256785,0,0,0,0.00740079752404532,0,0,0,0,0,0,0,2.10899404681384e-06,3.032337932829e-06,0.000125240300386815,0,0,0,0,0,0.000388565802468172,0,0,0,0,0,0,0.000232119848246081,0.0010085545135045,0.011289933622603,0.0134691406435913,0.000385631596717111,0.000498982780941656,0,0.00347340144116299,0,0.0237947589682999,0.000333393164048544,0.0124444479804282,0,0,0.000368436662291441,0.00274829334985747,0.0850804823793436,0,0.00338352267842287,0.0014348034596415,0,0,0,0.00715641414210705,0,0.000233972179987977,1.743956964236e-05,3.97510066421408e-05,0,0.00418160327918186,0,4.10988217437227e-05,0.00192249628725859,0,2.64183624191602e-05,0,0,0,0,0,0,0,0.000335211381278641,6.182693873155e-05,3.10701412055499e-05,0.0133666677247324,0.0024467697672831,0.000205416854477346,0.010262481828054,0,0.00687067403374453,0.000796233008542758,1.47043265062526e-06,0.0247512974103497,0,0.00167317513767597
0,0.0131407313697614,0,0.0133782680409556,0,0.000431427846642829,0,0,0,0.00564548007285002,0,0,0,0,0,0,2.60958187947177e-05,5.41548571643684e-05,0.000631490551945557,0,0,0.00115829732216643,0,0.000303138508857651,0,0,0,0,0,0,0,0,0,0.000689302555439581,0.000141391447499435,0.000153956926111377,0,0.0140784958445156,3.92484821279048e-05,0.0658033417230004,0,0.00612124213498154,0,0,0,0.00472356233991124,0,0.0381275349313748,0.00338352267842287,0,0,0,0,0,0,1.68493999029523e-05,0,0.00769706578416849,0,0.000287435146479582,0,0.00217072098527677,0.00185243706632727,0,0.0160150104815992,0,0.00157768939296978,0,5.35736051136769e-05,0,0.0154348897431883,0,0.0163414924073313,0,0,0,0.00122984517990395,0,0.00121314261814473,0,0.00513039810288088,3.30925436508908e-06,0.000454265236494139,8.12820546844438e-06,0.0197463425997153,0.000250976959239867,0
0,0,0.0104609812807951,0,0.244565910465559,0,0.00685584308969694,0,0.00607340796702664,0,0,0,0.000267420607134155,0,0,0,0,0,0,0,0.0109240550144963,0,0,0,0,0,0,0,0,0,0,0,0,0,0,0,0.000158021281965502,0,5.83086583743833e-06,0,0.000810343854537366,1.39112579920315e-05,0.00200045331348896,0,0,0,0.000632807403168681,0,0.0014348034596415,0,0,0,0.000870840203311782,0,0.000522346787278409,0,0.00176685546484408,0,0.0172497777865599,0,0.00112625010864826,0,0,0.00259256188567315,0,0,0,0,0,0,0,0,0,0,0,0,0,0,0,0.000169151854129736,0,1.53481768052255e-05,0.000922439404706776,0,0.00736323736325424,0,0
0,0,0,0.00391063195299516,0,0.0685287330026622,0,0.00221278089747973,0,0,0,0,0,0,0,0,0,0,0,0,0,0,0,0,0,0,0,0,0,0,0,0,0,0,0,0,0,0,0,0,0,0,0,0,0,0,0,0,0,0,0,0,0,0.0136121094455954,0,0,0,0.00445396305322186,0,0.00103413468588172,0,0.00283057578555052,0,0,0,0,0,0,0,0,0,0,0,0,0,0,0,0,0,0,1.12403264144386e-05,0,0.000815373213875367,0,0.000760466956900896,0,0
0,0,0,0,0.013713285561966,0,0.0315707875845326,0,0,0,0,0,0.00224801890199821,0,0,0,0,0,0,0,0.00179858583344776,0,0,0,0,0,0,0,0,0,0,0,0,0,0,0,0,0,0,0,0,0,0,0,0,0,0,0,0,0,0.000870840203311782,0,0,0,0,0,0.00952539582529154,0,0.00160320401241728,0,0,0,0,0,0,0,0,0,0,0,0,0,0,0,0,0,0,0,0,0,0,0,0.00022048951091124,0,0,0,0
0,0,0,0,0,0.000128077430787641,0,0.0448657744481894,0,0,0,0,0,0,0,0,0,0,0,0,0,0,0,0,0,0,0,0,0,0,0,0,0,0,0,0,0,0,0,0,0,0,0,0,0,0,0,0,0,0,0,0.0136121094455954,0,0,0,0,0,3.70220467819633e-05,0,8.51763346261846e-05,0,0,0,0,0,0,0,0,0,0,0,0,0,0,0,0,0,0,0,0,0,0,0.000520223606197483,4.13951046076794e-05,0,0,0
0.0118787059241419,0,0.00752146976601502,0,0,0,0,0,0.187266206236198,0,0,0,0,0,0.00524284714743082,0,0,0,0,0,0,0,0,0,0.0774344080164001,0,0,0,0,0,0,0,0,0,0,0,0,0,0.000406029798930182,0,0,0,0.000616375181578925,0,0,0,0.000226602387251114,0,0.00715641414210705,0,0.000522346787278409,0,0,0,0,0,0.00016136593499281,0,0,0,0,0,0,0.00013082648742001,0,0,0,0.227850487865268,0,0,0,0,0,0,0,0,0,0,0,1.89695945860753e-05,0,0.000168743629612153,0.000132889548262218,0,0.00212499899859693,0,0
0,0.106031844302654,0,0,0,0,0,0,0,0.0882710971644286,0,0,0,0,0,0.00910358585413569,9.67202280910439e-06,8.40491222343817e-05,0,0,0,0,0,0.0250691804610202,0,0,0,0,0,0,0,0,0,0,0,0,0,0.00179365477617879,0,0,0,0,0,0,0,0,0,0,0,1.68493999029523e-05,0,0,0,0,0,0,0,0,0,0,0,0.0465218272609046,0,0,6.53855189801302e-06,0,0.0683904677817152,0,0,0,0,0,0,0,0,0,0,0,0,0,0.0037558687419318,0,1.17749690555648e-05,0,0.00095474470828796,0,0
0,0,0.000253408358810416,0,0.00046081901111354,0,0.00310983242155253,0,0.00150984227535529,0,0.0795478280024905,0,9.86232981294298e-05,0,0,0,2.06211305142228e-06,0,8.23871429700871e-05,0,0.00355631198490958,0,0,0,0,0,0,0,0.00011063782585552,0,0.000139806361403316,0,0,0,0,0,1.96735614599415e-05,0,0.000608436750539811,9.27466039831737e-05,0.000175686482270922,3.34930379202944e-05,0.00271310592290011,0,0,0,0.000218726060593254,0,0.000233972179987977,0,0.00176685546484408,0,0.00952539582529154,0,0.00016136593499281,0,0,0,0.00356454034567259,0,0.0017606379804047,0,0,0.00223644197487544,0,0,0,0,0,0,0,0,0,0.00946596005373237,0,0,0,0,9.08337195152455e-07,3.2827526505684e-05,0,1.70259477202969e-05,0.000129151967792309,0,0.0210454705378936,0,0.00105476730494358
0,0.000147205204263499,0,0.00985960704911479,0,0.0034857067247466,0,0,0,0,0,0.0247604828825037,0,0.00167334251038121,0,0,6.90628256605594e-06,0.000144167367407027,0.00220757162259487,0.00106212286577235,0,0,0,0,0,0,0,0,0,0.000184520191710107,0,0,0,0,0,0,0,0.000595307535448009,0,0.00391704892432304,0,0.0609484035299548,1.61745765629422e-05,0.00352182319928136,0,0.0200528077636159,6.08800769938919e-05,0,1.743956964236e-05,0.00769706578416849,0,0.00445396305322186,0,3.70220467819633e-05,0,0,0,0,0,0.0071795250663493,0,0.00376348419422545,0.0439039288585052,1.05033464712457e-05,0,0,0,0,0,0,0.000274775528900101,0,0.0348118707928563,0,0,0,0,0,0.000978158564282877,0,0.000148030977479877,0,0.000363529038371583,3.06206178240887e-06,0.0219087821552125,0.0470703019623793,3.56718014461591e-05
0,0,0.0237160258645282,0,0.000413515449725479,0,0.00131623394156701,0,0,0,0.00910607081489898,0,0.0263804551905032,0,0.00528139163802513,0,0,0,0,0,0,0,0,0,0,0,0,0,0.00335777377738354,0,0,0,0,0,0,0,3.73993637159285e-05,0,0,0,8.05025569148357e-05,0,2.52949690550699e-05,0,0,0,1.62145899279502e-05,0,3.97510066421408e-05,0,0.0172497777865599,0,0.00160320401241728,0,0,0,0.00356454034567259,0,0,0,0.014851406650071,0,0,1.33208023406857e-05,0,0,0,0,0,0,0,0.00710966386148942,0,0,0,0,0,0,0,1.90291517701207e-05,0,0,0,0,0.00296006468875026,0,0
0,0,0,0.000317580251155986,0,0.00087689599837337,0,0.000207042202447178,0,0,0,0,0,0.00746730584841055,0,0,0,0,0,0,0,0,0,0,0,8.61555879769316e-05,0,0.000150802759908404,0,0,0,0,0,0,0,0,0,0,0,0,0,0,0,0,0,0,0,0,0,0.000287435146479582,0,0.00103413468588172,0,8.51763346261846e-05,0,0,0,0.0071795250663493,0,0,0,0,0,0,0,0,0,0,8.71466343004574e-05,0,0.0182904979399002,0,2.34612909007547e-05,0,0,0,0,0,0,0,0,0,0.000320169432140924,0,4.98559489172832e-06,0,0
0.00369736508286925,0,0.00749539951909371,0,0,0,0,0,0.00129283918183162,0,0,0,0.00667121959269479,0,0.0348197487637749,0,0,0,0,0,0,0,0,0,0,0,0,0,0,0,0,0,0,0,0,0,0,0,0,0,0,0,0,0,0,0,0,0,0.00418160327918186,0,0.00112625010864826,0,0,0,0,0,0.0017606379804047,0,0.014851406650071,0,0,0,0,0,0,0,0,0,0,0,0,0,0,0,0,0,0,0,0,0,0,0,0,0,0,0,0
0,0.0197035157043557,0,0.000333580674404314,0,0,0,0,0,0.060535214359308,0,0,0,0,0,0.0471891275423786,0,0.00175902352187955,0,0,0,0,0,0,0,0.000374233000081849,0,0,0,0,0,0,0,0,0,0,0,6.83653677298638e-06,0,0,0,0,0,0,0,0,0,0,0,0.00217072098527677,0,0.00283057578555052,0,0,0,0.0465218272609046,0,0.00376348419422545,0,0,0,0,0,0,0,0,0.000649343719725519,0,0.000573867989387103,0,0.000860933314393478,0,0,0,0,0,0,0,0,0,0,0,0.00037252588049787,6.40427341806975e-06,1.4845112334268e-05,0,0
0,0,0,0.00100944521359123,0,0.00656583336899091,0,0.000109570375506656,0,0,0,0.00283303526092032,0,0,0,0,0,1.668290234572e-05,0.000198469767998661,0.0801641878385856,0,0,0,0,0,0,0,0,0,0,0,0,0,0,0,0.0055908130536764,0,0.0023524621868556,0,0.00931160878551279,0,0.0126493805380227,0,0.000258290362849628,0,0.0595401159572713,0,0,4.10988217437227e-05,0.00185243706632727,0,0,0,0,0,0,0,0.0439039288585052,0,0,0,0,0,0,0,0,0,0,0,0,0,0,0.00416617021556557,0,0,0,0,0,0.0204991731046477,0,0.00340933037858948,0,0.00132645338091713,1.12909947174978e-05,0.00867757047821076,0.00310170574488612,0
0.000181087838278866,0,0.000855160036969697,0,0.00110098844614487,0,0,0,6.66827653730791e-05,0,0,0,0,0,0,0,0.000574520613933373,0.000343873789243314,0.0175875304545015,0,0.0821747239499269,0,0,0,0,0,0,0,0,0,0,0,0,0,0,0,0.00130610400438507,0,0.00532959586286056,0.000406714284834644,0.00834078954778154,0.00060322776107833,0.0261546262206993,0,0.000505366937772211,4.52082600965899e-05,0.0699072208523044,0,0.00192249628725859,0,0.00259256188567315,0,0,0,0.00013082648742001,0,0.00223644197487544,1.05033464712457e-05,1.33208023406857e-05,0,0,0,0,0,0,0,0,0,0,0,0,0,0,0.00109151200298744,0,0,0,0,4.0968634343859e-05,0.00510516685933624,3.62971551404084e-05,0.00926921690145801,0.00103051153436403,2.83812487147066e-05,0.0404297011734921,0.000185478178411828,0.00182327909913412
0,0,0,0,0,0,0,0,0,0,0,0,0,0,0,0,0,3.55012524875967e-05,0,0,0,0.0263540659944049,0,0.000712768966467967,0,3.04780478472821e-05,0,0,0,0,0,0,0,0,0,0,0,0.00158974863379014,0,0,0,0,0,0,0,0,0,0,0,0.0160150104815992,0,0,0,0,0,6.53855189801302e-06,0,0,0,0,0,0,0,0,0,0,0.00318014677836901,0,0,0,1.58859446019264e-05,0,0,0,0,0,0,0,0,0,0.000239085952755417,0,0.000417529864394803,0,1.84800421974968e-05,0,0
0,0,0,0,0,0,0,0,0,0,0,0,0,0,0,0,0,0,0,0,0,0,0.0227045746914708,0,0.00715129483406854,0,0,0,0.000118121458859366,0,0,0,0,0,0,0,0,0,0.00152299029985551,0,0,0,0,0,0,0,0,1.58725238769883e-05,2.64183624191602e-05,0,0,0,0,0,0,0,0,0,0,0,0,0,0,0,0,0,0,0.00308538331510176,0,0.00501949562237123,0,0.00147818996253263,0,0,0,0,0,0,0,0,0,0.00184258943195758,0.000174221232882076,3.28129707783348e-06,0,0,0
0,0.0299228431075059,0,0,0,0,0,0,0,0.0142891410810924,0,0,0,0,0,0,0,0,0,0,0,0.0012310219582298,0,0.0480546339022633,0,0.032396368348283,0,0,0,0,0,0,0,0,0,0,0,0.00673215827365398,0,0,0,0,0,0,0,0,0,0,0,0.00157768939296978,0,0,0,0,0,0.0683904677817152,0,0,0,0,0,0.000649343719725519,0,0,0.00318014677836901,0,0,0,0.0413149596963293,0,0,0,0,0,0,0,0,0,0,0,0.00748012894718479,0,0.0001769012187484,0,0.00771062064046401,0,0
4.62232912375152e-05,0,0,0,0,0,0,0,0.0396143142182272,0,0,0,0,0,0.000340759443314894,0,0,0,0,0,0,0,5.23910036013941e-05,0,0.102381400299136,0,0,0,0,0,0,0,0,0,0,0,0,0,0.00157167072707832,0,0,0,0,0,0,0,0,0,0,0,0,0,0,0,0.227850487865268,0,0,0,0,0,0,0,0,0,0,0.00308538331510176,0,0,0,0,0,0,0,0,0,0,0,0.00014718794138697,0,0,0,0.00159770728812611,1.18186685044673e-05,0,0.000863860631539507,0,0
0,0,0,0,0,0,0,0,0,0.00111431725016639,0,0,0,0,0,0.0130045740655283,0.000162839633331739,0.00199335793575024,9.42209795085735e-05,0,0,5.271508637422e-06,0,0.0657321098851706,0,0.0308259406910088,0,0,0,0,0,0,0,0,0,0,0,0,0,0,0,0,0,0,0,0,0,0,0,5.35736051136769e-05,0,0,0,0,0,0,0,0,0,8.71466343004574e-05,0,0.000573867989387103,0,0,0,0,0.0413149596963293,0,0,0,0.012902253674052,0,0,0,0,0,0,0,0,0,0,0,0.000244525032142446,6.93243285709092e-06,0.000117400857591053,0,0
0,0,0,0,0,0,0,0,0,0,0,0,0,0,0,0,0,0,0,0,0,0,0,0,0.0226471010743332,0,0.0406551638111498,0,0.00471523272436042,0,0,0,0,0,0,0,0,0,0,0,0,0,0,0,0,0,0,0,0,0,0,0,0,0,0,0,0,0,0,0,0,0,0,0,0,0.00501949562237123,0,0,0,0,0,0.0109066072007569,0,0,0,0,0,0,0,0,0,0,1.16400853549194e-06,0,0,0,0
0,0,0,0,0,0,0,0,0,0,0,0,0,7.01940829170048e-05,0,0,0,0,0,0,0,0.000261714244407832,0,0,0,0.000269952647307352,0,0.017473821916691,0,0,0,0,0,0.000480733433281322,0,0,0,0.00530107903557801,0,0,0,0,0,0,0,0,0,0.00367466525292869,0,0.0154348897431883,0,0,0,0,0,0,0,0.000274775528900101,0,0.0182904979399002,0,0.000860933314393478,0,0,1.58859446019264e-05,0,0,0,0.012902253674052,0,0,0,6.27282858478271e-05,0,0,0,0,0,0,0,0.00466022737883237,0,9.06329966160721e-06,1.19690391882116e-06,3.4877229599488e-05,0,0
0,0,0,0,0,0,0,0,0,0,0,0,0.00016449869610884,0,0,0,0,0,0,0,0,0,0.000101133509365253,0,0,0,0.000473350208823344,0,0.0299965984902043,0,0.00251351986925291,0,0,0,0,0,0,0,0.000141085535941063,0,0,0,0,0,0,0,0,6.28676429528472e-05,0,0,0,0,0,0,0,0,0,0,0.00710966386148942,0,0,0,0,0,0,0.00147818996253263,0,0,0,0.0109066072007569,0,0,0,0.00635848674533071,0,0,0,0,0,0,0,0.000177405608679441,4.90222199163576e-07,0,2.45383185667331e-05,0,0
0,0,0,0.000385979908719229,0,0,0,0,0,0,0,6.18775363692681e-05,0,0,0,0,0,0,0.000120260327529632,7.94171234960262e-05,0,0,0,0,0,0,0,0.000155122042304919,0,0.0254519260713834,0,0,0,6.3759721851314e-05,0,0,0,0.000109190060632843,0,0.000554261895112337,0,0.00154956826841783,0,0.00125862590184699,0,0.0064581394373682,0,0.000184086279796054,0,0.0163414924073313,0,0,0,0,0,0,0,0.0348118707928563,0,2.34612909007547e-05,0,0,0.00416617021556557,0,0,0,0,0,0,0,6.27282858478271e-05,0,0,0,0,0,0,0,0.00013448264135275,0,0.0073626571892919,0,1.45512996406325e-05,1.54236288521131e-06,0.00324387206530261,0.00165887799452176,0
0,0,0.000298224779712083,0,5.30349417698396e-05,0,0,0,0.000120921807655907,0,0.00361892595837597,0,0,0,0,0,0,0,0.000368697000969674,0,0.000153326584500268,0,0,0,0,0,0,0,0.00315447250066502,0,0.0366605272184883,0,0,0,0,0,0,0,0.000448785632431002,0,1.14385337694414e-05,0,0.0109683773751186,0,0,0,0.000214674058175854,0,0.000335211381278641,0,0,0,0,0,0,0,0.00946596005373237,0,0,0,0,0,0,0.00109151200298744,0,0,0,0,0,0,0,0.00635848674533071,0,0,0,0,0,0,0,3.5673757633081e-05,0,0,5.06852399714402e-05,1.64130331106056e-06,0.00662945575946274,0,0.0236880077172993
0,0,0,0,0,0,0,0,0,0,0,0,0,0,0,0,0,0,0,0,0,0,0,0,0,0,0,0,0,0,0,0.576970745808563,0.129692156707744,0.0239101883294557,0.000196225360350654,0.000279240162049637,0.00039255930661192,0,0,0,0,0,0,0,0,0,0,0.0796667736712632,6.182693873155e-05,0,0,0,0,0,0,0,0,0,0,0,0,0,0,0,0,0,0,0,0,0,0,0,0,0,0,0.0318663340254968,0.00401307578748965,0.000327081116742434,9.43454104046302e-05,0.000324688907617651,0,0,0.00219222922647873,0,0,0,0
