0,0,0.0362092874104854,0,0.00204065060264091,0,0,0,0.053101129336597,0,0,0,0,0,0,0,0.000702984926765739,1.27673131302061e-05,0.0164562182140042,0,0,0,0,0,0,0,0,0,0,0,0,0,0,0,0,0,0,0,0,0,0,0,0.000421722325543857,0,0.00535023509861453,0,0.0302683113772847,0,0.0218653101975521,0,0,0,0,0,0.104417402872825,0,0,0,0,0,0.00113051246424396,0,0,0,0,0,0,0,0,0,0,0,0,0,0,0,0,0,0,0,0,0,0.000929903526315682,0,0.0136888696072542,0,0.000715872244101749
0,0,0,0.00466156956865514,0,0,0,0,0,0.0293593780666989,0,0,0,0,0,0,0,1.71527909798171e-05,0.000355311983807341,0,0,0,0,0,0,0,0,0,0,0,0,0,0,0,0,0,0,8.38113925273837e-06,0,0.000529595213827277,0,0.00488819402854064,0,0,0,0,0,0,0,0.0253833463819057,0,0,0,0,0,0.0460110672203907,0,0.00368203397743586,0,0.00357572472025235,0,0.0233817065061366,0,0,0,0,0.00387101329941577,0,0.00049055492100903,0,3.14824932524617e-05,0,0,0,0,0,0,0,4.39163278153032e-06,0,2.28255322317115e-05,0,0.00104443893153147,0,0.0144111553932156,0.000395610348587202,0
0.0362092874104854,0,0,0,0.0440370600283761,0,0,0,0.0490737752337516,0,0,0,0,0,0,0,2.77497462679674e-05,0,0.00150350252640041,0,0,0,0,0,0,0,0,0,0,0,0,0,0,0,0,0,1.03373411262653e-05,0,0,0,0,0,0.00618980823348911,0,0.000296963958018245,0,0.00649826696279379,0,0.00720398397368942,0,0,0,0,0,0.034242625924266,0,0.00865569531740971,0,0.00710908301743869,0,0.0236089714302411,0,0,0,0,0,0,0,0,0,0,0,0,0,0,0,0,0,0,0,0,0,0.000860025729579808,2.19833162321388e-05,0.047528986001604,0,0.00678684583502636
0,0.00466156956865514,0,0,0,0.036506775581181,0,0,0,0.0357421174988438,0,0.000105573987230681,0,0,0,0,0,0,0.000828760603968246,0.00325991534487623,0,0,0,0,0,0,0,0,0,0,0,0,0,0,0,0.000361359202377219,3.36393641952372e-06,0,0,0.00875903960584316,6.71053777060392e-05,0.00583748598376156,0,0,0,0.0151989264744787,0.00016133290720123,7.51348829096665e-05,0,0.0115157488182708,0,0.00477556493520136,0,0,0,0.00545880282398045,0,0.0009781459775639,0,0.000121048264826724,0,0.00157250242537733,0.00138500491135511,0,0,0,0,0,0.000117115604788165,0,0.000467335836481768,0,0.000156956700154727,0,0,0,0,0,0.000344969655671686,0,8.90425935402989e-05,0,0.000622584621000313,0.000135315546628746,0.0491333991451803,0.000902347868553951,0
0.00204065060264091,0,0.0440370600283761,0,0,0,0.000196116889128461,0,0.00637773841978414,0,0,0,0,0,0,0,0,0,0,0,0.00492190959667194,0,0,0,0,0,0,0,0,0,0,0,0,0,0,0,4.30937484290001e-05,0,0,0,0,0,0.000145640219464243,0,0,0,1.65970266628001e-05,0,0.000385891523094269,0,0.166050695151169,0,0.00524971925492156,0,0.000407575398987376,0,3.41512081292023e-05,0,0.000116095910168289,0,0.000412395710953757,0,0,9.99810124421041e-05,0,0,0,0,0,0,0,0,0,0,0,0,0,0,0,0,0,0,0.00084989091350008,0.000109604062060489,0.00336250115760845,0,0
0,0,0,0.036506775581181,0,0,0,0,0,0.0159411111225917,0,0.000315068791318457,0,0,0,0.000599883692684075,0,0,0.000396725620508676,0.00386421557869792,0,0,0,0,0,0,0,0,0,0,0,0,0,0,0,0.00143464185884144,7.28206438766182e-05,0,0,0.002598580574721,0,0.000391495525390078,8.62284160266236e-06,0,0,0.00541867980648494,7.85004284002621e-05,0,0,0.000359936162365491,0,0.149552484770029,0,0,0,0.00791707047426195,0,0.00361692719639646,0,0.000279894798480923,0,0,0.0109297495566084,0,0,0,0,0,0,0,4.59420997633245e-05,0,0,0,0,0,0,0,0.00061508409409926,0,9.51933088652523e-06,0,0.000963992047635762,3.07857761367017e-05,0.0167942463232381,0,0
0,0,0,0,0.000196116889128461,0,0,0,0,0,0.00151949603404124,0,0,0,0,0,0,0,0,0,0.0586588989238596,0,0,0,0,0,0,0,0,0,0,0,0,0,0,0,0,0,0,0,0,0,0,0,0,0,0,0,0,0,0.00066142718260731,0,0.034339428295857,0,0,0,0.00406704877891707,0,0,0,0,0,0,8.64926118275232e-05,0,0,0,0,0,0,0,0,0,0,0,0,0,0,0,0,0,0,0.000594815930728061,6.61609783492167e-06,0,0,0
0,0,0,0,0,0,0,0,0,0,0,0.000292748091803248,0,0,0,0,0,0,0,0,0,0,0,0,0,0,0,0,0,0,0,0,0,0,0,0,0,0,0,0,0,0,0,0,0,0,0,0,0,0,0,0.0180820076516521,0,0,0,0,0,0.00674934657105272,0,0.00114717588168958,0,0,0,0,0,0,0,0,0,0,0,0,0,0,0,0,0,0,0,0,0,0,0,0,0,0,0
0.053101129336597,0,0.0490737752337516,0,0.00637773841978414,0,0,0,0,0,0,0,0,0,0.00400446450135726,0,0.0162204714894708,1.58617447131303e-05,0.00258716093678993,0,0,0,0,0,0.0171913476144476,0,0,0,0,0,0,0,0,0,0,0,0,0,0,0,0,0,0.00361339035534024,0,0.000780576009168997,0,0.00048910126212234,0,0.00145594985212539,0,0.00340013145825267,0,0,0,0.130030560872692,0,0,0,0,0,0.00328579774806072,0,0,0,0,0,0,0.00205848510706691,0,0,0,0,0,0,0,0,0,0,0,0,0,0,0.00326700215017683,9.23567827905572e-05,0.0100912115371935,0,0.000477029186230882
0,0.0293593780666989,0,0.0357421174988438,0,0.0159411111225917,0,0,0,0,0,0,0,0,0,0.00425982283948684,0,0.0122983851570954,0.00728892371889833,0,0,0,0,0,0,0.00143270830887242,0,0,0,0,0,0,0,0,0,2.30260541034692e-05,0,0,0,0.0014218210804108,0,0.00916121300152793,0,0,0,0.00317110095225303,1.39905435250563e-05,3.92108745017779e-05,0,0.00662508434579514,0,0.0170161408394735,0,0,0,0.200125328397578,0,0.000220012219950905,0,0,0,0.0027603771137184,0,0,0,0,0,0,0.000622068559978622,0,7.17433959721223e-05,0,0,0,0,0,0,0,6.692302435616e-05,0,2.73792245345626e-05,0,0.00242890637881816,0.000409886388129511,0.00595218766395826,0.000547715734667033,0
0,0,0,0,0,0,0.00151949603404124,0,0,0,0,0,0.0294058630952427,0,0,0,0,0,0,0,0.0985795093508149,0,0,0,0,0,0,0,0.0054448058184751,0,0.0104291541279786,0,0,0,0,0,0.00333949174394247,0,0.0174545437607282,0,0,0,0,0,0,0,0,0,0,0,0,0,0.00181327139777312,0,0,0,0.104760553239593,0,0.0327354753149904,0,0,0,0,0.0255882660496096,0,0,0,0,0,0,0,0.000520850013273901,0,0.00124836959574763,0,0,0,0,0,0.00499081147258388,0,0.00476462797371297,0.00207642813954862,3.64747008724836e-05,0,0,0
0,0,0,0.000105573987230681,0,0.000315068791318457,0,0.000292748091803248,0,0,0,0,0,0.00704627099110437,0,0,0,0,4.6148534385525e-05,0.0158634144457221,0,0,0,0,0,0,0,0,0,0.00547189510503901,0,0,0,0,0,1.52437860378996e-05,0,0.017534783867887,0,0,0,7.03950169041873e-05,0,0,0,0.0016014443393059,0,0,0,0.000187900884749769,0,0.000216110924839794,0,0,0,0,0,0.0445064756767388,0,0,0,0,0.0290386019885062,0,0,0,0,0,5.94760094750927e-05,0,0.000980674474534467,0,0.0045023261219648,0,0,0,0,0,0,0,0.00300961240113436,0,0.000260328431282751,0,0.000739427711333436,0,0
0,0,0,0,0,0,0,0,0,0,0.0294058630952427,0,0,0,0.0249946209013192,0,0,0,0,0,0,0,0,0,0,0,0,0,0.000210476891035546,0,0,0,0,0,0,0,0,0,0,0,0,0,0,0,0,0,0,0,0,0,0,0,0,0,0,0,0.0170665167404536,0,0.10729056912314,0,0.0033693828365346,0,0,0,0,0,0,0,0,0,0,0,0,0,0,0,0,0,0,0,0,0,0.000867373527317108,0.0012368163507849,0,0,0
0,0,0,0,0,0,0,0,0,0,0,0.00704627099110437,0,0,0,0.0118339291493483,0,0.00152873113538491,0,0,0,0,0,0,0,0.00241845981709579,0,0,0,0,0,0,0,0,0,0,0,0,0,0,0,0,0,0,0,0,0,0,0,0,0,0,0,0,0,0,0,0.00271193359246875,0,0.0225973174020538,0,0.022891838913604,0,0,0,0,0,0,0.000734056598195138,0,0.000307993644971149,0,0,0,0,0,0,0,0,0,0,0,0.000103443264667706,0.00141801285287499,0,0,0
0,0,0,0,0,0,0,0,0.00400446450135726,0,0,0,0.0249946209013192,0,0,0,0.00905341109102395,0,0,0,0,0,0,0,0.000658384508923025,0,0.0305823520109093,0,0.000229853285775999,0,0,0,0,0,0,0,0,0,0,0,0,0,0,0,0,0,0,0,0,0,0,0,0,0,0.00972787865461692,0,0,0,0.0865593034088468,0,0.0378713047853056,0,0,0,0,0,0,0,0,0.000406916829820572,0,0,0,0,0,0,0,0,0,0,0,0,0.00036748416408635,2.13787677349597e-05,0,0,0
0,0,0,0,0,0.000599883692684075,0,0,0,0.00425982283948684,0,0,0,0.0118339291493483,0,0,0,0,0,0,0,0,0,0,0,0.00986366252146006,0,0,0,0,0,0,0,0,0,0,0,0,0,0,0,0,0,0,0,0,0,0,0,1.25664098946407e-05,0,0,0,0,0,0.0499835556509236,0,0,0,0.00576416872414623,0,0.147271754886042,0,0,0,0,0,0,0.00701855669053062,0,0,0,0,0,0,0,0,0,0,0,0,0,0.00127654681234577,0.00047767751451356,0,0,0
0.000702984926765739,0,2.77497462679674e-05,0,0,0,0,0,0.0162204714894708,0,0,0,0,0,0.00905341109102395,0,0,0.0685884559078628,0.102624173925652,0,0,0,0,0,0.00186140186082567,0,0.0153631828583901,0,0.000189010480863103,0,0,0,0,0,0,0,0,0,0,1.2541262710593e-05,0,3.36711075373981e-05,5.27458772792071e-05,0,0.000240466491288328,0,0.000113390630047793,0,0,0,0,0,0,0,0.00735183211446967,0,0,0,0,0,0.00304924036761145,0,0,0,0,0,0,0,0,0.00852534747161287,0,0.000401352374014622,0,0,0,0,0,0,0,0,0,0,0.0152551282811552,0.000119340849919085,0.000858752407940269,0,0
1.27673131302061e-05,1.71527909798171e-05,0,0,0,0,0,0,1.58617447131303e-05,0.0122983851570954,0,0,0,0.00152873113538491,0,0,0.0685884559078628,0,0.0313992552606518,0,0,0,0,0.000402351866491849,0,0.00457904495019769,0,0,0,0,0,0,0,0,0,0,0,0,0,0.000170793070712531,0,0.00044578592398309,1.33682891824405e-05,0,0,7.10773607639169e-06,0,2.27199016303876e-05,6.17009878160492e-06,3.753333543497e-05,0,0,0,0,4.73425187463503e-05,0.00190815751260495,0,0,0,0.000391666521153133,0,0.000403964917572132,0,0,0,0,0,0,0.00920227875269489,0,3.08460224034005e-06,0,0,0,0,0,0,0,1.78473260209608e-05,0,1.67831919437213e-06,0,0.00816830497190153,0.000413740159753805,0.000365605567090022,0,0
0.0164562182140042,0.000355311983807341,0.00150350252640041,0.000828760603968246,0,0.000396725620508676,0,0,0.00258716093678993,0.00728892371889833,0,4.6148534385525e-05,0,0,0,0,0.102624173925652,0.0313992552606518,0,0.000118957254497802,0,0,0,0.0020147158489146,0,0,0,0,0,0,0,4.94445200114503e-06,1.633798767263e-05,0,0,1.86844392913402e-05,0,2.14206302809727e-05,0,0.0387597519642842,0.0011704699258201,0.0542093319329343,0.0837925670875583,0,0.0363595304474662,0.0230527047411083,0.0551028006808225,0.001351103206676,0.000515659968252984,0.00463022551984128,0,0,0,0,9.70043707623821e-05,0.000871395139752719,0,0.0014723303117052,0,1.42595842076319e-05,0,0,0.000452815893931452,0,0,0,2.18290940284631e-05,0,0.000116697791085398,0,0.000648660303653382,0,0.000161182594996959,0,0,7.26628776677916e-05,0,8.31471873475849e-05,0.00355724670281076,1.61607703399801e-05,0.000434640551170708,0,0.0193607767297389,0.000260217029426472,0.116895015437421,0.0019382744999402,0.0048404970218429
0,0,0,0.00325991534487623,0,0.00386421557869792,0,0,0,0,0,0.0158634144457221,0,0,0,0,0,0,0.000118957254497802,0,0,0,0,0,0,0,0,0,0,0,0,0,0,0,0,0.00811194548065351,0,0.00410529249002532,0,0.000218027318935497,0,2.50471446086378e-05,6.0696405438738e-05,0,0,0.00198265049611179,0,0,0,3.51894521913907e-05,0,0.00146571078495405,0,0,0,0,0,0.00243689232453228,0,0,0,0,0.119981629816966,0,0,0,0,0,0,0,9.43757619570186e-05,0,0.000145392733634071,0,0,0,0,0,0.00582274227307552,0,0.00132546052789647,0,0.000378650823602259,0,0.00917912857369704,0,0
0,0,0,0,0.00492190959667194,0,0.0586588989238596,0,0,0,0.0985795093508149,0,0,0,0,0,0,0,0,0,0,0,0,0,0,0,0,0,0,0,0.000374121959500315,0,0,0,0,0,0.0075723076029603,0,0.00209651924414789,0,0,0,0,0,0,0,4.54795347077631e-05,0,0,0,0.0146629410712145,0,0.0269290113782639,0,0,0,0.0422046001028804,0,0,0,0,0,0,0.0310014931354245,0,0,0,0,0,0,0,0,0,0.00382295933621873,0,0,0,0,0,0.0120268874465719,0,0.00372188184912958,0.000931681778284382,1.56521441079905e-05,0.000919253931491571,0,0
0,0,0,0,0,0,0,0,0,0,0,0,0,0,0,0,0,0,0,0,0,0,0.034563142845189,0.00150889694674252,0,0.0100251380635737,0,0,0,0,0,0,0,0,0,0,0,0.0177684016823928,0,8.30203393596511e-06,0,7.17769480859486e-05,0,0,0,6.19852785479859e-06,0,0,0,0.00174238659230547,0,0,0,0,0,0,0,1.52219469862461e-05,0,0,0,0,0,0,0.119678005689647,0.0144430802760473,0.00327740720318531,0,0,0,0.000121230504547421,0,0,0,0,0,0,0,0,0,0.0134718586025059,6.21694411485082e-05,0.00550944158676715,0.000191757994533443,0.000188890123636874,0,0
0,0,0,0,0,0,0,0,0,0,0,0,0,0,0,0,0,0,0,0,0,0.034563142845189,0,0,0.00557475080268343,0,0.00448388676212628,0,0.00465059941673442,0,0,0,0,0,0,0,0,0.000273867113086527,0.0287480459193958,0,0,0,0,0,0,0,0,0,0.00277478499234856,0,0,0,0,0,0,0,0,0,0,0,0,0,0,0,0.00321708900861393,0.187809690965035,0,0.0104251410108873,0,0.0243461625062181,0,0.00710879784914153,0,0,0,0,0,0,0,0,0.000567404238949028,0.0349352744504756,0.00821464666460908,0.000344696354687285,0,0,0
0,0,0,0,0,0,0,0,0,0,0,0,0,0,0,0,0,0.000402351866491849,0.0020147158489146,0,0,0.00150889694674252,0,0,0,0.0118071357330233,0,0,0,0,0,0,0,0,0.000135861700224952,0,0,0.000903161967846633,0,0,0,0.00118264532501594,0,0,0,0.00057476278481336,0,9.34359653194296e-05,0,0.000246251439418543,0,0,0,0,0,0.00359641636627548,0,0,0,0,0,0,0,0,0.00214847632439624,0,0.159163120549768,0,0.00149577187953907,0,0,0,0,0,0,0,0,0,0,0,0.00263693535484127,0,0.00170945826054619,7.77882675947834e-05,0.000113987548510276,0,0
0,0,0,0,0,0,0,0,0.0171913476144476,0,0,0,0,0,0.000658384508923025,0,0.00186140186082567,0,0,0,0,0,0.00557475080268343,0,0,0,0,0,0,0,0,0,0,0,0,0,0,0,0.0222289069949731,0,0,0,0.00145395865704708,0,0,0,0,0,0.000199715231464135,0,0,0,0,0,0.00918443470488805,0,0,0,0,0,0,0,0,0,0,0.00394222640310227,0,0.135372042124917,0,0,0,0,0,0,0,0,0,0,0,0,0,0.0053140304182925,0.0011711332207121,2.23639158083872e-05,0.0024835508628979,0,0.000322707235106107
0,0,0,0,0,0,0,0,0,0.00143270830887242,0,0,0,0.00241845981709579,0,0.00986366252146006,0,0.00457904495019769,0,0,0,0.0100251380635737,0,0.0118071357330233,0,0,0,0.000977213644718284,0,0,0,0,0,0,0,0,0,0,0,0,0,0,0,0,0,0,0,0,0,0,0,0,0,0,0,0.0308618822399695,0,0,0,0,0,0.000688879987680364,0,0,0.00307488090482988,0,0.144587341584322,0,0.014260799645329,0,0,0,0,0,0,0,0,0,0,0,4.32322408933092e-06,0,0.000132864782804305,0,0,0,0
0,0,0,0,0,0,0,0,0,0,0,0,0,0,0.0305823520109093,0,0.0153631828583901,0,0,0,0,0,0.00448388676212628,0,0,0,0,0,0.0172057068325158,0,0,0,0,0,0,0,0,0,0,0,0,0,0,0,0,0,0,0,0,0,0,0,0,0,0,0,0,0,0,0,0.00185717321440245,0,0,0,0,0.000331506745868823,0,0,0,0.0366538981450844,0,0.00481580745762882,0,0,0,0,0,0,0,0,0,0,0.000773960364901488,3.93400083556841e-06,0,0,0
0,0,0,0,0,0,0,0,0,0,0,0,0,0,0,0,0,0,0,0,0,0,0,0,0,0.000977213644718284,0,0,0,0.0196982990960678,0,0,0,0,0,0,0,0.000539499178391663,0,0,0,0,0,0,0,0,0,0,0,0,0,0,0,0,0,0,0,0,0,0.0111636219649578,0,0,0,0,0,0,0,0,0.0173123478374535,0,0.150038953941195,0,0.0180114041635813,0,0,0,0,0,0,0,0.00898059369620887,0,1.65503420858013e-05,0,0,0,0
0,0,0,0,0,0,0,0,0,0,0.0054448058184751,0,0.000210476891035546,0,0.000229853285775999,0,0.000189010480863103,0,0,0,0,0,0.00465059941673442,0,0,0,0.0172057068325158,0,0,0,0.0449448085936512,0,0,0,0,0,0,0,0.000478964371529703,0,0,0,0,0,0,0,0,0,0.000216919671215825,0,0,0,0,0,0,0,0.0348119012952139,0,0.0108646658980055,0,0,0,0,0,0,0.00206368062643082,0,0,0,0.0395810207095363,0,0.128669855882793,0,0.0392496645542531,0,0,0,0,0,0,0,0.000368215450058144,0.00103323021114936,0.00062625328725672,0,0,0
0,0,0,0,0,0,0,0,0,0,0,0.00547189510503901,0,0,0,0,0,0,0,0,0,0,0,0,0,0,0,0.0196982990960678,0,0,0,0,0,0,0,0,0,0.0123025202447648,0,0,0,0,0,0,0,0,0,0,0,0,0,0,0,0,0,0,0,0.0117808906958398,0,0,0,0,0,0,0,0,0,0,0,0,0.000163932903454893,0,0.154805135504273,0,0,0,0,0,0,0,0.00766560741405209,0,0.000221258373633645,0,0,0,0
0,0,0,0,0,0,0,0,0,0,0.0104291541279786,0,0,0,0,0,0,0,0,0,0.000374121959500315,0,0,0,0,0,0,0,0.0449448085936512,0,0,0,0,0,0,0,0,0,0.00217420121968593,0,0,0,0,0,0,0,0,0,0,0,0,0,0,0,0,0,0.0158671794255445,0,0,0,0,0,0,0.000472816325778339,0,0,0,0,0,0,0,0.0202801983672201,0,0.0628835296726918,0,0,0,0,0,0,0,0.00128271031086137,3.49668606103876e-05,0,0,0,0
0,0,0,0,0,0,0,0,0,0,0,0,0,0,0,0,0,0,4.94445200114503e-06,0,0,0,0,0,0,0,0,0,0,0,0,0,0.15566463826207,0.00333483373626131,0,0.0107359754946246,0.00267680395054841,8.64885712554132e-06,0,0.000116886585486589,0,7.2466397120316e-05,0,0,0,0,0,0.0487661592626198,0.000202570345468087,0.000158779966389631,0,0,0,0,0,0,0,0,0,0,0,0,0,0,0,0,0,0,0,0,0,0,0,0,0.13958097874285,0.126319550887698,0.0130686798632915,0.0067403594926163,0.0203601366088603,0.00131659354190809,5.11150763453082e-06,0,0.00122119469748154,0,0,0,0
0,0,0,0,0,0,0,0,0,0,0,0,0,0,0,0,0,0,1.633798767263e-05,0,0,0,0,0,0,0,0,0,0,0,0,0.15566463826207,0,0,0,0.00230440558770359,0.00616888745872203,0,0,0.000116369208176759,0,5.50017647868179e-05,0,0,0,0,0,0.0687567889485565,0,0,0,0,0,0,0,0,0,0,0,0,0,0,0.000118378937805341,0,0,0,0,0,0,0,0,0,0,0,0.080166617166522,0.214217190004235,0.00155526713488606,0.0145181036585208,0.00333731361286781,0.00579100543446565,2.19293755819538e-06,0,0.000356517110133006,0,0,0,0
0,0,0,0,0,0,0,0,0,0,0,0,0,0,0,0,0,0,0,0,0,0,0,0,0,0,0,0,0,0,0,0.00333483373626131,0,0,0.108368429900848,0.00275847999808952,0,0.00292324871611682,0.00075834888171882,0,0,0,0,0,0,0,0,0.0939680917301629,0.00190037030879339,0.000450605765259051,0,0,0,0,0,0,0,0,0,0,0,0,0,0,0,0,0,0,0,0,0,0,0,0,0.0146448034205099,0,0.247170079682263,0.157036279599474,0.00091284970629195,0,0.00867298934614857,0.00237134718195561,0.00207852808486407,4.2109721983827e-05,0,0,0
0,0,0,0,0,0,0,0,0,0,0,0,0,0,0,0,0,0,0,0,0,0,0,0.000135861700224952,0,0,0,0,0,0,0,0,0,0.108368429900848,0,6.43477071360079e-05,0.00602867741372907,3.14729216055992e-05,0.00409042006643147,0.000523611866127647,0,0.000120742557735496,0,0,0,0,0,0.0315518040797104,0,1.61851018911571e-05,0,0,0,0,0,0,0,0,0,0,0,0,0,0,0,0,0,0,0,0,0,0,0,0,0.00145574724384423,0.0008527330416499,0.0670663700585325,0.235567186354355,0.00212905471934228,0.00301200607731964,0.000117166336938329,0.00205514985685793,0.000560424028676312,0,0,0,0
0,0,0,0.000361359202377219,0,0.00143464185884144,0,0,0,2.30260541034692e-05,0,1.52437860378996e-05,0,0,0,0,0,0,1.86844392913402e-05,0.00811194548065351,0,0,0,0,0,0,0,0,0,0,0,0.0107359754946246,0.00230440558770359,0.00275847999808952,6.43477071360079e-05,0,0.00997000726926793,0.0100654268157129,0,0.00208463755331331,4.82191964169784e-05,4.41474813247954e-05,0,0,0,0.00133818106159319,0.000126857685471359,0.000544419275136145,0,0.000314672281167736,0,9.62272529656991e-05,0,0,0,1.44073835113069e-05,0,0.000181998017115856,0,0,0,0,0.0039702924523934,0,0,0,0,0,0,0,6.23399304212069e-06,0,0,0,0.00577922239522893,0.000500234274265193,0.0100807983465533,1.89888732129151e-05,0.113244107426932,0.0123494651886413,0.00100022689890819,0,0.0138726998621925,9.20518969569267e-05,0.00490345943147997,0,0
0,0,1.03373411262653e-05,3.36393641952372e-06,4.30937484290001e-05,7.28206438766182e-05,0,0,0,0,0.00333949174394247,0,0,0,0,0,0,0,0,0,0.0075723076029603,0,0,0,0,0,0,0,0,0,0,0.00267680395054841,0.00616888745872203,0,0.00602867741372907,0.00997000726926793,0,0,0.0182977382572972,0,0.00181497764952629,3.78961705634333e-06,2.21153437773781e-05,0,0,5.74771528822587e-05,0.000543231545351052,0.00194256884822527,0,1.51199125548014e-05,0,3.18534224152196e-06,0,0,0,0,0.00323076283417487,4.46393500054834e-05,0,0,0,0,3.52894218236607e-06,0.00212669614138577,0,0,0,0,0,0,0,0,0,0,0.00154179827396922,0.00140634381398629,0,0.00213293064842361,0.00141717601143683,0.11685587588598,0,0.00175568549511705,0.00936463920825615,0.00366280308540391,0.00459368398640949,0,0
0,8.38113925273837e-06,0,0,0,0,0,0,0,0,0,0.017534783867887,0,0,0,0,0,0,2.14206302809727e-05,0.00410529249002532,0,0.0177684016823928,0.000273867113086527,0.000903161967846633,0,0,0,0.000539499178391663,0,0.0123025202447648,0,8.64885712554132e-06,0,0.00292324871611682,3.14729216055992e-05,0.0100654268157129,0,0,0.00679822277207377,0,0,0.000752620950373094,0,0,0,8.94068037865002e-05,0,0.00369236707145146,2.19120987649484e-06,0.00517718523415979,0,0,0,0,0,0,0,0.000390324486634511,0,0,0,0,0.00399138016511336,0,0.00278089123086374,8.43378580738345e-05,0.00140405971154884,0,0,0,0.000273885560295826,0,0.00851893775830625,0,2.93875930702783e-05,6.41578697567693e-06,0.00413144515287661,0,0.00845112123756113,0,0.140113772690515,0.00507828149435079,0.00463797673971565,0,0.00489671644691658,8.75049525246094e-05,0
0,0,0,0,0,0,0,0,0,0,0.0174545437607282,0,0,0,0,0,0,0,0,0,0.00209651924414789,0,0.0287480459193958,0,0.0222289069949731,0,0,0,0.000478964371529703,0,0.00217420121968593,0,0,0.00075834888171882,0.00409042006643147,0,0.0182977382572972,0.00679822277207377,0,0,0,0,0,0,0,0,0,0.00749978591032815,0.00751104257322749,0,0,0,0,0,0.000115161766980511,0,0.00897188019574776,0,0,0,0,0,0,0.00124001035361045,0,0.00735451899816427,0,0.00527467166363711,0,0,0,8.0282110439514e-06,0,0.000213589641219784,0,0,0,0.00963358897853345,0,0.00936087005208026,0.000109487666551752,0.123347113931671,0.00781832401915924,3.58283209030828e-05,0.00197980980126711,0,0
0,0.000529595213827277,0,0.00875903960584316,0,0.002598580574721,0,0,0,0.0014218210804108,0,0,0,0,0,0,1.2541262710593e-05,0.000170793070712531,0.0387597519642842,0.000218027318935497,0,8.30203393596511e-06,0,0,0,0,0,0,0,0,0,0.000116886585486589,0.000116369208176759,0,0.000523611866127647,0.00208463755331331,0,0,0,0,0.0024124537716622,0.0534767378876217,0.000318265539074851,2.58746782371097e-05,7.83467765053439e-05,0.048576571105517,0.00268865472529452,0.0053107935988135,0.000168964289160106,0.0376419248039415,0,0.000400076215113167,0,0,0,0.000559237362267763,0,0.00133766287858395,0,7.65715307322126e-05,0,0.000377728475156846,0.0162218657930148,0,0,0,0.000271513866711908,0,6.68982156573318e-05,0,0.000194453686772809,0,0.000191435753271133,0,0.000119312137638675,0.000204902452885193,0,0.000126043386224363,0.0260312066199986,1.56939429327781e-05,0.00447422731503992,0,0.000844618409450628,2.73368844371647e-05,0.0839154122598915,0.000872532277810072,0
0,0,0,6.71053777060392e-05,0,0,0,0,0,0,0,0,0,0,0,0,0,0,0.0011704699258201,0,0,0,0,0,0,0,0,0,0,0,0,0,0,0,0,4.82191964169784e-05,0.00181497764952629,0,0,0.0024124537716622,0,1.45624603304502e-05,0.00342922145699038,0,0.00060432742396852,0.000152437733844549,0.148696913531804,0.0224409256943133,0.0320202024670653,3.72709770751407e-05,0,5.16136401127352e-05,0,0,0,0,0,9.44342817512799e-06,0,1.21762324138054e-05,0,0,0,0.0277500846941408,0,0,0,0,0,0,0,0,0,0.000656248726598022,0,0,0,0,0.000123933371383317,0.0256344743243439,0,0.00072436442036866,6.47636978500823e-05,0,0.0406004369384793,0,0
0,0.00488819402854064,0,0.00583748598376156,0,0.000391495525390078,0,0,0,0.00916121300152793,0,7.03950169041873e-05,0,0,0,0,3.36711075373981e-05,0.00044578592398309,0.0542093319329343,2.50471446086378e-05,0,7.17769480859486e-05,0,0.00118264532501594,0,0,0,0,0,0,0,7.2466397120316e-05,5.50017647868179e-05,0,0.000120742557735496,4.41474813247954e-05,3.78961705634333e-06,0.000752620950373094,0,0.0534767378876217,1.45624603304502e-05,0,0.00833026692819889,3.01572852343105e-05,0.000931990741810717,0.00573267526664314,0.000436022018839511,0.0035179037716175,0.000455140170540511,0.0284415814981023,0,4.12005538993296e-05,0,0,0,0.00129573184732408,0,0.00184239037025783,0,0.000160682211329552,0,0,0.00421026202153486,0,4.28258865792541e-05,0,0,0,0.000961721186124433,0,0.00155510296346639,0,0.00172565028379669,0,0.000285594627647431,6.29728964490778e-05,0,0,0.00719223591027709,0,0.00167223289846954,0,0.00391680389188529,9.01480189138761e-06,0.113091116676875,0.0121134849272019,0
0.000421722325543857,0,0.00618980823348911,0,0.000145640219464243,8.62284160266236e-06,0,0,0.00361339035534024,0,0,0,0,0,0,0,5.27458772792071e-05,1.33682891824405e-05,0.0837925670875583,6.0696405438738e-05,0,0,0,0,0.00145395865704708,0,0,0,0,0,0,0,0,0,0,0,2.21153437773781e-05,0,0,0.000318265539074851,0.00342922145699038,0.00833026692819889,0,0,0.0213676472379528,0.000166593653221568,0.0423579524506189,0.00197473328571654,0.015375041242443,4.58619311643641e-05,0,0,0,0,0.000259348127143511,0,0,0,0,0,0,0,6.79048958030187e-06,0,0,0,0,0,0,0,5.12474492928385e-05,0,6.03528750576666e-05,0.00444410243110471,0,0,0,0,2.50112862800238e-05,0.000113195757994134,0,0.000295809078320337,0.0035177966333029,8.36657998276199e-06,0.12570104190411,0,0.050302879281913
0,0,0,0,0,0,0,0,0,0,0,0,0,0,0,0,0,0,0,0,0,0,0,0,0,0,0,0,0,0,0,0,0,0,0,0,0,0,0,2.58746782371097e-05,0,3.01572852343105e-05,0,0,0,0,0,0,0,0,0,0,0,0,0,0,0,0,0,0,0,0,0,0,0,0,0,0,0,0,0,0,0,0,0,0,0,0,0,0,0,0,8.57192807918569e-07,0,0.000173979884905319,0,0
0.00535023509861453,0,0.000296963958018245,0,0,0,0,0,0.000780576009168997,0,0,0,0,0,0,0,0.000240466491288328,0,0.0363595304474662,0,0,0,0,0,0,0,0,0,0,0,0,0,0,0,0,0,0,0,0,7.83467765053439e-05,0.00060432742396852,0.000931990741810717,0.0213676472379528,0,0,0,0.011588230630079,0,0,0,0,0,0,0,0,0,0,0,0,0,0,0,0,0,0,0,0,0,0,0,0,0,0,0,0,0,0,0,2.21719143106654e-06,0,0,0,0.000284921923739233,0,0.00965232803095483,0,0.00792353382556237
0,0,0,0.0151989264744787,0,0.00541867980648494,0,0,0,0.00317110095225303,0,0.0016014443393059,0,0,0,0,0,7.10773607639169e-06,0.0230527047411083,0.00198265049611179,0,6.19852785479859e-06,0,0.00057476278481336,0,0,0,0,0,0,0,0,0,0,0,0.00133818106159319,5.74771528822587e-05,8.94068037865002e-05,0,0.048576571105517,0.000152437733844549,0.00573267526664314,0.000166593653221568,0,0,0,0.000528448008313454,2.79524041108322e-05,0,0.00606282249772328,0,0.000164731615508108,0,0,0,0.00258451303260993,0,0.00767379977856424,0,9.52045368421008e-05,0,0,0.0301154390349005,0,1.05113807511738e-05,0,0,0,0.00036265841632068,0,0.00283806131788797,0,0.00148409674020248,0,0,0,0,0,0.0158692622957968,0,0.00113024034694338,0,0.00150381718756612,8.59559911141362e-06,0.0863369830452644,0.000133456542485883,0
0.0302683113772847,0,0.00649826696279379,0.00016133290720123,1.65970266628001e-05,7.85004284002621e-05,0,0,0.00048910126212234,1.39905435250563e-05,0,0,0,0,0,0,0.000113390630047793,0,0.0551028006808225,0,4.54795347077631e-05,0,0,0,0,0,0,0,0,0,0,0,0,0,0,0.000126857685471359,0.000543231545351052,0,0,0.00268865472529452,0.148696913531804,0.000436022018839511,0.0423579524506189,0,0.011588230630079,0.000528448008313454,0,0,0.00111309177418919,8.83077398757988e-05,0,1.39104190181465e-05,0,0,0,1.82562336636656e-05,0.000264973632722744,4.36525685101265e-05,0,0,0,0,9.03006542327361e-06,0.0722343294341505,0,0,0,0,0,0,0,0,0,0,0,0,0,0,0.000220731153904277,0.0179078712610911,0,0.00127988981153305,0.00267018608163022,0,0.155410473400467,0,0.000863839074681656
0,0,0,7.51348829096665e-05,0,0,0,0,0,3.92108745017779e-05,0,0,0,0,0,0,0,2.27199016303876e-05,0.001351103206676,0,0,0,0,9.34359653194296e-05,0,0,0,0,0,0,0,0.0487661592626198,0.0687567889485565,0.0939680917301629,0.0315518040797104,0.000544419275136145,0.00194256884822527,0.00369236707145146,0.00749978591032815,0.0053107935988135,0.0224409256943133,0.0035179037716175,0.00197473328571654,0,0,2.79524041108322e-05,0,0,0.0586015421474693,0.0382714970738889,0,0,0,0,0,0,0,8.99780534123354e-06,0,0,0,0,4.40018853128214e-05,0,0,0,0,0,2.61138363856182e-05,0,0,0.000296903807335236,0,3.2922281366041e-05,0.100904868779592,0.0909211788989076,0.120427686995391,0.0180300657440798,0.0225930927314339,0.0152226496318694,0.0131697613514253,0.0150205835409614,0.00367775204981221,1.32795985958675e-05,0.00536189795987397,0,0
0.0218653101975521,0,0.00720398397368942,0,0.000385891523094269,0,0,0,0.00145594985212539,0,0,0,0,0,0,0,0,6.17009878160492e-06,0.000515659968252984,0,0,0,0.00277478499234856,0,0.000199715231464135,0,0,0,0.000216919671215825,0,0,0.000202570345468087,0,0.00190037030879339,0,0,0,2.19120987649484e-06,0.00751104257322749,0.000168964289160106,0.0320202024670653,0.000455140170540511,0.015375041242443,0,0,0,0.00111309177418919,0.0586015421474693,0,0.00106439123234533,0,0,0,0,0.00059773608194621,0,0.00213133028298975,0,0.00135264073959037,0,0.00886892796213106,0,0,0,0,0.00932299074492077,0,2.83388128957812e-05,0,0,1.41047831131831e-05,0.00117316216348975,0,0.0030197381788653,0.000165791755650842,0.000181882194145853,0.00196393130302643,0.000107959671348308,0.00069749171446261,0.00198480434033559,2.47212341142983e-05,0.0165283182380614,0.0023709708447306,0,0.025980463102338,0,5.86821063298859e-05
0,0.0253833463819057,0,0.0115157488182708,0,0.000359936162365491,0,0,0,0.00662508434579514,0,0.000187900884749769,0,0,0,1.25664098946407e-05,0,3.753333543497e-05,0.00463022551984128,3.51894521913907e-05,0,0.00174238659230547,0,0.000246251439418543,0,0,0,0,0,0,0,0.000158779966389631,0,0.000450605765259051,1.61851018911571e-05,0.000314672281167736,1.51199125548014e-05,0.00517718523415979,0,0.0376419248039415,3.72709770751407e-05,0.0284415814981023,4.58619311643641e-05,0,0,0.00606282249772328,8.83077398757988e-05,0.0382714970738889,0.00106439123234533,0,0,3.60467338286945e-05,0,0,0,0.00885269403635305,0,0.0203660983584111,0,0.00335672966944033,0,0.0125710873013659,0.00474250489791108,0,0.0183103720809933,0,0.00810020658997226,0,0.0114296132708478,0,0.000290065429235367,0,0.00215454699485938,0,0.000443228214743066,0,0.000778931585974655,0,0.00458181330358132,0,0.0107193055175494,8.55228433172895e-06,0.00139393706963419,3.61376821401539e-05,0.074713356225429,0.00167844525169386,0
0,0,0,0,0.166050695151169,0,0.00066142718260731,0,0.00340013145825267,0,0,0,0,0,0,0,0,0,0,0,0.0146629410712145,0,0,0,0,0,0,0,0,0,0,0,0,0,0,0,0,0,0,0,0,0,0,0,0,0,0,0,0,0,0,0,0.00284342731767434,0,0,0,0.00263859337038603,0,0.00109785273464019,0,0,0,0,0.00162523179254543,0,0,0,0,0,0,0,0,0,0,0,0,0,0,0,0,0,0,0.00113264923200107,1.04286345722436e-05,0.000242283041766577,0,0
0,0,0,0.00477556493520136,0,0.149552484770029,0,0.0180820076516521,0,0.0170161408394735,0,0.000216110924839794,0,0,0,0,0,0,0,0.00146571078495405,0,0,0,0,0,0,0,0,0,0,0,0,0,0,0,9.62272529656991e-05,3.18534224152196e-06,0,0,0.000400076215113167,5.16136401127352e-05,4.12005538993296e-05,0,0,0,0.000164731615508108,1.39104190181465e-05,0,0,3.60467338286945e-05,0,0,0,0.0168385673737165,0,0.00285310327137812,0,0.0101226165644821,0,0.000625883323764508,0,0,0.00664011473173886,0,0,0,0,0,0,0,1.83191451393768e-05,0,0,0,0,0,0,0,3.3803215894265e-05,0,0,0,0.0016310039369305,0,0.00723726527710359,0,0
0,0,0,0,0.00524971925492156,0,0.034339428295857,0,0,0,0.00181327139777312,0,0,0,0,0,0,0,0,0,0.0269290113782639,0,0,0,0,0,0,0,0,0,0,0,0,0,0,0,0,0,0,0,0,0,0,0,0,0,0,0,0,0,0.00284342731767434,0,0,0,0,0,0.0233646286343922,0,0,0,0,0,0,0.00104621065621359,0,0,0,0,0,0,0,0,0,0,0,0,0,0,0,0,0,0,0.00111287899069182,1.33010562421987e-05,0,0,0
0,0,0,0,0,0,0,0,0,0,0,0,0,0,0,0,0,0,0,0,0,0,0,0,0,0,0,0,0,0,0,0,0,0,0,0,0,0,0,0,0,0,0,0,0,0,0,0,0,0,0,0.0168385673737165,0,0,0,0,0,0.00778928031175877,0,0.000271603502984415,0,0,0,0,0,0,0,0,0,0,0,0,0,0,0,0,0,0,0,0,0,0,0,0,0,0,0
0.104417402872825,0,0.034242625924266,0,0.000407575398987376,0,0,0,0.130030560872692,0,0,0,0,0,0.00972787865461692,0,0.00735183211446967,4.73425187463503e-05,9.70043707623821e-05,0,0,0,0,0,0.00918443470488805,0,0,0,0,0,0,0,0,0,0,0,0,0,0.000115161766980511,0,0,0,0.000259348127143511,0,0,0,0,0,0.00059773608194621,0,0,0,0,0,0,0,0.000409293206768101,0,0.000201942408102014,0,0.0146311380142129,0,0,0,0,0,0,0.0399927640233769,0,0,0,0,0,0,0,0,0,0,0,0,0,4.35457986951021e-05,0.00104502463741553,0.000174844022128162,0.00178721852635992,0,0.000305520391223019
0,0.0460110672203907,0,0.00545880282398045,0,0.00791707047426195,0,0,0,0.200125328397578,0,0,0,0,0,0.0499835556509236,0,0.00190815751260495,0.000871395139752719,0,0,0,0,0.00359641636627548,0,0.0308618822399695,0,0,0,0,0,0,0,0,0,1.44073835113069e-05,0,0,0,0.000559237362267763,0,0.00129573184732408,0,0,0,0.00258451303260993,1.82562336636656e-05,0,0,0.00885269403635305,0,0.00285310327137812,0,0,0,0,0,6.41366585001904e-05,0,8.90470807320641e-05,0,0.0139352960746489,0,0,0,0,0.0169621532163088,0,0.0179884489873031,0,0,0,0,0,0,0,0,0,4.0015982981422e-05,0,1.43183270581975e-05,0,0.000627906088209883,0,0.0027598813725561,0,0
0,0,0.00865569531740971,0,3.41512081292023e-05,0,0.00406704877891707,0,0,0,0.104760553239593,0,0.0170665167404536,0,0,0,0,0,0,0,0.0422046001028804,0,0,0,0,0,0,0,0.0348119012952139,0,0.0158671794255445,0,0,0,0,0,0.00323076283417487,0,0.00897188019574776,0,0,0,0,0,0,0,0.000264973632722744,0,0.00213133028298975,0,0.00263859337038603,0,0.0233646286343922,0,0.000409293206768101,0,0,0,0.0402266136400719,0,0.00369084069234867,0,0,0.0403640700895126,0,0,0,0,0,0,0,0.00947836913558656,0,0.0154797525125686,0,0,0,0,0,0.000219186408882526,0,0.000264279189067378,0.00581218526356803,0.00060804794933493,0.042936087492968,0,0
0,0.00368203397743586,0,0.0009781459775639,0,0.00361692719639646,0,0.00674934657105272,0,0.000220012219950905,0,0.0445064756767388,0,0.00271193359246875,0,0,0,0,0.0014723303117052,0.00243689232453228,0,1.52219469862461e-05,0,0,0,0,0,0,0,0.0117808906958398,0,0,0,0,0,0.000181998017115856,4.46393500054834e-05,0.000390324486634511,0,0.00133766287858395,9.44342817512799e-06,0.00184239037025783,0,0,0,0.00767379977856424,4.36525685101265e-05,8.99780534123354e-06,0,0.0203660983584111,0,0.0101226165644821,0,0.00778928031175877,0,6.41366585001904e-05,0,0,0,0.0187930493959355,0,0.00501956460896801,0.0374987282680107,0,2.17879539658297e-05,0,0.00268747259799427,0,0.0282015499055284,0,0.0109932058640962,0,0.0147428637969162,0,0,0,0,0,0.000106278453485264,0,0.00754003271906033,0,0.000145434749458401,8.68714008351557e-06,0.0375779226342168,0.000213141469305446,0
0,0,0.00710908301743869,0,0.000116095910168289,0,0,0,0,0,0.0327354753149904,0,0.10729056912314,0,0.0865593034088468,0,0,0,0,0,0,0,0,0,0,0,0,0,0.0108646658980055,0,0,0,0,0,0,0,0,0,0,0,0,0,0,0,0,0,0,0,0.00135264073959037,0,0.00109785273464019,0,0,0,0.000201942408102014,0,0.0402266136400719,0,0,0,0.0235384036467408,0,0,0.000576676980653311,0,0,0,0,0,0,0,0.00841687858317267,0,0,0,0,0,0,0,0,0,0,0.00158602952696129,0.00373089009447275,0.032628663989195,0,0
0,0.00357572472025235,0,0.000121048264826724,0,0.000279894798480923,0,0.00114717588168958,0,0,0,0,0,0.0225973174020538,0,0.00576416872414623,0,0.000391666521153133,1.42595842076319e-05,0,0,0,0,0,0,0,0,0.0111636219649578,0,0,0,0,0,0,0,0,0,0,0,7.65715307322126e-05,1.21762324138054e-05,0.000160682211329552,0,0,0,9.52045368421008e-05,0,0,0,0.00335672966944033,0,0.000625883323764508,0,0.000271603502984415,0,8.90470807320641e-05,0,0.0187930493959355,0,0,0,0.0163544660160334,7.11646912908541e-05,0,0,0,0.000123699905415861,0,0.0107162982712504,0,0.00277518363271285,0,0,0,0,0,0,0,5.68118877522505e-06,0,7.2999905500809e-05,0,0.000412875250747368,0.000878312299479314,0.00517609158932039,0,0
0.00113051246424396,0,0.0236089714302411,0,0.000412395710953757,0,0,0,0.00328579774806072,0,0,0,0.0033693828365346,0,0.0378713047853056,0,0.00304924036761145,0,0,0,0,0,0,0,0,0,0.00185717321440245,0,0,0,0,0,0,0,0,0,0,0,0,0,0,0,0,0,0,0,0,0,0.00886892796213106,0,0,0,0,0,0.0146311380142129,0,0.00369084069234867,0,0.0235384036467408,0,0,0,0,0,0,0,0,0,0,0,0,0,0,0,0,0,0,0,0,0,0,0,0.00119641674323101,0.000560605860757399,5.24700194442958e-05,0,0
0,0.0233817065061366,0,0.00157250242537733,0,0,0,0,0,0.0027603771137184,0,0,0,0.022891838913604,0,0.147271754886042,0,0.000403964917572132,0,0,0,0,0,0,0,0.000688879987680364,0,0,0,0,0,0,0,0,0,0,0,0,0,0.000377728475156846,0,0,0,0,0,0,0,0,0,0.0125710873013659,0,0,0,0,0,0.0139352960746489,0,0.00501956460896801,0,0.0163544660160334,0,0,0,0,0,0,0.00649266077518253,0,0.0393908327640941,0,0,0,0,0,0,0,0,0,0,0,0,0,0.00108159379188865,0.000157418193612263,0.000869504120036666,0,0
0,0,0,0.00138500491135511,0,0.0109297495566084,0,0,0,0,0,0.0290386019885062,0,0,0,0,0,0,0.000452815893931452,0.119981629816966,0,0,0,0,0,0,0,0,0,0,0,0,0.000118378937805341,0,0,0.0039702924523934,3.52894218236607e-06,0.00399138016511336,0,0.0162218657930148,0,0.00421026202153486,6.79048958030187e-06,0,0,0.0301154390349005,9.03006542327361e-06,4.40018853128214e-05,0,0.00474250489791108,0,0.00664011473173886,0,0,0,0,0,0.0374987282680107,0,7.11646912908541e-05,0,0,0,0,2.10967865733752e-05,0,7.16135981416598e-05,0,0.00167630064455766,0,0.00427848283423992,0,0.00232022817330277,0,0,0,0,0,0.013111613981562,0,0.0027884501665422,0,0.000528320593118348,0,0.0434205369032758,0,0
0,0,0,0,9.99810124421041e-05,0,8.64926118275232e-05,0,0,0,0.0255882660496096,0,0,0,0,0,0,0,0,0,0.0310014931354245,0,0,0,0,0,0,0,0,0,0.000472816325778339,0,0,0,0,0,0.00212669614138577,0,0.00124001035361045,0,0.0277500846941408,0,0,0,0,0,0.0722343294341505,0,0,0,0.00162523179254543,0,0.00104621065621359,0,0,0,0.0403640700895126,0,0.000576676980653311,0,0,0,0,0,0,0,0,0,0,0,0,0,0,0.00365812348048266,0,0,0,0,0,0.0194265693075957,0,0.011500060555054,0.000259274385057948,0,0.0171338652441215,0,0
0,0,0,0,0,0,0,0,0,0,0,0,0,0,0,0,0,0,0,0,0,0.119678005689647,0.00321708900861393,0.00214847632439624,0,0.00307488090482988,0,0,0,0,0,0,0,0,0,0,0,0.00278089123086374,0,0,0,4.28258865792541e-05,0,0,0,1.05113807511738e-05,0,0,0,0.0183103720809933,0,0,0,0,0,0,0,2.17879539658297e-05,0,0,0,0,2.10967865733752e-05,0,0,0.00057285828323184,0.0125658652941053,0,0,0,0.000492244174438311,0,0,0,0,0,0,0,0,0,0.0039037295174432,0,0.00286036866175125,0,0.000141096949796393,0,0
0,0,0,0,0,0,0,0,0,0,0,0,0,0,0,0,0,0,0,0,0,0.0144430802760473,0.187809690965035,0,0.00394222640310227,0,0.000331506745868823,0,0.00206368062643082,0,0,0,0,0,0,0,0,8.43378580738345e-05,0.00735451899816427,0,0,0,0,0,0,0,0,0,0.00932299074492077,0,0,0,0,0,0,0,0,0,0,0,0,0,0,0,0.00057285828323184,0,0,0.0137664494745441,0,0.00399159680755018,0,0.0125086851313302,0,0,0,0,0,0,0,0,3.18731840761783e-05,0.0111851778660257,0.00370267002334966,0.000177841520326261,0,0,0
0,0.00387101329941577,0,0,0,0,0,0,0,0,0,0,0,0,0,0,0,0,2.18290940284631e-05,0,0,0.00327740720318531,0,0.159163120549768,0,0.144587341584322,0,0,0,0,0,0,0,0,0,0,0,0.00140405971154884,0,0.000271513866711908,0,0,0,0,0,0,0,0,0,0.00810020658997226,0,0,0,0,0,0.0169621532163088,0,0.00268747259799427,0,0.000123699905415861,0,0.00649266077518253,7.16135981416598e-05,0,0.0125658652941053,0,0,0,0.0149936480309437,0,0,0,0,0,0,0,0,0,0,0,0.00503992090430519,0,0.00142946839116502,3.1139184658069e-05,0.00294690278576837,0,0
0,0,0,0,0,0,0,0,0.00205848510706691,0,0,0,0,0,0,0,0,0,0,0,0,0,0.0104251410108873,0,0.135372042124917,0,0,0,0,0,0,0,0,0,0,0,0,0,0.00527467166363711,0,0,0,0,0,0,0,0,0,2.83388128957812e-05,0,0,0,0,0,0.0399927640233769,0,0,0,0,0,0,0,0,0,0,0.0137664494745441,0,0,0,0,0,0,0,0,0,0,0,0,0,0,0,0.00316278553937651,0.000765371347223101,0,0.00129376360483804,0,0
0,0.00049055492100903,0,0.000117115604788165,0,0,0,0,0,0.000622068559978622,0,5.94760094750927e-05,0,0.000734056598195138,0,0.00701855669053062,0,0.00920227875269489,0.000116697791085398,0,0,0,0,0.00149577187953907,0,0.014260799645329,0,0.0173123478374535,0,0,0,0,0,0,0,0,0,0,0,6.68982156573318e-05,0,0.000961721186124433,0,0,0,0.00036265841632068,0,2.61138363856182e-05,0,0.0114296132708478,0,0,0,0,0,0.0179884489873031,0,0.0282015499055284,0,0.0107162982712504,0,0.0393908327640941,0.00167630064455766,0,0,0,0.0149936480309437,0,0,0,0.00662873126960248,0,0,0,0,0,0,0,0,0,0,0,0.00128904162023005,0,0.00836278736094764,0.000190639058030011,0
0,0,0,0,0,0,0,0,0,0,0,0,0,0,0.000406916829820572,0,0.00852534747161287,0,0,0,0,0,0.0243461625062181,0,0,0,0.0366538981450844,0,0.0395810207095363,0,0,0,0,0,0,0,0,0,0,0,0,0,0,0,0,0,0,0,0,0,0,0,0,0,0,0,0,0,0,0,0,0,0,0,0,0.00399159680755018,0,0,0,0,0,0.00493365536230782,0,0,0,0,0,0,0,0,0,0,0.000395237822772572,0,0,0,0
0,3.14824932524617e-05,0,0.000467335836481768,0,4.59420997633245e-05,0,0,0,7.17433959721223e-05,0,0.000980674474534467,0,0.000307993644971149,0,0,0,3.08460224034005e-06,0.000648660303653382,9.43757619570186e-05,0,0.000121230504547421,0,0,0,0,0,0.150038953941195,0,0.000163932903454893,0,0,0,0,0,6.23399304212069e-06,0,0.000273885560295826,0,0.000194453686772809,0,0.00155510296346639,5.12474492928385e-05,0,0,0.00283806131788797,0,0,1.41047831131831e-05,0.000290065429235367,0,1.83191451393768e-05,0,0,0,0,0,0.0109932058640962,0,0.00277518363271285,0,0,0.00427848283423992,0,0.000492244174438311,0,0,0,0.00662873126960248,0,0,0,0.00338835379775268,0,0,0,0,0,3.74121817641149e-05,0,0.0170783834520272,0,0.000245827512743508,0,0.00402476373510982,0.000415901323872583,0
0,0,0,0,0,0,0,0,0,0,0.000520850013273901,0,0,0,0,0,0.000401352374014622,0,0,0,0,0,0.00710879784914153,0,0,0,0.00481580745762882,0,0.128669855882793,0,0.0202801983672201,0,0,0,0,0,0,0,8.0282110439514e-06,0,0,0,0,0,0,0,0,0.000296903807335236,0.00117316216348975,0,0,0,0,0,0,0,0.00947836913558656,0,0.00841687858317267,0,0,0,0,0,0,0.0125086851313302,0,0,0,0.00493365536230782,0,0,0,0.00523196045487401,0,0,0,0,0,0,0,0.0113517901573368,0.00118903177012766,0.00174742818827063,0,0,0
