0,0,10.3089552441159,0,0,0,0,0,3.22664267676217,0,0,0,0,0,0,0,38.4834629058838,61.614860534668,24.171693546016,0,0,0,0,0,0,0,0,0,0,0,0,0,0,0,0,0,0,0,0,0,30.0720806121826,0,12.5828498005867,0,0,0,0,0,5.86795265661121,0,0,0,0,0,5.17232656478882,0,0,0,0,0,0,0,0,0,0,0,0,0,0,0,0,0,0,0,0,0,0,0,0,39.5972995758057,0,0,14.6564316340855,0,7.96551766774779,0,0
0,0,0,4.54074041128159,0,0,0,0,0,4.89635998436383,0,0,0,0,0,0,0,0,18.2545619997485,0,0,0,0,0,0,0,0,0,0,0,0,0,0,0,0,0,0,20.051642841763,0,29.4474692874485,0,20.8544408600581,0,0,0,24.4284519195557,0,0,0,6.769898587963,0,0,0,0,0,5.78162073926861,0,25.1984388828278,0,0,0,9.27758026123047,30.7394065856934,0,0,0,0,0,0,0,0,0,26.9392006397247,0,0,0,0,0,37.0555200576782,0,0,0,11.134746177122,0,14.0517377632601,0,0
10.3089552441159,0,0,0,7.84017218076266,0,0,0,4.08473735431145,0,0,0,0,0,0,0,0,0,40.5980661180284,0,25.4289798736572,0,0,0,0,0,0,0,0,0,0,0,0,0,0,32.4509696960449,35.2467269897461,0,52.8522987365723,0,40.4824322920579,37.3268241882324,28.2449755995881,0,31.7257118225098,50.349328994751,23.9702455429804,55.4261016845703,11.8162770935552,0,8.33573048289229,0,0,0,5.29574554071486,0,25.2634583973716,0,3.51949575543404,0,4.09133759566716,0,0,21.9927736918132,0,0,0,0,0,0,0,0,0,29.0380459661069,0,0,0,0,0,40.6535742623465,0,41.3234990437826,19.4612828285463,0,21.7891804671237,0,23.7065731048584
0,4.54074041128159,0,0,0,7.52903020165183,0,0,0,14.0038890739282,0,7.73432029904546,0,0,0,7.10508516099718,45.9278297424316,0,44.3968763010842,0,0,0,0,0,0,0,0,0,0,0,0,0,0,0,0,12.4508340060711,0,45.1005592346191,0,32.59223457619,76.7160339355469,31.4215900214143,55.0291156768799,20.71844069163,0,18.938566738451,49.6399765014648,0,0,7.98166048412797,0,9.44636637104231,0,0,0,6.61713412072923,95.4177932739258,7.86509271860123,0,4.15109219270594,0,8.02306283743966,49.0097618103027,0,0,0,0,0,0,0,0,0,29.3371331214905,0,0,0,0,0,32.6641749064128,77.304557800293,61.601978302002,0,20.9253123283386,0,20.6017146927898,33.2404022216797,0
0,0,7.84017218076266,0,0,0,0,0,2.74140858650208,0,0,0,0,0,4.2485894203186,0,0,0,0,0,4.01728489995003,0,0,0,0,0,0,0,0,0,0,0,0,0,0,30.1792221069336,22.7523846626282,0,0,0,62.5396575927734,0,38.5463205973307,0,0,0,0,0,44.0025939941406,0,3.97317146725125,0,0,0,0,0,19.7957801818848,0,0,0,4.97115279667413,0,0,7.83193427324295,0,0,0,0,0,0,0,0,0,0,0,0,0,0,0,32.4794540405273,85.4867782592773,0,16.047997208742,0,10.0693856401646,0,0
0,0,0,7.52903020165183,0,0,0,0,0,0,0,0,0,0,0,2.85176527500153,0,0,0,0,0,0,0,0,0,0,0,0,0,0,0,0,0,0,0,12.1182282489279,0,0,0,23.0399851799011,0,0,0,0,0,23.7758207321167,0,0,0,29.3658416748047,0,2.80089817728315,0,0,0,0,0,0,0,0,0,0,0,0,0,0,0,0,0,0,0,0,0,0,0,0,0,0,19.3649568557739,0,0,0,11.307650633104,10.5655229886373,16.47078125,0,0
0,0,0,0,0,0,0,0,0,0,0,0,0,0,0,0,0,0,0,0,0,0,0,0,0,0,0,0,0,0,0,0,0,0,0,0,0,0,0,0,0,0,0,0,0,0,0,0,0,0,0,0,4.25851298430387,0,0,0,3.32368546724319,0,0,0,0,0,0,0,0,0,0,0,0,0,0,0,0,0,0,0,0,0,0,0,0,0,0,0,0,0,0
0,0,0,0,0,0,0,0,0,0,0,2.84817805886269,0,2.89874250411987,0,0,0,0,0,0,0,0,0,0,0,0,0,0,0,0,0,0,0,0,0,5.98127414782842,0,0,0,0,0,0,0,0,0,0,0,0,0,0,0,0,0,3.00289805730184,0,0,0,4.08301134878589,0,3.5546007867445,0,0,0,0,0,0,0,0,0,0,0,0,0,0,0,0,0,0,9.65779476165772,0,0,0,5.05423342480379,3.02277445793152,0,0,0
3.22664267676217,0,4.08473735431145,0,2.74140858650208,0,0,0,0,0,0,0,0,0,3.30338453635191,0,5.35813304828921,0,0,0,0,0,13.1146143277486,0,6.67299920685437,0,9.45234936759585,0,0,0,0,0,0,0,0,0,0,0,6.52842463146557,0,0,0,28.1853403363909,0,0,0,0,0,5.04590575121067,0,0,0,0,0,4.27942439943257,0,25.7932088640001,0,0,0,2.98172458580562,0,0,0,0,15.1981739997864,0,6.68982720375061,0,0,0,0,0,25.830738067627,0,0,0,0,0,63.7150573730469,0,0,4.32114912606468,0,7.22004382657689,0,45.5973052978516
0,4.89635998436383,0,14.0038890739282,0,0,0,0,0,0,0,0,0,0,0,3.06855979779872,97.7896728515625,2.9694156911638,44.6317024230957,0,0,0,0,4.79070512453715,0,0,0,0,0,0,0,0,0,0,0,0,0,10.7819312835226,0,0,0,24.6958428110395,0,29.760752360026,0,41.1639022827148,0,0,0,14.6656458886464,0,3.58535861968994,0,0,0,4.62661644264504,0,0,0,0,0,3.05166056752205,0,0,0,0,5.07091206476229,0,3.58956027030945,0,0,0,49.7044219970703,0,0,0,0,0,0,0,7.54672019764528,0,8.07360829847065,2.95385849475861,12.7603534755544,0,0
0,0,0,0,0,0,0,0,0,0,0,0,2.96138689380426,0,0,0,0,0,0,0,5.25716058413188,0,0,0,0,0,0,0,2.97742017832669,0,7.37512576248911,0,0,0,0,0,0,0,3.32098538833752,0,0,0,0,0,0,0,0,0,0,0,0,0,2.95336031913757,0,0,0,5.98383060665629,0,2.96644019126892,0,0,0,0,3.4221142261259,0,0,0,0,0,0,0,0,0,9.75184971313266,0,0,0,0,0,0,0,3.98058544983298,4.43985955715179,0,2.72971796989441,0,0
0,0,0,7.73432029904546,0,0,0,2.84817805886269,0,0,0,0,0,5.76185408845005,0,0,0,0,0,3.47112928737294,0,0,0,0,0,0,0,0,0,4.91641168845327,0,0,0,0,0,4.50899728775024,0,3.15688583332559,0,0,0,35.2807388305664,0,0,0,0,0,0,0,0,0,0,0,0,0,0,0,6.88836425204026,0,5.13842714374716,0,0,7.10596744219462,0,0,0,0,0,0,0,3.16637273629506,0,7.59717171827533,0,0,0,0,0,5.21111050728829,0,4.31173582988627,0,5.31915547908881,12.8261022567749,28.3236843744914,0,0
0,0,0,0,0,0,0,0,0,0,2.96138689380426,0,0,0,2.90027183294296,0,0,0,0,0,0,0,0,0,0,0,0,0,0,0,0,0,0,0,0,0,0,0,0,0,0,0,0,0,0,0,0,0,0,0,0,0,0,0,0,0,3.38766252994537,0,3.13766255018846,0,3.16634907821814,0,0,0,0,0,0,0,0,0,0,0,0,0,0,0,0,0,0,0,0,0,3.12805450404132,3.86480677127838,0,0,0
0,0,0,0,0,0,0,2.89874250411987,0,0,0,5.76185408845005,0,0,0,3.05485963821411,0,0,0,0,0,0,0,0,0,0,0,2.96270966529846,0,0,0,0,0,0,0,0,0,0,0,0,0,0,0,0,0,0,0,0,0,0,0,0,0,0,0,0,0,9.72625160217285,0,3.644085414948,0,0,0,0,0,0,0,0,0,0,2.86725063456429,0,0,0,0,0,0,0,0,0,0,0,4.24073688189189,3.40830977757772,0,0,0
0,0,0,0,4.2485894203186,0,0,0,3.30338453635191,0,0,0,2.90027183294296,0,0,0,6.22661599360014,53.1456527709961,0,0,0,0,0,0,6.88802555203438,0,4.54812333318922,0,0,0,0,0,0,0,0,0,0,0,0,0,0,0,0,0,0,0,0,0,0,0,0,0,0,0,6.10869979858398,0,0,0,2.81590357422829,0,3.10776129983506,0,0,0,0,0,0,0,0,5.48925956090291,0,0,0,0,0,0,0,0,0,0,0,0,4.47003635019064,0,0,0,0
0,0,0,7.10508516099718,0,2.85176527500153,0,0,0,3.06855979779872,0,0,0,3.05485963821411,0,0,0,0,0,0,0,0,0,0,0,0,0,0,0,0,0,0,0,0,0,0,0,0,0,0,0,0,0,0,0,0,0,0,0,2.74638772010803,0,0,0,0,0,3.10735371884178,0,0,0,3.46478629112244,0,3.02726506295605,0,0,0,0,0,0,2.73836231231689,0,0,0,0,0,0,0,0,0,0,0,0,0,3.31483843771078,4.43174028396606,0,0,0
38.4834629058838,0,0,45.9278297424316,0,0,0,0,5.35813304828921,97.7896728515625,0,0,0,0,6.22661599360014,0,0,27.1633289141553,26.5712865526952,0,0,0,6.43397454515382,8.78179216384888,9.59688352274725,22.9686965942383,7.42942720069836,0,5.92877500092805,0,0,0,0,0,0,91.819938659668,82.9088662465413,130.181671142578,71.3742980957031,70.8222161343223,61.8736347198486,67.8570736971768,47.6993483734131,0,0,59.1915814051261,58.3855289336174,0,0,0,0,0,0,0,2.74844121932983,0,50.5964914957682,0,0,0,18.5664005279541,0,66.2652852963179,62.7016541617257,0,6.2727550463243,0,15.8237860202789,0,5.72999607586692,0,0,68.2042007446289,75.2134017944336,0,0,0,104.385177612305,75.6737727922263,71.9556609017508,84.7609227498372,64.119098261783,14.5721578474643,13.3351233024521,56.7148087677078,47.7505588531494,36.7049078941345
61.614860534668,0,0,0,0,0,0,0,0,2.9694156911638,0,0,0,0,53.1456527709961,0,27.1633289141553,0,27.4801052127355,0,0,4.8784637231656,27.204954094357,4.81615245927657,27.6843511793349,5.60837023175996,56.9362277984619,0,0,0,0,0,0,0,0,118.068134307861,108.094139099121,96.9337387084961,0,71.2755947113037,87.1073165662361,66.4298600163953,72.9479355190111,55.0352109273275,71.6033020019531,69.6740173639036,74.6125926971436,0,0,85.3047065734863,0,0,0,0,0,0,83.3297958374023,0,0,0,0,0,78.4077976771763,92.4462356567383,3.93005172411601,29.0648622512817,0,21.0703201293945,4.09501846491451,32.6269683837891,0,0,72.0228233337402,0,0,0,0,0,86.4403776986258,95.3782891865018,86.0914408365885,93.4265950520833,10.8779334953152,5.84591454388159,70.8009676982447,84.9611129760742,67.733927154541
24.171693546016,18.2545619997485,40.5980661180284,44.3968763010842,0,0,0,0,0,44.6317024230957,0,0,0,0,0,0,26.5712865526952,27.4801052127355,0,57.6898078918457,0,0,45.1940269470215,0,39.8674606323242,0,36.7722849412398,0,0,0,0,0,0,0,0,65.8342107031956,66.7241554651505,61.1579735048356,73.5634789397751,41.4397520340195,44.4049363549933,25.8675174518664,25.6217803650822,21.2331610587564,22.6535855369134,40.1334074386229,40.5733804058186,35.4119815826416,35.3855036099752,41.5202792449431,58.7508735656738,0,0,0,50.6979141235352,0,48.4043618288907,49.5140347480774,0,0,55.355712890625,0,50.2281872554379,47.4808128015782,0,0,0,0,0,0,0,0,40.9810525707732,43.1128312110901,0,0,0,82.1259367201063,51.4723635209853,53.1232847887066,40.2945525522726,49.6176271799839,18.1030566018481,39.0160751342773,35.9833504597331,18.1723213850562,27.0763468159338
0,0,0,0,0,0,0,0,0,0,0,3.47112928737294,0,0,0,0,0,0,57.6898078918457,0,0,0,0,0,0,0,0,0,0,0,0,0,0,0,0,4.30866626887127,0,4.69204795071573,0,0,0,0,0,0,0,11.0810448858473,0,0,0,0,0,0,0,0,0,0,0,3.93124855527226,0,0,0,0,5.80466561090379,0,0,0,0,0,0,0,0,0,3.16310107707977,0,0,0,0,0,5.74698558274437,0,4.89114168368348,0,3.64520475837622,0,5.95041991246713,0,0
0,0,25.4289798736572,0,4.01728489995003,0,0,0,0,0,5.25716058413188,0,0,0,0,0,0,0,0,0,0,0,0,0,0,0,0,0,0,0,5.9383670091629,0,0,0,0,0,5.0358521257128,0,6.0011436229243,0,38.5182945251465,0,47.8407802581787,0,0,0,27.3275091415498,0,0,0,16.4163830015394,0,0,0,33.7382469177246,0,6.79908259826548,0,11.9683275222778,0,0,0,0,7.20877704004041,0,0,0,0,0,0,0,0,0,6.20869017936088,0,0,0,0,0,19.8243711275213,0,6.09819976488749,6.70272592611091,0,9.60756465461519,0,0
0,0,0,0,0,0,0,0,0,0,0,0,0,0,0,0,0,4.8784637231656,0,0,0,0,4.94289956334978,3.1102906883537,0,0,0,0,0,0,0,0,0,0,0,0,0,4.98752409163687,0,0,0,0,0,0,0,0,0,0,0,7.74231376375967,0,0,0,0,0,0,0,0,0,0,0,0,0,0,4.87114921550244,0,5.76603638132413,0,13.3196098279953,0,5.56483621194329,0,0,0,0,0,0,0,0,0,5.86642170287603,0,4.27983788160844,5.51955671514784,0,0,0
0,0,0,0,0,0,0,0,13.1146143277486,0,0,0,0,0,0,0,6.43397454515382,27.204954094357,45.1940269470215,0,0,4.94289956334978,0,0,4.65916562496472,0,4.09618735606553,0,5.52017001607525,0,0,0,0,0,0,0,0,0,4.46411332856137,0,0,0,0,0,0,0,0,0,11.4697083201364,0,0,0,0,0,12.3182706832886,0,0,0,0,0,0,0,0,0,6.3425304638712,5.08761819855982,0,4.63459011912346,0,5.18191307544708,0,4.2497024752877,0,0,0,0,0,0,0,0,0,10.4684155083609,4.40255947403496,5.0400268882513,0,0,0
0,0,0,0,0,0,0,0,0,4.79070512453715,0,0,0,0,0,0,8.78179216384888,4.81615245927657,0,0,0,3.1102906883537,0,0,0,2.83592620350066,0,0,0,0,0,0,0,0,0,0,0,4.9630033503408,0,0,0,0,0,0,0,0,0,0,0,4.64532709121704,0,0,0,0,0,4.93828357554771,0,0,0,0,0,0,0,0,4.99637590921842,0,3.55335586171755,0,3.82928280234337,0,0,0,0,0,0,0,0,0,0,0,6.07067420562552,0,4.44816453967776,0,0,0,0
0,0,0,0,0,0,0,0,6.67299920685437,0,0,0,0,0,6.88802555203438,0,9.59688352274725,27.6843511793349,39.8674606323242,0,0,0,4.65916562496472,0,0,0,4.63651469620791,0,0,0,0,0,0,0,0,0,0,0,5.64557066923235,0,0,102.205093383789,0,0,0,83.7380142211914,0,0,0,0,0,0,0,0,5.02125027561715,0,0,0,0,0,0,0,0,0,0,6.52514500845046,0,4.10398422700387,0,6.65219777563344,0,0,0,0,0,0,0,0,0,0,89.2687225341797,4.3958757519722,5.76397513168226,40.8069801330566,3.24592270851135,0,0
0,0,0,0,0,0,0,0,0,0,0,0,0,0,0,0,22.9686965942383,5.60837023175996,0,0,0,0,0,2.83592620350066,0,0,0,3.04564905166626,0,0,0,0,0,0,0,0,0,0,0,0,0,0,0,0,0,0,0,0,0,0,0,0,0,0,0,0,0,0,0,0,0,0,0,0,0,0,3.51583246231079,0,3.07042820086846,0,0,0,0,0,0,0,0,0,0,0,0,0,3.16690075397491,0,0,0,0
0,0,0,0,0,0,0,0,9.45234936759585,0,0,0,0,0,4.54812333318922,0,7.42942720069836,56.9362277984619,36.7722849412398,0,0,0,4.09618735606553,0,4.63651469620791,0,0,0,3.93563771247864,0,0,0,0,0,0,0,0,0,0,79.9815902709961,0,0,0,0,0,0,0,0,0,0,0,0,0,0,9.48815790812174,0,0,0,0,0,0,0,0,0,0,4.49344515800476,0,5.89489531517029,0,3.22578371276737,0,0,0,0,0,0,0,0,0,0,0,0,5.3018614869688,7.87800027642931,81.9392013549805,0,52.3185424804688
0,0,0,0,0,0,0,0,0,0,0,0,0,2.96270966529846,0,0,0,0,0,0,0,0,0,0,0,3.04564905166626,0,0,0,2.99291822386951,0,0,0,0,0,0,0,0,0,0,0,0,0,0,0,0,0,0,0,0,0,0,0,0,0,0,0,0,0,0,0,0,0,0,2.95324954661456,0,0,0,2.79425022006035,0,3.09662183644566,0,7.61889505386353,0,0,0,0,0,0,0,0,0,3.38941693305969,0,0,0,0
0,0,0,0,0,0,0,0,0,0,2.97742017832669,0,0,0,0,0,5.92877500092805,0,0,0,0,0,5.52017001607525,0,0,0,3.93563771247864,0,0,0,2.97584847428582,0,0,0,0,0,0,0,2.95980962117513,0,0,0,0,0,0,0,0,0,0,0,0,0,0,0,0,0,3.77433096369108,0,0,0,0,0,0,0,0,4.65428876876831,0,0,0,0,0,4.68038804593839,0,3.55288707959401,0,0,0,0,0,0,0,4.90287178516388,4.38193887049758,4.418310546875,0,0,0
0,0,0,0,0,0,0,0,0,0,0,4.91641168845327,0,0,0,0,0,0,0,0,0,0,0,0,0,0,0,2.99291822386951,0,0,0,0,0,0,0,0,0,5.78696616490682,0,0,0,0,0,0,0,0,0,0,0,0,0,0,0,0,0,0,0,7.72882836205619,0,0,0,0,0,0,0,0,0,0,0,0,3.93010315028104,0,4.07380922357762,0,0,0,0,0,0,0,0,0,2.87418160438538,0,0,0,0
0,0,0,0,0,0,0,0,0,0,7.37512576248911,0,0,0,0,0,0,0,0,0,5.9383670091629,0,0,0,0,0,0,0,2.97584847428582,0,0,0,0,0,0,0,0,0,3.61553797721863,0,0,0,0,0,0,0,0,0,0,0,0,0,0,0,0,0,5.70467027314275,0,0,0,0,0,0,0,0,0,0,0,0,0,0,0,0,3.08976924585433,0,0,0,0,0,0,0,4.52414832956651,2.75059453646342,0,0,0,0
0,0,0,0,0,0,0,0,0,0,0,0,0,0,0,0,0,0,0,0,0,0,0,0,0,0,0,0,0,0,0,0,2.97633190812736,4.42365402881413,0,11.6330767929887,37.3715057373047,0,0,0,0,0,0,0,0,0,0,4.32764079574334,0,0,0,0,0,0,0,0,0,0,0,0,0,0,0,0,0,0,0,0,0,0,0,0,0,0,3.36205796684538,3.18678402900696,6.44584102493255,0,18.9578093935232,0,0,0,4.44910537401835,0,0,0,0
0,0,0,0,0,0,0,0,0,0,0,0,0,0,0,0,0,0,0,0,0,0,0,0,0,0,0,0,0,0,0,2.97633190812736,0,5.70008945465088,7.26355568155066,4.42640161514282,5.77959170802231,0,0,12.4434671401978,0,0,0,0,0,0,0,4.79091304962403,0,12.7272343635559,0,0,0,0,0,0,0,0,0,0,0,0,0,0,0,0,0,0,0,0,0,0,0,0,4.66192986414983,3.8566887244189,0,6.83523344993591,0,13.0493820842786,0,0,5.09911574035132,0,0,0,0
0,0,0,0,0,0,0,0,0,0,0,0,0,0,0,0,0,0,0,0,0,0,0,0,0,0,0,0,0,0,0,4.42365402881413,5.70008945465088,0,5.1950526386288,4.1666231751442,0,7.59147472130625,5.90685594732111,0,0,0,0,0,0,0,0,4.67548109622367,0,0,0,0,0,0,0,0,0,0,0,0,0,0,0,0,0,0,0,0,0,0,0,0,0,0,5.28710291678445,0,4.10181938037538,4.32660029464298,10.7631102138095,0,4.44115546743616,0,3.74877941123838,2.95322632789612,8.38744878768921,0,0
0,0,0,0,0,0,0,0,0,0,0,0,0,0,0,0,0,0,0,0,0,0,0,0,0,0,0,0,0,0,0,0,7.26355568155066,5.1950526386288,0,0,5.62086744198968,8.63416833196368,3.7250053711359,0,0,0,0,0,0,0,0,3.98475417338658,4.90176486968994,0,0,0,0,0,0,0,0,0,0,0,0,0,0,0,0,0,0,0,0,0,0,0,0,0,0,5.95325658538125,4.43798781902854,5.06280755149047,0,6.57879494667053,0,6.62021934414151,4.32492614789607,0,0,0,0
0,0,32.4509696960449,12.4508340060711,30.1792221069336,12.1182282489279,0,5.98127414782842,0,0,0,4.50899728775024,0,0,0,0,91.819938659668,118.068134307861,65.8342107031956,4.30866626887127,0,0,0,0,0,0,0,0,0,0,0,11.6330767929887,4.42640161514282,4.1666231751442,0,0,5.26416621932501,8.61422260969055,3.66279013951619,11.4692948916379,0,47.7214288711548,75.0815401077271,62.7490898132324,0,51.41541031003,0,22.5914443723199,0,29.9096070607503,0,25.1138617992401,0,0,0,0,33.104118347168,32.7662410736084,0,0,0,27.2354578971863,6.05615910122303,56.0148344039917,0,0,0,0,0,0,0,0,43.8908424377441,0,10.2676459534527,0,3.0612610578537,0,6.663397529687,7.04640685506614,12.4771352540104,0,5.43871502327816,4.14128299330322,20.4455939528164,45.2606044496809,0
0,0,35.2467269897461,0,22.7523846626282,0,0,0,0,0,0,0,0,0,0,0,82.9088662465413,108.094139099121,66.7241554651505,0,5.0358521257128,0,0,0,0,0,0,0,0,0,0,37.3715057373047,5.77959170802231,0,5.62086744198968,5.26416621932501,0,0,9.95579888319923,0,34.3767213237529,95.0654983520508,49.9512384436851,0,53.3372281392415,97.5486043294271,36.6906324096873,12.4616512036791,26.1673613956996,0,28.1916986975339,0,0,0,43.3305549621582,0,31.4224170684814,0,26.3694553375244,0,0,0,0,11.520076410839,0,0,0,0,0,0,0,0,0,44.5943698883057,0,4.87660761475563,0,17.6885229278459,6.54017093846964,7.32667082480055,0,12.3505330907332,7.84068067631039,4.27307150875334,22.4856623786313,0,44.097888653095
0,20.051642841763,0,45.1005592346191,0,0,0,0,0,10.7819312835226,0,3.15688583332559,0,0,0,0,130.181671142578,96.9337387084961,61.1579735048356,4.69204795071573,0,4.98752409163687,0,4.9630033503408,0,0,0,0,0,5.78696616490682,0,0,0,7.59147472130625,8.63416833196368,8.61422260969055,0,0,8.31319426148485,0,0,43.6534241735935,81.9058589935303,36.3635673522949,0,31.8845455781469,0,8.02350898270351,0,6.93949300486867,0,0,0,0,0,9.01118220601763,0,3.81849120969826,0,0,0,0,13.2829595825968,0,7.63818550843459,0,7.0077132972804,0,6.93042151133219,0,3.76779818534851,0,9.19451088654368,0,0,0,0,0,13.7932264838394,0,6.15637969821858,2.79152894020081,6.8149875595624,7.35153077585357,14.1035573033543,47.2433115641276,0
0,0,52.8522987365723,0,0,0,0,0,6.52842463146557,0,3.32098538833752,0,0,0,0,0,71.3742980957031,0,73.5634789397751,0,6.0011436229243,0,4.46411332856137,0,5.64557066923235,0,0,0,2.95980962117513,0,3.61553797721863,0,0,5.90685594732111,3.7250053711359,3.66279013951619,9.95579888319923,8.31319426148485,0,0,45.5929923491044,0,54.8311493354931,0,72.2862319946289,104.695899963379,44.2425044279832,4.72124221966351,6.03471322285527,117.910499572754,0,0,0,0,5.81605494649787,0,6.52487404005868,0,0,0,0,0,0,8.5788468870066,0,8.39590239524841,0,3.30308945973714,0,0,0,3.37952756881714,0,2.85028266906738,0,0,0,16.6200822383374,111.143241882324,14.3505564176508,12.5091114044189,5.3024069562354,7.18465758590171,4.3734610660997,10.8085297470662,0,47.1659931540489
0,29.4474692874485,0,32.59223457619,0,23.0399851799011,0,0,0,0,0,0,0,0,0,0,70.8222161343223,71.2755947113037,41.4397520340195,0,0,0,0,0,0,0,79.9815902709961,0,0,0,0,0,12.4434671401978,0,0,11.4692948916379,0,0,0,0,91.0810483296712,19.8103621747784,57.5565710801345,24.7966338713964,45.8890800476074,22.4447646652854,67.5903673171997,6.87839988623251,0,5.53025405798134,0,31.8936538696289,0,0,0,43.9879379272461,0,45.0720649046056,0,28.9249420166016,0,33.9734001159668,27.8098364446474,79.6256065368652,0,0,0,0,0,0,0,0,49.7234124308047,0,0,0,0,0,20.3806852352416,94.1798880440848,28.9724199885414,0,35.693036559594,0,15.3575373307669,22.2302668571472,71.8256479899089
30.0720806121826,0,40.4824322920579,76.7160339355469,62.5396575927734,0,0,0,0,0,0,0,0,0,0,0,61.8736347198486,87.1073165662361,44.4049363549933,0,38.5182945251465,0,0,0,0,0,0,0,0,0,0,0,0,0,0,0,34.3767213237529,0,45.5929923491044,91.0810483296712,0,56.3799121856689,19.9613630863976,52.9442157745361,25.0285002875463,70.2665187694408,17.8071515070507,8.53975964337587,6.15799944688374,87.9018936157227,46.6412607828776,0,0,0,48.5792856216431,0,38.8061071236928,0,0,0,0,59.3499908447266,84.4811645507812,18.211981528922,0,0,0,0,0,0,0,0,80.9621175130208,43.4928253650665,0,0,0,55.4977049827576,88.991353670756,29.5790901787353,100.064994812012,32.9295106795099,40.177494604948,0,12.3751265741697,0,25.3206467789437
0,20.8544408600581,37.3268241882324,31.4215900214143,0,0,0,0,0,24.6958428110395,0,35.2807388305664,0,0,0,0,67.8570736971768,66.4298600163953,25.8675174518664,0,0,0,0,0,102.205093383789,0,0,0,0,0,0,0,0,0,0,47.7214288711548,95.0654983520508,43.6534241735935,0,19.8103621747784,56.3799121856689,0,10.9847036262921,15.5947908329613,32.6998898188273,19.5101828040297,54.7238482066563,9.16583760579427,0,17.9591477837031,0,35.8286390304565,0,0,0,42.8010040283203,83.8151359558105,31.8680774953106,0,0,0,23.942560872724,23.0302408565592,68.1868537902832,0,0,0,0,0,0,26.6856149785659,0,20.4117607684895,57.5439949035645,0,0,0,0,30.1406789051387,69.9261360168457,30.0758857389467,81.4486770629883,14.5496808513331,3.79314613342285,14.7602835458349,14.9884940161664,57.3116064071655
12.5828498005867,0,28.2449755995881,55.0291156768799,38.5463205973307,0,0,0,28.1853403363909,0,0,0,0,0,0,0,47.6993483734131,72.9479355190111,25.6217803650822,0,47.8407802581787,0,0,0,0,0,0,0,0,0,0,0,0,0,0,75.0815401077271,49.9512384436851,81.9058589935303,54.8311493354931,57.5565710801345,19.9613630863976,10.9847036262921,0,32.3353093465169,10.7031612494635,54.1259652944712,23.3321939111219,8.87115152763284,12.2515535032846,26.5327825546265,45.0869924483761,0,0,0,37.979713947215,0,17.6717855913093,0,44.7548815409342,0,35.9166043145316,0,66.3706332615444,29.9733828408378,0,0,0,0,0,0,52.9303016662598,0,65.1174903869629,15.2798503613075,0,0,0,59.4197006225586,71.8327396655905,30.2476673766152,56.7119280497233,39.7278292210071,17.765096926654,20.1600333213806,16.1262117256854,2.73903942108154,13.6065776191852
0,0,0,20.71844069163,0,0,0,0,0,29.760752360026,0,0,0,0,0,0,0,55.0352109273275,21.2331610587564,0,0,0,0,0,0,0,0,0,0,0,0,0,0,0,0,62.7490898132324,0,36.3635673522949,0,24.7966338713964,52.9442157745361,15.5947908329613,32.3353093465169,0,22.1322689056396,19.0834978696019,34.4742018381755,0,0,25.587721824646,0,34.6386756896973,0,0,0,0,0,34.820139503479,0,0,0,0,24.9465736757245,0,0,0,0,0,0,0,0,0,37.1293853990959,0,0,0,0,0,34.9285822942585,74.5644563039144,42.4184528589249,0,16.6805647143611,0,20.184675145292,15.8621418987002,42.780216217041
0,0,31.7257118225098,0,0,0,0,0,0,0,0,0,0,0,0,0,0,71.6033020019531,22.6535855369134,0,0,0,0,0,0,0,0,0,0,0,0,0,0,0,0,0,53.3372281392415,0,72.2862319946289,45.8890800476074,25.0285002875463,32.6998898188273,10.7031612494635,22.1322689056396,0,66.9317245483398,21.0309067130089,0,23.9667510986328,55.7901000976562,34.5199661254883,0,0,0,0,0,39.3464012145996,0,0,0,0,0,0,28.1237117365787,0,0,0,0,0,0,0,0,0,31.6524429321289,0,0,0,56.829418182373,60.6036491394043,32.8173347962208,57.0812072753906,44.9846229553223,14.5303995111095,47.9136695861816,14.8815106861627,0,28.8252579825265
0,24.4284519195557,50.349328994751,18.938566738451,0,23.7758207321167,0,0,0,41.1639022827148,0,0,0,0,0,0,59.1915814051261,69.6740173639036,40.1334074386229,11.0810448858473,0,0,0,0,83.7380142211914,0,0,0,0,0,0,0,0,0,0,51.41541031003,97.5486043294271,31.8845455781469,104.695899963379,22.4447646652854,70.2665187694408,19.5101828040297,54.1259652944712,19.0834978696019,66.9317245483398,0,67.1389002118792,0,0,20.5289046030778,0,0,0,0,0,0,75.9237670898438,32.7071373425672,0,0,0,27.5758196512858,10.2900141161117,76.1993381793682,0,0,0,0,0,0,37.676668548584,0,35.9667097715673,62.5718421936035,0,0,0,0,28.0900653947513,80.8476177308618,27.3303082220559,83.3140144348145,35.4763459121908,101.262275695801,20.9609063904227,29.7206897354126,63.1455941200256
0,0,23.9702455429804,49.6399765014648,0,0,0,0,0,0,0,0,0,0,0,0,58.3855289336174,74.6125926971436,40.5733804058186,0,27.3275091415498,0,0,0,0,0,0,0,0,0,0,0,0,0,0,0,36.6906324096873,0,44.2425044279832,67.5903673171997,17.8071515070507,54.7238482066563,23.3321939111219,34.4742018381755,21.0309067130089,67.1389002118792,0,40.4621022542318,27.2329213677383,85.035665512085,31.4062442779541,0,0,0,29.5896976612232,0,27.245406648256,0,0,0,17.523289680481,0,69.5830011367798,13.2915108799223,0,0,0,0,0,0,0,0,73.2409604390462,32.3738503297923,0,0,0,57.3655954996745,90.7553367614746,25.5536170958451,0,23.0888304669978,32.7518412072064,0,20.9416535978732,46.8766899108887,37.6093561649323
0,0,55.4261016845703,0,0,0,0,0,0,0,0,0,0,0,0,0,0,0,35.4119815826416,0,0,0,0,0,0,0,0,0,0,0,0,4.32764079574334,4.79091304962403,4.67548109622367,3.98475417338658,22.5914443723199,12.4616512036791,8.02350898270351,4.72124221966351,6.87839988623251,8.53975964337587,9.16583760579427,8.87115152763284,0,0,0,40.4621022542318,0,4.66216818793487,5.72229406402927,0,0,0,0,0,0,56.3173675537109,0,0,0,0,0,0,0,0,0,0,0,0,0,0,0,0,0,5.18742488655779,5.43483648709376,4.93348104658947,3.30221016171538,12.9124093877547,12.5260563627366,3.71818493158763,4.99355670014435,6.60438550339211,7.43861915848472,6.13889193569657,18.7015838623047,0
5.86795265661121,0,11.8162770935552,0,44.0025939941406,0,0,0,5.04590575121067,0,0,0,0,0,0,0,0,0,35.3855036099752,0,0,0,11.4697083201364,0,0,0,0,0,0,0,0,0,0,0,4.90176486968994,0,26.1673613956996,0,6.03471322285527,0,6.15799944688374,0,12.2515535032846,0,23.9667510986328,0,27.2329213677383,4.66216818793487,0,16.3607011437416,49.7852614266532,0,0,0,18.2569588370945,0,20.7312917976736,0,0,0,39.3087902069092,0,0,38.9431457519531,0,11.7551082629192,0,8.75557048697221,0,5.77155733108521,0,4.99938360544351,0,11.219905434861,0,5.475989818573,0,4.6411229322354,0,36.2078215169907,0,6.76362971270207,9.36762942586626,0,9.55727022187463,0,23.1178505155775
0,6.769898587963,0,7.98166048412797,0,29.3658416748047,0,0,0,14.6656458886464,0,0,0,0,0,2.74638772010803,0,85.3047065734863,41.5202792449431,0,0,7.74231376375967,0,4.64532709121704,0,0,0,0,0,0,0,0,12.7272343635559,0,0,29.9096070607503,0,6.93949300486867,117.910499572754,5.53025405798134,87.9018936157227,17.9591477837031,26.5327825546265,25.587721824646,55.7901000976562,20.5289046030778,85.035665512085,5.72229406402927,16.3607011437416,0,0,6.94969206887323,0,0,0,7.0140580534935,0,18.7264811639433,0,0,0,4.95144894107288,33.4312185711331,0,15.7344565560632,0,7.00816025733948,0,4.87122841594145,0,5.94667767286301,0,18.4852980974949,0,4.01758527755737,0,0,0,37.2144180038166,67.1521137237549,10.266070652934,83.0263252258301,11.039605778904,10.7374105453491,12.3981670175135,26.4852995645432,0
0,0,8.33573048289229,0,3.97317146725125,0,0,0,0,0,0,0,0,0,0,0,0,0,58.7508735656738,0,16.4163830015394,0,0,0,0,0,0,0,0,0,0,0,0,0,0,0,28.1916986975339,0,0,0,46.6412607828776,0,45.0869924483761,0,34.5199661254883,0,31.4062442779541,0,49.7852614266532,0,0,0,0,0,0,0,7.22827305967509,0,3.64067248799908,0,4.05179578665072,0,0,10.6810482727854,0,0,0,0,0,0,0,0,0,35.8668727874756,0,0,0,0,0,37.4998069339328,0,45.7239685058594,31.1996809249316,0,14.9348437427695,0,38.5598564147949
0,0,0,9.44636637104231,0,2.80089817728315,0,0,0,3.58535861968994,0,0,0,0,0,0,0,0,0,0,0,0,0,0,0,0,0,0,0,0,0,0,0,0,0,25.1138617992401,0,0,0,31.8936538696289,0,35.8286390304565,0,34.6386756896973,0,0,0,0,0,6.94969206887323,0,0,0,0,0,4.50445252656937,0,5.12137323283078,0,3.7595682825361,0,3.21232409136636,0,0,0,0,0,0,0,0,0,0,35.5222702026367,0,0,0,0,0,25.9123992919922,0,0,0,28.9900745391846,0,11.1566275187901,0,0
0,0,0,0,0,0,4.25851298430387,0,0,0,2.95336031913757,0,0,0,0,0,0,0,0,0,0,0,0,0,0,0,0,0,0,0,0,0,0,0,0,0,0,0,0,0,0,0,0,0,0,0,0,0,0,0,0,0,0,0,0,0,3.23791720046372,0,0,0,0,0,0,0,0,0,0,0,0,0,0,0,0,0,0,0,0,0,0,0,0,0,4.22960484027863,0,0,0,0
0,0,0,0,0,0,0,3.00289805730184,0,0,0,0,0,0,0,0,0,0,0,0,0,0,0,0,0,0,0,0,0,0,0,0,0,0,0,0,0,0,0,0,0,0,0,0,0,0,0,0,0,0,0,0,0,0,0,0,0,4.69035067586672,0,0,0,0,0,0,0,0,0,0,0,0,0,0,0,0,0,0,0,0,0,0,0,0,2.74356603622437,0,0,0,0
5.17232656478882,0,5.29574554071486,0,0,0,0,0,4.27942439943257,0,0,0,0,0,6.10869979858398,0,2.74844121932983,0,50.6979141235352,0,33.7382469177246,0,12.3182706832886,0,5.02125027561715,0,9.48815790812174,0,0,0,0,0,0,0,0,0,43.3305549621582,0,5.81605494649787,0,48.5792856216431,0,37.979713947215,0,0,0,29.5896976612232,0,18.2569588370945,0,0,0,0,0,0,0,30.2663267680577,0,0,0,3.46363701033838,0,0,41.3018135070801,0,0,0,3.71578225000637,0,0,0,0,0,33.6955164954776,0,0,0,0,0,57.6650396982829,0,6.74053638668384,26.5291090385587,0,11.1931115213411,0,27.8391509056091
0,5.78162073926861,0,6.61713412072923,0,0,0,0,0,4.62661644264504,0,0,0,0,0,3.10735371884178,0,0,0,0,0,0,0,4.93828357554771,0,0,0,0,0,0,0,0,0,0,0,0,0,9.01118220601763,0,43.9879379272461,0,42.8010040283203,0,0,0,0,0,0,0,7.0140580534935,0,4.50445252656937,0,0,0,0,0,34.3003387451172,0,0,0,3.38232219524873,0,0,0,0,6.29993159882605,0,0,0,0,0,37.1511669158936,0,0,0,0,0,45.5121879577637,0,8.4074382893841,0,5.30677378745306,0,40.3616073608398,0,0
0,0,25.2634583973716,95.4177932739258,19.7957801818848,0,3.32368546724319,0,25.7932088640001,0,5.98383060665629,0,3.38766252994537,0,0,0,50.5964914957682,83.3297958374023,48.4043618288907,0,6.79908259826548,0,0,0,0,0,0,0,3.77433096369108,0,5.70467027314275,0,0,0,0,33.104118347168,31.4224170684814,0,6.52487404005868,0,38.8061071236928,83.8151359558105,17.6717855913093,0,39.3464012145996,75.9237670898438,27.245406648256,56.3173675537109,20.7312917976736,0,7.22827305967509,0,3.23791720046372,0,30.2663267680577,0,0,0,3.24915573444772,0,18.5776431560516,0,0,13.7223568853913,0,0,0,0,0,0,0,4.16681770283541,0,7.67000882886969,0,0,0,0,92.0285975138346,38.4907280340552,0,7.61793121695518,29.9177439155897,0,19.0395301113571,0,15.2261825229811
0,25.1984388828278,0,7.86509271860123,0,0,0,4.08301134878589,0,0,0,6.88836425204026,0,9.72625160217285,0,0,0,0,49.5140347480774,3.93124855527226,0,0,0,0,0,0,0,0,0,7.72882836205619,0,0,0,0,0,32.7662410736084,0,3.81849120969826,0,45.0720649046056,0,31.8680774953106,0,34.820139503479,0,32.7071373425672,0,0,0,18.7264811639433,0,5.12137323283078,0,4.69035067586672,0,34.3003387451172,0,0,0,4.45261704921722,0,5.01483581578436,9.11739051302925,87.7652816772461,0,0,0,0,0,0,11.6295655568441,0,8.99897419300079,0,0,0,0,0,50.4535251883573,96.0709762573242,31.3713000615438,0,12.9143170332297,0,9.9418207727032,16.9815604686737,0
0,0,3.51949575543404,0,0,0,0,0,0,0,2.96644019126892,0,3.13766255018846,0,2.81590357422829,0,0,0,0,0,11.9683275222778,0,0,0,0,0,0,0,0,0,0,0,0,0,0,0,26.3694553375244,0,0,0,0,0,44.7548815409342,0,0,0,0,0,0,0,3.64067248799908,0,0,0,0,0,3.24915573444772,0,0,0,4.99727508859201,0,0,14.5177658081055,0,0,0,0,0,5.72246369927428,0,4.89652895927429,0,0,0,0,0,0,0,0,0,0,9.19650906866247,0,9.36448327187569,0,0
0,0,0,4.15109219270594,0,0,0,3.5546007867445,0,0,0,5.13842714374716,0,3.644085414948,0,3.46478629112244,0,0,0,0,0,0,0,0,0,0,0,0,0,0,0,0,0,0,0,0,0,0,0,28.9249420166016,0,0,0,0,0,0,0,0,0,0,0,3.7595682825361,0,0,0,0,0,4.45261704921722,0,0,0,3.84332916895548,0,0,0,0,0,0,0,0,0,0,0,0,0,0,0,0,23.1973209381104,0,0,0,0,0,6.53927195072174,0,0
0,0,4.09133759566716,0,4.97115279667413,0,0,0,2.98172458580562,0,0,0,3.16634907821814,0,3.10776129983506,0,18.5664005279541,0,55.355712890625,0,0,0,0,0,0,0,0,0,0,0,0,0,0,0,0,0,0,0,0,0,0,0,35.9166043145316,0,0,0,17.523289680481,0,39.3087902069092,0,4.05179578665072,0,0,0,3.46363701033838,0,18.5776431560516,0,4.99727508859201,0,0,0,0,0,0,0,0,0,0,5.23693148057852,0,5.84417613347371,0,49.4159832000732,0,0,0,0,0,0,0,0,9.1206120743471,0,33.4692793573652,0,0
0,9.27758026123047,0,8.02306283743966,0,0,0,0,0,3.05166056752205,0,0,0,0,0,3.02726506295605,0,0,0,0,0,0,0,0,0,0,0,0,0,0,0,0,0,0,0,27.2354578971863,0,0,0,33.9734001159668,59.3499908447266,23.942560872724,0,0,0,27.5758196512858,0,0,0,4.95144894107288,0,3.21232409136636,0,0,0,3.38232219524873,0,5.01483581578436,0,3.84332916895548,0,0,0,0,0,0,0,0,5.00118133756849,0,0,0,32.5325660705566,0,0,0,0,0,25.5512371063232,0,0,0,30.4974374771118,0,12.7388620206288,0,0
0,30.7394065856934,0,49.0097618103027,0,0,0,0,0,0,0,7.10596744219462,0,0,0,0,66.2652852963179,78.4077976771763,50.2281872554379,5.80466561090379,0,0,0,0,0,0,0,0,0,0,0,0,0,0,0,6.05615910122303,0,13.2829595825968,0,27.8098364446474,84.4811645507812,23.0302408565592,66.3706332615444,24.9465736757245,0,10.2900141161117,69.5830011367798,0,0,33.4312185711331,0,0,0,0,0,0,0,9.11739051302925,0,0,0,0,0,82.4331188201904,0,0,0,0,0,0,41.4696973164876,0,22.9137243876492,0,0,0,0,0,16.5712503179814,91.7577214558919,16.2546650503503,0,13.6327558642997,0,14.2014758104068,38.4859662737165,0
0,0,21.9927736918132,0,7.83193427324295,0,0,0,0,0,3.4221142261259,0,0,0,0,0,62.7016541617257,92.4462356567383,47.4808128015782,0,7.20877704004041,0,0,0,0,0,0,0,0,0,0,0,0,0,0,56.0148344039917,11.520076410839,0,8.5788468870066,79.6256065368652,18.211981528922,68.1868537902832,29.9733828408378,0,28.1237117365787,76.1993381793682,13.2915108799223,0,38.9431457519531,0,10.6810482727854,0,0,0,41.3018135070801,0,13.7223568853913,87.7652816772461,14.5177658081055,0,0,0,82.4331188201904,0,0,0,0,0,0,0,0,0,103.946685791016,25.2724407075465,0,0,0,0,87.4486236572266,14.3260005732818,0,9.87522047131064,30.047809314505,0,14.9799046730812,0,40.0414017677307
0,0,0,0,0,0,0,0,0,0,0,0,0,0,0,0,0,3.93005172411601,0,0,0,4.87114921550244,6.3425304638712,4.99637590921842,0,0,0,2.95324954661456,0,0,0,0,0,0,0,0,0,7.63818550843459,0,0,0,0,0,0,0,0,0,0,0,15.7344565560632,0,0,0,0,0,0,0,0,0,0,0,0,0,0,0,0,6.62926325890475,0,12.1520953114525,0,9.23489887510027,0,0,0,0,0,0,0,0,0,7.16339319845699,0,3.83022347419493,5.71720666101534,0,0,0
0,0,0,0,0,0,0,0,15.1981739997864,0,0,0,0,0,0,0,6.2727550463243,29.0648622512817,0,0,0,0,5.08761819855982,0,6.52514500845046,0,4.49344515800476,0,4.65428876876831,0,0,0,0,0,0,0,0,0,8.39590239524841,0,0,0,0,0,0,0,0,0,11.7551082629192,0,0,0,0,0,0,0,0,0,0,0,0,0,0,0,0,0,0,6.8110416730245,0,0,0,0,0,0,0,0,0,0,0,0,0,6.94756025683622,5.13550418526379,3.80156254768372,0,0,0
0,0,0,0,0,0,0,0,0,5.07091206476229,0,0,0,0,0,0,0,0,0,0,0,5.76603638132413,0,3.55335586171755,0,3.51583246231079,0,0,0,0,0,0,0,0,0,0,0,7.0077132972804,0,0,0,0,0,0,0,0,0,0,0,7.00816025733948,0,0,0,0,0,6.29993159882605,0,0,0,0,0,0,0,0,6.62926325890475,0,0,0,4.27527206905128,0,4.1870694068762,0,0,0,0,0,0,0,0,0,6.62825109671931,0,3.57767755455441,0,7.49464213848114,0,0
0,0,0,0,0,0,0,0,6.68982720375061,0,0,0,0,0,0,0,15.8237860202789,21.0703201293945,0,0,0,0,4.63459011912346,0,4.10398422700387,0,5.89489531517029,0,0,0,0,0,0,0,0,0,0,0,3.30308945973714,0,0,0,0,0,0,0,0,0,8.75557048697221,0,0,0,0,0,3.71578225000637,0,0,0,0,0,0,0,0,0,0,6.8110416730245,0,0,0,0,0,0,0,0,0,0,0,0,0,0,0,3.58843225621163,4.03477981444952,0,3.16695308685303,0,0
0,0,0,0,0,0,0,0,0,3.58956027030945,0,0,0,0,0,2.73836231231689,0,4.09501846491451,0,0,0,13.3196098279953,0,3.82928280234337,0,3.07042820086846,0,2.79425022006035,0,0,0,0,0,0,0,0,0,6.93042151133219,0,0,0,0,0,0,0,0,0,0,0,4.87122841594145,0,0,0,0,0,0,0,0,0,0,0,5.00118133756849,0,0,12.1520953114525,0,4.27527206905128,0,0,0,5.3319362133884,0,0,0,0,0,0,0,0,0,5.55837949117025,0,3.16513369196937,0,7.07508588772194,0,0
0,0,0,0,0,0,0,0,0,0,0,0,0,0,5.48925956090291,0,5.72999607586692,32.6269683837891,0,0,0,0,5.18191307544708,0,6.65219777563344,0,3.22578371276737,0,0,0,0,0,0,0,0,0,0,0,0,0,0,0,0,0,0,0,0,0,5.77155733108521,0,0,0,0,0,0,0,0,0,5.72246369927428,0,5.23693148057852,0,0,0,0,0,0,0,0,0,0,3.09243590301938,0,0,0,0,0,0,0,0,0,0,6.88478243869284,25.1042671203613,0,0,0
0,0,0,0,0,0,0,0,0,0,0,3.16637273629506,0,2.86725063456429,0,0,0,0,0,0,0,5.56483621194329,0,0,0,0,0,3.09662183644566,0,3.93010315028104,0,0,0,0,0,0,0,3.76779818534851,0,0,0,26.6856149785659,52.9303016662598,0,0,37.676668548584,0,0,0,5.94667767286301,0,0,0,0,0,0,0,11.6295655568441,0,0,0,0,41.4696973164876,0,9.23489887510027,0,4.1870694068762,0,5.3319362133884,0,0,0,4.03284320554563,0,0,0,0,0,0,0,3.57816023826599,0,8.85184693336487,0,36.727237701416,0,0
0,0,0,0,0,0,0,0,0,0,0,0,0,0,0,0,0,0,0,0,0,0,4.2497024752877,0,0,0,0,0,4.68038804593839,0,0,0,0,0,0,0,0,0,3.37952756881714,0,0,0,0,0,0,0,0,0,4.99938360544351,0,0,0,0,0,0,0,4.16681770283541,0,4.89652895927429,0,5.84417613347371,0,0,0,0,0,0,0,0,3.09243590301938,0,0,0,3.80235437868376,0,0,0,0,0,0,0,4.17847946594501,4.67424733498517,3.27321624755859,0,0,0
0,26.9392006397247,0,29.3371331214905,0,0,0,0,0,49.7044219970703,0,7.59717171827533,0,0,0,0,68.2042007446289,72.0228233337402,40.9810525707732,3.16310107707977,0,0,0,0,0,0,0,7.61889505386353,0,4.07380922357762,0,0,0,0,0,43.8908424377441,0,9.19451088654368,0,49.7234124308047,80.9621175130208,20.4117607684895,65.1174903869629,37.1293853990959,0,35.9667097715673,73.2409604390462,0,0,18.4852980974949,0,35.5222702026367,0,0,0,37.1511669158936,0,8.99897419300079,0,0,0,32.5325660705566,22.9137243876492,103.946685791016,0,0,0,0,0,0,4.03284320554563,0,0,0,0,0,0,0,55.3114058176676,102.123090108236,50.6243896824973,0,24.4262655202437,0,21.9711662523746,19.6223270893097,0
0,0,29.0380459661069,0,0,0,0,0,25.830738067627,0,9.75184971313266,0,0,0,0,0,75.2134017944336,0,43.1128312110901,0,6.20869017936088,0,0,0,0,0,0,0,3.55288707959401,0,3.08976924585433,0,0,0,0,0,44.5943698883057,0,2.85028266906738,0,43.4928253650665,57.5439949035645,15.2798503613075,0,31.6524429321289,62.5718421936035,32.3738503297923,0,11.219905434861,0,35.8668727874756,0,0,0,33.6955164954776,0,7.67000882886969,0,0,0,49.4159832000732,0,0,25.2724407075465,0,0,0,0,0,0,0,3.80235437868376,0,0,0,0,0,0,104.200805664062,48.7050761752658,0,2.9918696731329,28.3634482216755,2.95061635971069,15.6894410906486,0,16.9222930330749
0,0,0,0,0,0,0,0,0,0,0,0,0,0,0,0,0,0,0,0,0,0,0,0,0,0,0,0,0,0,0,3.36205796684538,4.66192986414983,5.28710291678445,0,10.2676459534527,0,0,0,0,0,0,0,0,0,0,0,5.18742488655779,0,4.01758527755737,0,0,0,0,0,0,0,0,0,0,0,0,0,0,0,0,0,0,0,0,0,0,0,0,0,0,7.09566707169737,0,8.75366924684259,0,0,0,2.97961064368959,0,0,0,0
0,0,0,0,0,0,0,0,0,0,0,0,0,0,0,0,0,0,0,0,0,0,0,0,0,0,0,0,0,0,0,3.18678402900696,3.8566887244189,0,5.95325658538125,0,4.87660761475563,0,0,0,0,0,0,0,0,0,0,5.43483648709376,5.475989818573,0,0,0,0,0,0,0,0,0,0,0,0,0,0,0,0,0,0,0,0,0,0,0,0,0,0,0,0,6.50680489995615,0,5.82598986323644,0,0,5.81831736564636,0,0,0,0
0,0,0,0,0,0,0,0,0,0,0,0,0,0,0,0,0,0,0,0,0,0,0,0,0,0,0,0,0,0,0,6.44584102493255,0,4.10181938037538,4.43798781902854,3.0612610578537,0,0,0,0,0,0,0,0,0,0,0,4.93348104658947,0,0,0,0,0,0,0,0,0,0,0,0,0,0,0,0,0,0,0,0,0,0,0,0,0,0,7.09566707169737,0,0,4.80628019763577,0,0,3.35618434733703,0,3.1617632578778,3.05533277988434,0,0,0
0,0,0,0,0,0,0,0,0,0,0,0,0,0,0,0,104.385177612305,0,82.1259367201063,0,0,0,0,0,0,0,0,0,0,0,0,0,6.83523344993591,4.32660029464298,5.06280755149047,0,17.6885229278459,0,16.6200822383374,0,55.4977049827576,0,59.4197006225586,0,56.829418182373,0,57.3655954996745,3.30221016171538,4.6411229322354,0,0,0,0,0,0,0,0,0,0,0,0,0,0,0,0,0,0,0,0,0,0,0,0,0,0,6.50680489995615,4.80628019763577,0,0,7.80865647169047,0,5.3004329766334,5.57848891537851,2.88533634609646,38.2550888061523,0,55.1911140441895
0,37.0555200576782,0,32.6641749064128,0,19.3649568557739,0,9.65779476165772,0,0,0,5.21111050728829,0,0,0,0,75.6737727922263,86.4403776986258,51.4723635209853,5.74698558274437,0,0,0,0,0,0,0,0,0,0,0,18.9578093935232,0,10.7631102138095,0,6.663397529687,6.54017093846964,13.7932264838394,111.143241882324,20.3806852352416,88.991353670756,30.1406789051387,71.8327396655905,34.9285822942585,60.6036491394043,28.0900653947513,90.7553367614746,12.9124093877547,0,37.2144180038166,0,25.9123992919922,0,0,0,45.5121879577637,92.0285975138346,50.4535251883573,0,23.1973209381104,0,25.5512371063232,16.5712503179814,87.4486236572266,0,0,0,0,0,0,0,0,55.3114058176676,104.200805664062,8.75366924684259,0,0,0,0,83.3452609110687,13.2656869718144,97.4504623413086,26.0418656521301,4.30309402025663,29.4223788192608,34.3816816303092,53.6768474578857
39.5972995758057,0,40.6535742623465,77.304557800293,32.4794540405273,0,0,0,63.7150573730469,0,0,0,0,0,0,0,71.9556609017508,95.3782891865018,53.1232847887066,0,19.8243711275213,0,0,0,0,0,0,0,0,0,0,0,13.0493820842786,0,6.57879494667053,7.04640685506614,7.32667082480055,0,14.3505564176508,94.1798880440848,29.5790901787353,69.9261360168457,30.2476673766152,74.5644563039144,32.8173347962208,80.8476177308618,25.5536170958451,12.5260563627366,36.2078215169907,67.1521137237549,37.4998069339328,0,0,0,57.6650396982829,0,38.4907280340552,96.0709762573242,0,0,0,0,91.7577214558919,14.3260005732818,0,0,0,0,0,0,0,0,102.123090108236,48.7050761752658,0,5.82598986323644,0,7.80865647169047,83.3452609110687,0,92.6417217254639,11.1683554464054,25.7641335488584,4.14700455406085,33.8828648671624,65.067724609375,36.9866867376013
0,0,0,61.601978302002,85.4867782592773,0,0,0,0,7.54672019764528,0,4.31173582988627,0,0,0,0,84.7609227498372,86.0914408365885,40.2945525522726,4.89114168368348,0,5.86642170287603,0,6.07067420562552,89.2687225341797,0,0,0,0,0,0,0,0,4.44115546743616,0,12.4771352540104,0,6.15637969821858,12.5091114044189,28.9724199885414,100.064994812012,30.0758857389467,56.7119280497233,42.4184528589249,57.0812072753906,27.3303082220559,0,3.71818493158763,0,10.266070652934,0,0,0,0,0,8.4074382893841,0,31.3713000615438,0,0,0,0,16.2546650503503,0,7.16339319845699,0,6.62825109671931,0,5.55837949117025,0,3.57816023826599,0,50.6243896824973,0,0,0,3.35618434733703,0,13.2656869718144,92.6417217254639,0,0,22.8638793906923,9.32879191005931,24.9808250272461,22.8816076130062,0
