0,0,0,0,0,0,0,0,4.86082077026367,0,0,0,0,0,0,0,0,0,34.8446485996246,0,0,0,0,0,0,0,0,0,0,0,0,0,0,0,0,0,0,0,0,0,0,0,11.6531782150269,0,0,0,0,0,15.171234369278,0,29.8640247344971,0,0,0,7.82798743247986,0,9.36058950424194,0,22.0153652032216,0,21.282726424081,0,0,0,0,0,0,0,0,0,0,0,0,0,0,0,0,0,0,0,0,0,29.5059633060377,0,5.0278039972929,0,0
0,0,0,21.935079574585,0,0,0,0,0,23.3958836555481,0,0,0,0,0,0,0,0,0,0,0,0,0,0,0,0,0,0,0,0,0,0,0,0,0,0,0,0,0,0,0,15.4690878554566,0,0,0,0,0,0,0,9.54191833002525,0,0,0,0,0,22.3678369522095,0,4.64937114715576,0,0,0,15.0268721719728,0,0,0,0,0,0,0,0,0,0,0,0,0,0,0,0,0,0,0,0,17.3248241523216,27.6122436523438,7.80569665898256,0,0
0,0,0,0,0,0,0,0,0,0,0,0,0,0,0,0,0,0,33.3960657119751,0,0,0,0,0,0,0,0,0,0,0,0,0,0,0,0,0,0,0,0,0,0,0,27.3096935484144,0,0,0,26.8207651774089,0,0,0,19.3290748596191,0,0,0,0,0,32.1128312624418,0,0,0,0,0,0,34.3185272216797,0,0,0,0,0,0,0,0,0,0,0,0,0,0,0,0,0,0,18.0912094116211,0,28.8816699981689,0,24.3030557632446
0,21.935079574585,0,0,0,7.10279782861471,0,0,58.292594909668,3.05029261112213,0,0,0,0,0,0,0,78.5409622192383,43.3989241673396,31.8225765228271,0,0,0,29.1561107635498,0,0,0,0,0,0,0,0,0,0,0,0,0,0,0,0,0,28.0203540895446,0,24.0305235327744,36.0544033050537,16.2633061924854,0,0,0,23.3289953867594,0,8.56754155169121,0,0,0,17.3039916992187,0,16.9912015355791,0,5.02918220826708,0,5.61623728485257,21.5732188224792,0,0,0,30.1140581766764,0,0,0,32.6948928833008,0,31.2844188690186,104.493743896484,0,0,0,0,0,0,43.3110990524292,0,24.9299411773682,0,21.2298129253647,0,0
0,0,0,0,0,0,0,0,0,0,0,0,0,0,0,0,0,0,46.6834602355957,0,3.93863598038169,0,0,0,0,0,0,0,0,0,0,0,0,0,0,0,29.2928504943848,0,0,0,0,0,32.9574435796493,0,0,0,31.0017739809476,0,0,0,6.9825861689113,0,0,0,0,0,24.4778224988417,0,22.349897146225,0,0,0,0,11.5522090648783,0,0,0,0,0,0,0,51.8083152770996,0,34.5459942817688,0,0,0,0,0,22.5457471211751,0,0,11.5612098872662,0,12.9995942435451,0,26.855731010437
0,0,0,7.10279782861471,0,0,0,4.15361122290293,0,0,0,0,0,0,0,0,0,0,55.2381858825684,0,0,0,0,0,0,0,0,0,0,0,0,0,0,0,0,0,0,0,0,0,0,31.3627829271204,0,26.6740646362305,0,19.8979731850002,0,0,0,0,0,4.30600139007464,0,4.82144256591797,0,0,0,22.7095991632213,0,3.83847037951152,0,8.22829580307007,0,0,0,0,0,0,0,0,0,0,36.2628952026367,0,0,0,0,0,0,0,0,0,7.6098742261896,0,21.2887768399002,0,0
0,0,0,0,0,0,0,0,0,0,3.50307574272156,0,9.94742679595947,0,0,0,0,0,0,0,3.37582497596741,0,0,0,0,0,0,0,0,0,0,0,0,0,0,0,0,0,0,0,0,0,0,0,0,0,0,0,0,0,5.42885358516987,0,4.19765891063781,0,0,0,4.3724653167384,0,6.91996192932129,0,0,0,0,0,0,0,0,0,0,0,0,0,0,0,0,0,0,0,0,0,0,0,3.5368387500445,0,0,0,0
0,0,0,0,0,4.15361122290293,0,0,0,0,0,2.88031496320452,0,0,0,0,0,0,0,3.1705405553182,0,0,0,0,0,0,0,0,0,0,0,0,0,0,0,2.88621592521667,0,0,0,0,0,0,0,0,0,0,0,0,0,0,0,4.38746824264526,0,3.20938214888939,0,0,0,2.95990777015686,0,0,0,0,0,0,0,0,0,0,0,0,0,0,0,0,0,0,0,0,3.16378748416901,0,0,0,2.94234838088353,0,0,0,0
4.86082077026367,0,0,58.292594909668,0,0,0,0,0,44.3366966247559,0,0,0,0,5.42532111769137,0,14.7237634304024,36.3880623518819,24.7769410199132,0,0,0,0,32.5429019927979,3.27248281445997,0,0,0,0,0,0,0,0,0,0,0,0,0,6.58499173096248,0,0,49.5573221842448,23.2983506604245,0,0,0,28.3276865217421,0,0,0,56.5583877563477,0,0,0,10.8789025779164,0,33.3090240337231,0,0,0,5.26894082129002,0,0,30.4277390071324,0,0,0,4.8579904116117,0,2.95522926070473,0,0,0,33.483708275689,0,0,0,0,0,0,0,6.53782209668841,16.4747305702377,14.0246915817261,20.475344877243,43.0890478134155,30.1147988637288
0,23.3958836555481,0,3.05029261112213,0,0,0,0,44.3366966247559,0,0,0,0,0,0,7.27565492902483,34.5603273616118,12.7588816002162,38.7661685943604,0,0,0,0,30.1149789659601,0,3.98939225408766,0,0,0,0,0,0,0,0,0,0,0,24.4692275037157,0,0,0,32.1427137535739,56.8719730377197,27.2631692886353,0,22.053897857666,0,0,0,22.6172854105632,0,0,0,0,0,14.9448537514048,55.792308807373,32.916559566151,0,0,0,27.1579794883728,0,0,0,0,23.1573122197931,0,0,0,0,0,36.8836555480957,57.3140182495117,0,0,0,0,0,0,23.2791050335146,0,21.8480168382327,31.3594264984131,31.5379531979561,0,45.1103057861328
0,0,0,0,0,0,3.50307574272156,0,0,0,0,0,0,0,0,0,0,0,0,0,2.91010496123084,0,0,0,0,0,0,0,0,0,0,0,0,0,0,0,2.96146297454834,0,4.20509314630181,0,0,0,0,0,0,0,0,0,0,0,0,0,3.60917469171377,0,0,0,5.28060819829693,0,2.85838129123052,0,0,0,0,7.62468489011129,0,0,0,0,0,0,0,0,0,0,0,0,0,0,0,0,0,5.07120408330645,2.95121406055078,0,0,0,0
0,0,0,0,0,0,0,2.88031496320452,0,0,0,0,0,2.92457675933838,0,0,0,0,0,3.40659442433605,0,0,0,0,0,0,0,0,0,3.48965777873993,0,0,0,0,0,2.87896560941424,0,3.59350497853351,0,0,0,0,0,0,0,0,0,0,0,0,0,0,0,2.75325798988342,0,0,0,5.09723347511411,0,0,0,0,3.67603572209676,0,0,0,0,0,0,0,0,0,8.70102374498234,0,0,0,0,0,4.08880970554967,0,4.08595595406551,0,5.44717453207288,0,3.31217544419425,0,0
0,0,0,0,0,0,9.94742679595947,0,0,0,0,0,0,0,3.468590092659,0,0,0,0,0,0,0,0,0,0,0,0,0,0,0,0,0,0,0,0,0,0,0,0,0,0,0,0,0,0,0,0,0,24.9222431182861,0,10.7198114395142,0,7.70296425138201,0,0,0,2.95440149307251,0,3.21714235235144,0,7.09187994684492,0,0,0,0,0,0,0,0,0,0,0,0,0,0,0,0,0,0,0,0,0,0,2.75087070465088,26.185923576355,0,0
0,0,0,0,0,0,0,0,0,0,0,2.92457675933838,0,0,0,3.61680080813746,0,0,0,0,0,0,0,0,0,0,0,0,0,0,0,0,0,0,0,0,0,0,0,0,0,0,0,0,0,0,0,0,0,0,0,3.07070194482803,0,0,0,0,0,0,0,3.33373781146517,0,2.85241031646729,0,0,0,0,0,0,0,0,0,0,0,0,0,0,0,0,0,0,0,0,3.41802114706773,0,0,0,0
0,0,0,0,0,0,0,0,5.42532111769137,0,0,0,3.468590092659,0,0,0,11.0175436735153,0,0,0,0,0,0,0,0,0,0,0,0,0,0,0,0,0,0,0,0,0,0,0,0,0,0,0,0,0,0,0,0,0,4.23699061075846,0,0,0,8.2517198899213,0,0,0,4.11121115841708,0,5.33978212751993,0,0,0,0,0,0,0,0,0,0,0,0,0,0,0,0,0,0,0,0,0,10.4267797470093,0,0,0,0
0,0,0,0,0,0,0,0,0,7.27565492902483,0,0,0,3.61680080813746,0,0,0,10.3030247007098,0,0,0,0,0,23.1153736114502,0,0,0,0,0,0,0,0,0,0,0,0,0,0,0,0,0,0,0,0,0,0,0,0,0,0,0,0,0,0,0,10.8954598563058,0,0,0,2.8885776201884,0,2.81484047571818,0,0,0,0,26.4262741406759,0,0,0,0,0,0,0,0,0,0,0,0,0,0,0,5.11549921958677,7.3006219069163,26.318839263916,0,0
0,0,0,0,0,0,0,0,14.7237634304024,34.5603273616118,0,0,0,0,11.0175436735153,0,0,21.9205420708372,20.8084041307378,0,0,0,3.8409139017264,21.8997577067784,14.7374318679174,0,4.86026066931609,0,0,0,0,0,0,0,0,0,0,0,21.6193437576294,0,0,40.3887913726097,30.2774300252196,43.1602643330892,25.0298036734263,56.3379031590053,37.4174490164089,0,0,0,0,0,0,0,10.7292420135604,0,40.940148907323,82.1625518798828,51.3258857727051,0,12.4371792078018,0,0,41.5549574693044,0,0,25.6077285342746,0,36.6451835632324,3.59871101379395,0,0,61.3534717559814,39.9576384425163,0,0,0,0,0,47.5409965515137,0,54.1357236589704,14.0389335073627,14.9634883403778,36.441819399966,40.2915529032223,28.4127502441406
0,0,0,78.5409622192383,0,0,0,0,36.3880623518819,12.7588816002162,0,0,0,0,0,10.3030247007098,21.9205420708372,0,17.0263936319644,0,0,3.90414643287659,0,10.3865677447155,33.1614068349202,3.69581299253029,0,0,0,0,0,0,0,0,0,0,0,0,0,0,0,32.8860663353129,45.8839824101696,29.3795714605422,39.6815357208252,41.1693206834204,48.7921700097026,0,0,0,0,0,0,0,26.6257872581482,0,60.6174994758938,44.1627742222377,0,0,65.4687271118164,7.66767546709846,0,59.7962226867676,0,0,10.5777867521558,46.3641319274902,4.22082390785217,0,0,0,47.7729588917324,56.3982927231562,0,0,0,0,0,0,0,0,13.5654242565232,13.0995771422245,44.0285173364588,30.4978684405891,44.2938662029448
34.8446485996246,0,33.3960657119751,43.3989241673396,46.6834602355957,55.2381858825684,0,0,24.7769410199132,38.7661685943604,0,0,0,0,0,0,20.8084041307378,17.0263936319644,0,0,44.8521525065104,0,0,30.3721127510071,26.5707340240479,0,0,0,0,0,0,0,0,0,0,82.5817794799805,0,0,39.610860824585,17.3843555450439,29.3344612121582,27.365382201618,23.3965072180451,18.4914678674079,15.7172435699507,33.9215213398875,29.4066583027617,0,36.6474393208822,0,46.2265756780451,0,0,0,16.9598793029785,0,34.7713210642839,39.5502868786193,36.9411905606588,0,39.0562744140625,0,0,38.6627680394557,0,0,0,0,0,0,0,42.5413179397583,42.9472849310898,38.1689494058966,0,0,0,0,0,35.9407890864781,58.367002759661,43.3230619991527,19.6353641757646,19.8098192214966,30.1145928485855,27.7300277224414,23.2114747388622
0,0,0,31.8225765228271,0,0,0,3.1705405553182,0,0,0,3.40659442433605,0,0,0,0,0,0,0,0,0,0,0,0,0,0,0,0,0,0,0,0,0,0,0,3.21486090358935,0,0,0,0,0,0,0,0,0,4.82845446268717,0,0,0,0,0,0,0,0,0,0,0,5.37679409980774,0,0,0,0,4.71870134471934,0,0,0,0,0,0,0,0,0,0,0,0,0,0,0,5.03376765925475,0,3.4193379568017,0,4.22472661250346,0,4.63599300384521,0,0
0,0,0,0,3.93863598038169,0,3.37582497596741,0,0,0,2.91010496123084,0,0,0,0,0,0,0,44.8521525065104,0,0,0,0,0,0,0,0,0,0,0,0,0,0,0,0,0,7.89738329302389,0,3.3067500768541,0,0,0,45.5146141052246,0,33.6233596801758,0,24.0576213359833,0,0,0,19.6677393232073,0,0,0,0,0,3.07284810451361,0,0,0,0,0,0,6.53306930140396,0,0,0,0,0,0,0,0,0,13.8424119949341,0,0,0,0,0,4.25559065987666,0,3.79710345856131,11.0782672938179,0,29.1378545761108,0,0
0,0,0,0,0,0,0,0,0,0,0,0,0,0,0,0,0,3.90414643287659,0,0,0,0,3.40544025714581,3.79706931114197,0,6.41640396118164,0,3.66084687333358,0,0,0,0,0,0,0,0,0,3.55227770790237,0,0,0,0,0,0,0,0,0,0,0,5.33708867925279,0,0,0,0,0,0,0,0,0,0,0,0,0,0,4.85019852290873,0,8.55279302597046,0,5.66578698158264,0,6.34323892562218,0,0,0,0,0,0,0,0,0,4.94242154340849,0,3.49506610915774,0,0,0,0
0,0,0,0,0,0,0,0,0,0,0,0,0,0,0,0,3.8409139017264,0,0,0,0,3.40544025714581,0,0,13.2646878106253,0,0,0,3.58574461936951,0,0,0,0,0,0,0,0,0,11.9719696394266,0,0,0,0,0,0,0,0,17.7772178649902,10.5086879561433,0,0,0,0,0,0,0,0,0,0,0,0,0,0,0,0,4.27378005475279,0,12.7053234272225,0,15.1141662052955,0,6.76522306612859,0,0,0,0,0,0,0,0,0,9.7352661775083,3.97815439105034,0,21.1275844573975,0,0
0,0,0,29.1561107635498,0,0,0,0,32.5429019927979,30.1149789659601,0,0,0,0,0,23.1153736114502,21.8997577067784,10.3865677447155,30.3721127510071,0,0,3.79706931114197,0,0,0,3.25116368649537,0,0,0,0,0,0,0,0,0,0,0,3.01231512027,0,0,0,0,0,0,0,0,0,0,0,27.8921566009521,0,0,0,0,0,13.0523617797428,0,0,0,0,0,31.0086191381727,0,0,7.59811210632324,0,4.38162747536272,0,3.30920217666158,0,0,0,0,0,0,0,0,0,0,0,4.09245340526104,0,25.9240304690141,35.8310722351074,10.8637210196919,0,0
0,0,0,0,0,0,0,0,3.27248281445997,0,0,0,0,0,0,0,14.7374318679174,33.1614068349202,26.5707340240479,0,0,0,13.2646878106253,0,0,0,2.9299982027574,0,0,0,0,0,0,0,0,0,0,0,7.43814908756929,0,0,0,22.1319236755371,0,0,0,0,0,8.32252264022827,0,0,0,0,0,3.99178780900671,0,0,0,0,0,0,0,0,0,0,11.1907220908574,0,4.11883881854172,0,5.3356638054053,0,0,0,0,0,0,0,0,0,0,0,12.3787732640902,26.319637298584,0,9.1556678822166,0,0
0,0,0,0,0,0,0,0,0,3.98939225408766,0,0,0,0,0,0,0,3.69581299253029,0,0,0,6.41640396118164,0,3.25116368649537,0,0,0,4.11850192030454,0,0,0,0,0,0,0,0,0,0,0,0,0,0,0,0,0,0,0,0,0,0,0,0,0,0,0,0,0,0,0,0,0,0,0,0,0,0,4.18211652682378,0,4.09271991739126,0,3.72013556957245,0,0,0,0,0,0,0,0,0,0,0,15.8334178924561,0,0,0,0
0,0,0,0,0,0,0,0,0,0,0,0,0,0,0,0,4.86026066931609,0,0,0,0,0,0,0,2.9299982027574,0,0,0,0,0,0,0,0,0,0,0,0,0,0,0,0,0,0,0,0,0,0,0,0,0,0,0,0,0,0,0,0,0,0,0,0,0,0,0,0,0,0,5.80196738243103,0,7.56975215673447,0,8.32577854792277,0,0,0,0,0,0,0,0,0,0,2.75042629241943,0,0,0,0
0,0,0,0,0,0,0,0,0,0,0,0,0,0,0,0,0,0,0,0,0,3.66084687333358,0,0,0,4.11850192030454,0,0,0,3.25773840402466,0,0,0,0,0,0,0,2.95411094029744,0,0,0,0,0,0,0,0,0,0,0,0,0,0,0,0,0,0,0,5.80391187327249,0,0,0,0,0,0,4.22556950495793,0,0,0,3.56951496933327,0,3.65403381133462,0,3.40685139417648,0,0,0,0,0,0,0,3.46868263350593,0,0,0,0,0,0
0,0,0,0,0,0,0,0,0,0,0,0,0,0,0,0,0,0,0,0,0,0,3.58574461936951,0,0,0,0,0,0,0,3.53592091798782,0,0,0,0,0,0,0,3.51963313420614,0,0,0,0,0,0,0,0,0,5.79703807830811,0,0,0,0,0,0,0,0,0,0,0,0,0,0,0,0,9.27327634096146,0,6.653160572052,0,8.48156487941742,0,5.00840059797815,0,3.9979465007782,0,0,0,0,0,0,0,2.73788571357727,3.597247838974,0,0,0,0
0,0,0,0,0,0,0,0,0,0,0,3.48965777873993,0,0,0,0,0,0,0,0,0,0,0,0,0,0,0,3.25773840402466,0,0,0,0,0,0,0,0,0,4.19833830992381,0,0,0,0,0,0,0,0,0,0,0,0,0,0,0,0,0,0,0,3.95814634008067,0,0,0,0,0,0,0,0,0,0,0,0,0,0,6.04994357525532,0,0,0,0,0,0,0,10.9639471991587,0,0,0,0,0,0
0,0,0,0,0,0,0,0,0,0,0,0,0,0,0,0,0,0,0,0,0,0,0,0,0,0,0,0,3.53592091798782,0,0,0,0,0,0,0,0,0,4.51240628295475,0,0,0,0,0,0,0,0,0,0,0,0,0,0,0,0,0,0,0,0,0,0,0,0,0,0,0,0,0,0,0,0,3.61576449243646,0,3.80433629848089,0,0,0,0,0,0,0,3.96832962597118,0,0,0,0,0
0,0,0,0,0,0,0,0,0,0,0,0,0,0,0,0,0,0,0,0,0,0,0,0,0,0,0,0,0,0,0,0,4.87593591706993,0,0,3.68303553131986,0,0,0,0,0,0,0,0,0,0,0,4.7950717886205,10.0675802230835,7.84363471308062,0,0,0,0,0,0,0,0,0,0,0,0,0,0,0,0,0,0,0,0,0,0,0,0,5.35391145879645,6.14276848113138,9.59689177407159,0,5.16825846183714,14.2802953599375,0,0,6.89209952354431,0,8.92558145523071,0,0
0,0,0,0,0,0,0,0,0,0,0,0,0,0,0,0,0,0,0,0,0,0,0,0,0,0,0,0,0,0,0,4.87593591706993,0,0,7.81934302761441,0,2.7926408290863,0,0,0,0,0,0,0,0,0,0,4.97730817935179,5.53839988708496,0,0,0,0,0,0,0,0,0,0,0,0,0,0,0,0,0,0,0,0,0,0,0,0,0,14.0246710695069,4.34571497347779,0,10.3300969756168,17.2948847770691,7.53265733851327,0,0,5.09587243024041,0,0,0,0
0,0,0,0,0,0,0,0,0,0,0,0,0,0,0,0,0,0,0,0,0,0,0,0,0,0,0,0,0,0,0,0,0,0,4.27088044133297,4.24813314619044,0,9.12083259599293,0,0,0,0,14.7518184185028,0,0,0,0,5.19638405393176,17.7368397712708,8.73165893052754,0,0,0,0,0,0,0,0,0,0,0,0,0,0,0,0,0,0,0,0,0,0,14.1341332435608,0,4.95851074324714,0,5.35001432588911,4.20159331344355,6.09557626031389,0,7.73312917319007,0,7.38637528419495,2.74003195762634,13.6586283047994,0,0
0,0,0,0,0,0,0,0,0,0,0,0,0,0,0,0,0,0,0,0,0,0,0,0,0,0,0,0,0,0,0,0,7.81934302761441,4.27088044133297,0,0,3.13352602557132,0,2.95694874589508,0,0,0,0,0,0,0,0,4.85899142836754,7.28703269958496,0,0,0,0,0,0,0,0,0,0,0,0,0,0,0,0,0,0,0,0,0,0,0,0,0,0,12.8594032592244,9.45541936700994,5.09984713281114,0,5.78780293464661,0,5.57182777268546,3.762072496944,0,0,0,0
0,0,0,0,0,0,0,2.88621592521667,0,0,0,2.87896560941424,0,0,0,0,0,0,82.5817794799805,3.21486090358935,0,0,0,0,0,0,0,0,0,0,0,3.68303553131986,0,4.24813314619044,0,0,3.24973349487327,4.71995768004684,3.23476347923279,33.416919708252,7.8051922593798,0,0,0,0,11.9739049645357,0,5.65455789875211,8.26055379708608,8.34066186529217,0,0,0,0,0,0,0,0,0,0,0,0,3.64341806382248,0,0,0,0,0,0,0,0,0,0,0,5.56644879471172,0,4.95134357732183,0,5.35717266941234,4.72080343898974,6.29044580929848,0,3.41682216263358,3.04332132339478,7.41923520011683,0,0
0,0,0,0,29.2928504943848,0,0,0,0,0,2.96146297454834,0,0,0,0,0,0,0,0,0,7.89738329302389,0,0,0,0,0,0,0,0,0,0,0,2.7926408290863,0,3.13352602557132,3.24973349487327,0,3.56912660598755,3.95229302419574,0,3.8585583609204,0,0,0,0,0,0,6.12773003871624,17.7958761850993,14.9388542175293,25.7002658843994,0,0,0,0,0,22.6869866507394,0,24.4876194000244,0,0,0,0,6.61881787832393,0,0,0,0,0,0,0,0,0,0,0,0,0,3.71956314031894,3.16679426141687,4.27011425077627,0,5.00319517361347,4.44413337460406,7.46154651349905,6.25161890858098,0,0
0,0,0,0,0,0,0,0,0,24.4692275037157,0,3.59350497853351,0,0,0,0,0,0,0,0,0,3.55227770790237,0,3.01231512027,0,0,0,2.95411094029744,0,4.19833830992381,0,0,0,9.12083259599293,0,4.71995768004684,3.56912660598755,0,3.66564008621942,26.2399446699354,0,12.0660349239003,21.4257135391235,0,0,0,0,7.03686402253008,25.6326866149902,5.97765782617023,0,0,0,0,0,14.2291036120085,0,6.68227910995483,0,0,0,31.1853414966214,2.73774099349976,0,5.62332532134666,0,5.46093465033032,0,0,0,5.03470183878529,0,7.1455651919047,0,0,0,10.7258876493103,0,11.9217706663698,0,5.09951935631254,2.90135018314634,5.49900000246744,35.2906006707085,16.187638758415,0,0
0,0,0,0,0,0,0,0,6.58499173096248,0,4.20509314630181,0,0,0,0,0,21.6193437576294,0,39.610860824585,0,3.3067500768541,0,11.9719696394266,0,7.43814908756929,0,0,0,3.51963313420614,0,4.51240628295475,0,0,0,2.95694874589508,3.23476347923279,3.95229302419574,3.66564008621942,0,0,0,0,8.12946694919041,0,0,0,29.5447238286336,7.3193672045863,4.46264072882584,28.7788753509521,0,0,0,0,7.60387518094934,0,3.57808985473873,0,0,0,0,0,0,10.4458895899494,0,11.6472785105712,0,6.9897585658284,0,6.53606669108073,0,6.00786757702921,0,4.00958928769949,0,0,0,4.26749759268116,0,7.68113444667113,27.7757244110107,4.80846242305964,5.61186525848626,0,4.17353636907495,0,0
0,0,0,0,0,0,0,0,0,0,0,0,0,0,0,0,0,0,17.3843555450439,0,0,0,0,0,0,0,0,0,0,0,0,0,0,0,0,33.416919708252,0,26.2399446699354,0,0,0,5.87802228153936,0,12.196239789327,0,5.01955359244722,0,0,19.5588612556458,6.47078456374018,0,0,0,0,0,0,0,0,0,0,0,0,3.89471064746709,0,0,0,0,0,0,0,0,0,0,0,0,0,0,0,6.30424338755586,0,9.22720268920616,0,12.4039975802104,0,5.33300014675465,0,0
0,0,0,0,0,0,0,0,0,0,0,0,0,0,0,0,0,0,29.3344612121582,0,0,0,0,0,0,0,0,0,0,0,0,0,0,0,0,7.8051922593798,3.8585583609204,0,0,0,0,0,19.5823121070862,0,13.2270669937134,0,4.60126701887216,7.33727565932224,5.99858044245972,10.5077162742615,0,0,0,0,0,0,47.4084968566895,0,32.8483619689941,0,0,0,0,5.01488467398631,0,0,0,0,0,0,0,0,0,10.0029993057251,0,0,0,0,0,4.08191294003297,0,5.93064891622308,53.8277778625488,0,5.26724748314436,0,0
0,15.4690878554566,0,28.0203540895446,0,31.3627829271204,0,0,49.5573221842448,32.1427137535739,0,0,0,0,0,0,40.3887913726097,32.8860663353129,27.365382201618,0,0,0,0,0,0,0,0,0,0,0,0,0,0,0,0,0,0,12.0660349239003,0,5.87802228153936,0,0,6.81794866926464,13.3837731905545,22.7141856363375,17.285120410863,54.1318493827445,5.49913191795349,0,10.3626456731777,61.9331359863281,0,0,0,39.8352737426758,31.9845044272287,72.0106735229492,14.8532007516377,0,0,0,33.7428339177912,16.2676384184096,59.0419092178345,0,0,0,0,0,0,15.4378933906555,0,14.0169498353119,60.4800415039062,0,0,0,0,16.2516973018646,0,12.6865999698639,0,14.1429396874591,35.4821299657983,13.586132394837,11.2643528015749,58.7526226043701
11.6531782150269,0,27.3096935484144,0,32.9574435796493,0,0,0,23.2983506604245,56.8719730377197,0,0,0,0,0,0,30.2774300252196,45.8839824101696,23.3965072180451,0,45.5146141052246,0,0,0,22.1319236755371,0,0,0,0,0,0,0,0,14.7518184185028,0,0,0,21.4257135391235,8.12946694919041,0,19.5823121070862,6.81794866926464,0,0,12.2019701858255,40.3294995625814,13.7439884851662,8.8565611041155,6.7530929970472,16.8045247395833,36.9637297680028,0,0,0,0,0,25.3259224951539,0,27.3599792983371,0,29.9184959970844,0,0,34.1130418011742,0,25.5075206756592,0,0,0,0,0,18.6335636555463,83.8676376342773,26.2280047441784,0,0,16.38551902771,0,18.5175189971924,39.0218172073364,25.2180862426758,20.1732564339271,12.2241688914517,52.370885848999,11.5648627571786,42.6372488226209,10.7551357694894
0,0,0,24.0305235327744,0,26.6740646362305,0,0,0,27.2631692886353,0,0,0,0,0,0,43.1602643330892,29.3795714605422,18.4914678674079,0,0,0,0,0,0,0,0,0,0,0,0,0,0,0,0,0,0,0,0,12.196239789327,0,13.3837731905545,0,0,9.91956673246441,18.3459117773807,48.5395393371582,0,0,46.2119178771973,0,0,0,0,0,0,0,36.9698129381452,0,0,0,0,31.3357810974121,0,0,0,0,0,0,0,0,0,38.9192494286431,0,0,0,0,0,0,0,0,0,12.7755899205304,12.6008415222168,14.313919304624,19.2987483210034,21.8900127410889
0,0,0,36.0544033050537,0,0,0,0,0,0,0,0,0,0,0,0,25.0298036734263,39.6815357208252,15.7172435699507,0,33.6233596801758,0,0,0,0,0,0,0,0,0,0,0,0,0,0,0,0,0,0,0,13.2270669937134,22.7141856363375,12.2019701858255,9.91956673246441,0,37.2888469696045,13.2552438540892,0,0,0,0,0,0,0,0,0,32.9773071289062,43.0197830200195,0,0,0,0,0,31.3733239855085,0,0,0,0,0,0,0,0,0,31.8817403316498,0,0,0,0,0,0,0,37.673397064209,10.9456365903219,0,13.2952032488366,31.7516929626465,18.2863823982977
0,0,0,16.2633061924854,0,19.8979731850002,0,0,0,22.053897857666,0,0,0,0,0,0,56.3379031590053,41.1693206834204,33.9215213398875,4.82845446268717,0,0,0,0,0,0,0,0,0,0,0,0,0,0,0,11.9739049645357,0,0,0,5.01955359244722,0,17.285120410863,40.3294995625814,18.3459117773807,37.2888469696045,0,49.0188754558563,0,21.734899520874,14.266738563776,0,0,0,0,0,22.0149154663086,63.9320004781087,14.646649759936,0,0,0,0,7.23452479340455,64.6206639607747,0,0,0,0,0,0,0,0,20.361361797945,63.3327491760254,0,0,0,0,4.94743367696949,0,31.4594888687134,0,20.7808162513392,28.0047101974487,10.4339977368603,47.2145891189575,0
0,0,26.8207651774089,0,31.0017739809476,0,0,0,28.3276865217421,0,0,0,0,0,0,0,37.4174490164089,48.7921700097026,29.4066583027617,0,24.0576213359833,0,0,0,0,0,0,0,0,0,0,0,0,0,0,0,0,0,29.5447238286336,0,4.60126701887216,54.1318493827445,13.7439884851662,48.5395393371582,13.2552438540892,49.0188754558563,0,0,22.8687094449997,0,30.6380410225976,0,0,0,52.7963027954102,0,29.9958033014256,63.0477809906006,25.0329545783997,0,28.8759924570719,0,0,8.55255739024428,0,0,0,0,0,0,0,37.8386739095052,63.6669425964355,33.2479319151058,0,0,0,0,0,7.17265335521649,0,24.8429728126526,27.5518650495826,52.2285245259603,14.8616435930206,49.5371646881104,29.5225153947488
0,0,0,0,0,0,0,0,0,0,0,0,0,0,0,0,0,0,0,0,0,0,17.7772178649902,0,0,0,0,0,0,0,0,4.7950717886205,4.97730817935179,5.19638405393176,4.85899142836754,5.65455789875211,6.12773003871624,7.03686402253008,7.3193672045863,0,7.33727565932224,5.49913191795349,8.8565611041155,0,0,0,0,0,6.62766096695923,7.29430186064273,0,0,0,0,0,0,0,0,0,0,0,0,0,0,0,19.8659610748291,0,0,0,0,0,30.2405738830566,16.6383218484766,0,7.05433563268842,6.26368158834448,7.36943733458598,5.70205646514893,7.82401616278113,7.72238519510828,9.92880449472082,7.33407968892124,5.73063276440578,2.93536019325256,6.9529417497651,0,0
15.171234369278,0,0,0,0,0,0,0,0,0,0,0,24.9222431182861,0,0,0,0,0,36.6474393208822,0,0,0,10.5086879561433,0,8.32252264022827,0,0,0,5.79703807830811,0,0,10.0675802230835,5.53839988708496,17.7368397712708,7.28703269958496,8.26055379708608,17.7958761850993,25.6326866149902,4.46264072882584,19.5588612556458,5.99858044245972,0,6.7530929970472,0,0,21.734899520874,22.8687094449997,6.62766096695923,0,4.33472927258565,25.1150277455648,0,0,0,0,0,14.6533101651727,0,15.0307457936953,0,8.12560696601868,0,0,48.1432647705078,0,11.341100676331,0,6.70436731390997,0,4.43167552752281,0,5.87314724979909,0,4.62840911493463,19.6921901702881,6.28045779750461,20.1394128799438,7.62619962011065,16.5077940622966,7.57621327005558,31.2981300354004,4.97125319307111,6.50635181262081,0,7.07013489002401,0,18.8854389190674
0,9.54191833002525,0,23.3289953867594,0,0,0,0,0,22.6172854105632,0,0,0,0,0,0,0,0,0,0,0,5.33708867925279,0,27.8921566009521,0,0,0,0,0,0,0,7.84363471308062,0,8.73165893052754,0,8.34066186529217,14.9388542175293,5.97765782617023,28.7788753509521,6.47078456374018,10.5077162742615,10.3626456731777,16.8045247395833,46.2119178771973,0,14.266738563776,0,7.29430186064273,4.33472927258565,0,0,0,0,0,0,19.4908447265625,45.4436454772949,4.5185914582844,0,4.42383938677171,0,3.93864897201801,19.759973526001,0,4.90680819797263,0,8.5777799487114,0,3.67613682796046,0,3.82670869737017,0,7.64699022101347,0,9.21440909459041,0,6.23905565057482,0,9.12267033118662,0,5.89865776887437,0,9.63910790730496,0,6.4200947068813,0,0
29.8640247344971,0,19.3290748596191,0,6.9825861689113,0,5.42885358516987,0,56.5583877563477,0,0,0,10.7198114395142,0,4.23699061075846,0,0,0,46.2265756780451,0,19.6677393232073,0,0,0,0,0,0,0,0,0,0,0,0,0,0,0,25.7002658843994,0,0,0,0,61.9331359863281,36.9637297680028,0,0,0,30.6380410225976,0,25.1150277455648,0,0,0,4.94518844971712,0,0,0,14.2929788087004,0,4.57245942134762,0,4.00508558750153,0,0,11.6115526701385,0,0,0,0,0,0,0,34.5999954223633,0,39.7435760498047,0,0,0,0,0,19.554559253511,0,42.370246887207,26.0070451996543,0,29.8246459697748,0,33.2198566436768
0,0,0,8.56754155169121,0,4.30600139007464,0,4.38746824264526,0,0,0,0,0,3.07070194482803,0,0,0,0,0,0,0,0,0,0,0,0,0,0,0,0,0,0,0,0,0,0,0,0,0,0,0,0,0,0,0,0,0,0,0,0,0,0,0,4.94955592901,0,0,0,9.78742089209618,0,3.83378137860979,0,5.29527418812116,0,0,0,0,0,0,0,0,0,0,0,0,0,0,0,0,0,0,0,0,3.46565195492336,0,13.2793476922171,0,0
0,0,0,0,0,0,4.19765891063781,0,0,0,3.60917469171377,0,7.70296425138201,0,0,0,0,0,0,0,0,0,0,0,0,0,0,0,0,0,0,0,0,0,0,0,0,0,0,0,0,0,0,0,0,0,0,0,0,0,4.94518844971712,0,0,0,0,0,4.58173481217513,0,6.52379836041503,0,0,0,0,0,0,0,0,0,0,0,0,0,0,0,0,0,0,0,0,0,0,0,0,0,0,0,0
0,0,0,0,0,4.82144256591797,0,3.20938214888939,0,0,0,2.75325798988342,0,0,0,0,0,0,0,0,0,0,0,0,0,0,0,0,0,0,0,0,0,0,0,0,0,0,0,0,0,0,0,0,0,0,0,0,0,0,0,4.94955592901,0,0,0,0,0,2.86723027229309,0,2.73951077461243,0,0,0,0,0,0,0,0,0,0,0,0,0,0,0,0,0,0,0,0,0,0,0,0,0,0,0
7.82798743247986,0,0,0,0,0,0,0,10.8789025779164,0,0,0,0,0,8.2517198899213,0,10.7292420135604,26.6257872581482,16.9598793029785,0,0,0,0,0,3.99178780900671,0,0,0,0,0,0,0,0,0,0,0,0,0,7.60387518094934,0,0,39.8352737426758,0,0,0,0,52.7963027954102,0,0,0,0,0,0,0,0,0,49.7790870666504,0,19.4091739654541,0,9.33119911147702,0,0,0,0,0,0,5.95723176738362,0,0,0,0,0,0,0,0,0,0,0,0,0,7.42808455770666,21.401135524114,0,33.2550633748372,41.6890907287598,0
0,22.3678369522095,0,17.3039916992187,0,0,0,0,0,14.9448537514048,0,0,0,0,0,10.8954598563058,0,0,0,0,0,0,0,13.0523617797428,0,0,0,0,0,0,0,0,0,0,0,0,0,14.2291036120085,0,0,0,31.9845044272287,0,0,0,22.0149154663086,0,0,0,19.4908447265625,0,0,0,0,0,0,0,0,0,0,0,22.5168931391332,0,0,0,0,8.12374137002125,0,3.68590593338013,0,0,0,0,0,0,0,0,0,0,0,9.05707256858413,0,14.4289898207021,29.5163421630859,27.0889523896304,0,0
9.36058950424194,0,32.1128312624418,0,24.4778224988417,0,4.3724653167384,0,33.3090240337231,55.792308807373,5.28060819829693,0,2.95440149307251,0,0,0,40.940148907323,60.6174994758938,34.7713210642839,0,3.07284810451361,0,0,0,0,0,0,0,0,0,0,0,0,0,0,0,22.6869866507394,0,3.57808985473873,0,47.4084968566895,72.0106735229492,25.3259224951539,0,32.9773071289062,63.9320004781087,29.9958033014256,0,14.6533101651727,45.4436454772949,14.2929788087004,0,4.58173481217513,0,49.7790870666504,0,0,0,9.92981741057502,0,12.1833703617255,0,0,10.4262444223233,0,0,0,0,0,0,0,4.21230112527546,0,5.31413403363295,0,0,0,0,0,20.7045160382986,0,7.83126719792684,31.4385062659908,0,17.1992227828985,66.9770832061768,28.2120444774628
0,4.64937114715576,0,16.9912015355791,0,22.7095991632213,0,2.95990777015686,0,32.916559566151,0,5.09723347511411,0,0,0,0,82.1625518798828,44.1627742222377,39.5502868786193,5.37679409980774,0,0,0,0,0,0,0,5.80391187327249,0,3.95814634008067,0,0,0,0,0,0,0,6.68227910995483,0,0,0,14.8532007516377,0,36.9698129381452,43.0197830200195,14.646649759936,63.0477809906006,0,0,4.5185914582844,0,9.78742089209618,0,2.86723027229309,0,0,0,0,0,5.40605318523118,0,5.89911105251312,6.63805751390728,0,0,0,0,0,0,0,4.23502921169717,0,5.26224841902219,0,0,0,0,0,0,0,8.24796463167945,0,30.8339931718234,40.7794151306152,8.38620391358956,0,0
22.0153652032216,0,0,0,22.349897146225,0,6.91996192932129,0,0,0,2.85838129123052,0,3.21714235235144,0,4.11121115841708,0,51.3258857727051,0,36.9411905606588,0,0,0,0,0,0,0,0,0,0,0,0,0,0,0,0,0,24.4876194000244,0,0,0,32.8483619689941,0,27.3599792983371,0,0,0,25.0329545783997,0,15.0307457936953,0,4.57245942134762,0,6.52379836041503,0,19.4091739654541,0,9.92981741057502,0,0,0,8.92701494884186,0,0,24.48522404262,0,0,0,0,0,8.45228945750457,0,5.14774250008843,0,33.9606914520264,0,0,0,0,0,23.4214096069336,0,0,28.5656099700928,0,24.2068231886831,0,25.3493987812715
0,0,0,5.02918220826708,0,3.83847037951152,0,0,0,0,0,0,0,3.33373781146517,0,2.8885776201884,0,0,0,0,0,0,0,0,0,0,0,0,0,0,0,0,0,0,0,0,0,0,0,0,0,0,0,0,0,0,0,0,0,4.42383938677171,0,3.83378137860979,0,2.73951077461243,0,0,0,5.40605318523118,0,0,0,5.56376377281858,8.24903192520142,0,0,0,0,0,3.14900588780119,0,4.54286496816955,0,0,0,0,0,0,0,0,0,0,0,3.50332144929581,0,5.61219956324651,0,0
21.282726424081,0,0,0,0,0,0,0,5.26894082129002,0,0,0,7.09187994684492,0,5.33978212751993,0,12.4371792078018,65.4687271118164,39.0562744140625,0,0,0,0,0,0,0,0,0,0,0,0,0,0,0,0,0,0,0,0,0,0,0,29.9184959970844,0,0,0,28.8759924570719,0,8.12560696601868,0,4.00508558750153,0,0,0,9.33119911147702,0,12.1833703617255,0,8.92701494884186,0,0,0,0,0,0,0,0,0,0,6.64558306755843,0,7.69091286277771,0,36.568654196603,0,0,0,0,0,0,0,0,35.7118345896403,0,22.2781415937465,0,28.7791347503662
0,15.0268721719728,0,5.61623728485257,0,8.22829580307007,0,0,0,27.1579794883728,0,0,0,2.85241031646729,0,2.81484047571818,0,7.66767546709846,0,0,0,0,0,31.0086191381727,0,0,0,0,0,0,0,0,0,0,0,0,0,31.1853414966214,0,0,0,33.7428339177912,0,0,0,0,0,0,0,3.93864897201801,0,5.29527418812116,0,0,0,22.5168931391332,0,5.89911105251312,0,5.56376377281858,0,0,0,0,0,0,29.3719863959238,0,2.73836898803711,0,2.73582875728607,0,0,0,0,0,0,0,0,0,31.736641111828,0,35.2361478805542,0,31.6849355219388,0,0
0,0,0,21.5732188224792,0,0,0,0,0,0,0,3.67603572209676,0,0,0,0,0,0,0,4.71870134471934,0,0,0,0,0,0,0,0,0,0,0,0,0,0,0,3.64341806382248,0,2.73774099349976,0,3.89471064746709,0,16.2676384184096,0,31.3357810974121,0,7.23452479340455,0,0,0,19.759973526001,0,0,0,0,0,0,0,6.63805751390728,0,8.24903192520142,0,0,0,0,0,0,0,0,0,0,0,0,14.6801750659943,0,0,0,0,0,6.02765468710893,0,5.26970906494078,0,5.84566972048386,0,6.23898920275106,0,0
0,0,34.3185272216797,0,11.5522090648783,0,0,0,30.4277390071324,0,7.62468489011129,0,0,0,0,0,41.5549574693044,59.7962226867676,38.6627680394557,0,6.53306930140396,0,0,0,0,0,0,0,0,0,0,0,0,0,0,0,6.61881787832393,0,10.4458895899494,0,5.01488467398631,59.0419092178345,34.1130418011742,0,31.3733239855085,64.6206639607747,8.55255739024428,0,48.1432647705078,0,11.6115526701385,0,0,0,0,0,10.4262444223233,0,24.48522404262,0,0,0,0,0,0,0,0,0,0,0,0,29.3454330444336,0,16.486225069841,0,0,0,0,0,5.78356330305506,0,6.49235918880564,28.2576178461313,0,14.2418793731028,0,12.5375865589489
0,0,0,0,0,0,0,0,0,0,0,0,0,0,0,0,0,0,0,0,0,4.85019852290873,0,7.59811210632324,0,0,0,4.22556950495793,0,0,0,0,0,0,0,0,0,5.62332532134666,0,0,0,0,0,0,0,0,0,0,0,4.90680819797263,0,0,0,0,0,0,0,0,0,0,0,0,0,0,0,0,6.48159872992965,0,6.07478355207751,0,5.84640148765816,0,0,0,0,0,0,0,0,0,5.84295514573928,0,2.96565639972687,0,0,0,0
0,0,0,0,0,0,0,0,0,0,0,0,0,0,0,0,0,0,0,0,0,0,4.27378005475279,0,11.1907220908574,0,0,0,9.27327634096146,0,0,0,0,0,0,0,0,0,11.6472785105712,0,0,0,25.5075206756592,0,0,0,0,19.8659610748291,11.341100676331,0,0,0,0,0,0,0,0,0,0,0,0,0,0,0,0,0,0,7.76408006308915,0,13.6466601864643,0,7.14131072354973,0,0,0,0,0,0,0,0,0,6.57376359747393,3.47605060168675,0,17.0335140228271,0,0
0,0,0,30.1140581766764,0,0,0,0,0,23.1573122197931,0,0,0,0,0,26.4262741406759,25.6077285342746,10.5777867521558,0,0,0,8.55279302597046,0,4.38162747536272,0,4.18211652682378,0,0,0,0,0,0,0,0,0,0,0,5.46093465033032,0,0,0,0,0,0,0,0,0,0,0,8.5777799487114,0,0,0,0,0,8.12374137002125,0,0,0,0,0,29.3719863959238,0,0,6.48159872992965,0,0,0,5.87371188885457,0,3.61547274589539,0,0,0,0,0,0,0,0,0,5.25133566263469,0,18.8002989931804,34.1371939086914,6.13225400841461,0,0
0,0,0,0,0,0,0,0,4.8579904116117,0,0,0,0,0,0,0,0,46.3641319274902,0,0,0,0,12.7053234272225,0,4.11883881854172,0,5.80196738243103,0,6.653160572052,0,0,0,0,0,0,0,0,0,6.9897585658284,0,0,0,0,0,0,0,0,0,6.70436731390997,0,0,0,0,0,5.95723176738362,0,0,0,0,0,0,0,0,0,0,7.76408006308915,0,0,0,7.03830509668806,0,6.99859118461609,0,0,0,0,0,0,0,0,0,4.06335498166807,0,0,5.99984756133539,0,0
0,0,0,0,0,0,0,0,0,0,0,0,0,0,0,0,36.6451835632324,4.22082390785217,0,0,0,5.66578698158264,0,3.30920217666158,0,4.09271991739126,0,3.56951496933327,0,0,0,0,0,0,0,0,0,0,0,0,0,0,0,0,0,0,0,0,0,3.67613682796046,0,0,0,0,0,3.68590593338013,0,0,0,3.14900588780119,0,2.73836898803711,0,0,6.07478355207751,0,5.87371188885457,0,0,0,3.84666344890856,0,0,0,0,0,0,0,0,0,0,0,0,0,7.08070230484009,0,0
0,0,0,0,0,0,0,0,2.95522926070473,0,0,0,0,0,0,0,3.59871101379395,0,0,0,0,0,15.1141662052955,0,5.3356638054053,0,7.56975215673447,0,8.48156487941742,0,0,0,0,0,0,0,0,0,6.53606669108073,0,0,0,0,0,0,0,0,0,4.43167552752281,0,0,0,0,0,0,0,0,0,8.45228945750457,0,6.64558306755843,0,0,0,0,13.6466601864643,0,7.03830509668806,0,0,0,6.58836176863773,0,8.41403388977051,0,0,0,0,0,0,0,5.88012757301331,0,0,5.45499398708344,0,0
0,0,0,32.6948928833008,0,0,0,0,0,0,0,0,0,0,0,0,0,0,0,0,0,6.34323892562218,0,0,0,3.72013556957245,0,3.65403381133462,0,0,0,0,0,0,0,0,0,5.03470183878529,0,0,0,15.4378933906555,0,0,0,0,0,0,0,3.82670869737017,0,0,0,0,0,0,0,4.23502921169717,0,4.54286496816955,0,2.73582875728607,0,0,5.84640148765816,0,3.61547274589539,0,3.84666344890856,0,0,0,4.13194505989407,0,0,0,0,0,0,0,8.53103196888398,0,0,0,9.84433485031128,0,0
0,0,0,0,51.8083152770996,0,0,0,0,0,0,0,0,0,0,0,0,0,42.5413179397583,0,0,0,6.76522306612859,0,0,0,8.32577854792277,0,5.00840059797815,0,3.61576449243646,0,0,0,0,0,0,0,6.00786757702921,0,0,0,18.6335636555463,0,0,0,37.8386739095052,30.2405738830566,5.87314724979909,0,34.5999954223633,0,0,0,0,0,4.21230112527546,0,5.14774250008843,0,7.69091286277771,0,0,29.3454330444336,0,7.14131072354973,0,6.99859118461609,0,6.58836176863773,0,0,0,4.36785416747898,0,0,0,0,0,0,0,5.95795358629788,37.710745493571,0,9.1441954071842,0,15.6330833435059
0,0,0,31.2844188690186,0,36.2628952026367,0,0,0,36.8836555480957,0,8.70102374498234,0,0,0,0,61.3534717559814,47.7729588917324,42.9472849310898,0,0,0,0,0,0,0,0,3.40685139417648,0,6.04994357525532,0,0,0,14.1341332435608,0,0,0,7.1455651919047,0,0,0,14.0169498353119,83.8676376342773,38.9192494286431,0,20.361361797945,63.6669425964355,16.6383218484766,0,7.64699022101347,0,0,0,0,0,0,0,5.26224841902219,0,0,0,0,14.6801750659943,0,0,0,0,0,0,0,4.13194505989407,0,0,0,0,0,12.2443542480469,0,0,0,6.51466764639557,0,40.3964009602865,42.542958577474,15.9372432707953,61.2460899353027,0
0,0,0,104.493743896484,34.5459942817688,0,0,0,33.483708275689,57.3140182495117,0,0,0,0,0,0,39.9576384425163,56.3982927231562,38.1689494058966,0,13.8424119949341,0,0,0,0,0,0,0,3.9979465007782,0,3.80433629848089,0,0,0,0,0,0,0,4.00958928769949,0,10.0029993057251,60.4800415039062,26.2280047441784,0,31.8817403316498,63.3327491760254,33.2479319151058,0,4.62840911493463,0,39.7435760498047,0,0,0,0,0,5.31413403363295,0,33.9606914520264,0,36.568654196603,0,0,16.486225069841,0,0,0,0,0,8.41403388977051,0,4.36785416747898,0,0,0,0,0,0,0,36.6226692199707,0,5.48435103529282,38.5530540443236,46.0234489440918,8.43843205637062,59.1903877258301,36.642192023141
0,0,0,0,0,0,0,0,0,0,0,0,0,0,0,0,0,0,0,0,0,0,0,0,0,0,0,0,0,0,0,5.35391145879645,14.0246710695069,4.95851074324714,0,5.56644879471172,0,0,0,0,0,0,0,0,0,0,0,7.05433563268842,19.6921901702881,9.21440909459041,0,0,0,0,0,0,0,0,0,0,0,0,0,0,0,0,0,0,0,0,0,0,0,0,0,14.3731300490243,8.29775673958162,0,4.65845319258728,24.4157999753952,0,0,4.27882578878692,0,12.0404578122226,0,0
0,0,0,0,0,0,0,0,0,0,0,0,0,0,0,0,0,0,0,0,0,0,0,0,0,0,0,0,0,0,0,6.14276848113138,4.34571497347779,0,12.8594032592244,0,0,0,0,0,0,0,0,0,0,0,0,6.26368158834448,6.28045779750461,0,0,0,0,0,0,0,0,0,0,0,0,0,0,0,0,0,0,0,0,0,0,0,0,0,14.3731300490243,0,0,8.24037952680342,21.5180905659993,4.60392456112672,0,0,5.39962135791779,0,0,0,0
0,0,0,0,0,0,0,0,0,0,0,0,0,0,0,0,0,0,0,0,0,0,0,0,0,0,0,0,0,0,0,9.59689177407159,0,5.35001432588911,9.45541936700994,4.95134357732183,0,10.7258876493103,0,0,0,0,16.38551902771,0,0,0,0,7.36943733458598,20.1394128799438,6.23905565057482,0,0,0,0,0,0,0,0,0,0,0,0,0,0,0,0,0,0,0,0,0,0,12.2443542480469,0,8.29775673958162,0,0,10.0186147473075,9.25897012387352,0,6.91205075600194,24.5747222900391,4.65864700057753,0,9.2493941783905,0,0
0,0,0,0,0,0,0,0,0,0,0,0,0,0,0,0,0,0,0,0,0,0,0,0,0,0,0,0,0,0,0,0,10.3300969756168,4.20159331344355,5.09984713281114,0,3.71956314031894,0,4.26749759268116,0,0,0,0,0,0,0,0,5.70205646514893,7.62619962011065,0,0,0,0,0,0,0,0,0,0,0,0,0,0,0,0,0,0,0,0,0,0,0,0,0,0,8.24037952680342,10.0186147473075,0,0,9.77203970166095,0,4.47463730158228,4.03950688930658,0,0,0,0
0,0,0,0,0,0,0,3.16378748416901,0,0,0,4.08880970554967,0,0,0,0,0,0,0,5.03376765925475,0,0,0,0,0,0,0,0,0,0,0,5.16825846183714,17.2948847770691,6.09557626031389,0,5.35717266941234,3.16679426141687,11.9217706663698,0,6.30424338755586,0,16.2516973018646,18.5175189971924,0,0,4.94743367696949,0,7.82401616278113,16.5077940622966,9.12267033118662,0,0,0,0,0,0,0,0,0,0,0,0,6.02765468710893,0,0,0,0,0,0,0,0,0,0,0,4.65845319258728,21.5180905659993,9.25897012387352,0,0,14.1531839688619,8.54026490682323,0,7.39765087496333,0,9.04957269967883,0,0
0,0,0,0,22.5457471211751,0,0,0,0,0,0,0,0,0,0,0,47.5409965515137,0,35.9407890864781,0,4.25559065987666,0,0,0,0,0,0,0,0,0,0,14.2802953599375,7.53265733851327,0,5.78780293464661,4.72080343898974,4.27011425077627,0,7.68113444667113,0,4.08191294003297,0,39.0218172073364,0,0,0,7.17265335521649,7.72238519510828,7.57621327005558,0,19.554559253511,0,0,0,0,0,20.7045160382986,0,23.4214096069336,0,0,0,0,5.78356330305506,0,0,0,0,0,0,0,0,0,36.6226692199707,24.4157999753952,4.60392456112672,0,9.77203970166095,14.1531839688619,0,0,6.53641117024753,3.99428996268441,3.45560783573559,11.3306399087111,0,0
0,0,0,43.3110990524292,0,0,0,0,0,23.2791050335146,0,4.08595595406551,0,0,0,0,0,0,58.367002759661,3.4193379568017,0,4.94242154340849,0,4.09245340526104,0,0,0,3.46868263350593,0,10.9639471991587,0,0,0,7.73312917319007,0,6.29044580929848,0,5.09951935631254,27.7757244110107,9.22720268920616,0,12.6865999698639,25.2180862426758,0,0,31.4594888687134,0,9.92880449472082,31.2981300354004,5.89865776887437,0,0,0,0,0,9.05707256858413,0,8.24796463167945,0,0,0,31.736641111828,5.26970906494078,0,5.84295514573928,0,5.25133566263469,0,0,0,8.53103196888398,0,6.51466764639557,0,0,0,6.91205075600194,0,8.54026490682323,0,0,0,5.51377685386734,35.5775127410889,9.93482376420899,0,0
0,0,0,0,0,0,0,0,6.53782209668841,0,5.07120408330645,0,0,0,0,0,54.1357236589704,0,43.3230619991527,0,3.79710345856131,0,9.7352661775083,0,12.3787732640902,0,0,0,2.73788571357727,0,3.96832962597118,0,0,0,5.57182777268546,0,5.00319517361347,2.90135018314634,4.80846242305964,0,5.93064891622308,0,20.1732564339271,0,37.673397064209,0,24.8429728126526,7.33407968892124,4.97125319307111,0,42.370246887207,0,0,0,7.42808455770666,0,7.83126719792684,0,0,0,0,0,0,6.49235918880564,0,6.57376359747393,0,4.06335498166807,0,5.88012757301331,0,5.95795358629788,0,5.48435103529282,0,0,24.5747222900391,4.47463730158228,0,6.53641117024753,0,0,4.71232016259345,0,5.77240284969673,0,0
29.5059633060377,17.3248241523216,18.0912094116211,24.9299411773682,11.5612098872662,7.6098742261896,3.5368387500445,2.94234838088353,16.4747305702377,21.8480168382327,2.95121406055078,5.44717453207288,0,3.41802114706773,10.4267797470093,5.11549921958677,14.0389335073627,13.5654242565232,19.6353641757646,4.22472661250346,11.0782672938179,3.49506610915774,3.97815439105034,25.9240304690141,26.319637298584,15.8334178924561,2.75042629241943,0,3.597247838974,0,0,6.89209952354431,5.09587243024041,7.38637528419495,3.762072496944,3.41682216263358,4.44413337460406,5.49900000246744,5.61186525848626,12.4039975802104,53.8277778625488,14.1429396874591,12.2241688914517,12.7755899205304,10.9456365903219,20.7808162513392,27.5518650495826,5.73063276440578,6.50635181262081,9.63910790730496,26.0070451996543,3.46565195492336,0,0,21.401135524114,14.4289898207021,31.4385062659908,30.8339931718234,28.5656099700928,3.50332144929581,35.7118345896403,35.2361478805542,5.84566972048386,28.2576178461313,2.96565639972687,3.47605060168675,18.8002989931804,0,0,0,0,37.710745493571,40.3964009602865,38.5530540443236,4.27882578878692,5.39962135791779,4.65864700057753,4.03950688930658,7.39765087496333,3.99428996268441,5.51377685386734,4.71232016259345,0,5.1750838452975,11.7603530496093,28.0211063287628,32.2446596622467
0,27.6122436523438,0,0,0,0,0,0,14.0246915817261,31.3594264984131,0,0,2.75087070465088,0,0,7.3006219069163,14.9634883403778,13.0995771422245,19.8098192214966,0,0,0,0,35.8310722351074,0,0,0,0,0,0,0,0,0,2.74003195762634,0,3.04332132339478,7.46154651349905,35.2906006707085,0,0,0,35.4821299657983,52.370885848999,12.6008415222168,0,28.0047101974487,52.2285245259603,2.93536019325256,0,0,0,0,0,0,0,29.5163421630859,0,40.7794151306152,0,0,0,0,0,0,0,0,34.1371939086914,0,0,0,0,0,42.542958577474,46.0234489440918,0,0,0,0,0,3.45560783573559,35.5775127410889,0,5.1750838452975,0,17.2388182767602,38.0420316060384,40.5808296203613
