0,0,0,0,0,0,0,0,0.0372231122175663,0,0,0,0,0,0,0,0,0,0.00119805940849508,0,0,0,0,0,0,0,0,0,0,0,0,0,0,0,0,0,0,0,0,0,1.74702001501936e-05,0,0.00668058375320564,0,0,0,6.99465043215077e-05,0,0.00210381565982082,0,0,0,0,0,0.0893432676944489,0,0,0,0,0,0.000671281006674664,0,0,0,0,0,0,0,0,0,0,0,0,0,0,0,0,0,0,7.46558785871059e-06,0,0,0.000230955106296703,0,0.00227733253172619,0,0
0,0,0,0.0206714340942096,0,0,0,0,0,0.0219830452965234,0,0,0,0,0,0.000111707596375081,0,0,1.74961388438777e-05,0,0,0,0,0,0,0,0,0,0,0,0,0,0,0,0,0,0,0,0,0,0,0.00600195342366974,0,0,0,0,0,0,0,0.0190435973024718,0,0,0,0,0,0.0393015557232388,0,0,0,7.13903282303363e-05,0,0.0186408868899114,0,0,0,0,0.000674196048849149,0,0,0,0,0,0,0,0,0,0,0,0,0,0,0,0.000124265811274678,0,0.0048639058697364,0,0
0,0,0,0,0.0112082720722905,0,0,0,0.112991256645888,0,8.06012019812779e-05,0,0,0,0,0,7.14257333795599e-05,1.55966099196401e-05,1.45930401901017e-05,0,0.000987410993936468,0,0,0,0,0,0,0,0,0,0,0,0,0,0,0,1.6291335226535e-06,0,0,0,0.00107186066971362,0,0.00223739672146128,0,0,0,0.00043007166256325,7.67839613756605e-05,0.00543836029655513,0.000607265773964449,0.0371996671577614,0,0,0,0.0191244123241758,0,0.00091346143096924,0,4.55648143670925e-05,0,0.000963170928946195,0,0,0.00357946887089026,0,0,0,0,0,0,0,0,0,4.38240932130601e-05,0,0,0,0,0,8.30303108874125e-05,0,2.97733912899697e-06,0.000572989738707039,4.78732861273784e-06,0.0101343313284762,0,0.00244454868316519
0,0.0206714340942096,0,0,0,0.0265976421280062,0,0,0,0.0472617562465405,0,0,0,0,0,0,0,0,0.000111308603807262,0,0,0,0,0,0,0,0,0,0,0,0,0,0,0,0,3.47541042276193e-05,0,0,0,0.00122968419969312,0,0.00389669211524756,5.91408934498522e-05,7.20925971932655e-05,0,0.000420652357644269,0,0,0,0.0116109986625498,0,0.0265485042281485,0,0,0,0.00315542779099586,0,0.00241374353587446,0,0.00200280821118382,0,0.0123895757803726,0.000193465059447568,0,0,0,0,0,0,0,0,0,6.44938207736276e-05,0,0,0,0,0,0.000205788056603459,0,6.40174429846303e-05,0,0.000105533551068204,1.04901768571445e-05,0.0171513381979198,0.0138529989609194,0
0,0,0.0112082720722905,0,0,0,0.0070622572768758,0,0.0106020950272265,0,0,0,0,0,0.00807642117048957,0,0,0,0,0,0.00906105001474488,0,0,0,0,0,0,0,0,0,0,0,0,0,0,0,0.000273538301300235,0,0,0,0.000110942351302027,0,0.000695874100500161,0,0,0,0.000408014922716393,0.000458070763553961,0.00221270777633072,3.2932659245183e-05,0.0488445853778499,0,0,0,0,0,0.000400341136946668,0,0,0,0.00197931102609239,0,0,0.0011525743409012,0,0,0,0,0,0,0,0,0,0,0,0,0,0,0,0.00012757855308606,0,0,0.00578250811086973,0.00270802955843117,0.00750044051621417,0,0.00028826759444316
0,0,0,0.0265976421280062,0,0,0,0,0,0,0,0.000541159231319831,0,0,0,0,0,2.35359648364337e-05,1.25748948060421e-05,0.000822226293200873,0,0,0,0,0,0,0,0,0,0,0,0,0,0,0,0.000180720972912162,0,0,0,0.000745879845222272,0,0.00149295318639726,0,0,0,9.87121794075304e-05,0,0,0,0.00313592903341773,0,0.0985178006883592,0,0,0,0.00445273805292069,0,0.00248292380228521,0,0,0,0,0.000392025901557854,0,0,0,0,0,0,0,0,0,5.02132153310953e-05,0,0,0,0,0,4.11255371635177e-05,0,0,0,0.00053028114183119,1.81731896072992e-05,0.0127506825267566,0.00192621776443817,0
0,0,0,0,0.0070622572768758,0,0,0,0,0,0.0110730717987132,0,0.00174242682260824,0,0,0,0,0,0,0,0,0,0,0,0,0,0,0,0,0,0,0,0,0,0,0,0,0,0,0,0,0,0,0,0,0,0,0,0,0,0.00465941491534401,0,0.054579837475302,0,0,0,0.00158651141431354,0,0,0,0,0,0,0,0,0,0,0,0,0,0,0,0,0,0,0,0,0,0,0,0,0,0.00244087819046636,2.46932034670116e-05,0,0,0
0,0,0,0,0,0,0,0,0,0,0,0,0,0.00490845730315175,0,0,0,0,0,0,0,0,0,0,0,0,0,0,0,0,0,0,0,0,0,0,0,0,0,0,0,0,0,0,0,0,0,0,0,0,0,0,0,0.0469008454021447,0,0,0,6.19099228060804e-05,0,0.00166841585749235,0,0,0,0,0,0,0,0,0,0,0,0,0,0,0,0,0,0,0,0,0,0,0.000412272035302569,2.73917817139591e-05,0,0,0
0.0372231122175663,0,0.112991256645888,0,0.0106020950272265,0,0,0,0,0,0,0,0,0,0.05051713205587,0,0.00179680442078423,0.000782752248475768,0.000147151734071538,0,0,0,0.000256367183198944,0,0.00420316418371586,0,0.00394913472834008,0,0,0,0,0,0,0,0,0,0,0,0.00182850253073402,0,0,0,8.5374438058368e-05,0,0,0,0,0.000193542113046646,0.000249692864378891,0,0,0,0,0,0.0639861806265802,0,0,0,0,0,0,0,0,3.75664009615926e-05,0,0,0,0.000687334901241874,0,0.000204589447970946,0,0,0,0,0,0,0,0,0,2.29653162806529e-06,0,0.00057235158609036,0.00154128567623239,0.00022254092982479,0.00190576776655951,0,0
0,0.0219830452965234,0,0.0472617562465405,0,0,0,0,0,0,0,0,0,0,0,0.027302003545533,0.000249449007244957,0.000606794407863017,0,0,0,0,0,0.00145712083285126,0,0,0,0,0,0,0,0,0,0,0,0,0,0.00314890090667215,0,0,0,3.97558141441465e-05,0,0,0,0,0,0,0,0,0,0,0,0,0,0.0259984999077691,0,0,0,0,0,0.0167736722750193,0,0,0,0,0.000751494807530356,0,0,2.22615714332583e-05,0,0,0,0,0,0,0,0,0,0,0.000476596634213057,0,0.000382600191980737,3.59427314992821e-06,0.00112416560274164,0,0
0,0,8.06012019812779e-05,0,0,0,0.0110730717987132,0,0,0,0,0,0.00657518524017412,0,0,0,0,0,0,0,0.0104776887108035,0,0,0,0,0,0,0,0.00134757255307608,0,0.00157416856668763,0,0,0,0,0,0.00400277608398384,0,0.0159197422870837,0,1.77680976521126e-05,0,6.76822746341631e-06,0,0,0,3.31803232289944e-05,0,0,0,0,0,0.0052465037395712,0,0,0,0.083292885396456,0,0.00173005712651251,0,0,0,0,0.0028208205513429,0,0,0,0,0,0,0,0.00137806622226178,0,0.000946796520405136,0,0,0,0,0,0.000630662958065799,0,0.00027971033173875,0.00360374590518856,0.00135042228975304,3.30322354685924e-05,0,0
0,0,0,0,0,0.000541159231319831,0,0,0,0,0,0,0,0.0247994181857152,0,0,0,0,0,0.00650658693887227,0,0,0,0,0,0,0,0.00604205590677065,0,0.00145250986848533,0,0,0,0,0,0.00177093122358772,0,0.0077964969827611,0,0,0,0,0,0,0,0,0,0,0,0,0,0.000294434451434706,0,0,0,0,0,0.0963186006757857,0,0.0145387896305007,0,0,0.00453573944349721,0,0,0,0,0,0,0,0.00157031316452626,0,0.00778042071211041,0,0,0,0,0,0.000311719021062292,0,0.00201756410759882,0,0.0015768696635639,0,0.000879765329998634,0,0
0,0,0,0,0,0,0.00174242682260824,0,0,0,0.00657518524017412,0,0,0,0.00120710426872453,0,0,0,0,0,0,0,0,0,0,0,0,0,0.00216581086663252,0,0,0,0,0,0,0,0,0,0,0,0,0,0,0,0,0,0,0,0,0,0,0,0.00145801950388075,0,0,0,0.000819707347505822,0,0.0359611030420791,0,0.00182125687473502,0,0,0,0,0,0,0,0,0,0,0,0,0,0,0,0,0,0,0,0,0,0.00130873154913555,0.00251708956041432,0,0,0
0,0,0,0,0,0,0,0.00490845730315175,0,0,0,0.0247994181857152,0,0,0,0.0115361224110367,0,0,0,0,0,0,0,0,0,0,0,6.43074725501722e-05,0,0,0,0,0,0,0,0,0,0,0,0,0,0,0,0,0,0,0,0,0,0,0,0,0,0,0,0,0,0.0068342868176577,0,0.0306033195616211,0,0.000188213764374043,0,0,0,0,0,0,0,0,0.00141255836704814,0,0,0,0,0,0,0,0,0,0,0,0.000494957208406405,0.000655215772371835,0,0,0
0,0,0,0,0.00807642117048957,0,0,0,0.05051713205587,0,0,0,0.00120710426872453,0,0,0,0.00444606474151916,0.000250772377103914,0.000183795332664416,0,0,0,1.44523302166245e-05,0,0,0,0.0024693754368159,0,0.000388535450063195,0,0,0,0,0,0,0,0,0,0,0,0,0,0,0,0,0,0,0,0,0,0.00162989860342507,0,0,0,0.0145493191745843,0,0,0,0.00128471661075685,0,0.0128595237710977,0,0,0,0,0,0,0,0,0.00021145558068813,0,0,0,0,0,0,0,0,0,0,0,0,0.000594860416231256,0.000750093995805636,0,0,0
0,0.000111707596375081,0,0,0,0,0,0,0,0.027302003545533,0,0,0,0.0115361224110367,0,0,5.45406751993249e-05,0.000437162137502812,1.26899713858461e-05,0,0,0,0,0,0,0.000212656462998171,0.000151177005352381,0.000124173471704125,0,0,0,0,0,0,0,0,0,0,0,0,0,0,0,0,0,0,0,0,0,0,0,0,0,0,0,0.00190841055114484,0,0,0,0.000970052905510993,0,0.013798525043515,0,0,0,0,0,0,0.000124779044931366,4.83981465283674e-05,0,0,0,0,0,0,0,0,0,0,0,0,2.57098184915124e-05,0,0,0,0
0,0,7.14257333795599e-05,0,0,0,0,0,0.00179680442078423,0.000249449007244957,0,0,0,0,0.00444606474151916,5.45406751993249e-05,0,0.110838700531474,0.0602015231189399,0,0,0,0.00778132497993696,0,0.00100906200873773,0.000988198993374945,0.0376162549630307,0,0.000486973923986462,0,0,0,0,0,0,0,0,0,0,0.00036814699721186,0.000382519017730501,0.000667776273920801,0.000653068171159794,0.00037492352058393,0.000411905485880306,0.000358656281399503,0.000765845531064634,0,0,0,0,0,0,0,0,0,3.19107676220466e-06,0,0,0,0.00166448808914408,0,0.000252242900251585,0.000274147753984874,0,0.000123435981670505,0,7.92791629527707e-05,0.000169384419938337,0.00821115909938374,0,0,0,0,0,0,0,0,0.000251576725640754,0.000258225133702305,1.26943161657213e-05,7.69839852687512e-06,0.0184911373266838,0.000934735916576604,0.00135368854147243,0.000234779103898131,0.000206327224769375
0,0,1.55966099196401e-05,0,0,2.35359648364337e-05,0,0,0.000782752248475768,0.000606794407863017,0,0,0,0,0.000250772377103914,0.000437162137502812,0.110838700531474,0,0.0580364772486008,0,0,0.000374429356693156,0.000697863739553426,0,0.000168454231829418,0.013946984283125,0.00399566168605399,9.92377390316702e-05,0,0,0,0,0,0,0,0,0,0,0,0.000390064910824533,0.000180008858915627,0.00120268173951097,0.00040639646140736,0.000522500539580571,0.000158832382824377,0.000700140908189262,0.000246392066412285,0,0,0,0,0,0,0,0,0,0,0,0,0,0.000134965370089946,0,0.000204187652419405,0.000150554528204599,0,2.2335503992707e-05,0,0,0.00275709793398002,0.00132559958674101,0,0,0,0,0,0,0,0,0.000289261131160069,0.000108546973666775,1.24453044328584e-05,0,0.0184175130113421,0.0011323752379237,0.00142302009875828,0.000788309455585705,0.000107225649529782
0.00119805940849508,1.74961388438777e-05,1.45930401901017e-05,0.000111308603807262,0,1.25748948060421e-05,0,0,0.000147151734071538,0,0,0,0,0,0.000183795332664416,1.26899713858461e-05,0.0602015231189399,0.0580364772486008,0,0,7.04473866862211e-05,5.92198678393973e-06,0.000160504867920688,0,0.000203241389761966,0.00068194285606603,0.00129886409746291,0,0,0,0,0,0,0,0,1.16444755461359e-06,1.10360508712344e-06,0,0,0.0120820746562173,0.01199149873965,0.0200451465908914,0.0192758001558068,0.0111450394843374,0.00915178834293101,0.019880914168283,0.0270618011535086,0,0.000224160683493672,0.000188876037210003,0,0,0,0,0,0,0.000216315353045969,0.000180983624471424,0,0,0,9.69942485301014e-05,0.0083712832981378,0.0077509094133717,0,0,0,0,6.59572029132905e-05,0.000478790176080999,0,0,8.74794232334541e-06,0,0,0,0,0,0.00691438206458434,0.00632177437647991,0.000666023581957686,6.55160636355047e-05,0.00995144404958532,8.33013107966067e-06,0.046572535916412,0.0180439474437103,0.00573670778729608
0,0,0,0,0,0.000822226293200873,0,0,0,0,0,0.00650658693887227,0,0,0,0,0,0,0,0,0,0,0,0,0,0,0,0,0,0,0,0,0,0,0,0.0124713444020699,0,0.00390751369341572,0,0,0,3.02333649946579e-05,0,0,0,0,0,0,0,3.12505386803417e-05,0,0.000485337696256867,0,0,0,0,0,0.000832585019756284,0,0,0,0,0.0219143538939829,0,0,0,0,0,0,0,0,0,0,0,0,0,0,0,0.00315306398682936,0,8.23858939494006e-05,0,0.0016732453717901,0,0.00104187808173664,0,0
0,0,0.000987410993936468,0,0.00906105001474488,0,0,0,0,0,0.0104776887108035,0,0,0,0,0,0,0,7.04473866862211e-05,0,0,0,0,0,0,0,0,0,0,0,0,0,0,0,0,0,0.0108772447850804,0,0.0018343210472581,0,0.0002097884698443,0,7.72254887682072e-05,0,5.34040839496823e-05,0,0.00130467268033454,0,0.000205526601646125,1.99262704112318e-05,0.00480124468442508,0,0,0,0,0,0.00216213884834056,0,0,0,0,0,0,0.0550067266786547,0,0,0,0,0,0,0,0,0,0,0,0,0,0,7.64525503889145e-06,0.00400701847542243,0,0.000616393733352374,0.00352333821225383,3.70527853473472e-06,0.00561506822992651,0,0
0,0,0,0,0,0,0,0,0,0,0,0,0,0,0,0,0,0.000374429356693156,5.92198678393973e-06,0,0,0,0.00486031719206275,0.00327315296957548,0,0.000131471610362639,0,0.000355136625818284,0,0,0,0,0,0,0,0,0,0.00651851177038742,8.17152932123515e-05,0,0,0,0,0,0,0,0,0,0,8.10728522578839e-06,0,0,0,0,0,0,0,0,0,0,0,0,0,0,0.0447820905500709,0.000112688438829585,0.00144169742137228,0,9.88422015146419e-05,0,0.000356741669139709,0,0,0,0,0,0,0,0,0,0.00448214197810346,0,0.00380376315379768,0.000678311529149978,0,0,0
0,0,0,0,0,0,0,0,0.000256367183198944,0,0,0,0,0,1.44523302166245e-05,0,0.00778132497993696,0.000697863739553426,0.000160504867920688,0,0,0.00486031719206275,0,0,0.00634804948491349,0,0.0104669549258739,0,0.00045063761350552,0,0,0,0,0,0,0,0,0,0.00721581998788757,0,0,0,0,0,0,9.84825383238265e-06,0,0,3.54955248551069e-05,0,0,0,0,0,0,0,0,0,0,0,0,0,0,0,0,0.0533319215126934,0,0.00272791976292544,7.69287320787071e-06,0.00121680086733938,0,0.000107126940505735,0,0,0,0,0,0,0,0,0,0.00817216071507931,0.00350551442013386,0.000763838622333098,6.41960322461915e-06,0,0
0,0,0,0,0,0,0,0,0,0.00145712083285126,0,0,0,0,0,0,0,0,0,0,0,0.00327315296957548,0,0,0,0.00593601023670038,0,0,0,0,0,0,0,0,0,0,0,0.0140654085454095,0,0,0,0,0,0,0,0,0,0,0,0.00835562315617918,0,0,0,0,0,0.00287101248787088,0,0,0,0,0,0,0,0,0.00139118864258971,0,0.22106024097133,0,0.000576285819988698,0,0,0,0,0,0,0,0,0,0,0,0.00819159315774701,0,0.00234880355958327,0,0.00128994294672847,0,0
0,0,0,0,0,0,0,0,0.00420316418371586,0,0,0,0,0,0,0,0.00100906200873773,0.000168454231829418,0.000203241389761966,0,0,0,0.00634804948491349,0,0,0,0.0602759281792632,0,0,0,0,0,0,0,0,0,0,0,0.00785838331394732,0,0,0,0,0,0,0,0,5.36994899271546e-05,0.00651449254813293,0,0,0,0,0,0.00963850316443926,0,0,0,0,0,0,0,0,0,0,0.00355898634788384,0,0.210788966177342,0,0.0048433503508242,0,0,0,0,0,0,0,0,0,0,0,0.000333367620437026,0.00149666286889997,2.61387790002156e-05,0.000605100755353284,0,0
0,0,0,0,0,0,0,0,0,0,0,0,0,0,0,0.000212656462998171,0.000988198993374945,0.013946984283125,0.00068194285606603,0,0,0.000131471610362639,0,0.00593601023670038,0,0,6.49693516480256e-05,0,0,0,0,0,0,0,0,0,0,0,0,0,0,0,0,4.82614554557829e-05,0,0,0,0,0,0,0,0,0,0,0,0,0,0,0,0,0,0,0,0,0.000689483600755044,0,0.0239566945822959,0,0.014346053475382,0,0,0,0,0,0,0,0,0,0,0,0,0,0.000472477407118244,3.33155928360898e-05,0,0,0
0,0,0,0,0,0,0,0,0.00394913472834008,0,0,0,0,0,0.0024693754368159,0.000151177005352381,0.0376162549630307,0.00399566168605399,0.00129886409746291,0,0,0,0.0104669549258739,0,0.0602759281792632,6.49693516480256e-05,0,0,0.000104938447916131,0,0,0,0,0,0,0,0,0,0,0,0.000184358613176425,0,0,0,0,0.000212522642736238,0,0,0,0,0,0,0,0,0.0212129426558769,0,0,0,0,0,0.000388984395667889,0,0,0,0,0.000388258763346556,0,0.0472297470633247,0,0.0426881314883209,0,0.000205107178771868,0,0,0,0,0,0,0,0,0,0,0.00160477788232916,0.00016099179958851,3.77235951165237e-05,0,0
0,0,0,0,0,0,0,0,0,0,0,0.00604205590677065,0,6.43074725501722e-05,0,0.000124173471704125,0,9.92377390316702e-05,0,0,0,0.000355136625818284,0,0,0,0,0,0,0,0.032559639575316,0,0,0,0,0,0,0,0.000301109034013392,0,0,0,0,0,0,0,0,0,0,0,0,0,0,0,0,0,0,0,0,0,0,0,0,0,0,0,0,0,0,0,0,0.015256071090426,0,0.00301675116904055,0,0,0,0,0,0,0,0,0,5.42984495342639e-06,0,0,0,0
0,0,0,0,0,0,0,0,0,0,0.00134757255307608,0,0.00216581086663252,0,0.000388535450063195,0,0.000486973923986462,0,0,0,0,0,0.00045063761350552,0,0,0,0.000104938447916131,0,0,0,0.00522778808027463,0,0,0,0,0,0,0,0.00278170664138122,0,0,0,0,0,0,0,0,0,0,0,0,0,0,0,0,0,0,0,0.0172312354912909,0,0,0,0,0,0,0,0,0,0,0,0,0.0284184142009706,0,0.00751554216718407,0,0,0,0,0,0,0,7.28627097937213e-05,0.00114649286638742,0.000677125009561011,0,0,0
0,0,0,0,0,0,0,0,0,0,0,0.00145250986848533,0,0,0,0,0,0,0,0,0,0,0,0,0,0,0,0.032559639575316,0,0,0,0,0,0,0,0,0,0.00212620985568692,0,0,0,0,0,0,0,0,0,0,0,0,0,0,0,0,0,0,0,0,0,0,0,0,0,0,0,0,0,0,0,0,0.00551536870516939,0,0.0309339994700757,0,0,0,0,0,0,0,0.000128592991394807,0,3.92583869199838e-05,0,0,0,0
0,0,0,0,0,0,0,0,0,0,0.00157416856668763,0,0,0,0,0,0,0,0,0,0,0,0,0,0,0,0,0,0.00522778808027463,0,0,0,0,0,0,0,0,0,0.00192540074375253,0,0,0,0,0,0,0,0,0,0,0,0,0,0,0,0,0,0.000886988082298595,0,0,0,0,0,0,0,0,0,0,0,0,0,0,0.00211479092078444,0,0.0512624802249598,0,0,0,0,0,0,0,0.00144756679717305,0.000123698585695757,0.000476698863205064,0,0,0
0,0,0,0,0,0,0,0,0,0,0,0,0,0,0,0,0,0,0,0,0,0,0,0,0,0,0,0,0,0,0,0,0.0335106803603422,0.000165317336364504,0,0.0044369474460465,0,0,0,0,0,0,0,0,0,0,0,0.0448882910458671,0,0.000158645275961181,0,0,0,0,0,0,0,0,0,0,0,0,0,0,0,0,0,0,0,0,0,0,0,0,0.109936009056228,0.0176623673377607,0,0,0.00104576349858506,0,0,0,0.000185936907431525,0,0,0,0
0,0,0,0,0,0,0,0,0,0,0,0,0,0,0,0,0,0,0,0,0,0,0,0,0,0,0,0,0,0,0,0.0335106803603422,0,0,0.00151120390781329,0,0.00109586255331636,0,0,0,0,0,0,0,0,0,0,0.14683665662582,0.000268641567390381,0.000800080912167405,0,0,0,0,0,0,0,0,0,0,0,0,0,0,0,0,0,0,0,0,0,0,0,0,0.00726970365638998,0.0512938613580072,0,0,1.91012789571325e-05,0.00116851066372743,0,0,0.000626396549152678,0,0,0,0
0,0,0,0,0,0,0,0,0,0,0,0,0,0,0,0,0,0,0,0,0,0,0,0,0,0,0,0,0,0,0,0.000165317336364504,0,0,0.0363611968637978,0.00529642031378195,0,0.00162152781842591,0.000213146137151318,0,0,0,0,0,0,0,0,0.0980290489165247,0.000165974912335205,8.39544586711433e-05,0,0,0,0,0,0,0,0,0,0,0,0,0,0,0,0,0,0,0,0,0,0,0,0,0.000369634977181798,0.000804629442857698,0.115834477666699,0.01126905872834,0.0014959166491337,0,0.00309734625517141,0,0.00187997368095743,0.000277030131631124,0,0,0
0,0,0,0,0,0,0,0,0,0,0,0,0,0,0,0,0,0,0,0,0,0,0,0,0,0,0,0,0,0,0,0,0.00151120390781329,0.0363611968637978,0,0,0.00333325152008966,0.000104241574010353,0.00224587757748619,0,0,0,0.000253802239003689,0,0,0,0,0.0524776519159586,0,0,0,0,0,0,0,0,0,0,0,0,0,0,0,0,0,0,0,0,0,0,0,0,0,0,0,0.00101084099237287,0.00145263783220204,0.173527631432601,0,0.000654820342403201,0,0.000482780063706479,0.00108357421581511,1.4554780763893e-05,5.97508446038494e-05,0,0
0,0,0,3.47541042276193e-05,0,0.000180720972912162,0,0,0,0,0,0.00177093122358772,0,0,0,0,0,0,1.16444755461359e-06,0.0124713444020699,0,0,0,0,0,0,0,0,0,0,0,0.0044369474460465,0,0.00529642031378195,0,0,0.000197929545414307,0.00947037832094945,0,2.31216291283176e-06,0,2.19170369692692e-06,0,0,0,1.33686510137415e-05,0,0,0,0,0,8.83075901510552e-06,0,0,0,0,0,0.00119512215152838,0,0,0,0,0.00633854164525252,0,0,0,0,0,0,0,0,0,0,0,0.000634978814241366,0,0.00230714799386484,0,0.0717289663394848,8.99308906809893e-06,0.000285952108590763,0,0.0121060705685581,0.000375457473226576,0.00247905524391257,0,0
0,0,1.6291335226535e-06,0,0.000273538301300235,0,0,0,0,0,0.00400277608398384,0,0,0,0,0,0,0,1.10360508712344e-06,0,0.0108772447850804,0,0,0,0,0,0,0,0,0,0,0,0.00109586255331636,0,0.00333325152008966,0.000197929545414307,0,0,0.0117095139887501,0,1.4063535298904e-05,0,5.59599296534682e-06,0,0,0,0.000164014137331103,5.54266408159037e-05,3.21784330358887e-06,0,2.90808566079884e-05,0,0,0,0,0,0.000599394029192518,0,0,0,0,0,0,0.00409348646267084,0,0,0,0,0,0,0,0,0,0,0,3.48830521998682e-05,0,0.00340607084302956,3.2608202482241e-05,0.0900263594254934,0,0.00148565457187662,0.0162769057897263,0.00086001542471111,0.000972364752986924,0,1.6555096733821e-06
0,0,0,0,0,0,0,0,0,0.00314890090667215,0,0.0077964969827611,0,0,0,0,0,0,0,0.00390751369341572,0,0.00651851177038742,0,0.0140654085454095,0,0,0,0.000301109034013392,0,0.00212620985568692,0,0,0,0.00162152781842591,0.000104241574010353,0.00947037832094945,0,0,0.00264044127027673,0,0,0.00040472106843287,0,0,0,0,0,0.0050274817888748,0,0.00330031238712886,0,0,0,0,0,0.00083990352113141,0,0.0049897115235002,0,0,0,0,8.94265664514002e-05,0,0.00128909885747173,0,0.00474235408826542,0,0,0,0,0,0,0,0,0,0.00217115518082884,0,0.00641110051409657,0,0.0799550006674365,0,0.0095806722370132,0.00134972483732063,0.00113329203702078,0,0
0,0,0,0,0,0,0,0,0.00182850253073402,0,0.0159197422870837,0,0,0,0,0,0,0,0,0,0.0018343210472581,8.17152932123515e-05,0.00721581998788757,0,0.00785838331394732,0,0,0,0.00278170664138122,0,0.00192540074375253,0,0,0.000213146137151318,0.00224587757748619,0,0.0117095139887501,0.00264044127027673,0,0,0,0,0.000321212769237464,2.57150493867557e-06,0,0,6.10104072401063e-05,0.00189696477176736,0.00532866055309175,0,0,0,0,0,7.39584003376292e-06,0,0.00122831780109265,0,0,0,0,0,0,0.000792841478990441,0,0.00160784247015689,0,0.00122123193125958,0,0,0,9.62935912213298e-05,0,0.00132770436033316,0,0,0,0.0010234872740829,0,0.00313489593328626,1.26583940727065e-05,0.0835309953112263,0.012098701040658,0.00194762714159412,0.00124199458920334,0,0
0,0,0,0.00122968419969312,0,0.000745879845222272,0,0,0,0,0,0,0,0,0,0,0.00036814699721186,0.000390064910824533,0.0120820746562173,0,0,0,0,0,0,0,0,0,0,0,0,0,0,0,0,2.31216291283176e-06,0,0,0,0,0.000456297354444719,0.0525269232464523,0.000256024733343503,0.0114625384173995,2.07546879073678e-05,0.00753744526142537,0.000332225659209657,4.74405824206769e-05,0,0.0045861643959188,0,2.52411151571597e-05,0,0,0,0.000340687777975813,0,0.000176186980494184,0,0,0,0,0.00306068709693148,0.000139112259283,0,0,0,0,0,0,0,0,0,0,0,0,0,0,0.00100277867297527,3.92419846208482e-05,0.000102000582634122,0,0.000312330003579999,1.22667211675805e-06,0.0447047429919095,0.0759961382054828,0.000170201822270146
1.74702001501936e-05,0,0.00107186066971362,0,0.000110942351302027,0,0,0,0,0,1.77680976521126e-05,0,0,0,0,0,0.000382519017730501,0.000180008858915627,0.01199149873965,0,0.0002097884698443,0,0,0,0,0,0.000184358613176425,0,0,0,0,0,0,0,0,0,1.4063535298904e-05,0,0,0.000456297354444719,0,0.000493079882569645,0.0761073946189041,8.27823678276698e-05,0.00821507966456754,8.32108495167085e-05,0.0335674427301616,3.1700718476288e-05,0.00499022003345527,8.03004388037173e-05,8.66248963421242e-05,0,0,0,0,0,0.000162840503939908,0,0,0,0,0,0.000140989398713962,0.00385931289088847,0,0,0,0,0,0,0,0,0,0,0,0,0,0,3.33318620859977e-05,0.00244032291064571,1.35730587293664e-05,0.000908959660331568,0.000492161947638558,1.44244633907113e-05,0.0424896733865367,0.000273519291424863,0.0282309509552212
0,0.00600195342366974,0,0.00389669211524756,0,0.00149295318639726,0,0,0,3.97558141441465e-05,0,0,0,0,0,0,0.000667776273920801,0.00120268173951097,0.0200451465908914,3.02333649946579e-05,0,0,0,0,0,0,0,0,0,0,0,0,0,0,0,2.19170369692692e-06,0,0.00040472106843287,0,0.0525269232464523,0.000493079882569645,0,0.0105628834230947,0.00672694907349781,0.000394782711395487,0.0111738407254221,0.00106142247278477,0.000558866627439256,0,0.0138133357629223,0,0,0,0,0,0.000238204704947404,0,0.0180490107481405,0,0,0,0.000629006915618259,0.0104091722826737,0.000263089516947651,0,0,0,0,0,0,0,0,0.00106583278128078,0,0,0,0,0,0.0117552694042428,4.95327103525128e-05,0.000725321154910982,0,0.00474554972611476,6.99681781114755e-05,0.130783378686588,0.208272843147292,3.54946221616404e-05
0.00668058375320564,0,0.00223739672146128,5.91408934498522e-05,0.000695874100500161,0,0,0,8.5374438058368e-05,0,6.76822746341631e-06,0,0,0,0,0,0.000653068171159794,0.00040639646140736,0.0192758001558068,0,7.72254887682072e-05,0,0,0,0,0,0,0,0,0,0,0,0,0,0.000253802239003689,0,5.59599296534682e-06,0,0.000321212769237464,0.000256024733343503,0.0761073946189041,0.0105628834230947,0,0.000462175560722741,0.00557193363891981,0.000376591878385287,0.0217496361179315,0.00270129644781691,0.0174077138379765,0.00101670008023159,0.000221682991092218,0,0,0,0,0,0.00476965063586462,7.60117580578712e-06,0,0,0,0,0.000159860919855149,0.0126092916361565,0,0,0,0,0,0,0,0,0,0,0,0,0,0,7.4860983396354e-05,0.0133829338858015,1.90461554638301e-05,0.000147598727782467,0.00644469888034561,3.58272719930863e-05,0.136303247924335,0.000250876766066067,0.120886309823193
0,0,0,7.20925971932655e-05,0,0,0,0,0,0,0,0,0,0,0,0,0.00037492352058393,0.000522500539580571,0.0111450394843374,0,0,0,0,0,0,4.82614554557829e-05,0,0,0,0,0,0,0,0,0,0,0,0,2.57150493867557e-06,0.0114625384173995,8.27823678276698e-05,0.00672694907349781,0.000462175560722741,0,0,0.00613328188269069,0.000748607705975226,0,0,7.79648993258194e-05,0,0,0,0,0,0,0,1.39579965784242e-05,0,0,0,0,0.00128869320228897,1.69561460237493e-05,0,0,0,0,0,0,0,0,0,0,0,0,0,0,0.00162595718668261,6.17986967847437e-05,8.60746076915187e-05,7.57614680282773e-06,0.000124819262217279,0,0.00658355140548715,0.00877258358121277,0.000543750427386412
0,0,0,0,0,0,0,0,0,0,0,0,0,0,0,0,0.000411905485880306,0.000158832382824377,0.00915178834293101,0,5.34040839496823e-05,0,0,0,0,0,0,0,0,0,0,0,0,0,0,0,0,0,0,2.07546879073678e-05,0.00821507966456754,0.000394782711395487,0.00557193363891981,0,0,0.000587577294038646,0.00756694835159252,0,0.000362739337706639,0,0,0,0,0,0,0,9.07643485183375e-05,2.20426329007942e-05,0,0,0,0,0,0.0017518799057506,0,0,0,0,0,0,0,0,0,0,0,0,0,0,7.27787145686611e-05,0.00146811195808864,0,2.75641180382995e-05,9.54079193432793e-05,1.29991779193708e-06,0.00671708122802462,0.000818272218688002,0.00505561702914044
0,0,0,0.000420652357644269,0,9.87121794075304e-05,0,0,0,0,0,0,0,0,0,0,0.000358656281399503,0.000700140908189262,0.019880914168283,0,0,0,9.84825383238265e-06,0,0,0,0.000212522642736238,0,0,0,0,0,0,0,0,1.33686510137415e-05,0,0,0,0.00753744526142537,8.32108495167085e-05,0.0111738407254221,0.000376591878385287,0.00613328188269069,0.000587577294038646,0,0.000674364981369659,0,0,0.00290217620671217,0,0,0,0,0,4.26120555890343e-05,0,0.000154984478151356,0,0,0,2.93045923079017e-05,0.0172309988995931,0.000172465463762967,0,0,0,0,0,0,0,0,4.34478155607104e-05,0,0,0,0,0,0.00987492350974012,0.000115919931781998,0.000795529183934834,0,0.000522194239419841,1.42660995404119e-05,0.0245895132593302,0.00162972958834446,0.000290346896025404
6.99465043215077e-05,0,0.00043007166256325,0,0.000408014922716393,0,0,0,0,0,3.31803232289944e-05,0,0,0,0,0,0.000765845531064634,0.000246392066412285,0.0270618011535086,0,0.00130467268033454,0,0,0,0,0,0,0,0,0,0,0,0,0,0,0,0.000164014137331103,0,6.10104072401063e-05,0.000332225659209657,0.0335674427301616,0.00106142247278477,0.0217496361179315,0.000748607705975226,0.00756694835159252,0.000674364981369659,0,0.000410199046220909,0.00256515959917146,0.000724783027925495,0.000397860652103024,0,0,0,0,0,0.000413095847198626,0,0,0,0,0,0.000334071943468965,0.0456744690103853,0,0,0,0,0,0,0,0,0,0,0,0,0,0,0.000159116619716959,0.0180310814412785,2.79949763962319e-06,0.000980474461456282,0.000718537499791489,3.42046631900309e-05,0.0280525098503433,0.000310666355265286,0.00146854569344552
0,0,7.67839613756605e-05,0,0.000458070763553961,0,0,0,0.000193542113046646,0,0,0,0,0,0,0,0,0,0,0,0,0,0,0,5.36994899271546e-05,0,0,0,0,0,0,0.0448882910458671,0.14683665662582,0.0980290489165247,0.0524776519159586,0,5.54266408159037e-05,0.0050274817888748,0.00189696477176736,4.74405824206769e-05,3.1700718476288e-05,0.000558866627439256,0.00270129644781691,0,0,0,0.000410199046220909,0,0.11757416110769,0.0660601396346719,0,0,0,0,0,0,0,0,0,0,0,0,0,0.000224261455336052,0,0,0,0,0,0,0,0,0,0,0.145337438467482,0.163194253524645,0.0578145394364946,0.0180055548169305,0.000586716733377404,0.00122569712218261,0.00979857228053089,0.00346318123413485,0.00715054244699651,2.33422617782229e-06,0.00752835095836075,0,7.73322605288253e-05
0.00210381565982082,0,0.00543836029655513,0,0.00221270777633072,0,0,0,0.000249692864378891,0,0,0,0,0,0,0,0,0,0.000224160683493672,0,0.000205526601646125,0,3.54955248551069e-05,0,0.00651449254813293,0,0,0,0,0,0,0,0.000268641567390381,0.000165974912335205,0,0,3.21784330358887e-06,0,0.00532866055309175,0,0.00499022003345527,0,0.0174077138379765,0,0.000362739337706639,0,0.00256515959917146,0.11757416110769,0,0.00907832758216596,0.000682082434464922,0,0,0,0.0044968105679058,0,0.00100385463835531,0,0.00027201499131009,0,0.00286034912190725,0,0,0.00183442828762817,0,8.10527223920238e-05,0,0.0236816954712657,0,0,0,0,0,0,3.69378529894646e-05,0,3.32206495243671e-05,8.329841967138e-05,0,0.000607752622723616,0,0.0141312520741877,0.00640044207863538,7.32755170271997e-06,0.0299140872990245,0,0.00042814292875438
0,0.0190435973024718,0.000607265773964449,0.0116109986625498,3.2932659245183e-05,0.00313592903341773,0,0,0,0,0,0,0,0,0,0,0,0,0.000188876037210003,3.12505386803417e-05,1.99262704112318e-05,8.10728522578839e-06,0,0.00835562315617918,0,0,0,0,0,0,0,0.000158645275961181,0.000800080912167405,8.39544586711433e-05,0,0,0,0.00330031238712886,0,0.0045861643959188,8.03004388037173e-05,0.0138133357629223,0.00101670008023159,7.79648993258194e-05,0,0.00290217620671217,0.000724783027925495,0.0660601396346719,0.00907832758216596,0,3.58504558928968e-05,7.77538256780592e-05,0,0,0,0.00016291402134006,4.29330469195392e-05,0.00247283093663298,0,0.000223202000059906,0,0.00279439329748314,0.000544650790089456,0.000467118324573338,0.00027814819116801,0,0.00765191088993593,0,0,0,0,0,0.00556157108190478,0,0,4.57123652140082e-05,3.73863189726204e-05,0,0.00174771944022337,0.000264655736249918,0.00754372153632565,2.28120204467131e-05,0.00170464431140202,4.22108860205578e-05,0.0289736518833405,0.00131007359889189,1.60572712634855e-05
0,0,0.0371996671577614,0,0.0488445853778499,0,0.00465941491534401,0,0,0,0,0,0,0,0.00162989860342507,0,0,0,0,0,0.00480124468442508,0,0,0,0,0,0,0,0,0,0,0,0,0,0,0,2.90808566079884e-05,0,0,0,8.66248963421242e-05,0,0.000221682991092218,0,0,0,0.000397860652103024,0,0.000682082434464922,3.58504558928968e-05,0,0,0,0,0.00424966898810915,0,0.0172371211633524,0,0.000689760754747817,0,0.00273968971813668,0,0,0.0008902614738276,0,0,0,0,0,0,0,0,0,0,0,0,0,0,0,3.18614047096848e-05,0,0,0.00205719482835685,9.28570986352284e-05,0.00392845313044766,0,0
0,0,0,0.0265485042281485,0,0.0985178006883592,0,0,0,0,0,0.000294434451434706,0,0,0,0,0,0,0,0.000485337696256867,0,0,0,0,0,0,0,0,0,0,0,0,0,0,0,8.83075901510552e-06,0,0,0,2.52411151571597e-05,0,0,0,0,0,0,0,0,0,7.77538256780592e-05,0,0,0,0,0,0,0,0.0102300223609713,0,5.46529211573304e-05,0,0.000489496926614069,0,0,0,0,0,0,0,0,0,0,0,0,0,0,0,0,4.64403838335996e-06,0,0,0,4.15307046176286e-05,0,0.00181014678744766,0,0
0,0,0,0,0,0,0.054579837475302,0,0,0,0.0052465037395712,0,0.00145801950388075,0,0,0,0,0,0,0,0,0,0,0,0,0,0,0,0,0,0,0,0,0,0,0,0,0,0,0,0,0,0,0,0,0,0,0,0,0,0,0,0,0,0,0,0.0104549365186813,0,0,0,0,0,0,0,0,0,0,0,0,0,0,0,0,0,0,0,0,0,0,0,0,0,0.00215529436054691,5.63057247028165e-05,0,0,0
0,0,0,0,0,0,0,0.0469008454021447,0,0,0,0,0,0,0,0,0,0,0,0,0,0,0,0,0,0,0,0,0,0,0,0,0,0,0,0,0,0,0,0,0,0,0,0,0,0,0,0,0,0,0,0,0,0,0,0,0,0.00462488739813096,0,0,0,0,0,0,0,0,0,0,0,0,0,0,0,0,0,0,0,0,0,0,0,0,0.000916854850366133,0,0,0,0
0.0893432676944489,0,0.0191244123241758,0,0,0,0,0,0.0639861806265802,0,0,0,0,0,0.0145493191745843,0,0,0,0,0,0,0,0,0,0.00963850316443926,0,0.0212129426558769,0,0,0,0,0,0,0,0,0,0,0,7.39584003376292e-06,0,0,0,0,0,0,0,0,0,0.0044968105679058,0,0.00424966898810915,0,0,0,0,0,0,0,0,0,0.0398913060027975,0,0,0,0,0,0,0.0532420140400924,0,0,0,0,0,0,0,0,0,0,0,0,0,4.48544567539436e-06,0.0001413206741574,0,0.00659062273922307,0,0
0,0.0393015557232388,0,0.00315542779099586,0,0.00445273805292069,0,0,0,0.0259984999077691,0,0,0,0,0,0.00190841055114484,0,0,0,0,0,0,0,0.00287101248787088,0,0,0,0,0,0,0,0,0,0,0,0,0,0.00083990352113141,0,0.000340687777975813,0,0.000238204704947404,0,0,0,4.26120555890343e-05,0,0,0,0.00016291402134006,0,0,0,0,0,0,0,4.8028564705602e-05,0,0,0,0.00959176336408714,0,0,0,0,0.0998136437861238,0,0,0,0,0,0,0,0,0,0,0,0,0,0.000771518670098103,0,0,0,0.000591862995624935,0,0
0,0,0.00091346143096924,0,0.000400341136946668,0,0.00158651141431354,0,0,0,0.083292885396456,0,0.000819707347505822,0,0,0,3.19107676220466e-06,0,0.000216315353045969,0,0.00216213884834056,0,0,0,0,0,0,0,0,0,0.000886988082298595,0,0,0,0,0,0.000599394029192518,0,0.00122831780109265,0,0.000162840503939908,0,0.00476965063586462,0,9.07643485183375e-05,0,0.000413095847198626,0,0.00100385463835531,4.29330469195392e-05,0.0172371211633524,0,0.0104549365186813,0,0,0,0,0,0.00140969095524928,0,0.000484973558584107,0,0,0.0116081214949239,0,0,0,0,0,0,0,0,0,0.0235291769423762,0,0,0,0,2.19982324243953e-06,7.79916637820584e-05,0,0,0.00156418777410712,0.000215145244067624,0.0100180668795951,0,0.00079376988274453
0,0,0,0.00241374353587446,0,0.00248292380228521,0,6.19099228060804e-05,0,0,0,0.0963186006757857,0,0.0068342868176577,0,0,0,0,0.000180983624471424,0.000832585019756284,0,0,0,0,0,0,0,0,0,0,0,0,0,0,0,0.00119512215152838,0,0.0049897115235002,0,0.000176186980494184,0,0.0180490107481405,7.60117580578712e-06,1.39579965784242e-05,2.20426329007942e-05,0.000154984478151356,0,0,0,0.00247283093663298,0,0.0102300223609713,0,0.00462488739813096,0,4.8028564705602e-05,0,0,0,0.00369123359952664,0,0.00325573662401336,0.0235051373727574,0,0,0,0,0,0,0,0,0,0.0493598924515408,0,0,0,0,0,0.000329831024320012,2.48574050029475e-06,0.000216147495379299,0,0.00209947810513967,4.67979171275837e-06,0.0129902564488704,0.00459116391073166,0
0,0,4.55648143670925e-05,0,0,0,0,0,0,0,0.00173005712651251,0,0.0359611030420791,0,0.00128471661075685,0,0,0,0,0,0,0,0,0,0,0,0,0,0.0172312354912909,0,0,0,0,0,0,0,0,0,0,0,0,0,0,0,0,0,0,0,0.00027201499131009,0,0.000689760754747817,0,0,0,0,0,0.00140969095524928,0,0,0,0.00573590380319979,0,0,0,0,0,0,0,0,3.7735626906408e-05,0,0.00412079094312094,0,0,0,0,0,0,0,0,0,0,0.000430885024924685,0.000125796860086842,0,0,0
0,7.13903282303363e-05,0,0.00200280821118382,0,0,0,0.00166841585749235,0,0,0,0.0145387896305007,0,0.0306033195616211,0,0.000970052905510993,0,0,0,0,0,0,0,0,0,0,0,0,0,0,0,0,0,0,0,0,0,0,0,0,0,0,0,0,0,0,0,0,0,0.000223202000059906,0,5.46529211573304e-05,0,0,0,0,0,0.00369123359952664,0,0,0,0.0001943614330447,0,0,0,0,0,0,0,0,0,0,0,0,0,0,0,0,0,0,0,0,0.0004023064009157,2.6789984954419e-05,2.8501170605841e-05,0,0
0.000671281006674664,0,0.000963170928946195,0,0.00197931102609239,0,0,0,0,0,0,0,0.00182125687473502,0,0.0128595237710977,0,0.00166448808914408,0.000134965370089946,0,0,0,0,0,0,0,0,0.000388984395667889,0,0,0,0,0,0,0,0,0,0,0,0,0,0,0,0,0,0,0,0,0,0.00286034912190725,0,0.00273968971813668,0,0,0,0.0398913060027975,0,0.000484973558584107,0,0.00573590380319979,0,0,0,0,0,0,0,0,0,0,0,0,0,0,0,0,0,0,0,0,0,0,0,0.00013394755670378,0,0,0,0
0,0.0186408868899114,0,0.0123895757803726,0,0,0,0,0,0.0167736722750193,0,0,0,0.000188213764374043,0,0.013798525043515,0,0,9.69942485301014e-05,0,0,0,0,0,0,0,0,0,0,0,0,0,0,0,0,0,0,0,0,0,0,0.000629006915618259,0,0,0,2.93045923079017e-05,0,0,0,0.00279439329748314,0,0.000489496926614069,0,0,0,0.00959176336408714,0,0.00325573662401336,0,0.0001943614330447,0,0,0,0,0,0,0.000442018503433885,0,0,0,0,0,0,0,0,0,0,0,7.39897200695999e-06,0,0,0,1.13102355589098e-05,0,0.000587837036702295,0,0
0,0,0,0.000193465059447568,0,0.000392025901557854,0,0,0,0,0,0.00453573944349721,0,0,0,0,0.000252242900251585,0.000204187652419405,0.0083712832981378,0.0219143538939829,0,0,0,0,0,0,0,0,0,0,0,0,0,0,0,0.00633854164525252,0,8.94265664514002e-05,0,0.00306068709693148,0.000140989398713962,0.0104091722826737,0.000159860919855149,0.00128869320228897,0,0.0172309988995931,0.000334071943468965,0,0,0.000544650790089456,0,0,0,0,0,0,0,0.0235051373727574,0,0,0,0,0,7.85676200325644e-05,0,0,0,0,0,0,0,0,0.00557480155661449,0,0,0,0,0,0.0111169609022714,8.08006197774603e-06,0.00173903988139386,0,0.00102115528212519,1.82046425752842e-06,0.0351143471611548,0.000934035931268714,0
0,0,0.00357946887089026,0,0.0011525743409012,0,0,0,3.75664009615926e-05,0,0.0028208205513429,0,0,0,0,0,0.000274147753984874,0.000150554528204599,0.0077509094133717,0,0.0550067266786547,0,0,0,0,0,0,0,0,0,0,0,0,0,0,0,0.00409348646267084,0,0.000792841478990441,0.000139112259283,0.00385931289088847,0.000263089516947651,0.0126092916361565,1.69561460237493e-05,0.0017518799057506,0.000172465463762967,0.0456744690103853,0.000224261455336052,0.00183442828762817,0.000467118324573338,0.0008902614738276,0,0,0,0,0,0.0116081214949239,0,0,0,0,0,7.85676200325644e-05,0,0,0,0,0,0,0,0,0,0,0.00112081044569227,0,0,0,0,1.42392224920442e-05,0.0133819139090991,0,0.00178061047567134,0.00107491909714191,1.48016194287481e-05,0.0383129887130383,0.000184420895616303,0.00594866530536024
0,0,0,0,0,0,0,0,0,0,0,0,0,0,0,0,0,0,0,0,0,0.0447820905500709,0,0.00139118864258971,0,0.000689483600755044,0,0,0,0,0,0,0,0,0,0,0,0.00128909885747173,0,0,0,0,0,0,0,0,0,0,0,0.00027814819116801,0,0,0,0,0,0,0,0,0,0,0,0,0,0,0,0,0.00910507331550774,0,0.00392670688427132,0,0.00318649943316655,0,0,0,0,0,0,0,0,0,0.00232939271692372,0,0.00142046524874564,0.000148038838161263,0,0,0
0,0,0,0,0,0,0,0,0,0,0,0,0,0,0,0,0.000123435981670505,2.2335503992707e-05,0,0,0,0.000112688438829585,0.0533319215126934,0,0.00355898634788384,0,0.000388258763346556,0,0,0,0,0,0,0,0,0,0,0,0.00160784247015689,0,0,0,0,0,0,0,0,0,8.10527223920238e-05,0,0,0,0,0,0,0,0,0,0,0,0,0,0,0,0,0,0,0.0118936087490866,0,0,0,0,0,0,0,0,0,0,0,0,0,0.00690628875079337,0.000552972148044623,0,0,0,0
0,0.000674196048849149,0,0,0,0,0,0,0,0.000751494807530356,0,0,0,0,0,0,0,0,0,0,0,0.00144169742137228,0,0.22106024097133,0,0.0239566945822959,0,0,0,0,0,0,0,0,0,0,0,0.00474235408826542,0,0,0,0,0,0,0,0,0,0,0,0.00765191088993593,0,0,0,0,0,0.0998136437861238,0,0,0,0,0,0.000442018503433885,0,0,0.00910507331550774,0,0,0,0.00162259211582962,0,0,0,0,0,0,0,0,0,0,0,0.00488548921421641,0,0.0016112037939341,0,0.0082660078680446,0,0
0,0,0,0,0,0,0,0,0.000687334901241874,0,0,0,0,0,0,0,7.92791629527707e-05,0,0,0,0,0,0.00272791976292544,0,0.210788966177342,0,0.0472297470633247,0,0,0,0,0,0,0,0,0,0,0,0.00122123193125958,0,0,0,0,0,0,0,0,0,0.0236816954712657,0,0,0,0,0,0.0532420140400924,0,0,0,0,0,0,0,0,0,0,0.0118936087490866,0,0,0,0.00134934529380605,0,0,0,0,0,0,0,0,0,0,0,0.00018130494130554,0.000380017962660237,0,0.00172157550644404,0,0
0,0,0,0,0,0,0,0,0,0,0,0,0,0,0,0.000124779044931366,0.000169384419938337,0.00275709793398002,6.59572029132905e-05,0,0,9.88422015146419e-05,7.69287320787071e-06,0.000576285819988698,0,0.014346053475382,0,0,0,0,0,0,0,0,0,0,0,0,0,0,0,0,0,0,0,0,0,0,0,0,0,0,0,0,0,0,0,0,0,0,0,0,0,0,0.00392670688427132,0,0.00162259211582962,0,0,0,6.06391367909964e-05,0,0,0,0,0,0,0,0,0,0,0,8.18810863354142e-05,0,0,0,0
0,0,0,0,0,0,0,0,0.000204589447970946,2.22615714332583e-05,0,0,0,0,0.00021145558068813,4.83981465283674e-05,0.00821115909938374,0.00132559958674101,0.000478790176080999,0,0,0,0.00121680086733938,0,0.0048433503508242,0,0.0426881314883209,0,0,0,0,0,0,0,0,0,0,0,0,0,0,0,0,0,0,0,0,0,0,0,0,0,0,0,0,0,0,0,3.7735626906408e-05,0,0,0,0,0,0,0,0,0.00134934529380605,0,0,0,0.000114436012240593,0,0,0,0,0,0,0,0,0,0,0.000678662296101005,5.38404806353449e-06,3.0663845419051e-05,0,0
0,0,0,0,0,0,0,0,0,0,0,0.00157031316452626,0,0.00141255836704814,0,0,0,0,0,0,0,0.000356741669139709,0,0,0,0,0,0.015256071090426,0,0.00551536870516939,0,0,0,0,0,0,0,0,0,0,0,0,0,0,0,0,0,0,0,0,0,0,0,0,0,0,0,0,0,0,0,0,0,0,0.00318649943316655,0,0,0,6.06391367909964e-05,0,0,0,0,0,0,0,0,0,0,0,0.00119820121540913,0,0,0,0,0,0
0,0,0,0,0,0,0,0,0,0,0.00137806622226178,0,0,0,0,0,0,0,0,0,0,0,0.000107126940505735,0,0,0,0.000205107178771868,0,0.0284184142009706,0,0.00211479092078444,0,0,0,0,0,0,0,9.62935912213298e-05,0,0,0,0,0,0,0,0,0,0,0,0,0,0,0,0,0,0,0,0.00412079094312094,0,0,0,0,0,0,0,0,0,0,0.000114436012240593,0,0,0,0.009902086126525,0,0,0,0,0,0,0,0.00411856710540196,0,0,0,0,0
0,0,0,6.44938207736276e-05,0,5.02132153310953e-05,0,0,0,0,0,0.00778042071211041,0,0,0,0,0,0,8.74794232334541e-06,0,0,0,0,0,0,0,0,0.00301675116904055,0,0.0309339994700757,0,0,0,0,0,0,0,0,0,0,0,0.00106583278128078,0,0,0,4.34478155607104e-05,0,0,0,0.00556157108190478,0,0,0,0,0,0,0,0.0493598924515408,0,0,0,0,0.00557480155661449,0,0,0,0,0,0,0,0,0,0,0,0,0,0,0,4.18367679916863e-06,0,0.0010451743083489,0,0.000121766884550264,0,0.00138808170424807,0,0
0,0,4.38240932130601e-05,0,0,0,0,0,0,0,0.000946796520405136,0,0,0,0,0,0,0,0,0,0,0,0,0,0,0,0,0,0.00751554216718407,0,0.0512624802249598,0,0,0,0,0,0,0,0.00132770436033316,0,0,0,0,0,0,0,0,0,0,0,0,0,0,0,0,0,0.0235291769423762,0,0,0,0,0,0,0.00112081044569227,0,0,0,0,0,0,0,0.009902086126525,0,0,0,0,0,0,0,0,0,0.00290311628337134,0,1.09555628554101e-05,3.87257059432178e-05,0,0
0,0,0,0,0,0,0,0,0,0,0,0,0,0,0,0,0,0,0,0,0,0,0,0,0,0,0,0,0,0,0,0.109936009056228,0.00726970365638998,0.000369634977181798,0,0.000634978814241366,0,0,0,0,0,0,0,0,0,0,0,0.145337438467482,3.69378529894646e-05,0,0,0,0,0,0,0,0,0,0,0,0,0,0,0,0,0,0,0,0,0,0,0,0,0,0,0.0256864874499545,0.059101038841505,0,0.00585252852409302,0,0,0,0.000234586808514113,0,0,0,0
0,0,0,0,0,0,0,0,0,0,0,0,0,0,0,0,0,0,0,0,0,0,0,0,0,0,0,0,0,0,0,0.0176623673377607,0.0512938613580072,0.000804629442857698,0.00101084099237287,0,3.48830521998682e-05,0,0,0,0,0,0,0,0,0,0,0.163194253524645,0,4.57123652140082e-05,0,0,0,0,0,0,0,0,0,0,0,0,0,0,0,0,0,0,0,0,0,0,0,0,0.0256864874499545,0,0,0.000507839077738711,0,3.25264191709172e-05,0,0,0.000166135765110679,0,0,0,0
0,0,0,0,0,0,0,0,0,0,0,0,0,0,0,0,0,0,0,0,0,0,0,0,0,0,0,0,0,0,0,0,0,0.115834477666699,0.00145263783220204,0.00230714799386484,0,0.00217115518082884,0,0,0,0,0,0,0,0,0,0.0578145394364946,3.32206495243671e-05,3.73863189726204e-05,0,0,0,0,0,0,0,0,0,0,0,0,0,0,0,0,0,0,0,0,0,0,0,0,0.059101038841505,0,0,0.000234377527775918,0.00190989688816982,0,0.00358514825491753,0,0.000437348068682476,0.000167810308032264,0,0,0
