0,0.000120464777052963,0.0067103298936553,0,0.000348266109993496,0,0,0,0.0278332405876586,0,0,0,0,0,0,0,0.000209964259425092,4.23050642293834e-06,0.00376253541893654,0,0,0,0,0,0.000103202131217005,0,0,0,0,0,0,0,0,0,0,0,4.44618807140062e-05,1.47850847645083e-05,0.000353024674625774,3.0557502369742e-05,0.00188554628922596,0,0.0174074515432674,0,0,0,0.000477894675230355,0,0.00937985392337286,1.75851321750804e-05,0,0,0,0,0.0797618262234034,0,3.65159565048211e-05,0,2.73110274087755e-05,0,0.00694017880004082,0,0,0.000109761072762231,0,0,0.000129883861210407,0.000647584313883893,0,0,0,0,0,0.000196548370436635,0,0,0,0,0,0.000355253750225739,5.7822249983127e-06,0.000477065714351971,0.000553655959560339,1.15380774026682e-05,0.0105273516297682,0,0
0.000120464777052963,0,0,0.0170134087929242,0,0.00017033595036731,0,0,0,0.0312467137082227,0,0,0,0,0,0,6.51767161893781e-06,9.78909546040118e-06,0.00187679960393987,4.68558694797644e-05,0,0,0,0.00366866434384643,0,0,0,0,0,0,0,0,0,0,0,0.0001277620952375,0,0.000771092036762131,0,0.00110711019567024,1.46655597228263e-05,0.00966742219140157,0,0,0,0.00125645188578697,0,8.98357467528903e-05,4.61968010225756e-05,0.0116540076194699,0,0,0,0,0,0.0741868450057676,0,0.000185566480584452,0,5.35246434803629e-05,0,0.00105862140474058,0.000211211643289541,0,0,0,0.00501151478907407,7.26938931274665e-05,0.000307454859624495,0,2.62210830240453e-05,0,0.000356860418135522,0,0,0,0,0,0.000446606632265002,1.26862118884709e-06,0.000747407010988917,0,0.00117041018668701,5.49187636262872e-05,0.0136688916091934,0,0
0.0067103298936553,0,0,0,0.0182576009803714,0,0,0,0.012633386588285,0,0,0,0,0,0,0,2.75345920251471e-05,3.59367611246988e-05,0.000191948248366926,0,0,0,0,0,0,0,0,0,0,0,0,0,0,0,0,0,7.46837366487626e-05,0,2.31216122498072e-05,2.87389097368548e-05,0.000979664837177629,1.05807611271825e-05,0.00506326399454228,0,0,6.32643593136899e-06,0.00226779685714898,5.46127560343418e-05,0.00787886978078739,0,0.0589918214792999,0,0,0,0.10481886694049,0,0.00288726711214485,0,0.00743867768021262,0,0.00245403110573923,2.86425638050015e-05,0,0.000541318991970909,0,0,0,0,0,0,0,0,0,0.00439240783423756,0,0,0,0,8.20934435673067e-07,0.00023609408570149,0,0.000167868981983947,0.00029036392019543,3.84916867335945e-05,0.013841137434504,0,0.00149576475005771
0,0.0170134087929242,0,0,0,0.00684458582541003,0,0,0,0.00691206717539118,0,0,0,0,0,0.000979098845930024,5.50757676455013e-06,3.85692721070296e-05,0.000208013504573223,0.00024893175309381,0,0,0,4.41994001831232e-05,0,0,0,0,0,0,0,0,0,0,0,0.000186362974769091,0,5.82809008600185e-06,0,0.000344046214428551,0.000122126156975717,0.00520955635294541,2.97406042625192e-05,0.00116760879072556,0,0.000970724678024778,0.000110446562527904,0,0,0.00651018240167142,0,0.0352679211317292,0,0,0,0.0866995106602905,0,0.000671656706105915,0,0.00232388843373746,0,0.0268876648056757,0.000321425394742014,0,0,0,0.000590269934656188,0,5.81182647820138e-05,0,0.000337106877678067,0,0.0026511847798967,0,0,0,0,0,9.89981959787939e-05,0,1.58842490823051e-05,0,0.000445155034215168,5.65680181241322e-05,0.00992438535066767,0.000304744238577564,0
0.000348266109993496,0,0.0182576009803714,0,0,0,0,0,0.00754331047728864,0,0,0,0,0,0.000192139477435663,0,7.59566939153417e-06,0,0,0,0.00994107629892508,0,0,0,0,0,0,0,0,0,0,0,0,0,0,0,0.000255195263039172,0,0,0,0.000135213425875917,0,0.00132287574894666,0,0,0,3.93501743012235e-05,0.00020034164919891,0.000238836709018384,0,0.0474986139206158,0,0,0,0.00042189010042938,0,9.75286200900348e-06,0,0,0,0.000151024990720974,0,0,0.00240260171005914,0,0,0,0,0,0,0,0,0,0,0,0,0,0,0,8.36695185024802e-05,0,0,0.00257273967122363,0.000384680403446862,0.00444529045094963,0,0
0,0.00017033595036731,0,0.00684458582541003,0,0,0,0.000706666707399181,0,0.0124049453400379,0,0,0,0,0,0.0127575938201171,0,0,0,0,0,0,0,0,0,0,0,0,0,0,0,0,0,0,0,0,0,0,0,0,0,0.000202568254693479,0,0,0,6.99371408798208e-05,0,0,0,0.000103650742687793,0,0.0332710847572539,0,0.00029237433849922,0,0.00316394356193494,0,3.3148519426116e-05,0,0,0,0.00102335324860201,0,0,0,0,0,0,0,0,0,0,0,0,0,0,0,0,0,0,0,0,0.0023420798703959,0,9.66607724311785e-05,0,0
0,0,0,0,0,0,0,0,0,0,0.00697650802821127,0,0.000224755855867356,0,0,0,0,0,0,0,0,0,0,0,0,0,0,0,0,0,0,0,0,0,0,0,9.01059229363455e-06,0,0,0,0,0,0,0,0,0,0,0,0,0,0.00052511409490914,0,0.0285322292598894,0,0,0,0.00296888719154902,0,0,0,0,0,0,0,0,0,0,0,0,0,0,0,0,0,0,0,0,0,0,0,0,0,0.000160367975132223,0,0,0,0
0,0,0,0,0,0.000706666707399181,0,0,0,0,0,0.000971768060511341,0,0.0086679091671063,0,0,0,0,0,0,0,0,0,0,0,0,0,0,0,0,0,0,0,0,0,0,0,0,0,0,0,0,0,0,0,0,0,0,0,0,0,0,0,0.00419431995529805,0,0,0,0.000466661923850095,0,0.000170085870165653,0,0,0,0,0,0,0,0,0,0,0,0,0,0,0,0,0,0,0,0,0,0,0.000135453506668524,3.54528201569337e-05,0,0,0
0.0278332405876586,0,0.012633386588285,0,0.00754331047728864,0,0,0,0,0,0,0,0,0,0.11183981439195,0,0,0,4.90034363898279e-06,0,0,0,0,0,0.00699702528231731,0,0,0,0,0,0,0,0,0,0,0,0,0,0.000648585622489272,0,2.70379130801529e-05,0,0.00313829692415194,0,0,0,8.07749160297228e-05,0,0.00208752386500315,0,0.0112796255078975,0,0,0,0.141527787473637,0,0.0010634957081311,0,0,0,0.0727346170395301,0,0,0,0,0,0,0.000425633126105898,0,0.000448728159841774,0,0,0,0.000128282565010848,0,0,0,0,0,9.73199011037804e-06,0,0.000193694604938696,0.00440368124593271,5.17440486361349e-06,0.00439994099687834,0,0.00111594946123211
0,0.0312467137082227,0,0.00691206717539118,0,0.0124049453400379,0,0,0,0,0,0,0,0,0,0.0710235877697956,0,3.69970537023219e-06,2.97173858646975e-05,0,0,2.88929204175512e-05,0,0.0302241718166479,0,0,0,0,0,0,0,0,0,0,0,0,0,0.000755263348110914,0,4.83284095860242e-05,0,0.00191170969007749,0,0,0,3.18961493666118e-05,0,0,0,0.0103742804781815,0,0.00089264331261549,0,0,0,0.124256939627423,0,0.000710751930340156,0,0.000329274944880114,0,0.00559233294938604,0.000151916493152887,0,0,0,0.000942763107440682,0,0.00123920246053606,0,0.000717910569658387,0,0,0,0,0,0,0,1.06576868779776e-06,0,4.66954757522622e-05,0,0.004233459630893,0.00106392204458255,0.00188916311120518,0,0
0,0,0,0,0,0,0.00697650802821127,0,0,0,0,0,0.00145493249072764,0,0,0,0,0,0,0,0.00662363230094245,0,0,0,0,0,0,0,0.000821826088734392,0,0.0338698900243212,0,0,0,0,0,0.000170019274921887,0,0.00981316901641097,0,0,0,0,0,0,0,0,0,0,0,0,0,0.00420366130788472,0,0,0,0.097062448778881,0,0.00143795234580477,0,0,0,0,0.000400227989174849,0,0,0,0,0,0,0,0,0,0.0022763732069603,0,0,0,0,0,0.000561583524834915,0,0.000137310518070033,0.000475491703337543,2.13602092654225e-05,0,0,0
0,0,0,0,0,0,0,0.000971768060511341,0,0,0,0,0,0.00154181954545062,0,0,0,0,0,0.0299114307972114,0,0,0,0,0,0,0,0.00196191737106701,0,0.00170547076897095,0,0,0,0,0,0.00078258052616505,0,0.00332385048704251,0,0,0,0,0,0,0,0,0,0,0,0,0,0,0,0,0,0,0,0.10264228403002,0,0.00166546369883814,0,0,0.000474271970000069,0,0,0,0,0,0,0,0.000881362189271022,0,0.0130221719478029,0,0,0,0,0,0,0,0,0,0.00188253602687489,0,0.000428496883321933,0,0
0,0,0,0,0,0,0.000224755855867356,0,0,0,0.00145493249072764,0,0,0,0.00355100159739651,0,0,0,0,0,0,0,0,0,0,0,0,0,0,0,0,0,0,0,0,0,0,0,0,0,0,0,0,0,0,0,0,0,0,0,0.000734238003574808,0,0,0,0,0,0.000104735329221944,0,0.015687060255471,0,0.000484079193250881,0,0,0,0,0,0,0,0,0,0,0,0,0,0,0,0,0,0,0,0,0,0.00016217781010337,5.7076813391177e-06,0,0,0
0,0,0,0,0,0,0,0.0086679091671063,0,0,0,0.00154181954545062,0,0,0,0.00252084051444085,0,0,0,0,0,0,0,0,0,0,0,0.00160383218002116,0,0,0,0,0,0,0,0,0,0,0,0,0,0,0,0,0,0,0,0,0,0,0,0,0,0.000135267662699334,0,0,0,0.000341510015674921,0,0.0375158427286639,0,0.00159978129474318,0,0,0,0,0,0,0,0,0.0101009804360106,0,0,0,0,0,0,0,0,0,0,0,0.000873368578365172,0.000174589072426117,0,0,0
0,0,0,0,0.000192139477435663,0,0,0,0.11183981439195,0,0,0,0.00355100159739651,0,0,0,0.000618876377941908,0,0,0,0,0,0,0,0,0,0.00170571276326018,0,0,0,0,0,0,0,0,0,0,0,0,0,0,0,0,0,0,0,0,0,0,0,0.0127847759634698,0,0,0,0.00595537963584019,0,0,0,0.0107406467091364,0,0.0260596141397536,0,0,0,0,0,0,0,0,0,0,0,0,0,0,0,0,0,0,0,0,0,0.000151376785113448,5.94585117141833e-06,0,0,0
0,0,0,0.000979098845930024,0,0.0127575938201171,0,0,0,0.0710235877697956,0,0,0,0.00252084051444085,0,0,0,0,0,0,0,0,0,0.0144405939389866,0,0.0010151419926677,0,0,0,0,0,0,0,0,0,0,0,0,0,0,0,2.69236870187235e-05,0,0,0,0,0,0,0,1.48945955154038e-05,0,0.0161211427140369,0,0,0,0.0535509565193643,0,0,0,0.00584961751806559,0,0.0734720255632594,0,0,0,0,0.000433312710835465,0,0,0,0,0,0,0,0,0,0,0,0,0,0,0,0.000331740153664603,0.000126299891506278,0.000203954961752502,0,0
0.000209964259425092,6.51767161893781e-06,2.75345920251471e-05,5.50757676455013e-06,7.59566939153417e-06,0,0,0,0,0,0,0,0,0,0.000618876377941908,0,0,0.0882942210322114,0.0481665189339993,0,0,0,0.00440612377733607,0,0.000115808422631286,0,0.00126899026605456,0,0,0,0,0,0,0,0,4.02552350185769e-05,8.51624444245577e-05,1.50066775132604e-06,4.33750105659864e-05,0.000189607333273687,0.00195103843449074,0.000442022664867323,0.00183242690378623,4.26061592319793e-05,4.44667242032501e-06,0.000699517981951847,0.00134012399427835,0,1.96339428127345e-05,0.000120599472748487,0,0,0,0,0,0,2.39598315971093e-05,0,0,0,0,1.21474271196073e-05,0.000387753812232587,0.000495640732880191,0,0.000608135218706588,0,0,0,0.000490528419170898,2.27093666387604e-06,0,0,0.000190290202496896,0,0,0,0,0.000295097006484145,0.000683414477455403,0.000152591131375798,0.0003348927632921,0.0345920189616589,0.0335263424739774,0.00159460747457805,0.000156356169346251,0.000566386725619508
4.23050642293834e-06,9.78909546040118e-06,3.59367611246988e-05,3.85692721070296e-05,0,0,0,0,0,3.69970537023219e-06,0,0,0,0,0,0,0.0882942210322114,0,0.0394054848530225,0,0,0.00234039978801286,0,0.000161775012003514,0,0.00610657568960597,0,0,0,0,0,0,0,0,0,9.34054994780839e-05,5.69464725505318e-05,3.77835552140132e-05,0,0.000428893805956943,0.000373763173306751,0.000794496991112257,0.000211686887822094,6.19047451325529e-05,0,0.000759707062774218,0.000390902403339267,0,0,0.000329633039103731,9.63866837184384e-06,0,0,0,0,0,0,0,0,0,0,0,0.000411833996362961,0.000176607885179265,0.00287521649854396,0,1.11713188030312e-05,0,0.00141515403051702,0,0,0,0.000104112255468409,0,0,0,0,0,0.000355566715155078,0.000216086813957774,0.000279321562354517,5.91058441718315e-05,0.0296012463492216,0.0219931744117486,0.0010213080031375,0.000220431675186167,9.45725334516182e-05
0.00376253541893654,0.00187679960393987,0.000191948248366926,0.000208013504573223,0,0,0,0,4.90034363898279e-06,2.97173858646975e-05,0,0,0,0,0,0,0.0481665189339993,0.0394054848530225,0,0.000238208018046841,2.42951082548935e-05,0,0,0,0,0,0,0,0,0,0,0,0,0,0,0.00111778288215768,0.000673444356312574,0.000164942359067901,0.000159030145741047,0.00953641085997375,0.0187162883510791,0.0172623637016228,0.0161095305189647,0.00138521802037953,0.000556485079521585,0.0163144838884292,0.0104376767754601,0,0.000308689051903659,0.00579903549722769,9.86067514886677e-05,1.16790794568214e-05,0,0,0,6.75755079448861e-05,0.000232957395185735,6.90953056295212e-06,4.64984041370781e-05,1.5678753861657e-05,0,0.000142482928791031,0.00681377770566851,0.00533214627629164,0,0,0,0,0,0,2.94867554968849e-05,0,0.00167152314863559,0.00179483695641038,0,0,0,0,0.00552962288246781,0.00498064470670759,0.0043395509274255,0.00303675795806712,0.0175772499725119,0.00140985915129343,0.0235714618782917,0.00413697056163622,0.00600499142998356
0,4.68558694797644e-05,0,0.00024893175309381,0,0,0,0,0,0,0,0.0299114307972114,0,0,0,0,0,0,0.000238208018046841,0,0,0,0,0,0,0,0,0,0,0,0,0,0,0,0,0.0118492876197086,0,0.00289283426616784,0,0,4.25906378947495e-05,0.000139330618721355,1.39136894463354e-05,0,0,0.00632821241010204,0,0,0,0.00020739053035673,0,0.00334504213480745,0,0,0,0,0,0.0231352210239567,0,0.00017987619296971,0,0,0.0730890889027998,7.49262601250128e-06,0,0,0,0,0,0,0,0,0.00449225963049641,0,0,0,0,0,0.00178255299677974,0,0.00152603808310798,0,0.00175777699719863,0,0.00246268063109848,0,0
0,0,0,0,0.00994107629892508,0,0,0,0,0,0.00662363230094245,0,0,0,0,0,0,0,2.42951082548935e-05,0,0,0,0,0,0,0,0,0,0,0,0,0,0,0,0,0,0.00489220995242394,0,0.00127087832392404,0,3.10687681820358e-05,0,0,0,0,0,0.000757641353664622,0,0,0,0.00807235810659939,0,0,0,0,0,0.000235375216941844,0,0,0,0,0,0,0.102287000117214,0,0,0,0,0,0,0,0,0,0,0,0,0,0,0,0.00286023170495901,0,5.61783806931858e-06,0.000794407378515248,9.75993144458585e-05,0.00114087418129644,0,0
0,0,0,0,0,0,0,0,0,2.88929204175512e-05,0,0,0,0,0,0,0,0.00234039978801286,0,0,0,0,0.00250922971007089,0.00393284316948563,0,0.00334981287453789,0,0.00203736664219944,0,0,0,0,0,0,0,0,0,0.00603717322231324,0,0,0,0,0,0,0,0,0,0,0,0.00333279778628763,0,0,0,0,0,0,0,0,0,0,0,0,0,0,0.0973370125869831,0,0.0015548728651335,0,0.00483851034484197,0,0.000358680002505452,0,0,0,0,0,0,0,0,0,0.00155728004245882,0,0.00649288611023054,0.00317522073620851,0,0,0
0,0,0,0,0,0,0,0,0,0,0,0,0,0,0,0,0.00440612377733607,0,0,0,0,0.00250922971007089,0,0,0.00472754775042336,0,0.0042242824390039,0,0.00284688444898032,0,0,0,0,0,0,0,0,0,0.00844892769689305,0,0,0,4.3017594475378e-05,0,0,0,0,1.7354017333376e-05,0.00136146382209941,3.29895052889233e-06,0,0,0,0,0,0,0,0,0,0,0,0,0,0,0.000382147498019791,0.0953419767136351,0,0.000167760527295984,0,0.00274332677550403,0,0.00226957627318102,0,0,0,0,0,0,0,0,0,0.00189101718553517,0.00425130814928406,0.00508454539062606,0.000268765311269356,0,0
0,0.00366866434384643,0,4.41994001831232e-05,0,0,0,0,0,0.0302241718166479,0,0,0,0,0,0.0144405939389866,0,0.000161775012003514,0,0,0,0.00393284316948563,0,0,0,0.0353440059131449,0,0,0,0,0,0,0,0,0,0,0,0.00712545894591195,0,0,0,0,0,0,0,0,0,0.000173672409766385,0,0.000474305836323026,0,0,0,0,0,0.0523640512722926,0,0,0,0,4.70609704113847e-05,0.00162564975204768,0,0,0.00269660600225089,0,0.0838223863762222,0,0.0769869244399662,0,0,0,0,0,0,0,0,0,0,0,0.00427417816406075,0,0.00111970945131422,1.53452270262987e-05,7.98701642358251e-05,0,0
0.000103202131217005,0,0,0,0,0,0,0,0.00699702528231731,0,0,0,0,0,0,0,0.000115808422631286,0,0,0,0,0,0.00472754775042336,0,0,0,0.00965911413892293,0,0,0,0,0,0,0,0,0,0,0,0.0114477042961,0,0,0,0,0,0,0,0,0,0,0,0,0,0,0,0.00370487493078978,0,0,0,0,0,0.0062836890948423,0,0,0,0,0.0105974532342006,0,0.18236204243438,0,0.0466782885049569,0,5.49232887504334e-05,0,0,0,0,0,0,0,0,0,0.00552835935321732,0.000849503753162398,0,0.000446301842190602,0,0
0,0,0,0,0,0,0,0,0,0,0,0,0,0,0,0.0010151419926677,0,0.00610657568960597,0,0,0,0.00334981287453789,0,0.0353440059131449,0,0,0,0.000297152136199064,0,0,0,0,0,0,0,0,0,0,0,0,0,0,0,0,0,0,0,0,0,0,0,0,0,0,0,0,0,0,0,6.49261375184436e-05,0,0.00662240245885604,0,0,0.00215824552922469,0,0.0207418686134955,0,0.133519077703378,0,0.00166667942992057,0,0,0,0,0,0,0,0,0,0,0,0.000437370119032588,0,0,0,0
0,0,0,0,0,0,0,0,0,0,0,0,0,0,0.00170571276326018,0,0.00126899026605456,0,0,0,0,0,0.0042242824390039,0,0.00965911413892293,0,0,0,0.000196202902029235,0,0,0,0,0,0,0,0,0,0,0,0,0,0,0,0,0,0,0,0,0,0,0,0,0,0,0,0,0,0,0,0.0202121678015873,0,0,0,0,0,0,0.000243631244407369,0,0.0945920038332518,0,0,0,0,0,0,0,0,0,0,0,0,0.000195899521159439,0,0,0,0
0,0,0,0,0,0,0,0,0,0,0,0.00196191737106701,0,0.00160383218002116,0,0,0,0,0,0,0,0.00203736664219944,0,0,0,0.000297152136199064,0,0,0,0.0096071493540263,0,0,0,0,0,0,0,0.00147593406574239,0,0,0,0,0,0,0,0,0,0,0,0,0,0,0,0,0,0,0,0.000763590445576372,0,0.00135081869214622,0,0,0,0,0.00182907240216189,0,0,0,0.00366402336457301,0,0.0657909343993434,0,0.00939044690445666,0,0,0,0,0,0,0,0.00243787144695982,0,0.00083066282574047,3.560346579147e-05,0,0,0
0,0,0,0,0,0,0,0,0,0,0.000821826088734392,0,0,0,0,0,0,0,0,0,0,0,0.00284688444898032,0,0,0,0.000196202902029235,0,0,0,0.00566373567687761,0,0,0,0,0,0,0,7.02347561681577e-05,0,0,0,0,0,0,0,0,0,0,0,0,0,0,0,0,0,0.00017085021979949,0,0.000101811016069936,0,0,0,0,0,0,0.000642128969698063,0,0,0,0,0,0.0548037052223776,0,3.89115741121879e-05,0,0,0,0,0,0,0,1.20738972836991e-05,0.000667197363782928,0.000306814580057528,0,0,0
0,0,0,0,0,0,0,0,0,0,0,0.00170547076897095,0,0,0,0,0,0,0,0,0,0,0,0,0,0,0,0.0096071493540263,0,0,0,0,0,0,0,0,0,0.00381180708278655,0,0,0,0,0,0,0,0,0,0,0,0,0,0,0,0,0,0,0,0.00461652093518386,0,0,0,0,0,0,0,0,0,0,0,0,0.00890315857410548,0,0.106773260852274,0,0,0,0,0,0,0,0.00549849529391635,0,0.00109858905458467,0,0,0,0
0,0,0,0,0,0,0,0,0,0,0.0338698900243212,0,0,0,0,0,0,0,0,0,0,0,0,0,0,0,0,0,0.00566373567687761,0,0,0,0,0,0,0,0,0,0.00200934071558915,0,0,0,0,0,0,0,0,0,0,0,0,0,0,0,0,0,0.00524730439096297,0,0,0,0,0,0,0,0,0,0,0,0,0,0,0.00824951916870847,0,0.080456959299233,0,0,0,0,0,0,0,0.000414914666833924,0.000682099193754056,0.000163738098499216,0,0,0
0,0,0,0,0,0,0,0,0,0,0,0,0,0,0,0,0,0,0,0,0,0,0,0,0,0,0,0,0,0,0,0,0.016270382113103,0,0,0.00256780673045421,0,0,0,0,0,0,0,0,0,0,0,0.0114921009332791,0,0.000196519182530253,0,0,0,0,0,0,0,0,0,0,0,0,0,0,0,0,0,0,0,0,0,0,0,0,0.070574616963397,0.000936053369292797,0.00746975215506332,0,0.00603218625129401,2.41869781477052e-05,0,0,1.95181405873002e-05,0,0,0,0
0,0,0,0,0,0,0,0,0,0,0,0,0,0,0,0,0,0,0,0,0,0,0,0,0,0,0,0,0,0,0,0.016270382113103,0,0,0.000479474402696209,0,0.000655012841747294,0,0,0,0,0,0,0,0,0,0,0.0433293644821015,0.00269883048571938,5.4999174859089e-05,0,0,0,0,0,0,0,0,0,0,0,0,0,0,0,0,0,0,0,0,0,0,0,0,0.00531958434070144,0.161680736281353,0,0.000384430598606232,0,0.000314374472147716,0,0,0.000880067168683637,0,0.000511463727763836,0,0
0,0,0,0,0,0,0,0,0,0,0,0,0,0,0,0,0,0,0,0,0,0,0,0,0,0,0,0,0,0,0,0,0,0,0.0453465715654447,0.00220990158937812,0,0.000381907470162942,8.84106012817665e-05,0,0,0,0,0,0,0,0,0.035949771645765,0,0.000673213169046304,0,0,0,0,0,0,0,0,0,0,0,0,0,0,0,0,0,0,0,0,0,0,0,0,0,0,0.13633735458772,0.0103678972498133,0.0016095937038206,3.87700178198732e-06,0.00715466901481584,0,0.000726757443372328,0,0,0,0
0,0,0,0,0,0,0,0,0,0,0,0,0,0,0,0,0,0,0,0,0,0,0,0,0,0,0,0,0,0,0,0,0.000479474402696209,0.0453465715654447,0,0,0.0022772290951831,0,9.22141750350089e-05,0,0,0,0,0,0,0,0,0.0199938041874898,0.000707830458505574,0,0,0,0,0,0,0,0,0,0,0,0,0,0,0,0,0,0,0,0,0,0,0,0,0,0,0.000254287401035069,0.0724780365168609,0.130387430008015,0,0.00178869200680068,0,0.00180208365125919,0.00069806620317735,0,0,0,0
0,0.0001277620952375,0,0.000186362974769091,0,0,0,0,0,0,0,0.00078258052616505,0,0,0,0,4.02552350185769e-05,9.34054994780839e-05,0.00111778288215768,0.0118492876197086,0,0,0,0,0,0,0,0,0,0,0,0.00256780673045421,0,0.00220990158937812,0,0,0.00244379053350646,0.00549003026664909,0,6.32603674940626e-05,1.92156227935485e-05,0.000570830425231896,3.76093214264748e-05,7.04191416278625e-05,0,0.00172257802506795,9.8634450545912e-06,0.00205482704584107,0,0.000420695101696324,0,0.000309617066756383,0,0,0,2.62927763707862e-06,0,0.000310718608732258,0,0.000206154950218051,0,1.61115442646156e-05,0.00479407348276924,7.41247582082484e-06,0,0,0,0,1.450426938681e-06,0,4.1343474302693e-06,0,2.04358323865482e-05,2.76409394428978e-06,0.00341795308360252,5.28168390336037e-06,0.00130041987095682,0,0.0891714869099397,0.000222850479699383,0.0166149050391384,1.18492610038535e-05,0.00628784201198207,0.0053189789597903,0.00244109405401875,0.000400498354668405,0
4.44618807140062e-05,0,7.46837366487626e-05,0,0.000255195263039172,0,9.01059229363455e-06,0,0,0,0.000170019274921887,0,0,0,0,0,8.51624444245577e-05,5.69464725505318e-05,0.000673444356312574,0,0.00489220995242394,0,0,0,0,0,0,0,0,0,0,0,0.000655012841747294,0,0.0022772290951831,0.00244379053350646,0,0,0.0106544243118925,2.41375034021925e-05,0.000139866920500043,2.78652787375958e-05,0.000818771890696738,0,1.5216364999199e-06,1.34616990261185e-05,0.00108717372519687,0.00489253345017398,0.000293631618237387,1.75214976749636e-06,0.000228923604599801,0,0,0,0,0,0.00071291101570933,0,9.6339062381812e-06,0,0,0,3.98634735062194e-06,0.0118259088075276,0,0,0,0,0,0,0,0,1.32268464224452e-05,1.25516682388767e-05,0,0.00198226072189286,0,0.00138471632512694,0.00206473005576329,0.0932731124746233,7.13111458335215e-06,0.0188482274699776,0.00711081273625114,0.00057455684739499,0.0016066349542534,1.34242753660063e-06,0.00031321640294625
1.47850847645083e-05,0.000771092036762131,0,5.82809008600185e-06,0,0,0,0,0,0.000755263348110914,0,0.00332385048704251,0,0,0,0,1.50066775132604e-06,3.77835552140132e-05,0.000164942359067901,0.00289283426616784,0,0.00603717322231324,0,0.00712545894591195,0,0,0,0.00147593406574239,0,0.00381180708278655,0,0,0,0.000381907470162942,0,0.00549003026664909,0,0,0.000776181424206712,1.56132213696374e-05,3.9150650882299e-06,0.000174845368556382,4.24789158482558e-06,2.1538838170629e-06,0,0.00160627765850074,0,0.00882029529265981,0,0.0078657862424781,0,0,0,0,0,3.48047843151219e-05,1.94739366271564e-06,0.000669848887190572,0,3.63689064195303e-05,0,3.65536398851088e-05,0.0040411122592387,0,0.00434786191092066,0,0.00325397350520678,7.33671293929716e-06,8.75395243567917e-06,0,3.48629430401412e-05,0,0.000413704962817087,0,0,0,0.000148313522638207,0,0.00169083957856563,1.40999886294638e-05,0.127328553929845,2.85957422944261e-05,0.00638502381921901,0.00227827832084746,0.000856033746123909,7.37934691215001e-05,9.65325377751521e-06
0.000353024674625774,0,2.31216122498072e-05,0,0,0,0,0,0.000648585622489272,0,0.00981316901641097,0,0,0,0,0,4.33750105659864e-05,0,0.000159030145741047,0,0.00127087832392404,0,0.00844892769689305,0,0.0114477042961,0,0,0,7.02347561681577e-05,0,0.00200934071558915,0,0,8.84106012817665e-05,9.22141750350089e-05,0,0.0106544243118925,0.000776181424206712,0,0,6.23505338792264e-05,1.5670778134581e-06,0.000435743110673314,0,0,9.66489524690506e-06,0.000428852829482834,0.00422348945226374,0.00320996854494917,0,2.61562565408258e-06,0,0,0,0.000234340145872173,0,0.00564803802721635,0,0,0,0,0,0,0.000845087755145924,0,0.00122041156349574,1.45957697520442e-05,0.00541842072392058,0,5.33772728413761e-05,0,0.000358208558591408,1.50243387327786e-05,0.00356353110819566,0,0,0,0.000225757867517135,0,0.00457137182988483,0.000105246271296083,0.100937215699458,0.00626071630442542,0.00151032368916919,0.00129515049050695,0,0.000212332221611604
3.0557502369742e-05,0.00110711019567024,2.87389097368548e-05,0.000344046214428551,0,0,0,0,0,4.83284095860242e-05,0,0,0,0,0,0,0.000189607333273687,0.000428893805956943,0.00953641085997375,0,0,0,0,0,0,0,0,0,0,0,0,0,0,0,0,6.32603674940626e-05,2.41375034021925e-05,1.56132213696374e-05,0,0,0.000258151266455097,0.032696459577351,0.000170031999169754,0.00206799552288329,1.67283050376686e-05,0.00687916974490557,0.000233161495547289,0,2.61695983945279e-05,0.00215329356629521,0,0.000133933675910692,0,0,0,0.000316003380850222,0,0,0,0,0,2.85827992394883e-05,0.00130907288600278,1.28871391733163e-05,0,0,0,0,0,0,1.58017531409869e-05,0,0.000298353513639746,0,0,0,0,0,0.00266623530774097,4.53584984148026e-05,0.00019205042870468,3.3802314149963e-05,0.000531634509587001,1.30513886550802e-05,0.00748637605550053,0.0163465874111463,0.000133953052011304
0.00188554628922596,1.46655597228263e-05,0.000979664837177629,0.000122126156975717,0.000135213425875917,0,0,0,2.70379130801529e-05,0,0,0,0,0,0,0,0.00195103843449074,0.000373763173306751,0.0187162883510791,4.25906378947495e-05,3.10687681820358e-05,0,0,0,0,0,0,0,0,0,0,0,0,0,0,1.92156227935485e-05,0.000139866920500043,3.9150650882299e-06,6.23505338792264e-05,0.000258151266455097,0,0.000331523154055063,0.0769509579265135,0.000113260756598773,0.000476395552774218,0.000758901185330091,0.0362682130706386,0.000391871102268601,0.00999996185402467,0.000181039670689264,0.000331051417318333,0,0,0,0.000107565927827923,0,0.000437666917603423,0,4.57405900422782e-05,0,0,0,8.20201702537258e-05,0.00416614031480947,0,0,0,0,0,0,0,0,0,0.000973019200578396,0,0,0,0,0.000162663329761755,0.000980454459714532,5.8024593586773e-05,0.000714011451055176,0.00129160030392733,0.00010876468295416,0.0188896565696025,6.28231332243359e-05,0.00671170599737518
0,0.00966742219140157,1.05807611271825e-05,0.00520955635294541,0,0.000202568254693479,0,0,0,0.00191170969007749,0,0,0,0,0,2.69236870187235e-05,0.000442022664867323,0.000794496991112257,0.0172623637016228,0.000139330618721355,0,0,0,0,0,0,0,0,0,0,0,0,0,0,0,0.000570830425231896,2.78652787375958e-05,0.000174845368556382,1.5670778134581e-06,0.032696459577351,0.000331523154055063,0,0.00222723331996907,0.00334778741831993,0,0.0427362205659025,0.000187779226445213,0.000692783689986902,0,0.0286933631374547,0,0.00193904238386714,0,0,0,0.0014249444580722,8.68711331966621e-06,0.000981063210639167,0,0.000296395077003358,0,0.00201952788025835,0.0130108074012342,5.42733453326707e-05,0,0,0.000794399284714012,0,0.000954570840989614,0,0.00105644256532497,0,0.00209123010930608,1.92730378070465e-05,0,0,0,0,0.00579699390205652,6.59965418821429e-05,0.0026128045668347,8.61101930182478e-05,0.00725113981212369,0.00060508847572721,0.0301089643197988,0.00893464973033471,0.000140831227623282
0.0174074515432674,0,0.00506326399454228,2.97406042625192e-05,0.00132287574894666,0,0,0,0.00313829692415194,0,0,0,0,0,0,0,0.00183242690378623,0.000211686887822094,0.0161095305189647,1.39136894463354e-05,0,0,4.3017594475378e-05,0,0,0,0,0,0,0,0,0,0,0,0,3.76093214264748e-05,0.000818771890696738,4.24789158482558e-06,0.000435743110673314,0.000170031999169754,0.0769509579265135,0.00222723331996907,0,6.00882527767595e-06,0.000414800795637132,0.000845950818455544,0.0235342314797151,0.00156744225283676,0.0350988691741685,0.000690529941699398,0.00379988809235108,0,0,0,0.000471936947710469,0,0.00763352719460487,0,0.000330847589098008,0,0.000437117465737404,0,0.00020218664373535,0.00775673155022445,0,1.39691752201891e-05,4.72228916375327e-05,0.000210713673873279,0,0,4.60897610854086e-06,0.000315914974123402,2.59604037243235e-05,0.0147091816405299,0,0,0,0,0.000105779372776001,0.00483248531338367,0.0001129426823499,0.00247763202267854,0.00845099363949296,0.000536318276860242,0.0766716671999082,3.42666098208711e-05,0.0207158685351528
0,0,0,0.00116760879072556,0,0,0,0,0,0,0,0,0,0,0,0,4.26061592319793e-05,6.19047451325529e-05,0.00138521802037953,0,0,0,0,0,0,0,0,0,0,0,0,0,0,0,0,7.04191416278625e-05,0,2.1538838170629e-06,0,0.00206799552288329,0.000113260756598773,0.00334778741831993,6.00882527767595e-06,0,0,0.00412415550867361,2.72233353515827e-05,0,0,0.000388674636670682,0,0,0,0,0,0,0,0,0,0,0,0.00032965475598036,0.0022212122603779,5.70393334463864e-05,0,0,0.000159268629520502,0,0,0,1.08238259452249e-05,0,0.000281414796437342,0,0,0,0,0,0.000264548067805752,1.29601766965756e-06,0.000229247219066178,0,4.73811772256485e-05,1.54428416307845e-06,0.00165516830370692,0.00692419780085698,7.15560521709515e-05
0,0,0,0,0,0,0,0,0,0,0,0,0,0,0,0,4.44667242032501e-06,0,0.000556485079521585,0,0,0,0,0,0,0,0,0,0,0,0,0,0,0,0,0,1.5216364999199e-06,0,0,1.67283050376686e-05,0.000476395552774218,0,0.000414800795637132,0,0,4.18666878944157e-05,0.000173950485390484,0,0,0,0,0,0,0,0,0,0,0,0,0,0,0,0,6.89485019841143e-05,0,0,0,0,0,0,0,0,0,0,0,0,0,0,1.79535416411531e-05,9.41376625587483e-06,6.73661419233872e-06,0,2.73568378028152e-05,1.15507026440826e-06,0.000402284655763802,0,0.00161172181160026
0,0.00125645188578697,6.32643593136899e-06,0.000970724678024778,0,6.99371408798208e-05,0,0,0,3.18961493666118e-05,0,0,0,0,0,0,0.000699517981951847,0.000759707062774218,0.0163144838884292,0.00632821241010204,0,0,0,0,0,0,0,0,0,0,0,0,0,0,0,0.00172257802506795,1.34616990261185e-05,0.00160627765850074,9.66489524690506e-06,0.00687916974490557,0.000758901185330091,0.0427362205659025,0.000845950818455544,0.00412415550867361,4.18666878944157e-05,0,0.00037565994766453,5.69804882639465e-05,0,0.00363260945784391,0,0.000400703770451403,0,0,0,0.000190094557851902,1.91621930493061e-05,8.57486049706604e-05,0,4.89434678915375e-05,0,0.000580257584850205,0.0687360989414885,0.000171826973124848,0,0,0,0,7.94187768335999e-06,0,0.000317272656559322,0,0.00382997275939716,4.78185904643501e-05,0,0,0,0,0.00532898055949104,0.000155916059787717,0.00633730462621456,8.19092258315936e-05,0.00144249685247643,6.2217612939339e-05,0.0171998639927266,0.00247562666902037,0.000311173844741712
0.000477894675230355,0,0.00226779685714898,0.000110446562527904,3.93501743012235e-05,0,0,0,8.07749160297228e-05,0,0,0,0,0,0,0,0.00134012399427835,0.000390902403339267,0.0104376767754601,0,0.000757641353664622,0,0,0,0,0,0,0,0,0,0,0,0,0,0,9.8634450545912e-06,0.00108717372519687,0,0.000428852829482834,0.000233161495547289,0.0362682130706386,0.000187779226445213,0.0235342314797151,2.72233353515827e-05,0.000173950485390484,0.00037565994766453,0,0,0.000966628354353133,0.000119225221360065,0.000677349045614639,0,0,0,0,0,0.000675407928202844,0,7.18925319425292e-05,0,5.99639656808423e-05,0,0.000172882744860005,0.0996258419274991,0,0,0,0,0,0,0,0,5.76062518650071e-06,0.00288985291815028,0,0,0,0,8.54267363536205e-05,0.00974829305342694,9.22385702209352e-05,0.00471170646811038,0.00105812173478173,2.11241850005948e-05,0.0265032544033884,9.17387739061653e-05,0.00161204493752319
0,8.98357467528903e-05,5.46127560343418e-05,0,0.00020034164919891,0,0,0,0,0,0,0,0,0,0,0,0,0,0,0,0,0,1.7354017333376e-05,0.000173672409766385,0,0,0,0,0,0,0,0.0114921009332791,0.0433293644821015,0.035949771645765,0.0199938041874898,0.00205482704584107,0.00489253345017398,0.00882029529265981,0.00422348945226374,0,0.000391871102268601,0.000692783689986902,0.00156744225283676,0,0,5.69804882639465e-05,0,0,0.101534375921444,0.102404323724286,0.000303078180261989,0,0,0,0,0,1.22265517808473e-05,0,0,0,0,0.000116108212504283,0,0,0,3.84274743955187e-06,0.000743397121154704,0,0,0,0,3.61560251679735e-05,0,2.64318424088262e-05,0.00893101049095588,0.0365845468192864,0.00716028635182371,0.00452360624982069,0.0129109524969508,0.00399649070803765,0.00138060997158292,0.000236404761573198,0.00558742323935948,4.11669870180489e-05,0.0136024687507554,0,0
0.00937985392337286,4.61968010225756e-05,0.00787886978078739,0,0.000238836709018384,0,0,0,0.00208752386500315,0,0,0,0,0,0,0,1.96339428127345e-05,0,0.000308689051903659,0,0,0,0.00136146382209941,0,0,0,0,0,0,0,0,0,0.00269883048571938,0,0.000707830458505574,0,0.000293631618237387,0,0.00320996854494917,2.61695983945279e-05,0.00999996185402467,0,0.0350988691741685,0,0,0,0.000966628354353133,0.101534375921444,0,0.00576394546535592,1.37614693678054e-05,0,0,0,0.00855994430243601,0,0.000222330970925431,0,0.00025910083322472,0,0.00549939557865151,0,0,1.64388644514405e-05,0,0.00280600741000434,0,0,0,0.00161374495168867,0,0.0108277317209366,0,0.0105656762056522,0,0.00142187787118746,0,0.0042131834074016,0,0.00308376398794994,0,0.00610394570251789,0.00508386385001214,1.21479360342726e-05,0.0315614643785308,0,0.00272037849407363
1.75851321750804e-05,0.0116540076194699,0,0.00651018240167142,0,0.000103650742687793,0,0,0,0.0103742804781815,0,0,0,0,0,1.48945955154038e-05,0.000120599472748487,0.000329633039103731,0.00579903549722769,0.00020739053035673,0,0.00333279778628763,3.29895052889233e-06,0.000474305836323026,0,0,0,0,0,0,0,0.000196519182530253,5.4999174859089e-05,0.000673213169046304,0,0.000420695101696324,1.75214976749636e-06,0.0078657862424781,0,0.00215329356629521,0.000181039670689264,0.0286933631374547,0.000690529941699398,0.000388674636670682,0,0.00363260945784391,0.000119225221360065,0.102404323724286,0.00576394546535592,0,0,7.98685124970833e-05,0,0,0,0.00235845837978348,0,0.00461617307228598,0,0.003799994829588,0,0.00466215679098728,0.00646866256962719,7.56419145578602e-05,0.0094091992878194,0,0.0014767780495888,0,0.00504582515293587,0,0.00514551474625162,0,0.00390940078493781,4.39708150306879e-05,0.000136023745054661,0,0.00138234625952815,0,0.00121955159252878,1.6205779160613e-05,0.00732356461571366,2.82263201883895e-05,0.00825563809455717,9.34580983279201e-05,0.0452933481967301,0.00192318931591892,0.000120231421475449
0,0,0.0589918214792999,0,0.0474986139206158,0,0.00052511409490914,0,0.0112796255078975,0,0,0,0.000734238003574808,0,0.0127847759634698,0,0,9.63866837184384e-06,9.86067514886677e-05,0,0.00807235810659939,0,0,0,0,0,0,0,0,0,0,0,0,0,0,0,0.000228923604599801,0,2.61562565408258e-06,0,0.000331051417318333,0,0.00379988809235108,0,0,0,0.000677349045614639,0.000303078180261989,1.37614693678054e-05,0,0,0,0.00170076132965642,0,0.0027930009177617,0,0.000410742633913145,0,0.00301141878699131,0,0.0438220147042393,0,0,0.00646937388352695,0,0,0,0,0,0,0,0,0,0.00016658480593098,0,0,0,0,0,0.000178868269128463,0,4.17802186245238e-05,0.000694650412999442,3.57026993273671e-05,0.0136091382863375,0,0.000145006064251297
0,0,0,0.0352679211317292,0,0.0332710847572539,0,0,0,0.00089264331261549,0,0,0,0,0,0.0161211427140369,0,0,1.16790794568214e-05,0.00334504213480745,0,0,0,0,0,0,0,0,0,0,0,0,0,0,0,0.000309617066756383,0,0,0,0.000133933675910692,0,0.00193904238386714,0,0,0,0.000400703770451403,0,0,0,7.98685124970833e-05,0,0,0,0,0,7.11412269410287e-05,0,0.00512233935688411,0,0.00521293194583492,0,0.0152418636212134,0.000487122092254674,0,0,0,0,0,0,0,0,0,0,0,0,0,0,0,0.00042007257800056,0,0,0,0.0007583218834842,7.41558599762554e-06,0.00363498329784384,0,0
0,0,0,0,0,0,0.0285322292598894,0,0,0,0.00420366130788472,0,0,0,0,0,0,0,0,0,0,0,0,0,0,0,0,0,0,0,0,0,0,0,0,0,0,0,0,0,0,0,0,0,0,0,0,0,0,0,0.00170076132965642,0,0,0,0,0,0.0155683060183302,0,0.000301149128644519,0,0,0,0,0,0,0,0,0,0,0,0,0,0,0,0,0,0,0,0,0,0,0,2.87068428406201e-06,0,0,0,0
0,0,0,0,0,0.00029237433849922,0,0.00419431995529805,0,0,0,0,0,0.000135267662699334,0,0,0,0,0,0,0,0,0,0,0,0,0,0,0,0,0,0,0,0,0,0,0,0,0,0,0,0,0,0,0,0,0,0,0,0,0,0,0,0,0,0,0,0,0,0.00483281864870247,0,0,0,0,0,0,0,0,0,0,0,0,0,0,0,0,0,0,0,0,0,0,2.87112925434485e-06,0,0,0,0
0.0797618262234034,0,0.10481886694049,0,0.00042189010042938,0,0,0,0.141527787473637,0,0,0,0,0,0.00595537963584019,0,0,0,0,0,0,0,0,0,0.00370487493078978,0,0,0,0,0,0,0,0,0,0,0,0,0,0.000234340145872173,0,0.000107565927827923,0,0.000471936947710469,0,0,0,0,0,0.00855994430243601,0,0.0027930009177617,0,0,0,0,0,7.36557411548286e-05,0,0,0,0.021811430719678,0,0,0,0,0,0,0.0021721590970754,0,0.000768592043598625,0,0,0,0,0,0,0,0,0,0,0,0.000154439214255311,0.000618482511150299,0,0.00202046886047711,0,0.000301936510064401
0,0.0741868450057676,0,0.0866995106602905,0,0.00316394356193494,0,0,0,0.124256939627423,0,0,0,0,0,0.0535509565193643,0,0,6.75755079448861e-05,0,0,0,0,0.0523640512722926,0,0,0,0,0,0,0,0,0,0,0,2.62927763707862e-06,0,3.48047843151219e-05,0,0.000316003380850222,0,0.0014249444580722,0,0,0,0.000190094557851902,0,0,0,0.00235845837978348,0,7.11412269410287e-05,0,0,0,0,0,5.16385590015682e-05,0,0,0,0.00611134208313015,7.74560672178433e-05,0,0,0,0.00419379523817519,0,0.000313794693952729,0,4.35939135946285e-05,0,0.000391680767045864,0,0,0,0,0,3.2426858471167e-05,0,4.45016503178345e-05,0,0.00016260824886537,5.24168774227047e-05,0.00223043660965285,0,0
3.65159565048211e-05,0,0.00288726711214485,0,9.75286200900348e-06,0,0.00296888719154902,0,0.0010634957081311,0,0.097062448778881,0,0.000104735329221944,0,0,0,2.39598315971093e-05,0,0.000232957395185735,0,0.000235375216941844,0,0,0,0,0,0,0,0.00017085021979949,0,0.00524730439096297,0,0,0,0,0,0.00071291101570933,1.94739366271564e-06,0.00564803802721635,0,0.000437666917603423,8.68711331966621e-06,0.00763352719460487,0,0,1.91621930493061e-05,0.000675407928202844,1.22265517808473e-05,0.000222330970925431,0,0.000410742633913145,0,0.0155683060183302,0,7.36557411548286e-05,0,0,0,0.0150117179643654,0,0.00185702978355419,0,0,0.00943766464448522,0,0,0,0,0,0,0,0.000400637886595105,0,0.0176206658121492,0,0,0,0,6.21648229945327e-06,8.89565429649282e-05,5.85791504550514e-06,3.73222769419764e-05,0.000435441740625864,2.39091738232547e-05,0.0241046488602267,0,0.00076823819866933
0,0.000185566480584452,0,0.000671656706105915,0,3.3148519426116e-05,0,0.000466661923850095,0,0.000710751930340156,0,0.10264228403002,0,0.000341510015674921,0,0,0,0,6.90953056295212e-06,0.0231352210239567,0,0,0,0,0,0,0,0.000763590445576372,0,0.00461652093518386,0,0,0,0,0,0.000310718608732258,0,0.000669848887190572,0,0,0,0.000981063210639167,0,0,0,8.57486049706604e-05,0,0,0,0.00461617307228598,0,0.00512233935688411,0,0,0,5.16385590015682e-05,0,0,0,0.00268385061122017,0,0.00239211167049031,0.0117065446459273,0,0,0,0,0,0.000853249122926326,0,0.00488165557239557,0,0.0191196694973717,0,0,0,0,0,0.000974987747432623,0,0,0,0.00041272364877151,1.17049734673765e-06,0.00712123202702366,0,0
2.73110274087755e-05,0,0.00743867768021262,0,0,0,0,0,0,0,0.00143795234580477,0,0.015687060255471,0,0.0107406467091364,0,0,0,4.64984041370781e-05,0,0,0,0,0,0,0,0,0,0.000101811016069936,0,0,0,0,0,0,0,9.6339062381812e-06,0,0,0,4.57405900422782e-05,0,0.000330847589098008,0,0,0,7.18925319425292e-05,0,0.00025910083322472,0,0.00301141878699131,0,0.000301149128644519,0,0,0,0.0150117179643654,0,0,0,0.00915729552119138,0,0,1.22514610950454e-05,0,0,0,0,0,2.19969600955515e-05,0,0.000697361331246547,0,3.56820595730006e-05,0,0,0,0,0,7.23974608260017e-06,0,4.14294007496747e-06,3.22338176509392e-05,0,0.00133217787732402,0,0
0,5.35246434803629e-05,0,0.00232388843373746,0,0,0,0.000170085870165653,0,0.000329274944880114,0,0.00166546369883814,0,0.0375158427286639,0,0.00584961751806559,0,0,1.5678753861657e-05,0.00017987619296971,0,0,0,0,0,6.49261375184436e-05,0,0.00135081869214622,0,0,0,0,0,0,0,0.000206154950218051,0,3.63689064195303e-05,0,0,0,0.000296395077003358,0,0,0,4.89434678915375e-05,0,0,0,0.003799994829588,0,0.00521293194583492,0,0.00483281864870247,0,0,0,0.00268385061122017,0,0,0,0.0196887543703498,0.000447670845791661,0,0,0,0,0,0.00345096004903225,0,0.00631855127258511,0,0.000142718703771612,0,0,0,0,0,0.000282330633461849,0,3.07030813625263e-05,0,0.000265752497895644,0,0.0022575444364292,0,0
0.00694017880004082,0,0.00245403110573923,0,0.000151024990720974,0,0,0,0.0727346170395301,0,0,0,0.000484079193250881,0,0.0260596141397536,0,0,0,0,0,0,0,0,4.70609704113847e-05,0.0062836890948423,0,0.0202121678015873,0,0,0,0,0,0,0,0,0,0,0,0,0,0,0,0.000437117465737404,0,0,0,5.99639656808423e-05,0,0.00549939557865151,0,0.0438220147042393,0,0,0,0.021811430719678,0,0.00185702978355419,0,0.00915729552119138,0,0,0,0,0,0,0,0,0,0,0.00104144356439574,0,0.00339206160349877,0,9.10356022228009e-05,0,0,0,0,0,0,0,0,8.34887324626692e-05,1.35470126771268e-06,0.00521053387244875,0,0
0,0.00105862140474058,2.86425638050015e-05,0.0268876648056757,0,0.00102335324860201,0,0,0,0.00559233294938604,0,0,0,0.00159978129474318,0,0.0734720255632594,1.21474271196073e-05,0,0.000142482928791031,0,0,0,0,0.00162564975204768,0,0.00662240245885604,0,0,0,0,0,0,0,0,0,1.61115442646156e-05,0,3.65536398851088e-05,0,2.85827992394883e-05,0,0.00201952788025835,0,0.00032965475598036,0,0.000580257584850205,0,0.000116108212504283,0,0.00466215679098728,0,0.0152418636212134,0,0,0,0.00611134208313015,0,0.00239211167049031,0,0.0196887543703498,0,0,0.000128305531280236,0,0,0,8.34939452692167e-05,0,0.0218727689206858,0,0.000749358491003236,0,0.000662628466173543,0,0,0,0,0,3.72446906768763e-05,0,0,0,0.000200882657412766,8.52515861203038e-06,0.00215683667748695,0,0
0,0.000211211643289541,0,0.000321425394742014,0,0,0,0,0,0.000151916493152887,0,0.000474271970000069,0,0,0,0,0.000387753812232587,0.000411833996362961,0.00681377770566851,0.0730890889027998,0,0,0,0,0,0,0,0,0,0,0,0,0,0,0,0.00479407348276924,3.98634735062194e-06,0.0040411122592387,0,0.00130907288600278,8.20201702537258e-05,0.0130108074012342,0.00020218664373535,0.0022212122603779,0,0.0687360989414885,0.000172882744860005,0,0,0.00646866256962719,0,0.000487122092254674,0,0,0,7.74560672178433e-05,0,0.0117065446459273,0,0.000447670845791661,0,0.000128305531280236,0,0.000175606909156746,0,0,0,0,5.3284145105869e-05,0,0.000632855176643661,0,0.0358346110959082,0,0,0,0,0,0.00382941175933056,4.34058478045769e-05,0.00537464664075476,3.60586404226016e-06,0.000925214601880773,2.58335021050451e-05,0.0231185773764811,0.000906113756179512,7.14148521071513e-05
