0,0,0.18943582424154,0,0,0,0,0,0.183727024238685,0,0,0,0,0,0,0,0.482505578370321,0.314887687563896,0.428076129226849,0,0,0,0,0,0.22279492020607,0,0,0,0,0,0,0,0,0,0,0,0,0,0,0,0.539012055099011,0,0.303880577640874,0,0,0,0.320033256565371,0,0.148033261896888,0,0,0,0,0,0.191346859335899,0,0.337728917598724,0,0,0,0.172310496116207,0,0,0.337435020506382,0,0,0,0.212125938047062,0,0.202083081007004,0,0,0,0,0,0,0,0,0,0.458188433257433,0,0.527949213981628,0.325074251346571,0,0.312283555166327,0,0
0,0,0,0.149730795728309,0,0,0,0,0,0.146783298812807,0,0,0,0,0,0.223953016102314,0,0.291785418987274,0.357538626194,0,0,0,0,0,0,0,0,0,0,0,0,0,0,0,0,0,0,0.193330973386765,0,0.395205025374889,0,0.35593189187696,0,0,0,0.265005499124527,0,0,0,0.260742607559822,0,0,0,0,0,0.19545120479548,0,0.344182005826978,0,0.323980401646584,0,0.232867064639445,0.393163651227951,0,0,0,0,0,0,0,0,0,0.303286358714104,0,0,0,0,0,0.37197500627528,0,0.467680156230927,0,0.226219231494112,0,0.279135005301449,0.252766665816307,0
0.18943582424154,0,0,0.329749470920239,0.156047143965713,0.270643800497055,0,0,0.136467080890087,0,0,0,0,0,0,0,0,0,0.308667979306645,0,0,0,0,0,0,0,0,0,0,0,0,0,0,0,0,0,0.255732198556264,0,0,0.291921926581341,0.273385273022506,0.340964713517357,0.295001407740293,0,0,0.280663430690765,0.220076315104961,0,0.176597369844048,0.292855028595243,0.215113324812755,0.287628591060638,0,0,0,0,0.301400359719992,0.344850863019625,0.246364776383747,0,0.204144202172756,0,0.33854813211494,0.274216640649772,0,0,0,0,0,0,0.311472475528717,0,0.331510208334242,0.363744974136353,0,0,0,0,0.317501788692815,0.299815864381144,0.358877554535866,0.287474340200424,0.260639315965224,0.265316594924246,0.287659775366361,0,0.307898965146806
0,0.149730795728309,0.329749470920239,0,0.268401458859444,0.205496531011712,0,0,0,0.190753363072872,0,0,0,0.239888909459114,0,0,0,0.305571635564168,0.285596748957267,0,0,0,0,0,0,0,0,0,0,0,0,0,0,0,0,0.223009679466486,0,0.228302694857121,0,0.294074409046481,0.294813714244149,0.316432443601233,0.316771662661007,0,0,0.256460065487772,0.287762444052431,0,0,0.24811564082218,0,0.230045503269914,0,0,0,0.127230848185718,0.353231915997134,0.331370507745625,0,0.231643183247108,0,0.256184128940933,0.279051821340214,0.333487114736012,0,0,0,0,0,0,0,0,0.341990589518701,0,0,0,0,0,0.293864585282306,0.306412282742952,0.328820369073323,0,0.256670018335183,0.252318491786718,0.278594866876208,0.319068912002775,0
0,0,0.156047143965713,0.268401458859444,0,0,0,0,0,0,0,0,0,0,0,0,0,0,0,0,0.142016251881917,0,0,0,0,0,0,0,0,0,0,0,0,0,0,0,0,0,0,0.259205902616183,0.275707215070724,0,0.242927732566992,0,0,0,0.195598602294922,0,0,0,0.161613885026712,0,0,0,0,0,0.209210783243179,0,0,0,0,0,0,0.214718639850616,0,0,0,0,0,0,0,0,0,0,0,0,0,0,0.295884042978287,0.258169454522431,0,0,0.244164317846298,0,0.18441990762949,0,0
0,0,0.270643800497055,0.205496531011712,0,0,0,0,0,0.187964981421828,0,0,0,0,0,0,0,0,0,0.164622738957405,0,0,0,0,0,0,0,0,0,0,0,0,0,0,0,0.182360932230949,0,0,0,0,0,0.296636392672857,0.280078262090683,0,0,0,0.301837623119354,0,0,0,0,0.214685402214527,0,0,0,0.188140641973943,0.315819621086121,0.237416748489652,0,0,0,0,0.240301469961802,0,0,0,0,0,0,0,0,0,0.318940281867981,0,0,0,0,0,0.270132277160883,0,0,0,0.171355794795922,0.180425296936716,0.208381775622906,0,0
0,0,0,0,0,0,0,0,0,0,0,0,0.125516962949876,0,0,0,0,0,0,0,0.122865915894508,0,0,0,0,0,0,0,0,0,0,0,0,0,0,0,0,0,0,0,0,0,0,0,0,0,0,0,0,0,0,0,0,0,0,0,0,0,0.127740536034107,0,0,0,0,0,0,0,0,0,0,0,0,0,0,0,0,0,0,0,0,0,0,0,0,0,0,0,0
0,0,0,0,0,0,0,0,0,0,0,0,0,0,0,0,0,0,0,0.16902055484908,0,0,0,0,0,0,0,0,0,0,0,0,0,0,0,0,0,0,0,0,0,0,0,0,0,0,0,0,0,0,0,0,0,0,0,0,0,0.229339306261025,0,0,0,0,0,0,0,0,0,0,0,0,0,0,0,0,0,0,0,0,0,0,0,0,0,0,0,0,0
0.183727024238685,0,0.136467080890087,0,0,0,0,0,0,0,0,0,0,0,0.151368638277054,0,0.366700917758324,0,0.304519410094907,0,0,0,0,0,0.260725382496329,0,0,0,0,0,0,0,0,0,0,0,0,0,0.216966582815858,0,0.566307306289673,0,0.203949493773144,0,0,0,0.305591553449631,0,0.184780951057162,0,0.186614394187927,0,0,0,0.202618529285703,0,0.305129478375117,0,0,0,0.19187000559436,0,0,0,0,0,0,0.219660121798515,0,0.21840213611722,0,0,0,0,0,0,0,0.295457497239113,0,0.486402786203793,0,0.269244121278034,0.227792166652703,0,0.228573065612237,0,0.211384772768487
0,0.146783298812807,0,0.190753363072872,0,0.187964981421828,0,0,0,0,0,0,0,0,0,0.23934974686171,0,0.19972508932863,0.18275177727143,0,0,0.265794426202774,0,0.167558007182613,0,0,0,0,0,0,0,0,0,0,0,0,0,0.230129913086929,0,0.309712082147598,0,0.209002248942852,0.243804827332497,0,0,0,0,0.35774739086628,0,0.223140526562929,0,0.177878141403198,0,0,0,0.203792242472949,0,0.315240010619164,0,0,0,0.247313115124901,0,0.308852702379227,0,0,0.212325938045979,0,0,0,0,0,0,0,0,0,0,0,0.284265510737896,0,0.242114899525965,0,0.19092720499677,0,0.156473525559779,0,0
0,0,0,0,0,0,0,0,0,0,0,0,0.151309928450829,0,0,0,0,0,0,0,0.143185595588089,0,0,0,0,0,0,0,0,0,0.146030297646156,0,0,0,0,0,0.154533486943396,0,0.13592719562489,0,0,0,0.279427587985992,0,0,0,0.385540768504143,0,0,0,0,0,0,0,0,0,0.170114279606126,0,0.151424875749009,0,0,0,0,0.284716328670239,0,0,0,0,0,0,0,0,0,0.192311546341939,0,0,0,0,0,0.165940434948818,0,0.150630781603925,0.146160414814949,0,0.18934278935194,0,0
0,0,0,0,0,0,0,0,0,0,0,0,0,0.186277954960647,0,0,0,0,0,0.148470452858829,0,0,0,0,0,0,0,0.161841617705666,0,0.157704181969166,0,0,0,0,0,0.15045823326622,0,0.151246824576596,0,0,0,0,0,0,0,0,0,0,0,0,0,0,0,0,0,0,0,0.171680540110158,0,0.18707704022781,0,0,0.17422309138213,0,0,0,0,0,0,0,0.159980416297913,0,0.149929115176201,0,0,0,0,0,0.166778357256026,0,0.15565775790575,0,0.171046838471814,0,0,0,0
0,0,0,0,0,0,0.125516962949876,0,0,0,0.151309928450829,0,0,0,0.159443745487615,0,0,0,0,0,0,0,0,0,0,0,0,0,0,0,0.15547876060009,0,0,0,0,0,0,0,0,0,0,0,0,0,0,0,0,0,0,0,0,0,0,0,0,0,0,0,0.159492107436937,0,0.154943120148447,0,0,0,0,0,0,0,0,0,0,0,0,0.155443653464317,0,0,0,0,0,0,0,0,0,0.187925723691781,0,0,0
0,0,0,0.239888909459114,0,0,0,0,0,0,0,0.186277954960647,0,0,0,0.146894758360253,0,0,0,0,0,0,0,0,0,0,0,0,0,0,0,0,0,0,0,0,0,0,0,0,0,0,0,0,0,0,0,0,0,0,0,0.242544470088822,0,0,0,0,0,0.173731181593168,0,0.161643974061282,0,0.140100592790648,0,0,0,0,0,0,0,0,0,0,0,0,0,0,0,0,0,0,0,0,0.109314879775047,0.200187429785728,0.267029789090157,0,0
0,0,0,0,0,0,0,0,0.151368638277054,0,0,0,0.159443745487615,0,0,0,0,0,0,0,0,0,0,0,0,0,0,0,0,0,0,0,0,0,0,0,0,0,0,0,0,0,0,0,0,0,0,0,0,0,0,0,0,0,0.166668055921185,0,0,0,0.141423958539963,0,0.15740982655968,0,0,0,0,0,0,0,0,0,0,0,0,0,0,0,0,0,0,0,0,0,0,0,0,0,0
0,0.223953016102314,0,0,0,0,0,0,0,0.23934974686171,0,0,0,0.146894758360253,0,0,0,0,0,0,0,0,0,0,0,0.175804406404495,0,0,0,0,0,0,0,0,0,0,0,0,0,0,0,0,0,0,0,0,0,0,0,0,0,0,0,0,0,0.254265334407488,0,0,0,0,0,0.306025566657384,0,0,0,0,0.245686873793602,0,0,0,0,0,0,0,0,0,0,0,0,0,0,0,0.156853774014641,0.162131251767278,0.242397516965866,0,0
0.482505578370321,0,0,0,0,0,0,0,0.366700917758324,0,0,0,0,0,0,0,0,0.164567777727041,0.299713783092456,0,0,0.189996508615358,0.119403005017798,0.135894656181335,0.171778445066226,0.196106808467044,0.126132387614928,0,0,0,0,0,0,0,0,0,0,0,0,0.332172060296649,0.326395194163689,0.279733580019739,0.28558008504721,0,0,0.308020310103893,0.32480532028636,0,0,0,0,0,0,0,0,0,0,0,0,0,0,0,0.336803247531255,0.3312936264735,0,0,0,0,0.204157615701358,0,0,0,0,0,0,0,0,0,0.344118766632735,0.367573718792238,0.421433289845784,0.300830981561116,0.222411495850759,0.143640768916711,0.355662174376787,0.287007011473179,0.288349417348703
0.314887687563896,0.291785418987274,0,0.305571635564168,0,0,0,0,0,0.19972508932863,0,0,0,0,0,0,0.164567777727041,0,0.312990364104336,0,0,0.177027970179915,0.184172889217734,0.173511991898219,0.182182595133781,0.179393349710216,0.19040725593056,0,0,0,0,0,0,0,0,0,0,0,0,0.338845017936922,0.320840610021895,0.297052357045301,0.277407026825807,0.318981885910034,0,0.317304844275499,0.334257162715259,0,0,0,0,0,0,0,0,0.272803440690041,0,0,0,0,0,0,0.338528001172976,0.324331245639107,0,0,0.170517084775148,0,0.199277231942362,0,0,0,0.311922719081243,0,0,0,0,0,0.365166538263084,0.351157551062734,0.405687463283539,0,0.201510808371803,0.170620082870619,0.339107837564394,0.30887065448013,0.264346865937114
0.428076129226849,0.357538626194,0.308667979306645,0.285596748957267,0,0,0,0,0.304519410094907,0.18275177727143,0,0,0,0,0,0,0.299713783092456,0.312990364104336,0,0,0,0.257213061506098,0.279859075943629,0,0.284964171903474,0.272910128940235,0.250873627762,0,0,0,0,0,0,0,0,0,0,0,0,0.363871033280005,0.33059071204492,0.254088143463941,0.251232095122187,0.248236560008743,0.230501274267832,0.32506507896581,0.349408548609777,0,0.301218801736832,0.307660102844238,0,0,0,0,0,0,0.295352999653135,0.421818886697292,0,0,0,0,0.346132367255941,0.347231327526031,0,0,0.193295404314995,0,0.275007772445679,0,0,0,0.407686562008328,0,0,0,0,0,0.415589602811115,0.399603085896534,0.480055465771441,0.32737854548863,0.272560184240567,0.292195089161396,0.388298417721292,0.267887194564036,0.269590849069511
0,0,0,0,0,0.164622738957405,0,0.16902055484908,0,0,0,0.148470452858829,0,0,0,0,0,0,0,0,0,0,0,0,0,0,0,0,0,0,0,0,0,0,0,0.162087310014384,0,0.149135850626847,0,0,0,0,0,0,0,0.226773127913475,0,0,0,0,0,0.20693943426013,0,0,0,0,0,0.18404275085777,0,0,0,0,0.159587495028973,0,0,0,0,0,0,0,0,0,0,0,0,0,0,0,0.164303402815546,0,0,0,0.155894558756582,0,0.199700107628649,0,0
0,0,0,0,0.142016251881917,0,0.122865915894508,0,0,0,0.143185595588089,0,0,0,0,0,0,0,0,0,0,0,0,0,0,0,0,0,0,0,0,0,0,0,0,0,0.139689706310809,0,0.153703579357986,0,0.284271225333214,0,0,0,0,0,0.299184237207685,0,0.231086865067482,0,0.16081936236309,0,0.127867984771729,0,0,0,0.18907963751207,0.312378168106079,0,0,0,0,0,0.208027545937258,0,0,0,0,0,0,0,0,0,0,0,0,0,0,0,0.153415864643951,0,0.17755058172502,0.192014192828553,0,0.178146436441479,0,0
0,0,0,0,0,0,0,0,0,0.265794426202774,0,0,0,0,0,0,0.189996508615358,0.177027970179915,0.257213061506098,0,0,0,0.0940975115528542,0.256455790665415,0,0.145021479576826,0,0.111485020816326,0,0,0,0,0,0,0,0,0,0.360382193377368,0,0.304651707410812,0,0,0,0,0,0,0,0.358585022113941,0,0.452158449523485,0,0,0,0,0,0,0,0,0,0,0,0,0.345232725143433,0,0.193006611928299,0.101585791799529,0.287923393150171,0,0,0,0,0,0,0,0,0,0,0,0,0.34232559800148,0.322062311221731,0,0.135222512142112,0.145143452100456,0.365200653672218,0,0
0,0,0,0,0,0,0,0,0,0,0,0,0,0,0,0,0.119403005017798,0.184172889217734,0.279859075943629,0,0,0.0940975115528542,0,0,0.158327099916182,0,0.122140966355801,0,0.137993757081918,0,0,0,0,0,0,0,0,0.10086315870285,0.205067542417726,0,0,0.262411534786224,0,0,0,0,0,0,0.257930246466085,0,0,0,0,0,0,0,0,0,0,0,0,0,0,0,0.134045280516148,0.217656712503631,0,0.164556436240673,0,0,0,0.125300473400525,0,0,0,0,0,0,0,0,0,0.242632663362079,0.122898706257707,0.144546197106441,0,0,0
0,0,0,0,0,0,0,0,0,0.167558007182613,0,0,0,0,0,0,0.135894656181335,0.173511991898219,0,0,0,0.256455790665415,0,0,0,0.13988071680069,0,0,0,0,0,0,0,0,0,0,0,0.217701517347548,0,0,0,0.179447203874588,0,0,0,0,0,0.352903187274933,0,0.367423252867801,0,0,0,0,0,0.170464113354683,0,0,0,0,0,0,0,0,0.262799829244614,0,0.299336445187369,0,0,0,0,0,0,0,0,0,0,0,0,0,0.235301512322441,0,0.173122416234623,0,0.335387769567816,0,0
0.22279492020607,0,0,0,0,0,0,0,0.260725382496329,0,0,0,0,0,0,0,0.171778445066226,0.182182595133781,0.284964171903474,0,0,0,0.158327099916182,0,0,0,0.132613972127438,0,0,0,0,0,0,0,0,0,0,0,0.339413702945036,0,0,0,0.26796019077301,0,0,0,0.32820850610733,0,0.286992993619707,0,0,0,0,0,0.270025963099991,0,0,0,0,0,0.2373958081007,0,0,0,0,0.166752638916175,0,0.273725442054329,0,0.161291962116957,0,0,0,0,0,0,0,0,0,0,0,0.236494170931669,0.188992670908266,0,0.289097456404796,0,0
0,0,0,0,0,0,0,0,0,0,0,0,0,0,0,0.175804406404495,0.196106808467044,0.179393349710216,0.272910128940235,0,0,0.145021479576826,0,0.13988071680069,0,0,0,0.12740863673389,0,0,0,0,0,0,0,0,0,0,0,0,0,0,0,0,0,0,0,0,0,0,0,0,0,0,0,0,0,0,0,0,0,0,0,0,0,0,0.133609104018236,0,0.144900664687157,0,0,0,0,0,0,0,0,0,0,0,0,0,0.196774702381205,0,0.267848581075668,0,0
0,0,0,0,0,0,0,0,0,0,0,0,0,0,0,0,0.126132387614928,0.19040725593056,0.250873627762,0,0,0,0.122140966355801,0,0.132613972127438,0,0,0,0,0,0,0,0,0,0,0,0,0,0,0,0.419079661369324,0,0,0,0,0,0,0,0,0,0,0,0,0,0,0,0,0,0,0,0,0,0.329055428504944,0,0,0,0,0.134268414229155,0,0,0,0,0,0,0,0,0,0,0,0,0,0,0.142510967329144,0,0,0,0
0,0,0,0,0,0,0,0,0,0,0,0.161841617705666,0,0,0,0,0,0,0,0,0,0.111485020816326,0,0,0,0.12740863673389,0,0,0,0.154768743857969,0,0,0,0,0,0,0,0.155273269047029,0,0,0,0,0,0,0,0,0,0,0,0,0,0,0,0,0,0,0,0,0,0.141240941452198,0,0,0,0,0,0,0,0,0,0,0.15700721749447,0,0.131348624825478,0,0,0,0,0,0,0,0,0,0.162826970219612,0,0,0,0
0,0,0,0,0,0,0,0,0,0,0,0,0,0,0,0,0,0,0,0,0,0,0.137993757081918,0,0,0,0,0,0,0,0.127737218683416,0,0,0,0,0,0,0,0.109497748315334,0,0,0,0,0,0,0,0,0,0,0,0,0,0,0,0,0,0,0,0,0,0,0,0,0,0,0.145351390043894,0,0,0,0,0,0.14671244389481,0,0,0,0,0,0,0,0,0,0,0,0,0,0,0
0,0,0,0,0,0,0,0,0,0,0,0.157704181969166,0,0,0,0,0,0,0,0,0,0,0,0,0,0,0,0.154768743857969,0,0,0,0,0,0,0,0,0,0.160685157074648,0,0,0,0,0,0,0,0,0,0,0,0,0,0,0,0,0,0,0,0,0,0,0,0,0,0,0,0,0,0,0,0,0.157877346650878,0,0.171282555302376,0,0,0,0,0,0,0,0.13656345648425,0,0.158843703567982,0,0,0,0
0,0,0,0,0,0,0,0,0,0,0.146030297646156,0,0.15547876060009,0,0,0,0,0,0,0,0,0,0,0,0,0,0,0,0.127737218683416,0,0,0,0,0,0,0,0,0,0,0,0,0,0,0,0,0,0,0,0,0,0,0,0,0,0,0,0,0,0.157162606716156,0,0,0,0,0,0,0,0,0,0,0,0,0,0,0.151925342172627,0,0,0,0,0,0,0,0,0.152754996385839,0,0,0,0
0,0,0,0,0,0,0,0,0,0,0,0,0,0,0,0,0,0,0,0,0,0,0,0,0,0,0,0,0,0,0,0,0.222619671719456,0.17375373840332,0,0.138608957578739,0.118132085285404,0,0,0,0,0,0,0,0,0,0,0.46321337839986,0,0.460579137007395,0,0,0,0,0,0,0,0,0,0,0,0,0,0,0,0,0,0,0,0,0,0,0,0,0.257437773003447,0.1917323498902,0.234412267804146,0.147312255842345,0.320572640328484,0.11593951352618,0,0,0.140304592748483,0,0,0,0
0,0,0,0,0,0,0,0,0,0,0,0,0,0,0,0,0,0,0,0,0,0,0,0,0,0,0,0,0,0,0,0.222619671719456,0,0.196584517464918,0,0.148493733845259,0.148841701447964,0,0,0,0,0,0,0,0,0,0,0.322649444600568,0,0,0,0,0,0,0,0,0,0,0,0,0,0,0,0,0,0,0,0,0,0,0,0,0,0,0.203787692436358,0.270901524274493,0.155415572226048,0,0.156743804613749,0.323041168176552,0,0,0.194621939389479,0,0,0,0
0,0,0,0,0,0,0,0,0,0,0,0,0,0,0,0,0,0,0,0,0,0,0,0,0,0,0,0,0,0,0,0.17375373840332,0.196584517464918,0,0.232791585911502,0.168790952467979,0,0.358766294214674,0.166303320093588,0,0,0,0,0,0,0,0,0.441413132044552,0.556184376279513,0,0,0,0,0,0,0,0,0,0,0,0,0,0,0,0,0,0,0,0,0,0,0,0,0,0.193278655409813,0.148103620857,0.174124467742006,0.190469323281656,0.155946217477322,0,0.408142888848519,0.231699544267777,0.361233673465084,0,0,0,0
0,0,0,0,0,0,0,0,0,0,0,0,0,0,0,0,0,0,0,0,0,0,0,0,0,0,0,0,0,0,0,0,0,0.232791585911502,0,0.124328568577766,0.160265383527339,0,0.334492921661795,0,0,0,0,0,0,0,0,0.39875708736316,0,0.563035405107907,0,0,0,0,0,0,0,0,0,0,0,0,0,0,0,0,0,0,0,0,0,0,0,0,0,0,0.177314693081206,0.308342918364763,0,0.137410454452038,0,0.466753416021845,0.217657772581214,0,0,0,0
0,0,0,0.223009679466486,0,0.182360932230949,0,0,0,0,0,0.15045823326622,0,0,0,0,0,0,0,0.162087310014384,0,0,0,0,0,0,0,0,0,0,0,0.138608957578739,0.148493733845259,0.168790952467979,0.124328568577766,0,0.161950318579043,0.142811895782435,0,0.2326774969697,0,0.250567227602005,0,0,0,0.188808597232166,0,0,0,0.306005835533142,0,0,0,0,0,0,0,0.140509686335921,0,0,0,0,0.147960631325958,0,0,0,0,0,0,0,0.270758926868439,0,0.290487751364708,0,0.147489730061756,0,0.169733585113973,0,0.201510574863794,0.156925442525082,0.18221466892336,0,0.161875324820479,0.167056351900101,0.201885866529164,0,0
0,0,0.255732198556264,0,0,0,0,0,0,0,0.154533486943396,0,0,0,0,0,0,0,0,0,0.139689706310809,0,0,0,0,0,0,0,0,0,0,0.118132085285404,0.148841701447964,0,0.160265383527339,0.161950318579043,0,0,0.15109196799594,0,0,0,0.301224157214165,0,0,0,0.210976627337027,0,0,0,0,0,0,0,0,0,0.158485688078911,0,0,0,0,0,0,0.1819369797615,0,0,0,0,0,0,0,0,0,0,0,0.130024362355471,0,0.178629518063231,0.14881413035533,0.204197180127533,0,0.211349093043841,0.160045283092997,0.129468701779842,0.24851696725954,0,0
0,0.193330973386765,0,0.228302694857121,0,0,0,0,0,0.230129913086929,0,0.151246824576596,0,0,0,0,0,0,0,0.149135850626847,0,0.360382193377368,0.10086315870285,0.217701517347548,0,0,0,0.155273269047029,0,0.160685157074648,0,0,0,0.358766294214674,0,0.142811895782435,0,0,0.173612319315091,0,0,0.396282623211543,0,0,0,0,0,0.481192962266505,0,0.455686036721066,0,0,0,0,0,0.267084515623508,0,0.155046437238475,0,0,0,0,0.172216834088342,0,0.408443273537689,0,0.370278510030197,0,0,0,0.160910979906718,0,0.153445447484652,0,0,0,0.320600911719093,0,0.224689465707491,0,0.282887066276967,0.134674208937213,0.28779510056017,0.262256592512131,0.331344856619835,0.228480413556099,0
0,0,0,0,0,0,0,0,0.216966582815858,0,0.13592719562489,0,0,0,0,0,0,0,0,0,0.153703579357986,0,0.205067542417726,0,0.339413702945036,0,0,0,0.109497748315334,0,0,0,0,0.166303320093588,0.334492921661795,0,0.15109196799594,0.173612319315091,0,0,0,0,0,0,0,0,0.285274386405945,0.369716314946191,0.413532823522285,0,0,0,0,0,0.263088628593268,0,0.158150083161472,0,0,0,0,0,0,0.218644474825725,0,0.312458555585671,0,0.348605432913671,0,0,0,0.129197239875793,0,0,0,0,0,0.343940839898295,0,0.229547175600101,0,0.266481025078526,0.167837173141565,0,0.398508530252141,0,0
0,0.395205025374889,0.291921926581341,0.294074409046481,0.259205902616183,0,0,0,0,0.309712082147598,0,0,0,0,0,0,0.332172060296649,0.338845017936922,0.363871033280005,0,0,0.304651707410812,0,0,0,0,0,0,0,0,0,0,0,0,0,0.2326774969697,0,0,0,0,0.287682416347357,0.314689391734547,0.322579470773538,0.365909441959026,0,0.31283876170863,0.283638206975801,0.339252982288599,0,0.259011910844174,0,0.286425971322589,0,0,0,0,0.302954848045888,0.351541747649511,0,0,0,0,0.308019225737884,0.322501307725906,0,0,0,0,0,0,0,0,0.36768082097957,0,0,0,0,0,0.338741778086498,0.36513014237086,0.374668947037529,0,0.336600804461895,0.334955228865147,0.309387282281509,0.313886481036251,0
0.539012055099011,0,0.273385273022506,0.294813714244149,0.275707215070724,0,0,0,0.566307306289673,0,0,0,0,0,0,0,0.326395194163689,0.320840610021895,0.33059071204492,0,0.284271225333214,0,0,0,0,0,0.419079661369324,0,0,0,0,0,0,0,0,0,0,0,0,0.287682416347357,0,0.290159125861369,0.281348150258989,0,0.309870243475244,0.27302965096065,0.312378966129652,0,0.235586208588368,0,0,0,0,0,0,0,0.300696328282356,0.315945327281952,0,0,0,0,0.288980066776276,0.263989194936759,0,0,0,0,0,0,0,0,0.312291766916003,0.434710890054703,0,0,0,0,0.350001656720715,0.295415827515032,0.277949891984463,0.23079126723047,0.338577672364857,0.315969201533691,0.296634941236714,0.312093615531921,0.270525698402995
0,0.35593189187696,0.340964713517357,0.316432443601233,0,0.296636392672857,0,0,0,0.209002248942852,0,0,0,0,0,0,0.279733580019739,0.297052357045301,0.254088143463941,0,0,0,0.262411534786224,0.179447203874588,0,0,0,0,0,0,0,0,0,0,0,0.250567227602005,0,0.396282623211543,0,0.314689391734547,0.290159125861369,0,0.289313007749262,0.252402846302305,0,0.31424404818384,0.321536769469579,0.376450777053833,0.452084064483643,0.438865618934798,0,0.295550997440632,0,0,0,0.205591823373522,0.342205648238842,0.355653229179149,0,0.370599210262299,0,0.27187368273735,0.332452589986359,0.319724924862385,0,0,0,0,0,0,0,0,0.298123998980867,0,0,0,0,0,0.336358864791908,0.344366328871768,0.381586311636744,0,0.273284541671888,0.326126551602857,0.344925519640885,0.262318751773796,0.266372911632061
0.303880577640874,0,0.295001407740293,0.316771662661007,0.242927732566992,0.280078262090683,0,0,0.203949493773144,0.243804827332497,0.279427587985992,0,0,0,0,0,0.28558008504721,0.277407026825807,0.251232095122187,0,0,0,0,0,0.26796019077301,0,0,0,0,0,0,0,0,0,0,0,0.301224157214165,0,0,0.322579470773538,0.281348150258989,0.289313007749262,0,0,0.192232139408588,0.307289361953735,0.307618637862679,0.405279286702474,0.364817709250506,0.436689168214798,0.226922482252121,0.273034363985062,0,0,0.192098557949066,0,0.38766614313309,0.339996760090192,0,0,0,0,0.293897261222204,0.301159180820872,0,0,0,0,0,0,0,0,0.323249340057373,0.386954910225338,0,0,0,0,0.302189125865698,0.310881982174589,0.316717833280563,0.245250184906692,0.28576641679974,0.30616218211439,0.334011264486404,0,0.251906175575824
0,0,0,0,0,0,0,0,0,0,0,0,0,0,0,0,0,0.318981885910034,0.248236560008743,0,0,0,0,0,0,0,0,0,0,0,0,0,0,0,0,0,0,0,0,0.365909441959026,0,0.252402846302305,0,0,0,0.374121582508087,0,0,0,0,0,0,0,0,0,0,0,0,0,0,0,0,0.376912573973338,0,0,0,0,0,0,0,0,0,0,0,0,0,0,0,0.401323379576206,0,0,0,0.257488675214149,0,0.281798940371065,0.308333963155746,0
0,0,0,0,0,0,0,0,0,0,0,0,0,0,0,0,0,0,0.230501274267832,0,0,0,0,0,0,0,0,0,0,0,0,0,0,0,0,0,0,0,0,0,0.309870243475244,0,0.192232139408588,0,0,0,0.285147599875927,0,0,0,0,0,0,0,0,0,0,0,0,0,0,0,0,0.312236175817602,0,0,0,0,0,0,0,0,0,0,0,0,0,0,0,0.348744623363018,0,0,0.285922987570225,0.283860486745834,0.261400757773409,0,0
0,0.265005499124527,0.280663430690765,0.256460065487772,0,0,0,0,0,0,0,0,0,0,0,0,0.308020310103893,0.317304844275499,0.32506507896581,0.226773127913475,0,0,0,0,0,0,0,0,0,0,0,0,0,0,0,0.188808597232166,0,0,0,0.31283876170863,0.27302965096065,0.31424404818384,0.307289361953735,0.374121582508087,0,0,0.24858146905899,0,0,0.243153307172987,0,0.232796967029572,0,0,0,0,0.295560548702876,0.324448043480515,0,0,0,0,0.267130412566306,0.349595695734024,0,0,0,0,0,0,0,0,0.330706958546706,0,0,0,0,0,0.290197823816742,0.398728206753731,0.369870411428538,0,0.277392880662993,0.279058258884992,0.294687675116372,0.30134872160852,0
0.320033256565371,0,0.220076315104961,0.287762444052431,0.195598602294922,0.301837623119354,0,0,0.305591553449631,0,0.385540768504143,0,0,0,0,0,0.32480532028636,0.334257162715259,0.349408548609777,0,0.299184237207685,0,0,0,0.32820850610733,0,0,0,0,0,0,0,0,0,0,0,0.210976627337027,0,0.285274386405945,0.283638206975801,0.312378966129652,0.321536769469579,0.307618637862679,0,0.285147599875927,0.24858146905899,0,0,0.22253162839583,0.271191318829854,0,0.25674307346344,0,0,0,0,0.297155669814831,0.290485656509797,0,0,0,0,0.336021095514297,0.27383569484577,0,0,0,0,0,0,0,0,0.337621729820967,0,0,0,0,0,0.371754036843777,0.289028749729407,0.340760946273804,0.329783672999058,0.292313770755478,0.300846097482876,0.319181214405387,0,0.274154603481293
0,0,0,0,0,0,0,0,0,0.35774739086628,0,0,0,0,0,0,0,0,0,0,0,0.358585022113941,0,0.352903187274933,0,0,0,0,0,0,0,0.46321337839986,0.322649444600568,0.441413132044552,0.39875708736316,0,0,0.481192962266505,0.369716314946191,0.339252982288599,0,0.376450777053833,0.405279286702474,0,0,0,0,0,0.428387938992326,0.405664837367003,0,0,0,0,0,0,0,0,0,0,0,0,0,0,0.354792614777883,0,0.39988216633598,0,0,0,0,0,0,0,0.412757439676084,0.325416814768524,0.220612774292628,0.409262689971708,0.385755455131576,0.382024749507137,0.460683129187118,0.439394019121554,0.391458442278553,0,0.558977291074983,0,0
0.148033261896888,0,0.176597369844048,0,0,0,0,0,0.184780951057162,0,0,0,0,0,0,0,0,0,0.301218801736832,0,0.231086865067482,0,0.257930246466085,0,0.286992993619707,0,0,0,0,0,0,0,0,0.556184376279513,0,0,0,0,0.413532823522285,0,0.235586208588368,0.452084064483643,0.364817709250506,0,0,0,0.22253162839583,0.428387938992326,0,0.326673562691298,0,0,0,0,0.244206634752544,0,0.319603650271893,0,0,0,0.201003630956014,0,0,0.256940032045047,0,0.297821520941287,0,0.316694837546986,0,0.283778152118127,0,0.255497400374974,0,0.300069590409597,0,0,0,0,0.280818551778793,0.280900968519669,0,0.354277371780623,0.364561834321128,0.271857976913452,0.337176314203367,0,0
0,0.260742607559822,0.292855028595243,0.24811564082218,0,0,0,0,0,0.223140526562929,0,0,0,0,0,0,0,0,0.307660102844238,0,0,0.452158449523485,0,0.367423252867801,0,0,0,0,0,0,0,0.460579137007395,0,0,0.563035405107907,0.306005835533142,0,0.455686036721066,0,0.259011910844174,0,0.438865618934798,0.436689168214798,0,0,0.243153307172987,0.271191318829854,0.405664837367003,0.326673562691298,0,0,0.289234578609467,0,0,0,0.217980689440782,0.298495461543401,0.313784691273357,0,0.332566565275192,0,0.235445133737616,0.284488946199417,0,0.2379054143502,0,0.323516697120765,0,0.296091520786285,0,0.299591573976701,0,0.316132766414772,0,0,0.44515734910965,0,0.596490412950516,0.265742906658076,0.294020136197408,0.413058418703843,0,0.348382751070007,0.288076428075631,0.31624393759526,0.370584696531296,0
0,0,0.215113324812755,0,0.161613885026712,0,0,0,0.186614394187927,0,0,0,0,0,0,0,0,0,0,0,0.16081936236309,0,0,0,0,0,0,0,0,0,0,0,0,0,0,0,0,0,0,0,0,0,0.226922482252121,0,0,0,0,0,0,0,0,0,0,0,0,0,0.237192734800003,0,0.219580432822724,0,0.2029924984773,0,0,0,0,0,0,0,0,0,0,0,0,0,0,0,0,0,0,0,0,0,0,0,0.196653630295301,0,0
0,0,0.287628591060638,0.230045503269914,0,0.214685402214527,0,0,0,0.177878141403198,0,0,0,0.242544470088822,0,0,0,0,0,0.20693943426013,0,0,0,0,0,0,0,0,0,0,0,0,0,0,0,0,0,0,0,0.286425971322589,0,0.295550997440632,0.273034363985062,0,0,0.232796967029572,0.25674307346344,0,0,0.289234578609467,0,0,0,0.224375680088997,0,0.182104799151421,0.326440989971161,0.232049111263794,0,0.238331618634137,0,0,0,0,0,0,0,0,0,0,0,0,0.312625633818763,0,0,0,0,0,0.266525702344047,0.318187266588211,0.295337369044622,0,0.178788245966037,0.181449767202139,0.27228360673463,0,0
0,0,0,0,0,0,0,0,0,0,0,0,0,0,0,0,0,0,0,0,0.127867984771729,0,0,0,0,0,0,0,0,0,0,0,0,0,0,0,0,0,0,0,0,0,0,0,0,0,0,0,0,0,0,0,0,0,0,0,0,0,0,0,0,0,0,0,0,0,0,0,0,0,0,0,0,0,0,0,0,0,0,0,0,0,0,0,0,0,0
0,0,0,0,0,0,0,0,0,0,0,0,0,0,0,0,0,0,0,0,0,0,0,0,0,0,0,0,0,0,0,0,0,0,0,0,0,0,0,0,0,0,0,0,0,0,0,0,0,0,0,0.224375680088997,0,0,0,0,0,0.240554089608945,0,0,0,0,0,0,0,0,0,0,0,0,0,0,0,0,0,0,0,0,0,0,0,0,0,0,0,0,0
0.191346859335899,0,0,0,0,0,0,0,0.202618529285703,0,0,0,0,0,0.166668055921185,0,0,0,0,0,0,0,0,0,0.270025963099991,0,0,0,0,0,0,0,0,0,0,0,0,0,0.263088628593268,0,0,0,0.192098557949066,0,0,0,0,0,0.244206634752544,0,0,0,0,0,0,0,0,0,0,0,0.190391107322648,0,0,0,0,0,0,0.258107441336774,0,0.228948141283849,0,0,0,0,0,0,0,0.366735279560089,0,0,0,0.315857214587075,0.202938085252588,0,0.253962032198906,0,0.194611728191376
0,0.19545120479548,0,0.127230848185718,0,0.188140641973943,0,0,0,0.203792242472949,0,0,0,0,0,0.254265334407488,0,0.272803440690041,0,0,0,0,0,0.170464113354683,0,0,0,0,0,0,0,0,0,0,0,0,0,0.267084515623508,0,0,0,0.205591823373522,0,0,0,0,0,0,0,0.217980689440782,0,0.182104799151421,0,0,0,0,0,0,0,0,0,0.226992465762291,0,0,0,0,0.232079405059851,0,0,0,0,0,0,0,0,0,0,0,0.280833423137665,0,0.275342106552107,0,0.210440164698022,0,0.174562447458163,0.271980553865433,0
0.337728917598724,0,0.301400359719992,0.353231915997134,0.209210783243179,0.315819621086121,0,0,0.305129478375117,0,0.170114279606126,0,0,0,0,0,0,0,0.295352999653135,0,0.18907963751207,0,0,0,0,0,0,0,0,0,0,0,0,0,0,0,0.158485688078911,0,0.158150083161472,0.302954848045888,0.300696328282356,0.342205648238842,0.38766614313309,0,0,0.295560548702876,0.297155669814831,0,0.319603650271893,0.298495461543401,0.237192734800003,0.326440989971161,0,0,0,0,0,0.338862937688828,0.256364297866821,0,0,0,0.319406177848577,0.301665743368731,0,0,0,0,0,0,0.335061311721802,0,0.345895467201869,0.211608832081159,0,0,0,0,0.328306577035359,0.221759126541462,0.337294412510736,0.150147269103701,0.170347301631558,0,0.346205507112102,0,0.326516732573509
0,0.344182005826978,0.344850863019625,0.331370507745625,0,0.237416748489652,0,0.229339306261025,0,0.315240010619164,0,0.171680540110158,0,0.173731181593168,0,0,0,0,0.421818886697292,0.18404275085777,0.312378168106079,0,0,0,0,0,0,0,0,0,0,0,0,0,0,0.140509686335921,0,0.155046437238475,0,0.351541747649511,0.315945327281952,0.355653229179149,0.339996760090192,0,0,0.324448043480515,0.290485656509797,0,0,0.313784691273357,0,0.232049111263794,0,0.240554089608945,0,0,0.338862937688828,0,0,0.342345112721125,0,0.302862126093644,0.326414173605752,0.347735327482224,0,0,0,0,0,0,0.380794032902469,0,0.351590836840807,0,0,0,0,0,0.31758099177788,0.343193660179774,0.215009089559317,0.332588106393814,0.281493017280644,0.328013850582971,0.357005348185013,0.37274209877192,0
0,0,0.246364776383747,0,0,0,0.127740536034107,0,0,0,0.151424875749009,0,0.159492107436937,0,0.141423958539963,0,0,0,0,0,0,0,0,0,0,0,0,0,0,0,0.157162606716156,0,0,0,0,0,0,0,0,0,0,0,0,0,0,0,0,0,0,0,0.219580432822724,0,0,0,0,0,0.256364297866821,0,0,0,0.229542247951031,0,0,0,0,0,0,0,0,0,0,0,0,0,0,0,0,0,0,0,0,0,0.140374917536974,0,0,0,0
0,0.323980401646584,0,0.231643183247108,0,0,0,0,0,0,0,0.18707704022781,0,0.161643974061282,0,0,0,0,0,0,0,0,0,0,0,0,0,0.141240941452198,0,0,0,0,0,0,0,0,0,0,0,0,0,0.370599210262299,0,0,0,0,0,0,0,0.332566565275192,0,0.238331618634137,0,0,0,0,0,0.342345112721125,0,0,0,0.302018194480707,0,0,0,0,0,0,0,0,0,0,0,0,0,0,0,0,0,0,0,0,0,0,0.324027378029293,0,0
0.172310496116207,0,0.204144202172756,0,0,0,0,0,0.19187000559436,0,0,0,0.154943120148447,0,0.15740982655968,0,0,0,0,0,0,0,0,0,0.2373958081007,0,0,0,0,0,0,0,0,0,0,0,0,0,0,0,0,0,0,0,0,0,0,0,0.201003630956014,0,0.2029924984773,0,0,0,0.190391107322648,0,0,0,0.229542247951031,0,0,0,0,0,0,0,0,0.211118623614311,0,0.212037443121274,0,0,0,0,0,0,0,0,0,0,0,0,0,0,0.233022899312132,0,0
0,0.232867064639445,0,0.256184128940933,0,0,0,0,0,0.247313115124901,0,0,0,0.140100592790648,0,0.306025566657384,0,0,0,0,0,0,0,0,0,0,0,0,0,0,0,0,0,0,0,0,0,0,0,0,0,0.27187368273735,0,0,0,0,0,0,0,0.235445133737616,0,0,0,0,0,0.226992465762291,0,0.302862126093644,0,0.302018194480707,0,0,0,0,0,0,0,0,0.141923916008737,0,0,0,0,0,0,0,0,0,0,0,0,0,0,0,0.25118833567415,0,0
0,0.393163651227951,0.33854813211494,0.279051821340214,0,0.240301469961802,0,0,0,0,0,0.17422309138213,0,0,0,0,0.336803247531255,0.338528001172976,0.346132367255941,0.159587495028973,0,0.345232725143433,0,0,0,0,0.329055428504944,0,0,0,0,0,0,0,0,0.147960631325958,0,0.172216834088342,0,0.308019225737884,0.288980066776276,0.332452589986359,0.293897261222204,0.376912573973338,0,0.267130412566306,0.336021095514297,0,0,0.284488946199417,0,0,0,0,0,0,0.319406177848577,0.326414173605752,0,0,0,0,0,0.344359057290213,0,0,0,0,0,0,0.360227048397064,0,0.35288053445327,0,0,0,0,0,0.270098059118006,0.334630623459816,0.293778439261819,0,0.319725212784341,0.340594351291656,0.302302547803107,0.340373148520788,0.307360053062439
0.337435020506382,0,0.274216640649772,0.333487114736012,0.214718639850616,0,0,0,0,0.308852702379227,0.284716328670239,0,0,0,0,0,0.3312936264735,0.324331245639107,0.347231327526031,0,0.208027545937258,0,0,0,0,0,0,0,0,0,0,0,0,0,0,0,0.1819369797615,0,0.218644474825725,0.322501307725906,0.263989194936759,0.319724924862385,0.301159180820872,0,0.312236175817602,0.349595695734024,0.27383569484577,0,0.256940032045047,0,0,0,0,0,0,0,0.301665743368731,0.347735327482224,0,0,0,0,0.344359057290213,0,0,0,0,0,0,0,0,0,0.326427690684795,0.419998496770859,0,0,0,0,0.361095881887845,0.249494697543669,0.427892416715622,0.268950225683776,0.278603115509595,0.321789558976889,0.331168004751571,0,0.303721151418156
0,0,0,0,0,0,0,0,0,0,0,0,0,0,0,0,0,0,0,0,0,0.193006611928299,0.134045280516148,0.262799829244614,0,0,0,0,0,0,0,0,0,0,0,0,0,0.408443273537689,0,0,0,0,0,0,0,0,0,0.354792614777883,0,0.2379054143502,0,0,0,0,0,0,0,0,0,0,0,0,0,0,0,0,0.234355810257766,0,0.264738628056475,0,0.224588204632726,0,0,0,0,0,0,0,0,0,0.270812993671691,0,0.200308751510946,0.172372169792652,0.34799662232399,0,0
0,0,0,0,0,0,0,0,0,0,0,0,0,0,0,0,0,0,0,0,0,0.101585791799529,0.217656712503631,0,0.166752638916175,0,0,0,0.145351390043894,0,0,0,0,0,0,0,0,0,0.312458555585671,0,0,0,0,0,0,0,0,0,0.297821520941287,0,0,0,0,0,0,0,0,0,0,0,0,0,0,0,0,0,0,0.180428363848478,0,0.258122878764298,0,0.305300272958619,0,0,0,0,0,0,0,0,0,0.300660105644235,0,0,0,0,0
0,0,0,0,0,0,0,0,0,0.212325938045979,0,0,0,0,0,0.245686873793602,0,0.170517084775148,0.193295404314995,0,0,0.287923393150171,0,0.299336445187369,0,0.133609104018236,0,0,0,0,0,0,0,0,0,0,0,0.370278510030197,0,0,0,0,0,0,0,0,0,0.39988216633598,0,0.323516697120765,0,0,0,0,0,0.232079405059851,0,0,0,0,0,0,0,0,0.234355810257766,0,0,0,0.240167788462713,0,0,0,0,0,0,0,0,0,0,0,0.334193548239994,0,0.197642227678105,0,0.3239297909584,0,0
0.212125938047062,0,0,0,0,0,0,0,0.219660121798515,0,0,0,0,0,0,0,0,0,0,0,0,0,0.164556436240673,0,0.273725442054329,0,0.134268414229155,0,0,0,0,0,0,0,0,0,0,0,0.348605432913671,0,0,0,0,0,0,0,0,0,0.316694837546986,0,0,0,0,0,0.258107441336774,0,0,0,0,0,0.211118623614311,0,0,0,0,0.180428363848478,0,0,0,0.221117929329998,0,0,0,0,0,0,0,0,0,0,0,0.323481617008419,0.15458807349205,0,0.376237851542396,0,0
0,0,0,0,0,0,0,0,0,0,0,0,0,0,0,0,0.204157615701358,0.199277231942362,0.275007772445679,0,0,0,0,0,0,0.144900664687157,0,0,0,0,0,0,0,0,0,0,0,0,0,0,0,0,0,0,0,0,0,0,0,0.296091520786285,0,0,0,0,0,0,0,0,0,0,0,0.141923916008737,0,0,0.264738628056475,0,0.240167788462713,0,0,0,0.230309976995746,0,0,0,0,0,0,0,0,0,0,0,0.173516575992107,0,0,0,0
0.202083081007004,0,0,0,0,0,0,0,0.21840213611722,0,0,0,0,0,0,0,0,0,0,0,0,0,0,0,0.161291962116957,0,0,0,0,0,0,0,0,0,0,0,0,0,0,0,0,0,0,0,0,0,0,0,0.283778152118127,0,0,0,0,0,0.228948141283849,0,0,0,0,0,0.212037443121274,0,0,0,0,0.258122878764298,0,0.221117929329998,0,0,0,0.297955388203263,0,0,0,0,0,0,0,0,0,0,0,0,0.219826683402061,0,0
0,0,0.311472475528717,0,0,0,0,0,0,0,0,0.159980416297913,0,0,0,0,0,0,0,0,0,0,0,0,0,0,0,0.15700721749447,0,0.157877346650878,0,0,0,0,0,0.270758926868439,0,0.160910979906718,0,0,0,0,0,0,0,0,0,0,0,0.299591573976701,0,0,0,0,0,0,0.335061311721802,0.380794032902469,0,0,0,0,0.360227048397064,0,0.224588204632726,0,0,0,0.230309976995746,0,0,0,0.290486506244232,0,0,0,0,0,0.320452868938446,0,0.219981316119264,0,0.227458968758583,0.13343833386898,0.357673824375326,0,0
0,0,0,0,0,0,0,0,0,0,0,0,0,0,0,0,0,0,0,0,0,0,0.125300473400525,0,0,0,0,0,0.14671244389481,0,0,0,0,0,0,0,0,0,0.129197239875793,0,0,0,0,0,0,0,0,0,0.255497400374974,0,0,0,0,0,0,0,0,0,0,0,0,0,0,0,0,0.305300272958619,0,0,0,0.297955388203263,0,0,0,0.225693950239493,0,0,0,0,0,0,0,0.281393308724676,0.154244651397069,0.151783287525177,0,0,0
0,0.303286358714104,0.331510208334242,0.341990589518701,0,0.318940281867981,0,0,0,0,0,0.149929115176201,0,0,0,0,0,0.311922719081243,0.407686562008328,0,0,0,0,0,0,0,0,0.131348624825478,0,0.171282555302376,0,0,0,0,0,0.290487751364708,0,0.153445447484652,0,0.36768082097957,0.312291766916003,0.298123998980867,0.323249340057373,0,0,0.330706958546706,0.337621729820967,0,0,0.316132766414772,0,0.312625633818763,0,0,0,0,0.345895467201869,0.351590836840807,0,0,0,0,0.35288053445327,0.326427690684795,0,0,0,0,0,0,0.290486506244232,0,0,0,0,0,0,0,0.311321394612091,0.321629783936909,0.256928133442747,0.320214420557022,0.357037184493882,0.348902761936188,0.378957566004542,0.347141148522496,0
0,0,0.363744974136353,0,0,0,0,0,0,0,0.192311546341939,0,0.155443653464317,0,0,0,0,0,0,0,0,0,0,0,0,0,0,0,0,0,0.151925342172627,0,0,0,0,0,0,0,0,0,0.434710890054703,0,0.386954910225338,0,0,0,0,0,0.300069590409597,0,0,0,0,0,0,0,0.211608832081159,0,0,0,0,0,0,0.419998496770859,0,0,0,0,0,0,0,0.225693950239493,0,0,0,0,0,0,0,0.277938932180405,0,0.267911942568544,0.192816244017693,0,0.441249200701714,0,0.402000288168589
0,0,0,0,0,0,0,0,0,0,0,0,0,0,0,0,0,0,0,0,0,0,0,0,0,0,0,0,0,0,0,0.257437773003447,0.203787692436358,0.193278655409813,0,0.147489730061756,0,0,0,0,0,0,0,0,0,0,0,0.412757439676084,0,0,0,0,0,0,0,0,0,0,0,0,0,0,0,0,0,0,0,0,0,0,0,0,0,0,0,0.321232189238071,0.336340157594808,0,0.269897129212867,0,0,0,0.151581197977066,0,0,0,0
0,0,0,0,0,0,0,0,0,0,0,0,0,0,0,0,0,0,0,0,0,0,0,0,0,0,0,0,0,0,0,0.1917323498902,0.270901524274493,0.148103620857,0,0,0.130024362355471,0,0,0,0,0,0,0,0,0,0,0.325416814768524,0,0.44515734910965,0,0,0,0,0,0,0,0,0,0,0,0,0,0,0,0,0,0,0,0,0,0,0,0,0.321232189238071,0,0,0.350712239142407,0,0.291803217373011,0,0,0.164526697636272,0,0,0,0
0,0,0,0,0,0,0,0,0,0,0,0,0,0,0,0,0,0,0,0,0,0,0,0,0,0,0,0,0,0,0,0.234412267804146,0.155415572226048,0.174124467742006,0.177314693081206,0.169733585113973,0,0.320600911719093,0,0,0,0,0,0,0,0,0,0.220612774292628,0,0,0,0,0,0,0,0,0,0,0,0,0,0,0,0,0,0,0,0,0,0,0,0,0,0,0.336340157594808,0,0,0.179274341678093,0.250819385051727,0,0.301593237836112,0,0.160471588561806,0,0,0,0
0,0,0,0,0,0,0,0,0.295457497239113,0,0,0,0,0,0,0,0,0,0,0,0,0,0,0,0,0,0,0,0,0,0,0.147312255842345,0,0.190469323281656,0.308342918364763,0,0.178629518063231,0,0.343940839898295,0,0,0,0,0,0,0,0,0.409262689971708,0,0.596490412950516,0,0,0,0,0.366735279560089,0,0,0,0,0,0,0,0,0,0,0,0,0,0,0,0,0,0,0,0,0.350712239142407,0.179274341678093,0,0,0.327012052759528,0,0.346944999737705,0.191651073448798,0,0,0,0
0,0.37197500627528,0.317501788692815,0.293864585282306,0.295884042978287,0.270132277160883,0,0,0,0.284265510737896,0,0.166778357256026,0,0,0,0,0.344118766632735,0.365166538263084,0.415589602811115,0.164303402815546,0,0,0,0,0,0,0,0,0,0,0,0.320572640328484,0.156743804613749,0.155946217477322,0,0.201510574863794,0.14881413035533,0.224689465707491,0,0.338741778086498,0.350001656720715,0.336358864791908,0.302189125865698,0.401323379576206,0,0.290197823816742,0.371754036843777,0.385755455131576,0.280818551778793,0.265742906658076,0,0.266525702344047,0,0,0,0.280833423137665,0.328306577035359,0.31758099177788,0,0,0,0,0.270098059118006,0.361095881887845,0,0,0,0,0,0,0.320452868938446,0,0.311321394612091,0,0.269897129212867,0,0.250819385051727,0,0,0.401662141732548,0.271692362089287,0.30411484837532,0.350046017994378,0.319171108118018,0.340220882724172,0.357042255463885,0.275492399930954
0.458188433257433,0,0.299815864381144,0.306412282742952,0.258169454522431,0,0,0,0.486402786203793,0,0.165940434948818,0,0,0,0,0,0.367573718792238,0.351157551062734,0.399603085896534,0,0.153415864643951,0.34232559800148,0,0,0,0,0,0,0,0,0,0.11593951352618,0.323041168176552,0,0.137410454452038,0.156925442525082,0.204197180127533,0,0.229547175600101,0.36513014237086,0.295415827515032,0.344366328871768,0.310881982174589,0,0.348744623363018,0.398728206753731,0.289028749729407,0.382024749507137,0.280900968519669,0.294020136197408,0,0.318187266588211,0,0,0,0,0.221759126541462,0.343193660179774,0,0,0,0,0.334630623459816,0.249494697543669,0,0,0,0,0,0,0,0,0.321629783936909,0.277938932180405,0,0.291803217373011,0,0.327012052759528,0.401662141732548,0,0.27925269305706,0.270508850386383,0.362916275666462,0.348929806828499,0.321811918853721,0,0.324262271477626
0,0.467680156230927,0.358877554535866,0.328820369073323,0,0,0,0,0,0.242114899525965,0,0.15565775790575,0,0,0,0,0.421433289845784,0.405687463283539,0.480055465771441,0,0,0.322062311221731,0,0.235301512322441,0,0,0,0,0,0.13656345648425,0,0,0,0.408142888848519,0,0.18221466892336,0,0.282887066276967,0,0.374668947037529,0.277949891984463,0.381586311636744,0.316717833280563,0,0,0.369870411428538,0.340760946273804,0.460683129187118,0,0.413058418703843,0,0.295337369044622,0,0,0,0.275342106552107,0.337294412510736,0.215009089559317,0,0,0,0,0.293778439261819,0.427892416715622,0.270812993671691,0,0.334193548239994,0,0,0,0.219981316119264,0,0.256928133442747,0,0,0,0.301593237836112,0,0.271692362089287,0.27925269305706,0,0,0.262499254135476,0.349839329719543,0.426057217866182,0.464929163455963,0
0.527949213981628,0,0.287474340200424,0,0,0,0,0,0.269244121278034,0,0.150630781603925,0,0,0,0,0,0.300830981561116,0,0.32737854548863,0,0.17755058172502,0,0.242632663362079,0,0.236494170931669,0,0,0,0,0,0,0,0,0.231699544267777,0.466753416021845,0,0.211349093043841,0.134674208937213,0.266481025078526,0,0.23079126723047,0,0.245250184906692,0,0,0,0.329783672999058,0.439394019121554,0.354277371780623,0,0,0,0,0,0.315857214587075,0,0.150147269103701,0.332588106393814,0,0,0,0,0,0.268950225683776,0,0.300660105644235,0,0.323481617008419,0,0,0,0.281393308724676,0.320214420557022,0.267911942568544,0,0,0,0.346944999737705,0.30411484837532,0.270508850386383,0,0,0.201489946028839,0,0.377780358548518,0,0.290362946011803
