0,0,0.0102123861808413,3.53711021554423e-05,0.00117308791941258,0,0,0,0.011061521092776,0,0,0,0,0,0.000337513476204275,0,0.000831872459978296,0,0.00196603788252447,0,3.39082946578264e-05,0,0,0,0,0,0,0,0,0,0,0,0,0,0,0,0,0,0,0,0,2.98116468547999e-05,0.00929815553790029,0,0,0,0.000340295962703956,0.000326368041663747,0.00766096540508257,0,0,0,0,0,0.0361678778312003,0,0.00016236138883946,0,0,0,0.0077430794235877,0,0,0.000556767901768219,0,0,0,0,0,0.00542932703268767,0,0,0,0.00224166273135447,0,0,0,0,0,0.000102895827471292,0,0,0.000173709177865265,0,0.0175038038514924,0,0.000178044212228537
0,0,0,0.00466699018812005,0,0,0,0,0,0.0132249826806314,0,0,0,0,0,0,0,0,9.43360136946203e-06,0,0,0,0,0.000101018117198425,0,0,0,0,0,0,0,0,0,0,0,0,0,3.16602105057111e-05,0,1.69938672247871e-05,0,0.0390378457356768,6.48584246490842e-05,0,0,1.21493113176517e-05,0,0,0,0.0045323447729264,0,0,0,0,0,0.0753090825169483,0,0.0013802721486522,0,0.000136778601617404,0,0.00771583265400534,1.58619075481655e-05,0,0,0,0.00765256104598281,0,0.00136925587051414,0,0.000268804322296983,0,6.5961707264938e-05,0,0,0,0,0,6.6813650832042e-06,0,0,0,0.00070830627953248,2.35332967251173e-05,0.0107921933991961,0.00114202730702602,0
0.0102123861808413,0,0,0,0.00730677589363544,0,0,0,0.00700235335958221,0,0,0,0,0,0,0,0,0,6.62092151192655e-05,0,4.99246355481079e-05,0,0,0,0,0,0,0,0,0,0,0,0,0,0,0,0.000145236399399233,0,0,0,0.00514305530566281,0,0.000114662036688414,0,0,0,0.000662660804219964,0,0.00188112148914677,0,0.00598347121566471,0,0,0,0.0301965559536372,0,0.00460476919064166,0,0.0223247609012813,0,0.00503348139314184,0,0,0.00352315113986267,0,0,0,0,0,0,0,0,0,4.53504505676121e-05,0,0,0,0,0,4.99071670951058e-06,0,0,2.9932877808089e-05,0,0.00664684584094742,0,0
3.53711021554423e-05,0.00466699018812005,0,0,0,0.0482562426896855,0,0,0,0.0236581398668204,0,0,0,0,0,0,0,0,0.000229530361574458,0,0,0,0,0,0,0,0,0,0,0,0,0,0,0,0,2.09396256009075e-05,0,4.85670390501749e-06,0,0.00192528980105193,0,0.0157853070344605,0,0,0,0.00448197739686631,0,0,0,0.00515144991963676,0,0.00546699640447234,0,0,0,0.0461937507256708,0,0.00186421491635261,0,0.000118568416730233,0,0.0104142147617583,0.00205659736392881,0,0,0,0,0,0,0,0,0,0.000329376103664925,0,0,0,0,0,0.000824278192064192,0,0,0,0.000310883717330798,4.84447600207684e-06,0.0131609169529312,0.00091985617253199,0
0.00117308791941258,0,0.00730677589363544,0,0,0,0.00339983681579215,0,0.00957206469315797,0,0,0,0,0,0,0,1.30135874403456e-05,0,0.000275342312173541,0,0.00209817291465122,0,0,0,0,0,0,0,0,0,0,0,0,0,0,0,7.36721426611571e-05,0,0,0,0.00136984806732292,0,0,0,0,0,0.000109164811507351,0,7.4765614066611e-05,0,0.00562671761351683,0,0,0,0.00171566490386477,0,0.000318551659567122,0,0.000392361730172271,0,0.00235522897891502,0,0,0.000386145065266661,0,0,0,0,0,0,0,0,0,0,0,0,0,0,0,0.000382736111530268,0,0,0.00164002860789414,5.36414453689832e-05,0.00232334253160889,0,0
0,0,0,0.0482562426896855,0,0,0,0,0,0.00923689248983386,0,0,0,0,0,0,0,0,0,0.00445147848503121,0,0,0,0,0,0,0,0,0,0,0,0,0,0,0,0,0,0,0,0,0,0.00012899142566271,0,0,0,0,0,0,0,0,0,0.122753017562276,0,0,0,0.00555631776362302,0,0.00110244274882855,0,0,0,0,0.00611351830734921,0,0,0,0,0,0,0,0,0,0,0,0,0,0,0,0,0,0,0,0.000827066996519895,0,0.00156691318885474,0,0
0,0,0,0,0.00339983681579215,0,0,0,0,0,0.00588139708007969,0,0.00753038715193394,0,0,0,0,0,0,0,0.00145369187883098,0,0,0,0,0,0,0,0,0,0,0,0,0,0,0,0,0,0,0,0,0,0,0,0,0,0,0,0,0,0,0,0.0431105620688451,0,0,0,0.0166059435130771,0,0.013412393970535,0,0,0,0,0,0,0,0,0,0,0,0,0,0,0,0,0,0,0,0,0,0,0,0.00341952727616198,0.000912736733468271,0,0,0
0,0,0,0,0,0,0,0,0,0,0,0.000928514526040086,0,0.000592005285101005,0,0,0,0,0,0.000487754259868252,0,0,0,0,0,0,0,0,0,0,0,0,0,0,0,0,0,0,0,0,0,0,0,0,0,0,0,0,0,0,0,0.0281276813453027,0,0.00249008359313034,0,0,0,0.00129594748830506,0,0,0,0,0.00353866173305823,0,0,0,0,0,0,0,0,0,0,0,0,0,0,0,0,0,0,0,0.00116925903468712,0,0,0,0
0.011061521092776,0,0.00700235335958221,0,0.00957206469315797,0,0,0,0,0,0,0,0,0,0.018064856103885,0,0.00344538383790272,4.657091036616e-05,0.000731189290904652,0,7.31836552302059e-05,0,0,0,0.00032598307547589,0,0,0,0,0,0,0,0,0,0,0,0,0,3.51635784608216e-05,8.52329264545825e-05,0,0,0.0113264321691474,0,0.000171138324858966,0,0.00204748345150243,0,6.29612449711946e-05,0,0.00181397643249221,0,0,0,0.147368175884351,0,0.00157071519130246,0,0,0,0.0522876310873562,0,0,0.00430257590575579,0,0,0,0.00107243196125632,0,0.00888933571538124,0,0,0,0.000551898910880302,0,0,0,0,0,0.000433575520660306,0,4.18315812560453e-05,0.00208337660986993,0,0.0136242325793837,0,0.0259848889002852
0,0.0132249826806314,0,0.0236581398668204,0,0.00923689248983386,0,0,0,0,0,0,0,0,0,0.0132954085700988,0,0.00319995771501923,0.00218291678322948,0,0,0,0,0.0184180987142452,0,0,0,0,0,0,0,0,0,0,0,0,0,0.000385214471088814,0,0.000237655191928917,0,0.0056567611787937,0,0,0,1.30418052173681e-05,0,0.000124295694971313,0,0,0,0.000210908043267696,0,0,0,0.0993536382451094,0,1.40097322652146e-05,0,0,0,0.00241240011009545,0,0,0,0,0.00441103511481122,0,0,0,0,0,6.73672691825138e-05,0,0,0,0,0,1.9090040908925e-06,0,6.22967722373175e-05,0,0.00453693758620907,0.000132152005570839,0.00710249517373163,0.00487271357456339,0
0,0,0,0,0,0,0.00588139708007969,0,0,0,0,0,0.0361137594650508,0,0,0,0,0,0,0,0.0276362055265669,0,0,0,0,0,0,0,0.00581889614900088,0,0.0007307665110089,0,0,0,0,0,0.00670116396160471,0,0.0419556393306303,0,0,0,0,0,0,0,1.10719801636092e-05,0,0,0,0,0,0.0167697075035187,0,0,0,0.304709238778176,0,0.0999717797227202,0,0,0,0,0.000838687279626524,0,0,0,0,0,0,0,0.000184535705427098,0,0.000141997899475092,0,0,0,0,0,0,0,0.00358554668904654,0.00609434872193696,0.0070130272570268,0.000218048087941304,0,0
0,0,0,0,0,0,0,0.000928514526040086,0,0,0,0,0,0.0572032237303349,0,0,0,0,0,0.0321469179260881,0,0,0,0,0,0,0,0.00165101623572829,0,0.0158714442562447,0,0,0,0,0,0.0142323211924968,0,0.0309993055093767,0,0.000255192516282759,0,2.38146495645367e-05,0,0,0,7.15898924612854e-05,0,0,0,0,0,0.000273695380717845,0,0.000144924033765117,0,5.98748926958748e-05,0,0.356971187276565,0,0.00028802600817643,0,0,0.025425395922716,0,0,0,0,0,0,0,0,0,0.00606293421687165,0,0,0,0,0,0.00054242807630079,0,0.00308558516477017,0,0.00719465958569242,0,0.00156745074889771,0,0
0,0,0,0,0,0,0.00753038715193394,0,0,0,0.0361137594650508,0,0,0,0.00376659096639003,0,0,0,0,0,0,0,0,0,0,0,0,0,0,0,0,0,0,0,0,0,0,0,0,0,0,0,0,0,0,0,0,0,0,0,0,0,0.00405119388807587,0,0,0,0.00198868181624581,0,0.0230587626285926,0,0,0,0,0,0,0,0,0,0,0,0,0,0,0,0,0,0,0,0,0,0,0,0.00219534975540465,0.000967182307717445,0,0,0
0,0,0,0,0,0,0,0.000592005285101005,0,0,0,0.0572032237303349,0,0,0,0.0013939105024003,0,0,0,0,0,0,0,0,0,0,0,0.00169836034818929,0,0,0,0,0,0,0,0,0,0,0,0,0,0,0,0,0,0,0,0,0,0,0,0,0,0,0,0,0,0.0756203931476809,0,0.0922678117248008,0,0.00844685151072727,0,0,0,0,0,0,0.000973380517068009,0,0.00220514165142229,0,0,0,0,0,0,0,0,0,0,0,0.000319456765690597,0,0,0,0
0.000337513476204275,0,0,0,0,0,0,0,0.018064856103885,0,0,0,0.00376659096639003,0,0,0,0,0,0,0,0,0,0,0,0,0,0,0,0,0,0,0,0,0,0,0,0,0,0,0,0,0,0,0,0,0,0,0,0.00161733455042404,0,0,0,0,0,0.00229476762797185,0,0,0,0.000218758452732342,0,0.0149357075605459,0,0,0,0,0,0,0,0,0.000160707117174752,0,0,0,0,0,0,0,0,0,0,0,0,0.000800333041569081,5.06802676051989e-05,9.45733042842099e-06,0,0
0,0,0,0,0,0,0,0,0,0.0132954085700988,0,0,0,0.0013939105024003,0,0,0,0.00467668702799252,0,0,0,6.00556465650998e-06,0,0,0,0.0101316323740948,0,0,0,0,0,0,0,0,0,0,0,0,0,0,0,0,0,0,0,0,0,0,0,0,0,0,0,0,0,0.0571098838279907,0,0,0,0.00061358135070131,0,0.0181210742597722,0,0,0,0,0,0,0.00027444601051034,0,0,0,0,0,0,0,0,0,0,0,0,0,0.000439264250958007,0.000178685935395817,0,0,0
0.000831872459978296,0,0,0,1.30135874403456e-05,0,0,0,0.00344538383790272,0,0,0,0,0,0,0,0,0.08628609752808,0.0659125802538281,0,2.2567137535072e-05,0.000134912104853855,0.0159832129834496,0,2.06119607762028e-05,0,0.0105993906610229,0,0,0,0,0,0,0,0,0,4.04728061892162e-06,0,0,0.0004750418049201,8.13728377690061e-06,0.000943610195974658,0.00316183687328195,4.05874275602125e-05,0.000555615851042061,0.000190389202143994,0.00409270327396537,0,4.08811831558299e-06,0,0,0,0,0,0,0,8.36978104972596e-05,0,0,0,0,0,6.9142393904298e-06,0.00205991786111261,0,0.00202681578472204,0,0,0,4.48450591647997e-05,0,0,0,2.60077297540759e-05,0,0,0,0,6.80359597965234e-05,0.00134985592598344,0,5.8215477462915e-05,0.0177432218650386,0.000839838860785647,0.00472997367121253,0.000164813287884988,0.00195961491881193
0,0,0,0,0,0,0,0,4.657091036616e-05,0.00319995771501923,0,0,0,0,0,0.00467668702799252,0.08628609752808,0,0.0559531980077759,0,0,0.00643985204675991,0.000564907643352545,0,0,0.0222001206675836,4.54982965712396e-05,0,0,0,0,0,0,0,0,0,0,0,0,0.00162826720728045,0,0.00451891718457002,0.000440700672560183,0.000397092457119962,4.02827986887444e-05,0.00100618354100562,0.000171213300445956,0,0,1.48207224336932e-05,0,0,0,0,0,0.000149450272033623,0,0,0,0,0,0.000935754978806011,0.000221968633144687,3.05092154454065e-05,3.66254248098316e-05,1.53155403036448e-05,0,0,0.0103095170187658,0,0,0,4.73796197703231e-06,0,0,0,0,0,0.000193697686871839,0.000101324992104221,0,0,0.0171122801220913,0.00146511629973201,0.00245724262084009,0.000949455054058823,0.000256948862860406
0.00196603788252447,9.43360136946203e-06,6.62092151192655e-05,0.000229530361574458,0.000275342312173541,0,0,0,0.000731189290904652,0.00218291678322948,0,0,0,0,0,0,0.0659125802538281,0.0559531980077759,0,0,0.000166357994448054,7.32882021238206e-05,0.000199162613931241,0,3.48332967843904e-05,0.000101611116897804,1.47509602348899e-05,0,0,0,0,0,0,0,0,1.25098358757371e-05,1.91456135992198e-05,8.06452196515676e-06,1.55064095392083e-05,0.0281953070238602,5.84051190257104e-05,0.0531544558722047,0.0260928917201277,0.00523816025053123,0.00789468656061396,0.0106993183336866,0.032385827684465,0,1.53605006697946e-05,0.000156224233296986,0,0,0,0,8.59074683308e-05,0,0.000265678166605774,0.000376122519673524,0,0,0,0,0.00166111419000992,0.011188127838915,0,1.69850485106912e-05,0,0,0,0,0,0,0.000645753430035471,0.000159047687185094,0,0,0,0,0.00217887814547359,0.00502484942183287,4.83255279395186e-05,0.000276609237234419,0.0101290652025309,0,0.0499709050058889,0.0138574176879923,0.00759547415269317
0,0,0,0,0,0.00445147848503121,0,0.000487754259868252,0,0,0,0.0321469179260881,0,0,0,0,0,0,0,0,0,0,0,0,0,0,0,0,0,0,0,0,0,0,0,0.014892261457707,0,0.00562858580998817,0,0.000900280030564911,0,0.000205853211801136,0,0,0,0.0132198867811094,0,0,0,0,0,0.00483984355245236,0,0,0,0,0,0.00582058496849974,0,0,0,0,0.310143858352586,0,0,0,0,0,0,0,0,0,8.78470037424094e-05,0,0,0,0,0,0.00464172117065658,0,0.0035023661868761,0,0.00344442179845605,0.000133364831661354,0.0105636993036028,0,0
3.39082946578264e-05,0,4.99246355481079e-05,0,0.00209817291465122,0,0.00145369187883098,0,7.31836552302059e-05,0,0.0276362055265669,0,0,0,0,0,2.2567137535072e-05,0,0.000166357994448054,0,0,0,0,0,0,0,0,0,0,0,0,0,0,0,0,0,0.0247606826303576,0,0.00727512258799765,0,0,0,1.38918297257207e-05,0,0,0,0.00177725132792035,0,0,0,0,0,0,0,0,0,0.054449468616013,0,0,0,0,0,0,0.0859485811415727,0,0,0,0,0,0,0,0,0,0.000188756846620552,0,0,0,0,0,0.0040019537356989,0,0.00282873139593379,0.00268993554415184,1.4580153496934e-05,0.00442583504808728,0,0.000103008065012387
0,0,0,0,0,0,0,0,0,0,0,0,0,0,0,6.00556465650998e-06,0.000134912104853855,0.00643985204675991,7.32882021238206e-05,0,0,0,0.0343411198014196,0.0132211887015748,0,0.00980622330313916,0,0.00943122776778426,0,0,0,0,0,1.14207866262616e-05,0,0,0,0.0171684249276551,0.000246776090389461,0,0,0,0,0,0,0,0,0,0,0.00593890464913197,0,0,0,0,0,0,0,0,0,0,0,0,0,0,0.209107662730497,0.00298017081012016,0.00203484055470345,0,0.000904837797538215,0,0.0117655615715619,0,0,0,0,0,0.000116821276096581,0,0,0,0.00822388680429205,0,0.0149432578194185,0.00206784879852928,9.59488911061535e-06,0,0
0,0,0,0,0,0,0,0,0,0,0,0,0,0,0,0,0.0159832129834496,0.000564907643352545,0.000199162613931241,0,0,0.0343411198014196,0,0,0.00853300321569327,0,0.0265335558594973,0,0.00460113438236297,0,0,0,0,0,0,0,0,0.00103441638319329,0.0217435623184492,0,0,0,5.08220038253842e-06,0,0,0,5.60264369000609e-06,0,0.00114926009184565,0,0,0,0,0,0,0,0,0,0,0,0,0,0,1.33758635005108e-05,0.00178331955922769,0.260856798793801,0,0.00644734030062709,0,0.004973199355178,0,0.00220762802369705,0,0,0,0,0,0,0,1.54736271203993e-06,0,0.0130071961287608,0.0200104785344116,0.005291456407478,2.20805272089829e-06,0,1.3287792555979e-05
0,0.000101018117198425,0,0,0,0,0,0,0,0.0184180987142452,0,0,0,0,0,0,0,0,0,0,0,0.0132211887015748,0,0,0,0.0197152710060728,0,0,0,0,0,0,0,0,0,0,0,0.00772919462978902,0,0,0,3.65995838439736e-05,0,0,0,0,0,0,0,0.00870522521682033,0,0,0,0,0,0.00569397002620878,0,0,0,0,0,0,0,0,0.0228457296267744,0,0.278473031376647,0,0,0,0,0,0,0,0,0,0.000143592081134163,0,0,0,0.00306034416757144,0,0.00351862424627057,7.20696394477323e-05,0.000854620155282984,0,0
0,0,0,0,0,0,0,0,0.00032598307547589,0,0,0,0,0,0,0,2.06119607762028e-05,0,3.48332967843904e-05,0,0,0,0.00853300321569327,0,0,0,0.075545443763706,0,0.000106108663733305,0,0,0,0,0,0,0,0,0,0.00526035230832605,0,0,0,0.000314638328410956,0,0,0,3.01382401296847e-05,0,0.0183951257879552,0,0,0,0,0,0.00301848428477729,0,0,0,0,0,0,0,0,0,0,0.00706571808154759,0,0.197320512344214,0,0.119796076061505,0,0.000210524059476022,0,0,0,0,0,0,0,0,0,0.00168826506509491,0.000146906646344378,0,0.000289051449000796,0,0.000791221142776547
0,0,0,0,0,0,0,0,0,0,0,0,0,0,0,0.0101316323740948,0,0.0222001206675836,0.000101611116897804,0,0,0.00980622330313916,0,0.0197152710060728,0,0,0,0.0105980456427121,0,0,0,0,0,0,0,0,0,0,0,0,0,8.91862516395111e-06,0,0,0,0,0,0,0,0,0,0,0,0,0,0,0,0,0,0,0,0,0,0,0.000784937574642565,0,0.00254124177922529,0,0.131787942420167,0,0.0100353240246223,0,0,0,0,0,0,0,0,0,0,0,0.00367188503859557,0,0,0,0
0,0,0,0,0,0,0,0,0,0,0,0,0,0,0,0,0.0105993906610229,4.54982965712396e-05,1.47509602348899e-05,0,0,0,0.0265335558594973,0,0.075545443763706,0,0,0,0.00188777147874214,0,0,0,0,0,0,0,0,0,0,0,0,0,0,0,0,0,0,0,0,0,0,0,0,0,0,0,0,0,0,0,0,0,0,0,0,0.00774877829656979,0,0.00813039217203559,0,0.0368679952779676,0,0,0,0,0,0,0,0,0,0,0,0,0.00106629761465392,0,0,0,0
0,0,0,0,0,0,0,0,0,0,0,0.00165101623572829,0,0.00169836034818929,0,0,0,0,0,0,0,0.00943122776778426,0,0,0,0.0105980456427121,0,0,0,0.0216056871606629,0,0,0,0,0,0,0,0.00159783246231513,0,0,0,0,0,0,0,0,0,0,0,0,0,0,0,0,0,0,0,0.00602648269831459,0,0.000155503629520253,0,0,0,0,0.00446741297040607,0,0,0,0.066512731005854,0,0.207972350657274,0,0.00641332266286495,0,0,0,0,0,0,0,0.0105309403360533,0,0.000754978948697907,0,0,0,0
0,0,0,0,0,0,0,0,0,0,0.00581889614900088,0,0,0,0,0,0,0,0,0,0,0,0.00460113438236297,0,0.000106108663733305,0,0.00188777147874214,0,0,0,0.00696512787640594,0,0,0,0,0,0,0,0.000694938049833127,0,0,0,0,0,0,0,0,0,0,0,0,0,0,0,0,0,0.000106148993481679,0,0.00340880791892451,0,0,0,0,0,0,0,0,0,0,0.000687318044713961,0,0.0535026374034873,0,0.00157290153231754,0,0,0,0,0,0,0,0.00558746315609787,0.00384522831308849,0.00705581956400341,0,0,0
0,0,0,0,0,0,0,0,0,0,0,0.0158714442562447,0,0,0,0,0,0,0,0,0,0,0,0,0,0,0,0.0216056871606629,0,0,0,0,0,0,0,0,0,0.00442608699589496,0,0,0,0,0,0,0,0,0,0,0,0,0,0,0,0,0,0,0,0.0412987336188086,0,0,0,0,0,0,0,0,0,0,0,0,0.00236926733152812,0,0.213103916806151,0,0,0,0,0,0,0,0.00189957613069777,0,6.77327367281456e-05,0,0,0,0
0,0,0,0,0,0,0,0,0,0,0.0007307665110089,0,0,0,0,0,0,0,0,0,0,0,0,0,0,0,0,0,0.00696512787640594,0,0,0,0,0,0,0,0,0,0.00274277612814299,0,0,0,0,0,0,0,0,0,0,0,0,0,0,0,0,0,0.00202478524759688,0,0,0,0,0,0,0,0,0,0,0,0,0,0,0.00516265032545797,0,0.0649529338836148,0,0,0,0,0,0,0,0.000118131142794428,0.00069646642557256,0.000511862324277707,0,0,0
0,0,0,0,0,0,0,0,0,0,0,0,0,0,0,0,0,0,0,0,0,0,0,0,0,0,0,0,0,0,0,0,0.152992891012745,0.025903460703124,0.0118443377065623,0.0114421365839968,0.000943185533432818,0,0,0,0.00171954616087429,0,0,0,0,0,0,0.0840852763286809,0.00235981287396803,0,0,0,0,0,0,0,0,0,0,0,0,0,0,0,0,0,0,0,0,0,0,0,0,0,0.147714877799575,0.0682967646074431,0.0219713955502828,0,0.00294137733772724,4.23308668127267e-06,0,0,0.00452771433124054,0,0,0,0
0,0,0,0,0,0,0,0,0,0,0,0,0,0,0,0,0,0,0,0,0,0,0,0,0,0,0,0,0,0,0,0.152992891012745,0,0.00123571421604545,0.00228353593222595,0.00110337443487038,0.00499777093616235,0,0,0,0,0,0,0,0,0,0,0.0470673890644413,0.00394095219045762,0,0,0,0,0,0,0,0,0,0,0,0,0,0,0,0,0,0,0,0,0,0,0,0,0,0.00982093519835517,0.362302042503527,0.000606749995792322,0.00360353558991725,0,0.00334264017860041,0,0,0.00342803955561764,0,0,0,0
0,0,0,0,0,0,0,0,0,0,0,0,0,0,0,0,0,0,0,0,0,1.14207866262616e-05,0,0,0,0,0,0,0,0,0,0.025903460703124,0.00123571421604545,0,0.152642031521655,0.0128537355468802,0.00200484450672056,0.0101616702927902,0.00305976297428128,0,0,0,4.16224244606381e-05,0,0,0,0,0.0815296196566996,0.0017634899285945,0.000178738467814674,0,0,0,0,0,0,0,0,0,0,0,0,0,0,0,0,0,0,0,0,0,0,0,0,0.0086179759236512,0.00113550185844633,0.136309475333591,0.170811119135003,0.00318775425247743,0,0.0033308990829226,4.89214706045609e-06,0.0046901904897643,0,0.000109771920389304,0,0
0,0,0,0,0,0,0,0,0,0,0,0,0,0,0,0,0,0,0,0,0,0,0,0,0,0,0,0,0,0,0,0.0118443377065623,0.00228353593222595,0.152642031521655,0,0.00145694415108839,0.0109211210609758,2.47592734014515e-05,0.00591132684671472,0,0,0,0,0,0,0,0,0.0808514776405481,0,0,0,0,0,0,0,0,0,0,0,0,0,0,0,0,0,0,0,0,0,0,0,0,0,0,0.00190806017625552,0.0352983005970399,0.0200573495373964,0.265009627008748,0,0.00416006378694979,0,0.00649984760147432,0.00283752651621783,0,0,0,0
0,0,0,2.09396256009075e-05,0,0,0,0,0,0,0,0.0142323211924968,0,0,0,0,0,0,1.25098358757371e-05,0.014892261457707,0,0,0,0,0,0,0,0,0,0,0,0.0114421365839968,0.00110337443487038,0.0128537355468802,0.00145694415108839,0,0.0172148807286636,0.0185119895953537,0.00117271004587927,0.000264740937821865,6.97949934664678e-05,0,0,9.38080682950823e-06,0,0.000521713719687535,2.15069619103613e-05,0.00640349796925388,0.000114627588448477,6.69734819233318e-05,0,0,0,0,0,0,0,0.000959346789526425,0,0,0,0,0.0122918198429955,0,0,0,0,0,0,0,0,0,0,0,0.00628700895088055,9.88371854006049e-05,0.00778940513189696,0,0.117503348881268,0.00566115868347803,0.00942690461622798,0,0.0205492586523875,0.00472764803177196,0.00291438517252153,0,0
0,0,0.000145236399399233,0,7.36721426611571e-05,0,0,0,0,0,0.00670116396160471,0,0,0,0,0,4.04728061892162e-06,0,1.91456135992198e-05,0,0.0247606826303576,0,0,0,0,0,0,0,0,0,0,0.000943185533432818,0.00499777093616235,0.00200484450672056,0.0109211210609758,0.0172148807286636,0,3.20470077259357e-05,0.0273556414538864,0,0.00287820781608972,0,0,0,0,0.000232126504686025,0.00253997546378306,0.00755261484645643,2.57599700151778e-05,0,6.53337392935041e-05,0,0,0,0,0,0.0100270813990503,0,1.78915447935177e-05,0,6.29977959758915e-06,0,0,0.00778577980022975,0,0,0,0,0,0,0,0,0,0,0,0.00862909904381134,0.000120759175940823,0.0152346131324562,0.00106583170838908,0.141109711337169,0,0.00625364066281633,0.0295841022939904,0.0134237517074574,0.00247442550873839,0,0
0,3.16602105057111e-05,0,4.85670390501749e-06,0,0,0,0,0,0.000385214471088814,0,0.0309993055093767,0,0,0,0,0,0,8.06452196515676e-06,0.00562858580998817,0,0.0171684249276551,0.00103441638319329,0.00772919462978902,0,0,0,0.00159783246231513,0,0.00442608699589496,0,0,0,0.0101616702927902,2.47592734014515e-05,0.0185119895953537,3.20470077259357e-05,0,0.0112556798302524,5.51347590197269e-05,0,0.00142718660374808,0,0,0,0.000126204253543354,0,0.0063436787090644,0,0.001825717554961,0,0,0,0,0,0.00013543184848472,0,0.00841433769882873,0,0,0,0,0.00239663932087371,0,0.00345127823928806,0,0.00173918628111344,0,0,0,0.000302596239711121,0,0.00509521524637811,0,0,0,0.0052041542517122,0,0.00128301906053831,0,0.122619475433136,0.00129406130911801,0.00832537025663127,0.000923609537834362,0.00417619176167649,2.20067843134785e-05,0
0,0,0,0,0,0,0,0,3.51635784608216e-05,0,0.0419556393306303,0,0,0,0,0,0,0,1.55064095392083e-05,0,0.00727512258799765,0.000246776090389461,0.0217435623184492,0,0.00526035230832605,0,0,0,0.000694938049833127,0,0.00274277612814299,0,0,0.00305976297428128,0.00591132684671472,0.00117271004587927,0.0273556414538864,0.0112556798302524,0,0,0,0,5.95168267078063e-05,0,0,0,1.29398858215759e-05,0.00059884922417652,0.00342721189542452,0,0,0,0,0,0.00041205261704363,0,0.0236404699767265,0,0,0,0,0,0,0.00126890453365586,0.000167354358243822,0.00267498151637811,0,0.00314548160828462,0,0,0,0.000251144749856251,0,0.00167420098420124,0,0,0.00093135574606462,0.00143863701354834,5.07886635594987e-05,0.0144569264559161,0.000124595473682064,0.131160236384053,0.0241213802980499,0.00588597250489117,0.00318616953270827,0,1.17142155718305e-05
0,1.69938672247871e-05,0,0.00192528980105193,0,0,0,0,8.52329264545825e-05,0.000237655191928917,0,0.000255192516282759,0,0,0,0,0.0004750418049201,0.00162826720728045,0.0281953070238602,0.000900280030564911,0,0,0,0,0,0,0,0,0,0,0,0,0,0,0,0.000264740937821865,0,5.51347590197269e-05,0,0,0,0.117508151623491,0.0011859510032899,0.0113272206371928,0.000231434152532676,0.0772530320751679,0.000379040141685505,0.000433264859380734,0,0.00614223577533475,0,0,0,0,0,5.42051156652993e-05,0,0,0,0,0,0,0.0080285675913478,4.50646549949997e-05,0,0,0,0,0,0,0,0,0,0,0,0,0,0,0.00257360428852362,4.26918683261264e-05,0,0,0.000683125364603186,0,0.0738030089953768,0.0175267512664394,0.000134485814096682
0,0,0.00514305530566281,0,0.00136984806732292,0,0,0,0,0,0,0,0,0,0,0,8.13728377690061e-06,0,5.84051190257104e-05,0,0,0,0,0,0,0,0,0,0,0,0,0.00171954616087429,0,0,0,6.97949934664678e-05,0.00287820781608972,0,0,0,0,5.42954897488768e-06,0.00255955264823405,0,8.7603534800508e-05,0,0.0114306092290072,0.0940318659880489,0.10912212805767,0.00533118298686708,0,0,0,0,0.000213340834714495,0,0.000396375600500171,0,0.000129644441012237,0,0,0,0,0.000705583146625458,0,0,0,0,0,0,0,0,0,0,2.88060297834168e-05,0.000200191407886133,0,0,3.39888966517195e-05,0.0162536810000159,0,0,8.08060690051074e-06,0,0.0115369510240808,0,0.0014087817544
2.98116468547999e-05,0.0390378457356768,0,0.0157853070344605,0,0.00012899142566271,0,0,0,0.0056567611787937,0,2.38146495645367e-05,0,0,0,0,0.000943610195974658,0.00451891718457002,0.0531544558722047,0.000205853211801136,0,0,0,3.65995838439736e-05,0,8.91862516395111e-06,0,0,0,0,0,0,0,0,0,0,0,0.00142718660374808,0,0.117508151623491,5.42954897488768e-06,0,0.0166210633874893,0.0133955284708006,0.000715283359267928,0.0195433720302677,0.000740613012733411,0.000623057554547261,1.06859613556565e-05,0.0205493854491422,0,0,0,0,0,0.00307989275377666,0,0.00241911060504301,0,0,0,7.83215381404737e-06,0.00942608766187372,8.02594775537394e-05,0,0,0,0,0,0,0,0,0.00249206100384333,0,0,0,0,0,0.00370395560140097,5.61897145994403e-05,4.43311402095333e-05,0,0.00670269614318628,0.000109616479122259,0.14642077226914,0.0685183166174589,0.00063590461884853
0.00929815553790029,6.48584246490842e-05,0.000114662036688414,0,0,0,0,0,0.0113264321691474,0,0,0,0,0,0,0,0.00316183687328195,0.000440700672560183,0.0260928917201277,0,1.38918297257207e-05,0,5.08220038253842e-06,0,0.000314638328410956,0,0,0,0,0,0,0,0,4.16224244606381e-05,0,0,0,0,5.95168267078063e-05,0.0011859510032899,0.00255955264823405,0.0166210633874893,0,0.000348456688483013,0.0204895000999325,0.00137401388728137,0.0619495788275803,0.0108427300135075,0.0332856108620295,5.44485129133415e-05,0,0,0,0,0.00119495087833059,0,0.0155014226932912,0,0.000135580101594631,0,0.000326242043559073,0,0.00024003099429673,0.0143028901975493,0,6.4879910223717e-06,0,0,0,0,0,0,0,0.00632038704195526,0,0,0,0,5.50338132977555e-05,0.00506303188176204,0,0.00010618060273673,0.00622421490398673,6.24567609957616e-06,0.158904179937527,0.001055146833523,0.0560330970205163
0,0,0,0,0,0,0,0,0,0,0,0,0,0,0,0,4.05874275602125e-05,0.000397092457119962,0.00523816025053123,0,0,0,0,0,0,0,0,0,0,0,0,0,0,0,0,9.38080682950823e-06,0,0,0,0.0113272206371928,0,0.0133955284708006,0.000348456688483013,0,0.00512490598645815,0.00512748527368944,0,0,0,0.000215652939160919,0,0,0,0,0,0,0,0,0,0,0,0,0.000161589139847316,1.41167784604844e-05,0,0,0,0,0,0,0,0,0,0,0,0,0,0,0.000341573130165187,3.2785838240376e-05,0,0,0.000233464760748151,0,0.00869735914983418,0.021892085755811,0.000783879068733714
0,0,0,0,0,0,0,0,0.000171138324858966,0,0,0,0,0,0,0,0.000555615851042061,4.02827986887444e-05,0.00789468656061396,0,0,0,0,0,0,0,0,0,0,0,0,0,0,0,0,0,0,0,0,0.000231434152532676,8.7603534800508e-05,0.000715283359267928,0.0204895000999325,0.00512490598645815,0,0.000263159470186578,0.0296554163183069,0,0,0,0,0,0,0,0,0,0,0,0,0,0,0,0,0.00449445925258165,0,0,0,0,0,0,0,0,0,0,0,0,0,0,8.3876469696899e-07,0.00115614944489222,0,2.75429025857119e-05,0.000716548321182394,0,0.0142223100833599,0,0.0100938152327098
0,1.21493113176517e-05,0,0.00448197739686631,0,0,0,0,0,1.30418052173681e-05,0,7.15898924612854e-05,0,0,0,0,0.000190389202143994,0.00100618354100562,0.0106993183336866,0.0132198867811094,0,0,0,0,0,0,0,0,0,0,0,0,0,0,0,0.000521713719687535,0.000232126504686025,0.000126204253543354,0,0.0772530320751679,0,0.0195433720302677,0.00137401388728137,0.00512748527368944,0.000263159470186578,0,0.00162817391495305,0,0,0.000847937724846419,0,0,0,0,0,0,0,0.000230575675351838,0,0,0,0,0.0174067437566168,0,0,0,0,0,0,0,0,0,0.000251383647093755,0,0,0,0,0,0.0108995567851398,1.4400114994665e-06,1.73099848077945e-05,0,0.000853056559321451,1.74348366652065e-06,0.0653425927494553,0.00190279892470181,0
0.000340295962703956,0,0.000662660804219964,0,0.000109164811507351,0,0,0,0.00204748345150243,0,1.10719801636092e-05,0,0,0,0,0,0.00409270327396537,0.000171213300445956,0.032385827684465,0,0.00177725132792035,0,5.60264369000609e-06,0,3.01382401296847e-05,0,0,0,0,0,0,0,0,0,0,2.15069619103613e-05,0.00253997546378306,0,1.29398858215759e-05,0.000379040141685505,0.0114306092290072,0.000740613012733411,0.0619495788275803,0,0.0296554163183069,0.00162817391495305,0,0,0.000356959255466225,7.17336942554036e-06,0,0,0,0,3.88462146625693e-05,0,0.000572886922964807,0,8.17309526278306e-06,0,0,0,0,0.0723873953349054,0,0,0,0,0,0,0,0,0,0.000187639501675044,0,0,0,0,9.44767976271687e-05,0.0129664427846171,0,0.000219226459216109,0.0018559978412222,1.15758597800041e-06,0.0614200505508192,0.000717204206540124,0.00369893522207858
0.000326368041663747,0,0,0,0,0,0,0,0,0.000124295694971313,0,0,0,0,0,0,0,0,0,0,0,0,0,0,0,0,0,0,0,0,0,0.0840852763286809,0.0470673890644413,0.0815296196566996,0.0808514776405481,0.00640349796925388,0.00755261484645643,0.0063436787090644,0.00059884922417652,0.000433264859380734,0.0940318659880489,0.000623057554547261,0.0108427300135075,0,0,0,0,0,0.305199294213997,0.0474442847773313,0,0,0,0,0,0.000127500221103631,0,0,0,0,0,0,0,0,0,0,0,0,0,0,0,0,0,0,0.0764630591447262,0.0132493145950822,0.00697407702609667,0.0174146958291199,0.00957524121841105,0.0027547987058781,0.000157242300017643,3.40451754117984e-05,0.00965990083176606,1.16383493098135e-05,0.00805709349387334,0,0
0.00766096540508257,0,0.00188112148914677,0,7.4765614066611e-05,0,0,0,6.29612449711946e-05,0,0,0,0,0,0.00161733455042404,0,4.08811831558299e-06,0,1.53605006697946e-05,0,0,0,0.00114926009184565,0,0.0183951257879552,0,0,0,0,0,0,0.00235981287396803,0.00394095219045762,0.0017634899285945,0,0.000114627588448477,2.57599700151778e-05,0,0.00342721189542452,0,0.10912212805767,1.06859613556565e-05,0.0332856108620295,0,0,0,0.000356959255466225,0.305199294213997,0,0.0339048138438518,0,0,0,0,0.00307287938006151,0,0.00195252034374704,0,0.00242194967395102,0,0.00346045294079213,0,0,0.000365309880864227,0,0.00379620628824534,0,0.0528030964573831,0,0.00624171041518833,0,0.000467302958816967,0,0.00353164437452109,0,0.00400091555303464,0,0.00198271202649909,0.000118400907100143,0.00823862225795913,0,0.00853114669950873,0.00253150914060558,0,0.0339869767984114,0,0.000397795210651348
0,0.0045323447729264,0,0.00515144991963676,0,0,0,0,0,0,0,0,0,0,0,0,0,1.48207224336932e-05,0.000156224233296986,0,0,0.00593890464913197,0,0.00870522521682033,0,0,0,0,0,0,0,0,0,0.000178738467814674,0,6.69734819233318e-05,0,0.001825717554961,0,0.00614223577533475,0.00533118298686708,0.0205493854491422,5.44485129133415e-05,0.000215652939160919,0,0.000847937724846419,7.17336942554036e-06,0.0474442847773313,0.0339048138438518,0,0,0,0,0,0,0,0,0.00473345689268061,0,0,0,0.000199854173237734,0,0,0.00663601026032338,0,0.00116743076677565,0,0,0,0.00541573218190179,0,0.000471017039967732,0,0,0,0,0,1.63724350500186e-05,0,0.00278490343784433,0,0.00188457285904577,0,0.0218928089476918,0.00120535566161833,0
0,0,0.00598347121566471,0,0.00562671761351683,0,0,0,0.00181397643249221,0,0,0,0,0,0,0,0,0,0,0,0,0,0,0,0,0,0,0,0,0,0,0,0,0,0,0,6.53337392935041e-05,0,0,0,0,0,0,0,0,0,0,0,0,0,0,0,0.000750092781367895,0,0.000385765314027014,0,0.0181771321787167,0,0.00759990265168081,0,0,0,0,0.00021479468958125,0,0,0,0,0,0,0,0,0,0,0,0,0,0,0,5.45214827681382e-06,0,0,0.00121398230474943,0,0.000802327877791875,0,0
0,0,0,0.00546699640447234,0,0.122753017562276,0,0.0281276813453027,0,0.000210908043267696,0,0.000273695380717845,0,0,0,0,0,0,0,0.00483984355245236,0,0,0,0,0,0,0,0,0,0,0,0,0,0,0,0,0,0,0,0,0,0,0,0,0,0,0,0,0,0,0,0,0,0,0,8.6738849889488e-05,0,0.0161354884981385,0,0,0,0,0.000419843651204468,0,0,0,0,0,0,0,0,0,0,0,0,0,0,0,0,0,0,0,0.00281763924104769,0,0.00106037029278626,0,0
0,0,0,0,0,0,0.0431105620688451,0,0,0,0.0167697075035187,0,0.00405119388807587,0,0,0,0,0,0,0,0,0,0,0,0,0,0,0,0,0,0,0,0,0,0,0,0,0,0,0,0,0,0,0,0,0,0,0,0,0,0.000750092781367895,0,0,0,0,0,0.0244359116022235,0,0.0165705756149288,0,0,0,0,0,0,0,0,0,0,0,0,0,0,0,0,0,0,0,0,0,0,0,4.90432057274675e-05,1.25999685938246e-05,0,0,0
0,0,0,0,0,0,0,0.00249008359313034,0,0,0,0.000144924033765117,0,0,0,0,0,0,0,0,0,0,0,0,0,0,0,0,0,0,0,0,0,0,0,0,0,0,0,0,0,0,0,0,0,0,0,0,0,0,0,0,0,0,0,0,0,0.00672967763900726,0,0,0,0,0,0,0,0,0,0,0,0,0,0,0,0,0,0,0,0,0,0,0,0,0.000136644712411405,0,0,0,0
0.0361678778312003,0,0.0301965559536372,0,0.00171566490386477,0,0,0,0.147368175884351,0,0,0,0,0,0.00229476762797185,0,0,0,8.59074683308e-05,0,0,0,0,0,0.00301848428477729,0,0,0,0,0,0,0,0,0,0,0,0,0,0.00041205261704363,0,0.000213340834714495,0,0.00119495087833059,0,0,0,3.88462146625693e-05,0,0.00307287938006151,0,0.000385765314027014,0,0,0,0,0,0.000930742338966852,0,0.000233202731609951,0,0.0405593170345965,0,0,0.000218234121313499,0,0,0,0.0228529110692328,0,0.0114605223815054,0,0,0,0.000339233282549056,0,0,0,0,0,0,0,0.00012935516170704,0.000263067855349936,0,0.00726036854912157,0,0.00111798938737434
0,0.0753090825169483,0,0.0461937507256708,0,0.00555631776362302,0,0,0,0.0993536382451094,0,5.98748926958748e-05,0,0,0,0.0571098838279907,0,0.000149450272033623,0,0,0,0,0,0.00569397002620878,0,0,0,0,0,0,0,0,0,0,0,0,0,0.00013543184848472,0,5.42051156652993e-05,0,0.00307989275377666,0,0,0,0,0,0.000127500221103631,0,0,0,8.6738849889488e-05,0,0,0,0,0,0.00117928718211845,0,0,0,0.0736645746793225,0,0,0,0,0.0684480354761351,0,0.000101164671468303,0,0,0,0,0,0,0,0,0,4.67929659739953e-06,0,5.80425085075335e-06,0,0.000478562223198727,0,0.00347232301960593,0,0
0.00016236138883946,0,0.00460476919064166,0,0.000318551659567122,0,0.0166059435130771,0,0.00157071519130246,0,0.304709238778176,0,0.00198868181624581,0,0,0,8.36978104972596e-05,0,0.000265678166605774,0,0.054449468616013,0,0,0,0,0,0,0,0.000106148993481679,0,0.00202478524759688,0,0,0,0,0,0.0100270813990503,0,0.0236404699767265,0,0.000396375600500171,0,0.0155014226932912,0,0,0,0.000572886922964807,0,0.00195252034374704,0,0.0181771321787167,0,0.0244359116022235,0,0.000930742338966852,0,0,0,0.0343151217778056,0,0.00275621515234102,0,0,0.0479175990036516,0,0,0,0,0,1.63215239251766e-05,0,0.00112489529801834,0,0.0513672416979031,0,0,0,0,0,0.00161045629491507,0,0.000904076692816779,0.00256457217570124,0.000459504323775106,0.0388676910781448,0,0.00197149522833917
0,0.0013802721486522,0,0.00186421491635261,0,0.00110244274882855,0,0.00129594748830506,0,1.40097322652146e-05,0,0.356971187276565,0,0.0756203931476809,0,0,0,0,0.000376122519673524,0.00582058496849974,0,0,0,0,0,0,0,0.00602648269831459,0,0.0412987336188086,0,0,0,0,0,0.000959346789526425,0,0.00841433769882873,0,0,0,0.00241911060504301,0,0,0,0.000230575675351838,0,0,0,0.00473345689268061,0,0.0161354884981385,0,0.00672967763900726,0,0.00117928718211845,0,0,0,0.00595907177519589,0,0.00340230273725045,0.0276140368556695,0,0,0,0,0,0,0,0.0138056530463472,0,0.0203065325607098,0,0,0,0,0,0.000110255163492009,0,0.000910904899208896,0,0.00149660866002228,0,0.018383383861346,0.000451360691583137,0
0,0,0.0223247609012813,0,0.000392361730172271,0,0.013412393970535,0,0,0,0.0999717797227202,0,0.0230587626285926,0,0.000218758452732342,0,0,0,0,0,0,0,0,0,0,0,0,0,0.00340880791892451,0,0,0,0,0,0,0,1.78915447935177e-05,0,0,0,0.000129644441012237,0,0.000135580101594631,0,0,0,8.17309526278306e-06,0,0.00242194967395102,0,0.00759990265168081,0,0.0165705756149288,0,0.000233202731609951,0,0.0343151217778056,0,0,0,0.0036979900428009,0,0,0,0,0,0,0,0,1.03614198780702e-05,0,0.00130685664446445,0,0.00554048839835291,0,0,0,0,0,6.06276874269486e-06,0,0,0.000290642256299975,0,0.00392320494393139,0,0
0,0.000136778601617404,0,0.000118568416730233,0,0,0,0,0,0,0,0.00028802600817643,0,0.0922678117248008,0,0.00061358135070131,0,0,0,0,0,0,0,0,0,0,0,0.000155503629520253,0,0,0,0,0,0,0,0,0,0,0,0,0,0,0,0,0,0,0,0,0,0,0,0,0,0,0,0,0,0.00595907177519589,0,0,0,0,0,0,0,0,0,0,0,0,0.00121994559672767,0,0,0,0,0,0,0,0,0,0,0,2.01267154609881e-06,0,5.32087031554127e-06,0,0
0.0077430794235877,0,0.00503348139314184,0,0.00235522897891502,0,0,0,0.0522876310873562,0,0,0,0,0,0.0149357075605459,0,0,0,0,0,0,0,0,0,0,0,0,0,0,0,0,0,0,0,0,0,6.29977959758915e-06,0,0,0,0,0,0.000326242043559073,0,0,0,0,0,0.00346045294079213,0,0,0,0,0,0.0405593170345965,0,0.00275621515234102,0,0.0036979900428009,0,0,0,0,0,0,0,0,0.000198630832511852,0,0.00331321928980222,0,0.00168526574268647,0,0.00190575752264341,0,0,0,0,0,0,0,0,0.00117784875463399,4.30641547293966e-05,0.00137016532276902,0,0
0,0.00771583265400534,0,0.0104142147617583,0,0,0,0,0,0.00241240011009545,0,0,0,0.00844685151072727,0,0.0181210742597722,0,0.000935754978806011,0,0,0,0,0,0,0,0,0,0,0,0,0,0,0,0,0,0,0,0,0,0,0,7.83215381404737e-06,0,0,0,0,0,0,0,0.000199854173237734,0,0,0,0,0,0.0736645746793225,0,0.00340230273725045,0,0,0,0,0,0,0,0,0.00575596881163281,0,0.000363795422184311,0,0,0,0,0,0,0,0,0,0,0,0,0,0.000272099288013429,0.000174182810541797,0.00147187903563995,0,0
0,1.58619075481655e-05,0,0.00205659736392881,0,0.00611351830734921,0,0.00353866173305823,0,0,0,0.025425395922716,0,0,0,0,6.9142393904298e-06,0.000221968633144687,0.00166111419000992,0.310143858352586,0,0,0,0,0,0,0,0,0,0,0,0,0,0,0,0.0122918198429955,0,0.00239663932087371,0,0.0080285675913478,0,0.00942608766187372,0.00024003099429673,0.000161589139847316,0,0.0174067437566168,0,0,0,0,0,0.000419843651204468,0,0,0,0,0,0.0276140368556695,0,0,0,0,0,0,0,0,0,0,0,0,4.68960094406405e-05,0,0.000130572157925216,0,0,0,0,0,0.00711666993493709,0,0.00182275890646591,0,0.0014301856949654,0,0.0471635680237112,0,5.95068005408677e-05
0.000556767901768219,0,0.00352315113986267,0,0.000386145065266661,0,0,0,0.00430257590575579,0,0.000838687279626524,0,0,0,0,0,0.00205991786111261,3.05092154454065e-05,0.011188127838915,0,0.0859485811415727,0,1.33758635005108e-05,0,0,0,0,0,0,0,0,0,0,0,0,0,0.00778577980022975,0,0.00126890453365586,4.50646549949997e-05,0.000705583146625458,8.02594775537394e-05,0.0143028901975493,1.41167784604844e-05,0.00449445925258165,0,0.0723873953349054,0,0.000365309880864227,0,0.00021479468958125,0,0,0,0.000218234121313499,0,0.0479175990036516,0,0,0,0,0,0,0,0,0,0,0,0,0,0,0,0,0.00820364229002627,0,0,0,0,9.47859370560088e-07,0.00754894739131629,0,0.000421840114421665,0.000743324530959823,0,0.0394104115039714,2.73083124533091e-05,0.0029709748381556
0,0,0,0,0,0,0,0,0,0,0,0,0,0,0,0,0,3.66254248098316e-05,0,0,0,0.209107662730497,0.00178331955922769,0.0228457296267744,0,0.000784937574642565,0,0.00446741297040607,0,0,0,0,0,0,0,0,0,0.00345127823928806,0.000167354358243822,0,0,0,0,0,0,0,0,0,0,0.00663601026032338,0,0,0,0,0,0,0,0,0,0,0,0,0,0,0,0.000141208023102376,0.00849846441949472,0,3.86017175218473e-05,0,0.000733573725779031,0,0,0,0,0,8.76753098333696e-05,0,0,0,0.00197539231109382,0,0.00199082939388906,0.000413231876989111,0,0,0
0,0,0,0,0,0,0,0,0,0,0,0,0,0,0,0,0.00202681578472204,1.53155403036448e-05,1.69850485106912e-05,0,0,0.00298017081012016,0.260856798793801,0,0.00706571808154759,0,0.00774877829656979,0,0,0,0,0,0,0,0,0,0,0,0.00267498151637811,0,0,0,6.4879910223717e-06,0,0,0,0,0,0.00379620628824534,0,0,0,0,0,0,0,0,0,0,0,0,0,0,0,0.000141208023102376,0,0,0.00459730638886578,0,0.00400762899027658,0,0.00115395176656223,0,0,0,0,0,0,0,0,0,0.00270903898938114,0.00387727399515865,0.000224510531292481,0,0,0
0,0.00765256104598281,0,0,0,0,0,0,0,0.00441103511481122,0,0,0,0,0,0,0,0,0,0,0,0.00203484055470345,0,0.278473031376647,0,0.00254124177922529,0,0,0,0,0,0,0,0,0,0,0,0.00173918628111344,0,0,0,0,0,0,0,0,0,0,0,0.00116743076677565,0,0,0,0,0,0.0684480354761351,0,0,0,0,0,0.00575596881163281,0,0,0.00849846441949472,0,0,0,0,0,0,0,0,0,0,0,0,0,0,0,0.00155140385462062,0,0.0010217819365432,0,0.00457127343557982,0,0
0,0,0,0,0,0,0,0,0.00107243196125632,0,0,0,0,0,0,0,0,0,0,0,0,0,0.00644734030062709,0,0.197320512344214,0,0.00813039217203559,0,0,0,0,0,0,0,0,0,0,0,0.00314548160828462,0,0,0,0,0,0,0,0,0,0.0528030964573831,0,0,0,0,0,0.0228529110692328,0,0,0,0,0,0.000198630832511852,0,0,0,0,0.00459730638886578,0,0,0,0.0225353985092398,0,0,0,0,0,0,0,0,0,0,0,0.00334544958632703,1.59471706213737e-05,0,0.000946778071782156,0,0
0,0.00136925587051414,0,0,0,0,0,0,0,0,0,0,0,0.000973380517068009,0,0.00027444601051034,0,0.0103095170187658,0,0,0,0.000904837797538215,0,0,0,0.131787942420167,0,0.066512731005854,0,0,0,0,0,0,0,0,0,0,0,0,0,0,0,0,0,0,0,0,0,0,0,0,0,0,0,0.000101164671468303,0,0,0,0,0,0.000363795422184311,0,0,3.86017175218473e-05,0,0,0,0,0,0.0100302202465184,0,0,0,0,0,0,0,0,0,0,0,0.000288029010464521,0,2.51239154468552e-05,0,0
0.00542932703268767,0,0,0,0,0,0,0,0.00888933571538124,0,0,0,0,0,0.000160707117174752,0,4.48450591647997e-05,0,0,0,0,0,0.004973199355178,0,0.119796076061505,0,0.0368679952779676,0,0.000687318044713961,0,0,0,0,0,0,0,0,0,0,0,0,0,0,0,0,0,0,0,0.00624171041518833,0,0,0,0,0,0.0114605223815054,0,1.63215239251766e-05,0,1.03614198780702e-05,0,0.00331321928980222,0,0,0,0,0.00400762899027658,0,0.0225353985092398,0,0,0,0.000462714710211304,0,0.000119742384397938,0,0,0,0,0,0,0,3.8521910303973e-06,0.000157910264625962,0,0.00196469024007785,0,0
0,0.000268804322296983,0,0,0,0,0,0,0,0,0,0,0,0.00220514165142229,0,0,0,0,0,0,0,0.0117655615715619,0,0,0,0.0100353240246223,0,0.207972350657274,0,0.00236926733152812,0,0,0,0,0,0,0,0.000302596239711121,0,0,0,0,0,0,0,0,0,0,0,0.00541573218190179,0,0,0,0,0,0,0,0.0138056530463472,0,0.00121994559672767,0,0,4.68960094406405e-05,0,0.000733573725779031,0,0,0,0.0100302202465184,0,0,0,0.000865729804869467,0,0,0,0,0,0,0,0.00398089336083798,0,0.000117774582914209,0,0.000193142513061945,0,0
0,0,0,0,0,0,0,0,0,0,0.000184535705427098,0,0,0,0,0,0,0,0,0,0,0,0.00220762802369705,0,0.000210524059476022,0,0,0,0.0535026374034873,0,0.00516265032545797,0,0,0,0,0,0,0,0.000251144749856251,0,0,0,0,0,0,0,0,0,0.000467302958816967,0,0,0,0,0,0,0,0.00112489529801834,0,0.00130685664446445,0,0.00168526574268647,0,0,0,0,0.00115395176656223,0,0,0,0.000462714710211304,0,0,0,0.000654401375141605,0,0,0,0,0,0,0,0.00375941853955575,0.00154041655175829,0.000281156391773538,9.84896097638056e-05,0,0
0,6.5961707264938e-05,0,0.000329376103664925,0,0,0,0,0,6.73672691825138e-05,0,0.00606293421687165,0,0,0,0,0,4.73796197703231e-06,0.000645753430035471,8.78470037424094e-05,0,0,0,0,0,0,0,0.00641332266286495,0,0.213103916806151,0,0,0,0,0,0,0,0.00509521524637811,0,0,0,0.00249206100384333,0,0,0,0.000251383647093755,0,0,0,0.000471017039967732,0,0,0,0,0,0,0,0.0203065325607098,0,0,0,0,0.000130572157925216,0,0,0,0,0,0,0,0.000865729804869467,0,0,0,0,0,0,0,1.16331716987405e-06,0,0.00179508614197143,0,5.34389171001144e-05,0,0.00838224264675813,0.000876882675358898,0
