0,0,0.156907523943953,0,0,0,0,0,0.202052161097527,0,0,0,0,0,0,0,0,0,0.296383500099182,0,0,0,0,0,0,0,0,0,0,0,0,0,0,0,0,0.330730795860291,0.322019040584564,0,0,0,0,0.29518545170625,0.311929040484958,0,0,0,0,0.391327828168869,0.182293559360032,0,0,0,0,0,0.224448073874502,0,0.327048793435097,0,0,0,0.187971810129151,0,0,0,0,0,0,0,0,0,0,0,0,0.391930192708969,0,0,0,0,0,0.413806881974725,0,0.428808957338333,0.277239742802411,0,0.334853420960171,0,0.284626007080078
0,0,0,0.12113634655597,0,0,0,0,0,0.146234002245131,0,0,0,0,0,0,0,0,0.379807218909264,0,0,0,0,0.208159806206822,0,0,0,0,0,0,0,0,0,0,0,0,0,0,0,0,0,0.24733875848745,0.250405967235565,0,0,0,0,0,0,0.209983847946638,0,0,0,0,0,0.212150447372649,0,0.276928558945656,0,0,0,0.179344043135643,0,0,0,0,0.220968367531896,0,0,0,0,0,0,0,0,0,0,0,0.333545953035355,0,0,0,0.199123982340097,0,0.228714126295277,0,0
0.156907523943953,0,0,0,0,0,0,0,0.133671773038805,0,0,0,0,0,0,0,0,0,0.3169218202432,0,0.302270904183388,0,0,0,0,0,0,0,0,0,0,0,0,0,0,0,0,0,0.255996346473694,0,0.28321897983551,0,0.288717698967345,0,0,0,0.303769260644913,0,0.196527991890907,0,0.19562763273716,0,0,0,0.172086754441261,0,0.289033768255086,0,0,0,0.173171237111092,0,0,0,0,0,0,0,0,0,0,0.306953221559525,0,0.308538263620332,0,0,0,0,0,0.323393791913986,0,0.353010589877764,0.241566539137331,0.361838350693385,0.279671449018152,0,0.274746729777409
0,0.12113634655597,0,0,0,0.203899517955396,0,0,0,0.169159418894249,0,0,0,0,0,0,0,0.29080393910408,0.257715352943965,0.13801505168279,0,0,0,0,0,0,0,0,0,0,0,0,0,0,0,0.228897509641118,0,0,0,0.269282639988007,0,0.283594979620798,0.264481689780951,0,0,0.177290520930694,0,0.249127873352596,0,0.269461081350503,0,0.23307406110689,0,0,0,0.170055287681958,0,0.283737871015143,0,0.168677731320776,0,0.168938105756586,0.260134642322858,0,0,0,0,0,0,0,0,0,0.317239224910736,0,0,0,0,0,0.304338370263577,0,0.310530895367265,0,0.234384023127058,0.30920946598053,0.197066710761807,0.259177982807159,0
0,0,0,0,0,0,0,0,0,0,0,0,0,0,0,0,0,0,0,0,0.191329540275946,0,0,0,0,0,0,0,0,0,0,0,0,0,0,0,0.188792437847172,0,0,0,0.217022626050587,0,0.245113726991874,0,0,0,0.254400640726089,0,0.216895702960236,0,0.211000137904595,0,0,0,0,0,0.237798004694607,0,0.21884434196082,0,0.241396471858025,0,0,0.201950972899795,0,0,0,0,0,0,0,0,0,0.255439187089602,0,0,0,0,0,0.186320514418185,0,0,0.210381641983986,0,0.202075834435068,0,0
0,0,0,0.203899517955396,0,0,0,0.184953599340386,0,0,0,0.260377034544945,0,0,0,0,0,0,0,0.173768201801512,0,0,0,0,0,0,0,0,0,0,0,0,0,0,0,0.202737597748637,0,0,0,0.284538984298706,0,0.239100135862827,0.22427237033844,0,0,0.186969669801848,0,0,0,0.260101645008514,0,0.20468591077655,0,0.199850998818874,0,0.207114696502686,0,0.242328310675091,0,0,0,0.21239639164471,0.178729303447264,0,0,0,0,0,0,0,0,0,0.269537150859833,0,0,0,0,0,0.19888947141725,0,0.27960193157196,0,0.178362677182385,0.227482534945011,0.192686629655971,0,0
0,0,0,0,0,0,0,0,0,0,0,0,0.138171717524529,0,0,0,0,0,0,0,0,0,0,0,0,0,0,0,0,0,0,0,0,0,0,0,0,0,0,0,0,0,0,0,0,0,0,0,0,0,0,0,0.181126289069653,0,0,0,0,0,0.141560291250547,0,0,0,0,0,0,0,0,0,0,0,0,0,0,0,0,0,0,0,0,0,0,0,0,0,0,0,0
0,0,0,0,0,0.184953599340386,0,0,0,0,0,0.192063905764371,0,0.156454783678055,0,0,0,0,0,0.167126439376311,0,0,0,0,0,0,0,0,0,0,0,0,0,0,0,0,0,0,0,0,0,0,0,0,0,0,0,0,0,0,0,0,0,0.147511488447587,0,0,0,0,0,0.151204126545146,0,0,0.174744762859102,0,0,0,0,0,0,0,0,0,0,0,0,0,0,0,0,0,0,0,0.182709880341771,0,0,0,0
0.202052161097527,0,0.133671773038805,0,0,0,0,0,0,0,0.245911329984665,0,0,0,0.155529173711936,0,0,0,0.257683925330639,0,0,0,0,0,0.199333828408271,0,0.130850525403565,0,0,0,0,0,0,0,0,0,0.183370217680931,0,0.194894300409095,0,0.230330098952566,0,0.187649108469486,0,0,0,0,0,0.22361368473087,0,0.190392191211383,0,0,0,0.226211899111784,0,0.224887143820524,0,0,0,0.159594419101874,0,0,0.258423656225204,0,0,0,0,0,0,0,0,0,0.270545333623886,0,0,0,0,0,0,0,0.2314416517814,0.163639244695122,0,0.187652531167809,0,0
0,0.146234002245131,0,0.169159418894249,0,0,0,0,0,0,0,0,0,0,0,0.209503972971881,0,0.161520779132843,0,0,0,0,0,0.229586641490459,0,0,0,0,0,0,0,0,0,0,0,0,0,0.232032753837089,0,0,0,0.202647989970043,0,0,0,0.174594188729922,0,0,0,0.18687360388102,0,0.22122268544303,0,0,0,0.188615104204023,0,0.233779102563858,0,0.186202123761177,0,0.202658130083142,0,0,0,0,0,0,0,0,0,0,0,0,0,0,0,0,0,0,0.227214904368253,0,0.176598523910042,0,0.1777398440404,0,0
0,0,0,0,0,0,0,0,0.245911329984665,0,0,0,0.144849293905756,0,0,0,0.357970376809438,0.253357261419296,0.349592313170433,0,0.138858326308599,0,0,0,0,0,0,0,0,0,0.147143920589434,0,0,0,0,0,0.137545463418104,0,0.151164956650762,0.335578083992004,0,0,0.378084848324458,0,0,0,0.237493850290775,0,0.269525627295176,0,0,0,0.155921429395676,0,0,0,0.190670309994375,0,0.160858125278824,0,0,0,0,0.215613230551575,0,0,0,0,0,0,0,0,0,0.21643593562536,0,0,0,0,0,0.145989077018672,0,0.167109286012762,0.183885670941452,0,0.287369524439176,0,0.446258425712585
0,0,0,0,0,0.260377034544945,0,0.192063905764371,0,0,0,0,0,0.160245556903716,0,0,0,0,0,0.162462988397577,0,0,0,0,0,0,0,0,0,0.150994331643477,0,0,0,0,0,0.159365652479987,0,0.165585697499368,0,0,0,0,0,0,0,0.343669235706329,0,0,0,0,0,0.271684149901072,0,0.201046938697497,0,0,0,0.222064012559138,0,0,0,0,0.161689510568976,0,0,0,0,0,0,0,0,0,0.217892713844776,0,0,0,0,0,0.163258215146405,0,0.16468364804137,0,0.160859771746363,0,0.20952676422894,0,0
0,0,0,0,0,0,0.138171717524529,0,0,0,0.144849293905756,0,0,0,0,0,0,0,0,0,0,0,0,0,0,0,0,0,0,0,0,0,0,0,0,0,0,0,0,0,0,0,0,0,0,0,0,0,0,0,0,0,0,0,0,0,0,0,0,0,0,0,0,0,0,0,0,0,0,0,0,0,0,0,0,0,0,0,0,0,0,0,0,0,0,0,0
0,0,0,0,0,0,0,0.156454783678055,0,0,0,0.160245556903716,0,0,0,0,0,0,0,0,0,0,0,0,0,0,0,0,0,0,0,0,0,0,0,0,0,0,0,0,0,0,0,0,0,0,0,0,0,0,0,0,0,0,0,0,0,0.151180913225866,0,0.172336886210959,0,0,0,0,0,0,0,0,0,0,0,0,0,0,0,0,0,0,0,0,0,0,0.165619390069946,0,0,0,0
0,0,0,0,0,0,0,0,0.155529173711936,0,0,0,0,0,0,0,0.13414059082667,0,0,0,0,0,0,0,0,0,0,0,0,0,0,0,0,0,0,0,0,0,0,0,0,0,0,0,0,0,0,0,0,0,0,0,0,0,0.179101540461967,0,0,0,0,0,0,0,0,0,0,0,0,0,0,0,0,0,0,0,0,0,0,0,0,0,0,0,0,0,0,0,0
0,0,0,0,0,0,0,0,0,0.209503972971881,0,0,0,0,0,0,0,0.125481876730919,0,0,0,0,0,0,0,0.119980249553919,0,0,0,0,0,0,0,0,0,0,0,0,0,0,0,0,0,0,0,0,0,0,0,0,0,0,0,0,0,0.228005250295003,0,0,0,0,0,0,0,0,0,0,0,0,0,0,0,0,0,0,0,0,0,0,0,0,0,0,0.152931444879089,0,0,0,0
0,0,0,0,0,0,0,0,0,0,0.357970376809438,0,0,0,0.13414059082667,0,0,0.184465235385294,0.290720187312492,0,0.347099999586741,0,0.128294916469181,0,0.175080558886895,0.125522196292877,0.131860437842322,0,0,0,0,0,0,0,0,0.343324452638626,0.346572617498728,0,0.365152890483538,0.306795803339858,0.301803643628955,0.261323561124942,0.272684212848051,0,0.266688823699951,0.261590927839279,0.313648007224115,0.347417495080403,0.226193442940712,0.296224877238274,0,0,0,0,0,0,0.312634458596056,0,0,0,0,0,0.300266534090042,0.305683508239411,0,0.123793764838151,0,0.352054119110107,0,0,0,0.307896286249161,0.332784682512283,0.346551059380822,0,0,0,0,0.332641450615672,0.345509417618022,0.319156020879745,0.332167577860194,0.237467005466236,0.229802253621596,0.305394224964889,0.264305710792542,0.269575280419896
0,0,0,0.29080393910408,0,0,0,0,0,0.161520779132843,0.253357261419296,0,0,0,0,0.125481876730919,0.184465235385294,0,0.280553495187269,0,0,0.126304608955979,0.226916939020157,0.159975060476707,0.220031900839372,0.132912691756199,0.241266116499901,0,0,0,0,0,0,0,0,0.32696884671847,0.326260980437784,0,0.368637427687645,0.297988783406175,0.301895447075367,0.253063215701668,0.259768065065145,0,0,0.265359468758106,0.30019127689302,0.261840641498566,0,0.26933468580246,0,0,0,0,0,0,0.313465961001136,0.336352676153183,0,0,0,0,0.314859461784363,0.292036928591274,0,0,0.150620566429319,0,0.126688116934241,0,0,0,0,0.302814215421677,0,0,0,0,0.30847492814064,0.318573653804404,0.335750203383596,0.304764823500927,0.180455766131927,0.178961873879292,0.285472197763955,0.257714311778545,0.26070692457936
0.296383500099182,0.379807218909264,0.3169218202432,0.257715352943965,0,0,0,0,0.257683925330639,0,0.349592313170433,0,0,0,0,0,0.290720187312492,0.280553495187269,0,0,0.346922822296619,0,0.258390247821808,0,0.281362906098366,0.282397627830505,0,0,0,0,0,0,0,0,0,0.364985580677572,0.367016757178951,0.414031964540482,0.359086469831792,0.318663920363265,0.324036968136285,0.230214129674557,0.240976412847424,0,0.192980072715066,0.304211557333199,0.337026346405182,0.332042914222587,0.332165852189064,0.27450760921486,0,0,0,0,0,0,0.335961980383788,0.358176342773099,0,0,0,0,0.311896306675906,0.309731084196007,0,0,0,0,0,0,0,0.300439178943634,0.372668951749802,0.336879634529079,0,0,0,0,0.351886420211188,0.363907013776112,0.403427339243618,0.347284227035409,0.244617744829989,0.277553571015596,0.318603462448174,0.255435633182526,0.242567559923319
0,0,0,0.13801505168279,0,0.173768201801512,0,0.167126439376311,0,0,0,0.162462988397577,0,0,0,0,0,0,0,0,0,0,0,0,0,0,0,0,0,0,0,0,0,0,0,0.168681644058975,0,0.159689302618638,0,0,0,0.228935778141022,0,0,0,0.292843252420425,0,0,0,0.253748044371605,0,0,0,0,0,0,0,0.208131386136467,0,0,0,0,0.178101391368414,0,0,0,0,0,0,0,0,0,0.381778627634048,0,0,0,0,0,0.208241111649375,0,0.165687311559346,0,0.19569198383837,0.231814980506897,0.191976259709621,0,0
0,0,0.302270904183388,0,0.191329540275946,0,0,0,0,0,0.138858326308599,0,0,0,0,0,0.347099999586741,0,0.346922822296619,0,0,0,0,0,0,0,0,0,0,0,0,0,0,0,0,0.327523797750473,0.184812987745466,0,0.190956318529986,0,0.247347937275966,0,0.273329981913169,0,0,0,0.275104854788099,0,0.250684356316924,0,0.184850831859206,0,0.15971764177084,0,0,0,0.151250775411444,0,0,0,0,0,0,0.243226751905619,0,0,0,0,0,0,0,0,0,0.313296380142371,0,0,0,0,0,0.203926064603808,0,0.300289300954447,0.212638055059043,0,0.254958759101344,0,0.399797588586807
0,0,0,0,0,0,0,0,0,0,0,0,0,0,0,0,0,0.126304608955979,0,0,0,0,0.139478041934289,0.229409833381205,0,0.139254287312365,0,0.149540260434151,0,0,0,0,0,0,0,0,0,0.178441552751298,0,0,0,0,0,0,0,0,0,0.387353743458616,0,0.326293654335562,0,0,0,0,0,0,0,0,0,0,0,0,0,0,0.203722976272059,0,0.276752354834237,0,0.379262365973913,0,0.146634675562382,0,0,0,0,0,0,0,0,0,0.195429179480719,0,0.143093548644021,0.174534251805275,0.283758014440536,0,0
0,0,0,0,0,0,0,0,0,0,0,0,0,0,0,0,0.128294916469181,0.226916939020157,0.258390247821808,0,0,0.139478041934289,0,0,0.16946119321398,0,0.126541609068712,0,0.142955009165135,0,0,0,0,0,0,0,0.313630908727646,0,0.281891883576509,0,0,0,0,0,0,0,0,0.405239015817642,0.30500720417875,0,0,0,0,0,0,0,0,0,0,0,0,0,0,0,0.163317977830216,0.185560609966553,0,0.207437632605433,0,0,0,0,0,0,0,0,0,0,0,0,0,0.216671573014947,0.156780896373655,0.253836138296301,0.313612508277098,0,0
0,0.208159806206822,0,0,0,0,0,0,0,0.229586641490459,0,0,0,0,0,0,0,0.159975060476707,0,0,0,0.229409833381205,0,0,0,0.162145286798477,0,0,0,0,0,0,0,0,0,0,0,0.284485585987568,0,0,0,0,0,0,0,0,0,0.419701347437998,0,0.349310798339607,0,0,0,0,0,0.254294791503956,0,0,0,0,0,0.205402831236521,0,0,0.317451946437359,0,0.210039967833792,0,0.356117141373614,0,0.394483039776484,0,0,0,0,0,0,0,0,0,0.225177491659468,0,0.187011254658876,0,0.311963460300372,0,0
0,0,0,0,0,0,0,0,0.199333828408271,0,0,0,0,0,0,0,0.175080558886895,0.220031900839372,0.281362906098366,0,0,0,0.16946119321398,0,0,0,0.140844113224705,0,0,0,0,0,0,0,0,0,0,0,0.196612756285403,0,0,0,0,0,0,0,0,0.410431027412415,0.301748928250066,0,0,0,0,0,0.224100069484519,0,0,0,0,0,0,0,0.260231882333755,0,0,0.271864673112803,0,0.177676710263862,0,0.176089953435095,0,0,0,0,0,0,0,0,0,0,0,0.168869836634146,0.1450046784141,0,0.355896396786755,0,0
0,0,0,0,0,0,0,0,0,0,0,0,0,0,0,0.119980249553919,0.125522196292877,0.132912691756199,0.282397627830505,0,0,0.139254287312365,0,0.162145286798477,0,0,0,0,0,0,0,0,0,0,0,0,0,0,0,0,0,0,0,0,0,0,0,0,0,0,0,0,0,0,0,0,0,0,0,0,0,0,0,0,0.152793077131112,0,0.163694522597573,0,0.151330221083856,0,0,0,0,0,0,0,0,0,0,0,0,0,0.129137925510042,0,0,0,0
0,0,0,0,0,0,0,0,0.130850525403565,0,0,0,0,0,0,0,0.131860437842322,0.241266116499901,0,0,0,0,0.126541609068712,0,0.140844113224705,0,0,0,0,0,0,0,0,0,0,0,0,0,0,0,0,0,0,0,0,0,0,0,0,0,0,0,0,0,0.143717506102153,0,0,0,0,0,0,0,0,0,0,0,0,0.17110425162883,0,0.12918658554554,0,0,0,0,0,0,0,0,0,0,0,0,0.138990448415279,0,0,0,0
0,0,0,0,0,0,0,0,0,0,0,0,0,0,0,0,0,0,0,0,0,0.149540260434151,0,0,0,0,0,0,0,0.143962799261014,0,0,0,0,0,0,0,0.143685352057219,0,0,0,0,0,0,0,0,0,0,0,0,0,0,0,0,0,0,0,0.132183268666267,0,0,0,0,0,0,0,0,0,0,0.211547464132309,0,0.165175715210486,0,0.162568301255448,0,0,0,0,0,0,0,0.16272738724947,0,0.165283069014549,0,0,0,0
0,0,0,0,0,0,0,0,0,0,0,0,0,0,0,0,0,0,0,0,0,0,0.142955009165135,0,0,0,0,0,0,0,0.128336841861407,0,0,0,0,0,0,0,0,0,0,0,0,0,0,0,0,0,0,0,0,0,0,0,0,0,0,0,0,0,0,0,0,0,0,0.154430728405714,0,0,0,0,0,0.186259487524946,0,0,0,0,0,0,0,0,0,0.157531261444092,0.130783743328518,0,0,0,0
0,0,0,0,0,0,0,0,0,0,0,0.150994331643477,0,0,0,0,0,0,0,0,0,0,0,0,0,0,0,0.143962799261014,0,0,0,0,0,0,0,0,0,0.149884561682947,0,0,0,0,0,0,0,0,0,0,0,0,0,0,0,0,0,0,0,0.171809300377562,0,0,0,0,0,0,0,0,0,0,0,0,0,0,0.189641755065019,0,0,0,0,0,0,0,0.162644603712992,0,0,0,0,0,0
0,0,0,0,0,0,0,0,0,0,0.147143920589434,0,0,0,0,0,0,0,0,0,0,0,0,0,0,0,0,0,0.128336841861407,0,0,0,0,0,0,0,0,0,0.151986194077794,0,0,0,0.441533595323563,0,0,0,0,0,0,0,0,0,0,0,0,0,0.221847429871559,0,0,0,0,0,0,0.277628123760223,0,0,0,0,0,0,0,0.130870980024338,0,0.200092422454421,0,0,0,0,0,0,0,0.152743325862166,0.164316977063815,0.407710194587708,0,0,0
0,0,0,0,0,0,0,0,0,0,0,0,0,0,0,0,0,0,0,0,0,0,0,0,0,0,0,0,0,0,0,0,0.216756815030565,0.335677584707737,0.301439374685287,0.159414802877499,0.150943204067474,0,0,0,0,0,0,0,0,0,0,0.470696785396689,0.476745870206263,0,0,0,0,0,0,0,0,0,0,0,0,0,0,0,0,0,0,0,0,0,0,0,0,0,0.330944412343466,0.20323962455222,0.256199422309983,0.243957951664925,0.208542057354839,0.327535588895121,0,0,0.208951593933109,0,0,0,0
0,0,0,0,0,0,0,0,0,0,0,0,0,0,0,0,0,0,0,0,0,0,0,0,0,0,0,0,0,0,0,0.216756815030565,0,0.166533052465137,0.22625234251221,0.465646122183119,0.214933933555216,0,0,0,0,0,0,0,0,0,0,0.438874054245598,0.520274062951406,0,0,0,0,0,0,0,0,0,0,0,0,0,0,0,0,0,0,0,0,0,0,0,0,0,0.362308240052942,0.354415636763412,0.279954483111699,0.297064422032772,0.374222062528133,0.311050518682702,0,0,0.280349708842428,0,0,0,0
0,0,0,0,0,0,0,0,0,0,0,0,0,0,0,0,0,0,0,0,0,0,0,0,0,0,0,0,0,0,0,0.335677584707737,0.166533052465137,0,0.231530063937882,0.15513948110541,0,0.312703758478165,0.177201643586159,0,0,0,0,0,0,0,0,0.426896651337477,0.423021569848061,0.506088882684708,0,0,0,0,0,0,0,0,0,0,0,0,0,0,0,0,0,0,0,0,0,0,0,0,0.346063095183412,0.218365650815455,0.201878036011553,0.202160288493609,0.178913765113082,0.371225774288177,0.323508876242808,0.188353896141052,0.271604792490478,0.197018474340439,0,0,0
0,0,0,0,0,0,0,0,0,0,0,0,0,0,0,0,0,0,0,0,0,0,0,0,0,0,0,0,0,0,0,0.301439374685287,0.22625234251221,0.231530063937882,0,0,0.143535500423436,0,0.280157513877071,0,0,0,0,0,0,0,0,0.353978689369247,0.53108274936676,0,0,0,0,0,0,0,0,0,0,0,0,0,0,0,0,0,0,0,0,0,0,0,0,0,0.381447315216064,0.286850348207521,0.210657554674366,0.210187337499562,0.446964599192142,0.201654334968709,0,0.239930262606979,0.173019428008876,0,0,0,0
0.330730795860291,0,0,0.228897509641118,0,0.202737597748637,0,0,0,0,0,0.159365652479987,0,0,0,0,0.343324452638626,0.32696884671847,0.364985580677572,0.168681644058975,0.327523797750473,0,0,0,0,0,0,0,0,0,0,0.159414802877499,0.465646122183119,0.15513948110541,0,0,0.298939443762518,0.237589531297185,0,0.34150994748429,0.357104912400246,0.330414343280953,0.310403999355104,0.433173060417175,0,0.270182423263426,0.350687217712402,0.496058432857196,0,0.265387806521599,0,0,0,0,0,0,0.353603422641754,0.260454991832376,0,0,0,0,0.18246576143674,0.340478646755218,0,0,0,0,0,0,0,0,0.299657927109645,0,0.275315256298449,0.383085067073504,0.156105434467249,0,0.235792131849813,0.248491109772162,0.293503613089528,0.349758978400912,0.187712817396164,0.225332377172513,0.274336536468326,0.359835545767795,0
0.322019040584564,0,0,0,0.188792437847172,0,0,0,0.183370217680931,0,0.137545463418104,0,0,0,0,0,0.346572617498728,0.326260980437784,0.367016757178951,0,0.184812987745466,0,0.313630908727646,0,0,0,0,0,0,0,0,0.150943204067474,0.214933933555216,0,0.143535500423436,0.298939443762518,0,0,0.190594266222039,0.332933038473129,0.303756536841393,0.335989435513814,0.33864300650485,0,0.344333731465869,0.311871856451035,0.287899249974986,0.522225241635354,0.269345272618991,0.264576733112335,0.208428524798009,0,0,0,0,0,0.235869961977005,0,0,0,0,0,0,0.234886108349953,0,0,0,0,0,0,0,0,0.357584923505783,0.345340410868327,0.21995221349326,0.219327988413473,0,0.184632251474345,0.326559136020256,0.229617535076224,0.398231700062752,0.261537723899298,0.191587600966319,0.199082026633473,0.286494082010135,0,0.348315005004406
0,0,0,0,0,0,0,0,0,0.232032753837089,0,0.165585697499368,0,0,0,0,0,0,0.414031964540482,0.159689302618638,0,0.178441552751298,0,0.284485585987568,0,0,0,0.143685352057219,0,0.149884561682947,0,0,0,0.312703758478165,0,0.237589531297185,0,0,0.174719681730494,0,0,0.269910816635404,0,0,0,0.301172584295273,0,0.56530201775878,0,0.401721394459407,0,0,0,0,0,0.318426589261402,0,0.182447909244469,0,0,0,0,0.216941937804222,0,0.371882253128922,0,0.339190976747042,0,0,0,0,0,0.152215720577673,0,0,0,0.285750246964968,0,0.255561611032914,0,0.231513983025928,0.169063553665624,0.17631633596826,0.211402592118655,0.309996892405408,0.370653390884399,0
0,0,0.255996346473694,0,0,0,0,0,0.194894300409095,0,0.151164956650762,0,0,0,0,0,0.365152890483538,0.368637427687645,0.359086469831792,0,0.190956318529986,0,0.281891883576509,0,0.196612756285403,0,0,0,0,0,0.151986194077794,0,0,0.177201643586159,0.280157513877071,0,0.190594266222039,0.174719681730494,0,0.385120719671249,0.313241916043418,0,0.349682146310806,0,0,0,0.297223482813154,0.375151066278869,0.371455084410965,0,0,0,0,0,0.297662477846406,0,0.188601778702693,0,0,0,0,0,0,0.259479072161868,0,0.303093766810697,0,0.270082389686218,0,0,0,0,0,0.161368533395804,0,0,0,0.287423968870761,0.365803569555283,0.251208443146942,0.141093909740448,0.24393604217585,0.165379562956532,0.149042388405463,0.384976088391663,0,0.412000000476837
0,0,0,0.269282639988007,0,0.284538984298706,0,0,0,0,0.335578083992004,0,0,0,0,0,0.306795803339858,0.297988783406175,0.318663920363265,0,0,0,0,0,0,0,0,0,0,0,0,0,0,0,0,0.34150994748429,0.332933038473129,0,0.385120719671249,0,0.326030982658267,0.320381760652756,0.264305728311474,0.454459971189499,0,0.239451330094605,0.314997490782004,0.287982225418091,0.31715977191925,0.266903723554826,0,0,0,0,0,0,0.31972923129797,0.296743386018444,0,0,0,0,0.301921459268543,0.337486101048333,0,0,0,0,0,0,0,0,0.317035821811208,0.327363252639771,0,0,0,0,0.282148733859261,0.358659749350897,0.338911679728578,0.351685181260109,0.310900888180399,0.324903451991313,0.321220573326976,0.33319034082676,0.279827418923378
0,0,0.28321897983551,0,0.217022626050587,0,0,0,0.230330098952566,0,0,0,0,0,0,0,0.301803643628955,0.301895447075367,0.324036968136285,0,0.247347937275966,0,0,0,0,0,0,0,0,0,0,0,0,0,0,0.357104912400246,0.303756536841393,0,0.313241916043418,0.326030982658267,0,0.276148081239727,0.289964564176754,0,0.30843492202899,0,0.34844337743057,0.344966987768809,0.246727223798728,0.276778732736905,0.25313420049273,0,0,0,0,0,0.285047728568316,0,0.270889366666476,0,0,0,0.250991493463516,0.252488386901942,0,0,0,0,0,0,0,0.289264857769012,0,0.3145037428721,0,0,0,0,0.350506128743291,0.306686633346336,0,0.338273093104362,0.297596266692567,0.317126413754054,0.294591529322054,0.301567167043686,0.298669072902865
0.29518545170625,0.24733875848745,0,0.283594979620798,0,0.239100135862827,0,0,0,0.202647989970043,0,0,0,0,0,0,0.261323561124942,0.253063215701668,0.230214129674557,0.228935778141022,0,0,0,0,0,0,0,0,0,0,0,0,0,0,0,0.330414343280953,0.335989435513814,0.269910816635404,0,0.320381760652756,0.276148081239727,0,0.211357764175369,0.330608412623405,0,0.274362787986413,0.2645482492279,0.325045256875455,0.386137872934341,0.313040003857829,0,0,0,0,0,0.2118284329772,0.266601882874966,0.30711437930731,0,0,0,0,0.339942735862242,0.274320286181238,0,0,0,0,0,0,0,0,0.306038523944657,0.291151732206345,0,0,0,0,0.321111727838022,0.319908025040143,0.353924873556817,0.335397579840251,0.255087775846593,0.308761842890617,0.29604907413413,0.249918870748051,0.31396946310997
0.311929040484958,0.250405967235565,0.288717698967345,0.264481689780951,0.245113726991874,0.22427237033844,0,0,0.187649108469486,0,0.378084848324458,0,0,0,0,0,0.272684212848051,0.259768065065145,0.240976412847424,0,0.273329981913169,0,0,0,0,0,0,0,0,0,0.441533595323563,0,0,0,0,0.310403999355104,0.33864300650485,0,0.349682146310806,0.264305728311474,0.289964564176754,0.211357764175369,0,0,0.189257126124132,0.271566261351109,0.322888045620035,0.364500069325524,0.284101075936326,0.285532079637051,0.260920481613049,0,0,0,0,0,0.32643943273703,0.282143867015839,0.280211299657822,0,0,0,0.305816829204559,0.296614111855147,0.387594074010849,0.310999989509583,0,0,0,0,0,0.324466874393133,0.332729369401932,0.317973767950439,0,0,0.377303302288055,0,0.289839713834226,0.3120249264467,0.335239067673683,0.330835292713778,0.277963974720942,0.324562630822173,0.281595232067328,0.215469505637884,0.238782778042574
0,0,0,0,0,0,0,0,0,0,0,0,0,0,0,0,0,0,0,0,0,0,0,0,0,0,0,0,0,0,0,0,0,0,0,0.433173060417175,0,0,0,0.454459971189499,0,0.330608412623405,0,0,0,0,0,0,0,0,0,0,0,0,0,0,0,0.411188478980746,0,0,0,0,0.321243047714233,0,0,0,0,0,0,0,0,0,0.45210221161445,0,0,0,0,0,0.454266577959061,0,0.50450933781954,0,0,0,0.451744174957275,0,0
0,0,0,0,0,0,0,0,0,0,0,0,0,0,0,0,0.266688823699951,0,0.192980072715066,0,0,0,0,0,0,0,0,0,0,0,0,0,0,0,0,0,0.344333731465869,0,0,0,0.30843492202899,0,0.189257126124132,0,0,0,0.270079993482294,0,0,0,0,0,0,0,0,0,0.301857978105545,0,0,0,0,0,0,0.300108029374055,0,0,0,0,0,0,0,0,0,0.310860246419907,0,0,0,0,0,0.330914222335411,0,0.328017267470176,0.273781955242157,0,0.253587383311242,0,0.216132069627444
0,0,0,0.177290520930694,0,0.186969669801848,0,0,0,0.174594188729922,0,0.343669235706329,0,0,0,0,0.261590927839279,0.265359468758106,0.304211557333199,0.292843252420425,0,0,0,0,0,0,0,0,0,0,0,0,0,0,0,0.270182423263426,0.311871856451035,0.301172584295273,0,0.239451330094605,0,0.274362787986413,0.271566261351109,0,0,0,0.366568088531494,0.255721226334572,0.2456219419837,0.260949292716227,0,0,0,0,0,0,0,0.330115926662385,0,0,0,0,0.26437502400809,0,0,0,0,0,0,0,0,0,0.344868294192665,0,0,0,0,0,0.248181775937428,0.317414735754331,0.335938556579712,0,0.271567620835932,0.320077814161777,0.265884517142808,0.250156462192535,0
0,0,0.303769260644913,0,0.254400640726089,0,0,0,0,0,0.237493850290775,0,0,0,0,0,0.313648007224115,0.30019127689302,0.337026346405182,0,0.275104854788099,0,0,0,0,0,0,0,0,0,0,0,0,0,0,0.350687217712402,0.287899249974986,0,0.297223482813154,0.314997490782004,0.34844337743057,0.2645482492279,0.322888045620035,0,0.270079993482294,0.366568088531494,0,0.2924628522661,0.290096548505318,0.291869980948312,0.298617899417877,0,0,0,0,0,0.297979361139053,0,0,0,0,0,0.328635945916176,0.283202707927714,0,0,0,0,0,0,0,0.325954258441925,0.388509660959244,0.321996915069493,0,0,0,0,0.329031252934609,0.302306744218032,0.354920732975006,0.30317819720187,0.34726527425161,0.355686806399247,0.337184523435352,0.281732714176178,0.28924114845301
0.391327828168869,0,0,0.249127873352596,0,0,0,0,0,0,0,0,0,0,0,0,0.347417495080403,0.261840641498566,0.332042914222587,0,0,0.387353743458616,0.405239015817642,0.419701347437998,0.410431027412415,0,0,0,0,0,0,0.470696785396689,0.438874054245598,0.426896651337477,0.353978689369247,0.496058432857196,0.522225241635354,0.56530201775878,0.375151066278869,0.287982225418091,0.344966987768809,0.325045256875455,0.364500069325524,0,0,0.255721226334572,0.2924628522661,0,0.489165270165381,0.361362706345071,0,0,0,0,0,0,0,0,0,0,0,0,0,0,0.412494034654852,0.400629848241806,0.427830687876958,0.489756613969803,0,0,0,0,0.273727416992188,0,0.472218226685093,0.467413403568246,0.469006308934749,0.29056368096263,0.404937355280962,0.399023769069856,0.504863198239373,0.262960284948349,0.496313250165172,0.385461628437042,0.578797870167383,0.425909429788589,0.242714121937752
0.182293559360032,0,0.196527991890907,0,0.216895702960236,0,0,0,0.22361368473087,0,0.269525627295176,0,0,0,0,0,0.226193442940712,0,0.332165852189064,0,0.250684356316924,0,0.30500720417875,0,0.301748928250066,0,0,0,0,0,0,0.476745870206263,0.520274062951406,0.423021569848061,0.53108274936676,0,0.269345272618991,0,0.371455084410965,0.31715977191925,0.246727223798728,0.386137872934341,0.284101075936326,0,0,0.2456219419837,0.290096548505318,0.489165270165381,0,0.361970718079638,0.239549449118583,0,0,0,0.241457028767547,0,0.277080690919958,0,0.247663762420416,0,0.193574294447899,0,0,0.233893156051636,0,0.272957095152103,0,0.326187018056711,0,0.318758308887482,0,0.318869109309855,0,0.318211072369626,0.48309252905042,0,0.406082803086072,0,0.390131422486462,0.283864753936657,0.453356802463531,0.338867011819487,0.431833560754721,0.322783708572388,0.309677909495453,0,0.282344056293368
0,0.209983847946638,0,0.269461081350503,0,0.260101645008514,0,0,0,0.18687360388102,0,0,0,0,0,0,0.296224877238274,0.26933468580246,0.27450760921486,0.253748044371605,0,0.326293654335562,0,0.349310798339607,0,0,0,0,0,0,0,0,0,0.506088882684708,0,0.265387806521599,0.264576733112335,0.401721394459407,0,0.266903723554826,0.276778732736905,0.313040003857829,0.285532079637051,0,0,0.260949292716227,0.291869980948312,0.361362706345071,0.361970718079638,0,0,0,0,0,0,0.170827923585539,0,0.270478194270541,0,0,0,0.230971522629261,0.316387198599322,0,0.305715946465255,0.313674986362457,0.331205467677723,0,0.306373328887499,0,0.324087067807793,0,0.301507788377071,0,0.504560240290382,0,0.39510409368409,0,0.274157678218264,0.331021353602409,0.362754781800573,0.356981828808784,0.331094085610176,0.289700311943165,0.279554104045638,0.308849954251516,0
0,0,0.19562763273716,0,0.211000137904595,0,0,0,0.190392191211383,0,0,0,0,0,0,0,0,0,0,0,0.184850831859206,0,0,0,0,0,0,0,0,0,0,0,0,0,0,0,0.208428524798009,0,0,0,0.25313420049273,0,0.260920481613049,0,0,0,0.298617899417877,0,0.239549449118583,0,0,0,0,0,0,0,0.242475610858989,0,0.220464656458182,0,0.210879986739566,0,0,0.25343877863884,0,0,0,0,0,0,0,0,0,0,0,0,0,0,0,0.211862340817849,0,0.315824687480927,0.203195364803684,0,0.240755361400681,0,0
0,0,0,0.23307406110689,0,0.20468591077655,0,0,0,0.22122268544303,0,0.271684149901072,0,0,0,0,0,0,0,0,0,0,0,0,0,0,0,0,0,0,0,0,0,0,0,0,0,0,0,0,0,0,0,0,0,0,0,0,0,0,0,0,0,0,0,0,0,0.25039385494433,0,0.225415987821368,0,0.197809676329295,0,0,0,0,0,0,0,0,0,0,0,0,0,0,0,0,0,0,0,0,0.195658525360764,0,0.24572220657553,0,0
0,0,0,0,0,0,0.181126289069653,0,0,0,0.155921429395676,0,0,0,0,0,0,0,0,0,0.15971764177084,0,0,0,0,0,0,0,0,0,0,0,0,0,0,0,0,0,0,0,0,0,0,0,0,0,0,0,0,0,0,0,0,0,0,0,0,0,0,0,0,0,0,0,0,0,0,0,0,0,0,0,0,0,0,0,0,0,0,0,0,0,0.155534110963345,0,0,0,0
0,0,0,0,0,0.199850998818874,0,0.147511488447587,0,0,0,0.201046938697497,0,0,0,0,0,0,0,0,0,0,0,0,0,0,0,0,0,0,0,0,0,0,0,0,0,0,0,0,0,0,0,0,0,0,0,0,0,0,0,0,0,0,0,0,0,0.204159381775165,0,0.143074758350849,0,0,0,0,0,0,0,0,0,0,0,0,0,0,0,0,0,0,0,0,0,0,0.192603015445716,0,0,0,0
0.224448073874502,0,0.172086754441261,0,0,0,0,0,0.226211899111784,0,0,0,0,0,0.179101540461967,0,0,0,0,0,0,0,0,0,0.224100069484519,0,0.143717506102153,0,0,0,0,0,0,0,0,0,0,0,0.297662477846406,0,0,0,0,0,0,0,0,0,0.241457028767547,0,0,0,0,0,0,0,0,0,0,0,0.199961845089894,0,0,0,0,0,0,0.287827767758255,0,0.146072492003441,0,0,0,0,0,0,0,0,0,0,0,0.287580524074416,0.222412753306078,0,0.30615157601626,0,0
0,0.212150447372649,0,0.170055287681958,0,0.207114696502686,0,0,0,0.188615104204023,0,0,0,0,0,0.228005250295003,0,0,0,0,0,0,0,0.254294791503956,0,0,0,0,0,0,0,0,0,0,0,0,0,0.318426589261402,0,0,0,0.2118284329772,0,0,0,0,0,0,0,0.170827923585539,0,0,0,0,0,0,0,0,0,0,0,0.228600053044109,0,0,0,0,0.255210246642431,0,0,0,0,0,0,0,0,0,0,0,0,0,0.313656111176197,0,0.190459621371701,0,0.224163101478056,0,0
0.327048793435097,0,0.289033768255086,0,0.237798004694607,0,0,0,0.224887143820524,0,0.190670309994375,0,0,0,0,0,0.312634458596056,0.313465961001136,0.335961980383788,0,0.151250775411444,0,0,0,0,0,0,0,0,0,0.221847429871559,0,0,0,0,0.353603422641754,0.235869961977005,0,0.188601778702693,0.31972923129797,0.285047728568316,0.266601882874966,0.32643943273703,0,0.301857978105545,0,0.297979361139053,0,0.277080690919958,0,0.242475610858989,0,0,0,0,0,0,0,0.253675741808755,0,0,0,0,0.294972071568537,0,0,0,0,0,0,0,0.335380463392143,0.279804915189743,0.321232442925767,0,0,0,0,0.302326403558254,0.280868224498599,0.330424815416336,0.357509355046856,0.310359444577981,0.388490749093202,0.324802388443323,0.305625200271606,0.371441435241541
0,0.276928558945656,0,0.283737871015143,0,0.242328310675091,0,0,0,0.233779102563858,0,0.222064012559138,0,0.151180913225866,0,0,0,0.336352676153183,0.358176342773099,0.208131386136467,0,0,0,0,0,0,0,0.132183268666267,0,0.171809300377562,0,0,0,0,0,0.260454991832376,0,0.182447909244469,0,0.296743386018444,0,0.30711437930731,0.282143867015839,0.411188478980746,0,0.330115926662385,0,0,0,0.270478194270541,0,0.25039385494433,0,0.204159381775165,0,0,0,0,0,0,0,0,0.327287305868109,0,0,0,0.327994243852023,0,0.330323091575078,0,0.373974845097178,0,0.284421029312982,0,0,0,0,0,0.284765857883862,0.417777448892593,0.237498396844195,0,0.238465079529719,0.371070120603808,0.329893843457764,0.350436659182532,0
0,0,0,0,0.21884434196082,0,0.141560291250547,0,0,0,0.160858125278824,0,0,0,0,0,0,0,0,0,0,0,0,0,0,0,0,0,0,0,0,0,0,0,0,0,0,0,0,0,0.270889366666476,0,0.280211299657822,0,0,0,0,0,0.247663762420416,0,0.220464656458182,0,0,0,0,0,0.253675741808755,0,0,0,0.174262352287769,0,0,0,0,0,0,0,0,0,0,0.270941586744401,0,0.346037447452545,0,0,0,0,0,0.271118491888046,0,0,0.14186891913414,0,0.248529220688833,0,0
0,0,0,0.168677731320776,0,0,0,0.151204126545146,0,0.186202123761177,0,0,0,0.172336886210959,0,0,0,0,0,0,0,0,0,0,0,0,0,0,0,0,0,0,0,0,0,0,0,0,0,0,0,0,0,0,0,0,0,0,0,0,0,0.225415987821368,0,0.143074758350849,0,0,0,0,0,0,0,0,0,0,0,0,0,0,0,0,0.247383865109388,0,0,0,0,0,0,0,0,0,0,0,0.170446167771633,0,0,0,0
0.187971810129151,0,0.173171237111092,0,0.241396471858025,0,0,0,0.159594419101874,0,0,0,0,0,0,0,0,0,0,0,0,0,0,0,0,0,0,0,0,0,0,0,0,0,0,0,0,0,0,0,0,0,0,0,0,0,0,0,0.193574294447899,0,0.210879986739566,0,0,0,0.199961845089894,0,0,0,0.174262352287769,0,0,0,0,0,0,0,0,0,0,0.20262608570712,0,0,0,0,0,0,0,0,0,0,0,0,0,0,0,0,0
0,0.179344043135643,0,0.168938105756586,0,0.21239639164471,0,0,0,0.202658130083142,0,0,0,0,0,0,0,0,0,0,0,0,0,0.205402831236521,0,0,0,0,0,0,0,0,0,0,0,0,0,0,0,0,0,0,0,0,0,0,0,0,0,0.230971522629261,0,0.197809676329295,0,0,0,0.228600053044109,0,0,0,0,0,0,0,0,0,0,0.207354560494423,0,0,0,0,0,0,0,0,0,0,0,0,0,0,0,0,0,0.208710156856699,0,0
0,0,0,0.260134642322858,0,0.178729303447264,0,0.174744762859102,0,0,0,0.161689510568976,0,0,0,0,0.300266534090042,0.314859461784363,0.311896306675906,0.178101391368414,0,0,0,0,0.260231882333755,0,0,0,0,0,0,0,0,0,0,0.18246576143674,0,0.216941937804222,0,0.301921459268543,0.250991493463516,0.339942735862242,0.305816829204559,0.321243047714233,0,0.26437502400809,0.328635945916176,0,0,0.316387198599322,0,0,0,0,0,0,0,0.327287305868109,0,0,0,0,0,0,0,0,0,0,0,0,0,0,0.348560936974757,0,0,0,0,0,0.252167366325792,0.326392887160182,0.296574475413019,0,0.245510723180832,0.331533544338666,0.298383933271745,0.308494307100773,0
0,0,0,0,0.201950972899795,0,0,0,0.258423656225204,0,0.215613230551575,0,0,0,0,0,0.305683508239411,0.292036928591274,0.309731084196007,0,0.243226751905619,0,0,0,0,0,0,0,0,0,0.277628123760223,0,0,0,0,0.340478646755218,0.234886108349953,0,0.259479072161868,0.337486101048333,0.252488386901942,0.274320286181238,0.296614111855147,0,0.300108029374055,0,0.283202707927714,0,0.233893156051636,0,0.25343877863884,0,0,0,0,0,0.294972071568537,0,0,0,0,0,0,0,0,0,0,0,0,0,0,0.310037523508072,0,0.311711124751879,0,0,0,0,0.349713975732977,0.267276483408749,0,0.334681664850365,0.262413645858195,0.321642946451902,0.298790302943329,0.275906085968018,0.346343393127124
0,0,0,0,0,0,0,0,0,0,0,0,0,0,0,0,0,0,0,0,0,0.203722976272059,0.163317977830216,0.317451946437359,0,0.152793077131112,0,0,0,0,0,0,0,0,0,0,0,0.371882253128922,0,0,0,0,0.387594074010849,0,0,0,0,0.412494034654852,0,0.305715946465255,0,0,0,0,0,0,0,0,0,0,0,0,0,0,0,0,0.352056863832402,0,0.36161611477534,0,0.350610618789991,0,0,0,0,0,0,0,0,0,0.33472262856705,0,0.198646246994797,0.161924973130226,0.320110482828958,0,0
0,0,0,0,0,0,0,0,0,0,0,0,0,0,0,0,0.123793764838151,0,0,0,0,0,0.185560609966553,0,0.271864673112803,0,0,0,0.154430728405714,0,0,0,0,0,0,0,0,0,0.303093766810697,0,0,0,0.310999989509583,0,0,0,0,0.400629848241806,0.272957095152103,0.313674986362457,0,0,0,0,0,0,0,0,0,0,0,0,0,0,0,0,0,0.269063964385778,0,0.348265194644531,0,0.295903069051829,0,0,0,0,0,0,0,0,0,0.287475780374201,0.182292178738862,0,0.330923066191051,0,0
0,0.220968367531896,0,0,0,0,0,0,0,0,0,0,0,0,0,0,0,0.150620566429319,0,0,0,0.276752354834237,0,0.210039967833792,0,0.163694522597573,0,0,0,0,0,0,0,0,0,0,0,0.339190976747042,0,0,0,0,0,0,0,0,0,0.427830687876958,0,0.331205467677723,0,0,0,0,0,0.255210246642431,0,0.327994243852023,0,0,0,0.207354560494423,0,0,0.352056863832402,0,0,0,0.308639005581734,0,0.337810502085887,0,0,0,0,0,0,0,0,0,0.276686435620192,0,0.248117391705513,0,0.345637640077932,0,0
0,0,0,0,0,0,0,0,0,0,0,0,0,0,0,0,0.352054119110107,0,0,0,0,0,0.207437632605433,0,0.177676710263862,0,0.17110425162883,0,0,0,0,0,0,0,0,0,0,0,0.270082389686218,0,0,0,0,0,0,0,0,0.489756613969803,0.326187018056711,0,0,0,0,0,0.287827767758255,0,0,0,0,0,0,0,0,0,0,0.269063964385778,0,0,0,0.273322846740484,0,0.315736040472984,0,0,0,0,0,0,0,0,0,0.228745172318724,0.187980441820054,0,0.338848393828275,0,0
0,0,0,0,0,0,0,0,0,0,0,0,0,0,0,0,0,0.126688116934241,0,0,0,0.379262365973913,0,0.356117141373614,0,0.151330221083856,0,0.211547464132309,0,0,0,0,0,0,0,0,0,0,0,0,0,0,0,0,0,0,0,0,0,0.306373328887499,0,0,0,0,0,0,0,0.330323091575078,0,0,0,0,0,0,0.36161611477534,0,0.308639005581734,0,0,0,0.261021051541148,0,0,0,0,0,0,0,0,0,0,0,0.122649418190122,0,0.209176050904004,0,0
0,0,0,0,0,0,0,0,0,0,0,0,0,0,0,0,0,0,0,0,0,0,0,0,0.176089953435095,0,0.12918658554554,0,0,0,0,0,0,0,0,0,0,0,0,0,0,0,0,0,0,0,0,0,0.318758308887482,0,0,0,0,0,0.146072492003441,0,0,0,0,0,0.20262608570712,0,0,0,0,0.348265194644531,0,0.273322846740484,0,0,0,0.354090576878814,0,0,0,0,0,0,0,0,0,0,0,0,0,0,0
0,0,0,0,0,0,0,0,0,0,0,0,0,0,0,0,0,0,0,0,0,0.146634675562382,0,0.394483039776484,0,0,0,0.165175715210486,0,0,0,0,0,0,0,0,0,0,0,0,0,0,0,0,0,0,0,0,0,0.324087067807793,0,0,0,0,0,0,0,0.373974845097178,0,0.247383865109388,0,0,0,0,0.350610618789991,0,0.337810502085887,0,0.261021051541148,0,0,0,0.23814358660635,0,0,0,0,0,0,0,0.249897122898874,0,0.126584182182948,0,0.367489417110171,0,0
0,0,0.306953221559525,0,0,0,0,0,0,0,0,0,0,0,0,0,0.307896286249161,0,0.300439178943634,0,0,0,0,0,0,0,0,0,0.186259487524946,0,0.130870980024338,0,0,0,0,0,0,0,0,0,0.289264857769012,0,0.324466874393133,0,0,0,0.325954258441925,0,0.318869109309855,0,0,0,0,0,0,0,0.335380463392143,0,0.270941586744401,0,0,0,0,0.310037523508072,0,0.295903069051829,0,0.315736040472984,0,0.354090576878814,0,0,0,0.366421805358077,0,0,0,0,0,0,0,0.25535904190572,0.263935254514217,0,0.349098826625517,0,0.349212249120076
0,0,0,0.317239224910736,0,0.269537150859833,0,0,0,0,0,0.217892713844776,0,0,0,0,0.332784682512283,0,0.372668951749802,0.381778627634048,0,0,0,0,0,0,0,0.162568301255448,0,0.189641755065019,0,0,0,0,0,0.299657927109645,0.357584923505783,0.152215720577673,0,0.317035821811208,0,0.306038523944657,0.332729369401932,0.45210221161445,0,0.344868294192665,0.388509660959244,0.273727416992188,0,0.301507788377071,0,0,0,0,0,0,0.279804915189743,0.284421029312982,0,0,0,0,0.348560936974757,0,0,0,0,0,0,0,0.23814358660635,0,0,0,0,0,0,0,0.309803023453682,0.354854903050831,0.231695100060991,0.365356147289276,0.347285689303169,0.378419971236816,0.347270397217558,0.348276905660276,0
0.391930192708969,0,0.308538263620332,0,0.255439187089602,0,0,0,0.270545333623886,0,0.21643593562536,0,0,0,0,0,0.346551059380822,0.302814215421677,0.336879634529079,0,0.313296380142371,0,0,0,0,0,0,0,0,0,0.200092422454421,0,0,0,0,0,0.345340410868327,0,0.161368533395804,0.327363252639771,0.3145037428721,0.291151732206345,0.317973767950439,0,0.310860246419907,0,0.321996915069493,0,0.318211072369626,0,0,0,0,0,0,0,0.321232442925767,0,0.346037447452545,0,0,0,0,0.311711124751879,0,0,0,0,0,0,0,0.366421805358077,0,0,0,0,0,0,0.370486959815025,0.297321564645218,0.346213266253471,0.263762765115782,0.363298971265714,0.38789330671231,0.363528283165311,0.277133971452713,0.366736525283107
0,0,0,0,0,0,0,0,0,0,0,0,0,0,0,0,0,0,0,0,0,0,0,0,0,0,0,0,0,0,0,0.330944412343466,0.362308240052942,0.346063095183412,0.381447315216064,0.275315256298449,0.21995221349326,0,0,0,0,0,0,0,0,0,0,0.472218226685093,0.48309252905042,0.504560240290382,0,0,0,0,0,0,0,0,0,0,0,0,0,0,0,0,0,0,0,0,0,0,0,0,0,0.336388836519138,0.268138843828736,0.329727739095688,0.272341780880238,0.320347500198028,0,0,0.284111701517834,0,0,0,0
0,0,0,0,0,0,0,0,0,0,0,0,0,0,0,0,0,0,0,0,0,0,0,0,0,0,0,0,0,0,0,0.20323962455222,0.354415636763412,0.218365650815455,0.286850348207521,0.383085067073504,0.219327988413473,0,0,0,0,0,0,0,0,0,0,0.467413403568246,0,0,0,0,0,0,0,0,0,0,0,0,0,0,0,0,0,0,0,0,0,0,0,0,0,0,0.336388836519138,0,0.287492486483911,0.253109786923217,0.34980380286773,0.265458620948463,0,0,0.292643573880196,0,0,0,0
0,0,0,0,0,0,0,0,0,0,0,0,0,0,0,0,0,0,0,0,0,0,0,0,0,0,0,0,0,0,0,0.256199422309983,0.279954483111699,0.201878036011553,0.210657554674366,0.156105434467249,0,0.285750246964968,0,0,0,0,0.377303302288055,0,0,0,0,0.469006308934749,0.406082803086072,0.39510409368409,0,0,0,0,0,0,0,0,0,0,0,0,0,0,0,0,0,0,0,0,0,0,0,0,0.268138843828736,0.287492486483911,0,0.262302417470061,0.232502628556069,0.376235038042068,0.329575528727567,0,0.255100509002666,0.187299152836204,0,0,0
0,0,0,0,0,0,0,0,0,0,0,0,0,0,0,0,0,0,0,0,0,0,0,0,0,0,0,0,0,0,0,0.243957951664925,0.297064422032772,0.202160288493609,0.210187337499562,0,0.184632251474345,0,0.287423968870761,0,0,0,0,0,0,0,0,0.29056368096263,0,0,0,0,0,0,0,0,0,0,0,0,0,0,0,0,0,0,0,0,0,0,0,0,0,0,0.329727739095688,0.253109786923217,0.262302417470061,0,0.421638476848602,0.271923587125837,0,0.298319841034201,0.171276339344256,0,0,0,0
0,0.333545953035355,0,0.304338370263577,0,0.19888947141725,0,0,0,0,0,0.163258215146405,0,0,0,0,0.332641450615672,0.30847492814064,0.351886420211188,0.208241111649375,0,0,0,0,0,0,0,0,0,0,0,0.208542057354839,0.374222062528133,0.178913765113082,0.446964599192142,0.235792131849813,0.326559136020256,0.255561611032914,0.365803569555283,0.282148733859261,0.350506128743291,0.321111727838022,0.289839713834226,0.454266577959061,0,0.248181775937428,0.329031252934609,0.404937355280962,0.390131422486462,0.274157678218264,0,0,0,0,0,0,0.302326403558254,0.284765857883862,0,0,0,0,0.252167366325792,0.349713975732977,0,0,0,0,0,0,0,0,0.309803023453682,0.370486959815025,0.272341780880238,0.34980380286773,0.232502628556069,0.421638476848602,0,0.330428279332213,0.296846300218314,0.368218547105789,0.2583831405771,0.287353023296536,0.313040997483956,0.370466237266858,0.27367177605629
0.413806881974725,0,0.323393791913986,0,0.186320514418185,0,0,0,0,0,0.145989077018672,0,0,0,0,0,0.345509417618022,0.318573653804404,0.363907013776112,0,0.203926064603808,0,0,0,0,0,0,0,0,0,0,0.327535588895121,0.311050518682702,0.371225774288177,0.201654334968709,0.248491109772162,0.229617535076224,0,0.251208443146942,0.358659749350897,0.306686633346336,0.319908025040143,0.3120249264467,0,0.330914222335411,0.317414735754331,0.302306744218032,0.399023769069856,0.283864753936657,0.331021353602409,0.211862340817849,0,0,0,0,0,0.280868224498599,0.417777448892593,0.271118491888046,0,0,0,0.326392887160182,0.267276483408749,0,0,0,0,0,0,0,0,0.354854903050831,0.297321564645218,0.320347500198028,0.265458620948463,0.376235038042068,0.271923587125837,0.330428279332213,0,0.364757335186005,0.282622574013997,0.268032751755724,0.321563579778575,0.333538421625981,0.315292899097715,0.37349266239575
