0,0,0.0179160585371385,0,0,0,0,0,0.0324679128637866,0.000171105685101668,0,0,0,0,0,0,2.18749456101406e-05,9.71228899093724e-06,0.000995365997738504,0,0,0,0,0,0.000242984434847287,0,0,0,0,0,0,0,0,0,0,0,2.02088596862717e-05,0,0.000549429089939975,0,0.000192530670686246,1.1947653455263e-05,0.00935280311111031,0,0,0,4.34609552570388e-05,0.0001608545520194,0.0183643357787281,0,0,0,0,0,0.0437884238098132,0,0,0,0,0,0.000187469840790433,0,0,1.4509766211582e-05,0,0,0,0.00364411281229488,0,0,0,1.71073925386775e-05,0,0,0,0,0,0,0,1.87988264311426e-05,0,0.00013090055171577,0.00191953482328596,6.22420597988641e-05,0.0113576620673178,0,0.00113892693250653
0,0,0,0.0931406098480093,0,0.00125658768960263,0,0,0,0.0560978921542252,0,0,0,0,0,9.67406925731981e-05,2.01026060711227e-05,0.000152776675862809,0.00131686308370361,0.000338694335789222,0,0,0,0.00335852202179609,0,0,0,0,0,0,0,0,0,0,0,0.000150306774602683,0,0.00143448428208705,6.47772626549284e-06,0.000880125762042599,0.000166936958236599,0.00789230410971154,0,0,0,0.00352381816352111,0,0.000281990219510378,0,0.0352247662206061,0,0.000577811720296182,0,0,0,0.0635292738972994,0,0.00323884427660225,0,3.6529170685472e-05,0,0.0764424762362728,0.000561751055299729,0,0,0,0.0133387819685961,0,0,0,8.32108681163726e-05,0,0.00247525649782035,0,0,0,0,0,0.0013290029362143,0,0.00147185744713843,5.20079758585366e-06,0.00157112636644919,3.03688320064796e-05,0.0127011314239936,0.000111969168441289,0
0.0179160585371385,0,0,0,0.135072654932697,0,0,0,0.0626748912271641,0,0,0,0,0,0,0,1.04599281376652e-05,0,0.000599868987196512,0,0,0,0,0,0,0,0,0,0,0,0,0,4.58008450459745e-05,0,0.000185714615735297,5.82617832975419e-06,0.000205550103797089,6.06363337192842e-06,2.51198694010901e-05,0,0.00061211974714162,0,0.00844605422223935,0,0,0,0.00158774806503658,0.000719750851470105,0.00787287743475004,0.000441835310291947,0.00869497991201071,0,0,0,0.018043437050419,0,0,0,0.000207750485304581,0,0,0,0,1.02450308065247e-05,0,0,0,0,0,4.93265520474287e-05,0,5.33257132155655e-05,0,0,0,5.08945814970121e-05,0,0.000121263415125386,0,4.06394680311365e-05,0,3.94741560526579e-05,0.00414432142877434,5.03536844907182e-05,0.0172356595820159,0,0.00421765660402144
0,0.0931406098480093,0,0,0,0.0696018460008489,0,0,0,0.00597369701438409,0,0,0,0,0,0.0002760781184422,7.46310195723013e-06,0,2.42439374339555e-05,3.19393848196778e-05,0,0,0,8.27091093744299e-05,0,0,0,0,0,0,0,0,0,0,0,7.55669561065421e-05,0,5.43904944198222e-06,0,5.91500066586671e-05,0,0.00386953256922826,0,0,0,0.000594579330114379,0,0.000136878181038967,0,0.0161276804884907,0,0.0361538267678058,0,0,0,0.0309654234886009,0,0.0330033806163655,0,0.00348890992582808,0,0.02664802431715,5.20268265090885e-05,0,0,0,0,0,0,0,0,0,0.000805534879763131,0,0,0,0,0,0.000118974089294127,0,8.31244744385799e-05,0,0.000279911075458549,9.73081830883845e-07,0.0111994321025569,5.63541908945933e-05,0
0,0,0.135072654932697,0,0,0,0.000110000677306446,0,0.0472656153174785,0,0,0,0,0,0,0,0,0,5.87785955133739e-06,0,0.00106023193508356,0,0,0,0,0,0,0,0,0,0,0,0,0,0,1.32312267536355e-06,0.000307948805985038,0,2.73119968636332e-06,0,0.0011783419604412,0,0.000830204423322982,0,0,0,0.00500917680653891,0.000507947588961475,0.000308489453972763,0.00047764673329636,0.058218218343731,0,0,0,0.0219359051694416,0,4.81997963589047e-05,0,0,0,0.000402144661545117,0,0,0.00936148045357526,0,0,0,0,0,0,0,0,0,0,0,0,0,0.000198463626836995,0,0.000512905569640169,0,0,0.00289213148339484,0.00128447436429944,0.0191226689475676,0,0
0,0.00125658768960263,0,0.0696018460008489,0,0,0,0,0,0.0189851355185118,0,0,0,0,0,0,1.19771456384939e-05,0,0.000135500856323515,0.00773785369472002,0,0,0,0,0,0,0,0,0,0,0,0,0,0,0,0.0013828594912497,0,1.40008180436982e-05,0,5.13292520338103e-05,0,0.00354378443724064,0,0,0,0.00146803912617489,0,0.000284768854771098,0,0.000610590903872728,0,0.0361128767086155,0,0,0,0.0284663092303966,0,0.0015209461527471,0,0,0,0.0068296847240005,0.0135291393206141,0,0,0,0,0,0,0,6.96342858344044e-05,0,0.000554965867835218,0,0,0,0,0,0.00057356267693307,0,1.60782540937175e-05,0,0.00666279960095169,0.00194821206915993,0.0151114664470463,0,0
0,0,0,0,0.000110000677306446,0,0,0,0,0,0,0,0,0,0,0,0,0,0,0,0.00406741102597413,0,0,0,0,0,0,0,0,0,0,0,0,0,0,0,0,0,0,0,0,0,0,0,0,0,0,0,0,0,0.01963820560989,0,0.010672117746089,0,0,0,0,0,0,0,0,0,0,0.0026977514325043,0,0,0,0,0,0,0,0,0,0,0,0,0,0,0,0,0,0,0.000663006883449644,0.000244806890326522,0,0,0
0,0,0,0,0,0,0,0,0,0,0,0.00226200893533965,0,0,0,0,0,0,0,0.00630997135806179,0,0,0,0,0,0,0,0,0,0,0,0,0,0,0,0,0,0,0,0,0,0,0,0,0,0,0,0,0,0,0,0.000478697955259122,0,0.0128327450892688,0,0,0,0,0,0.00154047080415376,0,0,0.000783401755403337,0,0,0,0,0,0,0,0,0,0,0,0,0,0,0,0,0,0,0,0.000994809379837824,0.000711475374757056,0,0,0
0.0324679128637866,0,0.0626748912271641,0,0.0472656153174785,0,0,0,0,0,0,0,0,0,0.0013291553592047,0,0.00311558181991669,0.000138615842006198,0.000158624779840342,0,0,0,0,0,0.00946590931790306,0,0.0181570519507093,0,0,0,0,0,0,0,0,0,0,0,0.00215249896807302,0,0,0,0.0027635225866205,0,0,0,0.000268721167457405,0,0.000232392808397174,0,0.0273791240952106,0,0,0,0.150586009038073,0,0,0,0,0,0.000742042587195029,0,0,0,0,0,0,0.0254558315239328,0,0.000797830867922972,0,0,0,0,0,0,0,0,0,0,0,0.000801435957096611,0.00707484661040352,3.91764530210908e-05,0.00344628578386809,0,0.000615531731508872
0.000171105685101668,0.0560978921542252,0,0.00597369701438409,0,0.0189851355185118,0,0,0,0,0,0,0,0,0,0.0881897975115036,0.00357276908288487,0.034797409051767,0.0118271863563008,0,0,0,0,0.00513619293962298,0,0.00119600294972789,0,0,0,0,0,0,0,0,0,0.000138189476353767,2.24364362211125e-05,0.00108317412668949,6.21083822235774e-05,0.00092269336713968,0.00232389077976944,0.00628459354197683,0.00103232206521977,0,0,0.000286770892925513,0.000358964863518837,1.75661578575326e-05,0.000133242481278231,0.0103643588760101,0,0.00185650938982245,0,0,0,0.246047231049666,0,0.0073323183769678,0,7.97097995741004e-05,0,0.130473172964984,0.00172709796079313,1.12195067234226e-05,0,0,0.00790844952460883,0,0.0193603969951713,0,0.00330680691068722,0,0.00987907133068157,0,0,0,0,0,0.00040532805694199,5.51727103767576e-05,0.000714336336306636,0.000129141087510679,0.0093465223901195,0.000282829390840671,0.00786254946176754,0.0005198686849591,0
0,0,0,0,0,0,0,0,0,0,0,0,0.0183012844379595,0,0,0,0,0,0,0,0.0283062793757669,0,0,0,0,0,0,0,0,0,0.000441356113576013,0,0,0,0,0,0.00306325324535214,0,0.00657084856594176,0,0,0,0,0,0,0,0,0,0,0,0,0,0,0,0,0,0.0736569004251258,0,0.0111743122193809,0,0,0,0,0.0119152165166391,0,0,0,0,0,0,0,0,0,0.00240338270451546,0,0,0,0,0,0.0011707774156998,0,0,0.0045906937143821,0,0.000282928828643249,0,0
0,0,0,0,0,0,0,0.00226200893533965,0,0,0,0,0,0.00921554591774608,0,0,0,0,0,0.0480501859233023,0,0,0,0,0,0,0,0.00321669830309286,0,0.00806098599907819,0,0,0,0,0,0.00169274766223659,0,0.00679746377399753,0,0,0,0,0,0,0,0,0,0,0,0,0,0,0,0,0,0,0,0.169212842403799,0,0.0101274383371756,0,0,0,0,0,0,0,0,0,0,0.00172945378342694,0,0.0273047334058081,0,0,0,0,0,0,0,0.00016518845068363,0,0.00201176383640093,1.12296775114373e-05,0,0,0
0,0,0,0,0,0,0,0,0,0,0.0183012844379595,0,0,0,0,0,0,0,0,0,0,0,0,0,0,0,0,0,0.00165123623415529,0,0,0,0,0,0,0,0,0,0,0,0,0,0,0,0,0,0,0,0,0,0,0,0,0,0,0,0.00182752291583931,0,0.00704470037650333,0,0,0,0,0,0,0,0,0,0,0,0,0,0,0,0,0,0,0,0,0,0,0,0.000338448904748331,0.000309813270986755,0,0,0
0,0,0,0,0,0,0,0,0,0,0,0.00921554591774608,0,0,0,0,0,0,0,0,0,0,0,0,0,0,0,0.000294746339181178,0,0,0,0,0,0,0,0,0,0,0,0,0,0,0,0,0,1.30486488999029e-05,0,0,0,0,0,0,0,0,0,0,0,0.000429428205261106,0,0.0416279134532297,0,0,0,0,0,0,0,0,0,0,0.000933632116438595,0,0,0,0,0,0,0,0,0,0,0,0.000568305659234736,0.00203765266563515,0,0,0
0,0,0,0,0,0,0,0,0.0013291553592047,0,0,0,0,0,0,0,0.000788962224893882,0,0,0,0,0,0,0,0,0,0,0,0,0,0,0,0,0,0,0,0,0,0,0,0,0,0,0,0,0,0,0,0,0,0,0,0,0,0.00615783234222865,0,0,0,0,0,0,0,0,0,0,0,0,0,0,0,0,0,0,0,0,0,0,0,0,0,0,0,3.27279427438411e-05,2.75698691112211e-05,0,0,0
0,9.67406925731981e-05,0,0.0002760781184422,0,0,0,0,0,0.0881897975115036,0,0,0,0,0,0,0.000620192380665783,0.0132282919402338,0.000363579069645171,0,0,0,0,0,0,0.00781245690597095,0,0,0,0,0,0,0,0,0,0,0,0,0,0,0,2.05984750802357e-05,0,0,0,0,0,0,1.7681383462237e-05,0.00578544365584213,0,0,0,0,0,0.0214897261137732,0,0.00712909148909584,0,0.00252288486320006,0,0.0331048796281754,0,0,0,0,0,0,0.000638836223011009,0,0,0,0,0,0,0,0,0,0,0,0,0,0.00108668969973096,0.000277175075995577,8.02970305895196e-05,0,0
2.18749456101406e-05,2.01026060711227e-05,1.04599281376652e-05,7.46310195723013e-06,0,1.19771456384939e-05,0,0,0.00311558181991669,0.00357276908288487,0,0,0,0,0.000788962224893882,0.000620192380665783,0,0.114510245448679,0.084874020148819,3.55608587471329e-05,0,0,0.00441436099895595,0,0.00608241463171935,0,0.000159334342377187,0,0,0,0,0,0,0,0,5.4967440298141e-05,4.3787370842718e-05,7.06622049154326e-05,0.000140642141039277,9.29098492995152e-05,0.000939631825084833,0.000434389330613817,0.00144403960827654,0,0,0.000492025738928538,9.723048961577e-05,0,0.000486306607980912,1.47982202112889e-05,0,0,0,0,0.00148492506173373,0,0,0,0,0,0.000249982484080136,0.000344855533928438,7.98300504046782e-05,3.23776859227523e-06,0,6.87686123935042e-05,0,0,0,0.000404807565850589,0,3.48720965674351e-06,8.13086908937828e-06,0,0,0,0,0,0.000411834696610005,8.58704517105413e-05,0.000255476958416338,0.000403678549131638,0.0703728237937713,0.0408247370401898,0.00131743110643717,3.03965752213288e-05,0.000327834404958429
9.71228899093724e-06,0.000152776675862809,0,0,0,0,0,0,0.000138615842006198,0.034797409051767,0,0,0,0,0,0.0132282919402338,0.114510245448679,0,0.0524373327897468,5.41098780574754e-06,0,0.00379427109692175,0,0.0061973818707357,0,0.00654049729443744,0,0,0,0,0,0,0,0,0,9.09241893727638e-05,8.23230056722255e-05,0.000308247076890324,9.89999214998377e-05,0.0003341105770089,0.00123840206791664,0.00096224554956705,0.00128588090944647,0,0,0.00102123822789928,4.9036216047643e-05,0,0.00027356180224544,5.562376702875e-05,0,0,0,0,0,0.000527198946889673,0,0,0,0,0,0.0076981395219212,0.000129120460963795,9.06406734102813e-06,0.00010564648414272,0,0.000251636962276364,0,0.00270588641640722,0,0,0,0.000119163206346607,0,0,0,0,0,0.000708615612771422,0.000148669080100565,0.000648442803555297,0.000486634986728593,0.0613352845352082,0.0776082904378319,0.00188174766154906,0.000143977870453004,0.00025245216344977
0.000995365997738504,0.00131686308370361,0.000599868987196512,2.42439374339555e-05,5.87785955133739e-06,0.000135500856323515,0,0,0.000158624779840342,0.0118271863563008,0,0,0,0,0,0.000363579069645171,0.084874020148819,0.0524373327897468,0,5.83050106732831e-05,0,0,0,0,0,0,0,0,0,3.75160498161942e-05,0,0,0,0,0,0.00122137154626422,0.000679730790321143,0.00292643173193946,0.0018067437265818,0.00650952784800952,0.0257834192759199,0.0232576760033456,0.0783180551528989,0.000122791587788112,8.52855481094103e-05,0.0106354015765474,0.000758279626178749,4.76748817312137e-06,0.0269942540041272,0.00152542130431721,0,0,0,0,0,5.48028017351224e-05,0,0.000382114786245891,0,0,0,0.000321408099360597,0.00186393392125861,0.000125538533304661,0,0,0,0,0,0,0.00016260771516518,0.000310733599658091,0.00664785866082316,0.000279475753701405,0,0,0,0,0.00607072487058528,0.00163324523735993,0.00984839853713053,0.0104155854936938,0.0408041730824485,0.0105931251280187,0.0447932714980989,0.00512876551801799,0.0178105717742046
0,0.000338694335789222,0,3.19393848196778e-05,0,0.00773785369472002,0,0.00630997135806179,0,0,0,0.0480501859233023,0,0,0,0,3.55608587471329e-05,5.41098780574754e-06,5.83050106732831e-05,0,0,0,0,0,0,0,0,0,0,0.00109600286116925,0,0,0,0,0,0.0113236285442182,0,0.00984234583957284,0,0,0,0.000146627884926683,9.55032138226476e-06,0,0,0.00230003349453668,0,0,0,5.60041541170665e-05,0,0,0,0,0,0,0,0.0528300791995536,0,0,0,0,0.0569355497913991,0,0,0,0,0,0,0,0,0,0.0147053080708128,0,0,0,0,0,0.00171626587630847,0,0.00905719101889378,0,0.00282926699472915,1.08267070237067e-05,0.00508753758009055,0,0
0,0,0,0,0.00106023193508356,0,0.00406741102597413,0,0,0,0.0283062793757669,0,0,0,0,0,0,0,0,0,0,0,0,0,0,0,0,0,0,0,0,0,0,0,0,0,0.00393239074015928,0,0.00878610460474408,0,0,0,1.08843154769354e-05,0,0,0,9.53152710722539e-05,0,0,0,0,0,0,0,0,0,0.0207919834891431,0,0,0,0,0,0,0.163874128814326,0,0,0,0,0,0,0,0,0,0.00129496945955505,0,0,0,0,0,0.00102787768828367,0,6.5693492027675e-06,0.00142932155455327,1.55640908070222e-05,0.00185117981094007,0,0
0,0,0,0,0,0,0,0,0,0,0,0,0,0,0,0,0,0.00379427109692175,0,0,0,0,0.00302682768254193,0.00431351988606066,8.79674295322934e-05,0.0047381042145659,0,0.00190336274307547,0,0,0,0,0,0,0,0,0,0.01300765384234,5.71335034603268e-05,0,0,0,0,0,0,0,0,0,0,0.00507418376573679,0,0,0,0,0,0,0,0,0,0,0,0,0,0,0.10622755573223,0.00052071662636586,0.00338770463780891,0,0.00355035608728085,0,0.00041040745465628,0,0,0,0,0,0,0,0,0,0.000125992350908123,0,0.00510557663417548,0.00616397299453591,6.11125116582419e-06,0,0
0,0,0,0,0,0,0,0,0,0,0,0,0,0,0,0,0.00441436099895595,0,0,0,0,0.00302682768254193,0,0,0.011405685393228,0,4.65362367514118e-05,0,0.00283914008371708,0,0,0,0,0,0,0,0,8.52050015964778e-06,0.00521424289533306,0,0,0,0,0,0,0,0,0,0.0154927317344372,0,0,0,0,0,0,0,0,0,0,0,0,0,0,0,0.0011604659123347,0.124671391976718,0,0.00742243426532636,0,0,0,0.000910434563590722,0,0,0,0,0,0,0,0,0,9.62981766232017e-05,0.0092468969242982,0.00235685971780367,0,0,0
0,0.00335852202179609,0,8.27091093744299e-05,0,0,0,0,0,0.00513619293962298,0,0,0,0,0,0,0,0.0061973818707357,0,0,0,0.00431351988606066,0,0,0,0.0216082982930998,0,0,0,0,0,0,0,0,0,0,0,0.0084552075580103,0,0,0,0.00198402267922017,0,0,0,0,0,5.13795367069881e-05,0,0.00898814474438567,0,0,0,0,0,0.018232182044994,0,0,0,0,0,0,0,0,0.00633673140797483,0,0.288179304454653,0,0.0385286357622067,0,0,0,0,0,0,0,0,0,0,0,0.0055714573105671,0,0.00101489983524303,0,0.000721662324090346,0,0
0.000242984434847287,0,0,0,0,0,0,0,0.00946590931790306,0,0,0,0,0,0,0,0.00608241463171935,0,0,0,0,8.79674295322934e-05,0.011405685393228,0,0,0,0.00401095671585827,0,0,0,0,0,0,0,0,0,0,0,0.00945584595457089,0,0,0,1.52897953778789e-05,0,0,0,0,2.41566844520365e-05,0.00549125821551263,0,0,0,0,0,0.0876152587482945,0,0,0,0,0,0.00119950381252099,0,0,0,0,0.0362948096018123,0,0.174538485008834,0,0.000123670542961918,0,0,0,0,0,0,0,0,0,0,0,0.00173927133308385,0.0020555599305663,7.98448865213497e-06,5.5763892256009e-05,0,0
0,0,0,0,0,0,0,0,0,0.00119600294972789,0,0,0,0,0,0.00781245690597095,0,0.00654049729443744,0,0,0,0.0047381042145659,0,0.0216082982930998,0,0,0,0.0181168078296064,0,0,0,0,0,0,0,0,0,6.73545130659172e-06,0,0,0,0,0,0,0,0,0,0,0,8.05567148774316e-05,0,0,0,0,0,0,0,0,0,0,0,0.0024606650622671,0,0,0.0104813801263514,0,0.00251030450299527,0,0.101495444244777,0,0.0153607231505938,0,0,0,0,0,0,0,0,0,3.87026240218362e-05,0,0.000439976362716206,0,1.84637495755609e-05,0,0
0,0,0,0,0,0,0,0,0.0181570519507093,0,0,0,0,0,0,0,0.000159334342377187,0,0,0,0,0,4.65362367514118e-05,0,0.00401095671585827,0,0,0,0,0,0,0,0,0,0,0,0,0,0,0,0,0,0,0,0,0,0,0,0,0,0,0,0,0,0.00582117402666821,0,0,0,0,0,0,0,0,0,0,0,0,0,0,0.0196146343886003,0,0,0,0,0,0,0,0,0,0,0,0,4.20918831878225e-06,0,0,0,0
0,0,0,0,0,0,0,0,0,0,0,0.00321669830309286,0,0.000294746339181178,0,0,0,0,0,0,0,0.00190336274307547,0,0,0,0.0181168078296064,0,0,0,0.00646620449685346,0,0,0,0,0,0,0,4.92406570188849e-05,0,0,0,0,0,0,0,0,0,0,0,0,0,0,0,0,0,0,0,0,0,0,0,0,0,0,0.00172597929193338,0,0,0,0.000546582403304252,0,0.066522936634566,0,0,0,0,0,0,0,0,0,0,0,0.000657579068644905,0.00383421382373212,0,0,0
0,0,0,0,0,0,0,0,0,0,0,0,0.00165123623415529,0,0,0,0,0,0,0,0,0,0.00283914008371708,0,0,0,0,0,0,0,0.00371109306256874,0,0,0,0,0,0,0,3.68197552234051e-05,0,0,0,0,0,0,0,0,0,0,0,0,0,0,0,0,0,0,0,0,0,0,0,0,0,0,0.00278219572497114,0,0,0,0,0,0.016579819912725,0,9.92612488022048e-05,0,0,0,0,0,0,0,0,0.000205200262245506,0.000280931361146459,0,0,0
0,0,0,0,0,0,0,0,0,0,0,0.00806098599907819,0,0,0,0,0,0,3.75160498161942e-05,0.00109600286116925,0,0,0,0,0,0,0,0.00646620449685346,0,0,0,0,0,0,0,0,0,0.00141083496033003,0,0,0,7.53150131195003e-06,0,0,0,0,0,0,0,0,0,0,0,0,0,0,0,0.00657661583610669,0,0,0,0,6.89311468229435e-05,0,0,0,0,0,0,0,0.000860960378595312,0,0.0770952407893228,0,0,0,0,0,0,0,0.000804257859213375,0,0.000828133244570768,0.000387933574245336,0,0,0
0,0,0,0,0,0,0,0,0,0,0.000441356113576013,0,0,0,0,0,0,0,0,0,0,0,0,0,0,0,0,0,0.00371109306256874,0,0,0,0,0,0,0,0,0,0.00371966423212593,0,0,0,0,0,0,0,0,0,0,0,0,0,0,0,0,0,7.02543184161186e-05,0,0,0,0,0,0,0,0,0,0,0,0,0,0,0.00353561977837719,0,0.103426579573796,0,0,0,0,0,0,0,0.000958622158430338,1.59341057636418e-05,0,0,0,0
0,0,0,0,0,0,0,0,0,0,0,0,0,0,0,0,0,0,0,0,0,0,0,0,0,0,0,0,0,0,0,0,0.00659281834957913,0.00973785014246911,0.000551670985460146,0,0.00164865572201426,0,0,0,0,0,0,0,0,0,0,0.0216965116405558,0,0.00121403577859401,0,0,0,0,0,0,0,0,0,0,0,0,0,0,0,0,0,0,0,0,0,0,0,0,0.0879605457288381,0.00349837039507499,0.000669958191359902,0.00289450494380045,7.51782858723814e-05,1.29867331070143e-05,0,0,0.000585538012745469,0,0,0,0
0,0,4.58008450459745e-05,0,0,0,0,0,0,0,0,0,0,0,0,0,0,0,0,0,0,0,0,0,0,0,0,0,0,0,0,0.00659281834957913,0,0,0.0052331216866759,0,0.00132215561391666,0,2.40112206086677e-06,0,3.00617345490094e-05,0,0,0,0,0,0.000143593687956661,0.0285725354799612,0,0.00416784542279313,0,0,0,0,0,0,0,0,0,0,0,0,0,0,0,0,0,0,0,0,0,0,0,0,0.000753291268923206,0.0835119924210177,0,0.00996113909737262,0,0.000236809766618987,0,3.46653331954373e-06,0.00142266548422512,0,9.7393749544976e-05,0,0
0,0,0,0,0,0,0,0,0,0,0,0,0,0,0,0,0,0,0,0,0,0,0,0,0,0,0,0,0,0,0,0.00973785014246911,0,0,0.0209385745196603,0.00177657626968773,0,0.00115613862200694,0,1.90835726384222e-05,0,7.7634262671386e-05,0,0,0,0,0,0.0645466890600024,0,0.0010603590028832,0,0,0,0,0,0,0,0,0,0,0,0,0,0,0,0,0,0,0,0,0,0,0,0,0.00278306837601914,9.75532673180698e-05,0.0947920418852493,0.0177208312834347,0.00295677481048504,0,0.00170258727482587,0,0.00153004236901898,0,0,0,0
0,0,0.000185714615735297,0,0,0,0,0,0,0,0,0,0,0,0,0,0,0,0,0,0,0,0,0,0,0,0,0,0,0,0,0.000551670985460146,0.0052331216866759,0.0209385745196603,0,0,0.00573050006275749,0,0.00434260607432366,0,2.2057720224036e-05,0,0,0,0,0,4.65543796274491e-05,0.210464991979685,0.00112052130212311,0.000315270110654474,0,0,0,0,0,0,0,0,0,0,0,0,0,0,0,0,0,0,0,0,0,0,0,0,0,0.00268484259426432,0.00424739069843495,0.129836583496924,0,0.000424320068619134,0,0.007646309800504,0.00592805530813926,0,0.0003306683643701,0,0
0,0.000150306774602683,5.82617832975419e-06,7.55669561065421e-05,1.32312267536355e-06,0.0013828594912497,0,0,0,0.000138189476353767,0,0.00169274766223659,0,0,0,0,5.4967440298141e-05,9.09241893727638e-05,0.00122137154626422,0.0113236285442182,0,0,0,0,0,0,0,0,0,0,0,0,0,0.00177657626968773,0,0,0.002828037452548,0.0108704878759936,7.34718791095036e-05,0.00034075731299488,2.47949351023087e-05,0.00258225940141523,8.53970387591883e-05,0,0,0.00373021769755157,0,0.00126110775828234,1.66842535971155e-05,0.0003786082600021,0,6.67705128473554e-06,0,0,0,3.3398261986724e-06,0,0.000138665135091616,0,0,0,9.19879982004632e-06,0.0023305782029017,0,0,0,0,0,0,0,5.71619126349456e-06,0,0.000137896891550384,0,0.000530191339856167,0,0.000965142256490879,5.23597376275736e-06,0.0455421576424296,4.27025175458048e-05,0.00861958891613543,4.91761471122803e-05,0.00633020697214287,0.00128276502546837,0.00150060697266312,0.000557417175968579,3.6648432564174e-05
2.02088596862717e-05,0,0.000205550103797089,0,0.000307948805985038,0,0,0,0,2.24364362211125e-05,0.00306325324535214,0,0,0,0,0,4.3787370842718e-05,8.23230056722255e-05,0.000679730790321143,0,0.00393239074015928,0,0,0,0,0,0,0,0,0,0,0.00164865572201426,0.00132215561391666,0,0.00573050006275749,0.002828037452548,0,0.000267624757701481,0.00984060465934426,3.46500304429437e-06,0.000672079894534082,1.27997001578742e-05,0.00110136742104709,0,0,1.20962306352947e-05,0.00203514259988538,0.000268231042790965,0.000305200447447344,0.000197101970988757,0,0,0,0,0,0,0.00197544129165545,0,0,0,0,0,0,0.0057848655844579,0,0,0,0,0,0,0,0,0,0,0.000575047595362476,3.00699216464845e-05,0,0.00156510373718233,0.000475951223919825,0.0651970570869915,2.99632866180926e-06,0.00962881034290551,0.010609269780249,0.000656316609941599,0.0022721060794852,0,0.000192644551287338
0,0.00143448428208705,6.06363337192842e-06,5.43904944198222e-06,0,1.40008180436982e-05,0,0,0,0.00108317412668949,0,0.00679746377399753,0,0,0,0,7.06622049154326e-05,0.000308247076890324,0.00292643173193946,0.00984234583957284,0,0.01300765384234,8.52050015964778e-06,0.0084552075580103,0,6.73545130659172e-06,0,4.92406570188849e-05,0,0.00141083496033003,0,0,0,0.00115613862200694,0,0.0108704878759936,0.000267624757701481,0,0.0010778631578723,0.000107094642424831,7.080302938874e-05,0.00276648804102815,0.000131741942992261,0,0,0.00481530415552334,8.24436165892988e-06,0.0118424085343794,3.15300744894472e-05,0.00477805291418921,0,0,0,0,0,0.000671327107243961,0,0.000765221928179387,0,2.26859137297445e-05,0,0,0.00299707627715186,0,0.00248150972553516,0,0.00171501737016439,0,0.000191620904282284,0,1.05386555423436e-05,0,0.00239390584032858,0,0,0,0.00126234477501825,0,0.00233297543229396,1.79966947582023e-05,0.122717691737415,0.000670710775514709,0.00717112349017253,0.00106228324937239,0.00206281602758333,0.00150835448202032,6.23331078949234e-05
0.000549429089939975,6.47772626549284e-06,2.51198694010901e-05,0,2.73119968636332e-06,0,0,0,0.00215249896807302,6.21083822235774e-05,0.00657084856594176,0,0,0,0,0,0.000140642141039277,9.89999214998377e-05,0.0018067437265818,0,0.00878610460474408,5.71335034603268e-05,0.00521424289533306,0,0.00945584595457089,0,0,0,3.68197552234051e-05,0,0.00371966423212593,0,2.40112206086677e-06,0,0.00434260607432366,7.34718791095036e-05,0.00984060465934426,0.0010778631578723,0,1.26770643455598e-05,0.000654696437000774,8.03229057119294e-05,0.00320368504403083,0,1.92023641151464e-06,3.87915807615977e-05,0.00240795013765117,0.004443352929696,0.00188954196643811,1.85437260724141e-05,0,0,0,0,0.000888650616563799,0,0.00627341400412198,0,0,0,0,0,0,0.00420903851786238,0,0.00283466284310362,0,0.00866402939048979,0,0,0,0,0,0.00963610599655075,0,6.64929936699778e-06,0,0.00691370900515607,1.04145744296749e-05,0.00400813953180349,0.000264515258783414,0.114232486891888,0.00592430831214958,0.000873874402067389,0.00492361810130067,0,0.0012367396863107
0,0.000880125762042599,0,5.91500066586671e-05,0,5.13292520338103e-05,0,0,0,0.00092269336713968,0,0,0,0,0,0,9.29098492995152e-05,0.0003341105770089,0.00650952784800952,0,0,0,0,0,0,0,0,0,0,0,0,0,0,1.90835726384222e-05,0,0.00034075731299488,3.46500304429437e-06,0.000107094642424831,1.26770643455598e-05,0,2.04864584119476e-05,0.0422774353124799,0.000420671410475967,2.70428135318089e-05,0,0.00737810712434177,0,0.0112206216468722,8.81638647401914e-05,0.0143349338608797,0,0.000133653534342249,0,0,0,0,0,0.000136528590795626,0,0,0,0.000211330758551866,0.00722480047648566,0,0,0,0,0,0,0,8.53332089923505e-06,0,0.0015065158964518,0,0.000702773789615481,0.00014611867834865,0,0.000334525374187544,0.00302000767013109,2.96455533737249e-06,0.000719188032559548,1.6581400117327e-05,0.000573630653302699,0.000165088259044249,0.0127969642593684,0.00450812533769929,0.000169527871913038
0.000192530670686246,0.000166936958236599,0.00061211974714162,0,0.0011783419604412,0,0,0,0,0.00232389077976944,0,0,0,0,0,0,0.000939631825084833,0.00123840206791664,0.0257834192759199,0,0,0,0,0,0,0,0,0,0,0,0,0,3.00617345490094e-05,0,2.2057720224036e-05,2.47949351023087e-05,0.000672079894534082,7.080302938874e-05,0.000654696437000774,2.04864584119476e-05,0,0.000656609684363837,0.16811269836676,0.000416539799124489,0.000119125581748565,0.000485883437990681,0.0679578299867084,0.013611223717047,0.0396940952593259,6.67047570956782e-05,0,0,0,0,0,0,0,0,0,0,0,0.000118156097208671,6.66408588652693e-05,0.00166930117633054,0,0,0,0,0,0,0,5.81521464722637e-05,3.62687893933609e-05,3.33265983170444e-05,0,3.24566765330732e-05,0,0,9.20259623742011e-05,0.00353979284422255,0.000238160310277075,0.00216681233120919,0.00521985133746054,0.0013632137810304,0.0501772885304656,0.000272437471485664,0.0156179938371733
1.1947653455263e-05,0.00789230410971154,0,0.00386953256922826,0,0.00354378443724064,0,0,0,0.00628459354197683,0,0,0,0,0,2.05984750802357e-05,0.000434389330613817,0.00096224554956705,0.0232576760033456,0.000146627884926683,0,0,0,0.00198402267922017,0,0,0,0,0,7.53150131195003e-06,0,0,0,7.7634262671386e-05,0,0.00258225940141523,1.27997001578742e-05,0.00276648804102815,8.03229057119294e-05,0.0422774353124799,0.000656609684363837,0,0.00804343643716592,0.000424083394286068,0,0.0266341773811601,9.75825235778056e-05,0.00281312443499836,0.000352939422366802,0.012855626576565,0,0.00211110700819003,0,0,0,0.00152445650722053,0,0.0170095172231997,0,0.00107997580746729,0,0.000130124403772775,0.0237762143847221,0,0,0,0.000252650064527561,0,0,0,0.00291426690687771,0,0.0433122375362006,0,0,0,0,0,0.0160161080863474,9.19979120908512e-05,0.0103857392046224,0.000215608144991181,0.00785635101403741,0.000452102647686305,0.0799568296701716,0.0114174909887018,0.000619137591012265
0.00935280311111031,0,0.00844605422223935,0,0.000830204423322982,0,0,0,0.0027635225866205,0.00103232206521977,0,0,0,0,0,0,0.00144403960827654,0.00128588090944647,0.0783180551528989,9.55032138226476e-06,1.08843154769354e-05,0,0,0,1.52897953778789e-05,0,0,0,0,0,0,0,0,0,0,8.53970387591883e-05,0.00110136742104709,0.000131741942992261,0.00320368504403083,0.000420671410475967,0.16811269836676,0.00804343643716592,0,0.000390942289844546,0.000292734322529238,0.000719064603607473,0.012153158763282,0.000695280124332479,0.0546936779850824,0.000122921803740406,0,0,0,0,1.46719505182148e-05,0,9.36692426788577e-05,0,0,0,0,0,0.000156262794797643,0.00040172132473758,0,0,0,2.22849142791887e-05,0,0.000381390211638735,0,0.000955746962794373,3.41101879804979e-05,0.000418703746144422,0,7.88370781311821e-06,0,2.19306975538533e-05,0.000403680830560293,0.00312521296918474,0.000413161699186343,0.0071278864091378,0.0159379748720149,0.00127588194029381,0.117688075312546,0.000239051233855723,0.0294755611395453
0,0,0,0,0,0,0,0,0,0,0,0,0,0,0,0,0,0,0.000122791587788112,0,0,0,0,0,0,0,0,0,0,0,0,0,0,0,0,0,0,0,0,2.70428135318089e-05,0.000416539799124489,0.000424083394286068,0.000390942289844546,0,0,0,0,0,0,0,0,0,0,0,0,0,0,0,0,0,0,0,0,0,0,0,0,0,0,0,0,0,0,0,0,0,0,0,1.56203897546993e-05,5.66889853661579e-06,5.17274355998909e-06,1.48336947017933e-05,1.56346995498626e-05,0,0.000310049491684975,0,0.000710803816544134
0,0,0,0,0,0,0,0,0,0,0,0,0,0,0,0,0,0,8.52855481094103e-05,0,0,0,0,0,0,0,0,0,0,0,0,0,0,0,0,0,0,0,1.92023641151464e-06,0,0.000119125581748565,0,0.000292734322529238,0,0,0,0,0,0,0,0,0,0,0,0,0,0,0,0,0,0,0,0,0,0,0,0,0,0,0,0,0,0,0,0,0,0,0,0,0,0,0,2.31275064509081e-06,0,6.80702397205884e-05,0,0
0,0.00352381816352111,0,0.000594579330114379,0,0.00146803912617489,0,0,0,0.000286770892925513,0,0,0,1.30486488999029e-05,0,0,0.000492025738928538,0.00102123822789928,0.0106354015765474,0.00230003349453668,0,0,0,0,0,0,0,0,0,0,0,0,0,0,0,0.00373021769755157,1.20962306352947e-05,0.00481530415552334,3.87915807615977e-05,0.00737810712434177,0.000485883437990681,0.0266341773811601,0.000719064603607473,0,0,0,8.93800400364345e-06,0.000453694685046641,0.000210788275554836,0.00773209010978294,0,0.000323950900394741,0,0,0,2.59567948162982e-05,0,0.00174730043230042,0,3.38082186402133e-05,0,0,0.0698290009609815,5.11160747374833e-06,0,0,0,0,0,0,0.000133792951383556,0,0.00596672314771707,0,0,0,0,5.95113254713824e-05,0.0104495526743721,4.35305622613946e-06,0.00854776941806681,6.50372711728783e-05,0.00258623963253734,0.000575315819457189,0.0191693723558201,0.00185572461521226,0.00037286203173864
4.34609552570388e-05,0,0.00158774806503658,0,0.00500917680653891,0,0,0,0.000268721167457405,0.000358964863518837,0,0,0,0,0,0,9.723048961577e-05,4.9036216047643e-05,0.000758279626178749,0,9.53152710722539e-05,0,0,0,0,0,0,0,0,0,0,0,0.000143593687956661,0,4.65543796274491e-05,0,0.00203514259988538,8.24436165892988e-06,0.00240795013765117,0,0.0679578299867084,9.75825235778056e-05,0.012153158763282,0,0,8.93800400364345e-06,0,0.00136523985908044,0.00297941128145871,0.000770340817692344,0,0,0,0,0,0,1.48499701371541e-05,0,0,0,0,0,0,0.0820477469245542,0,0,0,0,0,0,0,9.28964014996494e-06,0,0,0,0.000102965480963598,0,0.000101694707193248,0,0.0116589930083126,0,0.0040661952640016,0.00105977915705027,6.50044126606851e-05,0.0493999816723719,0,0.00040944800076099
0.0001608545520194,0.000281990219510378,0.000719750851470105,0.000136878181038967,0.000507947588961475,0.000284768854771098,0,0,0,1.75661578575326e-05,0,0,0,0,0,0,0,0,4.76748817312137e-06,0,0,0,0,5.13795367069881e-05,2.41566844520365e-05,0,0,0,0,0,0,0.0216965116405558,0.0285725354799612,0.0645466890600024,0.210464991979685,0.00126110775828234,0.000268231042790965,0.0118424085343794,0.004443352929696,0.0112206216468722,0.013611223717047,0.00281312443499836,0.000695280124332479,0,0,0.000453694685046641,0.00136523985908044,0,0.0148777339165372,0.154994681722669,0,0,0,0,0,0,0,0.000201976718214065,0,0,0,0,0.000429040896760045,0,0,0,0,9.71125061938255e-05,0,0,0,0,0.000138153650142066,0,0.0384449264329891,0.269384917075881,0.025558589093983,0.0978830520732021,0.00466859643616936,0.00498309892334221,0.0053613385123094,0.00427257473171798,0.00480659455579203,1.46524835116281e-05,0.00725719422456854,0,2.88075270084753e-05
0.0183643357787281,0,0.00787287743475004,0,0.000308489453972763,0,0,0,0.000232392808397174,0.000133242481278231,0,0,0,0,0,1.7681383462237e-05,0.000486306607980912,0.00027356180224544,0.0269942540041272,0,0,0,0.0154927317344372,0,0.00549125821551263,0,0,0,0,0,0,0,0,0,0.00112052130212311,1.66842535971155e-05,0.000305200447447344,3.15300744894472e-05,0.00188954196643811,8.81638647401914e-05,0.0396940952593259,0.000352939422366802,0.0546936779850824,0,0,0.000210788275554836,0.00297941128145871,0.0148777339165372,0,0.000214303834424717,0,0,0,0,0.000237832117048235,0,0.00011649230183282,1.35834755448513e-05,4.42737438806909e-05,0,0,0,5.4221599702055e-06,3.4542780878858e-05,0,0.0119113490062617,0,0.00154117746005348,0,0.00363907412383774,0,0.000737447795152946,0.000204481888631841,0.00695466193631622,0,0.000164312766466064,0,0.00773772452392146,5.50082710695168e-05,0.00142335694317173,0.000100971708418201,0.00345868712105304,0.00233568243000059,0.000388918419238667,0.045696945747258,0.000272673268871855,0.023057375661717
0,0.0352247662206061,0.000441835310291947,0.0161276804884907,0.00047764673329636,0.000610590903872728,0,0,0,0.0103643588760101,0,0,0,0,0,0.00578544365584213,1.47982202112889e-05,5.562376702875e-05,0.00152542130431721,5.60041541170665e-05,0,0.00507418376573679,0,0.00898814474438567,0,8.05567148774316e-05,0,0,0,0,0,0.00121403577859401,0.00416784542279313,0.0010603590028832,0.000315270110654474,0.0003786082600021,0.000197101970988757,0.00477805291418921,1.85437260724141e-05,0.0143349338608797,6.67047570956782e-05,0.012855626576565,0.000122921803740406,0,0,0.00773209010978294,0.000770340817692344,0.154994681722669,0.000214303834424717,0,0,0.00115690582575747,0,0,0,0.00190014840107939,0,0.00485738909670698,0,0.00144119627192013,0,0.00862502691866975,0.00159916416199493,0,0.00818818375210066,0,0.00842845821946674,0,0.000376412951719592,0,0.00363329409458756,0,0.00583151405863064,0,0.0020253000357338,0.0102711643504738,0.00917444313617352,0.00534565313551591,0.00181311530634147,0.000601991753232055,0.00686896139378828,7.07354882277049e-05,0.00131895405738967,1.53380881803581e-05,0.0192771059967428,0.00045110927801088,3.51190007706849e-05
0,0,0.00869497991201071,0,0.058218218343731,0,0.01963820560989,0,0.0273791240952106,0,0,0,0,0,0,0,0,0,0,0,0,0,0,0,0,0,0,0,0,0,0,0,0,0,0,0,0,0,0,0,0,0,0,0,0,0,0,0,0,0,0,0,0.000490648363231608,0,0.0294198963068832,0,0,0,0.000647737996964121,0,0.000552323501633006,0,0,0,0,0,0,0,0,0,0,0,0,0,0,0,0,0,0,0,0,0,0.000476429944154376,0.000172792927956796,0.000253023237601256,0,0
0,0.000577811720296182,0,0.0361538267678058,0,0.0361128767086155,0,0.000478697955259122,0,0.00185650938982245,0,0,0,0,0,0,0,0,0,0,0,0,0,0,0,0,0,0,0,0,0,0,0,0,0,6.67705128473554e-06,0,0,0,0.000133653534342249,0,0.00211110700819003,0,0,0,0.000323950900394741,0,0,0,0.00115690582575747,0,0,0,0,0,0.00701129057663055,0,0.0137253771005659,0,0,0,0.0482265984552281,0.00135810742595763,0,0,0,0,0,0,0,0,0,0.000226937126200926,0,0,0,0,0,0.000143511222584857,0,3.88253759923631e-05,0,0.000979885820595036,0.000276808291739443,0.00743660766274309,5.66987444258829e-05,0
0,0,0,0,0,0,0.010672117746089,0,0,0,0,0,0,0,0,0,0,0,0,0,0,0,0,0,0,0,0,0,0,0,0,0,0,0,0,0,0,0,0,0,0,0,0,0,0,0,0,0,0,0,0.000490648363231608,0,0,0,0,0,0,0,0,0,0,0,0,0,0,0,0,0,0,0,0,0,0,0,0,0,0,0,0,0,0,0,0,0,0,0,0
0,0,0,0,0,0,0,0.0128327450892688,0,0,0,0,0,0,0,0,0,0,0,0,0,0,0,0,0,0,0,0,0,0,0,0,0,0,0,0,0,0,0,0,0,0,0,0,0,0,0,0,0,0,0,0,0,0,0,0,0,8.00884544117746e-05,0,8.22977526695468e-05,0,0,0,0,0,0,0,0,0,0,0,0,0,0,0,0,0,0,0,0,0,0,0.000119154499092909,0.000518317562446816,0,0,0
0.0437884238098132,0,0.018043437050419,0,0.0219359051694416,0,0,0,0.150586009038073,0,0,0,0,0,0.00615783234222865,0,0.00148492506173373,0,0,0,0,0,0,0,0.0876152587482945,0,0.00582117402666821,0,0,0,0,0,0,0,0,0,0,0,0.000888650616563799,0,0,0,1.46719505182148e-05,0,0,0,0,0,0.000237832117048235,0,0.0294198963068832,0,0,0,0,0,0,0,0,0,0.0389471742037793,0,0,0,0,0,0,0.0799401888860392,0,0.00114510014680775,0,0,0,0,0,0,0,0,0,0,0,0.00056528332239017,0.00081973228685516,0,0.00014588739618613,0,0
0,0.0635292738972994,0,0.0309654234886009,0,0.0284663092303966,0,0,0,0.246047231049666,0,0,0,0,0,0.0214897261137732,0,0.000527198946889673,5.48028017351224e-05,0,0,0,0,0.018232182044994,0,0,0,0,0,0,0,0,0,0,0,3.3398261986724e-06,0,0.000671327107243961,0,0,0,0.00152445650722053,0,0,0,2.59567948162982e-05,0,0,0,0.00190014840107939,0,0.00701129057663055,0,0,0,0,0,0.0010874048255103,0,0,0,0.18956762075489,0.000119964232649637,0,0,0,0.0871609780920436,0,0.006028672446593,0,0.000263518557836509,0,0.000486530026351685,0,0,0,0,0,9.72168038491925e-06,0,0.00161552985134767,0,0.000645223756313053,0,0.00613441246530866,0,0
0,0,0,0,4.81997963589047e-05,0,0,0,0,0,0.0736569004251258,0,0.00182752291583931,0,0,0,0,0,0,0,0.0207919834891431,0,0,0,0,0,0,0,0,0,7.02543184161186e-05,0,0,0,0,0,0.00197544129165545,0,0.00627341400412198,0,0,0,9.36692426788577e-05,0,0,0,1.48499701371541e-05,0,0.00011649230183282,0,0,0,0,0,0,0,0,0,0.00168213018009711,0,0,0,0,0.00723208141431309,0,0,0,0,0,0,0,0,0,0.00117456799679873,0,0,0,0,0,0.000544037117557193,0,1.47911487147212e-05,0.000379298469490285,0,0.0014461944804669,0,0
0,0.00323884427660225,0,0.0330033806163655,0,0.0015209461527471,0,0,0,0.0073323183769678,0,0.169212842403799,0,0.000429428205261106,0,0.00712909148909584,0,0,0.000382114786245891,0.0528300791995536,0,0,0,0,0,0,0,0,0,0.00657661583610669,0,0,0,0,0,0.000138665135091616,0,0.000765221928179387,0,0.000136528590795626,0,0.0170095172231997,0,0,0,0.00174730043230042,0,0.000201976718214065,1.35834755448513e-05,0.00485738909670698,0,0.0137253771005659,0,8.00884544117746e-05,0,0.0010874048255103,0,0,0,0.0156132859388489,0,0.00418095256167196,0.0414441061340114,0,0,0,0,0,0,0,0.0163379117634558,0,0.0329856075721929,0,0,0,0,0,0.000279994746653796,0,0.00029041070992753,0,0.00208630715016653,0,0.0518663175003517,0.000226075350411169,0
0,0,0.000207750485304581,0,0,0,0,0,0,0,0.0111743122193809,0,0.00704470037650333,0,0,0,0,0,0,0,0,0,0,0,0,0,0,0,0,0,0,0,0,0,0,0,0,0,0,0,0,0,0,0,0,0,0,0,4.42737438806909e-05,0,0.000647737996964121,0,0,0,0,0,0.00168213018009711,0,0,0,0.0019009183168864,0,0,0,0,0,0,0,0,0,0,0,0,0,0,0,0,0,0,0,0,0,0,0,1.71657600847214e-05,0,0
0,3.6529170685472e-05,0,0.00348890992582808,0,0,0,0.00154047080415376,0,7.97097995741004e-05,0,0.0101274383371756,0,0.0416279134532297,0,0.00252288486320006,0,0,0,0,0,0,0,0,0,0,0,0,0,0,0,0,0,0,0,0,0,2.26859137297445e-05,0,0,0,0.00107997580746729,0,0,0,3.38082186402133e-05,0,0,0,0.00144119627192013,0,0,0,8.22977526695468e-05,0,0,0,0.0156132859388489,0,0,0,0.000406120340948356,2.20470369085391e-05,0,0,0,0,0,0,0,0.00481731972042299,0,0,0,0,0,0,0,0,0,0,0,0.000852755449072201,0.00118613743261778,0.00432465666942186,0,0
0.000187469840790433,0,0,0,0.000402144661545117,0,0,0,0.000742042587195029,0,0,0,0,0,0,0,0.000249982484080136,0,0,0,0,0,0,0,0.00119950381252099,0,0,0,0,0,0,0,0,0,0,0,0,0,0,0,0,0,0,0,0,0,0,0,0,0,0.000552323501633006,0,0,0,0.0389471742037793,0,0,0,0.0019009183168864,0,0,0,0,0,0,0,0,0.000216947075218832,0,0.0086522918272801,0,0,0,0,0,0,0,0,0,0,0,0,0,0,0,0,0
0,0.0764424762362728,0,0.02664802431715,0,0.0068296847240005,0,0,0,0.130473172964984,0,0,0,0,0,0.0331048796281754,0.000344855533928438,0.0076981395219212,0.000321408099360597,0,0,0,0,0,0,0.0024606650622671,0,0,0,0,0,0,0,0,0,9.19879982004632e-06,0,0,0,0.000211330758551866,0.000118156097208671,0.000130124403772775,0,0,0,0,0,0,0,0.00862502691866975,0,0.0482265984552281,0,0,0,0.18956762075489,0,0.00418095256167196,0,0.000406120340948356,0,0,0,0,0,0,7.8663832540825e-05,0,0.00132694775158299,0,0.000703498075307091,0,0,0,0,0,0,0,0,6.64430147351492e-06,0,0,0.000701402326166452,0.00012513448078957,0.00290311826759051,0,0
0,0.000561751055299729,0,5.20268265090885e-05,0,0.0135291393206141,0,0.000783401755403337,0,0.00172709796079313,0,0,0,0,0,0,7.98300504046782e-05,0.000129120460963795,0.00186393392125861,0.0569355497913991,0,0,0,0,0,0,0,0,0,6.89311468229435e-05,0,0,0,0,0,0.0023305782029017,0,0.00299707627715186,0,0.00722480047648566,6.66408588652693e-05,0.0237762143847221,0.000156262794797643,0,0,0.0698290009609815,0,0.000429040896760045,5.4221599702055e-06,0.00159916416199493,0,0.00135810742595763,0,0,0,0.000119964232649637,0,0.0414441061340114,0,2.20470369085391e-05,0,0,0,0,0,0,0,0,0,0,0.00113096520423557,0,0.0356210771472875,0,0,0,0,7.50465464843244e-05,0.00591826356511402,6.97452453837571e-06,0.0124606360818928,1.04047102131642e-05,0.000923616765373342,0.000151592888492808,0.0162864862720656,0.000324812345030049,0
1.4509766211582e-05,0,1.02450308065247e-05,0,0.00936148045357526,0,0.0026977514325043,0,0,1.12195067234226e-05,0.0119152165166391,0,0,0,0,0,3.23776859227523e-06,9.06406734102813e-06,0.000125538533304661,0,0.163874128814326,0,0,0,0,0,0,0,0,0,0,0,0,0,0,0,0.0057848655844579,0,0.00420903851786238,0,0.00166930117633054,0,0.00040172132473758,0,0,5.11160747374833e-06,0.0820477469245542,0,3.4542780878858e-05,0,0,0,0,0,0,0,0.00723208141431309,0,0,0,0,0,0,0,0,0,0,0,0,0,0,0,0,0,0,0,0,0,0,0.00600503240506687,0,0.00118737067159552,0.00421823472338973,0.000145280539835598,0.0220418136501777,0,3.02034051516875e-05
0,0,0,0,0,0,0,0,0,0,0,0,0,0,0,0,0,0.00010564648414272,0,0,0,0.10622755573223,0.0011604659123347,0.00633673140797483,0,0.0104813801263514,0,0.00172597929193338,0,0,0,0,0,0,0,0,0,0.00248150972553516,0,0,0,0,0,0,0,0,0,0,0,0.00818818375210066,0,0,0,0,0,0,0,0,0,0,0,0,0,0,0,0,0.00734203339151278,0,0.0013062012631439,0,0.00883043846203342,0,9.26532684502891e-06,0,0,0,0,0,0,0,0.00256997591138071,0,0.00422808495472279,0.00205616930166333,1.27207095314674e-05,0,0
0,0,0,0,0,0,0,0,0,0,0,0,0,0,0,0,6.87686123935042e-05,0,0,0,0,0.00052071662636586,0.124671391976718,0,0.0362948096018123,0,0,0,0.00278219572497114,0,0,0,0,0,0,0,0,0,0.00283466284310362,0,0,0,0,0,0,0,0,0,0.0119113490062617,0,0,0,0,0,0,0,0,0,0,0,0,0,0,0,0,0,0,0.0198208993994348,0,0,0,0.000150920319830252,0,0,0,0,0,0,0,0,0,0.000339635963075059,0.00215744824916813,0.000438539128329567,0,0,0
0,0.0133387819685961,0,0,0,0,0,0,0,0.00790844952460883,0,0,0,0,0,0,0,0.000251636962276364,0,0,0,0.00338770463780891,0,0.288179304454653,0,0.00251030450299527,0,0,0,0,0,0,0,0,0,0,0,0.00171501737016439,0,0,0,0.000252650064527561,0,0,0,0,0,0,0,0.00842845821946674,0,0,0,0,0,0.0871609780920436,0,0,0,0,0,7.8663832540825e-05,0,0,0.00734203339151278,0,0,0,0.0182460394818368,0,0,0,0,0,0,0,0,0,0,0,0.00330228538396335,0,0.000187740537536043,0,0.000516760817604395,0,0
