0,0,6.69116165240606,0,0,0,0,0,11.4290037944617,0,0,0,0,0,0,0,16.4477886531664,56.6660842895508,17.7090150145597,0,0,0,0,0,0,0,0,0,0,0,0,0,0,0,0,0,0,0,25.2088260650635,66.5747146606445,30.953461560336,52.2197265625,22.4063603183658,0,0,58.0154495239258,38.5422554016113,0,5.49586388771085,0,0,0,0,0,7.14634504037745,0,18.4184756607845,0,25.2846803665161,0,8.59626772373345,0,0,37.2424324035645,0,0,0,0,0,0,0,20.9612869262695,0,24.7017171859741,0,0,0,0,0,44.1452698340783,0,27.0654621669224,10.1878670485095,0,15.703538508387,0,0
0,0,0,4.71968357129531,0,0,0,0,0,6.64395512744879,0,0,0,0,0,0,57.7287063598633,0,8.94999385763098,0,0,0,0,22.705037689209,0,0,0,0,0,0,0,0,0,0,0,63.5548899723933,0,53.3854344685872,0,33.074494700278,0,23.5408768357391,38.6044082641602,0,0,25.5935797971838,0,0,0,8.14889855799908,0,0,0,0,0,5.6475500481151,0,21.3431460062663,0,0,0,5.3053277015686,35.6186714172363,0,0,0,14.1383330027262,0,0,0,21.0416541099548,0,26.1694404338968,0,0,0,0,0,41.9878024613926,69.8206176757812,36.6409509766777,0,10.0913126197728,0,16.4841023707876,40.4245510101318,0
6.69116165240606,0,0,0,8.86374187469482,0,0,0,17.0515331334846,0,0,0,0,0,7.40568312143875,0,0,0,0,0,0,0,0,0,0,0,0,0,0,0,0,0,0,0,0,0,19.152122770037,0,0,0,40.2015902201335,0,40.0157613182068,0,0,0,38.6077874501546,0,8.58873087272309,0,10.9157034597899,0,0,0,6.81386191097658,0,31.106038292249,0,5.8365774002481,0,6.75537684937598,0,0,0,0,0,0,0,0,0,0,63.6243553161621,0,34.7578659057617,0,0,0,0,0,21.1823857380794,0,30.9973106384277,14.2679016022455,0,25.245725973319,0,43.3881759643555
0,4.71968357129531,0,0,0,13.1166233076666,0,0,0,14.0067726993561,0,4.42303927739461,0,0,0,0,65.6007652282715,59.8445243835449,47.780825981727,8.18649315834045,0,0,0,23.1933307647705,0,0,0,0,0,0,0,0,0,0,0,8.01000399589539,0,29.4345531463623,0,41.2785401344299,0,38.5424724352562,43.1307802200317,23.3828678131104,0,22.3337991714478,0,0,0,20.4809086443503,0,10.5257451167473,0,0,0,9.22854244634972,0,17.8521079425394,0,4.15654122829437,0,5.01370916900964,19.7717866897583,64.3185348510742,0,0,0,0,0,0,25.7267532348633,0,28.9739992478315,90.7021484375,0,0,0,0,40.9857481888362,88.2550704956055,36.440020912572,0,17.6166423371196,0,20.6624324744058,0,0
0,0,8.86374187469482,0,0,0,4.21635675430298,0,3.10731244087219,0,0,0,0,0,4.55183898799027,0,0,0,0,0,17.5162715911865,0,0,0,0,0,0,0,0,0,0,0,0,0,0,0,0,0,0,0,0,0,42.923895517985,0,0,0,0,0,7.60701894760132,0,4.82197388398404,0,0,0,0,0,14.6797676086426,0,0,0,5.90133602089352,0,0,14.1785411834717,0,0,0,0,0,0,0,0,0,0,0,0,0,0,0,44.1024398803711,0,0,3.76522206310257,0,37.315955696106,0,0
0,0,0,13.1166233076666,0,0,0,0,0,5.06150220959915,0,0,0,0,0,5.27077680416208,0,0,0,0,0,0,0,0,0,0,0,0,0,0,0,0,0,0,0,20.6784743467967,0,0,0,40.6322631835938,0,49.174681527274,0,34.5997848510742,0,0,0,0,0,0,0,4.13478100924394,0,2.73610019683838,0,3.91284949737683,0,10.705179962847,0,8.87881374359131,0,4.2419068813324,6.97755193710327,0,0,0,0,0,0,0,0,0,0,0,0,0,0,0,23.0197639465332,0,0,0,5.99038521012952,3.72191108356823,16.3987417289189,0,0
0,0,0,0,4.21635675430298,0,0,0,0,0,3.12145000696182,0,0,0,0,0,0,0,0,0,0,0,0,0,0,0,0,0,0,0,0,0,0,0,0,0,10.0145208835602,0,0,0,0,0,0,0,0,0,0,0,0,0,4.58964659372965,0,3.35301849331175,0,0,0,5.60118391378139,0,0,0,0,0,0,0,0,0,0,0,0,0,0,0,0,0,0,0,0,0,0,0,0,0,4.34383754503159,2.74842882156372,0,0,0
0,0,0,0,0,0,0,0,0,0,0,3.72676784851972,0,3.01288904746374,0,0,0,0,0,0,0,0,0,0,0,0,0,0,0,0,0,0,0,0,0,3.78260171764037,0,0,0,0,0,0,0,0,0,0,0,0,0,0,0,5.90907526016235,0,3.71118325426016,0,0,0,4.28551674097083,0,3.74855729937553,0,0,0,0,0,0,0,0,0,0,0,0,0,0,0,0,0,0,6.45443292097612,0,0,0,2.82722420692444,0,0,0,0
11.4290037944617,0,17.0515331334846,0,3.10731244087219,0,0,0,0,0,0,0,0,0,3.68558126499778,0,8.75946577506907,0,33.9677302837372,0,15.5904158183507,0,0,0,4.64167177677155,0,7.53870657086372,0,0,0,0,0,0,0,0,0,26.3893032073975,0,4.28916883955196,0,49.0971717834473,0,16.0045363987942,0,0,0,48.515807560512,0,15.3858366503435,0,13.6862163543701,0,0,0,6.39485090688332,0,15.483507312074,0,0,0,9.49356747710186,0,0,13.7499041557312,0,0,0,6.29836138446679,0,8.86777114868164,0,15.6099224090576,0,16.7979100545247,0,0,0,0,0,74.8287734985352,0,7.14624975625922,6.6284733452792,7.76961445808411,12.0474108187657,0,50.4779567718506
0,6.64395512744879,0,14.0067726993561,0,5.06150220959915,0,0,0,0,0,0,0,0,0,5.70539715184106,0,4.55586691255923,84.7255668640137,0,0,0,0,6.54818830616546,0,0,0,0,0,0,0,0,0,0,0,22.3430023193359,0,12.1179430484772,0,46.7710723876953,0,17.1122694835067,0,0,0,53.7055473327637,61.072093963623,0,0,13.2997634112835,0,4.51092648506165,0,0,0,6.37305604889597,0,16.881267223718,0,0,0,8.96557276065533,0,0,0,0,6.11295283585787,0,0,0,18.1296634674072,0,19.2322321270787,0,0,0,0,0,53.923620223999,0,17.6107940673828,0,6.55354524621312,4.78038126463984,17.0625792879325,17.9885787963867,0
0,0,0,0,0,0,3.12145000696182,0,0,0,0,0,4.36334894100825,0,0,0,0,0,0,0,10.2674283087254,0,0,0,0,0,0,0,3.40762669699533,0,5.13494148850441,0,0,0,0,0,10.3685095686662,0,4.84549239111243,0,0,0,0,0,0,0,0,0,0,0,0,0,0,0,0,0,6.01369092819042,0,3.32447759509087,0,0,0,0,3.20175528526306,0,0,0,0,0,0,0,2.75095367431641,0,9.36344519486794,0,0,0,0,0,9.58111190795898,0,6.55557345999293,4.06988562913326,0,0,0,0
0,0,0,4.42303927739461,0,0,0,3.72676784851972,0,0,0,0,0,2.99945058822632,0,0,0,0,0,5.58339308879592,0,0,0,0,0,0,0,0,0,7.49015869734422,0,0,0,0,0,4.35624554623728,0,4.59909531742177,0,0,0,0,0,0,0,10.5499753952026,0,0,0,0,0,2.74836540222168,0,3.58316254615784,0,0,0,5.75400723444614,0,3.71452347674501,0,0,10.9287192876949,0,0,0,0,0,0,0,4.3699754336301,0,7.91208572618423,0,0,0,0,0,5.12904667854309,0,8.46921140462281,0,4.99300426582121,0,19.0564467112223,0,0
0,0,0,0,0,0,0,0,0,0,4.36334894100825,0,0,0,0,0,0,0,0,0,0,0,0,0,0,0,0,0,3.46296643509584,0,0,0,0,0,0,0,0,0,0,0,0,0,0,0,0,0,0,0,0,0,3.70576629042625,0,0,0,0,0,8.55737197399139,0,3.35858675362407,0,0,0,0,0,0,0,0,0,0,0,0,0,0,0,0,0,0,0,0,0,0,0,3.29389435450236,0,0,0,0
0,0,0,0,0,0,0,3.01288904746374,0,0,0,2.99945058822632,0,0,0,3.44984126091003,0,3.64125734567642,0,0,0,0,0,0,0,5.54280011057854,0,7.81311368942261,0,0,0,0,0,0,0,0,0,0,0,0,0,0,0,0,0,0,0,0,0,0,0,0,0,3.64159830411275,0,0,0,0,0,3.40739089550615,0,3.59093134933048,0,0,0,0,0,0,5.27940034866333,0,3.75020039081573,0,0,0,0,0,0,0,0,0,0,0,3.05085825920105,0,0,0,0
0,0,7.40568312143875,0,4.55183898799027,0,0,0,3.68558126499778,0,0,0,0,0,0,0,0,0,0,0,0,0,0,0,0,0,0,0,0,0,0,0,0,0,0,0,0,0,0,0,0,0,51.2188575051048,0,0,0,0,0,8.76681903351185,0,4.2828319099412,0,0,0,4.86554527282715,0,6.95581197738647,0,0,0,6.42466518431902,0,0,0,0,0,0,0,0,11.0957179069519,0,0,0,0,0,0,0,0,0,0,0,0,7.78971440895744,0,27.9863885916196,0,0
0,0,0,0,0,5.27077680416208,0,0,0,5.70539715184106,0,0,0,3.44984126091003,0,0,0,3.59153270721436,0,0,0,0,0,10.6482229093903,0,3.46531425203596,0,0,0,0,0,0,0,0,0,0,0,0,0,0,0,31.9749183654785,0,0,0,0,0,0,0,2.7391095161438,0,4.17556021088048,0,0,0,5.14907735586166,0,0,0,3.16209650039673,0,3.8668330299611,0,0,0,0,0,0,4.61243060429891,0,0,0,0,0,0,0,0,0,0,0,0,0,7.87521027813991,3.69306194782257,24.8224208831787,0,0
16.4477886531664,57.7287063598633,0,65.6007652282715,0,0,0,0,8.75946577506907,0,0,0,0,0,0,0,0,24.0684148851477,25.5951958413992,0,37.8167419433594,19.6604299545288,3.85551762580872,36.5067138671875,3.54802037067101,28.0659283229283,3.5383611453904,0,0,0,0,0,0,0,0,100.641400655111,99.1285756429036,0,41.0083465576172,76.906798947242,68.0262207644326,63.3844951282848,47.9003789709249,0,36.8037929534912,69.41766448248,58.5314195421007,0,53.1272783279419,60.1341667175293,0,0,0,0,0,0,49.0798060099284,83.3207855224609,0,0,0,0,76.5003309249878,68.4642210421355,0,4.2197519938151,0,0,0,2.81957769393921,0,69.0676498413086,83.6339754377093,57.1099828675736,0,0,0,0,88.2919179012901,74.74770428272,77.0675881703695,64.4257534999473,14.0283557745253,8.24592006393412,60.6586189523207,44.6873957316081,39.7088001475615
56.6660842895508,0,0,59.8445243835449,0,0,0,0,0,4.55586691255923,0,0,0,3.64125734567642,0,3.59153270721436,24.0684148851477,0,22.5307375311978,0,0,4.29106404771449,0,6.25707008999862,0,6.59079107678709,0,6.85503915864594,0,0,0,0,0,0,0,106.342266082764,0,95.3109016418457,0,72.822017021899,78.1009857780055,58.6277786401602,69.3409548997879,0,44.2046203613281,65.7686047464047,64.2653804016113,0,57.8275756835938,50.4792976379395,0,0,0,0,0,13.0266325473785,0,58.6145172119141,0,0,0,0,87.946063041687,78.6668247896082,6.46910353060122,0,10.1812862795453,0,3.98033517009609,0,0,0,70.2244563102722,71.6422172546387,0,0,0,0,85.7666595309388,80.5086672343905,77.091011428833,80.8658948898315,12.8607483978816,8.30812728448833,68.9887998217628,52.8024459838867,76.8527119954427
17.7090150145597,8.94999385763098,0,47.780825981727,0,0,0,0,33.9677302837372,84.7255668640137,0,0,0,0,0,0,25.5951958413992,22.5307375311978,0,0,0,0,0,0,0,30.5072083473206,0,0,0,0,0,0,0,0,0,66.0945011981122,78.898105097752,69.2209967295329,53.2294425964355,42.0169436656253,52.3425427500407,12.8543219292342,31.6727213782914,11.2805843353271,24.8955031282762,42.276737581179,44.4194793390022,0,40.7157851627895,54.609608968099,0,0,0,0,0,58.4464492797852,43.1821975242801,41.3570798676589,0,0,0,49.033130645752,47.1040276655784,57.3626434011479,0,0,0,0,0,0,57.2430648803711,43.5565948486328,37.1567524501256,54.9131136180974,0,0,0,0,50.0658288557793,59.4119225452501,44.091081165573,57.8426196434045,14.8971735563516,28.4306940621343,39.4593291768115,11.6709975622877,22.545977847189
0,0,0,8.18649315834045,0,0,0,0,0,0,0,5.58339308879592,0,0,0,0,0,0,0,0,0,0,0,0,0,0,0,0,0,0,0,0,0,0,0,6.17404702923969,0,4.4657882339076,0,0,0,0,0,0,0,9.0360236070594,0,0,0,0,0,0,0,0,0,0,0,7.00559824294057,0,0,0,0,6.51086060206095,0,0,0,0,0,0,0,0,0,0,0,0,0,0,0,7.25775581639963,0,13.1751621636477,0,4.19506461608228,0,5.77122022310893,0,0
0,0,0,0,17.5162715911865,0,0,0,15.5904158183507,0,10.2674283087254,0,0,0,0,0,37.8167419433594,0,0,0,0,0,0,0,0,0,0,0,0,0,0,0,0,0,0,0,5.66736576888359,0,4.50378962027651,0,0,0,0,0,0,0,43.9123511314392,0,0,0,14.9017821187558,0,0,0,15.6243995030721,0,6.34128108731023,0,11.9230735642569,0,15.7671518325806,0,0,7.83094502991783,0,0,0,0,0,0,0,0,0,0,0,0,0,0,0,6.68576922822506,0,19.081512928009,9.43655559163035,0,5.62167430206163,0,0
0,0,0,0,0,0,0,0,0,0,0,0,0,0,0,0,19.6604299545288,4.29106404771449,0,0,0,0,7.82810851592052,5.86903324607731,0,8.05230560783268,0,6.61654564050528,0,0,0,0,0,0,0,0,0,4.74229411122072,0,0,0,0,0,0,0,0,0,0,0,8.85792922973633,0,0,0,0,0,0,0,0,0,0,0,0,0,0,5.76981089337992,8.88260591441187,4.37614782232987,0,9.678826966456,0,7.72159910202026,0,0,0,0,0,0,0,0,0,10.2301899170053,0,4.55340073777301,4.9429798907921,0,0,0
0,0,0,0,0,0,0,0,0,0,0,0,0,0,0,0,3.85551762580872,0,0,0,0,7.82810851592052,0,0,5.28660831290684,0,2.90831425315455,0,0,0,0,0,0,0,0,0,0,0,6.6587260739451,0,0,0,0,0,0,0,0,0,7.85206184642656,0,0,0,0,0,0,0,0,0,0,0,0,0,0,0,0,5.62262764417588,0,15.2414823174477,0,7.65324771742449,0,7.60754973649979,0,0,0,0,0,0,0,0,0,8.08539402222108,6.70724812059691,3.33743098744175,0,0,0
0,22.705037689209,0,23.1933307647705,0,0,0,0,0,6.54818830616546,0,0,0,0,0,10.6482229093903,36.5067138671875,6.25707008999862,0,0,0,5.86903324607731,0,0,0,4.4555946721869,0,0,0,0,0,0,0,0,0,0,0,6.91177616031082,0,0,0,15.01123046875,0,0,0,0,0,0,0,20.3044557571411,0,0,0,0,0,7.46773804387739,0,20.233793258667,0,0,0,0,0,0,4.49168731996519,0,4.43492094509975,0,4.16664802233378,0,0,0,0,0,0,0,0,0,0,0,9.70073589911828,0,7.65772970622738,0,9.22629494326455,0,0
0,0,0,0,0,0,0,0,4.64167177677155,0,0,0,0,0,0,0,3.54802037067101,0,0,0,0,0,5.28660831290684,0,0,0,5.44262435038884,0,0,0,0,0,0,0,0,0,0,0,7.71446935671596,0,0,0,0,0,0,0,0,0,14.7689256668091,0,0,0,0,0,4.17119876170318,0,0,0,0,0,6.70665121078491,0,0,0,0,6.23543531360435,0,5.36887512643486,0,4.61544789717748,0,0,0,0,0,0,0,0,0,0,0,8.71150721874705,4.10294278312779,0,21.1084480285645,0,0
0,0,0,0,0,0,0,0,0,0,0,0,0,5.54280011057854,0,3.46531425203596,28.0659283229283,6.59079107678709,30.5072083473206,0,0,8.05230560783268,0,4.4555946721869,0,0,0,3.51079963511369,0,0,0,0,0,0,0,0,0,0,0,0,0,0,0,0,0,0,0,0,0,0,0,0,0,0,0,0,0,0,0,0,0,4.40975952148438,0,0,6.51098017259078,0,6.97387106078012,0,3.96678758564925,0,7.22712779045105,0,0,0,0,0,0,0,0,0,0,0,5.7220444385918,35.9768466949463,0,0,0
0,0,0,0,0,0,0,0,7.53870657086372,0,0,0,0,0,0,0,3.5383611453904,0,0,0,0,0,2.90831425315455,0,5.44262435038884,0,0,0,5.76082722957318,0,0,0,0,0,0,0,0,0,0,0,0,0,0,0,0,0,0,0,0,0,0,0,0,0,8.1126414835453,0,0,0,0,0,7.08525787081037,0,0,0,0,5.73332860253074,0,4.48143020272255,0,4.3846579373601,0,0,0,0,0,0,0,0,0,0,0,0,3.26117936984913,0,0,0,0
0,0,0,0,0,0,0,0,0,0,0,0,0,7.81311368942261,0,0,0,6.85503915864594,0,0,0,6.61654564050528,0,0,0,3.51079963511369,0,0,0,2.9207697002976,0,0,0,0,0,0,0,2.87119739705866,0,0,0,0,0,0,0,0,0,0,0,0,0,0,0,0,0,0,0,0,0,3.46423755373274,0,0,0,0,7.13325466428484,0,0,0,0,0,5.49041025499531,0,3.17028021812439,0,0,0,0,0,0,0,14.6594934463501,0,4.99245447293294,3.01246695769461,0,0,0
0,0,0,0,0,0,0,0,0,0,3.40762669699533,0,3.46296643509584,0,0,0,0,0,0,0,0,0,0,0,0,0,5.76082722957318,0,0,0,3.38345037187849,0,0,0,0,0,0,0,8.39934221903483,0,0,0,0,0,0,0,0,0,0,0,0,0,0,0,0,0,9.57653677463531,0,4.2243914604187,0,0,0,0,0,0,0,0,0,0,0,0,4.21642421501611,0,0,0,0,0,0,0,0,0,0,0,0,0,0,0
0,0,0,0,0,0,0,0,0,0,0,7.49015869734422,0,0,0,0,0,0,0,0,0,0,0,0,0,0,0,2.9207697002976,0,0,0,0,0,0,0,0,0,4.1977369873612,0,0,0,0,0,0,0,0,0,0,0,0,0,0,0,0,0,0,0,5.56545638383604,0,0,0,0,0,0,0,0,0,0,0,0,3.36986572212643,0,5.77901993093367,0,0,0,0,0,0,0,9.01128635755399,0,2.75962091214729,0,0,0,0
0,0,0,0,0,0,0,0,0,0,5.13494148850441,0,0,0,0,0,0,0,0,0,0,0,0,0,0,0,0,0,3.38345037187849,0,0,0,0,0,0,0,0,0,3.55443517565727,0,0,0,0,0,0,0,0,0,0,0,0,0,0,0,0,0,8.87191569504618,0,0,0,0,0,0,0,0,0,0,0,0,0,0,3.07101706454628,0,4.94260152350985,0,0,0,0,0,0,0,7.69877209054663,3.06670685609182,0,0,0,0
0,0,0,0,0,0,0,0,0,0,0,0,0,0,0,0,0,0,0,0,0,0,0,0,0,0,0,0,0,0,0,0,3.25550967724479,2.99762323924473,0,8.73285811634387,8.90185916423798,0,0,0,0,0,0,0,0,0,0,8.75381473684863,16.8545786539714,10.8546010705809,0,0,0,0,0,0,0,0,0,0,0,0,0,0,0,0,0,0,0,0,0,0,0,0,3.76945537853972,4.65771007537842,5.57936191558838,0,9.45415828671566,0,0,0,3.38025971253713,0,0,0,0
0,0,0,0,0,0,0,0,0,0,0,0,0,0,0,0,0,0,0,0,0,0,0,0,0,0,0,0,0,0,0,3.25550967724479,0,0,7.91525824864705,6.79074541727702,24.1094292252841,0,0,0,0,0,0,0,0,0,0,8.2036900953813,9.92641824834487,0,0,0,0,0,0,0,0,0,0,0,0,0,0,0,0,0,0,0,0,0,0,0,0,0,0,5.05694762057945,0,0,0,20.4306850758466,0,0,3.23556334631784,0,0,0,0
0,0,0,0,0,0,0,0,0,0,0,0,0,0,0,0,0,0,0,0,0,0,0,0,0,0,0,0,0,0,0,2.99762323924473,0,0,3.15723165861849,5.63270926269399,0,3.68791509577722,8.64511299133301,0,0,0,0,0,0,0,0,4.44647589117137,0,0,0,0,0,0,0,0,0,0,0,0,0,0,0,0,0,0,0,0,0,0,0,0,0,0,0,0,4.75862332191419,5.99199674004003,6.84502113060873,0,6.57713866317481,0,3.65500918678615,4.65078051884969,0,0,0
0,0,0,0,0,0,0,0,0,0,0,0,0,0,0,0,0,0,0,0,0,0,0,0,0,0,0,0,0,0,0,0,7.91525824864705,3.15723165861849,0,0,4.4288330296436,10.5179357528687,3.57549914656014,0,0,0,0,0,0,0,0,4.36421506102749,17.5122623443604,0,0,0,0,0,0,0,0,0,0,0,0,0,0,0,0,0,0,0,0,0,0,0,0,0,0,6.20398878592711,4.68812177139416,5.40990192117698,0,5.54649069834882,0,4.71480806935735,3.73762751438401,2.95570868253708,0,0,0
0,63.5548899723933,0,8.01000399589539,0,20.6784743467967,0,3.78260171764037,0,22.3430023193359,0,4.35624554623728,0,0,0,0,100.641400655111,106.342266082764,66.0945011981122,6.17404702923969,0,0,0,0,0,0,0,0,0,0,0,8.73285811634387,6.79074541727702,5.63270926269399,0,0,4.44784760285561,6.02744161135199,4.06748159726461,41.597570737203,102.423657735189,54.3767671585083,88.9486503601074,64.9227447509766,0,42.8234681129456,106.214073181152,5.71151111807142,0,66.6700261433919,0,21.2281308703952,0,0,0,24.1574411392212,0,9.54305239187347,0,14.8975458145142,0,0,9.06195558576004,108.864933013916,0,0,0,0,0,0,0,0,79.6592147827148,0,5.48459265067143,0,4.12692301472028,0,6.45622470286819,10.925746261546,13.6818829781399,0,5.70189530708165,5.44181803195146,11.9447707313381,55.4580603705512,0
0,0,19.152122770037,0,0,0,10.0145208835602,0,26.3893032073975,0,10.3685095686662,0,0,0,0,0,99.1285756429036,0,78.898105097752,0,5.66736576888359,0,0,0,0,0,0,0,0,0,0,8.90185916423798,24.1094292252841,0,4.4288330296436,4.44784760285561,0,0,6.80631644412296,98.373950958252,22.4303741455078,0,52.6644924708775,0,54.6881408691406,110.523803710938,55.5958665847778,19.3775737101216,20.1907359759013,0,28.1090807744435,0,0,0,31.0368020534515,0,21.6690274647304,0,25.7815558334877,0,27.240899366491,0,0,8.95900218715941,0,0,0,0,0,0,0,0,115.285118103027,60.3313102722168,0,9.71259658314766,0,5.37032536006866,4.74282683516448,6.23033262438403,0,12.8906576136651,5.71190844703655,5.64279094125543,15.0584000482472,0,47.2612102031708
0,53.3854344685872,0,29.4345531463623,0,0,0,0,0,12.1179430484772,0,4.59909531742177,0,0,0,0,0,95.3109016418457,69.2209967295329,4.4657882339076,0,4.74229411122072,0,6.91177616031082,0,0,0,2.87119739705866,0,4.1977369873612,0,0,0,3.68791509577722,10.5179357528687,6.02744161135199,0,0,6.78327280383999,90.6644156319754,0,35.8070195588199,87.6175537109375,0,0,34.8768351903776,0,5.14138920407195,0,7.27472950531089,0,0,0,0,0,15.246719159578,0,6.06536241795154,0,0,0,0,12.2670824333473,0,6.42402817170779,0,7.87244737057131,0,0,0,5.91220569610596,0,6.42074854926365,105.82218170166,0,0,4.35719933876624,0,12.6441009568434,128.073299407959,6.3608572417133,3.0806516198551,7.30954418978442,7.04756893860417,14.2088278921751,46.3705776759556,0
25.2088260650635,0,0,0,0,0,0,0,4.28916883955196,0,4.84549239111243,0,0,0,0,0,41.0083465576172,0,53.2294425964355,0,4.50378962027651,0,6.6587260739451,0,7.71446935671596,0,0,0,8.39934221903483,0,3.55443517565727,0,0,8.64511299133301,3.57549914656014,4.06748159726461,6.80631644412296,6.78327280383999,0,0,58.2463989257812,0,7.73362821340561,0,0,0,43.618287841479,6.88756235133218,5.03999033018395,0,0,0,0,0,8.7146054599302,0,6.28559751792621,0,0,0,0,0,0,15.0062775513051,0,6.81826334928241,0,7.34803977307166,0,0,0,4.21601009368896,0,6.10540054195611,0,0,0,3.87414319948717,0,12.1884201330674,2.78931015729904,6.02163597652624,4.96173028800823,6.30925483406093,6.54029431890269,0,0
66.5747146606445,33.074494700278,0,41.2785401344299,0,40.6322631835938,0,0,0,46.7710723876953,0,0,0,0,0,0,76.906798947242,72.822017021899,42.0169436656253,0,0,0,0,0,0,0,0,0,0,0,0,0,0,0,0,41.597570737203,98.373950958252,90.6644156319754,0,0,78.1167869567871,25.060161561899,57.1904013951619,31.3139420384946,40.3082855224609,18.1332677416627,71.508003616333,3.3724205493927,0,6.95097624642827,0,45.946605682373,0,0,0,46.0892124176025,0,50.4334558340219,0,0,0,43.2279472351074,27.5910548272759,79.8018310546875,0,0,0,0,0,0,0,0,49.9969349155178,89.4632720947266,0,0,0,0,22.0003429055214,84.6136644052905,63.7883444485599,116.364479064941,39.4072337716638,83.4316825866699,24.8113150985213,24.5618554353714,73.9931106567383
30.953461560336,0,40.2015902201335,0,0,0,0,0,49.0971717834473,0,0,0,0,0,0,0,68.0262207644326,78.1009857780055,52.3425427500407,0,0,0,0,0,0,0,0,0,0,0,0,0,0,0,0,102.423657735189,22.4303741455078,0,58.2463989257812,78.1167869567871,0,75.331750869751,20.1027318224559,0,27.8360447838193,74.9564043680827,11.5167967751622,6.51337023479183,5.44368862175057,59.0998497009277,0,0,0,0,50.1745796203613,0,0,84.1880416870117,0,0,0,0,77.6068267822266,40.9522539898753,0,0,0,0,0,0,0,66.4857540130615,87.8073196411133,51.9364503860474,0,16.1510054270426,0,0,91.8663948604039,27.7113115326051,82.2475311279297,60.5212724473741,44.5256656165262,81.0808469984267,18.6033399614151,67.2823715209961,18.554267168045
52.2197265625,23.5408768357391,0,38.5424724352562,0,49.174681527274,0,0,0,17.1122694835067,0,0,0,0,0,31.9749183654785,63.3844951282848,58.6277786401602,12.8543219292342,0,0,0,0,15.01123046875,0,0,0,0,0,0,0,0,0,0,0,54.3767671585083,0,35.8070195588199,0,25.060161561899,75.331750869751,0,6.72674348479823,17.9676278710365,38.3488502502441,22.4649717872426,72.6906299591064,7.69667151458281,75.8689422607422,16.3546773777315,0,44.3923759460449,0,0,0,47.0448419570923,78.5350437164307,18.3523106222283,0,0,0,47.7409997419877,26.627236235855,70.6258993148804,0,0,12.447247505188,0,0,0,12.9648566896265,0,20.9858970726903,0,0,0,0,0,34.0106107860417,74.8448877970378,41.1497211092994,81.7916946411133,11.8237091976302,11.2163549423218,13.6892829614657,9.39947290928072,0
22.4063603183658,38.6044082641602,40.0157613182068,43.1307802200317,42.923895517985,0,0,0,16.0045363987942,0,0,0,0,0,51.2188575051048,0,47.9003789709249,69.3409548997879,31.6727213782914,0,0,0,0,0,0,0,0,0,0,0,0,0,0,0,0,88.9486503601074,52.6644924708775,87.6175537109375,7.73362821340561,57.1904013951619,20.1027318224559,6.72674348479823,0,0,13.0566503231118,53.1105405489604,15.0276774039328,7.4479003890616,13.1001495113997,37.554347038269,47.0099652608236,0,0,0,48.709025700887,0,16.699911561936,68.5868422190348,17.7331003461565,0,23.4347687070332,0,57.6408961902965,27.227191567421,0,0,0,44.0901260375977,0,19.5515279769897,0,17.0927002066273,58.3664283752441,15.1665796566225,0,0,0,0,64.7134103775024,26.3432179507301,70.0598000420464,29.9195038935831,14.3616484776708,63.6873960494995,12.7715424867609,60.7380510965983,8.1984558912059
0,0,0,23.3828678131104,0,34.5997848510742,0,0,0,0,0,0,0,0,0,0,0,0,11.2805843353271,0,0,0,0,0,0,0,0,0,0,0,0,0,0,0,0,64.9227447509766,0,0,0,31.3139420384946,0,17.9676278710365,0,0,0,22.3768083398992,0,0,0,0,0,0,0,0,0,32.0017840067546,0,38.5947265625,0,0,0,0,24.8788375854492,0,0,0,0,0,0,0,0,0,0,0,0,0,0,0,46.7181215286255,0,46.2962519327799,0,11.1200323104858,0,19.0294246673584,18.0040035247803,0
0,0,0,0,0,0,0,0,0,0,0,0,0,0,0,0,36.8037929534912,44.2046203613281,24.8955031282762,0,0,0,0,0,0,0,0,0,0,0,0,0,0,0,0,0,54.6881408691406,0,0,40.3082855224609,27.8360447838193,38.3488502502441,13.0566503231118,0,0,40.6158129374186,18.4611289583403,0,0,0,0,0,0,0,0,0,0,49.7231992085775,0,0,0,0,41.9142316182454,32.2640662723117,0,0,0,0,0,0,0,0,0,0,0,0,0,0,48.3207372029622,30.6604709489005,55.4537677764893,41.7064971923828,12.9469711303711,0,17.1932379183222,37.0996589660645,24.9588840802511
58.0154495239258,25.5935797971838,0,22.3337991714478,0,0,0,0,0,53.7055473327637,0,10.5499753952026,0,0,0,0,69.41766448248,65.7686047464047,42.276737581179,9.0360236070594,0,0,0,0,0,0,0,0,0,0,0,0,0,0,0,42.8234681129456,110.523803710938,34.8768351903776,0,18.1332677416627,74.9564043680827,22.4649717872426,53.1105405489604,22.3768083398992,40.6158129374186,0,60.1606715393066,0,0,21.6006350204934,0,0,0,0,0,38.4584318796794,82.1252746582031,39.4211746945101,0,0,0,0,8.8420819741889,71.5375054677327,0,0,0,0,0,0,0,0,40.2149444159709,89.6604944864909,0,0,0,0,27.2535229509805,78.4836499763258,28.2557967604907,90.4377937316895,32.7811091663978,87.2953681945801,24.4492442981118,44.1077184984761,65.9694084167481
38.5422554016113,0,38.6077874501546,0,0,0,0,0,48.515807560512,61.072093963623,0,0,0,0,0,0,58.5314195421007,64.2653804016113,44.4194793390022,0,43.9123511314392,0,0,0,0,0,0,0,0,0,0,0,0,0,0,106.214073181152,55.5958665847778,0,43.618287841479,71.508003616333,11.5167967751622,72.6906299591064,15.0276774039328,0,18.4611289583403,60.1606715393066,0,0,41.2583309520375,0,0,0,0,0,38.3761539459229,0,36.4186553955078,66.6819953918457,0,0,44.6134567260742,0,69.6654993693034,14.7708436402698,0,0,0,0,0,0,0,39.3553314208984,74.3352699279785,43.0317140811335,0,0,0,0,84.5979779561361,19.0993360111635,90.2967929840088,46.8774650606335,32.6178467366603,75.6422119140625,22.209753038168,0,39.9887235641479
0,0,0,0,0,0,0,0,0,0,0,0,0,0,0,0,0,0,0,0,0,0,0,0,0,0,0,0,0,0,0,8.75381473684863,8.2036900953813,4.44647589117137,4.36421506102749,5.71151111807142,19.3775737101216,5.14138920407195,6.88756235133218,3.3724205493927,6.51337023479183,7.69667151458281,7.4479003890616,0,0,0,0,0,5.65171413337772,6.30459707658284,0,0,0,0,0,0,0,0,0,0,0,0,0,0,0,0,0,0,0,0,0,0,0,0,3.63594286782401,8.56665106883562,4.27318489868029,5.64725341237563,7.8217058046444,9.44547606873794,7.71037149429321,4.33957532369173,6.54059800819397,4.18581993004371,5.51875891100368,0,0
5.49586388771085,0,8.58873087272309,0,7.60701894760132,0,0,0,15.3858366503435,0,0,0,0,0,8.76681903351185,0,53.1272783279419,57.8275756835938,40.7157851627895,0,0,0,7.85206184642656,0,14.7689256668091,0,0,0,0,0,0,16.8545786539714,9.92641824834487,0,17.5122623443604,0,20.1907359759013,0,5.03999033018395,0,5.44368862175057,75.8689422607422,13.1001495113997,0,0,0,41.2583309520375,5.65171413337772,0,4.73371920211454,47.9900671641032,0,0,0,31.6224139928818,0,9.33886152546058,0,10.1341436887399,0,10.0279015273151,0,0,19.3469981806619,0,10.1715272020048,0,8.21090800673873,0,4.2086168759399,0,7.8971666504355,0,19.6654875611746,0,10.0519362963163,0,18.1387042999268,0,5.68972156462334,75.4286270141602,6.74410073608564,12.2698684057174,0,10.3117494973049,0,0
0,8.14889855799908,0,20.4809086443503,0,0,0,0,0,13.2997634112835,0,0,0,0,0,2.7391095161438,60.1341667175293,50.4792976379395,54.609608968099,0,0,8.85792922973633,0,20.3044557571411,0,0,0,0,0,0,0,10.8546010705809,0,0,0,66.6700261433919,0,7.27472950531089,0,6.95097624642827,59.0998497009277,16.3546773777315,37.554347038269,0,0,21.6006350204934,0,6.30459707658284,4.73371920211454,0,0,0,0,0,0,21.810843249162,0,19.121833615713,0,3.5890394449234,0,5.9622573616604,28.2288475036621,0,7.06829863994276,0,11.3123905347741,0,4.95777237315138,0,4.1274479391963,0,24.9854788485028,0,0,0,0,0,22.6695777954199,0,13.286577116085,65.6389694213867,11.0347158210919,21.1628532409668,10.5841249237918,33.1502075195312,0
0,0,10.9157034597899,0,4.82197388398404,0,4.58964659372965,0,13.6862163543701,0,0,0,3.70576629042625,0,4.2828319099412,0,0,0,0,0,14.9017821187558,0,0,0,0,0,0,0,0,0,0,0,0,0,0,0,28.1090807744435,0,0,0,0,0,47.0099652608236,0,0,0,0,0,47.9900671641032,0,0,0,4.06827404763964,0,0,0,6.37027051232078,0,5.64976492524147,0,5.8417409317834,0,0,9.83045851100575,0,0,0,0,0,0,0,0,0,0,0,0,0,0,0,27.4381638279668,0,0,10.4434001499347,0,14.6296269445277,0,0
0,0,0,10.5257451167473,0,4.13478100924394,0,5.90907526016235,0,4.51092648506165,0,2.74836540222168,0,0,0,4.17556021088048,0,0,0,0,0,0,0,0,0,0,0,0,0,0,0,0,0,0,0,21.2281308703952,0,0,0,45.946605682373,0,44.3923759460449,0,0,0,0,0,0,0,0,0,0,0,3.29339024938386,0,6.6263001759847,0,5.90310545999612,0,4.6459018242212,0,4.38835613429546,6.11355018615723,0,0,0,0,0,0,0,0,0,0,0,0,0,0,0,0,0,0,0,6.59154052565084,0,22.2142954213279,0,0
0,0,0,0,0,0,3.35301849331175,0,0,0,0,0,0,0,0,0,0,0,0,0,0,0,0,0,0,0,0,0,0,0,0,0,0,0,0,0,0,0,0,0,0,0,0,0,0,0,0,0,0,0,4.06827404763964,0,0,0,0,0,3.96595366602022,0,4.0849457581838,0,0,0,0,0,0,0,0,0,0,0,0,0,0,0,0,0,0,0,0,0,0,0,0,0,9.08233642578125,0,0
0,0,0,0,0,2.73610019683838,0,3.71118325426016,0,0,0,3.58316254615784,0,3.64159830411275,0,0,0,0,0,0,0,0,0,0,0,0,0,0,0,0,0,0,0,0,0,0,0,0,0,0,0,0,0,0,0,0,0,0,0,0,0,3.29339024938386,0,0,0,0,0,4.05753632057004,0,2.7925654053688,0,0,0,0,0,0,0,0,0,0,0,0,0,0,0,0,0,0,0,0,0,0,3.10021873882839,0,0,0,0
7.14634504037745,0,6.81386191097658,0,0,0,0,0,6.39485090688332,0,0,0,0,0,4.86554527282715,0,0,0,0,0,15.6243995030721,0,0,0,4.17119876170318,0,8.1126414835453,0,0,0,0,0,0,0,0,0,31.0368020534515,0,8.7146054599302,0,50.1745796203613,0,48.709025700887,0,0,0,38.3761539459229,0,31.6224139928818,0,0,0,0,0,0,0,0,0,0,0,5.49802541732788,0,0,13.7271165847778,0,0,0,3.64535586820172,0,9.28755617141724,0,0,0,0,0,0,0,0,0,35.0199817021688,0,9.03142061898875,9.9878772292954,0,38.2626132336292,0,0
0,5.6475500481151,0,9.22854244634972,0,3.91284949737683,0,0,0,6.37305604889597,0,0,0,0,0,5.14907735586166,0,13.0266325473785,58.4464492797852,0,0,0,0,7.46773804387739,0,0,0,0,0,0,0,0,0,0,0,24.1574411392212,0,15.246719159578,0,46.0892124176025,0,47.0448419570923,0,32.0017840067546,0,38.4584318796794,0,0,0,21.810843249162,0,6.6263001759847,0,0,0,0,0,10.1373165783129,0,7.55427927441067,0,3.90099969506264,0,0,0,0,6.6694449827101,0,0,0,0,0,61.7577743530273,0,0,0,0,0,47.9059410095215,0,7.38832270793426,0,17.5601614058276,19.8815105983189,27.3239181175661,47.8800716400146,0
18.4184756607845,0,31.106038292249,0,14.6797676086426,0,5.60118391378139,0,15.483507312074,0,6.01369092819042,0,8.55737197399139,0,6.95581197738647,0,49.0798060099284,0,43.1821975242801,0,6.34128108731023,0,0,0,0,0,0,0,9.57653677463531,0,8.87191569504618,0,0,0,0,0,21.6690274647304,0,6.28559751792621,0,0,78.5350437164307,16.699911561936,0,0,82.1252746582031,36.4186553955078,0,9.33886152546058,0,6.37027051232078,0,3.96595366602022,0,0,0,0,0,4.57229025261377,0,9.3655157318482,0,0,15.3156192615481,0,0,0,0,0,0,0,4.8815374424583,0,5.6043388230686,0,0,0,0,0,32.7976785475208,0,17.8512395306637,15.1860831882039,0,9.3922805152858,0,36.6680030822754
0,21.3431460062663,0,17.8521079425394,0,10.705179962847,0,4.28551674097083,0,16.881267223718,0,5.75400723444614,0,0,0,0,83.3207855224609,58.6145172119141,41.3570798676589,7.00559824294057,0,0,0,20.233793258667,0,0,0,0,0,5.56545638383604,0,0,0,0,0,9.54305239187347,0,6.06536241795154,0,50.4334558340219,84.1880416870117,18.3523106222283,68.5868422190348,38.5947265625,49.7231992085775,39.4211746945101,66.6819953918457,0,0,19.121833615713,0,5.90310545999612,0,4.05753632057004,0,10.1373165783129,0,0,0,4.97458751339179,0,3.49460499701293,8.26200915178842,94.8731587727865,0,0,20.9250507354736,0,0,0,4.09825712634671,0,7.27689758293311,0,0,0,0,0,52.816100698251,81.3922290802002,43.3656958666715,0,21.5070205251163,0,10.152640408362,19.4475482028464,74.6419143676758
25.2846803665161,0,5.8365774002481,0,0,0,0,0,0,0,3.32447759509087,0,3.35858675362407,0,0,0,0,0,0,0,11.9230735642569,0,0,0,0,0,0,0,4.2243914604187,0,0,0,0,0,0,0,25.7815558334877,0,0,0,0,0,17.7331003461565,0,0,0,0,0,10.1341436887399,0,5.64976492524147,0,4.0849457581838,0,0,0,4.57229025261377,0,0,0,6.82218391755048,0,0,7.63313610023922,0,0,0,0,0,0,0,6.41746144294739,0,0,0,0,0,0,0,25.268911188299,0,0,24.8024562256677,0,12.2673969832472,0,0
0,0,0,4.15654122829437,0,8.87881374359131,0,3.74855729937553,0,0,0,3.71452347674501,0,3.40739089550615,0,3.16209650039673,0,0,0,0,0,0,0,0,0,0,0,3.46423755373274,0,0,0,0,0,0,0,14.8975458145142,0,0,0,0,0,0,0,0,0,0,0,0,0,3.5890394449234,0,4.6459018242212,0,2.7925654053688,0,7.55427927441067,0,4.97458751339179,0,0,0,3.22408926486969,0,0,0,0,0,0,2.94788599014282,0,3.3242329069086,0,6.17701287567616,0,0,0,0,0,0,0,0,0,3.53727003045984,3.44196359316508,7.53298282623291,0,0
8.59626772373345,0,6.75537684937598,0,5.90133602089352,0,0,0,9.49356747710186,0,0,0,0,0,6.42466518431902,0,0,0,0,0,15.7671518325806,0,0,0,6.70665121078491,0,7.08525787081037,0,0,0,0,0,0,0,0,0,27.240899366491,0,0,0,0,0,23.4347687070332,0,0,0,44.6134567260742,0,10.0279015273151,0,5.8417409317834,0,0,0,5.49802541732788,0,9.3655157318482,0,6.82218391755048,0,0,0,0,0,0,0,0,0,0,4.99701796259199,0,10.4387546969049,0,75.6861038208008,0,0,0,0,0,27.0704168319702,0,0,12.9183623955982,0,17.6532472452842,0,0
0,5.3053277015686,0,5.01370916900964,0,4.2419068813324,0,0,0,8.96557276065533,0,0,0,3.59093134933048,0,3.8668330299611,0,0,49.033130645752,0,0,0,0,0,0,4.40975952148438,0,0,0,0,0,0,0,0,0,0,0,0,0,43.2279472351074,0,47.7409997419877,0,0,0,0,0,0,0,5.9622573616604,0,4.38835613429546,0,0,0,3.90099969506264,0,3.49460499701293,0,3.22408926486969,0,0,0,0,0,0,0,0,3.44523293713489,0,3.62988686561584,0,0,0,0,0,0,0,0,0,0,0,14.9517732222875,0,13.3972417678975,0,0
0,35.6186714172363,0,19.7717866897583,0,6.97755193710327,0,0,0,0,0,10.9287192876949,0,0,0,0,76.5003309249878,87.946063041687,47.1040276655784,6.51086060206095,0,0,0,0,0,0,0,0,0,0,0,0,0,0,0,9.06195558576004,0,12.2670824333473,0,27.5910548272759,77.6068267822266,26.627236235855,57.6408961902965,24.8788375854492,41.9142316182454,8.8420819741889,69.6654993693034,0,0,28.2288475036621,0,6.11355018615723,0,0,0,0,0,8.26200915178842,0,0,0,0,0,85.5277614593506,0,0,0,0,0,0,0,0,17.2367909113566,0,0,0,0,0,13.8947420081672,84.7744263869066,13.694839388871,97.571044921875,30.4617759884435,0,12.6120752720515,45.349739074707,0
37.2424324035645,0,0,64.3185348510742,14.1785411834717,0,0,0,13.7499041557312,0,3.20175528526306,0,0,0,0,0,68.4642210421355,78.6668247896082,57.3626434011479,0,7.83094502991783,0,0,0,0,0,0,0,0,0,0,0,0,0,0,108.864933013916,8.95900218715941,0,15.0062775513051,79.8018310546875,40.9522539898753,70.6258993148804,27.227191567421,0,32.2640662723117,71.5375054677327,14.7708436402698,0,19.3469981806619,0,9.83045851100575,0,0,0,13.7271165847778,0,15.3156192615481,94.8731587727865,7.63313610023922,0,0,0,85.5277614593506,0,0,0,0,0,0,0,0,30.7134333523837,84.4265403747559,39.2935737415718,0,0,0,0,89.8298484802246,12.1918428080423,90.0338490804036,34.2209063598857,45.750173996176,80.9012171427409,20.36878975762,0,56.5027192433675
0,0,0,0,0,0,0,0,0,0,0,0,0,0,0,0,0,6.46910353060122,0,0,0,5.76981089337992,0,4.49168731996519,0,6.51098017259078,0,7.13325466428484,0,0,0,0,0,0,0,0,0,6.42402817170779,0,0,0,0,0,0,0,0,0,0,0,7.06829863994276,0,0,0,0,0,0,0,0,0,0,0,0,0,0,0,0,6.11760348221506,0,8.20662869049443,0,12.8732791597193,0,0,0,0,0,0,0,0,0,9.5818577050637,0,5.26527214575114,7.70745972224644,18.9890995025635,0,0
0,0,0,0,0,0,0,0,0,0,0,0,0,0,0,0,4.2197519938151,0,0,0,0,8.88260591441187,5.62262764417588,0,6.23543531360435,0,5.73332860253074,0,0,0,0,0,0,0,0,0,0,0,6.81826334928241,0,0,0,0,0,0,0,0,0,10.1715272020048,0,0,0,0,0,0,0,0,0,0,0,0,0,0,0,0,0,0,11.6204842560237,0,9.26990015214544,0,7.34327294181316,0,0,0,0,0,0,0,0,0,7.04452452518235,6.61650259180586,0,27.672269821167,0,0
0,14.1383330027262,0,0,0,0,0,0,0,6.11295283585787,0,0,0,0,0,0,0,10.1812862795453,0,0,0,4.37614782232987,0,4.43492094509975,0,6.97387106078012,0,0,0,0,0,0,0,0,0,0,0,7.87244737057131,0,0,0,12.447247505188,0,0,0,0,0,0,0,11.3123905347741,0,0,0,0,0,6.6694449827101,0,20.9250507354736,0,0,0,0,0,0,6.11760348221506,0,0,0,11.1208427747091,0,0,0,0,0,0,0,0,0,0,0,9.2743707019936,0,13.6017126195571,23.0439875342629,7.53670371841911,0,0
0,0,0,0,0,0,0,0,6.29836138446679,0,0,0,0,0,0,0,0,0,0,0,0,0,15.2414823174477,0,5.36887512643486,0,4.48143020272255,0,0,0,0,0,0,0,0,0,0,0,7.34803977307166,0,0,0,44.0901260375977,0,0,0,0,0,8.21090800673873,0,0,0,0,0,3.64535586820172,0,0,0,0,0,0,0,0,0,0,11.6204842560237,0,0,0,13.2261580166064,0,0,0,0,0,0,0,0,0,0,0,9.68390262859494,7.3983128902524,0,15.4771766662598,0,0
0,0,0,0,0,0,0,0,0,0,0,0,0,5.27940034866333,0,4.61243060429891,0,3.98033517009609,0,0,0,9.678826966456,0,4.16664802233378,0,3.96678758564925,0,0,0,0,0,0,0,0,0,0,0,0,0,0,0,0,0,0,0,0,0,0,0,4.95777237315138,0,0,0,0,0,0,0,0,0,2.94788599014282,0,3.44523293713489,0,0,8.20662869049443,0,11.1208427747091,0,0,0,6.21504594077174,0,0,0,0,0,0,0,0,0,0,0,4.94473710230419,0,8.56807442144914,0,0
0,0,0,0,0,0,0,0,8.86777114868164,0,0,0,0,0,11.0957179069519,0,2.81957769393921,0,0,0,0,0,7.65324771742449,0,4.61544789717748,0,4.3846579373601,0,0,0,0,0,0,0,0,0,0,0,0,0,0,0,19.5515279769897,0,0,0,0,0,4.2086168759399,0,0,0,0,0,9.28755617141724,0,0,0,0,0,4.99701796259199,0,0,0,0,9.26990015214544,0,13.2261580166064,0,0,0,3.56272479837591,0,0,0,0,0,0,0,0,0,0,3.96194479340001,0,7.82779821753502,0,0
0,21.0416541099548,0,25.7267532348633,0,0,0,0,0,18.1296634674072,0,4.3699754336301,0,3.75020039081573,0,0,0,0,57.2430648803711,0,0,7.72159910202026,0,0,0,7.22712779045105,0,5.49041025499531,0,3.36986572212643,0,0,0,0,0,0,0,5.91220569610596,0,0,0,12.9648566896265,0,0,0,0,0,0,0,4.1274479391963,0,0,0,0,0,0,0,4.09825712634671,0,3.3242329069086,0,3.62988686561584,0,0,12.8732791597193,0,0,0,6.21504594077174,0,0,0,5.20301028530476,0,0,0,0,0,0,0,10.4162931596729,0,9.98426283781345,4.44228434562683,9.48597249530611,0,0
20.9612869262695,0,63.6243553161621,0,0,0,0,0,15.6099224090576,0,2.75095367431641,0,0,0,0,0,69.0676498413086,0,43.5565948486328,0,0,0,7.60754973649979,0,0,0,0,0,4.21642421501611,0,3.07101706454628,0,0,0,0,0,0,0,4.21601009368896,0,66.4857540130615,0,17.0927002066273,0,0,0,39.3553314208984,0,7.8971666504355,0,0,0,0,0,0,0,4.8815374424583,0,6.41746144294739,0,10.4387546969049,0,0,30.7134333523837,0,7.34327294181316,0,0,0,3.56272479837591,0,0,0,5.38151587545872,0,0,0,0,0,59.2289457321167,0,5.91905852021842,21.2481645929052,0,11.9139945885231,0,0
0,26.1694404338968,0,28.9739992478315,0,0,0,0,0,19.2322321270787,0,7.91208572618423,0,0,0,0,83.6339754377093,70.2244563102722,37.1567524501256,0,0,0,0,0,0,0,0,3.17028021812439,0,5.77901993093367,0,0,0,0,0,79.6592147827148,115.285118103027,6.42074854926365,0,49.9969349155178,87.8073196411133,20.9858970726903,58.3664283752441,0,0,40.2149444159709,74.3352699279785,0,0,24.9854788485028,0,0,0,0,0,61.7577743530273,0,7.27689758293311,0,6.17701287567616,0,0,17.2367909113566,84.4265403747559,0,0,0,0,0,0,5.20301028530476,0,0,0,0,0,0,0,58.0748537069732,89.7628364562988,9.01665483277275,0,23.6230359030242,0,18.2579173751311,20.5018149533318,0
24.7017171859741,0,34.7578659057617,90.7021484375,0,0,0,0,16.7979100545247,0,9.36344519486794,0,0,0,0,0,57.1099828675736,71.6422172546387,54.9131136180974,0,0,0,0,0,0,0,0,0,0,0,4.94260152350985,0,0,0,0,0,60.3313102722168,105.82218170166,6.10540054195611,89.4632720947266,51.9364503860474,0,15.1665796566225,0,0,89.6604944864909,43.0317140811335,0,19.6654875611746,0,0,0,0,0,0,0,5.6043388230686,0,0,0,75.6861038208008,0,0,39.2935737415718,0,0,0,0,0,0,0,5.38151587545872,0,0,0,0,0,0,108.921751403809,54.0270569971366,0,7.12083675014302,24.0519942813826,70.5328623453776,19.9101037324057,0,21.3634436069391
0,0,0,0,0,0,0,0,0,0,0,0,0,0,0,0,0,0,0,0,0,0,0,0,0,0,0,0,0,0,0,3.76945537853972,0,0,0,5.48459265067143,0,0,0,0,0,0,0,0,0,0,0,3.63594286782401,0,0,0,0,0,0,0,0,0,0,0,0,0,0,0,0,0,0,0,0,0,0,0,0,0,0,0,0,4.0809254150475,0,5.71123822230213,0,0,0,4.47643335660299,0,0,0,0
0,0,0,0,0,0,0,0,0,0,0,0,0,0,0,0,0,0,0,0,0,0,0,0,0,0,0,0,0,0,0,4.65771007537842,5.05694762057945,0,6.20398878592711,0,9.71259658314766,0,0,0,16.1510054270426,0,0,0,0,0,0,8.56665106883562,10.0519362963163,0,0,0,0,0,0,0,0,0,0,0,0,0,0,0,0,0,0,0,0,0,0,0,0,0,0,0,0,3.35409094810486,0,6.56215192224921,0,0,3.1162873676845,0,0,0,0
0,0,0,0,0,0,0,0,0,0,0,0,0,0,0,0,0,0,0,0,0,0,0,0,0,0,0,0,0,0,0,5.57936191558838,0,4.75862332191419,4.68812177139416,4.12692301472028,0,4.35719933876624,0,0,0,0,0,0,0,0,0,4.27318489868029,0,0,0,0,0,0,0,0,0,0,0,0,0,0,0,0,0,0,0,0,0,0,0,0,0,0,4.0809254150475,0,0,7.81938675471715,5.11244000097116,0,6.02414751485362,0,3.84382476011912,0,0,0,0
0,0,0,0,0,0,0,0,0,0,0,0,0,0,0,0,0,0,0,0,0,0,0,0,0,0,0,0,0,0,0,0,0,5.99199674004003,5.40990192117698,0,5.37032536006866,0,3.87414319948717,0,0,0,0,0,0,0,0,5.64725341237563,18.1387042999268,0,0,0,0,0,0,0,0,0,0,0,0,0,0,0,0,0,0,0,0,0,0,0,0,0,0,3.35409094810486,7.81938675471715,0,0,6.3601305678608,0,5.02509529157455,4.5456947210957,2.81412347157796,0,0,0
0,41.9878024613926,0,40.9857481888362,0,23.0197639465332,0,6.45443292097612,0,53.923620223999,0,5.12904667854309,0,0,0,0,88.2919179012901,85.7666595309388,50.0658288557793,7.25775581639963,0,0,0,0,0,0,0,0,0,0,0,9.45415828671566,0,6.84502113060873,0,6.45622470286819,4.74282683516448,12.6441009568434,0,22.0003429055214,91.8663948604039,34.0106107860417,64.7134103775024,46.7181215286255,48.3207372029622,27.2535229509805,84.5979779561361,7.8217058046444,0,22.6695777954199,0,0,0,0,0,47.9059410095215,0,52.816100698251,0,0,0,0,13.8947420081672,89.8298484802246,0,0,0,0,0,0,0,0,58.0748537069732,108.921751403809,5.71123822230213,0,5.11244000097116,0,0,35.9917674179537,14.3878396093937,107.184590657552,16.5657910973012,10.1660774105885,38.0753026002996,37.2588845110954,88.318115234375
