0,0,0.0378027606505017,0,0.0164546405919724,0,0,0,0.150763609707415,0,1.51097353875483e-05,0,0.00149706272805207,0,0.048925029550942,0,4.88957556123509e-05,0,0.0032713451036327,0,0.000178463612735517,0,0,0,0.000730693806805215,0,0.0138629660460592,0,0.000954380089275415,0,0,0,0,0,0.00047808531199879,0,4.74126245028628e-06,0,0.000792007993712905,0,0.000446360895875401,0,0.0061320662241133,0,0.000686076166254461,0,0.0162531763914605,0,0.0240448897743684,0,0.00459044510675593,0,0,0,0.02223335722404,0,9.16114025783935e-05,0,0.00104497526201587,0,0.0712657677963846,0,0,0.00152616095835233,0,0,0,0.00713364764616377,0,0.00858727581415791,0,6.30948838507422e-05,0,0.00445330165201602,0,0,0,0.000527295029262471,0,4.02338026501528e-05,0,0.00174638305877572,0.000522715961118384,3.67778592325106e-05,0.00957532989876357,0,0.000654154384157832
0,0,0,0.0996064639071712,0,0.00223965880446416,0,0,0,0.149936012914125,0,0,0,0.000167207373972091,0,0.0613988815951852,0,6.29512507749831e-05,0.00247788572331162,0.000100642792418127,0,4.20475445841615e-05,0,0.00515039082640008,0,0.00204204591278042,0,0.000469295542048715,0,0,0,0,0,4.98488186156765e-05,0,0,0,0.000242972160487523,0,0.0021364999096943,0,0.00587225616292964,0,0.0499225067910785,0,0.0177154786360033,7.92659031025142e-06,2.88374462435718e-05,0,0.0332392382376133,0,0.00168317279423998,0,0,0,0.0745253541958154,0,0.000266215653836157,0,0.000230788480322327,0,0.132593215743535,0.00165666764361032,0,0,0,0.0195584152343397,0,0.0346681385361854,0,0.00153520386890879,0,0.00159584694963663,0,0,0,0.000141890037876281,0,5.43993426612285e-05,0,0.000992597038042094,0,0.000790248374916587,2.3543406102596e-06,0.0130190694960848,0.00111786186570988,0
0.0378027606505017,0,0,0,0.0248089140538282,0,0,0,0.0778358951720513,0,0,0,0.000119338308522912,0,0.00826661466941438,0,1.05698936756448e-05,0,5.39027073105198e-05,0,6.25815672047371e-05,0,0,0,5.35574896383185e-05,0,0.00225105132490251,0,0.000321010662040987,0,0,0,0,0,0.000158770582483908,0,0.000261121233278393,0,6.96956886493695e-05,0,0.000144835984720227,0,1.18666182898086e-05,0,0,0,0.00852180666890642,0,0.0130258308962662,0,0.0127570785000185,0,0,0,0.0353846671412126,0,0.00155568317824638,0,0,0,0.0250401048336588,0,0,0,0,0,0,0.000485047170865737,0,0.00101346452785062,0,0,0,0.00100313097536485,0,0,0,8.3412605599738e-05,0,0.000152339224646047,0,0.000217617480665946,0.00017219367879275,0,0.00849070917400735,0,0
0,0.0996064639071712,0,0,0,0.013437283579543,0,0,0,0.0123818401830548,0,0,0,6.32603658177683e-05,0,0.00772309798643575,0,0,0.000307180703029041,5.33595234407014e-05,0,0,0,7.61247690598461e-05,0,0,0,2.09180988758276e-05,0,0,0,0,0,0.000117778147350243,0,2.18545947788401e-05,0,5.87492278795714e-05,0,0.000450499580187319,0,0.00114497375215087,0,0.00760550624557654,0,0.00698404979233604,0,0,0,0.0109744379378868,0,0.00424940007687795,0,0,0,0.0573986146025539,0,0.00199382627294269,0,0.00613413479637363,0,0.030514201203516,0.000359784490267029,0,0,0,0.000518192109775526,0,0.00137867562734706,0,0.000108915877996768,0,0.0014722713770915,0,0,0,0.000118742341860889,0,5.7959080932628e-06,0,0.000316176683774152,0,0.000127850722476396,2.17090574906277e-05,0.00922550460519958,0.000594335028230752,0
0.0164546405919724,0,0.0248089140538282,0,0,0,4.72137401551589e-05,0,0.0551257108426439,0,9.12308102181472e-05,0,0,0,0.00835636617188305,0,2.85542190691844e-06,0,0,0,0,0,0,0,0,0,0,0,0,0,0,0,0,0,0,0,0.00018606673499281,0,0,0,0,0,0,0,0,0,4.42859243963642e-05,0,0.00358837860261759,0,0.0715913531053891,0,0,0,0.0269770609021891,0,0.00288360112353259,0,0.000524196506489607,0,0.0131978131579746,0,0,0.00154086939169578,0,0,0,0,0,0,0,0,0,0,0,0,0,0,0,1.40560237453188e-05,0,0,0.0030890044540805,0.00130979647445227,0.00543002281118148,0,0
0,0.00223965880446416,0,0.013437283579543,0,0,0,0.0029754548232513,0,0.0068311896610211,0,0,0,0.000122410722752909,0,0.000464128849162137,0,0,0,0,0,0,0,0,0,0,0,0,0,0,0,0,0,0,0,0,0,0,0,0,0,0,0,0,0,0,0,0,0,0.000755034840437092,0,0.0689714726873164,0,0.00166906147460464,0,0.000223598271712432,0,0.00232202465607458,0,0.000355049971418635,0,0.00101974646249881,0.000352181687678892,0,0,0,0,0,0,0,3.98667192975377e-05,0,0,0,0,0,0,0,0,0,0,0,0.000644859857984239,0,0.00249324514392765,0,0
0,0,0,0,4.72137401551589e-05,0,0,0,0,0,0,0,0,0,0,0,0,0,0,0,0.00749822633244128,0,0,0,0,0,0,0,0,0,0,0,0,0,0,0,9.69964796137394e-06,0,0,0,0,0,0,0,0,0,0,0,0,0,0.00426541435800475,0,0.000292811055961087,0,0,0,0,0,0.00888084022975054,0,0,0,0,0.000337328085601826,0,0,0,0,0,0,0,0,0,0,0,0,0,0,0,0,0,0,5.19591723116922e-05,4.98491227455825e-05,0.000199301632840634,0,0
0,0,0,0,0,0.0029754548232513,0,0,0,0,0,0,0,0.00170994233506935,0,0,0,0,0,7.84325124526253e-05,0,0,0,0,0,0,0,0,0,0,0,0,0,0,0,0,0,0,0,0,0,0,0,0,0,0,0,0,0,0,0,0.000434994974005445,0,0.0186275956892293,0,0,0,0.00307236625036951,0,0.00112489741854356,0,0,0.000694789245014302,0,0,0,0,0,0,0,0,0,0,0,0,0,0,0,0,0,0,0,0.000426810801918921,0.000450492820909291,0.000206149143639354,0,0
0.150763609707415,0,0.0778358951720513,0,0.0551257108426439,0,0,0,0,0.000433058281502191,0.000105416238916621,0,3.81933268986025e-05,0,0.0672089853493756,0,0.00586219824208891,2.00687397768905e-05,0.0132492486467783,0,3.70225388819125e-05,0,0,0,0.0233863686878836,0,0.0206781727155567,0,0.000175792935082077,0,0,0,0,0,0.00103028352609509,0,2.26159522889583e-05,0,0.0038551840553014,0,0.000173165471246996,5.47848126549099e-05,0.00840598831852422,0,0.000417519953396834,5.16105313777996e-05,0.00413079355267622,0,0.0391165278943635,5.91358614053863e-05,0.0169983272603123,0,0,0,0.113373817893767,0,0.000433386459073731,0,0.000817853562931617,0,0.0415003497859458,0,0,0,0,0,0,0.0353279724641382,0,0.0197437793102711,0,0,0,0.0016874983175625,0,0,0,5.97787899683021e-05,0,0.000125255480949204,1.0856145110254e-05,0.00608687957801353,0.00452300536957965,0.000723732439263809,0.00737250909796986,0,0.00828883843946311
0,0.149936012914125,0,0.0123818401830548,0,0.0068311896610211,0,0,0.000433058281502191,0,0,0,0,0,0,0.0433157562144842,0,0.00250592223295747,0.0129529248186174,0.00103833197294085,0,0,0,0.060980848378496,0,0.0104427367445353,0,0,0,0,0,0,0,2.47326492072086e-05,0,0,0,0.00109028830855937,1.6650351549139e-05,0.000936711569189189,0,0.0206619406490916,0,0.00829703432417733,0,0.00167192684306697,0.00013748374893889,0,0,0.0354476843898096,0,0.00153783584093045,0,0,0,0.136520411170025,0,2.94535975582074e-05,0,5.7088339600172e-05,0,0.0410806511028355,0.000827229971065609,0,0,0,0.0437032602237664,0,0.0188265893614512,0,0.000392829116950636,0,0.00163550271667198,0,0,0,0.000134335860822255,0,7.6935324222142e-06,0,0.00318115081135862,0,0.00246784797678442,7.20423388092421e-05,0.0115108630873879,0.00621367666744605,0
1.51097353875483e-05,0,0,0,9.12308102181472e-05,0,0,0,0.000105416238916621,0,0,0,0.00266548934276355,0,0,0,0,0,0,0,0.043393484384022,0,0,0,0,0,0,0,0.000559508574960783,0,0.0126443728761254,0,0,0,0,0,3.06827287266018e-05,0,0.00323813625249463,0,0,0,1.61516605978484e-05,0,0,0,2.36249254798761e-05,0,0,0,0,0,0,0,0.000150897826506832,0,0.0985923722448693,0,0.00491600198160161,0,4.75318735747008e-05,0,0,0.00710421502274636,0,0,0,0,0,0,0,0.00279749641660374,0,0.033973219214764,0,0,0,0,0,0,0,0.00201280309481994,0.000534527731732385,0,0.000209047402065419,0,0
0,0,0,0,0,0,0,0,0,0,0,0,0,0.0115596101323529,0,0,0,0,0,0.0331041800326644,0,0,0,0,0,0,0,0.0081976420157754,0,0.0185937808193315,0,0,0,0,0,0.000129152838854049,0,0.00251694410244629,0,0,0,0,0,0,0,0.00108508480759996,0,0,0,0.00144254188035118,0,0,0,0,0,0,0,0.0652755482255487,0,0.0029361558274417,0,0,0.00799369731696575,0,0,0,0,0,0,0,0.00526131951754519,0,0.0327017938597436,0,0,0,0,0,0,0,0.00028743568058635,0,0.00105027663265925,0,0.000580592339854911,0,0
0.00149706272805207,0,0.000119338308522912,0,0,0,0,0,3.81933268986025e-05,0,0.00266548934276355,0,0,0,0.0208607542390953,0,0.00062057215289205,0,0,0,0,0,0,0,0,0,0.000919469633639724,0,0.00323123807797588,0,0,0,0,0,0,0,0,0,0,0,0,0,0,0,0,0,8.32381388513823e-06,0,9.45643116359444e-05,0,2.38129920420924e-05,0,0,0,0,0,0.00216639905743638,0,0.0220644461392217,0,0.0129493617413922,0,0,0,0,0,0,1.78486042260381e-05,0,9.48654724310802e-05,0,0.00772116802370942,0,0,0,0,0,0,0,0,0,0,0.000151068433206401,0.000471962371418375,1.87434582884774e-05,0,0
0,0.000167207373972091,0,6.32603658177683e-05,0,0.000122410722752909,0,0.00170994233506935,0,0,0,0.0115596101323529,0,0,0,0.00179940123563113,0,0.000366024293150089,0,0,0,0,0,0,0,0.00257457793002064,0,0.00539969269871726,0,0.000229027514706444,0,0,0,0,0,0,0,1.29089527822901e-05,0,0,0,0,0,0,0,0,0,0,0,0.00138030514823759,0,0.000385169950481241,0,0.00809322328136049,0,0,0,0.0033239023428559,0,0.0953807774124795,0,0.000748627812117819,0,0,0,0,0,0,0.00442398276290221,0,0.0125558456971037,0,0.000341369207718744,0,0,0,0,0,0,0,8.42437222948236e-06,0,0.000650773918753607,0.000816379843922832,0,0,0
0.048925029550942,0,0.00826661466941438,0,0.00835636617188305,0,0,0,0.0672089853493756,0,0,0,0.0208607542390953,0,0,0,0.0115008893884383,0,5.6214048987091e-05,0,0,0,0,0,0.0182148645347915,0,0.0692286953143489,0,0.00609655543542863,0,0,0,0,0,0,0,0,0,0.000103896099883616,0,2.22292740853793e-05,0,0.000277005706808103,0,4.29081530729765e-05,0,0.000430728952706406,0,0.00426142097039593,0,0.00444523182590249,0,0,0,0.0522546187697,0,0,0,0.00797069977802468,0,0.11232314239244,0,0,0,0,0,0,0.00757096876647036,0,0.0493998004282295,0,0,0,4.95568725778286e-05,0,0,0,0,0,0,0,7.29265215392895e-05,0.00264569392112788,0.00309239465658932,0.000743537410395481,0,0
0,0.0613988815951852,0,0.00772309798643575,0,0.000464128849162137,0,0,0,0.0433157562144842,0,0,0,0.00179940123563113,0,0,0,0.00101193383105652,0,0,0,2.97506240324134e-05,0,0.0189796779867508,0,0.0702412679521005,0,0.00175828268320439,0,0,0,0,0,0,0,0,0,3.32089772695868e-05,0,0,0,0,0,0,0,0,0,0,0,0.000296811180168602,0,0,0,0,0,0.0268280671650327,0,0.000137286054639323,0,0.000401265147229488,0,0.24014433756918,0,0,0,0,0.00803597201336721,0,0.0797753876602256,0,0.00155624804582652,0,0,0,0,0,0,0,0,0,0,0,0.00144149886996131,0.000422513239157773,6.126386529913e-05,0,0
4.88957556123509e-05,0,1.05698936756448e-05,0,2.85542190691844e-06,0,0,0,0.00586219824208891,0,0,0,0.00062057215289205,0,0.0115008893884383,0,0,0.0250232565636045,0.0163424213783514,0,0,0,0.00777770903241443,0,0.00352315910401271,0,0.0138382815749799,0,0.00214624694128322,0,0,0,0,0,0,0,0,0,5.13436110870191e-05,3.11650452362089e-06,4.03346511005932e-05,3.6083860258126e-05,0.000607330952795043,8.20551769819346e-05,0,1.07033841128793e-05,0.000995124207210272,0,0.000111284172683806,0,0,0,0,0,0.00118662122269239,0,0,0,1.59973956689625e-05,0,0.0112706237666048,0,0,1.14154178506913e-05,0,0.003549638475888,0,0.000198574732025336,0,0.00810515194754378,0,1.64635806102082e-05,0,0,0,0,0,0,0,1.50249044120935e-05,0,3.78471671484564e-05,0.024372972718935,0.0446836377978352,0.000878330888866672,0,2.33577956485604e-05
0,6.29512507749831e-05,0,0,0,0,0,0,2.00687397768905e-05,0.00250592223295747,0,0,0,0.000366024293150089,0,0.00101193383105652,0.0250232565636045,0,0.0292461040907278,1.93998617685035e-05,0,0.00517441945302523,0,0.000603226135104939,0.000179415360315746,0.018112080910403,0,0.00448851506519949,0,0,0,0,0,3.37358513097675e-05,0,0,0,3.76452915601747e-05,8.9262870217084e-06,0.000183545967360359,2.27435641433129e-05,0.00168705640039458,0.000169705003917894,0.00107324738875897,0,0.0010472452421337,0.000300959095407562,0,3.36056123347607e-05,0.000324789772910076,0,0,0,0,8.08252844937275e-05,0.00114376704912975,0,0,0,0,0,5.79746317343546e-05,1.46800139864183e-05,0,0.00101776835236069,0,0.000255916079410818,0,0.00516618250222266,0,0.000117957205349761,0,0,0,0,0,0,0,0,0,6.55302504132741e-05,3.81077233843143e-05,0.0322779210173549,0.0585388656337575,0.000823971564812984,0.000193948378105795,0
0.0032713451036327,0.00247788572331162,5.39027073105198e-05,0.000307180703029041,0,0,0,0,0.0132492486467783,0.0129529248186174,0,0,0,0,5.6214048987091e-05,0,0.0163424213783514,0.0292461040907278,0,0,0.000120507611685462,0,0,0.00228740348829366,0.00173272787027525,0,0.000305990204600635,0,0,0,0,0,0,8.97214489613361e-06,0.000229405283961069,1.27355245795563e-05,3.3374495041718e-05,0.00109748028934598,0.00215213222726524,0.00204735093073527,0.000369916507417705,0.038678727507852,0.047778750249259,0.0173554831061985,0.000533383577679703,0.0114445008529239,0.0293881471509058,1.62263874045458e-05,0.00422077869347779,0.0079381830861645,0,0,0,0,0.00401972789810849,0.00672897968633241,3.05600536549049e-05,0,0,0,4.88024407189179e-05,0,6.16481143348867e-05,6.14518679286783e-05,0,0,0.00171657620361521,0.00203475766573556,0.000116052431208723,0.000183161191872792,1.4534858502873e-05,0,4.09296436900883e-05,0.000138612805960217,0,0,5.50574028560796e-05,5.17478494876225e-05,8.75957450740874e-06,0.0001010080589021,0.00166713439140551,0.00385243535553289,0.0300954815861729,0.0142206164056051,0.021412445567808,0.00704855620023637,0.00506882031844731
0,0.000100642792418127,0,5.33595234407014e-05,0,0,0,7.84325124526253e-05,0,0.00103833197294085,0,0.0331041800326644,0,0,0,0,0,1.93998617685035e-05,0,0,0,0,0,0,0,0,0,0,0,0.002351384801967,0,0,0,6.04909638988018e-05,0,0.00569127203392118,0,0.00651569229432948,0,0.0016912919394455,0,0.000183198561131892,0,0.00024456829407417,0,0.0123966728140663,0,0,0,0.00309914016046176,0,0,0,0,0,0.000389857008000022,0,0.0115704071393106,0,0.000270190385159553,0,0.000128254093217227,0.143544905523201,0,0,0,0,0,0,0,0,0,0.0246202538327529,0,0,0,4.23256781109261e-05,0,0.000849815953994614,0,0.00720712943689733,0,0.00255901312138455,0,0.00255888758909487,0,0
0.000178463612735517,0,6.25815672047371e-05,0,0,0,0.00749822633244128,0,3.70225388819125e-05,0,0.043393484384022,0,0,0,0,0,0,0,0.000120507611685462,0,0,0,0,0,0,0,7.06277512979572e-05,0,0,0,0.000128031839088608,0,0,0,0.000237120113617588,0,0.00432253807490672,0,0.00769234641134503,0,0.000966115451288251,0,6.41815413285564e-05,0,1.49952476023571e-05,0,0.0308785200366846,0,0.000291176268714063,0,0,0,0,0,0,0,0.0219002586723861,0,0,0,0,0,0,0.232093564523427,0,0,0,0,0,2.31882214731783e-05,0,0,0,0.000776663105624168,0,0,0,4.15507073308514e-05,0,0.00120767103652127,0,0.00249875246659503,0.00358844765999474,0.00043286524788148,0.00252104435587049,0,0
0,4.20475445841615e-05,0,0,0,0,0,0,0,0,0,0,0,0,0,2.97506240324134e-05,0,0.00517441945302523,0,0,0,0,0.00205783785902164,0.00900918757891135,0.000319129115966171,0.00700865704140547,0,0.00294491093769246,0,0,0,0,0,0,0,0,0,0.00421649182943164,0.000448752209193933,0,0,1.99997815230224e-05,0,0,0,3.79544672823666e-06,0,3.22632821869787e-06,0,0.00185097217153215,0,0,0,0,0,0,0,3.83204227395596e-06,0,2.96783412985406e-05,0,0.000122100836167707,0,0,0.0801523592016519,0.000209113331702324,0.00294220582765346,4.66634758049505e-05,0.0083492790580688,4.24537823420291e-06,0.00289185386430958,0,0,0,0,0,0,0,0,0,0.000731802157279053,2.85378931650064e-05,0.00690579376178145,0.00284782399145082,1.98248159340218e-06,0,0
0,0,0,0,0,0,0,0,0,0,0,0,0,0,0,0,0.00777770903241443,0,0,0,0,0.00205783785902164,0,0.000247715884614329,0.00266678814289122,0,0.014183395850867,0,1.33506891870638e-05,0,0,0,0,0,0,0,0,2.04376681555553e-05,0.00465172654892233,0,0,0,3.50335325325913e-05,0,0,0,0,2.20543703474599e-05,0.000173878332342785,0,0,0,0,0,0,0,0,0,0,0,0,0,0,0,0.000163109791752401,0.0712054174859551,3.96064727600028e-05,0.00199941165504093,0,0.00520985106719817,0,0.000217101342354989,0,0,0,0,0,0,0,0,7.06837649056464e-06,0.00225496350035896,0.00668996135362105,0.00162563079453183,2.21852017658769e-06,0,0
0,0.00515039082640008,0,7.61247690598461e-05,0,0,0,0,0,0.060980848378496,0,0,0,0,0,0.0189796779867508,0,0.000603226135104939,0.00228740348829366,0,0,0.00900918757891135,0.000247715884614329,0,0.00116127104863552,0.148996024468997,0,0.000121078756655205,0,0,0,0,0,0,0,0,0,0.00312203958460336,7.56053259038261e-05,0.000130149031288431,0,0.00797165017029855,0,0.000180217774524948,0,0.000664787671614784,0,0,0,0.00287648935004645,0,0,0,0,0,0.0426793763725492,0,0,0,0,0,0.0370252651463099,0,0,0.0110235017995573,0.000176705293586116,0.189412282887118,0,0.092211623075994,0,0.000526688813782808,0,0,0,0,0,0,0,0,0,0.000910734657735292,9.23325233539009e-06,0.00259012085467201,3.52754871468853e-05,0.00461869604458803,0.00174005903333007,0
0.000730693806805215,0,5.35574896383185e-05,0,0,0,0,0,0.0233863686878836,0,0,0,0,0,0.0182148645347915,0,0.00352315910401271,0.000179415360315746,0.00173272787027525,0,0,0.000319129115966171,0.00266678814289122,0.00116127104863552,0,0,0.0342381431218958,0,0,0,0,0,0,0,2.47243373665944e-05,0,0,0.000100537011509665,0.00388755247965886,0,0.000238974998922725,6.13194204762765e-05,0.00641418842550257,0,0,0,0.000655445088680794,0,0.0037955121057937,0,0,0,0,0,0.0162377243408521,0,0,0,0,0,0.0205439002921029,0,0,0,9.65194656492219e-05,0.0034516972088251,0.000433904350258918,0.151344985584792,0,0.0627053494679078,0,0,0,0,0,0,0,0.000150162834100075,0,0,4.29873997258006e-05,0.00179921830305619,0.00241014685732795,1.14275354417902e-05,0.00128851585215067,0,0.00182112799669626
0,0.00204204591278042,0,0,0,0,0,0,0,0.0104427367445353,0,0,0,0.00257457793002064,0,0.0702412679521005,0,0.018112080910403,0,0,0,0.00700865704140547,0,0.148996024468997,0,0,0,0.0328254739709133,0,0,0,0,0,0,0,0,0,2.05462429832239e-05,0,0,0,0,0,0,0,4.09049311914027e-05,0,0,0,0.000268408309636961,0,0,0,0,0,0.00265563669416869,0,4.99793520633504e-05,0,0.00289078013917395,0,0.088748683316378,6.6463877683204e-05,0,0.0125631290723246,0,0.0289368614753859,0,0.270269479465715,0,0.0346762540151171,0,0,0,0,0,0,0,0,0,0,0,0.00401244127069035,0,4.78531254814269e-05,0,0
0.0138629660460592,0,0.00225105132490251,0,0,0,0,0,0.0206781727155567,0,0,0,0.000919469633639724,0,0.0692286953143489,0,0.0138382815749799,0,0.000305990204600635,0,7.06277512979572e-05,0,0.014183395850867,0,0.0342381431218958,0,0,0,0.0136534666343314,0,0,0,0,0,0,0,0,0,7.57800434008189e-05,0,0.000385035629953094,0,9.05475805560998e-05,0,5.97473846057899e-05,0,0.000397809433694224,0,0.00138800130045734,0,0,0,0,0,0.0173832089292626,0,7.75640769135608e-05,0,0,0,0.0887832731357036,0,0,8.01177479356276e-05,0,0.0116116713978024,0,0.0188748165757022,0,0.207390240278905,0,0.00147193171461824,0,0.000254377019491964,0,0,0,9.66899202552336e-05,0,0,0,8.43803906689134e-05,0.000983443913675604,0,0.000592383883261844,0,0
0,0.000469295542048715,0,2.09180988758276e-05,0,0,0,0,0,0,0,0.0081976420157754,0,0.00539969269871726,0,0.00175828268320439,0,0.00448851506519949,0,0,0,0.00294491093769246,0,0.000121078756655205,0,0.0328254739709133,0,0,0,0.020913855228496,0,0,0,0,0,0,0,0.000773811544586609,0,0,0,0,0,0,0,1.41171773826005e-05,0,0,0,0.00027620870552956,0,0,0,0,0,9.1972341530907e-05,0,0.00065475196836573,0,0.0187432682970555,0,0.00357670685035156,0,0,0.00383668186060446,0,0,0,0.0161722265390109,0,0.100358255765604,0,0.00222790900066589,0,0,0,0,0,0,0,0.00137049161156597,0,0.00350843244571477,0.00344375305867319,4.96685745787675e-05,0,0
0.000954380089275415,0,0.000321010662040987,0,0,0,0,0,0.000175792935082077,0,0.000559508574960783,0,0.00323123807797588,0,0.00609655543542863,0,0.00214624694128322,0,0,0,0,0,1.33506891870638e-05,0,0,0,0.0136534666343314,0,0,0,0.0103279910828394,0,0,0,0,0,0,0,0.000611809927415602,0,0,0,2.10478607232757e-05,0,1.05063515394382e-05,0,3.41991879150846e-05,0,0.000205602636243093,0,0,0,0,0,0.00042310970712198,0,0.000111820180732611,0,0.00242780648468753,0,0.00366345348179395,0,0,0,0,0,0,0,0,0.00787489779315551,0,0.0676029117887644,0,0.00610384137046453,0,0,0,0,0,0,0,0.000646187556477646,0.000308859933624793,0.00164442221585213,4.6777755623188e-05,0,0
0,0,0,0,0,0,0,0,0,0,0,0.0185937808193315,0,0.000229027514706444,0,0,0,0,0,0.002351384801967,0,0,0,0,0,0,0,0.020913855228496,0,0,0,0,0,0,0,0,0,0.00214615959484624,0,0,0,0,0,0,0,8.21939929873737e-06,0,0,0,0.00156252856663512,0,0,0,0,0,0,0,0.00563141977222228,0,0.000286206117272993,0,0,6.33643881282566e-05,0,0,0,0,0,0,0,0.0283575434630839,0,0.0796483528193791,0,0,0,0,0,0,0,0.00278548175478641,0,0.000679352748529797,2.46930244653186e-05,0,0,0
0,0,0,0,0,0,0,0,0,0,0.0126443728761254,0,0,0,0,0,0,0,0,0,0.000128031839088608,0,0,0,0,0,0,0,0.0103279910828394,0,0,0,0,0,0,0,0,0,0.00462100951558917,0,0,0,0,0,0,0,0,0,3.16478469947841e-05,0,0,0,0,0,0,0,0.00546404654856247,0,0.000132697031501737,0,0,0,0,2.82261676447975e-05,0,0,0,0,0,0,0,0.00581300840364437,0,0.121700677724472,0,0,0,0,0,0,0,0.00287832196103818,0.000340838820959122,0.000354163876511421,1.8876204661001e-05,0,0
0,0,0,0,0,0,0,0,0,0,0,0,0,0,0,0,0,0,0,0,0,0,0,0,0,0,0,0,0,0,0,0,0.00767573689202159,0,0,0.000267661549778959,0,0,0,0,0,0,0,0,0,0,0,0.00933054877548511,0,0,0,0,0,0,0,0,0,0,0,0,0,0,0,0,0,0,0,0,0,0,0,0,0,0,0.0716477304830763,0,0,0,0.000270196221311259,0,0,0,7.98053788444313e-05,0,0,0,0
0,0,0,0,0,0,0,0,0,0,0,0,0,0,0,0,0,0,0,0,0,0,0,0,0,0,0,0,0,0,0,0.00767573689202159,0,0,0,0,0,0,0,0,0,0,0,0,0,0,0,0.00883845246404277,0,0,0,0,0,0,0,0,0,0,0,0,0,0,0,0,0,0,0,0,0,0,0,0,0,0,0,0.000904306500615905,0,0,0,0.000179127260946226,0,0,0,0,0,0,0
0,4.98488186156765e-05,0,0.000117778147350243,0,0,0,0,0,2.47326492072086e-05,0,0,0,0,0,0,0,3.37358513097675e-05,8.97214489613361e-06,6.04909638988018e-05,0,0,0,0,0,0,0,0,0,0,0,0,0,0,0.0153600795981117,0.00267053443673317,0,0.00405089591878397,0,7.5727300958032e-05,0,0,0,0,0,6.63080603220748e-05,0,0.0358056366323663,0,0.0101522819250456,0,0,0,0,0,1.73508302915508e-05,0,0,0,0,0,0,0.000671970061027432,0,0,0,0,0,0,0,0,0,0,0,7.25758924100045e-05,0,0.195236304399384,0,0.000533368841123868,0,0.0042410261558117,1.00943653727225e-05,0.000346477161689155,0,0.000109610544503421,0,0
0.00047808531199879,0,0.000158770582483908,0,0,0,0,0,0.00103028352609509,0,0,0,0,0,0,0,0,0,0.000229405283961069,0,0.000237120113617588,0,0,0,2.47243373665944e-05,0,0,0,0,0,0,0,0,0.0153600795981117,0,0,0.00101837161365704,0,0.00322664601867275,0,0.000704602449138326,0,0.000131472191567389,0,0,5.33572418895536e-06,0.000696404665666779,0.0467464065660031,0.026611423992012,0,0,0,0,0,2.83724560691152e-05,0,0,0,0,0,0.000196626027038294,0,0,0.000397223139340451,0,0,0,7.06465846385552e-05,0,0,0,0,0,0,0,0,0.000179513241271061,0.137555521996768,0,5.96786471500254e-05,0,0.00462634080641426,0.000262577708514008,0,0.00218878928519455,0,0
0,0,0,2.18545947788401e-05,0,0,0,0,0,0,0,0.000129152838854049,0,0,0,0,0,0,1.27355245795563e-05,0.00569127203392118,0,0,0,0,0,0,0,0,0,0,0,0.000267661549778959,0,0.00267053443673317,0,0,0,0.00286500810454998,0,2.10426765447052e-05,0,0,0,0,0,0.000841137887715088,0,0.000357559166391982,0,0.000354503751654637,0,4.63918626438856e-06,0,0,0,0,0,1.06963510388184e-05,0,2.47431110008167e-05,0,1.35182127970378e-05,0.00336441514127597,0,0,0,0,0,0,0,0,0,0,0,0.00119485338059673,0,0.00141050877736705,0,0.0123200115615447,0,0.00224634340600349,0,0.00107420712520078,0,0.000730554568461996,0,0
4.74126245028628e-06,0,0.000261121233278393,0,0.00018606673499281,0,9.69964796137394e-06,0,2.26159522889583e-05,0,3.06827287266018e-05,0,0,0,0,0,0,0,3.3374495041718e-05,0,0.00432253807490672,0,0,0,0,0,0,0,0,0,0,0,0,0,0.00101837161365704,0,0,0,0.00071365711041143,0,0.000487088821176298,0,1.27982401724472e-05,0,0,0,0.000896191462086409,0.000106841747050542,0.000490034689491085,0,0,0,0,0,0,0,0,0,0,0,8.93856911142512e-06,0,0,0.00323660895705597,0,0,0,4.99365973727752e-06,0,8.84064021486244e-06,0,0,0,0,0,0,0,0.000129452509462633,0,0.0135509052494456,0,0.00212174318563594,0.000988006272877082,3.96481984691938e-05,0.000728982994919689,0,0
0,0.000242972160487523,0,5.87492278795714e-05,0,0,0,0,0,0.00109028830855937,0,0.00251694410244629,0,1.29089527822901e-05,0,3.32089772695868e-05,0,3.76452915601747e-05,0.00109748028934598,0.00651569229432948,0,0.00421649182943164,2.04376681555553e-05,0.00312203958460336,0.000100537011509665,2.05462429832239e-05,0,0.000773811544586609,0,0.00214615959484624,0,0,0,0.00405089591878397,0,0.00286500810454998,0,0,0.00229820078105102,0.000224001672715975,0,0.00307494631635289,0,0.000112827506639236,0,0.000365704917181805,0,0.000647126658671997,0,0.00407776387050404,0,0,0,0,0,0.00135595305383368,0,0.000122487378352339,0,5.98914182353e-06,0,0.000103096290233371,0.00152028492564277,0,0.00201778363029249,0,0.00386155060993848,1.02497365700702e-05,0.000148397694393207,2.48814632251067e-06,0.000823752958851556,0,0.00440630384372323,0,0,0,0.000797316210082442,0,0.00139190097312098,0,0.0694816598583138,0.00104025664138491,0.00322300577998564,0.000914704753517609,0.00163248659606709,0.000353233946157188,0
0.000792007993712905,0,6.96956886493695e-05,0,0,0,0,0,0.0038551840553014,1.6650351549139e-05,0.00323813625249463,0,0,0,0.000103896099883616,0,5.13436110870191e-05,8.9262870217084e-06,0.00215213222726524,0,0.00769234641134503,0.000448752209193933,0.00465172654892233,7.56053259038261e-05,0.00388755247965886,0,7.57800434008189e-05,0,0.000611809927415602,0,0.00462100951558917,0,0,0,0.00322664601867275,0,0.00071365711041143,0.00229820078105102,0,0,0.000240225021690288,1.05184198871852e-05,0.00510827008248147,0,1.52849193236413e-05,1.11568104315708e-05,0.0012145663668458,0.00011419909441939,0.00597467600038412,0,0,0,0,0,0.00212191541261943,1.38957317724012e-05,0.000357481197429503,0,0,0,8.35636494106338e-05,0,0,0.000738047624831365,1.35633783733162e-05,0.00161030316173452,5.53893053042721e-05,0.00177772369230396,0,0.00012089391654098,0,0.000607331733001981,0,0.00256862809914371,0,0,0,0.000920045474080793,0,0.00140626403636734,0.000763036314840254,0.070230402842389,0.0043551295964149,0.000552281174421228,0.00347112490646046,0,0.000535006483266588
0,0.0021364999096943,0,0.000450499580187319,0,0,0,0,0,0.000936711569189189,0,0,0,0,0,0,3.11650452362089e-06,0.000183545967360359,0.00204735093073527,0.0016912919394455,0,0,0,0.000130149031288431,0,0,0,0,0,0,0,0,0,7.5727300958032e-05,0,2.10426765447052e-05,0,0.000224001672715975,0,0,0.00043450139362288,0.0100690173024895,0,0.00506944590002292,0,0.0274633793857699,0.000206668536597641,2.83861739218264e-05,0,0.0698510233859451,0,0,0,0,0,0.000157683687478678,0,0,0,0,0,0,0.00771691907206066,0,0,0,0.000367951337312163,0,0.000125108824460868,0,0,0,9.15786372964363e-05,0,0,0,2.53923295761584e-05,0,0.0021776959762317,0,0.000523832494937917,0,0.000347508629014253,5.93295426757916e-05,0.0376682972259886,0.00353739513945128,0
0.000446360895875401,0,0.000144835984720227,0,0,0,0,0,0.000173165471246996,0,0,0,0,0,2.22292740853793e-05,0,4.03346511005932e-05,2.27435641433129e-05,0.000369916507417705,0,0.000966115451288251,0,0,0,0.000238974998922725,0,0.000385035629953094,0,0,0,0,0,0,0,0.000704602449138326,0,0.000487088821176298,0,0.000240225021690288,0.00043450139362288,0,1.32400942428603e-05,0.000600632921545021,0,3.20799403851037e-05,0.000446750804884404,0.0145748371621759,0.00074513880285645,0.0190407059869267,0,0,0,0,0,0.000311531658965685,0,0,0,0,0,0,0,0,0.00497306189014787,0,0,0,0.000220771800018043,0,2.04032972269884e-05,0,0,0,0,0,0,0,0.000457120020631609,0,0.000229006362865596,0,0.000286111148779652,0.000188831437433285,0,0.0345682155856987,0,0.000100750442326186
0,0.00587225616292964,0,0.00114497375215087,0,0,0,0,5.47848126549099e-05,0.0206619406490916,0,0,0,0,0,0,3.6083860258126e-05,0.00168705640039458,0.038678727507852,0.000183198561131892,0,1.99997815230224e-05,0,0.00797165017029855,6.13194204762765e-05,0,0,0,0,0,0,0,0,0,0,0,0,0.00307494631635289,1.05184198871852e-05,0.0100690173024895,1.32400942428603e-05,0,0.0128573996962929,0.0219870348884902,0,0.0355437359382388,9.28550450085396e-05,0.00156212807449801,1.33579524957897e-05,0.018437805729859,0,0,0,0,0,0.00697800509517516,0,0.000732605776023365,0,0,0,0.000192589406841078,0.0015001705283434,0,0,0,0.00566505403600851,0,0.000131148897679693,0,0,0,0.00102568890868524,0,0,0,0,0,3.31862978913965e-05,0,0.00112059138489054,0,0.0108102379145901,0.000474810486909105,0.0470548181141969,0.0282086569679087,7.91692488858869e-06
0.0061320662241133,0,1.18666182898086e-05,0,0,0,0,0,0.00840598831852422,0,1.61516605978484e-05,0,0,0,0.000277005706808103,0,0.000607330952795043,0.000169705003917894,0.047778750249259,0,6.41815413285564e-05,0,3.50335325325913e-05,0,0.00641418842550257,0,9.05475805560998e-05,0,2.10478607232757e-05,0,0,0,0,0,0.000131472191567389,0,1.27982401724472e-05,0,0.00510827008248147,0,0.000600632921545021,0.0128573996962929,0,0.000100643820711164,0.00273276325450812,4.23638789856422e-05,0.052882125161688,0.00240237430675611,0.0304069084257159,8.04678501345837e-05,0,0,0,0,0.00262068143720637,2.41506781149259e-05,0,0,0,0,0.000303803468750237,0,0,3.39311117738619e-05,0,0,0,0.00356689402218931,0,0.000137792042539073,0,0,0,0.000247725652796024,0,0,0,9.39718794298843e-05,0,5.41755133844318e-05,0,0.00484049648980736,0.0111859680395655,4.68154552854618e-05,0.0294390869510205,1.11308856293042e-05,0.0215579825524911
0,0.0499225067910785,0,0.00760550624557654,0,0,0,0,0,0.00829703432417733,0,0,0,0,0,0,8.20551769819346e-05,0.00107324738875897,0.0173554831061985,0.00024456829407417,0,0,0,0.000180217774524948,0,0,0,0,0,0,0,0,0,0,0,0,0,0.000112827506639236,0,0.00506944590002292,0,0.0219870348884902,0.000100643820711164,0,0,0.071205066230078,0.000345236240521009,0,1.95360055637447e-05,0.00855906247605273,0,0,0,0,0.000673499471008865,0.0028159587325091,0,0,0,0,0,0.000195891224292977,0.000592571340474511,0,0,0,0.000798426192966527,0,0.00137296345720968,0,1.51496191980526e-05,0,0.000608072521532603,0,0,0,0,0,1.2093656414824e-05,5.79531013000984e-06,0.000402435943567396,2.42490949948692e-05,0.00228962306973681,0.000289449076025818,0.0130365999224681,0.00340850920446849,0
0.000686076166254461,0,0,0,0,0,0,0,0.000417519953396834,0,0,0,0,0,4.29081530729765e-05,0,0,0,0.000533383577679703,0,1.49952476023571e-05,0,0,0,0,0,5.97473846057899e-05,0,1.05063515394382e-05,0,0,0,0,0,0,0,0,0,1.52849193236413e-05,0,3.20799403851037e-05,0,0.00273276325450812,0,0,0,0.00315039022231916,0,0.000377699524192154,0,0,0,0,0,0.00027338742557094,0,0,0,0,0,0.00017823500155595,0,0,0,0,0,0,0.000157261296652704,0,4.54806814352325e-05,0,0,0,0,0,0,0,0,0,0,0,1.70737769064998e-05,8.43310493548823e-05,0,0.000575472122819312,0,0
0,0.0177154786360033,0,0.00698404979233604,0,0,0,0,5.16105313777996e-05,0.00167192684306697,0,0.00108508480759996,0,0,0,0,1.07033841128793e-05,0.0010472452421337,0.0114445008529239,0.0123966728140663,0,3.79544672823666e-06,0,0.000664787671614784,0,4.09049311914027e-05,0,1.41171773826005e-05,0,8.21939929873737e-06,0,0,0,6.63080603220748e-05,5.33572418895536e-06,0.000841137887715088,0,0.000365704917181805,1.11568104315708e-05,0.0274633793857699,0.000446750804884404,0.0355437359382388,4.23638789856422e-05,0.071205066230078,0,0,0.00022549183876504,4.24762522354609e-05,0,0.0149548764359397,0,0,0,0,0.000103922273440749,0.000811354610611083,0,0.000872015030531167,0,0.000177293478536975,0,0.000204375630932251,0.134167230403476,0,0,0,0.0011188772855308,8.76530861988849e-05,0.00153097244061346,0,0.000168948887927326,0,0.00171008358144264,0,0,0,7.97134538171283e-05,0,0.000419355916526862,0,0.000906613565948319,3.2990906419967e-05,0.00181231433027544,0.000151165960935375,0.0750275432842567,0.00293591124609368,2.57552987789478e-05
0.0162531763914605,7.92659031025142e-06,0.00852180666890642,0,4.42859243963642e-05,0,0,0,0.00413079355267622,0.00013748374893889,2.36249254798761e-05,0,8.32381388513823e-06,0,0.000430728952706406,0,0.000995124207210272,0.000300959095407562,0.0293881471509058,0,0.0308785200366846,0,0,0,0.000655445088680794,0,0.000397809433694224,0,3.41991879150846e-05,0,0,0,0,0,0.000696404665666779,0,0.000896191462086409,0,0.0012145663668458,0.000206668536597641,0.0145748371621759,9.28550450085396e-05,0.052882125161688,0.000345236240521009,0.00315039022231916,0.00022549183876504,0,0,0.0110552872381338,5.88717495785293e-05,0,0,0,0,0.000761096220734269,0,9.8056250678235e-05,0,0,0,0.000993732051420198,0,0,0.124739640603306,0,0,0,0.00177992917667223,0,0.000641347854903849,0,0,0,0.00161659448962792,0,0,0,0.000121701554008612,0,0.000605342940101236,1.4827689833616e-05,0.00313330783906727,0.00296865828853637,0.00019231420771645,0.0622639917209018,0,0.00862642213326628
0,2.88374462435718e-05,0,0,0,0,0,0,0,0,0,0,0,0,0,0,0,0,1.62263874045458e-05,0,0,3.22632821869787e-06,2.20543703474599e-05,0,0,0,0,0,0,0,0,0.00933054877548511,0.00883845246404277,0.0358056366323663,0.0467464065660031,0.000357559166391982,0.000106841747050542,0.000647126658671997,0.00011419909441939,2.83861739218264e-05,0.00074513880285645,0.00156212807449801,0.00240237430675611,0,0,4.24762522354609e-05,0,0,0.0384167163763541,0.0198595237568389,0,0,0,0,0,0.000143523381945147,0,0,0,0,0,0,2.32698231175195e-05,0,0,0,0,0,0,0,0,0,0,0,0.00786763106006261,0.00195257140165254,0.0300684064522341,0.0165792854843959,6.20714253458937e-05,5.18280291779269e-05,0.00245314882023689,0.000353843411689734,0.0029472715173892,3.39540772892067e-06,0.00506984248530697,0,0
0.0240448897743684,0,0.0130258308962662,0,0.00358837860261759,0,0,0,0.0391165278943635,0,0,0,9.45643116359444e-05,0,0.00426142097039593,0,0.000111284172683806,3.36056123347607e-05,0.00422077869347779,0,0.000291176268714063,0,0.000173878332342785,0,0.0037955121057937,0,0.00138800130045734,0,0.000205602636243093,0,3.16478469947841e-05,0,0,0,0.026611423992012,0,0.000490034689491085,0,0.00597467600038412,0,0.0190407059869267,1.33579524957897e-05,0.0304069084257159,1.95360055637447e-05,0.000377699524192154,0,0.0110552872381338,0.0384167163763541,0,0.000233492106972613,0.000625886710242381,0,0,0,0.0512596196517163,0,0.00329943482494129,0,0.000607706855184209,0,0.00925379873105281,0,0,0.00404415537393757,0,0,0,0.0155825938134703,0,0.0107622535957725,0,0.0123815792499469,0,0.00328995824892576,0,0.00143003081712033,0,0.0377951540754305,0,0.000436957737013021,0,0.0157898249567969,0.00139689751799455,2.58848244357211e-06,0.022082082715081,0,0.00205488162213272
0,0.0332392382376133,0,0.0109744379378868,0,0.000755034840437092,0,0,5.91358614053863e-05,0.0354476843898096,0,0.00144254188035118,0,0.00138030514823759,0,0.000296811180168602,0,0.000324789772910076,0.0079381830861645,0.00309914016046176,0,0.00185097217153215,0,0.00287648935004645,0,0.000268408309636961,0,0.00027620870552956,0,0.00156252856663512,0,0,0,0.0101522819250456,0,0.000354503751654637,0,0.00407776387050404,0,0.0698510233859451,0,0.018437805729859,8.04678501345837e-05,0.00855906247605273,0,0.0149548764359397,5.88717495785293e-05,0.0198595237568389,0.000233492106972613,0,0,0.000157037427186275,0,0,0,0.0596082785732988,0,0.00917197649715317,0,0.00141783018653655,0,0.00433911617127705,0.00911432629052978,0,0.000162743117766236,0,0.00792283812530522,0,0.0161762239063188,0,0.0345713659810708,0,0.0101199540901308,0,0,0,0.01491285445623,0,0.000656462627563347,0,0.0134563966559386,0,0.00290294421786257,3.88413150438973e-05,0.0435071908660053,0.0015484637846632,0
0.00459044510675593,0,0.0127570785000185,0,0.0715913531053891,0,0.00426541435800475,0,0.0169983272603123,0,0,0,2.38129920420924e-05,0,0.00444523182590249,0,0,0,0,0,0,0,0,0,0,0,0,0,0,0,0,0,0,0,0,0,0,0,0,0,0,0,0,0,0,0,0,0,0.000625886710242381,0,0,0,0.00360993211309137,0,0.00103010266963756,0,0.0107355941677842,0,0.000705708636628576,0,0.00293214055165033,0,0,0,0,0,0,0,0,0,0,0,0,0,0,0,0,0,0,0,0,0,0.00055575051522236,0.000337463659625003,0.00127269384572404,0,0
0,0.00168317279423998,0,0.00424940007687795,0,0.0689714726873164,0,0.000434994974005445,0,0.00153783584093045,0,0,0,0.000385169950481241,0,0,0,0,0,0,0,0,0,0,0,0,0,0,0,0,0,0,0,0,0,4.63918626438856e-06,0,0,0,0,0,0,0,0,0,0,0,0,0,0.000157037427186275,0,0,0,0.00225351487786554,0,0,0,0.00345261831460552,0,6.58197004165589e-05,0,0.000517249636736569,2.58138524331271e-05,0,0,0,0,0,0,0,0,0,0,0,0,0,0,0,0,0,0,0,5.76865201741226e-05,0,0.0002838444217814,0,0
0,0,0,0,0,0,0.000292811055961087,0,0,0,0,0,0,0,0,0,0,0,0,0,0,0,0,0,0,0,0,0,0,0,0,0,0,0,0,0,0,0,0,0,0,0,0,0,0,0,0,0,0,0,0.00360993211309137,0,0,0,0,0,0.0012113382410579,0,0.00524022907443228,0,0,0,0,0,0,0,0,0,0,0,0,0,0,0,0,0,0,0,0,0,0,0,0,0,0,0,0
0,0,0,0,0,0.00166906147460464,0,0.0186275956892293,0,0,0,0,0,0.00809322328136049,0,0,0,0,0,0,0,0,0,0,0,0,0,0,0,0,0,0,0,0,0,0,0,0,0,0,0,0,0,0,0,0,0,0,0,0,0,0.00225351487786554,0,0,0,0,0,0.00572287149773782,0,0.00100514687465854,0,0,0,0,0,0,0,0,0,0,0,0,0,0,0,0,0,0,0,0,0,0,0.000230672997676079,4.77141022621e-05,5.60936870272095e-05,0,0
0.02223335722404,0,0.0353846671412126,0,0.0269770609021891,0,0,0,0.113373817893767,0,0.000150897826506832,0,0,0,0.0522546187697,0,0.00118662122269239,8.08252844937275e-05,0.00401972789810849,0,0,0,0,0,0.0162377243408521,0,0.0173832089292626,0,0.00042310970712198,0,0,0,0,0,2.83724560691152e-05,0,0,0,0.00212191541261943,0,0.000311531658965685,0,0.00262068143720637,0.000673499471008865,0.00027338742557094,0.000103922273440749,0.000761096220734269,0,0.0512596196517163,0,0.00103010266963756,0,0,0,0,0,0,0,0.000138380789328617,0,0.0253913239019976,0,0,2.56847130154503e-05,0,0,0,0.0493574841193336,0,0.0179789301839197,0,1.69532793217238e-05,0,0.00154429332836893,0,0,0,0,0,0,0,0.00294851525572721,0.000876308868281654,3.2923364399627e-05,0.00516275688742738,0,0.00247671000410704
0,0.0745253541958154,0,0.0573986146025539,0,0.000223598271712432,0,0,0,0.136520411170025,0,0,0,0,0,0.0268280671650327,0,0.00114376704912975,0.00672897968633241,0.000389857008000022,0,0,0,0.0426793763725492,0,0.00265563669416869,0,9.1972341530907e-05,0,0,0,0,0,1.73508302915508e-05,0,0,0,0.00135595305383368,1.38957317724012e-05,0.000157683687478678,0,0.00697800509517516,2.41506781149259e-05,0.0028159587325091,0,0.000811354610611083,0,0.000143523381945147,0,0.0596082785732988,0,0,0,0,0,0,0,0,0,0,0,0.0196777334601342,0.000306014243509308,0,0,0,0.120238388413422,0,0.0107295839854815,0,0.000334284885909548,0,0.00175115469975534,0,0,0,0,0,0,0,0.0018229488412565,0,0.000755865392646213,9.57808242951742e-06,0.0145380439763782,0.00415920535072162,0.000127689500501247
9.16114025783935e-05,0,0.00155568317824638,0,0.00288360112353259,0,0,0,0.000433386459073731,0,0.0985923722448693,0,0.00216639905743638,0,0,0,0,0,3.05600536549049e-05,0,0.0219002586723861,0,0,0,0,0,7.75640769135608e-05,0,0.000111820180732611,0,0.00546404654856247,0,0,0,0,0,0,0,0.000357481197429503,0,0,0,0,0,0,0,9.8056250678235e-05,0,0.00329943482494129,0,0.0107355941677842,0,0.0012113382410579,0,0,0,0,0,0.0174645547048265,0,9.04118873987147e-05,0,0,0.00771724622937921,0,0,0,0.000204185029118696,0,0.000124365984673464,0,0.00228108384880539,0,0.0121026620912218,0,0,0,0,0,0,0,0.000588948055744632,0.000170549377505266,4.6372831592133e-06,0.00187189028535244,0,0
0,0.000266215653836157,0,0.00199382627294269,0,0.00232202465607458,0,0.00307236625036951,0,2.94535975582074e-05,0,0.0652755482255487,0,0.0033239023428559,0,0.000137286054639323,0,0,0,0.0115704071393106,0,3.83204227395596e-06,0,0,0,4.99793520633504e-05,0,0.00065475196836573,0,0.00563141977222228,0,0,0,0,0,1.06963510388184e-05,0,0.000122487378352339,0,0,0,0.000732605776023365,0,0,0,0.000872015030531167,0,0,0,0.00917197649715317,0,0.00345261831460552,0,0.00572287149773782,0,0,0,0,0,0.0223936533706813,0,0.00915131919828467,0.016213836386311,0,0,0,0,0,0.00130408943907448,0,0.00751303058788117,0,0.0178996054165007,0,0,0,0,0,0,0,0.000145539766812927,0,0.00019876542856978,2.3357060126406e-05,0.0065486901657501,0,0
0.00104497526201587,0,0,0,0.000524196506489607,0,0.00888084022975054,0,0.000817853562931617,0,0.00491600198160161,0,0.0220644461392217,0,0.00797069977802468,0,1.59973956689625e-05,0,0,0,0,0,0,0,0,0,0,0,0.00242780648468753,0,0.000132697031501737,0,0,0,0,0,0,0,0,0,0,0,0,0,0,0,0,0,0.000607706855184209,0,0.000705708636628576,0,0.00524022907443228,0,0.000138380789328617,0,0.0174645547048265,0,0,0,0.00568906209232542,0,0,0,0,0,0,0.000167842927811624,0,0.00181454452534887,0,0.0111628265720424,0,0,0,0,0,0,0,0,0,0,3.06048217416767e-05,0,6.93208365525153e-06,0,0
