0,0,0.187449475893607,0,0,0,0,0,0.222858490595003,0,0,0,0,0,0,0,0,0,0.18094230827057,0,0,0,0,0,0.280937492847443,0,0,0,0,0,0,0,0,0,0,0,0,0,0,0,0,0,0.232766009867191,0,0,0,0,0,0.156070604663471,0,0.164569549262524,0,0,0,0.258828946854919,0,0,0,0,0,0,0,0,0,0,0,0,0,0,0,0,0,0,0,0,0,0,0,0,0.338664424419403,0,0,0.161147966771059,0,0.202680481196959,0,0.183894693851471
0,0,0,0.171659857323714,0,0,0,0,0,0.217024831515219,0,0,0,0,0,0.179920099675655,0,0,0,0,0,0,0,0.206698465027979,0,0,0,0,0,0,0,0,0,0,0,0,0,0,0,0,0,0.158520417908827,0,0,0,0,0,0,0,0.168424928742471,0,0,0,0,0,0.234254933575566,0,0.200400939211249,0,0,0,0.182390468979352,0,0,0,0,0.184627772205406,0,0,0,0,0,0,0,0,0,0,0,0,0,0.368614584207535,0,0.132573792125498,0,0.201293839744612,0,0
0.187449475893607,0,0,0,0.166631517418917,0,0,0,0.184132552336133,0,0,0,0,0,0,0,0,0,0,0,0,0,0,0,0,0,0,0,0,0,0,0,0,0,0,0,0,0,0,0,0.266329050064087,0,0.327388217014478,0,0,0,0.161004173354461,0.309394707282384,0.272485820086379,0,0.222556013862292,0,0,0,0.172937562068303,0,0.263347978393237,0,0,0,0,0,0,0.285166524350643,0,0,0,0,0,0,0,0,0,0.297893322176403,0,0,0,0,0,0.239527821540833,0,0.304599404335022,0.16606023648684,0,0.226239666392406,0,0.266553291678429
0,0.171659857323714,0,0,0,0.224990132451057,0,0,0,0.192604312052329,0,0,0,0,0,0,0,0,0,0,0,0,0,0,0,0,0,0,0,0,0,0,0,0,0,0.301850318908691,0,0,0,0,0,0.325931442975998,0,0.298091217875481,0,0.211073538310388,0,0,0,0.174946137876422,0,0.241215086409024,0,0,0,0.180316583127589,0,0.262827834912709,0,0,0,0,0,0,0,0,0,0,0,0,0,0,0.323073819279671,0,0,0,0,0,0.421020001173019,0,0.335682280361652,0,0.129240093713111,0,0.181353600216763,0.291655480861664,0
0,0,0.166631517418917,0,0,0,0.192772048215071,0,0,0,0,0,0,0,0,0,0,0,0,0,0.211752164283855,0,0,0,0,0,0,0,0,0,0,0,0,0,0.274693876504898,0,0.201041492819786,0,0,0,0.272006958723068,0,0.267992691898888,0,0,0,0.191109566312087,0.262508364394307,0.236627768192972,0.243996404111385,0.173363282172768,0,0.148951427390178,0,0,0,0.23361319154501,0,0.225720710431536,0,0,0,0,0.226023664392197,0,0,0,0,0,0,0,0,0,0.267394457872097,0,0,0,0,0,0.238276354968548,0,0.27700824290514,0.179743970676166,0,0.226581012209256,0,0.2450608946383
0,0,0,0.224990132451057,0,0,0,0,0,0.173282073603736,0,0,0,0,0,0.201403501133124,0,0,0,0.265179663763117,0,0,0,0,0,0,0,0,0,0,0,0,0,0,0,0.267911311577667,0,0,0,0.259617909789085,0,0.263101422916288,0.258060455322266,0,0,0.223035829638441,0,0.29209672620422,0,0.26460232145407,0,0.180792600384459,0,0.147692569954829,0,0,0,0.255790820488563,0,0.253140556461671,0,0.277283762892087,0.288508598915088,0,0,0,0,0,0,0,0,0,0.296253055334091,0,0.252345442771912,0,0.333743423223495,0,0.268664358804623,0,0.320428731349798,0,0.193913596940917,0.226208526155223,0.226651045390301,0.235270202159882,0
0,0,0,0,0.192772048215071,0,0,0,0,0,0.180551360665572,0,0,0,0,0,0,0,0,0,0.143214774819521,0,0,0,0,0,0,0,0,0,0,0,0,0,0,0,0,0,0,0,0,0,0,0,0,0,0,0,0,0,0.151159793138504,0,0.158810610637853,0,0,0,0.174134221539569,0,0,0,0,0,0,0,0,0,0,0,0,0,0,0,0,0,0,0,0,0,0,0,0,0,0.178342897461374,0,0,0,0
0,0,0,0,0,0,0,0,0,0,0,0.238873985964198,0,0.187574833631516,0,0,0,0,0,0.208159547585707,0,0,0,0,0,0,0,0,0,0,0,0,0,0,0,0.212248648206393,0,0,0,0,0,0,0,0,0,0,0,0,0,0,0,0,0,0.215825842508159,0,0,0,0.251612142756067,0,0,0,0,0,0,0,0,0,0,0,0,0,0,0,0,0,0,0,0,0.221791799772869,0,0,0,0.223020966910983,0,0.255482469995817,0,0
0.222858490595003,0,0.184132552336133,0,0,0,0,0,0,0.184554015596708,0,0,0,0,0.167793984419869,0.157776474952698,0.173676198562739,0.178034500985206,0.245577642629886,0,0,0,0,0.159726023674011,0.24577521905303,0,0.157361458432167,0,0,0,0,0,0,0,0,0,0,0,0.274345555858336,0,0,0,0.246140613121057,0,0,0,0,0,0.212972889051718,0,0,0,0,0,0.245229271739504,0.183195658028126,0,0,0,0,0.13840069139705,0,0,0,0,0,0,0.17629242396873,0.166716024279594,0.179142561554909,0,0,0,0,0,0,0,0.327120095491409,0,0.307525932788849,0,0.304852498765988,0.182870764215592,0,0.234181008643686,0,0.234819307923317
0,0.217024831515219,0,0.192604312052329,0,0.173282073603736,0,0,0.184554015596708,0,0,0,0,0,0,0.174543885454055,0.173758980006941,0.18106523400943,0.208384599823218,0,0,0.177058049722722,0,0.176496470494098,0,0.172650652888574,0.150297890106837,0,0,0,0,0,0,0,0,0,0,0.30902362242341,0,0.296318203210831,0,0.18819993454963,0,0,0,0,0,0,0,0.200787975821855,0,0,0,0,0,0.23847122641015,0,0,0,0,0,0.177039149560426,0,0,0.184593367079894,0,0.160304957379897,0,0.215415927271048,0,0,0,0,0,0,0,0.313616547981898,0,0,0,0.307223342878874,0,0.181173462635178,0.211481835693121,0.282840567235728,0,0
0,0,0,0,0,0,0.180551360665572,0,0,0,0,0,0.193527405987905,0,0,0,0,0,0,0,0.163920480840279,0,0,0,0,0,0,0,0,0,0.212245854009923,0,0,0,0,0,0.174117287424225,0,0.159823288277198,0,0,0,0,0,0,0,0.277802288532257,0,0,0,0,0,0.165568391245509,0,0,0,0.223813835054587,0,0.221065390358369,0,0,0,0,0.188646730523379,0,0,0,0,0,0,0,0,0,0.237479125876581,0,0,0,0,0,0.198193468089797,0,0.160837155304715,0.167505371059186,0,0.198870295286179,0,0
0,0,0,0,0,0,0,0.238873985964198,0,0,0,0,0,0.172674179314544,0,0,0,0,0,0.166909141659737,0,0,0,0,0,0,0,0.124899672291109,0,0.174890124204015,0,0,0,0,0,0.188802743735521,0,0.176277971596031,0,0,0,0,0,0,0,0.315496236085892,0,0,0,0,0,0,0,0.162601844153621,0,0,0,0.246699014770567,0,0.210894785062995,0,0,0.243185058308458,0,0,0,0,0,0,0,0.139195116565508,0,0.270696268614494,0,0,0,0,0,0.175921791645347,0,0.166389435838978,0,0.171581687162752,0,0.250608493884404,0,0
0,0,0,0,0,0,0,0,0,0,0.193527405987905,0,0,0,0.151561000329607,0,0.141423895955086,0,0,0,0,0,0,0,0,0,0.13118635614713,0,0.140566446383794,0,0,0,0,0,0,0,0,0,0,0,0,0,0,0,0,0,0,0,0,0,0,0,0,0,0,0,0.206756361325582,0,0.185819872439244,0,0.15945561726888,0,0,0,0,0,0,0,0,0,0,0,0,0,0,0,0,0,0,0,0,0,0.178897292131469,0.175446067005396,0,0,0
0,0,0,0,0,0,0,0.187574833631516,0,0,0,0.172674179314544,0,0,0,0.204614724677343,0,0.152545481920242,0,0,0,0,0,0,0,0,0,0.191800196170807,0,0,0,0,0,0,0,0,0,0,0,0,0,0,0,0,0,0,0,0,0,0,0,0.269932091236115,0,0,0,0,0,0.163649745285511,0,0.207564584488142,0,0.223864282170931,0,0,0,0,0,0,0,0,0.169377833996948,0,0,0,0,0,0,0,0,0,0,0,0.181428386767705,0.156076495846113,0,0,0
0,0,0,0,0,0,0,0,0.167793984419869,0,0,0,0.151561000329607,0,0,0,0.139259301848304,0.156015705139864,0.264821051309506,0,0,0,0,0,0,0,0.139588216735312,0,0.132753855735064,0,0,0,0,0,0,0,0,0,0,0,0,0,0.296372890472412,0,0.241543024778366,0,0,0,0,0,0,0,0,0,0.170263312757015,0.167819067835808,0,0,0,0,0.154085696948802,0,0,0,0,0,0,0,0,0.143263921141624,0,0,0,0,0,0,0,0,0,0.319002151489258,0,0,0.15615546050263,0,0.303719729185104,0,0
0,0.179920099675655,0,0,0,0.201403501133124,0,0,0.157776474952698,0.174543885454055,0,0,0,0.204614724677343,0,0,0.16398783971866,0.155949002065297,0.222323164343834,0,0,0.150631961914209,0,0.166712651295321,0,0.162128740405462,0,0.149469204246998,0,0,0,0,0,0,0,0,0,0,0,0.258172601461411,0,0,0,0,0,0,0,0,0,0,0,0.163635826181798,0,0,0,0.157748486916974,0,0,0,0.284853757969264,0,0.174916052479636,0,0,0.159149974584579,0,0.167248129844666,0,0.132038831710815,0,0,0,0,0,0,0,0,0,0,0,0,0,0.159482464837312,0.123491553962231,0,0,0.247986987233162
0,0,0,0,0,0,0,0,0.173676198562739,0.173758980006941,0,0,0.141423895955086,0,0.139259301848304,0.16398783971866,0,0.18153872882883,0.342326010695894,0,0,0.17821961119771,0.157646949977091,0.170714156702161,0.210942883240549,0.158392960972646,0.145757977033208,0,0.153364913295145,0,0,0,0,0,0,0.412531644105911,0,0,0,0.357232451438904,0.328339500973622,0.284645158052444,0.318508193326684,0.341018110513687,0.341593441863855,0,0.365740835666656,0.287891358137131,0.254366546869278,0.303555727005005,0,0,0,0,0.177216583372731,0.163074965278308,0.369274631142616,0,0,0,0.133419544546754,0.157348371214337,0,0.319696684678396,0.150159455835819,0,0.190197179714839,0.170513402670622,0.173705240090688,0.149628714331682,0,0,0,0.334694971640905,0,0,0.312366634607315,0,0.365606624905656,0.345529638310914,0.349030713240306,0.364047724753618,0.214557625003364,0.168484574872745,0.353389636329983,0.294551958640416,0.287213900914559
0,0,0,0,0,0,0,0,0.178034500985206,0.18106523400943,0,0,0,0.152545481920242,0.156015705139864,0.155949002065297,0.18153872882883,0,0.299439497155592,0,0,0.159466209227131,0,0.174710252867626,0.149643927812576,0.141939474503661,0.17140261311498,0.136806001886725,0,0,0,0,0,0,0,0.397792458534241,0.356467694044113,0,0,0.380408465862274,0.333021947315761,0.325194174051285,0.32228486017089,0.347243577241898,0.3553677589997,0,0,0,0,0.326512843370438,0,0,0,0,0.159077137708664,0.194304926626718,0,0.322697371244431,0,0,0.148845102638006,0.156058500611822,0,0.33942037075758,0.187178649008274,0,0.178502088785172,0,0.169415771569076,0.154052382707596,0,0,0.351640999317169,0.384596675634384,0,0,0,0,0.363873231742117,0.354371029030846,0.336969420313835,0.374810033119642,0.203769240476421,0.166301811640044,0.352601197223331,0.318336476882299,0.302371443973647
0.18094230827057,0,0,0,0,0,0,0,0.245577642629886,0.208384599823218,0,0,0,0,0.264821051309506,0.222323164343834,0.342326010695894,0.299439497155592,0,0,0,0.293559737503529,0,0.249233850023963,0,0.245631089806557,0.238295048475266,0,0,0,0,0,0.223562270402908,0,0,0.388918153455724,0.386411019125763,0.328568587700526,0,0.357283710037606,0.336696248805645,0.263147120512482,0.308081359045621,0.445366228062932,0.39636421666177,0.319184356265598,0.413696616888046,0.28974212706089,0.350718420743942,0.369640084249633,0,0,0,0,0.182413905858994,0.198750525712967,0.381059676408768,0.358350981275241,0,0,0.302093356847763,0,0.329891725078873,0.333645192618223,0.277986586093903,0,0.198411107063293,0,0.202605659763018,0.220466181635857,0,0,0.363613562150435,0.387528697649638,0,0,0.316296935081482,0,0.389866412607408,0.373270148459286,0.386836127369177,0.405865302963077,0.263144763378857,0.273963301609724,0.383446656829672,0.270902223845638,0.267768425828635
0,0,0,0,0,0.265179663763117,0,0.208159547585707,0,0,0,0.166909141659737,0,0,0,0,0,0,0,0,0,0,0,0,0,0,0,0,0,0,0,0,0,0,0,0.178309243991971,0,0.187671703214829,0,0.245129235088825,0,0.329602047801018,0,0,0,0.2425871565938,0,0,0,0.241166651248932,0,0.267815083265305,0,0,0,0,0,0.311325576610681,0,0,0,0,0.243466872140699,0,0,0,0,0,0,0,0.385141462087631,0,0.325251610211606,0,0,0,0,0,0.260341024767656,0,0.27645787575328,0,0.181168908715326,0.373454079031944,0,0,0
0,0,0,0,0.211752164283855,0,0.143214774819521,0,0,0,0.163920480840279,0,0,0,0,0,0,0,0,0,0,0,0,0,0,0,0,0,0,0,0,0,0,0,0,0,0.154616063780556,0,0.154351232425561,0,0,0,0,0,0,0,0,0,0,0,0,0,0,0,0,0,0.260518835484982,0,0,0,0,0,0,0.237226177372325,0,0,0,0,0,0,0,0,0,0.317117967515541,0,0,0,0,0,0.205397161452324,0,0.187122829298427,0.152009733173312,0,0.259719837853249,0,0
0,0,0,0,0,0,0,0,0,0.177058049722722,0,0,0,0,0,0.150631961914209,0.17821961119771,0.159466209227131,0.293559737503529,0,0,0,0.130366615273736,0.183158740005662,0,0.170285000403722,0,0.150586920479933,0,0,0,0,0,0.382646292448044,0,0,0,0.219120509047376,0.128859307616949,0.294685572385788,0,0,0,0,0,0,0,0,0,0.275781061408225,0,0,0,0,0,0,0,0.30887729556937,0,0.27127793431282,0,0.139505587518215,0,0,0.228981711472099,0.13970140674535,0.255394795845295,0,0.256461909291696,0,0.285347463662514,0,0,0,0,0,0.216366663575172,0,0.286995023488998,0.325292468070984,0.294391382006323,0.158045701682568,0.163567170597203,0.144462340227936,0.314644744353635,0,0
0,0,0,0,0,0,0,0,0,0,0,0,0,0,0,0,0.157646949977091,0,0,0,0,0.130366615273736,0,0,0.175486820308786,0,0.161790605249076,0,0.17179101480628,0,0,0,0,0,0,0,0,0,0.203348356183448,0,0,0,0,0,0,0,0,0,0.267732988499924,0,0,0,0,0,0,0,0,0,0,0,0,0,0,0,0,0.239112232656156,0,0.20684149954468,0,0.215691176908357,0,0.1705150377344,0,0,0,0,0,0,0,0,0,0.253379933770008,0.163733968790392,0.150026574730873,0,0,0
0,0.206698465027979,0,0,0,0,0,0,0.159726023674011,0.176496470494098,0,0,0,0,0,0.166712651295321,0.170714156702161,0.174710252867626,0.249233850023963,0,0,0.183158740005662,0,0,0,0.1754324845608,0.130395099520683,0,0,0,0,0,0,0,0,0,0,0.295115755072662,0,0,0,0.363389760255814,0,0,0.291813135147095,0,0,0,0,0.284325608626159,0,0,0,0,0,0.195563128058399,0,0.334774763156206,0,0.338479074339072,0,0.170029161607518,0.350533545017242,0,0.23246787177093,0,0.197419067930626,0,0.214336179254147,0.1578369140625,0.3216625473329,0,0,0,0,0,0,0,0,0,0.260133433547513,0,0.168677842231601,0,0.322551410156067,0,0
0.280937492847443,0,0,0,0,0,0,0,0.24577521905303,0,0,0,0,0,0,0,0.210942883240549,0.149643927812576,0,0,0,0,0.175486820308786,0,0,0,0.160267860202466,0,0,0,0,0,0,0,0,0,0,0,0.253726664930582,0,0,0,0,0,0,0,0,0,0.292208641767502,0,0,0,0,0,0.256324038937174,0,0,0,0,0,0,0,0,0,0,0.295021506707843,0,0.234409244110187,0,0.227568496156622,0,0,0,0,0,0,0,0,0,0,0,0.25399414651631,0.18293396325176,0,0.207051101507563,0,0
0,0,0,0,0,0,0,0,0,0.172650652888574,0,0,0,0,0,0.162128740405462,0.158392960972646,0.141939474503661,0.245631089806557,0,0,0.170285000403722,0,0.1754324845608,0,0,0,0.157019250839949,0,0,0,0,0,0,0,0,0,0,0,0,0,0,0,0,0,0,0,0,0,0,0,0,0,0,0,0.175487518310547,0,0,0,0,0,0.151451160414861,0,0,0.188472915026877,0,0.177537431195378,0,0.170249849039299,0,0,0,0,0,0,0,0,0,0.353053390979767,0,0,0,0.162606920422502,0,0,0,0
0,0,0,0,0,0,0,0,0.157361458432167,0.150297890106837,0,0,0.13118635614713,0,0.139588216735312,0,0.145757977033208,0.17140261311498,0.238295048475266,0,0,0,0.161790605249076,0.130395099520683,0.160267860202466,0,0,0,0.150932805050933,0,0,0,0,0,0,0,0,0,0,0,0,0,0,0,0,0,0,0,0,0,0,0,0,0,0.152334317564964,0,0,0,0,0,0.136840532605465,0,0,0,0,0.15769399702549,0.153483733534813,0.172618500267466,0.173683375120163,0.178167573573938,0,0.136649861931801,0,0,0,0,0,0,0,0,0.311458170413971,0.373072057962418,0.159261460587816,0,0,0,0
0,0,0,0,0,0,0,0,0,0,0,0.124899672291109,0,0.191800196170807,0,0.149469204246998,0,0.136806001886725,0,0,0,0.150586920479933,0,0,0,0.157019250839949,0,0,0,0.174070596694946,0,0,0,0,0,0,0,0.172370053827763,0,0,0,0,0,0,0,0,0,0,0,0,0,0,0,0,0,0,0,0.133062293753028,0,0.162590980529785,0,0,0,0,0.139201931655407,0,0,0,0.183866216013065,0,0.19843642816211,0,0.170835699708689,0,0,0,0,0,0,0,0.182456233435207,0,0.165778032163294,0.143873219980913,0,0,0
0,0,0,0,0,0,0,0,0,0,0,0,0.140566446383794,0,0.132753855735064,0,0.153364913295145,0,0,0,0,0,0.17179101480628,0,0,0,0.150932805050933,0,0,0,0.160767808698473,0,0,0,0,0,0,0,0.171457444389279,0,0,0,0,0,0,0,0,0,0,0,0,0,0,0,0,0,0,0,0.16240227391774,0,0,0,0,0,0,0.176603092447571,0,0,0,0.182306610284344,0,0.1869515326553,0,0.174153977206775,0,0,0,0,0,0,0,0.243702530860901,0.145803398142258,0,0,0,0
0,0,0,0,0,0,0,0,0,0,0,0.174890124204015,0,0,0,0,0,0,0,0,0,0,0,0,0,0,0,0.174070596694946,0,0,0,0,0,0,0,0,0,0.140601218227417,0,0,0,0,0,0,0,0,0,0,0,0,0,0,0,0,0,0,0,0.191538550240814,0,0,0,0,0,0,0,0,0,0,0,0,0.198462619501002,0,0.186397606837543,0,0,0,0,0,0,0,0.151352345682027,0,0.140005166828632,0,0,0,0
0,0,0,0,0,0,0,0,0,0,0.212245854009923,0,0,0,0,0,0,0,0,0,0,0,0,0,0,0,0,0,0.160767808698473,0,0,0,0,0,0,0,0,0,0.158440553982343,0,0,0,0,0,0,0,0,0,0,0,0,0,0,0,0,0,0.242237409949303,0,0,0,0,0,0,0,0,0,0,0,0,0,0,0.188657522201538,0,0.206499517640004,0,0,0,0,0,0,0,0.184973731749889,0.184068344533443,0,0,0,0
0,0,0,0,0,0,0,0,0,0,0,0,0,0,0,0,0,0,0,0,0,0,0,0,0,0,0,0,0,0,0,0,0.196954542912497,0.307236811603015,0.270352590130642,0.210643650328412,0.164365786127746,0,0,0.359275793035825,0,0,0,0,0,0,0,0.398870418320491,0,0.332982661326726,0,0,0,0,0,0,0,0,0,0,0,0,0.273679219186306,0,0,0,0,0,0,0,0,0,0,0,0.398808832403757,0.355476202898555,0.434693777054548,0.394676691419642,0.409356275253747,0,0,0,0.191550427827591,0,0,0,0
0,0,0,0,0,0,0,0,0,0,0,0,0,0,0,0,0,0,0.223562270402908,0,0,0,0,0,0,0,0,0,0,0,0,0.196954542912497,0,0.229420474984429,0.442927970510462,0.158263440853284,0.1760620082481,0,0,0,0.238993518882328,0,0.327275693416595,0,0,0,0.264741172393163,0.365580595251025,0.313928174061908,0.415205001831055,0,0,0,0,0,0,0,0,0,0,0,0,0,0.267737751205762,0,0,0,0,0,0,0,0,0,0,0.291143648814426,0.431131245073528,0.19832402964433,0.471199514621343,0.181254580616951,0.308598591302212,0,0,0.19748591123583,0,0.315215759303259,0,0
0,0,0,0,0,0,0,0,0,0,0,0,0,0,0,0,0,0,0,0,0,0.382646292448044,0,0,0,0,0,0,0,0,0,0.307236811603015,0.229420474984429,0,0.262312332649579,0.176298990941817,0,0.225606870196051,0,0.338656902313232,0,0.328968226909637,0,0,0,0.290447115898132,0,0.51861422285836,0,0.393416548043155,0,0,0,0,0,0,0,0,0,0,0,0,0.248486652970314,0,0,0,0,0,0,0,0,0,0.414676159620285,0,0.277321453690529,0.467638060450554,0.301861741976965,0.272311348117602,0.302352042716058,0,0.375335514545441,0,0.237314788384512,0,0.368298158049583,0,0
0,0,0,0,0.274693876504898,0,0,0,0,0,0,0,0,0,0,0,0,0,0,0,0,0,0,0,0,0,0,0,0,0,0,0.270352590130642,0.442927970510462,0.262312332649579,0,0,0.267305674585905,0.163212403655052,0.185312888412564,0,0.314576615889867,0,0.320421119530996,0,0,0,0.276435126151357,0.540680071306472,0.340774472430348,0.43904921412468,0,0,0,0,0,0,0.314112409949303,0,0,0,0,0,0,0.284579366445541,0,0,0,0,0,0,0,0,0,0,0.205955110490322,0.342085845206702,0.234281142242253,0.367459391946561,0,0.318578975739366,0.221505905191104,0.235194396506995,0.241967787557597,0.195593246431262,0.326510498996909,0,0.335506737232208
0,0,0,0.301850318908691,0,0.267911311577667,0,0.212248648206393,0,0,0,0.188802743735521,0,0,0,0,0.412531644105911,0.397792458534241,0.388918153455724,0.178309243991971,0,0,0,0,0,0,0,0,0,0,0,0.210643650328412,0.158263440853284,0.176298990941817,0,0,0.139263276576198,0.209938954968874,0,0.299986115028692,0.274789929389954,0.334250501836791,0.332748574369094,0.425876245550487,0,0.300038490112465,0.332594151298205,0.332755467363379,0.251934299245477,0.296367430739854,0,0,0,0.206233553150121,0,0,0,0.334572644002976,0,0,0,0,0.240225493235696,0.355000674724579,0,0,0,0,0,0,0.268809974193573,0,0.316702491470746,0.36639991402626,0.193151165332113,0,0.223895442312684,0,0.247332489901717,0.150639120780903,0.256305929710713,0.400755152106285,0.21895355544142,0.203189871966756,0.31943954218317,0.348922536397974,0.31158135831356
0,0,0,0,0.201041492819786,0,0,0,0,0,0.174117287424225,0,0,0,0,0,0,0.356467694044113,0.386411019125763,0,0.154616063780556,0,0,0,0,0,0,0,0,0,0,0.164365786127746,0.1760620082481,0,0.267305674585905,0.139263276576198,0,0,0.187626327383522,0,0.248818883763962,0,0.372764191368231,0,0.42679550421649,0.333577364683151,0.239403060217236,0.245827952878816,0.268835016974696,0.198664667514654,0,0,0,0,0,0,0,0,0,0,0,0,0,0.266552925906362,0,0,0,0,0,0,0,0,0,0.342478232724326,0,0.250238159671426,0,0.313185866177082,0.142198763787746,0.240774130495143,0,0.232016634399398,0.189992495310244,0.182019094388451,0.31621856867668,0,0.38676057206957
0,0,0,0,0,0,0,0,0,0.30902362242341,0,0.176277971596031,0,0,0,0,0,0,0.328568587700526,0.187671703214829,0,0.219120509047376,0,0.295115755072662,0,0,0,0.172370053827763,0,0.140601218227417,0,0,0,0.225606870196051,0.163212403655052,0.209938954968874,0,0,0.161003087770629,0.339659586548805,0,0.235358699421648,0,0.451532185077667,0,0,0,0.652870550617441,0,0.369668332316382,0,0,0,0,0,0.309362695057522,0,0.219388511570745,0,0,0,0,0.266981699523774,0,0.23733630827904,0,0.292985146923095,0,0,0,0.239760219536979,0,0.144765977391461,0,0,0,0.291344570854072,0.180333092808723,0.2589733069546,0,0.236195441359906,0.179747833203279,0.17646985886863,0.166124259072119,0.291885813801653,0.362408816814423,0
0,0,0,0,0,0,0,0,0.274345555858336,0,0.159823288277198,0,0,0,0,0,0,0,0,0,0.154351232425561,0.128859307616949,0.203348356183448,0,0.253726664930582,0,0,0,0.171457444389279,0,0.158440553982343,0,0,0,0.185312888412564,0,0.187626327383522,0.161003087770629,0,0,0,0,0.25939476898601,0,0.455154746770859,0,0.276724398136139,0.701435433119856,0.351989972498475,0,0,0,0,0,0.298691372094602,0,0.219255215530075,0,0,0,0,0,0,0.184908456036023,0.137818986177444,0.263799699923011,0,0.344504150572945,0,0,0,0,0,0.207162856124341,0,0,0,0.275985546055294,0,0.242004394336116,0.144186673530688,0.244188867926567,0.181091014694398,0.164723816870238,0.340086324657831,0,0.285460099577904
0,0,0,0,0,0.259617909789085,0,0,0,0.296318203210831,0,0,0,0,0,0.258172601461411,0.357232451438904,0.380408465862274,0.357283710037606,0.245129235088825,0,0.294685572385788,0,0,0,0,0,0,0,0,0,0.359275793035825,0,0.338656902313232,0,0.299986115028692,0,0.339659586548805,0,0,0.336963057518005,0.313978349542342,0.345933434210326,0.416071045657863,0.365241643041372,0.234371525392611,0,0.309695750384069,0.294891208410263,0.271707168428142,0,0,0,0,0,0,0,0.330275326967239,0,0,0,0,0.254882637138774,0.359091252088547,0,0,0,0,0,0,0,0,0.366514377295971,0,0.341475520815168,0,0.300071983465127,0,0.283305900234245,0.361368060112,0.368248640755076,0,0.315412017792913,0.329485818743706,0.308304611762816,0.291022072578299,0.291278173526128
0,0,0.266329050064087,0,0.272006958723068,0,0,0,0,0,0,0,0,0,0,0,0.328339500973622,0.333021947315761,0.336696248805645,0,0,0,0,0,0,0,0,0,0,0,0,0,0.238993518882328,0,0.314576615889867,0.274789929389954,0.248818883763962,0,0,0.336963057518005,0,0.280293375253677,0.327125671420999,0.277212008833885,0.424660024317828,0,0.248692585002604,0.285523318278957,0.281519615639671,0.246448140059199,0,0,0,0,0,0,0.269514709711075,0,0,0,0,0,0,0.258405772655198,0,0,0,0,0,0,0,0,0,0.311304724878735,0,0.200084783136845,0,0.324539482593536,0.369689363241196,0.288576379106595,0.340827375650406,0.291570212405462,0.291145386272355,0.368553847074509,0.312289347302463,0,0.37778905649548
0,0.158520417908827,0,0.325931442975998,0,0.263101422916288,0,0,0,0.18819993454963,0,0,0,0,0,0,0.284645158052444,0.325194174051285,0.263147120512482,0.329602047801018,0,0,0,0.363389760255814,0,0,0,0,0,0,0,0,0,0.328968226909637,0,0.334250501836791,0,0.235358699421648,0,0.313978349542342,0.280293375253677,0,0.236621483388842,0.274120818187551,0.286579668521881,0.326016764360738,0,0.314479513337685,0,0.277144513356698,0,0,0,0,0,0.221273295581341,0,0.343276331381517,0,0,0,0,0.377495768904908,0.335761949419975,0,0,0.36093282699585,0,0.375296533107758,0,0.366525046089116,0,0.309510101248899,0,0,0,0.314374574593135,0,0.325114939151162,0.3418671624227,0.32791739413616,0.380747805039088,0.254037370279114,0.322118347105773,0.303185792642618,0.244177790358663,0.255003547295928
0.232766009867191,0,0.327388217014478,0,0.267992691898888,0.258060455322266,0,0,0.246140613121057,0,0,0,0,0,0.296372890472412,0,0.318508193326684,0.32228486017089,0.308081359045621,0,0,0,0,0,0,0,0,0,0,0,0,0,0.327275693416595,0,0.320421119530996,0.332748574369094,0.372764191368231,0,0.25939476898601,0.345933434210326,0.327125671420999,0.236621483388842,0,0.280206433364323,0.44850807404309,0.30166944861412,0.311685781315213,0.302995906749242,0.321382470916645,0.338685950636864,0.253267101943493,0,0,0,0.269624173641205,0,0.373513470194778,0.329243302345276,0,0,0,0,0.282993018627167,0.362654569237513,0,0,0,0,0,0,0.316999763250351,0,0.334142873684565,0.325531827262107,0,0,0,0.338267728686333,0.360479589551687,0.37036420676967,0.350234945615133,0.389353142154547,0.265593073296378,0.322972373829948,0.346302241242914,0.295998573303223,0.263654511011145
0,0,0,0.298091217875481,0,0,0,0,0,0,0,0,0,0,0,0,0.341018110513687,0.347243577241898,0.445366228062932,0,0,0,0,0,0,0,0,0,0,0,0,0,0,0,0,0.425876245550487,0,0.451532185077667,0,0.416071045657863,0.277212008833885,0.274120818187551,0.280206433364323,0,0.383260771632195,0.39272877573967,0,0,0,0,0,0,0,0,0,0,0,0.414390036794874,0,0,0,0,0.376046065773283,0.322465628385544,0,0,0,0,0,0,0.380174219608307,0,0.429094971691976,0,0,0,0,0,0.43255503853252,0.358455103635788,0.493488250308147,0,0.352378102053296,0.446940198540688,0.380144654280123,0.313245461537288,0
0,0,0,0,0,0,0,0,0,0,0,0,0,0,0.241543024778366,0,0.341593441863855,0.3553677589997,0.39636421666177,0,0,0,0,0.291813135147095,0,0,0,0,0,0,0,0,0,0,0,0,0.42679550421649,0,0.455154746770859,0.365241643041372,0.424660024317828,0.286579668521881,0.44850807404309,0.383260771632195,0,0,0.384720486402512,0,0.430364566189902,0,0,0,0,0,0,0,0.419332580433951,0,0,0,0.249582216143608,0,0,0.356195063818069,0,0,0,0,0,0,0,0,0,0.435621074017356,0,0,0,0,0.410144319136937,0.434453292408181,0.350444823503494,0.509665949919889,0.361033495149516,0.31341964006424,0.450016014209266,0.277503818273544,0.333785191178322
0,0,0,0.211073538310388,0,0.223035829638441,0,0,0,0,0,0.315496236085892,0,0,0,0,0,0,0.319184356265598,0.2425871565938,0,0,0,0,0,0,0,0,0,0,0,0,0,0.290447115898132,0,0.300038490112465,0.333577364683151,0,0,0.234371525392611,0,0.326016764360738,0.30166944861412,0.39272877573967,0,0,0.30595862865448,0.27012026309967,0,0.230597172521983,0,0.26211030036211,0,0,0,0,0,0.326369623417285,0,0,0,0,0.246795127372398,0,0,0,0,0,0,0,0.338148044215308,0,0.354959675898919,0,0.237376302480698,0,0.294422917068005,0,0.252031955507494,0,0.391019906247816,0,0.237559500065717,0,0.253621211182231,0.315008723341367,0
0,0,0.161004173354461,0,0.191109566312087,0,0,0,0,0,0.277802288532257,0,0,0,0,0,0.365740835666656,0,0.413696616888046,0,0,0,0,0,0,0,0,0,0,0,0,0,0.264741172393163,0,0.276435126151357,0.332594151298205,0.239403060217236,0,0.276724398136139,0,0.248692585002604,0,0.311685781315213,0,0.384720486402512,0.30595862865448,0,0.288089022253241,0.242510618387366,0.251132746155445,0,0,0,0,0,0,0.371632074813048,0,0,0,0,0,0,0.276787397742702,0,0,0,0,0,0,0,0,0,0.368004825027767,0,0.286411255598068,0,0.31049570441246,0,0.236362779260555,0,0.349336059122789,0.337907629026161,0,0.287968892111243,0,0.296259923184172
0,0,0.309394707282384,0,0.262508364394307,0.29209672620422,0,0,0,0,0,0,0,0,0,0,0.287891358137131,0,0.28974212706089,0,0,0,0,0,0,0,0,0,0,0,0,0.398870418320491,0.365580595251025,0.51861422285836,0.540680071306472,0.332755467363379,0.245827952878816,0.652870550617441,0.701435433119856,0.309695750384069,0.285523318278957,0.314479513337685,0.302995906749242,0,0,0.27012026309967,0.288089022253241,0,0.318007382215165,0.379239866518936,0.284981578588486,0,0,0,0,0,0,0.369504606181925,0,0,0,0,0.2794855573663,0.287072215761457,0,0,0,0,0,0,0,0,0.280022412538528,0.336465700106187,0.445453886573131,0.426029727520588,0.478974162098751,0.462635306748197,0.379673298461677,0.278338650656131,0.325648637754577,0.325733677546183,0.366549360306532,0,0.4004496652922,0.34346067160368,0.319742226082346
0.156070604663471,0,0.272485820086379,0,0.236627768192972,0,0,0,0.212972889051718,0,0,0,0,0,0,0,0.254366546869278,0,0.350718420743942,0,0,0,0.267732988499924,0,0.292208641767502,0,0,0,0,0,0,0,0.313928174061908,0,0.340774472430348,0.251934299245477,0.268835016974696,0,0.351989972498475,0.294891208410263,0.281519615639671,0,0.321382470916645,0,0.430364566189902,0,0.242510618387366,0.318007382215165,0,0.25149414275796,0.165316075086594,0,0,0,0.236462958157063,0,0.37392646074295,0,0,0,0,0,0,0.314398016402687,0,0.277214894493147,0,0.319147085449819,0,0.298879671692848,0,0.262670434334061,0,0.296350751629847,0,0.277759241480981,0,0.270224757942146,0,0.288089695956026,0,0.272099207410521,0.302954459895834,0,0.297071323630107,0,0.338377425447106
0,0.168424928742471,0,0.174946137876422,0.243996404111385,0.26460232145407,0,0,0,0.200787975821855,0,0,0,0,0,0,0.303555727005005,0.326512843370438,0.369640084249633,0.241166651248932,0,0.275781061408225,0,0.284325608626159,0,0,0,0,0,0,0,0.332982661326726,0.415205001831055,0.393416548043155,0.43904921412468,0.296367430739854,0.198664667514654,0.369668332316382,0,0.271707168428142,0.246448140059199,0.277144513356698,0.338685950636864,0,0,0.230597172521983,0.251132746155445,0.379239866518936,0.25149414275796,0,0,0,0,0,0,0.206259910745182,0,0.330299492444148,0,0.342616067213171,0,0.184107884764671,0.283341229028172,0.247196295857429,0.293434491883572,0,0.309937747987522,0,0.359923913035282,0,0.345724990734687,0,0.250382241606712,0,0.299481984227896,0,0.368077113464171,0,0.28735821900007,0,0.307750379808134,0,0.29614877684897,0,0.314605989091443,0.275870580971241,0
0.164569549262524,0,0.222556013862292,0,0.173363282172768,0,0.151159793138504,0,0,0,0,0,0,0,0,0,0,0,0,0,0,0,0,0,0,0,0,0,0,0,0,0,0,0,0,0,0,0,0,0,0,0,0.253267101943493,0,0,0,0,0.284981578588486,0.165316075086594,0,0,0,0.147396001550886,0,0,0,0.240945638285743,0,0.239487226236434,0,0,0,0,0,0,0,0,0,0,0,0,0,0,0.268737502396107,0,0,0,0,0,0.30833588540554,0,0.304763525724411,0.330206362264497,0,0.241812279614221,0,0
0,0,0,0.241215086409024,0,0.180792600384459,0,0,0,0,0,0,0,0.269932091236115,0,0.163635826181798,0,0,0,0.267815083265305,0,0,0,0,0,0,0,0,0,0,0,0,0,0,0,0,0,0,0,0,0,0,0,0,0,0.26211030036211,0,0,0,0,0,0,0,0.144429814484384,0,0,0,0.236177590760318,0,0.230156465300492,0,0.244705008135902,0.276930532672188,0,0,0,0,0,0,0,0,0,0,0,0,0,0,0,0,0,0,0,0.193051268364869,0,0.218794760328752,0,0
0,0,0,0,0.148951427390178,0,0.158810610637853,0,0,0,0.165568391245509,0,0,0,0,0,0,0,0,0,0,0,0,0,0,0,0,0,0,0,0,0,0,0,0,0,0,0,0,0,0,0,0,0,0,0,0,0,0,0,0.147396001550886,0,0,0,0,0,0.16012431246539,0,0,0,0,0,0,0,0,0,0,0,0,0,0,0,0,0,0,0,0,0,0,0,0,0,0,0,0,0,0
0,0,0,0,0,0.147692569954829,0,0.215825842508159,0,0,0,0.162601844153621,0,0,0,0,0,0,0,0,0,0,0,0,0,0,0,0,0,0,0,0,0,0,0,0.206233553150121,0,0,0,0,0,0,0,0,0,0,0,0,0,0,0,0.144429814484384,0,0,0,0,0,0.273342212662101,0,0.16390525387681,0,0,0,0,0,0,0,0,0,0,0,0,0,0,0,0,0,0,0.218104783641665,0,0,0,0.228278284990474,0,0,0,0
0.258828946854919,0,0.172937562068303,0,0,0,0,0,0.245229271739504,0,0,0,0,0,0.170263312757015,0,0.177216583372731,0.159077137708664,0.182413905858994,0,0,0,0,0,0.256324038937174,0,0.152334317564964,0,0,0,0,0,0,0,0,0,0,0,0.298691372094602,0,0,0,0.269624173641205,0,0,0,0,0,0.236462958157063,0,0,0,0,0,0,0,0,0,0,0,0.171709418296814,0,0,0,0,0,0,0.236845593964844,0,0.210118360817432,0,0,0,0,0,0,0,0.31275087594986,0,0.340768277645111,0,0.310068212276281,0.165623558625098,0,0.260066647139879,0,0
0,0.234254933575566,0,0.180316583127589,0,0,0,0,0.183195658028126,0.23847122641015,0,0,0,0,0.167819067835808,0.157748486916974,0.163074965278308,0.194304926626718,0.198750525712967,0,0,0,0,0.195563128058399,0,0.175487518310547,0,0,0,0,0,0,0,0,0,0,0,0.309362695057522,0,0,0,0.221273295581341,0,0,0,0,0,0,0,0.206259910745182,0,0,0,0,0,0,0,0,0,0,0,0.151897000196653,0,0,0.183448016643524,0,0.217871066771056,0,0.221581172943115,0,0,0,0,0,0,0,0.303528108530574,0,0,0,0.302742728275009,0,0.177513210877274,0,0.299697290206778,0,0
0,0,0.263347978393237,0,0.23361319154501,0,0.174134221539569,0,0,0,0.223813835054587,0,0.206756361325582,0,0,0,0.369274631142616,0,0.381059676408768,0,0.260518835484982,0,0,0,0,0,0,0,0,0,0.242237409949303,0,0,0,0.314112409949303,0,0,0,0.219255215530075,0,0.269514709711075,0,0.373513470194778,0,0.419332580433951,0,0.371632074813048,0,0.37392646074295,0,0.240945638285743,0,0.16012431246539,0,0,0,0,0,0.230897790515923,0,0.234084352850914,0,0,0.321979216548471,0,0,0,0,0,0,0,0,0,0.319940802065307,0,0,0,0,0,0.267420891581512,0,0.172809298062206,0.226514955177719,0,0.336165039025007,0,0.39220596353213
0,0.200400939211249,0,0.262827834912709,0,0.255790820488563,0,0.251612142756067,0,0,0,0.246699014770567,0,0.163649745285511,0,0,0,0.322697371244431,0.358350981275241,0.311325576610681,0,0.30887729556937,0,0.334774763156206,0,0,0,0.133062293753028,0,0.191538550240814,0,0,0,0,0,0.334572644002976,0,0.219388511570745,0,0.330275326967239,0,0.343276331381517,0.329243302345276,0.414390036794874,0,0.326369623417285,0,0.369504606181925,0,0.330299492444148,0,0.236177590760318,0,0.273342212662101,0,0,0,0,0,0.273059831802235,0,0,0.334177049770379,0,0.340824604034424,0,0.356145138249678,0,0.38139762904333,0,0.396151091896042,0,0.348765126871156,0,0,0,0.336497932672501,0,0.272648944820522,0,0.29619390159677,0,0.226785218738245,0,0.338623580199893,0.36221915211242,0
0,0,0,0,0.225720710431536,0,0,0,0,0,0.221065390358369,0,0.185819872439244,0,0,0,0,0,0,0,0,0,0,0,0,0,0,0,0.16240227391774,0,0,0,0,0,0,0,0,0,0,0,0,0,0,0,0,0,0,0,0,0,0.239487226236434,0,0,0,0,0,0.230897790515923,0,0,0,0.224931543072065,0,0,0,0,0,0,0,0,0,0,0.173553757369518,0,0,0,0,0,0,0,0,0,0,0.181889512141546,0,0.273692173262437,0,0
0,0,0,0,0,0.253140556461671,0,0,0,0,0,0.210894785062995,0,0.207564584488142,0,0.284853757969264,0,0,0,0,0,0.27127793431282,0,0.338479074339072,0,0,0,0.162590980529785,0,0,0,0,0,0,0,0,0,0,0,0,0,0,0,0,0,0,0,0,0,0.342616067213171,0,0.230156465300492,0,0.16390525387681,0,0,0,0.273059831802235,0,0,0,0.240223764584809,0,0,0,0,0.355026779266504,0,0.356161493578075,0,0.267333951344093,0,0,0,0,0,0,0,0,0,0,0,0.179606254696846,0.156042009592056,0,0,0
0,0,0,0,0,0,0,0,0.13840069139705,0,0,0,0.15945561726888,0,0.154085696948802,0,0.133419544546754,0.148845102638006,0.302093356847763,0,0,0,0,0,0,0,0.136840532605465,0,0,0,0,0,0,0,0,0,0,0,0,0,0,0,0,0,0.249582216143608,0,0,0,0,0,0,0,0,0,0.171709418296814,0,0.234084352850914,0,0.224931543072065,0,0,0,0,0,0,0,0,0,0,0,0,0,0,0,0,0,0,0,0,0,0,0,0.172498404181429,0,0,0,0
0,0.182390468979352,0,0,0,0.277283762892087,0,0,0,0.177039149560426,0,0,0,0.223864282170931,0,0.174916052479636,0.157348371214337,0.156058500611822,0,0,0,0.139505587518215,0,0.170029161607518,0,0.151451160414861,0,0,0,0,0,0,0,0,0,0,0,0,0,0,0,0,0,0,0,0,0,0,0,0.184107884764671,0,0.244705008135902,0,0,0,0.151897000196653,0,0,0,0.240223764584809,0,0,0,0,0,0,0,0,0.161624257763227,0,0,0,0,0,0,0,0,0,0,0,0,0,0.166757095445935,0.2593664833728,0,0,0
0,0,0,0,0,0.288508598915088,0,0,0,0,0,0.243185058308458,0,0,0,0,0,0,0.329891725078873,0.243466872140699,0,0,0,0.350533545017242,0,0,0,0,0,0,0,0.273679219186306,0,0.248486652970314,0,0.240225493235696,0,0.266981699523774,0,0.254882637138774,0,0.377495768904908,0.282993018627167,0.376046065773283,0,0.246795127372398,0,0.2794855573663,0,0.283341229028172,0,0.276930532672188,0,0,0,0,0,0.334177049770379,0,0,0,0,0,0,0,0,0.358937301418998,0,0.408762365579605,0,0.378698191168357,0,0.338336590109438,0,0.232351750135422,0,0.271912597119808,0,0.288266345517664,0,0.340564882813036,0.358690917491913,0.232274275118783,0.343379475176334,0.34373226341722,0.329596629229988,0
0,0,0.285166524350643,0,0.226023664392197,0,0,0,0,0,0.188646730523379,0,0,0,0,0,0.319696684678396,0.33942037075758,0.333645192618223,0,0.237226177372325,0,0,0,0,0,0,0,0,0,0,0,0.267737751205762,0,0.284579366445541,0.355000674724579,0.266552925906362,0,0.184908456036023,0.359091252088547,0.258405772655198,0.335761949419975,0.362654569237513,0.322465628385544,0.356195063818069,0,0.276787397742702,0.287072215761457,0.314398016402687,0.247196295857429,0,0,0,0,0,0,0.321979216548471,0,0,0,0,0,0,0,0,0,0,0,0,0,0,0,0,0.35193377718781,0,0,0,0,0.376820613940557,0.281680066626759,0.373653918504715,0.295132608921961,0.232582213920216,0.266653681173921,0.296014775007812,0.295103758573532,0.341368942349045
0,0,0,0,0,0,0,0,0,0.184593367079894,0,0,0,0,0,0.159149974584579,0.150159455835819,0.187178649008274,0.277986586093903,0,0,0.228981711472099,0,0.23246787177093,0,0.188472915026877,0,0.139201931655407,0,0,0,0,0,0,0,0,0,0.23733630827904,0.137818986177444,0,0,0,0,0,0,0,0,0,0,0.293434491883572,0,0,0,0,0,0.183448016643524,0,0.340824604034424,0,0,0,0,0,0,0,0,0.356680638910759,0,0.293510138072999,0,0.265458233668855,0,0,0,0,0,0,0,0,0,0.32352185525028,0,0.181093613558178,0,0.32799602960321,0,0
0,0,0,0,0,0,0,0,0,0,0,0,0,0,0,0,0,0,0,0,0,0.13970140674535,0.239112232656156,0,0.295021506707843,0,0.15769399702549,0,0.176603092447571,0,0,0,0,0,0,0,0,0,0.263799699923011,0,0,0,0,0,0,0,0,0,0.277214894493147,0,0,0,0,0,0,0,0,0,0,0,0,0,0,0,0,0,0,0.266329781481507,0,0.278424410512898,0,0.214716674981417,0,0,0,0,0,0,0,0,0,0.290860283542687,0.182847793363495,0,0,0,0
0,0.184627772205406,0,0,0,0,0,0,0,0.160304957379897,0,0,0,0,0,0.167248129844666,0.190197179714839,0.178502088785172,0.198411107063293,0,0,0.255394795845295,0,0.197419067930626,0,0.177537431195378,0.153483733534813,0,0,0,0,0,0,0,0,0,0,0.292985146923095,0,0,0,0.36093282699585,0,0,0,0,0,0,0,0.309937747987522,0,0,0,0,0,0.217871066771056,0,0.356145138249678,0,0.355026779266504,0,0,0.358937301418998,0,0.356680638910759,0,0,0,0.29195589200925,0,0.341722915289699,0,0.344325393438339,0,0,0,0,0,0,0,0.263030061585324,0,0.145221247484809,0,0.346370757239494,0,0
0,0,0,0,0,0,0,0,0.17629242396873,0,0,0,0,0,0,0,0.170513402670622,0,0,0,0,0,0.20684149954468,0,0.234409244110187,0,0.172618500267466,0,0,0,0,0,0,0,0,0,0,0,0.344504150572945,0,0,0,0,0,0,0,0,0,0.319147085449819,0,0,0,0,0,0.236845593964844,0,0,0,0,0,0,0,0,0,0,0.266329781481507,0,0,0,0.29540250143288,0,0,0,0,0,0,0,0.324764400720596,0,0,0,0.294315213708862,0.189239570078177,0.186678469181061,0.31786457407628,0,0
0,0,0,0,0,0,0,0,0.166716024279594,0.215415927271048,0,0,0,0,0,0.132038831710815,0.173705240090688,0.169415771569076,0.202605659763018,0,0,0.256461909291696,0,0.214336179254147,0,0.170249849039299,0.173683375120163,0.183866216013065,0,0,0,0,0,0,0,0,0,0,0,0,0,0.375296533107758,0,0,0,0,0,0,0,0.359923913035282,0,0,0,0,0,0.221581172943115,0,0.38139762904333,0,0.356161493578075,0,0.161624257763227,0.408762365579605,0,0.293510138072999,0,0.29195589200925,0,0,0,0.317076202502797,0,0,0,0,0,0,0,0.280632555484772,0,0,0,0.163619024679065,0,0.255127106110255,0.383194491267204,0
0,0,0,0,0,0,0,0,0.179142561554909,0,0,0,0,0,0.143263921141624,0,0.149628714331682,0.154052382707596,0.220466181635857,0,0,0,0.215691176908357,0.1578369140625,0.227568496156622,0,0.178167573573938,0,0.182306610284344,0,0,0,0,0,0,0,0,0,0,0,0,0,0,0,0,0,0,0,0.298879671692848,0,0,0,0,0,0.210118360817432,0,0,0,0,0,0,0,0,0,0,0.278424410512898,0,0.29540250143288,0,0,0,0.242064959530173,0,0,0,0,0,0,0,0,0,0,0.186954609493711,0,0,0,0
0,0,0,0,0,0,0,0,0,0,0,0.139195116565508,0,0.169377833996948,0,0,0,0,0,0.385141462087631,0,0.285347463662514,0,0.3216625473329,0,0,0,0.19843642816211,0,0.198462619501002,0,0,0,0,0,0.268809974193573,0,0.239760219536979,0,0,0,0.366525046089116,0.316999763250351,0.380174219608307,0,0.338148044215308,0,0,0,0.345724990734687,0,0,0,0,0,0,0,0.396151091896042,0,0.267333951344093,0,0,0.378698191168357,0,0.265458233668855,0,0.341722915289699,0,0.317076202502797,0,0,0,0.257766950922087,0,0,0,0.341642439365387,0,0.288099642310824,0,0.267941915310255,0,0.164156042363333,0.141123186796904,0.364932013121811,0.374373549222946,0
0,0,0,0,0,0,0,0,0,0,0,0,0,0,0,0,0,0,0,0,0,0,0.1705150377344,0,0,0,0.136649861931801,0,0.1869515326553,0,0.188657522201538,0,0,0,0,0,0,0,0,0,0,0,0,0,0,0,0,0,0.262670434334061,0,0,0,0,0,0,0,0,0,0.173553757369518,0,0,0,0,0,0,0.214716674981417,0,0,0,0.242064959530173,0,0,0,0.249014360279265,0,0,0,0,0,0,0,0.290354368632114,0.154147505760193,0,0,0,0
0,0,0,0.323073819279671,0,0.296253055334091,0,0,0,0,0,0.270696268614494,0,0,0,0,0,0.351640999317169,0.363613562150435,0.325251610211606,0,0,0,0,0,0,0,0.170835699708689,0,0.186397606837543,0,0,0,0.414676159620285,0,0.316702491470746,0,0.144765977391461,0,0.366514377295971,0,0.309510101248899,0.334142873684565,0.429094971691976,0,0.354959675898919,0,0.280022412538528,0,0.250382241606712,0,0,0,0,0,0,0,0.348765126871156,0,0,0,0,0.338336590109438,0,0,0,0.344325393438339,0,0,0,0.257766950922087,0,0,0,0,0,0,0,0.272971862419085,0,0.310971951226304,0,0.161718098016886,0.269858479499817,0.358945113213936,0.355436189062133,0
0,0,0.297893322176403,0,0.267394457872097,0,0,0,0,0,0.237479125876581,0,0,0,0,0,0.334694971640905,0.384596675634384,0.387528697649638,0,0.317117967515541,0,0,0,0,0,0,0,0.174153977206775,0,0.206499517640004,0,0,0,0,0.36639991402626,0.342478232724326,0,0.207162856124341,0,0.311304724878735,0,0.325531827262107,0,0.435621074017356,0,0.368004825027767,0.336465700106187,0.296350751629847,0,0.268737502396107,0,0,0,0,0,0.319940802065307,0,0,0,0,0,0,0.35193377718781,0,0,0,0,0,0,0,0.249014360279265,0,0,0,0,0,0.284346967935562,0,0.273836531967082,0,0.255787513823044,0.328597363445067,0.335958003997803,0.38954150604927,0,0.389450575674281
0,0,0,0,0,0.252345442771912,0,0,0,0,0,0,0,0,0,0,0,0,0,0,0,0,0,0,0,0,0,0,0,0,0,0.398808832403757,0.291143648814426,0.277321453690529,0.205955110490322,0.193151165332113,0,0,0,0.341475520815168,0,0,0,0,0,0.237376302480698,0,0.445453886573131,0,0.299481984227896,0,0,0,0,0,0,0,0,0,0,0,0,0.232351750135422,0,0,0,0,0,0,0,0,0,0,0,0,0.178075205315562,0.34820171131515,0,0.381289445559695,0,0,0,0.361559888720512,0,0,0,0
