0,0,0.23058580979153,0,0,0,0,0,0.197629535349749,0,0,0,0,0,0,0,0,0,0,0,0,0,0,0,0,0,0,0,0,0,0,0,0,0,0,0,0,0,0.220560125433482,0,0,0,0.215146772563457,0,0,0,0,0.217179849743843,0.199028793083589,0,0,0,0,0,0.25368369812084,0,0,0,0.226469922396872,0,0.228346732045923,0,0,0,0,0,0,0,0,0,0,0,0,0,0,0,0,0,0,0,0,0.228328347206116,0.15858337767871,0,0.180090649406902,0,0
0,0,0,0.171825849500142,0,0,0,0,0,0.223098663505047,0,0,0,0,0,0,0,0,0,0,0,0,0,0,0,0,0,0,0,0,0,0,0,0,0,0,0,0.199775978922844,0,0,0,0.206040001577801,0,0,0,0,0,0,0,0.128090316261625,0,0,0,0,0,0.19023073149157,0,0,0,0,0,0,0,0,0,0,0,0,0,0,0,0,0,0,0,0,0,0,0,0,0,0,0.162422156274909,0,0.148214959611856,0,0
0.23058580979153,0,0,0,0,0,0,0,0.210328821522685,0,0,0,0,0,0,0,0,0,0.267764210700989,0,0,0,0,0,0,0,0,0,0,0,0,0,0,0,0,0,0,0,0,0,0,0,0.250025620514696,0,0,0,0.24942597001791,0,0.195438339754387,0,0.170193411536136,0,0,0,0.208174436394848,0,0.224903300906835,0,0.195269585546592,0,0.190935115050524,0,0,0.241566454561857,0,0,0,0,0,0,0,0,0,0.336057916283607,0,0,0,0,0,0.218301549553871,0,0,0.126488430764187,0,0.217669215481225,0,0
0,0.171825849500142,0,0,0,0.205906933921726,0,0,0,0.176239441548075,0,0,0,0,0,0,0,0,0.268356886506081,0,0,0,0,0,0,0,0,0,0,0,0,0,0,0,0,0,0,0,0,0.24529463921984,0,0.286160031954447,0,0,0,0.16920385353787,0,0.291464520727887,0.258487207815051,0.197578205455711,0,0.223588796571279,0,0,0,0.130995879570643,0,0.225045708792933,0,0.193281017243862,0,0.199584346264601,0.285181598443734,0,0,0.397374510765076,0,0,0,0,0,0,0.283784382921808,0,0,0,0.307178691029549,0.317718595266342,0.282224393807925,0,0.300220217307409,0,0.207705891592071,0,0.181438635658435,0.261589344590902,0
0,0,0,0,0,0,0.215625084292741,0,0.202563483800207,0,0,0,0,0,0.14319732427597,0,0,0,0.242473930120468,0,0.176619747187942,0,0,0,0,0,0,0,0,0,0,0,0,0,0,0,0.208785911401113,0,0,0,0.211986641089121,0,0.23878239483937,0,0,0,0.220655640417879,0.287424474954605,0.223516421432191,0,0.163808242782303,0,0.137106895446777,0,0,0,0.274579877654711,0,0,0,0.154806794391738,0,0,0.212266812789011,0,0,0,0,0,0,0,0,0,0.25874375551939,0,0,0,0.286541134119034,0,0.220357676798647,0,0.285591751337051,0.166237355697723,0,0.222627771392949,0,0
0,0,0,0.205906933921726,0,0,0,0.195260137319565,0,0,0,0,0,0,0,0,0.269325971603394,0,0.265574790537357,0.187959976494312,0,0,0,0,0,0,0,0,0,0,0,0,0,0.324228465557098,0,0,0,0,0,0.225559245795012,0,0.245874353581005,0,0,0,0.182850660672828,0,0.272485431197078,0.244463584514765,0.237394570135603,0,0.188635361239766,0,0,0,0,0,0.274247795343399,0,0,0,0.15830369591713,0.27340609546994,0,0,0,0,0,0,0,0,0,0.244638562202454,0,0,0,0.308116536248814,0,0.208176645317248,0,0.271250685056051,0,0.18432879025209,0,0.230007593805627,0.253189543883006,0
0,0,0,0,0.215625084292741,0,0,0,0,0,0.215511774871407,0,0.173209135731061,0,0,0,0,0,0,0,0,0,0,0,0,0,0,0,0,0,0,0,0,0,0,0,0,0,0,0,0,0,0,0,0,0,0,0,0,0,0,0,0.21023714117179,0,0,0,0.248894223395516,0,0.179650527238846,0,0,0,0,0.228010851144791,0,0,0,0,0,0,0,0,0,0,0,0,0,0,0,0,0,0,0.182749871397391,0.152539757390817,0,0,0
0,0,0,0,0,0.195260137319565,0,0,0,0,0,0.167654927819967,0,0.156730810961416,0,0,0,0,0,0.154677394032478,0,0,0,0,0,0,0,0,0,0,0,0,0,0,0,0,0,0,0,0,0,0,0,0,0,0,0,0,0,0,0,0.178010205179453,0,0.182474016382493,0,0,0,0.166927129030228,0,0.154337654511134,0,0,0,0,0,0,0,0,0,0,0,0,0,0,0,0,0,0,0,0,0,0,0.200406009065253,0,0,0,0
0.197629535349749,0,0.210328821522685,0,0.202563483800207,0,0,0,0,0,0,0,0,0,0.173435824869693,0,0.266084345967831,0.201197267092507,0.28842455849928,0,0,0,0.202627392342457,0.180297484000524,0.176005280359847,0,0.190750822424889,0,0.327076941728592,0,0,0,0,0,0,0,0,0,0.225741435443201,0,0.246639296412468,0,0.253860111622249,0,0,0,0.238679319620132,0,0.198865523164192,0,0.219757851213217,0,0,0,0.198129621084607,0,0,0,0.215386532247066,0,0.172952242341696,0,0,0.233066615249429,0,0.161532074213028,0,0.204771669374572,0.165722131729126,0.163762597988049,0,0,0,0,0,0,0,0,0.332789704203606,0.28621768951416,0,0.258571159954254,0.184181109551917,0.154238730669022,0.221494020588657,0,0
0,0.223098663505047,0,0.176239441548075,0,0,0,0,0,0,0,0,0,0,0,0.202401247123877,0,0.170925259590149,0,0,0,0.121330946683884,0,0.218712864383574,0,0.19248027411791,0,0,0,0,0,0,0,0,0,0,0,0.235171251143927,0.376549005508423,0,0,0.201291485266252,0,0,0,0.190850377082825,0,0.319888730843862,0,0.253112867474556,0,0,0,0,0,0.197096525488361,0,0,0,0,0,0.167912523945173,0,0,0.15697668492794,0,0.16114304214716,0,0,0,0,0,0,0,0,0,0,0,0.325582057237625,0,0.229333635051172,0,0.224355212361098,0,0.242215030310149,0,0
0,0,0,0,0,0,0.215511774871407,0,0,0,0,0,0.165911912464113,0,0,0,0,0,0.32197567820549,0,0.177054438615839,0,0,0,0,0,0,0,0,0,0.261700994006001,0,0,0,0,0,0.198067819721559,0,0.170321965678817,0,0,0,0.431099385023117,0,0,0,0.29852504365974,0,0.272155433893204,0,0,0,0.205061703573826,0,0,0,0.212313830742243,0,0.176457366844018,0,0,0,0,0.265289648323885,0,0,0,0,0,0,0,0,0,0.283070424211121,0,0,0,0,0,0.250320026334727,0,0.237925377819393,0.189104261940001,0,0.326558479240962,0.298648029565811,0.43398454785347
0,0,0,0,0,0,0,0.167654927819967,0,0,0,0,0,0.164914690658578,0,0,0.35039085149765,0,0.350508759419123,0.161551454811004,0,0,0,0,0,0,0,0,0,0.261429934612828,0,0,0,0,0,0.18509595492177,0,0.153897937541644,0,0,0,0,0,0.418982714414597,0,0.294182721721499,0,0,0.28856697678566,0,0,0,0,0.150271251797676,0,0,0,0.216690230880272,0,0.160509130328285,0,0,0.267830999394835,0,0,0,0,0,0,0,0,0,0.299466649731646,0,0,0,0,0,0.201953338725226,0,0.194187190409364,0,0.190159518262772,0.203443851321936,0.263119713056321,0.455497086048126,0
0,0,0,0,0,0,0.173209135731061,0,0,0,0.165911912464113,0,0,0,0.144789566596349,0,0,0,0,0,0,0,0,0,0,0,0,0,0.170531721714416,0,0,0,0,0,0,0,0,0,0,0,0,0,0,0,0,0,0,0,0,0,0,0,0,0,0,0,0.163657922748026,0,0.173034482405032,0,0.155749708414078,0,0,0,0,0,0,0,0,0.135812863707542,0,0.147465465702867,0,0,0,0,0,0,0,0,0,0,0.208363324322336,0.230293170954937,0,0,0
0,0,0,0,0,0,0,0.156730810961416,0,0,0,0.164914690658578,0,0,0,0.159048274943703,0,0,0,0,0,0,0,0,0,0.117965780198574,0,0,0,0,0,0,0,0,0,0,0,0,0,0,0,0,0,0,0,0,0,0,0,0,0,0.135490702355609,0,0.154723608132565,0,0,0,0.166788104176521,0,0.163161743984703,0,0.177464647425546,0,0,0,0,0,0,0,0,0.167309904950006,0,0,0,0,0,0,0,0,0,0,0,0.14840891584754,0,0,0,0
0,0,0,0,0.14319732427597,0,0,0,0.173435824869693,0,0,0,0.144789566596349,0,0,0,0.173334183211022,0.172564469277859,0,0,0,0,0.131571963429451,0,0.149623151868582,0,0.157342924248605,0,0.143261437614759,0,0,0,0,0,0,0,0,0,0,0,0,0,0,0,0,0,0,0,0.157255881849457,0,0,0,0,0,0.146804135970094,0,0,0,0.142731836996973,0,0.167790807693566,0,0,0,0,0.147086635231972,0,0.146119624376297,0,0.152719202119371,0,0.127390404542287,0,0,0,0,0,0,0,0,0,0,0.179372695615943,0,0,0,0
0,0,0,0,0,0,0,0,0,0.202401247123877,0,0,0,0.159048274943703,0,0,0,0.139824714410949,0.192111223936081,0,0,0.131301859722418,0,0.158105339775694,0,0.15297940565262,0,0,0,0,0,0,0,0,0,0,0,0,0,0,0,0,0,0,0,0,0,0,0,0,0,0,0,0,0,0,0,0,0,0.160557602907156,0,0.178251119951407,0,0,0.131529945466253,0,0.156316198981725,0,0.15415751905578,0,0,0,0,0,0,0,0,0,0,0,0,0,0.183059167912883,0,0,0,0
0,0,0,0,0,0.269325971603394,0,0,0.266084345967831,0,0,0.35039085149765,0,0,0.173334183211022,0,0,0.184049645594862,0.256092464764176,0,0,0.166350781917572,0.127678947086715,0.173904369326301,0.137828119237114,0.16883633179324,0.138314259346563,0,0.13620176166296,0,0,0,0,0,0,0,0,0.371693730354309,0,0.310380260411062,0.275516497237342,0.275996457519276,0.254602240132434,0.289020696282387,0.340906769037247,0.29761078953743,0.265988849103451,0.253341197967529,0.264751523733139,0.262770185867945,0,0,0,0,0,0,0.343254499137402,0.310450979254463,0,0,0.16626284337706,0.162389039993286,0.316194006800652,0.314429466019977,0.162201777100563,0.126908487515894,0.175004588067532,0.137512230873108,0.159251540899277,0.15337811712833,0,0.140439395606518,0.333050388097763,0.348970991373062,0,0,0,0,0.340928319544514,0.32553903053994,0.344349483372989,0.32605803193468,0.237097517358591,0.0888269774806805,0.312813147225163,0.262096481397748,0.264911615422794
0,0,0,0,0,0,0,0,0.201197267092507,0.170925259590149,0,0,0,0,0.172564469277859,0.139824714410949,0.184049645594862,0,0.312838719450645,0,0,0.13410434368079,0.157925082370639,0.16003519101382,0.150872379541397,0.138758144588424,0.15634874360902,0.115428108828408,0,0,0,0,0,0,0,0.388708204030991,0,0.362903195619583,0,0.315674937584183,0.284698638049039,0.295065507108783,0.259651520186,0.31934027671814,0,0.29786017537117,0.26314377784729,0,0.286878168582916,0.315814666450024,0,0,0,0,0,0,0.358481675386429,0.340682709217072,0,0,0.174248546361923,0.148368598385291,0.342932229240735,0.312093410889308,0.129951909963805,0.155270554125309,0.156598684219819,0.156114459037781,0.137445140123657,0,0,0,0.353507805678804,0.375322371721268,0,0,0,0,0.366589223748175,0.327547582983971,0.361738610153015,0.331216852915914,0.193548558668332,0.116101485490799,0.305198347026652,0.277361277152191,0
0,0,0.267764210700989,0.268356886506081,0.242473930120468,0.265574790537357,0,0,0.28842455849928,0,0.32197567820549,0.350508759419123,0,0,0,0.192111223936081,0.256092464764176,0.312838719450645,0,0,0.350904576480389,0.286168376604716,0.243431245287259,0.251249827444553,0.256647408008575,0.321453139185905,0.306013643741608,0,0,0,0,0,0,0.269578784704208,0,0.377570122480392,0,0.379521045684814,0,0.305012153784083,0.275771628296564,0.257116946193013,0.240560099362728,0.296046315563526,0.367387360622806,0.295606116453807,0.314863792874596,0.229054959556636,0.267910439753905,0.245970568548866,0,0,0,0,0,0,0.347688563032584,0.346740063834698,0,0,0,0.223669320344925,0.330638779061181,0.335598288074372,0.278493011991183,0,0.273248165845871,0,0.246163874864578,0,0,0,0.360696249236964,0.351116579025984,0,0,0.263610884547234,0,0.349453210365641,0.336740747442505,0.354211384741564,0.351379702802352,0.241528278941615,0,0.282287517513276,0.273835098357509,0.24975246804602
0,0,0,0,0,0.187959976494312,0,0.154677394032478,0,0,0,0.161551454811004,0,0,0,0,0,0,0,0,0,0,0,0,0,0,0,0,0,0.280452132225037,0,0,0,0,0,0.150167155685841,0,0.116643314394686,0,0.22639499604702,0,0.289914101362228,0,0,0,0.265870374937852,0,0,0.280054420232773,0,0,0.303701370954514,0,0,0,0,0,0.275526937685515,0,0,0,0,0.202730717096519,0,0,0,0,0,0,0,0,0,0.310154354420759,0,0,0,0,0,0.179350442684642,0,0.182408208195022,0,0.165185692409674,0,0.212544676661491,0,0
0,0,0,0,0.176619747187942,0,0,0,0,0,0.177054438615839,0,0,0,0,0,0,0,0.350904576480389,0,0,0,0,0,0,0,0,0,0,0,0,0,0,0,0,0,0.206773959848975,0,0.169860038374152,0,0.272859320044518,0.28212109208107,0.361298406407947,0,0,0,0.31612136940551,0,0.283478089297811,0,0.187614788229649,0,0,0,0,0,0.335227508630071,0,0,0,0,0,0,0.265018889823334,0,0,0,0,0,0,0,0,0,0.452933219346133,0,0,0,0,0,0.239762005440456,0,0.277952322367136,0.181622662228386,0,0.310794204314973,0,0.387338576408533
0,0,0,0,0,0,0,0,0,0.121330946683884,0,0,0,0,0,0.131301859722418,0.166350781917572,0.13410434368079,0.286168376604716,0,0,0,0.132882523974952,0.159834410492524,0.120719615370035,0.126759105363574,0,0.179759654709521,0,0,0,0,0,0,0,0,0,0.178984436994801,0.106016181409359,0,0,0,0,0,0,0,0,0,0,0.264653205566367,0,0,0,0,0,0,0,0.340606838464737,0,0,0,0.140765553712845,0,0,0.158561474334354,0.130196236647092,0.160792974926901,0,0.127015350713068,0,0.201440771905387,0,0,0,0,0,0,0,0.380283286174138,0,0.227799607425848,0,0.133998022898598,0.163797802174953,0,0.233460694551468,0
0,0,0,0,0,0,0,0,0.202627392342457,0,0,0,0,0,0.131571963429451,0,0.127678947086715,0.157925082370639,0.243431245287259,0,0,0.132882523974952,0,0.177441328763962,0.17010113493587,0,0.130942528914283,0,0.149970176978968,0,0,0,0,0,0,0,0,0.147967809438705,0.182815581846986,0,0,0,0,0,0,0,0,0.427418037421174,0.237165556035259,0,0,0,0,0,0,0,0,0,0,0,0.18883715569973,0,0,0,0.148645732374418,0.186357164389034,0,0.133770054206252,0,0.14376845088872,0,0.139973742887378,0,0,0,0,0,0,0,0,0,0.234903741433569,0.15454899747566,0.133346426954306,0,0,0
0,0,0,0,0,0,0,0,0.180297484000524,0.218712864383574,0,0,0,0,0,0.158105339775694,0.173904369326301,0.16003519101382,0.251249827444553,0,0,0.159834410492524,0.177441328763962,0,0.145346611738205,0.164104222922201,0.176094114780426,0,0,0,0,0,0,0,0,0,0,0.187090720603431,0,0,0,0,0,0,0,0,0,0,0,0.244721308783876,0,0,0,0,0,0.176315243976812,0,0.315200299024582,0,0,0,0.154927914341291,0,0,0.144817245846295,0,0.166688706304307,0,0.14921778218732,0,0.223230943083763,0,0,0,0,0,0,0,0.346981638669968,0.307861417531967,0.202658735215664,0,0.162357030200287,0.14546725153923,0.25067106941167,0,0
0,0,0,0,0,0,0,0,0.176005280359847,0,0,0,0,0,0.149623151868582,0,0.137828119237114,0.150872379541397,0.256647408008575,0,0,0.120719615370035,0.17010113493587,0.145346611738205,0,0,0.167539804517309,0,0,0,0,0,0,0,0,0,0,0,0.169190022327444,0,0,0,0,0,0,0,0,0,0.141655334476697,0,0,0,0,0,0.161747566025172,0,0,0,0,0,0,0,0,0,0,0.14147884702241,0,0.142613536985637,0,0.179954454194808,0,0,0,0,0,0,0,0,0,0,0,0.180134761098184,0.151973310359228,0.153732021097784,0.225375274347292,0,0
0,0,0,0,0,0,0,0,0,0.19248027411791,0,0,0,0.117965780198574,0,0.15297940565262,0.16883633179324,0.138758144588424,0.321453139185905,0,0,0.126759105363574,0,0.164104222922201,0,0,0,0.142713342394148,0,0,0,0,0,0,0,0,0,0,0,0,0,0,0,0,0,0,0,0,0,0,0,0,0,0,0,0.1466254144907,0,0,0,0,0,0.148610668778419,0,0,0.136059474090936,0,0.161746635778648,0,0.138053921413122,0,0.147266611456871,0,0,0,0,0,0,0,0,0,0.348315834999084,0,0.138733309344389,0.139708578586578,0,0,0
0,0,0,0,0,0,0,0,0.190750822424889,0,0,0,0,0,0.157342924248605,0,0.138314259346563,0.15634874360902,0.306013643741608,0,0,0,0.130942528914283,0.176094114780426,0.167539804517309,0,0,0,0.135166906771508,0,0,0,0,0,0,0,0,0,0,0,0,0,0,0,0,0,0,0,0,0,0,0,0,0,0,0,0,0,0.14504446387291,0,0.153210184328696,0,0,0,0,0.123683112367351,0,0.130582348388784,0,0.13794003612058,0,0.136310482407854,0,0,0,0,0,0,0,0,0,0,0.143417269912088,0.118154366811117,0,0,0
0,0,0,0,0,0,0,0,0,0,0,0,0,0,0,0,0,0.115428108828408,0,0,0,0.179759654709521,0,0,0,0.142713342394148,0,0,0,0.154120559362989,0,0,0,0,0,0,0,0.181901920495964,0,0,0,0,0,0,0,0,0,0,0,0,0,0,0,0,0,0,0,0,0,0.172425299205563,0,0,0,0,0.159773300091426,0,0,0,0.158627505103747,0,0.19621289357154,0,0.176866123805175,0,0,0,0,0,0,0,0.231338595639761,0,0.137873612197214,0,0,0,0
0,0,0,0,0,0,0,0,0.327076941728592,0,0,0,0.170531721714416,0,0.143261437614759,0,0.13620176166296,0,0,0,0,0,0.149970176978968,0,0,0,0.135166906771508,0,0,0,0.166819492975871,0,0,0,0,0,0,0,0.163449732065201,0,0,0,0,0,0,0,0,0,0,0,0,0,0,0,0,0,0,0,0.179282263038665,0,0,0,0,0,0,0.234679999450843,0,0,0,0.13420889207295,0,0.184857175426993,0,0.255017570578135,0,0,0,0,0,0,0,0.251249834895134,0.172245057739995,0.188170790672302,0,0,0
0,0,0,0,0,0,0,0,0,0,0,0.261429934612828,0,0,0,0,0,0,0,0.280452132225037,0,0,0,0,0,0,0,0.154120559362989,0,0,0,0,0,0,0,0,0,0.203364179366165,0,0,0,0,0,0,0,0,0,0,0,0,0,0,0,0,0,0,0,0.262931238114834,0,0,0,0,0.301577210426331,0,0,0,0,0,0,0,0.147944733500481,0,0.194153427448538,0,0,0,0,0,0,0,0.189587614940185,0,0.168545425766044,0,0,0,0
0,0,0,0,0,0,0,0,0,0,0.261700994006001,0,0,0,0,0,0,0,0,0,0,0,0,0,0,0,0,0,0.166819492975871,0,0,0,0,0,0,0,0,0,0.211181304736861,0,0,0,0,0,0,0,0,0,0,0,0,0,0,0,0,0,0.250750536531634,0,0,0,0,0,0,0,0,0,0,0,0,0,0,0,0,0.251192291640604,0,0,0,0,0,0,0,0.265344216901323,0.274783858656883,0,0,0,0
0,0,0,0,0,0,0,0,0,0,0,0,0,0,0,0,0,0,0,0,0,0,0,0,0,0,0,0,0,0,0,0,0.23338238979946,0.233310420048463,0.221999595562617,0.147428070718334,0.159145226577918,0,0,0,0,0,0,0,0,0,0,0.358889462046362,0,0.21976438164711,0,0,0,0,0,0,0,0.285172402858734,0,0,0,0,0,0,0,0,0,0,0,0,0,0,0,0,0.397695700056886,0.331241107402513,0.457485480153042,0.268543243408203,0.262280618787232,0.291407881677151,0,0,0.209911184783788,0,0,0,0
0,0,0,0,0,0,0,0,0,0,0,0,0,0,0,0,0,0,0,0,0,0,0,0,0,0,0,0,0,0,0,0.23338238979946,0,0.303248465061188,0.242358996719713,0.162017613649368,0.180746323505386,0,0,0,0,0,0,0,0,0,0,0.342009735758756,0.256985334789052,0,0,0,0,0,0,0,0,0,0,0,0,0,0,0,0,0,0,0,0,0,0,0,0,0,0.336856888552893,0.404371369219507,0,0.363203802217658,0.133202567696571,0.223817573365454,0,0,0.34361275604793,0,0,0,0
0,0,0,0,0,0.324228465557098,0,0,0,0,0,0,0,0,0,0,0,0,0.269578784704208,0,0,0,0,0,0,0,0,0,0,0,0,0.233310420048463,0.303248465061188,0,0.175868540257938,0.17945440050404,0.209968112409115,0.284146349344935,0.438566237688065,0,0,0.359947820504506,0.311350502073765,0,0,0.323563486337662,0,0.588086398602107,0.491116672754288,0.400613600256467,0,0,0,0,0,0,0,0.329762101173401,0,0,0,0,0,0,0,0,0,0,0,0,0,0,0.316995352506638,0,0.467342239662617,0.429734587669373,0.420339979677649,0.281365079115239,0.22634240296215,0,0.403495303140237,0.506325225035349,0.199127931217838,0,0.468257596757677,0,0
0,0,0,0,0,0,0,0,0,0,0,0,0,0,0,0,0,0,0,0,0,0,0,0,0,0,0,0,0,0,0,0.221999595562617,0.242358996719713,0.175868540257938,0,0.138817539811134,0.19466229413359,0,0.250412732406768,0,0,0.334133327007294,0.361496791243553,0,0,0,0.348424563805262,0.496072742566779,0.470842547916077,0.476317787362683,0,0,0,0,0,0,0,0,0,0,0,0,0.326585054397583,0.359239399433136,0,0,0,0,0,0,0,0,0,0,0.471747090419133,0.487138077887622,0.302084683637384,0.406900791239462,0,0.279095261810229,0.5182492852211,0.370266051166508,0.277151422087117,0,0.576875000770859,0.335414215922356,0
0,0,0,0,0,0,0,0,0,0,0,0.18509595492177,0,0,0,0,0,0.388708204030991,0.377570122480392,0.150167155685841,0,0,0,0,0,0,0,0,0,0,0,0.147428070718334,0.162017613649368,0.17945440050404,0.138817539811134,0,0.162158505048924,0.193470363414977,0,0.437568366527557,0,0.384177193045616,0,0.45819103717804,0,0.192856875305273,0,0.281808732520966,0.213442549109459,0.21519772708416,0,0,0,0,0,0,0,0.211345004488011,0,0,0,0,0.174017005764386,0,0,0,0,0,0,0,0,0,0.303661465644836,0,0.295665605614583,0,0.23202328268665,0,0.216215978337623,0.159224669745826,0.205514142248366,0,0.179178726762617,0.219653190398703,0.177822585862416,0.303056468566259,0
0,0,0,0,0.208785911401113,0,0,0,0,0,0.198067819721559,0,0,0,0,0,0,0,0,0,0.206773959848975,0,0,0,0,0,0,0,0,0,0,0.159145226577918,0.180746323505386,0.209968112409115,0.19466229413359,0.162158505048924,0,0.197482049465179,0.218880352367079,0,0.248986676335335,0,0.300872530705399,0,0,0,0.203184930053917,0.146465502965909,0.262533491134644,0.177104949951172,0,0,0,0,0,0,0.26232977474437,0,0,0,0,0,0,0.2369975259331,0,0,0,0,0,0,0,0,0,0.334038938085238,0,0.21788127720356,0,0.250765673816204,0.185137227532409,0.217598259564709,0,0.254986883788688,0.190429319425541,0.177598638978751,0.245816353228357,0,0
0,0.199775978922844,0,0,0,0,0,0,0,0.235171251143927,0,0.153897937541644,0,0,0,0,0.371693730354309,0.362903195619583,0.379521045684814,0.116643314394686,0,0.178984436994801,0.147967809438705,0.187090720603431,0,0,0,0.181901920495964,0,0.203364179366165,0,0,0,0.284146349344935,0,0.193470363414977,0.197482049465179,0,0.147576888402303,0.34037846326828,0,0.409109205007553,0,0.425984982933317,0,0.28942619088818,0,0.655939134492386,0.546440854668617,0.263101203382508,0,0,0,0,0,0.223800417016314,0,0.198156540381147,0,0,0,0,0.25671666594,0,0.189764471854581,0.161986291408539,0.168883894104511,0,0,0,0.22980559617281,0,0.164202938973904,0,0,0,0.260095132350922,0,0.220547944797721,0,0.198914695093934,0.661691784858704,0.176377663699541,0.156837652929249,0.247988228941097,0.337122325192798,0
0.220560125433482,0,0,0,0,0,0,0,0.225741435443201,0.376549005508423,0.170321965678817,0,0,0,0,0,0,0,0,0,0.169860038374152,0.106016181409359,0.182815581846986,0,0.169190022327444,0,0,0,0.163449732065201,0,0.211181304736861,0,0,0.438566237688065,0.250412732406768,0,0.218880352367079,0.147576888402303,0,0,0.259869426488876,0.344744607806206,0.192544206783369,0,0,0.417350292205811,0,0.528473842981179,0.264926646226718,0.516704808388438,0,0,0,0,0.167792740034627,0,0.214984811014599,0,0,0,0,0,0,0.317618880834844,0,0.223333908435632,0,0.130879049938099,0,0,0,0.195121777653694,0,0.243157673627138,0,0,0.473058700561523,0.244956603328857,0,0.251160162731213,0.449933338165283,0.227646060710857,0.17718861326355,0.140757663745166,0.244395724746336,0.329850047826767,0
0,0,0,0.24529463921984,0,0.225559245795012,0,0,0,0,0,0,0,0,0,0,0.310380260411062,0.315674937584183,0.305012153784083,0.22639499604702,0,0,0,0,0,0,0,0,0,0,0,0,0,0,0,0.437568366527557,0,0.34037846326828,0,0,0.312101018428803,0.30900155975289,0.283638071381685,0.389017939567566,0,0.205280677224538,0,0.29310524277389,0.28879389166832,0.251007814688087,0,0,0,0,0,0,0.247054904699326,0.291283019714885,0,0,0,0,0.274844976163459,0.326092563569546,0,0,0,0,0,0,0,0,0.288239251922917,0,0,0,0.337483547627926,0,0.30943603933057,0.32834105039465,0.336072121514007,0.356481127440929,0.301983040611418,0,0.304265204625196,0.296585125185676,0.289240156610807
0,0,0,0,0.211986641089121,0,0,0,0.246639296412468,0,0,0,0,0,0,0,0.275516497237342,0.284698638049039,0.275771628296564,0,0.272859320044518,0,0,0,0,0,0,0,0,0,0,0,0,0,0,0,0.248986676335335,0,0.259869426488876,0.312101018428803,0,0.262366575791555,0.256786697484787,0,0,0,0.20819416310106,0.300090216696262,0.298185513164058,0.273731097579002,0,0,0,0,0,0,0.283702372573316,0.356485784053802,0,0,0,0,0.384327530860901,0.253004976891373,0,0,0,0,0,0,0,0,0.28158275783062,0.292436904708544,0,0,0,0.352029323577881,0.336342550814152,0.274314669388229,0.297229692339897,0.2523857187412,0.285454936516591,0,0.267213007167945,0.278349936008453,0.250628442134497
0,0.206040001577801,0,0.286160031954447,0,0.245874353581005,0,0,0,0.201291485266252,0,0,0,0,0,0,0.275996457519276,0.295065507108783,0.257116946193013,0.289914101362228,0.28212109208107,0,0,0,0,0,0,0,0,0,0,0,0,0.359947820504506,0.334133327007294,0.384177193045616,0,0.409109205007553,0.344744607806206,0.30900155975289,0.262366575791555,0,0.231430326419337,0.304227745437876,0,0.311013094308865,0.201769262552261,0.261969523897504,0.289315323981028,0.23043939915006,0,0,0,0,0,0.191581934690475,0.321658954024315,0.342400792284551,0,0,0,0,0.343220961259471,0.314252039624585,0.199252292513847,0,0,0,0,0,0,0,0.321838837428697,0.299480985850096,0,0,0.359465497044417,0.330485880374908,0.327695822866063,0.304891231656075,0.330378404752476,0.317100256019168,0.233858061259116,0,0.266067847292038,0.272607359168775,0.234717261046171
0.215146772563457,0,0.250025620514696,0,0.23878239483937,0,0,0,0.253860111622249,0,0.431099385023117,0,0,0,0,0,0.254602240132434,0.259651520186,0.240560099362728,0,0.361298406407947,0,0,0,0,0,0,0,0,0,0,0,0,0.311350502073765,0.361496791243553,0,0.300872530705399,0,0.192544206783369,0.283638071381685,0.256786697484787,0.231430326419337,0,0,0.390881061553955,0.293585792183876,0.261011049271109,0.250748458266091,0.236572199108981,0.288762836593442,0,0,0,0,0,0,0.342944221392274,0.28794664144516,0,0,0,0,0.298089196284612,0.32910344780694,0,0,0,0,0,0,0,0,0.280170917510986,0.30371351231197,0,0,0.320010669529438,0,0.291045816535624,0.292702317381827,0.299729286382596,0.324506244516645,0.247715359545858,0,0.268004987054333,0.234941785676139,0.243495675604394
0,0,0,0,0,0,0,0,0,0,0,0.418982714414597,0,0,0,0,0.289020696282387,0.31934027671814,0.296046315563526,0,0,0,0,0,0,0,0,0,0,0,0,0,0,0,0,0.45819103717804,0,0.425984982933317,0,0.389017939567566,0,0.304227745437876,0,0,0,0.305728604396184,0,0.273826360702515,0,0.307632282376289,0,0,0,0,0,0,0,0.389254208405813,0,0,0,0,0.311505064368248,0.308297783136368,0,0,0,0,0,0,0,0,0.401606562525727,0,0,0,0,0,0.440386298479456,0.376875787973404,0.451173924144946,0,0.278940631793096,0,0.25703226283294,0.293914898678108,0
0,0,0,0,0,0,0,0,0,0,0,0,0,0,0,0,0.340906769037247,0,0.367387360622806,0,0,0,0,0,0,0,0,0,0,0,0,0,0,0,0,0,0,0,0,0,0,0,0.390881061553955,0,0,0,0,0,0,0,0,0,0,0,0,0,0.415651142597198,0.393596291542053,0,0,0,0,0,0.480937510728836,0,0,0,0,0,0,0,0,0,0.401287317276001,0,0,0,0,0,0.467032228708267,0,0.476117679050991,0,0,0.460184097290039,0,0
0,0,0,0.16920385353787,0,0.182850660672828,0,0,0,0.190850377082825,0,0.294182721721499,0,0,0,0,0.29761078953743,0.29786017537117,0.295606116453807,0.265870374937852,0,0,0,0,0,0,0,0,0,0,0,0,0,0.323563486337662,0,0.192856875305273,0,0.28942619088818,0.417350292205811,0.205280677224538,0,0.311013094308865,0.293585792183876,0.305728604396184,0,0,0,0.303893790296886,0.249718645250941,0.212453990634801,0,0,0,0,0,0,0,0.275812462765885,0,0,0,0,0.280561748316385,0,0,0,0,0,0,0,0,0,0.313820109909607,0,0,0,0.331597566604614,0,0.240650214620705,0.349026054143906,0.290667758486903,0.422537326812744,0.211015896809181,0,0.219420651058647,0.283146091350695,0
0,0,0.24942597001791,0,0.220655640417879,0,0,0,0.238679319620132,0,0.29852504365974,0,0,0,0,0,0.265988849103451,0.26314377784729,0.314863792874596,0,0.31612136940551,0,0,0,0,0,0,0,0,0,0,0,0,0,0.348424563805262,0,0.203184930053917,0,0,0,0.20819416310106,0.201769262552261,0.261011049271109,0,0,0,0,0.292991671997767,0.24377913989804,0.274399548768997,0.270231634378433,0,0,0,0.226668000221252,0,0.319678063134113,0,0,0,0.25254562497139,0,0,0.287738637525783,0,0,0,0,0,0,0,0,0,0.347418276593089,0,0,0,0.339360616036824,0.297577470541,0.237143775586353,0,0.320481108705736,0.251430339412764,0,0.291233365539763,0.209379613399506,0.289210726817449
0.217179849743843,0,0,0.291464520727887,0.287424474954605,0.272485431197078,0,0,0,0.319888730843862,0,0,0,0,0,0,0.253341197967529,0,0.229054959556636,0,0,0,0.427418037421174,0,0,0,0,0,0,0,0,0.358889462046362,0.342009735758756,0.588086398602107,0.496072742566779,0.281808732520966,0.146465502965909,0.655939134492386,0.528473842981179,0.29310524277389,0.300090216696262,0.261969523897504,0.250748458266091,0.273826360702515,0,0.303893790296886,0.292991671997767,0,0.394502740446238,0.398110179314055,0,0,0,0,0,0,0,0.314990543574095,0,0,0,0,0.307733500997225,0.319667202234268,0,0.398058379335063,0,0,0,0,0,0,0.310298519333204,0,0.34986642468551,0.400379255705879,0.546319001830938,0.509044564991012,0.368118808277335,0.286139730337664,0.50185853495244,0.639380675805304,0.267265917594257,0,0.380213792483674,0.2718530229832,0
0.199028793083589,0,0.195438339754387,0.258487207815051,0.223516421432191,0.244463584514765,0,0,0.198865523164192,0,0.272155433893204,0.28856697678566,0,0,0.157255881849457,0,0.264751523733139,0.286878168582916,0.267910439753905,0.280054420232773,0.283478089297811,0,0.237165556035259,0,0.141655334476697,0,0,0,0,0,0,0,0.256985334789052,0.491116672754288,0.470842547916077,0.213442549109459,0.262533491134644,0.546440854668617,0.264926646226718,0.28879389166832,0.298185513164058,0.289315323981028,0.236572199108981,0,0,0.249718645250941,0.24377913989804,0.394502740446238,0,0.406124112280932,0,0,0,0,0.239696900998608,0,0.350832008453328,0.279506091268793,0.239493591854205,0,0.202168676901508,0,0.258421431940336,0.331629943070576,0,0.261228281644083,0,0.136443186884941,0,0.256765799093856,0,0.255000784345295,0.310158295161796,0.335165124500978,0,0.290164990127087,0.459194657156023,0.404058914170379,0.28068168821006,0.267622214130629,0.37802794277668,0.290606142325723,0.266283409349168,0,0.289042029010358,0.301047337055206,0.250253790273116
0,0.128090316261625,0,0.197578205455711,0,0.237394570135603,0,0,0,0.253112867474556,0,0,0,0,0,0,0.262770185867945,0.315814666450024,0.245970568548866,0,0,0.264653205566367,0,0.244721308783876,0,0,0,0,0,0,0,0.21976438164711,0,0.400613600256467,0.476317787362683,0.21519772708416,0.177104949951172,0.263101203382508,0.516704808388438,0.251007814688087,0.273731097579002,0.23043939915006,0.288762836593442,0.307632282376289,0,0.212453990634801,0.274399548768997,0.398110179314055,0.406124112280932,0,0,0,0,0,0,0.241129288077354,0,0.266821445019777,0,0,0,0.192479797452688,0.28024664347948,0,0.270522981007362,0,0.184403694603803,0,0,0,0.249622556216577,0,0.298888391081025,0,0.222647927701473,0,0.310680852694945,0.43975393101573,0.264382986731729,0.325897634029388,0.348119306603035,0.520537138902224,0.276584099122315,0,0.26703502881972,0.271220287581285,0.314374655485153
0,0,0.170193411536136,0,0.163808242782303,0,0,0,0.219757851213217,0,0,0,0,0,0,0,0,0,0,0,0.187614788229649,0,0,0,0,0,0,0,0,0,0,0,0,0,0,0,0,0,0,0,0,0,0,0,0,0,0.270231634378433,0,0,0,0,0,0,0,0.202027736464515,0,0.317344426303296,0,0,0,0.163921698927879,0,0,0.274828614040454,0,0,0,0,0,0,0,0,0,0,0,0,0,0,0,0,0,0,0,0,0.304675785927,0,0
0,0,0,0.223588796571279,0,0.188635361239766,0,0.178010205179453,0,0,0,0,0,0.135490702355609,0,0,0,0,0,0.303701370954514,0,0,0,0,0,0,0,0,0,0,0,0,0,0,0,0,0,0,0,0,0,0,0,0,0,0,0,0,0,0,0,0,0,0.177358117368486,0,0.156376630067825,0,0.207368955016136,0,0.195004745204558,0,0.212367605998975,0.309203276167745,0,0,0,0,0,0,0,0,0,0,0,0,0,0,0,0,0,0,0,0,0,0.28286407228376,0,0
0,0,0,0,0.137106895446777,0,0.21023714117179,0,0,0,0.205061703573826,0,0,0,0,0,0,0,0,0,0,0,0,0,0,0,0,0,0,0,0,0,0,0,0,0,0,0,0,0,0,0,0,0,0,0,0,0,0,0,0,0,0,0,0,0,0.224935931476151,0,0.152701941629251,0,0,0,0,0,0,0,0,0,0,0,0,0,0,0,0,0,0,0,0,0,0,0,0.174125631650289,0,0,0,0
0,0,0,0,0,0,0,0.182474016382493,0,0,0,0.150271251797676,0,0.154723608132565,0,0,0,0,0,0,0,0,0,0,0,0,0,0,0,0,0,0,0,0,0,0,0,0,0,0,0,0,0,0,0,0,0,0,0,0,0,0.177358117368486,0,0,0,0,0,0,0,0.146465480327606,0,0,0,0,0,0,0,0,0,0,0,0,0,0,0,0,0,0,0,0,0,0,0,0,0,0,0
0.25368369812084,0,0.208174436394848,0,0,0,0,0,0.198129621084607,0,0,0,0,0,0.146804135970094,0,0,0,0,0,0,0,0,0,0.161747566025172,0,0,0,0,0,0,0,0,0,0,0,0,0,0.167792740034627,0,0,0,0,0,0,0,0.226668000221252,0,0.239696900998608,0,0.202027736464515,0,0,0,0,0,0,0,0.213840916752815,0,0.195760110263215,0,0,0.246389733517871,0,0,0,0.173765247066816,0,0,0,0,0,0,0,0,0,0,0,0.210819706320763,0,0.160482803329093,0.162932683107922,0,0.221273423345001,0,0
0,0.19023073149157,0,0.130995879570643,0,0,0,0,0,0.197096525488361,0,0,0,0,0,0,0,0,0,0,0,0,0,0.176315243976812,0,0.1466254144907,0,0,0,0,0,0,0,0,0,0,0,0.223800417016314,0,0,0,0.191581934690475,0,0,0,0,0,0,0,0.241129288077354,0,0.156376630067825,0,0,0,0,0,0,0,0,0,0,0,0,0,0,0.143688634037971,0,0,0,0,0,0,0,0,0,0,0,0,0,0.207464851230104,0,0.219799260458639,0,0.220463931560516,0,0
0,0,0.224903300906835,0,0.274579877654711,0,0.248894223395516,0,0,0,0.212313830742243,0,0.163657922748026,0,0,0,0.343254499137402,0.358481675386429,0.347688563032584,0,0.335227508630071,0,0,0,0,0,0,0,0,0,0.250750536531634,0,0,0,0,0,0.26232977474437,0,0.214984811014599,0.247054904699326,0.283702372573316,0.321658954024315,0.342944221392274,0,0.415651142597198,0,0.319678063134113,0,0.350832008453328,0,0.317344426303296,0,0.224935931476151,0,0,0,0,0,0.211935823533538,0,0.222776388128599,0,0,0.296351960721189,0,0,0,0,0,0,0,0.294361731928328,0,0.34894481908581,0,0,0,0,0.393331348896027,0.289065969516249,0,0.306816483285221,0.2294607815369,0.156359419226646,0.326632595961252,0.299243934452534,0.34517160324908
0,0,0,0.225045708792933,0,0.274247795343399,0,0.166927129030228,0,0,0,0.216690230880272,0,0.166788104176521,0,0,0.310450979254463,0.340682709217072,0.346740063834698,0.275526937685515,0,0.340606838464737,0,0.315200299024582,0,0,0,0,0,0.262931238114834,0,0.285172402858734,0,0.329762101173401,0,0.211345004488011,0,0.198156540381147,0,0.291283019714885,0.356485784053802,0.342400792284551,0.28794664144516,0.389254208405813,0.393596291542053,0.275812462765885,0,0.314990543574095,0.279506091268793,0.266821445019777,0,0.207368955016136,0,0,0,0,0,0,0,0.223642875254154,0,0.201694428920746,0.290444135646012,0.32989028096199,0,0,0,0,0,0,0.296665825333792,0,0.310701293904821,0,0,0,0.317695429325104,0.317205826441447,0.285578035942104,0.335107737779617,0.327298425634702,0,0.283640779442297,0,0.291386868895554,0.388233675551014,0
0.226469922396872,0,0.195269585546592,0,0,0,0.179650527238846,0,0.215386532247066,0,0.176457366844018,0,0.173034482405032,0,0.142731836996973,0,0,0,0,0,0,0,0,0,0,0,0.14504446387291,0,0.179282263038665,0,0,0,0,0,0,0,0,0,0,0,0,0,0,0,0,0,0,0,0.239493591854205,0,0,0,0.152701941629251,0,0.213840916752815,0,0.211935823533538,0,0,0,0.124878464506404,0,0,0.236561939120293,0,0,0,0,0,0.148185655474663,0,0.181301196002298,0,0,0,0,0,0,0,0.221402317285538,0,0,0.16587192450157,0.198133796453476,0.249355530127501,0,0
0,0,0,0.193281017243862,0,0,0,0.154337654511134,0,0,0,0.160509130328285,0,0.163161743984703,0,0.160557602907156,0,0,0,0,0,0,0,0,0,0,0,0.172425299205563,0,0,0,0,0,0,0,0,0,0,0,0,0,0,0,0,0,0,0,0,0,0,0,0.195004745204558,0,0.146465480327606,0,0,0,0.223642875254154,0,0,0,0.175975352525711,0,0,0,0,0,0,0,0,0.246302614189787,0,0,0,0,0,0,0,0,0,0,0,0,0,0,0,0
0.228346732045923,0,0.190935115050524,0,0.154806794391738,0,0,0,0.172952242341696,0,0,0,0.155749708414078,0,0.167790807693566,0,0.16626284337706,0.174248546361923,0,0,0,0,0.18883715569973,0,0,0,0.153210184328696,0,0,0,0,0,0,0,0,0,0,0,0,0,0,0,0,0,0,0,0.25254562497139,0,0.202168676901508,0,0.163921698927879,0,0,0,0.195760110263215,0,0.222776388128599,0,0.124878464506404,0,0,0,0,0.245751317590475,0,0,0,0,0,0.150215034683545,0,0,0,0,0,0,0,0,0,0,0,0,0.184754573247012,0,0.244134241656253,0,0
0,0,0,0.199584346264601,0,0.15830369591713,0,0,0,0.167912523945173,0,0,0,0.177464647425546,0,0.178251119951407,0.162389039993286,0.148368598385291,0.223669320344925,0,0,0.140765553712845,0,0.154927914341291,0,0.148610668778419,0,0,0,0,0,0,0,0,0,0,0,0,0,0,0,0,0,0,0,0,0,0,0,0.192479797452688,0,0.212367605998975,0,0,0,0,0,0.201694428920746,0,0.175975352525711,0,0,0,0,0.129143536090851,0,0,0,0.151898600417992,0,0,0,0,0,0,0,0,0,0,0,0,0,0.176808750256896,0,0,0,0
0,0,0,0.285181598443734,0,0.27340609546994,0,0,0,0,0,0.267830999394835,0,0,0,0,0.316194006800652,0.342932229240735,0.330638779061181,0.202730717096519,0,0,0,0,0,0,0,0,0,0.301577210426331,0,0,0,0,0.326585054397583,0.174017005764386,0,0.25671666594,0,0.274844976163459,0.384327530860901,0.343220961259471,0.298089196284612,0.311505064368248,0,0.280561748316385,0,0.307733500997225,0.258421431940336,0.28024664347948,0,0.309203276167745,0,0,0,0,0,0.290444135646012,0,0,0,0,0,0.375492095947266,0,0,0,0,0,0,0,0,0.321617151735069,0,0,0,0.320872818430265,0,0.255357658348971,0.355939251184464,0.301729696173295,0.276326358318329,0.200497463530062,0,0.259314894396812,0.303773118183017,0
0,0,0.241566454561857,0,0.212266812789011,0,0.228010851144791,0,0.233066615249429,0,0.265289648323885,0,0,0,0,0,0.314429466019977,0.312093410889308,0.335598288074372,0,0.265018889823334,0,0,0,0,0,0,0,0,0,0,0,0,0,0.359239399433136,0,0.2369975259331,0,0.317618880834844,0.326092563569546,0.253004976891373,0.314252039624585,0.32910344780694,0.308297783136368,0.480937510728836,0,0.287738637525783,0.319667202234268,0.331629943070576,0,0.274828614040454,0,0,0,0.246389733517871,0,0.296351960721189,0.32989028096199,0.236561939120293,0,0.245751317590475,0,0.375492095947266,0,0,0,0,0,0,0,0,0,0.311962097883224,0.357829707480106,0,0,0,0.319622129201889,0.359286465428092,0.274545081241866,0.346673446893692,0.368164664208184,0.288202163270291,0,0.31493923370363,0.311602801084518,0.323232623869958
0,0,0,0,0,0,0,0,0,0.15697668492794,0,0,0,0,0,0.131529945466253,0.162201777100563,0.129951909963805,0.278493011991183,0,0,0.158561474334354,0.148645732374418,0.144817245846295,0,0.136059474090936,0,0.159773300091426,0,0,0,0,0,0,0,0,0,0.189764471854581,0,0,0,0.199252292513847,0,0,0,0,0,0,0,0.270522981007362,0,0,0,0,0,0,0,0,0,0,0,0.129143536090851,0,0,0,0,0.144920116662979,0,0.129023251942161,0,0.238627405602391,0,0,0,0,0,0,0,0,0,0.223614097769196,0,0.168192180993181,0.154049759614281,0,0,0
0,0,0,0.397374510765076,0,0,0,0,0.161532074213028,0,0,0,0,0,0.147086635231972,0,0.126908487515894,0.155270554125309,0,0,0,0.130196236647092,0.186357164389034,0,0.14147884702241,0,0.123683112367351,0,0.234679999450843,0,0,0,0,0,0,0,0,0.161986291408539,0.223333908435632,0,0,0,0,0,0,0,0,0.398058379335063,0.261228281644083,0,0,0,0,0,0,0,0,0,0,0,0,0,0,0,0,0,0,0.129759356379509,0,0.137522288488931,0,0.246359982356733,0,0,0,0,0,0,0,0,0,0.246220625268595,0.170071474012628,0.124674667011608,0,0,0
0,0,0,0,0,0,0,0,0,0.16114304214716,0,0,0,0,0,0.156316198981725,0.175004588067532,0.156598684219819,0.273248165845871,0,0,0.160792974926901,0,0.166688706304307,0,0.161746635778648,0,0,0,0,0,0,0,0,0,0,0,0.168883894104511,0,0,0,0,0,0,0,0,0,0,0,0.184403694603803,0,0,0,0,0,0.143688634037971,0,0,0,0,0,0,0,0,0.144920116662979,0,0,0,0.151774155107183,0,0,0,0,0,0,0,0,0,0.338927149772644,0,0.178773250579834,0,0.162934256524875,0,0.148508958518505,0,0
0,0,0,0,0,0,0,0,0.204771669374572,0,0,0,0,0,0.146119624376297,0,0.137512230873108,0.156114459037781,0,0,0,0,0.133770054206252,0,0.142613536985637,0,0.130582348388784,0,0,0,0,0,0,0,0,0,0,0,0.130879049938099,0,0,0,0,0,0,0,0,0,0.136443186884941,0,0,0,0,0,0.173765247066816,0,0,0,0,0,0,0,0,0,0,0.129759356379509,0,0,0,0,0,0,0,0,0,0,0,0,0,0,0,0.135841614733904,0.153172064862855,0.16280828975141,0.125832304358482,0,0
0,0,0,0,0,0,0,0,0.165722131729126,0,0,0,0,0,0,0.15415751905578,0.159251540899277,0.137445140123657,0.246163874864578,0,0,0.127015350713068,0,0.14921778218732,0,0.138053921413122,0,0.158627505103747,0,0,0,0,0,0,0,0,0,0,0,0,0,0,0,0,0,0,0,0,0,0,0,0,0,0,0,0,0,0,0,0,0,0.151898600417992,0,0,0.129023251942161,0,0.151774155107183,0,0,0,0,0,0,0,0,0,0,0,0,0,0,0,0.130760612357564,0,0,0,0
0,0,0,0,0,0,0,0,0.163762597988049,0,0,0,0.135812863707542,0,0.152719202119371,0,0.15337811712833,0,0,0,0,0,0.14376845088872,0,0.179954454194808,0,0.13794003612058,0,0.13420889207295,0,0,0,0,0,0,0,0,0,0,0,0,0,0,0,0,0,0,0,0.256765799093856,0,0,0,0,0,0,0,0,0,0.148185655474663,0,0.150215034683545,0,0,0,0,0.137522288488931,0,0,0,0,0,0.151703736848301,0,0,0,0,0,0,0,0,0,0,0.160286016295428,0,0,0,0
0,0,0,0,0,0,0,0,0,0,0,0,0,0.167309904950006,0,0,0,0,0,0,0,0.201440771905387,0,0.223230943083763,0,0.147266611456871,0,0.19621289357154,0,0.147944733500481,0,0,0,0,0,0,0,0.22980559617281,0,0,0,0,0,0,0,0,0,0,0,0.249622556216577,0,0,0,0,0,0,0,0.296665825333792,0,0.246302614189787,0,0,0,0,0.238627405602391,0,0,0,0,0,0,0,0.303209815919399,0,0,0,0,0,0,0,0.254453006047237,0,0,0,0,0,0
0,0,0,0,0,0,0,0,0,0,0,0,0.147465465702867,0,0.127390404542287,0,0.140439395606518,0,0,0,0,0,0.139973742887378,0,0,0,0.136310482407854,0,0.184857175426993,0,0,0,0,0,0,0,0,0,0.195121777653694,0,0,0,0,0,0,0,0,0,0.255000784345295,0,0,0,0,0,0,0,0.294361731928328,0,0.181301196002298,0,0,0,0,0,0,0.246359982356733,0,0,0,0.151703736848301,0,0,0,0.36889579466411,0,0,0,0,0,0,0,0.242328927284334,0.1491774760864,0,0,0,0
0,0,0,0.283784382921808,0,0.244638562202454,0,0,0,0,0,0.299466649731646,0,0,0,0,0.333050388097763,0.353507805678804,0.360696249236964,0.310154354420759,0,0,0,0,0,0,0,0.176866123805175,0,0.194153427448538,0,0,0,0.316995352506638,0,0.303661465644836,0,0.164202938973904,0,0.288239251922917,0.28158275783062,0.321838837428697,0.280170917510986,0.401606562525727,0,0.313820109909607,0,0.310298519333204,0.310158295161796,0.298888391081025,0,0,0,0,0,0,0,0.310701293904821,0,0,0,0,0.321617151735069,0.311962097883224,0,0,0,0,0,0,0.303209815919399,0,0,0,0,0,0.325811669230461,0,0.30253794089654,0.34312242269516,0.291384675696994,0.267914831638336,0.338413793114152,0,0.331368692731912,0.370419550091495,0
0,0,0.336057916283607,0,0.25874375551939,0,0,0,0,0,0.283070424211121,0,0,0,0,0,0.348970991373062,0.375322371721268,0.351116579025984,0,0.452933219346133,0,0,0,0,0,0,0,0.255017570578135,0,0.251192291640604,0,0,0,0,0,0.334038938085238,0,0.243157673627138,0,0.292436904708544,0.299480985850096,0.30371351231197,0,0.401287317276001,0,0.347418276593089,0,0.335165124500978,0,0,0,0,0,0,0,0.34894481908581,0,0,0,0,0,0,0.357829707480106,0,0,0,0,0,0,0,0.36889579466411,0,0,0,0,0,0,0.324284061789513,0.300350768625407,0.34546023607254,0.327774401681096,0.336789655401593,0,0.350924437863787,0,0.366934714589532
0,0,0,0,0,0,0,0,0,0,0,0,0,0,0,0,0,0,0,0,0,0,0,0,0,0,0,0,0,0,0,0.397695700056886,0.336856888552893,0.467342239662617,0.471747090419133,0.295665605614583,0,0,0,0,0,0,0,0,0,0,0,0.34986642468551,0,0.222647927701473,0,0,0,0,0,0,0,0,0,0,0,0,0,0,0,0,0,0,0,0,0,0,0,0,0,0.390731890240441,0.454081195731496,0.440147912502289,0.243634614348412,0.292861529758998,0,0,0.313381634662535,0,0,0,0
