0,0,5.64665419627459,0,0,0,0,0,3.35949846108754,0,23.3071880340576,0,0,0,0,0,35.1319900240217,83.3175659179688,23.793768119812,0,0,0,0,0,0,0,0,0,0,0,0,0,0,0,0,0,55.1354236602783,0,0,64.407096862793,41.5921764373779,0,13.859720772844,0,0,0,0,0,7.1120822223828,0,0,0,0,0,4.79126025895652,0,22.1959824879964,0,0,0,8.36597248359963,0,0,24.7752935621474,0,0,0,0,0,0,0,0,0,28.1238611371894,0,0,0,0,66.9779922485352,32.6079372935825,0,30.0748710632324,12.1136365652084,0,15.4262793460782,0,12.7849455560957
0,0,0,4.76743398393903,0,6.76329612731934,0,0,0,5.23807986187083,0,24.1572027206421,0,0,0,2.9562691450119,53.864554087321,51.3214836120605,10.3364229933616,23.4021099090576,0,0,0,3.99417495727539,0,0,0,0,0,0,0,0,0,0,0,52.4485626220703,0,0,0,28.9878228505452,0,20.5578356365054,0,0,0,0,0,0,0,4.21351222010726,0,0,0,0,0,7.38611667358567,0,21.2226011838232,0,0,0,5.43095084528128,23.067421913147,0,0,0,18.3772953748703,0,0,0,4.19804656505585,0,23.0578168106079,0,0,0,0,0,37.2530503189355,60.2902231216431,0,0,5.93275535353299,0,15.9245197183979,0,0
5.64665419627459,0,0,0,14.1536153977917,0,0,0,4.14556691760109,0,29.905460357666,0,0,0,0,0,0,0,0,0,9.47682544163295,0,0,0,0,0,0,0,0,0,0,0,0,0,0,0,32.8321469624837,0,0,0,32.2623834609985,0,19.3577230166941,0,0,0,0,0,7.20527140687152,0,0,0,0,0,4.47660131454468,0,21.5717122629285,0,3.50299887657166,0,5.52929166022767,0,0,20.6054610933576,0,0,0,0,0,0,0,0,0,31.1184881528219,0,0,0,0,0,13.7114877065023,0,0,23.6434280957219,19.5608711242676,13.9665528588281,0,17.4406844774882
0,4.76743398393903,0,0,0,6.1300173391843,0,0,0,4.95569586753845,0,29.0669269561768,0,0,0,0,0,0,64.7792008717855,14.0260214805603,0,0,0,0,0,0,0,0,0,0,0,0,0,0,0,0,0,0,0,0,0,28.4913137798369,0,0,0,15.5158233642578,0,0,0,6.95497948646545,0,10.5790337883091,0,0,0,0,0,25.95943615794,0,3.42528517530599,0,5.12563787187849,27.4294464588165,0,0,0,0,0,0,0,0,0,32.0229420132107,0,0,0,0,0,40.7169771194458,0,0,0,17.0162878036499,0,17.92096426197,24.7061935224031,0
0,0,14.1536153977917,0,0,0,0,0,0,0,0,0,0,0,0,0,0,0,0,0,4.19102462132772,0,0,0,0,0,0,0,0,0,0,0,0,0,0,0,0,0,0,0,0,0,0,0,0,0,0,0,0,0,5.27731037139893,0,0,0,0,0,25.3289214047519,0,6.71311941146851,0,5.07076124044565,0,0,13.3016174236933,0,0,0,0,0,0,0,0,0,36.3648538589478,0,0,0,0,0,0,0,0,16.7782632378256,11.6378442049026,18.0059365402568,0,0
0,6.76329612731934,0,6.1300173391843,0,0,0,0,0,4.5323314666748,0,0,0,0,0,0,0,0,0,3.10195730129878,0,0,0,0,0,0,0,0,0,0,0,0,0,0,0,0,0,0,0,0,0,0,0,0,0,0,0,0,0,0,0,3.19478579969967,0,2.84836985383715,0,0,0,0,0,0,0,0,0,0,0,0,0,0,0,0,0,0,0,0,0,0,0,0,0,0,0,0,4.36874092441716,2.95853066444397,4.53696035302204,0,0
0,0,0,0,0,0,0,0,0,0,4.41871398025089,0,0,0,0,0,0,0,0,0,5.06753818690777,0,0,0,0,0,0,0,0,0,0,0,0,0,0,0,0,0,0,0,0,0,0,0,0,0,0,0,0,0,0,0,2.97129746583792,0,0,0,0,0,3.11530929864055,0,0,0,0,6.33917045593262,0,0,0,0,0,0,0,0,0,0,0,0,0,0,0,0,0,0,6.24769160869348,0,0,0,0
0,0,0,0,0,0,0,0,0,0,0,0,0,2.73998308181763,0,0,0,0,0,5.48726844787598,0,0,0,0,0,0,0,0,0,0,0,0,0,0,0,0,0,0,0,0,0,0,0,0,0,0,0,0,0,0,0,2.95773637294769,0,3.0776390496248,0,0,0,3.47718365987142,0,3.27569852999555,0,0,4.85369062423706,0,0,0,0,0,0,0,0,0,0,0,0,0,0,0,0,0,0,0,2.75267219543457,0,0,0,0
3.35949846108754,0,4.14556691760109,0,0,0,0,0,0,0,0,0,0,0,3.04420948028564,0,17.2457542370777,28.5730037689209,32.4596133232117,0,0,0,27.1844091415405,0,9.02079374449594,0,20.1949520111084,0,0,0,0,0,0,0,0,0,0,0,7.76600369306711,0,0,0,5.96472524661644,0,0,0,0,0,0,0,0,0,0,0,6.46847944014413,0,0,0,0,0,3.34456012559974,0,0,0,0,0,0,9.356365442276,0,23.0043106079102,0,0,0,0,0,0,0,0,0,0,0,6.76755843443029,4.96223155913814,4.8381648354414,7.23991354235581,0,0
0,5.23807986187083,0,4.95569586753845,0,4.5323314666748,0,0,0,0,0,0,0,0,0,4.65439674695333,34.1038525899251,12.7289734840393,22.8423929214478,0,0,0,0,5.39871334562115,0,3.86605111757914,0,0,0,0,0,0,0,0,0,0,0,7.34348157942295,0,95.2845230102539,0,23.0685236951325,0,0,0,0,0,0,0,0,0,0,0,0,0,6.46437732588282,0,0,0,0,0,5.14284775537603,0,0,0,0,11.1254644095898,0,3.52029389601487,0,0,0,0,0,0,0,0,0,0,0,7.24402919153529,0,5.53199954420073,3.24247336705526,10.4832855985184,0,0
23.3071880340576,0,29.905460357666,0,0,0,4.41871398025089,0,0,0,0,0,3.22174090605516,0,0,0,0,0,0,0,6.41442420064789,0,0,0,0,0,0,0,2.9586238861084,0,4.3005215879214,0,0,0,0,0,3.31250373092858,0,4.06027941713073,0,0,0,0,0,0,0,8.42591905593872,0,0,0,8.87293434143066,0,0,0,0,0,6.20933093418766,0,3.0498048175465,0,0,0,0,8.00531119861822,0,0,0,0,0,0,0,0,0,4.0006231038194,0,0,0,0,0,45.156795501709,0,4.89783326130287,5.85964273764948,0,13.3839070002238,0,0
0,24.1572027206421,0,29.0669269561768,0,0,0,0,0,0,0,0,0,4.72892759759908,0,0,0,0,36.5192858378092,3.227976324632,0,0,0,0,0,0,0,3.80793860753377,0,3.45360926140186,0,0,0,0,0,3.4064822955565,0,3.65207921158922,0,0,0,16.4770011901855,0,0,0,14.6896271272139,0,0,0,0,0,10.5347771644592,0,0,0,0,0,7.55208632403131,0,3.17601170863222,0,0,7.77404297722711,0,0,0,0,0,0,0,0,0,3.5131497780482,0,0,0,0,0,41.8100166320801,0,4.17780664771985,0,3.54764338700974,0,16.3510562896729,0,0
0,0,0,0,0,0,0,0,0,0,3.22174090605516,0,0,0,0,0,0,0,0,0,0,0,0,0,0,0,0,0,2.88296135266622,0,0,0,0,0,0,0,0,0,0,0,0,0,0,0,0,0,0,0,0,0,0,0,0,0,0,0,3.52643925803048,0,2.94124186701245,0,4.01474523544312,0,0,0,0,0,0,0,0,0,0,0,0,0,0,0,0,0,0,0,0,0,2.84480881690979,0,0,0,0
0,0,0,0,0,0,0,2.73998308181763,0,0,0,4.72892759759908,0,0,0,4.62254190444946,0,0,0,0,0,0,0,0,0,0,0,0,0,0,0,0,0,0,0,0,0,0,0,0,0,0,0,0,0,0,0,0,0,0,0,0,0,0,0,0,0,8.47746238454443,0,3.26849053487922,0,0,0,0,0,0,0,0,0,0,5.27748966217041,0,0,0,0,0,0,0,0,0,0,0,3.0406504313151,3.63944670032052,0,0,0
0,0,0,0,0,0,0,0,3.04420948028564,0,0,0,0,0,0,0,25.631983757019,0,0,0,0,0,0,0,0,0,0,0,2.88073253631592,0,0,0,0,0,0,0,0,0,0,0,0,0,33.4182968139648,0,0,0,0,0,9.50937382380168,0,0,0,0,0,5.17841317779139,0,0,0,2.73783159255981,0,3.90342714358599,0,0,0,0,0,0,0,0,0,0,2.98526398340861,0,0,0,0,0,0,0,0,0,0,32.1009635925293,0,0,0,0
0,2.9562691450119,0,0,0,0,0,0,0,4.65439674695333,0,0,0,4.62254190444946,0,0,0,3.04330887794495,0,0,0,0,0,0,0,0,0,0,0,0,0,0,0,0,0,0,0,0,0,0,0,0,0,0,0,0,0,0,0,0,0,2.95286655426025,0,0,0,6.19841862526261,0,0,0,0,0,4.11796892682711,0,0,0,0,0,0,0,0,0,0,0,0,0,0,0,0,0,0,0,0,3.66423414230347,3.40394820705537,0,0,0
35.1319900240217,53.864554087321,0,0,0,0,0,0,17.2457542370777,34.1038525899251,0,0,0,0,25.631983757019,0,0,22.0795039191575,28.2175307740255,88.8769683837891,0,38.3849601745605,17.1720939159393,36.1404740446705,22.2952917717449,42.3501781463623,14.0054749000486,0,0,0,0,0,0,0,0,106.383632659912,92.4320856730143,0,0,75.1406094360352,64.0499079386393,76.4426285743713,44.1717625310866,46.58251953125,42.6878652901485,79.2674674987793,69.2204124927521,0,53.3012390136719,0,0,0,0,0,13.7314291000366,0,64.7916698455811,87.2574729919434,0,0,18.4375351667404,0,79.4036192321777,70.5385723114014,69.5165023803711,17.8249720505306,60.045467376709,19.0524377822876,62.0437755584717,16.1263860114002,0,0,83.6038818359375,67.5608337402344,0,0,0,0,81.6586786009667,76.8900841541779,0,0,19.3677133392382,4.83505153656006,65.2924804390903,77.5439224243164,39.2699088489308
83.3175659179688,51.3214836120605,0,0,0,0,0,0,28.5730037689209,12.7289734840393,0,0,0,0,0,3.04330887794495,22.0795039191575,0,24.5511353678624,69.334098815918,0,10.0298920553524,33.6167591412862,12.6171125548226,46.829596095615,7.37864305006491,47.5542710622152,5.06546811615979,0,0,0,0,0,0,0,87.654069519043,102.053405761719,0,0,66.07904772325,77.184606552124,58.9993376731873,65.1563649177551,45.1091270446777,46.0531663894653,63.2085818629111,89.588939666748,0,30.2020263671875,0,0,0,0,0,0,0,70.5361404418945,69.1913053339178,0,0,0,0,76.499693552653,81.4581406911214,10.2715883606051,0,12.490490223988,0,5.45176752906248,40.6091086738988,3.37475967407227,0,0,0,0,0,0,0,75.2137507419197,85.8543423945361,0,0,12.7215485555977,7.42169851617715,66.3498927363643,49.5351942502535,61.2120025634766
23.793768119812,10.3364229933616,0,64.7792008717855,0,0,0,0,32.4596133232117,22.8423929214478,0,36.5192858378092,0,0,0,0,28.2175307740255,24.5511353678624,0,51.7301508585612,0,39.8557243347168,46.505521774292,31.0454458579039,45.6506624603271,30.4526250566755,40.440544128418,0,0,0,0,0,0,0,0,71.8434851964315,72.637921333313,0,0,44.7620759868829,44.6191420322511,26.6260385255938,29.1299004973267,23.8789420036169,23.2186016147991,48.1506664390564,50.9286434124042,0,21.3796092762667,41.1635281244914,0,0,0,0,0,0,38.3136081909865,33.55512778759,0,0,0,0,52.1504087624075,50.0214210437937,46.8557879130046,0,0,40.8175404866536,19.1934566497803,41.2547144662766,0,0,34.3123794485021,40.3825876074778,0,0,0,0,52.5966271214946,55.8881156498887,0,46.8695020675659,19.8372926215973,0,34.0516351868538,18.6806725644517,29.2590212764162
0,23.4021099090576,0,14.0260214805603,0,3.10195730129878,0,5.48726844787598,0,0,0,3.227976324632,0,0,0,0,88.8769683837891,69.334098815918,51.7301508585612,0,0,0,0,0,0,0,0,0,0,0,0,0,0,0,0,4.10916496224182,0,3.64598441734089,0,36.995584487915,0,12.8185577392578,0,0,0,13.9648963336287,0,0,0,26.1379203796387,0,0,0,0,0,0,0,8.58267106612523,0,0,0,0,6.08866434742713,0,0,0,0,0,0,0,0,0,0,0,0,0,0,0,7.17765623070587,0,0,0,6.93014975140492,0,7.36124522701588,0,0
0,0,9.47682544163295,0,4.19102462132772,0,5.06753818690777,0,0,0,6.41442420064789,0,0,0,0,0,0,0,0,0,0,0,0,0,0,0,0,0,0,0,0,0,0,0,0,0,4.37400265795962,0,3.85459942911185,0,0,0,0,0,0,0,9.9449978934394,0,0,0,0,0,0,0,0,0,6.11587549510755,0,0,0,0,0,0,5.86798924787552,0,0,0,0,0,0,0,0,0,10.4060709476471,0,0,0,0,0,5.10149363012841,0,10.0687357187271,7.71098531223834,0,5.08003255132506,0,0
0,0,0,0,0,0,0,0,0,0,0,0,0,0,0,0,38.3849601745605,10.0298920553524,39.8557243347168,0,0,0,4.1994262634347,5.99103529175366,0,7.22603180368068,0,3.59084497000042,0,0,0,0,0,0,0,0,0,4.72776957678665,5.2822421391805,0,0,0,0,0,0,116.074676513672,0,0,0,7.11946805487288,0,0,0,0,0,0,0,0,0,0,0,0,90.7640228271484,0,4.46251034793626,4.93404035568237,5.14332371144681,0,4.40157526394106,0,3.90250355005264,0,0,0,0,0,0,0,0,0,6.06731791852295,0,5.97615707755646,8.38070301471218,19.1303520202637,0,0
0,0,0,0,0,0,0,0,27.1844091415405,0,0,0,0,0,0,0,17.1720939159393,33.6167591412862,46.505521774292,0,0,4.1994262634347,0,0,6.010674872029,0,7.13198902067277,0,4.87009246047886,0,0,0,0,0,0,0,0,4.08761083757555,5.20545611255545,0,0,0,0,0,0,0,0,0,8.57695141376234,0,0,0,0,0,0,0,0,0,0,0,0,0,0,0,4.76620761279402,5.19540901986871,0,4.8363547570406,0,11.1199306577444,0,6.94028416275978,0,0,0,0,0,0,0,0,0,6.85824641860488,5.48464192882661,4.09629714488983,0,0,0
0,3.99417495727539,0,0,0,0,0,0,0,5.39871334562115,0,0,0,0,0,0,36.1404740446705,12.6171125548226,31.0454458579039,0,0,5.99103529175366,0,0,72.4254379272461,5.98098977211794,0,0,0,0,0,0,0,0,0,0,0,4.08546002705892,0,0,0,13.4290685653687,0,0,0,69.4657974243164,0,0,0,6.11228612491063,0,0,0,0,0,10.0682186571757,0,0,0,0,0,0,0,0,4.7203590093034,0,3.82347613007858,0,4.19369834440726,38.3897247314453,0,0,0,0,0,0,0,0,0,119.883903503418,5.45417462109368,0,7.38927055633599,0,12.8168891393221,0,0
0,0,0,0,0,0,0,0,9.02079374449594,0,0,0,0,0,0,0,22.2952917717449,46.829596095615,45.6506624603271,0,0,0,6.010674872029,72.4254379272461,0,0,4.54333885284987,0,0,0,0,0,0,0,0,0,0,0,3.87964029150494,0,0,0,10.5016055107117,0,0,0,0,0,9.13305182789647,0,0,0,0,0,8.33145646886392,0,0,0,0,0,0,0,0,0,0,11.7401715879855,0,3.89343635038065,0,7.8536463128515,0,0,0,0,0,0,0,0,84.4326667785645,113.076644897461,0,4.51095533838459,17.0157563970848,0,7.68095824195118,0,58.9303398132324
0,0,0,0,0,0,0,0,0,3.86605111757914,0,0,0,0,0,0,42.3501781463623,7.37864305006491,30.4526250566755,0,0,7.22603180368068,0,5.98098977211794,0,0,0,4.51292390173132,0,0,0,0,0,0,0,0,0,0,0,0,0,0,0,0,0,0,0,0,0,0,0,0,0,0,0,0,0,0,0,0,0,0,0,0,3.71693659597828,0,3.92604476945442,0,3.33354009844322,0,4.21634864807129,0,0,0,0,0,0,0,0,0,0,0,7.36558836164759,8.16802092393239,0,0,0
0,0,0,0,0,0,0,0,20.1949520111084,0,0,0,0,0,0,0,14.0054749000486,47.5542710622152,40.440544128418,0,0,0,7.13198902067277,0,4.54333885284987,0,0,0,3.20530785984463,0,0,0,0,0,0,0,0,0,0,0,0,0,0,0,0,0,0,0,0,0,0,0,0,0,0,0,0,0,0,0,23.789924621582,0,0,0,0,5.24107323374067,0,3.5112396783945,0,5.96715087639658,0,3.27279651165009,0,0,0,0,0,0,0,0,0,0,13.0646248407531,0,81.9158325195312,0,0
0,0,0,0,0,0,0,0,0,0,0,3.80793860753377,0,0,0,0,0,5.06546811615979,0,0,0,3.59084497000042,0,0,0,4.51292390173132,0,0,0,3.67435959028819,0,0,0,0,0,0,0,4.14265616465423,0,0,0,0,0,0,0,0,0,0,0,0,0,0,0,0,0,0,0,0,0,5.04820013046265,0,0,0,0,5.07344649118536,0,0,0,3.32367254438854,0,4.41184473285703,0,4.7519439479761,0,0,0,0,0,0,0,5.00341737057482,0,3.64177151997884,2.74543237686157,0,0,0
0,0,0,0,0,0,0,0,0,0,2.9586238861084,0,2.88296135266622,0,2.88073253631592,0,0,0,0,0,0,0,4.87009246047886,0,0,0,3.20530785984463,0,0,0,3.85382223129272,0,0,0,0,0,0,0,8.25208065244887,0,0,0,0,0,0,0,0,0,7.8779581785202,0,0,0,0,0,0,0,0,0,0,0,0,0,0,0,0,6.41473216811816,0,0,0,3.13948195211349,0,3.76395773167771,0,3.50752358125604,0,0,0,0,0,0,0,4.84145864248276,2.99137074606759,0,0,0,0
0,0,0,0,0,0,0,0,0,0,0,3.45360926140186,0,0,0,0,0,0,0,0,0,0,0,0,0,0,0,3.67435959028819,0,0,0,0,0,0,0,0,0,3.58682028982374,0,0,0,0,0,0,0,0,0,0,0,0,0,0,0,0,0,0,0,0,0,3.87098089853923,0,0,0,0,0,0,0,0,0,0,0,0,5.45461636856043,0,0,0,0,0,0,0,3.3649830190759,0,4.44569164333921,0,0,0,0
0,0,0,0,0,0,0,0,0,0,4.3005215879214,0,0,0,0,0,0,0,0,0,0,0,0,0,0,0,0,0,3.85382223129272,0,0,0,0,0,0,0,0,0,3.51684877408649,0,0,0,0,0,0,0,0,0,0,0,0,0,0,0,0,0,0,0,0,0,0,0,0,0,0,0,0,0,0,0,0,7.01334026881627,0,4.73303294146345,0,0,0,0,0,0,0,3.9378734293992,2.91949390371641,0,0,0,0
0,0,0,0,0,0,0,0,0,0,0,0,0,0,0,0,0,0,0,0,0,0,0,0,0,0,0,0,0,0,0,0,3.67234940460146,7.83559599588084,4.89963734149933,4.43553888672277,5.58650851249695,0,0,0,0,0,0,0,0,0,0,4.34260604032286,0,0,0,0,0,0,0,0,0,0,0,0,0,0,0,0,0,0,0,0,0,0,0,0,0,0,4.26120852951288,4.6570312140824,9.44576184316115,0,6.9509362748953,5.89776393345424,0,0,2.78300431466872,0,0,0,0
0,0,0,0,0,0,0,0,0,0,0,0,0,0,0,0,0,0,0,0,0,0,0,0,0,0,0,0,0,0,0,3.67234940460146,0,2.95459294319153,4.42558926173619,3.28656136989594,4.6353880989868,0,0,0,0,0,0,0,0,0,0,5.73231538687121,0,0,0,0,0,0,0,0,0,0,0,0,0,0,0,0,0,0,0,0,0,0,0,0,0,0,10.8509503602982,5.67899678336339,0,8.08638843695323,6.14348292350769,3.36418486833572,0,0,3.39154599263118,0,0,0,0
0,0,0,0,0,0,0,0,0,0,0,0,0,0,0,0,0,0,0,0,0,0,0,0,0,0,0,0,0,0,0,7.83559599588084,2.95459294319153,0,3.36979600172614,3.79779768746997,0,5.13957028049591,0,0,0,3.2054398059845,8.82656478881836,0,0,0,0,5.36956570496572,0,0,0,0,0,0,0,0,0,0,0,0,0,0,0,0,0,0,0,0,0,0,0,0,0,0,7.46022760486603,3.05322297414144,4.62182104743181,5.51733878567105,5.47505658398504,0,5.28989239222443,0,5.52444574006077,4.84416769396874,4.07909576098124,0,0
0,0,0,0,0,0,0,0,0,0,0,0,0,0,0,0,0,0,0,0,0,0,0,0,0,0,0,0,0,0,0,4.89963734149933,4.42558926173619,3.36979600172614,0,0,3.58945023085543,4.58591042581152,3.3446107113615,0,0,9.80522079467773,0,0,0,0,0,5.17450826024435,0,0,0,0,0,0,0,0,0,0,0,0,0,0,0,0,0,0,0,0,0,0,0,0,0,0,0,7.93733977949297,3.37253031498048,4.84547403898742,0,4.29135550199634,0,4.00011704830413,4.55077038377018,0,5.67335605621338,0,0
0,52.4485626220703,0,0,0,0,0,0,0,0,0,3.4064822955565,0,0,0,0,106.383632659912,87.654069519043,71.8434851964315,4.10916496224182,0,0,0,0,0,0,0,0,0,0,0,4.43553888672277,3.28656136989594,3.79779768746997,0,0,3.40254557463858,6.35833150732751,0,36.9277619754567,0,50.9206060568492,0,0,0,35.715594318178,0,3.33740329742432,0,26.54345703125,0,0,0,0,0,0,0,19.9469680033232,0,0,0,0,9.54810339830956,0,0,0,0,0,0,0,0,0,95.4551162719727,0,5.61124920730407,5.98130768537521,5.54423346973601,0,7.24130937405581,4.98783514078926,6.0943681012446,0,6.00977570290555,3.90582942962646,26.9937349446118,50.7065646648407,91.130729675293
55.1354236602783,0,32.8321469624837,0,0,0,0,0,0,0,3.31250373092858,0,0,0,0,0,92.4320856730143,102.053405761719,72.637921333313,0,4.37400265795962,0,0,0,0,0,0,0,0,0,0,5.58650851249695,4.6353880989868,0,3.58945023085543,3.40254557463858,0,0,4.98662415368321,120.313167572021,37.4276336669922,0,41.9691312945619,0,54.4268220265706,0,31.0002049128215,8.82878956088313,13.6777849197388,0,0,0,0,0,0,0,23.9144238630931,0,0,0,0,0,0,8.43510358232246,0,0,0,0,0,0,0,0,0,63.9612522125244,0,3.98225110769272,0,8.82990850101818,10.1402606301838,6.29586976111744,0,5.2191213531094,5.54935251332565,2.75024366378784,31.3476938777995,0,51.5158843994141
0,0,0,0,0,0,0,0,0,7.34348157942295,0,3.65207921158922,0,0,0,0,0,0,0,3.64598441734089,0,4.72776957678665,4.08761083757555,4.08546002705892,0,0,0,4.14265616465423,0,3.58682028982374,0,0,0,5.13957028049591,4.58591042581152,6.35833150732751,0,0,3.44348153685719,0,0,3.28898979557885,0,0,0,0,0,4.45401592216184,0,5.19591772191379,0,0,0,0,0,7.16908329424232,0,4.56280695238421,0,0,0,0,5.44579863816165,0,6.14856875072826,0,7.08793748774618,0,0,0,3.72381470821522,0,7.75305277555525,0,0,0,4.13199005649731,0,8.92238152778354,0,5.09264848198054,3.14799886279636,3.71138003599225,3.38355612754822,7.72213207574991,0,0
0,0,0,0,0,0,0,0,7.76600369306711,0,4.06027941713073,0,0,0,0,0,0,0,0,0,3.85459942911185,5.2822421391805,5.20545611255545,0,3.87964029150494,0,0,0,8.25208065244887,0,3.51684877408649,0,0,0,3.3446107113615,0,4.98662415368321,3.44348153685719,0,0,0,0,9.78259354829788,0,0,0,20.2317848205566,6.99169011318937,5.47708747381563,0,0,0,0,0,9.98417091289353,0,7.75368030023093,0,0,0,0,0,0,8.45571775609797,0,7.1339619251326,0,7.23292719367092,0,0,0,9.02274452556263,0,6.57153629308964,0,0,0,6.753937292099,0,4.8245357951204,3.79216361045837,4.71728255302883,4.11738531684435,3.2384769762716,5.78033559609944,0,0
64.407096862793,28.9878228505452,0,0,0,0,0,0,0,95.2845230102539,0,0,0,0,0,0,75.1406094360352,66.07904772325,44.7620759868829,36.995584487915,0,0,0,0,0,0,0,0,0,0,0,0,0,0,0,36.9277619754567,120.313167572021,0,0,0,39.838249206543,17.963498592001,45.9510078430176,28.4017035961151,72.3565444946289,12.3669575141824,84.6055145263672,5.15763869838438,21.7054386138916,6.57739117681027,0,0,0,0,0,0,46.746883392334,43.4996032714844,0,0,0,0,41.5949379422448,78.4047241210938,0,0,0,0,0,0,0,0,38.753303527832,0,0,0,0,0,17.9436535764527,79.6618764241536,0,0,46.2434854507446,0,10.1486049432774,25.4679275952853,0
41.5921764373779,0,32.2623834609985,0,0,0,0,0,0,0,0,0,0,0,0,0,64.0499079386393,77.184606552124,44.6191420322511,0,0,0,0,0,0,0,0,0,0,0,0,0,0,0,0,0,37.4276336669922,0,0,39.838249206543,0,0,20.9607024112081,0,25.4387393819875,72.9533462524414,14.7554154011511,7.825663756665,5.4587237791378,8.76526444254358,0,0,0,0,0,0,42.2424030303955,0,0,0,0,0,0,12.20260286207,0,0,0,0,0,0,0,0,0,59.3654975891113,0,0,0,0,97.2143798828125,17.5683083778404,0,0,47.2839430933413,0,12.3484465320382,0,21.9234230735085
0,20.5578356365054,0,28.4913137798369,0,0,0,0,0,23.0685236951325,0,16.4770011901855,0,0,0,0,76.4426285743713,58.9993376731873,26.6260385255938,12.8185577392578,0,0,0,13.4290685653687,0,0,0,0,0,0,0,0,0,3.2054398059845,9.80522079467773,50.9206060568492,0,3.28898979557885,0,17.963498592001,0,0,11.9571967569542,20.1397756281353,53.7609125773112,22.5874391725165,71.8628743489583,6.5275380623968,66.5035629272461,18.7958577061171,0,41.7294235229492,0,0,0,21.7931224453968,79.7973709106445,16.9123921010419,0,0,0,23.5775598798479,25.9471788966388,0,0,0,13.0355405807495,0,0,0,22.0375862121582,0,14.3373600132513,0,0,0,4.28180181063138,0,24.9329222797545,87.3990751154282,26.212459564209,0,15.9146769248664,9.33890982589336,12.1292071517165,10.0392245233577,57.3281087875366
13.859720772844,0,19.3577230166941,0,0,0,0,0,5.96472524661644,0,0,0,0,0,33.4182968139648,0,44.1717625310866,65.1563649177551,29.1299004973267,0,0,0,0,0,10.5016055107117,0,0,0,0,0,0,0,0,8.82656478881836,0,0,41.9691312945619,0,9.78259354829788,45.9510078430176,20.9607024112081,11.9571967569542,0,0,21.7882110422308,78.1466674804688,24.4045950280942,7.29413852230195,11.3893625759141,8.58960485458374,0,0,0,0,15.1124649920934,0,16.9381377825866,69.0953521728516,25.7329961432785,0,28.8905916810036,0,61.4991912841797,25.186514429137,0,0,0,11.1423187255859,0,0,0,0,68.0459976196289,20.3834356254545,0,0,0,0,88.1786050796509,27.9516275647777,0,10.3220458966381,13.9854537367544,8.32563143968582,10.0216881656857,0,6.68493060492735
0,0,0,0,0,0,0,0,0,0,0,0,0,0,0,0,46.58251953125,45.1091270446777,23.8789420036169,0,0,0,0,0,0,0,0,0,0,0,0,0,0,0,0,0,0,0,0,28.4017035961151,0,20.1397756281353,0,0,0,21.5649961558255,0,0,0,0,0,0,0,0,0,0,0,32.1887626647949,0,0,0,0,28.1833789500784,0,0,0,0,0,0,0,0,0,0,0,0,0,0,0,32.0159696183115,0,0,0,15.2355295780093,0,13.9554060556121,31.4555009206136,0
0,0,0,0,0,0,0,0,0,0,0,0,0,0,0,0,42.6878652901485,46.0531663894653,23.2186016147991,0,0,0,0,0,0,0,0,0,0,0,0,0,0,0,0,0,54.4268220265706,0,0,72.3565444946289,25.4387393819875,53.7609125773112,21.7882110422308,0,0,64.4482192993164,24.4920898165022,0,0,0,0,0,0,0,0,0,25.7361717224121,93.0617446899414,0,0,0,0,0,30.5277436406989,0,0,0,0,0,0,0,0,0,28.104555276724,0,0,0,0,67.324036026001,35.0120871275933,0,0,30.9591046859478,0,24.7285702542561,0,21.356261583475
0,0,0,15.5158233642578,0,0,0,0,0,0,0,14.6896271272139,0,0,0,0,79.2674674987793,63.2085818629111,48.1506664390564,13.9648963336287,0,116.074676513672,0,69.4657974243164,0,0,0,0,0,0,0,0,0,0,0,35.715594318178,0,0,0,12.3669575141824,72.9533462524414,22.5874391725165,78.1466674804688,21.5649961558255,64.4482192993164,0,142.185958862305,0,0,0,0,0,0,0,0,0,0,30.3867615076212,0,0,0,0,12.8702399441516,99.1363203260634,0,0,0,0,0,0,0,0,40.4949620564779,0,0,0,0,0,19.1821937649714,97.1269119262695,13.2061497370402,0,50.1072012583415,0,16.4148941809053,42.7009874979655,55.4853916168213
0,0,0,0,0,0,0,0,0,0,8.42591905593872,0,0,0,0,0,69.2204124927521,89.588939666748,50.9286434124042,0,9.9449978934394,0,0,0,0,0,0,0,0,0,0,0,0,0,0,0,31.0002049128215,0,20.2317848205566,84.6055145263672,14.7554154011511,71.8628743489583,24.4045950280942,0,24.4920898165022,142.185958862305,0,0,0,0,0,0,0,0,0,0,26.5214060544968,0,0,0,0,0,118.281860351562,10.6521786137304,0,0,0,0,0,81.103759765625,0,0,0,30.1803061167399,0,0,0,0,89.1105542864118,17.2272002739035,0,0,52.7822476764058,0,15.1720835847772,0,60.8236980438232
0,0,0,0,0,0,0,0,0,0,0,0,0,0,0,0,0,0,0,0,0,0,0,0,0,0,0,0,0,0,0,4.34260604032286,5.73231538687121,5.36956570496572,5.17450826024435,3.33740329742432,8.82878956088313,4.45401592216184,6.99169011318937,5.15763869838438,7.825663756665,6.5275380623968,7.29413852230195,0,0,0,0,0,6.58933964805483,5.27529523334319,0,0,0,0,0,0,0,0,0,0,0,0,0,0,0,0,0,0,0,0,0,0,0,0,5.39513437261859,6.53722148932121,4.55719230446634,4.2352534893681,5.07117270552972,7.08729437019818,7.81276334393345,7.92791142144702,6.7546006291049,0,5.38695470314947,0,0
7.1120822223828,0,7.20527140687152,0,0,0,0,0,0,0,0,0,0,0,9.50937382380168,0,53.3012390136719,30.2020263671875,21.3796092762667,0,0,0,8.57695141376234,0,9.13305182789647,0,0,0,7.8779581785202,0,0,0,0,0,0,0,13.6777849197388,0,5.47708747381563,21.7054386138916,5.4587237791378,66.5035629272461,11.3893625759141,0,0,0,0,6.58933964805483,0,6.4786394369156,0,0,0,0,9.33886148403217,0,9.85398117303848,62.0911331176758,6.23197364807129,0,8.98136191714894,0,0,44.548624420166,0,6.53889103527144,0,4.45896674223579,0,4.94458262603751,0,4.55780641770249,0,6.8246350436084,0,5.71170282363892,0,4.53500461578369,0,5.03604365543225,0,5.68544420575365,9.99407576844395,0,8.40300424463808,0,17.4395802815755
0,4.21351222010726,0,6.95497948646545,0,0,0,0,0,0,0,0,0,0,0,0,0,0,41.1635281244914,26.1379203796387,0,7.11946805487288,0,6.11228612491063,0,0,0,0,0,0,0,0,0,0,0,26.54345703125,0,5.19591772191379,0,6.57739117681027,8.76526444254358,18.7958577061171,8.58960485458374,0,0,0,0,5.27529523334319,6.4786394369156,0,0,0,0,0,0,0,0,20.8997479330849,0,10.4817590316137,0,2.95286947488785,13.3631200371808,0,5.06205571843699,0,6.61194568429972,0,5.18598587606467,0,6.02253595265475,0,10.6666945633681,0,0,0,0,0,23.9655717778713,0,5.55011794415584,0,19.2815218390999,0,7.82789811153633,18.7080429684032,0
0,0,0,0,5.27731037139893,0,0,0,0,0,8.87293434143066,0,0,0,0,0,0,0,0,0,0,0,0,0,0,0,0,0,0,0,0,0,0,0,0,0,0,0,0,0,0,0,0,0,0,0,0,0,0,0,0,0,0,0,0,0,8.19450054566065,0,6.00232746601105,0,4.70515933762426,0,0,27.8640289306641,0,0,0,0,0,0,0,0,0,0,0,0,0,0,0,0,0,0,0,0,11.1170912470136,0,0
0,0,0,10.5790337883091,0,3.19478579969967,0,2.95773637294769,0,0,0,10.5347771644592,0,0,0,2.95286655426025,0,0,0,0,0,0,0,0,0,0,0,0,0,0,0,0,0,0,0,0,0,0,0,0,0,41.7294235229492,0,0,0,0,0,0,0,0,0,0,0,3.15410335858663,0,0,0,7.80844567742678,0,5.18493274129185,0,3.80399335092968,0,0,0,0,0,0,0,0,0,0,0,0,0,0,0,0,0,0,0,0,3.82711771556309,0,11.9068455542288,0,0
0,0,0,0,0,0,2.97129746583792,0,0,0,0,0,0,0,0,0,0,0,0,0,0,0,0,0,0,0,0,0,0,0,0,0,0,0,0,0,0,0,0,0,0,0,0,0,0,0,0,0,0,0,0,0,0,0,0,0,3.21084543069204,0,0,0,0,0,0,0,0,0,0,0,0,0,0,0,0,0,0,0,0,0,0,0,0,0,2.7442239522934,0,0,0,0
0,0,0,0,0,2.84836985383715,0,3.0776390496248,0,0,0,0,0,0,0,0,0,0,0,0,0,0,0,0,0,0,0,0,0,0,0,0,0,0,0,0,0,0,0,0,0,0,0,0,0,0,0,0,0,0,0,3.15410335858663,0,0,0,0,0,5.68759813477295,0,2.75248205661774,0,0,0,0,0,0,0,0,0,0,0,0,0,0,0,0,0,0,0,0,0,0,0,0,0,0,0
4.79126025895652,0,4.47660131454468,0,0,0,0,0,6.46847944014413,0,0,0,0,0,5.17841317779139,0,13.7314291000366,0,0,0,0,0,0,0,8.33145646886392,0,0,0,0,0,0,0,0,0,0,0,0,0,9.98417091289353,0,0,0,15.1124649920934,0,0,0,0,0,9.33886148403217,0,0,0,0,0,0,0,0,0,0,0,7.15071815218629,0,0,0,0,0,0,5.70948904136132,0,12.0116366239694,0,0,0,0,0,0,0,0,0,0,0,7.33625780458504,10.8655761241913,12.4366955757141,13.4338152885437,0,0
0,7.38611667358567,0,0,0,0,0,0,0,6.46437732588282,0,0,0,0,0,6.19841862526261,0,0,0,0,0,0,0,10.0682186571757,0,0,0,0,0,0,0,0,0,0,0,0,0,7.16908329424232,0,0,0,21.7931224453968,0,0,0,0,0,0,0,0,0,0,0,0,0,0,0,0,0,0,0,7.21528140674293,0,0,0,0,6.45260126740086,0,3.58135368273808,0,0,0,0,0,0,0,0,0,0,0,6.75019289209293,0,13.8483296169175,0,10.7987279110057,0,0
22.1959824879964,0,21.5717122629285,0,25.3289214047519,0,0,0,0,0,6.20933093418766,0,3.52643925803048,0,0,0,64.7916698455811,70.5361404418945,38.3136081909865,0,6.11587549510755,0,0,0,0,0,0,0,0,0,0,0,0,0,0,0,23.9144238630931,0,7.75368030023093,46.746883392334,42.2424030303955,79.7973709106445,16.9381377825866,0,25.7361717224121,0,26.5214060544968,0,9.85398117303848,0,8.19450054566065,0,3.21084543069204,0,0,0,0,0,8.83350895983832,0,26.1609656016032,0,0,7.76366808987233,0,0,0,0,0,0,0,4.18825828366809,0,4.65417988753967,0,0,0,0,0,36.8285721270707,0,11.0437686647003,27.4383157115029,35.3783401489258,9.20581993267212,0,14.0657664474688
0,21.2226011838232,0,25.95943615794,0,0,0,3.47718365987142,0,0,0,7.55208632403131,0,8.47746238454443,0,0,87.2574729919434,69.1913053339178,33.55512778759,8.58267106612523,0,0,0,0,0,0,0,0,0,0,0,0,0,0,0,19.9469680033232,0,4.56280695238421,0,43.4996032714844,0,16.9123921010419,69.0953521728516,32.1887626647949,93.0617446899414,30.3867615076212,0,0,62.0911331176758,20.8997479330849,0,7.80844567742678,0,5.68759813477295,0,0,0,0,0,4.95350308718982,0,4.50147632757823,14.7243640085397,90.8513984680176,0,0,0,0,4.8406925201416,0,5.44332785544053,0,6.60069488914092,0,0,0,0,0,35.504250402171,90.7156422932943,5.89619045257568,0,20.3794659826601,0,10.6695358452694,16.0965773120071,71.0074310302734
0,0,3.50299887657166,0,6.71311941146851,0,3.11530929864055,0,0,0,3.0498048175465,0,2.94124186701245,0,2.73783159255981,0,0,0,0,0,0,0,0,0,0,0,0,0,0,0,0,0,0,0,0,0,0,0,0,0,0,0,25.7329961432785,0,0,0,0,0,6.23197364807129,0,6.00232746601105,0,0,0,0,0,8.83350895983832,0,0,0,3.9175066947937,0,0,0,0,0,0,0,0,0,0,2.96087241172791,0,32.3785629272461,0,0,0,0,0,0,0,0,3.04609089238303,0,13.7905630105502,0,26.0341377258301
0,0,0,3.42528517530599,0,0,0,3.27569852999555,0,0,0,3.17601170863222,0,3.26849053487922,0,0,0,0,0,0,0,0,0,0,0,0,0,5.04820013046265,0,3.87098089853923,0,0,0,0,0,0,0,0,0,0,0,0,0,0,0,0,0,0,0,10.4817590316137,0,5.18493274129185,0,2.75248205661774,0,0,0,4.95350308718982,0,0,0,3.83815763261583,0,0,0,0,0,0,4.05437535047531,0,5.54247938096523,0,13.5424077987671,0,0,0,0,0,0,0,0,0,3.26833816608751,0,7.85878383196317,0,0
8.36597248359963,0,5.52929166022767,0,5.07076124044565,0,0,0,3.34456012559974,0,0,0,4.01474523544312,0,3.90342714358599,0,18.4375351667404,0,0,0,0,0,0,0,0,0,23.789924621582,0,0,0,0,0,0,0,0,0,0,0,0,0,0,0,28.8905916810036,0,0,0,0,0,8.98136191714894,0,4.70515933762426,0,0,0,7.15071815218629,0,26.1609656016032,0,3.9175066947937,0,0,0,0,0,0,0,0,0,0,0,0,0,0,0,0,0,0,0,0,0,0,0,0,0,20.8140000924468,0,0
0,5.43095084528128,0,5.12563787187849,0,0,0,0,0,5.14284775537603,0,0,0,0,0,4.11796892682711,0,0,0,0,0,0,0,0,0,0,0,0,0,0,0,0,0,0,0,0,0,0,0,0,0,23.5775598798479,0,0,0,0,0,0,0,2.95286947488785,0,3.80399335092968,0,0,0,7.21528140674293,0,4.50147632757823,0,3.83815763261583,0,0,0,0,0,0,20.9182224273682,0,0,0,0,0,0,0,0,0,0,0,0,0,0,0,3.38062453269958,0,18.9360170866314,0,0
0,23.067421913147,0,27.4294464588165,0,0,0,4.85369062423706,0,0,0,7.77404297722711,0,0,0,0,79.4036192321777,76.499693552653,52.1504087624075,6.08866434742713,0,90.7640228271484,0,0,0,0,0,0,0,0,0,0,0,0,0,9.54810339830956,0,5.44579863816165,0,41.5949379422448,0,25.9471788966388,61.4991912841797,28.1833789500784,0,12.8702399441516,118.281860351562,0,0,13.3631200371808,0,0,0,0,0,0,0,14.7243640085397,0,0,0,0,0,90.5846290588379,0,0,0,0,0,0,0,0,34.5500272512436,0,0,0,0,0,15.2572287653169,95.5631518363953,8.91226654052734,0,18.7940012465466,0,16.7460902222343,47.6380801730686,75.2596740722656
24.7752935621474,0,20.6054610933576,0,13.3016174236933,0,6.33917045593262,0,0,0,8.00531119861822,0,0,0,0,0,70.5385723114014,81.4581406911214,50.0214210437937,0,5.86798924787552,0,0,0,0,0,0,0,0,0,0,0,0,0,0,0,8.43510358232246,0,8.45571775609797,78.4047241210938,12.20260286207,0,25.186514429137,0,30.5277436406989,99.1363203260634,10.6521786137304,0,44.548624420166,0,27.8640289306641,0,0,0,0,0,7.76366808987233,90.8513984680176,0,0,0,0,90.5846290588379,0,0,0,0,0,0,0,0,0,83.6544342041016,21.6544041902024,0,0,0,0,95.8654406738281,16.5001960555338,0,18.9049034740614,13.8233919939286,31.8454675674438,15.684225156606,0,42.9937249422073
0,0,0,0,0,0,0,0,0,0,0,0,0,0,0,0,69.5165023803711,10.2715883606051,46.8557879130046,0,0,4.46251034793626,4.76620761279402,4.7203590093034,0,3.71693659597828,0,5.07344649118536,0,0,0,0,0,0,0,0,0,6.14856875072826,0,0,0,0,0,0,0,0,0,0,0,5.06205571843699,0,0,0,0,0,0,0,0,0,0,0,0,0,0,0,0,5.2654949937548,0,4.64963103830814,0,7.09081696703483,0,0,0,0,0,0,0,123.58610534668,0,5.85560878293143,0,5.51106563678458,8.00806856155396,0,0,0
0,0,0,0,0,0,0,0,0,0,0,0,0,0,0,0,17.8249720505306,0,0,0,0,4.93404035568237,5.19540901986871,0,11.7401715879855,0,5.24107323374067,0,6.41473216811816,0,0,0,0,0,0,0,0,0,7.1339619251326,0,0,0,0,0,0,0,0,0,6.53889103527144,0,0,0,0,0,0,0,0,0,0,0,0,0,0,0,0,0,0,6.87318824197604,0,12.1051555557383,0,8.38404531031847,0,16.5204763412476,0,0,0,0,0,0,0,7.6567309851804,8.76764935743613,0,0,0,0
0,18.3772953748703,0,0,0,0,0,0,0,11.1254644095898,0,0,0,0,0,0,60.045467376709,12.490490223988,0,0,0,5.14332371144681,0,3.82347613007858,0,3.92604476945442,0,0,0,0,0,0,0,0,0,0,0,7.08793748774618,0,0,0,13.0355405807495,0,0,0,0,0,0,0,6.61194568429972,0,0,0,0,0,6.45260126740086,0,0,0,0,0,20.9182224273682,0,0,5.2654949937548,0,0,0,5.73505503310207,0,5.84054207020119,0,0,0,0,0,0,0,0,0,6.41783381859555,0,7.83067659327858,0,11.3762687811307,0,0
0,0,0,0,0,0,0,0,9.356365442276,0,0,0,0,0,0,0,19.0524377822876,0,40.8175404866536,0,0,0,4.8363547570406,0,3.89343635038065,0,3.5112396783945,0,0,0,0,0,0,0,0,0,0,0,7.23292719367092,0,0,0,11.1423187255859,0,0,0,0,0,4.45896674223579,0,0,0,0,0,5.70948904136132,0,0,0,0,0,0,0,0,0,0,6.87318824197604,0,0,0,6.9285762241064,0,8.52176833152771,0,0,0,0,0,0,0,0,0,4.75775725193764,29.0295588175456,0,6.11918780905135,0,0
0,0,0,0,0,0,0,0,0,3.52029389601487,0,0,0,0,0,0,62.0437755584717,5.45176752906248,19.1934566497803,0,0,4.40157526394106,0,4.19369834440726,0,3.33354009844322,0,3.32367254438854,0,0,0,0,0,0,0,0,0,0,0,0,0,0,0,0,0,0,0,0,0,5.18598587606467,0,0,0,0,0,3.58135368273808,0,4.8406925201416,0,4.05437535047531,0,0,0,0,4.64963103830814,0,5.73505503310207,0,0,0,5.75161215751019,0,0,0,0,0,0,0,0,0,0,0,5.00580630546961,0,0,0,0
0,0,0,0,0,0,0,0,23.0043106079102,0,0,0,0,0,0,0,16.1263860114002,40.6091086738988,41.2547144662766,0,0,0,11.1199306577444,38.3897247314453,7.8536463128515,0,5.96715087639658,0,3.13948195211349,0,0,0,0,0,0,0,0,0,0,0,0,0,0,0,0,0,81.103759765625,0,4.94458262603751,0,0,0,0,0,12.0116366239694,0,0,0,0,0,0,0,0,0,0,12.1051555557383,0,6.9285762241064,0,0,0,3.63897031525434,0,0,0,0,0,0,76.6902389526367,0,0,0,15.6293170977447,0,8.17158886694139,0,0
0,4.19804656505585,0,0,0,0,0,0,0,0,0,0,0,5.27748966217041,0,0,0,3.37475967407227,0,0,0,3.90250355005264,0,0,0,4.21634864807129,0,4.41184473285703,0,0,0,0,0,0,0,0,0,3.72381470821522,0,0,0,22.0375862121582,0,0,0,0,0,0,0,6.02253595265475,0,0,0,0,0,0,0,5.44332785544053,0,5.54247938096523,0,0,0,0,7.09081696703483,0,5.84054207020119,0,5.75161215751019,0,0,0,7.43629420262843,0,0,0,0,0,0,0,10.5523455362267,0,3.22396448850632,0,9.4204698006312,0,0
0,0,0,0,0,0,0,0,0,0,0,0,0,0,2.98526398340861,0,0,0,0,0,0,0,6.94028416275978,0,0,0,3.27279651165009,0,3.76395773167771,0,7.01334026881627,0,0,0,0,0,0,0,9.02274452556263,0,0,0,0,0,0,0,0,0,4.55780641770249,0,0,0,0,0,0,0,4.18825828366809,0,2.96087241172791,0,0,0,0,0,0,8.38404531031847,0,8.52176833152771,0,3.63897031525434,0,0,0,6.17786798881558,0,0,0,0,0,0,0,4.93883560213653,0,0,0,0,0
0,23.0578168106079,0,32.0229420132107,0,0,0,0,0,0,0,3.5131497780482,0,0,0,0,83.6038818359375,0,34.3123794485021,0,0,0,0,0,0,0,0,4.7519439479761,0,5.45461636856043,0,0,0,0,0,95.4551162719727,0,7.75305277555525,0,38.753303527832,0,14.3373600132513,68.0459976196289,0,0,40.4949620564779,0,0,0,10.6666945633681,0,0,0,0,0,0,0,6.60069488914092,0,13.5424077987671,0,0,34.5500272512436,83.6544342041016,0,0,0,0,0,0,7.43629420262843,0,0,0,0,0,0,0,48.0824996948242,106.073318481445,6.64853610490498,0,31.3521881330581,0,8.22641554104506,17.0280938375564,0
28.1238611371894,0,31.1184881528219,0,36.3648538589478,0,0,0,0,0,4.0006231038194,0,0,0,0,0,67.5608337402344,0,40.3825876074778,0,10.4060709476471,0,0,0,0,0,0,0,3.50752358125604,0,4.73303294146345,0,0,0,0,0,63.9612522125244,0,6.57153629308964,0,59.3654975891113,0,20.3834356254545,0,28.104555276724,0,30.1803061167399,0,6.8246350436084,0,0,0,0,0,0,0,4.65417988753967,0,32.3785629272461,0,0,0,0,21.6544041902024,0,16.5204763412476,0,0,0,0,0,6.17786798881558,0,0,0,0,0,0,120.530082702637,52.6964842242959,0,6.24482614481501,33.863887140486,43.5705041885376,8.90859302301511,0,18.5387429082116
0,0,0,0,0,0,0,0,0,0,0,0,0,0,0,0,0,0,0,0,0,0,0,0,0,0,0,0,0,0,0,4.26120852951288,10.8509503602982,7.46022760486603,0,5.61124920730407,0,0,0,0,0,0,0,0,0,0,0,5.39513437261859,0,0,0,0,0,0,0,0,0,0,0,0,0,0,0,0,0,0,0,0,0,0,0,0,0,0,0,9.07038736343384,9.05747227770445,0,4.57591451527446,0,0,0,3.63510960691115,0,0,0,0
0,0,0,0,0,0,0,0,0,0,0,0,0,0,0,0,0,0,0,0,0,0,0,0,0,0,0,0,0,0,0,4.6570312140824,5.67899678336339,3.05322297414144,7.93733977949297,5.98130768537521,3.98225110769272,0,0,0,0,0,0,0,0,0,0,6.53722148932121,5.71170282363892,0,0,0,0,0,0,0,0,0,0,0,0,0,0,0,0,0,0,0,0,0,0,0,0,0,9.07038736343384,0,0,9.01097592985093,0,5.62169771606116,0,0,4.45908933632994,0,0,0,0
0,0,0,0,0,0,0,0,0,0,0,0,0,0,0,0,0,0,0,0,0,0,0,0,0,0,0,0,0,0,0,9.44576184316115,0,4.62182104743181,3.37253031498048,5.54423346973601,0,4.13199005649731,0,0,0,4.28180181063138,0,0,0,0,0,4.55719230446634,0,0,0,0,0,0,0,0,0,0,0,0,0,0,0,0,0,0,0,0,0,0,0,0,0,0,9.05747227770445,0,0,7.95822441193365,4.74853322881482,0,3.92946237110701,0,6.11942189793254,0,7.07337641716003,0,0
0,0,0,0,0,0,0,0,0,0,0,0,0,0,0,0,0,0,0,0,0,0,0,0,0,0,0,0,0,0,0,0,8.08638843695323,5.51733878567105,4.84547403898742,0,8.82990850101818,0,6.753937292099,0,0,0,0,0,0,0,0,4.2352534893681,4.53500461578369,0,0,0,0,0,0,0,0,0,0,0,0,0,0,0,0,0,0,0,0,0,0,0,0,0,0,9.01097592985093,7.95822441193365,0,0,5.3541122381331,0,5.06945641950155,4.02898634563793,3.66094945158277,5.26518058776855,0,0
66.9779922485352,37.2530503189355,0,40.7169771194458,0,0,0,0,0,0,0,41.8100166320801,0,0,0,0,81.6586786009667,75.2137507419197,52.5966271214946,7.17765623070587,0,0,0,0,84.4326667785645,0,0,0,0,0,0,6.9509362748953,6.14348292350769,5.47505658398504,0,7.24130937405581,10.1402606301838,8.92238152778354,0,17.9436535764527,97.2143798828125,24.9329222797545,88.1786050796509,32.0159696183115,67.324036026001,19.1821937649714,89.1105542864118,5.07117270552972,0,23.9655717778713,0,0,0,0,0,0,0,35.504250402171,0,0,0,0,15.2572287653169,95.8654406738281,123.58610534668,0,0,0,0,76.6902389526367,0,0,48.0824996948242,120.530082702637,4.57591451527446,0,4.74853322881482,0,0,103.350879169646,6.03780495494568,0,21.5676891427142,0,25.4084948582235,38.0296298579166,65.4735819498698
32.6079372935825,60.2902231216431,13.7114877065023,0,0,0,0,0,0,0,45.156795501709,0,0,0,0,0,76.8900841541779,85.8543423945361,55.8881156498887,0,5.10149363012841,0,0,119.883903503418,113.076644897461,0,0,0,0,0,0,5.89776393345424,3.36418486833572,0,4.29135550199634,4.98783514078926,6.29586976111744,0,4.8245357951204,79.6618764241536,17.5683083778404,87.3990751154282,27.9516275647777,0,35.0120871275933,97.1269119262695,17.2272002739035,7.08729437019818,5.03604365543225,0,0,0,0,0,0,0,36.8285721270707,90.7156422932943,0,0,0,0,95.5631518363953,16.5001960555338,0,0,0,0,0,0,0,0,106.073318481445,52.6964842242959,0,5.62169771606116,0,5.3541122381331,103.350879169646,0,0,6.1157135380351,21.0357373011533,0,27.811307400492,79.6902923583984,35.815390225523
0,0,0,0,0,0,0,0,0,7.24402919153529,0,4.17780664771985,0,0,0,0,0,0,0,0,0,6.06731791852295,0,5.45417462109368,0,0,0,5.00341737057482,0,3.3649830190759,0,0,0,5.28989239222443,0,6.0943681012446,0,5.09264848198054,3.79216361045837,0,0,26.212459564209,0,0,0,13.2061497370402,0,7.81276334393345,0,5.55011794415584,0,0,0,0,0,6.75019289209293,0,5.89619045257568,0,0,0,0,8.91226654052734,0,5.85560878293143,0,6.41783381859555,0,0,0,10.5523455362267,0,6.64853610490498,0,0,0,3.92946237110701,0,6.03780495494568,0,0,0,4.67251478703641,0,8.7771801355973,0,0
30.0748710632324,0,0,0,0,0,0,0,6.76755843443029,0,4.89783326130287,0,0,0,0,0,0,0,46.8695020675659,0,10.0687357187271,0,6.85824641860488,0,4.51095533838459,0,0,0,4.84145864248276,0,3.9378734293992,0,0,0,4.00011704830413,0,5.2191213531094,3.14799886279636,4.71728255302883,0,0,0,10.3220458966381,0,0,0,0,7.92791142144702,5.68544420575365,0,0,0,0,0,7.33625780458504,0,11.0437686647003,0,0,0,0,0,0,18.9049034740614,0,7.6567309851804,0,4.75775725193764,0,0,0,4.93883560213653,0,6.24482614481501,0,0,0,5.06945641950155,0,6.1157135380351,0,0,5.61830824702533,4.29462703069051,9.81905016059396,0,21.212776184082
12.1136365652084,5.93275535353299,23.6434280957219,17.0162878036499,16.7782632378256,4.36874092441716,6.24769160869348,2.75267219543457,4.96223155913814,5.53199954420073,5.85964273764948,3.54764338700974,2.84480881690979,3.0406504313151,32.1009635925293,3.66423414230347,19.3677133392382,12.7215485555977,19.8372926215973,6.93014975140492,7.71098531223834,5.97615707755646,5.48464192882661,7.38927055633599,17.0157563970848,7.36558836164759,13.0646248407531,3.64177151997884,2.99137074606759,4.44569164333921,2.91949390371641,2.78300431466872,3.39154599263118,5.52444574006077,4.55077038377018,6.00977570290555,5.54935251332565,3.71138003599225,4.11738531684435,46.2434854507446,47.2839430933413,15.9146769248664,13.9854537367544,15.2355295780093,30.9591046859478,50.1072012583415,52.7822476764058,6.7546006291049,9.99407576844395,19.2815218390999,0,3.82711771556309,2.7442239522934,0,10.8655761241913,13.8483296169175,27.4383157115029,20.3794659826601,3.04609089238303,3.26833816608751,0,3.38062453269958,18.7940012465466,13.8233919939286,5.51106563678458,8.76764935743613,7.83067659327858,29.0295588175456,5.00580630546961,15.6293170977447,3.22396448850632,0,31.3521881330581,33.863887140486,3.63510960691115,4.45908933632994,6.11942189793254,4.02898634563793,21.5676891427142,21.0357373011533,4.67251478703641,5.61830824702533,0,5.38049353764494,20.3599458539758,27.0703289993107,25.4695928107228
