0,0,15.4820472002029,0,0,0,0,0,295.352971225977,0,0,0,0,0,35.3506086468697,0,0,0,0,0,0,0,0,0,53.9845769405365,0,0,0,0,0,0,0,0,0,0,0,0,0,0,0,0,0,8.73206254839897,0,0,0,0,0,275.065929323435,0,0,0,0,0,65.0939293950796,0,0,0,0,0,34.1286224126816,0,0,0,0,0,0,168.809715986252,0,0,0,0,0,0,0,0,0,0,0,0,0,0,81.5332530736923,0,66.0271822810173,0,3.39298050105572
0,0,0,99.478043705225,0,0,0,0,0,193.256054744124,0,0,0,0,0,0,0,0,0,0,0,0,0,28.6078691482544,0,0,0,0,0,0,0,0,0,0,0,0,0,0,0,0,0,34.0560442358255,0,0,0,0,0,0,0,811.634678542614,0,0,0,0,0,181.173299863935,0,0,0,0,0,0,0.975549161434174,0,0,0,21.1504738330841,0,0,0,0.319084942340851,0,0,0,0,0,0,0,0,0,0,0,365.483583286405,0,172.418668061495,0,0
15.4820472002029,0,0,0,5.98509129881859,0,0,0,24.0597554296255,0,0.796563506126404,0,0,0,0,0,1.51650848984718,0,1.27930685132742,0,9.70338785648346,0,0,0,0,0,0,0,0,0,0,0,0,0,0,0,0.418021082878113,0,0,0,1.0821719840169,0,41.3829179406166,0,1.263343334198,0,0,0,12.4941005259752,0.640374094247818,17.8683925569057,0,0,0,60.0550757199526,0,43.5710286647081,0,0,0,0,0,0,9.17171150445938,0,0,0,0,0,0,0,0,0,4.81203025579453,0,0,0,0,2.20440183579922,1.87657505273819,0,1.09884212911129,194.025496944785,0,152.46064838022,0,1.26150308549404
0,99.478043705225,0,0,0,5.03567272424698,0,0,0,7.21854993700981,0,4.77000999450684,0,0,0,0,0,0,4.37290692329407,24.2103369534016,0,0,0,0,0,0,0,0,0,0,0,0,0,0,0,5.50986734032631,0,0,0,10.2888885885477,0,19.6011158078909,0,0,0,32.970824316144,0.679131105542183,0,7.35846040397882,247.078448951244,0,1.25781148672104,0,0,0,13.0644873231649,0,36.8990460932255,0,11.9716895371675,0,7.47793769836426,146.259407415986,0,0,0,0,0,0,0,1.33157277107239,0,6.25751331448555,0,0,0,0,0,0.359738022089005,0,3.65062695741653,0,146.788034491241,0,854.488123647869,0,0
0,0,5.98509129881859,0,0,0,0,0,2.71769511699677,0,0,0,0,0,0,0,0,0,0.855981230735779,0,332.90590827167,0,0,0,0,0,0,0,0,0,0,0,0,0,0,0,2.71821419894695,0,0,0,4.93973496556282,0,7.4739196151495,0,0,0,0,0,20.5675151795149,2.43702349066734,150.201487161219,0,0.673320174217224,0,0,0,3.55706495046616,0,0,0,0,0,0,180.310090959072,0,0,0,0,0,0,0,0,0,0,0,0,0,0,0.113861389458179,3.04378458857536,0,0,493.279270164669,22.0082998871803,364.755516067147,0,0.209599807858467
0,0,0,5.03567272424698,0,0,0,0,0,5.31787300109863,0,0,0,3.10832595825195,0,8.11847621202469,0,0,0,2.38387405872345,0,0,0,0,0,0,0,0,0,0,0,0,0,0,0,0,0,0,0,0,0,0,0,0,0,0,0,0,0,0,0,1307.08752405643,0,0,0,137.030590295792,0,66.9530552327633,0,191.869405716658,0,17.5981758832932,26.4984122812748,0,0,0,0,0,0,0,0,0,0,0,0,0,0,0,0,0,0,0,65.5028229355812,4.48451662063599,8.21091982722282,0,0
0,0,0,0,0,0,0,0,0,0,280.427985727787,0,5.7403416633606,0,0,0,0,0,0,0,23.3816888183355,0,0,0,0,0,0,0,0,0,0,0,0,0,0,0,0,0,0,0,0,0,0,0,0,0,0,0,0,0,0,0,125.338108062744,0,0,0,70.9878670722246,0,0,0,0,0,0,126.473312497139,0,0,0,0,0,0,0,0,0,0,0,0,0,0,0,1.7797124683857,0,0,271.871562182903,0,0,0,0
0,0,0,0,0,0,0,0,0,0,0,50.9246287494898,0,0,0,0,0,0,0,12.8470272421837,0,0,0,0,0,0,0,0,0,0,0,0,0,0,0,0,0,0,0,0,0,0,0,0,0,0,0,0,0,0,0,0,0,334.459342852235,0,0,0,255.351682260633,0,9.78319764137268,0,0,22.2464881837368,0,0,0,0,0,0,0,0,0,0,0,0,0,0,0,0,0,0,0,10.3250052928925,0,0,0,0
295.352971225977,0,24.0597554296255,0,2.71769511699677,0,0,0,0,0,0,0,0,0,25.7163062691689,0,504.93700581789,31.4053455144167,6.47192612290382,0,0,0,33.330504655838,0,149.202070504427,0,79.5619509518147,0,0.29698783159256,0,0,0,0,0,0,0,0,0,60.1517258882523,0.118753023445606,0,0,66.043290168047,0,0,0,0,0,3.27202673256397,0,0,0,0,0,620.709637507796,0,0,0,0,0,3.49305734038353,0,0,0,0,11.1313402354717,0,345.784888237715,0,28.1393051743507,0,0,0,0,0,0,0,0,0,0,0,45.7485101222992,1325.17616178095,3.54166829586029,42.6100603342056,0,12.2566145956516
0,193.256054744124,0,7.21854993700981,0,5.31787300109863,0,0,0,0,0,0,0,0,0,47.6400032788515,19.8636802136898,272.574872359633,7.4449719786644,0,0,9.08755894005299,0.467529118061066,44.5658171772957,0,19.5166851431131,0,0,0,0,0,0,0,0,0,0,0,85.5594510287046,0,0,0,1.28787532448769,0,0,0,0,0,0,0,31.3551426529884,0,39.9227488636971,0,0,0,781.347077399492,0,0,0,0,0,152.706768125296,0,0,0.938899427652359,0.449903070926666,21.7830603420734,0,20.5584020316601,0.225497990846634,0,0,0,0,0,0,0,0,0,0,2.10242331027985,0,650.766659751534,17.6541124284267,67.7065528333187,0,0
0,0,0.796563506126404,0,0,0,280.427985727787,0,0,0,0,0,3,0,0,0,3.54346561431885,0,42.9874523729086,0,346.085735976696,0,0,0,0,0,0,0,0,0,29.4998204410076,0,0,0,0,0,86.5495598316193,0,411.584085702896,0.153030335903168,6.36014867573977,0.516497351229191,29.1206287592649,0,0.161323845386505,0,2.75233966112137,0,1.81345076113939,0,2.47708086669445,0,53.4840007126331,0,0,0,1146.01886922121,0,2,0,0,0,0,53.8232472315431,0,0,0,0,0,0,0,0,0,22.8474674224854,0,0,0,0,1.70737910270691,8.54411552846432,0,162.928622797132,462.796472072601,0,53.89814029634,0,9.96782687306404
0,0,0,4.77000999450684,0,0,0,50.9246287494898,0,0,0,0,0,0,0,0,0,0,11.5747555494308,624.219034358859,0,0,0,0,0,0,0,0,0,271.594792276621,0,0,0,0,0,110.94841350615,0,921.916716910899,0,2.46453809738159,0.181001245975494,9.62888649106026,0,1.44323790073395,0,17.0437992811203,0,0,0,0,0,0,0,2.43445301055908,0,0,0,1998.15649676323,0,0,0,0,363.891297392547,0,0,0,0,0,0,0,0,0,116.860972300172,0,0,0,0,0,79.5773803889751,0,588.938843235373,0,1699.86800538003,185.850653782487,46.0743447244167,11.7568223774433,0
0,0,0,0,0,0,5.7403416633606,0,0,0,3,0,0,0,29.5455582141876,0,0,0,0,0,0,0,0,0,0,0,0,0,0,0,0,0,0,0,0,0,0,0,0,0,0,0,0,0,0,0,0,0,0,0,0,0,5.6420578956604,0,0,0,0.602755606174469,0,43.3663866519928,0,0,0,0,0,0,0,0,0,0,0,0,0,0,0,0,0,0,0,0,0,0,0,36.5810258388519,0,0,0,0
0,0,0,0,0,3.10832595825195,0,0,0,0,0,0,0,0,0,53.6558937430382,0,0,0,0,0,0,0,0,0,0,0,55.3994818925858,0,0,0,0,0,0,0,0,0,0,0,0,0,0,0,0,0,0,0,0,0,0,0,30.6331884860992,0,0,0,0,0,11.204945743084,0,739.657481491566,0,19.3161141872406,0,0,0,0,0,0,0,0,0,0,0,0,0,0,0,0,0,0,0,0,208.541721463203,0,0,0,0
35.3506086468697,0,0,0,0,0,0,0,25.7163062691689,0,0,0,29.5455582141876,0,0,0,112.093456625938,0.621101319789886,0,0,0,0,9.72027838230133,1.59848153591156,3.85691639780998,0,37.8571345508099,0,3.58919869363308,0,0,0,0,0,0,0,0,0,0,0,0,0,0,0,0,0,0,0,0,0,0,0,0,0,49.9325674474239,0,0,0,106.87510484457,0,329.979770034552,0,0,0,0,3.073581635952,0,7.84261873364449,0,71.6968632340431,0,0,0,0,0,0,0,0,0,0,0,0,104.227178603411,38.9059362858534,0,0,0
0,0,0,0,0,8.11847621202469,0,0,0,47.6400032788515,0,0,0,53.6558937430382,0,0,1.92896756529808,153.598480939865,0,0,0,2.73902475833893,0,5.97578775882721,0,15.9842603802681,0,0,0,0,0,0,0,0,0,0,0,0,0,0,0,0,0,0,0,0,0,0,0,0,0,15.5992750227451,0,0,0,143.779128476977,0,0,0,5.67026782035828,0,165.883122548461,0,0,2.08690309524536,0,1.31625974178314,0,8.62998884916306,0,0,0,0,0,0,0,0,0,0,0,0,0,353.753889635205,37.1694096773863,0,0,0
0,0,1.51650848984718,0,0,0,0,0,504.93700581789,19.8636802136898,3.54346561431885,0,0,0,112.093456625938,1.92896756529808,0,8475.39591543376,2997.82774165273,0,3.2938402146101,6.28674700856209,1590.60129375756,45.7499671876431,692.564424842596,9.33029507100582,2333.93469546735,0,73.0028052031994,0,0,0,0,0,0,3.82698404788971,3.32531535625458,2.39692717790604,0.189788684248924,8.17413091659546,60.4775475561619,20.6260680854321,160.725617796183,0,0,3.70772589743137,10.3365765661001,0,1.35940623283386,0,0,0,0,0,0.803958833217621,0.427871465682983,1.86693532019854,0,0,0,48.8257628679276,0,0,19.3076334819198,3.87880493700504,637.357145428658,28.1541501283646,491.277557566762,0,599.970645695925,0,2.32355284690857,0,2.38663428276777,0,0,0,0,43.8257265090942,85.063937060535,9.87020361423492,12.2564567029476,7792.88841961324,877.714707195759,135.155139863491,0.578438371419907,1.79862670600414
0,0,0,0,0,0,0,0,31.4053455144167,272.574872359633,0,0,0,0,0.621101319789886,153.598480939865,8475.39591543376,0,3930.12704193592,0,1.24205872416496,994.852648869157,223.151543185115,555.937139391899,174.640629857779,1988.46826864779,93.1392797529697,50.58642116189,0,0,0,0,0,0,0,16.8339764401317,0,3.39235746860504,0.296149671077728,66.9922972470522,19.0401283204556,42.1530132889748,23.5008076131344,0.241422817111015,0,2.53063456714153,4.1181918233633,0,0,0.286081254482269,0,0,0,0,0,20.4309808015823,0,2.26331366598606,0,0,2.89508533477783,16.351373821497,0,1.50564646720886,306.30154363811,128.485715866089,441.218021035194,46.9591784179211,342.181301623583,17.4937103837729,0,0,0,0.195592999458313,0,0,0,0,231.135489709675,18.9618396684527,35.7313433140516,3.17674967646599,9533.86398918182,2049.9833496362,105.215720467269,5.49429380893707,0.972417563199997
0,0,1.27930685132742,4.37290692329407,0.855981230735779,0,0,0,6.47192612290382,7.4449719786644,42.9874523729086,11.5747555494308,0,0,0,0,2997.82774165273,3930.12704193592,0,10.7983354777098,69.7529604360461,4.19567394256592,21.1767478436232,24.151202917099,23.5814300477505,3.62137211859226,15.987485691905,0,0.64929735660553,0,1.47465304285288,0,0,0,0,100.392124935985,24.0386470556259,23.5703985765576,15.1137455999851,431.64485206455,524.629885748029,351.587568752468,668.911852307618,132.609429307282,0,51.8857454806566,138.261668212712,0,2.83497087657452,2.90268778800964,0,0,0,0,0.156288132071495,0,37.7462067529559,25.1265762969851,0,0,0,0,8.8848223015666,90.237127751112,1.08934085071087,12.770237416029,2.64836391806602,17.4831863343716,0.254617869853973,2.82022155821323,0.377686500549316,0,25.0716965720057,34.4159175008535,0,0,0,0,1335.11933455616,1221.40601255,421.923231519759,129.505296036601,6686.64717847854,33.9272248893976,2406.28985077888,138.453490160406,20.6479370743036
0,0,0,24.2103369534016,0,2.38387405872345,0,12.8470272421837,0,0,0,624.219034358859,0,0,0,0,0,0,10.7983354777098,0,0,0,0,0,0,0,0,0,0,0,0,0,0,0,0,1513.73742586374,0,136.307741910219,0,1.25413662195206,2.88043880462646,3.21085968613625,0,0,0,25.0203786194324,0,0,0,0.598151504993439,0,1.35631451010704,0,0,0,0.444771021604538,0,44.3522826582193,0,0.840947657823563,0,2.00057077407837,1063.0138842389,0,0,0,0,0,0,0,0,0,19.4360470473766,0,0,0,0,0,2007.67413354665,0,150.609302580357,0,637.432137057185,0,52.3675824999809,6.62735334038734,0
0,0,9.70338785648346,0,332.90590827167,0,23.3816888183355,0,0,0,346.085735976696,0,0,0,0,0,3.2938402146101,1.24205872416496,69.7529604360461,0,0,0,0,0,0,0,0,0,0,0,0,0,0,0,0,0,1213.89160083979,0,637.823296271265,1.0119209587574,3.11929705739021,0,25.6315226331353,0,0,0,9.84335577487946,0,9.8166736215353,0.464939199388027,23.2277157604694,0,0,0,1.79679837822914,0,78.9143054336309,0,0,0,0,0,0,1068.69349457324,0,0,0,0,0,0,0,0,0,47.709151878953,0,0,0,0,1.0958768427372,872.511490054429,0,83.310292750597,760.93027599901,0,168.995527610183,0.280813664197922,11.976224809885
0,0,0,0,0,0,0,0,0,9.08755894005299,0,0,0,0,0,2.73902475833893,6.28674700856209,994.852648869157,4.19567394256592,0,0,0,265.28639228642,25.8274431228638,1.15388914942741,328.630684882402,0,6.45317268371582,0,0,0,0,0,0,0,0,0,1589.32828065753,1.65703892707825,0,0,0,0,0,0,0,0,0,0,222.494399622083,0,0,0,0,0,1.23819553852081,0,0.22601518034935,0,0,0,0,0,0,5350.93593423069,76.4220951795578,29.7802274823189,0,149.381667599082,0,5.77571249008179,0,0,0,0,0,9.07839149236679,0,0,0,759.697714149952,0,2370.3253954947,876.880000919104,0,0,0
0,0,0,0,0,0,0,0,33.330504655838,0.467529118061066,0,0,0,0,9.72027838230133,0,1590.60129375756,223.151543185115,21.1767478436232,0,0,265.28639228642,0,4.89685966074467,308.368074655533,7.3215282484889,454.779021024704,0,0,0,0,0,0,0,0,0,0,0,1392.47438248992,0,0,0,0,0,0,0,0,0,118.948667645454,0,0,0,0,0,0,0,0.255648195743561,0,0,0,5.3154576420784,0,0,0,54.0648917555809,8106.49145418406,2.5067001581192,184.590576320887,0.763365611433983,187.619680702686,0,215.058806419373,0,0,0,0,0,0,0,0.668723180890083,0,209.134605839849,2736.02194312215,1146.12085103989,0,0,0
0,28.6078691482544,0,0,0,0,0,0,0,44.5658171772957,0,0,0,0,1.59848153591156,5.97578775882721,45.7499671876431,555.937139391899,24.151202917099,0,0,25.8274431228638,4.89685966074467,0,2.73868918418884,32.2830685526133,0.379529237747192,0,0,0,0,0,0,0,0,0,0,179.865117222071,0,0,0,0,0,0,0,0,0,0.247048065066338,0,1.70247733592987,0,0,0,0,0,24.6536833643913,0,0,0,0,0,0.674116969108582,0,0,9.33150514960289,0.591551050543785,248.179586470127,1.89839839935303,8.48433710634708,0,0,0,0,0,0,0,0,0,0,0,12.7932665646076,0,811.818955004215,34.6231288313866,15.1452335417271,0,0
53.9845769405365,0,0,0,0,0,0,0,149.202070504427,0,0,0,0,0,3.85691639780998,0,692.564424842596,174.640629857779,23.5814300477505,0,0,1.15388914942741,308.368074655533,2.73868918418884,0,0.98415818810463,221.551103949547,0,0,0,0,0,0,0,0,0,0,0,255.626452997327,0,0,0,0.237829372286797,0,0,0,0,0,153.696714147925,0,0,0,0,0,17.866649210453,0,0,1.05144453048706,0,0,9.35885959863663,0,0,0,0.239587187767029,119.953382134438,3.96977373957634,877.105622261763,0,155.611101329327,0,0.563606858253479,0,0,0,0,0,0,0.16282930970192,0.367406979203224,0.869779229164124,118.059347763658,977.277207642794,23.5594346672297,146.306396096945,0,0
0,0,0,0,0,0,0,0,0,19.5166851431131,0,0,0,0,0,15.9842603802681,9.33029507100582,1988.46826864779,3.62137211859226,0,0,328.630684882402,7.3215282484889,32.2830685526133,0.98415818810463,0,0,80.1643428504467,0,0,0,0,0,0,0,0,0,0,0,0,0,0,0,0,0,0,0,0,0,0,0,0,0,0,0,1.37232401967049,0,0,0,0,0,0,0,0,185.097967624664,15.9931670948863,33.2412194758654,0,678.378117650747,0,28.8400887846947,0,0,0,0,0,0,0,0.110761314630508,0,0,0,346.843858465552,146.065617531538,0,0,0
0,0,0,0,0,0,0,0,79.5619509518147,0,0,0,0,0,37.8571345508099,0,2333.93469546735,93.1392797529697,15.987485691905,0,0,0,454.779021024704,0.379529237747192,221.551103949547,0,0,0,79.5913316607475,0,0,0,0,0,0,0,0,0,0,0,0,0,0,0,0,0,0,0,0,0,0,0,0,0,0,0,0,0,0,0,14.4066768288612,0,0,0,0,207.08985298872,0,77.2446549832821,0,1624.19461840391,0,27.0066321492195,0,0,0,0,0,0,0,0,0,0,570.822105586529,26.3530844897032,0,0,0
0,0,0,0,0,0,0,0,0,0,0,0,0,55.3994818925858,0,0,0,50.58642116189,0,0,0,6.45317268371582,0,0,0,80.1643428504467,0,0,0,12.1855346560478,0,0,0,0,0,0,0,3,0,0,0,0,0,0,0,0,0,0,0,0,0,0,0,0,0,0,0,0,0,1,0,0,0,0,2,0,0,0,0,0,344.710167348385,0,13.8640244603157,0,0,0,0,0,0,0,1,0,76.041054546833,4.13754856586456,0,0,0
0,0,0,0,0,0,0,0,0.29698783159256,0,0,0,0,0,3.58919869363308,0,73.0028052031994,0,0.64929735660553,0,0,0,0,0,0,0,79.5913316607475,0,0,0,92.5032830536366,0,0,0,0,0,0,0,97.0235990583897,0,0,0,0,0,0,0,0,0,0.625097990036011,0,0,0,0,0,0,0,0,0,0,0,0,0,0,0,0,0,0,0,0,40.9689018726349,0,184.537980854511,0,74.2600817680359,0,0,0,0,0,0,0,10.9243690371513,235.111237421632,89.4898361414671,0,0,0
0,0,0,0,0,0,0,0,0,0,0,271.594792276621,0,0,0,0,0,0,0,0,0,0,0,0,0,0,0,12.1855346560478,0,0,0,0,0,0,0,0,0,478.214723303914,0,0,0,0,0,0,0,0,0,0,0,0,0,0,0,0,0,0,0,68.0973744690418,0,0,0,0,3.58885151147842,0,0,0,0,0,0,0,0,0,1872.48328661919,0,0,0,0,0,0,0,148.556897357106,0,456.906024605036,64.2094546407461,1.82683630287647,0,0
0,0,0,0,0,0,0,0,0,0,29.4998204410076,0,0,0,0,0,0,0,1.47465304285288,0,0,0,0,0,0,0,0,0,92.5032830536366,0,0,0,0,0,0,0,0,0,32.245417714119,0,0.371521770954132,0,0.187061473727226,0,0,0,0,0,0.109219186007977,0,0,0,0,0,0,0,82.3674694895744,0,0,0,0,0,0,0.627852141857147,0,0,0,0,0,0,0,16.9976277947426,0,277.696808457375,0,0,0,0,0,0.786194995045662,0,127.146577090025,0.596875354647636,0,2.71488504111767,0,3.99324375391006
0,0,0,0,0,0,0,0,0,0,0,0,0,0,0,0,0,0,0,0,0,0,0,0,0,0,0,0,0,0,0,0,1320.14203304052,77.79212410748,37.1058875322342,555.251518189907,33.4900186359882,0,0,0,0,0,0,0,0,0,0,192.333772778511,0,0,0,0,0,0,0,0,0,0,0,0,0,0,0,0,0,0,0,0,0,0,0,0,0,0,3528.17698527873,758.404747933149,161.322266802192,11.4492450356483,1461.46053901315,25.6977195739746,0,0,133.298424988985,0,0,0,0
0,0,0,0,0,0,0,0,0,0,0,0,0,0,0,0,0,0,0,0,0,0,0,0,0,0,0,0,0,0,0,1320.14203304052,0,3.06454294919968,52.5750833898783,490.759712070227,434.96089220047,0,0,0,0,0,0,0,0,0,0,269.604452967644,0,0,0,0,0,0,0,0,0,0,0,0,0,0,0,0,0,0,0,0,0,0,0,0,0,0,827.593366682529,6090.53996087611,2.10492706298828,155.699134945869,200.29369315505,777.380733668804,0,0,444.29643073678,0,0,0,0
0,0,0,0,0,0,0,0,0,0,0,0,0,0,0,0,0,0,0,0,0,0,0,0,0,0,0,0,0,0,0,77.79212410748,3.06454294919968,0,2097.10274460912,518.047030568123,72.9818794280291,255.609599322081,73.4689419269562,0,0,0,0,0,0,0,0,1690.93042218685,0,0,0,0,0,0,0,0,0,0,0,0,0,0,0,0,0,0,0,0,0,0,0,0,0,0,17.55813588202,15.8937568664551,2199.2484883219,1370.94089987874,807.986818343401,1.11520060896873,74.9084477126598,24.2844562530518,267.682231739163,11.219118848443,0,0,0
0,0,0,0,0,0,0,0,0,0,0,0,0,0,0,0,0,0,0,0,0,0,0,0,0,0,0,0,0,0,0,37.1058875322342,52.5750833898783,2097.10274460912,0,0,280.671316258609,7.51822805404663,328.761758819222,0,0,0,0,0,0,0,0,727.578329622746,6.29389925301075,0,0,0,0,0,0,0,0,0,0,0,0,0,0,0,0,0,0,0,0,0,0,0,0,0,0.494219094514847,76.2280673086643,577.669025346637,2951.07636767626,0,79.3463028371334,1.46321271359921,120.375193580985,304.733985766768,0,0,0,0
0,0,0,5.50986734032631,0,0,0,0,0,0,0,110.94841350615,0,0,0,0,3.82698404788971,16.8339764401317,100.392124935985,1513.73742586374,0,0,0,0,0,0,0,0,0,0,0,555.251518189907,490.759712070227,518.047030568123,0,0,1591.37212380767,2256.73616722226,73.3399927020073,18.8130577281117,2.90138483047485,51.1406918391585,13.3951998576522,0.147836521267891,0,112.568178266287,0.29852357506752,10.9878771752119,5.42829784750938,104.677648723125,0,0,0,0,0,0,0,0,0,0,0,0,322.711929194629,0,0,0,0,0,0,0,0,0,0,0,199.986330941319,54.4128905236721,126.502169489861,0,27559.4027672336,83.8152592182159,386.514233797789,0,8138.61853071302,1274.25948886573,264.752625480294,0.845819234848022,0
0,0,0.418021082878113,0,2.71821419894695,0,0,0,0,0,86.5495598316193,0,0,0,0,0,3.32531535625458,0,24.0386470556259,0,1213.89160083979,0,0,0,0,0,0,0,0,0,0,33.4900186359882,434.96089220047,72.9818794280291,280.671316258609,1591.37212380767,0,0,1419.43229530007,0,7.79218925535679,1.11444349586964,5.76063597202301,0,0,0.26307088136673,68.3523488417268,55.483644515276,117.52160961926,78.5847518593073,0.438196271657944,0,0,0,0,0,5.59505790472031,0,0,0,0,0,0,348.253631465137,0,0,0,0,0,0,0,0,0,0.129281803965569,46.8629857897758,81.8932818472385,8.78321598470211,64.9920546263456,954.395278036594,29039.8685168102,0.740041434764862,400.988411508501,7245.27422580868,668.171177357435,143.707405894995,0,0
0,0,0,0,0,0,0,0,0,85.5594510287046,0,921.916716910899,0,0,0,0,2.39692717790604,3.39235746860504,23.5703985765576,136.307741910219,0,1589.32828065753,0,179.865117222071,0,0,0,3,0,478.214723303914,0,0,0,255.609599322081,7.51822805404663,2256.73616722226,0,0,216.215340673923,1.06688983738422,0,80.316459313035,0.680531919002533,0.423982560634613,0,19.9436213970184,0,77.5321677923203,0,544.824283957481,0,0,0,0,0,0.423400104045868,0,40.2718023508787,0,0,0,0,151.145546235144,0,518.638330325484,0,124.610535830259,0,0,0,33.7275205403566,0,56.8840153366327,0,0,0,535.817421019077,0,907.064101576805,0.112447872757912,12748.3697189093,81.8339986205101,4579.54631049931,468.806991919875,162.286653995514,4.70202159881592,0
0,0,0,0,0,0,0,0,60.1517258882523,0,411.584085702896,0,0,0,0,0,0.189788684248924,0.296149671077728,15.1137455999851,0,637.823296271265,1.65703892707825,1392.47438248992,0,255.626452997327,0,0,0,97.0235990583897,0,32.245417714119,0,0,73.4689419269562,328.761758819222,73.3399927020073,1419.43229530007,216.215340673923,0,0,0,0,34.5030492097139,0,0,0,0.240424834191799,96.2585411518812,1582.00574408472,0,0,0,0,0,2.37143015861511,0,24.2471002936363,0,0,0,0,0,0,169.534618631005,0,717.642347961664,0,212.294027253985,0,63.7810874581337,0,312.375014185905,0,0.339980572462082,0,0,24.6097125709057,276.518440976739,0,439.791759729385,5.34120917320251,10950.7598397434,3533.00934955478,1903.13418282568,149.712996207178,0,4.2381533831358
0,0,0,10.2888885885477,0,0,0,0,0.118753023445606,0,0.153030335903168,2.46453809738159,0,0,0,0,8.17413091659546,66.9922972470522,431.64485206455,1.25413662195206,1.0119209587574,0,0,0,0,0,0,0,0,0,0,0,0,0,0,18.8130577281117,0,1.06688983738422,0,0,6.7241959348321,831.574557565153,18.1873896569014,0.417266994714737,0,120.93458366394,1.23156414926052,0,0.43756065517664,679.031046390533,0,0,0,0,0,0,0,3.30335026979446,0,0,0,0,312.060223534703,0.358630776405334,0,0,0,0,0,0,0.218854233622551,0,0.736683145165443,0.110084660351276,0,0,0,0,1984.28134091198,9.6902451813221,67.1147307306528,0.137887895107269,162.13564901799,0,1846.65356877446,11.9302945137024,0
0,0,1.0821719840169,0,4.93973496556282,0,0,0,0,0,6.36014867573977,0.181001245975494,0,0,0,0,60.4775475561619,19.0401283204556,524.629885748029,2.88043880462646,3.11929705739021,0,0,0,0,0,0,0,0,0,0.371521770954132,0,0,0,0,2.90138483047485,7.79218925535679,0,0,6.7241959348321,0,2.15783733129501,661.03220719099,0.173762917518616,0,0.173015028238297,449.418393999338,0,322.302068345249,0.417668759822845,0,0,0,0,0,0,2.73267272859812,0,0,0,0,0,0,144.15488524735,0,0,0,0,0,0,0,0,0.145580977201462,2.03023639321327,0,0,0,0,21.3278590664268,2800.37223360687,1.83143121004105,6.69658141583204,215.114435315132,0,1163.06493294239,0.205773785710335,17.5636747032404
0,34.0560442358255,0,19.6011158078909,0,0,0,0,0,1.28787532448769,0.516497351229191,9.62888649106026,0,0,0,0,20.6260680854321,42.1530132889748,351.587568752468,3.21085968613625,0,0,0,0,0,0,0,0,0,0,0,0,0,0,0,51.1406918391585,1.11444349586964,80.316459313035,0,831.574557565153,2.15783733129501,0,131.722075298429,5.52022698521614,0,3.92412388324738,0,13.6854345500469,2.76339162886143,208.607832968235,0,0,0,0,0,0,0.211387872695923,708.055110231042,0,0,0,0,280.362841814756,1.35432261228561,0,0,0,0,0,0,24.3076031655073,0,234.983144268394,1.20656526088715,0,0,0,0,1070.93208426237,7.53004275262356,554.315159201622,0.734605677425861,792.729623146355,0,1889.12786137313,466.558555282652,0
8.73206254839897,0,41.3829179406166,0,7.4739196151495,0,0,0,66.043290168047,0,29.1206287592649,0,0,0,0,0,160.725617796183,23.5008076131344,668.911852307618,0,25.6315226331353,0,0,0,0.237829372286797,0,0,0,0,0,0.187061473727226,0,0,0,0,13.3951998576522,5.76063597202301,0.680531919002533,34.5030492097139,18.1873896569014,661.03220719099,131.722075298429,0,0,0,0,9.86869835853577,15.9423398673534,181.116228938103,0.860262542963028,0.158538416028023,0,0,0,4.65579162538052,0,315.386086381972,0,0,0,0,0,0,310.872809663415,0,0.249386757612228,0,0,0,0,0,0.461145043373108,0,228.6661657691,0,0,0,0,83.5474141761661,1200.59048763663,7.9655396938324,213.112174428999,775.533539846539,0,3703.23700795323,1.40335756540298,573.459188044071
0,0,0,0,0,0,0,0,0,0,0,1.44323790073395,0,0,0,0,0,0.241422817111015,132.609429307282,0,0,0,0,0,0,0,0,0,0,0,0,0,0,0,0,0.147836521267891,0,0.423982560634613,0,0.417266994714737,0.173762917518616,5.52022698521614,0,0,0,0,0,0,0,0,0,0,0,0,0,0,0,4.55599199235439,0,0,0,0,0.448391437530518,0,0,0,0,0,0,0,0,0,0.684744238853455,0,0,0,0,0,3.74541518092155,0,6.22684656083584,0,1.07413923740387,0,34.7753924280405,0,0
0,0,1.263343334198,0,0,0,0,0,0,0,0.161323845386505,0,0,0,0,0,0,0,0,0,0,0,0,0,0,0,0,0,0,0,0,0,0,0,0,0,0,0,0,0,0,0,0,0,0,0,0.84914231300354,0,0,0,0,0,0,0,0.172693967819214,0,0.252259515225887,0,0,0,0,0,0,0,0,0,0,0,0,0,0,0,0,0.2442906498909,0,0,0,0,0,4.23012757301331,0,0,18.5340479910374,0,13.9347419813275,0,0
0,0,0,32.970824316144,0,0,0,0,0,0,0,17.0437992811203,0,0,0,0,3.70772589743137,2.53063456714153,51.8857454806566,25.0203786194324,0,0,0,0,0,0,0,0,0,0,0,0,0,0,0,112.568178266287,0.26307088136673,19.9436213970184,0,120.93458366394,0.173015028238297,3.92412388324738,0,0,0,0,0,1.90124912559986,8.15799640119076,149.982134774327,0,0,0,0,0,0,0,6.10445860028267,0,0,0,0,97.8159657418728,0,0,0,0,0,0,0,0.238762751221657,0,14.4842424541712,0,0,0,0,0,882.504679679871,0.120666079223156,39.065343812108,0,28.7145408838987,0,554.880503855646,0,0
0,0,0,0.679131105542183,0,0,0,0,0,0,2.75233966112137,0,0,0,0,0,10.3365765661001,4.1181918233633,138.261668212712,0,9.84335577487946,0,0,0,0,0,0,0,0,0,0,0,0,0,0,0.29852357506752,68.3523488417268,0,0.240424834191799,1.23156414926052,449.418393999338,0,9.86869835853577,0,0.84914231300354,0,0,0,30.739462852478,1.86488351225853,0,0,0,0,0,0,3.76544390618801,0,0,0,0,0,0,164.7385160923,0,0,0,0.268236428499222,0,0,0,0,0,0.450685784220695,0,0,0,0,5.30169440060854,894.423312202096,0,54.9493580535054,77.33136112988,0,174.783405266702,0,0.158316507935524
0,0,0,0,0,0,0,0,0,0,0,0,0,0,0,0,0,0,0,0,0,0,0,0.247048065066338,0,0,0,0,0,0,0,192.333772778511,269.604452967644,1690.93042218685,727.578329622746,10.9878771752119,55.483644515276,77.5321677923203,96.2585411518812,0,0,13.6854345500469,15.9423398673534,0,0,1.90124912559986,0,0,2821.84692691267,701.432504922152,0,0,0,0,0,0,0,0,0,0,0,0,0,0,0,0,0,0,0,0,0,0,0,0,3063.8380600512,3304.87823569775,2250.21246398985,1649.32883030176,1951.3657874763,532.887417003512,1129.13803714514,1028.63416202366,421.366853117943,54.5468917489052,135.881329372525,0,0
275.065929323435,0,12.4941005259752,7.35846040397882,20.5675151795149,0,0,0,3.27202673256397,0,1.81345076113939,0,0,0,0,0,1.35940623283386,0,2.83497087657452,0,9.8166736215353,0,118.948667645454,0,153.696714147925,0,0,0,0.625097990036011,0,0.109219186007977,0,0,0,6.29389925301075,5.42829784750938,117.52160961926,0,1582.00574408472,0.43756065517664,322.302068345249,2.76339162886143,181.116228938103,0,0,8.15799640119076,30.739462852478,2821.84692691267,0,65.7102700173855,0,0,0,0,0,0,48.6356595084071,0,12.1519886255264,0,0,0,0,66.0812778100371,0,99.2045386731625,0,42.5033273994923,0,114.97178030014,0,125.076963409781,0,2.55361119657755,0,0,2.34015545248985,2.29421147704124,2.12586019933224,332.255299992859,6.15162800252438,783.483612298965,1093.66829776764,0,1605.94390844554,0,4.0756513774395
0,811.634678542614,0.640374094247818,247.078448951244,2.43702349066734,0,0,0,0,31.3551426529884,0,0,0,0,0,0,0,0.286081254482269,2.90268778800964,0.598151504993439,0.464939199388027,222.494399622083,0,1.70247733592987,0,0,0,0,0,0,0,0,0,0,0,104.677648723125,78.5847518593073,544.824283957481,0,679.031046390533,0.417668759822845,208.607832968235,0.860262542963028,0,0,149.982134774327,1.86488351225853,701.432504922152,65.7102700173855,0,0,0,0,0,0,10.6149161010981,0.261179029941559,421.863877356052,0,154.73974904418,0,2.74081799387932,7.81297990679741,0.68131884932518,191.813825592399,0,448.027202427387,0,2.72767567634583,0,510.767276376486,0,48.0441658943892,0,0,0,0,0,95.4480832070112,9.92433762550354,987.625690296292,0,327.770455092192,0,1236.24345623702,0.221000418066978,0
0,0,17.8683925569057,0,150.201487161219,0,0,0,0,0,2.47708086669445,0,0,0,0,0,0,0,0,0,23.2277157604694,0,0,0,0,0,0,0,0,0,0,0,0,0,0,0,0.438196271657944,0,0,0,0,0,0.158538416028023,0,0,0,0,0,0,0,0,0,3.38268995285034,0,0,0,2.20045706629753,0,0,0,0,0,0,96.9066980183125,0,0,0,0,0,0,0,0,0,0.143140867352486,0,0,0,0,0,0.31829497218132,0,0.263429164886475,24.2277659997344,0,132.19410943985,0,0
0,0,0,1.25781148672104,0,1307.08752405643,0,0,0,39.9227488636971,0,0,0,30.6331884860992,0,15.5992750227451,0,0,0,1.35631451010704,0,0,0,0,0,0,0,0,0,0,0,0,0,0,0,0,0,0,0,0,0,0,0,0,0,0,0,0,0,0,0,0,0,4.17495736479759,0,8.70329684019089,0,102.274072945118,0,261.198464900255,0,3.0477511882782,42.953727632761,0,0,0,0,0,0,0,0,0,0,0,0,0,0,0,0,0,0,0,57.2033525705338,0,6.506726115942,0,0
0,0,0,0,0.673320174217224,0,125.338108062744,0,0,0,53.4840007126331,0,5.6420578956604,0,0,0,0,0,0,0,0,0,0,0,0,0,0,0,0,0,0,0,0,0,0,0,0,0,0,0,0,0,0,0,0,0,0,0,0,0,3.38268995285034,0,0,0,0,0,93.7192299067974,0,0,0,0,0,0,35.3062848746777,0,0,0,0,0,0,0,0,0,0,0,0,0,0,0,2.69809702038765,0,0,139.98647415638,0,0,0,0
0,0,0,0,0,0,0,334.459342852235,0,0,0,2.43445301055908,0,0,0,0,0,0,0,0,0,0,0,0,0,0,0,0,0,0,0,0,0,0,0,0,0,0,0,0,0,0,0,0,0,0,0,0,0,0,0,4.17495736479759,0,0,0,0,0,491.62479904294,0,0.984845399856567,0,0,1.33667808771133,0,0,0,0,0,0,0,0,0,0,0,0,0,0,0,0,0,0,0,61.5546253919601,0,0,0,0
65.0939293950796,0,60.0550757199526,0,0,0,0,0,620.709637507796,0,0,0,0,0,49.9325674474239,0,0.803958833217621,0,0.156288132071495,0,1.79679837822914,0,0,0,17.866649210453,0,0,0,0,0,0,0,0,0,0,0,0,0,2.37143015861511,0,0,0,4.65579162538052,0,0.172693967819214,0,0,0,0,0,0,0,0,0,0,0,0.495450645685196,0,0,0,39.2085915654898,0,0,0.663825511932373,0,0,0,45.3315187394619,0,0,0,0,0,0,0,0,0,0,0,0,0,0,43.6178096830845,0,36.6510134488344,0,0
0,181.173299863935,0,13.0644873231649,0,137.030590295792,0,0,0,781.347077399492,0,0,0,0,0,143.779128476977,0.427871465682983,20.4309808015823,0,0.444771021604538,0,1.23819553852081,0,24.6536833643913,0,1.37232401967049,0,0,0,0,0,0,0,0,0,0,0,0.423400104045868,0,0,0,0,0,0,0,0,0,0,0,10.6149161010981,0,8.70329684019089,0,0,0,0,0,0,0,0,0,4.59114149212837,5.4424661397934,0,0.445928335189819,0,72.5150978714228,0,2.36320471763611,0,0,0,0,0,0,0,0,0,0,0,0,0,40.2892071008682,0,16.9617236852646,0,0
0,0,43.5710286647081,0,3.55706495046616,0,70.9878670722246,0,0,0,1146.01886922121,0,0.602755606174469,0,0,0,1.86693532019854,0,37.7462067529559,0,78.9143054336309,0,0.255648195743561,0,0,0,0,0,0,0,82.3674694895744,0,0,0,0,0,5.59505790472031,0,24.2471002936363,0,2.73267272859812,0.211387872695923,315.386086381972,0,0.252259515225887,0,3.76544390618801,0,48.6356595084071,0.261179029941559,2.20045706629753,0,93.7192299067974,0,0.495450645685196,0,0,0,299.60726813972,0,0,0,0,562.589523077011,0,0,0,0,0,0,0,96.065649792552,0,598.838710606098,0,0,0,0,0.188367657363415,27.007578201592,0.873798191547394,39.6285928487778,186.429514072835,0,917.1119960621,0,84.3138517588377
0,0,0,36.8990460932255,0,66.9530552327633,0,255.351682260633,0,0,0,1998.15649676323,0,11.204945743084,0,0,0,2.26331366598606,25.1265762969851,44.3522826582193,0,0.22601518034935,0,0,1.05144453048706,0,0,0,0,68.0973744690418,0,0,0,0,0,0,0,40.2718023508787,0,3.30335026979446,0,708.055110231042,0,4.55599199235439,0,6.10445860028267,0,0,0,421.863877356052,0,102.274072945118,0,491.62479904294,0,0,0,0,0,924.152529373765,0,8.57309164106846,1313.98526600748,0,1.52871352434158,0,0,0,0,0,1834.65751901269,0,843.294322997332,0,0,0,0,0,6.00128892064095,3.18531642854214,403.341519489884,0,310.637334175408,39.407119974494,767.320077933371,68.734611749649,0
0,0,0,0,0,0,0,0,0,0,2,0,43.3663866519928,0,106.87510484457,0,0,0,0,0,0,0,0,0,0,0,0,0,0,0,0,0,0,0,0,0,0,0,0,0,0,0,0,0,0,0,0,0,12.1519886255264,0,0,0,0,0,0,0,299.60726813972,0,0,0,234.427192091942,0,0,0,0,0,0,0,0,2.27400612831116,0,73.6384515464306,0,0,0,0,0,0,0,0,0,0,0,0,0,0,0
0,0,0,11.9716895371675,0,191.869405716658,0,9.78319764137268,0,0,0,0,0,739.657481491566,0,5.67026782035828,0,0,0,0.840947657823563,0,0,0,0,0,0,0,1,0,0,0,0,0,0,0,0,0,0,0,0,0,0,0,0,0,0,0,0,0,154.73974904418,0,261.198464900255,0,0.984845399856567,0,0,0,924.152529373765,0,0,0,24.8107777833939,18.907936617732,0,0.174304068088531,0,0,0,0,0,266.823950454593,0,4.97307741641998,0,0,0,0,0,0,0,3.61408770084381,0,143.185065299273,0,14.2834015786648,0,0
34.1286224126816,0,0,0,0,0,0,0,3.49305734038353,0,0,0,0,0,329.979770034552,0,48.8257628679276,2.89508533477783,0,0,0,0,5.3154576420784,0,9.35885959863663,0,14.4066768288612,0,0,0,0,0,0,0,0,0,0,0,0,0,0,0,0,0,0,0,0,0,0,0,0,0,0,0,39.2085915654898,0,0,0,234.427192091942,0,0,0,0,0,0,1.6557309627533,0,3.31882947683334,0,178.755040705204,0,0,0,0,0,0,0,0,0,0,0.364958584308624,0,23.7652831077576,0,0,0,0
0,0,0,7.47793769836426,0,17.5981758832932,0,0,0,152.706768125296,0,0,0,19.3161141872406,0,165.883122548461,0,16.351373821497,0,2.00057077407837,0,0,0,0.674116969108582,0,0,0,0,0,0,0,0,0,0,0,0,0,0,0,0,0,0,0,0,0,0,0,0,0,2.74081799387932,0,3.0477511882782,0,0,0,4.59114149212837,0,8.57309164106846,0,24.8107777833939,0,0,13.7176878303289,0,0,0.172631204128265,0.508163958787918,0,1.9545306712389,0,0,0,1.40444219112396,0,0,0,0,0,0,0,0,0,151.522119373083,13.7147642374039,11.7730185836554,0,0
0,0.975549161434174,0,146.259407415986,0,26.4984122812748,0,22.2464881837368,0,0,0,363.891297392547,0,0,0,0,0,0,8.8848223015666,1063.0138842389,0,0,0,0,0,0,0,0,0,3.58885151147842,0,0,0,0,0,322.711929194629,0,151.145546235144,0,312.060223534703,0,280.362841814756,0,0.448391437530518,0,97.8159657418728,0,0,0,7.81297990679741,0,42.953727632761,0,1.33667808771133,0,5.4424661397934,0,1313.98526600748,0,18.907936617732,0,13.7176878303289,0,0,0.226408526301384,0,0,0,0,0,45.8739911317825,0,174.37927596271,0,0,0,0,0,2411.16099818796,0,619.016107410192,0,278.594935692847,0,720.003225408494,3.27344447374344,0
0,0,9.17171150445938,0,180.310090959072,0,126.473312497139,0,0,0,53.8232472315431,0,0,0,0,0,19.3076334819198,1.50564646720886,90.237127751112,0,1068.69349457324,0,0,0,0,0,0,0,0,0,0.627852141857147,0,0,0,0,0,348.253631465137,0,169.534618631005,0.358630776405334,144.15488524735,1.35432261228561,310.872809663415,0,0,0,164.7385160923,0,66.0812778100371,0.68131884932518,96.9066980183125,0,35.3062848746777,0,0.663825511932373,0,562.589523077011,0,0,0,0,0,0,0,0,0,0,0,0,0,0,0,0,79.4597199112177,0,0,0,0,4.86932903528214,2888.68559545279,0.115377448499203,210.725561022758,515.691438682377,0,624.372012101114,0,28.32215026021
0,0,0,0,0,0,0,0,0,0.938899427652359,0,0,0,0,0,2.08690309524536,3.87880493700504,306.30154363811,1.08934085071087,0,0,5350.93593423069,54.0648917555809,9.33150514960289,0.239587187767029,185.097967624664,0,2,0,0,0,0,0,0,0,0,0,518.638330325484,0,0,0,0,0,0,0,0,0,0,0,191.813825592399,0,0,0,0,0,0.445928335189819,0,1.52871352434158,0,0.174304068088531,0,0,0.226408526301384,0,0,12.9262678995728,126.520449534059,0,157.827204927802,0,5.54982513189316,0,1.32928302884102,0,0,0,0,0,0,0,157.603589579463,0,754.37899684906,90.6081058233976,0,0,0
0,0,0,0,0,0,0,0,11.1313402354717,0.449903070926666,0,0,0,0,3.073581635952,0,637.357145428658,128.485715866089,12.770237416029,0,0,76.4220951795578,8106.49145418406,0.591551050543785,119.953382134438,15.9931670948863,207.08985298872,0,0,0,0,0,0,0,0,0,0,0,717.642347961664,0,0,0,0.249386757612228,0,0,0,0,0,99.2045386731625,0,0,0,0,0,0,0,0,0,0,0,1.6557309627533,0.172631204128265,0,0,12.9262678995728,0,1.38515590131283,82.6154906153679,2.40965947508812,114.221153080463,0,58.0227243304253,0,0,0,0,0,0,0,0.976214230060577,0,742.517952099442,861.573627308011,348.249690398574,1.42544293403625,0,0
0,21.1504738330841,0,0,0,0,0,0,0,21.7830603420734,0,0,0,0,0,1.31625974178314,28.1541501283646,441.218021035194,2.64836391806602,0,0,29.7802274823189,2.5067001581192,248.179586470127,3.96977373957634,33.2412194758654,0,0,0,0,0,0,0,0,0,0,0,124.610535830259,0,0,0,0,0,0,0,0,0,0,0,448.027202427387,0,0,0,0,0,72.5150978714228,0,0,0,0,0,0.508163958787918,0,0,126.520449534059,1.38515590131283,0,0,77.025674149394,0,12.877238035202,0,0,0,0,0,0,0,0,0,107.040933862329,0,178.535350292921,22.4621702581644,57.4067769050598,0,0
168.809715986252,0,0,0,0,0,0,0,345.784888237715,0,0,0,0,0,7.84261873364449,0,491.277557566762,46.9591784179211,17.4831863343716,0,0,0,184.590576320887,1.89839839935303,877.105622261763,0,77.2446549832821,0,0,0,0,0,0,0,0,0,0,0,212.294027253985,0,0,0,0,0,0,0,0.268236428499222,0,42.5033273994923,0,0,0,0,0,45.3315187394619,0,0,0,0,0,3.31882947683334,0,0,0,0,82.6154906153679,0,0,0,64.1911624073982,0,0,0,0,0,0,0,0,0,0,0,116.858602106571,737.95581458509,9.73634946346283,65.6985167860985,0,0
0,0,0,0,0,0,0,0,0,20.5584020316601,0,0,0,0,0,8.62998884916306,0,342.181301623583,0.254617869853973,0,0,149.381667599082,0.763365611433983,8.48433710634708,0,678.378117650747,0,0,0,0,0,0,0,0,0,0,0,0,0,0,0,0,0,0,0,0,0,0,0,2.72767567634583,0,0,0,0,0,2.36320471763611,0,0,0,0,0,1.9545306712389,0,0,157.827204927802,2.40965947508812,77.025674149394,0,0,0,31.4312953352928,0,0,0,0,0,0,0,0,0,0,0,38.6974604278803,16.505030632019,0,0,0
0,0,0,0,0,0,0,0,28.1393051743507,0.225497990846634,0,0,0,0,71.6968632340431,0,599.970645695925,17.4937103837729,2.82022155821323,0,0,0,187.619680702686,0,155.611101329327,0,1624.19461840391,0,40.9689018726349,0,0,0,0,0,0,0,0,0,63.7810874581337,0,0,0,0,0,0,0,0,0,114.97178030014,0,0,0,0,0,0,0,0,0,2.27400612831116,0,178.755040705204,0,0,0,0,114.221153080463,0,64.1911624073982,0,0,0,6.68485569953918,0,0,0,0,0,0,0.75159215927124,0,0,39.9185565114021,197.846291005611,0.998079895973206,0.500825464725494,0,0
0,0.319084942340851,0,1.33157277107239,0,0,0,0,0,0,0,0,0,0,0,0,0,0,0.377686500549316,0,0,5.77571249008179,0,0,0,28.8400887846947,0,344.710167348385,0,0,0,0,0,0,0,0,0,33.7275205403566,0,0.218854233622551,0,24.3076031655073,0,0,0,0.238762751221657,0,0,0,510.767276376486,0,0,0,0,0,0,0,1834.65751901269,0,266.823950454593,0,0,45.8739911317825,0,5.54982513189316,0,12.877238035202,0,31.4312953352928,0,0,0,548.437559127808,0,0,0,0,0,0,0,667.893669202924,0,0.122030667960644,0,24.0340951606631,0.810519009828568,0
0,0,0,0,0,0,0,0,0,0,0,0,0,0,0,0,2.32355284690857,0,0,0,0,0,215.058806419373,0,0.563606858253479,0,27.0066321492195,0,184.537980854511,0,16.9976277947426,0,0,0,0,0,0,0,312.375014185905,0,0,0,0.461145043373108,0,0,0,0,0,125.076963409781,0,0,0,0,0,0,0,96.065649792552,0,73.6384515464306,0,0,0,0,0,0,58.0227243304253,0,0,0,6.68485569953918,0,0,0,833.650797218084,0,0,0,0,0,0,0,184.954078227282,94.829374819994,0,0.56843176484108,0,0.270011812448502
0,0,0,6.25751331448555,0,0,0,0,0,0,0,116.860972300172,0,0,0,0,0,0,25.0716965720057,19.4360470473766,0,0,0,0,0,0,0,13.8640244603157,0,1872.48328661919,0,0,0,0,0,0,0,56.8840153366327,0,0.736683145165443,0.145580977201462,234.983144268394,0,0.684744238853455,0,14.4842424541712,0,0,0,48.0441658943892,0,0,0,0,0,0,0,843.294322997332,0,4.97307741641998,0,1.40444219112396,174.37927596271,0,1.32928302884102,0,0,0,0,0,548.437559127808,0,0,0,0,0,0,0,3.85353711247444,0,1730.26205433905,0,365.539823502302,51.7827101945877,251.233845174313,84.1667851060629,0
0,0,4.81203025579453,0,0,0,0,0,0,0,22.8474674224854,0,0,0,0,0,2.38663428276777,0.195592999458313,34.4159175008535,0,47.709151878953,0,0,0,0,0,0,0,74.2600817680359,0,277.696808457375,0,0,0,0,0,0.129281803965569,0,0.339980572462082,0.110084660351276,2.03023639321327,1.20656526088715,228.6661657691,0,0.2442906498909,0,0.450685784220695,0,2.55361119657755,0,0.143140867352486,0,0,0,0,0,598.838710606098,0,0,0,0,0,0,79.4597199112177,0,0,0,0,0,0,0,833.650797218084,0,0,0,0,0,0,0.544312343001366,5.62998707592487,0,675.964501485229,14.1622668653727,0,295.158754602075,0.425528079271317,72.9700416326523
0,0,0,0,0,0,0,0,0,0,0,0,0,0,0,0,0,0,0,0,0,0,0,0,0,0,0,0,0,0,0,3528.17698527873,827.593366682529,17.55813588202,0.494219094514847,199.986330941319,46.8629857897758,0,0,0,0,0,0,0,0,0,0,3063.8380600512,0,0,0,0,0,0,0,0,0,0,0,0,0,0,0,0,0,0,0,0,0,0,0,0,0,0,0,452.350263625383,481.437153726816,0,721.473005756736,0,0,0,879.613279759884,0,0,0,0
0,0,0,0,0,0,0,0,0,0,0,0,0,0,0,0,0,0,0,0,0,0,0,0,0,0,0,0,0,0,0,758.404747933149,6090.53996087611,15.8937568664551,76.2280673086643,54.4128905236721,81.8932818472385,0,0,0,0,0,0,0,0,0,0,3304.87823569775,0,0,0,0,0,0,0,0,0,0,0,0,0,0,0,0,0,0,0,0,0,0,0,0,0,0,452.350263625383,0,3.79981154203415,439.644583389163,3.37247386574745,1287.9422480911,0,0,222.122631072998,0,0,0,0
0,0,0,0,0,0,0,0,0,0,0,0,0,0,0,0,0,0,0,0,0,9.07839149236679,0,0,0,0,0,0,0,0,0,161.322266802192,2.10492706298828,2199.2484883219,577.669025346637,126.502169489861,8.78321598470211,535.817421019077,24.6097125709057,0,0,0,0,0,0,0,0,2250.21246398985,2.34015545248985,0,0,0,0,0,0,0,0,0,0,0,0,0,0,0,0,0,0,0,0,0,0,0,0,0,481.437153726816,3.79981154203415,0,64.5122712254524,792.521939650178,1.02021305263042,1234.83894565701,0,268.836011484265,43.7451246529818,0,0,0
0,0,0,0,0,0,0,0,0,0,0,0,0,0,0,0,0,0,0,0,0,0,0,0,0,0,0,0,0,0,0,11.4492450356483,155.699134945869,1370.94089987874,2951.07636767626,0,64.9920546263456,0,276.518440976739,0,0,0,0,0,0,0,0,1649.32883030176,2.29421147704124,0,0,0,0,0,0,0,0,0,0,0,0,0,0,0,0,0,0,0,0,0,0,0,0,0,0,439.644583389163,64.5122712254524,0,0,325.06018820405,0,368.157413259149,122.560173109174,0,0.91970269382,0,0
