0,0,0,0,0.0535662266646364,0,0,0,0.202091858337771,0,0,0,0.00229585604992353,0,0.0573403239290773,0,1.01422684911526e-05,0,0.00339406935960968,0,0,0,0,0,0,0,0,0,0.000295353107944062,0,0,0,0,0,0,0,0,0,0,0,0,0,0.00257651885557932,0,0,0,0,0,0.000342075247317553,0,0.00947504491109392,0,0,0,0.139676858015103,0,0.00271087798749179,0,0.000736166032379764,0,0.26492389633343,0,0,0,0,0,0,0,0,0,0,3.66044773393967e-05,0,0,0,0,0,0,0,0,0,0,0.00103351578766596,0.00424169292270602,0.0141543756121136,0,0
0,0,0,0,0,0.0102411848420589,0,0,0,0.209558364839058,0,0,0,0.00147561541449247,0,0.0392208211932875,0,0,0,0,0,0,0,0,0,0,0,0,0,0,0,0,0,0,0,0,0,0,0,0,0,0.0105632864013243,0,0,0,0,0,0,0,0.0156645523744699,0,0,0,0,0,0.0577903467547562,0,0.00478017257743667,0,0.0162841543314526,0,0.255160927446334,0,0,0,0,0,0,0,0,0,0,0,0,0,0,0,0,0,0,0,0,0.00241050782593352,0.002716366462853,0.00708400265022544,0.0899877457482236,0
0,0,0,0,0.0148547755008502,0,0,0,0.00670868280743972,0,0,0,0,0,0,0,0,0,0,0,0,0,0,0,0,0,0,0,0,0,0,0,0,0,0,0,0,0,0,0,0,0,0,0,0,0,0,0,0,0,0.0135886342646387,0,0,0,0.00964938573252712,0,0,0,0,0,0,0,0,0,0,0,0,0,0,0,0,0,0,0,0,0,0,0,0,0,0,0,6.52950539620132e-05,0.00174032222299005,0.00237011020274352,0,0
0,0,0,0,0,0.000888302581274494,0,0,0,0.0313516774688452,0,0,0,0,0,0,0,0,0,0,0,0,0,0,0,0,0,0,0,0,0,0,0,0,0,0,0,0,0,0,0,0,0,0,0,0,0,0,0,0,0,0,0,0,0,0.044001961280649,0,0,0,0,0,0,0,0,0,0,0,0,0,0,0,0,0,0,0,0,0,0,0,0,0,0,9.78646183460126e-05,8.99502270721385e-06,0,0,0
0.0535662266646364,0,0.0148547755008502,0,0,0,0,0,0.0697104875334759,0,0,0,0.00021476067201235,0,0.0137352859950333,0,0.000390207301192368,0,0.000903025942070037,0,0,0,0,0,0,0,0.000204601835317408,0,3.47312727441197e-05,0,0,0,0,0,0,0,0,0,2.03805911346627e-05,0,0,0,0.000317849327395136,0,0,0,0,0,0,0,0.856543035865548,0,0,0,0.059063745092547,0,0.00117119056177645,0,0.0517976299269155,0,0.210342472634331,0,0,0,0,0,0,0,0,0,0,2.52500925164803e-05,0,0,0,0,0,0,0,0,0,0,0.00495665987544254,0.00158788321036655,0.000160267117246129,0,0.000281045459726802
0,0.0102411848420589,0,0.000888302581274494,0,0,0,0,0,0.00662844611710992,0,0,0,0,0,0,0,0.000213317257548608,0,0,0,0,0,0,0,0,0,0,0,0,0,0,0,0,0,0,0,0,0,0,0,0,0,0,0,0,0,0,0,0,0,0.394983218009135,0,0,0,0.0017955209198593,0,0,0,0.00775857202452958,0,0,0,0,0,0,0,0,0,0,0,0,0,0,0,0,0,0,0,0,0,0,0.014074683592076,0.0135542321557294,1.18441989722948e-05,0,0
0,0,0,0,0,0,0,0,0,0,0,0,0,0,0,0,0,0,0,0,0,0,0,0,0,0,0,0,0,0,0,0,0,0,0,0,0,0,0,0,0,0,0,0,0,0,0,0,0,0,0.00436626650023697,0,0,0,0,0,0,0,0,0,0,0,0,0,0,0,0,0,0,0,0,0,0,0,0,0,0,0,0,0,0,0,0.000540833796069766,0.0013168816109222,0,0,0
0,0,0,0,0,0,0,0,0,0,0,0.026126650703955,0,0,0,0,0,0,0,0.00333356982163063,0,0,0,0,0,0,0,0,0,0,0,0,0,0,0,0,0,0,0,0,0,0,0,0,0,0,0,0,0,0,0,0,0,0.00136473181223903,0,0,0,0.0247861290800519,0,0,0,0,0,0,0,0,0,0,0,0,0,0,0,0,0,0,0,0,0,0,0,0,8.17420455230587e-05,0,0,0,0
0.202091858337771,0,0.00670868280743972,0,0.0697104875334759,0,0,0,0,0,0,0,0.00925218008777388,0,0.0703787532326423,0,0.0527472691701735,0,0.0465975522971718,0,0,0,0,0,0.0078206085883807,0,0.0344787638990156,0,0.0128582063355582,0,0,0,0,0,0,0,0,0,0.00130672107456049,0,0,0,0.0247069982387855,0,0,0,0,0,0,0,0.00225712787706716,0,0,0,0.327230751122851,0,0.000120075344573721,0,0.0136226770492776,0,0.37156604080645,0,0,0,0,0,0,0.0092746607446495,0,0.0366767814781403,0,0.00250346825988608,0,0,0,0,0,0,0,0,0,0,0.0168522697460247,0.0183034560209848,0.00732149003852473,0,0.0155846078164166
0,0.209558364839058,0,0.0313516774688452,0,0.00662844611710992,0,0,0,0,0,0,0,0.000160644968010687,0,0.037893752529868,0,0.023745180563183,0.0229884407230494,0,0,0,0,0.0286577753481334,0,0,0,0,0,0,0,0,0,0,0,0,0,0,0,0,0,0.000455627765036357,0,0,0,0,0,0,0,0.00166981443837077,0,0,0,0,0,0.12496962275581,0,0,0,0.00105760701577434,0,0.176632348029476,0,0,0,0,0.00601711436096052,0,0,0,0,0,0,0,0,0,0,0,0,0,0,0,0.0120431302649593,0.00643323533775187,0.00366141879299755,0,0
0,0,0,0,0,0,0,0,0,0,0,0,0.154556699908019,0,0,0,0,0,0,0,0,0,0,0,0,0,0,0,0,0,0,0,0,0,0,0,0,0,0.0224688652996256,0,0,0,0,0,0,0,0,0,0,0,0,0,0,0,0,0,0.0489656071400482,0,0,0,0,0,0,0,0,0,0,0,0,0,0,0,0,0,0,0,0,0,0,0,0,0.00268261044151838,0.00116482047449834,4.71419927945307e-05,0,0,0
0,0,0,0,0,0,0,0.026126650703955,0,0,0,0,0,0.0229442500977646,0,0,0,0,0,0,0,0,0,0,0,0,0,0.00121943917951582,0,0,0,0,0,0,0,0.00250940438222789,0,0,0,0,0,0,0,0,0,0,0,0,0,0,0,0,0,0.000924558534042806,0,0,0,0.0316437598186739,0,0.00754105252852406,0,0,0,0,0,0,0,0,0,0,0,0,0,0,0,0,0,0,0.000237129811343797,0,0,0,0.00854248395438076,0.000428057240389582,0,0,0
0.00229585604992353,0,0,0,0.00021476067201235,0,0,0,0.00925218008777388,0,0.154556699908019,0,0,0,0.0627233876659268,0,0,0,0,0,0,0,0,0,0,0,0,0,0,0,0,0,0,0,0,0,0,0,0,0,0,0,0,0,0,0,0,0,0,0,0,0,0,0,0.00251239254565682,0,0.00164707509107948,0,0.352822020559724,0,0.0264276871857383,0,0,0,0,0,0,0,0,0.0076542304225596,0,0.000930285832565955,0,0,0,0,0,0,0,0,0,0,0.00024748474174414,5.17512691956074e-05,0,0,0
0,0.00147561541449247,0,0,0,0,0,0,0,0.000160644968010687,0,0.0229442500977646,0,0,0,0.0562314746442914,0,0,0,0,0,0,0,0,0,0,0,0.159982179604954,0,0,0,0,0,0,0,0,0,0,0,0,0,0,0,0,0,0,0,0,0,0.00548020113212462,0,0,0,0,0,0.00329292471106699,0,0.0250962613145519,0,0.935782471455461,0,0.0232166747077905,0,0,0,0,0,0,0,0,0.0426891729073376,0,0,0,0,0,0,0,0,0,0,0,0.0180613968698547,0.00245263662618519,0,0,0
0.0573403239290773,0,0,0,0.0137352859950333,0,0,0,0.0703787532326423,0,0,0,0.0627233876659268,0,0,0,0.000773467960470715,0,0.000122529239034744,0,0,0,3.82260986051832e-05,0,0.00334227230916925,0,0.146548156763673,0,0.0154999496374169,0,0,0,0,0,0,0,0,0,1.24187912758549e-05,0,0,0,2.74342830082468e-05,0,0,0,0,0,0,0,0.00836007342997734,0,0,0,0.362339179276269,0,0.0224106533587978,0,0.111369139631932,0,0.463660771109155,0,0,0,0,0,0,0.000295394938341739,0,0.17806561514915,0,0.0598565327516083,0,0,0,0,0,0,0,0,0,0,0.00380644323450824,0.000653426652854225,0.000597354043022645,0,0.000192496822680022
0,0.0392208211932875,0,0,0,0,0,0,0,0.037893752529868,0,0,0,0.0562314746442914,0,0,0,0,0,0,0,0,0,0,0,0,0,0,0,0,0,0,0,0,0,0,0,0,0,0,0,0,0,0,0,0,0,0,0,0.0415008167647931,0,0,0,0,0,0.126819194781294,0,0.00236278395673146,0,0.0419512432650376,0,1.02801212690555,0,0,0,0,0,0,0,0,0.00888445196758604,0,0,0,0,0,0,0,0,0,0,0,0.00651760292065035,0.000171394178391249,0.000342312458808169,0,0
1.01422684911526e-05,0,0,0,0.000390207301192368,0,0,0,0.0527472691701735,0,0,0,0,0,0.000773467960470715,0,0,0.0610149664518376,0.133713798504765,0,0,0,0.0232053024943732,0,4.71741349075208e-05,0,0.0690751668404579,0,0.0120929229632234,0,0,0,0,0,0,0,0,0,2.49037029025566e-05,0,0,0,0.00134224106829313,0,0,0,0,0,0.000149385396805972,0,0,0,0,0,0.000704444533685214,0,0,0,0,0,0,0,0,0,0,0.00375072547687518,0,0,0,0.0716382412012899,0,0.00888254590677614,0,0,0,0,0,0,0,0,0,0,0.0155367416882842,0.00111830483793285,0,0,0.000601001732240882
0,0,0,0,0,0.000213317257548608,0,0,0,0.023745180563183,0,0,0,0,0,0,0.0610149664518376,0,0.111724647453304,0,0,0,0,0,0,0.000608409347813325,0,0.00550339925609886,0,0,0,0,0,0,0,0,0,0,0,0,0,0.00303487723462228,0,0,0,0,0,0,0,8.02551072332381e-05,0,0,0,0,0,0.00613290091396834,0,0,0,0,0,0,0,0,0,0,1.77752217135892e-05,0,0,0,0,0,0,0,0,0,0,0,0,0,0,0,0.00820552101931113,0.00072659527007416,9.89195475690363e-05,0,0
0.00339406935960968,0,0,0,0.000903025942070037,0,0,0,0.0465975522971718,0.0229884407230494,0,0,0,0,0.000122529239034744,0,0.133713798504765,0.111724647453304,0,0,0,0,0,0.00576694079707994,6.83874906907108e-05,0,2.03553911547025e-05,1.71806276416408e-05,3.0720003580387e-05,0,0,0,0,0,0,0,0,0,5.65588308246275e-05,3.35690407562484e-05,0,0.0719822970289783,0.0561351257806996,0.0218769377531146,0.0267125035988423,0,0.00316072806834731,0,0,0.00155288009031381,0,0,0,0,0.0078338999837765,8.6205690319936e-05,0,0,0,0,1.59873089025414e-05,0,0,0,0,0,7.51650189464567e-05,0,0,9.84384563673599e-05,0,0,0,0,0,0,0,0,0,0,0,0,0.0267038715308635,0.000526626684929175,0.0187240289724453,0,0.00384032513658066
0,0,0,0,0,0,0,0.00333356982163063,0,0,0,0,0,0,0,0,0,0,0,0,0,0,0,0,0,0,0,0,0,0,0,0,0,0,0,0.00589577959762036,0,0,0,0,0,0,0,0,0,0,0,0,0,0,0,0,0,0,0,0,0,0,0,0,0,0,0.0165007849090914,0,0,0,0,0,0,0,0,0,0,0,0,0,0,0,0.00108424560384368,0,0,0,0.00357055747416837,0,0,0,0
0,0,0,0,0,0,0,0,0,0,0,0,0,0,0,0,0,0,0,0,0,0,0,0,0,0,0,0,0,0,0,0,0,0,0,0,0.000622603237204571,0,0,0,0,0,0,0,0,0,0,0,0,0,0,0,0,0,0,0,0,0,0,0,0,0,0,0.120063973371253,0,0,0,0,0,0,0,0,0,0,0,0,0,0,0,0,0,0,0.00330957187401711,0,0,0,0
0,0,0,0,0,0,0,0,0,0,0,0,0,0,0,0,0,0,0,0,0,0,0.0984400952617578,0.091425541779938,0.000162702777756511,0.0184886160412737,0,0.0090919172272338,0,0,0,0,0,0,0,0,0,0.0311811741249751,0,0,0,0,0,0,0,0,0,0,0,0.00453712203937727,0,0,0,0,0,0,0,0,0,0,0,0,0,0,0.291086997265774,0.186763244834166,0.0522010096272861,1.87212367038566e-05,0.0192778396223893,0,0.0128955583312459,0,0,0,0,0,0,0,0,0,0.013649584831692,0,0.0403163257771118,0.0184887621146169,0,0,0
0,0,0,0,0,0,0,0,0,0,0,0,0,0,3.82260986051832e-05,0,0.0232053024943732,0,0,0,0,0.0984400952617578,0,0.0020723828539811,0.0111303899004454,0,0.0633432084654896,0,4.53209466139869e-05,0,0,0,0,0,0,0,0,0,0.00485739745656903,0,0,0,0,0,0,0,0,0,0.0160643212552546,0.000543840012139354,0,0,0,0,0,0,0,0,0,0,0,0,0,0,0.0232169421886366,0.304437596970724,0.0058998643284983,0.00206255846724372,0,0.0307112132924846,0,0.000634976674422652,0,0,0,0,0,0,0,0,0,0.000712025803374587,0.0294449835927852,0.00930376055814817,5.30202104438872e-06,0,0
0,0,0,0,0,0,0,0,0,0.0286577753481334,0,0,0,0,0,0,0,0,0.00576694079707994,0,0,0.091425541779938,0.0020723828539811,0,0,0,0,0,0,0,0,0,0,0,0,0,0,0.00214230768461311,0,0,0,0.0477838249109637,0,0,0,0,0,0,0,0.000964322656445381,0,0,0,0,0,0.00351942388462614,0,0,0,0,0,0,0,0,0.0334144920505109,0.000760254946726932,0.174315151418691,0,0,0,0,0,0,0,0,0,0,0,0,0,0,0,0.00842006069896632,0.000487110752414174,0.00418409027341267,0,0
0,0,0,0,0,0,0,0,0.0078206085883807,0,0,0,0,0,0.00334227230916925,0,4.71741349075208e-05,0,6.83874906907108e-05,0,0,0.000162702777756511,0.0111303899004454,0,0,0,0.00096338438107226,0,0,0,0,0,0,0,0,0,0,0,0.000430405926580209,0,0,0,0.00708654496979582,0,0,0,0,0,0.00238079481431347,0,0,0,0,0,0.00243443515370098,0,0,0,0,0,0,0,0,0,0.000194500053284694,0.0522747387888007,0,0.807971545615362,0,0.018791769631273,0,0.000493278488496476,0,0,0,0,0,0,0,0,0,0.00219859180117888,0.00159533103124437,0.000147770893285228,0.00019077233091366,0,0
0,0,0,0,0,0,0,0,0,0,0,0,0,0,0,0,0,0.000608409347813325,0,0,0,0.0184886160412737,0,0,0,0,0,0.0381938311891288,0,0,0,0,0,0,0,0,0,0,0,0,0,0,0,0,0,0,0,0,0,0,0,0,0,0,0,0,0,0,0,0,0,0,0,0,0.01003479866234,0,0,0,0.0826996703655034,0,0.0579420325880521,0,0,0,0,0,0,0,0,0,0,0,4.08182024149176e-05,0,0,0,0
0,0,0,0,0.000204601835317408,0,0,0,0.0344787638990156,0,0,0,0,0,0.146548156763673,0,0.0690751668404579,0,2.03553911547025e-05,0,0,0,0.0633432084654896,0,0.00096338438107226,0,0,0,0.0048144985284831,0,0,0,0,0,0,0,0,0,0.000252402174190374,0,0,0,0,0,0,0,0,0,0.00933860451350985,0,0,0,0,0,0.0102220161455049,0,0,0,0,0,0.228476876843364,0,0,0,0,0.0367298788512912,0,0.000312159989215594,0,0.534357546972677,0,0.0491803974076252,0,0,0,0,0,0,0,0,0,1.64741540352008e-05,0.00348262772933805,1.64003012027071e-05,0,0,0
0,0,0,0,0,0,0,0,0,0,0,0.00121943917951582,0,0.159982179604954,0,0,0,0.00550339925609886,1.71806276416408e-05,0,0,0.0090919172272338,0,0,0,0.0381938311891288,0,0,0,0.00189373558396261,0,0,0,0,0,0,0,0,0,0,0,0,0,0,0,0,0,0,0,0,0,0,0,0,0,0,0,0,0,0.129931088483264,0,0,0,0,0.0291281422134954,0,0.000111415537720656,0,0.0105261507847449,0,0.446440704495414,0,0.0204124321620956,0,0,0,0,0,0,0,0.0431791572503619,0,0.0210701402053118,0.0111920113733042,0,0,0
0.000295353107944062,0,0,0,3.47312727441197e-05,0,0,0,0.0128582063355582,0,0,0,0,0,0.0154999496374169,0,0.0120929229632234,0,3.0720003580387e-05,0,0,0,4.53209466139869e-05,0,0,0,0.0048144985284831,0,0,0,0,0,0,0,0,0,0,0,0,0,0,0,0,0,0,0,0,0,0.00203375748532261,0,0,0,0,0,0.00221195933411016,0,0,0,0,0,0,0,0,0,0,0.000174546740246975,0,5.99467566219816e-05,0,0.0091545770054638,0,0.0101218451984084,0,0,0,0,0,0,0,0,0,0,0.00215999931111004,9.07734939477493e-05,0,0,0
0,0,0,0,0,0,0,0,0,0,0,0,0,0,0,0,0,0,0,0,0,0,0,0,0,0,0,0.00189373558396261,0,0,0,0,0,0,0,0,0,0,0,0,0,0,0,0,0,0,0,0,0,0,0,0,0,0,0,0,0,0,0,0,0,0,0,0,0,0,0,0,0,0,0,0,0.0291104026777264,0,0,0,0,0,0,0,0.000445332014356068,0,0.00184618881001908,3.0992224582589e-06,0,0,0
0,0,0,0,0,0,0,0,0,0,0,0,0,0,0,0,0,0,0,0,0,0,0,0,0,0,0,0,0,0,0,0,0,0,0,0,0,0,0,0,0,0,0,0,0,0,0,0,0,0,0,0,0,0,0,0,0.000325638500613401,0,0,0,0,0,0,0,0,0,0,0,0,0,0,0,0,0,0,0,0,0,0,0,0,0.00291131858840222,0,0,0,0,0
0,0,0,0,0,0,0,0,0,0,0,0,0,0,0,0,0,0,0,0,0,0,0,0,0,0,0,0,0,0,0,0,0.390294361138951,0.000374694865587656,0,0.0108719954102656,0.0140309998913053,0,0,0,0,0,0,0,0,0,0,0.0647762318159886,9.87307593053178e-05,0.000360333180098176,0,0,0,0,0,0,0,0,0,0,0,0,0,0,0,0,0,0,0,0,0,0,0,0,0.328426873764457,0.146618229477641,0.014203519278778,0,0.0100734881090662,0.00890426563733879,1.90265245342986e-05,0,0.000932701487201418,0,0,0,0
0,0,0,0,0,0,0,0,0,0,0,0,0,0,0,0,0,0,0,0,0,0,0,0,0,0,0,0,0,0,0,0.390294361138951,0,0,0,0.0203082038765482,0.000406537890830565,0,0,0,0,0,0,0,0,0,0,0.0644432803319529,0.0030515808152195,0,0,0,0,0,0,0,0,0,0,0,0,0,0,0,0,0,0,0,0,0,0,0,0,0,0.0939638180124375,0.266202573128483,0,0,0.0158390937247315,0.00919632372110064,0,0,0.0013430627532645,0,0,0,0
0,0,0,0,0,0,0,0,0,0,0,0,0,0,0,0,0,0,0,0,0,0,0,0,0,0,0,0,0,0,0,0.000374694865587656,0,0,0.245743178168232,0,0.0142929692318952,0.0278608157276057,0,0,0,0,0,0,0,0,0,0.00738928402184819,0,0.00405278538165965,0,0,0,0,0,0,0,0,0,0,0,0,0,0,0,0,0,0,0,0,0,0,0,0,0,0,0.145610344073243,0.0751123855589904,2.91862808800557e-05,0,0.00579579773301578,0.00236222781298778,0.00299555227105016,0,2.29552380725369e-05,0,0
0,0,0,0,0,0,0,0,0,0,0,0,0,0,0,0,0,0,0,0,0,0,0,0,0,0,0,0,0,0,0,0,0,0.245743178168232,0,0,0,0.045494435972592,0.0257347742767388,0,0,0,0,0,0,0,0,0,0,0,0,0,0,0,0,0,0,0,0,0,0,0,0,0,0,0,0,0,0,0,0,0,0,0,0,0,0.0568980929271365,0.0465273784330414,0,0,0.00140695323693893,0.00999566373441646,0.0156142853927581,0.000442833652156885,0,0,0
0,0,0,0,0,0,0,0,0,0,0,0.00250940438222789,0,0,0,0,0,0,0,0.00589577959762036,0,0,0,0,0,0,0,0,0,0,0,0.0108719954102656,0.0203082038765482,0,0,0,0.236455408046049,0,0,0,0,0,0,0,0,0,0,0.0225082399291709,2.7302797539471e-05,0.000165869631132726,0,0,0,0,0,0,0,0,0,0,0,0,0.000421806106531845,0,0,0,0,0,0,0,0,0,0,0,0.0112792211249518,0.0225857284850014,0,0,0.0527925821529612,0.133943796859867,2.11644692171831e-05,0,0.0459984063668861,0.0182431783636008,0,0,0
0,0,0,0,0,0,0,0,0,0,0,0,0,0,0,0,0,0,0,0,0.000622603237204571,0,0,0,0,0,0,0,0,0,0,0.0140309998913053,0.000406537890830565,0.0142929692318952,0,0.236455408046049,0,0,0.00067811820819825,0,0,0,0,0,0,0,0,0.0059669704384374,0,0,0,0,0,0,0,0,0,0,0,0,0,0,0,0.000570927394746984,0,0,0,0,0,0,0,0,0,0,0.000386158646410551,5.16820231267947e-05,0,0,0.0437055647352592,0.142371735103317,0,0,0.0620602575749351,0.00710450836907098,0.0005126594421429,0,0
0,0,0,0,0,0,0,0,0,0,0,0,0,0,0,0,0,0,0,0,0,0.0311811741249751,0,0.00214230768461311,0,0,0,0,0,0,0,0,0,0.0278608157276057,0.045494435972592,0,0,0,0.00961283712965497,0,0,0.000258598135610704,0,0,0,0,0,0.00745450369904348,0,0.00966970446796831,0,0,0,0,0,0,0,5.77776911274922e-05,0,0,0,0,0,0,0.00766746582031746,2.63514934491487e-05,0.00021660884475459,0,0,0,0,0,0,0,0,0,0.0278796218591427,0,0,0,0.0887225972338718,0.0133132935237997,0.0109312666097365,0.000931317257117008,3.75358895294035e-05,0,0
0,0,0,0,2.03805911346627e-05,0,0,0,0.00130672107456049,0,0.0224688652996256,0,0,0,1.24187912758549e-05,0,2.49037029025566e-05,0,5.65588308246275e-05,0,0,0,0.00485739745656903,0,0.000430405926580209,0,0.000252402174190374,0,0,0,0,0,0,0,0.0257347742767388,0,0.00067811820819825,0.00961283712965497,0,0,0,0,0.00870490422891392,0,0,0,0,0.00543638113577581,0.036321414221786,0,0,0,0,0,0.000135999393586095,0,0.00892215386615325,0,0,0,0,0,0,0,0,0.0166176352892528,0,0.000115873275582775,0,0.00226847057695408,0,0.00213555917407061,0,0.00159734561835138,0,0,0,0,0,0.000615671051401719,0,0.111002346661416,0.0475795674471171,0.00264746935207905,0.000416649871053137,0,0
0,0,0,0,0,0,0,0,0,0,0,0,0,0,0,0,0,0,3.35690407562484e-05,0,0,0,0,0,0,0,0,0,0,0,0,0,0,0,0,0,0,0,0,0,0,0.14148381798496,0,0,0,0.0111724757173208,0,0,0,0.0349075825300603,0,0,0,0,0,0,0,0,0,0,0,0,0,0,0,0,0,0,0,0,0,0,0,0,0,0,0,0,0.00256312989528345,0,4.92397331478081e-05,0,2.77307377887423e-06,0,0.0556001453426546,0.00484786471398468,0
0,0,0,0,0,0,0,0,0,0,0,0,0,0,0,0,0,0,0,0,0,0,0,0,0,0,0,0,0,0,0,0,0,0,0,0,0,0,0,0,0,0,0.153748132379652,0,0,0,0.0140102215416492,0.000265457279179247,0.0569529056713359,0,0,0,0,0,0,0,0,0,0,0,0,0,0,0.0074950954763695,0,0,0,0,0,0,0,0,0,0,0,0,0,0,0,0,0,0,0,0,0.035198797725789,0,0
0,0.0105632864013243,0,0,0,0,0,0,0,0.000455627765036357,0,0,0,0,0,0,0,0.00303487723462228,0.0719822970289783,0,0,0,0,0.0477838249109637,0,0,0,0,0,0,0,0,0,0,0,0,0,0.000258598135610704,0,0.14148381798496,0,0,0.017896898087522,0,0,0.000655101074007094,0,0.000612121999376915,0,0.0713396431202835,0,0,0,0,0,0.0329851702557476,0,0,0,0,0,0,0,0,0,0,0.00152595054348899,0,0,0,0,0,0,0,0,0,0.000130088024607229,0,2.58862768567753e-06,0,6.30921501179925e-05,0,0.0120256371520835,0,0.0450708519216712,0.00828975141672082,0
0.00257651885557932,0,0,0,0.000317849327395136,0,0,0,0.0247069982387855,0,0,0,0,0,2.74342830082468e-05,0,0.00134224106829313,0,0.0561351257806996,0,0,0,0,0,0.00708654496979582,0,0,0,0,0,0,0,0,0,0,0,0,0,0.00870490422891392,0,0.153748132379652,0.017896898087522,0,0,0.00818895112875932,0,0,0.0137604584333568,0.0776184762124239,0,0,0,0,0,0.00745612621575599,0,0,0,0,0,0,0,0,0.00131557425950702,0,2.49495849719889e-05,0,0,0,0,0,0,0,0,0,0,0,0.00244343715243085,0,0.00904712938670025,0,0.00461135531022128,0.00807534129530793,7.77276634092495e-05,0.111936726115835,0,0.0309247083893906
0,0,0,0,0,0,0,0,0,0,0,0,0,0,0,0,0,0,0.0218769377531146,0,0,0,0,0,0,0,0,0,0,0,0,0,0,0,0,0,0,0,0,0,0,0,0,0,0,0.00470783402993048,0,0,0,0,0,0,0,0,0,0,0,0,0,0,0,0,0,0,0,0,0,0,0,0,0,0,0,0,0,0,0,0,0,0,0,0,0,0,0.0224077658490457,0,0
0,0,0,0,0,0,0,0,0,0,0,0,0,0,0,0,0,0,0.0267125035988423,0,0,0,0,0,0,0,0,0,0,0,0,0,0,0,0,0,0,0,0,0,0,0,0.00818895112875932,0,0,0,0.0770065275292672,0,0,0,0,0,0,0,0,0,0,0,0,0,0,0,0,0,0,0,0,0,0,0,0,0,0,0,0,0,0,0,0,0,0,0,0,0,0.0128897983900116,0,0
0,0,0,0,0,0,0,0,0,0,0,0,0,0,0,0,0,0,0,0,0,0,0,0,0,0,0,0,0,0,0,0,0,0,0,0,0,0,0,0.0111724757173208,0,0.000655101074007094,0,0.00470783402993048,0,0,0,0,0,0,0,0,0,0,0,0,0,0,0,0,0,0,0.0121437264781098,0,0,0,0,0,0,0,0,0,0,0,0,0,0,0,0,0,0,0,0,0,0.0121436541640567,0,0
0,0,0,0,0,0,0,0,0,0,0,0,0,0,0,0,0,0,0.00316072806834731,0,0,0,0,0,0,0,0,0,0,0,0,0,0,0,0,0,0,0,0,0,0.0140102215416492,0,0,0,0.0770065275292672,0,0,0.000278343704243043,0.00342625548579484,0,0,0,0,0,0,0,0,0,0,0,0,0,0,0.025152901020129,0,0,0,0,0,0,0,0,0,0,0,0,0,0,0,0.00529201552042527,0,0,0,0,0.0850393279950732,0,0
0,0,0,0,0,0,0,0,0,0,0,0,0,0,0,0,0,0,0,0,0,0,0,0,0,0,0,0,0,0,0,0.0647762318159886,0.0644432803319529,0.00738928402184819,0,0.0225082399291709,0.0059669704384374,0.00745450369904348,0.00543638113577581,0,0.000265457279179247,0.000612121999376915,0.0137604584333568,0,0,0,0.000278343704243043,0,0.0784519517877663,0.0936316084913218,0,0,0,0,0,0,0,0,0,0,0,0,0,0,0,1.43200374067894e-05,0,0,0,0,0,0,0,0,0.055433500119627,0.0424465305935101,0.0249908769485605,0.000201227492652833,0.00425916207829543,0.00338964282754773,0.00430635359417224,6.6565127499774e-05,0.00323872947257205,2.21659485328881e-06,0.00733888052798931,0,0
0.000342075247317553,0,0,0,0,0,0,0,0,0,0,0,0,0,0,0,0.000149385396805972,0,0,0,0,0,0.0160643212552546,0,0.00238079481431347,0,0.00933860451350985,0,0.00203375748532261,0,0,9.87307593053178e-05,0.0030515808152195,0,0,2.7302797539471e-05,0,0,0.036321414221786,0,0.0569529056713359,0,0.0776184762124239,0,0,0,0.00342625548579484,0.0784519517877663,0,0.0206738498287115,0,0,0,0,0,0,0.000105758531549649,0,0,0,0.0109070600617412,0,0,0,0,0.17341429073292,0,0.00604389802634817,0,0.126903467970226,0,0.123595683439703,0,0.0074802763032527,0,0.00526695545572525,0,0.015601411687971,9.80383715080713e-06,0.00506711732081595,0,0.0537594371342687,0.00245467027796965,1.21968159763921e-06,0.0339067871321436,0,0
0,0.0156645523744699,0,0,0,0,0,0,0,0.00166981443837077,0,0,0,0.00548020113212462,0,0.0415008167647931,0,8.02551072332381e-05,0.00155288009031381,0,0,0.00453712203937727,0.000543840012139354,0.000964322656445381,0,0,0,0,0,0,0,0.000360333180098176,0,0.00405278538165965,0,0.000165869631132726,0,0.00966970446796831,0,0.0349075825300603,0,0.0713396431202835,0,0,0,0,0,0.0936316084913218,0.0206738498287115,0,0,0,0,0,0,0.0155042503232724,0,0.00862713764089448,0,0.0196411577496435,0,0.00951540793443871,0,0,0.0313832408455365,0.000820346657127835,0.00496059530450771,0,0.0232617389636815,0,0.0881367837737362,0,0.0591332075420418,0,0.00083973514839902,0,0.0164115344912326,0,0.00367301066437093,0.00313201562250713,0.0706198472147434,0,0.00250147854323271,4.66168142423054e-05,0.067399019251358,0,0
0.00947504491109392,0,0.0135886342646387,0,0.856543035865548,0,0.00436626650023697,0,0.00225712787706716,0,0,0,0,0,0.00836007342997734,0,0,0,0,0,0,0,0,0,0,0,0,0,0,0,0,0,0,0,0,0,0,0,0,0,0,0,0,0,0,0,0,0,0,0,0,0,0.0151900970694603,0,0.0461026376840414,0,0.00445987807644989,0,0.177039949401452,0,0.140014428970904,0,0,0,0,0,0,0,0,0,0,0,0,0,0,0,0,0,0,0,0,0,0.00262088610736808,0.00295083630880636,0,0,0
0,0,0,0,0,0.394983218009135,0,0,0,0,0,0,0,0,0,0,0,0,0,0,0,0,0,0,0,0,0,0,0,0,0,0,0,0,0,0,0,0,0,0,0,0,0,0,0,0,0,0,0,0,0,0,0,0.0142307554625655,0,0,0,0,0,0.157737857726399,0,0,0,0,0,0,0,0,0,0,0,0,0,0,0,0,0,0,0,0,0,0,0.00199652533614323,0.000310923108803936,0,0,0
0,0,0,0,0,0,0,0,0,0,0,0,0,0,0,0,0,0,0,0,0,0,0,0,0,0,0,0,0,0,0,0,0,0,0,0,0,0,0,0,0,0,0,0,0,0,0,0,0,0,0.0151900970694603,0,0,0,0,0,0.0822820600640242,0,0,0,0,0,0,0,0,0,0,0,0,0,0,0,0,0,0,0,0,0,0,0,0,0,0,0,0,0,0
0,0,0,0,0,0,0,0.00136473181223903,0,0,0,0.000924558534042806,0,0,0,0,0,0,0,0,0,0,0,0,0,0,0,0,0,0,0,0,0,0,0,0,0,0,0,0,0,0,0,0,0,0,0,0,0,0,0,0.0142307554625655,0,0,0,0,0,0.00761025412226561,0,0.0309599173077804,0,0,0,0,0,0,0,0,0,0,0,0,0,0,0,0,0,0,0,0,0,0,0,0,0,0,0
0.139676858015103,0,0.00964938573252712,0,0.059063745092547,0,0,0,0.327230751122851,0,0,0,0.00251239254565682,0,0.362339179276269,0,0.000704444533685214,0,0.0078338999837765,0,0,0,0,0,0.00243443515370098,0,0.0102220161455049,0,0.00221195933411016,0,0,0,0,0,0,0,0,0,0.000135999393586095,0,0,0,0.00745612621575599,0,0,0,0,0,0,0,0.0461026376840414,0,0,0,0,0,0.000363369541778458,0,0,0,0.273316344385201,0,0,0,0,0,0,0.00561173902293106,0,8.53865770659434e-05,0,0.00075250299898859,0,0,0,0,0,0,0,0,0,0,0.00335429169094314,0.00328043830894332,0.00796739097241383,0,0.00888947783134536
0,0.0577903467547562,0,0.044001961280649,0,0.0017955209198593,0,0,0,0.12496962275581,0,0,0,0.00329292471106699,0,0.126819194781294,0,0.00613290091396834,8.6205690319936e-05,0,0,0,0,0.00351942388462614,0,0,0,0,0,0,0,0,0,0,0,0,0,0,0,0,0,0.0329851702557476,0,0,0,0,0,0,0,0.0155042503232724,0,0,0,0,0,0,0,0.00151382787797888,0,0.00726422157955639,0,0.505928084969642,0,0,0,0,0.000684414295343605,0,0,0,0,0,0,0,0,0,0,0,0,0,0,0,0.00719792093857397,0.000546881893100908,0.000245163759087768,0,0
0.00271087798749179,0,0,0,0.00117119056177645,0,0,0,0.000120075344573721,0,0.0489656071400482,0,0.00164707509107948,0,0.0224106533587978,0,0,0,0,0,0,0,0,0,0,0,0,0,0,0,0.000325638500613401,0,0,0,0,0,0,0,0.00892215386615325,0,0,0,0,0,0,0,0,0,0.000105758531549649,0,0.00445987807644989,0,0.0822820600640242,0,0.000363369541778458,0,0,0,0.00169403145175093,0,0.0265087849022144,0,0,0,0,0,0,0,0,0,0,0,0,0.0411268968940402,0,0,0,0,0,0,0,0.00359218912956401,8.18746173173975e-05,0,0,0,0
0,0.00478017257743667,0,0,0,0,0,0.0247861290800519,0,0,0,0.0316437598186739,0,0.0250962613145519,0,0.00236278395673146,0,0,0,0,0,0,0,0,0,0,0,0,0,0,0,0,0,0,0,0,0,5.77776911274922e-05,0,0,0,0,0,0,0,0,0,0,0,0.00862713764089448,0,0,0,0.00761025412226561,0,0.00151382787797888,0,0,0,0.0314435560634112,0,0,0,0,0,0,0,0,0,0,0,0,0.00701942046662873,0,0,0,0,0,0,0,0.00220678500881731,0,0.000623898430580626,0.000458216278109252,0.0429827230578814,0,0
0.000736166032379764,0,0,0,0.0517976299269155,0,0,0,0.0136226770492776,0,0,0,0.352822020559724,0,0.111369139631932,0,0,0,0,0,0,0,0,0,0,0,0,0,0,0,0,0,0,0,0,0,0,0,0,0,0,0,0,0,0,0,0,0,0,0,0.177039949401452,0,0,0,0,0,0.00169403145175093,0,0,0,0.0329106138167766,0,0,0,0,0,0,0,0,0.00437719406556683,0,0.000826259704283752,0,0,0,0,0,0,0,0,0,0,0.000255651901001558,0.00010203237227969,0,0,0
0,0.0162841543314526,0,0,0,0.00775857202452958,0,0,0,0.00105760701577434,0,0.00754105252852406,0,0.935782471455461,0,0.0419512432650376,0,0,0,0,0,0,0,0,0,0,0,0.129931088483264,0,0,0,0,0,0,0,0,0,0,0,0,0,0,0,0,0,0,0,0,0,0.0196411577496435,0,0.157737857726399,0,0.0309599173077804,0,0.00726422157955639,0,0.0314435560634112,0,0,0,0.0947714233886916,0,0,0,0,0,0,0,0,0.0840303593956881,0,0,0,0,0,0,0,0,0,0,0,0.00617861014133047,0.000939563528240328,0.00711793762277634,0,0
0.26492389633343,0,0,0,0.210342472634331,0,0,0,0.37156604080645,0,0,0,0.0264276871857383,0,0.463660771109155,0,0,0,1.59873089025414e-05,0,0,0,0,0,0,0,0.228476876843364,0,0,0,0,0,0,0,0,0,0,0,0,0,0,0,0,0,0,0,0,0,0.0109070600617412,0,0.140014428970904,0,0,0,0.273316344385201,0,0.0265087849022144,0,0.0329106138167766,0,0,0,0,0,0,0,0,0,0,0.29578538175264,0,0.00373064388531935,0,0,0,0,0,0,0,0,0,0,0.00330007423794164,0.00249503407134471,0.00265270271230039,0,0
0,0.255160927446334,0,0,0,0,0,0,0,0.176632348029476,0,0,0,0.0232166747077905,0,1.02801212690555,0,0,0,0,0,0,0,0,0,0,0,0,0,0,0,0,0,0,0,0,0,0,0,0,0,0,0,0,0,0,0,0,0,0.00951540793443871,0,0,0,0,0,0.505928084969642,0,0,0,0.0947714233886916,0,0,0,0,0,0,7.364108912555e-05,0,0,0,0.00442203504373122,0,0,0,0,0,0,0,0,0,0,0,0.00505440190013346,0.000514443594658848,0.000129699442293385,0,0
0,0,0,0,0,0,0,0,0,0,0,0,0,0,0,0,0,0,0,0.0165007849090914,0,0,0,0,0,0,0,0,0,0,0,0,0,0,0,0.000421806106531845,0,0,0,0,0,0,0,0,0,0.0121437264781098,0,0,0,0,0,0,0,0,0,0,0,0,0,0,0,0,0,0,0,0,0,0,0,0,0,0,0,0,0,0,0,0,0.0133939074791912,0,0,0,0,0,0,0,0
0,0,0,0,0,0,0,0,0,0,0,0,0,0,0,0,0,0,0,0,0.120063973371253,0,0,0,0,0,0,0,0,0,0,0,0,0,0,0,0.000570927394746984,0,0,0,0.0074950954763695,0,0.00131557425950702,0,0,0,0.025152901020129,0,0,0,0,0,0,0,0,0,0,0,0,0,0,0,0,0,0,0,0,0,0,0,0,0,0,0,0,0,0,0,0,0.00984431695839154,0,0,0.00508660230138213,0,0,0,0
0,0,0,0,0,0,0,0,0,0,0,0,0,0,0,0,0,0,0,0,0,0.291086997265774,0.0232169421886366,0.0334144920505109,0.000194500053284694,0.01003479866234,0,0.0291281422134954,0,0,0,0,0,0,0,0,0,0.00766746582031746,0,0,0,0,0,0,0,0,0,0,0,0.0313832408455365,0,0,0,0,0,0,0,0,0,0,0,0,0,0,0,0.0224252666903359,0.0255530583805708,0,0.0216628137561346,0,0.0234817101612617,0,0,0,0,0,0,0,0,0,0.00798990807835277,0,0.0195234414962268,0.00716701472566883,0,0,0
0,0,0,0,0,0,0,0,0,0,0,0,0,0,0,0,0.00375072547687518,0,0,0,0,0.186763244834166,0.304437596970724,0.000760254946726932,0.0522747387888007,0,0.0367298788512912,0,0.000174546740246975,0,0,0,0,0,0,0,0,2.63514934491487e-05,0.0166176352892528,0,0,0,2.49495849719889e-05,0,0,0,0,1.43200374067894e-05,0.17341429073292,0.000820346657127835,0,0,0,0,0,0,0,0,0,0,0,0,0,0,0.0224252666903359,0,0.0047573776540267,0.0436195767222593,0,0.0512713491637168,0,0.00176621435334474,0,0,0,0,0,0,0,0,4.44329623227823e-06,0.00520713362245648,0.0162207898966433,0.00716338461582685,0,0,0
0,0,0,0,0,0,0,0,0,0.00601711436096052,0,0,0,0,0,0,0,1.77752217135892e-05,7.51650189464567e-05,0,0,0.0522010096272861,0.0058998643284983,0.174315151418691,0,0,0,0.000111415537720656,0,0,0,0,0,0,0,0,0,0.00021660884475459,0,0,0,0.00152595054348899,0,0,0,0,0,0,0,0.00496059530450771,0,0,0,0,0,0.000684414295343605,0,0,0,0,0,7.364108912555e-05,0,0,0.0255530583805708,0.0047573776540267,0,0,0.00110801574350908,0,0.0512109166224271,0,0,0,0,0,0,0,0,0,0,0,0.00192131643678592,0.00185401154864393,0.000196048604606862,0,0
0,0,0,0,0,0,0,0,0.0092746607446495,0,0,0,0,0,0.000295394938341739,0,0,0,0,0,0,1.87212367038566e-05,0.00206255846724372,0,0.807971545615362,0,0.000312159989215594,0,5.99467566219816e-05,0,0,0,0,0,0,0,0,0,0.000115873275582775,0,0,0,0,0,0,0,0,0,0.00604389802634817,0,0,0,0,0,0.00561173902293106,0,0,0,0,0,0,0,0,0,0,0.0436195767222593,0,0,0,0.0454234753092566,0,0.00376885161722005,0,0,0,0,0,0,0,0,0,0.00119457909986922,0.00026145520164246,0,0,0,0
0,0,0,0,0,0,0,0,0,0,0,0,0,0,0,0,0,0,0,0,0,0.0192778396223893,0,0,0,0.0826996703655034,0,0.0105261507847449,0,0,0,0,0,0,0,0,0,0,0,0,0,0,0,0,0,0,0,0,0,0.0232617389636815,0,0,0,0,0,0,0,0,0,0,0,0,0,0,0.0216628137561346,0,0.00110801574350908,0,0,0,0.16968362728809,0,0,0,0,0,0,0,0,0,0,0,0.000101089236268234,0,0,0,0
0,0,0,0,0,0,0,0,0.0366767814781403,0,0,0,0.0076542304225596,0,0.17806561514915,0,0.0716382412012899,0,9.84384563673599e-05,0,0,0,0.0307112132924846,0,0.018791769631273,0,0.534357546972677,0,0.0091545770054638,0,0,0,0,0,0,0,0,0,0.00226847057695408,0,0,0,0,0,0,0,0,0,0.126903467970226,0,0,0,0,0,8.53865770659434e-05,0,0,0,0.00437719406556683,0,0.29578538175264,0,0,0,0,0.0512713491637168,0,0.0454234753092566,0,0,0,0.301572228042279,0,0,0,0,0,0,0,0,0,8.83312417127924e-06,0.000955317606657289,0.000184154792765216,0.00266520048798617,0,0
0,0,0,0,0,0,0,0,0,0,0,0,0,0.0426891729073376,0,0.00888445196758604,0,0,0,0,0,0.0128955583312459,0,0,0,0.0579420325880521,0,0.446440704495414,0,0,0,0,0,0,0,0,0,0,0,0,0,0,0,0,0,0,0,0,0,0.0881367837737362,0,0,0,0,0,0,0,0,0,0.0840303593956881,0,0.00442203504373122,0,0,0.0234817101612617,0,0.0512109166224271,0,0.16968362728809,0,0,0,0.000701398120539663,0,0,0,0,0,0,0,0.0112015593383236,0,0.0110922888504584,0.000787370584617123,0,0,0
3.66044773393967e-05,0,0,0,2.52500925164803e-05,0,0,0,0.00250346825988608,0,0,0,0.000930285832565955,0,0.0598565327516083,0,0.00888254590677614,0,0,0,0,0,0.000634976674422652,0,0.000493278488496476,0,0.0491803974076252,0,0.0101218451984084,0,0,0,0,0,0,0,0,0,0.00213555917407061,0,0,0,0,0,0,0,0,0,0.123595683439703,0,0,0,0,0,0.00075250299898859,0,0,0,0.000826259704283752,0,0.00373064388531935,0,0,0,0,0.00176621435334474,0,0.00376885161722005,0,0.301572228042279,0,0,0,0.000263907012182624,0,0,0,0,0,0,0,0.00757095259210546,0.000619305685053511,3.20644381555318e-05,0,0,0
0,0,0,0,0,0,0,0,0,0,0,0,0,0,0,0,0,0,0,0,0,0,0,0,0,0,0,0.0204124321620956,0,0.0291104026777264,0,0,0,0,0,0,0,0,0,0,0,0,0,0,0,0,0,0,0,0.0591332075420418,0,0,0,0,0,0,0,0.00701942046662873,0,0,0,0,0,0,0,0,0,0,0,0,0.000701398120539663,0,0,0,0,0,0,0,0,0,0.0345546634825218,0,0,0,0.00174688868467626,0,0
0,0,0,0,0,0,0,0,0,0,0,0,0,0,0,0,0,0,0,0,0,0,0,0,0,0,0,0,0,0,0,0,0,0,0,0,0,0,0.00159734561835138,0,0,0,0,0,0,0,0,0,0.0074802763032527,0,0,0,0,0,0,0,0.0411268968940402,0,0,0,0,0,0,0,0,0,0,0,0,0,0,0.000263907012182624,0,0,0,0,0,0,0,0,0,0.0399679250290545,0,0,0.00852095576772501,0,0
0,0,0,0,0,0,0,0,0,0,0,0,0,0,0,0,0,0,0,0,0,0,0,0,0,0,0,0,0,0,0,0.328426873764457,0.0939638180124375,0,0,0.0112792211249518,0.000386158646410551,0,0,0,0,0,0,0,0,0,0,0.055433500119627,0,0.00083973514839902,0,0,0,0,0,0,0,0,0,0,0,0,0,0,0,0,0,0,0,0,0,0,0,0,0,0.0554827755639766,0.0554572726849508,0,0.0382647919396177,0.00125416941733688,4.26877320682225e-05,0,0.000371162880254484,0,0,0,0
0,0,0,0,0,0,0,0,0,0,0,0,0,0,0,0,0,0,0,0,0,0,0,0,0,0,0,0,0,0,0,0.146618229477641,0.266202573128483,0,0,0.0225857284850014,5.16820231267947e-05,0,0,0,0,0,0,0,0,0,0,0.0424465305935101,0.00526695545572525,0,0,0,0,0,0,0,0,0,0,0,0,0,0,0,0,0,0,0,0,0,0,0,0,0,0.0554827755639766,0,0,0.000371618385831867,0.000892566279313964,0.0157641456461305,0,0,5.98146957361694e-05,0,0,0,0
0,0,0,0,0,0,0,0,0,0,0,0,0,0,0,0,0,0,0,0,0,0,0,0,0,0,0,0,0,0,0,0.014203519278778,0,0.145610344073243,0.0568980929271365,0,0,0.0278796218591427,0,0,0,0.000130088024607229,0,0,0,0,0,0.0249908769485605,0,0.0164115344912326,0,0,0,0,0,0,0,0,0,0,0,0,0,0,0,0,0,0,0,0,0,0,0,0,0.0554572726849508,0,0,0.0651273722723879,0.00711560488099063,0,0.0112099786891003,0.00377359190957448,0.000165761557925432,0,0.000406147855276621,0,0
0,0,0,0,0,0,0,0,0,0,0,0,0,0,0,0,0,0,0,0,0,0,0,0,0,0,0,0,0,0,0,0,0,0.0751123855589904,0.0465273784330414,0,0,0,0,0,0,0,0.00244343715243085,0,0,0,0,0.000201227492652833,0.015601411687971,0,0,0,0,0,0,0,0,0,0,0,0,0,0,0,0,0,0,0,0,0,0,0,0,0,0,0.000371618385831867,0.0651273722723879,0,0,0.0012394350908843,0.000300518256455868,0.00293715455888692,0.000174894734582257,0,0.000983724841885753,0,0
0,0,0,0,0,0,0,0,0,0,0,0.000237129811343797,0,0,0,0,0,0,0,0.00108424560384368,0,0,0,0,0,0,0,0,0,0,0,0.0100734881090662,0.0158390937247315,2.91862808800557e-05,0,0.0527925821529612,0.0437055647352592,0,0,0.00256312989528345,0,2.58862768567753e-06,0,0,0,0,0,0.00425916207829543,9.80383715080713e-06,0.00367301066437093,0,0,0,0,0,0,0,0,0,0,0,0,0.0133939074791912,0,0,0,0,0,0,0,0,0,0,0,0.0382647919396177,0.000892566279313964,0.00711560488099063,0,0,0.00711888382809197,0.00397891224495844,0,0.0199449163008633,0.000533015499147773,4.62783135486569e-05,0,0
0,0,0,0,0,0,0,0,0,0,0,0,0,0,0,0,0,0,0,0,0,0,0,0,0,0,0,0,0,0,0,0.00890426563733879,0.00919632372110064,0,0,0.133943796859867,0.142371735103317,0,0.000615671051401719,0,0,0,0.00904712938670025,0,0,0,0.00529201552042527,0.00338964282754773,0.00506711732081595,0.00313201562250713,0,0,0,0,0,0,0,0,0,0,0,0,0,0.00984431695839154,0,0,0,0,0,0,0,0,0,0,0.00125416941733688,0.0157641456461305,0,0.0012394350908843,0.00711888382809197,0,0,0.000539090730770846,0.0311625309981263,0.000233910310302088,0.00985080799921554,0,0
0,0,0,0,0,0,0,0,0,0,0,0,0,0,0,0,0,0,0,0,0,0.013649584831692,0,0,0,0,0,0.0431791572503619,0,0.000445332014356068,0,1.90265245342986e-05,0,0.00579579773301578,0.00140695323693893,2.11644692171831e-05,0,0.0887225972338718,0,4.92397331478081e-05,0,6.30921501179925e-05,0,0,0,0,0,0.00430635359417224,0,0.0706198472147434,0,0,0,0,0,0,0,0.00220678500881731,0,0,0,0,0,0,0.00798990807835277,4.44329623227823e-06,0,0,0,0,0.0112015593383236,0,0.0345546634825218,0,4.26877320682225e-05,0,0.0112099786891003,0.000300518256455868,0.00397891224495844,0,0,0.00365539911280488,0.00127614383862021,8.07122646923073e-05,0.00617820495600881,0,0
0,0,0,0,0,0,0,0,0,0,0.00268261044151838,0,0,0,0,0,0,0,0,0,0,0,0.000712025803374587,0,0.00219859180117888,0,1.64741540352008e-05,0,0,0,0.00291131858840222,0,0,0.00236222781298778,0.00999566373441646,0,0,0.0133132935237997,0.111002346661416,0,0,0,0.00461135531022128,0,0,0,0,6.6565127499774e-05,0.0537594371342687,0,0,0,0,0,0,0,0.00359218912956401,0,0,0,0,0,0,0,0,0.00520713362245648,0,0.00119457909986922,0,8.83312417127924e-06,0,0.00757095259210546,0,0.0399679250290545,0,0,0.00377359190957448,0.00293715455888692,0,0.000539090730770846,0.00365539911280488,0,0.0156202360081529,4.42323066726129e-05,0.0189840740972071,0,0
0.00103351578766596,0.00241050782593352,6.52950539620132e-05,9.78646183460126e-05,0.00495665987544254,0.014074683592076,0.000540833796069766,8.17420455230587e-05,0.0168522697460247,0.0120431302649593,0.00116482047449834,0.00854248395438076,0.00024748474174414,0.0180613968698547,0.00380644323450824,0.00651760292065035,0.0155367416882842,0.00820552101931113,0.0267038715308635,0.00357055747416837,0.00330957187401711,0.0403163257771118,0.0294449835927852,0.00842006069896632,0.00159533103124437,4.08182024149176e-05,0.00348262772933805,0.0210701402053118,0.00215999931111004,0.00184618881001908,0,0.000932701487201418,0.0013430627532645,0.00299555227105016,0.0156142853927581,0.0459984063668861,0.0620602575749351,0.0109312666097365,0.0475795674471171,2.77307377887423e-06,0,0.0120256371520835,0.00807534129530793,0,0,0,0,0.00323872947257205,0.00245467027796965,0.00250147854323271,0.00262088610736808,0.00199652533614323,0,0,0.00335429169094314,0.00719792093857397,8.18746173173975e-05,0.000623898430580626,0.000255651901001558,0.00617861014133047,0.00330007423794164,0.00505440190013346,0,0.00508660230138213,0.0195234414962268,0.0162207898966433,0.00192131643678592,0.00026145520164246,0.000101089236268234,0.000955317606657289,0.0110922888504584,0.000619305685053511,0,0,0.000371162880254484,5.98146957361694e-05,0.000165761557925432,0.000174894734582257,0.0199449163008633,0.0311625309981263,0.00127614383862021,0.0156202360081529,0,0.221641141204262,0.00878463663015207,0.000325640336250008,2.12416716144834e-06
0.00424169292270602,0.002716366462853,0.00174032222299005,8.99502270721385e-06,0.00158788321036655,0.0135542321557294,0.0013168816109222,0,0.0183034560209848,0.00643323533775187,4.71419927945307e-05,0.000428057240389582,5.17512691956074e-05,0.00245263662618519,0.000653426652854225,0.000171394178391249,0.00111830483793285,0.00072659527007416,0.000526626684929175,0,0,0.0184887621146169,0.00930376055814817,0.000487110752414174,0.000147770893285228,0,1.64003012027071e-05,0.0111920113733042,9.07734939477493e-05,3.0992224582589e-06,0,0,0,0,0.000442833652156885,0.0182431783636008,0.00710450836907098,0.000931317257117008,0.00264746935207905,0,0,0,7.77276634092495e-05,0,0,0,0,2.21659485328881e-06,1.21968159763921e-06,4.66168142423054e-05,0.00295083630880636,0.000310923108803936,0,0,0.00328043830894332,0.000546881893100908,0,0.000458216278109252,0.00010203237227969,0.000939563528240328,0.00249503407134471,0.000514443594658848,0,0,0.00716701472566883,0.00716338461582685,0.00185401154864393,0,0,0.000184154792765216,0.000787370584617123,3.20644381555318e-05,0,0,0,0,0,0,0.000533015499147773,0.000233910310302088,8.07122646923073e-05,4.42323066726129e-05,0.221641141204262,0,0.000183515721810841,0,5.43752640521959e-06
0.0141543756121136,0.00708400265022544,0.00237011020274352,0,0.000160267117246129,1.18441989722948e-05,0,0,0.00732149003852473,0.00366141879299755,0,0,0,0,0.000597354043022645,0.000342312458808169,0,9.89195475690363e-05,0.0187240289724453,0,0,0,5.30202104438872e-06,0.00418409027341267,0.00019077233091366,0,0,0,0,0,0,0,0,2.29552380725369e-05,0,0,0.0005126594421429,3.75358895294035e-05,0.000416649871053137,0.0556001453426546,0.035198797725789,0.0450708519216712,0.111936726115835,0.0224077658490457,0.0128897983900116,0.0121436541640567,0.0850393279950732,0.00733888052798931,0.0339067871321436,0.067399019251358,0,0,0,0,0.00796739097241383,0.000245163759087768,0,0.0429827230578814,0,0.00711793762277634,0.00265270271230039,0.000129699442293385,0,0,0,0,0.000196048604606862,0,0,0.00266520048798617,0,0,0.00174688868467626,0.00852095576772501,0,0,0.000406147855276621,0.000983724841885753,4.62783135486569e-05,0.00985080799921554,0.00617820495600881,0.0189840740972071,0.00878463663015207,0.000183515721810841,0,0.00098219451793796,0.00503733144147285
0,0.0899877457482236,0,0,0,0,0,0,0,0,0,0,0,0,0,0,0,0,0,0,0,0,0,0,0,0,0,0,0,0,0,0,0,0,0,0,0,0,0,0.00484786471398468,0,0.00828975141672082,0,0,0,0,0,0,0,0,0,0,0,0,0,0,0,0,0,0,0,0,0,0,0,0,0,0,0,0,0,0,0,0,0,0,0,0,0,0,0,0,0.000325640336250008,0,0.00098219451793796,0,0
0,0,0,0,0.000281045459726802,0,0,0,0.0155846078164166,0,0,0,0,0,0.000192496822680022,0,0.000601001732240882,0,0.00384032513658066,0,0,0,0,0,0,0,0,0,0,0,0,0,0,0,0,0,0,0,0,0,0,0,0.0309247083893906,0,0,0,0,0,0,0,0,0,0,0,0.00888947783134536,0,0,0,0,0,0,0,0,0,0,0,0,0,0,0,0,0,0,0,0,0,0,0,0,0,0,0,2.12416716144834e-06,5.43752640521959e-06,0.00503733144147285,0,0
