0,0,0.00833786992488552,0,0,0,0,0,0.0333117792740078,0,0,0,0,0,0,0,0.00262009362153918,0,0.00444142344188739,0,0,0,0,0,0.000249021275389217,0,0,0,0,0,0,0,0,0,0,0,0,0,0.000102183629892022,0,0.000122960111117222,0,0.0424946433019252,0,0.000497044957512523,0,0.000601821501223055,0,0.00574967510781702,0,0,0,0,0,0.0692295833826628,0,6.9252635946702e-05,0,0,0,0.00232777860587152,0,0,3.57104273435542e-05,0,0,0,0.0174882495822398,0,0,0,0,0,0.000685749563101035,0,0,0,0,0,0,0,0.000703977276448625,0.00158159360320128,0,0.0439868399579424,0,0
0,0,0,0.00259689755678523,0,0.002628050482721,0,0,0,0.0639936311656134,0,0,0,0,0,0.00101000497408286,9.00581451325602e-06,0.000215776763974224,0.00160901498664453,0,0,0,0,0.000502185987754194,0,0,0,0,0,0,0,0,0,0,0,0,0,0,0,0,0,0.0537081416690278,0,0.000100179236051636,0,1.0262562602229e-05,0,0,0,0.0104122962466391,0,0,0,0,0,0.0373326505250327,0,0.00252063688850269,0,0.000583631075387736,0,0.0025156082812327,0,0,0,0,0.0182738214809412,0,0.000712887063740342,0,0.000246807730856309,0,0,0,0,0,0,0,0,0,0,0,0.00195881474100163,0.000175788444542393,0.050417231492033,0.000171108284046914,0
0.00833786992488552,0,0,0,0.119274687225721,0,0,0,0.000804544268689587,0,0,0,0,0,0,0,0,0,0,0,0.000460183296223361,0,0,0,0,0,0,0,0,0,0,0,0,0,0,0,0,0,1.66058410277e-05,0,0,0,0.00287328342212516,0,0,0,0,0,0.00178522641846927,0,0.0337409941197854,0,0,0,0.0474714330002568,0,0.00757445392258665,0,0.0087678807460411,0,0.000212566880922471,0,0,0,0,0,0,0,0,0,0,0,0,0,0,0,0,0,0,0,0,1.2948949606659e-05,0.00165795836241307,0,0.00503510683551082,0,0
0,0.00259689755678523,0,0,0,0.0851203271442509,0,0,0,0.0162550955949923,0,0,0,0,0,0,2.91471732626771e-06,0,5.23460539779565e-06,0.00521213298680217,0,0,0,0,0,0,0,0,0,0,0,0,0,0,0,0.000126431245275679,0,0,0,0.000702431930710359,0,0.0157058304810776,0,0.00355230037836825,0,0.0289262318062313,0,0,0,5.6060959998138e-05,0,0.00623365938650185,0,0,0,0.12094895053128,0,0.000282103248268722,0,0.000600679476989961,0,0.0502022078477335,0.00261586230974347,0,0,0,8.01626319002389e-05,0,0,0,0,0,5.84942527216189e-05,0,0,0,0,0,4.32711274604657e-05,0,0,0,0.00153682416885851,0.000447643834225572,0.0361831516573564,9.57566817742937e-05,0
0,0,0.119274687225721,0,0,0,0.00417603331548953,0,0.00672824699590786,0,0,0,0,0,0,0,0,0,0,0,0,0,0,0,0,0,0,0,0,0,0,0,0,0,0,0,0,0,0,0,0,0,0,0,0,0,0,0,0,0,0.214468255565954,0,0.056112268091548,0,0,0,0.00222239329164854,0,0,0,0,0,0,0,0,0,0,0,0,0,0,0,0,0,0,0,0,0,0,0,0,0,0.00628856207984328,0.00621228489289324,0.0020565849913869,0,0
0,0.002628050482721,0,0.0851203271442509,0,0,0,0.0422233879344377,0,0.0333940856591278,0,0.00444680226033875,0,0,0,0,0,0,0,0,0,0,0,0,0,0,0,0,0,0,0,0,0,0,0,0,0,0,0,0,0,0.000437211157274422,0,0,0,0,0,0,0,0,0,0.700830488724087,0,0.0325322098484866,0,0.000173703058520555,0,0.000393549432244436,0,0.00376468313662876,0,0.000437364188627908,0,0,0,0,2.32687746318933e-05,0,0,0,0,0,0,0,0,0,0,0,0,0,0,0,0.0180785573847122,0.00552355778424789,0.000632945537222544,0,0
0,0,0,0,0.00417603331548953,0,0,0,0,0,0,0,0,0,0,0,0,0,0,0,0.00411317906605911,0,0,0,0,0,0,0,0,0,0,0,0,0,0,0,0,0,0,0,0,0,0,0,0,0,0,0,0,0,0.0010832769330591,0,0.118533350503811,0,0,0,0.000905439357283848,0,0,0,0,0,0,0,0,0,0,0,0,0,0,0,0,0,0,0,0,0,0,0,0,0,0.00173427526271101,0.00875951521494831,0,0,0
0,0,0,0,0,0.0422233879344377,0,0,0,0,0,0,0,0,0,0,0,0,0,0.00734357650589168,0,0,0,0,0,0,0,0,0,0,0,0,0,0,0,0,0,0,0,0,0,0,0,0,0,0,0,0,0,0,0,0.00377043858892255,0,0.0896160049294206,0,0,0,0.000234100779619158,0,0,0,0,0,0,0,0,0,0,0,0,0,0,0,0,0,0,0,0,0,0,0,0,0.00204377900825885,9.73704351490562e-05,0,0,0
0.0333117792740078,0,0.000804544268689587,0,0.00672824699590786,0,0,0,0,0,0,0,0,0,0,0,0.0142306096067896,5.37323769384639e-05,0.00272547521624175,0,0,0,0,0,0.00562656052825561,0,0,0,0,0,0,0,0,0,0,0,0,0,0,0,3.23074127906451e-05,0,0.0208190638817246,0,0,0,0.000250031498980707,0,0.000812508130851401,0,0,0,0,0,0.258109596488431,0,0.000425116281061445,0,0,0,0.000882101101084945,0,0,0.000327016392584149,0,0,0,0.0140166023362973,0,0,0,0,0,0,0,0,0,0,0,5.93309851171811e-06,0,0,0.00196299277270527,0,0.0410839490596529,0,0.00955887367444974
0,0.0639936311656134,0,0.0162550955949923,0,0.0333940856591278,0,0,0,0,0,0,0,0,0,0,1.42538422272365e-05,0.00676484153091886,0.00546112915105111,0,0,0,0,0.0284409992849284,0,0.000410859659311841,0,0,0,0,0,0,0,0,0,0,0,0,0,0,0,0.0693628097769405,0,6.67779342386089e-05,0,0.000265139692003203,0,0,0,0.000937918589801228,0,0,0,0,0,0.0677997620716714,0,0.0032811375416696,0,0,0,0,7.83467283371118e-05,0,0,0,0.0246752418430669,0,7.00054299769375e-05,0,0,0,0.00557487523370786,0,0,0,0,0,1.46451191370152e-05,0,4.32093767740189e-05,0,0.00623782407680368,0.00080868638294278,0.0177353945102406,0.0119246758255222,0
0,0,0,0,0,0,0,0,0,0,0,0,0.0539541311662564,0,0,0,0,0,0,0,0.0472735842823055,0,0,0,0,0,0,0,0,0,9.98801406240091e-05,0,0,0,0,0,0.00167107629514518,0,0.00302206006256375,0,0,0,0,0,0,0,0,0,0,0,0,0,0.00423155093119736,0,0,0,0.247230860305474,0,0.0657622760064314,0,0,0,0,6.02264517510775e-05,0,0,0,0,0,0,0,0,0,0.00369660287314633,0,0,0,0,0,0,0,0,8.45634184082728e-05,0.0022303225112428,0,0,0
0,0,0,0,0,0.00444680226033875,0,0,0,0,0,0,0,0,0,0,0,0,0,0.0726870374336241,0,0,0,0,0,0,0,0,0,0.0208332603309478,0,0,0,0,0,0,0,0.00333316294228402,0,0,0,0,0,0,0,0,0,0,0,0,0,0.00728669001978779,0,0.00125754734617732,0,0,0,0.489477065577251,0,0.00226478142578371,0,0,0.00287028693648901,0,0,0,0,0,0,0,0,0,0.0382641139743078,0,0,0,0,0,0,0,0,0,0.00185095143784951,0.0041192013338713,0,0,0
0,0,0,0,0,0,0,0,0,0,0.0539541311662564,0,0,0,0,0,0,0,0,0,0,0,0,0,0,0,0,0,0.000580438078812764,0,0,0,0,0,0,0,0,0,0,0,0,0,0,0,0,0,0,0,0,0,0,0,0,0,0,0,0,0,0.0700525493351463,0,0,0,0,0,0,0,0,0,0,0,0,0,0,0,0,0,0,0,0,0,0,0,7.95461451410463e-05,0.0048110430593426,0,0,0
0,0,0,0,0,0,0,0,0,0,0,0,0,0,0,0.0441888064092653,0,2.69690790446475e-05,0,0,0,0,0,0,0,0,0,0.000990081864887103,0,0,0,0,0,0,0,0,0,0,0,0,0,0,0,0,0,0,0,0,0,0,0,0,0,0,0,0,0,0,0,0.210987339737443,0,0,0,0,0,0,0,0,0,0,0.0306634000005613,0,0,0,0,0,0,0,0,0,0,0,0.000835070536429049,0.00151931573620562,0,0,0
0,0,0,0,0,0,0,0,0,0,0,0,0,0,0,0,0,0,0,0,0,0,0,0,0,0,0,0,0,0,0,0,0,0,0,0,0,0,0,0,0,0,0,0,0,0,0,0,0,0,0,0,0,0,0,0,0,0,0,0,0,0,0,0,0,0,0,0,0,0,0,0,0,0,0,0,0,0,0,0,0,0,0,0.000754110756536069,0,0,0
0,0.00101000497408286,0,0,0,0,0,0,0,0,0,0,0,0.0441888064092653,0,0,0,0,0,0,0,0,0,0,0,0,0,0,0,0,0,0,0,0,0,0,0,0,0,0,0,0,0,0,0,0,0,0,0,0.000494532762821515,0,0.00106065407717284,0,0,0,0,0,0,0,0.000109625376382092,0,0.0396104947806401,0,0,0,0,0,0,0.00671128531787033,0,0,0,0,0,0,0,0,0,0,0,0,0,0.00329368639322972,0.000104464385737394,0,0,0
0.00262009362153918,9.00581451325602e-06,0,2.91471732626771e-06,0,0,0,0,0.0142306096067896,1.42538422272365e-05,0,0,0,0,0,0,0,0.328107305940035,0.0580839411049725,0,0,6.26868119411406e-06,0.00407317226284818,0,0,4.38735681579644e-05,0,0,0,0,0,0,0,0,0,0,0,0,0,7.98823660468782e-05,0.00396724406052444,0.00204051593651779,0.00629898067270262,0.0005545343773423,0.00266268890335641,0.00230708018459331,0.0207758343588381,0,0,0,0,0,0,0,0.000919550390805687,0,0.000153271150962164,5.32335162246357e-06,0,0,0,0,2.63579467386826e-06,0.000442129206069986,0,0.000150289289157241,0,6.05901353829963e-05,0,0,0,0,3.99796500406824e-06,0,0,0,0,0,8.04427976608185e-05,0.00124156618632082,0,0,0.0205749734035322,0.0777714799901174,0.0550864696258049,0.000356341874751801,0.00213215252182952
0,0.000215776763974224,0,0,0,0,0,0,5.37323769384639e-05,0.00676484153091886,0,0,0,2.69690790446475e-05,0,0,0.328107305940035,0,0.046131112693572,0,0,0.00366311966733554,3.28777350476271e-05,0,0,0.0155360867196198,0,0,0,0,0,0,0,0,0,0,0,0,0,0.000726941828619362,0.000546411655267175,0.0139532810121912,0.000613683957060734,0.00393830927583696,0.000189221441163291,0.0107792525199735,0.00475092498552961,0,0,0,0,0,0,0,0,0.000169212621071857,0,0.000201406679853538,0,0,0,0,0.000116117338767854,1.47803046037284e-05,0,0,1.09443278745389e-05,0,0,0,0,0,0.000152247927567067,0,0,0,0,0,0.000552037971738749,5.45951712810395e-05,0,0,0.0243899298908588,0.0522796521054855,0.025854879642143,0.00215962681029503,0.000262477911430946
0.00444142344188739,0.00160901498664453,0,5.23460539779565e-06,0,0,0,0,0.00272547521624175,0.00546112915105111,0,0,0,0,0,0,0.0580839411049725,0.046131112693572,0,0,0,0,0,0,3.90729350575741e-05,0,0,0,0,0,0,0,0,0,0,0,0,0,0,0.00459851294127687,0.00621956672905902,0.05795573560107,0.0130272492114323,0.0102521694508589,0.00334614850492013,0.081229729867291,0.0796650885007607,0,0,0,0,0,0,0,0.000431845135154135,0.000468331549984152,0.000104688902105683,0.00144079002704887,0,0,0,0,0.000749895915429013,0.000749560716525236,0,0,9.453409689107e-05,0.000126925207977254,0,0,0,0,0.00115043224979488,0,0,0,0,0,0.00202983651353358,0.00208579250237169,0,0,0.0160393353267427,5.03344690389796e-05,0.174697320344976,0.00528252184079035,0.00410322678751811
0,0,0,0.00521213298680217,0,0,0,0.00734357650589168,0,0,0,0.0726870374336241,0,0,0,0,0,0,0,0,0,0,0,0,0,0,0,0,0,0,0,0,0,0,0,0.00145898949845083,0,0.00394016649688761,0,0,0,0,0,0,0,0,0,0,0,0,0,0,0,0.0113427846684859,0,0,0,0.0196705891359998,0,0,0,0,0.119815747736142,0,0,0,0,0,0,0,0,0,0,0,0,0,0,0,0,0,0,0,2.17492623272633e-05,0,0.00247693620132106,0,0
0,0,0.000460183296223361,0,0,0,0.00411317906605911,0,0,0,0.0472735842823055,0,0,0,0,0,0,0,0,0,0,0,0,0,0,0,0,0,0,0,0,0,0,0,0,0,0.000543138570202133,0,0.00589347764133362,0,0,0,0,0,0,0,0.000322473269696709,0,0,0,0,0,0.00720545283052505,0,0,0,0.0340075618411495,0,0,0,0,0,0,0.080314879196152,0,0,0,0,0,0,0,0,0,0,0,0,0,0,0,0,0,0,0.000534677549460374,0,0.0157108441324941,0,0
0,0,0,0,0,0,0,0,0,0,0,0,0,0,0,0,6.26868119411406e-06,0.00366311966733554,0,0,0,0,0.00800745842328974,0.00265891117002788,0,0.00357354445094299,0,0.0127917569587163,0,0,0,0,0,0,0,0,0,0.01542533053398,0,0,0,0,0,0,0,0,0,0,0,0,0,0,0,0,0,0,0,0,0,0,0,0,0,0,0.0867130605782851,0.0023351986949902,0.000155117358847668,0,0.00690647873774388,0,0.00788757533462003,0,0,0,0,0,0,0,0,0,0.0010503887128395,0,0.00412459558783816,0.00162056357182724,0,0,0
0,0,0,0,0,0,0,0,0,0,0,0,0,0,0,0,0.00407317226284818,3.28777350476271e-05,0,0,0,0.00800745842328974,0,0,5.90876843489241e-05,0,0.000372459306722236,0,0.0152346734777424,0,0,0,0,0,0,0,0,0.00117408490583901,0.0306296334551836,0,0,0,0,0,0,0,0,0,0,0,0,0,0,0,0,0,0,0,0,0,0,0,0,0,0.000744417967081367,0.100638000138981,0,0.0118530229459158,0,0.0155384575018627,0,0.000355417563452285,0,0,0,0,0,0,0,0,0,0.0021660773838056,0.00723185164509858,0.0085374728104672,0,0,0
0,0.000502185987754194,0,0,0,0,0,0,0,0.0284409992849284,0,0,0,0,0,0,0,0,0,0,0,0.00265891117002788,0,0,0,0,0,0,0,0,0,0,0,0,0,0,0,0.00965995340486697,0,0,0,2.8370613047838e-05,0,0,0,0,0,0,0,0,0,0,0,0,0,0.0245841408264096,0,0,0,0,0,0,0,0,0.000544599372157657,0,0.139544679446141,0,0,0,0,0,0,0,0,0,0,0,0,0,0.00404205233176221,0,0.00115309900359103,1.33977539908529e-06,0.00183598083476058,0,0
0.000249021275389217,0,0,0,0,0,0,0,0.00562656052825561,0,0,0,0,0,0,0,0,0,3.90729350575741e-05,0,0,0,5.90876843489241e-05,0,0,0,0.00165296896723613,0,0,0,0,0,0,0,0,0,0,0,0.00680173565405245,0,0,0,0,0,0,0,0,0,2.23494249268527e-05,0,0,0,0,0,0.0853666024083833,0,0,0,0,0,0,0,0,0,0,0.00208052267872715,0,0.0859078801719016,0,0.00530690449729865,0,0,0,0,0,0,0,0,0,0,0,0.00133390054800468,0.000448221815088885,0,0.0028352303004437,0,0
0,0,0,0,0,0,0,0,0,0.000410859659311841,0,0,0,0,0,0,4.38735681579644e-05,0.0155360867196198,0,0,0,0.00357354445094299,0,0,0,0,0,7.92047867435031e-05,0,0,0,0,0,0,0,0,0,0,0,0,0,0,0,0,0,0,0,0,0,0,0,0,0,0,0,0.00319569877215988,0,0,0,0,0,0.00112530790025236,0,0,0.000390691014016897,0,0,0,0.0637864229457609,0,0,0,0,0,0,0,0,0,0,0,0,0,0.000108116416913451,0,0,0,0
0,0,0,0,0,0,0,0,0,0,0,0,0,0,0,0,0,0,0,0,0,0,0.000372459306722236,0,0.00165296896723613,0,0,0,0,0,0,0,0,0,0,0,0,0,0,0,0,0,0,0,0,0,0,0,0,0,0,0,0,0,0,0,0,0,0,0,0,0,0,0,0,0,0,0,0,0.105887309122429,0,0,0,0,0,0,0,0,0,0,0,0,2.80976464132811e-05,0,0,0,0
0,0,0,0,0,0,0,0,0,0,0,0,0,0.000990081864887103,0,0,0,0,0,0,0,0.0127917569587163,0,0,0,7.92047867435031e-05,0,0,0,0.00569650189889942,0,0,0,0,0,0,0,5.25197031451258e-05,0,0,0,0,0,0,0,0,0,0,0,0,0,0,0,0,0,0,0,0,0,0,0,0,0,0,0.000135674396455391,0,0,0,0,0,0.151897270813606,0,0,0,0,0,0,0,0,0,0,0,0.00142685503935876,0.0091116450591136,0,0,0
0,0,0,0,0,0,0,0,0,0,0,0,0.000580438078812764,0,0,0,0,0,0,0,0,0,0.0152346734777424,0,0,0,0,0,0,0,0.0573134729109875,0,0,0,0,0,0,0,0.00251603532558783,0,0,0,0,0,0,0,0,0,0,0,0,0,0,0,0,0,0,0,0.000249419280616945,0,0,0,0,0,0,0,0,0,0,0,0,0.0426488729671121,0,0,0,0,0,0,0,0,0,0.000180025190824394,0.00132608017828273,0.0107524513578376,0,0,0
0,0,0,0,0,0,0,0,0,0,0,0.0208332603309478,0,0,0,0,0,0,0,0,0,0,0,0,0,0,0,0.00569650189889942,0,0,0,0,0,0,0,0,0,0.000164737021458552,0,0,0,0,0,0,0,0,0,0,0,0,0,0,0,0,0,0,0,0.0353669842614891,0,0,0,0,0,0,0,0,0,0,0,0,0.000184104768877879,0,0.112541338395022,0,0,0,0,0,0,0,0,0,0.00372749653664137,0.00363419954935586,0,0,0
0,0,0,0,0,0,0,0,0,0,9.98801406240091e-05,0,0,0,0,0,0,0,0,0,0,0,0,0,0,0,0,0,0.0573134729109875,0,0,0,0,0,0,0,0,0,0.00023857074106277,0,0,0,0,0,0,0,0,0,0,0,0,0,0,0,0,0,0.00277600480935779,0,0,0,0,0,0,0,0,0,0,0,0,0,0,0.0480089523999643,0,0.0176823235987338,0,0,0,0,0,0,0,0,0.000250311259738541,0.00203997703582036,0,0,0
0,0,0,0,0,0,0,0,0,0,0,0,0,0,0,0,0,0,0,0,0,0,0,0,0,0,0,0,0,0,0,0,0.137368707459057,8.65988331497647e-05,8.92020907485858e-05,0.0031736490805268,0.00669578623118663,0,0,0,0,0,0,0,0,0,0,0.00905005349864826,0,1.54537346778091e-05,0,0,0,0,0,0,0,0,0,0,0,0,0,0,0,0,0,0,0,0,0,0,0,0,0.129719127764388,0.00570537289749826,0.0013453224221525,0,0.00078527631881422,7.06941847074523e-05,0,0,0.000388776847118176,0,0,0,0
0,0,0,0,0,0,0,0,0,0,0,0,0,0,0,0,0,0,0,0,0,0,0,0,0,0,0,0,0,0,0,0.137368707459057,0,0,0.0139366050100135,0.000504740340472217,0.00371497713087452,0,0,0,0,0,0,0,0,0,0,0.0186716514678665,0.000348469973839559,0.000287293417850147,0,0,0,0,0,0,0,0,0,0,0,0,0,0,0,0,0,0,0,0,0,0,0,0,0.00545094508023434,0.0868283484258419,0,0.00132945686017455,0,0.000193767209516408,0,0,0.00104933252411696,0,0,0,0
0,0,0,0,0,0,0,0,0,0,0,0,0,0,0,0,0,0,0,0,0,0,0,0,0,0,0,0,0,0,0,8.65988331497647e-05,0,0,0.1561064358733,9.119214184748e-05,5.72580695381371e-05,0.00180896261270681,0.00291150197403574,0,0,0,0,0,0,0,0,0.06379162046359,0,0,0,0,0,0,0,0,0,0,0,0,0,0,0,0,0,0,0,0,0,0,0,0,0,0,0,0,0.283788228563964,0.084654103163408,0,0,0.00097155229970864,0.0034053597350139,0.000264667789906283,1.36168591167341e-05,0,0,0
0,0,0,0,0,0,0,0,0,0,0,0,0,0,0,0,0,0,0,0,0,0,0,0,0,0,0,0,0,0,0,8.92020907485858e-05,0.0139366050100135,0.1561064358733,0,0,0.00173566332752047,0.000209231459408838,5.26200383319519e-05,0,0,0,0,0,0,0,0,0.0893612691679195,0.000157980456344847,0,0,0,0,0,0,0,0,0,0,0,0,0,0,0,0,0,0,0,0,0,0,0,0,0,0,0.000655836852959793,0.0779148780311311,0.385894803122435,0,0.00010659876850355,0,0.000266928680809827,0.00076163745783611,0,0,0,0
0,0,0,0.000126431245275679,0,0,0,0,0,0,0,0,0,0,0,0,0,0,0,0.00145898949845083,0,0,0,0,0,0,0,0,0,0,0,0.0031736490805268,0.000504740340472217,9.119214184748e-05,0,0,0.0389727157259595,0.0156693377562194,0,1.687455531109e-05,0,5.69117330411948e-06,0,0,0,0,0,0.00141242639351826,0,0.000109509933631203,0,0,0,0,0,0,0,0,0,0,0,0,0.000348307396175687,0,0,0,0,0,0,0,0,0,0,0,0.0220394115577968,0,0.0080925861402394,0,0.0551107378263374,0.00347730805628953,0.00797514540940288,0,0.011731625298974,0.000353713174362154,0.000145714621027153,0,0
0,0,0,0,0,0,0,0,0,0,0.00167107629514518,0,0,0,0,0,0,0,0,0,0.000543138570202133,0,0,0,0,0,0,0,0,0,0,0.00669578623118663,0.00371497713087452,5.72580695381371e-05,0.00173566332752047,0.0389727157259595,0,0,0.0275388135650383,0,0,0,0,0,0,0,0,0.0021859056915839,0,3.28450642169838e-05,0,0,0,0,0,0,0.000461691491365861,0,0,0,0,0,0,0,0,0,0,0,0,0,0,0,0,0,0.00052792078853564,0.00428876997735007,0,0.00500328897829906,0.0201253005614489,0.0450806525908187,0,0.00779467648393964,0.0131164801707798,0.00326008742446984,4.41742811588992e-05,0,0
0,0,0,0,0,0,0,0,0,0,0,0.00333316294228402,0,0,0,0,0,0,0,0.00394016649688761,0,0.01542533053398,0.00117408490583901,0.00965995340486697,0,0,0,5.25197031451258e-05,0,0.000164737021458552,0,0,0,0.00180896261270681,0.000209231459408838,0.0156693377562194,0,0,0.0155974835419268,0,0,4.07822914838248e-05,0,0,0,0,0,0.00256485652020985,0,0.000600473245825576,0,0,0,0,0,5.33810980762834e-06,0,0.0126833737431845,0,0,0,0,0.00222881939421818,0,0.0151005663665711,0.004390342675714,0.00851588333186235,0,0,0,0.00100123767752089,0,0.011976654082951,0,0,0,0.00431623666255679,0,0.00266124733236959,0,0.0752787234641584,0.0125300339109384,0.0105436567291838,0.00190118454969139,2.3555327442088e-05,0,0
0.000102183629892022,0,1.66058410277e-05,0,0,0,0,0,0,0,0.00302206006256375,0,0,0,0,0,0,0,0,0,0.00589347764133362,0,0.0306296334551836,0,0.00680173565405245,0,0,0,0.00251603532558783,0,0.00023857074106277,0,0,0.00291150197403574,5.26200383319519e-05,0,0.0275388135650383,0.0155974835419268,0,0,0,0,0.00046921504986116,0,0,0,0,0.00370964166792253,0.000327447366792729,0,0,0,0,0,6.42545713562905e-06,0,0.0159582081764233,0,0,0,0,0,0,0.000680467855517241,0,0.0192638117016061,0,0.0126390500050657,0,0,0,0.0038465493099405,0,0.0010477327009139,0,0,0.000165642851466504,1.78761365532409e-05,0,0.00972653761526051,0.000755995888617739,0.0767451350736839,0.011059871518593,0.000605019161733577,0.00336313200428745,0,0
0,0,0,0.000702431930710359,0,0,0,0,0,0,0,0,0,0,0,0,7.98823660468782e-05,0.000726941828619362,0.00459851294127687,0,0,0,0,0,0,0,0,0,0,0,0,0,0,0,0,1.687455531109e-05,0,0,0,0,0.000277049444521463,0.00602145890226854,0,0.010310420385155,0,0.159580538169267,0,3.74297587422481e-05,0.00823069479302782,0.0699770263214748,0,0,0,0,0,0,0,0,0,0,0,0,0,0,0,0,0,0,0,0,0,0,0,0,0,0,0,0,4.14727791297762e-05,0,0,0,0.000508506923877259,0,0.0160899523440377,0.00037970132393112,0
0.000122960111117222,0,0,0,0,0,0,0,3.23074127906451e-05,0,0,0,0,0,0,0,0.00396724406052444,0.000546411655267175,0.00621956672905902,0,0,0,0,0,0,0,0,0,0,0,0,0,0,0,0,0,0,0,0,0.000277049444521463,0,0.000115770760152601,0.0280226057690972,0,0.0142797356652938,8.78350388042581e-05,0.114421628552232,0.00120893544292789,0.0179452522954837,0.0328819997755336,0,0,0,0,0,0,4.51522793090929e-05,0,0,0,0,0,0,1.08035301995402e-05,0,0,0,0,0,0,0,0,0,0,0,0,0,0,0,0.000614197657228537,0,0,0.00215657768375439,0,0.0170463849403629,0,0.00125379996876094
0,0.0537081416690278,0,0.0157058304810776,0,0.000437211157274422,0,0,0,0.0693628097769405,0,0,0,0,0,0,0.00204051593651779,0.0139532810121912,0.05795573560107,0,0,0,0,2.8370613047838e-05,0,0,0,0,0,0,0,0,0,0,0,5.69117330411948e-06,0,4.07822914838248e-05,0,0.00602145890226854,0.000115770760152601,0,0.00201065147405916,0.023882790621737,0,0.0397181909337712,0.000318416165174411,0,0.000140381271276737,0.00469918925719036,0,0,0,0,0,0.00647555761234424,0,0.00873808168153618,0,0,0,0.000433220837721141,0.000227879701049619,0,0,0,9.71192659035907e-05,0,0,0,0,0,0.013691514044308,0,0,0,0,0,0.000454573481303292,0,0,0,0.0187851964578009,0.000170472203923995,0.206901937793657,0.0197655060004603,0
0.0424946433019252,0,0.00287328342212516,0,0,0,0,0,0.0208190638817246,0,0,0,0,0,0,0,0.00629898067270262,0.000613683957060734,0.0130272492114323,0,0,0,0,0,0,0,0,0,0,0,0,0,0,0,0,0,0,0,0.00046921504986116,0,0.0280226057690972,0.00201065147405916,0,0.000166382019568273,0.00586212132987636,0,0.0391732229176253,0.00131320243716757,0.00829087687382837,5.39117008755749e-05,0,0,0,0,0.00975660695333874,0,0.00135612042821603,0,5.53800331631907e-05,0,2.79041108898087e-05,0,0,0.000226568473504938,0,0,0,1.80960364292554e-05,0,0,0,0,0,0.000438505428601351,0,0,0,0,0,0.000472308767130856,0,0.000401519474409745,0.019267686429272,7.84773544041516e-07,0.217497309215466,2.56785545656621e-05,0.0193723211478696
0,0.000100179236051636,0,0.00355230037836825,0,0,0,0,0,6.67779342386089e-05,0,0,0,0,0,0,0.0005545343773423,0.00393830927583696,0.0102521694508589,0,0,0,0,0,0,0,0,0,0,0,0,0,0,0,0,0,0,0,0,0.010310420385155,0,0.023882790621737,0.000166382019568273,0,0,0.0214991935553882,0.000197686268832727,0,0,0,0,0,0,0,0,0.000616764649704823,0,0.000124927596982793,0,0,0,0,0.000366566576921404,0,0,0,0,0,0,0,0,0,0.000102073025959049,0,0,0,0,0,0.000562163705920286,0,0,0,0.00249487127517702,1.15170859027376e-05,0.0219595320966328,0.00082139500293597,0
0.000497044957512523,0,0,0,0,0,0,0,0,0,0,0,0,0,0,0,0.00266268890335641,0.000189221441163291,0.00334614850492013,0,0,0,0,0,0,0,0,0,0,0,0,0,0,0,0,0,0,0,0,0,0.0142797356652938,0,0.00586212132987636,0,0,0,0.0240228399046704,0,0,0,0,0,0,0,8.06441301520223e-05,0,0,0,0,0,0,0,0,0.000148312582539588,0,0,0,0,0,0,0,0,0,0,0,0,0,0,0,0.000124882243300355,0,0,0.00122928405048113,0,0.00736717870310087,0,0
0,1.0262562602229e-05,0,0.0289262318062313,0,0,0,0,0,0.000265139692003203,0,0,0,0,0,0,0.00230708018459331,0.0107792525199735,0.081229729867291,0,0,0,0,0,0,0,0,0,0,0,0,0,0,0,0,0,0,0,0,0.159580538169267,8.78350388042581e-05,0.0397181909337712,0,0.0214991935553882,0,0,0.00154716497971558,0,0,0,0,0,0,0,0,0,0,0.00033663099463472,0,0,0,0,0.0120368550029786,0,0,0,0,0,0,0,0,0,9.50285338833579e-05,0,0,0,0,0,0.00334408243834615,0,0,0,0.00417138594880624,2.19981858116047e-05,0.128078097233939,0.000337755598301066,0
0.000601821501223055,0,0,0,0,0,0,0,0.000250031498980707,0,0,0,0,0,0,0,0.0207758343588381,0.00475092498552961,0.0796650885007607,0,0.000322473269696709,0,0,0,0,0,0,0,0,0,0,0,0,0,0,0,0,0,0,0,0.114421628552232,0.000318416165174411,0.0391732229176253,0.000197686268832727,0.0240228399046704,0.00154716497971558,0,0,0,0,0,0,0,0,3.49610932647334e-05,0,1.03624477432154e-05,0,0,0,0,0,0,0.0353599261738091,0,0,0,0,0,0,0,0,0,0,0,0,0,0,1.12508363851692e-06,0.00358359161658887,0,0,0.00872678630876778,0,0.0753139896357557,0.000121940971655585,0.000350407233069606
0,0,0,0,0,0,0,0,0,0,0,0,0,0,0,0,0,0,0,0,0,0,0,0,0,0,0,0,0,0,0,0.00905005349864826,0.0186716514678665,0.06379162046359,0.0893612691679195,0.00141242639351826,0.0021859056915839,0.00256485652020985,0.00370964166792253,3.74297587422481e-05,0.00120893544292789,0,0.00131320243716757,0,0,0,0,0,0.111829051056193,0.127372947133519,0,0,0,0,0,0,0,0,0,0,0,0,0,0,0,0,0,0,0,0,0,0,0,0,0.00118709910479959,0.00371573547273391,0.000847028374777015,0.000158602531449331,0.0103699072698132,0.00549559546335979,0,4.19468078706472e-05,0.0339349401195308,0,0.00842020628998941,0,0
0.00574967510781702,0,0.00178522641846927,0,0,0,0,0,0.000812508130851401,0,0,0,0,0,0,0,0,0,0,0,0,0,0,0,2.23494249268527e-05,0,0,0,0,0,0,0,0.000348469973839559,0,0.000157980456344847,0,0,0,0.000327447366792729,0.00823069479302782,0.0179452522954837,0.000140381271276737,0.00829087687382837,0,0,0,0,0.111829051056193,0,0.420445786741497,0,0,0,0,0.000419614383401052,0,8.47085953247591e-06,0,0,0,0.00121568671573288,0,0,0,0,0.000124863249982177,0,0,0,0,0,0,0,0,7.69728600195363e-05,0.000485103357832702,0,0,5.4321188514024e-05,0,0,0.000142166449162252,0.00511029882147898,0,0.0142365953978742,0,0
0,0.0104122962466391,0,5.6060959998138e-05,0,0,0,0,0,0.000937918589801228,0,0,0,0,0,0.000494532762821515,0,0,0,0,0,0,0,0,0,0,0,0,0,0,0,1.54537346778091e-05,0.000287293417850147,0,0,0.000109509933631203,3.28450642169838e-05,0.000600473245825576,0,0.0699770263214748,0.0328819997755336,0.00469918925719036,5.39117008755749e-05,0,0,0,0,0.127372947133519,0.420445786741497,0,0,0,0,0,0,0,0,0.00156088235996541,0,5.54261630702811e-05,0,0.000870197952061665,0.000150361089195042,0,0,0,0,0,0,0,0,0,1.41283676974016e-05,0,0,3.3466955121045e-05,0,0,0.00134080664528341,7.16138297193016e-05,0.00165779429831173,0,0.00796726846250537,0,0.0102933163066446,2.40734399355839e-05,0
0,0,0.0337409941197854,0,0.214468255565954,0,0.0010832769330591,0,0,0,0,0,0,0,0,0,0,0,0,0,0,0,0,0,0,0,0,0,0,0,0,0,0,0,0,0,0,0,0,0,0,0,0,0,0,0,0,0,0,0,0,0,0,0,0,0,0.00904657960397307,0,0.000695418489226933,0,0,0,0,0,0,0,0,0,0,0,0,0,0,0,0,0,0,0,0,0,0,0,3.5245508308911e-05,0,0.00105806226143982,0,0
0,0,0,0.00623365938650185,0,0.700830488724087,0,0.00377043858892255,0,0,0,0.00728669001978779,0,0,0,0.00106065407717284,0,0,0,0,0,0,0,0,0,0,0,0,0,0,0,0,0,0,0,0,0,0,0,0,0,0,0,0,0,0,0,0,0,0,0,0,0,0.0101062590402813,0,0,0,0.00202330459606432,0,0.0171359657617134,0,0.0145544820964589,0,0,0,0,0,0,0,0,0,0,0,0,0,0,0,0,0,0,0,0,0.00068911775132214,0,0.000430020210349052,0,0
0,0,0,0,0.056112268091548,0,0.118533350503811,0,0,0,0.00423155093119736,0,0,0,0,0,0,0,0,0,0.00720545283052505,0,0,0,0,0,0,0,0,0,0,0,0,0,0,0,0,0,0,0,0,0,0,0,0,0,0,0,0,0,0,0,0,0,0,0,0,0,0,0,0,0,0,0,0,0,0,0,0,0,0,0,0,0,0,0,0,0,0,0,0,0,0,0,0,0,0
0,0,0,0,0,0.0325322098484866,0,0.0896160049294206,0,0,0,0.00125754734617732,0,0,0,0,0,0,0,0.0113427846684859,0,0,0,0,0,0,0,0,0,0,0,0,0,0,0,0,0,0,0,0,0,0,0,0,0,0,0,0,0,0,0,0.0101062590402813,0,0,0,0,0,0.000164793564669263,0,0,0,0,0,0,0,0,0,0,0,0,0,0,0,0,0,0,0,0,0,0,0,0,0.00119274850627876,0,0,0,0
0.0692295833826628,0,0.0474714330002568,0,0,0,0,0,0.258109596488431,0,0,0,0,0,0,0,0.000919550390805687,0,0.000431845135154135,0,0,0,0,0,0.0853666024083833,0,0,0,0,0,0,0,0,0,0,0,0,0,6.42545713562905e-06,0,0,0,0.00975660695333874,0,8.06441301520223e-05,0,3.49610932647334e-05,0,0.000419614383401052,0,0,0,0,0,0,0,1.82904539773723e-05,0,0,0,0.00530359428658266,0,0,0,0,0,0,0.103714317196675,0,0,0,0,0,0,0,0,0,0,0,0,0,7.01138698046727e-05,0.0004413474523055,0,0.00839667670247326,0,0.0028147851276244
0,0.0373326505250327,0,0.12094895053128,0,0.000173703058520555,0,0,0,0.0677997620716714,0,0,0,0,0,0,0,0.000169212621071857,0.000468331549984152,0,0,0,0,0.0245841408264096,0,0.00319569877215988,0,0,0,0,0,0,0,0,0,0,0,5.33810980762834e-06,0,0,0,0.00647555761234424,0,0.000616764649704823,0,0,0,0,0,0,0,0,0,0,0,0,0,8.82015946111325e-05,0,0,0,0,0,0,0,0,0.0324987292049823,0,0.00325836798072195,0,0,0,3.75237992714019e-05,0,0,0,0,0,0,0,3.01127369205635e-05,0,0.00144979869032676,1.17843372333547e-05,0.00407088600245329,0.00025596463337994,0
6.9252635946702e-05,0,0.00757445392258665,0,0.00222239329164854,0,0.000905439357283848,0,0.000425116281061445,0,0.247230860305474,0,0,0,0,0,0.000153271150962164,0,0.000104688902105683,0,0.0340075618411495,0,0,0,0,0,0,0,0,0,0.00277600480935779,0,0,0,0,0,0.000461691491365861,0,0.0159582081764233,0,4.51522793090929e-05,0,0.00135612042821603,0,0,0,1.03624477432154e-05,0,8.47085953247591e-06,0,0.00904657960397307,0,0,0,1.82904539773723e-05,0,0,0,0,0,1.14627069907028e-05,0,0,0.0246140252034531,0,0,0,0,0,0,0,0,0,0.00409006783063729,0,0,0,0,0,1.28432013088772e-06,0,0,0.00063502007293457,0.000684234211825958,0.00448985849525669,0,0
0,0.00252063688850269,0,0.000282103248268722,0,0.000393549432244436,0,0.000234100779619158,0,0.0032811375416696,0,0.489477065577251,0,0,0,0,5.32335162246357e-06,0.000201406679853538,0.00144079002704887,0.0196705891359998,0,0,0,0,0,0,0,0,0,0.0353669842614891,0,0,0,0,0,0,0,0.0126833737431845,0,0,0,0.00873808168153618,0,0.000124927596982793,0,0.00033663099463472,0,0,0,0.00156088235996541,0,0.00202330459606432,0,0.000164793564669263,0,8.82015946111325e-05,0,0,0,0.0115819856877178,0,0.009600923703407,0.00563721861330408,0,0,0,0,0,0.000569906662537862,0,0.000529131545072264,0,0.000134143243951961,0,0,0,0,0,0,0,0,0,0.000943017884704085,3.08244756353889e-05,0.0246686823677689,0.000148041749866514,0
0,0,0.0087678807460411,0,0,0,0,0,0,0,0.0657622760064314,0,0.0700525493351463,0,0,0,0,0,0,0,0,0,0,0,0,0,0,0,0.000249419280616945,0,0,0,0,0,0,0,0,0,0,0,0,0,5.53800331631907e-05,0,0,0,0,0,0,0,0.000695418489226933,0,0,0,0,0,0,0,0,0,0,0,0,0,0,0,0,0,0,0,0,0,0,1.14540318589875e-05,0,0,0,0,0,0,0,0,0,0,0.000273847108941621,0,0
0,0.000583631075387736,0,0.000600679476989961,0,0.00376468313662876,0,0,0,0,0,0.00226478142578371,0,0.210987339737443,0,0.000109625376382092,0,0,0,0,0,0,0,0,0,0,0,0,0,0,0,0,0,0,0,0,0,0,0,0,0,0,0,0,0,0,0,0,0,5.54261630702811e-05,0,0.0171359657617134,0,0,0,0,0,0.0115819856877178,0,0,0,0.023944165655556,0,0,0,0,0,0,3.29357981593194e-05,0,6.39696732735452e-05,0,0,0,0,0,0,0,0,0,0,0,6.27324398203843e-05,0.000890796397037058,0,0,0
0.00232777860587152,0,0.000212566880922471,0,0,0,0,0,0.000882101101084945,0,0,0,0,0,0,0,0,0,0,0,0,0,0,0,0,0,0,0,0,0,0,0,0,0,0,0,0,0,0,0,0,0,2.79041108898087e-05,0,0,0,0,0,0.00121568671573288,0,0,0,0,0,0.00530359428658266,0,1.14627069907028e-05,0,0,0,0,0,0,0,0,0,0,0,0,0,0,0,0,0,0,0,0,0,0,0,0,0,0,0,5.32254336278853e-05,0,0
0,0.0025156082812327,0,0.0502022078477335,0,0.000437364188627908,0,0,0,0,0,0,0,0,0,0.0396104947806401,0,0,0,0,0,0,0,0,0,0.00112530790025236,0,0,0,0,0,0,0,0,0,0,0,0,0,0,0,0.000433220837721141,0,0,0,0,0,0,0,0.000870197952061665,0,0.0145544820964589,0,0,0,0,0,0.009600923703407,0,0.023944165655556,0,0,0,0,0,0,0,0,0.0047541767110806,0,0.000575927692498689,0,0,0,0,0,0,0,0,0,0,0,0,0,0.000592508974899285,0,0
0,0,0,0.00261586230974347,0,0,0,0,0,7.83467283371118e-05,0,0.00287028693648901,0,0,0,0,2.63579467386826e-06,0.000116117338767854,0.000749895915429013,0.119815747736142,0,0,0,0,0,0,0,0,0,0,0,0,0,0,0,0.000348307396175687,0,0.00222881939421818,0,0,0,0.000227879701049619,0,0.000366566576921404,0,0.0120368550029786,0,0,0,0.000150361089195042,0,0,0,0,0,0,0,0.00563721861330408,0,0,0,0,0,0,0,0,0,0,0,0,0,0,0,0,0,0,0,0,3.02810376740297e-05,0,0,0,6.08273584273403e-05,7.2299733334212e-07,0.017887108845322,0,0
3.57104273435542e-05,0,0,0,0,0,0,0,0.000327016392584149,0,6.02264517510775e-05,0,0,0,0,0,0.000442129206069986,1.47803046037284e-05,0.000749560716525236,0,0.080314879196152,0,0,0,0,0,0,0,0,0,0,0,0,0,0,0,0,0,0.000680467855517241,0,1.08035301995402e-05,0,0.000226568473504938,0,0.000148312582539588,0,0.0353599261738091,0,0,0,0,0,0,0,0,0,0.0246140252034531,0,0,0,0,0,0,0,0,0,0,0,0,0,0,0,0,0,0,0,0,0,0,3.75707670014869e-06,0,0,4.15815648947372e-05,0,0.0314952577951669,0,0
0,0,0,0,0,0,0,0,0,0,0,0,0,0,0,0,0,0,0,0,0,0.0867130605782851,0.000744417967081367,0.000544599372157657,0,0.000390691014016897,0,0.000135674396455391,0,0,0,0,0,0,0,0,0,0.0151005663665711,0,0,0,0,0,0,0,0,0,0,0,0,0,0,0,0,0,0,0,0,0,0,0,0,0,0,0,0,0,0,0,0,0,0,0,0,0,0,0,0,0,0,0,0,0.00164381997588335,5.7290503718832e-06,0,0,0
0,0,0,0,0,0,0,0,0,0,0,0,0,0,0,0,0.000150289289157241,0,0,0,0,0.0023351986949902,0.100638000138981,0,0.00208052267872715,0,0,0,0,0,0,0,0,0,0,0,0,0.004390342675714,0.0192638117016061,0,0,0,0,0,0,0,0,0,0.000124863249982177,0,0,0,0,0,0,0,0,0,0,0,0,0,0,0,0,0,0,0,0,0,0,0,0,0,0,0,0,0,0,0,0,0.00423779334807409,0.00481041836400568,5.2505185289341e-05,0,0,0
0,0.0182738214809412,0,8.01626319002389e-05,0,2.32687746318933e-05,0,0,0,0.0246752418430669,0,0,0,0,0,0,0,1.09443278745389e-05,9.453409689107e-05,0,0,0.000155117358847668,0,0.139544679446141,0,0,0,0,0,0,0,0,0,0,0,0,0,0.00851588333186235,0,0,0,9.71192659035907e-05,0,0,0,0,0,0,0,0,0,0,0,0,0,0.0324987292049823,0,0,0,0,0,0,0,0,0,0,0,0,0,0,0,0,0,0,0,0,0,0,0,0,0.00792672948727649,0,0.000300949809207575,1.5692187849432e-05,0.0112101404317572,0,0
0.0174882495822398,0,0,0,0,0,0,0,0.0140166023362973,0,0,0,0,0,0,0,6.05901353829963e-05,0,0.000126925207977254,0,0,0,0.0118530229459158,0,0.0859078801719016,0,0,0,0,0,0,0,0,0,0,0,0,0,0.0126390500050657,0,0,0,1.80960364292554e-05,0,0,0,0,0,0,0,0,0,0,0,0.103714317196675,0,0,0,0,0,0,0,0,0,0,0,0,0,0,0,0,0,0,0,0,0,0,0,0,0,0,0.008852369350778,0.000758190066641034,0,0.015149139963577,0,0
0,0.000712887063740342,0,0,0,0,0,0,0,7.00054299769375e-05,0,0,0,0,0,0.00671128531787033,0,0,0,0,0,0.00690647873774388,0,0,0,0.0637864229457609,0,0,0,0,0,0,0,0,0,0,0,0,0,0,0,0,0,0,0,0,0,0,0,0,0,0,0,0,0,0.00325836798072195,0,0.000569906662537862,0,3.29357981593194e-05,0,0.0047541767110806,0,0,0,0,0,0,0,0,0,0,0,0,0,0,0,0,0,0,0,0,3.67556089974908e-05,0,0,0,0
0,0,0,0,0,0,0,0,0,0,0,0,0,0,0,0,0,0,0,0,0,0,0.0155384575018627,0,0.00530690449729865,0,0.105887309122429,0,0,0,0,0,0,0,0,0,0,0,0,0,0,0,0,0,0,0,0,0,0,0,0,0,0,0,0,0,0,0,0,0,0,0,0,0,0,0,0,0,0,0,0,0,0,0,0,0,0,0,0,0,0,0,0,0,0,0,0
0,0.000246807730856309,0,0,0,0,0,0,0,0,0,0,0,0.0306634000005613,0,0,0,0,0,0,0,0.00788757533462003,0,0,0,0,0,0.151897270813606,0,0.000184104768877879,0,0,0,0,0,0,0,0.00100123767752089,0,0,0,0,0,0,0,0,0,0,0,0,0,0,0,0,0,0,0,0.000529131545072264,0,6.39696732735452e-05,0,0.000575927692498689,0,0,0,0,0,0,0,0,0,0,0,0,0,0,0,0,0,0,0,0,0.000154981255490841,8.08941063140962e-05,0,0,0
0,0,0,0,0,0,0,0,0,0,0,0,0,0,0,0,0,0,0,0,0,0,0.000355417563452285,0,0,0,0,0,0.0426488729671121,0,0.0480089523999643,0,0,0,0,0,0,0,0.0038465493099405,0,0,0,0,0,0,0,0,0,0,0,0,0,0,0,0,0,0,0,0,0,0,0,0,0,0,0,0,0,0,0,0,0,0,0,0,0,0,0,0,0,0,0.000216319304983994,0.00133673807180008,0.00265007542082477,0,0,0
0,0,0,5.84942527216189e-05,0,0,0,0,0,0.00557487523370786,0,0.0382641139743078,0,0,0,0,3.99796500406824e-06,0.000152247927567067,0.00115043224979488,0,0,0,0,0,0,0,0,0,0,0.112541338395022,0,0,0,0,0,0,0,0.011976654082951,0,0,0,0.013691514044308,0,0.000102073025959049,0,9.50285338833579e-05,0,0,0,1.41283676974016e-05,0,0,0,0,0,3.75237992714019e-05,0,0.000134143243951961,0,0,0,0,0,0,0,0,0,0,0,0,0,0,0,0,0,0,0,0,0,0,0,0,0.00185130874550663,0.000835731347409456,0.00837142140880294,0.00035929270806955,0
0.000685749563101035,0,0,0,0,0,0,0,0,0,0.00369660287314633,0,0,0,0,0,0,0,0,0,0,0,0,0,0,0,0,0,0,0,0.0176823235987338,0,0,0,0,0,0,0,0.0010477327009139,0,0,0,0.000438505428601351,0,0,0,0,0,0,0,0,0,0,0,0,0,0.00409006783063729,0,1.14540318589875e-05,0,0,0,0,0,0,0,0,0,0,0,0,0,0,0,0,0,0,0,0,0,0,0,0.000144743237452092,0,5.25846156453272e-05,0,0
0,0,0,0,0,0,0,0,0,0,0,0,0,0,0,0,0,0,0,0,0,0,0,0,0,0,0,0,0,0,0,0.129719127764388,0.00545094508023434,0,0,0.0220394115577968,0.00052792078853564,0,0,0,0,0,0,0,0,0,0,0.00118709910479959,7.69728600195363e-05,0,0,0,0,0,0,0,0,0,0,0,0,0,0,0,0,0,0,0,0,0,0,0,0,0,0,0,0,0,4.87823551474989e-05,1.8892357306781e-05,0,0,3.17071283212142e-05,0,0,0,0
0,0,0,0,0,0,0,0,0,0,0,0,0,0,0,0,0,0,0,0,0,0,0,0,0,0,0,0,0,0,0,0.00570537289749826,0.0868283484258419,0,0.000655836852959793,0,0.00428876997735007,0,0,0,0,0,0,0,0,0,0,0.00371573547273391,0.000485103357832702,3.3466955121045e-05,0,0,0,0,0,0,0,0,0,0,0,0,0,0,0,0,0,0,0,0,0,0,0,0,0,0,0,4.8472254399877e-05,0,0.000103261787297525,0,0,0,0,0,0,0
0,0,0,0,0,0,0,0,0,0,0,0,0,0,0,0,0,0,0,0,0,0,0,0,0,0,0,0,0,0,0,0.0013453224221525,0,0.283788228563964,0.0779148780311311,0.0080925861402394,0,0.00431623666255679,0.000165642851466504,0,0,0,0,0,0,0,0,0.000847028374777015,0,0,0,0,0,0,0,0,0,0,0,0,0,0,0,0,0,0,0,0,0,0,0,0,0,0,0,0,0,0.000186228290229656,0,0,0.00263030150957352,1.97571966884758e-05,4.39051043314793e-05,0,0,0,0
0,0,0,0,0,0,0,0,0,0,0,0,0,0,0,0,0,0,0,0,0,0,0,0,0,0,0,0,0,0,0,0,0.00132945686017455,0.084654103163408,0.385894803122435,0,0.00500328897829906,0,1.78761365532409e-05,0,0,0,0,0,0,0,0,0.000158602531449331,0,0,0,0,0,0,0,0,0,0,0,0,0,0,0,0,0,0,0,0,0,0,0,0,0,0,0,4.8472254399877e-05,0.000186228290229656,0,0,2.51014881942754e-05,0,0.000779488905768221,0.000233677309452769,0,0,0,0
0,0,0,4.32711274604657e-05,0,0,0,0,0,1.46451191370152e-05,0,0,0,0,0,0,8.04427976608185e-05,0.000552037971738749,0.00202983651353358,0,0,0,0,0,0,0,0,0,0,0,0,0.00078527631881422,0,0,0,0.0551107378263374,0.0201253005614489,0.00266124733236959,0,4.14727791297762e-05,0,0.000454573481303292,0,0.000562163705920286,0,0.00334408243834615,1.12508363851692e-06,0.0103699072698132,5.4321188514024e-05,0.00134080664528341,0,0,0,0,0,0,0,0,0,0,0,0,3.02810376740297e-05,0,0,0,0,0,0,0,0,0,0,0,4.87823551474989e-05,0,0,0,0,0.00561049367474943,0.00120780091494253,0,0.00609459996852731,8.92691161449673e-05,0.00386766077633958,2.17018177552532e-05,0
0,0,0,0,0,0,0,0,5.93309851171811e-06,0,0,0,0,0,0,0,0.00124156618632082,5.45951712810395e-05,0.00208579250237169,0,0,0,0,0,0,0,0,0,0,0,0,7.06941847074523e-05,0.000193767209516408,0,0.00010659876850355,0.00347730805628953,0.0450806525908187,0,0.00972653761526051,0,0.000614197657228537,0,0.000472308767130856,0,0.000124882243300355,0,0.00358359161658887,0.00549559546335979,0,7.16138297193016e-05,0,0,0,0,0,0,1.28432013088772e-06,0,0,0,0,0,0,3.75707670014869e-06,0,0,0,0,0,0,0,0,0,0,1.8892357306781e-05,0.000103261787297525,0,2.51014881942754e-05,0.00561049367474943,0,0,0.000583469216328014,0.00320731450193395,0.00116441863707238,0.00238749870379466,0,1.99706949984449e-05
0,0,0,0,0,0,0,0,0,4.32093767740189e-05,0,0,0,0,0,0,0,0,0,0,0,0.0010503887128395,0,0.00404205233176221,0,0,0,0,0,0,0,0,0,0.00097155229970864,0,0.00797514540940288,0,0.0752787234641584,0.000755995888617739,0,0,0,0,0,0,0,0,0,0,0.00165779429831173,0,0,0,0,0,3.01127369205635e-05,0,0,0,0,0,0,0,0,0,0,0.00792672948727649,0,0,0,0,0,0,0,0,0,0.00263030150957352,0,0.00120780091494253,0,0,0.00050344217035314,0.00127727067147427,2.70807801231558e-05,0,0,0
0.000703977276448625,0,1.2948949606659e-05,0,0,0,0,0,0,0,0,0,0,0,0,0,0,0,0,0,0,0,0.0021660773838056,0,0.00133390054800468,0,0,0,0.000180025190824394,0,0,0,0,0.0034053597350139,0.000266928680809827,0,0.00779467648393964,0.0125300339109384,0.0767451350736839,0,0,0,0.000401519474409745,0,0,0,0,4.19468078706472e-05,0.000142166449162252,0,0,0,0,0,7.01138698046727e-05,0,0,0,0,0,0,0,0,0,0,0.00423779334807409,0,0.008852369350778,0,0,0,0.000216319304983994,0,0,0,0,1.97571966884758e-05,0.000779488905768221,0,0.000583469216328014,0.00050344217035314,0,0.00473041106332697,0.000389446633035548,0.00211113658699237,0,0
0.00158159360320128,0.00195881474100163,0.00165795836241307,0.00153682416885851,0.00628856207984328,0.0180785573847122,0.00173427526271101,0.00204377900825885,0.00196299277270527,0.00623782407680368,8.45634184082728e-05,0.00185095143784951,7.95461451410463e-05,0.000835070536429049,0,0.00329368639322972,0.0205749734035322,0.0243899298908588,0.0160393353267427,2.17492623272633e-05,0.000534677549460374,0.00412459558783816,0.00723185164509858,0.00115309900359103,0.000448221815088885,0.000108116416913451,2.80976464132811e-05,0.00142685503935876,0.00132608017828273,0.00372749653664137,0.000250311259738541,0.000388776847118176,0.00104933252411696,0.000264667789906283,0.00076163745783611,0.011731625298974,0.0131164801707798,0.0105436567291838,0.011059871518593,0.000508506923877259,0.00215657768375439,0.0187851964578009,0.019267686429272,0.00249487127517702,0.00122928405048113,0.00417138594880624,0.00872678630876778,0.0339349401195308,0.00511029882147898,0.00796726846250537,3.5245508308911e-05,0.00068911775132214,0,0.00119274850627876,0.0004413474523055,0.00144979869032676,0.00063502007293457,0.000943017884704085,0,6.27324398203843e-05,0,0,6.08273584273403e-05,4.15815648947372e-05,0.00164381997588335,0.00481041836400568,0.000300949809207575,0.000758190066641034,3.67556089974908e-05,0,0.000154981255490841,0.00133673807180008,0.00185130874550663,0.000144743237452092,3.17071283212142e-05,0,4.39051043314793e-05,0.000233677309452769,0.00609459996852731,0.00320731450193395,0.00127727067147427,0.00473041106332697,0,0.046118358376259,0.0340901968051654,0.000548797019872851,0.000611854206823648
0,0.000175788444542393,0,0.000447643834225572,0.00621228489289324,0.00552355778424789,0.00875951521494831,9.73704351490562e-05,0,0.00080868638294278,0.0022303225112428,0.0041192013338713,0.0048110430593426,0.00151931573620562,0.000754110756536069,0.000104464385737394,0.0777714799901174,0.0522796521054855,5.03344690389796e-05,0,0,0.00162056357182724,0.0085374728104672,1.33977539908529e-06,0,0,0,0.0091116450591136,0.0107524513578376,0.00363419954935586,0.00203997703582036,0,0,1.36168591167341e-05,0,0.000353713174362154,0.00326008742446984,0.00190118454969139,0.000605019161733577,0,0,0.000170472203923995,7.84773544041516e-07,1.15170859027376e-05,0,2.19981858116047e-05,0,0,0,0,0,0,0,0,0,1.17843372333547e-05,0.000684234211825958,3.08244756353889e-05,0,0.000890796397037058,0,0,7.2299733334212e-07,0,5.7290503718832e-06,5.2505185289341e-05,1.5692187849432e-05,0,0,0,8.08941063140962e-05,0.00265007542082477,0.000835731347409456,0,0,0,0,0,8.92691161449673e-05,0.00116441863707238,2.70807801231558e-05,0.000389446633035548,0.046118358376259,0,0.000284178246797939,4.65766603256396e-06,0
