0,0,13.7593733841014,0,0,0,0,0,4.970777414347,0,0,0,0,0,10.2080817473562,0,35.8403296219675,42.9556579589844,15.5210379843386,0,0,0,0,0,0,0,0,0,0,0,0,0,0,0,0,0,52.7098731994629,0,0,0,29.6237635979286,0,9.36375478528581,0,5.30835419893265,0,6.12208938598633,0,6.29752576448084,0,0,0,0,0,3.10184617042542,0,19.5015956878662,0,3.71506472851368,0,4.05440240104993,0,0,23.9078842611874,0,0,0,2.95660662651062,0,0,0,0,0,21.7318639755249,0,0,0,0,0,34.4565880552251,0,26.7274783452352,9.77315105935528,0,9.32178146942802,0,3.82900547981262
0,0,0,4.97604929699617,0,0,0,0,0,4.51486517993771,0,0,0,0,0,3.23110025269645,49.943208694458,52.8823013305664,13.119776246784,0,0,0,0,12.8880033493042,0,0,0,0,0,0,0,0,0,0,0,0,0,21.2186367852347,0,29.0987224578857,0,18.3809965103944,0,6.83899286815098,36.6901016235352,29.12353515625,35.8524208068848,0,0,4.8901979914515,0,0,0,0,0,3.86341334506869,57.6838760375977,6.68152379989624,0,10.3864257335663,0,6.70331256888634,28.1712379455566,62.1207389831543,0,0,0,0,0,0,0,0,0,0,0,0,0,0,57.8205680847168,65.5635040283203,29.2765121459961,0,10.0472639107156,28.2819929122925,13.2574164336907,9.42642075323289,0
13.7593733841014,0,0,0,0,0,0,0,4.30182997963645,0,0,0,0,0,7.31860703229904,0,16.1252250671387,0,13.8155163129171,0,0,0,0,0,0,0,0,0,0,0,0,0,0,0,0,0,57.8105430603027,0,0,0,0,0,21.8778309710903,0,22.347339630127,0,50.4530410766602,0,9.84387385182911,0,7.72611875534058,0,0,0,0,0,20.6593938216771,0,3.39407834410667,0,4.1284316437585,0,0,28.1741499900818,0,0,0,0,0,0,0,0,0,25.0582454681396,0,0,0,0,0,40.3574951396269,0,30.72922706604,17.7124660440393,0,16.4089494266446,0,16.2540128295486
0,4.97604929699617,0,0,0,9.76353943123008,0,0,0,6.91754691941397,0,0,0,0,0,0,0,0,29.5609893798828,0,0,0,0,0,0,0,0,0,0,0,0,0,0,0,0,0,0,0,0,46.8584671020508,0,19.7760511261446,0,0,0,0,0,0,0,6.42609289471771,0,9.60955671946208,0,0,0,0,0,17.3417461415132,0,4.34563752651215,0,6.26747034560569,30.624018907547,0,0,0,0,0,0,0,0,0,33.4779292515346,0,0,0,0,0,15.8574131329854,0,38.8601570129395,0,16.0602687411494,23.533185005188,18.4525249982492,15.0615289784011,0
0,0,0,0,0,0,0,0,2.82127070426941,0,0,0,5.0805287361145,0,2.75057804584503,0,0,0,0,0,3.1938294172287,0,0,0,0,0,0,0,0,0,0,0,0,0,0,0,13.2733620593422,0,0,0,27.2305316925049,0,43.6303634643555,0,0,0,0,0,0,0,5.93474855808297,0,0,0,2.74598360061646,0,3.82710132598877,0,6.99836131504604,0,2.83583932876587,0,0,0,0,0,0,0,0,0,0,0,0,0,0,0,0,0,0,0,0,0,12.2184299871103,12.6691825866699,5.28627010378344,0,0
0,0,0,9.76353943123008,0,0,0,0,0,14.4603848457336,0,0,0,0,0,0,0,0,0,0,0,0,0,0,0,0,0,0,0,0,0,0,0,0,0,0,0,0,0,0,0,0,0,0,0,0,0,0,0,17.2914317448934,0,3.76477303812581,0,0,0,0,0,0,0,2.9466495513916,0,0,0,0,0,0,0,0,0,0,0,0,0,0,0,0,0,0,0,0,0,0,12.8420700522942,4.86374551487952,5.67416081994267,0,0
0,0,0,0,0,0,0,0,0,0,3.90679836273193,0,0,0,0,0,0,0,0,0,0,0,0,0,0,0,0,0,0,0,0,0,0,0,0,0,0,0,0,0,0,0,0,0,0,0,0,0,0,0,0,0,3.39472859596538,0,0,0,5.28592104381985,0,0,0,0,0,0,0,0,0,0,0,0,0,0,0,0,0,0,0,0,0,0,0,0,0,6.49589770180838,13.492486000061,14.4196236928304,0,0
0,0,0,0,0,0,0,0,0,0,0,0,0,0,0,0,0,0,0,0,0,0,0,0,0,0,0,0,0,0,0,0,0,0,0,0,0,0,0,0,0,0,0,0,0,0,0,0,0,0,0,3.19376633123115,0,2.85243243437547,0,0,0,3.65047442696311,0,3.58186793327332,0,0,0,0,0,0,0,0,0,0,0,0,0,0,0,0,0,0,0,0,0,0,0,0,0,0,0
4.970777414347,0,4.30182997963645,0,2.82127070426941,0,0,0,0,0,0,0,0,0,5.68499606158755,0,12.3990221915408,37.3296628952026,39.8479563395182,0,0,0,0,0,14.9186834474405,0,0,0,0,0,0,0,0,0,0,0,0,0,4.93298568990495,0,0,0,22.0876201629639,0,0,0,11.3866128921509,0,7.0244617603593,0,0,0,0,0,6.14317807316277,0,0,0,0,0,4.29627979128328,0,0,0,0,0,0,5.35850680867831,0,3.08752986907959,0,0,0,0,0,0,0,0,0,40.9083786010742,0,7.68636107444763,10.1766322162581,10.8739922605915,4.68161083677764,0,0
0,4.51486517993771,0,6.91754691941397,0,14.4603848457336,0,0,0,0,0,0,0,0,0,7.34058374271058,0,3.81079191930832,0,0,0,0,0,5.05874427556992,0,0,0,0,0,0,0,0,0,0,0,0,0,10.4965117658888,0,0,0,13.4199843207995,0,0,0,0,0,0,0,6.67405104637146,0,0,0,0,0,5.39413730627477,0,0,0,0,0,6.66402129469247,0,0,0,0,4.00350062847137,0,0,0,0,0,0,0,0,0,0,0,0,0,11.1038518347333,0,5.90259970334054,4.27730358600616,10.3609406191205,14.9013314247131,0
0,0,0,0,0,0,3.90679836273193,0,0,0,0,0,2.93712075551351,0,0,0,0,0,0,0,3.68037681121093,0,0,0,0,0,0,0,0,0,3.36911422014236,0,0,0,0,0,3.07909109246018,0,3.50324663671845,0,0,0,0,0,0,0,0,0,0,0,0,0,4.16217847192266,0,0,0,5.43496499499863,0,0,0,0,0,0,5.01244221462144,0,0,0,0,0,0,0,0,0,7.67186670228252,0,0,0,0,0,3.58673429489136,0,3.78847747908698,3.6655090052506,0,0,0,0
0,0,0,0,0,0,0,0,0,0,0,0,0,2.87144881486893,0,0,0,0,0,3.94029674348952,0,0,0,0,0,0,0,0,0,2.75295543670654,0,0,0,0,0,2.89218202952681,0,3.78643906311911,0,0,0,0,0,0,0,0,0,0,0,0,0,3.5353825367414,0,2.95754313468933,0,0,0,6.06846137249723,0,3.07961064129206,0,0,3.0947999159495,0,0,0,0,0,0,0,0,0,8.47661994781691,0,0,0,0,0,14.1484003067017,0,0,0,3.4694746600257,0,0,0,0
0,0,0,0,5.0805287361145,0,0,0,0,0,2.93712075551351,0,0,0,5.29241180419922,0,0,0,0,0,0,0,0,0,0,0,0,0,0,0,0,0,0,0,0,0,0,0,0,0,0,0,0,0,0,0,0,0,0,0,0,0,0,0,0,0,3.0421895980835,0,3.35180258473685,0,0,0,0,0,0,0,0,0,0,0,0,0,0,0,0,0,0,0,0,0,0,0,2.85220697096416,2.86314790957683,0,0,0
0,0,0,0,0,0,0,0,0,0,0,2.87144881486893,0,0,0,3.17088007926941,0,0,0,0,0,0,0,0,0,0,0,2.87595182657242,0,0,0,0,0,0,0,0,0,0,0,0,0,0,0,0,0,0,0,0,0,0,0,2.73542475700378,0,0,0,0,0,0,0,3.15756780571408,0,3.68110108990823,0,0,0,0,0,0,0,0,0,0,0,0,0,0,0,0,0,0,0,0,2.93299078345299,3.12464282634485,0,0,0
10.2080817473562,0,7.31860703229904,0,2.75057804584503,0,0,0,5.68499606158755,0,0,0,5.29241180419922,0,0,0,12.7062413957384,0,32.6555366516113,0,0,0,0,0,2.74784636497498,0,0,0,0,0,0,0,0,0,0,0,0,0,0,0,0,0,0,0,0,0,0,0,0,0,0,0,0,0,11.7904831621591,0,8.3654733486356,0,6.22444816837161,0,2.97876127922174,0,0,0,0,0,0,0,0,0,0,0,0,0,0,0,0,0,0,0,0,0,4.31331089564732,5.31204880277316,9.09742121398449,0,0
0,3.23110025269645,0,0,0,0,0,0,0,7.34058374271058,0,0,0,3.17088007926941,0,0,0,3.25120162963867,0,0,0,0,0,0,0,0,0,0,0,0,0,0,0,0,0,0,0,0,0,0,0,0,0,0,0,0,0,0,0,0,0,0,0,0,0,5.48350599044707,0,0,0,0,0,3.31155382096767,0,0,0,0,0,0,0,0,0,0,0,0,0,0,0,0,0,0,0,0,5.41050840275628,3.28588608003432,0,0,0
35.8403296219675,49.943208694458,16.1252250671387,0,0,0,0,0,12.3990221915408,0,0,0,0,0,12.7062413957384,0,0,23.4842251445462,29.4772857304397,0,0,10.982795715332,9.58693270082119,23.2048742294312,14.1390709774521,0,4.2989427597292,0,5.2267618338267,0,0,0,0,0,0,0,0,0,0,74.6798565673828,73.2596092224121,59.2402757917132,37.6246622258967,56.2726269086202,36.3386788898044,0,51.4473520278931,0,43.8171920776367,0,0,0,0,0,6.95472985506058,0,0,0,0,0,10.3776555225767,0,76.3935966491699,62.8923420906067,0,11.3868856430054,0,11.3522597659718,0,4.05305968012129,0,0,0,0,0,0,0,0,80.247275865995,68.0686667026618,67.8386077880859,0,17.3326138162205,7.04422790318586,48.2769569837919,51.6227283477783,34.1425952911377
42.9556579589844,52.8823013305664,0,0,0,0,0,0,37.3296628952026,3.81079191930832,0,0,0,0,0,3.25120162963867,23.4842251445462,0,22.996206266329,0,0,6.58701585416924,0,6.27924823440961,31.1816477179527,3.93820694435474,0,0,0,0,0,0,0,0,0,75.5838012695312,0,0,0,65.0519412812733,68.4745941162109,50.9230108763042,39.2994117736816,51.4377415730403,58.3482971191406,75.544506072998,51.9522023882185,0,0,0,0,0,0,0,0,0,58.5217018127441,0,0,0,0,0,66.8756275177002,74.9953454335531,4.03060334804011,0,4.92766579201347,0,3.41991030758825,0,0,0,0,0,0,0,0,0,76.1471400882887,74.9471620832171,31.6795717875163,0,15.2755119037379,5.61771323858214,55.2338486839743,47.5477174123128,35.5694541931152
15.5210379843386,13.119776246784,13.8155163129171,29.5609893798828,0,0,0,0,39.8479563395182,0,0,0,0,0,32.6555366516113,0,29.4772857304397,22.996206266329,0,0,43.3699836730957,0,0,0,46.7889506022135,0,0,0,0,0,0,0,0,0,0,59.9765201851174,57.7082585727467,0,0,39.9571760004217,39.7917385372505,21.7038543503722,17.2545143610124,18.4342634617648,14.7681219587935,36.2181947628657,21.9206116516273,48.9800430933634,17.7581987529993,29.1883776004498,0,58.9300422668457,0,0,0,0,28.2604872604896,25.8716813449202,0,0,0,0,45.4713225782963,41.3241377929381,0,0,0,0,0,0,0,0,23.6091194152832,27.3570702870687,0,0,0,0,47.6167233461189,44.5578447601769,34.4403100694929,34.5170329411825,18.3431940379398,38.6268345969064,23.4500462797677,21.8732199110636,17.5153095805741
0,0,0,0,0,0,0,0,0,0,0,3.94029674348952,0,0,0,0,0,0,0,0,0,0,0,0,0,0,0,0,0,0,0,0,0,0,0,6.25302702910347,0,4.30726679240432,0,0,0,50.869930267334,0,0,0,12.430455831381,0,55.7042427062988,0,0,0,15.4062471389771,0,0,0,0,0,4.82443708181381,0,0,0,0,3.65541469555693,0,0,0,0,0,0,0,0,0,0,0,0,0,0,0,5.31952297425943,0,11.3794348239899,0,5.75910491101882,0,10.8913234563974,0,0
0,0,0,0,3.1938294172287,0,0,0,0,0,3.68037681121093,0,0,0,0,0,0,0,43.3699836730957,0,0,0,0,0,0,0,0,0,0,0,0,0,0,0,0,0,4.12360457147871,0,3.06471368471781,0,20.8521238962809,0,33.8397979736328,0,18.2526264190674,0,7.76971419652303,0,0,0,7.97009173723368,0,0,0,0,0,6.67914208547701,0,16.0291728973389,0,0,0,0,5.20113891491982,0,0,0,0,0,0,0,0,0,10.2155569458008,0,0,0,0,0,6.5987808746951,0,2.99128538370132,5.4965219452696,0,6.48230109874867,0,0
0,0,0,0,0,0,0,0,0,0,0,0,0,0,0,0,10.982795715332,6.58701585416924,0,0,0,0,4.89693646533515,4.10952467461155,0,3.1147902052978,0,2.79898413022359,0,0,0,0,0,0,0,0,0,7.37348721542476,0,0,0,0,0,0,0,0,0,0,0,10.5406647788154,0,0,0,0,0,24.1858863830566,0,0,0,0,0,0,0,0,4.54288809140313,4.07349189122518,4.7327562769254,0,2.96998928722582,0,4.85969505331065,0,0,0,0,0,0,0,0,0,8.09392202616819,0,4.09934061213776,4.85836124420166,0,0,0
0,0,0,0,0,0,0,0,0,0,0,0,0,0,0,0,9.58693270082119,0,0,0,0,4.89693646533515,0,0,13.4801120758057,0,3.26423659107902,0,3.27038567944577,0,0,0,0,0,0,0,0,3.69654603799184,3.31393142972976,0,0,0,0,0,0,0,0,0,4.69083738327026,0,0,0,0,0,0,0,0,0,0,0,0,0,0,0,8.72782810529073,4.86793840573629,0,0,0,3.2273906980242,0,3.52774845470082,0,0,0,0,0,0,0,0,0,4.26539671059811,4.4184926867485,7.51649584770203,0,0,0
0,12.8880033493042,0,0,0,0,0,0,0,5.05874427556992,0,0,0,0,0,0,23.2048742294312,6.27924823440961,0,0,0,4.10952467461155,0,0,0,0,0,0,0,0,0,0,0,0,0,0,0,7.58819165877354,0,0,0,0,0,0,0,0,0,0,0,0,0,0,0,0,0,5.08932765084084,0,0,0,0,0,0,0,0,4.31775221316772,0,3.78095756611142,0,0,0,0,0,0,0,0,0,0,0,0,0,5.55570958037822,0,5.86263920695095,8.24424457550049,10.5106275876363,0,0
0,0,0,0,0,0,0,0,14.9186834474405,0,0,0,0,0,2.74784636497498,0,14.1390709774521,31.1816477179527,46.7889506022135,0,0,0,13.4801120758057,0,0,0,0,0,0,0,0,0,0,0,0,0,0,0,3.36161763808307,0,0,0,0,0,0,0,0,0,5.22597843629342,0,0,0,0,0,4.32567631121365,0,0,0,0,0,3.46256892383099,0,0,0,0,0,0,3.7141172919713,0,3.16223833864967,0,0,0,0,0,0,0,0,0,0,0,10.2365545271528,7.74581353557415,0,7.98758561035682,0,0
0,0,0,0,0,0,0,0,0,0,0,0,0,0,0,0,0,3.93820694435474,0,0,0,3.1147902052978,0,0,0,0,0,3.07780656814575,0,0,0,0,0,0,0,0,0,0,0,0,0,0,0,0,0,0,0,0,0,0,0,0,0,0,0,0,0,0,0,0,0,0,0,0,3.19850854078929,0,4.64116287231445,0,3.17738382021586,0,0,0,0,0,0,0,0,0,0,0,0,0,0,0,0,0,0
0,0,0,0,0,0,0,0,0,0,0,0,0,0,0,0,4.2989427597292,0,0,0,0,0,3.26423659107902,0,0,0,0,0,5.5211945126454,0,0,0,0,0,0,0,0,0,0,0,0,0,0,0,0,0,0,0,0,0,0,0,0,0,0,0,0,0,0,0,3.1662003993988,0,0,0,0,4.06584956429221,0,0,0,3.44285498274134,0,0,0,0,0,0,0,0,0,0,0,0,3.57615118026733,4.4339017868042,0,0,0
0,0,0,0,0,0,0,0,0,0,0,0,0,2.87595182657242,0,0,0,0,0,0,0,2.79898413022359,0,0,0,3.07780656814575,0,0,0,3.44208766912159,0,0,0,0,0,0,0,3.28050403161482,0,0,0,0,0,0,0,0,0,0,0,0,0,0,0,0,0,0,0,0,0,3.24965528880849,0,0,0,0,2.8678645170652,0,0,0,2.93499510481551,0,3.15208387952629,0,5.32487828067586,0,0,0,0,0,0,0,4.40660991668701,0,2.90580478081336,3.07697090712733,0,0,0
0,0,0,0,0,0,0,0,0,0,0,0,0,0,0,0,5.2267618338267,0,0,0,0,0,3.27038567944577,0,0,0,5.5211945126454,0,0,0,3.0161997887396,0,0,0,0,0,0,0,2.9145473241806,0,0,0,0,0,0,0,0,0,0,0,0,0,0,0,0,0,0,0,3.756432056427,0,0,0,0,0,0,4.01275777816772,0,0,0,8.24407386779785,0,3.24487425843064,0,3.04926919262364,0,0,0,0,0,0,0,2.99175226688385,2.99647248784701,2.95921564102173,0,0,0
0,0,0,0,0,0,0,0,0,0,0,2.75295543670654,0,0,0,0,0,0,0,0,0,0,0,0,0,0,0,3.44208766912159,0,0,0,0,0,0,0,0,0,3.05471680959066,0,0,0,0,0,0,0,0,0,0,0,0,0,0,0,0,0,0,0,4.90130109257168,0,0,0,0,0,0,0,0,0,0,0,0,3.16022720557964,0,6.20573449627638,0,0,0,0,0,0,0,4.67829898525687,0,0,0,0,0,0
0,0,0,0,0,0,0,0,0,0,3.36911422014236,0,0,0,0,0,0,0,0,0,0,0,0,0,0,0,0,0,3.0161997887396,0,0,0,0,0,0,0,0,0,3.1565067086901,0,0,0,0,0,0,0,0,0,0,0,0,0,0,0,0,0,0,0,0,0,0,0,0,0,0,0,0,0,0,0,0,3.1807563106219,0,3.6508115000195,0,0,0,0,0,0,0,3.56237574627525,3.16955208778381,0,0,0,0
0,0,0,0,0,0,0,0,0,0,0,0,0,0,0,0,0,0,0,0,0,0,0,0,0,0,0,0,0,0,0,0,3.26417279508379,0,2.82455190022786,6.5787310801612,9.97577524185181,0,0,0,12.200831413269,0,0,0,0,0,0,5.19822514700905,10.5243502193027,0,0,0,0,0,0,0,0,0,0,0,0,0,0,0,0,0,0,0,0,0,0,0,0,0,4.10638834855025,3.461558216023,5.10771429538727,0,13.2520484678274,0,0,0,3.167378204972,0,0,0,0
0,0,0,0,0,0,0,0,0,0,0,0,0,0,0,0,0,0,0,0,0,0,0,0,0,0,0,0,0,0,0,3.26417279508379,0,0,6.53112538655599,0,5.40773159300375,0,0,14.9561328887939,6.62680697441101,0,0,0,0,0,0,5.70581453735751,5.43604793813494,0,0,0,0,0,0,0,0,0,0,0,0,0,0,0,0,0,0,0,0,0,0,0,0,0,4.69669389724731,3.92399466721551,0,0,13.597726504008,12.5478908881335,0,0,3.23524704763481,0,0,0,0
0,0,0,0,0,0,0,0,0,0,0,0,0,0,0,0,0,0,0,0,0,0,0,0,0,0,0,0,0,0,0,0,0,0,3.63253149888773,3.84519635785011,0,3.35726900100708,3.33098822832108,0,0,0,6.71333484649658,0,0,0,0,4.9534726956401,0,0,0,0,0,0,0,0,0,0,0,0,0,0,0,0,0,0,0,0,0,0,0,0,0,0,2.96455264091492,0,3.89926303914669,4.71283117883013,5.56048243408961,0,3.98386771542176,3.16917753219604,3.76773867152986,4.17956141063145,6.55767366160517,0,0
0,0,0,0,0,0,0,0,0,0,0,0,0,0,0,0,0,0,0,0,0,0,0,0,0,0,0,0,0,0,0,2.82455190022786,6.53112538655599,3.63253149888773,0,2.90278434753418,5.34355733842196,0,4.82421784622725,0,0,5.91236186027527,0,0,0,0,0,5.14054649667315,0,0,0,0,0,0,0,0,0,0,0,0,0,0,0,0,0,0,0,0,0,0,0,0,0,0,0,0,3.21440538515647,5.28898942405586,5.80847263336182,8.92183427744442,0,4.78175395974717,3.67704633430198,0,4.10298371315002,0,0
0,0,0,0,0,0,0,0,0,0,0,2.89218202952681,0,0,0,0,0,75.5838012695312,59.9765201851174,6.25302702910347,0,0,0,0,0,0,0,0,0,0,0,6.5787310801612,0,3.84519635785011,2.90278434753418,0,3.95812549750675,4.89811284482424,0,19.9196759064992,0,42.6368557000772,18.8104085420307,52.0367571512858,0,21.0596185780067,0,11.8663128085675,0,24.2965618201665,0,0,0,0,0,0,0,2.95675678190842,0,0,0,0,12.5693097491916,0,0,0,0,0,0,0,0,0,0,0,5.84907051319248,9.47890499659947,5.29561440371934,0,8.75440672388319,6.67027787192837,11.9324278370821,0,5.10629235324935,4.18771378372027,30.7614742716153,43.5328926358904,19.1541576385498
52.7098731994629,0,57.8105430603027,0,13.2733620593422,0,0,0,0,0,3.07909109246018,0,0,0,0,0,0,0,57.7082585727467,0,4.12360457147871,0,0,0,0,0,0,0,0,0,0,9.97577524185181,5.40773159300375,0,5.34355733842196,3.95812549750675,0,4.00297770500183,5.03271540187607,0,0,89.888313293457,49.2985523768834,84.4501419067383,61.3625907897949,0,34.7675457000732,4.68144268534157,52.7863222757975,0,0,0,0,0,0,0,28.7824325561523,0,0,0,0,0,0,15.8983492977917,0,0,0,0,0,0,0,0,0,0,11.8122584025065,4.42047185462619,0,10.0706192566468,10.9386573335399,7.15907518414738,0,8.14711237126921,5.08878165012085,6.71326191010682,11.3023318759231,0,47.6302879333496
0,21.2186367852347,0,0,0,0,0,0,0,10.4965117658888,0,3.78643906311911,0,0,0,0,0,0,0,4.30726679240432,0,7.37348721542476,3.69654603799184,7.58819165877354,0,0,0,3.28050403161482,0,3.05471680959066,0,0,0,3.35726900100708,0,4.89811284482424,4.00297770500183,0,4.95048926093362,0,0,14.9520473480225,16.8867638905843,0,0,16.4207731352912,0,6.59798579511389,0,5.7430235944036,0,0,0,0,0,14.6987183195479,0,4.42317168485551,0,0,0,0,15.0100936889648,0,3.78146071914289,0,8.1642493021141,0,0,0,4.48772890131238,0,6.33391967979637,0,0,0,9.66195273552185,0,8.40967740312949,0,5.50015314196894,2.90395629405975,5.58793630372179,5.89972970664605,7.63681533119895,16.9391768773397,0
0,0,0,0,0,0,0,0,4.93298568990495,0,3.50324663671845,0,0,0,0,0,0,0,0,0,3.06471368471781,0,3.31393142972976,0,3.36161763808307,0,0,0,2.9145473241806,0,3.1565067086901,0,0,3.33098822832108,4.82421784622725,0,5.03271540187607,4.95048926093362,0,0,0,0,0,0,0,0,0,3.98345894346605,7.26992321165143,0,0,0,0,0,7.29370029467457,0,3.23503902743134,0,0,0,0,0,0,3.91105416428809,0,4.18680342999133,0,4.45285303374521,0,6.73602771759033,0,16.2960501909256,0,3.14987819724613,0,0,0,3.98723220530851,0,9.43482147444789,4.02796188990275,5.26540842534821,4.47559098920352,3.6729264495609,5.52792722948136,0,0
0,29.0987224578857,0,46.8584671020508,0,0,0,0,0,0,0,0,0,0,0,0,74.6798565673828,65.0519412812733,39.9571760004217,0,0,0,0,0,0,0,0,0,0,0,0,0,14.9561328887939,0,0,19.9196759064992,0,0,0,0,18.1833528280258,20.3752481181563,43.8860094547272,29.8387459841642,65.260890007019,19.4339146148868,60.8060241112342,8.65173989890987,10.0284157172493,5.27800262981581,0,0,0,0,0,0,0,40.3631821309239,0,0,0,45.4535369873047,16.3327608108521,70.9271708897182,0,0,0,0,0,0,0,0,44.0642632877125,0,0,0,0,0,17.8951810215296,73.6488651476408,3.83606213331223,0,44.759452556309,0,18.2305671106013,18.7558566273236,81.9472045898438
29.6237635979286,0,0,0,27.2305316925049,0,0,0,0,0,0,0,0,0,0,0,73.2596092224121,68.4745941162109,39.7917385372505,0,20.8521238962809,0,0,0,0,0,0,0,0,0,0,12.200831413269,6.62680697441101,0,0,0,0,0,0,18.1833528280258,0,41.1169198354085,21.1627961752291,38.2940444946289,29.9909331406219,0,15.7803204082748,9.03994689587348,4.59492764219774,18.9360983967781,0,0,0,0,0,0,34.5151429971059,0,0,0,0,0,0,28.4255985008491,0,0,0,0,0,0,0,0,0,32.7129402160645,14.5011177062988,0,0,0,62.8063163757324,12.5586534689936,71.7161712646484,0,44.6525058168353,0,14.5769302262901,0,16.8050048837498
0,18.3809965103944,0,19.7760511261446,0,0,0,0,0,13.4199843207995,0,0,0,0,0,0,59.2402757917132,50.9230108763042,21.7038543503722,50.869930267334,0,0,0,0,0,0,0,0,0,0,0,0,0,0,5.91236186027527,42.6368557000772,89.888313293457,14.9520473480225,0,20.3752481181563,41.1169198354085,0,9.19472081209562,21.1727820011072,47.0824520111084,21.9174305886933,33.2415565490723,10.9700882410762,13.8786252945188,14.7260689600049,0,32.4143594440661,0,0,0,8.86770725250244,0,13.5496403364574,0,25.5046073368617,0,25.8445402781169,22.5580716971513,55.9409221013387,0,0,0,0,0,0,0,0,11.7273185014725,0,0,0,0,0,27.0720912643594,65.1306662926307,23.9665075029646,0,16.311375262821,42.9648102055425,11.9539924413372,11.7037846849372,10.0459760576487
9.36375478528581,0,21.8778309710903,0,43.6303634643555,0,0,0,22.0876201629639,0,0,0,0,0,0,0,37.6246622258967,39.2994117736816,17.2545143610124,0,33.8397979736328,0,0,0,0,0,0,0,0,0,0,0,0,6.71333484649658,0,18.8104085420307,49.2985523768834,16.8867638905843,0,43.8860094547272,21.1627961752291,9.19472081209562,0,47.9746055603027,12.4546988843435,0,8.47664670927828,7.04054337857184,11.595162108557,15.4621660881042,35.7245674133301,0,0,0,0,0,15.5687788989357,0,0,0,0,0,0,26.3377102928417,0,0,0,0,0,0,0,0,0,14.6181231553738,0,0,0,0,43.7033753646047,26.2498778911726,0,21.865479850769,16.5141309643229,37.0615065892537,12.108964908875,8.0606561978658,8.23742742210854
0,6.83899286815098,0,0,0,0,0,0,0,0,0,0,0,0,0,0,56.2726269086202,51.4377415730403,18.4342634617648,0,0,0,0,0,0,0,0,0,0,0,0,0,0,0,0,52.0367571512858,84.4501419067383,0,0,29.8387459841642,38.2940444946289,21.1727820011072,47.9746055603027,0,22.1446678638458,41.4136667251587,43.1045083999634,0,0,0,0,0,0,0,0,0,60.7521514892578,0,0,0,0,0,33.2679460525513,57.1498677870807,0,0,0,0,0,0,0,0,0,0,0,0,0,0,33.9514842368776,63.3265210787455,28.9573831558228,0,26.5301697109685,0,14.2836239433289,27.4897146224976,0
5.30835419893265,36.6901016235352,22.347339630127,0,0,0,0,0,0,0,0,0,0,0,0,0,36.3386788898044,58.3482971191406,14.7681219587935,0,18.2526264190674,0,0,0,0,0,0,0,0,0,0,0,0,0,0,0,61.3625907897949,0,0,65.260890007019,29.9909331406219,47.0824520111084,12.4546988843435,22.1446678638458,0,0,12.4086880404898,0,53.5325546264648,0,0,0,0,0,0,0,40.8287143707275,0,0,0,0,0,0,29.5809089418442,0,0,0,0,0,0,0,0,0,0,0,0,0,0,58.4530754089355,34.9485581874847,0,25.6870365142822,13.459930242054,0,20.5718797629788,34.4695539474487,20.9549207687378
0,29.12353515625,0,0,0,0,0,0,0,0,0,0,0,0,0,0,0,75.544506072998,36.2181947628657,12.430455831381,0,0,0,0,0,0,0,0,0,0,0,0,0,0,0,21.0596185780067,0,16.4207731352912,0,19.4339146148868,0,21.9174305886933,0,41.4136667251587,0,0,0,0,0,29.048023223877,0,0,0,0,0,0,0,35.0250960514463,0,0,0,0,8.42271430051389,0,0,0,0,0,0,0,0,0,35.676012078921,0,0,0,0,0,23.5572277237869,72.5183410644531,14.6640245514428,0,42.5788561503092,0,18.8272888043488,0,0
6.12208938598633,35.8524208068848,50.4530410766602,0,0,0,0,0,11.3866128921509,0,0,0,0,0,0,0,51.4473520278931,51.9522023882185,21.9206116516273,0,7.76971419652303,0,0,0,0,0,0,0,0,0,0,0,0,0,0,0,34.7675457000732,0,0,60.8060241112342,15.7803204082748,33.2415565490723,8.47664670927828,43.1045083999634,12.4086880404898,0,0,0,23.1357917785645,47.8005409240723,0,0,0,0,0,0,16.559840965271,0,0,0,0,0,51.9615077972412,14.0447817443351,0,0,0,0,0,0,0,0,0,19.9266300201416,0,0,0,0,62.9270877838135,22.2554840183922,0,16.0426178819993,22.0928125181956,0,16.6116382666488,45.1972306569417,26.0131791432699
0,0,0,0,0,0,0,0,0,0,0,0,0,0,0,0,0,0,48.9800430933634,55.7042427062988,0,0,0,0,0,0,0,0,0,0,0,5.19822514700905,5.70581453735751,4.9534726956401,5.14054649667315,11.8663128085675,4.68144268534157,6.59798579511389,3.98345894346605,8.65173989890987,9.03994689587348,10.9700882410762,7.04054337857184,0,0,0,0,0,6.9559052049646,6.63456369840131,0,0,0,0,0,0,0,0,0,0,0,0,0,22.5349655151367,0,0,0,0,0,0,0,0,0,0,5.97681468647914,6.07418824716942,3.0539006392161,5.0813765887464,11.0165378386521,6.80419839528891,3.42128318150838,4.63503710961228,8.2522872989973,46.3256016969681,8.11575548971394,24.6143390655518,20.2776032361117
6.29752576448084,0,9.84387385182911,0,0,0,0,0,7.0244617603593,0,0,0,0,0,0,0,43.8171920776367,0,17.7581987529993,0,0,0,4.69083738327026,0,5.22597843629342,0,0,0,0,0,0,10.5243502193027,5.43604793813494,0,0,0,52.7863222757975,0,7.26992321165143,10.0284157172493,4.59492764219774,13.8786252945188,11.595162108557,0,53.5325546264648,0,23.1357917785645,6.9559052049646,0,9.83012326836513,0,0,0,0,8.71646742759996,0,11.9856805914924,0,4.03652358055115,0,4.05325848084909,0,0,21.5137991471724,0,4.67264815327112,0,4.02988995258625,0,4.63819468021393,0,14.9160079860687,0,5.36488151550293,8.88604297309086,3.36423707008362,0,0,0,13.3001081205147,0,8.9982108146469,11.5252248509095,0,7.62991503996465,0,13.0492517514662
0,4.8901979914515,0,6.42609289471771,0,17.2914317448934,0,0,0,6.67405104637146,0,0,0,0,0,0,0,0,29.1883776004498,0,0,10.5406647788154,0,0,0,0,0,0,0,0,0,0,0,0,0,24.2965618201665,0,5.7430235944036,0,5.27800262981581,18.9360983967781,14.7260689600049,15.4621660881042,0,0,29.048023223877,47.8005409240723,6.63456369840131,9.83012326836513,0,0,34.6338718414307,0,0,0,0,0,16.8202042659124,0,4.54550457808931,0,4.84488579782389,27.9121786223518,66.5297164916992,9.52083072662353,0,0,0,0,0,3.36055340766907,0,26.8044157028198,0,8.09025708560286,0,29.4371776580811,0,9.09120564845418,0,5.20791077859623,0,11.5184216937515,34.392063776652,10.0866614346226,11.0223390158121,12.4282975196838
0,0,7.72611875534058,0,5.93474855808297,0,0,0,0,0,0,0,0,0,0,0,0,0,0,0,7.97009173723368,0,0,0,0,0,0,0,0,0,0,0,0,0,0,0,0,0,0,0,0,0,35.7245674133301,0,0,0,0,0,0,0,0,0,0,0,0,0,7.37819909732252,0,5.23645723953129,0,5.67205281484695,0,0,8.46968997608532,0,0,0,0,0,0,0,0,0,0,0,0,0,0,0,0,0,0,0,0,10.7414361391312,0,0
0,0,0,9.60955671946208,0,3.76477303812581,0,3.19376633123115,0,0,0,3.5353825367414,0,2.73542475700378,0,0,0,0,58.9300422668457,15.4062471389771,0,0,0,0,0,0,0,0,0,0,0,0,0,0,0,0,0,0,0,0,0,32.4143594440661,0,0,0,0,0,0,0,34.6338718414307,0,0,0,3.2181608171174,0,0,0,8.96323827832763,0,4.4143146787371,0,3.51579803520149,26.7669353485107,0,0,0,0,0,0,0,0,0,0,0,0,0,0,0,0,0,0,0,27.4114347759046,5.19300770759583,9.74877608105062,27.6404319763184,0
0,0,0,0,0,0,3.39472859596538,0,0,0,4.16217847192266,0,0,0,0,0,0,0,0,0,0,0,0,0,0,0,0,0,0,0,0,0,0,0,0,0,0,0,0,0,0,0,0,0,0,0,0,0,0,0,0,0,0,0,0,0,4.17779751964237,0,0,0,0,0,0,0,0,0,0,0,0,0,0,0,0,0,0,0,0,0,0,0,0,0,3.72623106837273,0,0,0,0
0,0,0,0,0,0,0,2.85243243437547,0,0,0,2.95754313468933,0,0,0,0,0,0,0,0,0,0,0,0,0,0,0,0,0,0,0,0,0,0,0,0,0,0,0,0,0,0,0,0,0,0,0,0,0,0,0,3.2181608171174,0,0,0,0,0,3.52890330893653,0,3.02346408367157,0,0,0,0,0,0,0,0,0,0,0,0,0,0,0,0,0,0,0,0,0,0,0,0,0,0,0
3.10184617042542,0,0,0,2.74598360061646,0,0,0,6.14317807316277,0,0,0,0,0,11.7904831621591,0,6.95472985506058,0,0,0,0,0,0,0,4.32567631121365,0,0,0,0,0,0,0,0,0,0,0,0,0,7.29370029467457,0,0,0,0,0,0,0,0,0,8.71646742759996,0,0,0,0,0,0,0,0,0,0,0,6.93300941777626,0,0,0,0,0,0,5.76516072405634,0,5.01227307319641,0,0,0,0,0,0,0,0,0,0,0,7.49985142451961,13.5587917912838,16.4343616607341,8.71439210626463,0,0
0,3.86341334506869,0,0,0,0,0,0,0,5.39413730627477,0,0,0,0,0,5.48350599044707,0,0,0,0,0,24.1858863830566,0,5.08932765084084,0,0,0,0,0,0,0,0,0,0,0,0,0,14.6987183195479,0,0,0,8.86770725250244,0,0,0,0,0,0,0,0,0,0,0,0,0,0,0,0,0,0,0,4.85323925018311,0,0,0,0,6.03000790802474,0,0,0,0,0,0,0,0,0,0,0,0,0,10.4215140532184,0,7.31071021080017,0,13.9720791407994,0,0
19.5015956878662,57.6838760375977,20.6593938216771,0,3.82710132598877,0,5.28592104381985,0,0,0,5.43496499499863,0,3.0421895980835,0,8.3654733486356,0,0,58.5217018127441,28.2604872604896,0,6.67914208547701,0,0,0,0,0,0,0,0,0,0,0,0,0,0,0,28.7824325561523,0,3.23503902743134,0,34.5151429971059,0,15.5687788989357,60.7521514892578,40.8287143707275,0,16.559840965271,0,11.9856805914924,0,7.37819909732252,0,4.17779751964237,0,0,0,0,0,4.01703685903861,0,6.3395981326032,0,0,10.5423642735363,0,0,0,0,0,0,0,0,0,5.14567846006739,0,0,0,0,80.8654899597168,30.1846439149645,0,15.0248413767133,19.0993641025719,0,11.8862481790926,0,13.7631466954947
0,6.68152379989624,0,17.3417461415132,0,0,0,3.65047442696311,0,0,0,6.06846137249723,0,0,0,0,0,0,25.8716813449202,4.82443708181381,0,0,0,0,0,0,0,0,0,4.90130109257168,0,0,0,0,0,2.95675678190842,0,4.42317168485551,0,40.3631821309239,0,13.5496403364574,0,0,0,35.0250960514463,0,0,0,16.8202042659124,0,8.96323827832763,0,3.52890330893653,0,0,0,0,0,4.28376398734676,0,29.926623249054,19.9524095233281,0,0,0,0,0,4.72660541534424,0,3.78348913500386,0,6.67430904291678,0,0,0,0,0,50.3723398844401,0,13.0757253170013,0,21.5289536203657,49.5560922622681,8.77326256139994,16.0471591949463,0
3.71506472851368,0,3.39407834410667,0,6.99836131504604,0,0,0,0,0,0,0,3.35180258473685,0,6.22444816837161,0,0,0,0,0,16.0291728973389,0,0,0,0,0,0,0,3.756432056427,0,0,0,0,0,0,0,0,0,0,0,0,0,0,0,0,0,0,0,4.03652358055115,0,5.23645723953129,0,0,0,0,0,4.01703685903861,0,0,0,4.42842702027206,0,0,0,0,0,0,0,0,0,0,4.08452172840343,0,0,0,0,0,0,0,0,0,0,0,2.96304786205292,5.79044644037883,0,0
0,10.3864257335663,0,4.34563752651215,0,2.9466495513916,0,3.58186793327332,0,0,0,3.07961064129206,0,3.15756780571408,0,0,0,0,0,0,0,0,0,0,0,0,0,3.24965528880849,0,0,0,0,0,0,0,0,0,0,0,0,0,25.5046073368617,0,0,0,0,0,0,0,4.54550457808931,0,4.4143146787371,0,3.02346408367157,0,0,0,4.28376398734676,0,0,0,3.46124561627706,0,0,0,0,0,0,3.5828001499176,0,3.82729881150382,0,0,0,0,0,0,0,0,0,0,0,3.79898265874164,2.74208815892537,7.45750094205141,16.9567530155182,0
4.05440240104993,0,4.1284316437585,0,2.83583932876587,0,0,0,4.29627979128328,0,0,0,0,0,2.97876127922174,0,10.3776555225767,0,0,0,0,0,0,0,3.46256892383099,0,3.1662003993988,0,0,0,0,0,0,0,0,0,0,0,0,0,0,0,0,0,0,0,0,0,4.05325848084909,0,5.67205281484695,0,0,0,6.93300941777626,0,6.3395981326032,0,4.42842702027206,0,0,0,0,0,0,0,0,4.29487219682107,0,3.37336288452148,0,0,0,0,0,0,0,0,0,0,0,0,3.75462680290907,0,10.2158907413483,0,23.7289714813232
0,6.70331256888634,0,6.26747034560569,0,0,0,0,0,6.66402129469247,0,0,0,3.68110108990823,0,3.31155382096767,0,0,0,0,0,0,0,0,0,0,0,0,0,0,0,0,0,0,0,0,0,0,0,45.4535369873047,0,25.8445402781169,0,0,0,0,0,0,0,4.84488579782389,0,3.51579803520149,0,0,0,4.85323925018311,0,29.926623249054,0,3.46124561627706,0,0,0,0,0,0,0,0,2.74685478210449,0,0,0,0,0,0,0,0,0,0,0,0,0,12.2211057637867,0,18.3196674648084,18.4288751162015,0
0,28.1712379455566,0,30.624018907547,0,0,0,0,0,0,0,3.0947999159495,0,0,0,0,76.3935966491699,66.8756275177002,45.4713225782963,3.65541469555693,0,0,0,0,0,0,0,0,0,0,0,0,0,0,0,12.5693097491916,0,15.0100936889648,0,16.3327608108521,0,22.5580716971513,0,33.2679460525513,0,8.42271430051389,51.9615077972412,0,0,27.9121786223518,0,26.7669353485107,0,0,0,0,0,19.9524095233281,0,0,0,0,0,0,0,0,0,0,0,0,0,0,23.1137465643227,0,0,0,0,0,10.1728314555352,86.1179122924805,11.1992133158558,0,49.7285164197286,0,15.2691317004392,44.1749839782715,0
23.9078842611874,62.1207389831543,28.1741499900818,0,0,0,0,0,0,0,5.01244221462144,0,0,0,0,0,62.8923420906067,74.9953454335531,41.3241377929381,0,5.20113891491982,0,0,0,0,0,0,0,0,0,0,0,0,0,0,0,15.8983492977917,0,3.91105416428809,70.9271708897182,28.4255985008491,55.9409221013387,26.3377102928417,57.1498677870807,29.5809089418442,0,14.0447817443351,22.5349655151367,21.5137991471724,66.5297164916992,8.46968997608532,0,0,0,0,0,10.5423642735363,0,0,0,0,0,0,0,0,0,0,0,0,0,0,0,0,15.4966850073441,0,0,0,0,77.2631432669503,18.4692741934285,0,7.06448147625759,33.206681617101,0,14.5590626577219,0,32.3089030981064
0,0,0,0,0,0,0,0,0,0,0,0,0,0,0,0,0,4.03060334804011,0,0,0,4.54288809140313,8.72782810529073,4.31775221316772,0,3.19850854078929,0,2.8678645170652,0,0,0,0,0,0,0,0,0,3.78146071914289,0,0,0,0,0,0,0,0,0,0,0,9.52083072662353,0,0,0,0,0,0,0,0,0,0,0,0,0,0,0,0,3.34182287612051,0,3.05978756749691,0,5.9433149368205,0,0,0,0,0,0,0,0,0,6.62304386201572,0,3.31822364706742,0,0,0,0
0,0,0,0,0,0,0,0,0,0,0,0,0,0,0,0,11.3868856430054,0,0,0,0,4.07349189122518,4.86793840573629,0,0,0,4.06584956429221,0,4.01275777816772,0,0,0,0,0,0,0,0,0,4.18680342999133,0,0,0,0,0,0,0,0,0,4.67264815327112,0,0,0,0,0,0,0,0,0,0,0,0,0,0,0,0,0,0,0,0,7.85792601156749,0,5.91281830858101,0,0,0,0,0,0,0,0,0,4.55983414649963,4.7952551394701,2.85310018062592,0,0,0
0,0,0,0,0,0,0,0,0,4.00350062847137,0,0,0,0,0,0,0,4.92766579201347,0,0,0,4.7327562769254,0,3.78095756611142,0,4.64116287231445,0,0,0,0,0,0,0,0,0,0,0,8.1642493021141,0,0,0,0,0,0,0,0,0,0,0,0,0,0,0,0,0,6.03000790802474,0,0,0,0,0,0,0,0,3.34182287612051,0,0,0,0,0,0,0,0,0,0,0,0,0,0,0,5.11039004257747,0,4.20626991037009,0,8.99305786795941,0,0
2.95660662651062,0,0,0,0,0,0,0,5.35850680867831,0,0,0,0,0,0,0,11.3522597659718,0,0,0,0,0,0,0,3.7141172919713,0,0,0,0,0,0,0,0,0,0,0,0,0,4.45285303374521,0,0,0,0,0,0,0,0,0,4.02988995258625,0,0,0,0,0,5.76516072405634,0,0,0,0,0,4.29487219682107,0,0,0,0,0,0,0,0,3.80936479568481,0,0,0,0,0,0,0,0,0,0,0,8.07336337390271,3.70135586297334,0,7.8752420936312,0,0
0,0,0,0,0,0,0,0,0,0,0,0,0,0,0,0,0,3.41991030758825,0,0,0,2.96998928722582,0,0,0,3.17738382021586,0,2.93499510481551,0,0,0,0,0,0,0,0,0,0,0,0,0,0,0,0,0,0,0,0,0,0,0,0,0,0,0,0,0,4.72660541534424,0,3.5828001499176,0,2.74685478210449,0,0,3.05978756749691,0,0,0,0,0,3.6352816918691,0,0,0,0,0,0,0,0,0,0,0,0,0,0,0,0
0,0,0,0,0,0,0,0,3.08752986907959,0,0,0,0,0,0,0,4.05305968012129,0,0,0,0,0,3.2273906980242,0,3.16223833864967,0,3.44285498274134,0,8.24407386779785,0,0,0,0,0,0,0,0,0,6.73602771759033,0,0,0,0,0,0,0,0,0,4.63819468021393,0,0,0,0,0,5.01227307319641,0,0,0,0,0,3.37336288452148,0,0,0,0,7.85792601156749,0,3.80936479568481,0,0,0,4.24030443004795,0,0,0,0,0,0,0,0,0,6.30112171173096,4.5877839922905,3.37430834770203,0,0,0
0,0,0,0,0,0,0,0,0,0,0,0,0,0,0,0,0,0,0,0,0,4.85969505331065,0,0,0,0,0,3.15208387952629,0,3.16022720557964,0,0,0,0,0,0,0,4.48772890131238,0,0,0,0,0,0,0,0,0,0,0,3.36055340766907,0,0,0,0,0,0,0,3.78348913500386,0,3.82729881150382,0,0,0,0,5.9433149368205,0,0,0,3.6352816918691,0,0,0,7.87777946464103,0,0,0,0,0,0,0,8.19536118367139,0,2.93576253087897,2.91411085495582,0,0,0
0,0,0,0,0,0,0,0,0,0,0,0,0,0,0,0,0,0,0,0,0,0,3.52774845470082,0,0,0,0,0,3.24487425843064,0,3.1807563106219,0,0,0,0,0,0,0,16.2960501909256,0,0,0,0,0,0,0,0,0,14.9160079860687,0,0,0,0,0,0,0,0,0,4.08452172840343,0,0,0,0,0,0,5.91281830858101,0,0,0,4.24030443004795,0,0,0,5.47941160202026,0,0,0,0,0,0,0,15.8671075820923,2.96871308237314,2.96113967895508,0,0,0
0,0,0,33.4779292515346,0,0,0,0,0,0,0,8.47661994781691,0,0,0,0,0,0,23.6091194152832,0,0,0,0,0,0,0,0,5.32487828067586,0,6.20573449627638,0,0,0,0,0,0,0,6.33391967979637,0,44.0642632877125,0,11.7273185014725,0,0,0,35.676012078921,0,0,0,26.8044157028198,0,0,0,0,0,0,0,6.67430904291678,0,0,0,0,23.1137465643227,0,0,0,0,0,0,0,7.87777946464103,0,0,0,0,0,0,0,0,0,4.5211452952886,0,21.8284168243408,0,13.085883996139,0,0
21.7318639755249,0,25.0582454681396,0,0,0,0,0,0,0,7.67186670228252,0,0,0,0,0,0,0,27.3570702870687,0,10.2155569458008,0,0,0,0,0,0,0,3.04926919262364,0,3.6508115000195,0,0,0,0,0,0,0,3.14987819724613,0,32.7129402160645,0,14.6181231553738,0,0,0,19.9266300201416,0,5.36488151550293,0,0,0,0,0,0,0,5.14567846006739,0,0,0,0,0,0,15.4966850073441,0,0,0,0,0,0,0,5.47941160202026,0,0,0,0,0,0,0,41.7898530960083,0,5.22877146812548,19.9988508345717,0,7.18784526636903,0,14.9876672343204
0,0,0,0,0,0,0,0,0,0,0,0,0,0,0,0,0,0,0,0,0,0,0,0,0,0,0,0,0,0,0,4.10638834855025,4.69669389724731,2.96455264091492,0,5.84907051319248,11.8122584025065,0,0,0,14.5011177062988,0,0,0,0,0,0,5.97681468647914,8.88604297309086,8.09025708560286,0,0,0,0,0,0,0,0,0,0,0,0,0,0,0,0,0,0,0,0,0,0,0,0,0,4.68824550083705,7.58804211949789,0,6.78854043687342,13.8610763549805,0,0,3.17591684929868,0,0,0,0
0,0,0,0,0,0,0,0,0,0,0,0,0,0,0,0,0,0,0,0,0,0,0,0,0,0,0,0,0,0,0,3.461558216023,3.92399466721551,0,0,9.47890499659947,4.42047185462619,0,0,0,0,0,0,0,0,0,0,6.07418824716942,3.36423707008362,0,0,0,0,0,0,0,0,0,0,0,0,0,0,0,0,0,0,0,0,0,0,0,0,0,4.68824550083705,0,0,7.28286820448279,12.203838745753,8.18019151113119,0,0,3.29644524582923,0,0,0,0
0,0,0,0,0,0,0,0,0,0,0,0,0,0,0,0,0,0,0,0,0,0,0,0,0,0,0,0,0,0,0,5.10771429538727,0,3.89926303914669,3.21440538515647,5.29561440371934,0,9.66195273552185,0,0,0,0,0,0,0,0,0,3.0539006392161,0,29.4371776580811,0,0,0,0,0,0,0,0,0,0,0,0,0,0,0,0,0,0,0,0,0,0,0,0,7.58804211949789,0,0,4.68741781248463,5.57046843074841,0,6.44391518878785,0,4.77465085422291,0,0,0,0
0,0,0,0,0,0,0,0,0,0,0,0,0,0,0,0,0,0,0,0,0,0,0,0,0,0,0,0,0,0,0,0,0,4.71283117883013,5.28898942405586,0,10.0706192566468,0,3.98723220530851,0,0,0,0,0,0,0,0,5.0813765887464,0,0,0,0,0,0,0,0,0,0,0,0,0,0,0,0,0,0,0,0,0,0,0,0,0,0,0,7.28286820448279,4.68741781248463,0,0,9.87304476064349,0,4.08424764531359,3.93997507625156,0,20.6392078399658,0,0
0,57.8205680847168,0,15.8574131329854,0,0,0,0,0,0,0,14.1484003067017,0,0,0,0,80.247275865995,76.1471400882887,47.6167233461189,5.31952297425943,0,0,0,0,0,0,0,0,0,0,0,13.2520484678274,13.597726504008,5.56048243408961,5.80847263336182,8.75440672388319,10.9386573335399,8.40967740312949,0,17.8951810215296,62.8063163757324,27.0720912643594,43.7033753646047,33.9514842368776,58.4530754089355,23.5572277237869,62.9270877838135,11.0165378386521,0,9.09120564845418,0,0,0,0,0,0,80.8654899597168,50.3723398844401,0,0,0,0,10.1728314555352,77.2631432669503,0,0,0,0,0,0,0,0,0,0,6.78854043687342,12.203838745753,5.57046843074841,0,0,21.7602096413666,9.23262917169605,0,25.4853780019944,5.91090712547302,21.6480950284393,31.7468336088975,49.7947870890299
34.4565880552251,65.5635040283203,40.3574951396269,0,0,0,0,0,40.9083786010742,0,3.58673429489136,0,0,0,0,0,68.0686667026618,74.9471620832171,44.5578447601769,0,6.5987808746951,0,0,0,0,0,0,0,0,0,0,0,12.5478908881335,0,8.92183427744442,6.67027787192837,7.15907518414738,0,9.43482147444789,73.6488651476408,12.5586534689936,65.1306662926307,26.2498778911726,63.3265210787455,34.9485581874847,72.5183410644531,22.2554840183922,6.80419839528891,13.3001081205147,0,0,0,0,0,0,0,30.1846439149645,0,0,0,0,0,86.1179122924805,18.4692741934285,0,0,0,0,0,0,0,0,0,41.7898530960083,13.8610763549805,8.18019151113119,0,9.87304476064349,21.7602096413666,0,0,8.46151735739981,18.8938582637815,3.16948533058167,24.7066544805107,60.4982719421387,29.1512037677529
0,29.2765121459961,0,38.8601570129395,0,0,0,0,0,11.1038518347333,0,0,0,0,0,0,67.8386077880859,31.6795717875163,34.4403100694929,11.3794348239899,0,8.09392202616819,0,5.55570958037822,0,0,0,4.40660991668701,0,4.67829898525687,0,0,0,3.98386771542176,0,11.9324278370821,0,5.50015314196894,4.02796188990275,3.83606213331223,71.7161712646484,23.9665075029646,0,28.9573831558228,0,14.6640245514428,0,3.42128318150838,0,5.20791077859623,0,0,0,0,0,10.4215140532184,0,13.0757253170013,0,0,0,0,11.1992133158558,0,6.62304386201572,0,5.11039004257747,0,0,0,8.19536118367139,0,4.5211452952886,0,0,0,6.44391518878785,0,9.23262917169605,0,0,0,6.6789221215461,8.11540766159693,10.1374841279793,21.4978032112122,0
26.7274783452352,0,30.72922706604,0,0,0,0,0,7.68636107444763,0,3.78847747908698,0,0,0,0,0,0,0,34.5170329411825,0,2.99128538370132,0,4.26539671059811,0,10.2365545271528,0,0,0,2.99175226688385,0,3.56237574627525,0,0,3.16917753219604,4.78175395974717,0,8.14711237126921,2.90395629405975,5.26540842534821,0,0,0,21.865479850769,0,25.6870365142822,0,16.0426178819993,4.63503710961228,8.9982108146469,0,0,0,0,0,7.49985142451961,0,15.0248413767133,0,0,0,0,0,0,7.06448147625759,0,4.55983414649963,0,8.07336337390271,0,6.30112171173096,0,15.8671075820923,0,5.22877146812548,0,0,0,4.08424764531359,0,8.46151735739981,0,0,7.6758612957798,2.91976529359818,21.3831112926657,0,19.4421983198686
9.77315105935528,10.0472639107156,17.7124660440393,16.0602687411494,12.2184299871103,12.8420700522942,6.49589770180838,0,10.1766322162581,5.90259970334054,3.6655090052506,3.4694746600257,2.85220697096416,2.93299078345299,4.31331089564732,5.41050840275628,17.3326138162205,15.2755119037379,18.3431940379398,5.75910491101882,5.4965219452696,4.09934061213776,4.4184926867485,5.86263920695095,7.74581353557415,0,3.57615118026733,2.90580478081336,2.99647248784701,0,3.16955208778381,3.167378204972,3.23524704763481,3.76773867152986,3.67704633430198,5.10629235324935,5.08878165012085,5.58793630372179,4.47559098920352,44.759452556309,44.6525058168353,16.311375262821,16.5141309643229,26.5301697109685,13.459930242054,42.5788561503092,22.0928125181956,8.2522872989973,11.5252248509095,11.5184216937515,0,27.4114347759046,3.72623106837273,0,13.5587917912838,7.31071021080017,19.0993641025719,21.5289536203657,0,3.79898265874164,3.75462680290907,12.2211057637867,49.7285164197286,33.206681617101,3.31822364706742,4.7952551394701,4.20626991037009,3.70135586297334,0,4.5877839922905,2.93576253087897,2.96871308237314,21.8284168243408,19.9988508345717,3.17591684929868,3.29644524582923,4.77465085422291,3.93997507625156,25.4853780019944,18.8938582637815,6.6789221215461,7.6758612957798,0,5.3436947021539,16.561946263484,14.6487201592018,14.0088315399326
0,28.2819929122925,0,23.533185005188,12.6691825866699,4.86374551487952,13.492486000061,0,10.8739922605915,4.27730358600616,0,0,2.86314790957683,3.12464282634485,5.31204880277316,3.28588608003432,7.04422790318586,5.61771323858214,38.6268345969064,0,0,4.85836124420166,7.51649584770203,8.24424457550049,0,0,4.4339017868042,3.07697090712733,2.95921564102173,0,0,0,0,4.17956141063145,0,4.18771378372027,6.71326191010682,5.89972970664605,3.6729264495609,0,0,42.9648102055425,37.0615065892537,0,0,0,0,46.3256016969681,0,34.392063776652,0,5.19300770759583,0,0,16.4343616607341,0,0,49.5560922622681,2.96304786205292,2.74208815892537,0,0,0,0,0,2.85310018062592,0,0,0,3.37430834770203,2.91411085495582,2.96113967895508,0,0,0,0,0,0,5.91090712547302,3.16948533058167,8.11540766159693,2.91976529359818,5.3436947021539,0,27.228247855572,36.0892019271851,36.9521217346191
