0,0,0.208096711921232,0,0,0,0,0,0.163229466236513,0,0,0,0.259917461369411,0,0.197102236633117,0,0.273647175288536,0.28645146265626,0.252293894094402,0,0,0,0,0,0.272361339707124,0,0.191252820193768,0,0,0,0,0,0,0,0,0,0,0,0.227984199874869,0,0.324333183169365,0,0.280821627097113,0,0.31102063258489,0.300485052168369,0.322418984511624,0,0.290685354662275,0,0,0,0,0,0.261775693575604,0,0.282280101017518,0,0.284157590354399,0,0.191212477783362,0,0,0,0,0,0,0.238106633005577,0,0.275014260411263,0,0.299389603572923,0,0.355662000431141,0,0,0,0,0.289559245109558,0.355229479074478,0,0.361739176015059,0.295885136859952,0,0.314019276847924,0,0
0,0,0,0.187799563448803,0,0,0,0,0,0.183849716697026,0,0,0,0,0,0.299809962511063,0.305930435657501,0.27857281267643,0.291533948574215,0,0,0,0,0.259948495823221,0,0,0,0,0,0,0,0,0,0,0,0,0,0.270564329703297,0,0.320050044971354,0.281913630167643,0.265172505196724,0.219540007412434,0.275253759050856,0,0.267854883716415,0.274050291465676,0,0,0.331153286831631,0,0,0,0,0,0.169598242395035,0,0.305946509009179,0,0.326368436217308,0,0.217692212809708,0.331558133002187,0,0,0,0.27750764785239,0,0.337444692850113,0,0.319748615846038,0,0.331969005077775,0,0,0,0,0,0.33884023411094,0.319262582808733,0.241417362485255,0,0.313363163235089,0,0.305455125943499,0.265381783246994,0.245892703533173
0.208096711921232,0,0,0,0.148371370775359,0,0,0,0.168786629199049,0,0,0,0.222209811210632,0,0.171330699324608,0,0,0.263094753026962,0.272882327437401,0,0,0,0,0,0,0,0,0,0,0,0,0,0,0,0,0,0.242539276679357,0,0.280428290367126,0,0.279152876231819,0,0.271323993419007,0,0.29005426490629,0.275706380605698,0.289076952470673,0,0.193694777609337,0,0.244560650507219,0,0,0,0.177243110222176,0,0.283039849100074,0,0.275202085077763,0,0.22514564822839,0,0,0.250841304659843,0,0,0,0,0,0.25639620423317,0,0.278174090757966,0,0.331230618556341,0,0,0,0,0,0.247846437127967,0,0.238755649753979,0.230774033270173,0.2024095505476,0.261171055795029,0,0.244503051042557
0,0.187799563448803,0,0,0,0.180919269720713,0,0,0,0.179916403912041,0,0,0,0,0,0.236483222113387,0.28584502140681,0.272809118032455,0.253952348232269,0.227911731600761,0,0,0,0.340339004993439,0,0,0,0,0,0,0,0,0,0,0,0.220633565595275,0.212087914347649,0.35802798718214,0,0.243665691126477,0.262429377436638,0.256626233206195,0.233389064669609,0.280328441362876,0,0.233390067190659,0.260914752880732,0.28877304494381,0,0.247839613217758,0,0.158069459721446,0,0,0,0.186434120808044,0,0.246490250834647,0,0.248934472600619,0,0.226241830265836,0.258093626052141,0,0,0,0,0,0,0,0.255282782018185,0,0.298449560378989,0,0,0,0,0,0.225465328773347,0.336560636758804,0.289964650074641,0,0.225704941802359,0.206757619976997,0.241118520652293,0.257656823843718,0
0,0,0.148371370775359,0,0,0,0,0,0.152239101597025,0,0,0,0,0,0,0,0,0,0,0,0,0,0,0,0,0,0,0,0,0,0,0,0,0,0,0,0,0,0,0,0,0,0,0,0,0,0,0,0,0,0.137870417616796,0,0,0,0.153315382138375,0,0.155253928899765,0,0,0,0,0,0,0,0,0,0,0,0,0,0,0,0,0,0,0,0,0,0,0,0,0,0.179665801580995,0,0.151970859761386,0,0
0,0,0,0.180919269720713,0,0,0,0.137481842399313,0,0,0,0,0,0,0,0,0,0,0,0,0,0,0,0,0,0,0,0,0,0,0,0,0,0,0,0.192422866821289,0,0,0,0,0,0,0,0,0,0,0,0,0,0,0,0.141234788098442,0,0.144250929479798,0,0,0,0,0,0.192419275641441,0,0.142384938895702,0,0,0,0,0,0,0,0,0,0,0,0,0,0,0,0,0.181207176297903,0,0,0,0.211387664192897,0.144060686230659,0.176364623010159,0,0
0,0,0,0,0,0,0,0,0,0,0,0,0,0,0,0,0,0,0,0,0,0,0,0,0,0,0,0,0,0,0,0,0,0,0,0,0,0,0,0,0,0,0,0,0,0,0,0,0,0,0.165021727482478,0,0.226241989992559,0,0,0,0.217175492584854,0,0.200604528188705,0,0,0,0,0,0,0,0,0,0,0,0,0,0,0,0,0,0,0,0,0,0,0,0,0,0,0,0
0,0,0,0,0,0.137481842399313,0,0,0,0,0,0,0,0.187414959073067,0,0,0,0,0,0,0,0,0,0,0,0,0,0,0,0,0,0,0,0,0,0,0,0,0,0,0,0,0,0,0,0,0,0,0,0,0,0.132091568851912,0,0.130434142699575,0,0,0,0,0,0.20447576516553,0,0,0,0,0,0,0,0,0,0,0,0,0,0,0,0,0,0,0,0,0,0,0.126443764920297,0,0,0,0
0.163229466236513,0,0.168786629199049,0,0.152239101597025,0,0,0,0,0,0,0,0.1801687926054,0,0.254807869362277,0,0.195339582501012,0,0.296337389632275,0,0,0,0,0,0.24911306879104,0,0,0,0,0,0,0,0,0,0,0,0,0,0.229240280247494,0,0.260143661628599,0.257625430822372,0.266342676942917,0,0.243899911642075,0.256392508745193,0.272495321356333,0.269635617733002,0.2452213117759,0,0.177975829968702,0,0,0,0.168533644222833,0,0.21492981262829,0,0.223899621229905,0,0.229258543811738,0,0,0,0,0,0,0.189169325188893,0,0,0,0.33999942275493,0,0.376407202426344,0,0,0,0,0,0.224717944860458,0,0.28295206843779,0.253540212904745,0.199397280812263,0.254377748725223,0,0.267640948295593
0,0.183849716697026,0,0.179916403912041,0,0,0,0,0,0,0,0,0,0,0,0.187154360601436,0,0.15769252744163,0.242603377749523,0,0,0,0,0.241612157370481,0,0.29659158885479,0,0,0,0,0,0,0,0,0,0,0,0.220656496669174,0,0.251527424042041,0,0.282143691895713,0,0.247369628399611,0,0.265292579025933,0.288986057043076,0,0,0.249737138378209,0,0,0,0,0,0.143323602003344,0,0.301591114835306,0,0.210470693952897,0,0.175450063617536,0,0,0,0,0.247669770424046,0,0,0,0.284981973469257,0,0.347348927141935,0,0,0,0,0,0.304866513237357,0,0.283722300082445,0,0.235637803725987,0.234214935451746,0.316432743943655,0.219138160347939,0
0,0,0,0,0,0,0,0,0,0,0,0,0.162355835437775,0,0,0,0,0,0,0,0.146792276203632,0,0,0,0,0,0,0,0,0,0.16686423303503,0,0,0,0,0,0.178964638766253,0,0.147528367300688,0,0,0,0,0,0,0,0,0,0,0,0,0,0,0,0,0,0.188940453526746,0,0.140811789905308,0,0,0,0,0.13376422271584,0,0,0,0,0,0,0,0,0,0.162606255585949,0,0,0,0,0,0,0,0.180855363607407,0.142166074828722,0,0,0,0
0,0,0,0,0,0,0,0,0,0,0,0,0,0.242599202180976,0,0,0,0,0,0.197828018536361,0,0,0,0,0,0,0,0.269785398946089,0,0.137402591605981,0,0,0,0,0,0.252770516503734,0,0.156021315943111,0,0,0,0,0,0,0,0,0,0,0,0,0,0,0,0,0,0,0,0.166598929739787,0,0.227663899891646,0,0,0.238287570445161,0,0,0,0,0,0,0,0.268507024470498,0,0.170747880510685,0,0,0,0,0,0,0,0,0,0.241406724036098,0.176880095477985,0.245172026008368,0,0
0.259917461369411,0,0.222209811210632,0,0,0,0,0,0.1801687926054,0,0.162355835437775,0,0,0,0.185373065061867,0,0,0,0,0,0,0,0,0,0,0,0,0,0.149959042668343,0,0,0,0,0,0,0,0,0,0,0,0,0,0,0,0,0,0,0,0,0,0,0,0,0,0,0,0.250991865992546,0,0.202408551550277,0,0,0,0,0,0,0,0,0,0,0,0,0.198209632792183,0,0,0,0,0,0,0,0,0,0,0.173306942499917,0.184238766630491,0,0,0
0,0,0,0,0,0,0,0.187414959073067,0,0,0,0.242599202180976,0,0,0,0.187170749432162,0,0,0,0,0,0,0,0.205117489282901,0,0.22678767386582,0,0.253770117038562,0,0.246986512094736,0,0,0,0,0,0,0,0,0,0,0,0,0,0,0,0,0,0,0,0,0,0,0,0,0,0,0,0.225440604819192,0,0.219809264863242,0,0,0,0,0,0,0,0,0.220078616230576,0,0.214127562195063,0,0.235111714977967,0,0,0,0,0,0,0,0,0,0.199374483698713,0.158681108232807,0,0,0
0.197102236633117,0,0.171330699324608,0,0,0,0,0,0.254807869362277,0,0,0,0.185373065061867,0,0,0,0,0,0,0,0,0,0,0,0.258265758368456,0,0,0,0,0,0,0,0,0,0,0,0,0,0.271107709833554,0,0,0,0,0,0,0,0,0,0.177905949950218,0,0,0,0,0,0,0,0,0,0.174716621637344,0,0.166502163690679,0,0,0,0,0,0,0,0,0,0,0,0,0,0,0,0,0,0,0,0,0.264966987901264,0.241405067344507,0,0.235232159495354,0,0
0,0.299809962511063,0,0.236483222113387,0,0,0,0,0,0.187154360601436,0,0,0,0.187170749432162,0,0,0,0,0,0,0,0,0,0.201497203537396,0,0.222356810428128,0,0,0,0,0,0,0,0,0,0,0,0,0,0,0,0.250670075416565,0,0,0,0,0,0,0,0.279331067526663,0,0,0,0,0,0.250324547290802,0,0.290524035692215,0,0.280631206929684,0,0.173771148338852,0,0,0,0,0,0,0.216433271044685,0,0,0,0.326010286808014,0,0,0,0,0,0,0,0,0,0.190799025893211,0,0,0,0
0.273647175288536,0.305930435657501,0,0.28584502140681,0,0,0,0,0.195339582501012,0,0,0,0,0,0,0,0,0.178801768196305,0.262741151937879,0,0.432643443346024,0,0.108824157376181,0,0.278644875933727,0,0.178416294517455,0,0,0,0,0,0,0,0,0,0,0.439020395278931,0.291918659210205,0.310936811779227,0.351784892479579,0.264548056151556,0.304222383751319,0.263737291097641,0,0.319915037430672,0.306151966124136,0,0.319732093811035,0.283338685830434,0,0,0,0,0,0,0.236498415470123,0,0,0,0,0,0.372568706671397,0.331830943624179,0,0.107144860720093,0,0.297283977270126,0,0.167505018413067,0,0.36932552754879,0.311724103987217,0.36805594485739,0,0,0,0,0.34666707739234,0.37464749198599,0.331645947537924,0.400855922928223,0.202168372870421,0.117123651281586,0.369044922683364,0.223273977637291,0.289564478397369
0.28645146265626,0.27857281267643,0.263094753026962,0.272809118032455,0,0,0,0,0,0.15769252744163,0,0,0,0,0,0,0.178801768196305,0,0.28542627847453,0,0,0.139478639871986,0,0.259281760410351,0,0.167865252666241,0,0.171345686503485,0,0,0,0,0,0,0,0,0,0.278544606640935,0,0.284820134542426,0.331632612044351,0.26292269704182,0.289938278658235,0.250605200727781,0,0.295515716972957,0.296953320856622,0,0,0.278942409157753,0,0,0,0,0,0.290352672338486,0,0.318111697832743,0,0,0,0,0.350424485547202,0.286577343940735,0.140188306570053,0,0,0,0.155230524284499,0,0,0.330522522330284,0.313901207663796,0.336024871468544,0,0,0,0,0.309521085535637,0.355635114784898,0.31615464837333,0.362939092848036,0.178247194546631,0.133858997682909,0.327199923604789,0.27047580918845,0.275031919280688
0.252293894094402,0.291533948574215,0.272882327437401,0.253952348232269,0,0,0,0,0.296337389632275,0.242603377749523,0,0,0,0,0,0,0.262741151937879,0.28542627847453,0,0.331539285182953,0,0,0,0,0,0,0,0,0,0,0,0,0,0,0,0,0,0.363688778809526,0.307886116206646,0.258944439207948,0.316566359099561,0.21919260174036,0.25480241915191,0.244665421545506,0.19677947089076,0.306902692868868,0.31156364634694,0,0.31587463816007,0.260175238314428,0,0,0,0,0.295028835535049,0.24107135583957,0.277679249644279,0.309230060449668,0.302646666765213,0,0,0,0.36489398530419,0.298949734160775,0,0,0,0,0,0,0.304693683981895,0.334538268772039,0.338089273657118,0.363003083083728,0,0,0,0,0.308601887436368,0.361323420775303,0.305712123168632,0.379872946482566,0.24598613823764,0,0.322555698511363,0.224756020402151,0.221089656208898
0,0,0,0.227911731600761,0,0,0,0,0,0,0,0.197828018536361,0,0,0,0,0,0,0.331539285182953,0,0,0,0,0,0,0,0,0,0,0.233468286693096,0,0,0,0,0,0.232922088459716,0,0.252481027490578,0,0,0,0.289718747138977,0,0,0,0.327071269974113,0.31963038444519,0,0,0.402240931987762,0,0,0,0,0,0,0,0.15462883003056,0,0,0,0,0.216246697819181,0,0,0,0,0,0,0,0,0,0.246582919359207,0,0,0,0,0,0.247627673073197,0,0.268254421296574,0,0.196231171775803,0,0.265655325733216,0,0
0,0,0,0,0,0,0,0,0,0,0.146792276203632,0,0,0,0,0,0.432643443346024,0,0,0,0,0,0,0,0,0,0,0,0,0,0,0,0,0,0,0,0.198163621410181,0,0.132874001418391,0,0,0,0,0,0,0,0.273614589211553,0,0,0,0.156010001897812,0,0,0,0.157159745693207,0,0.144957082771829,0,0,0,0,0,0,0.15585045869857,0,0,0,0,0,0,0,0,0,0,0,0,0,0,0,0.275652623458489,0,0.258254379034042,0.156582863526601,0,0.25433411772805,0,0
0,0,0,0,0,0,0,0,0,0,0,0,0,0,0,0,0,0.139478639871986,0,0,0,0,0.101349314317009,0.229346943398317,0,0.165417727828026,0,0.191529759533808,0,0,0,0,0,0,0,0,0,0.351124654835556,0,0,0,0,0,0,0,0,0,0.427300274372101,0,0.500499219032536,0,0,0,0,0,0,0,0,0,0,0,0,0,0,0.187143056597392,0,0.112938334650182,0,0,0,0,0,0,0,0,0,0,0,0,0,0.410259371544135,0,0.119053219254158,0.136199569418317,0,0,0
0,0,0,0,0,0,0,0,0,0,0,0,0,0,0,0,0.108824157376181,0,0,0,0,0.101349314317009,0,0,0.201531643280759,0,0.156952777079173,0,0.238312194802502,0,0,0,0,0,0,0,0,0,0.255432639188622,0,0,0,0,0,0,0,0,0,0.376143311123763,0,0,0,0,0,0,0,0,0,0,0,0,0,0,0,0,0.198001997539513,0,0.195646941661835,0,0,0,0.260498510673642,0,0,0,0,0,0,0,0,0,0.344850939021146,0.138890893848163,0.153183960219224,0,0,0
0,0.259948495823221,0,0.340339004993439,0,0,0,0,0,0.241612157370481,0,0,0,0.205117489282901,0,0.201497203537396,0,0.259281760410351,0,0,0,0.229346943398317,0,0,0,0.269726625978685,0,0,0,0,0,0,0,0,0,0,0,0.291749937374924,0,0,0,0.149899875124296,0,0.345181345939636,0,0.306380331516266,0,0.372422203421593,0,0.364952216253561,0,0,0,0,0,0.321017771959305,0,0,0,0.209890380501747,0,0.289202558852377,0,0,0.176146274831678,0,0.222416834742354,0,0.225385222584009,0,0,0,0,0,0,0,0,0,0,0,0.303155810893083,0,0.254646601883892,0.241195346144113,0.232127740553447,0,0
0.272361339707124,0,0,0,0,0,0,0,0.24911306879104,0,0,0,0,0,0.258265758368456,0,0.278644875933727,0,0,0,0,0,0.201531643280759,0,0,0,0.17875989569085,0,0,0,0,0,0,0,0,0,0,0,0.288908558245963,0,0,0,0.259751707315445,0,0,0,0,0.328020378947258,0.317920527546792,0,0,0,0,0,0.290539360954426,0,0,0,0,0,0.286570706963539,0,0,0,0,0.146243125200272,0,0.245235816237106,0,0.191650838751229,0,0.270725235342979,0,0,0,0,0,0,0,0,0,0.288994366948591,0.260692251447839,0.238378917177518,0.270358844846487,0,0
0,0,0,0,0,0,0,0,0,0.29659158885479,0,0,0,0.22678767386582,0,0.222356810428128,0,0.167865252666241,0,0,0,0.165417727828026,0,0.269726625978685,0,0,0,0,0,0,0,0,0,0,0,0,0,0.248656528364671,0,0,0,0,0,0,0,0,0,0,0,0,0,0,0,0,0,0,0,0,0,0.217613542718547,0,0.217046428522835,0,0,0.142550573009869,0,0,0,0.152468556012863,0,0,0,0,0,0,0,0,0,0,0,0.287202949204096,0,0.252390350241746,0.311712354421616,0,0,0
0.191252820193768,0,0,0,0,0,0,0,0,0,0,0,0,0,0,0,0.178416294517455,0,0,0,0,0,0.156952777079173,0,0.17875989569085,0,0,0,0,0,0,0,0,0,0,0,0,0,0.25516214966774,0,0,0,0,0,0,0,0,0,0,0,0,0,0,0,0,0,0,0,0,0,0.192066980259759,0,0,0,0,0,0,0,0,0.181718857372052,0,0,0,0,0,0,0,0,0,0,0,0.280556410551071,0.198017401594511,0,0,0,0
0,0,0,0,0,0,0,0,0,0,0,0.269785398946089,0,0.253770117038562,0,0,0,0.171345686503485,0,0,0,0.191529759533808,0,0,0,0,0,0,0,0.227914513456516,0,0,0,0,0,0,0,0.251459597831681,0,0,0,0,0,0,0,0,0,0,0,0,0,0,0,0,0,0,0,0,0,0.232622240483761,0,0,0,0,0.151193510981337,0,0,0,0,0,0.224614714041673,0,0.211682662367821,0,0,0,0,0,0,0,0.151714235544205,0,0.202198920898067,0.173686997248576,0,0,0
0,0,0,0,0,0,0,0,0,0,0,0,0.149959042668343,0,0,0,0,0,0,0,0,0,0.238312194802502,0,0,0,0,0,0,0,0.157676590910924,0,0,0,0,0,0,0,0.248727100258673,0,0,0,0,0,0,0,0,0,0,0,0,0,0,0,0,0,0.209653586149216,0,0,0,0,0,0,0,0,0.299274027347565,0,0,0,0.30067024131616,0,0.217425316669545,0,0.196791923046112,0,0,0,0,0,0,0,0.263041876662861,0.159989496922656,0.176311751206716,0,0,0
0,0,0,0,0,0,0,0,0,0,0,0.137402591605981,0,0.246986512094736,0,0,0,0,0,0.233468286693096,0,0,0,0,0,0,0,0.227914513456516,0,0,0,0,0,0,0,0,0,0.205857978990445,0,0,0,0,0,0,0,0,0,0,0,0,0,0,0,0,0,0,0,0.140029265855749,0,0,0,0,0.242639467120171,0,0,0,0,0,0,0,0.191745845414698,0,0.161737308043022,0,0,0,0,0,0,0,0.165217648852955,0,0.209455307228146,0.182281936208407,0,0,0
0,0,0,0,0,0,0,0,0,0,0.16686423303503,0,0,0,0,0,0,0,0,0,0,0,0,0,0,0,0,0,0.157676590910924,0,0,0,0,0,0,0,0,0,0.162957275867325,0,0,0,0,0,0,0,0,0,0,0,0,0,0,0,0,0,0.244948130345693,0,0,0,0,0,0,0,0,0,0,0,0,0,0,0.200596762245627,0,0.228570225901685,0,0,0,0,0,0,0,0.232307138956255,0.152814928515285,0,0,0,0
0,0,0,0,0,0,0,0,0,0,0,0,0,0,0,0,0,0,0,0,0,0,0,0,0,0,0,0,0,0,0,0,0.15051843936837,0,0,0.244728805195718,0,0,0,0,0,0,0,0,0,0,0,0.17277456012019,0,0,0,0,0,0,0,0,0,0,0,0,0,0,0,0,0,0,0,0,0,0,0,0,0,0,0.155872791036963,0,0,0,0.230182750007281,0,0,0,0.155790679255463,0,0,0,0
0,0,0,0,0,0,0,0,0,0,0,0,0,0,0,0,0,0,0,0,0,0,0,0,0,0,0,0,0,0,0,0.15051843936837,0,0,0.333863555940892,0,0.263858459424227,0,0,0,0,0,0,0,0,0,0,0.328417952162811,0.366004606088003,0,0,0,0,0,0,0,0,0,0,0,0,0,0,0,0,0,0,0,0,0,0,0,0,0,0.122632977552712,0.194405829697325,0,0.390502630518033,0,0.269824761744938,0,0,0.165034561203076,0,0,0,0
0,0,0,0,0,0,0,0,0,0,0,0,0,0,0,0,0,0,0,0,0,0,0,0,0,0,0,0,0,0,0,0,0,0,0.15732378894844,0.150691071152687,0,0.354783998004028,0.550587813171108,0,0,0.487113885581493,0,0,0,0,0,0.584035635877277,0,0,0,0,0,0,0,0,0,0,0,0,0,0,0,0,0,0,0,0,0,0,0,0,0,0,0,0,0.171320440244173,0.176129229068756,0.16226286192735,0,0.192902049985349,0.479575902626321,0.163620546420468,0.489194822472495,0,0,0
0,0,0,0,0,0,0,0,0,0,0,0,0,0,0,0,0,0,0,0,0,0,0,0,0,0,0,0,0,0,0,0,0.333863555940892,0.15732378894844,0,0,0.23473811346405,0.664995560279259,0.295437334989109,0,0,0,0,0,0,0,0,0.325279919261282,0.328257635235786,0.305578548993383,0,0,0,0,0,0,0,0,0,0,0,0,0,0,0,0,0,0,0,0,0,0,0,0,0,0.253004086017609,0.150670234525042,0.237954087345783,0,0.281789328564297,0.404439304556165,0.331596874101418,0.170791940142711,0.585008800029755,0,0,0
0,0,0,0.220633565595275,0,0.192422866821289,0,0,0,0,0,0.252770516503734,0,0,0,0,0,0,0,0.232922088459716,0,0,0,0,0,0,0,0,0,0,0,0.244728805195718,0,0.150691071152687,0,0,0.190582284145916,0.244633005223644,0,0.345233440006094,0,0,0,0,0,0.223336264491081,0,0.259003175238332,0,0.3390205403169,0,0.187896937131882,0,0,0,0,0,0,0,0,0,0,0.213070889355197,0,0,0,0,0,0,0,0,0,0,0,0.147454157471657,0,0.160363823368952,0,0.203865983394388,0.217561801771323,0.211792323306055,0,0.206963627574534,0.162256306200697,0.200373195094584,0,0
0,0,0.242539276679357,0.212087914347649,0,0,0,0,0,0,0.178964638766253,0,0,0,0,0,0,0,0,0,0.198163621410181,0,0,0,0,0,0,0,0,0,0,0,0.263858459424227,0,0.23473811346405,0.190582284145916,0,0,0.172557814188376,0.167061015963554,0,0,0.204482334355513,0,0,0,0,0.272556395267928,0.287246263298121,0,0,0,0,0,0,0,0.138897600163401,0,0,0,0,0,0,0.218099005441082,0,0,0,0,0,0,0,0,0,0,0,0.258852614329593,0,0.228190828669246,0.193226051233385,0.220731421551274,0,0.247712769561161,0.183711782643465,0.184945490497809,0.233418926410377,0,0
0,0.270564329703297,0,0.35802798718214,0,0,0,0,0,0.220656496669174,0,0.156021315943111,0,0,0,0,0.439020395278931,0.278544606640935,0.363688778809526,0.252481027490578,0,0.351124654835556,0,0.291749937374924,0,0.248656528364671,0,0.251459597831681,0,0.205857978990445,0,0,0,0.354783998004028,0.664995560279259,0.244633005223644,0,0,0.401533442130494,0.268764519691467,0.34256400167942,0.394732056561167,0.357812732458115,0.413824337720871,0,0.359707695822562,0.339054723580678,0.593274404738523,0,0.41016669996658,0,0,0,0,0,0.238202339836529,0,0.194007126614451,0,0,0,0.297194302082062,0.288089797321073,0,0.357984355443222,0,0.326903076736055,0,0,0,0.283243347491537,0,0.227676367604887,0,0,0,0.165625751018524,0,0.223472950888462,0,0.240819379969583,0.169841081089849,0.348072625291673,0.482965942890839,0.324470285368844,0.385957181453705,0
0.227984199874869,0,0.280428290367126,0,0,0,0,0,0.229240280247494,0,0.147528367300688,0,0,0,0.271107709833554,0,0.291918659210205,0,0.307886116206646,0,0.132874001418391,0,0.255432639188622,0,0.288908558245963,0,0.25516214966774,0,0.248727100258673,0,0.162957275867325,0,0,0.550587813171108,0.295437334989109,0,0.172557814188376,0.401533442130494,0,0,0.268179774284363,0.348062612116337,0.31059797916178,0,0.311843365430832,0,0.256112622304095,0.567384195015258,0.306769624844879,0.448862954974174,0,0,0,0,0.222011875647765,0,0.141009002937892,0,0,0,0.289610773324966,0,0,0.214538989557048,0,0.337175778288573,0,0.309315099188465,0,0.309344723479986,0,0.245175608542076,0,0.148496923693068,0,0,0.382520551482836,0.183925009257085,0,0.231380037272099,0.587929305434227,0.260789535982038,0.44524248593768,0.398278831832466,0.274239758008652,0,0
0,0.320050044971354,0,0.243665691126477,0,0,0,0,0,0.251527424042041,0,0,0,0,0,0,0.310936811779227,0.284820134542426,0.258944439207948,0,0,0,0,0,0,0,0,0,0,0,0,0,0,0,0,0.345233440006094,0.167061015963554,0.268764519691467,0,0,0.328762728720903,0.244189267117236,0.296855597198009,0,0,0.264890453181206,0.319931713434366,0.262538733278833,0.324051216244698,0.386395744963427,0,0,0,0,0,0.240731075406075,0,0,0,0,0,0.262546390295029,0.309162244200706,0,0,0,0,0,0,0,0,0,0.280976802110672,0,0,0,0,0,0.39296970799715,0.349293162425359,0.327135649323463,0,0.281169082417532,0,0.208560970917599,0.261718446717543,0.292995542287827
0.324333183169365,0.281913630167643,0.279152876231819,0.262429377436638,0,0,0,0,0.260143661628599,0,0,0,0,0,0,0,0.351784892479579,0.331632612044351,0.316566359099561,0,0,0,0,0,0,0,0,0,0,0,0,0,0,0,0,0,0,0.34256400167942,0.268179774284363,0.328762728720903,0,0.267647184076763,0.279356465548851,0.261293914169073,0.257769518925084,0.302483382752572,0.257221107002195,0,0.307967702676724,0.283148060111623,0,0,0,0,0.261828228831291,0.255398243665695,0.266663379967213,0.297390341758728,0,0,0.24474148452282,0,0.350460135274463,0.198587098481632,0,0,0,0,0,0,0,0.303720232513216,0.290205460455683,0.349105199488501,0,0,0,0,0.34621476829052,0.20529978630578,0.331792377999851,0.341329887509346,0.299599903577274,0,0.282594457329437,0.287743926048279,0.306473496370018
0,0.265172505196724,0,0.256626233206195,0,0,0,0,0.257625430822372,0.282143691895713,0,0,0,0,0,0.250670075416565,0.264548056151556,0.26292269704182,0.21919260174036,0.289718747138977,0,0,0,0.149899875124296,0,0,0,0,0,0,0,0,0,0.487113885581493,0,0,0,0.394732056561167,0.348062612116337,0.244189267117236,0.267647184076763,0,0.27196344993825,0.268906043685538,0.283861190080643,0.284416420341762,0.279080824974256,0.433481739052049,0.364893493942576,0.286127784555364,0,0,0,0,0.265724301338196,0.242808684154793,0.276891529560089,0.313094624957523,0,0,0,0.292373147957465,0.292482154512847,0,0,0,0.239364720880985,0,0,0,0.265889242291451,0,0.331817037802427,0.313391705354055,0,0,0,0,0.274526360350243,0.299563805262248,0.357249729776725,0,0.28248918067434,0,0.2769405718462,0.293379816453199,0.225703954696655
0.280821627097113,0.219540007412434,0.271323993419007,0.233389064669609,0,0,0,0,0.266342676942917,0,0,0,0,0,0,0,0.304222383751319,0.289938278658235,0.25480241915191,0,0,0,0,0,0.259751707315445,0,0,0,0,0,0,0,0,0,0,0,0.204482334355513,0.357812732458115,0.31059797916178,0.296855597198009,0.279356465548851,0.27196344993825,0,0,0.2423892486078,0.27627880994957,0.302517276652565,0.362040119452609,0.253805660810064,0.296782732009888,0.253824460506439,0,0,0,0.249399104530049,0.223489448428154,0.276620828617386,0.273129865527153,0.283737846783229,0,0.264598571088003,0,0.314982813867656,0.299960089427931,0,0,0,0.274028517305851,0,0.283853404223919,0,0.290240648613181,0.278864565950174,0.337556728203903,0,0,0,0,0.294872846258314,0.303178169475547,0.318519963820775,0.26942299584766,0.251122139415796,0,0.275687728787938,0,0.261207257373994
0,0.275253759050856,0,0.280328441362876,0,0,0,0,0,0.247369628399611,0,0,0,0,0,0,0.263737291097641,0.250605200727781,0.244665421545506,0,0,0,0,0.345181345939636,0,0,0,0,0,0,0,0,0,0,0,0,0,0.413824337720871,0,0,0.261293914169073,0.268906043685538,0,0,0,0.251523813415392,0.256609588861465,0.304529935121536,0,0.293277442965605,0,0,0,0,0,0.239237398902575,0,0.304498283302083,0,0,0,0.259115159511566,0.287425589102965,0,0,0,0,0,0,0,0,0,0.326876365890106,0,0,0,0,0,0.262567697092891,0,0.329970915886489,0,0.27134629139598,0,0.288200986721823,0,0
0.31102063258489,0,0.29005426490629,0,0,0,0,0,0.243899911642075,0,0,0,0,0,0,0,0,0,0.19677947089076,0,0,0,0,0,0,0,0,0,0,0,0,0,0,0,0,0,0,0,0.311843365430832,0,0.257769518925084,0.283861190080643,0.2423892486078,0,0,0.299021393060684,0.261701571393986,0,0.278186330199242,0,0,0,0,0,0.240231368690729,0,0.306420453570106,0,0.309975385665894,0,0.297312140464783,0,0,0.263776580492655,0,0,0,0,0,0,0,0.304480734196576,0,0.317402891318003,0,0,0,0,0,0.261156250855752,0,0.288971540828546,0.284444275001685,0,0.263294987440109,0,0.180283334851265
0.300485052168369,0.267854883716415,0.275706380605698,0.233390067190659,0,0,0,0,0.256392508745193,0.265292579025933,0,0,0,0,0,0,0.319915037430672,0.295515716972957,0.306902692868868,0.327071269974113,0,0,0,0.306380331516266,0,0,0,0,0,0,0,0,0,0,0,0.223336264491081,0,0.359707695822562,0,0.264890453181206,0.302483382752572,0.284416420341762,0.27627880994957,0.251523813415392,0.299021393060684,0,0.316203741691654,0,0.286468252539635,0.257156634240081,0,0,0,0,0,0.227066815313366,0.266551584005356,0.271706371631437,0,0,0,0.192701376974583,0.258293693151845,0.318274694681168,0,0,0.256918340921402,0,0,0,0.273160099983215,0.292328854401906,0.315966084802693,0.327617824077606,0,0,0,0,0.280019689812692,0.338148610932486,0.330308420590429,0.350702637434006,0.281779658697605,0,0.28058374706621,0.257713183083317,0.258164468495285
0.322418984511624,0.274050291465676,0.289076952470673,0.260914752880732,0,0,0,0,0.272495321356333,0.288986057043076,0,0,0,0,0,0,0.306151966124136,0.296953320856622,0.31156364634694,0.31963038444519,0.273614589211553,0,0,0,0,0,0,0,0,0,0,0,0,0,0,0,0,0.339054723580678,0.256112622304095,0.319931713434366,0.257221107002195,0.279080824974256,0.302517276652565,0.256609588861465,0.261701571393986,0.316203741691654,0,0,0.281986423090202,0.285014602445787,0.264676332473755,0,0,0,0.297335104395946,0,0.249731561229114,0.30149482190609,0.26621075719595,0,0.288278192281723,0,0.331265345215797,0.237477860225731,0,0,0,0,0,0.261948361992836,0.283116817474365,0.279578581899405,0.325022389491399,0.330345861752237,0,0,0,0,0.344980706973952,0.219737816524561,0.341087144613266,0.272275907273817,0.303733300519738,0,0.29311014299104,0.222868134578069,0.270018266831956
0,0,0,0.28877304494381,0,0,0,0,0.269635617733002,0,0,0,0,0,0,0,0,0,0,0,0,0.427300274372101,0,0.372422203421593,0.328020378947258,0,0,0,0,0,0,0.17277456012019,0.328417952162811,0.584035635877277,0.325279919261282,0.259003175238332,0.272556395267928,0.593274404738523,0.567384195015258,0.262538733278833,0,0.433481739052049,0.362040119452609,0.304529935121536,0,0,0,0,0.371305467148231,0.343177021332534,0,0,0,0,0.299919188022614,0.273009449243546,0,0,0,0,0,0,0,0,0.466662496328354,0,0,0,0,0,0,0,0,0,0.169997856020927,0.312060963517676,0.146259676665068,0.234307396671046,0.243299220401542,0.277633403050792,0.478760754183207,0.386941168821135,0.352587909854179,0.441948338578909,0.441477237662799,0,0
0.290685354662275,0,0.193694777609337,0,0,0,0,0,0.2452213117759,0,0,0,0,0,0.177905949950218,0,0.319732093811035,0,0.31587463816007,0,0,0,0.376143311123763,0,0.317920527546792,0,0,0,0,0,0,0,0.366004606088003,0,0.328257635235786,0,0.287246263298121,0,0.306769624844879,0.324051216244698,0.307967702676724,0.364893493942576,0.253805660810064,0,0.278186330199242,0.286468252539635,0.281986423090202,0.371305467148231,0,0.376512033230403,0,0,0,0,0.285164913916086,0,0.274621615386279,0,0.281668532880948,0,0.234737420630027,0,0,0.257687321731022,0,0.308122133030743,0,0.35794551424759,0,0.23064506479672,0,0.290723578158472,0,0.348274041457396,0,0.317597992145098,0,0,0.279009968042374,0.278798440056886,0,0.352773367887186,0.35908285473138,0,0.355026692094953,0,0
0,0.331153286831631,0,0.247839613217758,0,0,0,0,0,0.249737138378209,0,0,0,0,0,0.279331067526663,0.283338685830434,0.278942409157753,0.260175238314428,0.402240931987762,0,0.500499219032536,0,0.364952216253561,0,0,0,0,0,0,0,0,0,0,0.305578548993383,0.3390205403169,0,0.41016669996658,0.448862954974174,0.386395744963427,0.283148060111623,0.286127784555364,0.296782732009888,0.293277442965605,0,0.257156634240081,0.285014602445787,0.343177021332534,0.376512033230403,0,0,0,0,0,0,0.221211582422256,0,0.301868289156377,0,0.304899969521691,0,0.344544346452091,0.283744493126869,0,0.406668248493595,0,0.325148833764566,0,0.291862254792994,0,0.31269975045035,0,0.319177909963933,0,0,0,0,0,0.350310830536642,0.327391177415848,0.390835726415956,0,0.395609238842335,0,0.301752794693006,0.257793750613928,0.248355776071548
0,0,0.244560650507219,0,0.137870417616796,0,0.165021727482478,0,0.177975829968702,0,0,0,0,0,0,0,0,0,0,0,0.156010001897812,0,0,0,0,0,0,0,0,0,0,0,0,0,0,0,0,0,0,0,0,0,0.253824460506439,0,0,0,0.264676332473755,0,0,0,0,0,0.157494276762009,0,0.191027358174324,0,0.231437326785539,0,0.19529786054045,0,0,0,0,0,0,0,0,0,0,0,0,0,0,0,0,0,0,0,0,0,0,0,0.194547675549984,0,0.163875064230524,0,0
0,0,0,0.158069459721446,0,0.141234788098442,0,0.132091568851912,0,0,0,0,0,0,0,0,0,0,0,0,0,0,0,0,0,0,0,0,0,0,0,0,0,0,0,0.187896937131882,0,0,0,0,0,0,0,0,0,0,0,0,0,0,0,0,0,0.126580864583191,0,0,0,0.146619260311127,0,0.137875720858574,0,0.149009486660361,0,0,0,0,0,0,0,0,0,0,0,0,0,0,0,0,0,0,0,0,0.177324384983097,0,0.140836477279663,0,0
0,0,0,0,0,0,0.226241989992559,0,0,0,0,0,0,0,0,0,0,0,0,0,0,0,0,0,0,0,0,0,0,0,0,0,0,0,0,0,0,0,0,0,0,0,0,0,0,0,0,0,0,0,0.157494276762009,0,0,0,0,0,0.208755528744386,0,0.201486933231354,0,0,0,0,0,0,0,0,0,0,0,0,0,0,0,0,0,0,0,0,0,0,0,0,0,0,0,0
0,0,0,0,0,0.144250929479798,0,0.130434142699575,0,0,0,0,0,0,0,0,0,0,0,0,0,0,0,0,0,0,0,0,0,0,0,0,0,0,0,0,0,0,0,0,0,0,0,0,0,0,0,0,0,0,0,0.126580864583191,0,0,0,0,0,0,0,0.210376471281052,0,0,0,0,0,0,0,0,0,0,0,0,0,0,0,0,0,0,0,0,0,0,0.1462569575052,0,0,0,0
0.261775693575604,0,0.177243110222176,0,0.153315382138375,0,0,0,0.168533644222833,0,0,0,0,0,0,0,0,0,0.295028835535049,0,0.157159745693207,0,0,0,0.290539360954426,0,0,0,0,0,0,0,0,0,0,0,0,0,0.222011875647765,0,0.261828228831291,0.265724301338196,0.249399104530049,0,0.240231368690729,0,0.297335104395946,0.299919188022614,0.285164913916086,0,0.191027358174324,0,0,0,0,0,0.224727443514023,0,0.215473994612694,0,0.259435629844666,0,0,0,0,0,0,0.275000319800702,0,0.219760701060295,0,0.229136730943407,0,0.284046435042431,0,0,0,0,0,0,0,0,0.253531225142069,0,0.188417599016628,0,0
0,0.169598242395035,0,0.186434120808044,0,0,0,0,0,0.143323602003344,0,0,0,0,0,0.250324547290802,0,0.290352672338486,0.24107135583957,0,0,0,0,0.321017771959305,0,0,0,0,0,0,0,0,0,0,0,0,0,0.238202339836529,0,0.240731075406075,0.255398243665695,0.242808684154793,0.223489448428154,0.239237398902575,0,0.227066815313366,0,0.273009449243546,0,0.221211582422256,0,0,0,0,0,0,0,0.244385056197643,0,0.236509771751506,0,0.20948278144389,0.234173540025949,0,0,0,0.259712759744037,0,0,0,0,0.268845021724701,0.266601786017418,0,0,0,0,0,0.227000260353088,0,0.186192165663902,0,0.209535435988353,0,0.238380819840251,0.237848177552223,0
0.282280101017518,0,0.283039849100074,0,0.155253928899765,0,0.217175492584854,0,0.21492981262829,0,0.188940453526746,0,0.250991865992546,0,0,0,0.236498415470123,0,0.277679249644279,0,0.144957082771829,0,0,0,0,0,0,0,0.209653586149216,0,0.244948130345693,0,0,0,0,0,0.138897600163401,0,0.141009002937892,0,0.266663379967213,0.276891529560089,0.276620828617386,0,0.306420453570106,0.266551584005356,0.249731561229114,0,0.274621615386279,0,0.231437326785539,0,0.208755528744386,0,0.224727443514023,0,0,0,0.272041804016861,0,0.257552513466762,0,0,0.235932499562439,0,0,0,0,0,0.278268098831177,0,0.294148413538933,0,0.306812466145149,0,0,0,0,0,0.242992980778217,0,0.240525366738439,0.16865074940931,0,0.274491114969607,0,0
0,0.305946509009179,0,0.246490250834647,0,0,0,0,0,0.301591114835306,0,0.166598929739787,0,0.225440604819192,0,0.290524035692215,0,0.318111697832743,0.309230060449668,0.15462883003056,0,0,0,0,0,0,0,0,0,0.140029265855749,0,0,0,0,0,0,0,0.194007126614451,0,0,0.297390341758728,0.313094624957523,0.273129865527153,0.304498283302083,0,0.271706371631437,0.30149482190609,0,0,0.301868289156377,0,0.146619260311127,0,0,0,0.244385056197643,0,0,0,0.227914337068796,0,0.298339874188348,0.207769634458754,0,0,0,0.258968184391658,0,0,0,0.335862070322037,0,0.193459357232938,0,0,0,0,0,0.298643004894257,0,0.313130879402161,0,0.330484538016095,0,0.315621628556527,0,0
0.284157590354399,0,0.275202085077763,0,0,0,0.200604528188705,0,0.223899621229905,0,0.140811789905308,0,0.202408551550277,0,0.174716621637344,0,0,0,0.302646666765213,0,0,0,0,0,0,0,0,0,0,0,0,0,0,0,0,0,0,0,0,0,0,0,0.283737846783229,0,0.309975385665894,0,0.26621075719595,0,0.281668532880948,0,0.19529786054045,0,0.201486933231354,0,0.215473994612694,0,0.272041804016861,0,0,0,0.245530287856641,0,0,0.272937454283237,0,0,0,0,0,0.271820157766342,0,0.225722143977461,0,0,0,0,0,0,0,0,0,0,0.230769772827625,0.16713173687458,0.272773929621895,0,0
0,0.326368436217308,0,0.248934472600619,0,0.192419275641441,0,0.20447576516553,0,0.210470693952897,0,0.227663899891646,0,0.219809264863242,0,0.280631206929684,0,0,0,0,0,0,0,0.209890380501747,0,0.217613542718547,0,0.232622240483761,0,0,0,0,0,0,0,0,0,0,0,0,0,0,0,0,0,0,0,0,0,0.304899969521691,0,0.137875720858574,0,0.210376471281052,0,0.236509771751506,0,0.227914337068796,0,0,0,0.264900429508625,0,0,0,0,0,0,0.208035473096169,0,0.224565677344799,0,0,0,0,0,0,0,0,0,0,0,0.218529102054371,0.1762647384947,0.140000849962234,0,0
0.191212477783362,0,0.22514564822839,0,0,0,0,0,0.229258543811738,0,0,0,0,0,0.166502163690679,0,0,0,0,0,0,0,0,0,0.286570706963539,0,0.192066980259759,0,0,0,0,0,0,0,0,0,0,0,0.289610773324966,0,0.24474148452282,0,0.264598571088003,0,0.297312140464783,0,0.288278192281723,0,0.234737420630027,0,0,0,0,0,0.259435629844666,0,0.257552513466762,0,0.245530287856641,0,0,0,0,0,0,0,0,0,0,0.267184021572272,0,0.281154986553722,0,0.305962890386581,0,0,0,0,0,0,0,0,0.175868988726978,0,0.295280749548455,0,0
0,0.217692212809708,0,0.226241830265836,0,0.142384938895702,0,0,0,0.175450063617536,0,0,0,0,0,0.173771148338852,0,0,0,0,0,0,0,0.289202558852377,0,0.217046428522835,0,0,0,0,0,0,0,0,0,0,0,0.297194302082062,0,0.262546390295029,0,0.292373147957465,0,0.259115159511566,0,0.192701376974583,0,0,0,0.344544346452091,0,0.149009486660361,0,0,0,0.20948278144389,0,0.298339874188348,0,0.264900429508625,0,0,0,0,0,0,0.361439627531457,0,0.217460885980708,0,0.345371052622795,0,0.324341823314798,0,0,0,0,0,0.191538013517857,0,0.291978980104129,0,0.17479658484921,0,0.352933841912148,0.230580523610115,0
0,0.331558133002187,0,0.258093626052141,0,0,0,0,0,0,0,0.238287570445161,0,0,0,0,0.372568706671397,0.350424485547202,0.36489398530419,0.216246697819181,0,0,0,0,0,0,0,0,0,0.242639467120171,0,0,0,0,0,0.213070889355197,0,0.288089797321073,0,0.309162244200706,0.350460135274463,0.292482154512847,0.314982813867656,0.287425589102965,0,0.258293693151845,0.331265345215797,0,0,0.283744493126869,0,0,0,0,0,0.234173540025949,0,0.207769634458754,0,0,0,0,0,0,0,0,0,0,0,0,0,0,0.288486289126532,0,0,0,0,0,0.258540261303032,0.370265573263168,0.313602109225812,0,0.290887926822533,0,0.274434653912887,0.489802457392216,0.267790138721466
0,0,0.250841304659843,0,0,0,0,0,0,0,0.13376422271584,0,0,0,0,0,0.331830943624179,0.286577343940735,0.298949734160775,0,0.15585045869857,0,0,0,0,0,0,0,0,0,0,0,0,0,0,0,0.218099005441082,0,0.214538989557048,0,0.198587098481632,0,0.299960089427931,0,0.263776580492655,0.318274694681168,0.237477860225731,0,0.257687321731022,0,0,0,0,0,0,0,0.235932499562439,0,0.272937454283237,0,0,0,0,0,0,0,0,0,0,0,0,0.256159371672532,0,0.334713491001424,0,0,0,0,0,0.249768603680859,0,0.275212889925897,0.249624983342581,0,0.297478080486937,0,0.267201527953148
0,0,0,0,0,0,0,0,0,0,0,0,0,0,0,0,0,0.140188306570053,0,0,0,0.187143056597392,0,0.176146274831678,0,0.142550573009869,0,0.151193510981337,0,0,0,0,0,0,0,0,0,0.357984355443222,0,0,0,0,0,0,0,0,0,0.466662496328354,0,0.406668248493595,0,0,0,0,0,0,0,0,0,0,0,0,0,0,0,0,0.24904982324738,0,0.287685119643294,0,0.240062550434044,0,0,0,0,0,0,0,0,0,0.262458752401364,0,0.158152057616799,0,0,0,0
0,0,0,0,0,0,0,0,0,0,0,0,0,0,0,0,0.107144860720093,0,0,0,0,0,0.198001997539513,0,0.146243125200272,0,0,0,0.299274027347565,0,0,0,0,0,0,0,0,0,0.337175778288573,0,0,0,0,0,0,0,0,0,0.308122133030743,0,0,0,0,0,0,0,0,0,0,0,0,0,0,0,0,0,0,0.14319181589797,0,0.288374395746934,0,0.293904473586958,0,0,0,0,0,0,0,0,0,0.385367124507079,0.113602857656625,0.126818308979273,0,0,0
0,0.27750764785239,0,0,0,0,0,0,0,0.247669770424046,0,0,0,0,0,0,0,0,0,0,0,0.112938334650182,0,0.222416834742354,0,0,0,0,0,0,0,0,0,0,0,0,0,0.326903076736055,0,0,0,0.239364720880985,0,0,0,0.256918340921402,0,0,0,0.325148833764566,0,0,0,0,0,0.259712759744037,0,0.258968184391658,0,0,0,0.361439627531457,0,0,0.24904982324738,0,0,0,0.256428308512379,0,0.253680497407913,0,0.260422758758068,0,0,0,0,0,0,0,0.281518991697918,0,0.281396340939306,0,0.276472784338459,0,0
0.238106633005577,0,0,0,0,0,0,0,0.189169325188893,0,0,0,0,0,0,0,0.297283977270126,0,0,0,0,0,0.195646941661835,0,0.245235816237106,0,0,0,0,0,0,0,0,0,0,0,0,0,0.309315099188465,0,0,0,0.274028517305851,0,0,0,0,0,0.35794551424759,0,0,0,0,0,0.275000319800702,0,0,0,0,0,0,0,0,0,0,0.14319181589797,0,0,0,0.251542538701498,0,0.248173490166664,0,0,0,0,0,0,0,0,0,0.295719809285024,0.253035307597758,0.236381376783053,0.323269279939788,0,0
0,0.337444692850113,0,0,0,0,0,0,0,0,0,0,0,0.220078616230576,0,0.216433271044685,0,0.155230524284499,0,0,0,0,0,0.225385222584009,0,0.152468556012863,0,0,0,0,0,0,0,0,0,0,0,0,0,0,0,0,0,0,0,0,0,0,0,0.291862254792994,0,0,0,0,0,0,0,0,0,0.208035473096169,0,0.217460885980708,0,0,0.287685119643294,0,0.256428308512379,0,0,0,0.283949479061578,0,0,0,0,0,0,0,0,0,0,0,0,0,0,0,0
0.275014260411263,0,0.25639620423317,0,0,0,0,0,0,0,0,0,0,0,0,0,0.167505018413067,0,0,0,0,0,0,0,0.191650838751229,0,0.181718857372052,0,0.30067024131616,0,0,0,0,0,0,0,0,0,0.309344723479986,0,0,0,0.283853404223919,0,0,0,0.261948361992836,0,0.23064506479672,0,0,0,0,0,0.219760701060295,0,0.278268098831177,0,0.271820157766342,0,0.267184021572272,0,0,0,0,0.288374395746934,0,0.251542538701498,0,0,0,0.252682336226658,0,0,0,0,0,0,0,0,0,0.287748893994964,0.171091064810753,0,0.277539658215311,0,0
0,0.319748615846038,0,0.255282782018185,0,0,0,0,0,0.284981973469257,0,0.268507024470498,0,0.214127562195063,0,0,0,0,0.304693683981895,0,0,0,0,0,0,0,0,0.224614714041673,0,0.191745845414698,0,0,0,0,0,0,0,0.283243347491537,0,0,0,0.265889242291451,0,0,0,0.273160099983215,0.283116817474365,0,0,0.31269975045035,0,0,0,0,0,0,0,0.335862070322037,0,0.224565677344799,0,0.345371052622795,0,0,0.240062550434044,0,0.253680497407913,0,0.283949479061578,0,0,0,0.195679483052931,0,0,0,0,0,0,0,0.243792925037062,0,0.248556869951161,0,0.298268170917735,0,0
0.299389603572923,0,0.278174090757966,0,0,0,0,0,0.33999942275493,0,0,0,0.198209632792183,0,0,0,0.36932552754879,0.330522522330284,0.334538268772039,0,0,0,0.260498510673642,0,0.270725235342979,0,0,0,0.217425316669545,0,0.200596762245627,0,0,0,0,0,0,0,0.245175608542076,0,0.303720232513216,0,0.290240648613181,0,0.304480734196576,0.292328854401906,0.279578581899405,0,0.290723578158472,0,0,0,0,0,0.229136730943407,0.268845021724701,0.294148413538933,0,0.225722143977461,0,0.281154986553722,0,0,0.256159371672532,0,0.293904473586958,0,0.248173490166664,0,0.252682336226658,0,0,0,0.426067987249957,0,0,0,0,0,0.258220065385103,0,0.236109664984818,0.343093480017047,0.150666087865829,0.335417472507894,0,0
0,0.331969005077775,0,0.298449560378989,0,0,0,0,0,0.347348927141935,0,0.170747880510685,0,0.235111714977967,0,0.326010286808014,0.311724103987217,0.313901207663796,0.338089273657118,0.246582919359207,0,0,0,0,0,0,0,0.211682662367821,0,0.161737308043022,0,0,0,0,0,0,0,0.227676367604887,0,0.280976802110672,0.290205460455683,0.331817037802427,0.278864565950174,0.326876365890106,0,0.315966084802693,0.325022389491399,0,0,0.319177909963933,0,0,0,0,0,0.266601786017418,0,0.193459357232938,0,0,0,0.324341823314798,0.288486289126532,0,0,0,0.260422758758068,0,0,0,0.195679483052931,0,0,0,0,0,0,0,0.29889078438282,0,0.274133303761482,0,0.373338894214895,0,0.351025481918516,0.296563521027565,0
0.355662000431141,0,0.331230618556341,0,0,0,0,0,0.376407202426344,0,0.162606255585949,0,0,0,0,0,0.36805594485739,0.336024871468544,0.363003083083728,0,0,0,0,0,0,0,0,0,0.196791923046112,0,0.228570225901685,0,0,0,0,0,0,0,0.148496923693068,0,0.349105199488501,0.313391705354055,0.337556728203903,0,0.317402891318003,0.327617824077606,0.330345861752237,0,0.348274041457396,0,0,0,0,0,0.284046435042431,0,0.306812466145149,0,0,0,0.305962890386581,0,0,0.334713491001424,0,0,0,0,0,0,0,0.426067987249957,0,0,0,0,0,0,0.307273700833321,0.315184131264687,0,0.275099342183549,0.344844937140332,0,0.377330036093355,0,0
0,0,0,0,0,0,0,0,0,0,0,0,0,0,0,0,0,0,0,0,0,0,0,0,0,0,0,0,0,0,0,0.155872791036963,0.122632977552712,0,0,0.147454157471657,0,0,0,0,0,0,0,0,0,0,0,0.169997856020927,0,0,0,0,0,0,0,0,0,0,0,0,0,0,0,0,0,0,0,0,0,0,0,0,0,0,0,0,0,0,0.133015440776944,0,0,0,0.141204947605729,0,0,0,0
0,0,0,0,0,0,0,0,0,0,0,0,0,0,0,0,0,0,0,0,0,0,0,0,0,0,0,0,0,0,0,0,0.194405829697325,0,0.253004086017609,0,0.258852614329593,0,0,0,0,0,0,0,0,0,0,0.312060963517676,0.317597992145098,0,0,0,0,0,0,0,0,0,0,0,0,0,0,0,0,0,0,0,0,0,0,0,0,0,0,0,0,0.210613133955975,0,0.248640041566838,0,0,0.156263530254364,0,0,0,0
0,0,0,0,0,0,0,0,0,0,0,0,0,0,0,0,0,0,0,0,0,0,0,0,0,0,0,0,0,0,0,0,0,0.171320440244173,0.150670234525042,0.160363823368952,0,0.165625751018524,0.382520551482836,0,0,0,0,0,0,0,0,0.146259676665068,0,0,0,0,0,0,0,0,0,0,0,0,0,0,0,0,0,0,0,0,0,0,0,0,0,0,0,0,0,0.146494045853615,0.171207970293129,0,0.181786227773862,0,0.174647322994597,0.316793153683345,0,0,0
