0,0.141356229782104,142.54765971005,0,0,0,0,0,290.409198045731,0,0,0,0,0,0,0,0,0,2.6023057103157,0,0,0,0,0,0,0,0,0,0,0,0,0,0,0,0,0,0,1.801777780056,0,0,7.0473397821188,0.630521461367607,651.926518768072,0,0,0,8.83112072944641,1.64579024910927,474.046216547489,6.74536544084549,0,0,0,0,450.381382241845,0,0,0,0,0,11.0962660014629,0,0,0.97251296043396,0,0,0,0,0,0,0.284680753946304,0.538527801632881,0.168416678905487,8.25088518857956,0,0,0.54118549823761,0,0,28.5521011054516,3.16369913518429,2.32508929073811,567.468331754208,0,911.4248816818,0.233261555433273,5.57230421900749
0.141356229782104,0,0,86.9586297720671,0,0,0,0,0,229.035779684782,0,0,0,0,0,1.34918737411499,0,0,0,0,0,0,0,0,0,0,0,0,0,0,0,0,0,0,0,0,0,0,3.33923144638538,62.0887067615986,0,256.778254061937,0,0,0,15.0989223271608,0,0.746498957276344,5.08138518035412,307.673571646214,0,1.7588142156601,0,0,0,311.76011928916,0,0,0,0,0,97.6133678257465,1.6288246512413,0,0,0,124.704759389162,0,0,0,0,0,0,0,0,0,0,0.694756716489792,20.633367985487,0,0.32856559753418,2.02311497926712,286.272019505501,0,650.258713930845,3.72636085748672,0
142.54765971005,0,0,0,199.700215697289,0,0,0,241.190317630768,0,0,0,0,0,0,0,0.241076797246933,0,3.61438143253326,0,54.0420849025249,0,0,0,0,0,0,0,0,0,0,0,0,0,0,0,18.6223089396954,0,0,1.79612602293491,38.9896703213453,0.2801294028759,87.2729748934507,0,0,0.617159307003021,41.2485208809376,3.08939868211746,364.688688643277,0.723550841212273,72.6076417565346,0,0,0,427.314281225204,0,35.4563965499401,0,17.679257184267,0,31.7273578643799,0,0,12.1716027259827,0,0,0,0,0,0,0,0.24815945327282,0,3.65806986391544,0,0,0,0,2.40643811225891,110.090734034777,0,1.04967252910137,291.434599161148,0,883.490765020251,0,0.902086809277534
0,86.9586297720671,0,0,0,594.04920732975,0,0.91541314125061,0,17.4963571727276,0,8.27473819255829,0,0,0,4.33670282363892,0,0.751388311386108,7.30776187032461,119.191422820091,0,0,0,0,0,0,0,0,0,0,0,0,0,0,0,131.284112721682,0,0,0.344593465328217,49.3316776454449,0,85.4372034370899,0,0,0,37.5066670030355,0.28301665186882,1.35064005851746,0.143488377332687,213.238495469093,0,101.450328588486,0,0,0,104.949600934982,0,198.861905455589,0,76.8002844154835,0,40.1868918538094,11.1875927895308,0,0,0,0,0,0,0,5.33174411952496,0,11.3532712981105,0,0,0,0,0,14.5113155692816,0,10.7145881205797,0.503696531057358,287.389046132565,0,1166.56658150256,0.208413764834404,0
0,0,199.700215697289,0,0,0,0,0,42.9400924444199,0,5.14725430309772,0,0,0,3,0,0,0,0.123977430164814,0,163.181777253747,0,0,0,0,0,0,0,0,0,0,0,0,0,0,0,26.458810120821,0,0,0.406912535429001,6.28498628735542,0,6.56981176137924,0,0,0,2.36001223325729,1.31416043639183,17.5243773162365,0,23.098208874464,0,0,0,42.6469613015652,0,0,0,0,0,0,0,0.795090556144714,45.4863696098328,0,0,0,0,0,0,0,0,0,0,0,0,0,0,0,38.8927959352732,0,0,73.7667500674725,9.17165660858154,182.692194879055,0,1.03987956047058
0,0,0,594.04920732975,0,0,0,26.7534742951393,0,160.421784847975,0,12.3226162791252,0,0,0,9.56565511226654,0,0.149895831942558,2.25533759593964,685.787772446871,0,0,0,0,0,0,0,0,0,0,0,0,0,0,0,313.47277328372,0,0,0,3.00466579198837,0,0.173376739025116,0,0,0,2.51800483465195,0,0,0,5.60945604741573,0,18.8872039914131,0,5.13172817230225,0,21.7384204268456,0,47.7835844755173,0,2.46848392486572,0,13.4778553247452,40.7006231099367,0,0,0,0,0,0,0,0,0,0.275047898292542,0,0,0,0,0,25.3558838665485,0,0.415729701519012,0,397.973673194647,0,477.969602644444,0,0
0,0,0,0,0,0,0,0,0,0,47.3307183086872,0,0,0,0,0,0,0,0,0,221.727259039879,0,0,0,0,0,0,0,0,0,0,0,0,0,0,0,0,0,0,0,0,0,0,0,0,0,0,0,0,0,0,0,38.1187654733658,0,0,0,364.342327475548,0,8.35610795021057,0,0,0,0,140.533857285976,0,0,0,0,0,0,0,0,0,0,0,0,0,0,0,0,0,0,30.1071838140488,0,0,0,0
0,0,0,0.91541314125061,0,26.7534742951393,0,0,0,0,0,0,0,20.0512142181396,0,0,0,0,0,2.89773124456406,0,0,0,0,0,0,0,0,0,0,0,0,0,0,0,2.5279358625412,0,0,0,0,0,0,0,0,0,0,0,0,0,0,0,1,0,54.0749955177307,0,0,0,0,0,18.1969116926193,0,0,0,0,0,0,0,0,0,0,0,0,0,0,0,0,0,0,0,0,0,0,28.9214800298214,0,0.407902836799622,0,0
290.409198045731,0,241.190317630768,0,42.9400924444199,0,0,0,0,0,0,0,0,0,78.6368381083012,0,26.936931848526,0,8.67831385135651,0,0,0,0,0,0,0,66.5085349082947,0,0,0,0,0,0,0,0,0,0,0.425548374652863,27.3177572190762,0,1.2502106577158,0,52.9628682434559,0,0,0,0.689686551690102,0,6.98898410797119,0,0,0,0,0,836.857353702188,0,7.91326427459717,0,1.33480715751648,0,115.869026482105,0,0,0,0,0,0,69.1666017621756,0,71.5172786712646,0,0,0,0,0,0,0,0,0,0.862982094287872,0,11.7116220444441,369.329872280359,63.7165670394897,54.8464842587709,0,10.6136742681265
0,229.035779684782,0,17.4963571727276,0,160.421784847975,0,0,0,0,0,0,0,0,0,177.655629903078,1.07630407810211,87.206200003624,124.230610817671,0,0,0,0,3.18867492675781,0,0,0,0,0,0,0,0,0,0,0,0,0,44.3470686078072,0,0,0,9.77392143011093,0,0,0,0,0,0,0,57.2712198197842,0,47.7099329829216,0,0,0,733.88175137341,0,0,0,0,0,342.607728421688,0,0,0,0,65.5298903137445,0,2,0,0,0,0,0,0,0,0,0,0,0,74.7015360146761,0,354.241225928068,0,33.0465426295996,0,0
0,0,0,0,5.14725430309772,0,47.3307183086872,0,0,0,0,0,91.725950717926,0,0,0,0,0,0,0,1693.41245920956,0,0,0,0,0,0,0,30.3866114020348,0,47.028185904026,0,0,0,0,0,487.42174166441,0,2188.33942072093,0,0,0,0,0,0,0,0,0,0,0,0,0,0,0,0,0,2147.77146323025,0,254.97974306345,0,0,0,0,1237.40836884081,0,0,0,0,0,0,0,123.065882086754,0,1.52093160152435,0,0,0,0,0,249.126267671585,0,661.138953581452,310.353325217962,0,3.64223408699036,0,0
0,0,0,8.27473819255829,0,12.3226162791252,0,0,0,0,0,0,0,0,0,0,0,0,0,1509.15141004324,0,0,0,0,0,0,0,0,0,0,0,0,0,0,0,288.771690040827,0,1460.38143765926,0,0,0,0,0,0,0,0,0,0,0,0,0,2.13944125175476,0,0,0,0,0,178.418393164873,0,0,0,0,2071.98809510469,0,0,0,0,0,0,0,0,0,5.45052698254585,0,0,0,0,0,720.747291922569,0,1441.35269153118,0,314.713984459639,0,47.485976845026,0,0
0,0,0,0,0,0,0,0,0,0,91.725950717926,0,0,0,104.130252361298,0,0,0,0,0,0,0,0,0,0,0,0,0,59.9702078104019,0,0,0,0,0,0,0,0,0,0,0,0,0,0,0,0,0,0,0,0,0,0,0,0,0,0,0,56.3643910288811,0,4727.12263818085,0,456.083456873894,0,0,0,0,0,0,0,0,0,0,77.5210547745228,0,0,0,0,0,0,0,0,0,0,642.03528958559,781.389999985695,0,0,0
0,0,0,0,0,0,0,20.0512142181396,0,0,0,0,0,0,0,6.26589870452881,0,0,0,0,0,0,0,0,0,49.6493570804596,0,0,0,0,0,0,0,0,0,0,0,0,0,0,0,0,0,0,0,0,0,0,0,0,0,0,0,7,0,0,0,0,0,203.136850863695,0,98.7968002706766,0,0,0,0,0,0,35.0956013202667,0,0,0,0,0,0,0,0,0,0,0,0,0,461.013799905777,1664.230479002,0,0,0
0,0,0,0,3,0,0,0,78.6368381083012,0,0,0,104.130252361298,0,0,0,0,0,0,0,0,0,0,0,0,0,0,0,0,0,0,0,0,0,0,0,0,0,0,0,0,0,0,0,0,0,0,0,0,0,0,0,0,0,93.0195298194885,0,0,0,68.4825468361378,0,402.110881835222,0,0,0,0,0,0,0,0,0,0,0,0,0,0,0,0,0,0,0,0,0,1,0,0,0,0
0,1.34918737411499,0,4.33670282363892,0,9.56565511226654,0,0,0,177.655629903078,0,0,0,6.26589870452881,0,0,0,0,0,0,0,0,0,0,0,20.1359013319016,0,0,0,0,0,0,0,0,0,0,0,0,0,0,0,0,0,0,0,0,0,0,0,1.20470482110977,0,39.9217215180397,0,0,0,144.477497726679,0,0,0,134.149830594659,0,455.34967944026,0,0,0,0,2.06977094709873,0,5.00426316261292,0,0,0,0,0,0,0,0,0,0,0,0,0,0,0,0,0,0
0,0,0.241076797246933,0,0,0,0,0,26.936931848526,1.07630407810211,0,0,0,0,0,0,0,12863.0677648634,4788.33672813326,0,0,0,0,0,0,0,65.5548493862152,0,0,0,0,0,0,0,0,0,0,0,0,22.002753816545,109.019489519298,25.629751637578,155.444100573659,1.61831223964691,0.646575435996056,0.463717252016068,51.1565551161766,0,7.51093862950802,0.112082205712795,0,0,0,0,4.86379131674767,0,0.452004373073578,0,0,0,0,0,3.12624521553516,15.7502632141113,0,0,0,0,0,2.5531370639801,0,0,0,9.13836520910263,0,0,0,0,17.3700924962759,187.465351864696,9.48409099876881,30.4013250917196,1722.72549724579,17.5306231081486,365.7341247648,0,2.85234902799129
0,0,0,0.751388311386108,0,0.149895831942558,0,0,0,87.206200003624,0,0,0,0,0,0,12863.0677648634,0,5391.44664973766,0,0,0,0,0,0,0,0,0,0,0,0,0,0,0,0,0,0,0,0,134.709459654987,22.7168389409781,142.837328270078,41.2468340992928,1.86038763821125,0,22.2546858936548,15.5733910501003,0.315482288599014,2.46898807585239,5.9333703070879,0,0,0,0,0,0,0,1.69757291674614,0,0,0,0,21.3762033358216,2.55477195978165,0,0,0,0,0,0,1.0917733758688,0,1.66884934902191,0.542805939912796,0,0,0,0,129.002884455025,56.7460146173835,45.0095724090934,6.34915290027857,2073.51119094342,1.06245124340057,425.858330599964,4.3663317039609,0.882805407047272
2.6023057103157,0,3.61438143253326,7.30776187032461,0.123977430164814,2.25533759593964,0,0,8.67831385135651,124.230610817671,0,0,0,0,0,0,4788.33672813326,5391.44664973766,0,0,0,0,0,0,2.85401397943497,0,0,0,0,0,0,0,0,0,0.200519740581512,0,0,0,0,1067.06205052882,878.779294461012,816.630002863705,915.035851053894,13.9516932293773,72.9024720489979,287.941754214466,752.027885653079,3.71689572930336,53.8363357633352,44.8182533234358,0.19674526154995,0,0,0,5.05593958497047,0,1.27724277973175,1.6663768813014,0,3.28253878653049,0,0,114.15394204855,109.416319832206,0,0,0,0,0,0,4.1063274666667,0.58358334004879,9.43781369179487,53.0112612396479,0,0,0,1.78448610007763,1060.82435169071,1691.6450786069,276.484166450799,274.939075946808,4661.35568699241,52.2399061918259,5082.39692149311,56.7152584791183,73.2361485809088
0,0,0,119.191422820091,0,685.787772446871,0,2.89773124456406,0,0,0,1509.15141004324,0,0,0,0,0,0,0,0,0,0,0,0,0,0,0,0,0,0,0,0,0,0,0,1856.94056683779,0,635.767319217324,0,0,0,0,0,0,0,0,0,0,0,0,0,30.9875402450562,0,0,0,10.8978500962257,0,117.023439526558,0,0,0,1.73059594631195,342.91227401793,0,0,0,0,0,0,0,0,0,0,0,0,0,0,0,1022.11979684234,0,332.994883343577,0,366.218318521976,0,233.89141921699,0,0
0,0,54.0420849025249,0,163.181777253747,0,221.727259039879,0,0,0,1693.41245920956,0,0,0,0,0,0,0,0,0,0,0,0,0,0,0,0,0,0,0,0,0,0,0,0,0,1350.47796463966,0,283.843282237649,0,0,0,0,0,0,0,0,0,0,0,10.4444471001625,0,0,0,6.07928839325905,0,4.28913125395775,0,4.56456279754639,0,0.559521317481995,0,0,1716.71734976768,0,0,0,0,0,0,0,0,0,0,0,0,0,0,0,643.008962869644,0,193.568617403507,217.739420041442,0,32.2272824496031,0,0
0,0,0,0,0,0,0,0,0,0,0,0,0,0,0,0,0,0,0,0,0,0,3466.28702759743,587.99345818162,0,0,0,619.648485124111,0,0,0,0,0,0,0,0,0,1637.33315426111,7.97744445502758,0.377825349569321,0,3.40316960215569,0,0,0,0,0,0.854770362377167,1.27105106413364,745.320797011256,0,0,0,0,0,0,0,0.679748386144638,0,0,0,0,1.66534329950809,0,6789.98627775908,1536.25637364388,109.240410163999,0,34.8946132659912,0,977.617376148701,0,10.2435380518436,0,0,0,0,1.06736308336258,0,0,2796.25831665099,9.65083520114422,1904.73320953548,45.4470126628876,9.51168312132359,0.560228288173676,0
0,0,0,0,0,0,0,0,0,0,0,0,0,0,0,0,0,0,0,0,0,3466.28702759743,0,0,65.0770285129547,0,161.551041603088,0,466.828526556492,0,0,0,0,0,0,0,0,26.118791282177,2593.50067611039,0,0,0,0,0,0,0,0,0,91.0585023015738,0,0,0,0,0,0,0,0,0,0,0,0,0,0,0,3449.37057605386,9273.30090665817,0,83.811587870121,0,434.154206246138,0,268.150584816933,0,0,0,0,0,0,0,0,13.3339949846268,2746.31417815387,2658.53818264604,97.9440748691559,0.189367815852165,0,0
0,0,0,0,0,0,0,0,0,3.18867492675781,0,0,0,0,0,0,0,0,0,0,0,587.99345818162,0,0,0,137.321831464767,0,0,0,0,0,0,0,0,0,0,0,307.214079812169,0,0,0,0,0,0,0,0,0,0,0,118.112278044224,0,0,0,0,0,5.69417667388916,0,0,0,0,0,0,0,0,205.633624613285,0,184.16350787878,0,629.640320539474,0,0,0,0,0,0,0,0,0,0,0,345.767078697681,0,72.1822807192802,0,11.3138792812824,0,0
0,0,0,0,0,0,0,0,0,0,0,0,0,0,0,0,0,0,2.85401397943497,0,0,0,65.0770285129547,0,0,0,228.173856377602,0,0,0,0,0,0,0,0,0,0,0,1007.43675519526,0,0,0,7.71548292040825,0,0,0,0,1.9000518321991,4.69595649838448,0,0,0,0,0,0,0,0,0,0,0,0,0,0,0,0,27.3026713132858,0,575.051773905754,0,438.996963381767,0,0,0,0,0,0,0,1.20421540737152,0,0,0,434.993837445974,118.384167313576,0,9.43904030323029,0,3.29772084951401
0,0,0,0,0,0,0,0,0,0,0,0,0,49.6493570804596,0,20.1359013319016,0,0,0,0,0,0,0,137.321831464767,0,0,0,43.3203115463257,0,0,0,0,0,0,0,0,0,0,0,0,0,0,0,0,0,0,0,0,0,0,0,0,0,0,0,12.473846912384,0,0,0,2.23431539535522,0,0,0,0,0,0,7.58986854553223,0,111.247757971287,0,16.2123221158981,0,0,0,0,0,0,0,0,0,0,0,0,0,0,0,0
0,0,0,0,0,0,0,0,66.5085349082947,0,0,0,0,0,0,0,65.5548493862152,0,0,0,0,0,161.551041603088,0,228.173856377602,0,0,0,2.16337609291077,0,0,0,0,0,0,0,0,0,0,0,0,0,0,0,0,0,0,0,0,0,0,0,0,0,34.3431379795074,0,0,0,0,0,0,0,0,0,0,565.216856241226,0,207.795909762383,0,126.088126540184,0,0,0,0,0,0,0,0,0,0,0,0,42.5828115940094,0,0,0,0
0,0,0,0,0,0,0,0,0,0,0,0,0,0,0,0,0,0,0,0,0,619.648485124111,0,0,0,43.3203115463257,0,0,0,346.912008821964,0,0,0,0,0,0,0,314.869610905647,0,0,0,0,0,0,0,0,0,0,0,0,0,0,0,0,0,0,0,0,0,0,0,0,0,0,589.794600129128,0,0,0,9.61098337173462,0,3974.90099829435,0,914.475756585598,0,0,0,0,0,0,0,526.924194872379,0,373.37030005455,185.036236464977,0,0,0
0,0,0,0,0,0,0,0,0,0,30.3866114020348,0,59.9702078104019,0,0,0,0,0,0,0,0,0,466.828526556492,0,0,0,2.16337609291077,0,0,0,402.641908109188,0,0,0,0,0,0,0,211.903717517853,0,0,0,0,0,0,0,0,0,0,0,0,0,0,0,0,0,0,0,332.162646830082,0,0,0,0,0,0,113.235371172428,0,0,0,58.1156677603722,0,4756.871381253,0,107.901790469885,0,0,0,0,0,0,0,30.251177072525,96.0765078663826,259.296487689018,0,0,0
0,0,0,0,0,0,0,0,0,0,0,0,0,0,0,0,0,0,0,0,0,0,0,0,0,0,0,346.912008821964,0,0,0,0,0,0,0,0,0,18.5699734091759,0,0,0,0,0,0,0,0,0,0,0,0,0,0,0,0,0,0,0,14.5130171775818,0,0,0,0,0,0,0,0,0,0,0,0,214.507283300161,0,307.864533126354,0,0,0,0,0,0,0,198.212920278311,0,10.1026238203049,0,0,0,0
0,0,0,0,0,0,0,0,0,0,47.028185904026,0,0,0,0,0,0,0,0,0,0,0,0,0,0,0,0,0,402.641908109188,0,0,0,0,0,0,0,0,0,243.310617685318,0,0,0,0,0,0,0,0,0,0,0,0,0,0,0,0,0,43.6679621338844,0,0,0,0,0,0,0,0,0,0,0,0,0,0,747.815419197083,0,632.961420550942,0,0,0,0,0,0,0,12.3294534087181,1.29247844219208,0,0,0,0
0,0,0,0,0,0,0,0,0,0,0,0,0,0,0,0,0,0,0,0,0,0,0,0,0,0,0,0,0,0,0,0,1025.10080513358,103.45766274631,20.2759842574596,345.625513255596,123.380051314831,0,0,0,0,0,0,0,0,0,0,592.27717076242,0,0,0,0,0,0,0,0,0,0,0,0,0,0,0,0,0,0,0,0,0,0,0,0,0,0,1832.68607489765,1511.28077401221,289.154139891267,22.4065712988377,2071.22304272652,290.953032910824,3.770656645298,2.73197937011719,457.95331043005,0,0,0,0
0,0,0,0,0,0,0,0,0,0,0,0,0,0,0,0,0,0,0,0,0,0,0,0,0,0,0,0,0,0,0,1025.10080513358,0,22.0511750131845,140.652722790837,4.07845401763916,22.859815955162,0,0,0,0,0,0,0,0,0,0,753.321576625109,0,0,0,0,0,0,0,0,0,0,0,0,0,0,0,0,0,0,0,0,0,0,0,0,0,0,1597.89169253409,800.759677112103,99.7268065810204,102.907830119133,171.169154554605,238.616065733135,0.915694534778595,0.606036484241486,349.492415100336,0.196217983961105,0,0,0
0,0,0,0,0,0,0,0,0,0,0,0,0,0,0,0,0,0,0,0,0,0,0,0,0,0,0,0,0,0,0,103.45766274631,22.0511750131845,0,1719.72948803008,556.978916168213,0,301.247386991978,122.115004211664,0,0,0,0,0,0,0,0,2684.86945661902,29.7277480363846,5.63033200800419,0,0,0,0,0,0,0,0,0,0,0,0,0,0,0,0.37659615278244,0,0,0,0,0,0,0,0,35.6045657321811,32.8078787624836,2848.83515630662,1218.33654668927,898.131186284125,17.8446188867092,366.080692559481,108.735035791993,285.898888379335,66.8091058135033,9.00274468958378,0,0
0,0,0,0,0,0,0,0,0,0,0,0,0,0,0,0,0,0,0.200519740581512,0,0,0,0,0,0,0,0,0,0,0,0,20.2759842574596,140.652722790837,1719.72948803008,0,0,374.192182213068,91.2502253651619,234.768457427621,0.701042309403419,0,4.96805250644684,0,0,0,0,0,2009.77816462517,3.02167773246765,5.9022861123085,0,0,0,0,0,0,0,0.92217093706131,0,0,0,0,1.15788662433624,0,0,0,0,0,0,0,0,0,1.11225605010986,0,8.35824778676033,64.3376950696111,5293.17570516467,1766.02386484295,11.6245032250881,563.889113724232,255.909192174673,156.422404959798,1104.68320392072,88.1170654296875,10.070329874754,0.35887598991394,0
0,0,0,131.284112721682,0,313.47277328372,0,2.5279358625412,0,0,0,288.771690040827,0,0,0,0,0,0,0,1856.94056683779,0,0,0,0,0,0,0,0,0,0,0,345.625513255596,4.07845401763916,556.978916168213,0,0,1148.53552803397,925.276392221451,0,34.0977564454079,0,0.956936359405518,0,0,0,0,0,291.642587900162,7.30091792345047,36.7108847647905,0,27.3743604421616,0,0,0,12.9166130721569,0,8.41865050792694,0,0,0,0,1376.62299260497,0,0,0,0,0,0,0,0,0,0,0,224.89510397613,2.3402316570282,2057.07612603903,0,33677.2928127944,1184.70307394862,123.610183119774,0,2937.69052186608,635.769719719887,68.5013013482094,0,0
0,0,18.6223089396954,0,26.458810120821,0,0,0,0,0,487.42174166441,0,0,0,0,0,0,0,0,0,1350.47796463966,0,0,0,0,0,0,0,0,0,0,123.380051314831,22.859815955162,0,374.192182213068,1148.53552803397,0,0,623.967830583453,0,0,0,0,0,0,0,0,505.427280545235,12.747029364109,3.75658223032951,4.64248660206795,0,0,0,8.00852265954018,0,6.8253261744976,0,3.18121412396431,0,0,0,0,2442.68243664503,0,0,0,0,0,0,0,0,0,0,296.270214408636,8.93949267268181,0,36.9057680517435,15430.4121484756,35932.0886036903,0,24.5467237234116,4239.32843224704,369.454701244831,86.5577228665352,0,0
1.801777780056,0,0,0,0,0,0,0,0.425548374652863,44.3470686078072,0,1460.38143765926,0,0,0,0,0,0,0,635.767319217324,0,1637.33315426111,26.118791282177,307.214079812169,0,0,0,314.869610905647,0,18.5699734091759,0,0,0,301.247386991978,91.2502253651619,925.276392221451,0,0,2009.73624515533,0,0,44.7739259898663,0,0,0,0,0,1535.40354967117,36.3209932297468,763.47058185935,0,0,0,0,0,2.22427779436111,0,25.6136998236179,0,0,0,0,442.680832803249,0,534.533446505666,9.8227196931839,315.292800351977,0,0,0,111.774399250746,0,11.0951242446899,0,0,0,223.810223907232,3.9322260171175,1566.48178426921,0,9987.49558141828,340.977905064821,3278.4743834883,507.43318092823,198.554070368409,0,0
0,3.33923144638538,0,0.344593465328217,0,0,0,0,27.3177572190762,0,2188.33942072093,0,0,0,0,0,0,0,0,0,283.843282237649,7.97744445502758,2593.50067611039,0,1007.43675519526,0,0,0,211.903717517853,0,243.310617685318,0,0,122.115004211664,234.768457427621,0,623.967830583453,2009.73624515533,0,0,0,0.951484903693199,236.02673278749,0,0,0,0,2672.40899446607,661.455602347851,134.200034111738,0,0,0,0,5.98661518096924,0,2021.04224941134,0,0,0,0,0,0,507.429727748036,5.32106751203537,1276.37191200256,0,317.342470049858,0,0,0,368.382555961609,0.230125650763512,76.609235137701,0,0,35.0289468169212,442.57134577632,0,863.427914753556,2206.80507212877,11900.3356523663,4074.24457100034,57.0129001736641,194.219028651714,0,0
0,62.0887067615986,1.79612602293491,49.3316776454449,0.406912535429001,3.00466579198837,0,0,0,0,0,0,0,0,0,0,22.002753816545,134.709459654987,1067.06205052882,0,0,0.377825349569321,0,0,0,0,0,0,0,0,0,0,0,0,0.701042309403419,34.0977564454079,0,0,0,0,8.74316672980785,616.235304772854,4.50367549061775,13.2049357816577,0,783.344464793801,1.37181562185287,140.981456816196,46.0968607217073,1054.5670042336,2.34355583786964,0.943413317203522,0,0,0.39661106467247,2.63269956409931,0.194360196590424,9.11736969649792,0,3.45835673809052,0,1.86590917408466,1085.5566637069,0.176741302013397,0.155264884233475,0,0,0,0,0,6.44081893563271,0,41.3461341708899,0,0,0,0,1.51506068557501,2512.91296540201,9.41931374371052,186.366938196123,2.74945140630007,228.366884447634,0,2653.55452430993,18.042303532362,0
7.0473397821188,0,38.9896703213453,0,6.28498628735542,0,0,0,1.2502106577158,0,0,0,0,0,0,0,109.019489519298,22.7168389409781,878.779294461012,0,0,0,0,0,0,0,0,0,0,0,0,0,0,0,0,0,0,0,0,8.74316672980785,0,3.03677719831467,362.045750468969,0.805305659770966,13.6540098488331,0,422.064217671752,175.893126577139,1168.27311117947,6.26118135452271,9.29607394337654,0,0,0,12.2518606036901,0,4.55665594339371,0,2.83213646709919,0,1.8908969014883,0,0,1242.0569896996,0,0,0,0,0,0,0,0.731389231979847,0,82.7694468796253,0,0,0,0,2.80417120456696,2204.4908342585,0,124.481784425676,300.497876904905,0,1948.35333848745,0,20.9189316034317
0.630521461367607,256.778254061937,0.2801294028759,85.4372034370899,0,0.173376739025116,0,0,0,9.77392143011093,0,0,0,0,0,0,25.629751637578,142.837328270078,816.630002863705,0,0,3.40316960215569,0,0,0,0,0,0,0,0,0,0,0,0,4.96805250644684,0.956936359405518,0,44.7739259898663,0.951484903693199,616.235304772854,3.03677719831467,0,210.357170522213,16.0018719285727,0,98.5147281214595,2.46538355946541,26.5913741067052,17.0320787578821,564.537890404463,0,1.71239368617535,0,0,0,4.55422553420067,0,464.847752265632,0,2.63103780150414,0,1.49525073170662,197.535814940929,0,1.82745063304901,0,0,0,0,0,192.971357256174,0,563.536111995578,0,0,0,0,18.4295831471682,337.437161795795,2.82507199048996,561.438334457576,24.2156444042921,905.352137230337,0,5049.65973472595,494.971873223782,0.30917164683342
651.926518768072,0,87.2729748934507,0,6.56981176137924,0,0,0,52.9628682434559,0,0,0,0,0,0,0,155.444100573659,41.2468340992928,915.035851053894,0,0,0,0,0,7.71548292040825,0,0,0,0,0,0,0,0,0,0,0,0,0,236.02673278749,4.50367549061775,362.045750468969,210.357170522213,0,0.25831463932991,0,0,318.750012598932,10.4286174923182,540.81756811589,7.95930969715118,6.74024921655655,0,0,0,28.3279990106821,0,5.51667745411396,0,4.1702842861414,0,0.836346656084061,0,0,111.35867317766,0,0,0,21.6968505382538,0,0,0,39.1479714363813,0,778.063432469964,0,0,0,0,1.80061566829681,372.684982396662,1.99462109059095,353.539362974465,1395.39723519981,0,5257.41624840349,0,533.759998373687
0,0,0,0,0,0,0,0,0,0,0,0,0,0,0,0,1.61831223964691,1.86038763821125,13.9516932293773,0,0,0,0,0,0,0,0,0,0,0,0,0,0,0,0,0,0,0,0,13.2049357816577,0.805305659770966,16.0018719285727,0.25831463932991,0,0,0.167922332882881,0,0,0,0.480600088834763,0,0,0,0,0,0,0,0,0,0,0,0,1.6419625878334,0,0,0,0,0,0,0,0,0,0,0,0,0,0,0,15.2917092964053,0,2.52473497390747,0,0.8709766715765,0,36.7333836480975,0.428470224142075,0
0,0,0,0,0,0,0,0,0,0,0,0,0,0,0,0,0.646575435996056,0,72.9024720489979,0,0,0,0,0,0,0,0,0,0,0,0,0,0,0,0,0,0,0,0,0,13.6540098488331,0,0,0,0,0,12.8575976192951,0,2.91763210296631,0,0,0,0,0,0,0,0,0,0,0,0,0,0,0.84355166554451,0,0,0,0,0,0,0,0,0,13.2741364836693,0,0,0,0,0,84.5164462327957,0,27.6293843984604,1.98330581188202,0,101.334674730897,0,1.7935483455658
0,15.0989223271608,0.617159307003021,37.5066670030355,0,2.51800483465195,0,0,0,0,0,0,0,0,0,0,0.463717252016068,22.2546858936548,287.941754214466,0,0,0,0,0,0,0,0,0,0,0,0,0,0,0,0,0,0,0,0,783.344464793801,0,98.5147281214595,0,0.167922332882881,0,0,0,3.01780125498772,8.09879386425018,169.330878525972,1.26862308382988,0,0,0,0.266980707645416,1.56576225161552,0.18524281680584,4.41809356212616,0,2.82470038533211,0,0,440.121518135071,0,0,0,0,0,0,0,2.84486734122038,0,10.0038961097598,0,0,0,0,0.152366369962692,1301.21950096637,4.86332580447197,175.293887324631,0.71143302321434,41.9798808693886,0,1031.03414441645,0.784533306956291,2.78408980369568
8.83112072944641,0,41.2485208809376,0.28301665186882,2.36001223325729,0,0,0,0.689686551690102,0,0,0,0,0,0,0,51.1565551161766,15.5733910501003,752.027885653079,0,0,0,0,0,0,0,0,0,0,0,0,0,0,0,0,0,0,0,0,1.37181562185287,422.064217671752,2.46538355946541,318.750012598932,0,12.8575976192951,0,0,0.133573845028877,66.8365353345871,0,2.50683778524399,0,0,0,4.58819535374641,0,8.76586204767227,0,0.796581074595451,0,0.516363948583603,0,0,842.788986891508,0,0,0,0,0,0,0,1.52439869940281,0.457761317491531,58.7161487266421,0,0,0,0,0.187348857522011,1791.6236885339,1.95908156037331,97.5601437389851,204.027643375099,0,1761.79141069204,0,3.78153964877129
1.64579024910927,0.746498957276344,3.08939868211746,1.35064005851746,1.31416043639183,0,0,0,0,0,0,0,0,0,0,0,0,0.315482288599014,3.71689572930336,0,0,0.854770362377167,0,0,1.9000518321991,0,0,0,0,0,0,592.27717076242,753.321576625109,2684.86945661902,2009.77816462517,291.642587900162,505.427280545235,1535.40354967117,2672.40899446607,140.981456816196,175.893126577139,26.5913741067052,10.4286174923182,0,0,3.01780125498772,0.133573845028877,0,1528.83922146261,1083.31104071438,1.83243104815483,0,0,0,0.235650256276131,0,0.214664801955223,1.38327856361866,0,0,0,0,12.9790772497654,0.168585211038589,0.776445224881172,0.217653214931488,0,14.9551570415497,0,0,0.295676112174988,0,13.4395917803049,0.256800144910812,1751.40786159039,2096.88511522114,2546.65323041379,1951.89478005469,5345.95307782292,5044.77088306844,1103.06375445426,1301.59568233788,556.583439260721,35.4693652391434,1100.63865731657,4.57109689712524,0
474.046216547489,5.08138518035412,364.688688643277,0.143488377332687,17.5243773162365,0,0,0,6.98898410797119,0,0,0,0,0,0,0,7.51093862950802,2.46898807585239,53.8363357633352,0,0,1.27105106413364,91.0585023015738,0,4.69595649838448,0,0,0,0,0,0,0,0,29.7277480363846,3.02167773246765,7.30091792345047,12.747029364109,36.3209932297468,661.455602347851,46.0968607217073,1168.27311117947,17.0320787578821,540.81756811589,0,2.91763210296631,8.09879386425018,66.8365353345871,1528.83922146261,0,349.651783935726,17.8655210137367,0,0,0,74.3162663131952,0,17.5040853843093,0,2.52461963891983,0,10.8754289597273,0,4.50916102528572,22.3979890197515,0.647912561893463,224.211572617292,0,77.3831441998482,0,9.64287447929382,0.587059482932091,313.090448483825,3.77930510044098,125.498169086874,0,0,76.607661575079,4.44186425209045,34.3041083812714,1390.05025250465,253.150312706828,1249.41887898743,952.550420582294,0,2523.44208939373,2.63479749858379,5.95121470093727
6.74536544084549,307.673571646214,0.723550841212273,213.238495469093,0,5.60945604741573,0,0,0,57.2712198197842,0,0,0,0,0,1.20470482110977,0.112082205712795,5.9333703070879,44.8182533234358,0,0,745.320797011256,0,118.112278044224,0,0,0,0,0,0,0,0,0,5.63033200800419,5.9022861123085,36.7108847647905,3.75658223032951,763.47058185935,134.200034111738,1054.5670042336,6.26118135452271,564.537890404463,7.95930969715118,0.480600088834763,0,169.330878525972,0,1083.31104071438,349.651783935726,0,0,0.50111910700798,0,0,0,147.13341934979,0.193926990032196,103.322217270732,0,0.905530661344528,0,25.0363599061966,32.9013137817383,0,163.423548713326,0.165877416729927,220.212639153004,0.508562326431274,0,0,326.96592900157,0,171.020765058696,0.144159272313118,0,0,5.42670127749443,74.1269889622927,939.798615209758,7.23868083953857,825.864965692163,267.684632249177,636.179071061313,0,2429.30803656578,10.5693643391132,0
0,0,72.6076417565346,0,23.098208874464,0,0,0,0,0,0,0,0,0,0,0,0,0,0.19674526154995,0,10.4444471001625,0,0,0,0,0,0,0,0,0,0,0,0,0,0,0,4.64248660206795,0,0,2.34355583786964,9.29607394337654,0,6.74024921655655,0,0,1.26862308382988,2.50683778524399,1.83243104815483,17.8655210137367,0,0,0,0,0,1.45029106736183,0,0,0,0,0,0,0,0,14.7688821107149,0,0,0,0,0,0,0,0,0,0,0,0,0,0,0.673254668712616,69.4454471766949,0,0,14.8425360172987,0,92.5853219777346,0,0
0,1.7588142156601,0,101.450328588486,0,18.8872039914131,0,1,0,47.7099329829216,0,2.13944125175476,0,0,0,39.9217215180397,0,0,0,30.9875402450562,0,0,0,0,0,0,0,0,0,0,0,0,0,0,0,27.3743604421616,0,0,0,0.943413317203522,0,1.71239368617535,0,0,0,0,0,0,0,0.50111910700798,0,0,0,4.28973817825317,0,5.80031234025955,0,30.2224778532982,0,7.40532064437866,0,53.73373067379,2.64011192321777,0,0.300448209047318,0,0,0,0,0,0,0,0,0,0,0,0,0,0.94027441740036,0,0,0,2.53680115938187,0,73.9256692230701,0,0
0,0,0,0,0,0,38.1187654733658,0,0,0,0,0,0,0,0,0,0,0,0,0,0,0,0,0,0,0,0,0,0,0,0,0,0,0,0,0,0,0,0,0,0,0,0,0,0,0,0,0,0,0,0,0,0,0,0,0,1.65390300750732,0,0,0,0,0,0,0,0,0,0,0,0,0,0,0,0,0,0,0,0,0,0,0,0,0,8.08144903182983,0,0,0,0
0,0,0,0,0,5.13172817230225,0,54.0749955177307,0,0,0,0,0,7,0,0,0,0,0,0,0,0,0,0,0,0,0,0,0,0,0,0,0,0,0,0,0,0,0,0,0,0,0,0,0,0,0,0,0,0,0,4.28973817825317,0,0,0,0,0,0,0,0,0,0,0,0,0,0,0,0,0,0,0,0,0,0,0,0,0,0,0,0,0,0,13.422815322876,0,0,0,0
450.381382241845,0,427.314281225204,0,42.6469613015652,0,0,0,836.857353702188,0,0,0,0,0,93.0195298194885,0,4.86379131674767,0,5.05593958497047,0,6.07928839325905,0,0,0,0,0,34.3431379795074,0,0,0,0,0,0,0,0,0,8.00852265954018,0,5.98661518096924,0.39661106467247,12.2518606036901,0,28.3279990106821,0,0,0.266980707645416,4.58819535374641,0.235650256276131,74.3162663131952,0,1.45029106736183,0,0,0,0,0,2.13913744688034,0,0.986636936664581,0,332.603064000607,0,0,4.51906350255013,0,0,0,381.585334345698,0,17.1330299377441,0,0,0,0,0,0,0,0,0.227169692516327,37.106621094048,0,2.27025212347507,123.420328021049,0,309.388173654675,0,6.15005600452423
0,311.76011928916,0,104.949600934982,0,21.7384204268456,0,0,0,733.88175137341,0,0,0,0,0,144.477497726679,0,0,0,10.8978500962257,0,0,0,5.69417667388916,0,12.473846912384,0,0,0,0,0,0,0,0,0,12.9166130721569,0,2.22427779436111,0,2.63269956409931,0,4.55422553420067,0,0,0,1.56576225161552,0,0,0,147.13341934979,0,5.80031234025955,0,0,0,0,0,6.99429655075073,0,1.33928763866425,0,490.460995346308,0,0,0,0,300.307487666607,0,18.7857990264893,0,0.278438121080399,0,0,0,0,0,0,0,0.359642773866653,0,5.42416694760323,0,88.2150013446808,0,97.6226977556944,0.286062747240067,0
0,0,35.4563965499401,0,0,0,364.342327475548,0,7.91326427459717,0,2147.77146323025,0,56.3643910288811,0,0,0,0.452004373073578,0,1.27724277973175,0,4.28913125395775,0,0,0,0,0,0,0,0,0,43.6679621338844,0,0,0,0,0,6.8253261744976,0,2021.04224941134,0.194360196590424,4.55665594339371,0,5.51667745411396,0,0,0.18524281680584,8.76586204767227,0.214664801955223,17.5040853843093,0.193926990032196,0,0,1.65390300750732,0,2.13913744688034,0,0,0,91.9936054050922,0,4.37668412923813,0,0,106.079405039549,0,0,0,0,0,0,0,6.44113582372665,0,647.040460526943,0,0,0,0,1.80907635390759,80.1078253388405,0,480.049310989678,1284.67596553266,7.39853572845459,472.721036106348,0,1.7204749584198
0,0,0,198.861905455589,0,47.7835844755173,0,0,0,0,0,178.418393164873,0,0,0,0,0,1.69757291674614,1.6663768813014,117.023439526558,0,0.679748386144638,0,0,0,0,0,0,0,14.5130171775818,0,0,0,0,0.92217093706131,8.41865050792694,0,25.6136998236179,0,9.11736969649792,0,464.847752265632,0,0,0,4.41809356212616,0,1.38327856361866,0,103.322217270732,0,30.2224778532982,0,0,0,6.99429655075073,0,0,0,237.218595668674,0,20.1721574068069,221.311177618802,0,2.8046723306179,0,0,0,0,0,1086.71728833765,0,860.542099706829,0,0,0,0,0.704713702201843,11.6512400731444,0,478.680760547519,1.7512179017067,297.01482924819,0,627.589415580034,22.2013360261917,0
0,0,17.679257184267,0,0,0,8.35610795021057,0,1.33480715751648,0,254.97974306345,0,4727.12263818085,0,68.4825468361378,0,0,0,0,0,4.56456279754639,0,0,0,0,0,0,0,332.162646830082,0,0,0,0,0,0,0,3.18121412396431,0,0,0,2.83213646709919,0,4.1702842861414,0,0,0,0.796581074595451,0,2.52461963891983,0,0,0,0,0,0.986636936664581,0,91.9936054050922,0,0,0,698.111679702997,0,0,3.19091455638409,0,0,0,0,0,0,0,62.5672259032726,0,0,0,0,0,0,0,27.4637467265129,0,0,2848.77604091167,3182.89739322662,23.6904708594084,0,0
0,0,0,76.8002844154835,0,2.46848392486572,0,18.1969116926193,0,0,0,0,0,203.136850863695,0,134.149830594659,0,0,3.28253878653049,0,0,0,0,0,0,2.23431539535522,0,0,0,0,0,0,0,0,0,0,0,0,0,3.45835673809052,0,2.63103780150414,0,0,0,2.82470038533211,0,0,0,0.905530661344528,0,7.40532064437866,0,0,0,1.33928763866425,0,237.218595668674,0,0,0,510.919669359922,2.41492213308811,0,0,0,0,0,0,0,0,0,1.7729107439518,0,0,0,0,0,1.50034995377064,0,0,0,808.495861500502,2721.84740072489,102.316818267107,0.290507733821869,0
11.0962660014629,0,31.7273578643799,0,0,0,0,0,115.869026482105,0,0,0,456.083456873894,0,402.110881835222,0,0,0,0,0,0.559521317481995,0,0,0,0,0,0,0,0,0,0,0,0,0,0,0,0,0,0,0,1.8908969014883,0,0.836346656084061,0,0,0,0.516363948583603,0,10.8754289597273,0,0,0,0,0,332.603064000607,0,4.37668412923813,0,698.111679702997,0,0,0,0,2.57013091444969,0,0,0,0,0,0,0,0,0,0,0,0,0,0,0,19.5420886129141,0,0,13.9232299029827,0,18.6890881061554,0,0.382171511650085
0,97.6133678257465,0,40.1868918538094,0,13.4778553247452,0,0,0,342.607728421688,0,0,0,98.7968002706766,0,455.34967944026,0,0,0,1.73059594631195,0,0,0,0,0,0,0,0,0,0,0,0,0,0,0,0,0,0,0,1.86590917408466,0,1.49525073170662,0,0,0,0,0,0,0,25.0363599061966,0,53.73373067379,0,0,0,490.460995346308,0,20.1721574068069,0,510.919669359922,0,0,0.344426870346069,0,0,0,31.7532521486282,0,0,0,0,0,0.507306426763535,0,0,0,0,0,0.184272229671478,0,0.701641201972961,0,0.99996018409729,0,35.5473718643188,0,0
0,1.6288246512413,0,11.1875927895308,0.795090556144714,40.7006231099367,0,0,0,0,0,2071.98809510469,0,0,0,0,3.12624521553516,21.3762033358216,114.15394204855,342.91227401793,0,1.66534329950809,0,0,0,0,0,0,0,0,0,0,0,0,1.15788662433624,1376.62299260497,0,442.680832803249,0,1085.5566637069,0,197.535814940929,0,1.6419625878334,0,440.121518135071,0,12.9790772497654,4.50916102528572,32.9013137817383,0,2.64011192321777,0,0,0,0,0,221.311177618802,0,2.41492213308811,0,0.344426870346069,0,0,0.657649785280228,0,0,0,0,0,288.019329369068,0,443.035728320479,0,0,0,0.144951105117798,10.2906404733658,2771.74312362075,0.160754159092903,1838.75625285506,18.036584854126,397.235554769635,0,2144.94702512026,8.71297617256641,0
0.97251296043396,0,12.1716027259827,0,45.4863696098328,0,140.533857285976,0,0,0,1237.40836884081,0,0,0,0,0,15.7502632141113,2.55477195978165,109.416319832206,0,1716.71734976768,0,0,0,0,0,0,0,0,0,0,0,0,0,0,0,2442.68243664503,0,507.429727748036,0.176741302013397,1242.0569896996,0,111.35867317766,0,0.84355166554451,0,842.788986891508,0.168585211038589,22.3979890197515,0,14.7688821107149,0,0,0,4.51906350255013,0,106.079405039549,0,3.19091455638409,0,2.57013091444969,0,0,0,0,0,0,0,0,0,0,22.1961183845997,0,184.071805477142,0,0,0,0,0,2030.54562471062,0,670.565147638321,360.96040545404,0,1772.30041947961,0,5.15534494817257
0,0,0,0,0,0,0,0,0,0,0,0,0,0,0,0,0,0,0,0,0,6789.98627775908,3449.37057605386,205.633624613285,0,0,0,589.794600129128,0,0,0,0,0,0,0,0,0,534.533446505666,5.32106751203537,0.155264884233475,0,1.82745063304901,0,0,0,0,0,0.776445224881172,0.647912561893463,163.423548713326,0,0.300448209047318,0,0,0,0,0,2.8046723306179,0,0,0,0,0.657649785280228,0,0,1230.15169402957,14.0372156500816,0,541.790977567434,0,975.79216067493,0,7.10797116160393,0,0,0,0,0,0,0,414.153860986233,8.98464186489582,3977.22401469946,448.847539246082,4.31981799006462,0,0
0,0,0,0,0,0,0,0,0,0,0,0,0,0,0,0,0,0,0,0,0,1536.25637364388,9273.30090665817,0,27.3026713132858,0,565.216856241226,0,113.235371172428,0,0,0,0,0.37659615278244,0,0,0,9.8227196931839,1276.37191200256,0,0,0,0,0,0,0,0,0.217653214931488,224.211572617292,0.165877416729927,0,0,0,0,0,0,0,0,0,0,0,0,0,0,1230.15169402957,0,0,48.1615197062492,0,587.481964185834,0,10.0712255686522,0,0,0,0,0,0,0,0,1.28850185871124,781.364184498787,3590.45272114873,84.3170738220215,0,0,0
0,124.704759389162,0,0,0,0,0,0,0,65.5298903137445,0,0,0,0,0,2.06977094709873,0,0,0,0,0,109.240410163999,0,184.16350787878,0,7.58986854553223,0,0,0,0,0,0,0,0,0,0,0,315.292800351977,0,0,0,0,0,0,0,0,0,0,0,220.212639153004,0,0,0,0,0,300.307487666607,0,0,0,0,0,31.7532521486282,0,0,14.0372156500816,0,0,0,53.8339505195618,0,0,0,0,0,0,0,0,0,0,0,536.636547848582,0,303.971385776997,0,203.81976121664,0,0
0,0,0,0,0,0,0,0,69.1666017621756,0,0,0,0,0,0,0,0,0,0,0,0,0,83.811587870121,0,575.051773905754,0,207.795909762383,0,0,0,0,0,0,0,0,0,0,0,317.342470049858,0,0,0,21.6968505382538,0,0,0,0,14.9551570415497,77.3831441998482,0.508562326431274,0,0,0,0,381.585334345698,0,0,0,0,0,0,0,0,0,0,48.1615197062492,0,0,0,193.553556799889,0,0,0,0,0,0,0,0,0,0,0,137.425660282373,394.576866030693,0,249.125319749117,0,3.67314410209656
0,0,0,0,0,0,0,0,0,2,0,0,0,35.0956013202667,0,5.00426316261292,0,0,0,0,0,34.8946132659912,0,629.640320539474,0,111.247757971287,0,9.61098337173462,0,0,0,0,0,0,0,0,0,0,0,0,0,0,0,0,0,0,0,0,0,0,0,0,0,0,0,18.7857990264893,0,0,0,0,0,0,0,0,541.790977567434,0,53.8339505195618,0,0,0,255.601763367653,0,0,0,0,0,0,0,0,0,0,0,0,0,0,0,0
0,0,0,0,0,0,0,0,71.5172786712646,0,0,0,0,0,0,0,2.5531370639801,0,0,0,0,0,434.154206246138,0,438.996963381767,0,126.088126540184,0,58.1156677603722,0,0,0,0,0,0,0,0,0,0,0,0,0,0,0,0,0,0,0,9.64287447929382,0,0,0,0,0,17.1330299377441,0,0,0,0,0,0,0,0,0,0,587.481964185834,0,193.553556799889,0,0,0,258.701458826661,0,0,0,0,0,0,0,0,0,0,87.3285398483276,0,0,0,0
0.284680753946304,0,0,5.33174411952496,0,0,0,0,0,0,0,0,0,0,0,0,0,1.0917733758688,4.1063274666667,0,0,977.617376148701,0,0,0,16.2123221158981,0,3974.90099829435,0,214.507283300161,0,0,0,0,0,0,0,111.774399250746,0,6.44081893563271,0,192.971357256174,0,0,0,2.84486734122038,0,0.295676112174988,0.587059482932091,326.96592900157,0,0,0,0,0,0.278438121080399,0,1086.71728833765,0,0,0,0,288.019329369068,0,975.79216067493,0,0,0,255.601763367653,0,0,0,414.411845520139,0,0,0,0,0.34386619925499,1.55826905369759,0,171.05644929409,0.257541447877884,1548.46485039592,751.354315698147,263.40962703526,13.6774395406246,0
0.538527801632881,0,0.24815945327282,0,0,0,0,0,0,0,123.065882086754,0,77.5210547745228,0,0,0,0,0,0.58358334004879,0,0,0,268.150584816933,0,0,0,0,0,4756.871381253,0,747.815419197083,0,0,0,0,0,0,0,368.382555961609,0,0.731389231979847,0,39.1479714363813,0,0,0,1.52439869940281,0,313.090448483825,0,0,0,0,0,0,0,6.44113582372665,0,62.5672259032726,0,0,0,0,22.1961183845997,0,10.0712255686522,0,0,0,258.701458826661,0,0,0,303.722875535488,0,0,0,0,0,0.127769351005554,0,92.3616636991501,855.794849693775,446.570241689682,253.328257530928,0,9.60629877448082
0.168416678905487,0,0,11.3532712981105,0,0.275047898292542,0,0,0,0,0,5.45052698254585,0,0,0,0,0,1.66884934902191,9.43781369179487,0,0,10.2435380518436,0,0,0,0,0,914.475756585598,0,307.864533126354,0,0,0,0,1.11225605010986,0,0,11.0951242446899,0.230125650763512,41.3461341708899,0,563.536111995578,0,0,0,10.0038961097598,0.457761317491531,13.4395917803049,3.77930510044098,171.020765058696,0,0,0,0,0,0,0,860.542099706829,0,1.7729107439518,0,0.507306426763535,443.035728320479,0,7.10797116160393,0,0,0,0,0,414.411845520139,0,0,0,0,0,0.458969965577126,9.57685026526451,5.64425040781498,0,1107.39639782906,18.1757916808128,349.722649052739,11.532958984375,608.83135702461,71.1093045473099,0
8.25088518857956,0,3.65806986391544,0,0,0,0,0,0,0,1.52093160152435,0,0,0,0,0,9.13836520910263,0.542805939912796,53.0112612396479,0,0,0,0,0,0,0,0,0,107.901790469885,0,632.961420550942,0,0,0,0,0,0,0,76.609235137701,0,82.7694468796253,0,778.063432469964,0,13.2741364836693,0,58.7161487266421,0.256800144910812,125.498169086874,0.144159272313118,0,0,0,0,0,0,647.040460526943,0,0,0,0,0,0,184.071805477142,0,0,0,0,0,0,0,303.722875535488,0,0,0,0,0,0,0,21.0547468438745,0,918.380804896355,37.3163216710091,0,2348.70734953135,0,218.238363742828
0,0,0,0,0,0,0,0,0,0,0,0,0,0,0,0,0,0,0,0,0,0,0,0,0,0,0,0,0,0,0,1832.68607489765,1597.89169253409,35.6045657321811,8.35824778676033,224.89510397613,296.270214408636,0,0,0,0,0,0,0,0,0,0,1751.40786159039,0,0,0,0,0,0,0,0,0,0,0,0,0,0,0,0,0,0,0,0,0,0,0,0,0,0,0,1193.5086761415,342.933564782143,97.3101755231619,1338.00208619237,119.764809578657,0.729149416089058,1.13133710622787,1494.74666151404,0,0,0,0
0,0,0,0,0,0,0,0,0,0,0,0,0,0,0,0,0,0,0,0,0,0,0,0,0,0,0,0,0,0,0,1511.28077401221,800.759677112103,32.8078787624836,64.3376950696111,2.3402316570282,8.93949267268181,0,0,0,0,0,0,0,0,0,0,2096.88511522114,0,0,0,0,0,0,0,0,0,0,0,0,0,0,0,0,0,0,0,0,0,0,0,0,0,0,1193.5086761415,0,101.317820303142,883.081372268498,102.721133574843,317.080273881555,0.551235318183899,2.5722431242466,802.970447957516,0,0,0,0
0.54118549823761,0,0,0,0,0,0,0,0,0,0,0,0,0,0,0,0,0,0,0,0,0,0,0,0,0,0,0,0,0,0,289.154139891267,99.7268065810204,2848.83515630662,5293.17570516467,2057.07612603903,0,223.810223907232,35.0289468169212,0,0,0,0,0,0,0,0,2546.65323041379,76.607661575079,5.42670127749443,0,0,0,0,0,0,0,0,0,0,0,0,0.144951105117798,0,0,0,0,0,0,0,0,0,0.458969965577126,0,342.933564782143,101.317820303142,0,6837.76829829812,425.064283527434,18.7462208420038,323.139320656657,288.164158254862,711.248126015067,188.81402784586,4.86345940828323,0.31159046292305,0
0,0.694756716489792,0,0,0,0,0,0,0,0,0,0,0,0,0,0,0,0,1.78448610007763,0,0,1.06736308336258,0,0,1.20421540737152,0,0,0,0,0,0,22.4065712988377,102.907830119133,1218.33654668927,1766.02386484295,0,36.9057680517435,3.9322260171175,442.57134577632,1.51506068557501,0,18.4295831471682,0,0,0,0.152366369962692,0,1951.89478005469,4.44186425209045,74.1269889622927,0,0,0,0,0,0,0,0.704713702201843,0,0,0,0,10.2906404733658,0,0,0,0,0,0,0,0.34386619925499,0,9.57685026526451,0,97.3101755231619,883.081372268498,6837.76829829812,0,8.02612301707268,622.876099690795,319.909016668797,109.834683090448,1227.20974355936,76.8092783093452,38.997370660305,4.02258084714413,0
