0,0,0.00879699126723414,0,0.000130264000504594,0,0,0,0.0276201753948612,0,0,0,0,0,0,0,0,0,0,0,0,0,0,0,0,0,0,0,0,0,0,0,0,0,0,0,0,2.85199042250934e-05,0,0,0,1.59472896276617e-05,0.000549418499898231,0,0,0,0,0,0.00650884482216401,0,0,0,0,0,0.111922585359748,0,0,0,0,0,0.00578915885636432,0,0,0,0,0,0,0,0,0,0,0,0,0,0,0,0,0,0,0,6.31597664620022e-06,0,0.000465658058673481,0,0.00199889509842957,0,0
0,0,0,0.0790227735089293,0,0,0,0,0,0.0433639680510911,0,0,0,0,0,0,0,5.45396434872662e-06,4.52813627570141e-05,0,0,0,0,4.59699279206577e-05,0,0,0,0,0,0,0,0,0,0,0,0,0,8.44004596189799e-05,1.48505732707354e-05,0,0,9.60220851809247e-05,0,0,0,0,0,0.000529919702778352,0,0.0146488694022896,0,0,0,0,0,0.0888292584112356,0,0.000189763576096726,0,0,0,0.00012919288925908,0,0,0,0,4.78948732919658e-05,0,0,0,0,0,0,0,0,0,0,0,0,0,8.83702147761671e-06,4.11566896882593e-06,0.000416446049605546,0,0.00435241205710517,0,0
0.00879699126723414,0,0,0,0.0209799041345906,0,0,0,0.000141803742735647,0,0,0,0,0,0,0,0,0,0,0,0,0,0,0,0,0,0,0,0,0,0,0,0,0,0,0,4.75948392914328e-05,0,0,2.57448407538579e-05,0,0,0.000489672109717034,0,0,0,0.00607513863063628,0,0.00548900838646273,0,0,0,0,0,0.000833088219595282,0,0.000249164409576738,0,0,0,0,0,0,0,0,0,7.17992641976542e-05,0,0,0,0,0,0,0.00154584293444228,0,0,0,0,0,3.87838070733388e-05,0,6.17649938546851e-05,3.25964805776449e-05,0.000182094594041908,0.0137149250878633,0,0.000269266648665537
0,0.0790227735089293,0,0,0,0.0155338173008341,0,0,0,0.0255629369672243,0,0,0,0,0,0,0,0,0,0,0,0,0,0,0,0,0,0,0,0,0,0,0,0,0,7.87819189571214e-05,0,0,0,0.000485275389393338,0,0.000771017952450113,0,0,0,0.0162902794925831,0,0,0,0.0186337295095056,0,0.0101138615878053,0,0,0,0.0101496660268396,0,0.000125867751687419,0,0,0,0.000914285036493511,0.000208215445977863,0,0,0,0,0,0.00017061886441963,0,7.53154781606383e-05,0,0.000181261597539638,0,0,0,0,0,3.69780407594452e-05,0,4.8875031911384e-05,0,0.000217630132341277,0,0.0134289256070285,0.000498796317467826,0
0.000130264000504594,0,0.0209799041345906,0,0,0,0,0,0.00781864552210718,0,0,0,0,0,0,0,5.95614023418636e-05,2.60024942136215e-06,0.000166367541832472,0,0.000802669302420353,0,0,0,0,0,0,0,0,0,0,0,0,0,0,1.62641372353833e-06,0.00097150399477613,0,0,9.80860490027574e-06,0.00305656608192067,2.0224620460178e-05,0.00300181701679525,0,0,0,0.0191100166303522,0.000419837994693052,0.00475503921102792,0.000208720527781614,0.116567520982046,0,0.000317682308830987,0,0.0002365857690999,0,0.00115460100657058,0,0,0,0,0,0,0.0131512481838653,0,0,0,0,0,0,0,0,0,0.00499496597938456,0,0,9.6580246355631e-05,0,1.11923999429247e-05,0.000531828274235756,1.87843459577596e-05,0.000568486747591658,0.00130357800485911,9.73758833671561e-06,0.00753177339747528,0,0.000180636343898021
0,0,0,0.0155338173008341,0,0,0,0.0143232136875371,0,0.00028176953739063,0,0,0,0,0,0.000173003744930161,2.92956340835326e-05,1.15033701108304e-05,0.000196796274370264,0.00156102330369774,0,0,0,0,0,0,0,0,0,0,0,0,0,0,0,0.000912507674934471,0,2.17652369294417e-06,0,0.0151513791350636,0,0.00392297742901497,0.000202499539620629,0.000268051718724465,0,0.0629410143783266,0,0.00161486170723916,0.000178941822206082,0.00730088017185306,0,0.146453640919724,0,0.0239087555366747,0,0.0108760761718473,0,0.000488403564770795,0,0.00717080696557928,0,0.00798317036406817,0.00662611503726537,0,0,0,0,0,2.57316397835896e-05,0,0.00093606200776115,0,0.00231500042881738,0,0,0,0,0,0.000416295986342048,2.25873361407505e-05,0.000744994074238859,0,0.00465395452650752,0.000791977587914262,0.0102175665813976,0.000572294449237259,0
0,0,0,0,0,0,0,0,0,0,0.000499569131737845,0,0,0,0,0,0,0,0,0,0,0,0,0,0,0,0,0,0,0,0,0,0,0,0,0,0,0,0,0,0,0,0,0,0,0,0,0,0,0,0.00303877705258293,0,0.037562070803567,0,0,0,0.00120813216253373,0,0.00329282190885049,0,0,0,0,0,0,0,0,0,0,0,0,0,0,0,0,0,0,0,0,0,0,0,0,0,0,0,0
0,0,0,0,0,0.0143232136875371,0,0,0,0,0,0.00254836785869446,0,0.000207075070647988,0,0,0,0,0,0.0002361348499334,0,0,0,0,0,0,0,0,0,0,0,0,0,0,0,7.49614421917193e-06,0,0,0,0,0,0,0,0,0,0.000818907978417115,0,0,0,0,0,0.0309154369066752,0,0.12490175393372,0,0,0,0,0,0.000247230849234515,0,0,0.000969115599291364,0,0,0,0,0,0,0,0,0,0,0,0,0,0,0,0,0,0,0,0.000344567229545569,0,0,0,0
0.0276201753948612,0,0.000141803742735647,0,0.00781864552210718,0,0,0,0,0,0,0,0,0,0.0134359386455988,0,0.0118617709896176,0.000688954617399256,0.000533200437037766,0,0,0,0,0,0.00606985642530054,0,3.28211785359186e-05,0,0,0,0,0,0,0,0,0,0,0,0.000894173755440911,0,0,0,1.79914693622888e-05,8.56985406211177e-05,0,0,0,0,0,0,0,0,0,0,0.0436597697296901,0,0,0,0,0,0.0139064308020459,0,0,0,0,0,0,0.000356715847920684,0,0.000101084335802319,0,0,0,0,0,0,0,0,7.29533259155628e-06,1.31181445070527e-06,0,0.000420908669824214,0.00213351040428917,0.000114752134830251,0.00112963082106684,0,5.24050463103459e-05
0,0.0433639680510911,0,0.0255629369672243,0,0.00028176953739063,0,0,0,0,0,0,0,0,0.000319005975126277,0.000637663192584067,0.00441104913852571,0.0184722926118179,0.00143314545590755,0,0,0,0,0.0102130676060337,0,0,0,0,0,0,0,0,0,0,0,9.44856213423977e-06,0,0.00235442921985517,3.83233642043453e-06,0.000167939777072253,0,0.000565764602715109,0,0,0,1.0491900946392e-05,0,0,0,0.000929026879681465,0,0,0,0,0,0.0929091686410326,0,0,0,0,0,7.47965086596043e-05,0,0,0,0,0.00353102841277279,0,0,0,0,0,5.41102744427958e-05,0,0,0,0,0,2.99007432542808e-05,1.33669162213522e-06,0.00123630957222033,2.45977912072568e-05,0.00240963630690573,0.00013098983372963,0.00095272528493109,0.000367076555638238,0
0,0,0,0,0,0,0.000499569131737845,0,0,0,0,0,0.0038158303887015,0,0,0,0,1.52527284786567e-06,0,0,0.00819180832894454,0,0,0,0,0,0,0,4.17376315898386e-05,0,0.00511130752782554,0,0,0,0,0,0.000583034978912401,0,0.00318991552536504,0,1.05271445193566e-05,0,4.50211310148521e-05,0,0,0,0.000472908745603208,0,0,0,0,0,0.000227308367000984,0,0,0,0.0671119553146649,0,0.00391761473821877,0,0,0,0,0.000688087644578651,0,0,0,0,0,0,0,0,0,1.46672310570514e-05,0,0,0,0,0,0.000257635954673244,0,0.00198828267925966,0.000516757738895345,0,0.000135019736303394,0,0
0,0,0,0,0,0,0,0.00254836785869446,0,0,0,0,0,0.00174532266257887,0,0,0,0,2.1707956560979e-05,0.00356371199188326,0,0,0,0,0,0,0,0,0,0.00133858021004297,0,0,0,0,0,1.14637654759206e-05,0,0.0053358507378365,0,0.000159713965963372,0,0,0,0,0,0.00307701309925857,0,0,0,0,0,0,0,0,0,0,0,0.0788226709053449,0,0.00030804774723947,0,0,0.00434663730511989,0,0,0,0,0,0,0,0,0,0.00482217679045035,0,0,0,0,0,0,0,0.000136908419155074,0,0.000894720757573104,0,0,0,0
0,0,0,0,0,0,0,0,0,0,0.0038158303887015,0,0,0,0.00173616479086192,0,0.000425634259288424,0,2.13296325613601e-05,0,0,0,0,0,0,0,0,0,0.000284629331141387,0,0.000455717030540093,0,0,0,0,0,0,0,0,0,0,0,0,0,0,0,0,0,0,0,0,0,0,0,0,0,0.0018737027638462,0,0,0,0.00594954398869221,0,0,0,0,0,0,0,0,0,0,0,0,0,0,0,0,0,0,0,0,0,1.65451407015178e-06,2.71566019066465e-06,0,0,0
0,0,0,0,0,0,0,0.000207075070647988,0,0,0,0.00174532266257887,0,0,0,0,0,0,0,0,0,0,0,0,0,0,0,0,0,0,0,0,0,0,0,0,0,0,0,0,0,0,0,0,0,0,0,0,0,0,0,0,0,0,0,0,0,0.00540853276278427,0,0.00517216274240706,0,0,0,0,0,0,0,0,0,0,0,0,0,0,0,0,0,0,0,0,0,0,3.1286615467252e-06,0,0,0,0
0,0,0,0,0,0,0,0,0.0134359386455988,0.000319005975126277,0,0,0.00173616479086192,0,0,0,0.0123811759433546,0.00116238171662202,0.000779388448644152,0,0,0,0,0,0,0,0.000404860890748363,0,0,0,0,0,0,0,0,0,0,0,0,0,2.10514882847798e-05,0,0,0,0,0,8.5040555856576e-05,0,0,0,0,0,0,0,0.0136763511684811,0,0,0,0,0,0.0114905462406227,0,0,0,0,0,0,0,0,0.000419504568770343,0,0,0,0,0,0,0,0,1.19761246120722e-05,7.62964264377749e-06,2.59552463845901e-05,0,0.000547952574589408,0.00046440591865604,0,0,0
0,0,0,0,0,0.000173003744930161,0,0,0,0.000637663192584067,0,0,0,0,0,0,0.000115386818257301,0.000341443171672995,0.000130281688371602,0,0,0,0,0.00104834345749187,0,0,0,0,0,0,0,0,0,0,0,0,0,0,0,0,0,0,0,0,0,0,0,0,0,0,0,0,0,0,0,0.00815921528003043,0,0,0,0,0,0.00219038059003651,0,0,0,0,0.00188006968709973,0,0,0,0,0,0,0,0,0,0,0,2.21641304296539e-05,4.49730152218901e-06,3.2107514027855e-06,0,2.32835902801198e-05,0,3.75383928541083e-05,0,0
0,0,0,0,5.95614023418636e-05,2.92956340835326e-05,0,0,0.0118617709896176,0.00441104913852571,0,0,0.000425634259288424,0,0.0123811759433546,0.000115386818257301,0,0.129359887883636,0.0585976502635234,0,0,0,8.11787061197281e-05,2.97434981794034e-05,0,0,0.00104365506329392,0,2.04589547447155e-05,0,0,0,0,0,0,6.21148391677213e-05,9.23797016324125e-05,1.61314573126221e-05,7.70795710785166e-07,0.000947523765376664,0.000311810130617173,0.00107564702174222,0.00133912447158134,0.000499054951714458,8.4266827975429e-05,0.000211741826759958,0.000608837840070678,0,1.26557312005639e-05,0.000114261891400067,2.26671679634825e-06,2.52919312392129e-06,0,0,0.00141166625880025,0,1.57802757190288e-05,0,0,0,0.000448895982018007,2.63465099658521e-05,2.95745569153159e-05,0.000134090741899743,0,0.000819624540305903,0,1.64055454661138e-05,0,0.000785895077065488,8.47047343991482e-05,0,4.3958030097583e-05,0.000190112304866554,0,0,0,0,0.00129941191161992,0.000915043975471983,0.000738279439120299,0.000905112906505945,0.041052256734259,0.0301166941587588,0.00122792157049154,8.61787545297196e-06,4.24597387321048e-05
0,5.45396434872662e-06,0,0,2.60024942136215e-06,1.15033701108304e-05,0,0,0.000688954617399256,0.0184722926118179,1.52527284786567e-06,0,0,0,0.00116238171662202,0.000341443171672995,0.129359887883636,0,0.0666888713262762,0,0,0.00241029711441075,0,0.00102585931458521,0,0.00104929319397875,0.000212716223873088,0,0,0,0,0,0,0,0,7.30758560708616e-05,5.86946632012424e-05,2.11159450961142e-05,2.4705179469742e-06,0.000895667376838182,0.000285544326920646,0.00164463001254736,0.000789742118184343,0.000822650883524316,7.29480350179064e-05,0.000355105866476174,0.000442541259199298,0,5.60778698742333e-05,0.000274298609781889,0,3.43305523422969e-06,0,0,0.000222376928136116,0.000107453491557572,1.05972681740989e-05,2.46544459507091e-06,0,0,0,0.000290769044336499,3.27016823446985e-05,4.94714235510867e-05,0.000251644818470646,0,1.70343246281845e-05,0,1.65805849974276e-05,0.000157293303373167,7.54321159617324e-05,0,0.000136291220084692,8.90448359074246e-05,0,0,0,0,0.00104524014708981,0.000680964279129454,0.00148892837634359,0.000365986525645034,0.0473177360287474,0.0267459941445167,0.0016254361904217,1.94951223666514e-05,2.55320826387294e-05
0,4.52813627570141e-05,0,0,0.000166367541832472,0.000196796274370264,0,0,0.000533200437037766,0.00143314545590755,0,2.1707956560979e-05,2.13296325613601e-05,0,0.000779388448644152,0.000130281688371602,0.0585976502635234,0.0666888713262762,0,0,0,0,0,0,0,0,3.65385848928219e-05,0,0,0,0,0,0,0,0,0.00053937238694395,0.000866806338080368,0.00015818867129431,6.12844295884195e-05,0.0106950077231499,0.00543257027751449,0.0139849740731945,0.0149152134413107,0.0145530184977751,0.00393505875845211,0.0023625149936877,0.00811587183795013,0,0.000387093012417449,0.00178834463126172,1.19170492408156e-05,1.03093049783557e-05,0,0,0,0,0.000267858023492229,1.09096957048039e-05,0,0,0,0.000225288829916404,0.000107786579744997,0.00188837624277513,0,0,0,0,0,0.000152279743764765,0.000305860325531066,0,0.00119598147002577,0.00356889361377385,0,0,0,0,0.00760583413512205,0.0103075975921042,0.0065842329497396,0.00620432873022519,0.0195111996713113,0.00283656590704401,0.0198309167755253,0.000394421597986997,0.000668771748779539
0,0,0,0,0,0.00156102330369774,0,0.0002361348499334,0,0,0,0.00356371199188326,0,0,0,0,0,0,0,0,0,0,0,0,0,0,0,0,0,0,0,0,0,0,0,0.00635602751791361,0,0.00320766802145482,0,0.000265792935195412,0,0.000121811137186912,0,0,0,0.0106269949845992,0,6.27566518381847e-05,0,0,0,3.33118768272474e-05,0,0,0,0,0,0.0311566179689616,0,0,0,0,0.0969843969510849,0,0,0,0,0,0,0,6.75738606564514e-06,0,3.12390953960634e-05,0,0,0,0,0,0.00661931326107569,0,0.00796009081159201,0,0.00177741884316932,0.000186523199013929,0.0003511472821914,0,0
0,0,0,0,0.000802669302420353,0,0,0,0,0,0.00819180832894454,0,0,0,0,0,0,0,0,0,0,0,0,0,0,0,0,0,0,0,0,0,0,0,0,0,0.0062372526002319,0,0.00375833824915235,0,0.000171628338772038,0,7.26013161549469e-05,0,0,0,0.00452332102432195,0,1.45075803666219e-05,0,0.000175057846439279,0,0,0,0,0,0.0028996591395014,0,0,0,0,0,0,0.133757087314552,0,0,0,0,0,0,0,0,0,0.00146146340023858,0,0,0,0,0,0.0140135861279441,0,0.00780093233950936,0.00125360712367141,0.000145590333054624,0.0031355334532957,0,0
0,0,0,0,0,0,0,0,0,0,0,0,0,0,0,0,0,0.00241029711441075,0,0,0,0,0.000199943702582635,0.000914945234301445,0,0.00633299003300237,0,0.00177298785129905,0,0,0,0,0,0,0,0,0,0.0060794715064581,1.3010528206082e-05,0,0,6.88966543667632e-06,0,0,0,0,0,3.64719798361907e-05,2.44312509928848e-06,0.0073073475832561,0,0,0,0,0,0,0,1.19837600947822e-05,0,0,0,0,0,0,0.0706484410014515,0,0.000212227468453367,0,0.0136862305263595,0,0.00122256267348221,0,0,0,0,0,0,4.05433257241289e-06,0,0,0.00119547589127759,1.86338804487308e-05,0.00134734752075956,0.000594719307645881,1.4599121429605e-05,0,0
0,0,0,0,0,0,0,0,0,0,0,0,0,0,0,0,8.11787061197281e-05,0,0,0,0,0.000199943702582635,0,0,0.00216092420700659,0,0.00103587388068113,0,0.00136109915736669,0,0,0,0,0,0,0,0,1.40191859761941e-05,0.00329992967652371,0,0,0,0,0,0,0,0,0.000344338731332497,0.00366940879511181,5.19963567130862e-06,0,0,0,0,0,0,0,0,0,0,0,0,0,0,0,0.0655960706056652,0,0.000563072492237681,0,0.00105612561359464,0,0.00164819193536893,0,0,0,0,7.41607034971889e-06,0,0,0,6.99367326823651e-05,0.00324551109884594,0.00142943776979263,0.00111504578751539,8.66199942904254e-06,0,0
0,4.59699279206577e-05,0,0,0,0,0,0,0,0.0102130676060337,0,0,0,0,0,0.00104834345749187,2.97434981794034e-05,0.00102585931458521,0,0,0,0.000914945234301445,0,0,0,0.0303422121931159,0,0,0,0,0,0,0,0,0,0,0,0.0070260153723811,4.74241089166781e-05,0,0,7.20476829260078e-05,0,0,0,0,0,0.000265598951516695,1.38804779398032e-05,9.04843995217871e-05,0,0,0,0,0,0.0184701755081073,0,0,0,0,0,0.000542246123392213,0,0,0.00245912639618426,0,0.0604573190707625,0,0.013227048359912,0,0,0,0,0,0,0,0,0,0,0,0.00253452324410421,4.08090855044739e-05,0.000766197511869134,0,0.00048470322879622,0,0
0,0,0,0,0,0,0,0,0.00606985642530054,0,0,0,0,0,0,0,0,0,0,0,0,0,0.00216092420700659,0,0,0,0.0229669947439315,0,0,0,0,0,0,0,0,0,0,1.8955445620264e-05,0.00292375099911644,0,0,0,0,0,0,0,0,4.10157194643684e-05,0,0,0,0,0,0,0.00170225034987206,0,0,0,0,0,0,0,0,0,0,0.00260887602417216,0,0.101254084968145,0,0.00858321750789937,0,0,0,0,0,0,0,0,0,0,7.58657870216149e-06,0.000530109554652847,0.000404345818781461,0,0.000151643589871254,0,0
0,0,0,0,0,0,0,0,0,0,0,0,0,0,0,0,0,0.00104929319397875,0,0,0,0.00633299003300237,0,0.0303422121931159,0,0,0,0.00469868401443831,0,0,0,0,0,0,0,0,0,0.000407704627209374,0,0,0,1.10244727468423e-05,0,0,0,7.58796053519683e-06,0,0,0,0,0,0,0,0,0,0,0,1.75083338675009e-05,0,0,0,0,0,0,0.000678401598275044,0,0.0140886441276138,0,0.0568614954487734,0,0.00263400881303581,0,0,0,0,0,0,0,0,0,2.53537219684674e-05,0,0.000467941970157673,0,5.80008380084699e-06,0,0
0,0,0,0,0,0,0,0,3.28211785359186e-05,0,0,0,0,0,0.000404860890748363,0,0.00104365506329392,0.000212716223873088,3.65385848928219e-05,0,0,0,0.00103587388068113,0,0.0229669947439315,0,0,0,0.00286978881495513,0,0,0,0,0,0,0,0,0,0,0,0,0,0,0,0,0,0,0,0,0,0,0,0,0,0,0,0,0,0,0,0,0,0,0,0,5.75062826582546e-05,0,0.000992319871267144,0,0.0314446693030899,0,0,0,0,0,0,0,0,0,0,0,0,0.00014133999047302,1.69157993908154e-05,0,0,0
0,0,0,0,0,0,0,0,0,0,0,0,0,0,0,0,0,0,0,0,0,0.00177298785129905,0,0,0,0.00469868401443831,0,0,0,0.00611746395458323,0,0,0,0,0,0,0,0,0,0,0,0,0,0,0,0,0,0,0,0,0,0,0,0,0,0,0,0,0,0.00301103117931333,0,0,0,0,0.000137469123897833,0,0,0,0.0026738616222367,0,0.0106384536801244,0,0,0,0,0,0,0,0,0,0,0,8.48704630465054e-05,0,0,0,0
0,0,0,0,0,0,0,0,0,0,4.17376315898386e-05,0,0.000284629331141387,0,0,0,2.04589547447155e-05,0,0,0,0,0,0.00136109915736669,0,0,0,0.00286978881495513,0,0,0,0.0298190991606819,0,0,0,0,0,0,0,0.000268543276777595,0,0,0,0,0,0,0,0,0,0,0,0,0,0,0,0,0,0,0,0,0,0,0,0,0,0,0.000184648397124019,0,0,0,0.00856845807159094,0,0.0585051673419793,0,0,0,0,0,0,0,0,0,0,0,0,0,0,0
0,0,0,0,0,0,0,0,0,0,0,0.00133858021004297,0,0,0,0,0,0,0,0,0,0,0,0,0,0,0,0.00611746395458323,0,0,0,0,0,0,0,0,0,0.00162090163293482,0,0,0,0,0,0,0,0,0,0,0,0,0,0,0,0,0,0,0,0.000855358062758627,0,0,0,0,0,0,0,0,0,0,0,0,0.000374662819992211,0,0.0290438282640076,0,0,0,0,0,0,0,0.000508347926530921,0,0.000165181644655064,0,0,0,0
0,0,0,0,0,0,0,0,0,0,0.00511130752782554,0,0.000455717030540093,0,0,0,0,0,0,0,0,0,0,0,0,0,0,0,0.0298190991606819,0,0,0,0,0,0,0,0,0,0.00622700784070659,0,0,0,0,0,0,0,0,0,0,0,0,0,0,0,0,0,0,0,0.000262771202570939,0,0,0,0,0,0,0,0,0,0,0,0,0.0290190944799278,0,0.0198067000910064,0,0,0,0,0,0,0,0.000487008523104027,1.62653961027788e-05,0,0,0,0
0,0,0,0,0,0,0,0,0,0,0,0,0,0,0,0,0,0,0,0,0,0,0,0,0,0,0,0,0,0,0,0,0.0787298620234163,0.000148296700559158,0,0.00338458122038547,2.0705715454071e-05,2.57665760866773e-06,0,0,0,0,0,0,0,0,0,0.0315871638656447,6.09367507227077e-05,0.000928665240236926,0,0,0,0,0,0,0,0,0,0,0,0,0,0,0,0,0,0,0,0,0,0,0,0,0.272178671243513,0.139397176159258,0.0306754552495311,0.00795240934613352,0.0121369428409881,0.00026041422354792,3.80977169849641e-06,0,0.000454175133280476,0,0,0,0
0,0,0,0,0,0,0,0,0,0,0,0,0,0,0,0,0,0,0,0,0,0,0,0,0,0,0,0,0,0,0,0.0787298620234163,0,0.000256393428918643,0,0.000813903453873929,0.000596124644067944,0,0,0,0,0,0,0,0,0,1.35878553176262e-05,0.0123227429386069,6.36511534221063e-05,0,0,0,0,0,0,0,0,0,0,0,0,0,0,0,0,0,0,0,0,0,0,0,0,0,0.0173163407053568,0.0898778198453031,0.000301056188807608,0.00583112008863195,8.79055714957393e-05,0.000323545957255947,0,0,0.00152417173775017,0,0,0,0
0,0,0,0,0,0,0,0,0,0,0,0,0,0,0,0,0,0,0,0,0,0,0,0,0,0,0,0,0,0,0,0.000148296700559158,0.000256393428918643,0,0.0540148421346724,0.0103366914800319,1.03050763247118e-05,0.00165271165544153,0.000748201438053182,6.23128110953299e-05,0,0,0,0,0,0,9.53600422808119e-06,0.0645393801052274,4.47009064941464e-05,0.000156931905349373,0,0,0,0,0,0,0,0,0,0,0,0,0,0,0,0,0,0,0,0,0,0,0,0,0.00015690120711547,0.00065179953601386,0.387411852298192,0.0693186228941071,0.00411019439231,1.18620233305553e-05,0.00298214201673603,0.000178950512049552,0.00149061821408353,0.000441413353772387,5.40753809176306e-05,0,0
0,0,0,0,0,0,0,0,0,0,0,0,0,0,0,0,0,0,0,0,0,0,0,0,0,0,0,0,0,0,0,0,0,0.0540148421346724,0,8.00912364272736e-06,0.00433603063282865,8.79408706196404e-06,0.000915702731880516,0,3.07884978444023e-05,0,0,0,0,0,4.92791076332896e-05,0.0584636819791203,5.44515561584219e-05,0.00022598892760574,0,0,0,0,0,0,0,0,0,0,0,0,0,0,0,0,0,0,0,0,0,0,0,0,0,0.00062884549914248,0.0181259476551785,0.231316809147392,0.000128418279122868,0.000984058585816911,0.000509148193544598,0.00092432440254675,0.0025533469749052,3.44578885172768e-06,3.55024980065355e-05,0,0
0,0,0,7.87819189571214e-05,1.62641372353833e-06,0.000912507674934471,0,7.49614421917193e-06,0,9.44856213423977e-06,0,1.14637654759206e-05,0,0,0,0,6.21148391677213e-05,7.30758560708616e-05,0.00053937238694395,0.00635602751791361,0,0,0,0,0,0,0,0,0,0,0,0.00338458122038547,0.000813903453873929,0.0103366914800319,8.00912364272736e-06,0,0.00366912664950377,0.0090097286959699,0,0.00103257060739077,3.55986418744762e-05,0.00106912589820577,0.000177018438419651,0.000131522526531976,1.35950909194609e-05,0.00385810484062295,4.63242496223831e-05,0.00134599891833806,0.000179818617002219,0.000661094414320789,2.35719462412517e-06,7.44245037838743e-05,0,0,0,0,1.07986683608514e-06,3.97295054805496e-05,0,0,0,0,0.00380359250094821,1.39699863633251e-05,0,0,0,0,0,0,2.75446435452436e-05,0,7.16063028825298e-05,2.03053902573369e-05,0.00076935419128169,6.80640488718593e-05,0.00268555506598433,1.43588416723214e-05,0.0767311005527641,0.00132834370126744,0.0115428937526651,3.47192471326726e-05,0.00700982930404223,0.000115674531282048,0.00118273518446265,1.87165418201e-05,0
0,0,4.75948392914328e-05,0,0.00097150399477613,0,0,0,0,0,0.000583034978912401,0,0,0,0,0,9.23797016324125e-05,5.86946632012424e-05,0.000866806338080368,0,0.0062372526002319,0,0,0,0,0,0,0,0,0,0,2.0705715454071e-05,0.000596124644067944,1.03050763247118e-05,0.00433603063282865,0.00366912664950377,0,3.98664035007257e-06,0.0156620373981145,2.80901351604331e-05,0.00136264415866911,5.12680437479849e-05,0.000721924341515913,1.10321321805559e-05,0.000376946346301249,2.57579987943359e-05,0.00290509602779053,0.00176090331671526,0.000917641021740231,0.000119194674083857,4.05064964410246e-05,0,0,0,0,0,8.03330280042905e-05,0,0,0,0,0,0,0.0029402161124822,0,0,0,0,0,0,6.83561234085306e-06,1.67943928986383e-06,5.58468239410465e-06,0.000129185707684962,2.25158539571193e-05,3.21990017853307e-05,3.76985570656338e-05,0.00337004978791941,0.0014741808029741,0.065426689592301,3.51393918187618e-05,0.00650247472456722,0.00709211727121994,4.57462314538606e-05,0.00224966093428924,0,2.82659001163675e-05
2.85199042250934e-05,8.44004596189799e-05,0,0,0,2.17652369294417e-06,0,0,0,0.00235442921985517,0,0.0053358507378365,0,0,0,0,1.61314573126221e-05,2.11159450961142e-05,0.00015818867129431,0.00320766802145482,0,0.0060794715064581,1.40191859761941e-05,0.0070260153723811,1.8955445620264e-05,0.000407704627209374,0,0,0,0.00162090163293482,0,2.57665760866773e-06,0,0.00165271165544153,8.79408706196404e-06,0.0090097286959699,3.98664035007257e-06,0,0.00119564082276822,5.32592488970537e-05,1.7718911485394e-06,0.000106892783328494,1.00384708264572e-05,8.26865726110481e-05,4.68242506685953e-06,0.000272085298694883,1.0710356723399e-06,0.00746109258589794,8.8220629019901e-05,0.00177960880379507,0,0,0,0,0,0.0012413283197706,0,0.00821456963070823,0,0,0,0,0.000778870777451876,0,0.00272786525699155,1.15534464871591e-05,0.00459046501318322,0.000105255488125378,0.000739751697432932,0,0.000266517754174372,0,0.00409246348411798,0,0,0,0.00079639969485491,6.28214865137384e-05,0.00301220377498398,8.60645877140856e-06,0.08278942462144,0.000936594099117094,0.00923525256682553,0.00171498472645885,0.000579744147886335,0,0
0,1.48505732707354e-05,0,0,0,0,0,0,0.000894173755440911,3.83233642043453e-06,0.00318991552536504,0,0,0,0,0,7.70795710785166e-07,2.4705179469742e-06,6.12844295884195e-05,0,0.00375833824915235,1.3010528206082e-05,0.00329992967652371,4.74241089166781e-05,0.00292375099911644,0,0,0,0.000268543276777595,0,0.00622700784070659,0,0,0.000748201438053182,0.000915702731880516,0,0.0156620373981145,0.00119564082276822,0,9.71246232089082e-06,3.14542235283582e-05,6.87660224331722e-05,9.87745609762687e-05,0,3.05542912359573e-05,0,7.33635953054121e-05,0.0109564792584154,0.000593706319932557,0,0,0,0,0,0.000489093101516937,0,0.00168915245926956,0,0,0,0,0,0,0.000626251885415843,0,0.00325900107462972,0,0.00976116802620964,0,0,0,0.000319559034051724,0,0.000841530259956889,0,0,0.00100394223137963,0.00103099901982309,1.44163584364829e-05,0.00260872620024843,0.000884384723946513,0.0781328924250256,0.00502187962801114,0.00176863898504636,0.000445628300201573,8.96781378388655e-06,0
0,0,2.57448407538579e-05,0.000485275389393338,9.80860490027574e-06,0.0151513791350636,0,0,0,0.000167939777072253,0,0.000159713965963372,0,0,0,0,0.000947523765376664,0.000895667376838182,0.0106950077231499,0.000265792935195412,0,0,0,0,0,0,0,0,0,0,0,0,0,6.23128110953299e-05,0,0.00103257060739077,2.80901351604331e-05,5.32592488970537e-05,9.71246232089082e-06,0,0.000999172875455175,0.0662031866682373,0.00210049723707118,0.00814487941019299,0.000775373683826154,0.0478292642117398,0.000645410142196798,0.00476338301610179,0.000289401307722549,0.0507091156460946,0,0.000998740614804073,0,0,0,0,9.38238199209133e-06,0.000361013756627379,0,0,0,0,0.00250456980925479,0.000146555966243923,5.3785739026836e-06,0,0,0,1.40778435517864e-05,0,0.000545391874841375,0,0.00211255045614926,0.000373827778285474,0,0,5.81156837792789e-05,0,0.00678602385193487,0.000339635069557968,0.00328089120228778,0.000289511149619557,0.00216706980365924,0.000100166226343114,0.0245485936020478,0.00261942282842001,0
0,0,0,0,0.00305656608192067,0,0,0,0,0,1.05271445193566e-05,0,0,0,2.10514882847798e-05,0,0.000311810130617173,0.000285544326920646,0.00543257027751449,0,0.000171628338772038,0,0,0,0,0,0,0,0,0,0,0,0,0,3.07884978444023e-05,3.55986418744762e-05,0.00136264415866911,1.7718911485394e-06,3.14542235283582e-05,0.000999172875455175,0,0.00079639096894843,0.0282881973805809,0.00013188263379292,0.0029431531374109,6.08975552833234e-05,0.0301568042501391,0.00409392127062493,0.0553259394730565,0.000743152036464967,0.000300629373235968,0,0,0,0,0,0.00101640485531686,0,0,0,0,0,9.5374460406815e-06,0.00494732554934632,0,0,0,0,0,0,1.51819551647667e-05,0,0,0.00258042613997518,0,0,6.70081300741671e-05,0,0.000217403440758705,0.00409930253701007,0.000183213403423776,0.00189977663134535,0.00103206395268209,0.000122548590972748,0.0166568880529196,0,0.000285387030057186
1.59472896276617e-05,9.60220851809247e-05,0,0.000771017952450113,2.0224620460178e-05,0.00392297742901497,0,0,0,0.000565764602715109,0,0,0,0,0,0,0.00107564702174222,0.00164463001254736,0.0139849740731945,0.000121811137186912,0,6.88966543667632e-06,0,7.20476829260078e-05,0,1.10244727468423e-05,0,0,0,0,0,0,0,0,0,0.00106912589820577,5.12680437479849e-05,0.000106892783328494,6.87660224331722e-05,0.0662031866682373,0.00079639096894843,0,0.00851638835258524,0.005838775762829,0.00065402771509111,0.0119480534401983,0.000720288897859359,0.000252155037081572,0.000790765243806092,0.0210969979871524,0,0.000525750749074648,0,0,0,0,5.4318220798019e-05,0.005920155558621,0,0,0,0,0.00676388342066548,0.000178788067905903,2.12185937118787e-05,0,0,0,0.000125282570062314,0,0.00555450718914955,0,0.0074434846209689,0.000174304675746433,0,0,0,0,0.0180852170082204,0.000618799148838743,0.0107760962121914,0.000508266500103606,0.00407299533582998,8.85826399019753e-05,0.0639301219393331,0.0169076548552725,0.00022965271668675
0.000549418499898231,0,0.000489672109717034,0,0.00300181701679525,0.000202499539620629,0,0,1.79914693622888e-05,0,4.50211310148521e-05,0,0,0,0,0,0.00133912447158134,0.000789742118184343,0.0149152134413107,0,7.26013161549469e-05,0,0,0,0,0,0,0,0,0,0,0,0,0,0,0.000177018438419651,0.000721924341515913,1.00384708264572e-05,9.87745609762687e-05,0.00210049723707118,0.0282881973805809,0.00851638835258524,0,0.000223496184239014,0.00247228574977078,0.000248015270536438,0.0142340494910745,0.000212559713252126,0.0105324205963191,0.000637904317392818,0.000528012887012041,7.70730184800018e-06,0,0,0,0,0.0149425375576566,7.12347482558146e-06,4.16172971502186e-05,0,0,0,1.71675863981635e-05,0.0118342613573339,0,0,0,0,0,0,4.47422293356644e-05,5.51735034505572e-05,0.000257459899325872,0.0389117957552134,0,0,0,0,0.000417915230014267,0.0176062191472029,0.0008787496457679,0.0121115803001519,0.00354233022139509,0.000154299673257565,0.0502170488218725,0,0.024553819320757
0,0,0,0,0,0.000268051718724465,0,0,8.56985406211177e-05,0,0,0,0,0,0,0,0.000499054951714458,0.000822650883524316,0.0145530184977751,0,0,0,0,0,0,0,0,0,0,0,0,0,0,0,0,0.000131522526531976,1.10321321805559e-05,8.26865726110481e-05,0,0.00814487941019299,0.00013188263379292,0.005838775762829,0.000223496184239014,0,0.000588095180038986,0.00171132119406641,6.81351947092603e-05,0,0,0.00181504830981784,0,0,0,0,0,0,0,0.000231066521430455,0,0,0,0,0.000622037570111286,0.000217319990968302,0,0,0,0,0,0,0.000617340179639094,0,0.0034216926180726,0,0,0,0,0,0.00115782037391438,4.00364162013224e-05,0.00436215054565546,1.56844872198912e-05,0.000464113949289416,9.59339498843266e-05,0.00358709426379329,0.00786617573022962,0.00042181303434935
0,0,0,0,0,0,0,0,0,0,0,0,0,0,0,0,8.4266827975429e-05,7.29480350179064e-05,0.00393505875845211,0,0,0,0,0,0,0,0,0,0,0,0,0,0,0,0,1.35950909194609e-05,0.000376946346301249,4.68242506685953e-06,3.05542912359573e-05,0.000775373683826154,0.0029431531374109,0.00065402771509111,0.00247228574977078,0.000588095180038986,0,0.000333697539725453,0.00285995456993893,0,0.000109003884141454,6.42376284181842e-05,0,0,0,0,0,0,0.000630631885147349,0,0,0,0,0,1.29833261050686e-05,0.00154643588012952,0,0,0,0,0,0,0,0,0,0.0181161068081879,0,0,0,0,0.000173773964626826,0.00229600247993862,0.000144130976326248,0.00611061299209735,0.00014239503893546,2.01526627887342e-05,0.00333561758771852,0,0
0,0,0,0.0162902794925831,0,0.0629410143783266,0,0.000818907978417115,0,1.0491900946392e-05,0,0.00307701309925857,0,0,0,0,0.000211741826759958,0.000355105866476174,0.0023625149936877,0.0106269949845992,0,0,0,0,0,7.58796053519683e-06,0,0,0,0,0,0,0,0,0,0.00385810484062295,2.57579987943359e-05,0.000272085298694883,0,0.0478292642117398,6.08975552833234e-05,0.0119480534401983,0.000248015270536438,0.00171132119406641,0.000333697539725453,0,3.01070369565322e-05,0.000410132427551663,7.31768350973475e-05,0.00551015503688995,0,0.00252002812538934,0,0,0,0,0,0.0043140174087394,0,0,0,0,0.0350757120249243,8.22353790472762e-06,0,0,0,0,0.000159897197543876,0,0.00344678225935331,0,0.00555116355809044,0.000176154754142308,0,0,0,0,0.0102360487764267,9.46640197108189e-05,0.00858336126793325,1.89813427034672e-05,0.00165254528573315,5.22194594374865e-05,0.0233403696212556,0.00759996874451872,0
0,0,0.00607513863063628,0,0.0191100166303522,0,0,0,0,0,0.000472908745603208,0,0,0,8.5040555856576e-05,0,0.000608837840070678,0.000442541259199298,0.00811587183795013,0,0.00452332102432195,0,0,0,0,0,0,0,0,0,0,0,1.35878553176262e-05,9.53600422808119e-06,4.92791076332896e-05,4.63242496223831e-05,0.00290509602779053,1.0710356723399e-06,7.33635953054121e-05,0.000645410142196798,0.0301568042501391,0.000720288897859359,0.0142340494910745,6.81351947092603e-05,0.00285995456993893,3.01070369565322e-05,0,0.00267060579856627,0.0117596940860665,0.000383280742058506,0.00338370286856712,0,0,0,0,0,0.0122343393252628,0,0,0,0,0,0,0.0942741758859111,0,0,0,0,0,0,0,1.03417739639798e-05,3.58233723680183e-05,0.0172710932917289,0,0,2.39934600741135e-05,0,0.000303261620506022,0.0166905393533077,0.000280308464899724,0.00754354720934632,0.00173866734553498,0.000143963617602649,0.0310719895173064,5.76425010185926e-05,0.00190238742437943
0,0.000529919702778352,0,0,0.000419837994693052,0.00161486170723916,0,0,0,0,0,0,0,0,0,0,0,0,0,6.27566518381847e-05,0,3.64719798361907e-05,0.000344338731332497,0.000265598951516695,4.10157194643684e-05,0,0,0,0,0,0,0.0315871638656447,0.0123227429386069,0.0645393801052274,0.0584636819791203,0.00134599891833806,0.00176090331671526,0.00746109258589794,0.0109564792584154,0.00476338301610179,0.00409392127062493,0.000252155037081572,0.000212559713252126,0,0,0.000410132427551663,0.00267060579856627,0,0.0196658612517886,0.035779165644595,0.000150525363643102,0.000209457738442767,0,0,0,0,7.59840470537971e-05,4.28381569168779e-05,0,0,0,0,0.000230654633874329,0.000245026788248578,5.97802280506279e-06,0.000261227371080459,0,0.000262282678141421,0,0,5.65649893351014e-05,0,0.000206566457364036,0,0.0428269987735762,0.0462767115835034,0.22640178470574,0.131363785962451,0.00384749964174704,0.000234530833231234,0.0376291751794026,0.0412416085609561,0.00122581757901643,0,0.0105838145351185,0,0
0.00650884482216401,0,0.00548900838646273,0,0.00475503921102792,0.000178941822206082,0,0,0,0,0,0,0,0,0,0,1.26557312005639e-05,5.60778698742333e-05,0.000387093012417449,0,1.45075803666219e-05,2.44312509928848e-06,0.00366940879511181,1.38804779398032e-05,0,0,0,0,0,0,0,6.09367507227077e-05,6.36511534221063e-05,4.47009064941464e-05,5.44515561584219e-05,0.000179818617002219,0.000917641021740231,8.8220629019901e-05,0.000593706319932557,0.000289401307722549,0.0553259394730565,0.000790765243806092,0.0105324205963191,0,0.000109003884141454,7.31768350973475e-05,0.0117596940860665,0.0196658612517886,0,0.0013927264975082,0.000667662173732745,6.90461409016266e-05,0,0,0,0,0.0046596789036581,0,0,0,0.00184025824507015,0,0,0.00198565192360291,0,0.00604108388071858,0,0.00295958935462807,0,0.000164251159843541,0,0.00390611860308518,8.74989324829299e-06,0.00537229879935247,0,0.00113798483369553,0.000356264045977419,0.000187851522759714,4.30469826297109e-05,0.00223635317009753,0.00029415896044737,0.00230001220156909,0.000934412358689064,4.88339524063139e-05,0.0238342574779026,0,0.000432336757260509
0,0.0146488694022896,0,0.0186337295095056,0.000208720527781614,0.00730088017185306,0,0,0,0.000929026879681465,0,0,0,0,0,0,0.000114261891400067,0.000274298609781889,0.00178834463126172,0,0,0.0073073475832561,5.19963567130862e-06,9.04843995217871e-05,0,0,0,0,0,0,0,0.000928665240236926,0,0.000156931905349373,0.00022598892760574,0.000661094414320789,0.000119194674083857,0.00177960880379507,0,0.0507091156460946,0.000743152036464967,0.0210969979871524,0.000637904317392818,0.00181504830981784,6.42376284181842e-05,0.00551015503688995,0.000383280742058506,0.035779165644595,0.0013927264975082,0,0.000151194033923718,0.00119743663616149,0,0,0,0.000255127732138936,0,0.00308862595237179,0,0,0,0.000810723573481803,0.00270065329036882,0,0.0170297362804346,0,0.00110766950653797,0,0.00707815267715254,0,0.00422672201290695,0,0.00188047856797127,1.30194870824e-05,0.00010240736593195,0,0.00136966195646144,0.000612571205292245,0.00381865820910137,6.65110310376613e-05,0.00534077943875049,0.000172338095644402,0.000816942340822782,4.92602883483896e-06,0.0233823880275533,0.00208238134331934,0
0,0,0,0,0.116567520982046,0,0.00303877705258293,0,0,0,0,0,0,0,0,0,2.26671679634825e-06,0,1.19170492408156e-05,0,0.000175057846439279,0,0,0,0,0,0,0,0,0,0,0,0,0,0,2.35719462412517e-06,4.05064964410246e-05,0,0,0,0.000300629373235968,0,0.000528012887012041,0,0,0,0.00338370286856712,0.000150525363643102,0.000667662173732745,0.000151194033923718,0,0,0.00318268737338023,0,0,0,0.00714542708214548,0,0.00131506366694783,0,0.00621993785165766,0,0,0.00264825699632887,0,0,0,0,0,0,0,0,0,0.000546782365016569,0,0,0,0,3.15397132868907e-06,4.56328859515469e-05,0,9.33743495349188e-05,6.29365138069796e-05,0,0.00446697229882849,0,3.46713839933961e-05
0,0,0,0.0101138615878053,0,0.146453640919724,0,0.0309154369066752,0,0,0,0,0,0,0,0,2.52919312392129e-06,3.43305523422969e-06,1.03093049783557e-05,3.33118768272474e-05,0,0,0,0,0,0,0,0,0,0,0,0,0,0,0,7.44245037838743e-05,0,0,0,0.000998740614804073,0,0.000525750749074648,7.70730184800018e-06,0,0,0.00252002812538934,0,0.000209457738442767,6.90461409016266e-05,0.00119743663616149,0,0,0,0.112086923329999,0,0.00196670898125108,0,0.00968880070841299,0,0.00459372258636793,0,0.00177006944835553,0.000365498650397862,0,0,0,0,0,0,0,0.000187188307517429,0,0.000420590301095465,0,0,0,0,0.000146970388075698,4.74682684686402e-05,1.07779786135198e-06,9.4618133178366e-05,4.37618749722434e-06,0.00067764663392802,2.97417437416722e-06,0.00187817323260659,0,0
0,0,0,0,0.000317682308830987,0,0.037562070803567,0,0,0,0.000227308367000984,0,0,0,0,0,0,0,0,0,0,0,0,0,0,0,0,0,0,0,0,0,0,0,0,0,0,0,0,0,0,0,0,0,0,0,0,0,0,0,0.00318268737338023,0,0,0,0,0,0,0,0.00382606852047879,0,0,0,0,4.22922706307905e-05,0,0,0,0,0,0,0,0,0,0,0,0,0,0,0,0,0,0,0,0,0,0,0
0,0,0,0,0,0.0239087555366747,0,0.12490175393372,0,0,0,0,0,0,0,0,0,0,0,0,0,0,0,0,0,0,0,0,0,0,0,0,0,0,0,0,0,0,0,0,0,0,0,0,0,0,0,0,0,0,0,0.112086923329999,0,0,0,0,0,0,0,0,0,0,0,0,0,0,0,0,0,0,0,0,0,0,0,0,0,0,0,0,0,0,6.38030394332039e-05,0,0,0,0
0.111922585359748,0,0.000833088219595282,0,0.0002365857690999,0,0,0,0.0436597697296901,0,0,0,0,0,0.0136763511684811,0,0.00141166625880025,0.000222376928136116,0,0,0,0,0,0,0.00170225034987206,0,0,0,0,0,0,0,0,0,0,0,0,0,0.000489093101516937,0,0,0,0,0,0,0,0,0,0,0,0,0,0,0,0,0,0,0,0,0,0.0062842275385924,0,0,0,0,0,0,0.0105938583488778,0,0,0,0,0,0,0,0,0,0,0,0,0,0.00257948696473378,3.91924486246025e-05,3.75854293636001e-06,0.000142526168477244,0,0
0,0.0888292584112356,0,0.0101496660268396,0,0.0108760761718473,0,0,0,0.0929091686410326,0,0,0,0,0,0.00815921528003043,0,0.000107453491557572,0,0,0,0,0,0.0184701755081073,0,0,0,0,0,0,0,0,0,0,0,0,0,0.0012413283197706,0,0,0,0,0,0,0,0,0,0,0,0.000255127732138936,0,0.00196670898125108,0,0,0,0,0,0,0,0,0,0,0,0,0,0,0.0489736737695869,0,0,0,0,0,0,0,0,0,0,0,0,0,0.00378194117714043,0,0.000408335242785687,0,0.000368050602972905,0,0
0,0,0.000249164409576738,0,0.00115460100657058,0,0.00120813216253373,0,0,0,0.0671119553146649,0,0.0018737027638462,0,0,0,1.57802757190288e-05,1.05972681740989e-05,0.000267858023492229,0,0.0028996591395014,0,0,0,0,0,0,0,0,0,0,0,0,0,0,1.07986683608514e-06,8.03330280042905e-05,0,0.00168915245926956,9.38238199209133e-06,0.00101640485531686,5.4318220798019e-05,0.0149425375576566,0,0.000630631885147349,0,0.0122343393252628,7.59840470537971e-05,0.0046596789036581,0,0.00714542708214548,0,0,0,0,0,0,0,0.0017318856401885,0,0,0,0,0.0302905402339187,0,0,0,0,0,0,0,0.00011345972740437,0,0.0158287992545421,0,0,0,0,2.92431763088256e-06,0.000672340969127081,1.85619452978901e-06,0.00429475666699456,0.000261122135595918,1.71124773721552e-06,0.0318223263297604,0,0.00784904974817286
0,0.000189763576096726,0,0.000125867751687419,0,0.000488403564770795,0,0,0,0,0,0.0788226709053449,0,0.00540853276278427,0,0,0,2.46544459507091e-06,1.09096957048039e-05,0.0311566179689616,0,1.19837600947822e-05,0,0,0,1.75083338675009e-05,0,0,0,0.000855358062758627,0,0,0,0,0,3.97295054805496e-05,0,0.00821456963070823,0,0.000361013756627379,0,0.005920155558621,7.12347482558146e-06,0.000231066521430455,0,0.0043140174087394,0,4.28381569168779e-05,0,0.00308862595237179,0,0.00968880070841299,0,0,0,0,0,0,0,0.0123064631161359,0,0,0.037650430641025,0,4.04118863012889e-06,0,0,0,0.0033698840533227,0,0.0130280452745586,0,0.00626451908748277,0,0,0,0,0,0.000105758875529175,1.06709948768284e-06,0.000214504126152321,0,0.000700175651014993,0,0.00844279576734434,0.00148744618792212,0
0,0,0,0,0,0,0.00329282190885049,0,0,0,0.00391761473821877,0,0,0,0,0,0,0,0,0,0,0,0,0,0,0,0,0,0,0,0.000262771202570939,0,0,0,0,0,0,0,0,0,0,0,4.16172971502186e-05,0,0,0,0,0,0,0,0.00131506366694783,0,0.00382606852047879,0,0,0,0.0017318856401885,0,0,0,0,0,0,0,0,0,0,0,0,0,0,0.00361299713388513,0,0,0,0,0,0,0,0,0,0,7.83829026722714e-07,0,0.0003264262049481,0,0
0,0,0,0,0,0.00717080696557928,0,0.000247230849234515,0,0,0,0.00030804774723947,0,0.00517216274240706,0,0,0,0,0,0,0,0,0,0,0,0,0,0.00301103117931333,0,0,0,0,0,0,0,0,0,0,0,0,0,0,0,0,0,0,0,0,0,0,0,0.00459372258636793,0,0,0,0,0,0.0123064631161359,0,0,0,0,3.9682358176996e-05,0,0,0,0,0,0.00389028314646152,0,0.00282069705067708,0,0,0,0,0,0,0,1.76585432059705e-06,0,0,0,2.16731532250473e-05,0,0.000275397052276313,0,0
0.00578915885636432,0,0,0,0,0,0,0,0.0139064308020459,0,0,0,0.00594954398869221,0,0.0114905462406227,0,0.000448895982018007,0,0,0,0,0,0,0,0,0,0,0,0,0,0,0,0,0,0,0,0,0,0,0,0,0,0,0,0,0,0,0,0.00184025824507015,0,0.00621993785165766,0,0,0,0.0062842275385924,0,0,0,0,0,0,0,0,0,0,0,0,0.00401583517367513,0,0.0052664318723553,0,0,0,0,0,0,0,0,0,0,0,0,7.03736849139962e-06,3.8939683537955e-05,2.20990565329782e-05,0,0
0,0.00012919288925908,0,0.000914285036493511,0,0.00798317036406817,0,0,0,7.47965086596043e-05,0,0,0,0,0,0.00219038059003651,2.63465099658521e-05,0.000290769044336499,0.000225288829916404,0,0,0,0,0.000542246123392213,0,0,0,0,0,0,0,0,0,0,0,0,0,0,0,0,0,0,0,0,0,0,0,0,0,0.000810723573481803,0,0.00177006944835553,0,0,0,0,0,0,0,0,0,0,0,0,0,0,0.00708497231288312,0,0.00332320141704144,0,0,0,0,0,0,0,0,0,2.02664874085552e-06,0,0,0,1.75306275894438e-05,1.66629679130802e-05,3.24997163261287e-05,0,0
0,0,0,0.000208215445977863,0,0.00662611503726537,0,0.000969115599291364,0,0,0,0.00434663730511989,0,0,0,0,2.95745569153159e-05,3.27016823446985e-05,0.000107786579744997,0.0969843969510849,0,0,0,0,0,0,0,0,0,0,0,0,0,0,0,0.00380359250094821,0,0.000778870777451876,0,0.00250456980925479,9.5374460406815e-06,0.00676388342066548,1.71675863981635e-05,0.000622037570111286,1.29833261050686e-05,0.0350757120249243,0,0.000230654633874329,0,0.00270065329036882,0,0.000365498650397862,0,0,0,0,0,0.037650430641025,0,3.9682358176996e-05,0,0,0,0,5.48774180966251e-06,0,0,0,0.000946139764399142,0,0.0107268119501913,0,0.0134002718583452,0,0,0,0,0,0.0039508844848568,8.01064572522733e-06,0.0136489582978355,2.56435004810928e-06,0.00147265325001198,8.03053695999044e-05,0.012111897236923,0.00245533057140898,0
